659.475715105831,332.654368828053,3.51419515101685
453.149110643636,297.471799857883,3.70690483455172
10.3511217805658,492.688513812852,3.67195650950145
566.809581778998,53.2215963192237,4.18539663753876
70.4982918466658,377.462471381226,4.01923820656457
230.67123664905,413.271787550574,3.84302889312667
431.271646165153,14.6031136231251,3.28053701136391
361.271012333528,295.439364011448,3.13016454573558
606.670986338559,108.678824974999,4.25292059543149
392.237045401571,232.17098798978,4.23177934633932
569.642902795068,406.517735535236,4.70685109632092
139.108664501719,274.772883776992,4.4455282946825
199.557392756708,372.312263979353,3.95581100575947
125.463840800853,413.039737536468,3.50847086414851
621.123536421475,312.317262147114,4.67070493295178
-1.2261280481459,147.213348036549,4.4193070610911
541.352381354668,202.63582650933,4.21750713408686
34.1151916339793,492.065892052353,2.90495669271866
280.61250488296,22.3511833564191,3.7646835890644
533.776735199881,394.620380290106,3.51846065791421
73.0836740327701,68.9569591377565,5.24018410819832
4.35259881374539,83.0169576887832,3.52629207159044
586.322798279737,225.314619787771,4.04836023476302
435.822612046203,455.192855067501,4.79167848325498
656.687716165927,373.682838257856,2.92941533690457
100.263246897593,484.181737911366,4.38175982912924
623.417164149032,88.3367543995617,4.11994791504685
418.924927732128,259.014784560529,3.56984275129196
11.5921869642509,182.061736586417,3.13201908885852
45.7776237720697,115.273405259333,4.52906906840999
606.892919674648,215.822153557991,4.50343352019088
245.865888509596,221.735658951962,4.0778610698551
574.867745693456,435.136985182393,3.70964402228183
295.943942824482,143.137832160336,4.04421446223653
528.517994698651,456.79259907705,3.48470014511275
39.8574031894645,419.91765102191,3.87240484740592
206.031037411816,290.755347021407,4.15476334078237
545.153552535155,260.633295528172,4.00717087387974
174.11360417573,26.0703775598955,4.48108781992849
494.402791973887,337.517153917291,4.50264235168368
30.9849924232254,39.6984499945585,3.58391976177678
535.179860793809,143.546113520857,4.6533848025557
NA,NA,NA
659.475715105831,332.654368828053,3.51419515101685
453.149110643636,297.471799857883,3.70690483455172
10.3511217805658,492.688513812852,3.67195650950145
566.809581778998,53.2215963192237,4.18539663753876
70.4982918466658,377.462471381226,4.01923820656457
230.67123664905,413.271787550574,3.84302889312667
431.271646165153,14.6031136231251,3.28053701136391
361.271012333528,295.439364011448,3.13016454573558
606.670986338559,108.678824974999,4.25292059543149
392.237045401571,232.17098798978,4.23177934633932
569.642902795068,406.517735535236,4.70685109632092
139.108664501719,274.772883776992,4.4455282946825
199.557392756708,372.312263979353,3.95581100575947
125.463840800853,413.039737536468,3.50847086414851
621.123536421475,312.317262147114,4.67070493295178
-1.2261280481459,147.213348036549,4.4193070610911
541.352381354668,202.63582650933,4.21750713408686
34.1151916339793,492.065892052353,2.90495669271866
280.61250488296,22.3511833564191,3.7646835890644
533.776735199881,394.620380290106,3.51846065791421
73.0836740327701,68.9569591377565,5.24018410819832
4.35259881374539,83.0169576887832,3.52629207159044
586.322798279737,225.314619787771,4.04836023476302
435.822612046203,455.192855067501,4.79167848325498
656.687716165927,373.682838257856,2.92941533690457
100.263246897593,484.181737911366,4.38175982912924
623.417164149032,88.3367543995617,4.11994791504685
418.924927732128,259.014784560529,3.56984275129196
11.5921869642509,182.061736586417,3.13201908885852
45.7776237720697,115.273405259333,4.52906906840999
606.892919674648,215.822153557991,4.50343352019088
245.865888509596,221.735658951962,4.0778610698551
574.867745693456,435.136985182393,3.70964402228183
295.943942824482,143.137832160336,4.04421446223653
528.517994698651,456.79259907705,3.48470014511275
39.8574031894645,419.91765102191,3.87240484740592
206.031037411816,290.755347021407,4.15476334078237
545.153552535155,260.633295528172,4.00717087387974
174.11360417573,26.0703775598955,4.48108781992849
494.402791973887,337.517153917291,4.50264235168368
30.9849924232254,39.6984499945585,3.58391976177678
535.179860793809,143.546113520857,4.6533848025557
NA,NA,NA
659.475715105831,332.654368828053,3.51419515101685
453.149110643636,297.471799857883,3.70690483455172
10.3511217805658,492.688513812852,3.67195650950145
566.809581778998,53.2215963192237,4.18539663753876
70.4982918466658,377.462471381226,4.01923820656457
230.67123664905,413.271787550574,3.84302889312667
431.271646165153,14.6031136231251,3.28053701136391
361.271012333528,295.439364011448,3.13016454573558
606.670986338559,108.678824974999,4.25292059543149
392.237045401571,232.17098798978,4.23177934633932
569.642902795068,406.517735535236,4.70685109632092
139.108664501719,274.772883776992,4.4455282946825
199.557392756708,372.312263979353,3.95581100575947
125.463840800853,413.039737536468,3.50847086414851
621.123536421475,312.317262147114,4.67070493295178
-1.2261280481459,147.213348036549,4.4193070610911
541.352381354668,202.63582650933,4.21750713408686
34.1151916339793,492.065892052353,2.90495669271866
280.61250488296,22.3511833564191,3.7646835890644
533.776735199881,394.620380290106,3.51846065791421
73.0836740327701,68.9569591377565,5.24018410819832
4.35259881374539,83.0169576887832,3.52629207159044
586.322798279737,225.314619787771,4.04836023476302
435.822612046203,455.192855067501,4.79167848325498
656.687716165927,373.682838257856,2.92941533690457
100.263246897593,484.181737911366,4.38175982912924
623.417164149032,88.3367543995617,4.11994791504685
418.924927732128,259.014784560529,3.56984275129196
11.5921869642509,182.061736586417,3.13201908885852
45.7776237720697,115.273405259333,4.52906906840999
606.892919674648,215.822153557991,4.50343352019088
245.865888509596,221.735658951962,4.0778610698551
574.867745693456,435.136985182393,3.70964402228183
295.943942824482,143.137832160336,4.04421446223653
528.517994698651,456.79259907705,3.48470014511275
39.8574031894645,419.91765102191,3.87240484740592
206.031037411816,290.755347021407,4.15476334078237
545.153552535155,260.633295528172,4.00717087387974
174.11360417573,26.0703775598955,4.48108781992849
494.402791973887,337.517153917291,4.50264235168368
30.9849924232254,39.6984499945585,3.58391976177678
535.179860793809,143.546113520857,4.6533848025557
NA,NA,NA
659.475715105831,332.654368828053,3.51419515101685
453.149110643636,297.471799857883,3.70690483455172
10.3511217805658,492.688513812852,3.67195650950145
566.809581778998,53.2215963192237,4.18539663753876
70.4982918466658,377.462471381226,4.01923820656457
230.67123664905,413.271787550574,3.84302889312667
431.271646165153,14.6031136231251,3.28053701136391
361.271012333528,295.439364011448,3.13016454573558
606.670986338559,108.678824974999,4.25292059543149
392.237045401571,232.17098798978,4.23177934633932
569.642902795068,406.517735535236,4.70685109632092
139.108664501719,274.772883776992,4.4455282946825
199.557392756708,372.312263979353,3.95581100575947
125.463840800853,413.039737536468,3.50847086414851
621.123536421475,312.317262147114,4.67070493295178
-1.2261280481459,147.213348036549,4.4193070610911
541.352381354668,202.63582650933,4.21750713408686
34.1151916339793,492.065892052353,2.90495669271866
280.61250488296,22.3511833564191,3.7646835890644
533.776735199881,394.620380290106,3.51846065791421
73.0836740327701,68.9569591377565,5.24018410819832
4.35259881374539,83.0169576887832,3.52629207159044
586.322798279737,225.314619787771,4.04836023476302
435.822612046203,455.192855067501,4.79167848325498
656.687716165927,373.682838257856,2.92941533690457
100.263246897593,484.181737911366,4.38175982912924
623.417164149032,88.3367543995617,4.11994791504685
418.924927732128,259.014784560529,3.56984275129196
11.5921869642509,182.061736586417,3.13201908885852
45.7776237720697,115.273405259333,4.52906906840999
606.892919674648,215.822153557991,4.50343352019088
245.865888509596,221.735658951962,4.0778610698551
574.867745693456,435.136985182393,3.70964402228183
295.943942824482,143.137832160336,4.04421446223653
528.517994698651,456.79259907705,3.48470014511275
39.8574031894645,419.91765102191,3.87240484740592
206.031037411816,290.755347021407,4.15476334078237
545.153552535155,260.633295528172,4.00717087387974
174.11360417573,26.0703775598955,4.48108781992849
494.402791973887,337.517153917291,4.50264235168368
30.9849924232254,39.6984499945585,3.58391976177678
535.179860793809,143.546113520857,4.6533848025557
NA,NA,NA
659.432669322869,331.98241506196,3.49568976217406
454.078831410141,300.183121658363,3.77098828998585
8.38164569053803,490.629992978762,3.52766439362193
561.321255116237,53.7504958271902,4.17993939219732
69.4426354786667,375.832605025796,4.0090203943381
231.660229087068,414.16525720692,3.91878845108123
426.648881011969,11.4987177701656,3.41389130506659
361.767892565504,292.311580356396,3.12576146405219
609.148024988973,103.511371487058,4.21288611707822
386.132596645369,230.078756149971,4.31071383908875
574.038726349854,404.123723250213,4.63630265242772
138.778052363893,278.507668838197,4.55282017217779
200.116119581402,370.393307339642,3.93694411745991
124.889123633975,409.831671496369,3.43589159616204
626.970678352938,310.926675095269,4.5957402005984
-5.0633725414946,151.427927339517,4.17762057451856
544.879789817944,203.826506647553,4.05772343339775
33.330845288244,491.100172134605,3.01070391600517
279.888152046538,28.322058169543,4.08929612261951
534.245114698338,393.726578810399,3.13251769344105
74.1820170201342,79.5307968233461,5.33208331365214
6.76905663966175,77.5415721061148,3.45944558331215
591.311912714207,227.99319460945,4.0124007229793
442.794593523786,454.937515531069,4.85928057873842
657.428112991301,372.640504781777,2.98350822897667
104.298939015787,488.672203058306,4.39381295921607
627.247428685303,90.5771460839551,4.10526444135657
418.08353552619,258.712746072166,3.5562934283098
12.8181080782937,182.972619259334,3.1085119198375
68.5063748529167,122.450066706193,4.5774387740653
605.585884199411,205.448061874538,4.49111883862209
253.603750494463,228.803184228483,3.97518004364998
577.049828311373,432.794959489051,3.81936847991788
305.481868600703,136.419902505067,3.85721862377894
530.549006634471,462.304690047594,3.77131550480822
45.1893657589231,415.077625257211,3.81643293154072
192.39921437178,280.730388560438,3.89924217533528
551.862706851224,256.883526408969,3.97528255349105
169.697658447961,47.7466357789601,4.58059337070241
507.814393721388,339.169676245063,4.52458109280685
42.5621353816846,56.192263866704,4.10391265444202
546.05104192232,156.185202109595,4.59318930891616
NA,NA,NA
659.432669322869,331.98241506196,3.49568976217406
454.078831410141,300.183121658363,3.77098828998585
8.38164569053803,490.629992978762,3.52766439362193
561.321255116237,53.7504958271902,4.17993939219732
69.4426354786667,375.832605025796,4.0090203943381
231.660229087068,414.16525720692,3.91878845108123
426.648881011969,11.4987177701656,3.41389130506659
361.767892565504,292.311580356396,3.12576146405219
609.148024988973,103.511371487058,4.21288611707822
386.132596645369,230.078756149971,4.31071383908875
574.038726349854,404.123723250213,4.63630265242772
138.778052363893,278.507668838197,4.55282017217779
200.116119581402,370.393307339642,3.93694411745991
124.889123633975,409.831671496369,3.43589159616204
626.970678352938,310.926675095269,4.5957402005984
-5.0633725414946,151.427927339517,4.17762057451856
544.879789817944,203.826506647553,4.05772343339775
33.330845288244,491.100172134605,3.01070391600517
279.888152046538,28.322058169543,4.08929612261951
534.245114698338,393.726578810399,3.13251769344105
74.1820170201342,79.5307968233461,5.33208331365214
6.76905663966175,77.5415721061148,3.45944558331215
591.311912714207,227.99319460945,4.0124007229793
442.794593523786,454.937515531069,4.85928057873842
657.428112991301,372.640504781777,2.98350822897667
104.298939015787,488.672203058306,4.39381295921607
627.247428685303,90.5771460839551,4.10526444135657
418.08353552619,258.712746072166,3.5562934283098
12.8181080782937,182.972619259334,3.1085119198375
68.5063748529167,122.450066706193,4.5774387740653
605.585884199411,205.448061874538,4.49111883862209
253.603750494463,228.803184228483,3.97518004364998
577.049828311373,432.794959489051,3.81936847991788
305.481868600703,136.419902505067,3.85721862377894
530.549006634471,462.304690047594,3.77131550480822
45.1893657589231,415.077625257211,3.81643293154072
192.39921437178,280.730388560438,3.89924217533528
551.862706851224,256.883526408969,3.97528255349105
169.697658447961,47.7466357789601,4.58059337070241
507.814393721388,339.169676245063,4.52458109280685
42.5621353816846,56.192263866704,4.10391265444202
546.05104192232,156.185202109595,4.59318930891616
NA,NA,NA
659.432669322869,331.98241506196,3.49568976217406
454.078831410141,300.183121658363,3.77098828998585
8.38164569053803,490.629992978762,3.52766439362193
561.321255116237,53.7504958271902,4.17993939219732
69.4426354786667,375.832605025796,4.0090203943381
231.660229087068,414.16525720692,3.91878845108123
426.648881011969,11.4987177701656,3.41389130506659
361.767892565504,292.311580356396,3.12576146405219
609.148024988973,103.511371487058,4.21288611707822
386.132596645369,230.078756149971,4.31071383908875
574.038726349854,404.123723250213,4.63630265242772
138.778052363893,278.507668838197,4.55282017217779
200.116119581402,370.393307339642,3.93694411745991
124.889123633975,409.831671496369,3.43589159616204
626.970678352938,310.926675095269,4.5957402005984
-5.0633725414946,151.427927339517,4.17762057451856
544.879789817944,203.826506647553,4.05772343339775
33.330845288244,491.100172134605,3.01070391600517
279.888152046538,28.322058169543,4.08929612261951
534.245114698338,393.726578810399,3.13251769344105
74.1820170201342,79.5307968233461,5.33208331365214
6.76905663966175,77.5415721061148,3.45944558331215
591.311912714207,227.99319460945,4.0124007229793
442.794593523786,454.937515531069,4.85928057873842
657.428112991301,372.640504781777,2.98350822897667
104.298939015787,488.672203058306,4.39381295921607
627.247428685303,90.5771460839551,4.10526444135657
418.08353552619,258.712746072166,3.5562934283098
12.8181080782937,182.972619259334,3.1085119198375
68.5063748529167,122.450066706193,4.5774387740653
605.585884199411,205.448061874538,4.49111883862209
253.603750494463,228.803184228483,3.97518004364998
577.049828311373,432.794959489051,3.81936847991788
305.481868600703,136.419902505067,3.85721862377894
530.549006634471,462.304690047594,3.77131550480822
45.1893657589231,415.077625257211,3.81643293154072
192.39921437178,280.730388560438,3.89924217533528
551.862706851224,256.883526408969,3.97528255349105
169.697658447961,47.7466357789601,4.58059337070241
507.814393721388,339.169676245063,4.52458109280685
42.5621353816846,56.192263866704,4.10391265444202
546.05104192232,156.185202109595,4.59318930891616
NA,NA,NA
659.432669322869,331.98241506196,3.49568976217406
454.078831410141,300.183121658363,3.77098828998585
8.38164569053803,490.629992978762,3.52766439362193
561.321255116237,53.7504958271902,4.17993939219732
69.4426354786667,375.832605025796,4.0090203943381
231.660229087068,414.16525720692,3.91878845108123
426.648881011969,11.4987177701656,3.41389130506659
361.767892565504,292.311580356396,3.12576146405219
609.148024988973,103.511371487058,4.21288611707822
386.132596645369,230.078756149971,4.31071383908875
574.038726349854,404.123723250213,4.63630265242772
138.778052363893,278.507668838197,4.55282017217779
200.116119581402,370.393307339642,3.93694411745991
124.889123633975,409.831671496369,3.43589159616204
626.970678352938,310.926675095269,4.5957402005984
-5.0633725414946,151.427927339517,4.17762057451856
544.879789817944,203.826506647553,4.05772343339775
33.330845288244,491.100172134605,3.01070391600517
279.888152046538,28.322058169543,4.08929612261951
534.245114698338,393.726578810399,3.13251769344105
74.1820170201342,79.5307968233461,5.33208331365214
6.76905663966175,77.5415721061148,3.45944558331215
591.311912714207,227.99319460945,4.0124007229793
442.794593523786,454.937515531069,4.85928057873842
657.428112991301,372.640504781777,2.98350822897667
104.298939015787,488.672203058306,4.39381295921607
627.247428685303,90.5771460839551,4.10526444135657
418.08353552619,258.712746072166,3.5562934283098
12.8181080782937,182.972619259334,3.1085119198375
68.5063748529167,122.450066706193,4.5774387740653
605.585884199411,205.448061874538,4.49111883862209
253.603750494463,228.803184228483,3.97518004364998
577.049828311373,432.794959489051,3.81936847991788
305.481868600703,136.419902505067,3.85721862377894
530.549006634471,462.304690047594,3.77131550480822
45.1893657589231,415.077625257211,3.81643293154072
192.39921437178,280.730388560438,3.89924217533528
551.862706851224,256.883526408969,3.97528255349105
169.697658447961,47.7466357789601,4.58059337070241
507.814393721388,339.169676245063,4.52458109280685
42.5621353816846,56.192263866704,4.10391265444202
546.05104192232,156.185202109595,4.59318930891616
NA,NA,NA
659.432669322869,331.98241506196,3.49568976217406
454.078831410141,300.183121658363,3.77098828998585
8.38164569053803,490.629992978762,3.52766439362193
561.321255116237,53.7504958271902,4.17993939219732
69.4426354786667,375.832605025796,4.0090203943381
231.660229087068,414.16525720692,3.91878845108123
426.648881011969,11.4987177701656,3.41389130506659
361.767892565504,292.311580356396,3.12576146405219
609.148024988973,103.511371487058,4.21288611707822
386.132596645369,230.078756149971,4.31071383908875
574.038726349854,404.123723250213,4.63630265242772
138.778052363893,278.507668838197,4.55282017217779
200.116119581402,370.393307339642,3.93694411745991
124.889123633975,409.831671496369,3.43589159616204
626.970678352938,310.926675095269,4.5957402005984
-5.0633725414946,151.427927339517,4.17762057451856
544.879789817944,203.826506647553,4.05772343339775
33.330845288244,491.100172134605,3.01070391600517
279.888152046538,28.322058169543,4.08929612261951
534.245114698338,393.726578810399,3.13251769344105
74.1820170201342,79.5307968233461,5.33208331365214
6.76905663966175,77.5415721061148,3.45944558331215
591.311912714207,227.99319460945,4.0124007229793
442.794593523786,454.937515531069,4.85928057873842
657.428112991301,372.640504781777,2.98350822897667
104.298939015787,488.672203058306,4.39381295921607
627.247428685303,90.5771460839551,4.10526444135657
418.08353552619,258.712746072166,3.5562934283098
12.8181080782937,182.972619259334,3.1085119198375
68.5063748529167,122.450066706193,4.5774387740653
605.585884199411,205.448061874538,4.49111883862209
253.603750494463,228.803184228483,3.97518004364998
577.049828311373,432.794959489051,3.81936847991788
305.481868600703,136.419902505067,3.85721862377894
530.549006634471,462.304690047594,3.77131550480822
45.1893657589231,415.077625257211,3.81643293154072
192.39921437178,280.730388560438,3.89924217533528
551.862706851224,256.883526408969,3.97528255349105
169.697658447961,47.7466357789601,4.58059337070241
507.814393721388,339.169676245063,4.52458109280685
42.5621353816846,56.192263866704,4.10391265444202
546.05104192232,156.185202109595,4.59318930891616
NA,NA,NA
659.432669322869,331.98241506196,3.49568976217406
454.078831410141,300.183121658363,3.77098828998585
8.38164569053803,490.629992978762,3.52766439362193
561.321255116237,53.7504958271902,4.17993939219732
69.4426354786667,375.832605025796,4.0090203943381
231.660229087068,414.16525720692,3.91878845108123
426.648881011969,11.4987177701656,3.41389130506659
361.767892565504,292.311580356396,3.12576146405219
609.148024988973,103.511371487058,4.21288611707822
386.132596645369,230.078756149971,4.31071383908875
574.038726349854,404.123723250213,4.63630265242772
138.778052363893,278.507668838197,4.55282017217779
200.116119581402,370.393307339642,3.93694411745991
124.889123633975,409.831671496369,3.43589159616204
626.970678352938,310.926675095269,4.5957402005984
-5.0633725414946,151.427927339517,4.17762057451856
544.879789817944,203.826506647553,4.05772343339775
33.330845288244,491.100172134605,3.01070391600517
279.888152046538,28.322058169543,4.08929612261951
534.245114698338,393.726578810399,3.13251769344105
74.1820170201342,79.5307968233461,5.33208331365214
6.76905663966175,77.5415721061148,3.45944558331215
591.311912714207,227.99319460945,4.0124007229793
442.794593523786,454.937515531069,4.85928057873842
657.428112991301,372.640504781777,2.98350822897667
104.298939015787,488.672203058306,4.39381295921607
627.247428685303,90.5771460839551,4.10526444135657
418.08353552619,258.712746072166,3.5562934283098
12.8181080782937,182.972619259334,3.1085119198375
68.5063748529167,122.450066706193,4.5774387740653
605.585884199411,205.448061874538,4.49111883862209
253.603750494463,228.803184228483,3.97518004364998
577.049828311373,432.794959489051,3.81936847991788
305.481868600703,136.419902505067,3.85721862377894
530.549006634471,462.304690047594,3.77131550480822
45.1893657589231,415.077625257211,3.81643293154072
192.39921437178,280.730388560438,3.89924217533528
551.862706851224,256.883526408969,3.97528255349105
169.697658447961,47.7466357789601,4.58059337070241
507.814393721388,339.169676245063,4.52458109280685
42.5621353816846,56.192263866704,4.10391265444202
546.05104192232,156.185202109595,4.59318930891616
NA,NA,NA
663.606385350101,334.499388983503,3.40955712235965
452.360568956809,297.163783563108,3.66821736132091
11.8345263648705,494.044519260309,3.79759950829022
556.491598029722,54.2440741496662,4.23175909503654
66.0970819131965,378.699040906373,4.17432745832194
227.581973502545,413.312272499321,3.82252648254673
427.166046766136,10.8160657565147,3.46038790699695
362.1674009185,292.038682900771,3.06625905934808
607.805912067216,101.432610164936,4.30064344183365
398.783650593315,230.814937662335,4.13455664106689
571.141834755741,409.123842748433,4.74031971339897
133.744968389002,283.466495337773,4.39373103663514
203.048338674247,368.362024766073,3.9927513366339
124.729371423619,411.981703771645,3.34767628721009
624.096952497122,314.134335824255,4.57669760750364
6.95012252690119,145.539042750918,4.27002518325783
545.661476413755,200.928729221066,4.26374004765946
33.7537649506322,490.909723738119,2.8705667490938
277.56706938449,23.6046818795516,3.7710441485852
533.363488561271,393.174795163098,3.2247332012769
61.5996649532524,79.980411131799,5.21331884444191
3.06393879452542,76.5073505671738,3.52515479443404
591.20098461282,227.44831131865,4.03230521397521
443.794767044964,459.031754491149,4.81682159597971
659.774177921919,374.132743373016,3.22508434329485
107.811408822267,486.042321244308,4.39458228041024
621.836568168197,90.2949763122534,4.06470046747222
422.327766786353,255.756355382622,3.63487667442331
11.3829227583432,180.776975036245,3.22462788388827
78.060553210626,129.727383546887,4.45164221913935
596.895366730042,206.94314327463,4.47994552915282
254.966686391254,220.140822632631,3.53738874963043
571.193277662649,439.224339183684,3.77957019751677
303.171562931925,140.934752250722,3.84373996565331
531.803799459996,455.546194161125,3.54309885123244
46.8151309820632,422.19453846725,3.7582596732951
198.230622315361,295.80238748885,3.67412833485471
550.822605873881,262.184813980547,3.87435474419363
161.206350480438,28.5428212367461,4.32741466147717
488.933578006973,339.307087401581,4.45091150006297
38.9382455414597,57.0365685699871,3.78864925213629
546.614527478258,165.045260339731,4.72694542805817
NA,NA,NA
663.606385350101,334.499388983503,3.40955712235965
452.360568956809,297.163783563108,3.66821736132091
11.8345263648705,494.044519260309,3.79759950829022
556.491598029722,54.2440741496662,4.23175909503654
66.0970819131965,378.699040906373,4.17432745832194
227.581973502545,413.312272499321,3.82252648254673
427.166046766136,10.8160657565147,3.46038790699695
362.1674009185,292.038682900771,3.06625905934808
607.805912067216,101.432610164936,4.30064344183365
398.783650593315,230.814937662335,4.13455664106689
571.141834755741,409.123842748433,4.74031971339897
133.744968389002,283.466495337773,4.39373103663514
203.048338674247,368.362024766073,3.9927513366339
124.729371423619,411.981703771645,3.34767628721009
624.096952497122,314.134335824255,4.57669760750364
6.95012252690119,145.539042750918,4.27002518325783
545.661476413755,200.928729221066,4.26374004765946
33.7537649506322,490.909723738119,2.8705667490938
277.56706938449,23.6046818795516,3.7710441485852
533.363488561271,393.174795163098,3.2247332012769
61.5996649532524,79.980411131799,5.21331884444191
3.06393879452542,76.5073505671738,3.52515479443404
591.20098461282,227.44831131865,4.03230521397521
443.794767044964,459.031754491149,4.81682159597971
659.774177921919,374.132743373016,3.22508434329485
107.811408822267,486.042321244308,4.39458228041024
621.836568168197,90.2949763122534,4.06470046747222
422.327766786353,255.756355382622,3.63487667442331
11.3829227583432,180.776975036245,3.22462788388827
78.060553210626,129.727383546887,4.45164221913935
596.895366730042,206.94314327463,4.47994552915282
254.966686391254,220.140822632631,3.53738874963043
571.193277662649,439.224339183684,3.77957019751677
303.171562931925,140.934752250722,3.84373996565331
531.803799459996,455.546194161125,3.54309885123244
46.8151309820632,422.19453846725,3.7582596732951
198.230622315361,295.80238748885,3.67412833485471
550.822605873881,262.184813980547,3.87435474419363
161.206350480438,28.5428212367461,4.32741466147717
488.933578006973,339.307087401581,4.45091150006297
38.9382455414597,57.0365685699871,3.78864925213629
546.614527478258,165.045260339731,4.72694542805817
NA,NA,NA
663.606385350101,334.499388983503,3.40955712235965
452.360568956809,297.163783563108,3.66821736132091
11.8345263648705,494.044519260309,3.79759950829022
556.491598029722,54.2440741496662,4.23175909503654
66.0970819131965,378.699040906373,4.17432745832194
227.581973502545,413.312272499321,3.82252648254673
427.166046766136,10.8160657565147,3.46038790699695
362.1674009185,292.038682900771,3.06625905934808
607.805912067216,101.432610164936,4.30064344183365
398.783650593315,230.814937662335,4.13455664106689
571.141834755741,409.123842748433,4.74031971339897
133.744968389002,283.466495337773,4.39373103663514
203.048338674247,368.362024766073,3.9927513366339
124.729371423619,411.981703771645,3.34767628721009
624.096952497122,314.134335824255,4.57669760750364
6.95012252690119,145.539042750918,4.27002518325783
545.661476413755,200.928729221066,4.26374004765946
33.7537649506322,490.909723738119,2.8705667490938
277.56706938449,23.6046818795516,3.7710441485852
533.363488561271,393.174795163098,3.2247332012769
61.5996649532524,79.980411131799,5.21331884444191
3.06393879452542,76.5073505671738,3.52515479443404
591.20098461282,227.44831131865,4.03230521397521
443.794767044964,459.031754491149,4.81682159597971
659.774177921919,374.132743373016,3.22508434329485
107.811408822267,486.042321244308,4.39458228041024
621.836568168197,90.2949763122534,4.06470046747222
422.327766786353,255.756355382622,3.63487667442331
11.3829227583432,180.776975036245,3.22462788388827
78.060553210626,129.727383546887,4.45164221913935
596.895366730042,206.94314327463,4.47994552915282
254.966686391254,220.140822632631,3.53738874963043
571.193277662649,439.224339183684,3.77957019751677
303.171562931925,140.934752250722,3.84373996565331
531.803799459996,455.546194161125,3.54309885123244
46.8151309820632,422.19453846725,3.7582596732951
198.230622315361,295.80238748885,3.67412833485471
550.822605873881,262.184813980547,3.87435474419363
161.206350480438,28.5428212367461,4.32741466147717
488.933578006973,339.307087401581,4.45091150006297
38.9382455414597,57.0365685699871,3.78864925213629
546.614527478258,165.045260339731,4.72694542805817
NA,NA,NA
663.606385350101,334.499388983503,3.40955712235965
452.360568956809,297.163783563108,3.66821736132091
11.8345263648705,494.044519260309,3.79759950829022
556.491598029722,54.2440741496662,4.23175909503654
66.0970819131965,378.699040906373,4.17432745832194
227.581973502545,413.312272499321,3.82252648254673
427.166046766136,10.8160657565147,3.46038790699695
362.1674009185,292.038682900771,3.06625905934808
607.805912067216,101.432610164936,4.30064344183365
398.783650593315,230.814937662335,4.13455664106689
571.141834755741,409.123842748433,4.74031971339897
133.744968389002,283.466495337773,4.39373103663514
203.048338674247,368.362024766073,3.9927513366339
124.729371423619,411.981703771645,3.34767628721009
624.096952497122,314.134335824255,4.57669760750364
6.95012252690119,145.539042750918,4.27002518325783
545.661476413755,200.928729221066,4.26374004765946
33.7537649506322,490.909723738119,2.8705667490938
277.56706938449,23.6046818795516,3.7710441485852
533.363488561271,393.174795163098,3.2247332012769
61.5996649532524,79.980411131799,5.21331884444191
3.06393879452542,76.5073505671738,3.52515479443404
591.20098461282,227.44831131865,4.03230521397521
443.794767044964,459.031754491149,4.81682159597971
659.774177921919,374.132743373016,3.22508434329485
107.811408822267,486.042321244308,4.39458228041024
621.836568168197,90.2949763122534,4.06470046747222
422.327766786353,255.756355382622,3.63487667442331
11.3829227583432,180.776975036245,3.22462788388827
78.060553210626,129.727383546887,4.45164221913935
596.895366730042,206.94314327463,4.47994552915282
254.966686391254,220.140822632631,3.53738874963043
571.193277662649,439.224339183684,3.77957019751677
303.171562931925,140.934752250722,3.84373996565331
531.803799459996,455.546194161125,3.54309885123244
46.8151309820632,422.19453846725,3.7582596732951
198.230622315361,295.80238748885,3.67412833485471
550.822605873881,262.184813980547,3.87435474419363
161.206350480438,28.5428212367461,4.32741466147717
488.933578006973,339.307087401581,4.45091150006297
38.9382455414597,57.0365685699871,3.78864925213629
546.614527478258,165.045260339731,4.72694542805817
NA,NA,NA
663.606385350101,334.499388983503,3.40955712235965
452.360568956809,297.163783563108,3.66821736132091
11.8345263648705,494.044519260309,3.79759950829022
556.491598029722,54.2440741496662,4.23175909503654
66.0970819131965,378.699040906373,4.17432745832194
227.581973502545,413.312272499321,3.82252648254673
427.166046766136,10.8160657565147,3.46038790699695
362.1674009185,292.038682900771,3.06625905934808
607.805912067216,101.432610164936,4.30064344183365
398.783650593315,230.814937662335,4.13455664106689
571.141834755741,409.123842748433,4.74031971339897
133.744968389002,283.466495337773,4.39373103663514
203.048338674247,368.362024766073,3.9927513366339
124.729371423619,411.981703771645,3.34767628721009
624.096952497122,314.134335824255,4.57669760750364
6.95012252690119,145.539042750918,4.27002518325783
545.661476413755,200.928729221066,4.26374004765946
33.7537649506322,490.909723738119,2.8705667490938
277.56706938449,23.6046818795516,3.7710441485852
533.363488561271,393.174795163098,3.2247332012769
61.5996649532524,79.980411131799,5.21331884444191
3.06393879452542,76.5073505671738,3.52515479443404
591.20098461282,227.44831131865,4.03230521397521
443.794767044964,459.031754491149,4.81682159597971
659.774177921919,374.132743373016,3.22508434329485
107.811408822267,486.042321244308,4.39458228041024
621.836568168197,90.2949763122534,4.06470046747222
422.327766786353,255.756355382622,3.63487667442331
11.3829227583432,180.776975036245,3.22462788388827
78.060553210626,129.727383546887,4.45164221913935
596.895366730042,206.94314327463,4.47994552915282
254.966686391254,220.140822632631,3.53738874963043
571.193277662649,439.224339183684,3.77957019751677
303.171562931925,140.934752250722,3.84373996565331
531.803799459996,455.546194161125,3.54309885123244
46.8151309820632,422.19453846725,3.7582596732951
198.230622315361,295.80238748885,3.67412833485471
550.822605873881,262.184813980547,3.87435474419363
161.206350480438,28.5428212367461,4.32741466147717
488.933578006973,339.307087401581,4.45091150006297
38.9382455414597,57.0365685699871,3.78864925213629
546.614527478258,165.045260339731,4.72694542805817
NA,NA,NA
663.606385350101,334.499388983503,3.40955712235965
452.360568956809,297.163783563108,3.66821736132091
11.8345263648705,494.044519260309,3.79759950829022
556.491598029722,54.2440741496662,4.23175909503654
66.0970819131965,378.699040906373,4.17432745832194
227.581973502545,413.312272499321,3.82252648254673
427.166046766136,10.8160657565147,3.46038790699695
362.1674009185,292.038682900771,3.06625905934808
607.805912067216,101.432610164936,4.30064344183365
398.783650593315,230.814937662335,4.13455664106689
571.141834755741,409.123842748433,4.74031971339897
133.744968389002,283.466495337773,4.39373103663514
203.048338674247,368.362024766073,3.9927513366339
124.729371423619,411.981703771645,3.34767628721009
624.096952497122,314.134335824255,4.57669760750364
6.95012252690119,145.539042750918,4.27002518325783
545.661476413755,200.928729221066,4.26374004765946
33.7537649506322,490.909723738119,2.8705667490938
277.56706938449,23.6046818795516,3.7710441485852
533.363488561271,393.174795163098,3.2247332012769
61.5996649532524,79.980411131799,5.21331884444191
3.06393879452542,76.5073505671738,3.52515479443404
591.20098461282,227.44831131865,4.03230521397521
443.794767044964,459.031754491149,4.81682159597971
659.774177921919,374.132743373016,3.22508434329485
107.811408822267,486.042321244308,4.39458228041024
621.836568168197,90.2949763122534,4.06470046747222
422.327766786353,255.756355382622,3.63487667442331
11.3829227583432,180.776975036245,3.22462788388827
78.060553210626,129.727383546887,4.45164221913935
596.895366730042,206.94314327463,4.47994552915282
254.966686391254,220.140822632631,3.53738874963043
571.193277662649,439.224339183684,3.77957019751677
303.171562931925,140.934752250722,3.84373996565331
531.803799459996,455.546194161125,3.54309885123244
46.8151309820632,422.19453846725,3.7582596732951
198.230622315361,295.80238748885,3.67412833485471
550.822605873881,262.184813980547,3.87435474419363
161.206350480438,28.5428212367461,4.32741466147717
488.933578006973,339.307087401581,4.45091150006297
38.9382455414597,57.0365685699871,3.78864925213629
546.614527478258,165.045260339731,4.72694542805817
NA,NA,NA
664.647865741262,334.335509626578,3.44621703966271
455.302723679854,301.799362431977,3.45016062041938
12.5592926608876,495.257512233781,3.50528337425316
563.966059306441,54.801847859127,4.23102789599226
71.4294830214689,376.057269796761,3.99477087572226
230.9552465317,411.239899285411,3.85517612408957
429.938020801513,12.7835370562533,3.38949158943594
359.260262981159,293.191830102161,3.03982611054327
604.046510504849,103.537725308177,4.35882996616651
392.752624496503,229.799919891616,4.13464442969213
572.770360068443,408.874255604414,4.68423496137098
138.478527176364,284.772970232442,4.40118542827634
196.380766337591,366.753198077616,4.09722548129719
120.528451610985,408.993365302876,3.4165364650005
624.447101342944,318.376158217928,4.62786452623732
0.0643901177305368,143.316173581386,4.19414328124549
539.526323481814,206.227392862382,4.23408000013544
36.354337536088,493.177096919626,2.91007935417723
280.711632806488,21.3589248194135,3.77304664814635
532.400873023213,391.801413087888,3.28762305723765
72.6719175650853,86.6906224830206,5.13440745890549
3.76160933720031,78.5686416826968,3.50376350380256
587.377400582515,223.798640937048,3.96400898736525
444.830621792371,467.284115110329,4.76488951094956
659.584399575986,374.323745683682,2.95754519275377
104.256333303374,487.438592288533,4.35435762505658
621.899675696193,87.8653172124307,4.04110547801276
417.792803161249,257.362945862263,3.65203037215858
9.9041117349165,180.581685049765,3.32237592373456
62.1669962836273,126.932249689642,4.52746935579638
607.928350484729,208.174193846148,4.03994012548277
263.236995834119,213.698867393319,3.92597977489758
580.152816713816,436.069931211698,3.96254014079479
307.778075657618,138.952490437068,3.88928856406948
529.436236498571,461.602520749027,3.67154599810334
37.1456544185512,425.983706272149,3.89612930746043
197.355424891743,297.184105571824,4.01066600649572
552.831029750077,260.62578915395,3.73245004296277
181.06950441006,31.979419881729,4.71695910848401
487.432518474595,338.936442083113,4.34479932436902
25.4797150553102,45.8597875208486,3.60402978388004
538.504098749271,152.277362403422,4.72681443493234
NA,NA,NA
664.647865741262,334.335509626578,3.44621703966271
455.302723679854,301.799362431977,3.45016062041938
12.5592926608876,495.257512233781,3.50528337425316
563.966059306441,54.801847859127,4.23102789599226
71.4294830214689,376.057269796761,3.99477087572226
230.9552465317,411.239899285411,3.85517612408957
429.938020801513,12.7835370562533,3.38949158943594
359.260262981159,293.191830102161,3.03982611054327
604.046510504849,103.537725308177,4.35882996616651
392.752624496503,229.799919891616,4.13464442969213
572.770360068443,408.874255604414,4.68423496137098
138.478527176364,284.772970232442,4.40118542827634
196.380766337591,366.753198077616,4.09722548129719
120.528451610985,408.993365302876,3.4165364650005
624.447101342944,318.376158217928,4.62786452623732
0.0643901177305368,143.316173581386,4.19414328124549
539.526323481814,206.227392862382,4.23408000013544
36.354337536088,493.177096919626,2.91007935417723
280.711632806488,21.3589248194135,3.77304664814635
532.400873023213,391.801413087888,3.28762305723765
72.6719175650853,86.6906224830206,5.13440745890549
3.76160933720031,78.5686416826968,3.50376350380256
587.377400582515,223.798640937048,3.96400898736525
444.830621792371,467.284115110329,4.76488951094956
659.584399575986,374.323745683682,2.95754519275377
104.256333303374,487.438592288533,4.35435762505658
621.899675696193,87.8653172124307,4.04110547801276
417.792803161249,257.362945862263,3.65203037215858
9.9041117349165,180.581685049765,3.32237592373456
62.1669962836273,126.932249689642,4.52746935579638
607.928350484729,208.174193846148,4.03994012548277
263.236995834119,213.698867393319,3.92597977489758
580.152816713816,436.069931211698,3.96254014079479
307.778075657618,138.952490437068,3.88928856406948
529.436236498571,461.602520749027,3.67154599810334
37.1456544185512,425.983706272149,3.89612930746043
197.355424891743,297.184105571824,4.01066600649572
552.831029750077,260.62578915395,3.73245004296277
181.06950441006,31.979419881729,4.71695910848401
487.432518474595,338.936442083113,4.34479932436902
25.4797150553102,45.8597875208486,3.60402978388004
538.504098749271,152.277362403422,4.72681443493234
NA,NA,NA
664.647865741262,334.335509626578,3.44621703966271
455.302723679854,301.799362431977,3.45016062041938
12.5592926608876,495.257512233781,3.50528337425316
563.966059306441,54.801847859127,4.23102789599226
71.4294830214689,376.057269796761,3.99477087572226
230.9552465317,411.239899285411,3.85517612408957
429.938020801513,12.7835370562533,3.38949158943594
359.260262981159,293.191830102161,3.03982611054327
604.046510504849,103.537725308177,4.35882996616651
392.752624496503,229.799919891616,4.13464442969213
572.770360068443,408.874255604414,4.68423496137098
138.478527176364,284.772970232442,4.40118542827634
196.380766337591,366.753198077616,4.09722548129719
120.528451610985,408.993365302876,3.4165364650005
624.447101342944,318.376158217928,4.62786452623732
0.0643901177305368,143.316173581386,4.19414328124549
539.526323481814,206.227392862382,4.23408000013544
36.354337536088,493.177096919626,2.91007935417723
280.711632806488,21.3589248194135,3.77304664814635
532.400873023213,391.801413087888,3.28762305723765
72.6719175650853,86.6906224830206,5.13440745890549
3.76160933720031,78.5686416826968,3.50376350380256
587.377400582515,223.798640937048,3.96400898736525
444.830621792371,467.284115110329,4.76488951094956
659.584399575986,374.323745683682,2.95754519275377
104.256333303374,487.438592288533,4.35435762505658
621.899675696193,87.8653172124307,4.04110547801276
417.792803161249,257.362945862263,3.65203037215858
9.9041117349165,180.581685049765,3.32237592373456
62.1669962836273,126.932249689642,4.52746935579638
607.928350484729,208.174193846148,4.03994012548277
263.236995834119,213.698867393319,3.92597977489758
580.152816713816,436.069931211698,3.96254014079479
307.778075657618,138.952490437068,3.88928856406948
529.436236498571,461.602520749027,3.67154599810334
37.1456544185512,425.983706272149,3.89612930746043
197.355424891743,297.184105571824,4.01066600649572
552.831029750077,260.62578915395,3.73245004296277
181.06950441006,31.979419881729,4.71695910848401
487.432518474595,338.936442083113,4.34479932436902
25.4797150553102,45.8597875208486,3.60402978388004
538.504098749271,152.277362403422,4.72681443493234
NA,NA,NA
664.647865741262,334.335509626578,3.44621703966271
455.302723679854,301.799362431977,3.45016062041938
12.5592926608876,495.257512233781,3.50528337425316
563.966059306441,54.801847859127,4.23102789599226
71.4294830214689,376.057269796761,3.99477087572226
230.9552465317,411.239899285411,3.85517612408957
429.938020801513,12.7835370562533,3.38949158943594
359.260262981159,293.191830102161,3.03982611054327
604.046510504849,103.537725308177,4.35882996616651
392.752624496503,229.799919891616,4.13464442969213
572.770360068443,408.874255604414,4.68423496137098
138.478527176364,284.772970232442,4.40118542827634
196.380766337591,366.753198077616,4.09722548129719
120.528451610985,408.993365302876,3.4165364650005
624.447101342944,318.376158217928,4.62786452623732
0.0643901177305368,143.316173581386,4.19414328124549
539.526323481814,206.227392862382,4.23408000013544
36.354337536088,493.177096919626,2.91007935417723
280.711632806488,21.3589248194135,3.77304664814635
532.400873023213,391.801413087888,3.28762305723765
72.6719175650853,86.6906224830206,5.13440745890549
3.76160933720031,78.5686416826968,3.50376350380256
587.377400582515,223.798640937048,3.96400898736525
444.830621792371,467.284115110329,4.76488951094956
659.584399575986,374.323745683682,2.95754519275377
104.256333303374,487.438592288533,4.35435762505658
621.899675696193,87.8653172124307,4.04110547801276
417.792803161249,257.362945862263,3.65203037215858
9.9041117349165,180.581685049765,3.32237592373456
62.1669962836273,126.932249689642,4.52746935579638
607.928350484729,208.174193846148,4.03994012548277
263.236995834119,213.698867393319,3.92597977489758
580.152816713816,436.069931211698,3.96254014079479
307.778075657618,138.952490437068,3.88928856406948
529.436236498571,461.602520749027,3.67154599810334
37.1456544185512,425.983706272149,3.89612930746043
197.355424891743,297.184105571824,4.01066600649572
552.831029750077,260.62578915395,3.73245004296277
181.06950441006,31.979419881729,4.71695910848401
487.432518474595,338.936442083113,4.34479932436902
25.4797150553102,45.8597875208486,3.60402978388004
538.504098749271,152.277362403422,4.72681443493234
NA,NA,NA
664.647865741262,334.335509626578,3.44621703966271
455.302723679854,301.799362431977,3.45016062041938
12.5592926608876,495.257512233781,3.50528337425316
563.966059306441,54.801847859127,4.23102789599226
71.4294830214689,376.057269796761,3.99477087572226
230.9552465317,411.239899285411,3.85517612408957
429.938020801513,12.7835370562533,3.38949158943594
359.260262981159,293.191830102161,3.03982611054327
604.046510504849,103.537725308177,4.35882996616651
392.752624496503,229.799919891616,4.13464442969213
572.770360068443,408.874255604414,4.68423496137098
138.478527176364,284.772970232442,4.40118542827634
196.380766337591,366.753198077616,4.09722548129719
120.528451610985,408.993365302876,3.4165364650005
624.447101342944,318.376158217928,4.62786452623732
0.0643901177305368,143.316173581386,4.19414328124549
539.526323481814,206.227392862382,4.23408000013544
36.354337536088,493.177096919626,2.91007935417723
280.711632806488,21.3589248194135,3.77304664814635
532.400873023213,391.801413087888,3.28762305723765
72.6719175650853,86.6906224830206,5.13440745890549
3.76160933720031,78.5686416826968,3.50376350380256
587.377400582515,223.798640937048,3.96400898736525
444.830621792371,467.284115110329,4.76488951094956
659.584399575986,374.323745683682,2.95754519275377
104.256333303374,487.438592288533,4.35435762505658
621.899675696193,87.8653172124307,4.04110547801276
417.792803161249,257.362945862263,3.65203037215858
9.9041117349165,180.581685049765,3.32237592373456
62.1669962836273,126.932249689642,4.52746935579638
607.928350484729,208.174193846148,4.03994012548277
263.236995834119,213.698867393319,3.92597977489758
580.152816713816,436.069931211698,3.96254014079479
307.778075657618,138.952490437068,3.88928856406948
529.436236498571,461.602520749027,3.67154599810334
37.1456544185512,425.983706272149,3.89612930746043
197.355424891743,297.184105571824,4.01066600649572
552.831029750077,260.62578915395,3.73245004296277
181.06950441006,31.979419881729,4.71695910848401
487.432518474595,338.936442083113,4.34479932436902
25.4797150553102,45.8597875208486,3.60402978388004
538.504098749271,152.277362403422,4.72681443493234
NA,NA,NA
664.647865741262,334.335509626578,3.44621703966271
455.302723679854,301.799362431977,3.45016062041938
12.5592926608876,495.257512233781,3.50528337425316
563.966059306441,54.801847859127,4.23102789599226
71.4294830214689,376.057269796761,3.99477087572226
230.9552465317,411.239899285411,3.85517612408957
429.938020801513,12.7835370562533,3.38949158943594
359.260262981159,293.191830102161,3.03982611054327
604.046510504849,103.537725308177,4.35882996616651
392.752624496503,229.799919891616,4.13464442969213
572.770360068443,408.874255604414,4.68423496137098
138.478527176364,284.772970232442,4.40118542827634
196.380766337591,366.753198077616,4.09722548129719
120.528451610985,408.993365302876,3.4165364650005
624.447101342944,318.376158217928,4.62786452623732
0.0643901177305368,143.316173581386,4.19414328124549
539.526323481814,206.227392862382,4.23408000013544
36.354337536088,493.177096919626,2.91007935417723
280.711632806488,21.3589248194135,3.77304664814635
532.400873023213,391.801413087888,3.28762305723765
72.6719175650853,86.6906224830206,5.13440745890549
3.76160933720031,78.5686416826968,3.50376350380256
587.377400582515,223.798640937048,3.96400898736525
444.830621792371,467.284115110329,4.76488951094956
659.584399575986,374.323745683682,2.95754519275377
104.256333303374,487.438592288533,4.35435762505658
621.899675696193,87.8653172124307,4.04110547801276
417.792803161249,257.362945862263,3.65203037215858
9.9041117349165,180.581685049765,3.32237592373456
62.1669962836273,126.932249689642,4.52746935579638
607.928350484729,208.174193846148,4.03994012548277
263.236995834119,213.698867393319,3.92597977489758
580.152816713816,436.069931211698,3.96254014079479
307.778075657618,138.952490437068,3.88928856406948
529.436236498571,461.602520749027,3.67154599810334
37.1456544185512,425.983706272149,3.89612930746043
197.355424891743,297.184105571824,4.01066600649572
552.831029750077,260.62578915395,3.73245004296277
181.06950441006,31.979419881729,4.71695910848401
487.432518474595,338.936442083113,4.34479932436902
25.4797150553102,45.8597875208486,3.60402978388004
538.504098749271,152.277362403422,4.72681443493234
NA,NA,NA
660.29924378218,332.851300417232,3.39434538447453
456.976013413655,298.280980807937,3.58939300738733
17.1501023725652,497.44784353334,3.56854069366769
565.695619973463,59.1961047581948,4.12607186102068
72.6088847537513,375.160425474929,4.05099072863922
223.603448865315,420.138756789307,3.91063175952449
424.976578031665,13.28744335383,3.32415004449201
360.619502512674,293.010574394781,2.92002742890051
606.974372108626,104.787495018934,4.32751904047139
391.728775463944,232.046603799383,4.00689108153344
570.962589701439,399.228395000529,4.70480502112721
142.491302418646,288.285388754615,4.40645120001587
200.969860777035,368.204699259114,4.04436161007592
130.118377278393,412.995080534573,3.4130131520846
629.583734810879,308.615764308524,4.47876420877868
1.33254002605906,148.226550913038,4.29095554644798
542.844161185858,200.420152074506,4.18546864923501
34.4544985070646,492.614657760412,3.035657349528
279.085134538421,23.1194298367694,3.90393743927347
536.606986668889,393.284501770846,3.43540811497048
69.9801316444391,74.4231051007885,5.23096130709169
5.24084259491587,76.7793421345486,3.37319190736034
588.291454807553,224.016876704282,4.04800168942246
442.241504469192,459.371469869935,4.85921430950293
657.269191637512,373.21643104211,3.11205415165643
105.58190039031,489.712808782362,4.39948521334312
618.240776120725,89.3589240773091,4.10470711490922
420.716406662003,255.648976574436,3.52324813215807
13.5408514390748,181.746160323751,3.18013414387987
58.285567675047,114.214278154806,4.5612205147136
605.053698753535,211.416963214209,4.49588935937386
252.593738351681,220.735836980436,3.78922981228585
571.300676069582,440.437708583423,4.22568054178166
297.577311995142,140.42414969899,3.90990965795308
529.520317060898,462.829474621204,3.46388350879463
41.6061963950313,425.241147915387,3.82710719852789
195.700056995014,285.604617690353,4.12381493773226
542.608244862191,268.341981577625,3.88353909668722
159.601686843714,18.8829648569162,4.37682906849366
505.45879094767,346.603232174627,4.45049628770525
48.8405730981009,50.9769635038586,3.89032234066421
528.170925339285,161.950718578015,4.88091508283309
NA,NA,NA
660.29924378218,332.851300417232,3.39434538447453
456.976013413655,298.280980807937,3.58939300738733
17.1501023725652,497.44784353334,3.56854069366769
565.695619973463,59.1961047581948,4.12607186102068
72.6088847537513,375.160425474929,4.05099072863922
223.603448865315,420.138756789307,3.91063175952449
424.976578031665,13.28744335383,3.32415004449201
360.619502512674,293.010574394781,2.92002742890051
606.974372108626,104.787495018934,4.32751904047139
391.728775463944,232.046603799383,4.00689108153344
570.962589701439,399.228395000529,4.70480502112721
142.491302418646,288.285388754615,4.40645120001587
200.969860777035,368.204699259114,4.04436161007592
130.118377278393,412.995080534573,3.4130131520846
629.583734810879,308.615764308524,4.47876420877868
1.33254002605906,148.226550913038,4.29095554644798
542.844161185858,200.420152074506,4.18546864923501
34.4544985070646,492.614657760412,3.035657349528
279.085134538421,23.1194298367694,3.90393743927347
536.606986668889,393.284501770846,3.43540811497048
69.9801316444391,74.4231051007885,5.23096130709169
5.24084259491587,76.7793421345486,3.37319190736034
588.291454807553,224.016876704282,4.04800168942246
442.241504469192,459.371469869935,4.85921430950293
657.269191637512,373.21643104211,3.11205415165643
105.58190039031,489.712808782362,4.39948521334312
618.240776120725,89.3589240773091,4.10470711490922
420.716406662003,255.648976574436,3.52324813215807
13.5408514390748,181.746160323751,3.18013414387987
58.285567675047,114.214278154806,4.5612205147136
605.053698753535,211.416963214209,4.49588935937386
252.593738351681,220.735836980436,3.78922981228585
571.300676069582,440.437708583423,4.22568054178166
297.577311995142,140.42414969899,3.90990965795308
529.520317060898,462.829474621204,3.46388350879463
41.6061963950313,425.241147915387,3.82710719852789
195.700056995014,285.604617690353,4.12381493773226
542.608244862191,268.341981577625,3.88353909668722
159.601686843714,18.8829648569162,4.37682906849366
505.45879094767,346.603232174627,4.45049628770525
48.8405730981009,50.9769635038586,3.89032234066421
528.170925339285,161.950718578015,4.88091508283309
NA,NA,NA
660.29924378218,332.851300417232,3.39434538447453
456.976013413655,298.280980807937,3.58939300738733
17.1501023725652,497.44784353334,3.56854069366769
565.695619973463,59.1961047581948,4.12607186102068
72.6088847537513,375.160425474929,4.05099072863922
223.603448865315,420.138756789307,3.91063175952449
424.976578031665,13.28744335383,3.32415004449201
360.619502512674,293.010574394781,2.92002742890051
606.974372108626,104.787495018934,4.32751904047139
391.728775463944,232.046603799383,4.00689108153344
570.962589701439,399.228395000529,4.70480502112721
142.491302418646,288.285388754615,4.40645120001587
200.969860777035,368.204699259114,4.04436161007592
130.118377278393,412.995080534573,3.4130131520846
629.583734810879,308.615764308524,4.47876420877868
1.33254002605906,148.226550913038,4.29095554644798
542.844161185858,200.420152074506,4.18546864923501
34.4544985070646,492.614657760412,3.035657349528
279.085134538421,23.1194298367694,3.90393743927347
536.606986668889,393.284501770846,3.43540811497048
69.9801316444391,74.4231051007885,5.23096130709169
5.24084259491587,76.7793421345486,3.37319190736034
588.291454807553,224.016876704282,4.04800168942246
442.241504469192,459.371469869935,4.85921430950293
657.269191637512,373.21643104211,3.11205415165643
105.58190039031,489.712808782362,4.39948521334312
618.240776120725,89.3589240773091,4.10470711490922
420.716406662003,255.648976574436,3.52324813215807
13.5408514390748,181.746160323751,3.18013414387987
58.285567675047,114.214278154806,4.5612205147136
605.053698753535,211.416963214209,4.49588935937386
252.593738351681,220.735836980436,3.78922981228585
571.300676069582,440.437708583423,4.22568054178166
297.577311995142,140.42414969899,3.90990965795308
529.520317060898,462.829474621204,3.46388350879463
41.6061963950313,425.241147915387,3.82710719852789
195.700056995014,285.604617690353,4.12381493773226
542.608244862191,268.341981577625,3.88353909668722
159.601686843714,18.8829648569162,4.37682906849366
505.45879094767,346.603232174627,4.45049628770525
48.8405730981009,50.9769635038586,3.89032234066421
528.170925339285,161.950718578015,4.88091508283309
NA,NA,NA
660.29924378218,332.851300417232,3.39434538447453
456.976013413655,298.280980807937,3.58939300738733
17.1501023725652,497.44784353334,3.56854069366769
565.695619973463,59.1961047581948,4.12607186102068
72.6088847537513,375.160425474929,4.05099072863922
223.603448865315,420.138756789307,3.91063175952449
424.976578031665,13.28744335383,3.32415004449201
360.619502512674,293.010574394781,2.92002742890051
606.974372108626,104.787495018934,4.32751904047139
391.728775463944,232.046603799383,4.00689108153344
570.962589701439,399.228395000529,4.70480502112721
142.491302418646,288.285388754615,4.40645120001587
200.969860777035,368.204699259114,4.04436161007592
130.118377278393,412.995080534573,3.4130131520846
629.583734810879,308.615764308524,4.47876420877868
1.33254002605906,148.226550913038,4.29095554644798
542.844161185858,200.420152074506,4.18546864923501
34.4544985070646,492.614657760412,3.035657349528
279.085134538421,23.1194298367694,3.90393743927347
536.606986668889,393.284501770846,3.43540811497048
69.9801316444391,74.4231051007885,5.23096130709169
5.24084259491587,76.7793421345486,3.37319190736034
588.291454807553,224.016876704282,4.04800168942246
442.241504469192,459.371469869935,4.85921430950293
657.269191637512,373.21643104211,3.11205415165643
105.58190039031,489.712808782362,4.39948521334312
618.240776120725,89.3589240773091,4.10470711490922
420.716406662003,255.648976574436,3.52324813215807
13.5408514390748,181.746160323751,3.18013414387987
58.285567675047,114.214278154806,4.5612205147136
605.053698753535,211.416963214209,4.49588935937386
252.593738351681,220.735836980436,3.78922981228585
571.300676069582,440.437708583423,4.22568054178166
297.577311995142,140.42414969899,3.90990965795308
529.520317060898,462.829474621204,3.46388350879463
41.6061963950313,425.241147915387,3.82710719852789
195.700056995014,285.604617690353,4.12381493773226
542.608244862191,268.341981577625,3.88353909668722
159.601686843714,18.8829648569162,4.37682906849366
505.45879094767,346.603232174627,4.45049628770525
48.8405730981009,50.9769635038586,3.89032234066421
528.170925339285,161.950718578015,4.88091508283309
NA,NA,NA
660.29924378218,332.851300417232,3.39434538447453
456.976013413655,298.280980807937,3.58939300738733
17.1501023725652,497.44784353334,3.56854069366769
565.695619973463,59.1961047581948,4.12607186102068
72.6088847537513,375.160425474929,4.05099072863922
223.603448865315,420.138756789307,3.91063175952449
424.976578031665,13.28744335383,3.32415004449201
360.619502512674,293.010574394781,2.92002742890051
606.974372108626,104.787495018934,4.32751904047139
391.728775463944,232.046603799383,4.00689108153344
570.962589701439,399.228395000529,4.70480502112721
142.491302418646,288.285388754615,4.40645120001587
200.969860777035,368.204699259114,4.04436161007592
130.118377278393,412.995080534573,3.4130131520846
629.583734810879,308.615764308524,4.47876420877868
1.33254002605906,148.226550913038,4.29095554644798
542.844161185858,200.420152074506,4.18546864923501
34.4544985070646,492.614657760412,3.035657349528
279.085134538421,23.1194298367694,3.90393743927347
536.606986668889,393.284501770846,3.43540811497048
69.9801316444391,74.4231051007885,5.23096130709169
5.24084259491587,76.7793421345486,3.37319190736034
588.291454807553,224.016876704282,4.04800168942246
442.241504469192,459.371469869935,4.85921430950293
657.269191637512,373.21643104211,3.11205415165643
105.58190039031,489.712808782362,4.39948521334312
618.240776120725,89.3589240773091,4.10470711490922
420.716406662003,255.648976574436,3.52324813215807
13.5408514390748,181.746160323751,3.18013414387987
58.285567675047,114.214278154806,4.5612205147136
605.053698753535,211.416963214209,4.49588935937386
252.593738351681,220.735836980436,3.78922981228585
571.300676069582,440.437708583423,4.22568054178166
297.577311995142,140.42414969899,3.90990965795308
529.520317060898,462.829474621204,3.46388350879463
41.6061963950313,425.241147915387,3.82710719852789
195.700056995014,285.604617690353,4.12381493773226
542.608244862191,268.341981577625,3.88353909668722
159.601686843714,18.8829648569162,4.37682906849366
505.45879094767,346.603232174627,4.45049628770525
48.8405730981009,50.9769635038586,3.89032234066421
528.170925339285,161.950718578015,4.88091508283309
NA,NA,NA
660.29924378218,332.851300417232,3.39434538447453
456.976013413655,298.280980807937,3.58939300738733
17.1501023725652,497.44784353334,3.56854069366769
565.695619973463,59.1961047581948,4.12607186102068
72.6088847537513,375.160425474929,4.05099072863922
223.603448865315,420.138756789307,3.91063175952449
424.976578031665,13.28744335383,3.32415004449201
360.619502512674,293.010574394781,2.92002742890051
606.974372108626,104.787495018934,4.32751904047139
391.728775463944,232.046603799383,4.00689108153344
570.962589701439,399.228395000529,4.70480502112721
142.491302418646,288.285388754615,4.40645120001587
200.969860777035,368.204699259114,4.04436161007592
130.118377278393,412.995080534573,3.4130131520846
629.583734810879,308.615764308524,4.47876420877868
1.33254002605906,148.226550913038,4.29095554644798
542.844161185858,200.420152074506,4.18546864923501
34.4544985070646,492.614657760412,3.035657349528
279.085134538421,23.1194298367694,3.90393743927347
536.606986668889,393.284501770846,3.43540811497048
69.9801316444391,74.4231051007885,5.23096130709169
5.24084259491587,76.7793421345486,3.37319190736034
588.291454807553,224.016876704282,4.04800168942246
442.241504469192,459.371469869935,4.85921430950293
657.269191637512,373.21643104211,3.11205415165643
105.58190039031,489.712808782362,4.39948521334312
618.240776120725,89.3589240773091,4.10470711490922
420.716406662003,255.648976574436,3.52324813215807
13.5408514390748,181.746160323751,3.18013414387987
58.285567675047,114.214278154806,4.5612205147136
605.053698753535,211.416963214209,4.49588935937386
252.593738351681,220.735836980436,3.78922981228585
571.300676069582,440.437708583423,4.22568054178166
297.577311995142,140.42414969899,3.90990965795308
529.520317060898,462.829474621204,3.46388350879463
41.6061963950313,425.241147915387,3.82710719852789
195.700056995014,285.604617690353,4.12381493773226
542.608244862191,268.341981577625,3.88353909668722
159.601686843714,18.8829648569162,4.37682906849366
505.45879094767,346.603232174627,4.45049628770525
48.8405730981009,50.9769635038586,3.89032234066421
528.170925339285,161.950718578015,4.88091508283309
NA,NA,NA
660.994861226472,336.100079828179,3.30183902692893
458.722893983327,298.155733828682,3.73517428597873
12.732740347304,491.985634664157,3.55192283741751
569.250346334233,55.7999138546588,4.2033419119938
76.4013593688614,375.364702990567,4.00285762196204
231.480036108203,412.935382224105,3.85250032979107
426.246081187267,14.4572010729725,3.32536912519225
361.219261776794,292.260147280031,3.04996977126176
605.450924934046,106.999385307706,4.24933197055159
395.851610282396,231.071018835398,4.18107464749762
574.16108012648,415.186386164312,4.78040956599037
137.385280357571,284.033657156144,4.58500203737317
200.172528284766,370.442244376683,4.13072238949075
128.541413812512,408.862274602476,3.4590108058443
627.476519988353,314.195024182503,4.68132833049453
2.64399374755087,148.478815106936,4.34500094691119
545.820168405274,202.729974876129,4.06404256035259
35.0530119400267,492.605461918435,3.15503313117735
282.065532958112,21.020751558594,3.94022929541314
535.248104385211,389.861591831394,3.29420332132428
75.0180486341428,73.3034209229852,5.22223518590605
3.94101765443022,77.560881911701,3.38014243237916
584.988789467537,226.331990089937,4.09918815614316
440.704629990714,459.748997175454,4.73931341428072
659.292405625237,372.691877504465,2.92736455384923
106.566788550528,487.222106562087,4.37621925391329
621.207656109276,87.1671482960765,4.08490581148965
419.053552058296,257.387528524071,3.52939403229457
11.328957242047,181.848993405209,3.19045795380041
66.4218699100004,108.053026647593,4.50452473419782
612.211795295633,209.91772470467,4.0582067857569
247.791941746428,211.84094252904,3.63916909512743
579.070336470478,433.001226959607,3.75562104358801
301.991342239421,138.812002107833,3.83363771228831
534.429940347171,454.771128540682,3.3694871984693
38.8554066977706,420.924371272382,4.09335577359157
197.101014706365,292.182821041659,4.14559703617225
549.2246054088,260.864468451457,3.64764701306534
174.542406657722,28.7512864379939,4.37301794639742
500.138080404876,352.768320704395,4.52792150921899
34.6206043168088,46.6606759775534,3.81832983542634
525.776623935232,154.407257934253,4.83386558535104
NA,NA,NA
660.994861226472,336.100079828179,3.30183902692893
458.722893983327,298.155733828682,3.73517428597873
12.732740347304,491.985634664157,3.55192283741751
569.250346334233,55.7999138546588,4.2033419119938
76.4013593688614,375.364702990567,4.00285762196204
231.480036108203,412.935382224105,3.85250032979107
426.246081187267,14.4572010729725,3.32536912519225
361.219261776794,292.260147280031,3.04996977126176
605.450924934046,106.999385307706,4.24933197055159
395.851610282396,231.071018835398,4.18107464749762
574.16108012648,415.186386164312,4.78040956599037
137.385280357571,284.033657156144,4.58500203737317
200.172528284766,370.442244376683,4.13072238949075
128.541413812512,408.862274602476,3.4590108058443
627.476519988353,314.195024182503,4.68132833049453
2.64399374755087,148.478815106936,4.34500094691119
545.820168405274,202.729974876129,4.06404256035259
35.0530119400267,492.605461918435,3.15503313117735
282.065532958112,21.020751558594,3.94022929541314
535.248104385211,389.861591831394,3.29420332132428
75.0180486341428,73.3034209229852,5.22223518590605
3.94101765443022,77.560881911701,3.38014243237916
584.988789467537,226.331990089937,4.09918815614316
440.704629990714,459.748997175454,4.73931341428072
659.292405625237,372.691877504465,2.92736455384923
106.566788550528,487.222106562087,4.37621925391329
621.207656109276,87.1671482960765,4.08490581148965
419.053552058296,257.387528524071,3.52939403229457
11.328957242047,181.848993405209,3.19045795380041
66.4218699100004,108.053026647593,4.50452473419782
612.211795295633,209.91772470467,4.0582067857569
247.791941746428,211.84094252904,3.63916909512743
579.070336470478,433.001226959607,3.75562104358801
301.991342239421,138.812002107833,3.83363771228831
534.429940347171,454.771128540682,3.3694871984693
38.8554066977706,420.924371272382,4.09335577359157
197.101014706365,292.182821041659,4.14559703617225
549.2246054088,260.864468451457,3.64764701306534
174.542406657722,28.7512864379939,4.37301794639742
500.138080404876,352.768320704395,4.52792150921899
34.6206043168088,46.6606759775534,3.81832983542634
525.776623935232,154.407257934253,4.83386558535104
NA,NA,NA
660.994861226472,336.100079828179,3.30183902692893
458.722893983327,298.155733828682,3.73517428597873
12.732740347304,491.985634664157,3.55192283741751
569.250346334233,55.7999138546588,4.2033419119938
76.4013593688614,375.364702990567,4.00285762196204
231.480036108203,412.935382224105,3.85250032979107
426.246081187267,14.4572010729725,3.32536912519225
361.219261776794,292.260147280031,3.04996977126176
605.450924934046,106.999385307706,4.24933197055159
395.851610282396,231.071018835398,4.18107464749762
574.16108012648,415.186386164312,4.78040956599037
137.385280357571,284.033657156144,4.58500203737317
200.172528284766,370.442244376683,4.13072238949075
128.541413812512,408.862274602476,3.4590108058443
627.476519988353,314.195024182503,4.68132833049453
2.64399374755087,148.478815106936,4.34500094691119
545.820168405274,202.729974876129,4.06404256035259
35.0530119400267,492.605461918435,3.15503313117735
282.065532958112,21.020751558594,3.94022929541314
535.248104385211,389.861591831394,3.29420332132428
75.0180486341428,73.3034209229852,5.22223518590605
3.94101765443022,77.560881911701,3.38014243237916
584.988789467537,226.331990089937,4.09918815614316
440.704629990714,459.748997175454,4.73931341428072
659.292405625237,372.691877504465,2.92736455384923
106.566788550528,487.222106562087,4.37621925391329
621.207656109276,87.1671482960765,4.08490581148965
419.053552058296,257.387528524071,3.52939403229457
11.328957242047,181.848993405209,3.19045795380041
66.4218699100004,108.053026647593,4.50452473419782
612.211795295633,209.91772470467,4.0582067857569
247.791941746428,211.84094252904,3.63916909512743
579.070336470478,433.001226959607,3.75562104358801
301.991342239421,138.812002107833,3.83363771228831
534.429940347171,454.771128540682,3.3694871984693
38.8554066977706,420.924371272382,4.09335577359157
197.101014706365,292.182821041659,4.14559703617225
549.2246054088,260.864468451457,3.64764701306534
174.542406657722,28.7512864379939,4.37301794639742
500.138080404876,352.768320704395,4.52792150921899
34.6206043168088,46.6606759775534,3.81832983542634
525.776623935232,154.407257934253,4.83386558535104
NA,NA,NA
660.994861226472,336.100079828179,3.30183902692893
458.722893983327,298.155733828682,3.73517428597873
12.732740347304,491.985634664157,3.55192283741751
569.250346334233,55.7999138546588,4.2033419119938
76.4013593688614,375.364702990567,4.00285762196204
231.480036108203,412.935382224105,3.85250032979107
426.246081187267,14.4572010729725,3.32536912519225
361.219261776794,292.260147280031,3.04996977126176
605.450924934046,106.999385307706,4.24933197055159
395.851610282396,231.071018835398,4.18107464749762
574.16108012648,415.186386164312,4.78040956599037
137.385280357571,284.033657156144,4.58500203737317
200.172528284766,370.442244376683,4.13072238949075
128.541413812512,408.862274602476,3.4590108058443
627.476519988353,314.195024182503,4.68132833049453
2.64399374755087,148.478815106936,4.34500094691119
545.820168405274,202.729974876129,4.06404256035259
35.0530119400267,492.605461918435,3.15503313117735
282.065532958112,21.020751558594,3.94022929541314
535.248104385211,389.861591831394,3.29420332132428
75.0180486341428,73.3034209229852,5.22223518590605
3.94101765443022,77.560881911701,3.38014243237916
584.988789467537,226.331990089937,4.09918815614316
440.704629990714,459.748997175454,4.73931341428072
659.292405625237,372.691877504465,2.92736455384923
106.566788550528,487.222106562087,4.37621925391329
621.207656109276,87.1671482960765,4.08490581148965
419.053552058296,257.387528524071,3.52939403229457
11.328957242047,181.848993405209,3.19045795380041
66.4218699100004,108.053026647593,4.50452473419782
612.211795295633,209.91772470467,4.0582067857569
247.791941746428,211.84094252904,3.63916909512743
579.070336470478,433.001226959607,3.75562104358801
301.991342239421,138.812002107833,3.83363771228831
534.429940347171,454.771128540682,3.3694871984693
38.8554066977706,420.924371272382,4.09335577359157
197.101014706365,292.182821041659,4.14559703617225
549.2246054088,260.864468451457,3.64764701306534
174.542406657722,28.7512864379939,4.37301794639742
500.138080404876,352.768320704395,4.52792150921899
34.6206043168088,46.6606759775534,3.81832983542634
525.776623935232,154.407257934253,4.83386558535104
NA,NA,NA
660.994861226472,336.100079828179,3.30183902692893
458.722893983327,298.155733828682,3.73517428597873
12.732740347304,491.985634664157,3.55192283741751
569.250346334233,55.7999138546588,4.2033419119938
76.4013593688614,375.364702990567,4.00285762196204
231.480036108203,412.935382224105,3.85250032979107
426.246081187267,14.4572010729725,3.32536912519225
361.219261776794,292.260147280031,3.04996977126176
605.450924934046,106.999385307706,4.24933197055159
395.851610282396,231.071018835398,4.18107464749762
574.16108012648,415.186386164312,4.78040956599037
137.385280357571,284.033657156144,4.58500203737317
200.172528284766,370.442244376683,4.13072238949075
128.541413812512,408.862274602476,3.4590108058443
627.476519988353,314.195024182503,4.68132833049453
2.64399374755087,148.478815106936,4.34500094691119
545.820168405274,202.729974876129,4.06404256035259
35.0530119400267,492.605461918435,3.15503313117735
282.065532958112,21.020751558594,3.94022929541314
535.248104385211,389.861591831394,3.29420332132428
75.0180486341428,73.3034209229852,5.22223518590605
3.94101765443022,77.560881911701,3.38014243237916
584.988789467537,226.331990089937,4.09918815614316
440.704629990714,459.748997175454,4.73931341428072
659.292405625237,372.691877504465,2.92736455384923
106.566788550528,487.222106562087,4.37621925391329
621.207656109276,87.1671482960765,4.08490581148965
419.053552058296,257.387528524071,3.52939403229457
11.328957242047,181.848993405209,3.19045795380041
66.4218699100004,108.053026647593,4.50452473419782
612.211795295633,209.91772470467,4.0582067857569
247.791941746428,211.84094252904,3.63916909512743
579.070336470478,433.001226959607,3.75562104358801
301.991342239421,138.812002107833,3.83363771228831
534.429940347171,454.771128540682,3.3694871984693
38.8554066977706,420.924371272382,4.09335577359157
197.101014706365,292.182821041659,4.14559703617225
549.2246054088,260.864468451457,3.64764701306534
174.542406657722,28.7512864379939,4.37301794639742
500.138080404876,352.768320704395,4.52792150921899
34.6206043168088,46.6606759775534,3.81832983542634
525.776623935232,154.407257934253,4.83386558535104
NA,NA,NA
660.994861226472,336.100079828179,3.30183902692893
458.722893983327,298.155733828682,3.73517428597873
12.732740347304,491.985634664157,3.55192283741751
569.250346334233,55.7999138546588,4.2033419119938
76.4013593688614,375.364702990567,4.00285762196204
231.480036108203,412.935382224105,3.85250032979107
426.246081187267,14.4572010729725,3.32536912519225
361.219261776794,292.260147280031,3.04996977126176
605.450924934046,106.999385307706,4.24933197055159
395.851610282396,231.071018835398,4.18107464749762
574.16108012648,415.186386164312,4.78040956599037
137.385280357571,284.033657156144,4.58500203737317
200.172528284766,370.442244376683,4.13072238949075
128.541413812512,408.862274602476,3.4590108058443
627.476519988353,314.195024182503,4.68132833049453
2.64399374755087,148.478815106936,4.34500094691119
545.820168405274,202.729974876129,4.06404256035259
35.0530119400267,492.605461918435,3.15503313117735
282.065532958112,21.020751558594,3.94022929541314
535.248104385211,389.861591831394,3.29420332132428
75.0180486341428,73.3034209229852,5.22223518590605
3.94101765443022,77.560881911701,3.38014243237916
584.988789467537,226.331990089937,4.09918815614316
440.704629990714,459.748997175454,4.73931341428072
659.292405625237,372.691877504465,2.92736455384923
106.566788550528,487.222106562087,4.37621925391329
621.207656109276,87.1671482960765,4.08490581148965
419.053552058296,257.387528524071,3.52939403229457
11.328957242047,181.848993405209,3.19045795380041
66.4218699100004,108.053026647593,4.50452473419782
612.211795295633,209.91772470467,4.0582067857569
247.791941746428,211.84094252904,3.63916909512743
579.070336470478,433.001226959607,3.75562104358801
301.991342239421,138.812002107833,3.83363771228831
534.429940347171,454.771128540682,3.3694871984693
38.8554066977706,420.924371272382,4.09335577359157
197.101014706365,292.182821041659,4.14559703617225
549.2246054088,260.864468451457,3.64764701306534
174.542406657722,28.7512864379939,4.37301794639742
500.138080404876,352.768320704395,4.52792150921899
34.6206043168088,46.6606759775534,3.81832983542634
525.776623935232,154.407257934253,4.83386558535104
NA,NA,NA
663.05891524719,330.669156031898,3.40918168443467
456.007609111151,300.083642570316,3.56378370956065
15.1471237859277,496.111634869347,3.42174303626009
558.44329167637,56.2384377311114,4.15393657463871
71.8061211410669,377.917651031215,3.99255293848836
228.972300529649,414.414825767468,3.90726931897608
431.026003131624,10.5626500761425,3.27339571500375
361.628135402049,293.441109750938,3.05193153527895
602.350119564579,109.927560443192,4.20909460733397
396.335263057583,231.665172619308,4.31862468359691
562.750201940444,405.09557781048,4.70228483765571
148.14251119597,281.236537391108,4.71859522682598
198.667233599372,367.171668730018,3.97358526350674
125.738147078506,411.101188442151,3.50023596422291
627.807692924469,313.738910848067,4.48975595785674
6.11228981987759,150.70048031967,4.22123480722953
538.991495367167,203.480946253672,4.24900644318586
35.0281908959117,491.419435961387,3.08021720431244
278.901756250218,21.8294054723833,3.81508434044833
534.06288254135,392.05657483233,3.47063814111012
73.1095085396337,85.0526418726586,5.23634374650201
5.32172546232081,75.0906424917564,3.58206862382194
587.092584951836,222.506260360916,3.98975085962267
438.130201213057,456.197854864583,4.75565644138546
657.744188207165,372.408689452023,3.22348514912957
106.67972676819,482.691582434125,4.19337291821599
626.106733499127,95.2910175384822,4.06419181720417
421.352608451694,264.119552182594,3.57996443964351
12.5359727709391,182.088178224116,3.18532945074306
83.3505061701421,120.497166674344,4.61943121717712
625.315328849784,204.956728816547,4.26960187768244
253.254733296953,222.661971724608,3.9457099470687
571.233816633976,431.377110001082,3.95375626321519
301.215167727357,138.584895525363,3.7937964450175
522.66489281577,454.248733478435,3.54867932580694
49.1381239709746,415.879317686542,3.79746411752301
180.422458625834,283.509245958002,4.10525918669686
559.571554945663,265.730863213613,3.977674434695
175.411768566767,20.5936797611882,4.29336359370176
502.156527906581,341.946253802811,4.44776257939624
34.4201635330539,49.0255645861777,3.76125808866812
530.600559763588,164.63160366648,4.95640194544826
NA,NA,NA
663.05891524719,330.669156031898,3.40918168443467
456.007609111151,300.083642570316,3.56378370956065
15.1471237859277,496.111634869347,3.42174303626009
558.44329167637,56.2384377311114,4.15393657463871
71.8061211410669,377.917651031215,3.99255293848836
228.972300529649,414.414825767468,3.90726931897608
431.026003131624,10.5626500761425,3.27339571500375
361.628135402049,293.441109750938,3.05193153527895
602.350119564579,109.927560443192,4.20909460733397
396.335263057583,231.665172619308,4.31862468359691
562.750201940444,405.09557781048,4.70228483765571
148.14251119597,281.236537391108,4.71859522682598
198.667233599372,367.171668730018,3.97358526350674
125.738147078506,411.101188442151,3.50023596422291
627.807692924469,313.738910848067,4.48975595785674
6.11228981987759,150.70048031967,4.22123480722953
538.991495367167,203.480946253672,4.24900644318586
35.0281908959117,491.419435961387,3.08021720431244
278.901756250218,21.8294054723833,3.81508434044833
534.06288254135,392.05657483233,3.47063814111012
73.1095085396337,85.0526418726586,5.23634374650201
5.32172546232081,75.0906424917564,3.58206862382194
587.092584951836,222.506260360916,3.98975085962267
438.130201213057,456.197854864583,4.75565644138546
657.744188207165,372.408689452023,3.22348514912957
106.67972676819,482.691582434125,4.19337291821599
626.106733499127,95.2910175384822,4.06419181720417
421.352608451694,264.119552182594,3.57996443964351
12.5359727709391,182.088178224116,3.18532945074306
83.3505061701421,120.497166674344,4.61943121717712
625.315328849784,204.956728816547,4.26960187768244
253.254733296953,222.661971724608,3.9457099470687
571.233816633976,431.377110001082,3.95375626321519
301.215167727357,138.584895525363,3.7937964450175
522.66489281577,454.248733478435,3.54867932580694
49.1381239709746,415.879317686542,3.79746411752301
180.422458625834,283.509245958002,4.10525918669686
559.571554945663,265.730863213613,3.977674434695
175.411768566767,20.5936797611882,4.29336359370176
502.156527906581,341.946253802811,4.44776257939624
34.4201635330539,49.0255645861777,3.76125808866812
530.600559763588,164.63160366648,4.95640194544826
NA,NA,NA
663.05891524719,330.669156031898,3.40918168443467
456.007609111151,300.083642570316,3.56378370956065
15.1471237859277,496.111634869347,3.42174303626009
558.44329167637,56.2384377311114,4.15393657463871
71.8061211410669,377.917651031215,3.99255293848836
228.972300529649,414.414825767468,3.90726931897608
431.026003131624,10.5626500761425,3.27339571500375
361.628135402049,293.441109750938,3.05193153527895
602.350119564579,109.927560443192,4.20909460733397
396.335263057583,231.665172619308,4.31862468359691
562.750201940444,405.09557781048,4.70228483765571
148.14251119597,281.236537391108,4.71859522682598
198.667233599372,367.171668730018,3.97358526350674
125.738147078506,411.101188442151,3.50023596422291
627.807692924469,313.738910848067,4.48975595785674
6.11228981987759,150.70048031967,4.22123480722953
538.991495367167,203.480946253672,4.24900644318586
35.0281908959117,491.419435961387,3.08021720431244
278.901756250218,21.8294054723833,3.81508434044833
534.06288254135,392.05657483233,3.47063814111012
73.1095085396337,85.0526418726586,5.23634374650201
5.32172546232081,75.0906424917564,3.58206862382194
587.092584951836,222.506260360916,3.98975085962267
438.130201213057,456.197854864583,4.75565644138546
657.744188207165,372.408689452023,3.22348514912957
106.67972676819,482.691582434125,4.19337291821599
626.106733499127,95.2910175384822,4.06419181720417
421.352608451694,264.119552182594,3.57996443964351
12.5359727709391,182.088178224116,3.18532945074306
83.3505061701421,120.497166674344,4.61943121717712
625.315328849784,204.956728816547,4.26960187768244
253.254733296953,222.661971724608,3.9457099470687
571.233816633976,431.377110001082,3.95375626321519
301.215167727357,138.584895525363,3.7937964450175
522.66489281577,454.248733478435,3.54867932580694
49.1381239709746,415.879317686542,3.79746411752301
180.422458625834,283.509245958002,4.10525918669686
559.571554945663,265.730863213613,3.977674434695
175.411768566767,20.5936797611882,4.29336359370176
502.156527906581,341.946253802811,4.44776257939624
34.4201635330539,49.0255645861777,3.76125808866812
530.600559763588,164.63160366648,4.95640194544826
NA,NA,NA
663.05891524719,330.669156031898,3.40918168443467
456.007609111151,300.083642570316,3.56378370956065
15.1471237859277,496.111634869347,3.42174303626009
558.44329167637,56.2384377311114,4.15393657463871
71.8061211410669,377.917651031215,3.99255293848836
228.972300529649,414.414825767468,3.90726931897608
431.026003131624,10.5626500761425,3.27339571500375
361.628135402049,293.441109750938,3.05193153527895
602.350119564579,109.927560443192,4.20909460733397
396.335263057583,231.665172619308,4.31862468359691
562.750201940444,405.09557781048,4.70228483765571
148.14251119597,281.236537391108,4.71859522682598
198.667233599372,367.171668730018,3.97358526350674
125.738147078506,411.101188442151,3.50023596422291
627.807692924469,313.738910848067,4.48975595785674
6.11228981987759,150.70048031967,4.22123480722953
538.991495367167,203.480946253672,4.24900644318586
35.0281908959117,491.419435961387,3.08021720431244
278.901756250218,21.8294054723833,3.81508434044833
534.06288254135,392.05657483233,3.47063814111012
73.1095085396337,85.0526418726586,5.23634374650201
5.32172546232081,75.0906424917564,3.58206862382194
587.092584951836,222.506260360916,3.98975085962267
438.130201213057,456.197854864583,4.75565644138546
657.744188207165,372.408689452023,3.22348514912957
106.67972676819,482.691582434125,4.19337291821599
626.106733499127,95.2910175384822,4.06419181720417
421.352608451694,264.119552182594,3.57996443964351
12.5359727709391,182.088178224116,3.18532945074306
83.3505061701421,120.497166674344,4.61943121717712
625.315328849784,204.956728816547,4.26960187768244
253.254733296953,222.661971724608,3.9457099470687
571.233816633976,431.377110001082,3.95375626321519
301.215167727357,138.584895525363,3.7937964450175
522.66489281577,454.248733478435,3.54867932580694
49.1381239709746,415.879317686542,3.79746411752301
180.422458625834,283.509245958002,4.10525918669686
559.571554945663,265.730863213613,3.977674434695
175.411768566767,20.5936797611882,4.29336359370176
502.156527906581,341.946253802811,4.44776257939624
34.4201635330539,49.0255645861777,3.76125808866812
530.600559763588,164.63160366648,4.95640194544826
NA,NA,NA
663.05891524719,330.669156031898,3.40918168443467
456.007609111151,300.083642570316,3.56378370956065
15.1471237859277,496.111634869347,3.42174303626009
558.44329167637,56.2384377311114,4.15393657463871
71.8061211410669,377.917651031215,3.99255293848836
228.972300529649,414.414825767468,3.90726931897608
431.026003131624,10.5626500761425,3.27339571500375
361.628135402049,293.441109750938,3.05193153527895
602.350119564579,109.927560443192,4.20909460733397
396.335263057583,231.665172619308,4.31862468359691
562.750201940444,405.09557781048,4.70228483765571
148.14251119597,281.236537391108,4.71859522682598
198.667233599372,367.171668730018,3.97358526350674
125.738147078506,411.101188442151,3.50023596422291
627.807692924469,313.738910848067,4.48975595785674
6.11228981987759,150.70048031967,4.22123480722953
538.991495367167,203.480946253672,4.24900644318586
35.0281908959117,491.419435961387,3.08021720431244
278.901756250218,21.8294054723833,3.81508434044833
534.06288254135,392.05657483233,3.47063814111012
73.1095085396337,85.0526418726586,5.23634374650201
5.32172546232081,75.0906424917564,3.58206862382194
587.092584951836,222.506260360916,3.98975085962267
438.130201213057,456.197854864583,4.75565644138546
657.744188207165,372.408689452023,3.22348514912957
106.67972676819,482.691582434125,4.19337291821599
626.106733499127,95.2910175384822,4.06419181720417
421.352608451694,264.119552182594,3.57996443964351
12.5359727709391,182.088178224116,3.18532945074306
83.3505061701421,120.497166674344,4.61943121717712
625.315328849784,204.956728816547,4.26960187768244
253.254733296953,222.661971724608,3.9457099470687
571.233816633976,431.377110001082,3.95375626321519
301.215167727357,138.584895525363,3.7937964450175
522.66489281577,454.248733478435,3.54867932580694
49.1381239709746,415.879317686542,3.79746411752301
180.422458625834,283.509245958002,4.10525918669686
559.571554945663,265.730863213613,3.977674434695
175.411768566767,20.5936797611882,4.29336359370176
502.156527906581,341.946253802811,4.44776257939624
34.4201635330539,49.0255645861777,3.76125808866812
530.600559763588,164.63160366648,4.95640194544826
NA,NA,NA
663.05891524719,330.669156031898,3.40918168443467
456.007609111151,300.083642570316,3.56378370956065
15.1471237859277,496.111634869347,3.42174303626009
558.44329167637,56.2384377311114,4.15393657463871
71.8061211410669,377.917651031215,3.99255293848836
228.972300529649,414.414825767468,3.90726931897608
431.026003131624,10.5626500761425,3.27339571500375
361.628135402049,293.441109750938,3.05193153527895
602.350119564579,109.927560443192,4.20909460733397
396.335263057583,231.665172619308,4.31862468359691
562.750201940444,405.09557781048,4.70228483765571
148.14251119597,281.236537391108,4.71859522682598
198.667233599372,367.171668730018,3.97358526350674
125.738147078506,411.101188442151,3.50023596422291
627.807692924469,313.738910848067,4.48975595785674
6.11228981987759,150.70048031967,4.22123480722953
538.991495367167,203.480946253672,4.24900644318586
35.0281908959117,491.419435961387,3.08021720431244
278.901756250218,21.8294054723833,3.81508434044833
534.06288254135,392.05657483233,3.47063814111012
73.1095085396337,85.0526418726586,5.23634374650201
5.32172546232081,75.0906424917564,3.58206862382194
587.092584951836,222.506260360916,3.98975085962267
438.130201213057,456.197854864583,4.75565644138546
657.744188207165,372.408689452023,3.22348514912957
106.67972676819,482.691582434125,4.19337291821599
626.106733499127,95.2910175384822,4.06419181720417
421.352608451694,264.119552182594,3.57996443964351
12.5359727709391,182.088178224116,3.18532945074306
83.3505061701421,120.497166674344,4.61943121717712
625.315328849784,204.956728816547,4.26960187768244
253.254733296953,222.661971724608,3.9457099470687
571.233816633976,431.377110001082,3.95375626321519
301.215167727357,138.584895525363,3.7937964450175
522.66489281577,454.248733478435,3.54867932580694
49.1381239709746,415.879317686542,3.79746411752301
180.422458625834,283.509245958002,4.10525918669686
559.571554945663,265.730863213613,3.977674434695
175.411768566767,20.5936797611882,4.29336359370176
502.156527906581,341.946253802811,4.44776257939624
34.4201635330539,49.0255645861777,3.76125808866812
530.600559763588,164.63160366648,4.95640194544826
NA,NA,NA
665.122187745945,336.511407274225,3.51561033534815
452.576601351555,297.342475015108,3.39383482013174
9.04581745171458,492.799498819097,3.81852021636999
559.718845069739,50.3628956838378,4.23266284727801
65.2287685479177,381.48840955368,4.00852965447666
223.933946222649,415.848659984769,3.83977312172704
428.230572358441,11.1796602287195,3.36555500646085
362.785288519411,290.712978004644,3.16678625898188
606.004385635509,109.26077200301,4.31935198247691
392.054782601708,230.213564517582,4.2511287203719
567.601583050427,416.132210840274,4.69075392498501
138.969587335634,282.827483588872,4.81850561894336
199.46289925046,369.040612672016,3.97345606324239
122.955073088801,409.402328052466,3.41261926752348
626.452829920849,314.610482800715,4.60656254415455
-6.71170786639032,143.49894243191,4.20638768799614
546.291050752536,203.357661824227,4.29041011485815
32.3893417075295,492.004714136849,3.01009393131705
283.96663107048,23.0399652367836,4.06709695905609
536.181819091429,391.926443310946,3.5011278361562
68.1144864615138,80.0182585584191,5.22648877617746
4.98678061988648,73.9544147887341,3.43953924470882
585.384534665445,228.611913133891,4.10286607653996
436.078405580918,458.32625417815,4.83463239802397
660.002644090602,373.440478085056,3.02684658075844
107.451156031996,492.78672556943,4.28715913587886
626.406668896509,89.2057984560869,4.11361316022291
418.947683178007,257.810979759267,3.53530278761453
12.8110959218315,183.02007025056,3.0971369632012
60.0346212349826,127.826842286593,4.29672247703549
606.831152254133,208.543030140138,4.10931777873325
253.872382888692,212.337430255751,3.66587561897572
579.933973824874,430.158886562842,3.81978587575431
301.117127611577,135.998988832139,3.8280629688554
531.194795641896,458.28552451058,3.68042102724167
46.8619797295804,406.548563397472,4.03692207590364
191.859996606075,288.831310985417,4.16715341152215
557.127945471509,263.563468504126,3.89052962354859
176.614366081574,24.9737762379986,4.37458228351861
505.516138279655,343.99991196633,4.66598444537087
32.2546563977885,41.8824425856486,3.58221596737913
546.072557721385,165.229895094939,4.59317642324427
NA,NA,NA
665.122187745945,336.511407274225,3.51561033534815
452.576601351555,297.342475015108,3.39383482013174
9.04581745171458,492.799498819097,3.81852021636999
559.718845069739,50.3628956838378,4.23266284727801
65.2287685479177,381.48840955368,4.00852965447666
223.933946222649,415.848659984769,3.83977312172704
428.230572358441,11.1796602287195,3.36555500646085
362.785288519411,290.712978004644,3.16678625898188
606.004385635509,109.26077200301,4.31935198247691
392.054782601708,230.213564517582,4.2511287203719
567.601583050427,416.132210840274,4.69075392498501
138.969587335634,282.827483588872,4.81850561894336
199.46289925046,369.040612672016,3.97345606324239
122.955073088801,409.402328052466,3.41261926752348
626.452829920849,314.610482800715,4.60656254415455
-6.71170786639032,143.49894243191,4.20638768799614
546.291050752536,203.357661824227,4.29041011485815
32.3893417075295,492.004714136849,3.01009393131705
283.96663107048,23.0399652367836,4.06709695905609
536.181819091429,391.926443310946,3.5011278361562
68.1144864615138,80.0182585584191,5.22648877617746
4.98678061988648,73.9544147887341,3.43953924470882
585.384534665445,228.611913133891,4.10286607653996
436.078405580918,458.32625417815,4.83463239802397
660.002644090602,373.440478085056,3.02684658075844
107.451156031996,492.78672556943,4.28715913587886
626.406668896509,89.2057984560869,4.11361316022291
418.947683178007,257.810979759267,3.53530278761453
12.8110959218315,183.02007025056,3.0971369632012
60.0346212349826,127.826842286593,4.29672247703549
606.831152254133,208.543030140138,4.10931777873325
253.872382888692,212.337430255751,3.66587561897572
579.933973824874,430.158886562842,3.81978587575431
301.117127611577,135.998988832139,3.8280629688554
531.194795641896,458.28552451058,3.68042102724167
46.8619797295804,406.548563397472,4.03692207590364
191.859996606075,288.831310985417,4.16715341152215
557.127945471509,263.563468504126,3.89052962354859
176.614366081574,24.9737762379986,4.37458228351861
505.516138279655,343.99991196633,4.66598444537087
32.2546563977885,41.8824425856486,3.58221596737913
546.072557721385,165.229895094939,4.59317642324427
NA,NA,NA
665.122187745945,336.511407274225,3.51561033534815
452.576601351555,297.342475015108,3.39383482013174
9.04581745171458,492.799498819097,3.81852021636999
559.718845069739,50.3628956838378,4.23266284727801
65.2287685479177,381.48840955368,4.00852965447666
223.933946222649,415.848659984769,3.83977312172704
428.230572358441,11.1796602287195,3.36555500646085
362.785288519411,290.712978004644,3.16678625898188
606.004385635509,109.26077200301,4.31935198247691
392.054782601708,230.213564517582,4.2511287203719
567.601583050427,416.132210840274,4.69075392498501
138.969587335634,282.827483588872,4.81850561894336
199.46289925046,369.040612672016,3.97345606324239
122.955073088801,409.402328052466,3.41261926752348
626.452829920849,314.610482800715,4.60656254415455
-6.71170786639032,143.49894243191,4.20638768799614
546.291050752536,203.357661824227,4.29041011485815
32.3893417075295,492.004714136849,3.01009393131705
283.96663107048,23.0399652367836,4.06709695905609
536.181819091429,391.926443310946,3.5011278361562
68.1144864615138,80.0182585584191,5.22648877617746
4.98678061988648,73.9544147887341,3.43953924470882
585.384534665445,228.611913133891,4.10286607653996
436.078405580918,458.32625417815,4.83463239802397
660.002644090602,373.440478085056,3.02684658075844
107.451156031996,492.78672556943,4.28715913587886
626.406668896509,89.2057984560869,4.11361316022291
418.947683178007,257.810979759267,3.53530278761453
12.8110959218315,183.02007025056,3.0971369632012
60.0346212349826,127.826842286593,4.29672247703549
606.831152254133,208.543030140138,4.10931777873325
253.872382888692,212.337430255751,3.66587561897572
579.933973824874,430.158886562842,3.81978587575431
301.117127611577,135.998988832139,3.8280629688554
531.194795641896,458.28552451058,3.68042102724167
46.8619797295804,406.548563397472,4.03692207590364
191.859996606075,288.831310985417,4.16715341152215
557.127945471509,263.563468504126,3.89052962354859
176.614366081574,24.9737762379986,4.37458228351861
505.516138279655,343.99991196633,4.66598444537087
32.2546563977885,41.8824425856486,3.58221596737913
546.072557721385,165.229895094939,4.59317642324427
NA,NA,NA
665.122187745945,336.511407274225,3.51561033534815
452.576601351555,297.342475015108,3.39383482013174
9.04581745171458,492.799498819097,3.81852021636999
559.718845069739,50.3628956838378,4.23266284727801
65.2287685479177,381.48840955368,4.00852965447666
223.933946222649,415.848659984769,3.83977312172704
428.230572358441,11.1796602287195,3.36555500646085
362.785288519411,290.712978004644,3.16678625898188
606.004385635509,109.26077200301,4.31935198247691
392.054782601708,230.213564517582,4.2511287203719
567.601583050427,416.132210840274,4.69075392498501
138.969587335634,282.827483588872,4.81850561894336
199.46289925046,369.040612672016,3.97345606324239
122.955073088801,409.402328052466,3.41261926752348
626.452829920849,314.610482800715,4.60656254415455
-6.71170786639032,143.49894243191,4.20638768799614
546.291050752536,203.357661824227,4.29041011485815
32.3893417075295,492.004714136849,3.01009393131705
283.96663107048,23.0399652367836,4.06709695905609
536.181819091429,391.926443310946,3.5011278361562
68.1144864615138,80.0182585584191,5.22648877617746
4.98678061988648,73.9544147887341,3.43953924470882
585.384534665445,228.611913133891,4.10286607653996
436.078405580918,458.32625417815,4.83463239802397
660.002644090602,373.440478085056,3.02684658075844
107.451156031996,492.78672556943,4.28715913587886
626.406668896509,89.2057984560869,4.11361316022291
418.947683178007,257.810979759267,3.53530278761453
12.8110959218315,183.02007025056,3.0971369632012
60.0346212349826,127.826842286593,4.29672247703549
606.831152254133,208.543030140138,4.10931777873325
253.872382888692,212.337430255751,3.66587561897572
579.933973824874,430.158886562842,3.81978587575431
301.117127611577,135.998988832139,3.8280629688554
531.194795641896,458.28552451058,3.68042102724167
46.8619797295804,406.548563397472,4.03692207590364
191.859996606075,288.831310985417,4.16715341152215
557.127945471509,263.563468504126,3.89052962354859
176.614366081574,24.9737762379986,4.37458228351861
505.516138279655,343.99991196633,4.66598444537087
32.2546563977885,41.8824425856486,3.58221596737913
546.072557721385,165.229895094939,4.59317642324427
NA,NA,NA
665.122187745945,336.511407274225,3.51561033534815
452.576601351555,297.342475015108,3.39383482013174
9.04581745171458,492.799498819097,3.81852021636999
559.718845069739,50.3628956838378,4.23266284727801
65.2287685479177,381.48840955368,4.00852965447666
223.933946222649,415.848659984769,3.83977312172704
428.230572358441,11.1796602287195,3.36555500646085
362.785288519411,290.712978004644,3.16678625898188
606.004385635509,109.26077200301,4.31935198247691
392.054782601708,230.213564517582,4.2511287203719
567.601583050427,416.132210840274,4.69075392498501
138.969587335634,282.827483588872,4.81850561894336
199.46289925046,369.040612672016,3.97345606324239
122.955073088801,409.402328052466,3.41261926752348
626.452829920849,314.610482800715,4.60656254415455
-6.71170786639032,143.49894243191,4.20638768799614
546.291050752536,203.357661824227,4.29041011485815
32.3893417075295,492.004714136849,3.01009393131705
283.96663107048,23.0399652367836,4.06709695905609
536.181819091429,391.926443310946,3.5011278361562
68.1144864615138,80.0182585584191,5.22648877617746
4.98678061988648,73.9544147887341,3.43953924470882
585.384534665445,228.611913133891,4.10286607653996
436.078405580918,458.32625417815,4.83463239802397
660.002644090602,373.440478085056,3.02684658075844
107.451156031996,492.78672556943,4.28715913587886
626.406668896509,89.2057984560869,4.11361316022291
418.947683178007,257.810979759267,3.53530278761453
12.8110959218315,183.02007025056,3.0971369632012
60.0346212349826,127.826842286593,4.29672247703549
606.831152254133,208.543030140138,4.10931777873325
253.872382888692,212.337430255751,3.66587561897572
579.933973824874,430.158886562842,3.81978587575431
301.117127611577,135.998988832139,3.8280629688554
531.194795641896,458.28552451058,3.68042102724167
46.8619797295804,406.548563397472,4.03692207590364
191.859996606075,288.831310985417,4.16715341152215
557.127945471509,263.563468504126,3.89052962354859
176.614366081574,24.9737762379986,4.37458228351861
505.516138279655,343.99991196633,4.66598444537087
32.2546563977885,41.8824425856486,3.58221596737913
546.072557721385,165.229895094939,4.59317642324427
NA,NA,NA
665.122187745945,336.511407274225,3.51561033534815
452.576601351555,297.342475015108,3.39383482013174
9.04581745171458,492.799498819097,3.81852021636999
559.718845069739,50.3628956838378,4.23266284727801
65.2287685479177,381.48840955368,4.00852965447666
223.933946222649,415.848659984769,3.83977312172704
428.230572358441,11.1796602287195,3.36555500646085
362.785288519411,290.712978004644,3.16678625898188
606.004385635509,109.26077200301,4.31935198247691
392.054782601708,230.213564517582,4.2511287203719
567.601583050427,416.132210840274,4.69075392498501
138.969587335634,282.827483588872,4.81850561894336
199.46289925046,369.040612672016,3.97345606324239
122.955073088801,409.402328052466,3.41261926752348
626.452829920849,314.610482800715,4.60656254415455
-6.71170786639032,143.49894243191,4.20638768799614
546.291050752536,203.357661824227,4.29041011485815
32.3893417075295,492.004714136849,3.01009393131705
283.96663107048,23.0399652367836,4.06709695905609
536.181819091429,391.926443310946,3.5011278361562
68.1144864615138,80.0182585584191,5.22648877617746
4.98678061988648,73.9544147887341,3.43953924470882
585.384534665445,228.611913133891,4.10286607653996
436.078405580918,458.32625417815,4.83463239802397
660.002644090602,373.440478085056,3.02684658075844
107.451156031996,492.78672556943,4.28715913587886
626.406668896509,89.2057984560869,4.11361316022291
418.947683178007,257.810979759267,3.53530278761453
12.8110959218315,183.02007025056,3.0971369632012
60.0346212349826,127.826842286593,4.29672247703549
606.831152254133,208.543030140138,4.10931777873325
253.872382888692,212.337430255751,3.66587561897572
579.933973824874,430.158886562842,3.81978587575431
301.117127611577,135.998988832139,3.8280629688554
531.194795641896,458.28552451058,3.68042102724167
46.8619797295804,406.548563397472,4.03692207590364
191.859996606075,288.831310985417,4.16715341152215
557.127945471509,263.563468504126,3.89052962354859
176.614366081574,24.9737762379986,4.37458228351861
505.516138279655,343.99991196633,4.66598444537087
32.2546563977885,41.8824425856486,3.58221596737913
546.072557721385,165.229895094939,4.59317642324427
NA,NA,NA
661.242206967827,334.615963478458,3.46038036020993
455.667290315446,299.561907168352,3.60055188064255
11.0743067836924,494.743719775276,3.46905024897301
558.52938387016,48.7540596227598,4.15841681198024
70.2988233267218,376.514639466232,4.00794224981335
230.44526999663,412.08179346891,3.93753927217042
430.268069908997,12.7612851357757,3.3295970516805
362.738322516981,294.606268074426,3.15633321398562
608.966539888542,104.941999390718,4.07944758990158
395.367081549245,234.499601961022,4.08467780624083
572.301930571002,408.528520067474,4.7812335081744
139.521337775888,283.196402427409,4.41147071966221
197.713934529775,370.520247623591,4.2061314813269
126.329895659339,408.867457084601,3.36779408974914
621.154874568454,313.861729759088,4.43768454143605
1.38656787983622,148.80632885965,4.20089896151668
544.470510586435,202.735101426998,4.10883446486839
34.5528242069911,493.657450740435,2.96028712505072
280.581281128025,19.235588017852,3.74885047163097
532.980640845141,393.391116104651,3.44541232869687
74.4780131835223,72.1245186190113,5.158645965826
4.08163491524996,73.0846115411752,3.37590140116204
590.352850792388,226.943703071927,4.02551988809325
442.681599951196,461.320005762619,4.81576471433559
657.796870860562,374.898990443934,2.95880731005444
107.69998527232,489.86888569603,4.35970725500549
624.672813330918,88.1470276230088,4.0377053748186
416.995357311399,260.006886527341,3.60923616280347
11.2317164338343,179.635435818423,3.23040071226045
56.9596397791411,127.383105226615,4.46334545804482
604.010643043467,191.10447876089,4.05745987004651
265.43654791367,219.480501467812,3.57177174750049
572.472461281355,438.801731378022,3.78952896017472
295.592680276117,134.245103750802,3.72741428784779
530.050383795543,460.524099323696,3.48358159027911
49.4672619285809,431.316625379488,4.1439856682795
200.852855401952,298.713248168429,4.05755369132812
548.590299165073,266.457638190491,3.94484015692917
177.727362822954,21.6808728321372,4.44990057332942
499.414197171145,348.864268021098,4.71445591599968
36.2073591971961,53.2915516359666,3.92431303681438
551.612996055933,142.800730306057,4.65438052741582
NA,NA,NA
661.242206967827,334.615963478458,3.46038036020993
455.667290315446,299.561907168352,3.60055188064255
11.0743067836924,494.743719775276,3.46905024897301
558.52938387016,48.7540596227598,4.15841681198024
70.2988233267218,376.514639466232,4.00794224981335
230.44526999663,412.08179346891,3.93753927217042
430.268069908997,12.7612851357757,3.3295970516805
362.738322516981,294.606268074426,3.15633321398562
608.966539888542,104.941999390718,4.07944758990158
395.367081549245,234.499601961022,4.08467780624083
572.301930571002,408.528520067474,4.7812335081744
139.521337775888,283.196402427409,4.41147071966221
197.713934529775,370.520247623591,4.2061314813269
126.329895659339,408.867457084601,3.36779408974914
621.154874568454,313.861729759088,4.43768454143605
1.38656787983622,148.80632885965,4.20089896151668
544.470510586435,202.735101426998,4.10883446486839
34.5528242069911,493.657450740435,2.96028712505072
280.581281128025,19.235588017852,3.74885047163097
532.980640845141,393.391116104651,3.44541232869687
74.4780131835223,72.1245186190113,5.158645965826
4.08163491524996,73.0846115411752,3.37590140116204
590.352850792388,226.943703071927,4.02551988809325
442.681599951196,461.320005762619,4.81576471433559
657.796870860562,374.898990443934,2.95880731005444
107.69998527232,489.86888569603,4.35970725500549
624.672813330918,88.1470276230088,4.0377053748186
416.995357311399,260.006886527341,3.60923616280347
11.2317164338343,179.635435818423,3.23040071226045
56.9596397791411,127.383105226615,4.46334545804482
604.010643043467,191.10447876089,4.05745987004651
265.43654791367,219.480501467812,3.57177174750049
572.472461281355,438.801731378022,3.78952896017472
295.592680276117,134.245103750802,3.72741428784779
530.050383795543,460.524099323696,3.48358159027911
49.4672619285809,431.316625379488,4.1439856682795
200.852855401952,298.713248168429,4.05755369132812
548.590299165073,266.457638190491,3.94484015692917
177.727362822954,21.6808728321372,4.44990057332942
499.414197171145,348.864268021098,4.71445591599968
36.2073591971961,53.2915516359666,3.92431303681438
551.612996055933,142.800730306057,4.65438052741582
NA,NA,NA
661.242206967827,334.615963478458,3.46038036020993
455.667290315446,299.561907168352,3.60055188064255
11.0743067836924,494.743719775276,3.46905024897301
558.52938387016,48.7540596227598,4.15841681198024
70.2988233267218,376.514639466232,4.00794224981335
230.44526999663,412.08179346891,3.93753927217042
430.268069908997,12.7612851357757,3.3295970516805
362.738322516981,294.606268074426,3.15633321398562
608.966539888542,104.941999390718,4.07944758990158
395.367081549245,234.499601961022,4.08467780624083
572.301930571002,408.528520067474,4.7812335081744
139.521337775888,283.196402427409,4.41147071966221
197.713934529775,370.520247623591,4.2061314813269
126.329895659339,408.867457084601,3.36779408974914
621.154874568454,313.861729759088,4.43768454143605
1.38656787983622,148.80632885965,4.20089896151668
544.470510586435,202.735101426998,4.10883446486839
34.5528242069911,493.657450740435,2.96028712505072
280.581281128025,19.235588017852,3.74885047163097
532.980640845141,393.391116104651,3.44541232869687
74.4780131835223,72.1245186190113,5.158645965826
4.08163491524996,73.0846115411752,3.37590140116204
590.352850792388,226.943703071927,4.02551988809325
442.681599951196,461.320005762619,4.81576471433559
657.796870860562,374.898990443934,2.95880731005444
107.69998527232,489.86888569603,4.35970725500549
624.672813330918,88.1470276230088,4.0377053748186
416.995357311399,260.006886527341,3.60923616280347
11.2317164338343,179.635435818423,3.23040071226045
56.9596397791411,127.383105226615,4.46334545804482
604.010643043467,191.10447876089,4.05745987004651
265.43654791367,219.480501467812,3.57177174750049
572.472461281355,438.801731378022,3.78952896017472
295.592680276117,134.245103750802,3.72741428784779
530.050383795543,460.524099323696,3.48358159027911
49.4672619285809,431.316625379488,4.1439856682795
200.852855401952,298.713248168429,4.05755369132812
548.590299165073,266.457638190491,3.94484015692917
177.727362822954,21.6808728321372,4.44990057332942
499.414197171145,348.864268021098,4.71445591599968
36.2073591971961,53.2915516359666,3.92431303681438
551.612996055933,142.800730306057,4.65438052741582
NA,NA,NA
661.242206967827,334.615963478458,3.46038036020993
455.667290315446,299.561907168352,3.60055188064255
11.0743067836924,494.743719775276,3.46905024897301
558.52938387016,48.7540596227598,4.15841681198024
70.2988233267218,376.514639466232,4.00794224981335
230.44526999663,412.08179346891,3.93753927217042
430.268069908997,12.7612851357757,3.3295970516805
362.738322516981,294.606268074426,3.15633321398562
608.966539888542,104.941999390718,4.07944758990158
395.367081549245,234.499601961022,4.08467780624083
572.301930571002,408.528520067474,4.7812335081744
139.521337775888,283.196402427409,4.41147071966221
197.713934529775,370.520247623591,4.2061314813269
126.329895659339,408.867457084601,3.36779408974914
621.154874568454,313.861729759088,4.43768454143605
1.38656787983622,148.80632885965,4.20089896151668
544.470510586435,202.735101426998,4.10883446486839
34.5528242069911,493.657450740435,2.96028712505072
280.581281128025,19.235588017852,3.74885047163097
532.980640845141,393.391116104651,3.44541232869687
74.4780131835223,72.1245186190113,5.158645965826
4.08163491524996,73.0846115411752,3.37590140116204
590.352850792388,226.943703071927,4.02551988809325
442.681599951196,461.320005762619,4.81576471433559
657.796870860562,374.898990443934,2.95880731005444
107.69998527232,489.86888569603,4.35970725500549
624.672813330918,88.1470276230088,4.0377053748186
416.995357311399,260.006886527341,3.60923616280347
11.2317164338343,179.635435818423,3.23040071226045
56.9596397791411,127.383105226615,4.46334545804482
604.010643043467,191.10447876089,4.05745987004651
265.43654791367,219.480501467812,3.57177174750049
572.472461281355,438.801731378022,3.78952896017472
295.592680276117,134.245103750802,3.72741428784779
530.050383795543,460.524099323696,3.48358159027911
49.4672619285809,431.316625379488,4.1439856682795
200.852855401952,298.713248168429,4.05755369132812
548.590299165073,266.457638190491,3.94484015692917
177.727362822954,21.6808728321372,4.44990057332942
499.414197171145,348.864268021098,4.71445591599968
36.2073591971961,53.2915516359666,3.92431303681438
551.612996055933,142.800730306057,4.65438052741582
NA,NA,NA
661.242206967827,334.615963478458,3.46038036020993
455.667290315446,299.561907168352,3.60055188064255
11.0743067836924,494.743719775276,3.46905024897301
558.52938387016,48.7540596227598,4.15841681198024
70.2988233267218,376.514639466232,4.00794224981335
230.44526999663,412.08179346891,3.93753927217042
430.268069908997,12.7612851357757,3.3295970516805
362.738322516981,294.606268074426,3.15633321398562
608.966539888542,104.941999390718,4.07944758990158
395.367081549245,234.499601961022,4.08467780624083
572.301930571002,408.528520067474,4.7812335081744
139.521337775888,283.196402427409,4.41147071966221
197.713934529775,370.520247623591,4.2061314813269
126.329895659339,408.867457084601,3.36779408974914
621.154874568454,313.861729759088,4.43768454143605
1.38656787983622,148.80632885965,4.20089896151668
544.470510586435,202.735101426998,4.10883446486839
34.5528242069911,493.657450740435,2.96028712505072
280.581281128025,19.235588017852,3.74885047163097
532.980640845141,393.391116104651,3.44541232869687
74.4780131835223,72.1245186190113,5.158645965826
4.08163491524996,73.0846115411752,3.37590140116204
590.352850792388,226.943703071927,4.02551988809325
442.681599951196,461.320005762619,4.81576471433559
657.796870860562,374.898990443934,2.95880731005444
107.69998527232,489.86888569603,4.35970725500549
624.672813330918,88.1470276230088,4.0377053748186
416.995357311399,260.006886527341,3.60923616280347
11.2317164338343,179.635435818423,3.23040071226045
56.9596397791411,127.383105226615,4.46334545804482
604.010643043467,191.10447876089,4.05745987004651
265.43654791367,219.480501467812,3.57177174750049
572.472461281355,438.801731378022,3.78952896017472
295.592680276117,134.245103750802,3.72741428784779
530.050383795543,460.524099323696,3.48358159027911
49.4672619285809,431.316625379488,4.1439856682795
200.852855401952,298.713248168429,4.05755369132812
548.590299165073,266.457638190491,3.94484015692917
177.727362822954,21.6808728321372,4.44990057332942
499.414197171145,348.864268021098,4.71445591599968
36.2073591971961,53.2915516359666,3.92431303681438
551.612996055933,142.800730306057,4.65438052741582
NA,NA,NA
661.242206967827,334.615963478458,3.46038036020993
455.667290315446,299.561907168352,3.60055188064255
11.0743067836924,494.743719775276,3.46905024897301
558.52938387016,48.7540596227598,4.15841681198024
70.2988233267218,376.514639466232,4.00794224981335
230.44526999663,412.08179346891,3.93753927217042
430.268069908997,12.7612851357757,3.3295970516805
362.738322516981,294.606268074426,3.15633321398562
608.966539888542,104.941999390718,4.07944758990158
395.367081549245,234.499601961022,4.08467780624083
572.301930571002,408.528520067474,4.7812335081744
139.521337775888,283.196402427409,4.41147071966221
197.713934529775,370.520247623591,4.2061314813269
126.329895659339,408.867457084601,3.36779408974914
621.154874568454,313.861729759088,4.43768454143605
1.38656787983622,148.80632885965,4.20089896151668
544.470510586435,202.735101426998,4.10883446486839
34.5528242069911,493.657450740435,2.96028712505072
280.581281128025,19.235588017852,3.74885047163097
532.980640845141,393.391116104651,3.44541232869687
74.4780131835223,72.1245186190113,5.158645965826
4.08163491524996,73.0846115411752,3.37590140116204
590.352850792388,226.943703071927,4.02551988809325
442.681599951196,461.320005762619,4.81576471433559
657.796870860562,374.898990443934,2.95880731005444
107.69998527232,489.86888569603,4.35970725500549
624.672813330918,88.1470276230088,4.0377053748186
416.995357311399,260.006886527341,3.60923616280347
11.2317164338343,179.635435818423,3.23040071226045
56.9596397791411,127.383105226615,4.46334545804482
604.010643043467,191.10447876089,4.05745987004651
265.43654791367,219.480501467812,3.57177174750049
572.472461281355,438.801731378022,3.78952896017472
295.592680276117,134.245103750802,3.72741428784779
530.050383795543,460.524099323696,3.48358159027911
49.4672619285809,431.316625379488,4.1439856682795
200.852855401952,298.713248168429,4.05755369132812
548.590299165073,266.457638190491,3.94484015692917
177.727362822954,21.6808728321372,4.44990057332942
499.414197171145,348.864268021098,4.71445591599968
36.2073591971961,53.2915516359666,3.92431303681438
551.612996055933,142.800730306057,4.65438052741582
NA,NA,NA
663.371650690541,333.60900249147,3.5068616493547
457.724295314337,296.1069150457,3.64042807176591
5.40722306467136,491.343738418833,3.63617189657732
562.897996122202,49.5445190301424,4.25390712569272
72.976017198596,374.740741853503,3.91842962301676
226.762412204956,412.140996376311,3.96013302182689
425.552962470886,13.3151720626567,3.30514370928159
364.187665946443,292.257177982481,2.96431344688787
606.357739311903,106.330421347344,4.20416086738175
393.86904918391,226.882311559224,4.21788937087589
568.85065621281,405.973992964432,4.76259832283851
143.242784024663,284.024608833079,4.57526800483764
205.188509333552,369.435509512577,4.12774993896221
126.055166616973,410.250219259715,3.38773746932586
626.349746761872,311.567830329316,4.59170681558628
-5.08392614571207,151.579214681695,4.20271962207881
542.910395487808,207.706438948667,4.11228483631355
35.346336731985,490.857957864364,3.07278572926447
279.412184568353,21.029850466648,3.937523166142
535.410174143249,391.961231264669,3.53733534515979
76.9943809122908,83.6759938928039,5.32669333429262
4.23570891946289,79.8039029943245,3.24146069926668
586.734208855574,226.295636498462,3.95080582233704
444.312462785195,463.835999146787,4.69562158026909
657.736282228537,375.322477431118,3.167758595761
101.866493375094,491.140198110007,4.34673405269805
621.346459234245,88.9229352063073,4.07540594968785
415.452225526961,261.464053268125,3.62675831471531
11.3367678731401,180.989112126905,3.41501647861646
65.8170119857767,116.207165392572,4.50417471592928
610.634598037143,209.278797193542,4.23584336804228
252.755074228456,221.924281383143,4.3035100874069
565.31539804728,433.475447094232,3.88662384553642
301.466340233798,140.10902018652,3.81418327168632
534.491073459336,462.005328080288,3.5020695907872
48.8145579094045,420.848656279151,3.81391379989595
208.693366075746,298.417386222875,3.91539303806999
546.638530176088,257.877852506673,3.78066949049404
180.930646527296,22.376544021513,4.08267432497774
492.723084084532,343.341602409959,4.70909525942568
30.9485368444482,55.3530348959309,3.82294677807893
508.591110654455,141.045584296945,4.91508720721837
NA,NA,NA
663.371650690541,333.60900249147,3.5068616493547
457.724295314337,296.1069150457,3.64042807176591
5.40722306467136,491.343738418833,3.63617189657732
562.897996122202,49.5445190301424,4.25390712569272
72.976017198596,374.740741853503,3.91842962301676
226.762412204956,412.140996376311,3.96013302182689
425.552962470886,13.3151720626567,3.30514370928159
364.187665946443,292.257177982481,2.96431344688787
606.357739311903,106.330421347344,4.20416086738175
393.86904918391,226.882311559224,4.21788937087589
568.85065621281,405.973992964432,4.76259832283851
143.242784024663,284.024608833079,4.57526800483764
205.188509333552,369.435509512577,4.12774993896221
126.055166616973,410.250219259715,3.38773746932586
626.349746761872,311.567830329316,4.59170681558628
-5.08392614571207,151.579214681695,4.20271962207881
542.910395487808,207.706438948667,4.11228483631355
35.346336731985,490.857957864364,3.07278572926447
279.412184568353,21.029850466648,3.937523166142
535.410174143249,391.961231264669,3.53733534515979
76.9943809122908,83.6759938928039,5.32669333429262
4.23570891946289,79.8039029943245,3.24146069926668
586.734208855574,226.295636498462,3.95080582233704
444.312462785195,463.835999146787,4.69562158026909
657.736282228537,375.322477431118,3.167758595761
101.866493375094,491.140198110007,4.34673405269805
621.346459234245,88.9229352063073,4.07540594968785
415.452225526961,261.464053268125,3.62675831471531
11.3367678731401,180.989112126905,3.41501647861646
65.8170119857767,116.207165392572,4.50417471592928
610.634598037143,209.278797193542,4.23584336804228
252.755074228456,221.924281383143,4.3035100874069
565.31539804728,433.475447094232,3.88662384553642
301.466340233798,140.10902018652,3.81418327168632
534.491073459336,462.005328080288,3.5020695907872
48.8145579094045,420.848656279151,3.81391379989595
208.693366075746,298.417386222875,3.91539303806999
546.638530176088,257.877852506673,3.78066949049404
180.930646527296,22.376544021513,4.08267432497774
492.723084084532,343.341602409959,4.70909525942568
30.9485368444482,55.3530348959309,3.82294677807893
508.591110654455,141.045584296945,4.91508720721837
NA,NA,NA
663.371650690541,333.60900249147,3.5068616493547
457.724295314337,296.1069150457,3.64042807176591
5.40722306467136,491.343738418833,3.63617189657732
562.897996122202,49.5445190301424,4.25390712569272
72.976017198596,374.740741853503,3.91842962301676
226.762412204956,412.140996376311,3.96013302182689
425.552962470886,13.3151720626567,3.30514370928159
364.187665946443,292.257177982481,2.96431344688787
606.357739311903,106.330421347344,4.20416086738175
393.86904918391,226.882311559224,4.21788937087589
568.85065621281,405.973992964432,4.76259832283851
143.242784024663,284.024608833079,4.57526800483764
205.188509333552,369.435509512577,4.12774993896221
126.055166616973,410.250219259715,3.38773746932586
626.349746761872,311.567830329316,4.59170681558628
-5.08392614571207,151.579214681695,4.20271962207881
542.910395487808,207.706438948667,4.11228483631355
35.346336731985,490.857957864364,3.07278572926447
279.412184568353,21.029850466648,3.937523166142
535.410174143249,391.961231264669,3.53733534515979
76.9943809122908,83.6759938928039,5.32669333429262
4.23570891946289,79.8039029943245,3.24146069926668
586.734208855574,226.295636498462,3.95080582233704
444.312462785195,463.835999146787,4.69562158026909
657.736282228537,375.322477431118,3.167758595761
101.866493375094,491.140198110007,4.34673405269805
621.346459234245,88.9229352063073,4.07540594968785
415.452225526961,261.464053268125,3.62675831471531
11.3367678731401,180.989112126905,3.41501647861646
65.8170119857767,116.207165392572,4.50417471592928
610.634598037143,209.278797193542,4.23584336804228
252.755074228456,221.924281383143,4.3035100874069
565.31539804728,433.475447094232,3.88662384553642
301.466340233798,140.10902018652,3.81418327168632
534.491073459336,462.005328080288,3.5020695907872
48.8145579094045,420.848656279151,3.81391379989595
208.693366075746,298.417386222875,3.91539303806999
546.638530176088,257.877852506673,3.78066949049404
180.930646527296,22.376544021513,4.08267432497774
492.723084084532,343.341602409959,4.70909525942568
30.9485368444482,55.3530348959309,3.82294677807893
508.591110654455,141.045584296945,4.91508720721837
NA,NA,NA
663.371650690541,333.60900249147,3.5068616493547
457.724295314337,296.1069150457,3.64042807176591
5.40722306467136,491.343738418833,3.63617189657732
562.897996122202,49.5445190301424,4.25390712569272
72.976017198596,374.740741853503,3.91842962301676
226.762412204956,412.140996376311,3.96013302182689
425.552962470886,13.3151720626567,3.30514370928159
364.187665946443,292.257177982481,2.96431344688787
606.357739311903,106.330421347344,4.20416086738175
393.86904918391,226.882311559224,4.21788937087589
568.85065621281,405.973992964432,4.76259832283851
143.242784024663,284.024608833079,4.57526800483764
205.188509333552,369.435509512577,4.12774993896221
126.055166616973,410.250219259715,3.38773746932586
626.349746761872,311.567830329316,4.59170681558628
-5.08392614571207,151.579214681695,4.20271962207881
542.910395487808,207.706438948667,4.11228483631355
35.346336731985,490.857957864364,3.07278572926447
279.412184568353,21.029850466648,3.937523166142
535.410174143249,391.961231264669,3.53733534515979
76.9943809122908,83.6759938928039,5.32669333429262
4.23570891946289,79.8039029943245,3.24146069926668
586.734208855574,226.295636498462,3.95080582233704
444.312462785195,463.835999146787,4.69562158026909
657.736282228537,375.322477431118,3.167758595761
101.866493375094,491.140198110007,4.34673405269805
621.346459234245,88.9229352063073,4.07540594968785
415.452225526961,261.464053268125,3.62675831471531
11.3367678731401,180.989112126905,3.41501647861646
65.8170119857767,116.207165392572,4.50417471592928
610.634598037143,209.278797193542,4.23584336804228
252.755074228456,221.924281383143,4.3035100874069
565.31539804728,433.475447094232,3.88662384553642
301.466340233798,140.10902018652,3.81418327168632
534.491073459336,462.005328080288,3.5020695907872
48.8145579094045,420.848656279151,3.81391379989595
208.693366075746,298.417386222875,3.91539303806999
546.638530176088,257.877852506673,3.78066949049404
180.930646527296,22.376544021513,4.08267432497774
492.723084084532,343.341602409959,4.70909525942568
30.9485368444482,55.3530348959309,3.82294677807893
508.591110654455,141.045584296945,4.91508720721837
NA,NA,NA
663.371650690541,333.60900249147,3.5068616493547
457.724295314337,296.1069150457,3.64042807176591
5.40722306467136,491.343738418833,3.63617189657732
562.897996122202,49.5445190301424,4.25390712569272
72.976017198596,374.740741853503,3.91842962301676
226.762412204956,412.140996376311,3.96013302182689
425.552962470886,13.3151720626567,3.30514370928159
364.187665946443,292.257177982481,2.96431344688787
606.357739311903,106.330421347344,4.20416086738175
393.86904918391,226.882311559224,4.21788937087589
568.85065621281,405.973992964432,4.76259832283851
143.242784024663,284.024608833079,4.57526800483764
205.188509333552,369.435509512577,4.12774993896221
126.055166616973,410.250219259715,3.38773746932586
626.349746761872,311.567830329316,4.59170681558628
-5.08392614571207,151.579214681695,4.20271962207881
542.910395487808,207.706438948667,4.11228483631355
35.346336731985,490.857957864364,3.07278572926447
279.412184568353,21.029850466648,3.937523166142
535.410174143249,391.961231264669,3.53733534515979
76.9943809122908,83.6759938928039,5.32669333429262
4.23570891946289,79.8039029943245,3.24146069926668
586.734208855574,226.295636498462,3.95080582233704
444.312462785195,463.835999146787,4.69562158026909
657.736282228537,375.322477431118,3.167758595761
101.866493375094,491.140198110007,4.34673405269805
621.346459234245,88.9229352063073,4.07540594968785
415.452225526961,261.464053268125,3.62675831471531
11.3367678731401,180.989112126905,3.41501647861646
65.8170119857767,116.207165392572,4.50417471592928
610.634598037143,209.278797193542,4.23584336804228
252.755074228456,221.924281383143,4.3035100874069
565.31539804728,433.475447094232,3.88662384553642
301.466340233798,140.10902018652,3.81418327168632
534.491073459336,462.005328080288,3.5020695907872
48.8145579094045,420.848656279151,3.81391379989595
208.693366075746,298.417386222875,3.91539303806999
546.638530176088,257.877852506673,3.78066949049404
180.930646527296,22.376544021513,4.08267432497774
492.723084084532,343.341602409959,4.70909525942568
30.9485368444482,55.3530348959309,3.82294677807893
508.591110654455,141.045584296945,4.91508720721837
NA,NA,NA
663.371650690541,333.60900249147,3.5068616493547
457.724295314337,296.1069150457,3.64042807176591
5.40722306467136,491.343738418833,3.63617189657732
562.897996122202,49.5445190301424,4.25390712569272
72.976017198596,374.740741853503,3.91842962301676
226.762412204956,412.140996376311,3.96013302182689
425.552962470886,13.3151720626567,3.30514370928159
364.187665946443,292.257177982481,2.96431344688787
606.357739311903,106.330421347344,4.20416086738175
393.86904918391,226.882311559224,4.21788937087589
568.85065621281,405.973992964432,4.76259832283851
143.242784024663,284.024608833079,4.57526800483764
205.188509333552,369.435509512577,4.12774993896221
126.055166616973,410.250219259715,3.38773746932586
626.349746761872,311.567830329316,4.59170681558628
-5.08392614571207,151.579214681695,4.20271962207881
542.910395487808,207.706438948667,4.11228483631355
35.346336731985,490.857957864364,3.07278572926447
279.412184568353,21.029850466648,3.937523166142
535.410174143249,391.961231264669,3.53733534515979
76.9943809122908,83.6759938928039,5.32669333429262
4.23570891946289,79.8039029943245,3.24146069926668
586.734208855574,226.295636498462,3.95080582233704
444.312462785195,463.835999146787,4.69562158026909
657.736282228537,375.322477431118,3.167758595761
101.866493375094,491.140198110007,4.34673405269805
621.346459234245,88.9229352063073,4.07540594968785
415.452225526961,261.464053268125,3.62675831471531
11.3367678731401,180.989112126905,3.41501647861646
65.8170119857767,116.207165392572,4.50417471592928
610.634598037143,209.278797193542,4.23584336804228
252.755074228456,221.924281383143,4.3035100874069
565.31539804728,433.475447094232,3.88662384553642
301.466340233798,140.10902018652,3.81418327168632
534.491073459336,462.005328080288,3.5020695907872
48.8145579094045,420.848656279151,3.81391379989595
208.693366075746,298.417386222875,3.91539303806999
546.638530176088,257.877852506673,3.78066949049404
180.930646527296,22.376544021513,4.08267432497774
492.723084084532,343.341602409959,4.70909525942568
30.9485368444482,55.3530348959309,3.82294677807893
508.591110654455,141.045584296945,4.91508720721837
NA,NA,NA
663.599475988388,332.530629019568,3.51193413248352
458.793333315909,298.987187342104,3.88655917803929
14.7928695312274,491.246067726286,3.58573346206718
560.771135134573,47.7680004804448,4.13382962029298
77.0961176341873,370.109947584638,3.92727368911784
226.784453178466,417.739720861648,3.82250334207718
430.11564560319,13.137740160138,3.44101228049707
364.036638353909,291.642553003704,3.09595791345611
604.591768518389,108.119164124344,4.21179894840516
395.026323315966,225.802038711512,4.08189649368093
573.531686174518,413.789454525682,4.71567268229405
139.165532037966,285.81598561832,4.54593387317282
197.596716002633,369.724111855745,3.86413038627009
127.26942524145,411.911936440832,3.50109892328676
630.343112373677,313.819124053994,4.57443123063947
7.53289850424669,153.903843211839,4.30711477768009
542.664204808871,198.905533197367,4.23441239453867
34.9084336109605,491.969614779343,3.18333051341015
274.503260533354,22.4344733863895,3.93773152710618
533.280362224131,388.033413569297,3.43009776319423
74.0261867127494,72.1862930442686,5.2958102469971
5.07517306564648,75.6982435288629,3.33702058000463
588.185468961424,225.349965424582,3.99204586902172
441.511468343005,451.314944175685,4.80350658082225
659.212751864189,371.384670011193,2.8685934010681
106.186001611667,487.842810319238,4.3122504657548
625.694290942367,94.3100071713318,4.08024080406777
419.491414874355,260.064603863531,3.66069713310795
8.89380882411063,179.93288349796,3.31320298726327
76.0779479359854,116.028336084855,4.57193377339842
623.232396371927,203.0161233865,4.23106460642729
264.309229142291,214.970041840645,3.91076685633101
572.036589559885,426.08684526295,3.83097139786245
300.494955008901,138.406132707684,4.16366704139003
527.552545930165,449.186627922931,3.80352007996398
52.9592760731708,423.764142256072,3.78855392165604
190.803185821765,289.854369243193,4.12691822191095
545.905302751977,260.481070578011,3.66655113706053
165.533142921279,31.3668887578026,4.09424727794656
499.962587743208,349.881659528704,4.39894905773677
37.5524697775083,52.068736689841,3.80413907595864
530.198434431499,143.110830713336,4.74600996672002
NA,NA,NA
663.599475988388,332.530629019568,3.51193413248352
458.793333315909,298.987187342104,3.88655917803929
14.7928695312274,491.246067726286,3.58573346206718
560.771135134573,47.7680004804448,4.13382962029298
77.0961176341873,370.109947584638,3.92727368911784
226.784453178466,417.739720861648,3.82250334207718
430.11564560319,13.137740160138,3.44101228049707
364.036638353909,291.642553003704,3.09595791345611
604.591768518389,108.119164124344,4.21179894840516
395.026323315966,225.802038711512,4.08189649368093
573.531686174518,413.789454525682,4.71567268229405
139.165532037966,285.81598561832,4.54593387317282
197.596716002633,369.724111855745,3.86413038627009
127.26942524145,411.911936440832,3.50109892328676
630.343112373677,313.819124053994,4.57443123063947
7.53289850424669,153.903843211839,4.30711477768009
542.664204808871,198.905533197367,4.23441239453867
34.9084336109605,491.969614779343,3.18333051341015
274.503260533354,22.4344733863895,3.93773152710618
533.280362224131,388.033413569297,3.43009776319423
74.0261867127494,72.1862930442686,5.2958102469971
5.07517306564648,75.6982435288629,3.33702058000463
588.185468961424,225.349965424582,3.99204586902172
441.511468343005,451.314944175685,4.80350658082225
659.212751864189,371.384670011193,2.8685934010681
106.186001611667,487.842810319238,4.3122504657548
625.694290942367,94.3100071713318,4.08024080406777
419.491414874355,260.064603863531,3.66069713310795
8.89380882411063,179.93288349796,3.31320298726327
76.0779479359854,116.028336084855,4.57193377339842
623.232396371927,203.0161233865,4.23106460642729
264.309229142291,214.970041840645,3.91076685633101
572.036589559885,426.08684526295,3.83097139786245
300.494955008901,138.406132707684,4.16366704139003
527.552545930165,449.186627922931,3.80352007996398
52.9592760731708,423.764142256072,3.78855392165604
190.803185821765,289.854369243193,4.12691822191095
545.905302751977,260.481070578011,3.66655113706053
165.533142921279,31.3668887578026,4.09424727794656
499.962587743208,349.881659528704,4.39894905773677
37.5524697775083,52.068736689841,3.80413907595864
530.198434431499,143.110830713336,4.74600996672002
NA,NA,NA
663.599475988388,332.530629019568,3.51193413248352
458.793333315909,298.987187342104,3.88655917803929
14.7928695312274,491.246067726286,3.58573346206718
560.771135134573,47.7680004804448,4.13382962029298
77.0961176341873,370.109947584638,3.92727368911784
226.784453178466,417.739720861648,3.82250334207718
430.11564560319,13.137740160138,3.44101228049707
364.036638353909,291.642553003704,3.09595791345611
604.591768518389,108.119164124344,4.21179894840516
395.026323315966,225.802038711512,4.08189649368093
573.531686174518,413.789454525682,4.71567268229405
139.165532037966,285.81598561832,4.54593387317282
197.596716002633,369.724111855745,3.86413038627009
127.26942524145,411.911936440832,3.50109892328676
630.343112373677,313.819124053994,4.57443123063947
7.53289850424669,153.903843211839,4.30711477768009
542.664204808871,198.905533197367,4.23441239453867
34.9084336109605,491.969614779343,3.18333051341015
274.503260533354,22.4344733863895,3.93773152710618
533.280362224131,388.033413569297,3.43009776319423
74.0261867127494,72.1862930442686,5.2958102469971
5.07517306564648,75.6982435288629,3.33702058000463
588.185468961424,225.349965424582,3.99204586902172
441.511468343005,451.314944175685,4.80350658082225
659.212751864189,371.384670011193,2.8685934010681
106.186001611667,487.842810319238,4.3122504657548
625.694290942367,94.3100071713318,4.08024080406777
419.491414874355,260.064603863531,3.66069713310795
8.89380882411063,179.93288349796,3.31320298726327
76.0779479359854,116.028336084855,4.57193377339842
623.232396371927,203.0161233865,4.23106460642729
264.309229142291,214.970041840645,3.91076685633101
572.036589559885,426.08684526295,3.83097139786245
300.494955008901,138.406132707684,4.16366704139003
527.552545930165,449.186627922931,3.80352007996398
52.9592760731708,423.764142256072,3.78855392165604
190.803185821765,289.854369243193,4.12691822191095
545.905302751977,260.481070578011,3.66655113706053
165.533142921279,31.3668887578026,4.09424727794656
499.962587743208,349.881659528704,4.39894905773677
37.5524697775083,52.068736689841,3.80413907595864
530.198434431499,143.110830713336,4.74600996672002
NA,NA,NA
663.599475988388,332.530629019568,3.51193413248352
458.793333315909,298.987187342104,3.88655917803929
14.7928695312274,491.246067726286,3.58573346206718
560.771135134573,47.7680004804448,4.13382962029298
77.0961176341873,370.109947584638,3.92727368911784
226.784453178466,417.739720861648,3.82250334207718
430.11564560319,13.137740160138,3.44101228049707
364.036638353909,291.642553003704,3.09595791345611
604.591768518389,108.119164124344,4.21179894840516
395.026323315966,225.802038711512,4.08189649368093
573.531686174518,413.789454525682,4.71567268229405
139.165532037966,285.81598561832,4.54593387317282
197.596716002633,369.724111855745,3.86413038627009
127.26942524145,411.911936440832,3.50109892328676
630.343112373677,313.819124053994,4.57443123063947
7.53289850424669,153.903843211839,4.30711477768009
542.664204808871,198.905533197367,4.23441239453867
34.9084336109605,491.969614779343,3.18333051341015
274.503260533354,22.4344733863895,3.93773152710618
533.280362224131,388.033413569297,3.43009776319423
74.0261867127494,72.1862930442686,5.2958102469971
5.07517306564648,75.6982435288629,3.33702058000463
588.185468961424,225.349965424582,3.99204586902172
441.511468343005,451.314944175685,4.80350658082225
659.212751864189,371.384670011193,2.8685934010681
106.186001611667,487.842810319238,4.3122504657548
625.694290942367,94.3100071713318,4.08024080406777
419.491414874355,260.064603863531,3.66069713310795
8.89380882411063,179.93288349796,3.31320298726327
76.0779479359854,116.028336084855,4.57193377339842
623.232396371927,203.0161233865,4.23106460642729
264.309229142291,214.970041840645,3.91076685633101
572.036589559885,426.08684526295,3.83097139786245
300.494955008901,138.406132707684,4.16366704139003
527.552545930165,449.186627922931,3.80352007996398
52.9592760731708,423.764142256072,3.78855392165604
190.803185821765,289.854369243193,4.12691822191095
545.905302751977,260.481070578011,3.66655113706053
165.533142921279,31.3668887578026,4.09424727794656
499.962587743208,349.881659528704,4.39894905773677
37.5524697775083,52.068736689841,3.80413907595864
530.198434431499,143.110830713336,4.74600996672002
NA,NA,NA
663.599475988388,332.530629019568,3.51193413248352
458.793333315909,298.987187342104,3.88655917803929
14.7928695312274,491.246067726286,3.58573346206718
560.771135134573,47.7680004804448,4.13382962029298
77.0961176341873,370.109947584638,3.92727368911784
226.784453178466,417.739720861648,3.82250334207718
430.11564560319,13.137740160138,3.44101228049707
364.036638353909,291.642553003704,3.09595791345611
604.591768518389,108.119164124344,4.21179894840516
395.026323315966,225.802038711512,4.08189649368093
573.531686174518,413.789454525682,4.71567268229405
139.165532037966,285.81598561832,4.54593387317282
197.596716002633,369.724111855745,3.86413038627009
127.26942524145,411.911936440832,3.50109892328676
630.343112373677,313.819124053994,4.57443123063947
7.53289850424669,153.903843211839,4.30711477768009
542.664204808871,198.905533197367,4.23441239453867
34.9084336109605,491.969614779343,3.18333051341015
274.503260533354,22.4344733863895,3.93773152710618
533.280362224131,388.033413569297,3.43009776319423
74.0261867127494,72.1862930442686,5.2958102469971
5.07517306564648,75.6982435288629,3.33702058000463
588.185468961424,225.349965424582,3.99204586902172
441.511468343005,451.314944175685,4.80350658082225
659.212751864189,371.384670011193,2.8685934010681
106.186001611667,487.842810319238,4.3122504657548
625.694290942367,94.3100071713318,4.08024080406777
419.491414874355,260.064603863531,3.66069713310795
8.89380882411063,179.93288349796,3.31320298726327
76.0779479359854,116.028336084855,4.57193377339842
623.232396371927,203.0161233865,4.23106460642729
264.309229142291,214.970041840645,3.91076685633101
572.036589559885,426.08684526295,3.83097139786245
300.494955008901,138.406132707684,4.16366704139003
527.552545930165,449.186627922931,3.80352007996398
52.9592760731708,423.764142256072,3.78855392165604
190.803185821765,289.854369243193,4.12691822191095
545.905302751977,260.481070578011,3.66655113706053
165.533142921279,31.3668887578026,4.09424727794656
499.962587743208,349.881659528704,4.39894905773677
37.5524697775083,52.068736689841,3.80413907595864
530.198434431499,143.110830713336,4.74600996672002
NA,NA,NA
663.599475988388,332.530629019568,3.51193413248352
458.793333315909,298.987187342104,3.88655917803929
14.7928695312274,491.246067726286,3.58573346206718
560.771135134573,47.7680004804448,4.13382962029298
77.0961176341873,370.109947584638,3.92727368911784
226.784453178466,417.739720861648,3.82250334207718
430.11564560319,13.137740160138,3.44101228049707
364.036638353909,291.642553003704,3.09595791345611
604.591768518389,108.119164124344,4.21179894840516
395.026323315966,225.802038711512,4.08189649368093
573.531686174518,413.789454525682,4.71567268229405
139.165532037966,285.81598561832,4.54593387317282
197.596716002633,369.724111855745,3.86413038627009
127.26942524145,411.911936440832,3.50109892328676
630.343112373677,313.819124053994,4.57443123063947
7.53289850424669,153.903843211839,4.30711477768009
542.664204808871,198.905533197367,4.23441239453867
34.9084336109605,491.969614779343,3.18333051341015
274.503260533354,22.4344733863895,3.93773152710618
533.280362224131,388.033413569297,3.43009776319423
74.0261867127494,72.1862930442686,5.2958102469971
5.07517306564648,75.6982435288629,3.33702058000463
588.185468961424,225.349965424582,3.99204586902172
441.511468343005,451.314944175685,4.80350658082225
659.212751864189,371.384670011193,2.8685934010681
106.186001611667,487.842810319238,4.3122504657548
625.694290942367,94.3100071713318,4.08024080406777
419.491414874355,260.064603863531,3.66069713310795
8.89380882411063,179.93288349796,3.31320298726327
76.0779479359854,116.028336084855,4.57193377339842
623.232396371927,203.0161233865,4.23106460642729
264.309229142291,214.970041840645,3.91076685633101
572.036589559885,426.08684526295,3.83097139786245
300.494955008901,138.406132707684,4.16366704139003
527.552545930165,449.186627922931,3.80352007996398
52.9592760731708,423.764142256072,3.78855392165604
190.803185821765,289.854369243193,4.12691822191095
545.905302751977,260.481070578011,3.66655113706053
165.533142921279,31.3668887578026,4.09424727794656
499.962587743208,349.881659528704,4.39894905773677
37.5524697775083,52.068736689841,3.80413907595864
530.198434431499,143.110830713336,4.74600996672002
NA,NA,NA
661.000576262392,331.772288933753,3.63831600421273
451.962142949452,298.949998384746,3.58750763435685
9.54253210562371,495.23448853704,3.78426158077851
557.839412210701,51.2109357600133,4.1931355738125
69.5047087981124,374.658212354736,4.08111725503069
229.288726948321,415.454860981384,3.94237303760746
430.24779455049,14.1192348092387,3.51291413401766
363.212192036601,293.987980241188,3.22813462880456
603.759224300975,107.512974278464,4.21618834991705
397.407392790284,224.521757361687,4.24002214071675
574.692058182893,411.038043715555,4.76826321721884
140.001544600254,275.844198112644,4.46580351506317
199.756476742544,370.074242626259,4.08033539393791
122.425616705892,410.647566852941,3.52039255371911
624.77382211229,311.207009457845,4.61794229666142
-2.22161798333221,145.794326029441,4.27393550246453
542.484895689627,203.433471195121,4.09846492806622
34.5135430925376,493.173194970113,2.96804525565524
280.606936001891,25.9673142008626,4.06786594562482
530.952561203752,392.62446069278,3.27249835473293
70.4842575697686,82.4543855835441,5.27337236069275
5.34869680810982,75.4107263856539,3.47907202795795
584.047315471219,225.333792874184,3.97770789294902
446.465638076418,459.757346025521,4.72381579710276
658.243056402928,373.692832568926,3.08724422284662
105.974223042549,492.031009539542,4.47154409880024
626.050070378137,88.7146399982808,4.1130183955384
421.398018016535,259.302360258031,3.64069733974589
13.0033394237824,183.218605622014,3.08004707554928
60.856254346375,124.954458234398,4.30051677687434
614.209386929392,218.622186610334,4.6898842669523
244.4436844938,220.110382382791,3.79417481335572
564.744548398761,434.530675263585,3.88847738947647
304.078641289047,136.958733950437,4.01605668577036
532.107614240389,450.731635932256,3.52374742125124
55.2728666672967,423.691837403972,4.11278411244137
205.698180097612,281.114411724046,3.74956552358915
554.595380423396,258.799019149129,3.75330294106092
179.545171660067,11.6059265825134,4.34727507423648
487.686895666104,348.99542787496,4.64442739661955
37.5922405266381,49.2789562774226,3.9718573638155
540.359202734488,157.63181043321,4.45057494833698
NA,NA,NA
661.000576262392,331.772288933753,3.63831600421273
451.962142949452,298.949998384746,3.58750763435685
9.54253210562371,495.23448853704,3.78426158077851
557.839412210701,51.2109357600133,4.1931355738125
69.5047087981124,374.658212354736,4.08111725503069
229.288726948321,415.454860981384,3.94237303760746
430.24779455049,14.1192348092387,3.51291413401766
363.212192036601,293.987980241188,3.22813462880456
603.759224300975,107.512974278464,4.21618834991705
397.407392790284,224.521757361687,4.24002214071675
574.692058182893,411.038043715555,4.76826321721884
140.001544600254,275.844198112644,4.46580351506317
199.756476742544,370.074242626259,4.08033539393791
122.425616705892,410.647566852941,3.52039255371911
624.77382211229,311.207009457845,4.61794229666142
-2.22161798333221,145.794326029441,4.27393550246453
542.484895689627,203.433471195121,4.09846492806622
34.5135430925376,493.173194970113,2.96804525565524
280.606936001891,25.9673142008626,4.06786594562482
530.952561203752,392.62446069278,3.27249835473293
70.4842575697686,82.4543855835441,5.27337236069275
5.34869680810982,75.4107263856539,3.47907202795795
584.047315471219,225.333792874184,3.97770789294902
446.465638076418,459.757346025521,4.72381579710276
658.243056402928,373.692832568926,3.08724422284662
105.974223042549,492.031009539542,4.47154409880024
626.050070378137,88.7146399982808,4.1130183955384
421.398018016535,259.302360258031,3.64069733974589
13.0033394237824,183.218605622014,3.08004707554928
60.856254346375,124.954458234398,4.30051677687434
614.209386929392,218.622186610334,4.6898842669523
244.4436844938,220.110382382791,3.79417481335572
564.744548398761,434.530675263585,3.88847738947647
304.078641289047,136.958733950437,4.01605668577036
532.107614240389,450.731635932256,3.52374742125124
55.2728666672967,423.691837403972,4.11278411244137
205.698180097612,281.114411724046,3.74956552358915
554.595380423396,258.799019149129,3.75330294106092
179.545171660067,11.6059265825134,4.34727507423648
487.686895666104,348.99542787496,4.64442739661955
37.5922405266381,49.2789562774226,3.9718573638155
540.359202734488,157.63181043321,4.45057494833698
NA,NA,NA
661.000576262392,331.772288933753,3.63831600421273
451.962142949452,298.949998384746,3.58750763435685
9.54253210562371,495.23448853704,3.78426158077851
557.839412210701,51.2109357600133,4.1931355738125
69.5047087981124,374.658212354736,4.08111725503069
229.288726948321,415.454860981384,3.94237303760746
430.24779455049,14.1192348092387,3.51291413401766
363.212192036601,293.987980241188,3.22813462880456
603.759224300975,107.512974278464,4.21618834991705
397.407392790284,224.521757361687,4.24002214071675
574.692058182893,411.038043715555,4.76826321721884
140.001544600254,275.844198112644,4.46580351506317
199.756476742544,370.074242626259,4.08033539393791
122.425616705892,410.647566852941,3.52039255371911
624.77382211229,311.207009457845,4.61794229666142
-2.22161798333221,145.794326029441,4.27393550246453
542.484895689627,203.433471195121,4.09846492806622
34.5135430925376,493.173194970113,2.96804525565524
280.606936001891,25.9673142008626,4.06786594562482
530.952561203752,392.62446069278,3.27249835473293
70.4842575697686,82.4543855835441,5.27337236069275
5.34869680810982,75.4107263856539,3.47907202795795
584.047315471219,225.333792874184,3.97770789294902
446.465638076418,459.757346025521,4.72381579710276
658.243056402928,373.692832568926,3.08724422284662
105.974223042549,492.031009539542,4.47154409880024
626.050070378137,88.7146399982808,4.1130183955384
421.398018016535,259.302360258031,3.64069733974589
13.0033394237824,183.218605622014,3.08004707554928
60.856254346375,124.954458234398,4.30051677687434
614.209386929392,218.622186610334,4.6898842669523
244.4436844938,220.110382382791,3.79417481335572
564.744548398761,434.530675263585,3.88847738947647
304.078641289047,136.958733950437,4.01605668577036
532.107614240389,450.731635932256,3.52374742125124
55.2728666672967,423.691837403972,4.11278411244137
205.698180097612,281.114411724046,3.74956552358915
554.595380423396,258.799019149129,3.75330294106092
179.545171660067,11.6059265825134,4.34727507423648
487.686895666104,348.99542787496,4.64442739661955
37.5922405266381,49.2789562774226,3.9718573638155
540.359202734488,157.63181043321,4.45057494833698
NA,NA,NA
661.000576262392,331.772288933753,3.63831600421273
451.962142949452,298.949998384746,3.58750763435685
9.54253210562371,495.23448853704,3.78426158077851
557.839412210701,51.2109357600133,4.1931355738125
69.5047087981124,374.658212354736,4.08111725503069
229.288726948321,415.454860981384,3.94237303760746
430.24779455049,14.1192348092387,3.51291413401766
363.212192036601,293.987980241188,3.22813462880456
603.759224300975,107.512974278464,4.21618834991705
397.407392790284,224.521757361687,4.24002214071675
574.692058182893,411.038043715555,4.76826321721884
140.001544600254,275.844198112644,4.46580351506317
199.756476742544,370.074242626259,4.08033539393791
122.425616705892,410.647566852941,3.52039255371911
624.77382211229,311.207009457845,4.61794229666142
-2.22161798333221,145.794326029441,4.27393550246453
542.484895689627,203.433471195121,4.09846492806622
34.5135430925376,493.173194970113,2.96804525565524
280.606936001891,25.9673142008626,4.06786594562482
530.952561203752,392.62446069278,3.27249835473293
70.4842575697686,82.4543855835441,5.27337236069275
5.34869680810982,75.4107263856539,3.47907202795795
584.047315471219,225.333792874184,3.97770789294902
446.465638076418,459.757346025521,4.72381579710276
658.243056402928,373.692832568926,3.08724422284662
105.974223042549,492.031009539542,4.47154409880024
626.050070378137,88.7146399982808,4.1130183955384
421.398018016535,259.302360258031,3.64069733974589
13.0033394237824,183.218605622014,3.08004707554928
60.856254346375,124.954458234398,4.30051677687434
614.209386929392,218.622186610334,4.6898842669523
244.4436844938,220.110382382791,3.79417481335572
564.744548398761,434.530675263585,3.88847738947647
304.078641289047,136.958733950437,4.01605668577036
532.107614240389,450.731635932256,3.52374742125124
55.2728666672967,423.691837403972,4.11278411244137
205.698180097612,281.114411724046,3.74956552358915
554.595380423396,258.799019149129,3.75330294106092
179.545171660067,11.6059265825134,4.34727507423648
487.686895666104,348.99542787496,4.64442739661955
37.5922405266381,49.2789562774226,3.9718573638155
540.359202734488,157.63181043321,4.45057494833698
NA,NA,NA
661.000576262392,331.772288933753,3.63831600421273
451.962142949452,298.949998384746,3.58750763435685
9.54253210562371,495.23448853704,3.78426158077851
557.839412210701,51.2109357600133,4.1931355738125
69.5047087981124,374.658212354736,4.08111725503069
229.288726948321,415.454860981384,3.94237303760746
430.24779455049,14.1192348092387,3.51291413401766
363.212192036601,293.987980241188,3.22813462880456
603.759224300975,107.512974278464,4.21618834991705
397.407392790284,224.521757361687,4.24002214071675
574.692058182893,411.038043715555,4.76826321721884
140.001544600254,275.844198112644,4.46580351506317
199.756476742544,370.074242626259,4.08033539393791
122.425616705892,410.647566852941,3.52039255371911
624.77382211229,311.207009457845,4.61794229666142
-2.22161798333221,145.794326029441,4.27393550246453
542.484895689627,203.433471195121,4.09846492806622
34.5135430925376,493.173194970113,2.96804525565524
280.606936001891,25.9673142008626,4.06786594562482
530.952561203752,392.62446069278,3.27249835473293
70.4842575697686,82.4543855835441,5.27337236069275
5.34869680810982,75.4107263856539,3.47907202795795
584.047315471219,225.333792874184,3.97770789294902
446.465638076418,459.757346025521,4.72381579710276
658.243056402928,373.692832568926,3.08724422284662
105.974223042549,492.031009539542,4.47154409880024
626.050070378137,88.7146399982808,4.1130183955384
421.398018016535,259.302360258031,3.64069733974589
13.0033394237824,183.218605622014,3.08004707554928
60.856254346375,124.954458234398,4.30051677687434
614.209386929392,218.622186610334,4.6898842669523
244.4436844938,220.110382382791,3.79417481335572
564.744548398761,434.530675263585,3.88847738947647
304.078641289047,136.958733950437,4.01605668577036
532.107614240389,450.731635932256,3.52374742125124
55.2728666672967,423.691837403972,4.11278411244137
205.698180097612,281.114411724046,3.74956552358915
554.595380423396,258.799019149129,3.75330294106092
179.545171660067,11.6059265825134,4.34727507423648
487.686895666104,348.99542787496,4.64442739661955
37.5922405266381,49.2789562774226,3.9718573638155
540.359202734488,157.63181043321,4.45057494833698
NA,NA,NA
661.000576262392,331.772288933753,3.63831600421273
451.962142949452,298.949998384746,3.58750763435685
9.54253210562371,495.23448853704,3.78426158077851
557.839412210701,51.2109357600133,4.1931355738125
69.5047087981124,374.658212354736,4.08111725503069
229.288726948321,415.454860981384,3.94237303760746
430.24779455049,14.1192348092387,3.51291413401766
363.212192036601,293.987980241188,3.22813462880456
603.759224300975,107.512974278464,4.21618834991705
397.407392790284,224.521757361687,4.24002214071675
574.692058182893,411.038043715555,4.76826321721884
140.001544600254,275.844198112644,4.46580351506317
199.756476742544,370.074242626259,4.08033539393791
122.425616705892,410.647566852941,3.52039255371911
624.77382211229,311.207009457845,4.61794229666142
-2.22161798333221,145.794326029441,4.27393550246453
542.484895689627,203.433471195121,4.09846492806622
34.5135430925376,493.173194970113,2.96804525565524
280.606936001891,25.9673142008626,4.06786594562482
530.952561203752,392.62446069278,3.27249835473293
70.4842575697686,82.4543855835441,5.27337236069275
5.34869680810982,75.4107263856539,3.47907202795795
584.047315471219,225.333792874184,3.97770789294902
446.465638076418,459.757346025521,4.72381579710276
658.243056402928,373.692832568926,3.08724422284662
105.974223042549,492.031009539542,4.47154409880024
626.050070378137,88.7146399982808,4.1130183955384
421.398018016535,259.302360258031,3.64069733974589
13.0033394237824,183.218605622014,3.08004707554928
60.856254346375,124.954458234398,4.30051677687434
614.209386929392,218.622186610334,4.6898842669523
244.4436844938,220.110382382791,3.79417481335572
564.744548398761,434.530675263585,3.88847738947647
304.078641289047,136.958733950437,4.01605668577036
532.107614240389,450.731635932256,3.52374742125124
55.2728666672967,423.691837403972,4.11278411244137
205.698180097612,281.114411724046,3.74956552358915
554.595380423396,258.799019149129,3.75330294106092
179.545171660067,11.6059265825134,4.34727507423648
487.686895666104,348.99542787496,4.64442739661955
37.5922405266381,49.2789562774226,3.9718573638155
540.359202734488,157.63181043321,4.45057494833698
NA,NA,NA
661.391688375382,334.600520832536,3.6446582653217
454.596793235675,298.580280821124,3.73974194647719
13.4606657251432,494.771794376558,3.64372577816142
557.202260873395,58.4403144472961,4.19525908826255
78.9723446715421,374.981562446447,3.98658089734411
230.925576499913,415.743012412173,3.86092652220174
427.638451156376,13.5621780142506,3.36432033720358
363.956816521954,291.364012565146,3.13069340721514
603.208397810802,105.782685135424,4.25488146738241
391.1898846057,233.316692218011,4.0951671423445
573.025787168189,412.876674941427,4.63967743343853
143.935146350188,279.033465284737,4.62072325297468
200.343722874461,368.189365500919,4.10233308433849
125.443222724696,411.847830678392,3.45257705036637
627.884558004149,313.980920861518,4.61356673632567
3.99775659272563,146.695959478331,4.34810591403806
545.520477422181,202.603683742673,4.18448624879907
35.567179488291,490.807029421521,3.05254359538205
282.024464019595,22.0763756093706,4.02702729413305
538.520883990309,393.21457944502,3.32909644962805
73.0599419228443,78.174717396786,5.23213725502203
6.0396533407545,77.5851855655655,3.36209908254409
588.334697386302,228.730947556001,3.93119932777011
434.550425864064,456.255305499652,4.73273003994227
657.419917514868,374.955931109936,3.11200822587698
104.534921513014,484.736937782524,4.32802959460873
624.165854333056,89.2853946461256,4.06302228903718
421.120861065839,260.819016311191,3.72604044820589
12.8060390371195,183.227974859941,3.2825532737008
65.3434321213315,121.26036341017,4.68764582811649
615.677296572305,188.910003217435,4.21875256596182
246.897521711981,212.108847086348,3.70821517447075
565.765349287463,433.840947038583,3.83786636678047
302.225683703882,142.275007225751,3.96065140483066
526.897821891488,457.694739295126,3.74201542014648
41.7910475714467,421.481862771094,3.99066291724471
190.382887259659,286.65659433661,4.33322703982658
544.165811011276,263.748809818012,3.64746739748257
174.970347041796,31.2135687826611,4.35616224838756
503.593335675109,345.37087973105,4.60330308341833
35.9856038784819,61.2447908692833,3.87046286583649
522.916471517349,165.508247592714,4.62969388319081
NA,NA,NA
661.391688375382,334.600520832536,3.6446582653217
454.596793235675,298.580280821124,3.73974194647719
13.4606657251432,494.771794376558,3.64372577816142
557.202260873395,58.4403144472961,4.19525908826255
78.9723446715421,374.981562446447,3.98658089734411
230.925576499913,415.743012412173,3.86092652220174
427.638451156376,13.5621780142506,3.36432033720358
363.956816521954,291.364012565146,3.13069340721514
603.208397810802,105.782685135424,4.25488146738241
391.1898846057,233.316692218011,4.0951671423445
573.025787168189,412.876674941427,4.63967743343853
143.935146350188,279.033465284737,4.62072325297468
200.343722874461,368.189365500919,4.10233308433849
125.443222724696,411.847830678392,3.45257705036637
627.884558004149,313.980920861518,4.61356673632567
3.99775659272563,146.695959478331,4.34810591403806
545.520477422181,202.603683742673,4.18448624879907
35.567179488291,490.807029421521,3.05254359538205
282.024464019595,22.0763756093706,4.02702729413305
538.520883990309,393.21457944502,3.32909644962805
73.0599419228443,78.174717396786,5.23213725502203
6.0396533407545,77.5851855655655,3.36209908254409
588.334697386302,228.730947556001,3.93119932777011
434.550425864064,456.255305499652,4.73273003994227
657.419917514868,374.955931109936,3.11200822587698
104.534921513014,484.736937782524,4.32802959460873
624.165854333056,89.2853946461256,4.06302228903718
421.120861065839,260.819016311191,3.72604044820589
12.8060390371195,183.227974859941,3.2825532737008
65.3434321213315,121.26036341017,4.68764582811649
615.677296572305,188.910003217435,4.21875256596182
246.897521711981,212.108847086348,3.70821517447075
565.765349287463,433.840947038583,3.83786636678047
302.225683703882,142.275007225751,3.96065140483066
526.897821891488,457.694739295126,3.74201542014648
41.7910475714467,421.481862771094,3.99066291724471
190.382887259659,286.65659433661,4.33322703982658
544.165811011276,263.748809818012,3.64746739748257
174.970347041796,31.2135687826611,4.35616224838756
503.593335675109,345.37087973105,4.60330308341833
35.9856038784819,61.2447908692833,3.87046286583649
522.916471517349,165.508247592714,4.62969388319081
NA,NA,NA
661.391688375382,334.600520832536,3.6446582653217
454.596793235675,298.580280821124,3.73974194647719
13.4606657251432,494.771794376558,3.64372577816142
557.202260873395,58.4403144472961,4.19525908826255
78.9723446715421,374.981562446447,3.98658089734411
230.925576499913,415.743012412173,3.86092652220174
427.638451156376,13.5621780142506,3.36432033720358
363.956816521954,291.364012565146,3.13069340721514
603.208397810802,105.782685135424,4.25488146738241
391.1898846057,233.316692218011,4.0951671423445
573.025787168189,412.876674941427,4.63967743343853
143.935146350188,279.033465284737,4.62072325297468
200.343722874461,368.189365500919,4.10233308433849
125.443222724696,411.847830678392,3.45257705036637
627.884558004149,313.980920861518,4.61356673632567
3.99775659272563,146.695959478331,4.34810591403806
545.520477422181,202.603683742673,4.18448624879907
35.567179488291,490.807029421521,3.05254359538205
282.024464019595,22.0763756093706,4.02702729413305
538.520883990309,393.21457944502,3.32909644962805
73.0599419228443,78.174717396786,5.23213725502203
6.0396533407545,77.5851855655655,3.36209908254409
588.334697386302,228.730947556001,3.93119932777011
434.550425864064,456.255305499652,4.73273003994227
657.419917514868,374.955931109936,3.11200822587698
104.534921513014,484.736937782524,4.32802959460873
624.165854333056,89.2853946461256,4.06302228903718
421.120861065839,260.819016311191,3.72604044820589
12.8060390371195,183.227974859941,3.2825532737008
65.3434321213315,121.26036341017,4.68764582811649
615.677296572305,188.910003217435,4.21875256596182
246.897521711981,212.108847086348,3.70821517447075
565.765349287463,433.840947038583,3.83786636678047
302.225683703882,142.275007225751,3.96065140483066
526.897821891488,457.694739295126,3.74201542014648
41.7910475714467,421.481862771094,3.99066291724471
190.382887259659,286.65659433661,4.33322703982658
544.165811011276,263.748809818012,3.64746739748257
174.970347041796,31.2135687826611,4.35616224838756
503.593335675109,345.37087973105,4.60330308341833
35.9856038784819,61.2447908692833,3.87046286583649
522.916471517349,165.508247592714,4.62969388319081
NA,NA,NA
661.391688375382,334.600520832536,3.6446582653217
454.596793235675,298.580280821124,3.73974194647719
13.4606657251432,494.771794376558,3.64372577816142
557.202260873395,58.4403144472961,4.19525908826255
78.9723446715421,374.981562446447,3.98658089734411
230.925576499913,415.743012412173,3.86092652220174
427.638451156376,13.5621780142506,3.36432033720358
363.956816521954,291.364012565146,3.13069340721514
603.208397810802,105.782685135424,4.25488146738241
391.1898846057,233.316692218011,4.0951671423445
573.025787168189,412.876674941427,4.63967743343853
143.935146350188,279.033465284737,4.62072325297468
200.343722874461,368.189365500919,4.10233308433849
125.443222724696,411.847830678392,3.45257705036637
627.884558004149,313.980920861518,4.61356673632567
3.99775659272563,146.695959478331,4.34810591403806
545.520477422181,202.603683742673,4.18448624879907
35.567179488291,490.807029421521,3.05254359538205
282.024464019595,22.0763756093706,4.02702729413305
538.520883990309,393.21457944502,3.32909644962805
73.0599419228443,78.174717396786,5.23213725502203
6.0396533407545,77.5851855655655,3.36209908254409
588.334697386302,228.730947556001,3.93119932777011
434.550425864064,456.255305499652,4.73273003994227
657.419917514868,374.955931109936,3.11200822587698
104.534921513014,484.736937782524,4.32802959460873
624.165854333056,89.2853946461256,4.06302228903718
421.120861065839,260.819016311191,3.72604044820589
12.8060390371195,183.227974859941,3.2825532737008
65.3434321213315,121.26036341017,4.68764582811649
615.677296572305,188.910003217435,4.21875256596182
246.897521711981,212.108847086348,3.70821517447075
565.765349287463,433.840947038583,3.83786636678047
302.225683703882,142.275007225751,3.96065140483066
526.897821891488,457.694739295126,3.74201542014648
41.7910475714467,421.481862771094,3.99066291724471
190.382887259659,286.65659433661,4.33322703982658
544.165811011276,263.748809818012,3.64746739748257
174.970347041796,31.2135687826611,4.35616224838756
503.593335675109,345.37087973105,4.60330308341833
35.9856038784819,61.2447908692833,3.87046286583649
522.916471517349,165.508247592714,4.62969388319081
NA,NA,NA
661.391688375382,334.600520832536,3.6446582653217
454.596793235675,298.580280821124,3.73974194647719
13.4606657251432,494.771794376558,3.64372577816142
557.202260873395,58.4403144472961,4.19525908826255
78.9723446715421,374.981562446447,3.98658089734411
230.925576499913,415.743012412173,3.86092652220174
427.638451156376,13.5621780142506,3.36432033720358
363.956816521954,291.364012565146,3.13069340721514
603.208397810802,105.782685135424,4.25488146738241
391.1898846057,233.316692218011,4.0951671423445
573.025787168189,412.876674941427,4.63967743343853
143.935146350188,279.033465284737,4.62072325297468
200.343722874461,368.189365500919,4.10233308433849
125.443222724696,411.847830678392,3.45257705036637
627.884558004149,313.980920861518,4.61356673632567
3.99775659272563,146.695959478331,4.34810591403806
545.520477422181,202.603683742673,4.18448624879907
35.567179488291,490.807029421521,3.05254359538205
282.024464019595,22.0763756093706,4.02702729413305
538.520883990309,393.21457944502,3.32909644962805
73.0599419228443,78.174717396786,5.23213725502203
6.0396533407545,77.5851855655655,3.36209908254409
588.334697386302,228.730947556001,3.93119932777011
434.550425864064,456.255305499652,4.73273003994227
657.419917514868,374.955931109936,3.11200822587698
104.534921513014,484.736937782524,4.32802959460873
624.165854333056,89.2853946461256,4.06302228903718
421.120861065839,260.819016311191,3.72604044820589
12.8060390371195,183.227974859941,3.2825532737008
65.3434321213315,121.26036341017,4.68764582811649
615.677296572305,188.910003217435,4.21875256596182
246.897521711981,212.108847086348,3.70821517447075
565.765349287463,433.840947038583,3.83786636678047
302.225683703882,142.275007225751,3.96065140483066
526.897821891488,457.694739295126,3.74201542014648
41.7910475714467,421.481862771094,3.99066291724471
190.382887259659,286.65659433661,4.33322703982658
544.165811011276,263.748809818012,3.64746739748257
174.970347041796,31.2135687826611,4.35616224838756
503.593335675109,345.37087973105,4.60330308341833
35.9856038784819,61.2447908692833,3.87046286583649
522.916471517349,165.508247592714,4.62969388319081
NA,NA,NA
661.391688375382,334.600520832536,3.6446582653217
454.596793235675,298.580280821124,3.73974194647719
13.4606657251432,494.771794376558,3.64372577816142
557.202260873395,58.4403144472961,4.19525908826255
78.9723446715421,374.981562446447,3.98658089734411
230.925576499913,415.743012412173,3.86092652220174
427.638451156376,13.5621780142506,3.36432033720358
363.956816521954,291.364012565146,3.13069340721514
603.208397810802,105.782685135424,4.25488146738241
391.1898846057,233.316692218011,4.0951671423445
573.025787168189,412.876674941427,4.63967743343853
143.935146350188,279.033465284737,4.62072325297468
200.343722874461,368.189365500919,4.10233308433849
125.443222724696,411.847830678392,3.45257705036637
627.884558004149,313.980920861518,4.61356673632567
3.99775659272563,146.695959478331,4.34810591403806
545.520477422181,202.603683742673,4.18448624879907
35.567179488291,490.807029421521,3.05254359538205
282.024464019595,22.0763756093706,4.02702729413305
538.520883990309,393.21457944502,3.32909644962805
73.0599419228443,78.174717396786,5.23213725502203
6.0396533407545,77.5851855655655,3.36209908254409
588.334697386302,228.730947556001,3.93119932777011
434.550425864064,456.255305499652,4.73273003994227
657.419917514868,374.955931109936,3.11200822587698
104.534921513014,484.736937782524,4.32802959460873
624.165854333056,89.2853946461256,4.06302228903718
421.120861065839,260.819016311191,3.72604044820589
12.8060390371195,183.227974859941,3.2825532737008
65.3434321213315,121.26036341017,4.68764582811649
615.677296572305,188.910003217435,4.21875256596182
246.897521711981,212.108847086348,3.70821517447075
565.765349287463,433.840947038583,3.83786636678047
302.225683703882,142.275007225751,3.96065140483066
526.897821891488,457.694739295126,3.74201542014648
41.7910475714467,421.481862771094,3.99066291724471
190.382887259659,286.65659433661,4.33322703982658
544.165811011276,263.748809818012,3.64746739748257
174.970347041796,31.2135687826611,4.35616224838756
503.593335675109,345.37087973105,4.60330308341833
35.9856038784819,61.2447908692833,3.87046286583649
522.916471517349,165.508247592714,4.62969388319081
NA,NA,NA
660.77411383433,337.316464189292,3.49490100652128
454.087488275823,293.231198856366,3.73097917682969
13.704024596156,497.264165082686,3.51554436077418
563.209933496513,52.1015008261053,4.15506978116377
67.7392859004836,377.439724293187,3.93525545592874
224.00208081806,415.375419839634,3.93648992792124
426.784170570447,11.9525690691359,3.20972592397427
360.529678989053,291.940211625029,3.03748702462407
600.001629929291,107.149216691646,4.30013624068058
393.422026211128,229.97030779553,4.24485497210525
562.381122336196,413.026159361978,4.72839962186342
138.877162039687,284.029336518787,4.51906912949092
199.797030648529,369.948366079853,4.03491986625641
123.405477278341,410.609949862405,3.41335719988722
627.945543526303,315.926213296189,4.57095266997272
3.25866254080357,149.044809419216,4.31305013487079
546.567330324652,205.036854103675,4.25580376418693
34.5697547109134,493.696370482043,3.19438523909618
279.286331461235,22.773209294775,3.76518367247471
530.022925446648,394.519537895451,3.30477743876114
71.0923464821066,78.7050862758138,5.26031345544604
8.93727512036828,76.6233920204259,3.35732892458414
588.423152627367,230.128244486438,4.01314254761114
438.049626378403,458.228556107934,4.75586914540216
657.675034276191,375.918319091414,3.20338575519111
108.203678870673,489.08614113178,4.39878519934662
619.745228187895,87.5837259084899,4.05615583430385
419.288490297466,259.965170646582,3.7007063769566
12.2020268152948,180.170585526961,3.1392540412417
50.5205908547123,109.923528623495,4.51943063721026
612.290322140564,199.717553977056,4.11037478312736
263.255644992624,214.045748421103,3.94052837121647
574.330616543497,431.227416643357,3.83086703400605
301.75725779853,142.738075436156,3.88263378301261
533.126288514208,455.322642676421,3.54236450795638
54.6592657603225,407.133596167785,3.95157691073537
203.052851972316,285.062345602315,4.13468067597561
550.563765881529,263.390613946113,3.58374127375293
159.975007269916,25.015431108947,4.08203398059338
494.776533121591,349.471787086212,4.30825075620588
29.3400564936366,45.8435776404524,3.89609713643075
525.581061172543,141.886992470272,4.61414301184461
NA,NA,NA
660.77411383433,337.316464189292,3.49490100652128
454.087488275823,293.231198856366,3.73097917682969
13.704024596156,497.264165082686,3.51554436077418
563.209933496513,52.1015008261053,4.15506978116377
67.7392859004836,377.439724293187,3.93525545592874
224.00208081806,415.375419839634,3.93648992792124
426.784170570447,11.9525690691359,3.20972592397427
360.529678989053,291.940211625029,3.03748702462407
600.001629929291,107.149216691646,4.30013624068058
393.422026211128,229.97030779553,4.24485497210525
562.381122336196,413.026159361978,4.72839962186342
138.877162039687,284.029336518787,4.51906912949092
199.797030648529,369.948366079853,4.03491986625641
123.405477278341,410.609949862405,3.41335719988722
627.945543526303,315.926213296189,4.57095266997272
3.25866254080357,149.044809419216,4.31305013487079
546.567330324652,205.036854103675,4.25580376418693
34.5697547109134,493.696370482043,3.19438523909618
279.286331461235,22.773209294775,3.76518367247471
530.022925446648,394.519537895451,3.30477743876114
71.0923464821066,78.7050862758138,5.26031345544604
8.93727512036828,76.6233920204259,3.35732892458414
588.423152627367,230.128244486438,4.01314254761114
438.049626378403,458.228556107934,4.75586914540216
657.675034276191,375.918319091414,3.20338575519111
108.203678870673,489.08614113178,4.39878519934662
619.745228187895,87.5837259084899,4.05615583430385
419.288490297466,259.965170646582,3.7007063769566
12.2020268152948,180.170585526961,3.1392540412417
50.5205908547123,109.923528623495,4.51943063721026
612.290322140564,199.717553977056,4.11037478312736
263.255644992624,214.045748421103,3.94052837121647
574.330616543497,431.227416643357,3.83086703400605
301.75725779853,142.738075436156,3.88263378301261
533.126288514208,455.322642676421,3.54236450795638
54.6592657603225,407.133596167785,3.95157691073537
203.052851972316,285.062345602315,4.13468067597561
550.563765881529,263.390613946113,3.58374127375293
159.975007269916,25.015431108947,4.08203398059338
494.776533121591,349.471787086212,4.30825075620588
29.3400564936366,45.8435776404524,3.89609713643075
525.581061172543,141.886992470272,4.61414301184461
NA,NA,NA
660.77411383433,337.316464189292,3.49490100652128
454.087488275823,293.231198856366,3.73097917682969
13.704024596156,497.264165082686,3.51554436077418
563.209933496513,52.1015008261053,4.15506978116377
67.7392859004836,377.439724293187,3.93525545592874
224.00208081806,415.375419839634,3.93648992792124
426.784170570447,11.9525690691359,3.20972592397427
360.529678989053,291.940211625029,3.03748702462407
600.001629929291,107.149216691646,4.30013624068058
393.422026211128,229.97030779553,4.24485497210525
562.381122336196,413.026159361978,4.72839962186342
138.877162039687,284.029336518787,4.51906912949092
199.797030648529,369.948366079853,4.03491986625641
123.405477278341,410.609949862405,3.41335719988722
627.945543526303,315.926213296189,4.57095266997272
3.25866254080357,149.044809419216,4.31305013487079
546.567330324652,205.036854103675,4.25580376418693
34.5697547109134,493.696370482043,3.19438523909618
279.286331461235,22.773209294775,3.76518367247471
530.022925446648,394.519537895451,3.30477743876114
71.0923464821066,78.7050862758138,5.26031345544604
8.93727512036828,76.6233920204259,3.35732892458414
588.423152627367,230.128244486438,4.01314254761114
438.049626378403,458.228556107934,4.75586914540216
657.675034276191,375.918319091414,3.20338575519111
108.203678870673,489.08614113178,4.39878519934662
619.745228187895,87.5837259084899,4.05615583430385
419.288490297466,259.965170646582,3.7007063769566
12.2020268152948,180.170585526961,3.1392540412417
50.5205908547123,109.923528623495,4.51943063721026
612.290322140564,199.717553977056,4.11037478312736
263.255644992624,214.045748421103,3.94052837121647
574.330616543497,431.227416643357,3.83086703400605
301.75725779853,142.738075436156,3.88263378301261
533.126288514208,455.322642676421,3.54236450795638
54.6592657603225,407.133596167785,3.95157691073537
203.052851972316,285.062345602315,4.13468067597561
550.563765881529,263.390613946113,3.58374127375293
159.975007269916,25.015431108947,4.08203398059338
494.776533121591,349.471787086212,4.30825075620588
29.3400564936366,45.8435776404524,3.89609713643075
525.581061172543,141.886992470272,4.61414301184461
NA,NA,NA
660.77411383433,337.316464189292,3.49490100652128
454.087488275823,293.231198856366,3.73097917682969
13.704024596156,497.264165082686,3.51554436077418
563.209933496513,52.1015008261053,4.15506978116377
67.7392859004836,377.439724293187,3.93525545592874
224.00208081806,415.375419839634,3.93648992792124
426.784170570447,11.9525690691359,3.20972592397427
360.529678989053,291.940211625029,3.03748702462407
600.001629929291,107.149216691646,4.30013624068058
393.422026211128,229.97030779553,4.24485497210525
562.381122336196,413.026159361978,4.72839962186342
138.877162039687,284.029336518787,4.51906912949092
199.797030648529,369.948366079853,4.03491986625641
123.405477278341,410.609949862405,3.41335719988722
627.945543526303,315.926213296189,4.57095266997272
3.25866254080357,149.044809419216,4.31305013487079
546.567330324652,205.036854103675,4.25580376418693
34.5697547109134,493.696370482043,3.19438523909618
279.286331461235,22.773209294775,3.76518367247471
530.022925446648,394.519537895451,3.30477743876114
71.0923464821066,78.7050862758138,5.26031345544604
8.93727512036828,76.6233920204259,3.35732892458414
588.423152627367,230.128244486438,4.01314254761114
438.049626378403,458.228556107934,4.75586914540216
657.675034276191,375.918319091414,3.20338575519111
108.203678870673,489.08614113178,4.39878519934662
619.745228187895,87.5837259084899,4.05615583430385
419.288490297466,259.965170646582,3.7007063769566
12.2020268152948,180.170585526961,3.1392540412417
50.5205908547123,109.923528623495,4.51943063721026
612.290322140564,199.717553977056,4.11037478312736
263.255644992624,214.045748421103,3.94052837121647
574.330616543497,431.227416643357,3.83086703400605
301.75725779853,142.738075436156,3.88263378301261
533.126288514208,455.322642676421,3.54236450795638
54.6592657603225,407.133596167785,3.95157691073537
203.052851972316,285.062345602315,4.13468067597561
550.563765881529,263.390613946113,3.58374127375293
159.975007269916,25.015431108947,4.08203398059338
494.776533121591,349.471787086212,4.30825075620588
29.3400564936366,45.8435776404524,3.89609713643075
525.581061172543,141.886992470272,4.61414301184461
NA,NA,NA
660.77411383433,337.316464189292,3.49490100652128
454.087488275823,293.231198856366,3.73097917682969
13.704024596156,497.264165082686,3.51554436077418
563.209933496513,52.1015008261053,4.15506978116377
67.7392859004836,377.439724293187,3.93525545592874
224.00208081806,415.375419839634,3.93648992792124
426.784170570447,11.9525690691359,3.20972592397427
360.529678989053,291.940211625029,3.03748702462407
600.001629929291,107.149216691646,4.30013624068058
393.422026211128,229.97030779553,4.24485497210525
562.381122336196,413.026159361978,4.72839962186342
138.877162039687,284.029336518787,4.51906912949092
199.797030648529,369.948366079853,4.03491986625641
123.405477278341,410.609949862405,3.41335719988722
627.945543526303,315.926213296189,4.57095266997272
3.25866254080357,149.044809419216,4.31305013487079
546.567330324652,205.036854103675,4.25580376418693
34.5697547109134,493.696370482043,3.19438523909618
279.286331461235,22.773209294775,3.76518367247471
530.022925446648,394.519537895451,3.30477743876114
71.0923464821066,78.7050862758138,5.26031345544604
8.93727512036828,76.6233920204259,3.35732892458414
588.423152627367,230.128244486438,4.01314254761114
438.049626378403,458.228556107934,4.75586914540216
657.675034276191,375.918319091414,3.20338575519111
108.203678870673,489.08614113178,4.39878519934662
619.745228187895,87.5837259084899,4.05615583430385
419.288490297466,259.965170646582,3.7007063769566
12.2020268152948,180.170585526961,3.1392540412417
50.5205908547123,109.923528623495,4.51943063721026
612.290322140564,199.717553977056,4.11037478312736
263.255644992624,214.045748421103,3.94052837121647
574.330616543497,431.227416643357,3.83086703400605
301.75725779853,142.738075436156,3.88263378301261
533.126288514208,455.322642676421,3.54236450795638
54.6592657603225,407.133596167785,3.95157691073537
203.052851972316,285.062345602315,4.13468067597561
550.563765881529,263.390613946113,3.58374127375293
159.975007269916,25.015431108947,4.08203398059338
494.776533121591,349.471787086212,4.30825075620588
29.3400564936366,45.8435776404524,3.89609713643075
525.581061172543,141.886992470272,4.61414301184461
NA,NA,NA
660.77411383433,337.316464189292,3.49490100652128
454.087488275823,293.231198856366,3.73097917682969
13.704024596156,497.264165082686,3.51554436077418
563.209933496513,52.1015008261053,4.15506978116377
67.7392859004836,377.439724293187,3.93525545592874
224.00208081806,415.375419839634,3.93648992792124
426.784170570447,11.9525690691359,3.20972592397427
360.529678989053,291.940211625029,3.03748702462407
600.001629929291,107.149216691646,4.30013624068058
393.422026211128,229.97030779553,4.24485497210525
562.381122336196,413.026159361978,4.72839962186342
138.877162039687,284.029336518787,4.51906912949092
199.797030648529,369.948366079853,4.03491986625641
123.405477278341,410.609949862405,3.41335719988722
627.945543526303,315.926213296189,4.57095266997272
3.25866254080357,149.044809419216,4.31305013487079
546.567330324652,205.036854103675,4.25580376418693
34.5697547109134,493.696370482043,3.19438523909618
279.286331461235,22.773209294775,3.76518367247471
530.022925446648,394.519537895451,3.30477743876114
71.0923464821066,78.7050862758138,5.26031345544604
8.93727512036828,76.6233920204259,3.35732892458414
588.423152627367,230.128244486438,4.01314254761114
438.049626378403,458.228556107934,4.75586914540216
657.675034276191,375.918319091414,3.20338575519111
108.203678870673,489.08614113178,4.39878519934662
619.745228187895,87.5837259084899,4.05615583430385
419.288490297466,259.965170646582,3.7007063769566
12.2020268152948,180.170585526961,3.1392540412417
50.5205908547123,109.923528623495,4.51943063721026
612.290322140564,199.717553977056,4.11037478312736
263.255644992624,214.045748421103,3.94052837121647
574.330616543497,431.227416643357,3.83086703400605
301.75725779853,142.738075436156,3.88263378301261
533.126288514208,455.322642676421,3.54236450795638
54.6592657603225,407.133596167785,3.95157691073537
203.052851972316,285.062345602315,4.13468067597561
550.563765881529,263.390613946113,3.58374127375293
159.975007269916,25.015431108947,4.08203398059338
494.776533121591,349.471787086212,4.30825075620588
29.3400564936366,45.8435776404524,3.89609713643075
525.581061172543,141.886992470272,4.61414301184461
NA,NA,NA
661.630838029125,336.802839980617,3.59360716028123
458.46981258707,298.050936177131,3.74997301702445
9.74593359770247,490.243064109648,3.59466964979625
560.031706392905,51.9999467420329,4.20209189555333
70.0152977873775,378.929870860842,3.97687670855416
230.906278779532,413.034814210263,3.86799985312272
427.740219975987,13.4380492397776,3.28731010527338
360.237041980171,291.560469242676,2.95719185021694
609.121909049625,104.618983151297,4.19661183551258
388.230520978819,230.735589194426,4.31859099870959
571.913523696927,407.769608476163,4.68902627309817
142.017707025638,278.810228834128,4.39914369819477
197.306685286724,372.392705204451,4.07824806734057
125.230921260453,413.323643282194,3.46973522124396
630.266982429072,309.875411494292,4.43197957313689
-1.6546336773443,147.750451938888,4.35709768717639
542.832333626208,205.679424488357,4.24307863201118
36.1216747803655,491.640685535955,3.00034346686822
280.953481410784,24.3247524866364,3.90008333072139
532.666607808279,394.362598068653,3.3502516317528
69.3103556738743,77.8211325798707,5.20329118320916
2.8589373696754,78.2097595131623,3.42284300729391
589.125088407669,228.304316174469,4.09746967989998
441.403586008785,462.292663433576,4.81790401016002
658.771482741886,373.610038920869,2.91373068181353
105.758654226794,488.202749280268,4.35465933164281
623.942738904871,84.842364087069,4.15753873968469
419.986420446035,258.28221412957,3.72846997413146
10.5563432470394,183.163533929882,2.99529623065099
73.0604214403029,102.261133766759,4.57090803455165
610.845230527734,206.883907544859,4.33568676190559
248.039537164703,230.206540496393,3.89609507025364
579.60467766161,430.333854791584,3.78199417502132
299.108833287531,141.366782815459,3.77064273766935
528.954699556341,458.302632341085,3.63069130015216
53.9055104823641,416.759191275639,3.85564428577254
195.546900919707,292.99665500245,3.70246621253994
545.198929219892,268.066214985125,3.60506770007289
171.763189622897,23.2087757119492,4.34895553819748
503.153135878647,344.764010528966,4.61552984858544
42.4475641640398,35.184904921543,3.72887607763923
526.38393600267,153.410350294255,4.81171653261331
NA,NA,NA
661.630838029125,336.802839980617,3.59360716028123
458.46981258707,298.050936177131,3.74997301702445
9.74593359770247,490.243064109648,3.59466964979625
560.031706392905,51.9999467420329,4.20209189555333
70.0152977873775,378.929870860842,3.97687670855416
230.906278779532,413.034814210263,3.86799985312272
427.740219975987,13.4380492397776,3.28731010527338
360.237041980171,291.560469242676,2.95719185021694
609.121909049625,104.618983151297,4.19661183551258
388.230520978819,230.735589194426,4.31859099870959
571.913523696927,407.769608476163,4.68902627309817
142.017707025638,278.810228834128,4.39914369819477
197.306685286724,372.392705204451,4.07824806734057
125.230921260453,413.323643282194,3.46973522124396
630.266982429072,309.875411494292,4.43197957313689
-1.6546336773443,147.750451938888,4.35709768717639
542.832333626208,205.679424488357,4.24307863201118
36.1216747803655,491.640685535955,3.00034346686822
280.953481410784,24.3247524866364,3.90008333072139
532.666607808279,394.362598068653,3.3502516317528
69.3103556738743,77.8211325798707,5.20329118320916
2.8589373696754,78.2097595131623,3.42284300729391
589.125088407669,228.304316174469,4.09746967989998
441.403586008785,462.292663433576,4.81790401016002
658.771482741886,373.610038920869,2.91373068181353
105.758654226794,488.202749280268,4.35465933164281
623.942738904871,84.842364087069,4.15753873968469
419.986420446035,258.28221412957,3.72846997413146
10.5563432470394,183.163533929882,2.99529623065099
73.0604214403029,102.261133766759,4.57090803455165
610.845230527734,206.883907544859,4.33568676190559
248.039537164703,230.206540496393,3.89609507025364
579.60467766161,430.333854791584,3.78199417502132
299.108833287531,141.366782815459,3.77064273766935
528.954699556341,458.302632341085,3.63069130015216
53.9055104823641,416.759191275639,3.85564428577254
195.546900919707,292.99665500245,3.70246621253994
545.198929219892,268.066214985125,3.60506770007289
171.763189622897,23.2087757119492,4.34895553819748
503.153135878647,344.764010528966,4.61552984858544
42.4475641640398,35.184904921543,3.72887607763923
526.38393600267,153.410350294255,4.81171653261331
NA,NA,NA
661.630838029125,336.802839980617,3.59360716028123
458.46981258707,298.050936177131,3.74997301702445
9.74593359770247,490.243064109648,3.59466964979625
560.031706392905,51.9999467420329,4.20209189555333
70.0152977873775,378.929870860842,3.97687670855416
230.906278779532,413.034814210263,3.86799985312272
427.740219975987,13.4380492397776,3.28731010527338
360.237041980171,291.560469242676,2.95719185021694
609.121909049625,104.618983151297,4.19661183551258
388.230520978819,230.735589194426,4.31859099870959
571.913523696927,407.769608476163,4.68902627309817
142.017707025638,278.810228834128,4.39914369819477
197.306685286724,372.392705204451,4.07824806734057
125.230921260453,413.323643282194,3.46973522124396
630.266982429072,309.875411494292,4.43197957313689
-1.6546336773443,147.750451938888,4.35709768717639
542.832333626208,205.679424488357,4.24307863201118
36.1216747803655,491.640685535955,3.00034346686822
280.953481410784,24.3247524866364,3.90008333072139
532.666607808279,394.362598068653,3.3502516317528
69.3103556738743,77.8211325798707,5.20329118320916
2.8589373696754,78.2097595131623,3.42284300729391
589.125088407669,228.304316174469,4.09746967989998
441.403586008785,462.292663433576,4.81790401016002
658.771482741886,373.610038920869,2.91373068181353
105.758654226794,488.202749280268,4.35465933164281
623.942738904871,84.842364087069,4.15753873968469
419.986420446035,258.28221412957,3.72846997413146
10.5563432470394,183.163533929882,2.99529623065099
73.0604214403029,102.261133766759,4.57090803455165
610.845230527734,206.883907544859,4.33568676190559
248.039537164703,230.206540496393,3.89609507025364
579.60467766161,430.333854791584,3.78199417502132
299.108833287531,141.366782815459,3.77064273766935
528.954699556341,458.302632341085,3.63069130015216
53.9055104823641,416.759191275639,3.85564428577254
195.546900919707,292.99665500245,3.70246621253994
545.198929219892,268.066214985125,3.60506770007289
171.763189622897,23.2087757119492,4.34895553819748
503.153135878647,344.764010528966,4.61552984858544
42.4475641640398,35.184904921543,3.72887607763923
526.38393600267,153.410350294255,4.81171653261331
NA,NA,NA
661.630838029125,336.802839980617,3.59360716028123
458.46981258707,298.050936177131,3.74997301702445
9.74593359770247,490.243064109648,3.59466964979625
560.031706392905,51.9999467420329,4.20209189555333
70.0152977873775,378.929870860842,3.97687670855416
230.906278779532,413.034814210263,3.86799985312272
427.740219975987,13.4380492397776,3.28731010527338
360.237041980171,291.560469242676,2.95719185021694
609.121909049625,104.618983151297,4.19661183551258
388.230520978819,230.735589194426,4.31859099870959
571.913523696927,407.769608476163,4.68902627309817
142.017707025638,278.810228834128,4.39914369819477
197.306685286724,372.392705204451,4.07824806734057
125.230921260453,413.323643282194,3.46973522124396
630.266982429072,309.875411494292,4.43197957313689
-1.6546336773443,147.750451938888,4.35709768717639
542.832333626208,205.679424488357,4.24307863201118
36.1216747803655,491.640685535955,3.00034346686822
280.953481410784,24.3247524866364,3.90008333072139
532.666607808279,394.362598068653,3.3502516317528
69.3103556738743,77.8211325798707,5.20329118320916
2.8589373696754,78.2097595131623,3.42284300729391
589.125088407669,228.304316174469,4.09746967989998
441.403586008785,462.292663433576,4.81790401016002
658.771482741886,373.610038920869,2.91373068181353
105.758654226794,488.202749280268,4.35465933164281
623.942738904871,84.842364087069,4.15753873968469
419.986420446035,258.28221412957,3.72846997413146
10.5563432470394,183.163533929882,2.99529623065099
73.0604214403029,102.261133766759,4.57090803455165
610.845230527734,206.883907544859,4.33568676190559
248.039537164703,230.206540496393,3.89609507025364
579.60467766161,430.333854791584,3.78199417502132
299.108833287531,141.366782815459,3.77064273766935
528.954699556341,458.302632341085,3.63069130015216
53.9055104823641,416.759191275639,3.85564428577254
195.546900919707,292.99665500245,3.70246621253994
545.198929219892,268.066214985125,3.60506770007289
171.763189622897,23.2087757119492,4.34895553819748
503.153135878647,344.764010528966,4.61552984858544
42.4475641640398,35.184904921543,3.72887607763923
526.38393600267,153.410350294255,4.81171653261331
NA,NA,NA
661.630838029125,336.802839980617,3.59360716028123
458.46981258707,298.050936177131,3.74997301702445
9.74593359770247,490.243064109648,3.59466964979625
560.031706392905,51.9999467420329,4.20209189555333
70.0152977873775,378.929870860842,3.97687670855416
230.906278779532,413.034814210263,3.86799985312272
427.740219975987,13.4380492397776,3.28731010527338
360.237041980171,291.560469242676,2.95719185021694
609.121909049625,104.618983151297,4.19661183551258
388.230520978819,230.735589194426,4.31859099870959
571.913523696927,407.769608476163,4.68902627309817
142.017707025638,278.810228834128,4.39914369819477
197.306685286724,372.392705204451,4.07824806734057
125.230921260453,413.323643282194,3.46973522124396
630.266982429072,309.875411494292,4.43197957313689
-1.6546336773443,147.750451938888,4.35709768717639
542.832333626208,205.679424488357,4.24307863201118
36.1216747803655,491.640685535955,3.00034346686822
280.953481410784,24.3247524866364,3.90008333072139
532.666607808279,394.362598068653,3.3502516317528
69.3103556738743,77.8211325798707,5.20329118320916
2.8589373696754,78.2097595131623,3.42284300729391
589.125088407669,228.304316174469,4.09746967989998
441.403586008785,462.292663433576,4.81790401016002
658.771482741886,373.610038920869,2.91373068181353
105.758654226794,488.202749280268,4.35465933164281
623.942738904871,84.842364087069,4.15753873968469
419.986420446035,258.28221412957,3.72846997413146
10.5563432470394,183.163533929882,2.99529623065099
73.0604214403029,102.261133766759,4.57090803455165
610.845230527734,206.883907544859,4.33568676190559
248.039537164703,230.206540496393,3.89609507025364
579.60467766161,430.333854791584,3.78199417502132
299.108833287531,141.366782815459,3.77064273766935
528.954699556341,458.302632341085,3.63069130015216
53.9055104823641,416.759191275639,3.85564428577254
195.546900919707,292.99665500245,3.70246621253994
545.198929219892,268.066214985125,3.60506770007289
171.763189622897,23.2087757119492,4.34895553819748
503.153135878647,344.764010528966,4.61552984858544
42.4475641640398,35.184904921543,3.72887607763923
526.38393600267,153.410350294255,4.81171653261331
NA,NA,NA
661.630838029125,336.802839980617,3.59360716028123
458.46981258707,298.050936177131,3.74997301702445
9.74593359770247,490.243064109648,3.59466964979625
560.031706392905,51.9999467420329,4.20209189555333
70.0152977873775,378.929870860842,3.97687670855416
230.906278779532,413.034814210263,3.86799985312272
427.740219975987,13.4380492397776,3.28731010527338
360.237041980171,291.560469242676,2.95719185021694
609.121909049625,104.618983151297,4.19661183551258
388.230520978819,230.735589194426,4.31859099870959
571.913523696927,407.769608476163,4.68902627309817
142.017707025638,278.810228834128,4.39914369819477
197.306685286724,372.392705204451,4.07824806734057
125.230921260453,413.323643282194,3.46973522124396
630.266982429072,309.875411494292,4.43197957313689
-1.6546336773443,147.750451938888,4.35709768717639
542.832333626208,205.679424488357,4.24307863201118
36.1216747803655,491.640685535955,3.00034346686822
280.953481410784,24.3247524866364,3.90008333072139
532.666607808279,394.362598068653,3.3502516317528
69.3103556738743,77.8211325798707,5.20329118320916
2.8589373696754,78.2097595131623,3.42284300729391
589.125088407669,228.304316174469,4.09746967989998
441.403586008785,462.292663433576,4.81790401016002
658.771482741886,373.610038920869,2.91373068181353
105.758654226794,488.202749280268,4.35465933164281
623.942738904871,84.842364087069,4.15753873968469
419.986420446035,258.28221412957,3.72846997413146
10.5563432470394,183.163533929882,2.99529623065099
73.0604214403029,102.261133766759,4.57090803455165
610.845230527734,206.883907544859,4.33568676190559
248.039537164703,230.206540496393,3.89609507025364
579.60467766161,430.333854791584,3.78199417502132
299.108833287531,141.366782815459,3.77064273766935
528.954699556341,458.302632341085,3.63069130015216
53.9055104823641,416.759191275639,3.85564428577254
195.546900919707,292.99665500245,3.70246621253994
545.198929219892,268.066214985125,3.60506770007289
171.763189622897,23.2087757119492,4.34895553819748
503.153135878647,344.764010528966,4.61552984858544
42.4475641640398,35.184904921543,3.72887607763923
526.38393600267,153.410350294255,4.81171653261331
NA,NA,NA
659.724925560437,332.690018618524,3.43146218540293
456.744928641092,297.526709595074,3.50485256124207
11.1176703837751,493.650111189915,3.69294732253958
556.580505646681,47.1683896137013,4.12211718835545
74.461799130305,375.874217024966,3.88027554294435
227.478238249269,413.44482717126,3.83033890668448
431.038122401462,15.3351872984591,3.37555544308328
361.579300217636,294.583392950598,2.83395346414866
598.972104608743,105.025170487088,4.23165859707749
395.609963113612,233.309445005528,4.130731596182
568.601881730348,409.372192139869,4.74888577488488
145.56832149395,277.433509774901,4.31288956435692
199.306793784721,367.081026809605,4.00348893190889
122.46514053018,409.55832397243,3.43389240395065
625.477329586775,313.963456820095,4.63157633350323
-3.70287002398412,149.249756962988,4.33504341076645
538.012219392173,201.504322546131,4.06374936802785
34.7801693150021,492.105504266159,3.01690055198671
280.852642585113,25.2148237736796,4.04751505933779
536.498067723135,391.414788154786,3.4567280623258
70.7282648997217,76.2530429893077,5.32199657322447
6.17444642824213,74.6830582526805,3.49081404409821
587.96589115201,228.63974127936,3.96389102801875
441.592297478755,458.545561009173,4.79526198014207
657.541335834508,374.805923742688,2.99080686353813
107.351273068323,486.635528190793,4.47142105217252
625.316164738605,91.590036435106,4.06826129293052
416.36664742364,259.569844083623,3.60464837033249
12.9426544725252,181.857916100938,3.31040492109485
70.0036520310846,117.303455250165,4.55961680445357
613.983786680939,212.619718778809,4.13783314685097
255.581112020448,221.489570203401,3.84965004515246
580.686622820712,444.969550266314,3.83412534011284
304.350268918753,138.906896114236,3.84738981872824
532.486116703074,455.167596921956,3.83872678715828
39.1543173544788,427.582801394612,3.80008475494358
196.385705844256,271.8584226829,4.68233931202428
563.649441009204,263.119147705203,3.74993581912877
174.620760061463,37.6790141058139,4.17172123573331
504.111418542359,334.044213570528,4.69347102224599
40.4545151439335,53.2993194859583,3.92413949480486
537.075279692554,160.23275302891,4.82556594486395
NA,NA,NA
659.724925560437,332.690018618524,3.43146218540293
456.744928641092,297.526709595074,3.50485256124207
11.1176703837751,493.650111189915,3.69294732253958
556.580505646681,47.1683896137013,4.12211718835545
74.461799130305,375.874217024966,3.88027554294435
227.478238249269,413.44482717126,3.83033890668448
431.038122401462,15.3351872984591,3.37555544308328
361.579300217636,294.583392950598,2.83395346414866
598.972104608743,105.025170487088,4.23165859707749
395.609963113612,233.309445005528,4.130731596182
568.601881730348,409.372192139869,4.74888577488488
145.56832149395,277.433509774901,4.31288956435692
199.306793784721,367.081026809605,4.00348893190889
122.46514053018,409.55832397243,3.43389240395065
625.477329586775,313.963456820095,4.63157633350323
-3.70287002398412,149.249756962988,4.33504341076645
538.012219392173,201.504322546131,4.06374936802785
34.7801693150021,492.105504266159,3.01690055198671
280.852642585113,25.2148237736796,4.04751505933779
536.498067723135,391.414788154786,3.4567280623258
70.7282648997217,76.2530429893077,5.32199657322447
6.17444642824213,74.6830582526805,3.49081404409821
587.96589115201,228.63974127936,3.96389102801875
441.592297478755,458.545561009173,4.79526198014207
657.541335834508,374.805923742688,2.99080686353813
107.351273068323,486.635528190793,4.47142105217252
625.316164738605,91.590036435106,4.06826129293052
416.36664742364,259.569844083623,3.60464837033249
12.9426544725252,181.857916100938,3.31040492109485
70.0036520310846,117.303455250165,4.55961680445357
613.983786680939,212.619718778809,4.13783314685097
255.581112020448,221.489570203401,3.84965004515246
580.686622820712,444.969550266314,3.83412534011284
304.350268918753,138.906896114236,3.84738981872824
532.486116703074,455.167596921956,3.83872678715828
39.1543173544788,427.582801394612,3.80008475494358
196.385705844256,271.8584226829,4.68233931202428
563.649441009204,263.119147705203,3.74993581912877
174.620760061463,37.6790141058139,4.17172123573331
504.111418542359,334.044213570528,4.69347102224599
40.4545151439335,53.2993194859583,3.92413949480486
537.075279692554,160.23275302891,4.82556594486395
NA,NA,NA
659.724925560437,332.690018618524,3.43146218540293
456.744928641092,297.526709595074,3.50485256124207
11.1176703837751,493.650111189915,3.69294732253958
556.580505646681,47.1683896137013,4.12211718835545
74.461799130305,375.874217024966,3.88027554294435
227.478238249269,413.44482717126,3.83033890668448
431.038122401462,15.3351872984591,3.37555544308328
361.579300217636,294.583392950598,2.83395346414866
598.972104608743,105.025170487088,4.23165859707749
395.609963113612,233.309445005528,4.130731596182
568.601881730348,409.372192139869,4.74888577488488
145.56832149395,277.433509774901,4.31288956435692
199.306793784721,367.081026809605,4.00348893190889
122.46514053018,409.55832397243,3.43389240395065
625.477329586775,313.963456820095,4.63157633350323
-3.70287002398412,149.249756962988,4.33504341076645
538.012219392173,201.504322546131,4.06374936802785
34.7801693150021,492.105504266159,3.01690055198671
280.852642585113,25.2148237736796,4.04751505933779
536.498067723135,391.414788154786,3.4567280623258
70.7282648997217,76.2530429893077,5.32199657322447
6.17444642824213,74.6830582526805,3.49081404409821
587.96589115201,228.63974127936,3.96389102801875
441.592297478755,458.545561009173,4.79526198014207
657.541335834508,374.805923742688,2.99080686353813
107.351273068323,486.635528190793,4.47142105217252
625.316164738605,91.590036435106,4.06826129293052
416.36664742364,259.569844083623,3.60464837033249
12.9426544725252,181.857916100938,3.31040492109485
70.0036520310846,117.303455250165,4.55961680445357
613.983786680939,212.619718778809,4.13783314685097
255.581112020448,221.489570203401,3.84965004515246
580.686622820712,444.969550266314,3.83412534011284
304.350268918753,138.906896114236,3.84738981872824
532.486116703074,455.167596921956,3.83872678715828
39.1543173544788,427.582801394612,3.80008475494358
196.385705844256,271.8584226829,4.68233931202428
563.649441009204,263.119147705203,3.74993581912877
174.620760061463,37.6790141058139,4.17172123573331
504.111418542359,334.044213570528,4.69347102224599
40.4545151439335,53.2993194859583,3.92413949480486
537.075279692554,160.23275302891,4.82556594486395
NA,NA,NA
659.724925560437,332.690018618524,3.43146218540293
456.744928641092,297.526709595074,3.50485256124207
11.1176703837751,493.650111189915,3.69294732253958
556.580505646681,47.1683896137013,4.12211718835545
74.461799130305,375.874217024966,3.88027554294435
227.478238249269,413.44482717126,3.83033890668448
431.038122401462,15.3351872984591,3.37555544308328
361.579300217636,294.583392950598,2.83395346414866
598.972104608743,105.025170487088,4.23165859707749
395.609963113612,233.309445005528,4.130731596182
568.601881730348,409.372192139869,4.74888577488488
145.56832149395,277.433509774901,4.31288956435692
199.306793784721,367.081026809605,4.00348893190889
122.46514053018,409.55832397243,3.43389240395065
625.477329586775,313.963456820095,4.63157633350323
-3.70287002398412,149.249756962988,4.33504341076645
538.012219392173,201.504322546131,4.06374936802785
34.7801693150021,492.105504266159,3.01690055198671
280.852642585113,25.2148237736796,4.04751505933779
536.498067723135,391.414788154786,3.4567280623258
70.7282648997217,76.2530429893077,5.32199657322447
6.17444642824213,74.6830582526805,3.49081404409821
587.96589115201,228.63974127936,3.96389102801875
441.592297478755,458.545561009173,4.79526198014207
657.541335834508,374.805923742688,2.99080686353813
107.351273068323,486.635528190793,4.47142105217252
625.316164738605,91.590036435106,4.06826129293052
416.36664742364,259.569844083623,3.60464837033249
12.9426544725252,181.857916100938,3.31040492109485
70.0036520310846,117.303455250165,4.55961680445357
613.983786680939,212.619718778809,4.13783314685097
255.581112020448,221.489570203401,3.84965004515246
580.686622820712,444.969550266314,3.83412534011284
304.350268918753,138.906896114236,3.84738981872824
532.486116703074,455.167596921956,3.83872678715828
39.1543173544788,427.582801394612,3.80008475494358
196.385705844256,271.8584226829,4.68233931202428
563.649441009204,263.119147705203,3.74993581912877
174.620760061463,37.6790141058139,4.17172123573331
504.111418542359,334.044213570528,4.69347102224599
40.4545151439335,53.2993194859583,3.92413949480486
537.075279692554,160.23275302891,4.82556594486395
NA,NA,NA
659.724925560437,332.690018618524,3.43146218540293
456.744928641092,297.526709595074,3.50485256124207
11.1176703837751,493.650111189915,3.69294732253958
556.580505646681,47.1683896137013,4.12211718835545
74.461799130305,375.874217024966,3.88027554294435
227.478238249269,413.44482717126,3.83033890668448
431.038122401462,15.3351872984591,3.37555544308328
361.579300217636,294.583392950598,2.83395346414866
598.972104608743,105.025170487088,4.23165859707749
395.609963113612,233.309445005528,4.130731596182
568.601881730348,409.372192139869,4.74888577488488
145.56832149395,277.433509774901,4.31288956435692
199.306793784721,367.081026809605,4.00348893190889
122.46514053018,409.55832397243,3.43389240395065
625.477329586775,313.963456820095,4.63157633350323
-3.70287002398412,149.249756962988,4.33504341076645
538.012219392173,201.504322546131,4.06374936802785
34.7801693150021,492.105504266159,3.01690055198671
280.852642585113,25.2148237736796,4.04751505933779
536.498067723135,391.414788154786,3.4567280623258
70.7282648997217,76.2530429893077,5.32199657322447
6.17444642824213,74.6830582526805,3.49081404409821
587.96589115201,228.63974127936,3.96389102801875
441.592297478755,458.545561009173,4.79526198014207
657.541335834508,374.805923742688,2.99080686353813
107.351273068323,486.635528190793,4.47142105217252
625.316164738605,91.590036435106,4.06826129293052
416.36664742364,259.569844083623,3.60464837033249
12.9426544725252,181.857916100938,3.31040492109485
70.0036520310846,117.303455250165,4.55961680445357
613.983786680939,212.619718778809,4.13783314685097
255.581112020448,221.489570203401,3.84965004515246
580.686622820712,444.969550266314,3.83412534011284
304.350268918753,138.906896114236,3.84738981872824
532.486116703074,455.167596921956,3.83872678715828
39.1543173544788,427.582801394612,3.80008475494358
196.385705844256,271.8584226829,4.68233931202428
563.649441009204,263.119147705203,3.74993581912877
174.620760061463,37.6790141058139,4.17172123573331
504.111418542359,334.044213570528,4.69347102224599
40.4545151439335,53.2993194859583,3.92413949480486
537.075279692554,160.23275302891,4.82556594486395
NA,NA,NA
659.724925560437,332.690018618524,3.43146218540293
456.744928641092,297.526709595074,3.50485256124207
11.1176703837751,493.650111189915,3.69294732253958
556.580505646681,47.1683896137013,4.12211718835545
74.461799130305,375.874217024966,3.88027554294435
227.478238249269,413.44482717126,3.83033890668448
431.038122401462,15.3351872984591,3.37555544308328
361.579300217636,294.583392950598,2.83395346414866
598.972104608743,105.025170487088,4.23165859707749
395.609963113612,233.309445005528,4.130731596182
568.601881730348,409.372192139869,4.74888577488488
145.56832149395,277.433509774901,4.31288956435692
199.306793784721,367.081026809605,4.00348893190889
122.46514053018,409.55832397243,3.43389240395065
625.477329586775,313.963456820095,4.63157633350323
-3.70287002398412,149.249756962988,4.33504341076645
538.012219392173,201.504322546131,4.06374936802785
34.7801693150021,492.105504266159,3.01690055198671
280.852642585113,25.2148237736796,4.04751505933779
536.498067723135,391.414788154786,3.4567280623258
70.7282648997217,76.2530429893077,5.32199657322447
6.17444642824213,74.6830582526805,3.49081404409821
587.96589115201,228.63974127936,3.96389102801875
441.592297478755,458.545561009173,4.79526198014207
657.541335834508,374.805923742688,2.99080686353813
107.351273068323,486.635528190793,4.47142105217252
625.316164738605,91.590036435106,4.06826129293052
416.36664742364,259.569844083623,3.60464837033249
12.9426544725252,181.857916100938,3.31040492109485
70.0036520310846,117.303455250165,4.55961680445357
613.983786680939,212.619718778809,4.13783314685097
255.581112020448,221.489570203401,3.84965004515246
580.686622820712,444.969550266314,3.83412534011284
304.350268918753,138.906896114236,3.84738981872824
532.486116703074,455.167596921956,3.83872678715828
39.1543173544788,427.582801394612,3.80008475494358
196.385705844256,271.8584226829,4.68233931202428
563.649441009204,263.119147705203,3.74993581912877
174.620760061463,37.6790141058139,4.17172123573331
504.111418542359,334.044213570528,4.69347102224599
40.4545151439335,53.2993194859583,3.92413949480486
537.075279692554,160.23275302891,4.82556594486395
NA,NA,NA
663.026596254759,331.740957618112,3.25460791716217
454.563031954214,293.022013103049,3.69264374871714
8.84763727228058,491.975938328767,3.60929149075558
560.661987400438,55.2377071524203,4.2218765877952
72.0157089609041,376.020199909629,3.92212400335421
228.24824436224,413.134226403719,3.79448919392232
427.586296334572,12.0724673808456,3.24094443423663
363.82239399327,294.179364276514,3.07475544249393
607.261828265854,102.967772433454,4.13876420233661
391.406504208539,230.686377549309,4.10838703621448
558.522868959703,398.653895660212,4.68921064052084
136.300288672382,281.68657268608,4.4142507278901
204.716187015485,366.905612294315,4.04771887394517
124.662628702206,413.598525683088,3.47062888139644
623.201269868822,311.909404715384,4.5983018072341
0.748081688276574,153.779363957341,4.25359228323112
540.177917916198,202.115925957438,4.12881308770206
32.501469823942,492.334756673805,3.01687497947739
276.721849243711,19.2620093742851,3.8030693204054
534.80770916107,393.496608150084,3.51591824393728
80.2697451657247,72.6110804391264,5.26575712518261
7.10577490651833,76.5674329530529,3.61499694095062
592.73446861766,225.877541161337,4.03168821109039
441.636722268597,460.904949227326,4.76361749720194
660.270164155962,372.724001981554,3.00636458815257
104.167538957772,483.418439009938,4.31857525242029
625.811570958007,90.3114118166791,4.12071900688716
419.274032458259,258.144090544863,3.63912748554746
10.0753090018406,183.538805809533,3.21636150952983
75.978442875661,121.032273804773,4.45221415827655
597.637787852887,212.141987103324,4.38226156808323
262.345518813831,217.894931728428,3.54833076419664
573.854900104064,439.860264681198,3.80222446909739
302.484218159871,132.746106065904,3.86619105530033
531.787319642004,461.284383143071,3.70688162203391
40.7307188924607,420.285553423347,3.85293134219071
197.863489693094,302.12806784994,3.90904293775208
550.176213362474,267.096309990786,3.95960804503663
170.406893951999,31.301629484745,3.96139867102217
490.832591762369,349.001611222604,4.3796270952111
37.3421120242966,44.0699135868096,3.89954439916189
535.618747927474,145.373336112255,4.66162819044642
NA,NA,NA
663.026596254759,331.740957618112,3.25460791716217
454.563031954214,293.022013103049,3.69264374871714
8.84763727228058,491.975938328767,3.60929149075558
560.661987400438,55.2377071524203,4.2218765877952
72.0157089609041,376.020199909629,3.92212400335421
228.24824436224,413.134226403719,3.79448919392232
427.586296334572,12.0724673808456,3.24094443423663
363.82239399327,294.179364276514,3.07475544249393
607.261828265854,102.967772433454,4.13876420233661
391.406504208539,230.686377549309,4.10838703621448
558.522868959703,398.653895660212,4.68921064052084
136.300288672382,281.68657268608,4.4142507278901
204.716187015485,366.905612294315,4.04771887394517
124.662628702206,413.598525683088,3.47062888139644
623.201269868822,311.909404715384,4.5983018072341
0.748081688276574,153.779363957341,4.25359228323112
540.177917916198,202.115925957438,4.12881308770206
32.501469823942,492.334756673805,3.01687497947739
276.721849243711,19.2620093742851,3.8030693204054
534.80770916107,393.496608150084,3.51591824393728
80.2697451657247,72.6110804391264,5.26575712518261
7.10577490651833,76.5674329530529,3.61499694095062
592.73446861766,225.877541161337,4.03168821109039
441.636722268597,460.904949227326,4.76361749720194
660.270164155962,372.724001981554,3.00636458815257
104.167538957772,483.418439009938,4.31857525242029
625.811570958007,90.3114118166791,4.12071900688716
419.274032458259,258.144090544863,3.63912748554746
10.0753090018406,183.538805809533,3.21636150952983
75.978442875661,121.032273804773,4.45221415827655
597.637787852887,212.141987103324,4.38226156808323
262.345518813831,217.894931728428,3.54833076419664
573.854900104064,439.860264681198,3.80222446909739
302.484218159871,132.746106065904,3.86619105530033
531.787319642004,461.284383143071,3.70688162203391
40.7307188924607,420.285553423347,3.85293134219071
197.863489693094,302.12806784994,3.90904293775208
550.176213362474,267.096309990786,3.95960804503663
170.406893951999,31.301629484745,3.96139867102217
490.832591762369,349.001611222604,4.3796270952111
37.3421120242966,44.0699135868096,3.89954439916189
535.618747927474,145.373336112255,4.66162819044642
NA,NA,NA
663.026596254759,331.740957618112,3.25460791716217
454.563031954214,293.022013103049,3.69264374871714
8.84763727228058,491.975938328767,3.60929149075558
560.661987400438,55.2377071524203,4.2218765877952
72.0157089609041,376.020199909629,3.92212400335421
228.24824436224,413.134226403719,3.79448919392232
427.586296334572,12.0724673808456,3.24094443423663
363.82239399327,294.179364276514,3.07475544249393
607.261828265854,102.967772433454,4.13876420233661
391.406504208539,230.686377549309,4.10838703621448
558.522868959703,398.653895660212,4.68921064052084
136.300288672382,281.68657268608,4.4142507278901
204.716187015485,366.905612294315,4.04771887394517
124.662628702206,413.598525683088,3.47062888139644
623.201269868822,311.909404715384,4.5983018072341
0.748081688276574,153.779363957341,4.25359228323112
540.177917916198,202.115925957438,4.12881308770206
32.501469823942,492.334756673805,3.01687497947739
276.721849243711,19.2620093742851,3.8030693204054
534.80770916107,393.496608150084,3.51591824393728
80.2697451657247,72.6110804391264,5.26575712518261
7.10577490651833,76.5674329530529,3.61499694095062
592.73446861766,225.877541161337,4.03168821109039
441.636722268597,460.904949227326,4.76361749720194
660.270164155962,372.724001981554,3.00636458815257
104.167538957772,483.418439009938,4.31857525242029
625.811570958007,90.3114118166791,4.12071900688716
419.274032458259,258.144090544863,3.63912748554746
10.0753090018406,183.538805809533,3.21636150952983
75.978442875661,121.032273804773,4.45221415827655
597.637787852887,212.141987103324,4.38226156808323
262.345518813831,217.894931728428,3.54833076419664
573.854900104064,439.860264681198,3.80222446909739
302.484218159871,132.746106065904,3.86619105530033
531.787319642004,461.284383143071,3.70688162203391
40.7307188924607,420.285553423347,3.85293134219071
197.863489693094,302.12806784994,3.90904293775208
550.176213362474,267.096309990786,3.95960804503663
170.406893951999,31.301629484745,3.96139867102217
490.832591762369,349.001611222604,4.3796270952111
37.3421120242966,44.0699135868096,3.89954439916189
535.618747927474,145.373336112255,4.66162819044642
NA,NA,NA
663.026596254759,331.740957618112,3.25460791716217
454.563031954214,293.022013103049,3.69264374871714
8.84763727228058,491.975938328767,3.60929149075558
560.661987400438,55.2377071524203,4.2218765877952
72.0157089609041,376.020199909629,3.92212400335421
228.24824436224,413.134226403719,3.79448919392232
427.586296334572,12.0724673808456,3.24094443423663
363.82239399327,294.179364276514,3.07475544249393
607.261828265854,102.967772433454,4.13876420233661
391.406504208539,230.686377549309,4.10838703621448
558.522868959703,398.653895660212,4.68921064052084
136.300288672382,281.68657268608,4.4142507278901
204.716187015485,366.905612294315,4.04771887394517
124.662628702206,413.598525683088,3.47062888139644
623.201269868822,311.909404715384,4.5983018072341
0.748081688276574,153.779363957341,4.25359228323112
540.177917916198,202.115925957438,4.12881308770206
32.501469823942,492.334756673805,3.01687497947739
276.721849243711,19.2620093742851,3.8030693204054
534.80770916107,393.496608150084,3.51591824393728
80.2697451657247,72.6110804391264,5.26575712518261
7.10577490651833,76.5674329530529,3.61499694095062
592.73446861766,225.877541161337,4.03168821109039
441.636722268597,460.904949227326,4.76361749720194
660.270164155962,372.724001981554,3.00636458815257
104.167538957772,483.418439009938,4.31857525242029
625.811570958007,90.3114118166791,4.12071900688716
419.274032458259,258.144090544863,3.63912748554746
10.0753090018406,183.538805809533,3.21636150952983
75.978442875661,121.032273804773,4.45221415827655
597.637787852887,212.141987103324,4.38226156808323
262.345518813831,217.894931728428,3.54833076419664
573.854900104064,439.860264681198,3.80222446909739
302.484218159871,132.746106065904,3.86619105530033
531.787319642004,461.284383143071,3.70688162203391
40.7307188924607,420.285553423347,3.85293134219071
197.863489693094,302.12806784994,3.90904293775208
550.176213362474,267.096309990786,3.95960804503663
170.406893951999,31.301629484745,3.96139867102217
490.832591762369,349.001611222604,4.3796270952111
37.3421120242966,44.0699135868096,3.89954439916189
535.618747927474,145.373336112255,4.66162819044642
NA,NA,NA
663.026596254759,331.740957618112,3.25460791716217
454.563031954214,293.022013103049,3.69264374871714
8.84763727228058,491.975938328767,3.60929149075558
560.661987400438,55.2377071524203,4.2218765877952
72.0157089609041,376.020199909629,3.92212400335421
228.24824436224,413.134226403719,3.79448919392232
427.586296334572,12.0724673808456,3.24094443423663
363.82239399327,294.179364276514,3.07475544249393
607.261828265854,102.967772433454,4.13876420233661
391.406504208539,230.686377549309,4.10838703621448
558.522868959703,398.653895660212,4.68921064052084
136.300288672382,281.68657268608,4.4142507278901
204.716187015485,366.905612294315,4.04771887394517
124.662628702206,413.598525683088,3.47062888139644
623.201269868822,311.909404715384,4.5983018072341
0.748081688276574,153.779363957341,4.25359228323112
540.177917916198,202.115925957438,4.12881308770206
32.501469823942,492.334756673805,3.01687497947739
276.721849243711,19.2620093742851,3.8030693204054
534.80770916107,393.496608150084,3.51591824393728
80.2697451657247,72.6110804391264,5.26575712518261
7.10577490651833,76.5674329530529,3.61499694095062
592.73446861766,225.877541161337,4.03168821109039
441.636722268597,460.904949227326,4.76361749720194
660.270164155962,372.724001981554,3.00636458815257
104.167538957772,483.418439009938,4.31857525242029
625.811570958007,90.3114118166791,4.12071900688716
419.274032458259,258.144090544863,3.63912748554746
10.0753090018406,183.538805809533,3.21636150952983
75.978442875661,121.032273804773,4.45221415827655
597.637787852887,212.141987103324,4.38226156808323
262.345518813831,217.894931728428,3.54833076419664
573.854900104064,439.860264681198,3.80222446909739
302.484218159871,132.746106065904,3.86619105530033
531.787319642004,461.284383143071,3.70688162203391
40.7307188924607,420.285553423347,3.85293134219071
197.863489693094,302.12806784994,3.90904293775208
550.176213362474,267.096309990786,3.95960804503663
170.406893951999,31.301629484745,3.96139867102217
490.832591762369,349.001611222604,4.3796270952111
37.3421120242966,44.0699135868096,3.89954439916189
535.618747927474,145.373336112255,4.66162819044642
NA,NA,NA
663.026596254759,331.740957618112,3.25460791716217
454.563031954214,293.022013103049,3.69264374871714
8.84763727228058,491.975938328767,3.60929149075558
560.661987400438,55.2377071524203,4.2218765877952
72.0157089609041,376.020199909629,3.92212400335421
228.24824436224,413.134226403719,3.79448919392232
427.586296334572,12.0724673808456,3.24094443423663
363.82239399327,294.179364276514,3.07475544249393
607.261828265854,102.967772433454,4.13876420233661
391.406504208539,230.686377549309,4.10838703621448
558.522868959703,398.653895660212,4.68921064052084
136.300288672382,281.68657268608,4.4142507278901
204.716187015485,366.905612294315,4.04771887394517
124.662628702206,413.598525683088,3.47062888139644
623.201269868822,311.909404715384,4.5983018072341
0.748081688276574,153.779363957341,4.25359228323112
540.177917916198,202.115925957438,4.12881308770206
32.501469823942,492.334756673805,3.01687497947739
276.721849243711,19.2620093742851,3.8030693204054
534.80770916107,393.496608150084,3.51591824393728
80.2697451657247,72.6110804391264,5.26575712518261
7.10577490651833,76.5674329530529,3.61499694095062
592.73446861766,225.877541161337,4.03168821109039
441.636722268597,460.904949227326,4.76361749720194
660.270164155962,372.724001981554,3.00636458815257
104.167538957772,483.418439009938,4.31857525242029
625.811570958007,90.3114118166791,4.12071900688716
419.274032458259,258.144090544863,3.63912748554746
10.0753090018406,183.538805809533,3.21636150952983
75.978442875661,121.032273804773,4.45221415827655
597.637787852887,212.141987103324,4.38226156808323
262.345518813831,217.894931728428,3.54833076419664
573.854900104064,439.860264681198,3.80222446909739
302.484218159871,132.746106065904,3.86619105530033
531.787319642004,461.284383143071,3.70688162203391
40.7307188924607,420.285553423347,3.85293134219071
197.863489693094,302.12806784994,3.90904293775208
550.176213362474,267.096309990786,3.95960804503663
170.406893951999,31.301629484745,3.96139867102217
490.832591762369,349.001611222604,4.3796270952111
37.3421120242966,44.0699135868096,3.89954439916189
535.618747927474,145.373336112255,4.66162819044642
NA,NA,NA
659.190164679659,334.273442193649,3.51019304235232
453.808403992934,297.10019895567,3.49624865332858
8.9914950437997,495.445614834008,3.75929179288445
563.062961230757,53.7073155815525,4.21573506380751
74.8676657803924,383.017131862866,3.84874940517201
225.353765856642,412.526028703611,3.79226586440117
427.686643487626,8.85640708339363,3.2262846069014
360.665335741386,292.830399412104,2.94669206807004
601.263325441898,105.834387095814,4.2136200402008
391.144148620684,226.716625803616,4.16416065465122
569.04223391,409.945751771252,4.80031038099075
145.527210804707,287.725220993741,4.59236417873745
203.442398878762,369.508802482565,3.95867406007456
126.910639240094,412.53873138057,3.40171222908667
627.745237616458,308.265168648247,4.58719346730984
6.60676845020909,147.408140116243,4.21969995468746
547.349074860357,202.319482571634,4.25128475264057
30.690561528742,492.502428997055,2.92935173108795
278.084957216554,21.2190807295044,3.73089530505823
532.555398802759,394.335871272462,3.49282611879551
71.8658458059417,76.7127873279969,5.22162021020451
4.82115241326373,80.0184622700107,3.28061145319324
584.465819264432,225.916799963562,4.03238866620047
440.203441203986,460.58877266793,4.88782586853631
658.585626468286,372.336263373047,3.05952971129303
105.102509213196,492.551903067488,4.31928806667812
629.231604020795,97.5158695294968,4.08669330551549
418.066527261708,258.006881663226,3.60067079084103
12.3692543010635,182.54637650942,3.19919591991232
64.9939634389226,119.285656885588,4.4184192210269
604.883758570604,192.93253208365,4.73899679189657
262.713270894755,220.516793766531,3.67461312340148
580.690934226728,438.460634552993,3.97221531665855
301.089816627116,135.144560871308,4.05995735631105
531.385195041152,456.417556892139,3.29652738747652
55.4345216273915,411.405224860176,3.92557264096234
211.634237371745,297.958393406894,3.96953934771274
550.252367905528,272.951010113619,3.90228421796566
184.862669962092,48.315054056698,4.32726963992185
499.174227668119,351.859231134771,4.42616093357117
32.4421165164781,47.6712187191628,4.16493354170268
529.112748960643,146.507876990988,4.90420754470541
NA,NA,NA
659.190164679659,334.273442193649,3.51019304235232
453.808403992934,297.10019895567,3.49624865332858
8.9914950437997,495.445614834008,3.75929179288445
563.062961230757,53.7073155815525,4.21573506380751
74.8676657803924,383.017131862866,3.84874940517201
225.353765856642,412.526028703611,3.79226586440117
427.686643487626,8.85640708339363,3.2262846069014
360.665335741386,292.830399412104,2.94669206807004
601.263325441898,105.834387095814,4.2136200402008
391.144148620684,226.716625803616,4.16416065465122
569.04223391,409.945751771252,4.80031038099075
145.527210804707,287.725220993741,4.59236417873745
203.442398878762,369.508802482565,3.95867406007456
126.910639240094,412.53873138057,3.40171222908667
627.745237616458,308.265168648247,4.58719346730984
6.60676845020909,147.408140116243,4.21969995468746
547.349074860357,202.319482571634,4.25128475264057
30.690561528742,492.502428997055,2.92935173108795
278.084957216554,21.2190807295044,3.73089530505823
532.555398802759,394.335871272462,3.49282611879551
71.8658458059417,76.7127873279969,5.22162021020451
4.82115241326373,80.0184622700107,3.28061145319324
584.465819264432,225.916799963562,4.03238866620047
440.203441203986,460.58877266793,4.88782586853631
658.585626468286,372.336263373047,3.05952971129303
105.102509213196,492.551903067488,4.31928806667812
629.231604020795,97.5158695294968,4.08669330551549
418.066527261708,258.006881663226,3.60067079084103
12.3692543010635,182.54637650942,3.19919591991232
64.9939634389226,119.285656885588,4.4184192210269
604.883758570604,192.93253208365,4.73899679189657
262.713270894755,220.516793766531,3.67461312340148
580.690934226728,438.460634552993,3.97221531665855
301.089816627116,135.144560871308,4.05995735631105
531.385195041152,456.417556892139,3.29652738747652
55.4345216273915,411.405224860176,3.92557264096234
211.634237371745,297.958393406894,3.96953934771274
550.252367905528,272.951010113619,3.90228421796566
184.862669962092,48.315054056698,4.32726963992185
499.174227668119,351.859231134771,4.42616093357117
32.4421165164781,47.6712187191628,4.16493354170268
529.112748960643,146.507876990988,4.90420754470541
NA,NA,NA
659.190164679659,334.273442193649,3.51019304235232
453.808403992934,297.10019895567,3.49624865332858
8.9914950437997,495.445614834008,3.75929179288445
563.062961230757,53.7073155815525,4.21573506380751
74.8676657803924,383.017131862866,3.84874940517201
225.353765856642,412.526028703611,3.79226586440117
427.686643487626,8.85640708339363,3.2262846069014
360.665335741386,292.830399412104,2.94669206807004
601.263325441898,105.834387095814,4.2136200402008
391.144148620684,226.716625803616,4.16416065465122
569.04223391,409.945751771252,4.80031038099075
145.527210804707,287.725220993741,4.59236417873745
203.442398878762,369.508802482565,3.95867406007456
126.910639240094,412.53873138057,3.40171222908667
627.745237616458,308.265168648247,4.58719346730984
6.60676845020909,147.408140116243,4.21969995468746
547.349074860357,202.319482571634,4.25128475264057
30.690561528742,492.502428997055,2.92935173108795
278.084957216554,21.2190807295044,3.73089530505823
532.555398802759,394.335871272462,3.49282611879551
71.8658458059417,76.7127873279969,5.22162021020451
4.82115241326373,80.0184622700107,3.28061145319324
584.465819264432,225.916799963562,4.03238866620047
440.203441203986,460.58877266793,4.88782586853631
658.585626468286,372.336263373047,3.05952971129303
105.102509213196,492.551903067488,4.31928806667812
629.231604020795,97.5158695294968,4.08669330551549
418.066527261708,258.006881663226,3.60067079084103
12.3692543010635,182.54637650942,3.19919591991232
64.9939634389226,119.285656885588,4.4184192210269
604.883758570604,192.93253208365,4.73899679189657
262.713270894755,220.516793766531,3.67461312340148
580.690934226728,438.460634552993,3.97221531665855
301.089816627116,135.144560871308,4.05995735631105
531.385195041152,456.417556892139,3.29652738747652
55.4345216273915,411.405224860176,3.92557264096234
211.634237371745,297.958393406894,3.96953934771274
550.252367905528,272.951010113619,3.90228421796566
184.862669962092,48.315054056698,4.32726963992185
499.174227668119,351.859231134771,4.42616093357117
32.4421165164781,47.6712187191628,4.16493354170268
529.112748960643,146.507876990988,4.90420754470541
NA,NA,NA
659.190164679659,334.273442193649,3.51019304235232
453.808403992934,297.10019895567,3.49624865332858
8.9914950437997,495.445614834008,3.75929179288445
563.062961230757,53.7073155815525,4.21573506380751
74.8676657803924,383.017131862866,3.84874940517201
225.353765856642,412.526028703611,3.79226586440117
427.686643487626,8.85640708339363,3.2262846069014
360.665335741386,292.830399412104,2.94669206807004
601.263325441898,105.834387095814,4.2136200402008
391.144148620684,226.716625803616,4.16416065465122
569.04223391,409.945751771252,4.80031038099075
145.527210804707,287.725220993741,4.59236417873745
203.442398878762,369.508802482565,3.95867406007456
126.910639240094,412.53873138057,3.40171222908667
627.745237616458,308.265168648247,4.58719346730984
6.60676845020909,147.408140116243,4.21969995468746
547.349074860357,202.319482571634,4.25128475264057
30.690561528742,492.502428997055,2.92935173108795
278.084957216554,21.2190807295044,3.73089530505823
532.555398802759,394.335871272462,3.49282611879551
71.8658458059417,76.7127873279969,5.22162021020451
4.82115241326373,80.0184622700107,3.28061145319324
584.465819264432,225.916799963562,4.03238866620047
440.203441203986,460.58877266793,4.88782586853631
658.585626468286,372.336263373047,3.05952971129303
105.102509213196,492.551903067488,4.31928806667812
629.231604020795,97.5158695294968,4.08669330551549
418.066527261708,258.006881663226,3.60067079084103
12.3692543010635,182.54637650942,3.19919591991232
64.9939634389226,119.285656885588,4.4184192210269
604.883758570604,192.93253208365,4.73899679189657
262.713270894755,220.516793766531,3.67461312340148
580.690934226728,438.460634552993,3.97221531665855
301.089816627116,135.144560871308,4.05995735631105
531.385195041152,456.417556892139,3.29652738747652
55.4345216273915,411.405224860176,3.92557264096234
211.634237371745,297.958393406894,3.96953934771274
550.252367905528,272.951010113619,3.90228421796566
184.862669962092,48.315054056698,4.32726963992185
499.174227668119,351.859231134771,4.42616093357117
32.4421165164781,47.6712187191628,4.16493354170268
529.112748960643,146.507876990988,4.90420754470541
NA,NA,NA
659.190164679659,334.273442193649,3.51019304235232
453.808403992934,297.10019895567,3.49624865332858
8.9914950437997,495.445614834008,3.75929179288445
563.062961230757,53.7073155815525,4.21573506380751
74.8676657803924,383.017131862866,3.84874940517201
225.353765856642,412.526028703611,3.79226586440117
427.686643487626,8.85640708339363,3.2262846069014
360.665335741386,292.830399412104,2.94669206807004
601.263325441898,105.834387095814,4.2136200402008
391.144148620684,226.716625803616,4.16416065465122
569.04223391,409.945751771252,4.80031038099075
145.527210804707,287.725220993741,4.59236417873745
203.442398878762,369.508802482565,3.95867406007456
126.910639240094,412.53873138057,3.40171222908667
627.745237616458,308.265168648247,4.58719346730984
6.60676845020909,147.408140116243,4.21969995468746
547.349074860357,202.319482571634,4.25128475264057
30.690561528742,492.502428997055,2.92935173108795
278.084957216554,21.2190807295044,3.73089530505823
532.555398802759,394.335871272462,3.49282611879551
71.8658458059417,76.7127873279969,5.22162021020451
4.82115241326373,80.0184622700107,3.28061145319324
584.465819264432,225.916799963562,4.03238866620047
440.203441203986,460.58877266793,4.88782586853631
658.585626468286,372.336263373047,3.05952971129303
105.102509213196,492.551903067488,4.31928806667812
629.231604020795,97.5158695294968,4.08669330551549
418.066527261708,258.006881663226,3.60067079084103
12.3692543010635,182.54637650942,3.19919591991232
64.9939634389226,119.285656885588,4.4184192210269
604.883758570604,192.93253208365,4.73899679189657
262.713270894755,220.516793766531,3.67461312340148
580.690934226728,438.460634552993,3.97221531665855
301.089816627116,135.144560871308,4.05995735631105
531.385195041152,456.417556892139,3.29652738747652
55.4345216273915,411.405224860176,3.92557264096234
211.634237371745,297.958393406894,3.96953934771274
550.252367905528,272.951010113619,3.90228421796566
184.862669962092,48.315054056698,4.32726963992185
499.174227668119,351.859231134771,4.42616093357117
32.4421165164781,47.6712187191628,4.16493354170268
529.112748960643,146.507876990988,4.90420754470541
NA,NA,NA
659.190164679659,334.273442193649,3.51019304235232
453.808403992934,297.10019895567,3.49624865332858
8.9914950437997,495.445614834008,3.75929179288445
563.062961230757,53.7073155815525,4.21573506380751
74.8676657803924,383.017131862866,3.84874940517201
225.353765856642,412.526028703611,3.79226586440117
427.686643487626,8.85640708339363,3.2262846069014
360.665335741386,292.830399412104,2.94669206807004
601.263325441898,105.834387095814,4.2136200402008
391.144148620684,226.716625803616,4.16416065465122
569.04223391,409.945751771252,4.80031038099075
145.527210804707,287.725220993741,4.59236417873745
203.442398878762,369.508802482565,3.95867406007456
126.910639240094,412.53873138057,3.40171222908667
627.745237616458,308.265168648247,4.58719346730984
6.60676845020909,147.408140116243,4.21969995468746
547.349074860357,202.319482571634,4.25128475264057
30.690561528742,492.502428997055,2.92935173108795
278.084957216554,21.2190807295044,3.73089530505823
532.555398802759,394.335871272462,3.49282611879551
71.8658458059417,76.7127873279969,5.22162021020451
4.82115241326373,80.0184622700107,3.28061145319324
584.465819264432,225.916799963562,4.03238866620047
440.203441203986,460.58877266793,4.88782586853631
658.585626468286,372.336263373047,3.05952971129303
105.102509213196,492.551903067488,4.31928806667812
629.231604020795,97.5158695294968,4.08669330551549
418.066527261708,258.006881663226,3.60067079084103
12.3692543010635,182.54637650942,3.19919591991232
64.9939634389226,119.285656885588,4.4184192210269
604.883758570604,192.93253208365,4.73899679189657
262.713270894755,220.516793766531,3.67461312340148
580.690934226728,438.460634552993,3.97221531665855
301.089816627116,135.144560871308,4.05995735631105
531.385195041152,456.417556892139,3.29652738747652
55.4345216273915,411.405224860176,3.92557264096234
211.634237371745,297.958393406894,3.96953934771274
550.252367905528,272.951010113619,3.90228421796566
184.862669962092,48.315054056698,4.32726963992185
499.174227668119,351.859231134771,4.42616093357117
32.4421165164781,47.6712187191628,4.16493354170268
529.112748960643,146.507876990988,4.90420754470541
NA,NA,NA
665.696448820551,333.009524004632,3.51478186824262
453.635867498655,299.096648660744,3.51890717258936
14.7019176294518,491.485052330943,3.52787758365168
562.321035150519,56.1352875794578,4.20892295340749
78.5048025639384,377.228730847998,3.95404385216253
227.217085020286,412.384908374885,3.85253450437635
426.481924765498,14.0817402161027,3.31095619793991
360.537850230303,291.602198098147,2.84461233624509
608.452534069132,105.520624851637,4.05353897384815
396.218435667415,230.395081839284,4.08819565710092
560.747140831499,417.913316356226,4.68539902160527
140.762864092788,284.430525508839,4.57884008741865
200.063247565985,370.118525638753,4.0457571455781
127.542434671055,410.015362573536,3.36701997963529
628.010403886371,309.567020099595,4.56593839578649
2.84943904961185,146.269426090141,4.19897643080195
543.347348850265,203.785080483977,4.32949623141717
37.8835185714847,493.124246631271,3.05462386603498
278.584145028699,18.7784693030063,3.81867033960997
534.478996278853,391.397818088575,3.47329316685226
77.2827857268083,79.1597771011197,5.3220599135742
3.52265643141098,78.0016242508396,3.26162030762187
591.196879639306,226.930857198148,4.11415111736079
434.359772399531,459.079678279285,4.81955215557413
658.582534779212,374.605077717776,3.12024969150426
106.17892606031,485.639522481169,4.35333398226976
626.360089540899,90.5559108443303,4.0659356978025
420.069997849013,256.370009420667,3.687957049822
9.91997616272368,181.926605080604,3.29779087242542
66.8005973056748,124.23294071941,4.43450853594427
604.692846704016,215.041566178904,4.41496255918065
256.830799252053,219.279042129996,3.80644667909593
582.480074233192,427.695320918249,3.8771724075235
306.606063045551,142.604372071093,3.86687608962319
530.985092728271,459.667995146307,3.58275956820794
51.0154976782606,422.440972039451,3.86078914186779
194.179387963689,283.935185943559,3.91612459518501
548.034653036338,259.509818086222,3.59739068378137
173.556775819063,37.925307265348,4.25127910994547
497.795464775512,340.230468956688,4.69131155506833
25.5517853816949,39.7111756961275,3.54703881986025
518.577906817529,154.100159490025,4.79814640178238
NA,NA,NA
665.696448820551,333.009524004632,3.51478186824262
453.635867498655,299.096648660744,3.51890717258936
14.7019176294518,491.485052330943,3.52787758365168
562.321035150519,56.1352875794578,4.20892295340749
78.5048025639384,377.228730847998,3.95404385216253
227.217085020286,412.384908374885,3.85253450437635
426.481924765498,14.0817402161027,3.31095619793991
360.537850230303,291.602198098147,2.84461233624509
608.452534069132,105.520624851637,4.05353897384815
396.218435667415,230.395081839284,4.08819565710092
560.747140831499,417.913316356226,4.68539902160527
140.762864092788,284.430525508839,4.57884008741865
200.063247565985,370.118525638753,4.0457571455781
127.542434671055,410.015362573536,3.36701997963529
628.010403886371,309.567020099595,4.56593839578649
2.84943904961185,146.269426090141,4.19897643080195
543.347348850265,203.785080483977,4.32949623141717
37.8835185714847,493.124246631271,3.05462386603498
278.584145028699,18.7784693030063,3.81867033960997
534.478996278853,391.397818088575,3.47329316685226
77.2827857268083,79.1597771011197,5.3220599135742
3.52265643141098,78.0016242508396,3.26162030762187
591.196879639306,226.930857198148,4.11415111736079
434.359772399531,459.079678279285,4.81955215557413
658.582534779212,374.605077717776,3.12024969150426
106.17892606031,485.639522481169,4.35333398226976
626.360089540899,90.5559108443303,4.0659356978025
420.069997849013,256.370009420667,3.687957049822
9.91997616272368,181.926605080604,3.29779087242542
66.8005973056748,124.23294071941,4.43450853594427
604.692846704016,215.041566178904,4.41496255918065
256.830799252053,219.279042129996,3.80644667909593
582.480074233192,427.695320918249,3.8771724075235
306.606063045551,142.604372071093,3.86687608962319
530.985092728271,459.667995146307,3.58275956820794
51.0154976782606,422.440972039451,3.86078914186779
194.179387963689,283.935185943559,3.91612459518501
548.034653036338,259.509818086222,3.59739068378137
173.556775819063,37.925307265348,4.25127910994547
497.795464775512,340.230468956688,4.69131155506833
25.5517853816949,39.7111756961275,3.54703881986025
518.577906817529,154.100159490025,4.79814640178238
NA,NA,NA
665.696448820551,333.009524004632,3.51478186824262
453.635867498655,299.096648660744,3.51890717258936
14.7019176294518,491.485052330943,3.52787758365168
562.321035150519,56.1352875794578,4.20892295340749
78.5048025639384,377.228730847998,3.95404385216253
227.217085020286,412.384908374885,3.85253450437635
426.481924765498,14.0817402161027,3.31095619793991
360.537850230303,291.602198098147,2.84461233624509
608.452534069132,105.520624851637,4.05353897384815
396.218435667415,230.395081839284,4.08819565710092
560.747140831499,417.913316356226,4.68539902160527
140.762864092788,284.430525508839,4.57884008741865
200.063247565985,370.118525638753,4.0457571455781
127.542434671055,410.015362573536,3.36701997963529
628.010403886371,309.567020099595,4.56593839578649
2.84943904961185,146.269426090141,4.19897643080195
543.347348850265,203.785080483977,4.32949623141717
37.8835185714847,493.124246631271,3.05462386603498
278.584145028699,18.7784693030063,3.81867033960997
534.478996278853,391.397818088575,3.47329316685226
77.2827857268083,79.1597771011197,5.3220599135742
3.52265643141098,78.0016242508396,3.26162030762187
591.196879639306,226.930857198148,4.11415111736079
434.359772399531,459.079678279285,4.81955215557413
658.582534779212,374.605077717776,3.12024969150426
106.17892606031,485.639522481169,4.35333398226976
626.360089540899,90.5559108443303,4.0659356978025
420.069997849013,256.370009420667,3.687957049822
9.91997616272368,181.926605080604,3.29779087242542
66.8005973056748,124.23294071941,4.43450853594427
604.692846704016,215.041566178904,4.41496255918065
256.830799252053,219.279042129996,3.80644667909593
582.480074233192,427.695320918249,3.8771724075235
306.606063045551,142.604372071093,3.86687608962319
530.985092728271,459.667995146307,3.58275956820794
51.0154976782606,422.440972039451,3.86078914186779
194.179387963689,283.935185943559,3.91612459518501
548.034653036338,259.509818086222,3.59739068378137
173.556775819063,37.925307265348,4.25127910994547
497.795464775512,340.230468956688,4.69131155506833
25.5517853816949,39.7111756961275,3.54703881986025
518.577906817529,154.100159490025,4.79814640178238
NA,NA,NA
665.696448820551,333.009524004632,3.51478186824262
453.635867498655,299.096648660744,3.51890717258936
14.7019176294518,491.485052330943,3.52787758365168
562.321035150519,56.1352875794578,4.20892295340749
78.5048025639384,377.228730847998,3.95404385216253
227.217085020286,412.384908374885,3.85253450437635
426.481924765498,14.0817402161027,3.31095619793991
360.537850230303,291.602198098147,2.84461233624509
608.452534069132,105.520624851637,4.05353897384815
396.218435667415,230.395081839284,4.08819565710092
560.747140831499,417.913316356226,4.68539902160527
140.762864092788,284.430525508839,4.57884008741865
200.063247565985,370.118525638753,4.0457571455781
127.542434671055,410.015362573536,3.36701997963529
628.010403886371,309.567020099595,4.56593839578649
2.84943904961185,146.269426090141,4.19897643080195
543.347348850265,203.785080483977,4.32949623141717
37.8835185714847,493.124246631271,3.05462386603498
278.584145028699,18.7784693030063,3.81867033960997
534.478996278853,391.397818088575,3.47329316685226
77.2827857268083,79.1597771011197,5.3220599135742
3.52265643141098,78.0016242508396,3.26162030762187
591.196879639306,226.930857198148,4.11415111736079
434.359772399531,459.079678279285,4.81955215557413
658.582534779212,374.605077717776,3.12024969150426
106.17892606031,485.639522481169,4.35333398226976
626.360089540899,90.5559108443303,4.0659356978025
420.069997849013,256.370009420667,3.687957049822
9.91997616272368,181.926605080604,3.29779087242542
66.8005973056748,124.23294071941,4.43450853594427
604.692846704016,215.041566178904,4.41496255918065
256.830799252053,219.279042129996,3.80644667909593
582.480074233192,427.695320918249,3.8771724075235
306.606063045551,142.604372071093,3.86687608962319
530.985092728271,459.667995146307,3.58275956820794
51.0154976782606,422.440972039451,3.86078914186779
194.179387963689,283.935185943559,3.91612459518501
548.034653036338,259.509818086222,3.59739068378137
173.556775819063,37.925307265348,4.25127910994547
497.795464775512,340.230468956688,4.69131155506833
25.5517853816949,39.7111756961275,3.54703881986025
518.577906817529,154.100159490025,4.79814640178238
NA,NA,NA
665.696448820551,333.009524004632,3.51478186824262
453.635867498655,299.096648660744,3.51890717258936
14.7019176294518,491.485052330943,3.52787758365168
562.321035150519,56.1352875794578,4.20892295340749
78.5048025639384,377.228730847998,3.95404385216253
227.217085020286,412.384908374885,3.85253450437635
426.481924765498,14.0817402161027,3.31095619793991
360.537850230303,291.602198098147,2.84461233624509
608.452534069132,105.520624851637,4.05353897384815
396.218435667415,230.395081839284,4.08819565710092
560.747140831499,417.913316356226,4.68539902160527
140.762864092788,284.430525508839,4.57884008741865
200.063247565985,370.118525638753,4.0457571455781
127.542434671055,410.015362573536,3.36701997963529
628.010403886371,309.567020099595,4.56593839578649
2.84943904961185,146.269426090141,4.19897643080195
543.347348850265,203.785080483977,4.32949623141717
37.8835185714847,493.124246631271,3.05462386603498
278.584145028699,18.7784693030063,3.81867033960997
534.478996278853,391.397818088575,3.47329316685226
77.2827857268083,79.1597771011197,5.3220599135742
3.52265643141098,78.0016242508396,3.26162030762187
591.196879639306,226.930857198148,4.11415111736079
434.359772399531,459.079678279285,4.81955215557413
658.582534779212,374.605077717776,3.12024969150426
106.17892606031,485.639522481169,4.35333398226976
626.360089540899,90.5559108443303,4.0659356978025
420.069997849013,256.370009420667,3.687957049822
9.91997616272368,181.926605080604,3.29779087242542
66.8005973056748,124.23294071941,4.43450853594427
604.692846704016,215.041566178904,4.41496255918065
256.830799252053,219.279042129996,3.80644667909593
582.480074233192,427.695320918249,3.8771724075235
306.606063045551,142.604372071093,3.86687608962319
530.985092728271,459.667995146307,3.58275956820794
51.0154976782606,422.440972039451,3.86078914186779
194.179387963689,283.935185943559,3.91612459518501
548.034653036338,259.509818086222,3.59739068378137
173.556775819063,37.925307265348,4.25127910994547
497.795464775512,340.230468956688,4.69131155506833
25.5517853816949,39.7111756961275,3.54703881986025
518.577906817529,154.100159490025,4.79814640178238
NA,NA,NA
665.696448820551,333.009524004632,3.51478186824262
453.635867498655,299.096648660744,3.51890717258936
14.7019176294518,491.485052330943,3.52787758365168
562.321035150519,56.1352875794578,4.20892295340749
78.5048025639384,377.228730847998,3.95404385216253
227.217085020286,412.384908374885,3.85253450437635
426.481924765498,14.0817402161027,3.31095619793991
360.537850230303,291.602198098147,2.84461233624509
608.452534069132,105.520624851637,4.05353897384815
396.218435667415,230.395081839284,4.08819565710092
560.747140831499,417.913316356226,4.68539902160527
140.762864092788,284.430525508839,4.57884008741865
200.063247565985,370.118525638753,4.0457571455781
127.542434671055,410.015362573536,3.36701997963529
628.010403886371,309.567020099595,4.56593839578649
2.84943904961185,146.269426090141,4.19897643080195
543.347348850265,203.785080483977,4.32949623141717
37.8835185714847,493.124246631271,3.05462386603498
278.584145028699,18.7784693030063,3.81867033960997
534.478996278853,391.397818088575,3.47329316685226
77.2827857268083,79.1597771011197,5.3220599135742
3.52265643141098,78.0016242508396,3.26162030762187
591.196879639306,226.930857198148,4.11415111736079
434.359772399531,459.079678279285,4.81955215557413
658.582534779212,374.605077717776,3.12024969150426
106.17892606031,485.639522481169,4.35333398226976
626.360089540899,90.5559108443303,4.0659356978025
420.069997849013,256.370009420667,3.687957049822
9.91997616272368,181.926605080604,3.29779087242542
66.8005973056748,124.23294071941,4.43450853594427
604.692846704016,215.041566178904,4.41496255918065
256.830799252053,219.279042129996,3.80644667909593
582.480074233192,427.695320918249,3.8771724075235
306.606063045551,142.604372071093,3.86687608962319
530.985092728271,459.667995146307,3.58275956820794
51.0154976782606,422.440972039451,3.86078914186779
194.179387963689,283.935185943559,3.91612459518501
548.034653036338,259.509818086222,3.59739068378137
173.556775819063,37.925307265348,4.25127910994547
497.795464775512,340.230468956688,4.69131155506833
25.5517853816949,39.7111756961275,3.54703881986025
518.577906817529,154.100159490025,4.79814640178238
NA,NA,NA
660.011433869692,332.718231853055,3.4780746276366
456.20409678822,296.579789668265,3.59582382182495
12.5939152012841,497.482438422606,3.60168735004933
563.727389973716,51.7112065534793,4.28926384524611
72.355349924227,377.890812896348,3.91135068825942
233.069323442979,412.197906529918,3.88694280909659
426.572105547323,14.4503533060257,3.40110776779398
360.893947837309,292.015032576293,3.01756679562294
601.931930234712,109.289212133636,4.04041228837998
392.545706687903,231.291544529173,4.18318010306799
566.189732629908,409.544322084958,4.71492493704282
142.979911647414,283.293147552499,4.53539431484543
200.406114356805,366.379987621547,4.01592072128405
124.355344034552,411.047408304473,3.49994467165151
624.891134331288,313.020081297465,4.5938751691037
3.38360973193125,143.384011052793,4.28634903107574
537.681337119114,203.892690299721,4.08975663353453
33.526706537276,492.502376399627,3.03494901321233
279.785015601862,26.3334675218136,3.76585389181193
536.557919534373,390.529301384134,3.4307936691668
70.4895271958648,75.6990896106856,5.23748576710064
4.24755765036345,75.827776952267,3.69938311856108
588.199942760328,225.36773952525,3.91499963042171
441.062210585431,456.895280587679,4.76023250916622
659.559403384703,373.593124344796,3.08067235536368
100.678466081747,488.176560977605,4.34726861102235
626.41019052942,90.2502172903346,4.09238161940819
423.060129489963,260.288167858681,3.67666203491896
10.6161822962372,182.281519689016,3.19677981439034
72.5690811929914,120.363869635154,4.50596123228183
624.583292463235,204.827550840625,4.53724618565651
257.919902185488,216.130682030844,3.81517018490159
586.041193889807,448.312951631228,3.78433579778902
300.614262302593,136.895392385051,4.02195402071283
536.844293886767,455.753591123393,3.53669300146999
45.5943417145093,419.830145671193,3.89828360598742
201.254905891549,287.14277419192,4.10815925374307
552.826070541627,260.115905321728,3.95902410732745
170.179545022358,38.111414040554,4.0416692506684
508.467891452618,343.519287991182,4.60538080713503
46.9540489887987,41.0817487266151,3.47149083714796
529.621828555136,161.556114333761,5.03046440181301
NA,NA,NA
660.011433869692,332.718231853055,3.4780746276366
456.20409678822,296.579789668265,3.59582382182495
12.5939152012841,497.482438422606,3.60168735004933
563.727389973716,51.7112065534793,4.28926384524611
72.355349924227,377.890812896348,3.91135068825942
233.069323442979,412.197906529918,3.88694280909659
426.572105547323,14.4503533060257,3.40110776779398
360.893947837309,292.015032576293,3.01756679562294
601.931930234712,109.289212133636,4.04041228837998
392.545706687903,231.291544529173,4.18318010306799
566.189732629908,409.544322084958,4.71492493704282
142.979911647414,283.293147552499,4.53539431484543
200.406114356805,366.379987621547,4.01592072128405
124.355344034552,411.047408304473,3.49994467165151
624.891134331288,313.020081297465,4.5938751691037
3.38360973193125,143.384011052793,4.28634903107574
537.681337119114,203.892690299721,4.08975663353453
33.526706537276,492.502376399627,3.03494901321233
279.785015601862,26.3334675218136,3.76585389181193
536.557919534373,390.529301384134,3.4307936691668
70.4895271958648,75.6990896106856,5.23748576710064
4.24755765036345,75.827776952267,3.69938311856108
588.199942760328,225.36773952525,3.91499963042171
441.062210585431,456.895280587679,4.76023250916622
659.559403384703,373.593124344796,3.08067235536368
100.678466081747,488.176560977605,4.34726861102235
626.41019052942,90.2502172903346,4.09238161940819
423.060129489963,260.288167858681,3.67666203491896
10.6161822962372,182.281519689016,3.19677981439034
72.5690811929914,120.363869635154,4.50596123228183
624.583292463235,204.827550840625,4.53724618565651
257.919902185488,216.130682030844,3.81517018490159
586.041193889807,448.312951631228,3.78433579778902
300.614262302593,136.895392385051,4.02195402071283
536.844293886767,455.753591123393,3.53669300146999
45.5943417145093,419.830145671193,3.89828360598742
201.254905891549,287.14277419192,4.10815925374307
552.826070541627,260.115905321728,3.95902410732745
170.179545022358,38.111414040554,4.0416692506684
508.467891452618,343.519287991182,4.60538080713503
46.9540489887987,41.0817487266151,3.47149083714796
529.621828555136,161.556114333761,5.03046440181301
NA,NA,NA
660.011433869692,332.718231853055,3.4780746276366
456.20409678822,296.579789668265,3.59582382182495
12.5939152012841,497.482438422606,3.60168735004933
563.727389973716,51.7112065534793,4.28926384524611
72.355349924227,377.890812896348,3.91135068825942
233.069323442979,412.197906529918,3.88694280909659
426.572105547323,14.4503533060257,3.40110776779398
360.893947837309,292.015032576293,3.01756679562294
601.931930234712,109.289212133636,4.04041228837998
392.545706687903,231.291544529173,4.18318010306799
566.189732629908,409.544322084958,4.71492493704282
142.979911647414,283.293147552499,4.53539431484543
200.406114356805,366.379987621547,4.01592072128405
124.355344034552,411.047408304473,3.49994467165151
624.891134331288,313.020081297465,4.5938751691037
3.38360973193125,143.384011052793,4.28634903107574
537.681337119114,203.892690299721,4.08975663353453
33.526706537276,492.502376399627,3.03494901321233
279.785015601862,26.3334675218136,3.76585389181193
536.557919534373,390.529301384134,3.4307936691668
70.4895271958648,75.6990896106856,5.23748576710064
4.24755765036345,75.827776952267,3.69938311856108
588.199942760328,225.36773952525,3.91499963042171
441.062210585431,456.895280587679,4.76023250916622
659.559403384703,373.593124344796,3.08067235536368
100.678466081747,488.176560977605,4.34726861102235
626.41019052942,90.2502172903346,4.09238161940819
423.060129489963,260.288167858681,3.67666203491896
10.6161822962372,182.281519689016,3.19677981439034
72.5690811929914,120.363869635154,4.50596123228183
624.583292463235,204.827550840625,4.53724618565651
257.919902185488,216.130682030844,3.81517018490159
586.041193889807,448.312951631228,3.78433579778902
300.614262302593,136.895392385051,4.02195402071283
536.844293886767,455.753591123393,3.53669300146999
45.5943417145093,419.830145671193,3.89828360598742
201.254905891549,287.14277419192,4.10815925374307
552.826070541627,260.115905321728,3.95902410732745
170.179545022358,38.111414040554,4.0416692506684
508.467891452618,343.519287991182,4.60538080713503
46.9540489887987,41.0817487266151,3.47149083714796
529.621828555136,161.556114333761,5.03046440181301
NA,NA,NA
660.011433869692,332.718231853055,3.4780746276366
456.20409678822,296.579789668265,3.59582382182495
12.5939152012841,497.482438422606,3.60168735004933
563.727389973716,51.7112065534793,4.28926384524611
72.355349924227,377.890812896348,3.91135068825942
233.069323442979,412.197906529918,3.88694280909659
426.572105547323,14.4503533060257,3.40110776779398
360.893947837309,292.015032576293,3.01756679562294
601.931930234712,109.289212133636,4.04041228837998
392.545706687903,231.291544529173,4.18318010306799
566.189732629908,409.544322084958,4.71492493704282
142.979911647414,283.293147552499,4.53539431484543
200.406114356805,366.379987621547,4.01592072128405
124.355344034552,411.047408304473,3.49994467165151
624.891134331288,313.020081297465,4.5938751691037
3.38360973193125,143.384011052793,4.28634903107574
537.681337119114,203.892690299721,4.08975663353453
33.526706537276,492.502376399627,3.03494901321233
279.785015601862,26.3334675218136,3.76585389181193
536.557919534373,390.529301384134,3.4307936691668
70.4895271958648,75.6990896106856,5.23748576710064
4.24755765036345,75.827776952267,3.69938311856108
588.199942760328,225.36773952525,3.91499963042171
441.062210585431,456.895280587679,4.76023250916622
659.559403384703,373.593124344796,3.08067235536368
100.678466081747,488.176560977605,4.34726861102235
626.41019052942,90.2502172903346,4.09238161940819
423.060129489963,260.288167858681,3.67666203491896
10.6161822962372,182.281519689016,3.19677981439034
72.5690811929914,120.363869635154,4.50596123228183
624.583292463235,204.827550840625,4.53724618565651
257.919902185488,216.130682030844,3.81517018490159
586.041193889807,448.312951631228,3.78433579778902
300.614262302593,136.895392385051,4.02195402071283
536.844293886767,455.753591123393,3.53669300146999
45.5943417145093,419.830145671193,3.89828360598742
201.254905891549,287.14277419192,4.10815925374307
552.826070541627,260.115905321728,3.95902410732745
170.179545022358,38.111414040554,4.0416692506684
508.467891452618,343.519287991182,4.60538080713503
46.9540489887987,41.0817487266151,3.47149083714796
529.621828555136,161.556114333761,5.03046440181301
NA,NA,NA
660.011433869692,332.718231853055,3.4780746276366
456.20409678822,296.579789668265,3.59582382182495
12.5939152012841,497.482438422606,3.60168735004933
563.727389973716,51.7112065534793,4.28926384524611
72.355349924227,377.890812896348,3.91135068825942
233.069323442979,412.197906529918,3.88694280909659
426.572105547323,14.4503533060257,3.40110776779398
360.893947837309,292.015032576293,3.01756679562294
601.931930234712,109.289212133636,4.04041228837998
392.545706687903,231.291544529173,4.18318010306799
566.189732629908,409.544322084958,4.71492493704282
142.979911647414,283.293147552499,4.53539431484543
200.406114356805,366.379987621547,4.01592072128405
124.355344034552,411.047408304473,3.49994467165151
624.891134331288,313.020081297465,4.5938751691037
3.38360973193125,143.384011052793,4.28634903107574
537.681337119114,203.892690299721,4.08975663353453
33.526706537276,492.502376399627,3.03494901321233
279.785015601862,26.3334675218136,3.76585389181193
536.557919534373,390.529301384134,3.4307936691668
70.4895271958648,75.6990896106856,5.23748576710064
4.24755765036345,75.827776952267,3.69938311856108
588.199942760328,225.36773952525,3.91499963042171
441.062210585431,456.895280587679,4.76023250916622
659.559403384703,373.593124344796,3.08067235536368
100.678466081747,488.176560977605,4.34726861102235
626.41019052942,90.2502172903346,4.09238161940819
423.060129489963,260.288167858681,3.67666203491896
10.6161822962372,182.281519689016,3.19677981439034
72.5690811929914,120.363869635154,4.50596123228183
624.583292463235,204.827550840625,4.53724618565651
257.919902185488,216.130682030844,3.81517018490159
586.041193889807,448.312951631228,3.78433579778902
300.614262302593,136.895392385051,4.02195402071283
536.844293886767,455.753591123393,3.53669300146999
45.5943417145093,419.830145671193,3.89828360598742
201.254905891549,287.14277419192,4.10815925374307
552.826070541627,260.115905321728,3.95902410732745
170.179545022358,38.111414040554,4.0416692506684
508.467891452618,343.519287991182,4.60538080713503
46.9540489887987,41.0817487266151,3.47149083714796
529.621828555136,161.556114333761,5.03046440181301
NA,NA,NA
660.011433869692,332.718231853055,3.4780746276366
456.20409678822,296.579789668265,3.59582382182495
12.5939152012841,497.482438422606,3.60168735004933
563.727389973716,51.7112065534793,4.28926384524611
72.355349924227,377.890812896348,3.91135068825942
233.069323442979,412.197906529918,3.88694280909659
426.572105547323,14.4503533060257,3.40110776779398
360.893947837309,292.015032576293,3.01756679562294
601.931930234712,109.289212133636,4.04041228837998
392.545706687903,231.291544529173,4.18318010306799
566.189732629908,409.544322084958,4.71492493704282
142.979911647414,283.293147552499,4.53539431484543
200.406114356805,366.379987621547,4.01592072128405
124.355344034552,411.047408304473,3.49994467165151
624.891134331288,313.020081297465,4.5938751691037
3.38360973193125,143.384011052793,4.28634903107574
537.681337119114,203.892690299721,4.08975663353453
33.526706537276,492.502376399627,3.03494901321233
279.785015601862,26.3334675218136,3.76585389181193
536.557919534373,390.529301384134,3.4307936691668
70.4895271958648,75.6990896106856,5.23748576710064
4.24755765036345,75.827776952267,3.69938311856108
588.199942760328,225.36773952525,3.91499963042171
441.062210585431,456.895280587679,4.76023250916622
659.559403384703,373.593124344796,3.08067235536368
100.678466081747,488.176560977605,4.34726861102235
626.41019052942,90.2502172903346,4.09238161940819
423.060129489963,260.288167858681,3.67666203491896
10.6161822962372,182.281519689016,3.19677981439034
72.5690811929914,120.363869635154,4.50596123228183
624.583292463235,204.827550840625,4.53724618565651
257.919902185488,216.130682030844,3.81517018490159
586.041193889807,448.312951631228,3.78433579778902
300.614262302593,136.895392385051,4.02195402071283
536.844293886767,455.753591123393,3.53669300146999
45.5943417145093,419.830145671193,3.89828360598742
201.254905891549,287.14277419192,4.10815925374307
552.826070541627,260.115905321728,3.95902410732745
170.179545022358,38.111414040554,4.0416692506684
508.467891452618,343.519287991182,4.60538080713503
46.9540489887987,41.0817487266151,3.47149083714796
529.621828555136,161.556114333761,5.03046440181301
NA,NA,NA
665.535048063052,332.291654076677,3.48858133136763
456.04893698993,302.150209772285,3.52926681170417
11.4454564743334,496.487751999885,3.70057716860825
558.524270120954,50.4060974385322,4.3267555405441
69.6123451436732,378.341562460523,3.98687021655354
225.411923128305,412.940278619234,3.87086211790826
426.543209906818,13.8115453465365,3.2490239536983
359.620866571356,293.993378175907,2.95031346856046
611.394759412366,105.190452757782,4.14004607931592
394.363020992958,229.225365600851,4.35254525337402
569.830358006728,409.776296447216,4.72704298207945
141.420137812374,286.142111402309,4.54346126893021
200.245332779495,364.334135374365,3.97950065142118
128.767404849199,409.92188675949,3.52486110391806
622.03797244653,307.674837241893,4.5107646554395
1.80183657152099,147.228089613311,4.36224860952631
543.183955424212,206.173147149434,4.14809097318209
33.7887213495285,491.433516921443,3.07323272063593
280.701183911657,18.6852747822512,3.85739494875365
535.523342303025,391.368247266392,3.40296302714727
65.7693737292023,70.6367153988183,5.27736449297792
5.07989933612151,76.9903507532492,3.53168540317975
588.022532827004,224.398473921807,3.95727611061122
443.707693002083,463.004544051477,4.84002412037461
658.885662375562,371.892946708359,2.88298520881362
108.694069611056,487.211697555325,4.37586722921605
624.844584589288,91.7935073160894,4.04128940740178
420.346626605078,257.492644085467,3.62295440975922
10.6488048674338,183.436352129535,3.37765627110601
64.5716532485072,124.315282720489,4.51214583885618
617.829999810249,204.885233546516,4.34668862958133
250.685207892838,210.660745239311,3.67915373532665
568.715432601478,432.087436097781,3.83109236205088
298.166611349525,135.098510275006,4.00749090881683
534.455345254235,460.18386608055,3.39285065381918
49.9548000741415,426.118697546813,3.7633225306724
189.40073691212,292.213961893709,3.75326806536232
557.106209185717,263.567250699222,4.15763027642269
185.243883903367,19.871715535991,4.46200127871369
497.892721228238,346.991254998932,4.6212373380214
38.5722034782044,53.4572921872554,3.9514424328282
528.81598340582,148.783595933673,4.76027393786937
NA,NA,NA
665.535048063052,332.291654076677,3.48858133136763
456.04893698993,302.150209772285,3.52926681170417
11.4454564743334,496.487751999885,3.70057716860825
558.524270120954,50.4060974385322,4.3267555405441
69.6123451436732,378.341562460523,3.98687021655354
225.411923128305,412.940278619234,3.87086211790826
426.543209906818,13.8115453465365,3.2490239536983
359.620866571356,293.993378175907,2.95031346856046
611.394759412366,105.190452757782,4.14004607931592
394.363020992958,229.225365600851,4.35254525337402
569.830358006728,409.776296447216,4.72704298207945
141.420137812374,286.142111402309,4.54346126893021
200.245332779495,364.334135374365,3.97950065142118
128.767404849199,409.92188675949,3.52486110391806
622.03797244653,307.674837241893,4.5107646554395
1.80183657152099,147.228089613311,4.36224860952631
543.183955424212,206.173147149434,4.14809097318209
33.7887213495285,491.433516921443,3.07323272063593
280.701183911657,18.6852747822512,3.85739494875365
535.523342303025,391.368247266392,3.40296302714727
65.7693737292023,70.6367153988183,5.27736449297792
5.07989933612151,76.9903507532492,3.53168540317975
588.022532827004,224.398473921807,3.95727611061122
443.707693002083,463.004544051477,4.84002412037461
658.885662375562,371.892946708359,2.88298520881362
108.694069611056,487.211697555325,4.37586722921605
624.844584589288,91.7935073160894,4.04128940740178
420.346626605078,257.492644085467,3.62295440975922
10.6488048674338,183.436352129535,3.37765627110601
64.5716532485072,124.315282720489,4.51214583885618
617.829999810249,204.885233546516,4.34668862958133
250.685207892838,210.660745239311,3.67915373532665
568.715432601478,432.087436097781,3.83109236205088
298.166611349525,135.098510275006,4.00749090881683
534.455345254235,460.18386608055,3.39285065381918
49.9548000741415,426.118697546813,3.7633225306724
189.40073691212,292.213961893709,3.75326806536232
557.106209185717,263.567250699222,4.15763027642269
185.243883903367,19.871715535991,4.46200127871369
497.892721228238,346.991254998932,4.6212373380214
38.5722034782044,53.4572921872554,3.9514424328282
528.81598340582,148.783595933673,4.76027393786937
NA,NA,NA
665.535048063052,332.291654076677,3.48858133136763
456.04893698993,302.150209772285,3.52926681170417
11.4454564743334,496.487751999885,3.70057716860825
558.524270120954,50.4060974385322,4.3267555405441
69.6123451436732,378.341562460523,3.98687021655354
225.411923128305,412.940278619234,3.87086211790826
426.543209906818,13.8115453465365,3.2490239536983
359.620866571356,293.993378175907,2.95031346856046
611.394759412366,105.190452757782,4.14004607931592
394.363020992958,229.225365600851,4.35254525337402
569.830358006728,409.776296447216,4.72704298207945
141.420137812374,286.142111402309,4.54346126893021
200.245332779495,364.334135374365,3.97950065142118
128.767404849199,409.92188675949,3.52486110391806
622.03797244653,307.674837241893,4.5107646554395
1.80183657152099,147.228089613311,4.36224860952631
543.183955424212,206.173147149434,4.14809097318209
33.7887213495285,491.433516921443,3.07323272063593
280.701183911657,18.6852747822512,3.85739494875365
535.523342303025,391.368247266392,3.40296302714727
65.7693737292023,70.6367153988183,5.27736449297792
5.07989933612151,76.9903507532492,3.53168540317975
588.022532827004,224.398473921807,3.95727611061122
443.707693002083,463.004544051477,4.84002412037461
658.885662375562,371.892946708359,2.88298520881362
108.694069611056,487.211697555325,4.37586722921605
624.844584589288,91.7935073160894,4.04128940740178
420.346626605078,257.492644085467,3.62295440975922
10.6488048674338,183.436352129535,3.37765627110601
64.5716532485072,124.315282720489,4.51214583885618
617.829999810249,204.885233546516,4.34668862958133
250.685207892838,210.660745239311,3.67915373532665
568.715432601478,432.087436097781,3.83109236205088
298.166611349525,135.098510275006,4.00749090881683
534.455345254235,460.18386608055,3.39285065381918
49.9548000741415,426.118697546813,3.7633225306724
189.40073691212,292.213961893709,3.75326806536232
557.106209185717,263.567250699222,4.15763027642269
185.243883903367,19.871715535991,4.46200127871369
497.892721228238,346.991254998932,4.6212373380214
38.5722034782044,53.4572921872554,3.9514424328282
528.81598340582,148.783595933673,4.76027393786937
NA,NA,NA
665.535048063052,332.291654076677,3.48858133136763
456.04893698993,302.150209772285,3.52926681170417
11.4454564743334,496.487751999885,3.70057716860825
558.524270120954,50.4060974385322,4.3267555405441
69.6123451436732,378.341562460523,3.98687021655354
225.411923128305,412.940278619234,3.87086211790826
426.543209906818,13.8115453465365,3.2490239536983
359.620866571356,293.993378175907,2.95031346856046
611.394759412366,105.190452757782,4.14004607931592
394.363020992958,229.225365600851,4.35254525337402
569.830358006728,409.776296447216,4.72704298207945
141.420137812374,286.142111402309,4.54346126893021
200.245332779495,364.334135374365,3.97950065142118
128.767404849199,409.92188675949,3.52486110391806
622.03797244653,307.674837241893,4.5107646554395
1.80183657152099,147.228089613311,4.36224860952631
543.183955424212,206.173147149434,4.14809097318209
33.7887213495285,491.433516921443,3.07323272063593
280.701183911657,18.6852747822512,3.85739494875365
535.523342303025,391.368247266392,3.40296302714727
65.7693737292023,70.6367153988183,5.27736449297792
5.07989933612151,76.9903507532492,3.53168540317975
588.022532827004,224.398473921807,3.95727611061122
443.707693002083,463.004544051477,4.84002412037461
658.885662375562,371.892946708359,2.88298520881362
108.694069611056,487.211697555325,4.37586722921605
624.844584589288,91.7935073160894,4.04128940740178
420.346626605078,257.492644085467,3.62295440975922
10.6488048674338,183.436352129535,3.37765627110601
64.5716532485072,124.315282720489,4.51214583885618
617.829999810249,204.885233546516,4.34668862958133
250.685207892838,210.660745239311,3.67915373532665
568.715432601478,432.087436097781,3.83109236205088
298.166611349525,135.098510275006,4.00749090881683
534.455345254235,460.18386608055,3.39285065381918
49.9548000741415,426.118697546813,3.7633225306724
189.40073691212,292.213961893709,3.75326806536232
557.106209185717,263.567250699222,4.15763027642269
185.243883903367,19.871715535991,4.46200127871369
497.892721228238,346.991254998932,4.6212373380214
38.5722034782044,53.4572921872554,3.9514424328282
528.81598340582,148.783595933673,4.76027393786937
NA,NA,NA
665.535048063052,332.291654076677,3.48858133136763
456.04893698993,302.150209772285,3.52926681170417
11.4454564743334,496.487751999885,3.70057716860825
558.524270120954,50.4060974385322,4.3267555405441
69.6123451436732,378.341562460523,3.98687021655354
225.411923128305,412.940278619234,3.87086211790826
426.543209906818,13.8115453465365,3.2490239536983
359.620866571356,293.993378175907,2.95031346856046
611.394759412366,105.190452757782,4.14004607931592
394.363020992958,229.225365600851,4.35254525337402
569.830358006728,409.776296447216,4.72704298207945
141.420137812374,286.142111402309,4.54346126893021
200.245332779495,364.334135374365,3.97950065142118
128.767404849199,409.92188675949,3.52486110391806
622.03797244653,307.674837241893,4.5107646554395
1.80183657152099,147.228089613311,4.36224860952631
543.183955424212,206.173147149434,4.14809097318209
33.7887213495285,491.433516921443,3.07323272063593
280.701183911657,18.6852747822512,3.85739494875365
535.523342303025,391.368247266392,3.40296302714727
65.7693737292023,70.6367153988183,5.27736449297792
5.07989933612151,76.9903507532492,3.53168540317975
588.022532827004,224.398473921807,3.95727611061122
443.707693002083,463.004544051477,4.84002412037461
658.885662375562,371.892946708359,2.88298520881362
108.694069611056,487.211697555325,4.37586722921605
624.844584589288,91.7935073160894,4.04128940740178
420.346626605078,257.492644085467,3.62295440975922
10.6488048674338,183.436352129535,3.37765627110601
64.5716532485072,124.315282720489,4.51214583885618
617.829999810249,204.885233546516,4.34668862958133
250.685207892838,210.660745239311,3.67915373532665
568.715432601478,432.087436097781,3.83109236205088
298.166611349525,135.098510275006,4.00749090881683
534.455345254235,460.18386608055,3.39285065381918
49.9548000741415,426.118697546813,3.7633225306724
189.40073691212,292.213961893709,3.75326806536232
557.106209185717,263.567250699222,4.15763027642269
185.243883903367,19.871715535991,4.46200127871369
497.892721228238,346.991254998932,4.6212373380214
38.5722034782044,53.4572921872554,3.9514424328282
528.81598340582,148.783595933673,4.76027393786937
NA,NA,NA
665.535048063052,332.291654076677,3.48858133136763
456.04893698993,302.150209772285,3.52926681170417
11.4454564743334,496.487751999885,3.70057716860825
558.524270120954,50.4060974385322,4.3267555405441
69.6123451436732,378.341562460523,3.98687021655354
225.411923128305,412.940278619234,3.87086211790826
426.543209906818,13.8115453465365,3.2490239536983
359.620866571356,293.993378175907,2.95031346856046
611.394759412366,105.190452757782,4.14004607931592
394.363020992958,229.225365600851,4.35254525337402
569.830358006728,409.776296447216,4.72704298207945
141.420137812374,286.142111402309,4.54346126893021
200.245332779495,364.334135374365,3.97950065142118
128.767404849199,409.92188675949,3.52486110391806
622.03797244653,307.674837241893,4.5107646554395
1.80183657152099,147.228089613311,4.36224860952631
543.183955424212,206.173147149434,4.14809097318209
33.7887213495285,491.433516921443,3.07323272063593
280.701183911657,18.6852747822512,3.85739494875365
535.523342303025,391.368247266392,3.40296302714727
65.7693737292023,70.6367153988183,5.27736449297792
5.07989933612151,76.9903507532492,3.53168540317975
588.022532827004,224.398473921807,3.95727611061122
443.707693002083,463.004544051477,4.84002412037461
658.885662375562,371.892946708359,2.88298520881362
108.694069611056,487.211697555325,4.37586722921605
624.844584589288,91.7935073160894,4.04128940740178
420.346626605078,257.492644085467,3.62295440975922
10.6488048674338,183.436352129535,3.37765627110601
64.5716532485072,124.315282720489,4.51214583885618
617.829999810249,204.885233546516,4.34668862958133
250.685207892838,210.660745239311,3.67915373532665
568.715432601478,432.087436097781,3.83109236205088
298.166611349525,135.098510275006,4.00749090881683
534.455345254235,460.18386608055,3.39285065381918
49.9548000741415,426.118697546813,3.7633225306724
189.40073691212,292.213961893709,3.75326806536232
557.106209185717,263.567250699222,4.15763027642269
185.243883903367,19.871715535991,4.46200127871369
497.892721228238,346.991254998932,4.6212373380214
38.5722034782044,53.4572921872554,3.9514424328282
528.81598340582,148.783595933673,4.76027393786937
NA,NA,NA
659.225201998769,333.494148567764,3.45999198495399
455.373684277776,296.260161606631,3.66770683702151
8.65288315713029,491.290325897372,3.68247126504884
563.550947486074,44.1921028584741,4.23816970067935
72.2820749360491,374.610974649666,3.96492144862793
224.897920723349,412.842047139539,3.90480458388959
426.969809525396,13.3428256276795,3.30941638778004
361.896765734788,292.373328006042,3.09964162813907
602.605811686639,106.917332752425,4.12742995944672
394.349293458384,233.387574510509,4.34488000299909
565.120282716148,408.545260769254,4.73983981656424
144.065288438566,280.16232135964,4.43145214733803
200.026795693773,368.877373757532,4.11922532473826
123.956154037327,409.849158202668,3.37027223561746
631.975523600578,310.891555791693,4.65471138107783
-1.27904576073622,147.946145997847,4.33789212146558
543.095307692986,203.841837486789,4.22856691803261
32.516865174185,489.716088919044,2.94359624757682
282.195796449249,24.9040048212583,3.71897551666972
531.666731541031,391.737602692538,3.49770089227823
74.4439674136154,84.7940861100321,5.2882743883789
7.32392797432586,73.5132621450117,3.35965597577969
586.915443796083,225.864687679958,3.99207872653755
438.487166126817,459.60411460088,4.82201189468696
658.161530311241,374.437159276488,3.0795379021572
108.868313700261,489.116870357818,4.38485984276215
628.212600814595,94.1119845947523,4.07733807718303
420.039114113188,259.336205850884,3.63135601403003
10.6469065749875,179.967401341948,3.10399769255083
63.8668977244824,142.313086668069,4.48317569616339
616.605111183393,219.939043745052,4.31985584073169
251.615558742854,221.813742877936,3.70599823405406
581.436481782118,439.855763679163,3.82208981286773
299.361669298482,141.0891244123,3.77701008946265
528.147698209645,449.975876512763,3.4866022229301
46.8858722297086,423.988094079201,3.92474909694073
197.731811402576,280.937865932402,4.22527018833285
550.576791412423,268.127792908801,3.5687285612576
178.267715659221,29.32983807316,4.30318086563806
497.33520012001,346.102159488245,4.56858512488086
40.2550837717148,45.8984741551405,3.9320154160084
532.15256972624,153.144216216811,5.02021547881935
NA,NA,NA
659.225201998769,333.494148567764,3.45999198495399
455.373684277776,296.260161606631,3.66770683702151
8.65288315713029,491.290325897372,3.68247126504884
563.550947486074,44.1921028584741,4.23816970067935
72.2820749360491,374.610974649666,3.96492144862793
224.897920723349,412.842047139539,3.90480458388959
426.969809525396,13.3428256276795,3.30941638778004
361.896765734788,292.373328006042,3.09964162813907
602.605811686639,106.917332752425,4.12742995944672
394.349293458384,233.387574510509,4.34488000299909
565.120282716148,408.545260769254,4.73983981656424
144.065288438566,280.16232135964,4.43145214733803
200.026795693773,368.877373757532,4.11922532473826
123.956154037327,409.849158202668,3.37027223561746
631.975523600578,310.891555791693,4.65471138107783
-1.27904576073622,147.946145997847,4.33789212146558
543.095307692986,203.841837486789,4.22856691803261
32.516865174185,489.716088919044,2.94359624757682
282.195796449249,24.9040048212583,3.71897551666972
531.666731541031,391.737602692538,3.49770089227823
74.4439674136154,84.7940861100321,5.2882743883789
7.32392797432586,73.5132621450117,3.35965597577969
586.915443796083,225.864687679958,3.99207872653755
438.487166126817,459.60411460088,4.82201189468696
658.161530311241,374.437159276488,3.0795379021572
108.868313700261,489.116870357818,4.38485984276215
628.212600814595,94.1119845947523,4.07733807718303
420.039114113188,259.336205850884,3.63135601403003
10.6469065749875,179.967401341948,3.10399769255083
63.8668977244824,142.313086668069,4.48317569616339
616.605111183393,219.939043745052,4.31985584073169
251.615558742854,221.813742877936,3.70599823405406
581.436481782118,439.855763679163,3.82208981286773
299.361669298482,141.0891244123,3.77701008946265
528.147698209645,449.975876512763,3.4866022229301
46.8858722297086,423.988094079201,3.92474909694073
197.731811402576,280.937865932402,4.22527018833285
550.576791412423,268.127792908801,3.5687285612576
178.267715659221,29.32983807316,4.30318086563806
497.33520012001,346.102159488245,4.56858512488086
40.2550837717148,45.8984741551405,3.9320154160084
532.15256972624,153.144216216811,5.02021547881935
NA,NA,NA
659.225201998769,333.494148567764,3.45999198495399
455.373684277776,296.260161606631,3.66770683702151
8.65288315713029,491.290325897372,3.68247126504884
563.550947486074,44.1921028584741,4.23816970067935
72.2820749360491,374.610974649666,3.96492144862793
224.897920723349,412.842047139539,3.90480458388959
426.969809525396,13.3428256276795,3.30941638778004
361.896765734788,292.373328006042,3.09964162813907
602.605811686639,106.917332752425,4.12742995944672
394.349293458384,233.387574510509,4.34488000299909
565.120282716148,408.545260769254,4.73983981656424
144.065288438566,280.16232135964,4.43145214733803
200.026795693773,368.877373757532,4.11922532473826
123.956154037327,409.849158202668,3.37027223561746
631.975523600578,310.891555791693,4.65471138107783
-1.27904576073622,147.946145997847,4.33789212146558
543.095307692986,203.841837486789,4.22856691803261
32.516865174185,489.716088919044,2.94359624757682
282.195796449249,24.9040048212583,3.71897551666972
531.666731541031,391.737602692538,3.49770089227823
74.4439674136154,84.7940861100321,5.2882743883789
7.32392797432586,73.5132621450117,3.35965597577969
586.915443796083,225.864687679958,3.99207872653755
438.487166126817,459.60411460088,4.82201189468696
658.161530311241,374.437159276488,3.0795379021572
108.868313700261,489.116870357818,4.38485984276215
628.212600814595,94.1119845947523,4.07733807718303
420.039114113188,259.336205850884,3.63135601403003
10.6469065749875,179.967401341948,3.10399769255083
63.8668977244824,142.313086668069,4.48317569616339
616.605111183393,219.939043745052,4.31985584073169
251.615558742854,221.813742877936,3.70599823405406
581.436481782118,439.855763679163,3.82208981286773
299.361669298482,141.0891244123,3.77701008946265
528.147698209645,449.975876512763,3.4866022229301
46.8858722297086,423.988094079201,3.92474909694073
197.731811402576,280.937865932402,4.22527018833285
550.576791412423,268.127792908801,3.5687285612576
178.267715659221,29.32983807316,4.30318086563806
497.33520012001,346.102159488245,4.56858512488086
40.2550837717148,45.8984741551405,3.9320154160084
532.15256972624,153.144216216811,5.02021547881935
NA,NA,NA
659.225201998769,333.494148567764,3.45999198495399
455.373684277776,296.260161606631,3.66770683702151
8.65288315713029,491.290325897372,3.68247126504884
563.550947486074,44.1921028584741,4.23816970067935
72.2820749360491,374.610974649666,3.96492144862793
224.897920723349,412.842047139539,3.90480458388959
426.969809525396,13.3428256276795,3.30941638778004
361.896765734788,292.373328006042,3.09964162813907
602.605811686639,106.917332752425,4.12742995944672
394.349293458384,233.387574510509,4.34488000299909
565.120282716148,408.545260769254,4.73983981656424
144.065288438566,280.16232135964,4.43145214733803
200.026795693773,368.877373757532,4.11922532473826
123.956154037327,409.849158202668,3.37027223561746
631.975523600578,310.891555791693,4.65471138107783
-1.27904576073622,147.946145997847,4.33789212146558
543.095307692986,203.841837486789,4.22856691803261
32.516865174185,489.716088919044,2.94359624757682
282.195796449249,24.9040048212583,3.71897551666972
531.666731541031,391.737602692538,3.49770089227823
74.4439674136154,84.7940861100321,5.2882743883789
7.32392797432586,73.5132621450117,3.35965597577969
586.915443796083,225.864687679958,3.99207872653755
438.487166126817,459.60411460088,4.82201189468696
658.161530311241,374.437159276488,3.0795379021572
108.868313700261,489.116870357818,4.38485984276215
628.212600814595,94.1119845947523,4.07733807718303
420.039114113188,259.336205850884,3.63135601403003
10.6469065749875,179.967401341948,3.10399769255083
63.8668977244824,142.313086668069,4.48317569616339
616.605111183393,219.939043745052,4.31985584073169
251.615558742854,221.813742877936,3.70599823405406
581.436481782118,439.855763679163,3.82208981286773
299.361669298482,141.0891244123,3.77701008946265
528.147698209645,449.975876512763,3.4866022229301
46.8858722297086,423.988094079201,3.92474909694073
197.731811402576,280.937865932402,4.22527018833285
550.576791412423,268.127792908801,3.5687285612576
178.267715659221,29.32983807316,4.30318086563806
497.33520012001,346.102159488245,4.56858512488086
40.2550837717148,45.8984741551405,3.9320154160084
532.15256972624,153.144216216811,5.02021547881935
NA,NA,NA
659.225201998769,333.494148567764,3.45999198495399
455.373684277776,296.260161606631,3.66770683702151
8.65288315713029,491.290325897372,3.68247126504884
563.550947486074,44.1921028584741,4.23816970067935
72.2820749360491,374.610974649666,3.96492144862793
224.897920723349,412.842047139539,3.90480458388959
426.969809525396,13.3428256276795,3.30941638778004
361.896765734788,292.373328006042,3.09964162813907
602.605811686639,106.917332752425,4.12742995944672
394.349293458384,233.387574510509,4.34488000299909
565.120282716148,408.545260769254,4.73983981656424
144.065288438566,280.16232135964,4.43145214733803
200.026795693773,368.877373757532,4.11922532473826
123.956154037327,409.849158202668,3.37027223561746
631.975523600578,310.891555791693,4.65471138107783
-1.27904576073622,147.946145997847,4.33789212146558
543.095307692986,203.841837486789,4.22856691803261
32.516865174185,489.716088919044,2.94359624757682
282.195796449249,24.9040048212583,3.71897551666972
531.666731541031,391.737602692538,3.49770089227823
74.4439674136154,84.7940861100321,5.2882743883789
7.32392797432586,73.5132621450117,3.35965597577969
586.915443796083,225.864687679958,3.99207872653755
438.487166126817,459.60411460088,4.82201189468696
658.161530311241,374.437159276488,3.0795379021572
108.868313700261,489.116870357818,4.38485984276215
628.212600814595,94.1119845947523,4.07733807718303
420.039114113188,259.336205850884,3.63135601403003
10.6469065749875,179.967401341948,3.10399769255083
63.8668977244824,142.313086668069,4.48317569616339
616.605111183393,219.939043745052,4.31985584073169
251.615558742854,221.813742877936,3.70599823405406
581.436481782118,439.855763679163,3.82208981286773
299.361669298482,141.0891244123,3.77701008946265
528.147698209645,449.975876512763,3.4866022229301
46.8858722297086,423.988094079201,3.92474909694073
197.731811402576,280.937865932402,4.22527018833285
550.576791412423,268.127792908801,3.5687285612576
178.267715659221,29.32983807316,4.30318086563806
497.33520012001,346.102159488245,4.56858512488086
40.2550837717148,45.8984741551405,3.9320154160084
532.15256972624,153.144216216811,5.02021547881935
NA,NA,NA
659.225201998769,333.494148567764,3.45999198495399
455.373684277776,296.260161606631,3.66770683702151
8.65288315713029,491.290325897372,3.68247126504884
563.550947486074,44.1921028584741,4.23816970067935
72.2820749360491,374.610974649666,3.96492144862793
224.897920723349,412.842047139539,3.90480458388959
426.969809525396,13.3428256276795,3.30941638778004
361.896765734788,292.373328006042,3.09964162813907
602.605811686639,106.917332752425,4.12742995944672
394.349293458384,233.387574510509,4.34488000299909
565.120282716148,408.545260769254,4.73983981656424
144.065288438566,280.16232135964,4.43145214733803
200.026795693773,368.877373757532,4.11922532473826
123.956154037327,409.849158202668,3.37027223561746
631.975523600578,310.891555791693,4.65471138107783
-1.27904576073622,147.946145997847,4.33789212146558
543.095307692986,203.841837486789,4.22856691803261
32.516865174185,489.716088919044,2.94359624757682
282.195796449249,24.9040048212583,3.71897551666972
531.666731541031,391.737602692538,3.49770089227823
74.4439674136154,84.7940861100321,5.2882743883789
7.32392797432586,73.5132621450117,3.35965597577969
586.915443796083,225.864687679958,3.99207872653755
438.487166126817,459.60411460088,4.82201189468696
658.161530311241,374.437159276488,3.0795379021572
108.868313700261,489.116870357818,4.38485984276215
628.212600814595,94.1119845947523,4.07733807718303
420.039114113188,259.336205850884,3.63135601403003
10.6469065749875,179.967401341948,3.10399769255083
63.8668977244824,142.313086668069,4.48317569616339
616.605111183393,219.939043745052,4.31985584073169
251.615558742854,221.813742877936,3.70599823405406
581.436481782118,439.855763679163,3.82208981286773
299.361669298482,141.0891244123,3.77701008946265
528.147698209645,449.975876512763,3.4866022229301
46.8858722297086,423.988094079201,3.92474909694073
197.731811402576,280.937865932402,4.22527018833285
550.576791412423,268.127792908801,3.5687285612576
178.267715659221,29.32983807316,4.30318086563806
497.33520012001,346.102159488245,4.56858512488086
40.2550837717148,45.8984741551405,3.9320154160084
532.15256972624,153.144216216811,5.02021547881935
NA,NA,NA
657.615019468942,337.252269803747,3.4601683132596
457.891530077311,299.206620066708,3.76658231643875
12.7544643590583,495.322641715419,3.6828028935651
565.760596511176,48.854969631908,4.16692964748857
74.5334890711841,374.146208091113,4.00376872800033
227.288292989515,411.92101129164,3.94879702506537
428.544232312347,11.9827266811802,3.23043951955923
364.126841214818,290.356587456881,3.02729830768205
602.272610149223,105.43172822386,4.38678452729896
395.055935245644,229.609272337615,4.24285368997257
571.030592467973,405.711771771247,4.71205278645416
136.686105992242,284.855577671307,4.51963999784574
197.167368011037,369.249311749412,4.09569249182622
125.916310748484,409.162668028868,3.44364214577776
635.104404527438,316.232830534627,4.55281125605652
5.33473632579863,142.369406788668,4.13716001696296
546.979483284778,206.986693764856,4.25622318744109
32.3524178088625,494.574609924085,3.13350144021304
278.155549496347,22.122282791216,3.82160621386888
533.779010391753,395.258543664769,3.48958200091077
69.3803882460129,78.8362581601573,5.22564912686371
6.64474564425198,78.021194627357,3.35474236322175
586.994326375685,225.567904048601,4.04675369108643
440.93010917592,455.295543906997,4.71778373707264
659.871425949698,374.680109381626,3.06443557977336
106.547612426447,486.771856283566,4.31591907616166
618.896773693758,91.3355789039606,4.09529916985478
420.35659565887,258.179561371743,3.70447168251208
12.1478821375904,183.810976612742,3.10173630989835
53.1849767015954,113.428735324743,4.3928129581973
598.343074773304,211.982858739507,4.53494406408318
252.556297511023,219.464471064536,3.97244765571113
559.879985203468,425.396028964358,3.91932877766721
298.709932568599,137.608071883936,3.84504978662061
532.98577543079,457.205030065511,3.44423787802469
46.9641869078803,415.992779732916,3.91056463343837
191.163431076667,285.618847447896,4.14418656055332
550.360552520256,258.262125644635,3.60648411739419
162.676648343084,33.4814899961779,4.57010464774176
500.561317814186,344.913100972311,4.71001184608773
33.0518942353047,51.7495785989587,3.87185030506258
526.266919694427,139.085768510636,4.86463932431416
NA,NA,NA
657.615019468942,337.252269803747,3.4601683132596
457.891530077311,299.206620066708,3.76658231643875
12.7544643590583,495.322641715419,3.6828028935651
565.760596511176,48.854969631908,4.16692964748857
74.5334890711841,374.146208091113,4.00376872800033
227.288292989515,411.92101129164,3.94879702506537
428.544232312347,11.9827266811802,3.23043951955923
364.126841214818,290.356587456881,3.02729830768205
602.272610149223,105.43172822386,4.38678452729896
395.055935245644,229.609272337615,4.24285368997257
571.030592467973,405.711771771247,4.71205278645416
136.686105992242,284.855577671307,4.51963999784574
197.167368011037,369.249311749412,4.09569249182622
125.916310748484,409.162668028868,3.44364214577776
635.104404527438,316.232830534627,4.55281125605652
5.33473632579863,142.369406788668,4.13716001696296
546.979483284778,206.986693764856,4.25622318744109
32.3524178088625,494.574609924085,3.13350144021304
278.155549496347,22.122282791216,3.82160621386888
533.779010391753,395.258543664769,3.48958200091077
69.3803882460129,78.8362581601573,5.22564912686371
6.64474564425198,78.021194627357,3.35474236322175
586.994326375685,225.567904048601,4.04675369108643
440.93010917592,455.295543906997,4.71778373707264
659.871425949698,374.680109381626,3.06443557977336
106.547612426447,486.771856283566,4.31591907616166
618.896773693758,91.3355789039606,4.09529916985478
420.35659565887,258.179561371743,3.70447168251208
12.1478821375904,183.810976612742,3.10173630989835
53.1849767015954,113.428735324743,4.3928129581973
598.343074773304,211.982858739507,4.53494406408318
252.556297511023,219.464471064536,3.97244765571113
559.879985203468,425.396028964358,3.91932877766721
298.709932568599,137.608071883936,3.84504978662061
532.98577543079,457.205030065511,3.44423787802469
46.9641869078803,415.992779732916,3.91056463343837
191.163431076667,285.618847447896,4.14418656055332
550.360552520256,258.262125644635,3.60648411739419
162.676648343084,33.4814899961779,4.57010464774176
500.561317814186,344.913100972311,4.71001184608773
33.0518942353047,51.7495785989587,3.87185030506258
526.266919694427,139.085768510636,4.86463932431416
NA,NA,NA
657.615019468942,337.252269803747,3.4601683132596
457.891530077311,299.206620066708,3.76658231643875
12.7544643590583,495.322641715419,3.6828028935651
565.760596511176,48.854969631908,4.16692964748857
74.5334890711841,374.146208091113,4.00376872800033
227.288292989515,411.92101129164,3.94879702506537
428.544232312347,11.9827266811802,3.23043951955923
364.126841214818,290.356587456881,3.02729830768205
602.272610149223,105.43172822386,4.38678452729896
395.055935245644,229.609272337615,4.24285368997257
571.030592467973,405.711771771247,4.71205278645416
136.686105992242,284.855577671307,4.51963999784574
197.167368011037,369.249311749412,4.09569249182622
125.916310748484,409.162668028868,3.44364214577776
635.104404527438,316.232830534627,4.55281125605652
5.33473632579863,142.369406788668,4.13716001696296
546.979483284778,206.986693764856,4.25622318744109
32.3524178088625,494.574609924085,3.13350144021304
278.155549496347,22.122282791216,3.82160621386888
533.779010391753,395.258543664769,3.48958200091077
69.3803882460129,78.8362581601573,5.22564912686371
6.64474564425198,78.021194627357,3.35474236322175
586.994326375685,225.567904048601,4.04675369108643
440.93010917592,455.295543906997,4.71778373707264
659.871425949698,374.680109381626,3.06443557977336
106.547612426447,486.771856283566,4.31591907616166
618.896773693758,91.3355789039606,4.09529916985478
420.35659565887,258.179561371743,3.70447168251208
12.1478821375904,183.810976612742,3.10173630989835
53.1849767015954,113.428735324743,4.3928129581973
598.343074773304,211.982858739507,4.53494406408318
252.556297511023,219.464471064536,3.97244765571113
559.879985203468,425.396028964358,3.91932877766721
298.709932568599,137.608071883936,3.84504978662061
532.98577543079,457.205030065511,3.44423787802469
46.9641869078803,415.992779732916,3.91056463343837
191.163431076667,285.618847447896,4.14418656055332
550.360552520256,258.262125644635,3.60648411739419
162.676648343084,33.4814899961779,4.57010464774176
500.561317814186,344.913100972311,4.71001184608773
33.0518942353047,51.7495785989587,3.87185030506258
526.266919694427,139.085768510636,4.86463932431416
NA,NA,NA
657.615019468942,337.252269803747,3.4601683132596
457.891530077311,299.206620066708,3.76658231643875
12.7544643590583,495.322641715419,3.6828028935651
565.760596511176,48.854969631908,4.16692964748857
74.5334890711841,374.146208091113,4.00376872800033
227.288292989515,411.92101129164,3.94879702506537
428.544232312347,11.9827266811802,3.23043951955923
364.126841214818,290.356587456881,3.02729830768205
602.272610149223,105.43172822386,4.38678452729896
395.055935245644,229.609272337615,4.24285368997257
571.030592467973,405.711771771247,4.71205278645416
136.686105992242,284.855577671307,4.51963999784574
197.167368011037,369.249311749412,4.09569249182622
125.916310748484,409.162668028868,3.44364214577776
635.104404527438,316.232830534627,4.55281125605652
5.33473632579863,142.369406788668,4.13716001696296
546.979483284778,206.986693764856,4.25622318744109
32.3524178088625,494.574609924085,3.13350144021304
278.155549496347,22.122282791216,3.82160621386888
533.779010391753,395.258543664769,3.48958200091077
69.3803882460129,78.8362581601573,5.22564912686371
6.64474564425198,78.021194627357,3.35474236322175
586.994326375685,225.567904048601,4.04675369108643
440.93010917592,455.295543906997,4.71778373707264
659.871425949698,374.680109381626,3.06443557977336
106.547612426447,486.771856283566,4.31591907616166
618.896773693758,91.3355789039606,4.09529916985478
420.35659565887,258.179561371743,3.70447168251208
12.1478821375904,183.810976612742,3.10173630989835
53.1849767015954,113.428735324743,4.3928129581973
598.343074773304,211.982858739507,4.53494406408318
252.556297511023,219.464471064536,3.97244765571113
559.879985203468,425.396028964358,3.91932877766721
298.709932568599,137.608071883936,3.84504978662061
532.98577543079,457.205030065511,3.44423787802469
46.9641869078803,415.992779732916,3.91056463343837
191.163431076667,285.618847447896,4.14418656055332
550.360552520256,258.262125644635,3.60648411739419
162.676648343084,33.4814899961779,4.57010464774176
500.561317814186,344.913100972311,4.71001184608773
33.0518942353047,51.7495785989587,3.87185030506258
526.266919694427,139.085768510636,4.86463932431416
NA,NA,NA
657.615019468942,337.252269803747,3.4601683132596
457.891530077311,299.206620066708,3.76658231643875
12.7544643590583,495.322641715419,3.6828028935651
565.760596511176,48.854969631908,4.16692964748857
74.5334890711841,374.146208091113,4.00376872800033
227.288292989515,411.92101129164,3.94879702506537
428.544232312347,11.9827266811802,3.23043951955923
364.126841214818,290.356587456881,3.02729830768205
602.272610149223,105.43172822386,4.38678452729896
395.055935245644,229.609272337615,4.24285368997257
571.030592467973,405.711771771247,4.71205278645416
136.686105992242,284.855577671307,4.51963999784574
197.167368011037,369.249311749412,4.09569249182622
125.916310748484,409.162668028868,3.44364214577776
635.104404527438,316.232830534627,4.55281125605652
5.33473632579863,142.369406788668,4.13716001696296
546.979483284778,206.986693764856,4.25622318744109
32.3524178088625,494.574609924085,3.13350144021304
278.155549496347,22.122282791216,3.82160621386888
533.779010391753,395.258543664769,3.48958200091077
69.3803882460129,78.8362581601573,5.22564912686371
6.64474564425198,78.021194627357,3.35474236322175
586.994326375685,225.567904048601,4.04675369108643
440.93010917592,455.295543906997,4.71778373707264
659.871425949698,374.680109381626,3.06443557977336
106.547612426447,486.771856283566,4.31591907616166
618.896773693758,91.3355789039606,4.09529916985478
420.35659565887,258.179561371743,3.70447168251208
12.1478821375904,183.810976612742,3.10173630989835
53.1849767015954,113.428735324743,4.3928129581973
598.343074773304,211.982858739507,4.53494406408318
252.556297511023,219.464471064536,3.97244765571113
559.879985203468,425.396028964358,3.91932877766721
298.709932568599,137.608071883936,3.84504978662061
532.98577543079,457.205030065511,3.44423787802469
46.9641869078803,415.992779732916,3.91056463343837
191.163431076667,285.618847447896,4.14418656055332
550.360552520256,258.262125644635,3.60648411739419
162.676648343084,33.4814899961779,4.57010464774176
500.561317814186,344.913100972311,4.71001184608773
33.0518942353047,51.7495785989587,3.87185030506258
526.266919694427,139.085768510636,4.86463932431416
NA,NA,NA
657.615019468942,337.252269803747,3.4601683132596
457.891530077311,299.206620066708,3.76658231643875
12.7544643590583,495.322641715419,3.6828028935651
565.760596511176,48.854969631908,4.16692964748857
74.5334890711841,374.146208091113,4.00376872800033
227.288292989515,411.92101129164,3.94879702506537
428.544232312347,11.9827266811802,3.23043951955923
364.126841214818,290.356587456881,3.02729830768205
602.272610149223,105.43172822386,4.38678452729896
395.055935245644,229.609272337615,4.24285368997257
571.030592467973,405.711771771247,4.71205278645416
136.686105992242,284.855577671307,4.51963999784574
197.167368011037,369.249311749412,4.09569249182622
125.916310748484,409.162668028868,3.44364214577776
635.104404527438,316.232830534627,4.55281125605652
5.33473632579863,142.369406788668,4.13716001696296
546.979483284778,206.986693764856,4.25622318744109
32.3524178088625,494.574609924085,3.13350144021304
278.155549496347,22.122282791216,3.82160621386888
533.779010391753,395.258543664769,3.48958200091077
69.3803882460129,78.8362581601573,5.22564912686371
6.64474564425198,78.021194627357,3.35474236322175
586.994326375685,225.567904048601,4.04675369108643
440.93010917592,455.295543906997,4.71778373707264
659.871425949698,374.680109381626,3.06443557977336
106.547612426447,486.771856283566,4.31591907616166
618.896773693758,91.3355789039606,4.09529916985478
420.35659565887,258.179561371743,3.70447168251208
12.1478821375904,183.810976612742,3.10173630989835
53.1849767015954,113.428735324743,4.3928129581973
598.343074773304,211.982858739507,4.53494406408318
252.556297511023,219.464471064536,3.97244765571113
559.879985203468,425.396028964358,3.91932877766721
298.709932568599,137.608071883936,3.84504978662061
532.98577543079,457.205030065511,3.44423787802469
46.9641869078803,415.992779732916,3.91056463343837
191.163431076667,285.618847447896,4.14418656055332
550.360552520256,258.262125644635,3.60648411739419
162.676648343084,33.4814899961779,4.57010464774176
500.561317814186,344.913100972311,4.71001184608773
33.0518942353047,51.7495785989587,3.87185030506258
526.266919694427,139.085768510636,4.86463932431416
NA,NA,NA
662.437558838831,335.16277254408,3.52662911951622
455.598152254607,300.740938324396,3.60555591676501
12.3438637426366,492.657631479603,3.71385405279657
558.917494846994,53.2055934165682,4.21974590521134
70.6086098511033,372.122678119868,3.94012398848759
223.856368883556,412.888350986927,3.92784377151846
428.116717518247,9.45693246508115,3.39286603593681
362.484442055491,295.775562728428,2.92559733977179
604.491536718459,110.857257561798,4.11372877527947
388.030316162429,232.631036564001,4.15976445109183
575.381910804001,407.894677314912,4.72000727616423
135.343787154869,278.551020050052,4.41001384502826
201.367856184022,369.494380294966,4.01125721487364
125.095533907412,408.935038917734,3.36678313872523
624.393641477245,312.873406303979,4.58973972088181
-3.94566193443222,147.10012678917,4.16050950240464
541.144248471903,202.634336786901,4.16629923461008
32.2728201541145,492.364967281817,3.04128505459939
280.898531695443,21.7574133752616,4.03474200331659
533.155318521699,391.462998725853,3.45344600756236
80.4097559613961,73.6387346467837,5.27368406032377
6.37930422235603,75.6359693904751,3.64403447496979
586.642578105247,226.73594191368,4.04026047159774
443.612711352499,468.285968721912,4.80359649569536
659.860673671164,373.833935170213,2.80269370042071
105.752968301299,482.46787309405,4.31294985098219
623.59277552264,89.4714626500046,4.10033316780794
421.218275314005,255.295651635179,3.7110559405985
10.6545251809219,180.018794126455,3.18637778828319
63.0851510819605,117.771229985077,4.47498169858892
613.487722429983,201.253646376258,4.44061795950282
249.147956267343,221.447369979491,3.76639299368686
578.419886654048,427.36668036538,3.65980414067569
302.280859123799,138.009943418302,3.83999259411
532.813938460981,456.299674176595,3.45377537773137
44.1606150619773,422.511626763854,4.1072548370871
182.78418743638,275.616896503161,4.17469023513637
555.532133456911,263.691364295438,3.67203680482286
167.38192882874,45.787479630208,4.01990457809583
500.415316000425,354.615268829481,4.52852950240994
31.522621703922,54.092388749577,4.06825004331893
533.792291461567,171.941072718759,4.19408384079486
NA,NA,NA
662.437558838831,335.16277254408,3.52662911951622
455.598152254607,300.740938324396,3.60555591676501
12.3438637426366,492.657631479603,3.71385405279657
558.917494846994,53.2055934165682,4.21974590521134
70.6086098511033,372.122678119868,3.94012398848759
223.856368883556,412.888350986927,3.92784377151846
428.116717518247,9.45693246508115,3.39286603593681
362.484442055491,295.775562728428,2.92559733977179
604.491536718459,110.857257561798,4.11372877527947
388.030316162429,232.631036564001,4.15976445109183
575.381910804001,407.894677314912,4.72000727616423
135.343787154869,278.551020050052,4.41001384502826
201.367856184022,369.494380294966,4.01125721487364
125.095533907412,408.935038917734,3.36678313872523
624.393641477245,312.873406303979,4.58973972088181
-3.94566193443222,147.10012678917,4.16050950240464
541.144248471903,202.634336786901,4.16629923461008
32.2728201541145,492.364967281817,3.04128505459939
280.898531695443,21.7574133752616,4.03474200331659
533.155318521699,391.462998725853,3.45344600756236
80.4097559613961,73.6387346467837,5.27368406032377
6.37930422235603,75.6359693904751,3.64403447496979
586.642578105247,226.73594191368,4.04026047159774
443.612711352499,468.285968721912,4.80359649569536
659.860673671164,373.833935170213,2.80269370042071
105.752968301299,482.46787309405,4.31294985098219
623.59277552264,89.4714626500046,4.10033316780794
421.218275314005,255.295651635179,3.7110559405985
10.6545251809219,180.018794126455,3.18637778828319
63.0851510819605,117.771229985077,4.47498169858892
613.487722429983,201.253646376258,4.44061795950282
249.147956267343,221.447369979491,3.76639299368686
578.419886654048,427.36668036538,3.65980414067569
302.280859123799,138.009943418302,3.83999259411
532.813938460981,456.299674176595,3.45377537773137
44.1606150619773,422.511626763854,4.1072548370871
182.78418743638,275.616896503161,4.17469023513637
555.532133456911,263.691364295438,3.67203680482286
167.38192882874,45.787479630208,4.01990457809583
500.415316000425,354.615268829481,4.52852950240994
31.522621703922,54.092388749577,4.06825004331893
533.792291461567,171.941072718759,4.19408384079486
NA,NA,NA
662.437558838831,335.16277254408,3.52662911951622
455.598152254607,300.740938324396,3.60555591676501
12.3438637426366,492.657631479603,3.71385405279657
558.917494846994,53.2055934165682,4.21974590521134
70.6086098511033,372.122678119868,3.94012398848759
223.856368883556,412.888350986927,3.92784377151846
428.116717518247,9.45693246508115,3.39286603593681
362.484442055491,295.775562728428,2.92559733977179
604.491536718459,110.857257561798,4.11372877527947
388.030316162429,232.631036564001,4.15976445109183
575.381910804001,407.894677314912,4.72000727616423
135.343787154869,278.551020050052,4.41001384502826
201.367856184022,369.494380294966,4.01125721487364
125.095533907412,408.935038917734,3.36678313872523
624.393641477245,312.873406303979,4.58973972088181
-3.94566193443222,147.10012678917,4.16050950240464
541.144248471903,202.634336786901,4.16629923461008
32.2728201541145,492.364967281817,3.04128505459939
280.898531695443,21.7574133752616,4.03474200331659
533.155318521699,391.462998725853,3.45344600756236
80.4097559613961,73.6387346467837,5.27368406032377
6.37930422235603,75.6359693904751,3.64403447496979
586.642578105247,226.73594191368,4.04026047159774
443.612711352499,468.285968721912,4.80359649569536
659.860673671164,373.833935170213,2.80269370042071
105.752968301299,482.46787309405,4.31294985098219
623.59277552264,89.4714626500046,4.10033316780794
421.218275314005,255.295651635179,3.7110559405985
10.6545251809219,180.018794126455,3.18637778828319
63.0851510819605,117.771229985077,4.47498169858892
613.487722429983,201.253646376258,4.44061795950282
249.147956267343,221.447369979491,3.76639299368686
578.419886654048,427.36668036538,3.65980414067569
302.280859123799,138.009943418302,3.83999259411
532.813938460981,456.299674176595,3.45377537773137
44.1606150619773,422.511626763854,4.1072548370871
182.78418743638,275.616896503161,4.17469023513637
555.532133456911,263.691364295438,3.67203680482286
167.38192882874,45.787479630208,4.01990457809583
500.415316000425,354.615268829481,4.52852950240994
31.522621703922,54.092388749577,4.06825004331893
533.792291461567,171.941072718759,4.19408384079486
NA,NA,NA
662.437558838831,335.16277254408,3.52662911951622
455.598152254607,300.740938324396,3.60555591676501
12.3438637426366,492.657631479603,3.71385405279657
558.917494846994,53.2055934165682,4.21974590521134
70.6086098511033,372.122678119868,3.94012398848759
223.856368883556,412.888350986927,3.92784377151846
428.116717518247,9.45693246508115,3.39286603593681
362.484442055491,295.775562728428,2.92559733977179
604.491536718459,110.857257561798,4.11372877527947
388.030316162429,232.631036564001,4.15976445109183
575.381910804001,407.894677314912,4.72000727616423
135.343787154869,278.551020050052,4.41001384502826
201.367856184022,369.494380294966,4.01125721487364
125.095533907412,408.935038917734,3.36678313872523
624.393641477245,312.873406303979,4.58973972088181
-3.94566193443222,147.10012678917,4.16050950240464
541.144248471903,202.634336786901,4.16629923461008
32.2728201541145,492.364967281817,3.04128505459939
280.898531695443,21.7574133752616,4.03474200331659
533.155318521699,391.462998725853,3.45344600756236
80.4097559613961,73.6387346467837,5.27368406032377
6.37930422235603,75.6359693904751,3.64403447496979
586.642578105247,226.73594191368,4.04026047159774
443.612711352499,468.285968721912,4.80359649569536
659.860673671164,373.833935170213,2.80269370042071
105.752968301299,482.46787309405,4.31294985098219
623.59277552264,89.4714626500046,4.10033316780794
421.218275314005,255.295651635179,3.7110559405985
10.6545251809219,180.018794126455,3.18637778828319
63.0851510819605,117.771229985077,4.47498169858892
613.487722429983,201.253646376258,4.44061795950282
249.147956267343,221.447369979491,3.76639299368686
578.419886654048,427.36668036538,3.65980414067569
302.280859123799,138.009943418302,3.83999259411
532.813938460981,456.299674176595,3.45377537773137
44.1606150619773,422.511626763854,4.1072548370871
182.78418743638,275.616896503161,4.17469023513637
555.532133456911,263.691364295438,3.67203680482286
167.38192882874,45.787479630208,4.01990457809583
500.415316000425,354.615268829481,4.52852950240994
31.522621703922,54.092388749577,4.06825004331893
533.792291461567,171.941072718759,4.19408384079486
NA,NA,NA
662.437558838831,335.16277254408,3.52662911951622
455.598152254607,300.740938324396,3.60555591676501
12.3438637426366,492.657631479603,3.71385405279657
558.917494846994,53.2055934165682,4.21974590521134
70.6086098511033,372.122678119868,3.94012398848759
223.856368883556,412.888350986927,3.92784377151846
428.116717518247,9.45693246508115,3.39286603593681
362.484442055491,295.775562728428,2.92559733977179
604.491536718459,110.857257561798,4.11372877527947
388.030316162429,232.631036564001,4.15976445109183
575.381910804001,407.894677314912,4.72000727616423
135.343787154869,278.551020050052,4.41001384502826
201.367856184022,369.494380294966,4.01125721487364
125.095533907412,408.935038917734,3.36678313872523
624.393641477245,312.873406303979,4.58973972088181
-3.94566193443222,147.10012678917,4.16050950240464
541.144248471903,202.634336786901,4.16629923461008
32.2728201541145,492.364967281817,3.04128505459939
280.898531695443,21.7574133752616,4.03474200331659
533.155318521699,391.462998725853,3.45344600756236
80.4097559613961,73.6387346467837,5.27368406032377
6.37930422235603,75.6359693904751,3.64403447496979
586.642578105247,226.73594191368,4.04026047159774
443.612711352499,468.285968721912,4.80359649569536
659.860673671164,373.833935170213,2.80269370042071
105.752968301299,482.46787309405,4.31294985098219
623.59277552264,89.4714626500046,4.10033316780794
421.218275314005,255.295651635179,3.7110559405985
10.6545251809219,180.018794126455,3.18637778828319
63.0851510819605,117.771229985077,4.47498169858892
613.487722429983,201.253646376258,4.44061795950282
249.147956267343,221.447369979491,3.76639299368686
578.419886654048,427.36668036538,3.65980414067569
302.280859123799,138.009943418302,3.83999259411
532.813938460981,456.299674176595,3.45377537773137
44.1606150619773,422.511626763854,4.1072548370871
182.78418743638,275.616896503161,4.17469023513637
555.532133456911,263.691364295438,3.67203680482286
167.38192882874,45.787479630208,4.01990457809583
500.415316000425,354.615268829481,4.52852950240994
31.522621703922,54.092388749577,4.06825004331893
533.792291461567,171.941072718759,4.19408384079486
NA,NA,NA
662.437558838831,335.16277254408,3.52662911951622
455.598152254607,300.740938324396,3.60555591676501
12.3438637426366,492.657631479603,3.71385405279657
558.917494846994,53.2055934165682,4.21974590521134
70.6086098511033,372.122678119868,3.94012398848759
223.856368883556,412.888350986927,3.92784377151846
428.116717518247,9.45693246508115,3.39286603593681
362.484442055491,295.775562728428,2.92559733977179
604.491536718459,110.857257561798,4.11372877527947
388.030316162429,232.631036564001,4.15976445109183
575.381910804001,407.894677314912,4.72000727616423
135.343787154869,278.551020050052,4.41001384502826
201.367856184022,369.494380294966,4.01125721487364
125.095533907412,408.935038917734,3.36678313872523
624.393641477245,312.873406303979,4.58973972088181
-3.94566193443222,147.10012678917,4.16050950240464
541.144248471903,202.634336786901,4.16629923461008
32.2728201541145,492.364967281817,3.04128505459939
280.898531695443,21.7574133752616,4.03474200331659
533.155318521699,391.462998725853,3.45344600756236
80.4097559613961,73.6387346467837,5.27368406032377
6.37930422235603,75.6359693904751,3.64403447496979
586.642578105247,226.73594191368,4.04026047159774
443.612711352499,468.285968721912,4.80359649569536
659.860673671164,373.833935170213,2.80269370042071
105.752968301299,482.46787309405,4.31294985098219
623.59277552264,89.4714626500046,4.10033316780794
421.218275314005,255.295651635179,3.7110559405985
10.6545251809219,180.018794126455,3.18637778828319
63.0851510819605,117.771229985077,4.47498169858892
613.487722429983,201.253646376258,4.44061795950282
249.147956267343,221.447369979491,3.76639299368686
578.419886654048,427.36668036538,3.65980414067569
302.280859123799,138.009943418302,3.83999259411
532.813938460981,456.299674176595,3.45377537773137
44.1606150619773,422.511626763854,4.1072548370871
182.78418743638,275.616896503161,4.17469023513637
555.532133456911,263.691364295438,3.67203680482286
167.38192882874,45.787479630208,4.01990457809583
500.415316000425,354.615268829481,4.52852950240994
31.522621703922,54.092388749577,4.06825004331893
533.792291461567,171.941072718759,4.19408384079486
NA,NA,NA
661.09951767182,334.152218944726,3.4533608680129
453.62387828896,303.593641839772,3.6676707716207
10.4841463840906,493.252020005691,3.51770484023588
562.021932313873,49.8943171441947,4.25296997907917
73.7532257302576,375.441112416066,3.96525382404734
228.724504120271,411.49517193003,3.96019836837303
428.680212937985,16.5828654514856,3.40664592678632
360.322914675982,290.528797230155,3.10171636062007
600.699069345903,103.160826872219,4.16856060061685
391.892526873104,226.932686250779,4.11567274291705
579.38662463038,405.313928651003,4.76982718551617
141.514045730541,275.31893044444,4.57881239508163
194.115485464068,365.621494380307,4.08108454815632
124.796525568299,407.052754682178,3.39191672419792
626.10960685165,311.500134329829,4.66779654735302
1.39493094558775,147.283313189866,4.28758769520386
542.77957151864,205.328015008781,4.26269729075724
35.0778865031086,491.153456933483,2.8872689172949
277.353934605163,23.8145549361575,3.79738402896227
532.303816141664,392.779274332469,3.28850101670999
73.0415521775933,73.9129212232532,5.21933755726799
6.53890948040406,75.1962015867495,3.25447582819347
590.142899309758,230.07094047815,4.02446144205211
433.845343823483,457.484590454006,4.72031958132713
657.513155444704,372.915936122996,3.20776854657743
105.98523917737,486.484411853502,4.35170232253399
623.35451587785,89.8833757430255,4.05659742655951
418.160180810603,259.229685352405,3.59634999012495
10.3079192246788,180.462603683187,3.37242482904394
58.5249804443716,118.768585463594,4.58579063727685
617.726414848607,194.950209670687,4.07824392549622
250.016015166983,226.419292722143,3.48271386562668
570.020590385514,433.049106862632,3.94648132882432
299.506755480841,141.844257981608,3.7792083240748
528.051817961866,456.646547053589,3.59587219333909
46.1266759966031,420.919713568355,3.76194089224655
202.470773905052,285.102935230763,4.2552593515102
551.658125698857,262.876105639155,3.56739435042223
168.360529098618,36.2017555727124,4.04384439555368
488.82756335068,341.916347706188,4.36571065314923
31.745298028727,53.9900380854664,3.66520310007612
528.871284871942,152.433606733385,4.68817038671403
NA,NA,NA
661.09951767182,334.152218944726,3.4533608680129
453.62387828896,303.593641839772,3.6676707716207
10.4841463840906,493.252020005691,3.51770484023588
562.021932313873,49.8943171441947,4.25296997907917
73.7532257302576,375.441112416066,3.96525382404734
228.724504120271,411.49517193003,3.96019836837303
428.680212937985,16.5828654514856,3.40664592678632
360.322914675982,290.528797230155,3.10171636062007
600.699069345903,103.160826872219,4.16856060061685
391.892526873104,226.932686250779,4.11567274291705
579.38662463038,405.313928651003,4.76982718551617
141.514045730541,275.31893044444,4.57881239508163
194.115485464068,365.621494380307,4.08108454815632
124.796525568299,407.052754682178,3.39191672419792
626.10960685165,311.500134329829,4.66779654735302
1.39493094558775,147.283313189866,4.28758769520386
542.77957151864,205.328015008781,4.26269729075724
35.0778865031086,491.153456933483,2.8872689172949
277.353934605163,23.8145549361575,3.79738402896227
532.303816141664,392.779274332469,3.28850101670999
73.0415521775933,73.9129212232532,5.21933755726799
6.53890948040406,75.1962015867495,3.25447582819347
590.142899309758,230.07094047815,4.02446144205211
433.845343823483,457.484590454006,4.72031958132713
657.513155444704,372.915936122996,3.20776854657743
105.98523917737,486.484411853502,4.35170232253399
623.35451587785,89.8833757430255,4.05659742655951
418.160180810603,259.229685352405,3.59634999012495
10.3079192246788,180.462603683187,3.37242482904394
58.5249804443716,118.768585463594,4.58579063727685
617.726414848607,194.950209670687,4.07824392549622
250.016015166983,226.419292722143,3.48271386562668
570.020590385514,433.049106862632,3.94648132882432
299.506755480841,141.844257981608,3.7792083240748
528.051817961866,456.646547053589,3.59587219333909
46.1266759966031,420.919713568355,3.76194089224655
202.470773905052,285.102935230763,4.2552593515102
551.658125698857,262.876105639155,3.56739435042223
168.360529098618,36.2017555727124,4.04384439555368
488.82756335068,341.916347706188,4.36571065314923
31.745298028727,53.9900380854664,3.66520310007612
528.871284871942,152.433606733385,4.68817038671403
NA,NA,NA
661.09951767182,334.152218944726,3.4533608680129
453.62387828896,303.593641839772,3.6676707716207
10.4841463840906,493.252020005691,3.51770484023588
562.021932313873,49.8943171441947,4.25296997907917
73.7532257302576,375.441112416066,3.96525382404734
228.724504120271,411.49517193003,3.96019836837303
428.680212937985,16.5828654514856,3.40664592678632
360.322914675982,290.528797230155,3.10171636062007
600.699069345903,103.160826872219,4.16856060061685
391.892526873104,226.932686250779,4.11567274291705
579.38662463038,405.313928651003,4.76982718551617
141.514045730541,275.31893044444,4.57881239508163
194.115485464068,365.621494380307,4.08108454815632
124.796525568299,407.052754682178,3.39191672419792
626.10960685165,311.500134329829,4.66779654735302
1.39493094558775,147.283313189866,4.28758769520386
542.77957151864,205.328015008781,4.26269729075724
35.0778865031086,491.153456933483,2.8872689172949
277.353934605163,23.8145549361575,3.79738402896227
532.303816141664,392.779274332469,3.28850101670999
73.0415521775933,73.9129212232532,5.21933755726799
6.53890948040406,75.1962015867495,3.25447582819347
590.142899309758,230.07094047815,4.02446144205211
433.845343823483,457.484590454006,4.72031958132713
657.513155444704,372.915936122996,3.20776854657743
105.98523917737,486.484411853502,4.35170232253399
623.35451587785,89.8833757430255,4.05659742655951
418.160180810603,259.229685352405,3.59634999012495
10.3079192246788,180.462603683187,3.37242482904394
58.5249804443716,118.768585463594,4.58579063727685
617.726414848607,194.950209670687,4.07824392549622
250.016015166983,226.419292722143,3.48271386562668
570.020590385514,433.049106862632,3.94648132882432
299.506755480841,141.844257981608,3.7792083240748
528.051817961866,456.646547053589,3.59587219333909
46.1266759966031,420.919713568355,3.76194089224655
202.470773905052,285.102935230763,4.2552593515102
551.658125698857,262.876105639155,3.56739435042223
168.360529098618,36.2017555727124,4.04384439555368
488.82756335068,341.916347706188,4.36571065314923
31.745298028727,53.9900380854664,3.66520310007612
528.871284871942,152.433606733385,4.68817038671403
NA,NA,NA
661.09951767182,334.152218944726,3.4533608680129
453.62387828896,303.593641839772,3.6676707716207
10.4841463840906,493.252020005691,3.51770484023588
562.021932313873,49.8943171441947,4.25296997907917
73.7532257302576,375.441112416066,3.96525382404734
228.724504120271,411.49517193003,3.96019836837303
428.680212937985,16.5828654514856,3.40664592678632
360.322914675982,290.528797230155,3.10171636062007
600.699069345903,103.160826872219,4.16856060061685
391.892526873104,226.932686250779,4.11567274291705
579.38662463038,405.313928651003,4.76982718551617
141.514045730541,275.31893044444,4.57881239508163
194.115485464068,365.621494380307,4.08108454815632
124.796525568299,407.052754682178,3.39191672419792
626.10960685165,311.500134329829,4.66779654735302
1.39493094558775,147.283313189866,4.28758769520386
542.77957151864,205.328015008781,4.26269729075724
35.0778865031086,491.153456933483,2.8872689172949
277.353934605163,23.8145549361575,3.79738402896227
532.303816141664,392.779274332469,3.28850101670999
73.0415521775933,73.9129212232532,5.21933755726799
6.53890948040406,75.1962015867495,3.25447582819347
590.142899309758,230.07094047815,4.02446144205211
433.845343823483,457.484590454006,4.72031958132713
657.513155444704,372.915936122996,3.20776854657743
105.98523917737,486.484411853502,4.35170232253399
623.35451587785,89.8833757430255,4.05659742655951
418.160180810603,259.229685352405,3.59634999012495
10.3079192246788,180.462603683187,3.37242482904394
58.5249804443716,118.768585463594,4.58579063727685
617.726414848607,194.950209670687,4.07824392549622
250.016015166983,226.419292722143,3.48271386562668
570.020590385514,433.049106862632,3.94648132882432
299.506755480841,141.844257981608,3.7792083240748
528.051817961866,456.646547053589,3.59587219333909
46.1266759966031,420.919713568355,3.76194089224655
202.470773905052,285.102935230763,4.2552593515102
551.658125698857,262.876105639155,3.56739435042223
168.360529098618,36.2017555727124,4.04384439555368
488.82756335068,341.916347706188,4.36571065314923
31.745298028727,53.9900380854664,3.66520310007612
528.871284871942,152.433606733385,4.68817038671403
NA,NA,NA
661.09951767182,334.152218944726,3.4533608680129
453.62387828896,303.593641839772,3.6676707716207
10.4841463840906,493.252020005691,3.51770484023588
562.021932313873,49.8943171441947,4.25296997907917
73.7532257302576,375.441112416066,3.96525382404734
228.724504120271,411.49517193003,3.96019836837303
428.680212937985,16.5828654514856,3.40664592678632
360.322914675982,290.528797230155,3.10171636062007
600.699069345903,103.160826872219,4.16856060061685
391.892526873104,226.932686250779,4.11567274291705
579.38662463038,405.313928651003,4.76982718551617
141.514045730541,275.31893044444,4.57881239508163
194.115485464068,365.621494380307,4.08108454815632
124.796525568299,407.052754682178,3.39191672419792
626.10960685165,311.500134329829,4.66779654735302
1.39493094558775,147.283313189866,4.28758769520386
542.77957151864,205.328015008781,4.26269729075724
35.0778865031086,491.153456933483,2.8872689172949
277.353934605163,23.8145549361575,3.79738402896227
532.303816141664,392.779274332469,3.28850101670999
73.0415521775933,73.9129212232532,5.21933755726799
6.53890948040406,75.1962015867495,3.25447582819347
590.142899309758,230.07094047815,4.02446144205211
433.845343823483,457.484590454006,4.72031958132713
657.513155444704,372.915936122996,3.20776854657743
105.98523917737,486.484411853502,4.35170232253399
623.35451587785,89.8833757430255,4.05659742655951
418.160180810603,259.229685352405,3.59634999012495
10.3079192246788,180.462603683187,3.37242482904394
58.5249804443716,118.768585463594,4.58579063727685
617.726414848607,194.950209670687,4.07824392549622
250.016015166983,226.419292722143,3.48271386562668
570.020590385514,433.049106862632,3.94648132882432
299.506755480841,141.844257981608,3.7792083240748
528.051817961866,456.646547053589,3.59587219333909
46.1266759966031,420.919713568355,3.76194089224655
202.470773905052,285.102935230763,4.2552593515102
551.658125698857,262.876105639155,3.56739435042223
168.360529098618,36.2017555727124,4.04384439555368
488.82756335068,341.916347706188,4.36571065314923
31.745298028727,53.9900380854664,3.66520310007612
528.871284871942,152.433606733385,4.68817038671403
NA,NA,NA
661.09951767182,334.152218944726,3.4533608680129
453.62387828896,303.593641839772,3.6676707716207
10.4841463840906,493.252020005691,3.51770484023588
562.021932313873,49.8943171441947,4.25296997907917
73.7532257302576,375.441112416066,3.96525382404734
228.724504120271,411.49517193003,3.96019836837303
428.680212937985,16.5828654514856,3.40664592678632
360.322914675982,290.528797230155,3.10171636062007
600.699069345903,103.160826872219,4.16856060061685
391.892526873104,226.932686250779,4.11567274291705
579.38662463038,405.313928651003,4.76982718551617
141.514045730541,275.31893044444,4.57881239508163
194.115485464068,365.621494380307,4.08108454815632
124.796525568299,407.052754682178,3.39191672419792
626.10960685165,311.500134329829,4.66779654735302
1.39493094558775,147.283313189866,4.28758769520386
542.77957151864,205.328015008781,4.26269729075724
35.0778865031086,491.153456933483,2.8872689172949
277.353934605163,23.8145549361575,3.79738402896227
532.303816141664,392.779274332469,3.28850101670999
73.0415521775933,73.9129212232532,5.21933755726799
6.53890948040406,75.1962015867495,3.25447582819347
590.142899309758,230.07094047815,4.02446144205211
433.845343823483,457.484590454006,4.72031958132713
657.513155444704,372.915936122996,3.20776854657743
105.98523917737,486.484411853502,4.35170232253399
623.35451587785,89.8833757430255,4.05659742655951
418.160180810603,259.229685352405,3.59634999012495
10.3079192246788,180.462603683187,3.37242482904394
58.5249804443716,118.768585463594,4.58579063727685
617.726414848607,194.950209670687,4.07824392549622
250.016015166983,226.419292722143,3.48271386562668
570.020590385514,433.049106862632,3.94648132882432
299.506755480841,141.844257981608,3.7792083240748
528.051817961866,456.646547053589,3.59587219333909
46.1266759966031,420.919713568355,3.76194089224655
202.470773905052,285.102935230763,4.2552593515102
551.658125698857,262.876105639155,3.56739435042223
168.360529098618,36.2017555727124,4.04384439555368
488.82756335068,341.916347706188,4.36571065314923
31.745298028727,53.9900380854664,3.66520310007612
528.871284871942,152.433606733385,4.68817038671403
NA,NA,NA
659.881174462638,335.644402710324,3.62615164463513
454.699135900935,300.720046288967,3.65109202821851
7.99354996078055,495.863043893425,3.46346086721121
561.911445363473,49.1033519421336,4.08048044498284
68.367626808365,375.020081068671,3.94147293414138
226.933834127881,417.22234658488,3.8853353415784
428.393665629737,12.4542935172275,3.35510052932883
363.435753302196,292.574924586339,3.07516188567014
603.447931200899,101.288130520317,4.51888352668681
391.603203903727,228.987251672344,4.26137954640227
563.305030701842,409.067156882729,4.73499356678965
140.090159742734,285.612843239014,4.60717185720883
197.445851095169,367.887535070965,4.08218827344401
125.823112346617,408.533051407287,3.5354156442819
632.381680712653,318.478525552113,4.6149024751965
2.72134890157005,150.380309126982,4.18356538475455
546.250138072757,201.796916283689,4.29086587081635
33.6029994515591,492.464352855291,2.9088783780425
277.252525634855,22.7341922906387,3.80354445891765
535.025510007816,393.734357551565,3.41355982929273
71.9120732908222,79.0317759746599,5.2627081450599
7.78708557580355,76.3063521671383,3.57006922869163
590.982880607715,228.090364297984,4.00475739571167
443.029094954907,459.354077913885,4.82489275292547
657.847664117282,372.274572313113,2.97098422821476
109.668022304968,485.07624777043,4.30576570850914
626.149936374496,90.1984939290004,4.10816562135432
418.082468833734,260.939076472987,3.68043554249727
10.4420945015221,180.339180260266,3.14706724234522
74.7192500319588,116.452567868945,4.69895919766333
610.388825720348,198.567805397153,4.31473226401674
261.842579919967,213.521463615343,4.00729463345605
577.200412635769,437.150750628104,3.84404089290461
303.156038063647,133.928738209973,3.87906416239477
529.751719833532,451.896130160778,3.4117236300392
49.9421614685906,408.419270570834,3.90917503831013
199.281270915121,287.892592750855,3.81859165817586
551.351589377149,258.457399713057,3.82969144737687
166.84067543952,36.810395097127,4.53145888188457
497.950147695974,346.852207855243,4.53821508681026
27.3629808243522,55.681533924714,3.86825934300765
529.849948250897,144.915500824558,4.43046403625714
NA,NA,NA
659.881174462638,335.644402710324,3.62615164463513
454.699135900935,300.720046288967,3.65109202821851
7.99354996078055,495.863043893425,3.46346086721121
561.911445363473,49.1033519421336,4.08048044498284
68.367626808365,375.020081068671,3.94147293414138
226.933834127881,417.22234658488,3.8853353415784
428.393665629737,12.4542935172275,3.35510052932883
363.435753302196,292.574924586339,3.07516188567014
603.447931200899,101.288130520317,4.51888352668681
391.603203903727,228.987251672344,4.26137954640227
563.305030701842,409.067156882729,4.73499356678965
140.090159742734,285.612843239014,4.60717185720883
197.445851095169,367.887535070965,4.08218827344401
125.823112346617,408.533051407287,3.5354156442819
632.381680712653,318.478525552113,4.6149024751965
2.72134890157005,150.380309126982,4.18356538475455
546.250138072757,201.796916283689,4.29086587081635
33.6029994515591,492.464352855291,2.9088783780425
277.252525634855,22.7341922906387,3.80354445891765
535.025510007816,393.734357551565,3.41355982929273
71.9120732908222,79.0317759746599,5.2627081450599
7.78708557580355,76.3063521671383,3.57006922869163
590.982880607715,228.090364297984,4.00475739571167
443.029094954907,459.354077913885,4.82489275292547
657.847664117282,372.274572313113,2.97098422821476
109.668022304968,485.07624777043,4.30576570850914
626.149936374496,90.1984939290004,4.10816562135432
418.082468833734,260.939076472987,3.68043554249727
10.4420945015221,180.339180260266,3.14706724234522
74.7192500319588,116.452567868945,4.69895919766333
610.388825720348,198.567805397153,4.31473226401674
261.842579919967,213.521463615343,4.00729463345605
577.200412635769,437.150750628104,3.84404089290461
303.156038063647,133.928738209973,3.87906416239477
529.751719833532,451.896130160778,3.4117236300392
49.9421614685906,408.419270570834,3.90917503831013
199.281270915121,287.892592750855,3.81859165817586
551.351589377149,258.457399713057,3.82969144737687
166.84067543952,36.810395097127,4.53145888188457
497.950147695974,346.852207855243,4.53821508681026
27.3629808243522,55.681533924714,3.86825934300765
529.849948250897,144.915500824558,4.43046403625714
NA,NA,NA
659.881174462638,335.644402710324,3.62615164463513
454.699135900935,300.720046288967,3.65109202821851
7.99354996078055,495.863043893425,3.46346086721121
561.911445363473,49.1033519421336,4.08048044498284
68.367626808365,375.020081068671,3.94147293414138
226.933834127881,417.22234658488,3.8853353415784
428.393665629737,12.4542935172275,3.35510052932883
363.435753302196,292.574924586339,3.07516188567014
603.447931200899,101.288130520317,4.51888352668681
391.603203903727,228.987251672344,4.26137954640227
563.305030701842,409.067156882729,4.73499356678965
140.090159742734,285.612843239014,4.60717185720883
197.445851095169,367.887535070965,4.08218827344401
125.823112346617,408.533051407287,3.5354156442819
632.381680712653,318.478525552113,4.6149024751965
2.72134890157005,150.380309126982,4.18356538475455
546.250138072757,201.796916283689,4.29086587081635
33.6029994515591,492.464352855291,2.9088783780425
277.252525634855,22.7341922906387,3.80354445891765
535.025510007816,393.734357551565,3.41355982929273
71.9120732908222,79.0317759746599,5.2627081450599
7.78708557580355,76.3063521671383,3.57006922869163
590.982880607715,228.090364297984,4.00475739571167
443.029094954907,459.354077913885,4.82489275292547
657.847664117282,372.274572313113,2.97098422821476
109.668022304968,485.07624777043,4.30576570850914
626.149936374496,90.1984939290004,4.10816562135432
418.082468833734,260.939076472987,3.68043554249727
10.4420945015221,180.339180260266,3.14706724234522
74.7192500319588,116.452567868945,4.69895919766333
610.388825720348,198.567805397153,4.31473226401674
261.842579919967,213.521463615343,4.00729463345605
577.200412635769,437.150750628104,3.84404089290461
303.156038063647,133.928738209973,3.87906416239477
529.751719833532,451.896130160778,3.4117236300392
49.9421614685906,408.419270570834,3.90917503831013
199.281270915121,287.892592750855,3.81859165817586
551.351589377149,258.457399713057,3.82969144737687
166.84067543952,36.810395097127,4.53145888188457
497.950147695974,346.852207855243,4.53821508681026
27.3629808243522,55.681533924714,3.86825934300765
529.849948250897,144.915500824558,4.43046403625714
NA,NA,NA
659.881174462638,335.644402710324,3.62615164463513
454.699135900935,300.720046288967,3.65109202821851
7.99354996078055,495.863043893425,3.46346086721121
561.911445363473,49.1033519421336,4.08048044498284
68.367626808365,375.020081068671,3.94147293414138
226.933834127881,417.22234658488,3.8853353415784
428.393665629737,12.4542935172275,3.35510052932883
363.435753302196,292.574924586339,3.07516188567014
603.447931200899,101.288130520317,4.51888352668681
391.603203903727,228.987251672344,4.26137954640227
563.305030701842,409.067156882729,4.73499356678965
140.090159742734,285.612843239014,4.60717185720883
197.445851095169,367.887535070965,4.08218827344401
125.823112346617,408.533051407287,3.5354156442819
632.381680712653,318.478525552113,4.6149024751965
2.72134890157005,150.380309126982,4.18356538475455
546.250138072757,201.796916283689,4.29086587081635
33.6029994515591,492.464352855291,2.9088783780425
277.252525634855,22.7341922906387,3.80354445891765
535.025510007816,393.734357551565,3.41355982929273
71.9120732908222,79.0317759746599,5.2627081450599
7.78708557580355,76.3063521671383,3.57006922869163
590.982880607715,228.090364297984,4.00475739571167
443.029094954907,459.354077913885,4.82489275292547
657.847664117282,372.274572313113,2.97098422821476
109.668022304968,485.07624777043,4.30576570850914
626.149936374496,90.1984939290004,4.10816562135432
418.082468833734,260.939076472987,3.68043554249727
10.4420945015221,180.339180260266,3.14706724234522
74.7192500319588,116.452567868945,4.69895919766333
610.388825720348,198.567805397153,4.31473226401674
261.842579919967,213.521463615343,4.00729463345605
577.200412635769,437.150750628104,3.84404089290461
303.156038063647,133.928738209973,3.87906416239477
529.751719833532,451.896130160778,3.4117236300392
49.9421614685906,408.419270570834,3.90917503831013
199.281270915121,287.892592750855,3.81859165817586
551.351589377149,258.457399713057,3.82969144737687
166.84067543952,36.810395097127,4.53145888188457
497.950147695974,346.852207855243,4.53821508681026
27.3629808243522,55.681533924714,3.86825934300765
529.849948250897,144.915500824558,4.43046403625714
NA,NA,NA
659.881174462638,335.644402710324,3.62615164463513
454.699135900935,300.720046288967,3.65109202821851
7.99354996078055,495.863043893425,3.46346086721121
561.911445363473,49.1033519421336,4.08048044498284
68.367626808365,375.020081068671,3.94147293414138
226.933834127881,417.22234658488,3.8853353415784
428.393665629737,12.4542935172275,3.35510052932883
363.435753302196,292.574924586339,3.07516188567014
603.447931200899,101.288130520317,4.51888352668681
391.603203903727,228.987251672344,4.26137954640227
563.305030701842,409.067156882729,4.73499356678965
140.090159742734,285.612843239014,4.60717185720883
197.445851095169,367.887535070965,4.08218827344401
125.823112346617,408.533051407287,3.5354156442819
632.381680712653,318.478525552113,4.6149024751965
2.72134890157005,150.380309126982,4.18356538475455
546.250138072757,201.796916283689,4.29086587081635
33.6029994515591,492.464352855291,2.9088783780425
277.252525634855,22.7341922906387,3.80354445891765
535.025510007816,393.734357551565,3.41355982929273
71.9120732908222,79.0317759746599,5.2627081450599
7.78708557580355,76.3063521671383,3.57006922869163
590.982880607715,228.090364297984,4.00475739571167
443.029094954907,459.354077913885,4.82489275292547
657.847664117282,372.274572313113,2.97098422821476
109.668022304968,485.07624777043,4.30576570850914
626.149936374496,90.1984939290004,4.10816562135432
418.082468833734,260.939076472987,3.68043554249727
10.4420945015221,180.339180260266,3.14706724234522
74.7192500319588,116.452567868945,4.69895919766333
610.388825720348,198.567805397153,4.31473226401674
261.842579919967,213.521463615343,4.00729463345605
577.200412635769,437.150750628104,3.84404089290461
303.156038063647,133.928738209973,3.87906416239477
529.751719833532,451.896130160778,3.4117236300392
49.9421614685906,408.419270570834,3.90917503831013
199.281270915121,287.892592750855,3.81859165817586
551.351589377149,258.457399713057,3.82969144737687
166.84067543952,36.810395097127,4.53145888188457
497.950147695974,346.852207855243,4.53821508681026
27.3629808243522,55.681533924714,3.86825934300765
529.849948250897,144.915500824558,4.43046403625714
NA,NA,NA
659.881174462638,335.644402710324,3.62615164463513
454.699135900935,300.720046288967,3.65109202821851
7.99354996078055,495.863043893425,3.46346086721121
561.911445363473,49.1033519421336,4.08048044498284
68.367626808365,375.020081068671,3.94147293414138
226.933834127881,417.22234658488,3.8853353415784
428.393665629737,12.4542935172275,3.35510052932883
363.435753302196,292.574924586339,3.07516188567014
603.447931200899,101.288130520317,4.51888352668681
391.603203903727,228.987251672344,4.26137954640227
563.305030701842,409.067156882729,4.73499356678965
140.090159742734,285.612843239014,4.60717185720883
197.445851095169,367.887535070965,4.08218827344401
125.823112346617,408.533051407287,3.5354156442819
632.381680712653,318.478525552113,4.6149024751965
2.72134890157005,150.380309126982,4.18356538475455
546.250138072757,201.796916283689,4.29086587081635
33.6029994515591,492.464352855291,2.9088783780425
277.252525634855,22.7341922906387,3.80354445891765
535.025510007816,393.734357551565,3.41355982929273
71.9120732908222,79.0317759746599,5.2627081450599
7.78708557580355,76.3063521671383,3.57006922869163
590.982880607715,228.090364297984,4.00475739571167
443.029094954907,459.354077913885,4.82489275292547
657.847664117282,372.274572313113,2.97098422821476
109.668022304968,485.07624777043,4.30576570850914
626.149936374496,90.1984939290004,4.10816562135432
418.082468833734,260.939076472987,3.68043554249727
10.4420945015221,180.339180260266,3.14706724234522
74.7192500319588,116.452567868945,4.69895919766333
610.388825720348,198.567805397153,4.31473226401674
261.842579919967,213.521463615343,4.00729463345605
577.200412635769,437.150750628104,3.84404089290461
303.156038063647,133.928738209973,3.87906416239477
529.751719833532,451.896130160778,3.4117236300392
49.9421614685906,408.419270570834,3.90917503831013
199.281270915121,287.892592750855,3.81859165817586
551.351589377149,258.457399713057,3.82969144737687
166.84067543952,36.810395097127,4.53145888188457
497.950147695974,346.852207855243,4.53821508681026
27.3629808243522,55.681533924714,3.86825934300765
529.849948250897,144.915500824558,4.43046403625714
NA,NA,NA
658.018997450594,333.048390775143,3.37028918829842
452.139110722709,300.898416729788,3.57280127666311
12.7188703409888,494.255869831196,3.6229801386689
561.724718994826,52.6440859927534,4.26974348309815
72.7382890616099,376.070993337721,4.11007420709305
230.881727469834,419.754619386631,3.8581794455537
428.477715041545,11.9205825846719,3.20931442896918
360.856432477065,293.990582897279,2.94437350081071
603.112320938158,102.631789849464,4.3327711490425
395.10244284133,231.388747651999,4.25240238151538
565.339360349359,417.340021306393,4.7452439413552
136.386985111,278.895712656483,4.7086217585903
201.400744939506,363.970202870915,4.05709649410356
124.324631771187,413.384834339116,3.51292627636456
623.158453374631,314.22059601787,4.5187484646665
2.13486866065898,146.02887087882,4.28266528879041
538.942987474615,204.624659761156,4.15708870238951
35.4708655007087,492.128701346936,2.94538954327641
278.780393229148,27.451323497479,3.8605836537457
536.512468518579,392.672669050859,3.60500982787606
79.5390571443891,71.2528403191327,5.24605918549799
1.66997587835709,76.9142962831276,3.55520147376507
586.25843691725,223.759694016948,4.01176893901095
438.549262828017,459.232141291353,4.70924604770871
657.998790666279,373.464768220979,3.12993849301356
106.108600228516,487.994542530283,4.43518203016421
623.432654270394,89.8463772316352,4.02651074604048
419.08981757688,256.20347844452,3.60114320434284
13.5959905149138,180.752291593859,3.1466611920064
62.5496366426668,108.386524281332,4.42270850506586
614.025342388708,213.316193165518,4.29604344591674
252.949828884051,215.868778427882,3.92529207513522
569.668427022973,437.65627405115,3.89467840241907
300.563965017259,139.922110884222,3.91941211140845
528.641510464225,454.517384185042,3.49613731484369
45.6572365996655,423.557818665898,3.89523097985341
201.359638685901,292.312054875903,4.34578083016623
553.502270879162,261.138403633604,3.69899490913338
183.302461938505,20.013252699262,3.84834313957804
498.434640909847,334.903297700811,4.59086504993248
33.5014975275024,49.3960995774113,3.87941789641809
532.925077113887,159.490340298034,4.73794010257358
NA,NA,NA
658.018997450594,333.048390775143,3.37028918829842
452.139110722709,300.898416729788,3.57280127666311
12.7188703409888,494.255869831196,3.6229801386689
561.724718994826,52.6440859927534,4.26974348309815
72.7382890616099,376.070993337721,4.11007420709305
230.881727469834,419.754619386631,3.8581794455537
428.477715041545,11.9205825846719,3.20931442896918
360.856432477065,293.990582897279,2.94437350081071
603.112320938158,102.631789849464,4.3327711490425
395.10244284133,231.388747651999,4.25240238151538
565.339360349359,417.340021306393,4.7452439413552
136.386985111,278.895712656483,4.7086217585903
201.400744939506,363.970202870915,4.05709649410356
124.324631771187,413.384834339116,3.51292627636456
623.158453374631,314.22059601787,4.5187484646665
2.13486866065898,146.02887087882,4.28266528879041
538.942987474615,204.624659761156,4.15708870238951
35.4708655007087,492.128701346936,2.94538954327641
278.780393229148,27.451323497479,3.8605836537457
536.512468518579,392.672669050859,3.60500982787606
79.5390571443891,71.2528403191327,5.24605918549799
1.66997587835709,76.9142962831276,3.55520147376507
586.25843691725,223.759694016948,4.01176893901095
438.549262828017,459.232141291353,4.70924604770871
657.998790666279,373.464768220979,3.12993849301356
106.108600228516,487.994542530283,4.43518203016421
623.432654270394,89.8463772316352,4.02651074604048
419.08981757688,256.20347844452,3.60114320434284
13.5959905149138,180.752291593859,3.1466611920064
62.5496366426668,108.386524281332,4.42270850506586
614.025342388708,213.316193165518,4.29604344591674
252.949828884051,215.868778427882,3.92529207513522
569.668427022973,437.65627405115,3.89467840241907
300.563965017259,139.922110884222,3.91941211140845
528.641510464225,454.517384185042,3.49613731484369
45.6572365996655,423.557818665898,3.89523097985341
201.359638685901,292.312054875903,4.34578083016623
553.502270879162,261.138403633604,3.69899490913338
183.302461938505,20.013252699262,3.84834313957804
498.434640909847,334.903297700811,4.59086504993248
33.5014975275024,49.3960995774113,3.87941789641809
532.925077113887,159.490340298034,4.73794010257358
NA,NA,NA
658.018997450594,333.048390775143,3.37028918829842
452.139110722709,300.898416729788,3.57280127666311
12.7188703409888,494.255869831196,3.6229801386689
561.724718994826,52.6440859927534,4.26974348309815
72.7382890616099,376.070993337721,4.11007420709305
230.881727469834,419.754619386631,3.8581794455537
428.477715041545,11.9205825846719,3.20931442896918
360.856432477065,293.990582897279,2.94437350081071
603.112320938158,102.631789849464,4.3327711490425
395.10244284133,231.388747651999,4.25240238151538
565.339360349359,417.340021306393,4.7452439413552
136.386985111,278.895712656483,4.7086217585903
201.400744939506,363.970202870915,4.05709649410356
124.324631771187,413.384834339116,3.51292627636456
623.158453374631,314.22059601787,4.5187484646665
2.13486866065898,146.02887087882,4.28266528879041
538.942987474615,204.624659761156,4.15708870238951
35.4708655007087,492.128701346936,2.94538954327641
278.780393229148,27.451323497479,3.8605836537457
536.512468518579,392.672669050859,3.60500982787606
79.5390571443891,71.2528403191327,5.24605918549799
1.66997587835709,76.9142962831276,3.55520147376507
586.25843691725,223.759694016948,4.01176893901095
438.549262828017,459.232141291353,4.70924604770871
657.998790666279,373.464768220979,3.12993849301356
106.108600228516,487.994542530283,4.43518203016421
623.432654270394,89.8463772316352,4.02651074604048
419.08981757688,256.20347844452,3.60114320434284
13.5959905149138,180.752291593859,3.1466611920064
62.5496366426668,108.386524281332,4.42270850506586
614.025342388708,213.316193165518,4.29604344591674
252.949828884051,215.868778427882,3.92529207513522
569.668427022973,437.65627405115,3.89467840241907
300.563965017259,139.922110884222,3.91941211140845
528.641510464225,454.517384185042,3.49613731484369
45.6572365996655,423.557818665898,3.89523097985341
201.359638685901,292.312054875903,4.34578083016623
553.502270879162,261.138403633604,3.69899490913338
183.302461938505,20.013252699262,3.84834313957804
498.434640909847,334.903297700811,4.59086504993248
33.5014975275024,49.3960995774113,3.87941789641809
532.925077113887,159.490340298034,4.73794010257358
NA,NA,NA
658.018997450594,333.048390775143,3.37028918829842
452.139110722709,300.898416729788,3.57280127666311
12.7188703409888,494.255869831196,3.6229801386689
561.724718994826,52.6440859927534,4.26974348309815
72.7382890616099,376.070993337721,4.11007420709305
230.881727469834,419.754619386631,3.8581794455537
428.477715041545,11.9205825846719,3.20931442896918
360.856432477065,293.990582897279,2.94437350081071
603.112320938158,102.631789849464,4.3327711490425
395.10244284133,231.388747651999,4.25240238151538
565.339360349359,417.340021306393,4.7452439413552
136.386985111,278.895712656483,4.7086217585903
201.400744939506,363.970202870915,4.05709649410356
124.324631771187,413.384834339116,3.51292627636456
623.158453374631,314.22059601787,4.5187484646665
2.13486866065898,146.02887087882,4.28266528879041
538.942987474615,204.624659761156,4.15708870238951
35.4708655007087,492.128701346936,2.94538954327641
278.780393229148,27.451323497479,3.8605836537457
536.512468518579,392.672669050859,3.60500982787606
79.5390571443891,71.2528403191327,5.24605918549799
1.66997587835709,76.9142962831276,3.55520147376507
586.25843691725,223.759694016948,4.01176893901095
438.549262828017,459.232141291353,4.70924604770871
657.998790666279,373.464768220979,3.12993849301356
106.108600228516,487.994542530283,4.43518203016421
623.432654270394,89.8463772316352,4.02651074604048
419.08981757688,256.20347844452,3.60114320434284
13.5959905149138,180.752291593859,3.1466611920064
62.5496366426668,108.386524281332,4.42270850506586
614.025342388708,213.316193165518,4.29604344591674
252.949828884051,215.868778427882,3.92529207513522
569.668427022973,437.65627405115,3.89467840241907
300.563965017259,139.922110884222,3.91941211140845
528.641510464225,454.517384185042,3.49613731484369
45.6572365996655,423.557818665898,3.89523097985341
201.359638685901,292.312054875903,4.34578083016623
553.502270879162,261.138403633604,3.69899490913338
183.302461938505,20.013252699262,3.84834313957804
498.434640909847,334.903297700811,4.59086504993248
33.5014975275024,49.3960995774113,3.87941789641809
532.925077113887,159.490340298034,4.73794010257358
NA,NA,NA
658.018997450594,333.048390775143,3.37028918829842
452.139110722709,300.898416729788,3.57280127666311
12.7188703409888,494.255869831196,3.6229801386689
561.724718994826,52.6440859927534,4.26974348309815
72.7382890616099,376.070993337721,4.11007420709305
230.881727469834,419.754619386631,3.8581794455537
428.477715041545,11.9205825846719,3.20931442896918
360.856432477065,293.990582897279,2.94437350081071
603.112320938158,102.631789849464,4.3327711490425
395.10244284133,231.388747651999,4.25240238151538
565.339360349359,417.340021306393,4.7452439413552
136.386985111,278.895712656483,4.7086217585903
201.400744939506,363.970202870915,4.05709649410356
124.324631771187,413.384834339116,3.51292627636456
623.158453374631,314.22059601787,4.5187484646665
2.13486866065898,146.02887087882,4.28266528879041
538.942987474615,204.624659761156,4.15708870238951
35.4708655007087,492.128701346936,2.94538954327641
278.780393229148,27.451323497479,3.8605836537457
536.512468518579,392.672669050859,3.60500982787606
79.5390571443891,71.2528403191327,5.24605918549799
1.66997587835709,76.9142962831276,3.55520147376507
586.25843691725,223.759694016948,4.01176893901095
438.549262828017,459.232141291353,4.70924604770871
657.998790666279,373.464768220979,3.12993849301356
106.108600228516,487.994542530283,4.43518203016421
623.432654270394,89.8463772316352,4.02651074604048
419.08981757688,256.20347844452,3.60114320434284
13.5959905149138,180.752291593859,3.1466611920064
62.5496366426668,108.386524281332,4.42270850506586
614.025342388708,213.316193165518,4.29604344591674
252.949828884051,215.868778427882,3.92529207513522
569.668427022973,437.65627405115,3.89467840241907
300.563965017259,139.922110884222,3.91941211140845
528.641510464225,454.517384185042,3.49613731484369
45.6572365996655,423.557818665898,3.89523097985341
201.359638685901,292.312054875903,4.34578083016623
553.502270879162,261.138403633604,3.69899490913338
183.302461938505,20.013252699262,3.84834313957804
498.434640909847,334.903297700811,4.59086504993248
33.5014975275024,49.3960995774113,3.87941789641809
532.925077113887,159.490340298034,4.73794010257358
NA,NA,NA
658.018997450594,333.048390775143,3.37028918829842
452.139110722709,300.898416729788,3.57280127666311
12.7188703409888,494.255869831196,3.6229801386689
561.724718994826,52.6440859927534,4.26974348309815
72.7382890616099,376.070993337721,4.11007420709305
230.881727469834,419.754619386631,3.8581794455537
428.477715041545,11.9205825846719,3.20931442896918
360.856432477065,293.990582897279,2.94437350081071
603.112320938158,102.631789849464,4.3327711490425
395.10244284133,231.388747651999,4.25240238151538
565.339360349359,417.340021306393,4.7452439413552
136.386985111,278.895712656483,4.7086217585903
201.400744939506,363.970202870915,4.05709649410356
124.324631771187,413.384834339116,3.51292627636456
623.158453374631,314.22059601787,4.5187484646665
2.13486866065898,146.02887087882,4.28266528879041
538.942987474615,204.624659761156,4.15708870238951
35.4708655007087,492.128701346936,2.94538954327641
278.780393229148,27.451323497479,3.8605836537457
536.512468518579,392.672669050859,3.60500982787606
79.5390571443891,71.2528403191327,5.24605918549799
1.66997587835709,76.9142962831276,3.55520147376507
586.25843691725,223.759694016948,4.01176893901095
438.549262828017,459.232141291353,4.70924604770871
657.998790666279,373.464768220979,3.12993849301356
106.108600228516,487.994542530283,4.43518203016421
623.432654270394,89.8463772316352,4.02651074604048
419.08981757688,256.20347844452,3.60114320434284
13.5959905149138,180.752291593859,3.1466611920064
62.5496366426668,108.386524281332,4.42270850506586
614.025342388708,213.316193165518,4.29604344591674
252.949828884051,215.868778427882,3.92529207513522
569.668427022973,437.65627405115,3.89467840241907
300.563965017259,139.922110884222,3.91941211140845
528.641510464225,454.517384185042,3.49613731484369
45.6572365996655,423.557818665898,3.89523097985341
201.359638685901,292.312054875903,4.34578083016623
553.502270879162,261.138403633604,3.69899490913338
183.302461938505,20.013252699262,3.84834313957804
498.434640909847,334.903297700811,4.59086504993248
33.5014975275024,49.3960995774113,3.87941789641809
532.925077113887,159.490340298034,4.73794010257358
NA,NA,NA
657.115963239974,335.852091998515,3.51996121547656
455.204707824699,301.306863152519,3.65069844606062
11.7329025796029,497.062889538142,3.59551313344095
567.045916943806,48.5894844172565,4.2287483911603
70.0686097814424,379.448114758555,3.94807987389716
225.998145539982,414.317206761599,3.89171970244517
428.425061633818,13.4731487509963,3.45539536084476
361.926579936185,291.588334864315,3.22268042815089
602.335747293686,106.082066347138,4.20217435507495
390.709285574385,229.45031518766,4.24582924756829
569.434737203274,413.500985861517,4.7352205572596
138.605900384366,281.919097573745,4.40735152425397
198.5318496886,363.555540462258,4.10709212957413
119.061576297778,412.252744835028,3.37196747560876
626.050866509588,317.571367469859,4.59636287042465
-1.55629594031147,148.774631667299,4.31099993442352
545.877989032569,205.164616679762,4.09808704777768
34.2546591942087,492.221187840876,3.01044212801485
279.564797343916,24.0562518297153,3.99751104094404
533.496752890902,390.452963735141,3.37899915435382
64.9342185687341,75.3396456061514,5.26854585299315
4.82442561514007,77.2055056214388,3.37707203007548
589.714528511079,227.640682251871,3.96365474023012
437.732847423645,455.887742353708,4.85526068336754
658.41937878575,372.075833399233,3.12794524605205
108.838114709694,486.15496523042,4.37866197231734
621.55205818123,89.5068308456194,4.05399384586547
421.321341701399,259.785251304753,3.67921107720244
11.6751941272109,182.588919841701,3.32894388108684
66.5381853809302,110.33700023825,4.28405664966558
619.63959951604,200.52002662297,3.95748206017677
245.150803202525,211.688650012221,3.88874129637798
574.036475632712,428.113674639006,4.14746461962437
296.904181154859,135.738095521115,3.94573392828377
531.876733107033,453.596977178682,3.66734577514268
47.5782925558355,416.294362385795,3.84094481865991
197.003678769358,290.226234069204,4.27440922183207
536.611484902415,262.452674908517,3.70069969897953
169.257807023834,38.9633539027345,4.29605619366718
503.830530153353,350.759302464433,4.68179653366742
36.1911576433548,46.3879740348646,3.95338479297685
529.361460992907,148.659535334261,4.63315345495956
NA,NA,NA
657.115963239974,335.852091998515,3.51996121547656
455.204707824699,301.306863152519,3.65069844606062
11.7329025796029,497.062889538142,3.59551313344095
567.045916943806,48.5894844172565,4.2287483911603
70.0686097814424,379.448114758555,3.94807987389716
225.998145539982,414.317206761599,3.89171970244517
428.425061633818,13.4731487509963,3.45539536084476
361.926579936185,291.588334864315,3.22268042815089
602.335747293686,106.082066347138,4.20217435507495
390.709285574385,229.45031518766,4.24582924756829
569.434737203274,413.500985861517,4.7352205572596
138.605900384366,281.919097573745,4.40735152425397
198.5318496886,363.555540462258,4.10709212957413
119.061576297778,412.252744835028,3.37196747560876
626.050866509588,317.571367469859,4.59636287042465
-1.55629594031147,148.774631667299,4.31099993442352
545.877989032569,205.164616679762,4.09808704777768
34.2546591942087,492.221187840876,3.01044212801485
279.564797343916,24.0562518297153,3.99751104094404
533.496752890902,390.452963735141,3.37899915435382
64.9342185687341,75.3396456061514,5.26854585299315
4.82442561514007,77.2055056214388,3.37707203007548
589.714528511079,227.640682251871,3.96365474023012
437.732847423645,455.887742353708,4.85526068336754
658.41937878575,372.075833399233,3.12794524605205
108.838114709694,486.15496523042,4.37866197231734
621.55205818123,89.5068308456194,4.05399384586547
421.321341701399,259.785251304753,3.67921107720244
11.6751941272109,182.588919841701,3.32894388108684
66.5381853809302,110.33700023825,4.28405664966558
619.63959951604,200.52002662297,3.95748206017677
245.150803202525,211.688650012221,3.88874129637798
574.036475632712,428.113674639006,4.14746461962437
296.904181154859,135.738095521115,3.94573392828377
531.876733107033,453.596977178682,3.66734577514268
47.5782925558355,416.294362385795,3.84094481865991
197.003678769358,290.226234069204,4.27440922183207
536.611484902415,262.452674908517,3.70069969897953
169.257807023834,38.9633539027345,4.29605619366718
503.830530153353,350.759302464433,4.68179653366742
36.1911576433548,46.3879740348646,3.95338479297685
529.361460992907,148.659535334261,4.63315345495956
NA,NA,NA
657.115963239974,335.852091998515,3.51996121547656
455.204707824699,301.306863152519,3.65069844606062
11.7329025796029,497.062889538142,3.59551313344095
567.045916943806,48.5894844172565,4.2287483911603
70.0686097814424,379.448114758555,3.94807987389716
225.998145539982,414.317206761599,3.89171970244517
428.425061633818,13.4731487509963,3.45539536084476
361.926579936185,291.588334864315,3.22268042815089
602.335747293686,106.082066347138,4.20217435507495
390.709285574385,229.45031518766,4.24582924756829
569.434737203274,413.500985861517,4.7352205572596
138.605900384366,281.919097573745,4.40735152425397
198.5318496886,363.555540462258,4.10709212957413
119.061576297778,412.252744835028,3.37196747560876
626.050866509588,317.571367469859,4.59636287042465
-1.55629594031147,148.774631667299,4.31099993442352
545.877989032569,205.164616679762,4.09808704777768
34.2546591942087,492.221187840876,3.01044212801485
279.564797343916,24.0562518297153,3.99751104094404
533.496752890902,390.452963735141,3.37899915435382
64.9342185687341,75.3396456061514,5.26854585299315
4.82442561514007,77.2055056214388,3.37707203007548
589.714528511079,227.640682251871,3.96365474023012
437.732847423645,455.887742353708,4.85526068336754
658.41937878575,372.075833399233,3.12794524605205
108.838114709694,486.15496523042,4.37866197231734
621.55205818123,89.5068308456194,4.05399384586547
421.321341701399,259.785251304753,3.67921107720244
11.6751941272109,182.588919841701,3.32894388108684
66.5381853809302,110.33700023825,4.28405664966558
619.63959951604,200.52002662297,3.95748206017677
245.150803202525,211.688650012221,3.88874129637798
574.036475632712,428.113674639006,4.14746461962437
296.904181154859,135.738095521115,3.94573392828377
531.876733107033,453.596977178682,3.66734577514268
47.5782925558355,416.294362385795,3.84094481865991
197.003678769358,290.226234069204,4.27440922183207
536.611484902415,262.452674908517,3.70069969897953
169.257807023834,38.9633539027345,4.29605619366718
503.830530153353,350.759302464433,4.68179653366742
36.1911576433548,46.3879740348646,3.95338479297685
529.361460992907,148.659535334261,4.63315345495956
NA,NA,NA
657.115963239974,335.852091998515,3.51996121547656
455.204707824699,301.306863152519,3.65069844606062
11.7329025796029,497.062889538142,3.59551313344095
567.045916943806,48.5894844172565,4.2287483911603
70.0686097814424,379.448114758555,3.94807987389716
225.998145539982,414.317206761599,3.89171970244517
428.425061633818,13.4731487509963,3.45539536084476
361.926579936185,291.588334864315,3.22268042815089
602.335747293686,106.082066347138,4.20217435507495
390.709285574385,229.45031518766,4.24582924756829
569.434737203274,413.500985861517,4.7352205572596
138.605900384366,281.919097573745,4.40735152425397
198.5318496886,363.555540462258,4.10709212957413
119.061576297778,412.252744835028,3.37196747560876
626.050866509588,317.571367469859,4.59636287042465
-1.55629594031147,148.774631667299,4.31099993442352
545.877989032569,205.164616679762,4.09808704777768
34.2546591942087,492.221187840876,3.01044212801485
279.564797343916,24.0562518297153,3.99751104094404
533.496752890902,390.452963735141,3.37899915435382
64.9342185687341,75.3396456061514,5.26854585299315
4.82442561514007,77.2055056214388,3.37707203007548
589.714528511079,227.640682251871,3.96365474023012
437.732847423645,455.887742353708,4.85526068336754
658.41937878575,372.075833399233,3.12794524605205
108.838114709694,486.15496523042,4.37866197231734
621.55205818123,89.5068308456194,4.05399384586547
421.321341701399,259.785251304753,3.67921107720244
11.6751941272109,182.588919841701,3.32894388108684
66.5381853809302,110.33700023825,4.28405664966558
619.63959951604,200.52002662297,3.95748206017677
245.150803202525,211.688650012221,3.88874129637798
574.036475632712,428.113674639006,4.14746461962437
296.904181154859,135.738095521115,3.94573392828377
531.876733107033,453.596977178682,3.66734577514268
47.5782925558355,416.294362385795,3.84094481865991
197.003678769358,290.226234069204,4.27440922183207
536.611484902415,262.452674908517,3.70069969897953
169.257807023834,38.9633539027345,4.29605619366718
503.830530153353,350.759302464433,4.68179653366742
36.1911576433548,46.3879740348646,3.95338479297685
529.361460992907,148.659535334261,4.63315345495956
NA,NA,NA
657.115963239974,335.852091998515,3.51996121547656
455.204707824699,301.306863152519,3.65069844606062
11.7329025796029,497.062889538142,3.59551313344095
567.045916943806,48.5894844172565,4.2287483911603
70.0686097814424,379.448114758555,3.94807987389716
225.998145539982,414.317206761599,3.89171970244517
428.425061633818,13.4731487509963,3.45539536084476
361.926579936185,291.588334864315,3.22268042815089
602.335747293686,106.082066347138,4.20217435507495
390.709285574385,229.45031518766,4.24582924756829
569.434737203274,413.500985861517,4.7352205572596
138.605900384366,281.919097573745,4.40735152425397
198.5318496886,363.555540462258,4.10709212957413
119.061576297778,412.252744835028,3.37196747560876
626.050866509588,317.571367469859,4.59636287042465
-1.55629594031147,148.774631667299,4.31099993442352
545.877989032569,205.164616679762,4.09808704777768
34.2546591942087,492.221187840876,3.01044212801485
279.564797343916,24.0562518297153,3.99751104094404
533.496752890902,390.452963735141,3.37899915435382
64.9342185687341,75.3396456061514,5.26854585299315
4.82442561514007,77.2055056214388,3.37707203007548
589.714528511079,227.640682251871,3.96365474023012
437.732847423645,455.887742353708,4.85526068336754
658.41937878575,372.075833399233,3.12794524605205
108.838114709694,486.15496523042,4.37866197231734
621.55205818123,89.5068308456194,4.05399384586547
421.321341701399,259.785251304753,3.67921107720244
11.6751941272109,182.588919841701,3.32894388108684
66.5381853809302,110.33700023825,4.28405664966558
619.63959951604,200.52002662297,3.95748206017677
245.150803202525,211.688650012221,3.88874129637798
574.036475632712,428.113674639006,4.14746461962437
296.904181154859,135.738095521115,3.94573392828377
531.876733107033,453.596977178682,3.66734577514268
47.5782925558355,416.294362385795,3.84094481865991
197.003678769358,290.226234069204,4.27440922183207
536.611484902415,262.452674908517,3.70069969897953
169.257807023834,38.9633539027345,4.29605619366718
503.830530153353,350.759302464433,4.68179653366742
36.1911576433548,46.3879740348646,3.95338479297685
529.361460992907,148.659535334261,4.63315345495956
NA,NA,NA
657.115963239974,335.852091998515,3.51996121547656
455.204707824699,301.306863152519,3.65069844606062
11.7329025796029,497.062889538142,3.59551313344095
567.045916943806,48.5894844172565,4.2287483911603
70.0686097814424,379.448114758555,3.94807987389716
225.998145539982,414.317206761599,3.89171970244517
428.425061633818,13.4731487509963,3.45539536084476
361.926579936185,291.588334864315,3.22268042815089
602.335747293686,106.082066347138,4.20217435507495
390.709285574385,229.45031518766,4.24582924756829
569.434737203274,413.500985861517,4.7352205572596
138.605900384366,281.919097573745,4.40735152425397
198.5318496886,363.555540462258,4.10709212957413
119.061576297778,412.252744835028,3.37196747560876
626.050866509588,317.571367469859,4.59636287042465
-1.55629594031147,148.774631667299,4.31099993442352
545.877989032569,205.164616679762,4.09808704777768
34.2546591942087,492.221187840876,3.01044212801485
279.564797343916,24.0562518297153,3.99751104094404
533.496752890902,390.452963735141,3.37899915435382
64.9342185687341,75.3396456061514,5.26854585299315
4.82442561514007,77.2055056214388,3.37707203007548
589.714528511079,227.640682251871,3.96365474023012
437.732847423645,455.887742353708,4.85526068336754
658.41937878575,372.075833399233,3.12794524605205
108.838114709694,486.15496523042,4.37866197231734
621.55205818123,89.5068308456194,4.05399384586547
421.321341701399,259.785251304753,3.67921107720244
11.6751941272109,182.588919841701,3.32894388108684
66.5381853809302,110.33700023825,4.28405664966558
619.63959951604,200.52002662297,3.95748206017677
245.150803202525,211.688650012221,3.88874129637798
574.036475632712,428.113674639006,4.14746461962437
296.904181154859,135.738095521115,3.94573392828377
531.876733107033,453.596977178682,3.66734577514268
47.5782925558355,416.294362385795,3.84094481865991
197.003678769358,290.226234069204,4.27440922183207
536.611484902415,262.452674908517,3.70069969897953
169.257807023834,38.9633539027345,4.29605619366718
503.830530153353,350.759302464433,4.68179653366742
36.1911576433548,46.3879740348646,3.95338479297685
529.361460992907,148.659535334261,4.63315345495956
NA,NA,NA
663.557051375471,332.443592146471,3.51176809238837
453.392604554678,304.455366691015,3.45382991999041
9.48472644215367,492.567479305869,3.78805891405466
556.834515550432,51.4595743115105,4.14248246829233
67.9284344010745,376.332433855677,4.17482275408633
231.739540371171,415.19559377894,3.88740739068541
429.375926963181,12.9042054580891,3.19335101343022
364.556753669154,293.098719055829,3.10781679875545
605.33316153158,107.050474192047,4.21420001922552
395.416626912017,228.93046099429,4.20335055762741
568.308096262546,413.787220987942,4.72515086397957
136.500979926623,277.567370398792,4.73719297924445
199.342777215418,371.549923424611,4.13339062432196
127.182138103564,413.562856046336,3.38091325369167
630.564772772326,310.942543482797,4.536112288063
2.14868864858774,149.375773502213,4.3027670183585
545.80622552692,207.083362238503,4.12923358088911
33.9929308041441,489.915694500463,3.00518272020536
281.007526310564,25.8457430060155,3.95307132412973
535.156997041587,392.309734343328,3.55774679025305
74.4716622764158,83.5265075399307,5.26421008854686
5.62735809599124,77.9462251824389,3.58865733916397
590.509047163414,227.109366882511,4.07003683066287
445.107651950077,461.920455464524,4.79580502979507
658.789788364938,373.234564840606,3.09590244085566
110.459787342274,487.320576127919,4.39373999704127
622.857441975209,86.5741901940234,4.09252408772126
419.440909384997,260.113033447556,3.6004815211347
12.2508880888335,180.306414197751,3.2386776750572
64.1997953282196,108.166450690801,4.47695927382471
610.659833035128,198.070282439286,4.20433441006523
250.876428977157,215.239871316632,3.7764394298332
579.563604937364,431.630265882513,3.77546022815154
297.912689362853,135.978752104514,3.81153589883684
533.203106803687,462.41344579574,3.56442798461619
49.1115206071535,425.137747261429,3.69158833038882
191.353809192423,288.409322228024,4.20965560500375
547.355091031398,266.477447980169,3.82214093499771
159.516934466882,34.0860920664457,4.44363828944233
505.977314353723,348.035241910735,4.53711419176491
40.130572292913,46.9261326598873,3.97620326373481
539.097015780858,156.938367622469,4.69889256593354
NA,NA,NA
663.557051375471,332.443592146471,3.51176809238837
453.392604554678,304.455366691015,3.45382991999041
9.48472644215367,492.567479305869,3.78805891405466
556.834515550432,51.4595743115105,4.14248246829233
67.9284344010745,376.332433855677,4.17482275408633
231.739540371171,415.19559377894,3.88740739068541
429.375926963181,12.9042054580891,3.19335101343022
364.556753669154,293.098719055829,3.10781679875545
605.33316153158,107.050474192047,4.21420001922552
395.416626912017,228.93046099429,4.20335055762741
568.308096262546,413.787220987942,4.72515086397957
136.500979926623,277.567370398792,4.73719297924445
199.342777215418,371.549923424611,4.13339062432196
127.182138103564,413.562856046336,3.38091325369167
630.564772772326,310.942543482797,4.536112288063
2.14868864858774,149.375773502213,4.3027670183585
545.80622552692,207.083362238503,4.12923358088911
33.9929308041441,489.915694500463,3.00518272020536
281.007526310564,25.8457430060155,3.95307132412973
535.156997041587,392.309734343328,3.55774679025305
74.4716622764158,83.5265075399307,5.26421008854686
5.62735809599124,77.9462251824389,3.58865733916397
590.509047163414,227.109366882511,4.07003683066287
445.107651950077,461.920455464524,4.79580502979507
658.789788364938,373.234564840606,3.09590244085566
110.459787342274,487.320576127919,4.39373999704127
622.857441975209,86.5741901940234,4.09252408772126
419.440909384997,260.113033447556,3.6004815211347
12.2508880888335,180.306414197751,3.2386776750572
64.1997953282196,108.166450690801,4.47695927382471
610.659833035128,198.070282439286,4.20433441006523
250.876428977157,215.239871316632,3.7764394298332
579.563604937364,431.630265882513,3.77546022815154
297.912689362853,135.978752104514,3.81153589883684
533.203106803687,462.41344579574,3.56442798461619
49.1115206071535,425.137747261429,3.69158833038882
191.353809192423,288.409322228024,4.20965560500375
547.355091031398,266.477447980169,3.82214093499771
159.516934466882,34.0860920664457,4.44363828944233
505.977314353723,348.035241910735,4.53711419176491
40.130572292913,46.9261326598873,3.97620326373481
539.097015780858,156.938367622469,4.69889256593354
NA,NA,NA
663.557051375471,332.443592146471,3.51176809238837
453.392604554678,304.455366691015,3.45382991999041
9.48472644215367,492.567479305869,3.78805891405466
556.834515550432,51.4595743115105,4.14248246829233
67.9284344010745,376.332433855677,4.17482275408633
231.739540371171,415.19559377894,3.88740739068541
429.375926963181,12.9042054580891,3.19335101343022
364.556753669154,293.098719055829,3.10781679875545
605.33316153158,107.050474192047,4.21420001922552
395.416626912017,228.93046099429,4.20335055762741
568.308096262546,413.787220987942,4.72515086397957
136.500979926623,277.567370398792,4.73719297924445
199.342777215418,371.549923424611,4.13339062432196
127.182138103564,413.562856046336,3.38091325369167
630.564772772326,310.942543482797,4.536112288063
2.14868864858774,149.375773502213,4.3027670183585
545.80622552692,207.083362238503,4.12923358088911
33.9929308041441,489.915694500463,3.00518272020536
281.007526310564,25.8457430060155,3.95307132412973
535.156997041587,392.309734343328,3.55774679025305
74.4716622764158,83.5265075399307,5.26421008854686
5.62735809599124,77.9462251824389,3.58865733916397
590.509047163414,227.109366882511,4.07003683066287
445.107651950077,461.920455464524,4.79580502979507
658.789788364938,373.234564840606,3.09590244085566
110.459787342274,487.320576127919,4.39373999704127
622.857441975209,86.5741901940234,4.09252408772126
419.440909384997,260.113033447556,3.6004815211347
12.2508880888335,180.306414197751,3.2386776750572
64.1997953282196,108.166450690801,4.47695927382471
610.659833035128,198.070282439286,4.20433441006523
250.876428977157,215.239871316632,3.7764394298332
579.563604937364,431.630265882513,3.77546022815154
297.912689362853,135.978752104514,3.81153589883684
533.203106803687,462.41344579574,3.56442798461619
49.1115206071535,425.137747261429,3.69158833038882
191.353809192423,288.409322228024,4.20965560500375
547.355091031398,266.477447980169,3.82214093499771
159.516934466882,34.0860920664457,4.44363828944233
505.977314353723,348.035241910735,4.53711419176491
40.130572292913,46.9261326598873,3.97620326373481
539.097015780858,156.938367622469,4.69889256593354
NA,NA,NA
663.557051375471,332.443592146471,3.51176809238837
453.392604554678,304.455366691015,3.45382991999041
9.48472644215367,492.567479305869,3.78805891405466
556.834515550432,51.4595743115105,4.14248246829233
67.9284344010745,376.332433855677,4.17482275408633
231.739540371171,415.19559377894,3.88740739068541
429.375926963181,12.9042054580891,3.19335101343022
364.556753669154,293.098719055829,3.10781679875545
605.33316153158,107.050474192047,4.21420001922552
395.416626912017,228.93046099429,4.20335055762741
568.308096262546,413.787220987942,4.72515086397957
136.500979926623,277.567370398792,4.73719297924445
199.342777215418,371.549923424611,4.13339062432196
127.182138103564,413.562856046336,3.38091325369167
630.564772772326,310.942543482797,4.536112288063
2.14868864858774,149.375773502213,4.3027670183585
545.80622552692,207.083362238503,4.12923358088911
33.9929308041441,489.915694500463,3.00518272020536
281.007526310564,25.8457430060155,3.95307132412973
535.156997041587,392.309734343328,3.55774679025305
74.4716622764158,83.5265075399307,5.26421008854686
5.62735809599124,77.9462251824389,3.58865733916397
590.509047163414,227.109366882511,4.07003683066287
445.107651950077,461.920455464524,4.79580502979507
658.789788364938,373.234564840606,3.09590244085566
110.459787342274,487.320576127919,4.39373999704127
622.857441975209,86.5741901940234,4.09252408772126
419.440909384997,260.113033447556,3.6004815211347
12.2508880888335,180.306414197751,3.2386776750572
64.1997953282196,108.166450690801,4.47695927382471
610.659833035128,198.070282439286,4.20433441006523
250.876428977157,215.239871316632,3.7764394298332
579.563604937364,431.630265882513,3.77546022815154
297.912689362853,135.978752104514,3.81153589883684
533.203106803687,462.41344579574,3.56442798461619
49.1115206071535,425.137747261429,3.69158833038882
191.353809192423,288.409322228024,4.20965560500375
547.355091031398,266.477447980169,3.82214093499771
159.516934466882,34.0860920664457,4.44363828944233
505.977314353723,348.035241910735,4.53711419176491
40.130572292913,46.9261326598873,3.97620326373481
539.097015780858,156.938367622469,4.69889256593354
NA,NA,NA
663.557051375471,332.443592146471,3.51176809238837
453.392604554678,304.455366691015,3.45382991999041
9.48472644215367,492.567479305869,3.78805891405466
556.834515550432,51.4595743115105,4.14248246829233
67.9284344010745,376.332433855677,4.17482275408633
231.739540371171,415.19559377894,3.88740739068541
429.375926963181,12.9042054580891,3.19335101343022
364.556753669154,293.098719055829,3.10781679875545
605.33316153158,107.050474192047,4.21420001922552
395.416626912017,228.93046099429,4.20335055762741
568.308096262546,413.787220987942,4.72515086397957
136.500979926623,277.567370398792,4.73719297924445
199.342777215418,371.549923424611,4.13339062432196
127.182138103564,413.562856046336,3.38091325369167
630.564772772326,310.942543482797,4.536112288063
2.14868864858774,149.375773502213,4.3027670183585
545.80622552692,207.083362238503,4.12923358088911
33.9929308041441,489.915694500463,3.00518272020536
281.007526310564,25.8457430060155,3.95307132412973
535.156997041587,392.309734343328,3.55774679025305
74.4716622764158,83.5265075399307,5.26421008854686
5.62735809599124,77.9462251824389,3.58865733916397
590.509047163414,227.109366882511,4.07003683066287
445.107651950077,461.920455464524,4.79580502979507
658.789788364938,373.234564840606,3.09590244085566
110.459787342274,487.320576127919,4.39373999704127
622.857441975209,86.5741901940234,4.09252408772126
419.440909384997,260.113033447556,3.6004815211347
12.2508880888335,180.306414197751,3.2386776750572
64.1997953282196,108.166450690801,4.47695927382471
610.659833035128,198.070282439286,4.20433441006523
250.876428977157,215.239871316632,3.7764394298332
579.563604937364,431.630265882513,3.77546022815154
297.912689362853,135.978752104514,3.81153589883684
533.203106803687,462.41344579574,3.56442798461619
49.1115206071535,425.137747261429,3.69158833038882
191.353809192423,288.409322228024,4.20965560500375
547.355091031398,266.477447980169,3.82214093499771
159.516934466882,34.0860920664457,4.44363828944233
505.977314353723,348.035241910735,4.53711419176491
40.130572292913,46.9261326598873,3.97620326373481
539.097015780858,156.938367622469,4.69889256593354
NA,NA,NA
663.557051375471,332.443592146471,3.51176809238837
453.392604554678,304.455366691015,3.45382991999041
9.48472644215367,492.567479305869,3.78805891405466
556.834515550432,51.4595743115105,4.14248246829233
67.9284344010745,376.332433855677,4.17482275408633
231.739540371171,415.19559377894,3.88740739068541
429.375926963181,12.9042054580891,3.19335101343022
364.556753669154,293.098719055829,3.10781679875545
605.33316153158,107.050474192047,4.21420001922552
395.416626912017,228.93046099429,4.20335055762741
568.308096262546,413.787220987942,4.72515086397957
136.500979926623,277.567370398792,4.73719297924445
199.342777215418,371.549923424611,4.13339062432196
127.182138103564,413.562856046336,3.38091325369167
630.564772772326,310.942543482797,4.536112288063
2.14868864858774,149.375773502213,4.3027670183585
545.80622552692,207.083362238503,4.12923358088911
33.9929308041441,489.915694500463,3.00518272020536
281.007526310564,25.8457430060155,3.95307132412973
535.156997041587,392.309734343328,3.55774679025305
74.4716622764158,83.5265075399307,5.26421008854686
5.62735809599124,77.9462251824389,3.58865733916397
590.509047163414,227.109366882511,4.07003683066287
445.107651950077,461.920455464524,4.79580502979507
658.789788364938,373.234564840606,3.09590244085566
110.459787342274,487.320576127919,4.39373999704127
622.857441975209,86.5741901940234,4.09252408772126
419.440909384997,260.113033447556,3.6004815211347
12.2508880888335,180.306414197751,3.2386776750572
64.1997953282196,108.166450690801,4.47695927382471
610.659833035128,198.070282439286,4.20433441006523
250.876428977157,215.239871316632,3.7764394298332
579.563604937364,431.630265882513,3.77546022815154
297.912689362853,135.978752104514,3.81153589883684
533.203106803687,462.41344579574,3.56442798461619
49.1115206071535,425.137747261429,3.69158833038882
191.353809192423,288.409322228024,4.20965560500375
547.355091031398,266.477447980169,3.82214093499771
159.516934466882,34.0860920664457,4.44363828944233
505.977314353723,348.035241910735,4.53711419176491
40.130572292913,46.9261326598873,3.97620326373481
539.097015780858,156.938367622469,4.69889256593354
NA,NA,NA
662.027698022149,336.165542840391,3.42001003314234
454.991475934867,300.684650014607,3.69445483230049
8.49857935191967,498.464386401484,3.60063881871735
558.022120166048,50.6568101561044,4.30572105215523
78.3820656253391,373.779592975808,4.1041136602525
226.117697361792,412.95703961816,3.81018284521154
428.768457838271,11.4739189679629,3.35080585861723
362.270208342974,292.486583685299,3.11682363210451
610.150574094071,107.814159499812,4.31529746115846
396.76058248584,229.684281971174,4.03915390445157
562.698332564716,412.871043003058,4.73914513734517
144.284507743971,283.158312442686,4.68486623606455
196.711306506521,366.226861571692,4.04726573470332
122.893472572655,414.308099130854,3.44752725354068
623.206472854131,314.424263345535,4.68737594848171
-2.49583705771987,146.828198435653,4.24936869403052
546.660252740701,203.690064114594,4.1959965895758
36.192505895446,493.954411939791,3.05153109740798
279.761443273024,20.9235709100633,4.02044540335403
535.467264477919,392.543579927018,3.46659759218765
67.2861191499221,79.158811706906,5.21710030100394
0.900748586909113,75.1821926249131,3.60709450888191
590.75548136041,226.073512550039,3.976849500893
439.577784768617,455.311886288578,4.82443982949089
659.532143319452,374.194754910454,3.08028882466814
107.088868281363,484.552171552194,4.4082979459207
619.746966258928,93.1212681159132,4.08759738079142
420.205585237751,259.69871857812,3.60676049496269
12.1665588052065,181.286678803828,3.25079900296678
76.2433239943526,109.01262714998,4.55256169077717
611.23501727865,201.202515861344,3.92385598065323
257.563566852954,221.449895077154,3.72838563927134
575.989556298385,440.448426941273,3.77679039154888
299.50241476573,138.081132305974,3.84114511562011
522.034997118346,452.903811825542,3.67528389652458
47.8544082508924,407.290867470251,3.87761456049237
202.337388928743,288.872854203039,3.66914480172455
555.263246686858,260.666102169414,3.55527041125161
173.174931314387,31.1285289245003,4.01615257447139
494.546719776425,344.690601460652,4.75833032872639
42.6493755376528,54.3709816134164,3.95451686618321
517.761762498798,135.964242775721,4.73816476741499
NA,NA,NA
662.027698022149,336.165542840391,3.42001003314234
454.991475934867,300.684650014607,3.69445483230049
8.49857935191967,498.464386401484,3.60063881871735
558.022120166048,50.6568101561044,4.30572105215523
78.3820656253391,373.779592975808,4.1041136602525
226.117697361792,412.95703961816,3.81018284521154
428.768457838271,11.4739189679629,3.35080585861723
362.270208342974,292.486583685299,3.11682363210451
610.150574094071,107.814159499812,4.31529746115846
396.76058248584,229.684281971174,4.03915390445157
562.698332564716,412.871043003058,4.73914513734517
144.284507743971,283.158312442686,4.68486623606455
196.711306506521,366.226861571692,4.04726573470332
122.893472572655,414.308099130854,3.44752725354068
623.206472854131,314.424263345535,4.68737594848171
-2.49583705771987,146.828198435653,4.24936869403052
546.660252740701,203.690064114594,4.1959965895758
36.192505895446,493.954411939791,3.05153109740798
279.761443273024,20.9235709100633,4.02044540335403
535.467264477919,392.543579927018,3.46659759218765
67.2861191499221,79.158811706906,5.21710030100394
0.900748586909113,75.1821926249131,3.60709450888191
590.75548136041,226.073512550039,3.976849500893
439.577784768617,455.311886288578,4.82443982949089
659.532143319452,374.194754910454,3.08028882466814
107.088868281363,484.552171552194,4.4082979459207
619.746966258928,93.1212681159132,4.08759738079142
420.205585237751,259.69871857812,3.60676049496269
12.1665588052065,181.286678803828,3.25079900296678
76.2433239943526,109.01262714998,4.55256169077717
611.23501727865,201.202515861344,3.92385598065323
257.563566852954,221.449895077154,3.72838563927134
575.989556298385,440.448426941273,3.77679039154888
299.50241476573,138.081132305974,3.84114511562011
522.034997118346,452.903811825542,3.67528389652458
47.8544082508924,407.290867470251,3.87761456049237
202.337388928743,288.872854203039,3.66914480172455
555.263246686858,260.666102169414,3.55527041125161
173.174931314387,31.1285289245003,4.01615257447139
494.546719776425,344.690601460652,4.75833032872639
42.6493755376528,54.3709816134164,3.95451686618321
517.761762498798,135.964242775721,4.73816476741499
NA,NA,NA
662.027698022149,336.165542840391,3.42001003314234
454.991475934867,300.684650014607,3.69445483230049
8.49857935191967,498.464386401484,3.60063881871735
558.022120166048,50.6568101561044,4.30572105215523
78.3820656253391,373.779592975808,4.1041136602525
226.117697361792,412.95703961816,3.81018284521154
428.768457838271,11.4739189679629,3.35080585861723
362.270208342974,292.486583685299,3.11682363210451
610.150574094071,107.814159499812,4.31529746115846
396.76058248584,229.684281971174,4.03915390445157
562.698332564716,412.871043003058,4.73914513734517
144.284507743971,283.158312442686,4.68486623606455
196.711306506521,366.226861571692,4.04726573470332
122.893472572655,414.308099130854,3.44752725354068
623.206472854131,314.424263345535,4.68737594848171
-2.49583705771987,146.828198435653,4.24936869403052
546.660252740701,203.690064114594,4.1959965895758
36.192505895446,493.954411939791,3.05153109740798
279.761443273024,20.9235709100633,4.02044540335403
535.467264477919,392.543579927018,3.46659759218765
67.2861191499221,79.158811706906,5.21710030100394
0.900748586909113,75.1821926249131,3.60709450888191
590.75548136041,226.073512550039,3.976849500893
439.577784768617,455.311886288578,4.82443982949089
659.532143319452,374.194754910454,3.08028882466814
107.088868281363,484.552171552194,4.4082979459207
619.746966258928,93.1212681159132,4.08759738079142
420.205585237751,259.69871857812,3.60676049496269
12.1665588052065,181.286678803828,3.25079900296678
76.2433239943526,109.01262714998,4.55256169077717
611.23501727865,201.202515861344,3.92385598065323
257.563566852954,221.449895077154,3.72838563927134
575.989556298385,440.448426941273,3.77679039154888
299.50241476573,138.081132305974,3.84114511562011
522.034997118346,452.903811825542,3.67528389652458
47.8544082508924,407.290867470251,3.87761456049237
202.337388928743,288.872854203039,3.66914480172455
555.263246686858,260.666102169414,3.55527041125161
173.174931314387,31.1285289245003,4.01615257447139
494.546719776425,344.690601460652,4.75833032872639
42.6493755376528,54.3709816134164,3.95451686618321
517.761762498798,135.964242775721,4.73816476741499
NA,NA,NA
662.027698022149,336.165542840391,3.42001003314234
454.991475934867,300.684650014607,3.69445483230049
8.49857935191967,498.464386401484,3.60063881871735
558.022120166048,50.6568101561044,4.30572105215523
78.3820656253391,373.779592975808,4.1041136602525
226.117697361792,412.95703961816,3.81018284521154
428.768457838271,11.4739189679629,3.35080585861723
362.270208342974,292.486583685299,3.11682363210451
610.150574094071,107.814159499812,4.31529746115846
396.76058248584,229.684281971174,4.03915390445157
562.698332564716,412.871043003058,4.73914513734517
144.284507743971,283.158312442686,4.68486623606455
196.711306506521,366.226861571692,4.04726573470332
122.893472572655,414.308099130854,3.44752725354068
623.206472854131,314.424263345535,4.68737594848171
-2.49583705771987,146.828198435653,4.24936869403052
546.660252740701,203.690064114594,4.1959965895758
36.192505895446,493.954411939791,3.05153109740798
279.761443273024,20.9235709100633,4.02044540335403
535.467264477919,392.543579927018,3.46659759218765
67.2861191499221,79.158811706906,5.21710030100394
0.900748586909113,75.1821926249131,3.60709450888191
590.75548136041,226.073512550039,3.976849500893
439.577784768617,455.311886288578,4.82443982949089
659.532143319452,374.194754910454,3.08028882466814
107.088868281363,484.552171552194,4.4082979459207
619.746966258928,93.1212681159132,4.08759738079142
420.205585237751,259.69871857812,3.60676049496269
12.1665588052065,181.286678803828,3.25079900296678
76.2433239943526,109.01262714998,4.55256169077717
611.23501727865,201.202515861344,3.92385598065323
257.563566852954,221.449895077154,3.72838563927134
575.989556298385,440.448426941273,3.77679039154888
299.50241476573,138.081132305974,3.84114511562011
522.034997118346,452.903811825542,3.67528389652458
47.8544082508924,407.290867470251,3.87761456049237
202.337388928743,288.872854203039,3.66914480172455
555.263246686858,260.666102169414,3.55527041125161
173.174931314387,31.1285289245003,4.01615257447139
494.546719776425,344.690601460652,4.75833032872639
42.6493755376528,54.3709816134164,3.95451686618321
517.761762498798,135.964242775721,4.73816476741499
NA,NA,NA
662.027698022149,336.165542840391,3.42001003314234
454.991475934867,300.684650014607,3.69445483230049
8.49857935191967,498.464386401484,3.60063881871735
558.022120166048,50.6568101561044,4.30572105215523
78.3820656253391,373.779592975808,4.1041136602525
226.117697361792,412.95703961816,3.81018284521154
428.768457838271,11.4739189679629,3.35080585861723
362.270208342974,292.486583685299,3.11682363210451
610.150574094071,107.814159499812,4.31529746115846
396.76058248584,229.684281971174,4.03915390445157
562.698332564716,412.871043003058,4.73914513734517
144.284507743971,283.158312442686,4.68486623606455
196.711306506521,366.226861571692,4.04726573470332
122.893472572655,414.308099130854,3.44752725354068
623.206472854131,314.424263345535,4.68737594848171
-2.49583705771987,146.828198435653,4.24936869403052
546.660252740701,203.690064114594,4.1959965895758
36.192505895446,493.954411939791,3.05153109740798
279.761443273024,20.9235709100633,4.02044540335403
535.467264477919,392.543579927018,3.46659759218765
67.2861191499221,79.158811706906,5.21710030100394
0.900748586909113,75.1821926249131,3.60709450888191
590.75548136041,226.073512550039,3.976849500893
439.577784768617,455.311886288578,4.82443982949089
659.532143319452,374.194754910454,3.08028882466814
107.088868281363,484.552171552194,4.4082979459207
619.746966258928,93.1212681159132,4.08759738079142
420.205585237751,259.69871857812,3.60676049496269
12.1665588052065,181.286678803828,3.25079900296678
76.2433239943526,109.01262714998,4.55256169077717
611.23501727865,201.202515861344,3.92385598065323
257.563566852954,221.449895077154,3.72838563927134
575.989556298385,440.448426941273,3.77679039154888
299.50241476573,138.081132305974,3.84114511562011
522.034997118346,452.903811825542,3.67528389652458
47.8544082508924,407.290867470251,3.87761456049237
202.337388928743,288.872854203039,3.66914480172455
555.263246686858,260.666102169414,3.55527041125161
173.174931314387,31.1285289245003,4.01615257447139
494.546719776425,344.690601460652,4.75833032872639
42.6493755376528,54.3709816134164,3.95451686618321
517.761762498798,135.964242775721,4.73816476741499
NA,NA,NA
662.027698022149,336.165542840391,3.42001003314234
454.991475934867,300.684650014607,3.69445483230049
8.49857935191967,498.464386401484,3.60063881871735
558.022120166048,50.6568101561044,4.30572105215523
78.3820656253391,373.779592975808,4.1041136602525
226.117697361792,412.95703961816,3.81018284521154
428.768457838271,11.4739189679629,3.35080585861723
362.270208342974,292.486583685299,3.11682363210451
610.150574094071,107.814159499812,4.31529746115846
396.76058248584,229.684281971174,4.03915390445157
562.698332564716,412.871043003058,4.73914513734517
144.284507743971,283.158312442686,4.68486623606455
196.711306506521,366.226861571692,4.04726573470332
122.893472572655,414.308099130854,3.44752725354068
623.206472854131,314.424263345535,4.68737594848171
-2.49583705771987,146.828198435653,4.24936869403052
546.660252740701,203.690064114594,4.1959965895758
36.192505895446,493.954411939791,3.05153109740798
279.761443273024,20.9235709100633,4.02044540335403
535.467264477919,392.543579927018,3.46659759218765
67.2861191499221,79.158811706906,5.21710030100394
0.900748586909113,75.1821926249131,3.60709450888191
590.75548136041,226.073512550039,3.976849500893
439.577784768617,455.311886288578,4.82443982949089
659.532143319452,374.194754910454,3.08028882466814
107.088868281363,484.552171552194,4.4082979459207
619.746966258928,93.1212681159132,4.08759738079142
420.205585237751,259.69871857812,3.60676049496269
12.1665588052065,181.286678803828,3.25079900296678
76.2433239943526,109.01262714998,4.55256169077717
611.23501727865,201.202515861344,3.92385598065323
257.563566852954,221.449895077154,3.72838563927134
575.989556298385,440.448426941273,3.77679039154888
299.50241476573,138.081132305974,3.84114511562011
522.034997118346,452.903811825542,3.67528389652458
47.8544082508924,407.290867470251,3.87761456049237
202.337388928743,288.872854203039,3.66914480172455
555.263246686858,260.666102169414,3.55527041125161
173.174931314387,31.1285289245003,4.01615257447139
494.546719776425,344.690601460652,4.75833032872639
42.6493755376528,54.3709816134164,3.95451686618321
517.761762498798,135.964242775721,4.73816476741499
NA,NA,NA
663.945069140822,337.373436384066,3.52220865190386
457.060087081319,297.91181343881,3.67526261388954
11.2165720600433,495.981601123759,3.73529042763802
562.874117352807,51.2334252698979,4.37830703518913
71.4840821252673,377.763709572757,3.9070615130622
236.973116287341,416.366316262056,3.80194649407834
427.367782673649,12.4374965932287,3.46771146635503
356.598478597199,292.868662419464,3.15478808452945
601.796015975007,112.620384359605,3.94578958268033
392.380133909303,231.604593672861,4.12276091298889
563.747156727769,407.605892511862,4.68900723420844
144.12392166368,279.608691992612,4.59519488668754
199.410591037009,372.987995714207,4.09774590742718
125.255829659052,409.4335505745,3.41372170143972
625.658323347296,315.033578770305,4.66690839098044
-1.5398168462993,149.864770578487,4.33819320217649
543.913620049431,205.756399593588,4.35808946343203
35.6690500311042,493.014684796855,3.04172431088078
280.691026781918,23.3903670692069,3.78192090067191
533.475567566192,390.86242769549,3.46790324295194
76.5208600279153,82.9092561395662,5.32685242002097
4.02369915578384,74.9490809025497,3.50074586997712
587.390445242753,227.685189360103,4.04327943442672
444.505473670206,464.395616374853,4.78401554856773
661.842307085365,375.284569261044,3.23877082778987
110.275169377893,489.905448398752,4.36142004522901
625.337130923029,93.4950570691934,4.09879889857133
419.64724243665,260.23979009598,3.65974803519386
11.5623284638217,179.773476701351,3.25167722127277
66.2356003558066,115.277030244392,4.50435638501877
604.133351895396,198.183439236251,4.32837329032431
257.004705924999,212.322692899561,3.69996868526412
581.566559894656,420.917193356832,3.82572052715449
301.995507778901,141.195120644912,3.94051403669784
530.293777353717,455.388398669798,3.94978198570157
53.6870759596253,414.948933203042,3.70972858085987
200.599923147005,285.105333379416,4.06840993803786
550.36747561203,261.457020660783,3.70832857608557
171.583358549862,37.5504051200606,4.29139293493007
492.871403848366,345.206285186975,4.4859440584999
38.7840200883038,51.1279804695887,3.75368804805975
531.063528510496,138.146243880752,4.83846804926622
NA,NA,NA
663.945069140822,337.373436384066,3.52220865190386
457.060087081319,297.91181343881,3.67526261388954
11.2165720600433,495.981601123759,3.73529042763802
562.874117352807,51.2334252698979,4.37830703518913
71.4840821252673,377.763709572757,3.9070615130622
236.973116287341,416.366316262056,3.80194649407834
427.367782673649,12.4374965932287,3.46771146635503
356.598478597199,292.868662419464,3.15478808452945
601.796015975007,112.620384359605,3.94578958268033
392.380133909303,231.604593672861,4.12276091298889
563.747156727769,407.605892511862,4.68900723420844
144.12392166368,279.608691992612,4.59519488668754
199.410591037009,372.987995714207,4.09774590742718
125.255829659052,409.4335505745,3.41372170143972
625.658323347296,315.033578770305,4.66690839098044
-1.5398168462993,149.864770578487,4.33819320217649
543.913620049431,205.756399593588,4.35808946343203
35.6690500311042,493.014684796855,3.04172431088078
280.691026781918,23.3903670692069,3.78192090067191
533.475567566192,390.86242769549,3.46790324295194
76.5208600279153,82.9092561395662,5.32685242002097
4.02369915578384,74.9490809025497,3.50074586997712
587.390445242753,227.685189360103,4.04327943442672
444.505473670206,464.395616374853,4.78401554856773
661.842307085365,375.284569261044,3.23877082778987
110.275169377893,489.905448398752,4.36142004522901
625.337130923029,93.4950570691934,4.09879889857133
419.64724243665,260.23979009598,3.65974803519386
11.5623284638217,179.773476701351,3.25167722127277
66.2356003558066,115.277030244392,4.50435638501877
604.133351895396,198.183439236251,4.32837329032431
257.004705924999,212.322692899561,3.69996868526412
581.566559894656,420.917193356832,3.82572052715449
301.995507778901,141.195120644912,3.94051403669784
530.293777353717,455.388398669798,3.94978198570157
53.6870759596253,414.948933203042,3.70972858085987
200.599923147005,285.105333379416,4.06840993803786
550.36747561203,261.457020660783,3.70832857608557
171.583358549862,37.5504051200606,4.29139293493007
492.871403848366,345.206285186975,4.4859440584999
38.7840200883038,51.1279804695887,3.75368804805975
531.063528510496,138.146243880752,4.83846804926622
NA,NA,NA
663.945069140822,337.373436384066,3.52220865190386
457.060087081319,297.91181343881,3.67526261388954
11.2165720600433,495.981601123759,3.73529042763802
562.874117352807,51.2334252698979,4.37830703518913
71.4840821252673,377.763709572757,3.9070615130622
236.973116287341,416.366316262056,3.80194649407834
427.367782673649,12.4374965932287,3.46771146635503
356.598478597199,292.868662419464,3.15478808452945
601.796015975007,112.620384359605,3.94578958268033
392.380133909303,231.604593672861,4.12276091298889
563.747156727769,407.605892511862,4.68900723420844
144.12392166368,279.608691992612,4.59519488668754
199.410591037009,372.987995714207,4.09774590742718
125.255829659052,409.4335505745,3.41372170143972
625.658323347296,315.033578770305,4.66690839098044
-1.5398168462993,149.864770578487,4.33819320217649
543.913620049431,205.756399593588,4.35808946343203
35.6690500311042,493.014684796855,3.04172431088078
280.691026781918,23.3903670692069,3.78192090067191
533.475567566192,390.86242769549,3.46790324295194
76.5208600279153,82.9092561395662,5.32685242002097
4.02369915578384,74.9490809025497,3.50074586997712
587.390445242753,227.685189360103,4.04327943442672
444.505473670206,464.395616374853,4.78401554856773
661.842307085365,375.284569261044,3.23877082778987
110.275169377893,489.905448398752,4.36142004522901
625.337130923029,93.4950570691934,4.09879889857133
419.64724243665,260.23979009598,3.65974803519386
11.5623284638217,179.773476701351,3.25167722127277
66.2356003558066,115.277030244392,4.50435638501877
604.133351895396,198.183439236251,4.32837329032431
257.004705924999,212.322692899561,3.69996868526412
581.566559894656,420.917193356832,3.82572052715449
301.995507778901,141.195120644912,3.94051403669784
530.293777353717,455.388398669798,3.94978198570157
53.6870759596253,414.948933203042,3.70972858085987
200.599923147005,285.105333379416,4.06840993803786
550.36747561203,261.457020660783,3.70832857608557
171.583358549862,37.5504051200606,4.29139293493007
492.871403848366,345.206285186975,4.4859440584999
38.7840200883038,51.1279804695887,3.75368804805975
531.063528510496,138.146243880752,4.83846804926622
NA,NA,NA
663.945069140822,337.373436384066,3.52220865190386
457.060087081319,297.91181343881,3.67526261388954
11.2165720600433,495.981601123759,3.73529042763802
562.874117352807,51.2334252698979,4.37830703518913
71.4840821252673,377.763709572757,3.9070615130622
236.973116287341,416.366316262056,3.80194649407834
427.367782673649,12.4374965932287,3.46771146635503
356.598478597199,292.868662419464,3.15478808452945
601.796015975007,112.620384359605,3.94578958268033
392.380133909303,231.604593672861,4.12276091298889
563.747156727769,407.605892511862,4.68900723420844
144.12392166368,279.608691992612,4.59519488668754
199.410591037009,372.987995714207,4.09774590742718
125.255829659052,409.4335505745,3.41372170143972
625.658323347296,315.033578770305,4.66690839098044
-1.5398168462993,149.864770578487,4.33819320217649
543.913620049431,205.756399593588,4.35808946343203
35.6690500311042,493.014684796855,3.04172431088078
280.691026781918,23.3903670692069,3.78192090067191
533.475567566192,390.86242769549,3.46790324295194
76.5208600279153,82.9092561395662,5.32685242002097
4.02369915578384,74.9490809025497,3.50074586997712
587.390445242753,227.685189360103,4.04327943442672
444.505473670206,464.395616374853,4.78401554856773
661.842307085365,375.284569261044,3.23877082778987
110.275169377893,489.905448398752,4.36142004522901
625.337130923029,93.4950570691934,4.09879889857133
419.64724243665,260.23979009598,3.65974803519386
11.5623284638217,179.773476701351,3.25167722127277
66.2356003558066,115.277030244392,4.50435638501877
604.133351895396,198.183439236251,4.32837329032431
257.004705924999,212.322692899561,3.69996868526412
581.566559894656,420.917193356832,3.82572052715449
301.995507778901,141.195120644912,3.94051403669784
530.293777353717,455.388398669798,3.94978198570157
53.6870759596253,414.948933203042,3.70972858085987
200.599923147005,285.105333379416,4.06840993803786
550.36747561203,261.457020660783,3.70832857608557
171.583358549862,37.5504051200606,4.29139293493007
492.871403848366,345.206285186975,4.4859440584999
38.7840200883038,51.1279804695887,3.75368804805975
531.063528510496,138.146243880752,4.83846804926622
NA,NA,NA
663.945069140822,337.373436384066,3.52220865190386
457.060087081319,297.91181343881,3.67526261388954
11.2165720600433,495.981601123759,3.73529042763802
562.874117352807,51.2334252698979,4.37830703518913
71.4840821252673,377.763709572757,3.9070615130622
236.973116287341,416.366316262056,3.80194649407834
427.367782673649,12.4374965932287,3.46771146635503
356.598478597199,292.868662419464,3.15478808452945
601.796015975007,112.620384359605,3.94578958268033
392.380133909303,231.604593672861,4.12276091298889
563.747156727769,407.605892511862,4.68900723420844
144.12392166368,279.608691992612,4.59519488668754
199.410591037009,372.987995714207,4.09774590742718
125.255829659052,409.4335505745,3.41372170143972
625.658323347296,315.033578770305,4.66690839098044
-1.5398168462993,149.864770578487,4.33819320217649
543.913620049431,205.756399593588,4.35808946343203
35.6690500311042,493.014684796855,3.04172431088078
280.691026781918,23.3903670692069,3.78192090067191
533.475567566192,390.86242769549,3.46790324295194
76.5208600279153,82.9092561395662,5.32685242002097
4.02369915578384,74.9490809025497,3.50074586997712
587.390445242753,227.685189360103,4.04327943442672
444.505473670206,464.395616374853,4.78401554856773
661.842307085365,375.284569261044,3.23877082778987
110.275169377893,489.905448398752,4.36142004522901
625.337130923029,93.4950570691934,4.09879889857133
419.64724243665,260.23979009598,3.65974803519386
11.5623284638217,179.773476701351,3.25167722127277
66.2356003558066,115.277030244392,4.50435638501877
604.133351895396,198.183439236251,4.32837329032431
257.004705924999,212.322692899561,3.69996868526412
581.566559894656,420.917193356832,3.82572052715449
301.995507778901,141.195120644912,3.94051403669784
530.293777353717,455.388398669798,3.94978198570157
53.6870759596253,414.948933203042,3.70972858085987
200.599923147005,285.105333379416,4.06840993803786
550.36747561203,261.457020660783,3.70832857608557
171.583358549862,37.5504051200606,4.29139293493007
492.871403848366,345.206285186975,4.4859440584999
38.7840200883038,51.1279804695887,3.75368804805975
531.063528510496,138.146243880752,4.83846804926622
NA,NA,NA
663.945069140822,337.373436384066,3.52220865190386
457.060087081319,297.91181343881,3.67526261388954
11.2165720600433,495.981601123759,3.73529042763802
562.874117352807,51.2334252698979,4.37830703518913
71.4840821252673,377.763709572757,3.9070615130622
236.973116287341,416.366316262056,3.80194649407834
427.367782673649,12.4374965932287,3.46771146635503
356.598478597199,292.868662419464,3.15478808452945
601.796015975007,112.620384359605,3.94578958268033
392.380133909303,231.604593672861,4.12276091298889
563.747156727769,407.605892511862,4.68900723420844
144.12392166368,279.608691992612,4.59519488668754
199.410591037009,372.987995714207,4.09774590742718
125.255829659052,409.4335505745,3.41372170143972
625.658323347296,315.033578770305,4.66690839098044
-1.5398168462993,149.864770578487,4.33819320217649
543.913620049431,205.756399593588,4.35808946343203
35.6690500311042,493.014684796855,3.04172431088078
280.691026781918,23.3903670692069,3.78192090067191
533.475567566192,390.86242769549,3.46790324295194
76.5208600279153,82.9092561395662,5.32685242002097
4.02369915578384,74.9490809025497,3.50074586997712
587.390445242753,227.685189360103,4.04327943442672
444.505473670206,464.395616374853,4.78401554856773
661.842307085365,375.284569261044,3.23877082778987
110.275169377893,489.905448398752,4.36142004522901
625.337130923029,93.4950570691934,4.09879889857133
419.64724243665,260.23979009598,3.65974803519386
11.5623284638217,179.773476701351,3.25167722127277
66.2356003558066,115.277030244392,4.50435638501877
604.133351895396,198.183439236251,4.32837329032431
257.004705924999,212.322692899561,3.69996868526412
581.566559894656,420.917193356832,3.82572052715449
301.995507778901,141.195120644912,3.94051403669784
530.293777353717,455.388398669798,3.94978198570157
53.6870759596253,414.948933203042,3.70972858085987
200.599923147005,285.105333379416,4.06840993803786
550.36747561203,261.457020660783,3.70832857608557
171.583358549862,37.5504051200606,4.29139293493007
492.871403848366,345.206285186975,4.4859440584999
38.7840200883038,51.1279804695887,3.75368804805975
531.063528510496,138.146243880752,4.83846804926622
NA,NA,NA
659.616118287678,333.703163651273,3.58379641681464
454.179667430748,300.73053373879,3.35592062165349
11.5062833999276,490.082956938193,3.55904748257121
561.039327357549,52.949203052059,4.17343842607429
71.0241780665156,377.489385893379,4.0512824998634
233.018495773606,413.073306353221,3.87127441265695
427.718237393861,13.1977716198419,3.32869723539143
359.939972352696,293.632963171404,2.92250912151884
604.770083457254,106.018802435899,4.2162592006774
389.020416221158,230.716015018814,4.20772147499977
574.665822024005,408.836517995466,4.68941723046655
136.747095050182,281.214571641392,4.69572399879538
199.940099171679,371.068949022159,3.96696120926303
128.214660524573,407.578730377739,3.4762178357576
623.811496779733,314.365831332529,4.59381516039212
3.90011837818576,144.242825927529,4.21439049680795
542.704593798707,206.82470060274,4.14227866103093
32.7337383388136,489.476155629139,2.89966225636823
280.126220678571,22.0203050104188,3.83955195660599
533.942875158878,394.811574142216,3.33766068019316
69.8008007736457,80.1735860991802,5.25548230006921
4.6269305186547,74.5189618833385,3.47638215176493
591.527735361972,226.857922718511,4.00690603944483
443.527166748532,451.211163567299,4.78595188961461
656.702118060653,373.970471944738,3.03650593523812
103.989471305839,484.061743772702,4.31298530351691
622.928180875044,94.6709250802946,4.09046038206106
420.075000050126,257.613990169395,3.61565894926002
11.909622884447,180.088271140352,3.11205399408042
61.4128233507766,111.682871577354,4.62535424222821
613.335281662634,201.965178503473,4.25900799963165
259.398453226158,221.222595520877,3.83770237919028
568.313536025445,441.076381827881,3.6894457421267
302.062386092126,138.405480942326,4.01576258847482
529.36894987092,466.026600962511,3.6642893632994
37.1668413079943,416.661126760453,3.82020022495269
206.963222596224,291.882578819266,4.09021903407613
546.080335658852,253.811403505524,3.70507783934702
179.119375219914,33.7366045436105,4.2346446031402
504.963396413757,350.499948751398,4.60482698223252
44.3621401437383,49.2586687830235,4.20851407735183
534.659825972339,138.201607597616,4.54928391717256
NA,NA,NA
659.616118287678,333.703163651273,3.58379641681464
454.179667430748,300.73053373879,3.35592062165349
11.5062833999276,490.082956938193,3.55904748257121
561.039327357549,52.949203052059,4.17343842607429
71.0241780665156,377.489385893379,4.0512824998634
233.018495773606,413.073306353221,3.87127441265695
427.718237393861,13.1977716198419,3.32869723539143
359.939972352696,293.632963171404,2.92250912151884
604.770083457254,106.018802435899,4.2162592006774
389.020416221158,230.716015018814,4.20772147499977
574.665822024005,408.836517995466,4.68941723046655
136.747095050182,281.214571641392,4.69572399879538
199.940099171679,371.068949022159,3.96696120926303
128.214660524573,407.578730377739,3.4762178357576
623.811496779733,314.365831332529,4.59381516039212
3.90011837818576,144.242825927529,4.21439049680795
542.704593798707,206.82470060274,4.14227866103093
32.7337383388136,489.476155629139,2.89966225636823
280.126220678571,22.0203050104188,3.83955195660599
533.942875158878,394.811574142216,3.33766068019316
69.8008007736457,80.1735860991802,5.25548230006921
4.6269305186547,74.5189618833385,3.47638215176493
591.527735361972,226.857922718511,4.00690603944483
443.527166748532,451.211163567299,4.78595188961461
656.702118060653,373.970471944738,3.03650593523812
103.989471305839,484.061743772702,4.31298530351691
622.928180875044,94.6709250802946,4.09046038206106
420.075000050126,257.613990169395,3.61565894926002
11.909622884447,180.088271140352,3.11205399408042
61.4128233507766,111.682871577354,4.62535424222821
613.335281662634,201.965178503473,4.25900799963165
259.398453226158,221.222595520877,3.83770237919028
568.313536025445,441.076381827881,3.6894457421267
302.062386092126,138.405480942326,4.01576258847482
529.36894987092,466.026600962511,3.6642893632994
37.1668413079943,416.661126760453,3.82020022495269
206.963222596224,291.882578819266,4.09021903407613
546.080335658852,253.811403505524,3.70507783934702
179.119375219914,33.7366045436105,4.2346446031402
504.963396413757,350.499948751398,4.60482698223252
44.3621401437383,49.2586687830235,4.20851407735183
534.659825972339,138.201607597616,4.54928391717256
NA,NA,NA
659.616118287678,333.703163651273,3.58379641681464
454.179667430748,300.73053373879,3.35592062165349
11.5062833999276,490.082956938193,3.55904748257121
561.039327357549,52.949203052059,4.17343842607429
71.0241780665156,377.489385893379,4.0512824998634
233.018495773606,413.073306353221,3.87127441265695
427.718237393861,13.1977716198419,3.32869723539143
359.939972352696,293.632963171404,2.92250912151884
604.770083457254,106.018802435899,4.2162592006774
389.020416221158,230.716015018814,4.20772147499977
574.665822024005,408.836517995466,4.68941723046655
136.747095050182,281.214571641392,4.69572399879538
199.940099171679,371.068949022159,3.96696120926303
128.214660524573,407.578730377739,3.4762178357576
623.811496779733,314.365831332529,4.59381516039212
3.90011837818576,144.242825927529,4.21439049680795
542.704593798707,206.82470060274,4.14227866103093
32.7337383388136,489.476155629139,2.89966225636823
280.126220678571,22.0203050104188,3.83955195660599
533.942875158878,394.811574142216,3.33766068019316
69.8008007736457,80.1735860991802,5.25548230006921
4.6269305186547,74.5189618833385,3.47638215176493
591.527735361972,226.857922718511,4.00690603944483
443.527166748532,451.211163567299,4.78595188961461
656.702118060653,373.970471944738,3.03650593523812
103.989471305839,484.061743772702,4.31298530351691
622.928180875044,94.6709250802946,4.09046038206106
420.075000050126,257.613990169395,3.61565894926002
11.909622884447,180.088271140352,3.11205399408042
61.4128233507766,111.682871577354,4.62535424222821
613.335281662634,201.965178503473,4.25900799963165
259.398453226158,221.222595520877,3.83770237919028
568.313536025445,441.076381827881,3.6894457421267
302.062386092126,138.405480942326,4.01576258847482
529.36894987092,466.026600962511,3.6642893632994
37.1668413079943,416.661126760453,3.82020022495269
206.963222596224,291.882578819266,4.09021903407613
546.080335658852,253.811403505524,3.70507783934702
179.119375219914,33.7366045436105,4.2346446031402
504.963396413757,350.499948751398,4.60482698223252
44.3621401437383,49.2586687830235,4.20851407735183
534.659825972339,138.201607597616,4.54928391717256
NA,NA,NA
659.616118287678,333.703163651273,3.58379641681464
454.179667430748,300.73053373879,3.35592062165349
11.5062833999276,490.082956938193,3.55904748257121
561.039327357549,52.949203052059,4.17343842607429
71.0241780665156,377.489385893379,4.0512824998634
233.018495773606,413.073306353221,3.87127441265695
427.718237393861,13.1977716198419,3.32869723539143
359.939972352696,293.632963171404,2.92250912151884
604.770083457254,106.018802435899,4.2162592006774
389.020416221158,230.716015018814,4.20772147499977
574.665822024005,408.836517995466,4.68941723046655
136.747095050182,281.214571641392,4.69572399879538
199.940099171679,371.068949022159,3.96696120926303
128.214660524573,407.578730377739,3.4762178357576
623.811496779733,314.365831332529,4.59381516039212
3.90011837818576,144.242825927529,4.21439049680795
542.704593798707,206.82470060274,4.14227866103093
32.7337383388136,489.476155629139,2.89966225636823
280.126220678571,22.0203050104188,3.83955195660599
533.942875158878,394.811574142216,3.33766068019316
69.8008007736457,80.1735860991802,5.25548230006921
4.6269305186547,74.5189618833385,3.47638215176493
591.527735361972,226.857922718511,4.00690603944483
443.527166748532,451.211163567299,4.78595188961461
656.702118060653,373.970471944738,3.03650593523812
103.989471305839,484.061743772702,4.31298530351691
622.928180875044,94.6709250802946,4.09046038206106
420.075000050126,257.613990169395,3.61565894926002
11.909622884447,180.088271140352,3.11205399408042
61.4128233507766,111.682871577354,4.62535424222821
613.335281662634,201.965178503473,4.25900799963165
259.398453226158,221.222595520877,3.83770237919028
568.313536025445,441.076381827881,3.6894457421267
302.062386092126,138.405480942326,4.01576258847482
529.36894987092,466.026600962511,3.6642893632994
37.1668413079943,416.661126760453,3.82020022495269
206.963222596224,291.882578819266,4.09021903407613
546.080335658852,253.811403505524,3.70507783934702
179.119375219914,33.7366045436105,4.2346446031402
504.963396413757,350.499948751398,4.60482698223252
44.3621401437383,49.2586687830235,4.20851407735183
534.659825972339,138.201607597616,4.54928391717256
NA,NA,NA
659.616118287678,333.703163651273,3.58379641681464
454.179667430748,300.73053373879,3.35592062165349
11.5062833999276,490.082956938193,3.55904748257121
561.039327357549,52.949203052059,4.17343842607429
71.0241780665156,377.489385893379,4.0512824998634
233.018495773606,413.073306353221,3.87127441265695
427.718237393861,13.1977716198419,3.32869723539143
359.939972352696,293.632963171404,2.92250912151884
604.770083457254,106.018802435899,4.2162592006774
389.020416221158,230.716015018814,4.20772147499977
574.665822024005,408.836517995466,4.68941723046655
136.747095050182,281.214571641392,4.69572399879538
199.940099171679,371.068949022159,3.96696120926303
128.214660524573,407.578730377739,3.4762178357576
623.811496779733,314.365831332529,4.59381516039212
3.90011837818576,144.242825927529,4.21439049680795
542.704593798707,206.82470060274,4.14227866103093
32.7337383388136,489.476155629139,2.89966225636823
280.126220678571,22.0203050104188,3.83955195660599
533.942875158878,394.811574142216,3.33766068019316
69.8008007736457,80.1735860991802,5.25548230006921
4.6269305186547,74.5189618833385,3.47638215176493
591.527735361972,226.857922718511,4.00690603944483
443.527166748532,451.211163567299,4.78595188961461
656.702118060653,373.970471944738,3.03650593523812
103.989471305839,484.061743772702,4.31298530351691
622.928180875044,94.6709250802946,4.09046038206106
420.075000050126,257.613990169395,3.61565894926002
11.909622884447,180.088271140352,3.11205399408042
61.4128233507766,111.682871577354,4.62535424222821
613.335281662634,201.965178503473,4.25900799963165
259.398453226158,221.222595520877,3.83770237919028
568.313536025445,441.076381827881,3.6894457421267
302.062386092126,138.405480942326,4.01576258847482
529.36894987092,466.026600962511,3.6642893632994
37.1668413079943,416.661126760453,3.82020022495269
206.963222596224,291.882578819266,4.09021903407613
546.080335658852,253.811403505524,3.70507783934702
179.119375219914,33.7366045436105,4.2346446031402
504.963396413757,350.499948751398,4.60482698223252
44.3621401437383,49.2586687830235,4.20851407735183
534.659825972339,138.201607597616,4.54928391717256
NA,NA,NA
659.616118287678,333.703163651273,3.58379641681464
454.179667430748,300.73053373879,3.35592062165349
11.5062833999276,490.082956938193,3.55904748257121
561.039327357549,52.949203052059,4.17343842607429
71.0241780665156,377.489385893379,4.0512824998634
233.018495773606,413.073306353221,3.87127441265695
427.718237393861,13.1977716198419,3.32869723539143
359.939972352696,293.632963171404,2.92250912151884
604.770083457254,106.018802435899,4.2162592006774
389.020416221158,230.716015018814,4.20772147499977
574.665822024005,408.836517995466,4.68941723046655
136.747095050182,281.214571641392,4.69572399879538
199.940099171679,371.068949022159,3.96696120926303
128.214660524573,407.578730377739,3.4762178357576
623.811496779733,314.365831332529,4.59381516039212
3.90011837818576,144.242825927529,4.21439049680795
542.704593798707,206.82470060274,4.14227866103093
32.7337383388136,489.476155629139,2.89966225636823
280.126220678571,22.0203050104188,3.83955195660599
533.942875158878,394.811574142216,3.33766068019316
69.8008007736457,80.1735860991802,5.25548230006921
4.6269305186547,74.5189618833385,3.47638215176493
591.527735361972,226.857922718511,4.00690603944483
443.527166748532,451.211163567299,4.78595188961461
656.702118060653,373.970471944738,3.03650593523812
103.989471305839,484.061743772702,4.31298530351691
622.928180875044,94.6709250802946,4.09046038206106
420.075000050126,257.613990169395,3.61565894926002
11.909622884447,180.088271140352,3.11205399408042
61.4128233507766,111.682871577354,4.62535424222821
613.335281662634,201.965178503473,4.25900799963165
259.398453226158,221.222595520877,3.83770237919028
568.313536025445,441.076381827881,3.6894457421267
302.062386092126,138.405480942326,4.01576258847482
529.36894987092,466.026600962511,3.6642893632994
37.1668413079943,416.661126760453,3.82020022495269
206.963222596224,291.882578819266,4.09021903407613
546.080335658852,253.811403505524,3.70507783934702
179.119375219914,33.7366045436105,4.2346446031402
504.963396413757,350.499948751398,4.60482698223252
44.3621401437383,49.2586687830235,4.20851407735183
534.659825972339,138.201607597616,4.54928391717256
NA,NA,NA
662.28415641715,334.922460820469,3.60396049929036
455.837480325687,297.578862725714,3.44752632889158
11.4486867002239,493.481621922331,3.63938143601309
556.734534344377,56.8590294357233,4.16393779494478
71.1378675495011,376.647007796033,3.96248651588763
227.991435879613,416.518714737888,3.89289233155996
428.800757383901,12.136628149307,3.20361707472508
363.335992297875,291.584282841512,2.97321054607645
606.321579667041,107.264676083974,4.25030962768741
387.259717943869,225.889605636759,4.2344669634032
566.856872274557,404.602996466841,4.70102954719176
141.323962470469,279.255067510938,4.68855756275685
198.927623886025,371.714788611467,3.98337888232438
128.481486984774,412.669054280907,3.45771844170604
624.757481185169,313.47729298912,4.53941520627729
-0.548624570832677,148.55713200208,4.23806427097316
541.707749743802,203.200389499837,4.1840233769273
35.4318709104371,491.511495431585,3.02547622470581
283.058854112186,22.2411982046038,3.83788502889217
537.69152733289,393.24186715251,3.4597859023145
68.9599478421089,80.4888481774308,5.33756229947303
6.06279807699636,77.8090542179837,3.4699116473706
587.036461898185,225.879957823034,4.02067916268075
445.357344490996,457.217315805658,4.78780961203625
657.094704358644,372.90863140679,2.98024495044302
106.713142364769,492.700181275676,4.32245072756344
621.857637670717,91.1597607440215,4.06073624303959
418.739946865552,260.73059995801,3.65056159145572
12.1615050646504,181.718952879015,3.24971384510238
69.7978477529172,133.935750634378,4.51438200863236
605.781566381783,206.878508516193,3.81566567718373
253.596481998947,215.29742672569,3.93575364418428
576.663060759715,439.885642188251,4.09099014118939
297.730004021616,138.996929748008,3.57484859274251
531.621228811361,459.980417057082,3.58367841884935
42.1741103485483,419.70781579001,3.79391243060332
200.099030034505,282.959170052593,3.94204159198662
554.494105476813,261.354353926056,3.46915989248865
186.835396861082,23.1864242288712,3.76812155528559
510.984887133035,339.138453372839,4.72026177791509
34.4522772824471,59.0056449711656,3.81511818094931
520.024357948793,145.865833817091,4.8884450172719
NA,NA,NA
662.28415641715,334.922460820469,3.60396049929036
455.837480325687,297.578862725714,3.44752632889158
11.4486867002239,493.481621922331,3.63938143601309
556.734534344377,56.8590294357233,4.16393779494478
71.1378675495011,376.647007796033,3.96248651588763
227.991435879613,416.518714737888,3.89289233155996
428.800757383901,12.136628149307,3.20361707472508
363.335992297875,291.584282841512,2.97321054607645
606.321579667041,107.264676083974,4.25030962768741
387.259717943869,225.889605636759,4.2344669634032
566.856872274557,404.602996466841,4.70102954719176
141.323962470469,279.255067510938,4.68855756275685
198.927623886025,371.714788611467,3.98337888232438
128.481486984774,412.669054280907,3.45771844170604
624.757481185169,313.47729298912,4.53941520627729
-0.548624570832677,148.55713200208,4.23806427097316
541.707749743802,203.200389499837,4.1840233769273
35.4318709104371,491.511495431585,3.02547622470581
283.058854112186,22.2411982046038,3.83788502889217
537.69152733289,393.24186715251,3.4597859023145
68.9599478421089,80.4888481774308,5.33756229947303
6.06279807699636,77.8090542179837,3.4699116473706
587.036461898185,225.879957823034,4.02067916268075
445.357344490996,457.217315805658,4.78780961203625
657.094704358644,372.90863140679,2.98024495044302
106.713142364769,492.700181275676,4.32245072756344
621.857637670717,91.1597607440215,4.06073624303959
418.739946865552,260.73059995801,3.65056159145572
12.1615050646504,181.718952879015,3.24971384510238
69.7978477529172,133.935750634378,4.51438200863236
605.781566381783,206.878508516193,3.81566567718373
253.596481998947,215.29742672569,3.93575364418428
576.663060759715,439.885642188251,4.09099014118939
297.730004021616,138.996929748008,3.57484859274251
531.621228811361,459.980417057082,3.58367841884935
42.1741103485483,419.70781579001,3.79391243060332
200.099030034505,282.959170052593,3.94204159198662
554.494105476813,261.354353926056,3.46915989248865
186.835396861082,23.1864242288712,3.76812155528559
510.984887133035,339.138453372839,4.72026177791509
34.4522772824471,59.0056449711656,3.81511818094931
520.024357948793,145.865833817091,4.8884450172719
NA,NA,NA
662.28415641715,334.922460820469,3.60396049929036
455.837480325687,297.578862725714,3.44752632889158
11.4486867002239,493.481621922331,3.63938143601309
556.734534344377,56.8590294357233,4.16393779494478
71.1378675495011,376.647007796033,3.96248651588763
227.991435879613,416.518714737888,3.89289233155996
428.800757383901,12.136628149307,3.20361707472508
363.335992297875,291.584282841512,2.97321054607645
606.321579667041,107.264676083974,4.25030962768741
387.259717943869,225.889605636759,4.2344669634032
566.856872274557,404.602996466841,4.70102954719176
141.323962470469,279.255067510938,4.68855756275685
198.927623886025,371.714788611467,3.98337888232438
128.481486984774,412.669054280907,3.45771844170604
624.757481185169,313.47729298912,4.53941520627729
-0.548624570832677,148.55713200208,4.23806427097316
541.707749743802,203.200389499837,4.1840233769273
35.4318709104371,491.511495431585,3.02547622470581
283.058854112186,22.2411982046038,3.83788502889217
537.69152733289,393.24186715251,3.4597859023145
68.9599478421089,80.4888481774308,5.33756229947303
6.06279807699636,77.8090542179837,3.4699116473706
587.036461898185,225.879957823034,4.02067916268075
445.357344490996,457.217315805658,4.78780961203625
657.094704358644,372.90863140679,2.98024495044302
106.713142364769,492.700181275676,4.32245072756344
621.857637670717,91.1597607440215,4.06073624303959
418.739946865552,260.73059995801,3.65056159145572
12.1615050646504,181.718952879015,3.24971384510238
69.7978477529172,133.935750634378,4.51438200863236
605.781566381783,206.878508516193,3.81566567718373
253.596481998947,215.29742672569,3.93575364418428
576.663060759715,439.885642188251,4.09099014118939
297.730004021616,138.996929748008,3.57484859274251
531.621228811361,459.980417057082,3.58367841884935
42.1741103485483,419.70781579001,3.79391243060332
200.099030034505,282.959170052593,3.94204159198662
554.494105476813,261.354353926056,3.46915989248865
186.835396861082,23.1864242288712,3.76812155528559
510.984887133035,339.138453372839,4.72026177791509
34.4522772824471,59.0056449711656,3.81511818094931
520.024357948793,145.865833817091,4.8884450172719
NA,NA,NA
662.28415641715,334.922460820469,3.60396049929036
455.837480325687,297.578862725714,3.44752632889158
11.4486867002239,493.481621922331,3.63938143601309
556.734534344377,56.8590294357233,4.16393779494478
71.1378675495011,376.647007796033,3.96248651588763
227.991435879613,416.518714737888,3.89289233155996
428.800757383901,12.136628149307,3.20361707472508
363.335992297875,291.584282841512,2.97321054607645
606.321579667041,107.264676083974,4.25030962768741
387.259717943869,225.889605636759,4.2344669634032
566.856872274557,404.602996466841,4.70102954719176
141.323962470469,279.255067510938,4.68855756275685
198.927623886025,371.714788611467,3.98337888232438
128.481486984774,412.669054280907,3.45771844170604
624.757481185169,313.47729298912,4.53941520627729
-0.548624570832677,148.55713200208,4.23806427097316
541.707749743802,203.200389499837,4.1840233769273
35.4318709104371,491.511495431585,3.02547622470581
283.058854112186,22.2411982046038,3.83788502889217
537.69152733289,393.24186715251,3.4597859023145
68.9599478421089,80.4888481774308,5.33756229947303
6.06279807699636,77.8090542179837,3.4699116473706
587.036461898185,225.879957823034,4.02067916268075
445.357344490996,457.217315805658,4.78780961203625
657.094704358644,372.90863140679,2.98024495044302
106.713142364769,492.700181275676,4.32245072756344
621.857637670717,91.1597607440215,4.06073624303959
418.739946865552,260.73059995801,3.65056159145572
12.1615050646504,181.718952879015,3.24971384510238
69.7978477529172,133.935750634378,4.51438200863236
605.781566381783,206.878508516193,3.81566567718373
253.596481998947,215.29742672569,3.93575364418428
576.663060759715,439.885642188251,4.09099014118939
297.730004021616,138.996929748008,3.57484859274251
531.621228811361,459.980417057082,3.58367841884935
42.1741103485483,419.70781579001,3.79391243060332
200.099030034505,282.959170052593,3.94204159198662
554.494105476813,261.354353926056,3.46915989248865
186.835396861082,23.1864242288712,3.76812155528559
510.984887133035,339.138453372839,4.72026177791509
34.4522772824471,59.0056449711656,3.81511818094931
520.024357948793,145.865833817091,4.8884450172719
NA,NA,NA
662.28415641715,334.922460820469,3.60396049929036
455.837480325687,297.578862725714,3.44752632889158
11.4486867002239,493.481621922331,3.63938143601309
556.734534344377,56.8590294357233,4.16393779494478
71.1378675495011,376.647007796033,3.96248651588763
227.991435879613,416.518714737888,3.89289233155996
428.800757383901,12.136628149307,3.20361707472508
363.335992297875,291.584282841512,2.97321054607645
606.321579667041,107.264676083974,4.25030962768741
387.259717943869,225.889605636759,4.2344669634032
566.856872274557,404.602996466841,4.70102954719176
141.323962470469,279.255067510938,4.68855756275685
198.927623886025,371.714788611467,3.98337888232438
128.481486984774,412.669054280907,3.45771844170604
624.757481185169,313.47729298912,4.53941520627729
-0.548624570832677,148.55713200208,4.23806427097316
541.707749743802,203.200389499837,4.1840233769273
35.4318709104371,491.511495431585,3.02547622470581
283.058854112186,22.2411982046038,3.83788502889217
537.69152733289,393.24186715251,3.4597859023145
68.9599478421089,80.4888481774308,5.33756229947303
6.06279807699636,77.8090542179837,3.4699116473706
587.036461898185,225.879957823034,4.02067916268075
445.357344490996,457.217315805658,4.78780961203625
657.094704358644,372.90863140679,2.98024495044302
106.713142364769,492.700181275676,4.32245072756344
621.857637670717,91.1597607440215,4.06073624303959
418.739946865552,260.73059995801,3.65056159145572
12.1615050646504,181.718952879015,3.24971384510238
69.7978477529172,133.935750634378,4.51438200863236
605.781566381783,206.878508516193,3.81566567718373
253.596481998947,215.29742672569,3.93575364418428
576.663060759715,439.885642188251,4.09099014118939
297.730004021616,138.996929748008,3.57484859274251
531.621228811361,459.980417057082,3.58367841884935
42.1741103485483,419.70781579001,3.79391243060332
200.099030034505,282.959170052593,3.94204159198662
554.494105476813,261.354353926056,3.46915989248865
186.835396861082,23.1864242288712,3.76812155528559
510.984887133035,339.138453372839,4.72026177791509
34.4522772824471,59.0056449711656,3.81511818094931
520.024357948793,145.865833817091,4.8884450172719
NA,NA,NA
662.28415641715,334.922460820469,3.60396049929036
455.837480325687,297.578862725714,3.44752632889158
11.4486867002239,493.481621922331,3.63938143601309
556.734534344377,56.8590294357233,4.16393779494478
71.1378675495011,376.647007796033,3.96248651588763
227.991435879613,416.518714737888,3.89289233155996
428.800757383901,12.136628149307,3.20361707472508
363.335992297875,291.584282841512,2.97321054607645
606.321579667041,107.264676083974,4.25030962768741
387.259717943869,225.889605636759,4.2344669634032
566.856872274557,404.602996466841,4.70102954719176
141.323962470469,279.255067510938,4.68855756275685
198.927623886025,371.714788611467,3.98337888232438
128.481486984774,412.669054280907,3.45771844170604
624.757481185169,313.47729298912,4.53941520627729
-0.548624570832677,148.55713200208,4.23806427097316
541.707749743802,203.200389499837,4.1840233769273
35.4318709104371,491.511495431585,3.02547622470581
283.058854112186,22.2411982046038,3.83788502889217
537.69152733289,393.24186715251,3.4597859023145
68.9599478421089,80.4888481774308,5.33756229947303
6.06279807699636,77.8090542179837,3.4699116473706
587.036461898185,225.879957823034,4.02067916268075
445.357344490996,457.217315805658,4.78780961203625
657.094704358644,372.90863140679,2.98024495044302
106.713142364769,492.700181275676,4.32245072756344
621.857637670717,91.1597607440215,4.06073624303959
418.739946865552,260.73059995801,3.65056159145572
12.1615050646504,181.718952879015,3.24971384510238
69.7978477529172,133.935750634378,4.51438200863236
605.781566381783,206.878508516193,3.81566567718373
253.596481998947,215.29742672569,3.93575364418428
576.663060759715,439.885642188251,4.09099014118939
297.730004021616,138.996929748008,3.57484859274251
531.621228811361,459.980417057082,3.58367841884935
42.1741103485483,419.70781579001,3.79391243060332
200.099030034505,282.959170052593,3.94204159198662
554.494105476813,261.354353926056,3.46915989248865
186.835396861082,23.1864242288712,3.76812155528559
510.984887133035,339.138453372839,4.72026177791509
34.4522772824471,59.0056449711656,3.81511818094931
520.024357948793,145.865833817091,4.8884450172719
NA,NA,NA
662.152072273385,337.504275968211,3.48047197216839
458.711864694889,299.762881315613,3.63835484545979
10.9823956045673,498.074988576588,3.6653489521063
562.137687834503,58.4485853301866,4.24759569007768
74.4375867288674,377.873010017354,4.01908954200741
227.226272267029,410.369559923763,3.97022242025466
429.467369483506,14.4884496672431,3.27106134553757
362.15948552456,293.08271109683,3.10465214630744
606.190667636554,102.622377255199,4.18153596577716
395.558183650856,231.901598189341,4.22099271600108
565.647399218105,406.581060638226,4.64272109930049
141.060516794306,287.153603321634,4.69750381669869
193.523097306519,372.627083856462,4.03590187938568
125.1940768666,409.368405480747,3.47135361634769
619.190770253942,310.526013817076,4.70809908920256
3.11425322290476,150.597645936632,4.35184419193596
544.432396231368,202.127648627594,4.05617521017184
35.1741696976243,490.0302086596,3.07479766746107
281.196776078951,23.9706360471623,4.02653793259207
536.346525549831,390.155044809061,3.46939288364505
71.852949134931,71.1028764256096,5.33195525226981
4.00010692177813,77.0518348497805,3.6404207828998
585.629438334221,228.053887215526,4.08505342035322
440.644216111376,462.442252776988,4.73063064689178
658.044106408014,373.642721034891,3.11817410126794
105.165673885781,486.234726338064,4.38556781295772
627.015891777109,94.6115844511885,4.13758939145324
419.095867096446,257.015729535545,3.65446846206791
11.3352026019494,181.351309294252,3.39078223466871
57.5160725765347,113.38672753524,4.46430554310221
621.309397424759,191.524876053294,3.88844930190615
261.220127087682,218.100998131738,3.64164784803531
571.252494379984,441.257448358729,3.65958006841051
301.655824348026,134.477374418329,4.04069168743268
531.325381716614,466.629412205936,3.44644638932737
43.5195635251498,415.217340870568,3.94704382864924
196.777367331765,284.954277125822,4.15174362672411
552.625033341376,258.658408037775,3.88028439949096
164.04796006601,23.0748145820048,4.12683772881555
494.014684605292,340.121561497951,4.22344254047431
41.3097987935718,47.9483745094836,3.85690708560743
530.301301752902,139.126623849493,4.35567458817814
NA,NA,NA
662.152072273385,337.504275968211,3.48047197216839
458.711864694889,299.762881315613,3.63835484545979
10.9823956045673,498.074988576588,3.6653489521063
562.137687834503,58.4485853301866,4.24759569007768
74.4375867288674,377.873010017354,4.01908954200741
227.226272267029,410.369559923763,3.97022242025466
429.467369483506,14.4884496672431,3.27106134553757
362.15948552456,293.08271109683,3.10465214630744
606.190667636554,102.622377255199,4.18153596577716
395.558183650856,231.901598189341,4.22099271600108
565.647399218105,406.581060638226,4.64272109930049
141.060516794306,287.153603321634,4.69750381669869
193.523097306519,372.627083856462,4.03590187938568
125.1940768666,409.368405480747,3.47135361634769
619.190770253942,310.526013817076,4.70809908920256
3.11425322290476,150.597645936632,4.35184419193596
544.432396231368,202.127648627594,4.05617521017184
35.1741696976243,490.0302086596,3.07479766746107
281.196776078951,23.9706360471623,4.02653793259207
536.346525549831,390.155044809061,3.46939288364505
71.852949134931,71.1028764256096,5.33195525226981
4.00010692177813,77.0518348497805,3.6404207828998
585.629438334221,228.053887215526,4.08505342035322
440.644216111376,462.442252776988,4.73063064689178
658.044106408014,373.642721034891,3.11817410126794
105.165673885781,486.234726338064,4.38556781295772
627.015891777109,94.6115844511885,4.13758939145324
419.095867096446,257.015729535545,3.65446846206791
11.3352026019494,181.351309294252,3.39078223466871
57.5160725765347,113.38672753524,4.46430554310221
621.309397424759,191.524876053294,3.88844930190615
261.220127087682,218.100998131738,3.64164784803531
571.252494379984,441.257448358729,3.65958006841051
301.655824348026,134.477374418329,4.04069168743268
531.325381716614,466.629412205936,3.44644638932737
43.5195635251498,415.217340870568,3.94704382864924
196.777367331765,284.954277125822,4.15174362672411
552.625033341376,258.658408037775,3.88028439949096
164.04796006601,23.0748145820048,4.12683772881555
494.014684605292,340.121561497951,4.22344254047431
41.3097987935718,47.9483745094836,3.85690708560743
530.301301752902,139.126623849493,4.35567458817814
NA,NA,NA
662.152072273385,337.504275968211,3.48047197216839
458.711864694889,299.762881315613,3.63835484545979
10.9823956045673,498.074988576588,3.6653489521063
562.137687834503,58.4485853301866,4.24759569007768
74.4375867288674,377.873010017354,4.01908954200741
227.226272267029,410.369559923763,3.97022242025466
429.467369483506,14.4884496672431,3.27106134553757
362.15948552456,293.08271109683,3.10465214630744
606.190667636554,102.622377255199,4.18153596577716
395.558183650856,231.901598189341,4.22099271600108
565.647399218105,406.581060638226,4.64272109930049
141.060516794306,287.153603321634,4.69750381669869
193.523097306519,372.627083856462,4.03590187938568
125.1940768666,409.368405480747,3.47135361634769
619.190770253942,310.526013817076,4.70809908920256
3.11425322290476,150.597645936632,4.35184419193596
544.432396231368,202.127648627594,4.05617521017184
35.1741696976243,490.0302086596,3.07479766746107
281.196776078951,23.9706360471623,4.02653793259207
536.346525549831,390.155044809061,3.46939288364505
71.852949134931,71.1028764256096,5.33195525226981
4.00010692177813,77.0518348497805,3.6404207828998
585.629438334221,228.053887215526,4.08505342035322
440.644216111376,462.442252776988,4.73063064689178
658.044106408014,373.642721034891,3.11817410126794
105.165673885781,486.234726338064,4.38556781295772
627.015891777109,94.6115844511885,4.13758939145324
419.095867096446,257.015729535545,3.65446846206791
11.3352026019494,181.351309294252,3.39078223466871
57.5160725765347,113.38672753524,4.46430554310221
621.309397424759,191.524876053294,3.88844930190615
261.220127087682,218.100998131738,3.64164784803531
571.252494379984,441.257448358729,3.65958006841051
301.655824348026,134.477374418329,4.04069168743268
531.325381716614,466.629412205936,3.44644638932737
43.5195635251498,415.217340870568,3.94704382864924
196.777367331765,284.954277125822,4.15174362672411
552.625033341376,258.658408037775,3.88028439949096
164.04796006601,23.0748145820048,4.12683772881555
494.014684605292,340.121561497951,4.22344254047431
41.3097987935718,47.9483745094836,3.85690708560743
530.301301752902,139.126623849493,4.35567458817814
NA,NA,NA
662.152072273385,337.504275968211,3.48047197216839
458.711864694889,299.762881315613,3.63835484545979
10.9823956045673,498.074988576588,3.6653489521063
562.137687834503,58.4485853301866,4.24759569007768
74.4375867288674,377.873010017354,4.01908954200741
227.226272267029,410.369559923763,3.97022242025466
429.467369483506,14.4884496672431,3.27106134553757
362.15948552456,293.08271109683,3.10465214630744
606.190667636554,102.622377255199,4.18153596577716
395.558183650856,231.901598189341,4.22099271600108
565.647399218105,406.581060638226,4.64272109930049
141.060516794306,287.153603321634,4.69750381669869
193.523097306519,372.627083856462,4.03590187938568
125.1940768666,409.368405480747,3.47135361634769
619.190770253942,310.526013817076,4.70809908920256
3.11425322290476,150.597645936632,4.35184419193596
544.432396231368,202.127648627594,4.05617521017184
35.1741696976243,490.0302086596,3.07479766746107
281.196776078951,23.9706360471623,4.02653793259207
536.346525549831,390.155044809061,3.46939288364505
71.852949134931,71.1028764256096,5.33195525226981
4.00010692177813,77.0518348497805,3.6404207828998
585.629438334221,228.053887215526,4.08505342035322
440.644216111376,462.442252776988,4.73063064689178
658.044106408014,373.642721034891,3.11817410126794
105.165673885781,486.234726338064,4.38556781295772
627.015891777109,94.6115844511885,4.13758939145324
419.095867096446,257.015729535545,3.65446846206791
11.3352026019494,181.351309294252,3.39078223466871
57.5160725765347,113.38672753524,4.46430554310221
621.309397424759,191.524876053294,3.88844930190615
261.220127087682,218.100998131738,3.64164784803531
571.252494379984,441.257448358729,3.65958006841051
301.655824348026,134.477374418329,4.04069168743268
531.325381716614,466.629412205936,3.44644638932737
43.5195635251498,415.217340870568,3.94704382864924
196.777367331765,284.954277125822,4.15174362672411
552.625033341376,258.658408037775,3.88028439949096
164.04796006601,23.0748145820048,4.12683772881555
494.014684605292,340.121561497951,4.22344254047431
41.3097987935718,47.9483745094836,3.85690708560743
530.301301752902,139.126623849493,4.35567458817814
NA,NA,NA
662.152072273385,337.504275968211,3.48047197216839
458.711864694889,299.762881315613,3.63835484545979
10.9823956045673,498.074988576588,3.6653489521063
562.137687834503,58.4485853301866,4.24759569007768
74.4375867288674,377.873010017354,4.01908954200741
227.226272267029,410.369559923763,3.97022242025466
429.467369483506,14.4884496672431,3.27106134553757
362.15948552456,293.08271109683,3.10465214630744
606.190667636554,102.622377255199,4.18153596577716
395.558183650856,231.901598189341,4.22099271600108
565.647399218105,406.581060638226,4.64272109930049
141.060516794306,287.153603321634,4.69750381669869
193.523097306519,372.627083856462,4.03590187938568
125.1940768666,409.368405480747,3.47135361634769
619.190770253942,310.526013817076,4.70809908920256
3.11425322290476,150.597645936632,4.35184419193596
544.432396231368,202.127648627594,4.05617521017184
35.1741696976243,490.0302086596,3.07479766746107
281.196776078951,23.9706360471623,4.02653793259207
536.346525549831,390.155044809061,3.46939288364505
71.852949134931,71.1028764256096,5.33195525226981
4.00010692177813,77.0518348497805,3.6404207828998
585.629438334221,228.053887215526,4.08505342035322
440.644216111376,462.442252776988,4.73063064689178
658.044106408014,373.642721034891,3.11817410126794
105.165673885781,486.234726338064,4.38556781295772
627.015891777109,94.6115844511885,4.13758939145324
419.095867096446,257.015729535545,3.65446846206791
11.3352026019494,181.351309294252,3.39078223466871
57.5160725765347,113.38672753524,4.46430554310221
621.309397424759,191.524876053294,3.88844930190615
261.220127087682,218.100998131738,3.64164784803531
571.252494379984,441.257448358729,3.65958006841051
301.655824348026,134.477374418329,4.04069168743268
531.325381716614,466.629412205936,3.44644638932737
43.5195635251498,415.217340870568,3.94704382864924
196.777367331765,284.954277125822,4.15174362672411
552.625033341376,258.658408037775,3.88028439949096
164.04796006601,23.0748145820048,4.12683772881555
494.014684605292,340.121561497951,4.22344254047431
41.3097987935718,47.9483745094836,3.85690708560743
530.301301752902,139.126623849493,4.35567458817814
NA,NA,NA
662.152072273385,337.504275968211,3.48047197216839
458.711864694889,299.762881315613,3.63835484545979
10.9823956045673,498.074988576588,3.6653489521063
562.137687834503,58.4485853301866,4.24759569007768
74.4375867288674,377.873010017354,4.01908954200741
227.226272267029,410.369559923763,3.97022242025466
429.467369483506,14.4884496672431,3.27106134553757
362.15948552456,293.08271109683,3.10465214630744
606.190667636554,102.622377255199,4.18153596577716
395.558183650856,231.901598189341,4.22099271600108
565.647399218105,406.581060638226,4.64272109930049
141.060516794306,287.153603321634,4.69750381669869
193.523097306519,372.627083856462,4.03590187938568
125.1940768666,409.368405480747,3.47135361634769
619.190770253942,310.526013817076,4.70809908920256
3.11425322290476,150.597645936632,4.35184419193596
544.432396231368,202.127648627594,4.05617521017184
35.1741696976243,490.0302086596,3.07479766746107
281.196776078951,23.9706360471623,4.02653793259207
536.346525549831,390.155044809061,3.46939288364505
71.852949134931,71.1028764256096,5.33195525226981
4.00010692177813,77.0518348497805,3.6404207828998
585.629438334221,228.053887215526,4.08505342035322
440.644216111376,462.442252776988,4.73063064689178
658.044106408014,373.642721034891,3.11817410126794
105.165673885781,486.234726338064,4.38556781295772
627.015891777109,94.6115844511885,4.13758939145324
419.095867096446,257.015729535545,3.65446846206791
11.3352026019494,181.351309294252,3.39078223466871
57.5160725765347,113.38672753524,4.46430554310221
621.309397424759,191.524876053294,3.88844930190615
261.220127087682,218.100998131738,3.64164784803531
571.252494379984,441.257448358729,3.65958006841051
301.655824348026,134.477374418329,4.04069168743268
531.325381716614,466.629412205936,3.44644638932737
43.5195635251498,415.217340870568,3.94704382864924
196.777367331765,284.954277125822,4.15174362672411
552.625033341376,258.658408037775,3.88028439949096
164.04796006601,23.0748145820048,4.12683772881555
494.014684605292,340.121561497951,4.22344254047431
41.3097987935718,47.9483745094836,3.85690708560743
530.301301752902,139.126623849493,4.35567458817814
NA,NA,NA
662.369228677839,333.84433997752,3.42377843612402
455.774252436916,296.637645787368,3.4817640335712
16.4263265235854,493.78301778419,3.72941715017214
558.546352716299,51.6633602219172,4.24912312354911
70.3374871145259,370.208537115372,4.00966835090399
229.862071719986,413.895572457159,4.04531258697165
427.96464162342,14.7392582054335,3.22576232284106
362.856895961669,294.607661022648,2.92818773928495
603.3543678227,102.219821890051,4.38832246406262
387.336212197309,231.144381867794,4.08275099769028
567.743567513428,410.609978170515,4.72167042589759
139.916378341683,284.211502175258,4.44072633091009
201.864081536324,369.531855364717,3.99636827458851
125.679524614944,409.468589202744,3.47609448174533
630.046903559287,309.860460257519,4.57114232122454
4.45267213706428,146.533146914183,4.26227098211777
538.316085122826,205.800412817293,4.10884746080654
32.7991275424031,490.004630167101,3.01759776848675
278.32498861799,21.3969932625512,3.82755308399403
534.112387885411,391.69125373941,3.42085672130549
78.0157840791964,87.0323553003066,5.19640325291701
4.17292112368904,77.0141853613806,3.49959719580283
587.210300439182,228.090682756176,4.01376310661925
437.155207071445,454.086321011992,4.74072998618658
658.035190340826,374.50699833301,3.13460915824467
108.478830786309,486.134051485968,4.39088635810953
626.362663655248,89.08957241285,4.08366465012578
418.87965397458,257.028514365311,3.75844257642649
12.9196385637987,181.013151246566,3.25608285637278
59.7285172495981,117.469084505524,4.53080705560924
620.550443354457,195.363190718164,4.34423639359753
247.492631868328,220.032116812005,3.63426975341968
571.963716141948,430.147557830435,3.81511954614903
302.146975391116,136.877677137856,3.85737726996525
530.122364225243,463.566069359509,3.76084718611724
45.8250442630371,415.387064988167,4.01281851380398
199.605907482879,289.461377122397,4.05264334229711
556.574336709835,261.836915777535,3.6616141214838
184.548833195321,36.0376320968217,4.27281413684662
504.870863337236,341.278938700708,4.99925226554105
37.5028120280271,52.1330354912372,3.90231400572815
523.091714955504,148.011576858756,4.71258143894384
NA,NA,NA
662.369228677839,333.84433997752,3.42377843612402
455.774252436916,296.637645787368,3.4817640335712
16.4263265235854,493.78301778419,3.72941715017214
558.546352716299,51.6633602219172,4.24912312354911
70.3374871145259,370.208537115372,4.00966835090399
229.862071719986,413.895572457159,4.04531258697165
427.96464162342,14.7392582054335,3.22576232284106
362.856895961669,294.607661022648,2.92818773928495
603.3543678227,102.219821890051,4.38832246406262
387.336212197309,231.144381867794,4.08275099769028
567.743567513428,410.609978170515,4.72167042589759
139.916378341683,284.211502175258,4.44072633091009
201.864081536324,369.531855364717,3.99636827458851
125.679524614944,409.468589202744,3.47609448174533
630.046903559287,309.860460257519,4.57114232122454
4.45267213706428,146.533146914183,4.26227098211777
538.316085122826,205.800412817293,4.10884746080654
32.7991275424031,490.004630167101,3.01759776848675
278.32498861799,21.3969932625512,3.82755308399403
534.112387885411,391.69125373941,3.42085672130549
78.0157840791964,87.0323553003066,5.19640325291701
4.17292112368904,77.0141853613806,3.49959719580283
587.210300439182,228.090682756176,4.01376310661925
437.155207071445,454.086321011992,4.74072998618658
658.035190340826,374.50699833301,3.13460915824467
108.478830786309,486.134051485968,4.39088635810953
626.362663655248,89.08957241285,4.08366465012578
418.87965397458,257.028514365311,3.75844257642649
12.9196385637987,181.013151246566,3.25608285637278
59.7285172495981,117.469084505524,4.53080705560924
620.550443354457,195.363190718164,4.34423639359753
247.492631868328,220.032116812005,3.63426975341968
571.963716141948,430.147557830435,3.81511954614903
302.146975391116,136.877677137856,3.85737726996525
530.122364225243,463.566069359509,3.76084718611724
45.8250442630371,415.387064988167,4.01281851380398
199.605907482879,289.461377122397,4.05264334229711
556.574336709835,261.836915777535,3.6616141214838
184.548833195321,36.0376320968217,4.27281413684662
504.870863337236,341.278938700708,4.99925226554105
37.5028120280271,52.1330354912372,3.90231400572815
523.091714955504,148.011576858756,4.71258143894384
NA,NA,NA
662.369228677839,333.84433997752,3.42377843612402
455.774252436916,296.637645787368,3.4817640335712
16.4263265235854,493.78301778419,3.72941715017214
558.546352716299,51.6633602219172,4.24912312354911
70.3374871145259,370.208537115372,4.00966835090399
229.862071719986,413.895572457159,4.04531258697165
427.96464162342,14.7392582054335,3.22576232284106
362.856895961669,294.607661022648,2.92818773928495
603.3543678227,102.219821890051,4.38832246406262
387.336212197309,231.144381867794,4.08275099769028
567.743567513428,410.609978170515,4.72167042589759
139.916378341683,284.211502175258,4.44072633091009
201.864081536324,369.531855364717,3.99636827458851
125.679524614944,409.468589202744,3.47609448174533
630.046903559287,309.860460257519,4.57114232122454
4.45267213706428,146.533146914183,4.26227098211777
538.316085122826,205.800412817293,4.10884746080654
32.7991275424031,490.004630167101,3.01759776848675
278.32498861799,21.3969932625512,3.82755308399403
534.112387885411,391.69125373941,3.42085672130549
78.0157840791964,87.0323553003066,5.19640325291701
4.17292112368904,77.0141853613806,3.49959719580283
587.210300439182,228.090682756176,4.01376310661925
437.155207071445,454.086321011992,4.74072998618658
658.035190340826,374.50699833301,3.13460915824467
108.478830786309,486.134051485968,4.39088635810953
626.362663655248,89.08957241285,4.08366465012578
418.87965397458,257.028514365311,3.75844257642649
12.9196385637987,181.013151246566,3.25608285637278
59.7285172495981,117.469084505524,4.53080705560924
620.550443354457,195.363190718164,4.34423639359753
247.492631868328,220.032116812005,3.63426975341968
571.963716141948,430.147557830435,3.81511954614903
302.146975391116,136.877677137856,3.85737726996525
530.122364225243,463.566069359509,3.76084718611724
45.8250442630371,415.387064988167,4.01281851380398
199.605907482879,289.461377122397,4.05264334229711
556.574336709835,261.836915777535,3.6616141214838
184.548833195321,36.0376320968217,4.27281413684662
504.870863337236,341.278938700708,4.99925226554105
37.5028120280271,52.1330354912372,3.90231400572815
523.091714955504,148.011576858756,4.71258143894384
NA,NA,NA
662.369228677839,333.84433997752,3.42377843612402
455.774252436916,296.637645787368,3.4817640335712
16.4263265235854,493.78301778419,3.72941715017214
558.546352716299,51.6633602219172,4.24912312354911
70.3374871145259,370.208537115372,4.00966835090399
229.862071719986,413.895572457159,4.04531258697165
427.96464162342,14.7392582054335,3.22576232284106
362.856895961669,294.607661022648,2.92818773928495
603.3543678227,102.219821890051,4.38832246406262
387.336212197309,231.144381867794,4.08275099769028
567.743567513428,410.609978170515,4.72167042589759
139.916378341683,284.211502175258,4.44072633091009
201.864081536324,369.531855364717,3.99636827458851
125.679524614944,409.468589202744,3.47609448174533
630.046903559287,309.860460257519,4.57114232122454
4.45267213706428,146.533146914183,4.26227098211777
538.316085122826,205.800412817293,4.10884746080654
32.7991275424031,490.004630167101,3.01759776848675
278.32498861799,21.3969932625512,3.82755308399403
534.112387885411,391.69125373941,3.42085672130549
78.0157840791964,87.0323553003066,5.19640325291701
4.17292112368904,77.0141853613806,3.49959719580283
587.210300439182,228.090682756176,4.01376310661925
437.155207071445,454.086321011992,4.74072998618658
658.035190340826,374.50699833301,3.13460915824467
108.478830786309,486.134051485968,4.39088635810953
626.362663655248,89.08957241285,4.08366465012578
418.87965397458,257.028514365311,3.75844257642649
12.9196385637987,181.013151246566,3.25608285637278
59.7285172495981,117.469084505524,4.53080705560924
620.550443354457,195.363190718164,4.34423639359753
247.492631868328,220.032116812005,3.63426975341968
571.963716141948,430.147557830435,3.81511954614903
302.146975391116,136.877677137856,3.85737726996525
530.122364225243,463.566069359509,3.76084718611724
45.8250442630371,415.387064988167,4.01281851380398
199.605907482879,289.461377122397,4.05264334229711
556.574336709835,261.836915777535,3.6616141214838
184.548833195321,36.0376320968217,4.27281413684662
504.870863337236,341.278938700708,4.99925226554105
37.5028120280271,52.1330354912372,3.90231400572815
523.091714955504,148.011576858756,4.71258143894384
NA,NA,NA
662.369228677839,333.84433997752,3.42377843612402
455.774252436916,296.637645787368,3.4817640335712
16.4263265235854,493.78301778419,3.72941715017214
558.546352716299,51.6633602219172,4.24912312354911
70.3374871145259,370.208537115372,4.00966835090399
229.862071719986,413.895572457159,4.04531258697165
427.96464162342,14.7392582054335,3.22576232284106
362.856895961669,294.607661022648,2.92818773928495
603.3543678227,102.219821890051,4.38832246406262
387.336212197309,231.144381867794,4.08275099769028
567.743567513428,410.609978170515,4.72167042589759
139.916378341683,284.211502175258,4.44072633091009
201.864081536324,369.531855364717,3.99636827458851
125.679524614944,409.468589202744,3.47609448174533
630.046903559287,309.860460257519,4.57114232122454
4.45267213706428,146.533146914183,4.26227098211777
538.316085122826,205.800412817293,4.10884746080654
32.7991275424031,490.004630167101,3.01759776848675
278.32498861799,21.3969932625512,3.82755308399403
534.112387885411,391.69125373941,3.42085672130549
78.0157840791964,87.0323553003066,5.19640325291701
4.17292112368904,77.0141853613806,3.49959719580283
587.210300439182,228.090682756176,4.01376310661925
437.155207071445,454.086321011992,4.74072998618658
658.035190340826,374.50699833301,3.13460915824467
108.478830786309,486.134051485968,4.39088635810953
626.362663655248,89.08957241285,4.08366465012578
418.87965397458,257.028514365311,3.75844257642649
12.9196385637987,181.013151246566,3.25608285637278
59.7285172495981,117.469084505524,4.53080705560924
620.550443354457,195.363190718164,4.34423639359753
247.492631868328,220.032116812005,3.63426975341968
571.963716141948,430.147557830435,3.81511954614903
302.146975391116,136.877677137856,3.85737726996525
530.122364225243,463.566069359509,3.76084718611724
45.8250442630371,415.387064988167,4.01281851380398
199.605907482879,289.461377122397,4.05264334229711
556.574336709835,261.836915777535,3.6616141214838
184.548833195321,36.0376320968217,4.27281413684662
504.870863337236,341.278938700708,4.99925226554105
37.5028120280271,52.1330354912372,3.90231400572815
523.091714955504,148.011576858756,4.71258143894384
NA,NA,NA
662.369228677839,333.84433997752,3.42377843612402
455.774252436916,296.637645787368,3.4817640335712
16.4263265235854,493.78301778419,3.72941715017214
558.546352716299,51.6633602219172,4.24912312354911
70.3374871145259,370.208537115372,4.00966835090399
229.862071719986,413.895572457159,4.04531258697165
427.96464162342,14.7392582054335,3.22576232284106
362.856895961669,294.607661022648,2.92818773928495
603.3543678227,102.219821890051,4.38832246406262
387.336212197309,231.144381867794,4.08275099769028
567.743567513428,410.609978170515,4.72167042589759
139.916378341683,284.211502175258,4.44072633091009
201.864081536324,369.531855364717,3.99636827458851
125.679524614944,409.468589202744,3.47609448174533
630.046903559287,309.860460257519,4.57114232122454
4.45267213706428,146.533146914183,4.26227098211777
538.316085122826,205.800412817293,4.10884746080654
32.7991275424031,490.004630167101,3.01759776848675
278.32498861799,21.3969932625512,3.82755308399403
534.112387885411,391.69125373941,3.42085672130549
78.0157840791964,87.0323553003066,5.19640325291701
4.17292112368904,77.0141853613806,3.49959719580283
587.210300439182,228.090682756176,4.01376310661925
437.155207071445,454.086321011992,4.74072998618658
658.035190340826,374.50699833301,3.13460915824467
108.478830786309,486.134051485968,4.39088635810953
626.362663655248,89.08957241285,4.08366465012578
418.87965397458,257.028514365311,3.75844257642649
12.9196385637987,181.013151246566,3.25608285637278
59.7285172495981,117.469084505524,4.53080705560924
620.550443354457,195.363190718164,4.34423639359753
247.492631868328,220.032116812005,3.63426975341968
571.963716141948,430.147557830435,3.81511954614903
302.146975391116,136.877677137856,3.85737726996525
530.122364225243,463.566069359509,3.76084718611724
45.8250442630371,415.387064988167,4.01281851380398
199.605907482879,289.461377122397,4.05264334229711
556.574336709835,261.836915777535,3.6616141214838
184.548833195321,36.0376320968217,4.27281413684662
504.870863337236,341.278938700708,4.99925226554105
37.5028120280271,52.1330354912372,3.90231400572815
523.091714955504,148.011576858756,4.71258143894384
NA,NA,NA
663.322263925909,332.374119513134,3.50988661925513
454.502115153447,300.35997545623,3.60122464092773
12.0704260102694,492.384701815296,3.47951866595217
559.881025736327,49.3384332447156,4.15484880924095
65.7933063097412,374.770462502025,3.90324499922722
227.061605621476,415.091641303812,3.84589608169315
428.942755672349,12.0963659322099,3.31839454079587
362.074179846177,293.75251662534,3.10423130246292
605.038424532753,107.17592794543,3.988907152618
389.218589746839,229.642602312226,4.30402076406592
572.977131559187,415.763368024597,4.6840286478876
136.680783312824,276.995545722423,4.46691948231795
200.643148044557,372.814215678532,3.94192042140544
127.39331417905,407.888999400651,3.34767814448406
627.03480840839,315.421695279107,4.54410582144201
-0.500529374867238,143.853624754682,4.26038704291423
541.526418385098,197.697122761351,4.26940350528479
32.8705093846396,491.571248406088,2.98076368594482
281.570568122885,20.848837866624,3.81300954357026
531.179973733806,391.431846856121,3.23943816782175
67.860404166426,79.8405434915028,5.22008662025736
4.70543354450898,74.0741193214717,3.71732281006525
589.074980335527,229.743603605271,3.98182271309972
441.338569335615,459.617331892497,4.74746710395574
660.343928632197,372.21471307407,3.04740328238486
98.5922145366607,491.047600828266,4.46114855777863
628.27829293399,90.5290434054361,4.11286625485346
419.511162406944,254.718972707036,3.57682913884335
11.8238523820056,182.20524349121,3.26739230860205
83.9032694748607,116.113210269535,4.40457005424238
597.961039795785,204.826538784367,4.29942349008065
258.804283724223,227.809983097806,3.48408037137742
574.50292053049,445.256835722683,3.73719584154229
302.947557054138,140.583806718348,3.89268585831271
527.806524454775,455.414906896791,3.48928587748374
49.2590444982866,416.661730603298,3.9515299213061
204.432008496499,274.600682438076,4.31199299913734
549.986322028572,260.457897884703,3.95808915690714
178.968901012296,13.0456931969332,4.34894642839148
503.645100817321,339.598603715544,4.53307490266283
35.7882827538687,55.2613173069205,3.93474585752147
522.885572875859,155.081821906569,5.23482734626658
NA,NA,NA
663.322263925909,332.374119513134,3.50988661925513
454.502115153447,300.35997545623,3.60122464092773
12.0704260102694,492.384701815296,3.47951866595217
559.881025736327,49.3384332447156,4.15484880924095
65.7933063097412,374.770462502025,3.90324499922722
227.061605621476,415.091641303812,3.84589608169315
428.942755672349,12.0963659322099,3.31839454079587
362.074179846177,293.75251662534,3.10423130246292
605.038424532753,107.17592794543,3.988907152618
389.218589746839,229.642602312226,4.30402076406592
572.977131559187,415.763368024597,4.6840286478876
136.680783312824,276.995545722423,4.46691948231795
200.643148044557,372.814215678532,3.94192042140544
127.39331417905,407.888999400651,3.34767814448406
627.03480840839,315.421695279107,4.54410582144201
-0.500529374867238,143.853624754682,4.26038704291423
541.526418385098,197.697122761351,4.26940350528479
32.8705093846396,491.571248406088,2.98076368594482
281.570568122885,20.848837866624,3.81300954357026
531.179973733806,391.431846856121,3.23943816782175
67.860404166426,79.8405434915028,5.22008662025736
4.70543354450898,74.0741193214717,3.71732281006525
589.074980335527,229.743603605271,3.98182271309972
441.338569335615,459.617331892497,4.74746710395574
660.343928632197,372.21471307407,3.04740328238486
98.5922145366607,491.047600828266,4.46114855777863
628.27829293399,90.5290434054361,4.11286625485346
419.511162406944,254.718972707036,3.57682913884335
11.8238523820056,182.20524349121,3.26739230860205
83.9032694748607,116.113210269535,4.40457005424238
597.961039795785,204.826538784367,4.29942349008065
258.804283724223,227.809983097806,3.48408037137742
574.50292053049,445.256835722683,3.73719584154229
302.947557054138,140.583806718348,3.89268585831271
527.806524454775,455.414906896791,3.48928587748374
49.2590444982866,416.661730603298,3.9515299213061
204.432008496499,274.600682438076,4.31199299913734
549.986322028572,260.457897884703,3.95808915690714
178.968901012296,13.0456931969332,4.34894642839148
503.645100817321,339.598603715544,4.53307490266283
35.7882827538687,55.2613173069205,3.93474585752147
522.885572875859,155.081821906569,5.23482734626658
NA,NA,NA
663.322263925909,332.374119513134,3.50988661925513
454.502115153447,300.35997545623,3.60122464092773
12.0704260102694,492.384701815296,3.47951866595217
559.881025736327,49.3384332447156,4.15484880924095
65.7933063097412,374.770462502025,3.90324499922722
227.061605621476,415.091641303812,3.84589608169315
428.942755672349,12.0963659322099,3.31839454079587
362.074179846177,293.75251662534,3.10423130246292
605.038424532753,107.17592794543,3.988907152618
389.218589746839,229.642602312226,4.30402076406592
572.977131559187,415.763368024597,4.6840286478876
136.680783312824,276.995545722423,4.46691948231795
200.643148044557,372.814215678532,3.94192042140544
127.39331417905,407.888999400651,3.34767814448406
627.03480840839,315.421695279107,4.54410582144201
-0.500529374867238,143.853624754682,4.26038704291423
541.526418385098,197.697122761351,4.26940350528479
32.8705093846396,491.571248406088,2.98076368594482
281.570568122885,20.848837866624,3.81300954357026
531.179973733806,391.431846856121,3.23943816782175
67.860404166426,79.8405434915028,5.22008662025736
4.70543354450898,74.0741193214717,3.71732281006525
589.074980335527,229.743603605271,3.98182271309972
441.338569335615,459.617331892497,4.74746710395574
660.343928632197,372.21471307407,3.04740328238486
98.5922145366607,491.047600828266,4.46114855777863
628.27829293399,90.5290434054361,4.11286625485346
419.511162406944,254.718972707036,3.57682913884335
11.8238523820056,182.20524349121,3.26739230860205
83.9032694748607,116.113210269535,4.40457005424238
597.961039795785,204.826538784367,4.29942349008065
258.804283724223,227.809983097806,3.48408037137742
574.50292053049,445.256835722683,3.73719584154229
302.947557054138,140.583806718348,3.89268585831271
527.806524454775,455.414906896791,3.48928587748374
49.2590444982866,416.661730603298,3.9515299213061
204.432008496499,274.600682438076,4.31199299913734
549.986322028572,260.457897884703,3.95808915690714
178.968901012296,13.0456931969332,4.34894642839148
503.645100817321,339.598603715544,4.53307490266283
35.7882827538687,55.2613173069205,3.93474585752147
522.885572875859,155.081821906569,5.23482734626658
NA,NA,NA
663.322263925909,332.374119513134,3.50988661925513
454.502115153447,300.35997545623,3.60122464092773
12.0704260102694,492.384701815296,3.47951866595217
559.881025736327,49.3384332447156,4.15484880924095
65.7933063097412,374.770462502025,3.90324499922722
227.061605621476,415.091641303812,3.84589608169315
428.942755672349,12.0963659322099,3.31839454079587
362.074179846177,293.75251662534,3.10423130246292
605.038424532753,107.17592794543,3.988907152618
389.218589746839,229.642602312226,4.30402076406592
572.977131559187,415.763368024597,4.6840286478876
136.680783312824,276.995545722423,4.46691948231795
200.643148044557,372.814215678532,3.94192042140544
127.39331417905,407.888999400651,3.34767814448406
627.03480840839,315.421695279107,4.54410582144201
-0.500529374867238,143.853624754682,4.26038704291423
541.526418385098,197.697122761351,4.26940350528479
32.8705093846396,491.571248406088,2.98076368594482
281.570568122885,20.848837866624,3.81300954357026
531.179973733806,391.431846856121,3.23943816782175
67.860404166426,79.8405434915028,5.22008662025736
4.70543354450898,74.0741193214717,3.71732281006525
589.074980335527,229.743603605271,3.98182271309972
441.338569335615,459.617331892497,4.74746710395574
660.343928632197,372.21471307407,3.04740328238486
98.5922145366607,491.047600828266,4.46114855777863
628.27829293399,90.5290434054361,4.11286625485346
419.511162406944,254.718972707036,3.57682913884335
11.8238523820056,182.20524349121,3.26739230860205
83.9032694748607,116.113210269535,4.40457005424238
597.961039795785,204.826538784367,4.29942349008065
258.804283724223,227.809983097806,3.48408037137742
574.50292053049,445.256835722683,3.73719584154229
302.947557054138,140.583806718348,3.89268585831271
527.806524454775,455.414906896791,3.48928587748374
49.2590444982866,416.661730603298,3.9515299213061
204.432008496499,274.600682438076,4.31199299913734
549.986322028572,260.457897884703,3.95808915690714
178.968901012296,13.0456931969332,4.34894642839148
503.645100817321,339.598603715544,4.53307490266283
35.7882827538687,55.2613173069205,3.93474585752147
522.885572875859,155.081821906569,5.23482734626658
NA,NA,NA
663.322263925909,332.374119513134,3.50988661925513
454.502115153447,300.35997545623,3.60122464092773
12.0704260102694,492.384701815296,3.47951866595217
559.881025736327,49.3384332447156,4.15484880924095
65.7933063097412,374.770462502025,3.90324499922722
227.061605621476,415.091641303812,3.84589608169315
428.942755672349,12.0963659322099,3.31839454079587
362.074179846177,293.75251662534,3.10423130246292
605.038424532753,107.17592794543,3.988907152618
389.218589746839,229.642602312226,4.30402076406592
572.977131559187,415.763368024597,4.6840286478876
136.680783312824,276.995545722423,4.46691948231795
200.643148044557,372.814215678532,3.94192042140544
127.39331417905,407.888999400651,3.34767814448406
627.03480840839,315.421695279107,4.54410582144201
-0.500529374867238,143.853624754682,4.26038704291423
541.526418385098,197.697122761351,4.26940350528479
32.8705093846396,491.571248406088,2.98076368594482
281.570568122885,20.848837866624,3.81300954357026
531.179973733806,391.431846856121,3.23943816782175
67.860404166426,79.8405434915028,5.22008662025736
4.70543354450898,74.0741193214717,3.71732281006525
589.074980335527,229.743603605271,3.98182271309972
441.338569335615,459.617331892497,4.74746710395574
660.343928632197,372.21471307407,3.04740328238486
98.5922145366607,491.047600828266,4.46114855777863
628.27829293399,90.5290434054361,4.11286625485346
419.511162406944,254.718972707036,3.57682913884335
11.8238523820056,182.20524349121,3.26739230860205
83.9032694748607,116.113210269535,4.40457005424238
597.961039795785,204.826538784367,4.29942349008065
258.804283724223,227.809983097806,3.48408037137742
574.50292053049,445.256835722683,3.73719584154229
302.947557054138,140.583806718348,3.89268585831271
527.806524454775,455.414906896791,3.48928587748374
49.2590444982866,416.661730603298,3.9515299213061
204.432008496499,274.600682438076,4.31199299913734
549.986322028572,260.457897884703,3.95808915690714
178.968901012296,13.0456931969332,4.34894642839148
503.645100817321,339.598603715544,4.53307490266283
35.7882827538687,55.2613173069205,3.93474585752147
522.885572875859,155.081821906569,5.23482734626658
NA,NA,NA
663.322263925909,332.374119513134,3.50988661925513
454.502115153447,300.35997545623,3.60122464092773
12.0704260102694,492.384701815296,3.47951866595217
559.881025736327,49.3384332447156,4.15484880924095
65.7933063097412,374.770462502025,3.90324499922722
227.061605621476,415.091641303812,3.84589608169315
428.942755672349,12.0963659322099,3.31839454079587
362.074179846177,293.75251662534,3.10423130246292
605.038424532753,107.17592794543,3.988907152618
389.218589746839,229.642602312226,4.30402076406592
572.977131559187,415.763368024597,4.6840286478876
136.680783312824,276.995545722423,4.46691948231795
200.643148044557,372.814215678532,3.94192042140544
127.39331417905,407.888999400651,3.34767814448406
627.03480840839,315.421695279107,4.54410582144201
-0.500529374867238,143.853624754682,4.26038704291423
541.526418385098,197.697122761351,4.26940350528479
32.8705093846396,491.571248406088,2.98076368594482
281.570568122885,20.848837866624,3.81300954357026
531.179973733806,391.431846856121,3.23943816782175
67.860404166426,79.8405434915028,5.22008662025736
4.70543354450898,74.0741193214717,3.71732281006525
589.074980335527,229.743603605271,3.98182271309972
441.338569335615,459.617331892497,4.74746710395574
660.343928632197,372.21471307407,3.04740328238486
98.5922145366607,491.047600828266,4.46114855777863
628.27829293399,90.5290434054361,4.11286625485346
419.511162406944,254.718972707036,3.57682913884335
11.8238523820056,182.20524349121,3.26739230860205
83.9032694748607,116.113210269535,4.40457005424238
597.961039795785,204.826538784367,4.29942349008065
258.804283724223,227.809983097806,3.48408037137742
574.50292053049,445.256835722683,3.73719584154229
302.947557054138,140.583806718348,3.89268585831271
527.806524454775,455.414906896791,3.48928587748374
49.2590444982866,416.661730603298,3.9515299213061
204.432008496499,274.600682438076,4.31199299913734
549.986322028572,260.457897884703,3.95808915690714
178.968901012296,13.0456931969332,4.34894642839148
503.645100817321,339.598603715544,4.53307490266283
35.7882827538687,55.2613173069205,3.93474585752147
522.885572875859,155.081821906569,5.23482734626658
NA,NA,NA
660.875754553125,334.643261369587,3.43553851100059
455.159073746371,299.377858325255,3.66762933825056
11.8804134966034,497.436978795506,3.64774059988722
560.742023312497,49.549765016197,4.12222247403142
74.3350093274025,372.717057093429,3.9686153069285
227.269867088948,418.006908902824,3.86280980155867
427.232696973857,14.0047050557282,3.33594579061197
361.279559610726,292.742860713978,2.92972916355956
607.799050160157,106.621151426973,4.16995135533032
392.836611738746,230.620106295498,4.27616430584013
568.472630160505,415.154743634498,4.75341502953199
142.103310234537,284.934379153065,4.37895954087777
198.989561516003,373.338581297783,3.9974506252089
125.120863256495,410.848330592046,3.49284002233863
621.029660683066,314.883802134404,4.60639768963392
1.92250967878146,143.346942966461,4.24581526882666
545.076940048367,206.862470735587,4.18192973508161
33.6167880414166,491.711490126859,2.96011086290156
282.013674996734,28.2762941008817,3.98321216625301
535.299558863931,391.297855360389,3.22034043103858
68.3567501078626,77.461989846979,5.36999075182135
4.63365034097462,78.7803294484742,3.58844123746552
585.701517999341,229.090860513829,4.1484934553281
441.243233334362,462.215656128143,4.79508810471721
658.245903902252,377.309126392802,3.05541280120123
104.370092478553,490.679408789957,4.26019639713106
628.145169114826,88.6773124311927,4.07387557894973
418.403439021487,259.552195870414,3.67044291593235
11.6090275879918,182.835413911175,3.25767498419512
65.2746497440577,118.216184559866,4.36182356131726
605.199386655035,204.776476469748,4.3150132141759
251.506090242226,220.95271009294,4.05530234872396
590.916423266993,435.36344530999,3.76527617795861
301.063888574731,140.012000497185,3.90815724844843
530.76560722117,460.759501420841,3.44184736143142
47.9526200551041,430.604942651224,3.87603706717937
200.384542926514,293.610471171294,4.3176816721493
560.059408906455,266.151568535965,3.76029270526865
174.411872259853,24.9173247028997,4.48284776346571
505.663903081829,355.304364152206,4.32983710778942
35.7831247816805,50.7087643934335,3.75536957377244
528.739910218788,144.330329360964,4.66874835475198
NA,NA,NA
660.875754553125,334.643261369587,3.43553851100059
455.159073746371,299.377858325255,3.66762933825056
11.8804134966034,497.436978795506,3.64774059988722
560.742023312497,49.549765016197,4.12222247403142
74.3350093274025,372.717057093429,3.9686153069285
227.269867088948,418.006908902824,3.86280980155867
427.232696973857,14.0047050557282,3.33594579061197
361.279559610726,292.742860713978,2.92972916355956
607.799050160157,106.621151426973,4.16995135533032
392.836611738746,230.620106295498,4.27616430584013
568.472630160505,415.154743634498,4.75341502953199
142.103310234537,284.934379153065,4.37895954087777
198.989561516003,373.338581297783,3.9974506252089
125.120863256495,410.848330592046,3.49284002233863
621.029660683066,314.883802134404,4.60639768963392
1.92250967878146,143.346942966461,4.24581526882666
545.076940048367,206.862470735587,4.18192973508161
33.6167880414166,491.711490126859,2.96011086290156
282.013674996734,28.2762941008817,3.98321216625301
535.299558863931,391.297855360389,3.22034043103858
68.3567501078626,77.461989846979,5.36999075182135
4.63365034097462,78.7803294484742,3.58844123746552
585.701517999341,229.090860513829,4.1484934553281
441.243233334362,462.215656128143,4.79508810471721
658.245903902252,377.309126392802,3.05541280120123
104.370092478553,490.679408789957,4.26019639713106
628.145169114826,88.6773124311927,4.07387557894973
418.403439021487,259.552195870414,3.67044291593235
11.6090275879918,182.835413911175,3.25767498419512
65.2746497440577,118.216184559866,4.36182356131726
605.199386655035,204.776476469748,4.3150132141759
251.506090242226,220.95271009294,4.05530234872396
590.916423266993,435.36344530999,3.76527617795861
301.063888574731,140.012000497185,3.90815724844843
530.76560722117,460.759501420841,3.44184736143142
47.9526200551041,430.604942651224,3.87603706717937
200.384542926514,293.610471171294,4.3176816721493
560.059408906455,266.151568535965,3.76029270526865
174.411872259853,24.9173247028997,4.48284776346571
505.663903081829,355.304364152206,4.32983710778942
35.7831247816805,50.7087643934335,3.75536957377244
528.739910218788,144.330329360964,4.66874835475198
NA,NA,NA
660.875754553125,334.643261369587,3.43553851100059
455.159073746371,299.377858325255,3.66762933825056
11.8804134966034,497.436978795506,3.64774059988722
560.742023312497,49.549765016197,4.12222247403142
74.3350093274025,372.717057093429,3.9686153069285
227.269867088948,418.006908902824,3.86280980155867
427.232696973857,14.0047050557282,3.33594579061197
361.279559610726,292.742860713978,2.92972916355956
607.799050160157,106.621151426973,4.16995135533032
392.836611738746,230.620106295498,4.27616430584013
568.472630160505,415.154743634498,4.75341502953199
142.103310234537,284.934379153065,4.37895954087777
198.989561516003,373.338581297783,3.9974506252089
125.120863256495,410.848330592046,3.49284002233863
621.029660683066,314.883802134404,4.60639768963392
1.92250967878146,143.346942966461,4.24581526882666
545.076940048367,206.862470735587,4.18192973508161
33.6167880414166,491.711490126859,2.96011086290156
282.013674996734,28.2762941008817,3.98321216625301
535.299558863931,391.297855360389,3.22034043103858
68.3567501078626,77.461989846979,5.36999075182135
4.63365034097462,78.7803294484742,3.58844123746552
585.701517999341,229.090860513829,4.1484934553281
441.243233334362,462.215656128143,4.79508810471721
658.245903902252,377.309126392802,3.05541280120123
104.370092478553,490.679408789957,4.26019639713106
628.145169114826,88.6773124311927,4.07387557894973
418.403439021487,259.552195870414,3.67044291593235
11.6090275879918,182.835413911175,3.25767498419512
65.2746497440577,118.216184559866,4.36182356131726
605.199386655035,204.776476469748,4.3150132141759
251.506090242226,220.95271009294,4.05530234872396
590.916423266993,435.36344530999,3.76527617795861
301.063888574731,140.012000497185,3.90815724844843
530.76560722117,460.759501420841,3.44184736143142
47.9526200551041,430.604942651224,3.87603706717937
200.384542926514,293.610471171294,4.3176816721493
560.059408906455,266.151568535965,3.76029270526865
174.411872259853,24.9173247028997,4.48284776346571
505.663903081829,355.304364152206,4.32983710778942
35.7831247816805,50.7087643934335,3.75536957377244
528.739910218788,144.330329360964,4.66874835475198
NA,NA,NA
660.875754553125,334.643261369587,3.43553851100059
455.159073746371,299.377858325255,3.66762933825056
11.8804134966034,497.436978795506,3.64774059988722
560.742023312497,49.549765016197,4.12222247403142
74.3350093274025,372.717057093429,3.9686153069285
227.269867088948,418.006908902824,3.86280980155867
427.232696973857,14.0047050557282,3.33594579061197
361.279559610726,292.742860713978,2.92972916355956
607.799050160157,106.621151426973,4.16995135533032
392.836611738746,230.620106295498,4.27616430584013
568.472630160505,415.154743634498,4.75341502953199
142.103310234537,284.934379153065,4.37895954087777
198.989561516003,373.338581297783,3.9974506252089
125.120863256495,410.848330592046,3.49284002233863
621.029660683066,314.883802134404,4.60639768963392
1.92250967878146,143.346942966461,4.24581526882666
545.076940048367,206.862470735587,4.18192973508161
33.6167880414166,491.711490126859,2.96011086290156
282.013674996734,28.2762941008817,3.98321216625301
535.299558863931,391.297855360389,3.22034043103858
68.3567501078626,77.461989846979,5.36999075182135
4.63365034097462,78.7803294484742,3.58844123746552
585.701517999341,229.090860513829,4.1484934553281
441.243233334362,462.215656128143,4.79508810471721
658.245903902252,377.309126392802,3.05541280120123
104.370092478553,490.679408789957,4.26019639713106
628.145169114826,88.6773124311927,4.07387557894973
418.403439021487,259.552195870414,3.67044291593235
11.6090275879918,182.835413911175,3.25767498419512
65.2746497440577,118.216184559866,4.36182356131726
605.199386655035,204.776476469748,4.3150132141759
251.506090242226,220.95271009294,4.05530234872396
590.916423266993,435.36344530999,3.76527617795861
301.063888574731,140.012000497185,3.90815724844843
530.76560722117,460.759501420841,3.44184736143142
47.9526200551041,430.604942651224,3.87603706717937
200.384542926514,293.610471171294,4.3176816721493
560.059408906455,266.151568535965,3.76029270526865
174.411872259853,24.9173247028997,4.48284776346571
505.663903081829,355.304364152206,4.32983710778942
35.7831247816805,50.7087643934335,3.75536957377244
528.739910218788,144.330329360964,4.66874835475198
NA,NA,NA
660.875754553125,334.643261369587,3.43553851100059
455.159073746371,299.377858325255,3.66762933825056
11.8804134966034,497.436978795506,3.64774059988722
560.742023312497,49.549765016197,4.12222247403142
74.3350093274025,372.717057093429,3.9686153069285
227.269867088948,418.006908902824,3.86280980155867
427.232696973857,14.0047050557282,3.33594579061197
361.279559610726,292.742860713978,2.92972916355956
607.799050160157,106.621151426973,4.16995135533032
392.836611738746,230.620106295498,4.27616430584013
568.472630160505,415.154743634498,4.75341502953199
142.103310234537,284.934379153065,4.37895954087777
198.989561516003,373.338581297783,3.9974506252089
125.120863256495,410.848330592046,3.49284002233863
621.029660683066,314.883802134404,4.60639768963392
1.92250967878146,143.346942966461,4.24581526882666
545.076940048367,206.862470735587,4.18192973508161
33.6167880414166,491.711490126859,2.96011086290156
282.013674996734,28.2762941008817,3.98321216625301
535.299558863931,391.297855360389,3.22034043103858
68.3567501078626,77.461989846979,5.36999075182135
4.63365034097462,78.7803294484742,3.58844123746552
585.701517999341,229.090860513829,4.1484934553281
441.243233334362,462.215656128143,4.79508810471721
658.245903902252,377.309126392802,3.05541280120123
104.370092478553,490.679408789957,4.26019639713106
628.145169114826,88.6773124311927,4.07387557894973
418.403439021487,259.552195870414,3.67044291593235
11.6090275879918,182.835413911175,3.25767498419512
65.2746497440577,118.216184559866,4.36182356131726
605.199386655035,204.776476469748,4.3150132141759
251.506090242226,220.95271009294,4.05530234872396
590.916423266993,435.36344530999,3.76527617795861
301.063888574731,140.012000497185,3.90815724844843
530.76560722117,460.759501420841,3.44184736143142
47.9526200551041,430.604942651224,3.87603706717937
200.384542926514,293.610471171294,4.3176816721493
560.059408906455,266.151568535965,3.76029270526865
174.411872259853,24.9173247028997,4.48284776346571
505.663903081829,355.304364152206,4.32983710778942
35.7831247816805,50.7087643934335,3.75536957377244
528.739910218788,144.330329360964,4.66874835475198
NA,NA,NA
660.875754553125,334.643261369587,3.43553851100059
455.159073746371,299.377858325255,3.66762933825056
11.8804134966034,497.436978795506,3.64774059988722
560.742023312497,49.549765016197,4.12222247403142
74.3350093274025,372.717057093429,3.9686153069285
227.269867088948,418.006908902824,3.86280980155867
427.232696973857,14.0047050557282,3.33594579061197
361.279559610726,292.742860713978,2.92972916355956
607.799050160157,106.621151426973,4.16995135533032
392.836611738746,230.620106295498,4.27616430584013
568.472630160505,415.154743634498,4.75341502953199
142.103310234537,284.934379153065,4.37895954087777
198.989561516003,373.338581297783,3.9974506252089
125.120863256495,410.848330592046,3.49284002233863
621.029660683066,314.883802134404,4.60639768963392
1.92250967878146,143.346942966461,4.24581526882666
545.076940048367,206.862470735587,4.18192973508161
33.6167880414166,491.711490126859,2.96011086290156
282.013674996734,28.2762941008817,3.98321216625301
535.299558863931,391.297855360389,3.22034043103858
68.3567501078626,77.461989846979,5.36999075182135
4.63365034097462,78.7803294484742,3.58844123746552
585.701517999341,229.090860513829,4.1484934553281
441.243233334362,462.215656128143,4.79508810471721
658.245903902252,377.309126392802,3.05541280120123
104.370092478553,490.679408789957,4.26019639713106
628.145169114826,88.6773124311927,4.07387557894973
418.403439021487,259.552195870414,3.67044291593235
11.6090275879918,182.835413911175,3.25767498419512
65.2746497440577,118.216184559866,4.36182356131726
605.199386655035,204.776476469748,4.3150132141759
251.506090242226,220.95271009294,4.05530234872396
590.916423266993,435.36344530999,3.76527617795861
301.063888574731,140.012000497185,3.90815724844843
530.76560722117,460.759501420841,3.44184736143142
47.9526200551041,430.604942651224,3.87603706717937
200.384542926514,293.610471171294,4.3176816721493
560.059408906455,266.151568535965,3.76029270526865
174.411872259853,24.9173247028997,4.48284776346571
505.663903081829,355.304364152206,4.32983710778942
35.7831247816805,50.7087643934335,3.75536957377244
528.739910218788,144.330329360964,4.66874835475198
NA,NA,NA
662.562070866507,338.362821540343,3.48909656415162
455.820440174073,295.358312905115,3.56588843716871
13.4953989770259,493.573634743093,3.4751385533585
560.173962801734,55.6961926816182,4.25636119866829
74.2338276911423,375.531443021919,4.15180653211334
235.458943477549,408.790876245074,3.93249161503407
430.26711038324,15.4743492812128,3.22539942188083
362.762334576045,293.66317398826,3.05035105812107
601.780748462796,102.234768488893,4.15655868480039
393.302963115325,225.41964260472,4.06415375904446
567.029234891665,410.858746665696,4.78276874346191
135.876678405427,284.662790643123,4.51953869243561
201.075440634313,372.945616165731,4.02322595275989
125.797085594157,409.443734020873,3.51026183328713
626.638297667156,315.021736800261,4.6586481311839
4.44523482523489,145.792151286366,4.25921163391339
541.757233415271,202.583933007795,4.24969771527068
33.8052182735848,490.585450055666,2.98624310992936
275.123568360881,21.7668408345566,3.91330504278249
535.684782455131,392.21030579968,3.40944053453026
81.4406608045885,77.1335843395804,5.23058359649508
4.59261013138723,76.7480550453608,3.55364622827315
591.393714529277,227.841815076035,3.95075479960533
434.176525034463,461.457084544535,4.7896435596848
657.2135900368,373.610884736894,3.12629403649143
102.864823538279,486.293729371472,4.3358238410335
620.777775191997,84.3343469506159,4.07048422477643
424.080288967559,259.217892242686,3.54931046767691
10.8845444655106,182.876225470499,3.22870553635025
75.010930692515,118.606892276462,4.41542767764637
612.997460275641,211.891967008559,4.27105843546628
259.387171756964,218.924810247743,3.88871054596699
577.3104116852,441.204693104379,3.77593558070609
303.416443179266,133.408696476911,3.85140667876147
535.286026096548,469.070726413595,3.4753708765988
38.8941829258744,427.105416606333,3.94499273766865
199.030306036592,291.661970849465,4.18796105422432
552.22377829484,259.190596460498,3.834089295054
179.176643027391,40.0325959797196,4.05272596162829
496.320661846596,338.256272782252,4.50968644414345
37.7650202881413,50.2091373937767,3.59812933240426
513.053390215601,164.1381004669,4.90898762465906
NA,NA,NA
662.562070866507,338.362821540343,3.48909656415162
455.820440174073,295.358312905115,3.56588843716871
13.4953989770259,493.573634743093,3.4751385533585
560.173962801734,55.6961926816182,4.25636119866829
74.2338276911423,375.531443021919,4.15180653211334
235.458943477549,408.790876245074,3.93249161503407
430.26711038324,15.4743492812128,3.22539942188083
362.762334576045,293.66317398826,3.05035105812107
601.780748462796,102.234768488893,4.15655868480039
393.302963115325,225.41964260472,4.06415375904446
567.029234891665,410.858746665696,4.78276874346191
135.876678405427,284.662790643123,4.51953869243561
201.075440634313,372.945616165731,4.02322595275989
125.797085594157,409.443734020873,3.51026183328713
626.638297667156,315.021736800261,4.6586481311839
4.44523482523489,145.792151286366,4.25921163391339
541.757233415271,202.583933007795,4.24969771527068
33.8052182735848,490.585450055666,2.98624310992936
275.123568360881,21.7668408345566,3.91330504278249
535.684782455131,392.21030579968,3.40944053453026
81.4406608045885,77.1335843395804,5.23058359649508
4.59261013138723,76.7480550453608,3.55364622827315
591.393714529277,227.841815076035,3.95075479960533
434.176525034463,461.457084544535,4.7896435596848
657.2135900368,373.610884736894,3.12629403649143
102.864823538279,486.293729371472,4.3358238410335
620.777775191997,84.3343469506159,4.07048422477643
424.080288967559,259.217892242686,3.54931046767691
10.8845444655106,182.876225470499,3.22870553635025
75.010930692515,118.606892276462,4.41542767764637
612.997460275641,211.891967008559,4.27105843546628
259.387171756964,218.924810247743,3.88871054596699
577.3104116852,441.204693104379,3.77593558070609
303.416443179266,133.408696476911,3.85140667876147
535.286026096548,469.070726413595,3.4753708765988
38.8941829258744,427.105416606333,3.94499273766865
199.030306036592,291.661970849465,4.18796105422432
552.22377829484,259.190596460498,3.834089295054
179.176643027391,40.0325959797196,4.05272596162829
496.320661846596,338.256272782252,4.50968644414345
37.7650202881413,50.2091373937767,3.59812933240426
513.053390215601,164.1381004669,4.90898762465906
NA,NA,NA
662.562070866507,338.362821540343,3.48909656415162
455.820440174073,295.358312905115,3.56588843716871
13.4953989770259,493.573634743093,3.4751385533585
560.173962801734,55.6961926816182,4.25636119866829
74.2338276911423,375.531443021919,4.15180653211334
235.458943477549,408.790876245074,3.93249161503407
430.26711038324,15.4743492812128,3.22539942188083
362.762334576045,293.66317398826,3.05035105812107
601.780748462796,102.234768488893,4.15655868480039
393.302963115325,225.41964260472,4.06415375904446
567.029234891665,410.858746665696,4.78276874346191
135.876678405427,284.662790643123,4.51953869243561
201.075440634313,372.945616165731,4.02322595275989
125.797085594157,409.443734020873,3.51026183328713
626.638297667156,315.021736800261,4.6586481311839
4.44523482523489,145.792151286366,4.25921163391339
541.757233415271,202.583933007795,4.24969771527068
33.8052182735848,490.585450055666,2.98624310992936
275.123568360881,21.7668408345566,3.91330504278249
535.684782455131,392.21030579968,3.40944053453026
81.4406608045885,77.1335843395804,5.23058359649508
4.59261013138723,76.7480550453608,3.55364622827315
591.393714529277,227.841815076035,3.95075479960533
434.176525034463,461.457084544535,4.7896435596848
657.2135900368,373.610884736894,3.12629403649143
102.864823538279,486.293729371472,4.3358238410335
620.777775191997,84.3343469506159,4.07048422477643
424.080288967559,259.217892242686,3.54931046767691
10.8845444655106,182.876225470499,3.22870553635025
75.010930692515,118.606892276462,4.41542767764637
612.997460275641,211.891967008559,4.27105843546628
259.387171756964,218.924810247743,3.88871054596699
577.3104116852,441.204693104379,3.77593558070609
303.416443179266,133.408696476911,3.85140667876147
535.286026096548,469.070726413595,3.4753708765988
38.8941829258744,427.105416606333,3.94499273766865
199.030306036592,291.661970849465,4.18796105422432
552.22377829484,259.190596460498,3.834089295054
179.176643027391,40.0325959797196,4.05272596162829
496.320661846596,338.256272782252,4.50968644414345
37.7650202881413,50.2091373937767,3.59812933240426
513.053390215601,164.1381004669,4.90898762465906
NA,NA,NA
662.562070866507,338.362821540343,3.48909656415162
455.820440174073,295.358312905115,3.56588843716871
13.4953989770259,493.573634743093,3.4751385533585
560.173962801734,55.6961926816182,4.25636119866829
74.2338276911423,375.531443021919,4.15180653211334
235.458943477549,408.790876245074,3.93249161503407
430.26711038324,15.4743492812128,3.22539942188083
362.762334576045,293.66317398826,3.05035105812107
601.780748462796,102.234768488893,4.15655868480039
393.302963115325,225.41964260472,4.06415375904446
567.029234891665,410.858746665696,4.78276874346191
135.876678405427,284.662790643123,4.51953869243561
201.075440634313,372.945616165731,4.02322595275989
125.797085594157,409.443734020873,3.51026183328713
626.638297667156,315.021736800261,4.6586481311839
4.44523482523489,145.792151286366,4.25921163391339
541.757233415271,202.583933007795,4.24969771527068
33.8052182735848,490.585450055666,2.98624310992936
275.123568360881,21.7668408345566,3.91330504278249
535.684782455131,392.21030579968,3.40944053453026
81.4406608045885,77.1335843395804,5.23058359649508
4.59261013138723,76.7480550453608,3.55364622827315
591.393714529277,227.841815076035,3.95075479960533
434.176525034463,461.457084544535,4.7896435596848
657.2135900368,373.610884736894,3.12629403649143
102.864823538279,486.293729371472,4.3358238410335
620.777775191997,84.3343469506159,4.07048422477643
424.080288967559,259.217892242686,3.54931046767691
10.8845444655106,182.876225470499,3.22870553635025
75.010930692515,118.606892276462,4.41542767764637
612.997460275641,211.891967008559,4.27105843546628
259.387171756964,218.924810247743,3.88871054596699
577.3104116852,441.204693104379,3.77593558070609
303.416443179266,133.408696476911,3.85140667876147
535.286026096548,469.070726413595,3.4753708765988
38.8941829258744,427.105416606333,3.94499273766865
199.030306036592,291.661970849465,4.18796105422432
552.22377829484,259.190596460498,3.834089295054
179.176643027391,40.0325959797196,4.05272596162829
496.320661846596,338.256272782252,4.50968644414345
37.7650202881413,50.2091373937767,3.59812933240426
513.053390215601,164.1381004669,4.90898762465906
NA,NA,NA
662.562070866507,338.362821540343,3.48909656415162
455.820440174073,295.358312905115,3.56588843716871
13.4953989770259,493.573634743093,3.4751385533585
560.173962801734,55.6961926816182,4.25636119866829
74.2338276911423,375.531443021919,4.15180653211334
235.458943477549,408.790876245074,3.93249161503407
430.26711038324,15.4743492812128,3.22539942188083
362.762334576045,293.66317398826,3.05035105812107
601.780748462796,102.234768488893,4.15655868480039
393.302963115325,225.41964260472,4.06415375904446
567.029234891665,410.858746665696,4.78276874346191
135.876678405427,284.662790643123,4.51953869243561
201.075440634313,372.945616165731,4.02322595275989
125.797085594157,409.443734020873,3.51026183328713
626.638297667156,315.021736800261,4.6586481311839
4.44523482523489,145.792151286366,4.25921163391339
541.757233415271,202.583933007795,4.24969771527068
33.8052182735848,490.585450055666,2.98624310992936
275.123568360881,21.7668408345566,3.91330504278249
535.684782455131,392.21030579968,3.40944053453026
81.4406608045885,77.1335843395804,5.23058359649508
4.59261013138723,76.7480550453608,3.55364622827315
591.393714529277,227.841815076035,3.95075479960533
434.176525034463,461.457084544535,4.7896435596848
657.2135900368,373.610884736894,3.12629403649143
102.864823538279,486.293729371472,4.3358238410335
620.777775191997,84.3343469506159,4.07048422477643
424.080288967559,259.217892242686,3.54931046767691
10.8845444655106,182.876225470499,3.22870553635025
75.010930692515,118.606892276462,4.41542767764637
612.997460275641,211.891967008559,4.27105843546628
259.387171756964,218.924810247743,3.88871054596699
577.3104116852,441.204693104379,3.77593558070609
303.416443179266,133.408696476911,3.85140667876147
535.286026096548,469.070726413595,3.4753708765988
38.8941829258744,427.105416606333,3.94499273766865
199.030306036592,291.661970849465,4.18796105422432
552.22377829484,259.190596460498,3.834089295054
179.176643027391,40.0325959797196,4.05272596162829
496.320661846596,338.256272782252,4.50968644414345
37.7650202881413,50.2091373937767,3.59812933240426
513.053390215601,164.1381004669,4.90898762465906
NA,NA,NA
662.562070866507,338.362821540343,3.48909656415162
455.820440174073,295.358312905115,3.56588843716871
13.4953989770259,493.573634743093,3.4751385533585
560.173962801734,55.6961926816182,4.25636119866829
74.2338276911423,375.531443021919,4.15180653211334
235.458943477549,408.790876245074,3.93249161503407
430.26711038324,15.4743492812128,3.22539942188083
362.762334576045,293.66317398826,3.05035105812107
601.780748462796,102.234768488893,4.15655868480039
393.302963115325,225.41964260472,4.06415375904446
567.029234891665,410.858746665696,4.78276874346191
135.876678405427,284.662790643123,4.51953869243561
201.075440634313,372.945616165731,4.02322595275989
125.797085594157,409.443734020873,3.51026183328713
626.638297667156,315.021736800261,4.6586481311839
4.44523482523489,145.792151286366,4.25921163391339
541.757233415271,202.583933007795,4.24969771527068
33.8052182735848,490.585450055666,2.98624310992936
275.123568360881,21.7668408345566,3.91330504278249
535.684782455131,392.21030579968,3.40944053453026
81.4406608045885,77.1335843395804,5.23058359649508
4.59261013138723,76.7480550453608,3.55364622827315
591.393714529277,227.841815076035,3.95075479960533
434.176525034463,461.457084544535,4.7896435596848
657.2135900368,373.610884736894,3.12629403649143
102.864823538279,486.293729371472,4.3358238410335
620.777775191997,84.3343469506159,4.07048422477643
424.080288967559,259.217892242686,3.54931046767691
10.8845444655106,182.876225470499,3.22870553635025
75.010930692515,118.606892276462,4.41542767764637
612.997460275641,211.891967008559,4.27105843546628
259.387171756964,218.924810247743,3.88871054596699
577.3104116852,441.204693104379,3.77593558070609
303.416443179266,133.408696476911,3.85140667876147
535.286026096548,469.070726413595,3.4753708765988
38.8941829258744,427.105416606333,3.94499273766865
199.030306036592,291.661970849465,4.18796105422432
552.22377829484,259.190596460498,3.834089295054
179.176643027391,40.0325959797196,4.05272596162829
496.320661846596,338.256272782252,4.50968644414345
37.7650202881413,50.2091373937767,3.59812933240426
513.053390215601,164.1381004669,4.90898762465906
NA,NA,NA
666.252592394324,335.0720716037,3.5273958146242
457.06403509218,298.762180654382,3.51432570893999
11.6518298490944,496.347410820602,3.7041747176638
564.326086274314,54.7380247018247,4.1769981959499
70.0693381556381,374.40260256577,4.00865533921965
225.58367909524,413.700237664252,3.93316272640642
427.522200214371,11.0108751907828,3.2427870700592
361.872286957748,294.076819601052,3.14727564260761
602.121859270957,97.2093175474243,3.99365300364065
396.029445031575,228.093775728168,4.09076556008627
574.512495766899,408.725974120446,4.6470939329533
140.14936178383,278.778393195668,4.61583564216265
200.671236525753,365.293481531051,3.91258558488893
125.36220291204,412.958358531391,3.48294893246301
624.82086664172,311.896886918244,4.55633920722718
-3.98640502020025,144.40311336031,4.24715883933157
539.820293174613,204.902005551774,4.16119676854428
35.1217787922175,490.85845797643,2.94740708766343
282.919077837645,22.0651844960894,3.95694622154415
534.353236716718,390.218605384989,3.54216949283697
68.058667117629,83.9902942981214,5.21382939086294
6.96463790072459,77.6275646073328,3.45856914095993
589.714930690666,224.143994516582,4.07044197382608
445.89425350867,456.13776609861,4.70243060423639
659.797364855948,374.113350218373,3.24579691538554
102.437181284717,487.186435310382,4.33726745615247
623.553225153071,91.1751065865706,4.06837550581724
420.135404720892,256.637875560196,3.55677856374714
12.2194750810374,182.022065303963,3.22066321543615
64.5984185078661,132.140680820542,4.34939926222646
602.016520643541,205.810140419098,3.64275835631825
256.971311846155,222.501569442352,4.08478273783958
573.184407403431,436.044543197669,3.73153894261072
299.177523210141,137.458528780677,3.7897489953142
527.855032695131,459.110217039429,3.70251187694352
50.4410664880544,408.036041703283,3.9279988857033
201.469478440461,286.559190435194,4.09810533342906
551.459719091307,255.160549505471,3.48484219821534
169.040410308148,20.050761808812,4.50646209258621
499.306867379508,341.188540198689,4.53155846341022
41.1968095596062,49.0066058595072,3.93119254151725
547.155708381781,135.650389993043,4.66008039137682
NA,NA,NA
666.252592394324,335.0720716037,3.5273958146242
457.06403509218,298.762180654382,3.51432570893999
11.6518298490944,496.347410820602,3.7041747176638
564.326086274314,54.7380247018247,4.1769981959499
70.0693381556381,374.40260256577,4.00865533921965
225.58367909524,413.700237664252,3.93316272640642
427.522200214371,11.0108751907828,3.2427870700592
361.872286957748,294.076819601052,3.14727564260761
602.121859270957,97.2093175474243,3.99365300364065
396.029445031575,228.093775728168,4.09076556008627
574.512495766899,408.725974120446,4.6470939329533
140.14936178383,278.778393195668,4.61583564216265
200.671236525753,365.293481531051,3.91258558488893
125.36220291204,412.958358531391,3.48294893246301
624.82086664172,311.896886918244,4.55633920722718
-3.98640502020025,144.40311336031,4.24715883933157
539.820293174613,204.902005551774,4.16119676854428
35.1217787922175,490.85845797643,2.94740708766343
282.919077837645,22.0651844960894,3.95694622154415
534.353236716718,390.218605384989,3.54216949283697
68.058667117629,83.9902942981214,5.21382939086294
6.96463790072459,77.6275646073328,3.45856914095993
589.714930690666,224.143994516582,4.07044197382608
445.89425350867,456.13776609861,4.70243060423639
659.797364855948,374.113350218373,3.24579691538554
102.437181284717,487.186435310382,4.33726745615247
623.553225153071,91.1751065865706,4.06837550581724
420.135404720892,256.637875560196,3.55677856374714
12.2194750810374,182.022065303963,3.22066321543615
64.5984185078661,132.140680820542,4.34939926222646
602.016520643541,205.810140419098,3.64275835631825
256.971311846155,222.501569442352,4.08478273783958
573.184407403431,436.044543197669,3.73153894261072
299.177523210141,137.458528780677,3.7897489953142
527.855032695131,459.110217039429,3.70251187694352
50.4410664880544,408.036041703283,3.9279988857033
201.469478440461,286.559190435194,4.09810533342906
551.459719091307,255.160549505471,3.48484219821534
169.040410308148,20.050761808812,4.50646209258621
499.306867379508,341.188540198689,4.53155846341022
41.1968095596062,49.0066058595072,3.93119254151725
547.155708381781,135.650389993043,4.66008039137682
NA,NA,NA
666.252592394324,335.0720716037,3.5273958146242
457.06403509218,298.762180654382,3.51432570893999
11.6518298490944,496.347410820602,3.7041747176638
564.326086274314,54.7380247018247,4.1769981959499
70.0693381556381,374.40260256577,4.00865533921965
225.58367909524,413.700237664252,3.93316272640642
427.522200214371,11.0108751907828,3.2427870700592
361.872286957748,294.076819601052,3.14727564260761
602.121859270957,97.2093175474243,3.99365300364065
396.029445031575,228.093775728168,4.09076556008627
574.512495766899,408.725974120446,4.6470939329533
140.14936178383,278.778393195668,4.61583564216265
200.671236525753,365.293481531051,3.91258558488893
125.36220291204,412.958358531391,3.48294893246301
624.82086664172,311.896886918244,4.55633920722718
-3.98640502020025,144.40311336031,4.24715883933157
539.820293174613,204.902005551774,4.16119676854428
35.1217787922175,490.85845797643,2.94740708766343
282.919077837645,22.0651844960894,3.95694622154415
534.353236716718,390.218605384989,3.54216949283697
68.058667117629,83.9902942981214,5.21382939086294
6.96463790072459,77.6275646073328,3.45856914095993
589.714930690666,224.143994516582,4.07044197382608
445.89425350867,456.13776609861,4.70243060423639
659.797364855948,374.113350218373,3.24579691538554
102.437181284717,487.186435310382,4.33726745615247
623.553225153071,91.1751065865706,4.06837550581724
420.135404720892,256.637875560196,3.55677856374714
12.2194750810374,182.022065303963,3.22066321543615
64.5984185078661,132.140680820542,4.34939926222646
602.016520643541,205.810140419098,3.64275835631825
256.971311846155,222.501569442352,4.08478273783958
573.184407403431,436.044543197669,3.73153894261072
299.177523210141,137.458528780677,3.7897489953142
527.855032695131,459.110217039429,3.70251187694352
50.4410664880544,408.036041703283,3.9279988857033
201.469478440461,286.559190435194,4.09810533342906
551.459719091307,255.160549505471,3.48484219821534
169.040410308148,20.050761808812,4.50646209258621
499.306867379508,341.188540198689,4.53155846341022
41.1968095596062,49.0066058595072,3.93119254151725
547.155708381781,135.650389993043,4.66008039137682
NA,NA,NA
666.252592394324,335.0720716037,3.5273958146242
457.06403509218,298.762180654382,3.51432570893999
11.6518298490944,496.347410820602,3.7041747176638
564.326086274314,54.7380247018247,4.1769981959499
70.0693381556381,374.40260256577,4.00865533921965
225.58367909524,413.700237664252,3.93316272640642
427.522200214371,11.0108751907828,3.2427870700592
361.872286957748,294.076819601052,3.14727564260761
602.121859270957,97.2093175474243,3.99365300364065
396.029445031575,228.093775728168,4.09076556008627
574.512495766899,408.725974120446,4.6470939329533
140.14936178383,278.778393195668,4.61583564216265
200.671236525753,365.293481531051,3.91258558488893
125.36220291204,412.958358531391,3.48294893246301
624.82086664172,311.896886918244,4.55633920722718
-3.98640502020025,144.40311336031,4.24715883933157
539.820293174613,204.902005551774,4.16119676854428
35.1217787922175,490.85845797643,2.94740708766343
282.919077837645,22.0651844960894,3.95694622154415
534.353236716718,390.218605384989,3.54216949283697
68.058667117629,83.9902942981214,5.21382939086294
6.96463790072459,77.6275646073328,3.45856914095993
589.714930690666,224.143994516582,4.07044197382608
445.89425350867,456.13776609861,4.70243060423639
659.797364855948,374.113350218373,3.24579691538554
102.437181284717,487.186435310382,4.33726745615247
623.553225153071,91.1751065865706,4.06837550581724
420.135404720892,256.637875560196,3.55677856374714
12.2194750810374,182.022065303963,3.22066321543615
64.5984185078661,132.140680820542,4.34939926222646
602.016520643541,205.810140419098,3.64275835631825
256.971311846155,222.501569442352,4.08478273783958
573.184407403431,436.044543197669,3.73153894261072
299.177523210141,137.458528780677,3.7897489953142
527.855032695131,459.110217039429,3.70251187694352
50.4410664880544,408.036041703283,3.9279988857033
201.469478440461,286.559190435194,4.09810533342906
551.459719091307,255.160549505471,3.48484219821534
169.040410308148,20.050761808812,4.50646209258621
499.306867379508,341.188540198689,4.53155846341022
41.1968095596062,49.0066058595072,3.93119254151725
547.155708381781,135.650389993043,4.66008039137682
NA,NA,NA
666.252592394324,335.0720716037,3.5273958146242
457.06403509218,298.762180654382,3.51432570893999
11.6518298490944,496.347410820602,3.7041747176638
564.326086274314,54.7380247018247,4.1769981959499
70.0693381556381,374.40260256577,4.00865533921965
225.58367909524,413.700237664252,3.93316272640642
427.522200214371,11.0108751907828,3.2427870700592
361.872286957748,294.076819601052,3.14727564260761
602.121859270957,97.2093175474243,3.99365300364065
396.029445031575,228.093775728168,4.09076556008627
574.512495766899,408.725974120446,4.6470939329533
140.14936178383,278.778393195668,4.61583564216265
200.671236525753,365.293481531051,3.91258558488893
125.36220291204,412.958358531391,3.48294893246301
624.82086664172,311.896886918244,4.55633920722718
-3.98640502020025,144.40311336031,4.24715883933157
539.820293174613,204.902005551774,4.16119676854428
35.1217787922175,490.85845797643,2.94740708766343
282.919077837645,22.0651844960894,3.95694622154415
534.353236716718,390.218605384989,3.54216949283697
68.058667117629,83.9902942981214,5.21382939086294
6.96463790072459,77.6275646073328,3.45856914095993
589.714930690666,224.143994516582,4.07044197382608
445.89425350867,456.13776609861,4.70243060423639
659.797364855948,374.113350218373,3.24579691538554
102.437181284717,487.186435310382,4.33726745615247
623.553225153071,91.1751065865706,4.06837550581724
420.135404720892,256.637875560196,3.55677856374714
12.2194750810374,182.022065303963,3.22066321543615
64.5984185078661,132.140680820542,4.34939926222646
602.016520643541,205.810140419098,3.64275835631825
256.971311846155,222.501569442352,4.08478273783958
573.184407403431,436.044543197669,3.73153894261072
299.177523210141,137.458528780677,3.7897489953142
527.855032695131,459.110217039429,3.70251187694352
50.4410664880544,408.036041703283,3.9279988857033
201.469478440461,286.559190435194,4.09810533342906
551.459719091307,255.160549505471,3.48484219821534
169.040410308148,20.050761808812,4.50646209258621
499.306867379508,341.188540198689,4.53155846341022
41.1968095596062,49.0066058595072,3.93119254151725
547.155708381781,135.650389993043,4.66008039137682
NA,NA,NA
666.252592394324,335.0720716037,3.5273958146242
457.06403509218,298.762180654382,3.51432570893999
11.6518298490944,496.347410820602,3.7041747176638
564.326086274314,54.7380247018247,4.1769981959499
70.0693381556381,374.40260256577,4.00865533921965
225.58367909524,413.700237664252,3.93316272640642
427.522200214371,11.0108751907828,3.2427870700592
361.872286957748,294.076819601052,3.14727564260761
602.121859270957,97.2093175474243,3.99365300364065
396.029445031575,228.093775728168,4.09076556008627
574.512495766899,408.725974120446,4.6470939329533
140.14936178383,278.778393195668,4.61583564216265
200.671236525753,365.293481531051,3.91258558488893
125.36220291204,412.958358531391,3.48294893246301
624.82086664172,311.896886918244,4.55633920722718
-3.98640502020025,144.40311336031,4.24715883933157
539.820293174613,204.902005551774,4.16119676854428
35.1217787922175,490.85845797643,2.94740708766343
282.919077837645,22.0651844960894,3.95694622154415
534.353236716718,390.218605384989,3.54216949283697
68.058667117629,83.9902942981214,5.21382939086294
6.96463790072459,77.6275646073328,3.45856914095993
589.714930690666,224.143994516582,4.07044197382608
445.89425350867,456.13776609861,4.70243060423639
659.797364855948,374.113350218373,3.24579691538554
102.437181284717,487.186435310382,4.33726745615247
623.553225153071,91.1751065865706,4.06837550581724
420.135404720892,256.637875560196,3.55677856374714
12.2194750810374,182.022065303963,3.22066321543615
64.5984185078661,132.140680820542,4.34939926222646
602.016520643541,205.810140419098,3.64275835631825
256.971311846155,222.501569442352,4.08478273783958
573.184407403431,436.044543197669,3.73153894261072
299.177523210141,137.458528780677,3.7897489953142
527.855032695131,459.110217039429,3.70251187694352
50.4410664880544,408.036041703283,3.9279988857033
201.469478440461,286.559190435194,4.09810533342906
551.459719091307,255.160549505471,3.48484219821534
169.040410308148,20.050761808812,4.50646209258621
499.306867379508,341.188540198689,4.53155846341022
41.1968095596062,49.0066058595072,3.93119254151725
547.155708381781,135.650389993043,4.66008039137682
NA,NA,NA
659.580491172067,335.706545246406,3.54097270605764
453.236523778103,298.692177785722,3.50659283599974
11.1847026947118,496.069126685292,3.64796804530836
559.103164737279,51.4770037865956,4.23638251233421
66.3682036276712,376.522309735468,3.99468601755141
223.279755169059,412.384447926995,3.93316872371003
427.031985916789,13.4749085642571,3.24703837179569
360.458498936229,293.120746834407,3.11047871780173
610.429442254649,108.983090009365,4.16428986018048
396.818140599158,231.376084794177,4.04498788895654
574.746792358759,408.099526989761,4.71589813080269
144.703877547741,279.801262524806,4.48227850931716
204.264291846389,365.626996198717,4.06134053482815
126.620526084074,411.562851005399,3.47465319871627
622.967788295725,311.942929008356,4.45344132052854
4.26994043879005,144.813157858101,4.30637299337644
544.225540421559,203.248216201137,4.21243924836387
34.286317943623,493.294199571644,3.01869076320103
282.105373570387,25.6278943368118,3.68984846946542
535.181224275487,388.322820903389,3.42121195238235
76.3680845548978,78.6700933226926,5.05423840493121
2.49801112114727,75.8308135059958,3.66805329152192
589.115502825867,227.179633808069,4.04760133425178
445.959405273055,450.358673979038,4.77162885370583
658.49043644634,375.279617885459,2.93964071842726
105.325389515625,488.226870439283,4.42933649044404
621.437837322181,91.5505068723292,4.06612412069433
415.979151431826,257.464123802966,3.60870986261647
10.3769261172782,181.177884266345,3.14783530673326
73.4949910085969,107.788119878568,4.5556596686834
608.149164772427,203.946047958655,4.31994652742483
248.418773043273,211.316743187483,3.47805128590724
579.493224591475,444.259592669049,3.84745465045966
299.120479983192,136.230328153533,3.94638681526885
530.587923568668,454.609423406884,3.55618779270328
44.6882088015517,410.330498721791,3.78813119280481
193.033965594732,293.647829219414,4.1461692702911
547.51258394364,256.966141402634,3.46485356085923
176.25506166378,20.2833695508528,4.28836475410764
504.025413499354,343.123638849613,4.68289345304337
28.5085014209527,53.266089766602,3.86916708184232
528.269896393826,137.673556750999,4.37097608840717
NA,NA,NA
659.580491172067,335.706545246406,3.54097270605764
453.236523778103,298.692177785722,3.50659283599974
11.1847026947118,496.069126685292,3.64796804530836
559.103164737279,51.4770037865956,4.23638251233421
66.3682036276712,376.522309735468,3.99468601755141
223.279755169059,412.384447926995,3.93316872371003
427.031985916789,13.4749085642571,3.24703837179569
360.458498936229,293.120746834407,3.11047871780173
610.429442254649,108.983090009365,4.16428986018048
396.818140599158,231.376084794177,4.04498788895654
574.746792358759,408.099526989761,4.71589813080269
144.703877547741,279.801262524806,4.48227850931716
204.264291846389,365.626996198717,4.06134053482815
126.620526084074,411.562851005399,3.47465319871627
622.967788295725,311.942929008356,4.45344132052854
4.26994043879005,144.813157858101,4.30637299337644
544.225540421559,203.248216201137,4.21243924836387
34.286317943623,493.294199571644,3.01869076320103
282.105373570387,25.6278943368118,3.68984846946542
535.181224275487,388.322820903389,3.42121195238235
76.3680845548978,78.6700933226926,5.05423840493121
2.49801112114727,75.8308135059958,3.66805329152192
589.115502825867,227.179633808069,4.04760133425178
445.959405273055,450.358673979038,4.77162885370583
658.49043644634,375.279617885459,2.93964071842726
105.325389515625,488.226870439283,4.42933649044404
621.437837322181,91.5505068723292,4.06612412069433
415.979151431826,257.464123802966,3.60870986261647
10.3769261172782,181.177884266345,3.14783530673326
73.4949910085969,107.788119878568,4.5556596686834
608.149164772427,203.946047958655,4.31994652742483
248.418773043273,211.316743187483,3.47805128590724
579.493224591475,444.259592669049,3.84745465045966
299.120479983192,136.230328153533,3.94638681526885
530.587923568668,454.609423406884,3.55618779270328
44.6882088015517,410.330498721791,3.78813119280481
193.033965594732,293.647829219414,4.1461692702911
547.51258394364,256.966141402634,3.46485356085923
176.25506166378,20.2833695508528,4.28836475410764
504.025413499354,343.123638849613,4.68289345304337
28.5085014209527,53.266089766602,3.86916708184232
528.269896393826,137.673556750999,4.37097608840717
NA,NA,NA
659.580491172067,335.706545246406,3.54097270605764
453.236523778103,298.692177785722,3.50659283599974
11.1847026947118,496.069126685292,3.64796804530836
559.103164737279,51.4770037865956,4.23638251233421
66.3682036276712,376.522309735468,3.99468601755141
223.279755169059,412.384447926995,3.93316872371003
427.031985916789,13.4749085642571,3.24703837179569
360.458498936229,293.120746834407,3.11047871780173
610.429442254649,108.983090009365,4.16428986018048
396.818140599158,231.376084794177,4.04498788895654
574.746792358759,408.099526989761,4.71589813080269
144.703877547741,279.801262524806,4.48227850931716
204.264291846389,365.626996198717,4.06134053482815
126.620526084074,411.562851005399,3.47465319871627
622.967788295725,311.942929008356,4.45344132052854
4.26994043879005,144.813157858101,4.30637299337644
544.225540421559,203.248216201137,4.21243924836387
34.286317943623,493.294199571644,3.01869076320103
282.105373570387,25.6278943368118,3.68984846946542
535.181224275487,388.322820903389,3.42121195238235
76.3680845548978,78.6700933226926,5.05423840493121
2.49801112114727,75.8308135059958,3.66805329152192
589.115502825867,227.179633808069,4.04760133425178
445.959405273055,450.358673979038,4.77162885370583
658.49043644634,375.279617885459,2.93964071842726
105.325389515625,488.226870439283,4.42933649044404
621.437837322181,91.5505068723292,4.06612412069433
415.979151431826,257.464123802966,3.60870986261647
10.3769261172782,181.177884266345,3.14783530673326
73.4949910085969,107.788119878568,4.5556596686834
608.149164772427,203.946047958655,4.31994652742483
248.418773043273,211.316743187483,3.47805128590724
579.493224591475,444.259592669049,3.84745465045966
299.120479983192,136.230328153533,3.94638681526885
530.587923568668,454.609423406884,3.55618779270328
44.6882088015517,410.330498721791,3.78813119280481
193.033965594732,293.647829219414,4.1461692702911
547.51258394364,256.966141402634,3.46485356085923
176.25506166378,20.2833695508528,4.28836475410764
504.025413499354,343.123638849613,4.68289345304337
28.5085014209527,53.266089766602,3.86916708184232
528.269896393826,137.673556750999,4.37097608840717
NA,NA,NA
659.580491172067,335.706545246406,3.54097270605764
453.236523778103,298.692177785722,3.50659283599974
11.1847026947118,496.069126685292,3.64796804530836
559.103164737279,51.4770037865956,4.23638251233421
66.3682036276712,376.522309735468,3.99468601755141
223.279755169059,412.384447926995,3.93316872371003
427.031985916789,13.4749085642571,3.24703837179569
360.458498936229,293.120746834407,3.11047871780173
610.429442254649,108.983090009365,4.16428986018048
396.818140599158,231.376084794177,4.04498788895654
574.746792358759,408.099526989761,4.71589813080269
144.703877547741,279.801262524806,4.48227850931716
204.264291846389,365.626996198717,4.06134053482815
126.620526084074,411.562851005399,3.47465319871627
622.967788295725,311.942929008356,4.45344132052854
4.26994043879005,144.813157858101,4.30637299337644
544.225540421559,203.248216201137,4.21243924836387
34.286317943623,493.294199571644,3.01869076320103
282.105373570387,25.6278943368118,3.68984846946542
535.181224275487,388.322820903389,3.42121195238235
76.3680845548978,78.6700933226926,5.05423840493121
2.49801112114727,75.8308135059958,3.66805329152192
589.115502825867,227.179633808069,4.04760133425178
445.959405273055,450.358673979038,4.77162885370583
658.49043644634,375.279617885459,2.93964071842726
105.325389515625,488.226870439283,4.42933649044404
621.437837322181,91.5505068723292,4.06612412069433
415.979151431826,257.464123802966,3.60870986261647
10.3769261172782,181.177884266345,3.14783530673326
73.4949910085969,107.788119878568,4.5556596686834
608.149164772427,203.946047958655,4.31994652742483
248.418773043273,211.316743187483,3.47805128590724
579.493224591475,444.259592669049,3.84745465045966
299.120479983192,136.230328153533,3.94638681526885
530.587923568668,454.609423406884,3.55618779270328
44.6882088015517,410.330498721791,3.78813119280481
193.033965594732,293.647829219414,4.1461692702911
547.51258394364,256.966141402634,3.46485356085923
176.25506166378,20.2833695508528,4.28836475410764
504.025413499354,343.123638849613,4.68289345304337
28.5085014209527,53.266089766602,3.86916708184232
528.269896393826,137.673556750999,4.37097608840717
NA,NA,NA
659.580491172067,335.706545246406,3.54097270605764
453.236523778103,298.692177785722,3.50659283599974
11.1847026947118,496.069126685292,3.64796804530836
559.103164737279,51.4770037865956,4.23638251233421
66.3682036276712,376.522309735468,3.99468601755141
223.279755169059,412.384447926995,3.93316872371003
427.031985916789,13.4749085642571,3.24703837179569
360.458498936229,293.120746834407,3.11047871780173
610.429442254649,108.983090009365,4.16428986018048
396.818140599158,231.376084794177,4.04498788895654
574.746792358759,408.099526989761,4.71589813080269
144.703877547741,279.801262524806,4.48227850931716
204.264291846389,365.626996198717,4.06134053482815
126.620526084074,411.562851005399,3.47465319871627
622.967788295725,311.942929008356,4.45344132052854
4.26994043879005,144.813157858101,4.30637299337644
544.225540421559,203.248216201137,4.21243924836387
34.286317943623,493.294199571644,3.01869076320103
282.105373570387,25.6278943368118,3.68984846946542
535.181224275487,388.322820903389,3.42121195238235
76.3680845548978,78.6700933226926,5.05423840493121
2.49801112114727,75.8308135059958,3.66805329152192
589.115502825867,227.179633808069,4.04760133425178
445.959405273055,450.358673979038,4.77162885370583
658.49043644634,375.279617885459,2.93964071842726
105.325389515625,488.226870439283,4.42933649044404
621.437837322181,91.5505068723292,4.06612412069433
415.979151431826,257.464123802966,3.60870986261647
10.3769261172782,181.177884266345,3.14783530673326
73.4949910085969,107.788119878568,4.5556596686834
608.149164772427,203.946047958655,4.31994652742483
248.418773043273,211.316743187483,3.47805128590724
579.493224591475,444.259592669049,3.84745465045966
299.120479983192,136.230328153533,3.94638681526885
530.587923568668,454.609423406884,3.55618779270328
44.6882088015517,410.330498721791,3.78813119280481
193.033965594732,293.647829219414,4.1461692702911
547.51258394364,256.966141402634,3.46485356085923
176.25506166378,20.2833695508528,4.28836475410764
504.025413499354,343.123638849613,4.68289345304337
28.5085014209527,53.266089766602,3.86916708184232
528.269896393826,137.673556750999,4.37097608840717
NA,NA,NA
659.580491172067,335.706545246406,3.54097270605764
453.236523778103,298.692177785722,3.50659283599974
11.1847026947118,496.069126685292,3.64796804530836
559.103164737279,51.4770037865956,4.23638251233421
66.3682036276712,376.522309735468,3.99468601755141
223.279755169059,412.384447926995,3.93316872371003
427.031985916789,13.4749085642571,3.24703837179569
360.458498936229,293.120746834407,3.11047871780173
610.429442254649,108.983090009365,4.16428986018048
396.818140599158,231.376084794177,4.04498788895654
574.746792358759,408.099526989761,4.71589813080269
144.703877547741,279.801262524806,4.48227850931716
204.264291846389,365.626996198717,4.06134053482815
126.620526084074,411.562851005399,3.47465319871627
622.967788295725,311.942929008356,4.45344132052854
4.26994043879005,144.813157858101,4.30637299337644
544.225540421559,203.248216201137,4.21243924836387
34.286317943623,493.294199571644,3.01869076320103
282.105373570387,25.6278943368118,3.68984846946542
535.181224275487,388.322820903389,3.42121195238235
76.3680845548978,78.6700933226926,5.05423840493121
2.49801112114727,75.8308135059958,3.66805329152192
589.115502825867,227.179633808069,4.04760133425178
445.959405273055,450.358673979038,4.77162885370583
658.49043644634,375.279617885459,2.93964071842726
105.325389515625,488.226870439283,4.42933649044404
621.437837322181,91.5505068723292,4.06612412069433
415.979151431826,257.464123802966,3.60870986261647
10.3769261172782,181.177884266345,3.14783530673326
73.4949910085969,107.788119878568,4.5556596686834
608.149164772427,203.946047958655,4.31994652742483
248.418773043273,211.316743187483,3.47805128590724
579.493224591475,444.259592669049,3.84745465045966
299.120479983192,136.230328153533,3.94638681526885
530.587923568668,454.609423406884,3.55618779270328
44.6882088015517,410.330498721791,3.78813119280481
193.033965594732,293.647829219414,4.1461692702911
547.51258394364,256.966141402634,3.46485356085923
176.25506166378,20.2833695508528,4.28836475410764
504.025413499354,343.123638849613,4.68289345304337
28.5085014209527,53.266089766602,3.86916708184232
528.269896393826,137.673556750999,4.37097608840717
NA,NA,NA
659.042388816131,334.896238817139,3.42147717147813
453.270864936028,294.621707956781,3.72110882888752
10.7947464375045,493.676254360628,3.56060117248363
561.523364674291,53.990027295168,4.20557999330587
74.4612035887041,371.530950412261,4.05196216710606
227.088403524953,415.383565251331,3.80156999618819
426.951456218532,13.6791779561996,3.37927494604127
362.430608470766,288.6847991703,2.98212016229409
603.468939750735,105.723108183919,4.05761153193691
391.832417708846,230.437865084375,4.21905173042918
573.262683311276,406.890393905036,4.71569906120926
138.733600621264,279.084561931811,4.62006753770624
198.78963112306,366.645308531921,3.99245336848896
123.376375783094,411.921675905125,3.44442024869224
625.830585417208,316.88371082417,4.51847812116389
0.600777974618874,147.120979041101,4.10723307215072
542.757708337797,206.0777015905,4.1654120874776
34.2172311434452,490.856140776415,3.05648462804958
281.626506836791,24.3070646788973,3.83922657683389
534.878079000813,394.384663721465,3.12716464222977
74.097251931452,73.7585975586071,5.35639742721031
1.90849701862794,76.5483737415455,3.40482185299384
586.86310503104,225.01943685841,4.00670497175782
438.367947630161,462.601980143993,4.88367382116915
659.051033826819,373.883972626972,3.18982921400021
102.480947990614,489.992327866173,4.45478997229157
620.816454310476,90.6514533820529,4.03869594400223
421.867106755137,260.922828379024,3.63684963633737
13.3630787378418,181.648173071316,3.34815230813888
60.7646954473377,108.168374343705,4.43116009484876
603.196998181966,190.749608773654,4.25359928211272
254.547761455365,220.070512000143,4.05056404280542
569.853012270745,441.643430783545,3.78851367073709
297.866508585074,138.384289495198,3.96995063351102
529.76552909753,454.558404813091,3.63466932786139
42.0907035654869,417.036139411011,3.94773014318459
201.322259880605,279.295253631578,3.84768733468885
552.796935313916,256.22960011884,3.67088109339707
186.459937954896,19.4149353984576,4.18384486884942
505.428683838729,342.012583439702,4.58798023053083
37.333454856837,43.8027836160493,3.85787341297548
519.371312218437,142.892730524384,4.54397648733559
NA,NA,NA
659.042388816131,334.896238817139,3.42147717147813
453.270864936028,294.621707956781,3.72110882888752
10.7947464375045,493.676254360628,3.56060117248363
561.523364674291,53.990027295168,4.20557999330587
74.4612035887041,371.530950412261,4.05196216710606
227.088403524953,415.383565251331,3.80156999618819
426.951456218532,13.6791779561996,3.37927494604127
362.430608470766,288.6847991703,2.98212016229409
603.468939750735,105.723108183919,4.05761153193691
391.832417708846,230.437865084375,4.21905173042918
573.262683311276,406.890393905036,4.71569906120926
138.733600621264,279.084561931811,4.62006753770624
198.78963112306,366.645308531921,3.99245336848896
123.376375783094,411.921675905125,3.44442024869224
625.830585417208,316.88371082417,4.51847812116389
0.600777974618874,147.120979041101,4.10723307215072
542.757708337797,206.0777015905,4.1654120874776
34.2172311434452,490.856140776415,3.05648462804958
281.626506836791,24.3070646788973,3.83922657683389
534.878079000813,394.384663721465,3.12716464222977
74.097251931452,73.7585975586071,5.35639742721031
1.90849701862794,76.5483737415455,3.40482185299384
586.86310503104,225.01943685841,4.00670497175782
438.367947630161,462.601980143993,4.88367382116915
659.051033826819,373.883972626972,3.18982921400021
102.480947990614,489.992327866173,4.45478997229157
620.816454310476,90.6514533820529,4.03869594400223
421.867106755137,260.922828379024,3.63684963633737
13.3630787378418,181.648173071316,3.34815230813888
60.7646954473377,108.168374343705,4.43116009484876
603.196998181966,190.749608773654,4.25359928211272
254.547761455365,220.070512000143,4.05056404280542
569.853012270745,441.643430783545,3.78851367073709
297.866508585074,138.384289495198,3.96995063351102
529.76552909753,454.558404813091,3.63466932786139
42.0907035654869,417.036139411011,3.94773014318459
201.322259880605,279.295253631578,3.84768733468885
552.796935313916,256.22960011884,3.67088109339707
186.459937954896,19.4149353984576,4.18384486884942
505.428683838729,342.012583439702,4.58798023053083
37.333454856837,43.8027836160493,3.85787341297548
519.371312218437,142.892730524384,4.54397648733559
NA,NA,NA
659.042388816131,334.896238817139,3.42147717147813
453.270864936028,294.621707956781,3.72110882888752
10.7947464375045,493.676254360628,3.56060117248363
561.523364674291,53.990027295168,4.20557999330587
74.4612035887041,371.530950412261,4.05196216710606
227.088403524953,415.383565251331,3.80156999618819
426.951456218532,13.6791779561996,3.37927494604127
362.430608470766,288.6847991703,2.98212016229409
603.468939750735,105.723108183919,4.05761153193691
391.832417708846,230.437865084375,4.21905173042918
573.262683311276,406.890393905036,4.71569906120926
138.733600621264,279.084561931811,4.62006753770624
198.78963112306,366.645308531921,3.99245336848896
123.376375783094,411.921675905125,3.44442024869224
625.830585417208,316.88371082417,4.51847812116389
0.600777974618874,147.120979041101,4.10723307215072
542.757708337797,206.0777015905,4.1654120874776
34.2172311434452,490.856140776415,3.05648462804958
281.626506836791,24.3070646788973,3.83922657683389
534.878079000813,394.384663721465,3.12716464222977
74.097251931452,73.7585975586071,5.35639742721031
1.90849701862794,76.5483737415455,3.40482185299384
586.86310503104,225.01943685841,4.00670497175782
438.367947630161,462.601980143993,4.88367382116915
659.051033826819,373.883972626972,3.18982921400021
102.480947990614,489.992327866173,4.45478997229157
620.816454310476,90.6514533820529,4.03869594400223
421.867106755137,260.922828379024,3.63684963633737
13.3630787378418,181.648173071316,3.34815230813888
60.7646954473377,108.168374343705,4.43116009484876
603.196998181966,190.749608773654,4.25359928211272
254.547761455365,220.070512000143,4.05056404280542
569.853012270745,441.643430783545,3.78851367073709
297.866508585074,138.384289495198,3.96995063351102
529.76552909753,454.558404813091,3.63466932786139
42.0907035654869,417.036139411011,3.94773014318459
201.322259880605,279.295253631578,3.84768733468885
552.796935313916,256.22960011884,3.67088109339707
186.459937954896,19.4149353984576,4.18384486884942
505.428683838729,342.012583439702,4.58798023053083
37.333454856837,43.8027836160493,3.85787341297548
519.371312218437,142.892730524384,4.54397648733559
NA,NA,NA
659.042388816131,334.896238817139,3.42147717147813
453.270864936028,294.621707956781,3.72110882888752
10.7947464375045,493.676254360628,3.56060117248363
561.523364674291,53.990027295168,4.20557999330587
74.4612035887041,371.530950412261,4.05196216710606
227.088403524953,415.383565251331,3.80156999618819
426.951456218532,13.6791779561996,3.37927494604127
362.430608470766,288.6847991703,2.98212016229409
603.468939750735,105.723108183919,4.05761153193691
391.832417708846,230.437865084375,4.21905173042918
573.262683311276,406.890393905036,4.71569906120926
138.733600621264,279.084561931811,4.62006753770624
198.78963112306,366.645308531921,3.99245336848896
123.376375783094,411.921675905125,3.44442024869224
625.830585417208,316.88371082417,4.51847812116389
0.600777974618874,147.120979041101,4.10723307215072
542.757708337797,206.0777015905,4.1654120874776
34.2172311434452,490.856140776415,3.05648462804958
281.626506836791,24.3070646788973,3.83922657683389
534.878079000813,394.384663721465,3.12716464222977
74.097251931452,73.7585975586071,5.35639742721031
1.90849701862794,76.5483737415455,3.40482185299384
586.86310503104,225.01943685841,4.00670497175782
438.367947630161,462.601980143993,4.88367382116915
659.051033826819,373.883972626972,3.18982921400021
102.480947990614,489.992327866173,4.45478997229157
620.816454310476,90.6514533820529,4.03869594400223
421.867106755137,260.922828379024,3.63684963633737
13.3630787378418,181.648173071316,3.34815230813888
60.7646954473377,108.168374343705,4.43116009484876
603.196998181966,190.749608773654,4.25359928211272
254.547761455365,220.070512000143,4.05056404280542
569.853012270745,441.643430783545,3.78851367073709
297.866508585074,138.384289495198,3.96995063351102
529.76552909753,454.558404813091,3.63466932786139
42.0907035654869,417.036139411011,3.94773014318459
201.322259880605,279.295253631578,3.84768733468885
552.796935313916,256.22960011884,3.67088109339707
186.459937954896,19.4149353984576,4.18384486884942
505.428683838729,342.012583439702,4.58798023053083
37.333454856837,43.8027836160493,3.85787341297548
519.371312218437,142.892730524384,4.54397648733559
NA,NA,NA
659.042388816131,334.896238817139,3.42147717147813
453.270864936028,294.621707956781,3.72110882888752
10.7947464375045,493.676254360628,3.56060117248363
561.523364674291,53.990027295168,4.20557999330587
74.4612035887041,371.530950412261,4.05196216710606
227.088403524953,415.383565251331,3.80156999618819
426.951456218532,13.6791779561996,3.37927494604127
362.430608470766,288.6847991703,2.98212016229409
603.468939750735,105.723108183919,4.05761153193691
391.832417708846,230.437865084375,4.21905173042918
573.262683311276,406.890393905036,4.71569906120926
138.733600621264,279.084561931811,4.62006753770624
198.78963112306,366.645308531921,3.99245336848896
123.376375783094,411.921675905125,3.44442024869224
625.830585417208,316.88371082417,4.51847812116389
0.600777974618874,147.120979041101,4.10723307215072
542.757708337797,206.0777015905,4.1654120874776
34.2172311434452,490.856140776415,3.05648462804958
281.626506836791,24.3070646788973,3.83922657683389
534.878079000813,394.384663721465,3.12716464222977
74.097251931452,73.7585975586071,5.35639742721031
1.90849701862794,76.5483737415455,3.40482185299384
586.86310503104,225.01943685841,4.00670497175782
438.367947630161,462.601980143993,4.88367382116915
659.051033826819,373.883972626972,3.18982921400021
102.480947990614,489.992327866173,4.45478997229157
620.816454310476,90.6514533820529,4.03869594400223
421.867106755137,260.922828379024,3.63684963633737
13.3630787378418,181.648173071316,3.34815230813888
60.7646954473377,108.168374343705,4.43116009484876
603.196998181966,190.749608773654,4.25359928211272
254.547761455365,220.070512000143,4.05056404280542
569.853012270745,441.643430783545,3.78851367073709
297.866508585074,138.384289495198,3.96995063351102
529.76552909753,454.558404813091,3.63466932786139
42.0907035654869,417.036139411011,3.94773014318459
201.322259880605,279.295253631578,3.84768733468885
552.796935313916,256.22960011884,3.67088109339707
186.459937954896,19.4149353984576,4.18384486884942
505.428683838729,342.012583439702,4.58798023053083
37.333454856837,43.8027836160493,3.85787341297548
519.371312218437,142.892730524384,4.54397648733559
NA,NA,NA
659.042388816131,334.896238817139,3.42147717147813
453.270864936028,294.621707956781,3.72110882888752
10.7947464375045,493.676254360628,3.56060117248363
561.523364674291,53.990027295168,4.20557999330587
74.4612035887041,371.530950412261,4.05196216710606
227.088403524953,415.383565251331,3.80156999618819
426.951456218532,13.6791779561996,3.37927494604127
362.430608470766,288.6847991703,2.98212016229409
603.468939750735,105.723108183919,4.05761153193691
391.832417708846,230.437865084375,4.21905173042918
573.262683311276,406.890393905036,4.71569906120926
138.733600621264,279.084561931811,4.62006753770624
198.78963112306,366.645308531921,3.99245336848896
123.376375783094,411.921675905125,3.44442024869224
625.830585417208,316.88371082417,4.51847812116389
0.600777974618874,147.120979041101,4.10723307215072
542.757708337797,206.0777015905,4.1654120874776
34.2172311434452,490.856140776415,3.05648462804958
281.626506836791,24.3070646788973,3.83922657683389
534.878079000813,394.384663721465,3.12716464222977
74.097251931452,73.7585975586071,5.35639742721031
1.90849701862794,76.5483737415455,3.40482185299384
586.86310503104,225.01943685841,4.00670497175782
438.367947630161,462.601980143993,4.88367382116915
659.051033826819,373.883972626972,3.18982921400021
102.480947990614,489.992327866173,4.45478997229157
620.816454310476,90.6514533820529,4.03869594400223
421.867106755137,260.922828379024,3.63684963633737
13.3630787378418,181.648173071316,3.34815230813888
60.7646954473377,108.168374343705,4.43116009484876
603.196998181966,190.749608773654,4.25359928211272
254.547761455365,220.070512000143,4.05056404280542
569.853012270745,441.643430783545,3.78851367073709
297.866508585074,138.384289495198,3.96995063351102
529.76552909753,454.558404813091,3.63466932786139
42.0907035654869,417.036139411011,3.94773014318459
201.322259880605,279.295253631578,3.84768733468885
552.796935313916,256.22960011884,3.67088109339707
186.459937954896,19.4149353984576,4.18384486884942
505.428683838729,342.012583439702,4.58798023053083
37.333454856837,43.8027836160493,3.85787341297548
519.371312218437,142.892730524384,4.54397648733559
NA,NA,NA
663.992051418528,334.819596019478,3.47970273320374
457.827991283261,302.499960695765,3.66183077516133
10.472227496438,494.924227851954,3.50453352072429
557.453405188106,51.7911347328681,4.31021297161488
71.0088418402734,378.873830911507,4.04701411396544
228.772482734755,414.197507441612,3.85889566252
426.129207037961,13.0961729520234,3.34407848273113
362.878749734858,294.224978064863,3.12877693809159
599.216758053318,101.157663360423,4.32318028727352
391.470114702207,225.184837849538,4.20605719309543
565.58502355852,407.975510104603,4.75844397212165
139.968328262209,280.313335391672,4.4684384598644
195.418993466229,366.827261138989,4.00386379556666
126.589580947337,409.649538677147,3.42048660687551
629.216487013195,313.936792280455,4.67781661627826
1.26037915433403,153.530642002912,4.21501982499652
541.944555970274,205.182561492011,4.1089337244974
30.6847992169679,492.932333984278,3.06377699650164
283.213200473743,22.7464043522452,3.58139331152656
535.043360992682,390.756739705011,3.38747586513895
77.2175192943446,84.804500357301,5.06777344724136
3.40406744960095,77.6843936658881,3.44878531940721
588.212266954171,228.911316806182,4.07799382618901
444.28248340893,457.178188605387,4.76421259595412
657.882444208796,372.049414527303,3.12004395858353
109.058044971681,493.820622004155,4.34571328351794
620.001263488861,85.5752911033869,4.08601646539766
420.858212978011,260.069653079419,3.61646866366203
9.76395701289452,182.161566873054,3.22764644118465
80.9600051107534,110.788083603645,4.40113312787552
601.207810105286,212.752851481104,4.38813976067628
249.157278879359,218.32014783688,3.57857965769671
573.869298765207,436.160747020938,3.79121035072725
301.283145719778,138.185987789692,3.90754410380919
532.438305093306,455.571093521137,3.75167280331194
41.6663482873291,412.51662436302,3.70244097504883
197.513976648858,287.95184121434,4.02946989304903
548.853365421147,262.382780771783,3.73578884784965
162.697577135149,37.112551872162,4.22642170713821
495.770328539742,334.856611787978,4.64212354915437
30.5240913569444,51.1020830524252,3.79586662588914
517.469442836559,149.807981471932,4.78349321172313
NA,NA,NA
663.992051418528,334.819596019478,3.47970273320374
457.827991283261,302.499960695765,3.66183077516133
10.472227496438,494.924227851954,3.50453352072429
557.453405188106,51.7911347328681,4.31021297161488
71.0088418402734,378.873830911507,4.04701411396544
228.772482734755,414.197507441612,3.85889566252
426.129207037961,13.0961729520234,3.34407848273113
362.878749734858,294.224978064863,3.12877693809159
599.216758053318,101.157663360423,4.32318028727352
391.470114702207,225.184837849538,4.20605719309543
565.58502355852,407.975510104603,4.75844397212165
139.968328262209,280.313335391672,4.4684384598644
195.418993466229,366.827261138989,4.00386379556666
126.589580947337,409.649538677147,3.42048660687551
629.216487013195,313.936792280455,4.67781661627826
1.26037915433403,153.530642002912,4.21501982499652
541.944555970274,205.182561492011,4.1089337244974
30.6847992169679,492.932333984278,3.06377699650164
283.213200473743,22.7464043522452,3.58139331152656
535.043360992682,390.756739705011,3.38747586513895
77.2175192943446,84.804500357301,5.06777344724136
3.40406744960095,77.6843936658881,3.44878531940721
588.212266954171,228.911316806182,4.07799382618901
444.28248340893,457.178188605387,4.76421259595412
657.882444208796,372.049414527303,3.12004395858353
109.058044971681,493.820622004155,4.34571328351794
620.001263488861,85.5752911033869,4.08601646539766
420.858212978011,260.069653079419,3.61646866366203
9.76395701289452,182.161566873054,3.22764644118465
80.9600051107534,110.788083603645,4.40113312787552
601.207810105286,212.752851481104,4.38813976067628
249.157278879359,218.32014783688,3.57857965769671
573.869298765207,436.160747020938,3.79121035072725
301.283145719778,138.185987789692,3.90754410380919
532.438305093306,455.571093521137,3.75167280331194
41.6663482873291,412.51662436302,3.70244097504883
197.513976648858,287.95184121434,4.02946989304903
548.853365421147,262.382780771783,3.73578884784965
162.697577135149,37.112551872162,4.22642170713821
495.770328539742,334.856611787978,4.64212354915437
30.5240913569444,51.1020830524252,3.79586662588914
517.469442836559,149.807981471932,4.78349321172313
NA,NA,NA
663.992051418528,334.819596019478,3.47970273320374
457.827991283261,302.499960695765,3.66183077516133
10.472227496438,494.924227851954,3.50453352072429
557.453405188106,51.7911347328681,4.31021297161488
71.0088418402734,378.873830911507,4.04701411396544
228.772482734755,414.197507441612,3.85889566252
426.129207037961,13.0961729520234,3.34407848273113
362.878749734858,294.224978064863,3.12877693809159
599.216758053318,101.157663360423,4.32318028727352
391.470114702207,225.184837849538,4.20605719309543
565.58502355852,407.975510104603,4.75844397212165
139.968328262209,280.313335391672,4.4684384598644
195.418993466229,366.827261138989,4.00386379556666
126.589580947337,409.649538677147,3.42048660687551
629.216487013195,313.936792280455,4.67781661627826
1.26037915433403,153.530642002912,4.21501982499652
541.944555970274,205.182561492011,4.1089337244974
30.6847992169679,492.932333984278,3.06377699650164
283.213200473743,22.7464043522452,3.58139331152656
535.043360992682,390.756739705011,3.38747586513895
77.2175192943446,84.804500357301,5.06777344724136
3.40406744960095,77.6843936658881,3.44878531940721
588.212266954171,228.911316806182,4.07799382618901
444.28248340893,457.178188605387,4.76421259595412
657.882444208796,372.049414527303,3.12004395858353
109.058044971681,493.820622004155,4.34571328351794
620.001263488861,85.5752911033869,4.08601646539766
420.858212978011,260.069653079419,3.61646866366203
9.76395701289452,182.161566873054,3.22764644118465
80.9600051107534,110.788083603645,4.40113312787552
601.207810105286,212.752851481104,4.38813976067628
249.157278879359,218.32014783688,3.57857965769671
573.869298765207,436.160747020938,3.79121035072725
301.283145719778,138.185987789692,3.90754410380919
532.438305093306,455.571093521137,3.75167280331194
41.6663482873291,412.51662436302,3.70244097504883
197.513976648858,287.95184121434,4.02946989304903
548.853365421147,262.382780771783,3.73578884784965
162.697577135149,37.112551872162,4.22642170713821
495.770328539742,334.856611787978,4.64212354915437
30.5240913569444,51.1020830524252,3.79586662588914
517.469442836559,149.807981471932,4.78349321172313
NA,NA,NA
663.992051418528,334.819596019478,3.47970273320374
457.827991283261,302.499960695765,3.66183077516133
10.472227496438,494.924227851954,3.50453352072429
557.453405188106,51.7911347328681,4.31021297161488
71.0088418402734,378.873830911507,4.04701411396544
228.772482734755,414.197507441612,3.85889566252
426.129207037961,13.0961729520234,3.34407848273113
362.878749734858,294.224978064863,3.12877693809159
599.216758053318,101.157663360423,4.32318028727352
391.470114702207,225.184837849538,4.20605719309543
565.58502355852,407.975510104603,4.75844397212165
139.968328262209,280.313335391672,4.4684384598644
195.418993466229,366.827261138989,4.00386379556666
126.589580947337,409.649538677147,3.42048660687551
629.216487013195,313.936792280455,4.67781661627826
1.26037915433403,153.530642002912,4.21501982499652
541.944555970274,205.182561492011,4.1089337244974
30.6847992169679,492.932333984278,3.06377699650164
283.213200473743,22.7464043522452,3.58139331152656
535.043360992682,390.756739705011,3.38747586513895
77.2175192943446,84.804500357301,5.06777344724136
3.40406744960095,77.6843936658881,3.44878531940721
588.212266954171,228.911316806182,4.07799382618901
444.28248340893,457.178188605387,4.76421259595412
657.882444208796,372.049414527303,3.12004395858353
109.058044971681,493.820622004155,4.34571328351794
620.001263488861,85.5752911033869,4.08601646539766
420.858212978011,260.069653079419,3.61646866366203
9.76395701289452,182.161566873054,3.22764644118465
80.9600051107534,110.788083603645,4.40113312787552
601.207810105286,212.752851481104,4.38813976067628
249.157278879359,218.32014783688,3.57857965769671
573.869298765207,436.160747020938,3.79121035072725
301.283145719778,138.185987789692,3.90754410380919
532.438305093306,455.571093521137,3.75167280331194
41.6663482873291,412.51662436302,3.70244097504883
197.513976648858,287.95184121434,4.02946989304903
548.853365421147,262.382780771783,3.73578884784965
162.697577135149,37.112551872162,4.22642170713821
495.770328539742,334.856611787978,4.64212354915437
30.5240913569444,51.1020830524252,3.79586662588914
517.469442836559,149.807981471932,4.78349321172313
NA,NA,NA
663.992051418528,334.819596019478,3.47970273320374
457.827991283261,302.499960695765,3.66183077516133
10.472227496438,494.924227851954,3.50453352072429
557.453405188106,51.7911347328681,4.31021297161488
71.0088418402734,378.873830911507,4.04701411396544
228.772482734755,414.197507441612,3.85889566252
426.129207037961,13.0961729520234,3.34407848273113
362.878749734858,294.224978064863,3.12877693809159
599.216758053318,101.157663360423,4.32318028727352
391.470114702207,225.184837849538,4.20605719309543
565.58502355852,407.975510104603,4.75844397212165
139.968328262209,280.313335391672,4.4684384598644
195.418993466229,366.827261138989,4.00386379556666
126.589580947337,409.649538677147,3.42048660687551
629.216487013195,313.936792280455,4.67781661627826
1.26037915433403,153.530642002912,4.21501982499652
541.944555970274,205.182561492011,4.1089337244974
30.6847992169679,492.932333984278,3.06377699650164
283.213200473743,22.7464043522452,3.58139331152656
535.043360992682,390.756739705011,3.38747586513895
77.2175192943446,84.804500357301,5.06777344724136
3.40406744960095,77.6843936658881,3.44878531940721
588.212266954171,228.911316806182,4.07799382618901
444.28248340893,457.178188605387,4.76421259595412
657.882444208796,372.049414527303,3.12004395858353
109.058044971681,493.820622004155,4.34571328351794
620.001263488861,85.5752911033869,4.08601646539766
420.858212978011,260.069653079419,3.61646866366203
9.76395701289452,182.161566873054,3.22764644118465
80.9600051107534,110.788083603645,4.40113312787552
601.207810105286,212.752851481104,4.38813976067628
249.157278879359,218.32014783688,3.57857965769671
573.869298765207,436.160747020938,3.79121035072725
301.283145719778,138.185987789692,3.90754410380919
532.438305093306,455.571093521137,3.75167280331194
41.6663482873291,412.51662436302,3.70244097504883
197.513976648858,287.95184121434,4.02946989304903
548.853365421147,262.382780771783,3.73578884784965
162.697577135149,37.112551872162,4.22642170713821
495.770328539742,334.856611787978,4.64212354915437
30.5240913569444,51.1020830524252,3.79586662588914
517.469442836559,149.807981471932,4.78349321172313
NA,NA,NA
663.992051418528,334.819596019478,3.47970273320374
457.827991283261,302.499960695765,3.66183077516133
10.472227496438,494.924227851954,3.50453352072429
557.453405188106,51.7911347328681,4.31021297161488
71.0088418402734,378.873830911507,4.04701411396544
228.772482734755,414.197507441612,3.85889566252
426.129207037961,13.0961729520234,3.34407848273113
362.878749734858,294.224978064863,3.12877693809159
599.216758053318,101.157663360423,4.32318028727352
391.470114702207,225.184837849538,4.20605719309543
565.58502355852,407.975510104603,4.75844397212165
139.968328262209,280.313335391672,4.4684384598644
195.418993466229,366.827261138989,4.00386379556666
126.589580947337,409.649538677147,3.42048660687551
629.216487013195,313.936792280455,4.67781661627826
1.26037915433403,153.530642002912,4.21501982499652
541.944555970274,205.182561492011,4.1089337244974
30.6847992169679,492.932333984278,3.06377699650164
283.213200473743,22.7464043522452,3.58139331152656
535.043360992682,390.756739705011,3.38747586513895
77.2175192943446,84.804500357301,5.06777344724136
3.40406744960095,77.6843936658881,3.44878531940721
588.212266954171,228.911316806182,4.07799382618901
444.28248340893,457.178188605387,4.76421259595412
657.882444208796,372.049414527303,3.12004395858353
109.058044971681,493.820622004155,4.34571328351794
620.001263488861,85.5752911033869,4.08601646539766
420.858212978011,260.069653079419,3.61646866366203
9.76395701289452,182.161566873054,3.22764644118465
80.9600051107534,110.788083603645,4.40113312787552
601.207810105286,212.752851481104,4.38813976067628
249.157278879359,218.32014783688,3.57857965769671
573.869298765207,436.160747020938,3.79121035072725
301.283145719778,138.185987789692,3.90754410380919
532.438305093306,455.571093521137,3.75167280331194
41.6663482873291,412.51662436302,3.70244097504883
197.513976648858,287.95184121434,4.02946989304903
548.853365421147,262.382780771783,3.73578884784965
162.697577135149,37.112551872162,4.22642170713821
495.770328539742,334.856611787978,4.64212354915437
30.5240913569444,51.1020830524252,3.79586662588914
517.469442836559,149.807981471932,4.78349321172313
NA,NA,NA
665.52546137564,333.425240818771,3.56100545277337
458.827239057489,297.308166828216,3.72197755519926
14.9110998079852,495.411273763282,3.79529205960007
568.078090843732,48.5830670369922,4.2593622163734
70.1504791312657,372.530346606873,3.99701635202401
223.935086160002,414.538743176123,3.83821320759035
428.874471177215,14.8064260292124,3.59879859774452
360.174580293779,291.709673945165,3.05330351434584
602.218443000778,107.632168222632,4.15534246540622
396.825254417393,230.5478740362,4.33230478360668
569.676991171147,406.81223937983,4.72574317695407
141.500178594368,281.805093835083,4.35330727222626
196.174889233428,369.419552343416,4.04538188898827
123.786748294471,410.128599788208,3.29752865576338
622.370454410129,308.023094335295,4.64947448462201
4.12864064198206,148.344332291889,4.38515529676646
541.475240115198,201.595441955498,4.14772170965654
33.5646180270283,495.241628984522,2.85827576378883
281.212688435184,23.4686023368919,3.92628886860523
536.279375110848,392.556763607544,3.45035318673043
81.2192888812091,69.8215095042619,5.22181095797078
4.48508170309451,71.672180823183,3.71923193838398
594.173910535997,227.281058471842,3.9848947357478
442.00321191145,460.526211604926,4.79046553926579
660.407845408387,375.195388941703,2.99995233970308
108.842022338559,487.842590395983,4.29499644988243
620.960135509282,93.9216147485225,4.04621923560113
417.050339611216,257.49851008297,3.61375185339086
9.71635173845528,182.218861512049,3.11449435503932
63.4641234847836,113.101013065485,4.53773234027001
609.644062917771,191.345111664774,4.03131700470503
254.933095566838,227.755936354587,4.17644819041281
566.798371968399,434.043120412795,3.67184008228278
297.376093504383,137.027865684441,3.91888283230089
526.745641897173,447.12620794876,3.71946084761749
56.2980512466897,424.881791890171,3.73068201119015
203.379683065622,285.484083302717,4.25896685816819
543.448529856222,263.904727377259,3.70887172180974
178.926473638562,26.7455453668607,4.11721963852777
509.903627102714,341.20958956355,4.55058277229018
40.6437498953539,51.3776865181485,3.87129380063994
524.12036028214,153.777105918885,4.49497473744946
NA,NA,NA
665.52546137564,333.425240818771,3.56100545277337
458.827239057489,297.308166828216,3.72197755519926
14.9110998079852,495.411273763282,3.79529205960007
568.078090843732,48.5830670369922,4.2593622163734
70.1504791312657,372.530346606873,3.99701635202401
223.935086160002,414.538743176123,3.83821320759035
428.874471177215,14.8064260292124,3.59879859774452
360.174580293779,291.709673945165,3.05330351434584
602.218443000778,107.632168222632,4.15534246540622
396.825254417393,230.5478740362,4.33230478360668
569.676991171147,406.81223937983,4.72574317695407
141.500178594368,281.805093835083,4.35330727222626
196.174889233428,369.419552343416,4.04538188898827
123.786748294471,410.128599788208,3.29752865576338
622.370454410129,308.023094335295,4.64947448462201
4.12864064198206,148.344332291889,4.38515529676646
541.475240115198,201.595441955498,4.14772170965654
33.5646180270283,495.241628984522,2.85827576378883
281.212688435184,23.4686023368919,3.92628886860523
536.279375110848,392.556763607544,3.45035318673043
81.2192888812091,69.8215095042619,5.22181095797078
4.48508170309451,71.672180823183,3.71923193838398
594.173910535997,227.281058471842,3.9848947357478
442.00321191145,460.526211604926,4.79046553926579
660.407845408387,375.195388941703,2.99995233970308
108.842022338559,487.842590395983,4.29499644988243
620.960135509282,93.9216147485225,4.04621923560113
417.050339611216,257.49851008297,3.61375185339086
9.71635173845528,182.218861512049,3.11449435503932
63.4641234847836,113.101013065485,4.53773234027001
609.644062917771,191.345111664774,4.03131700470503
254.933095566838,227.755936354587,4.17644819041281
566.798371968399,434.043120412795,3.67184008228278
297.376093504383,137.027865684441,3.91888283230089
526.745641897173,447.12620794876,3.71946084761749
56.2980512466897,424.881791890171,3.73068201119015
203.379683065622,285.484083302717,4.25896685816819
543.448529856222,263.904727377259,3.70887172180974
178.926473638562,26.7455453668607,4.11721963852777
509.903627102714,341.20958956355,4.55058277229018
40.6437498953539,51.3776865181485,3.87129380063994
524.12036028214,153.777105918885,4.49497473744946
NA,NA,NA
665.52546137564,333.425240818771,3.56100545277337
458.827239057489,297.308166828216,3.72197755519926
14.9110998079852,495.411273763282,3.79529205960007
568.078090843732,48.5830670369922,4.2593622163734
70.1504791312657,372.530346606873,3.99701635202401
223.935086160002,414.538743176123,3.83821320759035
428.874471177215,14.8064260292124,3.59879859774452
360.174580293779,291.709673945165,3.05330351434584
602.218443000778,107.632168222632,4.15534246540622
396.825254417393,230.5478740362,4.33230478360668
569.676991171147,406.81223937983,4.72574317695407
141.500178594368,281.805093835083,4.35330727222626
196.174889233428,369.419552343416,4.04538188898827
123.786748294471,410.128599788208,3.29752865576338
622.370454410129,308.023094335295,4.64947448462201
4.12864064198206,148.344332291889,4.38515529676646
541.475240115198,201.595441955498,4.14772170965654
33.5646180270283,495.241628984522,2.85827576378883
281.212688435184,23.4686023368919,3.92628886860523
536.279375110848,392.556763607544,3.45035318673043
81.2192888812091,69.8215095042619,5.22181095797078
4.48508170309451,71.672180823183,3.71923193838398
594.173910535997,227.281058471842,3.9848947357478
442.00321191145,460.526211604926,4.79046553926579
660.407845408387,375.195388941703,2.99995233970308
108.842022338559,487.842590395983,4.29499644988243
620.960135509282,93.9216147485225,4.04621923560113
417.050339611216,257.49851008297,3.61375185339086
9.71635173845528,182.218861512049,3.11449435503932
63.4641234847836,113.101013065485,4.53773234027001
609.644062917771,191.345111664774,4.03131700470503
254.933095566838,227.755936354587,4.17644819041281
566.798371968399,434.043120412795,3.67184008228278
297.376093504383,137.027865684441,3.91888283230089
526.745641897173,447.12620794876,3.71946084761749
56.2980512466897,424.881791890171,3.73068201119015
203.379683065622,285.484083302717,4.25896685816819
543.448529856222,263.904727377259,3.70887172180974
178.926473638562,26.7455453668607,4.11721963852777
509.903627102714,341.20958956355,4.55058277229018
40.6437498953539,51.3776865181485,3.87129380063994
524.12036028214,153.777105918885,4.49497473744946
NA,NA,NA
665.52546137564,333.425240818771,3.56100545277337
458.827239057489,297.308166828216,3.72197755519926
14.9110998079852,495.411273763282,3.79529205960007
568.078090843732,48.5830670369922,4.2593622163734
70.1504791312657,372.530346606873,3.99701635202401
223.935086160002,414.538743176123,3.83821320759035
428.874471177215,14.8064260292124,3.59879859774452
360.174580293779,291.709673945165,3.05330351434584
602.218443000778,107.632168222632,4.15534246540622
396.825254417393,230.5478740362,4.33230478360668
569.676991171147,406.81223937983,4.72574317695407
141.500178594368,281.805093835083,4.35330727222626
196.174889233428,369.419552343416,4.04538188898827
123.786748294471,410.128599788208,3.29752865576338
622.370454410129,308.023094335295,4.64947448462201
4.12864064198206,148.344332291889,4.38515529676646
541.475240115198,201.595441955498,4.14772170965654
33.5646180270283,495.241628984522,2.85827576378883
281.212688435184,23.4686023368919,3.92628886860523
536.279375110848,392.556763607544,3.45035318673043
81.2192888812091,69.8215095042619,5.22181095797078
4.48508170309451,71.672180823183,3.71923193838398
594.173910535997,227.281058471842,3.9848947357478
442.00321191145,460.526211604926,4.79046553926579
660.407845408387,375.195388941703,2.99995233970308
108.842022338559,487.842590395983,4.29499644988243
620.960135509282,93.9216147485225,4.04621923560113
417.050339611216,257.49851008297,3.61375185339086
9.71635173845528,182.218861512049,3.11449435503932
63.4641234847836,113.101013065485,4.53773234027001
609.644062917771,191.345111664774,4.03131700470503
254.933095566838,227.755936354587,4.17644819041281
566.798371968399,434.043120412795,3.67184008228278
297.376093504383,137.027865684441,3.91888283230089
526.745641897173,447.12620794876,3.71946084761749
56.2980512466897,424.881791890171,3.73068201119015
203.379683065622,285.484083302717,4.25896685816819
543.448529856222,263.904727377259,3.70887172180974
178.926473638562,26.7455453668607,4.11721963852777
509.903627102714,341.20958956355,4.55058277229018
40.6437498953539,51.3776865181485,3.87129380063994
524.12036028214,153.777105918885,4.49497473744946
NA,NA,NA
665.52546137564,333.425240818771,3.56100545277337
458.827239057489,297.308166828216,3.72197755519926
14.9110998079852,495.411273763282,3.79529205960007
568.078090843732,48.5830670369922,4.2593622163734
70.1504791312657,372.530346606873,3.99701635202401
223.935086160002,414.538743176123,3.83821320759035
428.874471177215,14.8064260292124,3.59879859774452
360.174580293779,291.709673945165,3.05330351434584
602.218443000778,107.632168222632,4.15534246540622
396.825254417393,230.5478740362,4.33230478360668
569.676991171147,406.81223937983,4.72574317695407
141.500178594368,281.805093835083,4.35330727222626
196.174889233428,369.419552343416,4.04538188898827
123.786748294471,410.128599788208,3.29752865576338
622.370454410129,308.023094335295,4.64947448462201
4.12864064198206,148.344332291889,4.38515529676646
541.475240115198,201.595441955498,4.14772170965654
33.5646180270283,495.241628984522,2.85827576378883
281.212688435184,23.4686023368919,3.92628886860523
536.279375110848,392.556763607544,3.45035318673043
81.2192888812091,69.8215095042619,5.22181095797078
4.48508170309451,71.672180823183,3.71923193838398
594.173910535997,227.281058471842,3.9848947357478
442.00321191145,460.526211604926,4.79046553926579
660.407845408387,375.195388941703,2.99995233970308
108.842022338559,487.842590395983,4.29499644988243
620.960135509282,93.9216147485225,4.04621923560113
417.050339611216,257.49851008297,3.61375185339086
9.71635173845528,182.218861512049,3.11449435503932
63.4641234847836,113.101013065485,4.53773234027001
609.644062917771,191.345111664774,4.03131700470503
254.933095566838,227.755936354587,4.17644819041281
566.798371968399,434.043120412795,3.67184008228278
297.376093504383,137.027865684441,3.91888283230089
526.745641897173,447.12620794876,3.71946084761749
56.2980512466897,424.881791890171,3.73068201119015
203.379683065622,285.484083302717,4.25896685816819
543.448529856222,263.904727377259,3.70887172180974
178.926473638562,26.7455453668607,4.11721963852777
509.903627102714,341.20958956355,4.55058277229018
40.6437498953539,51.3776865181485,3.87129380063994
524.12036028214,153.777105918885,4.49497473744946
NA,NA,NA
665.52546137564,333.425240818771,3.56100545277337
458.827239057489,297.308166828216,3.72197755519926
14.9110998079852,495.411273763282,3.79529205960007
568.078090843732,48.5830670369922,4.2593622163734
70.1504791312657,372.530346606873,3.99701635202401
223.935086160002,414.538743176123,3.83821320759035
428.874471177215,14.8064260292124,3.59879859774452
360.174580293779,291.709673945165,3.05330351434584
602.218443000778,107.632168222632,4.15534246540622
396.825254417393,230.5478740362,4.33230478360668
569.676991171147,406.81223937983,4.72574317695407
141.500178594368,281.805093835083,4.35330727222626
196.174889233428,369.419552343416,4.04538188898827
123.786748294471,410.128599788208,3.29752865576338
622.370454410129,308.023094335295,4.64947448462201
4.12864064198206,148.344332291889,4.38515529676646
541.475240115198,201.595441955498,4.14772170965654
33.5646180270283,495.241628984522,2.85827576378883
281.212688435184,23.4686023368919,3.92628886860523
536.279375110848,392.556763607544,3.45035318673043
81.2192888812091,69.8215095042619,5.22181095797078
4.48508170309451,71.672180823183,3.71923193838398
594.173910535997,227.281058471842,3.9848947357478
442.00321191145,460.526211604926,4.79046553926579
660.407845408387,375.195388941703,2.99995233970308
108.842022338559,487.842590395983,4.29499644988243
620.960135509282,93.9216147485225,4.04621923560113
417.050339611216,257.49851008297,3.61375185339086
9.71635173845528,182.218861512049,3.11449435503932
63.4641234847836,113.101013065485,4.53773234027001
609.644062917771,191.345111664774,4.03131700470503
254.933095566838,227.755936354587,4.17644819041281
566.798371968399,434.043120412795,3.67184008228278
297.376093504383,137.027865684441,3.91888283230089
526.745641897173,447.12620794876,3.71946084761749
56.2980512466897,424.881791890171,3.73068201119015
203.379683065622,285.484083302717,4.25896685816819
543.448529856222,263.904727377259,3.70887172180974
178.926473638562,26.7455453668607,4.11721963852777
509.903627102714,341.20958956355,4.55058277229018
40.6437498953539,51.3776865181485,3.87129380063994
524.12036028214,153.777105918885,4.49497473744946
NA,NA,NA
665.29355699483,333.662277168261,3.61187313783558
461.660768773437,297.4788516948,3.52299607362221
11.9201230680091,489.426931657586,3.61224483551344
561.020137168429,55.1069673465903,4.1131381956045
70.1900316749664,372.7273558163,3.9473765754344
226.631163916843,411.428463195285,3.91937447312245
427.657986216879,15.7924164069357,3.39390198612159
361.979051914888,295.331164435383,3.04618590324453
607.477738626245,107.84553072835,4.31464384158024
391.609104471825,228.753981711049,4.27867378956854
561.844245313739,409.854505317189,4.72412587343175
137.148387769905,283.928291241891,4.72476498235562
198.887332475857,370.641992244664,3.93040746202453
124.978645178544,410.820182103571,3.47539796303184
622.630503038503,311.739659330222,4.59707828074773
-0.461101964450029,144.710479645727,4.2673974119912
544.281353029468,202.210448091835,4.07617000483488
35.383703630714,491.31676118424,3.16676854990682
278.66281121678,22.0743733102466,3.800420911038
536.4548347363,391.98649853719,3.52036052100041
75.7108354597156,74.6725796993255,5.277690558218
8.97629219392952,80.6447138476689,3.45096499929692
588.05093053739,229.493003027819,3.9689062602194
438.219727713655,469.779082046912,4.74284344644735
659.422820510156,373.424475419703,3.19424789946582
105.823649307667,486.411605796658,4.44745282939618
623.738193112582,90.9379107393587,4.0561868882673
418.653894635132,256.351840468538,3.58743570027349
14.1997541403108,179.825578440987,3.25869682916363
73.0875511366673,126.061506133183,4.33129937990962
607.790512355861,217.883627794716,4.20896834503679
252.190139995741,215.879435702614,3.57324406050158
570.537444918706,437.568656888009,3.79270910244291
305.47244692906,133.705324211406,3.70414026992068
527.190310202901,454.629217329408,3.65955892018324
43.026861463584,425.659887609664,3.96486421724158
193.457710343538,277.816420987735,3.88877026362666
551.663893684671,265.80929893336,3.66391736917585
187.437590221327,21.6404892573157,4.08101364795959
494.314406450996,344.670898197094,4.65675244763448
41.6566432583952,49.547726426239,3.92594262013112
527.626274556869,172.178986081544,4.27791223813359
NA,NA,NA
665.29355699483,333.662277168261,3.61187313783558
461.660768773437,297.4788516948,3.52299607362221
11.9201230680091,489.426931657586,3.61224483551344
561.020137168429,55.1069673465903,4.1131381956045
70.1900316749664,372.7273558163,3.9473765754344
226.631163916843,411.428463195285,3.91937447312245
427.657986216879,15.7924164069357,3.39390198612159
361.979051914888,295.331164435383,3.04618590324453
607.477738626245,107.84553072835,4.31464384158024
391.609104471825,228.753981711049,4.27867378956854
561.844245313739,409.854505317189,4.72412587343175
137.148387769905,283.928291241891,4.72476498235562
198.887332475857,370.641992244664,3.93040746202453
124.978645178544,410.820182103571,3.47539796303184
622.630503038503,311.739659330222,4.59707828074773
-0.461101964450029,144.710479645727,4.2673974119912
544.281353029468,202.210448091835,4.07617000483488
35.383703630714,491.31676118424,3.16676854990682
278.66281121678,22.0743733102466,3.800420911038
536.4548347363,391.98649853719,3.52036052100041
75.7108354597156,74.6725796993255,5.277690558218
8.97629219392952,80.6447138476689,3.45096499929692
588.05093053739,229.493003027819,3.9689062602194
438.219727713655,469.779082046912,4.74284344644735
659.422820510156,373.424475419703,3.19424789946582
105.823649307667,486.411605796658,4.44745282939618
623.738193112582,90.9379107393587,4.0561868882673
418.653894635132,256.351840468538,3.58743570027349
14.1997541403108,179.825578440987,3.25869682916363
73.0875511366673,126.061506133183,4.33129937990962
607.790512355861,217.883627794716,4.20896834503679
252.190139995741,215.879435702614,3.57324406050158
570.537444918706,437.568656888009,3.79270910244291
305.47244692906,133.705324211406,3.70414026992068
527.190310202901,454.629217329408,3.65955892018324
43.026861463584,425.659887609664,3.96486421724158
193.457710343538,277.816420987735,3.88877026362666
551.663893684671,265.80929893336,3.66391736917585
187.437590221327,21.6404892573157,4.08101364795959
494.314406450996,344.670898197094,4.65675244763448
41.6566432583952,49.547726426239,3.92594262013112
527.626274556869,172.178986081544,4.27791223813359
NA,NA,NA
665.29355699483,333.662277168261,3.61187313783558
461.660768773437,297.4788516948,3.52299607362221
11.9201230680091,489.426931657586,3.61224483551344
561.020137168429,55.1069673465903,4.1131381956045
70.1900316749664,372.7273558163,3.9473765754344
226.631163916843,411.428463195285,3.91937447312245
427.657986216879,15.7924164069357,3.39390198612159
361.979051914888,295.331164435383,3.04618590324453
607.477738626245,107.84553072835,4.31464384158024
391.609104471825,228.753981711049,4.27867378956854
561.844245313739,409.854505317189,4.72412587343175
137.148387769905,283.928291241891,4.72476498235562
198.887332475857,370.641992244664,3.93040746202453
124.978645178544,410.820182103571,3.47539796303184
622.630503038503,311.739659330222,4.59707828074773
-0.461101964450029,144.710479645727,4.2673974119912
544.281353029468,202.210448091835,4.07617000483488
35.383703630714,491.31676118424,3.16676854990682
278.66281121678,22.0743733102466,3.800420911038
536.4548347363,391.98649853719,3.52036052100041
75.7108354597156,74.6725796993255,5.277690558218
8.97629219392952,80.6447138476689,3.45096499929692
588.05093053739,229.493003027819,3.9689062602194
438.219727713655,469.779082046912,4.74284344644735
659.422820510156,373.424475419703,3.19424789946582
105.823649307667,486.411605796658,4.44745282939618
623.738193112582,90.9379107393587,4.0561868882673
418.653894635132,256.351840468538,3.58743570027349
14.1997541403108,179.825578440987,3.25869682916363
73.0875511366673,126.061506133183,4.33129937990962
607.790512355861,217.883627794716,4.20896834503679
252.190139995741,215.879435702614,3.57324406050158
570.537444918706,437.568656888009,3.79270910244291
305.47244692906,133.705324211406,3.70414026992068
527.190310202901,454.629217329408,3.65955892018324
43.026861463584,425.659887609664,3.96486421724158
193.457710343538,277.816420987735,3.88877026362666
551.663893684671,265.80929893336,3.66391736917585
187.437590221327,21.6404892573157,4.08101364795959
494.314406450996,344.670898197094,4.65675244763448
41.6566432583952,49.547726426239,3.92594262013112
527.626274556869,172.178986081544,4.27791223813359
NA,NA,NA
665.29355699483,333.662277168261,3.61187313783558
461.660768773437,297.4788516948,3.52299607362221
11.9201230680091,489.426931657586,3.61224483551344
561.020137168429,55.1069673465903,4.1131381956045
70.1900316749664,372.7273558163,3.9473765754344
226.631163916843,411.428463195285,3.91937447312245
427.657986216879,15.7924164069357,3.39390198612159
361.979051914888,295.331164435383,3.04618590324453
607.477738626245,107.84553072835,4.31464384158024
391.609104471825,228.753981711049,4.27867378956854
561.844245313739,409.854505317189,4.72412587343175
137.148387769905,283.928291241891,4.72476498235562
198.887332475857,370.641992244664,3.93040746202453
124.978645178544,410.820182103571,3.47539796303184
622.630503038503,311.739659330222,4.59707828074773
-0.461101964450029,144.710479645727,4.2673974119912
544.281353029468,202.210448091835,4.07617000483488
35.383703630714,491.31676118424,3.16676854990682
278.66281121678,22.0743733102466,3.800420911038
536.4548347363,391.98649853719,3.52036052100041
75.7108354597156,74.6725796993255,5.277690558218
8.97629219392952,80.6447138476689,3.45096499929692
588.05093053739,229.493003027819,3.9689062602194
438.219727713655,469.779082046912,4.74284344644735
659.422820510156,373.424475419703,3.19424789946582
105.823649307667,486.411605796658,4.44745282939618
623.738193112582,90.9379107393587,4.0561868882673
418.653894635132,256.351840468538,3.58743570027349
14.1997541403108,179.825578440987,3.25869682916363
73.0875511366673,126.061506133183,4.33129937990962
607.790512355861,217.883627794716,4.20896834503679
252.190139995741,215.879435702614,3.57324406050158
570.537444918706,437.568656888009,3.79270910244291
305.47244692906,133.705324211406,3.70414026992068
527.190310202901,454.629217329408,3.65955892018324
43.026861463584,425.659887609664,3.96486421724158
193.457710343538,277.816420987735,3.88877026362666
551.663893684671,265.80929893336,3.66391736917585
187.437590221327,21.6404892573157,4.08101364795959
494.314406450996,344.670898197094,4.65675244763448
41.6566432583952,49.547726426239,3.92594262013112
527.626274556869,172.178986081544,4.27791223813359
NA,NA,NA
665.29355699483,333.662277168261,3.61187313783558
461.660768773437,297.4788516948,3.52299607362221
11.9201230680091,489.426931657586,3.61224483551344
561.020137168429,55.1069673465903,4.1131381956045
70.1900316749664,372.7273558163,3.9473765754344
226.631163916843,411.428463195285,3.91937447312245
427.657986216879,15.7924164069357,3.39390198612159
361.979051914888,295.331164435383,3.04618590324453
607.477738626245,107.84553072835,4.31464384158024
391.609104471825,228.753981711049,4.27867378956854
561.844245313739,409.854505317189,4.72412587343175
137.148387769905,283.928291241891,4.72476498235562
198.887332475857,370.641992244664,3.93040746202453
124.978645178544,410.820182103571,3.47539796303184
622.630503038503,311.739659330222,4.59707828074773
-0.461101964450029,144.710479645727,4.2673974119912
544.281353029468,202.210448091835,4.07617000483488
35.383703630714,491.31676118424,3.16676854990682
278.66281121678,22.0743733102466,3.800420911038
536.4548347363,391.98649853719,3.52036052100041
75.7108354597156,74.6725796993255,5.277690558218
8.97629219392952,80.6447138476689,3.45096499929692
588.05093053739,229.493003027819,3.9689062602194
438.219727713655,469.779082046912,4.74284344644735
659.422820510156,373.424475419703,3.19424789946582
105.823649307667,486.411605796658,4.44745282939618
623.738193112582,90.9379107393587,4.0561868882673
418.653894635132,256.351840468538,3.58743570027349
14.1997541403108,179.825578440987,3.25869682916363
73.0875511366673,126.061506133183,4.33129937990962
607.790512355861,217.883627794716,4.20896834503679
252.190139995741,215.879435702614,3.57324406050158
570.537444918706,437.568656888009,3.79270910244291
305.47244692906,133.705324211406,3.70414026992068
527.190310202901,454.629217329408,3.65955892018324
43.026861463584,425.659887609664,3.96486421724158
193.457710343538,277.816420987735,3.88877026362666
551.663893684671,265.80929893336,3.66391736917585
187.437590221327,21.6404892573157,4.08101364795959
494.314406450996,344.670898197094,4.65675244763448
41.6566432583952,49.547726426239,3.92594262013112
527.626274556869,172.178986081544,4.27791223813359
NA,NA,NA
665.29355699483,333.662277168261,3.61187313783558
461.660768773437,297.4788516948,3.52299607362221
11.9201230680091,489.426931657586,3.61224483551344
561.020137168429,55.1069673465903,4.1131381956045
70.1900316749664,372.7273558163,3.9473765754344
226.631163916843,411.428463195285,3.91937447312245
427.657986216879,15.7924164069357,3.39390198612159
361.979051914888,295.331164435383,3.04618590324453
607.477738626245,107.84553072835,4.31464384158024
391.609104471825,228.753981711049,4.27867378956854
561.844245313739,409.854505317189,4.72412587343175
137.148387769905,283.928291241891,4.72476498235562
198.887332475857,370.641992244664,3.93040746202453
124.978645178544,410.820182103571,3.47539796303184
622.630503038503,311.739659330222,4.59707828074773
-0.461101964450029,144.710479645727,4.2673974119912
544.281353029468,202.210448091835,4.07617000483488
35.383703630714,491.31676118424,3.16676854990682
278.66281121678,22.0743733102466,3.800420911038
536.4548347363,391.98649853719,3.52036052100041
75.7108354597156,74.6725796993255,5.277690558218
8.97629219392952,80.6447138476689,3.45096499929692
588.05093053739,229.493003027819,3.9689062602194
438.219727713655,469.779082046912,4.74284344644735
659.422820510156,373.424475419703,3.19424789946582
105.823649307667,486.411605796658,4.44745282939618
623.738193112582,90.9379107393587,4.0561868882673
418.653894635132,256.351840468538,3.58743570027349
14.1997541403108,179.825578440987,3.25869682916363
73.0875511366673,126.061506133183,4.33129937990962
607.790512355861,217.883627794716,4.20896834503679
252.190139995741,215.879435702614,3.57324406050158
570.537444918706,437.568656888009,3.79270910244291
305.47244692906,133.705324211406,3.70414026992068
527.190310202901,454.629217329408,3.65955892018324
43.026861463584,425.659887609664,3.96486421724158
193.457710343538,277.816420987735,3.88877026362666
551.663893684671,265.80929893336,3.66391736917585
187.437590221327,21.6404892573157,4.08101364795959
494.314406450996,344.670898197094,4.65675244763448
41.6566432583952,49.547726426239,3.92594262013112
527.626274556869,172.178986081544,4.27791223813359
NA,NA,NA
663.926745619572,333.764268386604,3.50273787643394
455.850427992415,299.344367287048,3.64007442106225
7.64815028145604,495.435619468992,3.72317329784293
561.422478785537,50.3251059148782,4.13562412248217
72.8716114839699,375.361429671414,4.01848413548386
227.497760444804,410.9368882245,3.92402402410025
427.429603932714,10.6047185869481,3.42636270394978
363.758921670018,292.884666088961,3.0388955009933
606.885223454114,105.104435571795,4.16033176501137
394.7215929832,227.326378070676,4.24144405312959
573.64846681589,410.4403669192,4.73777433956352
146.133565530558,277.365461697671,4.49762170593526
200.38786663016,369.788781565489,3.93816523358906
127.891597070117,411.542281351322,3.47268507704632
629.463660623772,309.813211377374,4.74212060015543
1.48838135393434,152.189479629144,4.18902069347019
542.856927238302,203.279084870009,4.04321948324855
35.5182330935778,492.112065576797,3.07449439475934
280.57509719698,24.0343176875068,3.87250856084978
534.226358874483,392.986950837306,3.32649391618253
71.7739808270138,70.6392194782701,5.14086934615605
5.08910763833538,78.1947862935232,3.53995189071455
587.633570341411,227.599153841859,4.02042672826224
439.362639175675,455.901353501737,4.81311982777245
657.481036593077,374.950380916872,3.01142164301664
107.772177147353,487.278787243197,4.3432409069504
623.123617923054,88.9256157856854,4.04672156856769
418.245248758156,262.836414824095,3.53888944965616
9.98417725057967,182.684817132403,3.24142796540017
74.444155300423,107.516539638102,4.42761151371217
605.080830469134,207.690634362071,4.29557441246014
257.019172175043,209.499800857376,3.80314753533608
574.207667111336,434.89705679967,3.77918563288644
298.307759821956,140.473909502653,4.023968961322
530.104308210822,452.700771809396,3.76664108046821
52.0714444097755,410.323136130851,3.99692940689547
180.783871868916,297.961212614224,4.08599522276163
552.71200029007,259.525858999084,3.76006982835669
185.250934516619,32.6864115543198,4.50460445014471
499.3808950019,340.417627931345,4.43760514657586
34.1696397046025,55.4561615374226,3.93345652015592
544.039009993424,155.271761034769,4.67373751747761
NA,NA,NA
663.926745619572,333.764268386604,3.50273787643394
455.850427992415,299.344367287048,3.64007442106225
7.64815028145604,495.435619468992,3.72317329784293
561.422478785537,50.3251059148782,4.13562412248217
72.8716114839699,375.361429671414,4.01848413548386
227.497760444804,410.9368882245,3.92402402410025
427.429603932714,10.6047185869481,3.42636270394978
363.758921670018,292.884666088961,3.0388955009933
606.885223454114,105.104435571795,4.16033176501137
394.7215929832,227.326378070676,4.24144405312959
573.64846681589,410.4403669192,4.73777433956352
146.133565530558,277.365461697671,4.49762170593526
200.38786663016,369.788781565489,3.93816523358906
127.891597070117,411.542281351322,3.47268507704632
629.463660623772,309.813211377374,4.74212060015543
1.48838135393434,152.189479629144,4.18902069347019
542.856927238302,203.279084870009,4.04321948324855
35.5182330935778,492.112065576797,3.07449439475934
280.57509719698,24.0343176875068,3.87250856084978
534.226358874483,392.986950837306,3.32649391618253
71.7739808270138,70.6392194782701,5.14086934615605
5.08910763833538,78.1947862935232,3.53995189071455
587.633570341411,227.599153841859,4.02042672826224
439.362639175675,455.901353501737,4.81311982777245
657.481036593077,374.950380916872,3.01142164301664
107.772177147353,487.278787243197,4.3432409069504
623.123617923054,88.9256157856854,4.04672156856769
418.245248758156,262.836414824095,3.53888944965616
9.98417725057967,182.684817132403,3.24142796540017
74.444155300423,107.516539638102,4.42761151371217
605.080830469134,207.690634362071,4.29557441246014
257.019172175043,209.499800857376,3.80314753533608
574.207667111336,434.89705679967,3.77918563288644
298.307759821956,140.473909502653,4.023968961322
530.104308210822,452.700771809396,3.76664108046821
52.0714444097755,410.323136130851,3.99692940689547
180.783871868916,297.961212614224,4.08599522276163
552.71200029007,259.525858999084,3.76006982835669
185.250934516619,32.6864115543198,4.50460445014471
499.3808950019,340.417627931345,4.43760514657586
34.1696397046025,55.4561615374226,3.93345652015592
544.039009993424,155.271761034769,4.67373751747761
NA,NA,NA
663.926745619572,333.764268386604,3.50273787643394
455.850427992415,299.344367287048,3.64007442106225
7.64815028145604,495.435619468992,3.72317329784293
561.422478785537,50.3251059148782,4.13562412248217
72.8716114839699,375.361429671414,4.01848413548386
227.497760444804,410.9368882245,3.92402402410025
427.429603932714,10.6047185869481,3.42636270394978
363.758921670018,292.884666088961,3.0388955009933
606.885223454114,105.104435571795,4.16033176501137
394.7215929832,227.326378070676,4.24144405312959
573.64846681589,410.4403669192,4.73777433956352
146.133565530558,277.365461697671,4.49762170593526
200.38786663016,369.788781565489,3.93816523358906
127.891597070117,411.542281351322,3.47268507704632
629.463660623772,309.813211377374,4.74212060015543
1.48838135393434,152.189479629144,4.18902069347019
542.856927238302,203.279084870009,4.04321948324855
35.5182330935778,492.112065576797,3.07449439475934
280.57509719698,24.0343176875068,3.87250856084978
534.226358874483,392.986950837306,3.32649391618253
71.7739808270138,70.6392194782701,5.14086934615605
5.08910763833538,78.1947862935232,3.53995189071455
587.633570341411,227.599153841859,4.02042672826224
439.362639175675,455.901353501737,4.81311982777245
657.481036593077,374.950380916872,3.01142164301664
107.772177147353,487.278787243197,4.3432409069504
623.123617923054,88.9256157856854,4.04672156856769
418.245248758156,262.836414824095,3.53888944965616
9.98417725057967,182.684817132403,3.24142796540017
74.444155300423,107.516539638102,4.42761151371217
605.080830469134,207.690634362071,4.29557441246014
257.019172175043,209.499800857376,3.80314753533608
574.207667111336,434.89705679967,3.77918563288644
298.307759821956,140.473909502653,4.023968961322
530.104308210822,452.700771809396,3.76664108046821
52.0714444097755,410.323136130851,3.99692940689547
180.783871868916,297.961212614224,4.08599522276163
552.71200029007,259.525858999084,3.76006982835669
185.250934516619,32.6864115543198,4.50460445014471
499.3808950019,340.417627931345,4.43760514657586
34.1696397046025,55.4561615374226,3.93345652015592
544.039009993424,155.271761034769,4.67373751747761
NA,NA,NA
663.926745619572,333.764268386604,3.50273787643394
455.850427992415,299.344367287048,3.64007442106225
7.64815028145604,495.435619468992,3.72317329784293
561.422478785537,50.3251059148782,4.13562412248217
72.8716114839699,375.361429671414,4.01848413548386
227.497760444804,410.9368882245,3.92402402410025
427.429603932714,10.6047185869481,3.42636270394978
363.758921670018,292.884666088961,3.0388955009933
606.885223454114,105.104435571795,4.16033176501137
394.7215929832,227.326378070676,4.24144405312959
573.64846681589,410.4403669192,4.73777433956352
146.133565530558,277.365461697671,4.49762170593526
200.38786663016,369.788781565489,3.93816523358906
127.891597070117,411.542281351322,3.47268507704632
629.463660623772,309.813211377374,4.74212060015543
1.48838135393434,152.189479629144,4.18902069347019
542.856927238302,203.279084870009,4.04321948324855
35.5182330935778,492.112065576797,3.07449439475934
280.57509719698,24.0343176875068,3.87250856084978
534.226358874483,392.986950837306,3.32649391618253
71.7739808270138,70.6392194782701,5.14086934615605
5.08910763833538,78.1947862935232,3.53995189071455
587.633570341411,227.599153841859,4.02042672826224
439.362639175675,455.901353501737,4.81311982777245
657.481036593077,374.950380916872,3.01142164301664
107.772177147353,487.278787243197,4.3432409069504
623.123617923054,88.9256157856854,4.04672156856769
418.245248758156,262.836414824095,3.53888944965616
9.98417725057967,182.684817132403,3.24142796540017
74.444155300423,107.516539638102,4.42761151371217
605.080830469134,207.690634362071,4.29557441246014
257.019172175043,209.499800857376,3.80314753533608
574.207667111336,434.89705679967,3.77918563288644
298.307759821956,140.473909502653,4.023968961322
530.104308210822,452.700771809396,3.76664108046821
52.0714444097755,410.323136130851,3.99692940689547
180.783871868916,297.961212614224,4.08599522276163
552.71200029007,259.525858999084,3.76006982835669
185.250934516619,32.6864115543198,4.50460445014471
499.3808950019,340.417627931345,4.43760514657586
34.1696397046025,55.4561615374226,3.93345652015592
544.039009993424,155.271761034769,4.67373751747761
NA,NA,NA
663.926745619572,333.764268386604,3.50273787643394
455.850427992415,299.344367287048,3.64007442106225
7.64815028145604,495.435619468992,3.72317329784293
561.422478785537,50.3251059148782,4.13562412248217
72.8716114839699,375.361429671414,4.01848413548386
227.497760444804,410.9368882245,3.92402402410025
427.429603932714,10.6047185869481,3.42636270394978
363.758921670018,292.884666088961,3.0388955009933
606.885223454114,105.104435571795,4.16033176501137
394.7215929832,227.326378070676,4.24144405312959
573.64846681589,410.4403669192,4.73777433956352
146.133565530558,277.365461697671,4.49762170593526
200.38786663016,369.788781565489,3.93816523358906
127.891597070117,411.542281351322,3.47268507704632
629.463660623772,309.813211377374,4.74212060015543
1.48838135393434,152.189479629144,4.18902069347019
542.856927238302,203.279084870009,4.04321948324855
35.5182330935778,492.112065576797,3.07449439475934
280.57509719698,24.0343176875068,3.87250856084978
534.226358874483,392.986950837306,3.32649391618253
71.7739808270138,70.6392194782701,5.14086934615605
5.08910763833538,78.1947862935232,3.53995189071455
587.633570341411,227.599153841859,4.02042672826224
439.362639175675,455.901353501737,4.81311982777245
657.481036593077,374.950380916872,3.01142164301664
107.772177147353,487.278787243197,4.3432409069504
623.123617923054,88.9256157856854,4.04672156856769
418.245248758156,262.836414824095,3.53888944965616
9.98417725057967,182.684817132403,3.24142796540017
74.444155300423,107.516539638102,4.42761151371217
605.080830469134,207.690634362071,4.29557441246014
257.019172175043,209.499800857376,3.80314753533608
574.207667111336,434.89705679967,3.77918563288644
298.307759821956,140.473909502653,4.023968961322
530.104308210822,452.700771809396,3.76664108046821
52.0714444097755,410.323136130851,3.99692940689547
180.783871868916,297.961212614224,4.08599522276163
552.71200029007,259.525858999084,3.76006982835669
185.250934516619,32.6864115543198,4.50460445014471
499.3808950019,340.417627931345,4.43760514657586
34.1696397046025,55.4561615374226,3.93345652015592
544.039009993424,155.271761034769,4.67373751747761
NA,NA,NA
663.926745619572,333.764268386604,3.50273787643394
455.850427992415,299.344367287048,3.64007442106225
7.64815028145604,495.435619468992,3.72317329784293
561.422478785537,50.3251059148782,4.13562412248217
72.8716114839699,375.361429671414,4.01848413548386
227.497760444804,410.9368882245,3.92402402410025
427.429603932714,10.6047185869481,3.42636270394978
363.758921670018,292.884666088961,3.0388955009933
606.885223454114,105.104435571795,4.16033176501137
394.7215929832,227.326378070676,4.24144405312959
573.64846681589,410.4403669192,4.73777433956352
146.133565530558,277.365461697671,4.49762170593526
200.38786663016,369.788781565489,3.93816523358906
127.891597070117,411.542281351322,3.47268507704632
629.463660623772,309.813211377374,4.74212060015543
1.48838135393434,152.189479629144,4.18902069347019
542.856927238302,203.279084870009,4.04321948324855
35.5182330935778,492.112065576797,3.07449439475934
280.57509719698,24.0343176875068,3.87250856084978
534.226358874483,392.986950837306,3.32649391618253
71.7739808270138,70.6392194782701,5.14086934615605
5.08910763833538,78.1947862935232,3.53995189071455
587.633570341411,227.599153841859,4.02042672826224
439.362639175675,455.901353501737,4.81311982777245
657.481036593077,374.950380916872,3.01142164301664
107.772177147353,487.278787243197,4.3432409069504
623.123617923054,88.9256157856854,4.04672156856769
418.245248758156,262.836414824095,3.53888944965616
9.98417725057967,182.684817132403,3.24142796540017
74.444155300423,107.516539638102,4.42761151371217
605.080830469134,207.690634362071,4.29557441246014
257.019172175043,209.499800857376,3.80314753533608
574.207667111336,434.89705679967,3.77918563288644
298.307759821956,140.473909502653,4.023968961322
530.104308210822,452.700771809396,3.76664108046821
52.0714444097755,410.323136130851,3.99692940689547
180.783871868916,297.961212614224,4.08599522276163
552.71200029007,259.525858999084,3.76006982835669
185.250934516619,32.6864115543198,4.50460445014471
499.3808950019,340.417627931345,4.43760514657586
34.1696397046025,55.4561615374226,3.93345652015592
544.039009993424,155.271761034769,4.67373751747761
NA,NA,NA
661.487157880187,334.410319728161,3.43911278849927
458.562477709549,297.109666224878,3.59800099439773
13.8982822164643,496.248320276215,3.72440485046232
559.063511216352,49.7626966793853,4.07296995090729
71.7371207300733,375.945070043654,4.04729151214039
228.454159021925,413.808752933245,3.88334120188495
428.93884461271,11.6117806962238,3.3248066962098
362.223393127601,291.724410125858,3.16212221543408
604.489455403845,103.084220817275,4.06371469605468
393.072130378908,230.822715437914,4.24411319852698
567.28678542983,410.890182534074,4.6719845375895
138.722311206079,289.548947866989,4.52822402563215
201.724715428578,369.755448280659,4.0082725954712
128.784860998053,412.686826267779,3.36222489212083
626.210726761206,309.267208198917,4.38200907021708
-0.0445807822553261,147.441531918548,4.21271020826019
542.158153241995,207.153883959656,4.23874531190546
33.6545405208713,493.044868395686,3.09735572502769
274.831185554931,21.5927256384381,3.79483217197471
537.095984729142,391.405155047675,3.50739743538216
63.0596166373477,73.0685870553253,5.03112554153731
8.64239977968067,77.0721332809499,3.32600107368093
587.857547687395,225.201319943265,3.94822790506386
440.025594139254,462.416641213691,4.70847012422579
658.70119092566,373.198719203601,3.34879843387276
109.562983256539,495.40853102227,4.41246716986286
628.408357608744,92.5653324148906,4.06852926984956
419.320937617834,258.308191936785,3.54990647931159
12.7872138115853,181.227034587491,3.18302765850253
73.4711701742808,115.278637201593,4.42384338357006
621.985873709707,203.702674077515,4.31626846376573
259.145638428066,218.936152065247,3.67697140041793
573.643073794036,437.653471955035,3.78122883986765
297.89661248344,135.463237771775,3.95298760759382
538.441299618033,456.146466755284,3.41976901460198
39.7669600714446,425.380793111462,4.02069518958333
205.981289899331,278.096804933611,3.9042877192778
555.417386104391,260.332862960011,3.56625490527634
187.307116329311,28.5365670916545,4.52827452032063
510.035266041444,350.702554562245,4.56578163743486
43.3142394622858,44.9281520278686,3.79181399932352
529.341792849782,134.823028949054,4.48891669981946
NA,NA,NA
661.487157880187,334.410319728161,3.43911278849927
458.562477709549,297.109666224878,3.59800099439773
13.8982822164643,496.248320276215,3.72440485046232
559.063511216352,49.7626966793853,4.07296995090729
71.7371207300733,375.945070043654,4.04729151214039
228.454159021925,413.808752933245,3.88334120188495
428.93884461271,11.6117806962238,3.3248066962098
362.223393127601,291.724410125858,3.16212221543408
604.489455403845,103.084220817275,4.06371469605468
393.072130378908,230.822715437914,4.24411319852698
567.28678542983,410.890182534074,4.6719845375895
138.722311206079,289.548947866989,4.52822402563215
201.724715428578,369.755448280659,4.0082725954712
128.784860998053,412.686826267779,3.36222489212083
626.210726761206,309.267208198917,4.38200907021708
-0.0445807822553261,147.441531918548,4.21271020826019
542.158153241995,207.153883959656,4.23874531190546
33.6545405208713,493.044868395686,3.09735572502769
274.831185554931,21.5927256384381,3.79483217197471
537.095984729142,391.405155047675,3.50739743538216
63.0596166373477,73.0685870553253,5.03112554153731
8.64239977968067,77.0721332809499,3.32600107368093
587.857547687395,225.201319943265,3.94822790506386
440.025594139254,462.416641213691,4.70847012422579
658.70119092566,373.198719203601,3.34879843387276
109.562983256539,495.40853102227,4.41246716986286
628.408357608744,92.5653324148906,4.06852926984956
419.320937617834,258.308191936785,3.54990647931159
12.7872138115853,181.227034587491,3.18302765850253
73.4711701742808,115.278637201593,4.42384338357006
621.985873709707,203.702674077515,4.31626846376573
259.145638428066,218.936152065247,3.67697140041793
573.643073794036,437.653471955035,3.78122883986765
297.89661248344,135.463237771775,3.95298760759382
538.441299618033,456.146466755284,3.41976901460198
39.7669600714446,425.380793111462,4.02069518958333
205.981289899331,278.096804933611,3.9042877192778
555.417386104391,260.332862960011,3.56625490527634
187.307116329311,28.5365670916545,4.52827452032063
510.035266041444,350.702554562245,4.56578163743486
43.3142394622858,44.9281520278686,3.79181399932352
529.341792849782,134.823028949054,4.48891669981946
NA,NA,NA
661.487157880187,334.410319728161,3.43911278849927
458.562477709549,297.109666224878,3.59800099439773
13.8982822164643,496.248320276215,3.72440485046232
559.063511216352,49.7626966793853,4.07296995090729
71.7371207300733,375.945070043654,4.04729151214039
228.454159021925,413.808752933245,3.88334120188495
428.93884461271,11.6117806962238,3.3248066962098
362.223393127601,291.724410125858,3.16212221543408
604.489455403845,103.084220817275,4.06371469605468
393.072130378908,230.822715437914,4.24411319852698
567.28678542983,410.890182534074,4.6719845375895
138.722311206079,289.548947866989,4.52822402563215
201.724715428578,369.755448280659,4.0082725954712
128.784860998053,412.686826267779,3.36222489212083
626.210726761206,309.267208198917,4.38200907021708
-0.0445807822553261,147.441531918548,4.21271020826019
542.158153241995,207.153883959656,4.23874531190546
33.6545405208713,493.044868395686,3.09735572502769
274.831185554931,21.5927256384381,3.79483217197471
537.095984729142,391.405155047675,3.50739743538216
63.0596166373477,73.0685870553253,5.03112554153731
8.64239977968067,77.0721332809499,3.32600107368093
587.857547687395,225.201319943265,3.94822790506386
440.025594139254,462.416641213691,4.70847012422579
658.70119092566,373.198719203601,3.34879843387276
109.562983256539,495.40853102227,4.41246716986286
628.408357608744,92.5653324148906,4.06852926984956
419.320937617834,258.308191936785,3.54990647931159
12.7872138115853,181.227034587491,3.18302765850253
73.4711701742808,115.278637201593,4.42384338357006
621.985873709707,203.702674077515,4.31626846376573
259.145638428066,218.936152065247,3.67697140041793
573.643073794036,437.653471955035,3.78122883986765
297.89661248344,135.463237771775,3.95298760759382
538.441299618033,456.146466755284,3.41976901460198
39.7669600714446,425.380793111462,4.02069518958333
205.981289899331,278.096804933611,3.9042877192778
555.417386104391,260.332862960011,3.56625490527634
187.307116329311,28.5365670916545,4.52827452032063
510.035266041444,350.702554562245,4.56578163743486
43.3142394622858,44.9281520278686,3.79181399932352
529.341792849782,134.823028949054,4.48891669981946
NA,NA,NA
661.487157880187,334.410319728161,3.43911278849927
458.562477709549,297.109666224878,3.59800099439773
13.8982822164643,496.248320276215,3.72440485046232
559.063511216352,49.7626966793853,4.07296995090729
71.7371207300733,375.945070043654,4.04729151214039
228.454159021925,413.808752933245,3.88334120188495
428.93884461271,11.6117806962238,3.3248066962098
362.223393127601,291.724410125858,3.16212221543408
604.489455403845,103.084220817275,4.06371469605468
393.072130378908,230.822715437914,4.24411319852698
567.28678542983,410.890182534074,4.6719845375895
138.722311206079,289.548947866989,4.52822402563215
201.724715428578,369.755448280659,4.0082725954712
128.784860998053,412.686826267779,3.36222489212083
626.210726761206,309.267208198917,4.38200907021708
-0.0445807822553261,147.441531918548,4.21271020826019
542.158153241995,207.153883959656,4.23874531190546
33.6545405208713,493.044868395686,3.09735572502769
274.831185554931,21.5927256384381,3.79483217197471
537.095984729142,391.405155047675,3.50739743538216
63.0596166373477,73.0685870553253,5.03112554153731
8.64239977968067,77.0721332809499,3.32600107368093
587.857547687395,225.201319943265,3.94822790506386
440.025594139254,462.416641213691,4.70847012422579
658.70119092566,373.198719203601,3.34879843387276
109.562983256539,495.40853102227,4.41246716986286
628.408357608744,92.5653324148906,4.06852926984956
419.320937617834,258.308191936785,3.54990647931159
12.7872138115853,181.227034587491,3.18302765850253
73.4711701742808,115.278637201593,4.42384338357006
621.985873709707,203.702674077515,4.31626846376573
259.145638428066,218.936152065247,3.67697140041793
573.643073794036,437.653471955035,3.78122883986765
297.89661248344,135.463237771775,3.95298760759382
538.441299618033,456.146466755284,3.41976901460198
39.7669600714446,425.380793111462,4.02069518958333
205.981289899331,278.096804933611,3.9042877192778
555.417386104391,260.332862960011,3.56625490527634
187.307116329311,28.5365670916545,4.52827452032063
510.035266041444,350.702554562245,4.56578163743486
43.3142394622858,44.9281520278686,3.79181399932352
529.341792849782,134.823028949054,4.48891669981946
NA,NA,NA
661.487157880187,334.410319728161,3.43911278849927
458.562477709549,297.109666224878,3.59800099439773
13.8982822164643,496.248320276215,3.72440485046232
559.063511216352,49.7626966793853,4.07296995090729
71.7371207300733,375.945070043654,4.04729151214039
228.454159021925,413.808752933245,3.88334120188495
428.93884461271,11.6117806962238,3.3248066962098
362.223393127601,291.724410125858,3.16212221543408
604.489455403845,103.084220817275,4.06371469605468
393.072130378908,230.822715437914,4.24411319852698
567.28678542983,410.890182534074,4.6719845375895
138.722311206079,289.548947866989,4.52822402563215
201.724715428578,369.755448280659,4.0082725954712
128.784860998053,412.686826267779,3.36222489212083
626.210726761206,309.267208198917,4.38200907021708
-0.0445807822553261,147.441531918548,4.21271020826019
542.158153241995,207.153883959656,4.23874531190546
33.6545405208713,493.044868395686,3.09735572502769
274.831185554931,21.5927256384381,3.79483217197471
537.095984729142,391.405155047675,3.50739743538216
63.0596166373477,73.0685870553253,5.03112554153731
8.64239977968067,77.0721332809499,3.32600107368093
587.857547687395,225.201319943265,3.94822790506386
440.025594139254,462.416641213691,4.70847012422579
658.70119092566,373.198719203601,3.34879843387276
109.562983256539,495.40853102227,4.41246716986286
628.408357608744,92.5653324148906,4.06852926984956
419.320937617834,258.308191936785,3.54990647931159
12.7872138115853,181.227034587491,3.18302765850253
73.4711701742808,115.278637201593,4.42384338357006
621.985873709707,203.702674077515,4.31626846376573
259.145638428066,218.936152065247,3.67697140041793
573.643073794036,437.653471955035,3.78122883986765
297.89661248344,135.463237771775,3.95298760759382
538.441299618033,456.146466755284,3.41976901460198
39.7669600714446,425.380793111462,4.02069518958333
205.981289899331,278.096804933611,3.9042877192778
555.417386104391,260.332862960011,3.56625490527634
187.307116329311,28.5365670916545,4.52827452032063
510.035266041444,350.702554562245,4.56578163743486
43.3142394622858,44.9281520278686,3.79181399932352
529.341792849782,134.823028949054,4.48891669981946
NA,NA,NA
661.487157880187,334.410319728161,3.43911278849927
458.562477709549,297.109666224878,3.59800099439773
13.8982822164643,496.248320276215,3.72440485046232
559.063511216352,49.7626966793853,4.07296995090729
71.7371207300733,375.945070043654,4.04729151214039
228.454159021925,413.808752933245,3.88334120188495
428.93884461271,11.6117806962238,3.3248066962098
362.223393127601,291.724410125858,3.16212221543408
604.489455403845,103.084220817275,4.06371469605468
393.072130378908,230.822715437914,4.24411319852698
567.28678542983,410.890182534074,4.6719845375895
138.722311206079,289.548947866989,4.52822402563215
201.724715428578,369.755448280659,4.0082725954712
128.784860998053,412.686826267779,3.36222489212083
626.210726761206,309.267208198917,4.38200907021708
-0.0445807822553261,147.441531918548,4.21271020826019
542.158153241995,207.153883959656,4.23874531190546
33.6545405208713,493.044868395686,3.09735572502769
274.831185554931,21.5927256384381,3.79483217197471
537.095984729142,391.405155047675,3.50739743538216
63.0596166373477,73.0685870553253,5.03112554153731
8.64239977968067,77.0721332809499,3.32600107368093
587.857547687395,225.201319943265,3.94822790506386
440.025594139254,462.416641213691,4.70847012422579
658.70119092566,373.198719203601,3.34879843387276
109.562983256539,495.40853102227,4.41246716986286
628.408357608744,92.5653324148906,4.06852926984956
419.320937617834,258.308191936785,3.54990647931159
12.7872138115853,181.227034587491,3.18302765850253
73.4711701742808,115.278637201593,4.42384338357006
621.985873709707,203.702674077515,4.31626846376573
259.145638428066,218.936152065247,3.67697140041793
573.643073794036,437.653471955035,3.78122883986765
297.89661248344,135.463237771775,3.95298760759382
538.441299618033,456.146466755284,3.41976901460198
39.7669600714446,425.380793111462,4.02069518958333
205.981289899331,278.096804933611,3.9042877192778
555.417386104391,260.332862960011,3.56625490527634
187.307116329311,28.5365670916545,4.52827452032063
510.035266041444,350.702554562245,4.56578163743486
43.3142394622858,44.9281520278686,3.79181399932352
529.341792849782,134.823028949054,4.48891669981946
NA,NA,NA
662.665930884889,333.526403029194,3.50911806076783
453.832744285793,296.991291508324,3.85442683919436
11.2655006963619,497.405240994168,3.83077787061487
561.432877876726,51.3192049858383,4.11084246656783
67.2639674375904,379.67084538466,3.9341017442442
226.226295642661,413.624246166831,3.82732033270548
427.349615070598,12.542646672477,3.27457597314102
359.109184027167,294.172687874145,3.05835239835487
604.234352016137,102.988336509952,4.26115147952188
382.855894724236,235.450889654924,4.23387247376623
576.290968174845,408.090049637501,4.68715963356833
143.026389328729,284.080691732745,4.69919905053624
198.185546057517,370.083918525361,4.02263098748848
126.234911438494,409.17364140139,3.34757276082176
619.187269106859,317.705991847433,4.66757938862702
1.95868896029773,148.69974769522,4.26583246128507
541.266271496982,203.0872483037,4.20479836815424
33.9684903923363,493.770804426871,3.02857372987711
281.920041122022,19.4863217273717,3.70873692659266
531.604157887433,393.756403527659,3.48901619975308
72.9774691958462,71.8431411928013,5.39060650955734
4.84398942689559,73.269038987469,3.4382678833533
591.767707177263,224.701830229356,4.12005634957689
441.524292854485,459.839707379403,4.78215431397412
659.213820920086,374.888607889029,3.160345572771
102.93307884069,487.831238665686,4.29598777070751
624.045011105724,90.1269650877252,4.104533805773
421.526898633278,259.111171950912,3.55985278461965
11.536219435932,181.730913074236,3.30871622733433
62.8129111047403,119.91673644396,4.41141321681286
611.064431185301,204.420612724754,4.70050745624122
250.17178911055,226.282349185813,3.95589422480857
566.294074162787,433.235117074326,3.55435380107793
301.609929422443,136.286479965535,3.83400382315458
520.75206209342,460.305813272701,3.61796508289407
36.4172965908412,417.316642515336,3.71098817344774
195.236436374743,292.944781552995,4.03829309848708
559.981950960618,262.392133902153,3.83920344429944
174.890172118075,29.6691004827143,4.5094259125276
504.016076077798,339.446120651332,4.58282527636795
34.1405567307945,50.7625494902134,3.69824937699613
538.015841219285,150.377061279695,4.30885493008545
NA,NA,NA
662.665930884889,333.526403029194,3.50911806076783
453.832744285793,296.991291508324,3.85442683919436
11.2655006963619,497.405240994168,3.83077787061487
561.432877876726,51.3192049858383,4.11084246656783
67.2639674375904,379.67084538466,3.9341017442442
226.226295642661,413.624246166831,3.82732033270548
427.349615070598,12.542646672477,3.27457597314102
359.109184027167,294.172687874145,3.05835239835487
604.234352016137,102.988336509952,4.26115147952188
382.855894724236,235.450889654924,4.23387247376623
576.290968174845,408.090049637501,4.68715963356833
143.026389328729,284.080691732745,4.69919905053624
198.185546057517,370.083918525361,4.02263098748848
126.234911438494,409.17364140139,3.34757276082176
619.187269106859,317.705991847433,4.66757938862702
1.95868896029773,148.69974769522,4.26583246128507
541.266271496982,203.0872483037,4.20479836815424
33.9684903923363,493.770804426871,3.02857372987711
281.920041122022,19.4863217273717,3.70873692659266
531.604157887433,393.756403527659,3.48901619975308
72.9774691958462,71.8431411928013,5.39060650955734
4.84398942689559,73.269038987469,3.4382678833533
591.767707177263,224.701830229356,4.12005634957689
441.524292854485,459.839707379403,4.78215431397412
659.213820920086,374.888607889029,3.160345572771
102.93307884069,487.831238665686,4.29598777070751
624.045011105724,90.1269650877252,4.104533805773
421.526898633278,259.111171950912,3.55985278461965
11.536219435932,181.730913074236,3.30871622733433
62.8129111047403,119.91673644396,4.41141321681286
611.064431185301,204.420612724754,4.70050745624122
250.17178911055,226.282349185813,3.95589422480857
566.294074162787,433.235117074326,3.55435380107793
301.609929422443,136.286479965535,3.83400382315458
520.75206209342,460.305813272701,3.61796508289407
36.4172965908412,417.316642515336,3.71098817344774
195.236436374743,292.944781552995,4.03829309848708
559.981950960618,262.392133902153,3.83920344429944
174.890172118075,29.6691004827143,4.5094259125276
504.016076077798,339.446120651332,4.58282527636795
34.1405567307945,50.7625494902134,3.69824937699613
538.015841219285,150.377061279695,4.30885493008545
NA,NA,NA
662.665930884889,333.526403029194,3.50911806076783
453.832744285793,296.991291508324,3.85442683919436
11.2655006963619,497.405240994168,3.83077787061487
561.432877876726,51.3192049858383,4.11084246656783
67.2639674375904,379.67084538466,3.9341017442442
226.226295642661,413.624246166831,3.82732033270548
427.349615070598,12.542646672477,3.27457597314102
359.109184027167,294.172687874145,3.05835239835487
604.234352016137,102.988336509952,4.26115147952188
382.855894724236,235.450889654924,4.23387247376623
576.290968174845,408.090049637501,4.68715963356833
143.026389328729,284.080691732745,4.69919905053624
198.185546057517,370.083918525361,4.02263098748848
126.234911438494,409.17364140139,3.34757276082176
619.187269106859,317.705991847433,4.66757938862702
1.95868896029773,148.69974769522,4.26583246128507
541.266271496982,203.0872483037,4.20479836815424
33.9684903923363,493.770804426871,3.02857372987711
281.920041122022,19.4863217273717,3.70873692659266
531.604157887433,393.756403527659,3.48901619975308
72.9774691958462,71.8431411928013,5.39060650955734
4.84398942689559,73.269038987469,3.4382678833533
591.767707177263,224.701830229356,4.12005634957689
441.524292854485,459.839707379403,4.78215431397412
659.213820920086,374.888607889029,3.160345572771
102.93307884069,487.831238665686,4.29598777070751
624.045011105724,90.1269650877252,4.104533805773
421.526898633278,259.111171950912,3.55985278461965
11.536219435932,181.730913074236,3.30871622733433
62.8129111047403,119.91673644396,4.41141321681286
611.064431185301,204.420612724754,4.70050745624122
250.17178911055,226.282349185813,3.95589422480857
566.294074162787,433.235117074326,3.55435380107793
301.609929422443,136.286479965535,3.83400382315458
520.75206209342,460.305813272701,3.61796508289407
36.4172965908412,417.316642515336,3.71098817344774
195.236436374743,292.944781552995,4.03829309848708
559.981950960618,262.392133902153,3.83920344429944
174.890172118075,29.6691004827143,4.5094259125276
504.016076077798,339.446120651332,4.58282527636795
34.1405567307945,50.7625494902134,3.69824937699613
538.015841219285,150.377061279695,4.30885493008545
NA,NA,NA
662.665930884889,333.526403029194,3.50911806076783
453.832744285793,296.991291508324,3.85442683919436
11.2655006963619,497.405240994168,3.83077787061487
561.432877876726,51.3192049858383,4.11084246656783
67.2639674375904,379.67084538466,3.9341017442442
226.226295642661,413.624246166831,3.82732033270548
427.349615070598,12.542646672477,3.27457597314102
359.109184027167,294.172687874145,3.05835239835487
604.234352016137,102.988336509952,4.26115147952188
382.855894724236,235.450889654924,4.23387247376623
576.290968174845,408.090049637501,4.68715963356833
143.026389328729,284.080691732745,4.69919905053624
198.185546057517,370.083918525361,4.02263098748848
126.234911438494,409.17364140139,3.34757276082176
619.187269106859,317.705991847433,4.66757938862702
1.95868896029773,148.69974769522,4.26583246128507
541.266271496982,203.0872483037,4.20479836815424
33.9684903923363,493.770804426871,3.02857372987711
281.920041122022,19.4863217273717,3.70873692659266
531.604157887433,393.756403527659,3.48901619975308
72.9774691958462,71.8431411928013,5.39060650955734
4.84398942689559,73.269038987469,3.4382678833533
591.767707177263,224.701830229356,4.12005634957689
441.524292854485,459.839707379403,4.78215431397412
659.213820920086,374.888607889029,3.160345572771
102.93307884069,487.831238665686,4.29598777070751
624.045011105724,90.1269650877252,4.104533805773
421.526898633278,259.111171950912,3.55985278461965
11.536219435932,181.730913074236,3.30871622733433
62.8129111047403,119.91673644396,4.41141321681286
611.064431185301,204.420612724754,4.70050745624122
250.17178911055,226.282349185813,3.95589422480857
566.294074162787,433.235117074326,3.55435380107793
301.609929422443,136.286479965535,3.83400382315458
520.75206209342,460.305813272701,3.61796508289407
36.4172965908412,417.316642515336,3.71098817344774
195.236436374743,292.944781552995,4.03829309848708
559.981950960618,262.392133902153,3.83920344429944
174.890172118075,29.6691004827143,4.5094259125276
504.016076077798,339.446120651332,4.58282527636795
34.1405567307945,50.7625494902134,3.69824937699613
538.015841219285,150.377061279695,4.30885493008545
NA,NA,NA
662.665930884889,333.526403029194,3.50911806076783
453.832744285793,296.991291508324,3.85442683919436
11.2655006963619,497.405240994168,3.83077787061487
561.432877876726,51.3192049858383,4.11084246656783
67.2639674375904,379.67084538466,3.9341017442442
226.226295642661,413.624246166831,3.82732033270548
427.349615070598,12.542646672477,3.27457597314102
359.109184027167,294.172687874145,3.05835239835487
604.234352016137,102.988336509952,4.26115147952188
382.855894724236,235.450889654924,4.23387247376623
576.290968174845,408.090049637501,4.68715963356833
143.026389328729,284.080691732745,4.69919905053624
198.185546057517,370.083918525361,4.02263098748848
126.234911438494,409.17364140139,3.34757276082176
619.187269106859,317.705991847433,4.66757938862702
1.95868896029773,148.69974769522,4.26583246128507
541.266271496982,203.0872483037,4.20479836815424
33.9684903923363,493.770804426871,3.02857372987711
281.920041122022,19.4863217273717,3.70873692659266
531.604157887433,393.756403527659,3.48901619975308
72.9774691958462,71.8431411928013,5.39060650955734
4.84398942689559,73.269038987469,3.4382678833533
591.767707177263,224.701830229356,4.12005634957689
441.524292854485,459.839707379403,4.78215431397412
659.213820920086,374.888607889029,3.160345572771
102.93307884069,487.831238665686,4.29598777070751
624.045011105724,90.1269650877252,4.104533805773
421.526898633278,259.111171950912,3.55985278461965
11.536219435932,181.730913074236,3.30871622733433
62.8129111047403,119.91673644396,4.41141321681286
611.064431185301,204.420612724754,4.70050745624122
250.17178911055,226.282349185813,3.95589422480857
566.294074162787,433.235117074326,3.55435380107793
301.609929422443,136.286479965535,3.83400382315458
520.75206209342,460.305813272701,3.61796508289407
36.4172965908412,417.316642515336,3.71098817344774
195.236436374743,292.944781552995,4.03829309848708
559.981950960618,262.392133902153,3.83920344429944
174.890172118075,29.6691004827143,4.5094259125276
504.016076077798,339.446120651332,4.58282527636795
34.1405567307945,50.7625494902134,3.69824937699613
538.015841219285,150.377061279695,4.30885493008545
NA,NA,NA
662.665930884889,333.526403029194,3.50911806076783
453.832744285793,296.991291508324,3.85442683919436
11.2655006963619,497.405240994168,3.83077787061487
561.432877876726,51.3192049858383,4.11084246656783
67.2639674375904,379.67084538466,3.9341017442442
226.226295642661,413.624246166831,3.82732033270548
427.349615070598,12.542646672477,3.27457597314102
359.109184027167,294.172687874145,3.05835239835487
604.234352016137,102.988336509952,4.26115147952188
382.855894724236,235.450889654924,4.23387247376623
576.290968174845,408.090049637501,4.68715963356833
143.026389328729,284.080691732745,4.69919905053624
198.185546057517,370.083918525361,4.02263098748848
126.234911438494,409.17364140139,3.34757276082176
619.187269106859,317.705991847433,4.66757938862702
1.95868896029773,148.69974769522,4.26583246128507
541.266271496982,203.0872483037,4.20479836815424
33.9684903923363,493.770804426871,3.02857372987711
281.920041122022,19.4863217273717,3.70873692659266
531.604157887433,393.756403527659,3.48901619975308
72.9774691958462,71.8431411928013,5.39060650955734
4.84398942689559,73.269038987469,3.4382678833533
591.767707177263,224.701830229356,4.12005634957689
441.524292854485,459.839707379403,4.78215431397412
659.213820920086,374.888607889029,3.160345572771
102.93307884069,487.831238665686,4.29598777070751
624.045011105724,90.1269650877252,4.104533805773
421.526898633278,259.111171950912,3.55985278461965
11.536219435932,181.730913074236,3.30871622733433
62.8129111047403,119.91673644396,4.41141321681286
611.064431185301,204.420612724754,4.70050745624122
250.17178911055,226.282349185813,3.95589422480857
566.294074162787,433.235117074326,3.55435380107793
301.609929422443,136.286479965535,3.83400382315458
520.75206209342,460.305813272701,3.61796508289407
36.4172965908412,417.316642515336,3.71098817344774
195.236436374743,292.944781552995,4.03829309848708
559.981950960618,262.392133902153,3.83920344429944
174.890172118075,29.6691004827143,4.5094259125276
504.016076077798,339.446120651332,4.58282527636795
34.1405567307945,50.7625494902134,3.69824937699613
538.015841219285,150.377061279695,4.30885493008545
NA,NA,NA
661.559303960286,333.378821228187,3.41180646754291
458.535134392159,299.226575421959,3.60556924310569
9.15985755711231,492.11679938177,3.74589455952593
556.171829077696,49.8157857369572,4.21161684724873
72.8637685396523,377.547399817442,3.97754344847052
222.257491624417,414.065890994765,3.96044685370176
427.464308759304,11.5681489141821,3.24471126256278
362.049525112215,290.868919630837,3.04461756273057
606.814479450446,108.458725294145,4.24592613618795
391.921280051564,234.846820363162,4.21238014390697
565.826341748358,412.83227113866,4.69601973274529
142.027360938525,286.774987799969,4.46604253145449
201.236796013507,369.980308059951,4.07032169616936
126.467206444781,408.727142651113,3.49653109905247
626.123792349078,310.851709858332,4.62151104065166
-0.352615932640302,151.825031211286,4.36448500199784
541.847003153757,203.035220328001,4.18104193782849
33.3296429087238,490.629776728519,3.00618194276651
283.09858200195,25.9764546630441,3.74909910879241
531.771444607732,393.758322671522,3.34581120833401
77.2744651600465,76.6756449303341,5.2252721223763
3.69700998871727,76.3549309991059,3.4072735629201
588.886007282807,229.607361408893,4.11908240299819
440.08212211082,459.870783625799,4.93600829622946
659.86718708021,373.190457342475,3.04374925842912
100.005405335951,487.349706687491,4.31876914126975
620.704677881911,89.1749361417085,4.09045955078271
418.936671197128,262.782946860254,3.60739578112177
11.3345466965971,181.557193101049,3.18154742648211
82.8067773164061,120.295463323084,4.44314811452534
610.559343853005,203.854054943224,4.17267840213096
259.087775468524,226.98386836908,3.44096282077835
571.535255763704,437.880159157709,3.69217423157531
304.575919975117,138.153443751916,3.83605693964241
528.974957661164,460.757268710187,3.88497847262135
48.6928254652427,418.737113871663,3.75120599632622
199.694259457652,286.262651852809,4.02712222886977
546.839718085399,261.429286670916,3.52645509743164
181.213324538562,36.9341477211712,4.1350056862221
498.453200220599,352.70980119628,4.44045019148604
41.6987729982892,45.3378743767348,3.90555962027349
565.384089969452,166.037254680737,5.07124762441239
NA,NA,NA
661.559303960286,333.378821228187,3.41180646754291
458.535134392159,299.226575421959,3.60556924310569
9.15985755711231,492.11679938177,3.74589455952593
556.171829077696,49.8157857369572,4.21161684724873
72.8637685396523,377.547399817442,3.97754344847052
222.257491624417,414.065890994765,3.96044685370176
427.464308759304,11.5681489141821,3.24471126256278
362.049525112215,290.868919630837,3.04461756273057
606.814479450446,108.458725294145,4.24592613618795
391.921280051564,234.846820363162,4.21238014390697
565.826341748358,412.83227113866,4.69601973274529
142.027360938525,286.774987799969,4.46604253145449
201.236796013507,369.980308059951,4.07032169616936
126.467206444781,408.727142651113,3.49653109905247
626.123792349078,310.851709858332,4.62151104065166
-0.352615932640302,151.825031211286,4.36448500199784
541.847003153757,203.035220328001,4.18104193782849
33.3296429087238,490.629776728519,3.00618194276651
283.09858200195,25.9764546630441,3.74909910879241
531.771444607732,393.758322671522,3.34581120833401
77.2744651600465,76.6756449303341,5.2252721223763
3.69700998871727,76.3549309991059,3.4072735629201
588.886007282807,229.607361408893,4.11908240299819
440.08212211082,459.870783625799,4.93600829622946
659.86718708021,373.190457342475,3.04374925842912
100.005405335951,487.349706687491,4.31876914126975
620.704677881911,89.1749361417085,4.09045955078271
418.936671197128,262.782946860254,3.60739578112177
11.3345466965971,181.557193101049,3.18154742648211
82.8067773164061,120.295463323084,4.44314811452534
610.559343853005,203.854054943224,4.17267840213096
259.087775468524,226.98386836908,3.44096282077835
571.535255763704,437.880159157709,3.69217423157531
304.575919975117,138.153443751916,3.83605693964241
528.974957661164,460.757268710187,3.88497847262135
48.6928254652427,418.737113871663,3.75120599632622
199.694259457652,286.262651852809,4.02712222886977
546.839718085399,261.429286670916,3.52645509743164
181.213324538562,36.9341477211712,4.1350056862221
498.453200220599,352.70980119628,4.44045019148604
41.6987729982892,45.3378743767348,3.90555962027349
565.384089969452,166.037254680737,5.07124762441239
NA,NA,NA
661.559303960286,333.378821228187,3.41180646754291
458.535134392159,299.226575421959,3.60556924310569
9.15985755711231,492.11679938177,3.74589455952593
556.171829077696,49.8157857369572,4.21161684724873
72.8637685396523,377.547399817442,3.97754344847052
222.257491624417,414.065890994765,3.96044685370176
427.464308759304,11.5681489141821,3.24471126256278
362.049525112215,290.868919630837,3.04461756273057
606.814479450446,108.458725294145,4.24592613618795
391.921280051564,234.846820363162,4.21238014390697
565.826341748358,412.83227113866,4.69601973274529
142.027360938525,286.774987799969,4.46604253145449
201.236796013507,369.980308059951,4.07032169616936
126.467206444781,408.727142651113,3.49653109905247
626.123792349078,310.851709858332,4.62151104065166
-0.352615932640302,151.825031211286,4.36448500199784
541.847003153757,203.035220328001,4.18104193782849
33.3296429087238,490.629776728519,3.00618194276651
283.09858200195,25.9764546630441,3.74909910879241
531.771444607732,393.758322671522,3.34581120833401
77.2744651600465,76.6756449303341,5.2252721223763
3.69700998871727,76.3549309991059,3.4072735629201
588.886007282807,229.607361408893,4.11908240299819
440.08212211082,459.870783625799,4.93600829622946
659.86718708021,373.190457342475,3.04374925842912
100.005405335951,487.349706687491,4.31876914126975
620.704677881911,89.1749361417085,4.09045955078271
418.936671197128,262.782946860254,3.60739578112177
11.3345466965971,181.557193101049,3.18154742648211
82.8067773164061,120.295463323084,4.44314811452534
610.559343853005,203.854054943224,4.17267840213096
259.087775468524,226.98386836908,3.44096282077835
571.535255763704,437.880159157709,3.69217423157531
304.575919975117,138.153443751916,3.83605693964241
528.974957661164,460.757268710187,3.88497847262135
48.6928254652427,418.737113871663,3.75120599632622
199.694259457652,286.262651852809,4.02712222886977
546.839718085399,261.429286670916,3.52645509743164
181.213324538562,36.9341477211712,4.1350056862221
498.453200220599,352.70980119628,4.44045019148604
41.6987729982892,45.3378743767348,3.90555962027349
565.384089969452,166.037254680737,5.07124762441239
NA,NA,NA
661.559303960286,333.378821228187,3.41180646754291
458.535134392159,299.226575421959,3.60556924310569
9.15985755711231,492.11679938177,3.74589455952593
556.171829077696,49.8157857369572,4.21161684724873
72.8637685396523,377.547399817442,3.97754344847052
222.257491624417,414.065890994765,3.96044685370176
427.464308759304,11.5681489141821,3.24471126256278
362.049525112215,290.868919630837,3.04461756273057
606.814479450446,108.458725294145,4.24592613618795
391.921280051564,234.846820363162,4.21238014390697
565.826341748358,412.83227113866,4.69601973274529
142.027360938525,286.774987799969,4.46604253145449
201.236796013507,369.980308059951,4.07032169616936
126.467206444781,408.727142651113,3.49653109905247
626.123792349078,310.851709858332,4.62151104065166
-0.352615932640302,151.825031211286,4.36448500199784
541.847003153757,203.035220328001,4.18104193782849
33.3296429087238,490.629776728519,3.00618194276651
283.09858200195,25.9764546630441,3.74909910879241
531.771444607732,393.758322671522,3.34581120833401
77.2744651600465,76.6756449303341,5.2252721223763
3.69700998871727,76.3549309991059,3.4072735629201
588.886007282807,229.607361408893,4.11908240299819
440.08212211082,459.870783625799,4.93600829622946
659.86718708021,373.190457342475,3.04374925842912
100.005405335951,487.349706687491,4.31876914126975
620.704677881911,89.1749361417085,4.09045955078271
418.936671197128,262.782946860254,3.60739578112177
11.3345466965971,181.557193101049,3.18154742648211
82.8067773164061,120.295463323084,4.44314811452534
610.559343853005,203.854054943224,4.17267840213096
259.087775468524,226.98386836908,3.44096282077835
571.535255763704,437.880159157709,3.69217423157531
304.575919975117,138.153443751916,3.83605693964241
528.974957661164,460.757268710187,3.88497847262135
48.6928254652427,418.737113871663,3.75120599632622
199.694259457652,286.262651852809,4.02712222886977
546.839718085399,261.429286670916,3.52645509743164
181.213324538562,36.9341477211712,4.1350056862221
498.453200220599,352.70980119628,4.44045019148604
41.6987729982892,45.3378743767348,3.90555962027349
565.384089969452,166.037254680737,5.07124762441239
NA,NA,NA
661.559303960286,333.378821228187,3.41180646754291
458.535134392159,299.226575421959,3.60556924310569
9.15985755711231,492.11679938177,3.74589455952593
556.171829077696,49.8157857369572,4.21161684724873
72.8637685396523,377.547399817442,3.97754344847052
222.257491624417,414.065890994765,3.96044685370176
427.464308759304,11.5681489141821,3.24471126256278
362.049525112215,290.868919630837,3.04461756273057
606.814479450446,108.458725294145,4.24592613618795
391.921280051564,234.846820363162,4.21238014390697
565.826341748358,412.83227113866,4.69601973274529
142.027360938525,286.774987799969,4.46604253145449
201.236796013507,369.980308059951,4.07032169616936
126.467206444781,408.727142651113,3.49653109905247
626.123792349078,310.851709858332,4.62151104065166
-0.352615932640302,151.825031211286,4.36448500199784
541.847003153757,203.035220328001,4.18104193782849
33.3296429087238,490.629776728519,3.00618194276651
283.09858200195,25.9764546630441,3.74909910879241
531.771444607732,393.758322671522,3.34581120833401
77.2744651600465,76.6756449303341,5.2252721223763
3.69700998871727,76.3549309991059,3.4072735629201
588.886007282807,229.607361408893,4.11908240299819
440.08212211082,459.870783625799,4.93600829622946
659.86718708021,373.190457342475,3.04374925842912
100.005405335951,487.349706687491,4.31876914126975
620.704677881911,89.1749361417085,4.09045955078271
418.936671197128,262.782946860254,3.60739578112177
11.3345466965971,181.557193101049,3.18154742648211
82.8067773164061,120.295463323084,4.44314811452534
610.559343853005,203.854054943224,4.17267840213096
259.087775468524,226.98386836908,3.44096282077835
571.535255763704,437.880159157709,3.69217423157531
304.575919975117,138.153443751916,3.83605693964241
528.974957661164,460.757268710187,3.88497847262135
48.6928254652427,418.737113871663,3.75120599632622
199.694259457652,286.262651852809,4.02712222886977
546.839718085399,261.429286670916,3.52645509743164
181.213324538562,36.9341477211712,4.1350056862221
498.453200220599,352.70980119628,4.44045019148604
41.6987729982892,45.3378743767348,3.90555962027349
565.384089969452,166.037254680737,5.07124762441239
NA,NA,NA
661.559303960286,333.378821228187,3.41180646754291
458.535134392159,299.226575421959,3.60556924310569
9.15985755711231,492.11679938177,3.74589455952593
556.171829077696,49.8157857369572,4.21161684724873
72.8637685396523,377.547399817442,3.97754344847052
222.257491624417,414.065890994765,3.96044685370176
427.464308759304,11.5681489141821,3.24471126256278
362.049525112215,290.868919630837,3.04461756273057
606.814479450446,108.458725294145,4.24592613618795
391.921280051564,234.846820363162,4.21238014390697
565.826341748358,412.83227113866,4.69601973274529
142.027360938525,286.774987799969,4.46604253145449
201.236796013507,369.980308059951,4.07032169616936
126.467206444781,408.727142651113,3.49653109905247
626.123792349078,310.851709858332,4.62151104065166
-0.352615932640302,151.825031211286,4.36448500199784
541.847003153757,203.035220328001,4.18104193782849
33.3296429087238,490.629776728519,3.00618194276651
283.09858200195,25.9764546630441,3.74909910879241
531.771444607732,393.758322671522,3.34581120833401
77.2744651600465,76.6756449303341,5.2252721223763
3.69700998871727,76.3549309991059,3.4072735629201
588.886007282807,229.607361408893,4.11908240299819
440.08212211082,459.870783625799,4.93600829622946
659.86718708021,373.190457342475,3.04374925842912
100.005405335951,487.349706687491,4.31876914126975
620.704677881911,89.1749361417085,4.09045955078271
418.936671197128,262.782946860254,3.60739578112177
11.3345466965971,181.557193101049,3.18154742648211
82.8067773164061,120.295463323084,4.44314811452534
610.559343853005,203.854054943224,4.17267840213096
259.087775468524,226.98386836908,3.44096282077835
571.535255763704,437.880159157709,3.69217423157531
304.575919975117,138.153443751916,3.83605693964241
528.974957661164,460.757268710187,3.88497847262135
48.6928254652427,418.737113871663,3.75120599632622
199.694259457652,286.262651852809,4.02712222886977
546.839718085399,261.429286670916,3.52645509743164
181.213324538562,36.9341477211712,4.1350056862221
498.453200220599,352.70980119628,4.44045019148604
41.6987729982892,45.3378743767348,3.90555962027349
565.384089969452,166.037254680737,5.07124762441239
NA,NA,NA
666.351131100482,331.325860921476,3.60891234424509
458.053267109063,301.73234750086,3.48241105870611
9.02318192410011,491.618820812873,3.64095002833419
561.080391674594,46.8568713272782,4.08716269410578
69.4806260419853,373.649333484315,4.0051622582554
225.606863824986,414.469453909338,3.92350701189203
428.388016568653,11.9397307793555,3.23033846102742
361.608568258558,292.802848095343,3.06221101345948
605.184936888885,103.880087606363,4.11504943223483
397.850362050938,229.536736175774,4.12572301775769
568.43538203321,410.467764839441,4.74164279818051
143.713712892332,276.066161607035,4.39551826564708
204.010362191611,368.892974087903,4.13724961800687
123.407948608354,409.779444725307,3.29779821292395
630.215230221399,312.999087476582,4.45354287544648
4.04474458834959,149.857611986589,4.29773997714601
539.531763046159,205.229013249571,4.20502167964074
33.631289137961,491.632529790214,2.99940245481742
282.667721139702,22.5049277060886,3.93007324826543
534.735602691284,392.098299684804,3.45851387284428
70.2510586491777,84.3887510002824,5.21493131982217
3.12978315894531,78.8611313956932,3.57058703116526
587.34630715169,225.496184774875,3.99980277029409
445.577476807619,462.174606017759,4.82508122680217
658.468978281867,374.261710046828,2.94865833655375
105.790322041972,486.615576120053,4.36516057912751
623.073296567271,87.0526699542255,4.07648738244776
423.325561151587,259.561124424302,3.66103168037715
10.9198871078365,181.767213660577,3.26933699948891
71.5185652923442,116.375787597824,4.37363704287081
617.492987691259,208.080294292094,4.13892865888344
252.851979083913,220.634898399146,3.92323064940979
565.834444289441,441.885565315488,3.75634780572565
304.693262222353,132.404994485627,3.87383120734177
527.874751767212,461.292718206255,3.62788724984777
44.194499275791,435.700480658984,4.06454064936681
189.008699431795,279.418376995362,4.41227945678444
551.978363557841,251.780335470655,3.57561847970928
169.43894624768,40.6141166687341,4.36464414262783
491.212728973365,350.920353363621,4.52853760418451
38.2213112049984,47.0865915113765,4.04553370916049
521.168774607996,163.310352385158,4.79317958685759
NA,NA,NA
666.351131100482,331.325860921476,3.60891234424509
458.053267109063,301.73234750086,3.48241105870611
9.02318192410011,491.618820812873,3.64095002833419
561.080391674594,46.8568713272782,4.08716269410578
69.4806260419853,373.649333484315,4.0051622582554
225.606863824986,414.469453909338,3.92350701189203
428.388016568653,11.9397307793555,3.23033846102742
361.608568258558,292.802848095343,3.06221101345948
605.184936888885,103.880087606363,4.11504943223483
397.850362050938,229.536736175774,4.12572301775769
568.43538203321,410.467764839441,4.74164279818051
143.713712892332,276.066161607035,4.39551826564708
204.010362191611,368.892974087903,4.13724961800687
123.407948608354,409.779444725307,3.29779821292395
630.215230221399,312.999087476582,4.45354287544648
4.04474458834959,149.857611986589,4.29773997714601
539.531763046159,205.229013249571,4.20502167964074
33.631289137961,491.632529790214,2.99940245481742
282.667721139702,22.5049277060886,3.93007324826543
534.735602691284,392.098299684804,3.45851387284428
70.2510586491777,84.3887510002824,5.21493131982217
3.12978315894531,78.8611313956932,3.57058703116526
587.34630715169,225.496184774875,3.99980277029409
445.577476807619,462.174606017759,4.82508122680217
658.468978281867,374.261710046828,2.94865833655375
105.790322041972,486.615576120053,4.36516057912751
623.073296567271,87.0526699542255,4.07648738244776
423.325561151587,259.561124424302,3.66103168037715
10.9198871078365,181.767213660577,3.26933699948891
71.5185652923442,116.375787597824,4.37363704287081
617.492987691259,208.080294292094,4.13892865888344
252.851979083913,220.634898399146,3.92323064940979
565.834444289441,441.885565315488,3.75634780572565
304.693262222353,132.404994485627,3.87383120734177
527.874751767212,461.292718206255,3.62788724984777
44.194499275791,435.700480658984,4.06454064936681
189.008699431795,279.418376995362,4.41227945678444
551.978363557841,251.780335470655,3.57561847970928
169.43894624768,40.6141166687341,4.36464414262783
491.212728973365,350.920353363621,4.52853760418451
38.2213112049984,47.0865915113765,4.04553370916049
521.168774607996,163.310352385158,4.79317958685759
NA,NA,NA
666.351131100482,331.325860921476,3.60891234424509
458.053267109063,301.73234750086,3.48241105870611
9.02318192410011,491.618820812873,3.64095002833419
561.080391674594,46.8568713272782,4.08716269410578
69.4806260419853,373.649333484315,4.0051622582554
225.606863824986,414.469453909338,3.92350701189203
428.388016568653,11.9397307793555,3.23033846102742
361.608568258558,292.802848095343,3.06221101345948
605.184936888885,103.880087606363,4.11504943223483
397.850362050938,229.536736175774,4.12572301775769
568.43538203321,410.467764839441,4.74164279818051
143.713712892332,276.066161607035,4.39551826564708
204.010362191611,368.892974087903,4.13724961800687
123.407948608354,409.779444725307,3.29779821292395
630.215230221399,312.999087476582,4.45354287544648
4.04474458834959,149.857611986589,4.29773997714601
539.531763046159,205.229013249571,4.20502167964074
33.631289137961,491.632529790214,2.99940245481742
282.667721139702,22.5049277060886,3.93007324826543
534.735602691284,392.098299684804,3.45851387284428
70.2510586491777,84.3887510002824,5.21493131982217
3.12978315894531,78.8611313956932,3.57058703116526
587.34630715169,225.496184774875,3.99980277029409
445.577476807619,462.174606017759,4.82508122680217
658.468978281867,374.261710046828,2.94865833655375
105.790322041972,486.615576120053,4.36516057912751
623.073296567271,87.0526699542255,4.07648738244776
423.325561151587,259.561124424302,3.66103168037715
10.9198871078365,181.767213660577,3.26933699948891
71.5185652923442,116.375787597824,4.37363704287081
617.492987691259,208.080294292094,4.13892865888344
252.851979083913,220.634898399146,3.92323064940979
565.834444289441,441.885565315488,3.75634780572565
304.693262222353,132.404994485627,3.87383120734177
527.874751767212,461.292718206255,3.62788724984777
44.194499275791,435.700480658984,4.06454064936681
189.008699431795,279.418376995362,4.41227945678444
551.978363557841,251.780335470655,3.57561847970928
169.43894624768,40.6141166687341,4.36464414262783
491.212728973365,350.920353363621,4.52853760418451
38.2213112049984,47.0865915113765,4.04553370916049
521.168774607996,163.310352385158,4.79317958685759
NA,NA,NA
666.351131100482,331.325860921476,3.60891234424509
458.053267109063,301.73234750086,3.48241105870611
9.02318192410011,491.618820812873,3.64095002833419
561.080391674594,46.8568713272782,4.08716269410578
69.4806260419853,373.649333484315,4.0051622582554
225.606863824986,414.469453909338,3.92350701189203
428.388016568653,11.9397307793555,3.23033846102742
361.608568258558,292.802848095343,3.06221101345948
605.184936888885,103.880087606363,4.11504943223483
397.850362050938,229.536736175774,4.12572301775769
568.43538203321,410.467764839441,4.74164279818051
143.713712892332,276.066161607035,4.39551826564708
204.010362191611,368.892974087903,4.13724961800687
123.407948608354,409.779444725307,3.29779821292395
630.215230221399,312.999087476582,4.45354287544648
4.04474458834959,149.857611986589,4.29773997714601
539.531763046159,205.229013249571,4.20502167964074
33.631289137961,491.632529790214,2.99940245481742
282.667721139702,22.5049277060886,3.93007324826543
534.735602691284,392.098299684804,3.45851387284428
70.2510586491777,84.3887510002824,5.21493131982217
3.12978315894531,78.8611313956932,3.57058703116526
587.34630715169,225.496184774875,3.99980277029409
445.577476807619,462.174606017759,4.82508122680217
658.468978281867,374.261710046828,2.94865833655375
105.790322041972,486.615576120053,4.36516057912751
623.073296567271,87.0526699542255,4.07648738244776
423.325561151587,259.561124424302,3.66103168037715
10.9198871078365,181.767213660577,3.26933699948891
71.5185652923442,116.375787597824,4.37363704287081
617.492987691259,208.080294292094,4.13892865888344
252.851979083913,220.634898399146,3.92323064940979
565.834444289441,441.885565315488,3.75634780572565
304.693262222353,132.404994485627,3.87383120734177
527.874751767212,461.292718206255,3.62788724984777
44.194499275791,435.700480658984,4.06454064936681
189.008699431795,279.418376995362,4.41227945678444
551.978363557841,251.780335470655,3.57561847970928
169.43894624768,40.6141166687341,4.36464414262783
491.212728973365,350.920353363621,4.52853760418451
38.2213112049984,47.0865915113765,4.04553370916049
521.168774607996,163.310352385158,4.79317958685759
NA,NA,NA
666.351131100482,331.325860921476,3.60891234424509
458.053267109063,301.73234750086,3.48241105870611
9.02318192410011,491.618820812873,3.64095002833419
561.080391674594,46.8568713272782,4.08716269410578
69.4806260419853,373.649333484315,4.0051622582554
225.606863824986,414.469453909338,3.92350701189203
428.388016568653,11.9397307793555,3.23033846102742
361.608568258558,292.802848095343,3.06221101345948
605.184936888885,103.880087606363,4.11504943223483
397.850362050938,229.536736175774,4.12572301775769
568.43538203321,410.467764839441,4.74164279818051
143.713712892332,276.066161607035,4.39551826564708
204.010362191611,368.892974087903,4.13724961800687
123.407948608354,409.779444725307,3.29779821292395
630.215230221399,312.999087476582,4.45354287544648
4.04474458834959,149.857611986589,4.29773997714601
539.531763046159,205.229013249571,4.20502167964074
33.631289137961,491.632529790214,2.99940245481742
282.667721139702,22.5049277060886,3.93007324826543
534.735602691284,392.098299684804,3.45851387284428
70.2510586491777,84.3887510002824,5.21493131982217
3.12978315894531,78.8611313956932,3.57058703116526
587.34630715169,225.496184774875,3.99980277029409
445.577476807619,462.174606017759,4.82508122680217
658.468978281867,374.261710046828,2.94865833655375
105.790322041972,486.615576120053,4.36516057912751
623.073296567271,87.0526699542255,4.07648738244776
423.325561151587,259.561124424302,3.66103168037715
10.9198871078365,181.767213660577,3.26933699948891
71.5185652923442,116.375787597824,4.37363704287081
617.492987691259,208.080294292094,4.13892865888344
252.851979083913,220.634898399146,3.92323064940979
565.834444289441,441.885565315488,3.75634780572565
304.693262222353,132.404994485627,3.87383120734177
527.874751767212,461.292718206255,3.62788724984777
44.194499275791,435.700480658984,4.06454064936681
189.008699431795,279.418376995362,4.41227945678444
551.978363557841,251.780335470655,3.57561847970928
169.43894624768,40.6141166687341,4.36464414262783
491.212728973365,350.920353363621,4.52853760418451
38.2213112049984,47.0865915113765,4.04553370916049
521.168774607996,163.310352385158,4.79317958685759
NA,NA,NA
666.351131100482,331.325860921476,3.60891234424509
458.053267109063,301.73234750086,3.48241105870611
9.02318192410011,491.618820812873,3.64095002833419
561.080391674594,46.8568713272782,4.08716269410578
69.4806260419853,373.649333484315,4.0051622582554
225.606863824986,414.469453909338,3.92350701189203
428.388016568653,11.9397307793555,3.23033846102742
361.608568258558,292.802848095343,3.06221101345948
605.184936888885,103.880087606363,4.11504943223483
397.850362050938,229.536736175774,4.12572301775769
568.43538203321,410.467764839441,4.74164279818051
143.713712892332,276.066161607035,4.39551826564708
204.010362191611,368.892974087903,4.13724961800687
123.407948608354,409.779444725307,3.29779821292395
630.215230221399,312.999087476582,4.45354287544648
4.04474458834959,149.857611986589,4.29773997714601
539.531763046159,205.229013249571,4.20502167964074
33.631289137961,491.632529790214,2.99940245481742
282.667721139702,22.5049277060886,3.93007324826543
534.735602691284,392.098299684804,3.45851387284428
70.2510586491777,84.3887510002824,5.21493131982217
3.12978315894531,78.8611313956932,3.57058703116526
587.34630715169,225.496184774875,3.99980277029409
445.577476807619,462.174606017759,4.82508122680217
658.468978281867,374.261710046828,2.94865833655375
105.790322041972,486.615576120053,4.36516057912751
623.073296567271,87.0526699542255,4.07648738244776
423.325561151587,259.561124424302,3.66103168037715
10.9198871078365,181.767213660577,3.26933699948891
71.5185652923442,116.375787597824,4.37363704287081
617.492987691259,208.080294292094,4.13892865888344
252.851979083913,220.634898399146,3.92323064940979
565.834444289441,441.885565315488,3.75634780572565
304.693262222353,132.404994485627,3.87383120734177
527.874751767212,461.292718206255,3.62788724984777
44.194499275791,435.700480658984,4.06454064936681
189.008699431795,279.418376995362,4.41227945678444
551.978363557841,251.780335470655,3.57561847970928
169.43894624768,40.6141166687341,4.36464414262783
491.212728973365,350.920353363621,4.52853760418451
38.2213112049984,47.0865915113765,4.04553370916049
521.168774607996,163.310352385158,4.79317958685759
NA,NA,NA
662.514631663163,335.253861391107,3.59625716081359
451.365084060421,295.050031398385,3.65134510504754
9.60714876605765,493.581314893115,3.65853611878112
559.802688322255,56.6303364987164,4.17231075714413
73.6250408629168,376.030485975883,4.16885393091887
230.103285541853,417.44360502253,3.83918664232042
430.268020174274,11.7550737037288,3.33676206141885
359.00796659932,291.077764473336,3.01159065812849
602.095451136189,102.021431722675,4.08814551607188
396.318763644057,230.282711579635,4.27134032459245
573.738086677332,412.82025622036,4.6826804633967
137.107165115579,284.86194560413,4.57473557744623
201.645139314016,376.519397344511,4.0426446572773
128.072946130307,412.833847676228,3.39018145537585
624.178991715867,310.838113922422,4.50769211614735
-4.13171216556741,155.929571997658,4.21490253210357
540.935341200656,205.593167542093,4.19260331977666
33.6895666678457,492.73320980862,3.08308336134305
279.372774273535,27.3554932233166,4.06516387664268
531.288225681269,393.748610623886,3.40835074672034
67.7144710334239,79.5429699333087,5.26427719285781
3.37370632732108,77.4002514672929,3.72959711146125
584.658310762411,230.417988535122,4.03131111904057
440.598786734513,461.384962383316,4.74341764618215
658.159629920822,372.807298299119,3.14179353594312
110.478030864802,489.989521277574,4.31371664362841
624.219203520763,89.5528925983834,4.05387728687144
420.340269362184,258.60075148508,3.64318491909519
11.7633426875147,182.398150063501,3.05413493986194
80.4671043062928,128.871555086445,4.49258003492602
613.155376585899,209.881577293563,4.34368930987982
247.300441869891,221.428374936093,3.75924228640418
572.016903704636,430.897974224021,3.78256138018938
297.636857131094,134.137462435137,3.718606336459
523.384081558055,459.045210494543,3.52382844986236
36.4827544012074,411.608677822739,3.80313728345966
189.998664565324,287.715865647624,4.16437403903969
562.115249312497,262.193051520078,3.75010692322951
173.882664855925,32.6604449977473,4.50094041167216
493.015044580649,348.227288389133,4.57595193552746
42.7883112648821,52.2538290698705,3.7914897233558
526.676489904434,138.9299922738,4.24116551816
NA,NA,NA
662.514631663163,335.253861391107,3.59625716081359
451.365084060421,295.050031398385,3.65134510504754
9.60714876605765,493.581314893115,3.65853611878112
559.802688322255,56.6303364987164,4.17231075714413
73.6250408629168,376.030485975883,4.16885393091887
230.103285541853,417.44360502253,3.83918664232042
430.268020174274,11.7550737037288,3.33676206141885
359.00796659932,291.077764473336,3.01159065812849
602.095451136189,102.021431722675,4.08814551607188
396.318763644057,230.282711579635,4.27134032459245
573.738086677332,412.82025622036,4.6826804633967
137.107165115579,284.86194560413,4.57473557744623
201.645139314016,376.519397344511,4.0426446572773
128.072946130307,412.833847676228,3.39018145537585
624.178991715867,310.838113922422,4.50769211614735
-4.13171216556741,155.929571997658,4.21490253210357
540.935341200656,205.593167542093,4.19260331977666
33.6895666678457,492.73320980862,3.08308336134305
279.372774273535,27.3554932233166,4.06516387664268
531.288225681269,393.748610623886,3.40835074672034
67.7144710334239,79.5429699333087,5.26427719285781
3.37370632732108,77.4002514672929,3.72959711146125
584.658310762411,230.417988535122,4.03131111904057
440.598786734513,461.384962383316,4.74341764618215
658.159629920822,372.807298299119,3.14179353594312
110.478030864802,489.989521277574,4.31371664362841
624.219203520763,89.5528925983834,4.05387728687144
420.340269362184,258.60075148508,3.64318491909519
11.7633426875147,182.398150063501,3.05413493986194
80.4671043062928,128.871555086445,4.49258003492602
613.155376585899,209.881577293563,4.34368930987982
247.300441869891,221.428374936093,3.75924228640418
572.016903704636,430.897974224021,3.78256138018938
297.636857131094,134.137462435137,3.718606336459
523.384081558055,459.045210494543,3.52382844986236
36.4827544012074,411.608677822739,3.80313728345966
189.998664565324,287.715865647624,4.16437403903969
562.115249312497,262.193051520078,3.75010692322951
173.882664855925,32.6604449977473,4.50094041167216
493.015044580649,348.227288389133,4.57595193552746
42.7883112648821,52.2538290698705,3.7914897233558
526.676489904434,138.9299922738,4.24116551816
NA,NA,NA
662.514631663163,335.253861391107,3.59625716081359
451.365084060421,295.050031398385,3.65134510504754
9.60714876605765,493.581314893115,3.65853611878112
559.802688322255,56.6303364987164,4.17231075714413
73.6250408629168,376.030485975883,4.16885393091887
230.103285541853,417.44360502253,3.83918664232042
430.268020174274,11.7550737037288,3.33676206141885
359.00796659932,291.077764473336,3.01159065812849
602.095451136189,102.021431722675,4.08814551607188
396.318763644057,230.282711579635,4.27134032459245
573.738086677332,412.82025622036,4.6826804633967
137.107165115579,284.86194560413,4.57473557744623
201.645139314016,376.519397344511,4.0426446572773
128.072946130307,412.833847676228,3.39018145537585
624.178991715867,310.838113922422,4.50769211614735
-4.13171216556741,155.929571997658,4.21490253210357
540.935341200656,205.593167542093,4.19260331977666
33.6895666678457,492.73320980862,3.08308336134305
279.372774273535,27.3554932233166,4.06516387664268
531.288225681269,393.748610623886,3.40835074672034
67.7144710334239,79.5429699333087,5.26427719285781
3.37370632732108,77.4002514672929,3.72959711146125
584.658310762411,230.417988535122,4.03131111904057
440.598786734513,461.384962383316,4.74341764618215
658.159629920822,372.807298299119,3.14179353594312
110.478030864802,489.989521277574,4.31371664362841
624.219203520763,89.5528925983834,4.05387728687144
420.340269362184,258.60075148508,3.64318491909519
11.7633426875147,182.398150063501,3.05413493986194
80.4671043062928,128.871555086445,4.49258003492602
613.155376585899,209.881577293563,4.34368930987982
247.300441869891,221.428374936093,3.75924228640418
572.016903704636,430.897974224021,3.78256138018938
297.636857131094,134.137462435137,3.718606336459
523.384081558055,459.045210494543,3.52382844986236
36.4827544012074,411.608677822739,3.80313728345966
189.998664565324,287.715865647624,4.16437403903969
562.115249312497,262.193051520078,3.75010692322951
173.882664855925,32.6604449977473,4.50094041167216
493.015044580649,348.227288389133,4.57595193552746
42.7883112648821,52.2538290698705,3.7914897233558
526.676489904434,138.9299922738,4.24116551816
NA,NA,NA
662.514631663163,335.253861391107,3.59625716081359
451.365084060421,295.050031398385,3.65134510504754
9.60714876605765,493.581314893115,3.65853611878112
559.802688322255,56.6303364987164,4.17231075714413
73.6250408629168,376.030485975883,4.16885393091887
230.103285541853,417.44360502253,3.83918664232042
430.268020174274,11.7550737037288,3.33676206141885
359.00796659932,291.077764473336,3.01159065812849
602.095451136189,102.021431722675,4.08814551607188
396.318763644057,230.282711579635,4.27134032459245
573.738086677332,412.82025622036,4.6826804633967
137.107165115579,284.86194560413,4.57473557744623
201.645139314016,376.519397344511,4.0426446572773
128.072946130307,412.833847676228,3.39018145537585
624.178991715867,310.838113922422,4.50769211614735
-4.13171216556741,155.929571997658,4.21490253210357
540.935341200656,205.593167542093,4.19260331977666
33.6895666678457,492.73320980862,3.08308336134305
279.372774273535,27.3554932233166,4.06516387664268
531.288225681269,393.748610623886,3.40835074672034
67.7144710334239,79.5429699333087,5.26427719285781
3.37370632732108,77.4002514672929,3.72959711146125
584.658310762411,230.417988535122,4.03131111904057
440.598786734513,461.384962383316,4.74341764618215
658.159629920822,372.807298299119,3.14179353594312
110.478030864802,489.989521277574,4.31371664362841
624.219203520763,89.5528925983834,4.05387728687144
420.340269362184,258.60075148508,3.64318491909519
11.7633426875147,182.398150063501,3.05413493986194
80.4671043062928,128.871555086445,4.49258003492602
613.155376585899,209.881577293563,4.34368930987982
247.300441869891,221.428374936093,3.75924228640418
572.016903704636,430.897974224021,3.78256138018938
297.636857131094,134.137462435137,3.718606336459
523.384081558055,459.045210494543,3.52382844986236
36.4827544012074,411.608677822739,3.80313728345966
189.998664565324,287.715865647624,4.16437403903969
562.115249312497,262.193051520078,3.75010692322951
173.882664855925,32.6604449977473,4.50094041167216
493.015044580649,348.227288389133,4.57595193552746
42.7883112648821,52.2538290698705,3.7914897233558
526.676489904434,138.9299922738,4.24116551816
NA,NA,NA
662.514631663163,335.253861391107,3.59625716081359
451.365084060421,295.050031398385,3.65134510504754
9.60714876605765,493.581314893115,3.65853611878112
559.802688322255,56.6303364987164,4.17231075714413
73.6250408629168,376.030485975883,4.16885393091887
230.103285541853,417.44360502253,3.83918664232042
430.268020174274,11.7550737037288,3.33676206141885
359.00796659932,291.077764473336,3.01159065812849
602.095451136189,102.021431722675,4.08814551607188
396.318763644057,230.282711579635,4.27134032459245
573.738086677332,412.82025622036,4.6826804633967
137.107165115579,284.86194560413,4.57473557744623
201.645139314016,376.519397344511,4.0426446572773
128.072946130307,412.833847676228,3.39018145537585
624.178991715867,310.838113922422,4.50769211614735
-4.13171216556741,155.929571997658,4.21490253210357
540.935341200656,205.593167542093,4.19260331977666
33.6895666678457,492.73320980862,3.08308336134305
279.372774273535,27.3554932233166,4.06516387664268
531.288225681269,393.748610623886,3.40835074672034
67.7144710334239,79.5429699333087,5.26427719285781
3.37370632732108,77.4002514672929,3.72959711146125
584.658310762411,230.417988535122,4.03131111904057
440.598786734513,461.384962383316,4.74341764618215
658.159629920822,372.807298299119,3.14179353594312
110.478030864802,489.989521277574,4.31371664362841
624.219203520763,89.5528925983834,4.05387728687144
420.340269362184,258.60075148508,3.64318491909519
11.7633426875147,182.398150063501,3.05413493986194
80.4671043062928,128.871555086445,4.49258003492602
613.155376585899,209.881577293563,4.34368930987982
247.300441869891,221.428374936093,3.75924228640418
572.016903704636,430.897974224021,3.78256138018938
297.636857131094,134.137462435137,3.718606336459
523.384081558055,459.045210494543,3.52382844986236
36.4827544012074,411.608677822739,3.80313728345966
189.998664565324,287.715865647624,4.16437403903969
562.115249312497,262.193051520078,3.75010692322951
173.882664855925,32.6604449977473,4.50094041167216
493.015044580649,348.227288389133,4.57595193552746
42.7883112648821,52.2538290698705,3.7914897233558
526.676489904434,138.9299922738,4.24116551816
NA,NA,NA
662.514631663163,335.253861391107,3.59625716081359
451.365084060421,295.050031398385,3.65134510504754
9.60714876605765,493.581314893115,3.65853611878112
559.802688322255,56.6303364987164,4.17231075714413
73.6250408629168,376.030485975883,4.16885393091887
230.103285541853,417.44360502253,3.83918664232042
430.268020174274,11.7550737037288,3.33676206141885
359.00796659932,291.077764473336,3.01159065812849
602.095451136189,102.021431722675,4.08814551607188
396.318763644057,230.282711579635,4.27134032459245
573.738086677332,412.82025622036,4.6826804633967
137.107165115579,284.86194560413,4.57473557744623
201.645139314016,376.519397344511,4.0426446572773
128.072946130307,412.833847676228,3.39018145537585
624.178991715867,310.838113922422,4.50769211614735
-4.13171216556741,155.929571997658,4.21490253210357
540.935341200656,205.593167542093,4.19260331977666
33.6895666678457,492.73320980862,3.08308336134305
279.372774273535,27.3554932233166,4.06516387664268
531.288225681269,393.748610623886,3.40835074672034
67.7144710334239,79.5429699333087,5.26427719285781
3.37370632732108,77.4002514672929,3.72959711146125
584.658310762411,230.417988535122,4.03131111904057
440.598786734513,461.384962383316,4.74341764618215
658.159629920822,372.807298299119,3.14179353594312
110.478030864802,489.989521277574,4.31371664362841
624.219203520763,89.5528925983834,4.05387728687144
420.340269362184,258.60075148508,3.64318491909519
11.7633426875147,182.398150063501,3.05413493986194
80.4671043062928,128.871555086445,4.49258003492602
613.155376585899,209.881577293563,4.34368930987982
247.300441869891,221.428374936093,3.75924228640418
572.016903704636,430.897974224021,3.78256138018938
297.636857131094,134.137462435137,3.718606336459
523.384081558055,459.045210494543,3.52382844986236
36.4827544012074,411.608677822739,3.80313728345966
189.998664565324,287.715865647624,4.16437403903969
562.115249312497,262.193051520078,3.75010692322951
173.882664855925,32.6604449977473,4.50094041167216
493.015044580649,348.227288389133,4.57595193552746
42.7883112648821,52.2538290698705,3.7914897233558
526.676489904434,138.9299922738,4.24116551816
NA,NA,NA
661.423521965964,334.967144290921,3.59484417665846
452.279618966512,295.10819093687,3.57638368218678
11.5566283393553,494.731062437445,3.63493508577358
557.066223138265,49.4373365518796,4.28437297254184
70.6216376992591,379.449133351396,3.91075512516089
224.611719549663,415.490509439904,3.86454878196356
426.356037895058,13.931514931931,3.23946785711223
362.307993834547,291.871527018246,3.10350450730178
604.93705650196,103.668086587625,4.36935667897286
394.695457950448,237.704911817059,4.32398563395381
568.552812121001,407.276199724549,4.75618910047904
139.750297872143,285.661564014304,4.35635256235226
200.677407638428,366.720326101626,3.99292160176695
124.293357669512,414.027280226363,3.49473263202106
624.149288416578,314.794698188076,4.52864917979453
2.91045602022073,147.644445953683,4.27761190681675
542.731272469893,203.731071117211,4.08047178699694
32.7454518991168,491.666684027395,3.17684294096755
281.845852006962,23.719917084425,3.8229706269205
537.352019724834,390.742778815195,3.33056292828623
68.2923190182678,75.103418600406,5.31303028899354
6.44254099106089,75.9423715843578,3.73325613997599
591.40236888724,226.475070551721,3.99570161967341
438.738568681113,448.945179379579,4.73743183137051
657.875648582857,373.201020800972,2.96208109499779
103.84658748582,484.965509239835,4.40553192708957
624.935834338657,89.2906552703823,4.11228544730581
420.593597300918,256.73622907931,3.61292383467973
11.1452010857328,179.714164259818,3.25266401522019
65.0129048789862,123.036060698923,4.79045406663388
609.18554467695,196.155143417229,4.47749546193992
253.124359517427,219.615178984921,3.87505602895425
566.330478291694,437.555138859092,4.0149295305076
299.432754333228,147.405885273611,3.98497394910055
533.103188641,448.119627064041,3.56943007550673
47.5282354762649,409.715306420743,3.86540763838081
195.261657112158,279.14911277825,3.89723951099445
543.080462167902,257.582048907962,3.96594003104935
165.982565412963,27.2492450261875,4.17642989912831
505.484671137334,353.688252997806,4.70975839579373
50.4094222272135,50.8868022575532,3.98475309807937
521.600820612066,148.891560262797,4.82049986413675
NA,NA,NA
661.423521965964,334.967144290921,3.59484417665846
452.279618966512,295.10819093687,3.57638368218678
11.5566283393553,494.731062437445,3.63493508577358
557.066223138265,49.4373365518796,4.28437297254184
70.6216376992591,379.449133351396,3.91075512516089
224.611719549663,415.490509439904,3.86454878196356
426.356037895058,13.931514931931,3.23946785711223
362.307993834547,291.871527018246,3.10350450730178
604.93705650196,103.668086587625,4.36935667897286
394.695457950448,237.704911817059,4.32398563395381
568.552812121001,407.276199724549,4.75618910047904
139.750297872143,285.661564014304,4.35635256235226
200.677407638428,366.720326101626,3.99292160176695
124.293357669512,414.027280226363,3.49473263202106
624.149288416578,314.794698188076,4.52864917979453
2.91045602022073,147.644445953683,4.27761190681675
542.731272469893,203.731071117211,4.08047178699694
32.7454518991168,491.666684027395,3.17684294096755
281.845852006962,23.719917084425,3.8229706269205
537.352019724834,390.742778815195,3.33056292828623
68.2923190182678,75.103418600406,5.31303028899354
6.44254099106089,75.9423715843578,3.73325613997599
591.40236888724,226.475070551721,3.99570161967341
438.738568681113,448.945179379579,4.73743183137051
657.875648582857,373.201020800972,2.96208109499779
103.84658748582,484.965509239835,4.40553192708957
624.935834338657,89.2906552703823,4.11228544730581
420.593597300918,256.73622907931,3.61292383467973
11.1452010857328,179.714164259818,3.25266401522019
65.0129048789862,123.036060698923,4.79045406663388
609.18554467695,196.155143417229,4.47749546193992
253.124359517427,219.615178984921,3.87505602895425
566.330478291694,437.555138859092,4.0149295305076
299.432754333228,147.405885273611,3.98497394910055
533.103188641,448.119627064041,3.56943007550673
47.5282354762649,409.715306420743,3.86540763838081
195.261657112158,279.14911277825,3.89723951099445
543.080462167902,257.582048907962,3.96594003104935
165.982565412963,27.2492450261875,4.17642989912831
505.484671137334,353.688252997806,4.70975839579373
50.4094222272135,50.8868022575532,3.98475309807937
521.600820612066,148.891560262797,4.82049986413675
NA,NA,NA
661.423521965964,334.967144290921,3.59484417665846
452.279618966512,295.10819093687,3.57638368218678
11.5566283393553,494.731062437445,3.63493508577358
557.066223138265,49.4373365518796,4.28437297254184
70.6216376992591,379.449133351396,3.91075512516089
224.611719549663,415.490509439904,3.86454878196356
426.356037895058,13.931514931931,3.23946785711223
362.307993834547,291.871527018246,3.10350450730178
604.93705650196,103.668086587625,4.36935667897286
394.695457950448,237.704911817059,4.32398563395381
568.552812121001,407.276199724549,4.75618910047904
139.750297872143,285.661564014304,4.35635256235226
200.677407638428,366.720326101626,3.99292160176695
124.293357669512,414.027280226363,3.49473263202106
624.149288416578,314.794698188076,4.52864917979453
2.91045602022073,147.644445953683,4.27761190681675
542.731272469893,203.731071117211,4.08047178699694
32.7454518991168,491.666684027395,3.17684294096755
281.845852006962,23.719917084425,3.8229706269205
537.352019724834,390.742778815195,3.33056292828623
68.2923190182678,75.103418600406,5.31303028899354
6.44254099106089,75.9423715843578,3.73325613997599
591.40236888724,226.475070551721,3.99570161967341
438.738568681113,448.945179379579,4.73743183137051
657.875648582857,373.201020800972,2.96208109499779
103.84658748582,484.965509239835,4.40553192708957
624.935834338657,89.2906552703823,4.11228544730581
420.593597300918,256.73622907931,3.61292383467973
11.1452010857328,179.714164259818,3.25266401522019
65.0129048789862,123.036060698923,4.79045406663388
609.18554467695,196.155143417229,4.47749546193992
253.124359517427,219.615178984921,3.87505602895425
566.330478291694,437.555138859092,4.0149295305076
299.432754333228,147.405885273611,3.98497394910055
533.103188641,448.119627064041,3.56943007550673
47.5282354762649,409.715306420743,3.86540763838081
195.261657112158,279.14911277825,3.89723951099445
543.080462167902,257.582048907962,3.96594003104935
165.982565412963,27.2492450261875,4.17642989912831
505.484671137334,353.688252997806,4.70975839579373
50.4094222272135,50.8868022575532,3.98475309807937
521.600820612066,148.891560262797,4.82049986413675
NA,NA,NA
661.423521965964,334.967144290921,3.59484417665846
452.279618966512,295.10819093687,3.57638368218678
11.5566283393553,494.731062437445,3.63493508577358
557.066223138265,49.4373365518796,4.28437297254184
70.6216376992591,379.449133351396,3.91075512516089
224.611719549663,415.490509439904,3.86454878196356
426.356037895058,13.931514931931,3.23946785711223
362.307993834547,291.871527018246,3.10350450730178
604.93705650196,103.668086587625,4.36935667897286
394.695457950448,237.704911817059,4.32398563395381
568.552812121001,407.276199724549,4.75618910047904
139.750297872143,285.661564014304,4.35635256235226
200.677407638428,366.720326101626,3.99292160176695
124.293357669512,414.027280226363,3.49473263202106
624.149288416578,314.794698188076,4.52864917979453
2.91045602022073,147.644445953683,4.27761190681675
542.731272469893,203.731071117211,4.08047178699694
32.7454518991168,491.666684027395,3.17684294096755
281.845852006962,23.719917084425,3.8229706269205
537.352019724834,390.742778815195,3.33056292828623
68.2923190182678,75.103418600406,5.31303028899354
6.44254099106089,75.9423715843578,3.73325613997599
591.40236888724,226.475070551721,3.99570161967341
438.738568681113,448.945179379579,4.73743183137051
657.875648582857,373.201020800972,2.96208109499779
103.84658748582,484.965509239835,4.40553192708957
624.935834338657,89.2906552703823,4.11228544730581
420.593597300918,256.73622907931,3.61292383467973
11.1452010857328,179.714164259818,3.25266401522019
65.0129048789862,123.036060698923,4.79045406663388
609.18554467695,196.155143417229,4.47749546193992
253.124359517427,219.615178984921,3.87505602895425
566.330478291694,437.555138859092,4.0149295305076
299.432754333228,147.405885273611,3.98497394910055
533.103188641,448.119627064041,3.56943007550673
47.5282354762649,409.715306420743,3.86540763838081
195.261657112158,279.14911277825,3.89723951099445
543.080462167902,257.582048907962,3.96594003104935
165.982565412963,27.2492450261875,4.17642989912831
505.484671137334,353.688252997806,4.70975839579373
50.4094222272135,50.8868022575532,3.98475309807937
521.600820612066,148.891560262797,4.82049986413675
NA,NA,NA
661.423521965964,334.967144290921,3.59484417665846
452.279618966512,295.10819093687,3.57638368218678
11.5566283393553,494.731062437445,3.63493508577358
557.066223138265,49.4373365518796,4.28437297254184
70.6216376992591,379.449133351396,3.91075512516089
224.611719549663,415.490509439904,3.86454878196356
426.356037895058,13.931514931931,3.23946785711223
362.307993834547,291.871527018246,3.10350450730178
604.93705650196,103.668086587625,4.36935667897286
394.695457950448,237.704911817059,4.32398563395381
568.552812121001,407.276199724549,4.75618910047904
139.750297872143,285.661564014304,4.35635256235226
200.677407638428,366.720326101626,3.99292160176695
124.293357669512,414.027280226363,3.49473263202106
624.149288416578,314.794698188076,4.52864917979453
2.91045602022073,147.644445953683,4.27761190681675
542.731272469893,203.731071117211,4.08047178699694
32.7454518991168,491.666684027395,3.17684294096755
281.845852006962,23.719917084425,3.8229706269205
537.352019724834,390.742778815195,3.33056292828623
68.2923190182678,75.103418600406,5.31303028899354
6.44254099106089,75.9423715843578,3.73325613997599
591.40236888724,226.475070551721,3.99570161967341
438.738568681113,448.945179379579,4.73743183137051
657.875648582857,373.201020800972,2.96208109499779
103.84658748582,484.965509239835,4.40553192708957
624.935834338657,89.2906552703823,4.11228544730581
420.593597300918,256.73622907931,3.61292383467973
11.1452010857328,179.714164259818,3.25266401522019
65.0129048789862,123.036060698923,4.79045406663388
609.18554467695,196.155143417229,4.47749546193992
253.124359517427,219.615178984921,3.87505602895425
566.330478291694,437.555138859092,4.0149295305076
299.432754333228,147.405885273611,3.98497394910055
533.103188641,448.119627064041,3.56943007550673
47.5282354762649,409.715306420743,3.86540763838081
195.261657112158,279.14911277825,3.89723951099445
543.080462167902,257.582048907962,3.96594003104935
165.982565412963,27.2492450261875,4.17642989912831
505.484671137334,353.688252997806,4.70975839579373
50.4094222272135,50.8868022575532,3.98475309807937
521.600820612066,148.891560262797,4.82049986413675
NA,NA,NA
661.423521965964,334.967144290921,3.59484417665846
452.279618966512,295.10819093687,3.57638368218678
11.5566283393553,494.731062437445,3.63493508577358
557.066223138265,49.4373365518796,4.28437297254184
70.6216376992591,379.449133351396,3.91075512516089
224.611719549663,415.490509439904,3.86454878196356
426.356037895058,13.931514931931,3.23946785711223
362.307993834547,291.871527018246,3.10350450730178
604.93705650196,103.668086587625,4.36935667897286
394.695457950448,237.704911817059,4.32398563395381
568.552812121001,407.276199724549,4.75618910047904
139.750297872143,285.661564014304,4.35635256235226
200.677407638428,366.720326101626,3.99292160176695
124.293357669512,414.027280226363,3.49473263202106
624.149288416578,314.794698188076,4.52864917979453
2.91045602022073,147.644445953683,4.27761190681675
542.731272469893,203.731071117211,4.08047178699694
32.7454518991168,491.666684027395,3.17684294096755
281.845852006962,23.719917084425,3.8229706269205
537.352019724834,390.742778815195,3.33056292828623
68.2923190182678,75.103418600406,5.31303028899354
6.44254099106089,75.9423715843578,3.73325613997599
591.40236888724,226.475070551721,3.99570161967341
438.738568681113,448.945179379579,4.73743183137051
657.875648582857,373.201020800972,2.96208109499779
103.84658748582,484.965509239835,4.40553192708957
624.935834338657,89.2906552703823,4.11228544730581
420.593597300918,256.73622907931,3.61292383467973
11.1452010857328,179.714164259818,3.25266401522019
65.0129048789862,123.036060698923,4.79045406663388
609.18554467695,196.155143417229,4.47749546193992
253.124359517427,219.615178984921,3.87505602895425
566.330478291694,437.555138859092,4.0149295305076
299.432754333228,147.405885273611,3.98497394910055
533.103188641,448.119627064041,3.56943007550673
47.5282354762649,409.715306420743,3.86540763838081
195.261657112158,279.14911277825,3.89723951099445
543.080462167902,257.582048907962,3.96594003104935
165.982565412963,27.2492450261875,4.17642989912831
505.484671137334,353.688252997806,4.70975839579373
50.4094222272135,50.8868022575532,3.98475309807937
521.600820612066,148.891560262797,4.82049986413675
NA,NA,NA
662.881166406716,331.98401824457,3.49615921285412
455.611264908732,301.90193609346,3.66545591079892
11.1427611347656,495.271465634702,3.75843074043299
564.581711162699,52.5760896773624,4.22121059431664
74.102107099429,374.228481913888,3.96740680817892
225.445795169996,413.254340640711,3.94359458037902
430.021571456932,14.1249177471532,3.27598316282111
363.706931275427,294.79564067578,3.15239897615245
605.690404068542,103.087370665583,4.19836131025676
399.612021651565,230.676418850719,4.15919820881434
572.059325180957,415.600392828209,4.78497625857132
146.115892047803,277.789816877565,4.42422531837088
202.484284814647,371.826576344574,3.97462633721575
124.265202410274,411.941455105077,3.44066487823663
627.383026075054,318.905179667027,4.48572085568438
4.40008895574715,157.301540328406,4.31532894119718
542.703023838897,203.19104411834,4.34330669345649
35.9336227928383,492.629348665731,3.04050792490768
279.617255952871,24.463120629653,3.95341962208983
537.05855589496,391.345748379148,3.34141357848688
78.034207192969,76.931146435125,5.39473949597866
3.27197709945515,73.2033828458979,3.64093048580671
583.964331811142,229.154815269537,3.96154531516964
437.506750659672,465.274837446374,4.77289927148994
661.106466950685,373.299699769599,3.0090577793221
102.983307620842,494.839075222569,4.37102871242533
619.930335834583,90.4282823097853,4.07827558987437
421.099566042342,258.724757783134,3.67263733307608
9.5909014011804,182.599302479824,3.20596539787081
82.7208448002397,104.175075970786,4.44631963865178
611.966238223378,208.502517731613,4.02423609439746
256.548743340408,218.001779231927,4.02604893107322
575.245440500107,440.288980508255,3.72667434997533
294.520130444385,136.916412432288,3.89368880802269
520.69189303996,459.696475020965,3.38044543294045
42.5144855925893,406.859208677018,3.68009822592064
201.53571555266,292.701641663866,4.20253372312852
553.414926076358,257.126222505114,3.69038607896022
185.999904547477,31.944661593987,4.42452294434516
499.77618550087,347.838075868267,4.49606293119065
36.1456027538244,50.8817800193774,3.89469488076512
546.557194680943,163.902107522981,4.29741212096568
NA,NA,NA
662.881166406716,331.98401824457,3.49615921285412
455.611264908732,301.90193609346,3.66545591079892
11.1427611347656,495.271465634702,3.75843074043299
564.581711162699,52.5760896773624,4.22121059431664
74.102107099429,374.228481913888,3.96740680817892
225.445795169996,413.254340640711,3.94359458037902
430.021571456932,14.1249177471532,3.27598316282111
363.706931275427,294.79564067578,3.15239897615245
605.690404068542,103.087370665583,4.19836131025676
399.612021651565,230.676418850719,4.15919820881434
572.059325180957,415.600392828209,4.78497625857132
146.115892047803,277.789816877565,4.42422531837088
202.484284814647,371.826576344574,3.97462633721575
124.265202410274,411.941455105077,3.44066487823663
627.383026075054,318.905179667027,4.48572085568438
4.40008895574715,157.301540328406,4.31532894119718
542.703023838897,203.19104411834,4.34330669345649
35.9336227928383,492.629348665731,3.04050792490768
279.617255952871,24.463120629653,3.95341962208983
537.05855589496,391.345748379148,3.34141357848688
78.034207192969,76.931146435125,5.39473949597866
3.27197709945515,73.2033828458979,3.64093048580671
583.964331811142,229.154815269537,3.96154531516964
437.506750659672,465.274837446374,4.77289927148994
661.106466950685,373.299699769599,3.0090577793221
102.983307620842,494.839075222569,4.37102871242533
619.930335834583,90.4282823097853,4.07827558987437
421.099566042342,258.724757783134,3.67263733307608
9.5909014011804,182.599302479824,3.20596539787081
82.7208448002397,104.175075970786,4.44631963865178
611.966238223378,208.502517731613,4.02423609439746
256.548743340408,218.001779231927,4.02604893107322
575.245440500107,440.288980508255,3.72667434997533
294.520130444385,136.916412432288,3.89368880802269
520.69189303996,459.696475020965,3.38044543294045
42.5144855925893,406.859208677018,3.68009822592064
201.53571555266,292.701641663866,4.20253372312852
553.414926076358,257.126222505114,3.69038607896022
185.999904547477,31.944661593987,4.42452294434516
499.77618550087,347.838075868267,4.49606293119065
36.1456027538244,50.8817800193774,3.89469488076512
546.557194680943,163.902107522981,4.29741212096568
NA,NA,NA
662.881166406716,331.98401824457,3.49615921285412
455.611264908732,301.90193609346,3.66545591079892
11.1427611347656,495.271465634702,3.75843074043299
564.581711162699,52.5760896773624,4.22121059431664
74.102107099429,374.228481913888,3.96740680817892
225.445795169996,413.254340640711,3.94359458037902
430.021571456932,14.1249177471532,3.27598316282111
363.706931275427,294.79564067578,3.15239897615245
605.690404068542,103.087370665583,4.19836131025676
399.612021651565,230.676418850719,4.15919820881434
572.059325180957,415.600392828209,4.78497625857132
146.115892047803,277.789816877565,4.42422531837088
202.484284814647,371.826576344574,3.97462633721575
124.265202410274,411.941455105077,3.44066487823663
627.383026075054,318.905179667027,4.48572085568438
4.40008895574715,157.301540328406,4.31532894119718
542.703023838897,203.19104411834,4.34330669345649
35.9336227928383,492.629348665731,3.04050792490768
279.617255952871,24.463120629653,3.95341962208983
537.05855589496,391.345748379148,3.34141357848688
78.034207192969,76.931146435125,5.39473949597866
3.27197709945515,73.2033828458979,3.64093048580671
583.964331811142,229.154815269537,3.96154531516964
437.506750659672,465.274837446374,4.77289927148994
661.106466950685,373.299699769599,3.0090577793221
102.983307620842,494.839075222569,4.37102871242533
619.930335834583,90.4282823097853,4.07827558987437
421.099566042342,258.724757783134,3.67263733307608
9.5909014011804,182.599302479824,3.20596539787081
82.7208448002397,104.175075970786,4.44631963865178
611.966238223378,208.502517731613,4.02423609439746
256.548743340408,218.001779231927,4.02604893107322
575.245440500107,440.288980508255,3.72667434997533
294.520130444385,136.916412432288,3.89368880802269
520.69189303996,459.696475020965,3.38044543294045
42.5144855925893,406.859208677018,3.68009822592064
201.53571555266,292.701641663866,4.20253372312852
553.414926076358,257.126222505114,3.69038607896022
185.999904547477,31.944661593987,4.42452294434516
499.77618550087,347.838075868267,4.49606293119065
36.1456027538244,50.8817800193774,3.89469488076512
546.557194680943,163.902107522981,4.29741212096568
NA,NA,NA
662.881166406716,331.98401824457,3.49615921285412
455.611264908732,301.90193609346,3.66545591079892
11.1427611347656,495.271465634702,3.75843074043299
564.581711162699,52.5760896773624,4.22121059431664
74.102107099429,374.228481913888,3.96740680817892
225.445795169996,413.254340640711,3.94359458037902
430.021571456932,14.1249177471532,3.27598316282111
363.706931275427,294.79564067578,3.15239897615245
605.690404068542,103.087370665583,4.19836131025676
399.612021651565,230.676418850719,4.15919820881434
572.059325180957,415.600392828209,4.78497625857132
146.115892047803,277.789816877565,4.42422531837088
202.484284814647,371.826576344574,3.97462633721575
124.265202410274,411.941455105077,3.44066487823663
627.383026075054,318.905179667027,4.48572085568438
4.40008895574715,157.301540328406,4.31532894119718
542.703023838897,203.19104411834,4.34330669345649
35.9336227928383,492.629348665731,3.04050792490768
279.617255952871,24.463120629653,3.95341962208983
537.05855589496,391.345748379148,3.34141357848688
78.034207192969,76.931146435125,5.39473949597866
3.27197709945515,73.2033828458979,3.64093048580671
583.964331811142,229.154815269537,3.96154531516964
437.506750659672,465.274837446374,4.77289927148994
661.106466950685,373.299699769599,3.0090577793221
102.983307620842,494.839075222569,4.37102871242533
619.930335834583,90.4282823097853,4.07827558987437
421.099566042342,258.724757783134,3.67263733307608
9.5909014011804,182.599302479824,3.20596539787081
82.7208448002397,104.175075970786,4.44631963865178
611.966238223378,208.502517731613,4.02423609439746
256.548743340408,218.001779231927,4.02604893107322
575.245440500107,440.288980508255,3.72667434997533
294.520130444385,136.916412432288,3.89368880802269
520.69189303996,459.696475020965,3.38044543294045
42.5144855925893,406.859208677018,3.68009822592064
201.53571555266,292.701641663866,4.20253372312852
553.414926076358,257.126222505114,3.69038607896022
185.999904547477,31.944661593987,4.42452294434516
499.77618550087,347.838075868267,4.49606293119065
36.1456027538244,50.8817800193774,3.89469488076512
546.557194680943,163.902107522981,4.29741212096568
NA,NA,NA
662.881166406716,331.98401824457,3.49615921285412
455.611264908732,301.90193609346,3.66545591079892
11.1427611347656,495.271465634702,3.75843074043299
564.581711162699,52.5760896773624,4.22121059431664
74.102107099429,374.228481913888,3.96740680817892
225.445795169996,413.254340640711,3.94359458037902
430.021571456932,14.1249177471532,3.27598316282111
363.706931275427,294.79564067578,3.15239897615245
605.690404068542,103.087370665583,4.19836131025676
399.612021651565,230.676418850719,4.15919820881434
572.059325180957,415.600392828209,4.78497625857132
146.115892047803,277.789816877565,4.42422531837088
202.484284814647,371.826576344574,3.97462633721575
124.265202410274,411.941455105077,3.44066487823663
627.383026075054,318.905179667027,4.48572085568438
4.40008895574715,157.301540328406,4.31532894119718
542.703023838897,203.19104411834,4.34330669345649
35.9336227928383,492.629348665731,3.04050792490768
279.617255952871,24.463120629653,3.95341962208983
537.05855589496,391.345748379148,3.34141357848688
78.034207192969,76.931146435125,5.39473949597866
3.27197709945515,73.2033828458979,3.64093048580671
583.964331811142,229.154815269537,3.96154531516964
437.506750659672,465.274837446374,4.77289927148994
661.106466950685,373.299699769599,3.0090577793221
102.983307620842,494.839075222569,4.37102871242533
619.930335834583,90.4282823097853,4.07827558987437
421.099566042342,258.724757783134,3.67263733307608
9.5909014011804,182.599302479824,3.20596539787081
82.7208448002397,104.175075970786,4.44631963865178
611.966238223378,208.502517731613,4.02423609439746
256.548743340408,218.001779231927,4.02604893107322
575.245440500107,440.288980508255,3.72667434997533
294.520130444385,136.916412432288,3.89368880802269
520.69189303996,459.696475020965,3.38044543294045
42.5144855925893,406.859208677018,3.68009822592064
201.53571555266,292.701641663866,4.20253372312852
553.414926076358,257.126222505114,3.69038607896022
185.999904547477,31.944661593987,4.42452294434516
499.77618550087,347.838075868267,4.49606293119065
36.1456027538244,50.8817800193774,3.89469488076512
546.557194680943,163.902107522981,4.29741212096568
NA,NA,NA
662.881166406716,331.98401824457,3.49615921285412
455.611264908732,301.90193609346,3.66545591079892
11.1427611347656,495.271465634702,3.75843074043299
564.581711162699,52.5760896773624,4.22121059431664
74.102107099429,374.228481913888,3.96740680817892
225.445795169996,413.254340640711,3.94359458037902
430.021571456932,14.1249177471532,3.27598316282111
363.706931275427,294.79564067578,3.15239897615245
605.690404068542,103.087370665583,4.19836131025676
399.612021651565,230.676418850719,4.15919820881434
572.059325180957,415.600392828209,4.78497625857132
146.115892047803,277.789816877565,4.42422531837088
202.484284814647,371.826576344574,3.97462633721575
124.265202410274,411.941455105077,3.44066487823663
627.383026075054,318.905179667027,4.48572085568438
4.40008895574715,157.301540328406,4.31532894119718
542.703023838897,203.19104411834,4.34330669345649
35.9336227928383,492.629348665731,3.04050792490768
279.617255952871,24.463120629653,3.95341962208983
537.05855589496,391.345748379148,3.34141357848688
78.034207192969,76.931146435125,5.39473949597866
3.27197709945515,73.2033828458979,3.64093048580671
583.964331811142,229.154815269537,3.96154531516964
437.506750659672,465.274837446374,4.77289927148994
661.106466950685,373.299699769599,3.0090577793221
102.983307620842,494.839075222569,4.37102871242533
619.930335834583,90.4282823097853,4.07827558987437
421.099566042342,258.724757783134,3.67263733307608
9.5909014011804,182.599302479824,3.20596539787081
82.7208448002397,104.175075970786,4.44631963865178
611.966238223378,208.502517731613,4.02423609439746
256.548743340408,218.001779231927,4.02604893107322
575.245440500107,440.288980508255,3.72667434997533
294.520130444385,136.916412432288,3.89368880802269
520.69189303996,459.696475020965,3.38044543294045
42.5144855925893,406.859208677018,3.68009822592064
201.53571555266,292.701641663866,4.20253372312852
553.414926076358,257.126222505114,3.69038607896022
185.999904547477,31.944661593987,4.42452294434516
499.77618550087,347.838075868267,4.49606293119065
36.1456027538244,50.8817800193774,3.89469488076512
546.557194680943,163.902107522981,4.29741212096568
NA,NA,NA
662.474129177355,333.774216285274,3.5459519698758
456.628683926911,299.10417400259,3.62087041924823
10.9146976132995,492.579983068165,3.7549655696268
554.706082236642,52.8982905720218,4.31621050296198
68.7811304110767,378.335509574567,3.99586944228844
230.28276061362,418.05611989448,3.86117302627866
427.926002845494,13.6420382827743,3.35831091678055
365.48156324377,292.2622281773,2.81417728218775
604.734572809144,105.016322697062,4.15786939003317
394.113347413995,231.291335855868,4.22747862543757
569.977595554156,409.709804677069,4.75117606756959
133.47811899737,281.2007854155,4.64976741811128
202.584120062653,370.045145112267,3.92900699470559
123.069360065861,408.970637445002,3.50229170606251
627.328228386952,319.785045131438,4.5183308540415
-0.00985662259942055,143.667227495728,4.29093625930814
542.569129983703,205.09900405747,4.11993096494178
36.0829359286978,490.957772019547,3.03960841615082
274.231243850237,26.0022121334313,3.95134552586284
535.489055685557,391.804211043387,3.39511887708338
70.7222900364278,69.9787456584441,5.25945543321536
1.74234455620067,75.4192328638756,3.50787624411121
588.020297737567,225.960151582581,3.9408346594596
445.1773330004,466.015696669095,4.81217404926139
658.562147884825,371.487509823144,3.03062573849607
106.183596734105,480.699630285369,4.4099237782204
623.020443694201,91.27947128095,4.04731243714835
420.810667043762,257.750655381587,3.5775455526447
12.1625026859773,183.287676434194,3.01238752401614
68.1532701122173,110.138354721198,4.48289187907761
608.196857227978,194.166900947947,4.36487880895363
260.795100358139,226.390011528172,4.00786113865503
574.15366996851,439.052940103337,3.86828281299959
303.342541433654,133.762857185449,3.87696465909929
533.046343506591,450.255298452911,3.61821646989726
54.55936127366,418.937746357628,3.99555469881315
194.678661285325,289.676570136362,3.59816623731979
555.305622727799,259.37491843389,3.74186044497432
166.693901821821,36.7951332877717,4.19369549476459
509.618676255137,338.335763478237,4.31148257200245
36.3148457883488,52.1533474390882,4.09580881282917
532.237871051118,140.86762962313,4.18463769985779
NA,NA,NA
662.474129177355,333.774216285274,3.5459519698758
456.628683926911,299.10417400259,3.62087041924823
10.9146976132995,492.579983068165,3.7549655696268
554.706082236642,52.8982905720218,4.31621050296198
68.7811304110767,378.335509574567,3.99586944228844
230.28276061362,418.05611989448,3.86117302627866
427.926002845494,13.6420382827743,3.35831091678055
365.48156324377,292.2622281773,2.81417728218775
604.734572809144,105.016322697062,4.15786939003317
394.113347413995,231.291335855868,4.22747862543757
569.977595554156,409.709804677069,4.75117606756959
133.47811899737,281.2007854155,4.64976741811128
202.584120062653,370.045145112267,3.92900699470559
123.069360065861,408.970637445002,3.50229170606251
627.328228386952,319.785045131438,4.5183308540415
-0.00985662259942055,143.667227495728,4.29093625930814
542.569129983703,205.09900405747,4.11993096494178
36.0829359286978,490.957772019547,3.03960841615082
274.231243850237,26.0022121334313,3.95134552586284
535.489055685557,391.804211043387,3.39511887708338
70.7222900364278,69.9787456584441,5.25945543321536
1.74234455620067,75.4192328638756,3.50787624411121
588.020297737567,225.960151582581,3.9408346594596
445.1773330004,466.015696669095,4.81217404926139
658.562147884825,371.487509823144,3.03062573849607
106.183596734105,480.699630285369,4.4099237782204
623.020443694201,91.27947128095,4.04731243714835
420.810667043762,257.750655381587,3.5775455526447
12.1625026859773,183.287676434194,3.01238752401614
68.1532701122173,110.138354721198,4.48289187907761
608.196857227978,194.166900947947,4.36487880895363
260.795100358139,226.390011528172,4.00786113865503
574.15366996851,439.052940103337,3.86828281299959
303.342541433654,133.762857185449,3.87696465909929
533.046343506591,450.255298452911,3.61821646989726
54.55936127366,418.937746357628,3.99555469881315
194.678661285325,289.676570136362,3.59816623731979
555.305622727799,259.37491843389,3.74186044497432
166.693901821821,36.7951332877717,4.19369549476459
509.618676255137,338.335763478237,4.31148257200245
36.3148457883488,52.1533474390882,4.09580881282917
532.237871051118,140.86762962313,4.18463769985779
NA,NA,NA
662.474129177355,333.774216285274,3.5459519698758
456.628683926911,299.10417400259,3.62087041924823
10.9146976132995,492.579983068165,3.7549655696268
554.706082236642,52.8982905720218,4.31621050296198
68.7811304110767,378.335509574567,3.99586944228844
230.28276061362,418.05611989448,3.86117302627866
427.926002845494,13.6420382827743,3.35831091678055
365.48156324377,292.2622281773,2.81417728218775
604.734572809144,105.016322697062,4.15786939003317
394.113347413995,231.291335855868,4.22747862543757
569.977595554156,409.709804677069,4.75117606756959
133.47811899737,281.2007854155,4.64976741811128
202.584120062653,370.045145112267,3.92900699470559
123.069360065861,408.970637445002,3.50229170606251
627.328228386952,319.785045131438,4.5183308540415
-0.00985662259942055,143.667227495728,4.29093625930814
542.569129983703,205.09900405747,4.11993096494178
36.0829359286978,490.957772019547,3.03960841615082
274.231243850237,26.0022121334313,3.95134552586284
535.489055685557,391.804211043387,3.39511887708338
70.7222900364278,69.9787456584441,5.25945543321536
1.74234455620067,75.4192328638756,3.50787624411121
588.020297737567,225.960151582581,3.9408346594596
445.1773330004,466.015696669095,4.81217404926139
658.562147884825,371.487509823144,3.03062573849607
106.183596734105,480.699630285369,4.4099237782204
623.020443694201,91.27947128095,4.04731243714835
420.810667043762,257.750655381587,3.5775455526447
12.1625026859773,183.287676434194,3.01238752401614
68.1532701122173,110.138354721198,4.48289187907761
608.196857227978,194.166900947947,4.36487880895363
260.795100358139,226.390011528172,4.00786113865503
574.15366996851,439.052940103337,3.86828281299959
303.342541433654,133.762857185449,3.87696465909929
533.046343506591,450.255298452911,3.61821646989726
54.55936127366,418.937746357628,3.99555469881315
194.678661285325,289.676570136362,3.59816623731979
555.305622727799,259.37491843389,3.74186044497432
166.693901821821,36.7951332877717,4.19369549476459
509.618676255137,338.335763478237,4.31148257200245
36.3148457883488,52.1533474390882,4.09580881282917
532.237871051118,140.86762962313,4.18463769985779
NA,NA,NA
662.474129177355,333.774216285274,3.5459519698758
456.628683926911,299.10417400259,3.62087041924823
10.9146976132995,492.579983068165,3.7549655696268
554.706082236642,52.8982905720218,4.31621050296198
68.7811304110767,378.335509574567,3.99586944228844
230.28276061362,418.05611989448,3.86117302627866
427.926002845494,13.6420382827743,3.35831091678055
365.48156324377,292.2622281773,2.81417728218775
604.734572809144,105.016322697062,4.15786939003317
394.113347413995,231.291335855868,4.22747862543757
569.977595554156,409.709804677069,4.75117606756959
133.47811899737,281.2007854155,4.64976741811128
202.584120062653,370.045145112267,3.92900699470559
123.069360065861,408.970637445002,3.50229170606251
627.328228386952,319.785045131438,4.5183308540415
-0.00985662259942055,143.667227495728,4.29093625930814
542.569129983703,205.09900405747,4.11993096494178
36.0829359286978,490.957772019547,3.03960841615082
274.231243850237,26.0022121334313,3.95134552586284
535.489055685557,391.804211043387,3.39511887708338
70.7222900364278,69.9787456584441,5.25945543321536
1.74234455620067,75.4192328638756,3.50787624411121
588.020297737567,225.960151582581,3.9408346594596
445.1773330004,466.015696669095,4.81217404926139
658.562147884825,371.487509823144,3.03062573849607
106.183596734105,480.699630285369,4.4099237782204
623.020443694201,91.27947128095,4.04731243714835
420.810667043762,257.750655381587,3.5775455526447
12.1625026859773,183.287676434194,3.01238752401614
68.1532701122173,110.138354721198,4.48289187907761
608.196857227978,194.166900947947,4.36487880895363
260.795100358139,226.390011528172,4.00786113865503
574.15366996851,439.052940103337,3.86828281299959
303.342541433654,133.762857185449,3.87696465909929
533.046343506591,450.255298452911,3.61821646989726
54.55936127366,418.937746357628,3.99555469881315
194.678661285325,289.676570136362,3.59816623731979
555.305622727799,259.37491843389,3.74186044497432
166.693901821821,36.7951332877717,4.19369549476459
509.618676255137,338.335763478237,4.31148257200245
36.3148457883488,52.1533474390882,4.09580881282917
532.237871051118,140.86762962313,4.18463769985779
NA,NA,NA
662.474129177355,333.774216285274,3.5459519698758
456.628683926911,299.10417400259,3.62087041924823
10.9146976132995,492.579983068165,3.7549655696268
554.706082236642,52.8982905720218,4.31621050296198
68.7811304110767,378.335509574567,3.99586944228844
230.28276061362,418.05611989448,3.86117302627866
427.926002845494,13.6420382827743,3.35831091678055
365.48156324377,292.2622281773,2.81417728218775
604.734572809144,105.016322697062,4.15786939003317
394.113347413995,231.291335855868,4.22747862543757
569.977595554156,409.709804677069,4.75117606756959
133.47811899737,281.2007854155,4.64976741811128
202.584120062653,370.045145112267,3.92900699470559
123.069360065861,408.970637445002,3.50229170606251
627.328228386952,319.785045131438,4.5183308540415
-0.00985662259942055,143.667227495728,4.29093625930814
542.569129983703,205.09900405747,4.11993096494178
36.0829359286978,490.957772019547,3.03960841615082
274.231243850237,26.0022121334313,3.95134552586284
535.489055685557,391.804211043387,3.39511887708338
70.7222900364278,69.9787456584441,5.25945543321536
1.74234455620067,75.4192328638756,3.50787624411121
588.020297737567,225.960151582581,3.9408346594596
445.1773330004,466.015696669095,4.81217404926139
658.562147884825,371.487509823144,3.03062573849607
106.183596734105,480.699630285369,4.4099237782204
623.020443694201,91.27947128095,4.04731243714835
420.810667043762,257.750655381587,3.5775455526447
12.1625026859773,183.287676434194,3.01238752401614
68.1532701122173,110.138354721198,4.48289187907761
608.196857227978,194.166900947947,4.36487880895363
260.795100358139,226.390011528172,4.00786113865503
574.15366996851,439.052940103337,3.86828281299959
303.342541433654,133.762857185449,3.87696465909929
533.046343506591,450.255298452911,3.61821646989726
54.55936127366,418.937746357628,3.99555469881315
194.678661285325,289.676570136362,3.59816623731979
555.305622727799,259.37491843389,3.74186044497432
166.693901821821,36.7951332877717,4.19369549476459
509.618676255137,338.335763478237,4.31148257200245
36.3148457883488,52.1533474390882,4.09580881282917
532.237871051118,140.86762962313,4.18463769985779
NA,NA,NA
662.474129177355,333.774216285274,3.5459519698758
456.628683926911,299.10417400259,3.62087041924823
10.9146976132995,492.579983068165,3.7549655696268
554.706082236642,52.8982905720218,4.31621050296198
68.7811304110767,378.335509574567,3.99586944228844
230.28276061362,418.05611989448,3.86117302627866
427.926002845494,13.6420382827743,3.35831091678055
365.48156324377,292.2622281773,2.81417728218775
604.734572809144,105.016322697062,4.15786939003317
394.113347413995,231.291335855868,4.22747862543757
569.977595554156,409.709804677069,4.75117606756959
133.47811899737,281.2007854155,4.64976741811128
202.584120062653,370.045145112267,3.92900699470559
123.069360065861,408.970637445002,3.50229170606251
627.328228386952,319.785045131438,4.5183308540415
-0.00985662259942055,143.667227495728,4.29093625930814
542.569129983703,205.09900405747,4.11993096494178
36.0829359286978,490.957772019547,3.03960841615082
274.231243850237,26.0022121334313,3.95134552586284
535.489055685557,391.804211043387,3.39511887708338
70.7222900364278,69.9787456584441,5.25945543321536
1.74234455620067,75.4192328638756,3.50787624411121
588.020297737567,225.960151582581,3.9408346594596
445.1773330004,466.015696669095,4.81217404926139
658.562147884825,371.487509823144,3.03062573849607
106.183596734105,480.699630285369,4.4099237782204
623.020443694201,91.27947128095,4.04731243714835
420.810667043762,257.750655381587,3.5775455526447
12.1625026859773,183.287676434194,3.01238752401614
68.1532701122173,110.138354721198,4.48289187907761
608.196857227978,194.166900947947,4.36487880895363
260.795100358139,226.390011528172,4.00786113865503
574.15366996851,439.052940103337,3.86828281299959
303.342541433654,133.762857185449,3.87696465909929
533.046343506591,450.255298452911,3.61821646989726
54.55936127366,418.937746357628,3.99555469881315
194.678661285325,289.676570136362,3.59816623731979
555.305622727799,259.37491843389,3.74186044497432
166.693901821821,36.7951332877717,4.19369549476459
509.618676255137,338.335763478237,4.31148257200245
36.3148457883488,52.1533474390882,4.09580881282917
532.237871051118,140.86762962313,4.18463769985779
NA,NA,NA
660.865780105095,331.762667709014,3.48084585903094
455.127965723329,301.875178070149,3.62486032957921
13.5876821936484,496.652813233716,3.64310600833658
560.58280280126,57.855680962071,4.18573503724123
68.6104679100237,377.35417642564,3.99453520673718
230.485345805967,413.462614324887,3.83399554832401
428.908527828487,9.1660187977143,3.21223841552906
362.190394750692,297.571964194954,3.08096851159805
605.701381300461,102.564803522251,4.03474170668564
384.841947818456,227.352499789618,4.0297583475321
566.013838097999,402.410220230483,4.69698093669888
138.918554097564,283.238588183125,4.50967809617829
193.225373109951,369.34158566534,3.97216436868224
121.732449104311,410.390106111612,3.43826119236899
627.439849343758,312.660816236081,4.42015378681808
-1.49153899554831,149.154488692622,4.18123652874186
547.701159845876,204.532260538854,4.22968058498871
33.4897109022868,491.371575144548,3.10883760467984
280.804918957013,21.936492262651,3.68985656137875
531.585779226747,394.898252373983,3.55515468351407
75.9269159043526,74.9772220802234,5.3988359727654
4.6482842274365,75.7515419365631,3.36684153144149
588.698698412228,223.417186674584,3.97768251854004
440.589142629288,450.970125409475,4.81025251376314
657.868111087075,373.853127787186,3.03738984933403
105.816142976962,481.124294614821,4.29320519949132
623.04236828866,92.2725089584576,4.12100266004965
419.906695511971,255.437277913499,3.65286724658243
7.39545193895349,181.97648516903,3.10241571216423
67.4810074392325,122.479975012048,4.48331930368012
610.816699181427,207.059425757999,4.30702626442126
247.678321901699,214.040264573451,3.54403382966927
579.592712100897,436.659278908551,3.96537119175684
295.085629280545,141.604395127571,3.79975158139595
529.618709779161,464.421256303726,3.60356557875526
42.8794178339768,415.067939225076,3.84181170884172
194.301524916188,285.720414268981,3.92173652991122
557.180492689769,266.948469079184,3.77496824161736
170.645605892791,24.1682390796003,4.25482635233483
485.517176551473,341.661435301617,4.48591140358417
36.8142739983363,50.0181418391863,4.02144365420721
519.385503212566,139.438398877534,4.44057841957859
NA,NA,NA
660.865780105095,331.762667709014,3.48084585903094
455.127965723329,301.875178070149,3.62486032957921
13.5876821936484,496.652813233716,3.64310600833658
560.58280280126,57.855680962071,4.18573503724123
68.6104679100237,377.35417642564,3.99453520673718
230.485345805967,413.462614324887,3.83399554832401
428.908527828487,9.1660187977143,3.21223841552906
362.190394750692,297.571964194954,3.08096851159805
605.701381300461,102.564803522251,4.03474170668564
384.841947818456,227.352499789618,4.0297583475321
566.013838097999,402.410220230483,4.69698093669888
138.918554097564,283.238588183125,4.50967809617829
193.225373109951,369.34158566534,3.97216436868224
121.732449104311,410.390106111612,3.43826119236899
627.439849343758,312.660816236081,4.42015378681808
-1.49153899554831,149.154488692622,4.18123652874186
547.701159845876,204.532260538854,4.22968058498871
33.4897109022868,491.371575144548,3.10883760467984
280.804918957013,21.936492262651,3.68985656137875
531.585779226747,394.898252373983,3.55515468351407
75.9269159043526,74.9772220802234,5.3988359727654
4.6482842274365,75.7515419365631,3.36684153144149
588.698698412228,223.417186674584,3.97768251854004
440.589142629288,450.970125409475,4.81025251376314
657.868111087075,373.853127787186,3.03738984933403
105.816142976962,481.124294614821,4.29320519949132
623.04236828866,92.2725089584576,4.12100266004965
419.906695511971,255.437277913499,3.65286724658243
7.39545193895349,181.97648516903,3.10241571216423
67.4810074392325,122.479975012048,4.48331930368012
610.816699181427,207.059425757999,4.30702626442126
247.678321901699,214.040264573451,3.54403382966927
579.592712100897,436.659278908551,3.96537119175684
295.085629280545,141.604395127571,3.79975158139595
529.618709779161,464.421256303726,3.60356557875526
42.8794178339768,415.067939225076,3.84181170884172
194.301524916188,285.720414268981,3.92173652991122
557.180492689769,266.948469079184,3.77496824161736
170.645605892791,24.1682390796003,4.25482635233483
485.517176551473,341.661435301617,4.48591140358417
36.8142739983363,50.0181418391863,4.02144365420721
519.385503212566,139.438398877534,4.44057841957859
NA,NA,NA
660.865780105095,331.762667709014,3.48084585903094
455.127965723329,301.875178070149,3.62486032957921
13.5876821936484,496.652813233716,3.64310600833658
560.58280280126,57.855680962071,4.18573503724123
68.6104679100237,377.35417642564,3.99453520673718
230.485345805967,413.462614324887,3.83399554832401
428.908527828487,9.1660187977143,3.21223841552906
362.190394750692,297.571964194954,3.08096851159805
605.701381300461,102.564803522251,4.03474170668564
384.841947818456,227.352499789618,4.0297583475321
566.013838097999,402.410220230483,4.69698093669888
138.918554097564,283.238588183125,4.50967809617829
193.225373109951,369.34158566534,3.97216436868224
121.732449104311,410.390106111612,3.43826119236899
627.439849343758,312.660816236081,4.42015378681808
-1.49153899554831,149.154488692622,4.18123652874186
547.701159845876,204.532260538854,4.22968058498871
33.4897109022868,491.371575144548,3.10883760467984
280.804918957013,21.936492262651,3.68985656137875
531.585779226747,394.898252373983,3.55515468351407
75.9269159043526,74.9772220802234,5.3988359727654
4.6482842274365,75.7515419365631,3.36684153144149
588.698698412228,223.417186674584,3.97768251854004
440.589142629288,450.970125409475,4.81025251376314
657.868111087075,373.853127787186,3.03738984933403
105.816142976962,481.124294614821,4.29320519949132
623.04236828866,92.2725089584576,4.12100266004965
419.906695511971,255.437277913499,3.65286724658243
7.39545193895349,181.97648516903,3.10241571216423
67.4810074392325,122.479975012048,4.48331930368012
610.816699181427,207.059425757999,4.30702626442126
247.678321901699,214.040264573451,3.54403382966927
579.592712100897,436.659278908551,3.96537119175684
295.085629280545,141.604395127571,3.79975158139595
529.618709779161,464.421256303726,3.60356557875526
42.8794178339768,415.067939225076,3.84181170884172
194.301524916188,285.720414268981,3.92173652991122
557.180492689769,266.948469079184,3.77496824161736
170.645605892791,24.1682390796003,4.25482635233483
485.517176551473,341.661435301617,4.48591140358417
36.8142739983363,50.0181418391863,4.02144365420721
519.385503212566,139.438398877534,4.44057841957859
NA,NA,NA
660.865780105095,331.762667709014,3.48084585903094
455.127965723329,301.875178070149,3.62486032957921
13.5876821936484,496.652813233716,3.64310600833658
560.58280280126,57.855680962071,4.18573503724123
68.6104679100237,377.35417642564,3.99453520673718
230.485345805967,413.462614324887,3.83399554832401
428.908527828487,9.1660187977143,3.21223841552906
362.190394750692,297.571964194954,3.08096851159805
605.701381300461,102.564803522251,4.03474170668564
384.841947818456,227.352499789618,4.0297583475321
566.013838097999,402.410220230483,4.69698093669888
138.918554097564,283.238588183125,4.50967809617829
193.225373109951,369.34158566534,3.97216436868224
121.732449104311,410.390106111612,3.43826119236899
627.439849343758,312.660816236081,4.42015378681808
-1.49153899554831,149.154488692622,4.18123652874186
547.701159845876,204.532260538854,4.22968058498871
33.4897109022868,491.371575144548,3.10883760467984
280.804918957013,21.936492262651,3.68985656137875
531.585779226747,394.898252373983,3.55515468351407
75.9269159043526,74.9772220802234,5.3988359727654
4.6482842274365,75.7515419365631,3.36684153144149
588.698698412228,223.417186674584,3.97768251854004
440.589142629288,450.970125409475,4.81025251376314
657.868111087075,373.853127787186,3.03738984933403
105.816142976962,481.124294614821,4.29320519949132
623.04236828866,92.2725089584576,4.12100266004965
419.906695511971,255.437277913499,3.65286724658243
7.39545193895349,181.97648516903,3.10241571216423
67.4810074392325,122.479975012048,4.48331930368012
610.816699181427,207.059425757999,4.30702626442126
247.678321901699,214.040264573451,3.54403382966927
579.592712100897,436.659278908551,3.96537119175684
295.085629280545,141.604395127571,3.79975158139595
529.618709779161,464.421256303726,3.60356557875526
42.8794178339768,415.067939225076,3.84181170884172
194.301524916188,285.720414268981,3.92173652991122
557.180492689769,266.948469079184,3.77496824161736
170.645605892791,24.1682390796003,4.25482635233483
485.517176551473,341.661435301617,4.48591140358417
36.8142739983363,50.0181418391863,4.02144365420721
519.385503212566,139.438398877534,4.44057841957859
NA,NA,NA
660.865780105095,331.762667709014,3.48084585903094
455.127965723329,301.875178070149,3.62486032957921
13.5876821936484,496.652813233716,3.64310600833658
560.58280280126,57.855680962071,4.18573503724123
68.6104679100237,377.35417642564,3.99453520673718
230.485345805967,413.462614324887,3.83399554832401
428.908527828487,9.1660187977143,3.21223841552906
362.190394750692,297.571964194954,3.08096851159805
605.701381300461,102.564803522251,4.03474170668564
384.841947818456,227.352499789618,4.0297583475321
566.013838097999,402.410220230483,4.69698093669888
138.918554097564,283.238588183125,4.50967809617829
193.225373109951,369.34158566534,3.97216436868224
121.732449104311,410.390106111612,3.43826119236899
627.439849343758,312.660816236081,4.42015378681808
-1.49153899554831,149.154488692622,4.18123652874186
547.701159845876,204.532260538854,4.22968058498871
33.4897109022868,491.371575144548,3.10883760467984
280.804918957013,21.936492262651,3.68985656137875
531.585779226747,394.898252373983,3.55515468351407
75.9269159043526,74.9772220802234,5.3988359727654
4.6482842274365,75.7515419365631,3.36684153144149
588.698698412228,223.417186674584,3.97768251854004
440.589142629288,450.970125409475,4.81025251376314
657.868111087075,373.853127787186,3.03738984933403
105.816142976962,481.124294614821,4.29320519949132
623.04236828866,92.2725089584576,4.12100266004965
419.906695511971,255.437277913499,3.65286724658243
7.39545193895349,181.97648516903,3.10241571216423
67.4810074392325,122.479975012048,4.48331930368012
610.816699181427,207.059425757999,4.30702626442126
247.678321901699,214.040264573451,3.54403382966927
579.592712100897,436.659278908551,3.96537119175684
295.085629280545,141.604395127571,3.79975158139595
529.618709779161,464.421256303726,3.60356557875526
42.8794178339768,415.067939225076,3.84181170884172
194.301524916188,285.720414268981,3.92173652991122
557.180492689769,266.948469079184,3.77496824161736
170.645605892791,24.1682390796003,4.25482635233483
485.517176551473,341.661435301617,4.48591140358417
36.8142739983363,50.0181418391863,4.02144365420721
519.385503212566,139.438398877534,4.44057841957859
NA,NA,NA
660.865780105095,331.762667709014,3.48084585903094
455.127965723329,301.875178070149,3.62486032957921
13.5876821936484,496.652813233716,3.64310600833658
560.58280280126,57.855680962071,4.18573503724123
68.6104679100237,377.35417642564,3.99453520673718
230.485345805967,413.462614324887,3.83399554832401
428.908527828487,9.1660187977143,3.21223841552906
362.190394750692,297.571964194954,3.08096851159805
605.701381300461,102.564803522251,4.03474170668564
384.841947818456,227.352499789618,4.0297583475321
566.013838097999,402.410220230483,4.69698093669888
138.918554097564,283.238588183125,4.50967809617829
193.225373109951,369.34158566534,3.97216436868224
121.732449104311,410.390106111612,3.43826119236899
627.439849343758,312.660816236081,4.42015378681808
-1.49153899554831,149.154488692622,4.18123652874186
547.701159845876,204.532260538854,4.22968058498871
33.4897109022868,491.371575144548,3.10883760467984
280.804918957013,21.936492262651,3.68985656137875
531.585779226747,394.898252373983,3.55515468351407
75.9269159043526,74.9772220802234,5.3988359727654
4.6482842274365,75.7515419365631,3.36684153144149
588.698698412228,223.417186674584,3.97768251854004
440.589142629288,450.970125409475,4.81025251376314
657.868111087075,373.853127787186,3.03738984933403
105.816142976962,481.124294614821,4.29320519949132
623.04236828866,92.2725089584576,4.12100266004965
419.906695511971,255.437277913499,3.65286724658243
7.39545193895349,181.97648516903,3.10241571216423
67.4810074392325,122.479975012048,4.48331930368012
610.816699181427,207.059425757999,4.30702626442126
247.678321901699,214.040264573451,3.54403382966927
579.592712100897,436.659278908551,3.96537119175684
295.085629280545,141.604395127571,3.79975158139595
529.618709779161,464.421256303726,3.60356557875526
42.8794178339768,415.067939225076,3.84181170884172
194.301524916188,285.720414268981,3.92173652991122
557.180492689769,266.948469079184,3.77496824161736
170.645605892791,24.1682390796003,4.25482635233483
485.517176551473,341.661435301617,4.48591140358417
36.8142739983363,50.0181418391863,4.02144365420721
519.385503212566,139.438398877534,4.44057841957859
NA,NA,NA
662.184154800241,334.286370756399,3.63241662329602
458.843481437542,300.681036999847,3.73599613432989
14.7211105589419,494.494356235151,3.3591951195842
558.064862918902,50.9076341945997,4.08375709458839
78.0065786675476,374.613089314081,4.16369761373527
228.718575325522,413.353652359037,3.86672805679291
428.03085300765,8.38028748318314,3.51137319735639
362.045030630596,293.181312742455,3.10136973452207
602.863471404896,102.735765030313,4.14198556036125
395.830855956953,228.310107531853,4.22293078655222
565.472453347999,413.500144120445,4.77933923960787
141.099233671383,289.667820724599,4.53455811564
198.721114971449,369.699601865981,3.90611100694927
127.514750317204,407.168087299906,3.44714102480011
620.263641865307,313.776032512565,4.61778275665317
2.4705695184483,150.090269813341,4.3676069106372
542.365321043509,202.76384142015,4.14152331203056
34.6480566626286,490.93981325531,2.96341271812361
275.996884111736,27.0136133461119,3.79236040351848
531.764365249125,392.646763411068,3.46739344504386
74.835029823008,78.660319808543,5.30804519605862
2.92626019313344,77.2702825078843,3.34761069585562
594.30319059827,223.713173984982,4.09383817794437
436.868784716026,456.151826682685,4.75154112779805
659.651918113412,373.691546674139,3.17593638165455
102.1460627895,484.487178293026,4.41950844095707
625.311409901776,90.0026059325191,4.05470502220832
419.770313809147,256.193014577508,3.63799485210196
12.2930105349904,182.956659541478,3.18870204668391
56.836799440105,124.160291515696,4.47663218493429
623.896431061622,209.413638408634,4.10621930620222
248.429753240228,220.087146408481,3.56915824241396
581.949213336423,440.978024946063,4.04435842683545
307.046623799244,137.454895911025,3.92826863849554
535.714998844973,454.79617852958,3.59055044050795
42.4717181997313,422.449679461544,3.76413785607967
206.650037751886,292.806710284844,4.00362717125353
550.296900595455,258.453733010289,3.76921789261404
169.95302869941,26.4195386488633,4.49891727976392
495.486380573217,344.992053139288,4.82258727333774
56.2152176053065,47.6423491732787,3.95451604992136
528.047490109889,145.385254435098,4.53232806712342
NA,NA,NA
662.184154800241,334.286370756399,3.63241662329602
458.843481437542,300.681036999847,3.73599613432989
14.7211105589419,494.494356235151,3.3591951195842
558.064862918902,50.9076341945997,4.08375709458839
78.0065786675476,374.613089314081,4.16369761373527
228.718575325522,413.353652359037,3.86672805679291
428.03085300765,8.38028748318314,3.51137319735639
362.045030630596,293.181312742455,3.10136973452207
602.863471404896,102.735765030313,4.14198556036125
395.830855956953,228.310107531853,4.22293078655222
565.472453347999,413.500144120445,4.77933923960787
141.099233671383,289.667820724599,4.53455811564
198.721114971449,369.699601865981,3.90611100694927
127.514750317204,407.168087299906,3.44714102480011
620.263641865307,313.776032512565,4.61778275665317
2.4705695184483,150.090269813341,4.3676069106372
542.365321043509,202.76384142015,4.14152331203056
34.6480566626286,490.93981325531,2.96341271812361
275.996884111736,27.0136133461119,3.79236040351848
531.764365249125,392.646763411068,3.46739344504386
74.835029823008,78.660319808543,5.30804519605862
2.92626019313344,77.2702825078843,3.34761069585562
594.30319059827,223.713173984982,4.09383817794437
436.868784716026,456.151826682685,4.75154112779805
659.651918113412,373.691546674139,3.17593638165455
102.1460627895,484.487178293026,4.41950844095707
625.311409901776,90.0026059325191,4.05470502220832
419.770313809147,256.193014577508,3.63799485210196
12.2930105349904,182.956659541478,3.18870204668391
56.836799440105,124.160291515696,4.47663218493429
623.896431061622,209.413638408634,4.10621930620222
248.429753240228,220.087146408481,3.56915824241396
581.949213336423,440.978024946063,4.04435842683545
307.046623799244,137.454895911025,3.92826863849554
535.714998844973,454.79617852958,3.59055044050795
42.4717181997313,422.449679461544,3.76413785607967
206.650037751886,292.806710284844,4.00362717125353
550.296900595455,258.453733010289,3.76921789261404
169.95302869941,26.4195386488633,4.49891727976392
495.486380573217,344.992053139288,4.82258727333774
56.2152176053065,47.6423491732787,3.95451604992136
528.047490109889,145.385254435098,4.53232806712342
NA,NA,NA
662.184154800241,334.286370756399,3.63241662329602
458.843481437542,300.681036999847,3.73599613432989
14.7211105589419,494.494356235151,3.3591951195842
558.064862918902,50.9076341945997,4.08375709458839
78.0065786675476,374.613089314081,4.16369761373527
228.718575325522,413.353652359037,3.86672805679291
428.03085300765,8.38028748318314,3.51137319735639
362.045030630596,293.181312742455,3.10136973452207
602.863471404896,102.735765030313,4.14198556036125
395.830855956953,228.310107531853,4.22293078655222
565.472453347999,413.500144120445,4.77933923960787
141.099233671383,289.667820724599,4.53455811564
198.721114971449,369.699601865981,3.90611100694927
127.514750317204,407.168087299906,3.44714102480011
620.263641865307,313.776032512565,4.61778275665317
2.4705695184483,150.090269813341,4.3676069106372
542.365321043509,202.76384142015,4.14152331203056
34.6480566626286,490.93981325531,2.96341271812361
275.996884111736,27.0136133461119,3.79236040351848
531.764365249125,392.646763411068,3.46739344504386
74.835029823008,78.660319808543,5.30804519605862
2.92626019313344,77.2702825078843,3.34761069585562
594.30319059827,223.713173984982,4.09383817794437
436.868784716026,456.151826682685,4.75154112779805
659.651918113412,373.691546674139,3.17593638165455
102.1460627895,484.487178293026,4.41950844095707
625.311409901776,90.0026059325191,4.05470502220832
419.770313809147,256.193014577508,3.63799485210196
12.2930105349904,182.956659541478,3.18870204668391
56.836799440105,124.160291515696,4.47663218493429
623.896431061622,209.413638408634,4.10621930620222
248.429753240228,220.087146408481,3.56915824241396
581.949213336423,440.978024946063,4.04435842683545
307.046623799244,137.454895911025,3.92826863849554
535.714998844973,454.79617852958,3.59055044050795
42.4717181997313,422.449679461544,3.76413785607967
206.650037751886,292.806710284844,4.00362717125353
550.296900595455,258.453733010289,3.76921789261404
169.95302869941,26.4195386488633,4.49891727976392
495.486380573217,344.992053139288,4.82258727333774
56.2152176053065,47.6423491732787,3.95451604992136
528.047490109889,145.385254435098,4.53232806712342
NA,NA,NA
662.184154800241,334.286370756399,3.63241662329602
458.843481437542,300.681036999847,3.73599613432989
14.7211105589419,494.494356235151,3.3591951195842
558.064862918902,50.9076341945997,4.08375709458839
78.0065786675476,374.613089314081,4.16369761373527
228.718575325522,413.353652359037,3.86672805679291
428.03085300765,8.38028748318314,3.51137319735639
362.045030630596,293.181312742455,3.10136973452207
602.863471404896,102.735765030313,4.14198556036125
395.830855956953,228.310107531853,4.22293078655222
565.472453347999,413.500144120445,4.77933923960787
141.099233671383,289.667820724599,4.53455811564
198.721114971449,369.699601865981,3.90611100694927
127.514750317204,407.168087299906,3.44714102480011
620.263641865307,313.776032512565,4.61778275665317
2.4705695184483,150.090269813341,4.3676069106372
542.365321043509,202.76384142015,4.14152331203056
34.6480566626286,490.93981325531,2.96341271812361
275.996884111736,27.0136133461119,3.79236040351848
531.764365249125,392.646763411068,3.46739344504386
74.835029823008,78.660319808543,5.30804519605862
2.92626019313344,77.2702825078843,3.34761069585562
594.30319059827,223.713173984982,4.09383817794437
436.868784716026,456.151826682685,4.75154112779805
659.651918113412,373.691546674139,3.17593638165455
102.1460627895,484.487178293026,4.41950844095707
625.311409901776,90.0026059325191,4.05470502220832
419.770313809147,256.193014577508,3.63799485210196
12.2930105349904,182.956659541478,3.18870204668391
56.836799440105,124.160291515696,4.47663218493429
623.896431061622,209.413638408634,4.10621930620222
248.429753240228,220.087146408481,3.56915824241396
581.949213336423,440.978024946063,4.04435842683545
307.046623799244,137.454895911025,3.92826863849554
535.714998844973,454.79617852958,3.59055044050795
42.4717181997313,422.449679461544,3.76413785607967
206.650037751886,292.806710284844,4.00362717125353
550.296900595455,258.453733010289,3.76921789261404
169.95302869941,26.4195386488633,4.49891727976392
495.486380573217,344.992053139288,4.82258727333774
56.2152176053065,47.6423491732787,3.95451604992136
528.047490109889,145.385254435098,4.53232806712342
NA,NA,NA
662.184154800241,334.286370756399,3.63241662329602
458.843481437542,300.681036999847,3.73599613432989
14.7211105589419,494.494356235151,3.3591951195842
558.064862918902,50.9076341945997,4.08375709458839
78.0065786675476,374.613089314081,4.16369761373527
228.718575325522,413.353652359037,3.86672805679291
428.03085300765,8.38028748318314,3.51137319735639
362.045030630596,293.181312742455,3.10136973452207
602.863471404896,102.735765030313,4.14198556036125
395.830855956953,228.310107531853,4.22293078655222
565.472453347999,413.500144120445,4.77933923960787
141.099233671383,289.667820724599,4.53455811564
198.721114971449,369.699601865981,3.90611100694927
127.514750317204,407.168087299906,3.44714102480011
620.263641865307,313.776032512565,4.61778275665317
2.4705695184483,150.090269813341,4.3676069106372
542.365321043509,202.76384142015,4.14152331203056
34.6480566626286,490.93981325531,2.96341271812361
275.996884111736,27.0136133461119,3.79236040351848
531.764365249125,392.646763411068,3.46739344504386
74.835029823008,78.660319808543,5.30804519605862
2.92626019313344,77.2702825078843,3.34761069585562
594.30319059827,223.713173984982,4.09383817794437
436.868784716026,456.151826682685,4.75154112779805
659.651918113412,373.691546674139,3.17593638165455
102.1460627895,484.487178293026,4.41950844095707
625.311409901776,90.0026059325191,4.05470502220832
419.770313809147,256.193014577508,3.63799485210196
12.2930105349904,182.956659541478,3.18870204668391
56.836799440105,124.160291515696,4.47663218493429
623.896431061622,209.413638408634,4.10621930620222
248.429753240228,220.087146408481,3.56915824241396
581.949213336423,440.978024946063,4.04435842683545
307.046623799244,137.454895911025,3.92826863849554
535.714998844973,454.79617852958,3.59055044050795
42.4717181997313,422.449679461544,3.76413785607967
206.650037751886,292.806710284844,4.00362717125353
550.296900595455,258.453733010289,3.76921789261404
169.95302869941,26.4195386488633,4.49891727976392
495.486380573217,344.992053139288,4.82258727333774
56.2152176053065,47.6423491732787,3.95451604992136
528.047490109889,145.385254435098,4.53232806712342
NA,NA,NA
662.184154800241,334.286370756399,3.63241662329602
458.843481437542,300.681036999847,3.73599613432989
14.7211105589419,494.494356235151,3.3591951195842
558.064862918902,50.9076341945997,4.08375709458839
78.0065786675476,374.613089314081,4.16369761373527
228.718575325522,413.353652359037,3.86672805679291
428.03085300765,8.38028748318314,3.51137319735639
362.045030630596,293.181312742455,3.10136973452207
602.863471404896,102.735765030313,4.14198556036125
395.830855956953,228.310107531853,4.22293078655222
565.472453347999,413.500144120445,4.77933923960787
141.099233671383,289.667820724599,4.53455811564
198.721114971449,369.699601865981,3.90611100694927
127.514750317204,407.168087299906,3.44714102480011
620.263641865307,313.776032512565,4.61778275665317
2.4705695184483,150.090269813341,4.3676069106372
542.365321043509,202.76384142015,4.14152331203056
34.6480566626286,490.93981325531,2.96341271812361
275.996884111736,27.0136133461119,3.79236040351848
531.764365249125,392.646763411068,3.46739344504386
74.835029823008,78.660319808543,5.30804519605862
2.92626019313344,77.2702825078843,3.34761069585562
594.30319059827,223.713173984982,4.09383817794437
436.868784716026,456.151826682685,4.75154112779805
659.651918113412,373.691546674139,3.17593638165455
102.1460627895,484.487178293026,4.41950844095707
625.311409901776,90.0026059325191,4.05470502220832
419.770313809147,256.193014577508,3.63799485210196
12.2930105349904,182.956659541478,3.18870204668391
56.836799440105,124.160291515696,4.47663218493429
623.896431061622,209.413638408634,4.10621930620222
248.429753240228,220.087146408481,3.56915824241396
581.949213336423,440.978024946063,4.04435842683545
307.046623799244,137.454895911025,3.92826863849554
535.714998844973,454.79617852958,3.59055044050795
42.4717181997313,422.449679461544,3.76413785607967
206.650037751886,292.806710284844,4.00362717125353
550.296900595455,258.453733010289,3.76921789261404
169.95302869941,26.4195386488633,4.49891727976392
495.486380573217,344.992053139288,4.82258727333774
56.2152176053065,47.6423491732787,3.95451604992136
528.047490109889,145.385254435098,4.53232806712342
NA,NA,NA
664.542918398589,341.518933197847,3.45924671248387
455.27342974023,296.460633395477,3.5421700682904
7.97688717810454,493.809220125583,3.49817067162201
562.067691117602,54.8688796280946,4.0386142344845
71.1434004134559,378.254951297468,3.85299538763382
233.574745667134,414.287565461618,3.88953406396499
427.666998920452,13.2427193144472,3.33983554409096
359.01827650361,295.397111971589,2.9901191462219
605.828683609358,104.219321748843,4.13698584069725
387.746378147735,233.588599967692,4.10733939943535
566.49127372972,413.151515887902,4.76484452943407
137.632493556913,282.842081778249,4.55122060187689
197.015241095782,373.69443209549,4.00192861328666
121.963979609873,407.908486124005,3.47742701968253
621.713696845989,317.650156132947,4.56744156346053
7.69376167524855,148.013701359456,4.31910616125764
542.913855459623,205.249320492743,4.30336520589701
34.5006011613861,490.363345378395,3.01671766484501
279.776010631484,19.7419567663232,3.82173476786487
537.932354584783,391.865544789745,3.53590246420796
72.9727994322851,80.1958705594247,5.20053133318162
2.92321338346548,74.3917371046491,3.52300252470304
587.438913248404,229.179914807737,4.03462833486858
438.754384237263,462.075229871553,4.80795104496466
660.387384207487,371.380165445197,3.11805770136644
107.067604109176,488.88856395903,4.42033572793587
627.286431664266,86.5017275953143,4.09632969939158
421.701517834645,257.05767305705,3.66469261489324
13.0440105135921,182.010169577306,3.28894986181461
63.6603974229605,109.982244567074,4.31934669149067
599.973105476075,194.510863106411,4.17320170287277
257.995565093235,221.085263551565,3.97233027592139
572.486073630282,428.596436383142,3.94726989227604
299.427007349606,140.524967479931,3.87586694217009
534.789879245452,460.095516084536,3.48941162475632
47.3795917238896,417.280610732992,3.98220470011783
205.443784011681,298.077860939373,3.91260545377986
554.838877140043,257.922362693022,3.86181771762833
165.726438736639,31.5506065239756,4.45233914845057
500.765161156693,353.516106668384,4.76206046998905
42.7014351607495,50.1764706068074,3.62778843075578
524.390063971176,169.866412505365,4.94616023802307
NA,NA,NA
664.542918398589,341.518933197847,3.45924671248387
455.27342974023,296.460633395477,3.5421700682904
7.97688717810454,493.809220125583,3.49817067162201
562.067691117602,54.8688796280946,4.0386142344845
71.1434004134559,378.254951297468,3.85299538763382
233.574745667134,414.287565461618,3.88953406396499
427.666998920452,13.2427193144472,3.33983554409096
359.01827650361,295.397111971589,2.9901191462219
605.828683609358,104.219321748843,4.13698584069725
387.746378147735,233.588599967692,4.10733939943535
566.49127372972,413.151515887902,4.76484452943407
137.632493556913,282.842081778249,4.55122060187689
197.015241095782,373.69443209549,4.00192861328666
121.963979609873,407.908486124005,3.47742701968253
621.713696845989,317.650156132947,4.56744156346053
7.69376167524855,148.013701359456,4.31910616125764
542.913855459623,205.249320492743,4.30336520589701
34.5006011613861,490.363345378395,3.01671766484501
279.776010631484,19.7419567663232,3.82173476786487
537.932354584783,391.865544789745,3.53590246420796
72.9727994322851,80.1958705594247,5.20053133318162
2.92321338346548,74.3917371046491,3.52300252470304
587.438913248404,229.179914807737,4.03462833486858
438.754384237263,462.075229871553,4.80795104496466
660.387384207487,371.380165445197,3.11805770136644
107.067604109176,488.88856395903,4.42033572793587
627.286431664266,86.5017275953143,4.09632969939158
421.701517834645,257.05767305705,3.66469261489324
13.0440105135921,182.010169577306,3.28894986181461
63.6603974229605,109.982244567074,4.31934669149067
599.973105476075,194.510863106411,4.17320170287277
257.995565093235,221.085263551565,3.97233027592139
572.486073630282,428.596436383142,3.94726989227604
299.427007349606,140.524967479931,3.87586694217009
534.789879245452,460.095516084536,3.48941162475632
47.3795917238896,417.280610732992,3.98220470011783
205.443784011681,298.077860939373,3.91260545377986
554.838877140043,257.922362693022,3.86181771762833
165.726438736639,31.5506065239756,4.45233914845057
500.765161156693,353.516106668384,4.76206046998905
42.7014351607495,50.1764706068074,3.62778843075578
524.390063971176,169.866412505365,4.94616023802307
NA,NA,NA
664.542918398589,341.518933197847,3.45924671248387
455.27342974023,296.460633395477,3.5421700682904
7.97688717810454,493.809220125583,3.49817067162201
562.067691117602,54.8688796280946,4.0386142344845
71.1434004134559,378.254951297468,3.85299538763382
233.574745667134,414.287565461618,3.88953406396499
427.666998920452,13.2427193144472,3.33983554409096
359.01827650361,295.397111971589,2.9901191462219
605.828683609358,104.219321748843,4.13698584069725
387.746378147735,233.588599967692,4.10733939943535
566.49127372972,413.151515887902,4.76484452943407
137.632493556913,282.842081778249,4.55122060187689
197.015241095782,373.69443209549,4.00192861328666
121.963979609873,407.908486124005,3.47742701968253
621.713696845989,317.650156132947,4.56744156346053
7.69376167524855,148.013701359456,4.31910616125764
542.913855459623,205.249320492743,4.30336520589701
34.5006011613861,490.363345378395,3.01671766484501
279.776010631484,19.7419567663232,3.82173476786487
537.932354584783,391.865544789745,3.53590246420796
72.9727994322851,80.1958705594247,5.20053133318162
2.92321338346548,74.3917371046491,3.52300252470304
587.438913248404,229.179914807737,4.03462833486858
438.754384237263,462.075229871553,4.80795104496466
660.387384207487,371.380165445197,3.11805770136644
107.067604109176,488.88856395903,4.42033572793587
627.286431664266,86.5017275953143,4.09632969939158
421.701517834645,257.05767305705,3.66469261489324
13.0440105135921,182.010169577306,3.28894986181461
63.6603974229605,109.982244567074,4.31934669149067
599.973105476075,194.510863106411,4.17320170287277
257.995565093235,221.085263551565,3.97233027592139
572.486073630282,428.596436383142,3.94726989227604
299.427007349606,140.524967479931,3.87586694217009
534.789879245452,460.095516084536,3.48941162475632
47.3795917238896,417.280610732992,3.98220470011783
205.443784011681,298.077860939373,3.91260545377986
554.838877140043,257.922362693022,3.86181771762833
165.726438736639,31.5506065239756,4.45233914845057
500.765161156693,353.516106668384,4.76206046998905
42.7014351607495,50.1764706068074,3.62778843075578
524.390063971176,169.866412505365,4.94616023802307
NA,NA,NA
664.542918398589,341.518933197847,3.45924671248387
455.27342974023,296.460633395477,3.5421700682904
7.97688717810454,493.809220125583,3.49817067162201
562.067691117602,54.8688796280946,4.0386142344845
71.1434004134559,378.254951297468,3.85299538763382
233.574745667134,414.287565461618,3.88953406396499
427.666998920452,13.2427193144472,3.33983554409096
359.01827650361,295.397111971589,2.9901191462219
605.828683609358,104.219321748843,4.13698584069725
387.746378147735,233.588599967692,4.10733939943535
566.49127372972,413.151515887902,4.76484452943407
137.632493556913,282.842081778249,4.55122060187689
197.015241095782,373.69443209549,4.00192861328666
121.963979609873,407.908486124005,3.47742701968253
621.713696845989,317.650156132947,4.56744156346053
7.69376167524855,148.013701359456,4.31910616125764
542.913855459623,205.249320492743,4.30336520589701
34.5006011613861,490.363345378395,3.01671766484501
279.776010631484,19.7419567663232,3.82173476786487
537.932354584783,391.865544789745,3.53590246420796
72.9727994322851,80.1958705594247,5.20053133318162
2.92321338346548,74.3917371046491,3.52300252470304
587.438913248404,229.179914807737,4.03462833486858
438.754384237263,462.075229871553,4.80795104496466
660.387384207487,371.380165445197,3.11805770136644
107.067604109176,488.88856395903,4.42033572793587
627.286431664266,86.5017275953143,4.09632969939158
421.701517834645,257.05767305705,3.66469261489324
13.0440105135921,182.010169577306,3.28894986181461
63.6603974229605,109.982244567074,4.31934669149067
599.973105476075,194.510863106411,4.17320170287277
257.995565093235,221.085263551565,3.97233027592139
572.486073630282,428.596436383142,3.94726989227604
299.427007349606,140.524967479931,3.87586694217009
534.789879245452,460.095516084536,3.48941162475632
47.3795917238896,417.280610732992,3.98220470011783
205.443784011681,298.077860939373,3.91260545377986
554.838877140043,257.922362693022,3.86181771762833
165.726438736639,31.5506065239756,4.45233914845057
500.765161156693,353.516106668384,4.76206046998905
42.7014351607495,50.1764706068074,3.62778843075578
524.390063971176,169.866412505365,4.94616023802307
NA,NA,NA
664.542918398589,341.518933197847,3.45924671248387
455.27342974023,296.460633395477,3.5421700682904
7.97688717810454,493.809220125583,3.49817067162201
562.067691117602,54.8688796280946,4.0386142344845
71.1434004134559,378.254951297468,3.85299538763382
233.574745667134,414.287565461618,3.88953406396499
427.666998920452,13.2427193144472,3.33983554409096
359.01827650361,295.397111971589,2.9901191462219
605.828683609358,104.219321748843,4.13698584069725
387.746378147735,233.588599967692,4.10733939943535
566.49127372972,413.151515887902,4.76484452943407
137.632493556913,282.842081778249,4.55122060187689
197.015241095782,373.69443209549,4.00192861328666
121.963979609873,407.908486124005,3.47742701968253
621.713696845989,317.650156132947,4.56744156346053
7.69376167524855,148.013701359456,4.31910616125764
542.913855459623,205.249320492743,4.30336520589701
34.5006011613861,490.363345378395,3.01671766484501
279.776010631484,19.7419567663232,3.82173476786487
537.932354584783,391.865544789745,3.53590246420796
72.9727994322851,80.1958705594247,5.20053133318162
2.92321338346548,74.3917371046491,3.52300252470304
587.438913248404,229.179914807737,4.03462833486858
438.754384237263,462.075229871553,4.80795104496466
660.387384207487,371.380165445197,3.11805770136644
107.067604109176,488.88856395903,4.42033572793587
627.286431664266,86.5017275953143,4.09632969939158
421.701517834645,257.05767305705,3.66469261489324
13.0440105135921,182.010169577306,3.28894986181461
63.6603974229605,109.982244567074,4.31934669149067
599.973105476075,194.510863106411,4.17320170287277
257.995565093235,221.085263551565,3.97233027592139
572.486073630282,428.596436383142,3.94726989227604
299.427007349606,140.524967479931,3.87586694217009
534.789879245452,460.095516084536,3.48941162475632
47.3795917238896,417.280610732992,3.98220470011783
205.443784011681,298.077860939373,3.91260545377986
554.838877140043,257.922362693022,3.86181771762833
165.726438736639,31.5506065239756,4.45233914845057
500.765161156693,353.516106668384,4.76206046998905
42.7014351607495,50.1764706068074,3.62778843075578
524.390063971176,169.866412505365,4.94616023802307
NA,NA,NA
664.542918398589,341.518933197847,3.45924671248387
455.27342974023,296.460633395477,3.5421700682904
7.97688717810454,493.809220125583,3.49817067162201
562.067691117602,54.8688796280946,4.0386142344845
71.1434004134559,378.254951297468,3.85299538763382
233.574745667134,414.287565461618,3.88953406396499
427.666998920452,13.2427193144472,3.33983554409096
359.01827650361,295.397111971589,2.9901191462219
605.828683609358,104.219321748843,4.13698584069725
387.746378147735,233.588599967692,4.10733939943535
566.49127372972,413.151515887902,4.76484452943407
137.632493556913,282.842081778249,4.55122060187689
197.015241095782,373.69443209549,4.00192861328666
121.963979609873,407.908486124005,3.47742701968253
621.713696845989,317.650156132947,4.56744156346053
7.69376167524855,148.013701359456,4.31910616125764
542.913855459623,205.249320492743,4.30336520589701
34.5006011613861,490.363345378395,3.01671766484501
279.776010631484,19.7419567663232,3.82173476786487
537.932354584783,391.865544789745,3.53590246420796
72.9727994322851,80.1958705594247,5.20053133318162
2.92321338346548,74.3917371046491,3.52300252470304
587.438913248404,229.179914807737,4.03462833486858
438.754384237263,462.075229871553,4.80795104496466
660.387384207487,371.380165445197,3.11805770136644
107.067604109176,488.88856395903,4.42033572793587
627.286431664266,86.5017275953143,4.09632969939158
421.701517834645,257.05767305705,3.66469261489324
13.0440105135921,182.010169577306,3.28894986181461
63.6603974229605,109.982244567074,4.31934669149067
599.973105476075,194.510863106411,4.17320170287277
257.995565093235,221.085263551565,3.97233027592139
572.486073630282,428.596436383142,3.94726989227604
299.427007349606,140.524967479931,3.87586694217009
534.789879245452,460.095516084536,3.48941162475632
47.3795917238896,417.280610732992,3.98220470011783
205.443784011681,298.077860939373,3.91260545377986
554.838877140043,257.922362693022,3.86181771762833
165.726438736639,31.5506065239756,4.45233914845057
500.765161156693,353.516106668384,4.76206046998905
42.7014351607495,50.1764706068074,3.62778843075578
524.390063971176,169.866412505365,4.94616023802307
NA,NA,NA
664.028875566681,334.338384174835,3.43996555908147
455.069288879743,299.116469483262,3.78208863894816
12.4209088299987,492.428921968096,3.61508336633128
560.063436490221,49.6032919158928,4.36969164288561
73.4094090939081,376.600886690494,3.93261649421293
231.39160412831,410.398953722762,3.84496645605843
428.766518089618,11.5793728205028,3.19217491052992
364.156938482654,292.301415182789,3.19968401043726
600.887520204352,104.545491172025,4.04243269780393
392.327371738808,232.809634470025,4.1985944395528
571.353394123536,407.978432431723,4.73192620656659
143.020778285152,274.196998784868,4.52545137260346
197.52920335838,364.031535548615,3.99105748453247
126.461058862654,403.924452563654,3.35106062951216
629.556251528264,316.09943643882,4.61229024640274
-2.57473059024783,145.300931289603,4.31160887465988
545.348023687129,199.399445904514,4.26644335066613
32.2229200267567,492.027308266585,3.07915702867032
279.218813696012,23.2969351793648,3.86590459147601
530.958891378349,393.86702043975,3.35223722683563
71.4954233462,75.8117707977539,5.16487772364218
4.78069230146463,75.7493248186747,3.29850624936393
588.716852565001,224.179253093824,4.06313924951745
434.126920796803,464.234732136015,4.7525663043698
656.384466641151,375.004533841528,2.90084069091701
101.626387283539,485.342794080557,4.34041006857692
625.272677154338,92.1961888625905,4.09868107668554
417.391624611398,259.560634540811,3.60935518656727
10.1177676875374,180.493065579259,3.1658257625496
72.9894852306538,95.8652694305573,4.64293797069754
616.212300771595,203.574684176313,4.45308741088909
249.037321970856,223.827254534628,3.27179797714279
567.997727299655,437.646338812766,3.90815439655753
308.849985690416,134.507101667284,3.77099661583303
531.882504906321,457.44944944579,3.62560757168854
40.9229788926006,414.652837000813,4.02386312046383
185.374258951558,293.305558149221,4.02103509706054
555.164041196259,266.008009547152,3.9307823358793
170.638372812949,3.72156053103766,4.25899091258458
504.967225999245,343.539781096523,4.94267997945229
37.413271054374,50.9117462329588,3.84655971128368
533.747001878982,154.63151996373,4.51138584075148
NA,NA,NA
664.028875566681,334.338384174835,3.43996555908147
455.069288879743,299.116469483262,3.78208863894816
12.4209088299987,492.428921968096,3.61508336633128
560.063436490221,49.6032919158928,4.36969164288561
73.4094090939081,376.600886690494,3.93261649421293
231.39160412831,410.398953722762,3.84496645605843
428.766518089618,11.5793728205028,3.19217491052992
364.156938482654,292.301415182789,3.19968401043726
600.887520204352,104.545491172025,4.04243269780393
392.327371738808,232.809634470025,4.1985944395528
571.353394123536,407.978432431723,4.73192620656659
143.020778285152,274.196998784868,4.52545137260346
197.52920335838,364.031535548615,3.99105748453247
126.461058862654,403.924452563654,3.35106062951216
629.556251528264,316.09943643882,4.61229024640274
-2.57473059024783,145.300931289603,4.31160887465988
545.348023687129,199.399445904514,4.26644335066613
32.2229200267567,492.027308266585,3.07915702867032
279.218813696012,23.2969351793648,3.86590459147601
530.958891378349,393.86702043975,3.35223722683563
71.4954233462,75.8117707977539,5.16487772364218
4.78069230146463,75.7493248186747,3.29850624936393
588.716852565001,224.179253093824,4.06313924951745
434.126920796803,464.234732136015,4.7525663043698
656.384466641151,375.004533841528,2.90084069091701
101.626387283539,485.342794080557,4.34041006857692
625.272677154338,92.1961888625905,4.09868107668554
417.391624611398,259.560634540811,3.60935518656727
10.1177676875374,180.493065579259,3.1658257625496
72.9894852306538,95.8652694305573,4.64293797069754
616.212300771595,203.574684176313,4.45308741088909
249.037321970856,223.827254534628,3.27179797714279
567.997727299655,437.646338812766,3.90815439655753
308.849985690416,134.507101667284,3.77099661583303
531.882504906321,457.44944944579,3.62560757168854
40.9229788926006,414.652837000813,4.02386312046383
185.374258951558,293.305558149221,4.02103509706054
555.164041196259,266.008009547152,3.9307823358793
170.638372812949,3.72156053103766,4.25899091258458
504.967225999245,343.539781096523,4.94267997945229
37.413271054374,50.9117462329588,3.84655971128368
533.747001878982,154.63151996373,4.51138584075148
NA,NA,NA
664.028875566681,334.338384174835,3.43996555908147
455.069288879743,299.116469483262,3.78208863894816
12.4209088299987,492.428921968096,3.61508336633128
560.063436490221,49.6032919158928,4.36969164288561
73.4094090939081,376.600886690494,3.93261649421293
231.39160412831,410.398953722762,3.84496645605843
428.766518089618,11.5793728205028,3.19217491052992
364.156938482654,292.301415182789,3.19968401043726
600.887520204352,104.545491172025,4.04243269780393
392.327371738808,232.809634470025,4.1985944395528
571.353394123536,407.978432431723,4.73192620656659
143.020778285152,274.196998784868,4.52545137260346
197.52920335838,364.031535548615,3.99105748453247
126.461058862654,403.924452563654,3.35106062951216
629.556251528264,316.09943643882,4.61229024640274
-2.57473059024783,145.300931289603,4.31160887465988
545.348023687129,199.399445904514,4.26644335066613
32.2229200267567,492.027308266585,3.07915702867032
279.218813696012,23.2969351793648,3.86590459147601
530.958891378349,393.86702043975,3.35223722683563
71.4954233462,75.8117707977539,5.16487772364218
4.78069230146463,75.7493248186747,3.29850624936393
588.716852565001,224.179253093824,4.06313924951745
434.126920796803,464.234732136015,4.7525663043698
656.384466641151,375.004533841528,2.90084069091701
101.626387283539,485.342794080557,4.34041006857692
625.272677154338,92.1961888625905,4.09868107668554
417.391624611398,259.560634540811,3.60935518656727
10.1177676875374,180.493065579259,3.1658257625496
72.9894852306538,95.8652694305573,4.64293797069754
616.212300771595,203.574684176313,4.45308741088909
249.037321970856,223.827254534628,3.27179797714279
567.997727299655,437.646338812766,3.90815439655753
308.849985690416,134.507101667284,3.77099661583303
531.882504906321,457.44944944579,3.62560757168854
40.9229788926006,414.652837000813,4.02386312046383
185.374258951558,293.305558149221,4.02103509706054
555.164041196259,266.008009547152,3.9307823358793
170.638372812949,3.72156053103766,4.25899091258458
504.967225999245,343.539781096523,4.94267997945229
37.413271054374,50.9117462329588,3.84655971128368
533.747001878982,154.63151996373,4.51138584075148
NA,NA,NA
664.028875566681,334.338384174835,3.43996555908147
455.069288879743,299.116469483262,3.78208863894816
12.4209088299987,492.428921968096,3.61508336633128
560.063436490221,49.6032919158928,4.36969164288561
73.4094090939081,376.600886690494,3.93261649421293
231.39160412831,410.398953722762,3.84496645605843
428.766518089618,11.5793728205028,3.19217491052992
364.156938482654,292.301415182789,3.19968401043726
600.887520204352,104.545491172025,4.04243269780393
392.327371738808,232.809634470025,4.1985944395528
571.353394123536,407.978432431723,4.73192620656659
143.020778285152,274.196998784868,4.52545137260346
197.52920335838,364.031535548615,3.99105748453247
126.461058862654,403.924452563654,3.35106062951216
629.556251528264,316.09943643882,4.61229024640274
-2.57473059024783,145.300931289603,4.31160887465988
545.348023687129,199.399445904514,4.26644335066613
32.2229200267567,492.027308266585,3.07915702867032
279.218813696012,23.2969351793648,3.86590459147601
530.958891378349,393.86702043975,3.35223722683563
71.4954233462,75.8117707977539,5.16487772364218
4.78069230146463,75.7493248186747,3.29850624936393
588.716852565001,224.179253093824,4.06313924951745
434.126920796803,464.234732136015,4.7525663043698
656.384466641151,375.004533841528,2.90084069091701
101.626387283539,485.342794080557,4.34041006857692
625.272677154338,92.1961888625905,4.09868107668554
417.391624611398,259.560634540811,3.60935518656727
10.1177676875374,180.493065579259,3.1658257625496
72.9894852306538,95.8652694305573,4.64293797069754
616.212300771595,203.574684176313,4.45308741088909
249.037321970856,223.827254534628,3.27179797714279
567.997727299655,437.646338812766,3.90815439655753
308.849985690416,134.507101667284,3.77099661583303
531.882504906321,457.44944944579,3.62560757168854
40.9229788926006,414.652837000813,4.02386312046383
185.374258951558,293.305558149221,4.02103509706054
555.164041196259,266.008009547152,3.9307823358793
170.638372812949,3.72156053103766,4.25899091258458
504.967225999245,343.539781096523,4.94267997945229
37.413271054374,50.9117462329588,3.84655971128368
533.747001878982,154.63151996373,4.51138584075148
NA,NA,NA
664.028875566681,334.338384174835,3.43996555908147
455.069288879743,299.116469483262,3.78208863894816
12.4209088299987,492.428921968096,3.61508336633128
560.063436490221,49.6032919158928,4.36969164288561
73.4094090939081,376.600886690494,3.93261649421293
231.39160412831,410.398953722762,3.84496645605843
428.766518089618,11.5793728205028,3.19217491052992
364.156938482654,292.301415182789,3.19968401043726
600.887520204352,104.545491172025,4.04243269780393
392.327371738808,232.809634470025,4.1985944395528
571.353394123536,407.978432431723,4.73192620656659
143.020778285152,274.196998784868,4.52545137260346
197.52920335838,364.031535548615,3.99105748453247
126.461058862654,403.924452563654,3.35106062951216
629.556251528264,316.09943643882,4.61229024640274
-2.57473059024783,145.300931289603,4.31160887465988
545.348023687129,199.399445904514,4.26644335066613
32.2229200267567,492.027308266585,3.07915702867032
279.218813696012,23.2969351793648,3.86590459147601
530.958891378349,393.86702043975,3.35223722683563
71.4954233462,75.8117707977539,5.16487772364218
4.78069230146463,75.7493248186747,3.29850624936393
588.716852565001,224.179253093824,4.06313924951745
434.126920796803,464.234732136015,4.7525663043698
656.384466641151,375.004533841528,2.90084069091701
101.626387283539,485.342794080557,4.34041006857692
625.272677154338,92.1961888625905,4.09868107668554
417.391624611398,259.560634540811,3.60935518656727
10.1177676875374,180.493065579259,3.1658257625496
72.9894852306538,95.8652694305573,4.64293797069754
616.212300771595,203.574684176313,4.45308741088909
249.037321970856,223.827254534628,3.27179797714279
567.997727299655,437.646338812766,3.90815439655753
308.849985690416,134.507101667284,3.77099661583303
531.882504906321,457.44944944579,3.62560757168854
40.9229788926006,414.652837000813,4.02386312046383
185.374258951558,293.305558149221,4.02103509706054
555.164041196259,266.008009547152,3.9307823358793
170.638372812949,3.72156053103766,4.25899091258458
504.967225999245,343.539781096523,4.94267997945229
37.413271054374,50.9117462329588,3.84655971128368
533.747001878982,154.63151996373,4.51138584075148
NA,NA,NA
664.028875566681,334.338384174835,3.43996555908147
455.069288879743,299.116469483262,3.78208863894816
12.4209088299987,492.428921968096,3.61508336633128
560.063436490221,49.6032919158928,4.36969164288561
73.4094090939081,376.600886690494,3.93261649421293
231.39160412831,410.398953722762,3.84496645605843
428.766518089618,11.5793728205028,3.19217491052992
364.156938482654,292.301415182789,3.19968401043726
600.887520204352,104.545491172025,4.04243269780393
392.327371738808,232.809634470025,4.1985944395528
571.353394123536,407.978432431723,4.73192620656659
143.020778285152,274.196998784868,4.52545137260346
197.52920335838,364.031535548615,3.99105748453247
126.461058862654,403.924452563654,3.35106062951216
629.556251528264,316.09943643882,4.61229024640274
-2.57473059024783,145.300931289603,4.31160887465988
545.348023687129,199.399445904514,4.26644335066613
32.2229200267567,492.027308266585,3.07915702867032
279.218813696012,23.2969351793648,3.86590459147601
530.958891378349,393.86702043975,3.35223722683563
71.4954233462,75.8117707977539,5.16487772364218
4.78069230146463,75.7493248186747,3.29850624936393
588.716852565001,224.179253093824,4.06313924951745
434.126920796803,464.234732136015,4.7525663043698
656.384466641151,375.004533841528,2.90084069091701
101.626387283539,485.342794080557,4.34041006857692
625.272677154338,92.1961888625905,4.09868107668554
417.391624611398,259.560634540811,3.60935518656727
10.1177676875374,180.493065579259,3.1658257625496
72.9894852306538,95.8652694305573,4.64293797069754
616.212300771595,203.574684176313,4.45308741088909
249.037321970856,223.827254534628,3.27179797714279
567.997727299655,437.646338812766,3.90815439655753
308.849985690416,134.507101667284,3.77099661583303
531.882504906321,457.44944944579,3.62560757168854
40.9229788926006,414.652837000813,4.02386312046383
185.374258951558,293.305558149221,4.02103509706054
555.164041196259,266.008009547152,3.9307823358793
170.638372812949,3.72156053103766,4.25899091258458
504.967225999245,343.539781096523,4.94267997945229
37.413271054374,50.9117462329588,3.84655971128368
533.747001878982,154.63151996373,4.51138584075148
NA,NA,NA
658.482903955143,336.394013770104,3.49025870062825
455.786298197162,299.340882456016,3.74929278276023
10.5190656405946,496.392488902116,3.80321677364495
564.889620085005,47.5856027519103,4.16230379509837
77.1954707040836,377.112099050197,4.02467609015694
227.4514157342,415.561039595093,3.87648277393701
427.867640190248,13.9855157730173,3.24041060360176
360.257855357114,292.762727174253,2.94185292997604
601.66535327865,105.883068179014,4.22579585094302
389.592877398046,228.616163391157,4.29951410625503
569.727504248196,407.979879583731,4.80040937847672
134.850258551691,281.455055505047,4.46690419611696
196.631134681591,372.763633808057,4.04397259455783
122.653460550513,412.190264287547,3.31653870004859
618.206530750874,312.250113019842,4.43093563365317
3.068331214684,153.931962958601,4.25573255541696
543.005034982442,199.388792096914,4.24842011204354
34.8796811992687,493.778783273547,2.9302869259612
279.025499260742,21.1361191606231,3.88021705818701
532.186169582371,390.73250039165,3.48201718659529
72.7268322657778,74.6070739294315,5.39523629469177
3.1882664135969,76.5441832359612,3.37791793276355
585.30410837492,233.820358381387,4.05773463866525
437.425010778354,455.968294116434,4.73105361642721
659.526979646676,373.838602249246,2.86012397643259
98.3050760290271,488.620612440124,4.39139104972873
622.082893492257,86.0574666446342,4.05683289992661
421.652990571798,256.705814070676,3.7097154768343
12.4177488459819,180.41955572126,3.31395361727379
68.6787634751892,127.349690731907,4.60929850108708
611.504934698651,198.560915188501,4.15642492957464
254.910976612653,218.65698290978,3.56266375085377
574.897890576935,450.691648060658,3.80869314721755
301.150948528001,132.999551468339,3.85657086520296
534.158204957239,462.942821695333,3.5845412630787
43.073214590032,430.57935644929,3.8672289870993
191.913826293122,289.548524295396,4.60653490669669
548.131859658673,260.514746016535,4.13142222369991
172.71750560882,27.1431271353641,4.36302702165771
490.319487973653,342.958510095496,4.8033732154142
35.4345462424782,63.0343340250572,3.95178728709743
533.736514615265,149.200457044184,4.42988060226245
NA,NA,NA
658.482903955143,336.394013770104,3.49025870062825
455.786298197162,299.340882456016,3.74929278276023
10.5190656405946,496.392488902116,3.80321677364495
564.889620085005,47.5856027519103,4.16230379509837
77.1954707040836,377.112099050197,4.02467609015694
227.4514157342,415.561039595093,3.87648277393701
427.867640190248,13.9855157730173,3.24041060360176
360.257855357114,292.762727174253,2.94185292997604
601.66535327865,105.883068179014,4.22579585094302
389.592877398046,228.616163391157,4.29951410625503
569.727504248196,407.979879583731,4.80040937847672
134.850258551691,281.455055505047,4.46690419611696
196.631134681591,372.763633808057,4.04397259455783
122.653460550513,412.190264287547,3.31653870004859
618.206530750874,312.250113019842,4.43093563365317
3.068331214684,153.931962958601,4.25573255541696
543.005034982442,199.388792096914,4.24842011204354
34.8796811992687,493.778783273547,2.9302869259612
279.025499260742,21.1361191606231,3.88021705818701
532.186169582371,390.73250039165,3.48201718659529
72.7268322657778,74.6070739294315,5.39523629469177
3.1882664135969,76.5441832359612,3.37791793276355
585.30410837492,233.820358381387,4.05773463866525
437.425010778354,455.968294116434,4.73105361642721
659.526979646676,373.838602249246,2.86012397643259
98.3050760290271,488.620612440124,4.39139104972873
622.082893492257,86.0574666446342,4.05683289992661
421.652990571798,256.705814070676,3.7097154768343
12.4177488459819,180.41955572126,3.31395361727379
68.6787634751892,127.349690731907,4.60929850108708
611.504934698651,198.560915188501,4.15642492957464
254.910976612653,218.65698290978,3.56266375085377
574.897890576935,450.691648060658,3.80869314721755
301.150948528001,132.999551468339,3.85657086520296
534.158204957239,462.942821695333,3.5845412630787
43.073214590032,430.57935644929,3.8672289870993
191.913826293122,289.548524295396,4.60653490669669
548.131859658673,260.514746016535,4.13142222369991
172.71750560882,27.1431271353641,4.36302702165771
490.319487973653,342.958510095496,4.8033732154142
35.4345462424782,63.0343340250572,3.95178728709743
533.736514615265,149.200457044184,4.42988060226245
NA,NA,NA
658.482903955143,336.394013770104,3.49025870062825
455.786298197162,299.340882456016,3.74929278276023
10.5190656405946,496.392488902116,3.80321677364495
564.889620085005,47.5856027519103,4.16230379509837
77.1954707040836,377.112099050197,4.02467609015694
227.4514157342,415.561039595093,3.87648277393701
427.867640190248,13.9855157730173,3.24041060360176
360.257855357114,292.762727174253,2.94185292997604
601.66535327865,105.883068179014,4.22579585094302
389.592877398046,228.616163391157,4.29951410625503
569.727504248196,407.979879583731,4.80040937847672
134.850258551691,281.455055505047,4.46690419611696
196.631134681591,372.763633808057,4.04397259455783
122.653460550513,412.190264287547,3.31653870004859
618.206530750874,312.250113019842,4.43093563365317
3.068331214684,153.931962958601,4.25573255541696
543.005034982442,199.388792096914,4.24842011204354
34.8796811992687,493.778783273547,2.9302869259612
279.025499260742,21.1361191606231,3.88021705818701
532.186169582371,390.73250039165,3.48201718659529
72.7268322657778,74.6070739294315,5.39523629469177
3.1882664135969,76.5441832359612,3.37791793276355
585.30410837492,233.820358381387,4.05773463866525
437.425010778354,455.968294116434,4.73105361642721
659.526979646676,373.838602249246,2.86012397643259
98.3050760290271,488.620612440124,4.39139104972873
622.082893492257,86.0574666446342,4.05683289992661
421.652990571798,256.705814070676,3.7097154768343
12.4177488459819,180.41955572126,3.31395361727379
68.6787634751892,127.349690731907,4.60929850108708
611.504934698651,198.560915188501,4.15642492957464
254.910976612653,218.65698290978,3.56266375085377
574.897890576935,450.691648060658,3.80869314721755
301.150948528001,132.999551468339,3.85657086520296
534.158204957239,462.942821695333,3.5845412630787
43.073214590032,430.57935644929,3.8672289870993
191.913826293122,289.548524295396,4.60653490669669
548.131859658673,260.514746016535,4.13142222369991
172.71750560882,27.1431271353641,4.36302702165771
490.319487973653,342.958510095496,4.8033732154142
35.4345462424782,63.0343340250572,3.95178728709743
533.736514615265,149.200457044184,4.42988060226245
NA,NA,NA
658.482903955143,336.394013770104,3.49025870062825
455.786298197162,299.340882456016,3.74929278276023
10.5190656405946,496.392488902116,3.80321677364495
564.889620085005,47.5856027519103,4.16230379509837
77.1954707040836,377.112099050197,4.02467609015694
227.4514157342,415.561039595093,3.87648277393701
427.867640190248,13.9855157730173,3.24041060360176
360.257855357114,292.762727174253,2.94185292997604
601.66535327865,105.883068179014,4.22579585094302
389.592877398046,228.616163391157,4.29951410625503
569.727504248196,407.979879583731,4.80040937847672
134.850258551691,281.455055505047,4.46690419611696
196.631134681591,372.763633808057,4.04397259455783
122.653460550513,412.190264287547,3.31653870004859
618.206530750874,312.250113019842,4.43093563365317
3.068331214684,153.931962958601,4.25573255541696
543.005034982442,199.388792096914,4.24842011204354
34.8796811992687,493.778783273547,2.9302869259612
279.025499260742,21.1361191606231,3.88021705818701
532.186169582371,390.73250039165,3.48201718659529
72.7268322657778,74.6070739294315,5.39523629469177
3.1882664135969,76.5441832359612,3.37791793276355
585.30410837492,233.820358381387,4.05773463866525
437.425010778354,455.968294116434,4.73105361642721
659.526979646676,373.838602249246,2.86012397643259
98.3050760290271,488.620612440124,4.39139104972873
622.082893492257,86.0574666446342,4.05683289992661
421.652990571798,256.705814070676,3.7097154768343
12.4177488459819,180.41955572126,3.31395361727379
68.6787634751892,127.349690731907,4.60929850108708
611.504934698651,198.560915188501,4.15642492957464
254.910976612653,218.65698290978,3.56266375085377
574.897890576935,450.691648060658,3.80869314721755
301.150948528001,132.999551468339,3.85657086520296
534.158204957239,462.942821695333,3.5845412630787
43.073214590032,430.57935644929,3.8672289870993
191.913826293122,289.548524295396,4.60653490669669
548.131859658673,260.514746016535,4.13142222369991
172.71750560882,27.1431271353641,4.36302702165771
490.319487973653,342.958510095496,4.8033732154142
35.4345462424782,63.0343340250572,3.95178728709743
533.736514615265,149.200457044184,4.42988060226245
NA,NA,NA
658.482903955143,336.394013770104,3.49025870062825
455.786298197162,299.340882456016,3.74929278276023
10.5190656405946,496.392488902116,3.80321677364495
564.889620085005,47.5856027519103,4.16230379509837
77.1954707040836,377.112099050197,4.02467609015694
227.4514157342,415.561039595093,3.87648277393701
427.867640190248,13.9855157730173,3.24041060360176
360.257855357114,292.762727174253,2.94185292997604
601.66535327865,105.883068179014,4.22579585094302
389.592877398046,228.616163391157,4.29951410625503
569.727504248196,407.979879583731,4.80040937847672
134.850258551691,281.455055505047,4.46690419611696
196.631134681591,372.763633808057,4.04397259455783
122.653460550513,412.190264287547,3.31653870004859
618.206530750874,312.250113019842,4.43093563365317
3.068331214684,153.931962958601,4.25573255541696
543.005034982442,199.388792096914,4.24842011204354
34.8796811992687,493.778783273547,2.9302869259612
279.025499260742,21.1361191606231,3.88021705818701
532.186169582371,390.73250039165,3.48201718659529
72.7268322657778,74.6070739294315,5.39523629469177
3.1882664135969,76.5441832359612,3.37791793276355
585.30410837492,233.820358381387,4.05773463866525
437.425010778354,455.968294116434,4.73105361642721
659.526979646676,373.838602249246,2.86012397643259
98.3050760290271,488.620612440124,4.39139104972873
622.082893492257,86.0574666446342,4.05683289992661
421.652990571798,256.705814070676,3.7097154768343
12.4177488459819,180.41955572126,3.31395361727379
68.6787634751892,127.349690731907,4.60929850108708
611.504934698651,198.560915188501,4.15642492957464
254.910976612653,218.65698290978,3.56266375085377
574.897890576935,450.691648060658,3.80869314721755
301.150948528001,132.999551468339,3.85657086520296
534.158204957239,462.942821695333,3.5845412630787
43.073214590032,430.57935644929,3.8672289870993
191.913826293122,289.548524295396,4.60653490669669
548.131859658673,260.514746016535,4.13142222369991
172.71750560882,27.1431271353641,4.36302702165771
490.319487973653,342.958510095496,4.8033732154142
35.4345462424782,63.0343340250572,3.95178728709743
533.736514615265,149.200457044184,4.42988060226245
NA,NA,NA
658.482903955143,336.394013770104,3.49025870062825
455.786298197162,299.340882456016,3.74929278276023
10.5190656405946,496.392488902116,3.80321677364495
564.889620085005,47.5856027519103,4.16230379509837
77.1954707040836,377.112099050197,4.02467609015694
227.4514157342,415.561039595093,3.87648277393701
427.867640190248,13.9855157730173,3.24041060360176
360.257855357114,292.762727174253,2.94185292997604
601.66535327865,105.883068179014,4.22579585094302
389.592877398046,228.616163391157,4.29951410625503
569.727504248196,407.979879583731,4.80040937847672
134.850258551691,281.455055505047,4.46690419611696
196.631134681591,372.763633808057,4.04397259455783
122.653460550513,412.190264287547,3.31653870004859
618.206530750874,312.250113019842,4.43093563365317
3.068331214684,153.931962958601,4.25573255541696
543.005034982442,199.388792096914,4.24842011204354
34.8796811992687,493.778783273547,2.9302869259612
279.025499260742,21.1361191606231,3.88021705818701
532.186169582371,390.73250039165,3.48201718659529
72.7268322657778,74.6070739294315,5.39523629469177
3.1882664135969,76.5441832359612,3.37791793276355
585.30410837492,233.820358381387,4.05773463866525
437.425010778354,455.968294116434,4.73105361642721
659.526979646676,373.838602249246,2.86012397643259
98.3050760290271,488.620612440124,4.39139104972873
622.082893492257,86.0574666446342,4.05683289992661
421.652990571798,256.705814070676,3.7097154768343
12.4177488459819,180.41955572126,3.31395361727379
68.6787634751892,127.349690731907,4.60929850108708
611.504934698651,198.560915188501,4.15642492957464
254.910976612653,218.65698290978,3.56266375085377
574.897890576935,450.691648060658,3.80869314721755
301.150948528001,132.999551468339,3.85657086520296
534.158204957239,462.942821695333,3.5845412630787
43.073214590032,430.57935644929,3.8672289870993
191.913826293122,289.548524295396,4.60653490669669
548.131859658673,260.514746016535,4.13142222369991
172.71750560882,27.1431271353641,4.36302702165771
490.319487973653,342.958510095496,4.8033732154142
35.4345462424782,63.0343340250572,3.95178728709743
533.736514615265,149.200457044184,4.42988060226245
NA,NA,NA
661.950803934172,335.641519319066,3.46343225785136
452.822320259083,299.011066302116,3.72389164520747
11.4993764413225,498.818516747432,3.71858339106529
557.664037743376,57.4780527692454,4.03726055966625
72.3197974961564,376.095107421002,4.06143922214844
226.951025308087,419.992190901797,3.78448453192434
423.838774285481,10.2522000376101,3.34460108368041
359.849289765228,293.043518872643,3.16118706457611
603.176794830708,102.22637908692,4.2020809914895
388.379154123265,228.11217005908,4.21603270213536
562.756275568796,412.969195607272,4.70799018965187
137.91036328446,272.397970874155,4.35217024654412
200.967255200261,370.612124990036,4.03098525230169
126.038516838601,412.715706783776,3.53588063413465
624.226544227275,313.101971610583,4.50523340876299
2.45235894747133,145.164409749745,4.33777126869087
549.303558630318,203.510300709545,4.11334014191717
34.3684208155203,490.951571812222,3.0778927354342
281.567705352022,23.1684212350883,4.03380013918762
534.829155160013,391.064825197141,3.25233643882671
81.6618565503409,77.2406891722963,5.17499130549465
3.90984114408881,80.116085854444,3.25067090277462
591.68220281042,223.924906906788,4.06590788867254
445.775219628414,459.962760433749,4.82897065627249
658.374839948433,372.510470711448,3.00679421875097
104.912917692467,487.056604269864,4.34889596630633
624.992313594645,89.0736136279558,4.10347662277813
418.131445003993,255.875399962296,3.6633876045478
12.207694008535,180.199998596546,3.13910499817345
80.755458681322,115.16843403305,4.52345863215838
604.125200918468,206.725451833648,4.4506556136495
254.968003914356,211.378557069192,3.68400798352842
574.679119932137,440.373453211373,3.89367109156425
298.946963221516,138.277275210657,3.83702229679308
530.589691264989,453.425975863557,3.60015180150709
48.5548645545118,421.397476340323,3.53878831002887
195.821139013035,283.689071853597,4.05642783299793
548.9414716024,258.40806257938,3.50873164633338
197.276675894467,25.0077170464331,4.24633726150905
496.565391410125,354.511882530834,4.43961653898744
31.8455439009385,58.5026726172494,4.0065545348323
532.808944566577,150.798182655553,4.83391963075661
NA,NA,NA
661.950803934172,335.641519319066,3.46343225785136
452.822320259083,299.011066302116,3.72389164520747
11.4993764413225,498.818516747432,3.71858339106529
557.664037743376,57.4780527692454,4.03726055966625
72.3197974961564,376.095107421002,4.06143922214844
226.951025308087,419.992190901797,3.78448453192434
423.838774285481,10.2522000376101,3.34460108368041
359.849289765228,293.043518872643,3.16118706457611
603.176794830708,102.22637908692,4.2020809914895
388.379154123265,228.11217005908,4.21603270213536
562.756275568796,412.969195607272,4.70799018965187
137.91036328446,272.397970874155,4.35217024654412
200.967255200261,370.612124990036,4.03098525230169
126.038516838601,412.715706783776,3.53588063413465
624.226544227275,313.101971610583,4.50523340876299
2.45235894747133,145.164409749745,4.33777126869087
549.303558630318,203.510300709545,4.11334014191717
34.3684208155203,490.951571812222,3.0778927354342
281.567705352022,23.1684212350883,4.03380013918762
534.829155160013,391.064825197141,3.25233643882671
81.6618565503409,77.2406891722963,5.17499130549465
3.90984114408881,80.116085854444,3.25067090277462
591.68220281042,223.924906906788,4.06590788867254
445.775219628414,459.962760433749,4.82897065627249
658.374839948433,372.510470711448,3.00679421875097
104.912917692467,487.056604269864,4.34889596630633
624.992313594645,89.0736136279558,4.10347662277813
418.131445003993,255.875399962296,3.6633876045478
12.207694008535,180.199998596546,3.13910499817345
80.755458681322,115.16843403305,4.52345863215838
604.125200918468,206.725451833648,4.4506556136495
254.968003914356,211.378557069192,3.68400798352842
574.679119932137,440.373453211373,3.89367109156425
298.946963221516,138.277275210657,3.83702229679308
530.589691264989,453.425975863557,3.60015180150709
48.5548645545118,421.397476340323,3.53878831002887
195.821139013035,283.689071853597,4.05642783299793
548.9414716024,258.40806257938,3.50873164633338
197.276675894467,25.0077170464331,4.24633726150905
496.565391410125,354.511882530834,4.43961653898744
31.8455439009385,58.5026726172494,4.0065545348323
532.808944566577,150.798182655553,4.83391963075661
NA,NA,NA
661.950803934172,335.641519319066,3.46343225785136
452.822320259083,299.011066302116,3.72389164520747
11.4993764413225,498.818516747432,3.71858339106529
557.664037743376,57.4780527692454,4.03726055966625
72.3197974961564,376.095107421002,4.06143922214844
226.951025308087,419.992190901797,3.78448453192434
423.838774285481,10.2522000376101,3.34460108368041
359.849289765228,293.043518872643,3.16118706457611
603.176794830708,102.22637908692,4.2020809914895
388.379154123265,228.11217005908,4.21603270213536
562.756275568796,412.969195607272,4.70799018965187
137.91036328446,272.397970874155,4.35217024654412
200.967255200261,370.612124990036,4.03098525230169
126.038516838601,412.715706783776,3.53588063413465
624.226544227275,313.101971610583,4.50523340876299
2.45235894747133,145.164409749745,4.33777126869087
549.303558630318,203.510300709545,4.11334014191717
34.3684208155203,490.951571812222,3.0778927354342
281.567705352022,23.1684212350883,4.03380013918762
534.829155160013,391.064825197141,3.25233643882671
81.6618565503409,77.2406891722963,5.17499130549465
3.90984114408881,80.116085854444,3.25067090277462
591.68220281042,223.924906906788,4.06590788867254
445.775219628414,459.962760433749,4.82897065627249
658.374839948433,372.510470711448,3.00679421875097
104.912917692467,487.056604269864,4.34889596630633
624.992313594645,89.0736136279558,4.10347662277813
418.131445003993,255.875399962296,3.6633876045478
12.207694008535,180.199998596546,3.13910499817345
80.755458681322,115.16843403305,4.52345863215838
604.125200918468,206.725451833648,4.4506556136495
254.968003914356,211.378557069192,3.68400798352842
574.679119932137,440.373453211373,3.89367109156425
298.946963221516,138.277275210657,3.83702229679308
530.589691264989,453.425975863557,3.60015180150709
48.5548645545118,421.397476340323,3.53878831002887
195.821139013035,283.689071853597,4.05642783299793
548.9414716024,258.40806257938,3.50873164633338
197.276675894467,25.0077170464331,4.24633726150905
496.565391410125,354.511882530834,4.43961653898744
31.8455439009385,58.5026726172494,4.0065545348323
532.808944566577,150.798182655553,4.83391963075661
NA,NA,NA
661.950803934172,335.641519319066,3.46343225785136
452.822320259083,299.011066302116,3.72389164520747
11.4993764413225,498.818516747432,3.71858339106529
557.664037743376,57.4780527692454,4.03726055966625
72.3197974961564,376.095107421002,4.06143922214844
226.951025308087,419.992190901797,3.78448453192434
423.838774285481,10.2522000376101,3.34460108368041
359.849289765228,293.043518872643,3.16118706457611
603.176794830708,102.22637908692,4.2020809914895
388.379154123265,228.11217005908,4.21603270213536
562.756275568796,412.969195607272,4.70799018965187
137.91036328446,272.397970874155,4.35217024654412
200.967255200261,370.612124990036,4.03098525230169
126.038516838601,412.715706783776,3.53588063413465
624.226544227275,313.101971610583,4.50523340876299
2.45235894747133,145.164409749745,4.33777126869087
549.303558630318,203.510300709545,4.11334014191717
34.3684208155203,490.951571812222,3.0778927354342
281.567705352022,23.1684212350883,4.03380013918762
534.829155160013,391.064825197141,3.25233643882671
81.6618565503409,77.2406891722963,5.17499130549465
3.90984114408881,80.116085854444,3.25067090277462
591.68220281042,223.924906906788,4.06590788867254
445.775219628414,459.962760433749,4.82897065627249
658.374839948433,372.510470711448,3.00679421875097
104.912917692467,487.056604269864,4.34889596630633
624.992313594645,89.0736136279558,4.10347662277813
418.131445003993,255.875399962296,3.6633876045478
12.207694008535,180.199998596546,3.13910499817345
80.755458681322,115.16843403305,4.52345863215838
604.125200918468,206.725451833648,4.4506556136495
254.968003914356,211.378557069192,3.68400798352842
574.679119932137,440.373453211373,3.89367109156425
298.946963221516,138.277275210657,3.83702229679308
530.589691264989,453.425975863557,3.60015180150709
48.5548645545118,421.397476340323,3.53878831002887
195.821139013035,283.689071853597,4.05642783299793
548.9414716024,258.40806257938,3.50873164633338
197.276675894467,25.0077170464331,4.24633726150905
496.565391410125,354.511882530834,4.43961653898744
31.8455439009385,58.5026726172494,4.0065545348323
532.808944566577,150.798182655553,4.83391963075661
NA,NA,NA
661.950803934172,335.641519319066,3.46343225785136
452.822320259083,299.011066302116,3.72389164520747
11.4993764413225,498.818516747432,3.71858339106529
557.664037743376,57.4780527692454,4.03726055966625
72.3197974961564,376.095107421002,4.06143922214844
226.951025308087,419.992190901797,3.78448453192434
423.838774285481,10.2522000376101,3.34460108368041
359.849289765228,293.043518872643,3.16118706457611
603.176794830708,102.22637908692,4.2020809914895
388.379154123265,228.11217005908,4.21603270213536
562.756275568796,412.969195607272,4.70799018965187
137.91036328446,272.397970874155,4.35217024654412
200.967255200261,370.612124990036,4.03098525230169
126.038516838601,412.715706783776,3.53588063413465
624.226544227275,313.101971610583,4.50523340876299
2.45235894747133,145.164409749745,4.33777126869087
549.303558630318,203.510300709545,4.11334014191717
34.3684208155203,490.951571812222,3.0778927354342
281.567705352022,23.1684212350883,4.03380013918762
534.829155160013,391.064825197141,3.25233643882671
81.6618565503409,77.2406891722963,5.17499130549465
3.90984114408881,80.116085854444,3.25067090277462
591.68220281042,223.924906906788,4.06590788867254
445.775219628414,459.962760433749,4.82897065627249
658.374839948433,372.510470711448,3.00679421875097
104.912917692467,487.056604269864,4.34889596630633
624.992313594645,89.0736136279558,4.10347662277813
418.131445003993,255.875399962296,3.6633876045478
12.207694008535,180.199998596546,3.13910499817345
80.755458681322,115.16843403305,4.52345863215838
604.125200918468,206.725451833648,4.4506556136495
254.968003914356,211.378557069192,3.68400798352842
574.679119932137,440.373453211373,3.89367109156425
298.946963221516,138.277275210657,3.83702229679308
530.589691264989,453.425975863557,3.60015180150709
48.5548645545118,421.397476340323,3.53878831002887
195.821139013035,283.689071853597,4.05642783299793
548.9414716024,258.40806257938,3.50873164633338
197.276675894467,25.0077170464331,4.24633726150905
496.565391410125,354.511882530834,4.43961653898744
31.8455439009385,58.5026726172494,4.0065545348323
532.808944566577,150.798182655553,4.83391963075661
NA,NA,NA
661.950803934172,335.641519319066,3.46343225785136
452.822320259083,299.011066302116,3.72389164520747
11.4993764413225,498.818516747432,3.71858339106529
557.664037743376,57.4780527692454,4.03726055966625
72.3197974961564,376.095107421002,4.06143922214844
226.951025308087,419.992190901797,3.78448453192434
423.838774285481,10.2522000376101,3.34460108368041
359.849289765228,293.043518872643,3.16118706457611
603.176794830708,102.22637908692,4.2020809914895
388.379154123265,228.11217005908,4.21603270213536
562.756275568796,412.969195607272,4.70799018965187
137.91036328446,272.397970874155,4.35217024654412
200.967255200261,370.612124990036,4.03098525230169
126.038516838601,412.715706783776,3.53588063413465
624.226544227275,313.101971610583,4.50523340876299
2.45235894747133,145.164409749745,4.33777126869087
549.303558630318,203.510300709545,4.11334014191717
34.3684208155203,490.951571812222,3.0778927354342
281.567705352022,23.1684212350883,4.03380013918762
534.829155160013,391.064825197141,3.25233643882671
81.6618565503409,77.2406891722963,5.17499130549465
3.90984114408881,80.116085854444,3.25067090277462
591.68220281042,223.924906906788,4.06590788867254
445.775219628414,459.962760433749,4.82897065627249
658.374839948433,372.510470711448,3.00679421875097
104.912917692467,487.056604269864,4.34889596630633
624.992313594645,89.0736136279558,4.10347662277813
418.131445003993,255.875399962296,3.6633876045478
12.207694008535,180.199998596546,3.13910499817345
80.755458681322,115.16843403305,4.52345863215838
604.125200918468,206.725451833648,4.4506556136495
254.968003914356,211.378557069192,3.68400798352842
574.679119932137,440.373453211373,3.89367109156425
298.946963221516,138.277275210657,3.83702229679308
530.589691264989,453.425975863557,3.60015180150709
48.5548645545118,421.397476340323,3.53878831002887
195.821139013035,283.689071853597,4.05642783299793
548.9414716024,258.40806257938,3.50873164633338
197.276675894467,25.0077170464331,4.24633726150905
496.565391410125,354.511882530834,4.43961653898744
31.8455439009385,58.5026726172494,4.0065545348323
532.808944566577,150.798182655553,4.83391963075661
NA,NA,NA
660.769998851958,334.105250364521,3.46066044616908
456.677625282646,301.68329590283,3.57338223981418
11.8118466908927,494.152646042075,3.61218442910432
558.487689370146,53.4152344946231,4.22777271430039
70.9580027652502,375.603608892547,3.95730680683247
230.131768546678,414.333453823986,3.9034367398562
425.9550462458,10.0577314044487,3.26175406284364
360.562087877566,292.754311961573,2.93355327421037
603.248988589355,103.16131187262,4.14207473697864
392.364676150179,232.021979249465,4.14712245351627
565.301672576031,411.785007091634,4.68601243545898
140.108593059688,286.942060551685,4.46561942610502
198.377426446833,370.011441809131,4.07839460006279
120.143414242299,411.554813723797,3.42190338652448
627.130269358131,315.068458609551,4.53678413946492
-0.548735831631688,147.11766408692,4.24080493040725
543.721763464303,201.166560203961,3.98596131682764
32.9850013435662,489.802003801051,2.93908146325432
278.541990625505,21.8688771450369,3.99526043826436
530.180386950842,392.375106923109,3.42693788476443
75.6968832632208,76.9050140554324,5.15585868291753
6.22930822678007,77.1641935548485,3.31938954705047
589.54995691899,226.50849527669,4.00756432024846
443.789040922614,462.534372575059,4.86911744107486
659.378299633209,373.881593324862,3.16874353363698
109.44506324751,485.888448137471,4.28974417998591
621.389472105354,93.4961482195665,4.06785056888225
423.377778445045,258.3218604372,3.59017915060733
11.7107862524485,180.488409043557,3.2292738386056
70.1627342146893,118.119952541221,4.40298228904942
617.641489062466,193.201854345352,4.08201092174079
266.033214882806,216.508597854373,4.10291856563608
563.439372203088,441.640208272866,4.03770609159728
300.209423373217,140.731130165958,3.81340795316184
528.20172222822,457.108246612077,3.69499472945833
45.889301016177,409.634593754859,3.84280339570045
204.480017538718,291.969448424471,3.89895011183856
553.77290847129,268.243620484983,3.65111201954391
168.820795103758,17.7231274923853,4.13417761064967
499.265513047753,344.706432465887,4.41114476479145
38.8764190935595,46.2830781106508,3.92898107380222
534.153333112272,140.811685275882,4.7507782457971
NA,NA,NA
660.769998851958,334.105250364521,3.46066044616908
456.677625282646,301.68329590283,3.57338223981418
11.8118466908927,494.152646042075,3.61218442910432
558.487689370146,53.4152344946231,4.22777271430039
70.9580027652502,375.603608892547,3.95730680683247
230.131768546678,414.333453823986,3.9034367398562
425.9550462458,10.0577314044487,3.26175406284364
360.562087877566,292.754311961573,2.93355327421037
603.248988589355,103.16131187262,4.14207473697864
392.364676150179,232.021979249465,4.14712245351627
565.301672576031,411.785007091634,4.68601243545898
140.108593059688,286.942060551685,4.46561942610502
198.377426446833,370.011441809131,4.07839460006279
120.143414242299,411.554813723797,3.42190338652448
627.130269358131,315.068458609551,4.53678413946492
-0.548735831631688,147.11766408692,4.24080493040725
543.721763464303,201.166560203961,3.98596131682764
32.9850013435662,489.802003801051,2.93908146325432
278.541990625505,21.8688771450369,3.99526043826436
530.180386950842,392.375106923109,3.42693788476443
75.6968832632208,76.9050140554324,5.15585868291753
6.22930822678007,77.1641935548485,3.31938954705047
589.54995691899,226.50849527669,4.00756432024846
443.789040922614,462.534372575059,4.86911744107486
659.378299633209,373.881593324862,3.16874353363698
109.44506324751,485.888448137471,4.28974417998591
621.389472105354,93.4961482195665,4.06785056888225
423.377778445045,258.3218604372,3.59017915060733
11.7107862524485,180.488409043557,3.2292738386056
70.1627342146893,118.119952541221,4.40298228904942
617.641489062466,193.201854345352,4.08201092174079
266.033214882806,216.508597854373,4.10291856563608
563.439372203088,441.640208272866,4.03770609159728
300.209423373217,140.731130165958,3.81340795316184
528.20172222822,457.108246612077,3.69499472945833
45.889301016177,409.634593754859,3.84280339570045
204.480017538718,291.969448424471,3.89895011183856
553.77290847129,268.243620484983,3.65111201954391
168.820795103758,17.7231274923853,4.13417761064967
499.265513047753,344.706432465887,4.41114476479145
38.8764190935595,46.2830781106508,3.92898107380222
534.153333112272,140.811685275882,4.7507782457971
NA,NA,NA
660.769998851958,334.105250364521,3.46066044616908
456.677625282646,301.68329590283,3.57338223981418
11.8118466908927,494.152646042075,3.61218442910432
558.487689370146,53.4152344946231,4.22777271430039
70.9580027652502,375.603608892547,3.95730680683247
230.131768546678,414.333453823986,3.9034367398562
425.9550462458,10.0577314044487,3.26175406284364
360.562087877566,292.754311961573,2.93355327421037
603.248988589355,103.16131187262,4.14207473697864
392.364676150179,232.021979249465,4.14712245351627
565.301672576031,411.785007091634,4.68601243545898
140.108593059688,286.942060551685,4.46561942610502
198.377426446833,370.011441809131,4.07839460006279
120.143414242299,411.554813723797,3.42190338652448
627.130269358131,315.068458609551,4.53678413946492
-0.548735831631688,147.11766408692,4.24080493040725
543.721763464303,201.166560203961,3.98596131682764
32.9850013435662,489.802003801051,2.93908146325432
278.541990625505,21.8688771450369,3.99526043826436
530.180386950842,392.375106923109,3.42693788476443
75.6968832632208,76.9050140554324,5.15585868291753
6.22930822678007,77.1641935548485,3.31938954705047
589.54995691899,226.50849527669,4.00756432024846
443.789040922614,462.534372575059,4.86911744107486
659.378299633209,373.881593324862,3.16874353363698
109.44506324751,485.888448137471,4.28974417998591
621.389472105354,93.4961482195665,4.06785056888225
423.377778445045,258.3218604372,3.59017915060733
11.7107862524485,180.488409043557,3.2292738386056
70.1627342146893,118.119952541221,4.40298228904942
617.641489062466,193.201854345352,4.08201092174079
266.033214882806,216.508597854373,4.10291856563608
563.439372203088,441.640208272866,4.03770609159728
300.209423373217,140.731130165958,3.81340795316184
528.20172222822,457.108246612077,3.69499472945833
45.889301016177,409.634593754859,3.84280339570045
204.480017538718,291.969448424471,3.89895011183856
553.77290847129,268.243620484983,3.65111201954391
168.820795103758,17.7231274923853,4.13417761064967
499.265513047753,344.706432465887,4.41114476479145
38.8764190935595,46.2830781106508,3.92898107380222
534.153333112272,140.811685275882,4.7507782457971
NA,NA,NA
660.769998851958,334.105250364521,3.46066044616908
456.677625282646,301.68329590283,3.57338223981418
11.8118466908927,494.152646042075,3.61218442910432
558.487689370146,53.4152344946231,4.22777271430039
70.9580027652502,375.603608892547,3.95730680683247
230.131768546678,414.333453823986,3.9034367398562
425.9550462458,10.0577314044487,3.26175406284364
360.562087877566,292.754311961573,2.93355327421037
603.248988589355,103.16131187262,4.14207473697864
392.364676150179,232.021979249465,4.14712245351627
565.301672576031,411.785007091634,4.68601243545898
140.108593059688,286.942060551685,4.46561942610502
198.377426446833,370.011441809131,4.07839460006279
120.143414242299,411.554813723797,3.42190338652448
627.130269358131,315.068458609551,4.53678413946492
-0.548735831631688,147.11766408692,4.24080493040725
543.721763464303,201.166560203961,3.98596131682764
32.9850013435662,489.802003801051,2.93908146325432
278.541990625505,21.8688771450369,3.99526043826436
530.180386950842,392.375106923109,3.42693788476443
75.6968832632208,76.9050140554324,5.15585868291753
6.22930822678007,77.1641935548485,3.31938954705047
589.54995691899,226.50849527669,4.00756432024846
443.789040922614,462.534372575059,4.86911744107486
659.378299633209,373.881593324862,3.16874353363698
109.44506324751,485.888448137471,4.28974417998591
621.389472105354,93.4961482195665,4.06785056888225
423.377778445045,258.3218604372,3.59017915060733
11.7107862524485,180.488409043557,3.2292738386056
70.1627342146893,118.119952541221,4.40298228904942
617.641489062466,193.201854345352,4.08201092174079
266.033214882806,216.508597854373,4.10291856563608
563.439372203088,441.640208272866,4.03770609159728
300.209423373217,140.731130165958,3.81340795316184
528.20172222822,457.108246612077,3.69499472945833
45.889301016177,409.634593754859,3.84280339570045
204.480017538718,291.969448424471,3.89895011183856
553.77290847129,268.243620484983,3.65111201954391
168.820795103758,17.7231274923853,4.13417761064967
499.265513047753,344.706432465887,4.41114476479145
38.8764190935595,46.2830781106508,3.92898107380222
534.153333112272,140.811685275882,4.7507782457971
NA,NA,NA
660.769998851958,334.105250364521,3.46066044616908
456.677625282646,301.68329590283,3.57338223981418
11.8118466908927,494.152646042075,3.61218442910432
558.487689370146,53.4152344946231,4.22777271430039
70.9580027652502,375.603608892547,3.95730680683247
230.131768546678,414.333453823986,3.9034367398562
425.9550462458,10.0577314044487,3.26175406284364
360.562087877566,292.754311961573,2.93355327421037
603.248988589355,103.16131187262,4.14207473697864
392.364676150179,232.021979249465,4.14712245351627
565.301672576031,411.785007091634,4.68601243545898
140.108593059688,286.942060551685,4.46561942610502
198.377426446833,370.011441809131,4.07839460006279
120.143414242299,411.554813723797,3.42190338652448
627.130269358131,315.068458609551,4.53678413946492
-0.548735831631688,147.11766408692,4.24080493040725
543.721763464303,201.166560203961,3.98596131682764
32.9850013435662,489.802003801051,2.93908146325432
278.541990625505,21.8688771450369,3.99526043826436
530.180386950842,392.375106923109,3.42693788476443
75.6968832632208,76.9050140554324,5.15585868291753
6.22930822678007,77.1641935548485,3.31938954705047
589.54995691899,226.50849527669,4.00756432024846
443.789040922614,462.534372575059,4.86911744107486
659.378299633209,373.881593324862,3.16874353363698
109.44506324751,485.888448137471,4.28974417998591
621.389472105354,93.4961482195665,4.06785056888225
423.377778445045,258.3218604372,3.59017915060733
11.7107862524485,180.488409043557,3.2292738386056
70.1627342146893,118.119952541221,4.40298228904942
617.641489062466,193.201854345352,4.08201092174079
266.033214882806,216.508597854373,4.10291856563608
563.439372203088,441.640208272866,4.03770609159728
300.209423373217,140.731130165958,3.81340795316184
528.20172222822,457.108246612077,3.69499472945833
45.889301016177,409.634593754859,3.84280339570045
204.480017538718,291.969448424471,3.89895011183856
553.77290847129,268.243620484983,3.65111201954391
168.820795103758,17.7231274923853,4.13417761064967
499.265513047753,344.706432465887,4.41114476479145
38.8764190935595,46.2830781106508,3.92898107380222
534.153333112272,140.811685275882,4.7507782457971
NA,NA,NA
660.769998851958,334.105250364521,3.46066044616908
456.677625282646,301.68329590283,3.57338223981418
11.8118466908927,494.152646042075,3.61218442910432
558.487689370146,53.4152344946231,4.22777271430039
70.9580027652502,375.603608892547,3.95730680683247
230.131768546678,414.333453823986,3.9034367398562
425.9550462458,10.0577314044487,3.26175406284364
360.562087877566,292.754311961573,2.93355327421037
603.248988589355,103.16131187262,4.14207473697864
392.364676150179,232.021979249465,4.14712245351627
565.301672576031,411.785007091634,4.68601243545898
140.108593059688,286.942060551685,4.46561942610502
198.377426446833,370.011441809131,4.07839460006279
120.143414242299,411.554813723797,3.42190338652448
627.130269358131,315.068458609551,4.53678413946492
-0.548735831631688,147.11766408692,4.24080493040725
543.721763464303,201.166560203961,3.98596131682764
32.9850013435662,489.802003801051,2.93908146325432
278.541990625505,21.8688771450369,3.99526043826436
530.180386950842,392.375106923109,3.42693788476443
75.6968832632208,76.9050140554324,5.15585868291753
6.22930822678007,77.1641935548485,3.31938954705047
589.54995691899,226.50849527669,4.00756432024846
443.789040922614,462.534372575059,4.86911744107486
659.378299633209,373.881593324862,3.16874353363698
109.44506324751,485.888448137471,4.28974417998591
621.389472105354,93.4961482195665,4.06785056888225
423.377778445045,258.3218604372,3.59017915060733
11.7107862524485,180.488409043557,3.2292738386056
70.1627342146893,118.119952541221,4.40298228904942
617.641489062466,193.201854345352,4.08201092174079
266.033214882806,216.508597854373,4.10291856563608
563.439372203088,441.640208272866,4.03770609159728
300.209423373217,140.731130165958,3.81340795316184
528.20172222822,457.108246612077,3.69499472945833
45.889301016177,409.634593754859,3.84280339570045
204.480017538718,291.969448424471,3.89895011183856
553.77290847129,268.243620484983,3.65111201954391
168.820795103758,17.7231274923853,4.13417761064967
499.265513047753,344.706432465887,4.41114476479145
38.8764190935595,46.2830781106508,3.92898107380222
534.153333112272,140.811685275882,4.7507782457971
NA,NA,NA
662.244656482848,335.512328292124,3.60866494119035
455.03046751512,301.467907403618,3.58955104760478
10.0303087766247,492.353271108129,3.53862933781736
561.013283851881,50.2968865235103,4.0853122868943
68.7714111155683,376.592839686448,3.99719930199807
226.691670625661,413.121592693995,3.94496795641128
425.378853446384,11.9240368522937,3.26343437797769
361.659924224743,292.135653383062,2.86805546981221
606.738743966975,109.21118082456,4.24740249149552
394.550900498694,232.489826337164,3.97642277127753
573.937209292331,411.679288830799,4.76933021672962
142.566352500294,275.385135831465,4.49721802222999
199.171026427662,372.423103873752,3.99378437840694
128.470275445404,408.799474779018,3.46063996285379
630.010007910343,310.870950182586,4.56683580558801
2.58023515919733,144.643031429645,4.15294440292289
542.880908680713,201.542847749699,4.18283715082742
32.8977792770925,491.786118832296,2.97639742597088
279.560297614347,22.2355198301041,3.94913672031834
535.422243948364,396.07014545898,3.28749844478635
67.6928778292545,79.2606279149219,5.23436767059089
3.18376751888668,77.1481390616461,3.34562672609037
585.585207498102,227.243916263098,3.975437460439
439.880812932922,464.485277765234,4.68963352649364
659.88392889275,373.217918529607,3.17116316163661
104.391899586031,487.313291515798,4.2611986736732
623.463818311379,91.1793594856734,4.12017272239967
424.44963953103,257.82474128384,3.58516475112947
12.4790646496756,182.417995465596,3.00013387047153
75.3046762110074,112.759106639365,4.40978847684982
615.712266543512,199.701789530157,3.89573630811496
238.792403937812,219.905566780296,3.80227002579354
572.152482127648,437.930198932606,3.85341332107134
299.62269463159,138.986466621983,3.81544531836401
525.494321787705,455.273014439925,3.55948826779005
44.9848224851856,413.001011391959,3.94305685038414
206.748701482597,278.493533337931,4.01868429036594
545.819469956533,257.787928763358,3.73633741308675
181.419512342354,22.8678793741241,4.06489891840913
500.08618859588,343.011622140996,4.55909364301968
37.1155864941719,51.7308458332839,3.59855381228469
543.743966941613,137.817674202921,4.61267356750396
NA,NA,NA
662.244656482848,335.512328292124,3.60866494119035
455.03046751512,301.467907403618,3.58955104760478
10.0303087766247,492.353271108129,3.53862933781736
561.013283851881,50.2968865235103,4.0853122868943
68.7714111155683,376.592839686448,3.99719930199807
226.691670625661,413.121592693995,3.94496795641128
425.378853446384,11.9240368522937,3.26343437797769
361.659924224743,292.135653383062,2.86805546981221
606.738743966975,109.21118082456,4.24740249149552
394.550900498694,232.489826337164,3.97642277127753
573.937209292331,411.679288830799,4.76933021672962
142.566352500294,275.385135831465,4.49721802222999
199.171026427662,372.423103873752,3.99378437840694
128.470275445404,408.799474779018,3.46063996285379
630.010007910343,310.870950182586,4.56683580558801
2.58023515919733,144.643031429645,4.15294440292289
542.880908680713,201.542847749699,4.18283715082742
32.8977792770925,491.786118832296,2.97639742597088
279.560297614347,22.2355198301041,3.94913672031834
535.422243948364,396.07014545898,3.28749844478635
67.6928778292545,79.2606279149219,5.23436767059089
3.18376751888668,77.1481390616461,3.34562672609037
585.585207498102,227.243916263098,3.975437460439
439.880812932922,464.485277765234,4.68963352649364
659.88392889275,373.217918529607,3.17116316163661
104.391899586031,487.313291515798,4.2611986736732
623.463818311379,91.1793594856734,4.12017272239967
424.44963953103,257.82474128384,3.58516475112947
12.4790646496756,182.417995465596,3.00013387047153
75.3046762110074,112.759106639365,4.40978847684982
615.712266543512,199.701789530157,3.89573630811496
238.792403937812,219.905566780296,3.80227002579354
572.152482127648,437.930198932606,3.85341332107134
299.62269463159,138.986466621983,3.81544531836401
525.494321787705,455.273014439925,3.55948826779005
44.9848224851856,413.001011391959,3.94305685038414
206.748701482597,278.493533337931,4.01868429036594
545.819469956533,257.787928763358,3.73633741308675
181.419512342354,22.8678793741241,4.06489891840913
500.08618859588,343.011622140996,4.55909364301968
37.1155864941719,51.7308458332839,3.59855381228469
543.743966941613,137.817674202921,4.61267356750396
NA,NA,NA
662.244656482848,335.512328292124,3.60866494119035
455.03046751512,301.467907403618,3.58955104760478
10.0303087766247,492.353271108129,3.53862933781736
561.013283851881,50.2968865235103,4.0853122868943
68.7714111155683,376.592839686448,3.99719930199807
226.691670625661,413.121592693995,3.94496795641128
425.378853446384,11.9240368522937,3.26343437797769
361.659924224743,292.135653383062,2.86805546981221
606.738743966975,109.21118082456,4.24740249149552
394.550900498694,232.489826337164,3.97642277127753
573.937209292331,411.679288830799,4.76933021672962
142.566352500294,275.385135831465,4.49721802222999
199.171026427662,372.423103873752,3.99378437840694
128.470275445404,408.799474779018,3.46063996285379
630.010007910343,310.870950182586,4.56683580558801
2.58023515919733,144.643031429645,4.15294440292289
542.880908680713,201.542847749699,4.18283715082742
32.8977792770925,491.786118832296,2.97639742597088
279.560297614347,22.2355198301041,3.94913672031834
535.422243948364,396.07014545898,3.28749844478635
67.6928778292545,79.2606279149219,5.23436767059089
3.18376751888668,77.1481390616461,3.34562672609037
585.585207498102,227.243916263098,3.975437460439
439.880812932922,464.485277765234,4.68963352649364
659.88392889275,373.217918529607,3.17116316163661
104.391899586031,487.313291515798,4.2611986736732
623.463818311379,91.1793594856734,4.12017272239967
424.44963953103,257.82474128384,3.58516475112947
12.4790646496756,182.417995465596,3.00013387047153
75.3046762110074,112.759106639365,4.40978847684982
615.712266543512,199.701789530157,3.89573630811496
238.792403937812,219.905566780296,3.80227002579354
572.152482127648,437.930198932606,3.85341332107134
299.62269463159,138.986466621983,3.81544531836401
525.494321787705,455.273014439925,3.55948826779005
44.9848224851856,413.001011391959,3.94305685038414
206.748701482597,278.493533337931,4.01868429036594
545.819469956533,257.787928763358,3.73633741308675
181.419512342354,22.8678793741241,4.06489891840913
500.08618859588,343.011622140996,4.55909364301968
37.1155864941719,51.7308458332839,3.59855381228469
543.743966941613,137.817674202921,4.61267356750396
NA,NA,NA
662.244656482848,335.512328292124,3.60866494119035
455.03046751512,301.467907403618,3.58955104760478
10.0303087766247,492.353271108129,3.53862933781736
561.013283851881,50.2968865235103,4.0853122868943
68.7714111155683,376.592839686448,3.99719930199807
226.691670625661,413.121592693995,3.94496795641128
425.378853446384,11.9240368522937,3.26343437797769
361.659924224743,292.135653383062,2.86805546981221
606.738743966975,109.21118082456,4.24740249149552
394.550900498694,232.489826337164,3.97642277127753
573.937209292331,411.679288830799,4.76933021672962
142.566352500294,275.385135831465,4.49721802222999
199.171026427662,372.423103873752,3.99378437840694
128.470275445404,408.799474779018,3.46063996285379
630.010007910343,310.870950182586,4.56683580558801
2.58023515919733,144.643031429645,4.15294440292289
542.880908680713,201.542847749699,4.18283715082742
32.8977792770925,491.786118832296,2.97639742597088
279.560297614347,22.2355198301041,3.94913672031834
535.422243948364,396.07014545898,3.28749844478635
67.6928778292545,79.2606279149219,5.23436767059089
3.18376751888668,77.1481390616461,3.34562672609037
585.585207498102,227.243916263098,3.975437460439
439.880812932922,464.485277765234,4.68963352649364
659.88392889275,373.217918529607,3.17116316163661
104.391899586031,487.313291515798,4.2611986736732
623.463818311379,91.1793594856734,4.12017272239967
424.44963953103,257.82474128384,3.58516475112947
12.4790646496756,182.417995465596,3.00013387047153
75.3046762110074,112.759106639365,4.40978847684982
615.712266543512,199.701789530157,3.89573630811496
238.792403937812,219.905566780296,3.80227002579354
572.152482127648,437.930198932606,3.85341332107134
299.62269463159,138.986466621983,3.81544531836401
525.494321787705,455.273014439925,3.55948826779005
44.9848224851856,413.001011391959,3.94305685038414
206.748701482597,278.493533337931,4.01868429036594
545.819469956533,257.787928763358,3.73633741308675
181.419512342354,22.8678793741241,4.06489891840913
500.08618859588,343.011622140996,4.55909364301968
37.1155864941719,51.7308458332839,3.59855381228469
543.743966941613,137.817674202921,4.61267356750396
NA,NA,NA
662.244656482848,335.512328292124,3.60866494119035
455.03046751512,301.467907403618,3.58955104760478
10.0303087766247,492.353271108129,3.53862933781736
561.013283851881,50.2968865235103,4.0853122868943
68.7714111155683,376.592839686448,3.99719930199807
226.691670625661,413.121592693995,3.94496795641128
425.378853446384,11.9240368522937,3.26343437797769
361.659924224743,292.135653383062,2.86805546981221
606.738743966975,109.21118082456,4.24740249149552
394.550900498694,232.489826337164,3.97642277127753
573.937209292331,411.679288830799,4.76933021672962
142.566352500294,275.385135831465,4.49721802222999
199.171026427662,372.423103873752,3.99378437840694
128.470275445404,408.799474779018,3.46063996285379
630.010007910343,310.870950182586,4.56683580558801
2.58023515919733,144.643031429645,4.15294440292289
542.880908680713,201.542847749699,4.18283715082742
32.8977792770925,491.786118832296,2.97639742597088
279.560297614347,22.2355198301041,3.94913672031834
535.422243948364,396.07014545898,3.28749844478635
67.6928778292545,79.2606279149219,5.23436767059089
3.18376751888668,77.1481390616461,3.34562672609037
585.585207498102,227.243916263098,3.975437460439
439.880812932922,464.485277765234,4.68963352649364
659.88392889275,373.217918529607,3.17116316163661
104.391899586031,487.313291515798,4.2611986736732
623.463818311379,91.1793594856734,4.12017272239967
424.44963953103,257.82474128384,3.58516475112947
12.4790646496756,182.417995465596,3.00013387047153
75.3046762110074,112.759106639365,4.40978847684982
615.712266543512,199.701789530157,3.89573630811496
238.792403937812,219.905566780296,3.80227002579354
572.152482127648,437.930198932606,3.85341332107134
299.62269463159,138.986466621983,3.81544531836401
525.494321787705,455.273014439925,3.55948826779005
44.9848224851856,413.001011391959,3.94305685038414
206.748701482597,278.493533337931,4.01868429036594
545.819469956533,257.787928763358,3.73633741308675
181.419512342354,22.8678793741241,4.06489891840913
500.08618859588,343.011622140996,4.55909364301968
37.1155864941719,51.7308458332839,3.59855381228469
543.743966941613,137.817674202921,4.61267356750396
NA,NA,NA
662.244656482848,335.512328292124,3.60866494119035
455.03046751512,301.467907403618,3.58955104760478
10.0303087766247,492.353271108129,3.53862933781736
561.013283851881,50.2968865235103,4.0853122868943
68.7714111155683,376.592839686448,3.99719930199807
226.691670625661,413.121592693995,3.94496795641128
425.378853446384,11.9240368522937,3.26343437797769
361.659924224743,292.135653383062,2.86805546981221
606.738743966975,109.21118082456,4.24740249149552
394.550900498694,232.489826337164,3.97642277127753
573.937209292331,411.679288830799,4.76933021672962
142.566352500294,275.385135831465,4.49721802222999
199.171026427662,372.423103873752,3.99378437840694
128.470275445404,408.799474779018,3.46063996285379
630.010007910343,310.870950182586,4.56683580558801
2.58023515919733,144.643031429645,4.15294440292289
542.880908680713,201.542847749699,4.18283715082742
32.8977792770925,491.786118832296,2.97639742597088
279.560297614347,22.2355198301041,3.94913672031834
535.422243948364,396.07014545898,3.28749844478635
67.6928778292545,79.2606279149219,5.23436767059089
3.18376751888668,77.1481390616461,3.34562672609037
585.585207498102,227.243916263098,3.975437460439
439.880812932922,464.485277765234,4.68963352649364
659.88392889275,373.217918529607,3.17116316163661
104.391899586031,487.313291515798,4.2611986736732
623.463818311379,91.1793594856734,4.12017272239967
424.44963953103,257.82474128384,3.58516475112947
12.4790646496756,182.417995465596,3.00013387047153
75.3046762110074,112.759106639365,4.40978847684982
615.712266543512,199.701789530157,3.89573630811496
238.792403937812,219.905566780296,3.80227002579354
572.152482127648,437.930198932606,3.85341332107134
299.62269463159,138.986466621983,3.81544531836401
525.494321787705,455.273014439925,3.55948826779005
44.9848224851856,413.001011391959,3.94305685038414
206.748701482597,278.493533337931,4.01868429036594
545.819469956533,257.787928763358,3.73633741308675
181.419512342354,22.8678793741241,4.06489891840913
500.08618859588,343.011622140996,4.55909364301968
37.1155864941719,51.7308458332839,3.59855381228469
543.743966941613,137.817674202921,4.61267356750396
NA,NA,NA
661.935081693647,332.897825691839,3.49736983530781
455.681170271061,298.64198735738,3.57940251003969
13.7827769861344,494.192269738607,3.65057285904111
561.29384513497,55.2652021798281,4.22575106977287
78.8780699271598,376.092070309868,3.99773240490733
228.296021033022,413.100879546141,3.97472992654321
428.708031692847,13.6645594146462,3.45220754275133
360.926330074574,292.88226850322,2.93388525078009
601.467761460791,101.231179498215,4.20454517314741
393.249511283215,237.293085591189,4.24339170291383
561.321379158528,402.468227222822,4.71033750735229
141.369635565457,284.431253344435,4.59649540740212
197.266005655491,372.577418361541,3.95718487213538
126.009438238327,412.27342235276,3.44766587362541
623.971194151731,308.163112924056,4.67415878950249
2.47045946361875,150.565487602269,4.24333605951413
547.374506268526,205.69043646982,4.14788655880681
34.2432392053071,490.667874282905,3.02830254039401
282.099889401689,23.5173896505068,3.8089309060963
533.164517331909,392.147737431829,3.42187843763809
74.0115696777124,79.499149012003,5.25496406101599
5.08735228585813,77.3805006392954,3.45755446404128
588.756005557891,224.515369265264,4.13428520877854
443.353616236836,456.644697024493,4.72093408358971
660.047985278845,373.815930421275,3.03663991939729
103.842154974275,485.793555774055,4.28601606591897
624.361467210731,89.1039535702301,4.11362870797631
418.569181215574,257.634791590464,3.56120509805289
13.1506852185574,183.066402490553,3.0579029345319
73.5455883015937,115.833223304887,4.49574372544177
616.605962910195,215.616109523288,3.88953457409128
258.975092407705,227.760124933898,4.27268394943569
573.402444423542,423.994247787895,3.78129183556068
303.765593949378,140.425072311297,3.81871627942657
529.02933443302,455.783239444392,3.51967394282577
40.9296522559321,408.367273308545,4.11456452538466
207.564082590997,281.970788240269,4.23829572556096
546.766897641816,261.659355379222,3.91118652837654
172.824461556534,28.9190664218788,4.67388789307347
505.942150494434,339.136417993078,4.6997639607137
37.3012324705916,51.0521140848219,3.88610409799048
529.175458605197,154.173361366669,4.69798135997529
NA,NA,NA
661.935081693647,332.897825691839,3.49736983530781
455.681170271061,298.64198735738,3.57940251003969
13.7827769861344,494.192269738607,3.65057285904111
561.29384513497,55.2652021798281,4.22575106977287
78.8780699271598,376.092070309868,3.99773240490733
228.296021033022,413.100879546141,3.97472992654321
428.708031692847,13.6645594146462,3.45220754275133
360.926330074574,292.88226850322,2.93388525078009
601.467761460791,101.231179498215,4.20454517314741
393.249511283215,237.293085591189,4.24339170291383
561.321379158528,402.468227222822,4.71033750735229
141.369635565457,284.431253344435,4.59649540740212
197.266005655491,372.577418361541,3.95718487213538
126.009438238327,412.27342235276,3.44766587362541
623.971194151731,308.163112924056,4.67415878950249
2.47045946361875,150.565487602269,4.24333605951413
547.374506268526,205.69043646982,4.14788655880681
34.2432392053071,490.667874282905,3.02830254039401
282.099889401689,23.5173896505068,3.8089309060963
533.164517331909,392.147737431829,3.42187843763809
74.0115696777124,79.499149012003,5.25496406101599
5.08735228585813,77.3805006392954,3.45755446404128
588.756005557891,224.515369265264,4.13428520877854
443.353616236836,456.644697024493,4.72093408358971
660.047985278845,373.815930421275,3.03663991939729
103.842154974275,485.793555774055,4.28601606591897
624.361467210731,89.1039535702301,4.11362870797631
418.569181215574,257.634791590464,3.56120509805289
13.1506852185574,183.066402490553,3.0579029345319
73.5455883015937,115.833223304887,4.49574372544177
616.605962910195,215.616109523288,3.88953457409128
258.975092407705,227.760124933898,4.27268394943569
573.402444423542,423.994247787895,3.78129183556068
303.765593949378,140.425072311297,3.81871627942657
529.02933443302,455.783239444392,3.51967394282577
40.9296522559321,408.367273308545,4.11456452538466
207.564082590997,281.970788240269,4.23829572556096
546.766897641816,261.659355379222,3.91118652837654
172.824461556534,28.9190664218788,4.67388789307347
505.942150494434,339.136417993078,4.6997639607137
37.3012324705916,51.0521140848219,3.88610409799048
529.175458605197,154.173361366669,4.69798135997529
NA,NA,NA
661.935081693647,332.897825691839,3.49736983530781
455.681170271061,298.64198735738,3.57940251003969
13.7827769861344,494.192269738607,3.65057285904111
561.29384513497,55.2652021798281,4.22575106977287
78.8780699271598,376.092070309868,3.99773240490733
228.296021033022,413.100879546141,3.97472992654321
428.708031692847,13.6645594146462,3.45220754275133
360.926330074574,292.88226850322,2.93388525078009
601.467761460791,101.231179498215,4.20454517314741
393.249511283215,237.293085591189,4.24339170291383
561.321379158528,402.468227222822,4.71033750735229
141.369635565457,284.431253344435,4.59649540740212
197.266005655491,372.577418361541,3.95718487213538
126.009438238327,412.27342235276,3.44766587362541
623.971194151731,308.163112924056,4.67415878950249
2.47045946361875,150.565487602269,4.24333605951413
547.374506268526,205.69043646982,4.14788655880681
34.2432392053071,490.667874282905,3.02830254039401
282.099889401689,23.5173896505068,3.8089309060963
533.164517331909,392.147737431829,3.42187843763809
74.0115696777124,79.499149012003,5.25496406101599
5.08735228585813,77.3805006392954,3.45755446404128
588.756005557891,224.515369265264,4.13428520877854
443.353616236836,456.644697024493,4.72093408358971
660.047985278845,373.815930421275,3.03663991939729
103.842154974275,485.793555774055,4.28601606591897
624.361467210731,89.1039535702301,4.11362870797631
418.569181215574,257.634791590464,3.56120509805289
13.1506852185574,183.066402490553,3.0579029345319
73.5455883015937,115.833223304887,4.49574372544177
616.605962910195,215.616109523288,3.88953457409128
258.975092407705,227.760124933898,4.27268394943569
573.402444423542,423.994247787895,3.78129183556068
303.765593949378,140.425072311297,3.81871627942657
529.02933443302,455.783239444392,3.51967394282577
40.9296522559321,408.367273308545,4.11456452538466
207.564082590997,281.970788240269,4.23829572556096
546.766897641816,261.659355379222,3.91118652837654
172.824461556534,28.9190664218788,4.67388789307347
505.942150494434,339.136417993078,4.6997639607137
37.3012324705916,51.0521140848219,3.88610409799048
529.175458605197,154.173361366669,4.69798135997529
NA,NA,NA
661.935081693647,332.897825691839,3.49736983530781
455.681170271061,298.64198735738,3.57940251003969
13.7827769861344,494.192269738607,3.65057285904111
561.29384513497,55.2652021798281,4.22575106977287
78.8780699271598,376.092070309868,3.99773240490733
228.296021033022,413.100879546141,3.97472992654321
428.708031692847,13.6645594146462,3.45220754275133
360.926330074574,292.88226850322,2.93388525078009
601.467761460791,101.231179498215,4.20454517314741
393.249511283215,237.293085591189,4.24339170291383
561.321379158528,402.468227222822,4.71033750735229
141.369635565457,284.431253344435,4.59649540740212
197.266005655491,372.577418361541,3.95718487213538
126.009438238327,412.27342235276,3.44766587362541
623.971194151731,308.163112924056,4.67415878950249
2.47045946361875,150.565487602269,4.24333605951413
547.374506268526,205.69043646982,4.14788655880681
34.2432392053071,490.667874282905,3.02830254039401
282.099889401689,23.5173896505068,3.8089309060963
533.164517331909,392.147737431829,3.42187843763809
74.0115696777124,79.499149012003,5.25496406101599
5.08735228585813,77.3805006392954,3.45755446404128
588.756005557891,224.515369265264,4.13428520877854
443.353616236836,456.644697024493,4.72093408358971
660.047985278845,373.815930421275,3.03663991939729
103.842154974275,485.793555774055,4.28601606591897
624.361467210731,89.1039535702301,4.11362870797631
418.569181215574,257.634791590464,3.56120509805289
13.1506852185574,183.066402490553,3.0579029345319
73.5455883015937,115.833223304887,4.49574372544177
616.605962910195,215.616109523288,3.88953457409128
258.975092407705,227.760124933898,4.27268394943569
573.402444423542,423.994247787895,3.78129183556068
303.765593949378,140.425072311297,3.81871627942657
529.02933443302,455.783239444392,3.51967394282577
40.9296522559321,408.367273308545,4.11456452538466
207.564082590997,281.970788240269,4.23829572556096
546.766897641816,261.659355379222,3.91118652837654
172.824461556534,28.9190664218788,4.67388789307347
505.942150494434,339.136417993078,4.6997639607137
37.3012324705916,51.0521140848219,3.88610409799048
529.175458605197,154.173361366669,4.69798135997529
NA,NA,NA
661.935081693647,332.897825691839,3.49736983530781
455.681170271061,298.64198735738,3.57940251003969
13.7827769861344,494.192269738607,3.65057285904111
561.29384513497,55.2652021798281,4.22575106977287
78.8780699271598,376.092070309868,3.99773240490733
228.296021033022,413.100879546141,3.97472992654321
428.708031692847,13.6645594146462,3.45220754275133
360.926330074574,292.88226850322,2.93388525078009
601.467761460791,101.231179498215,4.20454517314741
393.249511283215,237.293085591189,4.24339170291383
561.321379158528,402.468227222822,4.71033750735229
141.369635565457,284.431253344435,4.59649540740212
197.266005655491,372.577418361541,3.95718487213538
126.009438238327,412.27342235276,3.44766587362541
623.971194151731,308.163112924056,4.67415878950249
2.47045946361875,150.565487602269,4.24333605951413
547.374506268526,205.69043646982,4.14788655880681
34.2432392053071,490.667874282905,3.02830254039401
282.099889401689,23.5173896505068,3.8089309060963
533.164517331909,392.147737431829,3.42187843763809
74.0115696777124,79.499149012003,5.25496406101599
5.08735228585813,77.3805006392954,3.45755446404128
588.756005557891,224.515369265264,4.13428520877854
443.353616236836,456.644697024493,4.72093408358971
660.047985278845,373.815930421275,3.03663991939729
103.842154974275,485.793555774055,4.28601606591897
624.361467210731,89.1039535702301,4.11362870797631
418.569181215574,257.634791590464,3.56120509805289
13.1506852185574,183.066402490553,3.0579029345319
73.5455883015937,115.833223304887,4.49574372544177
616.605962910195,215.616109523288,3.88953457409128
258.975092407705,227.760124933898,4.27268394943569
573.402444423542,423.994247787895,3.78129183556068
303.765593949378,140.425072311297,3.81871627942657
529.02933443302,455.783239444392,3.51967394282577
40.9296522559321,408.367273308545,4.11456452538466
207.564082590997,281.970788240269,4.23829572556096
546.766897641816,261.659355379222,3.91118652837654
172.824461556534,28.9190664218788,4.67388789307347
505.942150494434,339.136417993078,4.6997639607137
37.3012324705916,51.0521140848219,3.88610409799048
529.175458605197,154.173361366669,4.69798135997529
NA,NA,NA
661.935081693647,332.897825691839,3.49736983530781
455.681170271061,298.64198735738,3.57940251003969
13.7827769861344,494.192269738607,3.65057285904111
561.29384513497,55.2652021798281,4.22575106977287
78.8780699271598,376.092070309868,3.99773240490733
228.296021033022,413.100879546141,3.97472992654321
428.708031692847,13.6645594146462,3.45220754275133
360.926330074574,292.88226850322,2.93388525078009
601.467761460791,101.231179498215,4.20454517314741
393.249511283215,237.293085591189,4.24339170291383
561.321379158528,402.468227222822,4.71033750735229
141.369635565457,284.431253344435,4.59649540740212
197.266005655491,372.577418361541,3.95718487213538
126.009438238327,412.27342235276,3.44766587362541
623.971194151731,308.163112924056,4.67415878950249
2.47045946361875,150.565487602269,4.24333605951413
547.374506268526,205.69043646982,4.14788655880681
34.2432392053071,490.667874282905,3.02830254039401
282.099889401689,23.5173896505068,3.8089309060963
533.164517331909,392.147737431829,3.42187843763809
74.0115696777124,79.499149012003,5.25496406101599
5.08735228585813,77.3805006392954,3.45755446404128
588.756005557891,224.515369265264,4.13428520877854
443.353616236836,456.644697024493,4.72093408358971
660.047985278845,373.815930421275,3.03663991939729
103.842154974275,485.793555774055,4.28601606591897
624.361467210731,89.1039535702301,4.11362870797631
418.569181215574,257.634791590464,3.56120509805289
13.1506852185574,183.066402490553,3.0579029345319
73.5455883015937,115.833223304887,4.49574372544177
616.605962910195,215.616109523288,3.88953457409128
258.975092407705,227.760124933898,4.27268394943569
573.402444423542,423.994247787895,3.78129183556068
303.765593949378,140.425072311297,3.81871627942657
529.02933443302,455.783239444392,3.51967394282577
40.9296522559321,408.367273308545,4.11456452538466
207.564082590997,281.970788240269,4.23829572556096
546.766897641816,261.659355379222,3.91118652837654
172.824461556534,28.9190664218788,4.67388789307347
505.942150494434,339.136417993078,4.6997639607137
37.3012324705916,51.0521140848219,3.88610409799048
529.175458605197,154.173361366669,4.69798135997529
NA,NA,NA
661.24914326283,330.954348370606,3.41106817335816
454.412340337446,302.307685002459,3.45275796588598
11.47181254651,492.131414755532,3.6945299021746
561.632197685474,51.9936166405835,4.16118966566271
74.6901356955019,375.823586511544,4.06689350294122
224.891943314323,413.895696358587,3.87762887395496
428.016377250292,11.1350960428213,3.42677216166067
363.177150928357,293.30659223483,3.01854289270738
598.127832079996,105.53708006165,4.17905893018907
391.103253747589,228.922311201503,4.13657050541889
577.218390501624,412.658842965847,4.71070305970279
143.017105724561,283.336337081567,4.16572390145781
202.424725272192,369.262136185104,3.98386073858598
122.814841335583,409.884990341845,3.45726904418996
629.1163053569,315.454267880159,4.57916754941216
2.30051427516354,149.88352148251,4.27913813855879
539.476424963553,205.020460233535,4.1312690832737
33.8962547677883,491.182998368272,2.88763832316333
281.206197494646,18.0565714767755,3.97302866621399
534.063374624632,390.757751248719,3.37925277037793
70.0150655273157,74.5987637113916,5.25780205976215
6.85320828230756,79.0678126615613,3.51906635463108
591.065125240676,228.930164621988,3.96709543632747
438.548994438812,463.249772619559,4.83079067822162
661.672411205799,371.370400573587,3.05952979481905
106.496692096562,487.846103269972,4.37098121849463
617.809797633007,90.2331223909262,4.0461287548781
418.149896150725,254.223166228136,3.61029498416746
10.507387648584,180.677874381736,3.11920085700159
65.0994403639253,110.412780656816,4.32239495899132
601.78674421336,189.368217884688,4.09815157633031
256.115355543347,222.525279457581,3.73436322494693
572.597688277707,440.473344893476,3.73665640295177
296.66018187629,126.570631928455,3.84905515824853
527.131471246837,450.549463976981,3.61534399338
53.0885665996291,419.584538150698,3.74281171504385
195.765944316096,279.856131467058,4.13928801087378
554.033669695326,259.663906227232,3.50969679624501
177.15033600942,27.6316919673988,4.44411966612129
514.086168031833,342.240551887356,4.60237321241898
37.1740641768976,54.9249226058758,3.85041105962408
307.551632496623,130.972452919277,4.0488269605341
541.90603552533,147.223968649826,4.8815164880002
NA,NA,NA
661.24914326283,330.954348370606,3.41106817335816
454.412340337446,302.307685002459,3.45275796588598
11.47181254651,492.131414755532,3.6945299021746
561.632197685474,51.9936166405835,4.16118966566271
74.6901356955019,375.823586511544,4.06689350294122
224.891943314323,413.895696358587,3.87762887395496
428.016377250292,11.1350960428213,3.42677216166067
363.177150928357,293.30659223483,3.01854289270738
598.127832079996,105.53708006165,4.17905893018907
391.103253747589,228.922311201503,4.13657050541889
577.218390501624,412.658842965847,4.71070305970279
143.017105724561,283.336337081567,4.16572390145781
202.424725272192,369.262136185104,3.98386073858598
122.814841335583,409.884990341845,3.45726904418996
629.1163053569,315.454267880159,4.57916754941216
2.30051427516354,149.88352148251,4.27913813855879
539.476424963553,205.020460233535,4.1312690832737
33.8962547677883,491.182998368272,2.88763832316333
281.206197494646,18.0565714767755,3.97302866621399
534.063374624632,390.757751248719,3.37925277037793
70.0150655273157,74.5987637113916,5.25780205976215
6.85320828230756,79.0678126615613,3.51906635463108
591.065125240676,228.930164621988,3.96709543632747
438.548994438812,463.249772619559,4.83079067822162
661.672411205799,371.370400573587,3.05952979481905
106.496692096562,487.846103269972,4.37098121849463
617.809797633007,90.2331223909262,4.0461287548781
418.149896150725,254.223166228136,3.61029498416746
10.507387648584,180.677874381736,3.11920085700159
65.0994403639253,110.412780656816,4.32239495899132
601.78674421336,189.368217884688,4.09815157633031
256.115355543347,222.525279457581,3.73436322494693
572.597688277707,440.473344893476,3.73665640295177
296.66018187629,126.570631928455,3.84905515824853
527.131471246837,450.549463976981,3.61534399338
53.0885665996291,419.584538150698,3.74281171504385
195.765944316096,279.856131467058,4.13928801087378
554.033669695326,259.663906227232,3.50969679624501
177.15033600942,27.6316919673988,4.44411966612129
514.086168031833,342.240551887356,4.60237321241898
37.1740641768976,54.9249226058758,3.85041105962408
307.551632496623,130.972452919277,4.0488269605341
541.90603552533,147.223968649826,4.8815164880002
NA,NA,NA
661.24914326283,330.954348370606,3.41106817335816
454.412340337446,302.307685002459,3.45275796588598
11.47181254651,492.131414755532,3.6945299021746
561.632197685474,51.9936166405835,4.16118966566271
74.6901356955019,375.823586511544,4.06689350294122
224.891943314323,413.895696358587,3.87762887395496
428.016377250292,11.1350960428213,3.42677216166067
363.177150928357,293.30659223483,3.01854289270738
598.127832079996,105.53708006165,4.17905893018907
391.103253747589,228.922311201503,4.13657050541889
577.218390501624,412.658842965847,4.71070305970279
143.017105724561,283.336337081567,4.16572390145781
202.424725272192,369.262136185104,3.98386073858598
122.814841335583,409.884990341845,3.45726904418996
629.1163053569,315.454267880159,4.57916754941216
2.30051427516354,149.88352148251,4.27913813855879
539.476424963553,205.020460233535,4.1312690832737
33.8962547677883,491.182998368272,2.88763832316333
281.206197494646,18.0565714767755,3.97302866621399
534.063374624632,390.757751248719,3.37925277037793
70.0150655273157,74.5987637113916,5.25780205976215
6.85320828230756,79.0678126615613,3.51906635463108
591.065125240676,228.930164621988,3.96709543632747
438.548994438812,463.249772619559,4.83079067822162
661.672411205799,371.370400573587,3.05952979481905
106.496692096562,487.846103269972,4.37098121849463
617.809797633007,90.2331223909262,4.0461287548781
418.149896150725,254.223166228136,3.61029498416746
10.507387648584,180.677874381736,3.11920085700159
65.0994403639253,110.412780656816,4.32239495899132
601.78674421336,189.368217884688,4.09815157633031
256.115355543347,222.525279457581,3.73436322494693
572.597688277707,440.473344893476,3.73665640295177
296.66018187629,126.570631928455,3.84905515824853
527.131471246837,450.549463976981,3.61534399338
53.0885665996291,419.584538150698,3.74281171504385
195.765944316096,279.856131467058,4.13928801087378
554.033669695326,259.663906227232,3.50969679624501
177.15033600942,27.6316919673988,4.44411966612129
514.086168031833,342.240551887356,4.60237321241898
37.1740641768976,54.9249226058758,3.85041105962408
307.551632496623,130.972452919277,4.0488269605341
541.90603552533,147.223968649826,4.8815164880002
NA,NA,NA
661.24914326283,330.954348370606,3.41106817335816
454.412340337446,302.307685002459,3.45275796588598
11.47181254651,492.131414755532,3.6945299021746
561.632197685474,51.9936166405835,4.16118966566271
74.6901356955019,375.823586511544,4.06689350294122
224.891943314323,413.895696358587,3.87762887395496
428.016377250292,11.1350960428213,3.42677216166067
363.177150928357,293.30659223483,3.01854289270738
598.127832079996,105.53708006165,4.17905893018907
391.103253747589,228.922311201503,4.13657050541889
577.218390501624,412.658842965847,4.71070305970279
143.017105724561,283.336337081567,4.16572390145781
202.424725272192,369.262136185104,3.98386073858598
122.814841335583,409.884990341845,3.45726904418996
629.1163053569,315.454267880159,4.57916754941216
2.30051427516354,149.88352148251,4.27913813855879
539.476424963553,205.020460233535,4.1312690832737
33.8962547677883,491.182998368272,2.88763832316333
281.206197494646,18.0565714767755,3.97302866621399
534.063374624632,390.757751248719,3.37925277037793
70.0150655273157,74.5987637113916,5.25780205976215
6.85320828230756,79.0678126615613,3.51906635463108
591.065125240676,228.930164621988,3.96709543632747
438.548994438812,463.249772619559,4.83079067822162
661.672411205799,371.370400573587,3.05952979481905
106.496692096562,487.846103269972,4.37098121849463
617.809797633007,90.2331223909262,4.0461287548781
418.149896150725,254.223166228136,3.61029498416746
10.507387648584,180.677874381736,3.11920085700159
65.0994403639253,110.412780656816,4.32239495899132
601.78674421336,189.368217884688,4.09815157633031
256.115355543347,222.525279457581,3.73436322494693
572.597688277707,440.473344893476,3.73665640295177
296.66018187629,126.570631928455,3.84905515824853
527.131471246837,450.549463976981,3.61534399338
53.0885665996291,419.584538150698,3.74281171504385
195.765944316096,279.856131467058,4.13928801087378
554.033669695326,259.663906227232,3.50969679624501
177.15033600942,27.6316919673988,4.44411966612129
514.086168031833,342.240551887356,4.60237321241898
37.1740641768976,54.9249226058758,3.85041105962408
307.551632496623,130.972452919277,4.0488269605341
541.90603552533,147.223968649826,4.8815164880002
NA,NA,NA
661.24914326283,330.954348370606,3.41106817335816
454.412340337446,302.307685002459,3.45275796588598
11.47181254651,492.131414755532,3.6945299021746
561.632197685474,51.9936166405835,4.16118966566271
74.6901356955019,375.823586511544,4.06689350294122
224.891943314323,413.895696358587,3.87762887395496
428.016377250292,11.1350960428213,3.42677216166067
363.177150928357,293.30659223483,3.01854289270738
598.127832079996,105.53708006165,4.17905893018907
391.103253747589,228.922311201503,4.13657050541889
577.218390501624,412.658842965847,4.71070305970279
143.017105724561,283.336337081567,4.16572390145781
202.424725272192,369.262136185104,3.98386073858598
122.814841335583,409.884990341845,3.45726904418996
629.1163053569,315.454267880159,4.57916754941216
2.30051427516354,149.88352148251,4.27913813855879
539.476424963553,205.020460233535,4.1312690832737
33.8962547677883,491.182998368272,2.88763832316333
281.206197494646,18.0565714767755,3.97302866621399
534.063374624632,390.757751248719,3.37925277037793
70.0150655273157,74.5987637113916,5.25780205976215
6.85320828230756,79.0678126615613,3.51906635463108
591.065125240676,228.930164621988,3.96709543632747
438.548994438812,463.249772619559,4.83079067822162
661.672411205799,371.370400573587,3.05952979481905
106.496692096562,487.846103269972,4.37098121849463
617.809797633007,90.2331223909262,4.0461287548781
418.149896150725,254.223166228136,3.61029498416746
10.507387648584,180.677874381736,3.11920085700159
65.0994403639253,110.412780656816,4.32239495899132
601.78674421336,189.368217884688,4.09815157633031
256.115355543347,222.525279457581,3.73436322494693
572.597688277707,440.473344893476,3.73665640295177
296.66018187629,126.570631928455,3.84905515824853
527.131471246837,450.549463976981,3.61534399338
53.0885665996291,419.584538150698,3.74281171504385
195.765944316096,279.856131467058,4.13928801087378
554.033669695326,259.663906227232,3.50969679624501
177.15033600942,27.6316919673988,4.44411966612129
307.551632496623,130.972452919277,4.0488269605341
514.086168031833,342.240551887356,4.60237321241898
37.1740641768976,54.9249226058758,3.85041105962408
541.90603552533,147.223968649826,4.8815164880002
NA,NA,NA
661.24914326283,330.954348370606,3.41106817335816
454.412340337446,302.307685002459,3.45275796588598
11.47181254651,492.131414755532,3.6945299021746
561.632197685474,51.9936166405835,4.16118966566271
74.6901356955019,375.823586511544,4.06689350294122
224.891943314323,413.895696358587,3.87762887395496
428.016377250292,11.1350960428213,3.42677216166067
363.177150928357,293.30659223483,3.01854289270738
598.127832079996,105.53708006165,4.17905893018907
391.103253747589,228.922311201503,4.13657050541889
577.218390501624,412.658842965847,4.71070305970279
143.017105724561,283.336337081567,4.16572390145781
202.424725272192,369.262136185104,3.98386073858598
122.814841335583,409.884990341845,3.45726904418996
629.1163053569,315.454267880159,4.57916754941216
2.30051427516354,149.88352148251,4.27913813855879
539.476424963553,205.020460233535,4.1312690832737
33.8962547677883,491.182998368272,2.88763832316333
281.206197494646,18.0565714767755,3.97302866621399
534.063374624632,390.757751248719,3.37925277037793
70.0150655273157,74.5987637113916,5.25780205976215
6.85320828230756,79.0678126615613,3.51906635463108
591.065125240676,228.930164621988,3.96709543632747
438.548994438812,463.249772619559,4.83079067822162
661.672411205799,371.370400573587,3.05952979481905
106.496692096562,487.846103269972,4.37098121849463
617.809797633007,90.2331223909262,4.0461287548781
418.149896150725,254.223166228136,3.61029498416746
10.507387648584,180.677874381736,3.11920085700159
65.0994403639253,110.412780656816,4.32239495899132
601.78674421336,189.368217884688,4.09815157633031
256.115355543347,222.525279457581,3.73436322494693
572.597688277707,440.473344893476,3.73665640295177
296.66018187629,126.570631928455,3.84905515824853
527.131471246837,450.549463976981,3.61534399338
53.0885665996291,419.584538150698,3.74281171504385
195.765944316096,279.856131467058,4.13928801087378
554.033669695326,259.663906227232,3.50969679624501
177.15033600942,27.6316919673988,4.44411966612129
307.551632496623,130.972452919277,4.0488269605341
514.086168031833,342.240551887356,4.60237321241898
37.1740641768976,54.9249226058758,3.85041105962408
541.90603552533,147.223968649826,4.8815164880002
NA,NA,NA
659.281216509668,337.350183590982,3.6410559280526
455.104766352382,297.949937857366,3.82533748245333
10.8171876624828,496.063727548459,3.5854899186891
564.8039267475,53.8294604064565,4.26335733106189
70.6822230612015,380.49562921382,3.81051112956681
227.600991777565,413.964026557645,3.85018162469164
428.683869258743,11.9247950944863,3.36450157100214
358.563017844289,293.066593448184,3.03799185006694
606.611737610669,103.58562261027,4.15325469433964
396.590681838694,226.839613440155,4.18387673856992
572.223710601051,409.544301104601,4.70541757777785
137.640576327303,275.900048492311,4.52685090530137
198.652880178391,368.657415885257,4.02715327583927
124.278812503758,410.718504054445,3.4020660913297
626.003252522826,308.811790122703,4.66227702664945
1.13015257023848,144.165934171958,4.22986182352366
543.99711726304,203.460065194293,4.07656272419433
34.4094144478347,491.743566344414,2.96935411727312
282.047622236464,26.311793255257,3.93544275639886
530.952674683129,395.38905700167,3.46376388075557
73.9806578065905,74.4611287919226,5.24928340156111
4.14613770826141,77.9421861844441,3.71428171890527
591.984660519716,226.525061217507,4.03115595167451
442.430705865071,462.087692471058,4.77859847373425
658.552288619019,372.263139849378,3.13151059032297
106.443675445454,485.629904633596,4.23691066715116
628.860631229872,91.1716967868763,4.06940405752496
421.315794734514,263.345201208879,3.66022441503057
10.7804617964091,182.541049684837,3.37028672141819
61.6349357577074,115.507279084708,4.6242287445023
608.484807867842,211.631819257647,4.34233393262913
253.951371110619,217.764752653491,3.89965784412889
580.410077889922,437.753150519267,3.78590748158505
303.274422840817,141.679349858788,4.00868913804519
522.463159643152,459.334219308826,3.72060979712112
37.774018633102,429.471883176986,3.98926091386089
195.484466345882,287.764489108598,3.90760463421881
550.470220082624,258.813315448691,3.75492700746365
190.473127901468,20.7160635332488,3.98673837442938
290.904190462658,129.274621439195,3.81321569083723
494.653425726349,337.452013587893,4.37478879050754
35.3150612897362,57.0806891002811,3.65448000712631
548.786805226966,145.016987860161,5.13858575172616
NA,NA,NA
659.281216509668,337.350183590982,3.6410559280526
455.104766352382,297.949937857366,3.82533748245333
10.8171876624828,496.063727548459,3.5854899186891
564.8039267475,53.8294604064565,4.26335733106189
70.6822230612015,380.49562921382,3.81051112956681
227.600991777565,413.964026557645,3.85018162469164
428.683869258743,11.9247950944863,3.36450157100214
358.563017844289,293.066593448184,3.03799185006694
606.611737610669,103.58562261027,4.15325469433964
396.590681838694,226.839613440155,4.18387673856992
572.223710601051,409.544301104601,4.70541757777785
137.640576327303,275.900048492311,4.52685090530137
198.652880178391,368.657415885257,4.02715327583927
124.278812503758,410.718504054445,3.4020660913297
626.003252522826,308.811790122703,4.66227702664945
1.13015257023848,144.165934171958,4.22986182352366
543.99711726304,203.460065194293,4.07656272419433
34.4094144478347,491.743566344414,2.96935411727312
282.047622236464,26.311793255257,3.93544275639886
530.952674683129,395.38905700167,3.46376388075557
73.9806578065905,74.4611287919226,5.24928340156111
4.14613770826141,77.9421861844441,3.71428171890527
591.984660519716,226.525061217507,4.03115595167451
442.430705865071,462.087692471058,4.77859847373425
658.552288619019,372.263139849378,3.13151059032297
106.443675445454,485.629904633596,4.23691066715116
628.860631229872,91.1716967868763,4.06940405752496
421.315794734514,263.345201208879,3.66022441503057
10.7804617964091,182.541049684837,3.37028672141819
61.6349357577074,115.507279084708,4.6242287445023
608.484807867842,211.631819257647,4.34233393262913
253.951371110619,217.764752653491,3.89965784412889
580.410077889922,437.753150519267,3.78590748158505
303.274422840817,141.679349858788,4.00868913804519
522.463159643152,459.334219308826,3.72060979712112
37.774018633102,429.471883176986,3.98926091386089
195.484466345882,287.764489108598,3.90760463421881
550.470220082624,258.813315448691,3.75492700746365
190.473127901468,20.7160635332488,3.98673837442938
290.904190462658,129.274621439195,3.81321569083723
494.653425726349,337.452013587893,4.37478879050754
35.3150612897362,57.0806891002811,3.65448000712631
548.786805226966,145.016987860161,5.13858575172616
NA,NA,NA
659.281216509668,337.350183590982,3.6410559280526
455.104766352382,297.949937857366,3.82533748245333
10.8171876624828,496.063727548459,3.5854899186891
564.8039267475,53.8294604064565,4.26335733106189
70.6822230612015,380.49562921382,3.81051112956681
227.600991777565,413.964026557645,3.85018162469164
428.683869258743,11.9247950944863,3.36450157100214
358.563017844289,293.066593448184,3.03799185006694
606.611737610669,103.58562261027,4.15325469433964
396.590681838694,226.839613440155,4.18387673856992
572.223710601051,409.544301104601,4.70541757777785
137.640576327303,275.900048492311,4.52685090530137
198.652880178391,368.657415885257,4.02715327583927
124.278812503758,410.718504054445,3.4020660913297
626.003252522826,308.811790122703,4.66227702664945
1.13015257023848,144.165934171958,4.22986182352366
543.99711726304,203.460065194293,4.07656272419433
34.4094144478347,491.743566344414,2.96935411727312
282.047622236464,26.311793255257,3.93544275639886
530.952674683129,395.38905700167,3.46376388075557
73.9806578065905,74.4611287919226,5.24928340156111
4.14613770826141,77.9421861844441,3.71428171890527
591.984660519716,226.525061217507,4.03115595167451
442.430705865071,462.087692471058,4.77859847373425
658.552288619019,372.263139849378,3.13151059032297
106.443675445454,485.629904633596,4.23691066715116
628.860631229872,91.1716967868763,4.06940405752496
421.315794734514,263.345201208879,3.66022441503057
10.7804617964091,182.541049684837,3.37028672141819
61.6349357577074,115.507279084708,4.6242287445023
608.484807867842,211.631819257647,4.34233393262913
253.951371110619,217.764752653491,3.89965784412889
580.410077889922,437.753150519267,3.78590748158505
290.904190462658,129.274621439195,3.81321569083723
522.463159643152,459.334219308826,3.72060979712112
37.774018633102,429.471883176986,3.98926091386089
195.484466345882,287.764489108598,3.90760463421881
550.470220082624,258.813315448691,3.75492700746365
190.473127901468,20.7160635332488,3.98673837442938
494.653425726349,337.452013587893,4.37478879050754
35.3150612897362,57.0806891002811,3.65448000712631
548.786805226966,145.016987860161,5.13858575172616
NA,NA,NA
659.281216509668,337.350183590982,3.6410559280526
455.104766352382,297.949937857366,3.82533748245333
10.8171876624828,496.063727548459,3.5854899186891
564.8039267475,53.8294604064565,4.26335733106189
70.6822230612015,380.49562921382,3.81051112956681
227.600991777565,413.964026557645,3.85018162469164
428.683869258743,11.9247950944863,3.36450157100214
358.563017844289,293.066593448184,3.03799185006694
606.611737610669,103.58562261027,4.15325469433964
396.590681838694,226.839613440155,4.18387673856992
572.223710601051,409.544301104601,4.70541757777785
137.640576327303,275.900048492311,4.52685090530137
198.652880178391,368.657415885257,4.02715327583927
124.278812503758,410.718504054445,3.4020660913297
626.003252522826,308.811790122703,4.66227702664945
1.13015257023848,144.165934171958,4.22986182352366
543.99711726304,203.460065194293,4.07656272419433
34.4094144478347,491.743566344414,2.96935411727312
282.047622236464,26.311793255257,3.93544275639886
530.952674683129,395.38905700167,3.46376388075557
73.9806578065905,74.4611287919226,5.24928340156111
4.14613770826141,77.9421861844441,3.71428171890527
591.984660519716,226.525061217507,4.03115595167451
442.430705865071,462.087692471058,4.77859847373425
658.552288619019,372.263139849378,3.13151059032297
106.443675445454,485.629904633596,4.23691066715116
628.860631229872,91.1716967868763,4.06940405752496
421.315794734514,263.345201208879,3.66022441503057
10.7804617964091,182.541049684837,3.37028672141819
61.6349357577074,115.507279084708,4.6242287445023
608.484807867842,211.631819257647,4.34233393262913
253.951371110619,217.764752653491,3.89965784412889
580.410077889922,437.753150519267,3.78590748158505
290.904190462658,129.274621439195,3.81321569083723
522.463159643152,459.334219308826,3.72060979712112
37.774018633102,429.471883176986,3.98926091386089
195.484466345882,287.764489108598,3.90760463421881
550.470220082624,258.813315448691,3.75492700746365
190.473127901468,20.7160635332488,3.98673837442938
494.653425726349,337.452013587893,4.37478879050754
35.3150612897362,57.0806891002811,3.65448000712631
548.786805226966,145.016987860161,5.13858575172616
NA,NA,NA
659.281216509668,337.350183590982,3.6410559280526
455.104766352382,297.949937857366,3.82533748245333
10.8171876624828,496.063727548459,3.5854899186891
564.8039267475,53.8294604064565,4.26335733106189
70.6822230612015,380.49562921382,3.81051112956681
227.600991777565,413.964026557645,3.85018162469164
428.683869258743,11.9247950944863,3.36450157100214
358.563017844289,293.066593448184,3.03799185006694
606.611737610669,103.58562261027,4.15325469433964
396.590681838694,226.839613440155,4.18387673856992
572.223710601051,409.544301104601,4.70541757777785
137.640576327303,275.900048492311,4.52685090530137
198.652880178391,368.657415885257,4.02715327583927
124.278812503758,410.718504054445,3.4020660913297
626.003252522826,308.811790122703,4.66227702664945
1.13015257023848,144.165934171958,4.22986182352366
543.99711726304,203.460065194293,4.07656272419433
34.4094144478347,491.743566344414,2.96935411727312
282.047622236464,26.311793255257,3.93544275639886
530.952674683129,395.38905700167,3.46376388075557
73.9806578065905,74.4611287919226,5.24928340156111
4.14613770826141,77.9421861844441,3.71428171890527
591.984660519716,226.525061217507,4.03115595167451
442.430705865071,462.087692471058,4.77859847373425
658.552288619019,372.263139849378,3.13151059032297
106.443675445454,485.629904633596,4.23691066715116
628.860631229872,91.1716967868763,4.06940405752496
421.315794734514,263.345201208879,3.66022441503057
10.7804617964091,182.541049684837,3.37028672141819
61.6349357577074,115.507279084708,4.6242287445023
608.484807867842,211.631819257647,4.34233393262913
253.951371110619,217.764752653491,3.89965784412889
580.410077889922,437.753150519267,3.78590748158505
290.904190462658,129.274621439195,3.81321569083723
522.463159643152,459.334219308826,3.72060979712112
37.774018633102,429.471883176986,3.98926091386089
195.484466345882,287.764489108598,3.90760463421881
550.470220082624,258.813315448691,3.75492700746365
190.473127901468,20.7160635332488,3.98673837442938
494.653425726349,337.452013587893,4.37478879050754
35.3150612897362,57.0806891002811,3.65448000712631
548.786805226966,145.016987860161,5.13858575172616
NA,NA,NA
659.281216509668,337.350183590982,3.6410559280526
455.104766352382,297.949937857366,3.82533748245333
10.8171876624828,496.063727548459,3.5854899186891
564.8039267475,53.8294604064565,4.26335733106189
70.6822230612015,380.49562921382,3.81051112956681
227.600991777565,413.964026557645,3.85018162469164
428.683869258743,11.9247950944863,3.36450157100214
358.563017844289,293.066593448184,3.03799185006694
606.611737610669,103.58562261027,4.15325469433964
396.590681838694,226.839613440155,4.18387673856992
572.223710601051,409.544301104601,4.70541757777785
137.640576327303,275.900048492311,4.52685090530137
198.652880178391,368.657415885257,4.02715327583927
124.278812503758,410.718504054445,3.4020660913297
626.003252522826,308.811790122703,4.66227702664945
1.13015257023848,144.165934171958,4.22986182352366
543.99711726304,203.460065194293,4.07656272419433
34.4094144478347,491.743566344414,2.96935411727312
282.047622236464,26.311793255257,3.93544275639886
530.952674683129,395.38905700167,3.46376388075557
73.9806578065905,74.4611287919226,5.24928340156111
4.14613770826141,77.9421861844441,3.71428171890527
591.984660519716,226.525061217507,4.03115595167451
442.430705865071,462.087692471058,4.77859847373425
658.552288619019,372.263139849378,3.13151059032297
106.443675445454,485.629904633596,4.23691066715116
628.860631229872,91.1716967868763,4.06940405752496
421.315794734514,263.345201208879,3.66022441503057
10.7804617964091,182.541049684837,3.37028672141819
61.6349357577074,115.507279084708,4.6242287445023
608.484807867842,211.631819257647,4.34233393262913
253.951371110619,217.764752653491,3.89965784412889
580.410077889922,437.753150519267,3.78590748158505
290.904190462658,129.274621439195,3.81321569083723
522.463159643152,459.334219308826,3.72060979712112
37.774018633102,429.471883176986,3.98926091386089
195.484466345882,287.764489108598,3.90760463421881
550.470220082624,258.813315448691,3.75492700746365
190.473127901468,20.7160635332488,3.98673837442938
494.653425726349,337.452013587893,4.37478879050754
35.3150612897362,57.0806891002811,3.65448000712631
548.786805226966,145.016987860161,5.13858575172616
NA,NA,NA
661.899417115786,331.346868984847,3.47693356739608
456.614331095614,298.551403721373,3.72415202676972
13.076205219364,498.732553774477,3.42616623253236
559.116158453661,51.4030301486491,4.0250167460373
69.8094134065848,373.27380679916,3.87169896042502
226.520147407762,411.530206495106,3.87731425025816
428.917716517055,14.5196454320465,3.35155223404988
362.381376382992,292.862272478974,2.88908250322322
604.259876587522,103.985662721874,4.22245149439991
393.398737760102,229.04332779993,4.22443314433587
571.718968740449,414.927848114512,4.7267636044272
146.588209116958,282.889971941951,4.49091043061965
202.182301363786,369.631541243297,4.02705652283217
124.368576884326,415.456386857219,3.36910044855422
622.760569238908,312.36361924895,4.53811947651233
6.84744691761567,144.976383787724,4.35115197177076
539.940074013532,201.006699288079,4.27883754735038
33.8908592546666,492.027434351896,2.85708019218705
281.905891538116,21.3905593043982,3.8857518260775
529.978939940083,391.585405940459,3.37800347440246
77.6255128404689,80.1045213516296,5.20153349872717
2.37473522516975,75.3208969924876,3.49386491749139
587.795539449852,230.149815356833,3.95507345692946
441.255790274254,457.001651630517,4.75371473196955
658.2044924876,370.485130144738,3.22290297148744
104.531857882578,486.688405982192,4.3719098717341
622.008870026301,89.127158724893,4.09263587295225
420.577983023588,259.906096804228,3.59476088561426
12.341856469042,182.300353000569,3.1240678981805
63.3394121553903,121.721561658151,4.31198962305291
600.434284697092,196.109668586753,4.33933629595754
247.328293631308,221.601052353286,3.8381475787646
561.533325169354,432.037498682433,3.68636992426926
300.084895801063,137.306235279902,3.73189274974473
519.338194754314,455.064999378612,3.40431172792952
41.2637488825285,419.767506452458,3.82272462804295
179.150903104049,283.137237919596,4.07015753437825
547.520922300306,265.181202434885,3.6977003086585
190.200992578774,35.5055766918931,4.49766131100504
498.519121402328,341.642723813881,4.68890139195495
43.0006541205339,54.1537810951107,3.93051712343
526.902402088997,141.911995299482,4.94268944285324
NA,NA,NA
661.899417115786,331.346868984847,3.47693356739608
456.614331095614,298.551403721373,3.72415202676972
13.076205219364,498.732553774477,3.42616623253236
559.116158453661,51.4030301486491,4.0250167460373
69.8094134065848,373.27380679916,3.87169896042502
226.520147407762,411.530206495106,3.87731425025816
428.917716517055,14.5196454320465,3.35155223404988
362.381376382992,292.862272478974,2.88908250322322
604.259876587522,103.985662721874,4.22245149439991
393.398737760102,229.04332779993,4.22443314433587
571.718968740449,414.927848114512,4.7267636044272
146.588209116958,282.889971941951,4.49091043061965
202.182301363786,369.631541243297,4.02705652283217
124.368576884326,415.456386857219,3.36910044855422
622.760569238908,312.36361924895,4.53811947651233
6.84744691761567,144.976383787724,4.35115197177076
539.940074013532,201.006699288079,4.27883754735038
33.8908592546666,492.027434351896,2.85708019218705
281.905891538116,21.3905593043982,3.8857518260775
529.978939940083,391.585405940459,3.37800347440246
77.6255128404689,80.1045213516296,5.20153349872717
2.37473522516975,75.3208969924876,3.49386491749139
587.795539449852,230.149815356833,3.95507345692946
441.255790274254,457.001651630517,4.75371473196955
658.2044924876,370.485130144738,3.22290297148744
104.531857882578,486.688405982192,4.3719098717341
622.008870026301,89.127158724893,4.09263587295225
420.577983023588,259.906096804228,3.59476088561426
12.341856469042,182.300353000569,3.1240678981805
63.3394121553903,121.721561658151,4.31198962305291
600.434284697092,196.109668586753,4.33933629595754
247.328293631308,221.601052353286,3.8381475787646
561.533325169354,432.037498682433,3.68636992426926
300.084895801063,137.306235279902,3.73189274974473
519.338194754314,455.064999378612,3.40431172792952
41.2637488825285,419.767506452458,3.82272462804295
179.150903104049,283.137237919596,4.07015753437825
547.520922300306,265.181202434885,3.6977003086585
190.200992578774,35.5055766918931,4.49766131100504
498.519121402328,341.642723813881,4.68890139195495
43.0006541205339,54.1537810951107,3.93051712343
526.902402088997,141.911995299482,4.94268944285324
NA,NA,NA
661.899417115786,331.346868984847,3.47693356739608
456.614331095614,298.551403721373,3.72415202676972
13.076205219364,498.732553774477,3.42616623253236
559.116158453661,51.4030301486491,4.0250167460373
69.8094134065848,373.27380679916,3.87169896042502
226.520147407762,411.530206495106,3.87731425025816
428.917716517055,14.5196454320465,3.35155223404988
362.381376382992,292.862272478974,2.88908250322322
604.259876587522,103.985662721874,4.22245149439991
393.398737760102,229.04332779993,4.22443314433587
571.718968740449,414.927848114512,4.7267636044272
146.588209116958,282.889971941951,4.49091043061965
202.182301363786,369.631541243297,4.02705652283217
124.368576884326,415.456386857219,3.36910044855422
622.760569238908,312.36361924895,4.53811947651233
6.84744691761567,144.976383787724,4.35115197177076
539.940074013532,201.006699288079,4.27883754735038
33.8908592546666,492.027434351896,2.85708019218705
281.905891538116,21.3905593043982,3.8857518260775
529.978939940083,391.585405940459,3.37800347440246
77.6255128404689,80.1045213516296,5.20153349872717
2.37473522516975,75.3208969924876,3.49386491749139
587.795539449852,230.149815356833,3.95507345692946
441.255790274254,457.001651630517,4.75371473196955
658.2044924876,370.485130144738,3.22290297148744
104.531857882578,486.688405982192,4.3719098717341
622.008870026301,89.127158724893,4.09263587295225
420.577983023588,259.906096804228,3.59476088561426
12.341856469042,182.300353000569,3.1240678981805
63.3394121553903,121.721561658151,4.31198962305291
600.434284697092,196.109668586753,4.33933629595754
247.328293631308,221.601052353286,3.8381475787646
561.533325169354,432.037498682433,3.68636992426926
300.084895801063,137.306235279902,3.73189274974473
519.338194754314,455.064999378612,3.40431172792952
41.2637488825285,419.767506452458,3.82272462804295
179.150903104049,283.137237919596,4.07015753437825
547.520922300306,265.181202434885,3.6977003086585
190.200992578774,35.5055766918931,4.49766131100504
498.519121402328,341.642723813881,4.68890139195495
43.0006541205339,54.1537810951107,3.93051712343
526.902402088997,141.911995299482,4.94268944285324
NA,NA,NA
661.899417115786,331.346868984847,3.47693356739608
456.614331095614,298.551403721373,3.72415202676972
13.076205219364,498.732553774477,3.42616623253236
559.116158453661,51.4030301486491,4.0250167460373
69.8094134065848,373.27380679916,3.87169896042502
226.520147407762,411.530206495106,3.87731425025816
428.917716517055,14.5196454320465,3.35155223404988
362.381376382992,292.862272478974,2.88908250322322
604.259876587522,103.985662721874,4.22245149439991
393.398737760102,229.04332779993,4.22443314433587
571.718968740449,414.927848114512,4.7267636044272
146.588209116958,282.889971941951,4.49091043061965
202.182301363786,369.631541243297,4.02705652283217
124.368576884326,415.456386857219,3.36910044855422
622.760569238908,312.36361924895,4.53811947651233
6.84744691761567,144.976383787724,4.35115197177076
539.940074013532,201.006699288079,4.27883754735038
33.8908592546666,492.027434351896,2.85708019218705
281.905891538116,21.3905593043982,3.8857518260775
529.978939940083,391.585405940459,3.37800347440246
77.6255128404689,80.1045213516296,5.20153349872717
2.37473522516975,75.3208969924876,3.49386491749139
587.795539449852,230.149815356833,3.95507345692946
441.255790274254,457.001651630517,4.75371473196955
658.2044924876,370.485130144738,3.22290297148744
104.531857882578,486.688405982192,4.3719098717341
622.008870026301,89.127158724893,4.09263587295225
420.577983023588,259.906096804228,3.59476088561426
12.341856469042,182.300353000569,3.1240678981805
63.3394121553903,121.721561658151,4.31198962305291
600.434284697092,196.109668586753,4.33933629595754
247.328293631308,221.601052353286,3.8381475787646
561.533325169354,432.037498682433,3.68636992426926
300.084895801063,137.306235279902,3.73189274974473
519.338194754314,455.064999378612,3.40431172792952
41.2637488825285,419.767506452458,3.82272462804295
179.150903104049,283.137237919596,4.07015753437825
547.520922300306,265.181202434885,3.6977003086585
190.200992578774,35.5055766918931,4.49766131100504
498.519121402328,341.642723813881,4.68890139195495
43.0006541205339,54.1537810951107,3.93051712343
526.902402088997,141.911995299482,4.94268944285324
NA,NA,NA
661.899417115786,331.346868984847,3.47693356739608
456.614331095614,298.551403721373,3.72415202676972
13.076205219364,498.732553774477,3.42616623253236
559.116158453661,51.4030301486491,4.0250167460373
69.8094134065848,373.27380679916,3.87169896042502
226.520147407762,411.530206495106,3.87731425025816
428.917716517055,14.5196454320465,3.35155223404988
362.381376382992,292.862272478974,2.88908250322322
604.259876587522,103.985662721874,4.22245149439991
393.398737760102,229.04332779993,4.22443314433587
571.718968740449,414.927848114512,4.7267636044272
146.588209116958,282.889971941951,4.49091043061965
202.182301363786,369.631541243297,4.02705652283217
124.368576884326,415.456386857219,3.36910044855422
622.760569238908,312.36361924895,4.53811947651233
6.84744691761567,144.976383787724,4.35115197177076
539.940074013532,201.006699288079,4.27883754735038
33.8908592546666,492.027434351896,2.85708019218705
281.905891538116,21.3905593043982,3.8857518260775
529.978939940083,391.585405940459,3.37800347440246
77.6255128404689,80.1045213516296,5.20153349872717
2.37473522516975,75.3208969924876,3.49386491749139
587.795539449852,230.149815356833,3.95507345692946
441.255790274254,457.001651630517,4.75371473196955
658.2044924876,370.485130144738,3.22290297148744
104.531857882578,486.688405982192,4.3719098717341
622.008870026301,89.127158724893,4.09263587295225
420.577983023588,259.906096804228,3.59476088561426
12.341856469042,182.300353000569,3.1240678981805
63.3394121553903,121.721561658151,4.31198962305291
600.434284697092,196.109668586753,4.33933629595754
247.328293631308,221.601052353286,3.8381475787646
561.533325169354,432.037498682433,3.68636992426926
300.084895801063,137.306235279902,3.73189274974473
519.338194754314,455.064999378612,3.40431172792952
41.2637488825285,419.767506452458,3.82272462804295
179.150903104049,283.137237919596,4.07015753437825
547.520922300306,265.181202434885,3.6977003086585
190.200992578774,35.5055766918931,4.49766131100504
498.519121402328,341.642723813881,4.68890139195495
43.0006541205339,54.1537810951107,3.93051712343
526.902402088997,141.911995299482,4.94268944285324
NA,NA,NA
661.899417115786,331.346868984847,3.47693356739608
456.614331095614,298.551403721373,3.72415202676972
13.076205219364,498.732553774477,3.42616623253236
559.116158453661,51.4030301486491,4.0250167460373
69.8094134065848,373.27380679916,3.87169896042502
226.520147407762,411.530206495106,3.87731425025816
428.917716517055,14.5196454320465,3.35155223404988
362.381376382992,292.862272478974,2.88908250322322
604.259876587522,103.985662721874,4.22245149439991
393.398737760102,229.04332779993,4.22443314433587
571.718968740449,414.927848114512,4.7267636044272
146.588209116958,282.889971941951,4.49091043061965
202.182301363786,369.631541243297,4.02705652283217
124.368576884326,415.456386857219,3.36910044855422
622.760569238908,312.36361924895,4.53811947651233
6.84744691761567,144.976383787724,4.35115197177076
539.940074013532,201.006699288079,4.27883754735038
33.8908592546666,492.027434351896,2.85708019218705
281.905891538116,21.3905593043982,3.8857518260775
529.978939940083,391.585405940459,3.37800347440246
77.6255128404689,80.1045213516296,5.20153349872717
2.37473522516975,75.3208969924876,3.49386491749139
587.795539449852,230.149815356833,3.95507345692946
441.255790274254,457.001651630517,4.75371473196955
658.2044924876,370.485130144738,3.22290297148744
104.531857882578,486.688405982192,4.3719098717341
622.008870026301,89.127158724893,4.09263587295225
420.577983023588,259.906096804228,3.59476088561426
12.341856469042,182.300353000569,3.1240678981805
63.3394121553903,121.721561658151,4.31198962305291
600.434284697092,196.109668586753,4.33933629595754
247.328293631308,221.601052353286,3.8381475787646
561.533325169354,432.037498682433,3.68636992426926
300.084895801063,137.306235279902,3.73189274974473
519.338194754314,455.064999378612,3.40431172792952
41.2637488825285,419.767506452458,3.82272462804295
179.150903104049,283.137237919596,4.07015753437825
547.520922300306,265.181202434885,3.6977003086585
190.200992578774,35.5055766918931,4.49766131100504
498.519121402328,341.642723813881,4.68890139195495
43.0006541205339,54.1537810951107,3.93051712343
526.902402088997,141.911995299482,4.94268944285324
NA,NA,NA
665.166450488416,337.791229719928,3.58580592072678
458.748618503104,298.758788858527,3.55233971482786
7.97008445996376,493.313723674196,3.51348782087419
565.286856478191,46.0982803850266,4.15289523394301
72.7253212552972,373.609068846627,3.96942910075907
226.719725617236,413.789064760133,3.86609805854179
429.610290560014,11.2814692911492,3.22882279774156
361.511331721739,291.130412889809,3.01096474580672
599.850660182537,104.201511170738,4.29503318184455
385.684015641257,235.976714925054,4.31519891187404
570.521340542426,409.105750545295,4.70194572523055
145.282164651175,280.254859030696,4.53405864692077
199.738432497819,364.327452364049,4.05867876764728
124.661492504434,408.352854172614,3.35595797069228
620.754731660169,314.012862071425,4.61351222199609
0.636225295757266,145.465601853465,4.23209863005871
543.068618926707,205.816516691505,4.04028183895816
35.8705909116761,491.301258708695,3.02418317102952
276.38575847502,25.5214317276383,3.89092180368
534.942034915228,394.165498187851,3.36704777135701
73.1899598820771,74.2033816290092,5.28748026849582
3.81352013940488,72.8155063174261,3.5269581828402
591.034012837289,227.569865010301,4.04497326305452
435.337205982871,457.610299527191,4.82402805635826
659.885411573913,372.749785409914,3.00805892896814
107.713252926532,488.599413822716,4.25372460979443
624.093176841684,95.3277150184111,4.06834939316492
420.732568459192,259.916923835473,3.66865969769772
9.79919750310752,181.191801299589,3.09104933312399
52.0391886684016,128.995266735811,4.54752649164557
624.52307815511,185.59530984562,4.07635748153453
257.667271201002,223.322271674926,4.01873279583936
572.459649862667,430.028789959799,3.66474713889651
298.957090723329,145.396315175552,3.92822006258017
535.214395993996,461.922604779659,3.50524577573684
50.5737494452293,406.983810969713,4.06563204634019
207.190028917249,288.10956338139,4.00938067561404
560.70870083509,268.185119317343,3.80747254592104
155.595254213864,32.6066319156967,4.0543589430164
499.81005895557,339.153467425362,4.52177327388411
47.5548825699206,57.2903604412597,3.5625293944671
534.253901665171,142.342269579038,4.90235984409091
NA,NA,NA
665.166450488416,337.791229719928,3.58580592072678
458.748618503104,298.758788858527,3.55233971482786
7.97008445996376,493.313723674196,3.51348782087419
565.286856478191,46.0982803850266,4.15289523394301
72.7253212552972,373.609068846627,3.96942910075907
226.719725617236,413.789064760133,3.86609805854179
429.610290560014,11.2814692911492,3.22882279774156
361.511331721739,291.130412889809,3.01096474580672
599.850660182537,104.201511170738,4.29503318184455
385.684015641257,235.976714925054,4.31519891187404
570.521340542426,409.105750545295,4.70194572523055
145.282164651175,280.254859030696,4.53405864692077
199.738432497819,364.327452364049,4.05867876764728
124.661492504434,408.352854172614,3.35595797069228
620.754731660169,314.012862071425,4.61351222199609
0.636225295757266,145.465601853465,4.23209863005871
543.068618926707,205.816516691505,4.04028183895816
35.8705909116761,491.301258708695,3.02418317102952
276.38575847502,25.5214317276383,3.89092180368
534.942034915228,394.165498187851,3.36704777135701
73.1899598820771,74.2033816290092,5.28748026849582
3.81352013940488,72.8155063174261,3.5269581828402
591.034012837289,227.569865010301,4.04497326305452
435.337205982871,457.610299527191,4.82402805635826
659.885411573913,372.749785409914,3.00805892896814
107.713252926532,488.599413822716,4.25372460979443
624.093176841684,95.3277150184111,4.06834939316492
420.732568459192,259.916923835473,3.66865969769772
9.79919750310752,181.191801299589,3.09104933312399
52.0391886684016,128.995266735811,4.54752649164557
624.52307815511,185.59530984562,4.07635748153453
257.667271201002,223.322271674926,4.01873279583936
572.459649862667,430.028789959799,3.66474713889651
298.957090723329,145.396315175552,3.92822006258017
535.214395993996,461.922604779659,3.50524577573684
50.5737494452293,406.983810969713,4.06563204634019
207.190028917249,288.10956338139,4.00938067561404
560.70870083509,268.185119317343,3.80747254592104
155.595254213864,32.6066319156967,4.0543589430164
499.81005895557,339.153467425362,4.52177327388411
47.5548825699206,57.2903604412597,3.5625293944671
534.253901665171,142.342269579038,4.90235984409091
NA,NA,NA
665.166450488416,337.791229719928,3.58580592072678
458.748618503104,298.758788858527,3.55233971482786
7.97008445996376,493.313723674196,3.51348782087419
565.286856478191,46.0982803850266,4.15289523394301
72.7253212552972,373.609068846627,3.96942910075907
226.719725617236,413.789064760133,3.86609805854179
429.610290560014,11.2814692911492,3.22882279774156
361.511331721739,291.130412889809,3.01096474580672
599.850660182537,104.201511170738,4.29503318184455
385.684015641257,235.976714925054,4.31519891187404
570.521340542426,409.105750545295,4.70194572523055
145.282164651175,280.254859030696,4.53405864692077
199.738432497819,364.327452364049,4.05867876764728
124.661492504434,408.352854172614,3.35595797069228
620.754731660169,314.012862071425,4.61351222199609
0.636225295757266,145.465601853465,4.23209863005871
543.068618926707,205.816516691505,4.04028183895816
35.8705909116761,491.301258708695,3.02418317102952
276.38575847502,25.5214317276383,3.89092180368
534.942034915228,394.165498187851,3.36704777135701
73.1899598820771,74.2033816290092,5.28748026849582
3.81352013940488,72.8155063174261,3.5269581828402
591.034012837289,227.569865010301,4.04497326305452
435.337205982871,457.610299527191,4.82402805635826
659.885411573913,372.749785409914,3.00805892896814
107.713252926532,488.599413822716,4.25372460979443
624.093176841684,95.3277150184111,4.06834939316492
420.732568459192,259.916923835473,3.66865969769772
9.79919750310752,181.191801299589,3.09104933312399
52.0391886684016,128.995266735811,4.54752649164557
624.52307815511,185.59530984562,4.07635748153453
257.667271201002,223.322271674926,4.01873279583936
572.459649862667,430.028789959799,3.66474713889651
298.957090723329,145.396315175552,3.92822006258017
535.214395993996,461.922604779659,3.50524577573684
50.5737494452293,406.983810969713,4.06563204634019
207.190028917249,288.10956338139,4.00938067561404
560.70870083509,268.185119317343,3.80747254592104
155.595254213864,32.6066319156967,4.0543589430164
499.81005895557,339.153467425362,4.52177327388411
47.5548825699206,57.2903604412597,3.5625293944671
534.253901665171,142.342269579038,4.90235984409091
NA,NA,NA
665.166450488416,337.791229719928,3.58580592072678
458.748618503104,298.758788858527,3.55233971482786
7.97008445996376,493.313723674196,3.51348782087419
565.286856478191,46.0982803850266,4.15289523394301
72.7253212552972,373.609068846627,3.96942910075907
226.719725617236,413.789064760133,3.86609805854179
429.610290560014,11.2814692911492,3.22882279774156
361.511331721739,291.130412889809,3.01096474580672
599.850660182537,104.201511170738,4.29503318184455
385.684015641257,235.976714925054,4.31519891187404
570.521340542426,409.105750545295,4.70194572523055
145.282164651175,280.254859030696,4.53405864692077
199.738432497819,364.327452364049,4.05867876764728
124.661492504434,408.352854172614,3.35595797069228
620.754731660169,314.012862071425,4.61351222199609
0.636225295757266,145.465601853465,4.23209863005871
543.068618926707,205.816516691505,4.04028183895816
35.8705909116761,491.301258708695,3.02418317102952
276.38575847502,25.5214317276383,3.89092180368
534.942034915228,394.165498187851,3.36704777135701
73.1899598820771,74.2033816290092,5.28748026849582
3.81352013940488,72.8155063174261,3.5269581828402
591.034012837289,227.569865010301,4.04497326305452
435.337205982871,457.610299527191,4.82402805635826
659.885411573913,372.749785409914,3.00805892896814
107.713252926532,488.599413822716,4.25372460979443
624.093176841684,95.3277150184111,4.06834939316492
420.732568459192,259.916923835473,3.66865969769772
9.79919750310752,181.191801299589,3.09104933312399
52.0391886684016,128.995266735811,4.54752649164557
624.52307815511,185.59530984562,4.07635748153453
257.667271201002,223.322271674926,4.01873279583936
572.459649862667,430.028789959799,3.66474713889651
298.957090723329,145.396315175552,3.92822006258017
535.214395993996,461.922604779659,3.50524577573684
50.5737494452293,406.983810969713,4.06563204634019
207.190028917249,288.10956338139,4.00938067561404
560.70870083509,268.185119317343,3.80747254592104
155.595254213864,32.6066319156967,4.0543589430164
499.81005895557,339.153467425362,4.52177327388411
47.5548825699206,57.2903604412597,3.5625293944671
534.253901665171,142.342269579038,4.90235984409091
NA,NA,NA
665.166450488416,337.791229719928,3.58580592072678
458.748618503104,298.758788858527,3.55233971482786
7.97008445996376,493.313723674196,3.51348782087419
565.286856478191,46.0982803850266,4.15289523394301
72.7253212552972,373.609068846627,3.96942910075907
226.719725617236,413.789064760133,3.86609805854179
429.610290560014,11.2814692911492,3.22882279774156
361.511331721739,291.130412889809,3.01096474580672
599.850660182537,104.201511170738,4.29503318184455
385.684015641257,235.976714925054,4.31519891187404
570.521340542426,409.105750545295,4.70194572523055
145.282164651175,280.254859030696,4.53405864692077
199.738432497819,364.327452364049,4.05867876764728
124.661492504434,408.352854172614,3.35595797069228
620.754731660169,314.012862071425,4.61351222199609
0.636225295757266,145.465601853465,4.23209863005871
543.068618926707,205.816516691505,4.04028183895816
35.8705909116761,491.301258708695,3.02418317102952
276.38575847502,25.5214317276383,3.89092180368
534.942034915228,394.165498187851,3.36704777135701
73.1899598820771,74.2033816290092,5.28748026849582
3.81352013940488,72.8155063174261,3.5269581828402
591.034012837289,227.569865010301,4.04497326305452
435.337205982871,457.610299527191,4.82402805635826
659.885411573913,372.749785409914,3.00805892896814
107.713252926532,488.599413822716,4.25372460979443
624.093176841684,95.3277150184111,4.06834939316492
420.732568459192,259.916923835473,3.66865969769772
9.79919750310752,181.191801299589,3.09104933312399
52.0391886684016,128.995266735811,4.54752649164557
624.52307815511,185.59530984562,4.07635748153453
257.667271201002,223.322271674926,4.01873279583936
572.459649862667,430.028789959799,3.66474713889651
298.957090723329,145.396315175552,3.92822006258017
535.214395993996,461.922604779659,3.50524577573684
50.5737494452293,406.983810969713,4.06563204634019
207.190028917249,288.10956338139,4.00938067561404
560.70870083509,268.185119317343,3.80747254592104
155.595254213864,32.6066319156967,4.0543589430164
499.81005895557,339.153467425362,4.52177327388411
47.5548825699206,57.2903604412597,3.5625293944671
534.253901665171,142.342269579038,4.90235984409091
NA,NA,NA
665.166450488416,337.791229719928,3.58580592072678
458.748618503104,298.758788858527,3.55233971482786
7.97008445996376,493.313723674196,3.51348782087419
565.286856478191,46.0982803850266,4.15289523394301
72.7253212552972,373.609068846627,3.96942910075907
226.719725617236,413.789064760133,3.86609805854179
429.610290560014,11.2814692911492,3.22882279774156
361.511331721739,291.130412889809,3.01096474580672
599.850660182537,104.201511170738,4.29503318184455
385.684015641257,235.976714925054,4.31519891187404
570.521340542426,409.105750545295,4.70194572523055
145.282164651175,280.254859030696,4.53405864692077
199.738432497819,364.327452364049,4.05867876764728
124.661492504434,408.352854172614,3.35595797069228
620.754731660169,314.012862071425,4.61351222199609
0.636225295757266,145.465601853465,4.23209863005871
543.068618926707,205.816516691505,4.04028183895816
35.8705909116761,491.301258708695,3.02418317102952
276.38575847502,25.5214317276383,3.89092180368
534.942034915228,394.165498187851,3.36704777135701
73.1899598820771,74.2033816290092,5.28748026849582
3.81352013940488,72.8155063174261,3.5269581828402
591.034012837289,227.569865010301,4.04497326305452
435.337205982871,457.610299527191,4.82402805635826
659.885411573913,372.749785409914,3.00805892896814
107.713252926532,488.599413822716,4.25372460979443
624.093176841684,95.3277150184111,4.06834939316492
420.732568459192,259.916923835473,3.66865969769772
9.79919750310752,181.191801299589,3.09104933312399
52.0391886684016,128.995266735811,4.54752649164557
624.52307815511,185.59530984562,4.07635748153453
257.667271201002,223.322271674926,4.01873279583936
572.459649862667,430.028789959799,3.66474713889651
298.957090723329,145.396315175552,3.92822006258017
535.214395993996,461.922604779659,3.50524577573684
50.5737494452293,406.983810969713,4.06563204634019
207.190028917249,288.10956338139,4.00938067561404
560.70870083509,268.185119317343,3.80747254592104
155.595254213864,32.6066319156967,4.0543589430164
499.81005895557,339.153467425362,4.52177327388411
47.5548825699206,57.2903604412597,3.5625293944671
534.253901665171,142.342269579038,4.90235984409091
NA,NA,NA
662.859491005768,336.166802040404,3.58848619640393
457.397212643752,294.15086003183,3.65131767359008
10.9790929923553,498.939974393376,3.68246983192941
562.838431231756,56.4855216151924,4.06831620492948
68.878089515638,376.919599858752,4.03009096322522
227.642432267293,413.592238958201,3.92331091301581
428.064446019668,14.5821087086497,3.11318815930921
361.978495065144,289.802878404786,3.07770336782727
605.380361854685,101.452431888313,4.34109426783301
393.307115547596,230.751009693896,4.16722853867476
563.962116474982,405.57466915338,4.73095447464097
138.357738196376,283.098363675286,4.68319519093561
197.149925280532,372.404803816889,3.95289532477827
123.507680265562,410.731877105349,3.39443203581037
624.927465419969,315.291445915887,4.70704425053647
-0.0960799006933066,149.540566940663,4.32562462738068
545.059441920817,200.471222664432,4.02078892674856
34.0376259652951,490.261126636766,3.06223240259666
275.894745808628,24.6097399014101,4.17125796879025
533.364716286114,392.749177698706,3.47992788665481
78.853990892262,81.9294066110524,5.35677620077161
4.93358699226246,76.7631071102109,3.34754542810757
587.66849115849,224.882041797597,3.90050948357917
450.313499732413,466.119162686815,4.69961050528604
656.714955304703,373.770478926627,3.0238442144368
111.791590139527,484.373023661229,4.30867666423385
622.68931294614,90.5570141145959,4.1086138928063
419.442150140949,254.256164682383,3.56648982813724
9.70985886236499,182.602394601302,3.32516604594634
79.8808054075765,124.53058972059,4.32354507022739
602.576710376395,187.395681154492,4.17630428712208
258.038186328282,223.134125543577,3.54441692771672
570.941836643818,439.442521310806,3.87152812822843
298.761916234983,137.40793216392,3.72224027527214
531.638176260124,458.984931980671,3.64134396556879
46.2679584793044,420.873014040876,3.73181216976688
191.370229394821,297.990794675198,3.77046009239099
549.783934064964,263.956193237077,3.85548830728877
182.546201185532,26.2101252672909,4.12134794569817
502.36965413429,344.19215585813,4.32718770383931
32.6390447703422,56.2289495962111,3.85731341647975
530.126077046852,150.780559634595,4.63796784699511
NA,NA,NA
662.859491005768,336.166802040404,3.58848619640393
457.397212643752,294.15086003183,3.65131767359008
10.9790929923553,498.939974393376,3.68246983192941
562.838431231756,56.4855216151924,4.06831620492948
68.878089515638,376.919599858752,4.03009096322522
227.642432267293,413.592238958201,3.92331091301581
428.064446019668,14.5821087086497,3.11318815930921
361.978495065144,289.802878404786,3.07770336782727
605.380361854685,101.452431888313,4.34109426783301
393.307115547596,230.751009693896,4.16722853867476
563.962116474982,405.57466915338,4.73095447464097
138.357738196376,283.098363675286,4.68319519093561
197.149925280532,372.404803816889,3.95289532477827
123.507680265562,410.731877105349,3.39443203581037
624.927465419969,315.291445915887,4.70704425053647
-0.0960799006933066,149.540566940663,4.32562462738068
545.059441920817,200.471222664432,4.02078892674856
34.0376259652951,490.261126636766,3.06223240259666
275.894745808628,24.6097399014101,4.17125796879025
533.364716286114,392.749177698706,3.47992788665481
78.853990892262,81.9294066110524,5.35677620077161
4.93358699226246,76.7631071102109,3.34754542810757
587.66849115849,224.882041797597,3.90050948357917
450.313499732413,466.119162686815,4.69961050528604
656.714955304703,373.770478926627,3.0238442144368
111.791590139527,484.373023661229,4.30867666423385
622.68931294614,90.5570141145959,4.1086138928063
419.442150140949,254.256164682383,3.56648982813724
9.70985886236499,182.602394601302,3.32516604594634
79.8808054075765,124.53058972059,4.32354507022739
602.576710376395,187.395681154492,4.17630428712208
258.038186328282,223.134125543577,3.54441692771672
570.941836643818,439.442521310806,3.87152812822843
298.761916234983,137.40793216392,3.72224027527214
531.638176260124,458.984931980671,3.64134396556879
46.2679584793044,420.873014040876,3.73181216976688
191.370229394821,297.990794675198,3.77046009239099
549.783934064964,263.956193237077,3.85548830728877
182.546201185532,26.2101252672909,4.12134794569817
502.36965413429,344.19215585813,4.32718770383931
32.6390447703422,56.2289495962111,3.85731341647975
530.126077046852,150.780559634595,4.63796784699511
NA,NA,NA
662.859491005768,336.166802040404,3.58848619640393
457.397212643752,294.15086003183,3.65131767359008
10.9790929923553,498.939974393376,3.68246983192941
562.838431231756,56.4855216151924,4.06831620492948
68.878089515638,376.919599858752,4.03009096322522
227.642432267293,413.592238958201,3.92331091301581
428.064446019668,14.5821087086497,3.11318815930921
361.978495065144,289.802878404786,3.07770336782727
605.380361854685,101.452431888313,4.34109426783301
393.307115547596,230.751009693896,4.16722853867476
563.962116474982,405.57466915338,4.73095447464097
138.357738196376,283.098363675286,4.68319519093561
197.149925280532,372.404803816889,3.95289532477827
123.507680265562,410.731877105349,3.39443203581037
624.927465419969,315.291445915887,4.70704425053647
-0.0960799006933066,149.540566940663,4.32562462738068
545.059441920817,200.471222664432,4.02078892674856
34.0376259652951,490.261126636766,3.06223240259666
275.894745808628,24.6097399014101,4.17125796879025
533.364716286114,392.749177698706,3.47992788665481
78.853990892262,81.9294066110524,5.35677620077161
4.93358699226246,76.7631071102109,3.34754542810757
587.66849115849,224.882041797597,3.90050948357917
450.313499732413,466.119162686815,4.69961050528604
656.714955304703,373.770478926627,3.0238442144368
111.791590139527,484.373023661229,4.30867666423385
622.68931294614,90.5570141145959,4.1086138928063
419.442150140949,254.256164682383,3.56648982813724
9.70985886236499,182.602394601302,3.32516604594634
79.8808054075765,124.53058972059,4.32354507022739
602.576710376395,187.395681154492,4.17630428712208
258.038186328282,223.134125543577,3.54441692771672
570.941836643818,439.442521310806,3.87152812822843
298.761916234983,137.40793216392,3.72224027527214
531.638176260124,458.984931980671,3.64134396556879
46.2679584793044,420.873014040876,3.73181216976688
191.370229394821,297.990794675198,3.77046009239099
549.783934064964,263.956193237077,3.85548830728877
182.546201185532,26.2101252672909,4.12134794569817
502.36965413429,344.19215585813,4.32718770383931
32.6390447703422,56.2289495962111,3.85731341647975
530.126077046852,150.780559634595,4.63796784699511
NA,NA,NA
662.859491005768,336.166802040404,3.58848619640393
457.397212643752,294.15086003183,3.65131767359008
10.9790929923553,498.939974393376,3.68246983192941
562.838431231756,56.4855216151924,4.06831620492948
68.878089515638,376.919599858752,4.03009096322522
227.642432267293,413.592238958201,3.92331091301581
428.064446019668,14.5821087086497,3.11318815930921
361.978495065144,289.802878404786,3.07770336782727
605.380361854685,101.452431888313,4.34109426783301
393.307115547596,230.751009693896,4.16722853867476
563.962116474982,405.57466915338,4.73095447464097
138.357738196376,283.098363675286,4.68319519093561
197.149925280532,372.404803816889,3.95289532477827
123.507680265562,410.731877105349,3.39443203581037
624.927465419969,315.291445915887,4.70704425053647
-0.0960799006933066,149.540566940663,4.32562462738068
545.059441920817,200.471222664432,4.02078892674856
34.0376259652951,490.261126636766,3.06223240259666
275.894745808628,24.6097399014101,4.17125796879025
533.364716286114,392.749177698706,3.47992788665481
78.853990892262,81.9294066110524,5.35677620077161
4.93358699226246,76.7631071102109,3.34754542810757
587.66849115849,224.882041797597,3.90050948357917
450.313499732413,466.119162686815,4.69961050528604
656.714955304703,373.770478926627,3.0238442144368
111.791590139527,484.373023661229,4.30867666423385
622.68931294614,90.5570141145959,4.1086138928063
419.442150140949,254.256164682383,3.56648982813724
9.70985886236499,182.602394601302,3.32516604594634
79.8808054075765,124.53058972059,4.32354507022739
602.576710376395,187.395681154492,4.17630428712208
258.038186328282,223.134125543577,3.54441692771672
570.941836643818,439.442521310806,3.87152812822843
298.761916234983,137.40793216392,3.72224027527214
531.638176260124,458.984931980671,3.64134396556879
46.2679584793044,420.873014040876,3.73181216976688
191.370229394821,297.990794675198,3.77046009239099
549.783934064964,263.956193237077,3.85548830728877
182.546201185532,26.2101252672909,4.12134794569817
502.36965413429,344.19215585813,4.32718770383931
32.6390447703422,56.2289495962111,3.85731341647975
530.126077046852,150.780559634595,4.63796784699511
NA,NA,NA
662.859491005768,336.166802040404,3.58848619640393
457.397212643752,294.15086003183,3.65131767359008
10.9790929923553,498.939974393376,3.68246983192941
562.838431231756,56.4855216151924,4.06831620492948
68.878089515638,376.919599858752,4.03009096322522
227.642432267293,413.592238958201,3.92331091301581
428.064446019668,14.5821087086497,3.11318815930921
361.978495065144,289.802878404786,3.07770336782727
605.380361854685,101.452431888313,4.34109426783301
393.307115547596,230.751009693896,4.16722853867476
563.962116474982,405.57466915338,4.73095447464097
138.357738196376,283.098363675286,4.68319519093561
197.149925280532,372.404803816889,3.95289532477827
123.507680265562,410.731877105349,3.39443203581037
624.927465419969,315.291445915887,4.70704425053647
-0.0960799006933066,149.540566940663,4.32562462738068
545.059441920817,200.471222664432,4.02078892674856
34.0376259652951,490.261126636766,3.06223240259666
275.894745808628,24.6097399014101,4.17125796879025
533.364716286114,392.749177698706,3.47992788665481
78.853990892262,81.9294066110524,5.35677620077161
4.93358699226246,76.7631071102109,3.34754542810757
587.66849115849,224.882041797597,3.90050948357917
450.313499732413,466.119162686815,4.69961050528604
656.714955304703,373.770478926627,3.0238442144368
111.791590139527,484.373023661229,4.30867666423385
622.68931294614,90.5570141145959,4.1086138928063
419.442150140949,254.256164682383,3.56648982813724
9.70985886236499,182.602394601302,3.32516604594634
79.8808054075765,124.53058972059,4.32354507022739
602.576710376395,187.395681154492,4.17630428712208
258.038186328282,223.134125543577,3.54441692771672
570.941836643818,439.442521310806,3.87152812822843
298.761916234983,137.40793216392,3.72224027527214
531.638176260124,458.984931980671,3.64134396556879
46.2679584793044,420.873014040876,3.73181216976688
191.370229394821,297.990794675198,3.77046009239099
549.783934064964,263.956193237077,3.85548830728877
182.546201185532,26.2101252672909,4.12134794569817
502.36965413429,344.19215585813,4.32718770383931
32.6390447703422,56.2289495962111,3.85731341647975
530.126077046852,150.780559634595,4.63796784699511
NA,NA,NA
662.859491005768,336.166802040404,3.58848619640393
457.397212643752,294.15086003183,3.65131767359008
10.9790929923553,498.939974393376,3.68246983192941
562.838431231756,56.4855216151924,4.06831620492948
68.878089515638,376.919599858752,4.03009096322522
227.642432267293,413.592238958201,3.92331091301581
428.064446019668,14.5821087086497,3.11318815930921
361.978495065144,289.802878404786,3.07770336782727
605.380361854685,101.452431888313,4.34109426783301
393.307115547596,230.751009693896,4.16722853867476
563.962116474982,405.57466915338,4.73095447464097
138.357738196376,283.098363675286,4.68319519093561
197.149925280532,372.404803816889,3.95289532477827
123.507680265562,410.731877105349,3.39443203581037
624.927465419969,315.291445915887,4.70704425053647
-0.0960799006933066,149.540566940663,4.32562462738068
545.059441920817,200.471222664432,4.02078892674856
34.0376259652951,490.261126636766,3.06223240259666
275.894745808628,24.6097399014101,4.17125796879025
533.364716286114,392.749177698706,3.47992788665481
78.853990892262,81.9294066110524,5.35677620077161
4.93358699226246,76.7631071102109,3.34754542810757
587.66849115849,224.882041797597,3.90050948357917
450.313499732413,466.119162686815,4.69961050528604
656.714955304703,373.770478926627,3.0238442144368
111.791590139527,484.373023661229,4.30867666423385
622.68931294614,90.5570141145959,4.1086138928063
419.442150140949,254.256164682383,3.56648982813724
9.70985886236499,182.602394601302,3.32516604594634
79.8808054075765,124.53058972059,4.32354507022739
602.576710376395,187.395681154492,4.17630428712208
258.038186328282,223.134125543577,3.54441692771672
570.941836643818,439.442521310806,3.87152812822843
298.761916234983,137.40793216392,3.72224027527214
531.638176260124,458.984931980671,3.64134396556879
46.2679584793044,420.873014040876,3.73181216976688
191.370229394821,297.990794675198,3.77046009239099
549.783934064964,263.956193237077,3.85548830728877
182.546201185532,26.2101252672909,4.12134794569817
502.36965413429,344.19215585813,4.32718770383931
32.6390447703422,56.2289495962111,3.85731341647975
530.126077046852,150.780559634595,4.63796784699511
NA,NA,NA
660.172948459345,329.457015985162,3.46748614989361
455.367265797869,300.549823389877,3.71322614493009
10.9055627915721,493.659083255184,3.67713437490121
562.32622813004,54.9180605931138,4.05034462345437
71.6769964507275,373.480505091621,3.97424483030394
226.090622455737,413.986577642559,3.9150451149666
428.939449927799,10.3828130553215,3.29261950652808
364.057353419779,296.551419458541,2.9984996721053
605.914903835986,103.018759946244,4.16550550290432
393.300921445208,230.872920834096,4.07437358428006
561.133740223909,409.63933009905,4.79742567940472
145.268116778067,282.507988384621,4.53450965238561
192.554796462488,373.656898215084,4.04081157935918
126.185186660424,409.942803477821,3.39205540752474
623.616482155714,312.244760730941,4.66151579986885
1.69261747958703,153.162500046273,4.21735258165795
541.961696744325,201.724416840325,4.16856540423869
35.0042999083641,491.411991302263,3.10670367583596
279.197615176759,22.7538752495286,3.84650855521834
535.029945857929,394.681473907771,3.49394560237785
74.1701860324554,82.9514805035938,5.28964867475604
4.87729588740599,78.0962043761126,3.60341281696471
587.953832158802,225.182410780265,4.02322606611607
442.24561567675,454.295414781074,4.78967153185016
657.572291797937,375.445623565725,3.22534461581662
104.505687213627,488.347021695362,4.38212180382077
623.086616495057,90.4820130554577,4.10840286032224
418.068119341848,258.915083905241,3.67849288090383
10.2432788660199,181.456973123802,3.11360062901574
63.9585863101862,111.098542588283,4.41069550084204
590.766299849169,204.168620086794,4.13460443903427
250.241770414508,217.782955671802,3.37788852093463
573.033807055414,430.526638576082,3.8138028781133
308.42451180095,138.957415208082,3.92128612148314
526.142742541159,455.353782767546,3.58693219221463
47.7626441895567,428.506674055215,3.84844110329665
196.397483592646,296.873736944166,3.94978488044128
554.026873804776,262.71444383355,3.71663186233628
169.973968579611,30.4082482058827,4.12165834288506
506.818640566355,359.506612230629,4.5781313445852
34.1364647678771,43.3699927611079,4.0574091501181
525.85082027531,134.700569121201,5.08188162750661
NA,NA,NA
660.172948459345,329.457015985162,3.46748614989361
455.367265797869,300.549823389877,3.71322614493009
10.9055627915721,493.659083255184,3.67713437490121
562.32622813004,54.9180605931138,4.05034462345437
71.6769964507275,373.480505091621,3.97424483030394
226.090622455737,413.986577642559,3.9150451149666
428.939449927799,10.3828130553215,3.29261950652808
364.057353419779,296.551419458541,2.9984996721053
605.914903835986,103.018759946244,4.16550550290432
393.300921445208,230.872920834096,4.07437358428006
561.133740223909,409.63933009905,4.79742567940472
145.268116778067,282.507988384621,4.53450965238561
192.554796462488,373.656898215084,4.04081157935918
126.185186660424,409.942803477821,3.39205540752474
623.616482155714,312.244760730941,4.66151579986885
1.69261747958703,153.162500046273,4.21735258165795
541.961696744325,201.724416840325,4.16856540423869
35.0042999083641,491.411991302263,3.10670367583596
279.197615176759,22.7538752495286,3.84650855521834
535.029945857929,394.681473907771,3.49394560237785
74.1701860324554,82.9514805035938,5.28964867475604
4.87729588740599,78.0962043761126,3.60341281696471
587.953832158802,225.182410780265,4.02322606611607
442.24561567675,454.295414781074,4.78967153185016
657.572291797937,375.445623565725,3.22534461581662
104.505687213627,488.347021695362,4.38212180382077
623.086616495057,90.4820130554577,4.10840286032224
418.068119341848,258.915083905241,3.67849288090383
10.2432788660199,181.456973123802,3.11360062901574
63.9585863101862,111.098542588283,4.41069550084204
590.766299849169,204.168620086794,4.13460443903427
250.241770414508,217.782955671802,3.37788852093463
573.033807055414,430.526638576082,3.8138028781133
308.42451180095,138.957415208082,3.92128612148314
526.142742541159,455.353782767546,3.58693219221463
47.7626441895567,428.506674055215,3.84844110329665
196.397483592646,296.873736944166,3.94978488044128
554.026873804776,262.71444383355,3.71663186233628
169.973968579611,30.4082482058827,4.12165834288506
506.818640566355,359.506612230629,4.5781313445852
34.1364647678771,43.3699927611079,4.0574091501181
525.85082027531,134.700569121201,5.08188162750661
NA,NA,NA
660.172948459345,329.457015985162,3.46748614989361
455.367265797869,300.549823389877,3.71322614493009
10.9055627915721,493.659083255184,3.67713437490121
562.32622813004,54.9180605931138,4.05034462345437
71.6769964507275,373.480505091621,3.97424483030394
226.090622455737,413.986577642559,3.9150451149666
428.939449927799,10.3828130553215,3.29261950652808
364.057353419779,296.551419458541,2.9984996721053
605.914903835986,103.018759946244,4.16550550290432
393.300921445208,230.872920834096,4.07437358428006
561.133740223909,409.63933009905,4.79742567940472
145.268116778067,282.507988384621,4.53450965238561
192.554796462488,373.656898215084,4.04081157935918
126.185186660424,409.942803477821,3.39205540752474
623.616482155714,312.244760730941,4.66151579986885
1.69261747958703,153.162500046273,4.21735258165795
541.961696744325,201.724416840325,4.16856540423869
35.0042999083641,491.411991302263,3.10670367583596
279.197615176759,22.7538752495286,3.84650855521834
535.029945857929,394.681473907771,3.49394560237785
74.1701860324554,82.9514805035938,5.28964867475604
4.87729588740599,78.0962043761126,3.60341281696471
587.953832158802,225.182410780265,4.02322606611607
442.24561567675,454.295414781074,4.78967153185016
657.572291797937,375.445623565725,3.22534461581662
104.505687213627,488.347021695362,4.38212180382077
623.086616495057,90.4820130554577,4.10840286032224
418.068119341848,258.915083905241,3.67849288090383
10.2432788660199,181.456973123802,3.11360062901574
63.9585863101862,111.098542588283,4.41069550084204
590.766299849169,204.168620086794,4.13460443903427
250.241770414508,217.782955671802,3.37788852093463
573.033807055414,430.526638576082,3.8138028781133
308.42451180095,138.957415208082,3.92128612148314
526.142742541159,455.353782767546,3.58693219221463
47.7626441895567,428.506674055215,3.84844110329665
196.397483592646,296.873736944166,3.94978488044128
554.026873804776,262.71444383355,3.71663186233628
169.973968579611,30.4082482058827,4.12165834288506
506.818640566355,359.506612230629,4.5781313445852
34.1364647678771,43.3699927611079,4.0574091501181
525.85082027531,134.700569121201,5.08188162750661
NA,NA,NA
660.172948459345,329.457015985162,3.46748614989361
455.367265797869,300.549823389877,3.71322614493009
10.9055627915721,493.659083255184,3.67713437490121
562.32622813004,54.9180605931138,4.05034462345437
71.6769964507275,373.480505091621,3.97424483030394
226.090622455737,413.986577642559,3.9150451149666
428.939449927799,10.3828130553215,3.29261950652808
364.057353419779,296.551419458541,2.9984996721053
605.914903835986,103.018759946244,4.16550550290432
393.300921445208,230.872920834096,4.07437358428006
561.133740223909,409.63933009905,4.79742567940472
145.268116778067,282.507988384621,4.53450965238561
192.554796462488,373.656898215084,4.04081157935918
126.185186660424,409.942803477821,3.39205540752474
623.616482155714,312.244760730941,4.66151579986885
1.69261747958703,153.162500046273,4.21735258165795
541.961696744325,201.724416840325,4.16856540423869
35.0042999083641,491.411991302263,3.10670367583596
279.197615176759,22.7538752495286,3.84650855521834
535.029945857929,394.681473907771,3.49394560237785
74.1701860324554,82.9514805035938,5.28964867475604
4.87729588740599,78.0962043761126,3.60341281696471
587.953832158802,225.182410780265,4.02322606611607
442.24561567675,454.295414781074,4.78967153185016
657.572291797937,375.445623565725,3.22534461581662
104.505687213627,488.347021695362,4.38212180382077
623.086616495057,90.4820130554577,4.10840286032224
418.068119341848,258.915083905241,3.67849288090383
10.2432788660199,181.456973123802,3.11360062901574
63.9585863101862,111.098542588283,4.41069550084204
590.766299849169,204.168620086794,4.13460443903427
250.241770414508,217.782955671802,3.37788852093463
573.033807055414,430.526638576082,3.8138028781133
308.42451180095,138.957415208082,3.92128612148314
526.142742541159,455.353782767546,3.58693219221463
47.7626441895567,428.506674055215,3.84844110329665
196.397483592646,296.873736944166,3.94978488044128
554.026873804776,262.71444383355,3.71663186233628
169.973968579611,30.4082482058827,4.12165834288506
506.818640566355,359.506612230629,4.5781313445852
34.1364647678771,43.3699927611079,4.0574091501181
525.85082027531,134.700569121201,5.08188162750661
NA,NA,NA
660.172948459345,329.457015985162,3.46748614989361
455.367265797869,300.549823389877,3.71322614493009
10.9055627915721,493.659083255184,3.67713437490121
562.32622813004,54.9180605931138,4.05034462345437
71.6769964507275,373.480505091621,3.97424483030394
226.090622455737,413.986577642559,3.9150451149666
428.939449927799,10.3828130553215,3.29261950652808
364.057353419779,296.551419458541,2.9984996721053
605.914903835986,103.018759946244,4.16550550290432
393.300921445208,230.872920834096,4.07437358428006
561.133740223909,409.63933009905,4.79742567940472
145.268116778067,282.507988384621,4.53450965238561
192.554796462488,373.656898215084,4.04081157935918
126.185186660424,409.942803477821,3.39205540752474
623.616482155714,312.244760730941,4.66151579986885
1.69261747958703,153.162500046273,4.21735258165795
541.961696744325,201.724416840325,4.16856540423869
35.0042999083641,491.411991302263,3.10670367583596
279.197615176759,22.7538752495286,3.84650855521834
535.029945857929,394.681473907771,3.49394560237785
74.1701860324554,82.9514805035938,5.28964867475604
4.87729588740599,78.0962043761126,3.60341281696471
587.953832158802,225.182410780265,4.02322606611607
442.24561567675,454.295414781074,4.78967153185016
657.572291797937,375.445623565725,3.22534461581662
104.505687213627,488.347021695362,4.38212180382077
623.086616495057,90.4820130554577,4.10840286032224
418.068119341848,258.915083905241,3.67849288090383
10.2432788660199,181.456973123802,3.11360062901574
63.9585863101862,111.098542588283,4.41069550084204
590.766299849169,204.168620086794,4.13460443903427
250.241770414508,217.782955671802,3.37788852093463
573.033807055414,430.526638576082,3.8138028781133
308.42451180095,138.957415208082,3.92128612148314
526.142742541159,455.353782767546,3.58693219221463
47.7626441895567,428.506674055215,3.84844110329665
196.397483592646,296.873736944166,3.94978488044128
554.026873804776,262.71444383355,3.71663186233628
169.973968579611,30.4082482058827,4.12165834288506
506.818640566355,359.506612230629,4.5781313445852
34.1364647678771,43.3699927611079,4.0574091501181
525.85082027531,134.700569121201,5.08188162750661
NA,NA,NA
660.172948459345,329.457015985162,3.46748614989361
455.367265797869,300.549823389877,3.71322614493009
10.9055627915721,493.659083255184,3.67713437490121
562.32622813004,54.9180605931138,4.05034462345437
71.6769964507275,373.480505091621,3.97424483030394
226.090622455737,413.986577642559,3.9150451149666
428.939449927799,10.3828130553215,3.29261950652808
364.057353419779,296.551419458541,2.9984996721053
605.914903835986,103.018759946244,4.16550550290432
393.300921445208,230.872920834096,4.07437358428006
561.133740223909,409.63933009905,4.79742567940472
145.268116778067,282.507988384621,4.53450965238561
192.554796462488,373.656898215084,4.04081157935918
126.185186660424,409.942803477821,3.39205540752474
623.616482155714,312.244760730941,4.66151579986885
1.69261747958703,153.162500046273,4.21735258165795
541.961696744325,201.724416840325,4.16856540423869
35.0042999083641,491.411991302263,3.10670367583596
279.197615176759,22.7538752495286,3.84650855521834
535.029945857929,394.681473907771,3.49394560237785
74.1701860324554,82.9514805035938,5.28964867475604
4.87729588740599,78.0962043761126,3.60341281696471
587.953832158802,225.182410780265,4.02322606611607
442.24561567675,454.295414781074,4.78967153185016
657.572291797937,375.445623565725,3.22534461581662
104.505687213627,488.347021695362,4.38212180382077
623.086616495057,90.4820130554577,4.10840286032224
418.068119341848,258.915083905241,3.67849288090383
10.2432788660199,181.456973123802,3.11360062901574
63.9585863101862,111.098542588283,4.41069550084204
590.766299849169,204.168620086794,4.13460443903427
250.241770414508,217.782955671802,3.37788852093463
573.033807055414,430.526638576082,3.8138028781133
308.42451180095,138.957415208082,3.92128612148314
526.142742541159,455.353782767546,3.58693219221463
47.7626441895567,428.506674055215,3.84844110329665
196.397483592646,296.873736944166,3.94978488044128
554.026873804776,262.71444383355,3.71663186233628
169.973968579611,30.4082482058827,4.12165834288506
506.818640566355,359.506612230629,4.5781313445852
34.1364647678771,43.3699927611079,4.0574091501181
525.85082027531,134.700569121201,5.08188162750661
NA,NA,NA
662.041858305896,331.566422981547,3.57049722675133
455.709536626798,302.332649037499,3.42606139406339
9.15348590118036,496.791483365383,3.59344724563912
558.456236510996,54.9118019927985,4.19991018479437
71.5370967299216,372.258151173963,4.04460383188231
230.021473878793,413.849012548797,3.84197817370517
428.362799571686,11.1814339566619,3.14639848309794
361.053387103818,291.872746565629,2.89892821515191
603.090574768957,107.287075825483,4.24649369716794
391.791039016529,229.398234072606,4.25489836651712
568.816406299609,410.822686386895,4.70548897087925
142.447615582417,282.093435359713,4.46850529360407
197.038841036338,367.681759633205,4.04881758482365
125.661466847855,412.193814577901,3.38857592938946
624.080700449236,310.815629004357,4.42222666327667
0.0783319290170226,144.548203153384,4.2982686408712
542.687994355537,200.733796411524,4.14628520088428
34.1452014364576,491.154391176515,2.97418904589404
276.84819998312,21.5271286709117,3.802713664744
535.732517332227,394.308198371397,3.19082954600519
70.982975038574,76.2404441707986,5.10502657739875
4.7629262483893,75.8796015239294,3.36694458176395
586.839126291691,225.729549066639,3.89916358910097
436.140993249789,456.651225068504,4.8958690333542
659.059590177686,373.85519208424,3.15021898550885
108.174171871804,484.010024345379,4.44750936599827
620.473709909322,91.5149012594516,4.0783279806636
418.914345157205,261.578605898301,3.55797629150802
13.3969748212292,183.275125157201,3.23573573753248
85.5437943231139,115.452350229622,4.35592507839916
597.579317652941,203.983885390578,4.19114738077753
243.198529277043,220.226954932219,3.63299428423811
576.825897649891,438.476639169288,3.84271692940669
300.624168418373,137.572781122259,3.77363692774596
524.808379417856,455.885535581919,3.62656728420994
58.4144551285189,416.588093440439,3.92102042543672
204.066819036414,293.666899606032,3.7618030961242
551.881158808476,270.370803620859,3.61142795012836
170.458091331852,15.3494043600448,4.3456329442937
501.459732363683,342.331694503527,4.64888016329718
38.3712809291253,48.5191150803421,4.08655084345707
528.666128032741,161.583268828534,4.26920471719891
NA,NA,NA
662.041858305896,331.566422981547,3.57049722675133
455.709536626798,302.332649037499,3.42606139406339
9.15348590118036,496.791483365383,3.59344724563912
558.456236510996,54.9118019927985,4.19991018479437
71.5370967299216,372.258151173963,4.04460383188231
230.021473878793,413.849012548797,3.84197817370517
428.362799571686,11.1814339566619,3.14639848309794
361.053387103818,291.872746565629,2.89892821515191
603.090574768957,107.287075825483,4.24649369716794
391.791039016529,229.398234072606,4.25489836651712
568.816406299609,410.822686386895,4.70548897087925
142.447615582417,282.093435359713,4.46850529360407
197.038841036338,367.681759633205,4.04881758482365
125.661466847855,412.193814577901,3.38857592938946
624.080700449236,310.815629004357,4.42222666327667
0.0783319290170226,144.548203153384,4.2982686408712
542.687994355537,200.733796411524,4.14628520088428
34.1452014364576,491.154391176515,2.97418904589404
276.84819998312,21.5271286709117,3.802713664744
535.732517332227,394.308198371397,3.19082954600519
70.982975038574,76.2404441707986,5.10502657739875
4.7629262483893,75.8796015239294,3.36694458176395
586.839126291691,225.729549066639,3.89916358910097
436.140993249789,456.651225068504,4.8958690333542
659.059590177686,373.85519208424,3.15021898550885
108.174171871804,484.010024345379,4.44750936599827
620.473709909322,91.5149012594516,4.0783279806636
418.914345157205,261.578605898301,3.55797629150802
13.3969748212292,183.275125157201,3.23573573753248
85.5437943231139,115.452350229622,4.35592507839916
597.579317652941,203.983885390578,4.19114738077753
243.198529277043,220.226954932219,3.63299428423811
576.825897649891,438.476639169288,3.84271692940669
300.624168418373,137.572781122259,3.77363692774596
524.808379417856,455.885535581919,3.62656728420994
58.4144551285189,416.588093440439,3.92102042543672
204.066819036414,293.666899606032,3.7618030961242
551.881158808476,270.370803620859,3.61142795012836
170.458091331852,15.3494043600448,4.3456329442937
501.459732363683,342.331694503527,4.64888016329718
38.3712809291253,48.5191150803421,4.08655084345707
528.666128032741,161.583268828534,4.26920471719891
NA,NA,NA
662.041858305896,331.566422981547,3.57049722675133
455.709536626798,302.332649037499,3.42606139406339
9.15348590118036,496.791483365383,3.59344724563912
558.456236510996,54.9118019927985,4.19991018479437
71.5370967299216,372.258151173963,4.04460383188231
230.021473878793,413.849012548797,3.84197817370517
428.362799571686,11.1814339566619,3.14639848309794
361.053387103818,291.872746565629,2.89892821515191
603.090574768957,107.287075825483,4.24649369716794
391.791039016529,229.398234072606,4.25489836651712
568.816406299609,410.822686386895,4.70548897087925
142.447615582417,282.093435359713,4.46850529360407
197.038841036338,367.681759633205,4.04881758482365
125.661466847855,412.193814577901,3.38857592938946
624.080700449236,310.815629004357,4.42222666327667
0.0783319290170226,144.548203153384,4.2982686408712
542.687994355537,200.733796411524,4.14628520088428
34.1452014364576,491.154391176515,2.97418904589404
276.84819998312,21.5271286709117,3.802713664744
535.732517332227,394.308198371397,3.19082954600519
70.982975038574,76.2404441707986,5.10502657739875
4.7629262483893,75.8796015239294,3.36694458176395
586.839126291691,225.729549066639,3.89916358910097
436.140993249789,456.651225068504,4.8958690333542
659.059590177686,373.85519208424,3.15021898550885
108.174171871804,484.010024345379,4.44750936599827
620.473709909322,91.5149012594516,4.0783279806636
418.914345157205,261.578605898301,3.55797629150802
13.3969748212292,183.275125157201,3.23573573753248
85.5437943231139,115.452350229622,4.35592507839916
597.579317652941,203.983885390578,4.19114738077753
243.198529277043,220.226954932219,3.63299428423811
576.825897649891,438.476639169288,3.84271692940669
300.624168418373,137.572781122259,3.77363692774596
524.808379417856,455.885535581919,3.62656728420994
58.4144551285189,416.588093440439,3.92102042543672
204.066819036414,293.666899606032,3.7618030961242
551.881158808476,270.370803620859,3.61142795012836
170.458091331852,15.3494043600448,4.3456329442937
501.459732363683,342.331694503527,4.64888016329718
38.3712809291253,48.5191150803421,4.08655084345707
528.666128032741,161.583268828534,4.26920471719891
NA,NA,NA
662.041858305896,331.566422981547,3.57049722675133
455.709536626798,302.332649037499,3.42606139406339
9.15348590118036,496.791483365383,3.59344724563912
558.456236510996,54.9118019927985,4.19991018479437
71.5370967299216,372.258151173963,4.04460383188231
230.021473878793,413.849012548797,3.84197817370517
428.362799571686,11.1814339566619,3.14639848309794
361.053387103818,291.872746565629,2.89892821515191
603.090574768957,107.287075825483,4.24649369716794
391.791039016529,229.398234072606,4.25489836651712
568.816406299609,410.822686386895,4.70548897087925
142.447615582417,282.093435359713,4.46850529360407
197.038841036338,367.681759633205,4.04881758482365
125.661466847855,412.193814577901,3.38857592938946
624.080700449236,310.815629004357,4.42222666327667
0.0783319290170226,144.548203153384,4.2982686408712
542.687994355537,200.733796411524,4.14628520088428
34.1452014364576,491.154391176515,2.97418904589404
276.84819998312,21.5271286709117,3.802713664744
535.732517332227,394.308198371397,3.19082954600519
70.982975038574,76.2404441707986,5.10502657739875
4.7629262483893,75.8796015239294,3.36694458176395
586.839126291691,225.729549066639,3.89916358910097
436.140993249789,456.651225068504,4.8958690333542
659.059590177686,373.85519208424,3.15021898550885
108.174171871804,484.010024345379,4.44750936599827
620.473709909322,91.5149012594516,4.0783279806636
418.914345157205,261.578605898301,3.55797629150802
13.3969748212292,183.275125157201,3.23573573753248
85.5437943231139,115.452350229622,4.35592507839916
597.579317652941,203.983885390578,4.19114738077753
243.198529277043,220.226954932219,3.63299428423811
576.825897649891,438.476639169288,3.84271692940669
300.624168418373,137.572781122259,3.77363692774596
524.808379417856,455.885535581919,3.62656728420994
58.4144551285189,416.588093440439,3.92102042543672
204.066819036414,293.666899606032,3.7618030961242
551.881158808476,270.370803620859,3.61142795012836
170.458091331852,15.3494043600448,4.3456329442937
501.459732363683,342.331694503527,4.64888016329718
38.3712809291253,48.5191150803421,4.08655084345707
528.666128032741,161.583268828534,4.26920471719891
NA,NA,NA
662.041858305896,331.566422981547,3.57049722675133
455.709536626798,302.332649037499,3.42606139406339
9.15348590118036,496.791483365383,3.59344724563912
558.456236510996,54.9118019927985,4.19991018479437
71.5370967299216,372.258151173963,4.04460383188231
230.021473878793,413.849012548797,3.84197817370517
428.362799571686,11.1814339566619,3.14639848309794
361.053387103818,291.872746565629,2.89892821515191
603.090574768957,107.287075825483,4.24649369716794
391.791039016529,229.398234072606,4.25489836651712
568.816406299609,410.822686386895,4.70548897087925
142.447615582417,282.093435359713,4.46850529360407
197.038841036338,367.681759633205,4.04881758482365
125.661466847855,412.193814577901,3.38857592938946
624.080700449236,310.815629004357,4.42222666327667
0.0783319290170226,144.548203153384,4.2982686408712
542.687994355537,200.733796411524,4.14628520088428
34.1452014364576,491.154391176515,2.97418904589404
276.84819998312,21.5271286709117,3.802713664744
535.732517332227,394.308198371397,3.19082954600519
70.982975038574,76.2404441707986,5.10502657739875
4.7629262483893,75.8796015239294,3.36694458176395
586.839126291691,225.729549066639,3.89916358910097
436.140993249789,456.651225068504,4.8958690333542
659.059590177686,373.85519208424,3.15021898550885
108.174171871804,484.010024345379,4.44750936599827
620.473709909322,91.5149012594516,4.0783279806636
418.914345157205,261.578605898301,3.55797629150802
13.3969748212292,183.275125157201,3.23573573753248
85.5437943231139,115.452350229622,4.35592507839916
597.579317652941,203.983885390578,4.19114738077753
243.198529277043,220.226954932219,3.63299428423811
576.825897649891,438.476639169288,3.84271692940669
300.624168418373,137.572781122259,3.77363692774596
524.808379417856,455.885535581919,3.62656728420994
58.4144551285189,416.588093440439,3.92102042543672
204.066819036414,293.666899606032,3.7618030961242
551.881158808476,270.370803620859,3.61142795012836
170.458091331852,15.3494043600448,4.3456329442937
501.459732363683,342.331694503527,4.64888016329718
38.3712809291253,48.5191150803421,4.08655084345707
528.666128032741,161.583268828534,4.26920471719891
NA,NA,NA
662.041858305896,331.566422981547,3.57049722675133
455.709536626798,302.332649037499,3.42606139406339
9.15348590118036,496.791483365383,3.59344724563912
558.456236510996,54.9118019927985,4.19991018479437
71.5370967299216,372.258151173963,4.04460383188231
230.021473878793,413.849012548797,3.84197817370517
428.362799571686,11.1814339566619,3.14639848309794
361.053387103818,291.872746565629,2.89892821515191
603.090574768957,107.287075825483,4.24649369716794
391.791039016529,229.398234072606,4.25489836651712
568.816406299609,410.822686386895,4.70548897087925
142.447615582417,282.093435359713,4.46850529360407
197.038841036338,367.681759633205,4.04881758482365
125.661466847855,412.193814577901,3.38857592938946
624.080700449236,310.815629004357,4.42222666327667
0.0783319290170226,144.548203153384,4.2982686408712
542.687994355537,200.733796411524,4.14628520088428
34.1452014364576,491.154391176515,2.97418904589404
276.84819998312,21.5271286709117,3.802713664744
535.732517332227,394.308198371397,3.19082954600519
70.982975038574,76.2404441707986,5.10502657739875
4.7629262483893,75.8796015239294,3.36694458176395
586.839126291691,225.729549066639,3.89916358910097
436.140993249789,456.651225068504,4.8958690333542
659.059590177686,373.85519208424,3.15021898550885
108.174171871804,484.010024345379,4.44750936599827
620.473709909322,91.5149012594516,4.0783279806636
418.914345157205,261.578605898301,3.55797629150802
13.3969748212292,183.275125157201,3.23573573753248
85.5437943231139,115.452350229622,4.35592507839916
597.579317652941,203.983885390578,4.19114738077753
243.198529277043,220.226954932219,3.63299428423811
576.825897649891,438.476639169288,3.84271692940669
300.624168418373,137.572781122259,3.77363692774596
524.808379417856,455.885535581919,3.62656728420994
58.4144551285189,416.588093440439,3.92102042543672
204.066819036414,293.666899606032,3.7618030961242
551.881158808476,270.370803620859,3.61142795012836
170.458091331852,15.3494043600448,4.3456329442937
501.459732363683,342.331694503527,4.64888016329718
38.3712809291253,48.5191150803421,4.08655084345707
528.666128032741,161.583268828534,4.26920471719891
NA,NA,NA
658.88780473028,337.047084825164,3.50546646894192
457.861047623411,297.159416335284,3.606887136922
6.04217139309655,493.128107096002,3.72102448755453
558.599410678004,53.0217268520009,4.22101875731154
71.8926917901479,376.767923142669,3.96286937099747
226.013288801634,412.868928252943,3.92325097473628
427.088179885561,11.9846189535439,3.36733455917672
362.260542048066,292.162587271358,3.15882860627057
604.528781129259,101.998417512869,4.04553671356075
392.187303836889,225.382200799396,4.04605426184346
567.027721258883,411.171988012457,4.74085671383137
145.136381108868,274.834980930945,4.69856917083187
193.636955367069,374.207433898681,4.04034634574463
127.736654842563,410.634951377152,3.43218345939597
630.225425545605,310.784445063578,4.48020747192504
2.90151097914754,152.155686115641,4.25595503022125
544.172610969303,198.653402907655,4.23859788317614
33.5418472679451,491.504666098913,3.04828672214721
280.741771716951,27.8892288987468,4.02265434364631
531.126388318687,388.464706121255,3.54584269220102
75.4284964376974,73.9622003099695,5.25494491365951
3.55189402862877,76.361002338046,3.53301072912939
589.809586232066,224.728456869443,3.94856965182483
433.628933469427,461.620325829537,4.75498960146832
659.62289464207,373.567781510071,3.02283410322156
101.582351724427,486.529499124457,4.34244173213684
622.176171738102,87.7573278605906,4.02042176942176
423.292761693672,258.515558412496,3.63379472133296
11.552137162687,182.48794509707,3.22549094753248
66.0231427031358,119.196161940864,4.43603978426658
607.644193371161,206.779216093716,4.55616479231709
249.839202573851,215.105346380449,3.75257340142072
573.6119499397,436.304606797921,3.63927490754573
299.125418958868,142.18111664796,4.05885252432743
532.839471846371,450.666792795264,3.64821514658789
47.9268976131913,423.217013461588,3.86691310841234
192.90802489735,281.211362030882,3.75963574477704
546.773389183455,261.655695066205,3.74343566548019
172.761892839046,28.0300151307356,4.24051752694214
499.535023603015,349.446666183013,4.57214109784263
44.9979473513695,53.0324320922581,3.75001311908438
532.855394767453,149.348775916806,4.41928488415001
NA,NA,NA
658.88780473028,337.047084825164,3.50546646894192
457.861047623411,297.159416335284,3.606887136922
6.04217139309655,493.128107096002,3.72102448755453
558.599410678004,53.0217268520009,4.22101875731154
71.8926917901479,376.767923142669,3.96286937099747
226.013288801634,412.868928252943,3.92325097473628
427.088179885561,11.9846189535439,3.36733455917672
362.260542048066,292.162587271358,3.15882860627057
604.528781129259,101.998417512869,4.04553671356075
392.187303836889,225.382200799396,4.04605426184346
567.027721258883,411.171988012457,4.74085671383137
145.136381108868,274.834980930945,4.69856917083187
193.636955367069,374.207433898681,4.04034634574463
127.736654842563,410.634951377152,3.43218345939597
630.225425545605,310.784445063578,4.48020747192504
2.90151097914754,152.155686115641,4.25595503022125
544.172610969303,198.653402907655,4.23859788317614
33.5418472679451,491.504666098913,3.04828672214721
280.741771716951,27.8892288987468,4.02265434364631
531.126388318687,388.464706121255,3.54584269220102
75.4284964376974,73.9622003099695,5.25494491365951
3.55189402862877,76.361002338046,3.53301072912939
589.809586232066,224.728456869443,3.94856965182483
433.628933469427,461.620325829537,4.75498960146832
659.62289464207,373.567781510071,3.02283410322156
101.582351724427,486.529499124457,4.34244173213684
622.176171738102,87.7573278605906,4.02042176942176
423.292761693672,258.515558412496,3.63379472133296
11.552137162687,182.48794509707,3.22549094753248
66.0231427031358,119.196161940864,4.43603978426658
607.644193371161,206.779216093716,4.55616479231709
249.839202573851,215.105346380449,3.75257340142072
573.6119499397,436.304606797921,3.63927490754573
299.125418958868,142.18111664796,4.05885252432743
532.839471846371,450.666792795264,3.64821514658789
47.9268976131913,423.217013461588,3.86691310841234
192.90802489735,281.211362030882,3.75963574477704
546.773389183455,261.655695066205,3.74343566548019
172.761892839046,28.0300151307356,4.24051752694214
499.535023603015,349.446666183013,4.57214109784263
44.9979473513695,53.0324320922581,3.75001311908438
532.855394767453,149.348775916806,4.41928488415001
NA,NA,NA
658.88780473028,337.047084825164,3.50546646894192
457.861047623411,297.159416335284,3.606887136922
6.04217139309655,493.128107096002,3.72102448755453
558.599410678004,53.0217268520009,4.22101875731154
71.8926917901479,376.767923142669,3.96286937099747
226.013288801634,412.868928252943,3.92325097473628
427.088179885561,11.9846189535439,3.36733455917672
362.260542048066,292.162587271358,3.15882860627057
604.528781129259,101.998417512869,4.04553671356075
392.187303836889,225.382200799396,4.04605426184346
567.027721258883,411.171988012457,4.74085671383137
145.136381108868,274.834980930945,4.69856917083187
193.636955367069,374.207433898681,4.04034634574463
127.736654842563,410.634951377152,3.43218345939597
630.225425545605,310.784445063578,4.48020747192504
2.90151097914754,152.155686115641,4.25595503022125
544.172610969303,198.653402907655,4.23859788317614
33.5418472679451,491.504666098913,3.04828672214721
280.741771716951,27.8892288987468,4.02265434364631
531.126388318687,388.464706121255,3.54584269220102
75.4284964376974,73.9622003099695,5.25494491365951
3.55189402862877,76.361002338046,3.53301072912939
589.809586232066,224.728456869443,3.94856965182483
433.628933469427,461.620325829537,4.75498960146832
659.62289464207,373.567781510071,3.02283410322156
101.582351724427,486.529499124457,4.34244173213684
622.176171738102,87.7573278605906,4.02042176942176
423.292761693672,258.515558412496,3.63379472133296
11.552137162687,182.48794509707,3.22549094753248
66.0231427031358,119.196161940864,4.43603978426658
607.644193371161,206.779216093716,4.55616479231709
249.839202573851,215.105346380449,3.75257340142072
573.6119499397,436.304606797921,3.63927490754573
299.125418958868,142.18111664796,4.05885252432743
532.839471846371,450.666792795264,3.64821514658789
47.9268976131913,423.217013461588,3.86691310841234
192.90802489735,281.211362030882,3.75963574477704
546.773389183455,261.655695066205,3.74343566548019
172.761892839046,28.0300151307356,4.24051752694214
499.535023603015,349.446666183013,4.57214109784263
44.9979473513695,53.0324320922581,3.75001311908438
532.855394767453,149.348775916806,4.41928488415001
NA,NA,NA
658.88780473028,337.047084825164,3.50546646894192
457.861047623411,297.159416335284,3.606887136922
6.04217139309655,493.128107096002,3.72102448755453
558.599410678004,53.0217268520009,4.22101875731154
71.8926917901479,376.767923142669,3.96286937099747
226.013288801634,412.868928252943,3.92325097473628
427.088179885561,11.9846189535439,3.36733455917672
362.260542048066,292.162587271358,3.15882860627057
604.528781129259,101.998417512869,4.04553671356075
392.187303836889,225.382200799396,4.04605426184346
567.027721258883,411.171988012457,4.74085671383137
145.136381108868,274.834980930945,4.69856917083187
193.636955367069,374.207433898681,4.04034634574463
127.736654842563,410.634951377152,3.43218345939597
630.225425545605,310.784445063578,4.48020747192504
2.90151097914754,152.155686115641,4.25595503022125
544.172610969303,198.653402907655,4.23859788317614
33.5418472679451,491.504666098913,3.04828672214721
280.741771716951,27.8892288987468,4.02265434364631
531.126388318687,388.464706121255,3.54584269220102
75.4284964376974,73.9622003099695,5.25494491365951
3.55189402862877,76.361002338046,3.53301072912939
589.809586232066,224.728456869443,3.94856965182483
433.628933469427,461.620325829537,4.75498960146832
659.62289464207,373.567781510071,3.02283410322156
101.582351724427,486.529499124457,4.34244173213684
622.176171738102,87.7573278605906,4.02042176942176
423.292761693672,258.515558412496,3.63379472133296
11.552137162687,182.48794509707,3.22549094753248
66.0231427031358,119.196161940864,4.43603978426658
607.644193371161,206.779216093716,4.55616479231709
249.839202573851,215.105346380449,3.75257340142072
573.6119499397,436.304606797921,3.63927490754573
299.125418958868,142.18111664796,4.05885252432743
532.839471846371,450.666792795264,3.64821514658789
47.9268976131913,423.217013461588,3.86691310841234
192.90802489735,281.211362030882,3.75963574477704
546.773389183455,261.655695066205,3.74343566548019
172.761892839046,28.0300151307356,4.24051752694214
499.535023603015,349.446666183013,4.57214109784263
44.9979473513695,53.0324320922581,3.75001311908438
532.855394767453,149.348775916806,4.41928488415001
NA,NA,NA
658.88780473028,337.047084825164,3.50546646894192
457.861047623411,297.159416335284,3.606887136922
6.04217139309655,493.128107096002,3.72102448755453
558.599410678004,53.0217268520009,4.22101875731154
71.8926917901479,376.767923142669,3.96286937099747
226.013288801634,412.868928252943,3.92325097473628
427.088179885561,11.9846189535439,3.36733455917672
362.260542048066,292.162587271358,3.15882860627057
604.528781129259,101.998417512869,4.04553671356075
392.187303836889,225.382200799396,4.04605426184346
567.027721258883,411.171988012457,4.74085671383137
145.136381108868,274.834980930945,4.69856917083187
193.636955367069,374.207433898681,4.04034634574463
127.736654842563,410.634951377152,3.43218345939597
630.225425545605,310.784445063578,4.48020747192504
2.90151097914754,152.155686115641,4.25595503022125
544.172610969303,198.653402907655,4.23859788317614
33.5418472679451,491.504666098913,3.04828672214721
280.741771716951,27.8892288987468,4.02265434364631
531.126388318687,388.464706121255,3.54584269220102
75.4284964376974,73.9622003099695,5.25494491365951
3.55189402862877,76.361002338046,3.53301072912939
589.809586232066,224.728456869443,3.94856965182483
433.628933469427,461.620325829537,4.75498960146832
659.62289464207,373.567781510071,3.02283410322156
101.582351724427,486.529499124457,4.34244173213684
622.176171738102,87.7573278605906,4.02042176942176
423.292761693672,258.515558412496,3.63379472133296
11.552137162687,182.48794509707,3.22549094753248
66.0231427031358,119.196161940864,4.43603978426658
607.644193371161,206.779216093716,4.55616479231709
249.839202573851,215.105346380449,3.75257340142072
573.6119499397,436.304606797921,3.63927490754573
299.125418958868,142.18111664796,4.05885252432743
532.839471846371,450.666792795264,3.64821514658789
47.9268976131913,423.217013461588,3.86691310841234
192.90802489735,281.211362030882,3.75963574477704
546.773389183455,261.655695066205,3.74343566548019
172.761892839046,28.0300151307356,4.24051752694214
499.535023603015,349.446666183013,4.57214109784263
44.9979473513695,53.0324320922581,3.75001311908438
532.855394767453,149.348775916806,4.41928488415001
NA,NA,NA
658.88780473028,337.047084825164,3.50546646894192
457.861047623411,297.159416335284,3.606887136922
6.04217139309655,493.128107096002,3.72102448755453
558.599410678004,53.0217268520009,4.22101875731154
71.8926917901479,376.767923142669,3.96286937099747
226.013288801634,412.868928252943,3.92325097473628
427.088179885561,11.9846189535439,3.36733455917672
362.260542048066,292.162587271358,3.15882860627057
604.528781129259,101.998417512869,4.04553671356075
392.187303836889,225.382200799396,4.04605426184346
567.027721258883,411.171988012457,4.74085671383137
145.136381108868,274.834980930945,4.69856917083187
193.636955367069,374.207433898681,4.04034634574463
127.736654842563,410.634951377152,3.43218345939597
630.225425545605,310.784445063578,4.48020747192504
2.90151097914754,152.155686115641,4.25595503022125
544.172610969303,198.653402907655,4.23859788317614
33.5418472679451,491.504666098913,3.04828672214721
280.741771716951,27.8892288987468,4.02265434364631
531.126388318687,388.464706121255,3.54584269220102
75.4284964376974,73.9622003099695,5.25494491365951
3.55189402862877,76.361002338046,3.53301072912939
589.809586232066,224.728456869443,3.94856965182483
433.628933469427,461.620325829537,4.75498960146832
659.62289464207,373.567781510071,3.02283410322156
101.582351724427,486.529499124457,4.34244173213684
622.176171738102,87.7573278605906,4.02042176942176
423.292761693672,258.515558412496,3.63379472133296
11.552137162687,182.48794509707,3.22549094753248
66.0231427031358,119.196161940864,4.43603978426658
607.644193371161,206.779216093716,4.55616479231709
249.839202573851,215.105346380449,3.75257340142072
573.6119499397,436.304606797921,3.63927490754573
299.125418958868,142.18111664796,4.05885252432743
532.839471846371,450.666792795264,3.64821514658789
47.9268976131913,423.217013461588,3.86691310841234
192.90802489735,281.211362030882,3.75963574477704
546.773389183455,261.655695066205,3.74343566548019
172.761892839046,28.0300151307356,4.24051752694214
499.535023603015,349.446666183013,4.57214109784263
44.9979473513695,53.0324320922581,3.75001311908438
532.855394767453,149.348775916806,4.41928488415001
NA,NA,NA
661.588883486063,333.991790691416,3.45060552585998
455.493850999869,298.735181377734,3.64600715505964
14.4234417591525,495.820988109633,3.69024621894929
562.103652256347,52.0062716508716,4.1474335455734
71.6463114554454,375.143798683399,3.88401192560103
225.466540238382,416.271647146245,3.87503338169955
425.903100302847,11.7189251534928,3.26598874076548
362.040597407128,292.142951375784,3.03006109744617
600.741776239769,104.261518033697,3.98874576932029
391.223133704311,229.662017749145,4.17230174669764
570.942276388291,406.294056918982,4.6905769142701
140.750349003916,281.225955810424,4.38685796457904
195.691028835466,376.45144984101,3.94342528325714
123.556887685813,412.788710317013,3.41991311920492
627.597014727081,306.124965873567,4.74997229482861
-1.86253973444669,140.821134330518,4.33575108509637
542.786042587729,203.162320152288,4.06765937155357
33.7604417643865,492.000912432105,3.01151283285591
282.764455301892,25.2385970126508,3.82629830974346
533.564223497194,394.138616125149,3.47649697748342
79.012935008441,77.2357818028776,5.26179271303189
4.98345382407923,77.253492319438,3.45437618720374
589.754852530908,230.722282530703,3.99743937400552
434.688160454124,467.569025440028,4.69282188296354
657.562475843467,373.956795777959,2.74530732831476
104.234113227276,489.410008377064,4.32595291641421
623.83626677527,92.92954835302,4.06357285161749
420.251548715248,258.345195611003,3.58528783151122
11.7058402187286,182.598789947163,3.26172605864974
69.2275352108298,116.075128847225,4.32116644423083
617.17536867182,197.249895545249,4.20748370927747
247.861959321209,219.681394269349,3.91818856918147
574.020553985388,440.616399862567,3.84833628719828
297.295670404606,143.35614058561,3.81175675010475
527.726821653253,462.324417613037,3.64073922524005
36.7084832922623,420.162696071803,3.83695717996198
188.726477211988,301.048141220626,4.42476450327773
545.932785956748,263.202369285691,3.82408135531937
174.041032653496,27.2826847499077,3.80121143341196
502.747621453497,340.39214548127,4.23546907757825
34.9551045898641,50.0044218038604,3.98229472962299
531.842790949973,151.044208558742,5.0478339996887
NA,NA,NA
661.588883486063,333.991790691416,3.45060552585998
455.493850999869,298.735181377734,3.64600715505964
14.4234417591525,495.820988109633,3.69024621894929
562.103652256347,52.0062716508716,4.1474335455734
71.6463114554454,375.143798683399,3.88401192560103
225.466540238382,416.271647146245,3.87503338169955
425.903100302847,11.7189251534928,3.26598874076548
362.040597407128,292.142951375784,3.03006109744617
600.741776239769,104.261518033697,3.98874576932029
391.223133704311,229.662017749145,4.17230174669764
570.942276388291,406.294056918982,4.6905769142701
140.750349003916,281.225955810424,4.38685796457904
195.691028835466,376.45144984101,3.94342528325714
123.556887685813,412.788710317013,3.41991311920492
627.597014727081,306.124965873567,4.74997229482861
-1.86253973444669,140.821134330518,4.33575108509637
542.786042587729,203.162320152288,4.06765937155357
33.7604417643865,492.000912432105,3.01151283285591
282.764455301892,25.2385970126508,3.82629830974346
533.564223497194,394.138616125149,3.47649697748342
79.012935008441,77.2357818028776,5.26179271303189
4.98345382407923,77.253492319438,3.45437618720374
589.754852530908,230.722282530703,3.99743937400552
434.688160454124,467.569025440028,4.69282188296354
657.562475843467,373.956795777959,2.74530732831476
104.234113227276,489.410008377064,4.32595291641421
623.83626677527,92.92954835302,4.06357285161749
420.251548715248,258.345195611003,3.58528783151122
11.7058402187286,182.598789947163,3.26172605864974
69.2275352108298,116.075128847225,4.32116644423083
617.17536867182,197.249895545249,4.20748370927747
247.861959321209,219.681394269349,3.91818856918147
574.020553985388,440.616399862567,3.84833628719828
297.295670404606,143.35614058561,3.81175675010475
527.726821653253,462.324417613037,3.64073922524005
36.7084832922623,420.162696071803,3.83695717996198
188.726477211988,301.048141220626,4.42476450327773
545.932785956748,263.202369285691,3.82408135531937
174.041032653496,27.2826847499077,3.80121143341196
502.747621453497,340.39214548127,4.23546907757825
34.9551045898641,50.0044218038604,3.98229472962299
531.842790949973,151.044208558742,5.0478339996887
NA,NA,NA
661.588883486063,333.991790691416,3.45060552585998
455.493850999869,298.735181377734,3.64600715505964
14.4234417591525,495.820988109633,3.69024621894929
562.103652256347,52.0062716508716,4.1474335455734
71.6463114554454,375.143798683399,3.88401192560103
225.466540238382,416.271647146245,3.87503338169955
425.903100302847,11.7189251534928,3.26598874076548
362.040597407128,292.142951375784,3.03006109744617
600.741776239769,104.261518033697,3.98874576932029
391.223133704311,229.662017749145,4.17230174669764
570.942276388291,406.294056918982,4.6905769142701
140.750349003916,281.225955810424,4.38685796457904
195.691028835466,376.45144984101,3.94342528325714
123.556887685813,412.788710317013,3.41991311920492
627.597014727081,306.124965873567,4.74997229482861
-1.86253973444669,140.821134330518,4.33575108509637
542.786042587729,203.162320152288,4.06765937155357
33.7604417643865,492.000912432105,3.01151283285591
282.764455301892,25.2385970126508,3.82629830974346
533.564223497194,394.138616125149,3.47649697748342
79.012935008441,77.2357818028776,5.26179271303189
4.98345382407923,77.253492319438,3.45437618720374
589.754852530908,230.722282530703,3.99743937400552
434.688160454124,467.569025440028,4.69282188296354
657.562475843467,373.956795777959,2.74530732831476
104.234113227276,489.410008377064,4.32595291641421
623.83626677527,92.92954835302,4.06357285161749
420.251548715248,258.345195611003,3.58528783151122
11.7058402187286,182.598789947163,3.26172605864974
69.2275352108298,116.075128847225,4.32116644423083
617.17536867182,197.249895545249,4.20748370927747
247.861959321209,219.681394269349,3.91818856918147
574.020553985388,440.616399862567,3.84833628719828
297.295670404606,143.35614058561,3.81175675010475
527.726821653253,462.324417613037,3.64073922524005
36.7084832922623,420.162696071803,3.83695717996198
188.726477211988,301.048141220626,4.42476450327773
545.932785956748,263.202369285691,3.82408135531937
174.041032653496,27.2826847499077,3.80121143341196
502.747621453497,340.39214548127,4.23546907757825
34.9551045898641,50.0044218038604,3.98229472962299
531.842790949973,151.044208558742,5.0478339996887
NA,NA,NA
661.588883486063,333.991790691416,3.45060552585998
455.493850999869,298.735181377734,3.64600715505964
14.4234417591525,495.820988109633,3.69024621894929
562.103652256347,52.0062716508716,4.1474335455734
71.6463114554454,375.143798683399,3.88401192560103
225.466540238382,416.271647146245,3.87503338169955
425.903100302847,11.7189251534928,3.26598874076548
362.040597407128,292.142951375784,3.03006109744617
600.741776239769,104.261518033697,3.98874576932029
391.223133704311,229.662017749145,4.17230174669764
570.942276388291,406.294056918982,4.6905769142701
140.750349003916,281.225955810424,4.38685796457904
195.691028835466,376.45144984101,3.94342528325714
123.556887685813,412.788710317013,3.41991311920492
627.597014727081,306.124965873567,4.74997229482861
-1.86253973444669,140.821134330518,4.33575108509637
542.786042587729,203.162320152288,4.06765937155357
33.7604417643865,492.000912432105,3.01151283285591
282.764455301892,25.2385970126508,3.82629830974346
533.564223497194,394.138616125149,3.47649697748342
79.012935008441,77.2357818028776,5.26179271303189
4.98345382407923,77.253492319438,3.45437618720374
589.754852530908,230.722282530703,3.99743937400552
434.688160454124,467.569025440028,4.69282188296354
657.562475843467,373.956795777959,2.74530732831476
104.234113227276,489.410008377064,4.32595291641421
623.83626677527,92.92954835302,4.06357285161749
420.251548715248,258.345195611003,3.58528783151122
11.7058402187286,182.598789947163,3.26172605864974
69.2275352108298,116.075128847225,4.32116644423083
617.17536867182,197.249895545249,4.20748370927747
247.861959321209,219.681394269349,3.91818856918147
574.020553985388,440.616399862567,3.84833628719828
297.295670404606,143.35614058561,3.81175675010475
527.726821653253,462.324417613037,3.64073922524005
36.7084832922623,420.162696071803,3.83695717996198
188.726477211988,301.048141220626,4.42476450327773
545.932785956748,263.202369285691,3.82408135531937
174.041032653496,27.2826847499077,3.80121143341196
502.747621453497,340.39214548127,4.23546907757825
34.9551045898641,50.0044218038604,3.98229472962299
531.842790949973,151.044208558742,5.0478339996887
NA,NA,NA
661.588883486063,333.991790691416,3.45060552585998
455.493850999869,298.735181377734,3.64600715505964
14.4234417591525,495.820988109633,3.69024621894929
562.103652256347,52.0062716508716,4.1474335455734
71.6463114554454,375.143798683399,3.88401192560103
225.466540238382,416.271647146245,3.87503338169955
425.903100302847,11.7189251534928,3.26598874076548
362.040597407128,292.142951375784,3.03006109744617
600.741776239769,104.261518033697,3.98874576932029
391.223133704311,229.662017749145,4.17230174669764
570.942276388291,406.294056918982,4.6905769142701
140.750349003916,281.225955810424,4.38685796457904
195.691028835466,376.45144984101,3.94342528325714
123.556887685813,412.788710317013,3.41991311920492
627.597014727081,306.124965873567,4.74997229482861
-1.86253973444669,140.821134330518,4.33575108509637
542.786042587729,203.162320152288,4.06765937155357
33.7604417643865,492.000912432105,3.01151283285591
282.764455301892,25.2385970126508,3.82629830974346
533.564223497194,394.138616125149,3.47649697748342
79.012935008441,77.2357818028776,5.26179271303189
4.98345382407923,77.253492319438,3.45437618720374
589.754852530908,230.722282530703,3.99743937400552
434.688160454124,467.569025440028,4.69282188296354
657.562475843467,373.956795777959,2.74530732831476
104.234113227276,489.410008377064,4.32595291641421
623.83626677527,92.92954835302,4.06357285161749
420.251548715248,258.345195611003,3.58528783151122
11.7058402187286,182.598789947163,3.26172605864974
69.2275352108298,116.075128847225,4.32116644423083
617.17536867182,197.249895545249,4.20748370927747
247.861959321209,219.681394269349,3.91818856918147
574.020553985388,440.616399862567,3.84833628719828
297.295670404606,143.35614058561,3.81175675010475
527.726821653253,462.324417613037,3.64073922524005
36.7084832922623,420.162696071803,3.83695717996198
188.726477211988,301.048141220626,4.42476450327773
545.932785956748,263.202369285691,3.82408135531937
174.041032653496,27.2826847499077,3.80121143341196
502.747621453497,340.39214548127,4.23546907757825
34.9551045898641,50.0044218038604,3.98229472962299
531.842790949973,151.044208558742,5.0478339996887
NA,NA,NA
661.588883486063,333.991790691416,3.45060552585998
455.493850999869,298.735181377734,3.64600715505964
14.4234417591525,495.820988109633,3.69024621894929
562.103652256347,52.0062716508716,4.1474335455734
71.6463114554454,375.143798683399,3.88401192560103
225.466540238382,416.271647146245,3.87503338169955
425.903100302847,11.7189251534928,3.26598874076548
362.040597407128,292.142951375784,3.03006109744617
600.741776239769,104.261518033697,3.98874576932029
391.223133704311,229.662017749145,4.17230174669764
570.942276388291,406.294056918982,4.6905769142701
140.750349003916,281.225955810424,4.38685796457904
195.691028835466,376.45144984101,3.94342528325714
123.556887685813,412.788710317013,3.41991311920492
627.597014727081,306.124965873567,4.74997229482861
-1.86253973444669,140.821134330518,4.33575108509637
542.786042587729,203.162320152288,4.06765937155357
33.7604417643865,492.000912432105,3.01151283285591
282.764455301892,25.2385970126508,3.82629830974346
533.564223497194,394.138616125149,3.47649697748342
79.012935008441,77.2357818028776,5.26179271303189
4.98345382407923,77.253492319438,3.45437618720374
589.754852530908,230.722282530703,3.99743937400552
434.688160454124,467.569025440028,4.69282188296354
657.562475843467,373.956795777959,2.74530732831476
104.234113227276,489.410008377064,4.32595291641421
623.83626677527,92.92954835302,4.06357285161749
420.251548715248,258.345195611003,3.58528783151122
11.7058402187286,182.598789947163,3.26172605864974
69.2275352108298,116.075128847225,4.32116644423083
617.17536867182,197.249895545249,4.20748370927747
247.861959321209,219.681394269349,3.91818856918147
574.020553985388,440.616399862567,3.84833628719828
297.295670404606,143.35614058561,3.81175675010475
527.726821653253,462.324417613037,3.64073922524005
36.7084832922623,420.162696071803,3.83695717996198
188.726477211988,301.048141220626,4.42476450327773
545.932785956748,263.202369285691,3.82408135531937
174.041032653496,27.2826847499077,3.80121143341196
502.747621453497,340.39214548127,4.23546907757825
34.9551045898641,50.0044218038604,3.98229472962299
531.842790949973,151.044208558742,5.0478339996887
NA,NA,NA
659.326305981194,334.638266466488,3.46979194666955
454.969535740513,300.392542911788,3.60807959960681
12.7265887970511,493.958036791252,3.67306719091693
563.179710950946,52.8002702225753,4.30664823662099
70.818973958408,374.402211315886,4.0456974191448
231.67648179331,412.35383986133,3.93588759922864
427.806107289947,13.8128377926407,3.26436339670503
362.391861175305,291.508080724809,3.13557139542085
600.0969790141,102.697525779852,4.21697935782392
396.578734115695,231.501084328542,4.18051806863792
567.601774594166,408.73315489431,4.70778434592932
138.057755892042,285.422338292258,4.47660438741878
196.272423113817,370.261457621656,4.08868464688528
124.481768540835,412.239182406769,3.43729498102148
625.850901223163,311.838905886761,4.61107733262559
6.88851080111486,149.364480416156,4.3295673408462
541.421859251108,204.604433472091,4.27521591725713
33.9176894660611,492.003710410008,3.18374888543543
282.018705279639,21.3774153870374,4.01421981654791
532.431968986954,393.30967077261,3.22856734855688
73.415465762435,79.4469661558765,5.3522622481991
6.8777406064872,73.5699535596326,3.49637827659422
587.662630377436,231.279462200582,3.93392533245724
436.465323341063,457.948327807112,4.82031372186584
659.034064682232,374.431955489247,3.12660523097948
102.65455539067,485.055606801183,4.33144679528856
623.244509323944,93.4703253409949,4.10618346960062
421.197819611954,258.353432214385,3.71464677239327
10.2662295554876,182.585025692427,3.17705286909917
53.8044130706367,118.201293918688,4.53082995197233
608.486679737462,213.638971655415,4.3105020220483
251.533603815828,216.131730982743,3.71516801725728
568.504656219522,437.595979059281,3.66872758458578
302.9345498246,135.108609471263,3.82101353928
531.396009378565,464.010524353025,3.65233447786091
45.6110272111087,414.21695107176,3.9630947301901
189.975803526571,298.051281162494,3.72367897098814
555.757872483242,273.238965167098,3.8206369451226
161.959695880045,24.3852982956529,4.29104911470473
502.506569379029,341.760418975895,4.49743788243184
43.0070172736074,47.8514633303042,3.71225870064143
518.619512940567,161.398296395395,4.92817246922043
NA,NA,NA
659.326305981194,334.638266466488,3.46979194666955
454.969535740513,300.392542911788,3.60807959960681
12.7265887970511,493.958036791252,3.67306719091693
563.179710950946,52.8002702225753,4.30664823662099
70.818973958408,374.402211315886,4.0456974191448
231.67648179331,412.35383986133,3.93588759922864
427.806107289947,13.8128377926407,3.26436339670503
362.391861175305,291.508080724809,3.13557139542085
600.0969790141,102.697525779852,4.21697935782392
396.578734115695,231.501084328542,4.18051806863792
567.601774594166,408.73315489431,4.70778434592932
138.057755892042,285.422338292258,4.47660438741878
196.272423113817,370.261457621656,4.08868464688528
124.481768540835,412.239182406769,3.43729498102148
625.850901223163,311.838905886761,4.61107733262559
6.88851080111486,149.364480416156,4.3295673408462
541.421859251108,204.604433472091,4.27521591725713
33.9176894660611,492.003710410008,3.18374888543543
282.018705279639,21.3774153870374,4.01421981654791
532.431968986954,393.30967077261,3.22856734855688
73.415465762435,79.4469661558765,5.3522622481991
6.8777406064872,73.5699535596326,3.49637827659422
587.662630377436,231.279462200582,3.93392533245724
436.465323341063,457.948327807112,4.82031372186584
659.034064682232,374.431955489247,3.12660523097948
102.65455539067,485.055606801183,4.33144679528856
623.244509323944,93.4703253409949,4.10618346960062
421.197819611954,258.353432214385,3.71464677239327
10.2662295554876,182.585025692427,3.17705286909917
53.8044130706367,118.201293918688,4.53082995197233
608.486679737462,213.638971655415,4.3105020220483
251.533603815828,216.131730982743,3.71516801725728
568.504656219522,437.595979059281,3.66872758458578
302.9345498246,135.108609471263,3.82101353928
531.396009378565,464.010524353025,3.65233447786091
45.6110272111087,414.21695107176,3.9630947301901
189.975803526571,298.051281162494,3.72367897098814
555.757872483242,273.238965167098,3.8206369451226
161.959695880045,24.3852982956529,4.29104911470473
502.506569379029,341.760418975895,4.49743788243184
43.0070172736074,47.8514633303042,3.71225870064143
518.619512940567,161.398296395395,4.92817246922043
NA,NA,NA
659.326305981194,334.638266466488,3.46979194666955
454.969535740513,300.392542911788,3.60807959960681
12.7265887970511,493.958036791252,3.67306719091693
563.179710950946,52.8002702225753,4.30664823662099
70.818973958408,374.402211315886,4.0456974191448
231.67648179331,412.35383986133,3.93588759922864
427.806107289947,13.8128377926407,3.26436339670503
362.391861175305,291.508080724809,3.13557139542085
600.0969790141,102.697525779852,4.21697935782392
396.578734115695,231.501084328542,4.18051806863792
567.601774594166,408.73315489431,4.70778434592932
138.057755892042,285.422338292258,4.47660438741878
196.272423113817,370.261457621656,4.08868464688528
124.481768540835,412.239182406769,3.43729498102148
625.850901223163,311.838905886761,4.61107733262559
6.88851080111486,149.364480416156,4.3295673408462
541.421859251108,204.604433472091,4.27521591725713
33.9176894660611,492.003710410008,3.18374888543543
282.018705279639,21.3774153870374,4.01421981654791
532.431968986954,393.30967077261,3.22856734855688
73.415465762435,79.4469661558765,5.3522622481991
6.8777406064872,73.5699535596326,3.49637827659422
587.662630377436,231.279462200582,3.93392533245724
436.465323341063,457.948327807112,4.82031372186584
659.034064682232,374.431955489247,3.12660523097948
102.65455539067,485.055606801183,4.33144679528856
623.244509323944,93.4703253409949,4.10618346960062
421.197819611954,258.353432214385,3.71464677239327
10.2662295554876,182.585025692427,3.17705286909917
53.8044130706367,118.201293918688,4.53082995197233
608.486679737462,213.638971655415,4.3105020220483
251.533603815828,216.131730982743,3.71516801725728
568.504656219522,437.595979059281,3.66872758458578
302.9345498246,135.108609471263,3.82101353928
531.396009378565,464.010524353025,3.65233447786091
45.6110272111087,414.21695107176,3.9630947301901
189.975803526571,298.051281162494,3.72367897098814
555.757872483242,273.238965167098,3.8206369451226
161.959695880045,24.3852982956529,4.29104911470473
502.506569379029,341.760418975895,4.49743788243184
43.0070172736074,47.8514633303042,3.71225870064143
518.619512940567,161.398296395395,4.92817246922043
NA,NA,NA
659.326305981194,334.638266466488,3.46979194666955
454.969535740513,300.392542911788,3.60807959960681
12.7265887970511,493.958036791252,3.67306719091693
563.179710950946,52.8002702225753,4.30664823662099
70.818973958408,374.402211315886,4.0456974191448
231.67648179331,412.35383986133,3.93588759922864
427.806107289947,13.8128377926407,3.26436339670503
362.391861175305,291.508080724809,3.13557139542085
600.0969790141,102.697525779852,4.21697935782392
396.578734115695,231.501084328542,4.18051806863792
567.601774594166,408.73315489431,4.70778434592932
138.057755892042,285.422338292258,4.47660438741878
196.272423113817,370.261457621656,4.08868464688528
124.481768540835,412.239182406769,3.43729498102148
625.850901223163,311.838905886761,4.61107733262559
6.88851080111486,149.364480416156,4.3295673408462
541.421859251108,204.604433472091,4.27521591725713
33.9176894660611,492.003710410008,3.18374888543543
282.018705279639,21.3774153870374,4.01421981654791
532.431968986954,393.30967077261,3.22856734855688
73.415465762435,79.4469661558765,5.3522622481991
6.8777406064872,73.5699535596326,3.49637827659422
587.662630377436,231.279462200582,3.93392533245724
436.465323341063,457.948327807112,4.82031372186584
659.034064682232,374.431955489247,3.12660523097948
102.65455539067,485.055606801183,4.33144679528856
623.244509323944,93.4703253409949,4.10618346960062
421.197819611954,258.353432214385,3.71464677239327
10.2662295554876,182.585025692427,3.17705286909917
53.8044130706367,118.201293918688,4.53082995197233
608.486679737462,213.638971655415,4.3105020220483
251.533603815828,216.131730982743,3.71516801725728
568.504656219522,437.595979059281,3.66872758458578
302.9345498246,135.108609471263,3.82101353928
531.396009378565,464.010524353025,3.65233447786091
45.6110272111087,414.21695107176,3.9630947301901
189.975803526571,298.051281162494,3.72367897098814
555.757872483242,273.238965167098,3.8206369451226
161.959695880045,24.3852982956529,4.29104911470473
502.506569379029,341.760418975895,4.49743788243184
43.0070172736074,47.8514633303042,3.71225870064143
518.619512940567,161.398296395395,4.92817246922043
NA,NA,NA
659.326305981194,334.638266466488,3.46979194666955
454.969535740513,300.392542911788,3.60807959960681
12.7265887970511,493.958036791252,3.67306719091693
563.179710950946,52.8002702225753,4.30664823662099
70.818973958408,374.402211315886,4.0456974191448
231.67648179331,412.35383986133,3.93588759922864
427.806107289947,13.8128377926407,3.26436339670503
362.391861175305,291.508080724809,3.13557139542085
600.0969790141,102.697525779852,4.21697935782392
396.578734115695,231.501084328542,4.18051806863792
567.601774594166,408.73315489431,4.70778434592932
138.057755892042,285.422338292258,4.47660438741878
196.272423113817,370.261457621656,4.08868464688528
124.481768540835,412.239182406769,3.43729498102148
625.850901223163,311.838905886761,4.61107733262559
6.88851080111486,149.364480416156,4.3295673408462
541.421859251108,204.604433472091,4.27521591725713
33.9176894660611,492.003710410008,3.18374888543543
282.018705279639,21.3774153870374,4.01421981654791
532.431968986954,393.30967077261,3.22856734855688
73.415465762435,79.4469661558765,5.3522622481991
6.8777406064872,73.5699535596326,3.49637827659422
587.662630377436,231.279462200582,3.93392533245724
436.465323341063,457.948327807112,4.82031372186584
659.034064682232,374.431955489247,3.12660523097948
102.65455539067,485.055606801183,4.33144679528856
623.244509323944,93.4703253409949,4.10618346960062
421.197819611954,258.353432214385,3.71464677239327
10.2662295554876,182.585025692427,3.17705286909917
53.8044130706367,118.201293918688,4.53082995197233
608.486679737462,213.638971655415,4.3105020220483
251.533603815828,216.131730982743,3.71516801725728
568.504656219522,437.595979059281,3.66872758458578
302.9345498246,135.108609471263,3.82101353928
531.396009378565,464.010524353025,3.65233447786091
45.6110272111087,414.21695107176,3.9630947301901
189.975803526571,298.051281162494,3.72367897098814
555.757872483242,273.238965167098,3.8206369451226
161.959695880045,24.3852982956529,4.29104911470473
502.506569379029,341.760418975895,4.49743788243184
43.0070172736074,47.8514633303042,3.71225870064143
518.619512940567,161.398296395395,4.92817246922043
NA,NA,NA
659.326305981194,334.638266466488,3.46979194666955
454.969535740513,300.392542911788,3.60807959960681
12.7265887970511,493.958036791252,3.67306719091693
563.179710950946,52.8002702225753,4.30664823662099
70.818973958408,374.402211315886,4.0456974191448
231.67648179331,412.35383986133,3.93588759922864
427.806107289947,13.8128377926407,3.26436339670503
362.391861175305,291.508080724809,3.13557139542085
600.0969790141,102.697525779852,4.21697935782392
396.578734115695,231.501084328542,4.18051806863792
567.601774594166,408.73315489431,4.70778434592932
138.057755892042,285.422338292258,4.47660438741878
196.272423113817,370.261457621656,4.08868464688528
124.481768540835,412.239182406769,3.43729498102148
625.850901223163,311.838905886761,4.61107733262559
6.88851080111486,149.364480416156,4.3295673408462
541.421859251108,204.604433472091,4.27521591725713
33.9176894660611,492.003710410008,3.18374888543543
282.018705279639,21.3774153870374,4.01421981654791
532.431968986954,393.30967077261,3.22856734855688
73.415465762435,79.4469661558765,5.3522622481991
6.8777406064872,73.5699535596326,3.49637827659422
587.662630377436,231.279462200582,3.93392533245724
436.465323341063,457.948327807112,4.82031372186584
659.034064682232,374.431955489247,3.12660523097948
102.65455539067,485.055606801183,4.33144679528856
623.244509323944,93.4703253409949,4.10618346960062
421.197819611954,258.353432214385,3.71464677239327
10.2662295554876,182.585025692427,3.17705286909917
53.8044130706367,118.201293918688,4.53082995197233
608.486679737462,213.638971655415,4.3105020220483
251.533603815828,216.131730982743,3.71516801725728
568.504656219522,437.595979059281,3.66872758458578
302.9345498246,135.108609471263,3.82101353928
531.396009378565,464.010524353025,3.65233447786091
45.6110272111087,414.21695107176,3.9630947301901
189.975803526571,298.051281162494,3.72367897098814
555.757872483242,273.238965167098,3.8206369451226
161.959695880045,24.3852982956529,4.29104911470473
502.506569379029,341.760418975895,4.49743788243184
43.0070172736074,47.8514633303042,3.71225870064143
518.619512940567,161.398296395395,4.92817246922043
NA,NA,NA
660.31185752879,328.648951800131,3.51021600205652
455.561663744413,298.966173478947,3.76677444192306
9.22548242301591,495.727834704596,3.76504817269548
558.222859354389,50.4798945744765,4.32015881242239
70.2108064047128,378.278810337315,4.13732902087657
224.509255877483,412.79563448835,3.93244275405797
429.042723325275,14.1820704041029,3.29456180522701
362.085862000164,293.920250588725,3.01410066263728
604.922574733166,105.291206917346,4.23670913652583
391.86694549721,223.518458771865,4.14863806849732
566.897214667643,409.423187677354,4.73292186741834
135.961427642112,287.860490941133,4.55798277287169
196.632098089097,365.773877012809,3.96334277198171
128.473482284015,413.465912318133,3.39909419695955
620.797286235264,310.475985148741,4.48462011565524
-0.524239496092327,147.958621981579,4.27846934076897
546.205449058988,206.388141577779,4.16529031612141
32.9604833354527,491.909458952514,2.97017671680082
283.421553865664,21.5205493172416,3.85533068119537
535.800251036115,391.05676868335,3.43125338724027
68.18130472056,81.9705415507845,5.25197010971447
5.76820672085564,77.3401149770978,3.58763455531163
589.911686118473,224.916779216246,3.99292869274612
449.26359280668,455.686150417966,4.84042048798707
658.793975811931,371.270534646231,3.12131533475803
99.8115928601161,484.846501283447,4.39265510110392
619.689141342323,93.6893214557621,4.09301465402586
422.232364046413,258.777430253119,3.62278379701357
12.3865360252758,181.973162824244,3.17033186588808
58.5197911138797,109.685173814156,4.30172423925136
613.666371790328,190.966367490564,4.50429657705373
258.152232961133,210.851141234567,3.57781640438757
576.60911624257,432.78076085489,3.80162783295778
300.53010361748,132.952601023825,3.84975933256486
532.475535617842,466.441433152231,3.62978978308912
48.434601435063,408.72120725743,4.0460404742941
202.123771154393,288.149796739536,4.32448707805762
553.893533710662,256.704251662038,4.00882816397866
160.685857372457,28.3838474825938,4.48242018279616
508.700991337121,335.466593044258,4.52177173297401
41.3775613786531,41.5564492421144,4.05842638699802
540.916620029525,149.526404173257,4.83633968468373
NA,NA,NA
660.31185752879,328.648951800131,3.51021600205652
455.561663744413,298.966173478947,3.76677444192306
9.22548242301591,495.727834704596,3.76504817269548
558.222859354389,50.4798945744765,4.32015881242239
70.2108064047128,378.278810337315,4.13732902087657
224.509255877483,412.79563448835,3.93244275405797
429.042723325275,14.1820704041029,3.29456180522701
362.085862000164,293.920250588725,3.01410066263728
604.922574733166,105.291206917346,4.23670913652583
391.86694549721,223.518458771865,4.14863806849732
566.897214667643,409.423187677354,4.73292186741834
135.961427642112,287.860490941133,4.55798277287169
196.632098089097,365.773877012809,3.96334277198171
128.473482284015,413.465912318133,3.39909419695955
620.797286235264,310.475985148741,4.48462011565524
-0.524239496092327,147.958621981579,4.27846934076897
546.205449058988,206.388141577779,4.16529031612141
32.9604833354527,491.909458952514,2.97017671680082
283.421553865664,21.5205493172416,3.85533068119537
535.800251036115,391.05676868335,3.43125338724027
68.18130472056,81.9705415507845,5.25197010971447
5.76820672085564,77.3401149770978,3.58763455531163
589.911686118473,224.916779216246,3.99292869274612
449.26359280668,455.686150417966,4.84042048798707
658.793975811931,371.270534646231,3.12131533475803
99.8115928601161,484.846501283447,4.39265510110392
619.689141342323,93.6893214557621,4.09301465402586
422.232364046413,258.777430253119,3.62278379701357
12.3865360252758,181.973162824244,3.17033186588808
58.5197911138797,109.685173814156,4.30172423925136
613.666371790328,190.966367490564,4.50429657705373
258.152232961133,210.851141234567,3.57781640438757
576.60911624257,432.78076085489,3.80162783295778
300.53010361748,132.952601023825,3.84975933256486
532.475535617842,466.441433152231,3.62978978308912
48.434601435063,408.72120725743,4.0460404742941
202.123771154393,288.149796739536,4.32448707805762
553.893533710662,256.704251662038,4.00882816397866
160.685857372457,28.3838474825938,4.48242018279616
508.700991337121,335.466593044258,4.52177173297401
41.3775613786531,41.5564492421144,4.05842638699802
540.916620029525,149.526404173257,4.83633968468373
NA,NA,NA
660.31185752879,328.648951800131,3.51021600205652
455.561663744413,298.966173478947,3.76677444192306
9.22548242301591,495.727834704596,3.76504817269548
558.222859354389,50.4798945744765,4.32015881242239
70.2108064047128,378.278810337315,4.13732902087657
224.509255877483,412.79563448835,3.93244275405797
429.042723325275,14.1820704041029,3.29456180522701
362.085862000164,293.920250588725,3.01410066263728
604.922574733166,105.291206917346,4.23670913652583
391.86694549721,223.518458771865,4.14863806849732
566.897214667643,409.423187677354,4.73292186741834
135.961427642112,287.860490941133,4.55798277287169
196.632098089097,365.773877012809,3.96334277198171
128.473482284015,413.465912318133,3.39909419695955
620.797286235264,310.475985148741,4.48462011565524
-0.524239496092327,147.958621981579,4.27846934076897
546.205449058988,206.388141577779,4.16529031612141
32.9604833354527,491.909458952514,2.97017671680082
283.421553865664,21.5205493172416,3.85533068119537
535.800251036115,391.05676868335,3.43125338724027
68.18130472056,81.9705415507845,5.25197010971447
5.76820672085564,77.3401149770978,3.58763455531163
589.911686118473,224.916779216246,3.99292869274612
449.26359280668,455.686150417966,4.84042048798707
658.793975811931,371.270534646231,3.12131533475803
99.8115928601161,484.846501283447,4.39265510110392
619.689141342323,93.6893214557621,4.09301465402586
422.232364046413,258.777430253119,3.62278379701357
12.3865360252758,181.973162824244,3.17033186588808
58.5197911138797,109.685173814156,4.30172423925136
613.666371790328,190.966367490564,4.50429657705373
258.152232961133,210.851141234567,3.57781640438757
576.60911624257,432.78076085489,3.80162783295778
300.53010361748,132.952601023825,3.84975933256486
532.475535617842,466.441433152231,3.62978978308912
48.434601435063,408.72120725743,4.0460404742941
202.123771154393,288.149796739536,4.32448707805762
553.893533710662,256.704251662038,4.00882816397866
160.685857372457,28.3838474825938,4.48242018279616
508.700991337121,335.466593044258,4.52177173297401
41.3775613786531,41.5564492421144,4.05842638699802
540.916620029525,149.526404173257,4.83633968468373
NA,NA,NA
660.31185752879,328.648951800131,3.51021600205652
455.561663744413,298.966173478947,3.76677444192306
9.22548242301591,495.727834704596,3.76504817269548
558.222859354389,50.4798945744765,4.32015881242239
70.2108064047128,378.278810337315,4.13732902087657
224.509255877483,412.79563448835,3.93244275405797
429.042723325275,14.1820704041029,3.29456180522701
362.085862000164,293.920250588725,3.01410066263728
604.922574733166,105.291206917346,4.23670913652583
391.86694549721,223.518458771865,4.14863806849732
566.897214667643,409.423187677354,4.73292186741834
135.961427642112,287.860490941133,4.55798277287169
196.632098089097,365.773877012809,3.96334277198171
128.473482284015,413.465912318133,3.39909419695955
620.797286235264,310.475985148741,4.48462011565524
-0.524239496092327,147.958621981579,4.27846934076897
546.205449058988,206.388141577779,4.16529031612141
32.9604833354527,491.909458952514,2.97017671680082
283.421553865664,21.5205493172416,3.85533068119537
535.800251036115,391.05676868335,3.43125338724027
68.18130472056,81.9705415507845,5.25197010971447
5.76820672085564,77.3401149770978,3.58763455531163
589.911686118473,224.916779216246,3.99292869274612
449.26359280668,455.686150417966,4.84042048798707
658.793975811931,371.270534646231,3.12131533475803
99.8115928601161,484.846501283447,4.39265510110392
619.689141342323,93.6893214557621,4.09301465402586
422.232364046413,258.777430253119,3.62278379701357
12.3865360252758,181.973162824244,3.17033186588808
58.5197911138797,109.685173814156,4.30172423925136
613.666371790328,190.966367490564,4.50429657705373
258.152232961133,210.851141234567,3.57781640438757
576.60911624257,432.78076085489,3.80162783295778
300.53010361748,132.952601023825,3.84975933256486
532.475535617842,466.441433152231,3.62978978308912
48.434601435063,408.72120725743,4.0460404742941
202.123771154393,288.149796739536,4.32448707805762
553.893533710662,256.704251662038,4.00882816397866
160.685857372457,28.3838474825938,4.48242018279616
508.700991337121,335.466593044258,4.52177173297401
41.3775613786531,41.5564492421144,4.05842638699802
540.916620029525,149.526404173257,4.83633968468373
NA,NA,NA
660.31185752879,328.648951800131,3.51021600205652
455.561663744413,298.966173478947,3.76677444192306
9.22548242301591,495.727834704596,3.76504817269548
558.222859354389,50.4798945744765,4.32015881242239
70.2108064047128,378.278810337315,4.13732902087657
224.509255877483,412.79563448835,3.93244275405797
429.042723325275,14.1820704041029,3.29456180522701
362.085862000164,293.920250588725,3.01410066263728
604.922574733166,105.291206917346,4.23670913652583
391.86694549721,223.518458771865,4.14863806849732
566.897214667643,409.423187677354,4.73292186741834
135.961427642112,287.860490941133,4.55798277287169
196.632098089097,365.773877012809,3.96334277198171
128.473482284015,413.465912318133,3.39909419695955
620.797286235264,310.475985148741,4.48462011565524
-0.524239496092327,147.958621981579,4.27846934076897
546.205449058988,206.388141577779,4.16529031612141
32.9604833354527,491.909458952514,2.97017671680082
283.421553865664,21.5205493172416,3.85533068119537
535.800251036115,391.05676868335,3.43125338724027
68.18130472056,81.9705415507845,5.25197010971447
5.76820672085564,77.3401149770978,3.58763455531163
589.911686118473,224.916779216246,3.99292869274612
449.26359280668,455.686150417966,4.84042048798707
658.793975811931,371.270534646231,3.12131533475803
99.8115928601161,484.846501283447,4.39265510110392
619.689141342323,93.6893214557621,4.09301465402586
422.232364046413,258.777430253119,3.62278379701357
12.3865360252758,181.973162824244,3.17033186588808
58.5197911138797,109.685173814156,4.30172423925136
613.666371790328,190.966367490564,4.50429657705373
258.152232961133,210.851141234567,3.57781640438757
576.60911624257,432.78076085489,3.80162783295778
300.53010361748,132.952601023825,3.84975933256486
532.475535617842,466.441433152231,3.62978978308912
48.434601435063,408.72120725743,4.0460404742941
202.123771154393,288.149796739536,4.32448707805762
553.893533710662,256.704251662038,4.00882816397866
160.685857372457,28.3838474825938,4.48242018279616
508.700991337121,335.466593044258,4.52177173297401
41.3775613786531,41.5564492421144,4.05842638699802
540.916620029525,149.526404173257,4.83633968468373
NA,NA,NA
660.31185752879,328.648951800131,3.51021600205652
455.561663744413,298.966173478947,3.76677444192306
9.22548242301591,495.727834704596,3.76504817269548
558.222859354389,50.4798945744765,4.32015881242239
70.2108064047128,378.278810337315,4.13732902087657
224.509255877483,412.79563448835,3.93244275405797
429.042723325275,14.1820704041029,3.29456180522701
362.085862000164,293.920250588725,3.01410066263728
604.922574733166,105.291206917346,4.23670913652583
391.86694549721,223.518458771865,4.14863806849732
566.897214667643,409.423187677354,4.73292186741834
135.961427642112,287.860490941133,4.55798277287169
196.632098089097,365.773877012809,3.96334277198171
128.473482284015,413.465912318133,3.39909419695955
620.797286235264,310.475985148741,4.48462011565524
-0.524239496092327,147.958621981579,4.27846934076897
546.205449058988,206.388141577779,4.16529031612141
32.9604833354527,491.909458952514,2.97017671680082
283.421553865664,21.5205493172416,3.85533068119537
535.800251036115,391.05676868335,3.43125338724027
68.18130472056,81.9705415507845,5.25197010971447
5.76820672085564,77.3401149770978,3.58763455531163
589.911686118473,224.916779216246,3.99292869274612
449.26359280668,455.686150417966,4.84042048798707
658.793975811931,371.270534646231,3.12131533475803
99.8115928601161,484.846501283447,4.39265510110392
619.689141342323,93.6893214557621,4.09301465402586
422.232364046413,258.777430253119,3.62278379701357
12.3865360252758,181.973162824244,3.17033186588808
58.5197911138797,109.685173814156,4.30172423925136
613.666371790328,190.966367490564,4.50429657705373
258.152232961133,210.851141234567,3.57781640438757
576.60911624257,432.78076085489,3.80162783295778
300.53010361748,132.952601023825,3.84975933256486
532.475535617842,466.441433152231,3.62978978308912
48.434601435063,408.72120725743,4.0460404742941
202.123771154393,288.149796739536,4.32448707805762
553.893533710662,256.704251662038,4.00882816397866
160.685857372457,28.3838474825938,4.48242018279616
508.700991337121,335.466593044258,4.52177173297401
41.3775613786531,41.5564492421144,4.05842638699802
540.916620029525,149.526404173257,4.83633968468373
NA,NA,NA
661.464453527467,338.514311424458,3.41835973081619
457.832554176588,295.663344210169,3.58976398935213
9.21172745110543,497.087642410995,3.74325470066597
561.669579784956,54.9232903611811,4.25937228201376
69.0746889239225,371.6839668116,3.84510992645672
229.178680059638,414.996392556671,3.85673042889967
428.780207448685,15.1873779649581,3.4061969203624
360.777012468013,290.041843109778,2.98255621782925
604.573154194485,104.493680101067,4.20126289983487
392.667683669933,229.737872128079,4.28977373684503
569.670472970428,403.649858586955,4.74872980175762
135.812339410863,282.168942954697,4.59688171132414
194.414201690352,369.747713834684,4.01795017568734
125.051099935744,409.346079265964,3.46790915536036
624.946074131648,309.389642585755,4.56774994592718
2.88113006876225,151.343906452326,4.21581266321426
543.38361934233,206.289461948703,4.10306877780759
34.4384460507935,490.687408645362,2.91146128730407
285.024460580561,24.0759221331107,3.97601969549628
530.747500231575,394.039987643539,3.38893162851574
66.8979032030342,82.689521547244,5.19229553962479
3.54282251904085,78.609421298018,3.51726505141678
587.504712003321,227.19405387764,4.00702314875048
441.631481806245,463.926807396059,4.81707982474667
658.199603959199,374.072908038175,3.12262522440242
106.846466144953,485.042812876373,4.27508813499304
627.503843617166,88.7515369485751,4.0595270269734
420.254168248509,257.927461223228,3.66139101681619
10.9925650150663,182.654928968345,3.03066968903586
57.5632866707697,111.53777980556,4.60403834500115
607.201675977927,214.988070066036,4.26894653413472
249.578950417055,218.939186505988,3.94079586868651
573.351352586296,441.493351209963,3.74497074467027
298.45066554124,138.143117503082,3.99677409620951
535.409831104183,464.603406584609,3.56683575920531
42.4239983330864,420.78425313602,3.97691290545424
199.828201843405,286.760554493332,3.66175555105578
564.016455335222,268.365076409559,4.05154036965782
159.901070427953,42.7468642197898,4.18709602691678
500.179159868186,347.725067423772,4.75160544193583
35.3102256756892,45.6519518434323,3.91859577358382
532.527512398397,153.399296538917,4.96768674751218
NA,NA,NA
661.464453527467,338.514311424458,3.41835973081619
457.832554176588,295.663344210169,3.58976398935213
9.21172745110543,497.087642410995,3.74325470066597
561.669579784956,54.9232903611811,4.25937228201376
69.0746889239225,371.6839668116,3.84510992645672
229.178680059638,414.996392556671,3.85673042889967
428.780207448685,15.1873779649581,3.4061969203624
360.777012468013,290.041843109778,2.98255621782925
604.573154194485,104.493680101067,4.20126289983487
392.667683669933,229.737872128079,4.28977373684503
569.670472970428,403.649858586955,4.74872980175762
135.812339410863,282.168942954697,4.59688171132414
194.414201690352,369.747713834684,4.01795017568734
125.051099935744,409.346079265964,3.46790915536036
624.946074131648,309.389642585755,4.56774994592718
2.88113006876225,151.343906452326,4.21581266321426
543.38361934233,206.289461948703,4.10306877780759
34.4384460507935,490.687408645362,2.91146128730407
285.024460580561,24.0759221331107,3.97601969549628
530.747500231575,394.039987643539,3.38893162851574
66.8979032030342,82.689521547244,5.19229553962479
3.54282251904085,78.609421298018,3.51726505141678
587.504712003321,227.19405387764,4.00702314875048
441.631481806245,463.926807396059,4.81707982474667
658.199603959199,374.072908038175,3.12262522440242
106.846466144953,485.042812876373,4.27508813499304
627.503843617166,88.7515369485751,4.0595270269734
420.254168248509,257.927461223228,3.66139101681619
10.9925650150663,182.654928968345,3.03066968903586
57.5632866707697,111.53777980556,4.60403834500115
607.201675977927,214.988070066036,4.26894653413472
249.578950417055,218.939186505988,3.94079586868651
573.351352586296,441.493351209963,3.74497074467027
298.45066554124,138.143117503082,3.99677409620951
535.409831104183,464.603406584609,3.56683575920531
42.4239983330864,420.78425313602,3.97691290545424
199.828201843405,286.760554493332,3.66175555105578
564.016455335222,268.365076409559,4.05154036965782
159.901070427953,42.7468642197898,4.18709602691678
500.179159868186,347.725067423772,4.75160544193583
35.3102256756892,45.6519518434323,3.91859577358382
532.527512398397,153.399296538917,4.96768674751218
NA,NA,NA
661.464453527467,338.514311424458,3.41835973081619
457.832554176588,295.663344210169,3.58976398935213
9.21172745110543,497.087642410995,3.74325470066597
561.669579784956,54.9232903611811,4.25937228201376
69.0746889239225,371.6839668116,3.84510992645672
229.178680059638,414.996392556671,3.85673042889967
428.780207448685,15.1873779649581,3.4061969203624
360.777012468013,290.041843109778,2.98255621782925
604.573154194485,104.493680101067,4.20126289983487
392.667683669933,229.737872128079,4.28977373684503
569.670472970428,403.649858586955,4.74872980175762
135.812339410863,282.168942954697,4.59688171132414
194.414201690352,369.747713834684,4.01795017568734
125.051099935744,409.346079265964,3.46790915536036
624.946074131648,309.389642585755,4.56774994592718
2.88113006876225,151.343906452326,4.21581266321426
543.38361934233,206.289461948703,4.10306877780759
34.4384460507935,490.687408645362,2.91146128730407
285.024460580561,24.0759221331107,3.97601969549628
530.747500231575,394.039987643539,3.38893162851574
66.8979032030342,82.689521547244,5.19229553962479
3.54282251904085,78.609421298018,3.51726505141678
587.504712003321,227.19405387764,4.00702314875048
441.631481806245,463.926807396059,4.81707982474667
658.199603959199,374.072908038175,3.12262522440242
106.846466144953,485.042812876373,4.27508813499304
627.503843617166,88.7515369485751,4.0595270269734
420.254168248509,257.927461223228,3.66139101681619
10.9925650150663,182.654928968345,3.03066968903586
57.5632866707697,111.53777980556,4.60403834500115
607.201675977927,214.988070066036,4.26894653413472
249.578950417055,218.939186505988,3.94079586868651
573.351352586296,441.493351209963,3.74497074467027
298.45066554124,138.143117503082,3.99677409620951
535.409831104183,464.603406584609,3.56683575920531
42.4239983330864,420.78425313602,3.97691290545424
199.828201843405,286.760554493332,3.66175555105578
564.016455335222,268.365076409559,4.05154036965782
159.901070427953,42.7468642197898,4.18709602691678
500.179159868186,347.725067423772,4.75160544193583
35.3102256756892,45.6519518434323,3.91859577358382
532.527512398397,153.399296538917,4.96768674751218
NA,NA,NA
661.464453527467,338.514311424458,3.41835973081619
457.832554176588,295.663344210169,3.58976398935213
9.21172745110543,497.087642410995,3.74325470066597
561.669579784956,54.9232903611811,4.25937228201376
69.0746889239225,371.6839668116,3.84510992645672
229.178680059638,414.996392556671,3.85673042889967
428.780207448685,15.1873779649581,3.4061969203624
360.777012468013,290.041843109778,2.98255621782925
604.573154194485,104.493680101067,4.20126289983487
392.667683669933,229.737872128079,4.28977373684503
569.670472970428,403.649858586955,4.74872980175762
135.812339410863,282.168942954697,4.59688171132414
194.414201690352,369.747713834684,4.01795017568734
125.051099935744,409.346079265964,3.46790915536036
624.946074131648,309.389642585755,4.56774994592718
2.88113006876225,151.343906452326,4.21581266321426
543.38361934233,206.289461948703,4.10306877780759
34.4384460507935,490.687408645362,2.91146128730407
285.024460580561,24.0759221331107,3.97601969549628
530.747500231575,394.039987643539,3.38893162851574
66.8979032030342,82.689521547244,5.19229553962479
3.54282251904085,78.609421298018,3.51726505141678
587.504712003321,227.19405387764,4.00702314875048
441.631481806245,463.926807396059,4.81707982474667
658.199603959199,374.072908038175,3.12262522440242
106.846466144953,485.042812876373,4.27508813499304
627.503843617166,88.7515369485751,4.0595270269734
420.254168248509,257.927461223228,3.66139101681619
10.9925650150663,182.654928968345,3.03066968903586
57.5632866707697,111.53777980556,4.60403834500115
607.201675977927,214.988070066036,4.26894653413472
249.578950417055,218.939186505988,3.94079586868651
573.351352586296,441.493351209963,3.74497074467027
298.45066554124,138.143117503082,3.99677409620951
535.409831104183,464.603406584609,3.56683575920531
42.4239983330864,420.78425313602,3.97691290545424
199.828201843405,286.760554493332,3.66175555105578
564.016455335222,268.365076409559,4.05154036965782
159.901070427953,42.7468642197898,4.18709602691678
500.179159868186,347.725067423772,4.75160544193583
35.3102256756892,45.6519518434323,3.91859577358382
532.527512398397,153.399296538917,4.96768674751218
NA,NA,NA
661.464453527467,338.514311424458,3.41835973081619
457.832554176588,295.663344210169,3.58976398935213
9.21172745110543,497.087642410995,3.74325470066597
561.669579784956,54.9232903611811,4.25937228201376
69.0746889239225,371.6839668116,3.84510992645672
229.178680059638,414.996392556671,3.85673042889967
428.780207448685,15.1873779649581,3.4061969203624
360.777012468013,290.041843109778,2.98255621782925
604.573154194485,104.493680101067,4.20126289983487
392.667683669933,229.737872128079,4.28977373684503
569.670472970428,403.649858586955,4.74872980175762
135.812339410863,282.168942954697,4.59688171132414
194.414201690352,369.747713834684,4.01795017568734
125.051099935744,409.346079265964,3.46790915536036
624.946074131648,309.389642585755,4.56774994592718
2.88113006876225,151.343906452326,4.21581266321426
543.38361934233,206.289461948703,4.10306877780759
34.4384460507935,490.687408645362,2.91146128730407
285.024460580561,24.0759221331107,3.97601969549628
530.747500231575,394.039987643539,3.38893162851574
66.8979032030342,82.689521547244,5.19229553962479
3.54282251904085,78.609421298018,3.51726505141678
587.504712003321,227.19405387764,4.00702314875048
441.631481806245,463.926807396059,4.81707982474667
658.199603959199,374.072908038175,3.12262522440242
106.846466144953,485.042812876373,4.27508813499304
627.503843617166,88.7515369485751,4.0595270269734
420.254168248509,257.927461223228,3.66139101681619
10.9925650150663,182.654928968345,3.03066968903586
57.5632866707697,111.53777980556,4.60403834500115
607.201675977927,214.988070066036,4.26894653413472
249.578950417055,218.939186505988,3.94079586868651
573.351352586296,441.493351209963,3.74497074467027
298.45066554124,138.143117503082,3.99677409620951
535.409831104183,464.603406584609,3.56683575920531
42.4239983330864,420.78425313602,3.97691290545424
199.828201843405,286.760554493332,3.66175555105578
564.016455335222,268.365076409559,4.05154036965782
159.901070427953,42.7468642197898,4.18709602691678
500.179159868186,347.725067423772,4.75160544193583
35.3102256756892,45.6519518434323,3.91859577358382
532.527512398397,153.399296538917,4.96768674751218
NA,NA,NA
661.464453527467,338.514311424458,3.41835973081619
457.832554176588,295.663344210169,3.58976398935213
9.21172745110543,497.087642410995,3.74325470066597
561.669579784956,54.9232903611811,4.25937228201376
69.0746889239225,371.6839668116,3.84510992645672
229.178680059638,414.996392556671,3.85673042889967
428.780207448685,15.1873779649581,3.4061969203624
360.777012468013,290.041843109778,2.98255621782925
604.573154194485,104.493680101067,4.20126289983487
392.667683669933,229.737872128079,4.28977373684503
569.670472970428,403.649858586955,4.74872980175762
135.812339410863,282.168942954697,4.59688171132414
194.414201690352,369.747713834684,4.01795017568734
125.051099935744,409.346079265964,3.46790915536036
624.946074131648,309.389642585755,4.56774994592718
2.88113006876225,151.343906452326,4.21581266321426
543.38361934233,206.289461948703,4.10306877780759
34.4384460507935,490.687408645362,2.91146128730407
285.024460580561,24.0759221331107,3.97601969549628
530.747500231575,394.039987643539,3.38893162851574
66.8979032030342,82.689521547244,5.19229553962479
3.54282251904085,78.609421298018,3.51726505141678
587.504712003321,227.19405387764,4.00702314875048
441.631481806245,463.926807396059,4.81707982474667
658.199603959199,374.072908038175,3.12262522440242
106.846466144953,485.042812876373,4.27508813499304
627.503843617166,88.7515369485751,4.0595270269734
420.254168248509,257.927461223228,3.66139101681619
10.9925650150663,182.654928968345,3.03066968903586
57.5632866707697,111.53777980556,4.60403834500115
607.201675977927,214.988070066036,4.26894653413472
249.578950417055,218.939186505988,3.94079586868651
573.351352586296,441.493351209963,3.74497074467027
298.45066554124,138.143117503082,3.99677409620951
535.409831104183,464.603406584609,3.56683575920531
42.4239983330864,420.78425313602,3.97691290545424
199.828201843405,286.760554493332,3.66175555105578
564.016455335222,268.365076409559,4.05154036965782
159.901070427953,42.7468642197898,4.18709602691678
500.179159868186,347.725067423772,4.75160544193583
35.3102256756892,45.6519518434323,3.91859577358382
532.527512398397,153.399296538917,4.96768674751218
NA,NA,NA
665.025949923035,336.776909952627,3.3777599156834
458.327321159409,299.706176378992,3.48630573888898
10.7066745327087,494.60318136508,3.42822871245579
560.449235767437,54.4060863146144,4.34511531158393
72.743140459785,371.046296294251,4.02743019126704
230.519948419805,415.367429992091,3.92232946641399
427.871863854167,12.4973307150696,3.29584884398305
361.111837248565,291.928146203534,2.99544748437369
606.054160375264,101.563145201081,4.28452451994416
389.454611598314,229.030712792387,4.32976594645181
568.794384105779,412.018055249545,4.687089086106
141.25572144899,282.858867547192,4.67660811225267
198.185106107178,372.167778125747,4.08961138268352
125.407446981414,412.277257509747,3.30128938811816
619.558960866507,313.542453102368,4.62870860202579
2.19694612005569,151.11048138,4.35126236411336
542.250641746571,203.442133466805,4.20673993759299
32.0439061656831,492.388262857649,2.94107161488552
280.207603962931,21.6152625558539,3.85737828495443
535.49722149132,391.747976829698,3.4120612259504
69.290691428278,86.1861224535724,5.2169487466387
3.68469080651902,77.1285368349882,3.43235108735186
588.107842468663,227.128354738569,4.06633361199498
442.406927756555,465.968019860791,4.72267436864603
659.492164845386,374.247289741861,3.1044563524241
107.724612276099,492.83647676516,4.43405229845076
622.601513798899,91.836030326643,4.05316631442173
421.424510316033,255.089364062066,3.61192368689926
8.89107350643167,182.185338980661,3.10152756788476
53.8178612032069,112.542438645349,4.37231514958796
613.245348403108,200.426813883605,4.13135076204227
249.097202436578,214.474441429086,4.09881020856373
568.726711638986,440.532756462838,3.63011171495772
301.621125431663,138.939156781248,3.96906315323633
530.587283742916,452.007577954591,3.60917702899504
45.5446632935014,412.336196482525,3.86011820744486
185.210751025279,295.958507235739,4.04335366441464
540.187018322776,263.750302182016,3.64419843391095
152.261069715989,14.5192604478319,4.1370367737942
500.449203515895,339.837241407823,4.4071918889343
37.6487686170289,57.2710783070472,3.68617964342609
522.871589093437,137.556006902426,4.92986515725531
NA,NA,NA
665.025949923035,336.776909952627,3.3777599156834
458.327321159409,299.706176378992,3.48630573888898
10.7066745327087,494.60318136508,3.42822871245579
560.449235767437,54.4060863146144,4.34511531158393
72.743140459785,371.046296294251,4.02743019126704
230.519948419805,415.367429992091,3.92232946641399
427.871863854167,12.4973307150696,3.29584884398305
361.111837248565,291.928146203534,2.99544748437369
606.054160375264,101.563145201081,4.28452451994416
389.454611598314,229.030712792387,4.32976594645181
568.794384105779,412.018055249545,4.687089086106
141.25572144899,282.858867547192,4.67660811225267
198.185106107178,372.167778125747,4.08961138268352
125.407446981414,412.277257509747,3.30128938811816
619.558960866507,313.542453102368,4.62870860202579
2.19694612005569,151.11048138,4.35126236411336
542.250641746571,203.442133466805,4.20673993759299
32.0439061656831,492.388262857649,2.94107161488552
280.207603962931,21.6152625558539,3.85737828495443
535.49722149132,391.747976829698,3.4120612259504
69.290691428278,86.1861224535724,5.2169487466387
3.68469080651902,77.1285368349882,3.43235108735186
588.107842468663,227.128354738569,4.06633361199498
442.406927756555,465.968019860791,4.72267436864603
659.492164845386,374.247289741861,3.1044563524241
107.724612276099,492.83647676516,4.43405229845076
622.601513798899,91.836030326643,4.05316631442173
421.424510316033,255.089364062066,3.61192368689926
8.89107350643167,182.185338980661,3.10152756788476
53.8178612032069,112.542438645349,4.37231514958796
613.245348403108,200.426813883605,4.13135076204227
249.097202436578,214.474441429086,4.09881020856373
568.726711638986,440.532756462838,3.63011171495772
301.621125431663,138.939156781248,3.96906315323633
530.587283742916,452.007577954591,3.60917702899504
45.5446632935014,412.336196482525,3.86011820744486
185.210751025279,295.958507235739,4.04335366441464
540.187018322776,263.750302182016,3.64419843391095
152.261069715989,14.5192604478319,4.1370367737942
500.449203515895,339.837241407823,4.4071918889343
37.6487686170289,57.2710783070472,3.68617964342609
522.871589093437,137.556006902426,4.92986515725531
NA,NA,NA
665.025949923035,336.776909952627,3.3777599156834
458.327321159409,299.706176378992,3.48630573888898
10.7066745327087,494.60318136508,3.42822871245579
560.449235767437,54.4060863146144,4.34511531158393
72.743140459785,371.046296294251,4.02743019126704
230.519948419805,415.367429992091,3.92232946641399
427.871863854167,12.4973307150696,3.29584884398305
361.111837248565,291.928146203534,2.99544748437369
606.054160375264,101.563145201081,4.28452451994416
389.454611598314,229.030712792387,4.32976594645181
568.794384105779,412.018055249545,4.687089086106
141.25572144899,282.858867547192,4.67660811225267
198.185106107178,372.167778125747,4.08961138268352
125.407446981414,412.277257509747,3.30128938811816
619.558960866507,313.542453102368,4.62870860202579
2.19694612005569,151.11048138,4.35126236411336
542.250641746571,203.442133466805,4.20673993759299
32.0439061656831,492.388262857649,2.94107161488552
280.207603962931,21.6152625558539,3.85737828495443
535.49722149132,391.747976829698,3.4120612259504
69.290691428278,86.1861224535724,5.2169487466387
3.68469080651902,77.1285368349882,3.43235108735186
588.107842468663,227.128354738569,4.06633361199498
442.406927756555,465.968019860791,4.72267436864603
659.492164845386,374.247289741861,3.1044563524241
107.724612276099,492.83647676516,4.43405229845076
622.601513798899,91.836030326643,4.05316631442173
421.424510316033,255.089364062066,3.61192368689926
8.89107350643167,182.185338980661,3.10152756788476
53.8178612032069,112.542438645349,4.37231514958796
613.245348403108,200.426813883605,4.13135076204227
249.097202436578,214.474441429086,4.09881020856373
568.726711638986,440.532756462838,3.63011171495772
301.621125431663,138.939156781248,3.96906315323633
530.587283742916,452.007577954591,3.60917702899504
45.5446632935014,412.336196482525,3.86011820744486
185.210751025279,295.958507235739,4.04335366441464
540.187018322776,263.750302182016,3.64419843391095
152.261069715989,14.5192604478319,4.1370367737942
500.449203515895,339.837241407823,4.4071918889343
37.6487686170289,57.2710783070472,3.68617964342609
522.871589093437,137.556006902426,4.92986515725531
NA,NA,NA
665.025949923035,336.776909952627,3.3777599156834
458.327321159409,299.706176378992,3.48630573888898
10.7066745327087,494.60318136508,3.42822871245579
560.449235767437,54.4060863146144,4.34511531158393
72.743140459785,371.046296294251,4.02743019126704
230.519948419805,415.367429992091,3.92232946641399
427.871863854167,12.4973307150696,3.29584884398305
361.111837248565,291.928146203534,2.99544748437369
606.054160375264,101.563145201081,4.28452451994416
389.454611598314,229.030712792387,4.32976594645181
568.794384105779,412.018055249545,4.687089086106
141.25572144899,282.858867547192,4.67660811225267
198.185106107178,372.167778125747,4.08961138268352
125.407446981414,412.277257509747,3.30128938811816
619.558960866507,313.542453102368,4.62870860202579
2.19694612005569,151.11048138,4.35126236411336
542.250641746571,203.442133466805,4.20673993759299
32.0439061656831,492.388262857649,2.94107161488552
280.207603962931,21.6152625558539,3.85737828495443
535.49722149132,391.747976829698,3.4120612259504
69.290691428278,86.1861224535724,5.2169487466387
3.68469080651902,77.1285368349882,3.43235108735186
588.107842468663,227.128354738569,4.06633361199498
442.406927756555,465.968019860791,4.72267436864603
659.492164845386,374.247289741861,3.1044563524241
107.724612276099,492.83647676516,4.43405229845076
622.601513798899,91.836030326643,4.05316631442173
421.424510316033,255.089364062066,3.61192368689926
8.89107350643167,182.185338980661,3.10152756788476
53.8178612032069,112.542438645349,4.37231514958796
613.245348403108,200.426813883605,4.13135076204227
249.097202436578,214.474441429086,4.09881020856373
568.726711638986,440.532756462838,3.63011171495772
301.621125431663,138.939156781248,3.96906315323633
530.587283742916,452.007577954591,3.60917702899504
45.5446632935014,412.336196482525,3.86011820744486
185.210751025279,295.958507235739,4.04335366441464
540.187018322776,263.750302182016,3.64419843391095
152.261069715989,14.5192604478319,4.1370367737942
500.449203515895,339.837241407823,4.4071918889343
37.6487686170289,57.2710783070472,3.68617964342609
522.871589093437,137.556006902426,4.92986515725531
NA,NA,NA
665.025949923035,336.776909952627,3.3777599156834
458.327321159409,299.706176378992,3.48630573888898
10.7066745327087,494.60318136508,3.42822871245579
560.449235767437,54.4060863146144,4.34511531158393
72.743140459785,371.046296294251,4.02743019126704
230.519948419805,415.367429992091,3.92232946641399
427.871863854167,12.4973307150696,3.29584884398305
361.111837248565,291.928146203534,2.99544748437369
606.054160375264,101.563145201081,4.28452451994416
389.454611598314,229.030712792387,4.32976594645181
568.794384105779,412.018055249545,4.687089086106
141.25572144899,282.858867547192,4.67660811225267
198.185106107178,372.167778125747,4.08961138268352
125.407446981414,412.277257509747,3.30128938811816
619.558960866507,313.542453102368,4.62870860202579
2.19694612005569,151.11048138,4.35126236411336
542.250641746571,203.442133466805,4.20673993759299
32.0439061656831,492.388262857649,2.94107161488552
280.207603962931,21.6152625558539,3.85737828495443
535.49722149132,391.747976829698,3.4120612259504
69.290691428278,86.1861224535724,5.2169487466387
3.68469080651902,77.1285368349882,3.43235108735186
588.107842468663,227.128354738569,4.06633361199498
442.406927756555,465.968019860791,4.72267436864603
659.492164845386,374.247289741861,3.1044563524241
107.724612276099,492.83647676516,4.43405229845076
622.601513798899,91.836030326643,4.05316631442173
421.424510316033,255.089364062066,3.61192368689926
8.89107350643167,182.185338980661,3.10152756788476
53.8178612032069,112.542438645349,4.37231514958796
613.245348403108,200.426813883605,4.13135076204227
249.097202436578,214.474441429086,4.09881020856373
568.726711638986,440.532756462838,3.63011171495772
301.621125431663,138.939156781248,3.96906315323633
530.587283742916,452.007577954591,3.60917702899504
45.5446632935014,412.336196482525,3.86011820744486
185.210751025279,295.958507235739,4.04335366441464
540.187018322776,263.750302182016,3.64419843391095
152.261069715989,14.5192604478319,4.1370367737942
500.449203515895,339.837241407823,4.4071918889343
37.6487686170289,57.2710783070472,3.68617964342609
522.871589093437,137.556006902426,4.92986515725531
NA,NA,NA
665.025949923035,336.776909952627,3.3777599156834
458.327321159409,299.706176378992,3.48630573888898
10.7066745327087,494.60318136508,3.42822871245579
560.449235767437,54.4060863146144,4.34511531158393
72.743140459785,371.046296294251,4.02743019126704
230.519948419805,415.367429992091,3.92232946641399
427.871863854167,12.4973307150696,3.29584884398305
361.111837248565,291.928146203534,2.99544748437369
606.054160375264,101.563145201081,4.28452451994416
389.454611598314,229.030712792387,4.32976594645181
568.794384105779,412.018055249545,4.687089086106
141.25572144899,282.858867547192,4.67660811225267
198.185106107178,372.167778125747,4.08961138268352
125.407446981414,412.277257509747,3.30128938811816
619.558960866507,313.542453102368,4.62870860202579
2.19694612005569,151.11048138,4.35126236411336
542.250641746571,203.442133466805,4.20673993759299
32.0439061656831,492.388262857649,2.94107161488552
280.207603962931,21.6152625558539,3.85737828495443
535.49722149132,391.747976829698,3.4120612259504
69.290691428278,86.1861224535724,5.2169487466387
3.68469080651902,77.1285368349882,3.43235108735186
588.107842468663,227.128354738569,4.06633361199498
442.406927756555,465.968019860791,4.72267436864603
659.492164845386,374.247289741861,3.1044563524241
107.724612276099,492.83647676516,4.43405229845076
622.601513798899,91.836030326643,4.05316631442173
421.424510316033,255.089364062066,3.61192368689926
8.89107350643167,182.185338980661,3.10152756788476
53.8178612032069,112.542438645349,4.37231514958796
613.245348403108,200.426813883605,4.13135076204227
249.097202436578,214.474441429086,4.09881020856373
568.726711638986,440.532756462838,3.63011171495772
301.621125431663,138.939156781248,3.96906315323633
530.587283742916,452.007577954591,3.60917702899504
45.5446632935014,412.336196482525,3.86011820744486
185.210751025279,295.958507235739,4.04335366441464
540.187018322776,263.750302182016,3.64419843391095
152.261069715989,14.5192604478319,4.1370367737942
500.449203515895,339.837241407823,4.4071918889343
37.6487686170289,57.2710783070472,3.68617964342609
522.871589093437,137.556006902426,4.92986515725531
NA,NA,NA
658.085402088055,331.690820643958,3.48788337992561
456.251472619331,297.21949856677,3.73402697495926
8.48305802685673,492.734827150073,3.93841390685731
561.564761345068,49.4624128270188,4.05508141967534
74.9990630927164,370.689154184758,3.94844377115446
231.211016813076,413.603055526511,3.85240997282111
426.927083359429,11.8385549165688,3.48722448899662
360.569783814314,293.354568380958,3.02684173222416
603.754618996038,102.270671002512,4.18608909462563
393.11613640571,227.026365066884,4.17865897060403
567.566957505023,413.195312145191,4.72684696698846
138.347460059075,286.824593060228,4.59876007974081
204.880257277822,371.563493022443,3.96925082785335
125.640745669724,411.454442477833,3.36915214628825
630.240775994622,313.964895243893,4.54124505413238
-0.800331286468318,142.688405154054,4.20156150309354
547.259780127464,203.36476994892,4.26069449827351
34.5578038867832,489.125530436857,3.03484588220607
277.84570581356,23.4278018471995,3.90922178333478
532.156866142982,393.093872868934,3.28539296913988
69.6303098605332,81.7954735169125,5.24995512688473
5.96194789675785,76.6303568906468,3.49014122191539
587.855890479866,225.781341174172,3.96885575650165
444.344941925485,458.507917613905,4.77266288602371
659.897109770103,374.490752017051,3.14964020913567
104.015966300335,488.436378221759,4.33858057397496
629.112014622647,86.733983182586,4.09916665915134
417.461643234423,255.394294574617,3.62729476631074
11.6550806209702,182.397965716034,3.26694221772241
59.2293688987185,114.002437416725,4.41414676046145
604.83822017772,206.98879888761,4.4662533008931
254.599664178075,226.173289018794,3.70406976554465
569.849262339403,431.393899139821,3.86184029507939
302.10987607177,146.252432758714,3.53776464652757
530.142772591459,446.828267130712,3.59879155933558
45.4587277285367,420.024834352466,4.02358288130089
186.219394068969,283.94939976514,4.1274527575183
557.890114118861,261.662789507678,3.89567594285328
174.974397266599,36.5834592793871,4.19622827444455
499.389718244598,342.821428039441,4.58185793219254
36.4600268482225,58.8405789753588,3.74127670436476
518.190193714505,133.085070747325,4.38041649034426
NA,NA,NA
658.085402088055,331.690820643958,3.48788337992561
456.251472619331,297.21949856677,3.73402697495926
8.48305802685673,492.734827150073,3.93841390685731
561.564761345068,49.4624128270188,4.05508141967534
74.9990630927164,370.689154184758,3.94844377115446
231.211016813076,413.603055526511,3.85240997282111
426.927083359429,11.8385549165688,3.48722448899662
360.569783814314,293.354568380958,3.02684173222416
603.754618996038,102.270671002512,4.18608909462563
393.11613640571,227.026365066884,4.17865897060403
567.566957505023,413.195312145191,4.72684696698846
138.347460059075,286.824593060228,4.59876007974081
204.880257277822,371.563493022443,3.96925082785335
125.640745669724,411.454442477833,3.36915214628825
630.240775994622,313.964895243893,4.54124505413238
-0.800331286468318,142.688405154054,4.20156150309354
547.259780127464,203.36476994892,4.26069449827351
34.5578038867832,489.125530436857,3.03484588220607
277.84570581356,23.4278018471995,3.90922178333478
532.156866142982,393.093872868934,3.28539296913988
69.6303098605332,81.7954735169125,5.24995512688473
5.96194789675785,76.6303568906468,3.49014122191539
587.855890479866,225.781341174172,3.96885575650165
444.344941925485,458.507917613905,4.77266288602371
659.897109770103,374.490752017051,3.14964020913567
104.015966300335,488.436378221759,4.33858057397496
629.112014622647,86.733983182586,4.09916665915134
417.461643234423,255.394294574617,3.62729476631074
11.6550806209702,182.397965716034,3.26694221772241
59.2293688987185,114.002437416725,4.41414676046145
604.83822017772,206.98879888761,4.4662533008931
254.599664178075,226.173289018794,3.70406976554465
569.849262339403,431.393899139821,3.86184029507939
302.10987607177,146.252432758714,3.53776464652757
530.142772591459,446.828267130712,3.59879155933558
45.4587277285367,420.024834352466,4.02358288130089
186.219394068969,283.94939976514,4.1274527575183
557.890114118861,261.662789507678,3.89567594285328
174.974397266599,36.5834592793871,4.19622827444455
499.389718244598,342.821428039441,4.58185793219254
36.4600268482225,58.8405789753588,3.74127670436476
518.190193714505,133.085070747325,4.38041649034426
NA,NA,NA
658.085402088055,331.690820643958,3.48788337992561
456.251472619331,297.21949856677,3.73402697495926
8.48305802685673,492.734827150073,3.93841390685731
561.564761345068,49.4624128270188,4.05508141967534
74.9990630927164,370.689154184758,3.94844377115446
231.211016813076,413.603055526511,3.85240997282111
426.927083359429,11.8385549165688,3.48722448899662
360.569783814314,293.354568380958,3.02684173222416
603.754618996038,102.270671002512,4.18608909462563
393.11613640571,227.026365066884,4.17865897060403
567.566957505023,413.195312145191,4.72684696698846
138.347460059075,286.824593060228,4.59876007974081
204.880257277822,371.563493022443,3.96925082785335
125.640745669724,411.454442477833,3.36915214628825
630.240775994622,313.964895243893,4.54124505413238
-0.800331286468318,142.688405154054,4.20156150309354
547.259780127464,203.36476994892,4.26069449827351
34.5578038867832,489.125530436857,3.03484588220607
277.84570581356,23.4278018471995,3.90922178333478
532.156866142982,393.093872868934,3.28539296913988
69.6303098605332,81.7954735169125,5.24995512688473
5.96194789675785,76.6303568906468,3.49014122191539
587.855890479866,225.781341174172,3.96885575650165
444.344941925485,458.507917613905,4.77266288602371
659.897109770103,374.490752017051,3.14964020913567
104.015966300335,488.436378221759,4.33858057397496
629.112014622647,86.733983182586,4.09916665915134
417.461643234423,255.394294574617,3.62729476631074
11.6550806209702,182.397965716034,3.26694221772241
59.2293688987185,114.002437416725,4.41414676046145
604.83822017772,206.98879888761,4.4662533008931
254.599664178075,226.173289018794,3.70406976554465
569.849262339403,431.393899139821,3.86184029507939
302.10987607177,146.252432758714,3.53776464652757
530.142772591459,446.828267130712,3.59879155933558
45.4587277285367,420.024834352466,4.02358288130089
186.219394068969,283.94939976514,4.1274527575183
557.890114118861,261.662789507678,3.89567594285328
174.974397266599,36.5834592793871,4.19622827444455
499.389718244598,342.821428039441,4.58185793219254
36.4600268482225,58.8405789753588,3.74127670436476
518.190193714505,133.085070747325,4.38041649034426
NA,NA,NA
658.085402088055,331.690820643958,3.48788337992561
456.251472619331,297.21949856677,3.73402697495926
8.48305802685673,492.734827150073,3.93841390685731
561.564761345068,49.4624128270188,4.05508141967534
74.9990630927164,370.689154184758,3.94844377115446
231.211016813076,413.603055526511,3.85240997282111
426.927083359429,11.8385549165688,3.48722448899662
360.569783814314,293.354568380958,3.02684173222416
603.754618996038,102.270671002512,4.18608909462563
393.11613640571,227.026365066884,4.17865897060403
567.566957505023,413.195312145191,4.72684696698846
138.347460059075,286.824593060228,4.59876007974081
204.880257277822,371.563493022443,3.96925082785335
125.640745669724,411.454442477833,3.36915214628825
630.240775994622,313.964895243893,4.54124505413238
-0.800331286468318,142.688405154054,4.20156150309354
547.259780127464,203.36476994892,4.26069449827351
34.5578038867832,489.125530436857,3.03484588220607
277.84570581356,23.4278018471995,3.90922178333478
532.156866142982,393.093872868934,3.28539296913988
69.6303098605332,81.7954735169125,5.24995512688473
5.96194789675785,76.6303568906468,3.49014122191539
587.855890479866,225.781341174172,3.96885575650165
444.344941925485,458.507917613905,4.77266288602371
659.897109770103,374.490752017051,3.14964020913567
104.015966300335,488.436378221759,4.33858057397496
629.112014622647,86.733983182586,4.09916665915134
417.461643234423,255.394294574617,3.62729476631074
11.6550806209702,182.397965716034,3.26694221772241
59.2293688987185,114.002437416725,4.41414676046145
604.83822017772,206.98879888761,4.4662533008931
254.599664178075,226.173289018794,3.70406976554465
569.849262339403,431.393899139821,3.86184029507939
302.10987607177,146.252432758714,3.53776464652757
530.142772591459,446.828267130712,3.59879155933558
45.4587277285367,420.024834352466,4.02358288130089
186.219394068969,283.94939976514,4.1274527575183
557.890114118861,261.662789507678,3.89567594285328
174.974397266599,36.5834592793871,4.19622827444455
499.389718244598,342.821428039441,4.58185793219254
36.4600268482225,58.8405789753588,3.74127670436476
518.190193714505,133.085070747325,4.38041649034426
NA,NA,NA
658.085402088055,331.690820643958,3.48788337992561
456.251472619331,297.21949856677,3.73402697495926
8.48305802685673,492.734827150073,3.93841390685731
561.564761345068,49.4624128270188,4.05508141967534
74.9990630927164,370.689154184758,3.94844377115446
231.211016813076,413.603055526511,3.85240997282111
426.927083359429,11.8385549165688,3.48722448899662
360.569783814314,293.354568380958,3.02684173222416
603.754618996038,102.270671002512,4.18608909462563
393.11613640571,227.026365066884,4.17865897060403
567.566957505023,413.195312145191,4.72684696698846
138.347460059075,286.824593060228,4.59876007974081
204.880257277822,371.563493022443,3.96925082785335
125.640745669724,411.454442477833,3.36915214628825
630.240775994622,313.964895243893,4.54124505413238
-0.800331286468318,142.688405154054,4.20156150309354
547.259780127464,203.36476994892,4.26069449827351
34.5578038867832,489.125530436857,3.03484588220607
277.84570581356,23.4278018471995,3.90922178333478
532.156866142982,393.093872868934,3.28539296913988
69.6303098605332,81.7954735169125,5.24995512688473
5.96194789675785,76.6303568906468,3.49014122191539
587.855890479866,225.781341174172,3.96885575650165
444.344941925485,458.507917613905,4.77266288602371
659.897109770103,374.490752017051,3.14964020913567
104.015966300335,488.436378221759,4.33858057397496
629.112014622647,86.733983182586,4.09916665915134
417.461643234423,255.394294574617,3.62729476631074
11.6550806209702,182.397965716034,3.26694221772241
59.2293688987185,114.002437416725,4.41414676046145
604.83822017772,206.98879888761,4.4662533008931
254.599664178075,226.173289018794,3.70406976554465
569.849262339403,431.393899139821,3.86184029507939
302.10987607177,146.252432758714,3.53776464652757
530.142772591459,446.828267130712,3.59879155933558
45.4587277285367,420.024834352466,4.02358288130089
186.219394068969,283.94939976514,4.1274527575183
557.890114118861,261.662789507678,3.89567594285328
174.974397266599,36.5834592793871,4.19622827444455
499.389718244598,342.821428039441,4.58185793219254
36.4600268482225,58.8405789753588,3.74127670436476
518.190193714505,133.085070747325,4.38041649034426
NA,NA,NA
658.085402088055,331.690820643958,3.48788337992561
456.251472619331,297.21949856677,3.73402697495926
8.48305802685673,492.734827150073,3.93841390685731
561.564761345068,49.4624128270188,4.05508141967534
74.9990630927164,370.689154184758,3.94844377115446
231.211016813076,413.603055526511,3.85240997282111
426.927083359429,11.8385549165688,3.48722448899662
360.569783814314,293.354568380958,3.02684173222416
603.754618996038,102.270671002512,4.18608909462563
393.11613640571,227.026365066884,4.17865897060403
567.566957505023,413.195312145191,4.72684696698846
138.347460059075,286.824593060228,4.59876007974081
204.880257277822,371.563493022443,3.96925082785335
125.640745669724,411.454442477833,3.36915214628825
630.240775994622,313.964895243893,4.54124505413238
-0.800331286468318,142.688405154054,4.20156150309354
547.259780127464,203.36476994892,4.26069449827351
34.5578038867832,489.125530436857,3.03484588220607
277.84570581356,23.4278018471995,3.90922178333478
532.156866142982,393.093872868934,3.28539296913988
69.6303098605332,81.7954735169125,5.24995512688473
5.96194789675785,76.6303568906468,3.49014122191539
587.855890479866,225.781341174172,3.96885575650165
444.344941925485,458.507917613905,4.77266288602371
659.897109770103,374.490752017051,3.14964020913567
104.015966300335,488.436378221759,4.33858057397496
629.112014622647,86.733983182586,4.09916665915134
417.461643234423,255.394294574617,3.62729476631074
11.6550806209702,182.397965716034,3.26694221772241
59.2293688987185,114.002437416725,4.41414676046145
604.83822017772,206.98879888761,4.4662533008931
254.599664178075,226.173289018794,3.70406976554465
569.849262339403,431.393899139821,3.86184029507939
302.10987607177,146.252432758714,3.53776464652757
530.142772591459,446.828267130712,3.59879155933558
45.4587277285367,420.024834352466,4.02358288130089
186.219394068969,283.94939976514,4.1274527575183
557.890114118861,261.662789507678,3.89567594285328
174.974397266599,36.5834592793871,4.19622827444455
499.389718244598,342.821428039441,4.58185793219254
36.4600268482225,58.8405789753588,3.74127670436476
518.190193714505,133.085070747325,4.38041649034426
NA,NA,NA
661.77841798161,333.80164470996,3.45800666751415
457.706326009205,296.682741795106,3.63601836952568
13.718606359322,494.506577026781,3.55395489223942
563.684785609184,50.0312864585058,4.1794024517501
69.6317620879524,374.044128952631,3.99926850633774
226.001406848284,410.189588311315,4.01639733199853
428.935704974693,12.7214463109581,3.3679847031903
361.234784810806,293.738040267856,2.84065775306711
606.315998876994,107.178803070561,4.33027483782819
388.807502903573,225.948419362314,4.09864740135267
564.65813492644,409.838422028606,4.72091657126974
140.942344466413,279.562833785981,4.52964549218859
203.99518150051,368.504100260881,3.99238452024727
126.492262519019,409.634685172051,3.43441893090559
628.752030974286,315.060351941418,4.56378799891581
4.91374452567957,143.357165701118,4.29805538817069
546.721312533415,199.493209313641,4.1238468362991
34.1667528062792,492.54231919015,2.98568368108984
282.484995847234,23.3654557017393,3.87432797471589
534.896213834911,394.375985850866,3.28621844708003
80.6530611102416,80.7543792083998,5.22880783639061
6.36184419568336,79.3618589443351,3.3965282753127
586.250624393291,228.584132549218,4.0170594260839
439.148266574105,460.015083439608,4.74419546442561
660.214931244262,373.644696929981,2.94609432672739
106.013753944793,483.957346528578,4.32015035378021
623.84687694291,87.7940934244384,4.04176115467861
416.328887147708,259.228600497991,3.59527994718252
10.1110924683879,182.660057884241,3.08801283050113
52.8932230238293,116.526413023997,4.66486108687406
598.843375333487,215.166876603316,4.4312703383558
256.559773433935,220.394825236386,3.63139771912207
587.202801124827,445.039190233182,3.76862060872226
302.683068454095,137.236218169355,3.95006018476188
532.589225318205,457.706136460142,3.50151943526725
43.7201690279836,425.829840429773,3.61229150164302
204.142922721326,289.812004806913,4.26193712668957
555.256658148656,268.608628715064,3.72154604229075
189.065672247966,26.5553185135664,4.47281496595789
507.076230659215,346.428714199216,4.58107565259253
43.5868173055031,50.8366265542503,3.79411230655005
524.213828366236,132.446526722139,4.5547661267997
NA,NA,NA
661.77841798161,333.80164470996,3.45800666751415
457.706326009205,296.682741795106,3.63601836952568
13.718606359322,494.506577026781,3.55395489223942
563.684785609184,50.0312864585058,4.1794024517501
69.6317620879524,374.044128952631,3.99926850633774
226.001406848284,410.189588311315,4.01639733199853
428.935704974693,12.7214463109581,3.3679847031903
361.234784810806,293.738040267856,2.84065775306711
606.315998876994,107.178803070561,4.33027483782819
388.807502903573,225.948419362314,4.09864740135267
564.65813492644,409.838422028606,4.72091657126974
140.942344466413,279.562833785981,4.52964549218859
203.99518150051,368.504100260881,3.99238452024727
126.492262519019,409.634685172051,3.43441893090559
628.752030974286,315.060351941418,4.56378799891581
4.91374452567957,143.357165701118,4.29805538817069
546.721312533415,199.493209313641,4.1238468362991
34.1667528062792,492.54231919015,2.98568368108984
282.484995847234,23.3654557017393,3.87432797471589
534.896213834911,394.375985850866,3.28621844708003
80.6530611102416,80.7543792083998,5.22880783639061
6.36184419568336,79.3618589443351,3.3965282753127
586.250624393291,228.584132549218,4.0170594260839
439.148266574105,460.015083439608,4.74419546442561
660.214931244262,373.644696929981,2.94609432672739
106.013753944793,483.957346528578,4.32015035378021
623.84687694291,87.7940934244384,4.04176115467861
416.328887147708,259.228600497991,3.59527994718252
10.1110924683879,182.660057884241,3.08801283050113
52.8932230238293,116.526413023997,4.66486108687406
598.843375333487,215.166876603316,4.4312703383558
256.559773433935,220.394825236386,3.63139771912207
587.202801124827,445.039190233182,3.76862060872226
302.683068454095,137.236218169355,3.95006018476188
532.589225318205,457.706136460142,3.50151943526725
43.7201690279836,425.829840429773,3.61229150164302
204.142922721326,289.812004806913,4.26193712668957
555.256658148656,268.608628715064,3.72154604229075
189.065672247966,26.5553185135664,4.47281496595789
507.076230659215,346.428714199216,4.58107565259253
43.5868173055031,50.8366265542503,3.79411230655005
524.213828366236,132.446526722139,4.5547661267997
NA,NA,NA
661.77841798161,333.80164470996,3.45800666751415
457.706326009205,296.682741795106,3.63601836952568
13.718606359322,494.506577026781,3.55395489223942
563.684785609184,50.0312864585058,4.1794024517501
69.6317620879524,374.044128952631,3.99926850633774
226.001406848284,410.189588311315,4.01639733199853
428.935704974693,12.7214463109581,3.3679847031903
361.234784810806,293.738040267856,2.84065775306711
606.315998876994,107.178803070561,4.33027483782819
388.807502903573,225.948419362314,4.09864740135267
564.65813492644,409.838422028606,4.72091657126974
140.942344466413,279.562833785981,4.52964549218859
203.99518150051,368.504100260881,3.99238452024727
126.492262519019,409.634685172051,3.43441893090559
628.752030974286,315.060351941418,4.56378799891581
4.91374452567957,143.357165701118,4.29805538817069
546.721312533415,199.493209313641,4.1238468362991
34.1667528062792,492.54231919015,2.98568368108984
282.484995847234,23.3654557017393,3.87432797471589
534.896213834911,394.375985850866,3.28621844708003
80.6530611102416,80.7543792083998,5.22880783639061
6.36184419568336,79.3618589443351,3.3965282753127
586.250624393291,228.584132549218,4.0170594260839
439.148266574105,460.015083439608,4.74419546442561
660.214931244262,373.644696929981,2.94609432672739
106.013753944793,483.957346528578,4.32015035378021
623.84687694291,87.7940934244384,4.04176115467861
416.328887147708,259.228600497991,3.59527994718252
10.1110924683879,182.660057884241,3.08801283050113
52.8932230238293,116.526413023997,4.66486108687406
598.843375333487,215.166876603316,4.4312703383558
256.559773433935,220.394825236386,3.63139771912207
587.202801124827,445.039190233182,3.76862060872226
302.683068454095,137.236218169355,3.95006018476188
532.589225318205,457.706136460142,3.50151943526725
43.7201690279836,425.829840429773,3.61229150164302
204.142922721326,289.812004806913,4.26193712668957
555.256658148656,268.608628715064,3.72154604229075
189.065672247966,26.5553185135664,4.47281496595789
507.076230659215,346.428714199216,4.58107565259253
43.5868173055031,50.8366265542503,3.79411230655005
524.213828366236,132.446526722139,4.5547661267997
NA,NA,NA
661.77841798161,333.80164470996,3.45800666751415
457.706326009205,296.682741795106,3.63601836952568
13.718606359322,494.506577026781,3.55395489223942
563.684785609184,50.0312864585058,4.1794024517501
69.6317620879524,374.044128952631,3.99926850633774
226.001406848284,410.189588311315,4.01639733199853
428.935704974693,12.7214463109581,3.3679847031903
361.234784810806,293.738040267856,2.84065775306711
606.315998876994,107.178803070561,4.33027483782819
388.807502903573,225.948419362314,4.09864740135267
564.65813492644,409.838422028606,4.72091657126974
140.942344466413,279.562833785981,4.52964549218859
203.99518150051,368.504100260881,3.99238452024727
126.492262519019,409.634685172051,3.43441893090559
628.752030974286,315.060351941418,4.56378799891581
4.91374452567957,143.357165701118,4.29805538817069
546.721312533415,199.493209313641,4.1238468362991
34.1667528062792,492.54231919015,2.98568368108984
282.484995847234,23.3654557017393,3.87432797471589
534.896213834911,394.375985850866,3.28621844708003
80.6530611102416,80.7543792083998,5.22880783639061
6.36184419568336,79.3618589443351,3.3965282753127
586.250624393291,228.584132549218,4.0170594260839
439.148266574105,460.015083439608,4.74419546442561
660.214931244262,373.644696929981,2.94609432672739
106.013753944793,483.957346528578,4.32015035378021
623.84687694291,87.7940934244384,4.04176115467861
416.328887147708,259.228600497991,3.59527994718252
10.1110924683879,182.660057884241,3.08801283050113
52.8932230238293,116.526413023997,4.66486108687406
598.843375333487,215.166876603316,4.4312703383558
256.559773433935,220.394825236386,3.63139771912207
587.202801124827,445.039190233182,3.76862060872226
302.683068454095,137.236218169355,3.95006018476188
532.589225318205,457.706136460142,3.50151943526725
43.7201690279836,425.829840429773,3.61229150164302
204.142922721326,289.812004806913,4.26193712668957
555.256658148656,268.608628715064,3.72154604229075
189.065672247966,26.5553185135664,4.47281496595789
507.076230659215,346.428714199216,4.58107565259253
43.5868173055031,50.8366265542503,3.79411230655005
524.213828366236,132.446526722139,4.5547661267997
NA,NA,NA
661.77841798161,333.80164470996,3.45800666751415
457.706326009205,296.682741795106,3.63601836952568
13.718606359322,494.506577026781,3.55395489223942
563.684785609184,50.0312864585058,4.1794024517501
69.6317620879524,374.044128952631,3.99926850633774
226.001406848284,410.189588311315,4.01639733199853
428.935704974693,12.7214463109581,3.3679847031903
361.234784810806,293.738040267856,2.84065775306711
606.315998876994,107.178803070561,4.33027483782819
388.807502903573,225.948419362314,4.09864740135267
564.65813492644,409.838422028606,4.72091657126974
140.942344466413,279.562833785981,4.52964549218859
203.99518150051,368.504100260881,3.99238452024727
126.492262519019,409.634685172051,3.43441893090559
628.752030974286,315.060351941418,4.56378799891581
4.91374452567957,143.357165701118,4.29805538817069
546.721312533415,199.493209313641,4.1238468362991
34.1667528062792,492.54231919015,2.98568368108984
282.484995847234,23.3654557017393,3.87432797471589
534.896213834911,394.375985850866,3.28621844708003
80.6530611102416,80.7543792083998,5.22880783639061
6.36184419568336,79.3618589443351,3.3965282753127
586.250624393291,228.584132549218,4.0170594260839
439.148266574105,460.015083439608,4.74419546442561
660.214931244262,373.644696929981,2.94609432672739
106.013753944793,483.957346528578,4.32015035378021
623.84687694291,87.7940934244384,4.04176115467861
416.328887147708,259.228600497991,3.59527994718252
10.1110924683879,182.660057884241,3.08801283050113
52.8932230238293,116.526413023997,4.66486108687406
598.843375333487,215.166876603316,4.4312703383558
256.559773433935,220.394825236386,3.63139771912207
587.202801124827,445.039190233182,3.76862060872226
302.683068454095,137.236218169355,3.95006018476188
532.589225318205,457.706136460142,3.50151943526725
43.7201690279836,425.829840429773,3.61229150164302
204.142922721326,289.812004806913,4.26193712668957
555.256658148656,268.608628715064,3.72154604229075
189.065672247966,26.5553185135664,4.47281496595789
507.076230659215,346.428714199216,4.58107565259253
43.5868173055031,50.8366265542503,3.79411230655005
524.213828366236,132.446526722139,4.5547661267997
NA,NA,NA
661.77841798161,333.80164470996,3.45800666751415
457.706326009205,296.682741795106,3.63601836952568
13.718606359322,494.506577026781,3.55395489223942
563.684785609184,50.0312864585058,4.1794024517501
69.6317620879524,374.044128952631,3.99926850633774
226.001406848284,410.189588311315,4.01639733199853
428.935704974693,12.7214463109581,3.3679847031903
361.234784810806,293.738040267856,2.84065775306711
606.315998876994,107.178803070561,4.33027483782819
388.807502903573,225.948419362314,4.09864740135267
564.65813492644,409.838422028606,4.72091657126974
140.942344466413,279.562833785981,4.52964549218859
203.99518150051,368.504100260881,3.99238452024727
126.492262519019,409.634685172051,3.43441893090559
628.752030974286,315.060351941418,4.56378799891581
4.91374452567957,143.357165701118,4.29805538817069
546.721312533415,199.493209313641,4.1238468362991
34.1667528062792,492.54231919015,2.98568368108984
282.484995847234,23.3654557017393,3.87432797471589
534.896213834911,394.375985850866,3.28621844708003
80.6530611102416,80.7543792083998,5.22880783639061
6.36184419568336,79.3618589443351,3.3965282753127
586.250624393291,228.584132549218,4.0170594260839
439.148266574105,460.015083439608,4.74419546442561
660.214931244262,373.644696929981,2.94609432672739
106.013753944793,483.957346528578,4.32015035378021
623.84687694291,87.7940934244384,4.04176115467861
416.328887147708,259.228600497991,3.59527994718252
10.1110924683879,182.660057884241,3.08801283050113
52.8932230238293,116.526413023997,4.66486108687406
598.843375333487,215.166876603316,4.4312703383558
256.559773433935,220.394825236386,3.63139771912207
587.202801124827,445.039190233182,3.76862060872226
302.683068454095,137.236218169355,3.95006018476188
532.589225318205,457.706136460142,3.50151943526725
43.7201690279836,425.829840429773,3.61229150164302
204.142922721326,289.812004806913,4.26193712668957
555.256658148656,268.608628715064,3.72154604229075
189.065672247966,26.5553185135664,4.47281496595789
507.076230659215,346.428714199216,4.58107565259253
43.5868173055031,50.8366265542503,3.79411230655005
524.213828366236,132.446526722139,4.5547661267997
NA,NA,NA
658.4690449891,332.422248362004,3.49442913470088
456.958246812356,296.19945867892,3.5909696488152
14.2746537734837,492.611335312045,3.43125995955115
566.22991973665,52.9564577077871,4.06662988751397
72.8334614448039,374.884424092162,3.97125351414257
233.630252320987,411.941920594178,3.91505944172598
427.043638394214,10.7827248393114,3.4061875250902
361.699146334482,291.925295081231,2.96831687084394
606.303979949294,104.639695723151,4.1783539483945
393.370234923571,227.299112105032,4.21991047311704
572.460056264574,413.900038682186,4.74476728229628
135.81241155978,284.288588735985,4.56983586254967
202.332145556467,370.591238247466,3.94603272978191
126.298406952086,411.38244437528,3.47429052574664
624.023054675556,315.402699930031,4.37611297045787
4.96537782418841,148.11222132099,4.21785190549914
540.038066366167,204.49872164866,4.26039864877403
35.8809384981249,492.0635793969,3.07871056956741
280.48451633938,20.8163688455808,4.08214626607728
535.047984802102,390.885061345188,3.33871749506479
69.7808548334661,71.7214656856327,5.2277582351085
4.75394437764614,75.1386435814843,3.45962304401708
588.387391780771,227.022514695159,4.01050153008925
440.357428126874,457.903291207829,4.76145349958908
657.728830903851,374.063234028371,3.00634332600492
107.298765492855,486.316431987479,4.33169634759043
628.505347294518,86.7287469660668,4.06416897653041
423.406794543783,258.549988423934,3.67366641009269
11.4686492859312,181.432899581282,3.1618548986855
61.9183399473957,128.288486473283,4.46559350295928
605.381036868059,187.185580757982,4.123751419908
254.395627695927,221.645742968709,3.75694863200611
576.39218144474,439.904902030259,3.90103235034102
304.98417686723,138.362156079566,3.90214577019438
530.268347838236,459.298313431553,3.45231845174986
39.6798267750737,423.630052287722,3.8865748782307
192.170391187491,292.315772191906,4.02434294506706
556.00994760174,263.534431123425,3.96629716867496
167.328320852154,33.4321283704818,4.71527127454701
497.402571454528,358.633266291159,4.43868293111228
41.5247021129956,51.8295211725286,3.91753303739415
535.896338401195,151.324651306959,4.87979799243867
NA,NA,NA
658.4690449891,332.422248362004,3.49442913470088
456.958246812356,296.19945867892,3.5909696488152
14.2746537734837,492.611335312045,3.43125995955115
566.22991973665,52.9564577077871,4.06662988751397
72.8334614448039,374.884424092162,3.97125351414257
233.630252320987,411.941920594178,3.91505944172598
427.043638394214,10.7827248393114,3.4061875250902
361.699146334482,291.925295081231,2.96831687084394
606.303979949294,104.639695723151,4.1783539483945
393.370234923571,227.299112105032,4.21991047311704
572.460056264574,413.900038682186,4.74476728229628
135.81241155978,284.288588735985,4.56983586254967
202.332145556467,370.591238247466,3.94603272978191
126.298406952086,411.38244437528,3.47429052574664
624.023054675556,315.402699930031,4.37611297045787
4.96537782418841,148.11222132099,4.21785190549914
540.038066366167,204.49872164866,4.26039864877403
35.8809384981249,492.0635793969,3.07871056956741
280.48451633938,20.8163688455808,4.08214626607728
535.047984802102,390.885061345188,3.33871749506479
69.7808548334661,71.7214656856327,5.2277582351085
4.75394437764614,75.1386435814843,3.45962304401708
588.387391780771,227.022514695159,4.01050153008925
440.357428126874,457.903291207829,4.76145349958908
657.728830903851,374.063234028371,3.00634332600492
107.298765492855,486.316431987479,4.33169634759043
628.505347294518,86.7287469660668,4.06416897653041
423.406794543783,258.549988423934,3.67366641009269
11.4686492859312,181.432899581282,3.1618548986855
61.9183399473957,128.288486473283,4.46559350295928
605.381036868059,187.185580757982,4.123751419908
254.395627695927,221.645742968709,3.75694863200611
576.39218144474,439.904902030259,3.90103235034102
304.98417686723,138.362156079566,3.90214577019438
530.268347838236,459.298313431553,3.45231845174986
39.6798267750737,423.630052287722,3.8865748782307
192.170391187491,292.315772191906,4.02434294506706
556.00994760174,263.534431123425,3.96629716867496
167.328320852154,33.4321283704818,4.71527127454701
497.402571454528,358.633266291159,4.43868293111228
41.5247021129956,51.8295211725286,3.91753303739415
535.896338401195,151.324651306959,4.87979799243867
NA,NA,NA
658.4690449891,332.422248362004,3.49442913470088
456.958246812356,296.19945867892,3.5909696488152
14.2746537734837,492.611335312045,3.43125995955115
566.22991973665,52.9564577077871,4.06662988751397
72.8334614448039,374.884424092162,3.97125351414257
233.630252320987,411.941920594178,3.91505944172598
427.043638394214,10.7827248393114,3.4061875250902
361.699146334482,291.925295081231,2.96831687084394
606.303979949294,104.639695723151,4.1783539483945
393.370234923571,227.299112105032,4.21991047311704
572.460056264574,413.900038682186,4.74476728229628
135.81241155978,284.288588735985,4.56983586254967
202.332145556467,370.591238247466,3.94603272978191
126.298406952086,411.38244437528,3.47429052574664
624.023054675556,315.402699930031,4.37611297045787
4.96537782418841,148.11222132099,4.21785190549914
540.038066366167,204.49872164866,4.26039864877403
35.8809384981249,492.0635793969,3.07871056956741
280.48451633938,20.8163688455808,4.08214626607728
535.047984802102,390.885061345188,3.33871749506479
69.7808548334661,71.7214656856327,5.2277582351085
4.75394437764614,75.1386435814843,3.45962304401708
588.387391780771,227.022514695159,4.01050153008925
440.357428126874,457.903291207829,4.76145349958908
657.728830903851,374.063234028371,3.00634332600492
107.298765492855,486.316431987479,4.33169634759043
628.505347294518,86.7287469660668,4.06416897653041
423.406794543783,258.549988423934,3.67366641009269
11.4686492859312,181.432899581282,3.1618548986855
61.9183399473957,128.288486473283,4.46559350295928
605.381036868059,187.185580757982,4.123751419908
254.395627695927,221.645742968709,3.75694863200611
576.39218144474,439.904902030259,3.90103235034102
304.98417686723,138.362156079566,3.90214577019438
530.268347838236,459.298313431553,3.45231845174986
39.6798267750737,423.630052287722,3.8865748782307
192.170391187491,292.315772191906,4.02434294506706
556.00994760174,263.534431123425,3.96629716867496
167.328320852154,33.4321283704818,4.71527127454701
497.402571454528,358.633266291159,4.43868293111228
41.5247021129956,51.8295211725286,3.91753303739415
535.896338401195,151.324651306959,4.87979799243867
NA,NA,NA
658.4690449891,332.422248362004,3.49442913470088
456.958246812356,296.19945867892,3.5909696488152
14.2746537734837,492.611335312045,3.43125995955115
566.22991973665,52.9564577077871,4.06662988751397
72.8334614448039,374.884424092162,3.97125351414257
233.630252320987,411.941920594178,3.91505944172598
427.043638394214,10.7827248393114,3.4061875250902
361.699146334482,291.925295081231,2.96831687084394
606.303979949294,104.639695723151,4.1783539483945
393.370234923571,227.299112105032,4.21991047311704
572.460056264574,413.900038682186,4.74476728229628
135.81241155978,284.288588735985,4.56983586254967
202.332145556467,370.591238247466,3.94603272978191
126.298406952086,411.38244437528,3.47429052574664
624.023054675556,315.402699930031,4.37611297045787
4.96537782418841,148.11222132099,4.21785190549914
540.038066366167,204.49872164866,4.26039864877403
35.8809384981249,492.0635793969,3.07871056956741
280.48451633938,20.8163688455808,4.08214626607728
535.047984802102,390.885061345188,3.33871749506479
69.7808548334661,71.7214656856327,5.2277582351085
4.75394437764614,75.1386435814843,3.45962304401708
588.387391780771,227.022514695159,4.01050153008925
440.357428126874,457.903291207829,4.76145349958908
657.728830903851,374.063234028371,3.00634332600492
107.298765492855,486.316431987479,4.33169634759043
628.505347294518,86.7287469660668,4.06416897653041
423.406794543783,258.549988423934,3.67366641009269
11.4686492859312,181.432899581282,3.1618548986855
61.9183399473957,128.288486473283,4.46559350295928
605.381036868059,187.185580757982,4.123751419908
254.395627695927,221.645742968709,3.75694863200611
576.39218144474,439.904902030259,3.90103235034102
304.98417686723,138.362156079566,3.90214577019438
530.268347838236,459.298313431553,3.45231845174986
39.6798267750737,423.630052287722,3.8865748782307
192.170391187491,292.315772191906,4.02434294506706
556.00994760174,263.534431123425,3.96629716867496
167.328320852154,33.4321283704818,4.71527127454701
497.402571454528,358.633266291159,4.43868293111228
41.5247021129956,51.8295211725286,3.91753303739415
535.896338401195,151.324651306959,4.87979799243867
NA,NA,NA
658.4690449891,332.422248362004,3.49442913470088
456.958246812356,296.19945867892,3.5909696488152
14.2746537734837,492.611335312045,3.43125995955115
566.22991973665,52.9564577077871,4.06662988751397
72.8334614448039,374.884424092162,3.97125351414257
233.630252320987,411.941920594178,3.91505944172598
427.043638394214,10.7827248393114,3.4061875250902
361.699146334482,291.925295081231,2.96831687084394
606.303979949294,104.639695723151,4.1783539483945
393.370234923571,227.299112105032,4.21991047311704
572.460056264574,413.900038682186,4.74476728229628
135.81241155978,284.288588735985,4.56983586254967
202.332145556467,370.591238247466,3.94603272978191
126.298406952086,411.38244437528,3.47429052574664
624.023054675556,315.402699930031,4.37611297045787
4.96537782418841,148.11222132099,4.21785190549914
540.038066366167,204.49872164866,4.26039864877403
35.8809384981249,492.0635793969,3.07871056956741
280.48451633938,20.8163688455808,4.08214626607728
535.047984802102,390.885061345188,3.33871749506479
69.7808548334661,71.7214656856327,5.2277582351085
4.75394437764614,75.1386435814843,3.45962304401708
588.387391780771,227.022514695159,4.01050153008925
440.357428126874,457.903291207829,4.76145349958908
657.728830903851,374.063234028371,3.00634332600492
107.298765492855,486.316431987479,4.33169634759043
628.505347294518,86.7287469660668,4.06416897653041
423.406794543783,258.549988423934,3.67366641009269
11.4686492859312,181.432899581282,3.1618548986855
61.9183399473957,128.288486473283,4.46559350295928
605.381036868059,187.185580757982,4.123751419908
254.395627695927,221.645742968709,3.75694863200611
576.39218144474,439.904902030259,3.90103235034102
304.98417686723,138.362156079566,3.90214577019438
530.268347838236,459.298313431553,3.45231845174986
39.6798267750737,423.630052287722,3.8865748782307
192.170391187491,292.315772191906,4.02434294506706
556.00994760174,263.534431123425,3.96629716867496
167.328320852154,33.4321283704818,4.71527127454701
497.402571454528,358.633266291159,4.43868293111228
41.5247021129956,51.8295211725286,3.91753303739415
535.896338401195,151.324651306959,4.87979799243867
NA,NA,NA
658.4690449891,332.422248362004,3.49442913470088
456.958246812356,296.19945867892,3.5909696488152
14.2746537734837,492.611335312045,3.43125995955115
566.22991973665,52.9564577077871,4.06662988751397
72.8334614448039,374.884424092162,3.97125351414257
233.630252320987,411.941920594178,3.91505944172598
427.043638394214,10.7827248393114,3.4061875250902
361.699146334482,291.925295081231,2.96831687084394
606.303979949294,104.639695723151,4.1783539483945
393.370234923571,227.299112105032,4.21991047311704
572.460056264574,413.900038682186,4.74476728229628
135.81241155978,284.288588735985,4.56983586254967
202.332145556467,370.591238247466,3.94603272978191
126.298406952086,411.38244437528,3.47429052574664
624.023054675556,315.402699930031,4.37611297045787
4.96537782418841,148.11222132099,4.21785190549914
540.038066366167,204.49872164866,4.26039864877403
35.8809384981249,492.0635793969,3.07871056956741
280.48451633938,20.8163688455808,4.08214626607728
535.047984802102,390.885061345188,3.33871749506479
69.7808548334661,71.7214656856327,5.2277582351085
4.75394437764614,75.1386435814843,3.45962304401708
588.387391780771,227.022514695159,4.01050153008925
440.357428126874,457.903291207829,4.76145349958908
657.728830903851,374.063234028371,3.00634332600492
107.298765492855,486.316431987479,4.33169634759043
628.505347294518,86.7287469660668,4.06416897653041
423.406794543783,258.549988423934,3.67366641009269
11.4686492859312,181.432899581282,3.1618548986855
61.9183399473957,128.288486473283,4.46559350295928
605.381036868059,187.185580757982,4.123751419908
254.395627695927,221.645742968709,3.75694863200611
576.39218144474,439.904902030259,3.90103235034102
304.98417686723,138.362156079566,3.90214577019438
530.268347838236,459.298313431553,3.45231845174986
39.6798267750737,423.630052287722,3.8865748782307
192.170391187491,292.315772191906,4.02434294506706
556.00994760174,263.534431123425,3.96629716867496
167.328320852154,33.4321283704818,4.71527127454701
497.402571454528,358.633266291159,4.43868293111228
41.5247021129956,51.8295211725286,3.91753303739415
535.896338401195,151.324651306959,4.87979799243867
NA,NA,NA
662.696065001757,333.666502188956,3.43319423234498
456.283549576562,298.753629254468,3.77189406178466
14.6356430041667,493.92073095242,3.38571735338245
556.903405907979,53.212463714622,4.21139517781716
75.6445524549713,375.925879110946,3.98758469990265
231.258765001551,414.78318646266,3.78405521677165
428.923434989979,14.7842104581491,3.28788254987688
364.04179797418,291.086896600396,3.09666043464795
601.858474417785,102.904060552198,4.34800944585711
384.780203856166,224.753568175394,4.19922961902339
563.76963641479,409.739516592569,4.70426985526539
143.828363555375,287.820420130067,4.51192405227369
196.159200096175,370.259682485151,3.98094698813771
123.973883154714,408.230482449939,3.46178259270678
617.393635200343,312.028286175519,4.58639865205515
0.697108554907204,144.520584798324,4.26462615786915
541.988223872594,199.23630706308,4.13046304473492
33.7671844540304,491.372261940893,2.89585672427488
277.686812690684,23.5567710460248,3.84328383598284
535.942092115671,392.36364422043,3.35890269084572
67.519169733372,79.4568224821118,5.42006899083751
4.01757872699876,78.6614272893531,3.54707823305395
587.89814617567,230.813509926069,4.0308771857606
439.011462928636,459.177131896992,4.86921307649295
657.851156570495,374.237453953945,2.89503665807226
104.586207041292,484.714234833855,4.363519089725
623.953746642788,92.2021956994126,4.03307985875935
417.992744459076,256.855512941215,3.71820706920742
10.254354345484,182.862369969987,3.3788841554764
55.7168095092415,102.791571072667,4.45473304051784
615.075867749513,190.494824051046,4.48376785911222
254.174144039794,222.393411452373,3.69335854778883
568.871772111482,434.505653501648,3.75224741718205
299.506355746026,142.362072592754,3.8351040652267
528.210653835202,453.254515844826,3.74307648410888
45.1586232995401,416.473076554539,3.84336317716637
199.307539648791,284.512780246353,4.17028372196182
555.787374740957,264.806944435276,3.63702741773131
168.298833552772,22.9154547285129,4.20406077181271
493.315161531022,338.711777128553,4.52469895777635
32.2666275844456,56.1318783513506,3.78496770015094
526.150451573207,171.722164352727,4.55138150754849
NA,NA,NA
662.696065001757,333.666502188956,3.43319423234498
456.283549576562,298.753629254468,3.77189406178466
14.6356430041667,493.92073095242,3.38571735338245
556.903405907979,53.212463714622,4.21139517781716
75.6445524549713,375.925879110946,3.98758469990265
231.258765001551,414.78318646266,3.78405521677165
428.923434989979,14.7842104581491,3.28788254987688
364.04179797418,291.086896600396,3.09666043464795
601.858474417785,102.904060552198,4.34800944585711
384.780203856166,224.753568175394,4.19922961902339
563.76963641479,409.739516592569,4.70426985526539
143.828363555375,287.820420130067,4.51192405227369
196.159200096175,370.259682485151,3.98094698813771
123.973883154714,408.230482449939,3.46178259270678
617.393635200343,312.028286175519,4.58639865205515
0.697108554907204,144.520584798324,4.26462615786915
541.988223872594,199.23630706308,4.13046304473492
33.7671844540304,491.372261940893,2.89585672427488
277.686812690684,23.5567710460248,3.84328383598284
535.942092115671,392.36364422043,3.35890269084572
67.519169733372,79.4568224821118,5.42006899083751
4.01757872699876,78.6614272893531,3.54707823305395
587.89814617567,230.813509926069,4.0308771857606
439.011462928636,459.177131896992,4.86921307649295
657.851156570495,374.237453953945,2.89503665807226
104.586207041292,484.714234833855,4.363519089725
623.953746642788,92.2021956994126,4.03307985875935
417.992744459076,256.855512941215,3.71820706920742
10.254354345484,182.862369969987,3.3788841554764
55.7168095092415,102.791571072667,4.45473304051784
615.075867749513,190.494824051046,4.48376785911222
254.174144039794,222.393411452373,3.69335854778883
568.871772111482,434.505653501648,3.75224741718205
299.506355746026,142.362072592754,3.8351040652267
528.210653835202,453.254515844826,3.74307648410888
45.1586232995401,416.473076554539,3.84336317716637
199.307539648791,284.512780246353,4.17028372196182
555.787374740957,264.806944435276,3.63702741773131
168.298833552772,22.9154547285129,4.20406077181271
493.315161531022,338.711777128553,4.52469895777635
32.2666275844456,56.1318783513506,3.78496770015094
526.150451573207,171.722164352727,4.55138150754849
NA,NA,NA
662.696065001757,333.666502188956,3.43319423234498
456.283549576562,298.753629254468,3.77189406178466
14.6356430041667,493.92073095242,3.38571735338245
556.903405907979,53.212463714622,4.21139517781716
75.6445524549713,375.925879110946,3.98758469990265
231.258765001551,414.78318646266,3.78405521677165
428.923434989979,14.7842104581491,3.28788254987688
364.04179797418,291.086896600396,3.09666043464795
601.858474417785,102.904060552198,4.34800944585711
384.780203856166,224.753568175394,4.19922961902339
563.76963641479,409.739516592569,4.70426985526539
143.828363555375,287.820420130067,4.51192405227369
196.159200096175,370.259682485151,3.98094698813771
123.973883154714,408.230482449939,3.46178259270678
617.393635200343,312.028286175519,4.58639865205515
0.697108554907204,144.520584798324,4.26462615786915
541.988223872594,199.23630706308,4.13046304473492
33.7671844540304,491.372261940893,2.89585672427488
277.686812690684,23.5567710460248,3.84328383598284
535.942092115671,392.36364422043,3.35890269084572
67.519169733372,79.4568224821118,5.42006899083751
4.01757872699876,78.6614272893531,3.54707823305395
587.89814617567,230.813509926069,4.0308771857606
439.011462928636,459.177131896992,4.86921307649295
657.851156570495,374.237453953945,2.89503665807226
104.586207041292,484.714234833855,4.363519089725
623.953746642788,92.2021956994126,4.03307985875935
417.992744459076,256.855512941215,3.71820706920742
10.254354345484,182.862369969987,3.3788841554764
55.7168095092415,102.791571072667,4.45473304051784
615.075867749513,190.494824051046,4.48376785911222
254.174144039794,222.393411452373,3.69335854778883
568.871772111482,434.505653501648,3.75224741718205
299.506355746026,142.362072592754,3.8351040652267
528.210653835202,453.254515844826,3.74307648410888
45.1586232995401,416.473076554539,3.84336317716637
199.307539648791,284.512780246353,4.17028372196182
555.787374740957,264.806944435276,3.63702741773131
168.298833552772,22.9154547285129,4.20406077181271
493.315161531022,338.711777128553,4.52469895777635
32.2666275844456,56.1318783513506,3.78496770015094
526.150451573207,171.722164352727,4.55138150754849
NA,NA,NA
662.696065001757,333.666502188956,3.43319423234498
456.283549576562,298.753629254468,3.77189406178466
14.6356430041667,493.92073095242,3.38571735338245
556.903405907979,53.212463714622,4.21139517781716
75.6445524549713,375.925879110946,3.98758469990265
231.258765001551,414.78318646266,3.78405521677165
428.923434989979,14.7842104581491,3.28788254987688
364.04179797418,291.086896600396,3.09666043464795
601.858474417785,102.904060552198,4.34800944585711
384.780203856166,224.753568175394,4.19922961902339
563.76963641479,409.739516592569,4.70426985526539
143.828363555375,287.820420130067,4.51192405227369
196.159200096175,370.259682485151,3.98094698813771
123.973883154714,408.230482449939,3.46178259270678
617.393635200343,312.028286175519,4.58639865205515
0.697108554907204,144.520584798324,4.26462615786915
541.988223872594,199.23630706308,4.13046304473492
33.7671844540304,491.372261940893,2.89585672427488
277.686812690684,23.5567710460248,3.84328383598284
535.942092115671,392.36364422043,3.35890269084572
67.519169733372,79.4568224821118,5.42006899083751
4.01757872699876,78.6614272893531,3.54707823305395
587.89814617567,230.813509926069,4.0308771857606
439.011462928636,459.177131896992,4.86921307649295
657.851156570495,374.237453953945,2.89503665807226
104.586207041292,484.714234833855,4.363519089725
623.953746642788,92.2021956994126,4.03307985875935
417.992744459076,256.855512941215,3.71820706920742
10.254354345484,182.862369969987,3.3788841554764
55.7168095092415,102.791571072667,4.45473304051784
615.075867749513,190.494824051046,4.48376785911222
254.174144039794,222.393411452373,3.69335854778883
568.871772111482,434.505653501648,3.75224741718205
299.506355746026,142.362072592754,3.8351040652267
528.210653835202,453.254515844826,3.74307648410888
45.1586232995401,416.473076554539,3.84336317716637
199.307539648791,284.512780246353,4.17028372196182
555.787374740957,264.806944435276,3.63702741773131
168.298833552772,22.9154547285129,4.20406077181271
493.315161531022,338.711777128553,4.52469895777635
32.2666275844456,56.1318783513506,3.78496770015094
526.150451573207,171.722164352727,4.55138150754849
NA,NA,NA
662.696065001757,333.666502188956,3.43319423234498
456.283549576562,298.753629254468,3.77189406178466
14.6356430041667,493.92073095242,3.38571735338245
556.903405907979,53.212463714622,4.21139517781716
75.6445524549713,375.925879110946,3.98758469990265
231.258765001551,414.78318646266,3.78405521677165
428.923434989979,14.7842104581491,3.28788254987688
364.04179797418,291.086896600396,3.09666043464795
601.858474417785,102.904060552198,4.34800944585711
384.780203856166,224.753568175394,4.19922961902339
563.76963641479,409.739516592569,4.70426985526539
143.828363555375,287.820420130067,4.51192405227369
196.159200096175,370.259682485151,3.98094698813771
123.973883154714,408.230482449939,3.46178259270678
617.393635200343,312.028286175519,4.58639865205515
0.697108554907204,144.520584798324,4.26462615786915
541.988223872594,199.23630706308,4.13046304473492
33.7671844540304,491.372261940893,2.89585672427488
277.686812690684,23.5567710460248,3.84328383598284
535.942092115671,392.36364422043,3.35890269084572
67.519169733372,79.4568224821118,5.42006899083751
4.01757872699876,78.6614272893531,3.54707823305395
587.89814617567,230.813509926069,4.0308771857606
439.011462928636,459.177131896992,4.86921307649295
657.851156570495,374.237453953945,2.89503665807226
104.586207041292,484.714234833855,4.363519089725
623.953746642788,92.2021956994126,4.03307985875935
417.992744459076,256.855512941215,3.71820706920742
10.254354345484,182.862369969987,3.3788841554764
55.7168095092415,102.791571072667,4.45473304051784
615.075867749513,190.494824051046,4.48376785911222
254.174144039794,222.393411452373,3.69335854778883
568.871772111482,434.505653501648,3.75224741718205
299.506355746026,142.362072592754,3.8351040652267
528.210653835202,453.254515844826,3.74307648410888
45.1586232995401,416.473076554539,3.84336317716637
199.307539648791,284.512780246353,4.17028372196182
555.787374740957,264.806944435276,3.63702741773131
168.298833552772,22.9154547285129,4.20406077181271
493.315161531022,338.711777128553,4.52469895777635
32.2666275844456,56.1318783513506,3.78496770015094
526.150451573207,171.722164352727,4.55138150754849
NA,NA,NA
662.696065001757,333.666502188956,3.43319423234498
456.283549576562,298.753629254468,3.77189406178466
14.6356430041667,493.92073095242,3.38571735338245
556.903405907979,53.212463714622,4.21139517781716
75.6445524549713,375.925879110946,3.98758469990265
231.258765001551,414.78318646266,3.78405521677165
428.923434989979,14.7842104581491,3.28788254987688
364.04179797418,291.086896600396,3.09666043464795
601.858474417785,102.904060552198,4.34800944585711
384.780203856166,224.753568175394,4.19922961902339
563.76963641479,409.739516592569,4.70426985526539
143.828363555375,287.820420130067,4.51192405227369
196.159200096175,370.259682485151,3.98094698813771
123.973883154714,408.230482449939,3.46178259270678
617.393635200343,312.028286175519,4.58639865205515
0.697108554907204,144.520584798324,4.26462615786915
541.988223872594,199.23630706308,4.13046304473492
33.7671844540304,491.372261940893,2.89585672427488
277.686812690684,23.5567710460248,3.84328383598284
535.942092115671,392.36364422043,3.35890269084572
67.519169733372,79.4568224821118,5.42006899083751
4.01757872699876,78.6614272893531,3.54707823305395
587.89814617567,230.813509926069,4.0308771857606
439.011462928636,459.177131896992,4.86921307649295
657.851156570495,374.237453953945,2.89503665807226
104.586207041292,484.714234833855,4.363519089725
623.953746642788,92.2021956994126,4.03307985875935
417.992744459076,256.855512941215,3.71820706920742
10.254354345484,182.862369969987,3.3788841554764
55.7168095092415,102.791571072667,4.45473304051784
615.075867749513,190.494824051046,4.48376785911222
254.174144039794,222.393411452373,3.69335854778883
568.871772111482,434.505653501648,3.75224741718205
299.506355746026,142.362072592754,3.8351040652267
528.210653835202,453.254515844826,3.74307648410888
45.1586232995401,416.473076554539,3.84336317716637
199.307539648791,284.512780246353,4.17028372196182
555.787374740957,264.806944435276,3.63702741773131
168.298833552772,22.9154547285129,4.20406077181271
493.315161531022,338.711777128553,4.52469895777635
32.2666275844456,56.1318783513506,3.78496770015094
526.150451573207,171.722164352727,4.55138150754849
NA,NA,NA
662.356338498764,335.07237292159,3.51030957302826
459.405859653766,295.634389877096,3.71958770193835
10.4981468849239,492.793990536267,3.62807072767014
557.742437025119,50.0293747705137,4.22225558679468
74.8610245218804,377.169138477138,3.86915758510584
228.072894906993,409.83357868063,3.90144163452934
431.32351369106,11.242298947262,3.38498974096743
360.770420604058,290.907593420404,3.08258111287762
605.700589343966,104.223910219605,4.20885552365399
388.388780845456,228.708328628763,4.18837149406674
572.120393576574,411.67879200202,4.72084079903057
137.982975488428,285.548872285554,4.45181725982303
200.136710125236,373.862329160351,4.106427063626
124.606178481294,408.192685976972,3.20874725827662
627.186189436586,317.636346842364,4.49338151435022
0.750597756965415,148.885505309449,4.23939658557817
538.427040540676,199.860140736857,4.15609415459438
33.1819703709561,492.638322145613,2.97909501171724
282.158664803001,23.332389248004,3.9001768575736
535.466656126713,395.665499773669,3.38532570818005
73.9833624723864,78.5706397163134,5.38699693673171
3.90831897634466,74.9066144600195,3.40457123226133
589.12799049643,227.584949375936,3.98431907165762
439.026118908559,457.589170351954,4.80294132911093
658.798898550293,374.030311127649,2.89683964690613
106.478400253474,488.258648339484,4.37179034409117
623.965216373801,87.3921817204589,4.0188271031711
419.574517315026,254.963262051872,3.49296973509446
11.9967996657822,181.666794004322,3.24403121025096
65.1813498934117,106.210312652644,4.32717802494048
611.247740001249,199.298035816679,4.30771259903188
260.236462884887,218.110983045654,3.62314880596832
577.999087774468,438.795136682683,4.01157739681506
303.544006454305,136.672939482692,3.79404362732661
523.748903413151,457.373020205414,3.41895044068591
46.4384431812536,423.191198128486,3.95487789641675
202.412328542636,288.408292931258,3.97252399489582
553.863561684369,271.254767442916,3.54720170402106
162.538565389302,36.7327718491504,4.54549807779814
502.277841005363,342.964936204819,4.26949246241783
41.8382927289691,50.0263192828154,3.87780340497141
535.635428069072,142.804948738221,4.6607559223474
NA,NA,NA
662.356338498764,335.07237292159,3.51030957302826
459.405859653766,295.634389877096,3.71958770193835
10.4981468849239,492.793990536267,3.62807072767014
557.742437025119,50.0293747705137,4.22225558679468
74.8610245218804,377.169138477138,3.86915758510584
228.072894906993,409.83357868063,3.90144163452934
431.32351369106,11.242298947262,3.38498974096743
360.770420604058,290.907593420404,3.08258111287762
605.700589343966,104.223910219605,4.20885552365399
388.388780845456,228.708328628763,4.18837149406674
572.120393576574,411.67879200202,4.72084079903057
137.982975488428,285.548872285554,4.45181725982303
200.136710125236,373.862329160351,4.106427063626
124.606178481294,408.192685976972,3.20874725827662
627.186189436586,317.636346842364,4.49338151435022
0.750597756965415,148.885505309449,4.23939658557817
538.427040540676,199.860140736857,4.15609415459438
33.1819703709561,492.638322145613,2.97909501171724
282.158664803001,23.332389248004,3.9001768575736
535.466656126713,395.665499773669,3.38532570818005
73.9833624723864,78.5706397163134,5.38699693673171
3.90831897634466,74.9066144600195,3.40457123226133
589.12799049643,227.584949375936,3.98431907165762
439.026118908559,457.589170351954,4.80294132911093
658.798898550293,374.030311127649,2.89683964690613
106.478400253474,488.258648339484,4.37179034409117
623.965216373801,87.3921817204589,4.0188271031711
419.574517315026,254.963262051872,3.49296973509446
11.9967996657822,181.666794004322,3.24403121025096
65.1813498934117,106.210312652644,4.32717802494048
611.247740001249,199.298035816679,4.30771259903188
260.236462884887,218.110983045654,3.62314880596832
577.999087774468,438.795136682683,4.01157739681506
303.544006454305,136.672939482692,3.79404362732661
523.748903413151,457.373020205414,3.41895044068591
46.4384431812536,423.191198128486,3.95487789641675
202.412328542636,288.408292931258,3.97252399489582
553.863561684369,271.254767442916,3.54720170402106
162.538565389302,36.7327718491504,4.54549807779814
502.277841005363,342.964936204819,4.26949246241783
41.8382927289691,50.0263192828154,3.87780340497141
535.635428069072,142.804948738221,4.6607559223474
NA,NA,NA
662.356338498764,335.07237292159,3.51030957302826
459.405859653766,295.634389877096,3.71958770193835
10.4981468849239,492.793990536267,3.62807072767014
557.742437025119,50.0293747705137,4.22225558679468
74.8610245218804,377.169138477138,3.86915758510584
228.072894906993,409.83357868063,3.90144163452934
431.32351369106,11.242298947262,3.38498974096743
360.770420604058,290.907593420404,3.08258111287762
605.700589343966,104.223910219605,4.20885552365399
388.388780845456,228.708328628763,4.18837149406674
572.120393576574,411.67879200202,4.72084079903057
137.982975488428,285.548872285554,4.45181725982303
200.136710125236,373.862329160351,4.106427063626
124.606178481294,408.192685976972,3.20874725827662
627.186189436586,317.636346842364,4.49338151435022
0.750597756965415,148.885505309449,4.23939658557817
538.427040540676,199.860140736857,4.15609415459438
33.1819703709561,492.638322145613,2.97909501171724
282.158664803001,23.332389248004,3.9001768575736
535.466656126713,395.665499773669,3.38532570818005
73.9833624723864,78.5706397163134,5.38699693673171
3.90831897634466,74.9066144600195,3.40457123226133
589.12799049643,227.584949375936,3.98431907165762
439.026118908559,457.589170351954,4.80294132911093
658.798898550293,374.030311127649,2.89683964690613
106.478400253474,488.258648339484,4.37179034409117
623.965216373801,87.3921817204589,4.0188271031711
419.574517315026,254.963262051872,3.49296973509446
11.9967996657822,181.666794004322,3.24403121025096
65.1813498934117,106.210312652644,4.32717802494048
611.247740001249,199.298035816679,4.30771259903188
260.236462884887,218.110983045654,3.62314880596832
577.999087774468,438.795136682683,4.01157739681506
303.544006454305,136.672939482692,3.79404362732661
523.748903413151,457.373020205414,3.41895044068591
46.4384431812536,423.191198128486,3.95487789641675
202.412328542636,288.408292931258,3.97252399489582
553.863561684369,271.254767442916,3.54720170402106
162.538565389302,36.7327718491504,4.54549807779814
502.277841005363,342.964936204819,4.26949246241783
41.8382927289691,50.0263192828154,3.87780340497141
535.635428069072,142.804948738221,4.6607559223474
NA,NA,NA
662.356338498764,335.07237292159,3.51030957302826
459.405859653766,295.634389877096,3.71958770193835
10.4981468849239,492.793990536267,3.62807072767014
557.742437025119,50.0293747705137,4.22225558679468
74.8610245218804,377.169138477138,3.86915758510584
228.072894906993,409.83357868063,3.90144163452934
431.32351369106,11.242298947262,3.38498974096743
360.770420604058,290.907593420404,3.08258111287762
605.700589343966,104.223910219605,4.20885552365399
388.388780845456,228.708328628763,4.18837149406674
572.120393576574,411.67879200202,4.72084079903057
137.982975488428,285.548872285554,4.45181725982303
200.136710125236,373.862329160351,4.106427063626
124.606178481294,408.192685976972,3.20874725827662
627.186189436586,317.636346842364,4.49338151435022
0.750597756965415,148.885505309449,4.23939658557817
538.427040540676,199.860140736857,4.15609415459438
33.1819703709561,492.638322145613,2.97909501171724
282.158664803001,23.332389248004,3.9001768575736
535.466656126713,395.665499773669,3.38532570818005
73.9833624723864,78.5706397163134,5.38699693673171
3.90831897634466,74.9066144600195,3.40457123226133
589.12799049643,227.584949375936,3.98431907165762
439.026118908559,457.589170351954,4.80294132911093
658.798898550293,374.030311127649,2.89683964690613
106.478400253474,488.258648339484,4.37179034409117
623.965216373801,87.3921817204589,4.0188271031711
419.574517315026,254.963262051872,3.49296973509446
11.9967996657822,181.666794004322,3.24403121025096
65.1813498934117,106.210312652644,4.32717802494048
611.247740001249,199.298035816679,4.30771259903188
260.236462884887,218.110983045654,3.62314880596832
577.999087774468,438.795136682683,4.01157739681506
303.544006454305,136.672939482692,3.79404362732661
523.748903413151,457.373020205414,3.41895044068591
46.4384431812536,423.191198128486,3.95487789641675
202.412328542636,288.408292931258,3.97252399489582
553.863561684369,271.254767442916,3.54720170402106
162.538565389302,36.7327718491504,4.54549807779814
502.277841005363,342.964936204819,4.26949246241783
41.8382927289691,50.0263192828154,3.87780340497141
535.635428069072,142.804948738221,4.6607559223474
NA,NA,NA
662.356338498764,335.07237292159,3.51030957302826
459.405859653766,295.634389877096,3.71958770193835
10.4981468849239,492.793990536267,3.62807072767014
557.742437025119,50.0293747705137,4.22225558679468
74.8610245218804,377.169138477138,3.86915758510584
228.072894906993,409.83357868063,3.90144163452934
431.32351369106,11.242298947262,3.38498974096743
360.770420604058,290.907593420404,3.08258111287762
605.700589343966,104.223910219605,4.20885552365399
388.388780845456,228.708328628763,4.18837149406674
572.120393576574,411.67879200202,4.72084079903057
137.982975488428,285.548872285554,4.45181725982303
200.136710125236,373.862329160351,4.106427063626
124.606178481294,408.192685976972,3.20874725827662
627.186189436586,317.636346842364,4.49338151435022
0.750597756965415,148.885505309449,4.23939658557817
538.427040540676,199.860140736857,4.15609415459438
33.1819703709561,492.638322145613,2.97909501171724
282.158664803001,23.332389248004,3.9001768575736
535.466656126713,395.665499773669,3.38532570818005
73.9833624723864,78.5706397163134,5.38699693673171
3.90831897634466,74.9066144600195,3.40457123226133
589.12799049643,227.584949375936,3.98431907165762
439.026118908559,457.589170351954,4.80294132911093
658.798898550293,374.030311127649,2.89683964690613
106.478400253474,488.258648339484,4.37179034409117
623.965216373801,87.3921817204589,4.0188271031711
419.574517315026,254.963262051872,3.49296973509446
11.9967996657822,181.666794004322,3.24403121025096
65.1813498934117,106.210312652644,4.32717802494048
611.247740001249,199.298035816679,4.30771259903188
260.236462884887,218.110983045654,3.62314880596832
577.999087774468,438.795136682683,4.01157739681506
303.544006454305,136.672939482692,3.79404362732661
523.748903413151,457.373020205414,3.41895044068591
46.4384431812536,423.191198128486,3.95487789641675
202.412328542636,288.408292931258,3.97252399489582
553.863561684369,271.254767442916,3.54720170402106
162.538565389302,36.7327718491504,4.54549807779814
502.277841005363,342.964936204819,4.26949246241783
41.8382927289691,50.0263192828154,3.87780340497141
535.635428069072,142.804948738221,4.6607559223474
NA,NA,NA
662.356338498764,335.07237292159,3.51030957302826
459.405859653766,295.634389877096,3.71958770193835
10.4981468849239,492.793990536267,3.62807072767014
557.742437025119,50.0293747705137,4.22225558679468
74.8610245218804,377.169138477138,3.86915758510584
228.072894906993,409.83357868063,3.90144163452934
431.32351369106,11.242298947262,3.38498974096743
360.770420604058,290.907593420404,3.08258111287762
605.700589343966,104.223910219605,4.20885552365399
388.388780845456,228.708328628763,4.18837149406674
572.120393576574,411.67879200202,4.72084079903057
137.982975488428,285.548872285554,4.45181725982303
200.136710125236,373.862329160351,4.106427063626
124.606178481294,408.192685976972,3.20874725827662
627.186189436586,317.636346842364,4.49338151435022
0.750597756965415,148.885505309449,4.23939658557817
538.427040540676,199.860140736857,4.15609415459438
33.1819703709561,492.638322145613,2.97909501171724
282.158664803001,23.332389248004,3.9001768575736
535.466656126713,395.665499773669,3.38532570818005
73.9833624723864,78.5706397163134,5.38699693673171
3.90831897634466,74.9066144600195,3.40457123226133
589.12799049643,227.584949375936,3.98431907165762
439.026118908559,457.589170351954,4.80294132911093
658.798898550293,374.030311127649,2.89683964690613
106.478400253474,488.258648339484,4.37179034409117
623.965216373801,87.3921817204589,4.0188271031711
419.574517315026,254.963262051872,3.49296973509446
11.9967996657822,181.666794004322,3.24403121025096
65.1813498934117,106.210312652644,4.32717802494048
611.247740001249,199.298035816679,4.30771259903188
260.236462884887,218.110983045654,3.62314880596832
577.999087774468,438.795136682683,4.01157739681506
303.544006454305,136.672939482692,3.79404362732661
523.748903413151,457.373020205414,3.41895044068591
46.4384431812536,423.191198128486,3.95487789641675
202.412328542636,288.408292931258,3.97252399489582
553.863561684369,271.254767442916,3.54720170402106
162.538565389302,36.7327718491504,4.54549807779814
502.277841005363,342.964936204819,4.26949246241783
41.8382927289691,50.0263192828154,3.87780340497141
535.635428069072,142.804948738221,4.6607559223474
NA,NA,NA
661.18522289621,337.15961942868,3.69733982018247
453.413325194788,293.708559510346,3.63925351015125
9.17109007368742,491.779698281984,3.61855104280306
560.602926490726,53.3866302191645,4.23276547616723
73.8939887787657,372.835745391484,4.05899012567851
226.597164105939,413.072271261161,3.95968194762416
427.7761504234,10.3040188037438,3.39443358611064
358.823175425914,294.654860790636,3.00453836260148
604.109036633799,107.121554382856,4.27345902754441
393.784795951944,227.135928532904,4.22407340114869
572.984875496778,415.47726375649,4.72789807645603
139.033230073949,278.882709654889,4.47096247872595
193.442216172792,371.964810921397,3.9879520628278
127.583303976105,411.728604973461,3.40916654328992
629.076992181698,311.483364900499,4.46883106648035
-1.73437311846832,151.622604447288,4.24261509603581
542.007973229054,194.297483990465,4.12427826495117
35.3195348906331,489.432289995954,2.99711355950063
277.411271255218,21.7977583233943,3.7499146846138
532.766817819807,391.510755240422,3.33696327219394
67.2728170794999,71.6418525230548,5.08251807165621
8.28755194716921,75.69717186193,3.51493758536241
590.028470749835,222.6494570792,3.94871968343778
436.027631452954,458.489714354063,4.80055217674516
658.093265600112,373.844166809432,3.0036612722963
105.390703402012,490.546002088837,4.38468623068118
621.807836467657,86.626527089473,4.09577021290414
420.572762836225,261.441396919039,3.67860369335211
11.3437666000311,180.647874939822,3.26162313655875
64.7679508794259,112.72553475837,4.56116929479919
607.691073891072,211.516308205029,4.53667576491144
256.067303070004,212.50274277751,3.68364956200896
570.040029921132,437.91413541433,3.59400211151371
297.069440227292,138.469538997033,3.9079865158105
531.156210800762,459.652395975152,3.42798202647604
37.1472369524802,416.578764355941,3.84452184310172
194.734058350962,290.010132418565,3.94302885214278
552.051173745409,263.334531758149,3.85673571563013
178.600593720606,47.1880571369251,4.45611459636563
493.685877868983,342.116553638193,4.55908804023651
37.5073205648786,46.6512523630136,4.1368349513527
526.353067900103,133.560663601292,4.93040907762241
NA,NA,NA
661.18522289621,337.15961942868,3.69733982018247
453.413325194788,293.708559510346,3.63925351015125
9.17109007368742,491.779698281984,3.61855104280306
560.602926490726,53.3866302191645,4.23276547616723
73.8939887787657,372.835745391484,4.05899012567851
226.597164105939,413.072271261161,3.95968194762416
427.7761504234,10.3040188037438,3.39443358611064
358.823175425914,294.654860790636,3.00453836260148
604.109036633799,107.121554382856,4.27345902754441
393.784795951944,227.135928532904,4.22407340114869
572.984875496778,415.47726375649,4.72789807645603
139.033230073949,278.882709654889,4.47096247872595
193.442216172792,371.964810921397,3.9879520628278
127.583303976105,411.728604973461,3.40916654328992
629.076992181698,311.483364900499,4.46883106648035
-1.73437311846832,151.622604447288,4.24261509603581
542.007973229054,194.297483990465,4.12427826495117
35.3195348906331,489.432289995954,2.99711355950063
277.411271255218,21.7977583233943,3.7499146846138
532.766817819807,391.510755240422,3.33696327219394
67.2728170794999,71.6418525230548,5.08251807165621
8.28755194716921,75.69717186193,3.51493758536241
590.028470749835,222.6494570792,3.94871968343778
436.027631452954,458.489714354063,4.80055217674516
658.093265600112,373.844166809432,3.0036612722963
105.390703402012,490.546002088837,4.38468623068118
621.807836467657,86.626527089473,4.09577021290414
420.572762836225,261.441396919039,3.67860369335211
11.3437666000311,180.647874939822,3.26162313655875
64.7679508794259,112.72553475837,4.56116929479919
607.691073891072,211.516308205029,4.53667576491144
256.067303070004,212.50274277751,3.68364956200896
570.040029921132,437.91413541433,3.59400211151371
297.069440227292,138.469538997033,3.9079865158105
531.156210800762,459.652395975152,3.42798202647604
37.1472369524802,416.578764355941,3.84452184310172
194.734058350962,290.010132418565,3.94302885214278
552.051173745409,263.334531758149,3.85673571563013
178.600593720606,47.1880571369251,4.45611459636563
493.685877868983,342.116553638193,4.55908804023651
37.5073205648786,46.6512523630136,4.1368349513527
526.353067900103,133.560663601292,4.93040907762241
NA,NA,NA
661.18522289621,337.15961942868,3.69733982018247
453.413325194788,293.708559510346,3.63925351015125
9.17109007368742,491.779698281984,3.61855104280306
560.602926490726,53.3866302191645,4.23276547616723
73.8939887787657,372.835745391484,4.05899012567851
226.597164105939,413.072271261161,3.95968194762416
427.7761504234,10.3040188037438,3.39443358611064
358.823175425914,294.654860790636,3.00453836260148
604.109036633799,107.121554382856,4.27345902754441
393.784795951944,227.135928532904,4.22407340114869
572.984875496778,415.47726375649,4.72789807645603
139.033230073949,278.882709654889,4.47096247872595
193.442216172792,371.964810921397,3.9879520628278
127.583303976105,411.728604973461,3.40916654328992
629.076992181698,311.483364900499,4.46883106648035
-1.73437311846832,151.622604447288,4.24261509603581
542.007973229054,194.297483990465,4.12427826495117
35.3195348906331,489.432289995954,2.99711355950063
277.411271255218,21.7977583233943,3.7499146846138
532.766817819807,391.510755240422,3.33696327219394
67.2728170794999,71.6418525230548,5.08251807165621
8.28755194716921,75.69717186193,3.51493758536241
590.028470749835,222.6494570792,3.94871968343778
436.027631452954,458.489714354063,4.80055217674516
658.093265600112,373.844166809432,3.0036612722963
105.390703402012,490.546002088837,4.38468623068118
621.807836467657,86.626527089473,4.09577021290414
420.572762836225,261.441396919039,3.67860369335211
11.3437666000311,180.647874939822,3.26162313655875
64.7679508794259,112.72553475837,4.56116929479919
607.691073891072,211.516308205029,4.53667576491144
256.067303070004,212.50274277751,3.68364956200896
570.040029921132,437.91413541433,3.59400211151371
297.069440227292,138.469538997033,3.9079865158105
531.156210800762,459.652395975152,3.42798202647604
37.1472369524802,416.578764355941,3.84452184310172
194.734058350962,290.010132418565,3.94302885214278
552.051173745409,263.334531758149,3.85673571563013
178.600593720606,47.1880571369251,4.45611459636563
493.685877868983,342.116553638193,4.55908804023651
37.5073205648786,46.6512523630136,4.1368349513527
526.353067900103,133.560663601292,4.93040907762241
NA,NA,NA
661.18522289621,337.15961942868,3.69733982018247
453.413325194788,293.708559510346,3.63925351015125
9.17109007368742,491.779698281984,3.61855104280306
560.602926490726,53.3866302191645,4.23276547616723
73.8939887787657,372.835745391484,4.05899012567851
226.597164105939,413.072271261161,3.95968194762416
427.7761504234,10.3040188037438,3.39443358611064
358.823175425914,294.654860790636,3.00453836260148
604.109036633799,107.121554382856,4.27345902754441
393.784795951944,227.135928532904,4.22407340114869
572.984875496778,415.47726375649,4.72789807645603
139.033230073949,278.882709654889,4.47096247872595
193.442216172792,371.964810921397,3.9879520628278
127.583303976105,411.728604973461,3.40916654328992
629.076992181698,311.483364900499,4.46883106648035
-1.73437311846832,151.622604447288,4.24261509603581
542.007973229054,194.297483990465,4.12427826495117
35.3195348906331,489.432289995954,2.99711355950063
277.411271255218,21.7977583233943,3.7499146846138
532.766817819807,391.510755240422,3.33696327219394
67.2728170794999,71.6418525230548,5.08251807165621
8.28755194716921,75.69717186193,3.51493758536241
590.028470749835,222.6494570792,3.94871968343778
436.027631452954,458.489714354063,4.80055217674516
658.093265600112,373.844166809432,3.0036612722963
105.390703402012,490.546002088837,4.38468623068118
621.807836467657,86.626527089473,4.09577021290414
420.572762836225,261.441396919039,3.67860369335211
11.3437666000311,180.647874939822,3.26162313655875
64.7679508794259,112.72553475837,4.56116929479919
607.691073891072,211.516308205029,4.53667576491144
256.067303070004,212.50274277751,3.68364956200896
570.040029921132,437.91413541433,3.59400211151371
297.069440227292,138.469538997033,3.9079865158105
531.156210800762,459.652395975152,3.42798202647604
37.1472369524802,416.578764355941,3.84452184310172
194.734058350962,290.010132418565,3.94302885214278
552.051173745409,263.334531758149,3.85673571563013
178.600593720606,47.1880571369251,4.45611459636563
493.685877868983,342.116553638193,4.55908804023651
37.5073205648786,46.6512523630136,4.1368349513527
526.353067900103,133.560663601292,4.93040907762241
NA,NA,NA
661.18522289621,337.15961942868,3.69733982018247
453.413325194788,293.708559510346,3.63925351015125
9.17109007368742,491.779698281984,3.61855104280306
560.602926490726,53.3866302191645,4.23276547616723
73.8939887787657,372.835745391484,4.05899012567851
226.597164105939,413.072271261161,3.95968194762416
427.7761504234,10.3040188037438,3.39443358611064
358.823175425914,294.654860790636,3.00453836260148
604.109036633799,107.121554382856,4.27345902754441
393.784795951944,227.135928532904,4.22407340114869
572.984875496778,415.47726375649,4.72789807645603
139.033230073949,278.882709654889,4.47096247872595
193.442216172792,371.964810921397,3.9879520628278
127.583303976105,411.728604973461,3.40916654328992
629.076992181698,311.483364900499,4.46883106648035
-1.73437311846832,151.622604447288,4.24261509603581
542.007973229054,194.297483990465,4.12427826495117
35.3195348906331,489.432289995954,2.99711355950063
277.411271255218,21.7977583233943,3.7499146846138
532.766817819807,391.510755240422,3.33696327219394
67.2728170794999,71.6418525230548,5.08251807165621
8.28755194716921,75.69717186193,3.51493758536241
590.028470749835,222.6494570792,3.94871968343778
436.027631452954,458.489714354063,4.80055217674516
658.093265600112,373.844166809432,3.0036612722963
105.390703402012,490.546002088837,4.38468623068118
621.807836467657,86.626527089473,4.09577021290414
420.572762836225,261.441396919039,3.67860369335211
11.3437666000311,180.647874939822,3.26162313655875
64.7679508794259,112.72553475837,4.56116929479919
607.691073891072,211.516308205029,4.53667576491144
256.067303070004,212.50274277751,3.68364956200896
570.040029921132,437.91413541433,3.59400211151371
297.069440227292,138.469538997033,3.9079865158105
531.156210800762,459.652395975152,3.42798202647604
37.1472369524802,416.578764355941,3.84452184310172
194.734058350962,290.010132418565,3.94302885214278
552.051173745409,263.334531758149,3.85673571563013
178.600593720606,47.1880571369251,4.45611459636563
493.685877868983,342.116553638193,4.55908804023651
37.5073205648786,46.6512523630136,4.1368349513527
526.353067900103,133.560663601292,4.93040907762241
NA,NA,NA
661.18522289621,337.15961942868,3.69733982018247
453.413325194788,293.708559510346,3.63925351015125
9.17109007368742,491.779698281984,3.61855104280306
560.602926490726,53.3866302191645,4.23276547616723
73.8939887787657,372.835745391484,4.05899012567851
226.597164105939,413.072271261161,3.95968194762416
427.7761504234,10.3040188037438,3.39443358611064
358.823175425914,294.654860790636,3.00453836260148
604.109036633799,107.121554382856,4.27345902754441
393.784795951944,227.135928532904,4.22407340114869
572.984875496778,415.47726375649,4.72789807645603
139.033230073949,278.882709654889,4.47096247872595
193.442216172792,371.964810921397,3.9879520628278
127.583303976105,411.728604973461,3.40916654328992
629.076992181698,311.483364900499,4.46883106648035
-1.73437311846832,151.622604447288,4.24261509603581
542.007973229054,194.297483990465,4.12427826495117
35.3195348906331,489.432289995954,2.99711355950063
277.411271255218,21.7977583233943,3.7499146846138
532.766817819807,391.510755240422,3.33696327219394
67.2728170794999,71.6418525230548,5.08251807165621
8.28755194716921,75.69717186193,3.51493758536241
590.028470749835,222.6494570792,3.94871968343778
436.027631452954,458.489714354063,4.80055217674516
658.093265600112,373.844166809432,3.0036612722963
105.390703402012,490.546002088837,4.38468623068118
621.807836467657,86.626527089473,4.09577021290414
420.572762836225,261.441396919039,3.67860369335211
11.3437666000311,180.647874939822,3.26162313655875
64.7679508794259,112.72553475837,4.56116929479919
607.691073891072,211.516308205029,4.53667576491144
256.067303070004,212.50274277751,3.68364956200896
570.040029921132,437.91413541433,3.59400211151371
297.069440227292,138.469538997033,3.9079865158105
531.156210800762,459.652395975152,3.42798202647604
37.1472369524802,416.578764355941,3.84452184310172
194.734058350962,290.010132418565,3.94302885214278
552.051173745409,263.334531758149,3.85673571563013
178.600593720606,47.1880571369251,4.45611459636563
493.685877868983,342.116553638193,4.55908804023651
37.5073205648786,46.6512523630136,4.1368349513527
526.353067900103,133.560663601292,4.93040907762241
NA,NA,NA
661.960387600326,335.949834464224,3.56542913723007
460.209309699061,295.882221904755,3.60984359822022
12.8228787308853,496.211628460105,3.75620172902126
560.783819688479,53.5687224253996,4.08586078110326
68.9141494914176,377.650467328517,3.86644065796213
231.466432204933,416.595930350295,3.83411642742667
429.703698532765,12.2331613344674,3.36030698897644
362.41066341778,292.272028405422,3.00396848837371
604.614355662605,102.816797273098,4.07755385825005
396.856789704726,224.205514592432,4.20844621479414
570.917678209213,416.581342961721,4.74359440332783
139.124328277129,281.12197433821,4.60393601995482
203.044308649553,370.620465192249,4.03659942544733
128.77552460953,412.17719352925,3.50405285141169
623.156136564084,312.602263556682,4.59530553121489
-2.00120595061383,148.670228777527,4.21998935035255
543.250778861764,201.228682196331,4.1522635234362
33.8275836412135,491.550532241324,2.99159702166661
278.902713250877,23.7478825390846,3.95587580640973
535.675101680091,393.16651351113,3.27458078959181
77.1118216108624,75.0428331610984,5.28854253794325
3.49712100504772,75.5009128339235,3.56049462042015
590.921169171841,224.976861551751,3.89752733685936
440.690935105235,458.340326257783,4.74687955364155
660.800344982966,373.515971488579,2.85974408704341
104.750989432079,490.923659128026,4.26092523802239
622.991304751584,91.7942706763779,4.10535674929068
417.283323775278,259.554084357341,3.54425906170741
10.9101530627821,183.640229166878,3.21986712182275
76.7719420228112,117.031216268338,4.48751559787538
602.865726392212,199.485349418821,4.22557732088798
262.595059899054,222.487594038525,3.76597265758829
564.642378241288,439.120358342282,3.71546748320773
303.918864322182,135.323497426696,3.74238498767217
534.283719745371,454.165706126972,3.64579165891069
41.3857262596461,408.831480960759,3.8692838463019
188.517678634892,287.513985518163,4.26462465206594
542.900755122677,263.654202043733,3.8022058826883
180.713167292875,41.4425931514854,4.48952942696991
491.200278753961,349.154568441109,4.59282659215206
43.6091304470202,57.3999460595801,3.71655054253595
527.48560626349,137.731385042922,4.41612761577072
NA,NA,NA
661.960387600326,335.949834464224,3.56542913723007
460.209309699061,295.882221904755,3.60984359822022
12.8228787308853,496.211628460105,3.75620172902126
560.783819688479,53.5687224253996,4.08586078110326
68.9141494914176,377.650467328517,3.86644065796213
231.466432204933,416.595930350295,3.83411642742667
429.703698532765,12.2331613344674,3.36030698897644
362.41066341778,292.272028405422,3.00396848837371
604.614355662605,102.816797273098,4.07755385825005
396.856789704726,224.205514592432,4.20844621479414
570.917678209213,416.581342961721,4.74359440332783
139.124328277129,281.12197433821,4.60393601995482
203.044308649553,370.620465192249,4.03659942544733
128.77552460953,412.17719352925,3.50405285141169
623.156136564084,312.602263556682,4.59530553121489
-2.00120595061383,148.670228777527,4.21998935035255
543.250778861764,201.228682196331,4.1522635234362
33.8275836412135,491.550532241324,2.99159702166661
278.902713250877,23.7478825390846,3.95587580640973
535.675101680091,393.16651351113,3.27458078959181
77.1118216108624,75.0428331610984,5.28854253794325
3.49712100504772,75.5009128339235,3.56049462042015
590.921169171841,224.976861551751,3.89752733685936
440.690935105235,458.340326257783,4.74687955364155
660.800344982966,373.515971488579,2.85974408704341
104.750989432079,490.923659128026,4.26092523802239
622.991304751584,91.7942706763779,4.10535674929068
417.283323775278,259.554084357341,3.54425906170741
10.9101530627821,183.640229166878,3.21986712182275
76.7719420228112,117.031216268338,4.48751559787538
602.865726392212,199.485349418821,4.22557732088798
262.595059899054,222.487594038525,3.76597265758829
564.642378241288,439.120358342282,3.71546748320773
303.918864322182,135.323497426696,3.74238498767217
534.283719745371,454.165706126972,3.64579165891069
41.3857262596461,408.831480960759,3.8692838463019
188.517678634892,287.513985518163,4.26462465206594
542.900755122677,263.654202043733,3.8022058826883
180.713167292875,41.4425931514854,4.48952942696991
491.200278753961,349.154568441109,4.59282659215206
43.6091304470202,57.3999460595801,3.71655054253595
527.48560626349,137.731385042922,4.41612761577072
NA,NA,NA
661.960387600326,335.949834464224,3.56542913723007
460.209309699061,295.882221904755,3.60984359822022
12.8228787308853,496.211628460105,3.75620172902126
560.783819688479,53.5687224253996,4.08586078110326
68.9141494914176,377.650467328517,3.86644065796213
231.466432204933,416.595930350295,3.83411642742667
429.703698532765,12.2331613344674,3.36030698897644
362.41066341778,292.272028405422,3.00396848837371
604.614355662605,102.816797273098,4.07755385825005
396.856789704726,224.205514592432,4.20844621479414
570.917678209213,416.581342961721,4.74359440332783
139.124328277129,281.12197433821,4.60393601995482
203.044308649553,370.620465192249,4.03659942544733
128.77552460953,412.17719352925,3.50405285141169
623.156136564084,312.602263556682,4.59530553121489
-2.00120595061383,148.670228777527,4.21998935035255
543.250778861764,201.228682196331,4.1522635234362
33.8275836412135,491.550532241324,2.99159702166661
278.902713250877,23.7478825390846,3.95587580640973
535.675101680091,393.16651351113,3.27458078959181
77.1118216108624,75.0428331610984,5.28854253794325
3.49712100504772,75.5009128339235,3.56049462042015
590.921169171841,224.976861551751,3.89752733685936
440.690935105235,458.340326257783,4.74687955364155
660.800344982966,373.515971488579,2.85974408704341
104.750989432079,490.923659128026,4.26092523802239
622.991304751584,91.7942706763779,4.10535674929068
417.283323775278,259.554084357341,3.54425906170741
10.9101530627821,183.640229166878,3.21986712182275
76.7719420228112,117.031216268338,4.48751559787538
602.865726392212,199.485349418821,4.22557732088798
262.595059899054,222.487594038525,3.76597265758829
564.642378241288,439.120358342282,3.71546748320773
303.918864322182,135.323497426696,3.74238498767217
534.283719745371,454.165706126972,3.64579165891069
41.3857262596461,408.831480960759,3.8692838463019
188.517678634892,287.513985518163,4.26462465206594
542.900755122677,263.654202043733,3.8022058826883
180.713167292875,41.4425931514854,4.48952942696991
491.200278753961,349.154568441109,4.59282659215206
43.6091304470202,57.3999460595801,3.71655054253595
527.48560626349,137.731385042922,4.41612761577072
NA,NA,NA
661.960387600326,335.949834464224,3.56542913723007
460.209309699061,295.882221904755,3.60984359822022
12.8228787308853,496.211628460105,3.75620172902126
560.783819688479,53.5687224253996,4.08586078110326
68.9141494914176,377.650467328517,3.86644065796213
231.466432204933,416.595930350295,3.83411642742667
429.703698532765,12.2331613344674,3.36030698897644
362.41066341778,292.272028405422,3.00396848837371
604.614355662605,102.816797273098,4.07755385825005
396.856789704726,224.205514592432,4.20844621479414
570.917678209213,416.581342961721,4.74359440332783
139.124328277129,281.12197433821,4.60393601995482
203.044308649553,370.620465192249,4.03659942544733
128.77552460953,412.17719352925,3.50405285141169
623.156136564084,312.602263556682,4.59530553121489
-2.00120595061383,148.670228777527,4.21998935035255
543.250778861764,201.228682196331,4.1522635234362
33.8275836412135,491.550532241324,2.99159702166661
278.902713250877,23.7478825390846,3.95587580640973
535.675101680091,393.16651351113,3.27458078959181
77.1118216108624,75.0428331610984,5.28854253794325
3.49712100504772,75.5009128339235,3.56049462042015
590.921169171841,224.976861551751,3.89752733685936
440.690935105235,458.340326257783,4.74687955364155
660.800344982966,373.515971488579,2.85974408704341
104.750989432079,490.923659128026,4.26092523802239
622.991304751584,91.7942706763779,4.10535674929068
417.283323775278,259.554084357341,3.54425906170741
10.9101530627821,183.640229166878,3.21986712182275
76.7719420228112,117.031216268338,4.48751559787538
602.865726392212,199.485349418821,4.22557732088798
262.595059899054,222.487594038525,3.76597265758829
564.642378241288,439.120358342282,3.71546748320773
303.918864322182,135.323497426696,3.74238498767217
534.283719745371,454.165706126972,3.64579165891069
41.3857262596461,408.831480960759,3.8692838463019
188.517678634892,287.513985518163,4.26462465206594
542.900755122677,263.654202043733,3.8022058826883
180.713167292875,41.4425931514854,4.48952942696991
491.200278753961,349.154568441109,4.59282659215206
43.6091304470202,57.3999460595801,3.71655054253595
527.48560626349,137.731385042922,4.41612761577072
NA,NA,NA
661.960387600326,335.949834464224,3.56542913723007
460.209309699061,295.882221904755,3.60984359822022
12.8228787308853,496.211628460105,3.75620172902126
560.783819688479,53.5687224253996,4.08586078110326
68.9141494914176,377.650467328517,3.86644065796213
231.466432204933,416.595930350295,3.83411642742667
429.703698532765,12.2331613344674,3.36030698897644
362.41066341778,292.272028405422,3.00396848837371
604.614355662605,102.816797273098,4.07755385825005
396.856789704726,224.205514592432,4.20844621479414
570.917678209213,416.581342961721,4.74359440332783
139.124328277129,281.12197433821,4.60393601995482
203.044308649553,370.620465192249,4.03659942544733
128.77552460953,412.17719352925,3.50405285141169
623.156136564084,312.602263556682,4.59530553121489
-2.00120595061383,148.670228777527,4.21998935035255
543.250778861764,201.228682196331,4.1522635234362
33.8275836412135,491.550532241324,2.99159702166661
278.902713250877,23.7478825390846,3.95587580640973
535.675101680091,393.16651351113,3.27458078959181
77.1118216108624,75.0428331610984,5.28854253794325
3.49712100504772,75.5009128339235,3.56049462042015
590.921169171841,224.976861551751,3.89752733685936
440.690935105235,458.340326257783,4.74687955364155
660.800344982966,373.515971488579,2.85974408704341
104.750989432079,490.923659128026,4.26092523802239
622.991304751584,91.7942706763779,4.10535674929068
417.283323775278,259.554084357341,3.54425906170741
10.9101530627821,183.640229166878,3.21986712182275
76.7719420228112,117.031216268338,4.48751559787538
602.865726392212,199.485349418821,4.22557732088798
262.595059899054,222.487594038525,3.76597265758829
564.642378241288,439.120358342282,3.71546748320773
303.918864322182,135.323497426696,3.74238498767217
534.283719745371,454.165706126972,3.64579165891069
41.3857262596461,408.831480960759,3.8692838463019
188.517678634892,287.513985518163,4.26462465206594
542.900755122677,263.654202043733,3.8022058826883
180.713167292875,41.4425931514854,4.48952942696991
491.200278753961,349.154568441109,4.59282659215206
43.6091304470202,57.3999460595801,3.71655054253595
527.48560626349,137.731385042922,4.41612761577072
NA,NA,NA
661.960387600326,335.949834464224,3.56542913723007
460.209309699061,295.882221904755,3.60984359822022
12.8228787308853,496.211628460105,3.75620172902126
560.783819688479,53.5687224253996,4.08586078110326
68.9141494914176,377.650467328517,3.86644065796213
231.466432204933,416.595930350295,3.83411642742667
429.703698532765,12.2331613344674,3.36030698897644
362.41066341778,292.272028405422,3.00396848837371
604.614355662605,102.816797273098,4.07755385825005
396.856789704726,224.205514592432,4.20844621479414
570.917678209213,416.581342961721,4.74359440332783
139.124328277129,281.12197433821,4.60393601995482
203.044308649553,370.620465192249,4.03659942544733
128.77552460953,412.17719352925,3.50405285141169
623.156136564084,312.602263556682,4.59530553121489
-2.00120595061383,148.670228777527,4.21998935035255
543.250778861764,201.228682196331,4.1522635234362
33.8275836412135,491.550532241324,2.99159702166661
278.902713250877,23.7478825390846,3.95587580640973
535.675101680091,393.16651351113,3.27458078959181
77.1118216108624,75.0428331610984,5.28854253794325
3.49712100504772,75.5009128339235,3.56049462042015
590.921169171841,224.976861551751,3.89752733685936
440.690935105235,458.340326257783,4.74687955364155
660.800344982966,373.515971488579,2.85974408704341
104.750989432079,490.923659128026,4.26092523802239
622.991304751584,91.7942706763779,4.10535674929068
417.283323775278,259.554084357341,3.54425906170741
10.9101530627821,183.640229166878,3.21986712182275
76.7719420228112,117.031216268338,4.48751559787538
602.865726392212,199.485349418821,4.22557732088798
262.595059899054,222.487594038525,3.76597265758829
564.642378241288,439.120358342282,3.71546748320773
303.918864322182,135.323497426696,3.74238498767217
534.283719745371,454.165706126972,3.64579165891069
41.3857262596461,408.831480960759,3.8692838463019
188.517678634892,287.513985518163,4.26462465206594
542.900755122677,263.654202043733,3.8022058826883
180.713167292875,41.4425931514854,4.48952942696991
491.200278753961,349.154568441109,4.59282659215206
43.6091304470202,57.3999460595801,3.71655054253595
527.48560626349,137.731385042922,4.41612761577072
NA,NA,NA
661.669479234568,332.673423513292,3.48283990775091
458.02827761774,301.32325527364,3.6545606216616
9.86566550211106,498.836692486286,3.60555135924542
557.920447932232,50.8275708551913,4.22740516499638
70.8986565430156,374.379388326788,4.07593493813656
231.101904833934,416.801568645094,3.87662480663632
428.761886065074,10.1483389839925,3.33101381448051
360.604625370935,293.818306845346,3.10687336391525
600.464084457937,106.048512866206,4.16895305362087
390.573983507954,234.682971776204,4.26171872391069
570.835831919453,408.770209873338,4.71791234127615
143.461166671469,286.424592716969,4.50536891064758
196.725120506374,363.802026419342,4.01414085575811
125.127281750287,412.369011812475,3.47442046969939
629.963344872473,315.855135318751,4.59954334527023
-4.22401825109483,146.189326747998,4.17974634516712
541.653986205572,206.458509523748,4.23449194440966
33.2753236669976,491.558627754375,3.14127760576615
279.864894526428,19.4184381253345,3.91137024400113
532.329905585982,390.400052815109,3.33942169689472
70.472965257232,78.3283211318601,5.2493265502838
5.03981013470793,70.4869558289726,3.46649841369868
588.540743068434,228.976956328308,4.03833596082961
436.1827319646,462.497387342202,4.83507337338486
660.254390380165,372.865866620994,2.99376477697998
112.041032330431,484.932072995695,4.2129983896971
626.962689179971,89.8896615750285,4.12720621835945
419.994615333785,258.526038834346,3.596433525074
12.0143987256117,182.697481057098,3.35697580045907
58.7144251459659,121.119162338873,4.41869749026705
613.14080873639,198.511115296055,3.93562154548574
264.461995365927,207.506399222609,3.87633522908876
573.438571229522,431.327904120678,3.84924025657676
298.718302536192,136.883420862427,4.09035638218701
528.499852488115,456.590851272717,3.64886286108493
40.0990266469954,420.963998014421,3.77925996404028
197.191339581156,280.936334440332,3.89276518797029
550.181265572661,252.023219536951,3.6024762416677
163.947522759738,2.92176510430502,4.1290356123418
491.343549893257,344.783042865116,4.38158263527334
36.8871219642416,46.9545869308206,3.95192017687947
513.071970031176,142.039658100399,4.50818312131261
NA,NA,NA
661.669479234568,332.673423513292,3.48283990775091
458.02827761774,301.32325527364,3.6545606216616
9.86566550211106,498.836692486286,3.60555135924542
557.920447932232,50.8275708551913,4.22740516499638
70.8986565430156,374.379388326788,4.07593493813656
231.101904833934,416.801568645094,3.87662480663632
428.761886065074,10.1483389839925,3.33101381448051
360.604625370935,293.818306845346,3.10687336391525
600.464084457937,106.048512866206,4.16895305362087
390.573983507954,234.682971776204,4.26171872391069
570.835831919453,408.770209873338,4.71791234127615
143.461166671469,286.424592716969,4.50536891064758
196.725120506374,363.802026419342,4.01414085575811
125.127281750287,412.369011812475,3.47442046969939
629.963344872473,315.855135318751,4.59954334527023
-4.22401825109483,146.189326747998,4.17974634516712
541.653986205572,206.458509523748,4.23449194440966
33.2753236669976,491.558627754375,3.14127760576615
279.864894526428,19.4184381253345,3.91137024400113
532.329905585982,390.400052815109,3.33942169689472
70.472965257232,78.3283211318601,5.2493265502838
5.03981013470793,70.4869558289726,3.46649841369868
588.540743068434,228.976956328308,4.03833596082961
436.1827319646,462.497387342202,4.83507337338486
660.254390380165,372.865866620994,2.99376477697998
112.041032330431,484.932072995695,4.2129983896971
626.962689179971,89.8896615750285,4.12720621835945
419.994615333785,258.526038834346,3.596433525074
12.0143987256117,182.697481057098,3.35697580045907
58.7144251459659,121.119162338873,4.41869749026705
613.14080873639,198.511115296055,3.93562154548574
264.461995365927,207.506399222609,3.87633522908876
573.438571229522,431.327904120678,3.84924025657676
298.718302536192,136.883420862427,4.09035638218701
528.499852488115,456.590851272717,3.64886286108493
40.0990266469954,420.963998014421,3.77925996404028
197.191339581156,280.936334440332,3.89276518797029
550.181265572661,252.023219536951,3.6024762416677
163.947522759738,2.92176510430502,4.1290356123418
491.343549893257,344.783042865116,4.38158263527334
36.8871219642416,46.9545869308206,3.95192017687947
513.071970031176,142.039658100399,4.50818312131261
NA,NA,NA
661.669479234568,332.673423513292,3.48283990775091
458.02827761774,301.32325527364,3.6545606216616
9.86566550211106,498.836692486286,3.60555135924542
557.920447932232,50.8275708551913,4.22740516499638
70.8986565430156,374.379388326788,4.07593493813656
231.101904833934,416.801568645094,3.87662480663632
428.761886065074,10.1483389839925,3.33101381448051
360.604625370935,293.818306845346,3.10687336391525
600.464084457937,106.048512866206,4.16895305362087
390.573983507954,234.682971776204,4.26171872391069
570.835831919453,408.770209873338,4.71791234127615
143.461166671469,286.424592716969,4.50536891064758
196.725120506374,363.802026419342,4.01414085575811
125.127281750287,412.369011812475,3.47442046969939
629.963344872473,315.855135318751,4.59954334527023
-4.22401825109483,146.189326747998,4.17974634516712
541.653986205572,206.458509523748,4.23449194440966
33.2753236669976,491.558627754375,3.14127760576615
279.864894526428,19.4184381253345,3.91137024400113
532.329905585982,390.400052815109,3.33942169689472
70.472965257232,78.3283211318601,5.2493265502838
5.03981013470793,70.4869558289726,3.46649841369868
588.540743068434,228.976956328308,4.03833596082961
436.1827319646,462.497387342202,4.83507337338486
660.254390380165,372.865866620994,2.99376477697998
112.041032330431,484.932072995695,4.2129983896971
626.962689179971,89.8896615750285,4.12720621835945
419.994615333785,258.526038834346,3.596433525074
12.0143987256117,182.697481057098,3.35697580045907
58.7144251459659,121.119162338873,4.41869749026705
613.14080873639,198.511115296055,3.93562154548574
264.461995365927,207.506399222609,3.87633522908876
573.438571229522,431.327904120678,3.84924025657676
298.718302536192,136.883420862427,4.09035638218701
528.499852488115,456.590851272717,3.64886286108493
40.0990266469954,420.963998014421,3.77925996404028
197.191339581156,280.936334440332,3.89276518797029
550.181265572661,252.023219536951,3.6024762416677
163.947522759738,2.92176510430502,4.1290356123418
491.343549893257,344.783042865116,4.38158263527334
36.8871219642416,46.9545869308206,3.95192017687947
513.071970031176,142.039658100399,4.50818312131261
NA,NA,NA
661.669479234568,332.673423513292,3.48283990775091
458.02827761774,301.32325527364,3.6545606216616
9.86566550211106,498.836692486286,3.60555135924542
557.920447932232,50.8275708551913,4.22740516499638
70.8986565430156,374.379388326788,4.07593493813656
231.101904833934,416.801568645094,3.87662480663632
428.761886065074,10.1483389839925,3.33101381448051
360.604625370935,293.818306845346,3.10687336391525
600.464084457937,106.048512866206,4.16895305362087
390.573983507954,234.682971776204,4.26171872391069
570.835831919453,408.770209873338,4.71791234127615
143.461166671469,286.424592716969,4.50536891064758
196.725120506374,363.802026419342,4.01414085575811
125.127281750287,412.369011812475,3.47442046969939
629.963344872473,315.855135318751,4.59954334527023
-4.22401825109483,146.189326747998,4.17974634516712
541.653986205572,206.458509523748,4.23449194440966
33.2753236669976,491.558627754375,3.14127760576615
279.864894526428,19.4184381253345,3.91137024400113
532.329905585982,390.400052815109,3.33942169689472
70.472965257232,78.3283211318601,5.2493265502838
5.03981013470793,70.4869558289726,3.46649841369868
588.540743068434,228.976956328308,4.03833596082961
436.1827319646,462.497387342202,4.83507337338486
660.254390380165,372.865866620994,2.99376477697998
112.041032330431,484.932072995695,4.2129983896971
626.962689179971,89.8896615750285,4.12720621835945
419.994615333785,258.526038834346,3.596433525074
12.0143987256117,182.697481057098,3.35697580045907
58.7144251459659,121.119162338873,4.41869749026705
613.14080873639,198.511115296055,3.93562154548574
264.461995365927,207.506399222609,3.87633522908876
573.438571229522,431.327904120678,3.84924025657676
298.718302536192,136.883420862427,4.09035638218701
528.499852488115,456.590851272717,3.64886286108493
40.0990266469954,420.963998014421,3.77925996404028
197.191339581156,280.936334440332,3.89276518797029
550.181265572661,252.023219536951,3.6024762416677
163.947522759738,2.92176510430502,4.1290356123418
491.343549893257,344.783042865116,4.38158263527334
36.8871219642416,46.9545869308206,3.95192017687947
513.071970031176,142.039658100399,4.50818312131261
NA,NA,NA
661.669479234568,332.673423513292,3.48283990775091
458.02827761774,301.32325527364,3.6545606216616
9.86566550211106,498.836692486286,3.60555135924542
557.920447932232,50.8275708551913,4.22740516499638
70.8986565430156,374.379388326788,4.07593493813656
231.101904833934,416.801568645094,3.87662480663632
428.761886065074,10.1483389839925,3.33101381448051
360.604625370935,293.818306845346,3.10687336391525
600.464084457937,106.048512866206,4.16895305362087
390.573983507954,234.682971776204,4.26171872391069
570.835831919453,408.770209873338,4.71791234127615
143.461166671469,286.424592716969,4.50536891064758
196.725120506374,363.802026419342,4.01414085575811
125.127281750287,412.369011812475,3.47442046969939
629.963344872473,315.855135318751,4.59954334527023
-4.22401825109483,146.189326747998,4.17974634516712
541.653986205572,206.458509523748,4.23449194440966
33.2753236669976,491.558627754375,3.14127760576615
279.864894526428,19.4184381253345,3.91137024400113
532.329905585982,390.400052815109,3.33942169689472
70.472965257232,78.3283211318601,5.2493265502838
5.03981013470793,70.4869558289726,3.46649841369868
588.540743068434,228.976956328308,4.03833596082961
436.1827319646,462.497387342202,4.83507337338486
660.254390380165,372.865866620994,2.99376477697998
112.041032330431,484.932072995695,4.2129983896971
626.962689179971,89.8896615750285,4.12720621835945
419.994615333785,258.526038834346,3.596433525074
12.0143987256117,182.697481057098,3.35697580045907
58.7144251459659,121.119162338873,4.41869749026705
613.14080873639,198.511115296055,3.93562154548574
264.461995365927,207.506399222609,3.87633522908876
573.438571229522,431.327904120678,3.84924025657676
298.718302536192,136.883420862427,4.09035638218701
528.499852488115,456.590851272717,3.64886286108493
40.0990266469954,420.963998014421,3.77925996404028
197.191339581156,280.936334440332,3.89276518797029
550.181265572661,252.023219536951,3.6024762416677
163.947522759738,2.92176510430502,4.1290356123418
491.343549893257,344.783042865116,4.38158263527334
36.8871219642416,46.9545869308206,3.95192017687947
513.071970031176,142.039658100399,4.50818312131261
NA,NA,NA
661.669479234568,332.673423513292,3.48283990775091
458.02827761774,301.32325527364,3.6545606216616
9.86566550211106,498.836692486286,3.60555135924542
557.920447932232,50.8275708551913,4.22740516499638
70.8986565430156,374.379388326788,4.07593493813656
231.101904833934,416.801568645094,3.87662480663632
428.761886065074,10.1483389839925,3.33101381448051
360.604625370935,293.818306845346,3.10687336391525
600.464084457937,106.048512866206,4.16895305362087
390.573983507954,234.682971776204,4.26171872391069
570.835831919453,408.770209873338,4.71791234127615
143.461166671469,286.424592716969,4.50536891064758
196.725120506374,363.802026419342,4.01414085575811
125.127281750287,412.369011812475,3.47442046969939
629.963344872473,315.855135318751,4.59954334527023
-4.22401825109483,146.189326747998,4.17974634516712
541.653986205572,206.458509523748,4.23449194440966
33.2753236669976,491.558627754375,3.14127760576615
279.864894526428,19.4184381253345,3.91137024400113
532.329905585982,390.400052815109,3.33942169689472
70.472965257232,78.3283211318601,5.2493265502838
5.03981013470793,70.4869558289726,3.46649841369868
588.540743068434,228.976956328308,4.03833596082961
436.1827319646,462.497387342202,4.83507337338486
660.254390380165,372.865866620994,2.99376477697998
112.041032330431,484.932072995695,4.2129983896971
626.962689179971,89.8896615750285,4.12720621835945
419.994615333785,258.526038834346,3.596433525074
12.0143987256117,182.697481057098,3.35697580045907
58.7144251459659,121.119162338873,4.41869749026705
613.14080873639,198.511115296055,3.93562154548574
264.461995365927,207.506399222609,3.87633522908876
573.438571229522,431.327904120678,3.84924025657676
298.718302536192,136.883420862427,4.09035638218701
528.499852488115,456.590851272717,3.64886286108493
40.0990266469954,420.963998014421,3.77925996404028
197.191339581156,280.936334440332,3.89276518797029
550.181265572661,252.023219536951,3.6024762416677
163.947522759738,2.92176510430502,4.1290356123418
491.343549893257,344.783042865116,4.38158263527334
36.8871219642416,46.9545869308206,3.95192017687947
513.071970031176,142.039658100399,4.50818312131261
NA,NA,NA
660.044391897342,334.325599070112,3.47168673233867
454.023355186677,298.461551888437,3.68979072388473
12.7970046250377,494.044961294609,3.53429472504447
562.823739184276,44.9115873310531,4.29366142291311
76.2118989595087,375.974226055312,3.9343911915828
230.463466461297,411.293518247827,3.89329025530013
430.860031241939,13.6889263047784,3.37919755633286
360.024651183317,291.838596129462,3.20860245696311
604.980435831715,102.91121783878,4.17288569971744
390.838013735279,227.868804761882,4.23192785893603
569.238557464289,404.52790757462,4.72286569473209
141.467253251798,284.052316772113,4.71814482799978
197.587603098522,368.981610521433,4.01298080756048
125.692345349412,411.235438478683,3.32821485864682
624.144107168987,315.076458165808,4.59172550045547
-0.0433551078358776,147.446072654156,4.17117901205582
541.599031754205,207.078510347783,4.25126686785968
33.1181234704069,490.37000837008,2.96085332208785
279.5971987857,20.8102705060382,3.87171306595037
534.471095372465,394.845180700791,3.30818122746244
71.7032111036868,76.4625135044555,5.22943234636625
5.09755105532244,76.2413308078702,3.65689833990594
591.741634640356,231.903815196165,4.08702114215995
436.9725780333,458.591348717972,4.76138973021055
658.505999298806,375.117444610147,3.14630289658553
106.768856643749,488.067254622457,4.40046891277724
625.239748128913,93.043501264825,4.11506150575737
422.753311968085,258.084005897835,3.69275113817251
11.6629809332259,180.806705178181,3.29431519172354
78.827385642544,109.420650169497,4.62080439765963
612.76859658678,202.228869999952,4.02984288844889
262.47962815768,226.916678954599,3.82930686914678
576.003716778482,445.458564366888,3.70630546774754
303.327557023946,138.717802949057,3.80011489140228
537.910419565612,464.478145987135,3.5976093111497
46.524647400608,414.809510673347,3.87844788267799
204.261447192491,290.252837821166,4.13740080009307
550.138493002834,268.338787915652,3.63587559227736
184.770239722268,26.5999399834815,4.17512872837575
512.23690729109,350.192954865665,4.54657432683911
35.7359782202865,54.1098684994926,3.88739042563643
534.780690154889,166.440988905843,4.53859847133263
NA,NA,NA
660.044391897342,334.325599070112,3.47168673233867
454.023355186677,298.461551888437,3.68979072388473
12.7970046250377,494.044961294609,3.53429472504447
562.823739184276,44.9115873310531,4.29366142291311
76.2118989595087,375.974226055312,3.9343911915828
230.463466461297,411.293518247827,3.89329025530013
430.860031241939,13.6889263047784,3.37919755633286
360.024651183317,291.838596129462,3.20860245696311
604.980435831715,102.91121783878,4.17288569971744
390.838013735279,227.868804761882,4.23192785893603
569.238557464289,404.52790757462,4.72286569473209
141.467253251798,284.052316772113,4.71814482799978
197.587603098522,368.981610521433,4.01298080756048
125.692345349412,411.235438478683,3.32821485864682
624.144107168987,315.076458165808,4.59172550045547
-0.0433551078358776,147.446072654156,4.17117901205582
541.599031754205,207.078510347783,4.25126686785968
33.1181234704069,490.37000837008,2.96085332208785
279.5971987857,20.8102705060382,3.87171306595037
534.471095372465,394.845180700791,3.30818122746244
71.7032111036868,76.4625135044555,5.22943234636625
5.09755105532244,76.2413308078702,3.65689833990594
591.741634640356,231.903815196165,4.08702114215995
436.9725780333,458.591348717972,4.76138973021055
658.505999298806,375.117444610147,3.14630289658553
106.768856643749,488.067254622457,4.40046891277724
625.239748128913,93.043501264825,4.11506150575737
422.753311968085,258.084005897835,3.69275113817251
11.6629809332259,180.806705178181,3.29431519172354
78.827385642544,109.420650169497,4.62080439765963
612.76859658678,202.228869999952,4.02984288844889
262.47962815768,226.916678954599,3.82930686914678
576.003716778482,445.458564366888,3.70630546774754
303.327557023946,138.717802949057,3.80011489140228
537.910419565612,464.478145987135,3.5976093111497
46.524647400608,414.809510673347,3.87844788267799
204.261447192491,290.252837821166,4.13740080009307
550.138493002834,268.338787915652,3.63587559227736
184.770239722268,26.5999399834815,4.17512872837575
512.23690729109,350.192954865665,4.54657432683911
35.7359782202865,54.1098684994926,3.88739042563643
534.780690154889,166.440988905843,4.53859847133263
NA,NA,NA
660.044391897342,334.325599070112,3.47168673233867
454.023355186677,298.461551888437,3.68979072388473
12.7970046250377,494.044961294609,3.53429472504447
562.823739184276,44.9115873310531,4.29366142291311
76.2118989595087,375.974226055312,3.9343911915828
230.463466461297,411.293518247827,3.89329025530013
430.860031241939,13.6889263047784,3.37919755633286
360.024651183317,291.838596129462,3.20860245696311
604.980435831715,102.91121783878,4.17288569971744
390.838013735279,227.868804761882,4.23192785893603
569.238557464289,404.52790757462,4.72286569473209
141.467253251798,284.052316772113,4.71814482799978
197.587603098522,368.981610521433,4.01298080756048
125.692345349412,411.235438478683,3.32821485864682
624.144107168987,315.076458165808,4.59172550045547
-0.0433551078358776,147.446072654156,4.17117901205582
541.599031754205,207.078510347783,4.25126686785968
33.1181234704069,490.37000837008,2.96085332208785
279.5971987857,20.8102705060382,3.87171306595037
534.471095372465,394.845180700791,3.30818122746244
71.7032111036868,76.4625135044555,5.22943234636625
5.09755105532244,76.2413308078702,3.65689833990594
591.741634640356,231.903815196165,4.08702114215995
436.9725780333,458.591348717972,4.76138973021055
658.505999298806,375.117444610147,3.14630289658553
106.768856643749,488.067254622457,4.40046891277724
625.239748128913,93.043501264825,4.11506150575737
422.753311968085,258.084005897835,3.69275113817251
11.6629809332259,180.806705178181,3.29431519172354
78.827385642544,109.420650169497,4.62080439765963
612.76859658678,202.228869999952,4.02984288844889
262.47962815768,226.916678954599,3.82930686914678
576.003716778482,445.458564366888,3.70630546774754
303.327557023946,138.717802949057,3.80011489140228
537.910419565612,464.478145987135,3.5976093111497
46.524647400608,414.809510673347,3.87844788267799
204.261447192491,290.252837821166,4.13740080009307
550.138493002834,268.338787915652,3.63587559227736
184.770239722268,26.5999399834815,4.17512872837575
512.23690729109,350.192954865665,4.54657432683911
35.7359782202865,54.1098684994926,3.88739042563643
534.780690154889,166.440988905843,4.53859847133263
NA,NA,NA
660.044391897342,334.325599070112,3.47168673233867
454.023355186677,298.461551888437,3.68979072388473
12.7970046250377,494.044961294609,3.53429472504447
562.823739184276,44.9115873310531,4.29366142291311
76.2118989595087,375.974226055312,3.9343911915828
230.463466461297,411.293518247827,3.89329025530013
430.860031241939,13.6889263047784,3.37919755633286
360.024651183317,291.838596129462,3.20860245696311
604.980435831715,102.91121783878,4.17288569971744
390.838013735279,227.868804761882,4.23192785893603
569.238557464289,404.52790757462,4.72286569473209
141.467253251798,284.052316772113,4.71814482799978
197.587603098522,368.981610521433,4.01298080756048
125.692345349412,411.235438478683,3.32821485864682
624.144107168987,315.076458165808,4.59172550045547
-0.0433551078358776,147.446072654156,4.17117901205582
541.599031754205,207.078510347783,4.25126686785968
33.1181234704069,490.37000837008,2.96085332208785
279.5971987857,20.8102705060382,3.87171306595037
534.471095372465,394.845180700791,3.30818122746244
71.7032111036868,76.4625135044555,5.22943234636625
5.09755105532244,76.2413308078702,3.65689833990594
591.741634640356,231.903815196165,4.08702114215995
436.9725780333,458.591348717972,4.76138973021055
658.505999298806,375.117444610147,3.14630289658553
106.768856643749,488.067254622457,4.40046891277724
625.239748128913,93.043501264825,4.11506150575737
422.753311968085,258.084005897835,3.69275113817251
11.6629809332259,180.806705178181,3.29431519172354
78.827385642544,109.420650169497,4.62080439765963
612.76859658678,202.228869999952,4.02984288844889
262.47962815768,226.916678954599,3.82930686914678
576.003716778482,445.458564366888,3.70630546774754
303.327557023946,138.717802949057,3.80011489140228
537.910419565612,464.478145987135,3.5976093111497
46.524647400608,414.809510673347,3.87844788267799
204.261447192491,290.252837821166,4.13740080009307
550.138493002834,268.338787915652,3.63587559227736
184.770239722268,26.5999399834815,4.17512872837575
512.23690729109,350.192954865665,4.54657432683911
35.7359782202865,54.1098684994926,3.88739042563643
534.780690154889,166.440988905843,4.53859847133263
NA,NA,NA
660.044391897342,334.325599070112,3.47168673233867
454.023355186677,298.461551888437,3.68979072388473
12.7970046250377,494.044961294609,3.53429472504447
562.823739184276,44.9115873310531,4.29366142291311
76.2118989595087,375.974226055312,3.9343911915828
230.463466461297,411.293518247827,3.89329025530013
430.860031241939,13.6889263047784,3.37919755633286
360.024651183317,291.838596129462,3.20860245696311
604.980435831715,102.91121783878,4.17288569971744
390.838013735279,227.868804761882,4.23192785893603
569.238557464289,404.52790757462,4.72286569473209
141.467253251798,284.052316772113,4.71814482799978
197.587603098522,368.981610521433,4.01298080756048
125.692345349412,411.235438478683,3.32821485864682
624.144107168987,315.076458165808,4.59172550045547
-0.0433551078358776,147.446072654156,4.17117901205582
541.599031754205,207.078510347783,4.25126686785968
33.1181234704069,490.37000837008,2.96085332208785
279.5971987857,20.8102705060382,3.87171306595037
534.471095372465,394.845180700791,3.30818122746244
71.7032111036868,76.4625135044555,5.22943234636625
5.09755105532244,76.2413308078702,3.65689833990594
591.741634640356,231.903815196165,4.08702114215995
436.9725780333,458.591348717972,4.76138973021055
658.505999298806,375.117444610147,3.14630289658553
106.768856643749,488.067254622457,4.40046891277724
625.239748128913,93.043501264825,4.11506150575737
422.753311968085,258.084005897835,3.69275113817251
11.6629809332259,180.806705178181,3.29431519172354
78.827385642544,109.420650169497,4.62080439765963
612.76859658678,202.228869999952,4.02984288844889
262.47962815768,226.916678954599,3.82930686914678
576.003716778482,445.458564366888,3.70630546774754
303.327557023946,138.717802949057,3.80011489140228
537.910419565612,464.478145987135,3.5976093111497
46.524647400608,414.809510673347,3.87844788267799
204.261447192491,290.252837821166,4.13740080009307
550.138493002834,268.338787915652,3.63587559227736
184.770239722268,26.5999399834815,4.17512872837575
512.23690729109,350.192954865665,4.54657432683911
35.7359782202865,54.1098684994926,3.88739042563643
534.780690154889,166.440988905843,4.53859847133263
NA,NA,NA
660.044391897342,334.325599070112,3.47168673233867
454.023355186677,298.461551888437,3.68979072388473
12.7970046250377,494.044961294609,3.53429472504447
562.823739184276,44.9115873310531,4.29366142291311
76.2118989595087,375.974226055312,3.9343911915828
230.463466461297,411.293518247827,3.89329025530013
430.860031241939,13.6889263047784,3.37919755633286
360.024651183317,291.838596129462,3.20860245696311
604.980435831715,102.91121783878,4.17288569971744
390.838013735279,227.868804761882,4.23192785893603
569.238557464289,404.52790757462,4.72286569473209
141.467253251798,284.052316772113,4.71814482799978
197.587603098522,368.981610521433,4.01298080756048
125.692345349412,411.235438478683,3.32821485864682
624.144107168987,315.076458165808,4.59172550045547
-0.0433551078358776,147.446072654156,4.17117901205582
541.599031754205,207.078510347783,4.25126686785968
33.1181234704069,490.37000837008,2.96085332208785
279.5971987857,20.8102705060382,3.87171306595037
534.471095372465,394.845180700791,3.30818122746244
71.7032111036868,76.4625135044555,5.22943234636625
5.09755105532244,76.2413308078702,3.65689833990594
591.741634640356,231.903815196165,4.08702114215995
436.9725780333,458.591348717972,4.76138973021055
658.505999298806,375.117444610147,3.14630289658553
106.768856643749,488.067254622457,4.40046891277724
625.239748128913,93.043501264825,4.11506150575737
422.753311968085,258.084005897835,3.69275113817251
11.6629809332259,180.806705178181,3.29431519172354
78.827385642544,109.420650169497,4.62080439765963
612.76859658678,202.228869999952,4.02984288844889
262.47962815768,226.916678954599,3.82930686914678
576.003716778482,445.458564366888,3.70630546774754
303.327557023946,138.717802949057,3.80011489140228
537.910419565612,464.478145987135,3.5976093111497
46.524647400608,414.809510673347,3.87844788267799
204.261447192491,290.252837821166,4.13740080009307
550.138493002834,268.338787915652,3.63587559227736
184.770239722268,26.5999399834815,4.17512872837575
512.23690729109,350.192954865665,4.54657432683911
35.7359782202865,54.1098684994926,3.88739042563643
534.780690154889,166.440988905843,4.53859847133263
NA,NA,NA
662.777910872893,333.895901451985,3.42620173813604
458.249053076179,301.335085542343,3.78204181567649
11.1239816576288,489.978872510885,3.8023586081644
562.116069172334,54.070412512984,4.00708249268864
70.655594288971,374.683753101544,3.96317570569281
224.170190689177,411.362855419141,3.97566931158486
427.55673333879,12.3679263231401,3.26582486593434
362.400043930606,293.237240398505,3.10048352422266
605.57463063244,97.5912751482344,4.26376142961361
394.410308416442,231.885498139026,4.20501178028651
570.59676902116,410.113350596456,4.73911099672675
139.662623101005,284.061537331507,4.44518505658665
196.545832749071,366.390604810407,4.07941413417745
126.443052911657,410.227592162668,3.39459255470001
626.642715117322,312.917650352746,4.49584988203801
5.48398621445483,147.552611860037,4.26077712667118
540.730514946673,202.723767781398,4.01412423160694
34.8806366571333,491.882532790489,2.82452905847184
277.697270043907,20.3998294348324,3.78951713044998
534.944523192574,393.402329942713,3.4465968407137
66.0319308199937,80.7971293951953,5.16969214525907
4.58108934491265,74.7932729242931,3.55185485404351
588.082311749402,225.562967704115,3.94483178242117
436.550199656386,460.126330612631,4.7230325920897
662.067038321555,370.457784981449,3.21016685082867
104.166890563704,485.537196277495,4.36464004188489
627.346587443131,91.3080599432146,4.10860148014425
420.90998708062,262.142175304762,3.71493612052353
11.0177444358491,181.99725229778,3.25021600465451
65.8463449121558,130.465230836101,4.4725448603972
608.703551640038,205.058447836997,4.23405409759851
262.654464567701,214.714310035935,3.76371219173146
575.572115927361,433.057437598315,4.03340190811758
301.055908171773,141.34030326849,3.82306916338829
535.328992626894,461.893793156037,3.68497403346486
46.1695839686832,425.777402239263,3.94360355888176
204.688738143281,287.475470099717,4.05460025037862
558.468177813526,260.067577936539,3.83327481031265
163.772644875979,19.3000493028939,4.27282567912472
503.973518720893,347.29928707154,4.33881299888376
37.7773402633839,59.1959790205789,3.68705708759962
542.065630038018,157.584172592022,4.60913850251494
NA,NA,NA
662.777910872893,333.895901451985,3.42620173813604
458.249053076179,301.335085542343,3.78204181567649
11.1239816576288,489.978872510885,3.8023586081644
562.116069172334,54.070412512984,4.00708249268864
70.655594288971,374.683753101544,3.96317570569281
224.170190689177,411.362855419141,3.97566931158486
427.55673333879,12.3679263231401,3.26582486593434
362.400043930606,293.237240398505,3.10048352422266
605.57463063244,97.5912751482344,4.26376142961361
394.410308416442,231.885498139026,4.20501178028651
570.59676902116,410.113350596456,4.73911099672675
139.662623101005,284.061537331507,4.44518505658665
196.545832749071,366.390604810407,4.07941413417745
126.443052911657,410.227592162668,3.39459255470001
626.642715117322,312.917650352746,4.49584988203801
5.48398621445483,147.552611860037,4.26077712667118
540.730514946673,202.723767781398,4.01412423160694
34.8806366571333,491.882532790489,2.82452905847184
277.697270043907,20.3998294348324,3.78951713044998
534.944523192574,393.402329942713,3.4465968407137
66.0319308199937,80.7971293951953,5.16969214525907
4.58108934491265,74.7932729242931,3.55185485404351
588.082311749402,225.562967704115,3.94483178242117
436.550199656386,460.126330612631,4.7230325920897
662.067038321555,370.457784981449,3.21016685082867
104.166890563704,485.537196277495,4.36464004188489
627.346587443131,91.3080599432146,4.10860148014425
420.90998708062,262.142175304762,3.71493612052353
11.0177444358491,181.99725229778,3.25021600465451
65.8463449121558,130.465230836101,4.4725448603972
608.703551640038,205.058447836997,4.23405409759851
262.654464567701,214.714310035935,3.76371219173146
575.572115927361,433.057437598315,4.03340190811758
301.055908171773,141.34030326849,3.82306916338829
535.328992626894,461.893793156037,3.68497403346486
46.1695839686832,425.777402239263,3.94360355888176
204.688738143281,287.475470099717,4.05460025037862
558.468177813526,260.067577936539,3.83327481031265
163.772644875979,19.3000493028939,4.27282567912472
503.973518720893,347.29928707154,4.33881299888376
37.7773402633839,59.1959790205789,3.68705708759962
542.065630038018,157.584172592022,4.60913850251494
NA,NA,NA
662.777910872893,333.895901451985,3.42620173813604
458.249053076179,301.335085542343,3.78204181567649
11.1239816576288,489.978872510885,3.8023586081644
562.116069172334,54.070412512984,4.00708249268864
70.655594288971,374.683753101544,3.96317570569281
224.170190689177,411.362855419141,3.97566931158486
427.55673333879,12.3679263231401,3.26582486593434
362.400043930606,293.237240398505,3.10048352422266
605.57463063244,97.5912751482344,4.26376142961361
394.410308416442,231.885498139026,4.20501178028651
570.59676902116,410.113350596456,4.73911099672675
139.662623101005,284.061537331507,4.44518505658665
196.545832749071,366.390604810407,4.07941413417745
126.443052911657,410.227592162668,3.39459255470001
626.642715117322,312.917650352746,4.49584988203801
5.48398621445483,147.552611860037,4.26077712667118
540.730514946673,202.723767781398,4.01412423160694
34.8806366571333,491.882532790489,2.82452905847184
277.697270043907,20.3998294348324,3.78951713044998
534.944523192574,393.402329942713,3.4465968407137
66.0319308199937,80.7971293951953,5.16969214525907
4.58108934491265,74.7932729242931,3.55185485404351
588.082311749402,225.562967704115,3.94483178242117
436.550199656386,460.126330612631,4.7230325920897
662.067038321555,370.457784981449,3.21016685082867
104.166890563704,485.537196277495,4.36464004188489
627.346587443131,91.3080599432146,4.10860148014425
420.90998708062,262.142175304762,3.71493612052353
11.0177444358491,181.99725229778,3.25021600465451
65.8463449121558,130.465230836101,4.4725448603972
608.703551640038,205.058447836997,4.23405409759851
262.654464567701,214.714310035935,3.76371219173146
575.572115927361,433.057437598315,4.03340190811758
301.055908171773,141.34030326849,3.82306916338829
535.328992626894,461.893793156037,3.68497403346486
46.1695839686832,425.777402239263,3.94360355888176
204.688738143281,287.475470099717,4.05460025037862
558.468177813526,260.067577936539,3.83327481031265
163.772644875979,19.3000493028939,4.27282567912472
503.973518720893,347.29928707154,4.33881299888376
37.7773402633839,59.1959790205789,3.68705708759962
542.065630038018,157.584172592022,4.60913850251494
NA,NA,NA
662.777910872893,333.895901451985,3.42620173813604
458.249053076179,301.335085542343,3.78204181567649
11.1239816576288,489.978872510885,3.8023586081644
562.116069172334,54.070412512984,4.00708249268864
70.655594288971,374.683753101544,3.96317570569281
224.170190689177,411.362855419141,3.97566931158486
427.55673333879,12.3679263231401,3.26582486593434
362.400043930606,293.237240398505,3.10048352422266
605.57463063244,97.5912751482344,4.26376142961361
394.410308416442,231.885498139026,4.20501178028651
570.59676902116,410.113350596456,4.73911099672675
139.662623101005,284.061537331507,4.44518505658665
196.545832749071,366.390604810407,4.07941413417745
126.443052911657,410.227592162668,3.39459255470001
626.642715117322,312.917650352746,4.49584988203801
5.48398621445483,147.552611860037,4.26077712667118
540.730514946673,202.723767781398,4.01412423160694
34.8806366571333,491.882532790489,2.82452905847184
277.697270043907,20.3998294348324,3.78951713044998
534.944523192574,393.402329942713,3.4465968407137
66.0319308199937,80.7971293951953,5.16969214525907
4.58108934491265,74.7932729242931,3.55185485404351
588.082311749402,225.562967704115,3.94483178242117
436.550199656386,460.126330612631,4.7230325920897
662.067038321555,370.457784981449,3.21016685082867
104.166890563704,485.537196277495,4.36464004188489
627.346587443131,91.3080599432146,4.10860148014425
420.90998708062,262.142175304762,3.71493612052353
11.0177444358491,181.99725229778,3.25021600465451
65.8463449121558,130.465230836101,4.4725448603972
608.703551640038,205.058447836997,4.23405409759851
262.654464567701,214.714310035935,3.76371219173146
575.572115927361,433.057437598315,4.03340190811758
301.055908171773,141.34030326849,3.82306916338829
535.328992626894,461.893793156037,3.68497403346486
46.1695839686832,425.777402239263,3.94360355888176
204.688738143281,287.475470099717,4.05460025037862
558.468177813526,260.067577936539,3.83327481031265
163.772644875979,19.3000493028939,4.27282567912472
503.973518720893,347.29928707154,4.33881299888376
37.7773402633839,59.1959790205789,3.68705708759962
542.065630038018,157.584172592022,4.60913850251494
303.241389785827,134.251168103487,3.61139571891859
NA,NA,NA
662.777910872893,333.895901451985,3.42620173813604
458.249053076179,301.335085542343,3.78204181567649
11.1239816576288,489.978872510885,3.8023586081644
562.116069172334,54.070412512984,4.00708249268864
70.655594288971,374.683753101544,3.96317570569281
224.170190689177,411.362855419141,3.97566931158486
427.55673333879,12.3679263231401,3.26582486593434
362.400043930606,293.237240398505,3.10048352422266
605.57463063244,97.5912751482344,4.26376142961361
394.410308416442,231.885498139026,4.20501178028651
570.59676902116,410.113350596456,4.73911099672675
139.662623101005,284.061537331507,4.44518505658665
196.545832749071,366.390604810407,4.07941413417745
126.443052911657,410.227592162668,3.39459255470001
626.642715117322,312.917650352746,4.49584988203801
5.48398621445483,147.552611860037,4.26077712667118
540.730514946673,202.723767781398,4.01412423160694
34.8806366571333,491.882532790489,2.82452905847184
277.697270043907,20.3998294348324,3.78951713044998
534.944523192574,393.402329942713,3.4465968407137
66.0319308199937,80.7971293951953,5.16969214525907
4.58108934491265,74.7932729242931,3.55185485404351
588.082311749402,225.562967704115,3.94483178242117
436.550199656386,460.126330612631,4.7230325920897
662.067038321555,370.457784981449,3.21016685082867
104.166890563704,485.537196277495,4.36464004188489
627.346587443131,91.3080599432146,4.10860148014425
420.90998708062,262.142175304762,3.71493612052353
11.0177444358491,181.99725229778,3.25021600465451
65.8463449121558,130.465230836101,4.4725448603972
608.703551640038,205.058447836997,4.23405409759851
262.654464567701,214.714310035935,3.76371219173146
575.572115927361,433.057437598315,4.03340190811758
301.055908171773,141.34030326849,3.82306916338829
535.328992626894,461.893793156037,3.68497403346486
46.1695839686832,425.777402239263,3.94360355888176
204.688738143281,287.475470099717,4.05460025037862
558.468177813526,260.067577936539,3.83327481031265
163.772644875979,19.3000493028939,4.27282567912472
303.241389785827,134.251168103487,3.61139571891859
503.973518720893,347.29928707154,4.33881299888376
37.7773402633839,59.1959790205789,3.68705708759962
542.065630038018,157.584172592022,4.60913850251494
NA,NA,NA
662.777910872893,333.895901451985,3.42620173813604
458.249053076179,301.335085542343,3.78204181567649
11.1239816576288,489.978872510885,3.8023586081644
562.116069172334,54.070412512984,4.00708249268864
70.655594288971,374.683753101544,3.96317570569281
224.170190689177,411.362855419141,3.97566931158486
427.55673333879,12.3679263231401,3.26582486593434
362.400043930606,293.237240398505,3.10048352422266
605.57463063244,97.5912751482344,4.26376142961361
394.410308416442,231.885498139026,4.20501178028651
570.59676902116,410.113350596456,4.73911099672675
139.662623101005,284.061537331507,4.44518505658665
196.545832749071,366.390604810407,4.07941413417745
126.443052911657,410.227592162668,3.39459255470001
626.642715117322,312.917650352746,4.49584988203801
5.48398621445483,147.552611860037,4.26077712667118
540.730514946673,202.723767781398,4.01412423160694
34.8806366571333,491.882532790489,2.82452905847184
277.697270043907,20.3998294348324,3.78951713044998
534.944523192574,393.402329942713,3.4465968407137
66.0319308199937,80.7971293951953,5.16969214525907
4.58108934491265,74.7932729242931,3.55185485404351
588.082311749402,225.562967704115,3.94483178242117
436.550199656386,460.126330612631,4.7230325920897
662.067038321555,370.457784981449,3.21016685082867
104.166890563704,485.537196277495,4.36464004188489
627.346587443131,91.3080599432146,4.10860148014425
420.90998708062,262.142175304762,3.71493612052353
11.0177444358491,181.99725229778,3.25021600465451
65.8463449121558,130.465230836101,4.4725448603972
608.703551640038,205.058447836997,4.23405409759851
262.654464567701,214.714310035935,3.76371219173146
575.572115927361,433.057437598315,4.03340190811758
301.055908171773,141.34030326849,3.82306916338829
535.328992626894,461.893793156037,3.68497403346486
46.1695839686832,425.777402239263,3.94360355888176
204.688738143281,287.475470099717,4.05460025037862
558.468177813526,260.067577936539,3.83327481031265
163.772644875979,19.3000493028939,4.27282567912472
503.973518720893,347.29928707154,4.33881299888376
37.7773402633839,59.1959790205789,3.68705708759962
542.065630038018,157.584172592022,4.60913850251494
303.241389785827,134.251168103487,3.61139571891859
NA,NA,NA
660.532965232206,330.965352477309,3.57676186691874
458.376446372468,304.357475706288,3.62535326532914
9.69899699584786,493.423320819161,3.77617042735956
557.400295907815,51.3330873494265,4.27601459462017
66.4458766186692,374.677795858341,3.93076004220742
225.894652811223,418.164987964315,3.92515869547712
426.384696429725,13.9904734892896,3.35864625926838
359.67303726799,293.137335552067,3.16499806012998
602.961303546346,108.335865993366,4.2097033541284
394.916051565791,225.923946344581,4.28636887648125
567.071629697146,408.837094194351,4.71520005759194
144.961964271993,279.827324595364,4.47875019349923
193.335777379091,366.706933641934,3.97841590193281
129.016140788301,410.758087651936,3.51800655213162
626.044058767408,314.862845776235,4.57288825074895
-2.72755358055402,151.855730138411,4.16921649761577
543.022291609383,208.024638861078,4.27226529576029
33.4204894675994,491.879322937646,2.9373528504079
282.275653911176,21.2827016704841,4.05169966014894
534.02908619449,396.068726804392,3.39913453585512
67.4204841812001,78.9099666190629,5.11733940803948
4.49943821150059,74.6068512379266,3.605853991472
585.635576128303,227.113631036716,3.99794562461404
436.564276189655,455.875043600383,4.76678722728538
660.048918693867,374.542362938483,3.15406798209318
107.124030505414,487.997784137716,4.31509615508966
626.141629826259,92.2931929091011,4.07826823525972
417.96654913983,257.8324741236,3.61213309526644
9.54295326809274,182.728974383928,3.03388151956798
72.413433187995,116.311869449718,4.33400038479265
599.457447778332,206.283042588643,4.55960411864737
257.180117832187,220.485103391168,3.72502580888053
574.106793397823,433.288587032692,3.72695052975636
294.079471667129,145.163160047592,3.80120210694439
526.183447945771,465.331359332422,3.59739473472656
42.9804821750274,423.856024235717,3.91365651787062
200.213841153406,287.570848793558,4.28800555122929
546.593737841635,251.780662591782,3.83907751165374
176.822357379298,26.9761466208626,4.32402512978355
502.213153971843,339.287034532055,4.3797274735701
38.8460209570009,49.6615613092344,3.74214749764067
302.401653672309,135.145733776993,3.88012355093728
535.747372381865,156.275779603463,4.7261742325204
NA,NA,NA
660.532965232206,330.965352477309,3.57676186691874
458.376446372468,304.357475706288,3.62535326532914
9.69899699584786,493.423320819161,3.77617042735956
557.400295907815,51.3330873494265,4.27601459462017
66.4458766186692,374.677795858341,3.93076004220742
225.894652811223,418.164987964315,3.92515869547712
426.384696429725,13.9904734892896,3.35864625926838
359.67303726799,293.137335552067,3.16499806012998
602.961303546346,108.335865993366,4.2097033541284
394.916051565791,225.923946344581,4.28636887648125
567.071629697146,408.837094194351,4.71520005759194
144.961964271993,279.827324595364,4.47875019349923
193.335777379091,366.706933641934,3.97841590193281
129.016140788301,410.758087651936,3.51800655213162
626.044058767408,314.862845776235,4.57288825074895
-2.72755358055402,151.855730138411,4.16921649761577
543.022291609383,208.024638861078,4.27226529576029
33.4204894675994,491.879322937646,2.9373528504079
282.275653911176,21.2827016704841,4.05169966014894
534.02908619449,396.068726804392,3.39913453585512
67.4204841812001,78.9099666190629,5.11733940803948
4.49943821150059,74.6068512379266,3.605853991472
585.635576128303,227.113631036716,3.99794562461404
436.564276189655,455.875043600383,4.76678722728538
660.048918693867,374.542362938483,3.15406798209318
107.124030505414,487.997784137716,4.31509615508966
626.141629826259,92.2931929091011,4.07826823525972
417.96654913983,257.8324741236,3.61213309526644
9.54295326809274,182.728974383928,3.03388151956798
72.413433187995,116.311869449718,4.33400038479265
599.457447778332,206.283042588643,4.55960411864737
257.180117832187,220.485103391168,3.72502580888053
574.106793397823,433.288587032692,3.72695052975636
294.079471667129,145.163160047592,3.80120210694439
526.183447945771,465.331359332422,3.59739473472656
42.9804821750274,423.856024235717,3.91365651787062
200.213841153406,287.570848793558,4.28800555122929
546.593737841635,251.780662591782,3.83907751165374
176.822357379298,26.9761466208626,4.32402512978355
502.213153971843,339.287034532055,4.3797274735701
38.8460209570009,49.6615613092344,3.74214749764067
302.401653672309,135.145733776993,3.88012355093728
535.747372381865,156.275779603463,4.7261742325204
NA,NA,NA
660.532965232206,330.965352477309,3.57676186691874
458.376446372468,304.357475706288,3.62535326532914
9.69899699584786,493.423320819161,3.77617042735956
557.400295907815,51.3330873494265,4.27601459462017
66.4458766186692,374.677795858341,3.93076004220742
225.894652811223,418.164987964315,3.92515869547712
426.384696429725,13.9904734892896,3.35864625926838
359.67303726799,293.137335552067,3.16499806012998
602.961303546346,108.335865993366,4.2097033541284
394.916051565791,225.923946344581,4.28636887648125
567.071629697146,408.837094194351,4.71520005759194
144.961964271993,279.827324595364,4.47875019349923
193.335777379091,366.706933641934,3.97841590193281
129.016140788301,410.758087651936,3.51800655213162
626.044058767408,314.862845776235,4.57288825074895
-2.72755358055402,151.855730138411,4.16921649761577
543.022291609383,208.024638861078,4.27226529576029
33.4204894675994,491.879322937646,2.9373528504079
282.275653911176,21.2827016704841,4.05169966014894
534.02908619449,396.068726804392,3.39913453585512
67.4204841812001,78.9099666190629,5.11733940803948
4.49943821150059,74.6068512379266,3.605853991472
585.635576128303,227.113631036716,3.99794562461404
436.564276189655,455.875043600383,4.76678722728538
660.048918693867,374.542362938483,3.15406798209318
107.124030505414,487.997784137716,4.31509615508966
626.141629826259,92.2931929091011,4.07826823525972
417.96654913983,257.8324741236,3.61213309526644
9.54295326809274,182.728974383928,3.03388151956798
72.413433187995,116.311869449718,4.33400038479265
599.457447778332,206.283042588643,4.55960411864737
257.180117832187,220.485103391168,3.72502580888053
574.106793397823,433.288587032692,3.72695052975636
294.079471667129,145.163160047592,3.80120210694439
526.183447945771,465.331359332422,3.59739473472656
42.9804821750274,423.856024235717,3.91365651787062
200.213841153406,287.570848793558,4.28800555122929
546.593737841635,251.780662591782,3.83907751165374
176.822357379298,26.9761466208626,4.32402512978355
502.213153971843,339.287034532055,4.3797274735701
38.8460209570009,49.6615613092344,3.74214749764067
302.401653672309,135.145733776993,3.88012355093728
535.747372381865,156.275779603463,4.7261742325204
NA,NA,NA
660.532965232206,330.965352477309,3.57676186691874
458.376446372468,304.357475706288,3.62535326532914
9.69899699584786,493.423320819161,3.77617042735956
557.400295907815,51.3330873494265,4.27601459462017
66.4458766186692,374.677795858341,3.93076004220742
225.894652811223,418.164987964315,3.92515869547712
426.384696429725,13.9904734892896,3.35864625926838
359.67303726799,293.137335552067,3.16499806012998
602.961303546346,108.335865993366,4.2097033541284
394.916051565791,225.923946344581,4.28636887648125
567.071629697146,408.837094194351,4.71520005759194
144.961964271993,279.827324595364,4.47875019349923
193.335777379091,366.706933641934,3.97841590193281
129.016140788301,410.758087651936,3.51800655213162
626.044058767408,314.862845776235,4.57288825074895
-2.72755358055402,151.855730138411,4.16921649761577
543.022291609383,208.024638861078,4.27226529576029
33.4204894675994,491.879322937646,2.9373528504079
282.275653911176,21.2827016704841,4.05169966014894
534.02908619449,396.068726804392,3.39913453585512
67.4204841812001,78.9099666190629,5.11733940803948
4.49943821150059,74.6068512379266,3.605853991472
585.635576128303,227.113631036716,3.99794562461404
436.564276189655,455.875043600383,4.76678722728538
660.048918693867,374.542362938483,3.15406798209318
107.124030505414,487.997784137716,4.31509615508966
626.141629826259,92.2931929091011,4.07826823525972
417.96654913983,257.8324741236,3.61213309526644
9.54295326809274,182.728974383928,3.03388151956798
72.413433187995,116.311869449718,4.33400038479265
599.457447778332,206.283042588643,4.55960411864737
257.180117832187,220.485103391168,3.72502580888053
574.106793397823,433.288587032692,3.72695052975636
294.079471667129,145.163160047592,3.80120210694439
526.183447945771,465.331359332422,3.59739473472656
42.9804821750274,423.856024235717,3.91365651787062
200.213841153406,287.570848793558,4.28800555122929
546.593737841635,251.780662591782,3.83907751165374
176.822357379298,26.9761466208626,4.32402512978355
502.213153971843,339.287034532055,4.3797274735701
38.8460209570009,49.6615613092344,3.74214749764067
302.401653672309,135.145733776993,3.88012355093728
535.747372381865,156.275779603463,4.7261742325204
NA,NA,NA
660.532965232206,330.965352477309,3.57676186691874
458.376446372468,304.357475706288,3.62535326532914
9.69899699584786,493.423320819161,3.77617042735956
557.400295907815,51.3330873494265,4.27601459462017
66.4458766186692,374.677795858341,3.93076004220742
225.894652811223,418.164987964315,3.92515869547712
426.384696429725,13.9904734892896,3.35864625926838
359.67303726799,293.137335552067,3.16499806012998
602.961303546346,108.335865993366,4.2097033541284
394.916051565791,225.923946344581,4.28636887648125
567.071629697146,408.837094194351,4.71520005759194
144.961964271993,279.827324595364,4.47875019349923
193.335777379091,366.706933641934,3.97841590193281
129.016140788301,410.758087651936,3.51800655213162
626.044058767408,314.862845776235,4.57288825074895
-2.72755358055402,151.855730138411,4.16921649761577
543.022291609383,208.024638861078,4.27226529576029
33.4204894675994,491.879322937646,2.9373528504079
282.275653911176,21.2827016704841,4.05169966014894
534.02908619449,396.068726804392,3.39913453585512
67.4204841812001,78.9099666190629,5.11733940803948
4.49943821150059,74.6068512379266,3.605853991472
585.635576128303,227.113631036716,3.99794562461404
436.564276189655,455.875043600383,4.76678722728538
660.048918693867,374.542362938483,3.15406798209318
107.124030505414,487.997784137716,4.31509615508966
626.141629826259,92.2931929091011,4.07826823525972
417.96654913983,257.8324741236,3.61213309526644
9.54295326809274,182.728974383928,3.03388151956798
72.413433187995,116.311869449718,4.33400038479265
599.457447778332,206.283042588643,4.55960411864737
257.180117832187,220.485103391168,3.72502580888053
574.106793397823,433.288587032692,3.72695052975636
294.079471667129,145.163160047592,3.80120210694439
526.183447945771,465.331359332422,3.59739473472656
42.9804821750274,423.856024235717,3.91365651787062
200.213841153406,287.570848793558,4.28800555122929
546.593737841635,251.780662591782,3.83907751165374
176.822357379298,26.9761466208626,4.32402512978355
502.213153971843,339.287034532055,4.3797274735701
38.8460209570009,49.6615613092344,3.74214749764067
535.747372381865,156.275779603463,4.7261742325204
302.401653672309,135.145733776993,3.88012355093728
NA,NA,NA
660.532965232206,330.965352477309,3.57676186691874
458.376446372468,304.357475706288,3.62535326532914
9.69899699584786,493.423320819161,3.77617042735956
557.400295907815,51.3330873494265,4.27601459462017
66.4458766186692,374.677795858341,3.93076004220742
225.894652811223,418.164987964315,3.92515869547712
426.384696429725,13.9904734892896,3.35864625926838
359.67303726799,293.137335552067,3.16499806012998
602.961303546346,108.335865993366,4.2097033541284
394.916051565791,225.923946344581,4.28636887648125
567.071629697146,408.837094194351,4.71520005759194
144.961964271993,279.827324595364,4.47875019349923
193.335777379091,366.706933641934,3.97841590193281
129.016140788301,410.758087651936,3.51800655213162
626.044058767408,314.862845776235,4.57288825074895
-2.72755358055402,151.855730138411,4.16921649761577
543.022291609383,208.024638861078,4.27226529576029
33.4204894675994,491.879322937646,2.9373528504079
282.275653911176,21.2827016704841,4.05169966014894
534.02908619449,396.068726804392,3.39913453585512
67.4204841812001,78.9099666190629,5.11733940803948
4.49943821150059,74.6068512379266,3.605853991472
585.635576128303,227.113631036716,3.99794562461404
436.564276189655,455.875043600383,4.76678722728538
660.048918693867,374.542362938483,3.15406798209318
107.124030505414,487.997784137716,4.31509615508966
626.141629826259,92.2931929091011,4.07826823525972
417.96654913983,257.8324741236,3.61213309526644
9.54295326809274,182.728974383928,3.03388151956798
72.413433187995,116.311869449718,4.33400038479265
599.457447778332,206.283042588643,4.55960411864737
257.180117832187,220.485103391168,3.72502580888053
574.106793397823,433.288587032692,3.72695052975636
294.079471667129,145.163160047592,3.80120210694439
526.183447945771,465.331359332422,3.59739473472656
42.9804821750274,423.856024235717,3.91365651787062
200.213841153406,287.570848793558,4.28800555122929
546.593737841635,251.780662591782,3.83907751165374
176.822357379298,26.9761466208626,4.32402512978355
502.213153971843,339.287034532055,4.3797274735701
38.8460209570009,49.6615613092344,3.74214749764067
535.747372381865,156.275779603463,4.7261742325204
302.401653672309,135.145733776993,3.88012355093728
NA,NA,NA
659.320281627323,330.240866448274,3.64392849726244
456.021090636705,297.453522463812,3.7330046662609
12.2469758568439,495.372417512833,3.57647755576742
558.883162885107,48.6206962135426,4.16353012136004
72.4009947670844,376.503596285721,4.06314601745396
230.453499527031,414.841064574453,3.88048957779142
428.197736440446,10.9126841131275,3.32868949544165
360.461191263338,293.726920943808,2.98634973853361
600.91400472292,102.019535816014,4.32316404426138
390.147836909645,223.223067759779,4.22797203180547
575.944944976506,406.073181694409,4.71819276962401
135.734688107047,286.718610380166,4.72895603559653
196.648655790682,366.135062299494,4.06517153520205
121.592175756368,409.233734183503,3.33015234407186
627.034101024405,316.489604465483,4.72793422608879
0.872611849851506,148.115172363326,4.24551680402324
544.234979067191,201.280922820417,4.15739677064795
34.4989585760915,492.556626441128,2.90330154002079
280.506788258735,21.5489168614937,3.99946376651612
535.315852838057,393.590736041685,3.478613674871
68.8910506556863,73.2948486983006,5.28147936105961
9.63522699610506,76.9942964424316,3.62891385352625
585.133532027142,228.211749336221,3.97905673355273
438.577358244591,465.767225233898,4.68216174221726
655.53450997959,373.098749693642,2.89108977543438
105.080593853296,485.816017584398,4.39308005452068
625.86346458487,93.0937564995628,4.06751644730704
421.80024195716,255.38911115443,3.59947926607266
10.9114814450374,180.888734588068,3.16935508872017
71.9390292155175,112.773165785315,4.4340096549716
613.860743926901,199.111666157033,4.17814165408908
256.727512006779,228.719919007527,3.8524068870462
578.404175707989,437.532177605548,4.10774809630039
300.030588966706,129.805057995053,4.03601222867024
537.122570108973,461.615167688139,3.60614301112825
44.9751896197705,419.694781119412,3.66016687061097
200.061426153283,288.482146403749,4.1000043181302
554.248685912991,254.102238094181,3.77344257390167
157.837108111512,31.8108404460784,4.21416074447944
496.495032937466,343.22760192342,4.65771754755812
36.5429715582918,52.9057288280326,3.63288669091463
508.966590794481,148.086727616254,4.87164236703571
302.600625806861,139.648761141206,3.70042291854462
NA,NA,NA
659.320281627323,330.240866448274,3.64392849726244
456.021090636705,297.453522463812,3.7330046662609
12.2469758568439,495.372417512833,3.57647755576742
558.883162885107,48.6206962135426,4.16353012136004
72.4009947670844,376.503596285721,4.06314601745396
230.453499527031,414.841064574453,3.88048957779142
428.197736440446,10.9126841131275,3.32868949544165
360.461191263338,293.726920943808,2.98634973853361
600.91400472292,102.019535816014,4.32316404426138
390.147836909645,223.223067759779,4.22797203180547
575.944944976506,406.073181694409,4.71819276962401
135.734688107047,286.718610380166,4.72895603559653
196.648655790682,366.135062299494,4.06517153520205
121.592175756368,409.233734183503,3.33015234407186
627.034101024405,316.489604465483,4.72793422608879
0.872611849851506,148.115172363326,4.24551680402324
544.234979067191,201.280922820417,4.15739677064795
34.4989585760915,492.556626441128,2.90330154002079
280.506788258735,21.5489168614937,3.99946376651612
535.315852838057,393.590736041685,3.478613674871
68.8910506556863,73.2948486983006,5.28147936105961
9.63522699610506,76.9942964424316,3.62891385352625
585.133532027142,228.211749336221,3.97905673355273
438.577358244591,465.767225233898,4.68216174221726
655.53450997959,373.098749693642,2.89108977543438
105.080593853296,485.816017584398,4.39308005452068
625.86346458487,93.0937564995628,4.06751644730704
421.80024195716,255.38911115443,3.59947926607266
10.9114814450374,180.888734588068,3.16935508872017
71.9390292155175,112.773165785315,4.4340096549716
613.860743926901,199.111666157033,4.17814165408908
256.727512006779,228.719919007527,3.8524068870462
578.404175707989,437.532177605548,4.10774809630039
300.030588966706,129.805057995053,4.03601222867024
537.122570108973,461.615167688139,3.60614301112825
44.9751896197705,419.694781119412,3.66016687061097
200.061426153283,288.482146403749,4.1000043181302
554.248685912991,254.102238094181,3.77344257390167
157.837108111512,31.8108404460784,4.21416074447944
496.495032937466,343.22760192342,4.65771754755812
36.5429715582918,52.9057288280326,3.63288669091463
508.966590794481,148.086727616254,4.87164236703571
302.600625806861,139.648761141206,3.70042291854462
NA,NA,NA
659.320281627323,330.240866448274,3.64392849726244
456.021090636705,297.453522463812,3.7330046662609
12.2469758568439,495.372417512833,3.57647755576742
558.883162885107,48.6206962135426,4.16353012136004
72.4009947670844,376.503596285721,4.06314601745396
230.453499527031,414.841064574453,3.88048957779142
428.197736440446,10.9126841131275,3.32868949544165
360.461191263338,293.726920943808,2.98634973853361
600.91400472292,102.019535816014,4.32316404426138
390.147836909645,223.223067759779,4.22797203180547
575.944944976506,406.073181694409,4.71819276962401
135.734688107047,286.718610380166,4.72895603559653
196.648655790682,366.135062299494,4.06517153520205
121.592175756368,409.233734183503,3.33015234407186
627.034101024405,316.489604465483,4.72793422608879
0.872611849851506,148.115172363326,4.24551680402324
544.234979067191,201.280922820417,4.15739677064795
34.4989585760915,492.556626441128,2.90330154002079
280.506788258735,21.5489168614937,3.99946376651612
535.315852838057,393.590736041685,3.478613674871
68.8910506556863,73.2948486983006,5.28147936105961
9.63522699610506,76.9942964424316,3.62891385352625
585.133532027142,228.211749336221,3.97905673355273
438.577358244591,465.767225233898,4.68216174221726
655.53450997959,373.098749693642,2.89108977543438
105.080593853296,485.816017584398,4.39308005452068
625.86346458487,93.0937564995628,4.06751644730704
421.80024195716,255.38911115443,3.59947926607266
10.9114814450374,180.888734588068,3.16935508872017
71.9390292155175,112.773165785315,4.4340096549716
613.860743926901,199.111666157033,4.17814165408908
256.727512006779,228.719919007527,3.8524068870462
578.404175707989,437.532177605548,4.10774809630039
300.030588966706,129.805057995053,4.03601222867024
537.122570108973,461.615167688139,3.60614301112825
44.9751896197705,419.694781119412,3.66016687061097
200.061426153283,288.482146403749,4.1000043181302
554.248685912991,254.102238094181,3.77344257390167
157.837108111512,31.8108404460784,4.21416074447944
302.600625806861,139.648761141206,3.70042291854462
496.495032937466,343.22760192342,4.65771754755812
36.5429715582918,52.9057288280326,3.63288669091463
508.966590794481,148.086727616254,4.87164236703571
NA,NA,NA
659.320281627323,330.240866448274,3.64392849726244
456.021090636705,297.453522463812,3.7330046662609
12.2469758568439,495.372417512833,3.57647755576742
558.883162885107,48.6206962135426,4.16353012136004
72.4009947670844,376.503596285721,4.06314601745396
230.453499527031,414.841064574453,3.88048957779142
428.197736440446,10.9126841131275,3.32868949544165
360.461191263338,293.726920943808,2.98634973853361
600.91400472292,102.019535816014,4.32316404426138
390.147836909645,223.223067759779,4.22797203180547
575.944944976506,406.073181694409,4.71819276962401
135.734688107047,286.718610380166,4.72895603559653
196.648655790682,366.135062299494,4.06517153520205
121.592175756368,409.233734183503,3.33015234407186
627.034101024405,316.489604465483,4.72793422608879
0.872611849851506,148.115172363326,4.24551680402324
544.234979067191,201.280922820417,4.15739677064795
34.4989585760915,492.556626441128,2.90330154002079
280.506788258735,21.5489168614937,3.99946376651612
535.315852838057,393.590736041685,3.478613674871
68.8910506556863,73.2948486983006,5.28147936105961
9.63522699610506,76.9942964424316,3.62891385352625
585.133532027142,228.211749336221,3.97905673355273
438.577358244591,465.767225233898,4.68216174221726
655.53450997959,373.098749693642,2.89108977543438
105.080593853296,485.816017584398,4.39308005452068
625.86346458487,93.0937564995628,4.06751644730704
421.80024195716,255.38911115443,3.59947926607266
10.9114814450374,180.888734588068,3.16935508872017
71.9390292155175,112.773165785315,4.4340096549716
613.860743926901,199.111666157033,4.17814165408908
256.727512006779,228.719919007527,3.8524068870462
578.404175707989,437.532177605548,4.10774809630039
300.030588966706,129.805057995053,4.03601222867024
537.122570108973,461.615167688139,3.60614301112825
44.9751896197705,419.694781119412,3.66016687061097
200.061426153283,288.482146403749,4.1000043181302
554.248685912991,254.102238094181,3.77344257390167
157.837108111512,31.8108404460784,4.21416074447944
302.600625806861,139.648761141206,3.70042291854462
496.495032937466,343.22760192342,4.65771754755812
36.5429715582918,52.9057288280326,3.63288669091463
508.966590794481,148.086727616254,4.87164236703571
NA,NA,NA
659.320281627323,330.240866448274,3.64392849726244
456.021090636705,297.453522463812,3.7330046662609
12.2469758568439,495.372417512833,3.57647755576742
558.883162885107,48.6206962135426,4.16353012136004
72.4009947670844,376.503596285721,4.06314601745396
230.453499527031,414.841064574453,3.88048957779142
428.197736440446,10.9126841131275,3.32868949544165
360.461191263338,293.726920943808,2.98634973853361
600.91400472292,102.019535816014,4.32316404426138
390.147836909645,223.223067759779,4.22797203180547
575.944944976506,406.073181694409,4.71819276962401
135.734688107047,286.718610380166,4.72895603559653
196.648655790682,366.135062299494,4.06517153520205
121.592175756368,409.233734183503,3.33015234407186
627.034101024405,316.489604465483,4.72793422608879
0.872611849851506,148.115172363326,4.24551680402324
544.234979067191,201.280922820417,4.15739677064795
34.4989585760915,492.556626441128,2.90330154002079
280.506788258735,21.5489168614937,3.99946376651612
535.315852838057,393.590736041685,3.478613674871
68.8910506556863,73.2948486983006,5.28147936105961
9.63522699610506,76.9942964424316,3.62891385352625
585.133532027142,228.211749336221,3.97905673355273
438.577358244591,465.767225233898,4.68216174221726
655.53450997959,373.098749693642,2.89108977543438
105.080593853296,485.816017584398,4.39308005452068
625.86346458487,93.0937564995628,4.06751644730704
421.80024195716,255.38911115443,3.59947926607266
10.9114814450374,180.888734588068,3.16935508872017
71.9390292155175,112.773165785315,4.4340096549716
613.860743926901,199.111666157033,4.17814165408908
256.727512006779,228.719919007527,3.8524068870462
578.404175707989,437.532177605548,4.10774809630039
300.030588966706,129.805057995053,4.03601222867024
537.122570108973,461.615167688139,3.60614301112825
44.9751896197705,419.694781119412,3.66016687061097
200.061426153283,288.482146403749,4.1000043181302
554.248685912991,254.102238094181,3.77344257390167
157.837108111512,31.8108404460784,4.21416074447944
302.600625806861,139.648761141206,3.70042291854462
496.495032937466,343.22760192342,4.65771754755812
36.5429715582918,52.9057288280326,3.63288669091463
508.966590794481,148.086727616254,4.87164236703571
NA,NA,NA
659.320281627323,330.240866448274,3.64392849726244
456.021090636705,297.453522463812,3.7330046662609
12.2469758568439,495.372417512833,3.57647755576742
558.883162885107,48.6206962135426,4.16353012136004
72.4009947670844,376.503596285721,4.06314601745396
230.453499527031,414.841064574453,3.88048957779142
428.197736440446,10.9126841131275,3.32868949544165
360.461191263338,293.726920943808,2.98634973853361
600.91400472292,102.019535816014,4.32316404426138
390.147836909645,223.223067759779,4.22797203180547
575.944944976506,406.073181694409,4.71819276962401
135.734688107047,286.718610380166,4.72895603559653
196.648655790682,366.135062299494,4.06517153520205
121.592175756368,409.233734183503,3.33015234407186
627.034101024405,316.489604465483,4.72793422608879
0.872611849851506,148.115172363326,4.24551680402324
544.234979067191,201.280922820417,4.15739677064795
34.4989585760915,492.556626441128,2.90330154002079
280.506788258735,21.5489168614937,3.99946376651612
535.315852838057,393.590736041685,3.478613674871
68.8910506556863,73.2948486983006,5.28147936105961
9.63522699610506,76.9942964424316,3.62891385352625
585.133532027142,228.211749336221,3.97905673355273
438.577358244591,465.767225233898,4.68216174221726
655.53450997959,373.098749693642,2.89108977543438
105.080593853296,485.816017584398,4.39308005452068
625.86346458487,93.0937564995628,4.06751644730704
421.80024195716,255.38911115443,3.59947926607266
10.9114814450374,180.888734588068,3.16935508872017
71.9390292155175,112.773165785315,4.4340096549716
613.860743926901,199.111666157033,4.17814165408908
256.727512006779,228.719919007527,3.8524068870462
578.404175707989,437.532177605548,4.10774809630039
302.600625806861,139.648761141206,3.70042291854462
537.122570108973,461.615167688139,3.60614301112825
44.9751896197705,419.694781119412,3.66016687061097
200.061426153283,288.482146403749,4.1000043181302
554.248685912991,254.102238094181,3.77344257390167
157.837108111512,31.8108404460784,4.21416074447944
496.495032937466,343.22760192342,4.65771754755812
36.5429715582918,52.9057288280326,3.63288669091463
508.966590794481,148.086727616254,4.87164236703571
NA,NA,NA
660.947943748168,333.911810355823,3.54085346669327
456.31762400884,295.377041410796,3.81095453766815
12.1835868541495,495.769174355173,3.65171850262265
562.933558645652,48.6008137247684,4.30803935369124
74.4185708313874,378.656120218169,3.84037209857739
227.175609827832,414.640470721519,3.91540686323137
425.902757410984,11.5674290632768,3.21683101607728
362.140873643086,292.256183773633,3.04988341715792
607.027233542094,108.918056684022,4.18226666380415
394.594500699887,229.824930740325,4.2084145452959
564.810419497324,412.534204386833,4.69403024015262
142.204036673856,282.481244606977,4.46887073843976
197.263292756076,372.171681300649,4.02423484632557
126.528486545952,415.660477650262,3.39890624707072
624.144478010875,314.389810005695,4.60910155143307
3.89885708640208,153.541036425147,4.21279536061787
545.697613457667,205.803946140504,4.13959127572633
33.9945245381956,491.189214969776,2.94093423026065
279.959178947947,23.9941535260937,4.01392467468238
533.299141467833,392.165634785954,3.43343764235632
79.7728329357425,72.901445600765,5.1242614010685
4.50689385845952,77.1864083095961,3.58016329552021
588.994868623893,225.122170158296,3.96744494378287
441.062636378691,460.320527422161,4.62732619840485
658.101763651758,372.274812421298,3.00503795006852
104.540227489013,493.050680052985,4.31952576634508
623.462171898705,89.4433841609415,4.08659478124654
420.216534352946,257.793392897586,3.68915259035457
11.9333169693438,182.645141837098,3.22278209187346
46.6607457750018,122.747807485408,4.3376872146043
625.917609571717,214.321504448249,4.20607828646252
259.206934475421,213.16787752314,3.63702974041415
575.061932834766,432.220505152654,3.94783044835887
295.89372064177,137.593798084127,4.09255160171663
528.522888863382,453.938132002493,3.6736571170389
39.0890315500438,411.837024912146,3.74571990541545
194.345006462337,293.003966629198,4.06671652454117
555.07903767875,263.552422699548,3.82206376844398
162.910725260683,30.5951569218486,4.53240766511179
503.38618438504,346.739122722917,4.32182082222573
31.3041521944046,58.5080701115615,3.87658594738098
516.743010765545,148.093706660222,4.74688168916597
NA,NA,NA
660.947943748168,333.911810355823,3.54085346669327
456.31762400884,295.377041410796,3.81095453766815
12.1835868541495,495.769174355173,3.65171850262265
562.933558645652,48.6008137247684,4.30803935369124
74.4185708313874,378.656120218169,3.84037209857739
227.175609827832,414.640470721519,3.91540686323137
425.902757410984,11.5674290632768,3.21683101607728
362.140873643086,292.256183773633,3.04988341715792
607.027233542094,108.918056684022,4.18226666380415
394.594500699887,229.824930740325,4.2084145452959
564.810419497324,412.534204386833,4.69403024015262
142.204036673856,282.481244606977,4.46887073843976
197.263292756076,372.171681300649,4.02423484632557
126.528486545952,415.660477650262,3.39890624707072
624.144478010875,314.389810005695,4.60910155143307
3.89885708640208,153.541036425147,4.21279536061787
545.697613457667,205.803946140504,4.13959127572633
33.9945245381956,491.189214969776,2.94093423026065
279.959178947947,23.9941535260937,4.01392467468238
533.299141467833,392.165634785954,3.43343764235632
79.7728329357425,72.901445600765,5.1242614010685
4.50689385845952,77.1864083095961,3.58016329552021
588.994868623893,225.122170158296,3.96744494378287
441.062636378691,460.320527422161,4.62732619840485
658.101763651758,372.274812421298,3.00503795006852
104.540227489013,493.050680052985,4.31952576634508
623.462171898705,89.4433841609415,4.08659478124654
420.216534352946,257.793392897586,3.68915259035457
11.9333169693438,182.645141837098,3.22278209187346
46.6607457750018,122.747807485408,4.3376872146043
625.917609571717,214.321504448249,4.20607828646252
259.206934475421,213.16787752314,3.63702974041415
575.061932834766,432.220505152654,3.94783044835887
295.89372064177,137.593798084127,4.09255160171663
528.522888863382,453.938132002493,3.6736571170389
39.0890315500438,411.837024912146,3.74571990541545
194.345006462337,293.003966629198,4.06671652454117
555.07903767875,263.552422699548,3.82206376844398
162.910725260683,30.5951569218486,4.53240766511179
503.38618438504,346.739122722917,4.32182082222573
31.3041521944046,58.5080701115615,3.87658594738098
516.743010765545,148.093706660222,4.74688168916597
NA,NA,NA
660.947943748168,333.911810355823,3.54085346669327
456.31762400884,295.377041410796,3.81095453766815
12.1835868541495,495.769174355173,3.65171850262265
562.933558645652,48.6008137247684,4.30803935369124
74.4185708313874,378.656120218169,3.84037209857739
227.175609827832,414.640470721519,3.91540686323137
425.902757410984,11.5674290632768,3.21683101607728
362.140873643086,292.256183773633,3.04988341715792
607.027233542094,108.918056684022,4.18226666380415
394.594500699887,229.824930740325,4.2084145452959
564.810419497324,412.534204386833,4.69403024015262
142.204036673856,282.481244606977,4.46887073843976
197.263292756076,372.171681300649,4.02423484632557
126.528486545952,415.660477650262,3.39890624707072
624.144478010875,314.389810005695,4.60910155143307
3.89885708640208,153.541036425147,4.21279536061787
545.697613457667,205.803946140504,4.13959127572633
33.9945245381956,491.189214969776,2.94093423026065
279.959178947947,23.9941535260937,4.01392467468238
533.299141467833,392.165634785954,3.43343764235632
79.7728329357425,72.901445600765,5.1242614010685
4.50689385845952,77.1864083095961,3.58016329552021
588.994868623893,225.122170158296,3.96744494378287
441.062636378691,460.320527422161,4.62732619840485
658.101763651758,372.274812421298,3.00503795006852
104.540227489013,493.050680052985,4.31952576634508
623.462171898705,89.4433841609415,4.08659478124654
420.216534352946,257.793392897586,3.68915259035457
11.9333169693438,182.645141837098,3.22278209187346
46.6607457750018,122.747807485408,4.3376872146043
625.917609571717,214.321504448249,4.20607828646252
259.206934475421,213.16787752314,3.63702974041415
575.061932834766,432.220505152654,3.94783044835887
295.89372064177,137.593798084127,4.09255160171663
528.522888863382,453.938132002493,3.6736571170389
39.0890315500438,411.837024912146,3.74571990541545
194.345006462337,293.003966629198,4.06671652454117
555.07903767875,263.552422699548,3.82206376844398
162.910725260683,30.5951569218486,4.53240766511179
503.38618438504,346.739122722917,4.32182082222573
31.3041521944046,58.5080701115615,3.87658594738098
516.743010765545,148.093706660222,4.74688168916597
NA,NA,NA
660.947943748168,333.911810355823,3.54085346669327
456.31762400884,295.377041410796,3.81095453766815
12.1835868541495,495.769174355173,3.65171850262265
562.933558645652,48.6008137247684,4.30803935369124
74.4185708313874,378.656120218169,3.84037209857739
227.175609827832,414.640470721519,3.91540686323137
425.902757410984,11.5674290632768,3.21683101607728
362.140873643086,292.256183773633,3.04988341715792
607.027233542094,108.918056684022,4.18226666380415
394.594500699887,229.824930740325,4.2084145452959
564.810419497324,412.534204386833,4.69403024015262
142.204036673856,282.481244606977,4.46887073843976
197.263292756076,372.171681300649,4.02423484632557
126.528486545952,415.660477650262,3.39890624707072
624.144478010875,314.389810005695,4.60910155143307
3.89885708640208,153.541036425147,4.21279536061787
545.697613457667,205.803946140504,4.13959127572633
33.9945245381956,491.189214969776,2.94093423026065
279.959178947947,23.9941535260937,4.01392467468238
533.299141467833,392.165634785954,3.43343764235632
79.7728329357425,72.901445600765,5.1242614010685
4.50689385845952,77.1864083095961,3.58016329552021
588.994868623893,225.122170158296,3.96744494378287
441.062636378691,460.320527422161,4.62732619840485
658.101763651758,372.274812421298,3.00503795006852
104.540227489013,493.050680052985,4.31952576634508
623.462171898705,89.4433841609415,4.08659478124654
420.216534352946,257.793392897586,3.68915259035457
11.9333169693438,182.645141837098,3.22278209187346
46.6607457750018,122.747807485408,4.3376872146043
625.917609571717,214.321504448249,4.20607828646252
259.206934475421,213.16787752314,3.63702974041415
575.061932834766,432.220505152654,3.94783044835887
295.89372064177,137.593798084127,4.09255160171663
528.522888863382,453.938132002493,3.6736571170389
39.0890315500438,411.837024912146,3.74571990541545
194.345006462337,293.003966629198,4.06671652454117
555.07903767875,263.552422699548,3.82206376844398
162.910725260683,30.5951569218486,4.53240766511179
503.38618438504,346.739122722917,4.32182082222573
31.3041521944046,58.5080701115615,3.87658594738098
516.743010765545,148.093706660222,4.74688168916597
NA,NA,NA
660.947943748168,333.911810355823,3.54085346669327
456.31762400884,295.377041410796,3.81095453766815
12.1835868541495,495.769174355173,3.65171850262265
562.933558645652,48.6008137247684,4.30803935369124
74.4185708313874,378.656120218169,3.84037209857739
227.175609827832,414.640470721519,3.91540686323137
425.902757410984,11.5674290632768,3.21683101607728
362.140873643086,292.256183773633,3.04988341715792
607.027233542094,108.918056684022,4.18226666380415
394.594500699887,229.824930740325,4.2084145452959
564.810419497324,412.534204386833,4.69403024015262
142.204036673856,282.481244606977,4.46887073843976
197.263292756076,372.171681300649,4.02423484632557
126.528486545952,415.660477650262,3.39890624707072
624.144478010875,314.389810005695,4.60910155143307
3.89885708640208,153.541036425147,4.21279536061787
545.697613457667,205.803946140504,4.13959127572633
33.9945245381956,491.189214969776,2.94093423026065
279.959178947947,23.9941535260937,4.01392467468238
533.299141467833,392.165634785954,3.43343764235632
79.7728329357425,72.901445600765,5.1242614010685
4.50689385845952,77.1864083095961,3.58016329552021
588.994868623893,225.122170158296,3.96744494378287
441.062636378691,460.320527422161,4.62732619840485
658.101763651758,372.274812421298,3.00503795006852
104.540227489013,493.050680052985,4.31952576634508
623.462171898705,89.4433841609415,4.08659478124654
420.216534352946,257.793392897586,3.68915259035457
11.9333169693438,182.645141837098,3.22278209187346
46.6607457750018,122.747807485408,4.3376872146043
625.917609571717,214.321504448249,4.20607828646252
259.206934475421,213.16787752314,3.63702974041415
575.061932834766,432.220505152654,3.94783044835887
295.89372064177,137.593798084127,4.09255160171663
528.522888863382,453.938132002493,3.6736571170389
39.0890315500438,411.837024912146,3.74571990541545
194.345006462337,293.003966629198,4.06671652454117
555.07903767875,263.552422699548,3.82206376844398
162.910725260683,30.5951569218486,4.53240766511179
503.38618438504,346.739122722917,4.32182082222573
31.3041521944046,58.5080701115615,3.87658594738098
516.743010765545,148.093706660222,4.74688168916597
NA,NA,NA
660.947943748168,333.911810355823,3.54085346669327
456.31762400884,295.377041410796,3.81095453766815
12.1835868541495,495.769174355173,3.65171850262265
562.933558645652,48.6008137247684,4.30803935369124
74.4185708313874,378.656120218169,3.84037209857739
227.175609827832,414.640470721519,3.91540686323137
425.902757410984,11.5674290632768,3.21683101607728
362.140873643086,292.256183773633,3.04988341715792
607.027233542094,108.918056684022,4.18226666380415
394.594500699887,229.824930740325,4.2084145452959
564.810419497324,412.534204386833,4.69403024015262
142.204036673856,282.481244606977,4.46887073843976
197.263292756076,372.171681300649,4.02423484632557
126.528486545952,415.660477650262,3.39890624707072
624.144478010875,314.389810005695,4.60910155143307
3.89885708640208,153.541036425147,4.21279536061787
545.697613457667,205.803946140504,4.13959127572633
33.9945245381956,491.189214969776,2.94093423026065
279.959178947947,23.9941535260937,4.01392467468238
533.299141467833,392.165634785954,3.43343764235632
79.7728329357425,72.901445600765,5.1242614010685
4.50689385845952,77.1864083095961,3.58016329552021
588.994868623893,225.122170158296,3.96744494378287
441.062636378691,460.320527422161,4.62732619840485
658.101763651758,372.274812421298,3.00503795006852
104.540227489013,493.050680052985,4.31952576634508
623.462171898705,89.4433841609415,4.08659478124654
420.216534352946,257.793392897586,3.68915259035457
11.9333169693438,182.645141837098,3.22278209187346
46.6607457750018,122.747807485408,4.3376872146043
625.917609571717,214.321504448249,4.20607828646252
259.206934475421,213.16787752314,3.63702974041415
575.061932834766,432.220505152654,3.94783044835887
295.89372064177,137.593798084127,4.09255160171663
528.522888863382,453.938132002493,3.6736571170389
39.0890315500438,411.837024912146,3.74571990541545
194.345006462337,293.003966629198,4.06671652454117
555.07903767875,263.552422699548,3.82206376844398
162.910725260683,30.5951569218486,4.53240766511179
503.38618438504,346.739122722917,4.32182082222573
31.3041521944046,58.5080701115615,3.87658594738098
516.743010765545,148.093706660222,4.74688168916597
NA,NA,NA
660.900651725374,333.561364807902,3.51665117024931
457.221614125225,296.06908471874,3.87803282040639
7.12838450826148,496.293336546552,3.59958027659629
564.796382097053,53.5612256238829,4.26497647789714
67.4409670333325,372.771103696187,4.00975405822887
222.822918738219,415.070182597575,3.7967965925202
427.895390396246,13.3062182997019,3.23003597753718
364.189101202083,290.758558267075,3.0888305574915
608.460889697026,106.876263110269,4.15992239811386
390.687394241574,229.565684909535,4.14389109740645
573.925225532229,405.298009001866,4.73379224073052
138.708983406878,285.75240085927,4.57720837413866
198.986448359337,376.43990436054,4.069067373907
125.162385591886,410.854991502549,3.62993096985981
627.395818587161,310.14639196567,4.53895106957174
2.25129482362872,149.217133177872,4.24947726850731
542.697216552005,201.273086818921,4.0539684371647
36.0426824562556,492.049773439623,3.0861011291714
278.326095796213,25.5195057696109,3.93179520680024
532.98392460062,394.685227484416,3.60221677868861
70.5386483732414,83.8745861965637,5.16896379775701
3.74376252145721,70.1808269255292,3.56795562249292
590.185098288967,224.700717442094,4.10798658714568
442.337630274472,464.896938587894,4.76562381102485
660.65999758153,371.223603787157,3.14838177174927
102.095529165905,490.033862539354,4.36518545976061
621.954512348429,89.847883902126,4.0297272773739
420.970526327463,259.356886750056,3.66256014022502
10.3929661248111,180.880396555749,3.32829859775572
63.7579533593446,115.995857543344,4.54474199577569
604.424914892218,201.655576189318,4.33027427135604
245.658913618419,221.224357287559,3.86895549409386
575.098863408592,436.201415136082,3.96552888126678
300.484526520797,138.018685271211,3.91759837916477
524.763084069076,458.157226592253,3.53310991829225
41.7071059688976,415.382754220722,4.00059929822837
191.139869944874,293.302702982206,4.18334042428068
556.062173014717,262.229970638349,3.75014016546046
165.29973669842,36.7282200290012,3.89680891051794
498.403580128305,336.896690785498,4.72681021882864
33.3995770041946,49.4893333907963,3.78639976965965
521.282704605583,164.557566830253,4.52018571720835
NA,NA,NA
660.900651725374,333.561364807902,3.51665117024931
457.221614125225,296.06908471874,3.87803282040639
7.12838450826148,496.293336546552,3.59958027659629
564.796382097053,53.5612256238829,4.26497647789714
67.4409670333325,372.771103696187,4.00975405822887
222.822918738219,415.070182597575,3.7967965925202
427.895390396246,13.3062182997019,3.23003597753718
364.189101202083,290.758558267075,3.0888305574915
608.460889697026,106.876263110269,4.15992239811386
390.687394241574,229.565684909535,4.14389109740645
573.925225532229,405.298009001866,4.73379224073052
138.708983406878,285.75240085927,4.57720837413866
198.986448359337,376.43990436054,4.069067373907
125.162385591886,410.854991502549,3.62993096985981
627.395818587161,310.14639196567,4.53895106957174
2.25129482362872,149.217133177872,4.24947726850731
542.697216552005,201.273086818921,4.0539684371647
36.0426824562556,492.049773439623,3.0861011291714
278.326095796213,25.5195057696109,3.93179520680024
532.98392460062,394.685227484416,3.60221677868861
70.5386483732414,83.8745861965637,5.16896379775701
3.74376252145721,70.1808269255292,3.56795562249292
590.185098288967,224.700717442094,4.10798658714568
442.337630274472,464.896938587894,4.76562381102485
660.65999758153,371.223603787157,3.14838177174927
102.095529165905,490.033862539354,4.36518545976061
621.954512348429,89.847883902126,4.0297272773739
420.970526327463,259.356886750056,3.66256014022502
10.3929661248111,180.880396555749,3.32829859775572
63.7579533593446,115.995857543344,4.54474199577569
604.424914892218,201.655576189318,4.33027427135604
245.658913618419,221.224357287559,3.86895549409386
575.098863408592,436.201415136082,3.96552888126678
300.484526520797,138.018685271211,3.91759837916477
524.763084069076,458.157226592253,3.53310991829225
41.7071059688976,415.382754220722,4.00059929822837
191.139869944874,293.302702982206,4.18334042428068
556.062173014717,262.229970638349,3.75014016546046
165.29973669842,36.7282200290012,3.89680891051794
498.403580128305,336.896690785498,4.72681021882864
33.3995770041946,49.4893333907963,3.78639976965965
521.282704605583,164.557566830253,4.52018571720835
NA,NA,NA
660.900651725374,333.561364807902,3.51665117024931
457.221614125225,296.06908471874,3.87803282040639
7.12838450826148,496.293336546552,3.59958027659629
564.796382097053,53.5612256238829,4.26497647789714
67.4409670333325,372.771103696187,4.00975405822887
222.822918738219,415.070182597575,3.7967965925202
427.895390396246,13.3062182997019,3.23003597753718
364.189101202083,290.758558267075,3.0888305574915
608.460889697026,106.876263110269,4.15992239811386
390.687394241574,229.565684909535,4.14389109740645
573.925225532229,405.298009001866,4.73379224073052
138.708983406878,285.75240085927,4.57720837413866
198.986448359337,376.43990436054,4.069067373907
125.162385591886,410.854991502549,3.62993096985981
627.395818587161,310.14639196567,4.53895106957174
2.25129482362872,149.217133177872,4.24947726850731
542.697216552005,201.273086818921,4.0539684371647
36.0426824562556,492.049773439623,3.0861011291714
278.326095796213,25.5195057696109,3.93179520680024
532.98392460062,394.685227484416,3.60221677868861
70.5386483732414,83.8745861965637,5.16896379775701
3.74376252145721,70.1808269255292,3.56795562249292
590.185098288967,224.700717442094,4.10798658714568
442.337630274472,464.896938587894,4.76562381102485
660.65999758153,371.223603787157,3.14838177174927
102.095529165905,490.033862539354,4.36518545976061
621.954512348429,89.847883902126,4.0297272773739
420.970526327463,259.356886750056,3.66256014022502
10.3929661248111,180.880396555749,3.32829859775572
63.7579533593446,115.995857543344,4.54474199577569
604.424914892218,201.655576189318,4.33027427135604
245.658913618419,221.224357287559,3.86895549409386
575.098863408592,436.201415136082,3.96552888126678
300.484526520797,138.018685271211,3.91759837916477
524.763084069076,458.157226592253,3.53310991829225
41.7071059688976,415.382754220722,4.00059929822837
191.139869944874,293.302702982206,4.18334042428068
556.062173014717,262.229970638349,3.75014016546046
165.29973669842,36.7282200290012,3.89680891051794
498.403580128305,336.896690785498,4.72681021882864
33.3995770041946,49.4893333907963,3.78639976965965
521.282704605583,164.557566830253,4.52018571720835
NA,NA,NA
660.900651725374,333.561364807902,3.51665117024931
457.221614125225,296.06908471874,3.87803282040639
7.12838450826148,496.293336546552,3.59958027659629
564.796382097053,53.5612256238829,4.26497647789714
67.4409670333325,372.771103696187,4.00975405822887
222.822918738219,415.070182597575,3.7967965925202
427.895390396246,13.3062182997019,3.23003597753718
364.189101202083,290.758558267075,3.0888305574915
608.460889697026,106.876263110269,4.15992239811386
390.687394241574,229.565684909535,4.14389109740645
573.925225532229,405.298009001866,4.73379224073052
138.708983406878,285.75240085927,4.57720837413866
198.986448359337,376.43990436054,4.069067373907
125.162385591886,410.854991502549,3.62993096985981
627.395818587161,310.14639196567,4.53895106957174
2.25129482362872,149.217133177872,4.24947726850731
542.697216552005,201.273086818921,4.0539684371647
36.0426824562556,492.049773439623,3.0861011291714
278.326095796213,25.5195057696109,3.93179520680024
532.98392460062,394.685227484416,3.60221677868861
70.5386483732414,83.8745861965637,5.16896379775701
3.74376252145721,70.1808269255292,3.56795562249292
590.185098288967,224.700717442094,4.10798658714568
442.337630274472,464.896938587894,4.76562381102485
660.65999758153,371.223603787157,3.14838177174927
102.095529165905,490.033862539354,4.36518545976061
621.954512348429,89.847883902126,4.0297272773739
420.970526327463,259.356886750056,3.66256014022502
10.3929661248111,180.880396555749,3.32829859775572
63.7579533593446,115.995857543344,4.54474199577569
604.424914892218,201.655576189318,4.33027427135604
245.658913618419,221.224357287559,3.86895549409386
575.098863408592,436.201415136082,3.96552888126678
300.484526520797,138.018685271211,3.91759837916477
524.763084069076,458.157226592253,3.53310991829225
41.7071059688976,415.382754220722,4.00059929822837
191.139869944874,293.302702982206,4.18334042428068
556.062173014717,262.229970638349,3.75014016546046
165.29973669842,36.7282200290012,3.89680891051794
498.403580128305,336.896690785498,4.72681021882864
33.3995770041946,49.4893333907963,3.78639976965965
521.282704605583,164.557566830253,4.52018571720835
NA,NA,NA
660.900651725374,333.561364807902,3.51665117024931
457.221614125225,296.06908471874,3.87803282040639
7.12838450826148,496.293336546552,3.59958027659629
564.796382097053,53.5612256238829,4.26497647789714
67.4409670333325,372.771103696187,4.00975405822887
222.822918738219,415.070182597575,3.7967965925202
427.895390396246,13.3062182997019,3.23003597753718
364.189101202083,290.758558267075,3.0888305574915
608.460889697026,106.876263110269,4.15992239811386
390.687394241574,229.565684909535,4.14389109740645
573.925225532229,405.298009001866,4.73379224073052
138.708983406878,285.75240085927,4.57720837413866
198.986448359337,376.43990436054,4.069067373907
125.162385591886,410.854991502549,3.62993096985981
627.395818587161,310.14639196567,4.53895106957174
2.25129482362872,149.217133177872,4.24947726850731
542.697216552005,201.273086818921,4.0539684371647
36.0426824562556,492.049773439623,3.0861011291714
278.326095796213,25.5195057696109,3.93179520680024
532.98392460062,394.685227484416,3.60221677868861
70.5386483732414,83.8745861965637,5.16896379775701
3.74376252145721,70.1808269255292,3.56795562249292
590.185098288967,224.700717442094,4.10798658714568
442.337630274472,464.896938587894,4.76562381102485
660.65999758153,371.223603787157,3.14838177174927
102.095529165905,490.033862539354,4.36518545976061
621.954512348429,89.847883902126,4.0297272773739
420.970526327463,259.356886750056,3.66256014022502
10.3929661248111,180.880396555749,3.32829859775572
63.7579533593446,115.995857543344,4.54474199577569
604.424914892218,201.655576189318,4.33027427135604
245.658913618419,221.224357287559,3.86895549409386
575.098863408592,436.201415136082,3.96552888126678
300.484526520797,138.018685271211,3.91759837916477
524.763084069076,458.157226592253,3.53310991829225
41.7071059688976,415.382754220722,4.00059929822837
191.139869944874,293.302702982206,4.18334042428068
556.062173014717,262.229970638349,3.75014016546046
165.29973669842,36.7282200290012,3.89680891051794
498.403580128305,336.896690785498,4.72681021882864
33.3995770041946,49.4893333907963,3.78639976965965
521.282704605583,164.557566830253,4.52018571720835
NA,NA,NA
660.900651725374,333.561364807902,3.51665117024931
457.221614125225,296.06908471874,3.87803282040639
7.12838450826148,496.293336546552,3.59958027659629
564.796382097053,53.5612256238829,4.26497647789714
67.4409670333325,372.771103696187,4.00975405822887
222.822918738219,415.070182597575,3.7967965925202
427.895390396246,13.3062182997019,3.23003597753718
364.189101202083,290.758558267075,3.0888305574915
608.460889697026,106.876263110269,4.15992239811386
390.687394241574,229.565684909535,4.14389109740645
573.925225532229,405.298009001866,4.73379224073052
138.708983406878,285.75240085927,4.57720837413866
198.986448359337,376.43990436054,4.069067373907
125.162385591886,410.854991502549,3.62993096985981
627.395818587161,310.14639196567,4.53895106957174
2.25129482362872,149.217133177872,4.24947726850731
542.697216552005,201.273086818921,4.0539684371647
36.0426824562556,492.049773439623,3.0861011291714
278.326095796213,25.5195057696109,3.93179520680024
532.98392460062,394.685227484416,3.60221677868861
70.5386483732414,83.8745861965637,5.16896379775701
3.74376252145721,70.1808269255292,3.56795562249292
590.185098288967,224.700717442094,4.10798658714568
442.337630274472,464.896938587894,4.76562381102485
660.65999758153,371.223603787157,3.14838177174927
102.095529165905,490.033862539354,4.36518545976061
621.954512348429,89.847883902126,4.0297272773739
420.970526327463,259.356886750056,3.66256014022502
10.3929661248111,180.880396555749,3.32829859775572
63.7579533593446,115.995857543344,4.54474199577569
604.424914892218,201.655576189318,4.33027427135604
245.658913618419,221.224357287559,3.86895549409386
575.098863408592,436.201415136082,3.96552888126678
300.484526520797,138.018685271211,3.91759837916477
524.763084069076,458.157226592253,3.53310991829225
41.7071059688976,415.382754220722,4.00059929822837
191.139869944874,293.302702982206,4.18334042428068
556.062173014717,262.229970638349,3.75014016546046
165.29973669842,36.7282200290012,3.89680891051794
498.403580128305,336.896690785498,4.72681021882864
33.3995770041946,49.4893333907963,3.78639976965965
521.282704605583,164.557566830253,4.52018571720835
NA,NA,NA
666.128678286765,332.875153916542,3.54679650094103
455.753981995104,294.213652349725,3.65749609785736
12.4847100756389,493.888168383802,3.58642226087381
559.279152523539,52.9040733083337,4.23149997688057
71.047242492666,373.07893096712,3.99476600608451
231.678697509517,414.797215095394,3.85879571285802
427.89482853688,12.1384754743173,3.31276860581245
362.702674367345,291.833241010883,3.21167095131752
602.652911727854,107.831802877476,4.22957216524069
393.432652369068,230.700646190707,4.34007838759289
569.394059206536,415.936958177996,4.78377012572445
132.240456156521,275.390785599651,4.51559177437278
199.279656067861,371.77537323182,3.99109631819451
125.207040198331,407.353760822087,3.39828755348593
633.867264877914,314.559555821704,4.42814287488506
-1.20118219347981,146.692186729842,4.38442421017616
540.374147761841,198.309303524534,4.10598504595956
32.8649207835051,491.206110421792,3.0452052409113
281.413998855365,24.431544242616,3.87883675779446
534.4851039831,392.823246198384,3.30898576054964
76.027648994326,76.4336455398531,5.21057111887085
6.69947098986474,75.5605475451103,3.51583104811438
589.997667117923,228.464359618887,4.07743398899919
442.802929984409,464.212882005513,4.72009297164743
658.062979519165,373.632082427803,3.29616323673765
98.7251532214087,491.568703964359,4.34709076710157
621.826840542916,91.0514187062583,4.13728256025032
420.861184017439,255.065472322814,3.6797960378964
11.8152683074235,182.598769307823,3.26472064985182
69.8421668083404,113.248515030972,4.52309877264296
607.975486550483,207.520364798285,4.10354775375265
252.804370734959,214.968342259499,3.59378198586149
575.030553653327,438.381374906883,3.93286061432426
301.447596487738,137.861529915158,3.86891365652542
531.816274751921,457.028927651095,3.55706424988252
52.5718145263079,417.053143927383,3.81643477501842
198.4868685698,288.205565172228,3.95532783471247
553.200643380396,259.29179810543,3.64378580487768
184.215545434638,18.4214386811581,4.57590261358291
502.897610634061,342.005956185048,4.49920697270293
32.1152322316815,52.8051818204526,3.76630943708601
543.736713645556,157.48964621115,4.63726583886005
NA,NA,NA
666.128678286765,332.875153916542,3.54679650094103
455.753981995104,294.213652349725,3.65749609785736
12.4847100756389,493.888168383802,3.58642226087381
559.279152523539,52.9040733083337,4.23149997688057
71.047242492666,373.07893096712,3.99476600608451
231.678697509517,414.797215095394,3.85879571285802
427.89482853688,12.1384754743173,3.31276860581245
362.702674367345,291.833241010883,3.21167095131752
602.652911727854,107.831802877476,4.22957216524069
393.432652369068,230.700646190707,4.34007838759289
569.394059206536,415.936958177996,4.78377012572445
132.240456156521,275.390785599651,4.51559177437278
199.279656067861,371.77537323182,3.99109631819451
125.207040198331,407.353760822087,3.39828755348593
633.867264877914,314.559555821704,4.42814287488506
-1.20118219347981,146.692186729842,4.38442421017616
540.374147761841,198.309303524534,4.10598504595956
32.8649207835051,491.206110421792,3.0452052409113
281.413998855365,24.431544242616,3.87883675779446
534.4851039831,392.823246198384,3.30898576054964
76.027648994326,76.4336455398531,5.21057111887085
6.69947098986474,75.5605475451103,3.51583104811438
589.997667117923,228.464359618887,4.07743398899919
442.802929984409,464.212882005513,4.72009297164743
658.062979519165,373.632082427803,3.29616323673765
98.7251532214087,491.568703964359,4.34709076710157
621.826840542916,91.0514187062583,4.13728256025032
420.861184017439,255.065472322814,3.6797960378964
11.8152683074235,182.598769307823,3.26472064985182
69.8421668083404,113.248515030972,4.52309877264296
607.975486550483,207.520364798285,4.10354775375265
252.804370734959,214.968342259499,3.59378198586149
575.030553653327,438.381374906883,3.93286061432426
301.447596487738,137.861529915158,3.86891365652542
531.816274751921,457.028927651095,3.55706424988252
52.5718145263079,417.053143927383,3.81643477501842
198.4868685698,288.205565172228,3.95532783471247
553.200643380396,259.29179810543,3.64378580487768
184.215545434638,18.4214386811581,4.57590261358291
502.897610634061,342.005956185048,4.49920697270293
32.1152322316815,52.8051818204526,3.76630943708601
543.736713645556,157.48964621115,4.63726583886005
NA,NA,NA
666.128678286765,332.875153916542,3.54679650094103
455.753981995104,294.213652349725,3.65749609785736
12.4847100756389,493.888168383802,3.58642226087381
559.279152523539,52.9040733083337,4.23149997688057
71.047242492666,373.07893096712,3.99476600608451
231.678697509517,414.797215095394,3.85879571285802
427.89482853688,12.1384754743173,3.31276860581245
362.702674367345,291.833241010883,3.21167095131752
602.652911727854,107.831802877476,4.22957216524069
393.432652369068,230.700646190707,4.34007838759289
569.394059206536,415.936958177996,4.78377012572445
132.240456156521,275.390785599651,4.51559177437278
199.279656067861,371.77537323182,3.99109631819451
125.207040198331,407.353760822087,3.39828755348593
633.867264877914,314.559555821704,4.42814287488506
-1.20118219347981,146.692186729842,4.38442421017616
540.374147761841,198.309303524534,4.10598504595956
32.8649207835051,491.206110421792,3.0452052409113
281.413998855365,24.431544242616,3.87883675779446
534.4851039831,392.823246198384,3.30898576054964
76.027648994326,76.4336455398531,5.21057111887085
6.69947098986474,75.5605475451103,3.51583104811438
589.997667117923,228.464359618887,4.07743398899919
442.802929984409,464.212882005513,4.72009297164743
658.062979519165,373.632082427803,3.29616323673765
98.7251532214087,491.568703964359,4.34709076710157
621.826840542916,91.0514187062583,4.13728256025032
420.861184017439,255.065472322814,3.6797960378964
11.8152683074235,182.598769307823,3.26472064985182
69.8421668083404,113.248515030972,4.52309877264296
607.975486550483,207.520364798285,4.10354775375265
252.804370734959,214.968342259499,3.59378198586149
575.030553653327,438.381374906883,3.93286061432426
301.447596487738,137.861529915158,3.86891365652542
531.816274751921,457.028927651095,3.55706424988252
52.5718145263079,417.053143927383,3.81643477501842
198.4868685698,288.205565172228,3.95532783471247
553.200643380396,259.29179810543,3.64378580487768
184.215545434638,18.4214386811581,4.57590261358291
502.897610634061,342.005956185048,4.49920697270293
32.1152322316815,52.8051818204526,3.76630943708601
543.736713645556,157.48964621115,4.63726583886005
NA,NA,NA
666.128678286765,332.875153916542,3.54679650094103
455.753981995104,294.213652349725,3.65749609785736
12.4847100756389,493.888168383802,3.58642226087381
559.279152523539,52.9040733083337,4.23149997688057
71.047242492666,373.07893096712,3.99476600608451
231.678697509517,414.797215095394,3.85879571285802
427.89482853688,12.1384754743173,3.31276860581245
362.702674367345,291.833241010883,3.21167095131752
602.652911727854,107.831802877476,4.22957216524069
393.432652369068,230.700646190707,4.34007838759289
569.394059206536,415.936958177996,4.78377012572445
132.240456156521,275.390785599651,4.51559177437278
199.279656067861,371.77537323182,3.99109631819451
125.207040198331,407.353760822087,3.39828755348593
633.867264877914,314.559555821704,4.42814287488506
-1.20118219347981,146.692186729842,4.38442421017616
540.374147761841,198.309303524534,4.10598504595956
32.8649207835051,491.206110421792,3.0452052409113
281.413998855365,24.431544242616,3.87883675779446
534.4851039831,392.823246198384,3.30898576054964
76.027648994326,76.4336455398531,5.21057111887085
6.69947098986474,75.5605475451103,3.51583104811438
589.997667117923,228.464359618887,4.07743398899919
442.802929984409,464.212882005513,4.72009297164743
658.062979519165,373.632082427803,3.29616323673765
98.7251532214087,491.568703964359,4.34709076710157
621.826840542916,91.0514187062583,4.13728256025032
420.861184017439,255.065472322814,3.6797960378964
11.8152683074235,182.598769307823,3.26472064985182
69.8421668083404,113.248515030972,4.52309877264296
607.975486550483,207.520364798285,4.10354775375265
252.804370734959,214.968342259499,3.59378198586149
575.030553653327,438.381374906883,3.93286061432426
301.447596487738,137.861529915158,3.86891365652542
531.816274751921,457.028927651095,3.55706424988252
52.5718145263079,417.053143927383,3.81643477501842
198.4868685698,288.205565172228,3.95532783471247
553.200643380396,259.29179810543,3.64378580487768
184.215545434638,18.4214386811581,4.57590261358291
502.897610634061,342.005956185048,4.49920697270293
32.1152322316815,52.8051818204526,3.76630943708601
543.736713645556,157.48964621115,4.63726583886005
NA,NA,NA
666.128678286765,332.875153916542,3.54679650094103
455.753981995104,294.213652349725,3.65749609785736
12.4847100756389,493.888168383802,3.58642226087381
559.279152523539,52.9040733083337,4.23149997688057
71.047242492666,373.07893096712,3.99476600608451
231.678697509517,414.797215095394,3.85879571285802
427.89482853688,12.1384754743173,3.31276860581245
362.702674367345,291.833241010883,3.21167095131752
602.652911727854,107.831802877476,4.22957216524069
393.432652369068,230.700646190707,4.34007838759289
569.394059206536,415.936958177996,4.78377012572445
132.240456156521,275.390785599651,4.51559177437278
199.279656067861,371.77537323182,3.99109631819451
125.207040198331,407.353760822087,3.39828755348593
633.867264877914,314.559555821704,4.42814287488506
-1.20118219347981,146.692186729842,4.38442421017616
540.374147761841,198.309303524534,4.10598504595956
32.8649207835051,491.206110421792,3.0452052409113
281.413998855365,24.431544242616,3.87883675779446
534.4851039831,392.823246198384,3.30898576054964
76.027648994326,76.4336455398531,5.21057111887085
6.69947098986474,75.5605475451103,3.51583104811438
589.997667117923,228.464359618887,4.07743398899919
442.802929984409,464.212882005513,4.72009297164743
658.062979519165,373.632082427803,3.29616323673765
98.7251532214087,491.568703964359,4.34709076710157
621.826840542916,91.0514187062583,4.13728256025032
420.861184017439,255.065472322814,3.6797960378964
11.8152683074235,182.598769307823,3.26472064985182
69.8421668083404,113.248515030972,4.52309877264296
607.975486550483,207.520364798285,4.10354775375265
252.804370734959,214.968342259499,3.59378198586149
575.030553653327,438.381374906883,3.93286061432426
301.447596487738,137.861529915158,3.86891365652542
531.816274751921,457.028927651095,3.55706424988252
52.5718145263079,417.053143927383,3.81643477501842
198.4868685698,288.205565172228,3.95532783471247
553.200643380396,259.29179810543,3.64378580487768
184.215545434638,18.4214386811581,4.57590261358291
502.897610634061,342.005956185048,4.49920697270293
32.1152322316815,52.8051818204526,3.76630943708601
543.736713645556,157.48964621115,4.63726583886005
NA,NA,NA
666.128678286765,332.875153916542,3.54679650094103
455.753981995104,294.213652349725,3.65749609785736
12.4847100756389,493.888168383802,3.58642226087381
559.279152523539,52.9040733083337,4.23149997688057
71.047242492666,373.07893096712,3.99476600608451
231.678697509517,414.797215095394,3.85879571285802
427.89482853688,12.1384754743173,3.31276860581245
362.702674367345,291.833241010883,3.21167095131752
602.652911727854,107.831802877476,4.22957216524069
393.432652369068,230.700646190707,4.34007838759289
569.394059206536,415.936958177996,4.78377012572445
132.240456156521,275.390785599651,4.51559177437278
199.279656067861,371.77537323182,3.99109631819451
125.207040198331,407.353760822087,3.39828755348593
633.867264877914,314.559555821704,4.42814287488506
-1.20118219347981,146.692186729842,4.38442421017616
540.374147761841,198.309303524534,4.10598504595956
32.8649207835051,491.206110421792,3.0452052409113
281.413998855365,24.431544242616,3.87883675779446
534.4851039831,392.823246198384,3.30898576054964
76.027648994326,76.4336455398531,5.21057111887085
6.69947098986474,75.5605475451103,3.51583104811438
589.997667117923,228.464359618887,4.07743398899919
442.802929984409,464.212882005513,4.72009297164743
658.062979519165,373.632082427803,3.29616323673765
98.7251532214087,491.568703964359,4.34709076710157
621.826840542916,91.0514187062583,4.13728256025032
420.861184017439,255.065472322814,3.6797960378964
11.8152683074235,182.598769307823,3.26472064985182
69.8421668083404,113.248515030972,4.52309877264296
607.975486550483,207.520364798285,4.10354775375265
252.804370734959,214.968342259499,3.59378198586149
575.030553653327,438.381374906883,3.93286061432426
301.447596487738,137.861529915158,3.86891365652542
531.816274751921,457.028927651095,3.55706424988252
52.5718145263079,417.053143927383,3.81643477501842
198.4868685698,288.205565172228,3.95532783471247
553.200643380396,259.29179810543,3.64378580487768
184.215545434638,18.4214386811581,4.57590261358291
502.897610634061,342.005956185048,4.49920697270293
32.1152322316815,52.8051818204526,3.76630943708601
543.736713645556,157.48964621115,4.63726583886005
NA,NA,NA
660.476594868902,335.055534749515,3.60219417659003
455.290325459372,299.427692025335,3.8682804327427
12.0664949083019,494.596778665946,3.5955590655927
563.591697728235,49.2566583676855,4.2897391898699
70.220710456935,375.0553835793,3.96422301254309
231.983746919375,416.36414609738,3.90466569391069
428.704911672699,11.2879503651995,3.29686751843317
362.705777455212,296.282224112423,3.01322226288321
602.080651058695,109.046121057711,4.07927634972533
389.885259604685,229.770900240245,4.35891816040537
571.426206490055,401.229961753696,4.75021984922975
140.846327585945,277.547892260504,4.46053719448505
205.681283886824,365.873625828742,4.1068864901011
124.298751433324,408.040467171099,3.35408679879135
625.556999015149,314.389022926029,4.61555521635751
4.54667330788137,149.983376773727,4.31924638192675
544.068453166094,199.976737604663,4.25138919942103
37.0095464810325,492.091471859023,2.95337446007058
282.142681024901,22.1421761367067,3.98356260290812
533.414917623374,390.573576891628,3.62486836612525
77.0829161766238,76.929997792315,5.23929014731322
8.49633363910455,72.5708036627608,3.34833097347907
590.380596197762,226.263153446897,4.02775928887807
444.062973744547,457.634686175253,4.75676843076213
659.085514664765,372.625108726568,3.04105762232331
104.226767710165,479.900758209886,4.31342665098555
623.742034787448,89.9905191854494,4.04266263813403
416.360782834382,257.442484368019,3.63861762794768
7.82231079224621,182.988676486534,3.17599518710982
79.0930068059626,92.9028981617459,4.59677067486645
612.740404126641,182.998795297956,4.45065201420052
248.678475438692,221.084492503564,3.63469605685842
577.098938861081,427.823585771437,3.73215156315021
299.60538725304,135.64517965096,3.98890547016809
528.155458444572,455.621620064386,3.42379489859816
48.6080773806599,417.141725320611,3.78274119109405
193.14636887831,290.129522668448,4.49742515060227
548.858947601521,257.94876759297,3.62841293326664
180.484934734513,38.6994541420053,4.31130325577663
498.806490637415,344.598906336274,4.51726199267043
38.7098631099632,54.3684780290466,3.84687006883837
534.050458135427,147.129475829642,4.99178318145736
NA,NA,NA
660.476594868902,335.055534749515,3.60219417659003
455.290325459372,299.427692025335,3.8682804327427
12.0664949083019,494.596778665946,3.5955590655927
563.591697728235,49.2566583676855,4.2897391898699
70.220710456935,375.0553835793,3.96422301254309
231.983746919375,416.36414609738,3.90466569391069
428.704911672699,11.2879503651995,3.29686751843317
362.705777455212,296.282224112423,3.01322226288321
602.080651058695,109.046121057711,4.07927634972533
389.885259604685,229.770900240245,4.35891816040537
571.426206490055,401.229961753696,4.75021984922975
140.846327585945,277.547892260504,4.46053719448505
205.681283886824,365.873625828742,4.1068864901011
124.298751433324,408.040467171099,3.35408679879135
625.556999015149,314.389022926029,4.61555521635751
4.54667330788137,149.983376773727,4.31924638192675
544.068453166094,199.976737604663,4.25138919942103
37.0095464810325,492.091471859023,2.95337446007058
282.142681024901,22.1421761367067,3.98356260290812
533.414917623374,390.573576891628,3.62486836612525
77.0829161766238,76.929997792315,5.23929014731322
8.49633363910455,72.5708036627608,3.34833097347907
590.380596197762,226.263153446897,4.02775928887807
444.062973744547,457.634686175253,4.75676843076213
659.085514664765,372.625108726568,3.04105762232331
104.226767710165,479.900758209886,4.31342665098555
623.742034787448,89.9905191854494,4.04266263813403
416.360782834382,257.442484368019,3.63861762794768
7.82231079224621,182.988676486534,3.17599518710982
79.0930068059626,92.9028981617459,4.59677067486645
612.740404126641,182.998795297956,4.45065201420052
248.678475438692,221.084492503564,3.63469605685842
577.098938861081,427.823585771437,3.73215156315021
299.60538725304,135.64517965096,3.98890547016809
528.155458444572,455.621620064386,3.42379489859816
48.6080773806599,417.141725320611,3.78274119109405
193.14636887831,290.129522668448,4.49742515060227
548.858947601521,257.94876759297,3.62841293326664
180.484934734513,38.6994541420053,4.31130325577663
498.806490637415,344.598906336274,4.51726199267043
38.7098631099632,54.3684780290466,3.84687006883837
534.050458135427,147.129475829642,4.99178318145736
NA,NA,NA
660.476594868902,335.055534749515,3.60219417659003
455.290325459372,299.427692025335,3.8682804327427
12.0664949083019,494.596778665946,3.5955590655927
563.591697728235,49.2566583676855,4.2897391898699
70.220710456935,375.0553835793,3.96422301254309
231.983746919375,416.36414609738,3.90466569391069
428.704911672699,11.2879503651995,3.29686751843317
362.705777455212,296.282224112423,3.01322226288321
602.080651058695,109.046121057711,4.07927634972533
389.885259604685,229.770900240245,4.35891816040537
571.426206490055,401.229961753696,4.75021984922975
140.846327585945,277.547892260504,4.46053719448505
205.681283886824,365.873625828742,4.1068864901011
124.298751433324,408.040467171099,3.35408679879135
625.556999015149,314.389022926029,4.61555521635751
4.54667330788137,149.983376773727,4.31924638192675
544.068453166094,199.976737604663,4.25138919942103
37.0095464810325,492.091471859023,2.95337446007058
282.142681024901,22.1421761367067,3.98356260290812
533.414917623374,390.573576891628,3.62486836612525
77.0829161766238,76.929997792315,5.23929014731322
8.49633363910455,72.5708036627608,3.34833097347907
590.380596197762,226.263153446897,4.02775928887807
444.062973744547,457.634686175253,4.75676843076213
659.085514664765,372.625108726568,3.04105762232331
104.226767710165,479.900758209886,4.31342665098555
623.742034787448,89.9905191854494,4.04266263813403
416.360782834382,257.442484368019,3.63861762794768
7.82231079224621,182.988676486534,3.17599518710982
79.0930068059626,92.9028981617459,4.59677067486645
612.740404126641,182.998795297956,4.45065201420052
248.678475438692,221.084492503564,3.63469605685842
577.098938861081,427.823585771437,3.73215156315021
299.60538725304,135.64517965096,3.98890547016809
528.155458444572,455.621620064386,3.42379489859816
48.6080773806599,417.141725320611,3.78274119109405
193.14636887831,290.129522668448,4.49742515060227
548.858947601521,257.94876759297,3.62841293326664
180.484934734513,38.6994541420053,4.31130325577663
498.806490637415,344.598906336274,4.51726199267043
38.7098631099632,54.3684780290466,3.84687006883837
534.050458135427,147.129475829642,4.99178318145736
NA,NA,NA
660.476594868902,335.055534749515,3.60219417659003
455.290325459372,299.427692025335,3.8682804327427
12.0664949083019,494.596778665946,3.5955590655927
563.591697728235,49.2566583676855,4.2897391898699
70.220710456935,375.0553835793,3.96422301254309
231.983746919375,416.36414609738,3.90466569391069
428.704911672699,11.2879503651995,3.29686751843317
362.705777455212,296.282224112423,3.01322226288321
602.080651058695,109.046121057711,4.07927634972533
389.885259604685,229.770900240245,4.35891816040537
571.426206490055,401.229961753696,4.75021984922975
140.846327585945,277.547892260504,4.46053719448505
205.681283886824,365.873625828742,4.1068864901011
124.298751433324,408.040467171099,3.35408679879135
625.556999015149,314.389022926029,4.61555521635751
4.54667330788137,149.983376773727,4.31924638192675
544.068453166094,199.976737604663,4.25138919942103
37.0095464810325,492.091471859023,2.95337446007058
282.142681024901,22.1421761367067,3.98356260290812
533.414917623374,390.573576891628,3.62486836612525
77.0829161766238,76.929997792315,5.23929014731322
8.49633363910455,72.5708036627608,3.34833097347907
590.380596197762,226.263153446897,4.02775928887807
444.062973744547,457.634686175253,4.75676843076213
659.085514664765,372.625108726568,3.04105762232331
104.226767710165,479.900758209886,4.31342665098555
623.742034787448,89.9905191854494,4.04266263813403
416.360782834382,257.442484368019,3.63861762794768
7.82231079224621,182.988676486534,3.17599518710982
79.0930068059626,92.9028981617459,4.59677067486645
612.740404126641,182.998795297956,4.45065201420052
248.678475438692,221.084492503564,3.63469605685842
577.098938861081,427.823585771437,3.73215156315021
299.60538725304,135.64517965096,3.98890547016809
528.155458444572,455.621620064386,3.42379489859816
48.6080773806599,417.141725320611,3.78274119109405
193.14636887831,290.129522668448,4.49742515060227
548.858947601521,257.94876759297,3.62841293326664
180.484934734513,38.6994541420053,4.31130325577663
498.806490637415,344.598906336274,4.51726199267043
38.7098631099632,54.3684780290466,3.84687006883837
534.050458135427,147.129475829642,4.99178318145736
NA,NA,NA
660.476594868902,335.055534749515,3.60219417659003
455.290325459372,299.427692025335,3.8682804327427
12.0664949083019,494.596778665946,3.5955590655927
563.591697728235,49.2566583676855,4.2897391898699
70.220710456935,375.0553835793,3.96422301254309
231.983746919375,416.36414609738,3.90466569391069
428.704911672699,11.2879503651995,3.29686751843317
362.705777455212,296.282224112423,3.01322226288321
602.080651058695,109.046121057711,4.07927634972533
389.885259604685,229.770900240245,4.35891816040537
571.426206490055,401.229961753696,4.75021984922975
140.846327585945,277.547892260504,4.46053719448505
205.681283886824,365.873625828742,4.1068864901011
124.298751433324,408.040467171099,3.35408679879135
625.556999015149,314.389022926029,4.61555521635751
4.54667330788137,149.983376773727,4.31924638192675
544.068453166094,199.976737604663,4.25138919942103
37.0095464810325,492.091471859023,2.95337446007058
282.142681024901,22.1421761367067,3.98356260290812
533.414917623374,390.573576891628,3.62486836612525
77.0829161766238,76.929997792315,5.23929014731322
8.49633363910455,72.5708036627608,3.34833097347907
590.380596197762,226.263153446897,4.02775928887807
444.062973744547,457.634686175253,4.75676843076213
659.085514664765,372.625108726568,3.04105762232331
104.226767710165,479.900758209886,4.31342665098555
623.742034787448,89.9905191854494,4.04266263813403
416.360782834382,257.442484368019,3.63861762794768
7.82231079224621,182.988676486534,3.17599518710982
79.0930068059626,92.9028981617459,4.59677067486645
612.740404126641,182.998795297956,4.45065201420052
248.678475438692,221.084492503564,3.63469605685842
577.098938861081,427.823585771437,3.73215156315021
299.60538725304,135.64517965096,3.98890547016809
528.155458444572,455.621620064386,3.42379489859816
48.6080773806599,417.141725320611,3.78274119109405
193.14636887831,290.129522668448,4.49742515060227
548.858947601521,257.94876759297,3.62841293326664
180.484934734513,38.6994541420053,4.31130325577663
498.806490637415,344.598906336274,4.51726199267043
38.7098631099632,54.3684780290466,3.84687006883837
534.050458135427,147.129475829642,4.99178318145736
NA,NA,NA
660.476594868902,335.055534749515,3.60219417659003
455.290325459372,299.427692025335,3.8682804327427
12.0664949083019,494.596778665946,3.5955590655927
563.591697728235,49.2566583676855,4.2897391898699
70.220710456935,375.0553835793,3.96422301254309
231.983746919375,416.36414609738,3.90466569391069
428.704911672699,11.2879503651995,3.29686751843317
362.705777455212,296.282224112423,3.01322226288321
602.080651058695,109.046121057711,4.07927634972533
389.885259604685,229.770900240245,4.35891816040537
571.426206490055,401.229961753696,4.75021984922975
140.846327585945,277.547892260504,4.46053719448505
205.681283886824,365.873625828742,4.1068864901011
124.298751433324,408.040467171099,3.35408679879135
625.556999015149,314.389022926029,4.61555521635751
4.54667330788137,149.983376773727,4.31924638192675
544.068453166094,199.976737604663,4.25138919942103
37.0095464810325,492.091471859023,2.95337446007058
282.142681024901,22.1421761367067,3.98356260290812
533.414917623374,390.573576891628,3.62486836612525
77.0829161766238,76.929997792315,5.23929014731322
8.49633363910455,72.5708036627608,3.34833097347907
590.380596197762,226.263153446897,4.02775928887807
444.062973744547,457.634686175253,4.75676843076213
659.085514664765,372.625108726568,3.04105762232331
104.226767710165,479.900758209886,4.31342665098555
623.742034787448,89.9905191854494,4.04266263813403
416.360782834382,257.442484368019,3.63861762794768
7.82231079224621,182.988676486534,3.17599518710982
79.0930068059626,92.9028981617459,4.59677067486645
612.740404126641,182.998795297956,4.45065201420052
248.678475438692,221.084492503564,3.63469605685842
577.098938861081,427.823585771437,3.73215156315021
299.60538725304,135.64517965096,3.98890547016809
528.155458444572,455.621620064386,3.42379489859816
48.6080773806599,417.141725320611,3.78274119109405
193.14636887831,290.129522668448,4.49742515060227
548.858947601521,257.94876759297,3.62841293326664
180.484934734513,38.6994541420053,4.31130325577663
498.806490637415,344.598906336274,4.51726199267043
38.7098631099632,54.3684780290466,3.84687006883837
534.050458135427,147.129475829642,4.99178318145736
NA,NA,NA
659.701619749581,333.580969234336,3.54385021952853
456.381677646408,302.857523970934,3.55882898241263
13.1230575508386,494.41192736916,3.61170056378318
565.190080103772,50.305062519521,4.26226116030286
64.5782470011589,374.760902232347,3.92741932529422
231.232323872044,418.525021148478,3.94669090104292
428.743556710327,13.8258090177781,3.18276006615813
365.414689483444,291.040074498612,3.05796366883396
606.367545040945,107.019551190388,4.08209339200223
393.606250091559,231.571915097007,4.34627031463739
570.655514068055,413.193873213427,4.7383527289456
140.127447091575,282.384888285543,4.40087559729251
201.899704443805,368.404833744049,3.98825672202844
125.679356608008,411.037391681136,3.52483431898142
617.188151262795,313.252509909617,4.53751417582597
4.98357371758457,149.559011812468,4.18633655577208
542.428976787968,207.252003632372,4.16114101718996
34.9148286264609,493.098307758163,3.16856086946076
280.863962699412,20.9754405337998,3.88792737182151
534.942694582968,391.590194539472,3.34362910907434
69.1643439019902,74.3706171964832,5.27932306731995
5.96595662841753,76.3321057767487,3.54575774495669
588.834394295794,224.165731714173,3.95739253509591
442.11016098148,454.891000089065,4.76620867031162
658.078864114629,373.983455797117,3.00105258823056
100.849804628946,488.831685205116,4.32933472131919
625.311285886445,89.9009849688915,4.03514198017408
422.062419361045,256.710594227622,3.66808826940509
14.8404923611928,181.392305605117,3.29476599428628
75.4957513350327,122.506707417249,4.59819890060156
605.586492393971,209.203799722975,4.07258519141028
258.731091332891,223.760524457608,3.90609632215691
568.88820356367,429.758260705276,3.63761383315027
301.466824621177,135.299058199093,3.83884108366859
531.88812713058,456.542727983205,3.36445220163975
43.1343641844414,414.034790812169,3.80642771984663
188.634593201569,287.548920140183,4.03132368921833
555.333057036208,263.931169822002,3.74887810337895
174.893653867084,32.9469637184538,4.36773082014935
499.497048664472,346.910179333506,4.41565869254508
39.0866659350247,52.6739246993601,3.92050020843986
526.585203029589,139.877120776573,4.64332550482209
NA,NA,NA
659.701619749581,333.580969234336,3.54385021952853
456.381677646408,302.857523970934,3.55882898241263
13.1230575508386,494.41192736916,3.61170056378318
565.190080103772,50.305062519521,4.26226116030286
64.5782470011589,374.760902232347,3.92741932529422
231.232323872044,418.525021148478,3.94669090104292
428.743556710327,13.8258090177781,3.18276006615813
365.414689483444,291.040074498612,3.05796366883396
606.367545040945,107.019551190388,4.08209339200223
393.606250091559,231.571915097007,4.34627031463739
570.655514068055,413.193873213427,4.7383527289456
140.127447091575,282.384888285543,4.40087559729251
201.899704443805,368.404833744049,3.98825672202844
125.679356608008,411.037391681136,3.52483431898142
617.188151262795,313.252509909617,4.53751417582597
4.98357371758457,149.559011812468,4.18633655577208
542.428976787968,207.252003632372,4.16114101718996
34.9148286264609,493.098307758163,3.16856086946076
280.863962699412,20.9754405337998,3.88792737182151
534.942694582968,391.590194539472,3.34362910907434
69.1643439019902,74.3706171964832,5.27932306731995
5.96595662841753,76.3321057767487,3.54575774495669
588.834394295794,224.165731714173,3.95739253509591
442.11016098148,454.891000089065,4.76620867031162
658.078864114629,373.983455797117,3.00105258823056
100.849804628946,488.831685205116,4.32933472131919
625.311285886445,89.9009849688915,4.03514198017408
422.062419361045,256.710594227622,3.66808826940509
14.8404923611928,181.392305605117,3.29476599428628
75.4957513350327,122.506707417249,4.59819890060156
605.586492393971,209.203799722975,4.07258519141028
258.731091332891,223.760524457608,3.90609632215691
568.88820356367,429.758260705276,3.63761383315027
301.466824621177,135.299058199093,3.83884108366859
531.88812713058,456.542727983205,3.36445220163975
43.1343641844414,414.034790812169,3.80642771984663
188.634593201569,287.548920140183,4.03132368921833
555.333057036208,263.931169822002,3.74887810337895
174.893653867084,32.9469637184538,4.36773082014935
499.497048664472,346.910179333506,4.41565869254508
39.0866659350247,52.6739246993601,3.92050020843986
526.585203029589,139.877120776573,4.64332550482209
NA,NA,NA
659.701619749581,333.580969234336,3.54385021952853
456.381677646408,302.857523970934,3.55882898241263
13.1230575508386,494.41192736916,3.61170056378318
565.190080103772,50.305062519521,4.26226116030286
64.5782470011589,374.760902232347,3.92741932529422
231.232323872044,418.525021148478,3.94669090104292
428.743556710327,13.8258090177781,3.18276006615813
365.414689483444,291.040074498612,3.05796366883396
606.367545040945,107.019551190388,4.08209339200223
393.606250091559,231.571915097007,4.34627031463739
570.655514068055,413.193873213427,4.7383527289456
140.127447091575,282.384888285543,4.40087559729251
201.899704443805,368.404833744049,3.98825672202844
125.679356608008,411.037391681136,3.52483431898142
617.188151262795,313.252509909617,4.53751417582597
4.98357371758457,149.559011812468,4.18633655577208
542.428976787968,207.252003632372,4.16114101718996
34.9148286264609,493.098307758163,3.16856086946076
280.863962699412,20.9754405337998,3.88792737182151
534.942694582968,391.590194539472,3.34362910907434
69.1643439019902,74.3706171964832,5.27932306731995
5.96595662841753,76.3321057767487,3.54575774495669
588.834394295794,224.165731714173,3.95739253509591
442.11016098148,454.891000089065,4.76620867031162
658.078864114629,373.983455797117,3.00105258823056
100.849804628946,488.831685205116,4.32933472131919
625.311285886445,89.9009849688915,4.03514198017408
422.062419361045,256.710594227622,3.66808826940509
14.8404923611928,181.392305605117,3.29476599428628
75.4957513350327,122.506707417249,4.59819890060156
605.586492393971,209.203799722975,4.07258519141028
258.731091332891,223.760524457608,3.90609632215691
568.88820356367,429.758260705276,3.63761383315027
301.466824621177,135.299058199093,3.83884108366859
531.88812713058,456.542727983205,3.36445220163975
43.1343641844414,414.034790812169,3.80642771984663
188.634593201569,287.548920140183,4.03132368921833
555.333057036208,263.931169822002,3.74887810337895
174.893653867084,32.9469637184538,4.36773082014935
499.497048664472,346.910179333506,4.41565869254508
39.0866659350247,52.6739246993601,3.92050020843986
526.585203029589,139.877120776573,4.64332550482209
NA,NA,NA
659.701619749581,333.580969234336,3.54385021952853
456.381677646408,302.857523970934,3.55882898241263
13.1230575508386,494.41192736916,3.61170056378318
565.190080103772,50.305062519521,4.26226116030286
64.5782470011589,374.760902232347,3.92741932529422
231.232323872044,418.525021148478,3.94669090104292
428.743556710327,13.8258090177781,3.18276006615813
365.414689483444,291.040074498612,3.05796366883396
606.367545040945,107.019551190388,4.08209339200223
393.606250091559,231.571915097007,4.34627031463739
570.655514068055,413.193873213427,4.7383527289456
140.127447091575,282.384888285543,4.40087559729251
201.899704443805,368.404833744049,3.98825672202844
125.679356608008,411.037391681136,3.52483431898142
617.188151262795,313.252509909617,4.53751417582597
4.98357371758457,149.559011812468,4.18633655577208
542.428976787968,207.252003632372,4.16114101718996
34.9148286264609,493.098307758163,3.16856086946076
280.863962699412,20.9754405337998,3.88792737182151
534.942694582968,391.590194539472,3.34362910907434
69.1643439019902,74.3706171964832,5.27932306731995
5.96595662841753,76.3321057767487,3.54575774495669
588.834394295794,224.165731714173,3.95739253509591
442.11016098148,454.891000089065,4.76620867031162
658.078864114629,373.983455797117,3.00105258823056
100.849804628946,488.831685205116,4.32933472131919
625.311285886445,89.9009849688915,4.03514198017408
422.062419361045,256.710594227622,3.66808826940509
14.8404923611928,181.392305605117,3.29476599428628
75.4957513350327,122.506707417249,4.59819890060156
605.586492393971,209.203799722975,4.07258519141028
258.731091332891,223.760524457608,3.90609632215691
568.88820356367,429.758260705276,3.63761383315027
301.466824621177,135.299058199093,3.83884108366859
531.88812713058,456.542727983205,3.36445220163975
43.1343641844414,414.034790812169,3.80642771984663
188.634593201569,287.548920140183,4.03132368921833
555.333057036208,263.931169822002,3.74887810337895
174.893653867084,32.9469637184538,4.36773082014935
499.497048664472,346.910179333506,4.41565869254508
39.0866659350247,52.6739246993601,3.92050020843986
526.585203029589,139.877120776573,4.64332550482209
NA,NA,NA
659.701619749581,333.580969234336,3.54385021952853
456.381677646408,302.857523970934,3.55882898241263
13.1230575508386,494.41192736916,3.61170056378318
565.190080103772,50.305062519521,4.26226116030286
64.5782470011589,374.760902232347,3.92741932529422
231.232323872044,418.525021148478,3.94669090104292
428.743556710327,13.8258090177781,3.18276006615813
365.414689483444,291.040074498612,3.05796366883396
606.367545040945,107.019551190388,4.08209339200223
393.606250091559,231.571915097007,4.34627031463739
570.655514068055,413.193873213427,4.7383527289456
140.127447091575,282.384888285543,4.40087559729251
201.899704443805,368.404833744049,3.98825672202844
125.679356608008,411.037391681136,3.52483431898142
617.188151262795,313.252509909617,4.53751417582597
4.98357371758457,149.559011812468,4.18633655577208
542.428976787968,207.252003632372,4.16114101718996
34.9148286264609,493.098307758163,3.16856086946076
280.863962699412,20.9754405337998,3.88792737182151
534.942694582968,391.590194539472,3.34362910907434
69.1643439019902,74.3706171964832,5.27932306731995
5.96595662841753,76.3321057767487,3.54575774495669
588.834394295794,224.165731714173,3.95739253509591
442.11016098148,454.891000089065,4.76620867031162
658.078864114629,373.983455797117,3.00105258823056
100.849804628946,488.831685205116,4.32933472131919
625.311285886445,89.9009849688915,4.03514198017408
422.062419361045,256.710594227622,3.66808826940509
14.8404923611928,181.392305605117,3.29476599428628
75.4957513350327,122.506707417249,4.59819890060156
605.586492393971,209.203799722975,4.07258519141028
258.731091332891,223.760524457608,3.90609632215691
568.88820356367,429.758260705276,3.63761383315027
301.466824621177,135.299058199093,3.83884108366859
531.88812713058,456.542727983205,3.36445220163975
43.1343641844414,414.034790812169,3.80642771984663
188.634593201569,287.548920140183,4.03132368921833
555.333057036208,263.931169822002,3.74887810337895
174.893653867084,32.9469637184538,4.36773082014935
499.497048664472,346.910179333506,4.41565869254508
39.0866659350247,52.6739246993601,3.92050020843986
526.585203029589,139.877120776573,4.64332550482209
NA,NA,NA
659.701619749581,333.580969234336,3.54385021952853
456.381677646408,302.857523970934,3.55882898241263
13.1230575508386,494.41192736916,3.61170056378318
565.190080103772,50.305062519521,4.26226116030286
64.5782470011589,374.760902232347,3.92741932529422
231.232323872044,418.525021148478,3.94669090104292
428.743556710327,13.8258090177781,3.18276006615813
365.414689483444,291.040074498612,3.05796366883396
606.367545040945,107.019551190388,4.08209339200223
393.606250091559,231.571915097007,4.34627031463739
570.655514068055,413.193873213427,4.7383527289456
140.127447091575,282.384888285543,4.40087559729251
201.899704443805,368.404833744049,3.98825672202844
125.679356608008,411.037391681136,3.52483431898142
617.188151262795,313.252509909617,4.53751417582597
4.98357371758457,149.559011812468,4.18633655577208
542.428976787968,207.252003632372,4.16114101718996
34.9148286264609,493.098307758163,3.16856086946076
280.863962699412,20.9754405337998,3.88792737182151
534.942694582968,391.590194539472,3.34362910907434
69.1643439019902,74.3706171964832,5.27932306731995
5.96595662841753,76.3321057767487,3.54575774495669
588.834394295794,224.165731714173,3.95739253509591
442.11016098148,454.891000089065,4.76620867031162
658.078864114629,373.983455797117,3.00105258823056
100.849804628946,488.831685205116,4.32933472131919
625.311285886445,89.9009849688915,4.03514198017408
422.062419361045,256.710594227622,3.66808826940509
14.8404923611928,181.392305605117,3.29476599428628
75.4957513350327,122.506707417249,4.59819890060156
605.586492393971,209.203799722975,4.07258519141028
258.731091332891,223.760524457608,3.90609632215691
568.88820356367,429.758260705276,3.63761383315027
301.466824621177,135.299058199093,3.83884108366859
531.88812713058,456.542727983205,3.36445220163975
43.1343641844414,414.034790812169,3.80642771984663
188.634593201569,287.548920140183,4.03132368921833
555.333057036208,263.931169822002,3.74887810337895
174.893653867084,32.9469637184538,4.36773082014935
499.497048664472,346.910179333506,4.41565869254508
39.0866659350247,52.6739246993601,3.92050020843986
526.585203029589,139.877120776573,4.64332550482209
NA,NA,NA
660.377662344871,333.91042508497,3.50594167574728
455.342634953768,297.8969872493,3.94334202776039
13.350913323165,495.238670853934,3.6936530653404
560.779219967689,57.3161852177291,4.1078315692177
72.1115769623806,376.417826627128,3.98084400461751
230.493829936355,412.165373830888,3.79910501545231
429.310829834353,13.1964667500727,3.42918859726823
360.834872177461,293.240866535904,3.03667226908006
600.28963288265,102.902596620458,4.14857343571841
389.605258933161,231.939915384404,4.33509153020652
568.682993528604,411.499957299994,4.70958533907327
136.152658032156,284.420361379291,4.55729953952725
195.427178621549,364.711850780158,4.04830412955435
125.398339014129,409.374918695701,3.48226916451173
622.612947529115,310.636439655211,4.42415237963389
0.58967292049495,147.676205716677,4.40724367637919
546.408575183453,203.822452399172,4.0513720441881
32.8049500235357,490.937614334576,3.04816828385129
278.816851434729,27.1505585414759,3.83117074879696
533.002599276015,393.356444776903,3.33958477832643
69.2216565437843,72.2468269542109,5.2503341401324
3.43306682520378,76.2694834816375,3.34741696573569
586.255891701786,226.161923639012,4.00274242763327
440.371562870842,454.10781230933,4.7472703235213
657.771373238779,372.991110197759,3.04955299028836
100.737972667665,490.927552757408,4.39803990510184
626.273534187992,88.8030979626436,4.08844963483374
419.343157378137,258.328725164029,3.61278553177598
11.2509831869067,181.685872072452,3.22271562656272
79.8225427413165,117.745034865899,4.40888520482227
601.030423116745,202.805097905524,4.14551483751273
258.55541961432,229.10832453276,3.80030641209008
571.38244032721,435.979614417697,3.66473258312076
299.224947850709,131.673065017135,3.87702711645036
526.686008688367,455.347527357073,3.6858387665666
40.8225752314746,422.02830904609,3.93419673449744
198.188690837812,284.931949700397,4.05474332447701
546.266667383554,265.375694300471,3.7033037715624
161.636507970395,23.91009564553,3.98681337039692
494.035705782221,356.963355959471,4.4398975738687
43.1721781006339,49.9677157344938,3.99460159905322
543.979169853732,156.127417711532,4.29179712462396
NA,NA,NA
660.377662344871,333.91042508497,3.50594167574728
455.342634953768,297.8969872493,3.94334202776039
13.350913323165,495.238670853934,3.6936530653404
560.779219967689,57.3161852177291,4.1078315692177
72.1115769623806,376.417826627128,3.98084400461751
230.493829936355,412.165373830888,3.79910501545231
429.310829834353,13.1964667500727,3.42918859726823
360.834872177461,293.240866535904,3.03667226908006
600.28963288265,102.902596620458,4.14857343571841
389.605258933161,231.939915384404,4.33509153020652
568.682993528604,411.499957299994,4.70958533907327
136.152658032156,284.420361379291,4.55729953952725
195.427178621549,364.711850780158,4.04830412955435
125.398339014129,409.374918695701,3.48226916451173
622.612947529115,310.636439655211,4.42415237963389
0.58967292049495,147.676205716677,4.40724367637919
546.408575183453,203.822452399172,4.0513720441881
32.8049500235357,490.937614334576,3.04816828385129
278.816851434729,27.1505585414759,3.83117074879696
533.002599276015,393.356444776903,3.33958477832643
69.2216565437843,72.2468269542109,5.2503341401324
3.43306682520378,76.2694834816375,3.34741696573569
586.255891701786,226.161923639012,4.00274242763327
440.371562870842,454.10781230933,4.7472703235213
657.771373238779,372.991110197759,3.04955299028836
100.737972667665,490.927552757408,4.39803990510184
626.273534187992,88.8030979626436,4.08844963483374
419.343157378137,258.328725164029,3.61278553177598
11.2509831869067,181.685872072452,3.22271562656272
79.8225427413165,117.745034865899,4.40888520482227
601.030423116745,202.805097905524,4.14551483751273
258.55541961432,229.10832453276,3.80030641209008
571.38244032721,435.979614417697,3.66473258312076
299.224947850709,131.673065017135,3.87702711645036
526.686008688367,455.347527357073,3.6858387665666
40.8225752314746,422.02830904609,3.93419673449744
198.188690837812,284.931949700397,4.05474332447701
546.266667383554,265.375694300471,3.7033037715624
161.636507970395,23.91009564553,3.98681337039692
494.035705782221,356.963355959471,4.4398975738687
43.1721781006339,49.9677157344938,3.99460159905322
543.979169853732,156.127417711532,4.29179712462396
NA,NA,NA
660.377662344871,333.91042508497,3.50594167574728
455.342634953768,297.8969872493,3.94334202776039
13.350913323165,495.238670853934,3.6936530653404
560.779219967689,57.3161852177291,4.1078315692177
72.1115769623806,376.417826627128,3.98084400461751
230.493829936355,412.165373830888,3.79910501545231
429.310829834353,13.1964667500727,3.42918859726823
360.834872177461,293.240866535904,3.03667226908006
600.28963288265,102.902596620458,4.14857343571841
389.605258933161,231.939915384404,4.33509153020652
568.682993528604,411.499957299994,4.70958533907327
136.152658032156,284.420361379291,4.55729953952725
195.427178621549,364.711850780158,4.04830412955435
125.398339014129,409.374918695701,3.48226916451173
622.612947529115,310.636439655211,4.42415237963389
0.58967292049495,147.676205716677,4.40724367637919
546.408575183453,203.822452399172,4.0513720441881
32.8049500235357,490.937614334576,3.04816828385129
278.816851434729,27.1505585414759,3.83117074879696
533.002599276015,393.356444776903,3.33958477832643
69.2216565437843,72.2468269542109,5.2503341401324
3.43306682520378,76.2694834816375,3.34741696573569
586.255891701786,226.161923639012,4.00274242763327
440.371562870842,454.10781230933,4.7472703235213
657.771373238779,372.991110197759,3.04955299028836
100.737972667665,490.927552757408,4.39803990510184
626.273534187992,88.8030979626436,4.08844963483374
419.343157378137,258.328725164029,3.61278553177598
11.2509831869067,181.685872072452,3.22271562656272
79.8225427413165,117.745034865899,4.40888520482227
601.030423116745,202.805097905524,4.14551483751273
258.55541961432,229.10832453276,3.80030641209008
571.38244032721,435.979614417697,3.66473258312076
299.224947850709,131.673065017135,3.87702711645036
526.686008688367,455.347527357073,3.6858387665666
40.8225752314746,422.02830904609,3.93419673449744
198.188690837812,284.931949700397,4.05474332447701
546.266667383554,265.375694300471,3.7033037715624
161.636507970395,23.91009564553,3.98681337039692
494.035705782221,356.963355959471,4.4398975738687
43.1721781006339,49.9677157344938,3.99460159905322
543.979169853732,156.127417711532,4.29179712462396
NA,NA,NA
660.377662344871,333.91042508497,3.50594167574728
455.342634953768,297.8969872493,3.94334202776039
13.350913323165,495.238670853934,3.6936530653404
560.779219967689,57.3161852177291,4.1078315692177
72.1115769623806,376.417826627128,3.98084400461751
230.493829936355,412.165373830888,3.79910501545231
429.310829834353,13.1964667500727,3.42918859726823
360.834872177461,293.240866535904,3.03667226908006
600.28963288265,102.902596620458,4.14857343571841
389.605258933161,231.939915384404,4.33509153020652
568.682993528604,411.499957299994,4.70958533907327
136.152658032156,284.420361379291,4.55729953952725
195.427178621549,364.711850780158,4.04830412955435
125.398339014129,409.374918695701,3.48226916451173
622.612947529115,310.636439655211,4.42415237963389
0.58967292049495,147.676205716677,4.40724367637919
546.408575183453,203.822452399172,4.0513720441881
32.8049500235357,490.937614334576,3.04816828385129
278.816851434729,27.1505585414759,3.83117074879696
533.002599276015,393.356444776903,3.33958477832643
69.2216565437843,72.2468269542109,5.2503341401324
3.43306682520378,76.2694834816375,3.34741696573569
586.255891701786,226.161923639012,4.00274242763327
440.371562870842,454.10781230933,4.7472703235213
657.771373238779,372.991110197759,3.04955299028836
100.737972667665,490.927552757408,4.39803990510184
626.273534187992,88.8030979626436,4.08844963483374
419.343157378137,258.328725164029,3.61278553177598
11.2509831869067,181.685872072452,3.22271562656272
79.8225427413165,117.745034865899,4.40888520482227
601.030423116745,202.805097905524,4.14551483751273
258.55541961432,229.10832453276,3.80030641209008
571.38244032721,435.979614417697,3.66473258312076
299.224947850709,131.673065017135,3.87702711645036
526.686008688367,455.347527357073,3.6858387665666
40.8225752314746,422.02830904609,3.93419673449744
198.188690837812,284.931949700397,4.05474332447701
546.266667383554,265.375694300471,3.7033037715624
161.636507970395,23.91009564553,3.98681337039692
494.035705782221,356.963355959471,4.4398975738687
43.1721781006339,49.9677157344938,3.99460159905322
543.979169853732,156.127417711532,4.29179712462396
NA,NA,NA
660.377662344871,333.91042508497,3.50594167574728
455.342634953768,297.8969872493,3.94334202776039
13.350913323165,495.238670853934,3.6936530653404
560.779219967689,57.3161852177291,4.1078315692177
72.1115769623806,376.417826627128,3.98084400461751
230.493829936355,412.165373830888,3.79910501545231
429.310829834353,13.1964667500727,3.42918859726823
360.834872177461,293.240866535904,3.03667226908006
600.28963288265,102.902596620458,4.14857343571841
389.605258933161,231.939915384404,4.33509153020652
568.682993528604,411.499957299994,4.70958533907327
136.152658032156,284.420361379291,4.55729953952725
195.427178621549,364.711850780158,4.04830412955435
125.398339014129,409.374918695701,3.48226916451173
622.612947529115,310.636439655211,4.42415237963389
0.58967292049495,147.676205716677,4.40724367637919
546.408575183453,203.822452399172,4.0513720441881
32.8049500235357,490.937614334576,3.04816828385129
278.816851434729,27.1505585414759,3.83117074879696
533.002599276015,393.356444776903,3.33958477832643
69.2216565437843,72.2468269542109,5.2503341401324
3.43306682520378,76.2694834816375,3.34741696573569
586.255891701786,226.161923639012,4.00274242763327
440.371562870842,454.10781230933,4.7472703235213
657.771373238779,372.991110197759,3.04955299028836
100.737972667665,490.927552757408,4.39803990510184
626.273534187992,88.8030979626436,4.08844963483374
419.343157378137,258.328725164029,3.61278553177598
11.2509831869067,181.685872072452,3.22271562656272
79.8225427413165,117.745034865899,4.40888520482227
601.030423116745,202.805097905524,4.14551483751273
258.55541961432,229.10832453276,3.80030641209008
571.38244032721,435.979614417697,3.66473258312076
299.224947850709,131.673065017135,3.87702711645036
526.686008688367,455.347527357073,3.6858387665666
40.8225752314746,422.02830904609,3.93419673449744
198.188690837812,284.931949700397,4.05474332447701
546.266667383554,265.375694300471,3.7033037715624
161.636507970395,23.91009564553,3.98681337039692
494.035705782221,356.963355959471,4.4398975738687
43.1721781006339,49.9677157344938,3.99460159905322
543.979169853732,156.127417711532,4.29179712462396
NA,NA,NA
660.377662344871,333.91042508497,3.50594167574728
455.342634953768,297.8969872493,3.94334202776039
13.350913323165,495.238670853934,3.6936530653404
560.779219967689,57.3161852177291,4.1078315692177
72.1115769623806,376.417826627128,3.98084400461751
230.493829936355,412.165373830888,3.79910501545231
429.310829834353,13.1964667500727,3.42918859726823
360.834872177461,293.240866535904,3.03667226908006
600.28963288265,102.902596620458,4.14857343571841
389.605258933161,231.939915384404,4.33509153020652
568.682993528604,411.499957299994,4.70958533907327
136.152658032156,284.420361379291,4.55729953952725
195.427178621549,364.711850780158,4.04830412955435
125.398339014129,409.374918695701,3.48226916451173
622.612947529115,310.636439655211,4.42415237963389
0.58967292049495,147.676205716677,4.40724367637919
546.408575183453,203.822452399172,4.0513720441881
32.8049500235357,490.937614334576,3.04816828385129
278.816851434729,27.1505585414759,3.83117074879696
533.002599276015,393.356444776903,3.33958477832643
69.2216565437843,72.2468269542109,5.2503341401324
3.43306682520378,76.2694834816375,3.34741696573569
586.255891701786,226.161923639012,4.00274242763327
440.371562870842,454.10781230933,4.7472703235213
657.771373238779,372.991110197759,3.04955299028836
100.737972667665,490.927552757408,4.39803990510184
626.273534187992,88.8030979626436,4.08844963483374
419.343157378137,258.328725164029,3.61278553177598
11.2509831869067,181.685872072452,3.22271562656272
79.8225427413165,117.745034865899,4.40888520482227
601.030423116745,202.805097905524,4.14551483751273
258.55541961432,229.10832453276,3.80030641209008
571.38244032721,435.979614417697,3.66473258312076
299.224947850709,131.673065017135,3.87702711645036
526.686008688367,455.347527357073,3.6858387665666
40.8225752314746,422.02830904609,3.93419673449744
198.188690837812,284.931949700397,4.05474332447701
546.266667383554,265.375694300471,3.7033037715624
161.636507970395,23.91009564553,3.98681337039692
494.035705782221,356.963355959471,4.4398975738687
43.1721781006339,49.9677157344938,3.99460159905322
543.979169853732,156.127417711532,4.29179712462396
NA,NA,NA
658.794555583726,332.892947110902,3.45169599159366
453.357188426918,300.324131686967,3.66183603963906
6.97486471774849,494.689887033843,3.64279187513069
558.048016935491,50.5599788739673,4.17106292314343
75.2996145053499,379.148645148708,4.10020513970518
228.153754890412,413.488121433835,3.85494487876941
431.326440278116,10.054756225833,3.18673835061208
361.36022116931,291.728695175424,3.0589393212119
604.254758224908,105.700247812892,4.10820044577611
388.240278763298,224.084556953815,4.22638509920006
561.518259095793,410.729225002042,4.73804759495753
139.935654394478,284.310238765669,4.50707480176029
196.949523449367,369.477768733997,4.03079576520082
126.398209482857,410.277193386609,3.43016662458475
621.993594335055,312.536092261448,4.55113294594811
-0.154550803100028,148.540752280338,4.33368003825508
543.969989305426,199.858211977456,4.02915749780063
34.3798935411769,491.320080624209,3.12549921858466
284.821612590698,25.8753116245533,3.84453907425937
532.921645553133,391.151392317559,3.53642407774794
75.814281484018,80.0572499404257,5.2721938239304
7.16235144893386,79.3968278151642,3.40543243312753
589.404434864984,219.083624002632,3.97240941103189
440.150436693824,461.802164995137,4.86428007475496
658.341472552003,374.117288523841,3.10202400907123
107.606678548338,486.938531897338,4.44266457761093
620.833178765819,94.54656849693,4.03762740650102
419.639103688727,257.893851173073,3.67760968870926
12.0393114645723,180.525804591511,3.1776529783148
57.105225136348,113.194405051787,4.31551011139724
615.767177797434,189.304752183718,4.2686234368951
261.747245395499,223.801584015746,3.77178811477004
579.739826433243,435.459256788727,3.75314659251916
306.014248610027,139.404244584816,3.91049000218189
528.303482998933,458.26968408558,3.87933294201201
43.1669140767549,423.397414537583,3.96160452683501
192.630715157466,290.733623842615,4.20304684473365
549.31473627926,258.225102216262,3.65384261346921
172.960373386955,34.22805773416,4.34357714704914
502.144251649226,342.968684659201,4.55244192072403
33.281531523784,47.9136898663445,3.70333931902218
527.874141094737,153.094319403858,4.80362605384058
NA,NA,NA
658.794555583726,332.892947110902,3.45169599159366
453.357188426918,300.324131686967,3.66183603963906
6.97486471774849,494.689887033843,3.64279187513069
558.048016935491,50.5599788739673,4.17106292314343
75.2996145053499,379.148645148708,4.10020513970518
228.153754890412,413.488121433835,3.85494487876941
431.326440278116,10.054756225833,3.18673835061208
361.36022116931,291.728695175424,3.0589393212119
604.254758224908,105.700247812892,4.10820044577611
388.240278763298,224.084556953815,4.22638509920006
561.518259095793,410.729225002042,4.73804759495753
139.935654394478,284.310238765669,4.50707480176029
196.949523449367,369.477768733997,4.03079576520082
126.398209482857,410.277193386609,3.43016662458475
621.993594335055,312.536092261448,4.55113294594811
-0.154550803100028,148.540752280338,4.33368003825508
543.969989305426,199.858211977456,4.02915749780063
34.3798935411769,491.320080624209,3.12549921858466
284.821612590698,25.8753116245533,3.84453907425937
532.921645553133,391.151392317559,3.53642407774794
75.814281484018,80.0572499404257,5.2721938239304
7.16235144893386,79.3968278151642,3.40543243312753
589.404434864984,219.083624002632,3.97240941103189
440.150436693824,461.802164995137,4.86428007475496
658.341472552003,374.117288523841,3.10202400907123
107.606678548338,486.938531897338,4.44266457761093
620.833178765819,94.54656849693,4.03762740650102
419.639103688727,257.893851173073,3.67760968870926
12.0393114645723,180.525804591511,3.1776529783148
57.105225136348,113.194405051787,4.31551011139724
615.767177797434,189.304752183718,4.2686234368951
261.747245395499,223.801584015746,3.77178811477004
579.739826433243,435.459256788727,3.75314659251916
306.014248610027,139.404244584816,3.91049000218189
528.303482998933,458.26968408558,3.87933294201201
43.1669140767549,423.397414537583,3.96160452683501
192.630715157466,290.733623842615,4.20304684473365
549.31473627926,258.225102216262,3.65384261346921
172.960373386955,34.22805773416,4.34357714704914
502.144251649226,342.968684659201,4.55244192072403
33.281531523784,47.9136898663445,3.70333931902218
527.874141094737,153.094319403858,4.80362605384058
NA,NA,NA
658.794555583726,332.892947110902,3.45169599159366
453.357188426918,300.324131686967,3.66183603963906
6.97486471774849,494.689887033843,3.64279187513069
558.048016935491,50.5599788739673,4.17106292314343
75.2996145053499,379.148645148708,4.10020513970518
228.153754890412,413.488121433835,3.85494487876941
431.326440278116,10.054756225833,3.18673835061208
361.36022116931,291.728695175424,3.0589393212119
604.254758224908,105.700247812892,4.10820044577611
388.240278763298,224.084556953815,4.22638509920006
561.518259095793,410.729225002042,4.73804759495753
139.935654394478,284.310238765669,4.50707480176029
196.949523449367,369.477768733997,4.03079576520082
126.398209482857,410.277193386609,3.43016662458475
621.993594335055,312.536092261448,4.55113294594811
-0.154550803100028,148.540752280338,4.33368003825508
543.969989305426,199.858211977456,4.02915749780063
34.3798935411769,491.320080624209,3.12549921858466
284.821612590698,25.8753116245533,3.84453907425937
532.921645553133,391.151392317559,3.53642407774794
75.814281484018,80.0572499404257,5.2721938239304
7.16235144893386,79.3968278151642,3.40543243312753
589.404434864984,219.083624002632,3.97240941103189
440.150436693824,461.802164995137,4.86428007475496
658.341472552003,374.117288523841,3.10202400907123
107.606678548338,486.938531897338,4.44266457761093
620.833178765819,94.54656849693,4.03762740650102
419.639103688727,257.893851173073,3.67760968870926
12.0393114645723,180.525804591511,3.1776529783148
57.105225136348,113.194405051787,4.31551011139724
615.767177797434,189.304752183718,4.2686234368951
261.747245395499,223.801584015746,3.77178811477004
579.739826433243,435.459256788727,3.75314659251916
306.014248610027,139.404244584816,3.91049000218189
528.303482998933,458.26968408558,3.87933294201201
43.1669140767549,423.397414537583,3.96160452683501
192.630715157466,290.733623842615,4.20304684473365
549.31473627926,258.225102216262,3.65384261346921
172.960373386955,34.22805773416,4.34357714704914
502.144251649226,342.968684659201,4.55244192072403
33.281531523784,47.9136898663445,3.70333931902218
527.874141094737,153.094319403858,4.80362605384058
NA,NA,NA
658.794555583726,332.892947110902,3.45169599159366
453.357188426918,300.324131686967,3.66183603963906
6.97486471774849,494.689887033843,3.64279187513069
558.048016935491,50.5599788739673,4.17106292314343
75.2996145053499,379.148645148708,4.10020513970518
228.153754890412,413.488121433835,3.85494487876941
431.326440278116,10.054756225833,3.18673835061208
361.36022116931,291.728695175424,3.0589393212119
604.254758224908,105.700247812892,4.10820044577611
388.240278763298,224.084556953815,4.22638509920006
561.518259095793,410.729225002042,4.73804759495753
139.935654394478,284.310238765669,4.50707480176029
196.949523449367,369.477768733997,4.03079576520082
126.398209482857,410.277193386609,3.43016662458475
621.993594335055,312.536092261448,4.55113294594811
-0.154550803100028,148.540752280338,4.33368003825508
543.969989305426,199.858211977456,4.02915749780063
34.3798935411769,491.320080624209,3.12549921858466
284.821612590698,25.8753116245533,3.84453907425937
532.921645553133,391.151392317559,3.53642407774794
75.814281484018,80.0572499404257,5.2721938239304
7.16235144893386,79.3968278151642,3.40543243312753
589.404434864984,219.083624002632,3.97240941103189
440.150436693824,461.802164995137,4.86428007475496
658.341472552003,374.117288523841,3.10202400907123
107.606678548338,486.938531897338,4.44266457761093
620.833178765819,94.54656849693,4.03762740650102
419.639103688727,257.893851173073,3.67760968870926
12.0393114645723,180.525804591511,3.1776529783148
57.105225136348,113.194405051787,4.31551011139724
615.767177797434,189.304752183718,4.2686234368951
261.747245395499,223.801584015746,3.77178811477004
579.739826433243,435.459256788727,3.75314659251916
306.014248610027,139.404244584816,3.91049000218189
528.303482998933,458.26968408558,3.87933294201201
43.1669140767549,423.397414537583,3.96160452683501
192.630715157466,290.733623842615,4.20304684473365
549.31473627926,258.225102216262,3.65384261346921
172.960373386955,34.22805773416,4.34357714704914
502.144251649226,342.968684659201,4.55244192072403
33.281531523784,47.9136898663445,3.70333931902218
527.874141094737,153.094319403858,4.80362605384058
NA,NA,NA
658.794555583726,332.892947110902,3.45169599159366
453.357188426918,300.324131686967,3.66183603963906
6.97486471774849,494.689887033843,3.64279187513069
558.048016935491,50.5599788739673,4.17106292314343
75.2996145053499,379.148645148708,4.10020513970518
228.153754890412,413.488121433835,3.85494487876941
431.326440278116,10.054756225833,3.18673835061208
361.36022116931,291.728695175424,3.0589393212119
604.254758224908,105.700247812892,4.10820044577611
388.240278763298,224.084556953815,4.22638509920006
561.518259095793,410.729225002042,4.73804759495753
139.935654394478,284.310238765669,4.50707480176029
196.949523449367,369.477768733997,4.03079576520082
126.398209482857,410.277193386609,3.43016662458475
621.993594335055,312.536092261448,4.55113294594811
-0.154550803100028,148.540752280338,4.33368003825508
543.969989305426,199.858211977456,4.02915749780063
34.3798935411769,491.320080624209,3.12549921858466
284.821612590698,25.8753116245533,3.84453907425937
532.921645553133,391.151392317559,3.53642407774794
75.814281484018,80.0572499404257,5.2721938239304
7.16235144893386,79.3968278151642,3.40543243312753
589.404434864984,219.083624002632,3.97240941103189
440.150436693824,461.802164995137,4.86428007475496
658.341472552003,374.117288523841,3.10202400907123
107.606678548338,486.938531897338,4.44266457761093
620.833178765819,94.54656849693,4.03762740650102
419.639103688727,257.893851173073,3.67760968870926
12.0393114645723,180.525804591511,3.1776529783148
57.105225136348,113.194405051787,4.31551011139724
615.767177797434,189.304752183718,4.2686234368951
261.747245395499,223.801584015746,3.77178811477004
579.739826433243,435.459256788727,3.75314659251916
306.014248610027,139.404244584816,3.91049000218189
528.303482998933,458.26968408558,3.87933294201201
43.1669140767549,423.397414537583,3.96160452683501
192.630715157466,290.733623842615,4.20304684473365
549.31473627926,258.225102216262,3.65384261346921
172.960373386955,34.22805773416,4.34357714704914
502.144251649226,342.968684659201,4.55244192072403
33.281531523784,47.9136898663445,3.70333931902218
527.874141094737,153.094319403858,4.80362605384058
NA,NA,NA
658.794555583726,332.892947110902,3.45169599159366
453.357188426918,300.324131686967,3.66183603963906
6.97486471774849,494.689887033843,3.64279187513069
558.048016935491,50.5599788739673,4.17106292314343
75.2996145053499,379.148645148708,4.10020513970518
228.153754890412,413.488121433835,3.85494487876941
431.326440278116,10.054756225833,3.18673835061208
361.36022116931,291.728695175424,3.0589393212119
604.254758224908,105.700247812892,4.10820044577611
388.240278763298,224.084556953815,4.22638509920006
561.518259095793,410.729225002042,4.73804759495753
139.935654394478,284.310238765669,4.50707480176029
196.949523449367,369.477768733997,4.03079576520082
126.398209482857,410.277193386609,3.43016662458475
621.993594335055,312.536092261448,4.55113294594811
-0.154550803100028,148.540752280338,4.33368003825508
543.969989305426,199.858211977456,4.02915749780063
34.3798935411769,491.320080624209,3.12549921858466
284.821612590698,25.8753116245533,3.84453907425937
532.921645553133,391.151392317559,3.53642407774794
75.814281484018,80.0572499404257,5.2721938239304
7.16235144893386,79.3968278151642,3.40543243312753
589.404434864984,219.083624002632,3.97240941103189
440.150436693824,461.802164995137,4.86428007475496
658.341472552003,374.117288523841,3.10202400907123
107.606678548338,486.938531897338,4.44266457761093
620.833178765819,94.54656849693,4.03762740650102
419.639103688727,257.893851173073,3.67760968870926
12.0393114645723,180.525804591511,3.1776529783148
57.105225136348,113.194405051787,4.31551011139724
615.767177797434,189.304752183718,4.2686234368951
261.747245395499,223.801584015746,3.77178811477004
579.739826433243,435.459256788727,3.75314659251916
306.014248610027,139.404244584816,3.91049000218189
528.303482998933,458.26968408558,3.87933294201201
43.1669140767549,423.397414537583,3.96160452683501
192.630715157466,290.733623842615,4.20304684473365
549.31473627926,258.225102216262,3.65384261346921
172.960373386955,34.22805773416,4.34357714704914
502.144251649226,342.968684659201,4.55244192072403
33.281531523784,47.9136898663445,3.70333931902218
527.874141094737,153.094319403858,4.80362605384058
NA,NA,NA
661.550702378636,334.323429769147,3.39070108166888
455.116395042585,300.924392088747,3.77359423995641
12.4424414996616,492.715048617557,3.5860737688431
562.842321507024,52.3773255800485,4.19265259019133
70.7979214877459,378.029042643617,4.13929910301916
229.245117711352,414.713057806231,3.8571486789807
425.686695840783,13.2605101459927,3.24332955426075
362.635201435402,292.310556650381,3.01513123527743
603.430158166793,105.301264380091,4.14669404191241
399.472008399984,231.450758700771,4.16181443662323
569.965675963589,405.528153318471,4.78077021776566
144.571508284168,281.891003830269,4.55436589197765
198.139313435587,367.815881843857,3.95022020245487
127.191161645391,407.895024411324,3.53465729505959
626.555755289117,310.648277067317,4.48001888490646
-0.204936104811449,145.510121717179,4.28997378984917
544.064681620698,198.788306580079,3.98344138468567
34.848961007081,492.574624290644,3.07750270772749
279.321518242432,27.1949817200312,3.93658927065652
533.237901686217,392.460169287837,3.48952521814168
77.7744328572582,79.0309752911424,5.20259660268269
3.24239318467478,77.6479468960781,3.53460826372912
586.081936971227,226.335221058064,3.91540928128579
433.514524805348,458.980570421433,4.67916210145203
661.247463646344,373.889655063857,3.13452219929613
106.277094255346,484.461395347683,4.34260342708157
623.757211717156,88.1806149554766,4.06861770085589
420.581015264766,256.982433562173,3.5594500989263
13.5824504484293,183.757570872047,3.14044455590964
40.7038319301202,126.000526554016,4.43685647133325
626.847694675703,199.516405652091,4.36592271556445
248.840653275061,222.219438938045,3.95244478297507
581.024742001416,426.1497793949,3.96644563349025
303.614176752192,134.135416461526,3.91225134299537
530.69481913949,461.841535725625,3.54891416799766
40.6641079062939,414.843914209486,3.95984816846906
186.225339932195,282.143456189943,3.8295289489053
562.275175002704,261.772519765303,3.76237237425107
163.940215765961,29.9694532954549,4.47074656346467
494.198856335616,342.243683428642,4.51575511499904
46.1902897382602,44.5565785810277,3.68316253268416
532.288529748992,147.411513276999,4.5511721696018
NA,NA,NA
661.550702378636,334.323429769147,3.39070108166888
455.116395042585,300.924392088747,3.77359423995641
12.4424414996616,492.715048617557,3.5860737688431
562.842321507024,52.3773255800485,4.19265259019133
70.7979214877459,378.029042643617,4.13929910301916
229.245117711352,414.713057806231,3.8571486789807
425.686695840783,13.2605101459927,3.24332955426075
362.635201435402,292.310556650381,3.01513123527743
603.430158166793,105.301264380091,4.14669404191241
399.472008399984,231.450758700771,4.16181443662323
569.965675963589,405.528153318471,4.78077021776566
144.571508284168,281.891003830269,4.55436589197765
198.139313435587,367.815881843857,3.95022020245487
127.191161645391,407.895024411324,3.53465729505959
626.555755289117,310.648277067317,4.48001888490646
-0.204936104811449,145.510121717179,4.28997378984917
544.064681620698,198.788306580079,3.98344138468567
34.848961007081,492.574624290644,3.07750270772749
279.321518242432,27.1949817200312,3.93658927065652
533.237901686217,392.460169287837,3.48952521814168
77.7744328572582,79.0309752911424,5.20259660268269
3.24239318467478,77.6479468960781,3.53460826372912
586.081936971227,226.335221058064,3.91540928128579
433.514524805348,458.980570421433,4.67916210145203
661.247463646344,373.889655063857,3.13452219929613
106.277094255346,484.461395347683,4.34260342708157
623.757211717156,88.1806149554766,4.06861770085589
420.581015264766,256.982433562173,3.5594500989263
13.5824504484293,183.757570872047,3.14044455590964
40.7038319301202,126.000526554016,4.43685647133325
626.847694675703,199.516405652091,4.36592271556445
248.840653275061,222.219438938045,3.95244478297507
581.024742001416,426.1497793949,3.96644563349025
303.614176752192,134.135416461526,3.91225134299537
530.69481913949,461.841535725625,3.54891416799766
40.6641079062939,414.843914209486,3.95984816846906
186.225339932195,282.143456189943,3.8295289489053
562.275175002704,261.772519765303,3.76237237425107
163.940215765961,29.9694532954549,4.47074656346467
494.198856335616,342.243683428642,4.51575511499904
46.1902897382602,44.5565785810277,3.68316253268416
532.288529748992,147.411513276999,4.5511721696018
NA,NA,NA
661.550702378636,334.323429769147,3.39070108166888
455.116395042585,300.924392088747,3.77359423995641
12.4424414996616,492.715048617557,3.5860737688431
562.842321507024,52.3773255800485,4.19265259019133
70.7979214877459,378.029042643617,4.13929910301916
229.245117711352,414.713057806231,3.8571486789807
425.686695840783,13.2605101459927,3.24332955426075
362.635201435402,292.310556650381,3.01513123527743
603.430158166793,105.301264380091,4.14669404191241
399.472008399984,231.450758700771,4.16181443662323
569.965675963589,405.528153318471,4.78077021776566
144.571508284168,281.891003830269,4.55436589197765
198.139313435587,367.815881843857,3.95022020245487
127.191161645391,407.895024411324,3.53465729505959
626.555755289117,310.648277067317,4.48001888490646
-0.204936104811449,145.510121717179,4.28997378984917
544.064681620698,198.788306580079,3.98344138468567
34.848961007081,492.574624290644,3.07750270772749
279.321518242432,27.1949817200312,3.93658927065652
533.237901686217,392.460169287837,3.48952521814168
77.7744328572582,79.0309752911424,5.20259660268269
3.24239318467478,77.6479468960781,3.53460826372912
586.081936971227,226.335221058064,3.91540928128579
433.514524805348,458.980570421433,4.67916210145203
661.247463646344,373.889655063857,3.13452219929613
106.277094255346,484.461395347683,4.34260342708157
623.757211717156,88.1806149554766,4.06861770085589
420.581015264766,256.982433562173,3.5594500989263
13.5824504484293,183.757570872047,3.14044455590964
40.7038319301202,126.000526554016,4.43685647133325
626.847694675703,199.516405652091,4.36592271556445
248.840653275061,222.219438938045,3.95244478297507
581.024742001416,426.1497793949,3.96644563349025
303.614176752192,134.135416461526,3.91225134299537
530.69481913949,461.841535725625,3.54891416799766
40.6641079062939,414.843914209486,3.95984816846906
186.225339932195,282.143456189943,3.8295289489053
562.275175002704,261.772519765303,3.76237237425107
163.940215765961,29.9694532954549,4.47074656346467
494.198856335616,342.243683428642,4.51575511499904
46.1902897382602,44.5565785810277,3.68316253268416
532.288529748992,147.411513276999,4.5511721696018
NA,NA,NA
661.550702378636,334.323429769147,3.39070108166888
455.116395042585,300.924392088747,3.77359423995641
12.4424414996616,492.715048617557,3.5860737688431
562.842321507024,52.3773255800485,4.19265259019133
70.7979214877459,378.029042643617,4.13929910301916
229.245117711352,414.713057806231,3.8571486789807
425.686695840783,13.2605101459927,3.24332955426075
362.635201435402,292.310556650381,3.01513123527743
603.430158166793,105.301264380091,4.14669404191241
399.472008399984,231.450758700771,4.16181443662323
569.965675963589,405.528153318471,4.78077021776566
144.571508284168,281.891003830269,4.55436589197765
198.139313435587,367.815881843857,3.95022020245487
127.191161645391,407.895024411324,3.53465729505959
626.555755289117,310.648277067317,4.48001888490646
-0.204936104811449,145.510121717179,4.28997378984917
544.064681620698,198.788306580079,3.98344138468567
34.848961007081,492.574624290644,3.07750270772749
279.321518242432,27.1949817200312,3.93658927065652
533.237901686217,392.460169287837,3.48952521814168
77.7744328572582,79.0309752911424,5.20259660268269
3.24239318467478,77.6479468960781,3.53460826372912
586.081936971227,226.335221058064,3.91540928128579
433.514524805348,458.980570421433,4.67916210145203
661.247463646344,373.889655063857,3.13452219929613
106.277094255346,484.461395347683,4.34260342708157
623.757211717156,88.1806149554766,4.06861770085589
420.581015264766,256.982433562173,3.5594500989263
13.5824504484293,183.757570872047,3.14044455590964
40.7038319301202,126.000526554016,4.43685647133325
626.847694675703,199.516405652091,4.36592271556445
248.840653275061,222.219438938045,3.95244478297507
581.024742001416,426.1497793949,3.96644563349025
303.614176752192,134.135416461526,3.91225134299537
530.69481913949,461.841535725625,3.54891416799766
40.6641079062939,414.843914209486,3.95984816846906
186.225339932195,282.143456189943,3.8295289489053
562.275175002704,261.772519765303,3.76237237425107
163.940215765961,29.9694532954549,4.47074656346467
494.198856335616,342.243683428642,4.51575511499904
46.1902897382602,44.5565785810277,3.68316253268416
532.288529748992,147.411513276999,4.5511721696018
NA,NA,NA
661.550702378636,334.323429769147,3.39070108166888
455.116395042585,300.924392088747,3.77359423995641
12.4424414996616,492.715048617557,3.5860737688431
562.842321507024,52.3773255800485,4.19265259019133
70.7979214877459,378.029042643617,4.13929910301916
229.245117711352,414.713057806231,3.8571486789807
425.686695840783,13.2605101459927,3.24332955426075
362.635201435402,292.310556650381,3.01513123527743
603.430158166793,105.301264380091,4.14669404191241
399.472008399984,231.450758700771,4.16181443662323
569.965675963589,405.528153318471,4.78077021776566
144.571508284168,281.891003830269,4.55436589197765
198.139313435587,367.815881843857,3.95022020245487
127.191161645391,407.895024411324,3.53465729505959
626.555755289117,310.648277067317,4.48001888490646
-0.204936104811449,145.510121717179,4.28997378984917
544.064681620698,198.788306580079,3.98344138468567
34.848961007081,492.574624290644,3.07750270772749
279.321518242432,27.1949817200312,3.93658927065652
533.237901686217,392.460169287837,3.48952521814168
77.7744328572582,79.0309752911424,5.20259660268269
3.24239318467478,77.6479468960781,3.53460826372912
586.081936971227,226.335221058064,3.91540928128579
433.514524805348,458.980570421433,4.67916210145203
661.247463646344,373.889655063857,3.13452219929613
106.277094255346,484.461395347683,4.34260342708157
623.757211717156,88.1806149554766,4.06861770085589
420.581015264766,256.982433562173,3.5594500989263
13.5824504484293,183.757570872047,3.14044455590964
40.7038319301202,126.000526554016,4.43685647133325
626.847694675703,199.516405652091,4.36592271556445
248.840653275061,222.219438938045,3.95244478297507
581.024742001416,426.1497793949,3.96644563349025
303.614176752192,134.135416461526,3.91225134299537
530.69481913949,461.841535725625,3.54891416799766
40.6641079062939,414.843914209486,3.95984816846906
186.225339932195,282.143456189943,3.8295289489053
562.275175002704,261.772519765303,3.76237237425107
163.940215765961,29.9694532954549,4.47074656346467
494.198856335616,342.243683428642,4.51575511499904
46.1902897382602,44.5565785810277,3.68316253268416
532.288529748992,147.411513276999,4.5511721696018
NA,NA,NA
661.550702378636,334.323429769147,3.39070108166888
455.116395042585,300.924392088747,3.77359423995641
12.4424414996616,492.715048617557,3.5860737688431
562.842321507024,52.3773255800485,4.19265259019133
70.7979214877459,378.029042643617,4.13929910301916
229.245117711352,414.713057806231,3.8571486789807
425.686695840783,13.2605101459927,3.24332955426075
362.635201435402,292.310556650381,3.01513123527743
603.430158166793,105.301264380091,4.14669404191241
399.472008399984,231.450758700771,4.16181443662323
569.965675963589,405.528153318471,4.78077021776566
144.571508284168,281.891003830269,4.55436589197765
198.139313435587,367.815881843857,3.95022020245487
127.191161645391,407.895024411324,3.53465729505959
626.555755289117,310.648277067317,4.48001888490646
-0.204936104811449,145.510121717179,4.28997378984917
544.064681620698,198.788306580079,3.98344138468567
34.848961007081,492.574624290644,3.07750270772749
279.321518242432,27.1949817200312,3.93658927065652
533.237901686217,392.460169287837,3.48952521814168
77.7744328572582,79.0309752911424,5.20259660268269
3.24239318467478,77.6479468960781,3.53460826372912
586.081936971227,226.335221058064,3.91540928128579
433.514524805348,458.980570421433,4.67916210145203
661.247463646344,373.889655063857,3.13452219929613
106.277094255346,484.461395347683,4.34260342708157
623.757211717156,88.1806149554766,4.06861770085589
420.581015264766,256.982433562173,3.5594500989263
13.5824504484293,183.757570872047,3.14044455590964
40.7038319301202,126.000526554016,4.43685647133325
626.847694675703,199.516405652091,4.36592271556445
248.840653275061,222.219438938045,3.95244478297507
581.024742001416,426.1497793949,3.96644563349025
303.614176752192,134.135416461526,3.91225134299537
530.69481913949,461.841535725625,3.54891416799766
40.6641079062939,414.843914209486,3.95984816846906
186.225339932195,282.143456189943,3.8295289489053
562.275175002704,261.772519765303,3.76237237425107
163.940215765961,29.9694532954549,4.47074656346467
494.198856335616,342.243683428642,4.51575511499904
46.1902897382602,44.5565785810277,3.68316253268416
532.288529748992,147.411513276999,4.5511721696018
NA,NA,NA
662.49796382665,333.192217221714,3.50728679918478
451.783155257696,295.886105761486,3.71100949725073
9.12412361695032,495.452620191265,3.63165635217794
558.424889214401,51.6500021889467,4.0451922966791
72.6687511906484,372.806106383119,3.8943267957281
225.079661622104,415.947247944738,3.85323631600366
430.668527891298,11.4264380073339,3.28233644013619
361.985655051886,292.829447321779,3.078266262852
605.677509424417,106.976847761108,4.13317138667439
392.341807490957,228.534290708799,4.1128179916218
570.343991568885,403.54135189179,4.77557577581635
140.374103342536,278.999882341211,4.65488162671646
198.084027256881,366.801165368865,3.89760279016136
124.777746422246,412.21781968547,3.36117314566276
626.477278425124,311.870173036979,4.61100335637475
3.58999401373315,150.550454070748,4.21975285236404
542.712338618564,200.161782483496,4.1072130376226
34.0041336947017,492.769958996719,2.91291521102579
279.538147441377,22.2610185041537,3.90280315343388
536.519242901416,391.189343124734,3.3122905827347
74.8986159489416,76.8989696117837,5.14389856818925
4.52877422713028,72.3595340422146,3.41468974320926
588.468259776364,226.73124187279,4.10379612198407
440.42959578443,463.585706486488,4.80430727125083
658.94045992138,371.76319292234,2.99034626283244
114.179024840835,487.329479296138,4.39158546716543
621.301939764316,87.1022980098569,4.08948811610495
419.82740074648,258.073752770008,3.64967098289112
12.4180549121629,183.849287618467,3.32089369759037
62.1460689537725,135.557998667563,4.30274313569257
612.480580093126,198.820181506859,4.09815702684817
262.423055847892,221.218590139207,4.20073477372096
559.279635514961,442.320497607444,3.71960064167408
300.279132232744,137.521466531246,3.92440576988012
532.955323468147,454.125475273104,3.4362664440239
58.0411798047137,419.992461726573,3.6261897585922
204.386199838078,288.721160317035,4.25326073522275
550.412518192074,257.640805245549,4.13038170451971
178.292872403958,29.8390140827975,4.2583929015464
503.490438709944,341.308980543858,4.59314536622283
44.3038336890845,54.5647709012263,3.58870529864109
531.825538719851,149.888046558738,4.99650956856478
NA,NA,NA
662.49796382665,333.192217221714,3.50728679918478
451.783155257696,295.886105761486,3.71100949725073
9.12412361695032,495.452620191265,3.63165635217794
558.424889214401,51.6500021889467,4.0451922966791
72.6687511906484,372.806106383119,3.8943267957281
225.079661622104,415.947247944738,3.85323631600366
430.668527891298,11.4264380073339,3.28233644013619
361.985655051886,292.829447321779,3.078266262852
605.677509424417,106.976847761108,4.13317138667439
392.341807490957,228.534290708799,4.1128179916218
570.343991568885,403.54135189179,4.77557577581635
140.374103342536,278.999882341211,4.65488162671646
198.084027256881,366.801165368865,3.89760279016136
124.777746422246,412.21781968547,3.36117314566276
626.477278425124,311.870173036979,4.61100335637475
3.58999401373315,150.550454070748,4.21975285236404
542.712338618564,200.161782483496,4.1072130376226
34.0041336947017,492.769958996719,2.91291521102579
279.538147441377,22.2610185041537,3.90280315343388
536.519242901416,391.189343124734,3.3122905827347
74.8986159489416,76.8989696117837,5.14389856818925
4.52877422713028,72.3595340422146,3.41468974320926
588.468259776364,226.73124187279,4.10379612198407
440.42959578443,463.585706486488,4.80430727125083
658.94045992138,371.76319292234,2.99034626283244
114.179024840835,487.329479296138,4.39158546716543
621.301939764316,87.1022980098569,4.08948811610495
419.82740074648,258.073752770008,3.64967098289112
12.4180549121629,183.849287618467,3.32089369759037
62.1460689537725,135.557998667563,4.30274313569257
612.480580093126,198.820181506859,4.09815702684817
262.423055847892,221.218590139207,4.20073477372096
559.279635514961,442.320497607444,3.71960064167408
300.279132232744,137.521466531246,3.92440576988012
532.955323468147,454.125475273104,3.4362664440239
58.0411798047137,419.992461726573,3.6261897585922
204.386199838078,288.721160317035,4.25326073522275
550.412518192074,257.640805245549,4.13038170451971
178.292872403958,29.8390140827975,4.2583929015464
503.490438709944,341.308980543858,4.59314536622283
44.3038336890845,54.5647709012263,3.58870529864109
531.825538719851,149.888046558738,4.99650956856478
NA,NA,NA
662.49796382665,333.192217221714,3.50728679918478
451.783155257696,295.886105761486,3.71100949725073
9.12412361695032,495.452620191265,3.63165635217794
558.424889214401,51.6500021889467,4.0451922966791
72.6687511906484,372.806106383119,3.8943267957281
225.079661622104,415.947247944738,3.85323631600366
430.668527891298,11.4264380073339,3.28233644013619
361.985655051886,292.829447321779,3.078266262852
605.677509424417,106.976847761108,4.13317138667439
392.341807490957,228.534290708799,4.1128179916218
570.343991568885,403.54135189179,4.77557577581635
140.374103342536,278.999882341211,4.65488162671646
198.084027256881,366.801165368865,3.89760279016136
124.777746422246,412.21781968547,3.36117314566276
626.477278425124,311.870173036979,4.61100335637475
3.58999401373315,150.550454070748,4.21975285236404
542.712338618564,200.161782483496,4.1072130376226
34.0041336947017,492.769958996719,2.91291521102579
279.538147441377,22.2610185041537,3.90280315343388
536.519242901416,391.189343124734,3.3122905827347
74.8986159489416,76.8989696117837,5.14389856818925
4.52877422713028,72.3595340422146,3.41468974320926
588.468259776364,226.73124187279,4.10379612198407
440.42959578443,463.585706486488,4.80430727125083
658.94045992138,371.76319292234,2.99034626283244
114.179024840835,487.329479296138,4.39158546716543
621.301939764316,87.1022980098569,4.08948811610495
419.82740074648,258.073752770008,3.64967098289112
12.4180549121629,183.849287618467,3.32089369759037
62.1460689537725,135.557998667563,4.30274313569257
612.480580093126,198.820181506859,4.09815702684817
262.423055847892,221.218590139207,4.20073477372096
559.279635514961,442.320497607444,3.71960064167408
300.279132232744,137.521466531246,3.92440576988012
532.955323468147,454.125475273104,3.4362664440239
58.0411798047137,419.992461726573,3.6261897585922
204.386199838078,288.721160317035,4.25326073522275
550.412518192074,257.640805245549,4.13038170451971
178.292872403958,29.8390140827975,4.2583929015464
503.490438709944,341.308980543858,4.59314536622283
44.3038336890845,54.5647709012263,3.58870529864109
531.825538719851,149.888046558738,4.99650956856478
NA,NA,NA
662.49796382665,333.192217221714,3.50728679918478
451.783155257696,295.886105761486,3.71100949725073
9.12412361695032,495.452620191265,3.63165635217794
558.424889214401,51.6500021889467,4.0451922966791
72.6687511906484,372.806106383119,3.8943267957281
225.079661622104,415.947247944738,3.85323631600366
430.668527891298,11.4264380073339,3.28233644013619
361.985655051886,292.829447321779,3.078266262852
605.677509424417,106.976847761108,4.13317138667439
392.341807490957,228.534290708799,4.1128179916218
570.343991568885,403.54135189179,4.77557577581635
140.374103342536,278.999882341211,4.65488162671646
198.084027256881,366.801165368865,3.89760279016136
124.777746422246,412.21781968547,3.36117314566276
626.477278425124,311.870173036979,4.61100335637475
3.58999401373315,150.550454070748,4.21975285236404
542.712338618564,200.161782483496,4.1072130376226
34.0041336947017,492.769958996719,2.91291521102579
279.538147441377,22.2610185041537,3.90280315343388
536.519242901416,391.189343124734,3.3122905827347
74.8986159489416,76.8989696117837,5.14389856818925
4.52877422713028,72.3595340422146,3.41468974320926
588.468259776364,226.73124187279,4.10379612198407
440.42959578443,463.585706486488,4.80430727125083
658.94045992138,371.76319292234,2.99034626283244
114.179024840835,487.329479296138,4.39158546716543
621.301939764316,87.1022980098569,4.08948811610495
419.82740074648,258.073752770008,3.64967098289112
12.4180549121629,183.849287618467,3.32089369759037
62.1460689537725,135.557998667563,4.30274313569257
612.480580093126,198.820181506859,4.09815702684817
262.423055847892,221.218590139207,4.20073477372096
559.279635514961,442.320497607444,3.71960064167408
300.279132232744,137.521466531246,3.92440576988012
532.955323468147,454.125475273104,3.4362664440239
58.0411798047137,419.992461726573,3.6261897585922
204.386199838078,288.721160317035,4.25326073522275
550.412518192074,257.640805245549,4.13038170451971
178.292872403958,29.8390140827975,4.2583929015464
503.490438709944,341.308980543858,4.59314536622283
44.3038336890845,54.5647709012263,3.58870529864109
531.825538719851,149.888046558738,4.99650956856478
NA,NA,NA
662.49796382665,333.192217221714,3.50728679918478
451.783155257696,295.886105761486,3.71100949725073
9.12412361695032,495.452620191265,3.63165635217794
558.424889214401,51.6500021889467,4.0451922966791
72.6687511906484,372.806106383119,3.8943267957281
225.079661622104,415.947247944738,3.85323631600366
430.668527891298,11.4264380073339,3.28233644013619
361.985655051886,292.829447321779,3.078266262852
605.677509424417,106.976847761108,4.13317138667439
392.341807490957,228.534290708799,4.1128179916218
570.343991568885,403.54135189179,4.77557577581635
140.374103342536,278.999882341211,4.65488162671646
198.084027256881,366.801165368865,3.89760279016136
124.777746422246,412.21781968547,3.36117314566276
626.477278425124,311.870173036979,4.61100335637475
3.58999401373315,150.550454070748,4.21975285236404
542.712338618564,200.161782483496,4.1072130376226
34.0041336947017,492.769958996719,2.91291521102579
279.538147441377,22.2610185041537,3.90280315343388
536.519242901416,391.189343124734,3.3122905827347
74.8986159489416,76.8989696117837,5.14389856818925
4.52877422713028,72.3595340422146,3.41468974320926
588.468259776364,226.73124187279,4.10379612198407
440.42959578443,463.585706486488,4.80430727125083
658.94045992138,371.76319292234,2.99034626283244
114.179024840835,487.329479296138,4.39158546716543
621.301939764316,87.1022980098569,4.08948811610495
419.82740074648,258.073752770008,3.64967098289112
12.4180549121629,183.849287618467,3.32089369759037
62.1460689537725,135.557998667563,4.30274313569257
612.480580093126,198.820181506859,4.09815702684817
262.423055847892,221.218590139207,4.20073477372096
559.279635514961,442.320497607444,3.71960064167408
300.279132232744,137.521466531246,3.92440576988012
532.955323468147,454.125475273104,3.4362664440239
58.0411798047137,419.992461726573,3.6261897585922
204.386199838078,288.721160317035,4.25326073522275
550.412518192074,257.640805245549,4.13038170451971
178.292872403958,29.8390140827975,4.2583929015464
503.490438709944,341.308980543858,4.59314536622283
44.3038336890845,54.5647709012263,3.58870529864109
531.825538719851,149.888046558738,4.99650956856478
NA,NA,NA
662.49796382665,333.192217221714,3.50728679918478
451.783155257696,295.886105761486,3.71100949725073
9.12412361695032,495.452620191265,3.63165635217794
558.424889214401,51.6500021889467,4.0451922966791
72.6687511906484,372.806106383119,3.8943267957281
225.079661622104,415.947247944738,3.85323631600366
430.668527891298,11.4264380073339,3.28233644013619
361.985655051886,292.829447321779,3.078266262852
605.677509424417,106.976847761108,4.13317138667439
392.341807490957,228.534290708799,4.1128179916218
570.343991568885,403.54135189179,4.77557577581635
140.374103342536,278.999882341211,4.65488162671646
198.084027256881,366.801165368865,3.89760279016136
124.777746422246,412.21781968547,3.36117314566276
626.477278425124,311.870173036979,4.61100335637475
3.58999401373315,150.550454070748,4.21975285236404
542.712338618564,200.161782483496,4.1072130376226
34.0041336947017,492.769958996719,2.91291521102579
279.538147441377,22.2610185041537,3.90280315343388
536.519242901416,391.189343124734,3.3122905827347
74.8986159489416,76.8989696117837,5.14389856818925
4.52877422713028,72.3595340422146,3.41468974320926
588.468259776364,226.73124187279,4.10379612198407
440.42959578443,463.585706486488,4.80430727125083
658.94045992138,371.76319292234,2.99034626283244
114.179024840835,487.329479296138,4.39158546716543
621.301939764316,87.1022980098569,4.08948811610495
419.82740074648,258.073752770008,3.64967098289112
12.4180549121629,183.849287618467,3.32089369759037
62.1460689537725,135.557998667563,4.30274313569257
612.480580093126,198.820181506859,4.09815702684817
262.423055847892,221.218590139207,4.20073477372096
559.279635514961,442.320497607444,3.71960064167408
300.279132232744,137.521466531246,3.92440576988012
532.955323468147,454.125475273104,3.4362664440239
58.0411798047137,419.992461726573,3.6261897585922
204.386199838078,288.721160317035,4.25326073522275
550.412518192074,257.640805245549,4.13038170451971
178.292872403958,29.8390140827975,4.2583929015464
503.490438709944,341.308980543858,4.59314536622283
44.3038336890845,54.5647709012263,3.58870529864109
531.825538719851,149.888046558738,4.99650956856478
NA,NA,NA
659.679357982232,330.795091201173,3.44516525215549
455.221330328058,296.274724571036,3.46900754897035
11.1417982911809,494.978499820134,3.58917860004981
552.033841640341,49.6051871245407,4.28716986229717
76.4765087959865,378.517190058316,3.93263711061765
225.848800459715,417.68432252007,3.83597074295799
429.086796760279,13.162598899812,3.39107932318962
361.470262468093,291.80783663444,2.89803673533663
607.473509622969,106.931064134549,4.13619985844913
392.666038344861,233.173213193329,4.13044825168006
571.818019255777,406.488818598433,4.76645629712928
140.191769549443,283.37202527001,4.53295029535871
203.298587030535,369.106702860332,4.05253322933791
125.8338481903,410.621101925734,3.42003927226597
627.016378233589,310.222271236697,4.50274287232072
4.81456531879169,142.09980681811,4.19322837727982
535.921354231819,202.941518414547,4.0919105946219
34.0245449047134,491.45979833812,3.04821898470757
278.417708352169,20.249546302692,3.96775577111587
534.173663077591,390.702570670526,3.23784177653372
78.3822714876575,80.4860618867642,5.30169576695744
1.55205917523942,74.9264598182211,3.48060250267648
591.076498289472,224.470992258394,4.03382126802123
440.582231266357,465.58648034863,4.74623490747285
659.259809280657,376.27841006631,2.89760707580313
104.291748356651,490.273188578335,4.32803850376038
623.659522307103,91.8174248877108,4.08008011481055
423.644959031777,257.648402165138,3.58882177213654
11.1142192526226,181.185524892107,3.24249665127283
66.763056748947,109.673440324824,4.58590468122234
605.213647630984,194.929406473643,4.45791388255089
255.823918552085,212.128082171741,3.74274649211944
577.600985334269,435.620452690503,3.64206122993328
299.583575902531,138.804166928599,3.78262743253354
535.145702154696,460.183702310914,3.83059205913843
53.0808017837446,408.759665366517,4.20753684542545
184.807827982582,292.795946653851,4.29390007445092
556.96788401333,258.119054593987,3.88039816955357
172.739701378205,19.2945665378603,4.19772308567667
489.700306983858,329.676403942229,4.26824764187069
44.1155750840703,46.8941029799814,3.51211162195155
537.302729395356,146.967916854779,4.79363536102711
NA,NA,NA
659.679357982232,330.795091201173,3.44516525215549
455.221330328058,296.274724571036,3.46900754897035
11.1417982911809,494.978499820134,3.58917860004981
552.033841640341,49.6051871245407,4.28716986229717
76.4765087959865,378.517190058316,3.93263711061765
225.848800459715,417.68432252007,3.83597074295799
429.086796760279,13.162598899812,3.39107932318962
361.470262468093,291.80783663444,2.89803673533663
607.473509622969,106.931064134549,4.13619985844913
392.666038344861,233.173213193329,4.13044825168006
571.818019255777,406.488818598433,4.76645629712928
140.191769549443,283.37202527001,4.53295029535871
203.298587030535,369.106702860332,4.05253322933791
125.8338481903,410.621101925734,3.42003927226597
627.016378233589,310.222271236697,4.50274287232072
4.81456531879169,142.09980681811,4.19322837727982
535.921354231819,202.941518414547,4.0919105946219
34.0245449047134,491.45979833812,3.04821898470757
278.417708352169,20.249546302692,3.96775577111587
534.173663077591,390.702570670526,3.23784177653372
78.3822714876575,80.4860618867642,5.30169576695744
1.55205917523942,74.9264598182211,3.48060250267648
591.076498289472,224.470992258394,4.03382126802123
440.582231266357,465.58648034863,4.74623490747285
659.259809280657,376.27841006631,2.89760707580313
104.291748356651,490.273188578335,4.32803850376038
623.659522307103,91.8174248877108,4.08008011481055
423.644959031777,257.648402165138,3.58882177213654
11.1142192526226,181.185524892107,3.24249665127283
66.763056748947,109.673440324824,4.58590468122234
605.213647630984,194.929406473643,4.45791388255089
255.823918552085,212.128082171741,3.74274649211944
577.600985334269,435.620452690503,3.64206122993328
299.583575902531,138.804166928599,3.78262743253354
535.145702154696,460.183702310914,3.83059205913843
53.0808017837446,408.759665366517,4.20753684542545
184.807827982582,292.795946653851,4.29390007445092
556.96788401333,258.119054593987,3.88039816955357
172.739701378205,19.2945665378603,4.19772308567667
489.700306983858,329.676403942229,4.26824764187069
44.1155750840703,46.8941029799814,3.51211162195155
537.302729395356,146.967916854779,4.79363536102711
NA,NA,NA
659.679357982232,330.795091201173,3.44516525215549
455.221330328058,296.274724571036,3.46900754897035
11.1417982911809,494.978499820134,3.58917860004981
552.033841640341,49.6051871245407,4.28716986229717
76.4765087959865,378.517190058316,3.93263711061765
225.848800459715,417.68432252007,3.83597074295799
429.086796760279,13.162598899812,3.39107932318962
361.470262468093,291.80783663444,2.89803673533663
607.473509622969,106.931064134549,4.13619985844913
392.666038344861,233.173213193329,4.13044825168006
571.818019255777,406.488818598433,4.76645629712928
140.191769549443,283.37202527001,4.53295029535871
203.298587030535,369.106702860332,4.05253322933791
125.8338481903,410.621101925734,3.42003927226597
627.016378233589,310.222271236697,4.50274287232072
4.81456531879169,142.09980681811,4.19322837727982
535.921354231819,202.941518414547,4.0919105946219
34.0245449047134,491.45979833812,3.04821898470757
278.417708352169,20.249546302692,3.96775577111587
534.173663077591,390.702570670526,3.23784177653372
78.3822714876575,80.4860618867642,5.30169576695744
1.55205917523942,74.9264598182211,3.48060250267648
591.076498289472,224.470992258394,4.03382126802123
440.582231266357,465.58648034863,4.74623490747285
659.259809280657,376.27841006631,2.89760707580313
104.291748356651,490.273188578335,4.32803850376038
623.659522307103,91.8174248877108,4.08008011481055
423.644959031777,257.648402165138,3.58882177213654
11.1142192526226,181.185524892107,3.24249665127283
66.763056748947,109.673440324824,4.58590468122234
605.213647630984,194.929406473643,4.45791388255089
255.823918552085,212.128082171741,3.74274649211944
577.600985334269,435.620452690503,3.64206122993328
299.583575902531,138.804166928599,3.78262743253354
535.145702154696,460.183702310914,3.83059205913843
53.0808017837446,408.759665366517,4.20753684542545
184.807827982582,292.795946653851,4.29390007445092
556.96788401333,258.119054593987,3.88039816955357
172.739701378205,19.2945665378603,4.19772308567667
489.700306983858,329.676403942229,4.26824764187069
44.1155750840703,46.8941029799814,3.51211162195155
537.302729395356,146.967916854779,4.79363536102711
NA,NA,NA
659.679357982232,330.795091201173,3.44516525215549
455.221330328058,296.274724571036,3.46900754897035
11.1417982911809,494.978499820134,3.58917860004981
552.033841640341,49.6051871245407,4.28716986229717
76.4765087959865,378.517190058316,3.93263711061765
225.848800459715,417.68432252007,3.83597074295799
429.086796760279,13.162598899812,3.39107932318962
361.470262468093,291.80783663444,2.89803673533663
607.473509622969,106.931064134549,4.13619985844913
392.666038344861,233.173213193329,4.13044825168006
571.818019255777,406.488818598433,4.76645629712928
140.191769549443,283.37202527001,4.53295029535871
203.298587030535,369.106702860332,4.05253322933791
125.8338481903,410.621101925734,3.42003927226597
627.016378233589,310.222271236697,4.50274287232072
4.81456531879169,142.09980681811,4.19322837727982
535.921354231819,202.941518414547,4.0919105946219
34.0245449047134,491.45979833812,3.04821898470757
278.417708352169,20.249546302692,3.96775577111587
534.173663077591,390.702570670526,3.23784177653372
78.3822714876575,80.4860618867642,5.30169576695744
1.55205917523942,74.9264598182211,3.48060250267648
591.076498289472,224.470992258394,4.03382126802123
440.582231266357,465.58648034863,4.74623490747285
659.259809280657,376.27841006631,2.89760707580313
104.291748356651,490.273188578335,4.32803850376038
623.659522307103,91.8174248877108,4.08008011481055
423.644959031777,257.648402165138,3.58882177213654
11.1142192526226,181.185524892107,3.24249665127283
66.763056748947,109.673440324824,4.58590468122234
605.213647630984,194.929406473643,4.45791388255089
255.823918552085,212.128082171741,3.74274649211944
577.600985334269,435.620452690503,3.64206122993328
299.583575902531,138.804166928599,3.78262743253354
535.145702154696,460.183702310914,3.83059205913843
53.0808017837446,408.759665366517,4.20753684542545
184.807827982582,292.795946653851,4.29390007445092
556.96788401333,258.119054593987,3.88039816955357
172.739701378205,19.2945665378603,4.19772308567667
489.700306983858,329.676403942229,4.26824764187069
44.1155750840703,46.8941029799814,3.51211162195155
537.302729395356,146.967916854779,4.79363536102711
NA,NA,NA
659.679357982232,330.795091201173,3.44516525215549
455.221330328058,296.274724571036,3.46900754897035
11.1417982911809,494.978499820134,3.58917860004981
552.033841640341,49.6051871245407,4.28716986229717
76.4765087959865,378.517190058316,3.93263711061765
225.848800459715,417.68432252007,3.83597074295799
429.086796760279,13.162598899812,3.39107932318962
361.470262468093,291.80783663444,2.89803673533663
607.473509622969,106.931064134549,4.13619985844913
392.666038344861,233.173213193329,4.13044825168006
571.818019255777,406.488818598433,4.76645629712928
140.191769549443,283.37202527001,4.53295029535871
203.298587030535,369.106702860332,4.05253322933791
125.8338481903,410.621101925734,3.42003927226597
627.016378233589,310.222271236697,4.50274287232072
4.81456531879169,142.09980681811,4.19322837727982
535.921354231819,202.941518414547,4.0919105946219
34.0245449047134,491.45979833812,3.04821898470757
278.417708352169,20.249546302692,3.96775577111587
534.173663077591,390.702570670526,3.23784177653372
78.3822714876575,80.4860618867642,5.30169576695744
1.55205917523942,74.9264598182211,3.48060250267648
591.076498289472,224.470992258394,4.03382126802123
440.582231266357,465.58648034863,4.74623490747285
659.259809280657,376.27841006631,2.89760707580313
104.291748356651,490.273188578335,4.32803850376038
623.659522307103,91.8174248877108,4.08008011481055
423.644959031777,257.648402165138,3.58882177213654
11.1142192526226,181.185524892107,3.24249665127283
66.763056748947,109.673440324824,4.58590468122234
605.213647630984,194.929406473643,4.45791388255089
255.823918552085,212.128082171741,3.74274649211944
577.600985334269,435.620452690503,3.64206122993328
299.583575902531,138.804166928599,3.78262743253354
535.145702154696,460.183702310914,3.83059205913843
53.0808017837446,408.759665366517,4.20753684542545
184.807827982582,292.795946653851,4.29390007445092
556.96788401333,258.119054593987,3.88039816955357
172.739701378205,19.2945665378603,4.19772308567667
489.700306983858,329.676403942229,4.26824764187069
44.1155750840703,46.8941029799814,3.51211162195155
537.302729395356,146.967916854779,4.79363536102711
NA,NA,NA
659.679357982232,330.795091201173,3.44516525215549
455.221330328058,296.274724571036,3.46900754897035
11.1417982911809,494.978499820134,3.58917860004981
552.033841640341,49.6051871245407,4.28716986229717
76.4765087959865,378.517190058316,3.93263711061765
225.848800459715,417.68432252007,3.83597074295799
429.086796760279,13.162598899812,3.39107932318962
361.470262468093,291.80783663444,2.89803673533663
607.473509622969,106.931064134549,4.13619985844913
392.666038344861,233.173213193329,4.13044825168006
571.818019255777,406.488818598433,4.76645629712928
140.191769549443,283.37202527001,4.53295029535871
203.298587030535,369.106702860332,4.05253322933791
125.8338481903,410.621101925734,3.42003927226597
627.016378233589,310.222271236697,4.50274287232072
4.81456531879169,142.09980681811,4.19322837727982
535.921354231819,202.941518414547,4.0919105946219
34.0245449047134,491.45979833812,3.04821898470757
278.417708352169,20.249546302692,3.96775577111587
534.173663077591,390.702570670526,3.23784177653372
78.3822714876575,80.4860618867642,5.30169576695744
1.55205917523942,74.9264598182211,3.48060250267648
591.076498289472,224.470992258394,4.03382126802123
440.582231266357,465.58648034863,4.74623490747285
659.259809280657,376.27841006631,2.89760707580313
104.291748356651,490.273188578335,4.32803850376038
623.659522307103,91.8174248877108,4.08008011481055
423.644959031777,257.648402165138,3.58882177213654
11.1142192526226,181.185524892107,3.24249665127283
66.763056748947,109.673440324824,4.58590468122234
605.213647630984,194.929406473643,4.45791388255089
255.823918552085,212.128082171741,3.74274649211944
577.600985334269,435.620452690503,3.64206122993328
299.583575902531,138.804166928599,3.78262743253354
535.145702154696,460.183702310914,3.83059205913843
53.0808017837446,408.759665366517,4.20753684542545
184.807827982582,292.795946653851,4.29390007445092
556.96788401333,258.119054593987,3.88039816955357
172.739701378205,19.2945665378603,4.19772308567667
489.700306983858,329.676403942229,4.26824764187069
44.1155750840703,46.8941029799814,3.51211162195155
537.302729395356,146.967916854779,4.79363536102711
NA,NA,NA
662.728061737511,333.082555267105,3.38540311277135
458.754099826905,298.655798896847,3.60560142302987
11.1504682682639,496.719219488184,3.76438441733534
559.095155316133,51.3199923684211,4.18514945547126
74.7163096783835,374.61400635288,3.97913367396159
231.575890213973,412.667462173759,3.73978032297687
430.592962932702,12.8700845315465,3.28579030305626
362.04243334623,294.343309510693,2.98027043777443
607.222889836292,105.124794315801,4.29257515557939
395.651869079984,231.425590239793,4.04541704904844
563.290875409713,402.499543885051,4.68833414562169
138.182253208017,282.356278262709,4.56624510861033
199.908710291284,365.862609660052,4.08856768771813
126.097782255753,411.414542918576,3.45808310589017
625.180134240516,314.468172237437,4.58412825274414
-0.103180585832011,142.492756972941,4.22680475297123
538.480458598241,203.812444921096,4.1149732330944
33.2549883171697,492.243207043292,3.05031099230293
277.849714373848,21.0302843290637,3.88209375990055
534.983373777838,393.11970206318,3.31482542156485
71.4772175495687,74.7593469665015,5.24480828140796
4.45886442922443,75.3765799755753,3.52781844038228
585.628505442185,225.569212373474,4.01712433048286
432.022016040918,458.788620604671,4.77547208201856
658.96014080523,372.58790334114,3.26048277145409
103.728218740251,491.512574564159,4.33376786409551
625.273429249802,89.4410610925426,4.06315315372877
418.409988416666,258.613784759303,3.68798829258051
13.6285825333463,182.513441051204,3.39407236047082
64.4642205109266,120.721302200726,4.60682279156228
598.643323847549,194.137017344504,4.17227525420923
252.809846064216,219.232423595096,3.69798344544513
576.11281873391,438.264963651724,3.78320792285527
296.290329963544,135.660666770857,3.86143557334059
526.274177727762,459.066408692313,3.63930163921802
47.4321476069747,415.857408480758,3.78009977724426
192.732852649738,300.250686753302,3.78674511795238
551.216691233142,271.09609809559,3.82228932685289
176.119138165102,22.3902047835308,3.91029403885231
504.270766356799,346.763657181688,4.79683454848516
41.1240810895296,59.4906243874723,3.68036842705179
534.020894685307,145.824840501386,4.58726461852326
NA,NA,NA
662.728061737511,333.082555267105,3.38540311277135
458.754099826905,298.655798896847,3.60560142302987
11.1504682682639,496.719219488184,3.76438441733534
559.095155316133,51.3199923684211,4.18514945547126
74.7163096783835,374.61400635288,3.97913367396159
231.575890213973,412.667462173759,3.73978032297687
430.592962932702,12.8700845315465,3.28579030305626
362.04243334623,294.343309510693,2.98027043777443
607.222889836292,105.124794315801,4.29257515557939
395.651869079984,231.425590239793,4.04541704904844
563.290875409713,402.499543885051,4.68833414562169
138.182253208017,282.356278262709,4.56624510861033
199.908710291284,365.862609660052,4.08856768771813
126.097782255753,411.414542918576,3.45808310589017
625.180134240516,314.468172237437,4.58412825274414
-0.103180585832011,142.492756972941,4.22680475297123
538.480458598241,203.812444921096,4.1149732330944
33.2549883171697,492.243207043292,3.05031099230293
277.849714373848,21.0302843290637,3.88209375990055
534.983373777838,393.11970206318,3.31482542156485
71.4772175495687,74.7593469665015,5.24480828140796
4.45886442922443,75.3765799755753,3.52781844038228
585.628505442185,225.569212373474,4.01712433048286
432.022016040918,458.788620604671,4.77547208201856
658.96014080523,372.58790334114,3.26048277145409
103.728218740251,491.512574564159,4.33376786409551
625.273429249802,89.4410610925426,4.06315315372877
418.409988416666,258.613784759303,3.68798829258051
13.6285825333463,182.513441051204,3.39407236047082
64.4642205109266,120.721302200726,4.60682279156228
598.643323847549,194.137017344504,4.17227525420923
252.809846064216,219.232423595096,3.69798344544513
576.11281873391,438.264963651724,3.78320792285527
296.290329963544,135.660666770857,3.86143557334059
526.274177727762,459.066408692313,3.63930163921802
47.4321476069747,415.857408480758,3.78009977724426
192.732852649738,300.250686753302,3.78674511795238
551.216691233142,271.09609809559,3.82228932685289
176.119138165102,22.3902047835308,3.91029403885231
504.270766356799,346.763657181688,4.79683454848516
41.1240810895296,59.4906243874723,3.68036842705179
534.020894685307,145.824840501386,4.58726461852326
NA,NA,NA
662.728061737511,333.082555267105,3.38540311277135
458.754099826905,298.655798896847,3.60560142302987
11.1504682682639,496.719219488184,3.76438441733534
559.095155316133,51.3199923684211,4.18514945547126
74.7163096783835,374.61400635288,3.97913367396159
231.575890213973,412.667462173759,3.73978032297687
430.592962932702,12.8700845315465,3.28579030305626
362.04243334623,294.343309510693,2.98027043777443
607.222889836292,105.124794315801,4.29257515557939
395.651869079984,231.425590239793,4.04541704904844
563.290875409713,402.499543885051,4.68833414562169
138.182253208017,282.356278262709,4.56624510861033
199.908710291284,365.862609660052,4.08856768771813
126.097782255753,411.414542918576,3.45808310589017
625.180134240516,314.468172237437,4.58412825274414
-0.103180585832011,142.492756972941,4.22680475297123
538.480458598241,203.812444921096,4.1149732330944
33.2549883171697,492.243207043292,3.05031099230293
277.849714373848,21.0302843290637,3.88209375990055
534.983373777838,393.11970206318,3.31482542156485
71.4772175495687,74.7593469665015,5.24480828140796
4.45886442922443,75.3765799755753,3.52781844038228
585.628505442185,225.569212373474,4.01712433048286
432.022016040918,458.788620604671,4.77547208201856
658.96014080523,372.58790334114,3.26048277145409
103.728218740251,491.512574564159,4.33376786409551
625.273429249802,89.4410610925426,4.06315315372877
418.409988416666,258.613784759303,3.68798829258051
13.6285825333463,182.513441051204,3.39407236047082
64.4642205109266,120.721302200726,4.60682279156228
598.643323847549,194.137017344504,4.17227525420923
252.809846064216,219.232423595096,3.69798344544513
576.11281873391,438.264963651724,3.78320792285527
296.290329963544,135.660666770857,3.86143557334059
526.274177727762,459.066408692313,3.63930163921802
47.4321476069747,415.857408480758,3.78009977724426
192.732852649738,300.250686753302,3.78674511795238
551.216691233142,271.09609809559,3.82228932685289
176.119138165102,22.3902047835308,3.91029403885231
504.270766356799,346.763657181688,4.79683454848516
41.1240810895296,59.4906243874723,3.68036842705179
534.020894685307,145.824840501386,4.58726461852326
NA,NA,NA
662.728061737511,333.082555267105,3.38540311277135
458.754099826905,298.655798896847,3.60560142302987
11.1504682682639,496.719219488184,3.76438441733534
559.095155316133,51.3199923684211,4.18514945547126
74.7163096783835,374.61400635288,3.97913367396159
231.575890213973,412.667462173759,3.73978032297687
430.592962932702,12.8700845315465,3.28579030305626
362.04243334623,294.343309510693,2.98027043777443
607.222889836292,105.124794315801,4.29257515557939
395.651869079984,231.425590239793,4.04541704904844
563.290875409713,402.499543885051,4.68833414562169
138.182253208017,282.356278262709,4.56624510861033
199.908710291284,365.862609660052,4.08856768771813
126.097782255753,411.414542918576,3.45808310589017
625.180134240516,314.468172237437,4.58412825274414
-0.103180585832011,142.492756972941,4.22680475297123
538.480458598241,203.812444921096,4.1149732330944
33.2549883171697,492.243207043292,3.05031099230293
277.849714373848,21.0302843290637,3.88209375990055
534.983373777838,393.11970206318,3.31482542156485
71.4772175495687,74.7593469665015,5.24480828140796
4.45886442922443,75.3765799755753,3.52781844038228
585.628505442185,225.569212373474,4.01712433048286
432.022016040918,458.788620604671,4.77547208201856
658.96014080523,372.58790334114,3.26048277145409
103.728218740251,491.512574564159,4.33376786409551
625.273429249802,89.4410610925426,4.06315315372877
418.409988416666,258.613784759303,3.68798829258051
13.6285825333463,182.513441051204,3.39407236047082
64.4642205109266,120.721302200726,4.60682279156228
598.643323847549,194.137017344504,4.17227525420923
252.809846064216,219.232423595096,3.69798344544513
576.11281873391,438.264963651724,3.78320792285527
296.290329963544,135.660666770857,3.86143557334059
526.274177727762,459.066408692313,3.63930163921802
47.4321476069747,415.857408480758,3.78009977724426
192.732852649738,300.250686753302,3.78674511795238
551.216691233142,271.09609809559,3.82228932685289
176.119138165102,22.3902047835308,3.91029403885231
504.270766356799,346.763657181688,4.79683454848516
41.1240810895296,59.4906243874723,3.68036842705179
534.020894685307,145.824840501386,4.58726461852326
NA,NA,NA
662.728061737511,333.082555267105,3.38540311277135
458.754099826905,298.655798896847,3.60560142302987
11.1504682682639,496.719219488184,3.76438441733534
559.095155316133,51.3199923684211,4.18514945547126
74.7163096783835,374.61400635288,3.97913367396159
231.575890213973,412.667462173759,3.73978032297687
430.592962932702,12.8700845315465,3.28579030305626
362.04243334623,294.343309510693,2.98027043777443
607.222889836292,105.124794315801,4.29257515557939
395.651869079984,231.425590239793,4.04541704904844
563.290875409713,402.499543885051,4.68833414562169
138.182253208017,282.356278262709,4.56624510861033
199.908710291284,365.862609660052,4.08856768771813
126.097782255753,411.414542918576,3.45808310589017
625.180134240516,314.468172237437,4.58412825274414
-0.103180585832011,142.492756972941,4.22680475297123
538.480458598241,203.812444921096,4.1149732330944
33.2549883171697,492.243207043292,3.05031099230293
277.849714373848,21.0302843290637,3.88209375990055
534.983373777838,393.11970206318,3.31482542156485
71.4772175495687,74.7593469665015,5.24480828140796
4.45886442922443,75.3765799755753,3.52781844038228
585.628505442185,225.569212373474,4.01712433048286
432.022016040918,458.788620604671,4.77547208201856
658.96014080523,372.58790334114,3.26048277145409
103.728218740251,491.512574564159,4.33376786409551
625.273429249802,89.4410610925426,4.06315315372877
418.409988416666,258.613784759303,3.68798829258051
13.6285825333463,182.513441051204,3.39407236047082
64.4642205109266,120.721302200726,4.60682279156228
598.643323847549,194.137017344504,4.17227525420923
252.809846064216,219.232423595096,3.69798344544513
576.11281873391,438.264963651724,3.78320792285527
296.290329963544,135.660666770857,3.86143557334059
526.274177727762,459.066408692313,3.63930163921802
47.4321476069747,415.857408480758,3.78009977724426
192.732852649738,300.250686753302,3.78674511795238
551.216691233142,271.09609809559,3.82228932685289
176.119138165102,22.3902047835308,3.91029403885231
504.270766356799,346.763657181688,4.79683454848516
41.1240810895296,59.4906243874723,3.68036842705179
534.020894685307,145.824840501386,4.58726461852326
NA,NA,NA
662.728061737511,333.082555267105,3.38540311277135
458.754099826905,298.655798896847,3.60560142302987
11.1504682682639,496.719219488184,3.76438441733534
559.095155316133,51.3199923684211,4.18514945547126
74.7163096783835,374.61400635288,3.97913367396159
231.575890213973,412.667462173759,3.73978032297687
430.592962932702,12.8700845315465,3.28579030305626
362.04243334623,294.343309510693,2.98027043777443
607.222889836292,105.124794315801,4.29257515557939
395.651869079984,231.425590239793,4.04541704904844
563.290875409713,402.499543885051,4.68833414562169
138.182253208017,282.356278262709,4.56624510861033
199.908710291284,365.862609660052,4.08856768771813
126.097782255753,411.414542918576,3.45808310589017
625.180134240516,314.468172237437,4.58412825274414
-0.103180585832011,142.492756972941,4.22680475297123
538.480458598241,203.812444921096,4.1149732330944
33.2549883171697,492.243207043292,3.05031099230293
277.849714373848,21.0302843290637,3.88209375990055
534.983373777838,393.11970206318,3.31482542156485
71.4772175495687,74.7593469665015,5.24480828140796
4.45886442922443,75.3765799755753,3.52781844038228
585.628505442185,225.569212373474,4.01712433048286
432.022016040918,458.788620604671,4.77547208201856
658.96014080523,372.58790334114,3.26048277145409
103.728218740251,491.512574564159,4.33376786409551
625.273429249802,89.4410610925426,4.06315315372877
418.409988416666,258.613784759303,3.68798829258051
13.6285825333463,182.513441051204,3.39407236047082
64.4642205109266,120.721302200726,4.60682279156228
598.643323847549,194.137017344504,4.17227525420923
252.809846064216,219.232423595096,3.69798344544513
576.11281873391,438.264963651724,3.78320792285527
296.290329963544,135.660666770857,3.86143557334059
526.274177727762,459.066408692313,3.63930163921802
47.4321476069747,415.857408480758,3.78009977724426
192.732852649738,300.250686753302,3.78674511795238
551.216691233142,271.09609809559,3.82228932685289
176.119138165102,22.3902047835308,3.91029403885231
504.270766356799,346.763657181688,4.79683454848516
41.1240810895296,59.4906243874723,3.68036842705179
534.020894685307,145.824840501386,4.58726461852326
NA,NA,NA
661.929487652621,335.492062711709,3.46531770313389
457.721485813799,295.137082568292,3.56399317662969
10.4321544741743,498.807109134429,3.41913213049992
553.656893162367,51.6139880633707,4.33302001145084
73.4900752654538,378.23801757822,3.97743594188379
230.296764140898,413.238253989943,3.92922039427115
426.594885000338,13.5967191934169,3.20672594608435
360.30702105439,292.055441709639,3.04037856475519
601.546232647227,98.2657300025925,4.16805666770119
386.462903340916,228.271577739019,4.21706896834891
562.788186783651,416.375863387873,4.76114687060177
139.600122984913,281.183458846583,4.45000761058802
206.931698641608,369.627425019589,3.98226945302571
122.053807619022,411.474985837102,3.57616029694666
624.761238952811,309.631714242091,4.59537239095831
1.57211366083008,148.822515324899,4.29412904589618
540.804098002253,199.923992036125,4.22946773580092
35.5065416998719,492.323754299153,3.05142904924984
278.951571539417,22.2520936605657,4.08920704759959
532.509390571116,391.496104878604,3.28400331968926
58.545314454472,84.5389521218696,5.11764099727565
7.71778841288537,80.1782591756058,3.56538660944314
588.24621292175,227.040157249573,4.03106330252353
433.27841603973,461.174291573395,4.76619423458933
659.555201805947,371.771493208254,3.12961900431963
108.493885979294,484.207113326994,4.37815492809432
624.703408062848,90.1679928505506,4.09493652878226
419.900823221475,256.279038544337,3.61580024415771
12.6575456547484,181.229838138714,3.166331189359
74.0258089637227,100.686073113385,4.33745056091676
596.869653184877,188.542555074012,4.27088415124904
259.085706149956,218.965214363812,3.73620011412054
574.816055067776,434.445030922595,3.93975144942043
300.180383624957,135.029454241108,3.93081813690832
525.884329326649,464.587172809851,3.84489139539806
53.814525210504,417.333483077129,3.65564052657523
187.425442095676,287.932852135468,4.14126883932529
557.760227044095,264.351166304817,3.77874853719679
179.926631768256,32.6486406010111,4.50982396510341
494.083994205257,344.329944295928,4.41207126469802
37.021914013862,57.0055524218975,3.83135297537983
530.382200549329,160.97438803189,4.71681860509869
NA,NA,NA
661.929487652621,335.492062711709,3.46531770313389
457.721485813799,295.137082568292,3.56399317662969
10.4321544741743,498.807109134429,3.41913213049992
553.656893162367,51.6139880633707,4.33302001145084
73.4900752654538,378.23801757822,3.97743594188379
230.296764140898,413.238253989943,3.92922039427115
426.594885000338,13.5967191934169,3.20672594608435
360.30702105439,292.055441709639,3.04037856475519
601.546232647227,98.2657300025925,4.16805666770119
386.462903340916,228.271577739019,4.21706896834891
562.788186783651,416.375863387873,4.76114687060177
139.600122984913,281.183458846583,4.45000761058802
206.931698641608,369.627425019589,3.98226945302571
122.053807619022,411.474985837102,3.57616029694666
624.761238952811,309.631714242091,4.59537239095831
1.57211366083008,148.822515324899,4.29412904589618
540.804098002253,199.923992036125,4.22946773580092
35.5065416998719,492.323754299153,3.05142904924984
278.951571539417,22.2520936605657,4.08920704759959
532.509390571116,391.496104878604,3.28400331968926
58.545314454472,84.5389521218696,5.11764099727565
7.71778841288537,80.1782591756058,3.56538660944314
588.24621292175,227.040157249573,4.03106330252353
433.27841603973,461.174291573395,4.76619423458933
659.555201805947,371.771493208254,3.12961900431963
108.493885979294,484.207113326994,4.37815492809432
624.703408062848,90.1679928505506,4.09493652878226
419.900823221475,256.279038544337,3.61580024415771
12.6575456547484,181.229838138714,3.166331189359
74.0258089637227,100.686073113385,4.33745056091676
596.869653184877,188.542555074012,4.27088415124904
259.085706149956,218.965214363812,3.73620011412054
574.816055067776,434.445030922595,3.93975144942043
300.180383624957,135.029454241108,3.93081813690832
525.884329326649,464.587172809851,3.84489139539806
53.814525210504,417.333483077129,3.65564052657523
187.425442095676,287.932852135468,4.14126883932529
557.760227044095,264.351166304817,3.77874853719679
179.926631768256,32.6486406010111,4.50982396510341
494.083994205257,344.329944295928,4.41207126469802
37.021914013862,57.0055524218975,3.83135297537983
530.382200549329,160.97438803189,4.71681860509869
NA,NA,NA
661.929487652621,335.492062711709,3.46531770313389
457.721485813799,295.137082568292,3.56399317662969
10.4321544741743,498.807109134429,3.41913213049992
553.656893162367,51.6139880633707,4.33302001145084
73.4900752654538,378.23801757822,3.97743594188379
230.296764140898,413.238253989943,3.92922039427115
426.594885000338,13.5967191934169,3.20672594608435
360.30702105439,292.055441709639,3.04037856475519
601.546232647227,98.2657300025925,4.16805666770119
386.462903340916,228.271577739019,4.21706896834891
562.788186783651,416.375863387873,4.76114687060177
139.600122984913,281.183458846583,4.45000761058802
206.931698641608,369.627425019589,3.98226945302571
122.053807619022,411.474985837102,3.57616029694666
624.761238952811,309.631714242091,4.59537239095831
1.57211366083008,148.822515324899,4.29412904589618
540.804098002253,199.923992036125,4.22946773580092
35.5065416998719,492.323754299153,3.05142904924984
278.951571539417,22.2520936605657,4.08920704759959
532.509390571116,391.496104878604,3.28400331968926
58.545314454472,84.5389521218696,5.11764099727565
7.71778841288537,80.1782591756058,3.56538660944314
588.24621292175,227.040157249573,4.03106330252353
433.27841603973,461.174291573395,4.76619423458933
659.555201805947,371.771493208254,3.12961900431963
108.493885979294,484.207113326994,4.37815492809432
624.703408062848,90.1679928505506,4.09493652878226
419.900823221475,256.279038544337,3.61580024415771
12.6575456547484,181.229838138714,3.166331189359
74.0258089637227,100.686073113385,4.33745056091676
596.869653184877,188.542555074012,4.27088415124904
259.085706149956,218.965214363812,3.73620011412054
574.816055067776,434.445030922595,3.93975144942043
300.180383624957,135.029454241108,3.93081813690832
525.884329326649,464.587172809851,3.84489139539806
53.814525210504,417.333483077129,3.65564052657523
187.425442095676,287.932852135468,4.14126883932529
557.760227044095,264.351166304817,3.77874853719679
179.926631768256,32.6486406010111,4.50982396510341
494.083994205257,344.329944295928,4.41207126469802
37.021914013862,57.0055524218975,3.83135297537983
530.382200549329,160.97438803189,4.71681860509869
NA,NA,NA
661.929487652621,335.492062711709,3.46531770313389
457.721485813799,295.137082568292,3.56399317662969
10.4321544741743,498.807109134429,3.41913213049992
553.656893162367,51.6139880633707,4.33302001145084
73.4900752654538,378.23801757822,3.97743594188379
230.296764140898,413.238253989943,3.92922039427115
426.594885000338,13.5967191934169,3.20672594608435
360.30702105439,292.055441709639,3.04037856475519
601.546232647227,98.2657300025925,4.16805666770119
386.462903340916,228.271577739019,4.21706896834891
562.788186783651,416.375863387873,4.76114687060177
139.600122984913,281.183458846583,4.45000761058802
206.931698641608,369.627425019589,3.98226945302571
122.053807619022,411.474985837102,3.57616029694666
624.761238952811,309.631714242091,4.59537239095831
1.57211366083008,148.822515324899,4.29412904589618
540.804098002253,199.923992036125,4.22946773580092
35.5065416998719,492.323754299153,3.05142904924984
278.951571539417,22.2520936605657,4.08920704759959
532.509390571116,391.496104878604,3.28400331968926
58.545314454472,84.5389521218696,5.11764099727565
7.71778841288537,80.1782591756058,3.56538660944314
588.24621292175,227.040157249573,4.03106330252353
433.27841603973,461.174291573395,4.76619423458933
659.555201805947,371.771493208254,3.12961900431963
108.493885979294,484.207113326994,4.37815492809432
624.703408062848,90.1679928505506,4.09493652878226
419.900823221475,256.279038544337,3.61580024415771
12.6575456547484,181.229838138714,3.166331189359
74.0258089637227,100.686073113385,4.33745056091676
596.869653184877,188.542555074012,4.27088415124904
259.085706149956,218.965214363812,3.73620011412054
574.816055067776,434.445030922595,3.93975144942043
300.180383624957,135.029454241108,3.93081813690832
525.884329326649,464.587172809851,3.84489139539806
53.814525210504,417.333483077129,3.65564052657523
187.425442095676,287.932852135468,4.14126883932529
557.760227044095,264.351166304817,3.77874853719679
179.926631768256,32.6486406010111,4.50982396510341
494.083994205257,344.329944295928,4.41207126469802
37.021914013862,57.0055524218975,3.83135297537983
530.382200549329,160.97438803189,4.71681860509869
NA,NA,NA
661.929487652621,335.492062711709,3.46531770313389
457.721485813799,295.137082568292,3.56399317662969
10.4321544741743,498.807109134429,3.41913213049992
553.656893162367,51.6139880633707,4.33302001145084
73.4900752654538,378.23801757822,3.97743594188379
230.296764140898,413.238253989943,3.92922039427115
426.594885000338,13.5967191934169,3.20672594608435
360.30702105439,292.055441709639,3.04037856475519
601.546232647227,98.2657300025925,4.16805666770119
386.462903340916,228.271577739019,4.21706896834891
562.788186783651,416.375863387873,4.76114687060177
139.600122984913,281.183458846583,4.45000761058802
206.931698641608,369.627425019589,3.98226945302571
122.053807619022,411.474985837102,3.57616029694666
624.761238952811,309.631714242091,4.59537239095831
1.57211366083008,148.822515324899,4.29412904589618
540.804098002253,199.923992036125,4.22946773580092
35.5065416998719,492.323754299153,3.05142904924984
278.951571539417,22.2520936605657,4.08920704759959
532.509390571116,391.496104878604,3.28400331968926
58.545314454472,84.5389521218696,5.11764099727565
7.71778841288537,80.1782591756058,3.56538660944314
588.24621292175,227.040157249573,4.03106330252353
433.27841603973,461.174291573395,4.76619423458933
659.555201805947,371.771493208254,3.12961900431963
108.493885979294,484.207113326994,4.37815492809432
624.703408062848,90.1679928505506,4.09493652878226
419.900823221475,256.279038544337,3.61580024415771
12.6575456547484,181.229838138714,3.166331189359
74.0258089637227,100.686073113385,4.33745056091676
596.869653184877,188.542555074012,4.27088415124904
259.085706149956,218.965214363812,3.73620011412054
574.816055067776,434.445030922595,3.93975144942043
300.180383624957,135.029454241108,3.93081813690832
525.884329326649,464.587172809851,3.84489139539806
53.814525210504,417.333483077129,3.65564052657523
187.425442095676,287.932852135468,4.14126883932529
557.760227044095,264.351166304817,3.77874853719679
179.926631768256,32.6486406010111,4.50982396510341
494.083994205257,344.329944295928,4.41207126469802
37.021914013862,57.0055524218975,3.83135297537983
530.382200549329,160.97438803189,4.71681860509869
NA,NA,NA
661.929487652621,335.492062711709,3.46531770313389
457.721485813799,295.137082568292,3.56399317662969
10.4321544741743,498.807109134429,3.41913213049992
553.656893162367,51.6139880633707,4.33302001145084
73.4900752654538,378.23801757822,3.97743594188379
230.296764140898,413.238253989943,3.92922039427115
426.594885000338,13.5967191934169,3.20672594608435
360.30702105439,292.055441709639,3.04037856475519
601.546232647227,98.2657300025925,4.16805666770119
386.462903340916,228.271577739019,4.21706896834891
562.788186783651,416.375863387873,4.76114687060177
139.600122984913,281.183458846583,4.45000761058802
206.931698641608,369.627425019589,3.98226945302571
122.053807619022,411.474985837102,3.57616029694666
624.761238952811,309.631714242091,4.59537239095831
1.57211366083008,148.822515324899,4.29412904589618
540.804098002253,199.923992036125,4.22946773580092
35.5065416998719,492.323754299153,3.05142904924984
278.951571539417,22.2520936605657,4.08920704759959
532.509390571116,391.496104878604,3.28400331968926
58.545314454472,84.5389521218696,5.11764099727565
7.71778841288537,80.1782591756058,3.56538660944314
588.24621292175,227.040157249573,4.03106330252353
433.27841603973,461.174291573395,4.76619423458933
659.555201805947,371.771493208254,3.12961900431963
108.493885979294,484.207113326994,4.37815492809432
624.703408062848,90.1679928505506,4.09493652878226
419.900823221475,256.279038544337,3.61580024415771
12.6575456547484,181.229838138714,3.166331189359
74.0258089637227,100.686073113385,4.33745056091676
596.869653184877,188.542555074012,4.27088415124904
259.085706149956,218.965214363812,3.73620011412054
574.816055067776,434.445030922595,3.93975144942043
300.180383624957,135.029454241108,3.93081813690832
525.884329326649,464.587172809851,3.84489139539806
53.814525210504,417.333483077129,3.65564052657523
187.425442095676,287.932852135468,4.14126883932529
557.760227044095,264.351166304817,3.77874853719679
179.926631768256,32.6486406010111,4.50982396510341
494.083994205257,344.329944295928,4.41207126469802
37.021914013862,57.0055524218975,3.83135297537983
530.382200549329,160.97438803189,4.71681860509869
NA,NA,NA
659.050580059751,338.009532908398,3.55229147526428
455.133123493655,298.272311215212,3.79439130341467
12.130557052441,496.094316594257,3.62151472849701
563.525877479762,51.8401974453449,4.23240079082874
72.6516750834884,374.232701249902,4.03538807468345
230.609065475476,414.796149025648,3.84326305440884
427.276515188008,11.8798287002684,3.2440752068689
361.900428971909,291.752811505252,3.16883431851265
602.683205783208,106.213544839524,4.28834732100665
390.727549076252,227.712302193889,4.23015923359293
569.92393233436,410.286455195527,4.7290740246328
138.348437072435,279.810615082537,4.33987168484465
193.535658503026,363.735320534737,3.9453732927687
127.372521856837,411.799823610782,3.42367283582233
629.781919427258,312.440847520566,4.56369232858361
7.9473158915486,154.326106992788,4.34564463849922
547.404873080882,208.580742502192,4.11854812610798
33.4836142549801,492.054891382953,2.94857390221517
277.745404197081,23.2209739006848,3.8173701179718
532.808650609523,391.163323575566,3.56773692661416
71.7760743380446,79.8578002869308,5.2562037668241
5.85767226948666,76.2109085926383,3.37421368244021
588.689958252588,227.060896682149,4.04794142615378
436.15556776945,465.2470231889,4.75006510359668
658.33884584796,373.46242240129,3.16272111373106
112.463464081709,488.295611886646,4.30998302319518
618.516268949824,90.8934532742382,4.14713828139328
421.796255162685,257.109304971347,3.71683264444581
13.2547960910369,181.363993333774,3.20391198973082
64.1219575699554,105.776337840978,4.66092594752317
611.81503007924,212.993768174107,4.25076351674269
253.142988543973,216.937876657107,3.87089129610469
576.743783098307,436.750181874216,3.8953425346604
297.276056177881,136.022009856942,3.9340293678783
527.531245742496,466.470809001762,3.62437687977606
34.7278760838199,414.46335640461,3.84827165715223
201.57075155797,288.349513009724,4.0660951626731
553.869513077092,268.420495462521,3.77421059805127
174.933449546749,48.8234305039602,4.15788888148273
501.624834583794,344.846981553397,4.05411965502141
43.0120803223284,47.7908461178013,4.06240520475218
527.845140683485,149.334332486184,4.64303155423316
NA,NA,NA
659.050580059751,338.009532908398,3.55229147526428
455.133123493655,298.272311215212,3.79439130341467
12.130557052441,496.094316594257,3.62151472849701
563.525877479762,51.8401974453449,4.23240079082874
72.6516750834884,374.232701249902,4.03538807468345
230.609065475476,414.796149025648,3.84326305440884
427.276515188008,11.8798287002684,3.2440752068689
361.900428971909,291.752811505252,3.16883431851265
602.683205783208,106.213544839524,4.28834732100665
390.727549076252,227.712302193889,4.23015923359293
569.92393233436,410.286455195527,4.7290740246328
138.348437072435,279.810615082537,4.33987168484465
193.535658503026,363.735320534737,3.9453732927687
127.372521856837,411.799823610782,3.42367283582233
629.781919427258,312.440847520566,4.56369232858361
7.9473158915486,154.326106992788,4.34564463849922
547.404873080882,208.580742502192,4.11854812610798
33.4836142549801,492.054891382953,2.94857390221517
277.745404197081,23.2209739006848,3.8173701179718
532.808650609523,391.163323575566,3.56773692661416
71.7760743380446,79.8578002869308,5.2562037668241
5.85767226948666,76.2109085926383,3.37421368244021
588.689958252588,227.060896682149,4.04794142615378
436.15556776945,465.2470231889,4.75006510359668
658.33884584796,373.46242240129,3.16272111373106
112.463464081709,488.295611886646,4.30998302319518
618.516268949824,90.8934532742382,4.14713828139328
421.796255162685,257.109304971347,3.71683264444581
13.2547960910369,181.363993333774,3.20391198973082
64.1219575699554,105.776337840978,4.66092594752317
611.81503007924,212.993768174107,4.25076351674269
253.142988543973,216.937876657107,3.87089129610469
576.743783098307,436.750181874216,3.8953425346604
297.276056177881,136.022009856942,3.9340293678783
527.531245742496,466.470809001762,3.62437687977606
34.7278760838199,414.46335640461,3.84827165715223
201.57075155797,288.349513009724,4.0660951626731
553.869513077092,268.420495462521,3.77421059805127
174.933449546749,48.8234305039602,4.15788888148273
501.624834583794,344.846981553397,4.05411965502141
43.0120803223284,47.7908461178013,4.06240520475218
527.845140683485,149.334332486184,4.64303155423316
NA,NA,NA
659.050580059751,338.009532908398,3.55229147526428
455.133123493655,298.272311215212,3.79439130341467
12.130557052441,496.094316594257,3.62151472849701
563.525877479762,51.8401974453449,4.23240079082874
72.6516750834884,374.232701249902,4.03538807468345
230.609065475476,414.796149025648,3.84326305440884
427.276515188008,11.8798287002684,3.2440752068689
361.900428971909,291.752811505252,3.16883431851265
602.683205783208,106.213544839524,4.28834732100665
390.727549076252,227.712302193889,4.23015923359293
569.92393233436,410.286455195527,4.7290740246328
138.348437072435,279.810615082537,4.33987168484465
193.535658503026,363.735320534737,3.9453732927687
127.372521856837,411.799823610782,3.42367283582233
629.781919427258,312.440847520566,4.56369232858361
7.9473158915486,154.326106992788,4.34564463849922
547.404873080882,208.580742502192,4.11854812610798
33.4836142549801,492.054891382953,2.94857390221517
277.745404197081,23.2209739006848,3.8173701179718
532.808650609523,391.163323575566,3.56773692661416
71.7760743380446,79.8578002869308,5.2562037668241
5.85767226948666,76.2109085926383,3.37421368244021
588.689958252588,227.060896682149,4.04794142615378
436.15556776945,465.2470231889,4.75006510359668
658.33884584796,373.46242240129,3.16272111373106
112.463464081709,488.295611886646,4.30998302319518
618.516268949824,90.8934532742382,4.14713828139328
421.796255162685,257.109304971347,3.71683264444581
13.2547960910369,181.363993333774,3.20391198973082
64.1219575699554,105.776337840978,4.66092594752317
611.81503007924,212.993768174107,4.25076351674269
253.142988543973,216.937876657107,3.87089129610469
576.743783098307,436.750181874216,3.8953425346604
297.276056177881,136.022009856942,3.9340293678783
527.531245742496,466.470809001762,3.62437687977606
34.7278760838199,414.46335640461,3.84827165715223
201.57075155797,288.349513009724,4.0660951626731
553.869513077092,268.420495462521,3.77421059805127
174.933449546749,48.8234305039602,4.15788888148273
501.624834583794,344.846981553397,4.05411965502141
43.0120803223284,47.7908461178013,4.06240520475218
527.845140683485,149.334332486184,4.64303155423316
NA,NA,NA
659.050580059751,338.009532908398,3.55229147526428
455.133123493655,298.272311215212,3.79439130341467
12.130557052441,496.094316594257,3.62151472849701
563.525877479762,51.8401974453449,4.23240079082874
72.6516750834884,374.232701249902,4.03538807468345
230.609065475476,414.796149025648,3.84326305440884
427.276515188008,11.8798287002684,3.2440752068689
361.900428971909,291.752811505252,3.16883431851265
602.683205783208,106.213544839524,4.28834732100665
390.727549076252,227.712302193889,4.23015923359293
569.92393233436,410.286455195527,4.7290740246328
138.348437072435,279.810615082537,4.33987168484465
193.535658503026,363.735320534737,3.9453732927687
127.372521856837,411.799823610782,3.42367283582233
629.781919427258,312.440847520566,4.56369232858361
7.9473158915486,154.326106992788,4.34564463849922
547.404873080882,208.580742502192,4.11854812610798
33.4836142549801,492.054891382953,2.94857390221517
277.745404197081,23.2209739006848,3.8173701179718
532.808650609523,391.163323575566,3.56773692661416
71.7760743380446,79.8578002869308,5.2562037668241
5.85767226948666,76.2109085926383,3.37421368244021
588.689958252588,227.060896682149,4.04794142615378
436.15556776945,465.2470231889,4.75006510359668
658.33884584796,373.46242240129,3.16272111373106
112.463464081709,488.295611886646,4.30998302319518
618.516268949824,90.8934532742382,4.14713828139328
421.796255162685,257.109304971347,3.71683264444581
13.2547960910369,181.363993333774,3.20391198973082
64.1219575699554,105.776337840978,4.66092594752317
611.81503007924,212.993768174107,4.25076351674269
253.142988543973,216.937876657107,3.87089129610469
576.743783098307,436.750181874216,3.8953425346604
297.276056177881,136.022009856942,3.9340293678783
527.531245742496,466.470809001762,3.62437687977606
34.7278760838199,414.46335640461,3.84827165715223
201.57075155797,288.349513009724,4.0660951626731
553.869513077092,268.420495462521,3.77421059805127
174.933449546749,48.8234305039602,4.15788888148273
501.624834583794,344.846981553397,4.05411965502141
43.0120803223284,47.7908461178013,4.06240520475218
527.845140683485,149.334332486184,4.64303155423316
NA,NA,NA
659.050580059751,338.009532908398,3.55229147526428
455.133123493655,298.272311215212,3.79439130341467
12.130557052441,496.094316594257,3.62151472849701
563.525877479762,51.8401974453449,4.23240079082874
72.6516750834884,374.232701249902,4.03538807468345
230.609065475476,414.796149025648,3.84326305440884
427.276515188008,11.8798287002684,3.2440752068689
361.900428971909,291.752811505252,3.16883431851265
602.683205783208,106.213544839524,4.28834732100665
390.727549076252,227.712302193889,4.23015923359293
569.92393233436,410.286455195527,4.7290740246328
138.348437072435,279.810615082537,4.33987168484465
193.535658503026,363.735320534737,3.9453732927687
127.372521856837,411.799823610782,3.42367283582233
629.781919427258,312.440847520566,4.56369232858361
7.9473158915486,154.326106992788,4.34564463849922
547.404873080882,208.580742502192,4.11854812610798
33.4836142549801,492.054891382953,2.94857390221517
277.745404197081,23.2209739006848,3.8173701179718
532.808650609523,391.163323575566,3.56773692661416
71.7760743380446,79.8578002869308,5.2562037668241
5.85767226948666,76.2109085926383,3.37421368244021
588.689958252588,227.060896682149,4.04794142615378
436.15556776945,465.2470231889,4.75006510359668
658.33884584796,373.46242240129,3.16272111373106
112.463464081709,488.295611886646,4.30998302319518
618.516268949824,90.8934532742382,4.14713828139328
421.796255162685,257.109304971347,3.71683264444581
13.2547960910369,181.363993333774,3.20391198973082
64.1219575699554,105.776337840978,4.66092594752317
611.81503007924,212.993768174107,4.25076351674269
253.142988543973,216.937876657107,3.87089129610469
576.743783098307,436.750181874216,3.8953425346604
297.276056177881,136.022009856942,3.9340293678783
527.531245742496,466.470809001762,3.62437687977606
34.7278760838199,414.46335640461,3.84827165715223
201.57075155797,288.349513009724,4.0660951626731
553.869513077092,268.420495462521,3.77421059805127
174.933449546749,48.8234305039602,4.15788888148273
501.624834583794,344.846981553397,4.05411965502141
43.0120803223284,47.7908461178013,4.06240520475218
527.845140683485,149.334332486184,4.64303155423316
NA,NA,NA
659.050580059751,338.009532908398,3.55229147526428
455.133123493655,298.272311215212,3.79439130341467
12.130557052441,496.094316594257,3.62151472849701
563.525877479762,51.8401974453449,4.23240079082874
72.6516750834884,374.232701249902,4.03538807468345
230.609065475476,414.796149025648,3.84326305440884
427.276515188008,11.8798287002684,3.2440752068689
361.900428971909,291.752811505252,3.16883431851265
602.683205783208,106.213544839524,4.28834732100665
390.727549076252,227.712302193889,4.23015923359293
569.92393233436,410.286455195527,4.7290740246328
138.348437072435,279.810615082537,4.33987168484465
193.535658503026,363.735320534737,3.9453732927687
127.372521856837,411.799823610782,3.42367283582233
629.781919427258,312.440847520566,4.56369232858361
7.9473158915486,154.326106992788,4.34564463849922
547.404873080882,208.580742502192,4.11854812610798
33.4836142549801,492.054891382953,2.94857390221517
277.745404197081,23.2209739006848,3.8173701179718
532.808650609523,391.163323575566,3.56773692661416
71.7760743380446,79.8578002869308,5.2562037668241
5.85767226948666,76.2109085926383,3.37421368244021
588.689958252588,227.060896682149,4.04794142615378
436.15556776945,465.2470231889,4.75006510359668
658.33884584796,373.46242240129,3.16272111373106
112.463464081709,488.295611886646,4.30998302319518
618.516268949824,90.8934532742382,4.14713828139328
421.796255162685,257.109304971347,3.71683264444581
13.2547960910369,181.363993333774,3.20391198973082
64.1219575699554,105.776337840978,4.66092594752317
611.81503007924,212.993768174107,4.25076351674269
253.142988543973,216.937876657107,3.87089129610469
576.743783098307,436.750181874216,3.8953425346604
297.276056177881,136.022009856942,3.9340293678783
527.531245742496,466.470809001762,3.62437687977606
34.7278760838199,414.46335640461,3.84827165715223
201.57075155797,288.349513009724,4.0660951626731
553.869513077092,268.420495462521,3.77421059805127
174.933449546749,48.8234305039602,4.15788888148273
501.624834583794,344.846981553397,4.05411965502141
43.0120803223284,47.7908461178013,4.06240520475218
527.845140683485,149.334332486184,4.64303155423316
NA,NA,NA
661.175491120014,331.230009756761,3.61593172663996
458.160562320459,294.907860701708,3.70913747000875
13.314266777876,496.285334680724,3.59443707905938
562.748275906991,49.2349391955162,4.27588668280947
66.5836111730878,374.413343774889,3.99888563402811
228.580758078317,417.316664457699,3.88854307307351
429.261074322352,14.6852448718291,3.02577698117331
363.034977846368,291.786291666314,2.87725261927431
602.685667625686,105.24054423499,4.10542702881858
398.972944406659,228.539482972827,4.31139137092901
576.147346380366,400.112765547765,4.73159524777951
136.557108399807,286.872158825706,4.60430347230463
198.567613006639,367.1424682707,4.04689159050435
125.833409700453,410.922001291003,3.52006784341975
624.160646659057,314.307815936267,4.52468690906653
-3.70437470104888,149.080940825507,4.36556198131519
542.490082077102,203.112023596228,4.19031037088145
31.9620098964101,492.638966536167,2.97178884066986
281.957976375014,17.9888962406634,3.86958599758831
531.626274323457,390.17072261422,3.4149147385302
74.617032798235,77.0841220639904,5.08220111974196
5.00083023042207,78.0107728522897,3.48560413240126
589.922573517544,229.371679155749,4.07119283331898
441.291287487861,462.590755388153,4.72188968947603
659.492154606945,372.436712954184,2.96575312755247
104.399336024521,491.123998670465,4.26657431783081
622.810758778701,92.4838186654733,4.16553768067684
418.762799899275,258.400825295624,3.6518531191604
13.9522463873813,179.306805996682,3.1941795870641
57.8411540266208,114.871731225552,4.42180413866811
612.736984049937,200.368499977689,4.26560221741278
250.536605566388,223.823369891311,4.2215425545731
569.855381552119,433.961906911147,3.67710372329961
302.83011031647,137.306891855188,3.87927772165521
535.041509514992,456.78419978295,3.50780115189371
51.5570990189237,426.338378171063,3.78741729785672
191.331449638236,284.845021466138,4.3517504707567
560.830160686166,259.426069030954,3.75532543769919
178.048851911455,40.1219437221861,4.23393711557058
497.741321044629,340.550304009702,4.69791770469919
34.6274710160984,48.6792685113639,4.01667803564277
522.556823275432,139.323485658755,4.58471160710829
NA,NA,NA
661.175491120014,331.230009756761,3.61593172663996
458.160562320459,294.907860701708,3.70913747000875
13.314266777876,496.285334680724,3.59443707905938
562.748275906991,49.2349391955162,4.27588668280947
66.5836111730878,374.413343774889,3.99888563402811
228.580758078317,417.316664457699,3.88854307307351
429.261074322352,14.6852448718291,3.02577698117331
363.034977846368,291.786291666314,2.87725261927431
602.685667625686,105.24054423499,4.10542702881858
398.972944406659,228.539482972827,4.31139137092901
576.147346380366,400.112765547765,4.73159524777951
136.557108399807,286.872158825706,4.60430347230463
198.567613006639,367.1424682707,4.04689159050435
125.833409700453,410.922001291003,3.52006784341975
624.160646659057,314.307815936267,4.52468690906653
-3.70437470104888,149.080940825507,4.36556198131519
542.490082077102,203.112023596228,4.19031037088145
31.9620098964101,492.638966536167,2.97178884066986
281.957976375014,17.9888962406634,3.86958599758831
531.626274323457,390.17072261422,3.4149147385302
74.617032798235,77.0841220639904,5.08220111974196
5.00083023042207,78.0107728522897,3.48560413240126
589.922573517544,229.371679155749,4.07119283331898
441.291287487861,462.590755388153,4.72188968947603
659.492154606945,372.436712954184,2.96575312755247
104.399336024521,491.123998670465,4.26657431783081
622.810758778701,92.4838186654733,4.16553768067684
418.762799899275,258.400825295624,3.6518531191604
13.9522463873813,179.306805996682,3.1941795870641
57.8411540266208,114.871731225552,4.42180413866811
612.736984049937,200.368499977689,4.26560221741278
250.536605566388,223.823369891311,4.2215425545731
569.855381552119,433.961906911147,3.67710372329961
302.83011031647,137.306891855188,3.87927772165521
535.041509514992,456.78419978295,3.50780115189371
51.5570990189237,426.338378171063,3.78741729785672
191.331449638236,284.845021466138,4.3517504707567
560.830160686166,259.426069030954,3.75532543769919
178.048851911455,40.1219437221861,4.23393711557058
497.741321044629,340.550304009702,4.69791770469919
34.6274710160984,48.6792685113639,4.01667803564277
522.556823275432,139.323485658755,4.58471160710829
NA,NA,NA
661.175491120014,331.230009756761,3.61593172663996
458.160562320459,294.907860701708,3.70913747000875
13.314266777876,496.285334680724,3.59443707905938
562.748275906991,49.2349391955162,4.27588668280947
66.5836111730878,374.413343774889,3.99888563402811
228.580758078317,417.316664457699,3.88854307307351
429.261074322352,14.6852448718291,3.02577698117331
363.034977846368,291.786291666314,2.87725261927431
602.685667625686,105.24054423499,4.10542702881858
398.972944406659,228.539482972827,4.31139137092901
576.147346380366,400.112765547765,4.73159524777951
136.557108399807,286.872158825706,4.60430347230463
198.567613006639,367.1424682707,4.04689159050435
125.833409700453,410.922001291003,3.52006784341975
624.160646659057,314.307815936267,4.52468690906653
-3.70437470104888,149.080940825507,4.36556198131519
542.490082077102,203.112023596228,4.19031037088145
31.9620098964101,492.638966536167,2.97178884066986
281.957976375014,17.9888962406634,3.86958599758831
531.626274323457,390.17072261422,3.4149147385302
74.617032798235,77.0841220639904,5.08220111974196
5.00083023042207,78.0107728522897,3.48560413240126
589.922573517544,229.371679155749,4.07119283331898
441.291287487861,462.590755388153,4.72188968947603
659.492154606945,372.436712954184,2.96575312755247
104.399336024521,491.123998670465,4.26657431783081
622.810758778701,92.4838186654733,4.16553768067684
418.762799899275,258.400825295624,3.6518531191604
13.9522463873813,179.306805996682,3.1941795870641
57.8411540266208,114.871731225552,4.42180413866811
612.736984049937,200.368499977689,4.26560221741278
250.536605566388,223.823369891311,4.2215425545731
569.855381552119,433.961906911147,3.67710372329961
302.83011031647,137.306891855188,3.87927772165521
535.041509514992,456.78419978295,3.50780115189371
51.5570990189237,426.338378171063,3.78741729785672
191.331449638236,284.845021466138,4.3517504707567
560.830160686166,259.426069030954,3.75532543769919
178.048851911455,40.1219437221861,4.23393711557058
497.741321044629,340.550304009702,4.69791770469919
34.6274710160984,48.6792685113639,4.01667803564277
522.556823275432,139.323485658755,4.58471160710829
NA,NA,NA
661.175491120014,331.230009756761,3.61593172663996
458.160562320459,294.907860701708,3.70913747000875
13.314266777876,496.285334680724,3.59443707905938
562.748275906991,49.2349391955162,4.27588668280947
66.5836111730878,374.413343774889,3.99888563402811
228.580758078317,417.316664457699,3.88854307307351
429.261074322352,14.6852448718291,3.02577698117331
363.034977846368,291.786291666314,2.87725261927431
602.685667625686,105.24054423499,4.10542702881858
398.972944406659,228.539482972827,4.31139137092901
576.147346380366,400.112765547765,4.73159524777951
136.557108399807,286.872158825706,4.60430347230463
198.567613006639,367.1424682707,4.04689159050435
125.833409700453,410.922001291003,3.52006784341975
624.160646659057,314.307815936267,4.52468690906653
-3.70437470104888,149.080940825507,4.36556198131519
542.490082077102,203.112023596228,4.19031037088145
31.9620098964101,492.638966536167,2.97178884066986
281.957976375014,17.9888962406634,3.86958599758831
531.626274323457,390.17072261422,3.4149147385302
74.617032798235,77.0841220639904,5.08220111974196
5.00083023042207,78.0107728522897,3.48560413240126
589.922573517544,229.371679155749,4.07119283331898
441.291287487861,462.590755388153,4.72188968947603
659.492154606945,372.436712954184,2.96575312755247
104.399336024521,491.123998670465,4.26657431783081
622.810758778701,92.4838186654733,4.16553768067684
418.762799899275,258.400825295624,3.6518531191604
13.9522463873813,179.306805996682,3.1941795870641
57.8411540266208,114.871731225552,4.42180413866811
612.736984049937,200.368499977689,4.26560221741278
250.536605566388,223.823369891311,4.2215425545731
569.855381552119,433.961906911147,3.67710372329961
302.83011031647,137.306891855188,3.87927772165521
535.041509514992,456.78419978295,3.50780115189371
51.5570990189237,426.338378171063,3.78741729785672
191.331449638236,284.845021466138,4.3517504707567
560.830160686166,259.426069030954,3.75532543769919
178.048851911455,40.1219437221861,4.23393711557058
497.741321044629,340.550304009702,4.69791770469919
34.6274710160984,48.6792685113639,4.01667803564277
522.556823275432,139.323485658755,4.58471160710829
NA,NA,NA
661.175491120014,331.230009756761,3.61593172663996
458.160562320459,294.907860701708,3.70913747000875
13.314266777876,496.285334680724,3.59443707905938
562.748275906991,49.2349391955162,4.27588668280947
66.5836111730878,374.413343774889,3.99888563402811
228.580758078317,417.316664457699,3.88854307307351
429.261074322352,14.6852448718291,3.02577698117331
363.034977846368,291.786291666314,2.87725261927431
602.685667625686,105.24054423499,4.10542702881858
398.972944406659,228.539482972827,4.31139137092901
576.147346380366,400.112765547765,4.73159524777951
136.557108399807,286.872158825706,4.60430347230463
198.567613006639,367.1424682707,4.04689159050435
125.833409700453,410.922001291003,3.52006784341975
624.160646659057,314.307815936267,4.52468690906653
-3.70437470104888,149.080940825507,4.36556198131519
542.490082077102,203.112023596228,4.19031037088145
31.9620098964101,492.638966536167,2.97178884066986
281.957976375014,17.9888962406634,3.86958599758831
531.626274323457,390.17072261422,3.4149147385302
74.617032798235,77.0841220639904,5.08220111974196
5.00083023042207,78.0107728522897,3.48560413240126
589.922573517544,229.371679155749,4.07119283331898
441.291287487861,462.590755388153,4.72188968947603
659.492154606945,372.436712954184,2.96575312755247
104.399336024521,491.123998670465,4.26657431783081
622.810758778701,92.4838186654733,4.16553768067684
418.762799899275,258.400825295624,3.6518531191604
13.9522463873813,179.306805996682,3.1941795870641
57.8411540266208,114.871731225552,4.42180413866811
612.736984049937,200.368499977689,4.26560221741278
250.536605566388,223.823369891311,4.2215425545731
569.855381552119,433.961906911147,3.67710372329961
302.83011031647,137.306891855188,3.87927772165521
535.041509514992,456.78419978295,3.50780115189371
51.5570990189237,426.338378171063,3.78741729785672
191.331449638236,284.845021466138,4.3517504707567
560.830160686166,259.426069030954,3.75532543769919
178.048851911455,40.1219437221861,4.23393711557058
497.741321044629,340.550304009702,4.69791770469919
34.6274710160984,48.6792685113639,4.01667803564277
522.556823275432,139.323485658755,4.58471160710829
NA,NA,NA
661.175491120014,331.230009756761,3.61593172663996
458.160562320459,294.907860701708,3.70913747000875
13.314266777876,496.285334680724,3.59443707905938
562.748275906991,49.2349391955162,4.27588668280947
66.5836111730878,374.413343774889,3.99888563402811
228.580758078317,417.316664457699,3.88854307307351
429.261074322352,14.6852448718291,3.02577698117331
363.034977846368,291.786291666314,2.87725261927431
602.685667625686,105.24054423499,4.10542702881858
398.972944406659,228.539482972827,4.31139137092901
576.147346380366,400.112765547765,4.73159524777951
136.557108399807,286.872158825706,4.60430347230463
198.567613006639,367.1424682707,4.04689159050435
125.833409700453,410.922001291003,3.52006784341975
624.160646659057,314.307815936267,4.52468690906653
-3.70437470104888,149.080940825507,4.36556198131519
542.490082077102,203.112023596228,4.19031037088145
31.9620098964101,492.638966536167,2.97178884066986
281.957976375014,17.9888962406634,3.86958599758831
531.626274323457,390.17072261422,3.4149147385302
74.617032798235,77.0841220639904,5.08220111974196
5.00083023042207,78.0107728522897,3.48560413240126
589.922573517544,229.371679155749,4.07119283331898
441.291287487861,462.590755388153,4.72188968947603
659.492154606945,372.436712954184,2.96575312755247
104.399336024521,491.123998670465,4.26657431783081
622.810758778701,92.4838186654733,4.16553768067684
418.762799899275,258.400825295624,3.6518531191604
13.9522463873813,179.306805996682,3.1941795870641
57.8411540266208,114.871731225552,4.42180413866811
612.736984049937,200.368499977689,4.26560221741278
250.536605566388,223.823369891311,4.2215425545731
569.855381552119,433.961906911147,3.67710372329961
302.83011031647,137.306891855188,3.87927772165521
535.041509514992,456.78419978295,3.50780115189371
51.5570990189237,426.338378171063,3.78741729785672
191.331449638236,284.845021466138,4.3517504707567
560.830160686166,259.426069030954,3.75532543769919
178.048851911455,40.1219437221861,4.23393711557058
497.741321044629,340.550304009702,4.69791770469919
34.6274710160984,48.6792685113639,4.01667803564277
522.556823275432,139.323485658755,4.58471160710829
NA,NA,NA
659.652701043658,332.351212467442,3.52943292511555
457.047909482486,296.744572858067,3.52511627600239
12.1355784359806,493.079672717435,3.84271274970329
561.044236617248,52.1397780042019,4.1182310463783
70.37818421476,371.97178673428,3.90476732493557
227.280195721462,415.784729596174,3.98117638846457
429.002745335072,12.3597311393753,3.36516333705741
362.818367209691,292.094243420048,3.10642541372765
607.045430828542,105.609658698073,4.0302539957143
393.567759987112,224.987992317182,4.11239830471388
562.975489505641,417.48628104474,4.71545850100081
136.958383392351,286.502827852984,4.58918251791425
198.6860755043,369.170182293867,4.08521344943573
128.457243480462,411.37522296343,3.51367310586454
624.406406053336,310.492312495008,4.5232109474232
-1.35761591346743,145.343996007748,4.24207436216997
543.495944455839,202.954186437093,4.12931517508071
34.4246313467183,492.934246287219,3.02095657356538
283.16119790901,21.1435435414141,3.90377096746679
535.209187196215,390.050713514957,3.49944851038259
71.738262134139,78.5180671836068,5.20461545531028
6.07700835709887,77.8574163495984,3.38295865880815
587.716627116136,228.38200119969,4.03341945752547
445.118364615767,462.25362960093,4.73960383391175
659.107087562157,375.718199624,3.01607700320239
103.105862136123,489.251410552581,4.31776694464793
623.195870776486,86.1692043964412,4.08297330560943
418.936021704947,261.172914891888,3.58374682941691
13.802437818613,181.425296739144,3.12564431946941
69.9554896295703,120.536633332799,4.58583058309917
609.831634816885,195.784842468977,4.32810328546827
264.461857529332,216.701554357254,3.90802852765141
570.586853106457,432.146947044003,3.91592034889328
302.668995520317,137.930577264774,3.93818961602986
534.403811832499,465.112533387462,3.63671076148037
56.3442278694748,423.520123003833,3.87504039730343
196.607078653696,292.037554196746,3.58008002612669
544.184205401444,269.657612939368,3.72533063389184
176.756118497895,28.7968622925665,4.26467936356894
497.028570857787,349.18585804915,4.56633416226015
37.840323157478,42.3043166710105,3.5206776640939
531.401558046785,129.134579281538,4.83169180481938
NA,NA,NA
659.652701043658,332.351212467442,3.52943292511555
457.047909482486,296.744572858067,3.52511627600239
12.1355784359806,493.079672717435,3.84271274970329
561.044236617248,52.1397780042019,4.1182310463783
70.37818421476,371.97178673428,3.90476732493557
227.280195721462,415.784729596174,3.98117638846457
429.002745335072,12.3597311393753,3.36516333705741
362.818367209691,292.094243420048,3.10642541372765
607.045430828542,105.609658698073,4.0302539957143
393.567759987112,224.987992317182,4.11239830471388
562.975489505641,417.48628104474,4.71545850100081
136.958383392351,286.502827852984,4.58918251791425
198.6860755043,369.170182293867,4.08521344943573
128.457243480462,411.37522296343,3.51367310586454
624.406406053336,310.492312495008,4.5232109474232
-1.35761591346743,145.343996007748,4.24207436216997
543.495944455839,202.954186437093,4.12931517508071
34.4246313467183,492.934246287219,3.02095657356538
283.16119790901,21.1435435414141,3.90377096746679
535.209187196215,390.050713514957,3.49944851038259
71.738262134139,78.5180671836068,5.20461545531028
6.07700835709887,77.8574163495984,3.38295865880815
587.716627116136,228.38200119969,4.03341945752547
445.118364615767,462.25362960093,4.73960383391175
659.107087562157,375.718199624,3.01607700320239
103.105862136123,489.251410552581,4.31776694464793
623.195870776486,86.1692043964412,4.08297330560943
418.936021704947,261.172914891888,3.58374682941691
13.802437818613,181.425296739144,3.12564431946941
69.9554896295703,120.536633332799,4.58583058309917
609.831634816885,195.784842468977,4.32810328546827
264.461857529332,216.701554357254,3.90802852765141
570.586853106457,432.146947044003,3.91592034889328
302.668995520317,137.930577264774,3.93818961602986
534.403811832499,465.112533387462,3.63671076148037
56.3442278694748,423.520123003833,3.87504039730343
196.607078653696,292.037554196746,3.58008002612669
544.184205401444,269.657612939368,3.72533063389184
176.756118497895,28.7968622925665,4.26467936356894
497.028570857787,349.18585804915,4.56633416226015
37.840323157478,42.3043166710105,3.5206776640939
531.401558046785,129.134579281538,4.83169180481938
NA,NA,NA
659.652701043658,332.351212467442,3.52943292511555
457.047909482486,296.744572858067,3.52511627600239
12.1355784359806,493.079672717435,3.84271274970329
561.044236617248,52.1397780042019,4.1182310463783
70.37818421476,371.97178673428,3.90476732493557
227.280195721462,415.784729596174,3.98117638846457
429.002745335072,12.3597311393753,3.36516333705741
362.818367209691,292.094243420048,3.10642541372765
607.045430828542,105.609658698073,4.0302539957143
393.567759987112,224.987992317182,4.11239830471388
562.975489505641,417.48628104474,4.71545850100081
136.958383392351,286.502827852984,4.58918251791425
198.6860755043,369.170182293867,4.08521344943573
128.457243480462,411.37522296343,3.51367310586454
624.406406053336,310.492312495008,4.5232109474232
-1.35761591346743,145.343996007748,4.24207436216997
543.495944455839,202.954186437093,4.12931517508071
34.4246313467183,492.934246287219,3.02095657356538
283.16119790901,21.1435435414141,3.90377096746679
535.209187196215,390.050713514957,3.49944851038259
71.738262134139,78.5180671836068,5.20461545531028
6.07700835709887,77.8574163495984,3.38295865880815
587.716627116136,228.38200119969,4.03341945752547
445.118364615767,462.25362960093,4.73960383391175
659.107087562157,375.718199624,3.01607700320239
103.105862136123,489.251410552581,4.31776694464793
623.195870776486,86.1692043964412,4.08297330560943
418.936021704947,261.172914891888,3.58374682941691
13.802437818613,181.425296739144,3.12564431946941
69.9554896295703,120.536633332799,4.58583058309917
609.831634816885,195.784842468977,4.32810328546827
264.461857529332,216.701554357254,3.90802852765141
570.586853106457,432.146947044003,3.91592034889328
302.668995520317,137.930577264774,3.93818961602986
534.403811832499,465.112533387462,3.63671076148037
56.3442278694748,423.520123003833,3.87504039730343
196.607078653696,292.037554196746,3.58008002612669
544.184205401444,269.657612939368,3.72533063389184
176.756118497895,28.7968622925665,4.26467936356894
497.028570857787,349.18585804915,4.56633416226015
37.840323157478,42.3043166710105,3.5206776640939
531.401558046785,129.134579281538,4.83169180481938
NA,NA,NA
659.652701043658,332.351212467442,3.52943292511555
457.047909482486,296.744572858067,3.52511627600239
12.1355784359806,493.079672717435,3.84271274970329
561.044236617248,52.1397780042019,4.1182310463783
70.37818421476,371.97178673428,3.90476732493557
227.280195721462,415.784729596174,3.98117638846457
429.002745335072,12.3597311393753,3.36516333705741
362.818367209691,292.094243420048,3.10642541372765
607.045430828542,105.609658698073,4.0302539957143
393.567759987112,224.987992317182,4.11239830471388
562.975489505641,417.48628104474,4.71545850100081
136.958383392351,286.502827852984,4.58918251791425
198.6860755043,369.170182293867,4.08521344943573
128.457243480462,411.37522296343,3.51367310586454
624.406406053336,310.492312495008,4.5232109474232
-1.35761591346743,145.343996007748,4.24207436216997
543.495944455839,202.954186437093,4.12931517508071
34.4246313467183,492.934246287219,3.02095657356538
283.16119790901,21.1435435414141,3.90377096746679
535.209187196215,390.050713514957,3.49944851038259
71.738262134139,78.5180671836068,5.20461545531028
6.07700835709887,77.8574163495984,3.38295865880815
587.716627116136,228.38200119969,4.03341945752547
445.118364615767,462.25362960093,4.73960383391175
659.107087562157,375.718199624,3.01607700320239
103.105862136123,489.251410552581,4.31776694464793
623.195870776486,86.1692043964412,4.08297330560943
418.936021704947,261.172914891888,3.58374682941691
13.802437818613,181.425296739144,3.12564431946941
69.9554896295703,120.536633332799,4.58583058309917
609.831634816885,195.784842468977,4.32810328546827
264.461857529332,216.701554357254,3.90802852765141
570.586853106457,432.146947044003,3.91592034889328
302.668995520317,137.930577264774,3.93818961602986
534.403811832499,465.112533387462,3.63671076148037
56.3442278694748,423.520123003833,3.87504039730343
196.607078653696,292.037554196746,3.58008002612669
544.184205401444,269.657612939368,3.72533063389184
176.756118497895,28.7968622925665,4.26467936356894
497.028570857787,349.18585804915,4.56633416226015
37.840323157478,42.3043166710105,3.5206776640939
531.401558046785,129.134579281538,4.83169180481938
NA,NA,NA
659.652701043658,332.351212467442,3.52943292511555
457.047909482486,296.744572858067,3.52511627600239
12.1355784359806,493.079672717435,3.84271274970329
561.044236617248,52.1397780042019,4.1182310463783
70.37818421476,371.97178673428,3.90476732493557
227.280195721462,415.784729596174,3.98117638846457
429.002745335072,12.3597311393753,3.36516333705741
362.818367209691,292.094243420048,3.10642541372765
607.045430828542,105.609658698073,4.0302539957143
393.567759987112,224.987992317182,4.11239830471388
562.975489505641,417.48628104474,4.71545850100081
136.958383392351,286.502827852984,4.58918251791425
198.6860755043,369.170182293867,4.08521344943573
128.457243480462,411.37522296343,3.51367310586454
624.406406053336,310.492312495008,4.5232109474232
-1.35761591346743,145.343996007748,4.24207436216997
543.495944455839,202.954186437093,4.12931517508071
34.4246313467183,492.934246287219,3.02095657356538
283.16119790901,21.1435435414141,3.90377096746679
535.209187196215,390.050713514957,3.49944851038259
71.738262134139,78.5180671836068,5.20461545531028
6.07700835709887,77.8574163495984,3.38295865880815
587.716627116136,228.38200119969,4.03341945752547
445.118364615767,462.25362960093,4.73960383391175
659.107087562157,375.718199624,3.01607700320239
103.105862136123,489.251410552581,4.31776694464793
623.195870776486,86.1692043964412,4.08297330560943
418.936021704947,261.172914891888,3.58374682941691
13.802437818613,181.425296739144,3.12564431946941
69.9554896295703,120.536633332799,4.58583058309917
609.831634816885,195.784842468977,4.32810328546827
264.461857529332,216.701554357254,3.90802852765141
570.586853106457,432.146947044003,3.91592034889328
302.668995520317,137.930577264774,3.93818961602986
534.403811832499,465.112533387462,3.63671076148037
56.3442278694748,423.520123003833,3.87504039730343
196.607078653696,292.037554196746,3.58008002612669
544.184205401444,269.657612939368,3.72533063389184
176.756118497895,28.7968622925665,4.26467936356894
497.028570857787,349.18585804915,4.56633416226015
37.840323157478,42.3043166710105,3.5206776640939
531.401558046785,129.134579281538,4.83169180481938
NA,NA,NA
659.652701043658,332.351212467442,3.52943292511555
457.047909482486,296.744572858067,3.52511627600239
12.1355784359806,493.079672717435,3.84271274970329
561.044236617248,52.1397780042019,4.1182310463783
70.37818421476,371.97178673428,3.90476732493557
227.280195721462,415.784729596174,3.98117638846457
429.002745335072,12.3597311393753,3.36516333705741
362.818367209691,292.094243420048,3.10642541372765
607.045430828542,105.609658698073,4.0302539957143
393.567759987112,224.987992317182,4.11239830471388
562.975489505641,417.48628104474,4.71545850100081
136.958383392351,286.502827852984,4.58918251791425
198.6860755043,369.170182293867,4.08521344943573
128.457243480462,411.37522296343,3.51367310586454
624.406406053336,310.492312495008,4.5232109474232
-1.35761591346743,145.343996007748,4.24207436216997
543.495944455839,202.954186437093,4.12931517508071
34.4246313467183,492.934246287219,3.02095657356538
283.16119790901,21.1435435414141,3.90377096746679
535.209187196215,390.050713514957,3.49944851038259
71.738262134139,78.5180671836068,5.20461545531028
6.07700835709887,77.8574163495984,3.38295865880815
587.716627116136,228.38200119969,4.03341945752547
445.118364615767,462.25362960093,4.73960383391175
659.107087562157,375.718199624,3.01607700320239
103.105862136123,489.251410552581,4.31776694464793
623.195870776486,86.1692043964412,4.08297330560943
418.936021704947,261.172914891888,3.58374682941691
13.802437818613,181.425296739144,3.12564431946941
69.9554896295703,120.536633332799,4.58583058309917
609.831634816885,195.784842468977,4.32810328546827
264.461857529332,216.701554357254,3.90802852765141
570.586853106457,432.146947044003,3.91592034889328
302.668995520317,137.930577264774,3.93818961602986
534.403811832499,465.112533387462,3.63671076148037
56.3442278694748,423.520123003833,3.87504039730343
196.607078653696,292.037554196746,3.58008002612669
544.184205401444,269.657612939368,3.72533063389184
176.756118497895,28.7968622925665,4.26467936356894
497.028570857787,349.18585804915,4.56633416226015
37.840323157478,42.3043166710105,3.5206776640939
531.401558046785,129.134579281538,4.83169180481938
NA,NA,NA
660.218486652325,333.370366705409,3.55975184824845
456.894923742324,295.906151779285,3.68243000318674
13.4554263363033,494.160887305662,3.35036453776573
565.813334220572,47.4631081082806,4.2199603313105
72.0135251929598,378.114551163685,4.05071092128425
225.541033188782,413.906244438846,3.96443125270958
429.521190274181,10.9053268745161,3.23023513563198
362.365399430984,294.897760754772,3.06047279035732
607.880191690568,103.085528999928,4.34986946898795
390.412620574227,230.614096614246,4.06797964832364
563.194722480397,411.962055730793,4.75396224218347
138.933373377589,282.294773559842,4.54471496095143
196.87638825144,372.893808320771,3.95276849399528
126.314982923504,407.619775217404,3.33763247702191
633.322555634143,310.511347423646,4.61156957441475
-1.54609266114799,147.35650256189,4.29702568196805
545.217642116047,204.03879261868,4.21623879193314
31.8674800110676,491.774440423237,3.03915315528944
283.144113789353,16.3944985442523,3.81670395303749
533.97495701812,390.654109695804,3.22412859184327
68.1836071905699,86.2152967327102,5.26909174092356
5.76267204361201,76.5224593204604,3.5102338800635
586.945652049076,222.572496880284,4.0571168176423
437.534780818912,465.571450919969,4.77436982834347
657.963629549957,373.172055055945,3.03041618146477
107.431441373247,484.799486033646,4.47009487411276
624.298525492232,87.9110117265742,4.07105875161226
416.456278854347,260.289121940224,3.69531596759056
10.6516244007395,181.61817557725,3.23046322757101
72.4339457305314,131.448050444847,4.50712419694367
603.385320298784,196.247834942493,4.17795862902986
247.344137227582,217.326603935833,3.75969835350106
577.909998219315,435.464665049816,3.7512515989466
301.871644108574,137.302209249368,3.77655581707752
521.990835860575,462.02312720028,3.62489165069883
36.9999059756137,423.511410690031,3.98309536912164
201.107214206422,291.677378610931,3.71831031112417
553.270099808931,263.699221238821,3.66988159914769
166.918919659811,33.5300170104339,4.33606073067193
503.332458187884,342.846102847749,4.39320423622016
40.8937238425901,50.9025036931356,3.87518685834934
532.526832404866,136.950837993302,4.66073405519986
NA,NA,NA
660.218486652325,333.370366705409,3.55975184824845
456.894923742324,295.906151779285,3.68243000318674
13.4554263363033,494.160887305662,3.35036453776573
565.813334220572,47.4631081082806,4.2199603313105
72.0135251929598,378.114551163685,4.05071092128425
225.541033188782,413.906244438846,3.96443125270958
429.521190274181,10.9053268745161,3.23023513563198
362.365399430984,294.897760754772,3.06047279035732
607.880191690568,103.085528999928,4.34986946898795
390.412620574227,230.614096614246,4.06797964832364
563.194722480397,411.962055730793,4.75396224218347
138.933373377589,282.294773559842,4.54471496095143
196.87638825144,372.893808320771,3.95276849399528
126.314982923504,407.619775217404,3.33763247702191
633.322555634143,310.511347423646,4.61156957441475
-1.54609266114799,147.35650256189,4.29702568196805
545.217642116047,204.03879261868,4.21623879193314
31.8674800110676,491.774440423237,3.03915315528944
283.144113789353,16.3944985442523,3.81670395303749
533.97495701812,390.654109695804,3.22412859184327
68.1836071905699,86.2152967327102,5.26909174092356
5.76267204361201,76.5224593204604,3.5102338800635
586.945652049076,222.572496880284,4.0571168176423
437.534780818912,465.571450919969,4.77436982834347
657.963629549957,373.172055055945,3.03041618146477
107.431441373247,484.799486033646,4.47009487411276
624.298525492232,87.9110117265742,4.07105875161226
416.456278854347,260.289121940224,3.69531596759056
10.6516244007395,181.61817557725,3.23046322757101
72.4339457305314,131.448050444847,4.50712419694367
603.385320298784,196.247834942493,4.17795862902986
247.344137227582,217.326603935833,3.75969835350106
577.909998219315,435.464665049816,3.7512515989466
301.871644108574,137.302209249368,3.77655581707752
521.990835860575,462.02312720028,3.62489165069883
36.9999059756137,423.511410690031,3.98309536912164
201.107214206422,291.677378610931,3.71831031112417
553.270099808931,263.699221238821,3.66988159914769
166.918919659811,33.5300170104339,4.33606073067193
503.332458187884,342.846102847749,4.39320423622016
40.8937238425901,50.9025036931356,3.87518685834934
532.526832404866,136.950837993302,4.66073405519986
NA,NA,NA
660.218486652325,333.370366705409,3.55975184824845
456.894923742324,295.906151779285,3.68243000318674
13.4554263363033,494.160887305662,3.35036453776573
565.813334220572,47.4631081082806,4.2199603313105
72.0135251929598,378.114551163685,4.05071092128425
225.541033188782,413.906244438846,3.96443125270958
429.521190274181,10.9053268745161,3.23023513563198
362.365399430984,294.897760754772,3.06047279035732
607.880191690568,103.085528999928,4.34986946898795
390.412620574227,230.614096614246,4.06797964832364
563.194722480397,411.962055730793,4.75396224218347
138.933373377589,282.294773559842,4.54471496095143
196.87638825144,372.893808320771,3.95276849399528
126.314982923504,407.619775217404,3.33763247702191
633.322555634143,310.511347423646,4.61156957441475
-1.54609266114799,147.35650256189,4.29702568196805
545.217642116047,204.03879261868,4.21623879193314
31.8674800110676,491.774440423237,3.03915315528944
283.144113789353,16.3944985442523,3.81670395303749
533.97495701812,390.654109695804,3.22412859184327
68.1836071905699,86.2152967327102,5.26909174092356
5.76267204361201,76.5224593204604,3.5102338800635
586.945652049076,222.572496880284,4.0571168176423
437.534780818912,465.571450919969,4.77436982834347
657.963629549957,373.172055055945,3.03041618146477
107.431441373247,484.799486033646,4.47009487411276
624.298525492232,87.9110117265742,4.07105875161226
416.456278854347,260.289121940224,3.69531596759056
10.6516244007395,181.61817557725,3.23046322757101
72.4339457305314,131.448050444847,4.50712419694367
603.385320298784,196.247834942493,4.17795862902986
247.344137227582,217.326603935833,3.75969835350106
577.909998219315,435.464665049816,3.7512515989466
301.871644108574,137.302209249368,3.77655581707752
521.990835860575,462.02312720028,3.62489165069883
36.9999059756137,423.511410690031,3.98309536912164
201.107214206422,291.677378610931,3.71831031112417
553.270099808931,263.699221238821,3.66988159914769
166.918919659811,33.5300170104339,4.33606073067193
503.332458187884,342.846102847749,4.39320423622016
40.8937238425901,50.9025036931356,3.87518685834934
532.526832404866,136.950837993302,4.66073405519986
NA,NA,NA
660.218486652325,333.370366705409,3.55975184824845
456.894923742324,295.906151779285,3.68243000318674
13.4554263363033,494.160887305662,3.35036453776573
565.813334220572,47.4631081082806,4.2199603313105
72.0135251929598,378.114551163685,4.05071092128425
225.541033188782,413.906244438846,3.96443125270958
429.521190274181,10.9053268745161,3.23023513563198
362.365399430984,294.897760754772,3.06047279035732
607.880191690568,103.085528999928,4.34986946898795
390.412620574227,230.614096614246,4.06797964832364
563.194722480397,411.962055730793,4.75396224218347
138.933373377589,282.294773559842,4.54471496095143
196.87638825144,372.893808320771,3.95276849399528
126.314982923504,407.619775217404,3.33763247702191
633.322555634143,310.511347423646,4.61156957441475
-1.54609266114799,147.35650256189,4.29702568196805
545.217642116047,204.03879261868,4.21623879193314
31.8674800110676,491.774440423237,3.03915315528944
283.144113789353,16.3944985442523,3.81670395303749
533.97495701812,390.654109695804,3.22412859184327
68.1836071905699,86.2152967327102,5.26909174092356
5.76267204361201,76.5224593204604,3.5102338800635
586.945652049076,222.572496880284,4.0571168176423
437.534780818912,465.571450919969,4.77436982834347
657.963629549957,373.172055055945,3.03041618146477
107.431441373247,484.799486033646,4.47009487411276
624.298525492232,87.9110117265742,4.07105875161226
416.456278854347,260.289121940224,3.69531596759056
10.6516244007395,181.61817557725,3.23046322757101
72.4339457305314,131.448050444847,4.50712419694367
603.385320298784,196.247834942493,4.17795862902986
247.344137227582,217.326603935833,3.75969835350106
577.909998219315,435.464665049816,3.7512515989466
301.871644108574,137.302209249368,3.77655581707752
521.990835860575,462.02312720028,3.62489165069883
36.9999059756137,423.511410690031,3.98309536912164
201.107214206422,291.677378610931,3.71831031112417
553.270099808931,263.699221238821,3.66988159914769
166.918919659811,33.5300170104339,4.33606073067193
503.332458187884,342.846102847749,4.39320423622016
40.8937238425901,50.9025036931356,3.87518685834934
532.526832404866,136.950837993302,4.66073405519986
NA,NA,NA
660.218486652325,333.370366705409,3.55975184824845
456.894923742324,295.906151779285,3.68243000318674
13.4554263363033,494.160887305662,3.35036453776573
565.813334220572,47.4631081082806,4.2199603313105
72.0135251929598,378.114551163685,4.05071092128425
225.541033188782,413.906244438846,3.96443125270958
429.521190274181,10.9053268745161,3.23023513563198
362.365399430984,294.897760754772,3.06047279035732
607.880191690568,103.085528999928,4.34986946898795
390.412620574227,230.614096614246,4.06797964832364
563.194722480397,411.962055730793,4.75396224218347
138.933373377589,282.294773559842,4.54471496095143
196.87638825144,372.893808320771,3.95276849399528
126.314982923504,407.619775217404,3.33763247702191
633.322555634143,310.511347423646,4.61156957441475
-1.54609266114799,147.35650256189,4.29702568196805
545.217642116047,204.03879261868,4.21623879193314
31.8674800110676,491.774440423237,3.03915315528944
283.144113789353,16.3944985442523,3.81670395303749
533.97495701812,390.654109695804,3.22412859184327
68.1836071905699,86.2152967327102,5.26909174092356
5.76267204361201,76.5224593204604,3.5102338800635
586.945652049076,222.572496880284,4.0571168176423
437.534780818912,465.571450919969,4.77436982834347
657.963629549957,373.172055055945,3.03041618146477
107.431441373247,484.799486033646,4.47009487411276
624.298525492232,87.9110117265742,4.07105875161226
416.456278854347,260.289121940224,3.69531596759056
10.6516244007395,181.61817557725,3.23046322757101
72.4339457305314,131.448050444847,4.50712419694367
603.385320298784,196.247834942493,4.17795862902986
247.344137227582,217.326603935833,3.75969835350106
577.909998219315,435.464665049816,3.7512515989466
301.871644108574,137.302209249368,3.77655581707752
521.990835860575,462.02312720028,3.62489165069883
36.9999059756137,423.511410690031,3.98309536912164
201.107214206422,291.677378610931,3.71831031112417
553.270099808931,263.699221238821,3.66988159914769
166.918919659811,33.5300170104339,4.33606073067193
503.332458187884,342.846102847749,4.39320423622016
40.8937238425901,50.9025036931356,3.87518685834934
532.526832404866,136.950837993302,4.66073405519986
NA,NA,NA
660.218486652325,333.370366705409,3.55975184824845
456.894923742324,295.906151779285,3.68243000318674
13.4554263363033,494.160887305662,3.35036453776573
565.813334220572,47.4631081082806,4.2199603313105
72.0135251929598,378.114551163685,4.05071092128425
225.541033188782,413.906244438846,3.96443125270958
429.521190274181,10.9053268745161,3.23023513563198
362.365399430984,294.897760754772,3.06047279035732
607.880191690568,103.085528999928,4.34986946898795
390.412620574227,230.614096614246,4.06797964832364
563.194722480397,411.962055730793,4.75396224218347
138.933373377589,282.294773559842,4.54471496095143
196.87638825144,372.893808320771,3.95276849399528
126.314982923504,407.619775217404,3.33763247702191
633.322555634143,310.511347423646,4.61156957441475
-1.54609266114799,147.35650256189,4.29702568196805
545.217642116047,204.03879261868,4.21623879193314
31.8674800110676,491.774440423237,3.03915315528944
283.144113789353,16.3944985442523,3.81670395303749
533.97495701812,390.654109695804,3.22412859184327
68.1836071905699,86.2152967327102,5.26909174092356
5.76267204361201,76.5224593204604,3.5102338800635
586.945652049076,222.572496880284,4.0571168176423
437.534780818912,465.571450919969,4.77436982834347
657.963629549957,373.172055055945,3.03041618146477
107.431441373247,484.799486033646,4.47009487411276
624.298525492232,87.9110117265742,4.07105875161226
416.456278854347,260.289121940224,3.69531596759056
10.6516244007395,181.61817557725,3.23046322757101
72.4339457305314,131.448050444847,4.50712419694367
603.385320298784,196.247834942493,4.17795862902986
247.344137227582,217.326603935833,3.75969835350106
577.909998219315,435.464665049816,3.7512515989466
301.871644108574,137.302209249368,3.77655581707752
521.990835860575,462.02312720028,3.62489165069883
36.9999059756137,423.511410690031,3.98309536912164
201.107214206422,291.677378610931,3.71831031112417
553.270099808931,263.699221238821,3.66988159914769
166.918919659811,33.5300170104339,4.33606073067193
503.332458187884,342.846102847749,4.39320423622016
40.8937238425901,50.9025036931356,3.87518685834934
532.526832404866,136.950837993302,4.66073405519986
NA,NA,NA
663.598281891462,336.152478234126,3.49925902847743
455.794321063812,294.123137391273,3.50258996715285
6.85414654353929,496.518172096997,3.82532988324096
559.719467491056,52.2273537460047,4.19869890892619
70.808850022108,377.385287361122,3.92824221287721
227.759608099782,413.632876495873,3.94409296324953
429.496501802893,11.876427431744,3.31754546864157
363.935156071421,292.591295870244,3.07722042346489
608.535881940123,105.145537566657,4.25605131149408
386.226077348319,230.317419643367,4.23009259392164
577.208098078964,413.796122862293,4.79205893859905
139.564540438208,283.548042417999,4.49434857745044
194.62486139146,365.179873775523,4.13318392982336
122.551039712316,410.113125580309,3.45330446999749
624.518800670002,312.87897185511,4.50134214844356
-0.832785578789295,142.093555541701,4.29594279304364
543.346570095175,201.41282750526,4.1245018929031
36.6218894417559,489.591255340318,3.02584046096121
282.130460791028,23.5041541368335,3.86397097567306
532.391340001997,391.467050163317,3.34313162404148
72.9152612129558,81.8671158364689,5.25580207085959
1.66534906737377,76.3659631212386,3.49034466329159
586.026443995709,226.953253018026,4.06420474632273
438.255735477911,466.851365982141,4.75267036227257
659.517662663628,371.61785719656,2.93225214226811
102.525385410257,491.070421009201,4.39204432680955
625.431768597257,85.6281140742974,4.12516368043976
419.469896695844,259.883763168477,3.63410676617597
10.3071405167956,183.233587639446,3.07805524442024
63.9177837476631,111.522701179889,4.52789928859626
607.618716763584,197.14143324153,4.02202076782634
254.266763554647,215.083222006961,3.53692976940042
568.588233191891,436.62403546048,3.75398754993353
298.734005132246,141.97090696623,3.78120754135466
524.459340450033,464.239812041153,3.7767683906036
49.2678656356231,415.818203142788,4.03247828498643
205.464233751716,289.716865903207,3.64674762118116
549.66984689405,251.137715389995,3.2960094231717
175.822643439531,24.0877104140089,4.47257853277592
496.166345601991,338.648733053567,4.48851818922577
34.0839996159306,50.8786351130218,3.77295245072661
524.575414098112,142.169713507949,4.89759999662812
NA,NA,NA
663.598281891462,336.152478234126,3.49925902847743
455.794321063812,294.123137391273,3.50258996715285
6.85414654353929,496.518172096997,3.82532988324096
559.719467491056,52.2273537460047,4.19869890892619
70.808850022108,377.385287361122,3.92824221287721
227.759608099782,413.632876495873,3.94409296324953
429.496501802893,11.876427431744,3.31754546864157
363.935156071421,292.591295870244,3.07722042346489
608.535881940123,105.145537566657,4.25605131149408
386.226077348319,230.317419643367,4.23009259392164
577.208098078964,413.796122862293,4.79205893859905
139.564540438208,283.548042417999,4.49434857745044
194.62486139146,365.179873775523,4.13318392982336
122.551039712316,410.113125580309,3.45330446999749
624.518800670002,312.87897185511,4.50134214844356
-0.832785578789295,142.093555541701,4.29594279304364
543.346570095175,201.41282750526,4.1245018929031
36.6218894417559,489.591255340318,3.02584046096121
282.130460791028,23.5041541368335,3.86397097567306
532.391340001997,391.467050163317,3.34313162404148
72.9152612129558,81.8671158364689,5.25580207085959
1.66534906737377,76.3659631212386,3.49034466329159
586.026443995709,226.953253018026,4.06420474632273
438.255735477911,466.851365982141,4.75267036227257
659.517662663628,371.61785719656,2.93225214226811
102.525385410257,491.070421009201,4.39204432680955
625.431768597257,85.6281140742974,4.12516368043976
419.469896695844,259.883763168477,3.63410676617597
10.3071405167956,183.233587639446,3.07805524442024
63.9177837476631,111.522701179889,4.52789928859626
607.618716763584,197.14143324153,4.02202076782634
254.266763554647,215.083222006961,3.53692976940042
568.588233191891,436.62403546048,3.75398754993353
298.734005132246,141.97090696623,3.78120754135466
524.459340450033,464.239812041153,3.7767683906036
49.2678656356231,415.818203142788,4.03247828498643
205.464233751716,289.716865903207,3.64674762118116
549.66984689405,251.137715389995,3.2960094231717
175.822643439531,24.0877104140089,4.47257853277592
496.166345601991,338.648733053567,4.48851818922577
34.0839996159306,50.8786351130218,3.77295245072661
524.575414098112,142.169713507949,4.89759999662812
NA,NA,NA
663.598281891462,336.152478234126,3.49925902847743
455.794321063812,294.123137391273,3.50258996715285
6.85414654353929,496.518172096997,3.82532988324096
559.719467491056,52.2273537460047,4.19869890892619
70.808850022108,377.385287361122,3.92824221287721
227.759608099782,413.632876495873,3.94409296324953
429.496501802893,11.876427431744,3.31754546864157
363.935156071421,292.591295870244,3.07722042346489
608.535881940123,105.145537566657,4.25605131149408
386.226077348319,230.317419643367,4.23009259392164
577.208098078964,413.796122862293,4.79205893859905
139.564540438208,283.548042417999,4.49434857745044
194.62486139146,365.179873775523,4.13318392982336
122.551039712316,410.113125580309,3.45330446999749
624.518800670002,312.87897185511,4.50134214844356
-0.832785578789295,142.093555541701,4.29594279304364
543.346570095175,201.41282750526,4.1245018929031
36.6218894417559,489.591255340318,3.02584046096121
282.130460791028,23.5041541368335,3.86397097567306
532.391340001997,391.467050163317,3.34313162404148
72.9152612129558,81.8671158364689,5.25580207085959
1.66534906737377,76.3659631212386,3.49034466329159
586.026443995709,226.953253018026,4.06420474632273
438.255735477911,466.851365982141,4.75267036227257
659.517662663628,371.61785719656,2.93225214226811
102.525385410257,491.070421009201,4.39204432680955
625.431768597257,85.6281140742974,4.12516368043976
419.469896695844,259.883763168477,3.63410676617597
10.3071405167956,183.233587639446,3.07805524442024
63.9177837476631,111.522701179889,4.52789928859626
607.618716763584,197.14143324153,4.02202076782634
254.266763554647,215.083222006961,3.53692976940042
568.588233191891,436.62403546048,3.75398754993353
298.734005132246,141.97090696623,3.78120754135466
524.459340450033,464.239812041153,3.7767683906036
49.2678656356231,415.818203142788,4.03247828498643
205.464233751716,289.716865903207,3.64674762118116
549.66984689405,251.137715389995,3.2960094231717
175.822643439531,24.0877104140089,4.47257853277592
496.166345601991,338.648733053567,4.48851818922577
34.0839996159306,50.8786351130218,3.77295245072661
524.575414098112,142.169713507949,4.89759999662812
NA,NA,NA
663.598281891462,336.152478234126,3.49925902847743
455.794321063812,294.123137391273,3.50258996715285
6.85414654353929,496.518172096997,3.82532988324096
559.719467491056,52.2273537460047,4.19869890892619
70.808850022108,377.385287361122,3.92824221287721
227.759608099782,413.632876495873,3.94409296324953
429.496501802893,11.876427431744,3.31754546864157
363.935156071421,292.591295870244,3.07722042346489
608.535881940123,105.145537566657,4.25605131149408
386.226077348319,230.317419643367,4.23009259392164
577.208098078964,413.796122862293,4.79205893859905
139.564540438208,283.548042417999,4.49434857745044
194.62486139146,365.179873775523,4.13318392982336
122.551039712316,410.113125580309,3.45330446999749
624.518800670002,312.87897185511,4.50134214844356
-0.832785578789295,142.093555541701,4.29594279304364
543.346570095175,201.41282750526,4.1245018929031
36.6218894417559,489.591255340318,3.02584046096121
282.130460791028,23.5041541368335,3.86397097567306
532.391340001997,391.467050163317,3.34313162404148
72.9152612129558,81.8671158364689,5.25580207085959
1.66534906737377,76.3659631212386,3.49034466329159
586.026443995709,226.953253018026,4.06420474632273
438.255735477911,466.851365982141,4.75267036227257
659.517662663628,371.61785719656,2.93225214226811
102.525385410257,491.070421009201,4.39204432680955
625.431768597257,85.6281140742974,4.12516368043976
419.469896695844,259.883763168477,3.63410676617597
10.3071405167956,183.233587639446,3.07805524442024
63.9177837476631,111.522701179889,4.52789928859626
607.618716763584,197.14143324153,4.02202076782634
254.266763554647,215.083222006961,3.53692976940042
568.588233191891,436.62403546048,3.75398754993353
298.734005132246,141.97090696623,3.78120754135466
524.459340450033,464.239812041153,3.7767683906036
49.2678656356231,415.818203142788,4.03247828498643
205.464233751716,289.716865903207,3.64674762118116
549.66984689405,251.137715389995,3.2960094231717
175.822643439531,24.0877104140089,4.47257853277592
496.166345601991,338.648733053567,4.48851818922577
34.0839996159306,50.8786351130218,3.77295245072661
524.575414098112,142.169713507949,4.89759999662812
NA,NA,NA
663.598281891462,336.152478234126,3.49925902847743
455.794321063812,294.123137391273,3.50258996715285
6.85414654353929,496.518172096997,3.82532988324096
559.719467491056,52.2273537460047,4.19869890892619
70.808850022108,377.385287361122,3.92824221287721
227.759608099782,413.632876495873,3.94409296324953
429.496501802893,11.876427431744,3.31754546864157
363.935156071421,292.591295870244,3.07722042346489
608.535881940123,105.145537566657,4.25605131149408
386.226077348319,230.317419643367,4.23009259392164
577.208098078964,413.796122862293,4.79205893859905
139.564540438208,283.548042417999,4.49434857745044
194.62486139146,365.179873775523,4.13318392982336
122.551039712316,410.113125580309,3.45330446999749
624.518800670002,312.87897185511,4.50134214844356
-0.832785578789295,142.093555541701,4.29594279304364
543.346570095175,201.41282750526,4.1245018929031
36.6218894417559,489.591255340318,3.02584046096121
282.130460791028,23.5041541368335,3.86397097567306
532.391340001997,391.467050163317,3.34313162404148
72.9152612129558,81.8671158364689,5.25580207085959
1.66534906737377,76.3659631212386,3.49034466329159
586.026443995709,226.953253018026,4.06420474632273
438.255735477911,466.851365982141,4.75267036227257
659.517662663628,371.61785719656,2.93225214226811
102.525385410257,491.070421009201,4.39204432680955
625.431768597257,85.6281140742974,4.12516368043976
419.469896695844,259.883763168477,3.63410676617597
10.3071405167956,183.233587639446,3.07805524442024
63.9177837476631,111.522701179889,4.52789928859626
607.618716763584,197.14143324153,4.02202076782634
254.266763554647,215.083222006961,3.53692976940042
568.588233191891,436.62403546048,3.75398754993353
298.734005132246,141.97090696623,3.78120754135466
524.459340450033,464.239812041153,3.7767683906036
49.2678656356231,415.818203142788,4.03247828498643
205.464233751716,289.716865903207,3.64674762118116
549.66984689405,251.137715389995,3.2960094231717
175.822643439531,24.0877104140089,4.47257853277592
496.166345601991,338.648733053567,4.48851818922577
34.0839996159306,50.8786351130218,3.77295245072661
524.575414098112,142.169713507949,4.89759999662812
NA,NA,NA
663.598281891462,336.152478234126,3.49925902847743
455.794321063812,294.123137391273,3.50258996715285
6.85414654353929,496.518172096997,3.82532988324096
559.719467491056,52.2273537460047,4.19869890892619
70.808850022108,377.385287361122,3.92824221287721
227.759608099782,413.632876495873,3.94409296324953
429.496501802893,11.876427431744,3.31754546864157
363.935156071421,292.591295870244,3.07722042346489
608.535881940123,105.145537566657,4.25605131149408
386.226077348319,230.317419643367,4.23009259392164
577.208098078964,413.796122862293,4.79205893859905
139.564540438208,283.548042417999,4.49434857745044
194.62486139146,365.179873775523,4.13318392982336
122.551039712316,410.113125580309,3.45330446999749
624.518800670002,312.87897185511,4.50134214844356
-0.832785578789295,142.093555541701,4.29594279304364
543.346570095175,201.41282750526,4.1245018929031
36.6218894417559,489.591255340318,3.02584046096121
282.130460791028,23.5041541368335,3.86397097567306
532.391340001997,391.467050163317,3.34313162404148
72.9152612129558,81.8671158364689,5.25580207085959
1.66534906737377,76.3659631212386,3.49034466329159
586.026443995709,226.953253018026,4.06420474632273
438.255735477911,466.851365982141,4.75267036227257
659.517662663628,371.61785719656,2.93225214226811
102.525385410257,491.070421009201,4.39204432680955
625.431768597257,85.6281140742974,4.12516368043976
419.469896695844,259.883763168477,3.63410676617597
10.3071405167956,183.233587639446,3.07805524442024
63.9177837476631,111.522701179889,4.52789928859626
607.618716763584,197.14143324153,4.02202076782634
254.266763554647,215.083222006961,3.53692976940042
568.588233191891,436.62403546048,3.75398754993353
298.734005132246,141.97090696623,3.78120754135466
524.459340450033,464.239812041153,3.7767683906036
49.2678656356231,415.818203142788,4.03247828498643
205.464233751716,289.716865903207,3.64674762118116
549.66984689405,251.137715389995,3.2960094231717
175.822643439531,24.0877104140089,4.47257853277592
496.166345601991,338.648733053567,4.48851818922577
34.0839996159306,50.8786351130218,3.77295245072661
524.575414098112,142.169713507949,4.89759999662812
NA,NA,NA
661.969105240808,337.276008677417,3.55997449976818
459.84620553235,298.636262383354,3.73730295385042
8.50782540379479,492.675926473429,3.68900894752778
564.03773239176,50.4735695815857,4.1914325241561
71.1791917558612,377.993028397699,3.98728880111211
230.335897594328,412.695750283907,3.90534504652713
425.544088219745,15.7152735654386,3.40394758041515
360.618304986697,294.590421512599,2.97526860142451
607.058224195046,110.828719796813,4.2823881433817
391.700141310544,232.935724331889,4.21488011020978
563.835781709126,411.466824823056,4.77197756635624
138.324002861136,282.238062225918,4.67018579893481
199.846613900461,371.828358434753,4.060024244464
126.565516432832,411.656417578978,3.41649260386068
620.820279548,311.494989778392,4.7504971262483
1.77169782008936,149.038761951904,4.22535281576453
546.558990060655,208.00237288981,4.16445327278478
34.0718582251109,490.944445331419,3.08989936347976
283.063421258207,19.7366147222838,3.7581051354696
536.181733430243,394.483730282164,3.31356550322448
73.1344020990771,81.6750366121361,5.26791479065476
6.34416709398303,76.4968918889204,3.31981152482562
591.020720972732,225.209033812751,4.06711571208399
439.481594121711,461.757983030136,4.80758561916771
658.112309668845,373.220529042544,2.97103495601994
101.463056839118,487.2001583018,4.29729225140975
627.708299140234,91.3230102268831,4.11670668581769
419.762444068119,258.213705064309,3.62429695645377
11.9695986874426,180.837069278355,3.11373175224774
66.313601325547,112.61253984509,4.68992553312716
609.122258776398,212.155242976802,4.3689983998485
254.165530314014,225.395385788639,3.96521183253214
573.239582355721,442.892053949185,3.96167299410268
300.163846718071,136.152907191805,3.9822991807543
530.781894319524,458.427445380321,3.42242746656157
39.586574399835,424.487497190305,3.62302878138606
186.878630444638,294.217980787298,4.04027339144021
559.437650972052,256.563170378922,3.58222488732861
165.728859367817,37.9498645193713,4.15281220710922
493.843047617661,349.241064911268,4.52437652447886
37.6601410692269,53.6722357823536,3.96587222461961
520.678153435474,134.253275783826,4.52784570158652
NA,NA,NA
661.969105240808,337.276008677417,3.55997449976818
459.84620553235,298.636262383354,3.73730295385042
8.50782540379479,492.675926473429,3.68900894752778
564.03773239176,50.4735695815857,4.1914325241561
71.1791917558612,377.993028397699,3.98728880111211
230.335897594328,412.695750283907,3.90534504652713
425.544088219745,15.7152735654386,3.40394758041515
360.618304986697,294.590421512599,2.97526860142451
607.058224195046,110.828719796813,4.2823881433817
391.700141310544,232.935724331889,4.21488011020978
563.835781709126,411.466824823056,4.77197756635624
138.324002861136,282.238062225918,4.67018579893481
199.846613900461,371.828358434753,4.060024244464
126.565516432832,411.656417578978,3.41649260386068
620.820279548,311.494989778392,4.7504971262483
1.77169782008936,149.038761951904,4.22535281576453
546.558990060655,208.00237288981,4.16445327278478
34.0718582251109,490.944445331419,3.08989936347976
283.063421258207,19.7366147222838,3.7581051354696
536.181733430243,394.483730282164,3.31356550322448
73.1344020990771,81.6750366121361,5.26791479065476
6.34416709398303,76.4968918889204,3.31981152482562
591.020720972732,225.209033812751,4.06711571208399
439.481594121711,461.757983030136,4.80758561916771
658.112309668845,373.220529042544,2.97103495601994
101.463056839118,487.2001583018,4.29729225140975
627.708299140234,91.3230102268831,4.11670668581769
419.762444068119,258.213705064309,3.62429695645377
11.9695986874426,180.837069278355,3.11373175224774
66.313601325547,112.61253984509,4.68992553312716
609.122258776398,212.155242976802,4.3689983998485
254.165530314014,225.395385788639,3.96521183253214
573.239582355721,442.892053949185,3.96167299410268
300.163846718071,136.152907191805,3.9822991807543
530.781894319524,458.427445380321,3.42242746656157
39.586574399835,424.487497190305,3.62302878138606
186.878630444638,294.217980787298,4.04027339144021
559.437650972052,256.563170378922,3.58222488732861
165.728859367817,37.9498645193713,4.15281220710922
493.843047617661,349.241064911268,4.52437652447886
37.6601410692269,53.6722357823536,3.96587222461961
520.678153435474,134.253275783826,4.52784570158652
NA,NA,NA
661.969105240808,337.276008677417,3.55997449976818
459.84620553235,298.636262383354,3.73730295385042
8.50782540379479,492.675926473429,3.68900894752778
564.03773239176,50.4735695815857,4.1914325241561
71.1791917558612,377.993028397699,3.98728880111211
230.335897594328,412.695750283907,3.90534504652713
425.544088219745,15.7152735654386,3.40394758041515
360.618304986697,294.590421512599,2.97526860142451
607.058224195046,110.828719796813,4.2823881433817
391.700141310544,232.935724331889,4.21488011020978
563.835781709126,411.466824823056,4.77197756635624
138.324002861136,282.238062225918,4.67018579893481
199.846613900461,371.828358434753,4.060024244464
126.565516432832,411.656417578978,3.41649260386068
620.820279548,311.494989778392,4.7504971262483
1.77169782008936,149.038761951904,4.22535281576453
546.558990060655,208.00237288981,4.16445327278478
34.0718582251109,490.944445331419,3.08989936347976
283.063421258207,19.7366147222838,3.7581051354696
536.181733430243,394.483730282164,3.31356550322448
73.1344020990771,81.6750366121361,5.26791479065476
6.34416709398303,76.4968918889204,3.31981152482562
591.020720972732,225.209033812751,4.06711571208399
439.481594121711,461.757983030136,4.80758561916771
658.112309668845,373.220529042544,2.97103495601994
101.463056839118,487.2001583018,4.29729225140975
627.708299140234,91.3230102268831,4.11670668581769
419.762444068119,258.213705064309,3.62429695645377
11.9695986874426,180.837069278355,3.11373175224774
66.313601325547,112.61253984509,4.68992553312716
609.122258776398,212.155242976802,4.3689983998485
254.165530314014,225.395385788639,3.96521183253214
573.239582355721,442.892053949185,3.96167299410268
300.163846718071,136.152907191805,3.9822991807543
530.781894319524,458.427445380321,3.42242746656157
39.586574399835,424.487497190305,3.62302878138606
186.878630444638,294.217980787298,4.04027339144021
559.437650972052,256.563170378922,3.58222488732861
165.728859367817,37.9498645193713,4.15281220710922
493.843047617661,349.241064911268,4.52437652447886
37.6601410692269,53.6722357823536,3.96587222461961
520.678153435474,134.253275783826,4.52784570158652
NA,NA,NA
661.969105240808,337.276008677417,3.55997449976818
459.84620553235,298.636262383354,3.73730295385042
8.50782540379479,492.675926473429,3.68900894752778
564.03773239176,50.4735695815857,4.1914325241561
71.1791917558612,377.993028397699,3.98728880111211
230.335897594328,412.695750283907,3.90534504652713
425.544088219745,15.7152735654386,3.40394758041515
360.618304986697,294.590421512599,2.97526860142451
607.058224195046,110.828719796813,4.2823881433817
391.700141310544,232.935724331889,4.21488011020978
563.835781709126,411.466824823056,4.77197756635624
138.324002861136,282.238062225918,4.67018579893481
199.846613900461,371.828358434753,4.060024244464
126.565516432832,411.656417578978,3.41649260386068
620.820279548,311.494989778392,4.7504971262483
1.77169782008936,149.038761951904,4.22535281576453
546.558990060655,208.00237288981,4.16445327278478
34.0718582251109,490.944445331419,3.08989936347976
283.063421258207,19.7366147222838,3.7581051354696
536.181733430243,394.483730282164,3.31356550322448
73.1344020990771,81.6750366121361,5.26791479065476
6.34416709398303,76.4968918889204,3.31981152482562
591.020720972732,225.209033812751,4.06711571208399
439.481594121711,461.757983030136,4.80758561916771
658.112309668845,373.220529042544,2.97103495601994
101.463056839118,487.2001583018,4.29729225140975
627.708299140234,91.3230102268831,4.11670668581769
419.762444068119,258.213705064309,3.62429695645377
11.9695986874426,180.837069278355,3.11373175224774
66.313601325547,112.61253984509,4.68992553312716
609.122258776398,212.155242976802,4.3689983998485
254.165530314014,225.395385788639,3.96521183253214
573.239582355721,442.892053949185,3.96167299410268
300.163846718071,136.152907191805,3.9822991807543
530.781894319524,458.427445380321,3.42242746656157
39.586574399835,424.487497190305,3.62302878138606
186.878630444638,294.217980787298,4.04027339144021
559.437650972052,256.563170378922,3.58222488732861
165.728859367817,37.9498645193713,4.15281220710922
493.843047617661,349.241064911268,4.52437652447886
37.6601410692269,53.6722357823536,3.96587222461961
520.678153435474,134.253275783826,4.52784570158652
NA,NA,NA
661.969105240808,337.276008677417,3.55997449976818
459.84620553235,298.636262383354,3.73730295385042
8.50782540379479,492.675926473429,3.68900894752778
564.03773239176,50.4735695815857,4.1914325241561
71.1791917558612,377.993028397699,3.98728880111211
230.335897594328,412.695750283907,3.90534504652713
425.544088219745,15.7152735654386,3.40394758041515
360.618304986697,294.590421512599,2.97526860142451
607.058224195046,110.828719796813,4.2823881433817
391.700141310544,232.935724331889,4.21488011020978
563.835781709126,411.466824823056,4.77197756635624
138.324002861136,282.238062225918,4.67018579893481
199.846613900461,371.828358434753,4.060024244464
126.565516432832,411.656417578978,3.41649260386068
620.820279548,311.494989778392,4.7504971262483
1.77169782008936,149.038761951904,4.22535281576453
546.558990060655,208.00237288981,4.16445327278478
34.0718582251109,490.944445331419,3.08989936347976
283.063421258207,19.7366147222838,3.7581051354696
536.181733430243,394.483730282164,3.31356550322448
73.1344020990771,81.6750366121361,5.26791479065476
6.34416709398303,76.4968918889204,3.31981152482562
591.020720972732,225.209033812751,4.06711571208399
439.481594121711,461.757983030136,4.80758561916771
658.112309668845,373.220529042544,2.97103495601994
101.463056839118,487.2001583018,4.29729225140975
627.708299140234,91.3230102268831,4.11670668581769
419.762444068119,258.213705064309,3.62429695645377
11.9695986874426,180.837069278355,3.11373175224774
66.313601325547,112.61253984509,4.68992553312716
609.122258776398,212.155242976802,4.3689983998485
254.165530314014,225.395385788639,3.96521183253214
573.239582355721,442.892053949185,3.96167299410268
300.163846718071,136.152907191805,3.9822991807543
530.781894319524,458.427445380321,3.42242746656157
39.586574399835,424.487497190305,3.62302878138606
186.878630444638,294.217980787298,4.04027339144021
559.437650972052,256.563170378922,3.58222488732861
165.728859367817,37.9498645193713,4.15281220710922
493.843047617661,349.241064911268,4.52437652447886
37.6601410692269,53.6722357823536,3.96587222461961
520.678153435474,134.253275783826,4.52784570158652
NA,NA,NA
661.969105240808,337.276008677417,3.55997449976818
459.84620553235,298.636262383354,3.73730295385042
8.50782540379479,492.675926473429,3.68900894752778
564.03773239176,50.4735695815857,4.1914325241561
71.1791917558612,377.993028397699,3.98728880111211
230.335897594328,412.695750283907,3.90534504652713
425.544088219745,15.7152735654386,3.40394758041515
360.618304986697,294.590421512599,2.97526860142451
607.058224195046,110.828719796813,4.2823881433817
391.700141310544,232.935724331889,4.21488011020978
563.835781709126,411.466824823056,4.77197756635624
138.324002861136,282.238062225918,4.67018579893481
199.846613900461,371.828358434753,4.060024244464
126.565516432832,411.656417578978,3.41649260386068
620.820279548,311.494989778392,4.7504971262483
1.77169782008936,149.038761951904,4.22535281576453
546.558990060655,208.00237288981,4.16445327278478
34.0718582251109,490.944445331419,3.08989936347976
283.063421258207,19.7366147222838,3.7581051354696
536.181733430243,394.483730282164,3.31356550322448
73.1344020990771,81.6750366121361,5.26791479065476
6.34416709398303,76.4968918889204,3.31981152482562
591.020720972732,225.209033812751,4.06711571208399
439.481594121711,461.757983030136,4.80758561916771
658.112309668845,373.220529042544,2.97103495601994
101.463056839118,487.2001583018,4.29729225140975
627.708299140234,91.3230102268831,4.11670668581769
419.762444068119,258.213705064309,3.62429695645377
11.9695986874426,180.837069278355,3.11373175224774
66.313601325547,112.61253984509,4.68992553312716
609.122258776398,212.155242976802,4.3689983998485
254.165530314014,225.395385788639,3.96521183253214
573.239582355721,442.892053949185,3.96167299410268
300.163846718071,136.152907191805,3.9822991807543
530.781894319524,458.427445380321,3.42242746656157
39.586574399835,424.487497190305,3.62302878138606
186.878630444638,294.217980787298,4.04027339144021
559.437650972052,256.563170378922,3.58222488732861
165.728859367817,37.9498645193713,4.15281220710922
493.843047617661,349.241064911268,4.52437652447886
37.6601410692269,53.6722357823536,3.96587222461961
520.678153435474,134.253275783826,4.52784570158652
NA,NA,NA
662.935018149718,334.87735171585,3.4630855763056
457.947304880709,299.465714148337,3.50805894268418
12.6976983970494,498.207376400052,3.69614203162401
554.302209640331,51.3948769381814,4.09322856668806
71.6145276241767,375.074576609357,3.98645492425899
232.09078868554,408.225379093456,3.92808384113156
426.297535960255,11.4891889998986,3.41650741950663
364.633419765296,295.296633154178,3.10389288950165
600.895012932507,102.941118725015,4.2134938300733
385.864394855472,230.885425238905,4.09106710867275
568.899007282351,403.280297326827,4.77113147395543
138.498631185854,284.147151752214,4.66132031285176
200.234389532015,366.494007914623,3.89771837459885
119.189399942458,409.435765287103,3.38322102863406
627.229384622449,311.3436773833,4.6485128960265
2.78810607891538,145.456718895082,4.22951919985591
542.642977386437,200.22255541242,4.06063689080565
35.4413044873614,489.855092256396,3.03010785297323
279.398336173859,24.1106844553087,4.00421863736032
532.74126848816,394.333315653979,3.45777084522026
66.2168111538492,80.6727437545378,5.10416062172115
4.53434979137145,80.5828677376986,3.52332116776457
588.477401937952,225.430965317024,3.9288971556318
440.445240386747,465.217973660123,4.72972444230013
657.575394217016,373.930779994834,3.16297073594574
104.665469713513,486.055567540514,4.42388965633228
630.387558669772,92.4655673097738,4.12379839792862
420.129790423919,258.945499945605,3.60063627609486
11.4334274089788,181.873755189366,3.25206784244188
62.052062339268,117.366297453172,4.15776046244708
610.865085919894,201.74568207448,4.28312509272964
247.036675999201,218.485084157509,4.08746112422244
563.185478286283,440.728103344509,3.94734869612195
301.871287155701,132.999404174543,3.92831031809481
526.241419953084,457.295764782838,3.58300878327325
46.2648638508928,419.19127794228,3.98445720303034
193.262565270991,290.99255035817,4.277641889442
551.678875404461,265.707248825677,3.73710374300843
189.219549155076,38.3321586829582,4.61697905164034
492.615655378666,338.632004889231,4.41283087936963
41.7571372443019,39.6663298965154,3.66315217449992
534.776364147295,149.51307094494,4.76897780816303
NA,NA,NA
662.935018149718,334.87735171585,3.4630855763056
457.947304880709,299.465714148337,3.50805894268418
12.6976983970494,498.207376400052,3.69614203162401
554.302209640331,51.3948769381814,4.09322856668806
71.6145276241767,375.074576609357,3.98645492425899
232.09078868554,408.225379093456,3.92808384113156
426.297535960255,11.4891889998986,3.41650741950663
364.633419765296,295.296633154178,3.10389288950165
600.895012932507,102.941118725015,4.2134938300733
385.864394855472,230.885425238905,4.09106710867275
568.899007282351,403.280297326827,4.77113147395543
138.498631185854,284.147151752214,4.66132031285176
200.234389532015,366.494007914623,3.89771837459885
119.189399942458,409.435765287103,3.38322102863406
627.229384622449,311.3436773833,4.6485128960265
2.78810607891538,145.456718895082,4.22951919985591
542.642977386437,200.22255541242,4.06063689080565
35.4413044873614,489.855092256396,3.03010785297323
279.398336173859,24.1106844553087,4.00421863736032
532.74126848816,394.333315653979,3.45777084522026
66.2168111538492,80.6727437545378,5.10416062172115
4.53434979137145,80.5828677376986,3.52332116776457
588.477401937952,225.430965317024,3.9288971556318
440.445240386747,465.217973660123,4.72972444230013
657.575394217016,373.930779994834,3.16297073594574
104.665469713513,486.055567540514,4.42388965633228
630.387558669772,92.4655673097738,4.12379839792862
420.129790423919,258.945499945605,3.60063627609486
11.4334274089788,181.873755189366,3.25206784244188
62.052062339268,117.366297453172,4.15776046244708
610.865085919894,201.74568207448,4.28312509272964
247.036675999201,218.485084157509,4.08746112422244
563.185478286283,440.728103344509,3.94734869612195
301.871287155701,132.999404174543,3.92831031809481
526.241419953084,457.295764782838,3.58300878327325
46.2648638508928,419.19127794228,3.98445720303034
193.262565270991,290.99255035817,4.277641889442
551.678875404461,265.707248825677,3.73710374300843
189.219549155076,38.3321586829582,4.61697905164034
492.615655378666,338.632004889231,4.41283087936963
41.7571372443019,39.6663298965154,3.66315217449992
534.776364147295,149.51307094494,4.76897780816303
NA,NA,NA
662.935018149718,334.87735171585,3.4630855763056
457.947304880709,299.465714148337,3.50805894268418
12.6976983970494,498.207376400052,3.69614203162401
554.302209640331,51.3948769381814,4.09322856668806
71.6145276241767,375.074576609357,3.98645492425899
232.09078868554,408.225379093456,3.92808384113156
426.297535960255,11.4891889998986,3.41650741950663
364.633419765296,295.296633154178,3.10389288950165
600.895012932507,102.941118725015,4.2134938300733
385.864394855472,230.885425238905,4.09106710867275
568.899007282351,403.280297326827,4.77113147395543
138.498631185854,284.147151752214,4.66132031285176
200.234389532015,366.494007914623,3.89771837459885
119.189399942458,409.435765287103,3.38322102863406
627.229384622449,311.3436773833,4.6485128960265
2.78810607891538,145.456718895082,4.22951919985591
542.642977386437,200.22255541242,4.06063689080565
35.4413044873614,489.855092256396,3.03010785297323
279.398336173859,24.1106844553087,4.00421863736032
532.74126848816,394.333315653979,3.45777084522026
66.2168111538492,80.6727437545378,5.10416062172115
4.53434979137145,80.5828677376986,3.52332116776457
588.477401937952,225.430965317024,3.9288971556318
440.445240386747,465.217973660123,4.72972444230013
657.575394217016,373.930779994834,3.16297073594574
104.665469713513,486.055567540514,4.42388965633228
630.387558669772,92.4655673097738,4.12379839792862
420.129790423919,258.945499945605,3.60063627609486
11.4334274089788,181.873755189366,3.25206784244188
62.052062339268,117.366297453172,4.15776046244708
610.865085919894,201.74568207448,4.28312509272964
247.036675999201,218.485084157509,4.08746112422244
563.185478286283,440.728103344509,3.94734869612195
301.871287155701,132.999404174543,3.92831031809481
526.241419953084,457.295764782838,3.58300878327325
46.2648638508928,419.19127794228,3.98445720303034
193.262565270991,290.99255035817,4.277641889442
551.678875404461,265.707248825677,3.73710374300843
189.219549155076,38.3321586829582,4.61697905164034
492.615655378666,338.632004889231,4.41283087936963
41.7571372443019,39.6663298965154,3.66315217449992
534.776364147295,149.51307094494,4.76897780816303
NA,NA,NA
662.935018149718,334.87735171585,3.4630855763056
457.947304880709,299.465714148337,3.50805894268418
12.6976983970494,498.207376400052,3.69614203162401
554.302209640331,51.3948769381814,4.09322856668806
71.6145276241767,375.074576609357,3.98645492425899
232.09078868554,408.225379093456,3.92808384113156
426.297535960255,11.4891889998986,3.41650741950663
364.633419765296,295.296633154178,3.10389288950165
600.895012932507,102.941118725015,4.2134938300733
385.864394855472,230.885425238905,4.09106710867275
568.899007282351,403.280297326827,4.77113147395543
138.498631185854,284.147151752214,4.66132031285176
200.234389532015,366.494007914623,3.89771837459885
119.189399942458,409.435765287103,3.38322102863406
627.229384622449,311.3436773833,4.6485128960265
2.78810607891538,145.456718895082,4.22951919985591
542.642977386437,200.22255541242,4.06063689080565
35.4413044873614,489.855092256396,3.03010785297323
279.398336173859,24.1106844553087,4.00421863736032
532.74126848816,394.333315653979,3.45777084522026
66.2168111538492,80.6727437545378,5.10416062172115
4.53434979137145,80.5828677376986,3.52332116776457
588.477401937952,225.430965317024,3.9288971556318
440.445240386747,465.217973660123,4.72972444230013
657.575394217016,373.930779994834,3.16297073594574
104.665469713513,486.055567540514,4.42388965633228
630.387558669772,92.4655673097738,4.12379839792862
420.129790423919,258.945499945605,3.60063627609486
11.4334274089788,181.873755189366,3.25206784244188
62.052062339268,117.366297453172,4.15776046244708
610.865085919894,201.74568207448,4.28312509272964
247.036675999201,218.485084157509,4.08746112422244
563.185478286283,440.728103344509,3.94734869612195
301.871287155701,132.999404174543,3.92831031809481
526.241419953084,457.295764782838,3.58300878327325
46.2648638508928,419.19127794228,3.98445720303034
193.262565270991,290.99255035817,4.277641889442
551.678875404461,265.707248825677,3.73710374300843
189.219549155076,38.3321586829582,4.61697905164034
492.615655378666,338.632004889231,4.41283087936963
41.7571372443019,39.6663298965154,3.66315217449992
534.776364147295,149.51307094494,4.76897780816303
NA,NA,NA
662.935018149718,334.87735171585,3.4630855763056
457.947304880709,299.465714148337,3.50805894268418
12.6976983970494,498.207376400052,3.69614203162401
554.302209640331,51.3948769381814,4.09322856668806
71.6145276241767,375.074576609357,3.98645492425899
232.09078868554,408.225379093456,3.92808384113156
426.297535960255,11.4891889998986,3.41650741950663
364.633419765296,295.296633154178,3.10389288950165
600.895012932507,102.941118725015,4.2134938300733
385.864394855472,230.885425238905,4.09106710867275
568.899007282351,403.280297326827,4.77113147395543
138.498631185854,284.147151752214,4.66132031285176
200.234389532015,366.494007914623,3.89771837459885
119.189399942458,409.435765287103,3.38322102863406
627.229384622449,311.3436773833,4.6485128960265
2.78810607891538,145.456718895082,4.22951919985591
542.642977386437,200.22255541242,4.06063689080565
35.4413044873614,489.855092256396,3.03010785297323
279.398336173859,24.1106844553087,4.00421863736032
532.74126848816,394.333315653979,3.45777084522026
66.2168111538492,80.6727437545378,5.10416062172115
4.53434979137145,80.5828677376986,3.52332116776457
588.477401937952,225.430965317024,3.9288971556318
440.445240386747,465.217973660123,4.72972444230013
657.575394217016,373.930779994834,3.16297073594574
104.665469713513,486.055567540514,4.42388965633228
630.387558669772,92.4655673097738,4.12379839792862
420.129790423919,258.945499945605,3.60063627609486
11.4334274089788,181.873755189366,3.25206784244188
62.052062339268,117.366297453172,4.15776046244708
610.865085919894,201.74568207448,4.28312509272964
247.036675999201,218.485084157509,4.08746112422244
563.185478286283,440.728103344509,3.94734869612195
301.871287155701,132.999404174543,3.92831031809481
526.241419953084,457.295764782838,3.58300878327325
46.2648638508928,419.19127794228,3.98445720303034
193.262565270991,290.99255035817,4.277641889442
551.678875404461,265.707248825677,3.73710374300843
189.219549155076,38.3321586829582,4.61697905164034
492.615655378666,338.632004889231,4.41283087936963
41.7571372443019,39.6663298965154,3.66315217449992
534.776364147295,149.51307094494,4.76897780816303
NA,NA,NA
662.935018149718,334.87735171585,3.4630855763056
457.947304880709,299.465714148337,3.50805894268418
12.6976983970494,498.207376400052,3.69614203162401
554.302209640331,51.3948769381814,4.09322856668806
71.6145276241767,375.074576609357,3.98645492425899
232.09078868554,408.225379093456,3.92808384113156
426.297535960255,11.4891889998986,3.41650741950663
364.633419765296,295.296633154178,3.10389288950165
600.895012932507,102.941118725015,4.2134938300733
385.864394855472,230.885425238905,4.09106710867275
568.899007282351,403.280297326827,4.77113147395543
138.498631185854,284.147151752214,4.66132031285176
200.234389532015,366.494007914623,3.89771837459885
119.189399942458,409.435765287103,3.38322102863406
627.229384622449,311.3436773833,4.6485128960265
2.78810607891538,145.456718895082,4.22951919985591
542.642977386437,200.22255541242,4.06063689080565
35.4413044873614,489.855092256396,3.03010785297323
279.398336173859,24.1106844553087,4.00421863736032
532.74126848816,394.333315653979,3.45777084522026
66.2168111538492,80.6727437545378,5.10416062172115
4.53434979137145,80.5828677376986,3.52332116776457
588.477401937952,225.430965317024,3.9288971556318
440.445240386747,465.217973660123,4.72972444230013
657.575394217016,373.930779994834,3.16297073594574
104.665469713513,486.055567540514,4.42388965633228
630.387558669772,92.4655673097738,4.12379839792862
420.129790423919,258.945499945605,3.60063627609486
11.4334274089788,181.873755189366,3.25206784244188
62.052062339268,117.366297453172,4.15776046244708
610.865085919894,201.74568207448,4.28312509272964
247.036675999201,218.485084157509,4.08746112422244
563.185478286283,440.728103344509,3.94734869612195
301.871287155701,132.999404174543,3.92831031809481
526.241419953084,457.295764782838,3.58300878327325
46.2648638508928,419.19127794228,3.98445720303034
193.262565270991,290.99255035817,4.277641889442
551.678875404461,265.707248825677,3.73710374300843
189.219549155076,38.3321586829582,4.61697905164034
492.615655378666,338.632004889231,4.41283087936963
41.7571372443019,39.6663298965154,3.66315217449992
534.776364147295,149.51307094494,4.76897780816303
NA,NA,NA
662.208395552132,334.704152103884,3.49087911134375
454.921966563218,296.698149218132,3.72608824053846
9.8413039523246,489.057226993075,3.76770971443514
563.307338909646,49.3672961218249,4.24587400529379
73.0884608406772,373.647094145651,4.1601510301968
231.988570885122,415.142150681457,3.82649452354621
428.299087019291,12.7337255220409,3.38817447951705
363.407779567631,291.949692644999,2.95247513592324
604.622024163706,105.893539687251,4.17651629490527
394.579285225435,228.075954442122,4.27322621353745
566.87966023902,419.552059752328,4.75640185733174
137.579569679271,276.786330899879,4.46674298340042
198.636934246679,373.224911642412,4.03140460216994
124.236235267695,412.742740819994,3.34340772886945
623.093380795596,318.460667535122,4.56101260474466
0.13030398619197,150.488315750793,4.24594328666467
544.836873836408,200.093730850298,4.03154779177749
33.3814859545062,489.756567794486,2.97911723414738
280.916713016721,24.9409811009168,3.84312187859761
534.688278569496,392.956660101472,3.34169336596913
76.8220311885839,82.1494348886165,5.15982760431639
7.56730140847135,75.4405576551909,3.58873340909363
588.981744678166,226.659862688478,4.07397559330181
441.383149961568,459.432595966893,4.795453478297
657.502004792467,372.899425115538,3.04242683418823
109.083833775503,487.442958764954,4.38773953097644
627.024189384366,88.9291099890895,4.10189185338852
419.853675416464,259.131866776883,3.73695796131593
11.8656935936475,181.597971898143,3.22904001566827
68.4093898982328,126.975180931734,4.44898128303513
614.932754821215,211.312468710682,4.53405972158765
252.455283604459,213.985107296021,3.34559325238847
571.490689374446,437.535070287173,3.8036559250566
297.226815554969,137.423944870601,3.83906448782897
528.830037723282,459.513075130583,3.60064474222041
48.8190559725159,426.892350102804,3.69770892495632
194.751982579425,284.766465410076,4.09623536956139
553.667100517073,259.862184805161,3.57074913248926
170.814543278464,21.1505662042947,4.1920165346391
510.938078831197,339.337997686368,4.64594569548898
49.8012422619587,46.7511666593876,3.97640151010126
524.748228398372,145.476721712553,4.50909885120736
NA,NA,NA
662.208395552132,334.704152103884,3.49087911134375
454.921966563218,296.698149218132,3.72608824053846
9.8413039523246,489.057226993075,3.76770971443514
563.307338909646,49.3672961218249,4.24587400529379
73.0884608406772,373.647094145651,4.1601510301968
231.988570885122,415.142150681457,3.82649452354621
428.299087019291,12.7337255220409,3.38817447951705
363.407779567631,291.949692644999,2.95247513592324
604.622024163706,105.893539687251,4.17651629490527
394.579285225435,228.075954442122,4.27322621353745
566.87966023902,419.552059752328,4.75640185733174
137.579569679271,276.786330899879,4.46674298340042
198.636934246679,373.224911642412,4.03140460216994
124.236235267695,412.742740819994,3.34340772886945
623.093380795596,318.460667535122,4.56101260474466
0.13030398619197,150.488315750793,4.24594328666467
544.836873836408,200.093730850298,4.03154779177749
33.3814859545062,489.756567794486,2.97911723414738
280.916713016721,24.9409811009168,3.84312187859761
534.688278569496,392.956660101472,3.34169336596913
76.8220311885839,82.1494348886165,5.15982760431639
7.56730140847135,75.4405576551909,3.58873340909363
588.981744678166,226.659862688478,4.07397559330181
441.383149961568,459.432595966893,4.795453478297
657.502004792467,372.899425115538,3.04242683418823
109.083833775503,487.442958764954,4.38773953097644
627.024189384366,88.9291099890895,4.10189185338852
419.853675416464,259.131866776883,3.73695796131593
11.8656935936475,181.597971898143,3.22904001566827
68.4093898982328,126.975180931734,4.44898128303513
614.932754821215,211.312468710682,4.53405972158765
252.455283604459,213.985107296021,3.34559325238847
571.490689374446,437.535070287173,3.8036559250566
297.226815554969,137.423944870601,3.83906448782897
528.830037723282,459.513075130583,3.60064474222041
48.8190559725159,426.892350102804,3.69770892495632
194.751982579425,284.766465410076,4.09623536956139
553.667100517073,259.862184805161,3.57074913248926
170.814543278464,21.1505662042947,4.1920165346391
510.938078831197,339.337997686368,4.64594569548898
49.8012422619587,46.7511666593876,3.97640151010126
524.748228398372,145.476721712553,4.50909885120736
NA,NA,NA
662.208395552132,334.704152103884,3.49087911134375
454.921966563218,296.698149218132,3.72608824053846
9.8413039523246,489.057226993075,3.76770971443514
563.307338909646,49.3672961218249,4.24587400529379
73.0884608406772,373.647094145651,4.1601510301968
231.988570885122,415.142150681457,3.82649452354621
428.299087019291,12.7337255220409,3.38817447951705
363.407779567631,291.949692644999,2.95247513592324
604.622024163706,105.893539687251,4.17651629490527
394.579285225435,228.075954442122,4.27322621353745
566.87966023902,419.552059752328,4.75640185733174
137.579569679271,276.786330899879,4.46674298340042
198.636934246679,373.224911642412,4.03140460216994
124.236235267695,412.742740819994,3.34340772886945
623.093380795596,318.460667535122,4.56101260474466
0.13030398619197,150.488315750793,4.24594328666467
544.836873836408,200.093730850298,4.03154779177749
33.3814859545062,489.756567794486,2.97911723414738
280.916713016721,24.9409811009168,3.84312187859761
534.688278569496,392.956660101472,3.34169336596913
76.8220311885839,82.1494348886165,5.15982760431639
7.56730140847135,75.4405576551909,3.58873340909363
588.981744678166,226.659862688478,4.07397559330181
441.383149961568,459.432595966893,4.795453478297
657.502004792467,372.899425115538,3.04242683418823
109.083833775503,487.442958764954,4.38773953097644
627.024189384366,88.9291099890895,4.10189185338852
419.853675416464,259.131866776883,3.73695796131593
11.8656935936475,181.597971898143,3.22904001566827
68.4093898982328,126.975180931734,4.44898128303513
614.932754821215,211.312468710682,4.53405972158765
252.455283604459,213.985107296021,3.34559325238847
571.490689374446,437.535070287173,3.8036559250566
297.226815554969,137.423944870601,3.83906448782897
528.830037723282,459.513075130583,3.60064474222041
48.8190559725159,426.892350102804,3.69770892495632
194.751982579425,284.766465410076,4.09623536956139
553.667100517073,259.862184805161,3.57074913248926
170.814543278464,21.1505662042947,4.1920165346391
510.938078831197,339.337997686368,4.64594569548898
49.8012422619587,46.7511666593876,3.97640151010126
524.748228398372,145.476721712553,4.50909885120736
NA,NA,NA
662.208395552132,334.704152103884,3.49087911134375
454.921966563218,296.698149218132,3.72608824053846
9.8413039523246,489.057226993075,3.76770971443514
563.307338909646,49.3672961218249,4.24587400529379
73.0884608406772,373.647094145651,4.1601510301968
231.988570885122,415.142150681457,3.82649452354621
428.299087019291,12.7337255220409,3.38817447951705
363.407779567631,291.949692644999,2.95247513592324
604.622024163706,105.893539687251,4.17651629490527
394.579285225435,228.075954442122,4.27322621353745
566.87966023902,419.552059752328,4.75640185733174
137.579569679271,276.786330899879,4.46674298340042
198.636934246679,373.224911642412,4.03140460216994
124.236235267695,412.742740819994,3.34340772886945
623.093380795596,318.460667535122,4.56101260474466
0.13030398619197,150.488315750793,4.24594328666467
544.836873836408,200.093730850298,4.03154779177749
33.3814859545062,489.756567794486,2.97911723414738
280.916713016721,24.9409811009168,3.84312187859761
534.688278569496,392.956660101472,3.34169336596913
76.8220311885839,82.1494348886165,5.15982760431639
7.56730140847135,75.4405576551909,3.58873340909363
588.981744678166,226.659862688478,4.07397559330181
441.383149961568,459.432595966893,4.795453478297
657.502004792467,372.899425115538,3.04242683418823
109.083833775503,487.442958764954,4.38773953097644
627.024189384366,88.9291099890895,4.10189185338852
419.853675416464,259.131866776883,3.73695796131593
11.8656935936475,181.597971898143,3.22904001566827
68.4093898982328,126.975180931734,4.44898128303513
614.932754821215,211.312468710682,4.53405972158765
252.455283604459,213.985107296021,3.34559325238847
571.490689374446,437.535070287173,3.8036559250566
297.226815554969,137.423944870601,3.83906448782897
528.830037723282,459.513075130583,3.60064474222041
48.8190559725159,426.892350102804,3.69770892495632
194.751982579425,284.766465410076,4.09623536956139
553.667100517073,259.862184805161,3.57074913248926
170.814543278464,21.1505662042947,4.1920165346391
510.938078831197,339.337997686368,4.64594569548898
49.8012422619587,46.7511666593876,3.97640151010126
524.748228398372,145.476721712553,4.50909885120736
NA,NA,NA
662.208395552132,334.704152103884,3.49087911134375
454.921966563218,296.698149218132,3.72608824053846
9.8413039523246,489.057226993075,3.76770971443514
563.307338909646,49.3672961218249,4.24587400529379
73.0884608406772,373.647094145651,4.1601510301968
231.988570885122,415.142150681457,3.82649452354621
428.299087019291,12.7337255220409,3.38817447951705
363.407779567631,291.949692644999,2.95247513592324
604.622024163706,105.893539687251,4.17651629490527
394.579285225435,228.075954442122,4.27322621353745
566.87966023902,419.552059752328,4.75640185733174
137.579569679271,276.786330899879,4.46674298340042
198.636934246679,373.224911642412,4.03140460216994
124.236235267695,412.742740819994,3.34340772886945
623.093380795596,318.460667535122,4.56101260474466
0.13030398619197,150.488315750793,4.24594328666467
544.836873836408,200.093730850298,4.03154779177749
33.3814859545062,489.756567794486,2.97911723414738
280.916713016721,24.9409811009168,3.84312187859761
534.688278569496,392.956660101472,3.34169336596913
76.8220311885839,82.1494348886165,5.15982760431639
7.56730140847135,75.4405576551909,3.58873340909363
588.981744678166,226.659862688478,4.07397559330181
441.383149961568,459.432595966893,4.795453478297
657.502004792467,372.899425115538,3.04242683418823
109.083833775503,487.442958764954,4.38773953097644
627.024189384366,88.9291099890895,4.10189185338852
419.853675416464,259.131866776883,3.73695796131593
11.8656935936475,181.597971898143,3.22904001566827
68.4093898982328,126.975180931734,4.44898128303513
614.932754821215,211.312468710682,4.53405972158765
252.455283604459,213.985107296021,3.34559325238847
571.490689374446,437.535070287173,3.8036559250566
297.226815554969,137.423944870601,3.83906448782897
528.830037723282,459.513075130583,3.60064474222041
48.8190559725159,426.892350102804,3.69770892495632
194.751982579425,284.766465410076,4.09623536956139
553.667100517073,259.862184805161,3.57074913248926
170.814543278464,21.1505662042947,4.1920165346391
510.938078831197,339.337997686368,4.64594569548898
49.8012422619587,46.7511666593876,3.97640151010126
524.748228398372,145.476721712553,4.50909885120736
NA,NA,NA
662.208395552132,334.704152103884,3.49087911134375
454.921966563218,296.698149218132,3.72608824053846
9.8413039523246,489.057226993075,3.76770971443514
563.307338909646,49.3672961218249,4.24587400529379
73.0884608406772,373.647094145651,4.1601510301968
231.988570885122,415.142150681457,3.82649452354621
428.299087019291,12.7337255220409,3.38817447951705
363.407779567631,291.949692644999,2.95247513592324
604.622024163706,105.893539687251,4.17651629490527
394.579285225435,228.075954442122,4.27322621353745
566.87966023902,419.552059752328,4.75640185733174
137.579569679271,276.786330899879,4.46674298340042
198.636934246679,373.224911642412,4.03140460216994
124.236235267695,412.742740819994,3.34340772886945
623.093380795596,318.460667535122,4.56101260474466
0.13030398619197,150.488315750793,4.24594328666467
544.836873836408,200.093730850298,4.03154779177749
33.3814859545062,489.756567794486,2.97911723414738
280.916713016721,24.9409811009168,3.84312187859761
534.688278569496,392.956660101472,3.34169336596913
76.8220311885839,82.1494348886165,5.15982760431639
7.56730140847135,75.4405576551909,3.58873340909363
588.981744678166,226.659862688478,4.07397559330181
441.383149961568,459.432595966893,4.795453478297
657.502004792467,372.899425115538,3.04242683418823
109.083833775503,487.442958764954,4.38773953097644
627.024189384366,88.9291099890895,4.10189185338852
419.853675416464,259.131866776883,3.73695796131593
11.8656935936475,181.597971898143,3.22904001566827
68.4093898982328,126.975180931734,4.44898128303513
614.932754821215,211.312468710682,4.53405972158765
252.455283604459,213.985107296021,3.34559325238847
571.490689374446,437.535070287173,3.8036559250566
297.226815554969,137.423944870601,3.83906448782897
528.830037723282,459.513075130583,3.60064474222041
48.8190559725159,426.892350102804,3.69770892495632
194.751982579425,284.766465410076,4.09623536956139
553.667100517073,259.862184805161,3.57074913248926
170.814543278464,21.1505662042947,4.1920165346391
510.938078831197,339.337997686368,4.64594569548898
49.8012422619587,46.7511666593876,3.97640151010126
524.748228398372,145.476721712553,4.50909885120736
NA,NA,NA
658.317654311811,334.266926886321,3.42644767902591
456.959172770721,300.331519699707,3.67850517689629
13.0802352949871,487.414984910797,3.58942762854868
558.878794703681,56.169211654572,4.27703545030207
73.3744946729143,374.39713923866,4.02454611861122
227.918742034423,411.890291167811,3.94894889327959
429.782529080759,13.1276566947517,3.2316137367187
361.514339856961,296.406457446046,3.19210049027724
602.491559552665,105.637457842244,4.1257584123928
390.595350729625,232.889477047364,4.21554539417926
568.816756730916,403.638912578939,4.77626798547049
139.876326076426,283.493004504125,4.55367185261796
197.327243422689,368.559705821848,4.103253641708
127.701530507193,409.874736407638,3.39400240466224
626.264354003756,312.329278353772,4.53411521491434
0.547195386712571,151.20725556576,4.17164739304571
541.848592245696,207.245584801568,4.23627589487558
34.6507002077375,490.718928498424,3.04187696246198
278.382551272062,24.1808242158148,3.86104747676282
535.443780061766,392.381662116323,3.49299073358566
72.460026789731,73.0396226412943,5.23671891694839
2.26468642429034,78.2549414845332,3.26049152056564
583.394697648488,226.159585293836,4.05406521756077
438.383566969718,460.75675667973,4.75441265898562
658.642772226527,373.035240152326,3.01539616641947
107.834435944457,487.662548126394,4.36717353740095
622.393415551068,88.7726739663104,4.03574047858519
417.769981330559,258.994720223999,3.61572467667789
11.4074751205379,182.42555606977,3.35491859536922
71.7705447514734,116.092377587032,4.53918978545213
613.99193913557,203.522330560305,4.6381039670897
255.844527042628,225.028870286616,4.01741851316652
573.410813993649,428.117952113513,3.84191604437728
299.519799877216,137.244906065203,3.95636770072114
523.099552278978,463.520486414507,3.66075697054742
47.8652582371345,421.628737229834,3.89569861522187
191.014552233382,299.619932695701,3.90875247835161
550.257055843077,253.294319287557,3.85836068865213
165.091624121492,40.9308369246483,4.35882067677626
489.095637472138,336.295014884478,4.40761660679432
36.7080660248957,48.1551687537326,3.85209633610418
527.303241483486,147.412081507124,4.99835335552956
NA,NA,NA
658.317654311811,334.266926886321,3.42644767902591
456.959172770721,300.331519699707,3.67850517689629
13.0802352949871,487.414984910797,3.58942762854868
558.878794703681,56.169211654572,4.27703545030207
73.3744946729143,374.39713923866,4.02454611861122
227.918742034423,411.890291167811,3.94894889327959
429.782529080759,13.1276566947517,3.2316137367187
361.514339856961,296.406457446046,3.19210049027724
602.491559552665,105.637457842244,4.1257584123928
390.595350729625,232.889477047364,4.21554539417926
568.816756730916,403.638912578939,4.77626798547049
139.876326076426,283.493004504125,4.55367185261796
197.327243422689,368.559705821848,4.103253641708
127.701530507193,409.874736407638,3.39400240466224
626.264354003756,312.329278353772,4.53411521491434
0.547195386712571,151.20725556576,4.17164739304571
541.848592245696,207.245584801568,4.23627589487558
34.6507002077375,490.718928498424,3.04187696246198
278.382551272062,24.1808242158148,3.86104747676282
535.443780061766,392.381662116323,3.49299073358566
72.460026789731,73.0396226412943,5.23671891694839
2.26468642429034,78.2549414845332,3.26049152056564
583.394697648488,226.159585293836,4.05406521756077
438.383566969718,460.75675667973,4.75441265898562
658.642772226527,373.035240152326,3.01539616641947
107.834435944457,487.662548126394,4.36717353740095
622.393415551068,88.7726739663104,4.03574047858519
417.769981330559,258.994720223999,3.61572467667789
11.4074751205379,182.42555606977,3.35491859536922
71.7705447514734,116.092377587032,4.53918978545213
613.99193913557,203.522330560305,4.6381039670897
255.844527042628,225.028870286616,4.01741851316652
573.410813993649,428.117952113513,3.84191604437728
299.519799877216,137.244906065203,3.95636770072114
523.099552278978,463.520486414507,3.66075697054742
47.8652582371345,421.628737229834,3.89569861522187
191.014552233382,299.619932695701,3.90875247835161
550.257055843077,253.294319287557,3.85836068865213
165.091624121492,40.9308369246483,4.35882067677626
489.095637472138,336.295014884478,4.40761660679432
36.7080660248957,48.1551687537326,3.85209633610418
527.303241483486,147.412081507124,4.99835335552956
NA,NA,NA
658.317654311811,334.266926886321,3.42644767902591
456.959172770721,300.331519699707,3.67850517689629
13.0802352949871,487.414984910797,3.58942762854868
558.878794703681,56.169211654572,4.27703545030207
73.3744946729143,374.39713923866,4.02454611861122
227.918742034423,411.890291167811,3.94894889327959
429.782529080759,13.1276566947517,3.2316137367187
361.514339856961,296.406457446046,3.19210049027724
602.491559552665,105.637457842244,4.1257584123928
390.595350729625,232.889477047364,4.21554539417926
568.816756730916,403.638912578939,4.77626798547049
139.876326076426,283.493004504125,4.55367185261796
197.327243422689,368.559705821848,4.103253641708
127.701530507193,409.874736407638,3.39400240466224
626.264354003756,312.329278353772,4.53411521491434
0.547195386712571,151.20725556576,4.17164739304571
541.848592245696,207.245584801568,4.23627589487558
34.6507002077375,490.718928498424,3.04187696246198
278.382551272062,24.1808242158148,3.86104747676282
535.443780061766,392.381662116323,3.49299073358566
72.460026789731,73.0396226412943,5.23671891694839
2.26468642429034,78.2549414845332,3.26049152056564
583.394697648488,226.159585293836,4.05406521756077
438.383566969718,460.75675667973,4.75441265898562
658.642772226527,373.035240152326,3.01539616641947
107.834435944457,487.662548126394,4.36717353740095
622.393415551068,88.7726739663104,4.03574047858519
417.769981330559,258.994720223999,3.61572467667789
11.4074751205379,182.42555606977,3.35491859536922
71.7705447514734,116.092377587032,4.53918978545213
613.99193913557,203.522330560305,4.6381039670897
255.844527042628,225.028870286616,4.01741851316652
573.410813993649,428.117952113513,3.84191604437728
299.519799877216,137.244906065203,3.95636770072114
523.099552278978,463.520486414507,3.66075697054742
47.8652582371345,421.628737229834,3.89569861522187
191.014552233382,299.619932695701,3.90875247835161
550.257055843077,253.294319287557,3.85836068865213
165.091624121492,40.9308369246483,4.35882067677626
489.095637472138,336.295014884478,4.40761660679432
36.7080660248957,48.1551687537326,3.85209633610418
527.303241483486,147.412081507124,4.99835335552956
NA,NA,NA
658.317654311811,334.266926886321,3.42644767902591
456.959172770721,300.331519699707,3.67850517689629
13.0802352949871,487.414984910797,3.58942762854868
558.878794703681,56.169211654572,4.27703545030207
73.3744946729143,374.39713923866,4.02454611861122
227.918742034423,411.890291167811,3.94894889327959
429.782529080759,13.1276566947517,3.2316137367187
361.514339856961,296.406457446046,3.19210049027724
602.491559552665,105.637457842244,4.1257584123928
390.595350729625,232.889477047364,4.21554539417926
568.816756730916,403.638912578939,4.77626798547049
139.876326076426,283.493004504125,4.55367185261796
197.327243422689,368.559705821848,4.103253641708
127.701530507193,409.874736407638,3.39400240466224
626.264354003756,312.329278353772,4.53411521491434
0.547195386712571,151.20725556576,4.17164739304571
541.848592245696,207.245584801568,4.23627589487558
34.6507002077375,490.718928498424,3.04187696246198
278.382551272062,24.1808242158148,3.86104747676282
535.443780061766,392.381662116323,3.49299073358566
72.460026789731,73.0396226412943,5.23671891694839
2.26468642429034,78.2549414845332,3.26049152056564
583.394697648488,226.159585293836,4.05406521756077
438.383566969718,460.75675667973,4.75441265898562
658.642772226527,373.035240152326,3.01539616641947
107.834435944457,487.662548126394,4.36717353740095
622.393415551068,88.7726739663104,4.03574047858519
417.769981330559,258.994720223999,3.61572467667789
11.4074751205379,182.42555606977,3.35491859536922
71.7705447514734,116.092377587032,4.53918978545213
613.99193913557,203.522330560305,4.6381039670897
255.844527042628,225.028870286616,4.01741851316652
573.410813993649,428.117952113513,3.84191604437728
299.519799877216,137.244906065203,3.95636770072114
523.099552278978,463.520486414507,3.66075697054742
47.8652582371345,421.628737229834,3.89569861522187
191.014552233382,299.619932695701,3.90875247835161
550.257055843077,253.294319287557,3.85836068865213
165.091624121492,40.9308369246483,4.35882067677626
489.095637472138,336.295014884478,4.40761660679432
36.7080660248957,48.1551687537326,3.85209633610418
527.303241483486,147.412081507124,4.99835335552956
NA,NA,NA
658.317654311811,334.266926886321,3.42644767902591
456.959172770721,300.331519699707,3.67850517689629
13.0802352949871,487.414984910797,3.58942762854868
558.878794703681,56.169211654572,4.27703545030207
73.3744946729143,374.39713923866,4.02454611861122
227.918742034423,411.890291167811,3.94894889327959
429.782529080759,13.1276566947517,3.2316137367187
361.514339856961,296.406457446046,3.19210049027724
602.491559552665,105.637457842244,4.1257584123928
390.595350729625,232.889477047364,4.21554539417926
568.816756730916,403.638912578939,4.77626798547049
139.876326076426,283.493004504125,4.55367185261796
197.327243422689,368.559705821848,4.103253641708
127.701530507193,409.874736407638,3.39400240466224
626.264354003756,312.329278353772,4.53411521491434
0.547195386712571,151.20725556576,4.17164739304571
541.848592245696,207.245584801568,4.23627589487558
34.6507002077375,490.718928498424,3.04187696246198
278.382551272062,24.1808242158148,3.86104747676282
535.443780061766,392.381662116323,3.49299073358566
72.460026789731,73.0396226412943,5.23671891694839
2.26468642429034,78.2549414845332,3.26049152056564
583.394697648488,226.159585293836,4.05406521756077
438.383566969718,460.75675667973,4.75441265898562
658.642772226527,373.035240152326,3.01539616641947
107.834435944457,487.662548126394,4.36717353740095
622.393415551068,88.7726739663104,4.03574047858519
417.769981330559,258.994720223999,3.61572467667789
11.4074751205379,182.42555606977,3.35491859536922
71.7705447514734,116.092377587032,4.53918978545213
613.99193913557,203.522330560305,4.6381039670897
255.844527042628,225.028870286616,4.01741851316652
573.410813993649,428.117952113513,3.84191604437728
299.519799877216,137.244906065203,3.95636770072114
523.099552278978,463.520486414507,3.66075697054742
47.8652582371345,421.628737229834,3.89569861522187
191.014552233382,299.619932695701,3.90875247835161
550.257055843077,253.294319287557,3.85836068865213
165.091624121492,40.9308369246483,4.35882067677626
489.095637472138,336.295014884478,4.40761660679432
36.7080660248957,48.1551687537326,3.85209633610418
527.303241483486,147.412081507124,4.99835335552956
NA,NA,NA
658.317654311811,334.266926886321,3.42644767902591
456.959172770721,300.331519699707,3.67850517689629
13.0802352949871,487.414984910797,3.58942762854868
558.878794703681,56.169211654572,4.27703545030207
73.3744946729143,374.39713923866,4.02454611861122
227.918742034423,411.890291167811,3.94894889327959
429.782529080759,13.1276566947517,3.2316137367187
361.514339856961,296.406457446046,3.19210049027724
602.491559552665,105.637457842244,4.1257584123928
390.595350729625,232.889477047364,4.21554539417926
568.816756730916,403.638912578939,4.77626798547049
139.876326076426,283.493004504125,4.55367185261796
197.327243422689,368.559705821848,4.103253641708
127.701530507193,409.874736407638,3.39400240466224
626.264354003756,312.329278353772,4.53411521491434
0.547195386712571,151.20725556576,4.17164739304571
541.848592245696,207.245584801568,4.23627589487558
34.6507002077375,490.718928498424,3.04187696246198
278.382551272062,24.1808242158148,3.86104747676282
535.443780061766,392.381662116323,3.49299073358566
72.460026789731,73.0396226412943,5.23671891694839
2.26468642429034,78.2549414845332,3.26049152056564
583.394697648488,226.159585293836,4.05406521756077
438.383566969718,460.75675667973,4.75441265898562
658.642772226527,373.035240152326,3.01539616641947
107.834435944457,487.662548126394,4.36717353740095
622.393415551068,88.7726739663104,4.03574047858519
417.769981330559,258.994720223999,3.61572467667789
11.4074751205379,182.42555606977,3.35491859536922
71.7705447514734,116.092377587032,4.53918978545213
613.99193913557,203.522330560305,4.6381039670897
255.844527042628,225.028870286616,4.01741851316652
573.410813993649,428.117952113513,3.84191604437728
299.519799877216,137.244906065203,3.95636770072114
523.099552278978,463.520486414507,3.66075697054742
47.8652582371345,421.628737229834,3.89569861522187
191.014552233382,299.619932695701,3.90875247835161
550.257055843077,253.294319287557,3.85836068865213
165.091624121492,40.9308369246483,4.35882067677626
489.095637472138,336.295014884478,4.40761660679432
36.7080660248957,48.1551687537326,3.85209633610418
527.303241483486,147.412081507124,4.99835335552956
NA,NA,NA
663.017736648437,331.721412787628,3.4820883383187
460.417017840646,299.207815666448,3.48040654849558
9.85834839812703,490.681298217761,3.76860920338682
563.167338697538,50.7015790754507,4.1268595454902
68.7579734996341,375.377609258634,3.83013230446767
224.444205693775,414.63145341476,3.86752726223246
428.777721032009,11.7589986892935,3.26865829138628
363.168038008216,292.133730158597,2.99341023177674
606.830061622326,105.372557024431,4.10840776987038
400.697790905808,227.269423828227,4.21563424696083
569.938540114711,410.232837966274,4.77032554303997
144.98400321436,289.644537277706,4.71009065404405
196.390298085052,371.181856191288,4.06127911021268
124.400144484912,412.295669100329,3.43980543084337
626.767004654877,310.577137988583,4.57183927291453
1.88853054968526,143.789784437581,4.18466425347221
538.710329326057,201.705975508193,4.20603012401147
34.7540043103995,493.373291349205,2.90433246989413
276.92864183133,19.8718405882549,3.89144755479121
535.804323392566,391.380166593988,3.3846325207892
77.4401475788882,76.0650843380443,5.24432636993243
4.59363967593842,80.0450287322094,3.52696693778111
587.618711591737,225.813118769423,3.98138946226957
442.367954529083,454.931516508586,4.79855107553698
657.770307726972,375.912988055763,3.06225512374461
107.080352938452,484.160848144167,4.40962658321281
620.962382609371,87.1139664108574,4.09574714182206
418.698663677295,260.273301057507,3.64326624733485
10.5237101491423,178.744564883143,3.46738901181032
75.4648871507903,115.129392096725,4.90997817153641
619.870924836312,197.197116022288,3.8720103964727
259.306552735372,226.959102597861,3.7401316492385
573.24789676971,428.221267438269,3.75667151454029
299.914431464786,137.181455183761,4.02436394213099
536.228536174879,460.647022155862,3.62836552901776
53.1669323870914,427.00978265142,3.76246273271793
203.574579572918,290.498412789616,3.99520915447567
551.231523812921,258.754652763227,3.70955754087602
159.216931517177,34.218888038418,4.40674978946307
512.646184666808,341.621273742603,4.4114740041664
35.8847016980801,49.9338421704658,3.6283285870712
538.813477256992,110.54714316576,4.59115080369205
NA,NA,NA
663.017736648437,331.721412787628,3.4820883383187
460.417017840646,299.207815666448,3.48040654849558
9.85834839812703,490.681298217761,3.76860920338682
563.167338697538,50.7015790754507,4.1268595454902
68.7579734996341,375.377609258634,3.83013230446767
224.444205693775,414.63145341476,3.86752726223246
428.777721032009,11.7589986892935,3.26865829138628
363.168038008216,292.133730158597,2.99341023177674
606.830061622326,105.372557024431,4.10840776987038
400.697790905808,227.269423828227,4.21563424696083
569.938540114711,410.232837966274,4.77032554303997
144.98400321436,289.644537277706,4.71009065404405
196.390298085052,371.181856191288,4.06127911021268
124.400144484912,412.295669100329,3.43980543084337
626.767004654877,310.577137988583,4.57183927291453
1.88853054968526,143.789784437581,4.18466425347221
538.710329326057,201.705975508193,4.20603012401147
34.7540043103995,493.373291349205,2.90433246989413
276.92864183133,19.8718405882549,3.89144755479121
535.804323392566,391.380166593988,3.3846325207892
77.4401475788882,76.0650843380443,5.24432636993243
4.59363967593842,80.0450287322094,3.52696693778111
587.618711591737,225.813118769423,3.98138946226957
442.367954529083,454.931516508586,4.79855107553698
657.770307726972,375.912988055763,3.06225512374461
107.080352938452,484.160848144167,4.40962658321281
620.962382609371,87.1139664108574,4.09574714182206
418.698663677295,260.273301057507,3.64326624733485
10.5237101491423,178.744564883143,3.46738901181032
75.4648871507903,115.129392096725,4.90997817153641
619.870924836312,197.197116022288,3.8720103964727
259.306552735372,226.959102597861,3.7401316492385
573.24789676971,428.221267438269,3.75667151454029
299.914431464786,137.181455183761,4.02436394213099
536.228536174879,460.647022155862,3.62836552901776
53.1669323870914,427.00978265142,3.76246273271793
203.574579572918,290.498412789616,3.99520915447567
551.231523812921,258.754652763227,3.70955754087602
159.216931517177,34.218888038418,4.40674978946307
512.646184666808,341.621273742603,4.4114740041664
35.8847016980801,49.9338421704658,3.6283285870712
538.813477256992,110.54714316576,4.59115080369205
NA,NA,NA
663.017736648437,331.721412787628,3.4820883383187
460.417017840646,299.207815666448,3.48040654849558
9.85834839812703,490.681298217761,3.76860920338682
563.167338697538,50.7015790754507,4.1268595454902
68.7579734996341,375.377609258634,3.83013230446767
224.444205693775,414.63145341476,3.86752726223246
428.777721032009,11.7589986892935,3.26865829138628
363.168038008216,292.133730158597,2.99341023177674
606.830061622326,105.372557024431,4.10840776987038
400.697790905808,227.269423828227,4.21563424696083
569.938540114711,410.232837966274,4.77032554303997
144.98400321436,289.644537277706,4.71009065404405
196.390298085052,371.181856191288,4.06127911021268
124.400144484912,412.295669100329,3.43980543084337
626.767004654877,310.577137988583,4.57183927291453
1.88853054968526,143.789784437581,4.18466425347221
538.710329326057,201.705975508193,4.20603012401147
34.7540043103995,493.373291349205,2.90433246989413
276.92864183133,19.8718405882549,3.89144755479121
535.804323392566,391.380166593988,3.3846325207892
77.4401475788882,76.0650843380443,5.24432636993243
4.59363967593842,80.0450287322094,3.52696693778111
587.618711591737,225.813118769423,3.98138946226957
442.367954529083,454.931516508586,4.79855107553698
657.770307726972,375.912988055763,3.06225512374461
107.080352938452,484.160848144167,4.40962658321281
620.962382609371,87.1139664108574,4.09574714182206
418.698663677295,260.273301057507,3.64326624733485
10.5237101491423,178.744564883143,3.46738901181032
75.4648871507903,115.129392096725,4.90997817153641
619.870924836312,197.197116022288,3.8720103964727
259.306552735372,226.959102597861,3.7401316492385
573.24789676971,428.221267438269,3.75667151454029
299.914431464786,137.181455183761,4.02436394213099
536.228536174879,460.647022155862,3.62836552901776
53.1669323870914,427.00978265142,3.76246273271793
203.574579572918,290.498412789616,3.99520915447567
551.231523812921,258.754652763227,3.70955754087602
159.216931517177,34.218888038418,4.40674978946307
512.646184666808,341.621273742603,4.4114740041664
35.8847016980801,49.9338421704658,3.6283285870712
538.813477256992,110.54714316576,4.59115080369205
NA,NA,NA
663.017736648437,331.721412787628,3.4820883383187
460.417017840646,299.207815666448,3.48040654849558
9.85834839812703,490.681298217761,3.76860920338682
563.167338697538,50.7015790754507,4.1268595454902
68.7579734996341,375.377609258634,3.83013230446767
224.444205693775,414.63145341476,3.86752726223246
428.777721032009,11.7589986892935,3.26865829138628
363.168038008216,292.133730158597,2.99341023177674
606.830061622326,105.372557024431,4.10840776987038
400.697790905808,227.269423828227,4.21563424696083
569.938540114711,410.232837966274,4.77032554303997
144.98400321436,289.644537277706,4.71009065404405
196.390298085052,371.181856191288,4.06127911021268
124.400144484912,412.295669100329,3.43980543084337
626.767004654877,310.577137988583,4.57183927291453
1.88853054968526,143.789784437581,4.18466425347221
538.710329326057,201.705975508193,4.20603012401147
34.7540043103995,493.373291349205,2.90433246989413
276.92864183133,19.8718405882549,3.89144755479121
535.804323392566,391.380166593988,3.3846325207892
77.4401475788882,76.0650843380443,5.24432636993243
4.59363967593842,80.0450287322094,3.52696693778111
587.618711591737,225.813118769423,3.98138946226957
442.367954529083,454.931516508586,4.79855107553698
657.770307726972,375.912988055763,3.06225512374461
107.080352938452,484.160848144167,4.40962658321281
620.962382609371,87.1139664108574,4.09574714182206
418.698663677295,260.273301057507,3.64326624733485
10.5237101491423,178.744564883143,3.46738901181032
75.4648871507903,115.129392096725,4.90997817153641
619.870924836312,197.197116022288,3.8720103964727
259.306552735372,226.959102597861,3.7401316492385
573.24789676971,428.221267438269,3.75667151454029
299.914431464786,137.181455183761,4.02436394213099
536.228536174879,460.647022155862,3.62836552901776
53.1669323870914,427.00978265142,3.76246273271793
203.574579572918,290.498412789616,3.99520915447567
551.231523812921,258.754652763227,3.70955754087602
159.216931517177,34.218888038418,4.40674978946307
512.646184666808,341.621273742603,4.4114740041664
35.8847016980801,49.9338421704658,3.6283285870712
538.813477256992,110.54714316576,4.59115080369205
NA,NA,NA
663.017736648437,331.721412787628,3.4820883383187
460.417017840646,299.207815666448,3.48040654849558
9.85834839812703,490.681298217761,3.76860920338682
563.167338697538,50.7015790754507,4.1268595454902
68.7579734996341,375.377609258634,3.83013230446767
224.444205693775,414.63145341476,3.86752726223246
428.777721032009,11.7589986892935,3.26865829138628
363.168038008216,292.133730158597,2.99341023177674
606.830061622326,105.372557024431,4.10840776987038
400.697790905808,227.269423828227,4.21563424696083
569.938540114711,410.232837966274,4.77032554303997
144.98400321436,289.644537277706,4.71009065404405
196.390298085052,371.181856191288,4.06127911021268
124.400144484912,412.295669100329,3.43980543084337
626.767004654877,310.577137988583,4.57183927291453
1.88853054968526,143.789784437581,4.18466425347221
538.710329326057,201.705975508193,4.20603012401147
34.7540043103995,493.373291349205,2.90433246989413
276.92864183133,19.8718405882549,3.89144755479121
535.804323392566,391.380166593988,3.3846325207892
77.4401475788882,76.0650843380443,5.24432636993243
4.59363967593842,80.0450287322094,3.52696693778111
587.618711591737,225.813118769423,3.98138946226957
442.367954529083,454.931516508586,4.79855107553698
657.770307726972,375.912988055763,3.06225512374461
107.080352938452,484.160848144167,4.40962658321281
620.962382609371,87.1139664108574,4.09574714182206
418.698663677295,260.273301057507,3.64326624733485
10.5237101491423,178.744564883143,3.46738901181032
75.4648871507903,115.129392096725,4.90997817153641
619.870924836312,197.197116022288,3.8720103964727
259.306552735372,226.959102597861,3.7401316492385
573.24789676971,428.221267438269,3.75667151454029
299.914431464786,137.181455183761,4.02436394213099
536.228536174879,460.647022155862,3.62836552901776
53.1669323870914,427.00978265142,3.76246273271793
203.574579572918,290.498412789616,3.99520915447567
551.231523812921,258.754652763227,3.70955754087602
159.216931517177,34.218888038418,4.40674978946307
512.646184666808,341.621273742603,4.4114740041664
35.8847016980801,49.9338421704658,3.6283285870712
538.813477256992,110.54714316576,4.59115080369205
NA,NA,NA
663.017736648437,331.721412787628,3.4820883383187
460.417017840646,299.207815666448,3.48040654849558
9.85834839812703,490.681298217761,3.76860920338682
563.167338697538,50.7015790754507,4.1268595454902
68.7579734996341,375.377609258634,3.83013230446767
224.444205693775,414.63145341476,3.86752726223246
428.777721032009,11.7589986892935,3.26865829138628
363.168038008216,292.133730158597,2.99341023177674
606.830061622326,105.372557024431,4.10840776987038
400.697790905808,227.269423828227,4.21563424696083
569.938540114711,410.232837966274,4.77032554303997
144.98400321436,289.644537277706,4.71009065404405
196.390298085052,371.181856191288,4.06127911021268
124.400144484912,412.295669100329,3.43980543084337
626.767004654877,310.577137988583,4.57183927291453
1.88853054968526,143.789784437581,4.18466425347221
538.710329326057,201.705975508193,4.20603012401147
34.7540043103995,493.373291349205,2.90433246989413
276.92864183133,19.8718405882549,3.89144755479121
535.804323392566,391.380166593988,3.3846325207892
77.4401475788882,76.0650843380443,5.24432636993243
4.59363967593842,80.0450287322094,3.52696693778111
587.618711591737,225.813118769423,3.98138946226957
442.367954529083,454.931516508586,4.79855107553698
657.770307726972,375.912988055763,3.06225512374461
107.080352938452,484.160848144167,4.40962658321281
620.962382609371,87.1139664108574,4.09574714182206
418.698663677295,260.273301057507,3.64326624733485
10.5237101491423,178.744564883143,3.46738901181032
75.4648871507903,115.129392096725,4.90997817153641
619.870924836312,197.197116022288,3.8720103964727
259.306552735372,226.959102597861,3.7401316492385
573.24789676971,428.221267438269,3.75667151454029
299.914431464786,137.181455183761,4.02436394213099
536.228536174879,460.647022155862,3.62836552901776
53.1669323870914,427.00978265142,3.76246273271793
203.574579572918,290.498412789616,3.99520915447567
551.231523812921,258.754652763227,3.70955754087602
159.216931517177,34.218888038418,4.40674978946307
512.646184666808,341.621273742603,4.4114740041664
35.8847016980801,49.9338421704658,3.6283285870712
538.813477256992,110.54714316576,4.59115080369205
NA,NA,NA
665.235093258109,335.463875824819,3.54212103387128
455.835952638729,295.920578602497,3.71298613746227
12.2506624042066,495.167832950866,3.69557216179686
563.510149226723,48.409807803415,4.12541527897576
73.6915573174149,375.203397860859,4.04876736083712
229.090622686417,409.113483073131,3.92076892273066
430.294423540067,13.9784734297556,3.38845890161921
361.034379263301,292.348185778841,3.03882580407429
606.6107530716,105.87287220844,4.23723103747838
394.211134535248,234.018321909462,4.03996476158644
565.596241114728,403.805930607792,4.70630141015489
141.869548800509,285.845667958202,4.39655515614451
198.443466610424,369.688124114036,3.96758140783905
124.407925722577,411.892295857878,3.38433112938024
632.379254910648,313.414798199824,4.60027710797021
6.30205431057117,149.545487968651,4.24595311754137
543.477943923989,206.751372630512,4.24160088896294
34.3420171866488,491.783368702732,2.97616210892958
276.841147589665,25.1292734909666,3.83264228850951
533.064930295056,398.193707081149,3.36674480770525
76.9742984423474,80.5538945563527,5.25591447666298
6.29735986631537,77.4259535340179,3.52368185671154
585.722136329895,223.645679533859,4.14528136853888
442.643889514121,467.381710782364,4.80211337311825
658.748489425668,375.699088092466,3.0630269633964
106.501565619632,485.128372579618,4.35413047934575
625.74749586422,92.6708825680691,4.07338296609228
420.456269399838,255.620001413701,3.69475180047213
11.2864698786791,180.556303788589,3.3422521987002
73.741120855156,113.914503693041,4.2733123436776
613.852207684319,205.645919182505,4.34375667178201
257.089268605286,213.615760897827,3.90285688145588
572.214558529501,429.106415918197,4.08852183112934
301.553448752899,141.682097949608,3.85994788080685
528.29481205621,460.128194603672,3.47408649698243
49.8987906403638,423.256300150741,3.97915683566464
193.561607263082,280.964926510446,3.97035737747664
539.723514116448,256.977010110021,3.55994675613845
161.621535762368,30.2700285076995,4.41524759450082
495.485918331748,341.413262793103,4.6982023780654
37.0790740908335,42.3344979370289,3.84686870432215
536.571061070038,145.696155169947,4.53964383745871
NA,NA,NA
665.235093258109,335.463875824819,3.54212103387128
455.835952638729,295.920578602497,3.71298613746227
12.2506624042066,495.167832950866,3.69557216179686
563.510149226723,48.409807803415,4.12541527897576
73.6915573174149,375.203397860859,4.04876736083712
229.090622686417,409.113483073131,3.92076892273066
430.294423540067,13.9784734297556,3.38845890161921
361.034379263301,292.348185778841,3.03882580407429
606.6107530716,105.87287220844,4.23723103747838
394.211134535248,234.018321909462,4.03996476158644
565.596241114728,403.805930607792,4.70630141015489
141.869548800509,285.845667958202,4.39655515614451
198.443466610424,369.688124114036,3.96758140783905
124.407925722577,411.892295857878,3.38433112938024
632.379254910648,313.414798199824,4.60027710797021
6.30205431057117,149.545487968651,4.24595311754137
543.477943923989,206.751372630512,4.24160088896294
34.3420171866488,491.783368702732,2.97616210892958
276.841147589665,25.1292734909666,3.83264228850951
533.064930295056,398.193707081149,3.36674480770525
76.9742984423474,80.5538945563527,5.25591447666298
6.29735986631537,77.4259535340179,3.52368185671154
585.722136329895,223.645679533859,4.14528136853888
442.643889514121,467.381710782364,4.80211337311825
658.748489425668,375.699088092466,3.0630269633964
106.501565619632,485.128372579618,4.35413047934575
625.74749586422,92.6708825680691,4.07338296609228
420.456269399838,255.620001413701,3.69475180047213
11.2864698786791,180.556303788589,3.3422521987002
73.741120855156,113.914503693041,4.2733123436776
613.852207684319,205.645919182505,4.34375667178201
257.089268605286,213.615760897827,3.90285688145588
572.214558529501,429.106415918197,4.08852183112934
301.553448752899,141.682097949608,3.85994788080685
528.29481205621,460.128194603672,3.47408649698243
49.8987906403638,423.256300150741,3.97915683566464
193.561607263082,280.964926510446,3.97035737747664
539.723514116448,256.977010110021,3.55994675613845
161.621535762368,30.2700285076995,4.41524759450082
495.485918331748,341.413262793103,4.6982023780654
37.0790740908335,42.3344979370289,3.84686870432215
536.571061070038,145.696155169947,4.53964383745871
NA,NA,NA
665.235093258109,335.463875824819,3.54212103387128
455.835952638729,295.920578602497,3.71298613746227
12.2506624042066,495.167832950866,3.69557216179686
563.510149226723,48.409807803415,4.12541527897576
73.6915573174149,375.203397860859,4.04876736083712
229.090622686417,409.113483073131,3.92076892273066
430.294423540067,13.9784734297556,3.38845890161921
361.034379263301,292.348185778841,3.03882580407429
606.6107530716,105.87287220844,4.23723103747838
394.211134535248,234.018321909462,4.03996476158644
565.596241114728,403.805930607792,4.70630141015489
141.869548800509,285.845667958202,4.39655515614451
198.443466610424,369.688124114036,3.96758140783905
124.407925722577,411.892295857878,3.38433112938024
632.379254910648,313.414798199824,4.60027710797021
6.30205431057117,149.545487968651,4.24595311754137
543.477943923989,206.751372630512,4.24160088896294
34.3420171866488,491.783368702732,2.97616210892958
276.841147589665,25.1292734909666,3.83264228850951
533.064930295056,398.193707081149,3.36674480770525
76.9742984423474,80.5538945563527,5.25591447666298
6.29735986631537,77.4259535340179,3.52368185671154
585.722136329895,223.645679533859,4.14528136853888
442.643889514121,467.381710782364,4.80211337311825
658.748489425668,375.699088092466,3.0630269633964
106.501565619632,485.128372579618,4.35413047934575
625.74749586422,92.6708825680691,4.07338296609228
420.456269399838,255.620001413701,3.69475180047213
11.2864698786791,180.556303788589,3.3422521987002
73.741120855156,113.914503693041,4.2733123436776
613.852207684319,205.645919182505,4.34375667178201
257.089268605286,213.615760897827,3.90285688145588
572.214558529501,429.106415918197,4.08852183112934
301.553448752899,141.682097949608,3.85994788080685
528.29481205621,460.128194603672,3.47408649698243
49.8987906403638,423.256300150741,3.97915683566464
193.561607263082,280.964926510446,3.97035737747664
539.723514116448,256.977010110021,3.55994675613845
161.621535762368,30.2700285076995,4.41524759450082
495.485918331748,341.413262793103,4.6982023780654
37.0790740908335,42.3344979370289,3.84686870432215
536.571061070038,145.696155169947,4.53964383745871
NA,NA,NA
665.235093258109,335.463875824819,3.54212103387128
455.835952638729,295.920578602497,3.71298613746227
12.2506624042066,495.167832950866,3.69557216179686
563.510149226723,48.409807803415,4.12541527897576
73.6915573174149,375.203397860859,4.04876736083712
229.090622686417,409.113483073131,3.92076892273066
430.294423540067,13.9784734297556,3.38845890161921
361.034379263301,292.348185778841,3.03882580407429
606.6107530716,105.87287220844,4.23723103747838
394.211134535248,234.018321909462,4.03996476158644
565.596241114728,403.805930607792,4.70630141015489
141.869548800509,285.845667958202,4.39655515614451
198.443466610424,369.688124114036,3.96758140783905
124.407925722577,411.892295857878,3.38433112938024
632.379254910648,313.414798199824,4.60027710797021
6.30205431057117,149.545487968651,4.24595311754137
543.477943923989,206.751372630512,4.24160088896294
34.3420171866488,491.783368702732,2.97616210892958
276.841147589665,25.1292734909666,3.83264228850951
533.064930295056,398.193707081149,3.36674480770525
76.9742984423474,80.5538945563527,5.25591447666298
6.29735986631537,77.4259535340179,3.52368185671154
585.722136329895,223.645679533859,4.14528136853888
442.643889514121,467.381710782364,4.80211337311825
658.748489425668,375.699088092466,3.0630269633964
106.501565619632,485.128372579618,4.35413047934575
625.74749586422,92.6708825680691,4.07338296609228
420.456269399838,255.620001413701,3.69475180047213
11.2864698786791,180.556303788589,3.3422521987002
73.741120855156,113.914503693041,4.2733123436776
613.852207684319,205.645919182505,4.34375667178201
257.089268605286,213.615760897827,3.90285688145588
572.214558529501,429.106415918197,4.08852183112934
301.553448752899,141.682097949608,3.85994788080685
528.29481205621,460.128194603672,3.47408649698243
49.8987906403638,423.256300150741,3.97915683566464
193.561607263082,280.964926510446,3.97035737747664
539.723514116448,256.977010110021,3.55994675613845
161.621535762368,30.2700285076995,4.41524759450082
495.485918331748,341.413262793103,4.6982023780654
37.0790740908335,42.3344979370289,3.84686870432215
536.571061070038,145.696155169947,4.53964383745871
NA,NA,NA
665.235093258109,335.463875824819,3.54212103387128
455.835952638729,295.920578602497,3.71298613746227
12.2506624042066,495.167832950866,3.69557216179686
563.510149226723,48.409807803415,4.12541527897576
73.6915573174149,375.203397860859,4.04876736083712
229.090622686417,409.113483073131,3.92076892273066
430.294423540067,13.9784734297556,3.38845890161921
361.034379263301,292.348185778841,3.03882580407429
606.6107530716,105.87287220844,4.23723103747838
394.211134535248,234.018321909462,4.03996476158644
565.596241114728,403.805930607792,4.70630141015489
141.869548800509,285.845667958202,4.39655515614451
198.443466610424,369.688124114036,3.96758140783905
124.407925722577,411.892295857878,3.38433112938024
632.379254910648,313.414798199824,4.60027710797021
6.30205431057117,149.545487968651,4.24595311754137
543.477943923989,206.751372630512,4.24160088896294
34.3420171866488,491.783368702732,2.97616210892958
276.841147589665,25.1292734909666,3.83264228850951
533.064930295056,398.193707081149,3.36674480770525
76.9742984423474,80.5538945563527,5.25591447666298
6.29735986631537,77.4259535340179,3.52368185671154
585.722136329895,223.645679533859,4.14528136853888
442.643889514121,467.381710782364,4.80211337311825
658.748489425668,375.699088092466,3.0630269633964
106.501565619632,485.128372579618,4.35413047934575
625.74749586422,92.6708825680691,4.07338296609228
420.456269399838,255.620001413701,3.69475180047213
11.2864698786791,180.556303788589,3.3422521987002
73.741120855156,113.914503693041,4.2733123436776
613.852207684319,205.645919182505,4.34375667178201
257.089268605286,213.615760897827,3.90285688145588
572.214558529501,429.106415918197,4.08852183112934
301.553448752899,141.682097949608,3.85994788080685
528.29481205621,460.128194603672,3.47408649698243
49.8987906403638,423.256300150741,3.97915683566464
193.561607263082,280.964926510446,3.97035737747664
539.723514116448,256.977010110021,3.55994675613845
161.621535762368,30.2700285076995,4.41524759450082
495.485918331748,341.413262793103,4.6982023780654
37.0790740908335,42.3344979370289,3.84686870432215
536.571061070038,145.696155169947,4.53964383745871
NA,NA,NA
665.235093258109,335.463875824819,3.54212103387128
455.835952638729,295.920578602497,3.71298613746227
12.2506624042066,495.167832950866,3.69557216179686
563.510149226723,48.409807803415,4.12541527897576
73.6915573174149,375.203397860859,4.04876736083712
229.090622686417,409.113483073131,3.92076892273066
430.294423540067,13.9784734297556,3.38845890161921
361.034379263301,292.348185778841,3.03882580407429
606.6107530716,105.87287220844,4.23723103747838
394.211134535248,234.018321909462,4.03996476158644
565.596241114728,403.805930607792,4.70630141015489
141.869548800509,285.845667958202,4.39655515614451
198.443466610424,369.688124114036,3.96758140783905
124.407925722577,411.892295857878,3.38433112938024
632.379254910648,313.414798199824,4.60027710797021
6.30205431057117,149.545487968651,4.24595311754137
543.477943923989,206.751372630512,4.24160088896294
34.3420171866488,491.783368702732,2.97616210892958
276.841147589665,25.1292734909666,3.83264228850951
533.064930295056,398.193707081149,3.36674480770525
76.9742984423474,80.5538945563527,5.25591447666298
6.29735986631537,77.4259535340179,3.52368185671154
585.722136329895,223.645679533859,4.14528136853888
442.643889514121,467.381710782364,4.80211337311825
658.748489425668,375.699088092466,3.0630269633964
106.501565619632,485.128372579618,4.35413047934575
625.74749586422,92.6708825680691,4.07338296609228
420.456269399838,255.620001413701,3.69475180047213
11.2864698786791,180.556303788589,3.3422521987002
73.741120855156,113.914503693041,4.2733123436776
613.852207684319,205.645919182505,4.34375667178201
257.089268605286,213.615760897827,3.90285688145588
572.214558529501,429.106415918197,4.08852183112934
301.553448752899,141.682097949608,3.85994788080685
528.29481205621,460.128194603672,3.47408649698243
49.8987906403638,423.256300150741,3.97915683566464
193.561607263082,280.964926510446,3.97035737747664
539.723514116448,256.977010110021,3.55994675613845
161.621535762368,30.2700285076995,4.41524759450082
495.485918331748,341.413262793103,4.6982023780654
37.0790740908335,42.3344979370289,3.84686870432215
536.571061070038,145.696155169947,4.53964383745871
NA,NA,NA
660.853876939566,335.069599632865,3.46923964165658
460.366876786634,295.741447379137,3.62470725391104
5.16341468523893,495.896684981617,3.64119826825862
559.86888989665,51.9070465302644,4.30719042720241
70.4391216151607,372.678094606449,4.02896240619889
228.358596858908,419.347766785211,3.87874160068463
428.638045646102,11.7644383380808,3.39234373951481
361.043076902037,290.733182108934,3.06620881275906
605.024387745629,106.662724446086,4.25240564711776
396.444744651697,226.374284818137,4.24685421901135
565.169190345249,414.054410536715,4.71846671217542
145.629813490707,288.709988689853,4.5265089523719
192.578189725634,374.409390324874,4.10605198791824
129.623170039907,410.753700642495,3.53570592978432
627.166996860539,318.293565322498,4.45504245826148
1.27792671918922,145.272765490016,4.29740744146236
543.497549628369,205.987844252253,4.44206700880638
34.7539953487113,489.901435120744,3.0484549147937
282.882308675381,22.5623138969,3.96168789561107
531.427359434012,392.816848543997,3.29413978497518
73.0999720122426,72.5196064398018,5.07152676207538
2.88065869411346,74.9363899131154,3.32714677028286
590.447895027826,225.489432727744,4.01813966883384
444.979285029792,457.641994981993,4.91761133929498
656.386299694151,373.680476908174,2.84112525040195
106.477320351203,480.55027508646,4.3797196824517
624.462656289405,88.860745745819,4.1057592457878
420.941681168816,264.218078804183,3.5562323935474
11.5782685029751,183.78077416562,3.12778316106409
56.2205132485168,112.177450764957,4.39478413928742
617.77038194069,203.633629898378,4.51871452548646
253.049740221822,228.156775830152,3.90059456208178
575.479829583729,435.490740126419,3.94209579587436
299.960247099452,144.06854483674,4.08477034301987
525.40358418677,453.934254054171,3.43524598415457
43.9409823688283,421.884339346426,3.82649217433028
196.75747235343,285.819225205689,4.11939469555967
548.927769951065,256.377817572937,3.85165696325281
173.561898603637,28.7303891422784,4.40921258478407
503.440427681645,343.747693522014,4.72198403798945
42.1297897080886,44.9776451239635,3.83293716069351
520.020398846769,159.064798441326,4.41771234909066
NA,NA,NA
660.853876939566,335.069599632865,3.46923964165658
460.366876786634,295.741447379137,3.62470725391104
5.16341468523893,495.896684981617,3.64119826825862
559.86888989665,51.9070465302644,4.30719042720241
70.4391216151607,372.678094606449,4.02896240619889
228.358596858908,419.347766785211,3.87874160068463
428.638045646102,11.7644383380808,3.39234373951481
361.043076902037,290.733182108934,3.06620881275906
605.024387745629,106.662724446086,4.25240564711776
396.444744651697,226.374284818137,4.24685421901135
565.169190345249,414.054410536715,4.71846671217542
145.629813490707,288.709988689853,4.5265089523719
192.578189725634,374.409390324874,4.10605198791824
129.623170039907,410.753700642495,3.53570592978432
627.166996860539,318.293565322498,4.45504245826148
1.27792671918922,145.272765490016,4.29740744146236
543.497549628369,205.987844252253,4.44206700880638
34.7539953487113,489.901435120744,3.0484549147937
282.882308675381,22.5623138969,3.96168789561107
531.427359434012,392.816848543997,3.29413978497518
73.0999720122426,72.5196064398018,5.07152676207538
2.88065869411346,74.9363899131154,3.32714677028286
590.447895027826,225.489432727744,4.01813966883384
444.979285029792,457.641994981993,4.91761133929498
656.386299694151,373.680476908174,2.84112525040195
106.477320351203,480.55027508646,4.3797196824517
624.462656289405,88.860745745819,4.1057592457878
420.941681168816,264.218078804183,3.5562323935474
11.5782685029751,183.78077416562,3.12778316106409
56.2205132485168,112.177450764957,4.39478413928742
617.77038194069,203.633629898378,4.51871452548646
253.049740221822,228.156775830152,3.90059456208178
575.479829583729,435.490740126419,3.94209579587436
299.960247099452,144.06854483674,4.08477034301987
525.40358418677,453.934254054171,3.43524598415457
43.9409823688283,421.884339346426,3.82649217433028
196.75747235343,285.819225205689,4.11939469555967
548.927769951065,256.377817572937,3.85165696325281
173.561898603637,28.7303891422784,4.40921258478407
503.440427681645,343.747693522014,4.72198403798945
42.1297897080886,44.9776451239635,3.83293716069351
520.020398846769,159.064798441326,4.41771234909066
NA,NA,NA
660.853876939566,335.069599632865,3.46923964165658
460.366876786634,295.741447379137,3.62470725391104
5.16341468523893,495.896684981617,3.64119826825862
559.86888989665,51.9070465302644,4.30719042720241
70.4391216151607,372.678094606449,4.02896240619889
228.358596858908,419.347766785211,3.87874160068463
428.638045646102,11.7644383380808,3.39234373951481
361.043076902037,290.733182108934,3.06620881275906
605.024387745629,106.662724446086,4.25240564711776
396.444744651697,226.374284818137,4.24685421901135
565.169190345249,414.054410536715,4.71846671217542
145.629813490707,288.709988689853,4.5265089523719
192.578189725634,374.409390324874,4.10605198791824
129.623170039907,410.753700642495,3.53570592978432
627.166996860539,318.293565322498,4.45504245826148
1.27792671918922,145.272765490016,4.29740744146236
543.497549628369,205.987844252253,4.44206700880638
34.7539953487113,489.901435120744,3.0484549147937
282.882308675381,22.5623138969,3.96168789561107
531.427359434012,392.816848543997,3.29413978497518
73.0999720122426,72.5196064398018,5.07152676207538
2.88065869411346,74.9363899131154,3.32714677028286
590.447895027826,225.489432727744,4.01813966883384
444.979285029792,457.641994981993,4.91761133929498
656.386299694151,373.680476908174,2.84112525040195
106.477320351203,480.55027508646,4.3797196824517
624.462656289405,88.860745745819,4.1057592457878
420.941681168816,264.218078804183,3.5562323935474
11.5782685029751,183.78077416562,3.12778316106409
56.2205132485168,112.177450764957,4.39478413928742
617.77038194069,203.633629898378,4.51871452548646
253.049740221822,228.156775830152,3.90059456208178
575.479829583729,435.490740126419,3.94209579587436
299.960247099452,144.06854483674,4.08477034301987
525.40358418677,453.934254054171,3.43524598415457
43.9409823688283,421.884339346426,3.82649217433028
196.75747235343,285.819225205689,4.11939469555967
548.927769951065,256.377817572937,3.85165696325281
173.561898603637,28.7303891422784,4.40921258478407
503.440427681645,343.747693522014,4.72198403798945
42.1297897080886,44.9776451239635,3.83293716069351
520.020398846769,159.064798441326,4.41771234909066
NA,NA,NA
660.853876939566,335.069599632865,3.46923964165658
460.366876786634,295.741447379137,3.62470725391104
5.16341468523893,495.896684981617,3.64119826825862
559.86888989665,51.9070465302644,4.30719042720241
70.4391216151607,372.678094606449,4.02896240619889
228.358596858908,419.347766785211,3.87874160068463
428.638045646102,11.7644383380808,3.39234373951481
361.043076902037,290.733182108934,3.06620881275906
605.024387745629,106.662724446086,4.25240564711776
396.444744651697,226.374284818137,4.24685421901135
565.169190345249,414.054410536715,4.71846671217542
145.629813490707,288.709988689853,4.5265089523719
192.578189725634,374.409390324874,4.10605198791824
129.623170039907,410.753700642495,3.53570592978432
627.166996860539,318.293565322498,4.45504245826148
1.27792671918922,145.272765490016,4.29740744146236
543.497549628369,205.987844252253,4.44206700880638
34.7539953487113,489.901435120744,3.0484549147937
282.882308675381,22.5623138969,3.96168789561107
531.427359434012,392.816848543997,3.29413978497518
73.0999720122426,72.5196064398018,5.07152676207538
2.88065869411346,74.9363899131154,3.32714677028286
590.447895027826,225.489432727744,4.01813966883384
444.979285029792,457.641994981993,4.91761133929498
656.386299694151,373.680476908174,2.84112525040195
106.477320351203,480.55027508646,4.3797196824517
624.462656289405,88.860745745819,4.1057592457878
420.941681168816,264.218078804183,3.5562323935474
11.5782685029751,183.78077416562,3.12778316106409
56.2205132485168,112.177450764957,4.39478413928742
617.77038194069,203.633629898378,4.51871452548646
253.049740221822,228.156775830152,3.90059456208178
575.479829583729,435.490740126419,3.94209579587436
299.960247099452,144.06854483674,4.08477034301987
525.40358418677,453.934254054171,3.43524598415457
43.9409823688283,421.884339346426,3.82649217433028
196.75747235343,285.819225205689,4.11939469555967
548.927769951065,256.377817572937,3.85165696325281
173.561898603637,28.7303891422784,4.40921258478407
503.440427681645,343.747693522014,4.72198403798945
42.1297897080886,44.9776451239635,3.83293716069351
520.020398846769,159.064798441326,4.41771234909066
NA,NA,NA
660.853876939566,335.069599632865,3.46923964165658
460.366876786634,295.741447379137,3.62470725391104
5.16341468523893,495.896684981617,3.64119826825862
559.86888989665,51.9070465302644,4.30719042720241
70.4391216151607,372.678094606449,4.02896240619889
228.358596858908,419.347766785211,3.87874160068463
428.638045646102,11.7644383380808,3.39234373951481
361.043076902037,290.733182108934,3.06620881275906
605.024387745629,106.662724446086,4.25240564711776
396.444744651697,226.374284818137,4.24685421901135
565.169190345249,414.054410536715,4.71846671217542
145.629813490707,288.709988689853,4.5265089523719
192.578189725634,374.409390324874,4.10605198791824
129.623170039907,410.753700642495,3.53570592978432
627.166996860539,318.293565322498,4.45504245826148
1.27792671918922,145.272765490016,4.29740744146236
543.497549628369,205.987844252253,4.44206700880638
34.7539953487113,489.901435120744,3.0484549147937
282.882308675381,22.5623138969,3.96168789561107
531.427359434012,392.816848543997,3.29413978497518
73.0999720122426,72.5196064398018,5.07152676207538
2.88065869411346,74.9363899131154,3.32714677028286
590.447895027826,225.489432727744,4.01813966883384
444.979285029792,457.641994981993,4.91761133929498
656.386299694151,373.680476908174,2.84112525040195
106.477320351203,480.55027508646,4.3797196824517
624.462656289405,88.860745745819,4.1057592457878
420.941681168816,264.218078804183,3.5562323935474
11.5782685029751,183.78077416562,3.12778316106409
56.2205132485168,112.177450764957,4.39478413928742
617.77038194069,203.633629898378,4.51871452548646
253.049740221822,228.156775830152,3.90059456208178
575.479829583729,435.490740126419,3.94209579587436
299.960247099452,144.06854483674,4.08477034301987
525.40358418677,453.934254054171,3.43524598415457
43.9409823688283,421.884339346426,3.82649217433028
196.75747235343,285.819225205689,4.11939469555967
548.927769951065,256.377817572937,3.85165696325281
173.561898603637,28.7303891422784,4.40921258478407
503.440427681645,343.747693522014,4.72198403798945
42.1297897080886,44.9776451239635,3.83293716069351
520.020398846769,159.064798441326,4.41771234909066
NA,NA,NA
660.853876939566,335.069599632865,3.46923964165658
460.366876786634,295.741447379137,3.62470725391104
5.16341468523893,495.896684981617,3.64119826825862
559.86888989665,51.9070465302644,4.30719042720241
70.4391216151607,372.678094606449,4.02896240619889
228.358596858908,419.347766785211,3.87874160068463
428.638045646102,11.7644383380808,3.39234373951481
361.043076902037,290.733182108934,3.06620881275906
605.024387745629,106.662724446086,4.25240564711776
396.444744651697,226.374284818137,4.24685421901135
565.169190345249,414.054410536715,4.71846671217542
145.629813490707,288.709988689853,4.5265089523719
192.578189725634,374.409390324874,4.10605198791824
129.623170039907,410.753700642495,3.53570592978432
627.166996860539,318.293565322498,4.45504245826148
1.27792671918922,145.272765490016,4.29740744146236
543.497549628369,205.987844252253,4.44206700880638
34.7539953487113,489.901435120744,3.0484549147937
282.882308675381,22.5623138969,3.96168789561107
531.427359434012,392.816848543997,3.29413978497518
73.0999720122426,72.5196064398018,5.07152676207538
2.88065869411346,74.9363899131154,3.32714677028286
590.447895027826,225.489432727744,4.01813966883384
444.979285029792,457.641994981993,4.91761133929498
656.386299694151,373.680476908174,2.84112525040195
106.477320351203,480.55027508646,4.3797196824517
624.462656289405,88.860745745819,4.1057592457878
420.941681168816,264.218078804183,3.5562323935474
11.5782685029751,183.78077416562,3.12778316106409
56.2205132485168,112.177450764957,4.39478413928742
617.77038194069,203.633629898378,4.51871452548646
253.049740221822,228.156775830152,3.90059456208178
575.479829583729,435.490740126419,3.94209579587436
299.960247099452,144.06854483674,4.08477034301987
525.40358418677,453.934254054171,3.43524598415457
43.9409823688283,421.884339346426,3.82649217433028
196.75747235343,285.819225205689,4.11939469555967
548.927769951065,256.377817572937,3.85165696325281
173.561898603637,28.7303891422784,4.40921258478407
503.440427681645,343.747693522014,4.72198403798945
42.1297897080886,44.9776451239635,3.83293716069351
520.020398846769,159.064798441326,4.41771234909066
NA,NA,NA
660.944820796926,333.891357456255,3.5249419474125
454.094550777332,301.413096550609,3.56112277301638
10.5463864847068,495.416140192504,3.69782127914635
558.902018411525,48.6762147747408,4.17290534192285
74.330600854443,376.503295919145,3.99089443587467
231.954232159539,414.700921271974,3.89560390738656
428.15952835028,11.1063315738441,3.23656729686357
362.746124853701,294.712208942943,3.15229726435148
599.750022536379,105.043646162277,4.2272872001294
393.573989796837,232.875586786637,4.12497625347713
565.117844725007,401.654954762873,4.68702771327015
142.7836983211,282.661195364034,4.7092058753031
194.218469703534,371.208506070059,4.10584081684943
125.133510121195,411.245894893497,3.56697847216024
621.524792008639,313.623246225333,4.50217252598826
-0.116779781707802,146.109587801422,4.32060850644632
542.446600414723,200.7652642999,4.16501409423012
36.1940915195598,490.611137886533,3.07154273238284
282.516514971766,23.1914095042245,3.78540331610781
533.362811949809,392.276054558843,3.52987466115898
71.8826620565449,75.2274034628324,5.31114469894679
7.31114425067704,76.9022984514211,3.39183239469958
587.46305117415,224.803443165037,3.99733339978303
449.260179319135,456.901030800513,4.80278915082224
657.061638810459,374.81368227308,3.27541236416289
99.160772378893,482.975807193893,4.33963259878696
628.071845036971,91.8521087708448,4.06584919017855
419.575150692051,258.814725159351,3.51802433152284
9.99742221225912,183.832787344443,2.99751823038116
71.2122310797496,129.620739542517,4.35609619013263
603.198723479311,194.620405833317,3.83113403180327
259.764024886026,224.268779951827,3.94507402354302
568.752227534432,435.223690927456,3.70305042779566
303.802854618357,141.306598369416,3.8722288888059
533.38726569707,465.401210430122,3.981805941768
53.6426615319939,422.202232986891,3.93688341251586
196.387574751054,293.110727432388,4.3999675347968
555.468101922764,269.478821695101,3.55251739807697
173.069481538175,47.400939029411,4.32576910563357
501.234966668737,346.856570501618,4.69395861668742
39.7222794854146,47.0570065443727,3.604446976038
530.131911033367,156.982474057959,4.62241507562259
NA,NA,NA
660.944820796926,333.891357456255,3.5249419474125
454.094550777332,301.413096550609,3.56112277301638
10.5463864847068,495.416140192504,3.69782127914635
558.902018411525,48.6762147747408,4.17290534192285
74.330600854443,376.503295919145,3.99089443587467
231.954232159539,414.700921271974,3.89560390738656
428.15952835028,11.1063315738441,3.23656729686357
362.746124853701,294.712208942943,3.15229726435148
599.750022536379,105.043646162277,4.2272872001294
393.573989796837,232.875586786637,4.12497625347713
565.117844725007,401.654954762873,4.68702771327015
142.7836983211,282.661195364034,4.7092058753031
194.218469703534,371.208506070059,4.10584081684943
125.133510121195,411.245894893497,3.56697847216024
621.524792008639,313.623246225333,4.50217252598826
-0.116779781707802,146.109587801422,4.32060850644632
542.446600414723,200.7652642999,4.16501409423012
36.1940915195598,490.611137886533,3.07154273238284
282.516514971766,23.1914095042245,3.78540331610781
533.362811949809,392.276054558843,3.52987466115898
71.8826620565449,75.2274034628324,5.31114469894679
7.31114425067704,76.9022984514211,3.39183239469958
587.46305117415,224.803443165037,3.99733339978303
449.260179319135,456.901030800513,4.80278915082224
657.061638810459,374.81368227308,3.27541236416289
99.160772378893,482.975807193893,4.33963259878696
628.071845036971,91.8521087708448,4.06584919017855
419.575150692051,258.814725159351,3.51802433152284
9.99742221225912,183.832787344443,2.99751823038116
71.2122310797496,129.620739542517,4.35609619013263
603.198723479311,194.620405833317,3.83113403180327
259.764024886026,224.268779951827,3.94507402354302
568.752227534432,435.223690927456,3.70305042779566
303.802854618357,141.306598369416,3.8722288888059
533.38726569707,465.401210430122,3.981805941768
53.6426615319939,422.202232986891,3.93688341251586
196.387574751054,293.110727432388,4.3999675347968
555.468101922764,269.478821695101,3.55251739807697
173.069481538175,47.400939029411,4.32576910563357
501.234966668737,346.856570501618,4.69395861668742
39.7222794854146,47.0570065443727,3.604446976038
530.131911033367,156.982474057959,4.62241507562259
NA,NA,NA
660.944820796926,333.891357456255,3.5249419474125
454.094550777332,301.413096550609,3.56112277301638
10.5463864847068,495.416140192504,3.69782127914635
558.902018411525,48.6762147747408,4.17290534192285
74.330600854443,376.503295919145,3.99089443587467
231.954232159539,414.700921271974,3.89560390738656
428.15952835028,11.1063315738441,3.23656729686357
362.746124853701,294.712208942943,3.15229726435148
599.750022536379,105.043646162277,4.2272872001294
393.573989796837,232.875586786637,4.12497625347713
565.117844725007,401.654954762873,4.68702771327015
142.7836983211,282.661195364034,4.7092058753031
194.218469703534,371.208506070059,4.10584081684943
125.133510121195,411.245894893497,3.56697847216024
621.524792008639,313.623246225333,4.50217252598826
-0.116779781707802,146.109587801422,4.32060850644632
542.446600414723,200.7652642999,4.16501409423012
36.1940915195598,490.611137886533,3.07154273238284
282.516514971766,23.1914095042245,3.78540331610781
533.362811949809,392.276054558843,3.52987466115898
71.8826620565449,75.2274034628324,5.31114469894679
7.31114425067704,76.9022984514211,3.39183239469958
587.46305117415,224.803443165037,3.99733339978303
449.260179319135,456.901030800513,4.80278915082224
657.061638810459,374.81368227308,3.27541236416289
99.160772378893,482.975807193893,4.33963259878696
628.071845036971,91.8521087708448,4.06584919017855
419.575150692051,258.814725159351,3.51802433152284
9.99742221225912,183.832787344443,2.99751823038116
71.2122310797496,129.620739542517,4.35609619013263
603.198723479311,194.620405833317,3.83113403180327
259.764024886026,224.268779951827,3.94507402354302
568.752227534432,435.223690927456,3.70305042779566
303.802854618357,141.306598369416,3.8722288888059
533.38726569707,465.401210430122,3.981805941768
53.6426615319939,422.202232986891,3.93688341251586
196.387574751054,293.110727432388,4.3999675347968
555.468101922764,269.478821695101,3.55251739807697
173.069481538175,47.400939029411,4.32576910563357
501.234966668737,346.856570501618,4.69395861668742
39.7222794854146,47.0570065443727,3.604446976038
530.131911033367,156.982474057959,4.62241507562259
NA,NA,NA
660.944820796926,333.891357456255,3.5249419474125
454.094550777332,301.413096550609,3.56112277301638
10.5463864847068,495.416140192504,3.69782127914635
558.902018411525,48.6762147747408,4.17290534192285
74.330600854443,376.503295919145,3.99089443587467
231.954232159539,414.700921271974,3.89560390738656
428.15952835028,11.1063315738441,3.23656729686357
362.746124853701,294.712208942943,3.15229726435148
599.750022536379,105.043646162277,4.2272872001294
393.573989796837,232.875586786637,4.12497625347713
565.117844725007,401.654954762873,4.68702771327015
142.7836983211,282.661195364034,4.7092058753031
194.218469703534,371.208506070059,4.10584081684943
125.133510121195,411.245894893497,3.56697847216024
621.524792008639,313.623246225333,4.50217252598826
-0.116779781707802,146.109587801422,4.32060850644632
542.446600414723,200.7652642999,4.16501409423012
36.1940915195598,490.611137886533,3.07154273238284
282.516514971766,23.1914095042245,3.78540331610781
533.362811949809,392.276054558843,3.52987466115898
71.8826620565449,75.2274034628324,5.31114469894679
7.31114425067704,76.9022984514211,3.39183239469958
587.46305117415,224.803443165037,3.99733339978303
449.260179319135,456.901030800513,4.80278915082224
657.061638810459,374.81368227308,3.27541236416289
99.160772378893,482.975807193893,4.33963259878696
628.071845036971,91.8521087708448,4.06584919017855
419.575150692051,258.814725159351,3.51802433152284
9.99742221225912,183.832787344443,2.99751823038116
71.2122310797496,129.620739542517,4.35609619013263
603.198723479311,194.620405833317,3.83113403180327
259.764024886026,224.268779951827,3.94507402354302
568.752227534432,435.223690927456,3.70305042779566
303.802854618357,141.306598369416,3.8722288888059
533.38726569707,465.401210430122,3.981805941768
53.6426615319939,422.202232986891,3.93688341251586
196.387574751054,293.110727432388,4.3999675347968
555.468101922764,269.478821695101,3.55251739807697
173.069481538175,47.400939029411,4.32576910563357
501.234966668737,346.856570501618,4.69395861668742
39.7222794854146,47.0570065443727,3.604446976038
530.131911033367,156.982474057959,4.62241507562259
NA,NA,NA
660.944820796926,333.891357456255,3.5249419474125
454.094550777332,301.413096550609,3.56112277301638
10.5463864847068,495.416140192504,3.69782127914635
558.902018411525,48.6762147747408,4.17290534192285
74.330600854443,376.503295919145,3.99089443587467
231.954232159539,414.700921271974,3.89560390738656
428.15952835028,11.1063315738441,3.23656729686357
362.746124853701,294.712208942943,3.15229726435148
599.750022536379,105.043646162277,4.2272872001294
393.573989796837,232.875586786637,4.12497625347713
565.117844725007,401.654954762873,4.68702771327015
142.7836983211,282.661195364034,4.7092058753031
194.218469703534,371.208506070059,4.10584081684943
125.133510121195,411.245894893497,3.56697847216024
621.524792008639,313.623246225333,4.50217252598826
-0.116779781707802,146.109587801422,4.32060850644632
542.446600414723,200.7652642999,4.16501409423012
36.1940915195598,490.611137886533,3.07154273238284
282.516514971766,23.1914095042245,3.78540331610781
533.362811949809,392.276054558843,3.52987466115898
71.8826620565449,75.2274034628324,5.31114469894679
7.31114425067704,76.9022984514211,3.39183239469958
587.46305117415,224.803443165037,3.99733339978303
449.260179319135,456.901030800513,4.80278915082224
657.061638810459,374.81368227308,3.27541236416289
99.160772378893,482.975807193893,4.33963259878696
628.071845036971,91.8521087708448,4.06584919017855
419.575150692051,258.814725159351,3.51802433152284
9.99742221225912,183.832787344443,2.99751823038116
71.2122310797496,129.620739542517,4.35609619013263
603.198723479311,194.620405833317,3.83113403180327
259.764024886026,224.268779951827,3.94507402354302
568.752227534432,435.223690927456,3.70305042779566
303.802854618357,141.306598369416,3.8722288888059
533.38726569707,465.401210430122,3.981805941768
53.6426615319939,422.202232986891,3.93688341251586
196.387574751054,293.110727432388,4.3999675347968
555.468101922764,269.478821695101,3.55251739807697
173.069481538175,47.400939029411,4.32576910563357
501.234966668737,346.856570501618,4.69395861668742
39.7222794854146,47.0570065443727,3.604446976038
530.131911033367,156.982474057959,4.62241507562259
NA,NA,NA
660.944820796926,333.891357456255,3.5249419474125
454.094550777332,301.413096550609,3.56112277301638
10.5463864847068,495.416140192504,3.69782127914635
558.902018411525,48.6762147747408,4.17290534192285
74.330600854443,376.503295919145,3.99089443587467
231.954232159539,414.700921271974,3.89560390738656
428.15952835028,11.1063315738441,3.23656729686357
362.746124853701,294.712208942943,3.15229726435148
599.750022536379,105.043646162277,4.2272872001294
393.573989796837,232.875586786637,4.12497625347713
565.117844725007,401.654954762873,4.68702771327015
142.7836983211,282.661195364034,4.7092058753031
194.218469703534,371.208506070059,4.10584081684943
125.133510121195,411.245894893497,3.56697847216024
621.524792008639,313.623246225333,4.50217252598826
-0.116779781707802,146.109587801422,4.32060850644632
542.446600414723,200.7652642999,4.16501409423012
36.1940915195598,490.611137886533,3.07154273238284
282.516514971766,23.1914095042245,3.78540331610781
533.362811949809,392.276054558843,3.52987466115898
71.8826620565449,75.2274034628324,5.31114469894679
7.31114425067704,76.9022984514211,3.39183239469958
587.46305117415,224.803443165037,3.99733339978303
449.260179319135,456.901030800513,4.80278915082224
657.061638810459,374.81368227308,3.27541236416289
99.160772378893,482.975807193893,4.33963259878696
628.071845036971,91.8521087708448,4.06584919017855
419.575150692051,258.814725159351,3.51802433152284
9.99742221225912,183.832787344443,2.99751823038116
71.2122310797496,129.620739542517,4.35609619013263
603.198723479311,194.620405833317,3.83113403180327
259.764024886026,224.268779951827,3.94507402354302
568.752227534432,435.223690927456,3.70305042779566
303.802854618357,141.306598369416,3.8722288888059
533.38726569707,465.401210430122,3.981805941768
53.6426615319939,422.202232986891,3.93688341251586
196.387574751054,293.110727432388,4.3999675347968
555.468101922764,269.478821695101,3.55251739807697
173.069481538175,47.400939029411,4.32576910563357
501.234966668737,346.856570501618,4.69395861668742
39.7222794854146,47.0570065443727,3.604446976038
530.131911033367,156.982474057959,4.62241507562259
NA,NA,NA
661.524771083369,331.229361246869,3.51955878027228
451.009848549505,296.877276886607,3.44540754728579
8.43549526776076,494.841901475153,3.37252379260985
561.450246232367,54.4441763428441,4.33916184844745
69.3239741743836,374.002166518452,4.06348432493317
232.972788121525,416.631286765673,3.89912303859948
426.494568868735,10.9605668600383,3.36333224406431
363.401160836014,291.87509746004,3.05920568177808
603.324146525551,107.960902798706,4.28947558620766
396.162584329978,233.451427459555,4.3782338948279
564.674444264941,403.102201980853,4.74437499264709
132.155355468299,288.00211660881,4.43474167702781
198.437351467257,368.336111597381,3.99735857598851
126.658583904619,410.853584715737,3.42812594698452
623.67174535302,317.693211602006,4.53276376212708
7.82958670721339,147.777042400462,4.33391089723465
546.073331151506,200.022574574279,4.20877746935491
32.1364234114621,492.072018920986,3.04839831289192
280.948928895609,22.8166476911036,4.0759508600977
537.197984520373,389.897696157509,3.43568795761379
74.2280522759128,87.4378568541495,5.31005022275505
1.80085244286889,73.7027746573273,3.46128216128334
587.910083182489,227.842210594098,3.88478870649033
440.658701451281,463.555513284021,4.82261541647372
658.307366537106,373.09846683991,3.12967956521541
110.219067683594,487.485052117643,4.37783679493583
627.269409609607,88.8928053242693,4.11544369980831
419.503995505608,257.573924791424,3.63220752525612
12.2758278819003,186.076568982351,3.27461920962624
83.5815166257577,134.502607160695,4.45263863726143
611.338341313635,193.576489269256,4.41799634069825
252.958056461031,228.227979241789,4.04981892635408
568.884301076661,440.738955844981,3.36340151320517
297.13813753322,137.328031966249,3.99624902301787
521.339169165838,464.532815566353,3.47046356385907
52.0213074015933,420.049157518419,3.94725619645572
187.538403264893,285.510987992709,3.98456820453439
559.531662618393,256.020093072707,3.87492935428362
167.309778154306,38.9913941498623,4.15108922635722
493.168661321699,345.427926923589,4.63520299761214
38.6762482253599,46.4519158383141,3.61538239550023
532.430614491031,149.336541801143,4.75725410732907
NA,NA,NA
661.524771083369,331.229361246869,3.51955878027228
451.009848549505,296.877276886607,3.44540754728579
8.43549526776076,494.841901475153,3.37252379260985
561.450246232367,54.4441763428441,4.33916184844745
69.3239741743836,374.002166518452,4.06348432493317
232.972788121525,416.631286765673,3.89912303859948
426.494568868735,10.9605668600383,3.36333224406431
363.401160836014,291.87509746004,3.05920568177808
603.324146525551,107.960902798706,4.28947558620766
396.162584329978,233.451427459555,4.3782338948279
564.674444264941,403.102201980853,4.74437499264709
132.155355468299,288.00211660881,4.43474167702781
198.437351467257,368.336111597381,3.99735857598851
126.658583904619,410.853584715737,3.42812594698452
623.67174535302,317.693211602006,4.53276376212708
7.82958670721339,147.777042400462,4.33391089723465
546.073331151506,200.022574574279,4.20877746935491
32.1364234114621,492.072018920986,3.04839831289192
280.948928895609,22.8166476911036,4.0759508600977
537.197984520373,389.897696157509,3.43568795761379
74.2280522759128,87.4378568541495,5.31005022275505
1.80085244286889,73.7027746573273,3.46128216128334
587.910083182489,227.842210594098,3.88478870649033
440.658701451281,463.555513284021,4.82261541647372
658.307366537106,373.09846683991,3.12967956521541
110.219067683594,487.485052117643,4.37783679493583
627.269409609607,88.8928053242693,4.11544369980831
419.503995505608,257.573924791424,3.63220752525612
12.2758278819003,186.076568982351,3.27461920962624
83.5815166257577,134.502607160695,4.45263863726143
611.338341313635,193.576489269256,4.41799634069825
252.958056461031,228.227979241789,4.04981892635408
568.884301076661,440.738955844981,3.36340151320517
297.13813753322,137.328031966249,3.99624902301787
521.339169165838,464.532815566353,3.47046356385907
52.0213074015933,420.049157518419,3.94725619645572
187.538403264893,285.510987992709,3.98456820453439
559.531662618393,256.020093072707,3.87492935428362
167.309778154306,38.9913941498623,4.15108922635722
493.168661321699,345.427926923589,4.63520299761214
38.6762482253599,46.4519158383141,3.61538239550023
532.430614491031,149.336541801143,4.75725410732907
NA,NA,NA
661.524771083369,331.229361246869,3.51955878027228
451.009848549505,296.877276886607,3.44540754728579
8.43549526776076,494.841901475153,3.37252379260985
561.450246232367,54.4441763428441,4.33916184844745
69.3239741743836,374.002166518452,4.06348432493317
232.972788121525,416.631286765673,3.89912303859948
426.494568868735,10.9605668600383,3.36333224406431
363.401160836014,291.87509746004,3.05920568177808
603.324146525551,107.960902798706,4.28947558620766
396.162584329978,233.451427459555,4.3782338948279
564.674444264941,403.102201980853,4.74437499264709
132.155355468299,288.00211660881,4.43474167702781
198.437351467257,368.336111597381,3.99735857598851
126.658583904619,410.853584715737,3.42812594698452
623.67174535302,317.693211602006,4.53276376212708
7.82958670721339,147.777042400462,4.33391089723465
546.073331151506,200.022574574279,4.20877746935491
32.1364234114621,492.072018920986,3.04839831289192
280.948928895609,22.8166476911036,4.0759508600977
537.197984520373,389.897696157509,3.43568795761379
74.2280522759128,87.4378568541495,5.31005022275505
1.80085244286889,73.7027746573273,3.46128216128334
587.910083182489,227.842210594098,3.88478870649033
440.658701451281,463.555513284021,4.82261541647372
658.307366537106,373.09846683991,3.12967956521541
110.219067683594,487.485052117643,4.37783679493583
627.269409609607,88.8928053242693,4.11544369980831
419.503995505608,257.573924791424,3.63220752525612
12.2758278819003,186.076568982351,3.27461920962624
83.5815166257577,134.502607160695,4.45263863726143
611.338341313635,193.576489269256,4.41799634069825
252.958056461031,228.227979241789,4.04981892635408
568.884301076661,440.738955844981,3.36340151320517
297.13813753322,137.328031966249,3.99624902301787
521.339169165838,464.532815566353,3.47046356385907
52.0213074015933,420.049157518419,3.94725619645572
187.538403264893,285.510987992709,3.98456820453439
559.531662618393,256.020093072707,3.87492935428362
167.309778154306,38.9913941498623,4.15108922635722
493.168661321699,345.427926923589,4.63520299761214
38.6762482253599,46.4519158383141,3.61538239550023
532.430614491031,149.336541801143,4.75725410732907
NA,NA,NA
661.524771083369,331.229361246869,3.51955878027228
451.009848549505,296.877276886607,3.44540754728579
8.43549526776076,494.841901475153,3.37252379260985
561.450246232367,54.4441763428441,4.33916184844745
69.3239741743836,374.002166518452,4.06348432493317
232.972788121525,416.631286765673,3.89912303859948
426.494568868735,10.9605668600383,3.36333224406431
363.401160836014,291.87509746004,3.05920568177808
603.324146525551,107.960902798706,4.28947558620766
396.162584329978,233.451427459555,4.3782338948279
564.674444264941,403.102201980853,4.74437499264709
132.155355468299,288.00211660881,4.43474167702781
198.437351467257,368.336111597381,3.99735857598851
126.658583904619,410.853584715737,3.42812594698452
623.67174535302,317.693211602006,4.53276376212708
7.82958670721339,147.777042400462,4.33391089723465
546.073331151506,200.022574574279,4.20877746935491
32.1364234114621,492.072018920986,3.04839831289192
280.948928895609,22.8166476911036,4.0759508600977
537.197984520373,389.897696157509,3.43568795761379
74.2280522759128,87.4378568541495,5.31005022275505
1.80085244286889,73.7027746573273,3.46128216128334
587.910083182489,227.842210594098,3.88478870649033
440.658701451281,463.555513284021,4.82261541647372
658.307366537106,373.09846683991,3.12967956521541
110.219067683594,487.485052117643,4.37783679493583
627.269409609607,88.8928053242693,4.11544369980831
419.503995505608,257.573924791424,3.63220752525612
12.2758278819003,186.076568982351,3.27461920962624
83.5815166257577,134.502607160695,4.45263863726143
611.338341313635,193.576489269256,4.41799634069825
252.958056461031,228.227979241789,4.04981892635408
568.884301076661,440.738955844981,3.36340151320517
297.13813753322,137.328031966249,3.99624902301787
521.339169165838,464.532815566353,3.47046356385907
52.0213074015933,420.049157518419,3.94725619645572
187.538403264893,285.510987992709,3.98456820453439
559.531662618393,256.020093072707,3.87492935428362
167.309778154306,38.9913941498623,4.15108922635722
493.168661321699,345.427926923589,4.63520299761214
38.6762482253599,46.4519158383141,3.61538239550023
532.430614491031,149.336541801143,4.75725410732907
NA,NA,NA
661.524771083369,331.229361246869,3.51955878027228
451.009848549505,296.877276886607,3.44540754728579
8.43549526776076,494.841901475153,3.37252379260985
561.450246232367,54.4441763428441,4.33916184844745
69.3239741743836,374.002166518452,4.06348432493317
232.972788121525,416.631286765673,3.89912303859948
426.494568868735,10.9605668600383,3.36333224406431
363.401160836014,291.87509746004,3.05920568177808
603.324146525551,107.960902798706,4.28947558620766
396.162584329978,233.451427459555,4.3782338948279
564.674444264941,403.102201980853,4.74437499264709
132.155355468299,288.00211660881,4.43474167702781
198.437351467257,368.336111597381,3.99735857598851
126.658583904619,410.853584715737,3.42812594698452
623.67174535302,317.693211602006,4.53276376212708
7.82958670721339,147.777042400462,4.33391089723465
546.073331151506,200.022574574279,4.20877746935491
32.1364234114621,492.072018920986,3.04839831289192
280.948928895609,22.8166476911036,4.0759508600977
537.197984520373,389.897696157509,3.43568795761379
74.2280522759128,87.4378568541495,5.31005022275505
1.80085244286889,73.7027746573273,3.46128216128334
587.910083182489,227.842210594098,3.88478870649033
440.658701451281,463.555513284021,4.82261541647372
658.307366537106,373.09846683991,3.12967956521541
110.219067683594,487.485052117643,4.37783679493583
627.269409609607,88.8928053242693,4.11544369980831
419.503995505608,257.573924791424,3.63220752525612
12.2758278819003,186.076568982351,3.27461920962624
83.5815166257577,134.502607160695,4.45263863726143
611.338341313635,193.576489269256,4.41799634069825
252.958056461031,228.227979241789,4.04981892635408
568.884301076661,440.738955844981,3.36340151320517
297.13813753322,137.328031966249,3.99624902301787
521.339169165838,464.532815566353,3.47046356385907
52.0213074015933,420.049157518419,3.94725619645572
187.538403264893,285.510987992709,3.98456820453439
559.531662618393,256.020093072707,3.87492935428362
167.309778154306,38.9913941498623,4.15108922635722
493.168661321699,345.427926923589,4.63520299761214
38.6762482253599,46.4519158383141,3.61538239550023
532.430614491031,149.336541801143,4.75725410732907
NA,NA,NA
661.524771083369,331.229361246869,3.51955878027228
451.009848549505,296.877276886607,3.44540754728579
8.43549526776076,494.841901475153,3.37252379260985
561.450246232367,54.4441763428441,4.33916184844745
69.3239741743836,374.002166518452,4.06348432493317
232.972788121525,416.631286765673,3.89912303859948
426.494568868735,10.9605668600383,3.36333224406431
363.401160836014,291.87509746004,3.05920568177808
603.324146525551,107.960902798706,4.28947558620766
396.162584329978,233.451427459555,4.3782338948279
564.674444264941,403.102201980853,4.74437499264709
132.155355468299,288.00211660881,4.43474167702781
198.437351467257,368.336111597381,3.99735857598851
126.658583904619,410.853584715737,3.42812594698452
623.67174535302,317.693211602006,4.53276376212708
7.82958670721339,147.777042400462,4.33391089723465
546.073331151506,200.022574574279,4.20877746935491
32.1364234114621,492.072018920986,3.04839831289192
280.948928895609,22.8166476911036,4.0759508600977
537.197984520373,389.897696157509,3.43568795761379
74.2280522759128,87.4378568541495,5.31005022275505
1.80085244286889,73.7027746573273,3.46128216128334
587.910083182489,227.842210594098,3.88478870649033
440.658701451281,463.555513284021,4.82261541647372
658.307366537106,373.09846683991,3.12967956521541
110.219067683594,487.485052117643,4.37783679493583
627.269409609607,88.8928053242693,4.11544369980831
419.503995505608,257.573924791424,3.63220752525612
12.2758278819003,186.076568982351,3.27461920962624
83.5815166257577,134.502607160695,4.45263863726143
611.338341313635,193.576489269256,4.41799634069825
252.958056461031,228.227979241789,4.04981892635408
568.884301076661,440.738955844981,3.36340151320517
297.13813753322,137.328031966249,3.99624902301787
521.339169165838,464.532815566353,3.47046356385907
52.0213074015933,420.049157518419,3.94725619645572
187.538403264893,285.510987992709,3.98456820453439
559.531662618393,256.020093072707,3.87492935428362
167.309778154306,38.9913941498623,4.15108922635722
493.168661321699,345.427926923589,4.63520299761214
38.6762482253599,46.4519158383141,3.61538239550023
532.430614491031,149.336541801143,4.75725410732907
NA,NA,NA
662.81864049953,337.729137174814,3.43285545697081
455.160407451345,301.230127229487,3.68948543462586
12.8235694207747,494.815748125818,3.6877093581891
558.030644417045,45.509649615614,4.31336905580451
69.7294775493651,374.711731765379,3.90387609235345
227.740704369108,418.442502095827,3.84153590705647
429.241787643333,11.4729078018815,3.1910539364132
360.80149307505,291.449655572849,2.9837164941544
606.153228155795,101.768048571167,4.28284771335394
395.605741898696,231.358086224656,4.24718014202935
562.896366382379,415.207911022628,4.71538810566495
144.764771078079,282.974341018774,4.66682364299767
198.132219011207,370.405912235713,4.04391031927888
124.122460379547,411.468831784578,3.47726880381858
625.110264699476,309.18542803116,4.49016990764396
4.1609546089694,151.312253542001,4.23595650283092
544.448119511568,206.188686430558,4.08287248721272
32.7649914036182,490.443426798741,3.01141925219953
278.567291724325,26.2195245029017,3.82937008839105
534.259971148456,392.212428755134,3.42304222528651
74.6380517171978,78.0506554207057,5.28740674501777
5.31308753058641,77.9286173777373,3.47749821986752
585.800701917675,228.393791517825,4.03695319051365
435.445303919942,461.588431245793,4.77647277063827
660.061033987368,374.573098338006,2.96477224519622
107.767854829767,486.655076449889,4.31270605419206
624.614785467507,86.5965481122842,4.10760678485042
420.756429055442,259.129129891452,3.68553123718651
11.7122861645194,181.443244161748,3.21514176561132
60.9047482570193,118.664799823438,4.35758401381745
614.532466289162,204.350708997239,4.34321924348273
262.918228442875,217.461258107896,3.87212551932094
579.95499942325,435.63704447312,3.8230581073709
300.978641362143,136.874929170193,3.89826942436782
527.090361205952,460.662563143095,3.70173869854423
49.4248506455742,422.328815097225,3.81244238344423
201.851306778246,285.894492015498,3.97969555298617
560.687973773728,262.498928442228,3.8069098644696
185.44966079277,25.8856044976411,4.25151446562454
500.691397647104,347.510786987571,4.63568147909665
43.3927178824132,58.5453853084317,4.11976086949851
535.488909002965,148.943442539088,4.5901444931292
NA,NA,NA
662.81864049953,337.729137174814,3.43285545697081
455.160407451345,301.230127229487,3.68948543462586
12.8235694207747,494.815748125818,3.6877093581891
558.030644417045,45.509649615614,4.31336905580451
69.7294775493651,374.711731765379,3.90387609235345
227.740704369108,418.442502095827,3.84153590705647
429.241787643333,11.4729078018815,3.1910539364132
360.80149307505,291.449655572849,2.9837164941544
606.153228155795,101.768048571167,4.28284771335394
395.605741898696,231.358086224656,4.24718014202935
562.896366382379,415.207911022628,4.71538810566495
144.764771078079,282.974341018774,4.66682364299767
198.132219011207,370.405912235713,4.04391031927888
124.122460379547,411.468831784578,3.47726880381858
625.110264699476,309.18542803116,4.49016990764396
4.1609546089694,151.312253542001,4.23595650283092
544.448119511568,206.188686430558,4.08287248721272
32.7649914036182,490.443426798741,3.01141925219953
278.567291724325,26.2195245029017,3.82937008839105
534.259971148456,392.212428755134,3.42304222528651
74.6380517171978,78.0506554207057,5.28740674501777
5.31308753058641,77.9286173777373,3.47749821986752
585.800701917675,228.393791517825,4.03695319051365
435.445303919942,461.588431245793,4.77647277063827
660.061033987368,374.573098338006,2.96477224519622
107.767854829767,486.655076449889,4.31270605419206
624.614785467507,86.5965481122842,4.10760678485042
420.756429055442,259.129129891452,3.68553123718651
11.7122861645194,181.443244161748,3.21514176561132
60.9047482570193,118.664799823438,4.35758401381745
614.532466289162,204.350708997239,4.34321924348273
262.918228442875,217.461258107896,3.87212551932094
579.95499942325,435.63704447312,3.8230581073709
300.978641362143,136.874929170193,3.89826942436782
527.090361205952,460.662563143095,3.70173869854423
49.4248506455742,422.328815097225,3.81244238344423
201.851306778246,285.894492015498,3.97969555298617
560.687973773728,262.498928442228,3.8069098644696
185.44966079277,25.8856044976411,4.25151446562454
500.691397647104,347.510786987571,4.63568147909665
43.3927178824132,58.5453853084317,4.11976086949851
535.488909002965,148.943442539088,4.5901444931292
NA,NA,NA
662.81864049953,337.729137174814,3.43285545697081
455.160407451345,301.230127229487,3.68948543462586
12.8235694207747,494.815748125818,3.6877093581891
558.030644417045,45.509649615614,4.31336905580451
69.7294775493651,374.711731765379,3.90387609235345
227.740704369108,418.442502095827,3.84153590705647
429.241787643333,11.4729078018815,3.1910539364132
360.80149307505,291.449655572849,2.9837164941544
606.153228155795,101.768048571167,4.28284771335394
395.605741898696,231.358086224656,4.24718014202935
562.896366382379,415.207911022628,4.71538810566495
144.764771078079,282.974341018774,4.66682364299767
198.132219011207,370.405912235713,4.04391031927888
124.122460379547,411.468831784578,3.47726880381858
625.110264699476,309.18542803116,4.49016990764396
4.1609546089694,151.312253542001,4.23595650283092
544.448119511568,206.188686430558,4.08287248721272
32.7649914036182,490.443426798741,3.01141925219953
278.567291724325,26.2195245029017,3.82937008839105
534.259971148456,392.212428755134,3.42304222528651
74.6380517171978,78.0506554207057,5.28740674501777
5.31308753058641,77.9286173777373,3.47749821986752
585.800701917675,228.393791517825,4.03695319051365
435.445303919942,461.588431245793,4.77647277063827
660.061033987368,374.573098338006,2.96477224519622
107.767854829767,486.655076449889,4.31270605419206
624.614785467507,86.5965481122842,4.10760678485042
420.756429055442,259.129129891452,3.68553123718651
11.7122861645194,181.443244161748,3.21514176561132
60.9047482570193,118.664799823438,4.35758401381745
614.532466289162,204.350708997239,4.34321924348273
262.918228442875,217.461258107896,3.87212551932094
579.95499942325,435.63704447312,3.8230581073709
300.978641362143,136.874929170193,3.89826942436782
527.090361205952,460.662563143095,3.70173869854423
49.4248506455742,422.328815097225,3.81244238344423
201.851306778246,285.894492015498,3.97969555298617
560.687973773728,262.498928442228,3.8069098644696
185.44966079277,25.8856044976411,4.25151446562454
500.691397647104,347.510786987571,4.63568147909665
43.3927178824132,58.5453853084317,4.11976086949851
535.488909002965,148.943442539088,4.5901444931292
NA,NA,NA
662.81864049953,337.729137174814,3.43285545697081
455.160407451345,301.230127229487,3.68948543462586
12.8235694207747,494.815748125818,3.6877093581891
558.030644417045,45.509649615614,4.31336905580451
69.7294775493651,374.711731765379,3.90387609235345
227.740704369108,418.442502095827,3.84153590705647
429.241787643333,11.4729078018815,3.1910539364132
360.80149307505,291.449655572849,2.9837164941544
606.153228155795,101.768048571167,4.28284771335394
395.605741898696,231.358086224656,4.24718014202935
562.896366382379,415.207911022628,4.71538810566495
144.764771078079,282.974341018774,4.66682364299767
198.132219011207,370.405912235713,4.04391031927888
124.122460379547,411.468831784578,3.47726880381858
625.110264699476,309.18542803116,4.49016990764396
4.1609546089694,151.312253542001,4.23595650283092
544.448119511568,206.188686430558,4.08287248721272
32.7649914036182,490.443426798741,3.01141925219953
278.567291724325,26.2195245029017,3.82937008839105
534.259971148456,392.212428755134,3.42304222528651
74.6380517171978,78.0506554207057,5.28740674501777
5.31308753058641,77.9286173777373,3.47749821986752
585.800701917675,228.393791517825,4.03695319051365
435.445303919942,461.588431245793,4.77647277063827
660.061033987368,374.573098338006,2.96477224519622
107.767854829767,486.655076449889,4.31270605419206
624.614785467507,86.5965481122842,4.10760678485042
420.756429055442,259.129129891452,3.68553123718651
11.7122861645194,181.443244161748,3.21514176561132
60.9047482570193,118.664799823438,4.35758401381745
614.532466289162,204.350708997239,4.34321924348273
262.918228442875,217.461258107896,3.87212551932094
579.95499942325,435.63704447312,3.8230581073709
300.978641362143,136.874929170193,3.89826942436782
527.090361205952,460.662563143095,3.70173869854423
49.4248506455742,422.328815097225,3.81244238344423
201.851306778246,285.894492015498,3.97969555298617
560.687973773728,262.498928442228,3.8069098644696
185.44966079277,25.8856044976411,4.25151446562454
500.691397647104,347.510786987571,4.63568147909665
43.3927178824132,58.5453853084317,4.11976086949851
535.488909002965,148.943442539088,4.5901444931292
NA,NA,NA
662.81864049953,337.729137174814,3.43285545697081
455.160407451345,301.230127229487,3.68948543462586
12.8235694207747,494.815748125818,3.6877093581891
558.030644417045,45.509649615614,4.31336905580451
69.7294775493651,374.711731765379,3.90387609235345
227.740704369108,418.442502095827,3.84153590705647
429.241787643333,11.4729078018815,3.1910539364132
360.80149307505,291.449655572849,2.9837164941544
606.153228155795,101.768048571167,4.28284771335394
395.605741898696,231.358086224656,4.24718014202935
562.896366382379,415.207911022628,4.71538810566495
144.764771078079,282.974341018774,4.66682364299767
198.132219011207,370.405912235713,4.04391031927888
124.122460379547,411.468831784578,3.47726880381858
625.110264699476,309.18542803116,4.49016990764396
4.1609546089694,151.312253542001,4.23595650283092
544.448119511568,206.188686430558,4.08287248721272
32.7649914036182,490.443426798741,3.01141925219953
278.567291724325,26.2195245029017,3.82937008839105
534.259971148456,392.212428755134,3.42304222528651
74.6380517171978,78.0506554207057,5.28740674501777
5.31308753058641,77.9286173777373,3.47749821986752
585.800701917675,228.393791517825,4.03695319051365
435.445303919942,461.588431245793,4.77647277063827
660.061033987368,374.573098338006,2.96477224519622
107.767854829767,486.655076449889,4.31270605419206
624.614785467507,86.5965481122842,4.10760678485042
420.756429055442,259.129129891452,3.68553123718651
11.7122861645194,181.443244161748,3.21514176561132
60.9047482570193,118.664799823438,4.35758401381745
614.532466289162,204.350708997239,4.34321924348273
262.918228442875,217.461258107896,3.87212551932094
579.95499942325,435.63704447312,3.8230581073709
300.978641362143,136.874929170193,3.89826942436782
527.090361205952,460.662563143095,3.70173869854423
49.4248506455742,422.328815097225,3.81244238344423
201.851306778246,285.894492015498,3.97969555298617
560.687973773728,262.498928442228,3.8069098644696
185.44966079277,25.8856044976411,4.25151446562454
500.691397647104,347.510786987571,4.63568147909665
43.3927178824132,58.5453853084317,4.11976086949851
535.488909002965,148.943442539088,4.5901444931292
NA,NA,NA
662.81864049953,337.729137174814,3.43285545697081
455.160407451345,301.230127229487,3.68948543462586
12.8235694207747,494.815748125818,3.6877093581891
558.030644417045,45.509649615614,4.31336905580451
69.7294775493651,374.711731765379,3.90387609235345
227.740704369108,418.442502095827,3.84153590705647
429.241787643333,11.4729078018815,3.1910539364132
360.80149307505,291.449655572849,2.9837164941544
606.153228155795,101.768048571167,4.28284771335394
395.605741898696,231.358086224656,4.24718014202935
562.896366382379,415.207911022628,4.71538810566495
144.764771078079,282.974341018774,4.66682364299767
198.132219011207,370.405912235713,4.04391031927888
124.122460379547,411.468831784578,3.47726880381858
625.110264699476,309.18542803116,4.49016990764396
4.1609546089694,151.312253542001,4.23595650283092
544.448119511568,206.188686430558,4.08287248721272
32.7649914036182,490.443426798741,3.01141925219953
278.567291724325,26.2195245029017,3.82937008839105
534.259971148456,392.212428755134,3.42304222528651
74.6380517171978,78.0506554207057,5.28740674501777
5.31308753058641,77.9286173777373,3.47749821986752
585.800701917675,228.393791517825,4.03695319051365
435.445303919942,461.588431245793,4.77647277063827
660.061033987368,374.573098338006,2.96477224519622
107.767854829767,486.655076449889,4.31270605419206
624.614785467507,86.5965481122842,4.10760678485042
420.756429055442,259.129129891452,3.68553123718651
11.7122861645194,181.443244161748,3.21514176561132
60.9047482570193,118.664799823438,4.35758401381745
614.532466289162,204.350708997239,4.34321924348273
262.918228442875,217.461258107896,3.87212551932094
579.95499942325,435.63704447312,3.8230581073709
300.978641362143,136.874929170193,3.89826942436782
527.090361205952,460.662563143095,3.70173869854423
49.4248506455742,422.328815097225,3.81244238344423
201.851306778246,285.894492015498,3.97969555298617
560.687973773728,262.498928442228,3.8069098644696
185.44966079277,25.8856044976411,4.25151446562454
500.691397647104,347.510786987571,4.63568147909665
43.3927178824132,58.5453853084317,4.11976086949851
535.488909002965,148.943442539088,4.5901444931292
NA,NA,NA
662.527404304616,335.961980093842,3.58135162608776
456.439182148512,300.942163226023,3.58115103016366
10.4570403402508,495.522255773813,3.68437592899477
560.47583464098,47.5629599609175,4.07134709300618
72.6433357527199,376.246461680695,3.85956995926368
229.044158074458,413.459604638725,3.86255492508309
430.706790300378,13.3750014669179,3.39060500492746
361.836666529429,291.459884409689,3.15739631767247
605.881311104892,107.746853216562,4.1745714540411
398.140211201843,226.707176166925,4.12413400983304
560.877743783137,409.836158397531,4.68196897258292
139.062144942825,281.205278821128,4.6210457032603
199.960061208044,364.255523483005,3.96212155591907
125.123838753259,412.426808304478,3.47142841609265
622.315491926966,314.956095923491,4.63494766185947
-2.37654806973265,147.127905900495,4.21821687668012
547.936453036192,206.285379516997,4.22638117911825
33.6873033753527,491.66395039244,3.12613918668533
278.519902595438,23.287623942723,3.9715773962088
530.462824511451,392.883809811097,3.38159902242358
75.9363333795178,80.5688933110376,5.32440280052402
3.40399728180793,77.3701541341608,3.44706633434652
587.995367126839,229.208683926151,4.07551104750776
449.610442713803,467.882656415812,4.70982747261884
659.271875421766,373.084345420765,3.01430397400222
107.04711827671,486.415722517141,4.35348977730546
621.916859303521,90.6310546388566,4.08366384982832
419.381731818842,255.43608954942,3.62403761693799
11.6492789692058,182.345557590511,3.3585751179297
88.4955895642695,128.746936352143,4.33003589929843
614.173759156919,205.458401075683,4.37977946548286
252.848417753174,220.940751614042,3.90324127548975
571.673458026335,426.835424743507,3.66240028717392
302.150009735,142.761474355437,3.84962341170244
528.408036735493,460.749658721443,3.65078958005675
52.3446027659531,424.292815218201,3.95465086952855
200.97655399388,288.494354786056,4.28042151335592
552.79220194348,265.63050459454,3.91014217488305
167.426393962939,39.9405267948374,3.97085687648383
502.454415456887,342.767586883314,4.5327261321907
40.775573362539,57.5014536941431,3.65417865859445
534.295359409481,141.091099722006,4.47706828811792
NA,NA,NA
662.527404304616,335.961980093842,3.58135162608776
456.439182148512,300.942163226023,3.58115103016366
10.4570403402508,495.522255773813,3.68437592899477
560.47583464098,47.5629599609175,4.07134709300618
72.6433357527199,376.246461680695,3.85956995926368
229.044158074458,413.459604638725,3.86255492508309
430.706790300378,13.3750014669179,3.39060500492746
361.836666529429,291.459884409689,3.15739631767247
605.881311104892,107.746853216562,4.1745714540411
398.140211201843,226.707176166925,4.12413400983304
560.877743783137,409.836158397531,4.68196897258292
139.062144942825,281.205278821128,4.6210457032603
199.960061208044,364.255523483005,3.96212155591907
125.123838753259,412.426808304478,3.47142841609265
622.315491926966,314.956095923491,4.63494766185947
-2.37654806973265,147.127905900495,4.21821687668012
547.936453036192,206.285379516997,4.22638117911825
33.6873033753527,491.66395039244,3.12613918668533
278.519902595438,23.287623942723,3.9715773962088
530.462824511451,392.883809811097,3.38159902242358
75.9363333795178,80.5688933110376,5.32440280052402
3.40399728180793,77.3701541341608,3.44706633434652
587.995367126839,229.208683926151,4.07551104750776
449.610442713803,467.882656415812,4.70982747261884
659.271875421766,373.084345420765,3.01430397400222
107.04711827671,486.415722517141,4.35348977730546
621.916859303521,90.6310546388566,4.08366384982832
419.381731818842,255.43608954942,3.62403761693799
11.6492789692058,182.345557590511,3.3585751179297
88.4955895642695,128.746936352143,4.33003589929843
614.173759156919,205.458401075683,4.37977946548286
252.848417753174,220.940751614042,3.90324127548975
571.673458026335,426.835424743507,3.66240028717392
302.150009735,142.761474355437,3.84962341170244
528.408036735493,460.749658721443,3.65078958005675
52.3446027659531,424.292815218201,3.95465086952855
200.97655399388,288.494354786056,4.28042151335592
552.79220194348,265.63050459454,3.91014217488305
167.426393962939,39.9405267948374,3.97085687648383
502.454415456887,342.767586883314,4.5327261321907
40.775573362539,57.5014536941431,3.65417865859445
534.295359409481,141.091099722006,4.47706828811792
NA,NA,NA
662.527404304616,335.961980093842,3.58135162608776
456.439182148512,300.942163226023,3.58115103016366
10.4570403402508,495.522255773813,3.68437592899477
560.47583464098,47.5629599609175,4.07134709300618
72.6433357527199,376.246461680695,3.85956995926368
229.044158074458,413.459604638725,3.86255492508309
430.706790300378,13.3750014669179,3.39060500492746
361.836666529429,291.459884409689,3.15739631767247
605.881311104892,107.746853216562,4.1745714540411
398.140211201843,226.707176166925,4.12413400983304
560.877743783137,409.836158397531,4.68196897258292
139.062144942825,281.205278821128,4.6210457032603
199.960061208044,364.255523483005,3.96212155591907
125.123838753259,412.426808304478,3.47142841609265
622.315491926966,314.956095923491,4.63494766185947
-2.37654806973265,147.127905900495,4.21821687668012
547.936453036192,206.285379516997,4.22638117911825
33.6873033753527,491.66395039244,3.12613918668533
278.519902595438,23.287623942723,3.9715773962088
530.462824511451,392.883809811097,3.38159902242358
75.9363333795178,80.5688933110376,5.32440280052402
3.40399728180793,77.3701541341608,3.44706633434652
587.995367126839,229.208683926151,4.07551104750776
449.610442713803,467.882656415812,4.70982747261884
659.271875421766,373.084345420765,3.01430397400222
107.04711827671,486.415722517141,4.35348977730546
621.916859303521,90.6310546388566,4.08366384982832
419.381731818842,255.43608954942,3.62403761693799
11.6492789692058,182.345557590511,3.3585751179297
88.4955895642695,128.746936352143,4.33003589929843
614.173759156919,205.458401075683,4.37977946548286
252.848417753174,220.940751614042,3.90324127548975
571.673458026335,426.835424743507,3.66240028717392
302.150009735,142.761474355437,3.84962341170244
528.408036735493,460.749658721443,3.65078958005675
52.3446027659531,424.292815218201,3.95465086952855
200.97655399388,288.494354786056,4.28042151335592
552.79220194348,265.63050459454,3.91014217488305
167.426393962939,39.9405267948374,3.97085687648383
502.454415456887,342.767586883314,4.5327261321907
40.775573362539,57.5014536941431,3.65417865859445
534.295359409481,141.091099722006,4.47706828811792
NA,NA,NA
662.527404304616,335.961980093842,3.58135162608776
456.439182148512,300.942163226023,3.58115103016366
10.4570403402508,495.522255773813,3.68437592899477
560.47583464098,47.5629599609175,4.07134709300618
72.6433357527199,376.246461680695,3.85956995926368
229.044158074458,413.459604638725,3.86255492508309
430.706790300378,13.3750014669179,3.39060500492746
361.836666529429,291.459884409689,3.15739631767247
605.881311104892,107.746853216562,4.1745714540411
398.140211201843,226.707176166925,4.12413400983304
560.877743783137,409.836158397531,4.68196897258292
139.062144942825,281.205278821128,4.6210457032603
199.960061208044,364.255523483005,3.96212155591907
125.123838753259,412.426808304478,3.47142841609265
622.315491926966,314.956095923491,4.63494766185947
-2.37654806973265,147.127905900495,4.21821687668012
547.936453036192,206.285379516997,4.22638117911825
33.6873033753527,491.66395039244,3.12613918668533
278.519902595438,23.287623942723,3.9715773962088
530.462824511451,392.883809811097,3.38159902242358
75.9363333795178,80.5688933110376,5.32440280052402
3.40399728180793,77.3701541341608,3.44706633434652
587.995367126839,229.208683926151,4.07551104750776
449.610442713803,467.882656415812,4.70982747261884
659.271875421766,373.084345420765,3.01430397400222
107.04711827671,486.415722517141,4.35348977730546
621.916859303521,90.6310546388566,4.08366384982832
419.381731818842,255.43608954942,3.62403761693799
11.6492789692058,182.345557590511,3.3585751179297
88.4955895642695,128.746936352143,4.33003589929843
614.173759156919,205.458401075683,4.37977946548286
252.848417753174,220.940751614042,3.90324127548975
571.673458026335,426.835424743507,3.66240028717392
302.150009735,142.761474355437,3.84962341170244
528.408036735493,460.749658721443,3.65078958005675
52.3446027659531,424.292815218201,3.95465086952855
200.97655399388,288.494354786056,4.28042151335592
552.79220194348,265.63050459454,3.91014217488305
167.426393962939,39.9405267948374,3.97085687648383
502.454415456887,342.767586883314,4.5327261321907
40.775573362539,57.5014536941431,3.65417865859445
534.295359409481,141.091099722006,4.47706828811792
NA,NA,NA
662.527404304616,335.961980093842,3.58135162608776
456.439182148512,300.942163226023,3.58115103016366
10.4570403402508,495.522255773813,3.68437592899477
560.47583464098,47.5629599609175,4.07134709300618
72.6433357527199,376.246461680695,3.85956995926368
229.044158074458,413.459604638725,3.86255492508309
430.706790300378,13.3750014669179,3.39060500492746
361.836666529429,291.459884409689,3.15739631767247
605.881311104892,107.746853216562,4.1745714540411
398.140211201843,226.707176166925,4.12413400983304
560.877743783137,409.836158397531,4.68196897258292
139.062144942825,281.205278821128,4.6210457032603
199.960061208044,364.255523483005,3.96212155591907
125.123838753259,412.426808304478,3.47142841609265
622.315491926966,314.956095923491,4.63494766185947
-2.37654806973265,147.127905900495,4.21821687668012
547.936453036192,206.285379516997,4.22638117911825
33.6873033753527,491.66395039244,3.12613918668533
278.519902595438,23.287623942723,3.9715773962088
530.462824511451,392.883809811097,3.38159902242358
75.9363333795178,80.5688933110376,5.32440280052402
3.40399728180793,77.3701541341608,3.44706633434652
587.995367126839,229.208683926151,4.07551104750776
449.610442713803,467.882656415812,4.70982747261884
659.271875421766,373.084345420765,3.01430397400222
107.04711827671,486.415722517141,4.35348977730546
621.916859303521,90.6310546388566,4.08366384982832
419.381731818842,255.43608954942,3.62403761693799
11.6492789692058,182.345557590511,3.3585751179297
88.4955895642695,128.746936352143,4.33003589929843
614.173759156919,205.458401075683,4.37977946548286
252.848417753174,220.940751614042,3.90324127548975
571.673458026335,426.835424743507,3.66240028717392
302.150009735,142.761474355437,3.84962341170244
528.408036735493,460.749658721443,3.65078958005675
52.3446027659531,424.292815218201,3.95465086952855
200.97655399388,288.494354786056,4.28042151335592
552.79220194348,265.63050459454,3.91014217488305
167.426393962939,39.9405267948374,3.97085687648383
502.454415456887,342.767586883314,4.5327261321907
40.775573362539,57.5014536941431,3.65417865859445
534.295359409481,141.091099722006,4.47706828811792
NA,NA,NA
662.527404304616,335.961980093842,3.58135162608776
456.439182148512,300.942163226023,3.58115103016366
10.4570403402508,495.522255773813,3.68437592899477
560.47583464098,47.5629599609175,4.07134709300618
72.6433357527199,376.246461680695,3.85956995926368
229.044158074458,413.459604638725,3.86255492508309
430.706790300378,13.3750014669179,3.39060500492746
361.836666529429,291.459884409689,3.15739631767247
605.881311104892,107.746853216562,4.1745714540411
398.140211201843,226.707176166925,4.12413400983304
560.877743783137,409.836158397531,4.68196897258292
139.062144942825,281.205278821128,4.6210457032603
199.960061208044,364.255523483005,3.96212155591907
125.123838753259,412.426808304478,3.47142841609265
622.315491926966,314.956095923491,4.63494766185947
-2.37654806973265,147.127905900495,4.21821687668012
547.936453036192,206.285379516997,4.22638117911825
33.6873033753527,491.66395039244,3.12613918668533
278.519902595438,23.287623942723,3.9715773962088
530.462824511451,392.883809811097,3.38159902242358
75.9363333795178,80.5688933110376,5.32440280052402
3.40399728180793,77.3701541341608,3.44706633434652
587.995367126839,229.208683926151,4.07551104750776
449.610442713803,467.882656415812,4.70982747261884
659.271875421766,373.084345420765,3.01430397400222
107.04711827671,486.415722517141,4.35348977730546
621.916859303521,90.6310546388566,4.08366384982832
419.381731818842,255.43608954942,3.62403761693799
11.6492789692058,182.345557590511,3.3585751179297
88.4955895642695,128.746936352143,4.33003589929843
614.173759156919,205.458401075683,4.37977946548286
252.848417753174,220.940751614042,3.90324127548975
571.673458026335,426.835424743507,3.66240028717392
302.150009735,142.761474355437,3.84962341170244
528.408036735493,460.749658721443,3.65078958005675
52.3446027659531,424.292815218201,3.95465086952855
200.97655399388,288.494354786056,4.28042151335592
552.79220194348,265.63050459454,3.91014217488305
167.426393962939,39.9405267948374,3.97085687648383
502.454415456887,342.767586883314,4.5327261321907
40.775573362539,57.5014536941431,3.65417865859445
534.295359409481,141.091099722006,4.47706828811792
NA,NA,NA
662.55128043223,333.073605201338,3.45805298678332
454.350220843495,299.751410231453,3.46716924183361
12.7125046725661,494.361662305603,3.77862673135378
560.220897862613,48.2284685920979,4.066028402708
71.5570901265519,372.799921733778,3.8310976863486
223.705125574626,414.524280531936,3.86332293451512
427.347815601421,11.9798603906261,3.32681911115663
364.408171018924,288.93387019733,2.96904108684376
598.601871150651,103.412570440979,4.24102978120189
391.194037973004,226.04398507481,4.23310501889635
568.534640614952,404.738380444852,4.76102748676717
139.276708710587,284.065777003612,4.48110139686591
198.120959584858,366.172400609629,4.04369642139469
124.552178638358,409.401568459246,3.31501380506314
623.380612688316,312.363294692676,4.4737929498378
0.818570752144053,149.445075303712,4.2928711721939
544.68552665256,204.167740959864,4.12642995653739
35.5955550270007,490.116494460278,3.02009598775363
279.404269364979,24.534941303164,3.99637678564124
534.511152120615,393.776338699601,3.28867282837225
68.4591350356784,77.7147849961107,5.28339987161035
5.15525722104467,77.0668556105816,3.61747253784951
587.840422260461,227.339662441455,4.03829343859669
443.255405556007,459.050111199586,4.8460606362286
656.991443219808,374.820123904374,3.08611049220211
104.850418682927,487.140783897611,4.32278558904346
625.286155620369,90.7228896063687,4.0603428177205
419.694460939006,256.196419237391,3.68055424208602
11.2237390638927,180.011326050276,3.31128977936266
61.4669582937273,113.874639227031,4.20215338268118
601.28100513488,205.663633974853,3.98964990515059
250.192278941506,227.688950151083,3.92891018459304
571.398542873359,425.738932290718,3.82497985859892
301.853825760182,136.493095937183,4.05939732130548
532.730422993437,460.07430777886,3.68542041349316
55.7761153715492,417.080360867313,3.89467918713079
203.020042341993,303.296636945133,3.89891478074905
549.569141992016,259.144039580851,3.95445200071024
186.213640013951,20.1887023773158,4.28998257484513
504.390220776698,342.330995423194,4.33797331664874
45.9085233704646,58.8094166749666,3.83781827631013
531.295303146401,160.842357422777,4.13326814301511
NA,NA,NA
662.55128043223,333.073605201338,3.45805298678332
454.350220843495,299.751410231453,3.46716924183361
12.7125046725661,494.361662305603,3.77862673135378
560.220897862613,48.2284685920979,4.066028402708
71.5570901265519,372.799921733778,3.8310976863486
223.705125574626,414.524280531936,3.86332293451512
427.347815601421,11.9798603906261,3.32681911115663
364.408171018924,288.93387019733,2.96904108684376
598.601871150651,103.412570440979,4.24102978120189
391.194037973004,226.04398507481,4.23310501889635
568.534640614952,404.738380444852,4.76102748676717
139.276708710587,284.065777003612,4.48110139686591
198.120959584858,366.172400609629,4.04369642139469
124.552178638358,409.401568459246,3.31501380506314
623.380612688316,312.363294692676,4.4737929498378
0.818570752144053,149.445075303712,4.2928711721939
544.68552665256,204.167740959864,4.12642995653739
35.5955550270007,490.116494460278,3.02009598775363
279.404269364979,24.534941303164,3.99637678564124
534.511152120615,393.776338699601,3.28867282837225
68.4591350356784,77.7147849961107,5.28339987161035
5.15525722104467,77.0668556105816,3.61747253784951
587.840422260461,227.339662441455,4.03829343859669
443.255405556007,459.050111199586,4.8460606362286
656.991443219808,374.820123904374,3.08611049220211
104.850418682927,487.140783897611,4.32278558904346
625.286155620369,90.7228896063687,4.0603428177205
419.694460939006,256.196419237391,3.68055424208602
11.2237390638927,180.011326050276,3.31128977936266
61.4669582937273,113.874639227031,4.20215338268118
601.28100513488,205.663633974853,3.98964990515059
250.192278941506,227.688950151083,3.92891018459304
571.398542873359,425.738932290718,3.82497985859892
301.853825760182,136.493095937183,4.05939732130548
532.730422993437,460.07430777886,3.68542041349316
55.7761153715492,417.080360867313,3.89467918713079
203.020042341993,303.296636945133,3.89891478074905
549.569141992016,259.144039580851,3.95445200071024
186.213640013951,20.1887023773158,4.28998257484513
504.390220776698,342.330995423194,4.33797331664874
45.9085233704646,58.8094166749666,3.83781827631013
531.295303146401,160.842357422777,4.13326814301511
NA,NA,NA
662.55128043223,333.073605201338,3.45805298678332
454.350220843495,299.751410231453,3.46716924183361
12.7125046725661,494.361662305603,3.77862673135378
560.220897862613,48.2284685920979,4.066028402708
71.5570901265519,372.799921733778,3.8310976863486
223.705125574626,414.524280531936,3.86332293451512
427.347815601421,11.9798603906261,3.32681911115663
364.408171018924,288.93387019733,2.96904108684376
598.601871150651,103.412570440979,4.24102978120189
391.194037973004,226.04398507481,4.23310501889635
568.534640614952,404.738380444852,4.76102748676717
139.276708710587,284.065777003612,4.48110139686591
198.120959584858,366.172400609629,4.04369642139469
124.552178638358,409.401568459246,3.31501380506314
623.380612688316,312.363294692676,4.4737929498378
0.818570752144053,149.445075303712,4.2928711721939
544.68552665256,204.167740959864,4.12642995653739
35.5955550270007,490.116494460278,3.02009598775363
279.404269364979,24.534941303164,3.99637678564124
534.511152120615,393.776338699601,3.28867282837225
68.4591350356784,77.7147849961107,5.28339987161035
5.15525722104467,77.0668556105816,3.61747253784951
587.840422260461,227.339662441455,4.03829343859669
443.255405556007,459.050111199586,4.8460606362286
656.991443219808,374.820123904374,3.08611049220211
104.850418682927,487.140783897611,4.32278558904346
625.286155620369,90.7228896063687,4.0603428177205
419.694460939006,256.196419237391,3.68055424208602
11.2237390638927,180.011326050276,3.31128977936266
61.4669582937273,113.874639227031,4.20215338268118
601.28100513488,205.663633974853,3.98964990515059
250.192278941506,227.688950151083,3.92891018459304
571.398542873359,425.738932290718,3.82497985859892
301.853825760182,136.493095937183,4.05939732130548
532.730422993437,460.07430777886,3.68542041349316
55.7761153715492,417.080360867313,3.89467918713079
203.020042341993,303.296636945133,3.89891478074905
549.569141992016,259.144039580851,3.95445200071024
186.213640013951,20.1887023773158,4.28998257484513
504.390220776698,342.330995423194,4.33797331664874
45.9085233704646,58.8094166749666,3.83781827631013
531.295303146401,160.842357422777,4.13326814301511
NA,NA,NA
662.55128043223,333.073605201338,3.45805298678332
454.350220843495,299.751410231453,3.46716924183361
12.7125046725661,494.361662305603,3.77862673135378
560.220897862613,48.2284685920979,4.066028402708
71.5570901265519,372.799921733778,3.8310976863486
223.705125574626,414.524280531936,3.86332293451512
427.347815601421,11.9798603906261,3.32681911115663
364.408171018924,288.93387019733,2.96904108684376
598.601871150651,103.412570440979,4.24102978120189
391.194037973004,226.04398507481,4.23310501889635
568.534640614952,404.738380444852,4.76102748676717
139.276708710587,284.065777003612,4.48110139686591
198.120959584858,366.172400609629,4.04369642139469
124.552178638358,409.401568459246,3.31501380506314
623.380612688316,312.363294692676,4.4737929498378
0.818570752144053,149.445075303712,4.2928711721939
544.68552665256,204.167740959864,4.12642995653739
35.5955550270007,490.116494460278,3.02009598775363
279.404269364979,24.534941303164,3.99637678564124
534.511152120615,393.776338699601,3.28867282837225
68.4591350356784,77.7147849961107,5.28339987161035
5.15525722104467,77.0668556105816,3.61747253784951
587.840422260461,227.339662441455,4.03829343859669
443.255405556007,459.050111199586,4.8460606362286
656.991443219808,374.820123904374,3.08611049220211
104.850418682927,487.140783897611,4.32278558904346
625.286155620369,90.7228896063687,4.0603428177205
419.694460939006,256.196419237391,3.68055424208602
11.2237390638927,180.011326050276,3.31128977936266
61.4669582937273,113.874639227031,4.20215338268118
601.28100513488,205.663633974853,3.98964990515059
250.192278941506,227.688950151083,3.92891018459304
571.398542873359,425.738932290718,3.82497985859892
301.853825760182,136.493095937183,4.05939732130548
532.730422993437,460.07430777886,3.68542041349316
55.7761153715492,417.080360867313,3.89467918713079
203.020042341993,303.296636945133,3.89891478074905
549.569141992016,259.144039580851,3.95445200071024
186.213640013951,20.1887023773158,4.28998257484513
504.390220776698,342.330995423194,4.33797331664874
45.9085233704646,58.8094166749666,3.83781827631013
531.295303146401,160.842357422777,4.13326814301511
NA,NA,NA
662.55128043223,333.073605201338,3.45805298678332
454.350220843495,299.751410231453,3.46716924183361
12.7125046725661,494.361662305603,3.77862673135378
560.220897862613,48.2284685920979,4.066028402708
71.5570901265519,372.799921733778,3.8310976863486
223.705125574626,414.524280531936,3.86332293451512
427.347815601421,11.9798603906261,3.32681911115663
364.408171018924,288.93387019733,2.96904108684376
598.601871150651,103.412570440979,4.24102978120189
391.194037973004,226.04398507481,4.23310501889635
568.534640614952,404.738380444852,4.76102748676717
139.276708710587,284.065777003612,4.48110139686591
198.120959584858,366.172400609629,4.04369642139469
124.552178638358,409.401568459246,3.31501380506314
623.380612688316,312.363294692676,4.4737929498378
0.818570752144053,149.445075303712,4.2928711721939
544.68552665256,204.167740959864,4.12642995653739
35.5955550270007,490.116494460278,3.02009598775363
279.404269364979,24.534941303164,3.99637678564124
534.511152120615,393.776338699601,3.28867282837225
68.4591350356784,77.7147849961107,5.28339987161035
5.15525722104467,77.0668556105816,3.61747253784951
587.840422260461,227.339662441455,4.03829343859669
443.255405556007,459.050111199586,4.8460606362286
656.991443219808,374.820123904374,3.08611049220211
104.850418682927,487.140783897611,4.32278558904346
625.286155620369,90.7228896063687,4.0603428177205
419.694460939006,256.196419237391,3.68055424208602
11.2237390638927,180.011326050276,3.31128977936266
61.4669582937273,113.874639227031,4.20215338268118
601.28100513488,205.663633974853,3.98964990515059
250.192278941506,227.688950151083,3.92891018459304
571.398542873359,425.738932290718,3.82497985859892
301.853825760182,136.493095937183,4.05939732130548
532.730422993437,460.07430777886,3.68542041349316
55.7761153715492,417.080360867313,3.89467918713079
203.020042341993,303.296636945133,3.89891478074905
549.569141992016,259.144039580851,3.95445200071024
186.213640013951,20.1887023773158,4.28998257484513
504.390220776698,342.330995423194,4.33797331664874
45.9085233704646,58.8094166749666,3.83781827631013
531.295303146401,160.842357422777,4.13326814301511
NA,NA,NA
662.55128043223,333.073605201338,3.45805298678332
454.350220843495,299.751410231453,3.46716924183361
12.7125046725661,494.361662305603,3.77862673135378
560.220897862613,48.2284685920979,4.066028402708
71.5570901265519,372.799921733778,3.8310976863486
223.705125574626,414.524280531936,3.86332293451512
427.347815601421,11.9798603906261,3.32681911115663
364.408171018924,288.93387019733,2.96904108684376
598.601871150651,103.412570440979,4.24102978120189
391.194037973004,226.04398507481,4.23310501889635
568.534640614952,404.738380444852,4.76102748676717
139.276708710587,284.065777003612,4.48110139686591
198.120959584858,366.172400609629,4.04369642139469
124.552178638358,409.401568459246,3.31501380506314
623.380612688316,312.363294692676,4.4737929498378
0.818570752144053,149.445075303712,4.2928711721939
544.68552665256,204.167740959864,4.12642995653739
35.5955550270007,490.116494460278,3.02009598775363
279.404269364979,24.534941303164,3.99637678564124
534.511152120615,393.776338699601,3.28867282837225
68.4591350356784,77.7147849961107,5.28339987161035
5.15525722104467,77.0668556105816,3.61747253784951
587.840422260461,227.339662441455,4.03829343859669
443.255405556007,459.050111199586,4.8460606362286
656.991443219808,374.820123904374,3.08611049220211
104.850418682927,487.140783897611,4.32278558904346
625.286155620369,90.7228896063687,4.0603428177205
419.694460939006,256.196419237391,3.68055424208602
11.2237390638927,180.011326050276,3.31128977936266
61.4669582937273,113.874639227031,4.20215338268118
601.28100513488,205.663633974853,3.98964990515059
250.192278941506,227.688950151083,3.92891018459304
571.398542873359,425.738932290718,3.82497985859892
301.853825760182,136.493095937183,4.05939732130548
532.730422993437,460.07430777886,3.68542041349316
55.7761153715492,417.080360867313,3.89467918713079
203.020042341993,303.296636945133,3.89891478074905
549.569141992016,259.144039580851,3.95445200071024
186.213640013951,20.1887023773158,4.28998257484513
504.390220776698,342.330995423194,4.33797331664874
45.9085233704646,58.8094166749666,3.83781827631013
531.295303146401,160.842357422777,4.13326814301511
NA,NA,NA
663.690556757771,336.716857131782,3.36647182004466
456.301764846298,301.862249021045,3.68213947953656
7.70972332896596,492.921389441304,3.53816691301958
563.464111816963,49.874686657625,4.33566823644822
72.7261196439626,371.070988695842,3.94382044530659
232.167503080145,416.851337799371,3.81677421530283
426.262964164017,14.3307435780669,3.15583422458401
360.37187064995,293.185311332554,3.0870459972771
602.56933585445,105.039973093524,4.21746357531956
395.076011191823,225.965259756293,4.12665028629836
566.572988643852,406.515159151495,4.67637623119285
148.678912132955,280.677220325649,4.55502365237485
202.60769262776,361.94182858188,3.98497817284814
130.00957294237,409.597945079499,3.38507075785639
628.837248031817,312.631919978874,4.56291545242596
-1.66218400328291,151.347724426306,4.27660783956888
544.72095601669,202.710197926519,3.9871123513194
33.2686733583286,492.838779569771,3.05646653615242
279.766952143898,21.7738984006344,4.01249930868154
534.868395098456,394.794449218043,3.42348631420562
70.0994731884044,79.8724523585587,5.32026681382931
4.87785332750513,75.7483202856265,3.66112080933722
586.935870553672,228.86483215224,4.02726012425203
441.089050951382,457.571496729604,4.66965427564865
661.493452827366,372.449341828797,3.02648781737918
100.348248157766,488.082650999475,4.30570626699975
623.973470997572,93.5386628461328,4.1303951985639
417.268016222931,259.057515256779,3.64107926508062
10.5269977773498,183.720921352347,3.2441062477752
66.51469317646,122.036371333204,4.50568484978371
610.421067931558,196.656394867371,4.18550322124134
260.454747512775,219.974623851976,3.71814816400248
577.620470369573,430.074320705418,3.95337800389749
296.54584629971,133.139589703532,3.86012708433913
529.482128458995,462.721870639798,3.77078951756655
49.6536621479345,422.222229645021,3.87230770293427
193.890150452813,289.615827081894,3.73801571058002
550.319267315404,265.018583557896,3.83188445262272
183.084575721926,19.5278555697141,4.77139797539603
499.353423476022,338.954331764788,4.30303543987045
38.8126074654784,48.6039212870989,4.25670659345348
539.573823651875,164.245067833469,4.51860770934352
NA,NA,NA
663.690556757771,336.716857131782,3.36647182004466
456.301764846298,301.862249021045,3.68213947953656
7.70972332896596,492.921389441304,3.53816691301958
563.464111816963,49.874686657625,4.33566823644822
72.7261196439626,371.070988695842,3.94382044530659
232.167503080145,416.851337799371,3.81677421530283
426.262964164017,14.3307435780669,3.15583422458401
360.37187064995,293.185311332554,3.0870459972771
602.56933585445,105.039973093524,4.21746357531956
395.076011191823,225.965259756293,4.12665028629836
566.572988643852,406.515159151495,4.67637623119285
148.678912132955,280.677220325649,4.55502365237485
202.60769262776,361.94182858188,3.98497817284814
130.00957294237,409.597945079499,3.38507075785639
628.837248031817,312.631919978874,4.56291545242596
-1.66218400328291,151.347724426306,4.27660783956888
544.72095601669,202.710197926519,3.9871123513194
33.2686733583286,492.838779569771,3.05646653615242
279.766952143898,21.7738984006344,4.01249930868154
534.868395098456,394.794449218043,3.42348631420562
70.0994731884044,79.8724523585587,5.32026681382931
4.87785332750513,75.7483202856265,3.66112080933722
586.935870553672,228.86483215224,4.02726012425203
441.089050951382,457.571496729604,4.66965427564865
661.493452827366,372.449341828797,3.02648781737918
100.348248157766,488.082650999475,4.30570626699975
623.973470997572,93.5386628461328,4.1303951985639
417.268016222931,259.057515256779,3.64107926508062
10.5269977773498,183.720921352347,3.2441062477752
66.51469317646,122.036371333204,4.50568484978371
610.421067931558,196.656394867371,4.18550322124134
260.454747512775,219.974623851976,3.71814816400248
577.620470369573,430.074320705418,3.95337800389749
296.54584629971,133.139589703532,3.86012708433913
529.482128458995,462.721870639798,3.77078951756655
49.6536621479345,422.222229645021,3.87230770293427
193.890150452813,289.615827081894,3.73801571058002
550.319267315404,265.018583557896,3.83188445262272
183.084575721926,19.5278555697141,4.77139797539603
499.353423476022,338.954331764788,4.30303543987045
38.8126074654784,48.6039212870989,4.25670659345348
539.573823651875,164.245067833469,4.51860770934352
NA,NA,NA
663.690556757771,336.716857131782,3.36647182004466
456.301764846298,301.862249021045,3.68213947953656
7.70972332896596,492.921389441304,3.53816691301958
563.464111816963,49.874686657625,4.33566823644822
72.7261196439626,371.070988695842,3.94382044530659
232.167503080145,416.851337799371,3.81677421530283
426.262964164017,14.3307435780669,3.15583422458401
360.37187064995,293.185311332554,3.0870459972771
602.56933585445,105.039973093524,4.21746357531956
395.076011191823,225.965259756293,4.12665028629836
566.572988643852,406.515159151495,4.67637623119285
148.678912132955,280.677220325649,4.55502365237485
202.60769262776,361.94182858188,3.98497817284814
130.00957294237,409.597945079499,3.38507075785639
628.837248031817,312.631919978874,4.56291545242596
-1.66218400328291,151.347724426306,4.27660783956888
544.72095601669,202.710197926519,3.9871123513194
33.2686733583286,492.838779569771,3.05646653615242
279.766952143898,21.7738984006344,4.01249930868154
534.868395098456,394.794449218043,3.42348631420562
70.0994731884044,79.8724523585587,5.32026681382931
4.87785332750513,75.7483202856265,3.66112080933722
586.935870553672,228.86483215224,4.02726012425203
441.089050951382,457.571496729604,4.66965427564865
661.493452827366,372.449341828797,3.02648781737918
100.348248157766,488.082650999475,4.30570626699975
623.973470997572,93.5386628461328,4.1303951985639
417.268016222931,259.057515256779,3.64107926508062
10.5269977773498,183.720921352347,3.2441062477752
66.51469317646,122.036371333204,4.50568484978371
610.421067931558,196.656394867371,4.18550322124134
260.454747512775,219.974623851976,3.71814816400248
577.620470369573,430.074320705418,3.95337800389749
296.54584629971,133.139589703532,3.86012708433913
529.482128458995,462.721870639798,3.77078951756655
49.6536621479345,422.222229645021,3.87230770293427
193.890150452813,289.615827081894,3.73801571058002
550.319267315404,265.018583557896,3.83188445262272
183.084575721926,19.5278555697141,4.77139797539603
499.353423476022,338.954331764788,4.30303543987045
38.8126074654784,48.6039212870989,4.25670659345348
539.573823651875,164.245067833469,4.51860770934352
NA,NA,NA
663.690556757771,336.716857131782,3.36647182004466
456.301764846298,301.862249021045,3.68213947953656
7.70972332896596,492.921389441304,3.53816691301958
563.464111816963,49.874686657625,4.33566823644822
72.7261196439626,371.070988695842,3.94382044530659
232.167503080145,416.851337799371,3.81677421530283
426.262964164017,14.3307435780669,3.15583422458401
360.37187064995,293.185311332554,3.0870459972771
602.56933585445,105.039973093524,4.21746357531956
395.076011191823,225.965259756293,4.12665028629836
566.572988643852,406.515159151495,4.67637623119285
148.678912132955,280.677220325649,4.55502365237485
202.60769262776,361.94182858188,3.98497817284814
130.00957294237,409.597945079499,3.38507075785639
628.837248031817,312.631919978874,4.56291545242596
-1.66218400328291,151.347724426306,4.27660783956888
544.72095601669,202.710197926519,3.9871123513194
33.2686733583286,492.838779569771,3.05646653615242
279.766952143898,21.7738984006344,4.01249930868154
534.868395098456,394.794449218043,3.42348631420562
70.0994731884044,79.8724523585587,5.32026681382931
4.87785332750513,75.7483202856265,3.66112080933722
586.935870553672,228.86483215224,4.02726012425203
441.089050951382,457.571496729604,4.66965427564865
661.493452827366,372.449341828797,3.02648781737918
100.348248157766,488.082650999475,4.30570626699975
623.973470997572,93.5386628461328,4.1303951985639
417.268016222931,259.057515256779,3.64107926508062
10.5269977773498,183.720921352347,3.2441062477752
66.51469317646,122.036371333204,4.50568484978371
610.421067931558,196.656394867371,4.18550322124134
260.454747512775,219.974623851976,3.71814816400248
577.620470369573,430.074320705418,3.95337800389749
296.54584629971,133.139589703532,3.86012708433913
529.482128458995,462.721870639798,3.77078951756655
49.6536621479345,422.222229645021,3.87230770293427
193.890150452813,289.615827081894,3.73801571058002
550.319267315404,265.018583557896,3.83188445262272
183.084575721926,19.5278555697141,4.77139797539603
499.353423476022,338.954331764788,4.30303543987045
38.8126074654784,48.6039212870989,4.25670659345348
539.573823651875,164.245067833469,4.51860770934352
NA,NA,NA
663.690556757771,336.716857131782,3.36647182004466
456.301764846298,301.862249021045,3.68213947953656
7.70972332896596,492.921389441304,3.53816691301958
563.464111816963,49.874686657625,4.33566823644822
72.7261196439626,371.070988695842,3.94382044530659
232.167503080145,416.851337799371,3.81677421530283
426.262964164017,14.3307435780669,3.15583422458401
360.37187064995,293.185311332554,3.0870459972771
602.56933585445,105.039973093524,4.21746357531956
395.076011191823,225.965259756293,4.12665028629836
566.572988643852,406.515159151495,4.67637623119285
148.678912132955,280.677220325649,4.55502365237485
202.60769262776,361.94182858188,3.98497817284814
130.00957294237,409.597945079499,3.38507075785639
628.837248031817,312.631919978874,4.56291545242596
-1.66218400328291,151.347724426306,4.27660783956888
544.72095601669,202.710197926519,3.9871123513194
33.2686733583286,492.838779569771,3.05646653615242
279.766952143898,21.7738984006344,4.01249930868154
534.868395098456,394.794449218043,3.42348631420562
70.0994731884044,79.8724523585587,5.32026681382931
4.87785332750513,75.7483202856265,3.66112080933722
586.935870553672,228.86483215224,4.02726012425203
441.089050951382,457.571496729604,4.66965427564865
661.493452827366,372.449341828797,3.02648781737918
100.348248157766,488.082650999475,4.30570626699975
623.973470997572,93.5386628461328,4.1303951985639
417.268016222931,259.057515256779,3.64107926508062
10.5269977773498,183.720921352347,3.2441062477752
66.51469317646,122.036371333204,4.50568484978371
610.421067931558,196.656394867371,4.18550322124134
260.454747512775,219.974623851976,3.71814816400248
577.620470369573,430.074320705418,3.95337800389749
296.54584629971,133.139589703532,3.86012708433913
529.482128458995,462.721870639798,3.77078951756655
49.6536621479345,422.222229645021,3.87230770293427
193.890150452813,289.615827081894,3.73801571058002
550.319267315404,265.018583557896,3.83188445262272
183.084575721926,19.5278555697141,4.77139797539603
499.353423476022,338.954331764788,4.30303543987045
38.8126074654784,48.6039212870989,4.25670659345348
539.573823651875,164.245067833469,4.51860770934352
NA,NA,NA
663.690556757771,336.716857131782,3.36647182004466
456.301764846298,301.862249021045,3.68213947953656
7.70972332896596,492.921389441304,3.53816691301958
563.464111816963,49.874686657625,4.33566823644822
72.7261196439626,371.070988695842,3.94382044530659
232.167503080145,416.851337799371,3.81677421530283
426.262964164017,14.3307435780669,3.15583422458401
360.37187064995,293.185311332554,3.0870459972771
602.56933585445,105.039973093524,4.21746357531956
395.076011191823,225.965259756293,4.12665028629836
566.572988643852,406.515159151495,4.67637623119285
148.678912132955,280.677220325649,4.55502365237485
202.60769262776,361.94182858188,3.98497817284814
130.00957294237,409.597945079499,3.38507075785639
628.837248031817,312.631919978874,4.56291545242596
-1.66218400328291,151.347724426306,4.27660783956888
544.72095601669,202.710197926519,3.9871123513194
33.2686733583286,492.838779569771,3.05646653615242
279.766952143898,21.7738984006344,4.01249930868154
534.868395098456,394.794449218043,3.42348631420562
70.0994731884044,79.8724523585587,5.32026681382931
4.87785332750513,75.7483202856265,3.66112080933722
586.935870553672,228.86483215224,4.02726012425203
441.089050951382,457.571496729604,4.66965427564865
661.493452827366,372.449341828797,3.02648781737918
100.348248157766,488.082650999475,4.30570626699975
623.973470997572,93.5386628461328,4.1303951985639
417.268016222931,259.057515256779,3.64107926508062
10.5269977773498,183.720921352347,3.2441062477752
66.51469317646,122.036371333204,4.50568484978371
610.421067931558,196.656394867371,4.18550322124134
260.454747512775,219.974623851976,3.71814816400248
577.620470369573,430.074320705418,3.95337800389749
296.54584629971,133.139589703532,3.86012708433913
529.482128458995,462.721870639798,3.77078951756655
49.6536621479345,422.222229645021,3.87230770293427
193.890150452813,289.615827081894,3.73801571058002
550.319267315404,265.018583557896,3.83188445262272
183.084575721926,19.5278555697141,4.77139797539603
499.353423476022,338.954331764788,4.30303543987045
38.8126074654784,48.6039212870989,4.25670659345348
539.573823651875,164.245067833469,4.51860770934352
NA,NA,NA
661.123815031021,337.094629042323,3.54040663338386
457.449920952127,299.594521399856,3.58648045247873
7.67024574898268,495.300001786301,3.45364508527144
561.038302040351,51.9686147680671,4.26783259481258
66.7732296237912,372.484700177059,3.86023022300189
232.075370736475,416.726306696234,3.85285206825941
426.667596548726,13.5944923311399,3.07112027948994
361.791432281656,293.257999238034,3.18547438127016
607.085463509057,110.904324810592,4.25317727971521
396.370770365906,230.28544218865,4.26756362096137
569.454374894908,402.478841274839,4.7041262258238
145.248578655493,274.86293710714,4.53806516840766
200.237438270519,363.904532297359,4.0781160131708
122.986327357906,409.573793709749,3.51798302262453
626.012540147393,315.93507284709,4.49927796216592
-0.691978465949065,146.034771520058,4.26238889548297
543.534002935115,208.827895268074,4.11811833249313
35.0348752288482,489.657294676737,3.07524911987808
279.514565382291,20.2265645988723,3.86199510725
532.142317743779,390.369501960824,3.40997409124591
67.4731000122853,82.7927607443356,5.29221047031438
5.52457243153439,74.3523308233701,3.58320538147839
591.987693653713,229.896039839566,3.98139338100165
437.875465233217,461.851543156205,4.76360430792338
657.775079399558,372.168030137394,2.98014146104281
98.5481991104427,487.772483129884,4.36856357716655
626.21997166413,95.2506177469037,4.09745980747443
418.792458436259,258.459059623316,3.69147202072785
9.0239361581611,182.714260234588,3.1875915873282
57.6332801034265,115.914174207299,4.57913230197016
605.071945343881,208.925207450065,4.33332855117329
250.848619756315,217.466468448663,4.12832695151948
572.493659511152,423.270083651971,3.70662721931699
296.45317230509,134.900205236061,3.85119046528342
524.765102163013,459.919284626336,3.82219472234419
49.6497462158066,420.288648160837,4.01096599277144
205.24522733016,299.221090738494,3.78349291363158
547.188581793433,265.842670117201,3.71532420698068
171.310542717349,33.407906868207,4.04299304883587
499.084790831368,341.931428997792,4.51662723010947
28.4554358200583,46.7760327140116,3.70863577299544
531.394370478658,156.314236511765,4.38401858128899
NA,NA,NA
661.123815031021,337.094629042323,3.54040663338386
457.449920952127,299.594521399856,3.58648045247873
7.67024574898268,495.300001786301,3.45364508527144
561.038302040351,51.9686147680671,4.26783259481258
66.7732296237912,372.484700177059,3.86023022300189
232.075370736475,416.726306696234,3.85285206825941
426.667596548726,13.5944923311399,3.07112027948994
361.791432281656,293.257999238034,3.18547438127016
607.085463509057,110.904324810592,4.25317727971521
396.370770365906,230.28544218865,4.26756362096137
569.454374894908,402.478841274839,4.7041262258238
145.248578655493,274.86293710714,4.53806516840766
200.237438270519,363.904532297359,4.0781160131708
122.986327357906,409.573793709749,3.51798302262453
626.012540147393,315.93507284709,4.49927796216592
-0.691978465949065,146.034771520058,4.26238889548297
543.534002935115,208.827895268074,4.11811833249313
35.0348752288482,489.657294676737,3.07524911987808
279.514565382291,20.2265645988723,3.86199510725
532.142317743779,390.369501960824,3.40997409124591
67.4731000122853,82.7927607443356,5.29221047031438
5.52457243153439,74.3523308233701,3.58320538147839
591.987693653713,229.896039839566,3.98139338100165
437.875465233217,461.851543156205,4.76360430792338
657.775079399558,372.168030137394,2.98014146104281
98.5481991104427,487.772483129884,4.36856357716655
626.21997166413,95.2506177469037,4.09745980747443
418.792458436259,258.459059623316,3.69147202072785
9.0239361581611,182.714260234588,3.1875915873282
57.6332801034265,115.914174207299,4.57913230197016
605.071945343881,208.925207450065,4.33332855117329
250.848619756315,217.466468448663,4.12832695151948
572.493659511152,423.270083651971,3.70662721931699
296.45317230509,134.900205236061,3.85119046528342
524.765102163013,459.919284626336,3.82219472234419
49.6497462158066,420.288648160837,4.01096599277144
205.24522733016,299.221090738494,3.78349291363158
547.188581793433,265.842670117201,3.71532420698068
171.310542717349,33.407906868207,4.04299304883587
499.084790831368,341.931428997792,4.51662723010947
28.4554358200583,46.7760327140116,3.70863577299544
531.394370478658,156.314236511765,4.38401858128899
NA,NA,NA
661.123815031021,337.094629042323,3.54040663338386
457.449920952127,299.594521399856,3.58648045247873
7.67024574898268,495.300001786301,3.45364508527144
561.038302040351,51.9686147680671,4.26783259481258
66.7732296237912,372.484700177059,3.86023022300189
232.075370736475,416.726306696234,3.85285206825941
426.667596548726,13.5944923311399,3.07112027948994
361.791432281656,293.257999238034,3.18547438127016
607.085463509057,110.904324810592,4.25317727971521
396.370770365906,230.28544218865,4.26756362096137
569.454374894908,402.478841274839,4.7041262258238
145.248578655493,274.86293710714,4.53806516840766
200.237438270519,363.904532297359,4.0781160131708
122.986327357906,409.573793709749,3.51798302262453
626.012540147393,315.93507284709,4.49927796216592
-0.691978465949065,146.034771520058,4.26238889548297
543.534002935115,208.827895268074,4.11811833249313
35.0348752288482,489.657294676737,3.07524911987808
279.514565382291,20.2265645988723,3.86199510725
532.142317743779,390.369501960824,3.40997409124591
67.4731000122853,82.7927607443356,5.29221047031438
5.52457243153439,74.3523308233701,3.58320538147839
591.987693653713,229.896039839566,3.98139338100165
437.875465233217,461.851543156205,4.76360430792338
657.775079399558,372.168030137394,2.98014146104281
98.5481991104427,487.772483129884,4.36856357716655
626.21997166413,95.2506177469037,4.09745980747443
418.792458436259,258.459059623316,3.69147202072785
9.0239361581611,182.714260234588,3.1875915873282
57.6332801034265,115.914174207299,4.57913230197016
605.071945343881,208.925207450065,4.33332855117329
250.848619756315,217.466468448663,4.12832695151948
572.493659511152,423.270083651971,3.70662721931699
296.45317230509,134.900205236061,3.85119046528342
524.765102163013,459.919284626336,3.82219472234419
49.6497462158066,420.288648160837,4.01096599277144
205.24522733016,299.221090738494,3.78349291363158
547.188581793433,265.842670117201,3.71532420698068
171.310542717349,33.407906868207,4.04299304883587
499.084790831368,341.931428997792,4.51662723010947
28.4554358200583,46.7760327140116,3.70863577299544
531.394370478658,156.314236511765,4.38401858128899
NA,NA,NA
661.123815031021,337.094629042323,3.54040663338386
457.449920952127,299.594521399856,3.58648045247873
7.67024574898268,495.300001786301,3.45364508527144
561.038302040351,51.9686147680671,4.26783259481258
66.7732296237912,372.484700177059,3.86023022300189
232.075370736475,416.726306696234,3.85285206825941
426.667596548726,13.5944923311399,3.07112027948994
361.791432281656,293.257999238034,3.18547438127016
607.085463509057,110.904324810592,4.25317727971521
396.370770365906,230.28544218865,4.26756362096137
569.454374894908,402.478841274839,4.7041262258238
145.248578655493,274.86293710714,4.53806516840766
200.237438270519,363.904532297359,4.0781160131708
122.986327357906,409.573793709749,3.51798302262453
626.012540147393,315.93507284709,4.49927796216592
-0.691978465949065,146.034771520058,4.26238889548297
543.534002935115,208.827895268074,4.11811833249313
35.0348752288482,489.657294676737,3.07524911987808
279.514565382291,20.2265645988723,3.86199510725
532.142317743779,390.369501960824,3.40997409124591
67.4731000122853,82.7927607443356,5.29221047031438
5.52457243153439,74.3523308233701,3.58320538147839
591.987693653713,229.896039839566,3.98139338100165
437.875465233217,461.851543156205,4.76360430792338
657.775079399558,372.168030137394,2.98014146104281
98.5481991104427,487.772483129884,4.36856357716655
626.21997166413,95.2506177469037,4.09745980747443
418.792458436259,258.459059623316,3.69147202072785
9.0239361581611,182.714260234588,3.1875915873282
57.6332801034265,115.914174207299,4.57913230197016
605.071945343881,208.925207450065,4.33332855117329
250.848619756315,217.466468448663,4.12832695151948
572.493659511152,423.270083651971,3.70662721931699
296.45317230509,134.900205236061,3.85119046528342
524.765102163013,459.919284626336,3.82219472234419
49.6497462158066,420.288648160837,4.01096599277144
205.24522733016,299.221090738494,3.78349291363158
547.188581793433,265.842670117201,3.71532420698068
171.310542717349,33.407906868207,4.04299304883587
499.084790831368,341.931428997792,4.51662723010947
28.4554358200583,46.7760327140116,3.70863577299544
531.394370478658,156.314236511765,4.38401858128899
NA,NA,NA
661.123815031021,337.094629042323,3.54040663338386
457.449920952127,299.594521399856,3.58648045247873
7.67024574898268,495.300001786301,3.45364508527144
561.038302040351,51.9686147680671,4.26783259481258
66.7732296237912,372.484700177059,3.86023022300189
232.075370736475,416.726306696234,3.85285206825941
426.667596548726,13.5944923311399,3.07112027948994
361.791432281656,293.257999238034,3.18547438127016
607.085463509057,110.904324810592,4.25317727971521
396.370770365906,230.28544218865,4.26756362096137
569.454374894908,402.478841274839,4.7041262258238
145.248578655493,274.86293710714,4.53806516840766
200.237438270519,363.904532297359,4.0781160131708
122.986327357906,409.573793709749,3.51798302262453
626.012540147393,315.93507284709,4.49927796216592
-0.691978465949065,146.034771520058,4.26238889548297
543.534002935115,208.827895268074,4.11811833249313
35.0348752288482,489.657294676737,3.07524911987808
279.514565382291,20.2265645988723,3.86199510725
532.142317743779,390.369501960824,3.40997409124591
67.4731000122853,82.7927607443356,5.29221047031438
5.52457243153439,74.3523308233701,3.58320538147839
591.987693653713,229.896039839566,3.98139338100165
437.875465233217,461.851543156205,4.76360430792338
657.775079399558,372.168030137394,2.98014146104281
98.5481991104427,487.772483129884,4.36856357716655
626.21997166413,95.2506177469037,4.09745980747443
418.792458436259,258.459059623316,3.69147202072785
9.0239361581611,182.714260234588,3.1875915873282
57.6332801034265,115.914174207299,4.57913230197016
605.071945343881,208.925207450065,4.33332855117329
250.848619756315,217.466468448663,4.12832695151948
572.493659511152,423.270083651971,3.70662721931699
296.45317230509,134.900205236061,3.85119046528342
524.765102163013,459.919284626336,3.82219472234419
49.6497462158066,420.288648160837,4.01096599277144
205.24522733016,299.221090738494,3.78349291363158
547.188581793433,265.842670117201,3.71532420698068
171.310542717349,33.407906868207,4.04299304883587
499.084790831368,341.931428997792,4.51662723010947
28.4554358200583,46.7760327140116,3.70863577299544
531.394370478658,156.314236511765,4.38401858128899
NA,NA,NA
661.123815031021,337.094629042323,3.54040663338386
457.449920952127,299.594521399856,3.58648045247873
7.67024574898268,495.300001786301,3.45364508527144
561.038302040351,51.9686147680671,4.26783259481258
66.7732296237912,372.484700177059,3.86023022300189
232.075370736475,416.726306696234,3.85285206825941
426.667596548726,13.5944923311399,3.07112027948994
361.791432281656,293.257999238034,3.18547438127016
607.085463509057,110.904324810592,4.25317727971521
396.370770365906,230.28544218865,4.26756362096137
569.454374894908,402.478841274839,4.7041262258238
145.248578655493,274.86293710714,4.53806516840766
200.237438270519,363.904532297359,4.0781160131708
122.986327357906,409.573793709749,3.51798302262453
626.012540147393,315.93507284709,4.49927796216592
-0.691978465949065,146.034771520058,4.26238889548297
543.534002935115,208.827895268074,4.11811833249313
35.0348752288482,489.657294676737,3.07524911987808
279.514565382291,20.2265645988723,3.86199510725
532.142317743779,390.369501960824,3.40997409124591
67.4731000122853,82.7927607443356,5.29221047031438
5.52457243153439,74.3523308233701,3.58320538147839
591.987693653713,229.896039839566,3.98139338100165
437.875465233217,461.851543156205,4.76360430792338
657.775079399558,372.168030137394,2.98014146104281
98.5481991104427,487.772483129884,4.36856357716655
626.21997166413,95.2506177469037,4.09745980747443
418.792458436259,258.459059623316,3.69147202072785
9.0239361581611,182.714260234588,3.1875915873282
57.6332801034265,115.914174207299,4.57913230197016
605.071945343881,208.925207450065,4.33332855117329
250.848619756315,217.466468448663,4.12832695151948
572.493659511152,423.270083651971,3.70662721931699
296.45317230509,134.900205236061,3.85119046528342
524.765102163013,459.919284626336,3.82219472234419
49.6497462158066,420.288648160837,4.01096599277144
205.24522733016,299.221090738494,3.78349291363158
547.188581793433,265.842670117201,3.71532420698068
171.310542717349,33.407906868207,4.04299304883587
499.084790831368,341.931428997792,4.51662723010947
28.4554358200583,46.7760327140116,3.70863577299544
531.394370478658,156.314236511765,4.38401858128899
NA,NA,NA
661.532058897937,332.847554108687,3.40982990348352
458.549354023592,301.238588910782,3.56348719585046
10.2450452806632,493.969670070735,3.40470166963309
560.909967504623,48.6262763496436,4.10722670366176
71.0544084312373,371.374541222531,4.07485375621497
228.944131488464,418.520944909282,3.88906815875768
425.766053766249,12.1794290783086,3.31192730784963
363.01177237923,292.820221065465,3.05289334170432
602.922409150533,101.555988702921,4.13908652627575
399.789924235376,233.729029290441,4.17878216565142
569.578601282196,413.823398478451,4.71307320885102
145.649666383258,281.164433607531,4.55444699076944
202.429525764702,370.329618941745,4.17614788040284
124.53878210392,412.497806096788,3.49430592069468
625.315534951766,311.133388702144,4.53485548937259
5.27087139997226,150.962863698674,4.3326814468908
540.38577144611,202.290271146565,4.22843964061227
35.9086624595211,491.531205018819,2.90098468627117
281.68878165587,24.0751526909842,4.06497648265077
537.20956161298,392.184002939546,3.29463866113394
75.567694585741,71.8076120218198,5.20625870583895
3.25776570411429,78.0915541236616,3.46397189245537
587.320220705751,228.822599943022,4.07928332506729
436.366072735937,463.92394783753,4.86930357151024
658.452433791158,375.548319513585,3.03036703211091
105.43032006717,485.175107748595,4.35665922706078
626.098156639992,93.0857759173985,4.04381944040142
421.102608636891,257.519857396525,3.57435087840587
11.6114170244498,180.374731454571,3.35066974129853
57.4247618906989,117.580707743287,4.35989976300512
604.837439009112,201.093318141002,3.85692785751538
253.16089548832,223.93064861289,3.52252168201785
568.352170697286,440.048254001248,3.64394153996687
303.213065981876,134.047772289765,3.9776870344064
530.747219287803,458.522697070499,3.3362639963534
41.1178397991116,425.867950127323,3.88421549557439
201.156697767322,295.657980528881,4.14814943097875
551.198976725295,258.976151560675,3.69407240067372
172.397281441553,40.0152613482565,4.30827313834251
511.198335344342,344.960768807507,4.37834600112468
47.657672284145,53.0307604458568,4.07160996775407
540.930718332101,137.721449887809,4.4805080861178
NA,NA,NA
661.532058897937,332.847554108687,3.40982990348352
458.549354023592,301.238588910782,3.56348719585046
10.2450452806632,493.969670070735,3.40470166963309
560.909967504623,48.6262763496436,4.10722670366176
71.0544084312373,371.374541222531,4.07485375621497
228.944131488464,418.520944909282,3.88906815875768
425.766053766249,12.1794290783086,3.31192730784963
363.01177237923,292.820221065465,3.05289334170432
602.922409150533,101.555988702921,4.13908652627575
399.789924235376,233.729029290441,4.17878216565142
569.578601282196,413.823398478451,4.71307320885102
145.649666383258,281.164433607531,4.55444699076944
202.429525764702,370.329618941745,4.17614788040284
124.53878210392,412.497806096788,3.49430592069468
625.315534951766,311.133388702144,4.53485548937259
5.27087139997226,150.962863698674,4.3326814468908
540.38577144611,202.290271146565,4.22843964061227
35.9086624595211,491.531205018819,2.90098468627117
281.68878165587,24.0751526909842,4.06497648265077
537.20956161298,392.184002939546,3.29463866113394
75.567694585741,71.8076120218198,5.20625870583895
3.25776570411429,78.0915541236616,3.46397189245537
587.320220705751,228.822599943022,4.07928332506729
436.366072735937,463.92394783753,4.86930357151024
658.452433791158,375.548319513585,3.03036703211091
105.43032006717,485.175107748595,4.35665922706078
626.098156639992,93.0857759173985,4.04381944040142
421.102608636891,257.519857396525,3.57435087840587
11.6114170244498,180.374731454571,3.35066974129853
57.4247618906989,117.580707743287,4.35989976300512
604.837439009112,201.093318141002,3.85692785751538
253.16089548832,223.93064861289,3.52252168201785
568.352170697286,440.048254001248,3.64394153996687
303.213065981876,134.047772289765,3.9776870344064
530.747219287803,458.522697070499,3.3362639963534
41.1178397991116,425.867950127323,3.88421549557439
201.156697767322,295.657980528881,4.14814943097875
551.198976725295,258.976151560675,3.69407240067372
172.397281441553,40.0152613482565,4.30827313834251
511.198335344342,344.960768807507,4.37834600112468
47.657672284145,53.0307604458568,4.07160996775407
540.930718332101,137.721449887809,4.4805080861178
NA,NA,NA
661.532058897937,332.847554108687,3.40982990348352
458.549354023592,301.238588910782,3.56348719585046
10.2450452806632,493.969670070735,3.40470166963309
560.909967504623,48.6262763496436,4.10722670366176
71.0544084312373,371.374541222531,4.07485375621497
228.944131488464,418.520944909282,3.88906815875768
425.766053766249,12.1794290783086,3.31192730784963
363.01177237923,292.820221065465,3.05289334170432
602.922409150533,101.555988702921,4.13908652627575
399.789924235376,233.729029290441,4.17878216565142
569.578601282196,413.823398478451,4.71307320885102
145.649666383258,281.164433607531,4.55444699076944
202.429525764702,370.329618941745,4.17614788040284
124.53878210392,412.497806096788,3.49430592069468
625.315534951766,311.133388702144,4.53485548937259
5.27087139997226,150.962863698674,4.3326814468908
540.38577144611,202.290271146565,4.22843964061227
35.9086624595211,491.531205018819,2.90098468627117
281.68878165587,24.0751526909842,4.06497648265077
537.20956161298,392.184002939546,3.29463866113394
75.567694585741,71.8076120218198,5.20625870583895
3.25776570411429,78.0915541236616,3.46397189245537
587.320220705751,228.822599943022,4.07928332506729
436.366072735937,463.92394783753,4.86930357151024
658.452433791158,375.548319513585,3.03036703211091
105.43032006717,485.175107748595,4.35665922706078
626.098156639992,93.0857759173985,4.04381944040142
421.102608636891,257.519857396525,3.57435087840587
11.6114170244498,180.374731454571,3.35066974129853
57.4247618906989,117.580707743287,4.35989976300512
604.837439009112,201.093318141002,3.85692785751538
253.16089548832,223.93064861289,3.52252168201785
568.352170697286,440.048254001248,3.64394153996687
303.213065981876,134.047772289765,3.9776870344064
530.747219287803,458.522697070499,3.3362639963534
41.1178397991116,425.867950127323,3.88421549557439
201.156697767322,295.657980528881,4.14814943097875
551.198976725295,258.976151560675,3.69407240067372
172.397281441553,40.0152613482565,4.30827313834251
511.198335344342,344.960768807507,4.37834600112468
47.657672284145,53.0307604458568,4.07160996775407
540.930718332101,137.721449887809,4.4805080861178
NA,NA,NA
661.532058897937,332.847554108687,3.40982990348352
458.549354023592,301.238588910782,3.56348719585046
10.2450452806632,493.969670070735,3.40470166963309
560.909967504623,48.6262763496436,4.10722670366176
71.0544084312373,371.374541222531,4.07485375621497
228.944131488464,418.520944909282,3.88906815875768
425.766053766249,12.1794290783086,3.31192730784963
363.01177237923,292.820221065465,3.05289334170432
602.922409150533,101.555988702921,4.13908652627575
399.789924235376,233.729029290441,4.17878216565142
569.578601282196,413.823398478451,4.71307320885102
145.649666383258,281.164433607531,4.55444699076944
202.429525764702,370.329618941745,4.17614788040284
124.53878210392,412.497806096788,3.49430592069468
625.315534951766,311.133388702144,4.53485548937259
5.27087139997226,150.962863698674,4.3326814468908
540.38577144611,202.290271146565,4.22843964061227
35.9086624595211,491.531205018819,2.90098468627117
281.68878165587,24.0751526909842,4.06497648265077
537.20956161298,392.184002939546,3.29463866113394
75.567694585741,71.8076120218198,5.20625870583895
3.25776570411429,78.0915541236616,3.46397189245537
587.320220705751,228.822599943022,4.07928332506729
436.366072735937,463.92394783753,4.86930357151024
658.452433791158,375.548319513585,3.03036703211091
105.43032006717,485.175107748595,4.35665922706078
626.098156639992,93.0857759173985,4.04381944040142
421.102608636891,257.519857396525,3.57435087840587
11.6114170244498,180.374731454571,3.35066974129853
57.4247618906989,117.580707743287,4.35989976300512
604.837439009112,201.093318141002,3.85692785751538
253.16089548832,223.93064861289,3.52252168201785
568.352170697286,440.048254001248,3.64394153996687
303.213065981876,134.047772289765,3.9776870344064
530.747219287803,458.522697070499,3.3362639963534
41.1178397991116,425.867950127323,3.88421549557439
201.156697767322,295.657980528881,4.14814943097875
551.198976725295,258.976151560675,3.69407240067372
172.397281441553,40.0152613482565,4.30827313834251
511.198335344342,344.960768807507,4.37834600112468
47.657672284145,53.0307604458568,4.07160996775407
540.930718332101,137.721449887809,4.4805080861178
NA,NA,NA
661.532058897937,332.847554108687,3.40982990348352
458.549354023592,301.238588910782,3.56348719585046
10.2450452806632,493.969670070735,3.40470166963309
560.909967504623,48.6262763496436,4.10722670366176
71.0544084312373,371.374541222531,4.07485375621497
228.944131488464,418.520944909282,3.88906815875768
425.766053766249,12.1794290783086,3.31192730784963
363.01177237923,292.820221065465,3.05289334170432
602.922409150533,101.555988702921,4.13908652627575
399.789924235376,233.729029290441,4.17878216565142
569.578601282196,413.823398478451,4.71307320885102
145.649666383258,281.164433607531,4.55444699076944
202.429525764702,370.329618941745,4.17614788040284
124.53878210392,412.497806096788,3.49430592069468
625.315534951766,311.133388702144,4.53485548937259
5.27087139997226,150.962863698674,4.3326814468908
540.38577144611,202.290271146565,4.22843964061227
35.9086624595211,491.531205018819,2.90098468627117
281.68878165587,24.0751526909842,4.06497648265077
537.20956161298,392.184002939546,3.29463866113394
75.567694585741,71.8076120218198,5.20625870583895
3.25776570411429,78.0915541236616,3.46397189245537
587.320220705751,228.822599943022,4.07928332506729
436.366072735937,463.92394783753,4.86930357151024
658.452433791158,375.548319513585,3.03036703211091
105.43032006717,485.175107748595,4.35665922706078
626.098156639992,93.0857759173985,4.04381944040142
421.102608636891,257.519857396525,3.57435087840587
11.6114170244498,180.374731454571,3.35066974129853
57.4247618906989,117.580707743287,4.35989976300512
604.837439009112,201.093318141002,3.85692785751538
253.16089548832,223.93064861289,3.52252168201785
568.352170697286,440.048254001248,3.64394153996687
303.213065981876,134.047772289765,3.9776870344064
530.747219287803,458.522697070499,3.3362639963534
41.1178397991116,425.867950127323,3.88421549557439
201.156697767322,295.657980528881,4.14814943097875
551.198976725295,258.976151560675,3.69407240067372
172.397281441553,40.0152613482565,4.30827313834251
511.198335344342,344.960768807507,4.37834600112468
47.657672284145,53.0307604458568,4.07160996775407
540.930718332101,137.721449887809,4.4805080861178
NA,NA,NA
661.532058897937,332.847554108687,3.40982990348352
458.549354023592,301.238588910782,3.56348719585046
10.2450452806632,493.969670070735,3.40470166963309
560.909967504623,48.6262763496436,4.10722670366176
71.0544084312373,371.374541222531,4.07485375621497
228.944131488464,418.520944909282,3.88906815875768
425.766053766249,12.1794290783086,3.31192730784963
363.01177237923,292.820221065465,3.05289334170432
602.922409150533,101.555988702921,4.13908652627575
399.789924235376,233.729029290441,4.17878216565142
569.578601282196,413.823398478451,4.71307320885102
145.649666383258,281.164433607531,4.55444699076944
202.429525764702,370.329618941745,4.17614788040284
124.53878210392,412.497806096788,3.49430592069468
625.315534951766,311.133388702144,4.53485548937259
5.27087139997226,150.962863698674,4.3326814468908
540.38577144611,202.290271146565,4.22843964061227
35.9086624595211,491.531205018819,2.90098468627117
281.68878165587,24.0751526909842,4.06497648265077
537.20956161298,392.184002939546,3.29463866113394
75.567694585741,71.8076120218198,5.20625870583895
3.25776570411429,78.0915541236616,3.46397189245537
587.320220705751,228.822599943022,4.07928332506729
436.366072735937,463.92394783753,4.86930357151024
658.452433791158,375.548319513585,3.03036703211091
105.43032006717,485.175107748595,4.35665922706078
626.098156639992,93.0857759173985,4.04381944040142
421.102608636891,257.519857396525,3.57435087840587
11.6114170244498,180.374731454571,3.35066974129853
57.4247618906989,117.580707743287,4.35989976300512
604.837439009112,201.093318141002,3.85692785751538
253.16089548832,223.93064861289,3.52252168201785
568.352170697286,440.048254001248,3.64394153996687
303.213065981876,134.047772289765,3.9776870344064
530.747219287803,458.522697070499,3.3362639963534
41.1178397991116,425.867950127323,3.88421549557439
201.156697767322,295.657980528881,4.14814943097875
551.198976725295,258.976151560675,3.69407240067372
172.397281441553,40.0152613482565,4.30827313834251
511.198335344342,344.960768807507,4.37834600112468
47.657672284145,53.0307604458568,4.07160996775407
540.930718332101,137.721449887809,4.4805080861178
NA,NA,NA
659.983571986651,337.473973787427,3.55211739962071
459.121337422288,299.123015647478,3.63968087432589
13.0798276863623,495.290503808209,3.82671425107065
556.676789994289,51.8688419877278,4.21770099944638
68.2477650541337,377.927061200339,3.96494190666991
234.519593937498,408.481983747228,3.92191104343283
428.810107302819,12.7020101057071,3.53052268648887
361.865492378257,292.517142626079,2.95487435530767
601.859237948163,103.683544255094,4.26827763214723
396.108020982279,230.710108828544,4.14700993313849
576.133047596769,406.326241743453,4.75894673366659
140.887212498818,277.934389744666,4.50425362294894
197.473782061421,368.997506823337,4.0587673794671
122.346259974915,411.095551398639,3.30309015512142
625.737916722689,313.038232226103,4.62549211760186
1.79704966553387,147.412328312956,4.21970842746317
544.009468744131,203.963109325132,3.97627314686115
33.6708721082304,491.799807950222,2.95360866176714
277.435956138048,21.7831362673653,3.76393463885857
532.570732717936,391.105522054233,3.45276754303196
73.5197270348821,73.3310711086343,5.18626322767753
5.33259514429881,78.4795230980122,3.63270933075203
584.252936856563,227.959069054638,3.9312971001264
437.093096671509,463.847880375875,4.8353813985605
660.621566999916,373.17760855766,3.25956378317686
106.498654453288,489.976163968287,4.32014793817364
623.03159442055,91.7794878550144,4.1085113093667
420.763666208547,258.28863352829,3.62442496243391
12.04484675955,179.975906756803,3.15579847277568
62.2767321961623,121.654988512469,4.34695405852432
606.856000130045,199.366488429682,4.0399918834313
264.706956386887,217.646383466577,4.29349537979682
575.778974129506,432.435334240458,3.53167902971974
295.853184536529,137.76563332145,3.94852027676686
526.974192101678,460.043135460491,3.67589741817803
51.8155652330925,411.441656392122,3.90095717573554
198.486469918899,288.279237986157,3.77544790007927
556.169067414991,258.819314336076,3.75794456302195
172.563671209328,19.1972170762955,4.3427232356317
505.656021447134,340.668543110298,4.51016872886996
41.6105720787707,50.3904198069125,3.97045525071815
543.160068726268,160.023756242719,4.72612909368801
NA,NA,NA
659.983571986651,337.473973787427,3.55211739962071
459.121337422288,299.123015647478,3.63968087432589
13.0798276863623,495.290503808209,3.82671425107065
556.676789994289,51.8688419877278,4.21770099944638
68.2477650541337,377.927061200339,3.96494190666991
234.519593937498,408.481983747228,3.92191104343283
428.810107302819,12.7020101057071,3.53052268648887
361.865492378257,292.517142626079,2.95487435530767
601.859237948163,103.683544255094,4.26827763214723
396.108020982279,230.710108828544,4.14700993313849
576.133047596769,406.326241743453,4.75894673366659
140.887212498818,277.934389744666,4.50425362294894
197.473782061421,368.997506823337,4.0587673794671
122.346259974915,411.095551398639,3.30309015512142
625.737916722689,313.038232226103,4.62549211760186
1.79704966553387,147.412328312956,4.21970842746317
544.009468744131,203.963109325132,3.97627314686115
33.6708721082304,491.799807950222,2.95360866176714
277.435956138048,21.7831362673653,3.76393463885857
532.570732717936,391.105522054233,3.45276754303196
73.5197270348821,73.3310711086343,5.18626322767753
5.33259514429881,78.4795230980122,3.63270933075203
584.252936856563,227.959069054638,3.9312971001264
437.093096671509,463.847880375875,4.8353813985605
660.621566999916,373.17760855766,3.25956378317686
106.498654453288,489.976163968287,4.32014793817364
623.03159442055,91.7794878550144,4.1085113093667
420.763666208547,258.28863352829,3.62442496243391
12.04484675955,179.975906756803,3.15579847277568
62.2767321961623,121.654988512469,4.34695405852432
606.856000130045,199.366488429682,4.0399918834313
264.706956386887,217.646383466577,4.29349537979682
575.778974129506,432.435334240458,3.53167902971974
295.853184536529,137.76563332145,3.94852027676686
526.974192101678,460.043135460491,3.67589741817803
51.8155652330925,411.441656392122,3.90095717573554
198.486469918899,288.279237986157,3.77544790007927
556.169067414991,258.819314336076,3.75794456302195
172.563671209328,19.1972170762955,4.3427232356317
505.656021447134,340.668543110298,4.51016872886996
41.6105720787707,50.3904198069125,3.97045525071815
543.160068726268,160.023756242719,4.72612909368801
NA,NA,NA
659.983571986651,337.473973787427,3.55211739962071
459.121337422288,299.123015647478,3.63968087432589
13.0798276863623,495.290503808209,3.82671425107065
556.676789994289,51.8688419877278,4.21770099944638
68.2477650541337,377.927061200339,3.96494190666991
234.519593937498,408.481983747228,3.92191104343283
428.810107302819,12.7020101057071,3.53052268648887
361.865492378257,292.517142626079,2.95487435530767
601.859237948163,103.683544255094,4.26827763214723
396.108020982279,230.710108828544,4.14700993313849
576.133047596769,406.326241743453,4.75894673366659
140.887212498818,277.934389744666,4.50425362294894
197.473782061421,368.997506823337,4.0587673794671
122.346259974915,411.095551398639,3.30309015512142
625.737916722689,313.038232226103,4.62549211760186
1.79704966553387,147.412328312956,4.21970842746317
544.009468744131,203.963109325132,3.97627314686115
33.6708721082304,491.799807950222,2.95360866176714
277.435956138048,21.7831362673653,3.76393463885857
532.570732717936,391.105522054233,3.45276754303196
73.5197270348821,73.3310711086343,5.18626322767753
5.33259514429881,78.4795230980122,3.63270933075203
584.252936856563,227.959069054638,3.9312971001264
437.093096671509,463.847880375875,4.8353813985605
660.621566999916,373.17760855766,3.25956378317686
106.498654453288,489.976163968287,4.32014793817364
623.03159442055,91.7794878550144,4.1085113093667
420.763666208547,258.28863352829,3.62442496243391
12.04484675955,179.975906756803,3.15579847277568
62.2767321961623,121.654988512469,4.34695405852432
606.856000130045,199.366488429682,4.0399918834313
264.706956386887,217.646383466577,4.29349537979682
575.778974129506,432.435334240458,3.53167902971974
295.853184536529,137.76563332145,3.94852027676686
526.974192101678,460.043135460491,3.67589741817803
51.8155652330925,411.441656392122,3.90095717573554
198.486469918899,288.279237986157,3.77544790007927
556.169067414991,258.819314336076,3.75794456302195
172.563671209328,19.1972170762955,4.3427232356317
505.656021447134,340.668543110298,4.51016872886996
41.6105720787707,50.3904198069125,3.97045525071815
543.160068726268,160.023756242719,4.72612909368801
NA,NA,NA
659.983571986651,337.473973787427,3.55211739962071
459.121337422288,299.123015647478,3.63968087432589
13.0798276863623,495.290503808209,3.82671425107065
556.676789994289,51.8688419877278,4.21770099944638
68.2477650541337,377.927061200339,3.96494190666991
234.519593937498,408.481983747228,3.92191104343283
428.810107302819,12.7020101057071,3.53052268648887
361.865492378257,292.517142626079,2.95487435530767
601.859237948163,103.683544255094,4.26827763214723
396.108020982279,230.710108828544,4.14700993313849
576.133047596769,406.326241743453,4.75894673366659
140.887212498818,277.934389744666,4.50425362294894
197.473782061421,368.997506823337,4.0587673794671
122.346259974915,411.095551398639,3.30309015512142
625.737916722689,313.038232226103,4.62549211760186
1.79704966553387,147.412328312956,4.21970842746317
544.009468744131,203.963109325132,3.97627314686115
33.6708721082304,491.799807950222,2.95360866176714
277.435956138048,21.7831362673653,3.76393463885857
532.570732717936,391.105522054233,3.45276754303196
73.5197270348821,73.3310711086343,5.18626322767753
5.33259514429881,78.4795230980122,3.63270933075203
584.252936856563,227.959069054638,3.9312971001264
437.093096671509,463.847880375875,4.8353813985605
660.621566999916,373.17760855766,3.25956378317686
106.498654453288,489.976163968287,4.32014793817364
623.03159442055,91.7794878550144,4.1085113093667
420.763666208547,258.28863352829,3.62442496243391
12.04484675955,179.975906756803,3.15579847277568
62.2767321961623,121.654988512469,4.34695405852432
606.856000130045,199.366488429682,4.0399918834313
264.706956386887,217.646383466577,4.29349537979682
575.778974129506,432.435334240458,3.53167902971974
295.853184536529,137.76563332145,3.94852027676686
526.974192101678,460.043135460491,3.67589741817803
51.8155652330925,411.441656392122,3.90095717573554
198.486469918899,288.279237986157,3.77544790007927
556.169067414991,258.819314336076,3.75794456302195
172.563671209328,19.1972170762955,4.3427232356317
505.656021447134,340.668543110298,4.51016872886996
41.6105720787707,50.3904198069125,3.97045525071815
543.160068726268,160.023756242719,4.72612909368801
NA,NA,NA
659.983571986651,337.473973787427,3.55211739962071
459.121337422288,299.123015647478,3.63968087432589
13.0798276863623,495.290503808209,3.82671425107065
556.676789994289,51.8688419877278,4.21770099944638
68.2477650541337,377.927061200339,3.96494190666991
234.519593937498,408.481983747228,3.92191104343283
428.810107302819,12.7020101057071,3.53052268648887
361.865492378257,292.517142626079,2.95487435530767
601.859237948163,103.683544255094,4.26827763214723
396.108020982279,230.710108828544,4.14700993313849
576.133047596769,406.326241743453,4.75894673366659
140.887212498818,277.934389744666,4.50425362294894
197.473782061421,368.997506823337,4.0587673794671
122.346259974915,411.095551398639,3.30309015512142
625.737916722689,313.038232226103,4.62549211760186
1.79704966553387,147.412328312956,4.21970842746317
544.009468744131,203.963109325132,3.97627314686115
33.6708721082304,491.799807950222,2.95360866176714
277.435956138048,21.7831362673653,3.76393463885857
532.570732717936,391.105522054233,3.45276754303196
73.5197270348821,73.3310711086343,5.18626322767753
5.33259514429881,78.4795230980122,3.63270933075203
584.252936856563,227.959069054638,3.9312971001264
437.093096671509,463.847880375875,4.8353813985605
660.621566999916,373.17760855766,3.25956378317686
106.498654453288,489.976163968287,4.32014793817364
623.03159442055,91.7794878550144,4.1085113093667
420.763666208547,258.28863352829,3.62442496243391
12.04484675955,179.975906756803,3.15579847277568
62.2767321961623,121.654988512469,4.34695405852432
606.856000130045,199.366488429682,4.0399918834313
264.706956386887,217.646383466577,4.29349537979682
575.778974129506,432.435334240458,3.53167902971974
295.853184536529,137.76563332145,3.94852027676686
526.974192101678,460.043135460491,3.67589741817803
51.8155652330925,411.441656392122,3.90095717573554
198.486469918899,288.279237986157,3.77544790007927
556.169067414991,258.819314336076,3.75794456302195
172.563671209328,19.1972170762955,4.3427232356317
505.656021447134,340.668543110298,4.51016872886996
41.6105720787707,50.3904198069125,3.97045525071815
543.160068726268,160.023756242719,4.72612909368801
NA,NA,NA
659.983571986651,337.473973787427,3.55211739962071
459.121337422288,299.123015647478,3.63968087432589
13.0798276863623,495.290503808209,3.82671425107065
556.676789994289,51.8688419877278,4.21770099944638
68.2477650541337,377.927061200339,3.96494190666991
234.519593937498,408.481983747228,3.92191104343283
428.810107302819,12.7020101057071,3.53052268648887
361.865492378257,292.517142626079,2.95487435530767
601.859237948163,103.683544255094,4.26827763214723
396.108020982279,230.710108828544,4.14700993313849
576.133047596769,406.326241743453,4.75894673366659
140.887212498818,277.934389744666,4.50425362294894
197.473782061421,368.997506823337,4.0587673794671
122.346259974915,411.095551398639,3.30309015512142
625.737916722689,313.038232226103,4.62549211760186
1.79704966553387,147.412328312956,4.21970842746317
544.009468744131,203.963109325132,3.97627314686115
33.6708721082304,491.799807950222,2.95360866176714
277.435956138048,21.7831362673653,3.76393463885857
532.570732717936,391.105522054233,3.45276754303196
73.5197270348821,73.3310711086343,5.18626322767753
5.33259514429881,78.4795230980122,3.63270933075203
584.252936856563,227.959069054638,3.9312971001264
437.093096671509,463.847880375875,4.8353813985605
660.621566999916,373.17760855766,3.25956378317686
106.498654453288,489.976163968287,4.32014793817364
623.03159442055,91.7794878550144,4.1085113093667
420.763666208547,258.28863352829,3.62442496243391
12.04484675955,179.975906756803,3.15579847277568
62.2767321961623,121.654988512469,4.34695405852432
606.856000130045,199.366488429682,4.0399918834313
264.706956386887,217.646383466577,4.29349537979682
575.778974129506,432.435334240458,3.53167902971974
295.853184536529,137.76563332145,3.94852027676686
526.974192101678,460.043135460491,3.67589741817803
51.8155652330925,411.441656392122,3.90095717573554
198.486469918899,288.279237986157,3.77544790007927
556.169067414991,258.819314336076,3.75794456302195
172.563671209328,19.1972170762955,4.3427232356317
505.656021447134,340.668543110298,4.51016872886996
41.6105720787707,50.3904198069125,3.97045525071815
543.160068726268,160.023756242719,4.72612909368801
NA,NA,NA
663.682787496266,333.662431975659,3.47182838882657
451.84350335359,302.517600407511,3.66988085598544
12.5787598255886,496.358964702308,3.71375918685604
560.968563141806,53.2564784474326,4.19873923463795
68.2073279035172,376.612940577423,3.9525212248458
227.46023453168,415.427839903811,3.94993060717794
427.284318888651,12.5622251986968,3.32765569809277
362.145655841004,292.453923090423,2.91168623967904
603.690797453053,100.541985422093,4.04220269880894
397.560886542317,226.86904350528,4.22014516236359
563.68764828168,413.157923899629,4.74271080625575
140.734601318764,281.735419755439,4.60011586665183
198.534615288639,369.560429288083,4.03792126527175
124.581093756444,410.332898818158,3.43099188900211
626.719308267851,316.184602332955,4.61226908118014
-3.55888961569253,147.668557766368,4.27172750443249
541.267158479588,204.612462633986,4.14039030895391
34.190577327333,491.892013635355,3.01677590563964
276.517531060891,24.1388340794002,3.98938700990443
534.541438686063,393.608926257889,3.58470849597093
66.8532073282323,73.1252026719753,5.22776956941054
7.2350914340045,77.5041191783044,3.52953252244149
595.071500525678,225.386170740195,4.00440364180839
438.428625505327,462.866085021072,4.76500754078656
657.525003280556,371.530060970345,3.12599451878197
107.126134948887,488.775488809455,4.341739192875
623.723524330688,91.0533881324369,4.06377374416336
416.352533460603,258.179655670531,3.60878843540275
11.0203712503805,181.506740075439,3.19195243876897
70.1611743186168,113.540889794598,4.54897171442098
613.589393407378,211.11562488795,4.18306518307142
253.703239136406,217.363103954344,3.63812745069262
572.373077896469,429.791288295751,3.66652038690719
302.366267228964,133.924166094194,3.87647449121644
527.215984615144,451.446524836848,3.57264643476794
55.0965964979958,414.963033689832,3.91321220694898
207.213203872949,283.392723300206,4.21159166597095
550.716090837916,262.662524906997,3.59382102511439
157.701941474583,36.5550031138918,4.27447871569639
494.689252670327,349.344626318825,4.35535324845785
31.9060608991805,54.8493774200612,3.99006979402455
532.163018457697,156.874006647646,4.57565300340795
NA,NA,NA
663.682787496266,333.662431975659,3.47182838882657
451.84350335359,302.517600407511,3.66988085598544
12.5787598255886,496.358964702308,3.71375918685604
560.968563141806,53.2564784474326,4.19873923463795
68.2073279035172,376.612940577423,3.9525212248458
227.46023453168,415.427839903811,3.94993060717794
427.284318888651,12.5622251986968,3.32765569809277
362.145655841004,292.453923090423,2.91168623967904
603.690797453053,100.541985422093,4.04220269880894
397.560886542317,226.86904350528,4.22014516236359
563.68764828168,413.157923899629,4.74271080625575
140.734601318764,281.735419755439,4.60011586665183
198.534615288639,369.560429288083,4.03792126527175
124.581093756444,410.332898818158,3.43099188900211
626.719308267851,316.184602332955,4.61226908118014
-3.55888961569253,147.668557766368,4.27172750443249
541.267158479588,204.612462633986,4.14039030895391
34.190577327333,491.892013635355,3.01677590563964
276.517531060891,24.1388340794002,3.98938700990443
534.541438686063,393.608926257889,3.58470849597093
66.8532073282323,73.1252026719753,5.22776956941054
7.2350914340045,77.5041191783044,3.52953252244149
595.071500525678,225.386170740195,4.00440364180839
438.428625505327,462.866085021072,4.76500754078656
657.525003280556,371.530060970345,3.12599451878197
107.126134948887,488.775488809455,4.341739192875
623.723524330688,91.0533881324369,4.06377374416336
416.352533460603,258.179655670531,3.60878843540275
11.0203712503805,181.506740075439,3.19195243876897
70.1611743186168,113.540889794598,4.54897171442098
613.589393407378,211.11562488795,4.18306518307142
253.703239136406,217.363103954344,3.63812745069262
572.373077896469,429.791288295751,3.66652038690719
302.366267228964,133.924166094194,3.87647449121644
527.215984615144,451.446524836848,3.57264643476794
55.0965964979958,414.963033689832,3.91321220694898
207.213203872949,283.392723300206,4.21159166597095
550.716090837916,262.662524906997,3.59382102511439
157.701941474583,36.5550031138918,4.27447871569639
494.689252670327,349.344626318825,4.35535324845785
31.9060608991805,54.8493774200612,3.99006979402455
532.163018457697,156.874006647646,4.57565300340795
NA,NA,NA
663.682787496266,333.662431975659,3.47182838882657
451.84350335359,302.517600407511,3.66988085598544
12.5787598255886,496.358964702308,3.71375918685604
560.968563141806,53.2564784474326,4.19873923463795
68.2073279035172,376.612940577423,3.9525212248458
227.46023453168,415.427839903811,3.94993060717794
427.284318888651,12.5622251986968,3.32765569809277
362.145655841004,292.453923090423,2.91168623967904
603.690797453053,100.541985422093,4.04220269880894
397.560886542317,226.86904350528,4.22014516236359
563.68764828168,413.157923899629,4.74271080625575
140.734601318764,281.735419755439,4.60011586665183
198.534615288639,369.560429288083,4.03792126527175
124.581093756444,410.332898818158,3.43099188900211
626.719308267851,316.184602332955,4.61226908118014
-3.55888961569253,147.668557766368,4.27172750443249
541.267158479588,204.612462633986,4.14039030895391
34.190577327333,491.892013635355,3.01677590563964
276.517531060891,24.1388340794002,3.98938700990443
534.541438686063,393.608926257889,3.58470849597093
66.8532073282323,73.1252026719753,5.22776956941054
7.2350914340045,77.5041191783044,3.52953252244149
595.071500525678,225.386170740195,4.00440364180839
438.428625505327,462.866085021072,4.76500754078656
657.525003280556,371.530060970345,3.12599451878197
107.126134948887,488.775488809455,4.341739192875
623.723524330688,91.0533881324369,4.06377374416336
416.352533460603,258.179655670531,3.60878843540275
11.0203712503805,181.506740075439,3.19195243876897
70.1611743186168,113.540889794598,4.54897171442098
613.589393407378,211.11562488795,4.18306518307142
253.703239136406,217.363103954344,3.63812745069262
572.373077896469,429.791288295751,3.66652038690719
302.366267228964,133.924166094194,3.87647449121644
527.215984615144,451.446524836848,3.57264643476794
55.0965964979958,414.963033689832,3.91321220694898
207.213203872949,283.392723300206,4.21159166597095
550.716090837916,262.662524906997,3.59382102511439
157.701941474583,36.5550031138918,4.27447871569639
494.689252670327,349.344626318825,4.35535324845785
31.9060608991805,54.8493774200612,3.99006979402455
532.163018457697,156.874006647646,4.57565300340795
NA,NA,NA
663.682787496266,333.662431975659,3.47182838882657
451.84350335359,302.517600407511,3.66988085598544
12.5787598255886,496.358964702308,3.71375918685604
560.968563141806,53.2564784474326,4.19873923463795
68.2073279035172,376.612940577423,3.9525212248458
227.46023453168,415.427839903811,3.94993060717794
427.284318888651,12.5622251986968,3.32765569809277
362.145655841004,292.453923090423,2.91168623967904
603.690797453053,100.541985422093,4.04220269880894
397.560886542317,226.86904350528,4.22014516236359
563.68764828168,413.157923899629,4.74271080625575
140.734601318764,281.735419755439,4.60011586665183
198.534615288639,369.560429288083,4.03792126527175
124.581093756444,410.332898818158,3.43099188900211
626.719308267851,316.184602332955,4.61226908118014
-3.55888961569253,147.668557766368,4.27172750443249
541.267158479588,204.612462633986,4.14039030895391
34.190577327333,491.892013635355,3.01677590563964
276.517531060891,24.1388340794002,3.98938700990443
534.541438686063,393.608926257889,3.58470849597093
66.8532073282323,73.1252026719753,5.22776956941054
7.2350914340045,77.5041191783044,3.52953252244149
595.071500525678,225.386170740195,4.00440364180839
438.428625505327,462.866085021072,4.76500754078656
657.525003280556,371.530060970345,3.12599451878197
107.126134948887,488.775488809455,4.341739192875
623.723524330688,91.0533881324369,4.06377374416336
416.352533460603,258.179655670531,3.60878843540275
11.0203712503805,181.506740075439,3.19195243876897
70.1611743186168,113.540889794598,4.54897171442098
613.589393407378,211.11562488795,4.18306518307142
253.703239136406,217.363103954344,3.63812745069262
572.373077896469,429.791288295751,3.66652038690719
302.366267228964,133.924166094194,3.87647449121644
527.215984615144,451.446524836848,3.57264643476794
55.0965964979958,414.963033689832,3.91321220694898
207.213203872949,283.392723300206,4.21159166597095
550.716090837916,262.662524906997,3.59382102511439
157.701941474583,36.5550031138918,4.27447871569639
494.689252670327,349.344626318825,4.35535324845785
31.9060608991805,54.8493774200612,3.99006979402455
532.163018457697,156.874006647646,4.57565300340795
NA,NA,NA
663.682787496266,333.662431975659,3.47182838882657
451.84350335359,302.517600407511,3.66988085598544
12.5787598255886,496.358964702308,3.71375918685604
560.968563141806,53.2564784474326,4.19873923463795
68.2073279035172,376.612940577423,3.9525212248458
227.46023453168,415.427839903811,3.94993060717794
427.284318888651,12.5622251986968,3.32765569809277
362.145655841004,292.453923090423,2.91168623967904
603.690797453053,100.541985422093,4.04220269880894
397.560886542317,226.86904350528,4.22014516236359
563.68764828168,413.157923899629,4.74271080625575
140.734601318764,281.735419755439,4.60011586665183
198.534615288639,369.560429288083,4.03792126527175
124.581093756444,410.332898818158,3.43099188900211
626.719308267851,316.184602332955,4.61226908118014
-3.55888961569253,147.668557766368,4.27172750443249
541.267158479588,204.612462633986,4.14039030895391
34.190577327333,491.892013635355,3.01677590563964
276.517531060891,24.1388340794002,3.98938700990443
534.541438686063,393.608926257889,3.58470849597093
66.8532073282323,73.1252026719753,5.22776956941054
7.2350914340045,77.5041191783044,3.52953252244149
595.071500525678,225.386170740195,4.00440364180839
438.428625505327,462.866085021072,4.76500754078656
657.525003280556,371.530060970345,3.12599451878197
107.126134948887,488.775488809455,4.341739192875
623.723524330688,91.0533881324369,4.06377374416336
416.352533460603,258.179655670531,3.60878843540275
11.0203712503805,181.506740075439,3.19195243876897
70.1611743186168,113.540889794598,4.54897171442098
613.589393407378,211.11562488795,4.18306518307142
253.703239136406,217.363103954344,3.63812745069262
572.373077896469,429.791288295751,3.66652038690719
302.366267228964,133.924166094194,3.87647449121644
527.215984615144,451.446524836848,3.57264643476794
55.0965964979958,414.963033689832,3.91321220694898
207.213203872949,283.392723300206,4.21159166597095
550.716090837916,262.662524906997,3.59382102511439
157.701941474583,36.5550031138918,4.27447871569639
494.689252670327,349.344626318825,4.35535324845785
31.9060608991805,54.8493774200612,3.99006979402455
532.163018457697,156.874006647646,4.57565300340795
NA,NA,NA
663.682787496266,333.662431975659,3.47182838882657
451.84350335359,302.517600407511,3.66988085598544
12.5787598255886,496.358964702308,3.71375918685604
560.968563141806,53.2564784474326,4.19873923463795
68.2073279035172,376.612940577423,3.9525212248458
227.46023453168,415.427839903811,3.94993060717794
427.284318888651,12.5622251986968,3.32765569809277
362.145655841004,292.453923090423,2.91168623967904
603.690797453053,100.541985422093,4.04220269880894
397.560886542317,226.86904350528,4.22014516236359
563.68764828168,413.157923899629,4.74271080625575
140.734601318764,281.735419755439,4.60011586665183
198.534615288639,369.560429288083,4.03792126527175
124.581093756444,410.332898818158,3.43099188900211
626.719308267851,316.184602332955,4.61226908118014
-3.55888961569253,147.668557766368,4.27172750443249
541.267158479588,204.612462633986,4.14039030895391
34.190577327333,491.892013635355,3.01677590563964
276.517531060891,24.1388340794002,3.98938700990443
534.541438686063,393.608926257889,3.58470849597093
66.8532073282323,73.1252026719753,5.22776956941054
7.2350914340045,77.5041191783044,3.52953252244149
595.071500525678,225.386170740195,4.00440364180839
438.428625505327,462.866085021072,4.76500754078656
657.525003280556,371.530060970345,3.12599451878197
107.126134948887,488.775488809455,4.341739192875
623.723524330688,91.0533881324369,4.06377374416336
416.352533460603,258.179655670531,3.60878843540275
11.0203712503805,181.506740075439,3.19195243876897
70.1611743186168,113.540889794598,4.54897171442098
613.589393407378,211.11562488795,4.18306518307142
253.703239136406,217.363103954344,3.63812745069262
572.373077896469,429.791288295751,3.66652038690719
302.366267228964,133.924166094194,3.87647449121644
527.215984615144,451.446524836848,3.57264643476794
55.0965964979958,414.963033689832,3.91321220694898
207.213203872949,283.392723300206,4.21159166597095
550.716090837916,262.662524906997,3.59382102511439
157.701941474583,36.5550031138918,4.27447871569639
494.689252670327,349.344626318825,4.35535324845785
31.9060608991805,54.8493774200612,3.99006979402455
532.163018457697,156.874006647646,4.57565300340795
NA,NA,NA
661.207612273348,335.633490396787,3.4942673061501
458.741875474883,296.196230856457,3.69258610712096
10.799930307313,492.89594127397,3.64085652523566
563.070487764132,49.8285455011301,4.221612469775
71.8288759621772,375.215332651426,3.9825592223039
228.968533402178,411.248311648065,3.94891008361315
428.199540065786,12.9613258777114,3.23896259432064
362.107212679507,290.329393744414,3.00781625599237
602.479495976866,110.707301571903,4.20529663748086
396.282177761904,227.286471339309,4.12008718631447
576.185397150901,408.952029715608,4.6700491285435
142.934049159921,284.687334571617,4.48930324414931
205.038568087241,367.760236667815,3.96701862507346
125.973145960003,414.970496815343,3.32324929497535
625.428715712923,314.011775361505,4.54271650151493
-0.664105679211862,148.625348918314,4.34426873702784
539.595099627098,200.979750610516,4.26062530754955
34.7216432916353,492.053207663304,2.95073803671998
279.807620209811,21.0712721689524,3.92803625625663
535.318528270303,394.101045354617,3.4987362104752
81.5482646583921,84.4454111924814,5.32612483457582
2.50183728122049,76.2813720361868,3.56652584392118
587.647060387008,227.521578390159,4.0421933448516
448.487356296091,463.164915500706,4.76444540078649
656.373137510496,374.821759067555,3.49890377431504
101.14076754519,488.888037246596,4.43804658530687
623.637777599254,87.7732453870919,4.11118701054567
420.833604653428,259.082022826767,3.66255251680458
10.5424154241172,182.299783408337,3.34155085477886
66.9287749906242,125.691591125067,4.59932016890355
604.245431934525,200.620047335433,4.53206733409433
241.22832531994,218.403078259057,3.74211010430268
579.56766695075,436.879877582338,3.62236813794126
302.185464331532,141.067047021362,3.95493144966467
529.874602505577,456.419503760789,3.36813969961114
46.0971199771256,421.58700960465,3.97607716660649
195.884533700822,278.582683987044,4.30525082967863
549.492333934693,258.601839121709,3.83559777698537
165.478219642435,36.4299594163796,4.06877142663802
490.298246734179,347.140137793701,4.64652137062014
40.2303627594683,55.7012461338423,3.86544030095412
519.749134943349,141.422309215295,4.67173130455994
NA,NA,NA
661.207612273348,335.633490396787,3.4942673061501
458.741875474883,296.196230856457,3.69258610712096
10.799930307313,492.89594127397,3.64085652523566
563.070487764132,49.8285455011301,4.221612469775
71.8288759621772,375.215332651426,3.9825592223039
228.968533402178,411.248311648065,3.94891008361315
428.199540065786,12.9613258777114,3.23896259432064
362.107212679507,290.329393744414,3.00781625599237
602.479495976866,110.707301571903,4.20529663748086
396.282177761904,227.286471339309,4.12008718631447
576.185397150901,408.952029715608,4.6700491285435
142.934049159921,284.687334571617,4.48930324414931
205.038568087241,367.760236667815,3.96701862507346
125.973145960003,414.970496815343,3.32324929497535
625.428715712923,314.011775361505,4.54271650151493
-0.664105679211862,148.625348918314,4.34426873702784
539.595099627098,200.979750610516,4.26062530754955
34.7216432916353,492.053207663304,2.95073803671998
279.807620209811,21.0712721689524,3.92803625625663
535.318528270303,394.101045354617,3.4987362104752
81.5482646583921,84.4454111924814,5.32612483457582
2.50183728122049,76.2813720361868,3.56652584392118
587.647060387008,227.521578390159,4.0421933448516
448.487356296091,463.164915500706,4.76444540078649
656.373137510496,374.821759067555,3.49890377431504
101.14076754519,488.888037246596,4.43804658530687
623.637777599254,87.7732453870919,4.11118701054567
420.833604653428,259.082022826767,3.66255251680458
10.5424154241172,182.299783408337,3.34155085477886
66.9287749906242,125.691591125067,4.59932016890355
604.245431934525,200.620047335433,4.53206733409433
241.22832531994,218.403078259057,3.74211010430268
579.56766695075,436.879877582338,3.62236813794126
302.185464331532,141.067047021362,3.95493144966467
529.874602505577,456.419503760789,3.36813969961114
46.0971199771256,421.58700960465,3.97607716660649
195.884533700822,278.582683987044,4.30525082967863
549.492333934693,258.601839121709,3.83559777698537
165.478219642435,36.4299594163796,4.06877142663802
490.298246734179,347.140137793701,4.64652137062014
40.2303627594683,55.7012461338423,3.86544030095412
519.749134943349,141.422309215295,4.67173130455994
NA,NA,NA
661.207612273348,335.633490396787,3.4942673061501
458.741875474883,296.196230856457,3.69258610712096
10.799930307313,492.89594127397,3.64085652523566
563.070487764132,49.8285455011301,4.221612469775
71.8288759621772,375.215332651426,3.9825592223039
228.968533402178,411.248311648065,3.94891008361315
428.199540065786,12.9613258777114,3.23896259432064
362.107212679507,290.329393744414,3.00781625599237
602.479495976866,110.707301571903,4.20529663748086
396.282177761904,227.286471339309,4.12008718631447
576.185397150901,408.952029715608,4.6700491285435
142.934049159921,284.687334571617,4.48930324414931
205.038568087241,367.760236667815,3.96701862507346
125.973145960003,414.970496815343,3.32324929497535
625.428715712923,314.011775361505,4.54271650151493
-0.664105679211862,148.625348918314,4.34426873702784
539.595099627098,200.979750610516,4.26062530754955
34.7216432916353,492.053207663304,2.95073803671998
279.807620209811,21.0712721689524,3.92803625625663
535.318528270303,394.101045354617,3.4987362104752
81.5482646583921,84.4454111924814,5.32612483457582
2.50183728122049,76.2813720361868,3.56652584392118
587.647060387008,227.521578390159,4.0421933448516
448.487356296091,463.164915500706,4.76444540078649
656.373137510496,374.821759067555,3.49890377431504
101.14076754519,488.888037246596,4.43804658530687
623.637777599254,87.7732453870919,4.11118701054567
420.833604653428,259.082022826767,3.66255251680458
10.5424154241172,182.299783408337,3.34155085477886
66.9287749906242,125.691591125067,4.59932016890355
604.245431934525,200.620047335433,4.53206733409433
241.22832531994,218.403078259057,3.74211010430268
579.56766695075,436.879877582338,3.62236813794126
302.185464331532,141.067047021362,3.95493144966467
529.874602505577,456.419503760789,3.36813969961114
46.0971199771256,421.58700960465,3.97607716660649
195.884533700822,278.582683987044,4.30525082967863
549.492333934693,258.601839121709,3.83559777698537
165.478219642435,36.4299594163796,4.06877142663802
490.298246734179,347.140137793701,4.64652137062014
40.2303627594683,55.7012461338423,3.86544030095412
519.749134943349,141.422309215295,4.67173130455994
NA,NA,NA
661.207612273348,335.633490396787,3.4942673061501
458.741875474883,296.196230856457,3.69258610712096
10.799930307313,492.89594127397,3.64085652523566
563.070487764132,49.8285455011301,4.221612469775
71.8288759621772,375.215332651426,3.9825592223039
228.968533402178,411.248311648065,3.94891008361315
428.199540065786,12.9613258777114,3.23896259432064
362.107212679507,290.329393744414,3.00781625599237
602.479495976866,110.707301571903,4.20529663748086
396.282177761904,227.286471339309,4.12008718631447
576.185397150901,408.952029715608,4.6700491285435
142.934049159921,284.687334571617,4.48930324414931
205.038568087241,367.760236667815,3.96701862507346
125.973145960003,414.970496815343,3.32324929497535
625.428715712923,314.011775361505,4.54271650151493
-0.664105679211862,148.625348918314,4.34426873702784
539.595099627098,200.979750610516,4.26062530754955
34.7216432916353,492.053207663304,2.95073803671998
279.807620209811,21.0712721689524,3.92803625625663
535.318528270303,394.101045354617,3.4987362104752
81.5482646583921,84.4454111924814,5.32612483457582
2.50183728122049,76.2813720361868,3.56652584392118
587.647060387008,227.521578390159,4.0421933448516
448.487356296091,463.164915500706,4.76444540078649
656.373137510496,374.821759067555,3.49890377431504
101.14076754519,488.888037246596,4.43804658530687
623.637777599254,87.7732453870919,4.11118701054567
420.833604653428,259.082022826767,3.66255251680458
10.5424154241172,182.299783408337,3.34155085477886
66.9287749906242,125.691591125067,4.59932016890355
604.245431934525,200.620047335433,4.53206733409433
241.22832531994,218.403078259057,3.74211010430268
579.56766695075,436.879877582338,3.62236813794126
302.185464331532,141.067047021362,3.95493144966467
529.874602505577,456.419503760789,3.36813969961114
46.0971199771256,421.58700960465,3.97607716660649
195.884533700822,278.582683987044,4.30525082967863
549.492333934693,258.601839121709,3.83559777698537
165.478219642435,36.4299594163796,4.06877142663802
490.298246734179,347.140137793701,4.64652137062014
40.2303627594683,55.7012461338423,3.86544030095412
519.749134943349,141.422309215295,4.67173130455994
NA,NA,NA
661.207612273348,335.633490396787,3.4942673061501
458.741875474883,296.196230856457,3.69258610712096
10.799930307313,492.89594127397,3.64085652523566
563.070487764132,49.8285455011301,4.221612469775
71.8288759621772,375.215332651426,3.9825592223039
228.968533402178,411.248311648065,3.94891008361315
428.199540065786,12.9613258777114,3.23896259432064
362.107212679507,290.329393744414,3.00781625599237
602.479495976866,110.707301571903,4.20529663748086
396.282177761904,227.286471339309,4.12008718631447
576.185397150901,408.952029715608,4.6700491285435
142.934049159921,284.687334571617,4.48930324414931
205.038568087241,367.760236667815,3.96701862507346
125.973145960003,414.970496815343,3.32324929497535
625.428715712923,314.011775361505,4.54271650151493
-0.664105679211862,148.625348918314,4.34426873702784
539.595099627098,200.979750610516,4.26062530754955
34.7216432916353,492.053207663304,2.95073803671998
279.807620209811,21.0712721689524,3.92803625625663
535.318528270303,394.101045354617,3.4987362104752
81.5482646583921,84.4454111924814,5.32612483457582
2.50183728122049,76.2813720361868,3.56652584392118
587.647060387008,227.521578390159,4.0421933448516
448.487356296091,463.164915500706,4.76444540078649
656.373137510496,374.821759067555,3.49890377431504
101.14076754519,488.888037246596,4.43804658530687
623.637777599254,87.7732453870919,4.11118701054567
420.833604653428,259.082022826767,3.66255251680458
10.5424154241172,182.299783408337,3.34155085477886
66.9287749906242,125.691591125067,4.59932016890355
604.245431934525,200.620047335433,4.53206733409433
241.22832531994,218.403078259057,3.74211010430268
579.56766695075,436.879877582338,3.62236813794126
302.185464331532,141.067047021362,3.95493144966467
529.874602505577,456.419503760789,3.36813969961114
46.0971199771256,421.58700960465,3.97607716660649
195.884533700822,278.582683987044,4.30525082967863
549.492333934693,258.601839121709,3.83559777698537
165.478219642435,36.4299594163796,4.06877142663802
490.298246734179,347.140137793701,4.64652137062014
40.2303627594683,55.7012461338423,3.86544030095412
519.749134943349,141.422309215295,4.67173130455994
NA,NA,NA
661.207612273348,335.633490396787,3.4942673061501
458.741875474883,296.196230856457,3.69258610712096
10.799930307313,492.89594127397,3.64085652523566
563.070487764132,49.8285455011301,4.221612469775
71.8288759621772,375.215332651426,3.9825592223039
228.968533402178,411.248311648065,3.94891008361315
428.199540065786,12.9613258777114,3.23896259432064
362.107212679507,290.329393744414,3.00781625599237
602.479495976866,110.707301571903,4.20529663748086
396.282177761904,227.286471339309,4.12008718631447
576.185397150901,408.952029715608,4.6700491285435
142.934049159921,284.687334571617,4.48930324414931
205.038568087241,367.760236667815,3.96701862507346
125.973145960003,414.970496815343,3.32324929497535
625.428715712923,314.011775361505,4.54271650151493
-0.664105679211862,148.625348918314,4.34426873702784
539.595099627098,200.979750610516,4.26062530754955
34.7216432916353,492.053207663304,2.95073803671998
279.807620209811,21.0712721689524,3.92803625625663
535.318528270303,394.101045354617,3.4987362104752
81.5482646583921,84.4454111924814,5.32612483457582
2.50183728122049,76.2813720361868,3.56652584392118
587.647060387008,227.521578390159,4.0421933448516
448.487356296091,463.164915500706,4.76444540078649
656.373137510496,374.821759067555,3.49890377431504
101.14076754519,488.888037246596,4.43804658530687
623.637777599254,87.7732453870919,4.11118701054567
420.833604653428,259.082022826767,3.66255251680458
10.5424154241172,182.299783408337,3.34155085477886
66.9287749906242,125.691591125067,4.59932016890355
604.245431934525,200.620047335433,4.53206733409433
241.22832531994,218.403078259057,3.74211010430268
579.56766695075,436.879877582338,3.62236813794126
302.185464331532,141.067047021362,3.95493144966467
529.874602505577,456.419503760789,3.36813969961114
46.0971199771256,421.58700960465,3.97607716660649
195.884533700822,278.582683987044,4.30525082967863
549.492333934693,258.601839121709,3.83559777698537
165.478219642435,36.4299594163796,4.06877142663802
490.298246734179,347.140137793701,4.64652137062014
40.2303627594683,55.7012461338423,3.86544030095412
519.749134943349,141.422309215295,4.67173130455994
NA,NA,NA
661.739764893717,331.372328006286,3.49582671842849
458.570911779306,299.157910246689,3.59616154814347
14.280213486784,489.429070307881,3.68998651250093
560.510453723119,52.3547426629612,4.12333426821115
70.5372787971734,374.623477728874,4.04238317476456
223.377006165532,414.072986519095,3.90123263512336
428.138637663646,12.7905634886053,3.30050050383249
362.514923327983,293.400835725421,3.02279601478984
603.517821584958,102.372848381053,4.22880697095619
393.806617990803,228.57257596138,4.13422466300065
569.279129071726,403.694500132958,4.74584609379915
140.04945489672,280.869112579196,4.61825772491656
204.211606107423,368.257596494737,4.00501546302366
122.621605536062,411.806255650723,3.46205512288478
626.776558511519,311.405828168154,4.56076827591832
0.0570670312599919,144.599884213899,4.27951790489026
539.874473203978,203.212817400409,4.08909355308585
33.9665986900504,490.022236955304,2.95758779139905
282.872702134528,24.1506652077622,3.93485380945785
534.114447437364,391.841049191008,3.2852965806638
77.3833466605803,73.7288763807347,5.17490959229078
7.27708991488394,76.8282702352344,3.54599233173461
590.185537482873,224.25200792243,4.09158398510631
442.190675029691,463.675949880171,4.80431650448763
658.44990282703,372.876337162701,2.88500574246802
106.775552067978,491.23869245834,4.34382303165954
624.039576490965,87.5491593636231,4.03914776411724
421.630323081091,260.029586178995,3.66418347975678
11.5892487186234,182.141753235126,3.40157018035309
64.356435678345,129.1862686431,4.44913204949671
607.837806854624,221.054465692879,3.91249293686932
254.133308161686,222.582780329337,3.89674975087585
568.065670188306,437.26519916696,3.60979774359165
303.724532911645,139.358051581404,3.97332776610418
521.957089866836,462.913777405001,3.54895762591506
51.1853116612631,419.845078966388,3.97833021521612
198.398826385315,284.764888936314,4.08052027030238
543.035477076499,262.630729068211,3.67934619930256
159.475555211245,19.4886272192323,4.49747619871034
488.812457122567,354.899982297549,4.32705262751584
27.9769424403321,51.2267663651942,3.73611445791239
543.433975301877,145.095607450022,4.87313435192895
NA,NA,NA
661.739764893717,331.372328006286,3.49582671842849
458.570911779306,299.157910246689,3.59616154814347
14.280213486784,489.429070307881,3.68998651250093
560.510453723119,52.3547426629612,4.12333426821115
70.5372787971734,374.623477728874,4.04238317476456
223.377006165532,414.072986519095,3.90123263512336
428.138637663646,12.7905634886053,3.30050050383249
362.514923327983,293.400835725421,3.02279601478984
603.517821584958,102.372848381053,4.22880697095619
393.806617990803,228.57257596138,4.13422466300065
569.279129071726,403.694500132958,4.74584609379915
140.04945489672,280.869112579196,4.61825772491656
204.211606107423,368.257596494737,4.00501546302366
122.621605536062,411.806255650723,3.46205512288478
626.776558511519,311.405828168154,4.56076827591832
0.0570670312599919,144.599884213899,4.27951790489026
539.874473203978,203.212817400409,4.08909355308585
33.9665986900504,490.022236955304,2.95758779139905
282.872702134528,24.1506652077622,3.93485380945785
534.114447437364,391.841049191008,3.2852965806638
77.3833466605803,73.7288763807347,5.17490959229078
7.27708991488394,76.8282702352344,3.54599233173461
590.185537482873,224.25200792243,4.09158398510631
442.190675029691,463.675949880171,4.80431650448763
658.44990282703,372.876337162701,2.88500574246802
106.775552067978,491.23869245834,4.34382303165954
624.039576490965,87.5491593636231,4.03914776411724
421.630323081091,260.029586178995,3.66418347975678
11.5892487186234,182.141753235126,3.40157018035309
64.356435678345,129.1862686431,4.44913204949671
607.837806854624,221.054465692879,3.91249293686932
254.133308161686,222.582780329337,3.89674975087585
568.065670188306,437.26519916696,3.60979774359165
303.724532911645,139.358051581404,3.97332776610418
521.957089866836,462.913777405001,3.54895762591506
51.1853116612631,419.845078966388,3.97833021521612
198.398826385315,284.764888936314,4.08052027030238
543.035477076499,262.630729068211,3.67934619930256
159.475555211245,19.4886272192323,4.49747619871034
488.812457122567,354.899982297549,4.32705262751584
27.9769424403321,51.2267663651942,3.73611445791239
543.433975301877,145.095607450022,4.87313435192895
NA,NA,NA
661.739764893717,331.372328006286,3.49582671842849
458.570911779306,299.157910246689,3.59616154814347
14.280213486784,489.429070307881,3.68998651250093
560.510453723119,52.3547426629612,4.12333426821115
70.5372787971734,374.623477728874,4.04238317476456
223.377006165532,414.072986519095,3.90123263512336
428.138637663646,12.7905634886053,3.30050050383249
362.514923327983,293.400835725421,3.02279601478984
603.517821584958,102.372848381053,4.22880697095619
393.806617990803,228.57257596138,4.13422466300065
569.279129071726,403.694500132958,4.74584609379915
140.04945489672,280.869112579196,4.61825772491656
204.211606107423,368.257596494737,4.00501546302366
122.621605536062,411.806255650723,3.46205512288478
626.776558511519,311.405828168154,4.56076827591832
0.0570670312599919,144.599884213899,4.27951790489026
539.874473203978,203.212817400409,4.08909355308585
33.9665986900504,490.022236955304,2.95758779139905
282.872702134528,24.1506652077622,3.93485380945785
534.114447437364,391.841049191008,3.2852965806638
77.3833466605803,73.7288763807347,5.17490959229078
7.27708991488394,76.8282702352344,3.54599233173461
590.185537482873,224.25200792243,4.09158398510631
442.190675029691,463.675949880171,4.80431650448763
658.44990282703,372.876337162701,2.88500574246802
106.775552067978,491.23869245834,4.34382303165954
624.039576490965,87.5491593636231,4.03914776411724
421.630323081091,260.029586178995,3.66418347975678
11.5892487186234,182.141753235126,3.40157018035309
64.356435678345,129.1862686431,4.44913204949671
607.837806854624,221.054465692879,3.91249293686932
254.133308161686,222.582780329337,3.89674975087585
568.065670188306,437.26519916696,3.60979774359165
303.724532911645,139.358051581404,3.97332776610418
521.957089866836,462.913777405001,3.54895762591506
51.1853116612631,419.845078966388,3.97833021521612
198.398826385315,284.764888936314,4.08052027030238
543.035477076499,262.630729068211,3.67934619930256
159.475555211245,19.4886272192323,4.49747619871034
488.812457122567,354.899982297549,4.32705262751584
27.9769424403321,51.2267663651942,3.73611445791239
543.433975301877,145.095607450022,4.87313435192895
NA,NA,NA
661.739764893717,331.372328006286,3.49582671842849
458.570911779306,299.157910246689,3.59616154814347
14.280213486784,489.429070307881,3.68998651250093
560.510453723119,52.3547426629612,4.12333426821115
70.5372787971734,374.623477728874,4.04238317476456
223.377006165532,414.072986519095,3.90123263512336
428.138637663646,12.7905634886053,3.30050050383249
362.514923327983,293.400835725421,3.02279601478984
603.517821584958,102.372848381053,4.22880697095619
393.806617990803,228.57257596138,4.13422466300065
569.279129071726,403.694500132958,4.74584609379915
140.04945489672,280.869112579196,4.61825772491656
204.211606107423,368.257596494737,4.00501546302366
122.621605536062,411.806255650723,3.46205512288478
626.776558511519,311.405828168154,4.56076827591832
0.0570670312599919,144.599884213899,4.27951790489026
539.874473203978,203.212817400409,4.08909355308585
33.9665986900504,490.022236955304,2.95758779139905
282.872702134528,24.1506652077622,3.93485380945785
534.114447437364,391.841049191008,3.2852965806638
77.3833466605803,73.7288763807347,5.17490959229078
7.27708991488394,76.8282702352344,3.54599233173461
590.185537482873,224.25200792243,4.09158398510631
442.190675029691,463.675949880171,4.80431650448763
658.44990282703,372.876337162701,2.88500574246802
106.775552067978,491.23869245834,4.34382303165954
624.039576490965,87.5491593636231,4.03914776411724
421.630323081091,260.029586178995,3.66418347975678
11.5892487186234,182.141753235126,3.40157018035309
64.356435678345,129.1862686431,4.44913204949671
607.837806854624,221.054465692879,3.91249293686932
254.133308161686,222.582780329337,3.89674975087585
568.065670188306,437.26519916696,3.60979774359165
303.724532911645,139.358051581404,3.97332776610418
521.957089866836,462.913777405001,3.54895762591506
51.1853116612631,419.845078966388,3.97833021521612
198.398826385315,284.764888936314,4.08052027030238
543.035477076499,262.630729068211,3.67934619930256
159.475555211245,19.4886272192323,4.49747619871034
488.812457122567,354.899982297549,4.32705262751584
27.9769424403321,51.2267663651942,3.73611445791239
543.433975301877,145.095607450022,4.87313435192895
NA,NA,NA
661.739764893717,331.372328006286,3.49582671842849
458.570911779306,299.157910246689,3.59616154814347
14.280213486784,489.429070307881,3.68998651250093
560.510453723119,52.3547426629612,4.12333426821115
70.5372787971734,374.623477728874,4.04238317476456
223.377006165532,414.072986519095,3.90123263512336
428.138637663646,12.7905634886053,3.30050050383249
362.514923327983,293.400835725421,3.02279601478984
603.517821584958,102.372848381053,4.22880697095619
393.806617990803,228.57257596138,4.13422466300065
569.279129071726,403.694500132958,4.74584609379915
140.04945489672,280.869112579196,4.61825772491656
204.211606107423,368.257596494737,4.00501546302366
122.621605536062,411.806255650723,3.46205512288478
626.776558511519,311.405828168154,4.56076827591832
0.0570670312599919,144.599884213899,4.27951790489026
539.874473203978,203.212817400409,4.08909355308585
33.9665986900504,490.022236955304,2.95758779139905
282.872702134528,24.1506652077622,3.93485380945785
534.114447437364,391.841049191008,3.2852965806638
77.3833466605803,73.7288763807347,5.17490959229078
7.27708991488394,76.8282702352344,3.54599233173461
590.185537482873,224.25200792243,4.09158398510631
442.190675029691,463.675949880171,4.80431650448763
658.44990282703,372.876337162701,2.88500574246802
106.775552067978,491.23869245834,4.34382303165954
624.039576490965,87.5491593636231,4.03914776411724
421.630323081091,260.029586178995,3.66418347975678
11.5892487186234,182.141753235126,3.40157018035309
64.356435678345,129.1862686431,4.44913204949671
607.837806854624,221.054465692879,3.91249293686932
254.133308161686,222.582780329337,3.89674975087585
568.065670188306,437.26519916696,3.60979774359165
303.724532911645,139.358051581404,3.97332776610418
521.957089866836,462.913777405001,3.54895762591506
51.1853116612631,419.845078966388,3.97833021521612
198.398826385315,284.764888936314,4.08052027030238
543.035477076499,262.630729068211,3.67934619930256
159.475555211245,19.4886272192323,4.49747619871034
488.812457122567,354.899982297549,4.32705262751584
27.9769424403321,51.2267663651942,3.73611445791239
543.433975301877,145.095607450022,4.87313435192895
NA,NA,NA
661.739764893717,331.372328006286,3.49582671842849
458.570911779306,299.157910246689,3.59616154814347
14.280213486784,489.429070307881,3.68998651250093
560.510453723119,52.3547426629612,4.12333426821115
70.5372787971734,374.623477728874,4.04238317476456
223.377006165532,414.072986519095,3.90123263512336
428.138637663646,12.7905634886053,3.30050050383249
362.514923327983,293.400835725421,3.02279601478984
603.517821584958,102.372848381053,4.22880697095619
393.806617990803,228.57257596138,4.13422466300065
569.279129071726,403.694500132958,4.74584609379915
140.04945489672,280.869112579196,4.61825772491656
204.211606107423,368.257596494737,4.00501546302366
122.621605536062,411.806255650723,3.46205512288478
626.776558511519,311.405828168154,4.56076827591832
0.0570670312599919,144.599884213899,4.27951790489026
539.874473203978,203.212817400409,4.08909355308585
33.9665986900504,490.022236955304,2.95758779139905
282.872702134528,24.1506652077622,3.93485380945785
534.114447437364,391.841049191008,3.2852965806638
77.3833466605803,73.7288763807347,5.17490959229078
7.27708991488394,76.8282702352344,3.54599233173461
590.185537482873,224.25200792243,4.09158398510631
442.190675029691,463.675949880171,4.80431650448763
658.44990282703,372.876337162701,2.88500574246802
106.775552067978,491.23869245834,4.34382303165954
624.039576490965,87.5491593636231,4.03914776411724
421.630323081091,260.029586178995,3.66418347975678
11.5892487186234,182.141753235126,3.40157018035309
64.356435678345,129.1862686431,4.44913204949671
607.837806854624,221.054465692879,3.91249293686932
254.133308161686,222.582780329337,3.89674975087585
568.065670188306,437.26519916696,3.60979774359165
303.724532911645,139.358051581404,3.97332776610418
521.957089866836,462.913777405001,3.54895762591506
51.1853116612631,419.845078966388,3.97833021521612
198.398826385315,284.764888936314,4.08052027030238
543.035477076499,262.630729068211,3.67934619930256
159.475555211245,19.4886272192323,4.49747619871034
488.812457122567,354.899982297549,4.32705262751584
27.9769424403321,51.2267663651942,3.73611445791239
543.433975301877,145.095607450022,4.87313435192895
NA,NA,NA
661.154778472099,331.942920535918,3.4264804741808
456.960050812433,299.119858744249,3.67284052140138
11.4465603106294,494.710635332104,3.47423143175424
557.81567543054,45.3897573810837,4.20388709736993
72.4357833655254,373.879930087067,3.97913128018647
229.775244249443,410.06296522952,3.8491267444624
428.806545918517,15.1969167750469,3.40958736702457
359.028321345627,293.650638354542,3.14762135497492
605.845175784662,107.714704518941,4.31968700944221
393.524550856475,233.727582733984,4.21142923184786
576.286129368415,411.731080469016,4.72222051081719
140.646202408706,281.115465155981,4.66218174252647
196.262242767681,368.146535980257,4.04130316028421
125.061470805959,409.602344201373,3.47195630831786
637.548723448678,304.259110950857,4.56208347159161
6.41498274112233,146.653651776968,4.21300103134257
542.847439752215,204.398950827626,4.30520880057747
34.3292199746268,492.05077250685,2.91470769092202
279.996057049213,19.8551492030465,3.91354967453416
533.603313266703,388.10150764531,3.266065521336
75.1177367022166,76.6458334683387,5.3134275450758
4.33649966082959,76.5470455230106,3.463890783812
586.461566297702,223.409496922243,3.93408537968724
441.504867238363,465.100265406589,4.76392822078193
658.598600387203,373.434138070095,2.90652642431369
102.277048007444,490.423202242892,4.37039680561911
623.421717640887,87.7155944532001,4.12177371149806
418.525362116695,257.319551527594,3.65420178543672
11.6365418581309,183.333146905747,3.09199614571136
62.9429335334493,110.965985702223,4.50243212446798
599.472060449418,212.609802409912,4.17071713275376
255.14082028848,222.114003407066,3.69731181261813
574.920231246697,432.027976274562,3.96477122728346
299.661575440024,135.840450723198,3.95798011731068
536.889165402797,462.624349135205,3.85850956714844
50.6162285084044,419.993208732241,3.96930379219452
199.200368113081,286.432355255393,4.15716767315898
558.388543457196,267.315903619118,3.89572464894994
171.56868772307,36.156541500245,3.98275127211156
493.450080331304,339.473795242086,4.78749655082148
39.8273612186945,54.2150978954512,3.85031575381915
535.409020911586,147.265954668941,4.35372965108853
NA,NA,NA
661.154778472099,331.942920535918,3.4264804741808
456.960050812433,299.119858744249,3.67284052140138
11.4465603106294,494.710635332104,3.47423143175424
557.81567543054,45.3897573810837,4.20388709736993
72.4357833655254,373.879930087067,3.97913128018647
229.775244249443,410.06296522952,3.8491267444624
428.806545918517,15.1969167750469,3.40958736702457
359.028321345627,293.650638354542,3.14762135497492
605.845175784662,107.714704518941,4.31968700944221
393.524550856475,233.727582733984,4.21142923184786
576.286129368415,411.731080469016,4.72222051081719
140.646202408706,281.115465155981,4.66218174252647
196.262242767681,368.146535980257,4.04130316028421
125.061470805959,409.602344201373,3.47195630831786
637.548723448678,304.259110950857,4.56208347159161
6.41498274112233,146.653651776968,4.21300103134257
542.847439752215,204.398950827626,4.30520880057747
34.3292199746268,492.05077250685,2.91470769092202
279.996057049213,19.8551492030465,3.91354967453416
533.603313266703,388.10150764531,3.266065521336
75.1177367022166,76.6458334683387,5.3134275450758
4.33649966082959,76.5470455230106,3.463890783812
586.461566297702,223.409496922243,3.93408537968724
441.504867238363,465.100265406589,4.76392822078193
658.598600387203,373.434138070095,2.90652642431369
102.277048007444,490.423202242892,4.37039680561911
623.421717640887,87.7155944532001,4.12177371149806
418.525362116695,257.319551527594,3.65420178543672
11.6365418581309,183.333146905747,3.09199614571136
62.9429335334493,110.965985702223,4.50243212446798
599.472060449418,212.609802409912,4.17071713275376
255.14082028848,222.114003407066,3.69731181261813
574.920231246697,432.027976274562,3.96477122728346
299.661575440024,135.840450723198,3.95798011731068
536.889165402797,462.624349135205,3.85850956714844
50.6162285084044,419.993208732241,3.96930379219452
199.200368113081,286.432355255393,4.15716767315898
558.388543457196,267.315903619118,3.89572464894994
171.56868772307,36.156541500245,3.98275127211156
493.450080331304,339.473795242086,4.78749655082148
39.8273612186945,54.2150978954512,3.85031575381915
535.409020911586,147.265954668941,4.35372965108853
NA,NA,NA
661.154778472099,331.942920535918,3.4264804741808
456.960050812433,299.119858744249,3.67284052140138
11.4465603106294,494.710635332104,3.47423143175424
557.81567543054,45.3897573810837,4.20388709736993
72.4357833655254,373.879930087067,3.97913128018647
229.775244249443,410.06296522952,3.8491267444624
428.806545918517,15.1969167750469,3.40958736702457
359.028321345627,293.650638354542,3.14762135497492
605.845175784662,107.714704518941,4.31968700944221
393.524550856475,233.727582733984,4.21142923184786
576.286129368415,411.731080469016,4.72222051081719
140.646202408706,281.115465155981,4.66218174252647
196.262242767681,368.146535980257,4.04130316028421
125.061470805959,409.602344201373,3.47195630831786
637.548723448678,304.259110950857,4.56208347159161
6.41498274112233,146.653651776968,4.21300103134257
542.847439752215,204.398950827626,4.30520880057747
34.3292199746268,492.05077250685,2.91470769092202
279.996057049213,19.8551492030465,3.91354967453416
533.603313266703,388.10150764531,3.266065521336
75.1177367022166,76.6458334683387,5.3134275450758
4.33649966082959,76.5470455230106,3.463890783812
586.461566297702,223.409496922243,3.93408537968724
441.504867238363,465.100265406589,4.76392822078193
658.598600387203,373.434138070095,2.90652642431369
102.277048007444,490.423202242892,4.37039680561911
623.421717640887,87.7155944532001,4.12177371149806
418.525362116695,257.319551527594,3.65420178543672
11.6365418581309,183.333146905747,3.09199614571136
62.9429335334493,110.965985702223,4.50243212446798
599.472060449418,212.609802409912,4.17071713275376
255.14082028848,222.114003407066,3.69731181261813
574.920231246697,432.027976274562,3.96477122728346
299.661575440024,135.840450723198,3.95798011731068
536.889165402797,462.624349135205,3.85850956714844
50.6162285084044,419.993208732241,3.96930379219452
199.200368113081,286.432355255393,4.15716767315898
558.388543457196,267.315903619118,3.89572464894994
171.56868772307,36.156541500245,3.98275127211156
493.450080331304,339.473795242086,4.78749655082148
39.8273612186945,54.2150978954512,3.85031575381915
535.409020911586,147.265954668941,4.35372965108853
NA,NA,NA
661.154778472099,331.942920535918,3.4264804741808
456.960050812433,299.119858744249,3.67284052140138
11.4465603106294,494.710635332104,3.47423143175424
557.81567543054,45.3897573810837,4.20388709736993
72.4357833655254,373.879930087067,3.97913128018647
229.775244249443,410.06296522952,3.8491267444624
428.806545918517,15.1969167750469,3.40958736702457
359.028321345627,293.650638354542,3.14762135497492
605.845175784662,107.714704518941,4.31968700944221
393.524550856475,233.727582733984,4.21142923184786
576.286129368415,411.731080469016,4.72222051081719
140.646202408706,281.115465155981,4.66218174252647
196.262242767681,368.146535980257,4.04130316028421
125.061470805959,409.602344201373,3.47195630831786
637.548723448678,304.259110950857,4.56208347159161
6.41498274112233,146.653651776968,4.21300103134257
542.847439752215,204.398950827626,4.30520880057747
34.3292199746268,492.05077250685,2.91470769092202
279.996057049213,19.8551492030465,3.91354967453416
533.603313266703,388.10150764531,3.266065521336
75.1177367022166,76.6458334683387,5.3134275450758
4.33649966082959,76.5470455230106,3.463890783812
586.461566297702,223.409496922243,3.93408537968724
441.504867238363,465.100265406589,4.76392822078193
658.598600387203,373.434138070095,2.90652642431369
102.277048007444,490.423202242892,4.37039680561911
623.421717640887,87.7155944532001,4.12177371149806
418.525362116695,257.319551527594,3.65420178543672
11.6365418581309,183.333146905747,3.09199614571136
62.9429335334493,110.965985702223,4.50243212446798
599.472060449418,212.609802409912,4.17071713275376
255.14082028848,222.114003407066,3.69731181261813
574.920231246697,432.027976274562,3.96477122728346
299.661575440024,135.840450723198,3.95798011731068
536.889165402797,462.624349135205,3.85850956714844
50.6162285084044,419.993208732241,3.96930379219452
199.200368113081,286.432355255393,4.15716767315898
558.388543457196,267.315903619118,3.89572464894994
171.56868772307,36.156541500245,3.98275127211156
493.450080331304,339.473795242086,4.78749655082148
39.8273612186945,54.2150978954512,3.85031575381915
535.409020911586,147.265954668941,4.35372965108853
NA,NA,NA
661.154778472099,331.942920535918,3.4264804741808
456.960050812433,299.119858744249,3.67284052140138
11.4465603106294,494.710635332104,3.47423143175424
557.81567543054,45.3897573810837,4.20388709736993
72.4357833655254,373.879930087067,3.97913128018647
229.775244249443,410.06296522952,3.8491267444624
428.806545918517,15.1969167750469,3.40958736702457
359.028321345627,293.650638354542,3.14762135497492
605.845175784662,107.714704518941,4.31968700944221
393.524550856475,233.727582733984,4.21142923184786
576.286129368415,411.731080469016,4.72222051081719
140.646202408706,281.115465155981,4.66218174252647
196.262242767681,368.146535980257,4.04130316028421
125.061470805959,409.602344201373,3.47195630831786
637.548723448678,304.259110950857,4.56208347159161
6.41498274112233,146.653651776968,4.21300103134257
542.847439752215,204.398950827626,4.30520880057747
34.3292199746268,492.05077250685,2.91470769092202
279.996057049213,19.8551492030465,3.91354967453416
533.603313266703,388.10150764531,3.266065521336
75.1177367022166,76.6458334683387,5.3134275450758
4.33649966082959,76.5470455230106,3.463890783812
586.461566297702,223.409496922243,3.93408537968724
441.504867238363,465.100265406589,4.76392822078193
658.598600387203,373.434138070095,2.90652642431369
102.277048007444,490.423202242892,4.37039680561911
623.421717640887,87.7155944532001,4.12177371149806
418.525362116695,257.319551527594,3.65420178543672
11.6365418581309,183.333146905747,3.09199614571136
62.9429335334493,110.965985702223,4.50243212446798
599.472060449418,212.609802409912,4.17071713275376
255.14082028848,222.114003407066,3.69731181261813
574.920231246697,432.027976274562,3.96477122728346
299.661575440024,135.840450723198,3.95798011731068
536.889165402797,462.624349135205,3.85850956714844
50.6162285084044,419.993208732241,3.96930379219452
199.200368113081,286.432355255393,4.15716767315898
558.388543457196,267.315903619118,3.89572464894994
171.56868772307,36.156541500245,3.98275127211156
493.450080331304,339.473795242086,4.78749655082148
39.8273612186945,54.2150978954512,3.85031575381915
535.409020911586,147.265954668941,4.35372965108853
NA,NA,NA
661.154778472099,331.942920535918,3.4264804741808
456.960050812433,299.119858744249,3.67284052140138
11.4465603106294,494.710635332104,3.47423143175424
557.81567543054,45.3897573810837,4.20388709736993
72.4357833655254,373.879930087067,3.97913128018647
229.775244249443,410.06296522952,3.8491267444624
428.806545918517,15.1969167750469,3.40958736702457
359.028321345627,293.650638354542,3.14762135497492
605.845175784662,107.714704518941,4.31968700944221
393.524550856475,233.727582733984,4.21142923184786
576.286129368415,411.731080469016,4.72222051081719
140.646202408706,281.115465155981,4.66218174252647
196.262242767681,368.146535980257,4.04130316028421
125.061470805959,409.602344201373,3.47195630831786
637.548723448678,304.259110950857,4.56208347159161
6.41498274112233,146.653651776968,4.21300103134257
542.847439752215,204.398950827626,4.30520880057747
34.3292199746268,492.05077250685,2.91470769092202
279.996057049213,19.8551492030465,3.91354967453416
533.603313266703,388.10150764531,3.266065521336
75.1177367022166,76.6458334683387,5.3134275450758
4.33649966082959,76.5470455230106,3.463890783812
586.461566297702,223.409496922243,3.93408537968724
441.504867238363,465.100265406589,4.76392822078193
658.598600387203,373.434138070095,2.90652642431369
102.277048007444,490.423202242892,4.37039680561911
623.421717640887,87.7155944532001,4.12177371149806
418.525362116695,257.319551527594,3.65420178543672
11.6365418581309,183.333146905747,3.09199614571136
62.9429335334493,110.965985702223,4.50243212446798
599.472060449418,212.609802409912,4.17071713275376
255.14082028848,222.114003407066,3.69731181261813
574.920231246697,432.027976274562,3.96477122728346
299.661575440024,135.840450723198,3.95798011731068
536.889165402797,462.624349135205,3.85850956714844
50.6162285084044,419.993208732241,3.96930379219452
199.200368113081,286.432355255393,4.15716767315898
558.388543457196,267.315903619118,3.89572464894994
171.56868772307,36.156541500245,3.98275127211156
493.450080331304,339.473795242086,4.78749655082148
39.8273612186945,54.2150978954512,3.85031575381915
535.409020911586,147.265954668941,4.35372965108853
NA,NA,NA
660.623829911114,334.139830565565,3.49973270291333
456.146576777151,299.37800884044,3.63174418522129
13.3314657147079,492.758219305717,3.61902794661681
561.969741344617,51.868243618926,4.22956771622072
74.0219889953991,374.35130154648,3.96377566886282
228.102369811834,417.449216416009,3.93509175126169
428.91533566117,10.8191342948876,3.3357253180452
361.982682982419,295.587246527977,2.9392917537314
601.862876279693,97.213753808839,4.31589735311793
395.804822084991,227.929157815056,4.30334056387773
560.612225218867,408.271614710477,4.71541240243067
138.450685060937,279.901143628197,4.55453345968174
198.500823164768,368.184415066398,3.98438954854833
126.102316595657,412.242659420489,3.4101869835036
621.094014763269,306.399318060777,4.62451376984657
5.58884951528465,145.449743212605,4.18727884984718
545.907530751396,199.285791345483,4.11854470091845
33.5676634030478,490.298242868995,3.01615976729842
281.065442777105,22.7286142309844,3.76415054069853
532.185182816013,394.097011174251,3.39574716703067
76.1338998345873,87.2087638411563,5.31023850503096
3.95223133775667,76.7807275983407,3.58052065742292
586.397496920238,225.036408918698,3.99001433265902
443.297385947684,456.638397735417,4.8887557503763
660.717955818015,374.569479541491,3.08370377368714
101.031694451902,491.661991195845,4.32417507274104
628.936704947054,86.1679945389082,4.07614255392275
420.118417757797,258.215355529602,3.57192814531089
12.2433508932075,183.039984424477,3.32647095518241
58.138943214742,115.156745291666,4.47451122475287
618.456673992066,195.283242923347,4.60588810166429
248.345135678589,215.334969618522,4.02884153150073
583.826748722873,438.800920999969,3.68719208139744
298.656596637041,137.388353036752,3.76262790394424
524.077768542949,451.272434826282,3.43320595556484
58.3440818405802,429.63789807568,4.08050628106295
193.855650333344,282.127582304058,4.27483964869068
554.117210433483,256.016093930424,3.77051073416373
170.97275493605,29.8983380225165,4.25323192090108
503.800835032244,352.682130168559,4.45459455046658
37.9074791141895,46.2222100527342,3.73647221805116
529.888553773035,168.77676653597,4.5510993965667
NA,NA,NA
660.623829911114,334.139830565565,3.49973270291333
456.146576777151,299.37800884044,3.63174418522129
13.3314657147079,492.758219305717,3.61902794661681
561.969741344617,51.868243618926,4.22956771622072
74.0219889953991,374.35130154648,3.96377566886282
228.102369811834,417.449216416009,3.93509175126169
428.91533566117,10.8191342948876,3.3357253180452
361.982682982419,295.587246527977,2.9392917537314
601.862876279693,97.213753808839,4.31589735311793
395.804822084991,227.929157815056,4.30334056387773
560.612225218867,408.271614710477,4.71541240243067
138.450685060937,279.901143628197,4.55453345968174
198.500823164768,368.184415066398,3.98438954854833
126.102316595657,412.242659420489,3.4101869835036
621.094014763269,306.399318060777,4.62451376984657
5.58884951528465,145.449743212605,4.18727884984718
545.907530751396,199.285791345483,4.11854470091845
33.5676634030478,490.298242868995,3.01615976729842
281.065442777105,22.7286142309844,3.76415054069853
532.185182816013,394.097011174251,3.39574716703067
76.1338998345873,87.2087638411563,5.31023850503096
3.95223133775667,76.7807275983407,3.58052065742292
586.397496920238,225.036408918698,3.99001433265902
443.297385947684,456.638397735417,4.8887557503763
660.717955818015,374.569479541491,3.08370377368714
101.031694451902,491.661991195845,4.32417507274104
628.936704947054,86.1679945389082,4.07614255392275
420.118417757797,258.215355529602,3.57192814531089
12.2433508932075,183.039984424477,3.32647095518241
58.138943214742,115.156745291666,4.47451122475287
618.456673992066,195.283242923347,4.60588810166429
248.345135678589,215.334969618522,4.02884153150073
583.826748722873,438.800920999969,3.68719208139744
298.656596637041,137.388353036752,3.76262790394424
524.077768542949,451.272434826282,3.43320595556484
58.3440818405802,429.63789807568,4.08050628106295
193.855650333344,282.127582304058,4.27483964869068
554.117210433483,256.016093930424,3.77051073416373
170.97275493605,29.8983380225165,4.25323192090108
503.800835032244,352.682130168559,4.45459455046658
37.9074791141895,46.2222100527342,3.73647221805116
529.888553773035,168.77676653597,4.5510993965667
NA,NA,NA
660.623829911114,334.139830565565,3.49973270291333
456.146576777151,299.37800884044,3.63174418522129
13.3314657147079,492.758219305717,3.61902794661681
561.969741344617,51.868243618926,4.22956771622072
74.0219889953991,374.35130154648,3.96377566886282
228.102369811834,417.449216416009,3.93509175126169
428.91533566117,10.8191342948876,3.3357253180452
361.982682982419,295.587246527977,2.9392917537314
601.862876279693,97.213753808839,4.31589735311793
395.804822084991,227.929157815056,4.30334056387773
560.612225218867,408.271614710477,4.71541240243067
138.450685060937,279.901143628197,4.55453345968174
198.500823164768,368.184415066398,3.98438954854833
126.102316595657,412.242659420489,3.4101869835036
621.094014763269,306.399318060777,4.62451376984657
5.58884951528465,145.449743212605,4.18727884984718
545.907530751396,199.285791345483,4.11854470091845
33.5676634030478,490.298242868995,3.01615976729842
281.065442777105,22.7286142309844,3.76415054069853
532.185182816013,394.097011174251,3.39574716703067
76.1338998345873,87.2087638411563,5.31023850503096
3.95223133775667,76.7807275983407,3.58052065742292
586.397496920238,225.036408918698,3.99001433265902
443.297385947684,456.638397735417,4.8887557503763
660.717955818015,374.569479541491,3.08370377368714
101.031694451902,491.661991195845,4.32417507274104
628.936704947054,86.1679945389082,4.07614255392275
420.118417757797,258.215355529602,3.57192814531089
12.2433508932075,183.039984424477,3.32647095518241
58.138943214742,115.156745291666,4.47451122475287
618.456673992066,195.283242923347,4.60588810166429
248.345135678589,215.334969618522,4.02884153150073
583.826748722873,438.800920999969,3.68719208139744
298.656596637041,137.388353036752,3.76262790394424
524.077768542949,451.272434826282,3.43320595556484
58.3440818405802,429.63789807568,4.08050628106295
193.855650333344,282.127582304058,4.27483964869068
554.117210433483,256.016093930424,3.77051073416373
170.97275493605,29.8983380225165,4.25323192090108
503.800835032244,352.682130168559,4.45459455046658
37.9074791141895,46.2222100527342,3.73647221805116
529.888553773035,168.77676653597,4.5510993965667
NA,NA,NA
660.623829911114,334.139830565565,3.49973270291333
456.146576777151,299.37800884044,3.63174418522129
13.3314657147079,492.758219305717,3.61902794661681
561.969741344617,51.868243618926,4.22956771622072
74.0219889953991,374.35130154648,3.96377566886282
228.102369811834,417.449216416009,3.93509175126169
428.91533566117,10.8191342948876,3.3357253180452
361.982682982419,295.587246527977,2.9392917537314
601.862876279693,97.213753808839,4.31589735311793
395.804822084991,227.929157815056,4.30334056387773
560.612225218867,408.271614710477,4.71541240243067
138.450685060937,279.901143628197,4.55453345968174
198.500823164768,368.184415066398,3.98438954854833
126.102316595657,412.242659420489,3.4101869835036
621.094014763269,306.399318060777,4.62451376984657
5.58884951528465,145.449743212605,4.18727884984718
545.907530751396,199.285791345483,4.11854470091845
33.5676634030478,490.298242868995,3.01615976729842
281.065442777105,22.7286142309844,3.76415054069853
532.185182816013,394.097011174251,3.39574716703067
76.1338998345873,87.2087638411563,5.31023850503096
3.95223133775667,76.7807275983407,3.58052065742292
586.397496920238,225.036408918698,3.99001433265902
443.297385947684,456.638397735417,4.8887557503763
660.717955818015,374.569479541491,3.08370377368714
101.031694451902,491.661991195845,4.32417507274104
628.936704947054,86.1679945389082,4.07614255392275
420.118417757797,258.215355529602,3.57192814531089
12.2433508932075,183.039984424477,3.32647095518241
58.138943214742,115.156745291666,4.47451122475287
618.456673992066,195.283242923347,4.60588810166429
248.345135678589,215.334969618522,4.02884153150073
583.826748722873,438.800920999969,3.68719208139744
298.656596637041,137.388353036752,3.76262790394424
524.077768542949,451.272434826282,3.43320595556484
58.3440818405802,429.63789807568,4.08050628106295
193.855650333344,282.127582304058,4.27483964869068
554.117210433483,256.016093930424,3.77051073416373
170.97275493605,29.8983380225165,4.25323192090108
503.800835032244,352.682130168559,4.45459455046658
37.9074791141895,46.2222100527342,3.73647221805116
529.888553773035,168.77676653597,4.5510993965667
NA,NA,NA
660.623829911114,334.139830565565,3.49973270291333
456.146576777151,299.37800884044,3.63174418522129
13.3314657147079,492.758219305717,3.61902794661681
561.969741344617,51.868243618926,4.22956771622072
74.0219889953991,374.35130154648,3.96377566886282
228.102369811834,417.449216416009,3.93509175126169
428.91533566117,10.8191342948876,3.3357253180452
361.982682982419,295.587246527977,2.9392917537314
601.862876279693,97.213753808839,4.31589735311793
395.804822084991,227.929157815056,4.30334056387773
560.612225218867,408.271614710477,4.71541240243067
138.450685060937,279.901143628197,4.55453345968174
198.500823164768,368.184415066398,3.98438954854833
126.102316595657,412.242659420489,3.4101869835036
621.094014763269,306.399318060777,4.62451376984657
5.58884951528465,145.449743212605,4.18727884984718
545.907530751396,199.285791345483,4.11854470091845
33.5676634030478,490.298242868995,3.01615976729842
281.065442777105,22.7286142309844,3.76415054069853
532.185182816013,394.097011174251,3.39574716703067
76.1338998345873,87.2087638411563,5.31023850503096
3.95223133775667,76.7807275983407,3.58052065742292
586.397496920238,225.036408918698,3.99001433265902
443.297385947684,456.638397735417,4.8887557503763
660.717955818015,374.569479541491,3.08370377368714
101.031694451902,491.661991195845,4.32417507274104
628.936704947054,86.1679945389082,4.07614255392275
420.118417757797,258.215355529602,3.57192814531089
12.2433508932075,183.039984424477,3.32647095518241
58.138943214742,115.156745291666,4.47451122475287
618.456673992066,195.283242923347,4.60588810166429
248.345135678589,215.334969618522,4.02884153150073
583.826748722873,438.800920999969,3.68719208139744
298.656596637041,137.388353036752,3.76262790394424
524.077768542949,451.272434826282,3.43320595556484
58.3440818405802,429.63789807568,4.08050628106295
193.855650333344,282.127582304058,4.27483964869068
554.117210433483,256.016093930424,3.77051073416373
170.97275493605,29.8983380225165,4.25323192090108
503.800835032244,352.682130168559,4.45459455046658
37.9074791141895,46.2222100527342,3.73647221805116
529.888553773035,168.77676653597,4.5510993965667
NA,NA,NA
660.623829911114,334.139830565565,3.49973270291333
456.146576777151,299.37800884044,3.63174418522129
13.3314657147079,492.758219305717,3.61902794661681
561.969741344617,51.868243618926,4.22956771622072
74.0219889953991,374.35130154648,3.96377566886282
228.102369811834,417.449216416009,3.93509175126169
428.91533566117,10.8191342948876,3.3357253180452
361.982682982419,295.587246527977,2.9392917537314
601.862876279693,97.213753808839,4.31589735311793
395.804822084991,227.929157815056,4.30334056387773
560.612225218867,408.271614710477,4.71541240243067
138.450685060937,279.901143628197,4.55453345968174
198.500823164768,368.184415066398,3.98438954854833
126.102316595657,412.242659420489,3.4101869835036
621.094014763269,306.399318060777,4.62451376984657
5.58884951528465,145.449743212605,4.18727884984718
545.907530751396,199.285791345483,4.11854470091845
33.5676634030478,490.298242868995,3.01615976729842
281.065442777105,22.7286142309844,3.76415054069853
532.185182816013,394.097011174251,3.39574716703067
76.1338998345873,87.2087638411563,5.31023850503096
3.95223133775667,76.7807275983407,3.58052065742292
586.397496920238,225.036408918698,3.99001433265902
443.297385947684,456.638397735417,4.8887557503763
660.717955818015,374.569479541491,3.08370377368714
101.031694451902,491.661991195845,4.32417507274104
628.936704947054,86.1679945389082,4.07614255392275
420.118417757797,258.215355529602,3.57192814531089
12.2433508932075,183.039984424477,3.32647095518241
58.138943214742,115.156745291666,4.47451122475287
618.456673992066,195.283242923347,4.60588810166429
248.345135678589,215.334969618522,4.02884153150073
583.826748722873,438.800920999969,3.68719208139744
298.656596637041,137.388353036752,3.76262790394424
524.077768542949,451.272434826282,3.43320595556484
58.3440818405802,429.63789807568,4.08050628106295
193.855650333344,282.127582304058,4.27483964869068
554.117210433483,256.016093930424,3.77051073416373
170.97275493605,29.8983380225165,4.25323192090108
503.800835032244,352.682130168559,4.45459455046658
37.9074791141895,46.2222100527342,3.73647221805116
529.888553773035,168.77676653597,4.5510993965667
NA,NA,NA
664.315698512006,339.550346673382,3.50754939133577
454.652673644277,297.629010748982,3.73682247747022
11.3784994949454,496.1106156466,3.62290460278414
562.93834517497,49.368326969953,4.14228028101523
74.0153604131331,370.225529485294,3.89206917911638
228.484909288632,411.596625786311,3.85778214528337
425.755703884074,13.3414441425213,3.4058195950097
361.554017624555,293.281392784511,3.00184344515668
607.958038679824,103.197580195478,4.24335175331056
391.777503287027,229.09066151294,4.19741271864731
574.421016120432,414.789854209785,4.70367870997593
136.554024895448,285.520548234019,4.41876129204392
198.436344452366,367.888508178734,3.93327716557875
122.867741363153,412.280704203602,3.34797043127973
624.423685147568,311.09469007108,4.67008175942956
-0.543487236368944,145.188314399629,4.27104613182004
546.812057182498,204.010621086086,4.31179992842995
32.9767862516313,490.683934437068,3.01697251029665
276.118816581736,21.1003074544271,3.94261864952996
533.43726530673,392.256799441973,3.32691919590097
72.3002657885934,77.6218221888687,5.19350926740864
2.1578294903325,75.7453779880795,3.54395926033817
593.686273324096,225.619830575345,4.17193734964526
439.060334363445,462.699703175687,4.80700096987176
659.51942592421,373.527565686317,2.91749698200354
104.894463534363,484.161118894774,4.36669915759378
624.563938022383,92.3236832886458,4.08858435407464
420.107426214422,257.455678504953,3.68835912623089
10.9714666511421,182.355741330108,3.18308248168769
73.9282069009296,119.894108898369,4.37320446512372
613.603948743949,203.807799033366,4.36179057837281
266.631517131007,225.699677940592,3.8674847388027
582.576721257543,430.161777199225,3.82842932441657
298.248657217203,141.947321945829,3.78612085443728
533.485223262494,462.149398733524,3.5076073165749
52.6046130556707,423.274204388287,4.13552446167521
189.876035793937,289.62105974308,3.569942248637
547.843629231617,261.780557486691,3.81403819974988
173.002669630571,14.6244261784768,4.65626156145565
504.112138216994,342.503014662754,4.50008063553568
41.449081214942,51.6265158570388,3.79133762192385
545.169529566288,148.125523497268,4.63513585092652
NA,NA,NA
664.315698512006,339.550346673382,3.50754939133577
454.652673644277,297.629010748982,3.73682247747022
11.3784994949454,496.1106156466,3.62290460278414
562.93834517497,49.368326969953,4.14228028101523
74.0153604131331,370.225529485294,3.89206917911638
228.484909288632,411.596625786311,3.85778214528337
425.755703884074,13.3414441425213,3.4058195950097
361.554017624555,293.281392784511,3.00184344515668
607.958038679824,103.197580195478,4.24335175331056
391.777503287027,229.09066151294,4.19741271864731
574.421016120432,414.789854209785,4.70367870997593
136.554024895448,285.520548234019,4.41876129204392
198.436344452366,367.888508178734,3.93327716557875
122.867741363153,412.280704203602,3.34797043127973
624.423685147568,311.09469007108,4.67008175942956
-0.543487236368944,145.188314399629,4.27104613182004
546.812057182498,204.010621086086,4.31179992842995
32.9767862516313,490.683934437068,3.01697251029665
276.118816581736,21.1003074544271,3.94261864952996
533.43726530673,392.256799441973,3.32691919590097
72.3002657885934,77.6218221888687,5.19350926740864
2.1578294903325,75.7453779880795,3.54395926033817
593.686273324096,225.619830575345,4.17193734964526
439.060334363445,462.699703175687,4.80700096987176
659.51942592421,373.527565686317,2.91749698200354
104.894463534363,484.161118894774,4.36669915759378
624.563938022383,92.3236832886458,4.08858435407464
420.107426214422,257.455678504953,3.68835912623089
10.9714666511421,182.355741330108,3.18308248168769
73.9282069009296,119.894108898369,4.37320446512372
613.603948743949,203.807799033366,4.36179057837281
266.631517131007,225.699677940592,3.8674847388027
582.576721257543,430.161777199225,3.82842932441657
298.248657217203,141.947321945829,3.78612085443728
533.485223262494,462.149398733524,3.5076073165749
52.6046130556707,423.274204388287,4.13552446167521
189.876035793937,289.62105974308,3.569942248637
547.843629231617,261.780557486691,3.81403819974988
173.002669630571,14.6244261784768,4.65626156145565
504.112138216994,342.503014662754,4.50008063553568
41.449081214942,51.6265158570388,3.79133762192385
545.169529566288,148.125523497268,4.63513585092652
NA,NA,NA
664.315698512006,339.550346673382,3.50754939133577
454.652673644277,297.629010748982,3.73682247747022
11.3784994949454,496.1106156466,3.62290460278414
562.93834517497,49.368326969953,4.14228028101523
74.0153604131331,370.225529485294,3.89206917911638
228.484909288632,411.596625786311,3.85778214528337
425.755703884074,13.3414441425213,3.4058195950097
361.554017624555,293.281392784511,3.00184344515668
607.958038679824,103.197580195478,4.24335175331056
391.777503287027,229.09066151294,4.19741271864731
574.421016120432,414.789854209785,4.70367870997593
136.554024895448,285.520548234019,4.41876129204392
198.436344452366,367.888508178734,3.93327716557875
122.867741363153,412.280704203602,3.34797043127973
624.423685147568,311.09469007108,4.67008175942956
-0.543487236368944,145.188314399629,4.27104613182004
546.812057182498,204.010621086086,4.31179992842995
32.9767862516313,490.683934437068,3.01697251029665
276.118816581736,21.1003074544271,3.94261864952996
533.43726530673,392.256799441973,3.32691919590097
72.3002657885934,77.6218221888687,5.19350926740864
2.1578294903325,75.7453779880795,3.54395926033817
593.686273324096,225.619830575345,4.17193734964526
439.060334363445,462.699703175687,4.80700096987176
659.51942592421,373.527565686317,2.91749698200354
104.894463534363,484.161118894774,4.36669915759378
624.563938022383,92.3236832886458,4.08858435407464
420.107426214422,257.455678504953,3.68835912623089
10.9714666511421,182.355741330108,3.18308248168769
73.9282069009296,119.894108898369,4.37320446512372
613.603948743949,203.807799033366,4.36179057837281
266.631517131007,225.699677940592,3.8674847388027
582.576721257543,430.161777199225,3.82842932441657
298.248657217203,141.947321945829,3.78612085443728
533.485223262494,462.149398733524,3.5076073165749
52.6046130556707,423.274204388287,4.13552446167521
189.876035793937,289.62105974308,3.569942248637
547.843629231617,261.780557486691,3.81403819974988
173.002669630571,14.6244261784768,4.65626156145565
504.112138216994,342.503014662754,4.50008063553568
41.449081214942,51.6265158570388,3.79133762192385
545.169529566288,148.125523497268,4.63513585092652
NA,NA,NA
664.315698512006,339.550346673382,3.50754939133577
454.652673644277,297.629010748982,3.73682247747022
11.3784994949454,496.1106156466,3.62290460278414
562.93834517497,49.368326969953,4.14228028101523
74.0153604131331,370.225529485294,3.89206917911638
228.484909288632,411.596625786311,3.85778214528337
425.755703884074,13.3414441425213,3.4058195950097
361.554017624555,293.281392784511,3.00184344515668
607.958038679824,103.197580195478,4.24335175331056
391.777503287027,229.09066151294,4.19741271864731
574.421016120432,414.789854209785,4.70367870997593
136.554024895448,285.520548234019,4.41876129204392
198.436344452366,367.888508178734,3.93327716557875
122.867741363153,412.280704203602,3.34797043127973
624.423685147568,311.09469007108,4.67008175942956
-0.543487236368944,145.188314399629,4.27104613182004
546.812057182498,204.010621086086,4.31179992842995
32.9767862516313,490.683934437068,3.01697251029665
276.118816581736,21.1003074544271,3.94261864952996
533.43726530673,392.256799441973,3.32691919590097
72.3002657885934,77.6218221888687,5.19350926740864
2.1578294903325,75.7453779880795,3.54395926033817
593.686273324096,225.619830575345,4.17193734964526
439.060334363445,462.699703175687,4.80700096987176
659.51942592421,373.527565686317,2.91749698200354
104.894463534363,484.161118894774,4.36669915759378
624.563938022383,92.3236832886458,4.08858435407464
420.107426214422,257.455678504953,3.68835912623089
10.9714666511421,182.355741330108,3.18308248168769
73.9282069009296,119.894108898369,4.37320446512372
613.603948743949,203.807799033366,4.36179057837281
266.631517131007,225.699677940592,3.8674847388027
582.576721257543,430.161777199225,3.82842932441657
298.248657217203,141.947321945829,3.78612085443728
533.485223262494,462.149398733524,3.5076073165749
52.6046130556707,423.274204388287,4.13552446167521
189.876035793937,289.62105974308,3.569942248637
547.843629231617,261.780557486691,3.81403819974988
173.002669630571,14.6244261784768,4.65626156145565
504.112138216994,342.503014662754,4.50008063553568
41.449081214942,51.6265158570388,3.79133762192385
545.169529566288,148.125523497268,4.63513585092652
NA,NA,NA
664.315698512006,339.550346673382,3.50754939133577
454.652673644277,297.629010748982,3.73682247747022
11.3784994949454,496.1106156466,3.62290460278414
562.93834517497,49.368326969953,4.14228028101523
74.0153604131331,370.225529485294,3.89206917911638
228.484909288632,411.596625786311,3.85778214528337
425.755703884074,13.3414441425213,3.4058195950097
361.554017624555,293.281392784511,3.00184344515668
607.958038679824,103.197580195478,4.24335175331056
391.777503287027,229.09066151294,4.19741271864731
574.421016120432,414.789854209785,4.70367870997593
136.554024895448,285.520548234019,4.41876129204392
198.436344452366,367.888508178734,3.93327716557875
122.867741363153,412.280704203602,3.34797043127973
624.423685147568,311.09469007108,4.67008175942956
-0.543487236368944,145.188314399629,4.27104613182004
546.812057182498,204.010621086086,4.31179992842995
32.9767862516313,490.683934437068,3.01697251029665
276.118816581736,21.1003074544271,3.94261864952996
533.43726530673,392.256799441973,3.32691919590097
72.3002657885934,77.6218221888687,5.19350926740864
2.1578294903325,75.7453779880795,3.54395926033817
593.686273324096,225.619830575345,4.17193734964526
439.060334363445,462.699703175687,4.80700096987176
659.51942592421,373.527565686317,2.91749698200354
104.894463534363,484.161118894774,4.36669915759378
624.563938022383,92.3236832886458,4.08858435407464
420.107426214422,257.455678504953,3.68835912623089
10.9714666511421,182.355741330108,3.18308248168769
73.9282069009296,119.894108898369,4.37320446512372
613.603948743949,203.807799033366,4.36179057837281
266.631517131007,225.699677940592,3.8674847388027
582.576721257543,430.161777199225,3.82842932441657
298.248657217203,141.947321945829,3.78612085443728
533.485223262494,462.149398733524,3.5076073165749
52.6046130556707,423.274204388287,4.13552446167521
189.876035793937,289.62105974308,3.569942248637
547.843629231617,261.780557486691,3.81403819974988
173.002669630571,14.6244261784768,4.65626156145565
504.112138216994,342.503014662754,4.50008063553568
41.449081214942,51.6265158570388,3.79133762192385
545.169529566288,148.125523497268,4.63513585092652
NA,NA,NA
664.315698512006,339.550346673382,3.50754939133577
454.652673644277,297.629010748982,3.73682247747022
11.3784994949454,496.1106156466,3.62290460278414
562.93834517497,49.368326969953,4.14228028101523
74.0153604131331,370.225529485294,3.89206917911638
228.484909288632,411.596625786311,3.85778214528337
425.755703884074,13.3414441425213,3.4058195950097
361.554017624555,293.281392784511,3.00184344515668
607.958038679824,103.197580195478,4.24335175331056
391.777503287027,229.09066151294,4.19741271864731
574.421016120432,414.789854209785,4.70367870997593
136.554024895448,285.520548234019,4.41876129204392
198.436344452366,367.888508178734,3.93327716557875
122.867741363153,412.280704203602,3.34797043127973
624.423685147568,311.09469007108,4.67008175942956
-0.543487236368944,145.188314399629,4.27104613182004
546.812057182498,204.010621086086,4.31179992842995
32.9767862516313,490.683934437068,3.01697251029665
276.118816581736,21.1003074544271,3.94261864952996
533.43726530673,392.256799441973,3.32691919590097
72.3002657885934,77.6218221888687,5.19350926740864
2.1578294903325,75.7453779880795,3.54395926033817
593.686273324096,225.619830575345,4.17193734964526
439.060334363445,462.699703175687,4.80700096987176
659.51942592421,373.527565686317,2.91749698200354
104.894463534363,484.161118894774,4.36669915759378
624.563938022383,92.3236832886458,4.08858435407464
420.107426214422,257.455678504953,3.68835912623089
10.9714666511421,182.355741330108,3.18308248168769
73.9282069009296,119.894108898369,4.37320446512372
613.603948743949,203.807799033366,4.36179057837281
266.631517131007,225.699677940592,3.8674847388027
582.576721257543,430.161777199225,3.82842932441657
298.248657217203,141.947321945829,3.78612085443728
533.485223262494,462.149398733524,3.5076073165749
52.6046130556707,423.274204388287,4.13552446167521
189.876035793937,289.62105974308,3.569942248637
547.843629231617,261.780557486691,3.81403819974988
173.002669630571,14.6244261784768,4.65626156145565
504.112138216994,342.503014662754,4.50008063553568
41.449081214942,51.6265158570388,3.79133762192385
545.169529566288,148.125523497268,4.63513585092652
NA,NA,NA
660.722012475422,337.386479196957,3.58668821312578
457.431805312578,297.821643848917,3.60631045545418
12.6209298942762,491.974984687355,3.69281589105471
558.406898966521,53.6125786708248,4.28035695188883
74.7786592154843,375.242006392559,3.99489801917843
229.487891617153,412.128506186463,3.83623444300422
427.611170890233,14.7425739328337,3.23520432891966
363.057187809002,292.571337796264,3.16169190122986
610.087344202397,103.654085723024,4.22065225469022
393.369531115331,229.801790209701,4.09709811920203
574.557571761677,409.402683857852,4.70248104436967
138.64589973099,282.340739630033,4.51313992624119
193.373600021808,368.173674197603,3.98101836298628
121.671964152901,410.666005512715,3.41333351614223
626.793521584413,320.053388056199,4.701115457199
1.7675485872512,147.450886232426,4.32819543543928
545.141855433891,201.038910434121,4.12357973022638
34.4132962631842,491.530945381496,2.9407578078563
280.795777783771,26.8115702752428,3.70230870813537
538.511920718046,391.599074545896,3.24854228593801
68.626598333775,69.6328641926788,5.24709347971559
3.92505484583796,77.5249194812673,3.47571585197058
589.673741160535,227.811239558467,4.01165160603827
448.799559470936,453.059814588357,4.696227122869
658.618958373896,372.255139526585,3.10656125036509
108.195774855488,487.326637028292,4.37933823891339
626.577843318439,92.1965667312401,4.0157410148475
420.723927035456,261.778613126254,3.60119400593634
12.9293116491299,182.496533637419,3.16491104569316
59.9695531549029,107.104515309965,4.39631456889058
609.549315522364,202.837998047092,4.1678091678338
253.552742834608,224.994714348311,3.64619038425816
575.768508117485,430.037874069753,3.81045180744351
302.60769640746,137.572127358885,3.90137515147385
536.674928767681,453.689738638712,3.33955429675305
47.1468760690696,420.298931479431,3.80646742926489
204.789820919723,276.858708675604,4.09098466531361
561.791540617994,262.384069630178,3.2444356900536
185.430227021163,27.2859723564214,4.40660257342424
504.065249431806,337.604751661537,4.58596052278818
35.2583288021375,48.0123664351125,3.71633223981163
552.570367993071,150.508704717824,4.66289144341958
NA,NA,NA
660.722012475422,337.386479196957,3.58668821312578
457.431805312578,297.821643848917,3.60631045545418
12.6209298942762,491.974984687355,3.69281589105471
558.406898966521,53.6125786708248,4.28035695188883
74.7786592154843,375.242006392559,3.99489801917843
229.487891617153,412.128506186463,3.83623444300422
427.611170890233,14.7425739328337,3.23520432891966
363.057187809002,292.571337796264,3.16169190122986
610.087344202397,103.654085723024,4.22065225469022
393.369531115331,229.801790209701,4.09709811920203
574.557571761677,409.402683857852,4.70248104436967
138.64589973099,282.340739630033,4.51313992624119
193.373600021808,368.173674197603,3.98101836298628
121.671964152901,410.666005512715,3.41333351614223
626.793521584413,320.053388056199,4.701115457199
1.7675485872512,147.450886232426,4.32819543543928
545.141855433891,201.038910434121,4.12357973022638
34.4132962631842,491.530945381496,2.9407578078563
280.795777783771,26.8115702752428,3.70230870813537
538.511920718046,391.599074545896,3.24854228593801
68.626598333775,69.6328641926788,5.24709347971559
3.92505484583796,77.5249194812673,3.47571585197058
589.673741160535,227.811239558467,4.01165160603827
448.799559470936,453.059814588357,4.696227122869
658.618958373896,372.255139526585,3.10656125036509
108.195774855488,487.326637028292,4.37933823891339
626.577843318439,92.1965667312401,4.0157410148475
420.723927035456,261.778613126254,3.60119400593634
12.9293116491299,182.496533637419,3.16491104569316
59.9695531549029,107.104515309965,4.39631456889058
609.549315522364,202.837998047092,4.1678091678338
253.552742834608,224.994714348311,3.64619038425816
575.768508117485,430.037874069753,3.81045180744351
302.60769640746,137.572127358885,3.90137515147385
536.674928767681,453.689738638712,3.33955429675305
47.1468760690696,420.298931479431,3.80646742926489
204.789820919723,276.858708675604,4.09098466531361
561.791540617994,262.384069630178,3.2444356900536
185.430227021163,27.2859723564214,4.40660257342424
504.065249431806,337.604751661537,4.58596052278818
35.2583288021375,48.0123664351125,3.71633223981163
552.570367993071,150.508704717824,4.66289144341958
NA,NA,NA
660.722012475422,337.386479196957,3.58668821312578
457.431805312578,297.821643848917,3.60631045545418
12.6209298942762,491.974984687355,3.69281589105471
558.406898966521,53.6125786708248,4.28035695188883
74.7786592154843,375.242006392559,3.99489801917843
229.487891617153,412.128506186463,3.83623444300422
427.611170890233,14.7425739328337,3.23520432891966
363.057187809002,292.571337796264,3.16169190122986
610.087344202397,103.654085723024,4.22065225469022
393.369531115331,229.801790209701,4.09709811920203
574.557571761677,409.402683857852,4.70248104436967
138.64589973099,282.340739630033,4.51313992624119
193.373600021808,368.173674197603,3.98101836298628
121.671964152901,410.666005512715,3.41333351614223
626.793521584413,320.053388056199,4.701115457199
1.7675485872512,147.450886232426,4.32819543543928
545.141855433891,201.038910434121,4.12357973022638
34.4132962631842,491.530945381496,2.9407578078563
280.795777783771,26.8115702752428,3.70230870813537
538.511920718046,391.599074545896,3.24854228593801
68.626598333775,69.6328641926788,5.24709347971559
3.92505484583796,77.5249194812673,3.47571585197058
589.673741160535,227.811239558467,4.01165160603827
448.799559470936,453.059814588357,4.696227122869
658.618958373896,372.255139526585,3.10656125036509
108.195774855488,487.326637028292,4.37933823891339
626.577843318439,92.1965667312401,4.0157410148475
420.723927035456,261.778613126254,3.60119400593634
12.9293116491299,182.496533637419,3.16491104569316
59.9695531549029,107.104515309965,4.39631456889058
609.549315522364,202.837998047092,4.1678091678338
253.552742834608,224.994714348311,3.64619038425816
575.768508117485,430.037874069753,3.81045180744351
302.60769640746,137.572127358885,3.90137515147385
536.674928767681,453.689738638712,3.33955429675305
47.1468760690696,420.298931479431,3.80646742926489
204.789820919723,276.858708675604,4.09098466531361
561.791540617994,262.384069630178,3.2444356900536
185.430227021163,27.2859723564214,4.40660257342424
504.065249431806,337.604751661537,4.58596052278818
35.2583288021375,48.0123664351125,3.71633223981163
552.570367993071,150.508704717824,4.66289144341958
NA,NA,NA
660.722012475422,337.386479196957,3.58668821312578
457.431805312578,297.821643848917,3.60631045545418
12.6209298942762,491.974984687355,3.69281589105471
558.406898966521,53.6125786708248,4.28035695188883
74.7786592154843,375.242006392559,3.99489801917843
229.487891617153,412.128506186463,3.83623444300422
427.611170890233,14.7425739328337,3.23520432891966
363.057187809002,292.571337796264,3.16169190122986
610.087344202397,103.654085723024,4.22065225469022
393.369531115331,229.801790209701,4.09709811920203
574.557571761677,409.402683857852,4.70248104436967
138.64589973099,282.340739630033,4.51313992624119
193.373600021808,368.173674197603,3.98101836298628
121.671964152901,410.666005512715,3.41333351614223
626.793521584413,320.053388056199,4.701115457199
1.7675485872512,147.450886232426,4.32819543543928
545.141855433891,201.038910434121,4.12357973022638
34.4132962631842,491.530945381496,2.9407578078563
280.795777783771,26.8115702752428,3.70230870813537
538.511920718046,391.599074545896,3.24854228593801
68.626598333775,69.6328641926788,5.24709347971559
3.92505484583796,77.5249194812673,3.47571585197058
589.673741160535,227.811239558467,4.01165160603827
448.799559470936,453.059814588357,4.696227122869
658.618958373896,372.255139526585,3.10656125036509
108.195774855488,487.326637028292,4.37933823891339
626.577843318439,92.1965667312401,4.0157410148475
420.723927035456,261.778613126254,3.60119400593634
12.9293116491299,182.496533637419,3.16491104569316
59.9695531549029,107.104515309965,4.39631456889058
609.549315522364,202.837998047092,4.1678091678338
253.552742834608,224.994714348311,3.64619038425816
575.768508117485,430.037874069753,3.81045180744351
302.60769640746,137.572127358885,3.90137515147385
536.674928767681,453.689738638712,3.33955429675305
47.1468760690696,420.298931479431,3.80646742926489
204.789820919723,276.858708675604,4.09098466531361
561.791540617994,262.384069630178,3.2444356900536
185.430227021163,27.2859723564214,4.40660257342424
504.065249431806,337.604751661537,4.58596052278818
35.2583288021375,48.0123664351125,3.71633223981163
552.570367993071,150.508704717824,4.66289144341958
NA,NA,NA
660.722012475422,337.386479196957,3.58668821312578
457.431805312578,297.821643848917,3.60631045545418
12.6209298942762,491.974984687355,3.69281589105471
558.406898966521,53.6125786708248,4.28035695188883
74.7786592154843,375.242006392559,3.99489801917843
229.487891617153,412.128506186463,3.83623444300422
427.611170890233,14.7425739328337,3.23520432891966
363.057187809002,292.571337796264,3.16169190122986
610.087344202397,103.654085723024,4.22065225469022
393.369531115331,229.801790209701,4.09709811920203
574.557571761677,409.402683857852,4.70248104436967
138.64589973099,282.340739630033,4.51313992624119
193.373600021808,368.173674197603,3.98101836298628
121.671964152901,410.666005512715,3.41333351614223
626.793521584413,320.053388056199,4.701115457199
1.7675485872512,147.450886232426,4.32819543543928
545.141855433891,201.038910434121,4.12357973022638
34.4132962631842,491.530945381496,2.9407578078563
280.795777783771,26.8115702752428,3.70230870813537
538.511920718046,391.599074545896,3.24854228593801
68.626598333775,69.6328641926788,5.24709347971559
3.92505484583796,77.5249194812673,3.47571585197058
589.673741160535,227.811239558467,4.01165160603827
448.799559470936,453.059814588357,4.696227122869
658.618958373896,372.255139526585,3.10656125036509
108.195774855488,487.326637028292,4.37933823891339
626.577843318439,92.1965667312401,4.0157410148475
420.723927035456,261.778613126254,3.60119400593634
12.9293116491299,182.496533637419,3.16491104569316
59.9695531549029,107.104515309965,4.39631456889058
609.549315522364,202.837998047092,4.1678091678338
253.552742834608,224.994714348311,3.64619038425816
575.768508117485,430.037874069753,3.81045180744351
302.60769640746,137.572127358885,3.90137515147385
536.674928767681,453.689738638712,3.33955429675305
47.1468760690696,420.298931479431,3.80646742926489
204.789820919723,276.858708675604,4.09098466531361
561.791540617994,262.384069630178,3.2444356900536
185.430227021163,27.2859723564214,4.40660257342424
504.065249431806,337.604751661537,4.58596052278818
35.2583288021375,48.0123664351125,3.71633223981163
552.570367993071,150.508704717824,4.66289144341958
NA,NA,NA
660.722012475422,337.386479196957,3.58668821312578
457.431805312578,297.821643848917,3.60631045545418
12.6209298942762,491.974984687355,3.69281589105471
558.406898966521,53.6125786708248,4.28035695188883
74.7786592154843,375.242006392559,3.99489801917843
229.487891617153,412.128506186463,3.83623444300422
427.611170890233,14.7425739328337,3.23520432891966
363.057187809002,292.571337796264,3.16169190122986
610.087344202397,103.654085723024,4.22065225469022
393.369531115331,229.801790209701,4.09709811920203
574.557571761677,409.402683857852,4.70248104436967
138.64589973099,282.340739630033,4.51313992624119
193.373600021808,368.173674197603,3.98101836298628
121.671964152901,410.666005512715,3.41333351614223
626.793521584413,320.053388056199,4.701115457199
1.7675485872512,147.450886232426,4.32819543543928
545.141855433891,201.038910434121,4.12357973022638
34.4132962631842,491.530945381496,2.9407578078563
280.795777783771,26.8115702752428,3.70230870813537
538.511920718046,391.599074545896,3.24854228593801
68.626598333775,69.6328641926788,5.24709347971559
3.92505484583796,77.5249194812673,3.47571585197058
589.673741160535,227.811239558467,4.01165160603827
448.799559470936,453.059814588357,4.696227122869
658.618958373896,372.255139526585,3.10656125036509
108.195774855488,487.326637028292,4.37933823891339
626.577843318439,92.1965667312401,4.0157410148475
420.723927035456,261.778613126254,3.60119400593634
12.9293116491299,182.496533637419,3.16491104569316
59.9695531549029,107.104515309965,4.39631456889058
609.549315522364,202.837998047092,4.1678091678338
253.552742834608,224.994714348311,3.64619038425816
575.768508117485,430.037874069753,3.81045180744351
302.60769640746,137.572127358885,3.90137515147385
536.674928767681,453.689738638712,3.33955429675305
47.1468760690696,420.298931479431,3.80646742926489
204.789820919723,276.858708675604,4.09098466531361
561.791540617994,262.384069630178,3.2444356900536
185.430227021163,27.2859723564214,4.40660257342424
504.065249431806,337.604751661537,4.58596052278818
35.2583288021375,48.0123664351125,3.71633223981163
552.570367993071,150.508704717824,4.66289144341958
NA,NA,NA
659.232566568006,333.765275833969,3.4996837096293
454.486709442981,298.135829629526,3.57932004078216
10.3164202308937,494.716868384089,3.67204879505033
562.400404504505,51.7805028814539,4.26052565197822
71.7149895075706,376.260875651258,3.95221751097121
227.129985457428,416.353976276126,3.85396854195987
427.314426650047,11.3753608851405,3.36504633931716
360.256889020806,292.119899778115,3.02309659995791
609.461482137831,105.545489932511,4.0604409209334
387.05342367304,232.173681826552,4.29837773982537
565.954466683622,403.237715331116,4.6966041238411
133.92769011955,275.672468699882,4.63666659188585
201.349157671259,373.602265703499,3.96552471819444
129.936230097967,408.266169996068,3.45820264820659
626.68530276168,302.6589014307,4.58086550419609
1.84716984132653,145.067779486762,4.23962534978739
544.798512349478,203.404567962377,4.34321697721929
34.6352459642937,490.178437423788,2.9404516001058
278.180740648932,21.0646084260215,3.81891340014948
533.891540322823,393.110288993717,3.25615807886345
76.2232603968417,77.3344520701141,5.209767188165
6.00236403279097,76.7369169214539,3.44180365823212
588.919953435662,225.974735553311,4.05539457036082
430.915117686218,464.410489574706,4.72218563190128
660.358881130548,373.125313671436,3.01318216909814
105.938128771899,480.53274150376,4.33072617877348
620.956978129774,87.2581636892611,3.99178659762154
422.693341532332,257.426197206004,3.73015482172754
11.7596325937145,183.757056279139,3.4092340601204
57.2515524420501,109.88106359902,4.54580714625474
611.777338819851,202.67771297107,3.93232964058463
256.956320073029,216.269650405125,3.78549204455128
577.306570394413,441.352146095232,3.90707450947978
306.773145760929,137.057378491226,3.82760876077109
521.218052880428,462.166238177548,3.69699656736404
48.5127396873421,419.078647529018,3.85676907582812
191.848013676158,285.710056329737,3.58463381856711
552.660530499611,261.924627353049,3.88885113967313
172.683417081772,17.5911037052371,4.2375697394781
497.265853047449,348.827711131183,4.47224205426843
44.7493392174345,46.781031657726,3.59625603571546
550.942499091422,154.108908136672,4.92975151512684
NA,NA,NA
659.232566568006,333.765275833969,3.4996837096293
454.486709442981,298.135829629526,3.57932004078216
10.3164202308937,494.716868384089,3.67204879505033
562.400404504505,51.7805028814539,4.26052565197822
71.7149895075706,376.260875651258,3.95221751097121
227.129985457428,416.353976276126,3.85396854195987
427.314426650047,11.3753608851405,3.36504633931716
360.256889020806,292.119899778115,3.02309659995791
609.461482137831,105.545489932511,4.0604409209334
387.05342367304,232.173681826552,4.29837773982537
565.954466683622,403.237715331116,4.6966041238411
133.92769011955,275.672468699882,4.63666659188585
201.349157671259,373.602265703499,3.96552471819444
129.936230097967,408.266169996068,3.45820264820659
626.68530276168,302.6589014307,4.58086550419609
1.84716984132653,145.067779486762,4.23962534978739
544.798512349478,203.404567962377,4.34321697721929
34.6352459642937,490.178437423788,2.9404516001058
278.180740648932,21.0646084260215,3.81891340014948
533.891540322823,393.110288993717,3.25615807886345
76.2232603968417,77.3344520701141,5.209767188165
6.00236403279097,76.7369169214539,3.44180365823212
588.919953435662,225.974735553311,4.05539457036082
430.915117686218,464.410489574706,4.72218563190128
660.358881130548,373.125313671436,3.01318216909814
105.938128771899,480.53274150376,4.33072617877348
620.956978129774,87.2581636892611,3.99178659762154
422.693341532332,257.426197206004,3.73015482172754
11.7596325937145,183.757056279139,3.4092340601204
57.2515524420501,109.88106359902,4.54580714625474
611.777338819851,202.67771297107,3.93232964058463
256.956320073029,216.269650405125,3.78549204455128
577.306570394413,441.352146095232,3.90707450947978
306.773145760929,137.057378491226,3.82760876077109
521.218052880428,462.166238177548,3.69699656736404
48.5127396873421,419.078647529018,3.85676907582812
191.848013676158,285.710056329737,3.58463381856711
552.660530499611,261.924627353049,3.88885113967313
172.683417081772,17.5911037052371,4.2375697394781
497.265853047449,348.827711131183,4.47224205426843
44.7493392174345,46.781031657726,3.59625603571546
550.942499091422,154.108908136672,4.92975151512684
NA,NA,NA
659.232566568006,333.765275833969,3.4996837096293
454.486709442981,298.135829629526,3.57932004078216
10.3164202308937,494.716868384089,3.67204879505033
562.400404504505,51.7805028814539,4.26052565197822
71.7149895075706,376.260875651258,3.95221751097121
227.129985457428,416.353976276126,3.85396854195987
427.314426650047,11.3753608851405,3.36504633931716
360.256889020806,292.119899778115,3.02309659995791
609.461482137831,105.545489932511,4.0604409209334
387.05342367304,232.173681826552,4.29837773982537
565.954466683622,403.237715331116,4.6966041238411
133.92769011955,275.672468699882,4.63666659188585
201.349157671259,373.602265703499,3.96552471819444
129.936230097967,408.266169996068,3.45820264820659
626.68530276168,302.6589014307,4.58086550419609
1.84716984132653,145.067779486762,4.23962534978739
544.798512349478,203.404567962377,4.34321697721929
34.6352459642937,490.178437423788,2.9404516001058
278.180740648932,21.0646084260215,3.81891340014948
533.891540322823,393.110288993717,3.25615807886345
76.2232603968417,77.3344520701141,5.209767188165
6.00236403279097,76.7369169214539,3.44180365823212
588.919953435662,225.974735553311,4.05539457036082
430.915117686218,464.410489574706,4.72218563190128
660.358881130548,373.125313671436,3.01318216909814
105.938128771899,480.53274150376,4.33072617877348
620.956978129774,87.2581636892611,3.99178659762154
422.693341532332,257.426197206004,3.73015482172754
11.7596325937145,183.757056279139,3.4092340601204
57.2515524420501,109.88106359902,4.54580714625474
611.777338819851,202.67771297107,3.93232964058463
256.956320073029,216.269650405125,3.78549204455128
577.306570394413,441.352146095232,3.90707450947978
306.773145760929,137.057378491226,3.82760876077109
521.218052880428,462.166238177548,3.69699656736404
48.5127396873421,419.078647529018,3.85676907582812
191.848013676158,285.710056329737,3.58463381856711
552.660530499611,261.924627353049,3.88885113967313
172.683417081772,17.5911037052371,4.2375697394781
497.265853047449,348.827711131183,4.47224205426843
44.7493392174345,46.781031657726,3.59625603571546
550.942499091422,154.108908136672,4.92975151512684
NA,NA,NA
659.232566568006,333.765275833969,3.4996837096293
454.486709442981,298.135829629526,3.57932004078216
10.3164202308937,494.716868384089,3.67204879505033
562.400404504505,51.7805028814539,4.26052565197822
71.7149895075706,376.260875651258,3.95221751097121
227.129985457428,416.353976276126,3.85396854195987
427.314426650047,11.3753608851405,3.36504633931716
360.256889020806,292.119899778115,3.02309659995791
609.461482137831,105.545489932511,4.0604409209334
387.05342367304,232.173681826552,4.29837773982537
565.954466683622,403.237715331116,4.6966041238411
133.92769011955,275.672468699882,4.63666659188585
201.349157671259,373.602265703499,3.96552471819444
129.936230097967,408.266169996068,3.45820264820659
626.68530276168,302.6589014307,4.58086550419609
1.84716984132653,145.067779486762,4.23962534978739
544.798512349478,203.404567962377,4.34321697721929
34.6352459642937,490.178437423788,2.9404516001058
278.180740648932,21.0646084260215,3.81891340014948
533.891540322823,393.110288993717,3.25615807886345
76.2232603968417,77.3344520701141,5.209767188165
6.00236403279097,76.7369169214539,3.44180365823212
588.919953435662,225.974735553311,4.05539457036082
430.915117686218,464.410489574706,4.72218563190128
660.358881130548,373.125313671436,3.01318216909814
105.938128771899,480.53274150376,4.33072617877348
620.956978129774,87.2581636892611,3.99178659762154
422.693341532332,257.426197206004,3.73015482172754
11.7596325937145,183.757056279139,3.4092340601204
57.2515524420501,109.88106359902,4.54580714625474
611.777338819851,202.67771297107,3.93232964058463
256.956320073029,216.269650405125,3.78549204455128
577.306570394413,441.352146095232,3.90707450947978
306.773145760929,137.057378491226,3.82760876077109
521.218052880428,462.166238177548,3.69699656736404
48.5127396873421,419.078647529018,3.85676907582812
191.848013676158,285.710056329737,3.58463381856711
552.660530499611,261.924627353049,3.88885113967313
172.683417081772,17.5911037052371,4.2375697394781
497.265853047449,348.827711131183,4.47224205426843
44.7493392174345,46.781031657726,3.59625603571546
550.942499091422,154.108908136672,4.92975151512684
NA,NA,NA
659.232566568006,333.765275833969,3.4996837096293
454.486709442981,298.135829629526,3.57932004078216
10.3164202308937,494.716868384089,3.67204879505033
562.400404504505,51.7805028814539,4.26052565197822
71.7149895075706,376.260875651258,3.95221751097121
227.129985457428,416.353976276126,3.85396854195987
427.314426650047,11.3753608851405,3.36504633931716
360.256889020806,292.119899778115,3.02309659995791
609.461482137831,105.545489932511,4.0604409209334
387.05342367304,232.173681826552,4.29837773982537
565.954466683622,403.237715331116,4.6966041238411
133.92769011955,275.672468699882,4.63666659188585
201.349157671259,373.602265703499,3.96552471819444
129.936230097967,408.266169996068,3.45820264820659
626.68530276168,302.6589014307,4.58086550419609
1.84716984132653,145.067779486762,4.23962534978739
544.798512349478,203.404567962377,4.34321697721929
34.6352459642937,490.178437423788,2.9404516001058
278.180740648932,21.0646084260215,3.81891340014948
533.891540322823,393.110288993717,3.25615807886345
76.2232603968417,77.3344520701141,5.209767188165
6.00236403279097,76.7369169214539,3.44180365823212
588.919953435662,225.974735553311,4.05539457036082
430.915117686218,464.410489574706,4.72218563190128
660.358881130548,373.125313671436,3.01318216909814
105.938128771899,480.53274150376,4.33072617877348
620.956978129774,87.2581636892611,3.99178659762154
422.693341532332,257.426197206004,3.73015482172754
11.7596325937145,183.757056279139,3.4092340601204
57.2515524420501,109.88106359902,4.54580714625474
611.777338819851,202.67771297107,3.93232964058463
256.956320073029,216.269650405125,3.78549204455128
577.306570394413,441.352146095232,3.90707450947978
306.773145760929,137.057378491226,3.82760876077109
521.218052880428,462.166238177548,3.69699656736404
48.5127396873421,419.078647529018,3.85676907582812
191.848013676158,285.710056329737,3.58463381856711
552.660530499611,261.924627353049,3.88885113967313
172.683417081772,17.5911037052371,4.2375697394781
497.265853047449,348.827711131183,4.47224205426843
44.7493392174345,46.781031657726,3.59625603571546
550.942499091422,154.108908136672,4.92975151512684
NA,NA,NA
659.232566568006,333.765275833969,3.4996837096293
454.486709442981,298.135829629526,3.57932004078216
10.3164202308937,494.716868384089,3.67204879505033
562.400404504505,51.7805028814539,4.26052565197822
71.7149895075706,376.260875651258,3.95221751097121
227.129985457428,416.353976276126,3.85396854195987
427.314426650047,11.3753608851405,3.36504633931716
360.256889020806,292.119899778115,3.02309659995791
609.461482137831,105.545489932511,4.0604409209334
387.05342367304,232.173681826552,4.29837773982537
565.954466683622,403.237715331116,4.6966041238411
133.92769011955,275.672468699882,4.63666659188585
201.349157671259,373.602265703499,3.96552471819444
129.936230097967,408.266169996068,3.45820264820659
626.68530276168,302.6589014307,4.58086550419609
1.84716984132653,145.067779486762,4.23962534978739
544.798512349478,203.404567962377,4.34321697721929
34.6352459642937,490.178437423788,2.9404516001058
278.180740648932,21.0646084260215,3.81891340014948
533.891540322823,393.110288993717,3.25615807886345
76.2232603968417,77.3344520701141,5.209767188165
6.00236403279097,76.7369169214539,3.44180365823212
588.919953435662,225.974735553311,4.05539457036082
430.915117686218,464.410489574706,4.72218563190128
660.358881130548,373.125313671436,3.01318216909814
105.938128771899,480.53274150376,4.33072617877348
620.956978129774,87.2581636892611,3.99178659762154
422.693341532332,257.426197206004,3.73015482172754
11.7596325937145,183.757056279139,3.4092340601204
57.2515524420501,109.88106359902,4.54580714625474
611.777338819851,202.67771297107,3.93232964058463
256.956320073029,216.269650405125,3.78549204455128
577.306570394413,441.352146095232,3.90707450947978
306.773145760929,137.057378491226,3.82760876077109
521.218052880428,462.166238177548,3.69699656736404
48.5127396873421,419.078647529018,3.85676907582812
191.848013676158,285.710056329737,3.58463381856711
552.660530499611,261.924627353049,3.88885113967313
172.683417081772,17.5911037052371,4.2375697394781
497.265853047449,348.827711131183,4.47224205426843
44.7493392174345,46.781031657726,3.59625603571546
550.942499091422,154.108908136672,4.92975151512684
NA,NA,NA
662.300693069362,335.843229253088,3.65319895698569
457.394316886317,299.128560753382,3.73090692197734
7.852307374791,489.733661979031,3.71489564139929
563.981825735373,54.7577861185225,4.1126627489196
72.811484074802,377.950124314928,3.89502219281106
226.597639823205,412.545907546238,3.9312104187353
426.178601020545,11.7789235008149,3.32498923882117
361.066069901039,290.683331069498,2.94661268831924
603.519846880902,105.331728894506,4.2318159017428
395.37276014064,227.924567367214,4.28634050581329
564.338099848121,411.741635488056,4.68936151467303
141.4798324094,278.664921425652,4.42131032318095
204.440704318497,370.691238518876,4.01498704148359
122.687948081489,410.560313172637,3.35782195657779
626.640125052555,314.357656180788,4.56990213906429
0.903164807552644,143.047157208171,4.26359520787616
538.202629003643,201.884107978652,4.11377943291667
33.8583928242152,491.503306078192,3.00860343125989
281.180263226008,25.1100471909779,3.97464139692337
535.026756745129,392.201545632327,3.45501136034556
75.8766523968577,79.8451583335111,5.18416029730404
4.38073213541592,75.3660979529856,3.51863726113188
586.28483472253,226.351650591441,3.96539694575419
431.744004508058,452.178623333852,4.75567910354382
657.429555344239,376.529535135879,3.24059404490577
106.375988987505,485.733215292137,4.40570941841942
625.822876092245,92.9636254680063,4.05414371758908
419.539804123111,259.734018801258,3.60103954597749
11.2901946364152,180.500386946755,3.26992165439064
76.8810051996631,125.133338500311,4.39675733962136
620.633481131421,202.080942062657,4.38255054916204
246.066447512634,227.852926828857,3.78872994568292
565.775974656461,436.50787653263,4.02294955175869
303.21968833665,135.035449736951,3.694368701468
533.079570587169,453.96518660733,3.62042811477302
53.1351334294626,426.773273987167,3.91625388052486
190.527484538338,287.883852502386,4.10496914658153
544.794760242861,261.803986309432,3.64770293503429
160.536680739183,31.6362690268944,4.4995209064204
498.316753897113,346.613392338901,4.42595362332048
29.5095715372778,53.5074244176835,3.89762458937894
530.517531353973,137.949898038314,4.3313961073363
NA,NA,NA
662.300693069362,335.843229253088,3.65319895698569
457.394316886317,299.128560753382,3.73090692197734
7.852307374791,489.733661979031,3.71489564139929
563.981825735373,54.7577861185225,4.1126627489196
72.811484074802,377.950124314928,3.89502219281106
226.597639823205,412.545907546238,3.9312104187353
426.178601020545,11.7789235008149,3.32498923882117
361.066069901039,290.683331069498,2.94661268831924
603.519846880902,105.331728894506,4.2318159017428
395.37276014064,227.924567367214,4.28634050581329
564.338099848121,411.741635488056,4.68936151467303
141.4798324094,278.664921425652,4.42131032318095
204.440704318497,370.691238518876,4.01498704148359
122.687948081489,410.560313172637,3.35782195657779
626.640125052555,314.357656180788,4.56990213906429
0.903164807552644,143.047157208171,4.26359520787616
538.202629003643,201.884107978652,4.11377943291667
33.8583928242152,491.503306078192,3.00860343125989
281.180263226008,25.1100471909779,3.97464139692337
535.026756745129,392.201545632327,3.45501136034556
75.8766523968577,79.8451583335111,5.18416029730404
4.38073213541592,75.3660979529856,3.51863726113188
586.28483472253,226.351650591441,3.96539694575419
431.744004508058,452.178623333852,4.75567910354382
657.429555344239,376.529535135879,3.24059404490577
106.375988987505,485.733215292137,4.40570941841942
625.822876092245,92.9636254680063,4.05414371758908
419.539804123111,259.734018801258,3.60103954597749
11.2901946364152,180.500386946755,3.26992165439064
76.8810051996631,125.133338500311,4.39675733962136
620.633481131421,202.080942062657,4.38255054916204
246.066447512634,227.852926828857,3.78872994568292
565.775974656461,436.50787653263,4.02294955175869
303.21968833665,135.035449736951,3.694368701468
533.079570587169,453.96518660733,3.62042811477302
53.1351334294626,426.773273987167,3.91625388052486
190.527484538338,287.883852502386,4.10496914658153
544.794760242861,261.803986309432,3.64770293503429
160.536680739183,31.6362690268944,4.4995209064204
498.316753897113,346.613392338901,4.42595362332048
29.5095715372778,53.5074244176835,3.89762458937894
530.517531353973,137.949898038314,4.3313961073363
NA,NA,NA
662.300693069362,335.843229253088,3.65319895698569
457.394316886317,299.128560753382,3.73090692197734
7.852307374791,489.733661979031,3.71489564139929
563.981825735373,54.7577861185225,4.1126627489196
72.811484074802,377.950124314928,3.89502219281106
226.597639823205,412.545907546238,3.9312104187353
426.178601020545,11.7789235008149,3.32498923882117
361.066069901039,290.683331069498,2.94661268831924
603.519846880902,105.331728894506,4.2318159017428
395.37276014064,227.924567367214,4.28634050581329
564.338099848121,411.741635488056,4.68936151467303
141.4798324094,278.664921425652,4.42131032318095
204.440704318497,370.691238518876,4.01498704148359
122.687948081489,410.560313172637,3.35782195657779
626.640125052555,314.357656180788,4.56990213906429
0.903164807552644,143.047157208171,4.26359520787616
538.202629003643,201.884107978652,4.11377943291667
33.8583928242152,491.503306078192,3.00860343125989
281.180263226008,25.1100471909779,3.97464139692337
535.026756745129,392.201545632327,3.45501136034556
75.8766523968577,79.8451583335111,5.18416029730404
4.38073213541592,75.3660979529856,3.51863726113188
586.28483472253,226.351650591441,3.96539694575419
431.744004508058,452.178623333852,4.75567910354382
657.429555344239,376.529535135879,3.24059404490577
106.375988987505,485.733215292137,4.40570941841942
625.822876092245,92.9636254680063,4.05414371758908
419.539804123111,259.734018801258,3.60103954597749
11.2901946364152,180.500386946755,3.26992165439064
76.8810051996631,125.133338500311,4.39675733962136
620.633481131421,202.080942062657,4.38255054916204
246.066447512634,227.852926828857,3.78872994568292
565.775974656461,436.50787653263,4.02294955175869
303.21968833665,135.035449736951,3.694368701468
533.079570587169,453.96518660733,3.62042811477302
53.1351334294626,426.773273987167,3.91625388052486
190.527484538338,287.883852502386,4.10496914658153
544.794760242861,261.803986309432,3.64770293503429
160.536680739183,31.6362690268944,4.4995209064204
498.316753897113,346.613392338901,4.42595362332048
29.5095715372778,53.5074244176835,3.89762458937894
530.517531353973,137.949898038314,4.3313961073363
NA,NA,NA
662.300693069362,335.843229253088,3.65319895698569
457.394316886317,299.128560753382,3.73090692197734
7.852307374791,489.733661979031,3.71489564139929
563.981825735373,54.7577861185225,4.1126627489196
72.811484074802,377.950124314928,3.89502219281106
226.597639823205,412.545907546238,3.9312104187353
426.178601020545,11.7789235008149,3.32498923882117
361.066069901039,290.683331069498,2.94661268831924
603.519846880902,105.331728894506,4.2318159017428
395.37276014064,227.924567367214,4.28634050581329
564.338099848121,411.741635488056,4.68936151467303
141.4798324094,278.664921425652,4.42131032318095
204.440704318497,370.691238518876,4.01498704148359
122.687948081489,410.560313172637,3.35782195657779
626.640125052555,314.357656180788,4.56990213906429
0.903164807552644,143.047157208171,4.26359520787616
538.202629003643,201.884107978652,4.11377943291667
33.8583928242152,491.503306078192,3.00860343125989
281.180263226008,25.1100471909779,3.97464139692337
535.026756745129,392.201545632327,3.45501136034556
75.8766523968577,79.8451583335111,5.18416029730404
4.38073213541592,75.3660979529856,3.51863726113188
586.28483472253,226.351650591441,3.96539694575419
431.744004508058,452.178623333852,4.75567910354382
657.429555344239,376.529535135879,3.24059404490577
106.375988987505,485.733215292137,4.40570941841942
625.822876092245,92.9636254680063,4.05414371758908
419.539804123111,259.734018801258,3.60103954597749
11.2901946364152,180.500386946755,3.26992165439064
76.8810051996631,125.133338500311,4.39675733962136
620.633481131421,202.080942062657,4.38255054916204
246.066447512634,227.852926828857,3.78872994568292
565.775974656461,436.50787653263,4.02294955175869
303.21968833665,135.035449736951,3.694368701468
533.079570587169,453.96518660733,3.62042811477302
53.1351334294626,426.773273987167,3.91625388052486
190.527484538338,287.883852502386,4.10496914658153
544.794760242861,261.803986309432,3.64770293503429
160.536680739183,31.6362690268944,4.4995209064204
498.316753897113,346.613392338901,4.42595362332048
29.5095715372778,53.5074244176835,3.89762458937894
530.517531353973,137.949898038314,4.3313961073363
NA,NA,NA
662.300693069362,335.843229253088,3.65319895698569
457.394316886317,299.128560753382,3.73090692197734
7.852307374791,489.733661979031,3.71489564139929
563.981825735373,54.7577861185225,4.1126627489196
72.811484074802,377.950124314928,3.89502219281106
226.597639823205,412.545907546238,3.9312104187353
426.178601020545,11.7789235008149,3.32498923882117
361.066069901039,290.683331069498,2.94661268831924
603.519846880902,105.331728894506,4.2318159017428
395.37276014064,227.924567367214,4.28634050581329
564.338099848121,411.741635488056,4.68936151467303
141.4798324094,278.664921425652,4.42131032318095
204.440704318497,370.691238518876,4.01498704148359
122.687948081489,410.560313172637,3.35782195657779
626.640125052555,314.357656180788,4.56990213906429
0.903164807552644,143.047157208171,4.26359520787616
538.202629003643,201.884107978652,4.11377943291667
33.8583928242152,491.503306078192,3.00860343125989
281.180263226008,25.1100471909779,3.97464139692337
535.026756745129,392.201545632327,3.45501136034556
75.8766523968577,79.8451583335111,5.18416029730404
4.38073213541592,75.3660979529856,3.51863726113188
586.28483472253,226.351650591441,3.96539694575419
431.744004508058,452.178623333852,4.75567910354382
657.429555344239,376.529535135879,3.24059404490577
106.375988987505,485.733215292137,4.40570941841942
625.822876092245,92.9636254680063,4.05414371758908
419.539804123111,259.734018801258,3.60103954597749
11.2901946364152,180.500386946755,3.26992165439064
76.8810051996631,125.133338500311,4.39675733962136
620.633481131421,202.080942062657,4.38255054916204
246.066447512634,227.852926828857,3.78872994568292
565.775974656461,436.50787653263,4.02294955175869
303.21968833665,135.035449736951,3.694368701468
533.079570587169,453.96518660733,3.62042811477302
53.1351334294626,426.773273987167,3.91625388052486
190.527484538338,287.883852502386,4.10496914658153
544.794760242861,261.803986309432,3.64770293503429
160.536680739183,31.6362690268944,4.4995209064204
498.316753897113,346.613392338901,4.42595362332048
29.5095715372778,53.5074244176835,3.89762458937894
530.517531353973,137.949898038314,4.3313961073363
NA,NA,NA
662.300693069362,335.843229253088,3.65319895698569
457.394316886317,299.128560753382,3.73090692197734
7.852307374791,489.733661979031,3.71489564139929
563.981825735373,54.7577861185225,4.1126627489196
72.811484074802,377.950124314928,3.89502219281106
226.597639823205,412.545907546238,3.9312104187353
426.178601020545,11.7789235008149,3.32498923882117
361.066069901039,290.683331069498,2.94661268831924
603.519846880902,105.331728894506,4.2318159017428
395.37276014064,227.924567367214,4.28634050581329
564.338099848121,411.741635488056,4.68936151467303
141.4798324094,278.664921425652,4.42131032318095
204.440704318497,370.691238518876,4.01498704148359
122.687948081489,410.560313172637,3.35782195657779
626.640125052555,314.357656180788,4.56990213906429
0.903164807552644,143.047157208171,4.26359520787616
538.202629003643,201.884107978652,4.11377943291667
33.8583928242152,491.503306078192,3.00860343125989
281.180263226008,25.1100471909779,3.97464139692337
535.026756745129,392.201545632327,3.45501136034556
75.8766523968577,79.8451583335111,5.18416029730404
4.38073213541592,75.3660979529856,3.51863726113188
586.28483472253,226.351650591441,3.96539694575419
431.744004508058,452.178623333852,4.75567910354382
657.429555344239,376.529535135879,3.24059404490577
106.375988987505,485.733215292137,4.40570941841942
625.822876092245,92.9636254680063,4.05414371758908
419.539804123111,259.734018801258,3.60103954597749
11.2901946364152,180.500386946755,3.26992165439064
76.8810051996631,125.133338500311,4.39675733962136
620.633481131421,202.080942062657,4.38255054916204
246.066447512634,227.852926828857,3.78872994568292
565.775974656461,436.50787653263,4.02294955175869
303.21968833665,135.035449736951,3.694368701468
533.079570587169,453.96518660733,3.62042811477302
53.1351334294626,426.773273987167,3.91625388052486
190.527484538338,287.883852502386,4.10496914658153
544.794760242861,261.803986309432,3.64770293503429
160.536680739183,31.6362690268944,4.4995209064204
498.316753897113,346.613392338901,4.42595362332048
29.5095715372778,53.5074244176835,3.89762458937894
530.517531353973,137.949898038314,4.3313961073363
NA,NA,NA
665.024130049275,334.301372901855,3.43597560591765
457.221983941642,299.892078066914,3.81907740587619
13.5791051215895,497.52171835178,3.68579166112188
562.599176736864,56.9110210321565,3.96696681265569
73.0352906624129,375.245497434639,4.024112738623
234.954619447298,412.544383911866,3.90474690839958
427.721903554592,9.62885875183873,3.26552970138482
361.593748471343,291.588897540085,3.11622560138071
603.391959231576,106.910206702992,4.29115195535473
390.499751676436,229.864632850466,4.12881353808574
561.600243995864,409.80113921119,4.74830788625856
143.516457280626,283.903557155026,4.66890225889376
200.138926501824,369.843205294378,4.09456260033437
123.277807233744,410.320401570326,3.37687483269489
621.206819255238,308.189552929669,4.55677352693014
3.27583224891437,146.144883406342,4.30956364407007
544.971837849323,200.070394648733,3.98613066241047
33.9213203252943,492.671739883464,2.96401015771208
277.197500063417,24.7293068568476,3.87721586910368
534.378346724695,391.416485343773,3.52168022584725
66.6387052493211,80.5592037976379,5.24429097029272
8.44610748343135,76.6854290597381,3.53026110041356
586.017964466011,226.333574072027,3.9899909774375
441.052948865126,460.993649684642,4.77790908050497
658.707408137217,374.068986885353,3.03587135392873
110.101190349943,486.789894698023,4.44716837496278
625.672352293797,92.249450386378,4.06089945226309
422.079221263721,258.979308493554,3.75332391885006
12.7804557414502,182.746175626702,3.16298965616294
66.2370737963166,123.868361186525,4.25402105336628
613.501698741866,185.423755578906,3.91295901864561
264.184901048444,215.294955397847,3.7135592040672
569.595858316834,448.451551997604,3.70209144977813
304.487631797868,136.249764455026,3.91398932854113
533.448295704204,467.113265936863,3.68418834589
50.2834406409943,424.342172466927,3.67808222402641
192.990869967308,279.954808370099,4.08243826785535
554.577906325607,261.336780597669,3.92470201549028
176.043986429497,22.5247040422825,3.89729757357263
514.387474916031,339.179089543651,4.34813355890556
34.7001155261267,61.4193835534462,3.85310252110364
534.592741361418,135.22681570778,4.87895123487853
NA,NA,NA
665.024130049275,334.301372901855,3.43597560591765
457.221983941642,299.892078066914,3.81907740587619
13.5791051215895,497.52171835178,3.68579166112188
562.599176736864,56.9110210321565,3.96696681265569
73.0352906624129,375.245497434639,4.024112738623
234.954619447298,412.544383911866,3.90474690839958
427.721903554592,9.62885875183873,3.26552970138482
361.593748471343,291.588897540085,3.11622560138071
603.391959231576,106.910206702992,4.29115195535473
390.499751676436,229.864632850466,4.12881353808574
561.600243995864,409.80113921119,4.74830788625856
143.516457280626,283.903557155026,4.66890225889376
200.138926501824,369.843205294378,4.09456260033437
123.277807233744,410.320401570326,3.37687483269489
621.206819255238,308.189552929669,4.55677352693014
3.27583224891437,146.144883406342,4.30956364407007
544.971837849323,200.070394648733,3.98613066241047
33.9213203252943,492.671739883464,2.96401015771208
277.197500063417,24.7293068568476,3.87721586910368
534.378346724695,391.416485343773,3.52168022584725
66.6387052493211,80.5592037976379,5.24429097029272
8.44610748343135,76.6854290597381,3.53026110041356
586.017964466011,226.333574072027,3.9899909774375
441.052948865126,460.993649684642,4.77790908050497
658.707408137217,374.068986885353,3.03587135392873
110.101190349943,486.789894698023,4.44716837496278
625.672352293797,92.249450386378,4.06089945226309
422.079221263721,258.979308493554,3.75332391885006
12.7804557414502,182.746175626702,3.16298965616294
66.2370737963166,123.868361186525,4.25402105336628
613.501698741866,185.423755578906,3.91295901864561
264.184901048444,215.294955397847,3.7135592040672
569.595858316834,448.451551997604,3.70209144977813
304.487631797868,136.249764455026,3.91398932854113
533.448295704204,467.113265936863,3.68418834589
50.2834406409943,424.342172466927,3.67808222402641
192.990869967308,279.954808370099,4.08243826785535
554.577906325607,261.336780597669,3.92470201549028
176.043986429497,22.5247040422825,3.89729757357263
514.387474916031,339.179089543651,4.34813355890556
34.7001155261267,61.4193835534462,3.85310252110364
534.592741361418,135.22681570778,4.87895123487853
NA,NA,NA
665.024130049275,334.301372901855,3.43597560591765
457.221983941642,299.892078066914,3.81907740587619
13.5791051215895,497.52171835178,3.68579166112188
562.599176736864,56.9110210321565,3.96696681265569
73.0352906624129,375.245497434639,4.024112738623
234.954619447298,412.544383911866,3.90474690839958
427.721903554592,9.62885875183873,3.26552970138482
361.593748471343,291.588897540085,3.11622560138071
603.391959231576,106.910206702992,4.29115195535473
390.499751676436,229.864632850466,4.12881353808574
561.600243995864,409.80113921119,4.74830788625856
143.516457280626,283.903557155026,4.66890225889376
200.138926501824,369.843205294378,4.09456260033437
123.277807233744,410.320401570326,3.37687483269489
621.206819255238,308.189552929669,4.55677352693014
3.27583224891437,146.144883406342,4.30956364407007
544.971837849323,200.070394648733,3.98613066241047
33.9213203252943,492.671739883464,2.96401015771208
277.197500063417,24.7293068568476,3.87721586910368
534.378346724695,391.416485343773,3.52168022584725
66.6387052493211,80.5592037976379,5.24429097029272
8.44610748343135,76.6854290597381,3.53026110041356
586.017964466011,226.333574072027,3.9899909774375
441.052948865126,460.993649684642,4.77790908050497
658.707408137217,374.068986885353,3.03587135392873
110.101190349943,486.789894698023,4.44716837496278
625.672352293797,92.249450386378,4.06089945226309
422.079221263721,258.979308493554,3.75332391885006
12.7804557414502,182.746175626702,3.16298965616294
66.2370737963166,123.868361186525,4.25402105336628
613.501698741866,185.423755578906,3.91295901864561
264.184901048444,215.294955397847,3.7135592040672
569.595858316834,448.451551997604,3.70209144977813
304.487631797868,136.249764455026,3.91398932854113
533.448295704204,467.113265936863,3.68418834589
50.2834406409943,424.342172466927,3.67808222402641
192.990869967308,279.954808370099,4.08243826785535
554.577906325607,261.336780597669,3.92470201549028
176.043986429497,22.5247040422825,3.89729757357263
514.387474916031,339.179089543651,4.34813355890556
34.7001155261267,61.4193835534462,3.85310252110364
534.592741361418,135.22681570778,4.87895123487853
NA,NA,NA
665.024130049275,334.301372901855,3.43597560591765
457.221983941642,299.892078066914,3.81907740587619
13.5791051215895,497.52171835178,3.68579166112188
562.599176736864,56.9110210321565,3.96696681265569
73.0352906624129,375.245497434639,4.024112738623
234.954619447298,412.544383911866,3.90474690839958
427.721903554592,9.62885875183873,3.26552970138482
361.593748471343,291.588897540085,3.11622560138071
603.391959231576,106.910206702992,4.29115195535473
390.499751676436,229.864632850466,4.12881353808574
561.600243995864,409.80113921119,4.74830788625856
143.516457280626,283.903557155026,4.66890225889376
200.138926501824,369.843205294378,4.09456260033437
123.277807233744,410.320401570326,3.37687483269489
621.206819255238,308.189552929669,4.55677352693014
3.27583224891437,146.144883406342,4.30956364407007
544.971837849323,200.070394648733,3.98613066241047
33.9213203252943,492.671739883464,2.96401015771208
277.197500063417,24.7293068568476,3.87721586910368
534.378346724695,391.416485343773,3.52168022584725
66.6387052493211,80.5592037976379,5.24429097029272
8.44610748343135,76.6854290597381,3.53026110041356
586.017964466011,226.333574072027,3.9899909774375
441.052948865126,460.993649684642,4.77790908050497
658.707408137217,374.068986885353,3.03587135392873
110.101190349943,486.789894698023,4.44716837496278
625.672352293797,92.249450386378,4.06089945226309
422.079221263721,258.979308493554,3.75332391885006
12.7804557414502,182.746175626702,3.16298965616294
66.2370737963166,123.868361186525,4.25402105336628
613.501698741866,185.423755578906,3.91295901864561
264.184901048444,215.294955397847,3.7135592040672
569.595858316834,448.451551997604,3.70209144977813
304.487631797868,136.249764455026,3.91398932854113
533.448295704204,467.113265936863,3.68418834589
50.2834406409943,424.342172466927,3.67808222402641
192.990869967308,279.954808370099,4.08243826785535
554.577906325607,261.336780597669,3.92470201549028
176.043986429497,22.5247040422825,3.89729757357263
514.387474916031,339.179089543651,4.34813355890556
34.7001155261267,61.4193835534462,3.85310252110364
534.592741361418,135.22681570778,4.87895123487853
NA,NA,NA
665.024130049275,334.301372901855,3.43597560591765
457.221983941642,299.892078066914,3.81907740587619
13.5791051215895,497.52171835178,3.68579166112188
562.599176736864,56.9110210321565,3.96696681265569
73.0352906624129,375.245497434639,4.024112738623
234.954619447298,412.544383911866,3.90474690839958
427.721903554592,9.62885875183873,3.26552970138482
361.593748471343,291.588897540085,3.11622560138071
603.391959231576,106.910206702992,4.29115195535473
390.499751676436,229.864632850466,4.12881353808574
561.600243995864,409.80113921119,4.74830788625856
143.516457280626,283.903557155026,4.66890225889376
200.138926501824,369.843205294378,4.09456260033437
123.277807233744,410.320401570326,3.37687483269489
621.206819255238,308.189552929669,4.55677352693014
3.27583224891437,146.144883406342,4.30956364407007
544.971837849323,200.070394648733,3.98613066241047
33.9213203252943,492.671739883464,2.96401015771208
277.197500063417,24.7293068568476,3.87721586910368
534.378346724695,391.416485343773,3.52168022584725
66.6387052493211,80.5592037976379,5.24429097029272
8.44610748343135,76.6854290597381,3.53026110041356
586.017964466011,226.333574072027,3.9899909774375
441.052948865126,460.993649684642,4.77790908050497
658.707408137217,374.068986885353,3.03587135392873
110.101190349943,486.789894698023,4.44716837496278
625.672352293797,92.249450386378,4.06089945226309
422.079221263721,258.979308493554,3.75332391885006
12.7804557414502,182.746175626702,3.16298965616294
66.2370737963166,123.868361186525,4.25402105336628
613.501698741866,185.423755578906,3.91295901864561
264.184901048444,215.294955397847,3.7135592040672
569.595858316834,448.451551997604,3.70209144977813
304.487631797868,136.249764455026,3.91398932854113
533.448295704204,467.113265936863,3.68418834589
50.2834406409943,424.342172466927,3.67808222402641
192.990869967308,279.954808370099,4.08243826785535
554.577906325607,261.336780597669,3.92470201549028
176.043986429497,22.5247040422825,3.89729757357263
514.387474916031,339.179089543651,4.34813355890556
34.7001155261267,61.4193835534462,3.85310252110364
534.592741361418,135.22681570778,4.87895123487853
NA,NA,NA
665.024130049275,334.301372901855,3.43597560591765
457.221983941642,299.892078066914,3.81907740587619
13.5791051215895,497.52171835178,3.68579166112188
562.599176736864,56.9110210321565,3.96696681265569
73.0352906624129,375.245497434639,4.024112738623
234.954619447298,412.544383911866,3.90474690839958
427.721903554592,9.62885875183873,3.26552970138482
361.593748471343,291.588897540085,3.11622560138071
603.391959231576,106.910206702992,4.29115195535473
390.499751676436,229.864632850466,4.12881353808574
561.600243995864,409.80113921119,4.74830788625856
143.516457280626,283.903557155026,4.66890225889376
200.138926501824,369.843205294378,4.09456260033437
123.277807233744,410.320401570326,3.37687483269489
621.206819255238,308.189552929669,4.55677352693014
3.27583224891437,146.144883406342,4.30956364407007
544.971837849323,200.070394648733,3.98613066241047
33.9213203252943,492.671739883464,2.96401015771208
277.197500063417,24.7293068568476,3.87721586910368
534.378346724695,391.416485343773,3.52168022584725
66.6387052493211,80.5592037976379,5.24429097029272
8.44610748343135,76.6854290597381,3.53026110041356
586.017964466011,226.333574072027,3.9899909774375
441.052948865126,460.993649684642,4.77790908050497
658.707408137217,374.068986885353,3.03587135392873
110.101190349943,486.789894698023,4.44716837496278
625.672352293797,92.249450386378,4.06089945226309
422.079221263721,258.979308493554,3.75332391885006
12.7804557414502,182.746175626702,3.16298965616294
66.2370737963166,123.868361186525,4.25402105336628
613.501698741866,185.423755578906,3.91295901864561
264.184901048444,215.294955397847,3.7135592040672
569.595858316834,448.451551997604,3.70209144977813
304.487631797868,136.249764455026,3.91398932854113
533.448295704204,467.113265936863,3.68418834589
50.2834406409943,424.342172466927,3.67808222402641
192.990869967308,279.954808370099,4.08243826785535
554.577906325607,261.336780597669,3.92470201549028
176.043986429497,22.5247040422825,3.89729757357263
514.387474916031,339.179089543651,4.34813355890556
34.7001155261267,61.4193835534462,3.85310252110364
534.592741361418,135.22681570778,4.87895123487853
NA,NA,NA
661.631381904843,332.248942480467,3.6343663022724
458.492279707949,298.139548822941,3.76561631498976
12.871597670921,494.030741278324,3.55282069233585
559.013898445757,55.1923409603907,4.17775388099493
72.3116360301933,376.737710601698,3.9006270310581
225.685756632638,411.43115342147,3.92929641049815
430.631959886728,13.9215614830286,3.39170258831144
362.041578291255,291.142504922424,2.98903445348299
601.285173278434,99.7217789763049,4.20564265839512
392.606864216794,231.072679150978,4.22707530457828
566.56986269971,412.65485808354,4.74773784855792
138.93317026918,288.993887392308,4.69822371817218
198.30500387752,368.378487250643,4.00411291316228
124.164626900192,413.975676376862,3.47511312188194
627.071780128579,318.368152478164,4.62304876194404
-4.32836498413546,147.617671681824,4.3508869764291
540.853877230459,199.22346368775,4.16838444913748
34.2623790776792,492.234537565923,3.13443831699905
279.918694468296,20.6243602238238,3.86032472376771
535.147716116529,393.248143906862,3.36807101642931
65.1893701546121,82.0186891208218,5.32671788506864
4.29127742208761,80.521743792656,3.49858129260626
587.221616217403,228.551384676521,4.00855368347127
450.260427477794,461.776054557747,4.75513157273779
659.693856803979,372.387121648637,3.11042560433185
110.878260449408,486.053108353011,4.36640436851559
621.543147783852,87.4007726117588,4.06039639585346
418.923002122502,257.805454885737,3.59059800162383
10.527044222861,181.086639020121,3.17605025169417
80.5198071207246,118.695399035547,4.38225315886054
596.747337537241,211.538910367399,4.49659042556136
258.562742853203,220.585251625546,3.86955033581804
573.567702983121,420.055238295905,3.8378927091069
297.74748060184,133.827292309598,3.93300765627558
534.777230835874,453.9450996376,3.57557838840272
50.7696883895031,418.235276620198,3.80145661242081
201.191314521371,290.690831556867,4.09960209004947
540.668627516168,266.55464625552,3.79144515359103
167.719602258852,19.8219574445208,4.07741158465019
502.20796038112,356.490488754292,4.5548610534673
37.6205690789744,54.6997038565625,3.76295769069983
531.794430421236,163.018912634844,4.16588854507122
NA,NA,NA
661.631381904843,332.248942480467,3.6343663022724
458.492279707949,298.139548822941,3.76561631498976
12.871597670921,494.030741278324,3.55282069233585
559.013898445757,55.1923409603907,4.17775388099493
72.3116360301933,376.737710601698,3.9006270310581
225.685756632638,411.43115342147,3.92929641049815
430.631959886728,13.9215614830286,3.39170258831144
362.041578291255,291.142504922424,2.98903445348299
601.285173278434,99.7217789763049,4.20564265839512
392.606864216794,231.072679150978,4.22707530457828
566.56986269971,412.65485808354,4.74773784855792
138.93317026918,288.993887392308,4.69822371817218
198.30500387752,368.378487250643,4.00411291316228
124.164626900192,413.975676376862,3.47511312188194
627.071780128579,318.368152478164,4.62304876194404
-4.32836498413546,147.617671681824,4.3508869764291
540.853877230459,199.22346368775,4.16838444913748
34.2623790776792,492.234537565923,3.13443831699905
279.918694468296,20.6243602238238,3.86032472376771
535.147716116529,393.248143906862,3.36807101642931
65.1893701546121,82.0186891208218,5.32671788506864
4.29127742208761,80.521743792656,3.49858129260626
587.221616217403,228.551384676521,4.00855368347127
450.260427477794,461.776054557747,4.75513157273779
659.693856803979,372.387121648637,3.11042560433185
110.878260449408,486.053108353011,4.36640436851559
621.543147783852,87.4007726117588,4.06039639585346
418.923002122502,257.805454885737,3.59059800162383
10.527044222861,181.086639020121,3.17605025169417
80.5198071207246,118.695399035547,4.38225315886054
596.747337537241,211.538910367399,4.49659042556136
258.562742853203,220.585251625546,3.86955033581804
573.567702983121,420.055238295905,3.8378927091069
297.74748060184,133.827292309598,3.93300765627558
534.777230835874,453.9450996376,3.57557838840272
50.7696883895031,418.235276620198,3.80145661242081
201.191314521371,290.690831556867,4.09960209004947
540.668627516168,266.55464625552,3.79144515359103
167.719602258852,19.8219574445208,4.07741158465019
502.20796038112,356.490488754292,4.5548610534673
37.6205690789744,54.6997038565625,3.76295769069983
531.794430421236,163.018912634844,4.16588854507122
NA,NA,NA
661.631381904843,332.248942480467,3.6343663022724
458.492279707949,298.139548822941,3.76561631498976
12.871597670921,494.030741278324,3.55282069233585
559.013898445757,55.1923409603907,4.17775388099493
72.3116360301933,376.737710601698,3.9006270310581
225.685756632638,411.43115342147,3.92929641049815
430.631959886728,13.9215614830286,3.39170258831144
362.041578291255,291.142504922424,2.98903445348299
601.285173278434,99.7217789763049,4.20564265839512
392.606864216794,231.072679150978,4.22707530457828
566.56986269971,412.65485808354,4.74773784855792
138.93317026918,288.993887392308,4.69822371817218
198.30500387752,368.378487250643,4.00411291316228
124.164626900192,413.975676376862,3.47511312188194
627.071780128579,318.368152478164,4.62304876194404
-4.32836498413546,147.617671681824,4.3508869764291
540.853877230459,199.22346368775,4.16838444913748
34.2623790776792,492.234537565923,3.13443831699905
279.918694468296,20.6243602238238,3.86032472376771
535.147716116529,393.248143906862,3.36807101642931
65.1893701546121,82.0186891208218,5.32671788506864
4.29127742208761,80.521743792656,3.49858129260626
587.221616217403,228.551384676521,4.00855368347127
450.260427477794,461.776054557747,4.75513157273779
659.693856803979,372.387121648637,3.11042560433185
110.878260449408,486.053108353011,4.36640436851559
621.543147783852,87.4007726117588,4.06039639585346
418.923002122502,257.805454885737,3.59059800162383
10.527044222861,181.086639020121,3.17605025169417
80.5198071207246,118.695399035547,4.38225315886054
596.747337537241,211.538910367399,4.49659042556136
258.562742853203,220.585251625546,3.86955033581804
573.567702983121,420.055238295905,3.8378927091069
297.74748060184,133.827292309598,3.93300765627558
534.777230835874,453.9450996376,3.57557838840272
50.7696883895031,418.235276620198,3.80145661242081
201.191314521371,290.690831556867,4.09960209004947
540.668627516168,266.55464625552,3.79144515359103
167.719602258852,19.8219574445208,4.07741158465019
502.20796038112,356.490488754292,4.5548610534673
37.6205690789744,54.6997038565625,3.76295769069983
531.794430421236,163.018912634844,4.16588854507122
NA,NA,NA
661.631381904843,332.248942480467,3.6343663022724
458.492279707949,298.139548822941,3.76561631498976
12.871597670921,494.030741278324,3.55282069233585
559.013898445757,55.1923409603907,4.17775388099493
72.3116360301933,376.737710601698,3.9006270310581
225.685756632638,411.43115342147,3.92929641049815
430.631959886728,13.9215614830286,3.39170258831144
362.041578291255,291.142504922424,2.98903445348299
601.285173278434,99.7217789763049,4.20564265839512
392.606864216794,231.072679150978,4.22707530457828
566.56986269971,412.65485808354,4.74773784855792
138.93317026918,288.993887392308,4.69822371817218
198.30500387752,368.378487250643,4.00411291316228
124.164626900192,413.975676376862,3.47511312188194
627.071780128579,318.368152478164,4.62304876194404
-4.32836498413546,147.617671681824,4.3508869764291
540.853877230459,199.22346368775,4.16838444913748
34.2623790776792,492.234537565923,3.13443831699905
279.918694468296,20.6243602238238,3.86032472376771
535.147716116529,393.248143906862,3.36807101642931
65.1893701546121,82.0186891208218,5.32671788506864
4.29127742208761,80.521743792656,3.49858129260626
587.221616217403,228.551384676521,4.00855368347127
450.260427477794,461.776054557747,4.75513157273779
659.693856803979,372.387121648637,3.11042560433185
110.878260449408,486.053108353011,4.36640436851559
621.543147783852,87.4007726117588,4.06039639585346
418.923002122502,257.805454885737,3.59059800162383
10.527044222861,181.086639020121,3.17605025169417
80.5198071207246,118.695399035547,4.38225315886054
596.747337537241,211.538910367399,4.49659042556136
258.562742853203,220.585251625546,3.86955033581804
573.567702983121,420.055238295905,3.8378927091069
297.74748060184,133.827292309598,3.93300765627558
534.777230835874,453.9450996376,3.57557838840272
50.7696883895031,418.235276620198,3.80145661242081
201.191314521371,290.690831556867,4.09960209004947
540.668627516168,266.55464625552,3.79144515359103
167.719602258852,19.8219574445208,4.07741158465019
502.20796038112,356.490488754292,4.5548610534673
37.6205690789744,54.6997038565625,3.76295769069983
531.794430421236,163.018912634844,4.16588854507122
NA,NA,NA
661.631381904843,332.248942480467,3.6343663022724
458.492279707949,298.139548822941,3.76561631498976
12.871597670921,494.030741278324,3.55282069233585
559.013898445757,55.1923409603907,4.17775388099493
72.3116360301933,376.737710601698,3.9006270310581
225.685756632638,411.43115342147,3.92929641049815
430.631959886728,13.9215614830286,3.39170258831144
362.041578291255,291.142504922424,2.98903445348299
601.285173278434,99.7217789763049,4.20564265839512
392.606864216794,231.072679150978,4.22707530457828
566.56986269971,412.65485808354,4.74773784855792
138.93317026918,288.993887392308,4.69822371817218
198.30500387752,368.378487250643,4.00411291316228
124.164626900192,413.975676376862,3.47511312188194
627.071780128579,318.368152478164,4.62304876194404
-4.32836498413546,147.617671681824,4.3508869764291
540.853877230459,199.22346368775,4.16838444913748
34.2623790776792,492.234537565923,3.13443831699905
279.918694468296,20.6243602238238,3.86032472376771
535.147716116529,393.248143906862,3.36807101642931
65.1893701546121,82.0186891208218,5.32671788506864
4.29127742208761,80.521743792656,3.49858129260626
587.221616217403,228.551384676521,4.00855368347127
450.260427477794,461.776054557747,4.75513157273779
659.693856803979,372.387121648637,3.11042560433185
110.878260449408,486.053108353011,4.36640436851559
621.543147783852,87.4007726117588,4.06039639585346
418.923002122502,257.805454885737,3.59059800162383
10.527044222861,181.086639020121,3.17605025169417
80.5198071207246,118.695399035547,4.38225315886054
596.747337537241,211.538910367399,4.49659042556136
258.562742853203,220.585251625546,3.86955033581804
573.567702983121,420.055238295905,3.8378927091069
297.74748060184,133.827292309598,3.93300765627558
534.777230835874,453.9450996376,3.57557838840272
50.7696883895031,418.235276620198,3.80145661242081
201.191314521371,290.690831556867,4.09960209004947
540.668627516168,266.55464625552,3.79144515359103
167.719602258852,19.8219574445208,4.07741158465019
502.20796038112,356.490488754292,4.5548610534673
37.6205690789744,54.6997038565625,3.76295769069983
531.794430421236,163.018912634844,4.16588854507122
NA,NA,NA
661.631381904843,332.248942480467,3.6343663022724
458.492279707949,298.139548822941,3.76561631498976
12.871597670921,494.030741278324,3.55282069233585
559.013898445757,55.1923409603907,4.17775388099493
72.3116360301933,376.737710601698,3.9006270310581
225.685756632638,411.43115342147,3.92929641049815
430.631959886728,13.9215614830286,3.39170258831144
362.041578291255,291.142504922424,2.98903445348299
601.285173278434,99.7217789763049,4.20564265839512
392.606864216794,231.072679150978,4.22707530457828
566.56986269971,412.65485808354,4.74773784855792
138.93317026918,288.993887392308,4.69822371817218
198.30500387752,368.378487250643,4.00411291316228
124.164626900192,413.975676376862,3.47511312188194
627.071780128579,318.368152478164,4.62304876194404
-4.32836498413546,147.617671681824,4.3508869764291
540.853877230459,199.22346368775,4.16838444913748
34.2623790776792,492.234537565923,3.13443831699905
279.918694468296,20.6243602238238,3.86032472376771
535.147716116529,393.248143906862,3.36807101642931
65.1893701546121,82.0186891208218,5.32671788506864
4.29127742208761,80.521743792656,3.49858129260626
587.221616217403,228.551384676521,4.00855368347127
450.260427477794,461.776054557747,4.75513157273779
659.693856803979,372.387121648637,3.11042560433185
110.878260449408,486.053108353011,4.36640436851559
621.543147783852,87.4007726117588,4.06039639585346
418.923002122502,257.805454885737,3.59059800162383
10.527044222861,181.086639020121,3.17605025169417
80.5198071207246,118.695399035547,4.38225315886054
596.747337537241,211.538910367399,4.49659042556136
258.562742853203,220.585251625546,3.86955033581804
573.567702983121,420.055238295905,3.8378927091069
297.74748060184,133.827292309598,3.93300765627558
534.777230835874,453.9450996376,3.57557838840272
50.7696883895031,418.235276620198,3.80145661242081
201.191314521371,290.690831556867,4.09960209004947
540.668627516168,266.55464625552,3.79144515359103
167.719602258852,19.8219574445208,4.07741158465019
502.20796038112,356.490488754292,4.5548610534673
37.6205690789744,54.6997038565625,3.76295769069983
531.794430421236,163.018912634844,4.16588854507122
NA,NA,NA
661.738280775202,335.713980076647,3.5528728613316
458.500304163969,302.905750180915,3.54486220041819
9.19447803976201,494.94265750332,3.60334921961745
562.8831833497,48.4687950535838,4.12958956069525
68.1746190995868,374.871680447274,3.93345301853415
225.949160415637,413.457165019418,3.92994659474668
426.043192290183,13.8361652975001,3.31501290324678
362.403233171742,291.434170709858,2.95098148689923
607.617157488369,104.801299495555,4.2252583162501
389.214460190244,227.256140430763,4.20988569495859
573.180070767182,414.699579000631,4.7402980252819
148.061711244187,281.527189263947,4.55890389214035
197.089265601655,367.414087918579,4.04749253788597
126.200074369318,411.731321700455,3.46862753638316
626.210387416902,306.729002183364,4.58074860716813
-0.683446626037158,139.213902380795,4.22789514250868
538.29772485423,203.362290860667,4.04200721980255
33.391267292083,492.380365180617,3.22930056645947
277.277311773899,23.9528725499487,3.84268759767695
533.156976877779,390.960753764189,3.38621767780879
81.8349654613125,75.5515602022137,5.2338267985393
3.50208637066364,75.4837866759948,3.4387098124996
587.601056091122,228.71332113174,4.03891483820022
445.278447776037,457.554992771031,4.71098933796939
658.147870050868,373.535936297802,3.2747003112473
101.505372170459,484.681674657975,4.2817314093564
622.987426113108,92.8714262662375,4.11758465274723
421.938971540761,256.618538155184,3.62990568913668
15.036220414084,181.914423053169,3.19541150500816
54.0556066208221,114.067964491586,4.41874473679176
612.866762804231,198.813922063011,4.12796144514023
255.303964971583,231.669281567046,3.95836072534636
567.540103744606,430.267934788315,3.92828368357894
298.489230393316,134.360072198521,3.78161498829464
534.506536556054,456.850893407022,3.74003786340773
40.5513438759166,420.306784948969,3.79040508954895
193.566415505936,278.747641724372,3.77060854965382
540.481088730082,261.215097861383,3.83661906702089
162.843488433323,23.5120978343464,4.29254063046324
496.817669336593,337.178197394243,4.29986749132242
39.8657183094255,51.031676665424,3.6639502548264
532.439687152248,142.228819531959,4.82468160257452
NA,NA,NA
661.738280775202,335.713980076647,3.5528728613316
458.500304163969,302.905750180915,3.54486220041819
9.19447803976201,494.94265750332,3.60334921961745
562.8831833497,48.4687950535838,4.12958956069525
68.1746190995868,374.871680447274,3.93345301853415
225.949160415637,413.457165019418,3.92994659474668
426.043192290183,13.8361652975001,3.31501290324678
362.403233171742,291.434170709858,2.95098148689923
607.617157488369,104.801299495555,4.2252583162501
389.214460190244,227.256140430763,4.20988569495859
573.180070767182,414.699579000631,4.7402980252819
148.061711244187,281.527189263947,4.55890389214035
197.089265601655,367.414087918579,4.04749253788597
126.200074369318,411.731321700455,3.46862753638316
626.210387416902,306.729002183364,4.58074860716813
-0.683446626037158,139.213902380795,4.22789514250868
538.29772485423,203.362290860667,4.04200721980255
33.391267292083,492.380365180617,3.22930056645947
277.277311773899,23.9528725499487,3.84268759767695
533.156976877779,390.960753764189,3.38621767780879
81.8349654613125,75.5515602022137,5.2338267985393
3.50208637066364,75.4837866759948,3.4387098124996
587.601056091122,228.71332113174,4.03891483820022
445.278447776037,457.554992771031,4.71098933796939
658.147870050868,373.535936297802,3.2747003112473
101.505372170459,484.681674657975,4.2817314093564
622.987426113108,92.8714262662375,4.11758465274723
421.938971540761,256.618538155184,3.62990568913668
15.036220414084,181.914423053169,3.19541150500816
54.0556066208221,114.067964491586,4.41874473679176
612.866762804231,198.813922063011,4.12796144514023
255.303964971583,231.669281567046,3.95836072534636
567.540103744606,430.267934788315,3.92828368357894
298.489230393316,134.360072198521,3.78161498829464
534.506536556054,456.850893407022,3.74003786340773
40.5513438759166,420.306784948969,3.79040508954895
193.566415505936,278.747641724372,3.77060854965382
540.481088730082,261.215097861383,3.83661906702089
162.843488433323,23.5120978343464,4.29254063046324
496.817669336593,337.178197394243,4.29986749132242
39.8657183094255,51.031676665424,3.6639502548264
532.439687152248,142.228819531959,4.82468160257452
NA,NA,NA
661.738280775202,335.713980076647,3.5528728613316
458.500304163969,302.905750180915,3.54486220041819
9.19447803976201,494.94265750332,3.60334921961745
562.8831833497,48.4687950535838,4.12958956069525
68.1746190995868,374.871680447274,3.93345301853415
225.949160415637,413.457165019418,3.92994659474668
426.043192290183,13.8361652975001,3.31501290324678
362.403233171742,291.434170709858,2.95098148689923
607.617157488369,104.801299495555,4.2252583162501
389.214460190244,227.256140430763,4.20988569495859
573.180070767182,414.699579000631,4.7402980252819
148.061711244187,281.527189263947,4.55890389214035
197.089265601655,367.414087918579,4.04749253788597
126.200074369318,411.731321700455,3.46862753638316
626.210387416902,306.729002183364,4.58074860716813
-0.683446626037158,139.213902380795,4.22789514250868
538.29772485423,203.362290860667,4.04200721980255
33.391267292083,492.380365180617,3.22930056645947
277.277311773899,23.9528725499487,3.84268759767695
533.156976877779,390.960753764189,3.38621767780879
81.8349654613125,75.5515602022137,5.2338267985393
3.50208637066364,75.4837866759948,3.4387098124996
587.601056091122,228.71332113174,4.03891483820022
445.278447776037,457.554992771031,4.71098933796939
658.147870050868,373.535936297802,3.2747003112473
101.505372170459,484.681674657975,4.2817314093564
622.987426113108,92.8714262662375,4.11758465274723
421.938971540761,256.618538155184,3.62990568913668
15.036220414084,181.914423053169,3.19541150500816
54.0556066208221,114.067964491586,4.41874473679176
612.866762804231,198.813922063011,4.12796144514023
255.303964971583,231.669281567046,3.95836072534636
567.540103744606,430.267934788315,3.92828368357894
298.489230393316,134.360072198521,3.78161498829464
534.506536556054,456.850893407022,3.74003786340773
40.5513438759166,420.306784948969,3.79040508954895
193.566415505936,278.747641724372,3.77060854965382
540.481088730082,261.215097861383,3.83661906702089
162.843488433323,23.5120978343464,4.29254063046324
496.817669336593,337.178197394243,4.29986749132242
39.8657183094255,51.031676665424,3.6639502548264
532.439687152248,142.228819531959,4.82468160257452
NA,NA,NA
661.738280775202,335.713980076647,3.5528728613316
458.500304163969,302.905750180915,3.54486220041819
9.19447803976201,494.94265750332,3.60334921961745
562.8831833497,48.4687950535838,4.12958956069525
68.1746190995868,374.871680447274,3.93345301853415
225.949160415637,413.457165019418,3.92994659474668
426.043192290183,13.8361652975001,3.31501290324678
362.403233171742,291.434170709858,2.95098148689923
607.617157488369,104.801299495555,4.2252583162501
389.214460190244,227.256140430763,4.20988569495859
573.180070767182,414.699579000631,4.7402980252819
148.061711244187,281.527189263947,4.55890389214035
197.089265601655,367.414087918579,4.04749253788597
126.200074369318,411.731321700455,3.46862753638316
626.210387416902,306.729002183364,4.58074860716813
-0.683446626037158,139.213902380795,4.22789514250868
538.29772485423,203.362290860667,4.04200721980255
33.391267292083,492.380365180617,3.22930056645947
277.277311773899,23.9528725499487,3.84268759767695
533.156976877779,390.960753764189,3.38621767780879
81.8349654613125,75.5515602022137,5.2338267985393
3.50208637066364,75.4837866759948,3.4387098124996
587.601056091122,228.71332113174,4.03891483820022
445.278447776037,457.554992771031,4.71098933796939
658.147870050868,373.535936297802,3.2747003112473
101.505372170459,484.681674657975,4.2817314093564
622.987426113108,92.8714262662375,4.11758465274723
421.938971540761,256.618538155184,3.62990568913668
15.036220414084,181.914423053169,3.19541150500816
54.0556066208221,114.067964491586,4.41874473679176
612.866762804231,198.813922063011,4.12796144514023
255.303964971583,231.669281567046,3.95836072534636
567.540103744606,430.267934788315,3.92828368357894
298.489230393316,134.360072198521,3.78161498829464
534.506536556054,456.850893407022,3.74003786340773
40.5513438759166,420.306784948969,3.79040508954895
193.566415505936,278.747641724372,3.77060854965382
540.481088730082,261.215097861383,3.83661906702089
162.843488433323,23.5120978343464,4.29254063046324
496.817669336593,337.178197394243,4.29986749132242
39.8657183094255,51.031676665424,3.6639502548264
532.439687152248,142.228819531959,4.82468160257452
NA,NA,NA
661.738280775202,335.713980076647,3.5528728613316
458.500304163969,302.905750180915,3.54486220041819
9.19447803976201,494.94265750332,3.60334921961745
562.8831833497,48.4687950535838,4.12958956069525
68.1746190995868,374.871680447274,3.93345301853415
225.949160415637,413.457165019418,3.92994659474668
426.043192290183,13.8361652975001,3.31501290324678
362.403233171742,291.434170709858,2.95098148689923
607.617157488369,104.801299495555,4.2252583162501
389.214460190244,227.256140430763,4.20988569495859
573.180070767182,414.699579000631,4.7402980252819
148.061711244187,281.527189263947,4.55890389214035
197.089265601655,367.414087918579,4.04749253788597
126.200074369318,411.731321700455,3.46862753638316
626.210387416902,306.729002183364,4.58074860716813
-0.683446626037158,139.213902380795,4.22789514250868
538.29772485423,203.362290860667,4.04200721980255
33.391267292083,492.380365180617,3.22930056645947
277.277311773899,23.9528725499487,3.84268759767695
533.156976877779,390.960753764189,3.38621767780879
81.8349654613125,75.5515602022137,5.2338267985393
3.50208637066364,75.4837866759948,3.4387098124996
587.601056091122,228.71332113174,4.03891483820022
445.278447776037,457.554992771031,4.71098933796939
658.147870050868,373.535936297802,3.2747003112473
101.505372170459,484.681674657975,4.2817314093564
622.987426113108,92.8714262662375,4.11758465274723
421.938971540761,256.618538155184,3.62990568913668
15.036220414084,181.914423053169,3.19541150500816
54.0556066208221,114.067964491586,4.41874473679176
612.866762804231,198.813922063011,4.12796144514023
255.303964971583,231.669281567046,3.95836072534636
567.540103744606,430.267934788315,3.92828368357894
298.489230393316,134.360072198521,3.78161498829464
534.506536556054,456.850893407022,3.74003786340773
40.5513438759166,420.306784948969,3.79040508954895
193.566415505936,278.747641724372,3.77060854965382
540.481088730082,261.215097861383,3.83661906702089
162.843488433323,23.5120978343464,4.29254063046324
496.817669336593,337.178197394243,4.29986749132242
39.8657183094255,51.031676665424,3.6639502548264
532.439687152248,142.228819531959,4.82468160257452
NA,NA,NA
661.738280775202,335.713980076647,3.5528728613316
458.500304163969,302.905750180915,3.54486220041819
9.19447803976201,494.94265750332,3.60334921961745
562.8831833497,48.4687950535838,4.12958956069525
68.1746190995868,374.871680447274,3.93345301853415
225.949160415637,413.457165019418,3.92994659474668
426.043192290183,13.8361652975001,3.31501290324678
362.403233171742,291.434170709858,2.95098148689923
607.617157488369,104.801299495555,4.2252583162501
389.214460190244,227.256140430763,4.20988569495859
573.180070767182,414.699579000631,4.7402980252819
148.061711244187,281.527189263947,4.55890389214035
197.089265601655,367.414087918579,4.04749253788597
126.200074369318,411.731321700455,3.46862753638316
626.210387416902,306.729002183364,4.58074860716813
-0.683446626037158,139.213902380795,4.22789514250868
538.29772485423,203.362290860667,4.04200721980255
33.391267292083,492.380365180617,3.22930056645947
277.277311773899,23.9528725499487,3.84268759767695
533.156976877779,390.960753764189,3.38621767780879
81.8349654613125,75.5515602022137,5.2338267985393
3.50208637066364,75.4837866759948,3.4387098124996
587.601056091122,228.71332113174,4.03891483820022
445.278447776037,457.554992771031,4.71098933796939
658.147870050868,373.535936297802,3.2747003112473
101.505372170459,484.681674657975,4.2817314093564
622.987426113108,92.8714262662375,4.11758465274723
421.938971540761,256.618538155184,3.62990568913668
15.036220414084,181.914423053169,3.19541150500816
54.0556066208221,114.067964491586,4.41874473679176
612.866762804231,198.813922063011,4.12796144514023
255.303964971583,231.669281567046,3.95836072534636
567.540103744606,430.267934788315,3.92828368357894
298.489230393316,134.360072198521,3.78161498829464
534.506536556054,456.850893407022,3.74003786340773
40.5513438759166,420.306784948969,3.79040508954895
193.566415505936,278.747641724372,3.77060854965382
540.481088730082,261.215097861383,3.83661906702089
162.843488433323,23.5120978343464,4.29254063046324
496.817669336593,337.178197394243,4.29986749132242
39.8657183094255,51.031676665424,3.6639502548264
532.439687152248,142.228819531959,4.82468160257452
NA,NA,NA
664.264664594947,333.167992592304,3.35955642016969
455.433518228108,299.498091456215,3.54402360373262
14.620385318606,493.051735212131,3.59774247633895
560.829764162932,47.0477048287775,4.12575488693251
71.2512324193158,375.091392251859,3.90868294391743
229.525328408226,415.649556238087,3.85643247694428
430.973246337892,10.7672363023377,3.24991813914463
361.711223482312,296.137116254493,3.12479833736737
606.147909929579,103.044688565238,4.10182985666702
396.11250270286,224.777406042839,4.27542520538642
568.193733431711,404.095313799802,4.79225053895111
145.579453281171,279.861997789248,4.35858395125572
200.484870682166,367.906138912269,4.09914412535575
122.821910020224,410.846392705034,3.59083578935749
628.037518818674,316.340804323601,4.60014667990197
4.07032759704765,147.413551638321,4.26329493469691
542.708166100012,200.811344654145,4.31634494329576
34.6036436836453,489.82038714586,3.03456541902196
281.07983145862,26.1271110658091,3.89284117633439
532.374593098093,392.354824928575,3.50017765508144
66.1998061076337,73.7974006570348,5.11557448602802
5.4931642520969,74.5980944885274,3.5443498476405
585.892302638533,230.260722312679,4.08650610400046
441.728980725017,457.307041807269,4.78826942743695
658.4800943637,372.451336862106,3.14874909631242
104.217008528332,489.133502278896,4.32031370942228
620.449041519803,90.3426534467996,4.06679946520173
420.395811664656,257.219549650357,3.59930071095261
10.2425007454486,182.671733168755,3.04915661421315
69.2993165675043,120.543302752828,4.63178203653048
609.251578427523,213.196974634524,4.64380920901382
258.001627692699,218.902824416263,3.67537503720275
574.807934343601,433.655641978293,3.85672919081679
299.44525182299,139.892296164129,3.92765508976399
523.463330276486,457.304043195202,3.67578992272707
47.9398841213195,424.038278811387,4.06498726769751
200.15012051615,291.417012056898,3.93634529867381
555.71331389764,265.403393048834,3.74213972460389
170.497112050336,24.2898501669928,4.41583832648747
501.501453089933,350.213957135624,4.60824515012437
46.3323167537227,45.6049029994859,4.04585967584226
542.303494759761,156.767007415648,4.60239822783685
NA,NA,NA
664.264664594947,333.167992592304,3.35955642016969
455.433518228108,299.498091456215,3.54402360373262
14.620385318606,493.051735212131,3.59774247633895
560.829764162932,47.0477048287775,4.12575488693251
71.2512324193158,375.091392251859,3.90868294391743
229.525328408226,415.649556238087,3.85643247694428
430.973246337892,10.7672363023377,3.24991813914463
361.711223482312,296.137116254493,3.12479833736737
606.147909929579,103.044688565238,4.10182985666702
396.11250270286,224.777406042839,4.27542520538642
568.193733431711,404.095313799802,4.79225053895111
145.579453281171,279.861997789248,4.35858395125572
200.484870682166,367.906138912269,4.09914412535575
122.821910020224,410.846392705034,3.59083578935749
628.037518818674,316.340804323601,4.60014667990197
4.07032759704765,147.413551638321,4.26329493469691
542.708166100012,200.811344654145,4.31634494329576
34.6036436836453,489.82038714586,3.03456541902196
281.07983145862,26.1271110658091,3.89284117633439
532.374593098093,392.354824928575,3.50017765508144
66.1998061076337,73.7974006570348,5.11557448602802
5.4931642520969,74.5980944885274,3.5443498476405
585.892302638533,230.260722312679,4.08650610400046
441.728980725017,457.307041807269,4.78826942743695
658.4800943637,372.451336862106,3.14874909631242
104.217008528332,489.133502278896,4.32031370942228
620.449041519803,90.3426534467996,4.06679946520173
420.395811664656,257.219549650357,3.59930071095261
10.2425007454486,182.671733168755,3.04915661421315
69.2993165675043,120.543302752828,4.63178203653048
609.251578427523,213.196974634524,4.64380920901382
258.001627692699,218.902824416263,3.67537503720275
574.807934343601,433.655641978293,3.85672919081679
299.44525182299,139.892296164129,3.92765508976399
523.463330276486,457.304043195202,3.67578992272707
47.9398841213195,424.038278811387,4.06498726769751
200.15012051615,291.417012056898,3.93634529867381
555.71331389764,265.403393048834,3.74213972460389
170.497112050336,24.2898501669928,4.41583832648747
501.501453089933,350.213957135624,4.60824515012437
46.3323167537227,45.6049029994859,4.04585967584226
542.303494759761,156.767007415648,4.60239822783685
NA,NA,NA
664.264664594947,333.167992592304,3.35955642016969
455.433518228108,299.498091456215,3.54402360373262
14.620385318606,493.051735212131,3.59774247633895
560.829764162932,47.0477048287775,4.12575488693251
71.2512324193158,375.091392251859,3.90868294391743
229.525328408226,415.649556238087,3.85643247694428
430.973246337892,10.7672363023377,3.24991813914463
361.711223482312,296.137116254493,3.12479833736737
606.147909929579,103.044688565238,4.10182985666702
396.11250270286,224.777406042839,4.27542520538642
568.193733431711,404.095313799802,4.79225053895111
145.579453281171,279.861997789248,4.35858395125572
200.484870682166,367.906138912269,4.09914412535575
122.821910020224,410.846392705034,3.59083578935749
628.037518818674,316.340804323601,4.60014667990197
4.07032759704765,147.413551638321,4.26329493469691
542.708166100012,200.811344654145,4.31634494329576
34.6036436836453,489.82038714586,3.03456541902196
281.07983145862,26.1271110658091,3.89284117633439
532.374593098093,392.354824928575,3.50017765508144
66.1998061076337,73.7974006570348,5.11557448602802
5.4931642520969,74.5980944885274,3.5443498476405
585.892302638533,230.260722312679,4.08650610400046
441.728980725017,457.307041807269,4.78826942743695
658.4800943637,372.451336862106,3.14874909631242
104.217008528332,489.133502278896,4.32031370942228
620.449041519803,90.3426534467996,4.06679946520173
420.395811664656,257.219549650357,3.59930071095261
10.2425007454486,182.671733168755,3.04915661421315
69.2993165675043,120.543302752828,4.63178203653048
609.251578427523,213.196974634524,4.64380920901382
258.001627692699,218.902824416263,3.67537503720275
574.807934343601,433.655641978293,3.85672919081679
299.44525182299,139.892296164129,3.92765508976399
523.463330276486,457.304043195202,3.67578992272707
47.9398841213195,424.038278811387,4.06498726769751
200.15012051615,291.417012056898,3.93634529867381
555.71331389764,265.403393048834,3.74213972460389
170.497112050336,24.2898501669928,4.41583832648747
501.501453089933,350.213957135624,4.60824515012437
46.3323167537227,45.6049029994859,4.04585967584226
542.303494759761,156.767007415648,4.60239822783685
NA,NA,NA
664.264664594947,333.167992592304,3.35955642016969
455.433518228108,299.498091456215,3.54402360373262
14.620385318606,493.051735212131,3.59774247633895
560.829764162932,47.0477048287775,4.12575488693251
71.2512324193158,375.091392251859,3.90868294391743
229.525328408226,415.649556238087,3.85643247694428
430.973246337892,10.7672363023377,3.24991813914463
361.711223482312,296.137116254493,3.12479833736737
606.147909929579,103.044688565238,4.10182985666702
396.11250270286,224.777406042839,4.27542520538642
568.193733431711,404.095313799802,4.79225053895111
145.579453281171,279.861997789248,4.35858395125572
200.484870682166,367.906138912269,4.09914412535575
122.821910020224,410.846392705034,3.59083578935749
628.037518818674,316.340804323601,4.60014667990197
4.07032759704765,147.413551638321,4.26329493469691
542.708166100012,200.811344654145,4.31634494329576
34.6036436836453,489.82038714586,3.03456541902196
281.07983145862,26.1271110658091,3.89284117633439
532.374593098093,392.354824928575,3.50017765508144
66.1998061076337,73.7974006570348,5.11557448602802
5.4931642520969,74.5980944885274,3.5443498476405
585.892302638533,230.260722312679,4.08650610400046
441.728980725017,457.307041807269,4.78826942743695
658.4800943637,372.451336862106,3.14874909631242
104.217008528332,489.133502278896,4.32031370942228
620.449041519803,90.3426534467996,4.06679946520173
420.395811664656,257.219549650357,3.59930071095261
10.2425007454486,182.671733168755,3.04915661421315
69.2993165675043,120.543302752828,4.63178203653048
609.251578427523,213.196974634524,4.64380920901382
258.001627692699,218.902824416263,3.67537503720275
574.807934343601,433.655641978293,3.85672919081679
299.44525182299,139.892296164129,3.92765508976399
523.463330276486,457.304043195202,3.67578992272707
47.9398841213195,424.038278811387,4.06498726769751
200.15012051615,291.417012056898,3.93634529867381
555.71331389764,265.403393048834,3.74213972460389
170.497112050336,24.2898501669928,4.41583832648747
501.501453089933,350.213957135624,4.60824515012437
46.3323167537227,45.6049029994859,4.04585967584226
542.303494759761,156.767007415648,4.60239822783685
NA,NA,NA
664.264664594947,333.167992592304,3.35955642016969
455.433518228108,299.498091456215,3.54402360373262
14.620385318606,493.051735212131,3.59774247633895
560.829764162932,47.0477048287775,4.12575488693251
71.2512324193158,375.091392251859,3.90868294391743
229.525328408226,415.649556238087,3.85643247694428
430.973246337892,10.7672363023377,3.24991813914463
361.711223482312,296.137116254493,3.12479833736737
606.147909929579,103.044688565238,4.10182985666702
396.11250270286,224.777406042839,4.27542520538642
568.193733431711,404.095313799802,4.79225053895111
145.579453281171,279.861997789248,4.35858395125572
200.484870682166,367.906138912269,4.09914412535575
122.821910020224,410.846392705034,3.59083578935749
628.037518818674,316.340804323601,4.60014667990197
4.07032759704765,147.413551638321,4.26329493469691
542.708166100012,200.811344654145,4.31634494329576
34.6036436836453,489.82038714586,3.03456541902196
281.07983145862,26.1271110658091,3.89284117633439
532.374593098093,392.354824928575,3.50017765508144
66.1998061076337,73.7974006570348,5.11557448602802
5.4931642520969,74.5980944885274,3.5443498476405
585.892302638533,230.260722312679,4.08650610400046
441.728980725017,457.307041807269,4.78826942743695
658.4800943637,372.451336862106,3.14874909631242
104.217008528332,489.133502278896,4.32031370942228
620.449041519803,90.3426534467996,4.06679946520173
420.395811664656,257.219549650357,3.59930071095261
10.2425007454486,182.671733168755,3.04915661421315
69.2993165675043,120.543302752828,4.63178203653048
609.251578427523,213.196974634524,4.64380920901382
258.001627692699,218.902824416263,3.67537503720275
574.807934343601,433.655641978293,3.85672919081679
299.44525182299,139.892296164129,3.92765508976399
523.463330276486,457.304043195202,3.67578992272707
47.9398841213195,424.038278811387,4.06498726769751
200.15012051615,291.417012056898,3.93634529867381
555.71331389764,265.403393048834,3.74213972460389
170.497112050336,24.2898501669928,4.41583832648747
501.501453089933,350.213957135624,4.60824515012437
46.3323167537227,45.6049029994859,4.04585967584226
542.303494759761,156.767007415648,4.60239822783685
NA,NA,NA
664.264664594947,333.167992592304,3.35955642016969
455.433518228108,299.498091456215,3.54402360373262
14.620385318606,493.051735212131,3.59774247633895
560.829764162932,47.0477048287775,4.12575488693251
71.2512324193158,375.091392251859,3.90868294391743
229.525328408226,415.649556238087,3.85643247694428
430.973246337892,10.7672363023377,3.24991813914463
361.711223482312,296.137116254493,3.12479833736737
606.147909929579,103.044688565238,4.10182985666702
396.11250270286,224.777406042839,4.27542520538642
568.193733431711,404.095313799802,4.79225053895111
145.579453281171,279.861997789248,4.35858395125572
200.484870682166,367.906138912269,4.09914412535575
122.821910020224,410.846392705034,3.59083578935749
628.037518818674,316.340804323601,4.60014667990197
4.07032759704765,147.413551638321,4.26329493469691
542.708166100012,200.811344654145,4.31634494329576
34.6036436836453,489.82038714586,3.03456541902196
281.07983145862,26.1271110658091,3.89284117633439
532.374593098093,392.354824928575,3.50017765508144
66.1998061076337,73.7974006570348,5.11557448602802
5.4931642520969,74.5980944885274,3.5443498476405
585.892302638533,230.260722312679,4.08650610400046
441.728980725017,457.307041807269,4.78826942743695
658.4800943637,372.451336862106,3.14874909631242
104.217008528332,489.133502278896,4.32031370942228
620.449041519803,90.3426534467996,4.06679946520173
420.395811664656,257.219549650357,3.59930071095261
10.2425007454486,182.671733168755,3.04915661421315
69.2993165675043,120.543302752828,4.63178203653048
609.251578427523,213.196974634524,4.64380920901382
258.001627692699,218.902824416263,3.67537503720275
574.807934343601,433.655641978293,3.85672919081679
299.44525182299,139.892296164129,3.92765508976399
523.463330276486,457.304043195202,3.67578992272707
47.9398841213195,424.038278811387,4.06498726769751
200.15012051615,291.417012056898,3.93634529867381
555.71331389764,265.403393048834,3.74213972460389
170.497112050336,24.2898501669928,4.41583832648747
501.501453089933,350.213957135624,4.60824515012437
46.3323167537227,45.6049029994859,4.04585967584226
542.303494759761,156.767007415648,4.60239822783685
NA,NA,NA
661.887017940907,336.001663754228,3.58173608242671
455.903014315117,297.329311681279,3.45998508975499
5.91649987396824,490.853717060269,3.90656661966035
557.680107372095,49.9469332988473,4.09223108174885
68.87653192952,367.929347153934,4.12291806031604
231.705293827243,417.999501910404,3.88579746685502
428.36834695205,11.0512966374042,3.26912416620424
358.815423963691,292.897191664749,3.09731538433886
599.647445501246,103.564987762816,3.97733281251193
397.170069306486,230.192099826694,4.08440378095675
561.191475852697,410.789007583145,4.7366297327167
144.241630668352,285.028160865891,4.52088786301641
199.725710655836,369.384111089769,4.02245488489517
124.98806232916,410.618375986949,3.5785060309993
625.42200084094,311.049279029134,4.54941565773403
-1.17125129855836,149.499972954393,4.3277250486459
541.564802958632,200.57763253062,4.16946731164945
33.4952287611444,492.3302160225,3.04156047916139
278.083790274425,20.9058991561476,3.67251256236683
531.533148108302,391.905705202719,3.54856002127099
65.3901554368788,73.26748325167,5.32329958261775
3.33726363431607,78.6753597604124,3.42070387315052
592.962196093295,231.382052729063,4.03813640037545
436.186705815483,458.855193193535,4.82465455720861
661.12459730834,377.152792051589,3.10505873893156
103.202274623403,485.040566688038,4.45819324718547
623.764119561793,92.3529719904937,4.0883800163445
421.438934535662,259.888524784899,3.64712135738357
10.4332667391695,179.159800131372,3.24447419519096
65.2600334790332,118.405704404966,4.3611196387017
602.840934592957,208.869836708938,4.04194839217736
253.440013523132,218.84468777832,3.64509319628641
572.397337787904,432.496143880393,4.1048909406811
305.097294123678,142.239980374185,3.95626350877553
530.430041274386,460.347131108581,3.61528154621714
52.508767465907,421.136152866905,3.75923218215944
196.713432791698,284.920191031135,3.85734717586494
541.724560194128,265.987862487932,4.05582900832581
174.649051712814,24.6814495873282,4.68983911697264
506.679512116739,349.987339495676,4.81467126341377
31.7906971836898,43.3556077258359,3.99319072322798
547.348019344573,146.433208352146,5.04114331662183
NA,NA,NA
661.887017940907,336.001663754228,3.58173608242671
455.903014315117,297.329311681279,3.45998508975499
5.91649987396824,490.853717060269,3.90656661966035
557.680107372095,49.9469332988473,4.09223108174885
68.87653192952,367.929347153934,4.12291806031604
231.705293827243,417.999501910404,3.88579746685502
428.36834695205,11.0512966374042,3.26912416620424
358.815423963691,292.897191664749,3.09731538433886
599.647445501246,103.564987762816,3.97733281251193
397.170069306486,230.192099826694,4.08440378095675
561.191475852697,410.789007583145,4.7366297327167
144.241630668352,285.028160865891,4.52088786301641
199.725710655836,369.384111089769,4.02245488489517
124.98806232916,410.618375986949,3.5785060309993
625.42200084094,311.049279029134,4.54941565773403
-1.17125129855836,149.499972954393,4.3277250486459
541.564802958632,200.57763253062,4.16946731164945
33.4952287611444,492.3302160225,3.04156047916139
278.083790274425,20.9058991561476,3.67251256236683
531.533148108302,391.905705202719,3.54856002127099
65.3901554368788,73.26748325167,5.32329958261775
3.33726363431607,78.6753597604124,3.42070387315052
592.962196093295,231.382052729063,4.03813640037545
436.186705815483,458.855193193535,4.82465455720861
661.12459730834,377.152792051589,3.10505873893156
103.202274623403,485.040566688038,4.45819324718547
623.764119561793,92.3529719904937,4.0883800163445
421.438934535662,259.888524784899,3.64712135738357
10.4332667391695,179.159800131372,3.24447419519096
65.2600334790332,118.405704404966,4.3611196387017
602.840934592957,208.869836708938,4.04194839217736
253.440013523132,218.84468777832,3.64509319628641
572.397337787904,432.496143880393,4.1048909406811
305.097294123678,142.239980374185,3.95626350877553
530.430041274386,460.347131108581,3.61528154621714
52.508767465907,421.136152866905,3.75923218215944
196.713432791698,284.920191031135,3.85734717586494
541.724560194128,265.987862487932,4.05582900832581
174.649051712814,24.6814495873282,4.68983911697264
506.679512116739,349.987339495676,4.81467126341377
31.7906971836898,43.3556077258359,3.99319072322798
547.348019344573,146.433208352146,5.04114331662183
NA,NA,NA
661.887017940907,336.001663754228,3.58173608242671
455.903014315117,297.329311681279,3.45998508975499
5.91649987396824,490.853717060269,3.90656661966035
557.680107372095,49.9469332988473,4.09223108174885
68.87653192952,367.929347153934,4.12291806031604
231.705293827243,417.999501910404,3.88579746685502
428.36834695205,11.0512966374042,3.26912416620424
358.815423963691,292.897191664749,3.09731538433886
599.647445501246,103.564987762816,3.97733281251193
397.170069306486,230.192099826694,4.08440378095675
561.191475852697,410.789007583145,4.7366297327167
144.241630668352,285.028160865891,4.52088786301641
199.725710655836,369.384111089769,4.02245488489517
124.98806232916,410.618375986949,3.5785060309993
625.42200084094,311.049279029134,4.54941565773403
-1.17125129855836,149.499972954393,4.3277250486459
541.564802958632,200.57763253062,4.16946731164945
33.4952287611444,492.3302160225,3.04156047916139
278.083790274425,20.9058991561476,3.67251256236683
531.533148108302,391.905705202719,3.54856002127099
65.3901554368788,73.26748325167,5.32329958261775
3.33726363431607,78.6753597604124,3.42070387315052
592.962196093295,231.382052729063,4.03813640037545
436.186705815483,458.855193193535,4.82465455720861
661.12459730834,377.152792051589,3.10505873893156
103.202274623403,485.040566688038,4.45819324718547
623.764119561793,92.3529719904937,4.0883800163445
421.438934535662,259.888524784899,3.64712135738357
10.4332667391695,179.159800131372,3.24447419519096
65.2600334790332,118.405704404966,4.3611196387017
602.840934592957,208.869836708938,4.04194839217736
253.440013523132,218.84468777832,3.64509319628641
572.397337787904,432.496143880393,4.1048909406811
305.097294123678,142.239980374185,3.95626350877553
530.430041274386,460.347131108581,3.61528154621714
52.508767465907,421.136152866905,3.75923218215944
196.713432791698,284.920191031135,3.85734717586494
541.724560194128,265.987862487932,4.05582900832581
174.649051712814,24.6814495873282,4.68983911697264
506.679512116739,349.987339495676,4.81467126341377
31.7906971836898,43.3556077258359,3.99319072322798
547.348019344573,146.433208352146,5.04114331662183
NA,NA,NA
661.887017940907,336.001663754228,3.58173608242671
455.903014315117,297.329311681279,3.45998508975499
5.91649987396824,490.853717060269,3.90656661966035
557.680107372095,49.9469332988473,4.09223108174885
68.87653192952,367.929347153934,4.12291806031604
231.705293827243,417.999501910404,3.88579746685502
428.36834695205,11.0512966374042,3.26912416620424
358.815423963691,292.897191664749,3.09731538433886
599.647445501246,103.564987762816,3.97733281251193
397.170069306486,230.192099826694,4.08440378095675
561.191475852697,410.789007583145,4.7366297327167
144.241630668352,285.028160865891,4.52088786301641
199.725710655836,369.384111089769,4.02245488489517
124.98806232916,410.618375986949,3.5785060309993
625.42200084094,311.049279029134,4.54941565773403
-1.17125129855836,149.499972954393,4.3277250486459
541.564802958632,200.57763253062,4.16946731164945
33.4952287611444,492.3302160225,3.04156047916139
278.083790274425,20.9058991561476,3.67251256236683
531.533148108302,391.905705202719,3.54856002127099
65.3901554368788,73.26748325167,5.32329958261775
3.33726363431607,78.6753597604124,3.42070387315052
592.962196093295,231.382052729063,4.03813640037545
436.186705815483,458.855193193535,4.82465455720861
661.12459730834,377.152792051589,3.10505873893156
103.202274623403,485.040566688038,4.45819324718547
623.764119561793,92.3529719904937,4.0883800163445
421.438934535662,259.888524784899,3.64712135738357
10.4332667391695,179.159800131372,3.24447419519096
65.2600334790332,118.405704404966,4.3611196387017
602.840934592957,208.869836708938,4.04194839217736
253.440013523132,218.84468777832,3.64509319628641
572.397337787904,432.496143880393,4.1048909406811
305.097294123678,142.239980374185,3.95626350877553
530.430041274386,460.347131108581,3.61528154621714
52.508767465907,421.136152866905,3.75923218215944
196.713432791698,284.920191031135,3.85734717586494
541.724560194128,265.987862487932,4.05582900832581
174.649051712814,24.6814495873282,4.68983911697264
506.679512116739,349.987339495676,4.81467126341377
31.7906971836898,43.3556077258359,3.99319072322798
547.348019344573,146.433208352146,5.04114331662183
NA,NA,NA
661.887017940907,336.001663754228,3.58173608242671
455.903014315117,297.329311681279,3.45998508975499
5.91649987396824,490.853717060269,3.90656661966035
557.680107372095,49.9469332988473,4.09223108174885
68.87653192952,367.929347153934,4.12291806031604
231.705293827243,417.999501910404,3.88579746685502
428.36834695205,11.0512966374042,3.26912416620424
358.815423963691,292.897191664749,3.09731538433886
599.647445501246,103.564987762816,3.97733281251193
397.170069306486,230.192099826694,4.08440378095675
561.191475852697,410.789007583145,4.7366297327167
144.241630668352,285.028160865891,4.52088786301641
199.725710655836,369.384111089769,4.02245488489517
124.98806232916,410.618375986949,3.5785060309993
625.42200084094,311.049279029134,4.54941565773403
-1.17125129855836,149.499972954393,4.3277250486459
541.564802958632,200.57763253062,4.16946731164945
33.4952287611444,492.3302160225,3.04156047916139
278.083790274425,20.9058991561476,3.67251256236683
531.533148108302,391.905705202719,3.54856002127099
65.3901554368788,73.26748325167,5.32329958261775
3.33726363431607,78.6753597604124,3.42070387315052
592.962196093295,231.382052729063,4.03813640037545
436.186705815483,458.855193193535,4.82465455720861
661.12459730834,377.152792051589,3.10505873893156
103.202274623403,485.040566688038,4.45819324718547
623.764119561793,92.3529719904937,4.0883800163445
421.438934535662,259.888524784899,3.64712135738357
10.4332667391695,179.159800131372,3.24447419519096
65.2600334790332,118.405704404966,4.3611196387017
602.840934592957,208.869836708938,4.04194839217736
253.440013523132,218.84468777832,3.64509319628641
572.397337787904,432.496143880393,4.1048909406811
305.097294123678,142.239980374185,3.95626350877553
530.430041274386,460.347131108581,3.61528154621714
52.508767465907,421.136152866905,3.75923218215944
196.713432791698,284.920191031135,3.85734717586494
541.724560194128,265.987862487932,4.05582900832581
174.649051712814,24.6814495873282,4.68983911697264
506.679512116739,349.987339495676,4.81467126341377
31.7906971836898,43.3556077258359,3.99319072322798
547.348019344573,146.433208352146,5.04114331662183
NA,NA,NA
661.887017940907,336.001663754228,3.58173608242671
455.903014315117,297.329311681279,3.45998508975499
5.91649987396824,490.853717060269,3.90656661966035
557.680107372095,49.9469332988473,4.09223108174885
68.87653192952,367.929347153934,4.12291806031604
231.705293827243,417.999501910404,3.88579746685502
428.36834695205,11.0512966374042,3.26912416620424
358.815423963691,292.897191664749,3.09731538433886
599.647445501246,103.564987762816,3.97733281251193
397.170069306486,230.192099826694,4.08440378095675
561.191475852697,410.789007583145,4.7366297327167
144.241630668352,285.028160865891,4.52088786301641
199.725710655836,369.384111089769,4.02245488489517
124.98806232916,410.618375986949,3.5785060309993
625.42200084094,311.049279029134,4.54941565773403
-1.17125129855836,149.499972954393,4.3277250486459
541.564802958632,200.57763253062,4.16946731164945
33.4952287611444,492.3302160225,3.04156047916139
278.083790274425,20.9058991561476,3.67251256236683
531.533148108302,391.905705202719,3.54856002127099
65.3901554368788,73.26748325167,5.32329958261775
3.33726363431607,78.6753597604124,3.42070387315052
592.962196093295,231.382052729063,4.03813640037545
436.186705815483,458.855193193535,4.82465455720861
661.12459730834,377.152792051589,3.10505873893156
103.202274623403,485.040566688038,4.45819324718547
623.764119561793,92.3529719904937,4.0883800163445
421.438934535662,259.888524784899,3.64712135738357
10.4332667391695,179.159800131372,3.24447419519096
65.2600334790332,118.405704404966,4.3611196387017
602.840934592957,208.869836708938,4.04194839217736
253.440013523132,218.84468777832,3.64509319628641
572.397337787904,432.496143880393,4.1048909406811
305.097294123678,142.239980374185,3.95626350877553
530.430041274386,460.347131108581,3.61528154621714
52.508767465907,421.136152866905,3.75923218215944
196.713432791698,284.920191031135,3.85734717586494
541.724560194128,265.987862487932,4.05582900832581
174.649051712814,24.6814495873282,4.68983911697264
506.679512116739,349.987339495676,4.81467126341377
31.7906971836898,43.3556077258359,3.99319072322798
547.348019344573,146.433208352146,5.04114331662183
NA,NA,NA
662.981774519567,335.26860177295,3.55538907708515
457.092904185594,301.401116947213,3.71359061782489
11.1433996706444,494.682506194382,3.48993234510532
562.809261830499,48.9724503273432,4.18481999639792
69.4668363995225,374.458539814415,4.03655578353383
226.472895410557,414.0941552511,3.88742849058903
427.876954879169,14.3955021245252,3.46629082749916
362.851684259793,290.843251550268,2.94017864630229
604.966177862361,100.021011178261,4.4224079662294
394.035903377141,228.947405383142,4.28209085882187
574.627814197755,411.444090559563,4.75820886759903
142.312630519739,281.035290889738,4.46616365781023
199.745890090053,368.552323567933,4.02970038120419
124.47770411647,412.654724546765,3.49339958362365
628.704566693102,306.095844101336,4.59113098628787
0.799651101686283,144.109990625204,4.1693457779983
542.876013199284,200.932751144491,4.11421960894657
31.8479097045026,490.147706323737,3.14770556273731
278.257853544544,21.1201037723437,3.93156148382898
534.685803470413,396.045538740669,3.37640789888332
79.368830945499,78.4979470745522,5.27205176826075
8.08665104728625,72.1301811487101,3.40304341313964
587.876375674582,227.183997073577,3.96319633043739
448.012092793786,457.306141733162,4.69751075720584
659.203363003231,374.01275354495,3.11369728008937
110.477100481247,490.728313237476,4.3902807120694
621.694403158028,89.7233713321534,4.04277721770187
420.252069119988,257.448587117382,3.64489797594095
10.8671156605306,181.575739551,3.33511949155524
58.7169441856205,122.213561350746,4.42688417795634
610.128291226239,204.103841359871,4.06867909174659
245.112280556935,217.831235180278,3.52667594955848
572.389155934504,425.046869244383,3.87885533788031
299.802944547629,136.715213654319,3.87429769409555
527.183880996212,452.496240698676,3.48686638528376
45.0972873745473,425.933287288382,3.9618299210788
198.382270864395,294.491233352144,4.14282369558024
551.521463479618,267.657046365424,4.02057515923585
171.898276605941,36.2445213928622,4.51392343718016
505.615029200875,347.544185256358,4.66929111917286
29.6332500164136,42.4787098630333,3.58688945871135
546.649507599675,141.038572708049,4.43840592879455
NA,NA,NA
662.981774519567,335.26860177295,3.55538907708515
457.092904185594,301.401116947213,3.71359061782489
11.1433996706444,494.682506194382,3.48993234510532
562.809261830499,48.9724503273432,4.18481999639792
69.4668363995225,374.458539814415,4.03655578353383
226.472895410557,414.0941552511,3.88742849058903
427.876954879169,14.3955021245252,3.46629082749916
362.851684259793,290.843251550268,2.94017864630229
604.966177862361,100.021011178261,4.4224079662294
394.035903377141,228.947405383142,4.28209085882187
574.627814197755,411.444090559563,4.75820886759903
142.312630519739,281.035290889738,4.46616365781023
199.745890090053,368.552323567933,4.02970038120419
124.47770411647,412.654724546765,3.49339958362365
628.704566693102,306.095844101336,4.59113098628787
0.799651101686283,144.109990625204,4.1693457779983
542.876013199284,200.932751144491,4.11421960894657
31.8479097045026,490.147706323737,3.14770556273731
278.257853544544,21.1201037723437,3.93156148382898
534.685803470413,396.045538740669,3.37640789888332
79.368830945499,78.4979470745522,5.27205176826075
8.08665104728625,72.1301811487101,3.40304341313964
587.876375674582,227.183997073577,3.96319633043739
448.012092793786,457.306141733162,4.69751075720584
659.203363003231,374.01275354495,3.11369728008937
110.477100481247,490.728313237476,4.3902807120694
621.694403158028,89.7233713321534,4.04277721770187
420.252069119988,257.448587117382,3.64489797594095
10.8671156605306,181.575739551,3.33511949155524
58.7169441856205,122.213561350746,4.42688417795634
610.128291226239,204.103841359871,4.06867909174659
245.112280556935,217.831235180278,3.52667594955848
572.389155934504,425.046869244383,3.87885533788031
299.802944547629,136.715213654319,3.87429769409555
527.183880996212,452.496240698676,3.48686638528376
45.0972873745473,425.933287288382,3.9618299210788
198.382270864395,294.491233352144,4.14282369558024
551.521463479618,267.657046365424,4.02057515923585
171.898276605941,36.2445213928622,4.51392343718016
505.615029200875,347.544185256358,4.66929111917286
29.6332500164136,42.4787098630333,3.58688945871135
546.649507599675,141.038572708049,4.43840592879455
NA,NA,NA
662.981774519567,335.26860177295,3.55538907708515
457.092904185594,301.401116947213,3.71359061782489
11.1433996706444,494.682506194382,3.48993234510532
562.809261830499,48.9724503273432,4.18481999639792
69.4668363995225,374.458539814415,4.03655578353383
226.472895410557,414.0941552511,3.88742849058903
427.876954879169,14.3955021245252,3.46629082749916
362.851684259793,290.843251550268,2.94017864630229
604.966177862361,100.021011178261,4.4224079662294
394.035903377141,228.947405383142,4.28209085882187
574.627814197755,411.444090559563,4.75820886759903
142.312630519739,281.035290889738,4.46616365781023
199.745890090053,368.552323567933,4.02970038120419
124.47770411647,412.654724546765,3.49339958362365
628.704566693102,306.095844101336,4.59113098628787
0.799651101686283,144.109990625204,4.1693457779983
542.876013199284,200.932751144491,4.11421960894657
31.8479097045026,490.147706323737,3.14770556273731
278.257853544544,21.1201037723437,3.93156148382898
534.685803470413,396.045538740669,3.37640789888332
79.368830945499,78.4979470745522,5.27205176826075
8.08665104728625,72.1301811487101,3.40304341313964
587.876375674582,227.183997073577,3.96319633043739
448.012092793786,457.306141733162,4.69751075720584
659.203363003231,374.01275354495,3.11369728008937
110.477100481247,490.728313237476,4.3902807120694
621.694403158028,89.7233713321534,4.04277721770187
420.252069119988,257.448587117382,3.64489797594095
10.8671156605306,181.575739551,3.33511949155524
58.7169441856205,122.213561350746,4.42688417795634
610.128291226239,204.103841359871,4.06867909174659
245.112280556935,217.831235180278,3.52667594955848
572.389155934504,425.046869244383,3.87885533788031
299.802944547629,136.715213654319,3.87429769409555
527.183880996212,452.496240698676,3.48686638528376
45.0972873745473,425.933287288382,3.9618299210788
198.382270864395,294.491233352144,4.14282369558024
551.521463479618,267.657046365424,4.02057515923585
171.898276605941,36.2445213928622,4.51392343718016
505.615029200875,347.544185256358,4.66929111917286
29.6332500164136,42.4787098630333,3.58688945871135
546.649507599675,141.038572708049,4.43840592879455
NA,NA,NA
662.981774519567,335.26860177295,3.55538907708515
457.092904185594,301.401116947213,3.71359061782489
11.1433996706444,494.682506194382,3.48993234510532
562.809261830499,48.9724503273432,4.18481999639792
69.4668363995225,374.458539814415,4.03655578353383
226.472895410557,414.0941552511,3.88742849058903
427.876954879169,14.3955021245252,3.46629082749916
362.851684259793,290.843251550268,2.94017864630229
604.966177862361,100.021011178261,4.4224079662294
394.035903377141,228.947405383142,4.28209085882187
574.627814197755,411.444090559563,4.75820886759903
142.312630519739,281.035290889738,4.46616365781023
199.745890090053,368.552323567933,4.02970038120419
124.47770411647,412.654724546765,3.49339958362365
628.704566693102,306.095844101336,4.59113098628787
0.799651101686283,144.109990625204,4.1693457779983
542.876013199284,200.932751144491,4.11421960894657
31.8479097045026,490.147706323737,3.14770556273731
278.257853544544,21.1201037723437,3.93156148382898
534.685803470413,396.045538740669,3.37640789888332
79.368830945499,78.4979470745522,5.27205176826075
8.08665104728625,72.1301811487101,3.40304341313964
587.876375674582,227.183997073577,3.96319633043739
448.012092793786,457.306141733162,4.69751075720584
659.203363003231,374.01275354495,3.11369728008937
110.477100481247,490.728313237476,4.3902807120694
621.694403158028,89.7233713321534,4.04277721770187
420.252069119988,257.448587117382,3.64489797594095
10.8671156605306,181.575739551,3.33511949155524
58.7169441856205,122.213561350746,4.42688417795634
610.128291226239,204.103841359871,4.06867909174659
245.112280556935,217.831235180278,3.52667594955848
572.389155934504,425.046869244383,3.87885533788031
299.802944547629,136.715213654319,3.87429769409555
527.183880996212,452.496240698676,3.48686638528376
45.0972873745473,425.933287288382,3.9618299210788
198.382270864395,294.491233352144,4.14282369558024
551.521463479618,267.657046365424,4.02057515923585
171.898276605941,36.2445213928622,4.51392343718016
505.615029200875,347.544185256358,4.66929111917286
29.6332500164136,42.4787098630333,3.58688945871135
546.649507599675,141.038572708049,4.43840592879455
NA,NA,NA
662.981774519567,335.26860177295,3.55538907708515
457.092904185594,301.401116947213,3.71359061782489
11.1433996706444,494.682506194382,3.48993234510532
562.809261830499,48.9724503273432,4.18481999639792
69.4668363995225,374.458539814415,4.03655578353383
226.472895410557,414.0941552511,3.88742849058903
427.876954879169,14.3955021245252,3.46629082749916
362.851684259793,290.843251550268,2.94017864630229
604.966177862361,100.021011178261,4.4224079662294
394.035903377141,228.947405383142,4.28209085882187
574.627814197755,411.444090559563,4.75820886759903
142.312630519739,281.035290889738,4.46616365781023
199.745890090053,368.552323567933,4.02970038120419
124.47770411647,412.654724546765,3.49339958362365
628.704566693102,306.095844101336,4.59113098628787
0.799651101686283,144.109990625204,4.1693457779983
542.876013199284,200.932751144491,4.11421960894657
31.8479097045026,490.147706323737,3.14770556273731
278.257853544544,21.1201037723437,3.93156148382898
534.685803470413,396.045538740669,3.37640789888332
79.368830945499,78.4979470745522,5.27205176826075
8.08665104728625,72.1301811487101,3.40304341313964
587.876375674582,227.183997073577,3.96319633043739
448.012092793786,457.306141733162,4.69751075720584
659.203363003231,374.01275354495,3.11369728008937
110.477100481247,490.728313237476,4.3902807120694
621.694403158028,89.7233713321534,4.04277721770187
420.252069119988,257.448587117382,3.64489797594095
10.8671156605306,181.575739551,3.33511949155524
58.7169441856205,122.213561350746,4.42688417795634
610.128291226239,204.103841359871,4.06867909174659
245.112280556935,217.831235180278,3.52667594955848
572.389155934504,425.046869244383,3.87885533788031
299.802944547629,136.715213654319,3.87429769409555
527.183880996212,452.496240698676,3.48686638528376
45.0972873745473,425.933287288382,3.9618299210788
198.382270864395,294.491233352144,4.14282369558024
551.521463479618,267.657046365424,4.02057515923585
171.898276605941,36.2445213928622,4.51392343718016
505.615029200875,347.544185256358,4.66929111917286
29.6332500164136,42.4787098630333,3.58688945871135
546.649507599675,141.038572708049,4.43840592879455
NA,NA,NA
662.981774519567,335.26860177295,3.55538907708515
457.092904185594,301.401116947213,3.71359061782489
11.1433996706444,494.682506194382,3.48993234510532
562.809261830499,48.9724503273432,4.18481999639792
69.4668363995225,374.458539814415,4.03655578353383
226.472895410557,414.0941552511,3.88742849058903
427.876954879169,14.3955021245252,3.46629082749916
362.851684259793,290.843251550268,2.94017864630229
604.966177862361,100.021011178261,4.4224079662294
394.035903377141,228.947405383142,4.28209085882187
574.627814197755,411.444090559563,4.75820886759903
142.312630519739,281.035290889738,4.46616365781023
199.745890090053,368.552323567933,4.02970038120419
124.47770411647,412.654724546765,3.49339958362365
628.704566693102,306.095844101336,4.59113098628787
0.799651101686283,144.109990625204,4.1693457779983
542.876013199284,200.932751144491,4.11421960894657
31.8479097045026,490.147706323737,3.14770556273731
278.257853544544,21.1201037723437,3.93156148382898
534.685803470413,396.045538740669,3.37640789888332
79.368830945499,78.4979470745522,5.27205176826075
8.08665104728625,72.1301811487101,3.40304341313964
587.876375674582,227.183997073577,3.96319633043739
448.012092793786,457.306141733162,4.69751075720584
659.203363003231,374.01275354495,3.11369728008937
110.477100481247,490.728313237476,4.3902807120694
621.694403158028,89.7233713321534,4.04277721770187
420.252069119988,257.448587117382,3.64489797594095
10.8671156605306,181.575739551,3.33511949155524
58.7169441856205,122.213561350746,4.42688417795634
610.128291226239,204.103841359871,4.06867909174659
245.112280556935,217.831235180278,3.52667594955848
572.389155934504,425.046869244383,3.87885533788031
299.802944547629,136.715213654319,3.87429769409555
527.183880996212,452.496240698676,3.48686638528376
45.0972873745473,425.933287288382,3.9618299210788
198.382270864395,294.491233352144,4.14282369558024
551.521463479618,267.657046365424,4.02057515923585
171.898276605941,36.2445213928622,4.51392343718016
505.615029200875,347.544185256358,4.66929111917286
29.6332500164136,42.4787098630333,3.58688945871135
546.649507599675,141.038572708049,4.43840592879455
NA,NA,NA
660.542866699008,337.124622677744,3.53826123554362
455.842847767978,299.934303086287,3.67736063391061
11.2814530153215,495.001311684569,3.43233208125582
564.308471972224,50.6557707751846,4.05311937847605
70.352436296798,379.823398901809,3.94779190463583
230.104349317159,409.850834035682,3.90089010988116
426.276524726284,13.9738595059178,3.31589997425336
364.486870335674,292.851113225575,3.08600110699883
598.339948931395,106.237040633772,4.28377739082249
389.222423740553,226.292328635985,4.21992822232059
566.989768359088,411.186390024064,4.74832096381311
139.101099290993,282.853518824678,4.48052701515779
192.148018585473,366.154899544652,3.99919277099807
125.457136868447,409.268849681571,3.39999420223268
623.027339524292,315.751249381373,4.56099418967358
3.56565623575673,148.586144264091,4.2195171820405
541.232961513588,204.647331005742,4.02890862905329
35.7268109551041,491.079527914195,2.96833710964044
277.261360459326,23.5502151548371,3.92661662400607
531.685702269827,392.843951693541,3.5974199132606
76.8855858432639,77.8493748261867,5.12799281524487
1.57561921084522,74.0720127242295,3.29561144500224
586.98260139426,225.965161520483,4.11096302499577
438.563685140711,461.640385602136,4.86351268639238
659.879086422728,373.578057903384,2.87138809620013
102.642796602833,483.471229807339,4.28861421719608
626.414547566361,89.8809691221141,4.03811889445404
419.771835690917,258.66130538872,3.61391318537974
11.9101495156837,182.252896205346,3.07323070676221
60.8329974298118,105.999435448621,4.4242415329849
608.180829415561,208.490771978206,4.31694508036536
247.559121031767,219.284640140771,3.76503036406518
573.189974810583,432.702654578527,3.73102745471062
306.035674822639,137.369529248978,3.87451735216861
531.526988726267,451.105010554163,3.60531460623894
48.1671195908393,419.059218006329,3.97244940258037
193.415865899417,296.663942102502,4.49909566400459
558.140249761086,261.305913257751,3.76172027005632
171.149324487148,18.5186849048676,3.93198223142718
498.629611112707,352.273890704004,4.83423998255546
49.156531023774,59.1148820655796,3.45135724347926
530.38561314307,131.857819311437,4.86989660189764
NA,NA,NA
660.542866699008,337.124622677744,3.53826123554362
455.842847767978,299.934303086287,3.67736063391061
11.2814530153215,495.001311684569,3.43233208125582
564.308471972224,50.6557707751846,4.05311937847605
70.352436296798,379.823398901809,3.94779190463583
230.104349317159,409.850834035682,3.90089010988116
426.276524726284,13.9738595059178,3.31589997425336
364.486870335674,292.851113225575,3.08600110699883
598.339948931395,106.237040633772,4.28377739082249
389.222423740553,226.292328635985,4.21992822232059
566.989768359088,411.186390024064,4.74832096381311
139.101099290993,282.853518824678,4.48052701515779
192.148018585473,366.154899544652,3.99919277099807
125.457136868447,409.268849681571,3.39999420223268
623.027339524292,315.751249381373,4.56099418967358
3.56565623575673,148.586144264091,4.2195171820405
541.232961513588,204.647331005742,4.02890862905329
35.7268109551041,491.079527914195,2.96833710964044
277.261360459326,23.5502151548371,3.92661662400607
531.685702269827,392.843951693541,3.5974199132606
76.8855858432639,77.8493748261867,5.12799281524487
1.57561921084522,74.0720127242295,3.29561144500224
586.98260139426,225.965161520483,4.11096302499577
438.563685140711,461.640385602136,4.86351268639238
659.879086422728,373.578057903384,2.87138809620013
102.642796602833,483.471229807339,4.28861421719608
626.414547566361,89.8809691221141,4.03811889445404
419.771835690917,258.66130538872,3.61391318537974
11.9101495156837,182.252896205346,3.07323070676221
60.8329974298118,105.999435448621,4.4242415329849
608.180829415561,208.490771978206,4.31694508036536
247.559121031767,219.284640140771,3.76503036406518
573.189974810583,432.702654578527,3.73102745471062
306.035674822639,137.369529248978,3.87451735216861
531.526988726267,451.105010554163,3.60531460623894
48.1671195908393,419.059218006329,3.97244940258037
193.415865899417,296.663942102502,4.49909566400459
558.140249761086,261.305913257751,3.76172027005632
171.149324487148,18.5186849048676,3.93198223142718
498.629611112707,352.273890704004,4.83423998255546
49.156531023774,59.1148820655796,3.45135724347926
530.38561314307,131.857819311437,4.86989660189764
NA,NA,NA
660.542866699008,337.124622677744,3.53826123554362
455.842847767978,299.934303086287,3.67736063391061
11.2814530153215,495.001311684569,3.43233208125582
564.308471972224,50.6557707751846,4.05311937847605
70.352436296798,379.823398901809,3.94779190463583
230.104349317159,409.850834035682,3.90089010988116
426.276524726284,13.9738595059178,3.31589997425336
364.486870335674,292.851113225575,3.08600110699883
598.339948931395,106.237040633772,4.28377739082249
389.222423740553,226.292328635985,4.21992822232059
566.989768359088,411.186390024064,4.74832096381311
139.101099290993,282.853518824678,4.48052701515779
192.148018585473,366.154899544652,3.99919277099807
125.457136868447,409.268849681571,3.39999420223268
623.027339524292,315.751249381373,4.56099418967358
3.56565623575673,148.586144264091,4.2195171820405
541.232961513588,204.647331005742,4.02890862905329
35.7268109551041,491.079527914195,2.96833710964044
277.261360459326,23.5502151548371,3.92661662400607
531.685702269827,392.843951693541,3.5974199132606
76.8855858432639,77.8493748261867,5.12799281524487
1.57561921084522,74.0720127242295,3.29561144500224
586.98260139426,225.965161520483,4.11096302499577
438.563685140711,461.640385602136,4.86351268639238
659.879086422728,373.578057903384,2.87138809620013
102.642796602833,483.471229807339,4.28861421719608
626.414547566361,89.8809691221141,4.03811889445404
419.771835690917,258.66130538872,3.61391318537974
11.9101495156837,182.252896205346,3.07323070676221
60.8329974298118,105.999435448621,4.4242415329849
608.180829415561,208.490771978206,4.31694508036536
247.559121031767,219.284640140771,3.76503036406518
573.189974810583,432.702654578527,3.73102745471062
306.035674822639,137.369529248978,3.87451735216861
531.526988726267,451.105010554163,3.60531460623894
48.1671195908393,419.059218006329,3.97244940258037
193.415865899417,296.663942102502,4.49909566400459
558.140249761086,261.305913257751,3.76172027005632
171.149324487148,18.5186849048676,3.93198223142718
498.629611112707,352.273890704004,4.83423998255546
49.156531023774,59.1148820655796,3.45135724347926
530.38561314307,131.857819311437,4.86989660189764
NA,NA,NA
660.542866699008,337.124622677744,3.53826123554362
455.842847767978,299.934303086287,3.67736063391061
11.2814530153215,495.001311684569,3.43233208125582
564.308471972224,50.6557707751846,4.05311937847605
70.352436296798,379.823398901809,3.94779190463583
230.104349317159,409.850834035682,3.90089010988116
426.276524726284,13.9738595059178,3.31589997425336
364.486870335674,292.851113225575,3.08600110699883
598.339948931395,106.237040633772,4.28377739082249
389.222423740553,226.292328635985,4.21992822232059
566.989768359088,411.186390024064,4.74832096381311
139.101099290993,282.853518824678,4.48052701515779
192.148018585473,366.154899544652,3.99919277099807
125.457136868447,409.268849681571,3.39999420223268
623.027339524292,315.751249381373,4.56099418967358
3.56565623575673,148.586144264091,4.2195171820405
541.232961513588,204.647331005742,4.02890862905329
35.7268109551041,491.079527914195,2.96833710964044
277.261360459326,23.5502151548371,3.92661662400607
531.685702269827,392.843951693541,3.5974199132606
76.8855858432639,77.8493748261867,5.12799281524487
1.57561921084522,74.0720127242295,3.29561144500224
586.98260139426,225.965161520483,4.11096302499577
438.563685140711,461.640385602136,4.86351268639238
659.879086422728,373.578057903384,2.87138809620013
102.642796602833,483.471229807339,4.28861421719608
626.414547566361,89.8809691221141,4.03811889445404
419.771835690917,258.66130538872,3.61391318537974
11.9101495156837,182.252896205346,3.07323070676221
60.8329974298118,105.999435448621,4.4242415329849
608.180829415561,208.490771978206,4.31694508036536
247.559121031767,219.284640140771,3.76503036406518
573.189974810583,432.702654578527,3.73102745471062
306.035674822639,137.369529248978,3.87451735216861
531.526988726267,451.105010554163,3.60531460623894
48.1671195908393,419.059218006329,3.97244940258037
193.415865899417,296.663942102502,4.49909566400459
558.140249761086,261.305913257751,3.76172027005632
171.149324487148,18.5186849048676,3.93198223142718
498.629611112707,352.273890704004,4.83423998255546
49.156531023774,59.1148820655796,3.45135724347926
530.38561314307,131.857819311437,4.86989660189764
NA,NA,NA
660.542866699008,337.124622677744,3.53826123554362
455.842847767978,299.934303086287,3.67736063391061
11.2814530153215,495.001311684569,3.43233208125582
564.308471972224,50.6557707751846,4.05311937847605
70.352436296798,379.823398901809,3.94779190463583
230.104349317159,409.850834035682,3.90089010988116
426.276524726284,13.9738595059178,3.31589997425336
364.486870335674,292.851113225575,3.08600110699883
598.339948931395,106.237040633772,4.28377739082249
389.222423740553,226.292328635985,4.21992822232059
566.989768359088,411.186390024064,4.74832096381311
139.101099290993,282.853518824678,4.48052701515779
192.148018585473,366.154899544652,3.99919277099807
125.457136868447,409.268849681571,3.39999420223268
623.027339524292,315.751249381373,4.56099418967358
3.56565623575673,148.586144264091,4.2195171820405
541.232961513588,204.647331005742,4.02890862905329
35.7268109551041,491.079527914195,2.96833710964044
277.261360459326,23.5502151548371,3.92661662400607
531.685702269827,392.843951693541,3.5974199132606
76.8855858432639,77.8493748261867,5.12799281524487
1.57561921084522,74.0720127242295,3.29561144500224
586.98260139426,225.965161520483,4.11096302499577
438.563685140711,461.640385602136,4.86351268639238
659.879086422728,373.578057903384,2.87138809620013
102.642796602833,483.471229807339,4.28861421719608
626.414547566361,89.8809691221141,4.03811889445404
419.771835690917,258.66130538872,3.61391318537974
11.9101495156837,182.252896205346,3.07323070676221
60.8329974298118,105.999435448621,4.4242415329849
608.180829415561,208.490771978206,4.31694508036536
247.559121031767,219.284640140771,3.76503036406518
573.189974810583,432.702654578527,3.73102745471062
306.035674822639,137.369529248978,3.87451735216861
531.526988726267,451.105010554163,3.60531460623894
48.1671195908393,419.059218006329,3.97244940258037
193.415865899417,296.663942102502,4.49909566400459
558.140249761086,261.305913257751,3.76172027005632
171.149324487148,18.5186849048676,3.93198223142718
498.629611112707,352.273890704004,4.83423998255546
49.156531023774,59.1148820655796,3.45135724347926
530.38561314307,131.857819311437,4.86989660189764
NA,NA,NA
660.542866699008,337.124622677744,3.53826123554362
455.842847767978,299.934303086287,3.67736063391061
11.2814530153215,495.001311684569,3.43233208125582
564.308471972224,50.6557707751846,4.05311937847605
70.352436296798,379.823398901809,3.94779190463583
230.104349317159,409.850834035682,3.90089010988116
426.276524726284,13.9738595059178,3.31589997425336
364.486870335674,292.851113225575,3.08600110699883
598.339948931395,106.237040633772,4.28377739082249
389.222423740553,226.292328635985,4.21992822232059
566.989768359088,411.186390024064,4.74832096381311
139.101099290993,282.853518824678,4.48052701515779
192.148018585473,366.154899544652,3.99919277099807
125.457136868447,409.268849681571,3.39999420223268
623.027339524292,315.751249381373,4.56099418967358
3.56565623575673,148.586144264091,4.2195171820405
541.232961513588,204.647331005742,4.02890862905329
35.7268109551041,491.079527914195,2.96833710964044
277.261360459326,23.5502151548371,3.92661662400607
531.685702269827,392.843951693541,3.5974199132606
76.8855858432639,77.8493748261867,5.12799281524487
1.57561921084522,74.0720127242295,3.29561144500224
586.98260139426,225.965161520483,4.11096302499577
438.563685140711,461.640385602136,4.86351268639238
659.879086422728,373.578057903384,2.87138809620013
102.642796602833,483.471229807339,4.28861421719608
626.414547566361,89.8809691221141,4.03811889445404
419.771835690917,258.66130538872,3.61391318537974
11.9101495156837,182.252896205346,3.07323070676221
60.8329974298118,105.999435448621,4.4242415329849
608.180829415561,208.490771978206,4.31694508036536
247.559121031767,219.284640140771,3.76503036406518
573.189974810583,432.702654578527,3.73102745471062
306.035674822639,137.369529248978,3.87451735216861
531.526988726267,451.105010554163,3.60531460623894
48.1671195908393,419.059218006329,3.97244940258037
193.415865899417,296.663942102502,4.49909566400459
558.140249761086,261.305913257751,3.76172027005632
171.149324487148,18.5186849048676,3.93198223142718
498.629611112707,352.273890704004,4.83423998255546
49.156531023774,59.1148820655796,3.45135724347926
530.38561314307,131.857819311437,4.86989660189764
NA,NA,NA
660.777827244468,335.386890076587,3.56772066276905
458.039699787474,296.249538300853,3.61287833870171
14.422802028453,496.462279594935,3.28223520447058
562.029611836703,49.8205943017334,4.19378062729994
70.1075747608636,373.661728690555,4.09170200282467
230.454889618393,420.111311281546,3.8899929577416
425.766957881354,11.772457528095,3.18843707215541
360.164441591409,294.598274165083,3.10639532363968
601.522547556636,102.181966475311,4.22075163622262
392.331261279536,229.050707465287,4.22459278530058
568.072082687516,408.835151594329,4.73248553882785
139.161882199862,292.791550233503,4.65158749378566
197.375585627619,365.944303557162,4.08488813952867
121.889146414246,408.765723820266,3.38177879710162
629.20261905791,308.638705769375,4.54137820961866
0.633318923196517,146.658368777304,4.2423077270259
544.324025005495,205.718736493287,4.15319012215289
34.4932501749153,490.441798326012,2.91229844909552
280.354820643386,24.3156578914966,3.96570053980666
535.009279474942,395.504737619703,3.40117270000127
76.0118086711616,78.9621038895181,5.21683017323706
8.34397256355487,79.3399322795318,3.66733014906128
587.088881233494,223.795005658311,3.85337571027501
435.514263650142,459.00537935871,4.85767969617708
659.791246531065,373.410209371607,2.90931621669821
108.070335890581,486.710024284181,4.38451962420273
624.006247500032,90.2453967797984,4.09693471739105
422.320275962034,259.728617118949,3.66738099201489
10.4431663160065,181.542356105209,3.10625393566999
81.1142223540281,125.08402210428,4.37132641089421
617.549525131067,220.865316467692,4.17800155642054
248.559891015481,217.776818130838,4.13309360788958
566.464592779402,430.976531478776,3.92942382643983
299.701944010346,135.587997964805,3.78478057837392
531.487279623783,451.936394875774,3.78517909773737
46.2863828113913,409.812176216261,3.99397087495877
201.6217206399,285.212265424708,4.20990695452166
546.118081542129,258.389281252566,3.74428030023433
161.209671926587,38.6152805312646,4.19086143179853
512.445063374356,349.745813927532,4.79698235146163
37.9628562431268,35.3037914028629,4.20007155050173
518.148095897872,155.600474356247,4.46500751302837
NA,NA,NA
660.777827244468,335.386890076587,3.56772066276905
458.039699787474,296.249538300853,3.61287833870171
14.422802028453,496.462279594935,3.28223520447058
562.029611836703,49.8205943017334,4.19378062729994
70.1075747608636,373.661728690555,4.09170200282467
230.454889618393,420.111311281546,3.8899929577416
425.766957881354,11.772457528095,3.18843707215541
360.164441591409,294.598274165083,3.10639532363968
601.522547556636,102.181966475311,4.22075163622262
392.331261279536,229.050707465287,4.22459278530058
568.072082687516,408.835151594329,4.73248553882785
139.161882199862,292.791550233503,4.65158749378566
197.375585627619,365.944303557162,4.08488813952867
121.889146414246,408.765723820266,3.38177879710162
629.20261905791,308.638705769375,4.54137820961866
0.633318923196517,146.658368777304,4.2423077270259
544.324025005495,205.718736493287,4.15319012215289
34.4932501749153,490.441798326012,2.91229844909552
280.354820643386,24.3156578914966,3.96570053980666
535.009279474942,395.504737619703,3.40117270000127
76.0118086711616,78.9621038895181,5.21683017323706
8.34397256355487,79.3399322795318,3.66733014906128
587.088881233494,223.795005658311,3.85337571027501
435.514263650142,459.00537935871,4.85767969617708
659.791246531065,373.410209371607,2.90931621669821
108.070335890581,486.710024284181,4.38451962420273
624.006247500032,90.2453967797984,4.09693471739105
422.320275962034,259.728617118949,3.66738099201489
10.4431663160065,181.542356105209,3.10625393566999
81.1142223540281,125.08402210428,4.37132641089421
617.549525131067,220.865316467692,4.17800155642054
248.559891015481,217.776818130838,4.13309360788958
566.464592779402,430.976531478776,3.92942382643983
299.701944010346,135.587997964805,3.78478057837392
531.487279623783,451.936394875774,3.78517909773737
46.2863828113913,409.812176216261,3.99397087495877
201.6217206399,285.212265424708,4.20990695452166
546.118081542129,258.389281252566,3.74428030023433
161.209671926587,38.6152805312646,4.19086143179853
512.445063374356,349.745813927532,4.79698235146163
37.9628562431268,35.3037914028629,4.20007155050173
518.148095897872,155.600474356247,4.46500751302837
NA,NA,NA
660.777827244468,335.386890076587,3.56772066276905
458.039699787474,296.249538300853,3.61287833870171
14.422802028453,496.462279594935,3.28223520447058
562.029611836703,49.8205943017334,4.19378062729994
70.1075747608636,373.661728690555,4.09170200282467
230.454889618393,420.111311281546,3.8899929577416
425.766957881354,11.772457528095,3.18843707215541
360.164441591409,294.598274165083,3.10639532363968
601.522547556636,102.181966475311,4.22075163622262
392.331261279536,229.050707465287,4.22459278530058
568.072082687516,408.835151594329,4.73248553882785
139.161882199862,292.791550233503,4.65158749378566
197.375585627619,365.944303557162,4.08488813952867
121.889146414246,408.765723820266,3.38177879710162
629.20261905791,308.638705769375,4.54137820961866
0.633318923196517,146.658368777304,4.2423077270259
544.324025005495,205.718736493287,4.15319012215289
34.4932501749153,490.441798326012,2.91229844909552
280.354820643386,24.3156578914966,3.96570053980666
535.009279474942,395.504737619703,3.40117270000127
76.0118086711616,78.9621038895181,5.21683017323706
8.34397256355487,79.3399322795318,3.66733014906128
587.088881233494,223.795005658311,3.85337571027501
435.514263650142,459.00537935871,4.85767969617708
659.791246531065,373.410209371607,2.90931621669821
108.070335890581,486.710024284181,4.38451962420273
624.006247500032,90.2453967797984,4.09693471739105
422.320275962034,259.728617118949,3.66738099201489
10.4431663160065,181.542356105209,3.10625393566999
81.1142223540281,125.08402210428,4.37132641089421
617.549525131067,220.865316467692,4.17800155642054
248.559891015481,217.776818130838,4.13309360788958
566.464592779402,430.976531478776,3.92942382643983
299.701944010346,135.587997964805,3.78478057837392
531.487279623783,451.936394875774,3.78517909773737
46.2863828113913,409.812176216261,3.99397087495877
201.6217206399,285.212265424708,4.20990695452166
546.118081542129,258.389281252566,3.74428030023433
161.209671926587,38.6152805312646,4.19086143179853
512.445063374356,349.745813927532,4.79698235146163
37.9628562431268,35.3037914028629,4.20007155050173
518.148095897872,155.600474356247,4.46500751302837
NA,NA,NA
660.777827244468,335.386890076587,3.56772066276905
458.039699787474,296.249538300853,3.61287833870171
14.422802028453,496.462279594935,3.28223520447058
562.029611836703,49.8205943017334,4.19378062729994
70.1075747608636,373.661728690555,4.09170200282467
230.454889618393,420.111311281546,3.8899929577416
425.766957881354,11.772457528095,3.18843707215541
360.164441591409,294.598274165083,3.10639532363968
601.522547556636,102.181966475311,4.22075163622262
392.331261279536,229.050707465287,4.22459278530058
568.072082687516,408.835151594329,4.73248553882785
139.161882199862,292.791550233503,4.65158749378566
197.375585627619,365.944303557162,4.08488813952867
121.889146414246,408.765723820266,3.38177879710162
629.20261905791,308.638705769375,4.54137820961866
0.633318923196517,146.658368777304,4.2423077270259
544.324025005495,205.718736493287,4.15319012215289
34.4932501749153,490.441798326012,2.91229844909552
280.354820643386,24.3156578914966,3.96570053980666
535.009279474942,395.504737619703,3.40117270000127
76.0118086711616,78.9621038895181,5.21683017323706
8.34397256355487,79.3399322795318,3.66733014906128
587.088881233494,223.795005658311,3.85337571027501
435.514263650142,459.00537935871,4.85767969617708
659.791246531065,373.410209371607,2.90931621669821
108.070335890581,486.710024284181,4.38451962420273
624.006247500032,90.2453967797984,4.09693471739105
422.320275962034,259.728617118949,3.66738099201489
10.4431663160065,181.542356105209,3.10625393566999
81.1142223540281,125.08402210428,4.37132641089421
617.549525131067,220.865316467692,4.17800155642054
248.559891015481,217.776818130838,4.13309360788958
566.464592779402,430.976531478776,3.92942382643983
299.701944010346,135.587997964805,3.78478057837392
531.487279623783,451.936394875774,3.78517909773737
46.2863828113913,409.812176216261,3.99397087495877
201.6217206399,285.212265424708,4.20990695452166
546.118081542129,258.389281252566,3.74428030023433
161.209671926587,38.6152805312646,4.19086143179853
512.445063374356,349.745813927532,4.79698235146163
37.9628562431268,35.3037914028629,4.20007155050173
518.148095897872,155.600474356247,4.46500751302837
NA,NA,NA
660.777827244468,335.386890076587,3.56772066276905
458.039699787474,296.249538300853,3.61287833870171
14.422802028453,496.462279594935,3.28223520447058
562.029611836703,49.8205943017334,4.19378062729994
70.1075747608636,373.661728690555,4.09170200282467
230.454889618393,420.111311281546,3.8899929577416
425.766957881354,11.772457528095,3.18843707215541
360.164441591409,294.598274165083,3.10639532363968
601.522547556636,102.181966475311,4.22075163622262
392.331261279536,229.050707465287,4.22459278530058
568.072082687516,408.835151594329,4.73248553882785
139.161882199862,292.791550233503,4.65158749378566
197.375585627619,365.944303557162,4.08488813952867
121.889146414246,408.765723820266,3.38177879710162
629.20261905791,308.638705769375,4.54137820961866
0.633318923196517,146.658368777304,4.2423077270259
544.324025005495,205.718736493287,4.15319012215289
34.4932501749153,490.441798326012,2.91229844909552
280.354820643386,24.3156578914966,3.96570053980666
535.009279474942,395.504737619703,3.40117270000127
76.0118086711616,78.9621038895181,5.21683017323706
8.34397256355487,79.3399322795318,3.66733014906128
587.088881233494,223.795005658311,3.85337571027501
435.514263650142,459.00537935871,4.85767969617708
659.791246531065,373.410209371607,2.90931621669821
108.070335890581,486.710024284181,4.38451962420273
624.006247500032,90.2453967797984,4.09693471739105
422.320275962034,259.728617118949,3.66738099201489
10.4431663160065,181.542356105209,3.10625393566999
81.1142223540281,125.08402210428,4.37132641089421
617.549525131067,220.865316467692,4.17800155642054
248.559891015481,217.776818130838,4.13309360788958
566.464592779402,430.976531478776,3.92942382643983
299.701944010346,135.587997964805,3.78478057837392
531.487279623783,451.936394875774,3.78517909773737
46.2863828113913,409.812176216261,3.99397087495877
201.6217206399,285.212265424708,4.20990695452166
546.118081542129,258.389281252566,3.74428030023433
161.209671926587,38.6152805312646,4.19086143179853
512.445063374356,349.745813927532,4.79698235146163
37.9628562431268,35.3037914028629,4.20007155050173
518.148095897872,155.600474356247,4.46500751302837
NA,NA,NA
660.777827244468,335.386890076587,3.56772066276905
458.039699787474,296.249538300853,3.61287833870171
14.422802028453,496.462279594935,3.28223520447058
562.029611836703,49.8205943017334,4.19378062729994
70.1075747608636,373.661728690555,4.09170200282467
230.454889618393,420.111311281546,3.8899929577416
425.766957881354,11.772457528095,3.18843707215541
360.164441591409,294.598274165083,3.10639532363968
601.522547556636,102.181966475311,4.22075163622262
392.331261279536,229.050707465287,4.22459278530058
568.072082687516,408.835151594329,4.73248553882785
139.161882199862,292.791550233503,4.65158749378566
197.375585627619,365.944303557162,4.08488813952867
121.889146414246,408.765723820266,3.38177879710162
629.20261905791,308.638705769375,4.54137820961866
0.633318923196517,146.658368777304,4.2423077270259
544.324025005495,205.718736493287,4.15319012215289
34.4932501749153,490.441798326012,2.91229844909552
280.354820643386,24.3156578914966,3.96570053980666
535.009279474942,395.504737619703,3.40117270000127
76.0118086711616,78.9621038895181,5.21683017323706
8.34397256355487,79.3399322795318,3.66733014906128
587.088881233494,223.795005658311,3.85337571027501
435.514263650142,459.00537935871,4.85767969617708
659.791246531065,373.410209371607,2.90931621669821
108.070335890581,486.710024284181,4.38451962420273
624.006247500032,90.2453967797984,4.09693471739105
422.320275962034,259.728617118949,3.66738099201489
10.4431663160065,181.542356105209,3.10625393566999
81.1142223540281,125.08402210428,4.37132641089421
617.549525131067,220.865316467692,4.17800155642054
248.559891015481,217.776818130838,4.13309360788958
566.464592779402,430.976531478776,3.92942382643983
299.701944010346,135.587997964805,3.78478057837392
531.487279623783,451.936394875774,3.78517909773737
46.2863828113913,409.812176216261,3.99397087495877
201.6217206399,285.212265424708,4.20990695452166
546.118081542129,258.389281252566,3.74428030023433
161.209671926587,38.6152805312646,4.19086143179853
512.445063374356,349.745813927532,4.79698235146163
37.9628562431268,35.3037914028629,4.20007155050173
518.148095897872,155.600474356247,4.46500751302837
NA,NA,NA
664.355823005854,333.954498149048,3.50708956301875
458.766257536101,297.419999038717,3.63327623999455
13.251003898384,494.013296326163,3.66176690503683
564.532034945493,50.275750370742,4.17140971108875
73.2971934580034,372.77422915401,3.94663212738103
231.40776861213,413.798300630415,3.86602840600444
426.656504430053,9.65987612794144,3.32685787689963
362.983078708607,290.830085813848,2.93901295123373
609.525642182559,102.218977269494,4.22411154043921
391.744559003678,228.087768641166,4.13921920667563
569.355070393911,414.33691514787,4.75154672506275
140.111901948161,278.759563811357,4.72266509915659
201.680494908228,367.733969044813,4.00661949569711
124.885490647462,408.737564144867,3.49282687823989
630.214172136675,313.298961752038,4.66377205154954
0.98393354044575,145.986979945853,4.25658934814409
539.912166452396,204.32852467712,4.0884721504296
33.1360272524637,493.07322560027,2.86937477979856
279.98461086723,25.5096567364515,3.97043405025083
533.856595591936,394.117137888036,3.21910779811275
73.0502846528779,75.73423361048,5.19344065182705
2.97914291472398,75.1417614495412,3.359444175639
588.362339758104,227.136873801744,3.96794799593919
435.195488079675,468.114178780782,4.71316132446503
658.890432856758,372.725509603974,3.05448894120909
108.928621216196,482.806172456766,4.41811085162722
624.610020825814,91.521736041005,4.03340633658126
421.09865156042,257.840438990623,3.61886650872089
11.7005605707558,180.440409883383,3.23906076366086
58.2229765446377,104.124139311157,4.56578251926885
609.65541084433,198.068615834575,4.52434740168551
255.70629885634,224.884896548012,4.12988892484834
565.147931534733,436.130119413227,3.79942501093259
309.447801572856,141.132927183744,3.7671097233067
520.583335761975,463.884672722812,3.59183454308704
40.8612437181446,426.858903417899,3.85724676989162
197.382600521261,288.564341320042,3.99790747275928
555.15393741099,260.275150909153,3.97395179219762
178.543295526555,30.1322060812405,4.39843400119932
512.029885717553,352.358031304466,4.42611709850828
32.8483174186137,45.2380785977437,3.8332919123074
536.479931624621,139.594124415973,4.73538681873629
NA,NA,NA
664.355823005854,333.954498149048,3.50708956301875
458.766257536101,297.419999038717,3.63327623999455
13.251003898384,494.013296326163,3.66176690503683
564.532034945493,50.275750370742,4.17140971108875
73.2971934580034,372.77422915401,3.94663212738103
231.40776861213,413.798300630415,3.86602840600444
426.656504430053,9.65987612794144,3.32685787689963
362.983078708607,290.830085813848,2.93901295123373
609.525642182559,102.218977269494,4.22411154043921
391.744559003678,228.087768641166,4.13921920667563
569.355070393911,414.33691514787,4.75154672506275
140.111901948161,278.759563811357,4.72266509915659
201.680494908228,367.733969044813,4.00661949569711
124.885490647462,408.737564144867,3.49282687823989
630.214172136675,313.298961752038,4.66377205154954
0.98393354044575,145.986979945853,4.25658934814409
539.912166452396,204.32852467712,4.0884721504296
33.1360272524637,493.07322560027,2.86937477979856
279.98461086723,25.5096567364515,3.97043405025083
533.856595591936,394.117137888036,3.21910779811275
73.0502846528779,75.73423361048,5.19344065182705
2.97914291472398,75.1417614495412,3.359444175639
588.362339758104,227.136873801744,3.96794799593919
435.195488079675,468.114178780782,4.71316132446503
658.890432856758,372.725509603974,3.05448894120909
108.928621216196,482.806172456766,4.41811085162722
624.610020825814,91.521736041005,4.03340633658126
421.09865156042,257.840438990623,3.61886650872089
11.7005605707558,180.440409883383,3.23906076366086
58.2229765446377,104.124139311157,4.56578251926885
609.65541084433,198.068615834575,4.52434740168551
255.70629885634,224.884896548012,4.12988892484834
565.147931534733,436.130119413227,3.79942501093259
309.447801572856,141.132927183744,3.7671097233067
520.583335761975,463.884672722812,3.59183454308704
40.8612437181446,426.858903417899,3.85724676989162
197.382600521261,288.564341320042,3.99790747275928
555.15393741099,260.275150909153,3.97395179219762
178.543295526555,30.1322060812405,4.39843400119932
512.029885717553,352.358031304466,4.42611709850828
32.8483174186137,45.2380785977437,3.8332919123074
536.479931624621,139.594124415973,4.73538681873629
NA,NA,NA
664.355823005854,333.954498149048,3.50708956301875
458.766257536101,297.419999038717,3.63327623999455
13.251003898384,494.013296326163,3.66176690503683
564.532034945493,50.275750370742,4.17140971108875
73.2971934580034,372.77422915401,3.94663212738103
231.40776861213,413.798300630415,3.86602840600444
426.656504430053,9.65987612794144,3.32685787689963
362.983078708607,290.830085813848,2.93901295123373
609.525642182559,102.218977269494,4.22411154043921
391.744559003678,228.087768641166,4.13921920667563
569.355070393911,414.33691514787,4.75154672506275
140.111901948161,278.759563811357,4.72266509915659
201.680494908228,367.733969044813,4.00661949569711
124.885490647462,408.737564144867,3.49282687823989
630.214172136675,313.298961752038,4.66377205154954
0.98393354044575,145.986979945853,4.25658934814409
539.912166452396,204.32852467712,4.0884721504296
33.1360272524637,493.07322560027,2.86937477979856
279.98461086723,25.5096567364515,3.97043405025083
533.856595591936,394.117137888036,3.21910779811275
73.0502846528779,75.73423361048,5.19344065182705
2.97914291472398,75.1417614495412,3.359444175639
588.362339758104,227.136873801744,3.96794799593919
435.195488079675,468.114178780782,4.71316132446503
658.890432856758,372.725509603974,3.05448894120909
108.928621216196,482.806172456766,4.41811085162722
624.610020825814,91.521736041005,4.03340633658126
421.09865156042,257.840438990623,3.61886650872089
11.7005605707558,180.440409883383,3.23906076366086
58.2229765446377,104.124139311157,4.56578251926885
609.65541084433,198.068615834575,4.52434740168551
255.70629885634,224.884896548012,4.12988892484834
565.147931534733,436.130119413227,3.79942501093259
309.447801572856,141.132927183744,3.7671097233067
520.583335761975,463.884672722812,3.59183454308704
40.8612437181446,426.858903417899,3.85724676989162
197.382600521261,288.564341320042,3.99790747275928
555.15393741099,260.275150909153,3.97395179219762
178.543295526555,30.1322060812405,4.39843400119932
512.029885717553,352.358031304466,4.42611709850828
32.8483174186137,45.2380785977437,3.8332919123074
536.479931624621,139.594124415973,4.73538681873629
NA,NA,NA
664.355823005854,333.954498149048,3.50708956301875
458.766257536101,297.419999038717,3.63327623999455
13.251003898384,494.013296326163,3.66176690503683
564.532034945493,50.275750370742,4.17140971108875
73.2971934580034,372.77422915401,3.94663212738103
231.40776861213,413.798300630415,3.86602840600444
426.656504430053,9.65987612794144,3.32685787689963
362.983078708607,290.830085813848,2.93901295123373
609.525642182559,102.218977269494,4.22411154043921
391.744559003678,228.087768641166,4.13921920667563
569.355070393911,414.33691514787,4.75154672506275
140.111901948161,278.759563811357,4.72266509915659
201.680494908228,367.733969044813,4.00661949569711
124.885490647462,408.737564144867,3.49282687823989
630.214172136675,313.298961752038,4.66377205154954
0.98393354044575,145.986979945853,4.25658934814409
539.912166452396,204.32852467712,4.0884721504296
33.1360272524637,493.07322560027,2.86937477979856
279.98461086723,25.5096567364515,3.97043405025083
533.856595591936,394.117137888036,3.21910779811275
73.0502846528779,75.73423361048,5.19344065182705
2.97914291472398,75.1417614495412,3.359444175639
588.362339758104,227.136873801744,3.96794799593919
435.195488079675,468.114178780782,4.71316132446503
658.890432856758,372.725509603974,3.05448894120909
108.928621216196,482.806172456766,4.41811085162722
624.610020825814,91.521736041005,4.03340633658126
421.09865156042,257.840438990623,3.61886650872089
11.7005605707558,180.440409883383,3.23906076366086
58.2229765446377,104.124139311157,4.56578251926885
609.65541084433,198.068615834575,4.52434740168551
255.70629885634,224.884896548012,4.12988892484834
565.147931534733,436.130119413227,3.79942501093259
309.447801572856,141.132927183744,3.7671097233067
520.583335761975,463.884672722812,3.59183454308704
40.8612437181446,426.858903417899,3.85724676989162
197.382600521261,288.564341320042,3.99790747275928
555.15393741099,260.275150909153,3.97395179219762
178.543295526555,30.1322060812405,4.39843400119932
512.029885717553,352.358031304466,4.42611709850828
32.8483174186137,45.2380785977437,3.8332919123074
536.479931624621,139.594124415973,4.73538681873629
NA,NA,NA
664.355823005854,333.954498149048,3.50708956301875
458.766257536101,297.419999038717,3.63327623999455
13.251003898384,494.013296326163,3.66176690503683
564.532034945493,50.275750370742,4.17140971108875
73.2971934580034,372.77422915401,3.94663212738103
231.40776861213,413.798300630415,3.86602840600444
426.656504430053,9.65987612794144,3.32685787689963
362.983078708607,290.830085813848,2.93901295123373
609.525642182559,102.218977269494,4.22411154043921
391.744559003678,228.087768641166,4.13921920667563
569.355070393911,414.33691514787,4.75154672506275
140.111901948161,278.759563811357,4.72266509915659
201.680494908228,367.733969044813,4.00661949569711
124.885490647462,408.737564144867,3.49282687823989
630.214172136675,313.298961752038,4.66377205154954
0.98393354044575,145.986979945853,4.25658934814409
539.912166452396,204.32852467712,4.0884721504296
33.1360272524637,493.07322560027,2.86937477979856
279.98461086723,25.5096567364515,3.97043405025083
533.856595591936,394.117137888036,3.21910779811275
73.0502846528779,75.73423361048,5.19344065182705
2.97914291472398,75.1417614495412,3.359444175639
588.362339758104,227.136873801744,3.96794799593919
435.195488079675,468.114178780782,4.71316132446503
658.890432856758,372.725509603974,3.05448894120909
108.928621216196,482.806172456766,4.41811085162722
624.610020825814,91.521736041005,4.03340633658126
421.09865156042,257.840438990623,3.61886650872089
11.7005605707558,180.440409883383,3.23906076366086
58.2229765446377,104.124139311157,4.56578251926885
609.65541084433,198.068615834575,4.52434740168551
255.70629885634,224.884896548012,4.12988892484834
565.147931534733,436.130119413227,3.79942501093259
309.447801572856,141.132927183744,3.7671097233067
520.583335761975,463.884672722812,3.59183454308704
40.8612437181446,426.858903417899,3.85724676989162
197.382600521261,288.564341320042,3.99790747275928
555.15393741099,260.275150909153,3.97395179219762
178.543295526555,30.1322060812405,4.39843400119932
512.029885717553,352.358031304466,4.42611709850828
32.8483174186137,45.2380785977437,3.8332919123074
536.479931624621,139.594124415973,4.73538681873629
NA,NA,NA
664.355823005854,333.954498149048,3.50708956301875
458.766257536101,297.419999038717,3.63327623999455
13.251003898384,494.013296326163,3.66176690503683
564.532034945493,50.275750370742,4.17140971108875
73.2971934580034,372.77422915401,3.94663212738103
231.40776861213,413.798300630415,3.86602840600444
426.656504430053,9.65987612794144,3.32685787689963
362.983078708607,290.830085813848,2.93901295123373
609.525642182559,102.218977269494,4.22411154043921
391.744559003678,228.087768641166,4.13921920667563
569.355070393911,414.33691514787,4.75154672506275
140.111901948161,278.759563811357,4.72266509915659
201.680494908228,367.733969044813,4.00661949569711
124.885490647462,408.737564144867,3.49282687823989
630.214172136675,313.298961752038,4.66377205154954
0.98393354044575,145.986979945853,4.25658934814409
539.912166452396,204.32852467712,4.0884721504296
33.1360272524637,493.07322560027,2.86937477979856
279.98461086723,25.5096567364515,3.97043405025083
533.856595591936,394.117137888036,3.21910779811275
73.0502846528779,75.73423361048,5.19344065182705
2.97914291472398,75.1417614495412,3.359444175639
588.362339758104,227.136873801744,3.96794799593919
435.195488079675,468.114178780782,4.71316132446503
658.890432856758,372.725509603974,3.05448894120909
108.928621216196,482.806172456766,4.41811085162722
624.610020825814,91.521736041005,4.03340633658126
421.09865156042,257.840438990623,3.61886650872089
11.7005605707558,180.440409883383,3.23906076366086
58.2229765446377,104.124139311157,4.56578251926885
609.65541084433,198.068615834575,4.52434740168551
255.70629885634,224.884896548012,4.12988892484834
565.147931534733,436.130119413227,3.79942501093259
309.447801572856,141.132927183744,3.7671097233067
520.583335761975,463.884672722812,3.59183454308704
40.8612437181446,426.858903417899,3.85724676989162
197.382600521261,288.564341320042,3.99790747275928
555.15393741099,260.275150909153,3.97395179219762
178.543295526555,30.1322060812405,4.39843400119932
512.029885717553,352.358031304466,4.42611709850828
32.8483174186137,45.2380785977437,3.8332919123074
536.479931624621,139.594124415973,4.73538681873629
NA,NA,NA
661.950531587553,335.976608879348,3.49638691590004
458.571698588492,302.667521247184,3.48547267621991
9.86915943585811,495.117495175042,3.6455192157182
562.39555487007,47.6330918837437,4.19608788050657
73.0277343588311,377.820610799262,4.15052362993324
227.358471407938,409.249479939234,3.85148688089422
426.2824536562,14.8798183094849,3.38915843789327
361.308489267648,292.050778662964,3.05315370050701
600.45129982148,105.357925397683,4.29385405797158
390.014212855641,227.369889640195,4.14706325966717
567.381373410883,411.038315709998,4.67821216071318
145.057614022067,287.349049854632,4.44853204557214
200.515711547076,373.023556547876,3.91339788847604
121.918015524187,414.443588580145,3.37184250553252
621.554417140737,310.161660252468,4.53319319312598
1.61223548606271,144.684440502267,4.2746699297445
542.155384169879,205.871664206177,4.16376112527844
36.3170090416859,490.9868024502,2.99461334319909
275.407260061001,23.4641706579294,3.78097856674006
534.403544482874,393.742427505018,3.36527049138943
82.8722399864728,76.3940550988484,5.23448222188575
5.13557740522104,79.7006662502033,3.63601973541248
586.012917244254,222.355112485303,4.03131841298267
437.869228524836,457.761513634079,4.79321022774803
658.500679093287,373.920146844966,3.07429601736685
105.885987989275,489.431348937099,4.35296142264797
624.82681040588,92.9032542655496,4.08584479066977
419.874969490291,255.544851900045,3.60335194435635
11.4336352709613,181.078294503194,3.21327366730795
74.5565186195495,130.893586935295,4.42027326120206
601.801561809917,199.063480600232,4.26684616943405
249.279330374275,223.836159132895,3.73893306724214
577.296590216317,431.413337147399,3.65144767553079
301.647262297602,135.885879190087,3.91349958473955
535.069830544502,455.201911527294,3.47847397717471
37.7940757180354,425.103907493548,3.90877193214981
198.254274844993,289.989134990811,3.93727879167844
548.09796172712,256.58631023492,3.49354985064183
170.33115810492,12.1818506975702,3.94837580403439
510.663438779723,351.307190039724,4.41470028625626
34.3803333562086,48.0387258861094,3.85657614293047
540.127416036073,136.28430455541,4.62393245428941
NA,NA,NA
661.950531587553,335.976608879348,3.49638691590004
458.571698588492,302.667521247184,3.48547267621991
9.86915943585811,495.117495175042,3.6455192157182
562.39555487007,47.6330918837437,4.19608788050657
73.0277343588311,377.820610799262,4.15052362993324
227.358471407938,409.249479939234,3.85148688089422
426.2824536562,14.8798183094849,3.38915843789327
361.308489267648,292.050778662964,3.05315370050701
600.45129982148,105.357925397683,4.29385405797158
390.014212855641,227.369889640195,4.14706325966717
567.381373410883,411.038315709998,4.67821216071318
145.057614022067,287.349049854632,4.44853204557214
200.515711547076,373.023556547876,3.91339788847604
121.918015524187,414.443588580145,3.37184250553252
621.554417140737,310.161660252468,4.53319319312598
1.61223548606271,144.684440502267,4.2746699297445
542.155384169879,205.871664206177,4.16376112527844
36.3170090416859,490.9868024502,2.99461334319909
275.407260061001,23.4641706579294,3.78097856674006
534.403544482874,393.742427505018,3.36527049138943
82.8722399864728,76.3940550988484,5.23448222188575
5.13557740522104,79.7006662502033,3.63601973541248
586.012917244254,222.355112485303,4.03131841298267
437.869228524836,457.761513634079,4.79321022774803
658.500679093287,373.920146844966,3.07429601736685
105.885987989275,489.431348937099,4.35296142264797
624.82681040588,92.9032542655496,4.08584479066977
419.874969490291,255.544851900045,3.60335194435635
11.4336352709613,181.078294503194,3.21327366730795
74.5565186195495,130.893586935295,4.42027326120206
601.801561809917,199.063480600232,4.26684616943405
249.279330374275,223.836159132895,3.73893306724214
577.296590216317,431.413337147399,3.65144767553079
301.647262297602,135.885879190087,3.91349958473955
535.069830544502,455.201911527294,3.47847397717471
37.7940757180354,425.103907493548,3.90877193214981
198.254274844993,289.989134990811,3.93727879167844
548.09796172712,256.58631023492,3.49354985064183
170.33115810492,12.1818506975702,3.94837580403439
510.663438779723,351.307190039724,4.41470028625626
34.3803333562086,48.0387258861094,3.85657614293047
540.127416036073,136.28430455541,4.62393245428941
NA,NA,NA
661.950531587553,335.976608879348,3.49638691590004
458.571698588492,302.667521247184,3.48547267621991
9.86915943585811,495.117495175042,3.6455192157182
562.39555487007,47.6330918837437,4.19608788050657
73.0277343588311,377.820610799262,4.15052362993324
227.358471407938,409.249479939234,3.85148688089422
426.2824536562,14.8798183094849,3.38915843789327
361.308489267648,292.050778662964,3.05315370050701
600.45129982148,105.357925397683,4.29385405797158
390.014212855641,227.369889640195,4.14706325966717
567.381373410883,411.038315709998,4.67821216071318
145.057614022067,287.349049854632,4.44853204557214
200.515711547076,373.023556547876,3.91339788847604
121.918015524187,414.443588580145,3.37184250553252
621.554417140737,310.161660252468,4.53319319312598
1.61223548606271,144.684440502267,4.2746699297445
542.155384169879,205.871664206177,4.16376112527844
36.3170090416859,490.9868024502,2.99461334319909
275.407260061001,23.4641706579294,3.78097856674006
534.403544482874,393.742427505018,3.36527049138943
82.8722399864728,76.3940550988484,5.23448222188575
5.13557740522104,79.7006662502033,3.63601973541248
586.012917244254,222.355112485303,4.03131841298267
437.869228524836,457.761513634079,4.79321022774803
658.500679093287,373.920146844966,3.07429601736685
105.885987989275,489.431348937099,4.35296142264797
624.82681040588,92.9032542655496,4.08584479066977
419.874969490291,255.544851900045,3.60335194435635
11.4336352709613,181.078294503194,3.21327366730795
74.5565186195495,130.893586935295,4.42027326120206
601.801561809917,199.063480600232,4.26684616943405
249.279330374275,223.836159132895,3.73893306724214
577.296590216317,431.413337147399,3.65144767553079
301.647262297602,135.885879190087,3.91349958473955
535.069830544502,455.201911527294,3.47847397717471
37.7940757180354,425.103907493548,3.90877193214981
198.254274844993,289.989134990811,3.93727879167844
548.09796172712,256.58631023492,3.49354985064183
170.33115810492,12.1818506975702,3.94837580403439
510.663438779723,351.307190039724,4.41470028625626
34.3803333562086,48.0387258861094,3.85657614293047
540.127416036073,136.28430455541,4.62393245428941
NA,NA,NA
661.950531587553,335.976608879348,3.49638691590004
458.571698588492,302.667521247184,3.48547267621991
9.86915943585811,495.117495175042,3.6455192157182
562.39555487007,47.6330918837437,4.19608788050657
73.0277343588311,377.820610799262,4.15052362993324
227.358471407938,409.249479939234,3.85148688089422
426.2824536562,14.8798183094849,3.38915843789327
361.308489267648,292.050778662964,3.05315370050701
600.45129982148,105.357925397683,4.29385405797158
390.014212855641,227.369889640195,4.14706325966717
567.381373410883,411.038315709998,4.67821216071318
145.057614022067,287.349049854632,4.44853204557214
200.515711547076,373.023556547876,3.91339788847604
121.918015524187,414.443588580145,3.37184250553252
621.554417140737,310.161660252468,4.53319319312598
1.61223548606271,144.684440502267,4.2746699297445
542.155384169879,205.871664206177,4.16376112527844
36.3170090416859,490.9868024502,2.99461334319909
275.407260061001,23.4641706579294,3.78097856674006
534.403544482874,393.742427505018,3.36527049138943
82.8722399864728,76.3940550988484,5.23448222188575
5.13557740522104,79.7006662502033,3.63601973541248
586.012917244254,222.355112485303,4.03131841298267
437.869228524836,457.761513634079,4.79321022774803
658.500679093287,373.920146844966,3.07429601736685
105.885987989275,489.431348937099,4.35296142264797
624.82681040588,92.9032542655496,4.08584479066977
419.874969490291,255.544851900045,3.60335194435635
11.4336352709613,181.078294503194,3.21327366730795
74.5565186195495,130.893586935295,4.42027326120206
601.801561809917,199.063480600232,4.26684616943405
249.279330374275,223.836159132895,3.73893306724214
577.296590216317,431.413337147399,3.65144767553079
301.647262297602,135.885879190087,3.91349958473955
535.069830544502,455.201911527294,3.47847397717471
37.7940757180354,425.103907493548,3.90877193214981
198.254274844993,289.989134990811,3.93727879167844
548.09796172712,256.58631023492,3.49354985064183
170.33115810492,12.1818506975702,3.94837580403439
510.663438779723,351.307190039724,4.41470028625626
34.3803333562086,48.0387258861094,3.85657614293047
540.127416036073,136.28430455541,4.62393245428941
NA,NA,NA
661.950531587553,335.976608879348,3.49638691590004
458.571698588492,302.667521247184,3.48547267621991
9.86915943585811,495.117495175042,3.6455192157182
562.39555487007,47.6330918837437,4.19608788050657
73.0277343588311,377.820610799262,4.15052362993324
227.358471407938,409.249479939234,3.85148688089422
426.2824536562,14.8798183094849,3.38915843789327
361.308489267648,292.050778662964,3.05315370050701
600.45129982148,105.357925397683,4.29385405797158
390.014212855641,227.369889640195,4.14706325966717
567.381373410883,411.038315709998,4.67821216071318
145.057614022067,287.349049854632,4.44853204557214
200.515711547076,373.023556547876,3.91339788847604
121.918015524187,414.443588580145,3.37184250553252
621.554417140737,310.161660252468,4.53319319312598
1.61223548606271,144.684440502267,4.2746699297445
542.155384169879,205.871664206177,4.16376112527844
36.3170090416859,490.9868024502,2.99461334319909
275.407260061001,23.4641706579294,3.78097856674006
534.403544482874,393.742427505018,3.36527049138943
82.8722399864728,76.3940550988484,5.23448222188575
5.13557740522104,79.7006662502033,3.63601973541248
586.012917244254,222.355112485303,4.03131841298267
437.869228524836,457.761513634079,4.79321022774803
658.500679093287,373.920146844966,3.07429601736685
105.885987989275,489.431348937099,4.35296142264797
624.82681040588,92.9032542655496,4.08584479066977
419.874969490291,255.544851900045,3.60335194435635
11.4336352709613,181.078294503194,3.21327366730795
74.5565186195495,130.893586935295,4.42027326120206
601.801561809917,199.063480600232,4.26684616943405
249.279330374275,223.836159132895,3.73893306724214
577.296590216317,431.413337147399,3.65144767553079
301.647262297602,135.885879190087,3.91349958473955
535.069830544502,455.201911527294,3.47847397717471
37.7940757180354,425.103907493548,3.90877193214981
198.254274844993,289.989134990811,3.93727879167844
548.09796172712,256.58631023492,3.49354985064183
170.33115810492,12.1818506975702,3.94837580403439
510.663438779723,351.307190039724,4.41470028625626
34.3803333562086,48.0387258861094,3.85657614293047
540.127416036073,136.28430455541,4.62393245428941
NA,NA,NA
661.950531587553,335.976608879348,3.49638691590004
458.571698588492,302.667521247184,3.48547267621991
9.86915943585811,495.117495175042,3.6455192157182
562.39555487007,47.6330918837437,4.19608788050657
73.0277343588311,377.820610799262,4.15052362993324
227.358471407938,409.249479939234,3.85148688089422
426.2824536562,14.8798183094849,3.38915843789327
361.308489267648,292.050778662964,3.05315370050701
600.45129982148,105.357925397683,4.29385405797158
390.014212855641,227.369889640195,4.14706325966717
567.381373410883,411.038315709998,4.67821216071318
145.057614022067,287.349049854632,4.44853204557214
200.515711547076,373.023556547876,3.91339788847604
121.918015524187,414.443588580145,3.37184250553252
621.554417140737,310.161660252468,4.53319319312598
1.61223548606271,144.684440502267,4.2746699297445
542.155384169879,205.871664206177,4.16376112527844
36.3170090416859,490.9868024502,2.99461334319909
275.407260061001,23.4641706579294,3.78097856674006
534.403544482874,393.742427505018,3.36527049138943
82.8722399864728,76.3940550988484,5.23448222188575
5.13557740522104,79.7006662502033,3.63601973541248
586.012917244254,222.355112485303,4.03131841298267
437.869228524836,457.761513634079,4.79321022774803
658.500679093287,373.920146844966,3.07429601736685
105.885987989275,489.431348937099,4.35296142264797
624.82681040588,92.9032542655496,4.08584479066977
419.874969490291,255.544851900045,3.60335194435635
11.4336352709613,181.078294503194,3.21327366730795
74.5565186195495,130.893586935295,4.42027326120206
601.801561809917,199.063480600232,4.26684616943405
249.279330374275,223.836159132895,3.73893306724214
577.296590216317,431.413337147399,3.65144767553079
301.647262297602,135.885879190087,3.91349958473955
535.069830544502,455.201911527294,3.47847397717471
37.7940757180354,425.103907493548,3.90877193214981
198.254274844993,289.989134990811,3.93727879167844
548.09796172712,256.58631023492,3.49354985064183
170.33115810492,12.1818506975702,3.94837580403439
510.663438779723,351.307190039724,4.41470028625626
34.3803333562086,48.0387258861094,3.85657614293047
540.127416036073,136.28430455541,4.62393245428941
NA,NA,NA
660.640813804543,334.802999336791,3.52936702049659
457.60164870081,298.172900620775,3.70754074472815
12.5527669648283,491.359709130368,3.71052108271849
552.44410367504,52.3621160841458,4.24191540299226
70.2442294336145,374.99964828152,4.04835163454105
230.648599669084,413.161462179324,3.90028717071662
425.299964818117,10.5423833102035,3.32477322099264
360.338432012942,290.996631424742,3.14095801232176
602.667429976484,104.315290761926,4.1616680103423
390.045159457405,230.958048150747,4.18389913718494
566.811278488046,413.815185657116,4.81604677674278
136.953887320867,281.528989187169,4.64451113265405
200.206889035927,368.330973439908,4.10064716204208
123.551132749239,410.251596974377,3.27007260042269
623.05508860792,309.207504329605,4.4322946121027
0.208414167768934,146.964228297443,4.24095087810892
541.333403242849,202.287365765031,4.17074436951346
35.6846857337929,492.53466782948,3.13373551751706
278.343588155189,17.940345424051,4.03236815706831
532.933723009859,390.599377836983,3.5138643712284
69.9500144983864,77.7681270139802,5.19497458908134
4.81726351874045,77.8949020665852,3.30850980214803
587.239144403222,226.705058660072,4.10681514811971
436.049408682634,460.14828740275,4.72853409381544
655.553638470988,371.921000709515,3.0190189897588
105.462256021098,488.079776627137,4.43716579324092
622.404528148706,89.9690818330744,4.05401518439855
418.733738181112,259.43262844028,3.67273902286024
12.9392196410847,181.985731325574,3.23468162150855
62.7327488307322,119.831327291993,4.5951506623647
624.402100786765,203.528721396524,4.37776841569636
251.619852666132,227.877890345483,3.94919045863445
582.980650946338,441.800267482189,3.91210580348202
297.203971496642,134.360818613164,3.84009952973247
525.263527942022,462.898495966825,3.79667360112671
36.5685925130969,420.658437529616,3.74492562789946
195.176904057014,292.468914159475,3.83481847598729
549.601699362998,266.902586872701,3.79457252054595
187.531542696627,24.4353737062456,4.09878116802536
507.844290142607,336.858967856583,4.47880543334606
44.3769873744949,50.7315716808842,3.313400244792
526.041193059535,158.280062069815,4.29968044659122
NA,NA,NA
660.640813804543,334.802999336791,3.52936702049659
457.60164870081,298.172900620775,3.70754074472815
12.5527669648283,491.359709130368,3.71052108271849
552.44410367504,52.3621160841458,4.24191540299226
70.2442294336145,374.99964828152,4.04835163454105
230.648599669084,413.161462179324,3.90028717071662
425.299964818117,10.5423833102035,3.32477322099264
360.338432012942,290.996631424742,3.14095801232176
602.667429976484,104.315290761926,4.1616680103423
390.045159457405,230.958048150747,4.18389913718494
566.811278488046,413.815185657116,4.81604677674278
136.953887320867,281.528989187169,4.64451113265405
200.206889035927,368.330973439908,4.10064716204208
123.551132749239,410.251596974377,3.27007260042269
623.05508860792,309.207504329605,4.4322946121027
0.208414167768934,146.964228297443,4.24095087810892
541.333403242849,202.287365765031,4.17074436951346
35.6846857337929,492.53466782948,3.13373551751706
278.343588155189,17.940345424051,4.03236815706831
532.933723009859,390.599377836983,3.5138643712284
69.9500144983864,77.7681270139802,5.19497458908134
4.81726351874045,77.8949020665852,3.30850980214803
587.239144403222,226.705058660072,4.10681514811971
436.049408682634,460.14828740275,4.72853409381544
655.553638470988,371.921000709515,3.0190189897588
105.462256021098,488.079776627137,4.43716579324092
622.404528148706,89.9690818330744,4.05401518439855
418.733738181112,259.43262844028,3.67273902286024
12.9392196410847,181.985731325574,3.23468162150855
62.7327488307322,119.831327291993,4.5951506623647
624.402100786765,203.528721396524,4.37776841569636
251.619852666132,227.877890345483,3.94919045863445
582.980650946338,441.800267482189,3.91210580348202
297.203971496642,134.360818613164,3.84009952973247
525.263527942022,462.898495966825,3.79667360112671
36.5685925130969,420.658437529616,3.74492562789946
195.176904057014,292.468914159475,3.83481847598729
549.601699362998,266.902586872701,3.79457252054595
187.531542696627,24.4353737062456,4.09878116802536
507.844290142607,336.858967856583,4.47880543334606
44.3769873744949,50.7315716808842,3.313400244792
526.041193059535,158.280062069815,4.29968044659122
NA,NA,NA
660.640813804543,334.802999336791,3.52936702049659
457.60164870081,298.172900620775,3.70754074472815
12.5527669648283,491.359709130368,3.71052108271849
552.44410367504,52.3621160841458,4.24191540299226
70.2442294336145,374.99964828152,4.04835163454105
230.648599669084,413.161462179324,3.90028717071662
425.299964818117,10.5423833102035,3.32477322099264
360.338432012942,290.996631424742,3.14095801232176
602.667429976484,104.315290761926,4.1616680103423
390.045159457405,230.958048150747,4.18389913718494
566.811278488046,413.815185657116,4.81604677674278
136.953887320867,281.528989187169,4.64451113265405
200.206889035927,368.330973439908,4.10064716204208
123.551132749239,410.251596974377,3.27007260042269
623.05508860792,309.207504329605,4.4322946121027
0.208414167768934,146.964228297443,4.24095087810892
541.333403242849,202.287365765031,4.17074436951346
35.6846857337929,492.53466782948,3.13373551751706
278.343588155189,17.940345424051,4.03236815706831
532.933723009859,390.599377836983,3.5138643712284
69.9500144983864,77.7681270139802,5.19497458908134
4.81726351874045,77.8949020665852,3.30850980214803
587.239144403222,226.705058660072,4.10681514811971
436.049408682634,460.14828740275,4.72853409381544
655.553638470988,371.921000709515,3.0190189897588
105.462256021098,488.079776627137,4.43716579324092
622.404528148706,89.9690818330744,4.05401518439855
418.733738181112,259.43262844028,3.67273902286024
12.9392196410847,181.985731325574,3.23468162150855
62.7327488307322,119.831327291993,4.5951506623647
624.402100786765,203.528721396524,4.37776841569636
251.619852666132,227.877890345483,3.94919045863445
582.980650946338,441.800267482189,3.91210580348202
297.203971496642,134.360818613164,3.84009952973247
525.263527942022,462.898495966825,3.79667360112671
36.5685925130969,420.658437529616,3.74492562789946
195.176904057014,292.468914159475,3.83481847598729
549.601699362998,266.902586872701,3.79457252054595
187.531542696627,24.4353737062456,4.09878116802536
507.844290142607,336.858967856583,4.47880543334606
44.3769873744949,50.7315716808842,3.313400244792
526.041193059535,158.280062069815,4.29968044659122
NA,NA,NA
660.640813804543,334.802999336791,3.52936702049659
457.60164870081,298.172900620775,3.70754074472815
12.5527669648283,491.359709130368,3.71052108271849
552.44410367504,52.3621160841458,4.24191540299226
70.2442294336145,374.99964828152,4.04835163454105
230.648599669084,413.161462179324,3.90028717071662
425.299964818117,10.5423833102035,3.32477322099264
360.338432012942,290.996631424742,3.14095801232176
602.667429976484,104.315290761926,4.1616680103423
390.045159457405,230.958048150747,4.18389913718494
566.811278488046,413.815185657116,4.81604677674278
136.953887320867,281.528989187169,4.64451113265405
200.206889035927,368.330973439908,4.10064716204208
123.551132749239,410.251596974377,3.27007260042269
623.05508860792,309.207504329605,4.4322946121027
0.208414167768934,146.964228297443,4.24095087810892
541.333403242849,202.287365765031,4.17074436951346
35.6846857337929,492.53466782948,3.13373551751706
278.343588155189,17.940345424051,4.03236815706831
532.933723009859,390.599377836983,3.5138643712284
69.9500144983864,77.7681270139802,5.19497458908134
4.81726351874045,77.8949020665852,3.30850980214803
587.239144403222,226.705058660072,4.10681514811971
436.049408682634,460.14828740275,4.72853409381544
655.553638470988,371.921000709515,3.0190189897588
105.462256021098,488.079776627137,4.43716579324092
622.404528148706,89.9690818330744,4.05401518439855
418.733738181112,259.43262844028,3.67273902286024
12.9392196410847,181.985731325574,3.23468162150855
62.7327488307322,119.831327291993,4.5951506623647
624.402100786765,203.528721396524,4.37776841569636
251.619852666132,227.877890345483,3.94919045863445
582.980650946338,441.800267482189,3.91210580348202
297.203971496642,134.360818613164,3.84009952973247
525.263527942022,462.898495966825,3.79667360112671
36.5685925130969,420.658437529616,3.74492562789946
195.176904057014,292.468914159475,3.83481847598729
549.601699362998,266.902586872701,3.79457252054595
187.531542696627,24.4353737062456,4.09878116802536
507.844290142607,336.858967856583,4.47880543334606
44.3769873744949,50.7315716808842,3.313400244792
526.041193059535,158.280062069815,4.29968044659122
NA,NA,NA
660.640813804543,334.802999336791,3.52936702049659
457.60164870081,298.172900620775,3.70754074472815
12.5527669648283,491.359709130368,3.71052108271849
552.44410367504,52.3621160841458,4.24191540299226
70.2442294336145,374.99964828152,4.04835163454105
230.648599669084,413.161462179324,3.90028717071662
425.299964818117,10.5423833102035,3.32477322099264
360.338432012942,290.996631424742,3.14095801232176
602.667429976484,104.315290761926,4.1616680103423
390.045159457405,230.958048150747,4.18389913718494
566.811278488046,413.815185657116,4.81604677674278
136.953887320867,281.528989187169,4.64451113265405
200.206889035927,368.330973439908,4.10064716204208
123.551132749239,410.251596974377,3.27007260042269
623.05508860792,309.207504329605,4.4322946121027
0.208414167768934,146.964228297443,4.24095087810892
541.333403242849,202.287365765031,4.17074436951346
35.6846857337929,492.53466782948,3.13373551751706
278.343588155189,17.940345424051,4.03236815706831
532.933723009859,390.599377836983,3.5138643712284
69.9500144983864,77.7681270139802,5.19497458908134
4.81726351874045,77.8949020665852,3.30850980214803
587.239144403222,226.705058660072,4.10681514811971
436.049408682634,460.14828740275,4.72853409381544
655.553638470988,371.921000709515,3.0190189897588
105.462256021098,488.079776627137,4.43716579324092
622.404528148706,89.9690818330744,4.05401518439855
418.733738181112,259.43262844028,3.67273902286024
12.9392196410847,181.985731325574,3.23468162150855
62.7327488307322,119.831327291993,4.5951506623647
624.402100786765,203.528721396524,4.37776841569636
251.619852666132,227.877890345483,3.94919045863445
582.980650946338,441.800267482189,3.91210580348202
297.203971496642,134.360818613164,3.84009952973247
525.263527942022,462.898495966825,3.79667360112671
36.5685925130969,420.658437529616,3.74492562789946
195.176904057014,292.468914159475,3.83481847598729
549.601699362998,266.902586872701,3.79457252054595
187.531542696627,24.4353737062456,4.09878116802536
507.844290142607,336.858967856583,4.47880543334606
44.3769873744949,50.7315716808842,3.313400244792
526.041193059535,158.280062069815,4.29968044659122
NA,NA,NA
660.640813804543,334.802999336791,3.52936702049659
457.60164870081,298.172900620775,3.70754074472815
12.5527669648283,491.359709130368,3.71052108271849
552.44410367504,52.3621160841458,4.24191540299226
70.2442294336145,374.99964828152,4.04835163454105
230.648599669084,413.161462179324,3.90028717071662
425.299964818117,10.5423833102035,3.32477322099264
360.338432012942,290.996631424742,3.14095801232176
602.667429976484,104.315290761926,4.1616680103423
390.045159457405,230.958048150747,4.18389913718494
566.811278488046,413.815185657116,4.81604677674278
136.953887320867,281.528989187169,4.64451113265405
200.206889035927,368.330973439908,4.10064716204208
123.551132749239,410.251596974377,3.27007260042269
623.05508860792,309.207504329605,4.4322946121027
0.208414167768934,146.964228297443,4.24095087810892
541.333403242849,202.287365765031,4.17074436951346
35.6846857337929,492.53466782948,3.13373551751706
278.343588155189,17.940345424051,4.03236815706831
532.933723009859,390.599377836983,3.5138643712284
69.9500144983864,77.7681270139802,5.19497458908134
4.81726351874045,77.8949020665852,3.30850980214803
587.239144403222,226.705058660072,4.10681514811971
436.049408682634,460.14828740275,4.72853409381544
655.553638470988,371.921000709515,3.0190189897588
105.462256021098,488.079776627137,4.43716579324092
622.404528148706,89.9690818330744,4.05401518439855
418.733738181112,259.43262844028,3.67273902286024
12.9392196410847,181.985731325574,3.23468162150855
62.7327488307322,119.831327291993,4.5951506623647
624.402100786765,203.528721396524,4.37776841569636
251.619852666132,227.877890345483,3.94919045863445
582.980650946338,441.800267482189,3.91210580348202
297.203971496642,134.360818613164,3.84009952973247
525.263527942022,462.898495966825,3.79667360112671
36.5685925130969,420.658437529616,3.74492562789946
195.176904057014,292.468914159475,3.83481847598729
549.601699362998,266.902586872701,3.79457252054595
187.531542696627,24.4353737062456,4.09878116802536
507.844290142607,336.858967856583,4.47880543334606
44.3769873744949,50.7315716808842,3.313400244792
526.041193059535,158.280062069815,4.29968044659122
NA,NA,NA
662.065700324506,335.724205275443,3.49882592677055
455.546397112002,300.603060885941,3.5064710296277
9.90461191522624,495.623106096929,3.66745173492647
557.324502468591,55.7097557011407,4.09910474374276
75.2235297489325,374.749190105633,4.09725500998179
231.063612621833,417.23377078018,3.85298264401543
428.479436767601,10.4717562694408,3.29591295626899
358.606113928468,293.669381469151,3.21790982206786
604.511441357635,103.993245432623,4.32626616433689
392.91619490094,228.060184254943,4.22961380535812
572.663312933546,407.798995097072,4.73793699795994
135.2118387315,284.028441270392,4.43935815030293
198.461074173788,371.41276779529,3.97709399469655
125.502718205927,413.647501132691,3.46134392236518
628.710991492754,313.429880028833,4.44407544249664
-2.12381578267554,144.023546860173,4.14867399369559
544.433955745467,203.743803304788,4.24987955745068
33.2804901397537,491.186817002557,3.08673114662787
277.857056968511,23.9424686059613,3.98649081776237
535.448463625582,390.008858136586,3.4785179077873
72.4526986756575,74.5461425341418,5.38606675085589
6.83399296339628,76.321310345129,3.35981827924237
593.649016398877,225.117795935126,4.01931430311457
433.695393853348,459.762390920042,4.74981180800394
659.858365809616,374.728849103998,3.1007743132242
110.05850298797,487.540026760521,4.38202452001821
618.384170235627,88.7782448242175,4.0990575070999
422.719139180495,260.691473112934,3.72978057210305
11.9488964212437,182.253005075297,3.22626388894844
64.1210098985857,112.900177929724,4.37863955142798
602.331727299345,200.728886948751,4.61175556135722
256.312789961148,219.583605807713,3.98179797163081
570.72805239121,437.881186804852,3.63464017223607
299.646886867728,136.995686661103,3.9658115953062
537.274199615957,454.222476649674,3.77742344164809
38.1604260689624,412.819159511874,3.71391996024631
198.622274319852,290.822915679692,3.89149649273297
559.697949560995,268.0658133421,4.0595858867328
161.693621261715,38.9801997861904,4.30379143722689
511.030811488968,344.68757965724,4.51462945940518
39.9371114035877,45.2815313699735,3.88810338033629
539.193063348088,137.861770722832,4.50299361724585
NA,NA,NA
662.065700324506,335.724205275443,3.49882592677055
455.546397112002,300.603060885941,3.5064710296277
9.90461191522624,495.623106096929,3.66745173492647
557.324502468591,55.7097557011407,4.09910474374276
75.2235297489325,374.749190105633,4.09725500998179
231.063612621833,417.23377078018,3.85298264401543
428.479436767601,10.4717562694408,3.29591295626899
358.606113928468,293.669381469151,3.21790982206786
604.511441357635,103.993245432623,4.32626616433689
392.91619490094,228.060184254943,4.22961380535812
572.663312933546,407.798995097072,4.73793699795994
135.2118387315,284.028441270392,4.43935815030293
198.461074173788,371.41276779529,3.97709399469655
125.502718205927,413.647501132691,3.46134392236518
628.710991492754,313.429880028833,4.44407544249664
-2.12381578267554,144.023546860173,4.14867399369559
544.433955745467,203.743803304788,4.24987955745068
33.2804901397537,491.186817002557,3.08673114662787
277.857056968511,23.9424686059613,3.98649081776237
535.448463625582,390.008858136586,3.4785179077873
72.4526986756575,74.5461425341418,5.38606675085589
6.83399296339628,76.321310345129,3.35981827924237
593.649016398877,225.117795935126,4.01931430311457
433.695393853348,459.762390920042,4.74981180800394
659.858365809616,374.728849103998,3.1007743132242
110.05850298797,487.540026760521,4.38202452001821
618.384170235627,88.7782448242175,4.0990575070999
422.719139180495,260.691473112934,3.72978057210305
11.9488964212437,182.253005075297,3.22626388894844
64.1210098985857,112.900177929724,4.37863955142798
602.331727299345,200.728886948751,4.61175556135722
256.312789961148,219.583605807713,3.98179797163081
570.72805239121,437.881186804852,3.63464017223607
299.646886867728,136.995686661103,3.9658115953062
537.274199615957,454.222476649674,3.77742344164809
38.1604260689624,412.819159511874,3.71391996024631
198.622274319852,290.822915679692,3.89149649273297
559.697949560995,268.0658133421,4.0595858867328
161.693621261715,38.9801997861904,4.30379143722689
511.030811488968,344.68757965724,4.51462945940518
39.9371114035877,45.2815313699735,3.88810338033629
539.193063348088,137.861770722832,4.50299361724585
NA,NA,NA
662.065700324506,335.724205275443,3.49882592677055
455.546397112002,300.603060885941,3.5064710296277
9.90461191522624,495.623106096929,3.66745173492647
557.324502468591,55.7097557011407,4.09910474374276
75.2235297489325,374.749190105633,4.09725500998179
231.063612621833,417.23377078018,3.85298264401543
428.479436767601,10.4717562694408,3.29591295626899
358.606113928468,293.669381469151,3.21790982206786
604.511441357635,103.993245432623,4.32626616433689
392.91619490094,228.060184254943,4.22961380535812
572.663312933546,407.798995097072,4.73793699795994
135.2118387315,284.028441270392,4.43935815030293
198.461074173788,371.41276779529,3.97709399469655
125.502718205927,413.647501132691,3.46134392236518
628.710991492754,313.429880028833,4.44407544249664
-2.12381578267554,144.023546860173,4.14867399369559
544.433955745467,203.743803304788,4.24987955745068
33.2804901397537,491.186817002557,3.08673114662787
277.857056968511,23.9424686059613,3.98649081776237
535.448463625582,390.008858136586,3.4785179077873
72.4526986756575,74.5461425341418,5.38606675085589
6.83399296339628,76.321310345129,3.35981827924237
593.649016398877,225.117795935126,4.01931430311457
433.695393853348,459.762390920042,4.74981180800394
659.858365809616,374.728849103998,3.1007743132242
110.05850298797,487.540026760521,4.38202452001821
618.384170235627,88.7782448242175,4.0990575070999
422.719139180495,260.691473112934,3.72978057210305
11.9488964212437,182.253005075297,3.22626388894844
64.1210098985857,112.900177929724,4.37863955142798
602.331727299345,200.728886948751,4.61175556135722
256.312789961148,219.583605807713,3.98179797163081
570.72805239121,437.881186804852,3.63464017223607
299.646886867728,136.995686661103,3.9658115953062
537.274199615957,454.222476649674,3.77742344164809
38.1604260689624,412.819159511874,3.71391996024631
198.622274319852,290.822915679692,3.89149649273297
559.697949560995,268.0658133421,4.0595858867328
161.693621261715,38.9801997861904,4.30379143722689
511.030811488968,344.68757965724,4.51462945940518
39.9371114035877,45.2815313699735,3.88810338033629
539.193063348088,137.861770722832,4.50299361724585
NA,NA,NA
662.065700324506,335.724205275443,3.49882592677055
455.546397112002,300.603060885941,3.5064710296277
9.90461191522624,495.623106096929,3.66745173492647
557.324502468591,55.7097557011407,4.09910474374276
75.2235297489325,374.749190105633,4.09725500998179
231.063612621833,417.23377078018,3.85298264401543
428.479436767601,10.4717562694408,3.29591295626899
358.606113928468,293.669381469151,3.21790982206786
604.511441357635,103.993245432623,4.32626616433689
392.91619490094,228.060184254943,4.22961380535812
572.663312933546,407.798995097072,4.73793699795994
135.2118387315,284.028441270392,4.43935815030293
198.461074173788,371.41276779529,3.97709399469655
125.502718205927,413.647501132691,3.46134392236518
628.710991492754,313.429880028833,4.44407544249664
-2.12381578267554,144.023546860173,4.14867399369559
544.433955745467,203.743803304788,4.24987955745068
33.2804901397537,491.186817002557,3.08673114662787
277.857056968511,23.9424686059613,3.98649081776237
535.448463625582,390.008858136586,3.4785179077873
72.4526986756575,74.5461425341418,5.38606675085589
6.83399296339628,76.321310345129,3.35981827924237
593.649016398877,225.117795935126,4.01931430311457
433.695393853348,459.762390920042,4.74981180800394
659.858365809616,374.728849103998,3.1007743132242
110.05850298797,487.540026760521,4.38202452001821
618.384170235627,88.7782448242175,4.0990575070999
422.719139180495,260.691473112934,3.72978057210305
11.9488964212437,182.253005075297,3.22626388894844
64.1210098985857,112.900177929724,4.37863955142798
602.331727299345,200.728886948751,4.61175556135722
256.312789961148,219.583605807713,3.98179797163081
570.72805239121,437.881186804852,3.63464017223607
299.646886867728,136.995686661103,3.9658115953062
537.274199615957,454.222476649674,3.77742344164809
38.1604260689624,412.819159511874,3.71391996024631
198.622274319852,290.822915679692,3.89149649273297
559.697949560995,268.0658133421,4.0595858867328
161.693621261715,38.9801997861904,4.30379143722689
511.030811488968,344.68757965724,4.51462945940518
39.9371114035877,45.2815313699735,3.88810338033629
539.193063348088,137.861770722832,4.50299361724585
NA,NA,NA
662.065700324506,335.724205275443,3.49882592677055
455.546397112002,300.603060885941,3.5064710296277
9.90461191522624,495.623106096929,3.66745173492647
557.324502468591,55.7097557011407,4.09910474374276
75.2235297489325,374.749190105633,4.09725500998179
231.063612621833,417.23377078018,3.85298264401543
428.479436767601,10.4717562694408,3.29591295626899
358.606113928468,293.669381469151,3.21790982206786
604.511441357635,103.993245432623,4.32626616433689
392.91619490094,228.060184254943,4.22961380535812
572.663312933546,407.798995097072,4.73793699795994
135.2118387315,284.028441270392,4.43935815030293
198.461074173788,371.41276779529,3.97709399469655
125.502718205927,413.647501132691,3.46134392236518
628.710991492754,313.429880028833,4.44407544249664
-2.12381578267554,144.023546860173,4.14867399369559
544.433955745467,203.743803304788,4.24987955745068
33.2804901397537,491.186817002557,3.08673114662787
277.857056968511,23.9424686059613,3.98649081776237
535.448463625582,390.008858136586,3.4785179077873
72.4526986756575,74.5461425341418,5.38606675085589
6.83399296339628,76.321310345129,3.35981827924237
593.649016398877,225.117795935126,4.01931430311457
433.695393853348,459.762390920042,4.74981180800394
659.858365809616,374.728849103998,3.1007743132242
110.05850298797,487.540026760521,4.38202452001821
618.384170235627,88.7782448242175,4.0990575070999
422.719139180495,260.691473112934,3.72978057210305
11.9488964212437,182.253005075297,3.22626388894844
64.1210098985857,112.900177929724,4.37863955142798
602.331727299345,200.728886948751,4.61175556135722
256.312789961148,219.583605807713,3.98179797163081
570.72805239121,437.881186804852,3.63464017223607
299.646886867728,136.995686661103,3.9658115953062
537.274199615957,454.222476649674,3.77742344164809
38.1604260689624,412.819159511874,3.71391996024631
198.622274319852,290.822915679692,3.89149649273297
559.697949560995,268.0658133421,4.0595858867328
161.693621261715,38.9801997861904,4.30379143722689
511.030811488968,344.68757965724,4.51462945940518
39.9371114035877,45.2815313699735,3.88810338033629
539.193063348088,137.861770722832,4.50299361724585
NA,NA,NA
662.065700324506,335.724205275443,3.49882592677055
455.546397112002,300.603060885941,3.5064710296277
9.90461191522624,495.623106096929,3.66745173492647
557.324502468591,55.7097557011407,4.09910474374276
75.2235297489325,374.749190105633,4.09725500998179
231.063612621833,417.23377078018,3.85298264401543
428.479436767601,10.4717562694408,3.29591295626899
358.606113928468,293.669381469151,3.21790982206786
604.511441357635,103.993245432623,4.32626616433689
392.91619490094,228.060184254943,4.22961380535812
572.663312933546,407.798995097072,4.73793699795994
135.2118387315,284.028441270392,4.43935815030293
198.461074173788,371.41276779529,3.97709399469655
125.502718205927,413.647501132691,3.46134392236518
628.710991492754,313.429880028833,4.44407544249664
-2.12381578267554,144.023546860173,4.14867399369559
544.433955745467,203.743803304788,4.24987955745068
33.2804901397537,491.186817002557,3.08673114662787
277.857056968511,23.9424686059613,3.98649081776237
535.448463625582,390.008858136586,3.4785179077873
72.4526986756575,74.5461425341418,5.38606675085589
6.83399296339628,76.321310345129,3.35981827924237
593.649016398877,225.117795935126,4.01931430311457
433.695393853348,459.762390920042,4.74981180800394
659.858365809616,374.728849103998,3.1007743132242
110.05850298797,487.540026760521,4.38202452001821
618.384170235627,88.7782448242175,4.0990575070999
422.719139180495,260.691473112934,3.72978057210305
11.9488964212437,182.253005075297,3.22626388894844
64.1210098985857,112.900177929724,4.37863955142798
602.331727299345,200.728886948751,4.61175556135722
256.312789961148,219.583605807713,3.98179797163081
570.72805239121,437.881186804852,3.63464017223607
299.646886867728,136.995686661103,3.9658115953062
537.274199615957,454.222476649674,3.77742344164809
38.1604260689624,412.819159511874,3.71391996024631
198.622274319852,290.822915679692,3.89149649273297
559.697949560995,268.0658133421,4.0595858867328
161.693621261715,38.9801997861904,4.30379143722689
511.030811488968,344.68757965724,4.51462945940518
39.9371114035877,45.2815313699735,3.88810338033629
539.193063348088,137.861770722832,4.50299361724585
NA,NA,NA
663.1472827992,335.573580407899,3.60706914686771
457.161722358998,292.886506172118,3.59132375150309
13.6834872362671,494.760965413613,3.71110712167346
564.564632729783,59.1019513168133,4.13031334682445
75.1208227845916,373.650851056377,3.9953673745399
229.424198201079,412.742361428775,3.93043341289298
427.098373908381,13.6705048356807,3.41581752662233
361.497565105224,291.201894326257,3.15026936194467
602.544902669392,103.546283658702,4.35497874821422
390.824018767488,235.217806342312,4.16453723603083
565.241200059655,404.868433901784,4.70352040620655
142.657030449038,287.50294089164,4.75102099662243
201.23970267984,370.94548142018,3.96978313920139
125.544134402273,409.302330486073,3.38254242824326
624.057135647112,309.579106196921,4.56531696922293
3.84499890906782,143.046487493475,4.30629652096265
544.885546423585,203.06990554325,4.21218166758018
34.0530699142597,490.254362530653,2.97262836072853
279.136121481146,27.7018729702732,3.8722181667776
532.207809807016,393.279159529184,3.46637420795423
74.9630434012188,78.6060994085224,5.26245262402704
4.35431014963172,75.3448097167614,3.23997701151963
589.548939483431,223.754504029729,4.0396017173663
445.130080935228,464.905301704087,4.85239044559651
658.850670056053,373.180859821427,3.06151002462419
109.183911857496,489.529715458004,4.39020804681227
621.457423842443,96.4390712671452,4.11926714660635
423.295316047667,259.42865777809,3.6998121148284
10.1979413830027,184.298918827883,3.00641930019529
66.553679422654,109.419049601454,4.7005604027365
592.005787786117,202.786251921079,4.35223134778952
249.854306632529,223.847090898889,3.70213823989005
571.491167591669,438.206576695948,3.98021759257892
303.805079763445,136.378147374965,3.88743411754022
530.244764745343,461.788726026774,3.8270506306133
46.6834422254784,411.587807350828,3.90706979697657
199.705760639813,286.06164757734,4.38052524715263
547.920959216395,260.257269615223,3.88733991580819
178.001997666455,32.5121929343641,4.24363024617017
501.257880788434,337.692834676905,4.72832209704598
36.8025767564871,50.4427693456525,3.97850410242892
524.456127183902,166.401300854211,4.67936489628806
NA,NA,NA
663.1472827992,335.573580407899,3.60706914686771
457.161722358998,292.886506172118,3.59132375150309
13.6834872362671,494.760965413613,3.71110712167346
564.564632729783,59.1019513168133,4.13031334682445
75.1208227845916,373.650851056377,3.9953673745399
229.424198201079,412.742361428775,3.93043341289298
427.098373908381,13.6705048356807,3.41581752662233
361.497565105224,291.201894326257,3.15026936194467
602.544902669392,103.546283658702,4.35497874821422
390.824018767488,235.217806342312,4.16453723603083
565.241200059655,404.868433901784,4.70352040620655
142.657030449038,287.50294089164,4.75102099662243
201.23970267984,370.94548142018,3.96978313920139
125.544134402273,409.302330486073,3.38254242824326
624.057135647112,309.579106196921,4.56531696922293
3.84499890906782,143.046487493475,4.30629652096265
544.885546423585,203.06990554325,4.21218166758018
34.0530699142597,490.254362530653,2.97262836072853
279.136121481146,27.7018729702732,3.8722181667776
532.207809807016,393.279159529184,3.46637420795423
74.9630434012188,78.6060994085224,5.26245262402704
4.35431014963172,75.3448097167614,3.23997701151963
589.548939483431,223.754504029729,4.0396017173663
445.130080935228,464.905301704087,4.85239044559651
658.850670056053,373.180859821427,3.06151002462419
109.183911857496,489.529715458004,4.39020804681227
621.457423842443,96.4390712671452,4.11926714660635
423.295316047667,259.42865777809,3.6998121148284
10.1979413830027,184.298918827883,3.00641930019529
66.553679422654,109.419049601454,4.7005604027365
592.005787786117,202.786251921079,4.35223134778952
249.854306632529,223.847090898889,3.70213823989005
571.491167591669,438.206576695948,3.98021759257892
303.805079763445,136.378147374965,3.88743411754022
530.244764745343,461.788726026774,3.8270506306133
46.6834422254784,411.587807350828,3.90706979697657
199.705760639813,286.06164757734,4.38052524715263
547.920959216395,260.257269615223,3.88733991580819
178.001997666455,32.5121929343641,4.24363024617017
501.257880788434,337.692834676905,4.72832209704598
36.8025767564871,50.4427693456525,3.97850410242892
524.456127183902,166.401300854211,4.67936489628806
NA,NA,NA
663.1472827992,335.573580407899,3.60706914686771
457.161722358998,292.886506172118,3.59132375150309
13.6834872362671,494.760965413613,3.71110712167346
564.564632729783,59.1019513168133,4.13031334682445
75.1208227845916,373.650851056377,3.9953673745399
229.424198201079,412.742361428775,3.93043341289298
427.098373908381,13.6705048356807,3.41581752662233
361.497565105224,291.201894326257,3.15026936194467
602.544902669392,103.546283658702,4.35497874821422
390.824018767488,235.217806342312,4.16453723603083
565.241200059655,404.868433901784,4.70352040620655
142.657030449038,287.50294089164,4.75102099662243
201.23970267984,370.94548142018,3.96978313920139
125.544134402273,409.302330486073,3.38254242824326
624.057135647112,309.579106196921,4.56531696922293
3.84499890906782,143.046487493475,4.30629652096265
544.885546423585,203.06990554325,4.21218166758018
34.0530699142597,490.254362530653,2.97262836072853
279.136121481146,27.7018729702732,3.8722181667776
532.207809807016,393.279159529184,3.46637420795423
74.9630434012188,78.6060994085224,5.26245262402704
4.35431014963172,75.3448097167614,3.23997701151963
589.548939483431,223.754504029729,4.0396017173663
445.130080935228,464.905301704087,4.85239044559651
658.850670056053,373.180859821427,3.06151002462419
109.183911857496,489.529715458004,4.39020804681227
621.457423842443,96.4390712671452,4.11926714660635
423.295316047667,259.42865777809,3.6998121148284
10.1979413830027,184.298918827883,3.00641930019529
66.553679422654,109.419049601454,4.7005604027365
592.005787786117,202.786251921079,4.35223134778952
249.854306632529,223.847090898889,3.70213823989005
571.491167591669,438.206576695948,3.98021759257892
303.805079763445,136.378147374965,3.88743411754022
530.244764745343,461.788726026774,3.8270506306133
46.6834422254784,411.587807350828,3.90706979697657
199.705760639813,286.06164757734,4.38052524715263
547.920959216395,260.257269615223,3.88733991580819
178.001997666455,32.5121929343641,4.24363024617017
501.257880788434,337.692834676905,4.72832209704598
36.8025767564871,50.4427693456525,3.97850410242892
524.456127183902,166.401300854211,4.67936489628806
NA,NA,NA
663.1472827992,335.573580407899,3.60706914686771
457.161722358998,292.886506172118,3.59132375150309
13.6834872362671,494.760965413613,3.71110712167346
564.564632729783,59.1019513168133,4.13031334682445
75.1208227845916,373.650851056377,3.9953673745399
229.424198201079,412.742361428775,3.93043341289298
427.098373908381,13.6705048356807,3.41581752662233
361.497565105224,291.201894326257,3.15026936194467
602.544902669392,103.546283658702,4.35497874821422
390.824018767488,235.217806342312,4.16453723603083
565.241200059655,404.868433901784,4.70352040620655
142.657030449038,287.50294089164,4.75102099662243
201.23970267984,370.94548142018,3.96978313920139
125.544134402273,409.302330486073,3.38254242824326
624.057135647112,309.579106196921,4.56531696922293
3.84499890906782,143.046487493475,4.30629652096265
544.885546423585,203.06990554325,4.21218166758018
34.0530699142597,490.254362530653,2.97262836072853
279.136121481146,27.7018729702732,3.8722181667776
532.207809807016,393.279159529184,3.46637420795423
74.9630434012188,78.6060994085224,5.26245262402704
4.35431014963172,75.3448097167614,3.23997701151963
589.548939483431,223.754504029729,4.0396017173663
445.130080935228,464.905301704087,4.85239044559651
658.850670056053,373.180859821427,3.06151002462419
109.183911857496,489.529715458004,4.39020804681227
621.457423842443,96.4390712671452,4.11926714660635
423.295316047667,259.42865777809,3.6998121148284
10.1979413830027,184.298918827883,3.00641930019529
66.553679422654,109.419049601454,4.7005604027365
592.005787786117,202.786251921079,4.35223134778952
249.854306632529,223.847090898889,3.70213823989005
571.491167591669,438.206576695948,3.98021759257892
303.805079763445,136.378147374965,3.88743411754022
530.244764745343,461.788726026774,3.8270506306133
46.6834422254784,411.587807350828,3.90706979697657
199.705760639813,286.06164757734,4.38052524715263
547.920959216395,260.257269615223,3.88733991580819
178.001997666455,32.5121929343641,4.24363024617017
501.257880788434,337.692834676905,4.72832209704598
36.8025767564871,50.4427693456525,3.97850410242892
524.456127183902,166.401300854211,4.67936489628806
NA,NA,NA
663.1472827992,335.573580407899,3.60706914686771
457.161722358998,292.886506172118,3.59132375150309
13.6834872362671,494.760965413613,3.71110712167346
564.564632729783,59.1019513168133,4.13031334682445
75.1208227845916,373.650851056377,3.9953673745399
229.424198201079,412.742361428775,3.93043341289298
427.098373908381,13.6705048356807,3.41581752662233
361.497565105224,291.201894326257,3.15026936194467
602.544902669392,103.546283658702,4.35497874821422
390.824018767488,235.217806342312,4.16453723603083
565.241200059655,404.868433901784,4.70352040620655
142.657030449038,287.50294089164,4.75102099662243
201.23970267984,370.94548142018,3.96978313920139
125.544134402273,409.302330486073,3.38254242824326
624.057135647112,309.579106196921,4.56531696922293
3.84499890906782,143.046487493475,4.30629652096265
544.885546423585,203.06990554325,4.21218166758018
34.0530699142597,490.254362530653,2.97262836072853
279.136121481146,27.7018729702732,3.8722181667776
532.207809807016,393.279159529184,3.46637420795423
74.9630434012188,78.6060994085224,5.26245262402704
4.35431014963172,75.3448097167614,3.23997701151963
589.548939483431,223.754504029729,4.0396017173663
445.130080935228,464.905301704087,4.85239044559651
658.850670056053,373.180859821427,3.06151002462419
109.183911857496,489.529715458004,4.39020804681227
621.457423842443,96.4390712671452,4.11926714660635
423.295316047667,259.42865777809,3.6998121148284
10.1979413830027,184.298918827883,3.00641930019529
66.553679422654,109.419049601454,4.7005604027365
592.005787786117,202.786251921079,4.35223134778952
249.854306632529,223.847090898889,3.70213823989005
571.491167591669,438.206576695948,3.98021759257892
303.805079763445,136.378147374965,3.88743411754022
530.244764745343,461.788726026774,3.8270506306133
46.6834422254784,411.587807350828,3.90706979697657
199.705760639813,286.06164757734,4.38052524715263
547.920959216395,260.257269615223,3.88733991580819
178.001997666455,32.5121929343641,4.24363024617017
501.257880788434,337.692834676905,4.72832209704598
36.8025767564871,50.4427693456525,3.97850410242892
524.456127183902,166.401300854211,4.67936489628806
NA,NA,NA
663.1472827992,335.573580407899,3.60706914686771
457.161722358998,292.886506172118,3.59132375150309
13.6834872362671,494.760965413613,3.71110712167346
564.564632729783,59.1019513168133,4.13031334682445
75.1208227845916,373.650851056377,3.9953673745399
229.424198201079,412.742361428775,3.93043341289298
427.098373908381,13.6705048356807,3.41581752662233
361.497565105224,291.201894326257,3.15026936194467
602.544902669392,103.546283658702,4.35497874821422
390.824018767488,235.217806342312,4.16453723603083
565.241200059655,404.868433901784,4.70352040620655
142.657030449038,287.50294089164,4.75102099662243
201.23970267984,370.94548142018,3.96978313920139
125.544134402273,409.302330486073,3.38254242824326
624.057135647112,309.579106196921,4.56531696922293
3.84499890906782,143.046487493475,4.30629652096265
544.885546423585,203.06990554325,4.21218166758018
34.0530699142597,490.254362530653,2.97262836072853
279.136121481146,27.7018729702732,3.8722181667776
532.207809807016,393.279159529184,3.46637420795423
74.9630434012188,78.6060994085224,5.26245262402704
4.35431014963172,75.3448097167614,3.23997701151963
589.548939483431,223.754504029729,4.0396017173663
445.130080935228,464.905301704087,4.85239044559651
658.850670056053,373.180859821427,3.06151002462419
109.183911857496,489.529715458004,4.39020804681227
621.457423842443,96.4390712671452,4.11926714660635
423.295316047667,259.42865777809,3.6998121148284
10.1979413830027,184.298918827883,3.00641930019529
66.553679422654,109.419049601454,4.7005604027365
592.005787786117,202.786251921079,4.35223134778952
249.854306632529,223.847090898889,3.70213823989005
571.491167591669,438.206576695948,3.98021759257892
303.805079763445,136.378147374965,3.88743411754022
530.244764745343,461.788726026774,3.8270506306133
46.6834422254784,411.587807350828,3.90706979697657
199.705760639813,286.06164757734,4.38052524715263
547.920959216395,260.257269615223,3.88733991580819
178.001997666455,32.5121929343641,4.24363024617017
501.257880788434,337.692834676905,4.72832209704598
36.8025767564871,50.4427693456525,3.97850410242892
524.456127183902,166.401300854211,4.67936489628806
NA,NA,NA
662.950117240233,333.25474780455,3.31208607871914
456.835493027265,296.993041203104,3.64207819305735
11.7544772052597,493.285468245932,3.70529579601799
558.670191715009,51.6760648520185,4.06112094622082
73.2941850333498,375.855763224628,3.96097950447243
226.117306406371,412.178569680655,3.92384501969712
426.790613637981,11.4509312619701,3.17609551864408
360.519264107302,292.6300278923,3.09414753141741
605.884455513559,102.624937981054,4.24093136411346
392.66040065691,230.547421156343,4.10081402715791
569.758635975087,408.733750838556,4.69150815334211
140.489126253934,273.392182841413,4.63935723203158
195.4060401733,367.344042457155,3.9372386120752
126.370461426793,413.475288640807,3.42129436360018
626.277614711754,311.932967351405,4.4870854588017
-2.19159079266801,152.713695571285,4.25871863392384
538.945276732218,206.112294122926,4.16395512682734
34.5514969222596,492.139967536377,3.0138370004269
284.412759495982,23.0254738709206,3.94480711752062
535.741864107481,390.822933306143,3.20468149323522
72.3633796511378,74.8062213416836,5.1166963966543
3.27664982522023,79.7675866050741,3.36679698465189
588.122982943891,229.054518368117,4.03412897428696
440.540442278597,467.186021538627,4.75901229058565
662.357420844802,374.014718660335,3.22936941690186
106.541669291122,487.190377283241,4.27595516130044
624.214944170673,92.5603608104087,4.1100635037407
420.963872577398,259.730944532988,3.57928026622117
10.6531530256528,180.764549856311,3.04540491807554
63.8342409135363,107.850327206743,4.30229925760378
604.428101215376,207.738378533948,4.29644803319746
259.973705280077,216.678290552236,3.77087526244001
574.870851663787,440.295208118015,3.79178854804031
302.016542302567,138.490587157285,3.86640309973794
530.7604595867,459.111851337871,3.47771771740702
43.0782631271336,416.342454666287,4.13424352132012
191.07503107042,283.893057204916,4.09512640338005
550.443684129325,261.429733677172,3.70745378702109
173.49177804715,29.725387377431,4.01928329717916
516.623492291812,345.283628474759,4.58490407986677
32.7348413771377,53.5390534092931,4.13629494965288
533.001946542105,162.15652730172,5.17159538366544
NA,NA,NA
662.950117240233,333.25474780455,3.31208607871914
456.835493027265,296.993041203104,3.64207819305735
11.7544772052597,493.285468245932,3.70529579601799
558.670191715009,51.6760648520185,4.06112094622082
73.2941850333498,375.855763224628,3.96097950447243
226.117306406371,412.178569680655,3.92384501969712
426.790613637981,11.4509312619701,3.17609551864408
360.519264107302,292.6300278923,3.09414753141741
605.884455513559,102.624937981054,4.24093136411346
392.66040065691,230.547421156343,4.10081402715791
569.758635975087,408.733750838556,4.69150815334211
140.489126253934,273.392182841413,4.63935723203158
195.4060401733,367.344042457155,3.9372386120752
126.370461426793,413.475288640807,3.42129436360018
626.277614711754,311.932967351405,4.4870854588017
-2.19159079266801,152.713695571285,4.25871863392384
538.945276732218,206.112294122926,4.16395512682734
34.5514969222596,492.139967536377,3.0138370004269
284.412759495982,23.0254738709206,3.94480711752062
535.741864107481,390.822933306143,3.20468149323522
72.3633796511378,74.8062213416836,5.1166963966543
3.27664982522023,79.7675866050741,3.36679698465189
588.122982943891,229.054518368117,4.03412897428696
440.540442278597,467.186021538627,4.75901229058565
662.357420844802,374.014718660335,3.22936941690186
106.541669291122,487.190377283241,4.27595516130044
624.214944170673,92.5603608104087,4.1100635037407
420.963872577398,259.730944532988,3.57928026622117
10.6531530256528,180.764549856311,3.04540491807554
63.8342409135363,107.850327206743,4.30229925760378
604.428101215376,207.738378533948,4.29644803319746
259.973705280077,216.678290552236,3.77087526244001
574.870851663787,440.295208118015,3.79178854804031
302.016542302567,138.490587157285,3.86640309973794
530.7604595867,459.111851337871,3.47771771740702
43.0782631271336,416.342454666287,4.13424352132012
191.07503107042,283.893057204916,4.09512640338005
550.443684129325,261.429733677172,3.70745378702109
173.49177804715,29.725387377431,4.01928329717916
516.623492291812,345.283628474759,4.58490407986677
32.7348413771377,53.5390534092931,4.13629494965288
533.001946542105,162.15652730172,5.17159538366544
NA,NA,NA
662.950117240233,333.25474780455,3.31208607871914
456.835493027265,296.993041203104,3.64207819305735
11.7544772052597,493.285468245932,3.70529579601799
558.670191715009,51.6760648520185,4.06112094622082
73.2941850333498,375.855763224628,3.96097950447243
226.117306406371,412.178569680655,3.92384501969712
426.790613637981,11.4509312619701,3.17609551864408
360.519264107302,292.6300278923,3.09414753141741
605.884455513559,102.624937981054,4.24093136411346
392.66040065691,230.547421156343,4.10081402715791
569.758635975087,408.733750838556,4.69150815334211
140.489126253934,273.392182841413,4.63935723203158
195.4060401733,367.344042457155,3.9372386120752
126.370461426793,413.475288640807,3.42129436360018
626.277614711754,311.932967351405,4.4870854588017
-2.19159079266801,152.713695571285,4.25871863392384
538.945276732218,206.112294122926,4.16395512682734
34.5514969222596,492.139967536377,3.0138370004269
284.412759495982,23.0254738709206,3.94480711752062
535.741864107481,390.822933306143,3.20468149323522
72.3633796511378,74.8062213416836,5.1166963966543
3.27664982522023,79.7675866050741,3.36679698465189
588.122982943891,229.054518368117,4.03412897428696
440.540442278597,467.186021538627,4.75901229058565
662.357420844802,374.014718660335,3.22936941690186
106.541669291122,487.190377283241,4.27595516130044
624.214944170673,92.5603608104087,4.1100635037407
420.963872577398,259.730944532988,3.57928026622117
10.6531530256528,180.764549856311,3.04540491807554
63.8342409135363,107.850327206743,4.30229925760378
604.428101215376,207.738378533948,4.29644803319746
259.973705280077,216.678290552236,3.77087526244001
574.870851663787,440.295208118015,3.79178854804031
302.016542302567,138.490587157285,3.86640309973794
530.7604595867,459.111851337871,3.47771771740702
43.0782631271336,416.342454666287,4.13424352132012
191.07503107042,283.893057204916,4.09512640338005
550.443684129325,261.429733677172,3.70745378702109
173.49177804715,29.725387377431,4.01928329717916
516.623492291812,345.283628474759,4.58490407986677
32.7348413771377,53.5390534092931,4.13629494965288
533.001946542105,162.15652730172,5.17159538366544
NA,NA,NA
662.950117240233,333.25474780455,3.31208607871914
456.835493027265,296.993041203104,3.64207819305735
11.7544772052597,493.285468245932,3.70529579601799
558.670191715009,51.6760648520185,4.06112094622082
73.2941850333498,375.855763224628,3.96097950447243
226.117306406371,412.178569680655,3.92384501969712
426.790613637981,11.4509312619701,3.17609551864408
360.519264107302,292.6300278923,3.09414753141741
605.884455513559,102.624937981054,4.24093136411346
392.66040065691,230.547421156343,4.10081402715791
569.758635975087,408.733750838556,4.69150815334211
140.489126253934,273.392182841413,4.63935723203158
195.4060401733,367.344042457155,3.9372386120752
126.370461426793,413.475288640807,3.42129436360018
626.277614711754,311.932967351405,4.4870854588017
-2.19159079266801,152.713695571285,4.25871863392384
538.945276732218,206.112294122926,4.16395512682734
34.5514969222596,492.139967536377,3.0138370004269
284.412759495982,23.0254738709206,3.94480711752062
535.741864107481,390.822933306143,3.20468149323522
72.3633796511378,74.8062213416836,5.1166963966543
3.27664982522023,79.7675866050741,3.36679698465189
588.122982943891,229.054518368117,4.03412897428696
440.540442278597,467.186021538627,4.75901229058565
662.357420844802,374.014718660335,3.22936941690186
106.541669291122,487.190377283241,4.27595516130044
624.214944170673,92.5603608104087,4.1100635037407
420.963872577398,259.730944532988,3.57928026622117
10.6531530256528,180.764549856311,3.04540491807554
63.8342409135363,107.850327206743,4.30229925760378
604.428101215376,207.738378533948,4.29644803319746
259.973705280077,216.678290552236,3.77087526244001
574.870851663787,440.295208118015,3.79178854804031
302.016542302567,138.490587157285,3.86640309973794
530.7604595867,459.111851337871,3.47771771740702
43.0782631271336,416.342454666287,4.13424352132012
191.07503107042,283.893057204916,4.09512640338005
550.443684129325,261.429733677172,3.70745378702109
173.49177804715,29.725387377431,4.01928329717916
516.623492291812,345.283628474759,4.58490407986677
32.7348413771377,53.5390534092931,4.13629494965288
533.001946542105,162.15652730172,5.17159538366544
NA,NA,NA
662.950117240233,333.25474780455,3.31208607871914
456.835493027265,296.993041203104,3.64207819305735
11.7544772052597,493.285468245932,3.70529579601799
558.670191715009,51.6760648520185,4.06112094622082
73.2941850333498,375.855763224628,3.96097950447243
226.117306406371,412.178569680655,3.92384501969712
426.790613637981,11.4509312619701,3.17609551864408
360.519264107302,292.6300278923,3.09414753141741
605.884455513559,102.624937981054,4.24093136411346
392.66040065691,230.547421156343,4.10081402715791
569.758635975087,408.733750838556,4.69150815334211
140.489126253934,273.392182841413,4.63935723203158
195.4060401733,367.344042457155,3.9372386120752
126.370461426793,413.475288640807,3.42129436360018
626.277614711754,311.932967351405,4.4870854588017
-2.19159079266801,152.713695571285,4.25871863392384
538.945276732218,206.112294122926,4.16395512682734
34.5514969222596,492.139967536377,3.0138370004269
284.412759495982,23.0254738709206,3.94480711752062
535.741864107481,390.822933306143,3.20468149323522
72.3633796511378,74.8062213416836,5.1166963966543
3.27664982522023,79.7675866050741,3.36679698465189
588.122982943891,229.054518368117,4.03412897428696
440.540442278597,467.186021538627,4.75901229058565
662.357420844802,374.014718660335,3.22936941690186
106.541669291122,487.190377283241,4.27595516130044
624.214944170673,92.5603608104087,4.1100635037407
420.963872577398,259.730944532988,3.57928026622117
10.6531530256528,180.764549856311,3.04540491807554
63.8342409135363,107.850327206743,4.30229925760378
604.428101215376,207.738378533948,4.29644803319746
259.973705280077,216.678290552236,3.77087526244001
574.870851663787,440.295208118015,3.79178854804031
302.016542302567,138.490587157285,3.86640309973794
530.7604595867,459.111851337871,3.47771771740702
43.0782631271336,416.342454666287,4.13424352132012
191.07503107042,283.893057204916,4.09512640338005
550.443684129325,261.429733677172,3.70745378702109
173.49177804715,29.725387377431,4.01928329717916
516.623492291812,345.283628474759,4.58490407986677
32.7348413771377,53.5390534092931,4.13629494965288
533.001946542105,162.15652730172,5.17159538366544
NA,NA,NA
662.950117240233,333.25474780455,3.31208607871914
456.835493027265,296.993041203104,3.64207819305735
11.7544772052597,493.285468245932,3.70529579601799
558.670191715009,51.6760648520185,4.06112094622082
73.2941850333498,375.855763224628,3.96097950447243
226.117306406371,412.178569680655,3.92384501969712
426.790613637981,11.4509312619701,3.17609551864408
360.519264107302,292.6300278923,3.09414753141741
605.884455513559,102.624937981054,4.24093136411346
392.66040065691,230.547421156343,4.10081402715791
569.758635975087,408.733750838556,4.69150815334211
140.489126253934,273.392182841413,4.63935723203158
195.4060401733,367.344042457155,3.9372386120752
126.370461426793,413.475288640807,3.42129436360018
626.277614711754,311.932967351405,4.4870854588017
-2.19159079266801,152.713695571285,4.25871863392384
538.945276732218,206.112294122926,4.16395512682734
34.5514969222596,492.139967536377,3.0138370004269
284.412759495982,23.0254738709206,3.94480711752062
535.741864107481,390.822933306143,3.20468149323522
72.3633796511378,74.8062213416836,5.1166963966543
3.27664982522023,79.7675866050741,3.36679698465189
588.122982943891,229.054518368117,4.03412897428696
440.540442278597,467.186021538627,4.75901229058565
662.357420844802,374.014718660335,3.22936941690186
106.541669291122,487.190377283241,4.27595516130044
624.214944170673,92.5603608104087,4.1100635037407
420.963872577398,259.730944532988,3.57928026622117
10.6531530256528,180.764549856311,3.04540491807554
63.8342409135363,107.850327206743,4.30229925760378
604.428101215376,207.738378533948,4.29644803319746
259.973705280077,216.678290552236,3.77087526244001
574.870851663787,440.295208118015,3.79178854804031
302.016542302567,138.490587157285,3.86640309973794
530.7604595867,459.111851337871,3.47771771740702
43.0782631271336,416.342454666287,4.13424352132012
191.07503107042,283.893057204916,4.09512640338005
550.443684129325,261.429733677172,3.70745378702109
173.49177804715,29.725387377431,4.01928329717916
516.623492291812,345.283628474759,4.58490407986677
32.7348413771377,53.5390534092931,4.13629494965288
533.001946542105,162.15652730172,5.17159538366544
NA,NA,NA
664.369738817942,333.461967047124,3.44112701147041
457.45750760623,299.084918890053,3.37113710676861
15.1777262230066,495.679081701378,3.71157259515795
562.94510947736,50.3184856096583,4.12105267967171
67.3367131721144,376.60281836137,4.00776251084526
225.243635544297,412.38574069897,3.85857380521763
428.509809612976,10.5458168723313,3.26930132876472
361.744108815589,293.302839821947,3.02305272374987
603.449589332649,108.573689059668,4.27925318666019
392.472493202648,225.356814928261,4.18416859285042
567.694260720297,413.648616511826,4.73415702323741
145.765691024244,282.107935316431,4.55656796740706
200.280026972584,366.93730872296,3.92905310877174
125.881676985883,411.809429104469,3.4187079460105
627.465141470642,310.794552312323,4.48503869337805
-4.46210137810963,146.730779401165,4.26848537053338
540.05309882673,205.274046373022,4.18639242695776
33.7456651224686,493.468655373072,3.06850085203423
276.868068400562,21.5939464620357,3.7222642649534
536.687156130331,393.519390196146,3.43055886193297
72.297390893399,73.7953146414426,5.28196831140018
4.84278433568745,76.9446290640632,3.28446061166133
587.446090213646,230.568469577743,3.96206396496241
444.485414956697,454.911614360385,4.73789903367333
660.549629460527,373.140493553564,2.95657557562508
103.499432493027,487.417679957509,4.26536682490391
623.513600030734,91.3801687084804,4.07591037054612
416.906486696599,256.68279305051,3.54572684150946
11.8770189171401,179.663225844199,3.2011108874798
52.047903554781,110.695999536075,4.24705738209157
615.966735320306,223.804858648237,4.32077849287802
250.241343339116,221.342371427178,3.60909811903938
575.146642628006,425.216477890688,3.9096819691173
304.093879394371,132.164427186286,3.8536081936159
529.046762278165,456.16716537196,3.65684312121044
48.1224187764088,405.896506007609,3.83586265031627
184.068670076244,305.822603746518,4.13455750426684
541.456711283029,257.1627506036,3.75143172986227
166.312787841827,29.4589298201589,4.32110556110101
495.493505443415,338.824619588438,4.59831882943517
35.5993109875765,47.0343108544727,3.76104099542906
536.941116840621,140.929312976624,4.54237655190717
NA,NA,NA
664.369738817942,333.461967047124,3.44112701147041
457.45750760623,299.084918890053,3.37113710676861
15.1777262230066,495.679081701378,3.71157259515795
562.94510947736,50.3184856096583,4.12105267967171
67.3367131721144,376.60281836137,4.00776251084526
225.243635544297,412.38574069897,3.85857380521763
428.509809612976,10.5458168723313,3.26930132876472
361.744108815589,293.302839821947,3.02305272374987
603.449589332649,108.573689059668,4.27925318666019
392.472493202648,225.356814928261,4.18416859285042
567.694260720297,413.648616511826,4.73415702323741
145.765691024244,282.107935316431,4.55656796740706
200.280026972584,366.93730872296,3.92905310877174
125.881676985883,411.809429104469,3.4187079460105
627.465141470642,310.794552312323,4.48503869337805
-4.46210137810963,146.730779401165,4.26848537053338
540.05309882673,205.274046373022,4.18639242695776
33.7456651224686,493.468655373072,3.06850085203423
276.868068400562,21.5939464620357,3.7222642649534
536.687156130331,393.519390196146,3.43055886193297
72.297390893399,73.7953146414426,5.28196831140018
4.84278433568745,76.9446290640632,3.28446061166133
587.446090213646,230.568469577743,3.96206396496241
444.485414956697,454.911614360385,4.73789903367333
660.549629460527,373.140493553564,2.95657557562508
103.499432493027,487.417679957509,4.26536682490391
623.513600030734,91.3801687084804,4.07591037054612
416.906486696599,256.68279305051,3.54572684150946
11.8770189171401,179.663225844199,3.2011108874798
52.047903554781,110.695999536075,4.24705738209157
615.966735320306,223.804858648237,4.32077849287802
250.241343339116,221.342371427178,3.60909811903938
575.146642628006,425.216477890688,3.9096819691173
304.093879394371,132.164427186286,3.8536081936159
529.046762278165,456.16716537196,3.65684312121044
48.1224187764088,405.896506007609,3.83586265031627
184.068670076244,305.822603746518,4.13455750426684
541.456711283029,257.1627506036,3.75143172986227
166.312787841827,29.4589298201589,4.32110556110101
495.493505443415,338.824619588438,4.59831882943517
35.5993109875765,47.0343108544727,3.76104099542906
536.941116840621,140.929312976624,4.54237655190717
NA,NA,NA
664.369738817942,333.461967047124,3.44112701147041
457.45750760623,299.084918890053,3.37113710676861
15.1777262230066,495.679081701378,3.71157259515795
562.94510947736,50.3184856096583,4.12105267967171
67.3367131721144,376.60281836137,4.00776251084526
225.243635544297,412.38574069897,3.85857380521763
428.509809612976,10.5458168723313,3.26930132876472
361.744108815589,293.302839821947,3.02305272374987
603.449589332649,108.573689059668,4.27925318666019
392.472493202648,225.356814928261,4.18416859285042
567.694260720297,413.648616511826,4.73415702323741
145.765691024244,282.107935316431,4.55656796740706
200.280026972584,366.93730872296,3.92905310877174
125.881676985883,411.809429104469,3.4187079460105
627.465141470642,310.794552312323,4.48503869337805
-4.46210137810963,146.730779401165,4.26848537053338
540.05309882673,205.274046373022,4.18639242695776
33.7456651224686,493.468655373072,3.06850085203423
276.868068400562,21.5939464620357,3.7222642649534
536.687156130331,393.519390196146,3.43055886193297
72.297390893399,73.7953146414426,5.28196831140018
4.84278433568745,76.9446290640632,3.28446061166133
587.446090213646,230.568469577743,3.96206396496241
444.485414956697,454.911614360385,4.73789903367333
660.549629460527,373.140493553564,2.95657557562508
103.499432493027,487.417679957509,4.26536682490391
623.513600030734,91.3801687084804,4.07591037054612
416.906486696599,256.68279305051,3.54572684150946
11.8770189171401,179.663225844199,3.2011108874798
52.047903554781,110.695999536075,4.24705738209157
615.966735320306,223.804858648237,4.32077849287802
250.241343339116,221.342371427178,3.60909811903938
575.146642628006,425.216477890688,3.9096819691173
304.093879394371,132.164427186286,3.8536081936159
529.046762278165,456.16716537196,3.65684312121044
48.1224187764088,405.896506007609,3.83586265031627
184.068670076244,305.822603746518,4.13455750426684
541.456711283029,257.1627506036,3.75143172986227
166.312787841827,29.4589298201589,4.32110556110101
495.493505443415,338.824619588438,4.59831882943517
35.5993109875765,47.0343108544727,3.76104099542906
536.941116840621,140.929312976624,4.54237655190717
NA,NA,NA
664.369738817942,333.461967047124,3.44112701147041
457.45750760623,299.084918890053,3.37113710676861
15.1777262230066,495.679081701378,3.71157259515795
562.94510947736,50.3184856096583,4.12105267967171
67.3367131721144,376.60281836137,4.00776251084526
225.243635544297,412.38574069897,3.85857380521763
428.509809612976,10.5458168723313,3.26930132876472
361.744108815589,293.302839821947,3.02305272374987
603.449589332649,108.573689059668,4.27925318666019
392.472493202648,225.356814928261,4.18416859285042
567.694260720297,413.648616511826,4.73415702323741
145.765691024244,282.107935316431,4.55656796740706
200.280026972584,366.93730872296,3.92905310877174
125.881676985883,411.809429104469,3.4187079460105
627.465141470642,310.794552312323,4.48503869337805
-4.46210137810963,146.730779401165,4.26848537053338
540.05309882673,205.274046373022,4.18639242695776
33.7456651224686,493.468655373072,3.06850085203423
276.868068400562,21.5939464620357,3.7222642649534
536.687156130331,393.519390196146,3.43055886193297
72.297390893399,73.7953146414426,5.28196831140018
4.84278433568745,76.9446290640632,3.28446061166133
587.446090213646,230.568469577743,3.96206396496241
444.485414956697,454.911614360385,4.73789903367333
660.549629460527,373.140493553564,2.95657557562508
103.499432493027,487.417679957509,4.26536682490391
623.513600030734,91.3801687084804,4.07591037054612
416.906486696599,256.68279305051,3.54572684150946
11.8770189171401,179.663225844199,3.2011108874798
52.047903554781,110.695999536075,4.24705738209157
615.966735320306,223.804858648237,4.32077849287802
250.241343339116,221.342371427178,3.60909811903938
575.146642628006,425.216477890688,3.9096819691173
304.093879394371,132.164427186286,3.8536081936159
529.046762278165,456.16716537196,3.65684312121044
48.1224187764088,405.896506007609,3.83586265031627
184.068670076244,305.822603746518,4.13455750426684
541.456711283029,257.1627506036,3.75143172986227
166.312787841827,29.4589298201589,4.32110556110101
495.493505443415,338.824619588438,4.59831882943517
35.5993109875765,47.0343108544727,3.76104099542906
536.941116840621,140.929312976624,4.54237655190717
NA,NA,NA
664.369738817942,333.461967047124,3.44112701147041
457.45750760623,299.084918890053,3.37113710676861
15.1777262230066,495.679081701378,3.71157259515795
562.94510947736,50.3184856096583,4.12105267967171
67.3367131721144,376.60281836137,4.00776251084526
225.243635544297,412.38574069897,3.85857380521763
428.509809612976,10.5458168723313,3.26930132876472
361.744108815589,293.302839821947,3.02305272374987
603.449589332649,108.573689059668,4.27925318666019
392.472493202648,225.356814928261,4.18416859285042
567.694260720297,413.648616511826,4.73415702323741
145.765691024244,282.107935316431,4.55656796740706
200.280026972584,366.93730872296,3.92905310877174
125.881676985883,411.809429104469,3.4187079460105
627.465141470642,310.794552312323,4.48503869337805
-4.46210137810963,146.730779401165,4.26848537053338
540.05309882673,205.274046373022,4.18639242695776
33.7456651224686,493.468655373072,3.06850085203423
276.868068400562,21.5939464620357,3.7222642649534
536.687156130331,393.519390196146,3.43055886193297
72.297390893399,73.7953146414426,5.28196831140018
4.84278433568745,76.9446290640632,3.28446061166133
587.446090213646,230.568469577743,3.96206396496241
444.485414956697,454.911614360385,4.73789903367333
660.549629460527,373.140493553564,2.95657557562508
103.499432493027,487.417679957509,4.26536682490391
623.513600030734,91.3801687084804,4.07591037054612
416.906486696599,256.68279305051,3.54572684150946
11.8770189171401,179.663225844199,3.2011108874798
52.047903554781,110.695999536075,4.24705738209157
615.966735320306,223.804858648237,4.32077849287802
250.241343339116,221.342371427178,3.60909811903938
575.146642628006,425.216477890688,3.9096819691173
304.093879394371,132.164427186286,3.8536081936159
529.046762278165,456.16716537196,3.65684312121044
48.1224187764088,405.896506007609,3.83586265031627
184.068670076244,305.822603746518,4.13455750426684
541.456711283029,257.1627506036,3.75143172986227
166.312787841827,29.4589298201589,4.32110556110101
495.493505443415,338.824619588438,4.59831882943517
35.5993109875765,47.0343108544727,3.76104099542906
536.941116840621,140.929312976624,4.54237655190717
NA,NA,NA
664.369738817942,333.461967047124,3.44112701147041
457.45750760623,299.084918890053,3.37113710676861
15.1777262230066,495.679081701378,3.71157259515795
562.94510947736,50.3184856096583,4.12105267967171
67.3367131721144,376.60281836137,4.00776251084526
225.243635544297,412.38574069897,3.85857380521763
428.509809612976,10.5458168723313,3.26930132876472
361.744108815589,293.302839821947,3.02305272374987
603.449589332649,108.573689059668,4.27925318666019
392.472493202648,225.356814928261,4.18416859285042
567.694260720297,413.648616511826,4.73415702323741
145.765691024244,282.107935316431,4.55656796740706
200.280026972584,366.93730872296,3.92905310877174
125.881676985883,411.809429104469,3.4187079460105
627.465141470642,310.794552312323,4.48503869337805
-4.46210137810963,146.730779401165,4.26848537053338
540.05309882673,205.274046373022,4.18639242695776
33.7456651224686,493.468655373072,3.06850085203423
276.868068400562,21.5939464620357,3.7222642649534
536.687156130331,393.519390196146,3.43055886193297
72.297390893399,73.7953146414426,5.28196831140018
4.84278433568745,76.9446290640632,3.28446061166133
587.446090213646,230.568469577743,3.96206396496241
444.485414956697,454.911614360385,4.73789903367333
660.549629460527,373.140493553564,2.95657557562508
103.499432493027,487.417679957509,4.26536682490391
623.513600030734,91.3801687084804,4.07591037054612
416.906486696599,256.68279305051,3.54572684150946
11.8770189171401,179.663225844199,3.2011108874798
52.047903554781,110.695999536075,4.24705738209157
615.966735320306,223.804858648237,4.32077849287802
250.241343339116,221.342371427178,3.60909811903938
575.146642628006,425.216477890688,3.9096819691173
304.093879394371,132.164427186286,3.8536081936159
529.046762278165,456.16716537196,3.65684312121044
48.1224187764088,405.896506007609,3.83586265031627
184.068670076244,305.822603746518,4.13455750426684
541.456711283029,257.1627506036,3.75143172986227
166.312787841827,29.4589298201589,4.32110556110101
495.493505443415,338.824619588438,4.59831882943517
35.5993109875765,47.0343108544727,3.76104099542906
536.941116840621,140.929312976624,4.54237655190717
NA,NA,NA
661.480981999118,336.661995385596,3.52503561475433
455.35896637967,299.3005505899,3.63425682624552
12.2833411317671,495.116143409279,3.6626034594102
562.434359170312,52.7686389094719,4.10704879640529
72.0183929592472,376.972154692231,3.99214798715205
232.708024091415,416.004528793318,3.92752642026686
429.314819658068,14.0853394756861,3.43765604133465
363.595294907992,293.34670679248,3.04270213201147
604.791386575243,108.607272064252,4.03687830993925
388.061071497646,232.483710062655,4.21404693770885
569.842622531249,415.556958084742,4.66774232101488
143.639479540723,285.080718124035,4.57436007226172
200.647665438743,369.787862296312,4.10801196264172
123.326246815591,408.661152267233,3.32810309285603
627.810433486648,313.863887127024,4.54869764818273
-1.34931974903216,145.614997413858,4.19031795476924
543.536288274663,206.470460410971,4.26701877999625
34.3716360865222,492.910495564582,3.02093573674056
283.486622722592,24.8806106872382,3.76464949404628
533.000685061285,393.372198187966,3.57170035938853
74.6020351971969,72.4265063027698,5.29084696668843
2.11199750365596,76.1318248531228,3.79847603137146
584.748174898336,229.462096544594,4.01375881740957
444.798154430061,460.714855459918,4.71859999407581
658.673972127508,372.598406417258,3.12387774654646
106.153810085482,485.419196770407,4.33047750222309
625.829547511278,93.0535700007392,4.08948025380821
419.641679749926,259.537147447963,3.63441799023043
9.42459013996771,180.795952302772,3.25797025363503
64.1990360036518,111.101270057778,4.38167232705016
608.085249875233,201.233389122188,4.00765712616679
259.475133852593,214.94054310757,4.02231146789496
575.760887772079,438.105599468592,3.89027643638964
294.29986210035,133.80750654304,3.96191422742595
524.502122701124,456.793867453849,3.82749464949894
49.0049144139294,416.806510983343,4.02984516097501
193.74408395278,279.857201557231,4.1491724423202
548.194350719864,266.821038203488,3.56990165056107
170.554488577944,39.6556714335651,4.18945740644006
501.037237028402,345.969894353859,4.58995365890456
43.8522643101078,55.3375933102821,4.07300857316691
531.397061513178,134.174696251072,4.86842551184484
NA,NA,NA
661.480981999118,336.661995385596,3.52503561475433
455.35896637967,299.3005505899,3.63425682624552
12.2833411317671,495.116143409279,3.6626034594102
562.434359170312,52.7686389094719,4.10704879640529
72.0183929592472,376.972154692231,3.99214798715205
232.708024091415,416.004528793318,3.92752642026686
429.314819658068,14.0853394756861,3.43765604133465
363.595294907992,293.34670679248,3.04270213201147
604.791386575243,108.607272064252,4.03687830993925
388.061071497646,232.483710062655,4.21404693770885
569.842622531249,415.556958084742,4.66774232101488
143.639479540723,285.080718124035,4.57436007226172
200.647665438743,369.787862296312,4.10801196264172
123.326246815591,408.661152267233,3.32810309285603
627.810433486648,313.863887127024,4.54869764818273
-1.34931974903216,145.614997413858,4.19031795476924
543.536288274663,206.470460410971,4.26701877999625
34.3716360865222,492.910495564582,3.02093573674056
283.486622722592,24.8806106872382,3.76464949404628
533.000685061285,393.372198187966,3.57170035938853
74.6020351971969,72.4265063027698,5.29084696668843
2.11199750365596,76.1318248531228,3.79847603137146
584.748174898336,229.462096544594,4.01375881740957
444.798154430061,460.714855459918,4.71859999407581
658.673972127508,372.598406417258,3.12387774654646
106.153810085482,485.419196770407,4.33047750222309
625.829547511278,93.0535700007392,4.08948025380821
419.641679749926,259.537147447963,3.63441799023043
9.42459013996771,180.795952302772,3.25797025363503
64.1990360036518,111.101270057778,4.38167232705016
608.085249875233,201.233389122188,4.00765712616679
259.475133852593,214.94054310757,4.02231146789496
575.760887772079,438.105599468592,3.89027643638964
294.29986210035,133.80750654304,3.96191422742595
524.502122701124,456.793867453849,3.82749464949894
49.0049144139294,416.806510983343,4.02984516097501
193.74408395278,279.857201557231,4.1491724423202
548.194350719864,266.821038203488,3.56990165056107
170.554488577944,39.6556714335651,4.18945740644006
501.037237028402,345.969894353859,4.58995365890456
43.8522643101078,55.3375933102821,4.07300857316691
531.397061513178,134.174696251072,4.86842551184484
NA,NA,NA
661.480981999118,336.661995385596,3.52503561475433
455.35896637967,299.3005505899,3.63425682624552
12.2833411317671,495.116143409279,3.6626034594102
562.434359170312,52.7686389094719,4.10704879640529
72.0183929592472,376.972154692231,3.99214798715205
232.708024091415,416.004528793318,3.92752642026686
429.314819658068,14.0853394756861,3.43765604133465
363.595294907992,293.34670679248,3.04270213201147
604.791386575243,108.607272064252,4.03687830993925
388.061071497646,232.483710062655,4.21404693770885
569.842622531249,415.556958084742,4.66774232101488
143.639479540723,285.080718124035,4.57436007226172
200.647665438743,369.787862296312,4.10801196264172
123.326246815591,408.661152267233,3.32810309285603
627.810433486648,313.863887127024,4.54869764818273
-1.34931974903216,145.614997413858,4.19031795476924
543.536288274663,206.470460410971,4.26701877999625
34.3716360865222,492.910495564582,3.02093573674056
283.486622722592,24.8806106872382,3.76464949404628
533.000685061285,393.372198187966,3.57170035938853
74.6020351971969,72.4265063027698,5.29084696668843
2.11199750365596,76.1318248531228,3.79847603137146
584.748174898336,229.462096544594,4.01375881740957
444.798154430061,460.714855459918,4.71859999407581
658.673972127508,372.598406417258,3.12387774654646
106.153810085482,485.419196770407,4.33047750222309
625.829547511278,93.0535700007392,4.08948025380821
419.641679749926,259.537147447963,3.63441799023043
9.42459013996771,180.795952302772,3.25797025363503
64.1990360036518,111.101270057778,4.38167232705016
608.085249875233,201.233389122188,4.00765712616679
259.475133852593,214.94054310757,4.02231146789496
575.760887772079,438.105599468592,3.89027643638964
294.29986210035,133.80750654304,3.96191422742595
524.502122701124,456.793867453849,3.82749464949894
49.0049144139294,416.806510983343,4.02984516097501
193.74408395278,279.857201557231,4.1491724423202
548.194350719864,266.821038203488,3.56990165056107
170.554488577944,39.6556714335651,4.18945740644006
501.037237028402,345.969894353859,4.58995365890456
43.8522643101078,55.3375933102821,4.07300857316691
531.397061513178,134.174696251072,4.86842551184484
NA,NA,NA
661.480981999118,336.661995385596,3.52503561475433
455.35896637967,299.3005505899,3.63425682624552
12.2833411317671,495.116143409279,3.6626034594102
562.434359170312,52.7686389094719,4.10704879640529
72.0183929592472,376.972154692231,3.99214798715205
232.708024091415,416.004528793318,3.92752642026686
429.314819658068,14.0853394756861,3.43765604133465
363.595294907992,293.34670679248,3.04270213201147
604.791386575243,108.607272064252,4.03687830993925
388.061071497646,232.483710062655,4.21404693770885
569.842622531249,415.556958084742,4.66774232101488
143.639479540723,285.080718124035,4.57436007226172
200.647665438743,369.787862296312,4.10801196264172
123.326246815591,408.661152267233,3.32810309285603
627.810433486648,313.863887127024,4.54869764818273
-1.34931974903216,145.614997413858,4.19031795476924
543.536288274663,206.470460410971,4.26701877999625
34.3716360865222,492.910495564582,3.02093573674056
283.486622722592,24.8806106872382,3.76464949404628
533.000685061285,393.372198187966,3.57170035938853
74.6020351971969,72.4265063027698,5.29084696668843
2.11199750365596,76.1318248531228,3.79847603137146
584.748174898336,229.462096544594,4.01375881740957
444.798154430061,460.714855459918,4.71859999407581
658.673972127508,372.598406417258,3.12387774654646
106.153810085482,485.419196770407,4.33047750222309
625.829547511278,93.0535700007392,4.08948025380821
419.641679749926,259.537147447963,3.63441799023043
9.42459013996771,180.795952302772,3.25797025363503
64.1990360036518,111.101270057778,4.38167232705016
608.085249875233,201.233389122188,4.00765712616679
259.475133852593,214.94054310757,4.02231146789496
575.760887772079,438.105599468592,3.89027643638964
294.29986210035,133.80750654304,3.96191422742595
524.502122701124,456.793867453849,3.82749464949894
49.0049144139294,416.806510983343,4.02984516097501
193.74408395278,279.857201557231,4.1491724423202
548.194350719864,266.821038203488,3.56990165056107
170.554488577944,39.6556714335651,4.18945740644006
501.037237028402,345.969894353859,4.58995365890456
43.8522643101078,55.3375933102821,4.07300857316691
531.397061513178,134.174696251072,4.86842551184484
NA,NA,NA
661.480981999118,336.661995385596,3.52503561475433
455.35896637967,299.3005505899,3.63425682624552
12.2833411317671,495.116143409279,3.6626034594102
562.434359170312,52.7686389094719,4.10704879640529
72.0183929592472,376.972154692231,3.99214798715205
232.708024091415,416.004528793318,3.92752642026686
429.314819658068,14.0853394756861,3.43765604133465
363.595294907992,293.34670679248,3.04270213201147
604.791386575243,108.607272064252,4.03687830993925
388.061071497646,232.483710062655,4.21404693770885
569.842622531249,415.556958084742,4.66774232101488
143.639479540723,285.080718124035,4.57436007226172
200.647665438743,369.787862296312,4.10801196264172
123.326246815591,408.661152267233,3.32810309285603
627.810433486648,313.863887127024,4.54869764818273
-1.34931974903216,145.614997413858,4.19031795476924
543.536288274663,206.470460410971,4.26701877999625
34.3716360865222,492.910495564582,3.02093573674056
283.486622722592,24.8806106872382,3.76464949404628
533.000685061285,393.372198187966,3.57170035938853
74.6020351971969,72.4265063027698,5.29084696668843
2.11199750365596,76.1318248531228,3.79847603137146
584.748174898336,229.462096544594,4.01375881740957
444.798154430061,460.714855459918,4.71859999407581
658.673972127508,372.598406417258,3.12387774654646
106.153810085482,485.419196770407,4.33047750222309
625.829547511278,93.0535700007392,4.08948025380821
419.641679749926,259.537147447963,3.63441799023043
9.42459013996771,180.795952302772,3.25797025363503
64.1990360036518,111.101270057778,4.38167232705016
608.085249875233,201.233389122188,4.00765712616679
259.475133852593,214.94054310757,4.02231146789496
575.760887772079,438.105599468592,3.89027643638964
294.29986210035,133.80750654304,3.96191422742595
524.502122701124,456.793867453849,3.82749464949894
49.0049144139294,416.806510983343,4.02984516097501
193.74408395278,279.857201557231,4.1491724423202
548.194350719864,266.821038203488,3.56990165056107
170.554488577944,39.6556714335651,4.18945740644006
501.037237028402,345.969894353859,4.58995365890456
43.8522643101078,55.3375933102821,4.07300857316691
531.397061513178,134.174696251072,4.86842551184484
NA,NA,NA
661.480981999118,336.661995385596,3.52503561475433
455.35896637967,299.3005505899,3.63425682624552
12.2833411317671,495.116143409279,3.6626034594102
562.434359170312,52.7686389094719,4.10704879640529
72.0183929592472,376.972154692231,3.99214798715205
232.708024091415,416.004528793318,3.92752642026686
429.314819658068,14.0853394756861,3.43765604133465
363.595294907992,293.34670679248,3.04270213201147
604.791386575243,108.607272064252,4.03687830993925
388.061071497646,232.483710062655,4.21404693770885
569.842622531249,415.556958084742,4.66774232101488
143.639479540723,285.080718124035,4.57436007226172
200.647665438743,369.787862296312,4.10801196264172
123.326246815591,408.661152267233,3.32810309285603
627.810433486648,313.863887127024,4.54869764818273
-1.34931974903216,145.614997413858,4.19031795476924
543.536288274663,206.470460410971,4.26701877999625
34.3716360865222,492.910495564582,3.02093573674056
283.486622722592,24.8806106872382,3.76464949404628
533.000685061285,393.372198187966,3.57170035938853
74.6020351971969,72.4265063027698,5.29084696668843
2.11199750365596,76.1318248531228,3.79847603137146
584.748174898336,229.462096544594,4.01375881740957
444.798154430061,460.714855459918,4.71859999407581
658.673972127508,372.598406417258,3.12387774654646
106.153810085482,485.419196770407,4.33047750222309
625.829547511278,93.0535700007392,4.08948025380821
419.641679749926,259.537147447963,3.63441799023043
9.42459013996771,180.795952302772,3.25797025363503
64.1990360036518,111.101270057778,4.38167232705016
608.085249875233,201.233389122188,4.00765712616679
259.475133852593,214.94054310757,4.02231146789496
575.760887772079,438.105599468592,3.89027643638964
294.29986210035,133.80750654304,3.96191422742595
524.502122701124,456.793867453849,3.82749464949894
49.0049144139294,416.806510983343,4.02984516097501
193.74408395278,279.857201557231,4.1491724423202
548.194350719864,266.821038203488,3.56990165056107
170.554488577944,39.6556714335651,4.18945740644006
501.037237028402,345.969894353859,4.58995365890456
43.8522643101078,55.3375933102821,4.07300857316691
531.397061513178,134.174696251072,4.86842551184484
NA,NA,NA
664.904255192304,335.738297621493,3.50073259437082
452.773432095901,302.741163030365,3.6852660271481
7.49268450213734,495.786409922659,3.58834441069542
559.225200519656,49.1451574407285,4.15638762433761
73.6610690295064,372.48934377587,4.04747908830002
228.126985978062,411.139970572001,3.91216367117785
430.128167123958,13.1969018030896,3.3154092235648
364.168018988203,292.651986998271,3.08442100943237
605.149810624188,107.90779885804,4.21117013180698
390.558215082314,230.544403438549,4.24223063501572
569.473443491663,409.12335133838,4.66253092214251
133.68876794321,275.632023680451,4.51711159629558
203.521108885609,366.945537835678,4.06885507827107
129.024524955454,410.361690413656,3.36731427772366
624.191281126172,310.364565442299,4.57408802402915
2.59053252068106,151.054675922324,4.34996696817786
548.326275166573,202.860468467159,4.29283008865905
33.148786228938,493.668275529432,3.02327303352841
277.856700032438,23.1840724627997,3.96460128008966
529.642385611483,390.342043789187,3.41039330947529
63.1970567547598,79.5807313793669,5.20417962260466
5.60119368368574,76.412659133617,3.37611682801443
590.220284070079,224.15966592452,3.99238639635308
435.784582910513,465.778221495306,4.86424983490583
658.35292401211,375.652327699741,3.00371156303981
104.482804482531,489.004199312994,4.34772862614904
620.189728771336,91.1785149023154,4.08727582029347
418.285857200026,260.005003158547,3.71684902251464
10.8518606193853,183.060933015622,3.10987512059885
56.7912648387222,114.6021188074,4.6195180743673
598.819486151401,195.311346749762,4.2051578293619
248.288253996086,225.095964743565,4.00994027883969
567.316887709863,441.015014035424,3.55024865665858
300.927093575899,138.473454361355,3.89395058688929
531.155247376023,457.194329757065,3.44687280652641
48.3063287940604,416.632619070807,4.11339150493902
204.56166710175,282.448853946684,4.38301354629778
544.656015097083,268.77123012752,3.83458822507249
166.704908954119,20.2380459259949,3.86935596404969
508.259683879142,340.672770217936,4.67040792278483
34.2576003952449,55.134004250217,3.91690123816441
545.394293258662,138.214428880528,4.41253107754103
NA,NA,NA
664.904255192304,335.738297621493,3.50073259437082
452.773432095901,302.741163030365,3.6852660271481
7.49268450213734,495.786409922659,3.58834441069542
559.225200519656,49.1451574407285,4.15638762433761
73.6610690295064,372.48934377587,4.04747908830002
228.126985978062,411.139970572001,3.91216367117785
430.128167123958,13.1969018030896,3.3154092235648
364.168018988203,292.651986998271,3.08442100943237
605.149810624188,107.90779885804,4.21117013180698
390.558215082314,230.544403438549,4.24223063501572
569.473443491663,409.12335133838,4.66253092214251
133.68876794321,275.632023680451,4.51711159629558
203.521108885609,366.945537835678,4.06885507827107
129.024524955454,410.361690413656,3.36731427772366
624.191281126172,310.364565442299,4.57408802402915
2.59053252068106,151.054675922324,4.34996696817786
548.326275166573,202.860468467159,4.29283008865905
33.148786228938,493.668275529432,3.02327303352841
277.856700032438,23.1840724627997,3.96460128008966
529.642385611483,390.342043789187,3.41039330947529
63.1970567547598,79.5807313793669,5.20417962260466
5.60119368368574,76.412659133617,3.37611682801443
590.220284070079,224.15966592452,3.99238639635308
435.784582910513,465.778221495306,4.86424983490583
658.35292401211,375.652327699741,3.00371156303981
104.482804482531,489.004199312994,4.34772862614904
620.189728771336,91.1785149023154,4.08727582029347
418.285857200026,260.005003158547,3.71684902251464
10.8518606193853,183.060933015622,3.10987512059885
56.7912648387222,114.6021188074,4.6195180743673
598.819486151401,195.311346749762,4.2051578293619
248.288253996086,225.095964743565,4.00994027883969
567.316887709863,441.015014035424,3.55024865665858
300.927093575899,138.473454361355,3.89395058688929
531.155247376023,457.194329757065,3.44687280652641
48.3063287940604,416.632619070807,4.11339150493902
204.56166710175,282.448853946684,4.38301354629778
544.656015097083,268.77123012752,3.83458822507249
166.704908954119,20.2380459259949,3.86935596404969
508.259683879142,340.672770217936,4.67040792278483
34.2576003952449,55.134004250217,3.91690123816441
545.394293258662,138.214428880528,4.41253107754103
NA,NA,NA
664.904255192304,335.738297621493,3.50073259437082
452.773432095901,302.741163030365,3.6852660271481
7.49268450213734,495.786409922659,3.58834441069542
559.225200519656,49.1451574407285,4.15638762433761
73.6610690295064,372.48934377587,4.04747908830002
228.126985978062,411.139970572001,3.91216367117785
430.128167123958,13.1969018030896,3.3154092235648
364.168018988203,292.651986998271,3.08442100943237
605.149810624188,107.90779885804,4.21117013180698
390.558215082314,230.544403438549,4.24223063501572
569.473443491663,409.12335133838,4.66253092214251
133.68876794321,275.632023680451,4.51711159629558
203.521108885609,366.945537835678,4.06885507827107
129.024524955454,410.361690413656,3.36731427772366
624.191281126172,310.364565442299,4.57408802402915
2.59053252068106,151.054675922324,4.34996696817786
548.326275166573,202.860468467159,4.29283008865905
33.148786228938,493.668275529432,3.02327303352841
277.856700032438,23.1840724627997,3.96460128008966
529.642385611483,390.342043789187,3.41039330947529
63.1970567547598,79.5807313793669,5.20417962260466
5.60119368368574,76.412659133617,3.37611682801443
590.220284070079,224.15966592452,3.99238639635308
435.784582910513,465.778221495306,4.86424983490583
658.35292401211,375.652327699741,3.00371156303981
104.482804482531,489.004199312994,4.34772862614904
620.189728771336,91.1785149023154,4.08727582029347
418.285857200026,260.005003158547,3.71684902251464
10.8518606193853,183.060933015622,3.10987512059885
56.7912648387222,114.6021188074,4.6195180743673
598.819486151401,195.311346749762,4.2051578293619
248.288253996086,225.095964743565,4.00994027883969
567.316887709863,441.015014035424,3.55024865665858
300.927093575899,138.473454361355,3.89395058688929
531.155247376023,457.194329757065,3.44687280652641
48.3063287940604,416.632619070807,4.11339150493902
204.56166710175,282.448853946684,4.38301354629778
544.656015097083,268.77123012752,3.83458822507249
166.704908954119,20.2380459259949,3.86935596404969
508.259683879142,340.672770217936,4.67040792278483
34.2576003952449,55.134004250217,3.91690123816441
545.394293258662,138.214428880528,4.41253107754103
NA,NA,NA
664.904255192304,335.738297621493,3.50073259437082
452.773432095901,302.741163030365,3.6852660271481
7.49268450213734,495.786409922659,3.58834441069542
559.225200519656,49.1451574407285,4.15638762433761
73.6610690295064,372.48934377587,4.04747908830002
228.126985978062,411.139970572001,3.91216367117785
430.128167123958,13.1969018030896,3.3154092235648
364.168018988203,292.651986998271,3.08442100943237
605.149810624188,107.90779885804,4.21117013180698
390.558215082314,230.544403438549,4.24223063501572
569.473443491663,409.12335133838,4.66253092214251
133.68876794321,275.632023680451,4.51711159629558
203.521108885609,366.945537835678,4.06885507827107
129.024524955454,410.361690413656,3.36731427772366
624.191281126172,310.364565442299,4.57408802402915
2.59053252068106,151.054675922324,4.34996696817786
548.326275166573,202.860468467159,4.29283008865905
33.148786228938,493.668275529432,3.02327303352841
277.856700032438,23.1840724627997,3.96460128008966
529.642385611483,390.342043789187,3.41039330947529
63.1970567547598,79.5807313793669,5.20417962260466
5.60119368368574,76.412659133617,3.37611682801443
590.220284070079,224.15966592452,3.99238639635308
435.784582910513,465.778221495306,4.86424983490583
658.35292401211,375.652327699741,3.00371156303981
104.482804482531,489.004199312994,4.34772862614904
620.189728771336,91.1785149023154,4.08727582029347
418.285857200026,260.005003158547,3.71684902251464
10.8518606193853,183.060933015622,3.10987512059885
56.7912648387222,114.6021188074,4.6195180743673
598.819486151401,195.311346749762,4.2051578293619
248.288253996086,225.095964743565,4.00994027883969
567.316887709863,441.015014035424,3.55024865665858
300.927093575899,138.473454361355,3.89395058688929
531.155247376023,457.194329757065,3.44687280652641
48.3063287940604,416.632619070807,4.11339150493902
204.56166710175,282.448853946684,4.38301354629778
544.656015097083,268.77123012752,3.83458822507249
166.704908954119,20.2380459259949,3.86935596404969
508.259683879142,340.672770217936,4.67040792278483
34.2576003952449,55.134004250217,3.91690123816441
545.394293258662,138.214428880528,4.41253107754103
NA,NA,NA
664.904255192304,335.738297621493,3.50073259437082
452.773432095901,302.741163030365,3.6852660271481
7.49268450213734,495.786409922659,3.58834441069542
559.225200519656,49.1451574407285,4.15638762433761
73.6610690295064,372.48934377587,4.04747908830002
228.126985978062,411.139970572001,3.91216367117785
430.128167123958,13.1969018030896,3.3154092235648
364.168018988203,292.651986998271,3.08442100943237
605.149810624188,107.90779885804,4.21117013180698
390.558215082314,230.544403438549,4.24223063501572
569.473443491663,409.12335133838,4.66253092214251
133.68876794321,275.632023680451,4.51711159629558
203.521108885609,366.945537835678,4.06885507827107
129.024524955454,410.361690413656,3.36731427772366
624.191281126172,310.364565442299,4.57408802402915
2.59053252068106,151.054675922324,4.34996696817786
548.326275166573,202.860468467159,4.29283008865905
33.148786228938,493.668275529432,3.02327303352841
277.856700032438,23.1840724627997,3.96460128008966
529.642385611483,390.342043789187,3.41039330947529
63.1970567547598,79.5807313793669,5.20417962260466
5.60119368368574,76.412659133617,3.37611682801443
590.220284070079,224.15966592452,3.99238639635308
435.784582910513,465.778221495306,4.86424983490583
658.35292401211,375.652327699741,3.00371156303981
104.482804482531,489.004199312994,4.34772862614904
620.189728771336,91.1785149023154,4.08727582029347
418.285857200026,260.005003158547,3.71684902251464
10.8518606193853,183.060933015622,3.10987512059885
56.7912648387222,114.6021188074,4.6195180743673
598.819486151401,195.311346749762,4.2051578293619
248.288253996086,225.095964743565,4.00994027883969
567.316887709863,441.015014035424,3.55024865665858
300.927093575899,138.473454361355,3.89395058688929
531.155247376023,457.194329757065,3.44687280652641
48.3063287940604,416.632619070807,4.11339150493902
204.56166710175,282.448853946684,4.38301354629778
544.656015097083,268.77123012752,3.83458822507249
166.704908954119,20.2380459259949,3.86935596404969
508.259683879142,340.672770217936,4.67040792278483
34.2576003952449,55.134004250217,3.91690123816441
545.394293258662,138.214428880528,4.41253107754103
NA,NA,NA
664.904255192304,335.738297621493,3.50073259437082
452.773432095901,302.741163030365,3.6852660271481
7.49268450213734,495.786409922659,3.58834441069542
559.225200519656,49.1451574407285,4.15638762433761
73.6610690295064,372.48934377587,4.04747908830002
228.126985978062,411.139970572001,3.91216367117785
430.128167123958,13.1969018030896,3.3154092235648
364.168018988203,292.651986998271,3.08442100943237
605.149810624188,107.90779885804,4.21117013180698
390.558215082314,230.544403438549,4.24223063501572
569.473443491663,409.12335133838,4.66253092214251
133.68876794321,275.632023680451,4.51711159629558
203.521108885609,366.945537835678,4.06885507827107
129.024524955454,410.361690413656,3.36731427772366
624.191281126172,310.364565442299,4.57408802402915
2.59053252068106,151.054675922324,4.34996696817786
548.326275166573,202.860468467159,4.29283008865905
33.148786228938,493.668275529432,3.02327303352841
277.856700032438,23.1840724627997,3.96460128008966
529.642385611483,390.342043789187,3.41039330947529
63.1970567547598,79.5807313793669,5.20417962260466
5.60119368368574,76.412659133617,3.37611682801443
590.220284070079,224.15966592452,3.99238639635308
435.784582910513,465.778221495306,4.86424983490583
658.35292401211,375.652327699741,3.00371156303981
104.482804482531,489.004199312994,4.34772862614904
620.189728771336,91.1785149023154,4.08727582029347
418.285857200026,260.005003158547,3.71684902251464
10.8518606193853,183.060933015622,3.10987512059885
56.7912648387222,114.6021188074,4.6195180743673
598.819486151401,195.311346749762,4.2051578293619
248.288253996086,225.095964743565,4.00994027883969
567.316887709863,441.015014035424,3.55024865665858
300.927093575899,138.473454361355,3.89395058688929
531.155247376023,457.194329757065,3.44687280652641
48.3063287940604,416.632619070807,4.11339150493902
204.56166710175,282.448853946684,4.38301354629778
544.656015097083,268.77123012752,3.83458822507249
166.704908954119,20.2380459259949,3.86935596404969
508.259683879142,340.672770217936,4.67040792278483
34.2576003952449,55.134004250217,3.91690123816441
545.394293258662,138.214428880528,4.41253107754103
NA,NA,NA
662.870732876406,337.50013558928,3.44415366508282
456.433798698236,296.770363087324,3.7198335122463
10.1778493909464,495.786705171594,3.80131386701892
560.264228725929,54.2951976603227,4.20024001555186
77.372896944587,376.347046687357,3.95836059451678
227.506515996502,416.518038103923,3.87928623499735
428.658545139041,9.02200087619681,3.40644739595868
360.107765902858,296.042791834811,2.95018326388406
604.535110449834,103.366829067847,4.21725754132035
391.357224180412,223.777144057991,4.1466930472242
561.492639892716,406.570864218709,4.74791916837024
144.283502587312,276.114954084832,4.47495276916391
200.319766534708,366.762670392392,3.98717574352938
123.323350996913,410.522106099828,3.44237998576557
624.842985144705,317.084053323111,4.55564717325325
2.98024258454821,146.2392127071,4.30716489543102
547.650127539279,200.666997376918,4.30645221088936
34.4351400370411,492.57217510686,3.04426181068839
279.802062939707,20.9412320831602,3.72443732017886
532.933522405266,394.002777687987,3.39384723698076
80.2782698900305,85.5389024798107,5.29072697618662
6.07227426426797,77.0360137881562,3.60596228087352
588.447044039519,227.896406461272,3.94670260729571
444.864294818488,458.044654431998,4.76232851440301
661.373898875289,373.117995851421,3.1023673879671
109.454696513567,488.35478287594,4.25017637303853
625.599922675626,90.1020275894079,4.07021040996345
421.797909172415,257.019486194893,3.66307826815617
11.3327935185834,180.641070154154,3.17054380255601
72.3588081310177,106.05375052284,4.57031915788886
612.376865726809,201.803008831712,3.88497552421241
252.819654597797,217.73658287052,3.95034250858906
570.860988542034,436.691265193099,4.03215584099381
301.796577706715,135.868546305117,3.75811224906079
531.993354999543,458.038875776143,3.41197465744893
44.4245513717983,430.803424754171,3.95919262559259
197.928011967137,294.145198489576,4.03039703531296
551.941725862198,262.509159242961,3.65132318240535
174.429462155718,23.7246499027419,4.27559036883039
510.58550354676,336.767306163679,4.5363758596488
47.498736226575,49.9560666322854,3.67320126448951
517.214345907248,149.370465258474,4.6117237686358
NA,NA,NA
662.870732876406,337.50013558928,3.44415366508282
456.433798698236,296.770363087324,3.7198335122463
10.1778493909464,495.786705171594,3.80131386701892
560.264228725929,54.2951976603227,4.20024001555186
77.372896944587,376.347046687357,3.95836059451678
227.506515996502,416.518038103923,3.87928623499735
428.658545139041,9.02200087619681,3.40644739595868
360.107765902858,296.042791834811,2.95018326388406
604.535110449834,103.366829067847,4.21725754132035
391.357224180412,223.777144057991,4.1466930472242
561.492639892716,406.570864218709,4.74791916837024
144.283502587312,276.114954084832,4.47495276916391
200.319766534708,366.762670392392,3.98717574352938
123.323350996913,410.522106099828,3.44237998576557
624.842985144705,317.084053323111,4.55564717325325
2.98024258454821,146.2392127071,4.30716489543102
547.650127539279,200.666997376918,4.30645221088936
34.4351400370411,492.57217510686,3.04426181068839
279.802062939707,20.9412320831602,3.72443732017886
532.933522405266,394.002777687987,3.39384723698076
80.2782698900305,85.5389024798107,5.29072697618662
6.07227426426797,77.0360137881562,3.60596228087352
588.447044039519,227.896406461272,3.94670260729571
444.864294818488,458.044654431998,4.76232851440301
661.373898875289,373.117995851421,3.1023673879671
109.454696513567,488.35478287594,4.25017637303853
625.599922675626,90.1020275894079,4.07021040996345
421.797909172415,257.019486194893,3.66307826815617
11.3327935185834,180.641070154154,3.17054380255601
72.3588081310177,106.05375052284,4.57031915788886
612.376865726809,201.803008831712,3.88497552421241
252.819654597797,217.73658287052,3.95034250858906
570.860988542034,436.691265193099,4.03215584099381
301.796577706715,135.868546305117,3.75811224906079
531.993354999543,458.038875776143,3.41197465744893
44.4245513717983,430.803424754171,3.95919262559259
197.928011967137,294.145198489576,4.03039703531296
551.941725862198,262.509159242961,3.65132318240535
174.429462155718,23.7246499027419,4.27559036883039
510.58550354676,336.767306163679,4.5363758596488
47.498736226575,49.9560666322854,3.67320126448951
517.214345907248,149.370465258474,4.6117237686358
NA,NA,NA
662.870732876406,337.50013558928,3.44415366508282
456.433798698236,296.770363087324,3.7198335122463
10.1778493909464,495.786705171594,3.80131386701892
560.264228725929,54.2951976603227,4.20024001555186
77.372896944587,376.347046687357,3.95836059451678
227.506515996502,416.518038103923,3.87928623499735
428.658545139041,9.02200087619681,3.40644739595868
360.107765902858,296.042791834811,2.95018326388406
604.535110449834,103.366829067847,4.21725754132035
391.357224180412,223.777144057991,4.1466930472242
561.492639892716,406.570864218709,4.74791916837024
144.283502587312,276.114954084832,4.47495276916391
200.319766534708,366.762670392392,3.98717574352938
123.323350996913,410.522106099828,3.44237998576557
624.842985144705,317.084053323111,4.55564717325325
2.98024258454821,146.2392127071,4.30716489543102
547.650127539279,200.666997376918,4.30645221088936
34.4351400370411,492.57217510686,3.04426181068839
279.802062939707,20.9412320831602,3.72443732017886
532.933522405266,394.002777687987,3.39384723698076
80.2782698900305,85.5389024798107,5.29072697618662
6.07227426426797,77.0360137881562,3.60596228087352
588.447044039519,227.896406461272,3.94670260729571
444.864294818488,458.044654431998,4.76232851440301
661.373898875289,373.117995851421,3.1023673879671
109.454696513567,488.35478287594,4.25017637303853
625.599922675626,90.1020275894079,4.07021040996345
421.797909172415,257.019486194893,3.66307826815617
11.3327935185834,180.641070154154,3.17054380255601
72.3588081310177,106.05375052284,4.57031915788886
612.376865726809,201.803008831712,3.88497552421241
252.819654597797,217.73658287052,3.95034250858906
570.860988542034,436.691265193099,4.03215584099381
301.796577706715,135.868546305117,3.75811224906079
531.993354999543,458.038875776143,3.41197465744893
44.4245513717983,430.803424754171,3.95919262559259
197.928011967137,294.145198489576,4.03039703531296
551.941725862198,262.509159242961,3.65132318240535
174.429462155718,23.7246499027419,4.27559036883039
510.58550354676,336.767306163679,4.5363758596488
47.498736226575,49.9560666322854,3.67320126448951
517.214345907248,149.370465258474,4.6117237686358
NA,NA,NA
662.870732876406,337.50013558928,3.44415366508282
456.433798698236,296.770363087324,3.7198335122463
10.1778493909464,495.786705171594,3.80131386701892
560.264228725929,54.2951976603227,4.20024001555186
77.372896944587,376.347046687357,3.95836059451678
227.506515996502,416.518038103923,3.87928623499735
428.658545139041,9.02200087619681,3.40644739595868
360.107765902858,296.042791834811,2.95018326388406
604.535110449834,103.366829067847,4.21725754132035
391.357224180412,223.777144057991,4.1466930472242
561.492639892716,406.570864218709,4.74791916837024
144.283502587312,276.114954084832,4.47495276916391
200.319766534708,366.762670392392,3.98717574352938
123.323350996913,410.522106099828,3.44237998576557
624.842985144705,317.084053323111,4.55564717325325
2.98024258454821,146.2392127071,4.30716489543102
547.650127539279,200.666997376918,4.30645221088936
34.4351400370411,492.57217510686,3.04426181068839
279.802062939707,20.9412320831602,3.72443732017886
532.933522405266,394.002777687987,3.39384723698076
80.2782698900305,85.5389024798107,5.29072697618662
6.07227426426797,77.0360137881562,3.60596228087352
588.447044039519,227.896406461272,3.94670260729571
444.864294818488,458.044654431998,4.76232851440301
661.373898875289,373.117995851421,3.1023673879671
109.454696513567,488.35478287594,4.25017637303853
625.599922675626,90.1020275894079,4.07021040996345
421.797909172415,257.019486194893,3.66307826815617
11.3327935185834,180.641070154154,3.17054380255601
72.3588081310177,106.05375052284,4.57031915788886
612.376865726809,201.803008831712,3.88497552421241
252.819654597797,217.73658287052,3.95034250858906
570.860988542034,436.691265193099,4.03215584099381
301.796577706715,135.868546305117,3.75811224906079
531.993354999543,458.038875776143,3.41197465744893
44.4245513717983,430.803424754171,3.95919262559259
197.928011967137,294.145198489576,4.03039703531296
551.941725862198,262.509159242961,3.65132318240535
174.429462155718,23.7246499027419,4.27559036883039
510.58550354676,336.767306163679,4.5363758596488
47.498736226575,49.9560666322854,3.67320126448951
517.214345907248,149.370465258474,4.6117237686358
NA,NA,NA
662.870732876406,337.50013558928,3.44415366508282
456.433798698236,296.770363087324,3.7198335122463
10.1778493909464,495.786705171594,3.80131386701892
560.264228725929,54.2951976603227,4.20024001555186
77.372896944587,376.347046687357,3.95836059451678
227.506515996502,416.518038103923,3.87928623499735
428.658545139041,9.02200087619681,3.40644739595868
360.107765902858,296.042791834811,2.95018326388406
604.535110449834,103.366829067847,4.21725754132035
391.357224180412,223.777144057991,4.1466930472242
561.492639892716,406.570864218709,4.74791916837024
144.283502587312,276.114954084832,4.47495276916391
200.319766534708,366.762670392392,3.98717574352938
123.323350996913,410.522106099828,3.44237998576557
624.842985144705,317.084053323111,4.55564717325325
2.98024258454821,146.2392127071,4.30716489543102
547.650127539279,200.666997376918,4.30645221088936
34.4351400370411,492.57217510686,3.04426181068839
279.802062939707,20.9412320831602,3.72443732017886
532.933522405266,394.002777687987,3.39384723698076
80.2782698900305,85.5389024798107,5.29072697618662
6.07227426426797,77.0360137881562,3.60596228087352
588.447044039519,227.896406461272,3.94670260729571
444.864294818488,458.044654431998,4.76232851440301
661.373898875289,373.117995851421,3.1023673879671
109.454696513567,488.35478287594,4.25017637303853
625.599922675626,90.1020275894079,4.07021040996345
421.797909172415,257.019486194893,3.66307826815617
11.3327935185834,180.641070154154,3.17054380255601
72.3588081310177,106.05375052284,4.57031915788886
612.376865726809,201.803008831712,3.88497552421241
252.819654597797,217.73658287052,3.95034250858906
570.860988542034,436.691265193099,4.03215584099381
301.796577706715,135.868546305117,3.75811224906079
531.993354999543,458.038875776143,3.41197465744893
44.4245513717983,430.803424754171,3.95919262559259
197.928011967137,294.145198489576,4.03039703531296
551.941725862198,262.509159242961,3.65132318240535
174.429462155718,23.7246499027419,4.27559036883039
510.58550354676,336.767306163679,4.5363758596488
47.498736226575,49.9560666322854,3.67320126448951
517.214345907248,149.370465258474,4.6117237686358
NA,NA,NA
662.870732876406,337.50013558928,3.44415366508282
456.433798698236,296.770363087324,3.7198335122463
10.1778493909464,495.786705171594,3.80131386701892
560.264228725929,54.2951976603227,4.20024001555186
77.372896944587,376.347046687357,3.95836059451678
227.506515996502,416.518038103923,3.87928623499735
428.658545139041,9.02200087619681,3.40644739595868
360.107765902858,296.042791834811,2.95018326388406
604.535110449834,103.366829067847,4.21725754132035
391.357224180412,223.777144057991,4.1466930472242
561.492639892716,406.570864218709,4.74791916837024
144.283502587312,276.114954084832,4.47495276916391
200.319766534708,366.762670392392,3.98717574352938
123.323350996913,410.522106099828,3.44237998576557
624.842985144705,317.084053323111,4.55564717325325
2.98024258454821,146.2392127071,4.30716489543102
547.650127539279,200.666997376918,4.30645221088936
34.4351400370411,492.57217510686,3.04426181068839
279.802062939707,20.9412320831602,3.72443732017886
532.933522405266,394.002777687987,3.39384723698076
80.2782698900305,85.5389024798107,5.29072697618662
6.07227426426797,77.0360137881562,3.60596228087352
588.447044039519,227.896406461272,3.94670260729571
444.864294818488,458.044654431998,4.76232851440301
661.373898875289,373.117995851421,3.1023673879671
109.454696513567,488.35478287594,4.25017637303853
625.599922675626,90.1020275894079,4.07021040996345
421.797909172415,257.019486194893,3.66307826815617
11.3327935185834,180.641070154154,3.17054380255601
72.3588081310177,106.05375052284,4.57031915788886
612.376865726809,201.803008831712,3.88497552421241
252.819654597797,217.73658287052,3.95034250858906
570.860988542034,436.691265193099,4.03215584099381
301.796577706715,135.868546305117,3.75811224906079
531.993354999543,458.038875776143,3.41197465744893
44.4245513717983,430.803424754171,3.95919262559259
197.928011967137,294.145198489576,4.03039703531296
551.941725862198,262.509159242961,3.65132318240535
174.429462155718,23.7246499027419,4.27559036883039
510.58550354676,336.767306163679,4.5363758596488
47.498736226575,49.9560666322854,3.67320126448951
517.214345907248,149.370465258474,4.6117237686358
NA,NA,NA
660.566955689693,333.898887481153,3.48720541661752
454.37716701917,299.678202518627,3.6512894825407
12.0705519211152,495.113161147822,3.5876235892923
559.516226827573,49.7087968032446,4.13985916187743
67.8789308975178,381.476759230597,4.00183674772033
226.635633897614,414.585429120443,3.9639159550903
427.217152196942,12.8034028326565,3.4424454109215
360.029228331839,293.283064298969,3.10400245266685
601.870586810111,101.269663221439,4.14683505322783
395.057437479747,230.218922524733,4.1363288317882
566.089669500624,406.225261042789,4.77024845623711
141.401290338107,284.551343984144,4.42296343556881
200.956455623847,370.143151614648,4.04098419419585
123.290231156077,411.621654429834,3.44449318533944
627.169631774418,313.469791820334,4.53912870998142
0.321277599206885,148.520315745338,4.30415686768876
535.800471899683,203.345621365288,4.11108083377621
32.9567885771581,489.313466344724,3.05587891044203
279.365813728611,24.0359039828582,3.89224506192627
533.401459040384,393.400001319509,3.48167694642617
78.7265036229785,74.963965750811,5.25274880817155
6.14279666213344,76.5146202020443,3.34004240775284
586.838339559275,220.282803956034,3.966803710656
439.813812472532,459.48515115637,4.72004539347208
659.397210697886,371.843966097032,2.98481743643574
105.405054422987,484.339112811821,4.4268697653727
624.748508050704,84.8315560528876,4.06940719514454
420.812782667208,257.446977360895,3.5645159253364
10.0209056822207,181.021431774816,3.28684008201866
67.3641826753449,112.348859742786,4.38345190978299
615.971324069749,190.635790152262,3.89097300038026
254.472777580642,215.089223983283,3.97981706406265
581.091167916551,433.385593042918,3.69687939695108
300.362278578912,140.380635045452,3.86120522446406
531.588510892659,455.777723633286,3.73784164312445
42.2677171872571,419.080507813344,3.86537489110642
202.1618345487,297.665510680017,4.20260548434436
544.653869989747,260.772225859116,3.43085822912656
180.703839870281,30.0857042132386,4.20970985373618
491.382898798417,353.653996090339,4.44085496636218
47.7415891564738,47.9323613544429,3.66768005178792
541.222200338362,152.827063513334,4.85561978587573
NA,NA,NA
660.566955689693,333.898887481153,3.48720541661752
454.37716701917,299.678202518627,3.6512894825407
12.0705519211152,495.113161147822,3.5876235892923
559.516226827573,49.7087968032446,4.13985916187743
67.8789308975178,381.476759230597,4.00183674772033
226.635633897614,414.585429120443,3.9639159550903
427.217152196942,12.8034028326565,3.4424454109215
360.029228331839,293.283064298969,3.10400245266685
601.870586810111,101.269663221439,4.14683505322783
395.057437479747,230.218922524733,4.1363288317882
566.089669500624,406.225261042789,4.77024845623711
141.401290338107,284.551343984144,4.42296343556881
200.956455623847,370.143151614648,4.04098419419585
123.290231156077,411.621654429834,3.44449318533944
627.169631774418,313.469791820334,4.53912870998142
0.321277599206885,148.520315745338,4.30415686768876
535.800471899683,203.345621365288,4.11108083377621
32.9567885771581,489.313466344724,3.05587891044203
279.365813728611,24.0359039828582,3.89224506192627
533.401459040384,393.400001319509,3.48167694642617
78.7265036229785,74.963965750811,5.25274880817155
6.14279666213344,76.5146202020443,3.34004240775284
586.838339559275,220.282803956034,3.966803710656
439.813812472532,459.48515115637,4.72004539347208
659.397210697886,371.843966097032,2.98481743643574
105.405054422987,484.339112811821,4.4268697653727
624.748508050704,84.8315560528876,4.06940719514454
420.812782667208,257.446977360895,3.5645159253364
10.0209056822207,181.021431774816,3.28684008201866
67.3641826753449,112.348859742786,4.38345190978299
615.971324069749,190.635790152262,3.89097300038026
254.472777580642,215.089223983283,3.97981706406265
581.091167916551,433.385593042918,3.69687939695108
300.362278578912,140.380635045452,3.86120522446406
531.588510892659,455.777723633286,3.73784164312445
42.2677171872571,419.080507813344,3.86537489110642
202.1618345487,297.665510680017,4.20260548434436
544.653869989747,260.772225859116,3.43085822912656
180.703839870281,30.0857042132386,4.20970985373618
491.382898798417,353.653996090339,4.44085496636218
47.7415891564738,47.9323613544429,3.66768005178792
541.222200338362,152.827063513334,4.85561978587573
NA,NA,NA
660.566955689693,333.898887481153,3.48720541661752
454.37716701917,299.678202518627,3.6512894825407
12.0705519211152,495.113161147822,3.5876235892923
559.516226827573,49.7087968032446,4.13985916187743
67.8789308975178,381.476759230597,4.00183674772033
226.635633897614,414.585429120443,3.9639159550903
427.217152196942,12.8034028326565,3.4424454109215
360.029228331839,293.283064298969,3.10400245266685
601.870586810111,101.269663221439,4.14683505322783
395.057437479747,230.218922524733,4.1363288317882
566.089669500624,406.225261042789,4.77024845623711
141.401290338107,284.551343984144,4.42296343556881
200.956455623847,370.143151614648,4.04098419419585
123.290231156077,411.621654429834,3.44449318533944
627.169631774418,313.469791820334,4.53912870998142
0.321277599206885,148.520315745338,4.30415686768876
535.800471899683,203.345621365288,4.11108083377621
32.9567885771581,489.313466344724,3.05587891044203
279.365813728611,24.0359039828582,3.89224506192627
533.401459040384,393.400001319509,3.48167694642617
78.7265036229785,74.963965750811,5.25274880817155
6.14279666213344,76.5146202020443,3.34004240775284
586.838339559275,220.282803956034,3.966803710656
439.813812472532,459.48515115637,4.72004539347208
659.397210697886,371.843966097032,2.98481743643574
105.405054422987,484.339112811821,4.4268697653727
624.748508050704,84.8315560528876,4.06940719514454
420.812782667208,257.446977360895,3.5645159253364
10.0209056822207,181.021431774816,3.28684008201866
67.3641826753449,112.348859742786,4.38345190978299
615.971324069749,190.635790152262,3.89097300038026
254.472777580642,215.089223983283,3.97981706406265
581.091167916551,433.385593042918,3.69687939695108
300.362278578912,140.380635045452,3.86120522446406
531.588510892659,455.777723633286,3.73784164312445
42.2677171872571,419.080507813344,3.86537489110642
202.1618345487,297.665510680017,4.20260548434436
544.653869989747,260.772225859116,3.43085822912656
180.703839870281,30.0857042132386,4.20970985373618
491.382898798417,353.653996090339,4.44085496636218
47.7415891564738,47.9323613544429,3.66768005178792
541.222200338362,152.827063513334,4.85561978587573
NA,NA,NA
660.566955689693,333.898887481153,3.48720541661752
454.37716701917,299.678202518627,3.6512894825407
12.0705519211152,495.113161147822,3.5876235892923
559.516226827573,49.7087968032446,4.13985916187743
67.8789308975178,381.476759230597,4.00183674772033
226.635633897614,414.585429120443,3.9639159550903
427.217152196942,12.8034028326565,3.4424454109215
360.029228331839,293.283064298969,3.10400245266685
601.870586810111,101.269663221439,4.14683505322783
395.057437479747,230.218922524733,4.1363288317882
566.089669500624,406.225261042789,4.77024845623711
141.401290338107,284.551343984144,4.42296343556881
200.956455623847,370.143151614648,4.04098419419585
123.290231156077,411.621654429834,3.44449318533944
627.169631774418,313.469791820334,4.53912870998142
0.321277599206885,148.520315745338,4.30415686768876
535.800471899683,203.345621365288,4.11108083377621
32.9567885771581,489.313466344724,3.05587891044203
279.365813728611,24.0359039828582,3.89224506192627
533.401459040384,393.400001319509,3.48167694642617
78.7265036229785,74.963965750811,5.25274880817155
6.14279666213344,76.5146202020443,3.34004240775284
586.838339559275,220.282803956034,3.966803710656
439.813812472532,459.48515115637,4.72004539347208
659.397210697886,371.843966097032,2.98481743643574
105.405054422987,484.339112811821,4.4268697653727
624.748508050704,84.8315560528876,4.06940719514454
420.812782667208,257.446977360895,3.5645159253364
10.0209056822207,181.021431774816,3.28684008201866
67.3641826753449,112.348859742786,4.38345190978299
615.971324069749,190.635790152262,3.89097300038026
254.472777580642,215.089223983283,3.97981706406265
581.091167916551,433.385593042918,3.69687939695108
300.362278578912,140.380635045452,3.86120522446406
531.588510892659,455.777723633286,3.73784164312445
42.2677171872571,419.080507813344,3.86537489110642
202.1618345487,297.665510680017,4.20260548434436
544.653869989747,260.772225859116,3.43085822912656
180.703839870281,30.0857042132386,4.20970985373618
491.382898798417,353.653996090339,4.44085496636218
47.7415891564738,47.9323613544429,3.66768005178792
541.222200338362,152.827063513334,4.85561978587573
NA,NA,NA
660.566955689693,333.898887481153,3.48720541661752
454.37716701917,299.678202518627,3.6512894825407
12.0705519211152,495.113161147822,3.5876235892923
559.516226827573,49.7087968032446,4.13985916187743
67.8789308975178,381.476759230597,4.00183674772033
226.635633897614,414.585429120443,3.9639159550903
427.217152196942,12.8034028326565,3.4424454109215
360.029228331839,293.283064298969,3.10400245266685
601.870586810111,101.269663221439,4.14683505322783
395.057437479747,230.218922524733,4.1363288317882
566.089669500624,406.225261042789,4.77024845623711
141.401290338107,284.551343984144,4.42296343556881
200.956455623847,370.143151614648,4.04098419419585
123.290231156077,411.621654429834,3.44449318533944
627.169631774418,313.469791820334,4.53912870998142
0.321277599206885,148.520315745338,4.30415686768876
535.800471899683,203.345621365288,4.11108083377621
32.9567885771581,489.313466344724,3.05587891044203
279.365813728611,24.0359039828582,3.89224506192627
533.401459040384,393.400001319509,3.48167694642617
78.7265036229785,74.963965750811,5.25274880817155
6.14279666213344,76.5146202020443,3.34004240775284
586.838339559275,220.282803956034,3.966803710656
439.813812472532,459.48515115637,4.72004539347208
659.397210697886,371.843966097032,2.98481743643574
105.405054422987,484.339112811821,4.4268697653727
624.748508050704,84.8315560528876,4.06940719514454
420.812782667208,257.446977360895,3.5645159253364
10.0209056822207,181.021431774816,3.28684008201866
67.3641826753449,112.348859742786,4.38345190978299
615.971324069749,190.635790152262,3.89097300038026
254.472777580642,215.089223983283,3.97981706406265
581.091167916551,433.385593042918,3.69687939695108
300.362278578912,140.380635045452,3.86120522446406
531.588510892659,455.777723633286,3.73784164312445
42.2677171872571,419.080507813344,3.86537489110642
202.1618345487,297.665510680017,4.20260548434436
544.653869989747,260.772225859116,3.43085822912656
180.703839870281,30.0857042132386,4.20970985373618
491.382898798417,353.653996090339,4.44085496636218
47.7415891564738,47.9323613544429,3.66768005178792
541.222200338362,152.827063513334,4.85561978587573
NA,NA,NA
660.566955689693,333.898887481153,3.48720541661752
454.37716701917,299.678202518627,3.6512894825407
12.0705519211152,495.113161147822,3.5876235892923
559.516226827573,49.7087968032446,4.13985916187743
67.8789308975178,381.476759230597,4.00183674772033
226.635633897614,414.585429120443,3.9639159550903
427.217152196942,12.8034028326565,3.4424454109215
360.029228331839,293.283064298969,3.10400245266685
601.870586810111,101.269663221439,4.14683505322783
395.057437479747,230.218922524733,4.1363288317882
566.089669500624,406.225261042789,4.77024845623711
141.401290338107,284.551343984144,4.42296343556881
200.956455623847,370.143151614648,4.04098419419585
123.290231156077,411.621654429834,3.44449318533944
627.169631774418,313.469791820334,4.53912870998142
0.321277599206885,148.520315745338,4.30415686768876
535.800471899683,203.345621365288,4.11108083377621
32.9567885771581,489.313466344724,3.05587891044203
279.365813728611,24.0359039828582,3.89224506192627
533.401459040384,393.400001319509,3.48167694642617
78.7265036229785,74.963965750811,5.25274880817155
6.14279666213344,76.5146202020443,3.34004240775284
586.838339559275,220.282803956034,3.966803710656
439.813812472532,459.48515115637,4.72004539347208
659.397210697886,371.843966097032,2.98481743643574
105.405054422987,484.339112811821,4.4268697653727
624.748508050704,84.8315560528876,4.06940719514454
420.812782667208,257.446977360895,3.5645159253364
10.0209056822207,181.021431774816,3.28684008201866
67.3641826753449,112.348859742786,4.38345190978299
615.971324069749,190.635790152262,3.89097300038026
254.472777580642,215.089223983283,3.97981706406265
581.091167916551,433.385593042918,3.69687939695108
300.362278578912,140.380635045452,3.86120522446406
531.588510892659,455.777723633286,3.73784164312445
42.2677171872571,419.080507813344,3.86537489110642
202.1618345487,297.665510680017,4.20260548434436
544.653869989747,260.772225859116,3.43085822912656
180.703839870281,30.0857042132386,4.20970985373618
491.382898798417,353.653996090339,4.44085496636218
47.7415891564738,47.9323613544429,3.66768005178792
541.222200338362,152.827063513334,4.85561978587573
NA,NA,NA
659.186079272909,334.903837568666,3.60012600193348
453.067633639903,298.226892472622,3.8131196695594
8.17326316245446,497.020723594735,3.63723515858647
563.475225475898,48.9318369073226,4.36613921315757
68.7737866580746,375.899895207326,3.95756546575182
226.035692934602,416.065936859629,3.79139204683809
429.227948119445,10.1235868531053,3.33281813074447
361.292817617087,293.557968365531,3.17044416435029
608.055877193973,108.619484154304,4.07685478955632
392.830131215065,229.206912807996,4.23155886048801
564.512499604586,403.243701365253,4.72749267197473
140.664775337539,282.291424418411,4.56049759452751
196.363443624238,364.464136087848,4.09853214520785
126.637703338811,413.363575393401,3.52597888720412
628.671216646233,313.041486795241,4.62889970558469
4.13770303808514,144.301927164513,4.30492465362949
544.347759023315,206.419069318546,4.24315021232931
33.8522455534306,491.967378182842,3.10873913651544
279.634857740949,20.9898405780607,3.83542009497383
536.705011944888,392.749989073081,3.36793143566508
74.9929777513979,72.9978090028331,5.24812761368793
1.85952080656354,78.3136449112029,3.54185850380159
586.997783850383,227.110830835052,4.11265468860195
433.386374124466,459.325619507131,4.7875992195983
659.874133750765,372.529982124618,3.14767099762015
103.127738534394,487.495157059367,4.3298051453381
622.365145303855,90.2762613015182,4.04525567143955
420.044750015527,261.256421623482,3.67614651032371
12.7286968046012,181.741959391876,3.19123978899982
54.0092972310431,109.685820718373,4.37706349561782
608.64087120337,200.682842431486,3.88571425495698
263.668235354283,215.643040090779,3.98886950448271
582.271971578577,432.728851078989,3.83026436050425
303.743918548353,136.947712384302,3.92641319954115
525.469757990427,451.750098894511,3.63341345106894
52.0533775506937,410.165303794139,3.85859079248808
209.54187977827,291.112522412161,3.75113051794533
557.177939246799,269.823759372764,4.20530964383922
159.569538740538,30.06368973049,4.37326815756545
487.804797035206,333.574707970596,4.44667500269708
46.2093959129658,49.6267089271111,3.67880630694667
539.601831581357,132.030045246538,5.04370163014369
NA,NA,NA
659.186079272909,334.903837568666,3.60012600193348
453.067633639903,298.226892472622,3.8131196695594
8.17326316245446,497.020723594735,3.63723515858647
563.475225475898,48.9318369073226,4.36613921315757
68.7737866580746,375.899895207326,3.95756546575182
226.035692934602,416.065936859629,3.79139204683809
429.227948119445,10.1235868531053,3.33281813074447
361.292817617087,293.557968365531,3.17044416435029
608.055877193973,108.619484154304,4.07685478955632
392.830131215065,229.206912807996,4.23155886048801
564.512499604586,403.243701365253,4.72749267197473
140.664775337539,282.291424418411,4.56049759452751
196.363443624238,364.464136087848,4.09853214520785
126.637703338811,413.363575393401,3.52597888720412
628.671216646233,313.041486795241,4.62889970558469
4.13770303808514,144.301927164513,4.30492465362949
544.347759023315,206.419069318546,4.24315021232931
33.8522455534306,491.967378182842,3.10873913651544
279.634857740949,20.9898405780607,3.83542009497383
536.705011944888,392.749989073081,3.36793143566508
74.9929777513979,72.9978090028331,5.24812761368793
1.85952080656354,78.3136449112029,3.54185850380159
586.997783850383,227.110830835052,4.11265468860195
433.386374124466,459.325619507131,4.7875992195983
659.874133750765,372.529982124618,3.14767099762015
103.127738534394,487.495157059367,4.3298051453381
622.365145303855,90.2762613015182,4.04525567143955
420.044750015527,261.256421623482,3.67614651032371
12.7286968046012,181.741959391876,3.19123978899982
54.0092972310431,109.685820718373,4.37706349561782
608.64087120337,200.682842431486,3.88571425495698
263.668235354283,215.643040090779,3.98886950448271
582.271971578577,432.728851078989,3.83026436050425
303.743918548353,136.947712384302,3.92641319954115
525.469757990427,451.750098894511,3.63341345106894
52.0533775506937,410.165303794139,3.85859079248808
209.54187977827,291.112522412161,3.75113051794533
557.177939246799,269.823759372764,4.20530964383922
159.569538740538,30.06368973049,4.37326815756545
487.804797035206,333.574707970596,4.44667500269708
46.2093959129658,49.6267089271111,3.67880630694667
539.601831581357,132.030045246538,5.04370163014369
NA,NA,NA
659.186079272909,334.903837568666,3.60012600193348
453.067633639903,298.226892472622,3.8131196695594
8.17326316245446,497.020723594735,3.63723515858647
563.475225475898,48.9318369073226,4.36613921315757
68.7737866580746,375.899895207326,3.95756546575182
226.035692934602,416.065936859629,3.79139204683809
429.227948119445,10.1235868531053,3.33281813074447
361.292817617087,293.557968365531,3.17044416435029
608.055877193973,108.619484154304,4.07685478955632
392.830131215065,229.206912807996,4.23155886048801
564.512499604586,403.243701365253,4.72749267197473
140.664775337539,282.291424418411,4.56049759452751
196.363443624238,364.464136087848,4.09853214520785
126.637703338811,413.363575393401,3.52597888720412
628.671216646233,313.041486795241,4.62889970558469
4.13770303808514,144.301927164513,4.30492465362949
544.347759023315,206.419069318546,4.24315021232931
33.8522455534306,491.967378182842,3.10873913651544
279.634857740949,20.9898405780607,3.83542009497383
536.705011944888,392.749989073081,3.36793143566508
74.9929777513979,72.9978090028331,5.24812761368793
1.85952080656354,78.3136449112029,3.54185850380159
586.997783850383,227.110830835052,4.11265468860195
433.386374124466,459.325619507131,4.7875992195983
659.874133750765,372.529982124618,3.14767099762015
103.127738534394,487.495157059367,4.3298051453381
622.365145303855,90.2762613015182,4.04525567143955
420.044750015527,261.256421623482,3.67614651032371
12.7286968046012,181.741959391876,3.19123978899982
54.0092972310431,109.685820718373,4.37706349561782
608.64087120337,200.682842431486,3.88571425495698
263.668235354283,215.643040090779,3.98886950448271
582.271971578577,432.728851078989,3.83026436050425
303.743918548353,136.947712384302,3.92641319954115
525.469757990427,451.750098894511,3.63341345106894
52.0533775506937,410.165303794139,3.85859079248808
209.54187977827,291.112522412161,3.75113051794533
557.177939246799,269.823759372764,4.20530964383922
159.569538740538,30.06368973049,4.37326815756545
487.804797035206,333.574707970596,4.44667500269708
46.2093959129658,49.6267089271111,3.67880630694667
539.601831581357,132.030045246538,5.04370163014369
NA,NA,NA
659.186079272909,334.903837568666,3.60012600193348
453.067633639903,298.226892472622,3.8131196695594
8.17326316245446,497.020723594735,3.63723515858647
563.475225475898,48.9318369073226,4.36613921315757
68.7737866580746,375.899895207326,3.95756546575182
226.035692934602,416.065936859629,3.79139204683809
429.227948119445,10.1235868531053,3.33281813074447
361.292817617087,293.557968365531,3.17044416435029
608.055877193973,108.619484154304,4.07685478955632
392.830131215065,229.206912807996,4.23155886048801
564.512499604586,403.243701365253,4.72749267197473
140.664775337539,282.291424418411,4.56049759452751
196.363443624238,364.464136087848,4.09853214520785
126.637703338811,413.363575393401,3.52597888720412
628.671216646233,313.041486795241,4.62889970558469
4.13770303808514,144.301927164513,4.30492465362949
544.347759023315,206.419069318546,4.24315021232931
33.8522455534306,491.967378182842,3.10873913651544
279.634857740949,20.9898405780607,3.83542009497383
536.705011944888,392.749989073081,3.36793143566508
74.9929777513979,72.9978090028331,5.24812761368793
1.85952080656354,78.3136449112029,3.54185850380159
586.997783850383,227.110830835052,4.11265468860195
433.386374124466,459.325619507131,4.7875992195983
659.874133750765,372.529982124618,3.14767099762015
103.127738534394,487.495157059367,4.3298051453381
622.365145303855,90.2762613015182,4.04525567143955
420.044750015527,261.256421623482,3.67614651032371
12.7286968046012,181.741959391876,3.19123978899982
54.0092972310431,109.685820718373,4.37706349561782
608.64087120337,200.682842431486,3.88571425495698
263.668235354283,215.643040090779,3.98886950448271
582.271971578577,432.728851078989,3.83026436050425
303.743918548353,136.947712384302,3.92641319954115
525.469757990427,451.750098894511,3.63341345106894
52.0533775506937,410.165303794139,3.85859079248808
209.54187977827,291.112522412161,3.75113051794533
557.177939246799,269.823759372764,4.20530964383922
159.569538740538,30.06368973049,4.37326815756545
487.804797035206,333.574707970596,4.44667500269708
46.2093959129658,49.6267089271111,3.67880630694667
539.601831581357,132.030045246538,5.04370163014369
NA,NA,NA
659.186079272909,334.903837568666,3.60012600193348
453.067633639903,298.226892472622,3.8131196695594
8.17326316245446,497.020723594735,3.63723515858647
563.475225475898,48.9318369073226,4.36613921315757
68.7737866580746,375.899895207326,3.95756546575182
226.035692934602,416.065936859629,3.79139204683809
429.227948119445,10.1235868531053,3.33281813074447
361.292817617087,293.557968365531,3.17044416435029
608.055877193973,108.619484154304,4.07685478955632
392.830131215065,229.206912807996,4.23155886048801
564.512499604586,403.243701365253,4.72749267197473
140.664775337539,282.291424418411,4.56049759452751
196.363443624238,364.464136087848,4.09853214520785
126.637703338811,413.363575393401,3.52597888720412
628.671216646233,313.041486795241,4.62889970558469
4.13770303808514,144.301927164513,4.30492465362949
544.347759023315,206.419069318546,4.24315021232931
33.8522455534306,491.967378182842,3.10873913651544
279.634857740949,20.9898405780607,3.83542009497383
536.705011944888,392.749989073081,3.36793143566508
74.9929777513979,72.9978090028331,5.24812761368793
1.85952080656354,78.3136449112029,3.54185850380159
586.997783850383,227.110830835052,4.11265468860195
433.386374124466,459.325619507131,4.7875992195983
659.874133750765,372.529982124618,3.14767099762015
103.127738534394,487.495157059367,4.3298051453381
622.365145303855,90.2762613015182,4.04525567143955
420.044750015527,261.256421623482,3.67614651032371
12.7286968046012,181.741959391876,3.19123978899982
54.0092972310431,109.685820718373,4.37706349561782
608.64087120337,200.682842431486,3.88571425495698
263.668235354283,215.643040090779,3.98886950448271
582.271971578577,432.728851078989,3.83026436050425
303.743918548353,136.947712384302,3.92641319954115
525.469757990427,451.750098894511,3.63341345106894
52.0533775506937,410.165303794139,3.85859079248808
209.54187977827,291.112522412161,3.75113051794533
557.177939246799,269.823759372764,4.20530964383922
159.569538740538,30.06368973049,4.37326815756545
487.804797035206,333.574707970596,4.44667500269708
46.2093959129658,49.6267089271111,3.67880630694667
539.601831581357,132.030045246538,5.04370163014369
NA,NA,NA
659.186079272909,334.903837568666,3.60012600193348
453.067633639903,298.226892472622,3.8131196695594
8.17326316245446,497.020723594735,3.63723515858647
563.475225475898,48.9318369073226,4.36613921315757
68.7737866580746,375.899895207326,3.95756546575182
226.035692934602,416.065936859629,3.79139204683809
429.227948119445,10.1235868531053,3.33281813074447
361.292817617087,293.557968365531,3.17044416435029
608.055877193973,108.619484154304,4.07685478955632
392.830131215065,229.206912807996,4.23155886048801
564.512499604586,403.243701365253,4.72749267197473
140.664775337539,282.291424418411,4.56049759452751
196.363443624238,364.464136087848,4.09853214520785
126.637703338811,413.363575393401,3.52597888720412
628.671216646233,313.041486795241,4.62889970558469
4.13770303808514,144.301927164513,4.30492465362949
544.347759023315,206.419069318546,4.24315021232931
33.8522455534306,491.967378182842,3.10873913651544
279.634857740949,20.9898405780607,3.83542009497383
536.705011944888,392.749989073081,3.36793143566508
74.9929777513979,72.9978090028331,5.24812761368793
1.85952080656354,78.3136449112029,3.54185850380159
586.997783850383,227.110830835052,4.11265468860195
433.386374124466,459.325619507131,4.7875992195983
659.874133750765,372.529982124618,3.14767099762015
103.127738534394,487.495157059367,4.3298051453381
622.365145303855,90.2762613015182,4.04525567143955
420.044750015527,261.256421623482,3.67614651032371
12.7286968046012,181.741959391876,3.19123978899982
54.0092972310431,109.685820718373,4.37706349561782
608.64087120337,200.682842431486,3.88571425495698
263.668235354283,215.643040090779,3.98886950448271
582.271971578577,432.728851078989,3.83026436050425
303.743918548353,136.947712384302,3.92641319954115
525.469757990427,451.750098894511,3.63341345106894
52.0533775506937,410.165303794139,3.85859079248808
209.54187977827,291.112522412161,3.75113051794533
557.177939246799,269.823759372764,4.20530964383922
159.569538740538,30.06368973049,4.37326815756545
487.804797035206,333.574707970596,4.44667500269708
46.2093959129658,49.6267089271111,3.67880630694667
539.601831581357,132.030045246538,5.04370163014369
NA,NA,NA
658.867481375707,331.614419581838,3.47001489219527
458.41396835451,299.853864440742,3.87453642758726
5.93589722307276,490.972453923204,3.60528348829349
562.19954057565,50.9677259740009,4.1291578453046
72.2425799093705,373.827660861885,3.99296102518282
226.473812803953,410.300567856139,3.87795580932307
429.995232941709,13.0634474762517,3.17383754175532
360.572791269425,290.427385299958,2.91225525114077
604.822890471671,104.89941147533,4.25460967729075
399.454525740234,233.774246131183,4.06097179041417
564.352985185513,414.82304131755,4.7174816698327
143.248281067528,285.299102947871,4.53873452240841
199.334141970209,374.47462258255,3.99759519949092
121.48309003347,410.887664012384,3.35221971412287
631.716850092002,313.290651650049,4.73203375629205
2.44466404954843,147.521252012155,4.25125126831171
545.846864313914,200.885186829278,4.10910933811696
33.5637010537838,493.605714104436,2.8738036192488
280.179381753282,20.6907371833448,3.91625146724635
536.895559414705,391.359691660744,3.31768878747801
73.1759620020757,71.8644802832087,5.18642272027013
4.41383593397953,77.0891549169205,3.46631157717208
587.508673120228,227.030488807929,3.92361709356141
436.985250469813,453.927225559278,4.84192476187787
660.511219029265,371.512415422601,2.99072225571331
102.883304553163,487.019993726321,4.43522298160002
622.786884054793,90.5206757718732,4.10584043242045
420.142013670981,256.224353142044,3.62411272519854
10.3375181775815,182.236673724376,3.24427596934299
65.4994705855628,121.908958595456,4.4189891162469
615.719401642314,191.9162361768,4.16767289270128
256.073598948758,214.518189258321,3.87410675866176
572.104257255743,428.371692074572,3.9554179799639
293.101201206088,138.3817859733,3.97087645712107
533.650054199151,456.729902256466,3.62127822821045
42.2319886800182,422.87441536314,4.13835723557855
203.70231074998,291.407656633657,4.06391046833951
544.483344009083,264.081592917795,3.97212998443129
179.537559478223,34.6565119380531,4.16854026727711
503.784183133662,344.722220445073,4.3817169108282
34.60686661416,60.954508511209,3.57773962908922
538.904245079071,127.405907226225,4.44108190739349
NA,NA,NA
658.867481375707,331.614419581838,3.47001489219527
458.41396835451,299.853864440742,3.87453642758726
5.93589722307276,490.972453923204,3.60528348829349
562.19954057565,50.9677259740009,4.1291578453046
72.2425799093705,373.827660861885,3.99296102518282
226.473812803953,410.300567856139,3.87795580932307
429.995232941709,13.0634474762517,3.17383754175532
360.572791269425,290.427385299958,2.91225525114077
604.822890471671,104.89941147533,4.25460967729075
399.454525740234,233.774246131183,4.06097179041417
564.352985185513,414.82304131755,4.7174816698327
143.248281067528,285.299102947871,4.53873452240841
199.334141970209,374.47462258255,3.99759519949092
121.48309003347,410.887664012384,3.35221971412287
631.716850092002,313.290651650049,4.73203375629205
2.44466404954843,147.521252012155,4.25125126831171
545.846864313914,200.885186829278,4.10910933811696
33.5637010537838,493.605714104436,2.8738036192488
280.179381753282,20.6907371833448,3.91625146724635
536.895559414705,391.359691660744,3.31768878747801
73.1759620020757,71.8644802832087,5.18642272027013
4.41383593397953,77.0891549169205,3.46631157717208
587.508673120228,227.030488807929,3.92361709356141
436.985250469813,453.927225559278,4.84192476187787
660.511219029265,371.512415422601,2.99072225571331
102.883304553163,487.019993726321,4.43522298160002
622.786884054793,90.5206757718732,4.10584043242045
420.142013670981,256.224353142044,3.62411272519854
10.3375181775815,182.236673724376,3.24427596934299
65.4994705855628,121.908958595456,4.4189891162469
615.719401642314,191.9162361768,4.16767289270128
256.073598948758,214.518189258321,3.87410675866176
572.104257255743,428.371692074572,3.9554179799639
293.101201206088,138.3817859733,3.97087645712107
533.650054199151,456.729902256466,3.62127822821045
42.2319886800182,422.87441536314,4.13835723557855
203.70231074998,291.407656633657,4.06391046833951
544.483344009083,264.081592917795,3.97212998443129
179.537559478223,34.6565119380531,4.16854026727711
503.784183133662,344.722220445073,4.3817169108282
34.60686661416,60.954508511209,3.57773962908922
538.904245079071,127.405907226225,4.44108190739349
NA,NA,NA
658.867481375707,331.614419581838,3.47001489219527
458.41396835451,299.853864440742,3.87453642758726
5.93589722307276,490.972453923204,3.60528348829349
562.19954057565,50.9677259740009,4.1291578453046
72.2425799093705,373.827660861885,3.99296102518282
226.473812803953,410.300567856139,3.87795580932307
429.995232941709,13.0634474762517,3.17383754175532
360.572791269425,290.427385299958,2.91225525114077
604.822890471671,104.89941147533,4.25460967729075
399.454525740234,233.774246131183,4.06097179041417
564.352985185513,414.82304131755,4.7174816698327
143.248281067528,285.299102947871,4.53873452240841
199.334141970209,374.47462258255,3.99759519949092
121.48309003347,410.887664012384,3.35221971412287
631.716850092002,313.290651650049,4.73203375629205
2.44466404954843,147.521252012155,4.25125126831171
545.846864313914,200.885186829278,4.10910933811696
33.5637010537838,493.605714104436,2.8738036192488
280.179381753282,20.6907371833448,3.91625146724635
536.895559414705,391.359691660744,3.31768878747801
73.1759620020757,71.8644802832087,5.18642272027013
4.41383593397953,77.0891549169205,3.46631157717208
587.508673120228,227.030488807929,3.92361709356141
436.985250469813,453.927225559278,4.84192476187787
660.511219029265,371.512415422601,2.99072225571331
102.883304553163,487.019993726321,4.43522298160002
622.786884054793,90.5206757718732,4.10584043242045
420.142013670981,256.224353142044,3.62411272519854
10.3375181775815,182.236673724376,3.24427596934299
65.4994705855628,121.908958595456,4.4189891162469
615.719401642314,191.9162361768,4.16767289270128
256.073598948758,214.518189258321,3.87410675866176
572.104257255743,428.371692074572,3.9554179799639
293.101201206088,138.3817859733,3.97087645712107
533.650054199151,456.729902256466,3.62127822821045
42.2319886800182,422.87441536314,4.13835723557855
203.70231074998,291.407656633657,4.06391046833951
544.483344009083,264.081592917795,3.97212998443129
179.537559478223,34.6565119380531,4.16854026727711
503.784183133662,344.722220445073,4.3817169108282
34.60686661416,60.954508511209,3.57773962908922
538.904245079071,127.405907226225,4.44108190739349
NA,NA,NA
658.867481375707,331.614419581838,3.47001489219527
458.41396835451,299.853864440742,3.87453642758726
5.93589722307276,490.972453923204,3.60528348829349
562.19954057565,50.9677259740009,4.1291578453046
72.2425799093705,373.827660861885,3.99296102518282
226.473812803953,410.300567856139,3.87795580932307
429.995232941709,13.0634474762517,3.17383754175532
360.572791269425,290.427385299958,2.91225525114077
604.822890471671,104.89941147533,4.25460967729075
399.454525740234,233.774246131183,4.06097179041417
564.352985185513,414.82304131755,4.7174816698327
143.248281067528,285.299102947871,4.53873452240841
199.334141970209,374.47462258255,3.99759519949092
121.48309003347,410.887664012384,3.35221971412287
631.716850092002,313.290651650049,4.73203375629205
2.44466404954843,147.521252012155,4.25125126831171
545.846864313914,200.885186829278,4.10910933811696
33.5637010537838,493.605714104436,2.8738036192488
280.179381753282,20.6907371833448,3.91625146724635
536.895559414705,391.359691660744,3.31768878747801
73.1759620020757,71.8644802832087,5.18642272027013
4.41383593397953,77.0891549169205,3.46631157717208
587.508673120228,227.030488807929,3.92361709356141
436.985250469813,453.927225559278,4.84192476187787
660.511219029265,371.512415422601,2.99072225571331
102.883304553163,487.019993726321,4.43522298160002
622.786884054793,90.5206757718732,4.10584043242045
420.142013670981,256.224353142044,3.62411272519854
10.3375181775815,182.236673724376,3.24427596934299
65.4994705855628,121.908958595456,4.4189891162469
615.719401642314,191.9162361768,4.16767289270128
256.073598948758,214.518189258321,3.87410675866176
572.104257255743,428.371692074572,3.9554179799639
293.101201206088,138.3817859733,3.97087645712107
533.650054199151,456.729902256466,3.62127822821045
42.2319886800182,422.87441536314,4.13835723557855
203.70231074998,291.407656633657,4.06391046833951
544.483344009083,264.081592917795,3.97212998443129
179.537559478223,34.6565119380531,4.16854026727711
503.784183133662,344.722220445073,4.3817169108282
34.60686661416,60.954508511209,3.57773962908922
538.904245079071,127.405907226225,4.44108190739349
NA,NA,NA
658.867481375707,331.614419581838,3.47001489219527
458.41396835451,299.853864440742,3.87453642758726
5.93589722307276,490.972453923204,3.60528348829349
562.19954057565,50.9677259740009,4.1291578453046
72.2425799093705,373.827660861885,3.99296102518282
226.473812803953,410.300567856139,3.87795580932307
429.995232941709,13.0634474762517,3.17383754175532
360.572791269425,290.427385299958,2.91225525114077
604.822890471671,104.89941147533,4.25460967729075
399.454525740234,233.774246131183,4.06097179041417
564.352985185513,414.82304131755,4.7174816698327
143.248281067528,285.299102947871,4.53873452240841
199.334141970209,374.47462258255,3.99759519949092
121.48309003347,410.887664012384,3.35221971412287
631.716850092002,313.290651650049,4.73203375629205
2.44466404954843,147.521252012155,4.25125126831171
545.846864313914,200.885186829278,4.10910933811696
33.5637010537838,493.605714104436,2.8738036192488
280.179381753282,20.6907371833448,3.91625146724635
536.895559414705,391.359691660744,3.31768878747801
73.1759620020757,71.8644802832087,5.18642272027013
4.41383593397953,77.0891549169205,3.46631157717208
587.508673120228,227.030488807929,3.92361709356141
436.985250469813,453.927225559278,4.84192476187787
660.511219029265,371.512415422601,2.99072225571331
102.883304553163,487.019993726321,4.43522298160002
622.786884054793,90.5206757718732,4.10584043242045
420.142013670981,256.224353142044,3.62411272519854
10.3375181775815,182.236673724376,3.24427596934299
65.4994705855628,121.908958595456,4.4189891162469
615.719401642314,191.9162361768,4.16767289270128
256.073598948758,214.518189258321,3.87410675866176
572.104257255743,428.371692074572,3.9554179799639
293.101201206088,138.3817859733,3.97087645712107
533.650054199151,456.729902256466,3.62127822821045
42.2319886800182,422.87441536314,4.13835723557855
203.70231074998,291.407656633657,4.06391046833951
544.483344009083,264.081592917795,3.97212998443129
179.537559478223,34.6565119380531,4.16854026727711
503.784183133662,344.722220445073,4.3817169108282
34.60686661416,60.954508511209,3.57773962908922
538.904245079071,127.405907226225,4.44108190739349
NA,NA,NA
658.867481375707,331.614419581838,3.47001489219527
458.41396835451,299.853864440742,3.87453642758726
5.93589722307276,490.972453923204,3.60528348829349
562.19954057565,50.9677259740009,4.1291578453046
72.2425799093705,373.827660861885,3.99296102518282
226.473812803953,410.300567856139,3.87795580932307
429.995232941709,13.0634474762517,3.17383754175532
360.572791269425,290.427385299958,2.91225525114077
604.822890471671,104.89941147533,4.25460967729075
399.454525740234,233.774246131183,4.06097179041417
564.352985185513,414.82304131755,4.7174816698327
143.248281067528,285.299102947871,4.53873452240841
199.334141970209,374.47462258255,3.99759519949092
121.48309003347,410.887664012384,3.35221971412287
631.716850092002,313.290651650049,4.73203375629205
2.44466404954843,147.521252012155,4.25125126831171
545.846864313914,200.885186829278,4.10910933811696
33.5637010537838,493.605714104436,2.8738036192488
280.179381753282,20.6907371833448,3.91625146724635
536.895559414705,391.359691660744,3.31768878747801
73.1759620020757,71.8644802832087,5.18642272027013
4.41383593397953,77.0891549169205,3.46631157717208
587.508673120228,227.030488807929,3.92361709356141
436.985250469813,453.927225559278,4.84192476187787
660.511219029265,371.512415422601,2.99072225571331
102.883304553163,487.019993726321,4.43522298160002
622.786884054793,90.5206757718732,4.10584043242045
420.142013670981,256.224353142044,3.62411272519854
10.3375181775815,182.236673724376,3.24427596934299
65.4994705855628,121.908958595456,4.4189891162469
615.719401642314,191.9162361768,4.16767289270128
256.073598948758,214.518189258321,3.87410675866176
572.104257255743,428.371692074572,3.9554179799639
293.101201206088,138.3817859733,3.97087645712107
533.650054199151,456.729902256466,3.62127822821045
42.2319886800182,422.87441536314,4.13835723557855
203.70231074998,291.407656633657,4.06391046833951
544.483344009083,264.081592917795,3.97212998443129
179.537559478223,34.6565119380531,4.16854026727711
503.784183133662,344.722220445073,4.3817169108282
34.60686661416,60.954508511209,3.57773962908922
538.904245079071,127.405907226225,4.44108190739349
NA,NA,NA
662.945007536282,335.339450369475,3.61076429809797
457.332660553647,297.076408608233,3.85125996252363
14.3666777482354,496.371937271148,3.64916834869719
555.666599444721,52.8948066023674,4.15726408964405
74.4329403613296,379.18753300024,3.84180946576718
221.653113823191,417.747443420613,3.87597317937122
426.148880250614,13.718403209221,3.26459367302331
360.568751943367,292.436832924523,3.05875532059564
601.847360268354,100.439320013748,4.12432302860384
386.668185723506,229.117536264327,4.11850564520019
575.389301874589,401.281620974986,4.76677597787526
135.620029375054,279.983399912931,4.33514956297198
199.161108718976,370.72699648475,4.1089645071922
124.774848854263,412.296484677353,3.38975036856926
629.386925076853,309.216824367384,4.46954193863488
0.944565120197814,151.9900662395,4.27871152913505
546.969571159328,202.729485728846,4.0469996920778
33.4229796817629,491.032303494137,2.98425259159505
280.51986325344,21.3842129359903,3.94714664635645
532.156060311206,392.374486803973,3.22783989059392
76.1522475427102,75.6118244183407,5.30301736454018
6.10386276441021,74.5216773198061,3.46304866245634
592.341828106197,226.797588076193,4.07947286709042
437.874908139973,453.506732927389,4.81698855962303
659.984266861285,373.238199992333,3.04745478113593
107.661472530059,485.572429145616,4.31296022131066
624.566623707571,88.9180254774782,4.0812608801824
421.373793360628,260.811455867224,3.56562053422976
12.1999595402911,181.54291190869,3.26212768470544
59.0983382348021,123.521314356526,4.64707572610034
612.232241253936,194.599399885874,4.10905908134025
249.162187635238,220.116889224625,3.64728886015905
571.354507477728,433.234160991708,4.02847876688846
303.854948983007,136.829204171214,3.7292744971229
529.649034176567,457.298025570056,3.4857735293948
43.3075110316682,417.392001562792,3.59388690535662
201.238598775255,288.921651545648,4.18751517483164
552.085166597629,255.159718460795,3.61934370639502
168.809646766786,14.5908257030655,4.29906743690761
503.461837433504,340.942636120837,4.48235452225136
37.2951051810257,45.811122414139,3.37480563574346
525.837224237051,132.50651496704,4.50389556461408
NA,NA,NA
662.945007536282,335.339450369475,3.61076429809797
457.332660553647,297.076408608233,3.85125996252363
14.3666777482354,496.371937271148,3.64916834869719
555.666599444721,52.8948066023674,4.15726408964405
74.4329403613296,379.18753300024,3.84180946576718
221.653113823191,417.747443420613,3.87597317937122
426.148880250614,13.718403209221,3.26459367302331
360.568751943367,292.436832924523,3.05875532059564
601.847360268354,100.439320013748,4.12432302860384
386.668185723506,229.117536264327,4.11850564520019
575.389301874589,401.281620974986,4.76677597787526
135.620029375054,279.983399912931,4.33514956297198
199.161108718976,370.72699648475,4.1089645071922
124.774848854263,412.296484677353,3.38975036856926
629.386925076853,309.216824367384,4.46954193863488
0.944565120197814,151.9900662395,4.27871152913505
546.969571159328,202.729485728846,4.0469996920778
33.4229796817629,491.032303494137,2.98425259159505
280.51986325344,21.3842129359903,3.94714664635645
532.156060311206,392.374486803973,3.22783989059392
76.1522475427102,75.6118244183407,5.30301736454018
6.10386276441021,74.5216773198061,3.46304866245634
592.341828106197,226.797588076193,4.07947286709042
437.874908139973,453.506732927389,4.81698855962303
659.984266861285,373.238199992333,3.04745478113593
107.661472530059,485.572429145616,4.31296022131066
624.566623707571,88.9180254774782,4.0812608801824
421.373793360628,260.811455867224,3.56562053422976
12.1999595402911,181.54291190869,3.26212768470544
59.0983382348021,123.521314356526,4.64707572610034
612.232241253936,194.599399885874,4.10905908134025
249.162187635238,220.116889224625,3.64728886015905
571.354507477728,433.234160991708,4.02847876688846
303.854948983007,136.829204171214,3.7292744971229
529.649034176567,457.298025570056,3.4857735293948
43.3075110316682,417.392001562792,3.59388690535662
201.238598775255,288.921651545648,4.18751517483164
552.085166597629,255.159718460795,3.61934370639502
168.809646766786,14.5908257030655,4.29906743690761
503.461837433504,340.942636120837,4.48235452225136
37.2951051810257,45.811122414139,3.37480563574346
525.837224237051,132.50651496704,4.50389556461408
NA,NA,NA
662.945007536282,335.339450369475,3.61076429809797
457.332660553647,297.076408608233,3.85125996252363
14.3666777482354,496.371937271148,3.64916834869719
555.666599444721,52.8948066023674,4.15726408964405
74.4329403613296,379.18753300024,3.84180946576718
221.653113823191,417.747443420613,3.87597317937122
426.148880250614,13.718403209221,3.26459367302331
360.568751943367,292.436832924523,3.05875532059564
601.847360268354,100.439320013748,4.12432302860384
386.668185723506,229.117536264327,4.11850564520019
575.389301874589,401.281620974986,4.76677597787526
135.620029375054,279.983399912931,4.33514956297198
199.161108718976,370.72699648475,4.1089645071922
124.774848854263,412.296484677353,3.38975036856926
629.386925076853,309.216824367384,4.46954193863488
0.944565120197814,151.9900662395,4.27871152913505
546.969571159328,202.729485728846,4.0469996920778
33.4229796817629,491.032303494137,2.98425259159505
280.51986325344,21.3842129359903,3.94714664635645
532.156060311206,392.374486803973,3.22783989059392
76.1522475427102,75.6118244183407,5.30301736454018
6.10386276441021,74.5216773198061,3.46304866245634
592.341828106197,226.797588076193,4.07947286709042
437.874908139973,453.506732927389,4.81698855962303
659.984266861285,373.238199992333,3.04745478113593
107.661472530059,485.572429145616,4.31296022131066
624.566623707571,88.9180254774782,4.0812608801824
421.373793360628,260.811455867224,3.56562053422976
12.1999595402911,181.54291190869,3.26212768470544
59.0983382348021,123.521314356526,4.64707572610034
612.232241253936,194.599399885874,4.10905908134025
249.162187635238,220.116889224625,3.64728886015905
571.354507477728,433.234160991708,4.02847876688846
303.854948983007,136.829204171214,3.7292744971229
529.649034176567,457.298025570056,3.4857735293948
43.3075110316682,417.392001562792,3.59388690535662
201.238598775255,288.921651545648,4.18751517483164
552.085166597629,255.159718460795,3.61934370639502
168.809646766786,14.5908257030655,4.29906743690761
503.461837433504,340.942636120837,4.48235452225136
37.2951051810257,45.811122414139,3.37480563574346
525.837224237051,132.50651496704,4.50389556461408
NA,NA,NA
662.945007536282,335.339450369475,3.61076429809797
457.332660553647,297.076408608233,3.85125996252363
14.3666777482354,496.371937271148,3.64916834869719
555.666599444721,52.8948066023674,4.15726408964405
74.4329403613296,379.18753300024,3.84180946576718
221.653113823191,417.747443420613,3.87597317937122
426.148880250614,13.718403209221,3.26459367302331
360.568751943367,292.436832924523,3.05875532059564
601.847360268354,100.439320013748,4.12432302860384
386.668185723506,229.117536264327,4.11850564520019
575.389301874589,401.281620974986,4.76677597787526
135.620029375054,279.983399912931,4.33514956297198
199.161108718976,370.72699648475,4.1089645071922
124.774848854263,412.296484677353,3.38975036856926
629.386925076853,309.216824367384,4.46954193863488
0.944565120197814,151.9900662395,4.27871152913505
546.969571159328,202.729485728846,4.0469996920778
33.4229796817629,491.032303494137,2.98425259159505
280.51986325344,21.3842129359903,3.94714664635645
532.156060311206,392.374486803973,3.22783989059392
76.1522475427102,75.6118244183407,5.30301736454018
6.10386276441021,74.5216773198061,3.46304866245634
592.341828106197,226.797588076193,4.07947286709042
437.874908139973,453.506732927389,4.81698855962303
659.984266861285,373.238199992333,3.04745478113593
107.661472530059,485.572429145616,4.31296022131066
624.566623707571,88.9180254774782,4.0812608801824
421.373793360628,260.811455867224,3.56562053422976
12.1999595402911,181.54291190869,3.26212768470544
59.0983382348021,123.521314356526,4.64707572610034
612.232241253936,194.599399885874,4.10905908134025
249.162187635238,220.116889224625,3.64728886015905
571.354507477728,433.234160991708,4.02847876688846
303.854948983007,136.829204171214,3.7292744971229
529.649034176567,457.298025570056,3.4857735293948
43.3075110316682,417.392001562792,3.59388690535662
201.238598775255,288.921651545648,4.18751517483164
552.085166597629,255.159718460795,3.61934370639502
168.809646766786,14.5908257030655,4.29906743690761
503.461837433504,340.942636120837,4.48235452225136
37.2951051810257,45.811122414139,3.37480563574346
525.837224237051,132.50651496704,4.50389556461408
NA,NA,NA
662.945007536282,335.339450369475,3.61076429809797
457.332660553647,297.076408608233,3.85125996252363
14.3666777482354,496.371937271148,3.64916834869719
555.666599444721,52.8948066023674,4.15726408964405
74.4329403613296,379.18753300024,3.84180946576718
221.653113823191,417.747443420613,3.87597317937122
426.148880250614,13.718403209221,3.26459367302331
360.568751943367,292.436832924523,3.05875532059564
601.847360268354,100.439320013748,4.12432302860384
386.668185723506,229.117536264327,4.11850564520019
575.389301874589,401.281620974986,4.76677597787526
135.620029375054,279.983399912931,4.33514956297198
199.161108718976,370.72699648475,4.1089645071922
124.774848854263,412.296484677353,3.38975036856926
629.386925076853,309.216824367384,4.46954193863488
0.944565120197814,151.9900662395,4.27871152913505
546.969571159328,202.729485728846,4.0469996920778
33.4229796817629,491.032303494137,2.98425259159505
280.51986325344,21.3842129359903,3.94714664635645
532.156060311206,392.374486803973,3.22783989059392
76.1522475427102,75.6118244183407,5.30301736454018
6.10386276441021,74.5216773198061,3.46304866245634
592.341828106197,226.797588076193,4.07947286709042
437.874908139973,453.506732927389,4.81698855962303
659.984266861285,373.238199992333,3.04745478113593
107.661472530059,485.572429145616,4.31296022131066
624.566623707571,88.9180254774782,4.0812608801824
421.373793360628,260.811455867224,3.56562053422976
12.1999595402911,181.54291190869,3.26212768470544
59.0983382348021,123.521314356526,4.64707572610034
612.232241253936,194.599399885874,4.10905908134025
249.162187635238,220.116889224625,3.64728886015905
571.354507477728,433.234160991708,4.02847876688846
303.854948983007,136.829204171214,3.7292744971229
529.649034176567,457.298025570056,3.4857735293948
43.3075110316682,417.392001562792,3.59388690535662
201.238598775255,288.921651545648,4.18751517483164
552.085166597629,255.159718460795,3.61934370639502
168.809646766786,14.5908257030655,4.29906743690761
503.461837433504,340.942636120837,4.48235452225136
37.2951051810257,45.811122414139,3.37480563574346
525.837224237051,132.50651496704,4.50389556461408
NA,NA,NA
662.945007536282,335.339450369475,3.61076429809797
457.332660553647,297.076408608233,3.85125996252363
14.3666777482354,496.371937271148,3.64916834869719
555.666599444721,52.8948066023674,4.15726408964405
74.4329403613296,379.18753300024,3.84180946576718
221.653113823191,417.747443420613,3.87597317937122
426.148880250614,13.718403209221,3.26459367302331
360.568751943367,292.436832924523,3.05875532059564
601.847360268354,100.439320013748,4.12432302860384
386.668185723506,229.117536264327,4.11850564520019
575.389301874589,401.281620974986,4.76677597787526
135.620029375054,279.983399912931,4.33514956297198
199.161108718976,370.72699648475,4.1089645071922
124.774848854263,412.296484677353,3.38975036856926
629.386925076853,309.216824367384,4.46954193863488
0.944565120197814,151.9900662395,4.27871152913505
546.969571159328,202.729485728846,4.0469996920778
33.4229796817629,491.032303494137,2.98425259159505
280.51986325344,21.3842129359903,3.94714664635645
532.156060311206,392.374486803973,3.22783989059392
76.1522475427102,75.6118244183407,5.30301736454018
6.10386276441021,74.5216773198061,3.46304866245634
592.341828106197,226.797588076193,4.07947286709042
437.874908139973,453.506732927389,4.81698855962303
659.984266861285,373.238199992333,3.04745478113593
107.661472530059,485.572429145616,4.31296022131066
624.566623707571,88.9180254774782,4.0812608801824
421.373793360628,260.811455867224,3.56562053422976
12.1999595402911,181.54291190869,3.26212768470544
59.0983382348021,123.521314356526,4.64707572610034
612.232241253936,194.599399885874,4.10905908134025
249.162187635238,220.116889224625,3.64728886015905
571.354507477728,433.234160991708,4.02847876688846
303.854948983007,136.829204171214,3.7292744971229
529.649034176567,457.298025570056,3.4857735293948
43.3075110316682,417.392001562792,3.59388690535662
201.238598775255,288.921651545648,4.18751517483164
552.085166597629,255.159718460795,3.61934370639502
168.809646766786,14.5908257030655,4.29906743690761
503.461837433504,340.942636120837,4.48235452225136
37.2951051810257,45.811122414139,3.37480563574346
525.837224237051,132.50651496704,4.50389556461408
NA,NA,NA
660.345128630835,335.844297964237,3.45592906537843
454.862763335873,297.205281874001,3.67383196335719
9.2135046137548,494.639403342337,3.59769180361695
563.828112646625,49.5062452035304,4.23444464938659
69.9148450993306,375.401091874892,4.11525139506358
233.337783511272,413.561589899593,3.85174192760157
430.50517740828,13.0651516692718,3.1979828979554
362.18577717084,293.853400678687,3.07933676848498
608.715502921325,105.349401519037,4.18056906908691
399.158692500327,233.056730984805,4.20445948094378
569.082592498761,402.264639318232,4.73304744289444
137.838491623826,287.036651893206,4.60030702869452
200.212086100829,370.723082892406,4.00504592384384
120.010077333269,409.756161376581,3.48952634492105
629.051731966156,308.771383732032,4.56184223318304
7.14794510346028,140.481380368246,4.22049579156169
544.629554651621,201.303580154084,4.23231202669169
32.9824186689257,493.702853867299,2.96926445355888
281.896170215582,23.0577675127484,3.85147657029384
533.719690186546,389.981997593289,3.48119052951927
76.1363160850827,73.2340685138052,5.29473334285669
3.10775004827824,73.7593532174301,3.57410727728944
587.670185637157,228.354254383898,4.01677611410549
439.945545269547,461.285336406998,4.78903870196668
659.357074319164,373.549084812547,3.16711541091611
105.044472853615,486.862824161312,4.37778904092481
621.55156197476,94.1271814152629,4.03847220412371
418.308314867966,261.054701318738,3.62244220130342
9.90830932198315,183.789004069377,3.18554550702194
71.45873285269,122.764359529597,4.39207273838565
602.397287371771,199.395754306359,4.14376710569782
248.715780179534,212.764940510021,4.08672427114695
575.559766430011,444.232470242321,3.85202876048123
296.927027605978,134.980395733393,3.8706487020701
529.115400315566,459.591025573565,3.50688111911149
44.8937430290373,434.410489759493,3.97973359298289
196.065102124684,293.017217762161,4.10690855319399
552.025811912539,255.319829847384,3.71684167122852
168.564872964989,24.0390116120397,4.55390296249316
506.671249841072,351.928968470138,4.52859358703156
41.573662453193,58.2752322881973,3.4529367353323
539.416813934121,145.666796406618,4.5433862826707
NA,NA,NA
660.345128630835,335.844297964237,3.45592906537843
454.862763335873,297.205281874001,3.67383196335719
9.2135046137548,494.639403342337,3.59769180361695
563.828112646625,49.5062452035304,4.23444464938659
69.9148450993306,375.401091874892,4.11525139506358
233.337783511272,413.561589899593,3.85174192760157
430.50517740828,13.0651516692718,3.1979828979554
362.18577717084,293.853400678687,3.07933676848498
608.715502921325,105.349401519037,4.18056906908691
399.158692500327,233.056730984805,4.20445948094378
569.082592498761,402.264639318232,4.73304744289444
137.838491623826,287.036651893206,4.60030702869452
200.212086100829,370.723082892406,4.00504592384384
120.010077333269,409.756161376581,3.48952634492105
629.051731966156,308.771383732032,4.56184223318304
7.14794510346028,140.481380368246,4.22049579156169
544.629554651621,201.303580154084,4.23231202669169
32.9824186689257,493.702853867299,2.96926445355888
281.896170215582,23.0577675127484,3.85147657029384
533.719690186546,389.981997593289,3.48119052951927
76.1363160850827,73.2340685138052,5.29473334285669
3.10775004827824,73.7593532174301,3.57410727728944
587.670185637157,228.354254383898,4.01677611410549
439.945545269547,461.285336406998,4.78903870196668
659.357074319164,373.549084812547,3.16711541091611
105.044472853615,486.862824161312,4.37778904092481
621.55156197476,94.1271814152629,4.03847220412371
418.308314867966,261.054701318738,3.62244220130342
9.90830932198315,183.789004069377,3.18554550702194
71.45873285269,122.764359529597,4.39207273838565
602.397287371771,199.395754306359,4.14376710569782
248.715780179534,212.764940510021,4.08672427114695
575.559766430011,444.232470242321,3.85202876048123
296.927027605978,134.980395733393,3.8706487020701
529.115400315566,459.591025573565,3.50688111911149
44.8937430290373,434.410489759493,3.97973359298289
196.065102124684,293.017217762161,4.10690855319399
552.025811912539,255.319829847384,3.71684167122852
168.564872964989,24.0390116120397,4.55390296249316
506.671249841072,351.928968470138,4.52859358703156
41.573662453193,58.2752322881973,3.4529367353323
539.416813934121,145.666796406618,4.5433862826707
NA,NA,NA
660.345128630835,335.844297964237,3.45592906537843
454.862763335873,297.205281874001,3.67383196335719
9.2135046137548,494.639403342337,3.59769180361695
563.828112646625,49.5062452035304,4.23444464938659
69.9148450993306,375.401091874892,4.11525139506358
233.337783511272,413.561589899593,3.85174192760157
430.50517740828,13.0651516692718,3.1979828979554
362.18577717084,293.853400678687,3.07933676848498
608.715502921325,105.349401519037,4.18056906908691
399.158692500327,233.056730984805,4.20445948094378
569.082592498761,402.264639318232,4.73304744289444
137.838491623826,287.036651893206,4.60030702869452
200.212086100829,370.723082892406,4.00504592384384
120.010077333269,409.756161376581,3.48952634492105
629.051731966156,308.771383732032,4.56184223318304
7.14794510346028,140.481380368246,4.22049579156169
544.629554651621,201.303580154084,4.23231202669169
32.9824186689257,493.702853867299,2.96926445355888
281.896170215582,23.0577675127484,3.85147657029384
533.719690186546,389.981997593289,3.48119052951927
76.1363160850827,73.2340685138052,5.29473334285669
3.10775004827824,73.7593532174301,3.57410727728944
587.670185637157,228.354254383898,4.01677611410549
439.945545269547,461.285336406998,4.78903870196668
659.357074319164,373.549084812547,3.16711541091611
105.044472853615,486.862824161312,4.37778904092481
621.55156197476,94.1271814152629,4.03847220412371
418.308314867966,261.054701318738,3.62244220130342
9.90830932198315,183.789004069377,3.18554550702194
71.45873285269,122.764359529597,4.39207273838565
602.397287371771,199.395754306359,4.14376710569782
248.715780179534,212.764940510021,4.08672427114695
575.559766430011,444.232470242321,3.85202876048123
296.927027605978,134.980395733393,3.8706487020701
529.115400315566,459.591025573565,3.50688111911149
44.8937430290373,434.410489759493,3.97973359298289
196.065102124684,293.017217762161,4.10690855319399
552.025811912539,255.319829847384,3.71684167122852
168.564872964989,24.0390116120397,4.55390296249316
506.671249841072,351.928968470138,4.52859358703156
41.573662453193,58.2752322881973,3.4529367353323
539.416813934121,145.666796406618,4.5433862826707
NA,NA,NA
660.345128630835,335.844297964237,3.45592906537843
454.862763335873,297.205281874001,3.67383196335719
9.2135046137548,494.639403342337,3.59769180361695
563.828112646625,49.5062452035304,4.23444464938659
69.9148450993306,375.401091874892,4.11525139506358
233.337783511272,413.561589899593,3.85174192760157
430.50517740828,13.0651516692718,3.1979828979554
362.18577717084,293.853400678687,3.07933676848498
608.715502921325,105.349401519037,4.18056906908691
399.158692500327,233.056730984805,4.20445948094378
569.082592498761,402.264639318232,4.73304744289444
137.838491623826,287.036651893206,4.60030702869452
200.212086100829,370.723082892406,4.00504592384384
120.010077333269,409.756161376581,3.48952634492105
629.051731966156,308.771383732032,4.56184223318304
7.14794510346028,140.481380368246,4.22049579156169
544.629554651621,201.303580154084,4.23231202669169
32.9824186689257,493.702853867299,2.96926445355888
281.896170215582,23.0577675127484,3.85147657029384
533.719690186546,389.981997593289,3.48119052951927
76.1363160850827,73.2340685138052,5.29473334285669
3.10775004827824,73.7593532174301,3.57410727728944
587.670185637157,228.354254383898,4.01677611410549
439.945545269547,461.285336406998,4.78903870196668
659.357074319164,373.549084812547,3.16711541091611
105.044472853615,486.862824161312,4.37778904092481
621.55156197476,94.1271814152629,4.03847220412371
418.308314867966,261.054701318738,3.62244220130342
9.90830932198315,183.789004069377,3.18554550702194
71.45873285269,122.764359529597,4.39207273838565
602.397287371771,199.395754306359,4.14376710569782
248.715780179534,212.764940510021,4.08672427114695
575.559766430011,444.232470242321,3.85202876048123
296.927027605978,134.980395733393,3.8706487020701
529.115400315566,459.591025573565,3.50688111911149
44.8937430290373,434.410489759493,3.97973359298289
196.065102124684,293.017217762161,4.10690855319399
552.025811912539,255.319829847384,3.71684167122852
168.564872964989,24.0390116120397,4.55390296249316
506.671249841072,351.928968470138,4.52859358703156
41.573662453193,58.2752322881973,3.4529367353323
539.416813934121,145.666796406618,4.5433862826707
NA,NA,NA
660.345128630835,335.844297964237,3.45592906537843
454.862763335873,297.205281874001,3.67383196335719
9.2135046137548,494.639403342337,3.59769180361695
563.828112646625,49.5062452035304,4.23444464938659
69.9148450993306,375.401091874892,4.11525139506358
233.337783511272,413.561589899593,3.85174192760157
430.50517740828,13.0651516692718,3.1979828979554
362.18577717084,293.853400678687,3.07933676848498
608.715502921325,105.349401519037,4.18056906908691
399.158692500327,233.056730984805,4.20445948094378
569.082592498761,402.264639318232,4.73304744289444
137.838491623826,287.036651893206,4.60030702869452
200.212086100829,370.723082892406,4.00504592384384
120.010077333269,409.756161376581,3.48952634492105
629.051731966156,308.771383732032,4.56184223318304
7.14794510346028,140.481380368246,4.22049579156169
544.629554651621,201.303580154084,4.23231202669169
32.9824186689257,493.702853867299,2.96926445355888
281.896170215582,23.0577675127484,3.85147657029384
533.719690186546,389.981997593289,3.48119052951927
76.1363160850827,73.2340685138052,5.29473334285669
3.10775004827824,73.7593532174301,3.57410727728944
587.670185637157,228.354254383898,4.01677611410549
439.945545269547,461.285336406998,4.78903870196668
659.357074319164,373.549084812547,3.16711541091611
105.044472853615,486.862824161312,4.37778904092481
621.55156197476,94.1271814152629,4.03847220412371
418.308314867966,261.054701318738,3.62244220130342
9.90830932198315,183.789004069377,3.18554550702194
71.45873285269,122.764359529597,4.39207273838565
602.397287371771,199.395754306359,4.14376710569782
248.715780179534,212.764940510021,4.08672427114695
575.559766430011,444.232470242321,3.85202876048123
296.927027605978,134.980395733393,3.8706487020701
529.115400315566,459.591025573565,3.50688111911149
44.8937430290373,434.410489759493,3.97973359298289
196.065102124684,293.017217762161,4.10690855319399
552.025811912539,255.319829847384,3.71684167122852
168.564872964989,24.0390116120397,4.55390296249316
506.671249841072,351.928968470138,4.52859358703156
41.573662453193,58.2752322881973,3.4529367353323
539.416813934121,145.666796406618,4.5433862826707
NA,NA,NA
660.345128630835,335.844297964237,3.45592906537843
454.862763335873,297.205281874001,3.67383196335719
9.2135046137548,494.639403342337,3.59769180361695
563.828112646625,49.5062452035304,4.23444464938659
69.9148450993306,375.401091874892,4.11525139506358
233.337783511272,413.561589899593,3.85174192760157
430.50517740828,13.0651516692718,3.1979828979554
362.18577717084,293.853400678687,3.07933676848498
608.715502921325,105.349401519037,4.18056906908691
399.158692500327,233.056730984805,4.20445948094378
569.082592498761,402.264639318232,4.73304744289444
137.838491623826,287.036651893206,4.60030702869452
200.212086100829,370.723082892406,4.00504592384384
120.010077333269,409.756161376581,3.48952634492105
629.051731966156,308.771383732032,4.56184223318304
7.14794510346028,140.481380368246,4.22049579156169
544.629554651621,201.303580154084,4.23231202669169
32.9824186689257,493.702853867299,2.96926445355888
281.896170215582,23.0577675127484,3.85147657029384
533.719690186546,389.981997593289,3.48119052951927
76.1363160850827,73.2340685138052,5.29473334285669
3.10775004827824,73.7593532174301,3.57410727728944
587.670185637157,228.354254383898,4.01677611410549
439.945545269547,461.285336406998,4.78903870196668
659.357074319164,373.549084812547,3.16711541091611
105.044472853615,486.862824161312,4.37778904092481
621.55156197476,94.1271814152629,4.03847220412371
418.308314867966,261.054701318738,3.62244220130342
9.90830932198315,183.789004069377,3.18554550702194
71.45873285269,122.764359529597,4.39207273838565
602.397287371771,199.395754306359,4.14376710569782
248.715780179534,212.764940510021,4.08672427114695
575.559766430011,444.232470242321,3.85202876048123
296.927027605978,134.980395733393,3.8706487020701
529.115400315566,459.591025573565,3.50688111911149
44.8937430290373,434.410489759493,3.97973359298289
196.065102124684,293.017217762161,4.10690855319399
552.025811912539,255.319829847384,3.71684167122852
168.564872964989,24.0390116120397,4.55390296249316
506.671249841072,351.928968470138,4.52859358703156
41.573662453193,58.2752322881973,3.4529367353323
539.416813934121,145.666796406618,4.5433862826707
NA,NA,NA
657.278806235401,333.377198305116,3.55005886461717
450.013548299202,298.741755899188,3.6035448598083
7.16681856741305,498.122130374957,3.72429879273014
560.081659835991,50.6891588276012,4.09787429067347
72.0612427673832,372.675391074639,3.89418549015897
227.322795813505,407.649562257118,3.90111712665837
428.082268039177,13.0729901309601,3.38973019373125
359.40968654153,293.852534198617,3.04493880343499
604.391463890635,107.088375136476,4.19117261082393
391.465993052325,229.787141539366,4.22502484931312
575.335046947853,417.046900139878,4.7433756045783
143.20567536015,284.669712776548,4.69904734136765
195.536497873961,371.01908661973,4.09343002176555
130.433815483132,412.138942043781,3.47431797754479
629.500158939292,315.963210476106,4.44920421617854
7.49983375655543,149.343956375594,4.26853444550294
546.165844414656,203.722724696751,4.3028936199118
32.0461784716125,493.084191107936,3.14342744250884
281.143786383052,21.3390015148789,3.89983036434839
533.084060139077,393.944123405795,3.25835908782814
71.5546124766308,78.7978001965808,5.17554793001903
5.12221601812883,78.5928125933982,3.57585701289238
588.924344220087,226.511456155324,3.99934519546269
435.201788497341,457.297148683184,4.73699634035262
659.912590994982,372.196544861002,3.00526631760117
103.469091577447,480.444824046844,4.41200716211937
626.2464314608,88.1367796239681,4.12729549373108
417.893830598006,260.386612205271,3.65685871462974
11.7029993218114,179.243395281669,3.17485624435837
65.3337003346626,120.114658546684,4.59858578198853
607.413972046365,203.597134937829,4.39431474547973
250.603204167467,217.869039610219,3.82437749073206
568.442790301634,439.825294090491,3.8241707378306
303.979706582887,134.329517745833,3.84240186633492
528.244167301624,450.261608402454,3.78524282634503
35.320016412994,417.663894629873,3.86744465149525
209.487181098922,283.807618407979,3.90412335739815
556.367237371022,266.862188381521,3.90390501687611
165.936823369753,6.44306448080492,4.46618213370009
511.94752745876,342.036125471537,4.89356577893542
27.6040564675251,55.5126637840118,3.70734794175684
525.656550271582,151.999926725322,5.02344157386096
NA,NA,NA
657.278806235401,333.377198305116,3.55005886461717
450.013548299202,298.741755899188,3.6035448598083
7.16681856741305,498.122130374957,3.72429879273014
560.081659835991,50.6891588276012,4.09787429067347
72.0612427673832,372.675391074639,3.89418549015897
227.322795813505,407.649562257118,3.90111712665837
428.082268039177,13.0729901309601,3.38973019373125
359.40968654153,293.852534198617,3.04493880343499
604.391463890635,107.088375136476,4.19117261082393
391.465993052325,229.787141539366,4.22502484931312
575.335046947853,417.046900139878,4.7433756045783
143.20567536015,284.669712776548,4.69904734136765
195.536497873961,371.01908661973,4.09343002176555
130.433815483132,412.138942043781,3.47431797754479
629.500158939292,315.963210476106,4.44920421617854
7.49983375655543,149.343956375594,4.26853444550294
546.165844414656,203.722724696751,4.3028936199118
32.0461784716125,493.084191107936,3.14342744250884
281.143786383052,21.3390015148789,3.89983036434839
533.084060139077,393.944123405795,3.25835908782814
71.5546124766308,78.7978001965808,5.17554793001903
5.12221601812883,78.5928125933982,3.57585701289238
588.924344220087,226.511456155324,3.99934519546269
435.201788497341,457.297148683184,4.73699634035262
659.912590994982,372.196544861002,3.00526631760117
103.469091577447,480.444824046844,4.41200716211937
626.2464314608,88.1367796239681,4.12729549373108
417.893830598006,260.386612205271,3.65685871462974
11.7029993218114,179.243395281669,3.17485624435837
65.3337003346626,120.114658546684,4.59858578198853
607.413972046365,203.597134937829,4.39431474547973
250.603204167467,217.869039610219,3.82437749073206
568.442790301634,439.825294090491,3.8241707378306
303.979706582887,134.329517745833,3.84240186633492
528.244167301624,450.261608402454,3.78524282634503
35.320016412994,417.663894629873,3.86744465149525
209.487181098922,283.807618407979,3.90412335739815
556.367237371022,266.862188381521,3.90390501687611
165.936823369753,6.44306448080492,4.46618213370009
511.94752745876,342.036125471537,4.89356577893542
27.6040564675251,55.5126637840118,3.70734794175684
525.656550271582,151.999926725322,5.02344157386096
NA,NA,NA
657.278806235401,333.377198305116,3.55005886461717
450.013548299202,298.741755899188,3.6035448598083
7.16681856741305,498.122130374957,3.72429879273014
560.081659835991,50.6891588276012,4.09787429067347
72.0612427673832,372.675391074639,3.89418549015897
227.322795813505,407.649562257118,3.90111712665837
428.082268039177,13.0729901309601,3.38973019373125
359.40968654153,293.852534198617,3.04493880343499
604.391463890635,107.088375136476,4.19117261082393
391.465993052325,229.787141539366,4.22502484931312
575.335046947853,417.046900139878,4.7433756045783
143.20567536015,284.669712776548,4.69904734136765
195.536497873961,371.01908661973,4.09343002176555
130.433815483132,412.138942043781,3.47431797754479
629.500158939292,315.963210476106,4.44920421617854
7.49983375655543,149.343956375594,4.26853444550294
546.165844414656,203.722724696751,4.3028936199118
32.0461784716125,493.084191107936,3.14342744250884
281.143786383052,21.3390015148789,3.89983036434839
533.084060139077,393.944123405795,3.25835908782814
71.5546124766308,78.7978001965808,5.17554793001903
5.12221601812883,78.5928125933982,3.57585701289238
588.924344220087,226.511456155324,3.99934519546269
435.201788497341,457.297148683184,4.73699634035262
659.912590994982,372.196544861002,3.00526631760117
103.469091577447,480.444824046844,4.41200716211937
626.2464314608,88.1367796239681,4.12729549373108
417.893830598006,260.386612205271,3.65685871462974
11.7029993218114,179.243395281669,3.17485624435837
65.3337003346626,120.114658546684,4.59858578198853
607.413972046365,203.597134937829,4.39431474547973
250.603204167467,217.869039610219,3.82437749073206
568.442790301634,439.825294090491,3.8241707378306
303.979706582887,134.329517745833,3.84240186633492
528.244167301624,450.261608402454,3.78524282634503
35.320016412994,417.663894629873,3.86744465149525
209.487181098922,283.807618407979,3.90412335739815
556.367237371022,266.862188381521,3.90390501687611
165.936823369753,6.44306448080492,4.46618213370009
511.94752745876,342.036125471537,4.89356577893542
27.6040564675251,55.5126637840118,3.70734794175684
525.656550271582,151.999926725322,5.02344157386096
NA,NA,NA
657.278806235401,333.377198305116,3.55005886461717
450.013548299202,298.741755899188,3.6035448598083
7.16681856741305,498.122130374957,3.72429879273014
560.081659835991,50.6891588276012,4.09787429067347
72.0612427673832,372.675391074639,3.89418549015897
227.322795813505,407.649562257118,3.90111712665837
428.082268039177,13.0729901309601,3.38973019373125
359.40968654153,293.852534198617,3.04493880343499
604.391463890635,107.088375136476,4.19117261082393
391.465993052325,229.787141539366,4.22502484931312
575.335046947853,417.046900139878,4.7433756045783
143.20567536015,284.669712776548,4.69904734136765
195.536497873961,371.01908661973,4.09343002176555
130.433815483132,412.138942043781,3.47431797754479
629.500158939292,315.963210476106,4.44920421617854
7.49983375655543,149.343956375594,4.26853444550294
546.165844414656,203.722724696751,4.3028936199118
32.0461784716125,493.084191107936,3.14342744250884
281.143786383052,21.3390015148789,3.89983036434839
533.084060139077,393.944123405795,3.25835908782814
71.5546124766308,78.7978001965808,5.17554793001903
5.12221601812883,78.5928125933982,3.57585701289238
588.924344220087,226.511456155324,3.99934519546269
435.201788497341,457.297148683184,4.73699634035262
659.912590994982,372.196544861002,3.00526631760117
103.469091577447,480.444824046844,4.41200716211937
626.2464314608,88.1367796239681,4.12729549373108
417.893830598006,260.386612205271,3.65685871462974
11.7029993218114,179.243395281669,3.17485624435837
65.3337003346626,120.114658546684,4.59858578198853
607.413972046365,203.597134937829,4.39431474547973
250.603204167467,217.869039610219,3.82437749073206
568.442790301634,439.825294090491,3.8241707378306
303.979706582887,134.329517745833,3.84240186633492
528.244167301624,450.261608402454,3.78524282634503
35.320016412994,417.663894629873,3.86744465149525
209.487181098922,283.807618407979,3.90412335739815
556.367237371022,266.862188381521,3.90390501687611
165.936823369753,6.44306448080492,4.46618213370009
511.94752745876,342.036125471537,4.89356577893542
27.6040564675251,55.5126637840118,3.70734794175684
525.656550271582,151.999926725322,5.02344157386096
NA,NA,NA
657.278806235401,333.377198305116,3.55005886461717
450.013548299202,298.741755899188,3.6035448598083
7.16681856741305,498.122130374957,3.72429879273014
560.081659835991,50.6891588276012,4.09787429067347
72.0612427673832,372.675391074639,3.89418549015897
227.322795813505,407.649562257118,3.90111712665837
428.082268039177,13.0729901309601,3.38973019373125
359.40968654153,293.852534198617,3.04493880343499
604.391463890635,107.088375136476,4.19117261082393
391.465993052325,229.787141539366,4.22502484931312
575.335046947853,417.046900139878,4.7433756045783
143.20567536015,284.669712776548,4.69904734136765
195.536497873961,371.01908661973,4.09343002176555
130.433815483132,412.138942043781,3.47431797754479
629.500158939292,315.963210476106,4.44920421617854
7.49983375655543,149.343956375594,4.26853444550294
546.165844414656,203.722724696751,4.3028936199118
32.0461784716125,493.084191107936,3.14342744250884
281.143786383052,21.3390015148789,3.89983036434839
533.084060139077,393.944123405795,3.25835908782814
71.5546124766308,78.7978001965808,5.17554793001903
5.12221601812883,78.5928125933982,3.57585701289238
588.924344220087,226.511456155324,3.99934519546269
435.201788497341,457.297148683184,4.73699634035262
659.912590994982,372.196544861002,3.00526631760117
103.469091577447,480.444824046844,4.41200716211937
626.2464314608,88.1367796239681,4.12729549373108
417.893830598006,260.386612205271,3.65685871462974
11.7029993218114,179.243395281669,3.17485624435837
65.3337003346626,120.114658546684,4.59858578198853
607.413972046365,203.597134937829,4.39431474547973
250.603204167467,217.869039610219,3.82437749073206
568.442790301634,439.825294090491,3.8241707378306
303.979706582887,134.329517745833,3.84240186633492
528.244167301624,450.261608402454,3.78524282634503
35.320016412994,417.663894629873,3.86744465149525
209.487181098922,283.807618407979,3.90412335739815
556.367237371022,266.862188381521,3.90390501687611
165.936823369753,6.44306448080492,4.46618213370009
511.94752745876,342.036125471537,4.89356577893542
27.6040564675251,55.5126637840118,3.70734794175684
525.656550271582,151.999926725322,5.02344157386096
NA,NA,NA
657.278806235401,333.377198305116,3.55005886461717
450.013548299202,298.741755899188,3.6035448598083
7.16681856741305,498.122130374957,3.72429879273014
560.081659835991,50.6891588276012,4.09787429067347
72.0612427673832,372.675391074639,3.89418549015897
227.322795813505,407.649562257118,3.90111712665837
428.082268039177,13.0729901309601,3.38973019373125
359.40968654153,293.852534198617,3.04493880343499
604.391463890635,107.088375136476,4.19117261082393
391.465993052325,229.787141539366,4.22502484931312
575.335046947853,417.046900139878,4.7433756045783
143.20567536015,284.669712776548,4.69904734136765
195.536497873961,371.01908661973,4.09343002176555
130.433815483132,412.138942043781,3.47431797754479
629.500158939292,315.963210476106,4.44920421617854
7.49983375655543,149.343956375594,4.26853444550294
546.165844414656,203.722724696751,4.3028936199118
32.0461784716125,493.084191107936,3.14342744250884
281.143786383052,21.3390015148789,3.89983036434839
533.084060139077,393.944123405795,3.25835908782814
71.5546124766308,78.7978001965808,5.17554793001903
5.12221601812883,78.5928125933982,3.57585701289238
588.924344220087,226.511456155324,3.99934519546269
435.201788497341,457.297148683184,4.73699634035262
659.912590994982,372.196544861002,3.00526631760117
103.469091577447,480.444824046844,4.41200716211937
626.2464314608,88.1367796239681,4.12729549373108
417.893830598006,260.386612205271,3.65685871462974
11.7029993218114,179.243395281669,3.17485624435837
65.3337003346626,120.114658546684,4.59858578198853
607.413972046365,203.597134937829,4.39431474547973
250.603204167467,217.869039610219,3.82437749073206
568.442790301634,439.825294090491,3.8241707378306
303.979706582887,134.329517745833,3.84240186633492
528.244167301624,450.261608402454,3.78524282634503
35.320016412994,417.663894629873,3.86744465149525
209.487181098922,283.807618407979,3.90412335739815
556.367237371022,266.862188381521,3.90390501687611
165.936823369753,6.44306448080492,4.46618213370009
511.94752745876,342.036125471537,4.89356577893542
27.6040564675251,55.5126637840118,3.70734794175684
525.656550271582,151.999926725322,5.02344157386096
NA,NA,NA
661.259633813181,332.119575766778,3.47015738931095
452.818413788869,299.17085069553,3.68595926804116
9.77011694227802,493.660676088015,3.57574472499132
561.058690856685,48.1752851514838,4.2791558955979
70.2775342031952,374.289943301745,4.07060664464744
231.797385409911,415.282073539771,3.80149849093055
429.350330519478,12.5226449936801,3.27429809673627
363.541999520553,293.901468589621,2.98815332959083
610.079275355343,100.192461106851,4.13257535133013
393.983726267187,226.773533753977,4.14022749481427
564.016066315711,404.025637102479,4.77563832237276
134.84188811982,284.400318687351,4.58879069152887
197.973992396772,373.622973457431,3.98242656315137
118.438285626034,410.735288006762,3.35598346615737
626.277871486129,314.786779105414,4.54229679313877
3.19870438634591,146.611151677322,4.26226656621053
543.079692090508,208.732323701119,4.16772693835425
35.4978060045961,491.978491028809,2.99864682029167
278.726303264468,17.2208991651892,4.02196903507831
532.747307969171,392.869835580937,3.41453223090182
68.0428816288107,75.5573263275656,5.15944754125
3.07361297064529,78.3044868920476,3.29553740833966
584.670376061114,227.708167198878,3.98225537225785
435.858899125323,458.884234136328,4.81065179988431
658.846846028858,373.006498718559,3.01469022742396
106.631552626046,491.532722310692,4.46371884966701
624.040487019494,90.8280208094915,4.08559143014474
422.336946520672,259.434500663097,3.68312105502503
11.4900337102708,182.6351266255,3.32131185421628
75.7507063144459,114.626421559729,4.39266465195517
609.095968769902,198.875593658252,4.19864949921324
249.928381379035,223.483494273591,4.09436192966458
566.537512771765,430.569645510387,3.73709392107643
302.732669058321,137.637210458611,3.95738121176151
524.862229940822,454.549082322881,3.55371090244352
45.8353317809689,418.754167581683,3.74859268368045
192.651738387638,289.301032306572,4.28036997759215
558.037618587242,261.868203298963,3.76293427058013
166.135191888422,28.1751408459757,4.22538116397891
504.771790954017,344.815644289823,4.68881044993341
35.5239155775111,46.1797787529131,3.86944654411333
532.497011233555,141.879230935572,4.91128961479999
NA,NA,NA
661.259633813181,332.119575766778,3.47015738931095
452.818413788869,299.17085069553,3.68595926804116
9.77011694227802,493.660676088015,3.57574472499132
561.058690856685,48.1752851514838,4.2791558955979
70.2775342031952,374.289943301745,4.07060664464744
231.797385409911,415.282073539771,3.80149849093055
429.350330519478,12.5226449936801,3.27429809673627
363.541999520553,293.901468589621,2.98815332959083
610.079275355343,100.192461106851,4.13257535133013
393.983726267187,226.773533753977,4.14022749481427
564.016066315711,404.025637102479,4.77563832237276
134.84188811982,284.400318687351,4.58879069152887
197.973992396772,373.622973457431,3.98242656315137
118.438285626034,410.735288006762,3.35598346615737
626.277871486129,314.786779105414,4.54229679313877
3.19870438634591,146.611151677322,4.26226656621053
543.079692090508,208.732323701119,4.16772693835425
35.4978060045961,491.978491028809,2.99864682029167
278.726303264468,17.2208991651892,4.02196903507831
532.747307969171,392.869835580937,3.41453223090182
68.0428816288107,75.5573263275656,5.15944754125
3.07361297064529,78.3044868920476,3.29553740833966
584.670376061114,227.708167198878,3.98225537225785
435.858899125323,458.884234136328,4.81065179988431
658.846846028858,373.006498718559,3.01469022742396
106.631552626046,491.532722310692,4.46371884966701
624.040487019494,90.8280208094915,4.08559143014474
422.336946520672,259.434500663097,3.68312105502503
11.4900337102708,182.6351266255,3.32131185421628
75.7507063144459,114.626421559729,4.39266465195517
609.095968769902,198.875593658252,4.19864949921324
249.928381379035,223.483494273591,4.09436192966458
566.537512771765,430.569645510387,3.73709392107643
302.732669058321,137.637210458611,3.95738121176151
524.862229940822,454.549082322881,3.55371090244352
45.8353317809689,418.754167581683,3.74859268368045
192.651738387638,289.301032306572,4.28036997759215
558.037618587242,261.868203298963,3.76293427058013
166.135191888422,28.1751408459757,4.22538116397891
504.771790954017,344.815644289823,4.68881044993341
35.5239155775111,46.1797787529131,3.86944654411333
532.497011233555,141.879230935572,4.91128961479999
NA,NA,NA
661.259633813181,332.119575766778,3.47015738931095
452.818413788869,299.17085069553,3.68595926804116
9.77011694227802,493.660676088015,3.57574472499132
561.058690856685,48.1752851514838,4.2791558955979
70.2775342031952,374.289943301745,4.07060664464744
231.797385409911,415.282073539771,3.80149849093055
429.350330519478,12.5226449936801,3.27429809673627
363.541999520553,293.901468589621,2.98815332959083
610.079275355343,100.192461106851,4.13257535133013
393.983726267187,226.773533753977,4.14022749481427
564.016066315711,404.025637102479,4.77563832237276
134.84188811982,284.400318687351,4.58879069152887
197.973992396772,373.622973457431,3.98242656315137
118.438285626034,410.735288006762,3.35598346615737
626.277871486129,314.786779105414,4.54229679313877
3.19870438634591,146.611151677322,4.26226656621053
543.079692090508,208.732323701119,4.16772693835425
35.4978060045961,491.978491028809,2.99864682029167
278.726303264468,17.2208991651892,4.02196903507831
532.747307969171,392.869835580937,3.41453223090182
68.0428816288107,75.5573263275656,5.15944754125
3.07361297064529,78.3044868920476,3.29553740833966
584.670376061114,227.708167198878,3.98225537225785
435.858899125323,458.884234136328,4.81065179988431
658.846846028858,373.006498718559,3.01469022742396
106.631552626046,491.532722310692,4.46371884966701
624.040487019494,90.8280208094915,4.08559143014474
422.336946520672,259.434500663097,3.68312105502503
11.4900337102708,182.6351266255,3.32131185421628
75.7507063144459,114.626421559729,4.39266465195517
609.095968769902,198.875593658252,4.19864949921324
249.928381379035,223.483494273591,4.09436192966458
566.537512771765,430.569645510387,3.73709392107643
302.732669058321,137.637210458611,3.95738121176151
524.862229940822,454.549082322881,3.55371090244352
45.8353317809689,418.754167581683,3.74859268368045
192.651738387638,289.301032306572,4.28036997759215
558.037618587242,261.868203298963,3.76293427058013
166.135191888422,28.1751408459757,4.22538116397891
504.771790954017,344.815644289823,4.68881044993341
35.5239155775111,46.1797787529131,3.86944654411333
532.497011233555,141.879230935572,4.91128961479999
NA,NA,NA
661.259633813181,332.119575766778,3.47015738931095
452.818413788869,299.17085069553,3.68595926804116
9.77011694227802,493.660676088015,3.57574472499132
561.058690856685,48.1752851514838,4.2791558955979
70.2775342031952,374.289943301745,4.07060664464744
231.797385409911,415.282073539771,3.80149849093055
429.350330519478,12.5226449936801,3.27429809673627
363.541999520553,293.901468589621,2.98815332959083
610.079275355343,100.192461106851,4.13257535133013
393.983726267187,226.773533753977,4.14022749481427
564.016066315711,404.025637102479,4.77563832237276
134.84188811982,284.400318687351,4.58879069152887
197.973992396772,373.622973457431,3.98242656315137
118.438285626034,410.735288006762,3.35598346615737
626.277871486129,314.786779105414,4.54229679313877
3.19870438634591,146.611151677322,4.26226656621053
543.079692090508,208.732323701119,4.16772693835425
35.4978060045961,491.978491028809,2.99864682029167
278.726303264468,17.2208991651892,4.02196903507831
532.747307969171,392.869835580937,3.41453223090182
68.0428816288107,75.5573263275656,5.15944754125
3.07361297064529,78.3044868920476,3.29553740833966
584.670376061114,227.708167198878,3.98225537225785
435.858899125323,458.884234136328,4.81065179988431
658.846846028858,373.006498718559,3.01469022742396
106.631552626046,491.532722310692,4.46371884966701
624.040487019494,90.8280208094915,4.08559143014474
422.336946520672,259.434500663097,3.68312105502503
11.4900337102708,182.6351266255,3.32131185421628
75.7507063144459,114.626421559729,4.39266465195517
609.095968769902,198.875593658252,4.19864949921324
249.928381379035,223.483494273591,4.09436192966458
566.537512771765,430.569645510387,3.73709392107643
302.732669058321,137.637210458611,3.95738121176151
524.862229940822,454.549082322881,3.55371090244352
45.8353317809689,418.754167581683,3.74859268368045
192.651738387638,289.301032306572,4.28036997759215
558.037618587242,261.868203298963,3.76293427058013
166.135191888422,28.1751408459757,4.22538116397891
504.771790954017,344.815644289823,4.68881044993341
35.5239155775111,46.1797787529131,3.86944654411333
532.497011233555,141.879230935572,4.91128961479999
NA,NA,NA
661.259633813181,332.119575766778,3.47015738931095
452.818413788869,299.17085069553,3.68595926804116
9.77011694227802,493.660676088015,3.57574472499132
561.058690856685,48.1752851514838,4.2791558955979
70.2775342031952,374.289943301745,4.07060664464744
231.797385409911,415.282073539771,3.80149849093055
429.350330519478,12.5226449936801,3.27429809673627
363.541999520553,293.901468589621,2.98815332959083
610.079275355343,100.192461106851,4.13257535133013
393.983726267187,226.773533753977,4.14022749481427
564.016066315711,404.025637102479,4.77563832237276
134.84188811982,284.400318687351,4.58879069152887
197.973992396772,373.622973457431,3.98242656315137
118.438285626034,410.735288006762,3.35598346615737
626.277871486129,314.786779105414,4.54229679313877
3.19870438634591,146.611151677322,4.26226656621053
543.079692090508,208.732323701119,4.16772693835425
35.4978060045961,491.978491028809,2.99864682029167
278.726303264468,17.2208991651892,4.02196903507831
532.747307969171,392.869835580937,3.41453223090182
68.0428816288107,75.5573263275656,5.15944754125
3.07361297064529,78.3044868920476,3.29553740833966
584.670376061114,227.708167198878,3.98225537225785
435.858899125323,458.884234136328,4.81065179988431
658.846846028858,373.006498718559,3.01469022742396
106.631552626046,491.532722310692,4.46371884966701
624.040487019494,90.8280208094915,4.08559143014474
422.336946520672,259.434500663097,3.68312105502503
11.4900337102708,182.6351266255,3.32131185421628
75.7507063144459,114.626421559729,4.39266465195517
609.095968769902,198.875593658252,4.19864949921324
249.928381379035,223.483494273591,4.09436192966458
566.537512771765,430.569645510387,3.73709392107643
302.732669058321,137.637210458611,3.95738121176151
524.862229940822,454.549082322881,3.55371090244352
45.8353317809689,418.754167581683,3.74859268368045
192.651738387638,289.301032306572,4.28036997759215
558.037618587242,261.868203298963,3.76293427058013
166.135191888422,28.1751408459757,4.22538116397891
504.771790954017,344.815644289823,4.68881044993341
35.5239155775111,46.1797787529131,3.86944654411333
532.497011233555,141.879230935572,4.91128961479999
NA,NA,NA
661.259633813181,332.119575766778,3.47015738931095
452.818413788869,299.17085069553,3.68595926804116
9.77011694227802,493.660676088015,3.57574472499132
561.058690856685,48.1752851514838,4.2791558955979
70.2775342031952,374.289943301745,4.07060664464744
231.797385409911,415.282073539771,3.80149849093055
429.350330519478,12.5226449936801,3.27429809673627
363.541999520553,293.901468589621,2.98815332959083
610.079275355343,100.192461106851,4.13257535133013
393.983726267187,226.773533753977,4.14022749481427
564.016066315711,404.025637102479,4.77563832237276
134.84188811982,284.400318687351,4.58879069152887
197.973992396772,373.622973457431,3.98242656315137
118.438285626034,410.735288006762,3.35598346615737
626.277871486129,314.786779105414,4.54229679313877
3.19870438634591,146.611151677322,4.26226656621053
543.079692090508,208.732323701119,4.16772693835425
35.4978060045961,491.978491028809,2.99864682029167
278.726303264468,17.2208991651892,4.02196903507831
532.747307969171,392.869835580937,3.41453223090182
68.0428816288107,75.5573263275656,5.15944754125
3.07361297064529,78.3044868920476,3.29553740833966
584.670376061114,227.708167198878,3.98225537225785
435.858899125323,458.884234136328,4.81065179988431
658.846846028858,373.006498718559,3.01469022742396
106.631552626046,491.532722310692,4.46371884966701
624.040487019494,90.8280208094915,4.08559143014474
422.336946520672,259.434500663097,3.68312105502503
11.4900337102708,182.6351266255,3.32131185421628
75.7507063144459,114.626421559729,4.39266465195517
609.095968769902,198.875593658252,4.19864949921324
249.928381379035,223.483494273591,4.09436192966458
566.537512771765,430.569645510387,3.73709392107643
302.732669058321,137.637210458611,3.95738121176151
524.862229940822,454.549082322881,3.55371090244352
45.8353317809689,418.754167581683,3.74859268368045
192.651738387638,289.301032306572,4.28036997759215
558.037618587242,261.868203298963,3.76293427058013
166.135191888422,28.1751408459757,4.22538116397891
504.771790954017,344.815644289823,4.68881044993341
35.5239155775111,46.1797787529131,3.86944654411333
532.497011233555,141.879230935572,4.91128961479999
NA,NA,NA
658.873273630527,335.06771832287,3.59313857333542
452.105290456417,298.220193059872,3.7009076061104
5.90976367213629,497.778233453863,3.76684263741092
561.284030162429,52.7168682205561,4.08120000463822
70.5754476982089,376.54293563734,4.05612972637666
222.635677782902,412.593315818705,3.82573322151015
430.168461086254,11.7483849758523,3.33828761132823
360.867629281656,290.906778432207,2.94013421881477
606.046948859708,100.01422522081,4.14349070916875
399.444369860702,230.752490602584,4.24077827099766
568.838446447788,408.161824481527,4.77185554380003
140.339099603499,280.975269110715,4.6758584270192
199.573532746329,372.688984027781,4.07000977925867
124.936533097129,411.743300258321,3.48117349489925
625.62245305978,308.910522158794,4.51898477084786
1.39816222861225,148.709207721494,4.2960512367331
546.182546714482,204.433406614196,4.14741329162248
32.8797292592551,492.394215573119,2.91961900846754
278.831260145582,25.4449915960548,3.71934635437834
532.316128857596,393.820734432567,3.55153513924973
72.526754618881,80.0786057245434,5.15386515711698
3.80417530874935,76.2488984485784,3.68844901239432
587.020291683347,228.247924288384,4.0217444327279
437.631319520284,454.881537710677,4.79368470087525
658.888900642003,375.209825977272,2.73902909667343
101.523933870358,493.693936003165,4.36599493170031
622.568701834145,94.3870265849744,4.09708701023528
418.901368814063,260.040810505409,3.67878283218421
11.066893020643,179.835166615832,3.31353947300954
61.7317802970492,119.767291530894,4.49647288447547
598.244132402221,187.596894985687,4.46334945743594
252.915725177071,226.43984268418,4.06066778708918
576.338013803768,435.801608424717,3.63868350708612
296.777656458137,138.8341455931,3.97802355394989
535.890066514984,463.9758843346,3.75271304347146
54.8962700173274,413.403349890351,3.9618972578939
209.226821437476,293.124707652739,4.08618001951801
555.534373018285,264.40764107074,3.89359823759732
172.419914973017,42.4826118942686,4.25792988783873
502.418334810475,343.57763344809,4.43545220050828
37.7630551848031,59.6967193287412,3.79256540455894
538.591101729562,162.194398615801,4.7241642173381
NA,NA,NA
658.873273630527,335.06771832287,3.59313857333542
452.105290456417,298.220193059872,3.7009076061104
5.90976367213629,497.778233453863,3.76684263741092
561.284030162429,52.7168682205561,4.08120000463822
70.5754476982089,376.54293563734,4.05612972637666
222.635677782902,412.593315818705,3.82573322151015
430.168461086254,11.7483849758523,3.33828761132823
360.867629281656,290.906778432207,2.94013421881477
606.046948859708,100.01422522081,4.14349070916875
399.444369860702,230.752490602584,4.24077827099766
568.838446447788,408.161824481527,4.77185554380003
140.339099603499,280.975269110715,4.6758584270192
199.573532746329,372.688984027781,4.07000977925867
124.936533097129,411.743300258321,3.48117349489925
625.62245305978,308.910522158794,4.51898477084786
1.39816222861225,148.709207721494,4.2960512367331
546.182546714482,204.433406614196,4.14741329162248
32.8797292592551,492.394215573119,2.91961900846754
278.831260145582,25.4449915960548,3.71934635437834
532.316128857596,393.820734432567,3.55153513924973
72.526754618881,80.0786057245434,5.15386515711698
3.80417530874935,76.2488984485784,3.68844901239432
587.020291683347,228.247924288384,4.0217444327279
437.631319520284,454.881537710677,4.79368470087525
658.888900642003,375.209825977272,2.73902909667343
101.523933870358,493.693936003165,4.36599493170031
622.568701834145,94.3870265849744,4.09708701023528
418.901368814063,260.040810505409,3.67878283218421
11.066893020643,179.835166615832,3.31353947300954
61.7317802970492,119.767291530894,4.49647288447547
598.244132402221,187.596894985687,4.46334945743594
252.915725177071,226.43984268418,4.06066778708918
576.338013803768,435.801608424717,3.63868350708612
296.777656458137,138.8341455931,3.97802355394989
535.890066514984,463.9758843346,3.75271304347146
54.8962700173274,413.403349890351,3.9618972578939
209.226821437476,293.124707652739,4.08618001951801
555.534373018285,264.40764107074,3.89359823759732
172.419914973017,42.4826118942686,4.25792988783873
502.418334810475,343.57763344809,4.43545220050828
37.7630551848031,59.6967193287412,3.79256540455894
538.591101729562,162.194398615801,4.7241642173381
NA,NA,NA
658.873273630527,335.06771832287,3.59313857333542
452.105290456417,298.220193059872,3.7009076061104
5.90976367213629,497.778233453863,3.76684263741092
561.284030162429,52.7168682205561,4.08120000463822
70.5754476982089,376.54293563734,4.05612972637666
222.635677782902,412.593315818705,3.82573322151015
430.168461086254,11.7483849758523,3.33828761132823
360.867629281656,290.906778432207,2.94013421881477
606.046948859708,100.01422522081,4.14349070916875
399.444369860702,230.752490602584,4.24077827099766
568.838446447788,408.161824481527,4.77185554380003
140.339099603499,280.975269110715,4.6758584270192
199.573532746329,372.688984027781,4.07000977925867
124.936533097129,411.743300258321,3.48117349489925
625.62245305978,308.910522158794,4.51898477084786
1.39816222861225,148.709207721494,4.2960512367331
546.182546714482,204.433406614196,4.14741329162248
32.8797292592551,492.394215573119,2.91961900846754
278.831260145582,25.4449915960548,3.71934635437834
532.316128857596,393.820734432567,3.55153513924973
72.526754618881,80.0786057245434,5.15386515711698
3.80417530874935,76.2488984485784,3.68844901239432
587.020291683347,228.247924288384,4.0217444327279
437.631319520284,454.881537710677,4.79368470087525
658.888900642003,375.209825977272,2.73902909667343
101.523933870358,493.693936003165,4.36599493170031
622.568701834145,94.3870265849744,4.09708701023528
418.901368814063,260.040810505409,3.67878283218421
11.066893020643,179.835166615832,3.31353947300954
61.7317802970492,119.767291530894,4.49647288447547
598.244132402221,187.596894985687,4.46334945743594
252.915725177071,226.43984268418,4.06066778708918
576.338013803768,435.801608424717,3.63868350708612
296.777656458137,138.8341455931,3.97802355394989
535.890066514984,463.9758843346,3.75271304347146
54.8962700173274,413.403349890351,3.9618972578939
209.226821437476,293.124707652739,4.08618001951801
555.534373018285,264.40764107074,3.89359823759732
172.419914973017,42.4826118942686,4.25792988783873
502.418334810475,343.57763344809,4.43545220050828
37.7630551848031,59.6967193287412,3.79256540455894
538.591101729562,162.194398615801,4.7241642173381
NA,NA,NA
658.873273630527,335.06771832287,3.59313857333542
452.105290456417,298.220193059872,3.7009076061104
5.90976367213629,497.778233453863,3.76684263741092
561.284030162429,52.7168682205561,4.08120000463822
70.5754476982089,376.54293563734,4.05612972637666
222.635677782902,412.593315818705,3.82573322151015
430.168461086254,11.7483849758523,3.33828761132823
360.867629281656,290.906778432207,2.94013421881477
606.046948859708,100.01422522081,4.14349070916875
399.444369860702,230.752490602584,4.24077827099766
568.838446447788,408.161824481527,4.77185554380003
140.339099603499,280.975269110715,4.6758584270192
199.573532746329,372.688984027781,4.07000977925867
124.936533097129,411.743300258321,3.48117349489925
625.62245305978,308.910522158794,4.51898477084786
1.39816222861225,148.709207721494,4.2960512367331
546.182546714482,204.433406614196,4.14741329162248
32.8797292592551,492.394215573119,2.91961900846754
278.831260145582,25.4449915960548,3.71934635437834
532.316128857596,393.820734432567,3.55153513924973
72.526754618881,80.0786057245434,5.15386515711698
3.80417530874935,76.2488984485784,3.68844901239432
587.020291683347,228.247924288384,4.0217444327279
437.631319520284,454.881537710677,4.79368470087525
658.888900642003,375.209825977272,2.73902909667343
101.523933870358,493.693936003165,4.36599493170031
622.568701834145,94.3870265849744,4.09708701023528
418.901368814063,260.040810505409,3.67878283218421
11.066893020643,179.835166615832,3.31353947300954
61.7317802970492,119.767291530894,4.49647288447547
598.244132402221,187.596894985687,4.46334945743594
252.915725177071,226.43984268418,4.06066778708918
576.338013803768,435.801608424717,3.63868350708612
296.777656458137,138.8341455931,3.97802355394989
535.890066514984,463.9758843346,3.75271304347146
54.8962700173274,413.403349890351,3.9618972578939
209.226821437476,293.124707652739,4.08618001951801
555.534373018285,264.40764107074,3.89359823759732
172.419914973017,42.4826118942686,4.25792988783873
502.418334810475,343.57763344809,4.43545220050828
37.7630551848031,59.6967193287412,3.79256540455894
538.591101729562,162.194398615801,4.7241642173381
NA,NA,NA
658.873273630527,335.06771832287,3.59313857333542
452.105290456417,298.220193059872,3.7009076061104
5.90976367213629,497.778233453863,3.76684263741092
561.284030162429,52.7168682205561,4.08120000463822
70.5754476982089,376.54293563734,4.05612972637666
222.635677782902,412.593315818705,3.82573322151015
430.168461086254,11.7483849758523,3.33828761132823
360.867629281656,290.906778432207,2.94013421881477
606.046948859708,100.01422522081,4.14349070916875
399.444369860702,230.752490602584,4.24077827099766
568.838446447788,408.161824481527,4.77185554380003
140.339099603499,280.975269110715,4.6758584270192
199.573532746329,372.688984027781,4.07000977925867
124.936533097129,411.743300258321,3.48117349489925
625.62245305978,308.910522158794,4.51898477084786
1.39816222861225,148.709207721494,4.2960512367331
546.182546714482,204.433406614196,4.14741329162248
32.8797292592551,492.394215573119,2.91961900846754
278.831260145582,25.4449915960548,3.71934635437834
532.316128857596,393.820734432567,3.55153513924973
72.526754618881,80.0786057245434,5.15386515711698
3.80417530874935,76.2488984485784,3.68844901239432
587.020291683347,228.247924288384,4.0217444327279
437.631319520284,454.881537710677,4.79368470087525
658.888900642003,375.209825977272,2.73902909667343
101.523933870358,493.693936003165,4.36599493170031
622.568701834145,94.3870265849744,4.09708701023528
418.901368814063,260.040810505409,3.67878283218421
11.066893020643,179.835166615832,3.31353947300954
61.7317802970492,119.767291530894,4.49647288447547
598.244132402221,187.596894985687,4.46334945743594
252.915725177071,226.43984268418,4.06066778708918
576.338013803768,435.801608424717,3.63868350708612
296.777656458137,138.8341455931,3.97802355394989
535.890066514984,463.9758843346,3.75271304347146
54.8962700173274,413.403349890351,3.9618972578939
209.226821437476,293.124707652739,4.08618001951801
555.534373018285,264.40764107074,3.89359823759732
172.419914973017,42.4826118942686,4.25792988783873
502.418334810475,343.57763344809,4.43545220050828
37.7630551848031,59.6967193287412,3.79256540455894
538.591101729562,162.194398615801,4.7241642173381
NA,NA,NA
658.873273630527,335.06771832287,3.59313857333542
452.105290456417,298.220193059872,3.7009076061104
5.90976367213629,497.778233453863,3.76684263741092
561.284030162429,52.7168682205561,4.08120000463822
70.5754476982089,376.54293563734,4.05612972637666
222.635677782902,412.593315818705,3.82573322151015
430.168461086254,11.7483849758523,3.33828761132823
360.867629281656,290.906778432207,2.94013421881477
606.046948859708,100.01422522081,4.14349070916875
399.444369860702,230.752490602584,4.24077827099766
568.838446447788,408.161824481527,4.77185554380003
140.339099603499,280.975269110715,4.6758584270192
199.573532746329,372.688984027781,4.07000977925867
124.936533097129,411.743300258321,3.48117349489925
625.62245305978,308.910522158794,4.51898477084786
1.39816222861225,148.709207721494,4.2960512367331
546.182546714482,204.433406614196,4.14741329162248
32.8797292592551,492.394215573119,2.91961900846754
278.831260145582,25.4449915960548,3.71934635437834
532.316128857596,393.820734432567,3.55153513924973
72.526754618881,80.0786057245434,5.15386515711698
3.80417530874935,76.2488984485784,3.68844901239432
587.020291683347,228.247924288384,4.0217444327279
437.631319520284,454.881537710677,4.79368470087525
658.888900642003,375.209825977272,2.73902909667343
101.523933870358,493.693936003165,4.36599493170031
622.568701834145,94.3870265849744,4.09708701023528
418.901368814063,260.040810505409,3.67878283218421
11.066893020643,179.835166615832,3.31353947300954
61.7317802970492,119.767291530894,4.49647288447547
598.244132402221,187.596894985687,4.46334945743594
252.915725177071,226.43984268418,4.06066778708918
576.338013803768,435.801608424717,3.63868350708612
296.777656458137,138.8341455931,3.97802355394989
535.890066514984,463.9758843346,3.75271304347146
54.8962700173274,413.403349890351,3.9618972578939
209.226821437476,293.124707652739,4.08618001951801
555.534373018285,264.40764107074,3.89359823759732
172.419914973017,42.4826118942686,4.25792988783873
502.418334810475,343.57763344809,4.43545220050828
37.7630551848031,59.6967193287412,3.79256540455894
538.591101729562,162.194398615801,4.7241642173381
NA,NA,NA
663.454620336883,333.413158276694,3.53405961364588
455.450001577883,296.449744690362,3.7323343634734
11.6484590155202,495.826134340579,3.68118243314395
559.78665595259,53.7479174750683,4.05451763631442
73.3424412287794,371.906481805484,3.90276363972063
229.756988747497,415.347804827346,3.88001614393955
427.593582238968,12.7451216141673,3.29782712836773
365.832730123833,292.275117731414,2.93860432689367
602.821893701586,102.613930476708,4.23765446028588
396.397899456135,231.38294947382,4.14793484890811
561.101615567168,408.638896751547,4.71208387942517
147.025669771968,279.238386876163,4.46582052669432
200.843726301768,371.330832420841,4.0484587816998
126.655598841327,411.040361451258,3.35827775723172
635.246550485818,311.590293621036,4.50944790239057
-0.563842996951366,152.541195128945,4.19839878818446
543.079509553578,198.20097019705,4.05677632550106
33.8795109934929,491.217159590933,3.11064540301203
278.324844164976,24.4415235949151,3.76546127678951
533.945186901583,391.715299583248,3.24558980714012
74.6193928426216,70.540514604524,5.2977465178377
4.78862810978413,75.5203069347241,3.45582347833906
588.133612019092,227.268402143813,3.96607458076446
438.995226226279,455.959061233409,4.80107469265325
656.979888809302,375.918730114419,2.98957971089682
107.523635398904,486.014135116173,4.338791754751
628.723072977455,90.9183481875457,4.10859335249542
421.22667453626,256.804566531688,3.65223213264288
10.896766521487,181.583247456461,3.35045171446285
86.5172067807634,109.508359973751,4.70641738516065
606.54559306706,191.87609802111,4.46887985724079
252.446180353425,207.7645019792,3.72683478757113
566.618914882746,437.837256568107,3.67206763602468
297.879837610149,134.047781435586,3.87188026720469
528.662243283501,450.492475702783,3.6122931613338
58.4107343654247,407.074827371702,3.77185676906095
183.286860593638,286.592630879964,4.12841226941448
554.157392007585,268.204446325255,3.70931931789163
181.883978364788,26.436545023262,4.31696783896626
498.353165685298,345.800434919728,4.45357672313304
30.8973272062065,56.6814039966248,3.78993851280335
536.075153343384,164.001375479011,4.41194583975723
NA,NA,NA
663.454620336883,333.413158276694,3.53405961364588
455.450001577883,296.449744690362,3.7323343634734
11.6484590155202,495.826134340579,3.68118243314395
559.78665595259,53.7479174750683,4.05451763631442
73.3424412287794,371.906481805484,3.90276363972063
229.756988747497,415.347804827346,3.88001614393955
427.593582238968,12.7451216141673,3.29782712836773
365.832730123833,292.275117731414,2.93860432689367
602.821893701586,102.613930476708,4.23765446028588
396.397899456135,231.38294947382,4.14793484890811
561.101615567168,408.638896751547,4.71208387942517
147.025669771968,279.238386876163,4.46582052669432
200.843726301768,371.330832420841,4.0484587816998
126.655598841327,411.040361451258,3.35827775723172
635.246550485818,311.590293621036,4.50944790239057
-0.563842996951366,152.541195128945,4.19839878818446
543.079509553578,198.20097019705,4.05677632550106
33.8795109934929,491.217159590933,3.11064540301203
278.324844164976,24.4415235949151,3.76546127678951
533.945186901583,391.715299583248,3.24558980714012
74.6193928426216,70.540514604524,5.2977465178377
4.78862810978413,75.5203069347241,3.45582347833906
588.133612019092,227.268402143813,3.96607458076446
438.995226226279,455.959061233409,4.80107469265325
656.979888809302,375.918730114419,2.98957971089682
107.523635398904,486.014135116173,4.338791754751
628.723072977455,90.9183481875457,4.10859335249542
421.22667453626,256.804566531688,3.65223213264288
10.896766521487,181.583247456461,3.35045171446285
86.5172067807634,109.508359973751,4.70641738516065
606.54559306706,191.87609802111,4.46887985724079
252.446180353425,207.7645019792,3.72683478757113
566.618914882746,437.837256568107,3.67206763602468
297.879837610149,134.047781435586,3.87188026720469
528.662243283501,450.492475702783,3.6122931613338
58.4107343654247,407.074827371702,3.77185676906095
183.286860593638,286.592630879964,4.12841226941448
554.157392007585,268.204446325255,3.70931931789163
181.883978364788,26.436545023262,4.31696783896626
498.353165685298,345.800434919728,4.45357672313304
30.8973272062065,56.6814039966248,3.78993851280335
536.075153343384,164.001375479011,4.41194583975723
NA,NA,NA
663.454620336883,333.413158276694,3.53405961364588
455.450001577883,296.449744690362,3.7323343634734
11.6484590155202,495.826134340579,3.68118243314395
559.78665595259,53.7479174750683,4.05451763631442
73.3424412287794,371.906481805484,3.90276363972063
229.756988747497,415.347804827346,3.88001614393955
427.593582238968,12.7451216141673,3.29782712836773
365.832730123833,292.275117731414,2.93860432689367
602.821893701586,102.613930476708,4.23765446028588
396.397899456135,231.38294947382,4.14793484890811
561.101615567168,408.638896751547,4.71208387942517
147.025669771968,279.238386876163,4.46582052669432
200.843726301768,371.330832420841,4.0484587816998
126.655598841327,411.040361451258,3.35827775723172
635.246550485818,311.590293621036,4.50944790239057
-0.563842996951366,152.541195128945,4.19839878818446
543.079509553578,198.20097019705,4.05677632550106
33.8795109934929,491.217159590933,3.11064540301203
278.324844164976,24.4415235949151,3.76546127678951
533.945186901583,391.715299583248,3.24558980714012
74.6193928426216,70.540514604524,5.2977465178377
4.78862810978413,75.5203069347241,3.45582347833906
588.133612019092,227.268402143813,3.96607458076446
438.995226226279,455.959061233409,4.80107469265325
656.979888809302,375.918730114419,2.98957971089682
107.523635398904,486.014135116173,4.338791754751
628.723072977455,90.9183481875457,4.10859335249542
421.22667453626,256.804566531688,3.65223213264288
10.896766521487,181.583247456461,3.35045171446285
86.5172067807634,109.508359973751,4.70641738516065
606.54559306706,191.87609802111,4.46887985724079
252.446180353425,207.7645019792,3.72683478757113
566.618914882746,437.837256568107,3.67206763602468
297.879837610149,134.047781435586,3.87188026720469
528.662243283501,450.492475702783,3.6122931613338
58.4107343654247,407.074827371702,3.77185676906095
183.286860593638,286.592630879964,4.12841226941448
554.157392007585,268.204446325255,3.70931931789163
181.883978364788,26.436545023262,4.31696783896626
498.353165685298,345.800434919728,4.45357672313304
30.8973272062065,56.6814039966248,3.78993851280335
536.075153343384,164.001375479011,4.41194583975723
NA,NA,NA
663.454620336883,333.413158276694,3.53405961364588
455.450001577883,296.449744690362,3.7323343634734
11.6484590155202,495.826134340579,3.68118243314395
559.78665595259,53.7479174750683,4.05451763631442
73.3424412287794,371.906481805484,3.90276363972063
229.756988747497,415.347804827346,3.88001614393955
427.593582238968,12.7451216141673,3.29782712836773
365.832730123833,292.275117731414,2.93860432689367
602.821893701586,102.613930476708,4.23765446028588
396.397899456135,231.38294947382,4.14793484890811
561.101615567168,408.638896751547,4.71208387942517
147.025669771968,279.238386876163,4.46582052669432
200.843726301768,371.330832420841,4.0484587816998
126.655598841327,411.040361451258,3.35827775723172
635.246550485818,311.590293621036,4.50944790239057
-0.563842996951366,152.541195128945,4.19839878818446
543.079509553578,198.20097019705,4.05677632550106
33.8795109934929,491.217159590933,3.11064540301203
278.324844164976,24.4415235949151,3.76546127678951
533.945186901583,391.715299583248,3.24558980714012
74.6193928426216,70.540514604524,5.2977465178377
4.78862810978413,75.5203069347241,3.45582347833906
588.133612019092,227.268402143813,3.96607458076446
438.995226226279,455.959061233409,4.80107469265325
656.979888809302,375.918730114419,2.98957971089682
107.523635398904,486.014135116173,4.338791754751
628.723072977455,90.9183481875457,4.10859335249542
421.22667453626,256.804566531688,3.65223213264288
10.896766521487,181.583247456461,3.35045171446285
86.5172067807634,109.508359973751,4.70641738516065
606.54559306706,191.87609802111,4.46887985724079
252.446180353425,207.7645019792,3.72683478757113
566.618914882746,437.837256568107,3.67206763602468
297.879837610149,134.047781435586,3.87188026720469
528.662243283501,450.492475702783,3.6122931613338
58.4107343654247,407.074827371702,3.77185676906095
183.286860593638,286.592630879964,4.12841226941448
554.157392007585,268.204446325255,3.70931931789163
181.883978364788,26.436545023262,4.31696783896626
498.353165685298,345.800434919728,4.45357672313304
30.8973272062065,56.6814039966248,3.78993851280335
536.075153343384,164.001375479011,4.41194583975723
NA,NA,NA
663.454620336883,333.413158276694,3.53405961364588
455.450001577883,296.449744690362,3.7323343634734
11.6484590155202,495.826134340579,3.68118243314395
559.78665595259,53.7479174750683,4.05451763631442
73.3424412287794,371.906481805484,3.90276363972063
229.756988747497,415.347804827346,3.88001614393955
427.593582238968,12.7451216141673,3.29782712836773
365.832730123833,292.275117731414,2.93860432689367
602.821893701586,102.613930476708,4.23765446028588
396.397899456135,231.38294947382,4.14793484890811
561.101615567168,408.638896751547,4.71208387942517
147.025669771968,279.238386876163,4.46582052669432
200.843726301768,371.330832420841,4.0484587816998
126.655598841327,411.040361451258,3.35827775723172
635.246550485818,311.590293621036,4.50944790239057
-0.563842996951366,152.541195128945,4.19839878818446
543.079509553578,198.20097019705,4.05677632550106
33.8795109934929,491.217159590933,3.11064540301203
278.324844164976,24.4415235949151,3.76546127678951
533.945186901583,391.715299583248,3.24558980714012
74.6193928426216,70.540514604524,5.2977465178377
4.78862810978413,75.5203069347241,3.45582347833906
588.133612019092,227.268402143813,3.96607458076446
438.995226226279,455.959061233409,4.80107469265325
656.979888809302,375.918730114419,2.98957971089682
107.523635398904,486.014135116173,4.338791754751
628.723072977455,90.9183481875457,4.10859335249542
421.22667453626,256.804566531688,3.65223213264288
10.896766521487,181.583247456461,3.35045171446285
86.5172067807634,109.508359973751,4.70641738516065
606.54559306706,191.87609802111,4.46887985724079
252.446180353425,207.7645019792,3.72683478757113
566.618914882746,437.837256568107,3.67206763602468
297.879837610149,134.047781435586,3.87188026720469
528.662243283501,450.492475702783,3.6122931613338
58.4107343654247,407.074827371702,3.77185676906095
183.286860593638,286.592630879964,4.12841226941448
554.157392007585,268.204446325255,3.70931931789163
181.883978364788,26.436545023262,4.31696783896626
498.353165685298,345.800434919728,4.45357672313304
30.8973272062065,56.6814039966248,3.78993851280335
536.075153343384,164.001375479011,4.41194583975723
NA,NA,NA
663.454620336883,333.413158276694,3.53405961364588
455.450001577883,296.449744690362,3.7323343634734
11.6484590155202,495.826134340579,3.68118243314395
559.78665595259,53.7479174750683,4.05451763631442
73.3424412287794,371.906481805484,3.90276363972063
229.756988747497,415.347804827346,3.88001614393955
427.593582238968,12.7451216141673,3.29782712836773
365.832730123833,292.275117731414,2.93860432689367
602.821893701586,102.613930476708,4.23765446028588
396.397899456135,231.38294947382,4.14793484890811
561.101615567168,408.638896751547,4.71208387942517
147.025669771968,279.238386876163,4.46582052669432
200.843726301768,371.330832420841,4.0484587816998
126.655598841327,411.040361451258,3.35827775723172
635.246550485818,311.590293621036,4.50944790239057
-0.563842996951366,152.541195128945,4.19839878818446
543.079509553578,198.20097019705,4.05677632550106
33.8795109934929,491.217159590933,3.11064540301203
278.324844164976,24.4415235949151,3.76546127678951
533.945186901583,391.715299583248,3.24558980714012
74.6193928426216,70.540514604524,5.2977465178377
4.78862810978413,75.5203069347241,3.45582347833906
588.133612019092,227.268402143813,3.96607458076446
438.995226226279,455.959061233409,4.80107469265325
656.979888809302,375.918730114419,2.98957971089682
107.523635398904,486.014135116173,4.338791754751
628.723072977455,90.9183481875457,4.10859335249542
421.22667453626,256.804566531688,3.65223213264288
10.896766521487,181.583247456461,3.35045171446285
86.5172067807634,109.508359973751,4.70641738516065
606.54559306706,191.87609802111,4.46887985724079
252.446180353425,207.7645019792,3.72683478757113
566.618914882746,437.837256568107,3.67206763602468
297.879837610149,134.047781435586,3.87188026720469
528.662243283501,450.492475702783,3.6122931613338
58.4107343654247,407.074827371702,3.77185676906095
183.286860593638,286.592630879964,4.12841226941448
554.157392007585,268.204446325255,3.70931931789163
181.883978364788,26.436545023262,4.31696783896626
498.353165685298,345.800434919728,4.45357672313304
30.8973272062065,56.6814039966248,3.78993851280335
536.075153343384,164.001375479011,4.41194583975723
NA,NA,NA
656.822132058079,334.276724517331,3.51196651016726
457.165815736498,298.397828100386,3.61289937783549
12.1028818353022,495.690285275763,3.50309340707163
559.121849254145,52.202029875853,4.17080723913091
69.2747942261082,373.449117176581,3.9848074360565
227.267965254245,412.776487924914,3.83696943943621
429.232741939385,13.9605056902929,3.29567170058812
361.005505845277,293.611189196961,3.04468736350434
605.071501110776,104.098324653311,4.22662186816424
391.607683218683,228.179330022987,4.17407570173053
570.893953157577,406.139989674253,4.6894919455643
142.319769059596,287.115295861477,4.65285650987684
196.688406128379,367.833360361271,4.11311720582669
125.090781463492,411.39878341126,3.38986179771001
622.827968710014,314.890843427377,4.56962096118923
2.07966689662034,149.981222651387,4.21561754769604
545.071605034102,194.387116432685,4.10795812559934
33.1746188553719,490.896067408031,3.06120989735699
279.633977201001,23.3329030643861,3.86054862265256
534.526903787162,392.814082505696,3.38182351152763
72.4803528335857,78.847620050036,5.23385151129715
8.58115463626186,78.0306109233149,3.31475084705579
593.432820077614,221.921395442254,4.047872147029
439.217355996141,460.216581364069,4.68452388562328
659.450989384823,373.365336259405,2.98364881167489
101.688445717528,490.990969261779,4.34108979892677
620.367674892898,91.0897889952609,4.12250149103105
422.570958829281,257.301573222966,3.67403615142204
11.141524054342,182.938189538209,3.32393047357799
60.8810016151422,131.927152454042,4.55312556601798
614.746486958547,204.260883794372,4.34999493833305
256.313946366847,210.076938617182,4.21684781666567
583.066933777942,427.24989687693,3.85936369816135
301.703578928613,138.97782343406,3.85521628203094
532.134347925713,453.197733814457,3.49211202034581
49.3525878559883,421.890084062334,3.95130730621988
193.136553705766,283.887387388048,3.98082396625026
557.641844972747,262.327913432199,4.01759074277969
167.304971774164,41.239371163367,4.05938124689201
507.128138632487,346.787451794762,4.63548731536796
45.6475369152924,48.0244317900314,3.73307490299738
525.793280878475,136.928228853955,4.8181426774576
NA,NA,NA
656.822132058079,334.276724517331,3.51196651016726
457.165815736498,298.397828100386,3.61289937783549
12.1028818353022,495.690285275763,3.50309340707163
559.121849254145,52.202029875853,4.17080723913091
69.2747942261082,373.449117176581,3.9848074360565
227.267965254245,412.776487924914,3.83696943943621
429.232741939385,13.9605056902929,3.29567170058812
361.005505845277,293.611189196961,3.04468736350434
605.071501110776,104.098324653311,4.22662186816424
391.607683218683,228.179330022987,4.17407570173053
570.893953157577,406.139989674253,4.6894919455643
142.319769059596,287.115295861477,4.65285650987684
196.688406128379,367.833360361271,4.11311720582669
125.090781463492,411.39878341126,3.38986179771001
622.827968710014,314.890843427377,4.56962096118923
2.07966689662034,149.981222651387,4.21561754769604
545.071605034102,194.387116432685,4.10795812559934
33.1746188553719,490.896067408031,3.06120989735699
279.633977201001,23.3329030643861,3.86054862265256
534.526903787162,392.814082505696,3.38182351152763
72.4803528335857,78.847620050036,5.23385151129715
8.58115463626186,78.0306109233149,3.31475084705579
593.432820077614,221.921395442254,4.047872147029
439.217355996141,460.216581364069,4.68452388562328
659.450989384823,373.365336259405,2.98364881167489
101.688445717528,490.990969261779,4.34108979892677
620.367674892898,91.0897889952609,4.12250149103105
422.570958829281,257.301573222966,3.67403615142204
11.141524054342,182.938189538209,3.32393047357799
60.8810016151422,131.927152454042,4.55312556601798
614.746486958547,204.260883794372,4.34999493833305
256.313946366847,210.076938617182,4.21684781666567
583.066933777942,427.24989687693,3.85936369816135
301.703578928613,138.97782343406,3.85521628203094
532.134347925713,453.197733814457,3.49211202034581
49.3525878559883,421.890084062334,3.95130730621988
193.136553705766,283.887387388048,3.98082396625026
557.641844972747,262.327913432199,4.01759074277969
167.304971774164,41.239371163367,4.05938124689201
507.128138632487,346.787451794762,4.63548731536796
45.6475369152924,48.0244317900314,3.73307490299738
525.793280878475,136.928228853955,4.8181426774576
NA,NA,NA
656.822132058079,334.276724517331,3.51196651016726
457.165815736498,298.397828100386,3.61289937783549
12.1028818353022,495.690285275763,3.50309340707163
559.121849254145,52.202029875853,4.17080723913091
69.2747942261082,373.449117176581,3.9848074360565
227.267965254245,412.776487924914,3.83696943943621
429.232741939385,13.9605056902929,3.29567170058812
361.005505845277,293.611189196961,3.04468736350434
605.071501110776,104.098324653311,4.22662186816424
391.607683218683,228.179330022987,4.17407570173053
570.893953157577,406.139989674253,4.6894919455643
142.319769059596,287.115295861477,4.65285650987684
196.688406128379,367.833360361271,4.11311720582669
125.090781463492,411.39878341126,3.38986179771001
622.827968710014,314.890843427377,4.56962096118923
2.07966689662034,149.981222651387,4.21561754769604
545.071605034102,194.387116432685,4.10795812559934
33.1746188553719,490.896067408031,3.06120989735699
279.633977201001,23.3329030643861,3.86054862265256
534.526903787162,392.814082505696,3.38182351152763
72.4803528335857,78.847620050036,5.23385151129715
8.58115463626186,78.0306109233149,3.31475084705579
593.432820077614,221.921395442254,4.047872147029
439.217355996141,460.216581364069,4.68452388562328
659.450989384823,373.365336259405,2.98364881167489
101.688445717528,490.990969261779,4.34108979892677
620.367674892898,91.0897889952609,4.12250149103105
422.570958829281,257.301573222966,3.67403615142204
11.141524054342,182.938189538209,3.32393047357799
60.8810016151422,131.927152454042,4.55312556601798
614.746486958547,204.260883794372,4.34999493833305
256.313946366847,210.076938617182,4.21684781666567
583.066933777942,427.24989687693,3.85936369816135
301.703578928613,138.97782343406,3.85521628203094
532.134347925713,453.197733814457,3.49211202034581
49.3525878559883,421.890084062334,3.95130730621988
193.136553705766,283.887387388048,3.98082396625026
557.641844972747,262.327913432199,4.01759074277969
167.304971774164,41.239371163367,4.05938124689201
507.128138632487,346.787451794762,4.63548731536796
45.6475369152924,48.0244317900314,3.73307490299738
525.793280878475,136.928228853955,4.8181426774576
NA,NA,NA
656.822132058079,334.276724517331,3.51196651016726
457.165815736498,298.397828100386,3.61289937783549
12.1028818353022,495.690285275763,3.50309340707163
559.121849254145,52.202029875853,4.17080723913091
69.2747942261082,373.449117176581,3.9848074360565
227.267965254245,412.776487924914,3.83696943943621
429.232741939385,13.9605056902929,3.29567170058812
361.005505845277,293.611189196961,3.04468736350434
605.071501110776,104.098324653311,4.22662186816424
391.607683218683,228.179330022987,4.17407570173053
570.893953157577,406.139989674253,4.6894919455643
142.319769059596,287.115295861477,4.65285650987684
196.688406128379,367.833360361271,4.11311720582669
125.090781463492,411.39878341126,3.38986179771001
622.827968710014,314.890843427377,4.56962096118923
2.07966689662034,149.981222651387,4.21561754769604
545.071605034102,194.387116432685,4.10795812559934
33.1746188553719,490.896067408031,3.06120989735699
279.633977201001,23.3329030643861,3.86054862265256
534.526903787162,392.814082505696,3.38182351152763
72.4803528335857,78.847620050036,5.23385151129715
8.58115463626186,78.0306109233149,3.31475084705579
593.432820077614,221.921395442254,4.047872147029
439.217355996141,460.216581364069,4.68452388562328
659.450989384823,373.365336259405,2.98364881167489
101.688445717528,490.990969261779,4.34108979892677
620.367674892898,91.0897889952609,4.12250149103105
422.570958829281,257.301573222966,3.67403615142204
11.141524054342,182.938189538209,3.32393047357799
60.8810016151422,131.927152454042,4.55312556601798
614.746486958547,204.260883794372,4.34999493833305
256.313946366847,210.076938617182,4.21684781666567
583.066933777942,427.24989687693,3.85936369816135
301.703578928613,138.97782343406,3.85521628203094
532.134347925713,453.197733814457,3.49211202034581
49.3525878559883,421.890084062334,3.95130730621988
193.136553705766,283.887387388048,3.98082396625026
557.641844972747,262.327913432199,4.01759074277969
167.304971774164,41.239371163367,4.05938124689201
507.128138632487,346.787451794762,4.63548731536796
45.6475369152924,48.0244317900314,3.73307490299738
525.793280878475,136.928228853955,4.8181426774576
NA,NA,NA
656.822132058079,334.276724517331,3.51196651016726
457.165815736498,298.397828100386,3.61289937783549
12.1028818353022,495.690285275763,3.50309340707163
559.121849254145,52.202029875853,4.17080723913091
69.2747942261082,373.449117176581,3.9848074360565
227.267965254245,412.776487924914,3.83696943943621
429.232741939385,13.9605056902929,3.29567170058812
361.005505845277,293.611189196961,3.04468736350434
605.071501110776,104.098324653311,4.22662186816424
391.607683218683,228.179330022987,4.17407570173053
570.893953157577,406.139989674253,4.6894919455643
142.319769059596,287.115295861477,4.65285650987684
196.688406128379,367.833360361271,4.11311720582669
125.090781463492,411.39878341126,3.38986179771001
622.827968710014,314.890843427377,4.56962096118923
2.07966689662034,149.981222651387,4.21561754769604
545.071605034102,194.387116432685,4.10795812559934
33.1746188553719,490.896067408031,3.06120989735699
279.633977201001,23.3329030643861,3.86054862265256
534.526903787162,392.814082505696,3.38182351152763
72.4803528335857,78.847620050036,5.23385151129715
8.58115463626186,78.0306109233149,3.31475084705579
593.432820077614,221.921395442254,4.047872147029
439.217355996141,460.216581364069,4.68452388562328
659.450989384823,373.365336259405,2.98364881167489
101.688445717528,490.990969261779,4.34108979892677
620.367674892898,91.0897889952609,4.12250149103105
422.570958829281,257.301573222966,3.67403615142204
11.141524054342,182.938189538209,3.32393047357799
60.8810016151422,131.927152454042,4.55312556601798
614.746486958547,204.260883794372,4.34999493833305
256.313946366847,210.076938617182,4.21684781666567
583.066933777942,427.24989687693,3.85936369816135
301.703578928613,138.97782343406,3.85521628203094
532.134347925713,453.197733814457,3.49211202034581
49.3525878559883,421.890084062334,3.95130730621988
193.136553705766,283.887387388048,3.98082396625026
557.641844972747,262.327913432199,4.01759074277969
167.304971774164,41.239371163367,4.05938124689201
507.128138632487,346.787451794762,4.63548731536796
45.6475369152924,48.0244317900314,3.73307490299738
525.793280878475,136.928228853955,4.8181426774576
NA,NA,NA
656.822132058079,334.276724517331,3.51196651016726
457.165815736498,298.397828100386,3.61289937783549
12.1028818353022,495.690285275763,3.50309340707163
559.121849254145,52.202029875853,4.17080723913091
69.2747942261082,373.449117176581,3.9848074360565
227.267965254245,412.776487924914,3.83696943943621
429.232741939385,13.9605056902929,3.29567170058812
361.005505845277,293.611189196961,3.04468736350434
605.071501110776,104.098324653311,4.22662186816424
391.607683218683,228.179330022987,4.17407570173053
570.893953157577,406.139989674253,4.6894919455643
142.319769059596,287.115295861477,4.65285650987684
196.688406128379,367.833360361271,4.11311720582669
125.090781463492,411.39878341126,3.38986179771001
622.827968710014,314.890843427377,4.56962096118923
2.07966689662034,149.981222651387,4.21561754769604
545.071605034102,194.387116432685,4.10795812559934
33.1746188553719,490.896067408031,3.06120989735699
279.633977201001,23.3329030643861,3.86054862265256
534.526903787162,392.814082505696,3.38182351152763
72.4803528335857,78.847620050036,5.23385151129715
8.58115463626186,78.0306109233149,3.31475084705579
593.432820077614,221.921395442254,4.047872147029
439.217355996141,460.216581364069,4.68452388562328
659.450989384823,373.365336259405,2.98364881167489
101.688445717528,490.990969261779,4.34108979892677
620.367674892898,91.0897889952609,4.12250149103105
422.570958829281,257.301573222966,3.67403615142204
11.141524054342,182.938189538209,3.32393047357799
60.8810016151422,131.927152454042,4.55312556601798
614.746486958547,204.260883794372,4.34999493833305
256.313946366847,210.076938617182,4.21684781666567
583.066933777942,427.24989687693,3.85936369816135
301.703578928613,138.97782343406,3.85521628203094
532.134347925713,453.197733814457,3.49211202034581
49.3525878559883,421.890084062334,3.95130730621988
193.136553705766,283.887387388048,3.98082396625026
557.641844972747,262.327913432199,4.01759074277969
167.304971774164,41.239371163367,4.05938124689201
507.128138632487,346.787451794762,4.63548731536796
45.6475369152924,48.0244317900314,3.73307490299738
525.793280878475,136.928228853955,4.8181426774576
NA,NA,NA
660.1300870776,333.78250855139,3.49682375275465
455.82320272879,302.672610207959,3.51508666438394
10.4446564140294,497.62438139658,3.63000970122738
557.721857555301,46.1501982642252,4.22462168164424
75.1071365449007,376.610784249146,3.85784356178668
233.641040803021,415.127119410591,3.95174813685104
428.00221762083,12.1223485292052,3.18497532319819
362.616628672749,291.538444699467,3.02914012689247
608.561099588034,105.979778226324,4.03799096005512
392.608582984149,227.280700907102,4.25878512456627
568.534064364196,413.633925027215,4.75404396838476
144.54653406779,281.260619871325,4.51885816606221
198.979873513863,373.383169437315,3.95221211239578
127.088126690271,411.789811349972,3.46544304974003
621.806293698783,310.389783047067,4.58723822483191
4.09041501792078,148.904455146697,4.24408457083159
540.103433190978,200.390350938008,4.14317335329345
35.4645218752167,489.7436221843,2.96470769995752
282.027644014279,19.8418144724683,3.73660712907711
531.378333004545,390.583376556802,3.18759847770997
71.8163430229859,75.6774902868836,5.20677967241733
5.15611509748597,76.1645998428519,3.48805645421393
585.556064595941,226.095902506235,4.09206589966119
445.037092105352,464.910911298176,4.77536234746267
660.42653059409,372.483877365929,3.07371835104123
110.51063489848,484.540116517365,4.37898064191756
626.220167936064,89.385975292548,4.15490124143357
418.189938946428,260.164430340036,3.56330708852731
10.2516387283085,184.875411688246,3.17349529992351
68.9398615143971,115.613471191132,4.30838449658733
606.50014943737,206.011582893412,4.19268782437056
249.120481178798,215.800131592295,3.73311630650294
576.288374562074,437.501104844609,3.69360685993638
300.523239777216,133.282216499846,3.94625583381791
532.291518114158,459.948469704272,3.4437371203677
48.7986869115511,421.687337308427,3.71121613529475
188.334751480467,293.301185648913,4.55499989495324
553.036999365329,263.282497706225,3.83296924084296
175.089896947573,16.7804244358749,4.78596852356562
492.915849462722,338.46417589283,4.24795465504554
34.1336056942671,55.2417940643,4.21449273299849
519.141722591258,143.753480524384,4.78049024189671
NA,NA,NA
660.1300870776,333.78250855139,3.49682375275465
455.82320272879,302.672610207959,3.51508666438394
10.4446564140294,497.62438139658,3.63000970122738
557.721857555301,46.1501982642252,4.22462168164424
75.1071365449007,376.610784249146,3.85784356178668
233.641040803021,415.127119410591,3.95174813685104
428.00221762083,12.1223485292052,3.18497532319819
362.616628672749,291.538444699467,3.02914012689247
608.561099588034,105.979778226324,4.03799096005512
392.608582984149,227.280700907102,4.25878512456627
568.534064364196,413.633925027215,4.75404396838476
144.54653406779,281.260619871325,4.51885816606221
198.979873513863,373.383169437315,3.95221211239578
127.088126690271,411.789811349972,3.46544304974003
621.806293698783,310.389783047067,4.58723822483191
4.09041501792078,148.904455146697,4.24408457083159
540.103433190978,200.390350938008,4.14317335329345
35.4645218752167,489.7436221843,2.96470769995752
282.027644014279,19.8418144724683,3.73660712907711
531.378333004545,390.583376556802,3.18759847770997
71.8163430229859,75.6774902868836,5.20677967241733
5.15611509748597,76.1645998428519,3.48805645421393
585.556064595941,226.095902506235,4.09206589966119
445.037092105352,464.910911298176,4.77536234746267
660.42653059409,372.483877365929,3.07371835104123
110.51063489848,484.540116517365,4.37898064191756
626.220167936064,89.385975292548,4.15490124143357
418.189938946428,260.164430340036,3.56330708852731
10.2516387283085,184.875411688246,3.17349529992351
68.9398615143971,115.613471191132,4.30838449658733
606.50014943737,206.011582893412,4.19268782437056
249.120481178798,215.800131592295,3.73311630650294
576.288374562074,437.501104844609,3.69360685993638
300.523239777216,133.282216499846,3.94625583381791
532.291518114158,459.948469704272,3.4437371203677
48.7986869115511,421.687337308427,3.71121613529475
188.334751480467,293.301185648913,4.55499989495324
553.036999365329,263.282497706225,3.83296924084296
175.089896947573,16.7804244358749,4.78596852356562
492.915849462722,338.46417589283,4.24795465504554
34.1336056942671,55.2417940643,4.21449273299849
519.141722591258,143.753480524384,4.78049024189671
NA,NA,NA
660.1300870776,333.78250855139,3.49682375275465
455.82320272879,302.672610207959,3.51508666438394
10.4446564140294,497.62438139658,3.63000970122738
557.721857555301,46.1501982642252,4.22462168164424
75.1071365449007,376.610784249146,3.85784356178668
233.641040803021,415.127119410591,3.95174813685104
428.00221762083,12.1223485292052,3.18497532319819
362.616628672749,291.538444699467,3.02914012689247
608.561099588034,105.979778226324,4.03799096005512
392.608582984149,227.280700907102,4.25878512456627
568.534064364196,413.633925027215,4.75404396838476
144.54653406779,281.260619871325,4.51885816606221
198.979873513863,373.383169437315,3.95221211239578
127.088126690271,411.789811349972,3.46544304974003
621.806293698783,310.389783047067,4.58723822483191
4.09041501792078,148.904455146697,4.24408457083159
540.103433190978,200.390350938008,4.14317335329345
35.4645218752167,489.7436221843,2.96470769995752
282.027644014279,19.8418144724683,3.73660712907711
531.378333004545,390.583376556802,3.18759847770997
71.8163430229859,75.6774902868836,5.20677967241733
5.15611509748597,76.1645998428519,3.48805645421393
585.556064595941,226.095902506235,4.09206589966119
445.037092105352,464.910911298176,4.77536234746267
660.42653059409,372.483877365929,3.07371835104123
110.51063489848,484.540116517365,4.37898064191756
626.220167936064,89.385975292548,4.15490124143357
418.189938946428,260.164430340036,3.56330708852731
10.2516387283085,184.875411688246,3.17349529992351
68.9398615143971,115.613471191132,4.30838449658733
606.50014943737,206.011582893412,4.19268782437056
249.120481178798,215.800131592295,3.73311630650294
576.288374562074,437.501104844609,3.69360685993638
300.523239777216,133.282216499846,3.94625583381791
532.291518114158,459.948469704272,3.4437371203677
48.7986869115511,421.687337308427,3.71121613529475
188.334751480467,293.301185648913,4.55499989495324
553.036999365329,263.282497706225,3.83296924084296
175.089896947573,16.7804244358749,4.78596852356562
492.915849462722,338.46417589283,4.24795465504554
34.1336056942671,55.2417940643,4.21449273299849
519.141722591258,143.753480524384,4.78049024189671
NA,NA,NA
660.1300870776,333.78250855139,3.49682375275465
455.82320272879,302.672610207959,3.51508666438394
10.4446564140294,497.62438139658,3.63000970122738
557.721857555301,46.1501982642252,4.22462168164424
75.1071365449007,376.610784249146,3.85784356178668
233.641040803021,415.127119410591,3.95174813685104
428.00221762083,12.1223485292052,3.18497532319819
362.616628672749,291.538444699467,3.02914012689247
608.561099588034,105.979778226324,4.03799096005512
392.608582984149,227.280700907102,4.25878512456627
568.534064364196,413.633925027215,4.75404396838476
144.54653406779,281.260619871325,4.51885816606221
198.979873513863,373.383169437315,3.95221211239578
127.088126690271,411.789811349972,3.46544304974003
621.806293698783,310.389783047067,4.58723822483191
4.09041501792078,148.904455146697,4.24408457083159
540.103433190978,200.390350938008,4.14317335329345
35.4645218752167,489.7436221843,2.96470769995752
282.027644014279,19.8418144724683,3.73660712907711
531.378333004545,390.583376556802,3.18759847770997
71.8163430229859,75.6774902868836,5.20677967241733
5.15611509748597,76.1645998428519,3.48805645421393
585.556064595941,226.095902506235,4.09206589966119
445.037092105352,464.910911298176,4.77536234746267
660.42653059409,372.483877365929,3.07371835104123
110.51063489848,484.540116517365,4.37898064191756
626.220167936064,89.385975292548,4.15490124143357
418.189938946428,260.164430340036,3.56330708852731
10.2516387283085,184.875411688246,3.17349529992351
68.9398615143971,115.613471191132,4.30838449658733
606.50014943737,206.011582893412,4.19268782437056
249.120481178798,215.800131592295,3.73311630650294
576.288374562074,437.501104844609,3.69360685993638
300.523239777216,133.282216499846,3.94625583381791
532.291518114158,459.948469704272,3.4437371203677
48.7986869115511,421.687337308427,3.71121613529475
188.334751480467,293.301185648913,4.55499989495324
553.036999365329,263.282497706225,3.83296924084296
175.089896947573,16.7804244358749,4.78596852356562
492.915849462722,338.46417589283,4.24795465504554
34.1336056942671,55.2417940643,4.21449273299849
519.141722591258,143.753480524384,4.78049024189671
NA,NA,NA
660.1300870776,333.78250855139,3.49682375275465
455.82320272879,302.672610207959,3.51508666438394
10.4446564140294,497.62438139658,3.63000970122738
557.721857555301,46.1501982642252,4.22462168164424
75.1071365449007,376.610784249146,3.85784356178668
233.641040803021,415.127119410591,3.95174813685104
428.00221762083,12.1223485292052,3.18497532319819
362.616628672749,291.538444699467,3.02914012689247
608.561099588034,105.979778226324,4.03799096005512
392.608582984149,227.280700907102,4.25878512456627
568.534064364196,413.633925027215,4.75404396838476
144.54653406779,281.260619871325,4.51885816606221
198.979873513863,373.383169437315,3.95221211239578
127.088126690271,411.789811349972,3.46544304974003
621.806293698783,310.389783047067,4.58723822483191
4.09041501792078,148.904455146697,4.24408457083159
540.103433190978,200.390350938008,4.14317335329345
35.4645218752167,489.7436221843,2.96470769995752
282.027644014279,19.8418144724683,3.73660712907711
531.378333004545,390.583376556802,3.18759847770997
71.8163430229859,75.6774902868836,5.20677967241733
5.15611509748597,76.1645998428519,3.48805645421393
585.556064595941,226.095902506235,4.09206589966119
445.037092105352,464.910911298176,4.77536234746267
660.42653059409,372.483877365929,3.07371835104123
110.51063489848,484.540116517365,4.37898064191756
626.220167936064,89.385975292548,4.15490124143357
418.189938946428,260.164430340036,3.56330708852731
10.2516387283085,184.875411688246,3.17349529992351
68.9398615143971,115.613471191132,4.30838449658733
606.50014943737,206.011582893412,4.19268782437056
249.120481178798,215.800131592295,3.73311630650294
576.288374562074,437.501104844609,3.69360685993638
300.523239777216,133.282216499846,3.94625583381791
532.291518114158,459.948469704272,3.4437371203677
48.7986869115511,421.687337308427,3.71121613529475
188.334751480467,293.301185648913,4.55499989495324
553.036999365329,263.282497706225,3.83296924084296
175.089896947573,16.7804244358749,4.78596852356562
492.915849462722,338.46417589283,4.24795465504554
34.1336056942671,55.2417940643,4.21449273299849
519.141722591258,143.753480524384,4.78049024189671
NA,NA,NA
660.1300870776,333.78250855139,3.49682375275465
455.82320272879,302.672610207959,3.51508666438394
10.4446564140294,497.62438139658,3.63000970122738
557.721857555301,46.1501982642252,4.22462168164424
75.1071365449007,376.610784249146,3.85784356178668
233.641040803021,415.127119410591,3.95174813685104
428.00221762083,12.1223485292052,3.18497532319819
362.616628672749,291.538444699467,3.02914012689247
608.561099588034,105.979778226324,4.03799096005512
392.608582984149,227.280700907102,4.25878512456627
568.534064364196,413.633925027215,4.75404396838476
144.54653406779,281.260619871325,4.51885816606221
198.979873513863,373.383169437315,3.95221211239578
127.088126690271,411.789811349972,3.46544304974003
621.806293698783,310.389783047067,4.58723822483191
4.09041501792078,148.904455146697,4.24408457083159
540.103433190978,200.390350938008,4.14317335329345
35.4645218752167,489.7436221843,2.96470769995752
282.027644014279,19.8418144724683,3.73660712907711
531.378333004545,390.583376556802,3.18759847770997
71.8163430229859,75.6774902868836,5.20677967241733
5.15611509748597,76.1645998428519,3.48805645421393
585.556064595941,226.095902506235,4.09206589966119
445.037092105352,464.910911298176,4.77536234746267
660.42653059409,372.483877365929,3.07371835104123
110.51063489848,484.540116517365,4.37898064191756
626.220167936064,89.385975292548,4.15490124143357
418.189938946428,260.164430340036,3.56330708852731
10.2516387283085,184.875411688246,3.17349529992351
68.9398615143971,115.613471191132,4.30838449658733
606.50014943737,206.011582893412,4.19268782437056
249.120481178798,215.800131592295,3.73311630650294
576.288374562074,437.501104844609,3.69360685993638
300.523239777216,133.282216499846,3.94625583381791
532.291518114158,459.948469704272,3.4437371203677
48.7986869115511,421.687337308427,3.71121613529475
188.334751480467,293.301185648913,4.55499989495324
553.036999365329,263.282497706225,3.83296924084296
175.089896947573,16.7804244358749,4.78596852356562
492.915849462722,338.46417589283,4.24795465504554
34.1336056942671,55.2417940643,4.21449273299849
519.141722591258,143.753480524384,4.78049024189671
NA,NA,NA
660.112739355318,336.79598027321,3.36757393994874
456.180632888604,299.528035561944,3.57550646255851
8.58906970893785,492.608751844451,3.47597830462566
561.835746700183,50.4342023180515,4.08562528722541
69.1823061909903,379.682699331575,3.95226932768926
225.666316255743,413.010255453804,3.93373446450349
426.674923632148,11.8651112192626,3.30861735782567
360.027760426928,290.096797438463,3.08781947002471
603.56620312704,103.61692454147,4.21663973650798
390.205300313049,226.282843821214,4.26376906756577
569.985096664002,408.424955483643,4.72574610452423
144.873256140888,284.996309960135,4.51484443618632
204.758409445349,372.909320276028,3.92864968004016
124.799530364726,411.9567958042,3.52195913410349
623.063746536756,312.326963062571,4.43269335251478
3.81394482916054,150.488657879446,4.27683459744099
543.509666355175,205.487320583471,4.23731703164747
34.5973351009333,489.815479930804,3.01951733458677
281.488318202643,23.2469341962847,3.91911863797825
534.526386525897,393.71564820052,3.47551297610113
75.671597722124,75.0975462591444,5.28085149405201
5.08089552909451,75.0958129326004,3.19456285210396
584.972170381049,226.031247692406,3.98618347831146
436.751393002328,454.614540447361,4.75573145922783
658.180785944278,371.59215702817,2.98957137024625
107.934199342227,491.333596726107,4.36492917495111
624.183616523541,89.8370086455901,4.09786473478488
419.352673096794,258.003033709064,3.50304531897659
13.7637887506197,182.088046627857,3.27517744270127
64.3025609219258,97.5427466164692,4.51141695686732
617.252525274638,200.276420693746,4.35633151291961
250.54345678112,226.376163931348,3.71872284557372
571.354745199481,433.377834795998,3.89683988236438
299.675008091334,137.915151143586,3.86785793192172
534.056338485085,461.264322442296,3.59539798169365
53.0299693915827,419.939133387216,3.88927378552698
201.767548510124,289.666921880455,3.92748248507316
548.562145088014,258.235997577621,3.75967678039218
181.862825183806,17.1886119798805,4.06890291388517
498.880324541311,359.517003235615,4.48912230549157
50.9983278744291,60.7053139303458,4.07885018410403
518.513365393598,148.705301503236,4.94072260750323
NA,NA,NA
660.112739355318,336.79598027321,3.36757393994874
456.180632888604,299.528035561944,3.57550646255851
8.58906970893785,492.608751844451,3.47597830462566
561.835746700183,50.4342023180515,4.08562528722541
69.1823061909903,379.682699331575,3.95226932768926
225.666316255743,413.010255453804,3.93373446450349
426.674923632148,11.8651112192626,3.30861735782567
360.027760426928,290.096797438463,3.08781947002471
603.56620312704,103.61692454147,4.21663973650798
390.205300313049,226.282843821214,4.26376906756577
569.985096664002,408.424955483643,4.72574610452423
144.873256140888,284.996309960135,4.51484443618632
204.758409445349,372.909320276028,3.92864968004016
124.799530364726,411.9567958042,3.52195913410349
623.063746536756,312.326963062571,4.43269335251478
3.81394482916054,150.488657879446,4.27683459744099
543.509666355175,205.487320583471,4.23731703164747
34.5973351009333,489.815479930804,3.01951733458677
281.488318202643,23.2469341962847,3.91911863797825
534.526386525897,393.71564820052,3.47551297610113
75.671597722124,75.0975462591444,5.28085149405201
5.08089552909451,75.0958129326004,3.19456285210396
584.972170381049,226.031247692406,3.98618347831146
436.751393002328,454.614540447361,4.75573145922783
658.180785944278,371.59215702817,2.98957137024625
107.934199342227,491.333596726107,4.36492917495111
624.183616523541,89.8370086455901,4.09786473478488
419.352673096794,258.003033709064,3.50304531897659
13.7637887506197,182.088046627857,3.27517744270127
64.3025609219258,97.5427466164692,4.51141695686732
617.252525274638,200.276420693746,4.35633151291961
250.54345678112,226.376163931348,3.71872284557372
571.354745199481,433.377834795998,3.89683988236438
299.675008091334,137.915151143586,3.86785793192172
534.056338485085,461.264322442296,3.59539798169365
53.0299693915827,419.939133387216,3.88927378552698
201.767548510124,289.666921880455,3.92748248507316
548.562145088014,258.235997577621,3.75967678039218
181.862825183806,17.1886119798805,4.06890291388517
498.880324541311,359.517003235615,4.48912230549157
50.9983278744291,60.7053139303458,4.07885018410403
518.513365393598,148.705301503236,4.94072260750323
NA,NA,NA
660.112739355318,336.79598027321,3.36757393994874
456.180632888604,299.528035561944,3.57550646255851
8.58906970893785,492.608751844451,3.47597830462566
561.835746700183,50.4342023180515,4.08562528722541
69.1823061909903,379.682699331575,3.95226932768926
225.666316255743,413.010255453804,3.93373446450349
426.674923632148,11.8651112192626,3.30861735782567
360.027760426928,290.096797438463,3.08781947002471
603.56620312704,103.61692454147,4.21663973650798
390.205300313049,226.282843821214,4.26376906756577
569.985096664002,408.424955483643,4.72574610452423
144.873256140888,284.996309960135,4.51484443618632
204.758409445349,372.909320276028,3.92864968004016
124.799530364726,411.9567958042,3.52195913410349
623.063746536756,312.326963062571,4.43269335251478
3.81394482916054,150.488657879446,4.27683459744099
543.509666355175,205.487320583471,4.23731703164747
34.5973351009333,489.815479930804,3.01951733458677
281.488318202643,23.2469341962847,3.91911863797825
534.526386525897,393.71564820052,3.47551297610113
75.671597722124,75.0975462591444,5.28085149405201
5.08089552909451,75.0958129326004,3.19456285210396
584.972170381049,226.031247692406,3.98618347831146
436.751393002328,454.614540447361,4.75573145922783
658.180785944278,371.59215702817,2.98957137024625
107.934199342227,491.333596726107,4.36492917495111
624.183616523541,89.8370086455901,4.09786473478488
419.352673096794,258.003033709064,3.50304531897659
13.7637887506197,182.088046627857,3.27517744270127
64.3025609219258,97.5427466164692,4.51141695686732
617.252525274638,200.276420693746,4.35633151291961
250.54345678112,226.376163931348,3.71872284557372
571.354745199481,433.377834795998,3.89683988236438
299.675008091334,137.915151143586,3.86785793192172
534.056338485085,461.264322442296,3.59539798169365
53.0299693915827,419.939133387216,3.88927378552698
201.767548510124,289.666921880455,3.92748248507316
548.562145088014,258.235997577621,3.75967678039218
181.862825183806,17.1886119798805,4.06890291388517
498.880324541311,359.517003235615,4.48912230549157
50.9983278744291,60.7053139303458,4.07885018410403
518.513365393598,148.705301503236,4.94072260750323
NA,NA,NA
660.112739355318,336.79598027321,3.36757393994874
456.180632888604,299.528035561944,3.57550646255851
8.58906970893785,492.608751844451,3.47597830462566
561.835746700183,50.4342023180515,4.08562528722541
69.1823061909903,379.682699331575,3.95226932768926
225.666316255743,413.010255453804,3.93373446450349
426.674923632148,11.8651112192626,3.30861735782567
360.027760426928,290.096797438463,3.08781947002471
603.56620312704,103.61692454147,4.21663973650798
390.205300313049,226.282843821214,4.26376906756577
569.985096664002,408.424955483643,4.72574610452423
144.873256140888,284.996309960135,4.51484443618632
204.758409445349,372.909320276028,3.92864968004016
124.799530364726,411.9567958042,3.52195913410349
623.063746536756,312.326963062571,4.43269335251478
3.81394482916054,150.488657879446,4.27683459744099
543.509666355175,205.487320583471,4.23731703164747
34.5973351009333,489.815479930804,3.01951733458677
281.488318202643,23.2469341962847,3.91911863797825
534.526386525897,393.71564820052,3.47551297610113
75.671597722124,75.0975462591444,5.28085149405201
5.08089552909451,75.0958129326004,3.19456285210396
584.972170381049,226.031247692406,3.98618347831146
436.751393002328,454.614540447361,4.75573145922783
658.180785944278,371.59215702817,2.98957137024625
107.934199342227,491.333596726107,4.36492917495111
624.183616523541,89.8370086455901,4.09786473478488
419.352673096794,258.003033709064,3.50304531897659
13.7637887506197,182.088046627857,3.27517744270127
64.3025609219258,97.5427466164692,4.51141695686732
617.252525274638,200.276420693746,4.35633151291961
250.54345678112,226.376163931348,3.71872284557372
571.354745199481,433.377834795998,3.89683988236438
299.675008091334,137.915151143586,3.86785793192172
534.056338485085,461.264322442296,3.59539798169365
53.0299693915827,419.939133387216,3.88927378552698
201.767548510124,289.666921880455,3.92748248507316
548.562145088014,258.235997577621,3.75967678039218
181.862825183806,17.1886119798805,4.06890291388517
498.880324541311,359.517003235615,4.48912230549157
50.9983278744291,60.7053139303458,4.07885018410403
518.513365393598,148.705301503236,4.94072260750323
NA,NA,NA
660.112739355318,336.79598027321,3.36757393994874
456.180632888604,299.528035561944,3.57550646255851
8.58906970893785,492.608751844451,3.47597830462566
561.835746700183,50.4342023180515,4.08562528722541
69.1823061909903,379.682699331575,3.95226932768926
225.666316255743,413.010255453804,3.93373446450349
426.674923632148,11.8651112192626,3.30861735782567
360.027760426928,290.096797438463,3.08781947002471
603.56620312704,103.61692454147,4.21663973650798
390.205300313049,226.282843821214,4.26376906756577
569.985096664002,408.424955483643,4.72574610452423
144.873256140888,284.996309960135,4.51484443618632
204.758409445349,372.909320276028,3.92864968004016
124.799530364726,411.9567958042,3.52195913410349
623.063746536756,312.326963062571,4.43269335251478
3.81394482916054,150.488657879446,4.27683459744099
543.509666355175,205.487320583471,4.23731703164747
34.5973351009333,489.815479930804,3.01951733458677
281.488318202643,23.2469341962847,3.91911863797825
534.526386525897,393.71564820052,3.47551297610113
75.671597722124,75.0975462591444,5.28085149405201
5.08089552909451,75.0958129326004,3.19456285210396
584.972170381049,226.031247692406,3.98618347831146
436.751393002328,454.614540447361,4.75573145922783
658.180785944278,371.59215702817,2.98957137024625
107.934199342227,491.333596726107,4.36492917495111
624.183616523541,89.8370086455901,4.09786473478488
419.352673096794,258.003033709064,3.50304531897659
13.7637887506197,182.088046627857,3.27517744270127
64.3025609219258,97.5427466164692,4.51141695686732
617.252525274638,200.276420693746,4.35633151291961
250.54345678112,226.376163931348,3.71872284557372
571.354745199481,433.377834795998,3.89683988236438
299.675008091334,137.915151143586,3.86785793192172
534.056338485085,461.264322442296,3.59539798169365
53.0299693915827,419.939133387216,3.88927378552698
201.767548510124,289.666921880455,3.92748248507316
548.562145088014,258.235997577621,3.75967678039218
181.862825183806,17.1886119798805,4.06890291388517
498.880324541311,359.517003235615,4.48912230549157
50.9983278744291,60.7053139303458,4.07885018410403
518.513365393598,148.705301503236,4.94072260750323
NA,NA,NA
660.112739355318,336.79598027321,3.36757393994874
456.180632888604,299.528035561944,3.57550646255851
8.58906970893785,492.608751844451,3.47597830462566
561.835746700183,50.4342023180515,4.08562528722541
69.1823061909903,379.682699331575,3.95226932768926
225.666316255743,413.010255453804,3.93373446450349
426.674923632148,11.8651112192626,3.30861735782567
360.027760426928,290.096797438463,3.08781947002471
603.56620312704,103.61692454147,4.21663973650798
390.205300313049,226.282843821214,4.26376906756577
569.985096664002,408.424955483643,4.72574610452423
144.873256140888,284.996309960135,4.51484443618632
204.758409445349,372.909320276028,3.92864968004016
124.799530364726,411.9567958042,3.52195913410349
623.063746536756,312.326963062571,4.43269335251478
3.81394482916054,150.488657879446,4.27683459744099
543.509666355175,205.487320583471,4.23731703164747
34.5973351009333,489.815479930804,3.01951733458677
281.488318202643,23.2469341962847,3.91911863797825
534.526386525897,393.71564820052,3.47551297610113
75.671597722124,75.0975462591444,5.28085149405201
5.08089552909451,75.0958129326004,3.19456285210396
584.972170381049,226.031247692406,3.98618347831146
436.751393002328,454.614540447361,4.75573145922783
658.180785944278,371.59215702817,2.98957137024625
107.934199342227,491.333596726107,4.36492917495111
624.183616523541,89.8370086455901,4.09786473478488
419.352673096794,258.003033709064,3.50304531897659
13.7637887506197,182.088046627857,3.27517744270127
64.3025609219258,97.5427466164692,4.51141695686732
617.252525274638,200.276420693746,4.35633151291961
250.54345678112,226.376163931348,3.71872284557372
571.354745199481,433.377834795998,3.89683988236438
299.675008091334,137.915151143586,3.86785793192172
534.056338485085,461.264322442296,3.59539798169365
53.0299693915827,419.939133387216,3.88927378552698
201.767548510124,289.666921880455,3.92748248507316
548.562145088014,258.235997577621,3.75967678039218
181.862825183806,17.1886119798805,4.06890291388517
498.880324541311,359.517003235615,4.48912230549157
50.9983278744291,60.7053139303458,4.07885018410403
518.513365393598,148.705301503236,4.94072260750323
NA,NA,NA
659.051300847613,337.054319880876,3.54152907192335
458.545886310123,299.92137520278,3.57565771502556
11.0105215986772,493.26548583584,3.87893916376656
558.345346856524,47.6510133924298,4.32926323661885
72.3982873853536,375.902292633635,3.89269850249835
228.012448713247,411.817038328908,3.82327423694681
428.618115917194,13.7641685733613,3.33170028434602
361.750717600639,292.751989714911,3.08463996706461
604.18019820183,106.153395387689,4.36972864045161
389.949824984145,229.892939791752,4.2220191007976
570.013280750572,403.569471491125,4.69515065483059
144.399239654509,287.066048723806,4.60764399375834
200.740232437331,372.106041737569,4.06638103897448
122.40632569502,408.501789602732,3.45705699093615
630.519575963552,310.385512908814,4.47814239068262
2.18954814902864,147.625202968486,4.19849629505612
542.893108904933,202.429504448751,4.22109856222093
34.124970271286,491.934416843244,3.02886447037771
280.552803171102,23.2038750995247,3.86937966529174
532.308533182712,392.419949120997,3.37453321304444
78.5522627630459,84.3756715709343,5.1191892949269
1.35200358754589,69.569150840595,3.59584875573426
589.70616345384,223.932953349737,4.10083138348178
438.770906668393,460.858829692366,4.71961891256758
658.180718594463,375.339102077188,3.17767597938091
105.785692037635,491.316951174267,4.39649175834833
619.769095005996,95.1672138267859,4.06442786041433
416.884878711707,257.090203954361,3.59945871430348
10.922364039819,182.185100315953,3.28781915383344
72.8008593902873,122.762797672582,4.62135147374707
598.70986989627,199.71535599608,4.10936792558496
255.559734152454,220.29033972413,3.86202166139976
569.092710243498,441.323274101286,3.81419763627477
300.388254034097,139.985675271934,3.85284991274832
529.673403010362,456.016677596564,3.49150280529113
37.2494887507716,415.967668242988,3.93320144086762
200.298210339141,284.705146877887,3.97075847529681
554.353761370458,267.204111882948,3.86400104175697
174.617566188029,42.1619679401912,4.72670674454217
501.500116519669,352.695037856846,4.47004249299999
33.5765887432217,44.4243934223434,4.12216760942512
533.205217499911,155.423524104332,4.37735932211333
NA,NA,NA
659.051300847613,337.054319880876,3.54152907192335
458.545886310123,299.92137520278,3.57565771502556
11.0105215986772,493.26548583584,3.87893916376656
558.345346856524,47.6510133924298,4.32926323661885
72.3982873853536,375.902292633635,3.89269850249835
228.012448713247,411.817038328908,3.82327423694681
428.618115917194,13.7641685733613,3.33170028434602
361.750717600639,292.751989714911,3.08463996706461
604.18019820183,106.153395387689,4.36972864045161
389.949824984145,229.892939791752,4.2220191007976
570.013280750572,403.569471491125,4.69515065483059
144.399239654509,287.066048723806,4.60764399375834
200.740232437331,372.106041737569,4.06638103897448
122.40632569502,408.501789602732,3.45705699093615
630.519575963552,310.385512908814,4.47814239068262
2.18954814902864,147.625202968486,4.19849629505612
542.893108904933,202.429504448751,4.22109856222093
34.124970271286,491.934416843244,3.02886447037771
280.552803171102,23.2038750995247,3.86937966529174
532.308533182712,392.419949120997,3.37453321304444
78.5522627630459,84.3756715709343,5.1191892949269
1.35200358754589,69.569150840595,3.59584875573426
589.70616345384,223.932953349737,4.10083138348178
438.770906668393,460.858829692366,4.71961891256758
658.180718594463,375.339102077188,3.17767597938091
105.785692037635,491.316951174267,4.39649175834833
619.769095005996,95.1672138267859,4.06442786041433
416.884878711707,257.090203954361,3.59945871430348
10.922364039819,182.185100315953,3.28781915383344
72.8008593902873,122.762797672582,4.62135147374707
598.70986989627,199.71535599608,4.10936792558496
255.559734152454,220.29033972413,3.86202166139976
569.092710243498,441.323274101286,3.81419763627477
300.388254034097,139.985675271934,3.85284991274832
529.673403010362,456.016677596564,3.49150280529113
37.2494887507716,415.967668242988,3.93320144086762
200.298210339141,284.705146877887,3.97075847529681
554.353761370458,267.204111882948,3.86400104175697
174.617566188029,42.1619679401912,4.72670674454217
501.500116519669,352.695037856846,4.47004249299999
33.5765887432217,44.4243934223434,4.12216760942512
533.205217499911,155.423524104332,4.37735932211333
NA,NA,NA
659.051300847613,337.054319880876,3.54152907192335
458.545886310123,299.92137520278,3.57565771502556
11.0105215986772,493.26548583584,3.87893916376656
558.345346856524,47.6510133924298,4.32926323661885
72.3982873853536,375.902292633635,3.89269850249835
228.012448713247,411.817038328908,3.82327423694681
428.618115917194,13.7641685733613,3.33170028434602
361.750717600639,292.751989714911,3.08463996706461
604.18019820183,106.153395387689,4.36972864045161
389.949824984145,229.892939791752,4.2220191007976
570.013280750572,403.569471491125,4.69515065483059
144.399239654509,287.066048723806,4.60764399375834
200.740232437331,372.106041737569,4.06638103897448
122.40632569502,408.501789602732,3.45705699093615
630.519575963552,310.385512908814,4.47814239068262
2.18954814902864,147.625202968486,4.19849629505612
542.893108904933,202.429504448751,4.22109856222093
34.124970271286,491.934416843244,3.02886447037771
280.552803171102,23.2038750995247,3.86937966529174
532.308533182712,392.419949120997,3.37453321304444
78.5522627630459,84.3756715709343,5.1191892949269
1.35200358754589,69.569150840595,3.59584875573426
589.70616345384,223.932953349737,4.10083138348178
438.770906668393,460.858829692366,4.71961891256758
658.180718594463,375.339102077188,3.17767597938091
105.785692037635,491.316951174267,4.39649175834833
619.769095005996,95.1672138267859,4.06442786041433
416.884878711707,257.090203954361,3.59945871430348
10.922364039819,182.185100315953,3.28781915383344
72.8008593902873,122.762797672582,4.62135147374707
598.70986989627,199.71535599608,4.10936792558496
255.559734152454,220.29033972413,3.86202166139976
569.092710243498,441.323274101286,3.81419763627477
300.388254034097,139.985675271934,3.85284991274832
529.673403010362,456.016677596564,3.49150280529113
37.2494887507716,415.967668242988,3.93320144086762
200.298210339141,284.705146877887,3.97075847529681
554.353761370458,267.204111882948,3.86400104175697
174.617566188029,42.1619679401912,4.72670674454217
501.500116519669,352.695037856846,4.47004249299999
33.5765887432217,44.4243934223434,4.12216760942512
533.205217499911,155.423524104332,4.37735932211333
NA,NA,NA
659.051300847613,337.054319880876,3.54152907192335
458.545886310123,299.92137520278,3.57565771502556
11.0105215986772,493.26548583584,3.87893916376656
558.345346856524,47.6510133924298,4.32926323661885
72.3982873853536,375.902292633635,3.89269850249835
228.012448713247,411.817038328908,3.82327423694681
428.618115917194,13.7641685733613,3.33170028434602
361.750717600639,292.751989714911,3.08463996706461
604.18019820183,106.153395387689,4.36972864045161
389.949824984145,229.892939791752,4.2220191007976
570.013280750572,403.569471491125,4.69515065483059
144.399239654509,287.066048723806,4.60764399375834
200.740232437331,372.106041737569,4.06638103897448
122.40632569502,408.501789602732,3.45705699093615
630.519575963552,310.385512908814,4.47814239068262
2.18954814902864,147.625202968486,4.19849629505612
542.893108904933,202.429504448751,4.22109856222093
34.124970271286,491.934416843244,3.02886447037771
280.552803171102,23.2038750995247,3.86937966529174
532.308533182712,392.419949120997,3.37453321304444
78.5522627630459,84.3756715709343,5.1191892949269
1.35200358754589,69.569150840595,3.59584875573426
589.70616345384,223.932953349737,4.10083138348178
438.770906668393,460.858829692366,4.71961891256758
658.180718594463,375.339102077188,3.17767597938091
105.785692037635,491.316951174267,4.39649175834833
619.769095005996,95.1672138267859,4.06442786041433
416.884878711707,257.090203954361,3.59945871430348
10.922364039819,182.185100315953,3.28781915383344
72.8008593902873,122.762797672582,4.62135147374707
598.70986989627,199.71535599608,4.10936792558496
255.559734152454,220.29033972413,3.86202166139976
569.092710243498,441.323274101286,3.81419763627477
300.388254034097,139.985675271934,3.85284991274832
529.673403010362,456.016677596564,3.49150280529113
37.2494887507716,415.967668242988,3.93320144086762
200.298210339141,284.705146877887,3.97075847529681
554.353761370458,267.204111882948,3.86400104175697
174.617566188029,42.1619679401912,4.72670674454217
501.500116519669,352.695037856846,4.47004249299999
33.5765887432217,44.4243934223434,4.12216760942512
533.205217499911,155.423524104332,4.37735932211333
NA,NA,NA
659.051300847613,337.054319880876,3.54152907192335
458.545886310123,299.92137520278,3.57565771502556
11.0105215986772,493.26548583584,3.87893916376656
558.345346856524,47.6510133924298,4.32926323661885
72.3982873853536,375.902292633635,3.89269850249835
228.012448713247,411.817038328908,3.82327423694681
428.618115917194,13.7641685733613,3.33170028434602
361.750717600639,292.751989714911,3.08463996706461
604.18019820183,106.153395387689,4.36972864045161
389.949824984145,229.892939791752,4.2220191007976
570.013280750572,403.569471491125,4.69515065483059
144.399239654509,287.066048723806,4.60764399375834
200.740232437331,372.106041737569,4.06638103897448
122.40632569502,408.501789602732,3.45705699093615
630.519575963552,310.385512908814,4.47814239068262
2.18954814902864,147.625202968486,4.19849629505612
542.893108904933,202.429504448751,4.22109856222093
34.124970271286,491.934416843244,3.02886447037771
280.552803171102,23.2038750995247,3.86937966529174
532.308533182712,392.419949120997,3.37453321304444
78.5522627630459,84.3756715709343,5.1191892949269
1.35200358754589,69.569150840595,3.59584875573426
589.70616345384,223.932953349737,4.10083138348178
438.770906668393,460.858829692366,4.71961891256758
658.180718594463,375.339102077188,3.17767597938091
105.785692037635,491.316951174267,4.39649175834833
619.769095005996,95.1672138267859,4.06442786041433
416.884878711707,257.090203954361,3.59945871430348
10.922364039819,182.185100315953,3.28781915383344
72.8008593902873,122.762797672582,4.62135147374707
598.70986989627,199.71535599608,4.10936792558496
255.559734152454,220.29033972413,3.86202166139976
569.092710243498,441.323274101286,3.81419763627477
300.388254034097,139.985675271934,3.85284991274832
529.673403010362,456.016677596564,3.49150280529113
37.2494887507716,415.967668242988,3.93320144086762
200.298210339141,284.705146877887,3.97075847529681
554.353761370458,267.204111882948,3.86400104175697
174.617566188029,42.1619679401912,4.72670674454217
501.500116519669,352.695037856846,4.47004249299999
33.5765887432217,44.4243934223434,4.12216760942512
533.205217499911,155.423524104332,4.37735932211333
NA,NA,NA
659.051300847613,337.054319880876,3.54152907192335
458.545886310123,299.92137520278,3.57565771502556
11.0105215986772,493.26548583584,3.87893916376656
558.345346856524,47.6510133924298,4.32926323661885
72.3982873853536,375.902292633635,3.89269850249835
228.012448713247,411.817038328908,3.82327423694681
428.618115917194,13.7641685733613,3.33170028434602
361.750717600639,292.751989714911,3.08463996706461
604.18019820183,106.153395387689,4.36972864045161
389.949824984145,229.892939791752,4.2220191007976
570.013280750572,403.569471491125,4.69515065483059
144.399239654509,287.066048723806,4.60764399375834
200.740232437331,372.106041737569,4.06638103897448
122.40632569502,408.501789602732,3.45705699093615
630.519575963552,310.385512908814,4.47814239068262
2.18954814902864,147.625202968486,4.19849629505612
542.893108904933,202.429504448751,4.22109856222093
34.124970271286,491.934416843244,3.02886447037771
280.552803171102,23.2038750995247,3.86937966529174
532.308533182712,392.419949120997,3.37453321304444
78.5522627630459,84.3756715709343,5.1191892949269
1.35200358754589,69.569150840595,3.59584875573426
589.70616345384,223.932953349737,4.10083138348178
438.770906668393,460.858829692366,4.71961891256758
658.180718594463,375.339102077188,3.17767597938091
105.785692037635,491.316951174267,4.39649175834833
619.769095005996,95.1672138267859,4.06442786041433
416.884878711707,257.090203954361,3.59945871430348
10.922364039819,182.185100315953,3.28781915383344
72.8008593902873,122.762797672582,4.62135147374707
598.70986989627,199.71535599608,4.10936792558496
255.559734152454,220.29033972413,3.86202166139976
569.092710243498,441.323274101286,3.81419763627477
300.388254034097,139.985675271934,3.85284991274832
529.673403010362,456.016677596564,3.49150280529113
37.2494887507716,415.967668242988,3.93320144086762
200.298210339141,284.705146877887,3.97075847529681
554.353761370458,267.204111882948,3.86400104175697
174.617566188029,42.1619679401912,4.72670674454217
501.500116519669,352.695037856846,4.47004249299999
33.5765887432217,44.4243934223434,4.12216760942512
533.205217499911,155.423524104332,4.37735932211333
NA,NA,NA
663.605039084449,333.13141075984,3.42962176858957
459.236635622276,296.513237852935,3.79208303812859
10.9074735550749,494.524831123334,3.50132871905678
557.844120492156,52.5108039425043,4.15795638439231
70.6803370364278,371.831848878145,4.03545505523098
225.99661012207,413.871396542749,3.80342697330878
428.391059958492,9.91672462302502,3.39491121742129
363.220340325582,296.706174828768,2.8467697885222
604.899358073019,101.140594528843,4.28665133044072
388.675714906379,225.089594087887,4.12270527755784
570.844862519037,407.964525449264,4.74083409739454
132.738492326255,282.800542932311,4.6274503850812
197.494919448725,364.357588991254,3.99688969236053
126.456146441865,413.367218275689,3.44027221299351
628.925181472257,318.367593465098,4.49162055631306
4.57313349552402,147.017729083373,4.23516568757648
541.471944965142,201.743348194841,4.1899024136887
33.5173970399326,490.879465380831,2.93471778212858
279.530842435646,22.6329473309609,3.95110086749015
535.506075910228,391.671771828715,3.30558945764987
70.0449986378491,82.9498341973842,5.37848853820201
6.98990379513939,77.1298492658194,3.43176636334411
587.812296960475,222.770895667164,3.9192930926116
443.961246660924,462.80951372101,4.82590249199067
658.751473040182,373.877210110177,3.02196173063506
110.795702760359,483.27725563989,4.33351573559503
618.196502711779,93.4684226516749,4.086149540648
418.232992691243,257.514270512428,3.63128419302294
9.68209997040645,181.531513866229,3.18317134721765
54.9756378491206,120.295917298149,4.68377171954324
605.626516957688,203.066938149912,4.62361524159931
253.08503568754,214.075988331812,3.81155748748765
579.798046602755,435.895025862898,3.769904660027
299.858303891802,140.013286376613,3.92335679174045
524.121662676723,455.140331138673,3.45994118218723
42.6942161545695,424.60348561446,4.08788163754878
198.083585149259,293.424218671723,4.04645110413349
551.186232656004,264.512128372094,3.68014424465984
176.953268824975,20.9373667539577,4.16911124163438
506.30894023137,348.0134742022,4.57107082189557
27.6103915242321,52.0553601791441,3.97084435820079
525.76940383777,162.050832064106,4.78639258640139
NA,NA,NA
663.605039084449,333.13141075984,3.42962176858957
459.236635622276,296.513237852935,3.79208303812859
10.9074735550749,494.524831123334,3.50132871905678
557.844120492156,52.5108039425043,4.15795638439231
70.6803370364278,371.831848878145,4.03545505523098
225.99661012207,413.871396542749,3.80342697330878
428.391059958492,9.91672462302502,3.39491121742129
363.220340325582,296.706174828768,2.8467697885222
604.899358073019,101.140594528843,4.28665133044072
388.675714906379,225.089594087887,4.12270527755784
570.844862519037,407.964525449264,4.74083409739454
132.738492326255,282.800542932311,4.6274503850812
197.494919448725,364.357588991254,3.99688969236053
126.456146441865,413.367218275689,3.44027221299351
628.925181472257,318.367593465098,4.49162055631306
4.57313349552402,147.017729083373,4.23516568757648
541.471944965142,201.743348194841,4.1899024136887
33.5173970399326,490.879465380831,2.93471778212858
279.530842435646,22.6329473309609,3.95110086749015
535.506075910228,391.671771828715,3.30558945764987
70.0449986378491,82.9498341973842,5.37848853820201
6.98990379513939,77.1298492658194,3.43176636334411
587.812296960475,222.770895667164,3.9192930926116
443.961246660924,462.80951372101,4.82590249199067
658.751473040182,373.877210110177,3.02196173063506
110.795702760359,483.27725563989,4.33351573559503
618.196502711779,93.4684226516749,4.086149540648
418.232992691243,257.514270512428,3.63128419302294
9.68209997040645,181.531513866229,3.18317134721765
54.9756378491206,120.295917298149,4.68377171954324
605.626516957688,203.066938149912,4.62361524159931
253.08503568754,214.075988331812,3.81155748748765
579.798046602755,435.895025862898,3.769904660027
299.858303891802,140.013286376613,3.92335679174045
524.121662676723,455.140331138673,3.45994118218723
42.6942161545695,424.60348561446,4.08788163754878
198.083585149259,293.424218671723,4.04645110413349
551.186232656004,264.512128372094,3.68014424465984
176.953268824975,20.9373667539577,4.16911124163438
506.30894023137,348.0134742022,4.57107082189557
27.6103915242321,52.0553601791441,3.97084435820079
525.76940383777,162.050832064106,4.78639258640139
NA,NA,NA
663.605039084449,333.13141075984,3.42962176858957
459.236635622276,296.513237852935,3.79208303812859
10.9074735550749,494.524831123334,3.50132871905678
557.844120492156,52.5108039425043,4.15795638439231
70.6803370364278,371.831848878145,4.03545505523098
225.99661012207,413.871396542749,3.80342697330878
428.391059958492,9.91672462302502,3.39491121742129
363.220340325582,296.706174828768,2.8467697885222
604.899358073019,101.140594528843,4.28665133044072
388.675714906379,225.089594087887,4.12270527755784
570.844862519037,407.964525449264,4.74083409739454
132.738492326255,282.800542932311,4.6274503850812
197.494919448725,364.357588991254,3.99688969236053
126.456146441865,413.367218275689,3.44027221299351
628.925181472257,318.367593465098,4.49162055631306
4.57313349552402,147.017729083373,4.23516568757648
541.471944965142,201.743348194841,4.1899024136887
33.5173970399326,490.879465380831,2.93471778212858
279.530842435646,22.6329473309609,3.95110086749015
535.506075910228,391.671771828715,3.30558945764987
70.0449986378491,82.9498341973842,5.37848853820201
6.98990379513939,77.1298492658194,3.43176636334411
587.812296960475,222.770895667164,3.9192930926116
443.961246660924,462.80951372101,4.82590249199067
658.751473040182,373.877210110177,3.02196173063506
110.795702760359,483.27725563989,4.33351573559503
618.196502711779,93.4684226516749,4.086149540648
418.232992691243,257.514270512428,3.63128419302294
9.68209997040645,181.531513866229,3.18317134721765
54.9756378491206,120.295917298149,4.68377171954324
605.626516957688,203.066938149912,4.62361524159931
253.08503568754,214.075988331812,3.81155748748765
579.798046602755,435.895025862898,3.769904660027
299.858303891802,140.013286376613,3.92335679174045
524.121662676723,455.140331138673,3.45994118218723
42.6942161545695,424.60348561446,4.08788163754878
198.083585149259,293.424218671723,4.04645110413349
551.186232656004,264.512128372094,3.68014424465984
176.953268824975,20.9373667539577,4.16911124163438
506.30894023137,348.0134742022,4.57107082189557
27.6103915242321,52.0553601791441,3.97084435820079
525.76940383777,162.050832064106,4.78639258640139
NA,NA,NA
663.605039084449,333.13141075984,3.42962176858957
459.236635622276,296.513237852935,3.79208303812859
10.9074735550749,494.524831123334,3.50132871905678
557.844120492156,52.5108039425043,4.15795638439231
70.6803370364278,371.831848878145,4.03545505523098
225.99661012207,413.871396542749,3.80342697330878
428.391059958492,9.91672462302502,3.39491121742129
363.220340325582,296.706174828768,2.8467697885222
604.899358073019,101.140594528843,4.28665133044072
388.675714906379,225.089594087887,4.12270527755784
570.844862519037,407.964525449264,4.74083409739454
132.738492326255,282.800542932311,4.6274503850812
197.494919448725,364.357588991254,3.99688969236053
126.456146441865,413.367218275689,3.44027221299351
628.925181472257,318.367593465098,4.49162055631306
4.57313349552402,147.017729083373,4.23516568757648
541.471944965142,201.743348194841,4.1899024136887
33.5173970399326,490.879465380831,2.93471778212858
279.530842435646,22.6329473309609,3.95110086749015
535.506075910228,391.671771828715,3.30558945764987
70.0449986378491,82.9498341973842,5.37848853820201
6.98990379513939,77.1298492658194,3.43176636334411
587.812296960475,222.770895667164,3.9192930926116
443.961246660924,462.80951372101,4.82590249199067
658.751473040182,373.877210110177,3.02196173063506
110.795702760359,483.27725563989,4.33351573559503
618.196502711779,93.4684226516749,4.086149540648
418.232992691243,257.514270512428,3.63128419302294
9.68209997040645,181.531513866229,3.18317134721765
54.9756378491206,120.295917298149,4.68377171954324
605.626516957688,203.066938149912,4.62361524159931
253.08503568754,214.075988331812,3.81155748748765
579.798046602755,435.895025862898,3.769904660027
299.858303891802,140.013286376613,3.92335679174045
524.121662676723,455.140331138673,3.45994118218723
42.6942161545695,424.60348561446,4.08788163754878
198.083585149259,293.424218671723,4.04645110413349
551.186232656004,264.512128372094,3.68014424465984
176.953268824975,20.9373667539577,4.16911124163438
506.30894023137,348.0134742022,4.57107082189557
27.6103915242321,52.0553601791441,3.97084435820079
525.76940383777,162.050832064106,4.78639258640139
NA,NA,NA
663.605039084449,333.13141075984,3.42962176858957
459.236635622276,296.513237852935,3.79208303812859
10.9074735550749,494.524831123334,3.50132871905678
557.844120492156,52.5108039425043,4.15795638439231
70.6803370364278,371.831848878145,4.03545505523098
225.99661012207,413.871396542749,3.80342697330878
428.391059958492,9.91672462302502,3.39491121742129
363.220340325582,296.706174828768,2.8467697885222
604.899358073019,101.140594528843,4.28665133044072
388.675714906379,225.089594087887,4.12270527755784
570.844862519037,407.964525449264,4.74083409739454
132.738492326255,282.800542932311,4.6274503850812
197.494919448725,364.357588991254,3.99688969236053
126.456146441865,413.367218275689,3.44027221299351
628.925181472257,318.367593465098,4.49162055631306
4.57313349552402,147.017729083373,4.23516568757648
541.471944965142,201.743348194841,4.1899024136887
33.5173970399326,490.879465380831,2.93471778212858
279.530842435646,22.6329473309609,3.95110086749015
535.506075910228,391.671771828715,3.30558945764987
70.0449986378491,82.9498341973842,5.37848853820201
6.98990379513939,77.1298492658194,3.43176636334411
587.812296960475,222.770895667164,3.9192930926116
443.961246660924,462.80951372101,4.82590249199067
658.751473040182,373.877210110177,3.02196173063506
110.795702760359,483.27725563989,4.33351573559503
618.196502711779,93.4684226516749,4.086149540648
418.232992691243,257.514270512428,3.63128419302294
9.68209997040645,181.531513866229,3.18317134721765
54.9756378491206,120.295917298149,4.68377171954324
605.626516957688,203.066938149912,4.62361524159931
253.08503568754,214.075988331812,3.81155748748765
579.798046602755,435.895025862898,3.769904660027
299.858303891802,140.013286376613,3.92335679174045
524.121662676723,455.140331138673,3.45994118218723
42.6942161545695,424.60348561446,4.08788163754878
198.083585149259,293.424218671723,4.04645110413349
551.186232656004,264.512128372094,3.68014424465984
176.953268824975,20.9373667539577,4.16911124163438
506.30894023137,348.0134742022,4.57107082189557
27.6103915242321,52.0553601791441,3.97084435820079
525.76940383777,162.050832064106,4.78639258640139
NA,NA,NA
663.605039084449,333.13141075984,3.42962176858957
459.236635622276,296.513237852935,3.79208303812859
10.9074735550749,494.524831123334,3.50132871905678
557.844120492156,52.5108039425043,4.15795638439231
70.6803370364278,371.831848878145,4.03545505523098
225.99661012207,413.871396542749,3.80342697330878
428.391059958492,9.91672462302502,3.39491121742129
363.220340325582,296.706174828768,2.8467697885222
604.899358073019,101.140594528843,4.28665133044072
388.675714906379,225.089594087887,4.12270527755784
570.844862519037,407.964525449264,4.74083409739454
132.738492326255,282.800542932311,4.6274503850812
197.494919448725,364.357588991254,3.99688969236053
126.456146441865,413.367218275689,3.44027221299351
628.925181472257,318.367593465098,4.49162055631306
4.57313349552402,147.017729083373,4.23516568757648
541.471944965142,201.743348194841,4.1899024136887
33.5173970399326,490.879465380831,2.93471778212858
279.530842435646,22.6329473309609,3.95110086749015
535.506075910228,391.671771828715,3.30558945764987
70.0449986378491,82.9498341973842,5.37848853820201
6.98990379513939,77.1298492658194,3.43176636334411
587.812296960475,222.770895667164,3.9192930926116
443.961246660924,462.80951372101,4.82590249199067
658.751473040182,373.877210110177,3.02196173063506
110.795702760359,483.27725563989,4.33351573559503
618.196502711779,93.4684226516749,4.086149540648
418.232992691243,257.514270512428,3.63128419302294
9.68209997040645,181.531513866229,3.18317134721765
54.9756378491206,120.295917298149,4.68377171954324
605.626516957688,203.066938149912,4.62361524159931
253.08503568754,214.075988331812,3.81155748748765
579.798046602755,435.895025862898,3.769904660027
299.858303891802,140.013286376613,3.92335679174045
524.121662676723,455.140331138673,3.45994118218723
42.6942161545695,424.60348561446,4.08788163754878
198.083585149259,293.424218671723,4.04645110413349
551.186232656004,264.512128372094,3.68014424465984
176.953268824975,20.9373667539577,4.16911124163438
506.30894023137,348.0134742022,4.57107082189557
27.6103915242321,52.0553601791441,3.97084435820079
525.76940383777,162.050832064106,4.78639258640139
NA,NA,NA
660.619558756699,331.038427663305,3.39577785771319
454.519368248648,300.763568351373,3.60863613769713
11.1274179227363,498.097992116027,3.52026253267327
564.998358697036,47.0456842663928,4.14763804903602
72.0897135169416,373.113045329027,3.9441448160054
232.901679580606,410.894232805485,3.79551407564284
429.930260931232,11.3859600436156,3.23709603922745
362.149507891331,293.155036635676,3.09188825493027
606.747600169914,103.459327248304,4.10531513250484
394.755939368398,232.802429816215,4.20477584364022
571.967001663586,407.808192389883,4.69805434979574
138.071225792327,281.512037117876,4.27210556010616
202.330490783559,371.547347802317,4.15432219291504
123.621248929255,414.091130790684,3.41912601271025
627.393868890299,317.204730970174,4.60392815018331
1.21379765982318,149.078606813936,4.23268146647225
547.947717771419,201.207022966044,3.95923505447674
34.8047833755661,490.618748475047,3.0039442902695
279.711150902995,21.0931955419949,3.81987260323948
537.43472551991,391.462326075734,3.28433124443357
70.574004181093,78.2148102120795,5.22961745936472
2.05083650987686,74.9001753444835,3.42397775052454
585.635239086912,230.243500366232,3.98951051007804
435.278481417724,466.861547899611,4.81972180871619
657.898881231819,373.312140028646,3.10044370850391
107.260965637656,489.541122185244,4.42959993445168
622.397788378091,90.9692690689845,4.07651826178759
415.815308922352,255.95587372787,3.52706778800089
13.9162514626832,181.818932771581,3.0857001956655
65.3060074584618,116.045124441768,4.51962208364326
608.400632961926,200.167702684834,4.24128431716071
253.001670822314,218.178600286752,3.80950101457216
576.530044002244,435.715143867304,3.92608507968138
296.898938868396,135.756536826565,3.99360060741313
527.653241547045,459.579256789665,3.78620703065249
43.4128355689115,417.368589440667,3.83221632554638
204.164589866664,296.001577136186,4.28708072847191
551.784258936379,259.362848679792,3.71725425686854
166.552702938924,19.2398815884895,4.68975287622036
502.039371452738,338.627456399826,4.52892199528853
35.3595659820394,56.5380654061085,3.43650152370797
542.593291073568,144.864756337072,4.48632908494819
NA,NA,NA
660.619558756699,331.038427663305,3.39577785771319
454.519368248648,300.763568351373,3.60863613769713
11.1274179227363,498.097992116027,3.52026253267327
564.998358697036,47.0456842663928,4.14763804903602
72.0897135169416,373.113045329027,3.9441448160054
232.901679580606,410.894232805485,3.79551407564284
429.930260931232,11.3859600436156,3.23709603922745
362.149507891331,293.155036635676,3.09188825493027
606.747600169914,103.459327248304,4.10531513250484
394.755939368398,232.802429816215,4.20477584364022
571.967001663586,407.808192389883,4.69805434979574
138.071225792327,281.512037117876,4.27210556010616
202.330490783559,371.547347802317,4.15432219291504
123.621248929255,414.091130790684,3.41912601271025
627.393868890299,317.204730970174,4.60392815018331
1.21379765982318,149.078606813936,4.23268146647225
547.947717771419,201.207022966044,3.95923505447674
34.8047833755661,490.618748475047,3.0039442902695
279.711150902995,21.0931955419949,3.81987260323948
537.43472551991,391.462326075734,3.28433124443357
70.574004181093,78.2148102120795,5.22961745936472
2.05083650987686,74.9001753444835,3.42397775052454
585.635239086912,230.243500366232,3.98951051007804
435.278481417724,466.861547899611,4.81972180871619
657.898881231819,373.312140028646,3.10044370850391
107.260965637656,489.541122185244,4.42959993445168
622.397788378091,90.9692690689845,4.07651826178759
415.815308922352,255.95587372787,3.52706778800089
13.9162514626832,181.818932771581,3.0857001956655
65.3060074584618,116.045124441768,4.51962208364326
608.400632961926,200.167702684834,4.24128431716071
253.001670822314,218.178600286752,3.80950101457216
576.530044002244,435.715143867304,3.92608507968138
296.898938868396,135.756536826565,3.99360060741313
527.653241547045,459.579256789665,3.78620703065249
43.4128355689115,417.368589440667,3.83221632554638
204.164589866664,296.001577136186,4.28708072847191
551.784258936379,259.362848679792,3.71725425686854
166.552702938924,19.2398815884895,4.68975287622036
502.039371452738,338.627456399826,4.52892199528853
35.3595659820394,56.5380654061085,3.43650152370797
542.593291073568,144.864756337072,4.48632908494819
NA,NA,NA
660.619558756699,331.038427663305,3.39577785771319
454.519368248648,300.763568351373,3.60863613769713
11.1274179227363,498.097992116027,3.52026253267327
564.998358697036,47.0456842663928,4.14763804903602
72.0897135169416,373.113045329027,3.9441448160054
232.901679580606,410.894232805485,3.79551407564284
429.930260931232,11.3859600436156,3.23709603922745
362.149507891331,293.155036635676,3.09188825493027
606.747600169914,103.459327248304,4.10531513250484
394.755939368398,232.802429816215,4.20477584364022
571.967001663586,407.808192389883,4.69805434979574
138.071225792327,281.512037117876,4.27210556010616
202.330490783559,371.547347802317,4.15432219291504
123.621248929255,414.091130790684,3.41912601271025
627.393868890299,317.204730970174,4.60392815018331
1.21379765982318,149.078606813936,4.23268146647225
547.947717771419,201.207022966044,3.95923505447674
34.8047833755661,490.618748475047,3.0039442902695
279.711150902995,21.0931955419949,3.81987260323948
537.43472551991,391.462326075734,3.28433124443357
70.574004181093,78.2148102120795,5.22961745936472
2.05083650987686,74.9001753444835,3.42397775052454
585.635239086912,230.243500366232,3.98951051007804
435.278481417724,466.861547899611,4.81972180871619
657.898881231819,373.312140028646,3.10044370850391
107.260965637656,489.541122185244,4.42959993445168
622.397788378091,90.9692690689845,4.07651826178759
415.815308922352,255.95587372787,3.52706778800089
13.9162514626832,181.818932771581,3.0857001956655
65.3060074584618,116.045124441768,4.51962208364326
608.400632961926,200.167702684834,4.24128431716071
253.001670822314,218.178600286752,3.80950101457216
576.530044002244,435.715143867304,3.92608507968138
296.898938868396,135.756536826565,3.99360060741313
527.653241547045,459.579256789665,3.78620703065249
43.4128355689115,417.368589440667,3.83221632554638
204.164589866664,296.001577136186,4.28708072847191
551.784258936379,259.362848679792,3.71725425686854
166.552702938924,19.2398815884895,4.68975287622036
502.039371452738,338.627456399826,4.52892199528853
35.3595659820394,56.5380654061085,3.43650152370797
542.593291073568,144.864756337072,4.48632908494819
NA,NA,NA
660.619558756699,331.038427663305,3.39577785771319
454.519368248648,300.763568351373,3.60863613769713
11.1274179227363,498.097992116027,3.52026253267327
564.998358697036,47.0456842663928,4.14763804903602
72.0897135169416,373.113045329027,3.9441448160054
232.901679580606,410.894232805485,3.79551407564284
429.930260931232,11.3859600436156,3.23709603922745
362.149507891331,293.155036635676,3.09188825493027
606.747600169914,103.459327248304,4.10531513250484
394.755939368398,232.802429816215,4.20477584364022
571.967001663586,407.808192389883,4.69805434979574
138.071225792327,281.512037117876,4.27210556010616
202.330490783559,371.547347802317,4.15432219291504
123.621248929255,414.091130790684,3.41912601271025
627.393868890299,317.204730970174,4.60392815018331
1.21379765982318,149.078606813936,4.23268146647225
547.947717771419,201.207022966044,3.95923505447674
34.8047833755661,490.618748475047,3.0039442902695
279.711150902995,21.0931955419949,3.81987260323948
537.43472551991,391.462326075734,3.28433124443357
70.574004181093,78.2148102120795,5.22961745936472
2.05083650987686,74.9001753444835,3.42397775052454
585.635239086912,230.243500366232,3.98951051007804
435.278481417724,466.861547899611,4.81972180871619
657.898881231819,373.312140028646,3.10044370850391
107.260965637656,489.541122185244,4.42959993445168
622.397788378091,90.9692690689845,4.07651826178759
415.815308922352,255.95587372787,3.52706778800089
13.9162514626832,181.818932771581,3.0857001956655
65.3060074584618,116.045124441768,4.51962208364326
608.400632961926,200.167702684834,4.24128431716071
253.001670822314,218.178600286752,3.80950101457216
576.530044002244,435.715143867304,3.92608507968138
296.898938868396,135.756536826565,3.99360060741313
527.653241547045,459.579256789665,3.78620703065249
43.4128355689115,417.368589440667,3.83221632554638
204.164589866664,296.001577136186,4.28708072847191
551.784258936379,259.362848679792,3.71725425686854
166.552702938924,19.2398815884895,4.68975287622036
502.039371452738,338.627456399826,4.52892199528853
35.3595659820394,56.5380654061085,3.43650152370797
542.593291073568,144.864756337072,4.48632908494819
NA,NA,NA
660.619558756699,331.038427663305,3.39577785771319
454.519368248648,300.763568351373,3.60863613769713
11.1274179227363,498.097992116027,3.52026253267327
564.998358697036,47.0456842663928,4.14763804903602
72.0897135169416,373.113045329027,3.9441448160054
232.901679580606,410.894232805485,3.79551407564284
429.930260931232,11.3859600436156,3.23709603922745
362.149507891331,293.155036635676,3.09188825493027
606.747600169914,103.459327248304,4.10531513250484
394.755939368398,232.802429816215,4.20477584364022
571.967001663586,407.808192389883,4.69805434979574
138.071225792327,281.512037117876,4.27210556010616
202.330490783559,371.547347802317,4.15432219291504
123.621248929255,414.091130790684,3.41912601271025
627.393868890299,317.204730970174,4.60392815018331
1.21379765982318,149.078606813936,4.23268146647225
547.947717771419,201.207022966044,3.95923505447674
34.8047833755661,490.618748475047,3.0039442902695
279.711150902995,21.0931955419949,3.81987260323948
537.43472551991,391.462326075734,3.28433124443357
70.574004181093,78.2148102120795,5.22961745936472
2.05083650987686,74.9001753444835,3.42397775052454
585.635239086912,230.243500366232,3.98951051007804
435.278481417724,466.861547899611,4.81972180871619
657.898881231819,373.312140028646,3.10044370850391
107.260965637656,489.541122185244,4.42959993445168
622.397788378091,90.9692690689845,4.07651826178759
415.815308922352,255.95587372787,3.52706778800089
13.9162514626832,181.818932771581,3.0857001956655
65.3060074584618,116.045124441768,4.51962208364326
608.400632961926,200.167702684834,4.24128431716071
253.001670822314,218.178600286752,3.80950101457216
576.530044002244,435.715143867304,3.92608507968138
296.898938868396,135.756536826565,3.99360060741313
527.653241547045,459.579256789665,3.78620703065249
43.4128355689115,417.368589440667,3.83221632554638
204.164589866664,296.001577136186,4.28708072847191
551.784258936379,259.362848679792,3.71725425686854
166.552702938924,19.2398815884895,4.68975287622036
502.039371452738,338.627456399826,4.52892199528853
35.3595659820394,56.5380654061085,3.43650152370797
542.593291073568,144.864756337072,4.48632908494819
NA,NA,NA
660.619558756699,331.038427663305,3.39577785771319
454.519368248648,300.763568351373,3.60863613769713
11.1274179227363,498.097992116027,3.52026253267327
564.998358697036,47.0456842663928,4.14763804903602
72.0897135169416,373.113045329027,3.9441448160054
232.901679580606,410.894232805485,3.79551407564284
429.930260931232,11.3859600436156,3.23709603922745
362.149507891331,293.155036635676,3.09188825493027
606.747600169914,103.459327248304,4.10531513250484
394.755939368398,232.802429816215,4.20477584364022
571.967001663586,407.808192389883,4.69805434979574
138.071225792327,281.512037117876,4.27210556010616
202.330490783559,371.547347802317,4.15432219291504
123.621248929255,414.091130790684,3.41912601271025
627.393868890299,317.204730970174,4.60392815018331
1.21379765982318,149.078606813936,4.23268146647225
547.947717771419,201.207022966044,3.95923505447674
34.8047833755661,490.618748475047,3.0039442902695
279.711150902995,21.0931955419949,3.81987260323948
537.43472551991,391.462326075734,3.28433124443357
70.574004181093,78.2148102120795,5.22961745936472
2.05083650987686,74.9001753444835,3.42397775052454
585.635239086912,230.243500366232,3.98951051007804
435.278481417724,466.861547899611,4.81972180871619
657.898881231819,373.312140028646,3.10044370850391
107.260965637656,489.541122185244,4.42959993445168
622.397788378091,90.9692690689845,4.07651826178759
415.815308922352,255.95587372787,3.52706778800089
13.9162514626832,181.818932771581,3.0857001956655
65.3060074584618,116.045124441768,4.51962208364326
608.400632961926,200.167702684834,4.24128431716071
253.001670822314,218.178600286752,3.80950101457216
576.530044002244,435.715143867304,3.92608507968138
296.898938868396,135.756536826565,3.99360060741313
527.653241547045,459.579256789665,3.78620703065249
43.4128355689115,417.368589440667,3.83221632554638
204.164589866664,296.001577136186,4.28708072847191
551.784258936379,259.362848679792,3.71725425686854
166.552702938924,19.2398815884895,4.68975287622036
502.039371452738,338.627456399826,4.52892199528853
35.3595659820394,56.5380654061085,3.43650152370797
542.593291073568,144.864756337072,4.48632908494819
NA,NA,NA
665.487158936017,333.48549617021,3.56541316518119
458.960530585115,298.598149936966,3.71853602117543
12.5292263994803,493.768274773613,3.47562512041248
561.02825760469,51.3613762677118,4.22907673509648
74.3430117083725,380.034168580347,4.04706617678571
224.940265177386,413.499461391369,3.97799666437816
427.639587043386,13.1374942319865,3.37056407318936
362.784539557085,293.461334339751,3.00519190076901
603.498747851305,105.015330575671,4.1638777093651
391.814889887408,232.010073940718,4.25254605746984
567.168574891351,406.560122967138,4.73065693094151
135.169463107994,284.334351967333,4.50773265569461
200.839541812814,367.966143771986,4.01571912953793
125.905275955133,410.454861573971,3.47944353021906
628.330721698218,312.48247486496,4.48348579470579
2.57387654587735,153.693241395721,4.20062423610401
540.94350968766,204.750322997806,4.05230909919211
36.2794084700969,492.327634811038,3.05933795166389
276.305775404111,20.5954036025188,3.76062021100249
535.361973228044,391.893322378676,3.4535290962281
78.8188300549684,75.6843169226101,5.29181469387208
4.09881603786829,76.9414896435183,3.64367361524662
589.108057702933,228.517153673998,4.00791419586843
437.639588762676,462.447327765758,4.73336202381887
658.653254952734,373.967538689051,3.27867720781728
100.618905869605,487.771520036479,4.41209533980759
628.557982865538,90.6063970066409,4.08139063135554
419.654269627096,258.398600377042,3.78551519491169
11.9999868110052,184.819675027531,3.19727185142499
68.1104568908365,121.621482483995,4.48004425012857
600.046336778899,222.828319735314,4.08277441422684
256.228823110974,227.012574241638,3.84383356587869
573.307160060693,437.534122135623,3.79697870222049
304.88390375844,138.479753486823,3.85932748240761
534.174554094954,459.401852484541,3.54346480866532
45.3458537810651,414.634912327362,3.91273745592977
197.707049562344,293.173979874142,3.85540607025105
549.50093359585,261.750881866167,3.51615448064297
184.657568002443,41.0978180813145,4.30705539797198
505.550376437747,342.134221593107,4.28938168607903
38.6418862383726,48.6941202332952,3.58587411500948
536.685728720732,120.868110019948,4.57984593891892
NA,NA,NA
665.487158936017,333.48549617021,3.56541316518119
458.960530585115,298.598149936966,3.71853602117543
12.5292263994803,493.768274773613,3.47562512041248
561.02825760469,51.3613762677118,4.22907673509648
74.3430117083725,380.034168580347,4.04706617678571
224.940265177386,413.499461391369,3.97799666437816
427.639587043386,13.1374942319865,3.37056407318936
362.784539557085,293.461334339751,3.00519190076901
603.498747851305,105.015330575671,4.1638777093651
391.814889887408,232.010073940718,4.25254605746984
567.168574891351,406.560122967138,4.73065693094151
135.169463107994,284.334351967333,4.50773265569461
200.839541812814,367.966143771986,4.01571912953793
125.905275955133,410.454861573971,3.47944353021906
628.330721698218,312.48247486496,4.48348579470579
2.57387654587735,153.693241395721,4.20062423610401
540.94350968766,204.750322997806,4.05230909919211
36.2794084700969,492.327634811038,3.05933795166389
276.305775404111,20.5954036025188,3.76062021100249
535.361973228044,391.893322378676,3.4535290962281
78.8188300549684,75.6843169226101,5.29181469387208
4.09881603786829,76.9414896435183,3.64367361524662
589.108057702933,228.517153673998,4.00791419586843
437.639588762676,462.447327765758,4.73336202381887
658.653254952734,373.967538689051,3.27867720781728
100.618905869605,487.771520036479,4.41209533980759
628.557982865538,90.6063970066409,4.08139063135554
419.654269627096,258.398600377042,3.78551519491169
11.9999868110052,184.819675027531,3.19727185142499
68.1104568908365,121.621482483995,4.48004425012857
600.046336778899,222.828319735314,4.08277441422684
256.228823110974,227.012574241638,3.84383356587869
573.307160060693,437.534122135623,3.79697870222049
304.88390375844,138.479753486823,3.85932748240761
534.174554094954,459.401852484541,3.54346480866532
45.3458537810651,414.634912327362,3.91273745592977
197.707049562344,293.173979874142,3.85540607025105
549.50093359585,261.750881866167,3.51615448064297
184.657568002443,41.0978180813145,4.30705539797198
505.550376437747,342.134221593107,4.28938168607903
38.6418862383726,48.6941202332952,3.58587411500948
536.685728720732,120.868110019948,4.57984593891892
NA,NA,NA
665.487158936017,333.48549617021,3.56541316518119
458.960530585115,298.598149936966,3.71853602117543
12.5292263994803,493.768274773613,3.47562512041248
561.02825760469,51.3613762677118,4.22907673509648
74.3430117083725,380.034168580347,4.04706617678571
224.940265177386,413.499461391369,3.97799666437816
427.639587043386,13.1374942319865,3.37056407318936
362.784539557085,293.461334339751,3.00519190076901
603.498747851305,105.015330575671,4.1638777093651
391.814889887408,232.010073940718,4.25254605746984
567.168574891351,406.560122967138,4.73065693094151
135.169463107994,284.334351967333,4.50773265569461
200.839541812814,367.966143771986,4.01571912953793
125.905275955133,410.454861573971,3.47944353021906
628.330721698218,312.48247486496,4.48348579470579
2.57387654587735,153.693241395721,4.20062423610401
540.94350968766,204.750322997806,4.05230909919211
36.2794084700969,492.327634811038,3.05933795166389
276.305775404111,20.5954036025188,3.76062021100249
535.361973228044,391.893322378676,3.4535290962281
78.8188300549684,75.6843169226101,5.29181469387208
4.09881603786829,76.9414896435183,3.64367361524662
589.108057702933,228.517153673998,4.00791419586843
437.639588762676,462.447327765758,4.73336202381887
658.653254952734,373.967538689051,3.27867720781728
100.618905869605,487.771520036479,4.41209533980759
628.557982865538,90.6063970066409,4.08139063135554
419.654269627096,258.398600377042,3.78551519491169
11.9999868110052,184.819675027531,3.19727185142499
68.1104568908365,121.621482483995,4.48004425012857
600.046336778899,222.828319735314,4.08277441422684
256.228823110974,227.012574241638,3.84383356587869
573.307160060693,437.534122135623,3.79697870222049
304.88390375844,138.479753486823,3.85932748240761
534.174554094954,459.401852484541,3.54346480866532
45.3458537810651,414.634912327362,3.91273745592977
197.707049562344,293.173979874142,3.85540607025105
549.50093359585,261.750881866167,3.51615448064297
184.657568002443,41.0978180813145,4.30705539797198
505.550376437747,342.134221593107,4.28938168607903
38.6418862383726,48.6941202332952,3.58587411500948
536.685728720732,120.868110019948,4.57984593891892
NA,NA,NA
665.487158936017,333.48549617021,3.56541316518119
458.960530585115,298.598149936966,3.71853602117543
12.5292263994803,493.768274773613,3.47562512041248
561.02825760469,51.3613762677118,4.22907673509648
74.3430117083725,380.034168580347,4.04706617678571
224.940265177386,413.499461391369,3.97799666437816
427.639587043386,13.1374942319865,3.37056407318936
362.784539557085,293.461334339751,3.00519190076901
603.498747851305,105.015330575671,4.1638777093651
391.814889887408,232.010073940718,4.25254605746984
567.168574891351,406.560122967138,4.73065693094151
135.169463107994,284.334351967333,4.50773265569461
200.839541812814,367.966143771986,4.01571912953793
125.905275955133,410.454861573971,3.47944353021906
628.330721698218,312.48247486496,4.48348579470579
2.57387654587735,153.693241395721,4.20062423610401
540.94350968766,204.750322997806,4.05230909919211
36.2794084700969,492.327634811038,3.05933795166389
276.305775404111,20.5954036025188,3.76062021100249
535.361973228044,391.893322378676,3.4535290962281
78.8188300549684,75.6843169226101,5.29181469387208
4.09881603786829,76.9414896435183,3.64367361524662
589.108057702933,228.517153673998,4.00791419586843
437.639588762676,462.447327765758,4.73336202381887
658.653254952734,373.967538689051,3.27867720781728
100.618905869605,487.771520036479,4.41209533980759
628.557982865538,90.6063970066409,4.08139063135554
419.654269627096,258.398600377042,3.78551519491169
11.9999868110052,184.819675027531,3.19727185142499
68.1104568908365,121.621482483995,4.48004425012857
600.046336778899,222.828319735314,4.08277441422684
256.228823110974,227.012574241638,3.84383356587869
573.307160060693,437.534122135623,3.79697870222049
304.88390375844,138.479753486823,3.85932748240761
534.174554094954,459.401852484541,3.54346480866532
45.3458537810651,414.634912327362,3.91273745592977
197.707049562344,293.173979874142,3.85540607025105
549.50093359585,261.750881866167,3.51615448064297
184.657568002443,41.0978180813145,4.30705539797198
505.550376437747,342.134221593107,4.28938168607903
38.6418862383726,48.6941202332952,3.58587411500948
536.685728720732,120.868110019948,4.57984593891892
NA,NA,NA
665.487158936017,333.48549617021,3.56541316518119
458.960530585115,298.598149936966,3.71853602117543
12.5292263994803,493.768274773613,3.47562512041248
561.02825760469,51.3613762677118,4.22907673509648
74.3430117083725,380.034168580347,4.04706617678571
224.940265177386,413.499461391369,3.97799666437816
427.639587043386,13.1374942319865,3.37056407318936
362.784539557085,293.461334339751,3.00519190076901
603.498747851305,105.015330575671,4.1638777093651
391.814889887408,232.010073940718,4.25254605746984
567.168574891351,406.560122967138,4.73065693094151
135.169463107994,284.334351967333,4.50773265569461
200.839541812814,367.966143771986,4.01571912953793
125.905275955133,410.454861573971,3.47944353021906
628.330721698218,312.48247486496,4.48348579470579
2.57387654587735,153.693241395721,4.20062423610401
540.94350968766,204.750322997806,4.05230909919211
36.2794084700969,492.327634811038,3.05933795166389
276.305775404111,20.5954036025188,3.76062021100249
535.361973228044,391.893322378676,3.4535290962281
78.8188300549684,75.6843169226101,5.29181469387208
4.09881603786829,76.9414896435183,3.64367361524662
589.108057702933,228.517153673998,4.00791419586843
437.639588762676,462.447327765758,4.73336202381887
658.653254952734,373.967538689051,3.27867720781728
100.618905869605,487.771520036479,4.41209533980759
628.557982865538,90.6063970066409,4.08139063135554
419.654269627096,258.398600377042,3.78551519491169
11.9999868110052,184.819675027531,3.19727185142499
68.1104568908365,121.621482483995,4.48004425012857
600.046336778899,222.828319735314,4.08277441422684
256.228823110974,227.012574241638,3.84383356587869
573.307160060693,437.534122135623,3.79697870222049
304.88390375844,138.479753486823,3.85932748240761
534.174554094954,459.401852484541,3.54346480866532
45.3458537810651,414.634912327362,3.91273745592977
197.707049562344,293.173979874142,3.85540607025105
549.50093359585,261.750881866167,3.51615448064297
184.657568002443,41.0978180813145,4.30705539797198
505.550376437747,342.134221593107,4.28938168607903
38.6418862383726,48.6941202332952,3.58587411500948
536.685728720732,120.868110019948,4.57984593891892
NA,NA,NA
665.487158936017,333.48549617021,3.56541316518119
458.960530585115,298.598149936966,3.71853602117543
12.5292263994803,493.768274773613,3.47562512041248
561.02825760469,51.3613762677118,4.22907673509648
74.3430117083725,380.034168580347,4.04706617678571
224.940265177386,413.499461391369,3.97799666437816
427.639587043386,13.1374942319865,3.37056407318936
362.784539557085,293.461334339751,3.00519190076901
603.498747851305,105.015330575671,4.1638777093651
391.814889887408,232.010073940718,4.25254605746984
567.168574891351,406.560122967138,4.73065693094151
135.169463107994,284.334351967333,4.50773265569461
200.839541812814,367.966143771986,4.01571912953793
125.905275955133,410.454861573971,3.47944353021906
628.330721698218,312.48247486496,4.48348579470579
2.57387654587735,153.693241395721,4.20062423610401
540.94350968766,204.750322997806,4.05230909919211
36.2794084700969,492.327634811038,3.05933795166389
276.305775404111,20.5954036025188,3.76062021100249
535.361973228044,391.893322378676,3.4535290962281
78.8188300549684,75.6843169226101,5.29181469387208
4.09881603786829,76.9414896435183,3.64367361524662
589.108057702933,228.517153673998,4.00791419586843
437.639588762676,462.447327765758,4.73336202381887
658.653254952734,373.967538689051,3.27867720781728
100.618905869605,487.771520036479,4.41209533980759
628.557982865538,90.6063970066409,4.08139063135554
419.654269627096,258.398600377042,3.78551519491169
11.9999868110052,184.819675027531,3.19727185142499
68.1104568908365,121.621482483995,4.48004425012857
600.046336778899,222.828319735314,4.08277441422684
256.228823110974,227.012574241638,3.84383356587869
573.307160060693,437.534122135623,3.79697870222049
304.88390375844,138.479753486823,3.85932748240761
534.174554094954,459.401852484541,3.54346480866532
45.3458537810651,414.634912327362,3.91273745592977
197.707049562344,293.173979874142,3.85540607025105
549.50093359585,261.750881866167,3.51615448064297
184.657568002443,41.0978180813145,4.30705539797198
505.550376437747,342.134221593107,4.28938168607903
38.6418862383726,48.6941202332952,3.58587411500948
536.685728720732,120.868110019948,4.57984593891892
NA,NA,NA
664.533476249305,333.750779365614,3.4914828470776
455.948854680132,298.185862138819,3.55952266181035
7.9600734460584,494.411042691733,3.63786034278285
562.414722544676,44.7604685277194,4.19587817152179
71.0060257961292,374.871229996398,3.95677963037898
228.576820552545,411.860007098882,3.91289701967775
427.325418490286,10.493515640726,3.11142828713639
362.272195918832,294.020770369986,3.07558820381998
605.624791593944,106.77949763584,4.23149819539099
390.430404791137,227.833901138757,4.19373959851427
569.848461591498,404.939664474586,4.67305640233552
138.608417077591,282.105630114128,4.54228879798083
197.443964444421,368.193896984378,4.05828821723934
129.420440702455,414.803927626718,3.49075393167124
630.168186647179,311.031384141892,4.48006834355763
0.0894131874477702,152.381779411374,4.31943502004974
542.336495274415,203.17606491524,4.14904154444055
33.6549596134612,490.969952063183,2.9892149821037
277.910081897578,24.1745328494325,3.73426943420437
536.809265184653,390.445695063705,3.40609404131602
70.5763551155615,69.4810333395025,5.22579809485224
1.92253747634399,75.7399871893183,3.63765942558927
588.836747485343,229.130190025799,4.05360730738262
443.958037763525,453.257649487842,4.79555885675207
660.237931453782,374.839215016602,3.06513244600717
108.622708827134,487.293074310244,4.4416345966803
626.674266911841,90.5305558178425,4.05698621673902
422.999682532019,259.951893738761,3.64553458862975
11.7843842198921,184.772186735686,3.05979211027483
75.5525006741724,125.30988071261,4.57216324611927
613.898670613659,188.638194047548,4.55468591203052
258.769588206212,212.978866541467,3.45986426800049
580.203787454432,431.088836461231,3.63095512946137
306.966727607598,139.581156515342,3.85478781848526
529.158169670677,453.060711346985,3.37165554549029
46.9612146276578,414.956997631346,3.99852515678247
190.079639412102,288.215556769823,4.18555254325955
557.210457323284,260.498390614366,3.76140004552208
181.754646341243,37.2614696198288,4.12288568487217
494.612459478354,344.010337657514,4.88983133712456
37.6833013292176,55.4269253971615,4.20179705980625
535.758637244797,157.643119141591,5.38276859392985
NA,NA,NA
664.533476249305,333.750779365614,3.4914828470776
455.948854680132,298.185862138819,3.55952266181035
7.9600734460584,494.411042691733,3.63786034278285
562.414722544676,44.7604685277194,4.19587817152179
71.0060257961292,374.871229996398,3.95677963037898
228.576820552545,411.860007098882,3.91289701967775
427.325418490286,10.493515640726,3.11142828713639
362.272195918832,294.020770369986,3.07558820381998
605.624791593944,106.77949763584,4.23149819539099
390.430404791137,227.833901138757,4.19373959851427
569.848461591498,404.939664474586,4.67305640233552
138.608417077591,282.105630114128,4.54228879798083
197.443964444421,368.193896984378,4.05828821723934
129.420440702455,414.803927626718,3.49075393167124
630.168186647179,311.031384141892,4.48006834355763
0.0894131874477702,152.381779411374,4.31943502004974
542.336495274415,203.17606491524,4.14904154444055
33.6549596134612,490.969952063183,2.9892149821037
277.910081897578,24.1745328494325,3.73426943420437
536.809265184653,390.445695063705,3.40609404131602
70.5763551155615,69.4810333395025,5.22579809485224
1.92253747634399,75.7399871893183,3.63765942558927
588.836747485343,229.130190025799,4.05360730738262
443.958037763525,453.257649487842,4.79555885675207
660.237931453782,374.839215016602,3.06513244600717
108.622708827134,487.293074310244,4.4416345966803
626.674266911841,90.5305558178425,4.05698621673902
422.999682532019,259.951893738761,3.64553458862975
11.7843842198921,184.772186735686,3.05979211027483
75.5525006741724,125.30988071261,4.57216324611927
613.898670613659,188.638194047548,4.55468591203052
258.769588206212,212.978866541467,3.45986426800049
580.203787454432,431.088836461231,3.63095512946137
306.966727607598,139.581156515342,3.85478781848526
529.158169670677,453.060711346985,3.37165554549029
46.9612146276578,414.956997631346,3.99852515678247
190.079639412102,288.215556769823,4.18555254325955
557.210457323284,260.498390614366,3.76140004552208
181.754646341243,37.2614696198288,4.12288568487217
494.612459478354,344.010337657514,4.88983133712456
37.6833013292176,55.4269253971615,4.20179705980625
535.758637244797,157.643119141591,5.38276859392985
NA,NA,NA
664.533476249305,333.750779365614,3.4914828470776
455.948854680132,298.185862138819,3.55952266181035
7.9600734460584,494.411042691733,3.63786034278285
562.414722544676,44.7604685277194,4.19587817152179
71.0060257961292,374.871229996398,3.95677963037898
228.576820552545,411.860007098882,3.91289701967775
427.325418490286,10.493515640726,3.11142828713639
362.272195918832,294.020770369986,3.07558820381998
605.624791593944,106.77949763584,4.23149819539099
390.430404791137,227.833901138757,4.19373959851427
569.848461591498,404.939664474586,4.67305640233552
138.608417077591,282.105630114128,4.54228879798083
197.443964444421,368.193896984378,4.05828821723934
129.420440702455,414.803927626718,3.49075393167124
630.168186647179,311.031384141892,4.48006834355763
0.0894131874477702,152.381779411374,4.31943502004974
542.336495274415,203.17606491524,4.14904154444055
33.6549596134612,490.969952063183,2.9892149821037
277.910081897578,24.1745328494325,3.73426943420437
536.809265184653,390.445695063705,3.40609404131602
70.5763551155615,69.4810333395025,5.22579809485224
1.92253747634399,75.7399871893183,3.63765942558927
588.836747485343,229.130190025799,4.05360730738262
443.958037763525,453.257649487842,4.79555885675207
660.237931453782,374.839215016602,3.06513244600717
108.622708827134,487.293074310244,4.4416345966803
626.674266911841,90.5305558178425,4.05698621673902
422.999682532019,259.951893738761,3.64553458862975
11.7843842198921,184.772186735686,3.05979211027483
75.5525006741724,125.30988071261,4.57216324611927
613.898670613659,188.638194047548,4.55468591203052
258.769588206212,212.978866541467,3.45986426800049
580.203787454432,431.088836461231,3.63095512946137
306.966727607598,139.581156515342,3.85478781848526
529.158169670677,453.060711346985,3.37165554549029
46.9612146276578,414.956997631346,3.99852515678247
190.079639412102,288.215556769823,4.18555254325955
557.210457323284,260.498390614366,3.76140004552208
181.754646341243,37.2614696198288,4.12288568487217
494.612459478354,344.010337657514,4.88983133712456
37.6833013292176,55.4269253971615,4.20179705980625
535.758637244797,157.643119141591,5.38276859392985
NA,NA,NA
664.533476249305,333.750779365614,3.4914828470776
455.948854680132,298.185862138819,3.55952266181035
7.9600734460584,494.411042691733,3.63786034278285
562.414722544676,44.7604685277194,4.19587817152179
71.0060257961292,374.871229996398,3.95677963037898
228.576820552545,411.860007098882,3.91289701967775
427.325418490286,10.493515640726,3.11142828713639
362.272195918832,294.020770369986,3.07558820381998
605.624791593944,106.77949763584,4.23149819539099
390.430404791137,227.833901138757,4.19373959851427
569.848461591498,404.939664474586,4.67305640233552
138.608417077591,282.105630114128,4.54228879798083
197.443964444421,368.193896984378,4.05828821723934
129.420440702455,414.803927626718,3.49075393167124
630.168186647179,311.031384141892,4.48006834355763
0.0894131874477702,152.381779411374,4.31943502004974
542.336495274415,203.17606491524,4.14904154444055
33.6549596134612,490.969952063183,2.9892149821037
277.910081897578,24.1745328494325,3.73426943420437
536.809265184653,390.445695063705,3.40609404131602
70.5763551155615,69.4810333395025,5.22579809485224
1.92253747634399,75.7399871893183,3.63765942558927
588.836747485343,229.130190025799,4.05360730738262
443.958037763525,453.257649487842,4.79555885675207
660.237931453782,374.839215016602,3.06513244600717
108.622708827134,487.293074310244,4.4416345966803
626.674266911841,90.5305558178425,4.05698621673902
422.999682532019,259.951893738761,3.64553458862975
11.7843842198921,184.772186735686,3.05979211027483
75.5525006741724,125.30988071261,4.57216324611927
613.898670613659,188.638194047548,4.55468591203052
258.769588206212,212.978866541467,3.45986426800049
580.203787454432,431.088836461231,3.63095512946137
306.966727607598,139.581156515342,3.85478781848526
529.158169670677,453.060711346985,3.37165554549029
46.9612146276578,414.956997631346,3.99852515678247
190.079639412102,288.215556769823,4.18555254325955
557.210457323284,260.498390614366,3.76140004552208
181.754646341243,37.2614696198288,4.12288568487217
494.612459478354,344.010337657514,4.88983133712456
37.6833013292176,55.4269253971615,4.20179705980625
535.758637244797,157.643119141591,5.38276859392985
NA,NA,NA
664.533476249305,333.750779365614,3.4914828470776
455.948854680132,298.185862138819,3.55952266181035
7.9600734460584,494.411042691733,3.63786034278285
562.414722544676,44.7604685277194,4.19587817152179
71.0060257961292,374.871229996398,3.95677963037898
228.576820552545,411.860007098882,3.91289701967775
427.325418490286,10.493515640726,3.11142828713639
362.272195918832,294.020770369986,3.07558820381998
605.624791593944,106.77949763584,4.23149819539099
390.430404791137,227.833901138757,4.19373959851427
569.848461591498,404.939664474586,4.67305640233552
138.608417077591,282.105630114128,4.54228879798083
197.443964444421,368.193896984378,4.05828821723934
129.420440702455,414.803927626718,3.49075393167124
630.168186647179,311.031384141892,4.48006834355763
0.0894131874477702,152.381779411374,4.31943502004974
542.336495274415,203.17606491524,4.14904154444055
33.6549596134612,490.969952063183,2.9892149821037
277.910081897578,24.1745328494325,3.73426943420437
536.809265184653,390.445695063705,3.40609404131602
70.5763551155615,69.4810333395025,5.22579809485224
1.92253747634399,75.7399871893183,3.63765942558927
588.836747485343,229.130190025799,4.05360730738262
443.958037763525,453.257649487842,4.79555885675207
660.237931453782,374.839215016602,3.06513244600717
108.622708827134,487.293074310244,4.4416345966803
626.674266911841,90.5305558178425,4.05698621673902
422.999682532019,259.951893738761,3.64553458862975
11.7843842198921,184.772186735686,3.05979211027483
75.5525006741724,125.30988071261,4.57216324611927
613.898670613659,188.638194047548,4.55468591203052
258.769588206212,212.978866541467,3.45986426800049
580.203787454432,431.088836461231,3.63095512946137
306.966727607598,139.581156515342,3.85478781848526
529.158169670677,453.060711346985,3.37165554549029
46.9612146276578,414.956997631346,3.99852515678247
190.079639412102,288.215556769823,4.18555254325955
557.210457323284,260.498390614366,3.76140004552208
181.754646341243,37.2614696198288,4.12288568487217
494.612459478354,344.010337657514,4.88983133712456
37.6833013292176,55.4269253971615,4.20179705980625
535.758637244797,157.643119141591,5.38276859392985
NA,NA,NA
664.533476249305,333.750779365614,3.4914828470776
455.948854680132,298.185862138819,3.55952266181035
7.9600734460584,494.411042691733,3.63786034278285
562.414722544676,44.7604685277194,4.19587817152179
71.0060257961292,374.871229996398,3.95677963037898
228.576820552545,411.860007098882,3.91289701967775
427.325418490286,10.493515640726,3.11142828713639
362.272195918832,294.020770369986,3.07558820381998
605.624791593944,106.77949763584,4.23149819539099
390.430404791137,227.833901138757,4.19373959851427
569.848461591498,404.939664474586,4.67305640233552
138.608417077591,282.105630114128,4.54228879798083
197.443964444421,368.193896984378,4.05828821723934
129.420440702455,414.803927626718,3.49075393167124
630.168186647179,311.031384141892,4.48006834355763
0.0894131874477702,152.381779411374,4.31943502004974
542.336495274415,203.17606491524,4.14904154444055
33.6549596134612,490.969952063183,2.9892149821037
277.910081897578,24.1745328494325,3.73426943420437
536.809265184653,390.445695063705,3.40609404131602
70.5763551155615,69.4810333395025,5.22579809485224
1.92253747634399,75.7399871893183,3.63765942558927
588.836747485343,229.130190025799,4.05360730738262
443.958037763525,453.257649487842,4.79555885675207
660.237931453782,374.839215016602,3.06513244600717
108.622708827134,487.293074310244,4.4416345966803
626.674266911841,90.5305558178425,4.05698621673902
422.999682532019,259.951893738761,3.64553458862975
11.7843842198921,184.772186735686,3.05979211027483
75.5525006741724,125.30988071261,4.57216324611927
613.898670613659,188.638194047548,4.55468591203052
258.769588206212,212.978866541467,3.45986426800049
580.203787454432,431.088836461231,3.63095512946137
306.966727607598,139.581156515342,3.85478781848526
529.158169670677,453.060711346985,3.37165554549029
46.9612146276578,414.956997631346,3.99852515678247
190.079639412102,288.215556769823,4.18555254325955
557.210457323284,260.498390614366,3.76140004552208
181.754646341243,37.2614696198288,4.12288568487217
494.612459478354,344.010337657514,4.88983133712456
37.6833013292176,55.4269253971615,4.20179705980625
535.758637244797,157.643119141591,5.38276859392985
NA,NA,NA
662.901399084134,338.847451024939,3.6618674027251
456.186759840865,299.768361377424,3.64261200069071
7.67464423685151,496.138297650007,3.93200624200286
563.013298350642,56.0741873031959,4.21539728329559
70.2334913951731,377.090320770419,3.93833041316163
226.729130484161,414.922470843058,3.92464624050766
427.409644632032,12.5997517677652,3.37737105318267
365.100736867816,292.779952956339,3.09666698997688
604.74827270552,109.094592999323,4.18421772715144
396.962230696621,224.48881958174,4.10262346323382
573.89221562661,407.881774646099,4.75943528577897
138.746618530878,281.089965326702,4.40761324145988
202.667439588459,366.542859912835,3.96523957255488
126.900138796992,410.562032025413,3.46221990723404
629.544078442552,318.009378821208,4.70084225106188
1.11389104754254,145.356481463284,4.24928246196795
544.162898430524,198.761269943909,4.10408082922515
33.8580052372235,490.537408094326,3.00548182792497
278.841422827592,25.1811319562917,4.01199058321391
536.453204486243,391.939384533833,3.42259871368113
75.0401580218463,78.4973422493463,5.37820998816458
5.54742317180443,74.3103155377797,3.47504731857418
587.266796012242,226.924933105387,3.95708528284133
433.847720718232,457.815948609181,4.77726474240836
657.295445034689,374.19491201394,3.00554004805553
111.798497128864,493.655571096392,4.41723118580209
620.105913934032,89.7326998679683,4.0593298192431
419.911690064984,256.523914684496,3.59317716854652
12.7396935107347,179.195458425943,3.34695635891287
66.006970638484,103.586699209762,4.26134340313287
613.049223859166,211.329508106724,4.3128416388047
255.419183760255,215.852519634652,3.73307961966549
573.682927045305,444.115925140584,3.83818345869422
300.411869879748,138.26093866344,3.79520814584232
534.717158268591,461.018833279514,3.79726850096328
51.3203512966276,426.887051675188,3.75210261337508
203.484766052224,275.44162191015,3.81699120124756
551.404602247608,269.444392724136,3.95033665731908
175.388962868436,26.4445013887097,4.34976817361571
505.851695582942,345.107955588821,4.79244722639546
35.8614603227236,52.987848619857,3.84441046403332
538.97342743455,144.441159805267,4.79912086659061
NA,NA,NA
662.901399084134,338.847451024939,3.6618674027251
456.186759840865,299.768361377424,3.64261200069071
7.67464423685151,496.138297650007,3.93200624200286
563.013298350642,56.0741873031959,4.21539728329559
70.2334913951731,377.090320770419,3.93833041316163
226.729130484161,414.922470843058,3.92464624050766
427.409644632032,12.5997517677652,3.37737105318267
365.100736867816,292.779952956339,3.09666698997688
604.74827270552,109.094592999323,4.18421772715144
396.962230696621,224.48881958174,4.10262346323382
573.89221562661,407.881774646099,4.75943528577897
138.746618530878,281.089965326702,4.40761324145988
202.667439588459,366.542859912835,3.96523957255488
126.900138796992,410.562032025413,3.46221990723404
629.544078442552,318.009378821208,4.70084225106188
1.11389104754254,145.356481463284,4.24928246196795
544.162898430524,198.761269943909,4.10408082922515
33.8580052372235,490.537408094326,3.00548182792497
278.841422827592,25.1811319562917,4.01199058321391
536.453204486243,391.939384533833,3.42259871368113
75.0401580218463,78.4973422493463,5.37820998816458
5.54742317180443,74.3103155377797,3.47504731857418
587.266796012242,226.924933105387,3.95708528284133
433.847720718232,457.815948609181,4.77726474240836
657.295445034689,374.19491201394,3.00554004805553
111.798497128864,493.655571096392,4.41723118580209
620.105913934032,89.7326998679683,4.0593298192431
419.911690064984,256.523914684496,3.59317716854652
12.7396935107347,179.195458425943,3.34695635891287
66.006970638484,103.586699209762,4.26134340313287
613.049223859166,211.329508106724,4.3128416388047
255.419183760255,215.852519634652,3.73307961966549
573.682927045305,444.115925140584,3.83818345869422
300.411869879748,138.26093866344,3.79520814584232
534.717158268591,461.018833279514,3.79726850096328
51.3203512966276,426.887051675188,3.75210261337508
203.484766052224,275.44162191015,3.81699120124756
551.404602247608,269.444392724136,3.95033665731908
175.388962868436,26.4445013887097,4.34976817361571
505.851695582942,345.107955588821,4.79244722639546
35.8614603227236,52.987848619857,3.84441046403332
538.97342743455,144.441159805267,4.79912086659061
NA,NA,NA
662.901399084134,338.847451024939,3.6618674027251
456.186759840865,299.768361377424,3.64261200069071
7.67464423685151,496.138297650007,3.93200624200286
563.013298350642,56.0741873031959,4.21539728329559
70.2334913951731,377.090320770419,3.93833041316163
226.729130484161,414.922470843058,3.92464624050766
427.409644632032,12.5997517677652,3.37737105318267
365.100736867816,292.779952956339,3.09666698997688
604.74827270552,109.094592999323,4.18421772715144
396.962230696621,224.48881958174,4.10262346323382
573.89221562661,407.881774646099,4.75943528577897
138.746618530878,281.089965326702,4.40761324145988
202.667439588459,366.542859912835,3.96523957255488
126.900138796992,410.562032025413,3.46221990723404
629.544078442552,318.009378821208,4.70084225106188
1.11389104754254,145.356481463284,4.24928246196795
544.162898430524,198.761269943909,4.10408082922515
33.8580052372235,490.537408094326,3.00548182792497
278.841422827592,25.1811319562917,4.01199058321391
536.453204486243,391.939384533833,3.42259871368113
75.0401580218463,78.4973422493463,5.37820998816458
5.54742317180443,74.3103155377797,3.47504731857418
587.266796012242,226.924933105387,3.95708528284133
433.847720718232,457.815948609181,4.77726474240836
657.295445034689,374.19491201394,3.00554004805553
111.798497128864,493.655571096392,4.41723118580209
620.105913934032,89.7326998679683,4.0593298192431
419.911690064984,256.523914684496,3.59317716854652
12.7396935107347,179.195458425943,3.34695635891287
66.006970638484,103.586699209762,4.26134340313287
613.049223859166,211.329508106724,4.3128416388047
255.419183760255,215.852519634652,3.73307961966549
573.682927045305,444.115925140584,3.83818345869422
300.411869879748,138.26093866344,3.79520814584232
534.717158268591,461.018833279514,3.79726850096328
51.3203512966276,426.887051675188,3.75210261337508
203.484766052224,275.44162191015,3.81699120124756
551.404602247608,269.444392724136,3.95033665731908
175.388962868436,26.4445013887097,4.34976817361571
505.851695582942,345.107955588821,4.79244722639546
35.8614603227236,52.987848619857,3.84441046403332
538.97342743455,144.441159805267,4.79912086659061
NA,NA,NA
662.901399084134,338.847451024939,3.6618674027251
456.186759840865,299.768361377424,3.64261200069071
7.67464423685151,496.138297650007,3.93200624200286
563.013298350642,56.0741873031959,4.21539728329559
70.2334913951731,377.090320770419,3.93833041316163
226.729130484161,414.922470843058,3.92464624050766
427.409644632032,12.5997517677652,3.37737105318267
365.100736867816,292.779952956339,3.09666698997688
604.74827270552,109.094592999323,4.18421772715144
396.962230696621,224.48881958174,4.10262346323382
573.89221562661,407.881774646099,4.75943528577897
138.746618530878,281.089965326702,4.40761324145988
202.667439588459,366.542859912835,3.96523957255488
126.900138796992,410.562032025413,3.46221990723404
629.544078442552,318.009378821208,4.70084225106188
1.11389104754254,145.356481463284,4.24928246196795
544.162898430524,198.761269943909,4.10408082922515
33.8580052372235,490.537408094326,3.00548182792497
278.841422827592,25.1811319562917,4.01199058321391
536.453204486243,391.939384533833,3.42259871368113
75.0401580218463,78.4973422493463,5.37820998816458
5.54742317180443,74.3103155377797,3.47504731857418
587.266796012242,226.924933105387,3.95708528284133
433.847720718232,457.815948609181,4.77726474240836
657.295445034689,374.19491201394,3.00554004805553
111.798497128864,493.655571096392,4.41723118580209
620.105913934032,89.7326998679683,4.0593298192431
419.911690064984,256.523914684496,3.59317716854652
12.7396935107347,179.195458425943,3.34695635891287
66.006970638484,103.586699209762,4.26134340313287
613.049223859166,211.329508106724,4.3128416388047
255.419183760255,215.852519634652,3.73307961966549
573.682927045305,444.115925140584,3.83818345869422
300.411869879748,138.26093866344,3.79520814584232
534.717158268591,461.018833279514,3.79726850096328
51.3203512966276,426.887051675188,3.75210261337508
203.484766052224,275.44162191015,3.81699120124756
551.404602247608,269.444392724136,3.95033665731908
175.388962868436,26.4445013887097,4.34976817361571
505.851695582942,345.107955588821,4.79244722639546
35.8614603227236,52.987848619857,3.84441046403332
538.97342743455,144.441159805267,4.79912086659061
NA,NA,NA
662.901399084134,338.847451024939,3.6618674027251
456.186759840865,299.768361377424,3.64261200069071
7.67464423685151,496.138297650007,3.93200624200286
563.013298350642,56.0741873031959,4.21539728329559
70.2334913951731,377.090320770419,3.93833041316163
226.729130484161,414.922470843058,3.92464624050766
427.409644632032,12.5997517677652,3.37737105318267
365.100736867816,292.779952956339,3.09666698997688
604.74827270552,109.094592999323,4.18421772715144
396.962230696621,224.48881958174,4.10262346323382
573.89221562661,407.881774646099,4.75943528577897
138.746618530878,281.089965326702,4.40761324145988
202.667439588459,366.542859912835,3.96523957255488
126.900138796992,410.562032025413,3.46221990723404
629.544078442552,318.009378821208,4.70084225106188
1.11389104754254,145.356481463284,4.24928246196795
544.162898430524,198.761269943909,4.10408082922515
33.8580052372235,490.537408094326,3.00548182792497
278.841422827592,25.1811319562917,4.01199058321391
536.453204486243,391.939384533833,3.42259871368113
75.0401580218463,78.4973422493463,5.37820998816458
5.54742317180443,74.3103155377797,3.47504731857418
587.266796012242,226.924933105387,3.95708528284133
433.847720718232,457.815948609181,4.77726474240836
657.295445034689,374.19491201394,3.00554004805553
111.798497128864,493.655571096392,4.41723118580209
620.105913934032,89.7326998679683,4.0593298192431
419.911690064984,256.523914684496,3.59317716854652
12.7396935107347,179.195458425943,3.34695635891287
66.006970638484,103.586699209762,4.26134340313287
613.049223859166,211.329508106724,4.3128416388047
255.419183760255,215.852519634652,3.73307961966549
573.682927045305,444.115925140584,3.83818345869422
300.411869879748,138.26093866344,3.79520814584232
534.717158268591,461.018833279514,3.79726850096328
51.3203512966276,426.887051675188,3.75210261337508
203.484766052224,275.44162191015,3.81699120124756
551.404602247608,269.444392724136,3.95033665731908
175.388962868436,26.4445013887097,4.34976817361571
505.851695582942,345.107955588821,4.79244722639546
35.8614603227236,52.987848619857,3.84441046403332
538.97342743455,144.441159805267,4.79912086659061
NA,NA,NA
662.901399084134,338.847451024939,3.6618674027251
456.186759840865,299.768361377424,3.64261200069071
7.67464423685151,496.138297650007,3.93200624200286
563.013298350642,56.0741873031959,4.21539728329559
70.2334913951731,377.090320770419,3.93833041316163
226.729130484161,414.922470843058,3.92464624050766
427.409644632032,12.5997517677652,3.37737105318267
365.100736867816,292.779952956339,3.09666698997688
604.74827270552,109.094592999323,4.18421772715144
396.962230696621,224.48881958174,4.10262346323382
573.89221562661,407.881774646099,4.75943528577897
138.746618530878,281.089965326702,4.40761324145988
202.667439588459,366.542859912835,3.96523957255488
126.900138796992,410.562032025413,3.46221990723404
629.544078442552,318.009378821208,4.70084225106188
1.11389104754254,145.356481463284,4.24928246196795
544.162898430524,198.761269943909,4.10408082922515
33.8580052372235,490.537408094326,3.00548182792497
278.841422827592,25.1811319562917,4.01199058321391
536.453204486243,391.939384533833,3.42259871368113
75.0401580218463,78.4973422493463,5.37820998816458
5.54742317180443,74.3103155377797,3.47504731857418
587.266796012242,226.924933105387,3.95708528284133
433.847720718232,457.815948609181,4.77726474240836
657.295445034689,374.19491201394,3.00554004805553
111.798497128864,493.655571096392,4.41723118580209
620.105913934032,89.7326998679683,4.0593298192431
419.911690064984,256.523914684496,3.59317716854652
12.7396935107347,179.195458425943,3.34695635891287
66.006970638484,103.586699209762,4.26134340313287
613.049223859166,211.329508106724,4.3128416388047
255.419183760255,215.852519634652,3.73307961966549
573.682927045305,444.115925140584,3.83818345869422
300.411869879748,138.26093866344,3.79520814584232
534.717158268591,461.018833279514,3.79726850096328
51.3203512966276,426.887051675188,3.75210261337508
203.484766052224,275.44162191015,3.81699120124756
551.404602247608,269.444392724136,3.95033665731908
175.388962868436,26.4445013887097,4.34976817361571
505.851695582942,345.107955588821,4.79244722639546
35.8614603227236,52.987848619857,3.84441046403332
538.97342743455,144.441159805267,4.79912086659061
NA,NA,NA
664.916670384192,334.588332364953,3.60399324040085
458.077630770044,299.96189063231,3.80822144179003
10.0589515173481,496.249617570554,3.75726266763085
558.797089784049,50.3663016030238,4.21444429052746
67.8647017378132,377.68195022692,3.94446753080997
233.462861613147,414.166395806368,3.84563503023269
426.373218327336,13.0701593128108,3.36193515671239
362.113816138096,293.892638664054,3.15235671467685
597.860638324958,110.93169522979,4.13449759540833
393.981072058361,232.339460464655,4.21411300844671
562.708200497532,415.101310875197,4.76631186852107
143.129438115823,285.457401889821,4.66318033093164
196.056992170163,372.631501945629,3.95723546603551
125.007889745701,408.283504227917,3.51770067657973
629.491247584406,310.343894426069,4.6017193303878
-0.63349821412117,146.651477542715,4.22457115700101
541.757034051745,206.448731849527,4.31180805141493
34.0056464715689,489.602576663102,3.0942803505224
283.044742256811,24.7358207540915,3.91742272420754
533.926581652245,389.836985202869,3.43558238679291
73.931550642901,78.1046182268325,5.28170382337464
4.93535811366647,76.7387789117157,3.60111273011122
586.831258666486,229.41944299695,3.99354930002188
445.907607980824,462.78308806024,4.79128013740429
656.008707345222,371.949473455005,3.05434666348865
106.708981183962,485.440508647168,4.31929270583454
624.147150558336,89.2391729544779,4.09566096979694
422.066773843528,259.088029653798,3.67606300538487
13.9732263491991,182.178790997638,3.15824033649879
64.3944361916976,119.785860507856,4.68502933657295
614.38875979226,204.171951504944,4.70729812631015
260.701680127568,220.870791782395,4.09762680381772
575.919194435113,433.536025780196,3.65837893204256
302.070991231435,140.593287250452,3.90406633984412
533.671076367981,456.841779845735,3.70203682497713
41.1931016656873,418.118486055576,4.03076210674405
194.233024110878,286.020673699262,3.98245106498377
553.044225073755,264.237452300228,3.73592016105986
170.23085410273,30.5399483403651,4.25811970514109
498.057121566714,348.696963957314,4.58014461585196
32.8386445644801,46.7845153926797,3.34186429594179
537.400219486674,136.469653890653,4.62959430473767
NA,NA,NA
664.916670384192,334.588332364953,3.60399324040085
458.077630770044,299.96189063231,3.80822144179003
10.0589515173481,496.249617570554,3.75726266763085
558.797089784049,50.3663016030238,4.21444429052746
67.8647017378132,377.68195022692,3.94446753080997
233.462861613147,414.166395806368,3.84563503023269
426.373218327336,13.0701593128108,3.36193515671239
362.113816138096,293.892638664054,3.15235671467685
597.860638324958,110.93169522979,4.13449759540833
393.981072058361,232.339460464655,4.21411300844671
562.708200497532,415.101310875197,4.76631186852107
143.129438115823,285.457401889821,4.66318033093164
196.056992170163,372.631501945629,3.95723546603551
125.007889745701,408.283504227917,3.51770067657973
629.491247584406,310.343894426069,4.6017193303878
-0.63349821412117,146.651477542715,4.22457115700101
541.757034051745,206.448731849527,4.31180805141493
34.0056464715689,489.602576663102,3.0942803505224
283.044742256811,24.7358207540915,3.91742272420754
533.926581652245,389.836985202869,3.43558238679291
73.931550642901,78.1046182268325,5.28170382337464
4.93535811366647,76.7387789117157,3.60111273011122
586.831258666486,229.41944299695,3.99354930002188
445.907607980824,462.78308806024,4.79128013740429
656.008707345222,371.949473455005,3.05434666348865
106.708981183962,485.440508647168,4.31929270583454
624.147150558336,89.2391729544779,4.09566096979694
422.066773843528,259.088029653798,3.67606300538487
13.9732263491991,182.178790997638,3.15824033649879
64.3944361916976,119.785860507856,4.68502933657295
614.38875979226,204.171951504944,4.70729812631015
260.701680127568,220.870791782395,4.09762680381772
575.919194435113,433.536025780196,3.65837893204256
302.070991231435,140.593287250452,3.90406633984412
533.671076367981,456.841779845735,3.70203682497713
41.1931016656873,418.118486055576,4.03076210674405
194.233024110878,286.020673699262,3.98245106498377
553.044225073755,264.237452300228,3.73592016105986
170.23085410273,30.5399483403651,4.25811970514109
498.057121566714,348.696963957314,4.58014461585196
32.8386445644801,46.7845153926797,3.34186429594179
537.400219486674,136.469653890653,4.62959430473767
NA,NA,NA
664.916670384192,334.588332364953,3.60399324040085
458.077630770044,299.96189063231,3.80822144179003
10.0589515173481,496.249617570554,3.75726266763085
558.797089784049,50.3663016030238,4.21444429052746
67.8647017378132,377.68195022692,3.94446753080997
233.462861613147,414.166395806368,3.84563503023269
426.373218327336,13.0701593128108,3.36193515671239
362.113816138096,293.892638664054,3.15235671467685
597.860638324958,110.93169522979,4.13449759540833
393.981072058361,232.339460464655,4.21411300844671
562.708200497532,415.101310875197,4.76631186852107
143.129438115823,285.457401889821,4.66318033093164
196.056992170163,372.631501945629,3.95723546603551
125.007889745701,408.283504227917,3.51770067657973
629.491247584406,310.343894426069,4.6017193303878
-0.63349821412117,146.651477542715,4.22457115700101
541.757034051745,206.448731849527,4.31180805141493
34.0056464715689,489.602576663102,3.0942803505224
283.044742256811,24.7358207540915,3.91742272420754
533.926581652245,389.836985202869,3.43558238679291
73.931550642901,78.1046182268325,5.28170382337464
4.93535811366647,76.7387789117157,3.60111273011122
586.831258666486,229.41944299695,3.99354930002188
445.907607980824,462.78308806024,4.79128013740429
656.008707345222,371.949473455005,3.05434666348865
106.708981183962,485.440508647168,4.31929270583454
624.147150558336,89.2391729544779,4.09566096979694
422.066773843528,259.088029653798,3.67606300538487
13.9732263491991,182.178790997638,3.15824033649879
64.3944361916976,119.785860507856,4.68502933657295
614.38875979226,204.171951504944,4.70729812631015
260.701680127568,220.870791782395,4.09762680381772
575.919194435113,433.536025780196,3.65837893204256
302.070991231435,140.593287250452,3.90406633984412
533.671076367981,456.841779845735,3.70203682497713
41.1931016656873,418.118486055576,4.03076210674405
194.233024110878,286.020673699262,3.98245106498377
553.044225073755,264.237452300228,3.73592016105986
170.23085410273,30.5399483403651,4.25811970514109
498.057121566714,348.696963957314,4.58014461585196
32.8386445644801,46.7845153926797,3.34186429594179
537.400219486674,136.469653890653,4.62959430473767
NA,NA,NA
664.916670384192,334.588332364953,3.60399324040085
458.077630770044,299.96189063231,3.80822144179003
10.0589515173481,496.249617570554,3.75726266763085
558.797089784049,50.3663016030238,4.21444429052746
67.8647017378132,377.68195022692,3.94446753080997
233.462861613147,414.166395806368,3.84563503023269
426.373218327336,13.0701593128108,3.36193515671239
362.113816138096,293.892638664054,3.15235671467685
597.860638324958,110.93169522979,4.13449759540833
393.981072058361,232.339460464655,4.21411300844671
562.708200497532,415.101310875197,4.76631186852107
143.129438115823,285.457401889821,4.66318033093164
196.056992170163,372.631501945629,3.95723546603551
125.007889745701,408.283504227917,3.51770067657973
629.491247584406,310.343894426069,4.6017193303878
-0.63349821412117,146.651477542715,4.22457115700101
541.757034051745,206.448731849527,4.31180805141493
34.0056464715689,489.602576663102,3.0942803505224
283.044742256811,24.7358207540915,3.91742272420754
533.926581652245,389.836985202869,3.43558238679291
73.931550642901,78.1046182268325,5.28170382337464
4.93535811366647,76.7387789117157,3.60111273011122
586.831258666486,229.41944299695,3.99354930002188
445.907607980824,462.78308806024,4.79128013740429
656.008707345222,371.949473455005,3.05434666348865
106.708981183962,485.440508647168,4.31929270583454
624.147150558336,89.2391729544779,4.09566096979694
422.066773843528,259.088029653798,3.67606300538487
13.9732263491991,182.178790997638,3.15824033649879
64.3944361916976,119.785860507856,4.68502933657295
614.38875979226,204.171951504944,4.70729812631015
260.701680127568,220.870791782395,4.09762680381772
575.919194435113,433.536025780196,3.65837893204256
302.070991231435,140.593287250452,3.90406633984412
533.671076367981,456.841779845735,3.70203682497713
41.1931016656873,418.118486055576,4.03076210674405
194.233024110878,286.020673699262,3.98245106498377
553.044225073755,264.237452300228,3.73592016105986
170.23085410273,30.5399483403651,4.25811970514109
498.057121566714,348.696963957314,4.58014461585196
32.8386445644801,46.7845153926797,3.34186429594179
537.400219486674,136.469653890653,4.62959430473767
NA,NA,NA
664.916670384192,334.588332364953,3.60399324040085
458.077630770044,299.96189063231,3.80822144179003
10.0589515173481,496.249617570554,3.75726266763085
558.797089784049,50.3663016030238,4.21444429052746
67.8647017378132,377.68195022692,3.94446753080997
233.462861613147,414.166395806368,3.84563503023269
426.373218327336,13.0701593128108,3.36193515671239
362.113816138096,293.892638664054,3.15235671467685
597.860638324958,110.93169522979,4.13449759540833
393.981072058361,232.339460464655,4.21411300844671
562.708200497532,415.101310875197,4.76631186852107
143.129438115823,285.457401889821,4.66318033093164
196.056992170163,372.631501945629,3.95723546603551
125.007889745701,408.283504227917,3.51770067657973
629.491247584406,310.343894426069,4.6017193303878
-0.63349821412117,146.651477542715,4.22457115700101
541.757034051745,206.448731849527,4.31180805141493
34.0056464715689,489.602576663102,3.0942803505224
283.044742256811,24.7358207540915,3.91742272420754
533.926581652245,389.836985202869,3.43558238679291
73.931550642901,78.1046182268325,5.28170382337464
4.93535811366647,76.7387789117157,3.60111273011122
586.831258666486,229.41944299695,3.99354930002188
445.907607980824,462.78308806024,4.79128013740429
656.008707345222,371.949473455005,3.05434666348865
106.708981183962,485.440508647168,4.31929270583454
624.147150558336,89.2391729544779,4.09566096979694
422.066773843528,259.088029653798,3.67606300538487
13.9732263491991,182.178790997638,3.15824033649879
64.3944361916976,119.785860507856,4.68502933657295
614.38875979226,204.171951504944,4.70729812631015
260.701680127568,220.870791782395,4.09762680381772
575.919194435113,433.536025780196,3.65837893204256
302.070991231435,140.593287250452,3.90406633984412
533.671076367981,456.841779845735,3.70203682497713
41.1931016656873,418.118486055576,4.03076210674405
194.233024110878,286.020673699262,3.98245106498377
553.044225073755,264.237452300228,3.73592016105986
170.23085410273,30.5399483403651,4.25811970514109
498.057121566714,348.696963957314,4.58014461585196
32.8386445644801,46.7845153926797,3.34186429594179
537.400219486674,136.469653890653,4.62959430473767
NA,NA,NA
664.916670384192,334.588332364953,3.60399324040085
458.077630770044,299.96189063231,3.80822144179003
10.0589515173481,496.249617570554,3.75726266763085
558.797089784049,50.3663016030238,4.21444429052746
67.8647017378132,377.68195022692,3.94446753080997
233.462861613147,414.166395806368,3.84563503023269
426.373218327336,13.0701593128108,3.36193515671239
362.113816138096,293.892638664054,3.15235671467685
597.860638324958,110.93169522979,4.13449759540833
393.981072058361,232.339460464655,4.21411300844671
562.708200497532,415.101310875197,4.76631186852107
143.129438115823,285.457401889821,4.66318033093164
196.056992170163,372.631501945629,3.95723546603551
125.007889745701,408.283504227917,3.51770067657973
629.491247584406,310.343894426069,4.6017193303878
-0.63349821412117,146.651477542715,4.22457115700101
541.757034051745,206.448731849527,4.31180805141493
34.0056464715689,489.602576663102,3.0942803505224
283.044742256811,24.7358207540915,3.91742272420754
533.926581652245,389.836985202869,3.43558238679291
73.931550642901,78.1046182268325,5.28170382337464
4.93535811366647,76.7387789117157,3.60111273011122
586.831258666486,229.41944299695,3.99354930002188
445.907607980824,462.78308806024,4.79128013740429
656.008707345222,371.949473455005,3.05434666348865
106.708981183962,485.440508647168,4.31929270583454
624.147150558336,89.2391729544779,4.09566096979694
422.066773843528,259.088029653798,3.67606300538487
13.9732263491991,182.178790997638,3.15824033649879
64.3944361916976,119.785860507856,4.68502933657295
614.38875979226,204.171951504944,4.70729812631015
260.701680127568,220.870791782395,4.09762680381772
575.919194435113,433.536025780196,3.65837893204256
302.070991231435,140.593287250452,3.90406633984412
533.671076367981,456.841779845735,3.70203682497713
41.1931016656873,418.118486055576,4.03076210674405
194.233024110878,286.020673699262,3.98245106498377
553.044225073755,264.237452300228,3.73592016105986
170.23085410273,30.5399483403651,4.25811970514109
498.057121566714,348.696963957314,4.58014461585196
32.8386445644801,46.7845153926797,3.34186429594179
537.400219486674,136.469653890653,4.62959430473767
NA,NA,NA
663.587736057988,337.663139968116,3.42400580270261
454.739436649304,301.165761913504,3.45407540694739
13.3018483534918,499.928711996999,3.58716673498595
561.050342382781,53.9101344986048,4.17159561654279
67.15873722762,378.690696245808,3.94497269059924
228.265800306168,416.107579997465,3.97730905803285
428.695968310812,14.9549712942658,3.29996044451529
363.358379056209,294.543890226364,3.08222514630136
602.486363293143,105.076973861459,4.1559472207785
394.184135909443,229.17392863828,4.1842409819855
575.087677205042,414.167318850225,4.74646250674003
135.14194765097,288.178760632342,4.77939493708204
198.463091009334,371.81482124774,4.01001477666714
126.906030019004,410.618271031025,3.54728935855679
624.469591511946,312.276774974535,4.5235110321724
2.28683085546094,148.59359568399,4.32894506792131
542.267048818747,204.604493611104,4.23891612472853
34.0862263727912,489.029228965998,2.92368438007262
276.971471060355,22.919617039454,3.75047011284705
532.319238060855,394.091218910934,3.38593223353938
72.7092795391686,83.988710657299,5.20181045074504
7.81780674004214,75.8085419605066,3.53172797730935
589.386367221534,228.187336718098,3.97028729851655
440.059376962788,449.516587948301,4.74773522733101
658.067206582657,372.673630899105,3.08018720221269
105.432405091636,485.077866841378,4.415649709834
619.641458987663,93.741586831079,4.0616186623102
418.987996910785,259.507495870004,3.48074364279269
12.534656091124,182.338693001492,3.2016934406679
72.877195608903,118.385452411262,4.62158494529561
605.972372618104,210.577496292701,4.40817124645996
261.276284855293,221.612992125197,3.78185187430856
570.674740247326,433.951637724028,3.90931390842698
305.963305863058,136.712275411955,3.89262239582736
522.584025338738,459.393061140653,3.61243351539043
43.8080158603671,418.054274540756,3.77305569509166
203.44493652855,279.738940682106,4.41470295489629
549.408745126884,257.180516566214,3.72151462593804
179.077777216126,15.312687565969,4.29057379315946
511.931920272875,341.307998682075,4.78795055047811
42.1075725268866,43.6876514663542,3.99518744576698
525.021084350102,143.289201677547,4.82261333140879
NA,NA,NA
663.587736057988,337.663139968116,3.42400580270261
454.739436649304,301.165761913504,3.45407540694739
13.3018483534918,499.928711996999,3.58716673498595
561.050342382781,53.9101344986048,4.17159561654279
67.15873722762,378.690696245808,3.94497269059924
228.265800306168,416.107579997465,3.97730905803285
428.695968310812,14.9549712942658,3.29996044451529
363.358379056209,294.543890226364,3.08222514630136
602.486363293143,105.076973861459,4.1559472207785
394.184135909443,229.17392863828,4.1842409819855
575.087677205042,414.167318850225,4.74646250674003
135.14194765097,288.178760632342,4.77939493708204
198.463091009334,371.81482124774,4.01001477666714
126.906030019004,410.618271031025,3.54728935855679
624.469591511946,312.276774974535,4.5235110321724
2.28683085546094,148.59359568399,4.32894506792131
542.267048818747,204.604493611104,4.23891612472853
34.0862263727912,489.029228965998,2.92368438007262
276.971471060355,22.919617039454,3.75047011284705
532.319238060855,394.091218910934,3.38593223353938
72.7092795391686,83.988710657299,5.20181045074504
7.81780674004214,75.8085419605066,3.53172797730935
589.386367221534,228.187336718098,3.97028729851655
440.059376962788,449.516587948301,4.74773522733101
658.067206582657,372.673630899105,3.08018720221269
105.432405091636,485.077866841378,4.415649709834
619.641458987663,93.741586831079,4.0616186623102
418.987996910785,259.507495870004,3.48074364279269
12.534656091124,182.338693001492,3.2016934406679
72.877195608903,118.385452411262,4.62158494529561
605.972372618104,210.577496292701,4.40817124645996
261.276284855293,221.612992125197,3.78185187430856
570.674740247326,433.951637724028,3.90931390842698
305.963305863058,136.712275411955,3.89262239582736
522.584025338738,459.393061140653,3.61243351539043
43.8080158603671,418.054274540756,3.77305569509166
203.44493652855,279.738940682106,4.41470295489629
549.408745126884,257.180516566214,3.72151462593804
179.077777216126,15.312687565969,4.29057379315946
511.931920272875,341.307998682075,4.78795055047811
42.1075725268866,43.6876514663542,3.99518744576698
525.021084350102,143.289201677547,4.82261333140879
NA,NA,NA
663.587736057988,337.663139968116,3.42400580270261
454.739436649304,301.165761913504,3.45407540694739
13.3018483534918,499.928711996999,3.58716673498595
561.050342382781,53.9101344986048,4.17159561654279
67.15873722762,378.690696245808,3.94497269059924
228.265800306168,416.107579997465,3.97730905803285
428.695968310812,14.9549712942658,3.29996044451529
363.358379056209,294.543890226364,3.08222514630136
602.486363293143,105.076973861459,4.1559472207785
394.184135909443,229.17392863828,4.1842409819855
575.087677205042,414.167318850225,4.74646250674003
135.14194765097,288.178760632342,4.77939493708204
198.463091009334,371.81482124774,4.01001477666714
126.906030019004,410.618271031025,3.54728935855679
624.469591511946,312.276774974535,4.5235110321724
2.28683085546094,148.59359568399,4.32894506792131
542.267048818747,204.604493611104,4.23891612472853
34.0862263727912,489.029228965998,2.92368438007262
276.971471060355,22.919617039454,3.75047011284705
532.319238060855,394.091218910934,3.38593223353938
72.7092795391686,83.988710657299,5.20181045074504
7.81780674004214,75.8085419605066,3.53172797730935
589.386367221534,228.187336718098,3.97028729851655
440.059376962788,449.516587948301,4.74773522733101
658.067206582657,372.673630899105,3.08018720221269
105.432405091636,485.077866841378,4.415649709834
619.641458987663,93.741586831079,4.0616186623102
418.987996910785,259.507495870004,3.48074364279269
12.534656091124,182.338693001492,3.2016934406679
72.877195608903,118.385452411262,4.62158494529561
605.972372618104,210.577496292701,4.40817124645996
261.276284855293,221.612992125197,3.78185187430856
570.674740247326,433.951637724028,3.90931390842698
305.963305863058,136.712275411955,3.89262239582736
522.584025338738,459.393061140653,3.61243351539043
43.8080158603671,418.054274540756,3.77305569509166
203.44493652855,279.738940682106,4.41470295489629
549.408745126884,257.180516566214,3.72151462593804
179.077777216126,15.312687565969,4.29057379315946
511.931920272875,341.307998682075,4.78795055047811
42.1075725268866,43.6876514663542,3.99518744576698
525.021084350102,143.289201677547,4.82261333140879
NA,NA,NA
663.587736057988,337.663139968116,3.42400580270261
454.739436649304,301.165761913504,3.45407540694739
13.3018483534918,499.928711996999,3.58716673498595
561.050342382781,53.9101344986048,4.17159561654279
67.15873722762,378.690696245808,3.94497269059924
228.265800306168,416.107579997465,3.97730905803285
428.695968310812,14.9549712942658,3.29996044451529
363.358379056209,294.543890226364,3.08222514630136
602.486363293143,105.076973861459,4.1559472207785
394.184135909443,229.17392863828,4.1842409819855
575.087677205042,414.167318850225,4.74646250674003
135.14194765097,288.178760632342,4.77939493708204
198.463091009334,371.81482124774,4.01001477666714
126.906030019004,410.618271031025,3.54728935855679
624.469591511946,312.276774974535,4.5235110321724
2.28683085546094,148.59359568399,4.32894506792131
542.267048818747,204.604493611104,4.23891612472853
34.0862263727912,489.029228965998,2.92368438007262
276.971471060355,22.919617039454,3.75047011284705
532.319238060855,394.091218910934,3.38593223353938
72.7092795391686,83.988710657299,5.20181045074504
7.81780674004214,75.8085419605066,3.53172797730935
589.386367221534,228.187336718098,3.97028729851655
440.059376962788,449.516587948301,4.74773522733101
658.067206582657,372.673630899105,3.08018720221269
105.432405091636,485.077866841378,4.415649709834
619.641458987663,93.741586831079,4.0616186623102
418.987996910785,259.507495870004,3.48074364279269
12.534656091124,182.338693001492,3.2016934406679
72.877195608903,118.385452411262,4.62158494529561
605.972372618104,210.577496292701,4.40817124645996
261.276284855293,221.612992125197,3.78185187430856
570.674740247326,433.951637724028,3.90931390842698
305.963305863058,136.712275411955,3.89262239582736
522.584025338738,459.393061140653,3.61243351539043
43.8080158603671,418.054274540756,3.77305569509166
203.44493652855,279.738940682106,4.41470295489629
549.408745126884,257.180516566214,3.72151462593804
179.077777216126,15.312687565969,4.29057379315946
511.931920272875,341.307998682075,4.78795055047811
42.1075725268866,43.6876514663542,3.99518744576698
525.021084350102,143.289201677547,4.82261333140879
NA,NA,NA
663.587736057988,337.663139968116,3.42400580270261
454.739436649304,301.165761913504,3.45407540694739
13.3018483534918,499.928711996999,3.58716673498595
561.050342382781,53.9101344986048,4.17159561654279
67.15873722762,378.690696245808,3.94497269059924
228.265800306168,416.107579997465,3.97730905803285
428.695968310812,14.9549712942658,3.29996044451529
363.358379056209,294.543890226364,3.08222514630136
602.486363293143,105.076973861459,4.1559472207785
394.184135909443,229.17392863828,4.1842409819855
575.087677205042,414.167318850225,4.74646250674003
135.14194765097,288.178760632342,4.77939493708204
198.463091009334,371.81482124774,4.01001477666714
126.906030019004,410.618271031025,3.54728935855679
624.469591511946,312.276774974535,4.5235110321724
2.28683085546094,148.59359568399,4.32894506792131
542.267048818747,204.604493611104,4.23891612472853
34.0862263727912,489.029228965998,2.92368438007262
276.971471060355,22.919617039454,3.75047011284705
532.319238060855,394.091218910934,3.38593223353938
72.7092795391686,83.988710657299,5.20181045074504
7.81780674004214,75.8085419605066,3.53172797730935
589.386367221534,228.187336718098,3.97028729851655
440.059376962788,449.516587948301,4.74773522733101
658.067206582657,372.673630899105,3.08018720221269
105.432405091636,485.077866841378,4.415649709834
619.641458987663,93.741586831079,4.0616186623102
418.987996910785,259.507495870004,3.48074364279269
12.534656091124,182.338693001492,3.2016934406679
72.877195608903,118.385452411262,4.62158494529561
605.972372618104,210.577496292701,4.40817124645996
261.276284855293,221.612992125197,3.78185187430856
570.674740247326,433.951637724028,3.90931390842698
305.963305863058,136.712275411955,3.89262239582736
522.584025338738,459.393061140653,3.61243351539043
43.8080158603671,418.054274540756,3.77305569509166
203.44493652855,279.738940682106,4.41470295489629
549.408745126884,257.180516566214,3.72151462593804
179.077777216126,15.312687565969,4.29057379315946
511.931920272875,341.307998682075,4.78795055047811
42.1075725268866,43.6876514663542,3.99518744576698
525.021084350102,143.289201677547,4.82261333140879
NA,NA,NA
663.587736057988,337.663139968116,3.42400580270261
454.739436649304,301.165761913504,3.45407540694739
13.3018483534918,499.928711996999,3.58716673498595
561.050342382781,53.9101344986048,4.17159561654279
67.15873722762,378.690696245808,3.94497269059924
228.265800306168,416.107579997465,3.97730905803285
428.695968310812,14.9549712942658,3.29996044451529
363.358379056209,294.543890226364,3.08222514630136
602.486363293143,105.076973861459,4.1559472207785
394.184135909443,229.17392863828,4.1842409819855
575.087677205042,414.167318850225,4.74646250674003
135.14194765097,288.178760632342,4.77939493708204
198.463091009334,371.81482124774,4.01001477666714
126.906030019004,410.618271031025,3.54728935855679
624.469591511946,312.276774974535,4.5235110321724
2.28683085546094,148.59359568399,4.32894506792131
542.267048818747,204.604493611104,4.23891612472853
34.0862263727912,489.029228965998,2.92368438007262
276.971471060355,22.919617039454,3.75047011284705
532.319238060855,394.091218910934,3.38593223353938
72.7092795391686,83.988710657299,5.20181045074504
7.81780674004214,75.8085419605066,3.53172797730935
589.386367221534,228.187336718098,3.97028729851655
440.059376962788,449.516587948301,4.74773522733101
658.067206582657,372.673630899105,3.08018720221269
105.432405091636,485.077866841378,4.415649709834
619.641458987663,93.741586831079,4.0616186623102
418.987996910785,259.507495870004,3.48074364279269
12.534656091124,182.338693001492,3.2016934406679
72.877195608903,118.385452411262,4.62158494529561
605.972372618104,210.577496292701,4.40817124645996
261.276284855293,221.612992125197,3.78185187430856
570.674740247326,433.951637724028,3.90931390842698
305.963305863058,136.712275411955,3.89262239582736
522.584025338738,459.393061140653,3.61243351539043
43.8080158603671,418.054274540756,3.77305569509166
203.44493652855,279.738940682106,4.41470295489629
549.408745126884,257.180516566214,3.72151462593804
179.077777216126,15.312687565969,4.29057379315946
511.931920272875,341.307998682075,4.78795055047811
42.1075725268866,43.6876514663542,3.99518744576698
525.021084350102,143.289201677547,4.82261333140879
NA,NA,NA
659.333046502776,332.630923089144,3.45250020744763
454.671764477913,301.901335922689,3.64668863301736
11.3361069997461,492.092126183529,3.58238860267024
560.865928863407,50.5687650349859,4.11457515267622
76.1797359001917,374.367707850105,4.00978540663337
227.151280240386,412.842845423566,3.92202306175595
428.097457807285,13.0378724835343,3.28014650843335
358.757805805582,294.485087163151,3.13343636257463
607.519071781905,102.676149777229,4.25390930927608
391.925046942937,230.536231421807,4.13317206621261
571.166844009662,413.390854014016,4.67994670055987
133.867554956505,277.896315928476,4.72121802247103
202.181417207414,372.005714265423,4.06949534266103
125.70294203163,412.943649404305,3.43372466223238
622.500602699209,312.948159881043,4.60477317351031
0.401550394192583,148.170205471542,4.22459320152059
543.66874173885,205.835366186167,4.12090042008902
35.7532586344431,492.271496575595,2.9469623981373
279.474109815426,23.2154627352802,3.96569612694763
532.95579113042,394.638876290674,3.47177377359047
74.0758873007889,70.1285012332013,5.22905812070684
7.31939176696874,74.7537787000613,3.77376660654875
591.68199464735,227.738400144764,4.0496188888643
444.457477498471,456.402954414225,4.75133942038101
657.274198586242,373.717400133977,3.00057598345127
103.247379819407,488.207123898276,4.36691985938319
621.956503395,91.1901730255571,4.08419203252461
420.395255754325,257.345164420118,3.69206547907161
16.4630831375084,182.578763372371,3.285421198975
70.6083212637532,114.591105520146,4.55225500831464
627.273996413054,200.62479552516,4.119776648788
253.007236702336,223.302211209917,4.02893299416677
563.38453090616,436.520618425143,3.7667213965647
303.406926210044,140.294392383156,3.96059597386638
529.392309398778,455.75082118108,3.55299160577988
48.4407124024619,418.969178451308,3.7552337664647
185.824651520282,288.503598424551,3.52744348418963
554.747459474524,255.623283953074,3.75123807254701
191.201796976375,26.8164260093449,4.46457305804611
495.155796976369,338.911051188647,4.54129714412694
32.1710408243025,50.5065674955294,4.07616599166986
559.928075655603,147.979808780679,4.44916801317788
NA,NA,NA
659.333046502776,332.630923089144,3.45250020744763
454.671764477913,301.901335922689,3.64668863301736
11.3361069997461,492.092126183529,3.58238860267024
560.865928863407,50.5687650349859,4.11457515267622
76.1797359001917,374.367707850105,4.00978540663337
227.151280240386,412.842845423566,3.92202306175595
428.097457807285,13.0378724835343,3.28014650843335
358.757805805582,294.485087163151,3.13343636257463
607.519071781905,102.676149777229,4.25390930927608
391.925046942937,230.536231421807,4.13317206621261
571.166844009662,413.390854014016,4.67994670055987
133.867554956505,277.896315928476,4.72121802247103
202.181417207414,372.005714265423,4.06949534266103
125.70294203163,412.943649404305,3.43372466223238
622.500602699209,312.948159881043,4.60477317351031
0.401550394192583,148.170205471542,4.22459320152059
543.66874173885,205.835366186167,4.12090042008902
35.7532586344431,492.271496575595,2.9469623981373
279.474109815426,23.2154627352802,3.96569612694763
532.95579113042,394.638876290674,3.47177377359047
74.0758873007889,70.1285012332013,5.22905812070684
7.31939176696874,74.7537787000613,3.77376660654875
591.68199464735,227.738400144764,4.0496188888643
444.457477498471,456.402954414225,4.75133942038101
657.274198586242,373.717400133977,3.00057598345127
103.247379819407,488.207123898276,4.36691985938319
621.956503395,91.1901730255571,4.08419203252461
420.395255754325,257.345164420118,3.69206547907161
16.4630831375084,182.578763372371,3.285421198975
70.6083212637532,114.591105520146,4.55225500831464
627.273996413054,200.62479552516,4.119776648788
253.007236702336,223.302211209917,4.02893299416677
563.38453090616,436.520618425143,3.7667213965647
303.406926210044,140.294392383156,3.96059597386638
529.392309398778,455.75082118108,3.55299160577988
48.4407124024619,418.969178451308,3.7552337664647
185.824651520282,288.503598424551,3.52744348418963
554.747459474524,255.623283953074,3.75123807254701
191.201796976375,26.8164260093449,4.46457305804611
495.155796976369,338.911051188647,4.54129714412694
32.1710408243025,50.5065674955294,4.07616599166986
559.928075655603,147.979808780679,4.44916801317788
NA,NA,NA
659.333046502776,332.630923089144,3.45250020744763
454.671764477913,301.901335922689,3.64668863301736
11.3361069997461,492.092126183529,3.58238860267024
560.865928863407,50.5687650349859,4.11457515267622
76.1797359001917,374.367707850105,4.00978540663337
227.151280240386,412.842845423566,3.92202306175595
428.097457807285,13.0378724835343,3.28014650843335
358.757805805582,294.485087163151,3.13343636257463
607.519071781905,102.676149777229,4.25390930927608
391.925046942937,230.536231421807,4.13317206621261
571.166844009662,413.390854014016,4.67994670055987
133.867554956505,277.896315928476,4.72121802247103
202.181417207414,372.005714265423,4.06949534266103
125.70294203163,412.943649404305,3.43372466223238
622.500602699209,312.948159881043,4.60477317351031
0.401550394192583,148.170205471542,4.22459320152059
543.66874173885,205.835366186167,4.12090042008902
35.7532586344431,492.271496575595,2.9469623981373
279.474109815426,23.2154627352802,3.96569612694763
532.95579113042,394.638876290674,3.47177377359047
74.0758873007889,70.1285012332013,5.22905812070684
7.31939176696874,74.7537787000613,3.77376660654875
591.68199464735,227.738400144764,4.0496188888643
444.457477498471,456.402954414225,4.75133942038101
657.274198586242,373.717400133977,3.00057598345127
103.247379819407,488.207123898276,4.36691985938319
621.956503395,91.1901730255571,4.08419203252461
420.395255754325,257.345164420118,3.69206547907161
16.4630831375084,182.578763372371,3.285421198975
70.6083212637532,114.591105520146,4.55225500831464
627.273996413054,200.62479552516,4.119776648788
253.007236702336,223.302211209917,4.02893299416677
563.38453090616,436.520618425143,3.7667213965647
303.406926210044,140.294392383156,3.96059597386638
529.392309398778,455.75082118108,3.55299160577988
48.4407124024619,418.969178451308,3.7552337664647
185.824651520282,288.503598424551,3.52744348418963
554.747459474524,255.623283953074,3.75123807254701
191.201796976375,26.8164260093449,4.46457305804611
495.155796976369,338.911051188647,4.54129714412694
32.1710408243025,50.5065674955294,4.07616599166986
559.928075655603,147.979808780679,4.44916801317788
NA,NA,NA
659.333046502776,332.630923089144,3.45250020744763
454.671764477913,301.901335922689,3.64668863301736
11.3361069997461,492.092126183529,3.58238860267024
560.865928863407,50.5687650349859,4.11457515267622
76.1797359001917,374.367707850105,4.00978540663337
227.151280240386,412.842845423566,3.92202306175595
428.097457807285,13.0378724835343,3.28014650843335
358.757805805582,294.485087163151,3.13343636257463
607.519071781905,102.676149777229,4.25390930927608
391.925046942937,230.536231421807,4.13317206621261
571.166844009662,413.390854014016,4.67994670055987
133.867554956505,277.896315928476,4.72121802247103
202.181417207414,372.005714265423,4.06949534266103
125.70294203163,412.943649404305,3.43372466223238
622.500602699209,312.948159881043,4.60477317351031
0.401550394192583,148.170205471542,4.22459320152059
543.66874173885,205.835366186167,4.12090042008902
35.7532586344431,492.271496575595,2.9469623981373
279.474109815426,23.2154627352802,3.96569612694763
532.95579113042,394.638876290674,3.47177377359047
74.0758873007889,70.1285012332013,5.22905812070684
7.31939176696874,74.7537787000613,3.77376660654875
591.68199464735,227.738400144764,4.0496188888643
444.457477498471,456.402954414225,4.75133942038101
657.274198586242,373.717400133977,3.00057598345127
103.247379819407,488.207123898276,4.36691985938319
621.956503395,91.1901730255571,4.08419203252461
420.395255754325,257.345164420118,3.69206547907161
16.4630831375084,182.578763372371,3.285421198975
70.6083212637532,114.591105520146,4.55225500831464
627.273996413054,200.62479552516,4.119776648788
253.007236702336,223.302211209917,4.02893299416677
563.38453090616,436.520618425143,3.7667213965647
303.406926210044,140.294392383156,3.96059597386638
529.392309398778,455.75082118108,3.55299160577988
48.4407124024619,418.969178451308,3.7552337664647
185.824651520282,288.503598424551,3.52744348418963
554.747459474524,255.623283953074,3.75123807254701
191.201796976375,26.8164260093449,4.46457305804611
495.155796976369,338.911051188647,4.54129714412694
32.1710408243025,50.5065674955294,4.07616599166986
559.928075655603,147.979808780679,4.44916801317788
NA,NA,NA
659.333046502776,332.630923089144,3.45250020744763
454.671764477913,301.901335922689,3.64668863301736
11.3361069997461,492.092126183529,3.58238860267024
560.865928863407,50.5687650349859,4.11457515267622
76.1797359001917,374.367707850105,4.00978540663337
227.151280240386,412.842845423566,3.92202306175595
428.097457807285,13.0378724835343,3.28014650843335
358.757805805582,294.485087163151,3.13343636257463
607.519071781905,102.676149777229,4.25390930927608
391.925046942937,230.536231421807,4.13317206621261
571.166844009662,413.390854014016,4.67994670055987
133.867554956505,277.896315928476,4.72121802247103
202.181417207414,372.005714265423,4.06949534266103
125.70294203163,412.943649404305,3.43372466223238
622.500602699209,312.948159881043,4.60477317351031
0.401550394192583,148.170205471542,4.22459320152059
543.66874173885,205.835366186167,4.12090042008902
35.7532586344431,492.271496575595,2.9469623981373
279.474109815426,23.2154627352802,3.96569612694763
532.95579113042,394.638876290674,3.47177377359047
74.0758873007889,70.1285012332013,5.22905812070684
7.31939176696874,74.7537787000613,3.77376660654875
591.68199464735,227.738400144764,4.0496188888643
444.457477498471,456.402954414225,4.75133942038101
657.274198586242,373.717400133977,3.00057598345127
103.247379819407,488.207123898276,4.36691985938319
621.956503395,91.1901730255571,4.08419203252461
420.395255754325,257.345164420118,3.69206547907161
16.4630831375084,182.578763372371,3.285421198975
70.6083212637532,114.591105520146,4.55225500831464
627.273996413054,200.62479552516,4.119776648788
253.007236702336,223.302211209917,4.02893299416677
563.38453090616,436.520618425143,3.7667213965647
303.406926210044,140.294392383156,3.96059597386638
529.392309398778,455.75082118108,3.55299160577988
48.4407124024619,418.969178451308,3.7552337664647
185.824651520282,288.503598424551,3.52744348418963
554.747459474524,255.623283953074,3.75123807254701
191.201796976375,26.8164260093449,4.46457305804611
495.155796976369,338.911051188647,4.54129714412694
32.1710408243025,50.5065674955294,4.07616599166986
559.928075655603,147.979808780679,4.44916801317788
NA,NA,NA
659.333046502776,332.630923089144,3.45250020744763
454.671764477913,301.901335922689,3.64668863301736
11.3361069997461,492.092126183529,3.58238860267024
560.865928863407,50.5687650349859,4.11457515267622
76.1797359001917,374.367707850105,4.00978540663337
227.151280240386,412.842845423566,3.92202306175595
428.097457807285,13.0378724835343,3.28014650843335
358.757805805582,294.485087163151,3.13343636257463
607.519071781905,102.676149777229,4.25390930927608
391.925046942937,230.536231421807,4.13317206621261
571.166844009662,413.390854014016,4.67994670055987
133.867554956505,277.896315928476,4.72121802247103
202.181417207414,372.005714265423,4.06949534266103
125.70294203163,412.943649404305,3.43372466223238
622.500602699209,312.948159881043,4.60477317351031
0.401550394192583,148.170205471542,4.22459320152059
543.66874173885,205.835366186167,4.12090042008902
35.7532586344431,492.271496575595,2.9469623981373
279.474109815426,23.2154627352802,3.96569612694763
532.95579113042,394.638876290674,3.47177377359047
74.0758873007889,70.1285012332013,5.22905812070684
7.31939176696874,74.7537787000613,3.77376660654875
591.68199464735,227.738400144764,4.0496188888643
444.457477498471,456.402954414225,4.75133942038101
657.274198586242,373.717400133977,3.00057598345127
103.247379819407,488.207123898276,4.36691985938319
621.956503395,91.1901730255571,4.08419203252461
420.395255754325,257.345164420118,3.69206547907161
16.4630831375084,182.578763372371,3.285421198975
70.6083212637532,114.591105520146,4.55225500831464
627.273996413054,200.62479552516,4.119776648788
253.007236702336,223.302211209917,4.02893299416677
563.38453090616,436.520618425143,3.7667213965647
303.406926210044,140.294392383156,3.96059597386638
529.392309398778,455.75082118108,3.55299160577988
48.4407124024619,418.969178451308,3.7552337664647
185.824651520282,288.503598424551,3.52744348418963
554.747459474524,255.623283953074,3.75123807254701
191.201796976375,26.8164260093449,4.46457305804611
495.155796976369,338.911051188647,4.54129714412694
32.1710408243025,50.5065674955294,4.07616599166986
559.928075655603,147.979808780679,4.44916801317788
NA,NA,NA
661.212020250736,332.187973828137,3.47438799798688
455.972351640284,300.885748716004,3.79288166279831
11.3333263671576,496.585193960013,3.72393848630542
563.007737318052,50.293507718147,4.24032830496364
73.2792271524748,373.886714859618,3.85010999125222
229.234939900771,416.288924114208,3.8308262999386
426.977795056998,14.9543639657048,3.19447735129717
363.332323921025,294.420973410537,3.11439444441819
603.93165397122,110.33807937701,4.20963682406431
390.140640912667,229.640763531336,4.20585551784323
570.615438443022,407.933122131795,4.68139736166512
135.341484178057,286.727898383516,4.48498793026784
199.090968692303,372.58080512748,3.96312216477238
122.589367697092,413.695520176478,3.52211581191666
622.639421689074,308.105358522576,4.69088991671071
7.20388077424419,145.41639776557,4.30449057944127
542.221576573217,202.790190685872,4.20085520731854
34.4894103890446,489.892815639332,2.97981977918742
276.580193587834,23.4441301847694,3.75614274068299
533.435307287449,394.871195531335,3.33739707843121
74.2866882645786,82.2370483315727,5.27955145623075
3.55547015719884,76.488003144349,3.43443224278158
589.358240303403,227.217817303492,4.07585484398432
440.984775625183,453.484910143601,4.66515513189887
659.919902475404,374.929235177056,3.12542294526721
103.385787847029,487.577762487199,4.37257309305716
622.349209242458,95.7439390528614,4.06954380062796
420.865765812522,261.738006759318,3.52390888168647
9.3194571784262,182.179384686376,3.21004629427242
71.2149141587822,118.984933829745,4.3531411960195
624.542217577139,197.183770060774,4.4190571958144
246.032594349265,220.227281620478,3.63262393239336
575.868105868462,424.819399997289,3.79198139515615
298.595602337261,139.4837257299,3.69225418950278
523.693308293959,463.218180199267,3.72619436585367
42.6995302343645,424.492705920902,4.0797319775672
187.078362287467,275.979792363148,4.26029596886892
554.290271577423,259.208912210124,3.85301547414224
172.581911240487,53.9474893850306,4.42362268634029
502.987114466553,345.580282529979,4.52914629456746
36.5631786443992,59.39830904114,3.49221099484212
543.572375175865,149.021870572005,4.88447626519184
NA,NA,NA
661.212020250736,332.187973828137,3.47438799798688
455.972351640284,300.885748716004,3.79288166279831
11.3333263671576,496.585193960013,3.72393848630542
563.007737318052,50.293507718147,4.24032830496364
73.2792271524748,373.886714859618,3.85010999125222
229.234939900771,416.288924114208,3.8308262999386
426.977795056998,14.9543639657048,3.19447735129717
363.332323921025,294.420973410537,3.11439444441819
603.93165397122,110.33807937701,4.20963682406431
390.140640912667,229.640763531336,4.20585551784323
570.615438443022,407.933122131795,4.68139736166512
135.341484178057,286.727898383516,4.48498793026784
199.090968692303,372.58080512748,3.96312216477238
122.589367697092,413.695520176478,3.52211581191666
622.639421689074,308.105358522576,4.69088991671071
7.20388077424419,145.41639776557,4.30449057944127
542.221576573217,202.790190685872,4.20085520731854
34.4894103890446,489.892815639332,2.97981977918742
276.580193587834,23.4441301847694,3.75614274068299
533.435307287449,394.871195531335,3.33739707843121
74.2866882645786,82.2370483315727,5.27955145623075
3.55547015719884,76.488003144349,3.43443224278158
589.358240303403,227.217817303492,4.07585484398432
440.984775625183,453.484910143601,4.66515513189887
659.919902475404,374.929235177056,3.12542294526721
103.385787847029,487.577762487199,4.37257309305716
622.349209242458,95.7439390528614,4.06954380062796
420.865765812522,261.738006759318,3.52390888168647
9.3194571784262,182.179384686376,3.21004629427242
71.2149141587822,118.984933829745,4.3531411960195
624.542217577139,197.183770060774,4.4190571958144
246.032594349265,220.227281620478,3.63262393239336
575.868105868462,424.819399997289,3.79198139515615
298.595602337261,139.4837257299,3.69225418950278
523.693308293959,463.218180199267,3.72619436585367
42.6995302343645,424.492705920902,4.0797319775672
187.078362287467,275.979792363148,4.26029596886892
554.290271577423,259.208912210124,3.85301547414224
172.581911240487,53.9474893850306,4.42362268634029
502.987114466553,345.580282529979,4.52914629456746
36.5631786443992,59.39830904114,3.49221099484212
543.572375175865,149.021870572005,4.88447626519184
NA,NA,NA
661.212020250736,332.187973828137,3.47438799798688
455.972351640284,300.885748716004,3.79288166279831
11.3333263671576,496.585193960013,3.72393848630542
563.007737318052,50.293507718147,4.24032830496364
73.2792271524748,373.886714859618,3.85010999125222
229.234939900771,416.288924114208,3.8308262999386
426.977795056998,14.9543639657048,3.19447735129717
363.332323921025,294.420973410537,3.11439444441819
603.93165397122,110.33807937701,4.20963682406431
390.140640912667,229.640763531336,4.20585551784323
570.615438443022,407.933122131795,4.68139736166512
135.341484178057,286.727898383516,4.48498793026784
199.090968692303,372.58080512748,3.96312216477238
122.589367697092,413.695520176478,3.52211581191666
622.639421689074,308.105358522576,4.69088991671071
7.20388077424419,145.41639776557,4.30449057944127
542.221576573217,202.790190685872,4.20085520731854
34.4894103890446,489.892815639332,2.97981977918742
276.580193587834,23.4441301847694,3.75614274068299
533.435307287449,394.871195531335,3.33739707843121
74.2866882645786,82.2370483315727,5.27955145623075
3.55547015719884,76.488003144349,3.43443224278158
589.358240303403,227.217817303492,4.07585484398432
440.984775625183,453.484910143601,4.66515513189887
659.919902475404,374.929235177056,3.12542294526721
103.385787847029,487.577762487199,4.37257309305716
622.349209242458,95.7439390528614,4.06954380062796
420.865765812522,261.738006759318,3.52390888168647
9.3194571784262,182.179384686376,3.21004629427242
71.2149141587822,118.984933829745,4.3531411960195
624.542217577139,197.183770060774,4.4190571958144
246.032594349265,220.227281620478,3.63262393239336
575.868105868462,424.819399997289,3.79198139515615
298.595602337261,139.4837257299,3.69225418950278
523.693308293959,463.218180199267,3.72619436585367
42.6995302343645,424.492705920902,4.0797319775672
187.078362287467,275.979792363148,4.26029596886892
554.290271577423,259.208912210124,3.85301547414224
172.581911240487,53.9474893850306,4.42362268634029
502.987114466553,345.580282529979,4.52914629456746
36.5631786443992,59.39830904114,3.49221099484212
543.572375175865,149.021870572005,4.88447626519184
NA,NA,NA
661.212020250736,332.187973828137,3.47438799798688
455.972351640284,300.885748716004,3.79288166279831
11.3333263671576,496.585193960013,3.72393848630542
563.007737318052,50.293507718147,4.24032830496364
73.2792271524748,373.886714859618,3.85010999125222
229.234939900771,416.288924114208,3.8308262999386
426.977795056998,14.9543639657048,3.19447735129717
363.332323921025,294.420973410537,3.11439444441819
603.93165397122,110.33807937701,4.20963682406431
390.140640912667,229.640763531336,4.20585551784323
570.615438443022,407.933122131795,4.68139736166512
135.341484178057,286.727898383516,4.48498793026784
199.090968692303,372.58080512748,3.96312216477238
122.589367697092,413.695520176478,3.52211581191666
622.639421689074,308.105358522576,4.69088991671071
7.20388077424419,145.41639776557,4.30449057944127
542.221576573217,202.790190685872,4.20085520731854
34.4894103890446,489.892815639332,2.97981977918742
276.580193587834,23.4441301847694,3.75614274068299
533.435307287449,394.871195531335,3.33739707843121
74.2866882645786,82.2370483315727,5.27955145623075
3.55547015719884,76.488003144349,3.43443224278158
589.358240303403,227.217817303492,4.07585484398432
440.984775625183,453.484910143601,4.66515513189887
659.919902475404,374.929235177056,3.12542294526721
103.385787847029,487.577762487199,4.37257309305716
622.349209242458,95.7439390528614,4.06954380062796
420.865765812522,261.738006759318,3.52390888168647
9.3194571784262,182.179384686376,3.21004629427242
71.2149141587822,118.984933829745,4.3531411960195
624.542217577139,197.183770060774,4.4190571958144
246.032594349265,220.227281620478,3.63262393239336
575.868105868462,424.819399997289,3.79198139515615
298.595602337261,139.4837257299,3.69225418950278
523.693308293959,463.218180199267,3.72619436585367
42.6995302343645,424.492705920902,4.0797319775672
187.078362287467,275.979792363148,4.26029596886892
554.290271577423,259.208912210124,3.85301547414224
172.581911240487,53.9474893850306,4.42362268634029
502.987114466553,345.580282529979,4.52914629456746
36.5631786443992,59.39830904114,3.49221099484212
543.572375175865,149.021870572005,4.88447626519184
NA,NA,NA
661.212020250736,332.187973828137,3.47438799798688
455.972351640284,300.885748716004,3.79288166279831
11.3333263671576,496.585193960013,3.72393848630542
563.007737318052,50.293507718147,4.24032830496364
73.2792271524748,373.886714859618,3.85010999125222
229.234939900771,416.288924114208,3.8308262999386
426.977795056998,14.9543639657048,3.19447735129717
363.332323921025,294.420973410537,3.11439444441819
603.93165397122,110.33807937701,4.20963682406431
390.140640912667,229.640763531336,4.20585551784323
570.615438443022,407.933122131795,4.68139736166512
135.341484178057,286.727898383516,4.48498793026784
199.090968692303,372.58080512748,3.96312216477238
122.589367697092,413.695520176478,3.52211581191666
622.639421689074,308.105358522576,4.69088991671071
7.20388077424419,145.41639776557,4.30449057944127
542.221576573217,202.790190685872,4.20085520731854
34.4894103890446,489.892815639332,2.97981977918742
276.580193587834,23.4441301847694,3.75614274068299
533.435307287449,394.871195531335,3.33739707843121
74.2866882645786,82.2370483315727,5.27955145623075
3.55547015719884,76.488003144349,3.43443224278158
589.358240303403,227.217817303492,4.07585484398432
440.984775625183,453.484910143601,4.66515513189887
659.919902475404,374.929235177056,3.12542294526721
103.385787847029,487.577762487199,4.37257309305716
622.349209242458,95.7439390528614,4.06954380062796
420.865765812522,261.738006759318,3.52390888168647
9.3194571784262,182.179384686376,3.21004629427242
71.2149141587822,118.984933829745,4.3531411960195
624.542217577139,197.183770060774,4.4190571958144
246.032594349265,220.227281620478,3.63262393239336
575.868105868462,424.819399997289,3.79198139515615
298.595602337261,139.4837257299,3.69225418950278
523.693308293959,463.218180199267,3.72619436585367
42.6995302343645,424.492705920902,4.0797319775672
187.078362287467,275.979792363148,4.26029596886892
554.290271577423,259.208912210124,3.85301547414224
172.581911240487,53.9474893850306,4.42362268634029
502.987114466553,345.580282529979,4.52914629456746
36.5631786443992,59.39830904114,3.49221099484212
543.572375175865,149.021870572005,4.88447626519184
NA,NA,NA
661.212020250736,332.187973828137,3.47438799798688
455.972351640284,300.885748716004,3.79288166279831
11.3333263671576,496.585193960013,3.72393848630542
563.007737318052,50.293507718147,4.24032830496364
73.2792271524748,373.886714859618,3.85010999125222
229.234939900771,416.288924114208,3.8308262999386
426.977795056998,14.9543639657048,3.19447735129717
363.332323921025,294.420973410537,3.11439444441819
603.93165397122,110.33807937701,4.20963682406431
390.140640912667,229.640763531336,4.20585551784323
570.615438443022,407.933122131795,4.68139736166512
135.341484178057,286.727898383516,4.48498793026784
199.090968692303,372.58080512748,3.96312216477238
122.589367697092,413.695520176478,3.52211581191666
622.639421689074,308.105358522576,4.69088991671071
7.20388077424419,145.41639776557,4.30449057944127
542.221576573217,202.790190685872,4.20085520731854
34.4894103890446,489.892815639332,2.97981977918742
276.580193587834,23.4441301847694,3.75614274068299
533.435307287449,394.871195531335,3.33739707843121
74.2866882645786,82.2370483315727,5.27955145623075
3.55547015719884,76.488003144349,3.43443224278158
589.358240303403,227.217817303492,4.07585484398432
440.984775625183,453.484910143601,4.66515513189887
659.919902475404,374.929235177056,3.12542294526721
103.385787847029,487.577762487199,4.37257309305716
622.349209242458,95.7439390528614,4.06954380062796
420.865765812522,261.738006759318,3.52390888168647
9.3194571784262,182.179384686376,3.21004629427242
71.2149141587822,118.984933829745,4.3531411960195
624.542217577139,197.183770060774,4.4190571958144
246.032594349265,220.227281620478,3.63262393239336
575.868105868462,424.819399997289,3.79198139515615
298.595602337261,139.4837257299,3.69225418950278
523.693308293959,463.218180199267,3.72619436585367
42.6995302343645,424.492705920902,4.0797319775672
187.078362287467,275.979792363148,4.26029596886892
554.290271577423,259.208912210124,3.85301547414224
172.581911240487,53.9474893850306,4.42362268634029
502.987114466553,345.580282529979,4.52914629456746
36.5631786443992,59.39830904114,3.49221099484212
543.572375175865,149.021870572005,4.88447626519184
NA,NA,NA
662.288845281875,334.482875394882,3.58286198262175
454.095856443474,299.035225836639,3.57921950474999
8.20546211635837,493.171283480431,3.7935334634399
561.368937531606,51.8040030106056,4.20681029469383
66.9199328282071,376.805917793456,4.06637183851181
229.282291121978,413.800636251794,3.93357373254595
430.317339522863,13.3918019265713,3.33558349405757
362.47962364381,293.061385767537,2.96397058982952
598.247320081083,100.092951508108,4.15377004204917
397.967912439055,232.359520208743,4.16619965828866
567.577575914917,408.886540637944,4.76067183373766
140.396918365105,285.235457783948,4.71101900381446
196.763380537044,370.380584151255,4.11203133188866
124.271060641222,410.244990869595,3.44679823060936
623.550572869088,310.654270219005,4.68237124520352
4.46419881688786,148.079602498258,4.35690162941992
544.373301526559,201.304544856063,4.16055051816777
32.7986213953001,493.467245665845,2.94323666299576
281.318519088619,24.8999578532681,3.8411023085023
533.919224156806,395.374093622388,3.35452843797148
75.6791793503463,79.7200820518334,5.23807639613694
6.53427514718595,78.6199740783068,3.36150484732639
588.073806651999,227.453037867784,3.98781118417641
443.987746327337,456.720188917638,4.83925756343243
657.890877060172,373.707903635366,3.08150152696747
99.7676910321259,490.522332052705,4.39428689706805
622.506858531811,93.0372785497156,4.05356071935689
420.276640634966,262.467605407095,3.64660051202321
10.7854000225891,183.87325360874,3.1286672370585
75.5781921611075,109.724510909282,4.18550635473125
613.730945014368,196.056092511511,4.24209953829909
256.815896087552,218.718869765466,3.58069009558248
579.274465201153,431.073992007411,4.01308165223739
306.441292305504,133.082765556069,3.94150030931276
522.374347673882,457.145639294243,3.56670442026288
46.678537104325,425.170069586681,3.96326499782395
198.199011445613,288.505108055333,4.02965935347608
550.605534519844,265.615422518248,3.81047161554726
159.493596393267,29.6976447503588,4.26219462987542
496.438870150411,348.211978826994,4.911300060479
37.4825887197849,46.3022984304459,4.08214497362514
549.812840457748,146.694904544116,4.57955719712245
NA,NA,NA
662.288845281875,334.482875394882,3.58286198262175
454.095856443474,299.035225836639,3.57921950474999
8.20546211635837,493.171283480431,3.7935334634399
561.368937531606,51.8040030106056,4.20681029469383
66.9199328282071,376.805917793456,4.06637183851181
229.282291121978,413.800636251794,3.93357373254595
430.317339522863,13.3918019265713,3.33558349405757
362.47962364381,293.061385767537,2.96397058982952
598.247320081083,100.092951508108,4.15377004204917
397.967912439055,232.359520208743,4.16619965828866
567.577575914917,408.886540637944,4.76067183373766
140.396918365105,285.235457783948,4.71101900381446
196.763380537044,370.380584151255,4.11203133188866
124.271060641222,410.244990869595,3.44679823060936
623.550572869088,310.654270219005,4.68237124520352
4.46419881688786,148.079602498258,4.35690162941992
544.373301526559,201.304544856063,4.16055051816777
32.7986213953001,493.467245665845,2.94323666299576
281.318519088619,24.8999578532681,3.8411023085023
533.919224156806,395.374093622388,3.35452843797148
75.6791793503463,79.7200820518334,5.23807639613694
6.53427514718595,78.6199740783068,3.36150484732639
588.073806651999,227.453037867784,3.98781118417641
443.987746327337,456.720188917638,4.83925756343243
657.890877060172,373.707903635366,3.08150152696747
99.7676910321259,490.522332052705,4.39428689706805
622.506858531811,93.0372785497156,4.05356071935689
420.276640634966,262.467605407095,3.64660051202321
10.7854000225891,183.87325360874,3.1286672370585
75.5781921611075,109.724510909282,4.18550635473125
613.730945014368,196.056092511511,4.24209953829909
256.815896087552,218.718869765466,3.58069009558248
579.274465201153,431.073992007411,4.01308165223739
306.441292305504,133.082765556069,3.94150030931276
522.374347673882,457.145639294243,3.56670442026288
46.678537104325,425.170069586681,3.96326499782395
198.199011445613,288.505108055333,4.02965935347608
550.605534519844,265.615422518248,3.81047161554726
159.493596393267,29.6976447503588,4.26219462987542
496.438870150411,348.211978826994,4.911300060479
37.4825887197849,46.3022984304459,4.08214497362514
549.812840457748,146.694904544116,4.57955719712245
NA,NA,NA
662.288845281875,334.482875394882,3.58286198262175
454.095856443474,299.035225836639,3.57921950474999
8.20546211635837,493.171283480431,3.7935334634399
561.368937531606,51.8040030106056,4.20681029469383
66.9199328282071,376.805917793456,4.06637183851181
229.282291121978,413.800636251794,3.93357373254595
430.317339522863,13.3918019265713,3.33558349405757
362.47962364381,293.061385767537,2.96397058982952
598.247320081083,100.092951508108,4.15377004204917
397.967912439055,232.359520208743,4.16619965828866
567.577575914917,408.886540637944,4.76067183373766
140.396918365105,285.235457783948,4.71101900381446
196.763380537044,370.380584151255,4.11203133188866
124.271060641222,410.244990869595,3.44679823060936
623.550572869088,310.654270219005,4.68237124520352
4.46419881688786,148.079602498258,4.35690162941992
544.373301526559,201.304544856063,4.16055051816777
32.7986213953001,493.467245665845,2.94323666299576
281.318519088619,24.8999578532681,3.8411023085023
533.919224156806,395.374093622388,3.35452843797148
75.6791793503463,79.7200820518334,5.23807639613694
6.53427514718595,78.6199740783068,3.36150484732639
588.073806651999,227.453037867784,3.98781118417641
443.987746327337,456.720188917638,4.83925756343243
657.890877060172,373.707903635366,3.08150152696747
99.7676910321259,490.522332052705,4.39428689706805
622.506858531811,93.0372785497156,4.05356071935689
420.276640634966,262.467605407095,3.64660051202321
10.7854000225891,183.87325360874,3.1286672370585
75.5781921611075,109.724510909282,4.18550635473125
613.730945014368,196.056092511511,4.24209953829909
256.815896087552,218.718869765466,3.58069009558248
579.274465201153,431.073992007411,4.01308165223739
306.441292305504,133.082765556069,3.94150030931276
522.374347673882,457.145639294243,3.56670442026288
46.678537104325,425.170069586681,3.96326499782395
198.199011445613,288.505108055333,4.02965935347608
550.605534519844,265.615422518248,3.81047161554726
159.493596393267,29.6976447503588,4.26219462987542
496.438870150411,348.211978826994,4.911300060479
37.4825887197849,46.3022984304459,4.08214497362514
549.812840457748,146.694904544116,4.57955719712245
NA,NA,NA
662.288845281875,334.482875394882,3.58286198262175
454.095856443474,299.035225836639,3.57921950474999
8.20546211635837,493.171283480431,3.7935334634399
561.368937531606,51.8040030106056,4.20681029469383
66.9199328282071,376.805917793456,4.06637183851181
229.282291121978,413.800636251794,3.93357373254595
430.317339522863,13.3918019265713,3.33558349405757
362.47962364381,293.061385767537,2.96397058982952
598.247320081083,100.092951508108,4.15377004204917
397.967912439055,232.359520208743,4.16619965828866
567.577575914917,408.886540637944,4.76067183373766
140.396918365105,285.235457783948,4.71101900381446
196.763380537044,370.380584151255,4.11203133188866
124.271060641222,410.244990869595,3.44679823060936
623.550572869088,310.654270219005,4.68237124520352
4.46419881688786,148.079602498258,4.35690162941992
544.373301526559,201.304544856063,4.16055051816777
32.7986213953001,493.467245665845,2.94323666299576
281.318519088619,24.8999578532681,3.8411023085023
533.919224156806,395.374093622388,3.35452843797148
75.6791793503463,79.7200820518334,5.23807639613694
6.53427514718595,78.6199740783068,3.36150484732639
588.073806651999,227.453037867784,3.98781118417641
443.987746327337,456.720188917638,4.83925756343243
657.890877060172,373.707903635366,3.08150152696747
99.7676910321259,490.522332052705,4.39428689706805
622.506858531811,93.0372785497156,4.05356071935689
420.276640634966,262.467605407095,3.64660051202321
10.7854000225891,183.87325360874,3.1286672370585
75.5781921611075,109.724510909282,4.18550635473125
613.730945014368,196.056092511511,4.24209953829909
256.815896087552,218.718869765466,3.58069009558248
579.274465201153,431.073992007411,4.01308165223739
306.441292305504,133.082765556069,3.94150030931276
522.374347673882,457.145639294243,3.56670442026288
46.678537104325,425.170069586681,3.96326499782395
198.199011445613,288.505108055333,4.02965935347608
550.605534519844,265.615422518248,3.81047161554726
159.493596393267,29.6976447503588,4.26219462987542
496.438870150411,348.211978826994,4.911300060479
37.4825887197849,46.3022984304459,4.08214497362514
549.812840457748,146.694904544116,4.57955719712245
NA,NA,NA
662.288845281875,334.482875394882,3.58286198262175
454.095856443474,299.035225836639,3.57921950474999
8.20546211635837,493.171283480431,3.7935334634399
561.368937531606,51.8040030106056,4.20681029469383
66.9199328282071,376.805917793456,4.06637183851181
229.282291121978,413.800636251794,3.93357373254595
430.317339522863,13.3918019265713,3.33558349405757
362.47962364381,293.061385767537,2.96397058982952
598.247320081083,100.092951508108,4.15377004204917
397.967912439055,232.359520208743,4.16619965828866
567.577575914917,408.886540637944,4.76067183373766
140.396918365105,285.235457783948,4.71101900381446
196.763380537044,370.380584151255,4.11203133188866
124.271060641222,410.244990869595,3.44679823060936
623.550572869088,310.654270219005,4.68237124520352
4.46419881688786,148.079602498258,4.35690162941992
544.373301526559,201.304544856063,4.16055051816777
32.7986213953001,493.467245665845,2.94323666299576
281.318519088619,24.8999578532681,3.8411023085023
533.919224156806,395.374093622388,3.35452843797148
75.6791793503463,79.7200820518334,5.23807639613694
6.53427514718595,78.6199740783068,3.36150484732639
588.073806651999,227.453037867784,3.98781118417641
443.987746327337,456.720188917638,4.83925756343243
657.890877060172,373.707903635366,3.08150152696747
99.7676910321259,490.522332052705,4.39428689706805
622.506858531811,93.0372785497156,4.05356071935689
420.276640634966,262.467605407095,3.64660051202321
10.7854000225891,183.87325360874,3.1286672370585
75.5781921611075,109.724510909282,4.18550635473125
613.730945014368,196.056092511511,4.24209953829909
256.815896087552,218.718869765466,3.58069009558248
579.274465201153,431.073992007411,4.01308165223739
306.441292305504,133.082765556069,3.94150030931276
522.374347673882,457.145639294243,3.56670442026288
46.678537104325,425.170069586681,3.96326499782395
198.199011445613,288.505108055333,4.02965935347608
550.605534519844,265.615422518248,3.81047161554726
159.493596393267,29.6976447503588,4.26219462987542
496.438870150411,348.211978826994,4.911300060479
37.4825887197849,46.3022984304459,4.08214497362514
549.812840457748,146.694904544116,4.57955719712245
NA,NA,NA
662.288845281875,334.482875394882,3.58286198262175
454.095856443474,299.035225836639,3.57921950474999
8.20546211635837,493.171283480431,3.7935334634399
561.368937531606,51.8040030106056,4.20681029469383
66.9199328282071,376.805917793456,4.06637183851181
229.282291121978,413.800636251794,3.93357373254595
430.317339522863,13.3918019265713,3.33558349405757
362.47962364381,293.061385767537,2.96397058982952
598.247320081083,100.092951508108,4.15377004204917
397.967912439055,232.359520208743,4.16619965828866
567.577575914917,408.886540637944,4.76067183373766
140.396918365105,285.235457783948,4.71101900381446
196.763380537044,370.380584151255,4.11203133188866
124.271060641222,410.244990869595,3.44679823060936
623.550572869088,310.654270219005,4.68237124520352
4.46419881688786,148.079602498258,4.35690162941992
544.373301526559,201.304544856063,4.16055051816777
32.7986213953001,493.467245665845,2.94323666299576
281.318519088619,24.8999578532681,3.8411023085023
533.919224156806,395.374093622388,3.35452843797148
75.6791793503463,79.7200820518334,5.23807639613694
6.53427514718595,78.6199740783068,3.36150484732639
588.073806651999,227.453037867784,3.98781118417641
443.987746327337,456.720188917638,4.83925756343243
657.890877060172,373.707903635366,3.08150152696747
99.7676910321259,490.522332052705,4.39428689706805
622.506858531811,93.0372785497156,4.05356071935689
420.276640634966,262.467605407095,3.64660051202321
10.7854000225891,183.87325360874,3.1286672370585
75.5781921611075,109.724510909282,4.18550635473125
613.730945014368,196.056092511511,4.24209953829909
256.815896087552,218.718869765466,3.58069009558248
579.274465201153,431.073992007411,4.01308165223739
306.441292305504,133.082765556069,3.94150030931276
522.374347673882,457.145639294243,3.56670442026288
46.678537104325,425.170069586681,3.96326499782395
198.199011445613,288.505108055333,4.02965935347608
550.605534519844,265.615422518248,3.81047161554726
159.493596393267,29.6976447503588,4.26219462987542
496.438870150411,348.211978826994,4.911300060479
37.4825887197849,46.3022984304459,4.08214497362514
549.812840457748,146.694904544116,4.57955719712245
NA,NA,NA
657.922251465002,333.987492730545,3.5457484494949
455.411975807274,290.395019243441,3.59110471650079
15.1521333789039,495.552096216609,3.70087210156321
561.337142081617,52.2663045367551,4.11904492164423
70.9170665125525,371.772600513226,3.8968427299708
231.221102629634,409.044594618603,3.97899212169766
427.570549763323,12.4653042713558,3.33069060425672
360.143724412634,291.085844461323,3.10621504095419
600.49607465045,106.136672699767,4.12452360708409
392.948709293646,227.303688609672,4.22126987649487
566.430175915205,416.432196890506,4.68845150626312
146.187028922197,279.925196182325,4.49262151292638
198.357741346608,372.555431714352,4.01260826818832
125.200244134286,411.718154930017,3.49045695530149
626.785981354471,312.635983805766,4.56571118822539
-0.36917717104296,151.114625211474,4.2584917287396
545.081556197062,206.696381571467,4.12321638398858
33.7113543842729,491.093843848405,2.97581769500861
279.52443072308,19.0351328036127,3.97824814762052
534.107111488581,392.899813168957,3.35569404031123
72.7606180362558,83.7111625202055,5.17663051581044
6.38332408884694,79.1527216815768,3.38719716946876
584.300948072964,229.378290684902,4.00198465845135
442.482037124258,455.323514000305,4.76087192306881
657.982066003889,374.201349793349,2.81435045034567
104.185735491876,483.721229914282,4.33034142788063
626.715977993975,91.3049016944837,4.07024401916538
419.860221316146,256.806869853184,3.56474721286705
8.52037132785806,183.928514157496,3.18591810817982
67.5341704458277,105.749551796743,4.56470325176973
616.1054831096,195.640907517693,4.25559168614982
258.990293345978,223.104322301044,3.68591495872836
575.478728920311,437.962320857743,3.90587426190901
296.666006054365,141.547116808824,3.92022090323208
526.618562701613,450.891662269846,3.72811172016502
48.1708283753527,418.042573934633,3.80824072591595
190.496807373891,280.787188802003,4.1636611955317
556.756448230203,264.374146056691,3.56144271462385
156.250956153369,35.7826296407048,4.44114808785689
504.446710919371,348.692060791842,4.26017013507901
42.5164650727094,51.4013772666173,3.59791577745366
539.793126275342,134.050512239434,5.04407425052298
NA,NA,NA
657.922251465002,333.987492730545,3.5457484494949
455.411975807274,290.395019243441,3.59110471650079
15.1521333789039,495.552096216609,3.70087210156321
561.337142081617,52.2663045367551,4.11904492164423
70.9170665125525,371.772600513226,3.8968427299708
231.221102629634,409.044594618603,3.97899212169766
427.570549763323,12.4653042713558,3.33069060425672
360.143724412634,291.085844461323,3.10621504095419
600.49607465045,106.136672699767,4.12452360708409
392.948709293646,227.303688609672,4.22126987649487
566.430175915205,416.432196890506,4.68845150626312
146.187028922197,279.925196182325,4.49262151292638
198.357741346608,372.555431714352,4.01260826818832
125.200244134286,411.718154930017,3.49045695530149
626.785981354471,312.635983805766,4.56571118822539
-0.36917717104296,151.114625211474,4.2584917287396
545.081556197062,206.696381571467,4.12321638398858
33.7113543842729,491.093843848405,2.97581769500861
279.52443072308,19.0351328036127,3.97824814762052
534.107111488581,392.899813168957,3.35569404031123
72.7606180362558,83.7111625202055,5.17663051581044
6.38332408884694,79.1527216815768,3.38719716946876
584.300948072964,229.378290684902,4.00198465845135
442.482037124258,455.323514000305,4.76087192306881
657.982066003889,374.201349793349,2.81435045034567
104.185735491876,483.721229914282,4.33034142788063
626.715977993975,91.3049016944837,4.07024401916538
419.860221316146,256.806869853184,3.56474721286705
8.52037132785806,183.928514157496,3.18591810817982
67.5341704458277,105.749551796743,4.56470325176973
616.1054831096,195.640907517693,4.25559168614982
258.990293345978,223.104322301044,3.68591495872836
575.478728920311,437.962320857743,3.90587426190901
296.666006054365,141.547116808824,3.92022090323208
526.618562701613,450.891662269846,3.72811172016502
48.1708283753527,418.042573934633,3.80824072591595
190.496807373891,280.787188802003,4.1636611955317
556.756448230203,264.374146056691,3.56144271462385
156.250956153369,35.7826296407048,4.44114808785689
504.446710919371,348.692060791842,4.26017013507901
42.5164650727094,51.4013772666173,3.59791577745366
539.793126275342,134.050512239434,5.04407425052298
NA,NA,NA
657.922251465002,333.987492730545,3.5457484494949
455.411975807274,290.395019243441,3.59110471650079
15.1521333789039,495.552096216609,3.70087210156321
561.337142081617,52.2663045367551,4.11904492164423
70.9170665125525,371.772600513226,3.8968427299708
231.221102629634,409.044594618603,3.97899212169766
427.570549763323,12.4653042713558,3.33069060425672
360.143724412634,291.085844461323,3.10621504095419
600.49607465045,106.136672699767,4.12452360708409
392.948709293646,227.303688609672,4.22126987649487
566.430175915205,416.432196890506,4.68845150626312
146.187028922197,279.925196182325,4.49262151292638
198.357741346608,372.555431714352,4.01260826818832
125.200244134286,411.718154930017,3.49045695530149
626.785981354471,312.635983805766,4.56571118822539
-0.36917717104296,151.114625211474,4.2584917287396
545.081556197062,206.696381571467,4.12321638398858
33.7113543842729,491.093843848405,2.97581769500861
279.52443072308,19.0351328036127,3.97824814762052
534.107111488581,392.899813168957,3.35569404031123
72.7606180362558,83.7111625202055,5.17663051581044
6.38332408884694,79.1527216815768,3.38719716946876
584.300948072964,229.378290684902,4.00198465845135
442.482037124258,455.323514000305,4.76087192306881
657.982066003889,374.201349793349,2.81435045034567
104.185735491876,483.721229914282,4.33034142788063
626.715977993975,91.3049016944837,4.07024401916538
419.860221316146,256.806869853184,3.56474721286705
8.52037132785806,183.928514157496,3.18591810817982
67.5341704458277,105.749551796743,4.56470325176973
616.1054831096,195.640907517693,4.25559168614982
258.990293345978,223.104322301044,3.68591495872836
575.478728920311,437.962320857743,3.90587426190901
296.666006054365,141.547116808824,3.92022090323208
526.618562701613,450.891662269846,3.72811172016502
48.1708283753527,418.042573934633,3.80824072591595
190.496807373891,280.787188802003,4.1636611955317
556.756448230203,264.374146056691,3.56144271462385
156.250956153369,35.7826296407048,4.44114808785689
504.446710919371,348.692060791842,4.26017013507901
42.5164650727094,51.4013772666173,3.59791577745366
539.793126275342,134.050512239434,5.04407425052298
NA,NA,NA
657.922251465002,333.987492730545,3.5457484494949
455.411975807274,290.395019243441,3.59110471650079
15.1521333789039,495.552096216609,3.70087210156321
561.337142081617,52.2663045367551,4.11904492164423
70.9170665125525,371.772600513226,3.8968427299708
231.221102629634,409.044594618603,3.97899212169766
427.570549763323,12.4653042713558,3.33069060425672
360.143724412634,291.085844461323,3.10621504095419
600.49607465045,106.136672699767,4.12452360708409
392.948709293646,227.303688609672,4.22126987649487
566.430175915205,416.432196890506,4.68845150626312
146.187028922197,279.925196182325,4.49262151292638
198.357741346608,372.555431714352,4.01260826818832
125.200244134286,411.718154930017,3.49045695530149
626.785981354471,312.635983805766,4.56571118822539
-0.36917717104296,151.114625211474,4.2584917287396
545.081556197062,206.696381571467,4.12321638398858
33.7113543842729,491.093843848405,2.97581769500861
279.52443072308,19.0351328036127,3.97824814762052
534.107111488581,392.899813168957,3.35569404031123
72.7606180362558,83.7111625202055,5.17663051581044
6.38332408884694,79.1527216815768,3.38719716946876
584.300948072964,229.378290684902,4.00198465845135
442.482037124258,455.323514000305,4.76087192306881
657.982066003889,374.201349793349,2.81435045034567
104.185735491876,483.721229914282,4.33034142788063
626.715977993975,91.3049016944837,4.07024401916538
419.860221316146,256.806869853184,3.56474721286705
8.52037132785806,183.928514157496,3.18591810817982
67.5341704458277,105.749551796743,4.56470325176973
616.1054831096,195.640907517693,4.25559168614982
258.990293345978,223.104322301044,3.68591495872836
575.478728920311,437.962320857743,3.90587426190901
296.666006054365,141.547116808824,3.92022090323208
526.618562701613,450.891662269846,3.72811172016502
48.1708283753527,418.042573934633,3.80824072591595
190.496807373891,280.787188802003,4.1636611955317
556.756448230203,264.374146056691,3.56144271462385
156.250956153369,35.7826296407048,4.44114808785689
504.446710919371,348.692060791842,4.26017013507901
42.5164650727094,51.4013772666173,3.59791577745366
539.793126275342,134.050512239434,5.04407425052298
NA,NA,NA
657.922251465002,333.987492730545,3.5457484494949
455.411975807274,290.395019243441,3.59110471650079
15.1521333789039,495.552096216609,3.70087210156321
561.337142081617,52.2663045367551,4.11904492164423
70.9170665125525,371.772600513226,3.8968427299708
231.221102629634,409.044594618603,3.97899212169766
427.570549763323,12.4653042713558,3.33069060425672
360.143724412634,291.085844461323,3.10621504095419
600.49607465045,106.136672699767,4.12452360708409
392.948709293646,227.303688609672,4.22126987649487
566.430175915205,416.432196890506,4.68845150626312
146.187028922197,279.925196182325,4.49262151292638
198.357741346608,372.555431714352,4.01260826818832
125.200244134286,411.718154930017,3.49045695530149
626.785981354471,312.635983805766,4.56571118822539
-0.36917717104296,151.114625211474,4.2584917287396
545.081556197062,206.696381571467,4.12321638398858
33.7113543842729,491.093843848405,2.97581769500861
279.52443072308,19.0351328036127,3.97824814762052
534.107111488581,392.899813168957,3.35569404031123
72.7606180362558,83.7111625202055,5.17663051581044
6.38332408884694,79.1527216815768,3.38719716946876
584.300948072964,229.378290684902,4.00198465845135
442.482037124258,455.323514000305,4.76087192306881
657.982066003889,374.201349793349,2.81435045034567
104.185735491876,483.721229914282,4.33034142788063
626.715977993975,91.3049016944837,4.07024401916538
419.860221316146,256.806869853184,3.56474721286705
8.52037132785806,183.928514157496,3.18591810817982
67.5341704458277,105.749551796743,4.56470325176973
616.1054831096,195.640907517693,4.25559168614982
258.990293345978,223.104322301044,3.68591495872836
575.478728920311,437.962320857743,3.90587426190901
296.666006054365,141.547116808824,3.92022090323208
526.618562701613,450.891662269846,3.72811172016502
48.1708283753527,418.042573934633,3.80824072591595
190.496807373891,280.787188802003,4.1636611955317
556.756448230203,264.374146056691,3.56144271462385
156.250956153369,35.7826296407048,4.44114808785689
504.446710919371,348.692060791842,4.26017013507901
42.5164650727094,51.4013772666173,3.59791577745366
539.793126275342,134.050512239434,5.04407425052298
NA,NA,NA
657.922251465002,333.987492730545,3.5457484494949
455.411975807274,290.395019243441,3.59110471650079
15.1521333789039,495.552096216609,3.70087210156321
561.337142081617,52.2663045367551,4.11904492164423
70.9170665125525,371.772600513226,3.8968427299708
231.221102629634,409.044594618603,3.97899212169766
427.570549763323,12.4653042713558,3.33069060425672
360.143724412634,291.085844461323,3.10621504095419
600.49607465045,106.136672699767,4.12452360708409
392.948709293646,227.303688609672,4.22126987649487
566.430175915205,416.432196890506,4.68845150626312
146.187028922197,279.925196182325,4.49262151292638
198.357741346608,372.555431714352,4.01260826818832
125.200244134286,411.718154930017,3.49045695530149
626.785981354471,312.635983805766,4.56571118822539
-0.36917717104296,151.114625211474,4.2584917287396
545.081556197062,206.696381571467,4.12321638398858
33.7113543842729,491.093843848405,2.97581769500861
279.52443072308,19.0351328036127,3.97824814762052
534.107111488581,392.899813168957,3.35569404031123
72.7606180362558,83.7111625202055,5.17663051581044
6.38332408884694,79.1527216815768,3.38719716946876
584.300948072964,229.378290684902,4.00198465845135
442.482037124258,455.323514000305,4.76087192306881
657.982066003889,374.201349793349,2.81435045034567
104.185735491876,483.721229914282,4.33034142788063
626.715977993975,91.3049016944837,4.07024401916538
419.860221316146,256.806869853184,3.56474721286705
8.52037132785806,183.928514157496,3.18591810817982
67.5341704458277,105.749551796743,4.56470325176973
616.1054831096,195.640907517693,4.25559168614982
258.990293345978,223.104322301044,3.68591495872836
575.478728920311,437.962320857743,3.90587426190901
296.666006054365,141.547116808824,3.92022090323208
526.618562701613,450.891662269846,3.72811172016502
48.1708283753527,418.042573934633,3.80824072591595
190.496807373891,280.787188802003,4.1636611955317
556.756448230203,264.374146056691,3.56144271462385
156.250956153369,35.7826296407048,4.44114808785689
504.446710919371,348.692060791842,4.26017013507901
42.5164650727094,51.4013772666173,3.59791577745366
539.793126275342,134.050512239434,5.04407425052298
NA,NA,NA
660.470274172645,332.571734531517,3.63049721002601
455.385262598926,298.834257223297,3.65803059666187
10.2438513962558,492.420927689083,3.80837723028274
561.803780658579,52.9262564467967,4.07327382781181
76.7882229537654,374.081191569937,4.01416242060895
229.568978541527,415.316581884173,3.91896577869723
429.134522555173,15.4533051812576,3.41334586192622
362.374018476843,291.777126378953,2.88690554667849
605.045723214054,97.8300354007297,4.04887160780887
391.330832133612,225.540206029187,4.23933447221466
569.289620776456,406.811729044536,4.7097128787602
138.568957895571,288.961032683905,4.61797438305883
201.745825206388,370.729112069636,4.02333168142209
123.62455423277,411.557347532466,3.37628060431438
623.778223704461,308.203548741151,4.58177759791465
0.603459778505351,145.618416026201,4.25511309666942
544.022465258811,199.920727146057,4.18534105287517
35.7500219624927,490.557224753428,3.05535538493508
279.913625805094,21.0072665031334,3.93258674233198
534.082209973382,391.89403363701,3.40475145039063
73.0664076379687,83.5590665060171,5.0504495215094
4.68407701695633,76.0157102349504,3.48149502363455
591.974438700824,228.412715637962,4.0606523592227
440.213978946473,464.298594876183,4.81427156396502
659.302349913382,373.263170606326,3.07015709680892
109.516516205677,486.57787122824,4.3804997547859
623.549133253634,87.1760672685179,4.03368919125773
420.767128722869,259.793504265596,3.65849839224265
12.4696019295548,181.108670247273,3.25202973335764
56.4567785002069,115.117109820121,4.31526109397178
603.445296619626,191.682296855217,4.32513976272014
246.195754429106,220.433877299082,3.77099684645471
560.478192406678,440.352774228118,4.00638769534395
299.07339014141,138.908030503352,3.84935312957705
526.818586556014,459.612389709532,3.68626854379644
42.059193735516,417.164593936369,3.84685510610241
200.766050037101,290.87026895495,3.72290194616102
547.525808556115,258.409528406097,3.54204298169652
188.417697798329,25.5317633843077,4.30993401440479
506.742811391091,348.284068957647,5.01171508126478
54.1372738358513,44.8539562947169,3.64683707339181
532.518664190939,154.056757072287,4.73421088894197
NA,NA,NA
660.470274172645,332.571734531517,3.63049721002601
455.385262598926,298.834257223297,3.65803059666187
10.2438513962558,492.420927689083,3.80837723028274
561.803780658579,52.9262564467967,4.07327382781181
76.7882229537654,374.081191569937,4.01416242060895
229.568978541527,415.316581884173,3.91896577869723
429.134522555173,15.4533051812576,3.41334586192622
362.374018476843,291.777126378953,2.88690554667849
605.045723214054,97.8300354007297,4.04887160780887
391.330832133612,225.540206029187,4.23933447221466
569.289620776456,406.811729044536,4.7097128787602
138.568957895571,288.961032683905,4.61797438305883
201.745825206388,370.729112069636,4.02333168142209
123.62455423277,411.557347532466,3.37628060431438
623.778223704461,308.203548741151,4.58177759791465
0.603459778505351,145.618416026201,4.25511309666942
544.022465258811,199.920727146057,4.18534105287517
35.7500219624927,490.557224753428,3.05535538493508
279.913625805094,21.0072665031334,3.93258674233198
534.082209973382,391.89403363701,3.40475145039063
73.0664076379687,83.5590665060171,5.0504495215094
4.68407701695633,76.0157102349504,3.48149502363455
591.974438700824,228.412715637962,4.0606523592227
440.213978946473,464.298594876183,4.81427156396502
659.302349913382,373.263170606326,3.07015709680892
109.516516205677,486.57787122824,4.3804997547859
623.549133253634,87.1760672685179,4.03368919125773
420.767128722869,259.793504265596,3.65849839224265
12.4696019295548,181.108670247273,3.25202973335764
56.4567785002069,115.117109820121,4.31526109397178
603.445296619626,191.682296855217,4.32513976272014
246.195754429106,220.433877299082,3.77099684645471
560.478192406678,440.352774228118,4.00638769534395
299.07339014141,138.908030503352,3.84935312957705
526.818586556014,459.612389709532,3.68626854379644
42.059193735516,417.164593936369,3.84685510610241
200.766050037101,290.87026895495,3.72290194616102
547.525808556115,258.409528406097,3.54204298169652
188.417697798329,25.5317633843077,4.30993401440479
506.742811391091,348.284068957647,5.01171508126478
54.1372738358513,44.8539562947169,3.64683707339181
532.518664190939,154.056757072287,4.73421088894197
NA,NA,NA
660.470274172645,332.571734531517,3.63049721002601
455.385262598926,298.834257223297,3.65803059666187
10.2438513962558,492.420927689083,3.80837723028274
561.803780658579,52.9262564467967,4.07327382781181
76.7882229537654,374.081191569937,4.01416242060895
229.568978541527,415.316581884173,3.91896577869723
429.134522555173,15.4533051812576,3.41334586192622
362.374018476843,291.777126378953,2.88690554667849
605.045723214054,97.8300354007297,4.04887160780887
391.330832133612,225.540206029187,4.23933447221466
569.289620776456,406.811729044536,4.7097128787602
138.568957895571,288.961032683905,4.61797438305883
201.745825206388,370.729112069636,4.02333168142209
123.62455423277,411.557347532466,3.37628060431438
623.778223704461,308.203548741151,4.58177759791465
0.603459778505351,145.618416026201,4.25511309666942
544.022465258811,199.920727146057,4.18534105287517
35.7500219624927,490.557224753428,3.05535538493508
279.913625805094,21.0072665031334,3.93258674233198
534.082209973382,391.89403363701,3.40475145039063
73.0664076379687,83.5590665060171,5.0504495215094
4.68407701695633,76.0157102349504,3.48149502363455
591.974438700824,228.412715637962,4.0606523592227
440.213978946473,464.298594876183,4.81427156396502
659.302349913382,373.263170606326,3.07015709680892
109.516516205677,486.57787122824,4.3804997547859
623.549133253634,87.1760672685179,4.03368919125773
420.767128722869,259.793504265596,3.65849839224265
12.4696019295548,181.108670247273,3.25202973335764
56.4567785002069,115.117109820121,4.31526109397178
603.445296619626,191.682296855217,4.32513976272014
246.195754429106,220.433877299082,3.77099684645471
560.478192406678,440.352774228118,4.00638769534395
299.07339014141,138.908030503352,3.84935312957705
526.818586556014,459.612389709532,3.68626854379644
42.059193735516,417.164593936369,3.84685510610241
200.766050037101,290.87026895495,3.72290194616102
547.525808556115,258.409528406097,3.54204298169652
188.417697798329,25.5317633843077,4.30993401440479
506.742811391091,348.284068957647,5.01171508126478
54.1372738358513,44.8539562947169,3.64683707339181
532.518664190939,154.056757072287,4.73421088894197
NA,NA,NA
660.470274172645,332.571734531517,3.63049721002601
455.385262598926,298.834257223297,3.65803059666187
10.2438513962558,492.420927689083,3.80837723028274
561.803780658579,52.9262564467967,4.07327382781181
76.7882229537654,374.081191569937,4.01416242060895
229.568978541527,415.316581884173,3.91896577869723
429.134522555173,15.4533051812576,3.41334586192622
362.374018476843,291.777126378953,2.88690554667849
605.045723214054,97.8300354007297,4.04887160780887
391.330832133612,225.540206029187,4.23933447221466
569.289620776456,406.811729044536,4.7097128787602
138.568957895571,288.961032683905,4.61797438305883
201.745825206388,370.729112069636,4.02333168142209
123.62455423277,411.557347532466,3.37628060431438
623.778223704461,308.203548741151,4.58177759791465
0.603459778505351,145.618416026201,4.25511309666942
544.022465258811,199.920727146057,4.18534105287517
35.7500219624927,490.557224753428,3.05535538493508
279.913625805094,21.0072665031334,3.93258674233198
534.082209973382,391.89403363701,3.40475145039063
73.0664076379687,83.5590665060171,5.0504495215094
4.68407701695633,76.0157102349504,3.48149502363455
591.974438700824,228.412715637962,4.0606523592227
440.213978946473,464.298594876183,4.81427156396502
659.302349913382,373.263170606326,3.07015709680892
109.516516205677,486.57787122824,4.3804997547859
623.549133253634,87.1760672685179,4.03368919125773
420.767128722869,259.793504265596,3.65849839224265
12.4696019295548,181.108670247273,3.25202973335764
56.4567785002069,115.117109820121,4.31526109397178
603.445296619626,191.682296855217,4.32513976272014
246.195754429106,220.433877299082,3.77099684645471
560.478192406678,440.352774228118,4.00638769534395
299.07339014141,138.908030503352,3.84935312957705
526.818586556014,459.612389709532,3.68626854379644
42.059193735516,417.164593936369,3.84685510610241
200.766050037101,290.87026895495,3.72290194616102
547.525808556115,258.409528406097,3.54204298169652
188.417697798329,25.5317633843077,4.30993401440479
506.742811391091,348.284068957647,5.01171508126478
54.1372738358513,44.8539562947169,3.64683707339181
532.518664190939,154.056757072287,4.73421088894197
NA,NA,NA
660.470274172645,332.571734531517,3.63049721002601
455.385262598926,298.834257223297,3.65803059666187
10.2438513962558,492.420927689083,3.80837723028274
561.803780658579,52.9262564467967,4.07327382781181
76.7882229537654,374.081191569937,4.01416242060895
229.568978541527,415.316581884173,3.91896577869723
429.134522555173,15.4533051812576,3.41334586192622
362.374018476843,291.777126378953,2.88690554667849
605.045723214054,97.8300354007297,4.04887160780887
391.330832133612,225.540206029187,4.23933447221466
569.289620776456,406.811729044536,4.7097128787602
138.568957895571,288.961032683905,4.61797438305883
201.745825206388,370.729112069636,4.02333168142209
123.62455423277,411.557347532466,3.37628060431438
623.778223704461,308.203548741151,4.58177759791465
0.603459778505351,145.618416026201,4.25511309666942
544.022465258811,199.920727146057,4.18534105287517
35.7500219624927,490.557224753428,3.05535538493508
279.913625805094,21.0072665031334,3.93258674233198
534.082209973382,391.89403363701,3.40475145039063
73.0664076379687,83.5590665060171,5.0504495215094
4.68407701695633,76.0157102349504,3.48149502363455
591.974438700824,228.412715637962,4.0606523592227
440.213978946473,464.298594876183,4.81427156396502
659.302349913382,373.263170606326,3.07015709680892
109.516516205677,486.57787122824,4.3804997547859
623.549133253634,87.1760672685179,4.03368919125773
420.767128722869,259.793504265596,3.65849839224265
12.4696019295548,181.108670247273,3.25202973335764
56.4567785002069,115.117109820121,4.31526109397178
603.445296619626,191.682296855217,4.32513976272014
246.195754429106,220.433877299082,3.77099684645471
560.478192406678,440.352774228118,4.00638769534395
299.07339014141,138.908030503352,3.84935312957705
526.818586556014,459.612389709532,3.68626854379644
42.059193735516,417.164593936369,3.84685510610241
200.766050037101,290.87026895495,3.72290194616102
547.525808556115,258.409528406097,3.54204298169652
188.417697798329,25.5317633843077,4.30993401440479
506.742811391091,348.284068957647,5.01171508126478
54.1372738358513,44.8539562947169,3.64683707339181
532.518664190939,154.056757072287,4.73421088894197
NA,NA,NA
660.470274172645,332.571734531517,3.63049721002601
455.385262598926,298.834257223297,3.65803059666187
10.2438513962558,492.420927689083,3.80837723028274
561.803780658579,52.9262564467967,4.07327382781181
76.7882229537654,374.081191569937,4.01416242060895
229.568978541527,415.316581884173,3.91896577869723
429.134522555173,15.4533051812576,3.41334586192622
362.374018476843,291.777126378953,2.88690554667849
605.045723214054,97.8300354007297,4.04887160780887
391.330832133612,225.540206029187,4.23933447221466
569.289620776456,406.811729044536,4.7097128787602
138.568957895571,288.961032683905,4.61797438305883
201.745825206388,370.729112069636,4.02333168142209
123.62455423277,411.557347532466,3.37628060431438
623.778223704461,308.203548741151,4.58177759791465
0.603459778505351,145.618416026201,4.25511309666942
544.022465258811,199.920727146057,4.18534105287517
35.7500219624927,490.557224753428,3.05535538493508
279.913625805094,21.0072665031334,3.93258674233198
534.082209973382,391.89403363701,3.40475145039063
73.0664076379687,83.5590665060171,5.0504495215094
4.68407701695633,76.0157102349504,3.48149502363455
591.974438700824,228.412715637962,4.0606523592227
440.213978946473,464.298594876183,4.81427156396502
659.302349913382,373.263170606326,3.07015709680892
109.516516205677,486.57787122824,4.3804997547859
623.549133253634,87.1760672685179,4.03368919125773
420.767128722869,259.793504265596,3.65849839224265
12.4696019295548,181.108670247273,3.25202973335764
56.4567785002069,115.117109820121,4.31526109397178
603.445296619626,191.682296855217,4.32513976272014
246.195754429106,220.433877299082,3.77099684645471
560.478192406678,440.352774228118,4.00638769534395
299.07339014141,138.908030503352,3.84935312957705
526.818586556014,459.612389709532,3.68626854379644
42.059193735516,417.164593936369,3.84685510610241
200.766050037101,290.87026895495,3.72290194616102
547.525808556115,258.409528406097,3.54204298169652
188.417697798329,25.5317633843077,4.30993401440479
506.742811391091,348.284068957647,5.01171508126478
54.1372738358513,44.8539562947169,3.64683707339181
532.518664190939,154.056757072287,4.73421088894197
NA,NA,NA
659.173157686044,331.038839554651,3.47083295323366
458.597426161739,301.006556095484,3.5620544519259
9.47913913624372,498.815772999075,3.5053280704102
567.13051327464,52.7081459852561,4.14094915466895
71.4437138800472,374.261504203726,3.98985538750429
229.863187807694,418.856826162763,3.91107763133574
430.080421697157,12.5369467625365,3.27193365653521
363.072011224864,292.372956810349,2.93993495198558
599.515605259236,108.48560429971,4.21498137985944
389.477484369033,230.896696026091,4.35774343428969
570.443316661861,407.64743766997,4.76217127389292
136.288198425937,283.00240567276,4.50878443208789
194.720337613796,369.806909843402,4.09802026980666
126.698662616058,413.505729389309,3.4372896176622
628.288987619973,311.791274040332,4.61541157686013
0.638227533916833,149.516668451147,4.27480691491952
538.412040239858,205.221235211361,4.17387850384412
35.1378003155305,490.691817724156,2.93438375711287
281.926540887962,19.4472589301935,3.96324390007005
531.793083785204,387.52710611261,3.35531629138733
75.024727936855,72.0239340804084,5.17555315120592
3.06680303013297,79.5884538400617,3.52349438725136
590.795401122872,227.078069190597,3.94753153651798
440.855370653805,462.686296331805,4.72894054757667
657.870640426669,374.025209534392,3.02347264377516
109.077436576728,485.420978467512,4.3623190751125
626.719404288441,90.2853599816664,4.02141356052982
420.561472218831,258.373114755604,3.66821176289633
11.163572556646,183.073190423535,3.29961565765556
66.0329886035795,119.633084757707,4.56423458528282
609.210585508134,202.309138620643,4.06786970946528
243.291283934236,233.567940922957,3.87958238768653
573.496626321023,427.901373784753,3.7054315443891
296.713278765235,134.374411627434,3.8423821214983
525.624921813309,459.237615756963,3.85355345590327
49.7033422469829,414.781156990683,3.94959253396575
184.662900772173,293.159288122736,4.03165467441756
543.810562517688,255.191455222886,3.3683594771068
165.120202006896,21.0775351551276,4.30596326729019
496.483230261963,336.646921494582,4.46001099014952
35.173910324868,46.4708049546011,3.55132670067717
535.418647108157,137.256338195812,4.33474316913476
NA,NA,NA
659.173157686044,331.038839554651,3.47083295323366
458.597426161739,301.006556095484,3.5620544519259
9.47913913624372,498.815772999075,3.5053280704102
567.13051327464,52.7081459852561,4.14094915466895
71.4437138800472,374.261504203726,3.98985538750429
229.863187807694,418.856826162763,3.91107763133574
430.080421697157,12.5369467625365,3.27193365653521
363.072011224864,292.372956810349,2.93993495198558
599.515605259236,108.48560429971,4.21498137985944
389.477484369033,230.896696026091,4.35774343428969
570.443316661861,407.64743766997,4.76217127389292
136.288198425937,283.00240567276,4.50878443208789
194.720337613796,369.806909843402,4.09802026980666
126.698662616058,413.505729389309,3.4372896176622
628.288987619973,311.791274040332,4.61541157686013
0.638227533916833,149.516668451147,4.27480691491952
538.412040239858,205.221235211361,4.17387850384412
35.1378003155305,490.691817724156,2.93438375711287
281.926540887962,19.4472589301935,3.96324390007005
531.793083785204,387.52710611261,3.35531629138733
75.024727936855,72.0239340804084,5.17555315120592
3.06680303013297,79.5884538400617,3.52349438725136
590.795401122872,227.078069190597,3.94753153651798
440.855370653805,462.686296331805,4.72894054757667
657.870640426669,374.025209534392,3.02347264377516
109.077436576728,485.420978467512,4.3623190751125
626.719404288441,90.2853599816664,4.02141356052982
420.561472218831,258.373114755604,3.66821176289633
11.163572556646,183.073190423535,3.29961565765556
66.0329886035795,119.633084757707,4.56423458528282
609.210585508134,202.309138620643,4.06786970946528
243.291283934236,233.567940922957,3.87958238768653
573.496626321023,427.901373784753,3.7054315443891
296.713278765235,134.374411627434,3.8423821214983
525.624921813309,459.237615756963,3.85355345590327
49.7033422469829,414.781156990683,3.94959253396575
184.662900772173,293.159288122736,4.03165467441756
543.810562517688,255.191455222886,3.3683594771068
165.120202006896,21.0775351551276,4.30596326729019
496.483230261963,336.646921494582,4.46001099014952
35.173910324868,46.4708049546011,3.55132670067717
535.418647108157,137.256338195812,4.33474316913476
NA,NA,NA
659.173157686044,331.038839554651,3.47083295323366
458.597426161739,301.006556095484,3.5620544519259
9.47913913624372,498.815772999075,3.5053280704102
567.13051327464,52.7081459852561,4.14094915466895
71.4437138800472,374.261504203726,3.98985538750429
229.863187807694,418.856826162763,3.91107763133574
430.080421697157,12.5369467625365,3.27193365653521
363.072011224864,292.372956810349,2.93993495198558
599.515605259236,108.48560429971,4.21498137985944
389.477484369033,230.896696026091,4.35774343428969
570.443316661861,407.64743766997,4.76217127389292
136.288198425937,283.00240567276,4.50878443208789
194.720337613796,369.806909843402,4.09802026980666
126.698662616058,413.505729389309,3.4372896176622
628.288987619973,311.791274040332,4.61541157686013
0.638227533916833,149.516668451147,4.27480691491952
538.412040239858,205.221235211361,4.17387850384412
35.1378003155305,490.691817724156,2.93438375711287
281.926540887962,19.4472589301935,3.96324390007005
531.793083785204,387.52710611261,3.35531629138733
75.024727936855,72.0239340804084,5.17555315120592
3.06680303013297,79.5884538400617,3.52349438725136
590.795401122872,227.078069190597,3.94753153651798
440.855370653805,462.686296331805,4.72894054757667
657.870640426669,374.025209534392,3.02347264377516
109.077436576728,485.420978467512,4.3623190751125
626.719404288441,90.2853599816664,4.02141356052982
420.561472218831,258.373114755604,3.66821176289633
11.163572556646,183.073190423535,3.29961565765556
66.0329886035795,119.633084757707,4.56423458528282
609.210585508134,202.309138620643,4.06786970946528
243.291283934236,233.567940922957,3.87958238768653
573.496626321023,427.901373784753,3.7054315443891
296.713278765235,134.374411627434,3.8423821214983
525.624921813309,459.237615756963,3.85355345590327
49.7033422469829,414.781156990683,3.94959253396575
184.662900772173,293.159288122736,4.03165467441756
543.810562517688,255.191455222886,3.3683594771068
165.120202006896,21.0775351551276,4.30596326729019
496.483230261963,336.646921494582,4.46001099014952
35.173910324868,46.4708049546011,3.55132670067717
535.418647108157,137.256338195812,4.33474316913476
NA,NA,NA
659.173157686044,331.038839554651,3.47083295323366
458.597426161739,301.006556095484,3.5620544519259
9.47913913624372,498.815772999075,3.5053280704102
567.13051327464,52.7081459852561,4.14094915466895
71.4437138800472,374.261504203726,3.98985538750429
229.863187807694,418.856826162763,3.91107763133574
430.080421697157,12.5369467625365,3.27193365653521
363.072011224864,292.372956810349,2.93993495198558
599.515605259236,108.48560429971,4.21498137985944
389.477484369033,230.896696026091,4.35774343428969
570.443316661861,407.64743766997,4.76217127389292
136.288198425937,283.00240567276,4.50878443208789
194.720337613796,369.806909843402,4.09802026980666
126.698662616058,413.505729389309,3.4372896176622
628.288987619973,311.791274040332,4.61541157686013
0.638227533916833,149.516668451147,4.27480691491952
538.412040239858,205.221235211361,4.17387850384412
35.1378003155305,490.691817724156,2.93438375711287
281.926540887962,19.4472589301935,3.96324390007005
531.793083785204,387.52710611261,3.35531629138733
75.024727936855,72.0239340804084,5.17555315120592
3.06680303013297,79.5884538400617,3.52349438725136
590.795401122872,227.078069190597,3.94753153651798
440.855370653805,462.686296331805,4.72894054757667
657.870640426669,374.025209534392,3.02347264377516
109.077436576728,485.420978467512,4.3623190751125
626.719404288441,90.2853599816664,4.02141356052982
420.561472218831,258.373114755604,3.66821176289633
11.163572556646,183.073190423535,3.29961565765556
66.0329886035795,119.633084757707,4.56423458528282
609.210585508134,202.309138620643,4.06786970946528
243.291283934236,233.567940922957,3.87958238768653
573.496626321023,427.901373784753,3.7054315443891
296.713278765235,134.374411627434,3.8423821214983
525.624921813309,459.237615756963,3.85355345590327
49.7033422469829,414.781156990683,3.94959253396575
184.662900772173,293.159288122736,4.03165467441756
543.810562517688,255.191455222886,3.3683594771068
165.120202006896,21.0775351551276,4.30596326729019
496.483230261963,336.646921494582,4.46001099014952
35.173910324868,46.4708049546011,3.55132670067717
535.418647108157,137.256338195812,4.33474316913476
NA,NA,NA
659.173157686044,331.038839554651,3.47083295323366
458.597426161739,301.006556095484,3.5620544519259
9.47913913624372,498.815772999075,3.5053280704102
567.13051327464,52.7081459852561,4.14094915466895
71.4437138800472,374.261504203726,3.98985538750429
229.863187807694,418.856826162763,3.91107763133574
430.080421697157,12.5369467625365,3.27193365653521
363.072011224864,292.372956810349,2.93993495198558
599.515605259236,108.48560429971,4.21498137985944
389.477484369033,230.896696026091,4.35774343428969
570.443316661861,407.64743766997,4.76217127389292
136.288198425937,283.00240567276,4.50878443208789
194.720337613796,369.806909843402,4.09802026980666
126.698662616058,413.505729389309,3.4372896176622
628.288987619973,311.791274040332,4.61541157686013
0.638227533916833,149.516668451147,4.27480691491952
538.412040239858,205.221235211361,4.17387850384412
35.1378003155305,490.691817724156,2.93438375711287
281.926540887962,19.4472589301935,3.96324390007005
531.793083785204,387.52710611261,3.35531629138733
75.024727936855,72.0239340804084,5.17555315120592
3.06680303013297,79.5884538400617,3.52349438725136
590.795401122872,227.078069190597,3.94753153651798
440.855370653805,462.686296331805,4.72894054757667
657.870640426669,374.025209534392,3.02347264377516
109.077436576728,485.420978467512,4.3623190751125
626.719404288441,90.2853599816664,4.02141356052982
420.561472218831,258.373114755604,3.66821176289633
11.163572556646,183.073190423535,3.29961565765556
66.0329886035795,119.633084757707,4.56423458528282
609.210585508134,202.309138620643,4.06786970946528
243.291283934236,233.567940922957,3.87958238768653
573.496626321023,427.901373784753,3.7054315443891
296.713278765235,134.374411627434,3.8423821214983
525.624921813309,459.237615756963,3.85355345590327
49.7033422469829,414.781156990683,3.94959253396575
184.662900772173,293.159288122736,4.03165467441756
543.810562517688,255.191455222886,3.3683594771068
165.120202006896,21.0775351551276,4.30596326729019
496.483230261963,336.646921494582,4.46001099014952
35.173910324868,46.4708049546011,3.55132670067717
535.418647108157,137.256338195812,4.33474316913476
NA,NA,NA
659.173157686044,331.038839554651,3.47083295323366
458.597426161739,301.006556095484,3.5620544519259
9.47913913624372,498.815772999075,3.5053280704102
567.13051327464,52.7081459852561,4.14094915466895
71.4437138800472,374.261504203726,3.98985538750429
229.863187807694,418.856826162763,3.91107763133574
430.080421697157,12.5369467625365,3.27193365653521
363.072011224864,292.372956810349,2.93993495198558
599.515605259236,108.48560429971,4.21498137985944
389.477484369033,230.896696026091,4.35774343428969
570.443316661861,407.64743766997,4.76217127389292
136.288198425937,283.00240567276,4.50878443208789
194.720337613796,369.806909843402,4.09802026980666
126.698662616058,413.505729389309,3.4372896176622
628.288987619973,311.791274040332,4.61541157686013
0.638227533916833,149.516668451147,4.27480691491952
538.412040239858,205.221235211361,4.17387850384412
35.1378003155305,490.691817724156,2.93438375711287
281.926540887962,19.4472589301935,3.96324390007005
531.793083785204,387.52710611261,3.35531629138733
75.024727936855,72.0239340804084,5.17555315120592
3.06680303013297,79.5884538400617,3.52349438725136
590.795401122872,227.078069190597,3.94753153651798
440.855370653805,462.686296331805,4.72894054757667
657.870640426669,374.025209534392,3.02347264377516
109.077436576728,485.420978467512,4.3623190751125
626.719404288441,90.2853599816664,4.02141356052982
420.561472218831,258.373114755604,3.66821176289633
11.163572556646,183.073190423535,3.29961565765556
66.0329886035795,119.633084757707,4.56423458528282
609.210585508134,202.309138620643,4.06786970946528
243.291283934236,233.567940922957,3.87958238768653
573.496626321023,427.901373784753,3.7054315443891
296.713278765235,134.374411627434,3.8423821214983
525.624921813309,459.237615756963,3.85355345590327
49.7033422469829,414.781156990683,3.94959253396575
184.662900772173,293.159288122736,4.03165467441756
543.810562517688,255.191455222886,3.3683594771068
165.120202006896,21.0775351551276,4.30596326729019
496.483230261963,336.646921494582,4.46001099014952
35.173910324868,46.4708049546011,3.55132670067717
535.418647108157,137.256338195812,4.33474316913476
NA,NA,NA
658.629012545993,334.090438372596,3.39756590187907
451.858875818191,301.513031157758,3.6160431901772
11.7492545964639,497.243986427845,3.65013987947279
562.546071824444,46.6269202199078,4.27749446587863
64.4289405204477,371.50508725084,3.93106893864833
227.158128516943,416.272628351374,3.94622161216252
431.648142097207,14.8276741530387,3.35645805392603
360.425744650211,293.407327836466,2.81451628316518
606.533011773123,104.857469141743,4.35440331850127
392.547353331002,224.253950714206,4.20301616723568
568.099008146207,410.296462491782,4.67671736349254
138.152491797154,278.850133902098,4.56844457102071
196.97993268295,367.697337628521,3.97274788247501
128.686915718263,408.507542599502,3.45458801184972
630.381674538919,313.822086899211,4.61308877600496
1.63762941476357,144.618467303678,4.23935537153131
547.191452721519,201.469514700157,4.07467660619049
32.5344125021782,490.595023808326,3.00624353643565
275.397945415382,25.2375424829241,3.88839062932748
534.669878621139,389.804492728064,3.44369715805932
74.2390026156746,72.6392415913467,5.1475863248482
3.61571452909131,79.3200754265493,3.32064392447195
582.992059475869,220.482885471704,3.96819650455196
437.973475315432,461.761085233242,4.74694743409465
656.295585458457,375.447831423569,3.09183506933896
108.881467938566,490.357830128586,4.35854656687952
627.305205796196,90.8550394642449,4.07405116456133
420.994419127821,259.00481926244,3.6790076338885
9.96469740824421,181.931534882202,3.18183009634953
67.2411038976127,100.687151490378,4.44008950127601
590.339246480775,207.551481448421,4.50103324421587
250.472014739864,223.337320359897,4.0849247871339
570.621106829367,441.408301346082,3.85457870828921
296.256969728273,140.136997840053,3.85714468240685
520.10722482116,453.539560145346,3.56014958899168
58.234983730099,419.700695657181,3.94719634045799
189.764851618486,287.612747188348,3.74731115240354
548.94900912016,262.15667928688,3.83012622488579
171.312741351424,38.8850322952221,4.32355076007896
491.46772176916,336.642402526461,4.34097477331709
37.966846942557,51.5301572467652,3.76494241253954
533.685288176698,154.255170970391,4.72543590419533
NA,NA,NA
658.629012545993,334.090438372596,3.39756590187907
451.858875818191,301.513031157758,3.6160431901772
11.7492545964639,497.243986427845,3.65013987947279
562.546071824444,46.6269202199078,4.27749446587863
64.4289405204477,371.50508725084,3.93106893864833
227.158128516943,416.272628351374,3.94622161216252
431.648142097207,14.8276741530387,3.35645805392603
360.425744650211,293.407327836466,2.81451628316518
606.533011773123,104.857469141743,4.35440331850127
392.547353331002,224.253950714206,4.20301616723568
568.099008146207,410.296462491782,4.67671736349254
138.152491797154,278.850133902098,4.56844457102071
196.97993268295,367.697337628521,3.97274788247501
128.686915718263,408.507542599502,3.45458801184972
630.381674538919,313.822086899211,4.61308877600496
1.63762941476357,144.618467303678,4.23935537153131
547.191452721519,201.469514700157,4.07467660619049
32.5344125021782,490.595023808326,3.00624353643565
275.397945415382,25.2375424829241,3.88839062932748
534.669878621139,389.804492728064,3.44369715805932
74.2390026156746,72.6392415913467,5.1475863248482
3.61571452909131,79.3200754265493,3.32064392447195
582.992059475869,220.482885471704,3.96819650455196
437.973475315432,461.761085233242,4.74694743409465
656.295585458457,375.447831423569,3.09183506933896
108.881467938566,490.357830128586,4.35854656687952
627.305205796196,90.8550394642449,4.07405116456133
420.994419127821,259.00481926244,3.6790076338885
9.96469740824421,181.931534882202,3.18183009634953
67.2411038976127,100.687151490378,4.44008950127601
590.339246480775,207.551481448421,4.50103324421587
250.472014739864,223.337320359897,4.0849247871339
570.621106829367,441.408301346082,3.85457870828921
296.256969728273,140.136997840053,3.85714468240685
520.10722482116,453.539560145346,3.56014958899168
58.234983730099,419.700695657181,3.94719634045799
189.764851618486,287.612747188348,3.74731115240354
548.94900912016,262.15667928688,3.83012622488579
171.312741351424,38.8850322952221,4.32355076007896
491.46772176916,336.642402526461,4.34097477331709
37.966846942557,51.5301572467652,3.76494241253954
533.685288176698,154.255170970391,4.72543590419533
NA,NA,NA
658.629012545993,334.090438372596,3.39756590187907
451.858875818191,301.513031157758,3.6160431901772
11.7492545964639,497.243986427845,3.65013987947279
562.546071824444,46.6269202199078,4.27749446587863
64.4289405204477,371.50508725084,3.93106893864833
227.158128516943,416.272628351374,3.94622161216252
431.648142097207,14.8276741530387,3.35645805392603
360.425744650211,293.407327836466,2.81451628316518
606.533011773123,104.857469141743,4.35440331850127
392.547353331002,224.253950714206,4.20301616723568
568.099008146207,410.296462491782,4.67671736349254
138.152491797154,278.850133902098,4.56844457102071
196.97993268295,367.697337628521,3.97274788247501
128.686915718263,408.507542599502,3.45458801184972
630.381674538919,313.822086899211,4.61308877600496
1.63762941476357,144.618467303678,4.23935537153131
547.191452721519,201.469514700157,4.07467660619049
32.5344125021782,490.595023808326,3.00624353643565
275.397945415382,25.2375424829241,3.88839062932748
534.669878621139,389.804492728064,3.44369715805932
74.2390026156746,72.6392415913467,5.1475863248482
3.61571452909131,79.3200754265493,3.32064392447195
582.992059475869,220.482885471704,3.96819650455196
437.973475315432,461.761085233242,4.74694743409465
656.295585458457,375.447831423569,3.09183506933896
108.881467938566,490.357830128586,4.35854656687952
627.305205796196,90.8550394642449,4.07405116456133
420.994419127821,259.00481926244,3.6790076338885
9.96469740824421,181.931534882202,3.18183009634953
67.2411038976127,100.687151490378,4.44008950127601
590.339246480775,207.551481448421,4.50103324421587
250.472014739864,223.337320359897,4.0849247871339
570.621106829367,441.408301346082,3.85457870828921
296.256969728273,140.136997840053,3.85714468240685
520.10722482116,453.539560145346,3.56014958899168
58.234983730099,419.700695657181,3.94719634045799
189.764851618486,287.612747188348,3.74731115240354
548.94900912016,262.15667928688,3.83012622488579
171.312741351424,38.8850322952221,4.32355076007896
491.46772176916,336.642402526461,4.34097477331709
37.966846942557,51.5301572467652,3.76494241253954
533.685288176698,154.255170970391,4.72543590419533
NA,NA,NA
658.629012545993,334.090438372596,3.39756590187907
451.858875818191,301.513031157758,3.6160431901772
11.7492545964639,497.243986427845,3.65013987947279
562.546071824444,46.6269202199078,4.27749446587863
64.4289405204477,371.50508725084,3.93106893864833
227.158128516943,416.272628351374,3.94622161216252
431.648142097207,14.8276741530387,3.35645805392603
360.425744650211,293.407327836466,2.81451628316518
606.533011773123,104.857469141743,4.35440331850127
392.547353331002,224.253950714206,4.20301616723568
568.099008146207,410.296462491782,4.67671736349254
138.152491797154,278.850133902098,4.56844457102071
196.97993268295,367.697337628521,3.97274788247501
128.686915718263,408.507542599502,3.45458801184972
630.381674538919,313.822086899211,4.61308877600496
1.63762941476357,144.618467303678,4.23935537153131
547.191452721519,201.469514700157,4.07467660619049
32.5344125021782,490.595023808326,3.00624353643565
275.397945415382,25.2375424829241,3.88839062932748
534.669878621139,389.804492728064,3.44369715805932
74.2390026156746,72.6392415913467,5.1475863248482
3.61571452909131,79.3200754265493,3.32064392447195
582.992059475869,220.482885471704,3.96819650455196
437.973475315432,461.761085233242,4.74694743409465
656.295585458457,375.447831423569,3.09183506933896
108.881467938566,490.357830128586,4.35854656687952
627.305205796196,90.8550394642449,4.07405116456133
420.994419127821,259.00481926244,3.6790076338885
9.96469740824421,181.931534882202,3.18183009634953
67.2411038976127,100.687151490378,4.44008950127601
590.339246480775,207.551481448421,4.50103324421587
250.472014739864,223.337320359897,4.0849247871339
570.621106829367,441.408301346082,3.85457870828921
296.256969728273,140.136997840053,3.85714468240685
520.10722482116,453.539560145346,3.56014958899168
58.234983730099,419.700695657181,3.94719634045799
189.764851618486,287.612747188348,3.74731115240354
548.94900912016,262.15667928688,3.83012622488579
171.312741351424,38.8850322952221,4.32355076007896
491.46772176916,336.642402526461,4.34097477331709
37.966846942557,51.5301572467652,3.76494241253954
533.685288176698,154.255170970391,4.72543590419533
NA,NA,NA
658.629012545993,334.090438372596,3.39756590187907
451.858875818191,301.513031157758,3.6160431901772
11.7492545964639,497.243986427845,3.65013987947279
562.546071824444,46.6269202199078,4.27749446587863
64.4289405204477,371.50508725084,3.93106893864833
227.158128516943,416.272628351374,3.94622161216252
431.648142097207,14.8276741530387,3.35645805392603
360.425744650211,293.407327836466,2.81451628316518
606.533011773123,104.857469141743,4.35440331850127
392.547353331002,224.253950714206,4.20301616723568
568.099008146207,410.296462491782,4.67671736349254
138.152491797154,278.850133902098,4.56844457102071
196.97993268295,367.697337628521,3.97274788247501
128.686915718263,408.507542599502,3.45458801184972
630.381674538919,313.822086899211,4.61308877600496
1.63762941476357,144.618467303678,4.23935537153131
547.191452721519,201.469514700157,4.07467660619049
32.5344125021782,490.595023808326,3.00624353643565
275.397945415382,25.2375424829241,3.88839062932748
534.669878621139,389.804492728064,3.44369715805932
74.2390026156746,72.6392415913467,5.1475863248482
3.61571452909131,79.3200754265493,3.32064392447195
582.992059475869,220.482885471704,3.96819650455196
437.973475315432,461.761085233242,4.74694743409465
656.295585458457,375.447831423569,3.09183506933896
108.881467938566,490.357830128586,4.35854656687952
627.305205796196,90.8550394642449,4.07405116456133
420.994419127821,259.00481926244,3.6790076338885
9.96469740824421,181.931534882202,3.18183009634953
67.2411038976127,100.687151490378,4.44008950127601
590.339246480775,207.551481448421,4.50103324421587
250.472014739864,223.337320359897,4.0849247871339
570.621106829367,441.408301346082,3.85457870828921
296.256969728273,140.136997840053,3.85714468240685
520.10722482116,453.539560145346,3.56014958899168
58.234983730099,419.700695657181,3.94719634045799
189.764851618486,287.612747188348,3.74731115240354
548.94900912016,262.15667928688,3.83012622488579
171.312741351424,38.8850322952221,4.32355076007896
491.46772176916,336.642402526461,4.34097477331709
37.966846942557,51.5301572467652,3.76494241253954
533.685288176698,154.255170970391,4.72543590419533
NA,NA,NA
658.629012545993,334.090438372596,3.39756590187907
451.858875818191,301.513031157758,3.6160431901772
11.7492545964639,497.243986427845,3.65013987947279
562.546071824444,46.6269202199078,4.27749446587863
64.4289405204477,371.50508725084,3.93106893864833
227.158128516943,416.272628351374,3.94622161216252
431.648142097207,14.8276741530387,3.35645805392603
360.425744650211,293.407327836466,2.81451628316518
606.533011773123,104.857469141743,4.35440331850127
392.547353331002,224.253950714206,4.20301616723568
568.099008146207,410.296462491782,4.67671736349254
138.152491797154,278.850133902098,4.56844457102071
196.97993268295,367.697337628521,3.97274788247501
128.686915718263,408.507542599502,3.45458801184972
630.381674538919,313.822086899211,4.61308877600496
1.63762941476357,144.618467303678,4.23935537153131
547.191452721519,201.469514700157,4.07467660619049
32.5344125021782,490.595023808326,3.00624353643565
275.397945415382,25.2375424829241,3.88839062932748
534.669878621139,389.804492728064,3.44369715805932
74.2390026156746,72.6392415913467,5.1475863248482
3.61571452909131,79.3200754265493,3.32064392447195
582.992059475869,220.482885471704,3.96819650455196
437.973475315432,461.761085233242,4.74694743409465
656.295585458457,375.447831423569,3.09183506933896
108.881467938566,490.357830128586,4.35854656687952
627.305205796196,90.8550394642449,4.07405116456133
420.994419127821,259.00481926244,3.6790076338885
9.96469740824421,181.931534882202,3.18183009634953
67.2411038976127,100.687151490378,4.44008950127601
590.339246480775,207.551481448421,4.50103324421587
250.472014739864,223.337320359897,4.0849247871339
570.621106829367,441.408301346082,3.85457870828921
296.256969728273,140.136997840053,3.85714468240685
520.10722482116,453.539560145346,3.56014958899168
58.234983730099,419.700695657181,3.94719634045799
189.764851618486,287.612747188348,3.74731115240354
548.94900912016,262.15667928688,3.83012622488579
171.312741351424,38.8850322952221,4.32355076007896
491.46772176916,336.642402526461,4.34097477331709
37.966846942557,51.5301572467652,3.76494241253954
533.685288176698,154.255170970391,4.72543590419533
NA,NA,NA
662.118863483578,334.368001134153,3.63324442675774
457.047264277964,298.323400988434,3.52893659720233
12.7680801641371,498.701148074593,3.70746484383847
558.879936768043,58.1231697533739,3.95764025117391
75.567653416089,377.67008049338,3.89838627468569
227.176706030229,418.180708482102,3.86301668281808
427.957368234519,11.7970246320672,3.46373622225391
361.642118933147,293.363034148255,3.01618422352562
601.45355174715,104.804148867672,4.19063189412641
393.526222737149,228.160261566472,4.17839436363049
565.852000934093,411.12633294293,4.70489463465833
143.598671831556,281.385332045497,4.6082727029695
203.250513382429,370.548982177244,4.05409993018983
126.898628981148,411.231559133479,3.47431264839259
626.188364797301,314.616898699103,4.36148834488163
2.14238950388052,148.230925869189,4.18122867900916
543.352188132787,200.944412111883,4.1021427324773
36.5157674422746,492.33943179934,3.05452891317655
278.141799982304,23.0648746807952,3.84996612659021
535.592239281698,393.337078642437,3.46767411953985
76.1663392687188,70.0467014667349,5.27176592432717
3.87442920533072,75.7689043435505,3.28861488381397
592.525653111569,226.156206134044,4.01693022156587
446.29417675981,461.066869187761,4.72916572429561
657.606402855245,373.849527630032,3.08337822164842
101.517175757891,483.222607787229,4.28379392940511
622.341448843667,91.543852578264,4.03322120788543
420.971812127836,259.001140371434,3.61947399461416
11.062950925102,181.620309018392,3.26026873501868
78.2349010607774,118.13768546855,4.27891733382312
607.754900611163,205.052010187395,4.47308568721835
257.715295633499,233.015220008717,3.72219142679238
568.990572506663,435.235040594215,3.73319799025862
303.580223268353,140.351829415016,3.82299941008386
523.543982174669,458.569095881705,3.81410957405475
43.9446834339587,418.581038029388,3.79513421217437
207.419387390471,288.376295685292,3.54092325019112
556.843605467383,260.949116442088,3.75391038186091
162.322256560429,40.4518680495441,4.34982124982626
503.465066137528,335.545111042415,4.81835130411935
38.1764480980448,40.9291104486113,3.99820144153631
536.849710473265,125.547217325293,4.65449683715997
NA,NA,NA
662.118863483578,334.368001134153,3.63324442675774
457.047264277964,298.323400988434,3.52893659720233
12.7680801641371,498.701148074593,3.70746484383847
558.879936768043,58.1231697533739,3.95764025117391
75.567653416089,377.67008049338,3.89838627468569
227.176706030229,418.180708482102,3.86301668281808
427.957368234519,11.7970246320672,3.46373622225391
361.642118933147,293.363034148255,3.01618422352562
601.45355174715,104.804148867672,4.19063189412641
393.526222737149,228.160261566472,4.17839436363049
565.852000934093,411.12633294293,4.70489463465833
143.598671831556,281.385332045497,4.6082727029695
203.250513382429,370.548982177244,4.05409993018983
126.898628981148,411.231559133479,3.47431264839259
626.188364797301,314.616898699103,4.36148834488163
2.14238950388052,148.230925869189,4.18122867900916
543.352188132787,200.944412111883,4.1021427324773
36.5157674422746,492.33943179934,3.05452891317655
278.141799982304,23.0648746807952,3.84996612659021
535.592239281698,393.337078642437,3.46767411953985
76.1663392687188,70.0467014667349,5.27176592432717
3.87442920533072,75.7689043435505,3.28861488381397
592.525653111569,226.156206134044,4.01693022156587
446.29417675981,461.066869187761,4.72916572429561
657.606402855245,373.849527630032,3.08337822164842
101.517175757891,483.222607787229,4.28379392940511
622.341448843667,91.543852578264,4.03322120788543
420.971812127836,259.001140371434,3.61947399461416
11.062950925102,181.620309018392,3.26026873501868
78.2349010607774,118.13768546855,4.27891733382312
607.754900611163,205.052010187395,4.47308568721835
257.715295633499,233.015220008717,3.72219142679238
568.990572506663,435.235040594215,3.73319799025862
303.580223268353,140.351829415016,3.82299941008386
523.543982174669,458.569095881705,3.81410957405475
43.9446834339587,418.581038029388,3.79513421217437
207.419387390471,288.376295685292,3.54092325019112
556.843605467383,260.949116442088,3.75391038186091
162.322256560429,40.4518680495441,4.34982124982626
503.465066137528,335.545111042415,4.81835130411935
38.1764480980448,40.9291104486113,3.99820144153631
536.849710473265,125.547217325293,4.65449683715997
NA,NA,NA
662.118863483578,334.368001134153,3.63324442675774
457.047264277964,298.323400988434,3.52893659720233
12.7680801641371,498.701148074593,3.70746484383847
558.879936768043,58.1231697533739,3.95764025117391
75.567653416089,377.67008049338,3.89838627468569
227.176706030229,418.180708482102,3.86301668281808
427.957368234519,11.7970246320672,3.46373622225391
361.642118933147,293.363034148255,3.01618422352562
601.45355174715,104.804148867672,4.19063189412641
393.526222737149,228.160261566472,4.17839436363049
565.852000934093,411.12633294293,4.70489463465833
143.598671831556,281.385332045497,4.6082727029695
203.250513382429,370.548982177244,4.05409993018983
126.898628981148,411.231559133479,3.47431264839259
626.188364797301,314.616898699103,4.36148834488163
2.14238950388052,148.230925869189,4.18122867900916
543.352188132787,200.944412111883,4.1021427324773
36.5157674422746,492.33943179934,3.05452891317655
278.141799982304,23.0648746807952,3.84996612659021
535.592239281698,393.337078642437,3.46767411953985
76.1663392687188,70.0467014667349,5.27176592432717
3.87442920533072,75.7689043435505,3.28861488381397
592.525653111569,226.156206134044,4.01693022156587
446.29417675981,461.066869187761,4.72916572429561
657.606402855245,373.849527630032,3.08337822164842
101.517175757891,483.222607787229,4.28379392940511
622.341448843667,91.543852578264,4.03322120788543
420.971812127836,259.001140371434,3.61947399461416
11.062950925102,181.620309018392,3.26026873501868
78.2349010607774,118.13768546855,4.27891733382312
607.754900611163,205.052010187395,4.47308568721835
257.715295633499,233.015220008717,3.72219142679238
568.990572506663,435.235040594215,3.73319799025862
303.580223268353,140.351829415016,3.82299941008386
523.543982174669,458.569095881705,3.81410957405475
43.9446834339587,418.581038029388,3.79513421217437
207.419387390471,288.376295685292,3.54092325019112
556.843605467383,260.949116442088,3.75391038186091
162.322256560429,40.4518680495441,4.34982124982626
503.465066137528,335.545111042415,4.81835130411935
38.1764480980448,40.9291104486113,3.99820144153631
536.849710473265,125.547217325293,4.65449683715997
NA,NA,NA
662.118863483578,334.368001134153,3.63324442675774
457.047264277964,298.323400988434,3.52893659720233
12.7680801641371,498.701148074593,3.70746484383847
558.879936768043,58.1231697533739,3.95764025117391
75.567653416089,377.67008049338,3.89838627468569
227.176706030229,418.180708482102,3.86301668281808
427.957368234519,11.7970246320672,3.46373622225391
361.642118933147,293.363034148255,3.01618422352562
601.45355174715,104.804148867672,4.19063189412641
393.526222737149,228.160261566472,4.17839436363049
565.852000934093,411.12633294293,4.70489463465833
143.598671831556,281.385332045497,4.6082727029695
203.250513382429,370.548982177244,4.05409993018983
126.898628981148,411.231559133479,3.47431264839259
626.188364797301,314.616898699103,4.36148834488163
2.14238950388052,148.230925869189,4.18122867900916
543.352188132787,200.944412111883,4.1021427324773
36.5157674422746,492.33943179934,3.05452891317655
278.141799982304,23.0648746807952,3.84996612659021
535.592239281698,393.337078642437,3.46767411953985
76.1663392687188,70.0467014667349,5.27176592432717
3.87442920533072,75.7689043435505,3.28861488381397
592.525653111569,226.156206134044,4.01693022156587
446.29417675981,461.066869187761,4.72916572429561
657.606402855245,373.849527630032,3.08337822164842
101.517175757891,483.222607787229,4.28379392940511
622.341448843667,91.543852578264,4.03322120788543
420.971812127836,259.001140371434,3.61947399461416
11.062950925102,181.620309018392,3.26026873501868
78.2349010607774,118.13768546855,4.27891733382312
607.754900611163,205.052010187395,4.47308568721835
257.715295633499,233.015220008717,3.72219142679238
568.990572506663,435.235040594215,3.73319799025862
303.580223268353,140.351829415016,3.82299941008386
523.543982174669,458.569095881705,3.81410957405475
43.9446834339587,418.581038029388,3.79513421217437
207.419387390471,288.376295685292,3.54092325019112
556.843605467383,260.949116442088,3.75391038186091
162.322256560429,40.4518680495441,4.34982124982626
503.465066137528,335.545111042415,4.81835130411935
38.1764480980448,40.9291104486113,3.99820144153631
536.849710473265,125.547217325293,4.65449683715997
NA,NA,NA
662.118863483578,334.368001134153,3.63324442675774
457.047264277964,298.323400988434,3.52893659720233
12.7680801641371,498.701148074593,3.70746484383847
558.879936768043,58.1231697533739,3.95764025117391
75.567653416089,377.67008049338,3.89838627468569
227.176706030229,418.180708482102,3.86301668281808
427.957368234519,11.7970246320672,3.46373622225391
361.642118933147,293.363034148255,3.01618422352562
601.45355174715,104.804148867672,4.19063189412641
393.526222737149,228.160261566472,4.17839436363049
565.852000934093,411.12633294293,4.70489463465833
143.598671831556,281.385332045497,4.6082727029695
203.250513382429,370.548982177244,4.05409993018983
126.898628981148,411.231559133479,3.47431264839259
626.188364797301,314.616898699103,4.36148834488163
2.14238950388052,148.230925869189,4.18122867900916
543.352188132787,200.944412111883,4.1021427324773
36.5157674422746,492.33943179934,3.05452891317655
278.141799982304,23.0648746807952,3.84996612659021
535.592239281698,393.337078642437,3.46767411953985
76.1663392687188,70.0467014667349,5.27176592432717
3.87442920533072,75.7689043435505,3.28861488381397
592.525653111569,226.156206134044,4.01693022156587
446.29417675981,461.066869187761,4.72916572429561
657.606402855245,373.849527630032,3.08337822164842
101.517175757891,483.222607787229,4.28379392940511
622.341448843667,91.543852578264,4.03322120788543
420.971812127836,259.001140371434,3.61947399461416
11.062950925102,181.620309018392,3.26026873501868
78.2349010607774,118.13768546855,4.27891733382312
607.754900611163,205.052010187395,4.47308568721835
257.715295633499,233.015220008717,3.72219142679238
568.990572506663,435.235040594215,3.73319799025862
303.580223268353,140.351829415016,3.82299941008386
523.543982174669,458.569095881705,3.81410957405475
43.9446834339587,418.581038029388,3.79513421217437
207.419387390471,288.376295685292,3.54092325019112
556.843605467383,260.949116442088,3.75391038186091
162.322256560429,40.4518680495441,4.34982124982626
503.465066137528,335.545111042415,4.81835130411935
38.1764480980448,40.9291104486113,3.99820144153631
536.849710473265,125.547217325293,4.65449683715997
NA,NA,NA
662.118863483578,334.368001134153,3.63324442675774
457.047264277964,298.323400988434,3.52893659720233
12.7680801641371,498.701148074593,3.70746484383847
558.879936768043,58.1231697533739,3.95764025117391
75.567653416089,377.67008049338,3.89838627468569
227.176706030229,418.180708482102,3.86301668281808
427.957368234519,11.7970246320672,3.46373622225391
361.642118933147,293.363034148255,3.01618422352562
601.45355174715,104.804148867672,4.19063189412641
393.526222737149,228.160261566472,4.17839436363049
565.852000934093,411.12633294293,4.70489463465833
143.598671831556,281.385332045497,4.6082727029695
203.250513382429,370.548982177244,4.05409993018983
126.898628981148,411.231559133479,3.47431264839259
626.188364797301,314.616898699103,4.36148834488163
2.14238950388052,148.230925869189,4.18122867900916
543.352188132787,200.944412111883,4.1021427324773
36.5157674422746,492.33943179934,3.05452891317655
278.141799982304,23.0648746807952,3.84996612659021
535.592239281698,393.337078642437,3.46767411953985
76.1663392687188,70.0467014667349,5.27176592432717
3.87442920533072,75.7689043435505,3.28861488381397
592.525653111569,226.156206134044,4.01693022156587
446.29417675981,461.066869187761,4.72916572429561
657.606402855245,373.849527630032,3.08337822164842
101.517175757891,483.222607787229,4.28379392940511
622.341448843667,91.543852578264,4.03322120788543
420.971812127836,259.001140371434,3.61947399461416
11.062950925102,181.620309018392,3.26026873501868
78.2349010607774,118.13768546855,4.27891733382312
607.754900611163,205.052010187395,4.47308568721835
257.715295633499,233.015220008717,3.72219142679238
568.990572506663,435.235040594215,3.73319799025862
303.580223268353,140.351829415016,3.82299941008386
523.543982174669,458.569095881705,3.81410957405475
43.9446834339587,418.581038029388,3.79513421217437
207.419387390471,288.376295685292,3.54092325019112
556.843605467383,260.949116442088,3.75391038186091
162.322256560429,40.4518680495441,4.34982124982626
503.465066137528,335.545111042415,4.81835130411935
38.1764480980448,40.9291104486113,3.99820144153631
536.849710473265,125.547217325293,4.65449683715997
NA,NA,NA
663.217488264729,336.735000502446,3.40713212423914
456.174722284027,302.962329765335,3.65493202478824
10.9798723333258,489.761275575789,3.58190751034043
558.941649762077,50.979868394454,4.20156103938711
75.1231439163874,374.839403502649,4.03698448422005
232.372413301945,416.88875422426,3.83074823432766
426.501417716693,10.98780506822,3.31681807060394
359.200770974184,292.135585313083,3.2009450610211
609.497119689931,108.329837158703,4.17741963908793
387.331769905578,229.268705824334,4.2598860179786
575.862165239488,408.091146293135,4.74256317226303
142.493383929631,284.972992198825,4.6809843858835
195.879217981623,369.908162810257,3.96658547570653
127.076179903936,412.179184575763,3.51266060067589
628.235424848375,311.798994186763,4.50755109387687
8.38910945675303,145.733840484009,4.40511346157206
543.878900950567,201.12517589724,4.25924266518533
35.9378221711072,490.927984992689,3.01759745014404
279.467525772203,22.2345736937372,3.88483635100167
532.238505400952,392.232309738967,3.47305833617651
63.7009689142512,67.9546217926795,5.18697731066817
2.6694367105881,76.6505635313956,3.77415676138078
583.967667849102,228.003967221262,4.02736042112469
439.640930652244,465.248473152379,4.68770632460082
659.420334211428,375.096422556963,2.76175089016182
106.053881398303,490.872616146407,4.33787417723304
626.228282782346,88.7004723688312,4.13294694075964
425.171268806031,254.66528827427,3.61414081879217
9.79887854402731,180.464391743125,3.31768852103251
57.6519490069498,112.444773803062,4.47670016004404
616.232078101273,205.754522244101,3.75481539066489
253.79629682703,220.187447067229,4.03660083931624
563.680926702705,435.527340378036,3.78644096855605
297.430524638579,137.986346945933,3.70097878660968
537.555685644457,452.278900930365,3.74812050775543
54.7158086021442,419.886224728063,3.87320662810944
199.475294861414,289.106036550666,3.90685984780156
557.858426488639,270.307393514119,3.78421453740232
179.540196786378,35.4853114910365,4.3325313815303
492.367841188557,349.943425324415,4.5791543137962
30.4686966668832,50.268544007088,3.41068320066055
515.192542801753,139.357062767399,4.68655425289953
NA,NA,NA
663.217488264729,336.735000502446,3.40713212423914
456.174722284027,302.962329765335,3.65493202478824
10.9798723333258,489.761275575789,3.58190751034043
558.941649762077,50.979868394454,4.20156103938711
75.1231439163874,374.839403502649,4.03698448422005
232.372413301945,416.88875422426,3.83074823432766
426.501417716693,10.98780506822,3.31681807060394
359.200770974184,292.135585313083,3.2009450610211
609.497119689931,108.329837158703,4.17741963908793
387.331769905578,229.268705824334,4.2598860179786
575.862165239488,408.091146293135,4.74256317226303
142.493383929631,284.972992198825,4.6809843858835
195.879217981623,369.908162810257,3.96658547570653
127.076179903936,412.179184575763,3.51266060067589
628.235424848375,311.798994186763,4.50755109387687
8.38910945675303,145.733840484009,4.40511346157206
543.878900950567,201.12517589724,4.25924266518533
35.9378221711072,490.927984992689,3.01759745014404
279.467525772203,22.2345736937372,3.88483635100167
532.238505400952,392.232309738967,3.47305833617651
63.7009689142512,67.9546217926795,5.18697731066817
2.6694367105881,76.6505635313956,3.77415676138078
583.967667849102,228.003967221262,4.02736042112469
439.640930652244,465.248473152379,4.68770632460082
659.420334211428,375.096422556963,2.76175089016182
106.053881398303,490.872616146407,4.33787417723304
626.228282782346,88.7004723688312,4.13294694075964
425.171268806031,254.66528827427,3.61414081879217
9.79887854402731,180.464391743125,3.31768852103251
57.6519490069498,112.444773803062,4.47670016004404
616.232078101273,205.754522244101,3.75481539066489
253.79629682703,220.187447067229,4.03660083931624
563.680926702705,435.527340378036,3.78644096855605
297.430524638579,137.986346945933,3.70097878660968
537.555685644457,452.278900930365,3.74812050775543
54.7158086021442,419.886224728063,3.87320662810944
199.475294861414,289.106036550666,3.90685984780156
557.858426488639,270.307393514119,3.78421453740232
179.540196786378,35.4853114910365,4.3325313815303
492.367841188557,349.943425324415,4.5791543137962
30.4686966668832,50.268544007088,3.41068320066055
515.192542801753,139.357062767399,4.68655425289953
NA,NA,NA
663.217488264729,336.735000502446,3.40713212423914
456.174722284027,302.962329765335,3.65493202478824
10.9798723333258,489.761275575789,3.58190751034043
558.941649762077,50.979868394454,4.20156103938711
75.1231439163874,374.839403502649,4.03698448422005
232.372413301945,416.88875422426,3.83074823432766
426.501417716693,10.98780506822,3.31681807060394
359.200770974184,292.135585313083,3.2009450610211
609.497119689931,108.329837158703,4.17741963908793
387.331769905578,229.268705824334,4.2598860179786
575.862165239488,408.091146293135,4.74256317226303
142.493383929631,284.972992198825,4.6809843858835
195.879217981623,369.908162810257,3.96658547570653
127.076179903936,412.179184575763,3.51266060067589
628.235424848375,311.798994186763,4.50755109387687
8.38910945675303,145.733840484009,4.40511346157206
543.878900950567,201.12517589724,4.25924266518533
35.9378221711072,490.927984992689,3.01759745014404
279.467525772203,22.2345736937372,3.88483635100167
532.238505400952,392.232309738967,3.47305833617651
63.7009689142512,67.9546217926795,5.18697731066817
2.6694367105881,76.6505635313956,3.77415676138078
583.967667849102,228.003967221262,4.02736042112469
439.640930652244,465.248473152379,4.68770632460082
659.420334211428,375.096422556963,2.76175089016182
106.053881398303,490.872616146407,4.33787417723304
626.228282782346,88.7004723688312,4.13294694075964
425.171268806031,254.66528827427,3.61414081879217
9.79887854402731,180.464391743125,3.31768852103251
57.6519490069498,112.444773803062,4.47670016004404
616.232078101273,205.754522244101,3.75481539066489
253.79629682703,220.187447067229,4.03660083931624
563.680926702705,435.527340378036,3.78644096855605
297.430524638579,137.986346945933,3.70097878660968
537.555685644457,452.278900930365,3.74812050775543
54.7158086021442,419.886224728063,3.87320662810944
199.475294861414,289.106036550666,3.90685984780156
557.858426488639,270.307393514119,3.78421453740232
179.540196786378,35.4853114910365,4.3325313815303
492.367841188557,349.943425324415,4.5791543137962
30.4686966668832,50.268544007088,3.41068320066055
515.192542801753,139.357062767399,4.68655425289953
NA,NA,NA
663.217488264729,336.735000502446,3.40713212423914
456.174722284027,302.962329765335,3.65493202478824
10.9798723333258,489.761275575789,3.58190751034043
558.941649762077,50.979868394454,4.20156103938711
75.1231439163874,374.839403502649,4.03698448422005
232.372413301945,416.88875422426,3.83074823432766
426.501417716693,10.98780506822,3.31681807060394
359.200770974184,292.135585313083,3.2009450610211
609.497119689931,108.329837158703,4.17741963908793
387.331769905578,229.268705824334,4.2598860179786
575.862165239488,408.091146293135,4.74256317226303
142.493383929631,284.972992198825,4.6809843858835
195.879217981623,369.908162810257,3.96658547570653
127.076179903936,412.179184575763,3.51266060067589
628.235424848375,311.798994186763,4.50755109387687
8.38910945675303,145.733840484009,4.40511346157206
543.878900950567,201.12517589724,4.25924266518533
35.9378221711072,490.927984992689,3.01759745014404
279.467525772203,22.2345736937372,3.88483635100167
532.238505400952,392.232309738967,3.47305833617651
63.7009689142512,67.9546217926795,5.18697731066817
2.6694367105881,76.6505635313956,3.77415676138078
583.967667849102,228.003967221262,4.02736042112469
439.640930652244,465.248473152379,4.68770632460082
659.420334211428,375.096422556963,2.76175089016182
106.053881398303,490.872616146407,4.33787417723304
626.228282782346,88.7004723688312,4.13294694075964
425.171268806031,254.66528827427,3.61414081879217
9.79887854402731,180.464391743125,3.31768852103251
57.6519490069498,112.444773803062,4.47670016004404
616.232078101273,205.754522244101,3.75481539066489
253.79629682703,220.187447067229,4.03660083931624
563.680926702705,435.527340378036,3.78644096855605
297.430524638579,137.986346945933,3.70097878660968
537.555685644457,452.278900930365,3.74812050775543
54.7158086021442,419.886224728063,3.87320662810944
199.475294861414,289.106036550666,3.90685984780156
557.858426488639,270.307393514119,3.78421453740232
179.540196786378,35.4853114910365,4.3325313815303
492.367841188557,349.943425324415,4.5791543137962
30.4686966668832,50.268544007088,3.41068320066055
515.192542801753,139.357062767399,4.68655425289953
NA,NA,NA
663.217488264729,336.735000502446,3.40713212423914
456.174722284027,302.962329765335,3.65493202478824
10.9798723333258,489.761275575789,3.58190751034043
558.941649762077,50.979868394454,4.20156103938711
75.1231439163874,374.839403502649,4.03698448422005
232.372413301945,416.88875422426,3.83074823432766
426.501417716693,10.98780506822,3.31681807060394
359.200770974184,292.135585313083,3.2009450610211
609.497119689931,108.329837158703,4.17741963908793
387.331769905578,229.268705824334,4.2598860179786
575.862165239488,408.091146293135,4.74256317226303
142.493383929631,284.972992198825,4.6809843858835
195.879217981623,369.908162810257,3.96658547570653
127.076179903936,412.179184575763,3.51266060067589
628.235424848375,311.798994186763,4.50755109387687
8.38910945675303,145.733840484009,4.40511346157206
543.878900950567,201.12517589724,4.25924266518533
35.9378221711072,490.927984992689,3.01759745014404
279.467525772203,22.2345736937372,3.88483635100167
532.238505400952,392.232309738967,3.47305833617651
63.7009689142512,67.9546217926795,5.18697731066817
2.6694367105881,76.6505635313956,3.77415676138078
583.967667849102,228.003967221262,4.02736042112469
439.640930652244,465.248473152379,4.68770632460082
659.420334211428,375.096422556963,2.76175089016182
106.053881398303,490.872616146407,4.33787417723304
626.228282782346,88.7004723688312,4.13294694075964
425.171268806031,254.66528827427,3.61414081879217
9.79887854402731,180.464391743125,3.31768852103251
57.6519490069498,112.444773803062,4.47670016004404
616.232078101273,205.754522244101,3.75481539066489
253.79629682703,220.187447067229,4.03660083931624
563.680926702705,435.527340378036,3.78644096855605
297.430524638579,137.986346945933,3.70097878660968
537.555685644457,452.278900930365,3.74812050775543
54.7158086021442,419.886224728063,3.87320662810944
199.475294861414,289.106036550666,3.90685984780156
557.858426488639,270.307393514119,3.78421453740232
179.540196786378,35.4853114910365,4.3325313815303
492.367841188557,349.943425324415,4.5791543137962
30.4686966668832,50.268544007088,3.41068320066055
515.192542801753,139.357062767399,4.68655425289953
NA,NA,NA
663.217488264729,336.735000502446,3.40713212423914
456.174722284027,302.962329765335,3.65493202478824
10.9798723333258,489.761275575789,3.58190751034043
558.941649762077,50.979868394454,4.20156103938711
75.1231439163874,374.839403502649,4.03698448422005
232.372413301945,416.88875422426,3.83074823432766
426.501417716693,10.98780506822,3.31681807060394
359.200770974184,292.135585313083,3.2009450610211
609.497119689931,108.329837158703,4.17741963908793
387.331769905578,229.268705824334,4.2598860179786
575.862165239488,408.091146293135,4.74256317226303
142.493383929631,284.972992198825,4.6809843858835
195.879217981623,369.908162810257,3.96658547570653
127.076179903936,412.179184575763,3.51266060067589
628.235424848375,311.798994186763,4.50755109387687
8.38910945675303,145.733840484009,4.40511346157206
543.878900950567,201.12517589724,4.25924266518533
35.9378221711072,490.927984992689,3.01759745014404
279.467525772203,22.2345736937372,3.88483635100167
532.238505400952,392.232309738967,3.47305833617651
63.7009689142512,67.9546217926795,5.18697731066817
2.6694367105881,76.6505635313956,3.77415676138078
583.967667849102,228.003967221262,4.02736042112469
439.640930652244,465.248473152379,4.68770632460082
659.420334211428,375.096422556963,2.76175089016182
106.053881398303,490.872616146407,4.33787417723304
626.228282782346,88.7004723688312,4.13294694075964
425.171268806031,254.66528827427,3.61414081879217
9.79887854402731,180.464391743125,3.31768852103251
57.6519490069498,112.444773803062,4.47670016004404
616.232078101273,205.754522244101,3.75481539066489
253.79629682703,220.187447067229,4.03660083931624
563.680926702705,435.527340378036,3.78644096855605
297.430524638579,137.986346945933,3.70097878660968
537.555685644457,452.278900930365,3.74812050775543
54.7158086021442,419.886224728063,3.87320662810944
199.475294861414,289.106036550666,3.90685984780156
557.858426488639,270.307393514119,3.78421453740232
179.540196786378,35.4853114910365,4.3325313815303
492.367841188557,349.943425324415,4.5791543137962
30.4686966668832,50.268544007088,3.41068320066055
515.192542801753,139.357062767399,4.68655425289953
NA,NA,NA
667.175137491077,334.962982699637,3.48309772852651
453.475228061211,299.227805900076,3.62382102880515
9.47041364183226,496.728686425106,3.68510189944267
555.261507181954,47.6472237010542,4.25720394721288
76.7155764137525,373.343797142031,4.19079936677801
232.210560961642,413.965448910474,3.71896514827395
428.149865788609,10.7282389423084,3.3794804463081
363.135723416134,295.713770400244,2.90499400534097
604.598464383229,103.58759876322,4.36112108566516
389.37324234494,227.772454405173,4.22361575441974
569.880524162789,408.692780632094,4.74672072133635
137.57803170803,282.989129599047,4.4868817028511
193.783434249115,375.669191736444,4.08022875782719
122.69766567516,411.190058247094,3.16522424198093
626.176464867127,321.639346602208,4.55549485340643
3.67829352964459,144.118810568024,4.21611191930437
545.855092703468,206.675517679069,4.28338632801373
35.5962521496942,492.60783510135,3.09084353969904
278.674070027991,24.6374224144927,3.79634972754614
536.187988412004,390.30366389975,3.38097174202503
68.8009290139574,79.7061689515592,5.14602101888334
6.06665453691149,75.3933661570074,3.37144086364517
585.312417964016,227.899496440681,4.04435449605084
441.489674799309,465.346839976198,4.77217639614242
659.223382052265,373.446728110225,3.16665210646582
100.153471976169,484.47369807566,4.329763778582
621.722035211223,90.171689035942,4.01657683007952
421.899315949409,260.870750439336,3.64967930136121
12.5020468519334,180.603801786324,3.21727576707872
84.709301646469,115.679643324931,4.35600272104977
613.340539014248,195.235549553468,4.11872190926777
254.404504083421,222.523869595612,3.74693278874579
571.494717368005,434.081838285962,3.88843878673423
297.122782640151,138.496684134658,3.91340349935515
528.273301911422,464.10505383908,3.50357974017617
46.7558622045623,413.100969962352,3.91988116985907
196.016011881343,283.881952824748,4.23403432943676
548.941892442985,261.786633243249,3.75255798921998
173.209496153989,17.7199943362339,4.53946280053024
496.680374306244,331.691344386395,4.45091453660607
37.4520086708515,42.6846022841574,3.8015741964255
526.559528957238,153.899637295991,4.98014944649823
NA,NA,NA
667.175137491077,334.962982699637,3.48309772852651
453.475228061211,299.227805900076,3.62382102880515
9.47041364183226,496.728686425106,3.68510189944267
555.261507181954,47.6472237010542,4.25720394721288
76.7155764137525,373.343797142031,4.19079936677801
232.210560961642,413.965448910474,3.71896514827395
428.149865788609,10.7282389423084,3.3794804463081
363.135723416134,295.713770400244,2.90499400534097
604.598464383229,103.58759876322,4.36112108566516
389.37324234494,227.772454405173,4.22361575441974
569.880524162789,408.692780632094,4.74672072133635
137.57803170803,282.989129599047,4.4868817028511
193.783434249115,375.669191736444,4.08022875782719
122.69766567516,411.190058247094,3.16522424198093
626.176464867127,321.639346602208,4.55549485340643
3.67829352964459,144.118810568024,4.21611191930437
545.855092703468,206.675517679069,4.28338632801373
35.5962521496942,492.60783510135,3.09084353969904
278.674070027991,24.6374224144927,3.79634972754614
536.187988412004,390.30366389975,3.38097174202503
68.8009290139574,79.7061689515592,5.14602101888334
6.06665453691149,75.3933661570074,3.37144086364517
585.312417964016,227.899496440681,4.04435449605084
441.489674799309,465.346839976198,4.77217639614242
659.223382052265,373.446728110225,3.16665210646582
100.153471976169,484.47369807566,4.329763778582
621.722035211223,90.171689035942,4.01657683007952
421.899315949409,260.870750439336,3.64967930136121
12.5020468519334,180.603801786324,3.21727576707872
84.709301646469,115.679643324931,4.35600272104977
613.340539014248,195.235549553468,4.11872190926777
254.404504083421,222.523869595612,3.74693278874579
571.494717368005,434.081838285962,3.88843878673423
297.122782640151,138.496684134658,3.91340349935515
528.273301911422,464.10505383908,3.50357974017617
46.7558622045623,413.100969962352,3.91988116985907
196.016011881343,283.881952824748,4.23403432943676
548.941892442985,261.786633243249,3.75255798921998
173.209496153989,17.7199943362339,4.53946280053024
496.680374306244,331.691344386395,4.45091453660607
37.4520086708515,42.6846022841574,3.8015741964255
526.559528957238,153.899637295991,4.98014944649823
NA,NA,NA
667.175137491077,334.962982699637,3.48309772852651
453.475228061211,299.227805900076,3.62382102880515
9.47041364183226,496.728686425106,3.68510189944267
555.261507181954,47.6472237010542,4.25720394721288
76.7155764137525,373.343797142031,4.19079936677801
232.210560961642,413.965448910474,3.71896514827395
428.149865788609,10.7282389423084,3.3794804463081
363.135723416134,295.713770400244,2.90499400534097
604.598464383229,103.58759876322,4.36112108566516
389.37324234494,227.772454405173,4.22361575441974
569.880524162789,408.692780632094,4.74672072133635
137.57803170803,282.989129599047,4.4868817028511
193.783434249115,375.669191736444,4.08022875782719
122.69766567516,411.190058247094,3.16522424198093
626.176464867127,321.639346602208,4.55549485340643
3.67829352964459,144.118810568024,4.21611191930437
545.855092703468,206.675517679069,4.28338632801373
35.5962521496942,492.60783510135,3.09084353969904
278.674070027991,24.6374224144927,3.79634972754614
536.187988412004,390.30366389975,3.38097174202503
68.8009290139574,79.7061689515592,5.14602101888334
6.06665453691149,75.3933661570074,3.37144086364517
585.312417964016,227.899496440681,4.04435449605084
441.489674799309,465.346839976198,4.77217639614242
659.223382052265,373.446728110225,3.16665210646582
100.153471976169,484.47369807566,4.329763778582
621.722035211223,90.171689035942,4.01657683007952
421.899315949409,260.870750439336,3.64967930136121
12.5020468519334,180.603801786324,3.21727576707872
84.709301646469,115.679643324931,4.35600272104977
613.340539014248,195.235549553468,4.11872190926777
254.404504083421,222.523869595612,3.74693278874579
571.494717368005,434.081838285962,3.88843878673423
297.122782640151,138.496684134658,3.91340349935515
528.273301911422,464.10505383908,3.50357974017617
46.7558622045623,413.100969962352,3.91988116985907
196.016011881343,283.881952824748,4.23403432943676
548.941892442985,261.786633243249,3.75255798921998
173.209496153989,17.7199943362339,4.53946280053024
496.680374306244,331.691344386395,4.45091453660607
37.4520086708515,42.6846022841574,3.8015741964255
526.559528957238,153.899637295991,4.98014944649823
NA,NA,NA
667.175137491077,334.962982699637,3.48309772852651
453.475228061211,299.227805900076,3.62382102880515
9.47041364183226,496.728686425106,3.68510189944267
555.261507181954,47.6472237010542,4.25720394721288
76.7155764137525,373.343797142031,4.19079936677801
232.210560961642,413.965448910474,3.71896514827395
428.149865788609,10.7282389423084,3.3794804463081
363.135723416134,295.713770400244,2.90499400534097
604.598464383229,103.58759876322,4.36112108566516
389.37324234494,227.772454405173,4.22361575441974
569.880524162789,408.692780632094,4.74672072133635
137.57803170803,282.989129599047,4.4868817028511
193.783434249115,375.669191736444,4.08022875782719
122.69766567516,411.190058247094,3.16522424198093
626.176464867127,321.639346602208,4.55549485340643
3.67829352964459,144.118810568024,4.21611191930437
545.855092703468,206.675517679069,4.28338632801373
35.5962521496942,492.60783510135,3.09084353969904
278.674070027991,24.6374224144927,3.79634972754614
536.187988412004,390.30366389975,3.38097174202503
68.8009290139574,79.7061689515592,5.14602101888334
6.06665453691149,75.3933661570074,3.37144086364517
585.312417964016,227.899496440681,4.04435449605084
441.489674799309,465.346839976198,4.77217639614242
659.223382052265,373.446728110225,3.16665210646582
100.153471976169,484.47369807566,4.329763778582
621.722035211223,90.171689035942,4.01657683007952
421.899315949409,260.870750439336,3.64967930136121
12.5020468519334,180.603801786324,3.21727576707872
84.709301646469,115.679643324931,4.35600272104977
613.340539014248,195.235549553468,4.11872190926777
254.404504083421,222.523869595612,3.74693278874579
571.494717368005,434.081838285962,3.88843878673423
297.122782640151,138.496684134658,3.91340349935515
528.273301911422,464.10505383908,3.50357974017617
46.7558622045623,413.100969962352,3.91988116985907
196.016011881343,283.881952824748,4.23403432943676
548.941892442985,261.786633243249,3.75255798921998
173.209496153989,17.7199943362339,4.53946280053024
496.680374306244,331.691344386395,4.45091453660607
37.4520086708515,42.6846022841574,3.8015741964255
526.559528957238,153.899637295991,4.98014944649823
NA,NA,NA
667.175137491077,334.962982699637,3.48309772852651
453.475228061211,299.227805900076,3.62382102880515
9.47041364183226,496.728686425106,3.68510189944267
555.261507181954,47.6472237010542,4.25720394721288
76.7155764137525,373.343797142031,4.19079936677801
232.210560961642,413.965448910474,3.71896514827395
428.149865788609,10.7282389423084,3.3794804463081
363.135723416134,295.713770400244,2.90499400534097
604.598464383229,103.58759876322,4.36112108566516
389.37324234494,227.772454405173,4.22361575441974
569.880524162789,408.692780632094,4.74672072133635
137.57803170803,282.989129599047,4.4868817028511
193.783434249115,375.669191736444,4.08022875782719
122.69766567516,411.190058247094,3.16522424198093
626.176464867127,321.639346602208,4.55549485340643
3.67829352964459,144.118810568024,4.21611191930437
545.855092703468,206.675517679069,4.28338632801373
35.5962521496942,492.60783510135,3.09084353969904
278.674070027991,24.6374224144927,3.79634972754614
536.187988412004,390.30366389975,3.38097174202503
68.8009290139574,79.7061689515592,5.14602101888334
6.06665453691149,75.3933661570074,3.37144086364517
585.312417964016,227.899496440681,4.04435449605084
441.489674799309,465.346839976198,4.77217639614242
659.223382052265,373.446728110225,3.16665210646582
100.153471976169,484.47369807566,4.329763778582
621.722035211223,90.171689035942,4.01657683007952
421.899315949409,260.870750439336,3.64967930136121
12.5020468519334,180.603801786324,3.21727576707872
84.709301646469,115.679643324931,4.35600272104977
613.340539014248,195.235549553468,4.11872190926777
254.404504083421,222.523869595612,3.74693278874579
571.494717368005,434.081838285962,3.88843878673423
297.122782640151,138.496684134658,3.91340349935515
528.273301911422,464.10505383908,3.50357974017617
46.7558622045623,413.100969962352,3.91988116985907
196.016011881343,283.881952824748,4.23403432943676
548.941892442985,261.786633243249,3.75255798921998
173.209496153989,17.7199943362339,4.53946280053024
496.680374306244,331.691344386395,4.45091453660607
37.4520086708515,42.6846022841574,3.8015741964255
526.559528957238,153.899637295991,4.98014944649823
NA,NA,NA
667.175137491077,334.962982699637,3.48309772852651
453.475228061211,299.227805900076,3.62382102880515
9.47041364183226,496.728686425106,3.68510189944267
555.261507181954,47.6472237010542,4.25720394721288
76.7155764137525,373.343797142031,4.19079936677801
232.210560961642,413.965448910474,3.71896514827395
428.149865788609,10.7282389423084,3.3794804463081
363.135723416134,295.713770400244,2.90499400534097
604.598464383229,103.58759876322,4.36112108566516
389.37324234494,227.772454405173,4.22361575441974
569.880524162789,408.692780632094,4.74672072133635
137.57803170803,282.989129599047,4.4868817028511
193.783434249115,375.669191736444,4.08022875782719
122.69766567516,411.190058247094,3.16522424198093
626.176464867127,321.639346602208,4.55549485340643
3.67829352964459,144.118810568024,4.21611191930437
545.855092703468,206.675517679069,4.28338632801373
35.5962521496942,492.60783510135,3.09084353969904
278.674070027991,24.6374224144927,3.79634972754614
536.187988412004,390.30366389975,3.38097174202503
68.8009290139574,79.7061689515592,5.14602101888334
6.06665453691149,75.3933661570074,3.37144086364517
585.312417964016,227.899496440681,4.04435449605084
441.489674799309,465.346839976198,4.77217639614242
659.223382052265,373.446728110225,3.16665210646582
100.153471976169,484.47369807566,4.329763778582
621.722035211223,90.171689035942,4.01657683007952
421.899315949409,260.870750439336,3.64967930136121
12.5020468519334,180.603801786324,3.21727576707872
84.709301646469,115.679643324931,4.35600272104977
613.340539014248,195.235549553468,4.11872190926777
254.404504083421,222.523869595612,3.74693278874579
571.494717368005,434.081838285962,3.88843878673423
297.122782640151,138.496684134658,3.91340349935515
528.273301911422,464.10505383908,3.50357974017617
46.7558622045623,413.100969962352,3.91988116985907
196.016011881343,283.881952824748,4.23403432943676
548.941892442985,261.786633243249,3.75255798921998
173.209496153989,17.7199943362339,4.53946280053024
496.680374306244,331.691344386395,4.45091453660607
37.4520086708515,42.6846022841574,3.8015741964255
526.559528957238,153.899637295991,4.98014944649823
NA,NA,NA
666.237179489696,336.823965167777,3.53421490395963
458.891867696991,297.829041626339,3.83458398039912
12.0384866657685,495.746170407334,3.50353142665624
556.366684613992,48.0723731128717,4.2370622899418
75.570564450662,377.833494169367,4.10604784688529
225.90138279816,414.854505716663,3.9273494741607
428.825435079296,13.999193927878,3.41102516031358
362.750255568982,290.858813571481,2.98584198378298
608.804932157465,99.2683328634526,4.13708500554036
397.526919522964,228.739784045335,4.32587002112924
577.089807491516,413.017898662284,4.69506732804624
142.10363794628,284.598017697743,4.56108970854026
198.876093349631,369.991547946222,4.00449633661475
126.051875790119,409.807334853458,3.24241084864804
631.391685384947,311.917209286697,4.51725757475019
4.9294125697858,150.576843771533,4.31070587829735
545.375218576309,202.138783264251,4.23448919139306
33.0467017378763,492.625861147844,2.8842227825611
281.734709322165,20.3378428152899,3.93054843680864
535.550151226288,391.634484743092,3.48987953564108
80.7149959612294,83.7694161583974,5.17049523921074
8.08211099730435,76.6129282949337,3.58482623811978
589.937847477221,223.389215749538,4.03116922639301
440.379967782404,457.007163419646,4.73772214138118
659.519254841788,371.244009455153,3.1215660748726
104.421954855944,487.342726183961,4.29986693561403
620.057191108532,88.3645036597601,4.11892877689425
425.106918055666,255.283206618093,3.53838917120521
10.6877882109001,183.368722783765,3.25782136157776
67.2310331563593,107.060747216577,4.47856519490967
612.919811839791,193.251207295006,3.95055629024688
248.773189052776,214.572745595201,3.79514123153788
577.561653957654,437.70246514628,3.65164766117622
299.705345043019,138.85264058699,4.06099115019553
527.231833122315,455.075941194733,3.74708566920652
43.3811777153468,422.617664284393,4.05509248272525
196.628382452035,286.191437093355,3.68858684083868
543.791242789564,262.858753355902,3.66349158273715
187.906279180898,34.5930474519534,4.26413634387714
503.722584014071,341.822217386833,4.58126199450562
33.4425563756878,41.9991798005845,3.97208533053228
529.514327103496,136.575473270532,4.28340032180835
NA,NA,NA
666.237179489696,336.823965167777,3.53421490395963
458.891867696991,297.829041626339,3.83458398039912
12.0384866657685,495.746170407334,3.50353142665624
556.366684613992,48.0723731128717,4.2370622899418
75.570564450662,377.833494169367,4.10604784688529
225.90138279816,414.854505716663,3.9273494741607
428.825435079296,13.999193927878,3.41102516031358
362.750255568982,290.858813571481,2.98584198378298
608.804932157465,99.2683328634526,4.13708500554036
397.526919522964,228.739784045335,4.32587002112924
577.089807491516,413.017898662284,4.69506732804624
142.10363794628,284.598017697743,4.56108970854026
198.876093349631,369.991547946222,4.00449633661475
126.051875790119,409.807334853458,3.24241084864804
631.391685384947,311.917209286697,4.51725757475019
4.9294125697858,150.576843771533,4.31070587829735
545.375218576309,202.138783264251,4.23448919139306
33.0467017378763,492.625861147844,2.8842227825611
281.734709322165,20.3378428152899,3.93054843680864
535.550151226288,391.634484743092,3.48987953564108
80.7149959612294,83.7694161583974,5.17049523921074
8.08211099730435,76.6129282949337,3.58482623811978
589.937847477221,223.389215749538,4.03116922639301
440.379967782404,457.007163419646,4.73772214138118
659.519254841788,371.244009455153,3.1215660748726
104.421954855944,487.342726183961,4.29986693561403
620.057191108532,88.3645036597601,4.11892877689425
425.106918055666,255.283206618093,3.53838917120521
10.6877882109001,183.368722783765,3.25782136157776
67.2310331563593,107.060747216577,4.47856519490967
612.919811839791,193.251207295006,3.95055629024688
248.773189052776,214.572745595201,3.79514123153788
577.561653957654,437.70246514628,3.65164766117622
299.705345043019,138.85264058699,4.06099115019553
527.231833122315,455.075941194733,3.74708566920652
43.3811777153468,422.617664284393,4.05509248272525
196.628382452035,286.191437093355,3.68858684083868
543.791242789564,262.858753355902,3.66349158273715
187.906279180898,34.5930474519534,4.26413634387714
503.722584014071,341.822217386833,4.58126199450562
33.4425563756878,41.9991798005845,3.97208533053228
529.514327103496,136.575473270532,4.28340032180835
NA,NA,NA
666.237179489696,336.823965167777,3.53421490395963
458.891867696991,297.829041626339,3.83458398039912
12.0384866657685,495.746170407334,3.50353142665624
556.366684613992,48.0723731128717,4.2370622899418
75.570564450662,377.833494169367,4.10604784688529
225.90138279816,414.854505716663,3.9273494741607
428.825435079296,13.999193927878,3.41102516031358
362.750255568982,290.858813571481,2.98584198378298
608.804932157465,99.2683328634526,4.13708500554036
397.526919522964,228.739784045335,4.32587002112924
577.089807491516,413.017898662284,4.69506732804624
142.10363794628,284.598017697743,4.56108970854026
198.876093349631,369.991547946222,4.00449633661475
126.051875790119,409.807334853458,3.24241084864804
631.391685384947,311.917209286697,4.51725757475019
4.9294125697858,150.576843771533,4.31070587829735
545.375218576309,202.138783264251,4.23448919139306
33.0467017378763,492.625861147844,2.8842227825611
281.734709322165,20.3378428152899,3.93054843680864
535.550151226288,391.634484743092,3.48987953564108
80.7149959612294,83.7694161583974,5.17049523921074
8.08211099730435,76.6129282949337,3.58482623811978
589.937847477221,223.389215749538,4.03116922639301
440.379967782404,457.007163419646,4.73772214138118
659.519254841788,371.244009455153,3.1215660748726
104.421954855944,487.342726183961,4.29986693561403
620.057191108532,88.3645036597601,4.11892877689425
425.106918055666,255.283206618093,3.53838917120521
10.6877882109001,183.368722783765,3.25782136157776
67.2310331563593,107.060747216577,4.47856519490967
612.919811839791,193.251207295006,3.95055629024688
248.773189052776,214.572745595201,3.79514123153788
577.561653957654,437.70246514628,3.65164766117622
299.705345043019,138.85264058699,4.06099115019553
527.231833122315,455.075941194733,3.74708566920652
43.3811777153468,422.617664284393,4.05509248272525
196.628382452035,286.191437093355,3.68858684083868
543.791242789564,262.858753355902,3.66349158273715
187.906279180898,34.5930474519534,4.26413634387714
503.722584014071,341.822217386833,4.58126199450562
33.4425563756878,41.9991798005845,3.97208533053228
529.514327103496,136.575473270532,4.28340032180835
NA,NA,NA
666.237179489696,336.823965167777,3.53421490395963
458.891867696991,297.829041626339,3.83458398039912
12.0384866657685,495.746170407334,3.50353142665624
556.366684613992,48.0723731128717,4.2370622899418
75.570564450662,377.833494169367,4.10604784688529
225.90138279816,414.854505716663,3.9273494741607
428.825435079296,13.999193927878,3.41102516031358
362.750255568982,290.858813571481,2.98584198378298
608.804932157465,99.2683328634526,4.13708500554036
397.526919522964,228.739784045335,4.32587002112924
577.089807491516,413.017898662284,4.69506732804624
142.10363794628,284.598017697743,4.56108970854026
198.876093349631,369.991547946222,4.00449633661475
126.051875790119,409.807334853458,3.24241084864804
631.391685384947,311.917209286697,4.51725757475019
4.9294125697858,150.576843771533,4.31070587829735
545.375218576309,202.138783264251,4.23448919139306
33.0467017378763,492.625861147844,2.8842227825611
281.734709322165,20.3378428152899,3.93054843680864
535.550151226288,391.634484743092,3.48987953564108
80.7149959612294,83.7694161583974,5.17049523921074
8.08211099730435,76.6129282949337,3.58482623811978
589.937847477221,223.389215749538,4.03116922639301
440.379967782404,457.007163419646,4.73772214138118
659.519254841788,371.244009455153,3.1215660748726
104.421954855944,487.342726183961,4.29986693561403
620.057191108532,88.3645036597601,4.11892877689425
425.106918055666,255.283206618093,3.53838917120521
10.6877882109001,183.368722783765,3.25782136157776
67.2310331563593,107.060747216577,4.47856519490967
612.919811839791,193.251207295006,3.95055629024688
248.773189052776,214.572745595201,3.79514123153788
577.561653957654,437.70246514628,3.65164766117622
299.705345043019,138.85264058699,4.06099115019553
527.231833122315,455.075941194733,3.74708566920652
43.3811777153468,422.617664284393,4.05509248272525
196.628382452035,286.191437093355,3.68858684083868
543.791242789564,262.858753355902,3.66349158273715
187.906279180898,34.5930474519534,4.26413634387714
503.722584014071,341.822217386833,4.58126199450562
33.4425563756878,41.9991798005845,3.97208533053228
529.514327103496,136.575473270532,4.28340032180835
NA,NA,NA
666.237179489696,336.823965167777,3.53421490395963
458.891867696991,297.829041626339,3.83458398039912
12.0384866657685,495.746170407334,3.50353142665624
556.366684613992,48.0723731128717,4.2370622899418
75.570564450662,377.833494169367,4.10604784688529
225.90138279816,414.854505716663,3.9273494741607
428.825435079296,13.999193927878,3.41102516031358
362.750255568982,290.858813571481,2.98584198378298
608.804932157465,99.2683328634526,4.13708500554036
397.526919522964,228.739784045335,4.32587002112924
577.089807491516,413.017898662284,4.69506732804624
142.10363794628,284.598017697743,4.56108970854026
198.876093349631,369.991547946222,4.00449633661475
126.051875790119,409.807334853458,3.24241084864804
631.391685384947,311.917209286697,4.51725757475019
4.9294125697858,150.576843771533,4.31070587829735
545.375218576309,202.138783264251,4.23448919139306
33.0467017378763,492.625861147844,2.8842227825611
281.734709322165,20.3378428152899,3.93054843680864
535.550151226288,391.634484743092,3.48987953564108
80.7149959612294,83.7694161583974,5.17049523921074
8.08211099730435,76.6129282949337,3.58482623811978
589.937847477221,223.389215749538,4.03116922639301
440.379967782404,457.007163419646,4.73772214138118
659.519254841788,371.244009455153,3.1215660748726
104.421954855944,487.342726183961,4.29986693561403
620.057191108532,88.3645036597601,4.11892877689425
425.106918055666,255.283206618093,3.53838917120521
10.6877882109001,183.368722783765,3.25782136157776
67.2310331563593,107.060747216577,4.47856519490967
612.919811839791,193.251207295006,3.95055629024688
248.773189052776,214.572745595201,3.79514123153788
577.561653957654,437.70246514628,3.65164766117622
299.705345043019,138.85264058699,4.06099115019553
527.231833122315,455.075941194733,3.74708566920652
43.3811777153468,422.617664284393,4.05509248272525
196.628382452035,286.191437093355,3.68858684083868
543.791242789564,262.858753355902,3.66349158273715
187.906279180898,34.5930474519534,4.26413634387714
503.722584014071,341.822217386833,4.58126199450562
33.4425563756878,41.9991798005845,3.97208533053228
529.514327103496,136.575473270532,4.28340032180835
NA,NA,NA
666.237179489696,336.823965167777,3.53421490395963
458.891867696991,297.829041626339,3.83458398039912
12.0384866657685,495.746170407334,3.50353142665624
556.366684613992,48.0723731128717,4.2370622899418
75.570564450662,377.833494169367,4.10604784688529
225.90138279816,414.854505716663,3.9273494741607
428.825435079296,13.999193927878,3.41102516031358
362.750255568982,290.858813571481,2.98584198378298
608.804932157465,99.2683328634526,4.13708500554036
397.526919522964,228.739784045335,4.32587002112924
577.089807491516,413.017898662284,4.69506732804624
142.10363794628,284.598017697743,4.56108970854026
198.876093349631,369.991547946222,4.00449633661475
126.051875790119,409.807334853458,3.24241084864804
631.391685384947,311.917209286697,4.51725757475019
4.9294125697858,150.576843771533,4.31070587829735
545.375218576309,202.138783264251,4.23448919139306
33.0467017378763,492.625861147844,2.8842227825611
281.734709322165,20.3378428152899,3.93054843680864
535.550151226288,391.634484743092,3.48987953564108
80.7149959612294,83.7694161583974,5.17049523921074
8.08211099730435,76.6129282949337,3.58482623811978
589.937847477221,223.389215749538,4.03116922639301
440.379967782404,457.007163419646,4.73772214138118
659.519254841788,371.244009455153,3.1215660748726
104.421954855944,487.342726183961,4.29986693561403
620.057191108532,88.3645036597601,4.11892877689425
425.106918055666,255.283206618093,3.53838917120521
10.6877882109001,183.368722783765,3.25782136157776
67.2310331563593,107.060747216577,4.47856519490967
612.919811839791,193.251207295006,3.95055629024688
248.773189052776,214.572745595201,3.79514123153788
577.561653957654,437.70246514628,3.65164766117622
299.705345043019,138.85264058699,4.06099115019553
527.231833122315,455.075941194733,3.74708566920652
43.3811777153468,422.617664284393,4.05509248272525
196.628382452035,286.191437093355,3.68858684083868
543.791242789564,262.858753355902,3.66349158273715
187.906279180898,34.5930474519534,4.26413634387714
503.722584014071,341.822217386833,4.58126199450562
33.4425563756878,41.9991798005845,3.97208533053228
529.514327103496,136.575473270532,4.28340032180835
NA,NA,NA
661.064378974354,331.57689952885,3.42959685284511
457.436026206252,300.302506490062,3.69190291105038
12.9493718239231,495.682600728063,3.65779393642343
557.866979838148,52.2364016772462,4.1661608950429
68.813246081941,373.621440969858,3.92056862444724
226.108598284738,415.246629150914,3.93082537370233
427.392993200675,10.6828309975138,3.36723033438828
359.855954756478,289.660741993972,3.0889465642384
599.298913886059,100.057821659856,4.18126562584042
394.379950800074,232.394067386183,4.16731432483501
570.111641412873,401.185023582181,4.69057933792131
139.376324546955,285.110138570779,4.42660516800818
196.347093237789,368.08603853129,4.06285474593091
126.089239223194,410.274905344906,3.46194451633227
625.06632729134,313.571029447754,4.497610181682
6.61726144855052,146.080033946093,4.2783220357299
546.123549747244,196.966800398007,4.24552306297827
35.7888945230504,491.809175775492,2.98086476103651
278.466814385657,24.2311384720669,3.70117069697515
536.401180593063,394.114554171928,3.30703918260737
78.7784845710415,75.1190339001309,5.18525144537412
3.54350860116168,74.3716321778627,3.38576517153121
585.917371594083,230.112896829021,4.07303535188094
442.115555203164,460.950425555276,4.83295425815887
657.012741612702,373.333861547397,3.11998707774543
107.67211553956,482.171723259986,4.32563204207307
627.579456977287,93.416477801564,4.03781102153516
420.590888042033,259.500991804609,3.68890833746494
11.4392133668184,181.138744668478,3.2422279579586
60.9547272265289,125.642007137141,4.26151055846278
618.735423132608,206.444362615135,4.35075393739713
255.363783722933,208.797111434413,3.69290763528103
576.248614970416,428.815687737882,4.00056025609381
300.281049740785,136.874528079719,3.75826795662617
535.565986555568,455.570576314614,3.70952543518604
47.0213595600186,417.977369600854,4.04529781524276
191.372864932098,288.759462890606,3.74368767882988
557.365904253633,249.743994324257,3.77099762838124
163.381564668862,18.5739842051335,4.21244526968995
498.509784401683,356.234959174056,4.73791889149265
37.4248175698677,40.8309478591612,3.64732025211156
530.241480917067,127.254942410517,4.60930032368671
NA,NA,NA
661.064378974354,331.57689952885,3.42959685284511
457.436026206252,300.302506490062,3.69190291105038
12.9493718239231,495.682600728063,3.65779393642343
557.866979838148,52.2364016772462,4.1661608950429
68.813246081941,373.621440969858,3.92056862444724
226.108598284738,415.246629150914,3.93082537370233
427.392993200675,10.6828309975138,3.36723033438828
359.855954756478,289.660741993972,3.0889465642384
599.298913886059,100.057821659856,4.18126562584042
394.379950800074,232.394067386183,4.16731432483501
570.111641412873,401.185023582181,4.69057933792131
139.376324546955,285.110138570779,4.42660516800818
196.347093237789,368.08603853129,4.06285474593091
126.089239223194,410.274905344906,3.46194451633227
625.06632729134,313.571029447754,4.497610181682
6.61726144855052,146.080033946093,4.2783220357299
546.123549747244,196.966800398007,4.24552306297827
35.7888945230504,491.809175775492,2.98086476103651
278.466814385657,24.2311384720669,3.70117069697515
536.401180593063,394.114554171928,3.30703918260737
78.7784845710415,75.1190339001309,5.18525144537412
3.54350860116168,74.3716321778627,3.38576517153121
585.917371594083,230.112896829021,4.07303535188094
442.115555203164,460.950425555276,4.83295425815887
657.012741612702,373.333861547397,3.11998707774543
107.67211553956,482.171723259986,4.32563204207307
627.579456977287,93.416477801564,4.03781102153516
420.590888042033,259.500991804609,3.68890833746494
11.4392133668184,181.138744668478,3.2422279579586
60.9547272265289,125.642007137141,4.26151055846278
618.735423132608,206.444362615135,4.35075393739713
255.363783722933,208.797111434413,3.69290763528103
576.248614970416,428.815687737882,4.00056025609381
300.281049740785,136.874528079719,3.75826795662617
535.565986555568,455.570576314614,3.70952543518604
47.0213595600186,417.977369600854,4.04529781524276
191.372864932098,288.759462890606,3.74368767882988
557.365904253633,249.743994324257,3.77099762838124
163.381564668862,18.5739842051335,4.21244526968995
498.509784401683,356.234959174056,4.73791889149265
37.4248175698677,40.8309478591612,3.64732025211156
530.241480917067,127.254942410517,4.60930032368671
NA,NA,NA
661.064378974354,331.57689952885,3.42959685284511
457.436026206252,300.302506490062,3.69190291105038
12.9493718239231,495.682600728063,3.65779393642343
557.866979838148,52.2364016772462,4.1661608950429
68.813246081941,373.621440969858,3.92056862444724
226.108598284738,415.246629150914,3.93082537370233
427.392993200675,10.6828309975138,3.36723033438828
359.855954756478,289.660741993972,3.0889465642384
599.298913886059,100.057821659856,4.18126562584042
394.379950800074,232.394067386183,4.16731432483501
570.111641412873,401.185023582181,4.69057933792131
139.376324546955,285.110138570779,4.42660516800818
196.347093237789,368.08603853129,4.06285474593091
126.089239223194,410.274905344906,3.46194451633227
625.06632729134,313.571029447754,4.497610181682
6.61726144855052,146.080033946093,4.2783220357299
546.123549747244,196.966800398007,4.24552306297827
35.7888945230504,491.809175775492,2.98086476103651
278.466814385657,24.2311384720669,3.70117069697515
536.401180593063,394.114554171928,3.30703918260737
78.7784845710415,75.1190339001309,5.18525144537412
3.54350860116168,74.3716321778627,3.38576517153121
585.917371594083,230.112896829021,4.07303535188094
442.115555203164,460.950425555276,4.83295425815887
657.012741612702,373.333861547397,3.11998707774543
107.67211553956,482.171723259986,4.32563204207307
627.579456977287,93.416477801564,4.03781102153516
420.590888042033,259.500991804609,3.68890833746494
11.4392133668184,181.138744668478,3.2422279579586
60.9547272265289,125.642007137141,4.26151055846278
618.735423132608,206.444362615135,4.35075393739713
255.363783722933,208.797111434413,3.69290763528103
576.248614970416,428.815687737882,4.00056025609381
300.281049740785,136.874528079719,3.75826795662617
535.565986555568,455.570576314614,3.70952543518604
47.0213595600186,417.977369600854,4.04529781524276
191.372864932098,288.759462890606,3.74368767882988
557.365904253633,249.743994324257,3.77099762838124
163.381564668862,18.5739842051335,4.21244526968995
498.509784401683,356.234959174056,4.73791889149265
37.4248175698677,40.8309478591612,3.64732025211156
530.241480917067,127.254942410517,4.60930032368671
NA,NA,NA
661.064378974354,331.57689952885,3.42959685284511
457.436026206252,300.302506490062,3.69190291105038
12.9493718239231,495.682600728063,3.65779393642343
557.866979838148,52.2364016772462,4.1661608950429
68.813246081941,373.621440969858,3.92056862444724
226.108598284738,415.246629150914,3.93082537370233
427.392993200675,10.6828309975138,3.36723033438828
359.855954756478,289.660741993972,3.0889465642384
599.298913886059,100.057821659856,4.18126562584042
394.379950800074,232.394067386183,4.16731432483501
570.111641412873,401.185023582181,4.69057933792131
139.376324546955,285.110138570779,4.42660516800818
196.347093237789,368.08603853129,4.06285474593091
126.089239223194,410.274905344906,3.46194451633227
625.06632729134,313.571029447754,4.497610181682
6.61726144855052,146.080033946093,4.2783220357299
546.123549747244,196.966800398007,4.24552306297827
35.7888945230504,491.809175775492,2.98086476103651
278.466814385657,24.2311384720669,3.70117069697515
536.401180593063,394.114554171928,3.30703918260737
78.7784845710415,75.1190339001309,5.18525144537412
3.54350860116168,74.3716321778627,3.38576517153121
585.917371594083,230.112896829021,4.07303535188094
442.115555203164,460.950425555276,4.83295425815887
657.012741612702,373.333861547397,3.11998707774543
107.67211553956,482.171723259986,4.32563204207307
627.579456977287,93.416477801564,4.03781102153516
420.590888042033,259.500991804609,3.68890833746494
11.4392133668184,181.138744668478,3.2422279579586
60.9547272265289,125.642007137141,4.26151055846278
618.735423132608,206.444362615135,4.35075393739713
255.363783722933,208.797111434413,3.69290763528103
576.248614970416,428.815687737882,4.00056025609381
300.281049740785,136.874528079719,3.75826795662617
535.565986555568,455.570576314614,3.70952543518604
47.0213595600186,417.977369600854,4.04529781524276
191.372864932098,288.759462890606,3.74368767882988
557.365904253633,249.743994324257,3.77099762838124
163.381564668862,18.5739842051335,4.21244526968995
498.509784401683,356.234959174056,4.73791889149265
37.4248175698677,40.8309478591612,3.64732025211156
530.241480917067,127.254942410517,4.60930032368671
NA,NA,NA
661.064378974354,331.57689952885,3.42959685284511
457.436026206252,300.302506490062,3.69190291105038
12.9493718239231,495.682600728063,3.65779393642343
557.866979838148,52.2364016772462,4.1661608950429
68.813246081941,373.621440969858,3.92056862444724
226.108598284738,415.246629150914,3.93082537370233
427.392993200675,10.6828309975138,3.36723033438828
359.855954756478,289.660741993972,3.0889465642384
599.298913886059,100.057821659856,4.18126562584042
394.379950800074,232.394067386183,4.16731432483501
570.111641412873,401.185023582181,4.69057933792131
139.376324546955,285.110138570779,4.42660516800818
196.347093237789,368.08603853129,4.06285474593091
126.089239223194,410.274905344906,3.46194451633227
625.06632729134,313.571029447754,4.497610181682
6.61726144855052,146.080033946093,4.2783220357299
546.123549747244,196.966800398007,4.24552306297827
35.7888945230504,491.809175775492,2.98086476103651
278.466814385657,24.2311384720669,3.70117069697515
536.401180593063,394.114554171928,3.30703918260737
78.7784845710415,75.1190339001309,5.18525144537412
3.54350860116168,74.3716321778627,3.38576517153121
585.917371594083,230.112896829021,4.07303535188094
442.115555203164,460.950425555276,4.83295425815887
657.012741612702,373.333861547397,3.11998707774543
107.67211553956,482.171723259986,4.32563204207307
627.579456977287,93.416477801564,4.03781102153516
420.590888042033,259.500991804609,3.68890833746494
11.4392133668184,181.138744668478,3.2422279579586
60.9547272265289,125.642007137141,4.26151055846278
618.735423132608,206.444362615135,4.35075393739713
255.363783722933,208.797111434413,3.69290763528103
576.248614970416,428.815687737882,4.00056025609381
300.281049740785,136.874528079719,3.75826795662617
535.565986555568,455.570576314614,3.70952543518604
47.0213595600186,417.977369600854,4.04529781524276
191.372864932098,288.759462890606,3.74368767882988
557.365904253633,249.743994324257,3.77099762838124
163.381564668862,18.5739842051335,4.21244526968995
498.509784401683,356.234959174056,4.73791889149265
37.4248175698677,40.8309478591612,3.64732025211156
530.241480917067,127.254942410517,4.60930032368671
NA,NA,NA
661.064378974354,331.57689952885,3.42959685284511
457.436026206252,300.302506490062,3.69190291105038
12.9493718239231,495.682600728063,3.65779393642343
557.866979838148,52.2364016772462,4.1661608950429
68.813246081941,373.621440969858,3.92056862444724
226.108598284738,415.246629150914,3.93082537370233
427.392993200675,10.6828309975138,3.36723033438828
359.855954756478,289.660741993972,3.0889465642384
599.298913886059,100.057821659856,4.18126562584042
394.379950800074,232.394067386183,4.16731432483501
570.111641412873,401.185023582181,4.69057933792131
139.376324546955,285.110138570779,4.42660516800818
196.347093237789,368.08603853129,4.06285474593091
126.089239223194,410.274905344906,3.46194451633227
625.06632729134,313.571029447754,4.497610181682
6.61726144855052,146.080033946093,4.2783220357299
546.123549747244,196.966800398007,4.24552306297827
35.7888945230504,491.809175775492,2.98086476103651
278.466814385657,24.2311384720669,3.70117069697515
536.401180593063,394.114554171928,3.30703918260737
78.7784845710415,75.1190339001309,5.18525144537412
3.54350860116168,74.3716321778627,3.38576517153121
585.917371594083,230.112896829021,4.07303535188094
442.115555203164,460.950425555276,4.83295425815887
657.012741612702,373.333861547397,3.11998707774543
107.67211553956,482.171723259986,4.32563204207307
627.579456977287,93.416477801564,4.03781102153516
420.590888042033,259.500991804609,3.68890833746494
11.4392133668184,181.138744668478,3.2422279579586
60.9547272265289,125.642007137141,4.26151055846278
618.735423132608,206.444362615135,4.35075393739713
255.363783722933,208.797111434413,3.69290763528103
576.248614970416,428.815687737882,4.00056025609381
300.281049740785,136.874528079719,3.75826795662617
535.565986555568,455.570576314614,3.70952543518604
47.0213595600186,417.977369600854,4.04529781524276
191.372864932098,288.759462890606,3.74368767882988
557.365904253633,249.743994324257,3.77099762838124
163.381564668862,18.5739842051335,4.21244526968995
498.509784401683,356.234959174056,4.73791889149265
37.4248175698677,40.8309478591612,3.64732025211156
530.241480917067,127.254942410517,4.60930032368671
NA,NA,NA
663.236425176408,335.772544604674,3.42358116786441
454.061916780191,298.085759172056,3.67961569079473
11.6867409744232,494.684295373524,3.60853841411091
558.574974105216,46.5892977971937,4.2212759101079
69.4864006123641,373.68472173996,3.93662215196099
227.642291310588,412.758316350888,3.88776387673942
425.918254669913,12.9257490552708,3.195717933178
360.286453627994,290.557000900362,3.11967213508796
605.459324251696,102.18865990942,4.13523485424875
388.40823248832,229.841826357657,4.18928165582367
571.267244288465,411.735810696112,4.74069540410619
139.44510862263,278.603657984965,4.46305947687222
201.434359891456,370.335159355357,4.05436086002456
122.956774283198,409.6994092043,3.35563558300652
626.530092406042,311.278732377082,4.50880663601995
0.684562348615898,150.855336237163,4.08662278557473
537.97858445983,206.783018171098,4.1421555506979
33.4024155985486,491.633662275663,3.04421787438484
277.721693189136,20.9103319807996,3.76824847347272
532.783221786323,387.863588539254,3.42085741950213
72.1028238625417,71.5935250449953,5.23737209554413
2.89472894520746,75.2376924708122,3.37224194629381
586.971757682446,229.606099628018,3.93235234942313
435.003112631024,462.54089570688,4.71748415826824
658.521246527625,374.31155598493,3.02729564056063
109.64463549763,486.404418732519,4.39848360170678
623.294204820047,94.5958908341867,4.07002925133397
420.0944835522,262.458087392929,3.67585275055509
11.0451039072208,178.696801397443,3.26282026078723
86.5973366199304,108.131276232038,4.26598086909726
605.352078192314,200.667852827203,4.2704985294239
255.195141972735,217.452811492383,3.44024431495841
572.084193146293,442.00624878395,3.68520229545897
306.206747273591,139.264931124171,3.80964484600061
531.131379085692,461.029981590796,3.45847620572011
44.566564969024,412.549520034336,3.93821113252014
198.409259992117,293.83343920012,3.85561629066377
554.841195383704,258.149090953127,3.70700108946703
171.202376290505,32.5865500122924,4.29788947860928
506.007296759999,334.168520669197,4.47503770735205
40.5263757235054,46.5745520652911,3.63364701963883
540.456140857522,152.831771610173,4.44874515799506
NA,NA,NA
663.236425176408,335.772544604674,3.42358116786441
454.061916780191,298.085759172056,3.67961569079473
11.6867409744232,494.684295373524,3.60853841411091
558.574974105216,46.5892977971937,4.2212759101079
69.4864006123641,373.68472173996,3.93662215196099
227.642291310588,412.758316350888,3.88776387673942
425.918254669913,12.9257490552708,3.195717933178
360.286453627994,290.557000900362,3.11967213508796
605.459324251696,102.18865990942,4.13523485424875
388.40823248832,229.841826357657,4.18928165582367
571.267244288465,411.735810696112,4.74069540410619
139.44510862263,278.603657984965,4.46305947687222
201.434359891456,370.335159355357,4.05436086002456
122.956774283198,409.6994092043,3.35563558300652
626.530092406042,311.278732377082,4.50880663601995
0.684562348615898,150.855336237163,4.08662278557473
537.97858445983,206.783018171098,4.1421555506979
33.4024155985486,491.633662275663,3.04421787438484
277.721693189136,20.9103319807996,3.76824847347272
532.783221786323,387.863588539254,3.42085741950213
72.1028238625417,71.5935250449953,5.23737209554413
2.89472894520746,75.2376924708122,3.37224194629381
586.971757682446,229.606099628018,3.93235234942313
435.003112631024,462.54089570688,4.71748415826824
658.521246527625,374.31155598493,3.02729564056063
109.64463549763,486.404418732519,4.39848360170678
623.294204820047,94.5958908341867,4.07002925133397
420.0944835522,262.458087392929,3.67585275055509
11.0451039072208,178.696801397443,3.26282026078723
86.5973366199304,108.131276232038,4.26598086909726
605.352078192314,200.667852827203,4.2704985294239
255.195141972735,217.452811492383,3.44024431495841
572.084193146293,442.00624878395,3.68520229545897
306.206747273591,139.264931124171,3.80964484600061
531.131379085692,461.029981590796,3.45847620572011
44.566564969024,412.549520034336,3.93821113252014
198.409259992117,293.83343920012,3.85561629066377
554.841195383704,258.149090953127,3.70700108946703
171.202376290505,32.5865500122924,4.29788947860928
506.007296759999,334.168520669197,4.47503770735205
40.5263757235054,46.5745520652911,3.63364701963883
540.456140857522,152.831771610173,4.44874515799506
NA,NA,NA
663.236425176408,335.772544604674,3.42358116786441
454.061916780191,298.085759172056,3.67961569079473
11.6867409744232,494.684295373524,3.60853841411091
558.574974105216,46.5892977971937,4.2212759101079
69.4864006123641,373.68472173996,3.93662215196099
227.642291310588,412.758316350888,3.88776387673942
425.918254669913,12.9257490552708,3.195717933178
360.286453627994,290.557000900362,3.11967213508796
605.459324251696,102.18865990942,4.13523485424875
388.40823248832,229.841826357657,4.18928165582367
571.267244288465,411.735810696112,4.74069540410619
139.44510862263,278.603657984965,4.46305947687222
201.434359891456,370.335159355357,4.05436086002456
122.956774283198,409.6994092043,3.35563558300652
626.530092406042,311.278732377082,4.50880663601995
0.684562348615898,150.855336237163,4.08662278557473
537.97858445983,206.783018171098,4.1421555506979
33.4024155985486,491.633662275663,3.04421787438484
277.721693189136,20.9103319807996,3.76824847347272
532.783221786323,387.863588539254,3.42085741950213
72.1028238625417,71.5935250449953,5.23737209554413
2.89472894520746,75.2376924708122,3.37224194629381
586.971757682446,229.606099628018,3.93235234942313
435.003112631024,462.54089570688,4.71748415826824
658.521246527625,374.31155598493,3.02729564056063
109.64463549763,486.404418732519,4.39848360170678
623.294204820047,94.5958908341867,4.07002925133397
420.0944835522,262.458087392929,3.67585275055509
11.0451039072208,178.696801397443,3.26282026078723
86.5973366199304,108.131276232038,4.26598086909726
605.352078192314,200.667852827203,4.2704985294239
255.195141972735,217.452811492383,3.44024431495841
572.084193146293,442.00624878395,3.68520229545897
306.206747273591,139.264931124171,3.80964484600061
531.131379085692,461.029981590796,3.45847620572011
44.566564969024,412.549520034336,3.93821113252014
198.409259992117,293.83343920012,3.85561629066377
554.841195383704,258.149090953127,3.70700108946703
171.202376290505,32.5865500122924,4.29788947860928
506.007296759999,334.168520669197,4.47503770735205
40.5263757235054,46.5745520652911,3.63364701963883
540.456140857522,152.831771610173,4.44874515799506
NA,NA,NA
663.236425176408,335.772544604674,3.42358116786441
454.061916780191,298.085759172056,3.67961569079473
11.6867409744232,494.684295373524,3.60853841411091
558.574974105216,46.5892977971937,4.2212759101079
69.4864006123641,373.68472173996,3.93662215196099
227.642291310588,412.758316350888,3.88776387673942
425.918254669913,12.9257490552708,3.195717933178
360.286453627994,290.557000900362,3.11967213508796
605.459324251696,102.18865990942,4.13523485424875
388.40823248832,229.841826357657,4.18928165582367
571.267244288465,411.735810696112,4.74069540410619
139.44510862263,278.603657984965,4.46305947687222
201.434359891456,370.335159355357,4.05436086002456
122.956774283198,409.6994092043,3.35563558300652
626.530092406042,311.278732377082,4.50880663601995
0.684562348615898,150.855336237163,4.08662278557473
537.97858445983,206.783018171098,4.1421555506979
33.4024155985486,491.633662275663,3.04421787438484
277.721693189136,20.9103319807996,3.76824847347272
532.783221786323,387.863588539254,3.42085741950213
72.1028238625417,71.5935250449953,5.23737209554413
2.89472894520746,75.2376924708122,3.37224194629381
586.971757682446,229.606099628018,3.93235234942313
435.003112631024,462.54089570688,4.71748415826824
658.521246527625,374.31155598493,3.02729564056063
109.64463549763,486.404418732519,4.39848360170678
623.294204820047,94.5958908341867,4.07002925133397
420.0944835522,262.458087392929,3.67585275055509
11.0451039072208,178.696801397443,3.26282026078723
86.5973366199304,108.131276232038,4.26598086909726
605.352078192314,200.667852827203,4.2704985294239
255.195141972735,217.452811492383,3.44024431495841
572.084193146293,442.00624878395,3.68520229545897
306.206747273591,139.264931124171,3.80964484600061
531.131379085692,461.029981590796,3.45847620572011
44.566564969024,412.549520034336,3.93821113252014
198.409259992117,293.83343920012,3.85561629066377
554.841195383704,258.149090953127,3.70700108946703
171.202376290505,32.5865500122924,4.29788947860928
506.007296759999,334.168520669197,4.47503770735205
40.5263757235054,46.5745520652911,3.63364701963883
540.456140857522,152.831771610173,4.44874515799506
NA,NA,NA
663.236425176408,335.772544604674,3.42358116786441
454.061916780191,298.085759172056,3.67961569079473
11.6867409744232,494.684295373524,3.60853841411091
558.574974105216,46.5892977971937,4.2212759101079
69.4864006123641,373.68472173996,3.93662215196099
227.642291310588,412.758316350888,3.88776387673942
425.918254669913,12.9257490552708,3.195717933178
360.286453627994,290.557000900362,3.11967213508796
605.459324251696,102.18865990942,4.13523485424875
388.40823248832,229.841826357657,4.18928165582367
571.267244288465,411.735810696112,4.74069540410619
139.44510862263,278.603657984965,4.46305947687222
201.434359891456,370.335159355357,4.05436086002456
122.956774283198,409.6994092043,3.35563558300652
626.530092406042,311.278732377082,4.50880663601995
0.684562348615898,150.855336237163,4.08662278557473
537.97858445983,206.783018171098,4.1421555506979
33.4024155985486,491.633662275663,3.04421787438484
277.721693189136,20.9103319807996,3.76824847347272
532.783221786323,387.863588539254,3.42085741950213
72.1028238625417,71.5935250449953,5.23737209554413
2.89472894520746,75.2376924708122,3.37224194629381
586.971757682446,229.606099628018,3.93235234942313
435.003112631024,462.54089570688,4.71748415826824
658.521246527625,374.31155598493,3.02729564056063
109.64463549763,486.404418732519,4.39848360170678
623.294204820047,94.5958908341867,4.07002925133397
420.0944835522,262.458087392929,3.67585275055509
11.0451039072208,178.696801397443,3.26282026078723
86.5973366199304,108.131276232038,4.26598086909726
605.352078192314,200.667852827203,4.2704985294239
255.195141972735,217.452811492383,3.44024431495841
572.084193146293,442.00624878395,3.68520229545897
306.206747273591,139.264931124171,3.80964484600061
531.131379085692,461.029981590796,3.45847620572011
44.566564969024,412.549520034336,3.93821113252014
198.409259992117,293.83343920012,3.85561629066377
554.841195383704,258.149090953127,3.70700108946703
171.202376290505,32.5865500122924,4.29788947860928
506.007296759999,334.168520669197,4.47503770735205
40.5263757235054,46.5745520652911,3.63364701963883
540.456140857522,152.831771610173,4.44874515799506
NA,NA,NA
663.236425176408,335.772544604674,3.42358116786441
454.061916780191,298.085759172056,3.67961569079473
11.6867409744232,494.684295373524,3.60853841411091
558.574974105216,46.5892977971937,4.2212759101079
69.4864006123641,373.68472173996,3.93662215196099
227.642291310588,412.758316350888,3.88776387673942
425.918254669913,12.9257490552708,3.195717933178
360.286453627994,290.557000900362,3.11967213508796
605.459324251696,102.18865990942,4.13523485424875
388.40823248832,229.841826357657,4.18928165582367
571.267244288465,411.735810696112,4.74069540410619
139.44510862263,278.603657984965,4.46305947687222
201.434359891456,370.335159355357,4.05436086002456
122.956774283198,409.6994092043,3.35563558300652
626.530092406042,311.278732377082,4.50880663601995
0.684562348615898,150.855336237163,4.08662278557473
537.97858445983,206.783018171098,4.1421555506979
33.4024155985486,491.633662275663,3.04421787438484
277.721693189136,20.9103319807996,3.76824847347272
532.783221786323,387.863588539254,3.42085741950213
72.1028238625417,71.5935250449953,5.23737209554413
2.89472894520746,75.2376924708122,3.37224194629381
586.971757682446,229.606099628018,3.93235234942313
435.003112631024,462.54089570688,4.71748415826824
658.521246527625,374.31155598493,3.02729564056063
109.64463549763,486.404418732519,4.39848360170678
623.294204820047,94.5958908341867,4.07002925133397
420.0944835522,262.458087392929,3.67585275055509
11.0451039072208,178.696801397443,3.26282026078723
86.5973366199304,108.131276232038,4.26598086909726
605.352078192314,200.667852827203,4.2704985294239
255.195141972735,217.452811492383,3.44024431495841
572.084193146293,442.00624878395,3.68520229545897
306.206747273591,139.264931124171,3.80964484600061
531.131379085692,461.029981590796,3.45847620572011
44.566564969024,412.549520034336,3.93821113252014
198.409259992117,293.83343920012,3.85561629066377
554.841195383704,258.149090953127,3.70700108946703
171.202376290505,32.5865500122924,4.29788947860928
506.007296759999,334.168520669197,4.47503770735205
40.5263757235054,46.5745520652911,3.63364701963883
540.456140857522,152.831771610173,4.44874515799506
NA,NA,NA
662.453644573235,333.060019316004,3.51641925048751
453.06680921631,295.661780763048,3.91430711300286
7.55497751036287,501.215668986295,3.58662209526399
565.869612573069,51.1363095868479,4.22837793004002
69.349424486752,374.397111161117,3.95277928110856
231.659817089909,415.51470217739,3.88539315399646
428.131142820566,13.6445372745931,3.26795516412986
362.771587189686,290.245820392391,3.11952014091272
601.36275590195,107.257873667014,4.12120059538014
389.346871673828,224.166687874341,4.24662233703538
573.135221864839,403.984550366655,4.71363325806493
140.867063195798,287.643491972254,4.65471003388808
199.326763892673,366.76190667599,4.0516025900288
123.795891899037,413.693575469796,3.20633384332173
628.610481480515,316.341232286512,4.51489998646794
-0.698526092668402,140.992053325333,4.30811656113343
536.40833086362,205.013498338233,4.19822069375291
35.5365732472361,491.065322519666,2.90425261722542
280.659504008703,22.0444380041934,3.9477496904208
533.793223690735,393.80259285126,3.43397143503826
69.7585766729555,80.6999088219025,5.29268427289017
10.1421946741131,75.6390171393057,3.41059070677583
590.264026209398,226.877304577726,4.08790269104139
446.635033904482,463.914895675813,4.83356948730998
657.896078460323,374.9951295957,3.18326514327109
108.245937556705,486.242806336148,4.41756128357846
624.464902744193,88.4234978693063,4.09096508858338
421.299178786498,258.171487323605,3.60739969199798
10.3860903205057,183.307892262202,3.2593704367326
65.0000579190887,111.456515101833,4.30752710487192
621.634016148539,202.344323811152,4.68031482143611
255.886049708242,219.454416415331,3.83015631860675
564.37185069777,437.483311280715,4.03493898168843
299.664329479587,141.096162130226,3.9526991604885
527.544439211232,459.408102236948,3.7381753469858
44.8016758860939,421.764627516564,3.82829452003043
199.827776640602,281.875522332303,4.26422294588941
545.952435418339,266.616632895332,3.75271441210499
170.082419839951,27.2084582121402,4.435425887895
493.863737017864,343.181173324807,4.43762465984868
32.2302535758715,65.9468170445838,4.08498290097107
519.965995194478,134.366384548434,4.56650234970148
NA,NA,NA
662.453644573235,333.060019316004,3.51641925048751
453.06680921631,295.661780763048,3.91430711300286
7.55497751036287,501.215668986295,3.58662209526399
565.869612573069,51.1363095868479,4.22837793004002
69.349424486752,374.397111161117,3.95277928110856
231.659817089909,415.51470217739,3.88539315399646
428.131142820566,13.6445372745931,3.26795516412986
362.771587189686,290.245820392391,3.11952014091272
601.36275590195,107.257873667014,4.12120059538014
389.346871673828,224.166687874341,4.24662233703538
573.135221864839,403.984550366655,4.71363325806493
140.867063195798,287.643491972254,4.65471003388808
199.326763892673,366.76190667599,4.0516025900288
123.795891899037,413.693575469796,3.20633384332173
628.610481480515,316.341232286512,4.51489998646794
-0.698526092668402,140.992053325333,4.30811656113343
536.40833086362,205.013498338233,4.19822069375291
35.5365732472361,491.065322519666,2.90425261722542
280.659504008703,22.0444380041934,3.9477496904208
533.793223690735,393.80259285126,3.43397143503826
69.7585766729555,80.6999088219025,5.29268427289017
10.1421946741131,75.6390171393057,3.41059070677583
590.264026209398,226.877304577726,4.08790269104139
446.635033904482,463.914895675813,4.83356948730998
657.896078460323,374.9951295957,3.18326514327109
108.245937556705,486.242806336148,4.41756128357846
624.464902744193,88.4234978693063,4.09096508858338
421.299178786498,258.171487323605,3.60739969199798
10.3860903205057,183.307892262202,3.2593704367326
65.0000579190887,111.456515101833,4.30752710487192
621.634016148539,202.344323811152,4.68031482143611
255.886049708242,219.454416415331,3.83015631860675
564.37185069777,437.483311280715,4.03493898168843
299.664329479587,141.096162130226,3.9526991604885
527.544439211232,459.408102236948,3.7381753469858
44.8016758860939,421.764627516564,3.82829452003043
199.827776640602,281.875522332303,4.26422294588941
545.952435418339,266.616632895332,3.75271441210499
170.082419839951,27.2084582121402,4.435425887895
493.863737017864,343.181173324807,4.43762465984868
32.2302535758715,65.9468170445838,4.08498290097107
519.965995194478,134.366384548434,4.56650234970148
NA,NA,NA
662.453644573235,333.060019316004,3.51641925048751
453.06680921631,295.661780763048,3.91430711300286
7.55497751036287,501.215668986295,3.58662209526399
565.869612573069,51.1363095868479,4.22837793004002
69.349424486752,374.397111161117,3.95277928110856
231.659817089909,415.51470217739,3.88539315399646
428.131142820566,13.6445372745931,3.26795516412986
362.771587189686,290.245820392391,3.11952014091272
601.36275590195,107.257873667014,4.12120059538014
389.346871673828,224.166687874341,4.24662233703538
573.135221864839,403.984550366655,4.71363325806493
140.867063195798,287.643491972254,4.65471003388808
199.326763892673,366.76190667599,4.0516025900288
123.795891899037,413.693575469796,3.20633384332173
628.610481480515,316.341232286512,4.51489998646794
-0.698526092668402,140.992053325333,4.30811656113343
536.40833086362,205.013498338233,4.19822069375291
35.5365732472361,491.065322519666,2.90425261722542
280.659504008703,22.0444380041934,3.9477496904208
533.793223690735,393.80259285126,3.43397143503826
69.7585766729555,80.6999088219025,5.29268427289017
10.1421946741131,75.6390171393057,3.41059070677583
590.264026209398,226.877304577726,4.08790269104139
446.635033904482,463.914895675813,4.83356948730998
657.896078460323,374.9951295957,3.18326514327109
108.245937556705,486.242806336148,4.41756128357846
624.464902744193,88.4234978693063,4.09096508858338
421.299178786498,258.171487323605,3.60739969199798
10.3860903205057,183.307892262202,3.2593704367326
65.0000579190887,111.456515101833,4.30752710487192
621.634016148539,202.344323811152,4.68031482143611
255.886049708242,219.454416415331,3.83015631860675
564.37185069777,437.483311280715,4.03493898168843
299.664329479587,141.096162130226,3.9526991604885
527.544439211232,459.408102236948,3.7381753469858
44.8016758860939,421.764627516564,3.82829452003043
199.827776640602,281.875522332303,4.26422294588941
545.952435418339,266.616632895332,3.75271441210499
170.082419839951,27.2084582121402,4.435425887895
493.863737017864,343.181173324807,4.43762465984868
32.2302535758715,65.9468170445838,4.08498290097107
519.965995194478,134.366384548434,4.56650234970148
NA,NA,NA
662.453644573235,333.060019316004,3.51641925048751
453.06680921631,295.661780763048,3.91430711300286
7.55497751036287,501.215668986295,3.58662209526399
565.869612573069,51.1363095868479,4.22837793004002
69.349424486752,374.397111161117,3.95277928110856
231.659817089909,415.51470217739,3.88539315399646
428.131142820566,13.6445372745931,3.26795516412986
362.771587189686,290.245820392391,3.11952014091272
601.36275590195,107.257873667014,4.12120059538014
389.346871673828,224.166687874341,4.24662233703538
573.135221864839,403.984550366655,4.71363325806493
140.867063195798,287.643491972254,4.65471003388808
199.326763892673,366.76190667599,4.0516025900288
123.795891899037,413.693575469796,3.20633384332173
628.610481480515,316.341232286512,4.51489998646794
-0.698526092668402,140.992053325333,4.30811656113343
536.40833086362,205.013498338233,4.19822069375291
35.5365732472361,491.065322519666,2.90425261722542
280.659504008703,22.0444380041934,3.9477496904208
533.793223690735,393.80259285126,3.43397143503826
69.7585766729555,80.6999088219025,5.29268427289017
10.1421946741131,75.6390171393057,3.41059070677583
590.264026209398,226.877304577726,4.08790269104139
446.635033904482,463.914895675813,4.83356948730998
657.896078460323,374.9951295957,3.18326514327109
108.245937556705,486.242806336148,4.41756128357846
624.464902744193,88.4234978693063,4.09096508858338
421.299178786498,258.171487323605,3.60739969199798
10.3860903205057,183.307892262202,3.2593704367326
65.0000579190887,111.456515101833,4.30752710487192
621.634016148539,202.344323811152,4.68031482143611
255.886049708242,219.454416415331,3.83015631860675
564.37185069777,437.483311280715,4.03493898168843
299.664329479587,141.096162130226,3.9526991604885
527.544439211232,459.408102236948,3.7381753469858
44.8016758860939,421.764627516564,3.82829452003043
199.827776640602,281.875522332303,4.26422294588941
545.952435418339,266.616632895332,3.75271441210499
170.082419839951,27.2084582121402,4.435425887895
493.863737017864,343.181173324807,4.43762465984868
32.2302535758715,65.9468170445838,4.08498290097107
519.965995194478,134.366384548434,4.56650234970148
NA,NA,NA
662.453644573235,333.060019316004,3.51641925048751
453.06680921631,295.661780763048,3.91430711300286
7.55497751036287,501.215668986295,3.58662209526399
565.869612573069,51.1363095868479,4.22837793004002
69.349424486752,374.397111161117,3.95277928110856
231.659817089909,415.51470217739,3.88539315399646
428.131142820566,13.6445372745931,3.26795516412986
362.771587189686,290.245820392391,3.11952014091272
601.36275590195,107.257873667014,4.12120059538014
389.346871673828,224.166687874341,4.24662233703538
573.135221864839,403.984550366655,4.71363325806493
140.867063195798,287.643491972254,4.65471003388808
199.326763892673,366.76190667599,4.0516025900288
123.795891899037,413.693575469796,3.20633384332173
628.610481480515,316.341232286512,4.51489998646794
-0.698526092668402,140.992053325333,4.30811656113343
536.40833086362,205.013498338233,4.19822069375291
35.5365732472361,491.065322519666,2.90425261722542
280.659504008703,22.0444380041934,3.9477496904208
533.793223690735,393.80259285126,3.43397143503826
69.7585766729555,80.6999088219025,5.29268427289017
10.1421946741131,75.6390171393057,3.41059070677583
590.264026209398,226.877304577726,4.08790269104139
446.635033904482,463.914895675813,4.83356948730998
657.896078460323,374.9951295957,3.18326514327109
108.245937556705,486.242806336148,4.41756128357846
624.464902744193,88.4234978693063,4.09096508858338
421.299178786498,258.171487323605,3.60739969199798
10.3860903205057,183.307892262202,3.2593704367326
65.0000579190887,111.456515101833,4.30752710487192
621.634016148539,202.344323811152,4.68031482143611
255.886049708242,219.454416415331,3.83015631860675
564.37185069777,437.483311280715,4.03493898168843
299.664329479587,141.096162130226,3.9526991604885
527.544439211232,459.408102236948,3.7381753469858
44.8016758860939,421.764627516564,3.82829452003043
199.827776640602,281.875522332303,4.26422294588941
545.952435418339,266.616632895332,3.75271441210499
170.082419839951,27.2084582121402,4.435425887895
493.863737017864,343.181173324807,4.43762465984868
32.2302535758715,65.9468170445838,4.08498290097107
519.965995194478,134.366384548434,4.56650234970148
NA,NA,NA
662.453644573235,333.060019316004,3.51641925048751
453.06680921631,295.661780763048,3.91430711300286
7.55497751036287,501.215668986295,3.58662209526399
565.869612573069,51.1363095868479,4.22837793004002
69.349424486752,374.397111161117,3.95277928110856
231.659817089909,415.51470217739,3.88539315399646
428.131142820566,13.6445372745931,3.26795516412986
362.771587189686,290.245820392391,3.11952014091272
601.36275590195,107.257873667014,4.12120059538014
389.346871673828,224.166687874341,4.24662233703538
573.135221864839,403.984550366655,4.71363325806493
140.867063195798,287.643491972254,4.65471003388808
199.326763892673,366.76190667599,4.0516025900288
123.795891899037,413.693575469796,3.20633384332173
628.610481480515,316.341232286512,4.51489998646794
-0.698526092668402,140.992053325333,4.30811656113343
536.40833086362,205.013498338233,4.19822069375291
35.5365732472361,491.065322519666,2.90425261722542
280.659504008703,22.0444380041934,3.9477496904208
533.793223690735,393.80259285126,3.43397143503826
69.7585766729555,80.6999088219025,5.29268427289017
10.1421946741131,75.6390171393057,3.41059070677583
590.264026209398,226.877304577726,4.08790269104139
446.635033904482,463.914895675813,4.83356948730998
657.896078460323,374.9951295957,3.18326514327109
108.245937556705,486.242806336148,4.41756128357846
624.464902744193,88.4234978693063,4.09096508858338
421.299178786498,258.171487323605,3.60739969199798
10.3860903205057,183.307892262202,3.2593704367326
65.0000579190887,111.456515101833,4.30752710487192
621.634016148539,202.344323811152,4.68031482143611
255.886049708242,219.454416415331,3.83015631860675
564.37185069777,437.483311280715,4.03493898168843
299.664329479587,141.096162130226,3.9526991604885
527.544439211232,459.408102236948,3.7381753469858
44.8016758860939,421.764627516564,3.82829452003043
199.827776640602,281.875522332303,4.26422294588941
545.952435418339,266.616632895332,3.75271441210499
170.082419839951,27.2084582121402,4.435425887895
493.863737017864,343.181173324807,4.43762465984868
32.2302535758715,65.9468170445838,4.08498290097107
519.965995194478,134.366384548434,4.56650234970148
NA,NA,NA
661.599492882003,336.764764239154,3.6224115473244
453.649874980991,301.407141494916,3.81931445399622
9.31369615365442,493.73155473779,3.71079853063009
566.499581434402,51.698049074751,4.1931485978454
71.9214347401594,377.985858366566,3.91781332251158
230.721517048166,418.32365765226,3.81527011663647
426.768216029506,11.4645281580017,3.40940831189988
361.967882533554,290.810430600357,3.22567560974832
604.962773376807,107.255880175066,4.27918039360996
397.018485081906,225.292347175213,4.21661978108506
569.884472900324,401.816209672637,4.72755850354948
141.745810304583,286.944282353005,4.47598947644763
198.888970302421,369.064626433094,4.09198200948654
128.069522710635,411.240093140299,3.41575205665602
629.519308556411,319.272293740345,4.43950245598628
-3.00804993514897,144.872685368205,4.2322689996618
543.050050937669,202.119179188969,4.1667862715849
34.6146755881038,493.077072382855,2.95048175881446
277.862387183221,23.6908697000491,4.0914357728966
531.829472612867,391.314559487111,3.42548228763382
83.4843003070257,69.1249678978171,5.20646082227318
2.87077588424013,76.960950523107,3.6943735492659
586.766601171889,227.055194991501,4.05636490961135
440.952462960485,460.144481438671,4.73500107072445
659.396183248647,373.740921226393,3.13620542334387
102.490264364446,487.180328768522,4.2695652873351
622.639076952554,90.7991578636535,4.02311644357723
417.354313084609,258.283903447639,3.65826986845894
8.57220221326027,181.834776135632,3.27344089609221
78.5342532886022,108.264446373523,4.44594289128127
618.693787675955,198.301586071337,4.14574527256968
256.305024590383,213.069145562872,3.78931389916709
578.186178285781,433.949653846447,3.78981140256425
304.209062267956,137.185702047449,4.13494873707774
530.724773489217,456.52879429266,3.81452008909009
52.6951273154513,417.414213759648,3.97285111466781
194.185269381226,282.635221260522,3.91590566243748
557.381864860685,263.168181268952,3.63573761566317
166.00844581093,31.3832432839767,4.43266187415029
493.559134127532,347.011348365496,4.74502005303803
44.7415982042564,43.8346083664453,3.79573217834036
515.298744174281,149.489136055088,4.57782514702147
NA,NA,NA
661.599492882003,336.764764239154,3.6224115473244
453.649874980991,301.407141494916,3.81931445399622
9.31369615365442,493.73155473779,3.71079853063009
566.499581434402,51.698049074751,4.1931485978454
71.9214347401594,377.985858366566,3.91781332251158
230.721517048166,418.32365765226,3.81527011663647
426.768216029506,11.4645281580017,3.40940831189988
361.967882533554,290.810430600357,3.22567560974832
604.962773376807,107.255880175066,4.27918039360996
397.018485081906,225.292347175213,4.21661978108506
569.884472900324,401.816209672637,4.72755850354948
141.745810304583,286.944282353005,4.47598947644763
198.888970302421,369.064626433094,4.09198200948654
128.069522710635,411.240093140299,3.41575205665602
629.519308556411,319.272293740345,4.43950245598628
-3.00804993514897,144.872685368205,4.2322689996618
543.050050937669,202.119179188969,4.1667862715849
34.6146755881038,493.077072382855,2.95048175881446
277.862387183221,23.6908697000491,4.0914357728966
531.829472612867,391.314559487111,3.42548228763382
83.4843003070257,69.1249678978171,5.20646082227318
2.87077588424013,76.960950523107,3.6943735492659
586.766601171889,227.055194991501,4.05636490961135
440.952462960485,460.144481438671,4.73500107072445
659.396183248647,373.740921226393,3.13620542334387
102.490264364446,487.180328768522,4.2695652873351
622.639076952554,90.7991578636535,4.02311644357723
417.354313084609,258.283903447639,3.65826986845894
8.57220221326027,181.834776135632,3.27344089609221
78.5342532886022,108.264446373523,4.44594289128127
618.693787675955,198.301586071337,4.14574527256968
256.305024590383,213.069145562872,3.78931389916709
578.186178285781,433.949653846447,3.78981140256425
304.209062267956,137.185702047449,4.13494873707774
530.724773489217,456.52879429266,3.81452008909009
52.6951273154513,417.414213759648,3.97285111466781
194.185269381226,282.635221260522,3.91590566243748
557.381864860685,263.168181268952,3.63573761566317
166.00844581093,31.3832432839767,4.43266187415029
493.559134127532,347.011348365496,4.74502005303803
44.7415982042564,43.8346083664453,3.79573217834036
515.298744174281,149.489136055088,4.57782514702147
NA,NA,NA
661.599492882003,336.764764239154,3.6224115473244
453.649874980991,301.407141494916,3.81931445399622
9.31369615365442,493.73155473779,3.71079853063009
566.499581434402,51.698049074751,4.1931485978454
71.9214347401594,377.985858366566,3.91781332251158
230.721517048166,418.32365765226,3.81527011663647
426.768216029506,11.4645281580017,3.40940831189988
361.967882533554,290.810430600357,3.22567560974832
604.962773376807,107.255880175066,4.27918039360996
397.018485081906,225.292347175213,4.21661978108506
569.884472900324,401.816209672637,4.72755850354948
141.745810304583,286.944282353005,4.47598947644763
198.888970302421,369.064626433094,4.09198200948654
128.069522710635,411.240093140299,3.41575205665602
629.519308556411,319.272293740345,4.43950245598628
-3.00804993514897,144.872685368205,4.2322689996618
543.050050937669,202.119179188969,4.1667862715849
34.6146755881038,493.077072382855,2.95048175881446
277.862387183221,23.6908697000491,4.0914357728966
531.829472612867,391.314559487111,3.42548228763382
83.4843003070257,69.1249678978171,5.20646082227318
2.87077588424013,76.960950523107,3.6943735492659
586.766601171889,227.055194991501,4.05636490961135
440.952462960485,460.144481438671,4.73500107072445
659.396183248647,373.740921226393,3.13620542334387
102.490264364446,487.180328768522,4.2695652873351
622.639076952554,90.7991578636535,4.02311644357723
417.354313084609,258.283903447639,3.65826986845894
8.57220221326027,181.834776135632,3.27344089609221
78.5342532886022,108.264446373523,4.44594289128127
618.693787675955,198.301586071337,4.14574527256968
256.305024590383,213.069145562872,3.78931389916709
578.186178285781,433.949653846447,3.78981140256425
304.209062267956,137.185702047449,4.13494873707774
530.724773489217,456.52879429266,3.81452008909009
52.6951273154513,417.414213759648,3.97285111466781
194.185269381226,282.635221260522,3.91590566243748
557.381864860685,263.168181268952,3.63573761566317
166.00844581093,31.3832432839767,4.43266187415029
493.559134127532,347.011348365496,4.74502005303803
44.7415982042564,43.8346083664453,3.79573217834036
515.298744174281,149.489136055088,4.57782514702147
NA,NA,NA
661.599492882003,336.764764239154,3.6224115473244
453.649874980991,301.407141494916,3.81931445399622
9.31369615365442,493.73155473779,3.71079853063009
566.499581434402,51.698049074751,4.1931485978454
71.9214347401594,377.985858366566,3.91781332251158
230.721517048166,418.32365765226,3.81527011663647
426.768216029506,11.4645281580017,3.40940831189988
361.967882533554,290.810430600357,3.22567560974832
604.962773376807,107.255880175066,4.27918039360996
397.018485081906,225.292347175213,4.21661978108506
569.884472900324,401.816209672637,4.72755850354948
141.745810304583,286.944282353005,4.47598947644763
198.888970302421,369.064626433094,4.09198200948654
128.069522710635,411.240093140299,3.41575205665602
629.519308556411,319.272293740345,4.43950245598628
-3.00804993514897,144.872685368205,4.2322689996618
543.050050937669,202.119179188969,4.1667862715849
34.6146755881038,493.077072382855,2.95048175881446
277.862387183221,23.6908697000491,4.0914357728966
531.829472612867,391.314559487111,3.42548228763382
83.4843003070257,69.1249678978171,5.20646082227318
2.87077588424013,76.960950523107,3.6943735492659
586.766601171889,227.055194991501,4.05636490961135
440.952462960485,460.144481438671,4.73500107072445
659.396183248647,373.740921226393,3.13620542334387
102.490264364446,487.180328768522,4.2695652873351
622.639076952554,90.7991578636535,4.02311644357723
417.354313084609,258.283903447639,3.65826986845894
8.57220221326027,181.834776135632,3.27344089609221
78.5342532886022,108.264446373523,4.44594289128127
618.693787675955,198.301586071337,4.14574527256968
256.305024590383,213.069145562872,3.78931389916709
578.186178285781,433.949653846447,3.78981140256425
304.209062267956,137.185702047449,4.13494873707774
530.724773489217,456.52879429266,3.81452008909009
52.6951273154513,417.414213759648,3.97285111466781
194.185269381226,282.635221260522,3.91590566243748
557.381864860685,263.168181268952,3.63573761566317
166.00844581093,31.3832432839767,4.43266187415029
493.559134127532,347.011348365496,4.74502005303803
44.7415982042564,43.8346083664453,3.79573217834036
515.298744174281,149.489136055088,4.57782514702147
NA,NA,NA
661.599492882003,336.764764239154,3.6224115473244
453.649874980991,301.407141494916,3.81931445399622
9.31369615365442,493.73155473779,3.71079853063009
566.499581434402,51.698049074751,4.1931485978454
71.9214347401594,377.985858366566,3.91781332251158
230.721517048166,418.32365765226,3.81527011663647
426.768216029506,11.4645281580017,3.40940831189988
361.967882533554,290.810430600357,3.22567560974832
604.962773376807,107.255880175066,4.27918039360996
397.018485081906,225.292347175213,4.21661978108506
569.884472900324,401.816209672637,4.72755850354948
141.745810304583,286.944282353005,4.47598947644763
198.888970302421,369.064626433094,4.09198200948654
128.069522710635,411.240093140299,3.41575205665602
629.519308556411,319.272293740345,4.43950245598628
-3.00804993514897,144.872685368205,4.2322689996618
543.050050937669,202.119179188969,4.1667862715849
34.6146755881038,493.077072382855,2.95048175881446
277.862387183221,23.6908697000491,4.0914357728966
531.829472612867,391.314559487111,3.42548228763382
83.4843003070257,69.1249678978171,5.20646082227318
2.87077588424013,76.960950523107,3.6943735492659
586.766601171889,227.055194991501,4.05636490961135
440.952462960485,460.144481438671,4.73500107072445
659.396183248647,373.740921226393,3.13620542334387
102.490264364446,487.180328768522,4.2695652873351
622.639076952554,90.7991578636535,4.02311644357723
417.354313084609,258.283903447639,3.65826986845894
8.57220221326027,181.834776135632,3.27344089609221
78.5342532886022,108.264446373523,4.44594289128127
618.693787675955,198.301586071337,4.14574527256968
256.305024590383,213.069145562872,3.78931389916709
578.186178285781,433.949653846447,3.78981140256425
304.209062267956,137.185702047449,4.13494873707774
530.724773489217,456.52879429266,3.81452008909009
52.6951273154513,417.414213759648,3.97285111466781
194.185269381226,282.635221260522,3.91590566243748
557.381864860685,263.168181268952,3.63573761566317
166.00844581093,31.3832432839767,4.43266187415029
493.559134127532,347.011348365496,4.74502005303803
44.7415982042564,43.8346083664453,3.79573217834036
515.298744174281,149.489136055088,4.57782514702147
NA,NA,NA
661.599492882003,336.764764239154,3.6224115473244
453.649874980991,301.407141494916,3.81931445399622
9.31369615365442,493.73155473779,3.71079853063009
566.499581434402,51.698049074751,4.1931485978454
71.9214347401594,377.985858366566,3.91781332251158
230.721517048166,418.32365765226,3.81527011663647
426.768216029506,11.4645281580017,3.40940831189988
361.967882533554,290.810430600357,3.22567560974832
604.962773376807,107.255880175066,4.27918039360996
397.018485081906,225.292347175213,4.21661978108506
569.884472900324,401.816209672637,4.72755850354948
141.745810304583,286.944282353005,4.47598947644763
198.888970302421,369.064626433094,4.09198200948654
128.069522710635,411.240093140299,3.41575205665602
629.519308556411,319.272293740345,4.43950245598628
-3.00804993514897,144.872685368205,4.2322689996618
543.050050937669,202.119179188969,4.1667862715849
34.6146755881038,493.077072382855,2.95048175881446
277.862387183221,23.6908697000491,4.0914357728966
531.829472612867,391.314559487111,3.42548228763382
83.4843003070257,69.1249678978171,5.20646082227318
2.87077588424013,76.960950523107,3.6943735492659
586.766601171889,227.055194991501,4.05636490961135
440.952462960485,460.144481438671,4.73500107072445
659.396183248647,373.740921226393,3.13620542334387
102.490264364446,487.180328768522,4.2695652873351
622.639076952554,90.7991578636535,4.02311644357723
417.354313084609,258.283903447639,3.65826986845894
8.57220221326027,181.834776135632,3.27344089609221
78.5342532886022,108.264446373523,4.44594289128127
618.693787675955,198.301586071337,4.14574527256968
256.305024590383,213.069145562872,3.78931389916709
578.186178285781,433.949653846447,3.78981140256425
304.209062267956,137.185702047449,4.13494873707774
530.724773489217,456.52879429266,3.81452008909009
52.6951273154513,417.414213759648,3.97285111466781
194.185269381226,282.635221260522,3.91590566243748
557.381864860685,263.168181268952,3.63573761566317
166.00844581093,31.3832432839767,4.43266187415029
493.559134127532,347.011348365496,4.74502005303803
44.7415982042564,43.8346083664453,3.79573217834036
515.298744174281,149.489136055088,4.57782514702147
NA,NA,NA
663.141709471066,333.127102759494,3.57946052396402
452.459878175945,296.226252146236,3.55488731024253
11.6952077152443,489.666356666097,3.8932022162744
567.680735561919,49.4570151853541,4.29030476627999
74.3141229536752,372.525431597534,3.91665555741876
228.117135291219,417.274486012389,3.92717514863644
429.590620532016,12.727364936244,3.23886022161545
362.303877874309,291.188146630824,2.98056422776737
603.564585876338,108.690430687026,4.26924784419254
394.687582083105,224.564996587792,4.17983621538093
564.630275214431,408.809386583831,4.720265557925
143.576706344372,283.655688235277,4.56912161616304
197.36705375174,369.074988243684,4.02923836468859
125.132163414028,412.120624190516,3.50865124144412
627.929587568294,311.07440291394,4.38953700796403
1.19862862833234,146.751752185947,4.22829235008425
543.370499717345,200.439082454186,4.22405703022995
34.1889975051956,492.620834456193,2.98395865942792
276.078377128503,23.0633729224372,4.06282602340357
532.427664479482,391.988211971149,3.26980627535219
70.850774411382,80.2939762900695,5.12913816315275
4.79373669943381,77.2033158438991,3.53418319746325
588.877791032517,225.463905524729,3.98225690534231
438.705173967202,458.947598216761,4.73464317734277
657.728923815553,377.315366399203,3.18754472276149
110.988349011098,484.069124706631,4.3590211698456
626.62305188062,85.823600374434,4.065414053465
421.353402651348,256.914826970065,3.52900556476881
12.4038445145876,183.531118541362,3.17005568813997
68.9402890763734,103.695268695559,4.55829530492432
603.900420972337,211.690013034135,4.07473770676557
255.285137788063,220.443061405569,3.92749724160684
575.878503301857,436.22453597802,3.74878819019138
302.711540919861,136.646542825981,3.78441480172719
531.190568049237,460.551072659416,3.60416001293584
45.8443587334226,423.42329621543,4.12784191453611
199.269530318979,285.783343095048,4.19367843823131
557.431314633211,268.266687985295,3.55290159566538
181.109471692018,23.0269842347444,4.49215419883424
498.612142197909,346.748983832175,4.84683131588593
46.5550678309348,55.7283424248526,3.48779137070675
507.369012512063,144.97619829298,4.68425252057497
NA,NA,NA
663.141709471066,333.127102759494,3.57946052396402
452.459878175945,296.226252146236,3.55488731024253
11.6952077152443,489.666356666097,3.8932022162744
567.680735561919,49.4570151853541,4.29030476627999
74.3141229536752,372.525431597534,3.91665555741876
228.117135291219,417.274486012389,3.92717514863644
429.590620532016,12.727364936244,3.23886022161545
362.303877874309,291.188146630824,2.98056422776737
603.564585876338,108.690430687026,4.26924784419254
394.687582083105,224.564996587792,4.17983621538093
564.630275214431,408.809386583831,4.720265557925
143.576706344372,283.655688235277,4.56912161616304
197.36705375174,369.074988243684,4.02923836468859
125.132163414028,412.120624190516,3.50865124144412
627.929587568294,311.07440291394,4.38953700796403
1.19862862833234,146.751752185947,4.22829235008425
543.370499717345,200.439082454186,4.22405703022995
34.1889975051956,492.620834456193,2.98395865942792
276.078377128503,23.0633729224372,4.06282602340357
532.427664479482,391.988211971149,3.26980627535219
70.850774411382,80.2939762900695,5.12913816315275
4.79373669943381,77.2033158438991,3.53418319746325
588.877791032517,225.463905524729,3.98225690534231
438.705173967202,458.947598216761,4.73464317734277
657.728923815553,377.315366399203,3.18754472276149
110.988349011098,484.069124706631,4.3590211698456
626.62305188062,85.823600374434,4.065414053465
421.353402651348,256.914826970065,3.52900556476881
12.4038445145876,183.531118541362,3.17005568813997
68.9402890763734,103.695268695559,4.55829530492432
603.900420972337,211.690013034135,4.07473770676557
255.285137788063,220.443061405569,3.92749724160684
575.878503301857,436.22453597802,3.74878819019138
302.711540919861,136.646542825981,3.78441480172719
531.190568049237,460.551072659416,3.60416001293584
45.8443587334226,423.42329621543,4.12784191453611
199.269530318979,285.783343095048,4.19367843823131
557.431314633211,268.266687985295,3.55290159566538
181.109471692018,23.0269842347444,4.49215419883424
498.612142197909,346.748983832175,4.84683131588593
46.5550678309348,55.7283424248526,3.48779137070675
507.369012512063,144.97619829298,4.68425252057497
NA,NA,NA
663.141709471066,333.127102759494,3.57946052396402
452.459878175945,296.226252146236,3.55488731024253
11.6952077152443,489.666356666097,3.8932022162744
567.680735561919,49.4570151853541,4.29030476627999
74.3141229536752,372.525431597534,3.91665555741876
228.117135291219,417.274486012389,3.92717514863644
429.590620532016,12.727364936244,3.23886022161545
362.303877874309,291.188146630824,2.98056422776737
603.564585876338,108.690430687026,4.26924784419254
394.687582083105,224.564996587792,4.17983621538093
564.630275214431,408.809386583831,4.720265557925
143.576706344372,283.655688235277,4.56912161616304
197.36705375174,369.074988243684,4.02923836468859
125.132163414028,412.120624190516,3.50865124144412
627.929587568294,311.07440291394,4.38953700796403
1.19862862833234,146.751752185947,4.22829235008425
543.370499717345,200.439082454186,4.22405703022995
34.1889975051956,492.620834456193,2.98395865942792
276.078377128503,23.0633729224372,4.06282602340357
532.427664479482,391.988211971149,3.26980627535219
70.850774411382,80.2939762900695,5.12913816315275
4.79373669943381,77.2033158438991,3.53418319746325
588.877791032517,225.463905524729,3.98225690534231
438.705173967202,458.947598216761,4.73464317734277
657.728923815553,377.315366399203,3.18754472276149
110.988349011098,484.069124706631,4.3590211698456
626.62305188062,85.823600374434,4.065414053465
421.353402651348,256.914826970065,3.52900556476881
12.4038445145876,183.531118541362,3.17005568813997
68.9402890763734,103.695268695559,4.55829530492432
603.900420972337,211.690013034135,4.07473770676557
255.285137788063,220.443061405569,3.92749724160684
575.878503301857,436.22453597802,3.74878819019138
302.711540919861,136.646542825981,3.78441480172719
531.190568049237,460.551072659416,3.60416001293584
45.8443587334226,423.42329621543,4.12784191453611
199.269530318979,285.783343095048,4.19367843823131
557.431314633211,268.266687985295,3.55290159566538
181.109471692018,23.0269842347444,4.49215419883424
498.612142197909,346.748983832175,4.84683131588593
46.5550678309348,55.7283424248526,3.48779137070675
507.369012512063,144.97619829298,4.68425252057497
NA,NA,NA
663.141709471066,333.127102759494,3.57946052396402
452.459878175945,296.226252146236,3.55488731024253
11.6952077152443,489.666356666097,3.8932022162744
567.680735561919,49.4570151853541,4.29030476627999
74.3141229536752,372.525431597534,3.91665555741876
228.117135291219,417.274486012389,3.92717514863644
429.590620532016,12.727364936244,3.23886022161545
362.303877874309,291.188146630824,2.98056422776737
603.564585876338,108.690430687026,4.26924784419254
394.687582083105,224.564996587792,4.17983621538093
564.630275214431,408.809386583831,4.720265557925
143.576706344372,283.655688235277,4.56912161616304
197.36705375174,369.074988243684,4.02923836468859
125.132163414028,412.120624190516,3.50865124144412
627.929587568294,311.07440291394,4.38953700796403
1.19862862833234,146.751752185947,4.22829235008425
543.370499717345,200.439082454186,4.22405703022995
34.1889975051956,492.620834456193,2.98395865942792
276.078377128503,23.0633729224372,4.06282602340357
532.427664479482,391.988211971149,3.26980627535219
70.850774411382,80.2939762900695,5.12913816315275
4.79373669943381,77.2033158438991,3.53418319746325
588.877791032517,225.463905524729,3.98225690534231
438.705173967202,458.947598216761,4.73464317734277
657.728923815553,377.315366399203,3.18754472276149
110.988349011098,484.069124706631,4.3590211698456
626.62305188062,85.823600374434,4.065414053465
421.353402651348,256.914826970065,3.52900556476881
12.4038445145876,183.531118541362,3.17005568813997
68.9402890763734,103.695268695559,4.55829530492432
603.900420972337,211.690013034135,4.07473770676557
255.285137788063,220.443061405569,3.92749724160684
575.878503301857,436.22453597802,3.74878819019138
302.711540919861,136.646542825981,3.78441480172719
531.190568049237,460.551072659416,3.60416001293584
45.8443587334226,423.42329621543,4.12784191453611
199.269530318979,285.783343095048,4.19367843823131
557.431314633211,268.266687985295,3.55290159566538
181.109471692018,23.0269842347444,4.49215419883424
498.612142197909,346.748983832175,4.84683131588593
46.5550678309348,55.7283424248526,3.48779137070675
507.369012512063,144.97619829298,4.68425252057497
NA,NA,NA
663.141709471066,333.127102759494,3.57946052396402
452.459878175945,296.226252146236,3.55488731024253
11.6952077152443,489.666356666097,3.8932022162744
567.680735561919,49.4570151853541,4.29030476627999
74.3141229536752,372.525431597534,3.91665555741876
228.117135291219,417.274486012389,3.92717514863644
429.590620532016,12.727364936244,3.23886022161545
362.303877874309,291.188146630824,2.98056422776737
603.564585876338,108.690430687026,4.26924784419254
394.687582083105,224.564996587792,4.17983621538093
564.630275214431,408.809386583831,4.720265557925
143.576706344372,283.655688235277,4.56912161616304
197.36705375174,369.074988243684,4.02923836468859
125.132163414028,412.120624190516,3.50865124144412
627.929587568294,311.07440291394,4.38953700796403
1.19862862833234,146.751752185947,4.22829235008425
543.370499717345,200.439082454186,4.22405703022995
34.1889975051956,492.620834456193,2.98395865942792
276.078377128503,23.0633729224372,4.06282602340357
532.427664479482,391.988211971149,3.26980627535219
70.850774411382,80.2939762900695,5.12913816315275
4.79373669943381,77.2033158438991,3.53418319746325
588.877791032517,225.463905524729,3.98225690534231
438.705173967202,458.947598216761,4.73464317734277
657.728923815553,377.315366399203,3.18754472276149
110.988349011098,484.069124706631,4.3590211698456
626.62305188062,85.823600374434,4.065414053465
421.353402651348,256.914826970065,3.52900556476881
12.4038445145876,183.531118541362,3.17005568813997
68.9402890763734,103.695268695559,4.55829530492432
603.900420972337,211.690013034135,4.07473770676557
255.285137788063,220.443061405569,3.92749724160684
575.878503301857,436.22453597802,3.74878819019138
302.711540919861,136.646542825981,3.78441480172719
531.190568049237,460.551072659416,3.60416001293584
45.8443587334226,423.42329621543,4.12784191453611
199.269530318979,285.783343095048,4.19367843823131
557.431314633211,268.266687985295,3.55290159566538
181.109471692018,23.0269842347444,4.49215419883424
498.612142197909,346.748983832175,4.84683131588593
46.5550678309348,55.7283424248526,3.48779137070675
507.369012512063,144.97619829298,4.68425252057497
NA,NA,NA
663.141709471066,333.127102759494,3.57946052396402
452.459878175945,296.226252146236,3.55488731024253
11.6952077152443,489.666356666097,3.8932022162744
567.680735561919,49.4570151853541,4.29030476627999
74.3141229536752,372.525431597534,3.91665555741876
228.117135291219,417.274486012389,3.92717514863644
429.590620532016,12.727364936244,3.23886022161545
362.303877874309,291.188146630824,2.98056422776737
603.564585876338,108.690430687026,4.26924784419254
394.687582083105,224.564996587792,4.17983621538093
564.630275214431,408.809386583831,4.720265557925
143.576706344372,283.655688235277,4.56912161616304
197.36705375174,369.074988243684,4.02923836468859
125.132163414028,412.120624190516,3.50865124144412
627.929587568294,311.07440291394,4.38953700796403
1.19862862833234,146.751752185947,4.22829235008425
543.370499717345,200.439082454186,4.22405703022995
34.1889975051956,492.620834456193,2.98395865942792
276.078377128503,23.0633729224372,4.06282602340357
532.427664479482,391.988211971149,3.26980627535219
70.850774411382,80.2939762900695,5.12913816315275
4.79373669943381,77.2033158438991,3.53418319746325
588.877791032517,225.463905524729,3.98225690534231
438.705173967202,458.947598216761,4.73464317734277
657.728923815553,377.315366399203,3.18754472276149
110.988349011098,484.069124706631,4.3590211698456
626.62305188062,85.823600374434,4.065414053465
421.353402651348,256.914826970065,3.52900556476881
12.4038445145876,183.531118541362,3.17005568813997
68.9402890763734,103.695268695559,4.55829530492432
603.900420972337,211.690013034135,4.07473770676557
255.285137788063,220.443061405569,3.92749724160684
575.878503301857,436.22453597802,3.74878819019138
302.711540919861,136.646542825981,3.78441480172719
531.190568049237,460.551072659416,3.60416001293584
45.8443587334226,423.42329621543,4.12784191453611
199.269530318979,285.783343095048,4.19367843823131
557.431314633211,268.266687985295,3.55290159566538
181.109471692018,23.0269842347444,4.49215419883424
498.612142197909,346.748983832175,4.84683131588593
46.5550678309348,55.7283424248526,3.48779137070675
507.369012512063,144.97619829298,4.68425252057497
NA,NA,NA
660.111637390759,338.105130651073,3.53421842150222
454.656505782514,298.238977475782,3.53713940285596
9.84049517648499,492.00197353225,3.55762188065771
563.986998443088,47.2771279978203,4.29409828410122
71.6428721872978,379.506718348489,3.8590924545945
234.332456137262,415.239742586672,3.91352590232946
428.372050634975,15.609906090421,3.49199214363426
361.015650600118,294.719562583105,3.02166798571528
606.877674881522,99.3751147949206,4.25165839088689
395.102731391592,232.58744575357,4.17557829681212
576.326041457965,417.002684894937,4.69854724743181
144.321552074437,282.242607049534,4.19752805604769
204.287379378942,364.951098442674,4.10181606507345
126.119253284067,412.507183446212,3.45927182935549
626.188201193158,312.278466572141,4.59453148991966
2.9736250121943,145.171427682955,4.27119933578867
543.356002410331,201.820258861665,4.02976601564346
36.0526442066915,490.849473866987,2.96003741150916
278.380529069258,23.5838271778955,4.03749819905796
536.447302361694,390.601899753227,3.44906703384795
79.7369457570814,78.1654434802714,5.33831225020559
6.31618681541983,73.4523655599308,3.31885709434522
590.250377360096,226.051524860393,3.98011543114617
439.954202829029,460.083532000044,4.92977739350453
657.872005254406,373.246067467837,3.09215680757765
104.858384372917,490.162753730342,4.38158008109162
620.39408548676,92.2047053457272,4.05687317755913
420.424608645604,260.319181386035,3.59755185399047
12.914785738747,179.344447201494,3.17332256750686
65.4790590269498,122.552645038566,4.49984177483357
602.839032008769,205.968475585169,4.27044858669303
254.343785201985,218.27741449109,4.14530356081177
568.034749799468,434.25817941628,3.98953161805307
296.022264649479,136.627349074407,3.96695174112151
536.478239155067,464.001649272509,3.60791920666856
34.1964674145314,419.182856217796,3.84277385534488
187.099134632196,282.881075072744,3.95107659956527
547.566372564482,259.217920243282,3.83844626154154
173.556578647356,20.3867285134396,4.37747594407362
504.1841567328,337.567303725682,4.2191975246096
35.6116203829759,58.5891401403785,3.59966543565109
508.070228631373,152.188733492523,4.48473843391363
NA,NA,NA
660.111637390759,338.105130651073,3.53421842150222
454.656505782514,298.238977475782,3.53713940285596
9.84049517648499,492.00197353225,3.55762188065771
563.986998443088,47.2771279978203,4.29409828410122
71.6428721872978,379.506718348489,3.8590924545945
234.332456137262,415.239742586672,3.91352590232946
428.372050634975,15.609906090421,3.49199214363426
361.015650600118,294.719562583105,3.02166798571528
606.877674881522,99.3751147949206,4.25165839088689
395.102731391592,232.58744575357,4.17557829681212
576.326041457965,417.002684894937,4.69854724743181
144.321552074437,282.242607049534,4.19752805604769
204.287379378942,364.951098442674,4.10181606507345
126.119253284067,412.507183446212,3.45927182935549
626.188201193158,312.278466572141,4.59453148991966
2.9736250121943,145.171427682955,4.27119933578867
543.356002410331,201.820258861665,4.02976601564346
36.0526442066915,490.849473866987,2.96003741150916
278.380529069258,23.5838271778955,4.03749819905796
536.447302361694,390.601899753227,3.44906703384795
79.7369457570814,78.1654434802714,5.33831225020559
6.31618681541983,73.4523655599308,3.31885709434522
590.250377360096,226.051524860393,3.98011543114617
439.954202829029,460.083532000044,4.92977739350453
657.872005254406,373.246067467837,3.09215680757765
104.858384372917,490.162753730342,4.38158008109162
620.39408548676,92.2047053457272,4.05687317755913
420.424608645604,260.319181386035,3.59755185399047
12.914785738747,179.344447201494,3.17332256750686
65.4790590269498,122.552645038566,4.49984177483357
602.839032008769,205.968475585169,4.27044858669303
254.343785201985,218.27741449109,4.14530356081177
568.034749799468,434.25817941628,3.98953161805307
296.022264649479,136.627349074407,3.96695174112151
536.478239155067,464.001649272509,3.60791920666856
34.1964674145314,419.182856217796,3.84277385534488
187.099134632196,282.881075072744,3.95107659956527
547.566372564482,259.217920243282,3.83844626154154
173.556578647356,20.3867285134396,4.37747594407362
504.1841567328,337.567303725682,4.2191975246096
35.6116203829759,58.5891401403785,3.59966543565109
508.070228631373,152.188733492523,4.48473843391363
NA,NA,NA
660.111637390759,338.105130651073,3.53421842150222
454.656505782514,298.238977475782,3.53713940285596
9.84049517648499,492.00197353225,3.55762188065771
563.986998443088,47.2771279978203,4.29409828410122
71.6428721872978,379.506718348489,3.8590924545945
234.332456137262,415.239742586672,3.91352590232946
428.372050634975,15.609906090421,3.49199214363426
361.015650600118,294.719562583105,3.02166798571528
606.877674881522,99.3751147949206,4.25165839088689
395.102731391592,232.58744575357,4.17557829681212
576.326041457965,417.002684894937,4.69854724743181
144.321552074437,282.242607049534,4.19752805604769
204.287379378942,364.951098442674,4.10181606507345
126.119253284067,412.507183446212,3.45927182935549
626.188201193158,312.278466572141,4.59453148991966
2.9736250121943,145.171427682955,4.27119933578867
543.356002410331,201.820258861665,4.02976601564346
36.0526442066915,490.849473866987,2.96003741150916
278.380529069258,23.5838271778955,4.03749819905796
536.447302361694,390.601899753227,3.44906703384795
79.7369457570814,78.1654434802714,5.33831225020559
6.31618681541983,73.4523655599308,3.31885709434522
590.250377360096,226.051524860393,3.98011543114617
439.954202829029,460.083532000044,4.92977739350453
657.872005254406,373.246067467837,3.09215680757765
104.858384372917,490.162753730342,4.38158008109162
620.39408548676,92.2047053457272,4.05687317755913
420.424608645604,260.319181386035,3.59755185399047
12.914785738747,179.344447201494,3.17332256750686
65.4790590269498,122.552645038566,4.49984177483357
602.839032008769,205.968475585169,4.27044858669303
254.343785201985,218.27741449109,4.14530356081177
568.034749799468,434.25817941628,3.98953161805307
296.022264649479,136.627349074407,3.96695174112151
536.478239155067,464.001649272509,3.60791920666856
34.1964674145314,419.182856217796,3.84277385534488
187.099134632196,282.881075072744,3.95107659956527
547.566372564482,259.217920243282,3.83844626154154
173.556578647356,20.3867285134396,4.37747594407362
504.1841567328,337.567303725682,4.2191975246096
35.6116203829759,58.5891401403785,3.59966543565109
508.070228631373,152.188733492523,4.48473843391363
NA,NA,NA
660.111637390759,338.105130651073,3.53421842150222
454.656505782514,298.238977475782,3.53713940285596
9.84049517648499,492.00197353225,3.55762188065771
563.986998443088,47.2771279978203,4.29409828410122
71.6428721872978,379.506718348489,3.8590924545945
234.332456137262,415.239742586672,3.91352590232946
428.372050634975,15.609906090421,3.49199214363426
361.015650600118,294.719562583105,3.02166798571528
606.877674881522,99.3751147949206,4.25165839088689
395.102731391592,232.58744575357,4.17557829681212
576.326041457965,417.002684894937,4.69854724743181
144.321552074437,282.242607049534,4.19752805604769
204.287379378942,364.951098442674,4.10181606507345
126.119253284067,412.507183446212,3.45927182935549
626.188201193158,312.278466572141,4.59453148991966
2.9736250121943,145.171427682955,4.27119933578867
543.356002410331,201.820258861665,4.02976601564346
36.0526442066915,490.849473866987,2.96003741150916
278.380529069258,23.5838271778955,4.03749819905796
536.447302361694,390.601899753227,3.44906703384795
79.7369457570814,78.1654434802714,5.33831225020559
6.31618681541983,73.4523655599308,3.31885709434522
590.250377360096,226.051524860393,3.98011543114617
439.954202829029,460.083532000044,4.92977739350453
657.872005254406,373.246067467837,3.09215680757765
104.858384372917,490.162753730342,4.38158008109162
620.39408548676,92.2047053457272,4.05687317755913
420.424608645604,260.319181386035,3.59755185399047
12.914785738747,179.344447201494,3.17332256750686
65.4790590269498,122.552645038566,4.49984177483357
602.839032008769,205.968475585169,4.27044858669303
254.343785201985,218.27741449109,4.14530356081177
568.034749799468,434.25817941628,3.98953161805307
296.022264649479,136.627349074407,3.96695174112151
536.478239155067,464.001649272509,3.60791920666856
34.1964674145314,419.182856217796,3.84277385534488
187.099134632196,282.881075072744,3.95107659956527
547.566372564482,259.217920243282,3.83844626154154
173.556578647356,20.3867285134396,4.37747594407362
504.1841567328,337.567303725682,4.2191975246096
35.6116203829759,58.5891401403785,3.59966543565109
508.070228631373,152.188733492523,4.48473843391363
NA,NA,NA
660.111637390759,338.105130651073,3.53421842150222
454.656505782514,298.238977475782,3.53713940285596
9.84049517648499,492.00197353225,3.55762188065771
563.986998443088,47.2771279978203,4.29409828410122
71.6428721872978,379.506718348489,3.8590924545945
234.332456137262,415.239742586672,3.91352590232946
428.372050634975,15.609906090421,3.49199214363426
361.015650600118,294.719562583105,3.02166798571528
606.877674881522,99.3751147949206,4.25165839088689
395.102731391592,232.58744575357,4.17557829681212
576.326041457965,417.002684894937,4.69854724743181
144.321552074437,282.242607049534,4.19752805604769
204.287379378942,364.951098442674,4.10181606507345
126.119253284067,412.507183446212,3.45927182935549
626.188201193158,312.278466572141,4.59453148991966
2.9736250121943,145.171427682955,4.27119933578867
543.356002410331,201.820258861665,4.02976601564346
36.0526442066915,490.849473866987,2.96003741150916
278.380529069258,23.5838271778955,4.03749819905796
536.447302361694,390.601899753227,3.44906703384795
79.7369457570814,78.1654434802714,5.33831225020559
6.31618681541983,73.4523655599308,3.31885709434522
590.250377360096,226.051524860393,3.98011543114617
439.954202829029,460.083532000044,4.92977739350453
657.872005254406,373.246067467837,3.09215680757765
104.858384372917,490.162753730342,4.38158008109162
620.39408548676,92.2047053457272,4.05687317755913
420.424608645604,260.319181386035,3.59755185399047
12.914785738747,179.344447201494,3.17332256750686
65.4790590269498,122.552645038566,4.49984177483357
602.839032008769,205.968475585169,4.27044858669303
254.343785201985,218.27741449109,4.14530356081177
568.034749799468,434.25817941628,3.98953161805307
296.022264649479,136.627349074407,3.96695174112151
536.478239155067,464.001649272509,3.60791920666856
34.1964674145314,419.182856217796,3.84277385534488
187.099134632196,282.881075072744,3.95107659956527
547.566372564482,259.217920243282,3.83844626154154
173.556578647356,20.3867285134396,4.37747594407362
504.1841567328,337.567303725682,4.2191975246096
35.6116203829759,58.5891401403785,3.59966543565109
508.070228631373,152.188733492523,4.48473843391363
NA,NA,NA
660.111637390759,338.105130651073,3.53421842150222
454.656505782514,298.238977475782,3.53713940285596
9.84049517648499,492.00197353225,3.55762188065771
563.986998443088,47.2771279978203,4.29409828410122
71.6428721872978,379.506718348489,3.8590924545945
234.332456137262,415.239742586672,3.91352590232946
428.372050634975,15.609906090421,3.49199214363426
361.015650600118,294.719562583105,3.02166798571528
606.877674881522,99.3751147949206,4.25165839088689
395.102731391592,232.58744575357,4.17557829681212
576.326041457965,417.002684894937,4.69854724743181
144.321552074437,282.242607049534,4.19752805604769
204.287379378942,364.951098442674,4.10181606507345
126.119253284067,412.507183446212,3.45927182935549
626.188201193158,312.278466572141,4.59453148991966
2.9736250121943,145.171427682955,4.27119933578867
543.356002410331,201.820258861665,4.02976601564346
36.0526442066915,490.849473866987,2.96003741150916
278.380529069258,23.5838271778955,4.03749819905796
536.447302361694,390.601899753227,3.44906703384795
79.7369457570814,78.1654434802714,5.33831225020559
6.31618681541983,73.4523655599308,3.31885709434522
590.250377360096,226.051524860393,3.98011543114617
439.954202829029,460.083532000044,4.92977739350453
657.872005254406,373.246067467837,3.09215680757765
104.858384372917,490.162753730342,4.38158008109162
620.39408548676,92.2047053457272,4.05687317755913
420.424608645604,260.319181386035,3.59755185399047
12.914785738747,179.344447201494,3.17332256750686
65.4790590269498,122.552645038566,4.49984177483357
602.839032008769,205.968475585169,4.27044858669303
254.343785201985,218.27741449109,4.14530356081177
568.034749799468,434.25817941628,3.98953161805307
296.022264649479,136.627349074407,3.96695174112151
536.478239155067,464.001649272509,3.60791920666856
34.1964674145314,419.182856217796,3.84277385534488
187.099134632196,282.881075072744,3.95107659956527
547.566372564482,259.217920243282,3.83844626154154
173.556578647356,20.3867285134396,4.37747594407362
504.1841567328,337.567303725682,4.2191975246096
35.6116203829759,58.5891401403785,3.59966543565109
508.070228631373,152.188733492523,4.48473843391363
NA,NA,NA
666.451855277667,335.274822028661,3.50427822804407
455.742199196952,297.836083825853,3.68762158265454
9.73318240517559,495.795976833594,3.58724016003988
562.604715530816,48.744908130207,4.17002982866482
66.7759835009309,372.922944917463,3.98046706100295
230.01408853472,414.892343527814,3.90575155074156
427.641662613032,11.6899668467223,3.42857508956499
362.230230292341,290.154145661816,3.01469071566488
603.413690152438,108.456846280033,4.30642791330316
394.743136996795,229.741532280237,4.19077417009788
566.09010247339,406.537564507857,4.71744972707301
143.757444784014,279.232825902371,4.31449847370658
193.622148811531,367.14343500239,4.08770235254951
125.198205442092,411.209477283156,3.37410425630838
626.447847474675,314.636364290348,4.59193659224111
0.385076080211099,149.695116507685,4.22423568750671
540.221372292212,202.560202927503,4.05674330054597
35.1991552648174,491.277672580874,2.94684003356272
280.666322720795,19.8923615256043,3.78078984826657
532.063900697677,392.847512335206,3.40231087655064
77.5195848140286,84.5146823479702,5.24777423954872
3.58613587361765,74.4524722869145,3.66792827590077
588.027664157333,223.875102329472,4.04294326646822
444.853255083935,458.903089020544,4.72338731937455
659.367849689724,372.216529689548,3.04967031316708
104.440119945968,488.829651036255,4.3930097329737
628.692862286918,92.1642460004887,4.07885773666242
419.628593982043,258.91451861293,3.6986615433719
10.3827944817314,183.056707446796,3.28853524349192
53.111515031594,121.732584452913,4.6538631848151
606.884343420796,204.493460238047,3.98200127812741
262.584333414166,212.537467426499,3.88390942941999
572.314839823456,433.153953341784,3.68814333330628
298.324063710762,135.132865095109,3.97842603571061
532.026892072999,459.032246915908,3.70891785656828
46.0546352417834,428.147959886859,3.9172264253109
191.034583362171,301.990916619357,3.57497037969654
549.980678934635,265.376742897693,3.88736760367012
171.778430420424,22.178187396138,4.1571898332057
498.149984535039,342.621883101066,4.63859787751188
38.4491864967934,54.7149666879118,3.88749158819206
519.578591858647,160.335393114228,4.63970352374275
NA,NA,NA
666.451855277667,335.274822028661,3.50427822804407
455.742199196952,297.836083825853,3.68762158265454
9.73318240517559,495.795976833594,3.58724016003988
562.604715530816,48.744908130207,4.17002982866482
66.7759835009309,372.922944917463,3.98046706100295
230.01408853472,414.892343527814,3.90575155074156
427.641662613032,11.6899668467223,3.42857508956499
362.230230292341,290.154145661816,3.01469071566488
603.413690152438,108.456846280033,4.30642791330316
394.743136996795,229.741532280237,4.19077417009788
566.09010247339,406.537564507857,4.71744972707301
143.757444784014,279.232825902371,4.31449847370658
193.622148811531,367.14343500239,4.08770235254951
125.198205442092,411.209477283156,3.37410425630838
626.447847474675,314.636364290348,4.59193659224111
0.385076080211099,149.695116507685,4.22423568750671
540.221372292212,202.560202927503,4.05674330054597
35.1991552648174,491.277672580874,2.94684003356272
280.666322720795,19.8923615256043,3.78078984826657
532.063900697677,392.847512335206,3.40231087655064
77.5195848140286,84.5146823479702,5.24777423954872
3.58613587361765,74.4524722869145,3.66792827590077
588.027664157333,223.875102329472,4.04294326646822
444.853255083935,458.903089020544,4.72338731937455
659.367849689724,372.216529689548,3.04967031316708
104.440119945968,488.829651036255,4.3930097329737
628.692862286918,92.1642460004887,4.07885773666242
419.628593982043,258.91451861293,3.6986615433719
10.3827944817314,183.056707446796,3.28853524349192
53.111515031594,121.732584452913,4.6538631848151
606.884343420796,204.493460238047,3.98200127812741
262.584333414166,212.537467426499,3.88390942941999
572.314839823456,433.153953341784,3.68814333330628
298.324063710762,135.132865095109,3.97842603571061
532.026892072999,459.032246915908,3.70891785656828
46.0546352417834,428.147959886859,3.9172264253109
191.034583362171,301.990916619357,3.57497037969654
549.980678934635,265.376742897693,3.88736760367012
171.778430420424,22.178187396138,4.1571898332057
498.149984535039,342.621883101066,4.63859787751188
38.4491864967934,54.7149666879118,3.88749158819206
519.578591858647,160.335393114228,4.63970352374275
NA,NA,NA
666.451855277667,335.274822028661,3.50427822804407
455.742199196952,297.836083825853,3.68762158265454
9.73318240517559,495.795976833594,3.58724016003988
562.604715530816,48.744908130207,4.17002982866482
66.7759835009309,372.922944917463,3.98046706100295
230.01408853472,414.892343527814,3.90575155074156
427.641662613032,11.6899668467223,3.42857508956499
362.230230292341,290.154145661816,3.01469071566488
603.413690152438,108.456846280033,4.30642791330316
394.743136996795,229.741532280237,4.19077417009788
566.09010247339,406.537564507857,4.71744972707301
143.757444784014,279.232825902371,4.31449847370658
193.622148811531,367.14343500239,4.08770235254951
125.198205442092,411.209477283156,3.37410425630838
626.447847474675,314.636364290348,4.59193659224111
0.385076080211099,149.695116507685,4.22423568750671
540.221372292212,202.560202927503,4.05674330054597
35.1991552648174,491.277672580874,2.94684003356272
280.666322720795,19.8923615256043,3.78078984826657
532.063900697677,392.847512335206,3.40231087655064
77.5195848140286,84.5146823479702,5.24777423954872
3.58613587361765,74.4524722869145,3.66792827590077
588.027664157333,223.875102329472,4.04294326646822
444.853255083935,458.903089020544,4.72338731937455
659.367849689724,372.216529689548,3.04967031316708
104.440119945968,488.829651036255,4.3930097329737
628.692862286918,92.1642460004887,4.07885773666242
419.628593982043,258.91451861293,3.6986615433719
10.3827944817314,183.056707446796,3.28853524349192
53.111515031594,121.732584452913,4.6538631848151
606.884343420796,204.493460238047,3.98200127812741
262.584333414166,212.537467426499,3.88390942941999
572.314839823456,433.153953341784,3.68814333330628
298.324063710762,135.132865095109,3.97842603571061
532.026892072999,459.032246915908,3.70891785656828
46.0546352417834,428.147959886859,3.9172264253109
191.034583362171,301.990916619357,3.57497037969654
549.980678934635,265.376742897693,3.88736760367012
171.778430420424,22.178187396138,4.1571898332057
498.149984535039,342.621883101066,4.63859787751188
38.4491864967934,54.7149666879118,3.88749158819206
519.578591858647,160.335393114228,4.63970352374275
NA,NA,NA
666.451855277667,335.274822028661,3.50427822804407
455.742199196952,297.836083825853,3.68762158265454
9.73318240517559,495.795976833594,3.58724016003988
562.604715530816,48.744908130207,4.17002982866482
66.7759835009309,372.922944917463,3.98046706100295
230.01408853472,414.892343527814,3.90575155074156
427.641662613032,11.6899668467223,3.42857508956499
362.230230292341,290.154145661816,3.01469071566488
603.413690152438,108.456846280033,4.30642791330316
394.743136996795,229.741532280237,4.19077417009788
566.09010247339,406.537564507857,4.71744972707301
143.757444784014,279.232825902371,4.31449847370658
193.622148811531,367.14343500239,4.08770235254951
125.198205442092,411.209477283156,3.37410425630838
626.447847474675,314.636364290348,4.59193659224111
0.385076080211099,149.695116507685,4.22423568750671
540.221372292212,202.560202927503,4.05674330054597
35.1991552648174,491.277672580874,2.94684003356272
280.666322720795,19.8923615256043,3.78078984826657
532.063900697677,392.847512335206,3.40231087655064
77.5195848140286,84.5146823479702,5.24777423954872
3.58613587361765,74.4524722869145,3.66792827590077
588.027664157333,223.875102329472,4.04294326646822
444.853255083935,458.903089020544,4.72338731937455
659.367849689724,372.216529689548,3.04967031316708
104.440119945968,488.829651036255,4.3930097329737
628.692862286918,92.1642460004887,4.07885773666242
419.628593982043,258.91451861293,3.6986615433719
10.3827944817314,183.056707446796,3.28853524349192
53.111515031594,121.732584452913,4.6538631848151
606.884343420796,204.493460238047,3.98200127812741
262.584333414166,212.537467426499,3.88390942941999
572.314839823456,433.153953341784,3.68814333330628
298.324063710762,135.132865095109,3.97842603571061
532.026892072999,459.032246915908,3.70891785656828
46.0546352417834,428.147959886859,3.9172264253109
191.034583362171,301.990916619357,3.57497037969654
549.980678934635,265.376742897693,3.88736760367012
171.778430420424,22.178187396138,4.1571898332057
498.149984535039,342.621883101066,4.63859787751188
38.4491864967934,54.7149666879118,3.88749158819206
519.578591858647,160.335393114228,4.63970352374275
NA,NA,NA
666.451855277667,335.274822028661,3.50427822804407
455.742199196952,297.836083825853,3.68762158265454
9.73318240517559,495.795976833594,3.58724016003988
562.604715530816,48.744908130207,4.17002982866482
66.7759835009309,372.922944917463,3.98046706100295
230.01408853472,414.892343527814,3.90575155074156
427.641662613032,11.6899668467223,3.42857508956499
362.230230292341,290.154145661816,3.01469071566488
603.413690152438,108.456846280033,4.30642791330316
394.743136996795,229.741532280237,4.19077417009788
566.09010247339,406.537564507857,4.71744972707301
143.757444784014,279.232825902371,4.31449847370658
193.622148811531,367.14343500239,4.08770235254951
125.198205442092,411.209477283156,3.37410425630838
626.447847474675,314.636364290348,4.59193659224111
0.385076080211099,149.695116507685,4.22423568750671
540.221372292212,202.560202927503,4.05674330054597
35.1991552648174,491.277672580874,2.94684003356272
280.666322720795,19.8923615256043,3.78078984826657
532.063900697677,392.847512335206,3.40231087655064
77.5195848140286,84.5146823479702,5.24777423954872
3.58613587361765,74.4524722869145,3.66792827590077
588.027664157333,223.875102329472,4.04294326646822
444.853255083935,458.903089020544,4.72338731937455
659.367849689724,372.216529689548,3.04967031316708
104.440119945968,488.829651036255,4.3930097329737
628.692862286918,92.1642460004887,4.07885773666242
419.628593982043,258.91451861293,3.6986615433719
10.3827944817314,183.056707446796,3.28853524349192
53.111515031594,121.732584452913,4.6538631848151
606.884343420796,204.493460238047,3.98200127812741
262.584333414166,212.537467426499,3.88390942941999
572.314839823456,433.153953341784,3.68814333330628
298.324063710762,135.132865095109,3.97842603571061
532.026892072999,459.032246915908,3.70891785656828
46.0546352417834,428.147959886859,3.9172264253109
191.034583362171,301.990916619357,3.57497037969654
549.980678934635,265.376742897693,3.88736760367012
171.778430420424,22.178187396138,4.1571898332057
498.149984535039,342.621883101066,4.63859787751188
38.4491864967934,54.7149666879118,3.88749158819206
519.578591858647,160.335393114228,4.63970352374275
NA,NA,NA
666.451855277667,335.274822028661,3.50427822804407
455.742199196952,297.836083825853,3.68762158265454
9.73318240517559,495.795976833594,3.58724016003988
562.604715530816,48.744908130207,4.17002982866482
66.7759835009309,372.922944917463,3.98046706100295
230.01408853472,414.892343527814,3.90575155074156
427.641662613032,11.6899668467223,3.42857508956499
362.230230292341,290.154145661816,3.01469071566488
603.413690152438,108.456846280033,4.30642791330316
394.743136996795,229.741532280237,4.19077417009788
566.09010247339,406.537564507857,4.71744972707301
143.757444784014,279.232825902371,4.31449847370658
193.622148811531,367.14343500239,4.08770235254951
125.198205442092,411.209477283156,3.37410425630838
626.447847474675,314.636364290348,4.59193659224111
0.385076080211099,149.695116507685,4.22423568750671
540.221372292212,202.560202927503,4.05674330054597
35.1991552648174,491.277672580874,2.94684003356272
280.666322720795,19.8923615256043,3.78078984826657
532.063900697677,392.847512335206,3.40231087655064
77.5195848140286,84.5146823479702,5.24777423954872
3.58613587361765,74.4524722869145,3.66792827590077
588.027664157333,223.875102329472,4.04294326646822
444.853255083935,458.903089020544,4.72338731937455
659.367849689724,372.216529689548,3.04967031316708
104.440119945968,488.829651036255,4.3930097329737
628.692862286918,92.1642460004887,4.07885773666242
419.628593982043,258.91451861293,3.6986615433719
10.3827944817314,183.056707446796,3.28853524349192
53.111515031594,121.732584452913,4.6538631848151
606.884343420796,204.493460238047,3.98200127812741
262.584333414166,212.537467426499,3.88390942941999
572.314839823456,433.153953341784,3.68814333330628
298.324063710762,135.132865095109,3.97842603571061
532.026892072999,459.032246915908,3.70891785656828
46.0546352417834,428.147959886859,3.9172264253109
191.034583362171,301.990916619357,3.57497037969654
549.980678934635,265.376742897693,3.88736760367012
171.778430420424,22.178187396138,4.1571898332057
498.149984535039,342.621883101066,4.63859787751188
38.4491864967934,54.7149666879118,3.88749158819206
519.578591858647,160.335393114228,4.63970352374275
NA,NA,NA
663.402568118938,336.24510798564,3.55580584716352
459.423908010058,299.436866606447,3.80942577665001
8.3417170111852,491.403001468792,3.62302822793933
559.57063770396,51.1552502938659,4.18078897293099
75.4787279712282,375.663272732513,4.09718413130113
232.170924260712,412.687939450865,3.87522864561439
429.324863316931,12.8311506661057,3.24288470558786
359.491107427418,293.977428384416,3.15951203993642
608.048646298189,106.813758122743,4.29551557993155
390.419892565127,223.959787608098,4.21410278648616
565.473104517698,405.947169563127,4.65446508340999
144.144834907093,282.510102427492,4.66776695843941
196.789940808436,366.64832246777,4.02864556616835
122.424667525263,409.697581086163,3.51748170026714
627.955350509823,304.284851453857,4.5070189424135
0.7960414650372,146.018193406371,4.24095769863196
545.37635715413,200.346002490978,4.04204075223796
34.8997348427473,491.733002104621,2.93958627604882
278.136901548532,25.8767432425433,3.87281633060264
532.82666043543,389.234395880825,3.3401491640719
82.5632081724934,75.6731846384961,5.2675793922167
7.23159051499033,73.9629202514597,3.58442793136329
591.060553514059,230.909883993623,4.01512775670536
434.870247460595,459.484453255538,4.76170004664489
659.651428101737,375.993612354822,3.00628141034178
104.1684175257,487.818960792686,4.40319417247258
622.833880123377,90.3049978084775,4.01913297063243
423.631293580464,257.578858638659,3.59680497834053
10.0835573517623,182.309635211587,3.11183665975781
73.5185185242816,106.007696765868,4.66279198292396
615.549294389516,198.338006896858,3.96785051441145
248.313488962008,217.358808685331,3.76514904838579
581.962759572624,433.828412291163,3.84342094953481
302.69192280297,131.678535391084,3.96902917159917
526.895826340736,459.598888819891,3.66887931153765
40.8041000268122,429.113877659413,4.02109910341314
202.418347343387,287.459456301961,4.16229446074379
551.235175076331,261.814600641758,3.72205469249985
160.139025004768,22.2673181547382,3.92493495416306
499.552796259176,344.311672725013,4.37996344907222
51.6241798782417,45.3282902026001,3.95394406040336
530.371328900586,135.728386296773,4.68496516825065
NA,NA,NA
663.402568118938,336.24510798564,3.55580584716352
459.423908010058,299.436866606447,3.80942577665001
8.3417170111852,491.403001468792,3.62302822793933
559.57063770396,51.1552502938659,4.18078897293099
75.4787279712282,375.663272732513,4.09718413130113
232.170924260712,412.687939450865,3.87522864561439
429.324863316931,12.8311506661057,3.24288470558786
359.491107427418,293.977428384416,3.15951203993642
608.048646298189,106.813758122743,4.29551557993155
390.419892565127,223.959787608098,4.21410278648616
565.473104517698,405.947169563127,4.65446508340999
144.144834907093,282.510102427492,4.66776695843941
196.789940808436,366.64832246777,4.02864556616835
122.424667525263,409.697581086163,3.51748170026714
627.955350509823,304.284851453857,4.5070189424135
0.7960414650372,146.018193406371,4.24095769863196
545.37635715413,200.346002490978,4.04204075223796
34.8997348427473,491.733002104621,2.93958627604882
278.136901548532,25.8767432425433,3.87281633060264
532.82666043543,389.234395880825,3.3401491640719
82.5632081724934,75.6731846384961,5.2675793922167
7.23159051499033,73.9629202514597,3.58442793136329
591.060553514059,230.909883993623,4.01512775670536
434.870247460595,459.484453255538,4.76170004664489
659.651428101737,375.993612354822,3.00628141034178
104.1684175257,487.818960792686,4.40319417247258
622.833880123377,90.3049978084775,4.01913297063243
423.631293580464,257.578858638659,3.59680497834053
10.0835573517623,182.309635211587,3.11183665975781
73.5185185242816,106.007696765868,4.66279198292396
615.549294389516,198.338006896858,3.96785051441145
248.313488962008,217.358808685331,3.76514904838579
581.962759572624,433.828412291163,3.84342094953481
302.69192280297,131.678535391084,3.96902917159917
526.895826340736,459.598888819891,3.66887931153765
40.8041000268122,429.113877659413,4.02109910341314
202.418347343387,287.459456301961,4.16229446074379
551.235175076331,261.814600641758,3.72205469249985
160.139025004768,22.2673181547382,3.92493495416306
499.552796259176,344.311672725013,4.37996344907222
51.6241798782417,45.3282902026001,3.95394406040336
530.371328900586,135.728386296773,4.68496516825065
NA,NA,NA
663.402568118938,336.24510798564,3.55580584716352
459.423908010058,299.436866606447,3.80942577665001
8.3417170111852,491.403001468792,3.62302822793933
559.57063770396,51.1552502938659,4.18078897293099
75.4787279712282,375.663272732513,4.09718413130113
232.170924260712,412.687939450865,3.87522864561439
429.324863316931,12.8311506661057,3.24288470558786
359.491107427418,293.977428384416,3.15951203993642
608.048646298189,106.813758122743,4.29551557993155
390.419892565127,223.959787608098,4.21410278648616
565.473104517698,405.947169563127,4.65446508340999
144.144834907093,282.510102427492,4.66776695843941
196.789940808436,366.64832246777,4.02864556616835
122.424667525263,409.697581086163,3.51748170026714
627.955350509823,304.284851453857,4.5070189424135
0.7960414650372,146.018193406371,4.24095769863196
545.37635715413,200.346002490978,4.04204075223796
34.8997348427473,491.733002104621,2.93958627604882
278.136901548532,25.8767432425433,3.87281633060264
532.82666043543,389.234395880825,3.3401491640719
82.5632081724934,75.6731846384961,5.2675793922167
7.23159051499033,73.9629202514597,3.58442793136329
591.060553514059,230.909883993623,4.01512775670536
434.870247460595,459.484453255538,4.76170004664489
659.651428101737,375.993612354822,3.00628141034178
104.1684175257,487.818960792686,4.40319417247258
622.833880123377,90.3049978084775,4.01913297063243
423.631293580464,257.578858638659,3.59680497834053
10.0835573517623,182.309635211587,3.11183665975781
73.5185185242816,106.007696765868,4.66279198292396
615.549294389516,198.338006896858,3.96785051441145
248.313488962008,217.358808685331,3.76514904838579
581.962759572624,433.828412291163,3.84342094953481
302.69192280297,131.678535391084,3.96902917159917
526.895826340736,459.598888819891,3.66887931153765
40.8041000268122,429.113877659413,4.02109910341314
202.418347343387,287.459456301961,4.16229446074379
551.235175076331,261.814600641758,3.72205469249985
160.139025004768,22.2673181547382,3.92493495416306
499.552796259176,344.311672725013,4.37996344907222
51.6241798782417,45.3282902026001,3.95394406040336
530.371328900586,135.728386296773,4.68496516825065
NA,NA,NA
663.402568118938,336.24510798564,3.55580584716352
459.423908010058,299.436866606447,3.80942577665001
8.3417170111852,491.403001468792,3.62302822793933
559.57063770396,51.1552502938659,4.18078897293099
75.4787279712282,375.663272732513,4.09718413130113
232.170924260712,412.687939450865,3.87522864561439
429.324863316931,12.8311506661057,3.24288470558786
359.491107427418,293.977428384416,3.15951203993642
608.048646298189,106.813758122743,4.29551557993155
390.419892565127,223.959787608098,4.21410278648616
565.473104517698,405.947169563127,4.65446508340999
144.144834907093,282.510102427492,4.66776695843941
196.789940808436,366.64832246777,4.02864556616835
122.424667525263,409.697581086163,3.51748170026714
627.955350509823,304.284851453857,4.5070189424135
0.7960414650372,146.018193406371,4.24095769863196
545.37635715413,200.346002490978,4.04204075223796
34.8997348427473,491.733002104621,2.93958627604882
278.136901548532,25.8767432425433,3.87281633060264
532.82666043543,389.234395880825,3.3401491640719
82.5632081724934,75.6731846384961,5.2675793922167
7.23159051499033,73.9629202514597,3.58442793136329
591.060553514059,230.909883993623,4.01512775670536
434.870247460595,459.484453255538,4.76170004664489
659.651428101737,375.993612354822,3.00628141034178
104.1684175257,487.818960792686,4.40319417247258
622.833880123377,90.3049978084775,4.01913297063243
423.631293580464,257.578858638659,3.59680497834053
10.0835573517623,182.309635211587,3.11183665975781
73.5185185242816,106.007696765868,4.66279198292396
615.549294389516,198.338006896858,3.96785051441145
248.313488962008,217.358808685331,3.76514904838579
581.962759572624,433.828412291163,3.84342094953481
302.69192280297,131.678535391084,3.96902917159917
526.895826340736,459.598888819891,3.66887931153765
40.8041000268122,429.113877659413,4.02109910341314
202.418347343387,287.459456301961,4.16229446074379
551.235175076331,261.814600641758,3.72205469249985
160.139025004768,22.2673181547382,3.92493495416306
499.552796259176,344.311672725013,4.37996344907222
51.6241798782417,45.3282902026001,3.95394406040336
530.371328900586,135.728386296773,4.68496516825065
NA,NA,NA
663.402568118938,336.24510798564,3.55580584716352
459.423908010058,299.436866606447,3.80942577665001
8.3417170111852,491.403001468792,3.62302822793933
559.57063770396,51.1552502938659,4.18078897293099
75.4787279712282,375.663272732513,4.09718413130113
232.170924260712,412.687939450865,3.87522864561439
429.324863316931,12.8311506661057,3.24288470558786
359.491107427418,293.977428384416,3.15951203993642
608.048646298189,106.813758122743,4.29551557993155
390.419892565127,223.959787608098,4.21410278648616
565.473104517698,405.947169563127,4.65446508340999
144.144834907093,282.510102427492,4.66776695843941
196.789940808436,366.64832246777,4.02864556616835
122.424667525263,409.697581086163,3.51748170026714
627.955350509823,304.284851453857,4.5070189424135
0.7960414650372,146.018193406371,4.24095769863196
545.37635715413,200.346002490978,4.04204075223796
34.8997348427473,491.733002104621,2.93958627604882
278.136901548532,25.8767432425433,3.87281633060264
532.82666043543,389.234395880825,3.3401491640719
82.5632081724934,75.6731846384961,5.2675793922167
7.23159051499033,73.9629202514597,3.58442793136329
591.060553514059,230.909883993623,4.01512775670536
434.870247460595,459.484453255538,4.76170004664489
659.651428101737,375.993612354822,3.00628141034178
104.1684175257,487.818960792686,4.40319417247258
622.833880123377,90.3049978084775,4.01913297063243
423.631293580464,257.578858638659,3.59680497834053
10.0835573517623,182.309635211587,3.11183665975781
73.5185185242816,106.007696765868,4.66279198292396
615.549294389516,198.338006896858,3.96785051441145
248.313488962008,217.358808685331,3.76514904838579
581.962759572624,433.828412291163,3.84342094953481
302.69192280297,131.678535391084,3.96902917159917
526.895826340736,459.598888819891,3.66887931153765
40.8041000268122,429.113877659413,4.02109910341314
202.418347343387,287.459456301961,4.16229446074379
551.235175076331,261.814600641758,3.72205469249985
160.139025004768,22.2673181547382,3.92493495416306
499.552796259176,344.311672725013,4.37996344907222
51.6241798782417,45.3282902026001,3.95394406040336
530.371328900586,135.728386296773,4.68496516825065
NA,NA,NA
663.402568118938,336.24510798564,3.55580584716352
459.423908010058,299.436866606447,3.80942577665001
8.3417170111852,491.403001468792,3.62302822793933
559.57063770396,51.1552502938659,4.18078897293099
75.4787279712282,375.663272732513,4.09718413130113
232.170924260712,412.687939450865,3.87522864561439
429.324863316931,12.8311506661057,3.24288470558786
359.491107427418,293.977428384416,3.15951203993642
608.048646298189,106.813758122743,4.29551557993155
390.419892565127,223.959787608098,4.21410278648616
565.473104517698,405.947169563127,4.65446508340999
144.144834907093,282.510102427492,4.66776695843941
196.789940808436,366.64832246777,4.02864556616835
122.424667525263,409.697581086163,3.51748170026714
627.955350509823,304.284851453857,4.5070189424135
0.7960414650372,146.018193406371,4.24095769863196
545.37635715413,200.346002490978,4.04204075223796
34.8997348427473,491.733002104621,2.93958627604882
278.136901548532,25.8767432425433,3.87281633060264
532.82666043543,389.234395880825,3.3401491640719
82.5632081724934,75.6731846384961,5.2675793922167
7.23159051499033,73.9629202514597,3.58442793136329
591.060553514059,230.909883993623,4.01512775670536
434.870247460595,459.484453255538,4.76170004664489
659.651428101737,375.993612354822,3.00628141034178
104.1684175257,487.818960792686,4.40319417247258
622.833880123377,90.3049978084775,4.01913297063243
423.631293580464,257.578858638659,3.59680497834053
10.0835573517623,182.309635211587,3.11183665975781
73.5185185242816,106.007696765868,4.66279198292396
615.549294389516,198.338006896858,3.96785051441145
248.313488962008,217.358808685331,3.76514904838579
581.962759572624,433.828412291163,3.84342094953481
302.69192280297,131.678535391084,3.96902917159917
526.895826340736,459.598888819891,3.66887931153765
40.8041000268122,429.113877659413,4.02109910341314
202.418347343387,287.459456301961,4.16229446074379
551.235175076331,261.814600641758,3.72205469249985
160.139025004768,22.2673181547382,3.92493495416306
499.552796259176,344.311672725013,4.37996344907222
51.6241798782417,45.3282902026001,3.95394406040336
530.371328900586,135.728386296773,4.68496516825065
NA,NA,NA
663.094102399745,334.916033359833,3.44348843937195
456.572963879275,300.325094370449,3.73398667968361
12.5306427358082,495.576901718902,3.21949014663459
559.901647009613,49.8541801238818,4.27983525297938
69.497093110572,378.381663320971,3.87804878914494
232.639287827051,414.470829994835,3.9486413312786
428.451730365453,10.0688949787282,3.33022537365782
363.636900713828,292.047379222631,2.95223777637718
604.3830936258,111.444421770361,4.09728717395494
397.039500327267,229.828155410655,4.19420091922324
574.882236163155,403.735854633757,4.74933737630061
144.793426530903,282.661786093439,4.48814159618745
200.965476104518,369.415418357205,4.09005015315643
129.116691156088,412.358059810515,3.53590853026462
621.855496018704,317.510520707254,4.53911643810386
1.87170970057966,145.008769595974,4.28782016124342
538.259393248499,205.533682661552,4.1957762403045
34.6541565754024,491.507094749934,2.90269533453758
282.113221417235,21.8223920507539,3.87283181538149
533.530908409926,391.896650688379,3.29754532671804
79.5359075407267,71.0023165311091,5.20364106038871
6.10368711676871,75.3111196888093,3.39959462705306
584.674040624005,227.107111637788,4.07296922114539
439.963326896673,458.534779237079,4.62247219510883
658.088836697716,373.368778023256,3.00621156222576
108.047572908211,492.338570063089,4.44138407474832
627.562389322689,92.5092402090201,4.1093269917581
416.451780164483,263.446095512436,3.55815184480958
10.3954956291969,182.517043950248,3.35202613435094
62.8161796585679,127.675157032492,4.51873097139207
620.183817508751,213.86676378133,4.09389148059338
245.936092426484,225.822503374057,3.5657190244308
580.847235141136,432.227155378974,3.79004200389779
303.3651078118,132.390780984413,4.03334474628457
533.364743074413,461.235817271469,3.50011613570168
45.6976071421869,416.663177625117,4.03951628135112
191.733337967065,286.722132641685,4.13563453772243
550.434158310408,258.848820149663,3.79439103695725
162.38083987931,38.3647638643432,4.44370444143
503.370587988561,340.300070993077,4.6501826083809
42.2211900397172,54.0953142000046,3.85573715479596
553.521706804199,154.257576253331,4.66835051931314
NA,NA,NA
663.094102399745,334.916033359833,3.44348843937195
456.572963879275,300.325094370449,3.73398667968361
12.5306427358082,495.576901718902,3.21949014663459
559.901647009613,49.8541801238818,4.27983525297938
69.497093110572,378.381663320971,3.87804878914494
232.639287827051,414.470829994835,3.9486413312786
428.451730365453,10.0688949787282,3.33022537365782
363.636900713828,292.047379222631,2.95223777637718
604.3830936258,111.444421770361,4.09728717395494
397.039500327267,229.828155410655,4.19420091922324
574.882236163155,403.735854633757,4.74933737630061
144.793426530903,282.661786093439,4.48814159618745
200.965476104518,369.415418357205,4.09005015315643
129.116691156088,412.358059810515,3.53590853026462
621.855496018704,317.510520707254,4.53911643810386
1.87170970057966,145.008769595974,4.28782016124342
538.259393248499,205.533682661552,4.1957762403045
34.6541565754024,491.507094749934,2.90269533453758
282.113221417235,21.8223920507539,3.87283181538149
533.530908409926,391.896650688379,3.29754532671804
79.5359075407267,71.0023165311091,5.20364106038871
6.10368711676871,75.3111196888093,3.39959462705306
584.674040624005,227.107111637788,4.07296922114539
439.963326896673,458.534779237079,4.62247219510883
658.088836697716,373.368778023256,3.00621156222576
108.047572908211,492.338570063089,4.44138407474832
627.562389322689,92.5092402090201,4.1093269917581
416.451780164483,263.446095512436,3.55815184480958
10.3954956291969,182.517043950248,3.35202613435094
62.8161796585679,127.675157032492,4.51873097139207
620.183817508751,213.86676378133,4.09389148059338
245.936092426484,225.822503374057,3.5657190244308
580.847235141136,432.227155378974,3.79004200389779
303.3651078118,132.390780984413,4.03334474628457
533.364743074413,461.235817271469,3.50011613570168
45.6976071421869,416.663177625117,4.03951628135112
191.733337967065,286.722132641685,4.13563453772243
550.434158310408,258.848820149663,3.79439103695725
162.38083987931,38.3647638643432,4.44370444143
503.370587988561,340.300070993077,4.6501826083809
42.2211900397172,54.0953142000046,3.85573715479596
553.521706804199,154.257576253331,4.66835051931314
NA,NA,NA
663.094102399745,334.916033359833,3.44348843937195
456.572963879275,300.325094370449,3.73398667968361
12.5306427358082,495.576901718902,3.21949014663459
559.901647009613,49.8541801238818,4.27983525297938
69.497093110572,378.381663320971,3.87804878914494
232.639287827051,414.470829994835,3.9486413312786
428.451730365453,10.0688949787282,3.33022537365782
363.636900713828,292.047379222631,2.95223777637718
604.3830936258,111.444421770361,4.09728717395494
397.039500327267,229.828155410655,4.19420091922324
574.882236163155,403.735854633757,4.74933737630061
144.793426530903,282.661786093439,4.48814159618745
200.965476104518,369.415418357205,4.09005015315643
129.116691156088,412.358059810515,3.53590853026462
621.855496018704,317.510520707254,4.53911643810386
1.87170970057966,145.008769595974,4.28782016124342
538.259393248499,205.533682661552,4.1957762403045
34.6541565754024,491.507094749934,2.90269533453758
282.113221417235,21.8223920507539,3.87283181538149
533.530908409926,391.896650688379,3.29754532671804
79.5359075407267,71.0023165311091,5.20364106038871
6.10368711676871,75.3111196888093,3.39959462705306
584.674040624005,227.107111637788,4.07296922114539
439.963326896673,458.534779237079,4.62247219510883
658.088836697716,373.368778023256,3.00621156222576
108.047572908211,492.338570063089,4.44138407474832
627.562389322689,92.5092402090201,4.1093269917581
416.451780164483,263.446095512436,3.55815184480958
10.3954956291969,182.517043950248,3.35202613435094
62.8161796585679,127.675157032492,4.51873097139207
620.183817508751,213.86676378133,4.09389148059338
245.936092426484,225.822503374057,3.5657190244308
580.847235141136,432.227155378974,3.79004200389779
303.3651078118,132.390780984413,4.03334474628457
533.364743074413,461.235817271469,3.50011613570168
45.6976071421869,416.663177625117,4.03951628135112
191.733337967065,286.722132641685,4.13563453772243
550.434158310408,258.848820149663,3.79439103695725
162.38083987931,38.3647638643432,4.44370444143
503.370587988561,340.300070993077,4.6501826083809
42.2211900397172,54.0953142000046,3.85573715479596
553.521706804199,154.257576253331,4.66835051931314
NA,NA,NA
663.094102399745,334.916033359833,3.44348843937195
456.572963879275,300.325094370449,3.73398667968361
12.5306427358082,495.576901718902,3.21949014663459
559.901647009613,49.8541801238818,4.27983525297938
69.497093110572,378.381663320971,3.87804878914494
232.639287827051,414.470829994835,3.9486413312786
428.451730365453,10.0688949787282,3.33022537365782
363.636900713828,292.047379222631,2.95223777637718
604.3830936258,111.444421770361,4.09728717395494
397.039500327267,229.828155410655,4.19420091922324
574.882236163155,403.735854633757,4.74933737630061
144.793426530903,282.661786093439,4.48814159618745
200.965476104518,369.415418357205,4.09005015315643
129.116691156088,412.358059810515,3.53590853026462
621.855496018704,317.510520707254,4.53911643810386
1.87170970057966,145.008769595974,4.28782016124342
538.259393248499,205.533682661552,4.1957762403045
34.6541565754024,491.507094749934,2.90269533453758
282.113221417235,21.8223920507539,3.87283181538149
533.530908409926,391.896650688379,3.29754532671804
79.5359075407267,71.0023165311091,5.20364106038871
6.10368711676871,75.3111196888093,3.39959462705306
584.674040624005,227.107111637788,4.07296922114539
439.963326896673,458.534779237079,4.62247219510883
658.088836697716,373.368778023256,3.00621156222576
108.047572908211,492.338570063089,4.44138407474832
627.562389322689,92.5092402090201,4.1093269917581
416.451780164483,263.446095512436,3.55815184480958
10.3954956291969,182.517043950248,3.35202613435094
62.8161796585679,127.675157032492,4.51873097139207
620.183817508751,213.86676378133,4.09389148059338
245.936092426484,225.822503374057,3.5657190244308
580.847235141136,432.227155378974,3.79004200389779
303.3651078118,132.390780984413,4.03334474628457
533.364743074413,461.235817271469,3.50011613570168
45.6976071421869,416.663177625117,4.03951628135112
191.733337967065,286.722132641685,4.13563453772243
550.434158310408,258.848820149663,3.79439103695725
162.38083987931,38.3647638643432,4.44370444143
503.370587988561,340.300070993077,4.6501826083809
42.2211900397172,54.0953142000046,3.85573715479596
553.521706804199,154.257576253331,4.66835051931314
NA,NA,NA
663.094102399745,334.916033359833,3.44348843937195
456.572963879275,300.325094370449,3.73398667968361
12.5306427358082,495.576901718902,3.21949014663459
559.901647009613,49.8541801238818,4.27983525297938
69.497093110572,378.381663320971,3.87804878914494
232.639287827051,414.470829994835,3.9486413312786
428.451730365453,10.0688949787282,3.33022537365782
363.636900713828,292.047379222631,2.95223777637718
604.3830936258,111.444421770361,4.09728717395494
397.039500327267,229.828155410655,4.19420091922324
574.882236163155,403.735854633757,4.74933737630061
144.793426530903,282.661786093439,4.48814159618745
200.965476104518,369.415418357205,4.09005015315643
129.116691156088,412.358059810515,3.53590853026462
621.855496018704,317.510520707254,4.53911643810386
1.87170970057966,145.008769595974,4.28782016124342
538.259393248499,205.533682661552,4.1957762403045
34.6541565754024,491.507094749934,2.90269533453758
282.113221417235,21.8223920507539,3.87283181538149
533.530908409926,391.896650688379,3.29754532671804
79.5359075407267,71.0023165311091,5.20364106038871
6.10368711676871,75.3111196888093,3.39959462705306
584.674040624005,227.107111637788,4.07296922114539
439.963326896673,458.534779237079,4.62247219510883
658.088836697716,373.368778023256,3.00621156222576
108.047572908211,492.338570063089,4.44138407474832
627.562389322689,92.5092402090201,4.1093269917581
416.451780164483,263.446095512436,3.55815184480958
10.3954956291969,182.517043950248,3.35202613435094
62.8161796585679,127.675157032492,4.51873097139207
620.183817508751,213.86676378133,4.09389148059338
245.936092426484,225.822503374057,3.5657190244308
580.847235141136,432.227155378974,3.79004200389779
303.3651078118,132.390780984413,4.03334474628457
533.364743074413,461.235817271469,3.50011613570168
45.6976071421869,416.663177625117,4.03951628135112
191.733337967065,286.722132641685,4.13563453772243
550.434158310408,258.848820149663,3.79439103695725
162.38083987931,38.3647638643432,4.44370444143
503.370587988561,340.300070993077,4.6501826083809
42.2211900397172,54.0953142000046,3.85573715479596
553.521706804199,154.257576253331,4.66835051931314
NA,NA,NA
663.094102399745,334.916033359833,3.44348843937195
456.572963879275,300.325094370449,3.73398667968361
12.5306427358082,495.576901718902,3.21949014663459
559.901647009613,49.8541801238818,4.27983525297938
69.497093110572,378.381663320971,3.87804878914494
232.639287827051,414.470829994835,3.9486413312786
428.451730365453,10.0688949787282,3.33022537365782
363.636900713828,292.047379222631,2.95223777637718
604.3830936258,111.444421770361,4.09728717395494
397.039500327267,229.828155410655,4.19420091922324
574.882236163155,403.735854633757,4.74933737630061
144.793426530903,282.661786093439,4.48814159618745
200.965476104518,369.415418357205,4.09005015315643
129.116691156088,412.358059810515,3.53590853026462
621.855496018704,317.510520707254,4.53911643810386
1.87170970057966,145.008769595974,4.28782016124342
538.259393248499,205.533682661552,4.1957762403045
34.6541565754024,491.507094749934,2.90269533453758
282.113221417235,21.8223920507539,3.87283181538149
533.530908409926,391.896650688379,3.29754532671804
79.5359075407267,71.0023165311091,5.20364106038871
6.10368711676871,75.3111196888093,3.39959462705306
584.674040624005,227.107111637788,4.07296922114539
439.963326896673,458.534779237079,4.62247219510883
658.088836697716,373.368778023256,3.00621156222576
108.047572908211,492.338570063089,4.44138407474832
627.562389322689,92.5092402090201,4.1093269917581
416.451780164483,263.446095512436,3.55815184480958
10.3954956291969,182.517043950248,3.35202613435094
62.8161796585679,127.675157032492,4.51873097139207
620.183817508751,213.86676378133,4.09389148059338
245.936092426484,225.822503374057,3.5657190244308
580.847235141136,432.227155378974,3.79004200389779
303.3651078118,132.390780984413,4.03334474628457
533.364743074413,461.235817271469,3.50011613570168
45.6976071421869,416.663177625117,4.03951628135112
191.733337967065,286.722132641685,4.13563453772243
550.434158310408,258.848820149663,3.79439103695725
162.38083987931,38.3647638643432,4.44370444143
503.370587988561,340.300070993077,4.6501826083809
42.2211900397172,54.0953142000046,3.85573715479596
553.521706804199,154.257576253331,4.66835051931314
NA,NA,NA
663.414071261212,335.975246234962,3.35393094794049
457.745421519211,295.580989992716,3.69896093413138
11.5213459289753,496.872004973892,3.45598905641438
567.297728001758,53.0103067766601,4.0753643247241
69.5337562758885,376.973055994742,3.88442641910611
232.025583258567,413.778264718341,3.82174113145345
427.613785649559,10.6822510472827,3.27805823465347
363.38565732435,294.15069602298,3.0534243666661
601.685574480296,107.277893651107,4.22001549909337
393.722215830551,229.771883917302,4.1969399507106
574.702260754275,405.31938772735,4.70386344097848
143.052976623326,282.98432908162,4.51621893929156
200.805886763338,374.461021810805,3.99855084073001
123.725877321029,413.579607497658,3.37457782226507
627.566620362865,306.518720790807,4.50200362755674
1.3473214949278,147.867639882346,4.28658557869185
543.072217866817,206.365282595494,4.26329403714212
33.0147164382562,495.35689597442,3.10988708751539
280.386884966482,20.6986218647335,3.84368761250187
528.92418930912,392.558592098214,3.25901045488659
69.7639009917666,84.3994671403703,5.30980488984767
4.91289954645374,75.0072155174638,3.45419432062694
591.106384510037,228.273343126043,3.99937877933599
443.106827762916,465.370728515145,4.79059741221382
657.726242096749,375.034463935425,2.84071216008264
105.710744169701,485.176853744999,4.49283742443538
626.137140355162,91.6764142972617,4.06209212977005
418.790721512958,260.802537405402,3.63293707308513
8.99494050779245,182.217292604111,3.25714322357882
71.8536485512153,127.83741262862,4.70740398846805
599.711568207588,205.106518969559,4.28599248032588
254.463057254629,213.345068986529,3.65886986986542
575.877975649922,439.136391849887,3.90733634522602
301.568949133328,140.512093078991,3.87722041231865
538.679478360168,455.987355919992,3.58741408950137
45.2480148452491,418.180779761673,3.60371734694028
195.001907311045,292.956794701863,4.25857163187015
551.139681077414,260.057367200198,3.49376036798407
172.569788829491,44.1817125356213,4.31685025957664
500.672931474801,348.797381499933,4.76965059488181
43.8411241562592,45.6334925817016,3.37111928701388
531.286166017407,147.074033626391,4.49264364986937
NA,NA,NA
663.414071261212,335.975246234962,3.35393094794049
457.745421519211,295.580989992716,3.69896093413138
11.5213459289753,496.872004973892,3.45598905641438
567.297728001758,53.0103067766601,4.0753643247241
69.5337562758885,376.973055994742,3.88442641910611
232.025583258567,413.778264718341,3.82174113145345
427.613785649559,10.6822510472827,3.27805823465347
363.38565732435,294.15069602298,3.0534243666661
601.685574480296,107.277893651107,4.22001549909337
393.722215830551,229.771883917302,4.1969399507106
574.702260754275,405.31938772735,4.70386344097848
143.052976623326,282.98432908162,4.51621893929156
200.805886763338,374.461021810805,3.99855084073001
123.725877321029,413.579607497658,3.37457782226507
627.566620362865,306.518720790807,4.50200362755674
1.3473214949278,147.867639882346,4.28658557869185
543.072217866817,206.365282595494,4.26329403714212
33.0147164382562,495.35689597442,3.10988708751539
280.386884966482,20.6986218647335,3.84368761250187
528.92418930912,392.558592098214,3.25901045488659
69.7639009917666,84.3994671403703,5.30980488984767
4.91289954645374,75.0072155174638,3.45419432062694
591.106384510037,228.273343126043,3.99937877933599
443.106827762916,465.370728515145,4.79059741221382
657.726242096749,375.034463935425,2.84071216008264
105.710744169701,485.176853744999,4.49283742443538
626.137140355162,91.6764142972617,4.06209212977005
418.790721512958,260.802537405402,3.63293707308513
8.99494050779245,182.217292604111,3.25714322357882
71.8536485512153,127.83741262862,4.70740398846805
599.711568207588,205.106518969559,4.28599248032588
254.463057254629,213.345068986529,3.65886986986542
575.877975649922,439.136391849887,3.90733634522602
301.568949133328,140.512093078991,3.87722041231865
538.679478360168,455.987355919992,3.58741408950137
45.2480148452491,418.180779761673,3.60371734694028
195.001907311045,292.956794701863,4.25857163187015
551.139681077414,260.057367200198,3.49376036798407
172.569788829491,44.1817125356213,4.31685025957664
500.672931474801,348.797381499933,4.76965059488181
43.8411241562592,45.6334925817016,3.37111928701388
531.286166017407,147.074033626391,4.49264364986937
NA,NA,NA
663.414071261212,335.975246234962,3.35393094794049
457.745421519211,295.580989992716,3.69896093413138
11.5213459289753,496.872004973892,3.45598905641438
567.297728001758,53.0103067766601,4.0753643247241
69.5337562758885,376.973055994742,3.88442641910611
232.025583258567,413.778264718341,3.82174113145345
427.613785649559,10.6822510472827,3.27805823465347
363.38565732435,294.15069602298,3.0534243666661
601.685574480296,107.277893651107,4.22001549909337
393.722215830551,229.771883917302,4.1969399507106
574.702260754275,405.31938772735,4.70386344097848
143.052976623326,282.98432908162,4.51621893929156
200.805886763338,374.461021810805,3.99855084073001
123.725877321029,413.579607497658,3.37457782226507
627.566620362865,306.518720790807,4.50200362755674
1.3473214949278,147.867639882346,4.28658557869185
543.072217866817,206.365282595494,4.26329403714212
33.0147164382562,495.35689597442,3.10988708751539
280.386884966482,20.6986218647335,3.84368761250187
528.92418930912,392.558592098214,3.25901045488659
69.7639009917666,84.3994671403703,5.30980488984767
4.91289954645374,75.0072155174638,3.45419432062694
591.106384510037,228.273343126043,3.99937877933599
443.106827762916,465.370728515145,4.79059741221382
657.726242096749,375.034463935425,2.84071216008264
105.710744169701,485.176853744999,4.49283742443538
626.137140355162,91.6764142972617,4.06209212977005
418.790721512958,260.802537405402,3.63293707308513
8.99494050779245,182.217292604111,3.25714322357882
71.8536485512153,127.83741262862,4.70740398846805
599.711568207588,205.106518969559,4.28599248032588
254.463057254629,213.345068986529,3.65886986986542
575.877975649922,439.136391849887,3.90733634522602
301.568949133328,140.512093078991,3.87722041231865
538.679478360168,455.987355919992,3.58741408950137
45.2480148452491,418.180779761673,3.60371734694028
195.001907311045,292.956794701863,4.25857163187015
551.139681077414,260.057367200198,3.49376036798407
172.569788829491,44.1817125356213,4.31685025957664
500.672931474801,348.797381499933,4.76965059488181
43.8411241562592,45.6334925817016,3.37111928701388
531.286166017407,147.074033626391,4.49264364986937
NA,NA,NA
663.414071261212,335.975246234962,3.35393094794049
457.745421519211,295.580989992716,3.69896093413138
11.5213459289753,496.872004973892,3.45598905641438
567.297728001758,53.0103067766601,4.0753643247241
69.5337562758885,376.973055994742,3.88442641910611
232.025583258567,413.778264718341,3.82174113145345
427.613785649559,10.6822510472827,3.27805823465347
363.38565732435,294.15069602298,3.0534243666661
601.685574480296,107.277893651107,4.22001549909337
393.722215830551,229.771883917302,4.1969399507106
574.702260754275,405.31938772735,4.70386344097848
143.052976623326,282.98432908162,4.51621893929156
200.805886763338,374.461021810805,3.99855084073001
123.725877321029,413.579607497658,3.37457782226507
627.566620362865,306.518720790807,4.50200362755674
1.3473214949278,147.867639882346,4.28658557869185
543.072217866817,206.365282595494,4.26329403714212
33.0147164382562,495.35689597442,3.10988708751539
280.386884966482,20.6986218647335,3.84368761250187
528.92418930912,392.558592098214,3.25901045488659
69.7639009917666,84.3994671403703,5.30980488984767
4.91289954645374,75.0072155174638,3.45419432062694
591.106384510037,228.273343126043,3.99937877933599
443.106827762916,465.370728515145,4.79059741221382
657.726242096749,375.034463935425,2.84071216008264
105.710744169701,485.176853744999,4.49283742443538
626.137140355162,91.6764142972617,4.06209212977005
418.790721512958,260.802537405402,3.63293707308513
8.99494050779245,182.217292604111,3.25714322357882
71.8536485512153,127.83741262862,4.70740398846805
599.711568207588,205.106518969559,4.28599248032588
254.463057254629,213.345068986529,3.65886986986542
575.877975649922,439.136391849887,3.90733634522602
301.568949133328,140.512093078991,3.87722041231865
538.679478360168,455.987355919992,3.58741408950137
45.2480148452491,418.180779761673,3.60371734694028
195.001907311045,292.956794701863,4.25857163187015
551.139681077414,260.057367200198,3.49376036798407
172.569788829491,44.1817125356213,4.31685025957664
500.672931474801,348.797381499933,4.76965059488181
43.8411241562592,45.6334925817016,3.37111928701388
531.286166017407,147.074033626391,4.49264364986937
NA,NA,NA
663.414071261212,335.975246234962,3.35393094794049
457.745421519211,295.580989992716,3.69896093413138
11.5213459289753,496.872004973892,3.45598905641438
567.297728001758,53.0103067766601,4.0753643247241
69.5337562758885,376.973055994742,3.88442641910611
232.025583258567,413.778264718341,3.82174113145345
427.613785649559,10.6822510472827,3.27805823465347
363.38565732435,294.15069602298,3.0534243666661
601.685574480296,107.277893651107,4.22001549909337
393.722215830551,229.771883917302,4.1969399507106
574.702260754275,405.31938772735,4.70386344097848
143.052976623326,282.98432908162,4.51621893929156
200.805886763338,374.461021810805,3.99855084073001
123.725877321029,413.579607497658,3.37457782226507
627.566620362865,306.518720790807,4.50200362755674
1.3473214949278,147.867639882346,4.28658557869185
543.072217866817,206.365282595494,4.26329403714212
33.0147164382562,495.35689597442,3.10988708751539
280.386884966482,20.6986218647335,3.84368761250187
528.92418930912,392.558592098214,3.25901045488659
69.7639009917666,84.3994671403703,5.30980488984767
4.91289954645374,75.0072155174638,3.45419432062694
591.106384510037,228.273343126043,3.99937877933599
443.106827762916,465.370728515145,4.79059741221382
657.726242096749,375.034463935425,2.84071216008264
105.710744169701,485.176853744999,4.49283742443538
626.137140355162,91.6764142972617,4.06209212977005
418.790721512958,260.802537405402,3.63293707308513
8.99494050779245,182.217292604111,3.25714322357882
71.8536485512153,127.83741262862,4.70740398846805
599.711568207588,205.106518969559,4.28599248032588
254.463057254629,213.345068986529,3.65886986986542
575.877975649922,439.136391849887,3.90733634522602
301.568949133328,140.512093078991,3.87722041231865
538.679478360168,455.987355919992,3.58741408950137
45.2480148452491,418.180779761673,3.60371734694028
195.001907311045,292.956794701863,4.25857163187015
551.139681077414,260.057367200198,3.49376036798407
172.569788829491,44.1817125356213,4.31685025957664
500.672931474801,348.797381499933,4.76965059488181
43.8411241562592,45.6334925817016,3.37111928701388
531.286166017407,147.074033626391,4.49264364986937
NA,NA,NA
663.414071261212,335.975246234962,3.35393094794049
457.745421519211,295.580989992716,3.69896093413138
11.5213459289753,496.872004973892,3.45598905641438
567.297728001758,53.0103067766601,4.0753643247241
69.5337562758885,376.973055994742,3.88442641910611
232.025583258567,413.778264718341,3.82174113145345
427.613785649559,10.6822510472827,3.27805823465347
363.38565732435,294.15069602298,3.0534243666661
601.685574480296,107.277893651107,4.22001549909337
393.722215830551,229.771883917302,4.1969399507106
574.702260754275,405.31938772735,4.70386344097848
143.052976623326,282.98432908162,4.51621893929156
200.805886763338,374.461021810805,3.99855084073001
123.725877321029,413.579607497658,3.37457782226507
627.566620362865,306.518720790807,4.50200362755674
1.3473214949278,147.867639882346,4.28658557869185
543.072217866817,206.365282595494,4.26329403714212
33.0147164382562,495.35689597442,3.10988708751539
280.386884966482,20.6986218647335,3.84368761250187
528.92418930912,392.558592098214,3.25901045488659
69.7639009917666,84.3994671403703,5.30980488984767
4.91289954645374,75.0072155174638,3.45419432062694
591.106384510037,228.273343126043,3.99937877933599
443.106827762916,465.370728515145,4.79059741221382
657.726242096749,375.034463935425,2.84071216008264
105.710744169701,485.176853744999,4.49283742443538
626.137140355162,91.6764142972617,4.06209212977005
418.790721512958,260.802537405402,3.63293707308513
8.99494050779245,182.217292604111,3.25714322357882
71.8536485512153,127.83741262862,4.70740398846805
599.711568207588,205.106518969559,4.28599248032588
254.463057254629,213.345068986529,3.65886986986542
575.877975649922,439.136391849887,3.90733634522602
301.568949133328,140.512093078991,3.87722041231865
538.679478360168,455.987355919992,3.58741408950137
45.2480148452491,418.180779761673,3.60371734694028
195.001907311045,292.956794701863,4.25857163187015
551.139681077414,260.057367200198,3.49376036798407
172.569788829491,44.1817125356213,4.31685025957664
500.672931474801,348.797381499933,4.76965059488181
43.8411241562592,45.6334925817016,3.37111928701388
531.286166017407,147.074033626391,4.49264364986937
NA,NA,NA
661.118679290953,333.064802267203,3.48100092985152
455.874805883339,296.417895650651,3.70269292011609
12.764626801363,496.049328577036,3.76486836097201
559.924443795187,55.8018537668038,4.18359372618362
72.446544362948,371.224243163158,3.98034461849508
230.241719830216,409.164963758654,3.9602940138136
428.847151527402,10.4892346824757,3.31494528451867
362.779588007589,294.822617279737,2.99262242523242
605.91247612131,102.723158253739,4.28070640341397
390.875272056099,227.785519864433,4.15400382641387
573.801102901763,403.234869784446,4.76745739034607
128.481012601071,282.165764514786,4.6540900158574
200.158736681294,365.37079775446,3.98068351633332
121.714777987952,411.167605882197,3.37158593947823
624.273570354145,309.984981168266,4.49398003976284
2.63820390469583,147.476602892945,4.2717815865645
538.640884318067,208.042926408375,4.21740346672354
34.3861593065403,492.032237948346,2.93486470146586
280.97722379533,23.4757717175996,3.89326234152427
535.954782171124,392.990312988303,3.49393841961472
74.2397917219662,73.2312847506881,5.26371504784866
4.83243285443903,76.4243191693704,3.5256217301834
589.07519365593,231.191514651525,4.01202961176526
437.294370966628,455.966831720488,4.70766225798708
657.579591909014,372.864778509859,2.96769120741746
107.760339359125,486.270136624475,4.24152272372057
621.411303362862,89.3773319958551,4.11776076117759
419.130649840121,260.264199162549,3.59990991299028
11.7704685725878,181.841595316269,3.24764973321983
56.1572239851456,120.973447770892,4.54840386588031
602.121794973776,198.508990797749,4.03103535134768
264.398728630929,217.498767256182,3.75710944360543
571.621351699225,425.988319180203,3.76894884744677
296.804536404262,136.779455341039,3.84498116353196
521.045390645181,460.794005799017,3.68412499950381
40.1385799444475,423.506270946789,3.95476915199121
193.985228654367,303.581608901323,4.2058054097488
549.820023841468,265.972630562877,3.74178242114362
157.212638046806,28.1439785454439,4.5881192711459
496.909899729986,340.935953248449,4.56554559108285
49.6854556865806,51.1491481481952,3.77938715705509
526.462128658387,144.788006083261,4.98898613712369
NA,NA,NA
661.118679290953,333.064802267203,3.48100092985152
455.874805883339,296.417895650651,3.70269292011609
12.764626801363,496.049328577036,3.76486836097201
559.924443795187,55.8018537668038,4.18359372618362
72.446544362948,371.224243163158,3.98034461849508
230.241719830216,409.164963758654,3.9602940138136
428.847151527402,10.4892346824757,3.31494528451867
362.779588007589,294.822617279737,2.99262242523242
605.91247612131,102.723158253739,4.28070640341397
390.875272056099,227.785519864433,4.15400382641387
573.801102901763,403.234869784446,4.76745739034607
128.481012601071,282.165764514786,4.6540900158574
200.158736681294,365.37079775446,3.98068351633332
121.714777987952,411.167605882197,3.37158593947823
624.273570354145,309.984981168266,4.49398003976284
2.63820390469583,147.476602892945,4.2717815865645
538.640884318067,208.042926408375,4.21740346672354
34.3861593065403,492.032237948346,2.93486470146586
280.97722379533,23.4757717175996,3.89326234152427
535.954782171124,392.990312988303,3.49393841961472
74.2397917219662,73.2312847506881,5.26371504784866
4.83243285443903,76.4243191693704,3.5256217301834
589.07519365593,231.191514651525,4.01202961176526
437.294370966628,455.966831720488,4.70766225798708
657.579591909014,372.864778509859,2.96769120741746
107.760339359125,486.270136624475,4.24152272372057
621.411303362862,89.3773319958551,4.11776076117759
419.130649840121,260.264199162549,3.59990991299028
11.7704685725878,181.841595316269,3.24764973321983
56.1572239851456,120.973447770892,4.54840386588031
602.121794973776,198.508990797749,4.03103535134768
264.398728630929,217.498767256182,3.75710944360543
571.621351699225,425.988319180203,3.76894884744677
296.804536404262,136.779455341039,3.84498116353196
521.045390645181,460.794005799017,3.68412499950381
40.1385799444475,423.506270946789,3.95476915199121
193.985228654367,303.581608901323,4.2058054097488
549.820023841468,265.972630562877,3.74178242114362
157.212638046806,28.1439785454439,4.5881192711459
496.909899729986,340.935953248449,4.56554559108285
49.6854556865806,51.1491481481952,3.77938715705509
526.462128658387,144.788006083261,4.98898613712369
NA,NA,NA
661.118679290953,333.064802267203,3.48100092985152
455.874805883339,296.417895650651,3.70269292011609
12.764626801363,496.049328577036,3.76486836097201
559.924443795187,55.8018537668038,4.18359372618362
72.446544362948,371.224243163158,3.98034461849508
230.241719830216,409.164963758654,3.9602940138136
428.847151527402,10.4892346824757,3.31494528451867
362.779588007589,294.822617279737,2.99262242523242
605.91247612131,102.723158253739,4.28070640341397
390.875272056099,227.785519864433,4.15400382641387
573.801102901763,403.234869784446,4.76745739034607
128.481012601071,282.165764514786,4.6540900158574
200.158736681294,365.37079775446,3.98068351633332
121.714777987952,411.167605882197,3.37158593947823
624.273570354145,309.984981168266,4.49398003976284
2.63820390469583,147.476602892945,4.2717815865645
538.640884318067,208.042926408375,4.21740346672354
34.3861593065403,492.032237948346,2.93486470146586
280.97722379533,23.4757717175996,3.89326234152427
535.954782171124,392.990312988303,3.49393841961472
74.2397917219662,73.2312847506881,5.26371504784866
4.83243285443903,76.4243191693704,3.5256217301834
589.07519365593,231.191514651525,4.01202961176526
437.294370966628,455.966831720488,4.70766225798708
657.579591909014,372.864778509859,2.96769120741746
107.760339359125,486.270136624475,4.24152272372057
621.411303362862,89.3773319958551,4.11776076117759
419.130649840121,260.264199162549,3.59990991299028
11.7704685725878,181.841595316269,3.24764973321983
56.1572239851456,120.973447770892,4.54840386588031
602.121794973776,198.508990797749,4.03103535134768
264.398728630929,217.498767256182,3.75710944360543
571.621351699225,425.988319180203,3.76894884744677
296.804536404262,136.779455341039,3.84498116353196
521.045390645181,460.794005799017,3.68412499950381
40.1385799444475,423.506270946789,3.95476915199121
193.985228654367,303.581608901323,4.2058054097488
549.820023841468,265.972630562877,3.74178242114362
157.212638046806,28.1439785454439,4.5881192711459
496.909899729986,340.935953248449,4.56554559108285
49.6854556865806,51.1491481481952,3.77938715705509
526.462128658387,144.788006083261,4.98898613712369
NA,NA,NA
661.118679290953,333.064802267203,3.48100092985152
455.874805883339,296.417895650651,3.70269292011609
12.764626801363,496.049328577036,3.76486836097201
559.924443795187,55.8018537668038,4.18359372618362
72.446544362948,371.224243163158,3.98034461849508
230.241719830216,409.164963758654,3.9602940138136
428.847151527402,10.4892346824757,3.31494528451867
362.779588007589,294.822617279737,2.99262242523242
605.91247612131,102.723158253739,4.28070640341397
390.875272056099,227.785519864433,4.15400382641387
573.801102901763,403.234869784446,4.76745739034607
128.481012601071,282.165764514786,4.6540900158574
200.158736681294,365.37079775446,3.98068351633332
121.714777987952,411.167605882197,3.37158593947823
624.273570354145,309.984981168266,4.49398003976284
2.63820390469583,147.476602892945,4.2717815865645
538.640884318067,208.042926408375,4.21740346672354
34.3861593065403,492.032237948346,2.93486470146586
280.97722379533,23.4757717175996,3.89326234152427
535.954782171124,392.990312988303,3.49393841961472
74.2397917219662,73.2312847506881,5.26371504784866
4.83243285443903,76.4243191693704,3.5256217301834
589.07519365593,231.191514651525,4.01202961176526
437.294370966628,455.966831720488,4.70766225798708
657.579591909014,372.864778509859,2.96769120741746
107.760339359125,486.270136624475,4.24152272372057
621.411303362862,89.3773319958551,4.11776076117759
419.130649840121,260.264199162549,3.59990991299028
11.7704685725878,181.841595316269,3.24764973321983
56.1572239851456,120.973447770892,4.54840386588031
602.121794973776,198.508990797749,4.03103535134768
264.398728630929,217.498767256182,3.75710944360543
571.621351699225,425.988319180203,3.76894884744677
296.804536404262,136.779455341039,3.84498116353196
521.045390645181,460.794005799017,3.68412499950381
40.1385799444475,423.506270946789,3.95476915199121
193.985228654367,303.581608901323,4.2058054097488
549.820023841468,265.972630562877,3.74178242114362
157.212638046806,28.1439785454439,4.5881192711459
496.909899729986,340.935953248449,4.56554559108285
49.6854556865806,51.1491481481952,3.77938715705509
526.462128658387,144.788006083261,4.98898613712369
NA,NA,NA
661.118679290953,333.064802267203,3.48100092985152
455.874805883339,296.417895650651,3.70269292011609
12.764626801363,496.049328577036,3.76486836097201
559.924443795187,55.8018537668038,4.18359372618362
72.446544362948,371.224243163158,3.98034461849508
230.241719830216,409.164963758654,3.9602940138136
428.847151527402,10.4892346824757,3.31494528451867
362.779588007589,294.822617279737,2.99262242523242
605.91247612131,102.723158253739,4.28070640341397
390.875272056099,227.785519864433,4.15400382641387
573.801102901763,403.234869784446,4.76745739034607
128.481012601071,282.165764514786,4.6540900158574
200.158736681294,365.37079775446,3.98068351633332
121.714777987952,411.167605882197,3.37158593947823
624.273570354145,309.984981168266,4.49398003976284
2.63820390469583,147.476602892945,4.2717815865645
538.640884318067,208.042926408375,4.21740346672354
34.3861593065403,492.032237948346,2.93486470146586
280.97722379533,23.4757717175996,3.89326234152427
535.954782171124,392.990312988303,3.49393841961472
74.2397917219662,73.2312847506881,5.26371504784866
4.83243285443903,76.4243191693704,3.5256217301834
589.07519365593,231.191514651525,4.01202961176526
437.294370966628,455.966831720488,4.70766225798708
657.579591909014,372.864778509859,2.96769120741746
107.760339359125,486.270136624475,4.24152272372057
621.411303362862,89.3773319958551,4.11776076117759
419.130649840121,260.264199162549,3.59990991299028
11.7704685725878,181.841595316269,3.24764973321983
56.1572239851456,120.973447770892,4.54840386588031
602.121794973776,198.508990797749,4.03103535134768
264.398728630929,217.498767256182,3.75710944360543
571.621351699225,425.988319180203,3.76894884744677
296.804536404262,136.779455341039,3.84498116353196
521.045390645181,460.794005799017,3.68412499950381
40.1385799444475,423.506270946789,3.95476915199121
193.985228654367,303.581608901323,4.2058054097488
549.820023841468,265.972630562877,3.74178242114362
157.212638046806,28.1439785454439,4.5881192711459
496.909899729986,340.935953248449,4.56554559108285
49.6854556865806,51.1491481481952,3.77938715705509
526.462128658387,144.788006083261,4.98898613712369
NA,NA,NA
661.118679290953,333.064802267203,3.48100092985152
455.874805883339,296.417895650651,3.70269292011609
12.764626801363,496.049328577036,3.76486836097201
559.924443795187,55.8018537668038,4.18359372618362
72.446544362948,371.224243163158,3.98034461849508
230.241719830216,409.164963758654,3.9602940138136
428.847151527402,10.4892346824757,3.31494528451867
362.779588007589,294.822617279737,2.99262242523242
605.91247612131,102.723158253739,4.28070640341397
390.875272056099,227.785519864433,4.15400382641387
573.801102901763,403.234869784446,4.76745739034607
128.481012601071,282.165764514786,4.6540900158574
200.158736681294,365.37079775446,3.98068351633332
121.714777987952,411.167605882197,3.37158593947823
624.273570354145,309.984981168266,4.49398003976284
2.63820390469583,147.476602892945,4.2717815865645
538.640884318067,208.042926408375,4.21740346672354
34.3861593065403,492.032237948346,2.93486470146586
280.97722379533,23.4757717175996,3.89326234152427
535.954782171124,392.990312988303,3.49393841961472
74.2397917219662,73.2312847506881,5.26371504784866
4.83243285443903,76.4243191693704,3.5256217301834
589.07519365593,231.191514651525,4.01202961176526
437.294370966628,455.966831720488,4.70766225798708
657.579591909014,372.864778509859,2.96769120741746
107.760339359125,486.270136624475,4.24152272372057
621.411303362862,89.3773319958551,4.11776076117759
419.130649840121,260.264199162549,3.59990991299028
11.7704685725878,181.841595316269,3.24764973321983
56.1572239851456,120.973447770892,4.54840386588031
602.121794973776,198.508990797749,4.03103535134768
264.398728630929,217.498767256182,3.75710944360543
571.621351699225,425.988319180203,3.76894884744677
296.804536404262,136.779455341039,3.84498116353196
521.045390645181,460.794005799017,3.68412499950381
40.1385799444475,423.506270946789,3.95476915199121
193.985228654367,303.581608901323,4.2058054097488
549.820023841468,265.972630562877,3.74178242114362
157.212638046806,28.1439785454439,4.5881192711459
496.909899729986,340.935953248449,4.56554559108285
49.6854556865806,51.1491481481952,3.77938715705509
526.462128658387,144.788006083261,4.98898613712369
NA,NA,NA
662.937078077323,333.357995527161,3.50238780958919
454.29568805661,295.854667438511,3.52675841411085
5.65708677925068,494.259957854832,3.67570853350007
563.525686824392,51.5801912383315,4.18922014542312
74.8203067278174,371.28220063203,3.89423881585127
228.783658296916,413.348671385499,3.84967199699463
426.302611063394,12.8576733932318,3.35254129460227
359.707418908782,291.55671457205,2.9486111210255
608.280195540938,103.799688132014,4.12951964654046
394.480977455393,227.679704129377,4.13423521155339
562.494499924996,407.346264511957,4.6723851111401
143.085909253316,285.728730794429,4.69786961319496
201.854564294583,371.406958509682,4.03406647432767
123.297989693217,410.946437605132,3.34092716403874
629.754258398797,310.72580551425,4.48589400534488
1.80348770999694,150.437559559083,4.16978685476896
543.681384666806,199.862701508731,4.01219172292072
32.8115208295431,494.167848343661,3.11122380920441
280.344060383322,22.9332015498648,4.01215609195952
533.583797887492,393.57993620641,3.50226278072593
72.1507023742367,81.7573534714345,5.20323990619181
2.71025464619493,75.9723042234872,3.5504310878855
585.812425366673,226.205221394298,3.98615134052311
436.888355102817,461.320341048119,4.81926233394723
659.378837274125,374.617384167406,3.17074077982487
106.797991644181,487.490429047151,4.37147116865717
627.685783989252,88.9536662835462,4.06760099568535
416.96160800631,257.344020499703,3.63974142457935
10.6776611587396,181.500203371232,3.17020040756141
67.0554848019309,112.151485497212,4.35729704243422
609.475024462246,212.11628298091,3.82805262896142
252.128167084094,223.143387425305,3.82765801596392
569.356138980262,428.043692714999,3.89747776249338
300.06585486207,142.02151725585,3.73528539903476
526.911865847608,457.197951094031,3.61864187920738
55.4445910264996,426.195101365125,4.01064672084702
191.790029677391,281.709174784217,4.27666567687878
565.60830996403,266.445430259209,3.8202101566721
181.346194146805,22.9993096234922,4.27121498633893
506.298502832148,348.891489439623,4.59146611848611
23.5683503941614,61.2153318574269,3.76730950257358
535.581824533238,155.020497603478,4.76704459543059
NA,NA,NA
662.937078077323,333.357995527161,3.50238780958919
454.29568805661,295.854667438511,3.52675841411085
5.65708677925068,494.259957854832,3.67570853350007
563.525686824392,51.5801912383315,4.18922014542312
74.8203067278174,371.28220063203,3.89423881585127
228.783658296916,413.348671385499,3.84967199699463
426.302611063394,12.8576733932318,3.35254129460227
359.707418908782,291.55671457205,2.9486111210255
608.280195540938,103.799688132014,4.12951964654046
394.480977455393,227.679704129377,4.13423521155339
562.494499924996,407.346264511957,4.6723851111401
143.085909253316,285.728730794429,4.69786961319496
201.854564294583,371.406958509682,4.03406647432767
123.297989693217,410.946437605132,3.34092716403874
629.754258398797,310.72580551425,4.48589400534488
1.80348770999694,150.437559559083,4.16978685476896
543.681384666806,199.862701508731,4.01219172292072
32.8115208295431,494.167848343661,3.11122380920441
280.344060383322,22.9332015498648,4.01215609195952
533.583797887492,393.57993620641,3.50226278072593
72.1507023742367,81.7573534714345,5.20323990619181
2.71025464619493,75.9723042234872,3.5504310878855
585.812425366673,226.205221394298,3.98615134052311
436.888355102817,461.320341048119,4.81926233394723
659.378837274125,374.617384167406,3.17074077982487
106.797991644181,487.490429047151,4.37147116865717
627.685783989252,88.9536662835462,4.06760099568535
416.96160800631,257.344020499703,3.63974142457935
10.6776611587396,181.500203371232,3.17020040756141
67.0554848019309,112.151485497212,4.35729704243422
609.475024462246,212.11628298091,3.82805262896142
252.128167084094,223.143387425305,3.82765801596392
569.356138980262,428.043692714999,3.89747776249338
300.06585486207,142.02151725585,3.73528539903476
526.911865847608,457.197951094031,3.61864187920738
55.4445910264996,426.195101365125,4.01064672084702
191.790029677391,281.709174784217,4.27666567687878
565.60830996403,266.445430259209,3.8202101566721
181.346194146805,22.9993096234922,4.27121498633893
506.298502832148,348.891489439623,4.59146611848611
23.5683503941614,61.2153318574269,3.76730950257358
535.581824533238,155.020497603478,4.76704459543059
NA,NA,NA
662.937078077323,333.357995527161,3.50238780958919
454.29568805661,295.854667438511,3.52675841411085
5.65708677925068,494.259957854832,3.67570853350007
563.525686824392,51.5801912383315,4.18922014542312
74.8203067278174,371.28220063203,3.89423881585127
228.783658296916,413.348671385499,3.84967199699463
426.302611063394,12.8576733932318,3.35254129460227
359.707418908782,291.55671457205,2.9486111210255
608.280195540938,103.799688132014,4.12951964654046
394.480977455393,227.679704129377,4.13423521155339
562.494499924996,407.346264511957,4.6723851111401
143.085909253316,285.728730794429,4.69786961319496
201.854564294583,371.406958509682,4.03406647432767
123.297989693217,410.946437605132,3.34092716403874
629.754258398797,310.72580551425,4.48589400534488
1.80348770999694,150.437559559083,4.16978685476896
543.681384666806,199.862701508731,4.01219172292072
32.8115208295431,494.167848343661,3.11122380920441
280.344060383322,22.9332015498648,4.01215609195952
533.583797887492,393.57993620641,3.50226278072593
72.1507023742367,81.7573534714345,5.20323990619181
2.71025464619493,75.9723042234872,3.5504310878855
585.812425366673,226.205221394298,3.98615134052311
436.888355102817,461.320341048119,4.81926233394723
659.378837274125,374.617384167406,3.17074077982487
106.797991644181,487.490429047151,4.37147116865717
627.685783989252,88.9536662835462,4.06760099568535
416.96160800631,257.344020499703,3.63974142457935
10.6776611587396,181.500203371232,3.17020040756141
67.0554848019309,112.151485497212,4.35729704243422
609.475024462246,212.11628298091,3.82805262896142
252.128167084094,223.143387425305,3.82765801596392
569.356138980262,428.043692714999,3.89747776249338
300.06585486207,142.02151725585,3.73528539903476
526.911865847608,457.197951094031,3.61864187920738
55.4445910264996,426.195101365125,4.01064672084702
191.790029677391,281.709174784217,4.27666567687878
565.60830996403,266.445430259209,3.8202101566721
181.346194146805,22.9993096234922,4.27121498633893
506.298502832148,348.891489439623,4.59146611848611
23.5683503941614,61.2153318574269,3.76730950257358
535.581824533238,155.020497603478,4.76704459543059
NA,NA,NA
662.937078077323,333.357995527161,3.50238780958919
454.29568805661,295.854667438511,3.52675841411085
5.65708677925068,494.259957854832,3.67570853350007
563.525686824392,51.5801912383315,4.18922014542312
74.8203067278174,371.28220063203,3.89423881585127
228.783658296916,413.348671385499,3.84967199699463
426.302611063394,12.8576733932318,3.35254129460227
359.707418908782,291.55671457205,2.9486111210255
608.280195540938,103.799688132014,4.12951964654046
394.480977455393,227.679704129377,4.13423521155339
562.494499924996,407.346264511957,4.6723851111401
143.085909253316,285.728730794429,4.69786961319496
201.854564294583,371.406958509682,4.03406647432767
123.297989693217,410.946437605132,3.34092716403874
629.754258398797,310.72580551425,4.48589400534488
1.80348770999694,150.437559559083,4.16978685476896
543.681384666806,199.862701508731,4.01219172292072
32.8115208295431,494.167848343661,3.11122380920441
280.344060383322,22.9332015498648,4.01215609195952
533.583797887492,393.57993620641,3.50226278072593
72.1507023742367,81.7573534714345,5.20323990619181
2.71025464619493,75.9723042234872,3.5504310878855
585.812425366673,226.205221394298,3.98615134052311
436.888355102817,461.320341048119,4.81926233394723
659.378837274125,374.617384167406,3.17074077982487
106.797991644181,487.490429047151,4.37147116865717
627.685783989252,88.9536662835462,4.06760099568535
416.96160800631,257.344020499703,3.63974142457935
10.6776611587396,181.500203371232,3.17020040756141
67.0554848019309,112.151485497212,4.35729704243422
609.475024462246,212.11628298091,3.82805262896142
252.128167084094,223.143387425305,3.82765801596392
569.356138980262,428.043692714999,3.89747776249338
300.06585486207,142.02151725585,3.73528539903476
526.911865847608,457.197951094031,3.61864187920738
55.4445910264996,426.195101365125,4.01064672084702
191.790029677391,281.709174784217,4.27666567687878
565.60830996403,266.445430259209,3.8202101566721
181.346194146805,22.9993096234922,4.27121498633893
506.298502832148,348.891489439623,4.59146611848611
23.5683503941614,61.2153318574269,3.76730950257358
535.581824533238,155.020497603478,4.76704459543059
NA,NA,NA
662.937078077323,333.357995527161,3.50238780958919
454.29568805661,295.854667438511,3.52675841411085
5.65708677925068,494.259957854832,3.67570853350007
563.525686824392,51.5801912383315,4.18922014542312
74.8203067278174,371.28220063203,3.89423881585127
228.783658296916,413.348671385499,3.84967199699463
426.302611063394,12.8576733932318,3.35254129460227
359.707418908782,291.55671457205,2.9486111210255
608.280195540938,103.799688132014,4.12951964654046
394.480977455393,227.679704129377,4.13423521155339
562.494499924996,407.346264511957,4.6723851111401
143.085909253316,285.728730794429,4.69786961319496
201.854564294583,371.406958509682,4.03406647432767
123.297989693217,410.946437605132,3.34092716403874
629.754258398797,310.72580551425,4.48589400534488
1.80348770999694,150.437559559083,4.16978685476896
543.681384666806,199.862701508731,4.01219172292072
32.8115208295431,494.167848343661,3.11122380920441
280.344060383322,22.9332015498648,4.01215609195952
533.583797887492,393.57993620641,3.50226278072593
72.1507023742367,81.7573534714345,5.20323990619181
2.71025464619493,75.9723042234872,3.5504310878855
585.812425366673,226.205221394298,3.98615134052311
436.888355102817,461.320341048119,4.81926233394723
659.378837274125,374.617384167406,3.17074077982487
106.797991644181,487.490429047151,4.37147116865717
627.685783989252,88.9536662835462,4.06760099568535
416.96160800631,257.344020499703,3.63974142457935
10.6776611587396,181.500203371232,3.17020040756141
67.0554848019309,112.151485497212,4.35729704243422
609.475024462246,212.11628298091,3.82805262896142
252.128167084094,223.143387425305,3.82765801596392
569.356138980262,428.043692714999,3.89747776249338
300.06585486207,142.02151725585,3.73528539903476
526.911865847608,457.197951094031,3.61864187920738
55.4445910264996,426.195101365125,4.01064672084702
191.790029677391,281.709174784217,4.27666567687878
565.60830996403,266.445430259209,3.8202101566721
181.346194146805,22.9993096234922,4.27121498633893
506.298502832148,348.891489439623,4.59146611848611
23.5683503941614,61.2153318574269,3.76730950257358
535.581824533238,155.020497603478,4.76704459543059
NA,NA,NA
662.937078077323,333.357995527161,3.50238780958919
454.29568805661,295.854667438511,3.52675841411085
5.65708677925068,494.259957854832,3.67570853350007
563.525686824392,51.5801912383315,4.18922014542312
74.8203067278174,371.28220063203,3.89423881585127
228.783658296916,413.348671385499,3.84967199699463
426.302611063394,12.8576733932318,3.35254129460227
359.707418908782,291.55671457205,2.9486111210255
608.280195540938,103.799688132014,4.12951964654046
394.480977455393,227.679704129377,4.13423521155339
562.494499924996,407.346264511957,4.6723851111401
143.085909253316,285.728730794429,4.69786961319496
201.854564294583,371.406958509682,4.03406647432767
123.297989693217,410.946437605132,3.34092716403874
629.754258398797,310.72580551425,4.48589400534488
1.80348770999694,150.437559559083,4.16978685476896
543.681384666806,199.862701508731,4.01219172292072
32.8115208295431,494.167848343661,3.11122380920441
280.344060383322,22.9332015498648,4.01215609195952
533.583797887492,393.57993620641,3.50226278072593
72.1507023742367,81.7573534714345,5.20323990619181
2.71025464619493,75.9723042234872,3.5504310878855
585.812425366673,226.205221394298,3.98615134052311
436.888355102817,461.320341048119,4.81926233394723
659.378837274125,374.617384167406,3.17074077982487
106.797991644181,487.490429047151,4.37147116865717
627.685783989252,88.9536662835462,4.06760099568535
416.96160800631,257.344020499703,3.63974142457935
10.6776611587396,181.500203371232,3.17020040756141
67.0554848019309,112.151485497212,4.35729704243422
609.475024462246,212.11628298091,3.82805262896142
252.128167084094,223.143387425305,3.82765801596392
569.356138980262,428.043692714999,3.89747776249338
300.06585486207,142.02151725585,3.73528539903476
526.911865847608,457.197951094031,3.61864187920738
55.4445910264996,426.195101365125,4.01064672084702
191.790029677391,281.709174784217,4.27666567687878
565.60830996403,266.445430259209,3.8202101566721
181.346194146805,22.9993096234922,4.27121498633893
506.298502832148,348.891489439623,4.59146611848611
23.5683503941614,61.2153318574269,3.76730950257358
535.581824533238,155.020497603478,4.76704459543059
NA,NA,NA
659.133680069839,336.281000659078,3.41536595784962
459.267294755252,299.268567703356,3.31184448637467
7.91000007150011,496.18677470396,3.74968392380808
559.032105477996,53.9576018995557,4.09775072991261
74.2839425720228,376.399252415638,3.91367422460909
228.040628115685,413.916390467234,3.92435950118247
430.103538146107,11.8970722608753,3.36462508571917
358.130150298008,293.316483192347,2.99995797745349
608.699449542762,109.4823720882,4.21779036307697
391.383278033828,229.197795856506,4.23860495403583
569.196478799967,402.615005171898,4.75915988311835
139.577694217927,284.507836640084,4.61720113409285
195.714520347165,370.034129273412,4.00658890474465
123.620611173872,411.606371889941,3.53295836500574
623.699033782793,309.897526129756,4.59334006812861
8.17770309324411,142.426527938934,4.1862455391591
540.501659671461,203.512541161999,4.15096230409938
35.2490834941833,489.222597270201,2.95931035773676
275.002724192044,22.8230734423779,3.92301630393096
535.227032135355,393.174283848288,3.4213325404687
71.3795063303979,74.4337569840017,5.23850485826177
4.08580963057364,76.9262776627774,3.42048706478837
589.753110343155,223.590251552538,3.99422064698558
440.292211008331,461.158111068013,4.80459259275586
660.541024673385,374.455393106626,2.90337249403242
104.544644852641,488.756586945831,4.3599495951047
627.2293829461,91.1528068843529,4.1089051742631
420.8110041593,260.144080122937,3.63376640282464
11.4805626174394,182.641689161334,3.23472995034673
48.3272797850026,115.884403225483,4.37358952060874
605.10238907644,202.786196236708,4.00093815333509
254.14691884348,220.256210441387,3.38864574572561
572.039755980122,435.010607173161,3.73099657620373
299.488321983449,136.942390888047,3.81310010083757
524.711155316812,456.545392860513,3.70023922502
46.9742660789958,422.625057601033,3.85224969843025
199.411803807925,285.723117071178,4.07525775969606
548.772459110371,270.630568367693,4.05904140728651
149.156386695238,17.8773927601183,4.41465337660388
495.751114470243,339.233033866511,4.59930409453748
34.93899333898,45.0499772915808,3.67763984065778
543.882181580855,143.940847007862,4.52066858764435
NA,NA,NA
659.133680069839,336.281000659078,3.41536595784962
459.267294755252,299.268567703356,3.31184448637467
7.91000007150011,496.18677470396,3.74968392380808
559.032105477996,53.9576018995557,4.09775072991261
74.2839425720228,376.399252415638,3.91367422460909
228.040628115685,413.916390467234,3.92435950118247
430.103538146107,11.8970722608753,3.36462508571917
358.130150298008,293.316483192347,2.99995797745349
608.699449542762,109.4823720882,4.21779036307697
391.383278033828,229.197795856506,4.23860495403583
569.196478799967,402.615005171898,4.75915988311835
139.577694217927,284.507836640084,4.61720113409285
195.714520347165,370.034129273412,4.00658890474465
123.620611173872,411.606371889941,3.53295836500574
623.699033782793,309.897526129756,4.59334006812861
8.17770309324411,142.426527938934,4.1862455391591
540.501659671461,203.512541161999,4.15096230409938
35.2490834941833,489.222597270201,2.95931035773676
275.002724192044,22.8230734423779,3.92301630393096
535.227032135355,393.174283848288,3.4213325404687
71.3795063303979,74.4337569840017,5.23850485826177
4.08580963057364,76.9262776627774,3.42048706478837
589.753110343155,223.590251552538,3.99422064698558
440.292211008331,461.158111068013,4.80459259275586
660.541024673385,374.455393106626,2.90337249403242
104.544644852641,488.756586945831,4.3599495951047
627.2293829461,91.1528068843529,4.1089051742631
420.8110041593,260.144080122937,3.63376640282464
11.4805626174394,182.641689161334,3.23472995034673
48.3272797850026,115.884403225483,4.37358952060874
605.10238907644,202.786196236708,4.00093815333509
254.14691884348,220.256210441387,3.38864574572561
572.039755980122,435.010607173161,3.73099657620373
299.488321983449,136.942390888047,3.81310010083757
524.711155316812,456.545392860513,3.70023922502
46.9742660789958,422.625057601033,3.85224969843025
199.411803807925,285.723117071178,4.07525775969606
548.772459110371,270.630568367693,4.05904140728651
149.156386695238,17.8773927601183,4.41465337660388
495.751114470243,339.233033866511,4.59930409453748
34.93899333898,45.0499772915808,3.67763984065778
543.882181580855,143.940847007862,4.52066858764435
NA,NA,NA
659.133680069839,336.281000659078,3.41536595784962
459.267294755252,299.268567703356,3.31184448637467
7.91000007150011,496.18677470396,3.74968392380808
559.032105477996,53.9576018995557,4.09775072991261
74.2839425720228,376.399252415638,3.91367422460909
228.040628115685,413.916390467234,3.92435950118247
430.103538146107,11.8970722608753,3.36462508571917
358.130150298008,293.316483192347,2.99995797745349
608.699449542762,109.4823720882,4.21779036307697
391.383278033828,229.197795856506,4.23860495403583
569.196478799967,402.615005171898,4.75915988311835
139.577694217927,284.507836640084,4.61720113409285
195.714520347165,370.034129273412,4.00658890474465
123.620611173872,411.606371889941,3.53295836500574
623.699033782793,309.897526129756,4.59334006812861
8.17770309324411,142.426527938934,4.1862455391591
540.501659671461,203.512541161999,4.15096230409938
35.2490834941833,489.222597270201,2.95931035773676
275.002724192044,22.8230734423779,3.92301630393096
535.227032135355,393.174283848288,3.4213325404687
71.3795063303979,74.4337569840017,5.23850485826177
4.08580963057364,76.9262776627774,3.42048706478837
589.753110343155,223.590251552538,3.99422064698558
440.292211008331,461.158111068013,4.80459259275586
660.541024673385,374.455393106626,2.90337249403242
104.544644852641,488.756586945831,4.3599495951047
627.2293829461,91.1528068843529,4.1089051742631
420.8110041593,260.144080122937,3.63376640282464
11.4805626174394,182.641689161334,3.23472995034673
48.3272797850026,115.884403225483,4.37358952060874
605.10238907644,202.786196236708,4.00093815333509
254.14691884348,220.256210441387,3.38864574572561
572.039755980122,435.010607173161,3.73099657620373
299.488321983449,136.942390888047,3.81310010083757
524.711155316812,456.545392860513,3.70023922502
46.9742660789958,422.625057601033,3.85224969843025
199.411803807925,285.723117071178,4.07525775969606
548.772459110371,270.630568367693,4.05904140728651
149.156386695238,17.8773927601183,4.41465337660388
495.751114470243,339.233033866511,4.59930409453748
34.93899333898,45.0499772915808,3.67763984065778
543.882181580855,143.940847007862,4.52066858764435
NA,NA,NA
659.133680069839,336.281000659078,3.41536595784962
459.267294755252,299.268567703356,3.31184448637467
7.91000007150011,496.18677470396,3.74968392380808
559.032105477996,53.9576018995557,4.09775072991261
74.2839425720228,376.399252415638,3.91367422460909
228.040628115685,413.916390467234,3.92435950118247
430.103538146107,11.8970722608753,3.36462508571917
358.130150298008,293.316483192347,2.99995797745349
608.699449542762,109.4823720882,4.21779036307697
391.383278033828,229.197795856506,4.23860495403583
569.196478799967,402.615005171898,4.75915988311835
139.577694217927,284.507836640084,4.61720113409285
195.714520347165,370.034129273412,4.00658890474465
123.620611173872,411.606371889941,3.53295836500574
623.699033782793,309.897526129756,4.59334006812861
8.17770309324411,142.426527938934,4.1862455391591
540.501659671461,203.512541161999,4.15096230409938
35.2490834941833,489.222597270201,2.95931035773676
275.002724192044,22.8230734423779,3.92301630393096
535.227032135355,393.174283848288,3.4213325404687
71.3795063303979,74.4337569840017,5.23850485826177
4.08580963057364,76.9262776627774,3.42048706478837
589.753110343155,223.590251552538,3.99422064698558
440.292211008331,461.158111068013,4.80459259275586
660.541024673385,374.455393106626,2.90337249403242
104.544644852641,488.756586945831,4.3599495951047
627.2293829461,91.1528068843529,4.1089051742631
420.8110041593,260.144080122937,3.63376640282464
11.4805626174394,182.641689161334,3.23472995034673
48.3272797850026,115.884403225483,4.37358952060874
605.10238907644,202.786196236708,4.00093815333509
254.14691884348,220.256210441387,3.38864574572561
572.039755980122,435.010607173161,3.73099657620373
299.488321983449,136.942390888047,3.81310010083757
524.711155316812,456.545392860513,3.70023922502
46.9742660789958,422.625057601033,3.85224969843025
199.411803807925,285.723117071178,4.07525775969606
548.772459110371,270.630568367693,4.05904140728651
149.156386695238,17.8773927601183,4.41465337660388
495.751114470243,339.233033866511,4.59930409453748
34.93899333898,45.0499772915808,3.67763984065778
543.882181580855,143.940847007862,4.52066858764435
NA,NA,NA
659.133680069839,336.281000659078,3.41536595784962
459.267294755252,299.268567703356,3.31184448637467
7.91000007150011,496.18677470396,3.74968392380808
559.032105477996,53.9576018995557,4.09775072991261
74.2839425720228,376.399252415638,3.91367422460909
228.040628115685,413.916390467234,3.92435950118247
430.103538146107,11.8970722608753,3.36462508571917
358.130150298008,293.316483192347,2.99995797745349
608.699449542762,109.4823720882,4.21779036307697
391.383278033828,229.197795856506,4.23860495403583
569.196478799967,402.615005171898,4.75915988311835
139.577694217927,284.507836640084,4.61720113409285
195.714520347165,370.034129273412,4.00658890474465
123.620611173872,411.606371889941,3.53295836500574
623.699033782793,309.897526129756,4.59334006812861
8.17770309324411,142.426527938934,4.1862455391591
540.501659671461,203.512541161999,4.15096230409938
35.2490834941833,489.222597270201,2.95931035773676
275.002724192044,22.8230734423779,3.92301630393096
535.227032135355,393.174283848288,3.4213325404687
71.3795063303979,74.4337569840017,5.23850485826177
4.08580963057364,76.9262776627774,3.42048706478837
589.753110343155,223.590251552538,3.99422064698558
440.292211008331,461.158111068013,4.80459259275586
660.541024673385,374.455393106626,2.90337249403242
104.544644852641,488.756586945831,4.3599495951047
627.2293829461,91.1528068843529,4.1089051742631
420.8110041593,260.144080122937,3.63376640282464
11.4805626174394,182.641689161334,3.23472995034673
48.3272797850026,115.884403225483,4.37358952060874
605.10238907644,202.786196236708,4.00093815333509
254.14691884348,220.256210441387,3.38864574572561
572.039755980122,435.010607173161,3.73099657620373
299.488321983449,136.942390888047,3.81310010083757
524.711155316812,456.545392860513,3.70023922502
46.9742660789958,422.625057601033,3.85224969843025
199.411803807925,285.723117071178,4.07525775969606
548.772459110371,270.630568367693,4.05904140728651
149.156386695238,17.8773927601183,4.41465337660388
495.751114470243,339.233033866511,4.59930409453748
34.93899333898,45.0499772915808,3.67763984065778
543.882181580855,143.940847007862,4.52066858764435
NA,NA,NA
659.133680069839,336.281000659078,3.41536595784962
459.267294755252,299.268567703356,3.31184448637467
7.91000007150011,496.18677470396,3.74968392380808
559.032105477996,53.9576018995557,4.09775072991261
74.2839425720228,376.399252415638,3.91367422460909
228.040628115685,413.916390467234,3.92435950118247
430.103538146107,11.8970722608753,3.36462508571917
358.130150298008,293.316483192347,2.99995797745349
608.699449542762,109.4823720882,4.21779036307697
391.383278033828,229.197795856506,4.23860495403583
569.196478799967,402.615005171898,4.75915988311835
139.577694217927,284.507836640084,4.61720113409285
195.714520347165,370.034129273412,4.00658890474465
123.620611173872,411.606371889941,3.53295836500574
623.699033782793,309.897526129756,4.59334006812861
8.17770309324411,142.426527938934,4.1862455391591
540.501659671461,203.512541161999,4.15096230409938
35.2490834941833,489.222597270201,2.95931035773676
275.002724192044,22.8230734423779,3.92301630393096
535.227032135355,393.174283848288,3.4213325404687
71.3795063303979,74.4337569840017,5.23850485826177
4.08580963057364,76.9262776627774,3.42048706478837
589.753110343155,223.590251552538,3.99422064698558
440.292211008331,461.158111068013,4.80459259275586
660.541024673385,374.455393106626,2.90337249403242
104.544644852641,488.756586945831,4.3599495951047
627.2293829461,91.1528068843529,4.1089051742631
420.8110041593,260.144080122937,3.63376640282464
11.4805626174394,182.641689161334,3.23472995034673
48.3272797850026,115.884403225483,4.37358952060874
605.10238907644,202.786196236708,4.00093815333509
254.14691884348,220.256210441387,3.38864574572561
572.039755980122,435.010607173161,3.73099657620373
299.488321983449,136.942390888047,3.81310010083757
524.711155316812,456.545392860513,3.70023922502
46.9742660789958,422.625057601033,3.85224969843025
199.411803807925,285.723117071178,4.07525775969606
548.772459110371,270.630568367693,4.05904140728651
149.156386695238,17.8773927601183,4.41465337660388
495.751114470243,339.233033866511,4.59930409453748
34.93899333898,45.0499772915808,3.67763984065778
543.882181580855,143.940847007862,4.52066858764435
NA,NA,NA
662.215359966598,338.251346255848,3.59626787605727
458.556292273872,295.812964193355,3.54680662710497
15.1623219032071,492.583695143475,3.76154945531036
558.491330709476,52.422559394444,4.27572614640945
72.2073113592451,374.73781493622,3.89156115006673
228.372469677184,416.196039194406,3.91355736590517
430.002498433831,15.1049639257977,3.38203605202127
362.617243234566,292.775539824048,3.04808062555632
601.38846110978,105.865655988638,4.26432340169035
392.029741480603,224.819490499378,4.27077634003639
572.983618321378,413.655448657016,4.74577396074459
131.172100169914,279.179549847864,4.61858926423195
196.396172318767,374.857996447064,4.08018433478094
128.204374574201,409.783446514573,3.41667365397201
632.359226133197,311.627631752152,4.54190376504772
5.16947975754061,148.843130481562,4.30410357542681
543.378394691238,208.986521330021,4.30940035166828
32.5639228352586,491.403610335818,2.93262502071864
279.988607716943,22.2491058820723,3.83458264310043
532.91023777395,392.722130595281,3.38619138701127
73.294769642719,74.5198947925774,5.31681506802552
4.73750497771675,74.2336495708504,3.54815877400129
586.25520295304,230.706693982052,4.0051252807239
436.357445317369,458.346828743651,4.79961742404425
658.047025287099,371.799792466322,3.0061536142367
105.512703875031,481.809778757121,4.38369732666361
624.920389832647,91.2906251139516,4.07985366463701
418.207270340209,261.133075146736,3.7713306897691
11.565538748464,182.639200573141,3.33663838257424
67.9824675276397,127.634275698986,4.40341054389639
615.388441844253,195.152388159582,4.30712995904057
254.925762486306,221.847888908321,3.74756154997219
571.718575138688,434.749121837909,3.74519218563973
300.514117950514,139.345098754064,3.84468391092103
533.05946826022,458.849852890286,3.57137127874574
48.1193245696363,422.814872745481,3.73726265859054
193.304621298523,289.351125860316,3.49219415071148
560.094481481236,252.111822981226,3.66578294257763
173.365963361083,20.4481093845655,4.22158525857289
511.719475188205,347.303516988232,4.53635593076561
47.3084073396849,44.6247137213943,3.76115226840328
532.365240364557,163.823345484351,4.76563084035926
NA,NA,NA
662.215359966598,338.251346255848,3.59626787605727
458.556292273872,295.812964193355,3.54680662710497
15.1623219032071,492.583695143475,3.76154945531036
558.491330709476,52.422559394444,4.27572614640945
72.2073113592451,374.73781493622,3.89156115006673
228.372469677184,416.196039194406,3.91355736590517
430.002498433831,15.1049639257977,3.38203605202127
362.617243234566,292.775539824048,3.04808062555632
601.38846110978,105.865655988638,4.26432340169035
392.029741480603,224.819490499378,4.27077634003639
572.983618321378,413.655448657016,4.74577396074459
131.172100169914,279.179549847864,4.61858926423195
196.396172318767,374.857996447064,4.08018433478094
128.204374574201,409.783446514573,3.41667365397201
632.359226133197,311.627631752152,4.54190376504772
5.16947975754061,148.843130481562,4.30410357542681
543.378394691238,208.986521330021,4.30940035166828
32.5639228352586,491.403610335818,2.93262502071864
279.988607716943,22.2491058820723,3.83458264310043
532.91023777395,392.722130595281,3.38619138701127
73.294769642719,74.5198947925774,5.31681506802552
4.73750497771675,74.2336495708504,3.54815877400129
586.25520295304,230.706693982052,4.0051252807239
436.357445317369,458.346828743651,4.79961742404425
658.047025287099,371.799792466322,3.0061536142367
105.512703875031,481.809778757121,4.38369732666361
624.920389832647,91.2906251139516,4.07985366463701
418.207270340209,261.133075146736,3.7713306897691
11.565538748464,182.639200573141,3.33663838257424
67.9824675276397,127.634275698986,4.40341054389639
615.388441844253,195.152388159582,4.30712995904057
254.925762486306,221.847888908321,3.74756154997219
571.718575138688,434.749121837909,3.74519218563973
300.514117950514,139.345098754064,3.84468391092103
533.05946826022,458.849852890286,3.57137127874574
48.1193245696363,422.814872745481,3.73726265859054
193.304621298523,289.351125860316,3.49219415071148
560.094481481236,252.111822981226,3.66578294257763
173.365963361083,20.4481093845655,4.22158525857289
511.719475188205,347.303516988232,4.53635593076561
47.3084073396849,44.6247137213943,3.76115226840328
532.365240364557,163.823345484351,4.76563084035926
NA,NA,NA
662.215359966598,338.251346255848,3.59626787605727
458.556292273872,295.812964193355,3.54680662710497
15.1623219032071,492.583695143475,3.76154945531036
558.491330709476,52.422559394444,4.27572614640945
72.2073113592451,374.73781493622,3.89156115006673
228.372469677184,416.196039194406,3.91355736590517
430.002498433831,15.1049639257977,3.38203605202127
362.617243234566,292.775539824048,3.04808062555632
601.38846110978,105.865655988638,4.26432340169035
392.029741480603,224.819490499378,4.27077634003639
572.983618321378,413.655448657016,4.74577396074459
131.172100169914,279.179549847864,4.61858926423195
196.396172318767,374.857996447064,4.08018433478094
128.204374574201,409.783446514573,3.41667365397201
632.359226133197,311.627631752152,4.54190376504772
5.16947975754061,148.843130481562,4.30410357542681
543.378394691238,208.986521330021,4.30940035166828
32.5639228352586,491.403610335818,2.93262502071864
279.988607716943,22.2491058820723,3.83458264310043
532.91023777395,392.722130595281,3.38619138701127
73.294769642719,74.5198947925774,5.31681506802552
4.73750497771675,74.2336495708504,3.54815877400129
586.25520295304,230.706693982052,4.0051252807239
436.357445317369,458.346828743651,4.79961742404425
658.047025287099,371.799792466322,3.0061536142367
105.512703875031,481.809778757121,4.38369732666361
624.920389832647,91.2906251139516,4.07985366463701
418.207270340209,261.133075146736,3.7713306897691
11.565538748464,182.639200573141,3.33663838257424
67.9824675276397,127.634275698986,4.40341054389639
615.388441844253,195.152388159582,4.30712995904057
254.925762486306,221.847888908321,3.74756154997219
571.718575138688,434.749121837909,3.74519218563973
300.514117950514,139.345098754064,3.84468391092103
533.05946826022,458.849852890286,3.57137127874574
48.1193245696363,422.814872745481,3.73726265859054
193.304621298523,289.351125860316,3.49219415071148
560.094481481236,252.111822981226,3.66578294257763
173.365963361083,20.4481093845655,4.22158525857289
511.719475188205,347.303516988232,4.53635593076561
47.3084073396849,44.6247137213943,3.76115226840328
532.365240364557,163.823345484351,4.76563084035926
NA,NA,NA
662.215359966598,338.251346255848,3.59626787605727
458.556292273872,295.812964193355,3.54680662710497
15.1623219032071,492.583695143475,3.76154945531036
558.491330709476,52.422559394444,4.27572614640945
72.2073113592451,374.73781493622,3.89156115006673
228.372469677184,416.196039194406,3.91355736590517
430.002498433831,15.1049639257977,3.38203605202127
362.617243234566,292.775539824048,3.04808062555632
601.38846110978,105.865655988638,4.26432340169035
392.029741480603,224.819490499378,4.27077634003639
572.983618321378,413.655448657016,4.74577396074459
131.172100169914,279.179549847864,4.61858926423195
196.396172318767,374.857996447064,4.08018433478094
128.204374574201,409.783446514573,3.41667365397201
632.359226133197,311.627631752152,4.54190376504772
5.16947975754061,148.843130481562,4.30410357542681
543.378394691238,208.986521330021,4.30940035166828
32.5639228352586,491.403610335818,2.93262502071864
279.988607716943,22.2491058820723,3.83458264310043
532.91023777395,392.722130595281,3.38619138701127
73.294769642719,74.5198947925774,5.31681506802552
4.73750497771675,74.2336495708504,3.54815877400129
586.25520295304,230.706693982052,4.0051252807239
436.357445317369,458.346828743651,4.79961742404425
658.047025287099,371.799792466322,3.0061536142367
105.512703875031,481.809778757121,4.38369732666361
624.920389832647,91.2906251139516,4.07985366463701
418.207270340209,261.133075146736,3.7713306897691
11.565538748464,182.639200573141,3.33663838257424
67.9824675276397,127.634275698986,4.40341054389639
615.388441844253,195.152388159582,4.30712995904057
254.925762486306,221.847888908321,3.74756154997219
571.718575138688,434.749121837909,3.74519218563973
300.514117950514,139.345098754064,3.84468391092103
533.05946826022,458.849852890286,3.57137127874574
48.1193245696363,422.814872745481,3.73726265859054
193.304621298523,289.351125860316,3.49219415071148
560.094481481236,252.111822981226,3.66578294257763
173.365963361083,20.4481093845655,4.22158525857289
511.719475188205,347.303516988232,4.53635593076561
47.3084073396849,44.6247137213943,3.76115226840328
532.365240364557,163.823345484351,4.76563084035926
NA,NA,NA
662.215359966598,338.251346255848,3.59626787605727
458.556292273872,295.812964193355,3.54680662710497
15.1623219032071,492.583695143475,3.76154945531036
558.491330709476,52.422559394444,4.27572614640945
72.2073113592451,374.73781493622,3.89156115006673
228.372469677184,416.196039194406,3.91355736590517
430.002498433831,15.1049639257977,3.38203605202127
362.617243234566,292.775539824048,3.04808062555632
601.38846110978,105.865655988638,4.26432340169035
392.029741480603,224.819490499378,4.27077634003639
572.983618321378,413.655448657016,4.74577396074459
131.172100169914,279.179549847864,4.61858926423195
196.396172318767,374.857996447064,4.08018433478094
128.204374574201,409.783446514573,3.41667365397201
632.359226133197,311.627631752152,4.54190376504772
5.16947975754061,148.843130481562,4.30410357542681
543.378394691238,208.986521330021,4.30940035166828
32.5639228352586,491.403610335818,2.93262502071864
279.988607716943,22.2491058820723,3.83458264310043
532.91023777395,392.722130595281,3.38619138701127
73.294769642719,74.5198947925774,5.31681506802552
4.73750497771675,74.2336495708504,3.54815877400129
586.25520295304,230.706693982052,4.0051252807239
436.357445317369,458.346828743651,4.79961742404425
658.047025287099,371.799792466322,3.0061536142367
105.512703875031,481.809778757121,4.38369732666361
624.920389832647,91.2906251139516,4.07985366463701
418.207270340209,261.133075146736,3.7713306897691
11.565538748464,182.639200573141,3.33663838257424
67.9824675276397,127.634275698986,4.40341054389639
615.388441844253,195.152388159582,4.30712995904057
254.925762486306,221.847888908321,3.74756154997219
571.718575138688,434.749121837909,3.74519218563973
300.514117950514,139.345098754064,3.84468391092103
533.05946826022,458.849852890286,3.57137127874574
48.1193245696363,422.814872745481,3.73726265859054
193.304621298523,289.351125860316,3.49219415071148
560.094481481236,252.111822981226,3.66578294257763
173.365963361083,20.4481093845655,4.22158525857289
511.719475188205,347.303516988232,4.53635593076561
47.3084073396849,44.6247137213943,3.76115226840328
532.365240364557,163.823345484351,4.76563084035926
NA,NA,NA
662.215359966598,338.251346255848,3.59626787605727
458.556292273872,295.812964193355,3.54680662710497
15.1623219032071,492.583695143475,3.76154945531036
558.491330709476,52.422559394444,4.27572614640945
72.2073113592451,374.73781493622,3.89156115006673
228.372469677184,416.196039194406,3.91355736590517
430.002498433831,15.1049639257977,3.38203605202127
362.617243234566,292.775539824048,3.04808062555632
601.38846110978,105.865655988638,4.26432340169035
392.029741480603,224.819490499378,4.27077634003639
572.983618321378,413.655448657016,4.74577396074459
131.172100169914,279.179549847864,4.61858926423195
196.396172318767,374.857996447064,4.08018433478094
128.204374574201,409.783446514573,3.41667365397201
632.359226133197,311.627631752152,4.54190376504772
5.16947975754061,148.843130481562,4.30410357542681
543.378394691238,208.986521330021,4.30940035166828
32.5639228352586,491.403610335818,2.93262502071864
279.988607716943,22.2491058820723,3.83458264310043
532.91023777395,392.722130595281,3.38619138701127
73.294769642719,74.5198947925774,5.31681506802552
4.73750497771675,74.2336495708504,3.54815877400129
586.25520295304,230.706693982052,4.0051252807239
436.357445317369,458.346828743651,4.79961742404425
658.047025287099,371.799792466322,3.0061536142367
105.512703875031,481.809778757121,4.38369732666361
624.920389832647,91.2906251139516,4.07985366463701
418.207270340209,261.133075146736,3.7713306897691
11.565538748464,182.639200573141,3.33663838257424
67.9824675276397,127.634275698986,4.40341054389639
615.388441844253,195.152388159582,4.30712995904057
254.925762486306,221.847888908321,3.74756154997219
571.718575138688,434.749121837909,3.74519218563973
300.514117950514,139.345098754064,3.84468391092103
533.05946826022,458.849852890286,3.57137127874574
48.1193245696363,422.814872745481,3.73726265859054
193.304621298523,289.351125860316,3.49219415071148
560.094481481236,252.111822981226,3.66578294257763
173.365963361083,20.4481093845655,4.22158525857289
511.719475188205,347.303516988232,4.53635593076561
47.3084073396849,44.6247137213943,3.76115226840328
532.365240364557,163.823345484351,4.76563084035926
NA,NA,NA
663.192331171995,329.669263834942,3.3777349633141
454.793094202199,305.058344285887,3.5588266001664
11.0050617633726,493.858902005229,3.81626595974339
566.46869604279,49.5026623213779,4.11868307414022
73.6962814439933,376.353389692064,3.92792292082343
223.696350524011,418.21740351774,3.87211387108469
428.984343122835,11.6613976321451,3.29945700143413
361.533892898448,290.672701496119,3.00208044577054
602.948390976883,104.272336244851,4.39116624313678
391.082115580685,229.736422173017,4.09001799703331
568.141282087181,408.499921890522,4.67085740391909
142.487960968583,283.195561858953,4.58096308885664
196.797425330033,368.157967886435,3.99618382982842
125.271494653584,409.236655645672,3.41800993038377
627.53433636183,311.666605403863,4.56468848651832
-0.382608348844343,153.776547878876,4.27198241674685
542.678146919967,207.682705408225,4.22097635081551
33.8463778400728,491.525858076852,3.08393490919807
277.115617714019,23.3111706873613,4.05150091936924
535.479135461837,391.889334558776,3.38826521879278
76.9792184952264,70.9465086204369,5.30163313883115
4.66375855264384,76.3867471081619,3.32872923947173
588.863190777133,225.947772014731,4.09866471301529
443.987599766657,462.755768093546,4.74960962430233
656.557388920584,372.605396303576,3.15774620260363
99.9682479627347,480.409639284092,4.34157144308146
623.270051514008,87.2436910021819,4.0610322067137
421.56889133608,259.769879500033,3.61943576563526
10.1115941126103,184.287073209685,3.35176656969234
76.9317005452699,120.294669022522,4.26120057302839
613.609016035151,193.872925223175,4.26636315453539
253.882502921562,218.831001071638,4.12371390639076
571.853390278173,434.50978454947,3.91968515720212
299.868310492251,138.420865842252,3.90910002809591
529.956264468669,459.417651708341,3.59040128322591
45.9095787289231,427.628026237056,3.82939839775814
195.037782836587,287.802971931353,4.11505298941425
560.900490051378,249.430208720549,3.56608372418264
155.132045277909,23.6628292853575,3.97969971941872
500.038482306821,343.142973864236,4.19312179904173
42.1881335827745,59.2275544495835,4.17968874445786
550.810859271858,152.230732079597,4.67337972859275
NA,NA,NA
663.192331171995,329.669263834942,3.3777349633141
454.793094202199,305.058344285887,3.5588266001664
11.0050617633726,493.858902005229,3.81626595974339
566.46869604279,49.5026623213779,4.11868307414022
73.6962814439933,376.353389692064,3.92792292082343
223.696350524011,418.21740351774,3.87211387108469
428.984343122835,11.6613976321451,3.29945700143413
361.533892898448,290.672701496119,3.00208044577054
602.948390976883,104.272336244851,4.39116624313678
391.082115580685,229.736422173017,4.09001799703331
568.141282087181,408.499921890522,4.67085740391909
142.487960968583,283.195561858953,4.58096308885664
196.797425330033,368.157967886435,3.99618382982842
125.271494653584,409.236655645672,3.41800993038377
627.53433636183,311.666605403863,4.56468848651832
-0.382608348844343,153.776547878876,4.27198241674685
542.678146919967,207.682705408225,4.22097635081551
33.8463778400728,491.525858076852,3.08393490919807
277.115617714019,23.3111706873613,4.05150091936924
535.479135461837,391.889334558776,3.38826521879278
76.9792184952264,70.9465086204369,5.30163313883115
4.66375855264384,76.3867471081619,3.32872923947173
588.863190777133,225.947772014731,4.09866471301529
443.987599766657,462.755768093546,4.74960962430233
656.557388920584,372.605396303576,3.15774620260363
99.9682479627347,480.409639284092,4.34157144308146
623.270051514008,87.2436910021819,4.0610322067137
421.56889133608,259.769879500033,3.61943576563526
10.1115941126103,184.287073209685,3.35176656969234
76.9317005452699,120.294669022522,4.26120057302839
613.609016035151,193.872925223175,4.26636315453539
253.882502921562,218.831001071638,4.12371390639076
571.853390278173,434.50978454947,3.91968515720212
299.868310492251,138.420865842252,3.90910002809591
529.956264468669,459.417651708341,3.59040128322591
45.9095787289231,427.628026237056,3.82939839775814
195.037782836587,287.802971931353,4.11505298941425
560.900490051378,249.430208720549,3.56608372418264
155.132045277909,23.6628292853575,3.97969971941872
500.038482306821,343.142973864236,4.19312179904173
42.1881335827745,59.2275544495835,4.17968874445786
550.810859271858,152.230732079597,4.67337972859275
NA,NA,NA
663.192331171995,329.669263834942,3.3777349633141
454.793094202199,305.058344285887,3.5588266001664
11.0050617633726,493.858902005229,3.81626595974339
566.46869604279,49.5026623213779,4.11868307414022
73.6962814439933,376.353389692064,3.92792292082343
223.696350524011,418.21740351774,3.87211387108469
428.984343122835,11.6613976321451,3.29945700143413
361.533892898448,290.672701496119,3.00208044577054
602.948390976883,104.272336244851,4.39116624313678
391.082115580685,229.736422173017,4.09001799703331
568.141282087181,408.499921890522,4.67085740391909
142.487960968583,283.195561858953,4.58096308885664
196.797425330033,368.157967886435,3.99618382982842
125.271494653584,409.236655645672,3.41800993038377
627.53433636183,311.666605403863,4.56468848651832
-0.382608348844343,153.776547878876,4.27198241674685
542.678146919967,207.682705408225,4.22097635081551
33.8463778400728,491.525858076852,3.08393490919807
277.115617714019,23.3111706873613,4.05150091936924
535.479135461837,391.889334558776,3.38826521879278
76.9792184952264,70.9465086204369,5.30163313883115
4.66375855264384,76.3867471081619,3.32872923947173
588.863190777133,225.947772014731,4.09866471301529
443.987599766657,462.755768093546,4.74960962430233
656.557388920584,372.605396303576,3.15774620260363
99.9682479627347,480.409639284092,4.34157144308146
623.270051514008,87.2436910021819,4.0610322067137
421.56889133608,259.769879500033,3.61943576563526
10.1115941126103,184.287073209685,3.35176656969234
76.9317005452699,120.294669022522,4.26120057302839
613.609016035151,193.872925223175,4.26636315453539
253.882502921562,218.831001071638,4.12371390639076
571.853390278173,434.50978454947,3.91968515720212
299.868310492251,138.420865842252,3.90910002809591
529.956264468669,459.417651708341,3.59040128322591
45.9095787289231,427.628026237056,3.82939839775814
195.037782836587,287.802971931353,4.11505298941425
560.900490051378,249.430208720549,3.56608372418264
155.132045277909,23.6628292853575,3.97969971941872
500.038482306821,343.142973864236,4.19312179904173
42.1881335827745,59.2275544495835,4.17968874445786
550.810859271858,152.230732079597,4.67337972859275
NA,NA,NA
663.192331171995,329.669263834942,3.3777349633141
454.793094202199,305.058344285887,3.5588266001664
11.0050617633726,493.858902005229,3.81626595974339
566.46869604279,49.5026623213779,4.11868307414022
73.6962814439933,376.353389692064,3.92792292082343
223.696350524011,418.21740351774,3.87211387108469
428.984343122835,11.6613976321451,3.29945700143413
361.533892898448,290.672701496119,3.00208044577054
602.948390976883,104.272336244851,4.39116624313678
391.082115580685,229.736422173017,4.09001799703331
568.141282087181,408.499921890522,4.67085740391909
142.487960968583,283.195561858953,4.58096308885664
196.797425330033,368.157967886435,3.99618382982842
125.271494653584,409.236655645672,3.41800993038377
627.53433636183,311.666605403863,4.56468848651832
-0.382608348844343,153.776547878876,4.27198241674685
542.678146919967,207.682705408225,4.22097635081551
33.8463778400728,491.525858076852,3.08393490919807
277.115617714019,23.3111706873613,4.05150091936924
535.479135461837,391.889334558776,3.38826521879278
76.9792184952264,70.9465086204369,5.30163313883115
4.66375855264384,76.3867471081619,3.32872923947173
588.863190777133,225.947772014731,4.09866471301529
443.987599766657,462.755768093546,4.74960962430233
656.557388920584,372.605396303576,3.15774620260363
99.9682479627347,480.409639284092,4.34157144308146
623.270051514008,87.2436910021819,4.0610322067137
421.56889133608,259.769879500033,3.61943576563526
10.1115941126103,184.287073209685,3.35176656969234
76.9317005452699,120.294669022522,4.26120057302839
613.609016035151,193.872925223175,4.26636315453539
253.882502921562,218.831001071638,4.12371390639076
571.853390278173,434.50978454947,3.91968515720212
299.868310492251,138.420865842252,3.90910002809591
529.956264468669,459.417651708341,3.59040128322591
45.9095787289231,427.628026237056,3.82939839775814
195.037782836587,287.802971931353,4.11505298941425
560.900490051378,249.430208720549,3.56608372418264
155.132045277909,23.6628292853575,3.97969971941872
500.038482306821,343.142973864236,4.19312179904173
42.1881335827745,59.2275544495835,4.17968874445786
550.810859271858,152.230732079597,4.67337972859275
NA,NA,NA
663.192331171995,329.669263834942,3.3777349633141
454.793094202199,305.058344285887,3.5588266001664
11.0050617633726,493.858902005229,3.81626595974339
566.46869604279,49.5026623213779,4.11868307414022
73.6962814439933,376.353389692064,3.92792292082343
223.696350524011,418.21740351774,3.87211387108469
428.984343122835,11.6613976321451,3.29945700143413
361.533892898448,290.672701496119,3.00208044577054
602.948390976883,104.272336244851,4.39116624313678
391.082115580685,229.736422173017,4.09001799703331
568.141282087181,408.499921890522,4.67085740391909
142.487960968583,283.195561858953,4.58096308885664
196.797425330033,368.157967886435,3.99618382982842
125.271494653584,409.236655645672,3.41800993038377
627.53433636183,311.666605403863,4.56468848651832
-0.382608348844343,153.776547878876,4.27198241674685
542.678146919967,207.682705408225,4.22097635081551
33.8463778400728,491.525858076852,3.08393490919807
277.115617714019,23.3111706873613,4.05150091936924
535.479135461837,391.889334558776,3.38826521879278
76.9792184952264,70.9465086204369,5.30163313883115
4.66375855264384,76.3867471081619,3.32872923947173
588.863190777133,225.947772014731,4.09866471301529
443.987599766657,462.755768093546,4.74960962430233
656.557388920584,372.605396303576,3.15774620260363
99.9682479627347,480.409639284092,4.34157144308146
623.270051514008,87.2436910021819,4.0610322067137
421.56889133608,259.769879500033,3.61943576563526
10.1115941126103,184.287073209685,3.35176656969234
76.9317005452699,120.294669022522,4.26120057302839
613.609016035151,193.872925223175,4.26636315453539
253.882502921562,218.831001071638,4.12371390639076
571.853390278173,434.50978454947,3.91968515720212
299.868310492251,138.420865842252,3.90910002809591
529.956264468669,459.417651708341,3.59040128322591
45.9095787289231,427.628026237056,3.82939839775814
195.037782836587,287.802971931353,4.11505298941425
560.900490051378,249.430208720549,3.56608372418264
155.132045277909,23.6628292853575,3.97969971941872
500.038482306821,343.142973864236,4.19312179904173
42.1881335827745,59.2275544495835,4.17968874445786
550.810859271858,152.230732079597,4.67337972859275
NA,NA,NA
663.192331171995,329.669263834942,3.3777349633141
454.793094202199,305.058344285887,3.5588266001664
11.0050617633726,493.858902005229,3.81626595974339
566.46869604279,49.5026623213779,4.11868307414022
73.6962814439933,376.353389692064,3.92792292082343
223.696350524011,418.21740351774,3.87211387108469
428.984343122835,11.6613976321451,3.29945700143413
361.533892898448,290.672701496119,3.00208044577054
602.948390976883,104.272336244851,4.39116624313678
391.082115580685,229.736422173017,4.09001799703331
568.141282087181,408.499921890522,4.67085740391909
142.487960968583,283.195561858953,4.58096308885664
196.797425330033,368.157967886435,3.99618382982842
125.271494653584,409.236655645672,3.41800993038377
627.53433636183,311.666605403863,4.56468848651832
-0.382608348844343,153.776547878876,4.27198241674685
542.678146919967,207.682705408225,4.22097635081551
33.8463778400728,491.525858076852,3.08393490919807
277.115617714019,23.3111706873613,4.05150091936924
535.479135461837,391.889334558776,3.38826521879278
76.9792184952264,70.9465086204369,5.30163313883115
4.66375855264384,76.3867471081619,3.32872923947173
588.863190777133,225.947772014731,4.09866471301529
443.987599766657,462.755768093546,4.74960962430233
656.557388920584,372.605396303576,3.15774620260363
99.9682479627347,480.409639284092,4.34157144308146
623.270051514008,87.2436910021819,4.0610322067137
421.56889133608,259.769879500033,3.61943576563526
10.1115941126103,184.287073209685,3.35176656969234
76.9317005452699,120.294669022522,4.26120057302839
613.609016035151,193.872925223175,4.26636315453539
253.882502921562,218.831001071638,4.12371390639076
571.853390278173,434.50978454947,3.91968515720212
299.868310492251,138.420865842252,3.90910002809591
529.956264468669,459.417651708341,3.59040128322591
45.9095787289231,427.628026237056,3.82939839775814
195.037782836587,287.802971931353,4.11505298941425
560.900490051378,249.430208720549,3.56608372418264
155.132045277909,23.6628292853575,3.97969971941872
500.038482306821,343.142973864236,4.19312179904173
42.1881335827745,59.2275544495835,4.17968874445786
550.810859271858,152.230732079597,4.67337972859275
NA,NA,NA
661.842746608119,337.148023688856,3.46609625174212
454.286525090526,303.040907963123,3.68110817603132
12.9021007694804,495.137484529532,3.547376486399
557.656125552697,48.0812766144954,4.19803494875418
69.9123068195907,375.433213343014,3.9371067465269
228.678726178738,412.582847236661,3.89712589206541
430.814934877115,15.1617718513361,3.45411093364619
360.801604964366,293.657922785129,2.9975099692352
601.533367831913,103.512328260466,4.22400117093258
398.309593053752,227.960934744021,4.23736760120643
572.010034848721,415.173775012893,4.75131937714616
141.262750257073,280.726984030226,4.45948126832368
200.525128662478,370.824645971723,4.08409564395409
123.09780692254,412.32192620636,3.45071384037335
627.321095510244,314.916216912397,4.4524634605537
-4.84437111437235,147.222937674636,4.36174408221868
543.674463204837,206.007863085875,4.2167176403005
34.4787504444679,491.786978326536,2.94160966216214
282.011550027421,21.5624979241476,3.76811554558893
534.267113524631,394.379488951659,3.45937676224413
79.7639317209884,73.1335760197933,5.07151174889029
5.96333789877187,76.6439878578928,3.51797219962215
587.52985020914,222.705374743394,3.97202885455656
434.238141372309,459.839930702719,4.71922024213244
658.85352727376,373.964367790172,2.97243620233575
104.640853977098,485.341227833624,4.30865364222529
621.262049972351,90.3377981716293,4.07598401444121
420.637071759593,261.601055694733,3.70533035445795
11.6076482756609,180.113696197085,3.28803386427356
87.9616652922501,110.933887510842,4.3836925247414
601.556252368856,213.809170813325,3.99030297840012
255.636984421364,221.500612603426,3.67919951139807
575.497252248285,432.230976120473,4.15389329919713
300.139335632828,138.611135933295,3.92355205765229
531.736009667112,454.634350893382,3.73982354403691
50.7917728870044,422.631254101436,3.85261963762044
194.695208213277,279.478184874411,4.17562021411656
562.312747261586,268.47486849803,3.81832118819111
170.683339787731,22.8994191912068,4.1514226762039
507.048288178677,348.167831334645,4.34854189831486
28.8663088624716,50.1050933761088,3.6316279511667
538.991595248842,148.722278099379,4.5652496215844
NA,NA,NA
661.842746608119,337.148023688856,3.46609625174212
454.286525090526,303.040907963123,3.68110817603132
12.9021007694804,495.137484529532,3.547376486399
557.656125552697,48.0812766144954,4.19803494875418
69.9123068195907,375.433213343014,3.9371067465269
228.678726178738,412.582847236661,3.89712589206541
430.814934877115,15.1617718513361,3.45411093364619
360.801604964366,293.657922785129,2.9975099692352
601.533367831913,103.512328260466,4.22400117093258
398.309593053752,227.960934744021,4.23736760120643
572.010034848721,415.173775012893,4.75131937714616
141.262750257073,280.726984030226,4.45948126832368
200.525128662478,370.824645971723,4.08409564395409
123.09780692254,412.32192620636,3.45071384037335
627.321095510244,314.916216912397,4.4524634605537
-4.84437111437235,147.222937674636,4.36174408221868
543.674463204837,206.007863085875,4.2167176403005
34.4787504444679,491.786978326536,2.94160966216214
282.011550027421,21.5624979241476,3.76811554558893
534.267113524631,394.379488951659,3.45937676224413
79.7639317209884,73.1335760197933,5.07151174889029
5.96333789877187,76.6439878578928,3.51797219962215
587.52985020914,222.705374743394,3.97202885455656
434.238141372309,459.839930702719,4.71922024213244
658.85352727376,373.964367790172,2.97243620233575
104.640853977098,485.341227833624,4.30865364222529
621.262049972351,90.3377981716293,4.07598401444121
420.637071759593,261.601055694733,3.70533035445795
11.6076482756609,180.113696197085,3.28803386427356
87.9616652922501,110.933887510842,4.3836925247414
601.556252368856,213.809170813325,3.99030297840012
255.636984421364,221.500612603426,3.67919951139807
575.497252248285,432.230976120473,4.15389329919713
300.139335632828,138.611135933295,3.92355205765229
531.736009667112,454.634350893382,3.73982354403691
50.7917728870044,422.631254101436,3.85261963762044
194.695208213277,279.478184874411,4.17562021411656
562.312747261586,268.47486849803,3.81832118819111
170.683339787731,22.8994191912068,4.1514226762039
507.048288178677,348.167831334645,4.34854189831486
28.8663088624716,50.1050933761088,3.6316279511667
538.991595248842,148.722278099379,4.5652496215844
NA,NA,NA
661.842746608119,337.148023688856,3.46609625174212
454.286525090526,303.040907963123,3.68110817603132
12.9021007694804,495.137484529532,3.547376486399
557.656125552697,48.0812766144954,4.19803494875418
69.9123068195907,375.433213343014,3.9371067465269
228.678726178738,412.582847236661,3.89712589206541
430.814934877115,15.1617718513361,3.45411093364619
360.801604964366,293.657922785129,2.9975099692352
601.533367831913,103.512328260466,4.22400117093258
398.309593053752,227.960934744021,4.23736760120643
572.010034848721,415.173775012893,4.75131937714616
141.262750257073,280.726984030226,4.45948126832368
200.525128662478,370.824645971723,4.08409564395409
123.09780692254,412.32192620636,3.45071384037335
627.321095510244,314.916216912397,4.4524634605537
-4.84437111437235,147.222937674636,4.36174408221868
543.674463204837,206.007863085875,4.2167176403005
34.4787504444679,491.786978326536,2.94160966216214
282.011550027421,21.5624979241476,3.76811554558893
534.267113524631,394.379488951659,3.45937676224413
79.7639317209884,73.1335760197933,5.07151174889029
5.96333789877187,76.6439878578928,3.51797219962215
587.52985020914,222.705374743394,3.97202885455656
434.238141372309,459.839930702719,4.71922024213244
658.85352727376,373.964367790172,2.97243620233575
104.640853977098,485.341227833624,4.30865364222529
621.262049972351,90.3377981716293,4.07598401444121
420.637071759593,261.601055694733,3.70533035445795
11.6076482756609,180.113696197085,3.28803386427356
87.9616652922501,110.933887510842,4.3836925247414
601.556252368856,213.809170813325,3.99030297840012
255.636984421364,221.500612603426,3.67919951139807
575.497252248285,432.230976120473,4.15389329919713
300.139335632828,138.611135933295,3.92355205765229
531.736009667112,454.634350893382,3.73982354403691
50.7917728870044,422.631254101436,3.85261963762044
194.695208213277,279.478184874411,4.17562021411656
562.312747261586,268.47486849803,3.81832118819111
170.683339787731,22.8994191912068,4.1514226762039
507.048288178677,348.167831334645,4.34854189831486
28.8663088624716,50.1050933761088,3.6316279511667
538.991595248842,148.722278099379,4.5652496215844
NA,NA,NA
661.842746608119,337.148023688856,3.46609625174212
454.286525090526,303.040907963123,3.68110817603132
12.9021007694804,495.137484529532,3.547376486399
557.656125552697,48.0812766144954,4.19803494875418
69.9123068195907,375.433213343014,3.9371067465269
228.678726178738,412.582847236661,3.89712589206541
430.814934877115,15.1617718513361,3.45411093364619
360.801604964366,293.657922785129,2.9975099692352
601.533367831913,103.512328260466,4.22400117093258
398.309593053752,227.960934744021,4.23736760120643
572.010034848721,415.173775012893,4.75131937714616
141.262750257073,280.726984030226,4.45948126832368
200.525128662478,370.824645971723,4.08409564395409
123.09780692254,412.32192620636,3.45071384037335
627.321095510244,314.916216912397,4.4524634605537
-4.84437111437235,147.222937674636,4.36174408221868
543.674463204837,206.007863085875,4.2167176403005
34.4787504444679,491.786978326536,2.94160966216214
282.011550027421,21.5624979241476,3.76811554558893
534.267113524631,394.379488951659,3.45937676224413
79.7639317209884,73.1335760197933,5.07151174889029
5.96333789877187,76.6439878578928,3.51797219962215
587.52985020914,222.705374743394,3.97202885455656
434.238141372309,459.839930702719,4.71922024213244
658.85352727376,373.964367790172,2.97243620233575
104.640853977098,485.341227833624,4.30865364222529
621.262049972351,90.3377981716293,4.07598401444121
420.637071759593,261.601055694733,3.70533035445795
11.6076482756609,180.113696197085,3.28803386427356
87.9616652922501,110.933887510842,4.3836925247414
601.556252368856,213.809170813325,3.99030297840012
255.636984421364,221.500612603426,3.67919951139807
575.497252248285,432.230976120473,4.15389329919713
300.139335632828,138.611135933295,3.92355205765229
531.736009667112,454.634350893382,3.73982354403691
50.7917728870044,422.631254101436,3.85261963762044
194.695208213277,279.478184874411,4.17562021411656
562.312747261586,268.47486849803,3.81832118819111
170.683339787731,22.8994191912068,4.1514226762039
507.048288178677,348.167831334645,4.34854189831486
28.8663088624716,50.1050933761088,3.6316279511667
538.991595248842,148.722278099379,4.5652496215844
NA,NA,NA
661.842746608119,337.148023688856,3.46609625174212
454.286525090526,303.040907963123,3.68110817603132
12.9021007694804,495.137484529532,3.547376486399
557.656125552697,48.0812766144954,4.19803494875418
69.9123068195907,375.433213343014,3.9371067465269
228.678726178738,412.582847236661,3.89712589206541
430.814934877115,15.1617718513361,3.45411093364619
360.801604964366,293.657922785129,2.9975099692352
601.533367831913,103.512328260466,4.22400117093258
398.309593053752,227.960934744021,4.23736760120643
572.010034848721,415.173775012893,4.75131937714616
141.262750257073,280.726984030226,4.45948126832368
200.525128662478,370.824645971723,4.08409564395409
123.09780692254,412.32192620636,3.45071384037335
627.321095510244,314.916216912397,4.4524634605537
-4.84437111437235,147.222937674636,4.36174408221868
543.674463204837,206.007863085875,4.2167176403005
34.4787504444679,491.786978326536,2.94160966216214
282.011550027421,21.5624979241476,3.76811554558893
534.267113524631,394.379488951659,3.45937676224413
79.7639317209884,73.1335760197933,5.07151174889029
5.96333789877187,76.6439878578928,3.51797219962215
587.52985020914,222.705374743394,3.97202885455656
434.238141372309,459.839930702719,4.71922024213244
658.85352727376,373.964367790172,2.97243620233575
104.640853977098,485.341227833624,4.30865364222529
621.262049972351,90.3377981716293,4.07598401444121
420.637071759593,261.601055694733,3.70533035445795
11.6076482756609,180.113696197085,3.28803386427356
87.9616652922501,110.933887510842,4.3836925247414
601.556252368856,213.809170813325,3.99030297840012
255.636984421364,221.500612603426,3.67919951139807
575.497252248285,432.230976120473,4.15389329919713
300.139335632828,138.611135933295,3.92355205765229
531.736009667112,454.634350893382,3.73982354403691
50.7917728870044,422.631254101436,3.85261963762044
194.695208213277,279.478184874411,4.17562021411656
562.312747261586,268.47486849803,3.81832118819111
170.683339787731,22.8994191912068,4.1514226762039
507.048288178677,348.167831334645,4.34854189831486
28.8663088624716,50.1050933761088,3.6316279511667
538.991595248842,148.722278099379,4.5652496215844
NA,NA,NA
661.842746608119,337.148023688856,3.46609625174212
454.286525090526,303.040907963123,3.68110817603132
12.9021007694804,495.137484529532,3.547376486399
557.656125552697,48.0812766144954,4.19803494875418
69.9123068195907,375.433213343014,3.9371067465269
228.678726178738,412.582847236661,3.89712589206541
430.814934877115,15.1617718513361,3.45411093364619
360.801604964366,293.657922785129,2.9975099692352
601.533367831913,103.512328260466,4.22400117093258
398.309593053752,227.960934744021,4.23736760120643
572.010034848721,415.173775012893,4.75131937714616
141.262750257073,280.726984030226,4.45948126832368
200.525128662478,370.824645971723,4.08409564395409
123.09780692254,412.32192620636,3.45071384037335
627.321095510244,314.916216912397,4.4524634605537
-4.84437111437235,147.222937674636,4.36174408221868
543.674463204837,206.007863085875,4.2167176403005
34.4787504444679,491.786978326536,2.94160966216214
282.011550027421,21.5624979241476,3.76811554558893
534.267113524631,394.379488951659,3.45937676224413
79.7639317209884,73.1335760197933,5.07151174889029
5.96333789877187,76.6439878578928,3.51797219962215
587.52985020914,222.705374743394,3.97202885455656
434.238141372309,459.839930702719,4.71922024213244
658.85352727376,373.964367790172,2.97243620233575
104.640853977098,485.341227833624,4.30865364222529
621.262049972351,90.3377981716293,4.07598401444121
420.637071759593,261.601055694733,3.70533035445795
11.6076482756609,180.113696197085,3.28803386427356
87.9616652922501,110.933887510842,4.3836925247414
601.556252368856,213.809170813325,3.99030297840012
255.636984421364,221.500612603426,3.67919951139807
575.497252248285,432.230976120473,4.15389329919713
300.139335632828,138.611135933295,3.92355205765229
531.736009667112,454.634350893382,3.73982354403691
50.7917728870044,422.631254101436,3.85261963762044
194.695208213277,279.478184874411,4.17562021411656
562.312747261586,268.47486849803,3.81832118819111
170.683339787731,22.8994191912068,4.1514226762039
507.048288178677,348.167831334645,4.34854189831486
28.8663088624716,50.1050933761088,3.6316279511667
538.991595248842,148.722278099379,4.5652496215844
NA,NA,NA
661.433364698997,334.894341357791,3.58497660946459
454.500371552273,300.625082599005,3.7756224058339
9.61064957557462,494.253441586184,3.62200458620777
566.028121222281,50.4896195628576,4.10541775816734
74.5977861074233,377.743920611246,4.04899971925861
224.515417648423,416.672612890799,3.8349935780926
427.384886466368,11.0484319247623,3.27247501183343
363.681102253305,291.057225265916,3.085065398055
607.311852437884,102.52965739646,4.19017626960201
390.713716611472,232.94645326516,4.18532638207317
565.239755660065,408.849632653772,4.70027921105282
140.109060659413,283.503013950002,4.52849363948537
196.940586154183,368.138413871161,4.04234564049921
126.389523225554,410.812950900586,3.46846039124617
625.569801982287,314.409107644688,4.61303843890862
-3.1084147191128,155.353687531646,4.2476084224939
545.587373427115,206.82058764249,4.12391446018572
32.5285350285836,491.364587022751,3.1250728264261
284.131643626009,21.9914593735996,3.74080865146062
536.397656408378,395.052306696612,3.44032322209095
74.1292520850203,75.0539802455737,5.23259296604974
8.81411319991962,75.7850976701573,3.66110036557407
588.502527802528,225.897008004046,3.97243203437745
449.216908067723,456.006317459943,4.79331167225114
658.88789413416,373.807022441974,3.14069273595917
101.288758167138,487.824541442387,4.326716418587
626.011034173865,90.2333862284958,4.1071006403338
418.226158558206,257.999489714059,3.64426210750612
10.4286597062629,180.907793210756,3.14384212556945
64.1330118590117,110.629459057076,4.46042314577647
614.714298044952,194.778748485785,4.4915958490869
257.891374709723,215.687926448903,4.19705900505203
569.020012057121,431.560176553194,3.77784563771518
300.006193134122,138.343383633885,3.81095580279348
525.612705359306,457.769913267887,3.36980521299332
52.3632361961734,410.026090231527,3.98745253353164
203.02293948913,288.632080131271,3.96359717097879
545.579131381877,255.037214008487,3.70267828077358
172.133918047013,19.1238158856007,4.03801470872234
501.696769245114,346.009078420757,4.23262502021609
39.1190632050446,50.2496630567636,3.47921629568556
538.236523308067,139.673628510493,4.76256334670079
NA,NA,NA
661.433364698997,334.894341357791,3.58497660946459
454.500371552273,300.625082599005,3.7756224058339
9.61064957557462,494.253441586184,3.62200458620777
566.028121222281,50.4896195628576,4.10541775816734
74.5977861074233,377.743920611246,4.04899971925861
224.515417648423,416.672612890799,3.8349935780926
427.384886466368,11.0484319247623,3.27247501183343
363.681102253305,291.057225265916,3.085065398055
607.311852437884,102.52965739646,4.19017626960201
390.713716611472,232.94645326516,4.18532638207317
565.239755660065,408.849632653772,4.70027921105282
140.109060659413,283.503013950002,4.52849363948537
196.940586154183,368.138413871161,4.04234564049921
126.389523225554,410.812950900586,3.46846039124617
625.569801982287,314.409107644688,4.61303843890862
-3.1084147191128,155.353687531646,4.2476084224939
545.587373427115,206.82058764249,4.12391446018572
32.5285350285836,491.364587022751,3.1250728264261
284.131643626009,21.9914593735996,3.74080865146062
536.397656408378,395.052306696612,3.44032322209095
74.1292520850203,75.0539802455737,5.23259296604974
8.81411319991962,75.7850976701573,3.66110036557407
588.502527802528,225.897008004046,3.97243203437745
449.216908067723,456.006317459943,4.79331167225114
658.88789413416,373.807022441974,3.14069273595917
101.288758167138,487.824541442387,4.326716418587
626.011034173865,90.2333862284958,4.1071006403338
418.226158558206,257.999489714059,3.64426210750612
10.4286597062629,180.907793210756,3.14384212556945
64.1330118590117,110.629459057076,4.46042314577647
614.714298044952,194.778748485785,4.4915958490869
257.891374709723,215.687926448903,4.19705900505203
569.020012057121,431.560176553194,3.77784563771518
300.006193134122,138.343383633885,3.81095580279348
525.612705359306,457.769913267887,3.36980521299332
52.3632361961734,410.026090231527,3.98745253353164
203.02293948913,288.632080131271,3.96359717097879
545.579131381877,255.037214008487,3.70267828077358
172.133918047013,19.1238158856007,4.03801470872234
501.696769245114,346.009078420757,4.23262502021609
39.1190632050446,50.2496630567636,3.47921629568556
538.236523308067,139.673628510493,4.76256334670079
NA,NA,NA
661.433364698997,334.894341357791,3.58497660946459
454.500371552273,300.625082599005,3.7756224058339
9.61064957557462,494.253441586184,3.62200458620777
566.028121222281,50.4896195628576,4.10541775816734
74.5977861074233,377.743920611246,4.04899971925861
224.515417648423,416.672612890799,3.8349935780926
427.384886466368,11.0484319247623,3.27247501183343
363.681102253305,291.057225265916,3.085065398055
607.311852437884,102.52965739646,4.19017626960201
390.713716611472,232.94645326516,4.18532638207317
565.239755660065,408.849632653772,4.70027921105282
140.109060659413,283.503013950002,4.52849363948537
196.940586154183,368.138413871161,4.04234564049921
126.389523225554,410.812950900586,3.46846039124617
625.569801982287,314.409107644688,4.61303843890862
-3.1084147191128,155.353687531646,4.2476084224939
545.587373427115,206.82058764249,4.12391446018572
32.5285350285836,491.364587022751,3.1250728264261
284.131643626009,21.9914593735996,3.74080865146062
536.397656408378,395.052306696612,3.44032322209095
74.1292520850203,75.0539802455737,5.23259296604974
8.81411319991962,75.7850976701573,3.66110036557407
588.502527802528,225.897008004046,3.97243203437745
449.216908067723,456.006317459943,4.79331167225114
658.88789413416,373.807022441974,3.14069273595917
101.288758167138,487.824541442387,4.326716418587
626.011034173865,90.2333862284958,4.1071006403338
418.226158558206,257.999489714059,3.64426210750612
10.4286597062629,180.907793210756,3.14384212556945
64.1330118590117,110.629459057076,4.46042314577647
614.714298044952,194.778748485785,4.4915958490869
257.891374709723,215.687926448903,4.19705900505203
569.020012057121,431.560176553194,3.77784563771518
300.006193134122,138.343383633885,3.81095580279348
525.612705359306,457.769913267887,3.36980521299332
52.3632361961734,410.026090231527,3.98745253353164
203.02293948913,288.632080131271,3.96359717097879
545.579131381877,255.037214008487,3.70267828077358
172.133918047013,19.1238158856007,4.03801470872234
501.696769245114,346.009078420757,4.23262502021609
39.1190632050446,50.2496630567636,3.47921629568556
538.236523308067,139.673628510493,4.76256334670079
NA,NA,NA
661.433364698997,334.894341357791,3.58497660946459
454.500371552273,300.625082599005,3.7756224058339
9.61064957557462,494.253441586184,3.62200458620777
566.028121222281,50.4896195628576,4.10541775816734
74.5977861074233,377.743920611246,4.04899971925861
224.515417648423,416.672612890799,3.8349935780926
427.384886466368,11.0484319247623,3.27247501183343
363.681102253305,291.057225265916,3.085065398055
607.311852437884,102.52965739646,4.19017626960201
390.713716611472,232.94645326516,4.18532638207317
565.239755660065,408.849632653772,4.70027921105282
140.109060659413,283.503013950002,4.52849363948537
196.940586154183,368.138413871161,4.04234564049921
126.389523225554,410.812950900586,3.46846039124617
625.569801982287,314.409107644688,4.61303843890862
-3.1084147191128,155.353687531646,4.2476084224939
545.587373427115,206.82058764249,4.12391446018572
32.5285350285836,491.364587022751,3.1250728264261
284.131643626009,21.9914593735996,3.74080865146062
536.397656408378,395.052306696612,3.44032322209095
74.1292520850203,75.0539802455737,5.23259296604974
8.81411319991962,75.7850976701573,3.66110036557407
588.502527802528,225.897008004046,3.97243203437745
449.216908067723,456.006317459943,4.79331167225114
658.88789413416,373.807022441974,3.14069273595917
101.288758167138,487.824541442387,4.326716418587
626.011034173865,90.2333862284958,4.1071006403338
418.226158558206,257.999489714059,3.64426210750612
10.4286597062629,180.907793210756,3.14384212556945
64.1330118590117,110.629459057076,4.46042314577647
614.714298044952,194.778748485785,4.4915958490869
257.891374709723,215.687926448903,4.19705900505203
569.020012057121,431.560176553194,3.77784563771518
300.006193134122,138.343383633885,3.81095580279348
525.612705359306,457.769913267887,3.36980521299332
52.3632361961734,410.026090231527,3.98745253353164
203.02293948913,288.632080131271,3.96359717097879
545.579131381877,255.037214008487,3.70267828077358
172.133918047013,19.1238158856007,4.03801470872234
501.696769245114,346.009078420757,4.23262502021609
39.1190632050446,50.2496630567636,3.47921629568556
538.236523308067,139.673628510493,4.76256334670079
NA,NA,NA
661.433364698997,334.894341357791,3.58497660946459
454.500371552273,300.625082599005,3.7756224058339
9.61064957557462,494.253441586184,3.62200458620777
566.028121222281,50.4896195628576,4.10541775816734
74.5977861074233,377.743920611246,4.04899971925861
224.515417648423,416.672612890799,3.8349935780926
427.384886466368,11.0484319247623,3.27247501183343
363.681102253305,291.057225265916,3.085065398055
607.311852437884,102.52965739646,4.19017626960201
390.713716611472,232.94645326516,4.18532638207317
565.239755660065,408.849632653772,4.70027921105282
140.109060659413,283.503013950002,4.52849363948537
196.940586154183,368.138413871161,4.04234564049921
126.389523225554,410.812950900586,3.46846039124617
625.569801982287,314.409107644688,4.61303843890862
-3.1084147191128,155.353687531646,4.2476084224939
545.587373427115,206.82058764249,4.12391446018572
32.5285350285836,491.364587022751,3.1250728264261
284.131643626009,21.9914593735996,3.74080865146062
536.397656408378,395.052306696612,3.44032322209095
74.1292520850203,75.0539802455737,5.23259296604974
8.81411319991962,75.7850976701573,3.66110036557407
588.502527802528,225.897008004046,3.97243203437745
449.216908067723,456.006317459943,4.79331167225114
658.88789413416,373.807022441974,3.14069273595917
101.288758167138,487.824541442387,4.326716418587
626.011034173865,90.2333862284958,4.1071006403338
418.226158558206,257.999489714059,3.64426210750612
10.4286597062629,180.907793210756,3.14384212556945
64.1330118590117,110.629459057076,4.46042314577647
614.714298044952,194.778748485785,4.4915958490869
257.891374709723,215.687926448903,4.19705900505203
569.020012057121,431.560176553194,3.77784563771518
300.006193134122,138.343383633885,3.81095580279348
525.612705359306,457.769913267887,3.36980521299332
52.3632361961734,410.026090231527,3.98745253353164
203.02293948913,288.632080131271,3.96359717097879
545.579131381877,255.037214008487,3.70267828077358
172.133918047013,19.1238158856007,4.03801470872234
501.696769245114,346.009078420757,4.23262502021609
39.1190632050446,50.2496630567636,3.47921629568556
538.236523308067,139.673628510493,4.76256334670079
NA,NA,NA
661.433364698997,334.894341357791,3.58497660946459
454.500371552273,300.625082599005,3.7756224058339
9.61064957557462,494.253441586184,3.62200458620777
566.028121222281,50.4896195628576,4.10541775816734
74.5977861074233,377.743920611246,4.04899971925861
224.515417648423,416.672612890799,3.8349935780926
427.384886466368,11.0484319247623,3.27247501183343
363.681102253305,291.057225265916,3.085065398055
607.311852437884,102.52965739646,4.19017626960201
390.713716611472,232.94645326516,4.18532638207317
565.239755660065,408.849632653772,4.70027921105282
140.109060659413,283.503013950002,4.52849363948537
196.940586154183,368.138413871161,4.04234564049921
126.389523225554,410.812950900586,3.46846039124617
625.569801982287,314.409107644688,4.61303843890862
-3.1084147191128,155.353687531646,4.2476084224939
545.587373427115,206.82058764249,4.12391446018572
32.5285350285836,491.364587022751,3.1250728264261
284.131643626009,21.9914593735996,3.74080865146062
536.397656408378,395.052306696612,3.44032322209095
74.1292520850203,75.0539802455737,5.23259296604974
8.81411319991962,75.7850976701573,3.66110036557407
588.502527802528,225.897008004046,3.97243203437745
449.216908067723,456.006317459943,4.79331167225114
658.88789413416,373.807022441974,3.14069273595917
101.288758167138,487.824541442387,4.326716418587
626.011034173865,90.2333862284958,4.1071006403338
418.226158558206,257.999489714059,3.64426210750612
10.4286597062629,180.907793210756,3.14384212556945
64.1330118590117,110.629459057076,4.46042314577647
614.714298044952,194.778748485785,4.4915958490869
257.891374709723,215.687926448903,4.19705900505203
569.020012057121,431.560176553194,3.77784563771518
300.006193134122,138.343383633885,3.81095580279348
525.612705359306,457.769913267887,3.36980521299332
52.3632361961734,410.026090231527,3.98745253353164
203.02293948913,288.632080131271,3.96359717097879
545.579131381877,255.037214008487,3.70267828077358
172.133918047013,19.1238158856007,4.03801470872234
501.696769245114,346.009078420757,4.23262502021609
39.1190632050446,50.2496630567636,3.47921629568556
538.236523308067,139.673628510493,4.76256334670079
NA,NA,NA
663.15464138263,335.82105183438,3.53217721901952
455.310442321353,298.159360649214,3.57351902621594
9.34721952657419,491.461082366692,3.92909372211141
565.616245639316,44.8794657033833,4.31437741618541
76.7603348478258,377.944169491744,3.7822577755707
231.693944812327,415.518558982148,3.87597582292138
427.213627547426,14.0646481748897,3.49938023324432
362.229523029775,294.352478278831,3.07588904764526
601.944359282751,106.445146738436,4.21471452389971
385.875809160487,231.246110454877,4.16191023504543
566.67776733099,410.374292516405,4.75239800497879
142.237040781486,282.764557789416,4.57946580569578
204.677467078355,364.424615014639,4.1419396934648
125.215561339132,409.647842948996,3.36828462032378
626.060345385887,315.287560231333,4.79601251545575
4.60319547986637,144.550782820261,4.24643408447854
539.327127358743,204.9720595171,4.12698842354617
34.4910496062983,493.615859629231,3.00487305510755
279.176823110153,21.6754881991688,3.85418348845592
532.228003628361,395.328455615593,3.49136266959837
68.2667072339644,79.6975017246519,5.3437528936057
5.12359967948424,77.3276667569869,3.45754099231914
588.579561090078,225.493046312271,3.95618646686564
439.221205218367,460.317662937357,4.83771694757813
659.356954404076,372.448725787212,3.06335233662857
107.298297446185,488.270330665129,4.31006507712581
623.540564544444,93.7949861637721,4.08055066996876
420.924832729938,260.396268944674,3.62473077308163
11.9830758267468,182.758075916786,3.11665772913678
69.6102693011228,128.575213672027,4.37752694946794
611.581654668691,194.779019543439,4.34843840689475
249.39908433556,220.279405260717,4.09717474416683
568.59222026668,428.745038723918,3.95349319509499
301.40708266456,137.176785606611,3.85713922668929
528.935740469462,459.979519423669,3.62841948370666
36.3484011054892,421.697197370073,4.01007766159976
183.916293772746,277.074206222994,4.28373515411812
553.85818781725,258.30529682668,3.8210610328706
161.657164489337,29.2384218488325,4.37095842882962
498.935052445741,345.918007481315,4.59789517781747
33.0983996767516,49.7251750408516,3.87964301606786
522.223545896749,156.058203270343,4.57416244536399
NA,NA,NA
663.15464138263,335.82105183438,3.53217721901952
455.310442321353,298.159360649214,3.57351902621594
9.34721952657419,491.461082366692,3.92909372211141
565.616245639316,44.8794657033833,4.31437741618541
76.7603348478258,377.944169491744,3.7822577755707
231.693944812327,415.518558982148,3.87597582292138
427.213627547426,14.0646481748897,3.49938023324432
362.229523029775,294.352478278831,3.07588904764526
601.944359282751,106.445146738436,4.21471452389971
385.875809160487,231.246110454877,4.16191023504543
566.67776733099,410.374292516405,4.75239800497879
142.237040781486,282.764557789416,4.57946580569578
204.677467078355,364.424615014639,4.1419396934648
125.215561339132,409.647842948996,3.36828462032378
626.060345385887,315.287560231333,4.79601251545575
4.60319547986637,144.550782820261,4.24643408447854
539.327127358743,204.9720595171,4.12698842354617
34.4910496062983,493.615859629231,3.00487305510755
279.176823110153,21.6754881991688,3.85418348845592
532.228003628361,395.328455615593,3.49136266959837
68.2667072339644,79.6975017246519,5.3437528936057
5.12359967948424,77.3276667569869,3.45754099231914
588.579561090078,225.493046312271,3.95618646686564
439.221205218367,460.317662937357,4.83771694757813
659.356954404076,372.448725787212,3.06335233662857
107.298297446185,488.270330665129,4.31006507712581
623.540564544444,93.7949861637721,4.08055066996876
420.924832729938,260.396268944674,3.62473077308163
11.9830758267468,182.758075916786,3.11665772913678
69.6102693011228,128.575213672027,4.37752694946794
611.581654668691,194.779019543439,4.34843840689475
249.39908433556,220.279405260717,4.09717474416683
568.59222026668,428.745038723918,3.95349319509499
301.40708266456,137.176785606611,3.85713922668929
528.935740469462,459.979519423669,3.62841948370666
36.3484011054892,421.697197370073,4.01007766159976
183.916293772746,277.074206222994,4.28373515411812
553.85818781725,258.30529682668,3.8210610328706
161.657164489337,29.2384218488325,4.37095842882962
498.935052445741,345.918007481315,4.59789517781747
33.0983996767516,49.7251750408516,3.87964301606786
522.223545896749,156.058203270343,4.57416244536399
NA,NA,NA
663.15464138263,335.82105183438,3.53217721901952
455.310442321353,298.159360649214,3.57351902621594
9.34721952657419,491.461082366692,3.92909372211141
565.616245639316,44.8794657033833,4.31437741618541
76.7603348478258,377.944169491744,3.7822577755707
231.693944812327,415.518558982148,3.87597582292138
427.213627547426,14.0646481748897,3.49938023324432
362.229523029775,294.352478278831,3.07588904764526
601.944359282751,106.445146738436,4.21471452389971
385.875809160487,231.246110454877,4.16191023504543
566.67776733099,410.374292516405,4.75239800497879
142.237040781486,282.764557789416,4.57946580569578
204.677467078355,364.424615014639,4.1419396934648
125.215561339132,409.647842948996,3.36828462032378
626.060345385887,315.287560231333,4.79601251545575
4.60319547986637,144.550782820261,4.24643408447854
539.327127358743,204.9720595171,4.12698842354617
34.4910496062983,493.615859629231,3.00487305510755
279.176823110153,21.6754881991688,3.85418348845592
532.228003628361,395.328455615593,3.49136266959837
68.2667072339644,79.6975017246519,5.3437528936057
5.12359967948424,77.3276667569869,3.45754099231914
588.579561090078,225.493046312271,3.95618646686564
439.221205218367,460.317662937357,4.83771694757813
659.356954404076,372.448725787212,3.06335233662857
107.298297446185,488.270330665129,4.31006507712581
623.540564544444,93.7949861637721,4.08055066996876
420.924832729938,260.396268944674,3.62473077308163
11.9830758267468,182.758075916786,3.11665772913678
69.6102693011228,128.575213672027,4.37752694946794
611.581654668691,194.779019543439,4.34843840689475
249.39908433556,220.279405260717,4.09717474416683
568.59222026668,428.745038723918,3.95349319509499
301.40708266456,137.176785606611,3.85713922668929
528.935740469462,459.979519423669,3.62841948370666
36.3484011054892,421.697197370073,4.01007766159976
183.916293772746,277.074206222994,4.28373515411812
553.85818781725,258.30529682668,3.8210610328706
161.657164489337,29.2384218488325,4.37095842882962
498.935052445741,345.918007481315,4.59789517781747
33.0983996767516,49.7251750408516,3.87964301606786
522.223545896749,156.058203270343,4.57416244536399
NA,NA,NA
663.15464138263,335.82105183438,3.53217721901952
455.310442321353,298.159360649214,3.57351902621594
9.34721952657419,491.461082366692,3.92909372211141
565.616245639316,44.8794657033833,4.31437741618541
76.7603348478258,377.944169491744,3.7822577755707
231.693944812327,415.518558982148,3.87597582292138
427.213627547426,14.0646481748897,3.49938023324432
362.229523029775,294.352478278831,3.07588904764526
601.944359282751,106.445146738436,4.21471452389971
385.875809160487,231.246110454877,4.16191023504543
566.67776733099,410.374292516405,4.75239800497879
142.237040781486,282.764557789416,4.57946580569578
204.677467078355,364.424615014639,4.1419396934648
125.215561339132,409.647842948996,3.36828462032378
626.060345385887,315.287560231333,4.79601251545575
4.60319547986637,144.550782820261,4.24643408447854
539.327127358743,204.9720595171,4.12698842354617
34.4910496062983,493.615859629231,3.00487305510755
279.176823110153,21.6754881991688,3.85418348845592
532.228003628361,395.328455615593,3.49136266959837
68.2667072339644,79.6975017246519,5.3437528936057
5.12359967948424,77.3276667569869,3.45754099231914
588.579561090078,225.493046312271,3.95618646686564
439.221205218367,460.317662937357,4.83771694757813
659.356954404076,372.448725787212,3.06335233662857
107.298297446185,488.270330665129,4.31006507712581
623.540564544444,93.7949861637721,4.08055066996876
420.924832729938,260.396268944674,3.62473077308163
11.9830758267468,182.758075916786,3.11665772913678
69.6102693011228,128.575213672027,4.37752694946794
611.581654668691,194.779019543439,4.34843840689475
249.39908433556,220.279405260717,4.09717474416683
568.59222026668,428.745038723918,3.95349319509499
301.40708266456,137.176785606611,3.85713922668929
528.935740469462,459.979519423669,3.62841948370666
36.3484011054892,421.697197370073,4.01007766159976
183.916293772746,277.074206222994,4.28373515411812
553.85818781725,258.30529682668,3.8210610328706
161.657164489337,29.2384218488325,4.37095842882962
498.935052445741,345.918007481315,4.59789517781747
33.0983996767516,49.7251750408516,3.87964301606786
522.223545896749,156.058203270343,4.57416244536399
NA,NA,NA
663.15464138263,335.82105183438,3.53217721901952
455.310442321353,298.159360649214,3.57351902621594
9.34721952657419,491.461082366692,3.92909372211141
565.616245639316,44.8794657033833,4.31437741618541
76.7603348478258,377.944169491744,3.7822577755707
231.693944812327,415.518558982148,3.87597582292138
427.213627547426,14.0646481748897,3.49938023324432
362.229523029775,294.352478278831,3.07588904764526
601.944359282751,106.445146738436,4.21471452389971
385.875809160487,231.246110454877,4.16191023504543
566.67776733099,410.374292516405,4.75239800497879
142.237040781486,282.764557789416,4.57946580569578
204.677467078355,364.424615014639,4.1419396934648
125.215561339132,409.647842948996,3.36828462032378
626.060345385887,315.287560231333,4.79601251545575
4.60319547986637,144.550782820261,4.24643408447854
539.327127358743,204.9720595171,4.12698842354617
34.4910496062983,493.615859629231,3.00487305510755
279.176823110153,21.6754881991688,3.85418348845592
532.228003628361,395.328455615593,3.49136266959837
68.2667072339644,79.6975017246519,5.3437528936057
5.12359967948424,77.3276667569869,3.45754099231914
588.579561090078,225.493046312271,3.95618646686564
439.221205218367,460.317662937357,4.83771694757813
659.356954404076,372.448725787212,3.06335233662857
107.298297446185,488.270330665129,4.31006507712581
623.540564544444,93.7949861637721,4.08055066996876
420.924832729938,260.396268944674,3.62473077308163
11.9830758267468,182.758075916786,3.11665772913678
69.6102693011228,128.575213672027,4.37752694946794
611.581654668691,194.779019543439,4.34843840689475
249.39908433556,220.279405260717,4.09717474416683
568.59222026668,428.745038723918,3.95349319509499
301.40708266456,137.176785606611,3.85713922668929
528.935740469462,459.979519423669,3.62841948370666
36.3484011054892,421.697197370073,4.01007766159976
183.916293772746,277.074206222994,4.28373515411812
553.85818781725,258.30529682668,3.8210610328706
161.657164489337,29.2384218488325,4.37095842882962
498.935052445741,345.918007481315,4.59789517781747
33.0983996767516,49.7251750408516,3.87964301606786
522.223545896749,156.058203270343,4.57416244536399
NA,NA,NA
663.15464138263,335.82105183438,3.53217721901952
455.310442321353,298.159360649214,3.57351902621594
9.34721952657419,491.461082366692,3.92909372211141
565.616245639316,44.8794657033833,4.31437741618541
76.7603348478258,377.944169491744,3.7822577755707
231.693944812327,415.518558982148,3.87597582292138
427.213627547426,14.0646481748897,3.49938023324432
362.229523029775,294.352478278831,3.07588904764526
601.944359282751,106.445146738436,4.21471452389971
385.875809160487,231.246110454877,4.16191023504543
566.67776733099,410.374292516405,4.75239800497879
142.237040781486,282.764557789416,4.57946580569578
204.677467078355,364.424615014639,4.1419396934648
125.215561339132,409.647842948996,3.36828462032378
626.060345385887,315.287560231333,4.79601251545575
4.60319547986637,144.550782820261,4.24643408447854
539.327127358743,204.9720595171,4.12698842354617
34.4910496062983,493.615859629231,3.00487305510755
279.176823110153,21.6754881991688,3.85418348845592
532.228003628361,395.328455615593,3.49136266959837
68.2667072339644,79.6975017246519,5.3437528936057
5.12359967948424,77.3276667569869,3.45754099231914
588.579561090078,225.493046312271,3.95618646686564
439.221205218367,460.317662937357,4.83771694757813
659.356954404076,372.448725787212,3.06335233662857
107.298297446185,488.270330665129,4.31006507712581
623.540564544444,93.7949861637721,4.08055066996876
420.924832729938,260.396268944674,3.62473077308163
11.9830758267468,182.758075916786,3.11665772913678
69.6102693011228,128.575213672027,4.37752694946794
611.581654668691,194.779019543439,4.34843840689475
249.39908433556,220.279405260717,4.09717474416683
568.59222026668,428.745038723918,3.95349319509499
301.40708266456,137.176785606611,3.85713922668929
528.935740469462,459.979519423669,3.62841948370666
36.3484011054892,421.697197370073,4.01007766159976
183.916293772746,277.074206222994,4.28373515411812
553.85818781725,258.30529682668,3.8210610328706
161.657164489337,29.2384218488325,4.37095842882962
498.935052445741,345.918007481315,4.59789517781747
33.0983996767516,49.7251750408516,3.87964301606786
522.223545896749,156.058203270343,4.57416244536399
NA,NA,NA
663.697703488764,334.870502954415,3.60132564957291
458.687515309723,299.269236780897,3.52857770281492
8.09309709517199,494.659964766862,3.71451421418991
563.321161751647,52.437008980447,4.2174359714567
74.9564735895719,375.49875559284,3.95252483582296
221.803317803951,414.95372707392,3.94604056151415
427.553959715032,13.9199385515446,3.42016291078594
362.60307672865,290.203358285657,3.20035256015336
602.88863918737,99.6450560843329,4.23464410158966
390.392759853587,233.427821823511,4.21220926870964
574.931397926765,410.343443591358,4.77638266890021
140.759885991951,285.008056205274,4.52455872750975
205.234519903633,375.078569060968,3.89888799176653
126.176857750413,413.464147743584,3.52439215077829
625.443429004253,319.47437228125,4.56984055660176
-0.721791317835107,146.363175081236,4.18691598565569
541.447525020257,204.41569914858,4.19388834120825
36.1291006734753,491.718509027149,2.95188936799433
281.048753727041,23.4659233031757,4.13751126106227
536.279224639456,391.053972502203,3.50594191343788
78.3665872669633,77.4212767950209,5.24639311184427
7.03695609918082,72.812556415429,3.50828428002963
590.119734980254,226.342453018437,3.92538217665309
440.716442764383,460.25107985452,4.81892478729818
656.844691018932,371.619064618553,3.01221260692573
103.359815439213,483.027558081719,4.35486495318681
625.690221198602,93.6255978714498,4.03938853784768
421.776479525093,259.442026974944,3.68005827544094
9.41600703878285,181.48443020892,3.09934479127712
69.4070454074955,117.17415645776,4.34337848538119
620.261517951061,202.867537857001,4.53832011944315
252.100379054485,221.19816671466,3.91396545710388
580.572797417336,439.539577923664,3.97440624945011
296.57833853307,137.180308638414,3.93669148940013
531.312380567808,464.036789836225,3.72270711669594
41.668445046023,417.625308494014,3.78770742797473
201.842248884528,295.278047113897,4.028134979341
544.26362033701,250.657158120187,3.51849196896832
156.147444536347,32.7005774561047,4.42272530569728
500.417764470237,339.446778620051,4.11220735018099
28.6087479777644,56.2629298709589,3.56755469200014
526.237172233666,146.074138815536,5.01168072811402
NA,NA,NA
663.697703488764,334.870502954415,3.60132564957291
458.687515309723,299.269236780897,3.52857770281492
8.09309709517199,494.659964766862,3.71451421418991
563.321161751647,52.437008980447,4.2174359714567
74.9564735895719,375.49875559284,3.95252483582296
221.803317803951,414.95372707392,3.94604056151415
427.553959715032,13.9199385515446,3.42016291078594
362.60307672865,290.203358285657,3.20035256015336
602.88863918737,99.6450560843329,4.23464410158966
390.392759853587,233.427821823511,4.21220926870964
574.931397926765,410.343443591358,4.77638266890021
140.759885991951,285.008056205274,4.52455872750975
205.234519903633,375.078569060968,3.89888799176653
126.176857750413,413.464147743584,3.52439215077829
625.443429004253,319.47437228125,4.56984055660176
-0.721791317835107,146.363175081236,4.18691598565569
541.447525020257,204.41569914858,4.19388834120825
36.1291006734753,491.718509027149,2.95188936799433
281.048753727041,23.4659233031757,4.13751126106227
536.279224639456,391.053972502203,3.50594191343788
78.3665872669633,77.4212767950209,5.24639311184427
7.03695609918082,72.812556415429,3.50828428002963
590.119734980254,226.342453018437,3.92538217665309
440.716442764383,460.25107985452,4.81892478729818
656.844691018932,371.619064618553,3.01221260692573
103.359815439213,483.027558081719,4.35486495318681
625.690221198602,93.6255978714498,4.03938853784768
421.776479525093,259.442026974944,3.68005827544094
9.41600703878285,181.48443020892,3.09934479127712
69.4070454074955,117.17415645776,4.34337848538119
620.261517951061,202.867537857001,4.53832011944315
252.100379054485,221.19816671466,3.91396545710388
580.572797417336,439.539577923664,3.97440624945011
296.57833853307,137.180308638414,3.93669148940013
531.312380567808,464.036789836225,3.72270711669594
41.668445046023,417.625308494014,3.78770742797473
201.842248884528,295.278047113897,4.028134979341
544.26362033701,250.657158120187,3.51849196896832
156.147444536347,32.7005774561047,4.42272530569728
500.417764470237,339.446778620051,4.11220735018099
28.6087479777644,56.2629298709589,3.56755469200014
526.237172233666,146.074138815536,5.01168072811402
NA,NA,NA
663.697703488764,334.870502954415,3.60132564957291
458.687515309723,299.269236780897,3.52857770281492
8.09309709517199,494.659964766862,3.71451421418991
563.321161751647,52.437008980447,4.2174359714567
74.9564735895719,375.49875559284,3.95252483582296
221.803317803951,414.95372707392,3.94604056151415
427.553959715032,13.9199385515446,3.42016291078594
362.60307672865,290.203358285657,3.20035256015336
602.88863918737,99.6450560843329,4.23464410158966
390.392759853587,233.427821823511,4.21220926870964
574.931397926765,410.343443591358,4.77638266890021
140.759885991951,285.008056205274,4.52455872750975
205.234519903633,375.078569060968,3.89888799176653
126.176857750413,413.464147743584,3.52439215077829
625.443429004253,319.47437228125,4.56984055660176
-0.721791317835107,146.363175081236,4.18691598565569
541.447525020257,204.41569914858,4.19388834120825
36.1291006734753,491.718509027149,2.95188936799433
281.048753727041,23.4659233031757,4.13751126106227
536.279224639456,391.053972502203,3.50594191343788
78.3665872669633,77.4212767950209,5.24639311184427
7.03695609918082,72.812556415429,3.50828428002963
590.119734980254,226.342453018437,3.92538217665309
440.716442764383,460.25107985452,4.81892478729818
656.844691018932,371.619064618553,3.01221260692573
103.359815439213,483.027558081719,4.35486495318681
625.690221198602,93.6255978714498,4.03938853784768
421.776479525093,259.442026974944,3.68005827544094
9.41600703878285,181.48443020892,3.09934479127712
69.4070454074955,117.17415645776,4.34337848538119
620.261517951061,202.867537857001,4.53832011944315
252.100379054485,221.19816671466,3.91396545710388
580.572797417336,439.539577923664,3.97440624945011
296.57833853307,137.180308638414,3.93669148940013
531.312380567808,464.036789836225,3.72270711669594
41.668445046023,417.625308494014,3.78770742797473
201.842248884528,295.278047113897,4.028134979341
544.26362033701,250.657158120187,3.51849196896832
156.147444536347,32.7005774561047,4.42272530569728
500.417764470237,339.446778620051,4.11220735018099
28.6087479777644,56.2629298709589,3.56755469200014
526.237172233666,146.074138815536,5.01168072811402
NA,NA,NA
663.697703488764,334.870502954415,3.60132564957291
458.687515309723,299.269236780897,3.52857770281492
8.09309709517199,494.659964766862,3.71451421418991
563.321161751647,52.437008980447,4.2174359714567
74.9564735895719,375.49875559284,3.95252483582296
221.803317803951,414.95372707392,3.94604056151415
427.553959715032,13.9199385515446,3.42016291078594
362.60307672865,290.203358285657,3.20035256015336
602.88863918737,99.6450560843329,4.23464410158966
390.392759853587,233.427821823511,4.21220926870964
574.931397926765,410.343443591358,4.77638266890021
140.759885991951,285.008056205274,4.52455872750975
205.234519903633,375.078569060968,3.89888799176653
126.176857750413,413.464147743584,3.52439215077829
625.443429004253,319.47437228125,4.56984055660176
-0.721791317835107,146.363175081236,4.18691598565569
541.447525020257,204.41569914858,4.19388834120825
36.1291006734753,491.718509027149,2.95188936799433
281.048753727041,23.4659233031757,4.13751126106227
536.279224639456,391.053972502203,3.50594191343788
78.3665872669633,77.4212767950209,5.24639311184427
7.03695609918082,72.812556415429,3.50828428002963
590.119734980254,226.342453018437,3.92538217665309
440.716442764383,460.25107985452,4.81892478729818
656.844691018932,371.619064618553,3.01221260692573
103.359815439213,483.027558081719,4.35486495318681
625.690221198602,93.6255978714498,4.03938853784768
421.776479525093,259.442026974944,3.68005827544094
9.41600703878285,181.48443020892,3.09934479127712
69.4070454074955,117.17415645776,4.34337848538119
620.261517951061,202.867537857001,4.53832011944315
252.100379054485,221.19816671466,3.91396545710388
580.572797417336,439.539577923664,3.97440624945011
296.57833853307,137.180308638414,3.93669148940013
531.312380567808,464.036789836225,3.72270711669594
41.668445046023,417.625308494014,3.78770742797473
201.842248884528,295.278047113897,4.028134979341
544.26362033701,250.657158120187,3.51849196896832
156.147444536347,32.7005774561047,4.42272530569728
500.417764470237,339.446778620051,4.11220735018099
28.6087479777644,56.2629298709589,3.56755469200014
526.237172233666,146.074138815536,5.01168072811402
NA,NA,NA
663.697703488764,334.870502954415,3.60132564957291
458.687515309723,299.269236780897,3.52857770281492
8.09309709517199,494.659964766862,3.71451421418991
563.321161751647,52.437008980447,4.2174359714567
74.9564735895719,375.49875559284,3.95252483582296
221.803317803951,414.95372707392,3.94604056151415
427.553959715032,13.9199385515446,3.42016291078594
362.60307672865,290.203358285657,3.20035256015336
602.88863918737,99.6450560843329,4.23464410158966
390.392759853587,233.427821823511,4.21220926870964
574.931397926765,410.343443591358,4.77638266890021
140.759885991951,285.008056205274,4.52455872750975
205.234519903633,375.078569060968,3.89888799176653
126.176857750413,413.464147743584,3.52439215077829
625.443429004253,319.47437228125,4.56984055660176
-0.721791317835107,146.363175081236,4.18691598565569
541.447525020257,204.41569914858,4.19388834120825
36.1291006734753,491.718509027149,2.95188936799433
281.048753727041,23.4659233031757,4.13751126106227
536.279224639456,391.053972502203,3.50594191343788
78.3665872669633,77.4212767950209,5.24639311184427
7.03695609918082,72.812556415429,3.50828428002963
590.119734980254,226.342453018437,3.92538217665309
440.716442764383,460.25107985452,4.81892478729818
656.844691018932,371.619064618553,3.01221260692573
103.359815439213,483.027558081719,4.35486495318681
625.690221198602,93.6255978714498,4.03938853784768
421.776479525093,259.442026974944,3.68005827544094
9.41600703878285,181.48443020892,3.09934479127712
69.4070454074955,117.17415645776,4.34337848538119
620.261517951061,202.867537857001,4.53832011944315
252.100379054485,221.19816671466,3.91396545710388
580.572797417336,439.539577923664,3.97440624945011
296.57833853307,137.180308638414,3.93669148940013
531.312380567808,464.036789836225,3.72270711669594
41.668445046023,417.625308494014,3.78770742797473
201.842248884528,295.278047113897,4.028134979341
544.26362033701,250.657158120187,3.51849196896832
156.147444536347,32.7005774561047,4.42272530569728
500.417764470237,339.446778620051,4.11220735018099
28.6087479777644,56.2629298709589,3.56755469200014
526.237172233666,146.074138815536,5.01168072811402
NA,NA,NA
663.697703488764,334.870502954415,3.60132564957291
458.687515309723,299.269236780897,3.52857770281492
8.09309709517199,494.659964766862,3.71451421418991
563.321161751647,52.437008980447,4.2174359714567
74.9564735895719,375.49875559284,3.95252483582296
221.803317803951,414.95372707392,3.94604056151415
427.553959715032,13.9199385515446,3.42016291078594
362.60307672865,290.203358285657,3.20035256015336
602.88863918737,99.6450560843329,4.23464410158966
390.392759853587,233.427821823511,4.21220926870964
574.931397926765,410.343443591358,4.77638266890021
140.759885991951,285.008056205274,4.52455872750975
205.234519903633,375.078569060968,3.89888799176653
126.176857750413,413.464147743584,3.52439215077829
625.443429004253,319.47437228125,4.56984055660176
-0.721791317835107,146.363175081236,4.18691598565569
541.447525020257,204.41569914858,4.19388834120825
36.1291006734753,491.718509027149,2.95188936799433
281.048753727041,23.4659233031757,4.13751126106227
536.279224639456,391.053972502203,3.50594191343788
78.3665872669633,77.4212767950209,5.24639311184427
7.03695609918082,72.812556415429,3.50828428002963
590.119734980254,226.342453018437,3.92538217665309
440.716442764383,460.25107985452,4.81892478729818
656.844691018932,371.619064618553,3.01221260692573
103.359815439213,483.027558081719,4.35486495318681
625.690221198602,93.6255978714498,4.03938853784768
421.776479525093,259.442026974944,3.68005827544094
9.41600703878285,181.48443020892,3.09934479127712
69.4070454074955,117.17415645776,4.34337848538119
620.261517951061,202.867537857001,4.53832011944315
252.100379054485,221.19816671466,3.91396545710388
580.572797417336,439.539577923664,3.97440624945011
296.57833853307,137.180308638414,3.93669148940013
531.312380567808,464.036789836225,3.72270711669594
41.668445046023,417.625308494014,3.78770742797473
201.842248884528,295.278047113897,4.028134979341
544.26362033701,250.657158120187,3.51849196896832
156.147444536347,32.7005774561047,4.42272530569728
500.417764470237,339.446778620051,4.11220735018099
28.6087479777644,56.2629298709589,3.56755469200014
526.237172233666,146.074138815536,5.01168072811402
NA,NA,NA
660.137695634015,331.388088832614,3.50982908718333
455.24669705898,298.735851980764,3.56625017575993
12.6506616939393,493.770769369239,3.69839458818745
562.140061754126,53.1581618582396,4.13129929021507
68.416096889091,375.307155942078,3.99944222527765
230.808058313647,413.338681771714,3.78270681326329
430.751820054532,13.1846404438088,3.09429827852706
361.088058218867,294.243156536599,2.94411331739013
604.152904264771,103.187941193437,4.14991853564757
386.806455529984,229.120502765503,4.10271189329531
565.93950890779,407.485434671928,4.64539124277713
143.099146383175,291.479213230289,4.32170006090385
201.514121913501,374.028681388094,3.98612441365021
125.446874869721,410.874511439357,3.42141530014712
621.524261187192,314.004265888312,4.59655910929845
4.39316348832022,144.405797684203,4.29913329330824
545.512054994585,202.534702372397,4.29559168275317
32.954547841228,490.797024449637,2.91504450381104
277.120319411029,23.2744888400904,3.97779012366692
537.310133395857,390.706744266778,3.3833525229897
69.2165569411258,79.2313083646834,5.30226188300278
6.80929185548834,76.1513197017897,3.53853441108288
584.852749029127,226.296913597491,4.00059513316141
442.768678676864,466.160078977832,4.8351757149005
661.466332686108,375.55521829809,3.00503134928181
106.808738015436,490.207809335859,4.37365313623196
622.0425863921,89.9155078967008,4.09438675843534
420.032389318478,259.762054779141,3.74829666549796
13.4842505574158,180.199780860522,3.0987130732299
72.4551430095648,115.016980746747,4.54226290447413
607.548471199712,200.705167641444,4.31173514192606
248.623696797612,224.920299520996,3.63891632000224
567.837910724834,433.774907954772,3.95785340834588
301.133572387805,139.050178194954,3.98846682232816
525.944521156283,457.702642431703,3.41523491765896
50.7816683642403,414.827384203891,3.68945249950037
213.365849802803,289.533534293453,3.94280534822798
556.420181871103,260.785820512702,3.76604561773551
180.73155402646,20.9938581876467,4.27051697585796
512.838008367132,348.005697339876,4.62952270455376
31.3765129025178,48.3139080419083,4.20255305955583
515.92779375887,155.482490811748,4.64149081253647
NA,NA,NA
660.137695634015,331.388088832614,3.50982908718333
455.24669705898,298.735851980764,3.56625017575993
12.6506616939393,493.770769369239,3.69839458818745
562.140061754126,53.1581618582396,4.13129929021507
68.416096889091,375.307155942078,3.99944222527765
230.808058313647,413.338681771714,3.78270681326329
430.751820054532,13.1846404438088,3.09429827852706
361.088058218867,294.243156536599,2.94411331739013
604.152904264771,103.187941193437,4.14991853564757
386.806455529984,229.120502765503,4.10271189329531
565.93950890779,407.485434671928,4.64539124277713
143.099146383175,291.479213230289,4.32170006090385
201.514121913501,374.028681388094,3.98612441365021
125.446874869721,410.874511439357,3.42141530014712
621.524261187192,314.004265888312,4.59655910929845
4.39316348832022,144.405797684203,4.29913329330824
545.512054994585,202.534702372397,4.29559168275317
32.954547841228,490.797024449637,2.91504450381104
277.120319411029,23.2744888400904,3.97779012366692
537.310133395857,390.706744266778,3.3833525229897
69.2165569411258,79.2313083646834,5.30226188300278
6.80929185548834,76.1513197017897,3.53853441108288
584.852749029127,226.296913597491,4.00059513316141
442.768678676864,466.160078977832,4.8351757149005
661.466332686108,375.55521829809,3.00503134928181
106.808738015436,490.207809335859,4.37365313623196
622.0425863921,89.9155078967008,4.09438675843534
420.032389318478,259.762054779141,3.74829666549796
13.4842505574158,180.199780860522,3.0987130732299
72.4551430095648,115.016980746747,4.54226290447413
607.548471199712,200.705167641444,4.31173514192606
248.623696797612,224.920299520996,3.63891632000224
567.837910724834,433.774907954772,3.95785340834588
301.133572387805,139.050178194954,3.98846682232816
525.944521156283,457.702642431703,3.41523491765896
50.7816683642403,414.827384203891,3.68945249950037
213.365849802803,289.533534293453,3.94280534822798
556.420181871103,260.785820512702,3.76604561773551
180.73155402646,20.9938581876467,4.27051697585796
512.838008367132,348.005697339876,4.62952270455376
31.3765129025178,48.3139080419083,4.20255305955583
515.92779375887,155.482490811748,4.64149081253647
NA,NA,NA
660.137695634015,331.388088832614,3.50982908718333
455.24669705898,298.735851980764,3.56625017575993
12.6506616939393,493.770769369239,3.69839458818745
562.140061754126,53.1581618582396,4.13129929021507
68.416096889091,375.307155942078,3.99944222527765
230.808058313647,413.338681771714,3.78270681326329
430.751820054532,13.1846404438088,3.09429827852706
361.088058218867,294.243156536599,2.94411331739013
604.152904264771,103.187941193437,4.14991853564757
386.806455529984,229.120502765503,4.10271189329531
565.93950890779,407.485434671928,4.64539124277713
143.099146383175,291.479213230289,4.32170006090385
201.514121913501,374.028681388094,3.98612441365021
125.446874869721,410.874511439357,3.42141530014712
621.524261187192,314.004265888312,4.59655910929845
4.39316348832022,144.405797684203,4.29913329330824
545.512054994585,202.534702372397,4.29559168275317
32.954547841228,490.797024449637,2.91504450381104
277.120319411029,23.2744888400904,3.97779012366692
537.310133395857,390.706744266778,3.3833525229897
69.2165569411258,79.2313083646834,5.30226188300278
6.80929185548834,76.1513197017897,3.53853441108288
584.852749029127,226.296913597491,4.00059513316141
442.768678676864,466.160078977832,4.8351757149005
661.466332686108,375.55521829809,3.00503134928181
106.808738015436,490.207809335859,4.37365313623196
622.0425863921,89.9155078967008,4.09438675843534
420.032389318478,259.762054779141,3.74829666549796
13.4842505574158,180.199780860522,3.0987130732299
72.4551430095648,115.016980746747,4.54226290447413
607.548471199712,200.705167641444,4.31173514192606
248.623696797612,224.920299520996,3.63891632000224
567.837910724834,433.774907954772,3.95785340834588
301.133572387805,139.050178194954,3.98846682232816
525.944521156283,457.702642431703,3.41523491765896
50.7816683642403,414.827384203891,3.68945249950037
213.365849802803,289.533534293453,3.94280534822798
556.420181871103,260.785820512702,3.76604561773551
180.73155402646,20.9938581876467,4.27051697585796
512.838008367132,348.005697339876,4.62952270455376
31.3765129025178,48.3139080419083,4.20255305955583
515.92779375887,155.482490811748,4.64149081253647
NA,NA,NA
660.137695634015,331.388088832614,3.50982908718333
455.24669705898,298.735851980764,3.56625017575993
12.6506616939393,493.770769369239,3.69839458818745
562.140061754126,53.1581618582396,4.13129929021507
68.416096889091,375.307155942078,3.99944222527765
230.808058313647,413.338681771714,3.78270681326329
430.751820054532,13.1846404438088,3.09429827852706
361.088058218867,294.243156536599,2.94411331739013
604.152904264771,103.187941193437,4.14991853564757
386.806455529984,229.120502765503,4.10271189329531
565.93950890779,407.485434671928,4.64539124277713
143.099146383175,291.479213230289,4.32170006090385
201.514121913501,374.028681388094,3.98612441365021
125.446874869721,410.874511439357,3.42141530014712
621.524261187192,314.004265888312,4.59655910929845
4.39316348832022,144.405797684203,4.29913329330824
545.512054994585,202.534702372397,4.29559168275317
32.954547841228,490.797024449637,2.91504450381104
277.120319411029,23.2744888400904,3.97779012366692
537.310133395857,390.706744266778,3.3833525229897
69.2165569411258,79.2313083646834,5.30226188300278
6.80929185548834,76.1513197017897,3.53853441108288
584.852749029127,226.296913597491,4.00059513316141
442.768678676864,466.160078977832,4.8351757149005
661.466332686108,375.55521829809,3.00503134928181
106.808738015436,490.207809335859,4.37365313623196
622.0425863921,89.9155078967008,4.09438675843534
420.032389318478,259.762054779141,3.74829666549796
13.4842505574158,180.199780860522,3.0987130732299
72.4551430095648,115.016980746747,4.54226290447413
607.548471199712,200.705167641444,4.31173514192606
248.623696797612,224.920299520996,3.63891632000224
567.837910724834,433.774907954772,3.95785340834588
301.133572387805,139.050178194954,3.98846682232816
525.944521156283,457.702642431703,3.41523491765896
50.7816683642403,414.827384203891,3.68945249950037
213.365849802803,289.533534293453,3.94280534822798
556.420181871103,260.785820512702,3.76604561773551
180.73155402646,20.9938581876467,4.27051697585796
512.838008367132,348.005697339876,4.62952270455376
31.3765129025178,48.3139080419083,4.20255305955583
515.92779375887,155.482490811748,4.64149081253647
NA,NA,NA
660.137695634015,331.388088832614,3.50982908718333
455.24669705898,298.735851980764,3.56625017575993
12.6506616939393,493.770769369239,3.69839458818745
562.140061754126,53.1581618582396,4.13129929021507
68.416096889091,375.307155942078,3.99944222527765
230.808058313647,413.338681771714,3.78270681326329
430.751820054532,13.1846404438088,3.09429827852706
361.088058218867,294.243156536599,2.94411331739013
604.152904264771,103.187941193437,4.14991853564757
386.806455529984,229.120502765503,4.10271189329531
565.93950890779,407.485434671928,4.64539124277713
143.099146383175,291.479213230289,4.32170006090385
201.514121913501,374.028681388094,3.98612441365021
125.446874869721,410.874511439357,3.42141530014712
621.524261187192,314.004265888312,4.59655910929845
4.39316348832022,144.405797684203,4.29913329330824
545.512054994585,202.534702372397,4.29559168275317
32.954547841228,490.797024449637,2.91504450381104
277.120319411029,23.2744888400904,3.97779012366692
537.310133395857,390.706744266778,3.3833525229897
69.2165569411258,79.2313083646834,5.30226188300278
6.80929185548834,76.1513197017897,3.53853441108288
584.852749029127,226.296913597491,4.00059513316141
442.768678676864,466.160078977832,4.8351757149005
661.466332686108,375.55521829809,3.00503134928181
106.808738015436,490.207809335859,4.37365313623196
622.0425863921,89.9155078967008,4.09438675843534
420.032389318478,259.762054779141,3.74829666549796
13.4842505574158,180.199780860522,3.0987130732299
72.4551430095648,115.016980746747,4.54226290447413
607.548471199712,200.705167641444,4.31173514192606
248.623696797612,224.920299520996,3.63891632000224
567.837910724834,433.774907954772,3.95785340834588
301.133572387805,139.050178194954,3.98846682232816
525.944521156283,457.702642431703,3.41523491765896
50.7816683642403,414.827384203891,3.68945249950037
213.365849802803,289.533534293453,3.94280534822798
556.420181871103,260.785820512702,3.76604561773551
180.73155402646,20.9938581876467,4.27051697585796
512.838008367132,348.005697339876,4.62952270455376
31.3765129025178,48.3139080419083,4.20255305955583
515.92779375887,155.482490811748,4.64149081253647
NA,NA,NA
660.137695634015,331.388088832614,3.50982908718333
455.24669705898,298.735851980764,3.56625017575993
12.6506616939393,493.770769369239,3.69839458818745
562.140061754126,53.1581618582396,4.13129929021507
68.416096889091,375.307155942078,3.99944222527765
230.808058313647,413.338681771714,3.78270681326329
430.751820054532,13.1846404438088,3.09429827852706
361.088058218867,294.243156536599,2.94411331739013
604.152904264771,103.187941193437,4.14991853564757
386.806455529984,229.120502765503,4.10271189329531
565.93950890779,407.485434671928,4.64539124277713
143.099146383175,291.479213230289,4.32170006090385
201.514121913501,374.028681388094,3.98612441365021
125.446874869721,410.874511439357,3.42141530014712
621.524261187192,314.004265888312,4.59655910929845
4.39316348832022,144.405797684203,4.29913329330824
545.512054994585,202.534702372397,4.29559168275317
32.954547841228,490.797024449637,2.91504450381104
277.120319411029,23.2744888400904,3.97779012366692
537.310133395857,390.706744266778,3.3833525229897
69.2165569411258,79.2313083646834,5.30226188300278
6.80929185548834,76.1513197017897,3.53853441108288
584.852749029127,226.296913597491,4.00059513316141
442.768678676864,466.160078977832,4.8351757149005
661.466332686108,375.55521829809,3.00503134928181
106.808738015436,490.207809335859,4.37365313623196
622.0425863921,89.9155078967008,4.09438675843534
420.032389318478,259.762054779141,3.74829666549796
13.4842505574158,180.199780860522,3.0987130732299
72.4551430095648,115.016980746747,4.54226290447413
607.548471199712,200.705167641444,4.31173514192606
248.623696797612,224.920299520996,3.63891632000224
567.837910724834,433.774907954772,3.95785340834588
301.133572387805,139.050178194954,3.98846682232816
525.944521156283,457.702642431703,3.41523491765896
50.7816683642403,414.827384203891,3.68945249950037
213.365849802803,289.533534293453,3.94280534822798
556.420181871103,260.785820512702,3.76604561773551
180.73155402646,20.9938581876467,4.27051697585796
512.838008367132,348.005697339876,4.62952270455376
31.3765129025178,48.3139080419083,4.20255305955583
515.92779375887,155.482490811748,4.64149081253647
NA,NA,NA
665.480934946831,332.74958754601,3.47618353106507
455.805559027473,296.236325766183,3.76322928971237
11.6042729039013,498.738002163776,3.82165430424228
560.617403784228,48.245939456246,4.18245868727118
73.741542741894,377.588525360752,3.91209268192578
230.20446225108,414.7184185413,3.90727286563396
430.184868726645,13.7548433267353,3.34804884192116
362.376609496115,292.852185929957,3.00086977109633
605.431320604351,108.615536321224,4.33656299072043
392.350807923254,223.663042695321,4.19964759484667
574.477371523623,404.570673898312,4.78953967348321
142.945706526877,283.053410870966,4.536552418844
198.954730948491,373.174119267078,4.10016625597422
121.282955877196,412.720270133278,3.46499781729296
624.064182303178,313.886416909246,4.67340277959263
2.34089237096749,141.180648065586,4.21251211637355
544.649552180537,204.042838144825,4.09286720428088
34.6966593086871,491.003284530757,3.03322523886526
279.362511919498,21.5370623973702,3.7730792904247
534.458408694811,393.475999796294,3.47066596254038
75.6368939151306,78.1385921616763,5.34595940282074
3.76297295479081,80.3504051087128,3.28450250278942
583.735501858208,225.780660836188,4.06891646427047
442.495185585615,454.139757631425,4.85237521576096
659.01229363913,372.708089547479,2.96640537829984
103.029655849694,485.379821432113,4.3627293089171
626.861790472857,90.7569392185354,4.09257410586421
419.752071267245,256.490345463576,3.53184251380393
9.66667970585759,180.964813457092,3.28009764203413
66.4111321546689,115.184759045178,4.21888059794681
598.358891944927,197.257562234655,3.91297368780622
256.354781049175,216.784418518493,3.86331431296994
567.101691468138,438.861863286638,3.60912803934495
298.076761564322,134.678585974734,3.98455635887887
531.331760202951,453.492840496811,3.70153367511188
40.1235525040547,434.143987940149,3.93165240945776
187.058920515383,294.391112704957,3.8803458544802
554.617616243655,258.653432349739,3.62222455121833
174.855869347866,30.0318988723145,4.09053014751332
498.841764650904,350.369905962381,4.52138480378387
46.0374182338188,44.0648997136473,3.69295251224322
529.408854812491,149.297316895369,4.51657520781591
NA,NA,NA
665.480934946831,332.74958754601,3.47618353106507
455.805559027473,296.236325766183,3.76322928971237
11.6042729039013,498.738002163776,3.82165430424228
560.617403784228,48.245939456246,4.18245868727118
73.741542741894,377.588525360752,3.91209268192578
230.20446225108,414.7184185413,3.90727286563396
430.184868726645,13.7548433267353,3.34804884192116
362.376609496115,292.852185929957,3.00086977109633
605.431320604351,108.615536321224,4.33656299072043
392.350807923254,223.663042695321,4.19964759484667
574.477371523623,404.570673898312,4.78953967348321
142.945706526877,283.053410870966,4.536552418844
198.954730948491,373.174119267078,4.10016625597422
121.282955877196,412.720270133278,3.46499781729296
624.064182303178,313.886416909246,4.67340277959263
2.34089237096749,141.180648065586,4.21251211637355
544.649552180537,204.042838144825,4.09286720428088
34.6966593086871,491.003284530757,3.03322523886526
279.362511919498,21.5370623973702,3.7730792904247
534.458408694811,393.475999796294,3.47066596254038
75.6368939151306,78.1385921616763,5.34595940282074
3.76297295479081,80.3504051087128,3.28450250278942
583.735501858208,225.780660836188,4.06891646427047
442.495185585615,454.139757631425,4.85237521576096
659.01229363913,372.708089547479,2.96640537829984
103.029655849694,485.379821432113,4.3627293089171
626.861790472857,90.7569392185354,4.09257410586421
419.752071267245,256.490345463576,3.53184251380393
9.66667970585759,180.964813457092,3.28009764203413
66.4111321546689,115.184759045178,4.21888059794681
598.358891944927,197.257562234655,3.91297368780622
256.354781049175,216.784418518493,3.86331431296994
567.101691468138,438.861863286638,3.60912803934495
298.076761564322,134.678585974734,3.98455635887887
531.331760202951,453.492840496811,3.70153367511188
40.1235525040547,434.143987940149,3.93165240945776
187.058920515383,294.391112704957,3.8803458544802
554.617616243655,258.653432349739,3.62222455121833
174.855869347866,30.0318988723145,4.09053014751332
498.841764650904,350.369905962381,4.52138480378387
46.0374182338188,44.0648997136473,3.69295251224322
529.408854812491,149.297316895369,4.51657520781591
NA,NA,NA
665.480934946831,332.74958754601,3.47618353106507
455.805559027473,296.236325766183,3.76322928971237
11.6042729039013,498.738002163776,3.82165430424228
560.617403784228,48.245939456246,4.18245868727118
73.741542741894,377.588525360752,3.91209268192578
230.20446225108,414.7184185413,3.90727286563396
430.184868726645,13.7548433267353,3.34804884192116
362.376609496115,292.852185929957,3.00086977109633
605.431320604351,108.615536321224,4.33656299072043
392.350807923254,223.663042695321,4.19964759484667
574.477371523623,404.570673898312,4.78953967348321
142.945706526877,283.053410870966,4.536552418844
198.954730948491,373.174119267078,4.10016625597422
121.282955877196,412.720270133278,3.46499781729296
624.064182303178,313.886416909246,4.67340277959263
2.34089237096749,141.180648065586,4.21251211637355
544.649552180537,204.042838144825,4.09286720428088
34.6966593086871,491.003284530757,3.03322523886526
279.362511919498,21.5370623973702,3.7730792904247
534.458408694811,393.475999796294,3.47066596254038
75.6368939151306,78.1385921616763,5.34595940282074
3.76297295479081,80.3504051087128,3.28450250278942
583.735501858208,225.780660836188,4.06891646427047
442.495185585615,454.139757631425,4.85237521576096
659.01229363913,372.708089547479,2.96640537829984
103.029655849694,485.379821432113,4.3627293089171
626.861790472857,90.7569392185354,4.09257410586421
419.752071267245,256.490345463576,3.53184251380393
9.66667970585759,180.964813457092,3.28009764203413
66.4111321546689,115.184759045178,4.21888059794681
598.358891944927,197.257562234655,3.91297368780622
256.354781049175,216.784418518493,3.86331431296994
567.101691468138,438.861863286638,3.60912803934495
298.076761564322,134.678585974734,3.98455635887887
531.331760202951,453.492840496811,3.70153367511188
40.1235525040547,434.143987940149,3.93165240945776
187.058920515383,294.391112704957,3.8803458544802
554.617616243655,258.653432349739,3.62222455121833
174.855869347866,30.0318988723145,4.09053014751332
498.841764650904,350.369905962381,4.52138480378387
46.0374182338188,44.0648997136473,3.69295251224322
529.408854812491,149.297316895369,4.51657520781591
NA,NA,NA
665.480934946831,332.74958754601,3.47618353106507
455.805559027473,296.236325766183,3.76322928971237
11.6042729039013,498.738002163776,3.82165430424228
560.617403784228,48.245939456246,4.18245868727118
73.741542741894,377.588525360752,3.91209268192578
230.20446225108,414.7184185413,3.90727286563396
430.184868726645,13.7548433267353,3.34804884192116
362.376609496115,292.852185929957,3.00086977109633
605.431320604351,108.615536321224,4.33656299072043
392.350807923254,223.663042695321,4.19964759484667
574.477371523623,404.570673898312,4.78953967348321
142.945706526877,283.053410870966,4.536552418844
198.954730948491,373.174119267078,4.10016625597422
121.282955877196,412.720270133278,3.46499781729296
624.064182303178,313.886416909246,4.67340277959263
2.34089237096749,141.180648065586,4.21251211637355
544.649552180537,204.042838144825,4.09286720428088
34.6966593086871,491.003284530757,3.03322523886526
279.362511919498,21.5370623973702,3.7730792904247
534.458408694811,393.475999796294,3.47066596254038
75.6368939151306,78.1385921616763,5.34595940282074
3.76297295479081,80.3504051087128,3.28450250278942
583.735501858208,225.780660836188,4.06891646427047
442.495185585615,454.139757631425,4.85237521576096
659.01229363913,372.708089547479,2.96640537829984
103.029655849694,485.379821432113,4.3627293089171
626.861790472857,90.7569392185354,4.09257410586421
419.752071267245,256.490345463576,3.53184251380393
9.66667970585759,180.964813457092,3.28009764203413
66.4111321546689,115.184759045178,4.21888059794681
598.358891944927,197.257562234655,3.91297368780622
256.354781049175,216.784418518493,3.86331431296994
567.101691468138,438.861863286638,3.60912803934495
298.076761564322,134.678585974734,3.98455635887887
531.331760202951,453.492840496811,3.70153367511188
40.1235525040547,434.143987940149,3.93165240945776
187.058920515383,294.391112704957,3.8803458544802
554.617616243655,258.653432349739,3.62222455121833
174.855869347866,30.0318988723145,4.09053014751332
498.841764650904,350.369905962381,4.52138480378387
46.0374182338188,44.0648997136473,3.69295251224322
529.408854812491,149.297316895369,4.51657520781591
NA,NA,NA
665.480934946831,332.74958754601,3.47618353106507
455.805559027473,296.236325766183,3.76322928971237
11.6042729039013,498.738002163776,3.82165430424228
560.617403784228,48.245939456246,4.18245868727118
73.741542741894,377.588525360752,3.91209268192578
230.20446225108,414.7184185413,3.90727286563396
430.184868726645,13.7548433267353,3.34804884192116
362.376609496115,292.852185929957,3.00086977109633
605.431320604351,108.615536321224,4.33656299072043
392.350807923254,223.663042695321,4.19964759484667
574.477371523623,404.570673898312,4.78953967348321
142.945706526877,283.053410870966,4.536552418844
198.954730948491,373.174119267078,4.10016625597422
121.282955877196,412.720270133278,3.46499781729296
624.064182303178,313.886416909246,4.67340277959263
2.34089237096749,141.180648065586,4.21251211637355
544.649552180537,204.042838144825,4.09286720428088
34.6966593086871,491.003284530757,3.03322523886526
279.362511919498,21.5370623973702,3.7730792904247
534.458408694811,393.475999796294,3.47066596254038
75.6368939151306,78.1385921616763,5.34595940282074
3.76297295479081,80.3504051087128,3.28450250278942
583.735501858208,225.780660836188,4.06891646427047
442.495185585615,454.139757631425,4.85237521576096
659.01229363913,372.708089547479,2.96640537829984
103.029655849694,485.379821432113,4.3627293089171
626.861790472857,90.7569392185354,4.09257410586421
419.752071267245,256.490345463576,3.53184251380393
9.66667970585759,180.964813457092,3.28009764203413
66.4111321546689,115.184759045178,4.21888059794681
598.358891944927,197.257562234655,3.91297368780622
256.354781049175,216.784418518493,3.86331431296994
567.101691468138,438.861863286638,3.60912803934495
298.076761564322,134.678585974734,3.98455635887887
531.331760202951,453.492840496811,3.70153367511188
40.1235525040547,434.143987940149,3.93165240945776
187.058920515383,294.391112704957,3.8803458544802
554.617616243655,258.653432349739,3.62222455121833
174.855869347866,30.0318988723145,4.09053014751332
498.841764650904,350.369905962381,4.52138480378387
46.0374182338188,44.0648997136473,3.69295251224322
529.408854812491,149.297316895369,4.51657520781591
NA,NA,NA
665.480934946831,332.74958754601,3.47618353106507
455.805559027473,296.236325766183,3.76322928971237
11.6042729039013,498.738002163776,3.82165430424228
560.617403784228,48.245939456246,4.18245868727118
73.741542741894,377.588525360752,3.91209268192578
230.20446225108,414.7184185413,3.90727286563396
430.184868726645,13.7548433267353,3.34804884192116
362.376609496115,292.852185929957,3.00086977109633
605.431320604351,108.615536321224,4.33656299072043
392.350807923254,223.663042695321,4.19964759484667
574.477371523623,404.570673898312,4.78953967348321
142.945706526877,283.053410870966,4.536552418844
198.954730948491,373.174119267078,4.10016625597422
121.282955877196,412.720270133278,3.46499781729296
624.064182303178,313.886416909246,4.67340277959263
2.34089237096749,141.180648065586,4.21251211637355
544.649552180537,204.042838144825,4.09286720428088
34.6966593086871,491.003284530757,3.03322523886526
279.362511919498,21.5370623973702,3.7730792904247
534.458408694811,393.475999796294,3.47066596254038
75.6368939151306,78.1385921616763,5.34595940282074
3.76297295479081,80.3504051087128,3.28450250278942
583.735501858208,225.780660836188,4.06891646427047
442.495185585615,454.139757631425,4.85237521576096
659.01229363913,372.708089547479,2.96640537829984
103.029655849694,485.379821432113,4.3627293089171
626.861790472857,90.7569392185354,4.09257410586421
419.752071267245,256.490345463576,3.53184251380393
9.66667970585759,180.964813457092,3.28009764203413
66.4111321546689,115.184759045178,4.21888059794681
598.358891944927,197.257562234655,3.91297368780622
256.354781049175,216.784418518493,3.86331431296994
567.101691468138,438.861863286638,3.60912803934495
298.076761564322,134.678585974734,3.98455635887887
531.331760202951,453.492840496811,3.70153367511188
40.1235525040547,434.143987940149,3.93165240945776
187.058920515383,294.391112704957,3.8803458544802
554.617616243655,258.653432349739,3.62222455121833
174.855869347866,30.0318988723145,4.09053014751332
498.841764650904,350.369905962381,4.52138480378387
46.0374182338188,44.0648997136473,3.69295251224322
529.408854812491,149.297316895369,4.51657520781591
NA,NA,NA
662.115054656982,334.351119504103,3.50602202982834
451.957907708203,300.681763490899,3.4261688772905
7.45181003263587,497.097293543835,3.58102754023433
562.511052899398,47.5186478008706,4.11757296497007
71.8144331014581,376.120219657557,4.02778166963205
228.583577761026,414.814790470825,3.89200868335887
427.945394478863,11.6609117682619,3.23354379618088
360.087452444359,293.216007281225,2.89620124349911
604.622758182129,108.241948134283,4.26033478503177
396.289427281063,232.103137900471,4.28766140913706
570.571542684985,411.622062639619,4.68618047134627
140.040078691719,278.758130053273,4.46343093096126
200.135978217605,371.063429316357,4.12630921209621
124.042282365515,410.204014972876,3.35223257529542
626.47842837848,312.469268044615,4.55472559898592
-5.22483274332514,145.236274302499,4.2891922294533
546.824160084453,207.50286145176,4.21431405119172
36.1500659077118,491.62005910478,2.89256284992414
277.834615318013,20.7784734448276,4.00695938792287
535.494960870511,392.379295504509,3.29691940645559
72.5266572356566,79.8914012460062,5.25943356708953
6.23135058397659,77.1163149341034,3.40323128032576
584.684331334393,225.173496708782,4.01359328066888
443.325020950998,454.491684954694,4.77573178560272
660.201889240675,374.88034539551,3.08140333327194
108.27942769952,485.496405997907,4.28638777865423
620.319084866688,90.4433557897999,4.02234411535628
421.909092290219,259.30823494086,3.73473509590498
10.3466690763612,181.309607084423,3.38947261364539
60.1592584817419,114.20622833288,4.36837302872142
600.348095767793,206.660046745355,4.15201040418753
244.225117757526,210.11622643475,3.73572776570624
567.935168961391,432.09415736571,3.98105105056368
303.404476165731,138.959522003048,3.71019848447095
526.298369467673,464.360964593218,3.60029236035942
49.4845608012819,422.127597666235,4.02417569729819
189.531033477673,279.777064537483,3.69010708533518
552.220380170609,258.762641236918,3.75870864044694
176.164136592313,25.8011637716043,3.91281766764744
491.344984242833,344.211856175056,4.66145905140862
33.052537421266,54.9772817361831,3.40790945395827
540.524097337584,154.705901556205,5.0732828542616
NA,NA,NA
662.115054656982,334.351119504103,3.50602202982834
451.957907708203,300.681763490899,3.4261688772905
7.45181003263587,497.097293543835,3.58102754023433
562.511052899398,47.5186478008706,4.11757296497007
71.8144331014581,376.120219657557,4.02778166963205
228.583577761026,414.814790470825,3.89200868335887
427.945394478863,11.6609117682619,3.23354379618088
360.087452444359,293.216007281225,2.89620124349911
604.622758182129,108.241948134283,4.26033478503177
396.289427281063,232.103137900471,4.28766140913706
570.571542684985,411.622062639619,4.68618047134627
140.040078691719,278.758130053273,4.46343093096126
200.135978217605,371.063429316357,4.12630921209621
124.042282365515,410.204014972876,3.35223257529542
626.47842837848,312.469268044615,4.55472559898592
-5.22483274332514,145.236274302499,4.2891922294533
546.824160084453,207.50286145176,4.21431405119172
36.1500659077118,491.62005910478,2.89256284992414
277.834615318013,20.7784734448276,4.00695938792287
535.494960870511,392.379295504509,3.29691940645559
72.5266572356566,79.8914012460062,5.25943356708953
6.23135058397659,77.1163149341034,3.40323128032576
584.684331334393,225.173496708782,4.01359328066888
443.325020950998,454.491684954694,4.77573178560272
660.201889240675,374.88034539551,3.08140333327194
108.27942769952,485.496405997907,4.28638777865423
620.319084866688,90.4433557897999,4.02234411535628
421.909092290219,259.30823494086,3.73473509590498
10.3466690763612,181.309607084423,3.38947261364539
60.1592584817419,114.20622833288,4.36837302872142
600.348095767793,206.660046745355,4.15201040418753
244.225117757526,210.11622643475,3.73572776570624
567.935168961391,432.09415736571,3.98105105056368
303.404476165731,138.959522003048,3.71019848447095
526.298369467673,464.360964593218,3.60029236035942
49.4845608012819,422.127597666235,4.02417569729819
189.531033477673,279.777064537483,3.69010708533518
552.220380170609,258.762641236918,3.75870864044694
176.164136592313,25.8011637716043,3.91281766764744
491.344984242833,344.211856175056,4.66145905140862
33.052537421266,54.9772817361831,3.40790945395827
540.524097337584,154.705901556205,5.0732828542616
NA,NA,NA
662.115054656982,334.351119504103,3.50602202982834
451.957907708203,300.681763490899,3.4261688772905
7.45181003263587,497.097293543835,3.58102754023433
562.511052899398,47.5186478008706,4.11757296497007
71.8144331014581,376.120219657557,4.02778166963205
228.583577761026,414.814790470825,3.89200868335887
427.945394478863,11.6609117682619,3.23354379618088
360.087452444359,293.216007281225,2.89620124349911
604.622758182129,108.241948134283,4.26033478503177
396.289427281063,232.103137900471,4.28766140913706
570.571542684985,411.622062639619,4.68618047134627
140.040078691719,278.758130053273,4.46343093096126
200.135978217605,371.063429316357,4.12630921209621
124.042282365515,410.204014972876,3.35223257529542
626.47842837848,312.469268044615,4.55472559898592
-5.22483274332514,145.236274302499,4.2891922294533
546.824160084453,207.50286145176,4.21431405119172
36.1500659077118,491.62005910478,2.89256284992414
277.834615318013,20.7784734448276,4.00695938792287
535.494960870511,392.379295504509,3.29691940645559
72.5266572356566,79.8914012460062,5.25943356708953
6.23135058397659,77.1163149341034,3.40323128032576
584.684331334393,225.173496708782,4.01359328066888
443.325020950998,454.491684954694,4.77573178560272
660.201889240675,374.88034539551,3.08140333327194
108.27942769952,485.496405997907,4.28638777865423
620.319084866688,90.4433557897999,4.02234411535628
421.909092290219,259.30823494086,3.73473509590498
10.3466690763612,181.309607084423,3.38947261364539
60.1592584817419,114.20622833288,4.36837302872142
600.348095767793,206.660046745355,4.15201040418753
244.225117757526,210.11622643475,3.73572776570624
567.935168961391,432.09415736571,3.98105105056368
303.404476165731,138.959522003048,3.71019848447095
526.298369467673,464.360964593218,3.60029236035942
49.4845608012819,422.127597666235,4.02417569729819
189.531033477673,279.777064537483,3.69010708533518
552.220380170609,258.762641236918,3.75870864044694
176.164136592313,25.8011637716043,3.91281766764744
491.344984242833,344.211856175056,4.66145905140862
33.052537421266,54.9772817361831,3.40790945395827
540.524097337584,154.705901556205,5.0732828542616
NA,NA,NA
662.115054656982,334.351119504103,3.50602202982834
451.957907708203,300.681763490899,3.4261688772905
7.45181003263587,497.097293543835,3.58102754023433
562.511052899398,47.5186478008706,4.11757296497007
71.8144331014581,376.120219657557,4.02778166963205
228.583577761026,414.814790470825,3.89200868335887
427.945394478863,11.6609117682619,3.23354379618088
360.087452444359,293.216007281225,2.89620124349911
604.622758182129,108.241948134283,4.26033478503177
396.289427281063,232.103137900471,4.28766140913706
570.571542684985,411.622062639619,4.68618047134627
140.040078691719,278.758130053273,4.46343093096126
200.135978217605,371.063429316357,4.12630921209621
124.042282365515,410.204014972876,3.35223257529542
626.47842837848,312.469268044615,4.55472559898592
-5.22483274332514,145.236274302499,4.2891922294533
546.824160084453,207.50286145176,4.21431405119172
36.1500659077118,491.62005910478,2.89256284992414
277.834615318013,20.7784734448276,4.00695938792287
535.494960870511,392.379295504509,3.29691940645559
72.5266572356566,79.8914012460062,5.25943356708953
6.23135058397659,77.1163149341034,3.40323128032576
584.684331334393,225.173496708782,4.01359328066888
443.325020950998,454.491684954694,4.77573178560272
660.201889240675,374.88034539551,3.08140333327194
108.27942769952,485.496405997907,4.28638777865423
620.319084866688,90.4433557897999,4.02234411535628
421.909092290219,259.30823494086,3.73473509590498
10.3466690763612,181.309607084423,3.38947261364539
60.1592584817419,114.20622833288,4.36837302872142
600.348095767793,206.660046745355,4.15201040418753
244.225117757526,210.11622643475,3.73572776570624
567.935168961391,432.09415736571,3.98105105056368
303.404476165731,138.959522003048,3.71019848447095
526.298369467673,464.360964593218,3.60029236035942
49.4845608012819,422.127597666235,4.02417569729819
189.531033477673,279.777064537483,3.69010708533518
552.220380170609,258.762641236918,3.75870864044694
176.164136592313,25.8011637716043,3.91281766764744
491.344984242833,344.211856175056,4.66145905140862
33.052537421266,54.9772817361831,3.40790945395827
540.524097337584,154.705901556205,5.0732828542616
NA,NA,NA
662.115054656982,334.351119504103,3.50602202982834
451.957907708203,300.681763490899,3.4261688772905
7.45181003263587,497.097293543835,3.58102754023433
562.511052899398,47.5186478008706,4.11757296497007
71.8144331014581,376.120219657557,4.02778166963205
228.583577761026,414.814790470825,3.89200868335887
427.945394478863,11.6609117682619,3.23354379618088
360.087452444359,293.216007281225,2.89620124349911
604.622758182129,108.241948134283,4.26033478503177
396.289427281063,232.103137900471,4.28766140913706
570.571542684985,411.622062639619,4.68618047134627
140.040078691719,278.758130053273,4.46343093096126
200.135978217605,371.063429316357,4.12630921209621
124.042282365515,410.204014972876,3.35223257529542
626.47842837848,312.469268044615,4.55472559898592
-5.22483274332514,145.236274302499,4.2891922294533
546.824160084453,207.50286145176,4.21431405119172
36.1500659077118,491.62005910478,2.89256284992414
277.834615318013,20.7784734448276,4.00695938792287
535.494960870511,392.379295504509,3.29691940645559
72.5266572356566,79.8914012460062,5.25943356708953
6.23135058397659,77.1163149341034,3.40323128032576
584.684331334393,225.173496708782,4.01359328066888
443.325020950998,454.491684954694,4.77573178560272
660.201889240675,374.88034539551,3.08140333327194
108.27942769952,485.496405997907,4.28638777865423
620.319084866688,90.4433557897999,4.02234411535628
421.909092290219,259.30823494086,3.73473509590498
10.3466690763612,181.309607084423,3.38947261364539
60.1592584817419,114.20622833288,4.36837302872142
600.348095767793,206.660046745355,4.15201040418753
244.225117757526,210.11622643475,3.73572776570624
567.935168961391,432.09415736571,3.98105105056368
303.404476165731,138.959522003048,3.71019848447095
526.298369467673,464.360964593218,3.60029236035942
49.4845608012819,422.127597666235,4.02417569729819
189.531033477673,279.777064537483,3.69010708533518
552.220380170609,258.762641236918,3.75870864044694
176.164136592313,25.8011637716043,3.91281766764744
491.344984242833,344.211856175056,4.66145905140862
33.052537421266,54.9772817361831,3.40790945395827
540.524097337584,154.705901556205,5.0732828542616
NA,NA,NA
662.115054656982,334.351119504103,3.50602202982834
451.957907708203,300.681763490899,3.4261688772905
7.45181003263587,497.097293543835,3.58102754023433
562.511052899398,47.5186478008706,4.11757296497007
71.8144331014581,376.120219657557,4.02778166963205
228.583577761026,414.814790470825,3.89200868335887
427.945394478863,11.6609117682619,3.23354379618088
360.087452444359,293.216007281225,2.89620124349911
604.622758182129,108.241948134283,4.26033478503177
396.289427281063,232.103137900471,4.28766140913706
570.571542684985,411.622062639619,4.68618047134627
140.040078691719,278.758130053273,4.46343093096126
200.135978217605,371.063429316357,4.12630921209621
124.042282365515,410.204014972876,3.35223257529542
626.47842837848,312.469268044615,4.55472559898592
-5.22483274332514,145.236274302499,4.2891922294533
546.824160084453,207.50286145176,4.21431405119172
36.1500659077118,491.62005910478,2.89256284992414
277.834615318013,20.7784734448276,4.00695938792287
535.494960870511,392.379295504509,3.29691940645559
72.5266572356566,79.8914012460062,5.25943356708953
6.23135058397659,77.1163149341034,3.40323128032576
584.684331334393,225.173496708782,4.01359328066888
443.325020950998,454.491684954694,4.77573178560272
660.201889240675,374.88034539551,3.08140333327194
108.27942769952,485.496405997907,4.28638777865423
620.319084866688,90.4433557897999,4.02234411535628
421.909092290219,259.30823494086,3.73473509590498
10.3466690763612,181.309607084423,3.38947261364539
60.1592584817419,114.20622833288,4.36837302872142
600.348095767793,206.660046745355,4.15201040418753
244.225117757526,210.11622643475,3.73572776570624
567.935168961391,432.09415736571,3.98105105056368
303.404476165731,138.959522003048,3.71019848447095
526.298369467673,464.360964593218,3.60029236035942
49.4845608012819,422.127597666235,4.02417569729819
189.531033477673,279.777064537483,3.69010708533518
552.220380170609,258.762641236918,3.75870864044694
176.164136592313,25.8011637716043,3.91281766764744
491.344984242833,344.211856175056,4.66145905140862
33.052537421266,54.9772817361831,3.40790945395827
540.524097337584,154.705901556205,5.0732828542616
NA,NA,NA
660.696933486862,336.067155875735,3.61046865320413
454.975220410559,300.80910732679,3.82682463889893
15.5453944268513,498.900801595097,3.76471145639404
561.597093151602,51.802880546826,4.20251794857198
72.1686393394509,374.939632029893,4.12812166219201
225.59172237216,414.730715761229,3.85776413715148
429.965505760755,13.5176021842383,3.44345355812474
360.165529051028,291.205456277838,3.01725654625306
605.697866239943,103.809501340977,4.30715292497824
393.113246500183,230.588683776062,4.17770475691779
568.79624363458,409.709415769928,4.7592989039069
145.281432424595,283.985979553205,4.65393554171915
196.950972917758,370.828841535892,4.07690768132249
126.220151974286,410.156840370696,3.42704528138988
620.79502073514,305.603518257573,4.57875464346451
4.99142025964879,154.221982856869,4.27174235442759
542.861907327348,207.340615337405,4.2193614196096
32.0274534538433,490.49843308614,3.0316701638078
277.90993770859,18.7936359174783,3.74241376947027
532.318468123729,394.646031749217,3.34847882382021
67.3116727133907,81.2207056131868,5.28454835026944
5.02298399105972,75.6191465472055,3.52382054441002
589.136191988129,228.894902085802,4.0889436630571
437.044620586309,453.374079532192,4.79293465601498
660.070414140813,375.022439820484,2.96396949033987
111.054414180261,485.559411989642,4.27344809881635
625.067839659897,88.0911190045681,4.12269988765226
419.773523555634,260.427313161841,3.59927702668121
11.1518660963741,181.791019844751,3.02552046386382
77.098126241898,113.707155920221,4.50812815170444
612.729532142247,198.65855215207,4.1611035762715
261.368255796972,219.313423407555,3.74553597664868
564.612878191755,438.784154385336,3.94102358985757
298.60285759349,136.960940075218,3.91684450160477
532.498529340922,454.911828082691,3.78962634871798
57.110564025756,415.762740962445,3.86960388553052
208.908804594369,291.000740551594,4.09411658480181
547.556641492171,263.89584878769,3.90003204593478
173.324392884411,20.2804194177921,4.48329576845978
485.72577426955,347.175342142701,4.23017466128209
43.1249630310574,52.8548073043262,3.72904184425865
517.24714016003,151.963037689703,4.68574983843845
NA,NA,NA
660.696933486862,336.067155875735,3.61046865320413
454.975220410559,300.80910732679,3.82682463889893
15.5453944268513,498.900801595097,3.76471145639404
561.597093151602,51.802880546826,4.20251794857198
72.1686393394509,374.939632029893,4.12812166219201
225.59172237216,414.730715761229,3.85776413715148
429.965505760755,13.5176021842383,3.44345355812474
360.165529051028,291.205456277838,3.01725654625306
605.697866239943,103.809501340977,4.30715292497824
393.113246500183,230.588683776062,4.17770475691779
568.79624363458,409.709415769928,4.7592989039069
145.281432424595,283.985979553205,4.65393554171915
196.950972917758,370.828841535892,4.07690768132249
126.220151974286,410.156840370696,3.42704528138988
620.79502073514,305.603518257573,4.57875464346451
4.99142025964879,154.221982856869,4.27174235442759
542.861907327348,207.340615337405,4.2193614196096
32.0274534538433,490.49843308614,3.0316701638078
277.90993770859,18.7936359174783,3.74241376947027
532.318468123729,394.646031749217,3.34847882382021
67.3116727133907,81.2207056131868,5.28454835026944
5.02298399105972,75.6191465472055,3.52382054441002
589.136191988129,228.894902085802,4.0889436630571
437.044620586309,453.374079532192,4.79293465601498
660.070414140813,375.022439820484,2.96396949033987
111.054414180261,485.559411989642,4.27344809881635
625.067839659897,88.0911190045681,4.12269988765226
419.773523555634,260.427313161841,3.59927702668121
11.1518660963741,181.791019844751,3.02552046386382
77.098126241898,113.707155920221,4.50812815170444
612.729532142247,198.65855215207,4.1611035762715
261.368255796972,219.313423407555,3.74553597664868
564.612878191755,438.784154385336,3.94102358985757
298.60285759349,136.960940075218,3.91684450160477
532.498529340922,454.911828082691,3.78962634871798
57.110564025756,415.762740962445,3.86960388553052
208.908804594369,291.000740551594,4.09411658480181
547.556641492171,263.89584878769,3.90003204593478
173.324392884411,20.2804194177921,4.48329576845978
485.72577426955,347.175342142701,4.23017466128209
43.1249630310574,52.8548073043262,3.72904184425865
517.24714016003,151.963037689703,4.68574983843845
NA,NA,NA
660.696933486862,336.067155875735,3.61046865320413
454.975220410559,300.80910732679,3.82682463889893
15.5453944268513,498.900801595097,3.76471145639404
561.597093151602,51.802880546826,4.20251794857198
72.1686393394509,374.939632029893,4.12812166219201
225.59172237216,414.730715761229,3.85776413715148
429.965505760755,13.5176021842383,3.44345355812474
360.165529051028,291.205456277838,3.01725654625306
605.697866239943,103.809501340977,4.30715292497824
393.113246500183,230.588683776062,4.17770475691779
568.79624363458,409.709415769928,4.7592989039069
145.281432424595,283.985979553205,4.65393554171915
196.950972917758,370.828841535892,4.07690768132249
126.220151974286,410.156840370696,3.42704528138988
620.79502073514,305.603518257573,4.57875464346451
4.99142025964879,154.221982856869,4.27174235442759
542.861907327348,207.340615337405,4.2193614196096
32.0274534538433,490.49843308614,3.0316701638078
277.90993770859,18.7936359174783,3.74241376947027
532.318468123729,394.646031749217,3.34847882382021
67.3116727133907,81.2207056131868,5.28454835026944
5.02298399105972,75.6191465472055,3.52382054441002
589.136191988129,228.894902085802,4.0889436630571
437.044620586309,453.374079532192,4.79293465601498
660.070414140813,375.022439820484,2.96396949033987
111.054414180261,485.559411989642,4.27344809881635
625.067839659897,88.0911190045681,4.12269988765226
419.773523555634,260.427313161841,3.59927702668121
11.1518660963741,181.791019844751,3.02552046386382
77.098126241898,113.707155920221,4.50812815170444
612.729532142247,198.65855215207,4.1611035762715
261.368255796972,219.313423407555,3.74553597664868
564.612878191755,438.784154385336,3.94102358985757
298.60285759349,136.960940075218,3.91684450160477
532.498529340922,454.911828082691,3.78962634871798
57.110564025756,415.762740962445,3.86960388553052
208.908804594369,291.000740551594,4.09411658480181
547.556641492171,263.89584878769,3.90003204593478
173.324392884411,20.2804194177921,4.48329576845978
485.72577426955,347.175342142701,4.23017466128209
43.1249630310574,52.8548073043262,3.72904184425865
517.24714016003,151.963037689703,4.68574983843845
NA,NA,NA
660.696933486862,336.067155875735,3.61046865320413
454.975220410559,300.80910732679,3.82682463889893
15.5453944268513,498.900801595097,3.76471145639404
561.597093151602,51.802880546826,4.20251794857198
72.1686393394509,374.939632029893,4.12812166219201
225.59172237216,414.730715761229,3.85776413715148
429.965505760755,13.5176021842383,3.44345355812474
360.165529051028,291.205456277838,3.01725654625306
605.697866239943,103.809501340977,4.30715292497824
393.113246500183,230.588683776062,4.17770475691779
568.79624363458,409.709415769928,4.7592989039069
145.281432424595,283.985979553205,4.65393554171915
196.950972917758,370.828841535892,4.07690768132249
126.220151974286,410.156840370696,3.42704528138988
620.79502073514,305.603518257573,4.57875464346451
4.99142025964879,154.221982856869,4.27174235442759
542.861907327348,207.340615337405,4.2193614196096
32.0274534538433,490.49843308614,3.0316701638078
277.90993770859,18.7936359174783,3.74241376947027
532.318468123729,394.646031749217,3.34847882382021
67.3116727133907,81.2207056131868,5.28454835026944
5.02298399105972,75.6191465472055,3.52382054441002
589.136191988129,228.894902085802,4.0889436630571
437.044620586309,453.374079532192,4.79293465601498
660.070414140813,375.022439820484,2.96396949033987
111.054414180261,485.559411989642,4.27344809881635
625.067839659897,88.0911190045681,4.12269988765226
419.773523555634,260.427313161841,3.59927702668121
11.1518660963741,181.791019844751,3.02552046386382
77.098126241898,113.707155920221,4.50812815170444
612.729532142247,198.65855215207,4.1611035762715
261.368255796972,219.313423407555,3.74553597664868
564.612878191755,438.784154385336,3.94102358985757
298.60285759349,136.960940075218,3.91684450160477
532.498529340922,454.911828082691,3.78962634871798
57.110564025756,415.762740962445,3.86960388553052
208.908804594369,291.000740551594,4.09411658480181
547.556641492171,263.89584878769,3.90003204593478
173.324392884411,20.2804194177921,4.48329576845978
485.72577426955,347.175342142701,4.23017466128209
43.1249630310574,52.8548073043262,3.72904184425865
517.24714016003,151.963037689703,4.68574983843845
NA,NA,NA
660.696933486862,336.067155875735,3.61046865320413
454.975220410559,300.80910732679,3.82682463889893
15.5453944268513,498.900801595097,3.76471145639404
561.597093151602,51.802880546826,4.20251794857198
72.1686393394509,374.939632029893,4.12812166219201
225.59172237216,414.730715761229,3.85776413715148
429.965505760755,13.5176021842383,3.44345355812474
360.165529051028,291.205456277838,3.01725654625306
605.697866239943,103.809501340977,4.30715292497824
393.113246500183,230.588683776062,4.17770475691779
568.79624363458,409.709415769928,4.7592989039069
145.281432424595,283.985979553205,4.65393554171915
196.950972917758,370.828841535892,4.07690768132249
126.220151974286,410.156840370696,3.42704528138988
620.79502073514,305.603518257573,4.57875464346451
4.99142025964879,154.221982856869,4.27174235442759
542.861907327348,207.340615337405,4.2193614196096
32.0274534538433,490.49843308614,3.0316701638078
277.90993770859,18.7936359174783,3.74241376947027
532.318468123729,394.646031749217,3.34847882382021
67.3116727133907,81.2207056131868,5.28454835026944
5.02298399105972,75.6191465472055,3.52382054441002
589.136191988129,228.894902085802,4.0889436630571
437.044620586309,453.374079532192,4.79293465601498
660.070414140813,375.022439820484,2.96396949033987
111.054414180261,485.559411989642,4.27344809881635
625.067839659897,88.0911190045681,4.12269988765226
419.773523555634,260.427313161841,3.59927702668121
11.1518660963741,181.791019844751,3.02552046386382
77.098126241898,113.707155920221,4.50812815170444
612.729532142247,198.65855215207,4.1611035762715
261.368255796972,219.313423407555,3.74553597664868
564.612878191755,438.784154385336,3.94102358985757
298.60285759349,136.960940075218,3.91684450160477
532.498529340922,454.911828082691,3.78962634871798
57.110564025756,415.762740962445,3.86960388553052
208.908804594369,291.000740551594,4.09411658480181
547.556641492171,263.89584878769,3.90003204593478
173.324392884411,20.2804194177921,4.48329576845978
485.72577426955,347.175342142701,4.23017466128209
43.1249630310574,52.8548073043262,3.72904184425865
517.24714016003,151.963037689703,4.68574983843845
NA,NA,NA
660.696933486862,336.067155875735,3.61046865320413
454.975220410559,300.80910732679,3.82682463889893
15.5453944268513,498.900801595097,3.76471145639404
561.597093151602,51.802880546826,4.20251794857198
72.1686393394509,374.939632029893,4.12812166219201
225.59172237216,414.730715761229,3.85776413715148
429.965505760755,13.5176021842383,3.44345355812474
360.165529051028,291.205456277838,3.01725654625306
605.697866239943,103.809501340977,4.30715292497824
393.113246500183,230.588683776062,4.17770475691779
568.79624363458,409.709415769928,4.7592989039069
145.281432424595,283.985979553205,4.65393554171915
196.950972917758,370.828841535892,4.07690768132249
126.220151974286,410.156840370696,3.42704528138988
620.79502073514,305.603518257573,4.57875464346451
4.99142025964879,154.221982856869,4.27174235442759
542.861907327348,207.340615337405,4.2193614196096
32.0274534538433,490.49843308614,3.0316701638078
277.90993770859,18.7936359174783,3.74241376947027
532.318468123729,394.646031749217,3.34847882382021
67.3116727133907,81.2207056131868,5.28454835026944
5.02298399105972,75.6191465472055,3.52382054441002
589.136191988129,228.894902085802,4.0889436630571
437.044620586309,453.374079532192,4.79293465601498
660.070414140813,375.022439820484,2.96396949033987
111.054414180261,485.559411989642,4.27344809881635
625.067839659897,88.0911190045681,4.12269988765226
419.773523555634,260.427313161841,3.59927702668121
11.1518660963741,181.791019844751,3.02552046386382
77.098126241898,113.707155920221,4.50812815170444
612.729532142247,198.65855215207,4.1611035762715
261.368255796972,219.313423407555,3.74553597664868
564.612878191755,438.784154385336,3.94102358985757
298.60285759349,136.960940075218,3.91684450160477
532.498529340922,454.911828082691,3.78962634871798
57.110564025756,415.762740962445,3.86960388553052
208.908804594369,291.000740551594,4.09411658480181
547.556641492171,263.89584878769,3.90003204593478
173.324392884411,20.2804194177921,4.48329576845978
485.72577426955,347.175342142701,4.23017466128209
43.1249630310574,52.8548073043262,3.72904184425865
517.24714016003,151.963037689703,4.68574983843845
NA,NA,NA
663.98638068761,336.095430777143,3.59654491027816
458.357870825584,300.173523383131,3.67763208115894
9.02999645314582,495.019518550672,3.68634766850862
565.61666707109,52.8270273691501,4.33629552548682
70.6568034583681,372.822513914675,3.94898512270612
225.861445686109,416.261822978405,4.06176276502543
430.291139426315,13.5518042515637,3.41711825114151
360.175587472413,289.985578384595,3.14807427639266
605.435776617907,106.751695757055,4.24015595745601
394.018288201389,224.498933374423,4.29373788357286
572.180760443242,403.265115842809,4.72080223319691
137.094686054737,281.691192283167,4.46255583761863
201.622483739295,370.577026329717,3.93530016855581
122.294794684329,412.549591771831,3.42320415313579
628.747994632495,311.805545428202,4.65084298541503
2.78819109576918,146.294692657293,4.38327735959911
545.691785370588,201.738207394974,4.25868240880798
33.9800446795491,490.794164068654,2.96743406813641
279.591521593711,24.8995393179531,3.98857331429592
531.978860196671,391.762398972838,3.45711861543868
73.535798947747,81.8486133537492,5.2081853849394
1.72859511852268,76.5642396949498,3.42754180405234
591.135893336731,222.178567912813,4.05352703538138
442.240150205973,457.697907984058,4.74441680237986
658.496799775681,374.340560112246,3.12497219541536
103.073977487368,484.493516610438,4.43590912609582
621.372250696828,92.9902867978269,4.12762607560296
420.980307088037,262.319081758503,3.57417448844422
10.5743337670291,180.914515649122,3.34169175945502
69.4005836959924,104.235558838787,4.51025532580881
603.686891626549,208.887484974736,4.49377890372754
254.080257623507,212.217007733349,3.75016203290447
571.363857311641,427.322721131843,3.60255132474739
297.940049878675,133.801560430165,3.90691987003731
535.972317143311,460.016336714369,3.48728258789298
44.1367240611155,422.629539092335,3.72559976228207
190.440112977977,296.247667042208,4.21260458410805
545.347824686578,262.949482581471,3.82024459639333
160.575439204427,40.0302880149789,4.12252878088709
504.650472941948,330.520230172286,4.581409011927
40.3301143021931,42.6877870588858,3.75877415009241
543.176535833954,149.983642240255,4.41925056065444
NA,NA,NA
663.98638068761,336.095430777143,3.59654491027816
458.357870825584,300.173523383131,3.67763208115894
9.02999645314582,495.019518550672,3.68634766850862
565.61666707109,52.8270273691501,4.33629552548682
70.6568034583681,372.822513914675,3.94898512270612
225.861445686109,416.261822978405,4.06176276502543
430.291139426315,13.5518042515637,3.41711825114151
360.175587472413,289.985578384595,3.14807427639266
605.435776617907,106.751695757055,4.24015595745601
394.018288201389,224.498933374423,4.29373788357286
572.180760443242,403.265115842809,4.72080223319691
137.094686054737,281.691192283167,4.46255583761863
201.622483739295,370.577026329717,3.93530016855581
122.294794684329,412.549591771831,3.42320415313579
628.747994632495,311.805545428202,4.65084298541503
2.78819109576918,146.294692657293,4.38327735959911
545.691785370588,201.738207394974,4.25868240880798
33.9800446795491,490.794164068654,2.96743406813641
279.591521593711,24.8995393179531,3.98857331429592
531.978860196671,391.762398972838,3.45711861543868
73.535798947747,81.8486133537492,5.2081853849394
1.72859511852268,76.5642396949498,3.42754180405234
591.135893336731,222.178567912813,4.05352703538138
442.240150205973,457.697907984058,4.74441680237986
658.496799775681,374.340560112246,3.12497219541536
103.073977487368,484.493516610438,4.43590912609582
621.372250696828,92.9902867978269,4.12762607560296
420.980307088037,262.319081758503,3.57417448844422
10.5743337670291,180.914515649122,3.34169175945502
69.4005836959924,104.235558838787,4.51025532580881
603.686891626549,208.887484974736,4.49377890372754
254.080257623507,212.217007733349,3.75016203290447
571.363857311641,427.322721131843,3.60255132474739
297.940049878675,133.801560430165,3.90691987003731
535.972317143311,460.016336714369,3.48728258789298
44.1367240611155,422.629539092335,3.72559976228207
190.440112977977,296.247667042208,4.21260458410805
545.347824686578,262.949482581471,3.82024459639333
160.575439204427,40.0302880149789,4.12252878088709
504.650472941948,330.520230172286,4.581409011927
40.3301143021931,42.6877870588858,3.75877415009241
543.176535833954,149.983642240255,4.41925056065444
NA,NA,NA
663.98638068761,336.095430777143,3.59654491027816
458.357870825584,300.173523383131,3.67763208115894
9.02999645314582,495.019518550672,3.68634766850862
565.61666707109,52.8270273691501,4.33629552548682
70.6568034583681,372.822513914675,3.94898512270612
225.861445686109,416.261822978405,4.06176276502543
430.291139426315,13.5518042515637,3.41711825114151
360.175587472413,289.985578384595,3.14807427639266
605.435776617907,106.751695757055,4.24015595745601
394.018288201389,224.498933374423,4.29373788357286
572.180760443242,403.265115842809,4.72080223319691
137.094686054737,281.691192283167,4.46255583761863
201.622483739295,370.577026329717,3.93530016855581
122.294794684329,412.549591771831,3.42320415313579
628.747994632495,311.805545428202,4.65084298541503
2.78819109576918,146.294692657293,4.38327735959911
545.691785370588,201.738207394974,4.25868240880798
33.9800446795491,490.794164068654,2.96743406813641
279.591521593711,24.8995393179531,3.98857331429592
531.978860196671,391.762398972838,3.45711861543868
73.535798947747,81.8486133537492,5.2081853849394
1.72859511852268,76.5642396949498,3.42754180405234
591.135893336731,222.178567912813,4.05352703538138
442.240150205973,457.697907984058,4.74441680237986
658.496799775681,374.340560112246,3.12497219541536
103.073977487368,484.493516610438,4.43590912609582
621.372250696828,92.9902867978269,4.12762607560296
420.980307088037,262.319081758503,3.57417448844422
10.5743337670291,180.914515649122,3.34169175945502
69.4005836959924,104.235558838787,4.51025532580881
603.686891626549,208.887484974736,4.49377890372754
254.080257623507,212.217007733349,3.75016203290447
571.363857311641,427.322721131843,3.60255132474739
297.940049878675,133.801560430165,3.90691987003731
535.972317143311,460.016336714369,3.48728258789298
44.1367240611155,422.629539092335,3.72559976228207
190.440112977977,296.247667042208,4.21260458410805
545.347824686578,262.949482581471,3.82024459639333
160.575439204427,40.0302880149789,4.12252878088709
504.650472941948,330.520230172286,4.581409011927
40.3301143021931,42.6877870588858,3.75877415009241
543.176535833954,149.983642240255,4.41925056065444
NA,NA,NA
663.98638068761,336.095430777143,3.59654491027816
458.357870825584,300.173523383131,3.67763208115894
9.02999645314582,495.019518550672,3.68634766850862
565.61666707109,52.8270273691501,4.33629552548682
70.6568034583681,372.822513914675,3.94898512270612
225.861445686109,416.261822978405,4.06176276502543
430.291139426315,13.5518042515637,3.41711825114151
360.175587472413,289.985578384595,3.14807427639266
605.435776617907,106.751695757055,4.24015595745601
394.018288201389,224.498933374423,4.29373788357286
572.180760443242,403.265115842809,4.72080223319691
137.094686054737,281.691192283167,4.46255583761863
201.622483739295,370.577026329717,3.93530016855581
122.294794684329,412.549591771831,3.42320415313579
628.747994632495,311.805545428202,4.65084298541503
2.78819109576918,146.294692657293,4.38327735959911
545.691785370588,201.738207394974,4.25868240880798
33.9800446795491,490.794164068654,2.96743406813641
279.591521593711,24.8995393179531,3.98857331429592
531.978860196671,391.762398972838,3.45711861543868
73.535798947747,81.8486133537492,5.2081853849394
1.72859511852268,76.5642396949498,3.42754180405234
591.135893336731,222.178567912813,4.05352703538138
442.240150205973,457.697907984058,4.74441680237986
658.496799775681,374.340560112246,3.12497219541536
103.073977487368,484.493516610438,4.43590912609582
621.372250696828,92.9902867978269,4.12762607560296
420.980307088037,262.319081758503,3.57417448844422
10.5743337670291,180.914515649122,3.34169175945502
69.4005836959924,104.235558838787,4.51025532580881
603.686891626549,208.887484974736,4.49377890372754
254.080257623507,212.217007733349,3.75016203290447
571.363857311641,427.322721131843,3.60255132474739
297.940049878675,133.801560430165,3.90691987003731
535.972317143311,460.016336714369,3.48728258789298
44.1367240611155,422.629539092335,3.72559976228207
190.440112977977,296.247667042208,4.21260458410805
545.347824686578,262.949482581471,3.82024459639333
160.575439204427,40.0302880149789,4.12252878088709
504.650472941948,330.520230172286,4.581409011927
40.3301143021931,42.6877870588858,3.75877415009241
543.176535833954,149.983642240255,4.41925056065444
NA,NA,NA
663.98638068761,336.095430777143,3.59654491027816
458.357870825584,300.173523383131,3.67763208115894
9.02999645314582,495.019518550672,3.68634766850862
565.61666707109,52.8270273691501,4.33629552548682
70.6568034583681,372.822513914675,3.94898512270612
225.861445686109,416.261822978405,4.06176276502543
430.291139426315,13.5518042515637,3.41711825114151
360.175587472413,289.985578384595,3.14807427639266
605.435776617907,106.751695757055,4.24015595745601
394.018288201389,224.498933374423,4.29373788357286
572.180760443242,403.265115842809,4.72080223319691
137.094686054737,281.691192283167,4.46255583761863
201.622483739295,370.577026329717,3.93530016855581
122.294794684329,412.549591771831,3.42320415313579
628.747994632495,311.805545428202,4.65084298541503
2.78819109576918,146.294692657293,4.38327735959911
545.691785370588,201.738207394974,4.25868240880798
33.9800446795491,490.794164068654,2.96743406813641
279.591521593711,24.8995393179531,3.98857331429592
531.978860196671,391.762398972838,3.45711861543868
73.535798947747,81.8486133537492,5.2081853849394
1.72859511852268,76.5642396949498,3.42754180405234
591.135893336731,222.178567912813,4.05352703538138
442.240150205973,457.697907984058,4.74441680237986
658.496799775681,374.340560112246,3.12497219541536
103.073977487368,484.493516610438,4.43590912609582
621.372250696828,92.9902867978269,4.12762607560296
420.980307088037,262.319081758503,3.57417448844422
10.5743337670291,180.914515649122,3.34169175945502
69.4005836959924,104.235558838787,4.51025532580881
603.686891626549,208.887484974736,4.49377890372754
254.080257623507,212.217007733349,3.75016203290447
571.363857311641,427.322721131843,3.60255132474739
297.940049878675,133.801560430165,3.90691987003731
535.972317143311,460.016336714369,3.48728258789298
44.1367240611155,422.629539092335,3.72559976228207
190.440112977977,296.247667042208,4.21260458410805
545.347824686578,262.949482581471,3.82024459639333
160.575439204427,40.0302880149789,4.12252878088709
504.650472941948,330.520230172286,4.581409011927
40.3301143021931,42.6877870588858,3.75877415009241
543.176535833954,149.983642240255,4.41925056065444
NA,NA,NA
663.98638068761,336.095430777143,3.59654491027816
458.357870825584,300.173523383131,3.67763208115894
9.02999645314582,495.019518550672,3.68634766850862
565.61666707109,52.8270273691501,4.33629552548682
70.6568034583681,372.822513914675,3.94898512270612
225.861445686109,416.261822978405,4.06176276502543
430.291139426315,13.5518042515637,3.41711825114151
360.175587472413,289.985578384595,3.14807427639266
605.435776617907,106.751695757055,4.24015595745601
394.018288201389,224.498933374423,4.29373788357286
572.180760443242,403.265115842809,4.72080223319691
137.094686054737,281.691192283167,4.46255583761863
201.622483739295,370.577026329717,3.93530016855581
122.294794684329,412.549591771831,3.42320415313579
628.747994632495,311.805545428202,4.65084298541503
2.78819109576918,146.294692657293,4.38327735959911
545.691785370588,201.738207394974,4.25868240880798
33.9800446795491,490.794164068654,2.96743406813641
279.591521593711,24.8995393179531,3.98857331429592
531.978860196671,391.762398972838,3.45711861543868
73.535798947747,81.8486133537492,5.2081853849394
1.72859511852268,76.5642396949498,3.42754180405234
591.135893336731,222.178567912813,4.05352703538138
442.240150205973,457.697907984058,4.74441680237986
658.496799775681,374.340560112246,3.12497219541536
103.073977487368,484.493516610438,4.43590912609582
621.372250696828,92.9902867978269,4.12762607560296
420.980307088037,262.319081758503,3.57417448844422
10.5743337670291,180.914515649122,3.34169175945502
69.4005836959924,104.235558838787,4.51025532580881
603.686891626549,208.887484974736,4.49377890372754
254.080257623507,212.217007733349,3.75016203290447
571.363857311641,427.322721131843,3.60255132474739
297.940049878675,133.801560430165,3.90691987003731
535.972317143311,460.016336714369,3.48728258789298
44.1367240611155,422.629539092335,3.72559976228207
190.440112977977,296.247667042208,4.21260458410805
545.347824686578,262.949482581471,3.82024459639333
160.575439204427,40.0302880149789,4.12252878088709
504.650472941948,330.520230172286,4.581409011927
40.3301143021931,42.6877870588858,3.75877415009241
543.176535833954,149.983642240255,4.41925056065444
NA,NA,NA
658.940592619976,336.659404086913,3.4629596459375
459.404988451835,301.983568798975,3.84736048498369
12.8937098448491,493.346430728575,3.60929760363556
557.42614047136,44.9892045573441,4.31270243519068
71.4770119214319,378.502164342786,4.02821183891291
228.391110077456,417.678726784374,3.91246625007173
428.317246618572,13.5405938020229,3.31597266183863
361.393814727685,295.022876478881,3.01378104880045
606.86311002121,106.657818658095,4.22133134940725
400.937916698621,229.533154984052,4.3331255458356
562.87476529095,405.299248211997,4.66556454942856
136.918998945621,280.885549283695,4.55547428136045
201.656154143064,369.951744783245,4.02454794145126
125.395965711544,410.580998832168,3.43501934342517
624.0769242254,309.75090808227,4.44760093696397
-0.179778849390845,149.922429606667,4.21325450806673
547.084910995877,203.416763371018,4.20481620700755
33.8726965711805,492.819753267214,2.88506036931816
279.100779652757,25.3041732656457,3.78400632959001
533.917597768659,392.388727689793,3.28993388289621
75.0912314841493,72.1752848803945,5.1894538041999
3.59374505902032,76.1621587425083,3.44739349563652
587.289274326693,230.487315186727,4.03785524450441
439.504146404259,459.408666141006,4.89807441507461
656.78566485142,373.888629153614,3.08759816677805
98.4255802389069,486.645901147491,4.47592545827047
621.677011992022,91.0775586226216,4.03111377489961
419.126001280279,256.584638872889,3.71366973853378
10.5979928810089,182.097078191305,3.25998932862788
86.7608133801787,121.867619990051,4.50355079565679
604.200974936555,207.566879867645,4.45148437263822
244.868060319718,225.374409217559,3.78961589241158
578.112945281646,437.815793114753,3.65117326540732
299.386003257241,136.720180208497,3.8447655288234
540.123624064635,463.489485136157,3.58998263297443
45.7347647969254,419.557964028194,3.93830063849897
194.55150406946,295.825232172309,4.61017146324998
549.033832534712,262.234127968644,3.64904005328389
164.73131300136,35.40200411166,4.58660807063866
494.474486402459,341.149682759931,4.57595445114739
34.5490113586158,52.7280088492102,4.0037481527084
517.270490427125,147.251121299524,5.02378885441295
NA,NA,NA
658.940592619976,336.659404086913,3.4629596459375
459.404988451835,301.983568798975,3.84736048498369
12.8937098448491,493.346430728575,3.60929760363556
557.42614047136,44.9892045573441,4.31270243519068
71.4770119214319,378.502164342786,4.02821183891291
228.391110077456,417.678726784374,3.91246625007173
428.317246618572,13.5405938020229,3.31597266183863
361.393814727685,295.022876478881,3.01378104880045
606.86311002121,106.657818658095,4.22133134940725
400.937916698621,229.533154984052,4.3331255458356
562.87476529095,405.299248211997,4.66556454942856
136.918998945621,280.885549283695,4.55547428136045
201.656154143064,369.951744783245,4.02454794145126
125.395965711544,410.580998832168,3.43501934342517
624.0769242254,309.75090808227,4.44760093696397
-0.179778849390845,149.922429606667,4.21325450806673
547.084910995877,203.416763371018,4.20481620700755
33.8726965711805,492.819753267214,2.88506036931816
279.100779652757,25.3041732656457,3.78400632959001
533.917597768659,392.388727689793,3.28993388289621
75.0912314841493,72.1752848803945,5.1894538041999
3.59374505902032,76.1621587425083,3.44739349563652
587.289274326693,230.487315186727,4.03785524450441
439.504146404259,459.408666141006,4.89807441507461
656.78566485142,373.888629153614,3.08759816677805
98.4255802389069,486.645901147491,4.47592545827047
621.677011992022,91.0775586226216,4.03111377489961
419.126001280279,256.584638872889,3.71366973853378
10.5979928810089,182.097078191305,3.25998932862788
86.7608133801787,121.867619990051,4.50355079565679
604.200974936555,207.566879867645,4.45148437263822
244.868060319718,225.374409217559,3.78961589241158
578.112945281646,437.815793114753,3.65117326540732
299.386003257241,136.720180208497,3.8447655288234
540.123624064635,463.489485136157,3.58998263297443
45.7347647969254,419.557964028194,3.93830063849897
194.55150406946,295.825232172309,4.61017146324998
549.033832534712,262.234127968644,3.64904005328389
164.73131300136,35.40200411166,4.58660807063866
494.474486402459,341.149682759931,4.57595445114739
34.5490113586158,52.7280088492102,4.0037481527084
517.270490427125,147.251121299524,5.02378885441295
NA,NA,NA
658.940592619976,336.659404086913,3.4629596459375
459.404988451835,301.983568798975,3.84736048498369
12.8937098448491,493.346430728575,3.60929760363556
557.42614047136,44.9892045573441,4.31270243519068
71.4770119214319,378.502164342786,4.02821183891291
228.391110077456,417.678726784374,3.91246625007173
428.317246618572,13.5405938020229,3.31597266183863
361.393814727685,295.022876478881,3.01378104880045
606.86311002121,106.657818658095,4.22133134940725
400.937916698621,229.533154984052,4.3331255458356
562.87476529095,405.299248211997,4.66556454942856
136.918998945621,280.885549283695,4.55547428136045
201.656154143064,369.951744783245,4.02454794145126
125.395965711544,410.580998832168,3.43501934342517
624.0769242254,309.75090808227,4.44760093696397
-0.179778849390845,149.922429606667,4.21325450806673
547.084910995877,203.416763371018,4.20481620700755
33.8726965711805,492.819753267214,2.88506036931816
279.100779652757,25.3041732656457,3.78400632959001
533.917597768659,392.388727689793,3.28993388289621
75.0912314841493,72.1752848803945,5.1894538041999
3.59374505902032,76.1621587425083,3.44739349563652
587.289274326693,230.487315186727,4.03785524450441
439.504146404259,459.408666141006,4.89807441507461
656.78566485142,373.888629153614,3.08759816677805
98.4255802389069,486.645901147491,4.47592545827047
621.677011992022,91.0775586226216,4.03111377489961
419.126001280279,256.584638872889,3.71366973853378
10.5979928810089,182.097078191305,3.25998932862788
86.7608133801787,121.867619990051,4.50355079565679
604.200974936555,207.566879867645,4.45148437263822
244.868060319718,225.374409217559,3.78961589241158
578.112945281646,437.815793114753,3.65117326540732
299.386003257241,136.720180208497,3.8447655288234
540.123624064635,463.489485136157,3.58998263297443
45.7347647969254,419.557964028194,3.93830063849897
194.55150406946,295.825232172309,4.61017146324998
549.033832534712,262.234127968644,3.64904005328389
164.73131300136,35.40200411166,4.58660807063866
494.474486402459,341.149682759931,4.57595445114739
34.5490113586158,52.7280088492102,4.0037481527084
517.270490427125,147.251121299524,5.02378885441295
NA,NA,NA
658.940592619976,336.659404086913,3.4629596459375
459.404988451835,301.983568798975,3.84736048498369
12.8937098448491,493.346430728575,3.60929760363556
557.42614047136,44.9892045573441,4.31270243519068
71.4770119214319,378.502164342786,4.02821183891291
228.391110077456,417.678726784374,3.91246625007173
428.317246618572,13.5405938020229,3.31597266183863
361.393814727685,295.022876478881,3.01378104880045
606.86311002121,106.657818658095,4.22133134940725
400.937916698621,229.533154984052,4.3331255458356
562.87476529095,405.299248211997,4.66556454942856
136.918998945621,280.885549283695,4.55547428136045
201.656154143064,369.951744783245,4.02454794145126
125.395965711544,410.580998832168,3.43501934342517
624.0769242254,309.75090808227,4.44760093696397
-0.179778849390845,149.922429606667,4.21325450806673
547.084910995877,203.416763371018,4.20481620700755
33.8726965711805,492.819753267214,2.88506036931816
279.100779652757,25.3041732656457,3.78400632959001
533.917597768659,392.388727689793,3.28993388289621
75.0912314841493,72.1752848803945,5.1894538041999
3.59374505902032,76.1621587425083,3.44739349563652
587.289274326693,230.487315186727,4.03785524450441
439.504146404259,459.408666141006,4.89807441507461
656.78566485142,373.888629153614,3.08759816677805
98.4255802389069,486.645901147491,4.47592545827047
621.677011992022,91.0775586226216,4.03111377489961
419.126001280279,256.584638872889,3.71366973853378
10.5979928810089,182.097078191305,3.25998932862788
86.7608133801787,121.867619990051,4.50355079565679
604.200974936555,207.566879867645,4.45148437263822
244.868060319718,225.374409217559,3.78961589241158
578.112945281646,437.815793114753,3.65117326540732
299.386003257241,136.720180208497,3.8447655288234
540.123624064635,463.489485136157,3.58998263297443
45.7347647969254,419.557964028194,3.93830063849897
194.55150406946,295.825232172309,4.61017146324998
549.033832534712,262.234127968644,3.64904005328389
164.73131300136,35.40200411166,4.58660807063866
494.474486402459,341.149682759931,4.57595445114739
34.5490113586158,52.7280088492102,4.0037481527084
517.270490427125,147.251121299524,5.02378885441295
NA,NA,NA
658.940592619976,336.659404086913,3.4629596459375
459.404988451835,301.983568798975,3.84736048498369
12.8937098448491,493.346430728575,3.60929760363556
557.42614047136,44.9892045573441,4.31270243519068
71.4770119214319,378.502164342786,4.02821183891291
228.391110077456,417.678726784374,3.91246625007173
428.317246618572,13.5405938020229,3.31597266183863
361.393814727685,295.022876478881,3.01378104880045
606.86311002121,106.657818658095,4.22133134940725
400.937916698621,229.533154984052,4.3331255458356
562.87476529095,405.299248211997,4.66556454942856
136.918998945621,280.885549283695,4.55547428136045
201.656154143064,369.951744783245,4.02454794145126
125.395965711544,410.580998832168,3.43501934342517
624.0769242254,309.75090808227,4.44760093696397
-0.179778849390845,149.922429606667,4.21325450806673
547.084910995877,203.416763371018,4.20481620700755
33.8726965711805,492.819753267214,2.88506036931816
279.100779652757,25.3041732656457,3.78400632959001
533.917597768659,392.388727689793,3.28993388289621
75.0912314841493,72.1752848803945,5.1894538041999
3.59374505902032,76.1621587425083,3.44739349563652
587.289274326693,230.487315186727,4.03785524450441
439.504146404259,459.408666141006,4.89807441507461
656.78566485142,373.888629153614,3.08759816677805
98.4255802389069,486.645901147491,4.47592545827047
621.677011992022,91.0775586226216,4.03111377489961
419.126001280279,256.584638872889,3.71366973853378
10.5979928810089,182.097078191305,3.25998932862788
86.7608133801787,121.867619990051,4.50355079565679
604.200974936555,207.566879867645,4.45148437263822
244.868060319718,225.374409217559,3.78961589241158
578.112945281646,437.815793114753,3.65117326540732
299.386003257241,136.720180208497,3.8447655288234
540.123624064635,463.489485136157,3.58998263297443
45.7347647969254,419.557964028194,3.93830063849897
194.55150406946,295.825232172309,4.61017146324998
549.033832534712,262.234127968644,3.64904005328389
164.73131300136,35.40200411166,4.58660807063866
494.474486402459,341.149682759931,4.57595445114739
34.5490113586158,52.7280088492102,4.0037481527084
517.270490427125,147.251121299524,5.02378885441295
NA,NA,NA
658.940592619976,336.659404086913,3.4629596459375
459.404988451835,301.983568798975,3.84736048498369
12.8937098448491,493.346430728575,3.60929760363556
557.42614047136,44.9892045573441,4.31270243519068
71.4770119214319,378.502164342786,4.02821183891291
228.391110077456,417.678726784374,3.91246625007173
428.317246618572,13.5405938020229,3.31597266183863
361.393814727685,295.022876478881,3.01378104880045
606.86311002121,106.657818658095,4.22133134940725
400.937916698621,229.533154984052,4.3331255458356
562.87476529095,405.299248211997,4.66556454942856
136.918998945621,280.885549283695,4.55547428136045
201.656154143064,369.951744783245,4.02454794145126
125.395965711544,410.580998832168,3.43501934342517
624.0769242254,309.75090808227,4.44760093696397
-0.179778849390845,149.922429606667,4.21325450806673
547.084910995877,203.416763371018,4.20481620700755
33.8726965711805,492.819753267214,2.88506036931816
279.100779652757,25.3041732656457,3.78400632959001
533.917597768659,392.388727689793,3.28993388289621
75.0912314841493,72.1752848803945,5.1894538041999
3.59374505902032,76.1621587425083,3.44739349563652
587.289274326693,230.487315186727,4.03785524450441
439.504146404259,459.408666141006,4.89807441507461
656.78566485142,373.888629153614,3.08759816677805
98.4255802389069,486.645901147491,4.47592545827047
621.677011992022,91.0775586226216,4.03111377489961
419.126001280279,256.584638872889,3.71366973853378
10.5979928810089,182.097078191305,3.25998932862788
86.7608133801787,121.867619990051,4.50355079565679
604.200974936555,207.566879867645,4.45148437263822
244.868060319718,225.374409217559,3.78961589241158
578.112945281646,437.815793114753,3.65117326540732
299.386003257241,136.720180208497,3.8447655288234
540.123624064635,463.489485136157,3.58998263297443
45.7347647969254,419.557964028194,3.93830063849897
194.55150406946,295.825232172309,4.61017146324998
549.033832534712,262.234127968644,3.64904005328389
164.73131300136,35.40200411166,4.58660807063866
494.474486402459,341.149682759931,4.57595445114739
34.5490113586158,52.7280088492102,4.0037481527084
517.270490427125,147.251121299524,5.02378885441295
NA,NA,NA
662.787533888747,336.156099264269,3.64964903197482
456.087205277848,297.11410899335,3.56655082744525
12.0149825608919,492.122417513701,3.61301482186613
557.601058966007,43.6532688753638,4.27727649585218
69.4520073415391,375.221322400004,4.06463238927222
223.592239633794,412.024489354892,3.92526199656101
426.350111619244,11.6610250475381,3.27994502101883
363.492992527056,292.519942267918,3.11179353001241
609.105111052633,105.500101591315,4.07408442726692
388.687923811278,224.815862655899,4.13804839013375
570.696770954287,409.981808814714,4.72855955868373
143.348756367504,286.104669054407,4.58254740424633
198.079039155186,369.105935139914,3.97164846905131
120.313346185206,413.693231736398,3.39439239424775
625.314065091573,314.383449271244,4.60090582651097
6.16564471178738,144.988445730657,4.31112959577916
540.379712591855,201.813840309529,4.30698864410936
32.9655875433056,491.304787137548,3.03125667329288
285.930878958554,21.3315620952343,3.82641719354337
533.609249573229,394.846263044864,3.36144075816462
67.5633354155658,84.5800119544045,5.27497796663432
5.11523110921732,77.8680760920753,3.6816679917842
588.101656528587,223.91593667341,4.13498020901968
440.633152857019,465.500007742546,4.77127017577096
659.792426706606,373.623020527688,2.90229231684994
102.774649508278,488.81313938183,4.42462295824163
625.528129689644,90.5925980954262,4.0553853941185
421.166528801568,259.422584399218,3.60574981741723
12.5910571778441,181.966295736073,3.10007179570971
60.8510944207292,126.462027155037,4.56935504779669
612.116790446773,195.302477111334,4.28610159665083
254.844575884954,222.27857111593,4.17899466104922
569.546662975048,432.68024491178,3.77213913309982
300.354537510045,142.585497167609,3.86403513545379
527.31103971708,461.563798633448,3.51659230791656
45.9662658388106,413.716523428765,3.84140760973798
205.963977021421,284.300114378005,3.7509070761295
547.102920954837,252.294542936316,3.61900593890436
171.158225796966,32.6977266764493,4.32095654507751
498.794310063289,346.158672058366,4.57595491097008
41.1604009318187,50.002349442578,4.03689831784806
518.887384156092,135.47491727529,4.23519361975768
NA,NA,NA
662.787533888747,336.156099264269,3.64964903197482
456.087205277848,297.11410899335,3.56655082744525
12.0149825608919,492.122417513701,3.61301482186613
557.601058966007,43.6532688753638,4.27727649585218
69.4520073415391,375.221322400004,4.06463238927222
223.592239633794,412.024489354892,3.92526199656101
426.350111619244,11.6610250475381,3.27994502101883
363.492992527056,292.519942267918,3.11179353001241
609.105111052633,105.500101591315,4.07408442726692
388.687923811278,224.815862655899,4.13804839013375
570.696770954287,409.981808814714,4.72855955868373
143.348756367504,286.104669054407,4.58254740424633
198.079039155186,369.105935139914,3.97164846905131
120.313346185206,413.693231736398,3.39439239424775
625.314065091573,314.383449271244,4.60090582651097
6.16564471178738,144.988445730657,4.31112959577916
540.379712591855,201.813840309529,4.30698864410936
32.9655875433056,491.304787137548,3.03125667329288
285.930878958554,21.3315620952343,3.82641719354337
533.609249573229,394.846263044864,3.36144075816462
67.5633354155658,84.5800119544045,5.27497796663432
5.11523110921732,77.8680760920753,3.6816679917842
588.101656528587,223.91593667341,4.13498020901968
440.633152857019,465.500007742546,4.77127017577096
659.792426706606,373.623020527688,2.90229231684994
102.774649508278,488.81313938183,4.42462295824163
625.528129689644,90.5925980954262,4.0553853941185
421.166528801568,259.422584399218,3.60574981741723
12.5910571778441,181.966295736073,3.10007179570971
60.8510944207292,126.462027155037,4.56935504779669
612.116790446773,195.302477111334,4.28610159665083
254.844575884954,222.27857111593,4.17899466104922
569.546662975048,432.68024491178,3.77213913309982
300.354537510045,142.585497167609,3.86403513545379
527.31103971708,461.563798633448,3.51659230791656
45.9662658388106,413.716523428765,3.84140760973798
205.963977021421,284.300114378005,3.7509070761295
547.102920954837,252.294542936316,3.61900593890436
171.158225796966,32.6977266764493,4.32095654507751
498.794310063289,346.158672058366,4.57595491097008
41.1604009318187,50.002349442578,4.03689831784806
518.887384156092,135.47491727529,4.23519361975768
NA,NA,NA
662.787533888747,336.156099264269,3.64964903197482
456.087205277848,297.11410899335,3.56655082744525
12.0149825608919,492.122417513701,3.61301482186613
557.601058966007,43.6532688753638,4.27727649585218
69.4520073415391,375.221322400004,4.06463238927222
223.592239633794,412.024489354892,3.92526199656101
426.350111619244,11.6610250475381,3.27994502101883
363.492992527056,292.519942267918,3.11179353001241
609.105111052633,105.500101591315,4.07408442726692
388.687923811278,224.815862655899,4.13804839013375
570.696770954287,409.981808814714,4.72855955868373
143.348756367504,286.104669054407,4.58254740424633
198.079039155186,369.105935139914,3.97164846905131
120.313346185206,413.693231736398,3.39439239424775
625.314065091573,314.383449271244,4.60090582651097
6.16564471178738,144.988445730657,4.31112959577916
540.379712591855,201.813840309529,4.30698864410936
32.9655875433056,491.304787137548,3.03125667329288
285.930878958554,21.3315620952343,3.82641719354337
533.609249573229,394.846263044864,3.36144075816462
67.5633354155658,84.5800119544045,5.27497796663432
5.11523110921732,77.8680760920753,3.6816679917842
588.101656528587,223.91593667341,4.13498020901968
440.633152857019,465.500007742546,4.77127017577096
659.792426706606,373.623020527688,2.90229231684994
102.774649508278,488.81313938183,4.42462295824163
625.528129689644,90.5925980954262,4.0553853941185
421.166528801568,259.422584399218,3.60574981741723
12.5910571778441,181.966295736073,3.10007179570971
60.8510944207292,126.462027155037,4.56935504779669
612.116790446773,195.302477111334,4.28610159665083
254.844575884954,222.27857111593,4.17899466104922
569.546662975048,432.68024491178,3.77213913309982
300.354537510045,142.585497167609,3.86403513545379
527.31103971708,461.563798633448,3.51659230791656
45.9662658388106,413.716523428765,3.84140760973798
205.963977021421,284.300114378005,3.7509070761295
547.102920954837,252.294542936316,3.61900593890436
171.158225796966,32.6977266764493,4.32095654507751
498.794310063289,346.158672058366,4.57595491097008
41.1604009318187,50.002349442578,4.03689831784806
518.887384156092,135.47491727529,4.23519361975768
NA,NA,NA
662.787533888747,336.156099264269,3.64964903197482
456.087205277848,297.11410899335,3.56655082744525
12.0149825608919,492.122417513701,3.61301482186613
557.601058966007,43.6532688753638,4.27727649585218
69.4520073415391,375.221322400004,4.06463238927222
223.592239633794,412.024489354892,3.92526199656101
426.350111619244,11.6610250475381,3.27994502101883
363.492992527056,292.519942267918,3.11179353001241
609.105111052633,105.500101591315,4.07408442726692
388.687923811278,224.815862655899,4.13804839013375
570.696770954287,409.981808814714,4.72855955868373
143.348756367504,286.104669054407,4.58254740424633
198.079039155186,369.105935139914,3.97164846905131
120.313346185206,413.693231736398,3.39439239424775
625.314065091573,314.383449271244,4.60090582651097
6.16564471178738,144.988445730657,4.31112959577916
540.379712591855,201.813840309529,4.30698864410936
32.9655875433056,491.304787137548,3.03125667329288
285.930878958554,21.3315620952343,3.82641719354337
533.609249573229,394.846263044864,3.36144075816462
67.5633354155658,84.5800119544045,5.27497796663432
5.11523110921732,77.8680760920753,3.6816679917842
588.101656528587,223.91593667341,4.13498020901968
440.633152857019,465.500007742546,4.77127017577096
659.792426706606,373.623020527688,2.90229231684994
102.774649508278,488.81313938183,4.42462295824163
625.528129689644,90.5925980954262,4.0553853941185
421.166528801568,259.422584399218,3.60574981741723
12.5910571778441,181.966295736073,3.10007179570971
60.8510944207292,126.462027155037,4.56935504779669
612.116790446773,195.302477111334,4.28610159665083
254.844575884954,222.27857111593,4.17899466104922
569.546662975048,432.68024491178,3.77213913309982
300.354537510045,142.585497167609,3.86403513545379
527.31103971708,461.563798633448,3.51659230791656
45.9662658388106,413.716523428765,3.84140760973798
205.963977021421,284.300114378005,3.7509070761295
547.102920954837,252.294542936316,3.61900593890436
171.158225796966,32.6977266764493,4.32095654507751
498.794310063289,346.158672058366,4.57595491097008
41.1604009318187,50.002349442578,4.03689831784806
518.887384156092,135.47491727529,4.23519361975768
NA,NA,NA
662.787533888747,336.156099264269,3.64964903197482
456.087205277848,297.11410899335,3.56655082744525
12.0149825608919,492.122417513701,3.61301482186613
557.601058966007,43.6532688753638,4.27727649585218
69.4520073415391,375.221322400004,4.06463238927222
223.592239633794,412.024489354892,3.92526199656101
426.350111619244,11.6610250475381,3.27994502101883
363.492992527056,292.519942267918,3.11179353001241
609.105111052633,105.500101591315,4.07408442726692
388.687923811278,224.815862655899,4.13804839013375
570.696770954287,409.981808814714,4.72855955868373
143.348756367504,286.104669054407,4.58254740424633
198.079039155186,369.105935139914,3.97164846905131
120.313346185206,413.693231736398,3.39439239424775
625.314065091573,314.383449271244,4.60090582651097
6.16564471178738,144.988445730657,4.31112959577916
540.379712591855,201.813840309529,4.30698864410936
32.9655875433056,491.304787137548,3.03125667329288
285.930878958554,21.3315620952343,3.82641719354337
533.609249573229,394.846263044864,3.36144075816462
67.5633354155658,84.5800119544045,5.27497796663432
5.11523110921732,77.8680760920753,3.6816679917842
588.101656528587,223.91593667341,4.13498020901968
440.633152857019,465.500007742546,4.77127017577096
659.792426706606,373.623020527688,2.90229231684994
102.774649508278,488.81313938183,4.42462295824163
625.528129689644,90.5925980954262,4.0553853941185
421.166528801568,259.422584399218,3.60574981741723
12.5910571778441,181.966295736073,3.10007179570971
60.8510944207292,126.462027155037,4.56935504779669
612.116790446773,195.302477111334,4.28610159665083
254.844575884954,222.27857111593,4.17899466104922
569.546662975048,432.68024491178,3.77213913309982
300.354537510045,142.585497167609,3.86403513545379
527.31103971708,461.563798633448,3.51659230791656
45.9662658388106,413.716523428765,3.84140760973798
205.963977021421,284.300114378005,3.7509070761295
547.102920954837,252.294542936316,3.61900593890436
171.158225796966,32.6977266764493,4.32095654507751
498.794310063289,346.158672058366,4.57595491097008
41.1604009318187,50.002349442578,4.03689831784806
518.887384156092,135.47491727529,4.23519361975768
NA,NA,NA
662.787533888747,336.156099264269,3.64964903197482
456.087205277848,297.11410899335,3.56655082744525
12.0149825608919,492.122417513701,3.61301482186613
557.601058966007,43.6532688753638,4.27727649585218
69.4520073415391,375.221322400004,4.06463238927222
223.592239633794,412.024489354892,3.92526199656101
426.350111619244,11.6610250475381,3.27994502101883
363.492992527056,292.519942267918,3.11179353001241
609.105111052633,105.500101591315,4.07408442726692
388.687923811278,224.815862655899,4.13804839013375
570.696770954287,409.981808814714,4.72855955868373
143.348756367504,286.104669054407,4.58254740424633
198.079039155186,369.105935139914,3.97164846905131
120.313346185206,413.693231736398,3.39439239424775
625.314065091573,314.383449271244,4.60090582651097
6.16564471178738,144.988445730657,4.31112959577916
540.379712591855,201.813840309529,4.30698864410936
32.9655875433056,491.304787137548,3.03125667329288
285.930878958554,21.3315620952343,3.82641719354337
533.609249573229,394.846263044864,3.36144075816462
67.5633354155658,84.5800119544045,5.27497796663432
5.11523110921732,77.8680760920753,3.6816679917842
588.101656528587,223.91593667341,4.13498020901968
440.633152857019,465.500007742546,4.77127017577096
659.792426706606,373.623020527688,2.90229231684994
102.774649508278,488.81313938183,4.42462295824163
625.528129689644,90.5925980954262,4.0553853941185
421.166528801568,259.422584399218,3.60574981741723
12.5910571778441,181.966295736073,3.10007179570971
60.8510944207292,126.462027155037,4.56935504779669
612.116790446773,195.302477111334,4.28610159665083
254.844575884954,222.27857111593,4.17899466104922
569.546662975048,432.68024491178,3.77213913309982
300.354537510045,142.585497167609,3.86403513545379
527.31103971708,461.563798633448,3.51659230791656
45.9662658388106,413.716523428765,3.84140760973798
205.963977021421,284.300114378005,3.7509070761295
547.102920954837,252.294542936316,3.61900593890436
171.158225796966,32.6977266764493,4.32095654507751
498.794310063289,346.158672058366,4.57595491097008
41.1604009318187,50.002349442578,4.03689831784806
518.887384156092,135.47491727529,4.23519361975768
NA,NA,NA
659.244155659497,335.690189355981,3.56090758445642
455.305015723017,300.43577436936,3.64986492746962
7.86160825705379,490.205743065324,3.75502411014118
560.144742544264,52.7067974071685,4.16427695150492
75.816866261601,374.81355275982,4.00222912172371
229.348275801792,414.154711149612,3.92789568489374
428.744294018662,14.6512813014413,3.17566760130779
364.788279521535,295.070166578678,3.05611977504681
603.127011215168,100.526820039791,4.26840272329579
392.749415377896,225.296912998481,4.19925337133051
574.453736924314,416.567551908314,4.75939995902665
141.681275216826,284.362599457685,4.60101109118448
204.038181646967,368.528997492009,4.12949738250387
121.839080907472,411.050986779477,3.45621105084774
630.185912515223,316.872217455342,4.62445683115511
-0.210738493001537,147.338304140426,4.32987587006449
538.580311710859,201.575510069573,4.07655147379273
36.9413080802398,492.289185658993,3.03236688063137
284.066412155785,20.8051427574732,3.94934634309112
534.323327277151,393.473437470105,3.37249152751312
75.5191557365899,70.9495608729412,5.36788510921661
6.72439416322381,77.0671503726721,3.42878135514176
587.057146295511,225.948014031509,4.00382426544713
442.908377366363,464.430796016953,4.74269637006992
658.194614877066,371.82161393463,2.91634773312982
110.036437260102,487.450987555343,4.3335653791248
628.493149436133,88.1999882848564,4.03120988172429
420.964820027023,258.105096241207,3.55157982376321
10.0482660246201,183.133388476953,3.21634082848287
72.3664448283208,130.251957334314,4.19890587787981
611.570876616993,200.242091650658,4.48363055309241
254.959270668409,221.615784078887,3.48134856654105
580.384941067259,442.023784275074,3.8307162665158
300.617144286662,138.587289776321,3.89442568024055
523.879905914552,453.533330441019,3.76908773686643
56.4571336373249,418.520174229497,3.88187298044838
201.983419411013,295.467625820037,4.48737377989915
554.144926593649,267.620344149962,3.6501325735318
180.644758637707,35.9060417923115,4.21236826998672
499.296685962431,361.46249397802,4.57844908972378
33.984141860204,59.8042995406382,3.90937439431841
516.59097055646,144.284244845349,4.67166844297248
NA,NA,NA
659.244155659497,335.690189355981,3.56090758445642
455.305015723017,300.43577436936,3.64986492746962
7.86160825705379,490.205743065324,3.75502411014118
560.144742544264,52.7067974071685,4.16427695150492
75.816866261601,374.81355275982,4.00222912172371
229.348275801792,414.154711149612,3.92789568489374
428.744294018662,14.6512813014413,3.17566760130779
364.788279521535,295.070166578678,3.05611977504681
603.127011215168,100.526820039791,4.26840272329579
392.749415377896,225.296912998481,4.19925337133051
574.453736924314,416.567551908314,4.75939995902665
141.681275216826,284.362599457685,4.60101109118448
204.038181646967,368.528997492009,4.12949738250387
121.839080907472,411.050986779477,3.45621105084774
630.185912515223,316.872217455342,4.62445683115511
-0.210738493001537,147.338304140426,4.32987587006449
538.580311710859,201.575510069573,4.07655147379273
36.9413080802398,492.289185658993,3.03236688063137
284.066412155785,20.8051427574732,3.94934634309112
534.323327277151,393.473437470105,3.37249152751312
75.5191557365899,70.9495608729412,5.36788510921661
6.72439416322381,77.0671503726721,3.42878135514176
587.057146295511,225.948014031509,4.00382426544713
442.908377366363,464.430796016953,4.74269637006992
658.194614877066,371.82161393463,2.91634773312982
110.036437260102,487.450987555343,4.3335653791248
628.493149436133,88.1999882848564,4.03120988172429
420.964820027023,258.105096241207,3.55157982376321
10.0482660246201,183.133388476953,3.21634082848287
72.3664448283208,130.251957334314,4.19890587787981
611.570876616993,200.242091650658,4.48363055309241
254.959270668409,221.615784078887,3.48134856654105
580.384941067259,442.023784275074,3.8307162665158
300.617144286662,138.587289776321,3.89442568024055
523.879905914552,453.533330441019,3.76908773686643
56.4571336373249,418.520174229497,3.88187298044838
201.983419411013,295.467625820037,4.48737377989915
554.144926593649,267.620344149962,3.6501325735318
180.644758637707,35.9060417923115,4.21236826998672
499.296685962431,361.46249397802,4.57844908972378
33.984141860204,59.8042995406382,3.90937439431841
516.59097055646,144.284244845349,4.67166844297248
NA,NA,NA
659.244155659497,335.690189355981,3.56090758445642
455.305015723017,300.43577436936,3.64986492746962
7.86160825705379,490.205743065324,3.75502411014118
560.144742544264,52.7067974071685,4.16427695150492
75.816866261601,374.81355275982,4.00222912172371
229.348275801792,414.154711149612,3.92789568489374
428.744294018662,14.6512813014413,3.17566760130779
364.788279521535,295.070166578678,3.05611977504681
603.127011215168,100.526820039791,4.26840272329579
392.749415377896,225.296912998481,4.19925337133051
574.453736924314,416.567551908314,4.75939995902665
141.681275216826,284.362599457685,4.60101109118448
204.038181646967,368.528997492009,4.12949738250387
121.839080907472,411.050986779477,3.45621105084774
630.185912515223,316.872217455342,4.62445683115511
-0.210738493001537,147.338304140426,4.32987587006449
538.580311710859,201.575510069573,4.07655147379273
36.9413080802398,492.289185658993,3.03236688063137
284.066412155785,20.8051427574732,3.94934634309112
534.323327277151,393.473437470105,3.37249152751312
75.5191557365899,70.9495608729412,5.36788510921661
6.72439416322381,77.0671503726721,3.42878135514176
587.057146295511,225.948014031509,4.00382426544713
442.908377366363,464.430796016953,4.74269637006992
658.194614877066,371.82161393463,2.91634773312982
110.036437260102,487.450987555343,4.3335653791248
628.493149436133,88.1999882848564,4.03120988172429
420.964820027023,258.105096241207,3.55157982376321
10.0482660246201,183.133388476953,3.21634082848287
72.3664448283208,130.251957334314,4.19890587787981
611.570876616993,200.242091650658,4.48363055309241
254.959270668409,221.615784078887,3.48134856654105
580.384941067259,442.023784275074,3.8307162665158
300.617144286662,138.587289776321,3.89442568024055
523.879905914552,453.533330441019,3.76908773686643
56.4571336373249,418.520174229497,3.88187298044838
201.983419411013,295.467625820037,4.48737377989915
554.144926593649,267.620344149962,3.6501325735318
180.644758637707,35.9060417923115,4.21236826998672
499.296685962431,361.46249397802,4.57844908972378
33.984141860204,59.8042995406382,3.90937439431841
516.59097055646,144.284244845349,4.67166844297248
NA,NA,NA
659.244155659497,335.690189355981,3.56090758445642
455.305015723017,300.43577436936,3.64986492746962
7.86160825705379,490.205743065324,3.75502411014118
560.144742544264,52.7067974071685,4.16427695150492
75.816866261601,374.81355275982,4.00222912172371
229.348275801792,414.154711149612,3.92789568489374
428.744294018662,14.6512813014413,3.17566760130779
364.788279521535,295.070166578678,3.05611977504681
603.127011215168,100.526820039791,4.26840272329579
392.749415377896,225.296912998481,4.19925337133051
574.453736924314,416.567551908314,4.75939995902665
141.681275216826,284.362599457685,4.60101109118448
204.038181646967,368.528997492009,4.12949738250387
121.839080907472,411.050986779477,3.45621105084774
630.185912515223,316.872217455342,4.62445683115511
-0.210738493001537,147.338304140426,4.32987587006449
538.580311710859,201.575510069573,4.07655147379273
36.9413080802398,492.289185658993,3.03236688063137
284.066412155785,20.8051427574732,3.94934634309112
534.323327277151,393.473437470105,3.37249152751312
75.5191557365899,70.9495608729412,5.36788510921661
6.72439416322381,77.0671503726721,3.42878135514176
587.057146295511,225.948014031509,4.00382426544713
442.908377366363,464.430796016953,4.74269637006992
658.194614877066,371.82161393463,2.91634773312982
110.036437260102,487.450987555343,4.3335653791248
628.493149436133,88.1999882848564,4.03120988172429
420.964820027023,258.105096241207,3.55157982376321
10.0482660246201,183.133388476953,3.21634082848287
72.3664448283208,130.251957334314,4.19890587787981
611.570876616993,200.242091650658,4.48363055309241
254.959270668409,221.615784078887,3.48134856654105
580.384941067259,442.023784275074,3.8307162665158
300.617144286662,138.587289776321,3.89442568024055
523.879905914552,453.533330441019,3.76908773686643
56.4571336373249,418.520174229497,3.88187298044838
201.983419411013,295.467625820037,4.48737377989915
554.144926593649,267.620344149962,3.6501325735318
180.644758637707,35.9060417923115,4.21236826998672
499.296685962431,361.46249397802,4.57844908972378
33.984141860204,59.8042995406382,3.90937439431841
516.59097055646,144.284244845349,4.67166844297248
NA,NA,NA
659.244155659497,335.690189355981,3.56090758445642
455.305015723017,300.43577436936,3.64986492746962
7.86160825705379,490.205743065324,3.75502411014118
560.144742544264,52.7067974071685,4.16427695150492
75.816866261601,374.81355275982,4.00222912172371
229.348275801792,414.154711149612,3.92789568489374
428.744294018662,14.6512813014413,3.17566760130779
364.788279521535,295.070166578678,3.05611977504681
603.127011215168,100.526820039791,4.26840272329579
392.749415377896,225.296912998481,4.19925337133051
574.453736924314,416.567551908314,4.75939995902665
141.681275216826,284.362599457685,4.60101109118448
204.038181646967,368.528997492009,4.12949738250387
121.839080907472,411.050986779477,3.45621105084774
630.185912515223,316.872217455342,4.62445683115511
-0.210738493001537,147.338304140426,4.32987587006449
538.580311710859,201.575510069573,4.07655147379273
36.9413080802398,492.289185658993,3.03236688063137
284.066412155785,20.8051427574732,3.94934634309112
534.323327277151,393.473437470105,3.37249152751312
75.5191557365899,70.9495608729412,5.36788510921661
6.72439416322381,77.0671503726721,3.42878135514176
587.057146295511,225.948014031509,4.00382426544713
442.908377366363,464.430796016953,4.74269637006992
658.194614877066,371.82161393463,2.91634773312982
110.036437260102,487.450987555343,4.3335653791248
628.493149436133,88.1999882848564,4.03120988172429
420.964820027023,258.105096241207,3.55157982376321
10.0482660246201,183.133388476953,3.21634082848287
72.3664448283208,130.251957334314,4.19890587787981
611.570876616993,200.242091650658,4.48363055309241
254.959270668409,221.615784078887,3.48134856654105
580.384941067259,442.023784275074,3.8307162665158
300.617144286662,138.587289776321,3.89442568024055
523.879905914552,453.533330441019,3.76908773686643
56.4571336373249,418.520174229497,3.88187298044838
201.983419411013,295.467625820037,4.48737377989915
554.144926593649,267.620344149962,3.6501325735318
180.644758637707,35.9060417923115,4.21236826998672
499.296685962431,361.46249397802,4.57844908972378
33.984141860204,59.8042995406382,3.90937439431841
516.59097055646,144.284244845349,4.67166844297248
NA,NA,NA
659.244155659497,335.690189355981,3.56090758445642
455.305015723017,300.43577436936,3.64986492746962
7.86160825705379,490.205743065324,3.75502411014118
560.144742544264,52.7067974071685,4.16427695150492
75.816866261601,374.81355275982,4.00222912172371
229.348275801792,414.154711149612,3.92789568489374
428.744294018662,14.6512813014413,3.17566760130779
364.788279521535,295.070166578678,3.05611977504681
603.127011215168,100.526820039791,4.26840272329579
392.749415377896,225.296912998481,4.19925337133051
574.453736924314,416.567551908314,4.75939995902665
141.681275216826,284.362599457685,4.60101109118448
204.038181646967,368.528997492009,4.12949738250387
121.839080907472,411.050986779477,3.45621105084774
630.185912515223,316.872217455342,4.62445683115511
-0.210738493001537,147.338304140426,4.32987587006449
538.580311710859,201.575510069573,4.07655147379273
36.9413080802398,492.289185658993,3.03236688063137
284.066412155785,20.8051427574732,3.94934634309112
534.323327277151,393.473437470105,3.37249152751312
75.5191557365899,70.9495608729412,5.36788510921661
6.72439416322381,77.0671503726721,3.42878135514176
587.057146295511,225.948014031509,4.00382426544713
442.908377366363,464.430796016953,4.74269637006992
658.194614877066,371.82161393463,2.91634773312982
110.036437260102,487.450987555343,4.3335653791248
628.493149436133,88.1999882848564,4.03120988172429
420.964820027023,258.105096241207,3.55157982376321
10.0482660246201,183.133388476953,3.21634082848287
72.3664448283208,130.251957334314,4.19890587787981
611.570876616993,200.242091650658,4.48363055309241
254.959270668409,221.615784078887,3.48134856654105
580.384941067259,442.023784275074,3.8307162665158
300.617144286662,138.587289776321,3.89442568024055
523.879905914552,453.533330441019,3.76908773686643
56.4571336373249,418.520174229497,3.88187298044838
201.983419411013,295.467625820037,4.48737377989915
554.144926593649,267.620344149962,3.6501325735318
180.644758637707,35.9060417923115,4.21236826998672
499.296685962431,361.46249397802,4.57844908972378
33.984141860204,59.8042995406382,3.90937439431841
516.59097055646,144.284244845349,4.67166844297248
NA,NA,NA
660.910394967082,335.954316901832,3.41871301300412
456.793274604355,298.247885642798,3.62496585576347
10.8680735444269,492.489867730089,3.65576033623792
564.471839947727,50.0730612777419,4.13807062351405
74.2282917961947,374.871559950122,3.9976940174131
227.364832129754,415.499157689528,3.84175206011738
427.205507855671,8.34756046861623,3.31096747839826
361.090235803273,291.579007244035,2.96286219354005
603.4706499547,110.215835277344,4.05707016807413
393.738866566377,224.293034207481,4.15239369340765
567.849139400146,403.036690221276,4.76560047954562
137.215825536149,283.487585905397,4.6692610010512
201.142968439128,374.973743789486,4.1501786277324
123.695390611716,407.400516599989,3.39144312830078
625.997473105983,320.88441036226,4.45330393352097
7.61000814954656,151.169075806698,4.21670423753774
544.439730004679,199.638656680412,4.00917183901634
32.6873381547153,490.915130039886,2.90404505111708
279.274214127025,19.5640128378316,4.01579168316819
537.456410891422,391.436321037146,3.36035557598973
71.2179114341599,76.366580080318,5.16020624242577
6.81026336260637,74.7965510443536,3.40785263900794
586.486433529564,223.404174377127,4.01375994946785
447.149125551229,457.900739997117,4.81136868179112
658.117461790481,374.328594125954,3.04524899376722
110.758361557025,494.397854735997,4.36238764161966
625.050512798097,92.4083433684861,4.0774676178085
415.928960144436,258.013334039123,3.59700007356133
12.6004498138616,183.861662865528,3.03827283192266
69.1354845452913,108.9039141404,4.13612037955049
610.576286311642,200.239494304008,3.79334599959777
251.082023236456,217.766269797278,3.54822305491598
582.501476347173,441.643608158331,3.82448686796748
304.220533499557,134.418101810768,3.78173776243924
527.984566439699,458.207511704502,3.30703466528874
42.0235324864638,406.029396807725,3.89682223009637
199.010210108781,281.233534297264,4.06723514043018
550.440593515579,261.578026650932,3.58362986968117
177.705690324326,13.0536785963168,4.13491470780046
496.900535555101,343.425477535721,4.44834488933562
40.6530185995415,55.0179850656323,4.07493985666441
507.194776970862,164.997655388183,4.68946995455859
NA,NA,NA
660.910394967082,335.954316901832,3.41871301300412
456.793274604355,298.247885642798,3.62496585576347
10.8680735444269,492.489867730089,3.65576033623792
564.471839947727,50.0730612777419,4.13807062351405
74.2282917961947,374.871559950122,3.9976940174131
227.364832129754,415.499157689528,3.84175206011738
427.205507855671,8.34756046861623,3.31096747839826
361.090235803273,291.579007244035,2.96286219354005
603.4706499547,110.215835277344,4.05707016807413
393.738866566377,224.293034207481,4.15239369340765
567.849139400146,403.036690221276,4.76560047954562
137.215825536149,283.487585905397,4.6692610010512
201.142968439128,374.973743789486,4.1501786277324
123.695390611716,407.400516599989,3.39144312830078
625.997473105983,320.88441036226,4.45330393352097
7.61000814954656,151.169075806698,4.21670423753774
544.439730004679,199.638656680412,4.00917183901634
32.6873381547153,490.915130039886,2.90404505111708
279.274214127025,19.5640128378316,4.01579168316819
537.456410891422,391.436321037146,3.36035557598973
71.2179114341599,76.366580080318,5.16020624242577
6.81026336260637,74.7965510443536,3.40785263900794
586.486433529564,223.404174377127,4.01375994946785
447.149125551229,457.900739997117,4.81136868179112
658.117461790481,374.328594125954,3.04524899376722
110.758361557025,494.397854735997,4.36238764161966
625.050512798097,92.4083433684861,4.0774676178085
415.928960144436,258.013334039123,3.59700007356133
12.6004498138616,183.861662865528,3.03827283192266
69.1354845452913,108.9039141404,4.13612037955049
610.576286311642,200.239494304008,3.79334599959777
251.082023236456,217.766269797278,3.54822305491598
582.501476347173,441.643608158331,3.82448686796748
304.220533499557,134.418101810768,3.78173776243924
527.984566439699,458.207511704502,3.30703466528874
42.0235324864638,406.029396807725,3.89682223009637
199.010210108781,281.233534297264,4.06723514043018
550.440593515579,261.578026650932,3.58362986968117
177.705690324326,13.0536785963168,4.13491470780046
496.900535555101,343.425477535721,4.44834488933562
40.6530185995415,55.0179850656323,4.07493985666441
507.194776970862,164.997655388183,4.68946995455859
NA,NA,NA
660.910394967082,335.954316901832,3.41871301300412
456.793274604355,298.247885642798,3.62496585576347
10.8680735444269,492.489867730089,3.65576033623792
564.471839947727,50.0730612777419,4.13807062351405
74.2282917961947,374.871559950122,3.9976940174131
227.364832129754,415.499157689528,3.84175206011738
427.205507855671,8.34756046861623,3.31096747839826
361.090235803273,291.579007244035,2.96286219354005
603.4706499547,110.215835277344,4.05707016807413
393.738866566377,224.293034207481,4.15239369340765
567.849139400146,403.036690221276,4.76560047954562
137.215825536149,283.487585905397,4.6692610010512
201.142968439128,374.973743789486,4.1501786277324
123.695390611716,407.400516599989,3.39144312830078
625.997473105983,320.88441036226,4.45330393352097
7.61000814954656,151.169075806698,4.21670423753774
544.439730004679,199.638656680412,4.00917183901634
32.6873381547153,490.915130039886,2.90404505111708
279.274214127025,19.5640128378316,4.01579168316819
537.456410891422,391.436321037146,3.36035557598973
71.2179114341599,76.366580080318,5.16020624242577
6.81026336260637,74.7965510443536,3.40785263900794
586.486433529564,223.404174377127,4.01375994946785
447.149125551229,457.900739997117,4.81136868179112
658.117461790481,374.328594125954,3.04524899376722
110.758361557025,494.397854735997,4.36238764161966
625.050512798097,92.4083433684861,4.0774676178085
415.928960144436,258.013334039123,3.59700007356133
12.6004498138616,183.861662865528,3.03827283192266
69.1354845452913,108.9039141404,4.13612037955049
610.576286311642,200.239494304008,3.79334599959777
251.082023236456,217.766269797278,3.54822305491598
582.501476347173,441.643608158331,3.82448686796748
304.220533499557,134.418101810768,3.78173776243924
527.984566439699,458.207511704502,3.30703466528874
42.0235324864638,406.029396807725,3.89682223009637
199.010210108781,281.233534297264,4.06723514043018
550.440593515579,261.578026650932,3.58362986968117
177.705690324326,13.0536785963168,4.13491470780046
496.900535555101,343.425477535721,4.44834488933562
40.6530185995415,55.0179850656323,4.07493985666441
507.194776970862,164.997655388183,4.68946995455859
NA,NA,NA
660.910394967082,335.954316901832,3.41871301300412
456.793274604355,298.247885642798,3.62496585576347
10.8680735444269,492.489867730089,3.65576033623792
564.471839947727,50.0730612777419,4.13807062351405
74.2282917961947,374.871559950122,3.9976940174131
227.364832129754,415.499157689528,3.84175206011738
427.205507855671,8.34756046861623,3.31096747839826
361.090235803273,291.579007244035,2.96286219354005
603.4706499547,110.215835277344,4.05707016807413
393.738866566377,224.293034207481,4.15239369340765
567.849139400146,403.036690221276,4.76560047954562
137.215825536149,283.487585905397,4.6692610010512
201.142968439128,374.973743789486,4.1501786277324
123.695390611716,407.400516599989,3.39144312830078
625.997473105983,320.88441036226,4.45330393352097
7.61000814954656,151.169075806698,4.21670423753774
544.439730004679,199.638656680412,4.00917183901634
32.6873381547153,490.915130039886,2.90404505111708
279.274214127025,19.5640128378316,4.01579168316819
537.456410891422,391.436321037146,3.36035557598973
71.2179114341599,76.366580080318,5.16020624242577
6.81026336260637,74.7965510443536,3.40785263900794
586.486433529564,223.404174377127,4.01375994946785
447.149125551229,457.900739997117,4.81136868179112
658.117461790481,374.328594125954,3.04524899376722
110.758361557025,494.397854735997,4.36238764161966
625.050512798097,92.4083433684861,4.0774676178085
415.928960144436,258.013334039123,3.59700007356133
12.6004498138616,183.861662865528,3.03827283192266
69.1354845452913,108.9039141404,4.13612037955049
610.576286311642,200.239494304008,3.79334599959777
251.082023236456,217.766269797278,3.54822305491598
582.501476347173,441.643608158331,3.82448686796748
304.220533499557,134.418101810768,3.78173776243924
527.984566439699,458.207511704502,3.30703466528874
42.0235324864638,406.029396807725,3.89682223009637
199.010210108781,281.233534297264,4.06723514043018
550.440593515579,261.578026650932,3.58362986968117
177.705690324326,13.0536785963168,4.13491470780046
496.900535555101,343.425477535721,4.44834488933562
40.6530185995415,55.0179850656323,4.07493985666441
507.194776970862,164.997655388183,4.68946995455859
NA,NA,NA
660.910394967082,335.954316901832,3.41871301300412
456.793274604355,298.247885642798,3.62496585576347
10.8680735444269,492.489867730089,3.65576033623792
564.471839947727,50.0730612777419,4.13807062351405
74.2282917961947,374.871559950122,3.9976940174131
227.364832129754,415.499157689528,3.84175206011738
427.205507855671,8.34756046861623,3.31096747839826
361.090235803273,291.579007244035,2.96286219354005
603.4706499547,110.215835277344,4.05707016807413
393.738866566377,224.293034207481,4.15239369340765
567.849139400146,403.036690221276,4.76560047954562
137.215825536149,283.487585905397,4.6692610010512
201.142968439128,374.973743789486,4.1501786277324
123.695390611716,407.400516599989,3.39144312830078
625.997473105983,320.88441036226,4.45330393352097
7.61000814954656,151.169075806698,4.21670423753774
544.439730004679,199.638656680412,4.00917183901634
32.6873381547153,490.915130039886,2.90404505111708
279.274214127025,19.5640128378316,4.01579168316819
537.456410891422,391.436321037146,3.36035557598973
71.2179114341599,76.366580080318,5.16020624242577
6.81026336260637,74.7965510443536,3.40785263900794
586.486433529564,223.404174377127,4.01375994946785
447.149125551229,457.900739997117,4.81136868179112
658.117461790481,374.328594125954,3.04524899376722
110.758361557025,494.397854735997,4.36238764161966
625.050512798097,92.4083433684861,4.0774676178085
415.928960144436,258.013334039123,3.59700007356133
12.6004498138616,183.861662865528,3.03827283192266
69.1354845452913,108.9039141404,4.13612037955049
610.576286311642,200.239494304008,3.79334599959777
251.082023236456,217.766269797278,3.54822305491598
582.501476347173,441.643608158331,3.82448686796748
304.220533499557,134.418101810768,3.78173776243924
527.984566439699,458.207511704502,3.30703466528874
42.0235324864638,406.029396807725,3.89682223009637
199.010210108781,281.233534297264,4.06723514043018
550.440593515579,261.578026650932,3.58362986968117
177.705690324326,13.0536785963168,4.13491470780046
496.900535555101,343.425477535721,4.44834488933562
40.6530185995415,55.0179850656323,4.07493985666441
507.194776970862,164.997655388183,4.68946995455859
NA,NA,NA
660.910394967082,335.954316901832,3.41871301300412
456.793274604355,298.247885642798,3.62496585576347
10.8680735444269,492.489867730089,3.65576033623792
564.471839947727,50.0730612777419,4.13807062351405
74.2282917961947,374.871559950122,3.9976940174131
227.364832129754,415.499157689528,3.84175206011738
427.205507855671,8.34756046861623,3.31096747839826
361.090235803273,291.579007244035,2.96286219354005
603.4706499547,110.215835277344,4.05707016807413
393.738866566377,224.293034207481,4.15239369340765
567.849139400146,403.036690221276,4.76560047954562
137.215825536149,283.487585905397,4.6692610010512
201.142968439128,374.973743789486,4.1501786277324
123.695390611716,407.400516599989,3.39144312830078
625.997473105983,320.88441036226,4.45330393352097
7.61000814954656,151.169075806698,4.21670423753774
544.439730004679,199.638656680412,4.00917183901634
32.6873381547153,490.915130039886,2.90404505111708
279.274214127025,19.5640128378316,4.01579168316819
537.456410891422,391.436321037146,3.36035557598973
71.2179114341599,76.366580080318,5.16020624242577
6.81026336260637,74.7965510443536,3.40785263900794
586.486433529564,223.404174377127,4.01375994946785
447.149125551229,457.900739997117,4.81136868179112
658.117461790481,374.328594125954,3.04524899376722
110.758361557025,494.397854735997,4.36238764161966
625.050512798097,92.4083433684861,4.0774676178085
415.928960144436,258.013334039123,3.59700007356133
12.6004498138616,183.861662865528,3.03827283192266
69.1354845452913,108.9039141404,4.13612037955049
610.576286311642,200.239494304008,3.79334599959777
251.082023236456,217.766269797278,3.54822305491598
582.501476347173,441.643608158331,3.82448686796748
304.220533499557,134.418101810768,3.78173776243924
527.984566439699,458.207511704502,3.30703466528874
42.0235324864638,406.029396807725,3.89682223009637
199.010210108781,281.233534297264,4.06723514043018
550.440593515579,261.578026650932,3.58362986968117
177.705690324326,13.0536785963168,4.13491470780046
496.900535555101,343.425477535721,4.44834488933562
40.6530185995415,55.0179850656323,4.07493985666441
507.194776970862,164.997655388183,4.68946995455859
NA,NA,NA
658.904361223234,335.166784586055,3.49352259089858
456.906206293177,296.007120554618,3.68527531676997
13.077411842262,495.067948663731,3.54653811481634
559.820112587177,53.80574811836,4.19694542240977
67.4858062332456,378.189696248008,4.0020502519428
228.733336618611,413.607872537326,3.92978236433542
430.986041158158,14.0478166374105,3.44423505492034
364.843154240067,293.6879225838,3.07450016652082
610.358220552364,104.553733784475,4.22661692056862
394.518466634407,227.22072382253,4.23698386835456
566.839452088135,410.934305245008,4.70818463688345
139.92347209898,284.891386852173,4.65780335527416
202.149946747425,373.299174477411,4.02904997936467
124.930974610759,412.723792262263,3.37599538267158
622.387114672623,313.883649102879,4.47414988647528
1.13274971934467,150.119293622647,4.36895605474427
542.336958890555,209.869370465019,4.22288318187886
35.00296241782,491.935704618665,2.90426374645494
277.903026373334,21.9014162405731,3.85954183284057
536.05346958797,392.498463608952,3.27863163993071
83.9042800968139,82.6700112437107,5.40732154268949
6.2697251268372,76.4847245517391,3.56409401061448
582.472120232885,228.976199451716,3.93974605680159
446.339230286536,453.643907581797,4.80030218676059
660.074122613823,373.815936818232,3.24878924502622
107.066304896449,488.315230161328,4.27459513901649
619.023155851334,92.2621344036305,4.04646117875694
423.371488265293,258.676525605846,3.76367662779914
9.69292340427656,182.702754062465,3.13492932535344
54.2392479348378,111.115826095151,4.50023578919655
608.221528716951,188.993798367058,4.09188460114015
262.79880500889,214.270770372518,3.54908833887468
575.522129769161,437.461880744477,3.67679178847376
302.041838738863,133.070954303895,3.89100563082328
535.679142538878,459.891260967151,3.66320174074919
44.7926949920628,416.013404568911,3.96862881557418
205.99184526015,293.181916549114,4.01596242154226
554.943793030602,272.860069730295,3.36627919839891
167.202890443916,30.3990850391376,4.6393158659624
511.142608753991,347.361264406524,4.62367801452294
46.1228468817763,48.2611204711378,3.6135080948781
547.03102958341,152.341053847907,4.36752462176647
NA,NA,NA
658.904361223234,335.166784586055,3.49352259089858
456.906206293177,296.007120554618,3.68527531676997
13.077411842262,495.067948663731,3.54653811481634
559.820112587177,53.80574811836,4.19694542240977
67.4858062332456,378.189696248008,4.0020502519428
228.733336618611,413.607872537326,3.92978236433542
430.986041158158,14.0478166374105,3.44423505492034
364.843154240067,293.6879225838,3.07450016652082
610.358220552364,104.553733784475,4.22661692056862
394.518466634407,227.22072382253,4.23698386835456
566.839452088135,410.934305245008,4.70818463688345
139.92347209898,284.891386852173,4.65780335527416
202.149946747425,373.299174477411,4.02904997936467
124.930974610759,412.723792262263,3.37599538267158
622.387114672623,313.883649102879,4.47414988647528
1.13274971934467,150.119293622647,4.36895605474427
542.336958890555,209.869370465019,4.22288318187886
35.00296241782,491.935704618665,2.90426374645494
277.903026373334,21.9014162405731,3.85954183284057
536.05346958797,392.498463608952,3.27863163993071
83.9042800968139,82.6700112437107,5.40732154268949
6.2697251268372,76.4847245517391,3.56409401061448
582.472120232885,228.976199451716,3.93974605680159
446.339230286536,453.643907581797,4.80030218676059
660.074122613823,373.815936818232,3.24878924502622
107.066304896449,488.315230161328,4.27459513901649
619.023155851334,92.2621344036305,4.04646117875694
423.371488265293,258.676525605846,3.76367662779914
9.69292340427656,182.702754062465,3.13492932535344
54.2392479348378,111.115826095151,4.50023578919655
608.221528716951,188.993798367058,4.09188460114015
262.79880500889,214.270770372518,3.54908833887468
575.522129769161,437.461880744477,3.67679178847376
302.041838738863,133.070954303895,3.89100563082328
535.679142538878,459.891260967151,3.66320174074919
44.7926949920628,416.013404568911,3.96862881557418
205.99184526015,293.181916549114,4.01596242154226
554.943793030602,272.860069730295,3.36627919839891
167.202890443916,30.3990850391376,4.6393158659624
511.142608753991,347.361264406524,4.62367801452294
46.1228468817763,48.2611204711378,3.6135080948781
547.03102958341,152.341053847907,4.36752462176647
NA,NA,NA
658.904361223234,335.166784586055,3.49352259089858
456.906206293177,296.007120554618,3.68527531676997
13.077411842262,495.067948663731,3.54653811481634
559.820112587177,53.80574811836,4.19694542240977
67.4858062332456,378.189696248008,4.0020502519428
228.733336618611,413.607872537326,3.92978236433542
430.986041158158,14.0478166374105,3.44423505492034
364.843154240067,293.6879225838,3.07450016652082
610.358220552364,104.553733784475,4.22661692056862
394.518466634407,227.22072382253,4.23698386835456
566.839452088135,410.934305245008,4.70818463688345
139.92347209898,284.891386852173,4.65780335527416
202.149946747425,373.299174477411,4.02904997936467
124.930974610759,412.723792262263,3.37599538267158
622.387114672623,313.883649102879,4.47414988647528
1.13274971934467,150.119293622647,4.36895605474427
542.336958890555,209.869370465019,4.22288318187886
35.00296241782,491.935704618665,2.90426374645494
277.903026373334,21.9014162405731,3.85954183284057
536.05346958797,392.498463608952,3.27863163993071
83.9042800968139,82.6700112437107,5.40732154268949
6.2697251268372,76.4847245517391,3.56409401061448
582.472120232885,228.976199451716,3.93974605680159
446.339230286536,453.643907581797,4.80030218676059
660.074122613823,373.815936818232,3.24878924502622
107.066304896449,488.315230161328,4.27459513901649
619.023155851334,92.2621344036305,4.04646117875694
423.371488265293,258.676525605846,3.76367662779914
9.69292340427656,182.702754062465,3.13492932535344
54.2392479348378,111.115826095151,4.50023578919655
608.221528716951,188.993798367058,4.09188460114015
262.79880500889,214.270770372518,3.54908833887468
575.522129769161,437.461880744477,3.67679178847376
302.041838738863,133.070954303895,3.89100563082328
535.679142538878,459.891260967151,3.66320174074919
44.7926949920628,416.013404568911,3.96862881557418
205.99184526015,293.181916549114,4.01596242154226
554.943793030602,272.860069730295,3.36627919839891
167.202890443916,30.3990850391376,4.6393158659624
511.142608753991,347.361264406524,4.62367801452294
46.1228468817763,48.2611204711378,3.6135080948781
547.03102958341,152.341053847907,4.36752462176647
NA,NA,NA
658.904361223234,335.166784586055,3.49352259089858
456.906206293177,296.007120554618,3.68527531676997
13.077411842262,495.067948663731,3.54653811481634
559.820112587177,53.80574811836,4.19694542240977
67.4858062332456,378.189696248008,4.0020502519428
228.733336618611,413.607872537326,3.92978236433542
430.986041158158,14.0478166374105,3.44423505492034
364.843154240067,293.6879225838,3.07450016652082
610.358220552364,104.553733784475,4.22661692056862
394.518466634407,227.22072382253,4.23698386835456
566.839452088135,410.934305245008,4.70818463688345
139.92347209898,284.891386852173,4.65780335527416
202.149946747425,373.299174477411,4.02904997936467
124.930974610759,412.723792262263,3.37599538267158
622.387114672623,313.883649102879,4.47414988647528
1.13274971934467,150.119293622647,4.36895605474427
542.336958890555,209.869370465019,4.22288318187886
35.00296241782,491.935704618665,2.90426374645494
277.903026373334,21.9014162405731,3.85954183284057
536.05346958797,392.498463608952,3.27863163993071
83.9042800968139,82.6700112437107,5.40732154268949
6.2697251268372,76.4847245517391,3.56409401061448
582.472120232885,228.976199451716,3.93974605680159
446.339230286536,453.643907581797,4.80030218676059
660.074122613823,373.815936818232,3.24878924502622
107.066304896449,488.315230161328,4.27459513901649
619.023155851334,92.2621344036305,4.04646117875694
423.371488265293,258.676525605846,3.76367662779914
9.69292340427656,182.702754062465,3.13492932535344
54.2392479348378,111.115826095151,4.50023578919655
608.221528716951,188.993798367058,4.09188460114015
262.79880500889,214.270770372518,3.54908833887468
575.522129769161,437.461880744477,3.67679178847376
302.041838738863,133.070954303895,3.89100563082328
535.679142538878,459.891260967151,3.66320174074919
44.7926949920628,416.013404568911,3.96862881557418
205.99184526015,293.181916549114,4.01596242154226
554.943793030602,272.860069730295,3.36627919839891
167.202890443916,30.3990850391376,4.6393158659624
511.142608753991,347.361264406524,4.62367801452294
46.1228468817763,48.2611204711378,3.6135080948781
547.03102958341,152.341053847907,4.36752462176647
NA,NA,NA
658.904361223234,335.166784586055,3.49352259089858
456.906206293177,296.007120554618,3.68527531676997
13.077411842262,495.067948663731,3.54653811481634
559.820112587177,53.80574811836,4.19694542240977
67.4858062332456,378.189696248008,4.0020502519428
228.733336618611,413.607872537326,3.92978236433542
430.986041158158,14.0478166374105,3.44423505492034
364.843154240067,293.6879225838,3.07450016652082
610.358220552364,104.553733784475,4.22661692056862
394.518466634407,227.22072382253,4.23698386835456
566.839452088135,410.934305245008,4.70818463688345
139.92347209898,284.891386852173,4.65780335527416
202.149946747425,373.299174477411,4.02904997936467
124.930974610759,412.723792262263,3.37599538267158
622.387114672623,313.883649102879,4.47414988647528
1.13274971934467,150.119293622647,4.36895605474427
542.336958890555,209.869370465019,4.22288318187886
35.00296241782,491.935704618665,2.90426374645494
277.903026373334,21.9014162405731,3.85954183284057
536.05346958797,392.498463608952,3.27863163993071
83.9042800968139,82.6700112437107,5.40732154268949
6.2697251268372,76.4847245517391,3.56409401061448
582.472120232885,228.976199451716,3.93974605680159
446.339230286536,453.643907581797,4.80030218676059
660.074122613823,373.815936818232,3.24878924502622
107.066304896449,488.315230161328,4.27459513901649
619.023155851334,92.2621344036305,4.04646117875694
423.371488265293,258.676525605846,3.76367662779914
9.69292340427656,182.702754062465,3.13492932535344
54.2392479348378,111.115826095151,4.50023578919655
608.221528716951,188.993798367058,4.09188460114015
262.79880500889,214.270770372518,3.54908833887468
575.522129769161,437.461880744477,3.67679178847376
302.041838738863,133.070954303895,3.89100563082328
535.679142538878,459.891260967151,3.66320174074919
44.7926949920628,416.013404568911,3.96862881557418
205.99184526015,293.181916549114,4.01596242154226
554.943793030602,272.860069730295,3.36627919839891
167.202890443916,30.3990850391376,4.6393158659624
511.142608753991,347.361264406524,4.62367801452294
46.1228468817763,48.2611204711378,3.6135080948781
547.03102958341,152.341053847907,4.36752462176647
NA,NA,NA
658.904361223234,335.166784586055,3.49352259089858
456.906206293177,296.007120554618,3.68527531676997
13.077411842262,495.067948663731,3.54653811481634
559.820112587177,53.80574811836,4.19694542240977
67.4858062332456,378.189696248008,4.0020502519428
228.733336618611,413.607872537326,3.92978236433542
430.986041158158,14.0478166374105,3.44423505492034
364.843154240067,293.6879225838,3.07450016652082
610.358220552364,104.553733784475,4.22661692056862
394.518466634407,227.22072382253,4.23698386835456
566.839452088135,410.934305245008,4.70818463688345
139.92347209898,284.891386852173,4.65780335527416
202.149946747425,373.299174477411,4.02904997936467
124.930974610759,412.723792262263,3.37599538267158
622.387114672623,313.883649102879,4.47414988647528
1.13274971934467,150.119293622647,4.36895605474427
542.336958890555,209.869370465019,4.22288318187886
35.00296241782,491.935704618665,2.90426374645494
277.903026373334,21.9014162405731,3.85954183284057
536.05346958797,392.498463608952,3.27863163993071
83.9042800968139,82.6700112437107,5.40732154268949
6.2697251268372,76.4847245517391,3.56409401061448
582.472120232885,228.976199451716,3.93974605680159
446.339230286536,453.643907581797,4.80030218676059
660.074122613823,373.815936818232,3.24878924502622
107.066304896449,488.315230161328,4.27459513901649
619.023155851334,92.2621344036305,4.04646117875694
423.371488265293,258.676525605846,3.76367662779914
9.69292340427656,182.702754062465,3.13492932535344
54.2392479348378,111.115826095151,4.50023578919655
608.221528716951,188.993798367058,4.09188460114015
262.79880500889,214.270770372518,3.54908833887468
575.522129769161,437.461880744477,3.67679178847376
302.041838738863,133.070954303895,3.89100563082328
535.679142538878,459.891260967151,3.66320174074919
44.7926949920628,416.013404568911,3.96862881557418
205.99184526015,293.181916549114,4.01596242154226
554.943793030602,272.860069730295,3.36627919839891
167.202890443916,30.3990850391376,4.6393158659624
511.142608753991,347.361264406524,4.62367801452294
46.1228468817763,48.2611204711378,3.6135080948781
547.03102958341,152.341053847907,4.36752462176647
NA,NA,NA
659.871851007717,334.941765738869,3.44067911682187
458.577795722234,302.860364591674,3.68933622493917
12.0238690857792,492.285149724912,3.43142785201336
561.710233399732,50.8445367246201,4.29770936658866
71.4978036304159,375.454648176279,3.9974442109271
229.256884642438,414.656555895231,3.85305023899499
429.950189738301,13.114022617626,3.26836996667536
361.074878596688,293.44462014491,3.05744088288623
601.646996996466,100.023276740553,4.19138161822852
393.94067747314,229.538761273714,4.19264862531167
559.442800850647,404.704604266326,4.69200949170273
143.621212660556,278.370114554259,4.45436272675252
194.484714603374,369.448001807482,4.0622875927412
125.18412815991,413.260135947613,3.41989130905558
628.893766914354,314.55737712313,4.52502538134708
-3.01987417524366,154.365469018624,4.27383002473763
544.885829534538,203.215379320891,4.24472315316474
32.6789541800368,491.359642310416,2.9553999169161
282.524858333233,19.8353052837671,3.9236020194693
535.007639179671,393.527339570637,3.38347123869318
69.2769529738684,81.4794117222404,5.20764118842911
4.75647461688832,80.6940997122893,3.55766992760574
592.265794649476,228.773137961468,4.08660931938499
439.607265208506,457.641374579256,4.79411875237282
659.182209229929,373.388140581487,2.90337672491811
104.888412180197,493.785372908239,4.40916481722075
626.799840762375,91.7139293427003,4.07868550425859
418.355014790883,256.746204985299,3.55132940149867
13.60587846249,180.526948318135,3.43286698311383
73.1156933735674,122.835736025658,4.58856732997023
611.184382906876,202.104096788532,4.43945849916991
257.289705660657,218.463887083209,3.91217765434928
565.28173122497,440.548180063541,3.93440868865419
299.503699368393,137.390574719801,3.87957859963184
532.153505590661,455.070260505066,3.77858643019606
49.3661834247539,418.13267857365,3.92473221497667
196.6316933098,290.675306853206,4.21129269462093
546.488621835203,263.409369254379,3.84711969672162
182.446903549724,26.9728147644122,4.21754307886327
500.397680287505,341.145731398273,4.61949357417042
47.7414282081544,49.4559696893765,4.04769304244637
532.805933546576,147.267954722408,4.31774819728865
NA,NA,NA
659.871851007717,334.941765738869,3.44067911682187
458.577795722234,302.860364591674,3.68933622493917
12.0238690857792,492.285149724912,3.43142785201336
561.710233399732,50.8445367246201,4.29770936658866
71.4978036304159,375.454648176279,3.9974442109271
229.256884642438,414.656555895231,3.85305023899499
429.950189738301,13.114022617626,3.26836996667536
361.074878596688,293.44462014491,3.05744088288623
601.646996996466,100.023276740553,4.19138161822852
393.94067747314,229.538761273714,4.19264862531167
559.442800850647,404.704604266326,4.69200949170273
143.621212660556,278.370114554259,4.45436272675252
194.484714603374,369.448001807482,4.0622875927412
125.18412815991,413.260135947613,3.41989130905558
628.893766914354,314.55737712313,4.52502538134708
-3.01987417524366,154.365469018624,4.27383002473763
544.885829534538,203.215379320891,4.24472315316474
32.6789541800368,491.359642310416,2.9553999169161
282.524858333233,19.8353052837671,3.9236020194693
535.007639179671,393.527339570637,3.38347123869318
69.2769529738684,81.4794117222404,5.20764118842911
4.75647461688832,80.6940997122893,3.55766992760574
592.265794649476,228.773137961468,4.08660931938499
439.607265208506,457.641374579256,4.79411875237282
659.182209229929,373.388140581487,2.90337672491811
104.888412180197,493.785372908239,4.40916481722075
626.799840762375,91.7139293427003,4.07868550425859
418.355014790883,256.746204985299,3.55132940149867
13.60587846249,180.526948318135,3.43286698311383
73.1156933735674,122.835736025658,4.58856732997023
611.184382906876,202.104096788532,4.43945849916991
257.289705660657,218.463887083209,3.91217765434928
565.28173122497,440.548180063541,3.93440868865419
299.503699368393,137.390574719801,3.87957859963184
532.153505590661,455.070260505066,3.77858643019606
49.3661834247539,418.13267857365,3.92473221497667
196.6316933098,290.675306853206,4.21129269462093
546.488621835203,263.409369254379,3.84711969672162
182.446903549724,26.9728147644122,4.21754307886327
500.397680287505,341.145731398273,4.61949357417042
47.7414282081544,49.4559696893765,4.04769304244637
532.805933546576,147.267954722408,4.31774819728865
NA,NA,NA
659.871851007717,334.941765738869,3.44067911682187
458.577795722234,302.860364591674,3.68933622493917
12.0238690857792,492.285149724912,3.43142785201336
561.710233399732,50.8445367246201,4.29770936658866
71.4978036304159,375.454648176279,3.9974442109271
229.256884642438,414.656555895231,3.85305023899499
429.950189738301,13.114022617626,3.26836996667536
361.074878596688,293.44462014491,3.05744088288623
601.646996996466,100.023276740553,4.19138161822852
393.94067747314,229.538761273714,4.19264862531167
559.442800850647,404.704604266326,4.69200949170273
143.621212660556,278.370114554259,4.45436272675252
194.484714603374,369.448001807482,4.0622875927412
125.18412815991,413.260135947613,3.41989130905558
628.893766914354,314.55737712313,4.52502538134708
-3.01987417524366,154.365469018624,4.27383002473763
544.885829534538,203.215379320891,4.24472315316474
32.6789541800368,491.359642310416,2.9553999169161
282.524858333233,19.8353052837671,3.9236020194693
535.007639179671,393.527339570637,3.38347123869318
69.2769529738684,81.4794117222404,5.20764118842911
4.75647461688832,80.6940997122893,3.55766992760574
592.265794649476,228.773137961468,4.08660931938499
439.607265208506,457.641374579256,4.79411875237282
659.182209229929,373.388140581487,2.90337672491811
104.888412180197,493.785372908239,4.40916481722075
626.799840762375,91.7139293427003,4.07868550425859
418.355014790883,256.746204985299,3.55132940149867
13.60587846249,180.526948318135,3.43286698311383
73.1156933735674,122.835736025658,4.58856732997023
611.184382906876,202.104096788532,4.43945849916991
257.289705660657,218.463887083209,3.91217765434928
565.28173122497,440.548180063541,3.93440868865419
299.503699368393,137.390574719801,3.87957859963184
532.153505590661,455.070260505066,3.77858643019606
49.3661834247539,418.13267857365,3.92473221497667
196.6316933098,290.675306853206,4.21129269462093
546.488621835203,263.409369254379,3.84711969672162
182.446903549724,26.9728147644122,4.21754307886327
500.397680287505,341.145731398273,4.61949357417042
47.7414282081544,49.4559696893765,4.04769304244637
532.805933546576,147.267954722408,4.31774819728865
NA,NA,NA
659.871851007717,334.941765738869,3.44067911682187
458.577795722234,302.860364591674,3.68933622493917
12.0238690857792,492.285149724912,3.43142785201336
561.710233399732,50.8445367246201,4.29770936658866
71.4978036304159,375.454648176279,3.9974442109271
229.256884642438,414.656555895231,3.85305023899499
429.950189738301,13.114022617626,3.26836996667536
361.074878596688,293.44462014491,3.05744088288623
601.646996996466,100.023276740553,4.19138161822852
393.94067747314,229.538761273714,4.19264862531167
559.442800850647,404.704604266326,4.69200949170273
143.621212660556,278.370114554259,4.45436272675252
194.484714603374,369.448001807482,4.0622875927412
125.18412815991,413.260135947613,3.41989130905558
628.893766914354,314.55737712313,4.52502538134708
-3.01987417524366,154.365469018624,4.27383002473763
544.885829534538,203.215379320891,4.24472315316474
32.6789541800368,491.359642310416,2.9553999169161
282.524858333233,19.8353052837671,3.9236020194693
535.007639179671,393.527339570637,3.38347123869318
69.2769529738684,81.4794117222404,5.20764118842911
4.75647461688832,80.6940997122893,3.55766992760574
592.265794649476,228.773137961468,4.08660931938499
439.607265208506,457.641374579256,4.79411875237282
659.182209229929,373.388140581487,2.90337672491811
104.888412180197,493.785372908239,4.40916481722075
626.799840762375,91.7139293427003,4.07868550425859
418.355014790883,256.746204985299,3.55132940149867
13.60587846249,180.526948318135,3.43286698311383
73.1156933735674,122.835736025658,4.58856732997023
611.184382906876,202.104096788532,4.43945849916991
257.289705660657,218.463887083209,3.91217765434928
565.28173122497,440.548180063541,3.93440868865419
299.503699368393,137.390574719801,3.87957859963184
532.153505590661,455.070260505066,3.77858643019606
49.3661834247539,418.13267857365,3.92473221497667
196.6316933098,290.675306853206,4.21129269462093
546.488621835203,263.409369254379,3.84711969672162
182.446903549724,26.9728147644122,4.21754307886327
500.397680287505,341.145731398273,4.61949357417042
47.7414282081544,49.4559696893765,4.04769304244637
532.805933546576,147.267954722408,4.31774819728865
NA,NA,NA
659.871851007717,334.941765738869,3.44067911682187
458.577795722234,302.860364591674,3.68933622493917
12.0238690857792,492.285149724912,3.43142785201336
561.710233399732,50.8445367246201,4.29770936658866
71.4978036304159,375.454648176279,3.9974442109271
229.256884642438,414.656555895231,3.85305023899499
429.950189738301,13.114022617626,3.26836996667536
361.074878596688,293.44462014491,3.05744088288623
601.646996996466,100.023276740553,4.19138161822852
393.94067747314,229.538761273714,4.19264862531167
559.442800850647,404.704604266326,4.69200949170273
143.621212660556,278.370114554259,4.45436272675252
194.484714603374,369.448001807482,4.0622875927412
125.18412815991,413.260135947613,3.41989130905558
628.893766914354,314.55737712313,4.52502538134708
-3.01987417524366,154.365469018624,4.27383002473763
544.885829534538,203.215379320891,4.24472315316474
32.6789541800368,491.359642310416,2.9553999169161
282.524858333233,19.8353052837671,3.9236020194693
535.007639179671,393.527339570637,3.38347123869318
69.2769529738684,81.4794117222404,5.20764118842911
4.75647461688832,80.6940997122893,3.55766992760574
592.265794649476,228.773137961468,4.08660931938499
439.607265208506,457.641374579256,4.79411875237282
659.182209229929,373.388140581487,2.90337672491811
104.888412180197,493.785372908239,4.40916481722075
626.799840762375,91.7139293427003,4.07868550425859
418.355014790883,256.746204985299,3.55132940149867
13.60587846249,180.526948318135,3.43286698311383
73.1156933735674,122.835736025658,4.58856732997023
611.184382906876,202.104096788532,4.43945849916991
257.289705660657,218.463887083209,3.91217765434928
565.28173122497,440.548180063541,3.93440868865419
299.503699368393,137.390574719801,3.87957859963184
532.153505590661,455.070260505066,3.77858643019606
49.3661834247539,418.13267857365,3.92473221497667
196.6316933098,290.675306853206,4.21129269462093
546.488621835203,263.409369254379,3.84711969672162
182.446903549724,26.9728147644122,4.21754307886327
500.397680287505,341.145731398273,4.61949357417042
47.7414282081544,49.4559696893765,4.04769304244637
532.805933546576,147.267954722408,4.31774819728865
NA,NA,NA
659.871851007717,334.941765738869,3.44067911682187
458.577795722234,302.860364591674,3.68933622493917
12.0238690857792,492.285149724912,3.43142785201336
561.710233399732,50.8445367246201,4.29770936658866
71.4978036304159,375.454648176279,3.9974442109271
229.256884642438,414.656555895231,3.85305023899499
429.950189738301,13.114022617626,3.26836996667536
361.074878596688,293.44462014491,3.05744088288623
601.646996996466,100.023276740553,4.19138161822852
393.94067747314,229.538761273714,4.19264862531167
559.442800850647,404.704604266326,4.69200949170273
143.621212660556,278.370114554259,4.45436272675252
194.484714603374,369.448001807482,4.0622875927412
125.18412815991,413.260135947613,3.41989130905558
628.893766914354,314.55737712313,4.52502538134708
-3.01987417524366,154.365469018624,4.27383002473763
544.885829534538,203.215379320891,4.24472315316474
32.6789541800368,491.359642310416,2.9553999169161
282.524858333233,19.8353052837671,3.9236020194693
535.007639179671,393.527339570637,3.38347123869318
69.2769529738684,81.4794117222404,5.20764118842911
4.75647461688832,80.6940997122893,3.55766992760574
592.265794649476,228.773137961468,4.08660931938499
439.607265208506,457.641374579256,4.79411875237282
659.182209229929,373.388140581487,2.90337672491811
104.888412180197,493.785372908239,4.40916481722075
626.799840762375,91.7139293427003,4.07868550425859
418.355014790883,256.746204985299,3.55132940149867
13.60587846249,180.526948318135,3.43286698311383
73.1156933735674,122.835736025658,4.58856732997023
611.184382906876,202.104096788532,4.43945849916991
257.289705660657,218.463887083209,3.91217765434928
565.28173122497,440.548180063541,3.93440868865419
299.503699368393,137.390574719801,3.87957859963184
532.153505590661,455.070260505066,3.77858643019606
49.3661834247539,418.13267857365,3.92473221497667
196.6316933098,290.675306853206,4.21129269462093
546.488621835203,263.409369254379,3.84711969672162
182.446903549724,26.9728147644122,4.21754307886327
500.397680287505,341.145731398273,4.61949357417042
47.7414282081544,49.4559696893765,4.04769304244637
532.805933546576,147.267954722408,4.31774819728865
NA,NA,NA
657.816007975741,336.002638863713,3.35366314384329
458.024336766536,297.094233406309,3.37408460430679
12.1579100839089,495.676332902877,3.66222474320089
561.184218107764,53.104039200591,4.18830411882794
72.8933126876632,377.741991310509,3.91729874895912
227.74766704346,418.410371642975,3.84889854045449
431.58301738246,10.9378071520714,3.30867675215775
360.410466302628,291.888298479575,3.06144207265208
601.199203491306,107.945008634882,4.29865261214455
393.095207621808,233.21427719822,4.14389297884052
570.259782205558,408.344896324193,4.77680265501844
139.859364416413,285.005652104569,4.63649441467209
195.341707249917,367.401365943706,4.19036729695419
124.59956949709,410.497075999718,3.38638978508313
628.642954996748,311.413267931268,4.64632699362094
5.51039574453024,148.440810199219,4.33818576123686
545.063263613,200.510639348783,4.20671213336339
35.9314595483532,490.628015047246,3.0875031723649
282.080155035883,23.1223793326979,3.87476604998872
535.572809484619,392.695093868002,3.53042944163884
70.5586065308969,77.0356837943406,5.19481120536759
4.03703712147303,73.35022864829,3.53509580083734
586.877334824781,228.360166189682,4.01970135535128
438.874532498233,453.909883236139,4.74456467900225
660.165974665163,375.705059870076,3.16876876359649
106.743136308084,486.879896319228,4.42505567623586
623.389666572168,85.9366507101918,4.04881616402038
422.230979017475,259.329010044833,3.60291470622375
11.001487078157,181.211179302411,3.1585535357536
62.3720209865636,119.125344502539,4.42324293676579
617.172848212725,207.053336803035,4.05802347803257
260.466138595835,228.381967733131,3.93340562811733
566.376746294814,431.74740542503,3.76888133669795
305.813324028293,133.844572834183,3.83168529432845
532.645147082565,455.399236138585,3.56092516280683
58.6651961416848,417.971791203477,3.92616786152145
203.024112995854,292.781950349915,4.0986333840681
550.120857078687,266.670227064948,3.69890576713893
166.755565897672,26.3970075772259,3.88989015480797
495.282467070537,344.133681866917,4.33915374974571
28.4359652138437,47.608982814629,3.72620795078751
529.451843816982,155.702225396188,4.6755570082488
NA,NA,NA
657.816007975741,336.002638863713,3.35366314384329
458.024336766536,297.094233406309,3.37408460430679
12.1579100839089,495.676332902877,3.66222474320089
561.184218107764,53.104039200591,4.18830411882794
72.8933126876632,377.741991310509,3.91729874895912
227.74766704346,418.410371642975,3.84889854045449
431.58301738246,10.9378071520714,3.30867675215775
360.410466302628,291.888298479575,3.06144207265208
601.199203491306,107.945008634882,4.29865261214455
393.095207621808,233.21427719822,4.14389297884052
570.259782205558,408.344896324193,4.77680265501844
139.859364416413,285.005652104569,4.63649441467209
195.341707249917,367.401365943706,4.19036729695419
124.59956949709,410.497075999718,3.38638978508313
628.642954996748,311.413267931268,4.64632699362094
5.51039574453024,148.440810199219,4.33818576123686
545.063263613,200.510639348783,4.20671213336339
35.9314595483532,490.628015047246,3.0875031723649
282.080155035883,23.1223793326979,3.87476604998872
535.572809484619,392.695093868002,3.53042944163884
70.5586065308969,77.0356837943406,5.19481120536759
4.03703712147303,73.35022864829,3.53509580083734
586.877334824781,228.360166189682,4.01970135535128
438.874532498233,453.909883236139,4.74456467900225
660.165974665163,375.705059870076,3.16876876359649
106.743136308084,486.879896319228,4.42505567623586
623.389666572168,85.9366507101918,4.04881616402038
422.230979017475,259.329010044833,3.60291470622375
11.001487078157,181.211179302411,3.1585535357536
62.3720209865636,119.125344502539,4.42324293676579
617.172848212725,207.053336803035,4.05802347803257
260.466138595835,228.381967733131,3.93340562811733
566.376746294814,431.74740542503,3.76888133669795
305.813324028293,133.844572834183,3.83168529432845
532.645147082565,455.399236138585,3.56092516280683
58.6651961416848,417.971791203477,3.92616786152145
203.024112995854,292.781950349915,4.0986333840681
550.120857078687,266.670227064948,3.69890576713893
166.755565897672,26.3970075772259,3.88989015480797
495.282467070537,344.133681866917,4.33915374974571
28.4359652138437,47.608982814629,3.72620795078751
529.451843816982,155.702225396188,4.6755570082488
NA,NA,NA
657.816007975741,336.002638863713,3.35366314384329
458.024336766536,297.094233406309,3.37408460430679
12.1579100839089,495.676332902877,3.66222474320089
561.184218107764,53.104039200591,4.18830411882794
72.8933126876632,377.741991310509,3.91729874895912
227.74766704346,418.410371642975,3.84889854045449
431.58301738246,10.9378071520714,3.30867675215775
360.410466302628,291.888298479575,3.06144207265208
601.199203491306,107.945008634882,4.29865261214455
393.095207621808,233.21427719822,4.14389297884052
570.259782205558,408.344896324193,4.77680265501844
139.859364416413,285.005652104569,4.63649441467209
195.341707249917,367.401365943706,4.19036729695419
124.59956949709,410.497075999718,3.38638978508313
628.642954996748,311.413267931268,4.64632699362094
5.51039574453024,148.440810199219,4.33818576123686
545.063263613,200.510639348783,4.20671213336339
35.9314595483532,490.628015047246,3.0875031723649
282.080155035883,23.1223793326979,3.87476604998872
535.572809484619,392.695093868002,3.53042944163884
70.5586065308969,77.0356837943406,5.19481120536759
4.03703712147303,73.35022864829,3.53509580083734
586.877334824781,228.360166189682,4.01970135535128
438.874532498233,453.909883236139,4.74456467900225
660.165974665163,375.705059870076,3.16876876359649
106.743136308084,486.879896319228,4.42505567623586
623.389666572168,85.9366507101918,4.04881616402038
422.230979017475,259.329010044833,3.60291470622375
11.001487078157,181.211179302411,3.1585535357536
62.3720209865636,119.125344502539,4.42324293676579
617.172848212725,207.053336803035,4.05802347803257
260.466138595835,228.381967733131,3.93340562811733
566.376746294814,431.74740542503,3.76888133669795
305.813324028293,133.844572834183,3.83168529432845
532.645147082565,455.399236138585,3.56092516280683
58.6651961416848,417.971791203477,3.92616786152145
203.024112995854,292.781950349915,4.0986333840681
550.120857078687,266.670227064948,3.69890576713893
166.755565897672,26.3970075772259,3.88989015480797
495.282467070537,344.133681866917,4.33915374974571
28.4359652138437,47.608982814629,3.72620795078751
529.451843816982,155.702225396188,4.6755570082488
NA,NA,NA
657.816007975741,336.002638863713,3.35366314384329
458.024336766536,297.094233406309,3.37408460430679
12.1579100839089,495.676332902877,3.66222474320089
561.184218107764,53.104039200591,4.18830411882794
72.8933126876632,377.741991310509,3.91729874895912
227.74766704346,418.410371642975,3.84889854045449
431.58301738246,10.9378071520714,3.30867675215775
360.410466302628,291.888298479575,3.06144207265208
601.199203491306,107.945008634882,4.29865261214455
393.095207621808,233.21427719822,4.14389297884052
570.259782205558,408.344896324193,4.77680265501844
139.859364416413,285.005652104569,4.63649441467209
195.341707249917,367.401365943706,4.19036729695419
124.59956949709,410.497075999718,3.38638978508313
628.642954996748,311.413267931268,4.64632699362094
5.51039574453024,148.440810199219,4.33818576123686
545.063263613,200.510639348783,4.20671213336339
35.9314595483532,490.628015047246,3.0875031723649
282.080155035883,23.1223793326979,3.87476604998872
535.572809484619,392.695093868002,3.53042944163884
70.5586065308969,77.0356837943406,5.19481120536759
4.03703712147303,73.35022864829,3.53509580083734
586.877334824781,228.360166189682,4.01970135535128
438.874532498233,453.909883236139,4.74456467900225
660.165974665163,375.705059870076,3.16876876359649
106.743136308084,486.879896319228,4.42505567623586
623.389666572168,85.9366507101918,4.04881616402038
422.230979017475,259.329010044833,3.60291470622375
11.001487078157,181.211179302411,3.1585535357536
62.3720209865636,119.125344502539,4.42324293676579
617.172848212725,207.053336803035,4.05802347803257
260.466138595835,228.381967733131,3.93340562811733
566.376746294814,431.74740542503,3.76888133669795
305.813324028293,133.844572834183,3.83168529432845
532.645147082565,455.399236138585,3.56092516280683
58.6651961416848,417.971791203477,3.92616786152145
203.024112995854,292.781950349915,4.0986333840681
550.120857078687,266.670227064948,3.69890576713893
166.755565897672,26.3970075772259,3.88989015480797
495.282467070537,344.133681866917,4.33915374974571
28.4359652138437,47.608982814629,3.72620795078751
529.451843816982,155.702225396188,4.6755570082488
NA,NA,NA
657.816007975741,336.002638863713,3.35366314384329
458.024336766536,297.094233406309,3.37408460430679
12.1579100839089,495.676332902877,3.66222474320089
561.184218107764,53.104039200591,4.18830411882794
72.8933126876632,377.741991310509,3.91729874895912
227.74766704346,418.410371642975,3.84889854045449
431.58301738246,10.9378071520714,3.30867675215775
360.410466302628,291.888298479575,3.06144207265208
601.199203491306,107.945008634882,4.29865261214455
393.095207621808,233.21427719822,4.14389297884052
570.259782205558,408.344896324193,4.77680265501844
139.859364416413,285.005652104569,4.63649441467209
195.341707249917,367.401365943706,4.19036729695419
124.59956949709,410.497075999718,3.38638978508313
628.642954996748,311.413267931268,4.64632699362094
5.51039574453024,148.440810199219,4.33818576123686
545.063263613,200.510639348783,4.20671213336339
35.9314595483532,490.628015047246,3.0875031723649
282.080155035883,23.1223793326979,3.87476604998872
535.572809484619,392.695093868002,3.53042944163884
70.5586065308969,77.0356837943406,5.19481120536759
4.03703712147303,73.35022864829,3.53509580083734
586.877334824781,228.360166189682,4.01970135535128
438.874532498233,453.909883236139,4.74456467900225
660.165974665163,375.705059870076,3.16876876359649
106.743136308084,486.879896319228,4.42505567623586
623.389666572168,85.9366507101918,4.04881616402038
422.230979017475,259.329010044833,3.60291470622375
11.001487078157,181.211179302411,3.1585535357536
62.3720209865636,119.125344502539,4.42324293676579
617.172848212725,207.053336803035,4.05802347803257
260.466138595835,228.381967733131,3.93340562811733
566.376746294814,431.74740542503,3.76888133669795
305.813324028293,133.844572834183,3.83168529432845
532.645147082565,455.399236138585,3.56092516280683
58.6651961416848,417.971791203477,3.92616786152145
203.024112995854,292.781950349915,4.0986333840681
550.120857078687,266.670227064948,3.69890576713893
166.755565897672,26.3970075772259,3.88989015480797
495.282467070537,344.133681866917,4.33915374974571
28.4359652138437,47.608982814629,3.72620795078751
529.451843816982,155.702225396188,4.6755570082488
NA,NA,NA
657.816007975741,336.002638863713,3.35366314384329
458.024336766536,297.094233406309,3.37408460430679
12.1579100839089,495.676332902877,3.66222474320089
561.184218107764,53.104039200591,4.18830411882794
72.8933126876632,377.741991310509,3.91729874895912
227.74766704346,418.410371642975,3.84889854045449
431.58301738246,10.9378071520714,3.30867675215775
360.410466302628,291.888298479575,3.06144207265208
601.199203491306,107.945008634882,4.29865261214455
393.095207621808,233.21427719822,4.14389297884052
570.259782205558,408.344896324193,4.77680265501844
139.859364416413,285.005652104569,4.63649441467209
195.341707249917,367.401365943706,4.19036729695419
124.59956949709,410.497075999718,3.38638978508313
628.642954996748,311.413267931268,4.64632699362094
5.51039574453024,148.440810199219,4.33818576123686
545.063263613,200.510639348783,4.20671213336339
35.9314595483532,490.628015047246,3.0875031723649
282.080155035883,23.1223793326979,3.87476604998872
535.572809484619,392.695093868002,3.53042944163884
70.5586065308969,77.0356837943406,5.19481120536759
4.03703712147303,73.35022864829,3.53509580083734
586.877334824781,228.360166189682,4.01970135535128
438.874532498233,453.909883236139,4.74456467900225
660.165974665163,375.705059870076,3.16876876359649
106.743136308084,486.879896319228,4.42505567623586
623.389666572168,85.9366507101918,4.04881616402038
422.230979017475,259.329010044833,3.60291470622375
11.001487078157,181.211179302411,3.1585535357536
62.3720209865636,119.125344502539,4.42324293676579
617.172848212725,207.053336803035,4.05802347803257
260.466138595835,228.381967733131,3.93340562811733
566.376746294814,431.74740542503,3.76888133669795
305.813324028293,133.844572834183,3.83168529432845
532.645147082565,455.399236138585,3.56092516280683
58.6651961416848,417.971791203477,3.92616786152145
203.024112995854,292.781950349915,4.0986333840681
550.120857078687,266.670227064948,3.69890576713893
166.755565897672,26.3970075772259,3.88989015480797
495.282467070537,344.133681866917,4.33915374974571
28.4359652138437,47.608982814629,3.72620795078751
529.451843816982,155.702225396188,4.6755570082488
NA,NA,NA
662.235359834239,331.021194435325,3.49457725998176
455.598875792388,297.971941741611,3.62894604510222
8.87248149146904,495.598343665355,3.59240536923874
563.119224261643,51.2165552442887,4.14363273330247
72.6160355747103,375.027277349883,3.88471321096443
236.376577748757,416.131860172913,3.8661785269637
427.233870526259,14.4884678313308,3.23341162184257
362.419190793442,291.579399722564,3.15704638286392
603.567811019396,105.309552982843,4.17742890173409
389.462159370907,225.634349108507,4.13492542400666
569.981856201015,403.381310259528,4.77315562716945
138.469139695032,283.4353968681,4.54860537506173
198.113096003667,372.290626022416,4.07046585106888
125.362970588222,411.212754348414,3.45009176790782
624.588729521046,321.466123475673,4.56860058315465
4.12094778062027,149.625393257091,4.16328604403475
546.172115109704,201.817966885191,4.3361684000689
36.6777639538322,492.410475680693,2.95239265581191
276.821217783648,24.9758293171156,3.7576719789511
532.529849542432,394.401294043968,3.14635432797578
63.8799766026509,81.7075707756485,5.28503919256525
5.34786322424722,80.7462271740003,3.65628764874544
587.721297742128,224.27566265312,3.94635777407343
440.906411733517,462.337030054004,4.82019739740038
659.79679381555,373.53343337586,3.09402392463912
103.305083408751,484.067473495659,4.3403147952545
622.203711035663,91.2213462997594,4.07250638565598
424.496648063198,257.47077880757,3.65504306273145
9.62800359732225,183.7158306333,3.33766127831329
71.9284940427509,97.7627753808584,4.34554187452655
601.925574987697,191.069649333855,4.12496948407545
256.445349445126,227.647328035803,4.061219160702
572.975167879053,432.690077071072,3.93145830562884
302.315533041459,136.776234024071,3.83765155997787
528.227112218388,452.53044151778,3.45328332025972
52.8119159489811,410.323282368236,3.96830526158977
195.8560488683,291.310958782618,3.69434680005415
539.26819596491,263.546442623793,3.71107296888799
175.819624185905,38.3535181890372,4.09136071853993
500.981808260591,335.333096761776,4.51877931075294
36.539755841053,43.3482999735588,4.23249131700315
523.156255059668,145.496995672209,4.88998467972815
NA,NA,NA
662.235359834239,331.021194435325,3.49457725998176
455.598875792388,297.971941741611,3.62894604510222
8.87248149146904,495.598343665355,3.59240536923874
563.119224261643,51.2165552442887,4.14363273330247
72.6160355747103,375.027277349883,3.88471321096443
236.376577748757,416.131860172913,3.8661785269637
427.233870526259,14.4884678313308,3.23341162184257
362.419190793442,291.579399722564,3.15704638286392
603.567811019396,105.309552982843,4.17742890173409
389.462159370907,225.634349108507,4.13492542400666
569.981856201015,403.381310259528,4.77315562716945
138.469139695032,283.4353968681,4.54860537506173
198.113096003667,372.290626022416,4.07046585106888
125.362970588222,411.212754348414,3.45009176790782
624.588729521046,321.466123475673,4.56860058315465
4.12094778062027,149.625393257091,4.16328604403475
546.172115109704,201.817966885191,4.3361684000689
36.6777639538322,492.410475680693,2.95239265581191
276.821217783648,24.9758293171156,3.7576719789511
532.529849542432,394.401294043968,3.14635432797578
63.8799766026509,81.7075707756485,5.28503919256525
5.34786322424722,80.7462271740003,3.65628764874544
587.721297742128,224.27566265312,3.94635777407343
440.906411733517,462.337030054004,4.82019739740038
659.79679381555,373.53343337586,3.09402392463912
103.305083408751,484.067473495659,4.3403147952545
622.203711035663,91.2213462997594,4.07250638565598
424.496648063198,257.47077880757,3.65504306273145
9.62800359732225,183.7158306333,3.33766127831329
71.9284940427509,97.7627753808584,4.34554187452655
601.925574987697,191.069649333855,4.12496948407545
256.445349445126,227.647328035803,4.061219160702
572.975167879053,432.690077071072,3.93145830562884
302.315533041459,136.776234024071,3.83765155997787
528.227112218388,452.53044151778,3.45328332025972
52.8119159489811,410.323282368236,3.96830526158977
195.8560488683,291.310958782618,3.69434680005415
539.26819596491,263.546442623793,3.71107296888799
175.819624185905,38.3535181890372,4.09136071853993
500.981808260591,335.333096761776,4.51877931075294
36.539755841053,43.3482999735588,4.23249131700315
523.156255059668,145.496995672209,4.88998467972815
NA,NA,NA
662.235359834239,331.021194435325,3.49457725998176
455.598875792388,297.971941741611,3.62894604510222
8.87248149146904,495.598343665355,3.59240536923874
563.119224261643,51.2165552442887,4.14363273330247
72.6160355747103,375.027277349883,3.88471321096443
236.376577748757,416.131860172913,3.8661785269637
427.233870526259,14.4884678313308,3.23341162184257
362.419190793442,291.579399722564,3.15704638286392
603.567811019396,105.309552982843,4.17742890173409
389.462159370907,225.634349108507,4.13492542400666
569.981856201015,403.381310259528,4.77315562716945
138.469139695032,283.4353968681,4.54860537506173
198.113096003667,372.290626022416,4.07046585106888
125.362970588222,411.212754348414,3.45009176790782
624.588729521046,321.466123475673,4.56860058315465
4.12094778062027,149.625393257091,4.16328604403475
546.172115109704,201.817966885191,4.3361684000689
36.6777639538322,492.410475680693,2.95239265581191
276.821217783648,24.9758293171156,3.7576719789511
532.529849542432,394.401294043968,3.14635432797578
63.8799766026509,81.7075707756485,5.28503919256525
5.34786322424722,80.7462271740003,3.65628764874544
587.721297742128,224.27566265312,3.94635777407343
440.906411733517,462.337030054004,4.82019739740038
659.79679381555,373.53343337586,3.09402392463912
103.305083408751,484.067473495659,4.3403147952545
622.203711035663,91.2213462997594,4.07250638565598
424.496648063198,257.47077880757,3.65504306273145
9.62800359732225,183.7158306333,3.33766127831329
71.9284940427509,97.7627753808584,4.34554187452655
601.925574987697,191.069649333855,4.12496948407545
256.445349445126,227.647328035803,4.061219160702
572.975167879053,432.690077071072,3.93145830562884
302.315533041459,136.776234024071,3.83765155997787
528.227112218388,452.53044151778,3.45328332025972
52.8119159489811,410.323282368236,3.96830526158977
195.8560488683,291.310958782618,3.69434680005415
539.26819596491,263.546442623793,3.71107296888799
175.819624185905,38.3535181890372,4.09136071853993
500.981808260591,335.333096761776,4.51877931075294
36.539755841053,43.3482999735588,4.23249131700315
523.156255059668,145.496995672209,4.88998467972815
NA,NA,NA
662.235359834239,331.021194435325,3.49457725998176
455.598875792388,297.971941741611,3.62894604510222
8.87248149146904,495.598343665355,3.59240536923874
563.119224261643,51.2165552442887,4.14363273330247
72.6160355747103,375.027277349883,3.88471321096443
236.376577748757,416.131860172913,3.8661785269637
427.233870526259,14.4884678313308,3.23341162184257
362.419190793442,291.579399722564,3.15704638286392
603.567811019396,105.309552982843,4.17742890173409
389.462159370907,225.634349108507,4.13492542400666
569.981856201015,403.381310259528,4.77315562716945
138.469139695032,283.4353968681,4.54860537506173
198.113096003667,372.290626022416,4.07046585106888
125.362970588222,411.212754348414,3.45009176790782
624.588729521046,321.466123475673,4.56860058315465
4.12094778062027,149.625393257091,4.16328604403475
546.172115109704,201.817966885191,4.3361684000689
36.6777639538322,492.410475680693,2.95239265581191
276.821217783648,24.9758293171156,3.7576719789511
532.529849542432,394.401294043968,3.14635432797578
63.8799766026509,81.7075707756485,5.28503919256525
5.34786322424722,80.7462271740003,3.65628764874544
587.721297742128,224.27566265312,3.94635777407343
440.906411733517,462.337030054004,4.82019739740038
659.79679381555,373.53343337586,3.09402392463912
103.305083408751,484.067473495659,4.3403147952545
622.203711035663,91.2213462997594,4.07250638565598
424.496648063198,257.47077880757,3.65504306273145
9.62800359732225,183.7158306333,3.33766127831329
71.9284940427509,97.7627753808584,4.34554187452655
601.925574987697,191.069649333855,4.12496948407545
256.445349445126,227.647328035803,4.061219160702
572.975167879053,432.690077071072,3.93145830562884
302.315533041459,136.776234024071,3.83765155997787
528.227112218388,452.53044151778,3.45328332025972
52.8119159489811,410.323282368236,3.96830526158977
195.8560488683,291.310958782618,3.69434680005415
539.26819596491,263.546442623793,3.71107296888799
175.819624185905,38.3535181890372,4.09136071853993
500.981808260591,335.333096761776,4.51877931075294
36.539755841053,43.3482999735588,4.23249131700315
523.156255059668,145.496995672209,4.88998467972815
NA,NA,NA
662.235359834239,331.021194435325,3.49457725998176
455.598875792388,297.971941741611,3.62894604510222
8.87248149146904,495.598343665355,3.59240536923874
563.119224261643,51.2165552442887,4.14363273330247
72.6160355747103,375.027277349883,3.88471321096443
236.376577748757,416.131860172913,3.8661785269637
427.233870526259,14.4884678313308,3.23341162184257
362.419190793442,291.579399722564,3.15704638286392
603.567811019396,105.309552982843,4.17742890173409
389.462159370907,225.634349108507,4.13492542400666
569.981856201015,403.381310259528,4.77315562716945
138.469139695032,283.4353968681,4.54860537506173
198.113096003667,372.290626022416,4.07046585106888
125.362970588222,411.212754348414,3.45009176790782
624.588729521046,321.466123475673,4.56860058315465
4.12094778062027,149.625393257091,4.16328604403475
546.172115109704,201.817966885191,4.3361684000689
36.6777639538322,492.410475680693,2.95239265581191
276.821217783648,24.9758293171156,3.7576719789511
532.529849542432,394.401294043968,3.14635432797578
63.8799766026509,81.7075707756485,5.28503919256525
5.34786322424722,80.7462271740003,3.65628764874544
587.721297742128,224.27566265312,3.94635777407343
440.906411733517,462.337030054004,4.82019739740038
659.79679381555,373.53343337586,3.09402392463912
103.305083408751,484.067473495659,4.3403147952545
622.203711035663,91.2213462997594,4.07250638565598
424.496648063198,257.47077880757,3.65504306273145
9.62800359732225,183.7158306333,3.33766127831329
71.9284940427509,97.7627753808584,4.34554187452655
601.925574987697,191.069649333855,4.12496948407545
256.445349445126,227.647328035803,4.061219160702
572.975167879053,432.690077071072,3.93145830562884
302.315533041459,136.776234024071,3.83765155997787
528.227112218388,452.53044151778,3.45328332025972
52.8119159489811,410.323282368236,3.96830526158977
195.8560488683,291.310958782618,3.69434680005415
539.26819596491,263.546442623793,3.71107296888799
175.819624185905,38.3535181890372,4.09136071853993
500.981808260591,335.333096761776,4.51877931075294
36.539755841053,43.3482999735588,4.23249131700315
523.156255059668,145.496995672209,4.88998467972815
NA,NA,NA
662.235359834239,331.021194435325,3.49457725998176
455.598875792388,297.971941741611,3.62894604510222
8.87248149146904,495.598343665355,3.59240536923874
563.119224261643,51.2165552442887,4.14363273330247
72.6160355747103,375.027277349883,3.88471321096443
236.376577748757,416.131860172913,3.8661785269637
427.233870526259,14.4884678313308,3.23341162184257
362.419190793442,291.579399722564,3.15704638286392
603.567811019396,105.309552982843,4.17742890173409
389.462159370907,225.634349108507,4.13492542400666
569.981856201015,403.381310259528,4.77315562716945
138.469139695032,283.4353968681,4.54860537506173
198.113096003667,372.290626022416,4.07046585106888
125.362970588222,411.212754348414,3.45009176790782
624.588729521046,321.466123475673,4.56860058315465
4.12094778062027,149.625393257091,4.16328604403475
546.172115109704,201.817966885191,4.3361684000689
36.6777639538322,492.410475680693,2.95239265581191
276.821217783648,24.9758293171156,3.7576719789511
532.529849542432,394.401294043968,3.14635432797578
63.8799766026509,81.7075707756485,5.28503919256525
5.34786322424722,80.7462271740003,3.65628764874544
587.721297742128,224.27566265312,3.94635777407343
440.906411733517,462.337030054004,4.82019739740038
659.79679381555,373.53343337586,3.09402392463912
103.305083408751,484.067473495659,4.3403147952545
622.203711035663,91.2213462997594,4.07250638565598
424.496648063198,257.47077880757,3.65504306273145
9.62800359732225,183.7158306333,3.33766127831329
71.9284940427509,97.7627753808584,4.34554187452655
601.925574987697,191.069649333855,4.12496948407545
256.445349445126,227.647328035803,4.061219160702
572.975167879053,432.690077071072,3.93145830562884
302.315533041459,136.776234024071,3.83765155997787
528.227112218388,452.53044151778,3.45328332025972
52.8119159489811,410.323282368236,3.96830526158977
195.8560488683,291.310958782618,3.69434680005415
539.26819596491,263.546442623793,3.71107296888799
175.819624185905,38.3535181890372,4.09136071853993
500.981808260591,335.333096761776,4.51877931075294
36.539755841053,43.3482999735588,4.23249131700315
523.156255059668,145.496995672209,4.88998467972815
NA,NA,NA
658.286991252161,332.780773292938,3.52087454423604
452.342252935992,295.521358456867,3.62986574779751
5.02449484742128,493.558676476797,3.70573736431279
561.833378547818,53.3717555156498,4.16546796717657
71.8103060057585,377.84498494685,3.99280044191706
230.114431593777,411.975217959022,3.91893902808595
432.182455406593,15.849605485526,3.32862211141765
360.522035286579,293.170193742202,2.98080315674167
597.523348564307,103.567042287027,4.21417080712083
399.543027526632,230.37563808931,4.20540098897917
570.037039834188,402.91149340796,4.67751763561841
145.327544674711,287.150850883671,4.47445917388655
198.727855635374,368.88501442411,4.04126443846745
123.280954500585,411.471876007089,3.49487042148796
630.075103793233,312.985985207115,4.5474714584712
-0.560621809207801,145.011048815998,4.21118105506033
544.314559738518,203.909791988458,4.05431416125761
34.0777680057067,492.429323679394,2.86792835607679
283.228513468985,26.3260750121163,3.82721014779434
534.121290648173,392.977136119778,3.37038736664005
72.0231068795104,78.4709946198427,5.20000189205124
5.31413091274205,76.4611001577676,3.26232829171175
586.97737145658,224.777112846915,4.00301427729644
439.997134224444,459.03028208217,4.84787610616292
661.645040488371,373.181765693714,3.01474702654239
102.131381240321,487.942942576234,4.32527914147223
621.545874625021,90.4121871095407,4.05548270883782
420.527247432045,258.304617840576,3.6636283851703
12.5627658998681,181.39681864075,3.16893633684882
78.0420537320334,119.055578928008,4.45597045432469
619.11474370247,204.823934503543,4.27166782931552
261.705933522004,213.828006135932,3.8023812498888
578.541544659563,424.837197372248,3.64896657682608
304.849805174271,139.176927059516,4.05068096648594
534.563368507723,461.874927011307,3.76793533176514
43.0372185621711,419.908623927012,3.75330186757018
201.692056908058,282.699725287196,4.07089553722295
538.02810309342,260.183474537727,3.67198588689224
183.482337869907,20.2367903665232,4.00999748700326
499.985171132187,335.893355951251,3.95052760126136
27.0213526081687,52.3988814188694,3.66013629809337
529.320041229149,151.957132166855,4.66229210566191
NA,NA,NA
658.286991252161,332.780773292938,3.52087454423604
452.342252935992,295.521358456867,3.62986574779751
5.02449484742128,493.558676476797,3.70573736431279
561.833378547818,53.3717555156498,4.16546796717657
71.8103060057585,377.84498494685,3.99280044191706
230.114431593777,411.975217959022,3.91893902808595
432.182455406593,15.849605485526,3.32862211141765
360.522035286579,293.170193742202,2.98080315674167
597.523348564307,103.567042287027,4.21417080712083
399.543027526632,230.37563808931,4.20540098897917
570.037039834188,402.91149340796,4.67751763561841
145.327544674711,287.150850883671,4.47445917388655
198.727855635374,368.88501442411,4.04126443846745
123.280954500585,411.471876007089,3.49487042148796
630.075103793233,312.985985207115,4.5474714584712
-0.560621809207801,145.011048815998,4.21118105506033
544.314559738518,203.909791988458,4.05431416125761
34.0777680057067,492.429323679394,2.86792835607679
283.228513468985,26.3260750121163,3.82721014779434
534.121290648173,392.977136119778,3.37038736664005
72.0231068795104,78.4709946198427,5.20000189205124
5.31413091274205,76.4611001577676,3.26232829171175
586.97737145658,224.777112846915,4.00301427729644
439.997134224444,459.03028208217,4.84787610616292
661.645040488371,373.181765693714,3.01474702654239
102.131381240321,487.942942576234,4.32527914147223
621.545874625021,90.4121871095407,4.05548270883782
420.527247432045,258.304617840576,3.6636283851703
12.5627658998681,181.39681864075,3.16893633684882
78.0420537320334,119.055578928008,4.45597045432469
619.11474370247,204.823934503543,4.27166782931552
261.705933522004,213.828006135932,3.8023812498888
578.541544659563,424.837197372248,3.64896657682608
304.849805174271,139.176927059516,4.05068096648594
534.563368507723,461.874927011307,3.76793533176514
43.0372185621711,419.908623927012,3.75330186757018
201.692056908058,282.699725287196,4.07089553722295
538.02810309342,260.183474537727,3.67198588689224
183.482337869907,20.2367903665232,4.00999748700326
499.985171132187,335.893355951251,3.95052760126136
27.0213526081687,52.3988814188694,3.66013629809337
529.320041229149,151.957132166855,4.66229210566191
NA,NA,NA
658.286991252161,332.780773292938,3.52087454423604
452.342252935992,295.521358456867,3.62986574779751
5.02449484742128,493.558676476797,3.70573736431279
561.833378547818,53.3717555156498,4.16546796717657
71.8103060057585,377.84498494685,3.99280044191706
230.114431593777,411.975217959022,3.91893902808595
432.182455406593,15.849605485526,3.32862211141765
360.522035286579,293.170193742202,2.98080315674167
597.523348564307,103.567042287027,4.21417080712083
399.543027526632,230.37563808931,4.20540098897917
570.037039834188,402.91149340796,4.67751763561841
145.327544674711,287.150850883671,4.47445917388655
198.727855635374,368.88501442411,4.04126443846745
123.280954500585,411.471876007089,3.49487042148796
630.075103793233,312.985985207115,4.5474714584712
-0.560621809207801,145.011048815998,4.21118105506033
544.314559738518,203.909791988458,4.05431416125761
34.0777680057067,492.429323679394,2.86792835607679
283.228513468985,26.3260750121163,3.82721014779434
534.121290648173,392.977136119778,3.37038736664005
72.0231068795104,78.4709946198427,5.20000189205124
5.31413091274205,76.4611001577676,3.26232829171175
586.97737145658,224.777112846915,4.00301427729644
439.997134224444,459.03028208217,4.84787610616292
661.645040488371,373.181765693714,3.01474702654239
102.131381240321,487.942942576234,4.32527914147223
621.545874625021,90.4121871095407,4.05548270883782
420.527247432045,258.304617840576,3.6636283851703
12.5627658998681,181.39681864075,3.16893633684882
78.0420537320334,119.055578928008,4.45597045432469
619.11474370247,204.823934503543,4.27166782931552
261.705933522004,213.828006135932,3.8023812498888
578.541544659563,424.837197372248,3.64896657682608
304.849805174271,139.176927059516,4.05068096648594
534.563368507723,461.874927011307,3.76793533176514
43.0372185621711,419.908623927012,3.75330186757018
201.692056908058,282.699725287196,4.07089553722295
538.02810309342,260.183474537727,3.67198588689224
183.482337869907,20.2367903665232,4.00999748700326
499.985171132187,335.893355951251,3.95052760126136
27.0213526081687,52.3988814188694,3.66013629809337
529.320041229149,151.957132166855,4.66229210566191
NA,NA,NA
658.286991252161,332.780773292938,3.52087454423604
452.342252935992,295.521358456867,3.62986574779751
5.02449484742128,493.558676476797,3.70573736431279
561.833378547818,53.3717555156498,4.16546796717657
71.8103060057585,377.84498494685,3.99280044191706
230.114431593777,411.975217959022,3.91893902808595
432.182455406593,15.849605485526,3.32862211141765
360.522035286579,293.170193742202,2.98080315674167
597.523348564307,103.567042287027,4.21417080712083
399.543027526632,230.37563808931,4.20540098897917
570.037039834188,402.91149340796,4.67751763561841
145.327544674711,287.150850883671,4.47445917388655
198.727855635374,368.88501442411,4.04126443846745
123.280954500585,411.471876007089,3.49487042148796
630.075103793233,312.985985207115,4.5474714584712
-0.560621809207801,145.011048815998,4.21118105506033
544.314559738518,203.909791988458,4.05431416125761
34.0777680057067,492.429323679394,2.86792835607679
283.228513468985,26.3260750121163,3.82721014779434
534.121290648173,392.977136119778,3.37038736664005
72.0231068795104,78.4709946198427,5.20000189205124
5.31413091274205,76.4611001577676,3.26232829171175
586.97737145658,224.777112846915,4.00301427729644
439.997134224444,459.03028208217,4.84787610616292
661.645040488371,373.181765693714,3.01474702654239
102.131381240321,487.942942576234,4.32527914147223
621.545874625021,90.4121871095407,4.05548270883782
420.527247432045,258.304617840576,3.6636283851703
12.5627658998681,181.39681864075,3.16893633684882
78.0420537320334,119.055578928008,4.45597045432469
619.11474370247,204.823934503543,4.27166782931552
261.705933522004,213.828006135932,3.8023812498888
578.541544659563,424.837197372248,3.64896657682608
304.849805174271,139.176927059516,4.05068096648594
534.563368507723,461.874927011307,3.76793533176514
43.0372185621711,419.908623927012,3.75330186757018
201.692056908058,282.699725287196,4.07089553722295
538.02810309342,260.183474537727,3.67198588689224
183.482337869907,20.2367903665232,4.00999748700326
499.985171132187,335.893355951251,3.95052760126136
27.0213526081687,52.3988814188694,3.66013629809337
529.320041229149,151.957132166855,4.66229210566191
NA,NA,NA
658.286991252161,332.780773292938,3.52087454423604
452.342252935992,295.521358456867,3.62986574779751
5.02449484742128,493.558676476797,3.70573736431279
561.833378547818,53.3717555156498,4.16546796717657
71.8103060057585,377.84498494685,3.99280044191706
230.114431593777,411.975217959022,3.91893902808595
432.182455406593,15.849605485526,3.32862211141765
360.522035286579,293.170193742202,2.98080315674167
597.523348564307,103.567042287027,4.21417080712083
399.543027526632,230.37563808931,4.20540098897917
570.037039834188,402.91149340796,4.67751763561841
145.327544674711,287.150850883671,4.47445917388655
198.727855635374,368.88501442411,4.04126443846745
123.280954500585,411.471876007089,3.49487042148796
630.075103793233,312.985985207115,4.5474714584712
-0.560621809207801,145.011048815998,4.21118105506033
544.314559738518,203.909791988458,4.05431416125761
34.0777680057067,492.429323679394,2.86792835607679
283.228513468985,26.3260750121163,3.82721014779434
534.121290648173,392.977136119778,3.37038736664005
72.0231068795104,78.4709946198427,5.20000189205124
5.31413091274205,76.4611001577676,3.26232829171175
586.97737145658,224.777112846915,4.00301427729644
439.997134224444,459.03028208217,4.84787610616292
661.645040488371,373.181765693714,3.01474702654239
102.131381240321,487.942942576234,4.32527914147223
621.545874625021,90.4121871095407,4.05548270883782
420.527247432045,258.304617840576,3.6636283851703
12.5627658998681,181.39681864075,3.16893633684882
78.0420537320334,119.055578928008,4.45597045432469
619.11474370247,204.823934503543,4.27166782931552
261.705933522004,213.828006135932,3.8023812498888
578.541544659563,424.837197372248,3.64896657682608
304.849805174271,139.176927059516,4.05068096648594
534.563368507723,461.874927011307,3.76793533176514
43.0372185621711,419.908623927012,3.75330186757018
201.692056908058,282.699725287196,4.07089553722295
538.02810309342,260.183474537727,3.67198588689224
183.482337869907,20.2367903665232,4.00999748700326
499.985171132187,335.893355951251,3.95052760126136
27.0213526081687,52.3988814188694,3.66013629809337
529.320041229149,151.957132166855,4.66229210566191
NA,NA,NA
658.286991252161,332.780773292938,3.52087454423604
452.342252935992,295.521358456867,3.62986574779751
5.02449484742128,493.558676476797,3.70573736431279
561.833378547818,53.3717555156498,4.16546796717657
71.8103060057585,377.84498494685,3.99280044191706
230.114431593777,411.975217959022,3.91893902808595
432.182455406593,15.849605485526,3.32862211141765
360.522035286579,293.170193742202,2.98080315674167
597.523348564307,103.567042287027,4.21417080712083
399.543027526632,230.37563808931,4.20540098897917
570.037039834188,402.91149340796,4.67751763561841
145.327544674711,287.150850883671,4.47445917388655
198.727855635374,368.88501442411,4.04126443846745
123.280954500585,411.471876007089,3.49487042148796
630.075103793233,312.985985207115,4.5474714584712
-0.560621809207801,145.011048815998,4.21118105506033
544.314559738518,203.909791988458,4.05431416125761
34.0777680057067,492.429323679394,2.86792835607679
283.228513468985,26.3260750121163,3.82721014779434
534.121290648173,392.977136119778,3.37038736664005
72.0231068795104,78.4709946198427,5.20000189205124
5.31413091274205,76.4611001577676,3.26232829171175
586.97737145658,224.777112846915,4.00301427729644
439.997134224444,459.03028208217,4.84787610616292
661.645040488371,373.181765693714,3.01474702654239
102.131381240321,487.942942576234,4.32527914147223
621.545874625021,90.4121871095407,4.05548270883782
420.527247432045,258.304617840576,3.6636283851703
12.5627658998681,181.39681864075,3.16893633684882
78.0420537320334,119.055578928008,4.45597045432469
619.11474370247,204.823934503543,4.27166782931552
261.705933522004,213.828006135932,3.8023812498888
578.541544659563,424.837197372248,3.64896657682608
304.849805174271,139.176927059516,4.05068096648594
534.563368507723,461.874927011307,3.76793533176514
43.0372185621711,419.908623927012,3.75330186757018
201.692056908058,282.699725287196,4.07089553722295
538.02810309342,260.183474537727,3.67198588689224
183.482337869907,20.2367903665232,4.00999748700326
499.985171132187,335.893355951251,3.95052760126136
27.0213526081687,52.3988814188694,3.66013629809337
529.320041229149,151.957132166855,4.66229210566191
NA,NA,NA
659.535915790896,337.532052749502,3.51865062694629
455.433594653035,297.096737163465,3.61443323244779
10.2425267513793,494.852568258288,3.66999462396248
560.134319036119,51.8665907662628,4.25922980985499
70.1330505190035,374.280785419731,3.96162609902969
228.586449805239,415.757070396254,3.94938673121577
426.55969784465,11.6493852515951,3.34222757255543
363.445341885245,292.086639889075,2.96710680317329
600.975289165455,101.856698794545,4.21256008071551
387.277052711107,227.237341938112,4.04186924214288
569.465015517357,408.671642912897,4.74078344852186
140.66554937154,287.239907524974,4.70207178178945
199.890427404446,371.014361313752,3.97600917073594
127.230167118751,410.87998050508,3.37928133780086
629.194014603659,313.838954622579,4.56757308841254
1.02926773294748,148.926114198456,4.3580300192998
542.601844088516,201.728661360291,4.23342058563239
33.445707834897,490.316709036228,2.82541359895017
272.187671856888,25.2788819923494,3.9443529298748
535.681402859951,393.384098141742,3.47641698213728
68.9522414069119,82.1256298938334,5.15499242935002
4.33301311737435,78.4751625433571,3.70619478687644
592.011263897392,231.539123904246,3.99668001037482
440.534171458125,461.736733601741,4.68117318402121
660.337152367545,375.721899147832,2.84005457055106
106.665586484867,489.839319012656,4.36462647116627
625.917878770616,90.0634827288645,4.06435720324672
419.027558121682,254.091369332014,3.66834762665083
10.7724405447838,179.379335140392,3.34566754754964
56.0420721215325,107.035299388295,4.33378692590628
618.095444535406,212.868485125536,4.31457551446289
258.17953382522,227.330344465902,3.6611106973625
573.691086372302,425.974585609681,3.90220233967393
296.191136805448,135.930084998409,3.87919230389144
530.249665294299,457.156394927617,3.6286252876808
53.7403173072852,427.901694126393,3.8151395432798
199.804652912143,285.502367876747,3.97646869267908
547.286474249113,255.291915628055,3.70848129567399
173.362060776286,36.7628891069659,4.56164321624273
500.8675586932,345.427543903857,4.53247791343045
23.4654283180997,51.4188215515847,3.75850353546054
525.689003488929,146.622342536894,5.09238866955241
NA,NA,NA
659.535915790896,337.532052749502,3.51865062694629
455.433594653035,297.096737163465,3.61443323244779
10.2425267513793,494.852568258288,3.66999462396248
560.134319036119,51.8665907662628,4.25922980985499
70.1330505190035,374.280785419731,3.96162609902969
228.586449805239,415.757070396254,3.94938673121577
426.55969784465,11.6493852515951,3.34222757255543
363.445341885245,292.086639889075,2.96710680317329
600.975289165455,101.856698794545,4.21256008071551
387.277052711107,227.237341938112,4.04186924214288
569.465015517357,408.671642912897,4.74078344852186
140.66554937154,287.239907524974,4.70207178178945
199.890427404446,371.014361313752,3.97600917073594
127.230167118751,410.87998050508,3.37928133780086
629.194014603659,313.838954622579,4.56757308841254
1.02926773294748,148.926114198456,4.3580300192998
542.601844088516,201.728661360291,4.23342058563239
33.445707834897,490.316709036228,2.82541359895017
272.187671856888,25.2788819923494,3.9443529298748
535.681402859951,393.384098141742,3.47641698213728
68.9522414069119,82.1256298938334,5.15499242935002
4.33301311737435,78.4751625433571,3.70619478687644
592.011263897392,231.539123904246,3.99668001037482
440.534171458125,461.736733601741,4.68117318402121
660.337152367545,375.721899147832,2.84005457055106
106.665586484867,489.839319012656,4.36462647116627
625.917878770616,90.0634827288645,4.06435720324672
419.027558121682,254.091369332014,3.66834762665083
10.7724405447838,179.379335140392,3.34566754754964
56.0420721215325,107.035299388295,4.33378692590628
618.095444535406,212.868485125536,4.31457551446289
258.17953382522,227.330344465902,3.6611106973625
573.691086372302,425.974585609681,3.90220233967393
296.191136805448,135.930084998409,3.87919230389144
530.249665294299,457.156394927617,3.6286252876808
53.7403173072852,427.901694126393,3.8151395432798
199.804652912143,285.502367876747,3.97646869267908
547.286474249113,255.291915628055,3.70848129567399
173.362060776286,36.7628891069659,4.56164321624273
500.8675586932,345.427543903857,4.53247791343045
23.4654283180997,51.4188215515847,3.75850353546054
525.689003488929,146.622342536894,5.09238866955241
NA,NA,NA
659.535915790896,337.532052749502,3.51865062694629
455.433594653035,297.096737163465,3.61443323244779
10.2425267513793,494.852568258288,3.66999462396248
560.134319036119,51.8665907662628,4.25922980985499
70.1330505190035,374.280785419731,3.96162609902969
228.586449805239,415.757070396254,3.94938673121577
426.55969784465,11.6493852515951,3.34222757255543
363.445341885245,292.086639889075,2.96710680317329
600.975289165455,101.856698794545,4.21256008071551
387.277052711107,227.237341938112,4.04186924214288
569.465015517357,408.671642912897,4.74078344852186
140.66554937154,287.239907524974,4.70207178178945
199.890427404446,371.014361313752,3.97600917073594
127.230167118751,410.87998050508,3.37928133780086
629.194014603659,313.838954622579,4.56757308841254
1.02926773294748,148.926114198456,4.3580300192998
542.601844088516,201.728661360291,4.23342058563239
33.445707834897,490.316709036228,2.82541359895017
272.187671856888,25.2788819923494,3.9443529298748
535.681402859951,393.384098141742,3.47641698213728
68.9522414069119,82.1256298938334,5.15499242935002
4.33301311737435,78.4751625433571,3.70619478687644
592.011263897392,231.539123904246,3.99668001037482
440.534171458125,461.736733601741,4.68117318402121
660.337152367545,375.721899147832,2.84005457055106
106.665586484867,489.839319012656,4.36462647116627
625.917878770616,90.0634827288645,4.06435720324672
419.027558121682,254.091369332014,3.66834762665083
10.7724405447838,179.379335140392,3.34566754754964
56.0420721215325,107.035299388295,4.33378692590628
618.095444535406,212.868485125536,4.31457551446289
258.17953382522,227.330344465902,3.6611106973625
573.691086372302,425.974585609681,3.90220233967393
296.191136805448,135.930084998409,3.87919230389144
530.249665294299,457.156394927617,3.6286252876808
53.7403173072852,427.901694126393,3.8151395432798
199.804652912143,285.502367876747,3.97646869267908
547.286474249113,255.291915628055,3.70848129567399
173.362060776286,36.7628891069659,4.56164321624273
500.8675586932,345.427543903857,4.53247791343045
23.4654283180997,51.4188215515847,3.75850353546054
525.689003488929,146.622342536894,5.09238866955241
NA,NA,NA
659.535915790896,337.532052749502,3.51865062694629
455.433594653035,297.096737163465,3.61443323244779
10.2425267513793,494.852568258288,3.66999462396248
560.134319036119,51.8665907662628,4.25922980985499
70.1330505190035,374.280785419731,3.96162609902969
228.586449805239,415.757070396254,3.94938673121577
426.55969784465,11.6493852515951,3.34222757255543
363.445341885245,292.086639889075,2.96710680317329
600.975289165455,101.856698794545,4.21256008071551
387.277052711107,227.237341938112,4.04186924214288
569.465015517357,408.671642912897,4.74078344852186
140.66554937154,287.239907524974,4.70207178178945
199.890427404446,371.014361313752,3.97600917073594
127.230167118751,410.87998050508,3.37928133780086
629.194014603659,313.838954622579,4.56757308841254
1.02926773294748,148.926114198456,4.3580300192998
542.601844088516,201.728661360291,4.23342058563239
33.445707834897,490.316709036228,2.82541359895017
272.187671856888,25.2788819923494,3.9443529298748
535.681402859951,393.384098141742,3.47641698213728
68.9522414069119,82.1256298938334,5.15499242935002
4.33301311737435,78.4751625433571,3.70619478687644
592.011263897392,231.539123904246,3.99668001037482
440.534171458125,461.736733601741,4.68117318402121
660.337152367545,375.721899147832,2.84005457055106
106.665586484867,489.839319012656,4.36462647116627
625.917878770616,90.0634827288645,4.06435720324672
419.027558121682,254.091369332014,3.66834762665083
10.7724405447838,179.379335140392,3.34566754754964
56.0420721215325,107.035299388295,4.33378692590628
618.095444535406,212.868485125536,4.31457551446289
258.17953382522,227.330344465902,3.6611106973625
573.691086372302,425.974585609681,3.90220233967393
296.191136805448,135.930084998409,3.87919230389144
530.249665294299,457.156394927617,3.6286252876808
53.7403173072852,427.901694126393,3.8151395432798
199.804652912143,285.502367876747,3.97646869267908
547.286474249113,255.291915628055,3.70848129567399
173.362060776286,36.7628891069659,4.56164321624273
500.8675586932,345.427543903857,4.53247791343045
23.4654283180997,51.4188215515847,3.75850353546054
525.689003488929,146.622342536894,5.09238866955241
NA,NA,NA
659.535915790896,337.532052749502,3.51865062694629
455.433594653035,297.096737163465,3.61443323244779
10.2425267513793,494.852568258288,3.66999462396248
560.134319036119,51.8665907662628,4.25922980985499
70.1330505190035,374.280785419731,3.96162609902969
228.586449805239,415.757070396254,3.94938673121577
426.55969784465,11.6493852515951,3.34222757255543
363.445341885245,292.086639889075,2.96710680317329
600.975289165455,101.856698794545,4.21256008071551
387.277052711107,227.237341938112,4.04186924214288
569.465015517357,408.671642912897,4.74078344852186
140.66554937154,287.239907524974,4.70207178178945
199.890427404446,371.014361313752,3.97600917073594
127.230167118751,410.87998050508,3.37928133780086
629.194014603659,313.838954622579,4.56757308841254
1.02926773294748,148.926114198456,4.3580300192998
542.601844088516,201.728661360291,4.23342058563239
33.445707834897,490.316709036228,2.82541359895017
272.187671856888,25.2788819923494,3.9443529298748
535.681402859951,393.384098141742,3.47641698213728
68.9522414069119,82.1256298938334,5.15499242935002
4.33301311737435,78.4751625433571,3.70619478687644
592.011263897392,231.539123904246,3.99668001037482
440.534171458125,461.736733601741,4.68117318402121
660.337152367545,375.721899147832,2.84005457055106
106.665586484867,489.839319012656,4.36462647116627
625.917878770616,90.0634827288645,4.06435720324672
419.027558121682,254.091369332014,3.66834762665083
10.7724405447838,179.379335140392,3.34566754754964
56.0420721215325,107.035299388295,4.33378692590628
618.095444535406,212.868485125536,4.31457551446289
258.17953382522,227.330344465902,3.6611106973625
573.691086372302,425.974585609681,3.90220233967393
296.191136805448,135.930084998409,3.87919230389144
530.249665294299,457.156394927617,3.6286252876808
53.7403173072852,427.901694126393,3.8151395432798
199.804652912143,285.502367876747,3.97646869267908
547.286474249113,255.291915628055,3.70848129567399
173.362060776286,36.7628891069659,4.56164321624273
500.8675586932,345.427543903857,4.53247791343045
23.4654283180997,51.4188215515847,3.75850353546054
525.689003488929,146.622342536894,5.09238866955241
NA,NA,NA
659.535915790896,337.532052749502,3.51865062694629
455.433594653035,297.096737163465,3.61443323244779
10.2425267513793,494.852568258288,3.66999462396248
560.134319036119,51.8665907662628,4.25922980985499
70.1330505190035,374.280785419731,3.96162609902969
228.586449805239,415.757070396254,3.94938673121577
426.55969784465,11.6493852515951,3.34222757255543
363.445341885245,292.086639889075,2.96710680317329
600.975289165455,101.856698794545,4.21256008071551
387.277052711107,227.237341938112,4.04186924214288
569.465015517357,408.671642912897,4.74078344852186
140.66554937154,287.239907524974,4.70207178178945
199.890427404446,371.014361313752,3.97600917073594
127.230167118751,410.87998050508,3.37928133780086
629.194014603659,313.838954622579,4.56757308841254
1.02926773294748,148.926114198456,4.3580300192998
542.601844088516,201.728661360291,4.23342058563239
33.445707834897,490.316709036228,2.82541359895017
272.187671856888,25.2788819923494,3.9443529298748
535.681402859951,393.384098141742,3.47641698213728
68.9522414069119,82.1256298938334,5.15499242935002
4.33301311737435,78.4751625433571,3.70619478687644
592.011263897392,231.539123904246,3.99668001037482
440.534171458125,461.736733601741,4.68117318402121
660.337152367545,375.721899147832,2.84005457055106
106.665586484867,489.839319012656,4.36462647116627
625.917878770616,90.0634827288645,4.06435720324672
419.027558121682,254.091369332014,3.66834762665083
10.7724405447838,179.379335140392,3.34566754754964
56.0420721215325,107.035299388295,4.33378692590628
618.095444535406,212.868485125536,4.31457551446289
258.17953382522,227.330344465902,3.6611106973625
573.691086372302,425.974585609681,3.90220233967393
296.191136805448,135.930084998409,3.87919230389144
530.249665294299,457.156394927617,3.6286252876808
53.7403173072852,427.901694126393,3.8151395432798
199.804652912143,285.502367876747,3.97646869267908
547.286474249113,255.291915628055,3.70848129567399
173.362060776286,36.7628891069659,4.56164321624273
500.8675586932,345.427543903857,4.53247791343045
23.4654283180997,51.4188215515847,3.75850353546054
525.689003488929,146.622342536894,5.09238866955241
NA,NA,NA
663.953846792709,335.548205584151,3.43311596815848
459.570141773533,294.385496040854,3.49855508012819
11.7696437344087,496.897235947947,3.42057067481784
557.40552079903,51.472303209057,4.20449622260321
69.0042890461209,375.541173171873,3.97974510334012
225.731392017999,418.198270350932,3.82562060938036
429.484960003103,11.8222688533684,3.48870601325946
361.608254725726,294.028618012237,3.01161607885868
604.387229814462,105.066413190479,4.28132962605732
395.321771791474,232.744741055407,4.21464429040855
566.975679444616,405.778555490235,4.68677567209565
142.100843557825,284.122441280677,4.66884223088435
198.705768444176,370.6770666715,4.04266450409725
122.466339949765,411.052497899014,3.35955652899271
628.376278274348,313.472621241344,4.44996975715409
5.26917145531063,147.329906384006,4.15379079796906
546.120432130018,208.836623395789,4.20490906941394
33.2947076714088,490.082033410687,2.95734891876023
281.462926770472,20.8716636163788,3.93385628334471
534.099253315143,393.325357060122,3.35034146479697
77.2541069763564,73.7905964631101,5.21089106707958
5.90573015380945,76.2491923635463,3.45545467234978
591.246911189029,223.83703099874,4.01742019634024
436.150852419365,457.826667442563,4.77660279754473
659.696799095646,372.083983690327,3.20238785392564
107.569586084821,484.925576913249,4.37352249978307
624.961941190925,92.4749376214273,4.10711352730504
418.500346992675,260.334022818613,3.64464780655307
10.9871693186174,182.652908695972,3.05546012680067
67.4150800114433,125.049971280013,4.5259063962052
605.960808308055,203.312564126125,4.63675467711823
254.946461949216,219.783903212044,3.71526692252195
579.313614907346,432.039895455776,3.98871870941144
299.631715430037,133.33712288039,3.88844808578439
526.515445324705,455.470159043757,3.44721511860543
42.0891094831295,420.365208477046,3.88231738267444
200.673326672111,280.558805283006,4.28335117801574
547.032844917608,269.043451659102,3.83103100044422
168.784283742099,30.8801618995781,4.34957904272147
502.611878037242,343.881282549393,4.45037562534942
28.557486064005,46.9573633927931,3.74592679864021
509.491237670937,150.507387161916,4.26824270308339
NA,NA,NA
663.953846792709,335.548205584151,3.43311596815848
459.570141773533,294.385496040854,3.49855508012819
11.7696437344087,496.897235947947,3.42057067481784
557.40552079903,51.472303209057,4.20449622260321
69.0042890461209,375.541173171873,3.97974510334012
225.731392017999,418.198270350932,3.82562060938036
429.484960003103,11.8222688533684,3.48870601325946
361.608254725726,294.028618012237,3.01161607885868
604.387229814462,105.066413190479,4.28132962605732
395.321771791474,232.744741055407,4.21464429040855
566.975679444616,405.778555490235,4.68677567209565
142.100843557825,284.122441280677,4.66884223088435
198.705768444176,370.6770666715,4.04266450409725
122.466339949765,411.052497899014,3.35955652899271
628.376278274348,313.472621241344,4.44996975715409
5.26917145531063,147.329906384006,4.15379079796906
546.120432130018,208.836623395789,4.20490906941394
33.2947076714088,490.082033410687,2.95734891876023
281.462926770472,20.8716636163788,3.93385628334471
534.099253315143,393.325357060122,3.35034146479697
77.2541069763564,73.7905964631101,5.21089106707958
5.90573015380945,76.2491923635463,3.45545467234978
591.246911189029,223.83703099874,4.01742019634024
436.150852419365,457.826667442563,4.77660279754473
659.696799095646,372.083983690327,3.20238785392564
107.569586084821,484.925576913249,4.37352249978307
624.961941190925,92.4749376214273,4.10711352730504
418.500346992675,260.334022818613,3.64464780655307
10.9871693186174,182.652908695972,3.05546012680067
67.4150800114433,125.049971280013,4.5259063962052
605.960808308055,203.312564126125,4.63675467711823
254.946461949216,219.783903212044,3.71526692252195
579.313614907346,432.039895455776,3.98871870941144
299.631715430037,133.33712288039,3.88844808578439
526.515445324705,455.470159043757,3.44721511860543
42.0891094831295,420.365208477046,3.88231738267444
200.673326672111,280.558805283006,4.28335117801574
547.032844917608,269.043451659102,3.83103100044422
168.784283742099,30.8801618995781,4.34957904272147
502.611878037242,343.881282549393,4.45037562534942
28.557486064005,46.9573633927931,3.74592679864021
509.491237670937,150.507387161916,4.26824270308339
NA,NA,NA
663.953846792709,335.548205584151,3.43311596815848
459.570141773533,294.385496040854,3.49855508012819
11.7696437344087,496.897235947947,3.42057067481784
557.40552079903,51.472303209057,4.20449622260321
69.0042890461209,375.541173171873,3.97974510334012
225.731392017999,418.198270350932,3.82562060938036
429.484960003103,11.8222688533684,3.48870601325946
361.608254725726,294.028618012237,3.01161607885868
604.387229814462,105.066413190479,4.28132962605732
395.321771791474,232.744741055407,4.21464429040855
566.975679444616,405.778555490235,4.68677567209565
142.100843557825,284.122441280677,4.66884223088435
198.705768444176,370.6770666715,4.04266450409725
122.466339949765,411.052497899014,3.35955652899271
628.376278274348,313.472621241344,4.44996975715409
5.26917145531063,147.329906384006,4.15379079796906
546.120432130018,208.836623395789,4.20490906941394
33.2947076714088,490.082033410687,2.95734891876023
281.462926770472,20.8716636163788,3.93385628334471
534.099253315143,393.325357060122,3.35034146479697
77.2541069763564,73.7905964631101,5.21089106707958
5.90573015380945,76.2491923635463,3.45545467234978
591.246911189029,223.83703099874,4.01742019634024
436.150852419365,457.826667442563,4.77660279754473
659.696799095646,372.083983690327,3.20238785392564
107.569586084821,484.925576913249,4.37352249978307
624.961941190925,92.4749376214273,4.10711352730504
418.500346992675,260.334022818613,3.64464780655307
10.9871693186174,182.652908695972,3.05546012680067
67.4150800114433,125.049971280013,4.5259063962052
605.960808308055,203.312564126125,4.63675467711823
254.946461949216,219.783903212044,3.71526692252195
579.313614907346,432.039895455776,3.98871870941144
299.631715430037,133.33712288039,3.88844808578439
526.515445324705,455.470159043757,3.44721511860543
42.0891094831295,420.365208477046,3.88231738267444
200.673326672111,280.558805283006,4.28335117801574
547.032844917608,269.043451659102,3.83103100044422
168.784283742099,30.8801618995781,4.34957904272147
502.611878037242,343.881282549393,4.45037562534942
28.557486064005,46.9573633927931,3.74592679864021
509.491237670937,150.507387161916,4.26824270308339
NA,NA,NA
663.953846792709,335.548205584151,3.43311596815848
459.570141773533,294.385496040854,3.49855508012819
11.7696437344087,496.897235947947,3.42057067481784
557.40552079903,51.472303209057,4.20449622260321
69.0042890461209,375.541173171873,3.97974510334012
225.731392017999,418.198270350932,3.82562060938036
429.484960003103,11.8222688533684,3.48870601325946
361.608254725726,294.028618012237,3.01161607885868
604.387229814462,105.066413190479,4.28132962605732
395.321771791474,232.744741055407,4.21464429040855
566.975679444616,405.778555490235,4.68677567209565
142.100843557825,284.122441280677,4.66884223088435
198.705768444176,370.6770666715,4.04266450409725
122.466339949765,411.052497899014,3.35955652899271
628.376278274348,313.472621241344,4.44996975715409
5.26917145531063,147.329906384006,4.15379079796906
546.120432130018,208.836623395789,4.20490906941394
33.2947076714088,490.082033410687,2.95734891876023
281.462926770472,20.8716636163788,3.93385628334471
534.099253315143,393.325357060122,3.35034146479697
77.2541069763564,73.7905964631101,5.21089106707958
5.90573015380945,76.2491923635463,3.45545467234978
591.246911189029,223.83703099874,4.01742019634024
436.150852419365,457.826667442563,4.77660279754473
659.696799095646,372.083983690327,3.20238785392564
107.569586084821,484.925576913249,4.37352249978307
624.961941190925,92.4749376214273,4.10711352730504
418.500346992675,260.334022818613,3.64464780655307
10.9871693186174,182.652908695972,3.05546012680067
67.4150800114433,125.049971280013,4.5259063962052
605.960808308055,203.312564126125,4.63675467711823
254.946461949216,219.783903212044,3.71526692252195
579.313614907346,432.039895455776,3.98871870941144
299.631715430037,133.33712288039,3.88844808578439
526.515445324705,455.470159043757,3.44721511860543
42.0891094831295,420.365208477046,3.88231738267444
200.673326672111,280.558805283006,4.28335117801574
547.032844917608,269.043451659102,3.83103100044422
168.784283742099,30.8801618995781,4.34957904272147
502.611878037242,343.881282549393,4.45037562534942
28.557486064005,46.9573633927931,3.74592679864021
509.491237670937,150.507387161916,4.26824270308339
NA,NA,NA
663.953846792709,335.548205584151,3.43311596815848
459.570141773533,294.385496040854,3.49855508012819
11.7696437344087,496.897235947947,3.42057067481784
557.40552079903,51.472303209057,4.20449622260321
69.0042890461209,375.541173171873,3.97974510334012
225.731392017999,418.198270350932,3.82562060938036
429.484960003103,11.8222688533684,3.48870601325946
361.608254725726,294.028618012237,3.01161607885868
604.387229814462,105.066413190479,4.28132962605732
395.321771791474,232.744741055407,4.21464429040855
566.975679444616,405.778555490235,4.68677567209565
142.100843557825,284.122441280677,4.66884223088435
198.705768444176,370.6770666715,4.04266450409725
122.466339949765,411.052497899014,3.35955652899271
628.376278274348,313.472621241344,4.44996975715409
5.26917145531063,147.329906384006,4.15379079796906
546.120432130018,208.836623395789,4.20490906941394
33.2947076714088,490.082033410687,2.95734891876023
281.462926770472,20.8716636163788,3.93385628334471
534.099253315143,393.325357060122,3.35034146479697
77.2541069763564,73.7905964631101,5.21089106707958
5.90573015380945,76.2491923635463,3.45545467234978
591.246911189029,223.83703099874,4.01742019634024
436.150852419365,457.826667442563,4.77660279754473
659.696799095646,372.083983690327,3.20238785392564
107.569586084821,484.925576913249,4.37352249978307
624.961941190925,92.4749376214273,4.10711352730504
418.500346992675,260.334022818613,3.64464780655307
10.9871693186174,182.652908695972,3.05546012680067
67.4150800114433,125.049971280013,4.5259063962052
605.960808308055,203.312564126125,4.63675467711823
254.946461949216,219.783903212044,3.71526692252195
579.313614907346,432.039895455776,3.98871870941144
299.631715430037,133.33712288039,3.88844808578439
526.515445324705,455.470159043757,3.44721511860543
42.0891094831295,420.365208477046,3.88231738267444
200.673326672111,280.558805283006,4.28335117801574
547.032844917608,269.043451659102,3.83103100044422
168.784283742099,30.8801618995781,4.34957904272147
502.611878037242,343.881282549393,4.45037562534942
28.557486064005,46.9573633927931,3.74592679864021
509.491237670937,150.507387161916,4.26824270308339
NA,NA,NA
663.953846792709,335.548205584151,3.43311596815848
459.570141773533,294.385496040854,3.49855508012819
11.7696437344087,496.897235947947,3.42057067481784
557.40552079903,51.472303209057,4.20449622260321
69.0042890461209,375.541173171873,3.97974510334012
225.731392017999,418.198270350932,3.82562060938036
429.484960003103,11.8222688533684,3.48870601325946
361.608254725726,294.028618012237,3.01161607885868
604.387229814462,105.066413190479,4.28132962605732
395.321771791474,232.744741055407,4.21464429040855
566.975679444616,405.778555490235,4.68677567209565
142.100843557825,284.122441280677,4.66884223088435
198.705768444176,370.6770666715,4.04266450409725
122.466339949765,411.052497899014,3.35955652899271
628.376278274348,313.472621241344,4.44996975715409
5.26917145531063,147.329906384006,4.15379079796906
546.120432130018,208.836623395789,4.20490906941394
33.2947076714088,490.082033410687,2.95734891876023
281.462926770472,20.8716636163788,3.93385628334471
534.099253315143,393.325357060122,3.35034146479697
77.2541069763564,73.7905964631101,5.21089106707958
5.90573015380945,76.2491923635463,3.45545467234978
591.246911189029,223.83703099874,4.01742019634024
436.150852419365,457.826667442563,4.77660279754473
659.696799095646,372.083983690327,3.20238785392564
107.569586084821,484.925576913249,4.37352249978307
624.961941190925,92.4749376214273,4.10711352730504
418.500346992675,260.334022818613,3.64464780655307
10.9871693186174,182.652908695972,3.05546012680067
67.4150800114433,125.049971280013,4.5259063962052
605.960808308055,203.312564126125,4.63675467711823
254.946461949216,219.783903212044,3.71526692252195
579.313614907346,432.039895455776,3.98871870941144
299.631715430037,133.33712288039,3.88844808578439
526.515445324705,455.470159043757,3.44721511860543
42.0891094831295,420.365208477046,3.88231738267444
200.673326672111,280.558805283006,4.28335117801574
547.032844917608,269.043451659102,3.83103100044422
168.784283742099,30.8801618995781,4.34957904272147
502.611878037242,343.881282549393,4.45037562534942
28.557486064005,46.9573633927931,3.74592679864021
509.491237670937,150.507387161916,4.26824270308339
NA,NA,NA
657.90687963873,333.622924609813,3.55597109182954
455.32658500257,299.243609729176,3.62385795694223
9.84816819617313,494.763977835853,3.44979016655721
564.18770376161,46.3578672439325,4.32618737335782
70.1087100879514,373.932256403835,4.10594327956668
229.422998692151,417.153753507849,3.8789453584477
430.166125740353,10.8181772766561,3.35706815745877
359.167607538466,293.256821486879,3.17454010883488
606.858469964848,102.602975554513,4.33169551266344
392.641050077837,231.085229457657,4.15560865373715
566.42207105887,407.643344322073,4.75719781751438
136.661974640801,282.920241977927,4.47115822374863
200.99590275516,368.955198011261,4.02307523597005
127.390823410028,411.792805717175,3.46506262103874
624.105543479138,312.660890441451,4.50659072707348
-2.57226124130678,153.989343436565,4.15174755665847
548.038664852543,202.254737214143,4.28409939731926
33.7932818622773,490.678247684808,3.02097522973834
279.254583846903,23.7866632896794,3.6196371083808
534.553661277322,390.186057946554,3.32350004233323
81.3570723801433,80.8517754358364,5.14186045958911
4.16024734385684,74.7739154741725,3.49562671814707
587.488367029852,225.868874846792,3.98258349193635
441.491228207746,452.932740919155,4.80915582023994
659.476656583868,370.982214131857,2.88770208857006
103.900165268334,489.761027576967,4.37441637891181
624.770289843259,90.3294245800119,4.09207968114637
422.437258802774,255.578252045207,3.69601935446454
10.3007113776098,180.035846011306,3.14407391624621
67.2862351019268,116.31441977231,4.38280734938922
617.933949635929,211.136913406229,4.38247551141314
255.27438830903,223.750467542906,3.96159770100885
574.427105302749,434.779528175974,3.91572539616994
301.920191836407,130.291348263996,3.89172494159419
534.576866414987,455.919606110378,3.36530608070779
42.104669911614,406.687908382287,3.9510905025042
187.610811232676,289.291239018822,3.9269467574986
543.674151060413,265.581346607227,3.8974034922929
167.832459301955,23.4558539298164,4.08653544659123
495.549555549637,347.356904876175,4.33035872729832
36.3334020032944,61.5319495606362,3.77625471117851
528.118031133225,146.029858940785,4.76702179853288
NA,NA,NA
657.90687963873,333.622924609813,3.55597109182954
455.32658500257,299.243609729176,3.62385795694223
9.84816819617313,494.763977835853,3.44979016655721
564.18770376161,46.3578672439325,4.32618737335782
70.1087100879514,373.932256403835,4.10594327956668
229.422998692151,417.153753507849,3.8789453584477
430.166125740353,10.8181772766561,3.35706815745877
359.167607538466,293.256821486879,3.17454010883488
606.858469964848,102.602975554513,4.33169551266344
392.641050077837,231.085229457657,4.15560865373715
566.42207105887,407.643344322073,4.75719781751438
136.661974640801,282.920241977927,4.47115822374863
200.99590275516,368.955198011261,4.02307523597005
127.390823410028,411.792805717175,3.46506262103874
624.105543479138,312.660890441451,4.50659072707348
-2.57226124130678,153.989343436565,4.15174755665847
548.038664852543,202.254737214143,4.28409939731926
33.7932818622773,490.678247684808,3.02097522973834
279.254583846903,23.7866632896794,3.6196371083808
534.553661277322,390.186057946554,3.32350004233323
81.3570723801433,80.8517754358364,5.14186045958911
4.16024734385684,74.7739154741725,3.49562671814707
587.488367029852,225.868874846792,3.98258349193635
441.491228207746,452.932740919155,4.80915582023994
659.476656583868,370.982214131857,2.88770208857006
103.900165268334,489.761027576967,4.37441637891181
624.770289843259,90.3294245800119,4.09207968114637
422.437258802774,255.578252045207,3.69601935446454
10.3007113776098,180.035846011306,3.14407391624621
67.2862351019268,116.31441977231,4.38280734938922
617.933949635929,211.136913406229,4.38247551141314
255.27438830903,223.750467542906,3.96159770100885
574.427105302749,434.779528175974,3.91572539616994
301.920191836407,130.291348263996,3.89172494159419
534.576866414987,455.919606110378,3.36530608070779
42.104669911614,406.687908382287,3.9510905025042
187.610811232676,289.291239018822,3.9269467574986
543.674151060413,265.581346607227,3.8974034922929
167.832459301955,23.4558539298164,4.08653544659123
495.549555549637,347.356904876175,4.33035872729832
36.3334020032944,61.5319495606362,3.77625471117851
528.118031133225,146.029858940785,4.76702179853288
NA,NA,NA
657.90687963873,333.622924609813,3.55597109182954
455.32658500257,299.243609729176,3.62385795694223
9.84816819617313,494.763977835853,3.44979016655721
564.18770376161,46.3578672439325,4.32618737335782
70.1087100879514,373.932256403835,4.10594327956668
229.422998692151,417.153753507849,3.8789453584477
430.166125740353,10.8181772766561,3.35706815745877
359.167607538466,293.256821486879,3.17454010883488
606.858469964848,102.602975554513,4.33169551266344
392.641050077837,231.085229457657,4.15560865373715
566.42207105887,407.643344322073,4.75719781751438
136.661974640801,282.920241977927,4.47115822374863
200.99590275516,368.955198011261,4.02307523597005
127.390823410028,411.792805717175,3.46506262103874
624.105543479138,312.660890441451,4.50659072707348
-2.57226124130678,153.989343436565,4.15174755665847
548.038664852543,202.254737214143,4.28409939731926
33.7932818622773,490.678247684808,3.02097522973834
279.254583846903,23.7866632896794,3.6196371083808
534.553661277322,390.186057946554,3.32350004233323
81.3570723801433,80.8517754358364,5.14186045958911
4.16024734385684,74.7739154741725,3.49562671814707
587.488367029852,225.868874846792,3.98258349193635
441.491228207746,452.932740919155,4.80915582023994
659.476656583868,370.982214131857,2.88770208857006
103.900165268334,489.761027576967,4.37441637891181
624.770289843259,90.3294245800119,4.09207968114637
422.437258802774,255.578252045207,3.69601935446454
10.3007113776098,180.035846011306,3.14407391624621
67.2862351019268,116.31441977231,4.38280734938922
617.933949635929,211.136913406229,4.38247551141314
255.27438830903,223.750467542906,3.96159770100885
574.427105302749,434.779528175974,3.91572539616994
301.920191836407,130.291348263996,3.89172494159419
534.576866414987,455.919606110378,3.36530608070779
42.104669911614,406.687908382287,3.9510905025042
187.610811232676,289.291239018822,3.9269467574986
543.674151060413,265.581346607227,3.8974034922929
167.832459301955,23.4558539298164,4.08653544659123
495.549555549637,347.356904876175,4.33035872729832
36.3334020032944,61.5319495606362,3.77625471117851
528.118031133225,146.029858940785,4.76702179853288
NA,NA,NA
657.90687963873,333.622924609813,3.55597109182954
455.32658500257,299.243609729176,3.62385795694223
9.84816819617313,494.763977835853,3.44979016655721
564.18770376161,46.3578672439325,4.32618737335782
70.1087100879514,373.932256403835,4.10594327956668
229.422998692151,417.153753507849,3.8789453584477
430.166125740353,10.8181772766561,3.35706815745877
359.167607538466,293.256821486879,3.17454010883488
606.858469964848,102.602975554513,4.33169551266344
392.641050077837,231.085229457657,4.15560865373715
566.42207105887,407.643344322073,4.75719781751438
136.661974640801,282.920241977927,4.47115822374863
200.99590275516,368.955198011261,4.02307523597005
127.390823410028,411.792805717175,3.46506262103874
624.105543479138,312.660890441451,4.50659072707348
-2.57226124130678,153.989343436565,4.15174755665847
548.038664852543,202.254737214143,4.28409939731926
33.7932818622773,490.678247684808,3.02097522973834
279.254583846903,23.7866632896794,3.6196371083808
534.553661277322,390.186057946554,3.32350004233323
81.3570723801433,80.8517754358364,5.14186045958911
4.16024734385684,74.7739154741725,3.49562671814707
587.488367029852,225.868874846792,3.98258349193635
441.491228207746,452.932740919155,4.80915582023994
659.476656583868,370.982214131857,2.88770208857006
103.900165268334,489.761027576967,4.37441637891181
624.770289843259,90.3294245800119,4.09207968114637
422.437258802774,255.578252045207,3.69601935446454
10.3007113776098,180.035846011306,3.14407391624621
67.2862351019268,116.31441977231,4.38280734938922
617.933949635929,211.136913406229,4.38247551141314
255.27438830903,223.750467542906,3.96159770100885
574.427105302749,434.779528175974,3.91572539616994
301.920191836407,130.291348263996,3.89172494159419
534.576866414987,455.919606110378,3.36530608070779
42.104669911614,406.687908382287,3.9510905025042
187.610811232676,289.291239018822,3.9269467574986
543.674151060413,265.581346607227,3.8974034922929
167.832459301955,23.4558539298164,4.08653544659123
495.549555549637,347.356904876175,4.33035872729832
36.3334020032944,61.5319495606362,3.77625471117851
528.118031133225,146.029858940785,4.76702179853288
NA,NA,NA
657.90687963873,333.622924609813,3.55597109182954
455.32658500257,299.243609729176,3.62385795694223
9.84816819617313,494.763977835853,3.44979016655721
564.18770376161,46.3578672439325,4.32618737335782
70.1087100879514,373.932256403835,4.10594327956668
229.422998692151,417.153753507849,3.8789453584477
430.166125740353,10.8181772766561,3.35706815745877
359.167607538466,293.256821486879,3.17454010883488
606.858469964848,102.602975554513,4.33169551266344
392.641050077837,231.085229457657,4.15560865373715
566.42207105887,407.643344322073,4.75719781751438
136.661974640801,282.920241977927,4.47115822374863
200.99590275516,368.955198011261,4.02307523597005
127.390823410028,411.792805717175,3.46506262103874
624.105543479138,312.660890441451,4.50659072707348
-2.57226124130678,153.989343436565,4.15174755665847
548.038664852543,202.254737214143,4.28409939731926
33.7932818622773,490.678247684808,3.02097522973834
279.254583846903,23.7866632896794,3.6196371083808
534.553661277322,390.186057946554,3.32350004233323
81.3570723801433,80.8517754358364,5.14186045958911
4.16024734385684,74.7739154741725,3.49562671814707
587.488367029852,225.868874846792,3.98258349193635
441.491228207746,452.932740919155,4.80915582023994
659.476656583868,370.982214131857,2.88770208857006
103.900165268334,489.761027576967,4.37441637891181
624.770289843259,90.3294245800119,4.09207968114637
422.437258802774,255.578252045207,3.69601935446454
10.3007113776098,180.035846011306,3.14407391624621
67.2862351019268,116.31441977231,4.38280734938922
617.933949635929,211.136913406229,4.38247551141314
255.27438830903,223.750467542906,3.96159770100885
574.427105302749,434.779528175974,3.91572539616994
301.920191836407,130.291348263996,3.89172494159419
534.576866414987,455.919606110378,3.36530608070779
42.104669911614,406.687908382287,3.9510905025042
187.610811232676,289.291239018822,3.9269467574986
543.674151060413,265.581346607227,3.8974034922929
167.832459301955,23.4558539298164,4.08653544659123
495.549555549637,347.356904876175,4.33035872729832
36.3334020032944,61.5319495606362,3.77625471117851
528.118031133225,146.029858940785,4.76702179853288
NA,NA,NA
657.90687963873,333.622924609813,3.55597109182954
455.32658500257,299.243609729176,3.62385795694223
9.84816819617313,494.763977835853,3.44979016655721
564.18770376161,46.3578672439325,4.32618737335782
70.1087100879514,373.932256403835,4.10594327956668
229.422998692151,417.153753507849,3.8789453584477
430.166125740353,10.8181772766561,3.35706815745877
359.167607538466,293.256821486879,3.17454010883488
606.858469964848,102.602975554513,4.33169551266344
392.641050077837,231.085229457657,4.15560865373715
566.42207105887,407.643344322073,4.75719781751438
136.661974640801,282.920241977927,4.47115822374863
200.99590275516,368.955198011261,4.02307523597005
127.390823410028,411.792805717175,3.46506262103874
624.105543479138,312.660890441451,4.50659072707348
-2.57226124130678,153.989343436565,4.15174755665847
548.038664852543,202.254737214143,4.28409939731926
33.7932818622773,490.678247684808,3.02097522973834
279.254583846903,23.7866632896794,3.6196371083808
534.553661277322,390.186057946554,3.32350004233323
81.3570723801433,80.8517754358364,5.14186045958911
4.16024734385684,74.7739154741725,3.49562671814707
587.488367029852,225.868874846792,3.98258349193635
441.491228207746,452.932740919155,4.80915582023994
659.476656583868,370.982214131857,2.88770208857006
103.900165268334,489.761027576967,4.37441637891181
624.770289843259,90.3294245800119,4.09207968114637
422.437258802774,255.578252045207,3.69601935446454
10.3007113776098,180.035846011306,3.14407391624621
67.2862351019268,116.31441977231,4.38280734938922
617.933949635929,211.136913406229,4.38247551141314
255.27438830903,223.750467542906,3.96159770100885
574.427105302749,434.779528175974,3.91572539616994
301.920191836407,130.291348263996,3.89172494159419
534.576866414987,455.919606110378,3.36530608070779
42.104669911614,406.687908382287,3.9510905025042
187.610811232676,289.291239018822,3.9269467574986
543.674151060413,265.581346607227,3.8974034922929
167.832459301955,23.4558539298164,4.08653544659123
495.549555549637,347.356904876175,4.33035872729832
36.3334020032944,61.5319495606362,3.77625471117851
528.118031133225,146.029858940785,4.76702179853288
NA,NA,NA
661.044246787392,333.652993692384,3.43049010920893
456.247137461425,299.107645081145,3.6070020574465
9.33085311223985,491.771765950613,3.72600637696276
564.800723125885,50.1995965545567,4.16852209106882
71.1747939557596,379.044673711519,3.93924139393952
230.813087090676,414.245856841752,3.89701064632569
425.576292229826,10.3854052778548,3.26147823059184
360.91088153736,291.539886843696,3.01677267686634
608.188139565632,104.750377910635,4.16446818680507
393.53735717437,224.478179005467,4.23257933085465
577.384290909045,413.133884999796,4.82079683063759
139.404058369279,278.455414147653,4.54175964021035
200.283561478771,366.047325766594,4.09702869526137
121.87770035289,412.825464241905,3.53070150283756
621.798036117913,316.681020888556,4.53253685381857
5.20572955947964,149.946908127975,4.28111819750286
543.438122885777,202.344296527024,4.0257184202424
34.4098085323281,492.00552064311,2.91464920076946
283.327346909756,24.5363079334028,3.94612443471338
535.360862610105,389.442457378465,3.30635258341808
74.039767833027,77.2186861611209,5.33200822185896
4.31016942465971,73.5988852024064,3.36205458293243
584.130313011989,227.417374806826,4.06712404472455
438.558713044216,457.439578328417,4.81064546951693
657.939115818398,372.730034576399,2.97833204696249
101.54572438974,485.484604304069,4.33856499460331
622.897428286683,91.5897623923158,4.05043321335854
418.877240694572,260.191980133721,3.64468393801012
10.9508296139666,179.53828532621,3.30674843570042
63.2220113795224,110.14323262549,4.61808773007142
608.96152895973,197.451061995495,4.39093529557432
254.887266400996,220.551606783808,4.12407419127666
577.898065604979,438.226149188572,3.85552380882326
297.158616852172,137.897156640351,3.94057598679113
525.20971700692,457.173638931246,3.63467946941119
38.1991850158822,407.194401486597,4.05137634700898
200.905385286537,294.784951130104,4.28003617889751
551.962238070276,265.422507613445,3.67716329556704
171.704232549896,32.123673970236,4.22335893874941
496.408374329938,334.020389845256,4.48897541495004
33.1554526180105,44.0961277216688,4.47683764884068
548.251213304173,149.215531263073,4.7497745506798
NA,NA,NA
661.044246787392,333.652993692384,3.43049010920893
456.247137461425,299.107645081145,3.6070020574465
9.33085311223985,491.771765950613,3.72600637696276
564.800723125885,50.1995965545567,4.16852209106882
71.1747939557596,379.044673711519,3.93924139393952
230.813087090676,414.245856841752,3.89701064632569
425.576292229826,10.3854052778548,3.26147823059184
360.91088153736,291.539886843696,3.01677267686634
608.188139565632,104.750377910635,4.16446818680507
393.53735717437,224.478179005467,4.23257933085465
577.384290909045,413.133884999796,4.82079683063759
139.404058369279,278.455414147653,4.54175964021035
200.283561478771,366.047325766594,4.09702869526137
121.87770035289,412.825464241905,3.53070150283756
621.798036117913,316.681020888556,4.53253685381857
5.20572955947964,149.946908127975,4.28111819750286
543.438122885777,202.344296527024,4.0257184202424
34.4098085323281,492.00552064311,2.91464920076946
283.327346909756,24.5363079334028,3.94612443471338
535.360862610105,389.442457378465,3.30635258341808
74.039767833027,77.2186861611209,5.33200822185896
4.31016942465971,73.5988852024064,3.36205458293243
584.130313011989,227.417374806826,4.06712404472455
438.558713044216,457.439578328417,4.81064546951693
657.939115818398,372.730034576399,2.97833204696249
101.54572438974,485.484604304069,4.33856499460331
622.897428286683,91.5897623923158,4.05043321335854
418.877240694572,260.191980133721,3.64468393801012
10.9508296139666,179.53828532621,3.30674843570042
63.2220113795224,110.14323262549,4.61808773007142
608.96152895973,197.451061995495,4.39093529557432
254.887266400996,220.551606783808,4.12407419127666
577.898065604979,438.226149188572,3.85552380882326
297.158616852172,137.897156640351,3.94057598679113
525.20971700692,457.173638931246,3.63467946941119
38.1991850158822,407.194401486597,4.05137634700898
200.905385286537,294.784951130104,4.28003617889751
551.962238070276,265.422507613445,3.67716329556704
171.704232549896,32.123673970236,4.22335893874941
496.408374329938,334.020389845256,4.48897541495004
33.1554526180105,44.0961277216688,4.47683764884068
548.251213304173,149.215531263073,4.7497745506798
NA,NA,NA
661.044246787392,333.652993692384,3.43049010920893
456.247137461425,299.107645081145,3.6070020574465
9.33085311223985,491.771765950613,3.72600637696276
564.800723125885,50.1995965545567,4.16852209106882
71.1747939557596,379.044673711519,3.93924139393952
230.813087090676,414.245856841752,3.89701064632569
425.576292229826,10.3854052778548,3.26147823059184
360.91088153736,291.539886843696,3.01677267686634
608.188139565632,104.750377910635,4.16446818680507
393.53735717437,224.478179005467,4.23257933085465
577.384290909045,413.133884999796,4.82079683063759
139.404058369279,278.455414147653,4.54175964021035
200.283561478771,366.047325766594,4.09702869526137
121.87770035289,412.825464241905,3.53070150283756
621.798036117913,316.681020888556,4.53253685381857
5.20572955947964,149.946908127975,4.28111819750286
543.438122885777,202.344296527024,4.0257184202424
34.4098085323281,492.00552064311,2.91464920076946
283.327346909756,24.5363079334028,3.94612443471338
535.360862610105,389.442457378465,3.30635258341808
74.039767833027,77.2186861611209,5.33200822185896
4.31016942465971,73.5988852024064,3.36205458293243
584.130313011989,227.417374806826,4.06712404472455
438.558713044216,457.439578328417,4.81064546951693
657.939115818398,372.730034576399,2.97833204696249
101.54572438974,485.484604304069,4.33856499460331
622.897428286683,91.5897623923158,4.05043321335854
418.877240694572,260.191980133721,3.64468393801012
10.9508296139666,179.53828532621,3.30674843570042
63.2220113795224,110.14323262549,4.61808773007142
608.96152895973,197.451061995495,4.39093529557432
254.887266400996,220.551606783808,4.12407419127666
577.898065604979,438.226149188572,3.85552380882326
297.158616852172,137.897156640351,3.94057598679113
525.20971700692,457.173638931246,3.63467946941119
38.1991850158822,407.194401486597,4.05137634700898
200.905385286537,294.784951130104,4.28003617889751
551.962238070276,265.422507613445,3.67716329556704
171.704232549896,32.123673970236,4.22335893874941
496.408374329938,334.020389845256,4.48897541495004
33.1554526180105,44.0961277216688,4.47683764884068
548.251213304173,149.215531263073,4.7497745506798
NA,NA,NA
661.044246787392,333.652993692384,3.43049010920893
456.247137461425,299.107645081145,3.6070020574465
9.33085311223985,491.771765950613,3.72600637696276
564.800723125885,50.1995965545567,4.16852209106882
71.1747939557596,379.044673711519,3.93924139393952
230.813087090676,414.245856841752,3.89701064632569
425.576292229826,10.3854052778548,3.26147823059184
360.91088153736,291.539886843696,3.01677267686634
608.188139565632,104.750377910635,4.16446818680507
393.53735717437,224.478179005467,4.23257933085465
577.384290909045,413.133884999796,4.82079683063759
139.404058369279,278.455414147653,4.54175964021035
200.283561478771,366.047325766594,4.09702869526137
121.87770035289,412.825464241905,3.53070150283756
621.798036117913,316.681020888556,4.53253685381857
5.20572955947964,149.946908127975,4.28111819750286
543.438122885777,202.344296527024,4.0257184202424
34.4098085323281,492.00552064311,2.91464920076946
283.327346909756,24.5363079334028,3.94612443471338
535.360862610105,389.442457378465,3.30635258341808
74.039767833027,77.2186861611209,5.33200822185896
4.31016942465971,73.5988852024064,3.36205458293243
584.130313011989,227.417374806826,4.06712404472455
438.558713044216,457.439578328417,4.81064546951693
657.939115818398,372.730034576399,2.97833204696249
101.54572438974,485.484604304069,4.33856499460331
622.897428286683,91.5897623923158,4.05043321335854
418.877240694572,260.191980133721,3.64468393801012
10.9508296139666,179.53828532621,3.30674843570042
63.2220113795224,110.14323262549,4.61808773007142
608.96152895973,197.451061995495,4.39093529557432
254.887266400996,220.551606783808,4.12407419127666
577.898065604979,438.226149188572,3.85552380882326
297.158616852172,137.897156640351,3.94057598679113
525.20971700692,457.173638931246,3.63467946941119
38.1991850158822,407.194401486597,4.05137634700898
200.905385286537,294.784951130104,4.28003617889751
551.962238070276,265.422507613445,3.67716329556704
171.704232549896,32.123673970236,4.22335893874941
496.408374329938,334.020389845256,4.48897541495004
33.1554526180105,44.0961277216688,4.47683764884068
548.251213304173,149.215531263073,4.7497745506798
NA,NA,NA
661.044246787392,333.652993692384,3.43049010920893
456.247137461425,299.107645081145,3.6070020574465
9.33085311223985,491.771765950613,3.72600637696276
564.800723125885,50.1995965545567,4.16852209106882
71.1747939557596,379.044673711519,3.93924139393952
230.813087090676,414.245856841752,3.89701064632569
425.576292229826,10.3854052778548,3.26147823059184
360.91088153736,291.539886843696,3.01677267686634
608.188139565632,104.750377910635,4.16446818680507
393.53735717437,224.478179005467,4.23257933085465
577.384290909045,413.133884999796,4.82079683063759
139.404058369279,278.455414147653,4.54175964021035
200.283561478771,366.047325766594,4.09702869526137
121.87770035289,412.825464241905,3.53070150283756
621.798036117913,316.681020888556,4.53253685381857
5.20572955947964,149.946908127975,4.28111819750286
543.438122885777,202.344296527024,4.0257184202424
34.4098085323281,492.00552064311,2.91464920076946
283.327346909756,24.5363079334028,3.94612443471338
535.360862610105,389.442457378465,3.30635258341808
74.039767833027,77.2186861611209,5.33200822185896
4.31016942465971,73.5988852024064,3.36205458293243
584.130313011989,227.417374806826,4.06712404472455
438.558713044216,457.439578328417,4.81064546951693
657.939115818398,372.730034576399,2.97833204696249
101.54572438974,485.484604304069,4.33856499460331
622.897428286683,91.5897623923158,4.05043321335854
418.877240694572,260.191980133721,3.64468393801012
10.9508296139666,179.53828532621,3.30674843570042
63.2220113795224,110.14323262549,4.61808773007142
608.96152895973,197.451061995495,4.39093529557432
254.887266400996,220.551606783808,4.12407419127666
577.898065604979,438.226149188572,3.85552380882326
297.158616852172,137.897156640351,3.94057598679113
525.20971700692,457.173638931246,3.63467946941119
38.1991850158822,407.194401486597,4.05137634700898
200.905385286537,294.784951130104,4.28003617889751
551.962238070276,265.422507613445,3.67716329556704
171.704232549896,32.123673970236,4.22335893874941
496.408374329938,334.020389845256,4.48897541495004
33.1554526180105,44.0961277216688,4.47683764884068
548.251213304173,149.215531263073,4.7497745506798
NA,NA,NA
661.044246787392,333.652993692384,3.43049010920893
456.247137461425,299.107645081145,3.6070020574465
9.33085311223985,491.771765950613,3.72600637696276
564.800723125885,50.1995965545567,4.16852209106882
71.1747939557596,379.044673711519,3.93924139393952
230.813087090676,414.245856841752,3.89701064632569
425.576292229826,10.3854052778548,3.26147823059184
360.91088153736,291.539886843696,3.01677267686634
608.188139565632,104.750377910635,4.16446818680507
393.53735717437,224.478179005467,4.23257933085465
577.384290909045,413.133884999796,4.82079683063759
139.404058369279,278.455414147653,4.54175964021035
200.283561478771,366.047325766594,4.09702869526137
121.87770035289,412.825464241905,3.53070150283756
621.798036117913,316.681020888556,4.53253685381857
5.20572955947964,149.946908127975,4.28111819750286
543.438122885777,202.344296527024,4.0257184202424
34.4098085323281,492.00552064311,2.91464920076946
283.327346909756,24.5363079334028,3.94612443471338
535.360862610105,389.442457378465,3.30635258341808
74.039767833027,77.2186861611209,5.33200822185896
4.31016942465971,73.5988852024064,3.36205458293243
584.130313011989,227.417374806826,4.06712404472455
438.558713044216,457.439578328417,4.81064546951693
657.939115818398,372.730034576399,2.97833204696249
101.54572438974,485.484604304069,4.33856499460331
622.897428286683,91.5897623923158,4.05043321335854
418.877240694572,260.191980133721,3.64468393801012
10.9508296139666,179.53828532621,3.30674843570042
63.2220113795224,110.14323262549,4.61808773007142
608.96152895973,197.451061995495,4.39093529557432
254.887266400996,220.551606783808,4.12407419127666
577.898065604979,438.226149188572,3.85552380882326
297.158616852172,137.897156640351,3.94057598679113
525.20971700692,457.173638931246,3.63467946941119
38.1991850158822,407.194401486597,4.05137634700898
200.905385286537,294.784951130104,4.28003617889751
551.962238070276,265.422507613445,3.67716329556704
171.704232549896,32.123673970236,4.22335893874941
496.408374329938,334.020389845256,4.48897541495004
33.1554526180105,44.0961277216688,4.47683764884068
548.251213304173,149.215531263073,4.7497745506798
NA,NA,NA
662.087294886347,337.333181766174,3.45044872621577
455.412957184224,300.858301628362,3.58531398327536
7.19008950059237,493.905147065981,3.53274258328159
564.716095417672,50.3947753594446,4.15196699358723
69.4764718452494,375.111256146174,4.00289406383737
228.368975050487,419.013752934288,3.96987134986451
427.73015096434,13.3229997377155,3.39930733233741
362.831558594375,293.190186267885,2.94989611545994
605.15064392231,100.154648363895,4.01012302671324
391.282831121131,229.495815376546,4.09055165550374
568.273575814763,406.344063291368,4.79537063843701
138.902728395226,277.875201257878,4.4779693005625
204.15275668329,370.361459249096,3.88766579298979
129.26518397968,407.043973883714,3.41510238581949
630.198469257375,308.026976286214,4.5876809514379
2.21985846502586,145.164458015844,4.27095808500589
538.030377390296,202.624929369116,4.22217866247387
34.9132286416664,491.061100136718,3.01639402705093
278.35465751867,22.0590656887268,3.86377845907168
532.142318348446,391.333571895058,3.41960195395773
62.2465163413135,80.278480160261,5.34100293212531
2.6258557497352,75.8904668807245,3.41180429758904
591.076246151258,226.740801866031,4.192281323717
443.191556813696,459.707476689316,4.7922998785907
660.057319066581,373.364621666743,2.96800294987001
110.539458454745,483.92408660466,4.21536983613496
623.939368384576,84.7591946511567,4.10589954389556
417.579823922489,259.617562111587,3.6513462153166
12.508081762374,181.294085620193,3.23920966162793
77.6180790016657,107.813810453622,4.27661598638037
597.406272571523,209.414298945981,4.35675025411946
258.438145358628,227.203251833388,3.82629272874297
563.159742262916,424.18770315222,3.85979526529333
297.650460693929,140.454591962058,3.80099297022581
531.907786917167,453.216349308387,3.62250641242658
48.1250605934006,424.950137360687,3.90998541729324
200.846191149272,294.601954089765,4.42301927042195
549.462263688379,257.353260248939,3.81454536991055
157.951833573594,17.9295802664993,4.38731371150928
491.848459413089,345.979658234736,4.41234068837408
29.0167822566292,53.3681372132216,3.80985867575208
528.85709525954,141.705749963485,4.69110472260519
NA,NA,NA
662.087294886347,337.333181766174,3.45044872621577
455.412957184224,300.858301628362,3.58531398327536
7.19008950059237,493.905147065981,3.53274258328159
564.716095417672,50.3947753594446,4.15196699358723
69.4764718452494,375.111256146174,4.00289406383737
228.368975050487,419.013752934288,3.96987134986451
427.73015096434,13.3229997377155,3.39930733233741
362.831558594375,293.190186267885,2.94989611545994
605.15064392231,100.154648363895,4.01012302671324
391.282831121131,229.495815376546,4.09055165550374
568.273575814763,406.344063291368,4.79537063843701
138.902728395226,277.875201257878,4.4779693005625
204.15275668329,370.361459249096,3.88766579298979
129.26518397968,407.043973883714,3.41510238581949
630.198469257375,308.026976286214,4.5876809514379
2.21985846502586,145.164458015844,4.27095808500589
538.030377390296,202.624929369116,4.22217866247387
34.9132286416664,491.061100136718,3.01639402705093
278.35465751867,22.0590656887268,3.86377845907168
532.142318348446,391.333571895058,3.41960195395773
62.2465163413135,80.278480160261,5.34100293212531
2.6258557497352,75.8904668807245,3.41180429758904
591.076246151258,226.740801866031,4.192281323717
443.191556813696,459.707476689316,4.7922998785907
660.057319066581,373.364621666743,2.96800294987001
110.539458454745,483.92408660466,4.21536983613496
623.939368384576,84.7591946511567,4.10589954389556
417.579823922489,259.617562111587,3.6513462153166
12.508081762374,181.294085620193,3.23920966162793
77.6180790016657,107.813810453622,4.27661598638037
597.406272571523,209.414298945981,4.35675025411946
258.438145358628,227.203251833388,3.82629272874297
563.159742262916,424.18770315222,3.85979526529333
297.650460693929,140.454591962058,3.80099297022581
531.907786917167,453.216349308387,3.62250641242658
48.1250605934006,424.950137360687,3.90998541729324
200.846191149272,294.601954089765,4.42301927042195
549.462263688379,257.353260248939,3.81454536991055
157.951833573594,17.9295802664993,4.38731371150928
491.848459413089,345.979658234736,4.41234068837408
29.0167822566292,53.3681372132216,3.80985867575208
528.85709525954,141.705749963485,4.69110472260519
NA,NA,NA
662.087294886347,337.333181766174,3.45044872621577
455.412957184224,300.858301628362,3.58531398327536
7.19008950059237,493.905147065981,3.53274258328159
564.716095417672,50.3947753594446,4.15196699358723
69.4764718452494,375.111256146174,4.00289406383737
228.368975050487,419.013752934288,3.96987134986451
427.73015096434,13.3229997377155,3.39930733233741
362.831558594375,293.190186267885,2.94989611545994
605.15064392231,100.154648363895,4.01012302671324
391.282831121131,229.495815376546,4.09055165550374
568.273575814763,406.344063291368,4.79537063843701
138.902728395226,277.875201257878,4.4779693005625
204.15275668329,370.361459249096,3.88766579298979
129.26518397968,407.043973883714,3.41510238581949
630.198469257375,308.026976286214,4.5876809514379
2.21985846502586,145.164458015844,4.27095808500589
538.030377390296,202.624929369116,4.22217866247387
34.9132286416664,491.061100136718,3.01639402705093
278.35465751867,22.0590656887268,3.86377845907168
532.142318348446,391.333571895058,3.41960195395773
62.2465163413135,80.278480160261,5.34100293212531
2.6258557497352,75.8904668807245,3.41180429758904
591.076246151258,226.740801866031,4.192281323717
443.191556813696,459.707476689316,4.7922998785907
660.057319066581,373.364621666743,2.96800294987001
110.539458454745,483.92408660466,4.21536983613496
623.939368384576,84.7591946511567,4.10589954389556
417.579823922489,259.617562111587,3.6513462153166
12.508081762374,181.294085620193,3.23920966162793
77.6180790016657,107.813810453622,4.27661598638037
597.406272571523,209.414298945981,4.35675025411946
258.438145358628,227.203251833388,3.82629272874297
563.159742262916,424.18770315222,3.85979526529333
297.650460693929,140.454591962058,3.80099297022581
531.907786917167,453.216349308387,3.62250641242658
48.1250605934006,424.950137360687,3.90998541729324
200.846191149272,294.601954089765,4.42301927042195
549.462263688379,257.353260248939,3.81454536991055
157.951833573594,17.9295802664993,4.38731371150928
491.848459413089,345.979658234736,4.41234068837408
29.0167822566292,53.3681372132216,3.80985867575208
528.85709525954,141.705749963485,4.69110472260519
NA,NA,NA
662.087294886347,337.333181766174,3.45044872621577
455.412957184224,300.858301628362,3.58531398327536
7.19008950059237,493.905147065981,3.53274258328159
564.716095417672,50.3947753594446,4.15196699358723
69.4764718452494,375.111256146174,4.00289406383737
228.368975050487,419.013752934288,3.96987134986451
427.73015096434,13.3229997377155,3.39930733233741
362.831558594375,293.190186267885,2.94989611545994
605.15064392231,100.154648363895,4.01012302671324
391.282831121131,229.495815376546,4.09055165550374
568.273575814763,406.344063291368,4.79537063843701
138.902728395226,277.875201257878,4.4779693005625
204.15275668329,370.361459249096,3.88766579298979
129.26518397968,407.043973883714,3.41510238581949
630.198469257375,308.026976286214,4.5876809514379
2.21985846502586,145.164458015844,4.27095808500589
538.030377390296,202.624929369116,4.22217866247387
34.9132286416664,491.061100136718,3.01639402705093
278.35465751867,22.0590656887268,3.86377845907168
532.142318348446,391.333571895058,3.41960195395773
62.2465163413135,80.278480160261,5.34100293212531
2.6258557497352,75.8904668807245,3.41180429758904
591.076246151258,226.740801866031,4.192281323717
443.191556813696,459.707476689316,4.7922998785907
660.057319066581,373.364621666743,2.96800294987001
110.539458454745,483.92408660466,4.21536983613496
623.939368384576,84.7591946511567,4.10589954389556
417.579823922489,259.617562111587,3.6513462153166
12.508081762374,181.294085620193,3.23920966162793
77.6180790016657,107.813810453622,4.27661598638037
597.406272571523,209.414298945981,4.35675025411946
258.438145358628,227.203251833388,3.82629272874297
563.159742262916,424.18770315222,3.85979526529333
297.650460693929,140.454591962058,3.80099297022581
531.907786917167,453.216349308387,3.62250641242658
48.1250605934006,424.950137360687,3.90998541729324
200.846191149272,294.601954089765,4.42301927042195
549.462263688379,257.353260248939,3.81454536991055
157.951833573594,17.9295802664993,4.38731371150928
491.848459413089,345.979658234736,4.41234068837408
29.0167822566292,53.3681372132216,3.80985867575208
528.85709525954,141.705749963485,4.69110472260519
NA,NA,NA
662.087294886347,337.333181766174,3.45044872621577
455.412957184224,300.858301628362,3.58531398327536
7.19008950059237,493.905147065981,3.53274258328159
564.716095417672,50.3947753594446,4.15196699358723
69.4764718452494,375.111256146174,4.00289406383737
228.368975050487,419.013752934288,3.96987134986451
427.73015096434,13.3229997377155,3.39930733233741
362.831558594375,293.190186267885,2.94989611545994
605.15064392231,100.154648363895,4.01012302671324
391.282831121131,229.495815376546,4.09055165550374
568.273575814763,406.344063291368,4.79537063843701
138.902728395226,277.875201257878,4.4779693005625
204.15275668329,370.361459249096,3.88766579298979
129.26518397968,407.043973883714,3.41510238581949
630.198469257375,308.026976286214,4.5876809514379
2.21985846502586,145.164458015844,4.27095808500589
538.030377390296,202.624929369116,4.22217866247387
34.9132286416664,491.061100136718,3.01639402705093
278.35465751867,22.0590656887268,3.86377845907168
532.142318348446,391.333571895058,3.41960195395773
62.2465163413135,80.278480160261,5.34100293212531
2.6258557497352,75.8904668807245,3.41180429758904
591.076246151258,226.740801866031,4.192281323717
443.191556813696,459.707476689316,4.7922998785907
660.057319066581,373.364621666743,2.96800294987001
110.539458454745,483.92408660466,4.21536983613496
623.939368384576,84.7591946511567,4.10589954389556
417.579823922489,259.617562111587,3.6513462153166
12.508081762374,181.294085620193,3.23920966162793
77.6180790016657,107.813810453622,4.27661598638037
597.406272571523,209.414298945981,4.35675025411946
258.438145358628,227.203251833388,3.82629272874297
563.159742262916,424.18770315222,3.85979526529333
297.650460693929,140.454591962058,3.80099297022581
531.907786917167,453.216349308387,3.62250641242658
48.1250605934006,424.950137360687,3.90998541729324
200.846191149272,294.601954089765,4.42301927042195
549.462263688379,257.353260248939,3.81454536991055
157.951833573594,17.9295802664993,4.38731371150928
491.848459413089,345.979658234736,4.41234068837408
29.0167822566292,53.3681372132216,3.80985867575208
528.85709525954,141.705749963485,4.69110472260519
NA,NA,NA
662.087294886347,337.333181766174,3.45044872621577
455.412957184224,300.858301628362,3.58531398327536
7.19008950059237,493.905147065981,3.53274258328159
564.716095417672,50.3947753594446,4.15196699358723
69.4764718452494,375.111256146174,4.00289406383737
228.368975050487,419.013752934288,3.96987134986451
427.73015096434,13.3229997377155,3.39930733233741
362.831558594375,293.190186267885,2.94989611545994
605.15064392231,100.154648363895,4.01012302671324
391.282831121131,229.495815376546,4.09055165550374
568.273575814763,406.344063291368,4.79537063843701
138.902728395226,277.875201257878,4.4779693005625
204.15275668329,370.361459249096,3.88766579298979
129.26518397968,407.043973883714,3.41510238581949
630.198469257375,308.026976286214,4.5876809514379
2.21985846502586,145.164458015844,4.27095808500589
538.030377390296,202.624929369116,4.22217866247387
34.9132286416664,491.061100136718,3.01639402705093
278.35465751867,22.0590656887268,3.86377845907168
532.142318348446,391.333571895058,3.41960195395773
62.2465163413135,80.278480160261,5.34100293212531
2.6258557497352,75.8904668807245,3.41180429758904
591.076246151258,226.740801866031,4.192281323717
443.191556813696,459.707476689316,4.7922998785907
660.057319066581,373.364621666743,2.96800294987001
110.539458454745,483.92408660466,4.21536983613496
623.939368384576,84.7591946511567,4.10589954389556
417.579823922489,259.617562111587,3.6513462153166
12.508081762374,181.294085620193,3.23920966162793
77.6180790016657,107.813810453622,4.27661598638037
597.406272571523,209.414298945981,4.35675025411946
258.438145358628,227.203251833388,3.82629272874297
563.159742262916,424.18770315222,3.85979526529333
297.650460693929,140.454591962058,3.80099297022581
531.907786917167,453.216349308387,3.62250641242658
48.1250605934006,424.950137360687,3.90998541729324
200.846191149272,294.601954089765,4.42301927042195
549.462263688379,257.353260248939,3.81454536991055
157.951833573594,17.9295802664993,4.38731371150928
491.848459413089,345.979658234736,4.41234068837408
29.0167822566292,53.3681372132216,3.80985867575208
528.85709525954,141.705749963485,4.69110472260519
NA,NA,NA
659.786363589545,335.419413844877,3.69988518182116
456.792466112963,299.907772837087,3.51507022090086
9.56652894347784,497.387444425825,3.77216171777952
557.967380100712,56.5077073472226,4.29111507956829
70.1813613430873,378.258470792434,4.09316414888581
225.575370370444,417.012679956333,3.85036506867682
430.492546363905,16.1889498871799,3.19462449563459
363.37303697118,292.508939589683,2.89037504497917
599.63146781788,105.142996342161,4.31486729457228
392.847086810871,231.07425460423,4.18674002080755
572.259878896801,412.277326008033,4.77850436656651
140.048627570338,283.080741695903,4.56969981161369
196.593619562889,362.12284437752,4.13938691358555
123.072801934887,412.001875172711,3.27727925372508
630.22360099862,314.864892959856,4.37951086873994
1.32964045630194,151.246038216077,4.29022409879931
545.388190356267,205.73677641847,4.31232693727686
32.879838845753,490.229234446067,2.98781175288843
284.91623734989,22.858106173839,3.92491692271171
530.864092352215,391.449780158195,3.42091341413513
74.925686163242,71.2987239326003,5.35138091445595
4.21778923505793,77.5110873683666,3.46076716921684
590.468616309782,219.792404660798,4.14198736529069
435.24891238603,455.320447811535,4.74665042264595
657.745292610634,370.553410405489,3.10869499473893
105.951614452197,487.3671420987,4.32203601990953
623.404046196161,93.6057574178911,4.01373406424346
422.934099231016,255.295419028355,3.6296006091421
11.7478265109388,181.271873830073,3.28431164019194
81.4375981238493,113.869263730589,4.51989012988527
611.546261783802,200.734264006212,4.68897194219766
256.419520022457,223.672645747216,3.71027439314478
576.247961090372,441.229683089504,3.99072825910058
299.439114154628,140.34130225866,3.74331196919094
526.89545936568,455.26887373411,3.42715119422787
44.7468517254662,416.71790922688,3.75065507836843
198.226249148142,298.515031564008,3.94088862190585
559.534520908394,268.388285844409,3.71495973584048
184.604996040837,37.2896141569143,4.58250850550113
506.976381365671,340.52446356733,4.47699885107849
29.9851150015795,53.581268990238,3.95473514680662
541.672831987528,142.391214313102,4.45470022069904
NA,NA,NA
659.786363589545,335.419413844877,3.69988518182116
456.792466112963,299.907772837087,3.51507022090086
9.56652894347784,497.387444425825,3.77216171777952
557.967380100712,56.5077073472226,4.29111507956829
70.1813613430873,378.258470792434,4.09316414888581
225.575370370444,417.012679956333,3.85036506867682
430.492546363905,16.1889498871799,3.19462449563459
363.37303697118,292.508939589683,2.89037504497917
599.63146781788,105.142996342161,4.31486729457228
392.847086810871,231.07425460423,4.18674002080755
572.259878896801,412.277326008033,4.77850436656651
140.048627570338,283.080741695903,4.56969981161369
196.593619562889,362.12284437752,4.13938691358555
123.072801934887,412.001875172711,3.27727925372508
630.22360099862,314.864892959856,4.37951086873994
1.32964045630194,151.246038216077,4.29022409879931
545.388190356267,205.73677641847,4.31232693727686
32.879838845753,490.229234446067,2.98781175288843
284.91623734989,22.858106173839,3.92491692271171
530.864092352215,391.449780158195,3.42091341413513
74.925686163242,71.2987239326003,5.35138091445595
4.21778923505793,77.5110873683666,3.46076716921684
590.468616309782,219.792404660798,4.14198736529069
435.24891238603,455.320447811535,4.74665042264595
657.745292610634,370.553410405489,3.10869499473893
105.951614452197,487.3671420987,4.32203601990953
623.404046196161,93.6057574178911,4.01373406424346
422.934099231016,255.295419028355,3.6296006091421
11.7478265109388,181.271873830073,3.28431164019194
81.4375981238493,113.869263730589,4.51989012988527
611.546261783802,200.734264006212,4.68897194219766
256.419520022457,223.672645747216,3.71027439314478
576.247961090372,441.229683089504,3.99072825910058
299.439114154628,140.34130225866,3.74331196919094
526.89545936568,455.26887373411,3.42715119422787
44.7468517254662,416.71790922688,3.75065507836843
198.226249148142,298.515031564008,3.94088862190585
559.534520908394,268.388285844409,3.71495973584048
184.604996040837,37.2896141569143,4.58250850550113
506.976381365671,340.52446356733,4.47699885107849
29.9851150015795,53.581268990238,3.95473514680662
541.672831987528,142.391214313102,4.45470022069904
NA,NA,NA
659.786363589545,335.419413844877,3.69988518182116
456.792466112963,299.907772837087,3.51507022090086
9.56652894347784,497.387444425825,3.77216171777952
557.967380100712,56.5077073472226,4.29111507956829
70.1813613430873,378.258470792434,4.09316414888581
225.575370370444,417.012679956333,3.85036506867682
430.492546363905,16.1889498871799,3.19462449563459
363.37303697118,292.508939589683,2.89037504497917
599.63146781788,105.142996342161,4.31486729457228
392.847086810871,231.07425460423,4.18674002080755
572.259878896801,412.277326008033,4.77850436656651
140.048627570338,283.080741695903,4.56969981161369
196.593619562889,362.12284437752,4.13938691358555
123.072801934887,412.001875172711,3.27727925372508
630.22360099862,314.864892959856,4.37951086873994
1.32964045630194,151.246038216077,4.29022409879931
545.388190356267,205.73677641847,4.31232693727686
32.879838845753,490.229234446067,2.98781175288843
284.91623734989,22.858106173839,3.92491692271171
530.864092352215,391.449780158195,3.42091341413513
74.925686163242,71.2987239326003,5.35138091445595
4.21778923505793,77.5110873683666,3.46076716921684
590.468616309782,219.792404660798,4.14198736529069
435.24891238603,455.320447811535,4.74665042264595
657.745292610634,370.553410405489,3.10869499473893
105.951614452197,487.3671420987,4.32203601990953
623.404046196161,93.6057574178911,4.01373406424346
422.934099231016,255.295419028355,3.6296006091421
11.7478265109388,181.271873830073,3.28431164019194
81.4375981238493,113.869263730589,4.51989012988527
611.546261783802,200.734264006212,4.68897194219766
256.419520022457,223.672645747216,3.71027439314478
576.247961090372,441.229683089504,3.99072825910058
299.439114154628,140.34130225866,3.74331196919094
526.89545936568,455.26887373411,3.42715119422787
44.7468517254662,416.71790922688,3.75065507836843
198.226249148142,298.515031564008,3.94088862190585
559.534520908394,268.388285844409,3.71495973584048
184.604996040837,37.2896141569143,4.58250850550113
506.976381365671,340.52446356733,4.47699885107849
29.9851150015795,53.581268990238,3.95473514680662
541.672831987528,142.391214313102,4.45470022069904
NA,NA,NA
659.786363589545,335.419413844877,3.69988518182116
456.792466112963,299.907772837087,3.51507022090086
9.56652894347784,497.387444425825,3.77216171777952
557.967380100712,56.5077073472226,4.29111507956829
70.1813613430873,378.258470792434,4.09316414888581
225.575370370444,417.012679956333,3.85036506867682
430.492546363905,16.1889498871799,3.19462449563459
363.37303697118,292.508939589683,2.89037504497917
599.63146781788,105.142996342161,4.31486729457228
392.847086810871,231.07425460423,4.18674002080755
572.259878896801,412.277326008033,4.77850436656651
140.048627570338,283.080741695903,4.56969981161369
196.593619562889,362.12284437752,4.13938691358555
123.072801934887,412.001875172711,3.27727925372508
630.22360099862,314.864892959856,4.37951086873994
1.32964045630194,151.246038216077,4.29022409879931
545.388190356267,205.73677641847,4.31232693727686
32.879838845753,490.229234446067,2.98781175288843
284.91623734989,22.858106173839,3.92491692271171
530.864092352215,391.449780158195,3.42091341413513
74.925686163242,71.2987239326003,5.35138091445595
4.21778923505793,77.5110873683666,3.46076716921684
590.468616309782,219.792404660798,4.14198736529069
435.24891238603,455.320447811535,4.74665042264595
657.745292610634,370.553410405489,3.10869499473893
105.951614452197,487.3671420987,4.32203601990953
623.404046196161,93.6057574178911,4.01373406424346
422.934099231016,255.295419028355,3.6296006091421
11.7478265109388,181.271873830073,3.28431164019194
81.4375981238493,113.869263730589,4.51989012988527
611.546261783802,200.734264006212,4.68897194219766
256.419520022457,223.672645747216,3.71027439314478
576.247961090372,441.229683089504,3.99072825910058
299.439114154628,140.34130225866,3.74331196919094
526.89545936568,455.26887373411,3.42715119422787
44.7468517254662,416.71790922688,3.75065507836843
198.226249148142,298.515031564008,3.94088862190585
559.534520908394,268.388285844409,3.71495973584048
184.604996040837,37.2896141569143,4.58250850550113
506.976381365671,340.52446356733,4.47699885107849
29.9851150015795,53.581268990238,3.95473514680662
541.672831987528,142.391214313102,4.45470022069904
NA,NA,NA
659.786363589545,335.419413844877,3.69988518182116
456.792466112963,299.907772837087,3.51507022090086
9.56652894347784,497.387444425825,3.77216171777952
557.967380100712,56.5077073472226,4.29111507956829
70.1813613430873,378.258470792434,4.09316414888581
225.575370370444,417.012679956333,3.85036506867682
430.492546363905,16.1889498871799,3.19462449563459
363.37303697118,292.508939589683,2.89037504497917
599.63146781788,105.142996342161,4.31486729457228
392.847086810871,231.07425460423,4.18674002080755
572.259878896801,412.277326008033,4.77850436656651
140.048627570338,283.080741695903,4.56969981161369
196.593619562889,362.12284437752,4.13938691358555
123.072801934887,412.001875172711,3.27727925372508
630.22360099862,314.864892959856,4.37951086873994
1.32964045630194,151.246038216077,4.29022409879931
545.388190356267,205.73677641847,4.31232693727686
32.879838845753,490.229234446067,2.98781175288843
284.91623734989,22.858106173839,3.92491692271171
530.864092352215,391.449780158195,3.42091341413513
74.925686163242,71.2987239326003,5.35138091445595
4.21778923505793,77.5110873683666,3.46076716921684
590.468616309782,219.792404660798,4.14198736529069
435.24891238603,455.320447811535,4.74665042264595
657.745292610634,370.553410405489,3.10869499473893
105.951614452197,487.3671420987,4.32203601990953
623.404046196161,93.6057574178911,4.01373406424346
422.934099231016,255.295419028355,3.6296006091421
11.7478265109388,181.271873830073,3.28431164019194
81.4375981238493,113.869263730589,4.51989012988527
611.546261783802,200.734264006212,4.68897194219766
256.419520022457,223.672645747216,3.71027439314478
576.247961090372,441.229683089504,3.99072825910058
299.439114154628,140.34130225866,3.74331196919094
526.89545936568,455.26887373411,3.42715119422787
44.7468517254662,416.71790922688,3.75065507836843
198.226249148142,298.515031564008,3.94088862190585
559.534520908394,268.388285844409,3.71495973584048
184.604996040837,37.2896141569143,4.58250850550113
506.976381365671,340.52446356733,4.47699885107849
29.9851150015795,53.581268990238,3.95473514680662
541.672831987528,142.391214313102,4.45470022069904
NA,NA,NA
659.786363589545,335.419413844877,3.69988518182116
456.792466112963,299.907772837087,3.51507022090086
9.56652894347784,497.387444425825,3.77216171777952
557.967380100712,56.5077073472226,4.29111507956829
70.1813613430873,378.258470792434,4.09316414888581
225.575370370444,417.012679956333,3.85036506867682
430.492546363905,16.1889498871799,3.19462449563459
363.37303697118,292.508939589683,2.89037504497917
599.63146781788,105.142996342161,4.31486729457228
392.847086810871,231.07425460423,4.18674002080755
572.259878896801,412.277326008033,4.77850436656651
140.048627570338,283.080741695903,4.56969981161369
196.593619562889,362.12284437752,4.13938691358555
123.072801934887,412.001875172711,3.27727925372508
630.22360099862,314.864892959856,4.37951086873994
1.32964045630194,151.246038216077,4.29022409879931
545.388190356267,205.73677641847,4.31232693727686
32.879838845753,490.229234446067,2.98781175288843
284.91623734989,22.858106173839,3.92491692271171
530.864092352215,391.449780158195,3.42091341413513
74.925686163242,71.2987239326003,5.35138091445595
4.21778923505793,77.5110873683666,3.46076716921684
590.468616309782,219.792404660798,4.14198736529069
435.24891238603,455.320447811535,4.74665042264595
657.745292610634,370.553410405489,3.10869499473893
105.951614452197,487.3671420987,4.32203601990953
623.404046196161,93.6057574178911,4.01373406424346
422.934099231016,255.295419028355,3.6296006091421
11.7478265109388,181.271873830073,3.28431164019194
81.4375981238493,113.869263730589,4.51989012988527
611.546261783802,200.734264006212,4.68897194219766
256.419520022457,223.672645747216,3.71027439314478
576.247961090372,441.229683089504,3.99072825910058
299.439114154628,140.34130225866,3.74331196919094
526.89545936568,455.26887373411,3.42715119422787
44.7468517254662,416.71790922688,3.75065507836843
198.226249148142,298.515031564008,3.94088862190585
559.534520908394,268.388285844409,3.71495973584048
184.604996040837,37.2896141569143,4.58250850550113
506.976381365671,340.52446356733,4.47699885107849
29.9851150015795,53.581268990238,3.95473514680662
541.672831987528,142.391214313102,4.45470022069904
NA,NA,NA
662.188504972846,334.126032962306,3.50876517969735
454.673889836671,298.075229131031,3.51703837399008
12.6613374119309,493.757848818541,3.93023927775669
562.154070086373,46.045601155191,4.23651341410567
70.0836436465504,376.048141163898,3.91351958736516
233.603615995755,416.142306198836,3.85188214519335
428.37274217149,11.4018935363737,3.36493695354791
362.946814168766,291.074931281478,2.8705299109794
605.393759563407,100.343243986978,4.08339789589597
392.409352289759,229.303911789098,4.19620370846934
566.269309942566,406.693146209953,4.68882709447719
147.152819384957,283.538652459905,4.59422890334002
204.441877936894,367.543938322678,4.00193489147736
127.144850238725,408.331194430402,3.42538701133712
624.284690243217,310.790394788183,4.56494224597389
6.80542298636835,145.118660232381,4.26350310100149
545.510701291358,199.681548148327,4.31101231178567
32.9012221814017,492.134544938384,3.08725997594779
279.051363543274,24.8925807861268,3.83586121988164
531.948176694015,396.950214083194,3.51996490346948
72.7140149463851,78.1802466184695,5.12782285239617
6.12764632656124,76.298948557892,3.52533199982064
584.633139443209,225.129783694953,4.0991096848119
439.804518385799,459.415812287498,4.70248892361677
659.569883243938,374.286908648078,3.01567193213652
102.676357831623,489.118025548201,4.35784632728091
621.168349454515,89.9698312994596,4.04663356488047
418.592994605469,266.410361606829,3.56975852643918
11.6131304282143,181.693981234391,3.1784770328123
68.1160652907712,121.676266750827,4.4062006243782
599.917643351915,215.936758570369,4.28304170993675
261.215016870483,216.190671474549,3.75737490694615
576.584265416985,442.718915720035,3.81457397887679
302.580491598368,135.696142256391,3.81218950390821
522.688823518667,455.493221304649,3.35336842612594
29.5127245236309,419.776323800063,3.9541571473547
195.60624499091,296.887788935683,3.97817644397384
551.168208544911,259.381421479491,3.59504250212556
172.370809365249,44.7623006291634,4.10156142240351
497.059888478535,346.448310029172,4.44906337417342
36.1991137094143,45.9697119988098,3.31242483429732
535.818178689031,138.574679623839,4.38728247931886
NA,NA,NA
662.188504972846,334.126032962306,3.50876517969735
454.673889836671,298.075229131031,3.51703837399008
12.6613374119309,493.757848818541,3.93023927775669
562.154070086373,46.045601155191,4.23651341410567
70.0836436465504,376.048141163898,3.91351958736516
233.603615995755,416.142306198836,3.85188214519335
428.37274217149,11.4018935363737,3.36493695354791
362.946814168766,291.074931281478,2.8705299109794
605.393759563407,100.343243986978,4.08339789589597
392.409352289759,229.303911789098,4.19620370846934
566.269309942566,406.693146209953,4.68882709447719
147.152819384957,283.538652459905,4.59422890334002
204.441877936894,367.543938322678,4.00193489147736
127.144850238725,408.331194430402,3.42538701133712
624.284690243217,310.790394788183,4.56494224597389
6.80542298636835,145.118660232381,4.26350310100149
545.510701291358,199.681548148327,4.31101231178567
32.9012221814017,492.134544938384,3.08725997594779
279.051363543274,24.8925807861268,3.83586121988164
531.948176694015,396.950214083194,3.51996490346948
72.7140149463851,78.1802466184695,5.12782285239617
6.12764632656124,76.298948557892,3.52533199982064
584.633139443209,225.129783694953,4.0991096848119
439.804518385799,459.415812287498,4.70248892361677
659.569883243938,374.286908648078,3.01567193213652
102.676357831623,489.118025548201,4.35784632728091
621.168349454515,89.9698312994596,4.04663356488047
418.592994605469,266.410361606829,3.56975852643918
11.6131304282143,181.693981234391,3.1784770328123
68.1160652907712,121.676266750827,4.4062006243782
599.917643351915,215.936758570369,4.28304170993675
261.215016870483,216.190671474549,3.75737490694615
576.584265416985,442.718915720035,3.81457397887679
302.580491598368,135.696142256391,3.81218950390821
522.688823518667,455.493221304649,3.35336842612594
29.5127245236309,419.776323800063,3.9541571473547
195.60624499091,296.887788935683,3.97817644397384
551.168208544911,259.381421479491,3.59504250212556
172.370809365249,44.7623006291634,4.10156142240351
497.059888478535,346.448310029172,4.44906337417342
36.1991137094143,45.9697119988098,3.31242483429732
535.818178689031,138.574679623839,4.38728247931886
NA,NA,NA
662.188504972846,334.126032962306,3.50876517969735
454.673889836671,298.075229131031,3.51703837399008
12.6613374119309,493.757848818541,3.93023927775669
562.154070086373,46.045601155191,4.23651341410567
70.0836436465504,376.048141163898,3.91351958736516
233.603615995755,416.142306198836,3.85188214519335
428.37274217149,11.4018935363737,3.36493695354791
362.946814168766,291.074931281478,2.8705299109794
605.393759563407,100.343243986978,4.08339789589597
392.409352289759,229.303911789098,4.19620370846934
566.269309942566,406.693146209953,4.68882709447719
147.152819384957,283.538652459905,4.59422890334002
204.441877936894,367.543938322678,4.00193489147736
127.144850238725,408.331194430402,3.42538701133712
624.284690243217,310.790394788183,4.56494224597389
6.80542298636835,145.118660232381,4.26350310100149
545.510701291358,199.681548148327,4.31101231178567
32.9012221814017,492.134544938384,3.08725997594779
279.051363543274,24.8925807861268,3.83586121988164
531.948176694015,396.950214083194,3.51996490346948
72.7140149463851,78.1802466184695,5.12782285239617
6.12764632656124,76.298948557892,3.52533199982064
584.633139443209,225.129783694953,4.0991096848119
439.804518385799,459.415812287498,4.70248892361677
659.569883243938,374.286908648078,3.01567193213652
102.676357831623,489.118025548201,4.35784632728091
621.168349454515,89.9698312994596,4.04663356488047
418.592994605469,266.410361606829,3.56975852643918
11.6131304282143,181.693981234391,3.1784770328123
68.1160652907712,121.676266750827,4.4062006243782
599.917643351915,215.936758570369,4.28304170993675
261.215016870483,216.190671474549,3.75737490694615
576.584265416985,442.718915720035,3.81457397887679
302.580491598368,135.696142256391,3.81218950390821
522.688823518667,455.493221304649,3.35336842612594
29.5127245236309,419.776323800063,3.9541571473547
195.60624499091,296.887788935683,3.97817644397384
551.168208544911,259.381421479491,3.59504250212556
172.370809365249,44.7623006291634,4.10156142240351
497.059888478535,346.448310029172,4.44906337417342
36.1991137094143,45.9697119988098,3.31242483429732
535.818178689031,138.574679623839,4.38728247931886
NA,NA,NA
662.188504972846,334.126032962306,3.50876517969735
454.673889836671,298.075229131031,3.51703837399008
12.6613374119309,493.757848818541,3.93023927775669
562.154070086373,46.045601155191,4.23651341410567
70.0836436465504,376.048141163898,3.91351958736516
233.603615995755,416.142306198836,3.85188214519335
428.37274217149,11.4018935363737,3.36493695354791
362.946814168766,291.074931281478,2.8705299109794
605.393759563407,100.343243986978,4.08339789589597
392.409352289759,229.303911789098,4.19620370846934
566.269309942566,406.693146209953,4.68882709447719
147.152819384957,283.538652459905,4.59422890334002
204.441877936894,367.543938322678,4.00193489147736
127.144850238725,408.331194430402,3.42538701133712
624.284690243217,310.790394788183,4.56494224597389
6.80542298636835,145.118660232381,4.26350310100149
545.510701291358,199.681548148327,4.31101231178567
32.9012221814017,492.134544938384,3.08725997594779
279.051363543274,24.8925807861268,3.83586121988164
531.948176694015,396.950214083194,3.51996490346948
72.7140149463851,78.1802466184695,5.12782285239617
6.12764632656124,76.298948557892,3.52533199982064
584.633139443209,225.129783694953,4.0991096848119
439.804518385799,459.415812287498,4.70248892361677
659.569883243938,374.286908648078,3.01567193213652
102.676357831623,489.118025548201,4.35784632728091
621.168349454515,89.9698312994596,4.04663356488047
418.592994605469,266.410361606829,3.56975852643918
11.6131304282143,181.693981234391,3.1784770328123
68.1160652907712,121.676266750827,4.4062006243782
599.917643351915,215.936758570369,4.28304170993675
261.215016870483,216.190671474549,3.75737490694615
576.584265416985,442.718915720035,3.81457397887679
302.580491598368,135.696142256391,3.81218950390821
522.688823518667,455.493221304649,3.35336842612594
29.5127245236309,419.776323800063,3.9541571473547
195.60624499091,296.887788935683,3.97817644397384
551.168208544911,259.381421479491,3.59504250212556
172.370809365249,44.7623006291634,4.10156142240351
497.059888478535,346.448310029172,4.44906337417342
36.1991137094143,45.9697119988098,3.31242483429732
535.818178689031,138.574679623839,4.38728247931886
NA,NA,NA
662.188504972846,334.126032962306,3.50876517969735
454.673889836671,298.075229131031,3.51703837399008
12.6613374119309,493.757848818541,3.93023927775669
562.154070086373,46.045601155191,4.23651341410567
70.0836436465504,376.048141163898,3.91351958736516
233.603615995755,416.142306198836,3.85188214519335
428.37274217149,11.4018935363737,3.36493695354791
362.946814168766,291.074931281478,2.8705299109794
605.393759563407,100.343243986978,4.08339789589597
392.409352289759,229.303911789098,4.19620370846934
566.269309942566,406.693146209953,4.68882709447719
147.152819384957,283.538652459905,4.59422890334002
204.441877936894,367.543938322678,4.00193489147736
127.144850238725,408.331194430402,3.42538701133712
624.284690243217,310.790394788183,4.56494224597389
6.80542298636835,145.118660232381,4.26350310100149
545.510701291358,199.681548148327,4.31101231178567
32.9012221814017,492.134544938384,3.08725997594779
279.051363543274,24.8925807861268,3.83586121988164
531.948176694015,396.950214083194,3.51996490346948
72.7140149463851,78.1802466184695,5.12782285239617
6.12764632656124,76.298948557892,3.52533199982064
584.633139443209,225.129783694953,4.0991096848119
439.804518385799,459.415812287498,4.70248892361677
659.569883243938,374.286908648078,3.01567193213652
102.676357831623,489.118025548201,4.35784632728091
621.168349454515,89.9698312994596,4.04663356488047
418.592994605469,266.410361606829,3.56975852643918
11.6131304282143,181.693981234391,3.1784770328123
68.1160652907712,121.676266750827,4.4062006243782
599.917643351915,215.936758570369,4.28304170993675
261.215016870483,216.190671474549,3.75737490694615
576.584265416985,442.718915720035,3.81457397887679
302.580491598368,135.696142256391,3.81218950390821
522.688823518667,455.493221304649,3.35336842612594
29.5127245236309,419.776323800063,3.9541571473547
195.60624499091,296.887788935683,3.97817644397384
551.168208544911,259.381421479491,3.59504250212556
172.370809365249,44.7623006291634,4.10156142240351
497.059888478535,346.448310029172,4.44906337417342
36.1991137094143,45.9697119988098,3.31242483429732
535.818178689031,138.574679623839,4.38728247931886
NA,NA,NA
662.188504972846,334.126032962306,3.50876517969735
454.673889836671,298.075229131031,3.51703837399008
12.6613374119309,493.757848818541,3.93023927775669
562.154070086373,46.045601155191,4.23651341410567
70.0836436465504,376.048141163898,3.91351958736516
233.603615995755,416.142306198836,3.85188214519335
428.37274217149,11.4018935363737,3.36493695354791
362.946814168766,291.074931281478,2.8705299109794
605.393759563407,100.343243986978,4.08339789589597
392.409352289759,229.303911789098,4.19620370846934
566.269309942566,406.693146209953,4.68882709447719
147.152819384957,283.538652459905,4.59422890334002
204.441877936894,367.543938322678,4.00193489147736
127.144850238725,408.331194430402,3.42538701133712
624.284690243217,310.790394788183,4.56494224597389
6.80542298636835,145.118660232381,4.26350310100149
545.510701291358,199.681548148327,4.31101231178567
32.9012221814017,492.134544938384,3.08725997594779
279.051363543274,24.8925807861268,3.83586121988164
531.948176694015,396.950214083194,3.51996490346948
72.7140149463851,78.1802466184695,5.12782285239617
6.12764632656124,76.298948557892,3.52533199982064
584.633139443209,225.129783694953,4.0991096848119
439.804518385799,459.415812287498,4.70248892361677
659.569883243938,374.286908648078,3.01567193213652
102.676357831623,489.118025548201,4.35784632728091
621.168349454515,89.9698312994596,4.04663356488047
418.592994605469,266.410361606829,3.56975852643918
11.6131304282143,181.693981234391,3.1784770328123
68.1160652907712,121.676266750827,4.4062006243782
599.917643351915,215.936758570369,4.28304170993675
261.215016870483,216.190671474549,3.75737490694615
576.584265416985,442.718915720035,3.81457397887679
302.580491598368,135.696142256391,3.81218950390821
522.688823518667,455.493221304649,3.35336842612594
29.5127245236309,419.776323800063,3.9541571473547
195.60624499091,296.887788935683,3.97817644397384
551.168208544911,259.381421479491,3.59504250212556
172.370809365249,44.7623006291634,4.10156142240351
497.059888478535,346.448310029172,4.44906337417342
36.1991137094143,45.9697119988098,3.31242483429732
535.818178689031,138.574679623839,4.38728247931886
NA,NA,NA
662.966277543997,336.98120578706,3.56605029825065
458.511481050437,297.162931079699,3.61498575870989
10.3724759946871,491.521307536124,3.73783425571293
561.085932389158,47.6061614988828,4.09964115554962
70.0758214762021,381.364464050161,3.96676582965696
225.796010727022,413.259999502209,3.93343512035458
425.88054389548,10.7865426640588,3.22161422344908
362.371865821256,295.35873389589,3.06841604450941
601.115938319574,102.950669492505,4.26080922856587
391.209657443045,227.549419488473,4.11467108056677
572.315796247715,407.066328699045,4.66364381469508
139.547262026377,280.078973839471,4.55301951628866
193.132490263398,369.506257547305,4.10456051650249
123.738524013579,409.787180796803,3.38069735981484
625.620611426196,310.330313481282,4.39498398484871
1.97536263029655,150.647290539675,4.25337878955914
536.996429751668,199.475239342621,4.39031562614473
33.579210870807,490.182470149234,3.05721267711999
279.185504995047,24.0591292971859,3.96666453102286
529.977998244066,393.687224851802,3.44718689468588
73.1367489604678,69.8562293240814,5.26576554157744
6.81375536078215,72.7906680449174,3.5637632386263
589.319604261475,224.456711625104,4.11531126264634
439.726770110331,461.91874882198,4.86407701044314
659.860572891391,374.073206059983,3.19505135859773
106.831261948587,491.714530362754,4.38667829428553
624.629039604258,90.7214993415362,4.08351703132052
420.571746755163,258.77918464176,3.5975462484651
10.9249096841428,184.704800514406,3.08284988024666
71.8715253048215,129.491115459286,4.20509532965393
620.248647387848,203.727555870492,4.41892570772503
252.525305647784,216.517346339311,3.37395430630594
571.72003218905,438.552951449978,4.03332774486057
302.943626539597,139.028390260687,3.88334655534659
524.924516046731,454.554202180799,3.67531813614847
49.2866944261447,420.521725464311,3.79574306509033
200.054977216822,299.695352077337,4.12486633153639
544.76301054157,266.537027392288,3.8090959805474
165.337468683674,18.9848533478088,4.08297608192207
497.321515761527,351.107599292468,4.72369582503751
39.0471259840123,52.74942339795,3.33701263902588
539.636272433751,154.432604597996,4.68823886195632
NA,NA,NA
662.966277543997,336.98120578706,3.56605029825065
458.511481050437,297.162931079699,3.61498575870989
10.3724759946871,491.521307536124,3.73783425571293
561.085932389158,47.6061614988828,4.09964115554962
70.0758214762021,381.364464050161,3.96676582965696
225.796010727022,413.259999502209,3.93343512035458
425.88054389548,10.7865426640588,3.22161422344908
362.371865821256,295.35873389589,3.06841604450941
601.115938319574,102.950669492505,4.26080922856587
391.209657443045,227.549419488473,4.11467108056677
572.315796247715,407.066328699045,4.66364381469508
139.547262026377,280.078973839471,4.55301951628866
193.132490263398,369.506257547305,4.10456051650249
123.738524013579,409.787180796803,3.38069735981484
625.620611426196,310.330313481282,4.39498398484871
1.97536263029655,150.647290539675,4.25337878955914
536.996429751668,199.475239342621,4.39031562614473
33.579210870807,490.182470149234,3.05721267711999
279.185504995047,24.0591292971859,3.96666453102286
529.977998244066,393.687224851802,3.44718689468588
73.1367489604678,69.8562293240814,5.26576554157744
6.81375536078215,72.7906680449174,3.5637632386263
589.319604261475,224.456711625104,4.11531126264634
439.726770110331,461.91874882198,4.86407701044314
659.860572891391,374.073206059983,3.19505135859773
106.831261948587,491.714530362754,4.38667829428553
624.629039604258,90.7214993415362,4.08351703132052
420.571746755163,258.77918464176,3.5975462484651
10.9249096841428,184.704800514406,3.08284988024666
71.8715253048215,129.491115459286,4.20509532965393
620.248647387848,203.727555870492,4.41892570772503
252.525305647784,216.517346339311,3.37395430630594
571.72003218905,438.552951449978,4.03332774486057
302.943626539597,139.028390260687,3.88334655534659
524.924516046731,454.554202180799,3.67531813614847
49.2866944261447,420.521725464311,3.79574306509033
200.054977216822,299.695352077337,4.12486633153639
544.76301054157,266.537027392288,3.8090959805474
165.337468683674,18.9848533478088,4.08297608192207
497.321515761527,351.107599292468,4.72369582503751
39.0471259840123,52.74942339795,3.33701263902588
539.636272433751,154.432604597996,4.68823886195632
NA,NA,NA
662.966277543997,336.98120578706,3.56605029825065
458.511481050437,297.162931079699,3.61498575870989
10.3724759946871,491.521307536124,3.73783425571293
561.085932389158,47.6061614988828,4.09964115554962
70.0758214762021,381.364464050161,3.96676582965696
225.796010727022,413.259999502209,3.93343512035458
425.88054389548,10.7865426640588,3.22161422344908
362.371865821256,295.35873389589,3.06841604450941
601.115938319574,102.950669492505,4.26080922856587
391.209657443045,227.549419488473,4.11467108056677
572.315796247715,407.066328699045,4.66364381469508
139.547262026377,280.078973839471,4.55301951628866
193.132490263398,369.506257547305,4.10456051650249
123.738524013579,409.787180796803,3.38069735981484
625.620611426196,310.330313481282,4.39498398484871
1.97536263029655,150.647290539675,4.25337878955914
536.996429751668,199.475239342621,4.39031562614473
33.579210870807,490.182470149234,3.05721267711999
279.185504995047,24.0591292971859,3.96666453102286
529.977998244066,393.687224851802,3.44718689468588
73.1367489604678,69.8562293240814,5.26576554157744
6.81375536078215,72.7906680449174,3.5637632386263
589.319604261475,224.456711625104,4.11531126264634
439.726770110331,461.91874882198,4.86407701044314
659.860572891391,374.073206059983,3.19505135859773
106.831261948587,491.714530362754,4.38667829428553
624.629039604258,90.7214993415362,4.08351703132052
420.571746755163,258.77918464176,3.5975462484651
10.9249096841428,184.704800514406,3.08284988024666
71.8715253048215,129.491115459286,4.20509532965393
620.248647387848,203.727555870492,4.41892570772503
252.525305647784,216.517346339311,3.37395430630594
571.72003218905,438.552951449978,4.03332774486057
302.943626539597,139.028390260687,3.88334655534659
524.924516046731,454.554202180799,3.67531813614847
49.2866944261447,420.521725464311,3.79574306509033
200.054977216822,299.695352077337,4.12486633153639
544.76301054157,266.537027392288,3.8090959805474
165.337468683674,18.9848533478088,4.08297608192207
497.321515761527,351.107599292468,4.72369582503751
39.0471259840123,52.74942339795,3.33701263902588
539.636272433751,154.432604597996,4.68823886195632
NA,NA,NA
662.966277543997,336.98120578706,3.56605029825065
458.511481050437,297.162931079699,3.61498575870989
10.3724759946871,491.521307536124,3.73783425571293
561.085932389158,47.6061614988828,4.09964115554962
70.0758214762021,381.364464050161,3.96676582965696
225.796010727022,413.259999502209,3.93343512035458
425.88054389548,10.7865426640588,3.22161422344908
362.371865821256,295.35873389589,3.06841604450941
601.115938319574,102.950669492505,4.26080922856587
391.209657443045,227.549419488473,4.11467108056677
572.315796247715,407.066328699045,4.66364381469508
139.547262026377,280.078973839471,4.55301951628866
193.132490263398,369.506257547305,4.10456051650249
123.738524013579,409.787180796803,3.38069735981484
625.620611426196,310.330313481282,4.39498398484871
1.97536263029655,150.647290539675,4.25337878955914
536.996429751668,199.475239342621,4.39031562614473
33.579210870807,490.182470149234,3.05721267711999
279.185504995047,24.0591292971859,3.96666453102286
529.977998244066,393.687224851802,3.44718689468588
73.1367489604678,69.8562293240814,5.26576554157744
6.81375536078215,72.7906680449174,3.5637632386263
589.319604261475,224.456711625104,4.11531126264634
439.726770110331,461.91874882198,4.86407701044314
659.860572891391,374.073206059983,3.19505135859773
106.831261948587,491.714530362754,4.38667829428553
624.629039604258,90.7214993415362,4.08351703132052
420.571746755163,258.77918464176,3.5975462484651
10.9249096841428,184.704800514406,3.08284988024666
71.8715253048215,129.491115459286,4.20509532965393
620.248647387848,203.727555870492,4.41892570772503
252.525305647784,216.517346339311,3.37395430630594
571.72003218905,438.552951449978,4.03332774486057
302.943626539597,139.028390260687,3.88334655534659
524.924516046731,454.554202180799,3.67531813614847
49.2866944261447,420.521725464311,3.79574306509033
200.054977216822,299.695352077337,4.12486633153639
544.76301054157,266.537027392288,3.8090959805474
165.337468683674,18.9848533478088,4.08297608192207
497.321515761527,351.107599292468,4.72369582503751
39.0471259840123,52.74942339795,3.33701263902588
539.636272433751,154.432604597996,4.68823886195632
NA,NA,NA
662.966277543997,336.98120578706,3.56605029825065
458.511481050437,297.162931079699,3.61498575870989
10.3724759946871,491.521307536124,3.73783425571293
561.085932389158,47.6061614988828,4.09964115554962
70.0758214762021,381.364464050161,3.96676582965696
225.796010727022,413.259999502209,3.93343512035458
425.88054389548,10.7865426640588,3.22161422344908
362.371865821256,295.35873389589,3.06841604450941
601.115938319574,102.950669492505,4.26080922856587
391.209657443045,227.549419488473,4.11467108056677
572.315796247715,407.066328699045,4.66364381469508
139.547262026377,280.078973839471,4.55301951628866
193.132490263398,369.506257547305,4.10456051650249
123.738524013579,409.787180796803,3.38069735981484
625.620611426196,310.330313481282,4.39498398484871
1.97536263029655,150.647290539675,4.25337878955914
536.996429751668,199.475239342621,4.39031562614473
33.579210870807,490.182470149234,3.05721267711999
279.185504995047,24.0591292971859,3.96666453102286
529.977998244066,393.687224851802,3.44718689468588
73.1367489604678,69.8562293240814,5.26576554157744
6.81375536078215,72.7906680449174,3.5637632386263
589.319604261475,224.456711625104,4.11531126264634
439.726770110331,461.91874882198,4.86407701044314
659.860572891391,374.073206059983,3.19505135859773
106.831261948587,491.714530362754,4.38667829428553
624.629039604258,90.7214993415362,4.08351703132052
420.571746755163,258.77918464176,3.5975462484651
10.9249096841428,184.704800514406,3.08284988024666
71.8715253048215,129.491115459286,4.20509532965393
620.248647387848,203.727555870492,4.41892570772503
252.525305647784,216.517346339311,3.37395430630594
571.72003218905,438.552951449978,4.03332774486057
302.943626539597,139.028390260687,3.88334655534659
524.924516046731,454.554202180799,3.67531813614847
49.2866944261447,420.521725464311,3.79574306509033
200.054977216822,299.695352077337,4.12486633153639
544.76301054157,266.537027392288,3.8090959805474
165.337468683674,18.9848533478088,4.08297608192207
497.321515761527,351.107599292468,4.72369582503751
39.0471259840123,52.74942339795,3.33701263902588
539.636272433751,154.432604597996,4.68823886195632
NA,NA,NA
662.966277543997,336.98120578706,3.56605029825065
458.511481050437,297.162931079699,3.61498575870989
10.3724759946871,491.521307536124,3.73783425571293
561.085932389158,47.6061614988828,4.09964115554962
70.0758214762021,381.364464050161,3.96676582965696
225.796010727022,413.259999502209,3.93343512035458
425.88054389548,10.7865426640588,3.22161422344908
362.371865821256,295.35873389589,3.06841604450941
601.115938319574,102.950669492505,4.26080922856587
391.209657443045,227.549419488473,4.11467108056677
572.315796247715,407.066328699045,4.66364381469508
139.547262026377,280.078973839471,4.55301951628866
193.132490263398,369.506257547305,4.10456051650249
123.738524013579,409.787180796803,3.38069735981484
625.620611426196,310.330313481282,4.39498398484871
1.97536263029655,150.647290539675,4.25337878955914
536.996429751668,199.475239342621,4.39031562614473
33.579210870807,490.182470149234,3.05721267711999
279.185504995047,24.0591292971859,3.96666453102286
529.977998244066,393.687224851802,3.44718689468588
73.1367489604678,69.8562293240814,5.26576554157744
6.81375536078215,72.7906680449174,3.5637632386263
589.319604261475,224.456711625104,4.11531126264634
439.726770110331,461.91874882198,4.86407701044314
659.860572891391,374.073206059983,3.19505135859773
106.831261948587,491.714530362754,4.38667829428553
624.629039604258,90.7214993415362,4.08351703132052
420.571746755163,258.77918464176,3.5975462484651
10.9249096841428,184.704800514406,3.08284988024666
71.8715253048215,129.491115459286,4.20509532965393
620.248647387848,203.727555870492,4.41892570772503
252.525305647784,216.517346339311,3.37395430630594
571.72003218905,438.552951449978,4.03332774486057
302.943626539597,139.028390260687,3.88334655534659
524.924516046731,454.554202180799,3.67531813614847
49.2866944261447,420.521725464311,3.79574306509033
200.054977216822,299.695352077337,4.12486633153639
544.76301054157,266.537027392288,3.8090959805474
165.337468683674,18.9848533478088,4.08297608192207
497.321515761527,351.107599292468,4.72369582503751
39.0471259840123,52.74942339795,3.33701263902588
539.636272433751,154.432604597996,4.68823886195632
NA,NA,NA
662.253902693027,333.445555033893,3.54440466179339
453.847880106635,295.8469435901,3.5733597327571
12.7480271344726,494.004392297631,3.81814266424735
561.126585538622,51.8690629446675,4.19238696440664
68.850370074781,376.066786786504,3.97042385596214
229.482920786633,409.799468409535,3.90994667675201
425.35580165198,13.3506632336253,3.25299393768903
362.80391297552,294.179780259022,3.05192283230316
599.845638276025,108.754471639863,4.2753663239892
397.494653760404,232.28725927146,4.19809259115628
569.630435811695,407.399879774367,4.75989789306269
144.203162253876,279.792760249132,4.60068357102726
197.885477280862,372.277373173363,3.99688098336715
127.710848691398,413.948615769471,3.41546153036409
630.031730581692,314.679199531049,4.55869966326474
1.86531253981772,144.641963797841,4.21972611878924
542.537937572675,204.653346490232,3.98002386487589
34.7487293091129,492.953121411817,3.0240539780594
278.916611809544,18.2833846537996,3.96949347317943
534.567076255793,392.163620599925,3.39035113130038
75.953914241379,81.2726574818747,5.23100570040926
5.48800595728698,76.3541188652575,3.50330218242246
586.711734165525,224.726469015038,3.98844799167499
430.944982872935,469.516384860661,4.73677838053691
658.882303478438,373.384833509408,3.2257095437304
103.038119133983,489.324937043141,4.35000372521606
622.957203091032,90.1200934972072,4.14167422810954
420.28234705501,257.395113949874,3.66473849470621
11.3031014444455,184.491103408433,3.1324576128438
69.5281232230423,118.668968536744,4.71845332297266
607.951392070838,200.152833749087,4.27165510145363
254.633363644845,220.030832872566,3.78369341202209
571.824409181967,435.97271756572,3.83682640338821
305.623919122648,139.195918326103,3.84112112373431
527.937373560692,454.173619556383,3.70687591942707
46.9117914632702,423.080269033649,4.01052181873869
192.639153775231,287.924591244866,4.18674406943125
543.911374028713,260.372287241931,3.70724507360927
169.341445287803,29.8059278723496,4.23499492214553
493.989729194015,349.469249282391,4.43834718298331
28.4574903033894,48.9226818372489,3.9175222179554
520.841390760873,137.497548205445,4.98072910491491
NA,NA,NA
662.253902693027,333.445555033893,3.54440466179339
453.847880106635,295.8469435901,3.5733597327571
12.7480271344726,494.004392297631,3.81814266424735
561.126585538622,51.8690629446675,4.19238696440664
68.850370074781,376.066786786504,3.97042385596214
229.482920786633,409.799468409535,3.90994667675201
425.35580165198,13.3506632336253,3.25299393768903
362.80391297552,294.179780259022,3.05192283230316
599.845638276025,108.754471639863,4.2753663239892
397.494653760404,232.28725927146,4.19809259115628
569.630435811695,407.399879774367,4.75989789306269
144.203162253876,279.792760249132,4.60068357102726
197.885477280862,372.277373173363,3.99688098336715
127.710848691398,413.948615769471,3.41546153036409
630.031730581692,314.679199531049,4.55869966326474
1.86531253981772,144.641963797841,4.21972611878924
542.537937572675,204.653346490232,3.98002386487589
34.7487293091129,492.953121411817,3.0240539780594
278.916611809544,18.2833846537996,3.96949347317943
534.567076255793,392.163620599925,3.39035113130038
75.953914241379,81.2726574818747,5.23100570040926
5.48800595728698,76.3541188652575,3.50330218242246
586.711734165525,224.726469015038,3.98844799167499
430.944982872935,469.516384860661,4.73677838053691
658.882303478438,373.384833509408,3.2257095437304
103.038119133983,489.324937043141,4.35000372521606
622.957203091032,90.1200934972072,4.14167422810954
420.28234705501,257.395113949874,3.66473849470621
11.3031014444455,184.491103408433,3.1324576128438
69.5281232230423,118.668968536744,4.71845332297266
607.951392070838,200.152833749087,4.27165510145363
254.633363644845,220.030832872566,3.78369341202209
571.824409181967,435.97271756572,3.83682640338821
305.623919122648,139.195918326103,3.84112112373431
527.937373560692,454.173619556383,3.70687591942707
46.9117914632702,423.080269033649,4.01052181873869
192.639153775231,287.924591244866,4.18674406943125
543.911374028713,260.372287241931,3.70724507360927
169.341445287803,29.8059278723496,4.23499492214553
493.989729194015,349.469249282391,4.43834718298331
28.4574903033894,48.9226818372489,3.9175222179554
520.841390760873,137.497548205445,4.98072910491491
NA,NA,NA
662.253902693027,333.445555033893,3.54440466179339
453.847880106635,295.8469435901,3.5733597327571
12.7480271344726,494.004392297631,3.81814266424735
561.126585538622,51.8690629446675,4.19238696440664
68.850370074781,376.066786786504,3.97042385596214
229.482920786633,409.799468409535,3.90994667675201
425.35580165198,13.3506632336253,3.25299393768903
362.80391297552,294.179780259022,3.05192283230316
599.845638276025,108.754471639863,4.2753663239892
397.494653760404,232.28725927146,4.19809259115628
569.630435811695,407.399879774367,4.75989789306269
144.203162253876,279.792760249132,4.60068357102726
197.885477280862,372.277373173363,3.99688098336715
127.710848691398,413.948615769471,3.41546153036409
630.031730581692,314.679199531049,4.55869966326474
1.86531253981772,144.641963797841,4.21972611878924
542.537937572675,204.653346490232,3.98002386487589
34.7487293091129,492.953121411817,3.0240539780594
278.916611809544,18.2833846537996,3.96949347317943
534.567076255793,392.163620599925,3.39035113130038
75.953914241379,81.2726574818747,5.23100570040926
5.48800595728698,76.3541188652575,3.50330218242246
586.711734165525,224.726469015038,3.98844799167499
430.944982872935,469.516384860661,4.73677838053691
658.882303478438,373.384833509408,3.2257095437304
103.038119133983,489.324937043141,4.35000372521606
622.957203091032,90.1200934972072,4.14167422810954
420.28234705501,257.395113949874,3.66473849470621
11.3031014444455,184.491103408433,3.1324576128438
69.5281232230423,118.668968536744,4.71845332297266
607.951392070838,200.152833749087,4.27165510145363
254.633363644845,220.030832872566,3.78369341202209
571.824409181967,435.97271756572,3.83682640338821
305.623919122648,139.195918326103,3.84112112373431
527.937373560692,454.173619556383,3.70687591942707
46.9117914632702,423.080269033649,4.01052181873869
192.639153775231,287.924591244866,4.18674406943125
543.911374028713,260.372287241931,3.70724507360927
169.341445287803,29.8059278723496,4.23499492214553
493.989729194015,349.469249282391,4.43834718298331
28.4574903033894,48.9226818372489,3.9175222179554
520.841390760873,137.497548205445,4.98072910491491
NA,NA,NA
662.253902693027,333.445555033893,3.54440466179339
453.847880106635,295.8469435901,3.5733597327571
12.7480271344726,494.004392297631,3.81814266424735
561.126585538622,51.8690629446675,4.19238696440664
68.850370074781,376.066786786504,3.97042385596214
229.482920786633,409.799468409535,3.90994667675201
425.35580165198,13.3506632336253,3.25299393768903
362.80391297552,294.179780259022,3.05192283230316
599.845638276025,108.754471639863,4.2753663239892
397.494653760404,232.28725927146,4.19809259115628
569.630435811695,407.399879774367,4.75989789306269
144.203162253876,279.792760249132,4.60068357102726
197.885477280862,372.277373173363,3.99688098336715
127.710848691398,413.948615769471,3.41546153036409
630.031730581692,314.679199531049,4.55869966326474
1.86531253981772,144.641963797841,4.21972611878924
542.537937572675,204.653346490232,3.98002386487589
34.7487293091129,492.953121411817,3.0240539780594
278.916611809544,18.2833846537996,3.96949347317943
534.567076255793,392.163620599925,3.39035113130038
75.953914241379,81.2726574818747,5.23100570040926
5.48800595728698,76.3541188652575,3.50330218242246
586.711734165525,224.726469015038,3.98844799167499
430.944982872935,469.516384860661,4.73677838053691
658.882303478438,373.384833509408,3.2257095437304
103.038119133983,489.324937043141,4.35000372521606
622.957203091032,90.1200934972072,4.14167422810954
420.28234705501,257.395113949874,3.66473849470621
11.3031014444455,184.491103408433,3.1324576128438
69.5281232230423,118.668968536744,4.71845332297266
607.951392070838,200.152833749087,4.27165510145363
254.633363644845,220.030832872566,3.78369341202209
571.824409181967,435.97271756572,3.83682640338821
305.623919122648,139.195918326103,3.84112112373431
527.937373560692,454.173619556383,3.70687591942707
46.9117914632702,423.080269033649,4.01052181873869
192.639153775231,287.924591244866,4.18674406943125
543.911374028713,260.372287241931,3.70724507360927
169.341445287803,29.8059278723496,4.23499492214553
493.989729194015,349.469249282391,4.43834718298331
28.4574903033894,48.9226818372489,3.9175222179554
520.841390760873,137.497548205445,4.98072910491491
NA,NA,NA
662.253902693027,333.445555033893,3.54440466179339
453.847880106635,295.8469435901,3.5733597327571
12.7480271344726,494.004392297631,3.81814266424735
561.126585538622,51.8690629446675,4.19238696440664
68.850370074781,376.066786786504,3.97042385596214
229.482920786633,409.799468409535,3.90994667675201
425.35580165198,13.3506632336253,3.25299393768903
362.80391297552,294.179780259022,3.05192283230316
599.845638276025,108.754471639863,4.2753663239892
397.494653760404,232.28725927146,4.19809259115628
569.630435811695,407.399879774367,4.75989789306269
144.203162253876,279.792760249132,4.60068357102726
197.885477280862,372.277373173363,3.99688098336715
127.710848691398,413.948615769471,3.41546153036409
630.031730581692,314.679199531049,4.55869966326474
1.86531253981772,144.641963797841,4.21972611878924
542.537937572675,204.653346490232,3.98002386487589
34.7487293091129,492.953121411817,3.0240539780594
278.916611809544,18.2833846537996,3.96949347317943
534.567076255793,392.163620599925,3.39035113130038
75.953914241379,81.2726574818747,5.23100570040926
5.48800595728698,76.3541188652575,3.50330218242246
586.711734165525,224.726469015038,3.98844799167499
430.944982872935,469.516384860661,4.73677838053691
658.882303478438,373.384833509408,3.2257095437304
103.038119133983,489.324937043141,4.35000372521606
622.957203091032,90.1200934972072,4.14167422810954
420.28234705501,257.395113949874,3.66473849470621
11.3031014444455,184.491103408433,3.1324576128438
69.5281232230423,118.668968536744,4.71845332297266
607.951392070838,200.152833749087,4.27165510145363
254.633363644845,220.030832872566,3.78369341202209
571.824409181967,435.97271756572,3.83682640338821
305.623919122648,139.195918326103,3.84112112373431
527.937373560692,454.173619556383,3.70687591942707
46.9117914632702,423.080269033649,4.01052181873869
192.639153775231,287.924591244866,4.18674406943125
543.911374028713,260.372287241931,3.70724507360927
169.341445287803,29.8059278723496,4.23499492214553
493.989729194015,349.469249282391,4.43834718298331
28.4574903033894,48.9226818372489,3.9175222179554
520.841390760873,137.497548205445,4.98072910491491
NA,NA,NA
662.253902693027,333.445555033893,3.54440466179339
453.847880106635,295.8469435901,3.5733597327571
12.7480271344726,494.004392297631,3.81814266424735
561.126585538622,51.8690629446675,4.19238696440664
68.850370074781,376.066786786504,3.97042385596214
229.482920786633,409.799468409535,3.90994667675201
425.35580165198,13.3506632336253,3.25299393768903
362.80391297552,294.179780259022,3.05192283230316
599.845638276025,108.754471639863,4.2753663239892
397.494653760404,232.28725927146,4.19809259115628
569.630435811695,407.399879774367,4.75989789306269
144.203162253876,279.792760249132,4.60068357102726
197.885477280862,372.277373173363,3.99688098336715
127.710848691398,413.948615769471,3.41546153036409
630.031730581692,314.679199531049,4.55869966326474
1.86531253981772,144.641963797841,4.21972611878924
542.537937572675,204.653346490232,3.98002386487589
34.7487293091129,492.953121411817,3.0240539780594
278.916611809544,18.2833846537996,3.96949347317943
534.567076255793,392.163620599925,3.39035113130038
75.953914241379,81.2726574818747,5.23100570040926
5.48800595728698,76.3541188652575,3.50330218242246
586.711734165525,224.726469015038,3.98844799167499
430.944982872935,469.516384860661,4.73677838053691
658.882303478438,373.384833509408,3.2257095437304
103.038119133983,489.324937043141,4.35000372521606
622.957203091032,90.1200934972072,4.14167422810954
420.28234705501,257.395113949874,3.66473849470621
11.3031014444455,184.491103408433,3.1324576128438
69.5281232230423,118.668968536744,4.71845332297266
607.951392070838,200.152833749087,4.27165510145363
254.633363644845,220.030832872566,3.78369341202209
571.824409181967,435.97271756572,3.83682640338821
305.623919122648,139.195918326103,3.84112112373431
527.937373560692,454.173619556383,3.70687591942707
46.9117914632702,423.080269033649,4.01052181873869
192.639153775231,287.924591244866,4.18674406943125
543.911374028713,260.372287241931,3.70724507360927
169.341445287803,29.8059278723496,4.23499492214553
493.989729194015,349.469249282391,4.43834718298331
28.4574903033894,48.9226818372489,3.9175222179554
520.841390760873,137.497548205445,4.98072910491491
NA,NA,NA
659.998291623815,333.7895643848,3.47726023783771
455.824780788544,299.103779365471,3.71673179797961
11.7144225230187,492.538374461525,3.75667654651594
561.11827334032,55.5405173673973,4.14761496254005
69.9736552379774,372.827334798896,4.10237168946565
227.038034905575,413.115681180035,3.80966088070118
426.339415644296,13.7200035237793,3.34961561758571
362.546863654768,291.959462578416,3.13515261943459
602.325207197026,101.445598516197,4.10664968976475
395.339741712513,229.901860045842,4.03644425171102
569.854194284509,407.337253751745,4.67044719068785
142.064211069962,276.395503965771,4.72120241101202
191.435624076448,367.385174100753,4.06325532452853
126.061902466505,410.710581651332,3.37692589047383
627.67567312451,314.206063886746,4.48195597720711
1.51365165394744,146.073455729954,4.22671859117781
541.860066052542,207.205524841954,4.24619663687469
35.286062722975,493.330775982283,2.8769578419686
281.39657479628,23.4142297020203,3.80164615826973
532.84126076949,389.581433139606,3.29632963306604
72.3951697074439,74.1245419876942,5.1873203581144
5.25830374209726,79.2748627209536,3.59845869256711
589.168936352241,226.453715217107,4.01676258214361
445.147797216364,459.744852068761,4.7840540625719
658.921953532521,372.570960195872,3.15980470103549
103.78339162919,485.255052529333,4.40025631511292
623.484057193203,91.0759281309679,4.14496313769384
419.73877890828,259.23852431217,3.61667758653503
9.75256752830992,180.870660345109,3.04773391241491
63.0534771083457,118.047042785758,4.52297143211169
613.371549556503,202.530847529443,4.41967826677765
258.020603541992,213.491436505563,3.61312948407722
573.586452569945,436.43770634917,3.82367935777332
304.600808133798,137.299169138873,3.89247486632655
526.831950099398,457.490138055314,3.3993890021421
44.2991637625543,408.647289058949,3.90710719436657
198.866415460898,294.075991800477,3.74093893293341
554.898989685018,267.963743469143,3.60381593999713
183.007410468994,24.4010823597558,4.2327049238167
504.699342973887,357.209808384526,4.44796107307504
29.7302352751544,60.0553863802565,3.90670194652809
520.916299046158,140.684102064557,4.7922626121355
NA,NA,NA
659.998291623815,333.7895643848,3.47726023783771
455.824780788544,299.103779365471,3.71673179797961
11.7144225230187,492.538374461525,3.75667654651594
561.11827334032,55.5405173673973,4.14761496254005
69.9736552379774,372.827334798896,4.10237168946565
227.038034905575,413.115681180035,3.80966088070118
426.339415644296,13.7200035237793,3.34961561758571
362.546863654768,291.959462578416,3.13515261943459
602.325207197026,101.445598516197,4.10664968976475
395.339741712513,229.901860045842,4.03644425171102
569.854194284509,407.337253751745,4.67044719068785
142.064211069962,276.395503965771,4.72120241101202
191.435624076448,367.385174100753,4.06325532452853
126.061902466505,410.710581651332,3.37692589047383
627.67567312451,314.206063886746,4.48195597720711
1.51365165394744,146.073455729954,4.22671859117781
541.860066052542,207.205524841954,4.24619663687469
35.286062722975,493.330775982283,2.8769578419686
281.39657479628,23.4142297020203,3.80164615826973
532.84126076949,389.581433139606,3.29632963306604
72.3951697074439,74.1245419876942,5.1873203581144
5.25830374209726,79.2748627209536,3.59845869256711
589.168936352241,226.453715217107,4.01676258214361
445.147797216364,459.744852068761,4.7840540625719
658.921953532521,372.570960195872,3.15980470103549
103.78339162919,485.255052529333,4.40025631511292
623.484057193203,91.0759281309679,4.14496313769384
419.73877890828,259.23852431217,3.61667758653503
9.75256752830992,180.870660345109,3.04773391241491
63.0534771083457,118.047042785758,4.52297143211169
613.371549556503,202.530847529443,4.41967826677765
258.020603541992,213.491436505563,3.61312948407722
573.586452569945,436.43770634917,3.82367935777332
304.600808133798,137.299169138873,3.89247486632655
526.831950099398,457.490138055314,3.3993890021421
44.2991637625543,408.647289058949,3.90710719436657
198.866415460898,294.075991800477,3.74093893293341
554.898989685018,267.963743469143,3.60381593999713
183.007410468994,24.4010823597558,4.2327049238167
504.699342973887,357.209808384526,4.44796107307504
29.7302352751544,60.0553863802565,3.90670194652809
520.916299046158,140.684102064557,4.7922626121355
NA,NA,NA
659.998291623815,333.7895643848,3.47726023783771
455.824780788544,299.103779365471,3.71673179797961
11.7144225230187,492.538374461525,3.75667654651594
561.11827334032,55.5405173673973,4.14761496254005
69.9736552379774,372.827334798896,4.10237168946565
227.038034905575,413.115681180035,3.80966088070118
426.339415644296,13.7200035237793,3.34961561758571
362.546863654768,291.959462578416,3.13515261943459
602.325207197026,101.445598516197,4.10664968976475
395.339741712513,229.901860045842,4.03644425171102
569.854194284509,407.337253751745,4.67044719068785
142.064211069962,276.395503965771,4.72120241101202
191.435624076448,367.385174100753,4.06325532452853
126.061902466505,410.710581651332,3.37692589047383
627.67567312451,314.206063886746,4.48195597720711
1.51365165394744,146.073455729954,4.22671859117781
541.860066052542,207.205524841954,4.24619663687469
35.286062722975,493.330775982283,2.8769578419686
281.39657479628,23.4142297020203,3.80164615826973
532.84126076949,389.581433139606,3.29632963306604
72.3951697074439,74.1245419876942,5.1873203581144
5.25830374209726,79.2748627209536,3.59845869256711
589.168936352241,226.453715217107,4.01676258214361
445.147797216364,459.744852068761,4.7840540625719
658.921953532521,372.570960195872,3.15980470103549
103.78339162919,485.255052529333,4.40025631511292
623.484057193203,91.0759281309679,4.14496313769384
419.73877890828,259.23852431217,3.61667758653503
9.75256752830992,180.870660345109,3.04773391241491
63.0534771083457,118.047042785758,4.52297143211169
613.371549556503,202.530847529443,4.41967826677765
258.020603541992,213.491436505563,3.61312948407722
573.586452569945,436.43770634917,3.82367935777332
304.600808133798,137.299169138873,3.89247486632655
526.831950099398,457.490138055314,3.3993890021421
44.2991637625543,408.647289058949,3.90710719436657
198.866415460898,294.075991800477,3.74093893293341
554.898989685018,267.963743469143,3.60381593999713
183.007410468994,24.4010823597558,4.2327049238167
504.699342973887,357.209808384526,4.44796107307504
29.7302352751544,60.0553863802565,3.90670194652809
520.916299046158,140.684102064557,4.7922626121355
NA,NA,NA
659.998291623815,333.7895643848,3.47726023783771
455.824780788544,299.103779365471,3.71673179797961
11.7144225230187,492.538374461525,3.75667654651594
561.11827334032,55.5405173673973,4.14761496254005
69.9736552379774,372.827334798896,4.10237168946565
227.038034905575,413.115681180035,3.80966088070118
426.339415644296,13.7200035237793,3.34961561758571
362.546863654768,291.959462578416,3.13515261943459
602.325207197026,101.445598516197,4.10664968976475
395.339741712513,229.901860045842,4.03644425171102
569.854194284509,407.337253751745,4.67044719068785
142.064211069962,276.395503965771,4.72120241101202
191.435624076448,367.385174100753,4.06325532452853
126.061902466505,410.710581651332,3.37692589047383
627.67567312451,314.206063886746,4.48195597720711
1.51365165394744,146.073455729954,4.22671859117781
541.860066052542,207.205524841954,4.24619663687469
35.286062722975,493.330775982283,2.8769578419686
281.39657479628,23.4142297020203,3.80164615826973
532.84126076949,389.581433139606,3.29632963306604
72.3951697074439,74.1245419876942,5.1873203581144
5.25830374209726,79.2748627209536,3.59845869256711
589.168936352241,226.453715217107,4.01676258214361
445.147797216364,459.744852068761,4.7840540625719
658.921953532521,372.570960195872,3.15980470103549
103.78339162919,485.255052529333,4.40025631511292
623.484057193203,91.0759281309679,4.14496313769384
419.73877890828,259.23852431217,3.61667758653503
9.75256752830992,180.870660345109,3.04773391241491
63.0534771083457,118.047042785758,4.52297143211169
613.371549556503,202.530847529443,4.41967826677765
258.020603541992,213.491436505563,3.61312948407722
573.586452569945,436.43770634917,3.82367935777332
304.600808133798,137.299169138873,3.89247486632655
526.831950099398,457.490138055314,3.3993890021421
44.2991637625543,408.647289058949,3.90710719436657
198.866415460898,294.075991800477,3.74093893293341
554.898989685018,267.963743469143,3.60381593999713
183.007410468994,24.4010823597558,4.2327049238167
504.699342973887,357.209808384526,4.44796107307504
29.7302352751544,60.0553863802565,3.90670194652809
520.916299046158,140.684102064557,4.7922626121355
NA,NA,NA
659.998291623815,333.7895643848,3.47726023783771
455.824780788544,299.103779365471,3.71673179797961
11.7144225230187,492.538374461525,3.75667654651594
561.11827334032,55.5405173673973,4.14761496254005
69.9736552379774,372.827334798896,4.10237168946565
227.038034905575,413.115681180035,3.80966088070118
426.339415644296,13.7200035237793,3.34961561758571
362.546863654768,291.959462578416,3.13515261943459
602.325207197026,101.445598516197,4.10664968976475
395.339741712513,229.901860045842,4.03644425171102
569.854194284509,407.337253751745,4.67044719068785
142.064211069962,276.395503965771,4.72120241101202
191.435624076448,367.385174100753,4.06325532452853
126.061902466505,410.710581651332,3.37692589047383
627.67567312451,314.206063886746,4.48195597720711
1.51365165394744,146.073455729954,4.22671859117781
541.860066052542,207.205524841954,4.24619663687469
35.286062722975,493.330775982283,2.8769578419686
281.39657479628,23.4142297020203,3.80164615826973
532.84126076949,389.581433139606,3.29632963306604
72.3951697074439,74.1245419876942,5.1873203581144
5.25830374209726,79.2748627209536,3.59845869256711
589.168936352241,226.453715217107,4.01676258214361
445.147797216364,459.744852068761,4.7840540625719
658.921953532521,372.570960195872,3.15980470103549
103.78339162919,485.255052529333,4.40025631511292
623.484057193203,91.0759281309679,4.14496313769384
419.73877890828,259.23852431217,3.61667758653503
9.75256752830992,180.870660345109,3.04773391241491
63.0534771083457,118.047042785758,4.52297143211169
613.371549556503,202.530847529443,4.41967826677765
258.020603541992,213.491436505563,3.61312948407722
573.586452569945,436.43770634917,3.82367935777332
304.600808133798,137.299169138873,3.89247486632655
526.831950099398,457.490138055314,3.3993890021421
44.2991637625543,408.647289058949,3.90710719436657
198.866415460898,294.075991800477,3.74093893293341
554.898989685018,267.963743469143,3.60381593999713
183.007410468994,24.4010823597558,4.2327049238167
504.699342973887,357.209808384526,4.44796107307504
29.7302352751544,60.0553863802565,3.90670194652809
520.916299046158,140.684102064557,4.7922626121355
NA,NA,NA
659.998291623815,333.7895643848,3.47726023783771
455.824780788544,299.103779365471,3.71673179797961
11.7144225230187,492.538374461525,3.75667654651594
561.11827334032,55.5405173673973,4.14761496254005
69.9736552379774,372.827334798896,4.10237168946565
227.038034905575,413.115681180035,3.80966088070118
426.339415644296,13.7200035237793,3.34961561758571
362.546863654768,291.959462578416,3.13515261943459
602.325207197026,101.445598516197,4.10664968976475
395.339741712513,229.901860045842,4.03644425171102
569.854194284509,407.337253751745,4.67044719068785
142.064211069962,276.395503965771,4.72120241101202
191.435624076448,367.385174100753,4.06325532452853
126.061902466505,410.710581651332,3.37692589047383
627.67567312451,314.206063886746,4.48195597720711
1.51365165394744,146.073455729954,4.22671859117781
541.860066052542,207.205524841954,4.24619663687469
35.286062722975,493.330775982283,2.8769578419686
281.39657479628,23.4142297020203,3.80164615826973
532.84126076949,389.581433139606,3.29632963306604
72.3951697074439,74.1245419876942,5.1873203581144
5.25830374209726,79.2748627209536,3.59845869256711
589.168936352241,226.453715217107,4.01676258214361
445.147797216364,459.744852068761,4.7840540625719
658.921953532521,372.570960195872,3.15980470103549
103.78339162919,485.255052529333,4.40025631511292
623.484057193203,91.0759281309679,4.14496313769384
419.73877890828,259.23852431217,3.61667758653503
9.75256752830992,180.870660345109,3.04773391241491
63.0534771083457,118.047042785758,4.52297143211169
613.371549556503,202.530847529443,4.41967826677765
258.020603541992,213.491436505563,3.61312948407722
573.586452569945,436.43770634917,3.82367935777332
304.600808133798,137.299169138873,3.89247486632655
526.831950099398,457.490138055314,3.3993890021421
44.2991637625543,408.647289058949,3.90710719436657
198.866415460898,294.075991800477,3.74093893293341
554.898989685018,267.963743469143,3.60381593999713
183.007410468994,24.4010823597558,4.2327049238167
504.699342973887,357.209808384526,4.44796107307504
29.7302352751544,60.0553863802565,3.90670194652809
520.916299046158,140.684102064557,4.7922626121355
NA,NA,NA
661.644186158789,332.324447845241,3.37335727365059
454.887261969843,299.752034085542,3.75430471221599
10.780645293143,494.959455914501,3.62541548070139
561.262545258692,50.3047445996861,4.09160054438459
77.0868855087755,378.333936490531,4.02925007440359
221.706983562193,417.659618838827,3.92696004462509
427.473195600039,14.3416419862801,3.31962370079973
362.573488598961,290.790314632096,3.13562258141202
602.197533527729,109.277262481648,4.38140370744603
391.373180337944,234.585588319477,4.16268209651601
571.419493026966,414.759948435773,4.7999608257325
140.792404930665,280.308004573253,4.52048064041339
195.68750828875,366.826512051077,4.03379911890741
124.313556944287,409.270872130177,3.38587273639512
626.693857767831,316.634833399488,4.58347164399991
-2.38502213456192,147.435895234506,4.34365201618837
540.684653756857,204.572418137197,4.06169522827436
31.9349030422298,490.066315962021,3.01599503279512
278.104003686914,24.4566859369155,3.7583387547765
535.704998784249,390.977635962066,3.38982759623568
72.7019350060299,80.7090410572222,5.17134716238715
0.776570158348122,75.9627691239706,3.51652180813477
587.472467989452,227.707521369259,4.04473720961515
433.96325517535,459.648244229247,4.8058325339836
657.949715007913,373.605368220571,3.02425899705356
103.898093812857,486.107663910114,4.32707886992674
623.394495583659,87.1615625252875,4.06714594756987
419.308504995811,257.614595776848,3.59319410425283
11.2774281297832,183.242878602382,3.14064886107591
61.0106176249667,111.218647902476,4.45468741370809
613.411171594525,208.327185277845,4.21542788326935
256.965299138236,223.30035919885,3.96783990602945
564.758061781292,429.477138836979,3.61406819917693
295.252382480428,133.471077292879,3.88529944112308
531.26359536652,464.391400938842,3.45893347355904
41.1551495637943,425.839308273908,3.87597283652068
191.921722923285,290.427691865233,4.47443242714364
549.021180047963,269.264664667213,3.80519704676906
180.774377764881,26.726063976874,3.93280912122936
494.610611245888,336.805588207542,4.64435326724212
31.7009629210307,57.8173814553765,4.1015954438069
552.282460803862,167.768853023114,4.97315840865665
NA,NA,NA
661.644186158789,332.324447845241,3.37335727365059
454.887261969843,299.752034085542,3.75430471221599
10.780645293143,494.959455914501,3.62541548070139
561.262545258692,50.3047445996861,4.09160054438459
77.0868855087755,378.333936490531,4.02925007440359
221.706983562193,417.659618838827,3.92696004462509
427.473195600039,14.3416419862801,3.31962370079973
362.573488598961,290.790314632096,3.13562258141202
602.197533527729,109.277262481648,4.38140370744603
391.373180337944,234.585588319477,4.16268209651601
571.419493026966,414.759948435773,4.7999608257325
140.792404930665,280.308004573253,4.52048064041339
195.68750828875,366.826512051077,4.03379911890741
124.313556944287,409.270872130177,3.38587273639512
626.693857767831,316.634833399488,4.58347164399991
-2.38502213456192,147.435895234506,4.34365201618837
540.684653756857,204.572418137197,4.06169522827436
31.9349030422298,490.066315962021,3.01599503279512
278.104003686914,24.4566859369155,3.7583387547765
535.704998784249,390.977635962066,3.38982759623568
72.7019350060299,80.7090410572222,5.17134716238715
0.776570158348122,75.9627691239706,3.51652180813477
587.472467989452,227.707521369259,4.04473720961515
433.96325517535,459.648244229247,4.8058325339836
657.949715007913,373.605368220571,3.02425899705356
103.898093812857,486.107663910114,4.32707886992674
623.394495583659,87.1615625252875,4.06714594756987
419.308504995811,257.614595776848,3.59319410425283
11.2774281297832,183.242878602382,3.14064886107591
61.0106176249667,111.218647902476,4.45468741370809
613.411171594525,208.327185277845,4.21542788326935
256.965299138236,223.30035919885,3.96783990602945
564.758061781292,429.477138836979,3.61406819917693
295.252382480428,133.471077292879,3.88529944112308
531.26359536652,464.391400938842,3.45893347355904
41.1551495637943,425.839308273908,3.87597283652068
191.921722923285,290.427691865233,4.47443242714364
549.021180047963,269.264664667213,3.80519704676906
180.774377764881,26.726063976874,3.93280912122936
494.610611245888,336.805588207542,4.64435326724212
31.7009629210307,57.8173814553765,4.1015954438069
552.282460803862,167.768853023114,4.97315840865665
NA,NA,NA
661.644186158789,332.324447845241,3.37335727365059
454.887261969843,299.752034085542,3.75430471221599
10.780645293143,494.959455914501,3.62541548070139
561.262545258692,50.3047445996861,4.09160054438459
77.0868855087755,378.333936490531,4.02925007440359
221.706983562193,417.659618838827,3.92696004462509
427.473195600039,14.3416419862801,3.31962370079973
362.573488598961,290.790314632096,3.13562258141202
602.197533527729,109.277262481648,4.38140370744603
391.373180337944,234.585588319477,4.16268209651601
571.419493026966,414.759948435773,4.7999608257325
140.792404930665,280.308004573253,4.52048064041339
195.68750828875,366.826512051077,4.03379911890741
124.313556944287,409.270872130177,3.38587273639512
626.693857767831,316.634833399488,4.58347164399991
-2.38502213456192,147.435895234506,4.34365201618837
540.684653756857,204.572418137197,4.06169522827436
31.9349030422298,490.066315962021,3.01599503279512
278.104003686914,24.4566859369155,3.7583387547765
535.704998784249,390.977635962066,3.38982759623568
72.7019350060299,80.7090410572222,5.17134716238715
0.776570158348122,75.9627691239706,3.51652180813477
587.472467989452,227.707521369259,4.04473720961515
433.96325517535,459.648244229247,4.8058325339836
657.949715007913,373.605368220571,3.02425899705356
103.898093812857,486.107663910114,4.32707886992674
623.394495583659,87.1615625252875,4.06714594756987
419.308504995811,257.614595776848,3.59319410425283
11.2774281297832,183.242878602382,3.14064886107591
61.0106176249667,111.218647902476,4.45468741370809
613.411171594525,208.327185277845,4.21542788326935
256.965299138236,223.30035919885,3.96783990602945
564.758061781292,429.477138836979,3.61406819917693
295.252382480428,133.471077292879,3.88529944112308
531.26359536652,464.391400938842,3.45893347355904
41.1551495637943,425.839308273908,3.87597283652068
191.921722923285,290.427691865233,4.47443242714364
549.021180047963,269.264664667213,3.80519704676906
180.774377764881,26.726063976874,3.93280912122936
494.610611245888,336.805588207542,4.64435326724212
31.7009629210307,57.8173814553765,4.1015954438069
552.282460803862,167.768853023114,4.97315840865665
NA,NA,NA
661.644186158789,332.324447845241,3.37335727365059
454.887261969843,299.752034085542,3.75430471221599
10.780645293143,494.959455914501,3.62541548070139
561.262545258692,50.3047445996861,4.09160054438459
77.0868855087755,378.333936490531,4.02925007440359
221.706983562193,417.659618838827,3.92696004462509
427.473195600039,14.3416419862801,3.31962370079973
362.573488598961,290.790314632096,3.13562258141202
602.197533527729,109.277262481648,4.38140370744603
391.373180337944,234.585588319477,4.16268209651601
571.419493026966,414.759948435773,4.7999608257325
140.792404930665,280.308004573253,4.52048064041339
195.68750828875,366.826512051077,4.03379911890741
124.313556944287,409.270872130177,3.38587273639512
626.693857767831,316.634833399488,4.58347164399991
-2.38502213456192,147.435895234506,4.34365201618837
540.684653756857,204.572418137197,4.06169522827436
31.9349030422298,490.066315962021,3.01599503279512
278.104003686914,24.4566859369155,3.7583387547765
535.704998784249,390.977635962066,3.38982759623568
72.7019350060299,80.7090410572222,5.17134716238715
0.776570158348122,75.9627691239706,3.51652180813477
587.472467989452,227.707521369259,4.04473720961515
433.96325517535,459.648244229247,4.8058325339836
657.949715007913,373.605368220571,3.02425899705356
103.898093812857,486.107663910114,4.32707886992674
623.394495583659,87.1615625252875,4.06714594756987
419.308504995811,257.614595776848,3.59319410425283
11.2774281297832,183.242878602382,3.14064886107591
61.0106176249667,111.218647902476,4.45468741370809
613.411171594525,208.327185277845,4.21542788326935
256.965299138236,223.30035919885,3.96783990602945
564.758061781292,429.477138836979,3.61406819917693
295.252382480428,133.471077292879,3.88529944112308
531.26359536652,464.391400938842,3.45893347355904
41.1551495637943,425.839308273908,3.87597283652068
191.921722923285,290.427691865233,4.47443242714364
549.021180047963,269.264664667213,3.80519704676906
180.774377764881,26.726063976874,3.93280912122936
494.610611245888,336.805588207542,4.64435326724212
31.7009629210307,57.8173814553765,4.1015954438069
552.282460803862,167.768853023114,4.97315840865665
NA,NA,NA
661.644186158789,332.324447845241,3.37335727365059
454.887261969843,299.752034085542,3.75430471221599
10.780645293143,494.959455914501,3.62541548070139
561.262545258692,50.3047445996861,4.09160054438459
77.0868855087755,378.333936490531,4.02925007440359
221.706983562193,417.659618838827,3.92696004462509
427.473195600039,14.3416419862801,3.31962370079973
362.573488598961,290.790314632096,3.13562258141202
602.197533527729,109.277262481648,4.38140370744603
391.373180337944,234.585588319477,4.16268209651601
571.419493026966,414.759948435773,4.7999608257325
140.792404930665,280.308004573253,4.52048064041339
195.68750828875,366.826512051077,4.03379911890741
124.313556944287,409.270872130177,3.38587273639512
626.693857767831,316.634833399488,4.58347164399991
-2.38502213456192,147.435895234506,4.34365201618837
540.684653756857,204.572418137197,4.06169522827436
31.9349030422298,490.066315962021,3.01599503279512
278.104003686914,24.4566859369155,3.7583387547765
535.704998784249,390.977635962066,3.38982759623568
72.7019350060299,80.7090410572222,5.17134716238715
0.776570158348122,75.9627691239706,3.51652180813477
587.472467989452,227.707521369259,4.04473720961515
433.96325517535,459.648244229247,4.8058325339836
657.949715007913,373.605368220571,3.02425899705356
103.898093812857,486.107663910114,4.32707886992674
623.394495583659,87.1615625252875,4.06714594756987
419.308504995811,257.614595776848,3.59319410425283
11.2774281297832,183.242878602382,3.14064886107591
61.0106176249667,111.218647902476,4.45468741370809
613.411171594525,208.327185277845,4.21542788326935
256.965299138236,223.30035919885,3.96783990602945
564.758061781292,429.477138836979,3.61406819917693
295.252382480428,133.471077292879,3.88529944112308
531.26359536652,464.391400938842,3.45893347355904
41.1551495637943,425.839308273908,3.87597283652068
191.921722923285,290.427691865233,4.47443242714364
549.021180047963,269.264664667213,3.80519704676906
180.774377764881,26.726063976874,3.93280912122936
494.610611245888,336.805588207542,4.64435326724212
31.7009629210307,57.8173814553765,4.1015954438069
552.282460803862,167.768853023114,4.97315840865665
NA,NA,NA
661.644186158789,332.324447845241,3.37335727365059
454.887261969843,299.752034085542,3.75430471221599
10.780645293143,494.959455914501,3.62541548070139
561.262545258692,50.3047445996861,4.09160054438459
77.0868855087755,378.333936490531,4.02925007440359
221.706983562193,417.659618838827,3.92696004462509
427.473195600039,14.3416419862801,3.31962370079973
362.573488598961,290.790314632096,3.13562258141202
602.197533527729,109.277262481648,4.38140370744603
391.373180337944,234.585588319477,4.16268209651601
571.419493026966,414.759948435773,4.7999608257325
140.792404930665,280.308004573253,4.52048064041339
195.68750828875,366.826512051077,4.03379911890741
124.313556944287,409.270872130177,3.38587273639512
626.693857767831,316.634833399488,4.58347164399991
-2.38502213456192,147.435895234506,4.34365201618837
540.684653756857,204.572418137197,4.06169522827436
31.9349030422298,490.066315962021,3.01599503279512
278.104003686914,24.4566859369155,3.7583387547765
535.704998784249,390.977635962066,3.38982759623568
72.7019350060299,80.7090410572222,5.17134716238715
0.776570158348122,75.9627691239706,3.51652180813477
587.472467989452,227.707521369259,4.04473720961515
433.96325517535,459.648244229247,4.8058325339836
657.949715007913,373.605368220571,3.02425899705356
103.898093812857,486.107663910114,4.32707886992674
623.394495583659,87.1615625252875,4.06714594756987
419.308504995811,257.614595776848,3.59319410425283
11.2774281297832,183.242878602382,3.14064886107591
61.0106176249667,111.218647902476,4.45468741370809
613.411171594525,208.327185277845,4.21542788326935
256.965299138236,223.30035919885,3.96783990602945
564.758061781292,429.477138836979,3.61406819917693
295.252382480428,133.471077292879,3.88529944112308
531.26359536652,464.391400938842,3.45893347355904
41.1551495637943,425.839308273908,3.87597283652068
191.921722923285,290.427691865233,4.47443242714364
549.021180047963,269.264664667213,3.80519704676906
180.774377764881,26.726063976874,3.93280912122936
494.610611245888,336.805588207542,4.64435326724212
31.7009629210307,57.8173814553765,4.1015954438069
552.282460803862,167.768853023114,4.97315840865665
NA,NA,NA
658.130867983599,328.247241746728,3.6164841179443
454.349846094743,298.73779102155,3.61570264124394
12.8888946781829,495.110669142528,3.75739557563656
559.87857746818,47.4209255734534,4.22294403926901
70.131072418579,379.150587568927,4.00970696997014
231.662090955229,416.914290461845,3.85211218256738
428.774355140526,14.5230675720821,3.33630528598723
362.522452458508,291.42003570358,3.0159663758928
604.793454782808,99.2234911682743,4.26519251465565
391.799538378416,236.952232828457,4.31391984201534
572.942635223275,406.255909004844,4.72977811421942
136.330818520564,282.618407165587,4.33770114501846
197.981406656082,369.510175168728,4.07233239164077
126.14262684026,415.315314724422,3.4234137393565
622.911327866582,317.886107048642,4.47869243734703
1.93903253458977,149.53830178468,4.27572907634437
542.734414096858,203.914549770153,4.18007340908128
34.3967360284378,490.117530884587,3.03370518586413
281.846212422942,19.0595637932441,3.83217760273938
535.234653427837,392.008843375785,3.441300360823
74.3793125509023,78.8091175606793,5.17837562952874
3.81434748880672,72.7412267038429,3.2795788359021
586.958612338637,224.147328976499,3.96037556322311
444.572729093533,455.930744339455,4.67499461836973
659.402093792574,374.410382373459,3.01808161981667
106.087208325245,486.879505732073,4.3743475588413
622.628170222935,92.5211476920461,4.07042453498699
421.076947905912,254.457624607578,3.59995138173307
11.7532570691889,181.184200309579,3.22313292209909
60.7305712917281,118.569128148403,4.39298978065445
622.273139357794,198.431414387026,4.54146026192558
257.624919937033,219.973554615772,3.33781502082277
581.112412324776,429.854068690586,3.94092371811779
298.798256172604,142.278277447748,3.86982041238042
527.012552944906,461.350656051734,3.2655261443468
45.9930370820236,425.521459652882,4.11724220421093
197.466896119268,292.405628448025,4.24479164496394
555.273739090721,268.96035487753,3.7950413142129
187.93123026976,25.4342101855912,4.49061718311589
507.52208723874,342.514708266719,4.59276346888565
39.0681583706001,54.3333846885343,3.6860321698773
529.110822920803,138.460106915691,4.68253392221704
NA,NA,NA
658.130867983599,328.247241746728,3.6164841179443
454.349846094743,298.73779102155,3.61570264124394
12.8888946781829,495.110669142528,3.75739557563656
559.87857746818,47.4209255734534,4.22294403926901
70.131072418579,379.150587568927,4.00970696997014
231.662090955229,416.914290461845,3.85211218256738
428.774355140526,14.5230675720821,3.33630528598723
362.522452458508,291.42003570358,3.0159663758928
604.793454782808,99.2234911682743,4.26519251465565
391.799538378416,236.952232828457,4.31391984201534
572.942635223275,406.255909004844,4.72977811421942
136.330818520564,282.618407165587,4.33770114501846
197.981406656082,369.510175168728,4.07233239164077
126.14262684026,415.315314724422,3.4234137393565
622.911327866582,317.886107048642,4.47869243734703
1.93903253458977,149.53830178468,4.27572907634437
542.734414096858,203.914549770153,4.18007340908128
34.3967360284378,490.117530884587,3.03370518586413
281.846212422942,19.0595637932441,3.83217760273938
535.234653427837,392.008843375785,3.441300360823
74.3793125509023,78.8091175606793,5.17837562952874
3.81434748880672,72.7412267038429,3.2795788359021
586.958612338637,224.147328976499,3.96037556322311
444.572729093533,455.930744339455,4.67499461836973
659.402093792574,374.410382373459,3.01808161981667
106.087208325245,486.879505732073,4.3743475588413
622.628170222935,92.5211476920461,4.07042453498699
421.076947905912,254.457624607578,3.59995138173307
11.7532570691889,181.184200309579,3.22313292209909
60.7305712917281,118.569128148403,4.39298978065445
622.273139357794,198.431414387026,4.54146026192558
257.624919937033,219.973554615772,3.33781502082277
581.112412324776,429.854068690586,3.94092371811779
298.798256172604,142.278277447748,3.86982041238042
527.012552944906,461.350656051734,3.2655261443468
45.9930370820236,425.521459652882,4.11724220421093
197.466896119268,292.405628448025,4.24479164496394
555.273739090721,268.96035487753,3.7950413142129
187.93123026976,25.4342101855912,4.49061718311589
507.52208723874,342.514708266719,4.59276346888565
39.0681583706001,54.3333846885343,3.6860321698773
529.110822920803,138.460106915691,4.68253392221704
NA,NA,NA
658.130867983599,328.247241746728,3.6164841179443
454.349846094743,298.73779102155,3.61570264124394
12.8888946781829,495.110669142528,3.75739557563656
559.87857746818,47.4209255734534,4.22294403926901
70.131072418579,379.150587568927,4.00970696997014
231.662090955229,416.914290461845,3.85211218256738
428.774355140526,14.5230675720821,3.33630528598723
362.522452458508,291.42003570358,3.0159663758928
604.793454782808,99.2234911682743,4.26519251465565
391.799538378416,236.952232828457,4.31391984201534
572.942635223275,406.255909004844,4.72977811421942
136.330818520564,282.618407165587,4.33770114501846
197.981406656082,369.510175168728,4.07233239164077
126.14262684026,415.315314724422,3.4234137393565
622.911327866582,317.886107048642,4.47869243734703
1.93903253458977,149.53830178468,4.27572907634437
542.734414096858,203.914549770153,4.18007340908128
34.3967360284378,490.117530884587,3.03370518586413
281.846212422942,19.0595637932441,3.83217760273938
535.234653427837,392.008843375785,3.441300360823
74.3793125509023,78.8091175606793,5.17837562952874
3.81434748880672,72.7412267038429,3.2795788359021
586.958612338637,224.147328976499,3.96037556322311
444.572729093533,455.930744339455,4.67499461836973
659.402093792574,374.410382373459,3.01808161981667
106.087208325245,486.879505732073,4.3743475588413
622.628170222935,92.5211476920461,4.07042453498699
421.076947905912,254.457624607578,3.59995138173307
11.7532570691889,181.184200309579,3.22313292209909
60.7305712917281,118.569128148403,4.39298978065445
622.273139357794,198.431414387026,4.54146026192558
257.624919937033,219.973554615772,3.33781502082277
581.112412324776,429.854068690586,3.94092371811779
298.798256172604,142.278277447748,3.86982041238042
527.012552944906,461.350656051734,3.2655261443468
45.9930370820236,425.521459652882,4.11724220421093
197.466896119268,292.405628448025,4.24479164496394
555.273739090721,268.96035487753,3.7950413142129
187.93123026976,25.4342101855912,4.49061718311589
507.52208723874,342.514708266719,4.59276346888565
39.0681583706001,54.3333846885343,3.6860321698773
529.110822920803,138.460106915691,4.68253392221704
NA,NA,NA
658.130867983599,328.247241746728,3.6164841179443
454.349846094743,298.73779102155,3.61570264124394
12.8888946781829,495.110669142528,3.75739557563656
559.87857746818,47.4209255734534,4.22294403926901
70.131072418579,379.150587568927,4.00970696997014
231.662090955229,416.914290461845,3.85211218256738
428.774355140526,14.5230675720821,3.33630528598723
362.522452458508,291.42003570358,3.0159663758928
604.793454782808,99.2234911682743,4.26519251465565
391.799538378416,236.952232828457,4.31391984201534
572.942635223275,406.255909004844,4.72977811421942
136.330818520564,282.618407165587,4.33770114501846
197.981406656082,369.510175168728,4.07233239164077
126.14262684026,415.315314724422,3.4234137393565
622.911327866582,317.886107048642,4.47869243734703
1.93903253458977,149.53830178468,4.27572907634437
542.734414096858,203.914549770153,4.18007340908128
34.3967360284378,490.117530884587,3.03370518586413
281.846212422942,19.0595637932441,3.83217760273938
535.234653427837,392.008843375785,3.441300360823
74.3793125509023,78.8091175606793,5.17837562952874
3.81434748880672,72.7412267038429,3.2795788359021
586.958612338637,224.147328976499,3.96037556322311
444.572729093533,455.930744339455,4.67499461836973
659.402093792574,374.410382373459,3.01808161981667
106.087208325245,486.879505732073,4.3743475588413
622.628170222935,92.5211476920461,4.07042453498699
421.076947905912,254.457624607578,3.59995138173307
11.7532570691889,181.184200309579,3.22313292209909
60.7305712917281,118.569128148403,4.39298978065445
622.273139357794,198.431414387026,4.54146026192558
257.624919937033,219.973554615772,3.33781502082277
581.112412324776,429.854068690586,3.94092371811779
298.798256172604,142.278277447748,3.86982041238042
527.012552944906,461.350656051734,3.2655261443468
45.9930370820236,425.521459652882,4.11724220421093
197.466896119268,292.405628448025,4.24479164496394
555.273739090721,268.96035487753,3.7950413142129
187.93123026976,25.4342101855912,4.49061718311589
507.52208723874,342.514708266719,4.59276346888565
39.0681583706001,54.3333846885343,3.6860321698773
529.110822920803,138.460106915691,4.68253392221704
NA,NA,NA
658.130867983599,328.247241746728,3.6164841179443
454.349846094743,298.73779102155,3.61570264124394
12.8888946781829,495.110669142528,3.75739557563656
559.87857746818,47.4209255734534,4.22294403926901
70.131072418579,379.150587568927,4.00970696997014
231.662090955229,416.914290461845,3.85211218256738
428.774355140526,14.5230675720821,3.33630528598723
362.522452458508,291.42003570358,3.0159663758928
604.793454782808,99.2234911682743,4.26519251465565
391.799538378416,236.952232828457,4.31391984201534
572.942635223275,406.255909004844,4.72977811421942
136.330818520564,282.618407165587,4.33770114501846
197.981406656082,369.510175168728,4.07233239164077
126.14262684026,415.315314724422,3.4234137393565
622.911327866582,317.886107048642,4.47869243734703
1.93903253458977,149.53830178468,4.27572907634437
542.734414096858,203.914549770153,4.18007340908128
34.3967360284378,490.117530884587,3.03370518586413
281.846212422942,19.0595637932441,3.83217760273938
535.234653427837,392.008843375785,3.441300360823
74.3793125509023,78.8091175606793,5.17837562952874
3.81434748880672,72.7412267038429,3.2795788359021
586.958612338637,224.147328976499,3.96037556322311
444.572729093533,455.930744339455,4.67499461836973
659.402093792574,374.410382373459,3.01808161981667
106.087208325245,486.879505732073,4.3743475588413
622.628170222935,92.5211476920461,4.07042453498699
421.076947905912,254.457624607578,3.59995138173307
11.7532570691889,181.184200309579,3.22313292209909
60.7305712917281,118.569128148403,4.39298978065445
622.273139357794,198.431414387026,4.54146026192558
257.624919937033,219.973554615772,3.33781502082277
581.112412324776,429.854068690586,3.94092371811779
298.798256172604,142.278277447748,3.86982041238042
527.012552944906,461.350656051734,3.2655261443468
45.9930370820236,425.521459652882,4.11724220421093
197.466896119268,292.405628448025,4.24479164496394
555.273739090721,268.96035487753,3.7950413142129
187.93123026976,25.4342101855912,4.49061718311589
507.52208723874,342.514708266719,4.59276346888565
39.0681583706001,54.3333846885343,3.6860321698773
529.110822920803,138.460106915691,4.68253392221704
NA,NA,NA
658.130867983599,328.247241746728,3.6164841179443
454.349846094743,298.73779102155,3.61570264124394
12.8888946781829,495.110669142528,3.75739557563656
559.87857746818,47.4209255734534,4.22294403926901
70.131072418579,379.150587568927,4.00970696997014
231.662090955229,416.914290461845,3.85211218256738
428.774355140526,14.5230675720821,3.33630528598723
362.522452458508,291.42003570358,3.0159663758928
604.793454782808,99.2234911682743,4.26519251465565
391.799538378416,236.952232828457,4.31391984201534
572.942635223275,406.255909004844,4.72977811421942
136.330818520564,282.618407165587,4.33770114501846
197.981406656082,369.510175168728,4.07233239164077
126.14262684026,415.315314724422,3.4234137393565
622.911327866582,317.886107048642,4.47869243734703
1.93903253458977,149.53830178468,4.27572907634437
542.734414096858,203.914549770153,4.18007340908128
34.3967360284378,490.117530884587,3.03370518586413
281.846212422942,19.0595637932441,3.83217760273938
535.234653427837,392.008843375785,3.441300360823
74.3793125509023,78.8091175606793,5.17837562952874
3.81434748880672,72.7412267038429,3.2795788359021
586.958612338637,224.147328976499,3.96037556322311
444.572729093533,455.930744339455,4.67499461836973
659.402093792574,374.410382373459,3.01808161981667
106.087208325245,486.879505732073,4.3743475588413
622.628170222935,92.5211476920461,4.07042453498699
421.076947905912,254.457624607578,3.59995138173307
11.7532570691889,181.184200309579,3.22313292209909
60.7305712917281,118.569128148403,4.39298978065445
622.273139357794,198.431414387026,4.54146026192558
257.624919937033,219.973554615772,3.33781502082277
581.112412324776,429.854068690586,3.94092371811779
298.798256172604,142.278277447748,3.86982041238042
527.012552944906,461.350656051734,3.2655261443468
45.9930370820236,425.521459652882,4.11724220421093
197.466896119268,292.405628448025,4.24479164496394
555.273739090721,268.96035487753,3.7950413142129
187.93123026976,25.4342101855912,4.49061718311589
507.52208723874,342.514708266719,4.59276346888565
39.0681583706001,54.3333846885343,3.6860321698773
529.110822920803,138.460106915691,4.68253392221704
NA,NA,NA
663.040062579914,331.852506221744,3.56352118447115
454.632077129481,298.961780374682,3.66414118707747
10.8080614886435,491.095428443961,3.74202482531094
565.937715649452,48.0648981806914,4.12302633973294
79.4034738864053,369.248740075414,4.08094201909622
222.744706473948,417.573535513357,3.88239399985614
428.370022707144,14.1453989589009,3.21206077881418
361.451302260487,293.15511222807,3.06713693349041
601.916928111252,99.3873656128034,4.14075439184049
389.717291189208,229.053080382164,4.25679991162907
564.044603773888,416.246774316044,4.73986854533171
132.926834406433,284.044078293721,4.66248365727903
204.07973737526,377.032068789402,4.09117745700605
128.412206024723,409.577535997406,3.4242211937891
625.292258112016,314.820578080291,4.42795447636561
5.45671372377999,148.035625486859,4.22925490305771
543.476595406651,202.604033586224,4.1846649159415
34.3768295720583,491.578760371472,2.9546206114518
280.431497962063,21.5891664021995,3.87876068018197
535.315838235433,395.256557409001,3.38649752963143
78.4167853246022,83.5015256230713,5.28338469274644
6.80857509648051,76.5625298537272,3.59307026395467
592.076754109449,226.942083102554,3.97994055109678
441.21382115212,458.209960943747,4.71425854327854
658.027801136477,372.990350423234,2.94837721710632
104.321747649185,485.751134276609,4.42527688617885
621.958211423306,90.8626658539104,4.09755281249674
418.569775388222,257.001964387798,3.54271091588509
11.7004181825588,182.760468393832,3.30262473510654
78.2975970116347,116.596660947404,4.28563108768506
601.996823166137,206.194345214711,4.3757083759482
250.17039111024,221.407331603689,3.57432396902732
572.357403498034,430.511766156648,3.92760100416698
294.523536228422,137.244605959258,3.83757863579818
527.878519262171,456.771222215795,3.63997784006311
46.9862857679358,421.583735921143,3.84872267360649
211.339824666193,280.638084745281,4.4142768867511
553.540142994456,266.958504634054,3.76773763563139
181.566085110347,39.351104671263,4.42542011158964
506.169090963037,347.092605942015,4.70539846627304
35.3888160034301,55.3181474337722,3.98313475371263
522.243954604373,148.401770404897,4.6985554508773
NA,NA,NA
663.040062579914,331.852506221744,3.56352118447115
454.632077129481,298.961780374682,3.66414118707747
10.8080614886435,491.095428443961,3.74202482531094
565.937715649452,48.0648981806914,4.12302633973294
79.4034738864053,369.248740075414,4.08094201909622
222.744706473948,417.573535513357,3.88239399985614
428.370022707144,14.1453989589009,3.21206077881418
361.451302260487,293.15511222807,3.06713693349041
601.916928111252,99.3873656128034,4.14075439184049
389.717291189208,229.053080382164,4.25679991162907
564.044603773888,416.246774316044,4.73986854533171
132.926834406433,284.044078293721,4.66248365727903
204.07973737526,377.032068789402,4.09117745700605
128.412206024723,409.577535997406,3.4242211937891
625.292258112016,314.820578080291,4.42795447636561
5.45671372377999,148.035625486859,4.22925490305771
543.476595406651,202.604033586224,4.1846649159415
34.3768295720583,491.578760371472,2.9546206114518
280.431497962063,21.5891664021995,3.87876068018197
535.315838235433,395.256557409001,3.38649752963143
78.4167853246022,83.5015256230713,5.28338469274644
6.80857509648051,76.5625298537272,3.59307026395467
592.076754109449,226.942083102554,3.97994055109678
441.21382115212,458.209960943747,4.71425854327854
658.027801136477,372.990350423234,2.94837721710632
104.321747649185,485.751134276609,4.42527688617885
621.958211423306,90.8626658539104,4.09755281249674
418.569775388222,257.001964387798,3.54271091588509
11.7004181825588,182.760468393832,3.30262473510654
78.2975970116347,116.596660947404,4.28563108768506
601.996823166137,206.194345214711,4.3757083759482
250.17039111024,221.407331603689,3.57432396902732
572.357403498034,430.511766156648,3.92760100416698
294.523536228422,137.244605959258,3.83757863579818
527.878519262171,456.771222215795,3.63997784006311
46.9862857679358,421.583735921143,3.84872267360649
211.339824666193,280.638084745281,4.4142768867511
553.540142994456,266.958504634054,3.76773763563139
181.566085110347,39.351104671263,4.42542011158964
506.169090963037,347.092605942015,4.70539846627304
35.3888160034301,55.3181474337722,3.98313475371263
522.243954604373,148.401770404897,4.6985554508773
NA,NA,NA
663.040062579914,331.852506221744,3.56352118447115
454.632077129481,298.961780374682,3.66414118707747
10.8080614886435,491.095428443961,3.74202482531094
565.937715649452,48.0648981806914,4.12302633973294
79.4034738864053,369.248740075414,4.08094201909622
222.744706473948,417.573535513357,3.88239399985614
428.370022707144,14.1453989589009,3.21206077881418
361.451302260487,293.15511222807,3.06713693349041
601.916928111252,99.3873656128034,4.14075439184049
389.717291189208,229.053080382164,4.25679991162907
564.044603773888,416.246774316044,4.73986854533171
132.926834406433,284.044078293721,4.66248365727903
204.07973737526,377.032068789402,4.09117745700605
128.412206024723,409.577535997406,3.4242211937891
625.292258112016,314.820578080291,4.42795447636561
5.45671372377999,148.035625486859,4.22925490305771
543.476595406651,202.604033586224,4.1846649159415
34.3768295720583,491.578760371472,2.9546206114518
280.431497962063,21.5891664021995,3.87876068018197
535.315838235433,395.256557409001,3.38649752963143
78.4167853246022,83.5015256230713,5.28338469274644
6.80857509648051,76.5625298537272,3.59307026395467
592.076754109449,226.942083102554,3.97994055109678
441.21382115212,458.209960943747,4.71425854327854
658.027801136477,372.990350423234,2.94837721710632
104.321747649185,485.751134276609,4.42527688617885
621.958211423306,90.8626658539104,4.09755281249674
418.569775388222,257.001964387798,3.54271091588509
11.7004181825588,182.760468393832,3.30262473510654
78.2975970116347,116.596660947404,4.28563108768506
601.996823166137,206.194345214711,4.3757083759482
250.17039111024,221.407331603689,3.57432396902732
572.357403498034,430.511766156648,3.92760100416698
294.523536228422,137.244605959258,3.83757863579818
527.878519262171,456.771222215795,3.63997784006311
46.9862857679358,421.583735921143,3.84872267360649
211.339824666193,280.638084745281,4.4142768867511
553.540142994456,266.958504634054,3.76773763563139
181.566085110347,39.351104671263,4.42542011158964
506.169090963037,347.092605942015,4.70539846627304
35.3888160034301,55.3181474337722,3.98313475371263
522.243954604373,148.401770404897,4.6985554508773
NA,NA,NA
663.040062579914,331.852506221744,3.56352118447115
454.632077129481,298.961780374682,3.66414118707747
10.8080614886435,491.095428443961,3.74202482531094
565.937715649452,48.0648981806914,4.12302633973294
79.4034738864053,369.248740075414,4.08094201909622
222.744706473948,417.573535513357,3.88239399985614
428.370022707144,14.1453989589009,3.21206077881418
361.451302260487,293.15511222807,3.06713693349041
601.916928111252,99.3873656128034,4.14075439184049
389.717291189208,229.053080382164,4.25679991162907
564.044603773888,416.246774316044,4.73986854533171
132.926834406433,284.044078293721,4.66248365727903
204.07973737526,377.032068789402,4.09117745700605
128.412206024723,409.577535997406,3.4242211937891
625.292258112016,314.820578080291,4.42795447636561
5.45671372377999,148.035625486859,4.22925490305771
543.476595406651,202.604033586224,4.1846649159415
34.3768295720583,491.578760371472,2.9546206114518
280.431497962063,21.5891664021995,3.87876068018197
535.315838235433,395.256557409001,3.38649752963143
78.4167853246022,83.5015256230713,5.28338469274644
6.80857509648051,76.5625298537272,3.59307026395467
592.076754109449,226.942083102554,3.97994055109678
441.21382115212,458.209960943747,4.71425854327854
658.027801136477,372.990350423234,2.94837721710632
104.321747649185,485.751134276609,4.42527688617885
621.958211423306,90.8626658539104,4.09755281249674
418.569775388222,257.001964387798,3.54271091588509
11.7004181825588,182.760468393832,3.30262473510654
78.2975970116347,116.596660947404,4.28563108768506
601.996823166137,206.194345214711,4.3757083759482
250.17039111024,221.407331603689,3.57432396902732
572.357403498034,430.511766156648,3.92760100416698
294.523536228422,137.244605959258,3.83757863579818
527.878519262171,456.771222215795,3.63997784006311
46.9862857679358,421.583735921143,3.84872267360649
211.339824666193,280.638084745281,4.4142768867511
553.540142994456,266.958504634054,3.76773763563139
181.566085110347,39.351104671263,4.42542011158964
506.169090963037,347.092605942015,4.70539846627304
35.3888160034301,55.3181474337722,3.98313475371263
522.243954604373,148.401770404897,4.6985554508773
NA,NA,NA
663.040062579914,331.852506221744,3.56352118447115
454.632077129481,298.961780374682,3.66414118707747
10.8080614886435,491.095428443961,3.74202482531094
565.937715649452,48.0648981806914,4.12302633973294
79.4034738864053,369.248740075414,4.08094201909622
222.744706473948,417.573535513357,3.88239399985614
428.370022707144,14.1453989589009,3.21206077881418
361.451302260487,293.15511222807,3.06713693349041
601.916928111252,99.3873656128034,4.14075439184049
389.717291189208,229.053080382164,4.25679991162907
564.044603773888,416.246774316044,4.73986854533171
132.926834406433,284.044078293721,4.66248365727903
204.07973737526,377.032068789402,4.09117745700605
128.412206024723,409.577535997406,3.4242211937891
625.292258112016,314.820578080291,4.42795447636561
5.45671372377999,148.035625486859,4.22925490305771
543.476595406651,202.604033586224,4.1846649159415
34.3768295720583,491.578760371472,2.9546206114518
280.431497962063,21.5891664021995,3.87876068018197
535.315838235433,395.256557409001,3.38649752963143
78.4167853246022,83.5015256230713,5.28338469274644
6.80857509648051,76.5625298537272,3.59307026395467
592.076754109449,226.942083102554,3.97994055109678
441.21382115212,458.209960943747,4.71425854327854
658.027801136477,372.990350423234,2.94837721710632
104.321747649185,485.751134276609,4.42527688617885
621.958211423306,90.8626658539104,4.09755281249674
418.569775388222,257.001964387798,3.54271091588509
11.7004181825588,182.760468393832,3.30262473510654
78.2975970116347,116.596660947404,4.28563108768506
601.996823166137,206.194345214711,4.3757083759482
250.17039111024,221.407331603689,3.57432396902732
572.357403498034,430.511766156648,3.92760100416698
294.523536228422,137.244605959258,3.83757863579818
527.878519262171,456.771222215795,3.63997784006311
46.9862857679358,421.583735921143,3.84872267360649
211.339824666193,280.638084745281,4.4142768867511
553.540142994456,266.958504634054,3.76773763563139
181.566085110347,39.351104671263,4.42542011158964
506.169090963037,347.092605942015,4.70539846627304
35.3888160034301,55.3181474337722,3.98313475371263
522.243954604373,148.401770404897,4.6985554508773
NA,NA,NA
663.040062579914,331.852506221744,3.56352118447115
454.632077129481,298.961780374682,3.66414118707747
10.8080614886435,491.095428443961,3.74202482531094
565.937715649452,48.0648981806914,4.12302633973294
79.4034738864053,369.248740075414,4.08094201909622
222.744706473948,417.573535513357,3.88239399985614
428.370022707144,14.1453989589009,3.21206077881418
361.451302260487,293.15511222807,3.06713693349041
601.916928111252,99.3873656128034,4.14075439184049
389.717291189208,229.053080382164,4.25679991162907
564.044603773888,416.246774316044,4.73986854533171
132.926834406433,284.044078293721,4.66248365727903
204.07973737526,377.032068789402,4.09117745700605
128.412206024723,409.577535997406,3.4242211937891
625.292258112016,314.820578080291,4.42795447636561
5.45671372377999,148.035625486859,4.22925490305771
543.476595406651,202.604033586224,4.1846649159415
34.3768295720583,491.578760371472,2.9546206114518
280.431497962063,21.5891664021995,3.87876068018197
535.315838235433,395.256557409001,3.38649752963143
78.4167853246022,83.5015256230713,5.28338469274644
6.80857509648051,76.5625298537272,3.59307026395467
592.076754109449,226.942083102554,3.97994055109678
441.21382115212,458.209960943747,4.71425854327854
658.027801136477,372.990350423234,2.94837721710632
104.321747649185,485.751134276609,4.42527688617885
621.958211423306,90.8626658539104,4.09755281249674
418.569775388222,257.001964387798,3.54271091588509
11.7004181825588,182.760468393832,3.30262473510654
78.2975970116347,116.596660947404,4.28563108768506
601.996823166137,206.194345214711,4.3757083759482
250.17039111024,221.407331603689,3.57432396902732
572.357403498034,430.511766156648,3.92760100416698
294.523536228422,137.244605959258,3.83757863579818
527.878519262171,456.771222215795,3.63997784006311
46.9862857679358,421.583735921143,3.84872267360649
211.339824666193,280.638084745281,4.4142768867511
553.540142994456,266.958504634054,3.76773763563139
181.566085110347,39.351104671263,4.42542011158964
506.169090963037,347.092605942015,4.70539846627304
35.3888160034301,55.3181474337722,3.98313475371263
522.243954604373,148.401770404897,4.6985554508773
NA,NA,NA
659.469006813454,332.527851125825,3.33955064448305
456.281135594372,298.821034074081,3.63562598127952
11.0240184335401,497.666776422066,3.73363930581069
558.591491024736,50.9716596228567,4.37625746210136
70.5796278890776,371.570148978507,3.97521293390704
227.649490331386,417.813560895028,4.00415623039238
428.683048010977,13.528098921223,3.55480441437256
360.211964652121,292.427558762004,2.95333251746007
603.641405672632,106.668980988496,4.11858503993193
391.736778619199,227.84447831536,4.24317723118512
571.734924714921,412.34112406688,4.76040201939393
146.424667811486,282.013989230057,4.49397284393493
196.383426829064,370.027995008881,4.00735483598408
126.920942203505,409.446846433186,3.41540710286701
636.285143843679,310.605011080145,4.73235392625917
1.76273597818093,145.630175479547,4.23739181879395
543.562963320777,202.459560751852,4.20695133781606
35.3713080595545,492.16117555869,3.18812072177456
279.230509358049,22.4891508794408,3.76677105457921
534.169235821137,390.749959206455,3.45432285105975
65.9391698783953,81.817943184066,5.18383019405139
6.21111781820246,73.8938430255312,3.48571155883769
588.527295945681,225.205540851752,4.05497720546894
441.251775505399,457.129592506244,4.772120907264
656.254014826719,374.956308668153,3.17699468106093
103.881398335041,490.929495458498,4.38519602077818
624.165145070438,85.8463204790961,4.0604286285859
419.182065670316,259.050645430053,3.75693345396857
11.3347630198555,182.607985014904,3.21880254011753
62.4343714473364,113.667801283072,4.35353900830066
606.900305303514,204.279610534059,4.60267573596886
247.500349928694,226.157797683724,3.90849273806986
566.62295077327,431.319687583082,4.0524959824192
301.547107482086,135.053542715009,4.00226671232558
523.57865910433,458.392143399205,3.55912764660226
47.7645605035723,419.064503022916,3.96831156363338
199.566382722409,293.532371547939,4.01525128522996
551.811486533963,268.375801977926,3.60442466087713
168.747092274335,19.5535596332078,4.63557513761077
502.823952587399,351.965905494337,4.53738754119771
28.817254659577,57.5101708213218,3.31581020320782
532.917272616319,154.631228722436,4.68866323906065
NA,NA,NA
659.469006813454,332.527851125825,3.33955064448305
456.281135594372,298.821034074081,3.63562598127952
11.0240184335401,497.666776422066,3.73363930581069
558.591491024736,50.9716596228567,4.37625746210136
70.5796278890776,371.570148978507,3.97521293390704
227.649490331386,417.813560895028,4.00415623039238
428.683048010977,13.528098921223,3.55480441437256
360.211964652121,292.427558762004,2.95333251746007
603.641405672632,106.668980988496,4.11858503993193
391.736778619199,227.84447831536,4.24317723118512
571.734924714921,412.34112406688,4.76040201939393
146.424667811486,282.013989230057,4.49397284393493
196.383426829064,370.027995008881,4.00735483598408
126.920942203505,409.446846433186,3.41540710286701
636.285143843679,310.605011080145,4.73235392625917
1.76273597818093,145.630175479547,4.23739181879395
543.562963320777,202.459560751852,4.20695133781606
35.3713080595545,492.16117555869,3.18812072177456
279.230509358049,22.4891508794408,3.76677105457921
534.169235821137,390.749959206455,3.45432285105975
65.9391698783953,81.817943184066,5.18383019405139
6.21111781820246,73.8938430255312,3.48571155883769
588.527295945681,225.205540851752,4.05497720546894
441.251775505399,457.129592506244,4.772120907264
656.254014826719,374.956308668153,3.17699468106093
103.881398335041,490.929495458498,4.38519602077818
624.165145070438,85.8463204790961,4.0604286285859
419.182065670316,259.050645430053,3.75693345396857
11.3347630198555,182.607985014904,3.21880254011753
62.4343714473364,113.667801283072,4.35353900830066
606.900305303514,204.279610534059,4.60267573596886
247.500349928694,226.157797683724,3.90849273806986
566.62295077327,431.319687583082,4.0524959824192
301.547107482086,135.053542715009,4.00226671232558
523.57865910433,458.392143399205,3.55912764660226
47.7645605035723,419.064503022916,3.96831156363338
199.566382722409,293.532371547939,4.01525128522996
551.811486533963,268.375801977926,3.60442466087713
168.747092274335,19.5535596332078,4.63557513761077
502.823952587399,351.965905494337,4.53738754119771
28.817254659577,57.5101708213218,3.31581020320782
532.917272616319,154.631228722436,4.68866323906065
NA,NA,NA
659.469006813454,332.527851125825,3.33955064448305
456.281135594372,298.821034074081,3.63562598127952
11.0240184335401,497.666776422066,3.73363930581069
558.591491024736,50.9716596228567,4.37625746210136
70.5796278890776,371.570148978507,3.97521293390704
227.649490331386,417.813560895028,4.00415623039238
428.683048010977,13.528098921223,3.55480441437256
360.211964652121,292.427558762004,2.95333251746007
603.641405672632,106.668980988496,4.11858503993193
391.736778619199,227.84447831536,4.24317723118512
571.734924714921,412.34112406688,4.76040201939393
146.424667811486,282.013989230057,4.49397284393493
196.383426829064,370.027995008881,4.00735483598408
126.920942203505,409.446846433186,3.41540710286701
636.285143843679,310.605011080145,4.73235392625917
1.76273597818093,145.630175479547,4.23739181879395
543.562963320777,202.459560751852,4.20695133781606
35.3713080595545,492.16117555869,3.18812072177456
279.230509358049,22.4891508794408,3.76677105457921
534.169235821137,390.749959206455,3.45432285105975
65.9391698783953,81.817943184066,5.18383019405139
6.21111781820246,73.8938430255312,3.48571155883769
588.527295945681,225.205540851752,4.05497720546894
441.251775505399,457.129592506244,4.772120907264
656.254014826719,374.956308668153,3.17699468106093
103.881398335041,490.929495458498,4.38519602077818
624.165145070438,85.8463204790961,4.0604286285859
419.182065670316,259.050645430053,3.75693345396857
11.3347630198555,182.607985014904,3.21880254011753
62.4343714473364,113.667801283072,4.35353900830066
606.900305303514,204.279610534059,4.60267573596886
247.500349928694,226.157797683724,3.90849273806986
566.62295077327,431.319687583082,4.0524959824192
301.547107482086,135.053542715009,4.00226671232558
523.57865910433,458.392143399205,3.55912764660226
47.7645605035723,419.064503022916,3.96831156363338
199.566382722409,293.532371547939,4.01525128522996
551.811486533963,268.375801977926,3.60442466087713
168.747092274335,19.5535596332078,4.63557513761077
502.823952587399,351.965905494337,4.53738754119771
28.817254659577,57.5101708213218,3.31581020320782
532.917272616319,154.631228722436,4.68866323906065
NA,NA,NA
659.469006813454,332.527851125825,3.33955064448305
456.281135594372,298.821034074081,3.63562598127952
11.0240184335401,497.666776422066,3.73363930581069
558.591491024736,50.9716596228567,4.37625746210136
70.5796278890776,371.570148978507,3.97521293390704
227.649490331386,417.813560895028,4.00415623039238
428.683048010977,13.528098921223,3.55480441437256
360.211964652121,292.427558762004,2.95333251746007
603.641405672632,106.668980988496,4.11858503993193
391.736778619199,227.84447831536,4.24317723118512
571.734924714921,412.34112406688,4.76040201939393
146.424667811486,282.013989230057,4.49397284393493
196.383426829064,370.027995008881,4.00735483598408
126.920942203505,409.446846433186,3.41540710286701
636.285143843679,310.605011080145,4.73235392625917
1.76273597818093,145.630175479547,4.23739181879395
543.562963320777,202.459560751852,4.20695133781606
35.3713080595545,492.16117555869,3.18812072177456
279.230509358049,22.4891508794408,3.76677105457921
534.169235821137,390.749959206455,3.45432285105975
65.9391698783953,81.817943184066,5.18383019405139
6.21111781820246,73.8938430255312,3.48571155883769
588.527295945681,225.205540851752,4.05497720546894
441.251775505399,457.129592506244,4.772120907264
656.254014826719,374.956308668153,3.17699468106093
103.881398335041,490.929495458498,4.38519602077818
624.165145070438,85.8463204790961,4.0604286285859
419.182065670316,259.050645430053,3.75693345396857
11.3347630198555,182.607985014904,3.21880254011753
62.4343714473364,113.667801283072,4.35353900830066
606.900305303514,204.279610534059,4.60267573596886
247.500349928694,226.157797683724,3.90849273806986
566.62295077327,431.319687583082,4.0524959824192
301.547107482086,135.053542715009,4.00226671232558
523.57865910433,458.392143399205,3.55912764660226
47.7645605035723,419.064503022916,3.96831156363338
199.566382722409,293.532371547939,4.01525128522996
551.811486533963,268.375801977926,3.60442466087713
168.747092274335,19.5535596332078,4.63557513761077
502.823952587399,351.965905494337,4.53738754119771
28.817254659577,57.5101708213218,3.31581020320782
532.917272616319,154.631228722436,4.68866323906065
NA,NA,NA
659.469006813454,332.527851125825,3.33955064448305
456.281135594372,298.821034074081,3.63562598127952
11.0240184335401,497.666776422066,3.73363930581069
558.591491024736,50.9716596228567,4.37625746210136
70.5796278890776,371.570148978507,3.97521293390704
227.649490331386,417.813560895028,4.00415623039238
428.683048010977,13.528098921223,3.55480441437256
360.211964652121,292.427558762004,2.95333251746007
603.641405672632,106.668980988496,4.11858503993193
391.736778619199,227.84447831536,4.24317723118512
571.734924714921,412.34112406688,4.76040201939393
146.424667811486,282.013989230057,4.49397284393493
196.383426829064,370.027995008881,4.00735483598408
126.920942203505,409.446846433186,3.41540710286701
636.285143843679,310.605011080145,4.73235392625917
1.76273597818093,145.630175479547,4.23739181879395
543.562963320777,202.459560751852,4.20695133781606
35.3713080595545,492.16117555869,3.18812072177456
279.230509358049,22.4891508794408,3.76677105457921
534.169235821137,390.749959206455,3.45432285105975
65.9391698783953,81.817943184066,5.18383019405139
6.21111781820246,73.8938430255312,3.48571155883769
588.527295945681,225.205540851752,4.05497720546894
441.251775505399,457.129592506244,4.772120907264
656.254014826719,374.956308668153,3.17699468106093
103.881398335041,490.929495458498,4.38519602077818
624.165145070438,85.8463204790961,4.0604286285859
419.182065670316,259.050645430053,3.75693345396857
11.3347630198555,182.607985014904,3.21880254011753
62.4343714473364,113.667801283072,4.35353900830066
606.900305303514,204.279610534059,4.60267573596886
247.500349928694,226.157797683724,3.90849273806986
566.62295077327,431.319687583082,4.0524959824192
301.547107482086,135.053542715009,4.00226671232558
523.57865910433,458.392143399205,3.55912764660226
47.7645605035723,419.064503022916,3.96831156363338
199.566382722409,293.532371547939,4.01525128522996
551.811486533963,268.375801977926,3.60442466087713
168.747092274335,19.5535596332078,4.63557513761077
502.823952587399,351.965905494337,4.53738754119771
28.817254659577,57.5101708213218,3.31581020320782
532.917272616319,154.631228722436,4.68866323906065
NA,NA,NA
659.469006813454,332.527851125825,3.33955064448305
456.281135594372,298.821034074081,3.63562598127952
11.0240184335401,497.666776422066,3.73363930581069
558.591491024736,50.9716596228567,4.37625746210136
70.5796278890776,371.570148978507,3.97521293390704
227.649490331386,417.813560895028,4.00415623039238
428.683048010977,13.528098921223,3.55480441437256
360.211964652121,292.427558762004,2.95333251746007
603.641405672632,106.668980988496,4.11858503993193
391.736778619199,227.84447831536,4.24317723118512
571.734924714921,412.34112406688,4.76040201939393
146.424667811486,282.013989230057,4.49397284393493
196.383426829064,370.027995008881,4.00735483598408
126.920942203505,409.446846433186,3.41540710286701
636.285143843679,310.605011080145,4.73235392625917
1.76273597818093,145.630175479547,4.23739181879395
543.562963320777,202.459560751852,4.20695133781606
35.3713080595545,492.16117555869,3.18812072177456
279.230509358049,22.4891508794408,3.76677105457921
534.169235821137,390.749959206455,3.45432285105975
65.9391698783953,81.817943184066,5.18383019405139
6.21111781820246,73.8938430255312,3.48571155883769
588.527295945681,225.205540851752,4.05497720546894
441.251775505399,457.129592506244,4.772120907264
656.254014826719,374.956308668153,3.17699468106093
103.881398335041,490.929495458498,4.38519602077818
624.165145070438,85.8463204790961,4.0604286285859
419.182065670316,259.050645430053,3.75693345396857
11.3347630198555,182.607985014904,3.21880254011753
62.4343714473364,113.667801283072,4.35353900830066
606.900305303514,204.279610534059,4.60267573596886
247.500349928694,226.157797683724,3.90849273806986
566.62295077327,431.319687583082,4.0524959824192
301.547107482086,135.053542715009,4.00226671232558
523.57865910433,458.392143399205,3.55912764660226
47.7645605035723,419.064503022916,3.96831156363338
199.566382722409,293.532371547939,4.01525128522996
551.811486533963,268.375801977926,3.60442466087713
168.747092274335,19.5535596332078,4.63557513761077
502.823952587399,351.965905494337,4.53738754119771
28.817254659577,57.5101708213218,3.31581020320782
532.917272616319,154.631228722436,4.68866323906065
NA,NA,NA
658.730880118168,336.627408380983,3.61258901593863
458.343618205133,298.584062011454,3.64161583205542
11.2429299815278,492.357013525529,3.576358688248
564.296206958234,51.8116938759764,4.22681686025745
70.0069042004121,375.791918231238,4.03823964164081
229.240140364566,415.266315065707,3.85601783025103
430.5357511062,12.9695818089564,3.3845224014606
362.376710409399,294.193573724245,3.14448403418569
608.413086850676,106.245735232851,4.22515750230198
389.783491204046,229.667062170392,4.21155502343421
563.585187381344,411.442411615938,4.68570088610638
140.156138496847,284.042791234668,4.3548669162037
199.816055479576,369.653051996695,3.98313560118605
122.620924792814,412.452356079165,3.48782304785742
628.587075813996,314.582104202669,4.67110623133032
-0.909626531161369,149.293591772984,4.12813558905868
547.13522730433,202.010372808339,4.1929977740681
33.9012332539507,491.492196712035,3.0350558439699
279.807873425987,24.5004627198985,3.90351284830273
534.900354138105,393.870248579373,3.41063236620684
79.513841917032,75.0599084732807,5.32826233102175
4.44133182819706,77.8293973004521,3.47974020087007
592.544987923084,225.775398211234,4.12675054974397
441.395642158007,452.973586941543,4.8114538236908
659.427365271342,374.273619231316,3.18413082139238
103.095805964097,489.92731050956,4.31468471271836
624.518981342451,89.9733174271218,4.10778878636876
418.89275076608,259.690624298975,3.64897310002741
10.9277952851866,180.849105701872,3.27681727239774
58.4411544465631,108.776373666996,4.49281529221484
596.623135927837,220.926460623389,4.17869652604797
245.9614229929,225.816793632528,3.72661306391594
583.02628478006,434.44158833633,4.00332464379768
298.553263755424,137.080314064685,3.73202140676936
531.183486601696,452.376864556755,3.470102808752
36.1154042885884,415.620049451912,3.83990675105148
202.873937697235,284.017905998222,3.66416249477005
557.530902575529,266.512991016717,3.93307223526411
161.190977224949,31.6648854001165,4.20455901488976
506.38950645158,345.899224575433,4.67005399348562
39.8003741500595,59.8836219533707,3.80449698738392
551.331147716359,140.668522398454,4.57218838068365
NA,NA,NA
658.730880118168,336.627408380983,3.61258901593863
458.343618205133,298.584062011454,3.64161583205542
11.2429299815278,492.357013525529,3.576358688248
564.296206958234,51.8116938759764,4.22681686025745
70.0069042004121,375.791918231238,4.03823964164081
229.240140364566,415.266315065707,3.85601783025103
430.5357511062,12.9695818089564,3.3845224014606
362.376710409399,294.193573724245,3.14448403418569
608.413086850676,106.245735232851,4.22515750230198
389.783491204046,229.667062170392,4.21155502343421
563.585187381344,411.442411615938,4.68570088610638
140.156138496847,284.042791234668,4.3548669162037
199.816055479576,369.653051996695,3.98313560118605
122.620924792814,412.452356079165,3.48782304785742
628.587075813996,314.582104202669,4.67110623133032
-0.909626531161369,149.293591772984,4.12813558905868
547.13522730433,202.010372808339,4.1929977740681
33.9012332539507,491.492196712035,3.0350558439699
279.807873425987,24.5004627198985,3.90351284830273
534.900354138105,393.870248579373,3.41063236620684
79.513841917032,75.0599084732807,5.32826233102175
4.44133182819706,77.8293973004521,3.47974020087007
592.544987923084,225.775398211234,4.12675054974397
441.395642158007,452.973586941543,4.8114538236908
659.427365271342,374.273619231316,3.18413082139238
103.095805964097,489.92731050956,4.31468471271836
624.518981342451,89.9733174271218,4.10778878636876
418.89275076608,259.690624298975,3.64897310002741
10.9277952851866,180.849105701872,3.27681727239774
58.4411544465631,108.776373666996,4.49281529221484
596.623135927837,220.926460623389,4.17869652604797
245.9614229929,225.816793632528,3.72661306391594
583.02628478006,434.44158833633,4.00332464379768
298.553263755424,137.080314064685,3.73202140676936
531.183486601696,452.376864556755,3.470102808752
36.1154042885884,415.620049451912,3.83990675105148
202.873937697235,284.017905998222,3.66416249477005
557.530902575529,266.512991016717,3.93307223526411
161.190977224949,31.6648854001165,4.20455901488976
506.38950645158,345.899224575433,4.67005399348562
39.8003741500595,59.8836219533707,3.80449698738392
551.331147716359,140.668522398454,4.57218838068365
NA,NA,NA
658.730880118168,336.627408380983,3.61258901593863
458.343618205133,298.584062011454,3.64161583205542
11.2429299815278,492.357013525529,3.576358688248
564.296206958234,51.8116938759764,4.22681686025745
70.0069042004121,375.791918231238,4.03823964164081
229.240140364566,415.266315065707,3.85601783025103
430.5357511062,12.9695818089564,3.3845224014606
362.376710409399,294.193573724245,3.14448403418569
608.413086850676,106.245735232851,4.22515750230198
389.783491204046,229.667062170392,4.21155502343421
563.585187381344,411.442411615938,4.68570088610638
140.156138496847,284.042791234668,4.3548669162037
199.816055479576,369.653051996695,3.98313560118605
122.620924792814,412.452356079165,3.48782304785742
628.587075813996,314.582104202669,4.67110623133032
-0.909626531161369,149.293591772984,4.12813558905868
547.13522730433,202.010372808339,4.1929977740681
33.9012332539507,491.492196712035,3.0350558439699
279.807873425987,24.5004627198985,3.90351284830273
534.900354138105,393.870248579373,3.41063236620684
79.513841917032,75.0599084732807,5.32826233102175
4.44133182819706,77.8293973004521,3.47974020087007
592.544987923084,225.775398211234,4.12675054974397
441.395642158007,452.973586941543,4.8114538236908
659.427365271342,374.273619231316,3.18413082139238
103.095805964097,489.92731050956,4.31468471271836
624.518981342451,89.9733174271218,4.10778878636876
418.89275076608,259.690624298975,3.64897310002741
10.9277952851866,180.849105701872,3.27681727239774
58.4411544465631,108.776373666996,4.49281529221484
596.623135927837,220.926460623389,4.17869652604797
245.9614229929,225.816793632528,3.72661306391594
583.02628478006,434.44158833633,4.00332464379768
298.553263755424,137.080314064685,3.73202140676936
531.183486601696,452.376864556755,3.470102808752
36.1154042885884,415.620049451912,3.83990675105148
202.873937697235,284.017905998222,3.66416249477005
557.530902575529,266.512991016717,3.93307223526411
161.190977224949,31.6648854001165,4.20455901488976
506.38950645158,345.899224575433,4.67005399348562
39.8003741500595,59.8836219533707,3.80449698738392
551.331147716359,140.668522398454,4.57218838068365
NA,NA,NA
658.730880118168,336.627408380983,3.61258901593863
458.343618205133,298.584062011454,3.64161583205542
11.2429299815278,492.357013525529,3.576358688248
564.296206958234,51.8116938759764,4.22681686025745
70.0069042004121,375.791918231238,4.03823964164081
229.240140364566,415.266315065707,3.85601783025103
430.5357511062,12.9695818089564,3.3845224014606
362.376710409399,294.193573724245,3.14448403418569
608.413086850676,106.245735232851,4.22515750230198
389.783491204046,229.667062170392,4.21155502343421
563.585187381344,411.442411615938,4.68570088610638
140.156138496847,284.042791234668,4.3548669162037
199.816055479576,369.653051996695,3.98313560118605
122.620924792814,412.452356079165,3.48782304785742
628.587075813996,314.582104202669,4.67110623133032
-0.909626531161369,149.293591772984,4.12813558905868
547.13522730433,202.010372808339,4.1929977740681
33.9012332539507,491.492196712035,3.0350558439699
279.807873425987,24.5004627198985,3.90351284830273
534.900354138105,393.870248579373,3.41063236620684
79.513841917032,75.0599084732807,5.32826233102175
4.44133182819706,77.8293973004521,3.47974020087007
592.544987923084,225.775398211234,4.12675054974397
441.395642158007,452.973586941543,4.8114538236908
659.427365271342,374.273619231316,3.18413082139238
103.095805964097,489.92731050956,4.31468471271836
624.518981342451,89.9733174271218,4.10778878636876
418.89275076608,259.690624298975,3.64897310002741
10.9277952851866,180.849105701872,3.27681727239774
58.4411544465631,108.776373666996,4.49281529221484
596.623135927837,220.926460623389,4.17869652604797
245.9614229929,225.816793632528,3.72661306391594
583.02628478006,434.44158833633,4.00332464379768
298.553263755424,137.080314064685,3.73202140676936
531.183486601696,452.376864556755,3.470102808752
36.1154042885884,415.620049451912,3.83990675105148
202.873937697235,284.017905998222,3.66416249477005
557.530902575529,266.512991016717,3.93307223526411
161.190977224949,31.6648854001165,4.20455901488976
506.38950645158,345.899224575433,4.67005399348562
39.8003741500595,59.8836219533707,3.80449698738392
551.331147716359,140.668522398454,4.57218838068365
NA,NA,NA
658.730880118168,336.627408380983,3.61258901593863
458.343618205133,298.584062011454,3.64161583205542
11.2429299815278,492.357013525529,3.576358688248
564.296206958234,51.8116938759764,4.22681686025745
70.0069042004121,375.791918231238,4.03823964164081
229.240140364566,415.266315065707,3.85601783025103
430.5357511062,12.9695818089564,3.3845224014606
362.376710409399,294.193573724245,3.14448403418569
608.413086850676,106.245735232851,4.22515750230198
389.783491204046,229.667062170392,4.21155502343421
563.585187381344,411.442411615938,4.68570088610638
140.156138496847,284.042791234668,4.3548669162037
199.816055479576,369.653051996695,3.98313560118605
122.620924792814,412.452356079165,3.48782304785742
628.587075813996,314.582104202669,4.67110623133032
-0.909626531161369,149.293591772984,4.12813558905868
547.13522730433,202.010372808339,4.1929977740681
33.9012332539507,491.492196712035,3.0350558439699
279.807873425987,24.5004627198985,3.90351284830273
534.900354138105,393.870248579373,3.41063236620684
79.513841917032,75.0599084732807,5.32826233102175
4.44133182819706,77.8293973004521,3.47974020087007
592.544987923084,225.775398211234,4.12675054974397
441.395642158007,452.973586941543,4.8114538236908
659.427365271342,374.273619231316,3.18413082139238
103.095805964097,489.92731050956,4.31468471271836
624.518981342451,89.9733174271218,4.10778878636876
418.89275076608,259.690624298975,3.64897310002741
10.9277952851866,180.849105701872,3.27681727239774
58.4411544465631,108.776373666996,4.49281529221484
596.623135927837,220.926460623389,4.17869652604797
245.9614229929,225.816793632528,3.72661306391594
583.02628478006,434.44158833633,4.00332464379768
298.553263755424,137.080314064685,3.73202140676936
531.183486601696,452.376864556755,3.470102808752
36.1154042885884,415.620049451912,3.83990675105148
202.873937697235,284.017905998222,3.66416249477005
557.530902575529,266.512991016717,3.93307223526411
161.190977224949,31.6648854001165,4.20455901488976
506.38950645158,345.899224575433,4.67005399348562
39.8003741500595,59.8836219533707,3.80449698738392
551.331147716359,140.668522398454,4.57218838068365
NA,NA,NA
658.730880118168,336.627408380983,3.61258901593863
458.343618205133,298.584062011454,3.64161583205542
11.2429299815278,492.357013525529,3.576358688248
564.296206958234,51.8116938759764,4.22681686025745
70.0069042004121,375.791918231238,4.03823964164081
229.240140364566,415.266315065707,3.85601783025103
430.5357511062,12.9695818089564,3.3845224014606
362.376710409399,294.193573724245,3.14448403418569
608.413086850676,106.245735232851,4.22515750230198
389.783491204046,229.667062170392,4.21155502343421
563.585187381344,411.442411615938,4.68570088610638
140.156138496847,284.042791234668,4.3548669162037
199.816055479576,369.653051996695,3.98313560118605
122.620924792814,412.452356079165,3.48782304785742
628.587075813996,314.582104202669,4.67110623133032
-0.909626531161369,149.293591772984,4.12813558905868
547.13522730433,202.010372808339,4.1929977740681
33.9012332539507,491.492196712035,3.0350558439699
279.807873425987,24.5004627198985,3.90351284830273
534.900354138105,393.870248579373,3.41063236620684
79.513841917032,75.0599084732807,5.32826233102175
4.44133182819706,77.8293973004521,3.47974020087007
592.544987923084,225.775398211234,4.12675054974397
441.395642158007,452.973586941543,4.8114538236908
659.427365271342,374.273619231316,3.18413082139238
103.095805964097,489.92731050956,4.31468471271836
624.518981342451,89.9733174271218,4.10778878636876
418.89275076608,259.690624298975,3.64897310002741
10.9277952851866,180.849105701872,3.27681727239774
58.4411544465631,108.776373666996,4.49281529221484
596.623135927837,220.926460623389,4.17869652604797
245.9614229929,225.816793632528,3.72661306391594
583.02628478006,434.44158833633,4.00332464379768
298.553263755424,137.080314064685,3.73202140676936
531.183486601696,452.376864556755,3.470102808752
36.1154042885884,415.620049451912,3.83990675105148
202.873937697235,284.017905998222,3.66416249477005
557.530902575529,266.512991016717,3.93307223526411
161.190977224949,31.6648854001165,4.20455901488976
506.38950645158,345.899224575433,4.67005399348562
39.8003741500595,59.8836219533707,3.80449698738392
551.331147716359,140.668522398454,4.57218838068365
NA,NA,NA
662.494894099607,337.638364456785,3.48316361193534
454.882681822333,298.648686717593,3.46122853510247
14.5219134142186,493.287663324941,3.50093209022781
562.180286618506,48.350777396691,4.11913754809037
70.7625889649244,378.205897391342,3.90328821083292
232.614584643334,412.889931738936,3.95090677274625
426.406181656193,14.5697578680568,3.4515706117508
362.814518442957,291.737466649445,2.95304689209514
602.893302029359,107.905877375207,4.18358696753471
395.285101255391,233.411064918768,4.31755016005013
573.424311529079,408.757271789227,4.74592494597136
138.934061097648,281.268764342881,4.6330996954705
199.136903116856,367.680863393395,3.97851237344946
123.653952540841,409.945296776251,3.45575300636776
621.173448479994,316.414082448972,4.6147587388242
1.68672295561129,145.14734866982,4.2349888297489
546.118518970196,201.392998442647,4.18801586655259
33.6435320008181,492.825525513274,3.00466719699906
281.086400113909,21.4488705107366,3.8887630984743
535.455484022285,395.698897885784,3.49879739794021
74.2999246898155,77.0584453374035,5.19334797191441
5.34714855500225,76.0837682202566,3.41582654057469
589.796417286527,227.716189659574,3.95640128288588
437.060279449728,461.50043481144,4.81345659143642
655.27285741859,373.781978913761,3.10954642739327
108.711879981227,484.199843744596,4.28862938996507
624.674026415183,89.0390352577259,4.11367057896784
415.131745049486,260.414478619274,3.60230948176137
12.6156056622562,180.690409324412,3.2274696062338
78.5390772513833,127.965527172103,4.31973770148681
599.497918154955,204.111359184527,4.27630395319491
261.26821952317,226.861163543866,3.72194829326731
576.880363042942,433.172595568295,3.84030094461291
300.520379347424,129.45332606037,4.0715381128436
528.424542586981,467.79936061963,3.64703007027037
39.1771562859191,415.861031779169,3.91846501343846
187.348676255872,305.214412319083,4.19654228830791
556.178068718377,265.24727394446,3.88889423257882
186.383344251422,30.7599108239156,4.41225670321817
500.482182839442,347.99461369338,4.35911769180727
39.3824850912782,63.4406274494392,3.55406359791625
529.220660136185,148.314896083841,4.50815913310138
NA,NA,NA
662.494894099607,337.638364456785,3.48316361193534
454.882681822333,298.648686717593,3.46122853510247
14.5219134142186,493.287663324941,3.50093209022781
562.180286618506,48.350777396691,4.11913754809037
70.7625889649244,378.205897391342,3.90328821083292
232.614584643334,412.889931738936,3.95090677274625
426.406181656193,14.5697578680568,3.4515706117508
362.814518442957,291.737466649445,2.95304689209514
602.893302029359,107.905877375207,4.18358696753471
395.285101255391,233.411064918768,4.31755016005013
573.424311529079,408.757271789227,4.74592494597136
138.934061097648,281.268764342881,4.6330996954705
199.136903116856,367.680863393395,3.97851237344946
123.653952540841,409.945296776251,3.45575300636776
621.173448479994,316.414082448972,4.6147587388242
1.68672295561129,145.14734866982,4.2349888297489
546.118518970196,201.392998442647,4.18801586655259
33.6435320008181,492.825525513274,3.00466719699906
281.086400113909,21.4488705107366,3.8887630984743
535.455484022285,395.698897885784,3.49879739794021
74.2999246898155,77.0584453374035,5.19334797191441
5.34714855500225,76.0837682202566,3.41582654057469
589.796417286527,227.716189659574,3.95640128288588
437.060279449728,461.50043481144,4.81345659143642
655.27285741859,373.781978913761,3.10954642739327
108.711879981227,484.199843744596,4.28862938996507
624.674026415183,89.0390352577259,4.11367057896784
415.131745049486,260.414478619274,3.60230948176137
12.6156056622562,180.690409324412,3.2274696062338
78.5390772513833,127.965527172103,4.31973770148681
599.497918154955,204.111359184527,4.27630395319491
261.26821952317,226.861163543866,3.72194829326731
576.880363042942,433.172595568295,3.84030094461291
300.520379347424,129.45332606037,4.0715381128436
528.424542586981,467.79936061963,3.64703007027037
39.1771562859191,415.861031779169,3.91846501343846
187.348676255872,305.214412319083,4.19654228830791
556.178068718377,265.24727394446,3.88889423257882
186.383344251422,30.7599108239156,4.41225670321817
500.482182839442,347.99461369338,4.35911769180727
39.3824850912782,63.4406274494392,3.55406359791625
529.220660136185,148.314896083841,4.50815913310138
NA,NA,NA
662.494894099607,337.638364456785,3.48316361193534
454.882681822333,298.648686717593,3.46122853510247
14.5219134142186,493.287663324941,3.50093209022781
562.180286618506,48.350777396691,4.11913754809037
70.7625889649244,378.205897391342,3.90328821083292
232.614584643334,412.889931738936,3.95090677274625
426.406181656193,14.5697578680568,3.4515706117508
362.814518442957,291.737466649445,2.95304689209514
602.893302029359,107.905877375207,4.18358696753471
395.285101255391,233.411064918768,4.31755016005013
573.424311529079,408.757271789227,4.74592494597136
138.934061097648,281.268764342881,4.6330996954705
199.136903116856,367.680863393395,3.97851237344946
123.653952540841,409.945296776251,3.45575300636776
621.173448479994,316.414082448972,4.6147587388242
1.68672295561129,145.14734866982,4.2349888297489
546.118518970196,201.392998442647,4.18801586655259
33.6435320008181,492.825525513274,3.00466719699906
281.086400113909,21.4488705107366,3.8887630984743
535.455484022285,395.698897885784,3.49879739794021
74.2999246898155,77.0584453374035,5.19334797191441
5.34714855500225,76.0837682202566,3.41582654057469
589.796417286527,227.716189659574,3.95640128288588
437.060279449728,461.50043481144,4.81345659143642
655.27285741859,373.781978913761,3.10954642739327
108.711879981227,484.199843744596,4.28862938996507
624.674026415183,89.0390352577259,4.11367057896784
415.131745049486,260.414478619274,3.60230948176137
12.6156056622562,180.690409324412,3.2274696062338
78.5390772513833,127.965527172103,4.31973770148681
599.497918154955,204.111359184527,4.27630395319491
261.26821952317,226.861163543866,3.72194829326731
576.880363042942,433.172595568295,3.84030094461291
300.520379347424,129.45332606037,4.0715381128436
528.424542586981,467.79936061963,3.64703007027037
39.1771562859191,415.861031779169,3.91846501343846
187.348676255872,305.214412319083,4.19654228830791
556.178068718377,265.24727394446,3.88889423257882
186.383344251422,30.7599108239156,4.41225670321817
500.482182839442,347.99461369338,4.35911769180727
39.3824850912782,63.4406274494392,3.55406359791625
529.220660136185,148.314896083841,4.50815913310138
NA,NA,NA
662.494894099607,337.638364456785,3.48316361193534
454.882681822333,298.648686717593,3.46122853510247
14.5219134142186,493.287663324941,3.50093209022781
562.180286618506,48.350777396691,4.11913754809037
70.7625889649244,378.205897391342,3.90328821083292
232.614584643334,412.889931738936,3.95090677274625
426.406181656193,14.5697578680568,3.4515706117508
362.814518442957,291.737466649445,2.95304689209514
602.893302029359,107.905877375207,4.18358696753471
395.285101255391,233.411064918768,4.31755016005013
573.424311529079,408.757271789227,4.74592494597136
138.934061097648,281.268764342881,4.6330996954705
199.136903116856,367.680863393395,3.97851237344946
123.653952540841,409.945296776251,3.45575300636776
621.173448479994,316.414082448972,4.6147587388242
1.68672295561129,145.14734866982,4.2349888297489
546.118518970196,201.392998442647,4.18801586655259
33.6435320008181,492.825525513274,3.00466719699906
281.086400113909,21.4488705107366,3.8887630984743
535.455484022285,395.698897885784,3.49879739794021
74.2999246898155,77.0584453374035,5.19334797191441
5.34714855500225,76.0837682202566,3.41582654057469
589.796417286527,227.716189659574,3.95640128288588
437.060279449728,461.50043481144,4.81345659143642
655.27285741859,373.781978913761,3.10954642739327
108.711879981227,484.199843744596,4.28862938996507
624.674026415183,89.0390352577259,4.11367057896784
415.131745049486,260.414478619274,3.60230948176137
12.6156056622562,180.690409324412,3.2274696062338
78.5390772513833,127.965527172103,4.31973770148681
599.497918154955,204.111359184527,4.27630395319491
261.26821952317,226.861163543866,3.72194829326731
576.880363042942,433.172595568295,3.84030094461291
300.520379347424,129.45332606037,4.0715381128436
528.424542586981,467.79936061963,3.64703007027037
39.1771562859191,415.861031779169,3.91846501343846
187.348676255872,305.214412319083,4.19654228830791
556.178068718377,265.24727394446,3.88889423257882
186.383344251422,30.7599108239156,4.41225670321817
500.482182839442,347.99461369338,4.35911769180727
39.3824850912782,63.4406274494392,3.55406359791625
529.220660136185,148.314896083841,4.50815913310138
NA,NA,NA
662.494894099607,337.638364456785,3.48316361193534
454.882681822333,298.648686717593,3.46122853510247
14.5219134142186,493.287663324941,3.50093209022781
562.180286618506,48.350777396691,4.11913754809037
70.7625889649244,378.205897391342,3.90328821083292
232.614584643334,412.889931738936,3.95090677274625
426.406181656193,14.5697578680568,3.4515706117508
362.814518442957,291.737466649445,2.95304689209514
602.893302029359,107.905877375207,4.18358696753471
395.285101255391,233.411064918768,4.31755016005013
573.424311529079,408.757271789227,4.74592494597136
138.934061097648,281.268764342881,4.6330996954705
199.136903116856,367.680863393395,3.97851237344946
123.653952540841,409.945296776251,3.45575300636776
621.173448479994,316.414082448972,4.6147587388242
1.68672295561129,145.14734866982,4.2349888297489
546.118518970196,201.392998442647,4.18801586655259
33.6435320008181,492.825525513274,3.00466719699906
281.086400113909,21.4488705107366,3.8887630984743
535.455484022285,395.698897885784,3.49879739794021
74.2999246898155,77.0584453374035,5.19334797191441
5.34714855500225,76.0837682202566,3.41582654057469
589.796417286527,227.716189659574,3.95640128288588
437.060279449728,461.50043481144,4.81345659143642
655.27285741859,373.781978913761,3.10954642739327
108.711879981227,484.199843744596,4.28862938996507
624.674026415183,89.0390352577259,4.11367057896784
415.131745049486,260.414478619274,3.60230948176137
12.6156056622562,180.690409324412,3.2274696062338
78.5390772513833,127.965527172103,4.31973770148681
599.497918154955,204.111359184527,4.27630395319491
261.26821952317,226.861163543866,3.72194829326731
576.880363042942,433.172595568295,3.84030094461291
300.520379347424,129.45332606037,4.0715381128436
528.424542586981,467.79936061963,3.64703007027037
39.1771562859191,415.861031779169,3.91846501343846
187.348676255872,305.214412319083,4.19654228830791
556.178068718377,265.24727394446,3.88889423257882
186.383344251422,30.7599108239156,4.41225670321817
500.482182839442,347.99461369338,4.35911769180727
39.3824850912782,63.4406274494392,3.55406359791625
529.220660136185,148.314896083841,4.50815913310138
NA,NA,NA
662.494894099607,337.638364456785,3.48316361193534
454.882681822333,298.648686717593,3.46122853510247
14.5219134142186,493.287663324941,3.50093209022781
562.180286618506,48.350777396691,4.11913754809037
70.7625889649244,378.205897391342,3.90328821083292
232.614584643334,412.889931738936,3.95090677274625
426.406181656193,14.5697578680568,3.4515706117508
362.814518442957,291.737466649445,2.95304689209514
602.893302029359,107.905877375207,4.18358696753471
395.285101255391,233.411064918768,4.31755016005013
573.424311529079,408.757271789227,4.74592494597136
138.934061097648,281.268764342881,4.6330996954705
199.136903116856,367.680863393395,3.97851237344946
123.653952540841,409.945296776251,3.45575300636776
621.173448479994,316.414082448972,4.6147587388242
1.68672295561129,145.14734866982,4.2349888297489
546.118518970196,201.392998442647,4.18801586655259
33.6435320008181,492.825525513274,3.00466719699906
281.086400113909,21.4488705107366,3.8887630984743
535.455484022285,395.698897885784,3.49879739794021
74.2999246898155,77.0584453374035,5.19334797191441
5.34714855500225,76.0837682202566,3.41582654057469
589.796417286527,227.716189659574,3.95640128288588
437.060279449728,461.50043481144,4.81345659143642
655.27285741859,373.781978913761,3.10954642739327
108.711879981227,484.199843744596,4.28862938996507
624.674026415183,89.0390352577259,4.11367057896784
415.131745049486,260.414478619274,3.60230948176137
12.6156056622562,180.690409324412,3.2274696062338
78.5390772513833,127.965527172103,4.31973770148681
599.497918154955,204.111359184527,4.27630395319491
261.26821952317,226.861163543866,3.72194829326731
576.880363042942,433.172595568295,3.84030094461291
300.520379347424,129.45332606037,4.0715381128436
528.424542586981,467.79936061963,3.64703007027037
39.1771562859191,415.861031779169,3.91846501343846
187.348676255872,305.214412319083,4.19654228830791
556.178068718377,265.24727394446,3.88889423257882
186.383344251422,30.7599108239156,4.41225670321817
500.482182839442,347.99461369338,4.35911769180727
39.3824850912782,63.4406274494392,3.55406359791625
529.220660136185,148.314896083841,4.50815913310138
NA,NA,NA
659.911735554894,332.91717802667,3.51943802012693
457.774107208597,297.78529438922,3.3797519049452
11.1979841190339,496.196423961995,3.83223789605986
561.45343392406,48.5295571059247,4.2052491788436
70.3508354744441,373.365594826599,3.89939461110617
228.837137722774,412.218357057461,3.78303970084305
429.073142941403,13.0603973708217,3.2119547581008
360.320365323456,292.59824994509,3.02486916688478
609.188691921734,103.179864857196,4.22795722837613
390.305523588976,226.398215739097,4.12968152011231
570.648457845273,404.559409593788,4.71520222973205
140.373861543798,274.810222509196,4.48613642519131
202.714278286612,370.979854316392,4.11697508388462
121.374704964122,408.38287234737,3.49766446659351
631.421918550041,316.131629179424,4.53626082514103
-3.53858998019651,148.064515610948,4.27111915200734
545.893437668892,204.601442484947,4.0801131561534
34.3041886082736,491.503570671131,3.0512905491187
282.403167380099,21.9050743875216,4.05939073726346
536.932955575044,392.617553442344,3.43843053009336
75.4689625894327,78.1973964375973,5.1801304327679
5.02219141194451,76.3107655202076,3.69460930606549
590.283843719762,227.75531274801,4.03146148040639
443.043547616851,467.714309849504,4.74538234799361
657.417781919428,373.860720322708,3.01442092804526
103.561267446248,482.038834314002,4.34555135735378
626.796231861979,90.7163159820997,4.06074710668888
419.505592501447,259.716712235638,3.5877892056915
10.4682357955816,180.554144798597,3.28635210368814
64.1328299977553,108.534043769726,4.29854194563053
607.409236091476,216.368059955405,4.24523460438419
252.77586493992,218.95780067465,4.03678106995068
576.049823688011,427.046088945547,3.93702011611251
299.895628413683,134.363502498011,3.73318175622591
530.428893486059,453.382780131144,3.54010314269728
38.1292329159983,423.423311448591,3.90753154403671
191.094333446682,292.143097755101,3.93600563324971
545.3087598819,265.476646084186,3.78063620671816
171.39258595237,18.6633352619483,4.54833242090769
507.26883815339,333.927199382807,4.7765358100067
41.7690332406643,57.1873558250542,3.57504676656357
530.34695656721,134.463663261125,4.94642530378744
NA,NA,NA
659.911735554894,332.91717802667,3.51943802012693
457.774107208597,297.78529438922,3.3797519049452
11.1979841190339,496.196423961995,3.83223789605986
561.45343392406,48.5295571059247,4.2052491788436
70.3508354744441,373.365594826599,3.89939461110617
228.837137722774,412.218357057461,3.78303970084305
429.073142941403,13.0603973708217,3.2119547581008
360.320365323456,292.59824994509,3.02486916688478
609.188691921734,103.179864857196,4.22795722837613
390.305523588976,226.398215739097,4.12968152011231
570.648457845273,404.559409593788,4.71520222973205
140.373861543798,274.810222509196,4.48613642519131
202.714278286612,370.979854316392,4.11697508388462
121.374704964122,408.38287234737,3.49766446659351
631.421918550041,316.131629179424,4.53626082514103
-3.53858998019651,148.064515610948,4.27111915200734
545.893437668892,204.601442484947,4.0801131561534
34.3041886082736,491.503570671131,3.0512905491187
282.403167380099,21.9050743875216,4.05939073726346
536.932955575044,392.617553442344,3.43843053009336
75.4689625894327,78.1973964375973,5.1801304327679
5.02219141194451,76.3107655202076,3.69460930606549
590.283843719762,227.75531274801,4.03146148040639
443.043547616851,467.714309849504,4.74538234799361
657.417781919428,373.860720322708,3.01442092804526
103.561267446248,482.038834314002,4.34555135735378
626.796231861979,90.7163159820997,4.06074710668888
419.505592501447,259.716712235638,3.5877892056915
10.4682357955816,180.554144798597,3.28635210368814
64.1328299977553,108.534043769726,4.29854194563053
607.409236091476,216.368059955405,4.24523460438419
252.77586493992,218.95780067465,4.03678106995068
576.049823688011,427.046088945547,3.93702011611251
299.895628413683,134.363502498011,3.73318175622591
530.428893486059,453.382780131144,3.54010314269728
38.1292329159983,423.423311448591,3.90753154403671
191.094333446682,292.143097755101,3.93600563324971
545.3087598819,265.476646084186,3.78063620671816
171.39258595237,18.6633352619483,4.54833242090769
507.26883815339,333.927199382807,4.7765358100067
41.7690332406643,57.1873558250542,3.57504676656357
530.34695656721,134.463663261125,4.94642530378744
NA,NA,NA
659.911735554894,332.91717802667,3.51943802012693
457.774107208597,297.78529438922,3.3797519049452
11.1979841190339,496.196423961995,3.83223789605986
561.45343392406,48.5295571059247,4.2052491788436
70.3508354744441,373.365594826599,3.89939461110617
228.837137722774,412.218357057461,3.78303970084305
429.073142941403,13.0603973708217,3.2119547581008
360.320365323456,292.59824994509,3.02486916688478
609.188691921734,103.179864857196,4.22795722837613
390.305523588976,226.398215739097,4.12968152011231
570.648457845273,404.559409593788,4.71520222973205
140.373861543798,274.810222509196,4.48613642519131
202.714278286612,370.979854316392,4.11697508388462
121.374704964122,408.38287234737,3.49766446659351
631.421918550041,316.131629179424,4.53626082514103
-3.53858998019651,148.064515610948,4.27111915200734
545.893437668892,204.601442484947,4.0801131561534
34.3041886082736,491.503570671131,3.0512905491187
282.403167380099,21.9050743875216,4.05939073726346
536.932955575044,392.617553442344,3.43843053009336
75.4689625894327,78.1973964375973,5.1801304327679
5.02219141194451,76.3107655202076,3.69460930606549
590.283843719762,227.75531274801,4.03146148040639
443.043547616851,467.714309849504,4.74538234799361
657.417781919428,373.860720322708,3.01442092804526
103.561267446248,482.038834314002,4.34555135735378
626.796231861979,90.7163159820997,4.06074710668888
419.505592501447,259.716712235638,3.5877892056915
10.4682357955816,180.554144798597,3.28635210368814
64.1328299977553,108.534043769726,4.29854194563053
607.409236091476,216.368059955405,4.24523460438419
252.77586493992,218.95780067465,4.03678106995068
576.049823688011,427.046088945547,3.93702011611251
299.895628413683,134.363502498011,3.73318175622591
530.428893486059,453.382780131144,3.54010314269728
38.1292329159983,423.423311448591,3.90753154403671
191.094333446682,292.143097755101,3.93600563324971
545.3087598819,265.476646084186,3.78063620671816
171.39258595237,18.6633352619483,4.54833242090769
507.26883815339,333.927199382807,4.7765358100067
41.7690332406643,57.1873558250542,3.57504676656357
530.34695656721,134.463663261125,4.94642530378744
NA,NA,NA
659.911735554894,332.91717802667,3.51943802012693
457.774107208597,297.78529438922,3.3797519049452
11.1979841190339,496.196423961995,3.83223789605986
561.45343392406,48.5295571059247,4.2052491788436
70.3508354744441,373.365594826599,3.89939461110617
228.837137722774,412.218357057461,3.78303970084305
429.073142941403,13.0603973708217,3.2119547581008
360.320365323456,292.59824994509,3.02486916688478
609.188691921734,103.179864857196,4.22795722837613
390.305523588976,226.398215739097,4.12968152011231
570.648457845273,404.559409593788,4.71520222973205
140.373861543798,274.810222509196,4.48613642519131
202.714278286612,370.979854316392,4.11697508388462
121.374704964122,408.38287234737,3.49766446659351
631.421918550041,316.131629179424,4.53626082514103
-3.53858998019651,148.064515610948,4.27111915200734
545.893437668892,204.601442484947,4.0801131561534
34.3041886082736,491.503570671131,3.0512905491187
282.403167380099,21.9050743875216,4.05939073726346
536.932955575044,392.617553442344,3.43843053009336
75.4689625894327,78.1973964375973,5.1801304327679
5.02219141194451,76.3107655202076,3.69460930606549
590.283843719762,227.75531274801,4.03146148040639
443.043547616851,467.714309849504,4.74538234799361
657.417781919428,373.860720322708,3.01442092804526
103.561267446248,482.038834314002,4.34555135735378
626.796231861979,90.7163159820997,4.06074710668888
419.505592501447,259.716712235638,3.5877892056915
10.4682357955816,180.554144798597,3.28635210368814
64.1328299977553,108.534043769726,4.29854194563053
607.409236091476,216.368059955405,4.24523460438419
252.77586493992,218.95780067465,4.03678106995068
576.049823688011,427.046088945547,3.93702011611251
299.895628413683,134.363502498011,3.73318175622591
530.428893486059,453.382780131144,3.54010314269728
38.1292329159983,423.423311448591,3.90753154403671
191.094333446682,292.143097755101,3.93600563324971
545.3087598819,265.476646084186,3.78063620671816
171.39258595237,18.6633352619483,4.54833242090769
507.26883815339,333.927199382807,4.7765358100067
41.7690332406643,57.1873558250542,3.57504676656357
530.34695656721,134.463663261125,4.94642530378744
NA,NA,NA
659.911735554894,332.91717802667,3.51943802012693
457.774107208597,297.78529438922,3.3797519049452
11.1979841190339,496.196423961995,3.83223789605986
561.45343392406,48.5295571059247,4.2052491788436
70.3508354744441,373.365594826599,3.89939461110617
228.837137722774,412.218357057461,3.78303970084305
429.073142941403,13.0603973708217,3.2119547581008
360.320365323456,292.59824994509,3.02486916688478
609.188691921734,103.179864857196,4.22795722837613
390.305523588976,226.398215739097,4.12968152011231
570.648457845273,404.559409593788,4.71520222973205
140.373861543798,274.810222509196,4.48613642519131
202.714278286612,370.979854316392,4.11697508388462
121.374704964122,408.38287234737,3.49766446659351
631.421918550041,316.131629179424,4.53626082514103
-3.53858998019651,148.064515610948,4.27111915200734
545.893437668892,204.601442484947,4.0801131561534
34.3041886082736,491.503570671131,3.0512905491187
282.403167380099,21.9050743875216,4.05939073726346
536.932955575044,392.617553442344,3.43843053009336
75.4689625894327,78.1973964375973,5.1801304327679
5.02219141194451,76.3107655202076,3.69460930606549
590.283843719762,227.75531274801,4.03146148040639
443.043547616851,467.714309849504,4.74538234799361
657.417781919428,373.860720322708,3.01442092804526
103.561267446248,482.038834314002,4.34555135735378
626.796231861979,90.7163159820997,4.06074710668888
419.505592501447,259.716712235638,3.5877892056915
10.4682357955816,180.554144798597,3.28635210368814
64.1328299977553,108.534043769726,4.29854194563053
607.409236091476,216.368059955405,4.24523460438419
252.77586493992,218.95780067465,4.03678106995068
576.049823688011,427.046088945547,3.93702011611251
299.895628413683,134.363502498011,3.73318175622591
530.428893486059,453.382780131144,3.54010314269728
38.1292329159983,423.423311448591,3.90753154403671
191.094333446682,292.143097755101,3.93600563324971
545.3087598819,265.476646084186,3.78063620671816
171.39258595237,18.6633352619483,4.54833242090769
507.26883815339,333.927199382807,4.7765358100067
41.7690332406643,57.1873558250542,3.57504676656357
530.34695656721,134.463663261125,4.94642530378744
NA,NA,NA
659.911735554894,332.91717802667,3.51943802012693
457.774107208597,297.78529438922,3.3797519049452
11.1979841190339,496.196423961995,3.83223789605986
561.45343392406,48.5295571059247,4.2052491788436
70.3508354744441,373.365594826599,3.89939461110617
228.837137722774,412.218357057461,3.78303970084305
429.073142941403,13.0603973708217,3.2119547581008
360.320365323456,292.59824994509,3.02486916688478
609.188691921734,103.179864857196,4.22795722837613
390.305523588976,226.398215739097,4.12968152011231
570.648457845273,404.559409593788,4.71520222973205
140.373861543798,274.810222509196,4.48613642519131
202.714278286612,370.979854316392,4.11697508388462
121.374704964122,408.38287234737,3.49766446659351
631.421918550041,316.131629179424,4.53626082514103
-3.53858998019651,148.064515610948,4.27111915200734
545.893437668892,204.601442484947,4.0801131561534
34.3041886082736,491.503570671131,3.0512905491187
282.403167380099,21.9050743875216,4.05939073726346
536.932955575044,392.617553442344,3.43843053009336
75.4689625894327,78.1973964375973,5.1801304327679
5.02219141194451,76.3107655202076,3.69460930606549
590.283843719762,227.75531274801,4.03146148040639
443.043547616851,467.714309849504,4.74538234799361
657.417781919428,373.860720322708,3.01442092804526
103.561267446248,482.038834314002,4.34555135735378
626.796231861979,90.7163159820997,4.06074710668888
419.505592501447,259.716712235638,3.5877892056915
10.4682357955816,180.554144798597,3.28635210368814
64.1328299977553,108.534043769726,4.29854194563053
607.409236091476,216.368059955405,4.24523460438419
252.77586493992,218.95780067465,4.03678106995068
576.049823688011,427.046088945547,3.93702011611251
299.895628413683,134.363502498011,3.73318175622591
530.428893486059,453.382780131144,3.54010314269728
38.1292329159983,423.423311448591,3.90753154403671
191.094333446682,292.143097755101,3.93600563324971
545.3087598819,265.476646084186,3.78063620671816
171.39258595237,18.6633352619483,4.54833242090769
507.26883815339,333.927199382807,4.7765358100067
41.7690332406643,57.1873558250542,3.57504676656357
530.34695656721,134.463663261125,4.94642530378744
NA,NA,NA
660.362530914512,333.585677895572,3.48670891929367
456.978659598293,300.585670509455,3.58256707425688
15.1695566852707,491.994881110929,3.49458224582284
560.407495056633,53.6929080234468,4.2060010028324
72.9995758820397,375.830498646913,4.00447786377295
227.648052184272,418.786245208112,3.87943028504176
426.304006587607,12.91315445253,3.13758492360782
363.426359164377,292.686274766553,3.03366465097905
596.297091188838,102.828093957262,4.26990147438946
392.568033707544,225.038075190158,4.25866875547164
564.793204061414,402.035358479525,4.69999934634144
140.297391185315,281.782587189159,4.53357183823469
197.723991013093,369.216849543048,3.98370277970754
125.687069638273,408.543687822343,3.37832582475427
623.68066322715,307.615538528327,4.49228332047643
3.96037926344341,148.548114760663,4.18832162281987
542.647450755962,200.975428749461,4.14769515859218
33.2517503064386,494.116825128801,3.13859886489239
278.149479644558,24.103733029387,3.98775626517906
530.894773608149,392.540235944939,3.26415475263964
72.7173953367594,77.0054527411132,5.17413757827406
5.45396499369649,76.1841424791766,3.52707116546901
584.932134984032,229.103574657383,4.00531323906788
439.95642721368,466.082498566472,4.76140335781122
657.271782798226,374.664980202762,3.0860149307605
104.685114768062,482.765104334758,4.34669756772149
625.468381911435,93.687204574473,4.05071970330959
418.28151647828,257.06954817282,3.64648544422448
11.0026722204559,179.06635100195,3.19732784493814
67.5813464392128,117.572543637444,4.30646936891899
612.371428247992,193.513083654145,4.34229610539321
259.763730945681,217.192618105552,4.07436124309207
581.105385391194,441.628268618061,3.88568456996926
305.852562722387,138.744900553461,3.8106851083479
534.763400576648,459.675053504978,3.57549766522914
39.5867111590559,416.586961205061,3.69636071077312
198.415396577663,291.345706388277,4.12336283071836
550.370858520167,252.711028523677,3.50130469323952
182.996337826778,29.8074372922766,4.63773756022636
506.327765633521,342.614399296266,4.47151695772751
31.198686468563,58.5595856029299,3.69737532897853
537.73534032476,149.430495529569,4.66318591586563
NA,NA,NA
660.362530914512,333.585677895572,3.48670891929367
456.978659598293,300.585670509455,3.58256707425688
15.1695566852707,491.994881110929,3.49458224582284
560.407495056633,53.6929080234468,4.2060010028324
72.9995758820397,375.830498646913,4.00447786377295
227.648052184272,418.786245208112,3.87943028504176
426.304006587607,12.91315445253,3.13758492360782
363.426359164377,292.686274766553,3.03366465097905
596.297091188838,102.828093957262,4.26990147438946
392.568033707544,225.038075190158,4.25866875547164
564.793204061414,402.035358479525,4.69999934634144
140.297391185315,281.782587189159,4.53357183823469
197.723991013093,369.216849543048,3.98370277970754
125.687069638273,408.543687822343,3.37832582475427
623.68066322715,307.615538528327,4.49228332047643
3.96037926344341,148.548114760663,4.18832162281987
542.647450755962,200.975428749461,4.14769515859218
33.2517503064386,494.116825128801,3.13859886489239
278.149479644558,24.103733029387,3.98775626517906
530.894773608149,392.540235944939,3.26415475263964
72.7173953367594,77.0054527411132,5.17413757827406
5.45396499369649,76.1841424791766,3.52707116546901
584.932134984032,229.103574657383,4.00531323906788
439.95642721368,466.082498566472,4.76140335781122
657.271782798226,374.664980202762,3.0860149307605
104.685114768062,482.765104334758,4.34669756772149
625.468381911435,93.687204574473,4.05071970330959
418.28151647828,257.06954817282,3.64648544422448
11.0026722204559,179.06635100195,3.19732784493814
67.5813464392128,117.572543637444,4.30646936891899
612.371428247992,193.513083654145,4.34229610539321
259.763730945681,217.192618105552,4.07436124309207
581.105385391194,441.628268618061,3.88568456996926
305.852562722387,138.744900553461,3.8106851083479
534.763400576648,459.675053504978,3.57549766522914
39.5867111590559,416.586961205061,3.69636071077312
198.415396577663,291.345706388277,4.12336283071836
550.370858520167,252.711028523677,3.50130469323952
182.996337826778,29.8074372922766,4.63773756022636
506.327765633521,342.614399296266,4.47151695772751
31.198686468563,58.5595856029299,3.69737532897853
537.73534032476,149.430495529569,4.66318591586563
NA,NA,NA
660.362530914512,333.585677895572,3.48670891929367
456.978659598293,300.585670509455,3.58256707425688
15.1695566852707,491.994881110929,3.49458224582284
560.407495056633,53.6929080234468,4.2060010028324
72.9995758820397,375.830498646913,4.00447786377295
227.648052184272,418.786245208112,3.87943028504176
426.304006587607,12.91315445253,3.13758492360782
363.426359164377,292.686274766553,3.03366465097905
596.297091188838,102.828093957262,4.26990147438946
392.568033707544,225.038075190158,4.25866875547164
564.793204061414,402.035358479525,4.69999934634144
140.297391185315,281.782587189159,4.53357183823469
197.723991013093,369.216849543048,3.98370277970754
125.687069638273,408.543687822343,3.37832582475427
623.68066322715,307.615538528327,4.49228332047643
3.96037926344341,148.548114760663,4.18832162281987
542.647450755962,200.975428749461,4.14769515859218
33.2517503064386,494.116825128801,3.13859886489239
278.149479644558,24.103733029387,3.98775626517906
530.894773608149,392.540235944939,3.26415475263964
72.7173953367594,77.0054527411132,5.17413757827406
5.45396499369649,76.1841424791766,3.52707116546901
584.932134984032,229.103574657383,4.00531323906788
439.95642721368,466.082498566472,4.76140335781122
657.271782798226,374.664980202762,3.0860149307605
104.685114768062,482.765104334758,4.34669756772149
625.468381911435,93.687204574473,4.05071970330959
418.28151647828,257.06954817282,3.64648544422448
11.0026722204559,179.06635100195,3.19732784493814
67.5813464392128,117.572543637444,4.30646936891899
612.371428247992,193.513083654145,4.34229610539321
259.763730945681,217.192618105552,4.07436124309207
581.105385391194,441.628268618061,3.88568456996926
305.852562722387,138.744900553461,3.8106851083479
534.763400576648,459.675053504978,3.57549766522914
39.5867111590559,416.586961205061,3.69636071077312
198.415396577663,291.345706388277,4.12336283071836
550.370858520167,252.711028523677,3.50130469323952
182.996337826778,29.8074372922766,4.63773756022636
506.327765633521,342.614399296266,4.47151695772751
31.198686468563,58.5595856029299,3.69737532897853
537.73534032476,149.430495529569,4.66318591586563
NA,NA,NA
660.362530914512,333.585677895572,3.48670891929367
456.978659598293,300.585670509455,3.58256707425688
15.1695566852707,491.994881110929,3.49458224582284
560.407495056633,53.6929080234468,4.2060010028324
72.9995758820397,375.830498646913,4.00447786377295
227.648052184272,418.786245208112,3.87943028504176
426.304006587607,12.91315445253,3.13758492360782
363.426359164377,292.686274766553,3.03366465097905
596.297091188838,102.828093957262,4.26990147438946
392.568033707544,225.038075190158,4.25866875547164
564.793204061414,402.035358479525,4.69999934634144
140.297391185315,281.782587189159,4.53357183823469
197.723991013093,369.216849543048,3.98370277970754
125.687069638273,408.543687822343,3.37832582475427
623.68066322715,307.615538528327,4.49228332047643
3.96037926344341,148.548114760663,4.18832162281987
542.647450755962,200.975428749461,4.14769515859218
33.2517503064386,494.116825128801,3.13859886489239
278.149479644558,24.103733029387,3.98775626517906
530.894773608149,392.540235944939,3.26415475263964
72.7173953367594,77.0054527411132,5.17413757827406
5.45396499369649,76.1841424791766,3.52707116546901
584.932134984032,229.103574657383,4.00531323906788
439.95642721368,466.082498566472,4.76140335781122
657.271782798226,374.664980202762,3.0860149307605
104.685114768062,482.765104334758,4.34669756772149
625.468381911435,93.687204574473,4.05071970330959
418.28151647828,257.06954817282,3.64648544422448
11.0026722204559,179.06635100195,3.19732784493814
67.5813464392128,117.572543637444,4.30646936891899
612.371428247992,193.513083654145,4.34229610539321
259.763730945681,217.192618105552,4.07436124309207
581.105385391194,441.628268618061,3.88568456996926
305.852562722387,138.744900553461,3.8106851083479
534.763400576648,459.675053504978,3.57549766522914
39.5867111590559,416.586961205061,3.69636071077312
198.415396577663,291.345706388277,4.12336283071836
550.370858520167,252.711028523677,3.50130469323952
182.996337826778,29.8074372922766,4.63773756022636
506.327765633521,342.614399296266,4.47151695772751
31.198686468563,58.5595856029299,3.69737532897853
537.73534032476,149.430495529569,4.66318591586563
NA,NA,NA
660.362530914512,333.585677895572,3.48670891929367
456.978659598293,300.585670509455,3.58256707425688
15.1695566852707,491.994881110929,3.49458224582284
560.407495056633,53.6929080234468,4.2060010028324
72.9995758820397,375.830498646913,4.00447786377295
227.648052184272,418.786245208112,3.87943028504176
426.304006587607,12.91315445253,3.13758492360782
363.426359164377,292.686274766553,3.03366465097905
596.297091188838,102.828093957262,4.26990147438946
392.568033707544,225.038075190158,4.25866875547164
564.793204061414,402.035358479525,4.69999934634144
140.297391185315,281.782587189159,4.53357183823469
197.723991013093,369.216849543048,3.98370277970754
125.687069638273,408.543687822343,3.37832582475427
623.68066322715,307.615538528327,4.49228332047643
3.96037926344341,148.548114760663,4.18832162281987
542.647450755962,200.975428749461,4.14769515859218
33.2517503064386,494.116825128801,3.13859886489239
278.149479644558,24.103733029387,3.98775626517906
530.894773608149,392.540235944939,3.26415475263964
72.7173953367594,77.0054527411132,5.17413757827406
5.45396499369649,76.1841424791766,3.52707116546901
584.932134984032,229.103574657383,4.00531323906788
439.95642721368,466.082498566472,4.76140335781122
657.271782798226,374.664980202762,3.0860149307605
104.685114768062,482.765104334758,4.34669756772149
625.468381911435,93.687204574473,4.05071970330959
418.28151647828,257.06954817282,3.64648544422448
11.0026722204559,179.06635100195,3.19732784493814
67.5813464392128,117.572543637444,4.30646936891899
612.371428247992,193.513083654145,4.34229610539321
259.763730945681,217.192618105552,4.07436124309207
581.105385391194,441.628268618061,3.88568456996926
305.852562722387,138.744900553461,3.8106851083479
534.763400576648,459.675053504978,3.57549766522914
39.5867111590559,416.586961205061,3.69636071077312
198.415396577663,291.345706388277,4.12336283071836
550.370858520167,252.711028523677,3.50130469323952
182.996337826778,29.8074372922766,4.63773756022636
506.327765633521,342.614399296266,4.47151695772751
31.198686468563,58.5595856029299,3.69737532897853
537.73534032476,149.430495529569,4.66318591586563
NA,NA,NA
660.362530914512,333.585677895572,3.48670891929367
456.978659598293,300.585670509455,3.58256707425688
15.1695566852707,491.994881110929,3.49458224582284
560.407495056633,53.6929080234468,4.2060010028324
72.9995758820397,375.830498646913,4.00447786377295
227.648052184272,418.786245208112,3.87943028504176
426.304006587607,12.91315445253,3.13758492360782
363.426359164377,292.686274766553,3.03366465097905
596.297091188838,102.828093957262,4.26990147438946
392.568033707544,225.038075190158,4.25866875547164
564.793204061414,402.035358479525,4.69999934634144
140.297391185315,281.782587189159,4.53357183823469
197.723991013093,369.216849543048,3.98370277970754
125.687069638273,408.543687822343,3.37832582475427
623.68066322715,307.615538528327,4.49228332047643
3.96037926344341,148.548114760663,4.18832162281987
542.647450755962,200.975428749461,4.14769515859218
33.2517503064386,494.116825128801,3.13859886489239
278.149479644558,24.103733029387,3.98775626517906
530.894773608149,392.540235944939,3.26415475263964
72.7173953367594,77.0054527411132,5.17413757827406
5.45396499369649,76.1841424791766,3.52707116546901
584.932134984032,229.103574657383,4.00531323906788
439.95642721368,466.082498566472,4.76140335781122
657.271782798226,374.664980202762,3.0860149307605
104.685114768062,482.765104334758,4.34669756772149
625.468381911435,93.687204574473,4.05071970330959
418.28151647828,257.06954817282,3.64648544422448
11.0026722204559,179.06635100195,3.19732784493814
67.5813464392128,117.572543637444,4.30646936891899
612.371428247992,193.513083654145,4.34229610539321
259.763730945681,217.192618105552,4.07436124309207
581.105385391194,441.628268618061,3.88568456996926
305.852562722387,138.744900553461,3.8106851083479
534.763400576648,459.675053504978,3.57549766522914
39.5867111590559,416.586961205061,3.69636071077312
198.415396577663,291.345706388277,4.12336283071836
550.370858520167,252.711028523677,3.50130469323952
182.996337826778,29.8074372922766,4.63773756022636
506.327765633521,342.614399296266,4.47151695772751
31.198686468563,58.5595856029299,3.69737532897853
537.73534032476,149.430495529569,4.66318591586563
NA,NA,NA
657.931606127338,335.261001995655,3.53003904342022
453.973401588747,298.726564541305,3.57297344241864
12.0622953943825,496.806233026642,3.62708129998789
560.817090180749,51.6264894645898,4.21536161816058
72.5449249745595,371.635236379177,3.78600506922208
227.816910867632,412.180154755704,3.97670964647082
430.067974466345,9.93192993245417,3.27993699384841
361.540820963489,293.612336347092,3.03575291310133
605.665825518456,106.714719856086,4.23813352399957
391.648481801698,229.528862226127,4.24898244415867
570.867934941905,407.398260454431,4.7257973102314
143.953179066394,283.354795976626,4.46101872627546
196.148000432436,371.677001338947,3.99099560032617
123.836078933519,414.520933769111,3.44874650972314
628.112786837345,316.120260544661,4.63998207850096
4.00073687405034,147.375739017163,4.40154322616577
542.31656400666,204.843068114659,3.97302866101663
31.5843484467779,492.245477077986,2.898847485966
282.387063824064,24.6781127946453,3.94367057013327
535.654935469578,390.631987932708,3.45739183433866
73.8942556111072,72.0391906824045,5.20333219482976
5.58293364892658,78.3027502985789,3.51838414754524
587.46610543641,223.904550367403,4.03928583115889
441.879713621374,459.911509126381,4.82449888671249
659.145045359796,375.691020731631,3.04801944703392
104.780977610092,486.978692140587,4.23262496810062
623.238102290361,90.2252741964918,4.06551898742264
423.326189206725,257.029206306583,3.69887829676641
10.5722005294267,180.795568611115,3.09188871340171
76.5630899851028,109.271675963134,4.24552924889945
617.938717172848,195.318081959189,4.38868331052906
249.747993435883,219.637701116677,3.53830280454599
583.800404788915,435.355304095939,3.90061201110644
296.949850097755,137.580646265795,3.90610711239625
531.030072164337,457.29764778735,3.51347341867347
45.6544401126242,414.712738722705,3.91389222591717
194.972472634573,282.357490204749,4.10262877077334
560.501626755238,257.377296015225,3.85441179549207
170.211922907058,40.1363588306446,4.12105961227406
499.737187794898,335.25554227034,4.38193437883773
42.9374980010705,42.2677200426196,3.99900591762928
535.815545264275,148.479803022816,4.47642791417592
NA,NA,NA
657.931606127338,335.261001995655,3.53003904342022
453.973401588747,298.726564541305,3.57297344241864
12.0622953943825,496.806233026642,3.62708129998789
560.817090180749,51.6264894645898,4.21536161816058
72.5449249745595,371.635236379177,3.78600506922208
227.816910867632,412.180154755704,3.97670964647082
430.067974466345,9.93192993245417,3.27993699384841
361.540820963489,293.612336347092,3.03575291310133
605.665825518456,106.714719856086,4.23813352399957
391.648481801698,229.528862226127,4.24898244415867
570.867934941905,407.398260454431,4.7257973102314
143.953179066394,283.354795976626,4.46101872627546
196.148000432436,371.677001338947,3.99099560032617
123.836078933519,414.520933769111,3.44874650972314
628.112786837345,316.120260544661,4.63998207850096
4.00073687405034,147.375739017163,4.40154322616577
542.31656400666,204.843068114659,3.97302866101663
31.5843484467779,492.245477077986,2.898847485966
282.387063824064,24.6781127946453,3.94367057013327
535.654935469578,390.631987932708,3.45739183433866
73.8942556111072,72.0391906824045,5.20333219482976
5.58293364892658,78.3027502985789,3.51838414754524
587.46610543641,223.904550367403,4.03928583115889
441.879713621374,459.911509126381,4.82449888671249
659.145045359796,375.691020731631,3.04801944703392
104.780977610092,486.978692140587,4.23262496810062
623.238102290361,90.2252741964918,4.06551898742264
423.326189206725,257.029206306583,3.69887829676641
10.5722005294267,180.795568611115,3.09188871340171
76.5630899851028,109.271675963134,4.24552924889945
617.938717172848,195.318081959189,4.38868331052906
249.747993435883,219.637701116677,3.53830280454599
583.800404788915,435.355304095939,3.90061201110644
296.949850097755,137.580646265795,3.90610711239625
531.030072164337,457.29764778735,3.51347341867347
45.6544401126242,414.712738722705,3.91389222591717
194.972472634573,282.357490204749,4.10262877077334
560.501626755238,257.377296015225,3.85441179549207
170.211922907058,40.1363588306446,4.12105961227406
499.737187794898,335.25554227034,4.38193437883773
42.9374980010705,42.2677200426196,3.99900591762928
535.815545264275,148.479803022816,4.47642791417592
NA,NA,NA
657.931606127338,335.261001995655,3.53003904342022
453.973401588747,298.726564541305,3.57297344241864
12.0622953943825,496.806233026642,3.62708129998789
560.817090180749,51.6264894645898,4.21536161816058
72.5449249745595,371.635236379177,3.78600506922208
227.816910867632,412.180154755704,3.97670964647082
430.067974466345,9.93192993245417,3.27993699384841
361.540820963489,293.612336347092,3.03575291310133
605.665825518456,106.714719856086,4.23813352399957
391.648481801698,229.528862226127,4.24898244415867
570.867934941905,407.398260454431,4.7257973102314
143.953179066394,283.354795976626,4.46101872627546
196.148000432436,371.677001338947,3.99099560032617
123.836078933519,414.520933769111,3.44874650972314
628.112786837345,316.120260544661,4.63998207850096
4.00073687405034,147.375739017163,4.40154322616577
542.31656400666,204.843068114659,3.97302866101663
31.5843484467779,492.245477077986,2.898847485966
282.387063824064,24.6781127946453,3.94367057013327
535.654935469578,390.631987932708,3.45739183433866
73.8942556111072,72.0391906824045,5.20333219482976
5.58293364892658,78.3027502985789,3.51838414754524
587.46610543641,223.904550367403,4.03928583115889
441.879713621374,459.911509126381,4.82449888671249
659.145045359796,375.691020731631,3.04801944703392
104.780977610092,486.978692140587,4.23262496810062
623.238102290361,90.2252741964918,4.06551898742264
423.326189206725,257.029206306583,3.69887829676641
10.5722005294267,180.795568611115,3.09188871340171
76.5630899851028,109.271675963134,4.24552924889945
617.938717172848,195.318081959189,4.38868331052906
249.747993435883,219.637701116677,3.53830280454599
583.800404788915,435.355304095939,3.90061201110644
296.949850097755,137.580646265795,3.90610711239625
531.030072164337,457.29764778735,3.51347341867347
45.6544401126242,414.712738722705,3.91389222591717
194.972472634573,282.357490204749,4.10262877077334
560.501626755238,257.377296015225,3.85441179549207
170.211922907058,40.1363588306446,4.12105961227406
499.737187794898,335.25554227034,4.38193437883773
42.9374980010705,42.2677200426196,3.99900591762928
535.815545264275,148.479803022816,4.47642791417592
NA,NA,NA
657.931606127338,335.261001995655,3.53003904342022
453.973401588747,298.726564541305,3.57297344241864
12.0622953943825,496.806233026642,3.62708129998789
560.817090180749,51.6264894645898,4.21536161816058
72.5449249745595,371.635236379177,3.78600506922208
227.816910867632,412.180154755704,3.97670964647082
430.067974466345,9.93192993245417,3.27993699384841
361.540820963489,293.612336347092,3.03575291310133
605.665825518456,106.714719856086,4.23813352399957
391.648481801698,229.528862226127,4.24898244415867
570.867934941905,407.398260454431,4.7257973102314
143.953179066394,283.354795976626,4.46101872627546
196.148000432436,371.677001338947,3.99099560032617
123.836078933519,414.520933769111,3.44874650972314
628.112786837345,316.120260544661,4.63998207850096
4.00073687405034,147.375739017163,4.40154322616577
542.31656400666,204.843068114659,3.97302866101663
31.5843484467779,492.245477077986,2.898847485966
282.387063824064,24.6781127946453,3.94367057013327
535.654935469578,390.631987932708,3.45739183433866
73.8942556111072,72.0391906824045,5.20333219482976
5.58293364892658,78.3027502985789,3.51838414754524
587.46610543641,223.904550367403,4.03928583115889
441.879713621374,459.911509126381,4.82449888671249
659.145045359796,375.691020731631,3.04801944703392
104.780977610092,486.978692140587,4.23262496810062
623.238102290361,90.2252741964918,4.06551898742264
423.326189206725,257.029206306583,3.69887829676641
10.5722005294267,180.795568611115,3.09188871340171
76.5630899851028,109.271675963134,4.24552924889945
617.938717172848,195.318081959189,4.38868331052906
249.747993435883,219.637701116677,3.53830280454599
583.800404788915,435.355304095939,3.90061201110644
296.949850097755,137.580646265795,3.90610711239625
531.030072164337,457.29764778735,3.51347341867347
45.6544401126242,414.712738722705,3.91389222591717
194.972472634573,282.357490204749,4.10262877077334
560.501626755238,257.377296015225,3.85441179549207
170.211922907058,40.1363588306446,4.12105961227406
499.737187794898,335.25554227034,4.38193437883773
42.9374980010705,42.2677200426196,3.99900591762928
535.815545264275,148.479803022816,4.47642791417592
NA,NA,NA
657.931606127338,335.261001995655,3.53003904342022
453.973401588747,298.726564541305,3.57297344241864
12.0622953943825,496.806233026642,3.62708129998789
560.817090180749,51.6264894645898,4.21536161816058
72.5449249745595,371.635236379177,3.78600506922208
227.816910867632,412.180154755704,3.97670964647082
430.067974466345,9.93192993245417,3.27993699384841
361.540820963489,293.612336347092,3.03575291310133
605.665825518456,106.714719856086,4.23813352399957
391.648481801698,229.528862226127,4.24898244415867
570.867934941905,407.398260454431,4.7257973102314
143.953179066394,283.354795976626,4.46101872627546
196.148000432436,371.677001338947,3.99099560032617
123.836078933519,414.520933769111,3.44874650972314
628.112786837345,316.120260544661,4.63998207850096
4.00073687405034,147.375739017163,4.40154322616577
542.31656400666,204.843068114659,3.97302866101663
31.5843484467779,492.245477077986,2.898847485966
282.387063824064,24.6781127946453,3.94367057013327
535.654935469578,390.631987932708,3.45739183433866
73.8942556111072,72.0391906824045,5.20333219482976
5.58293364892658,78.3027502985789,3.51838414754524
587.46610543641,223.904550367403,4.03928583115889
441.879713621374,459.911509126381,4.82449888671249
659.145045359796,375.691020731631,3.04801944703392
104.780977610092,486.978692140587,4.23262496810062
623.238102290361,90.2252741964918,4.06551898742264
423.326189206725,257.029206306583,3.69887829676641
10.5722005294267,180.795568611115,3.09188871340171
76.5630899851028,109.271675963134,4.24552924889945
617.938717172848,195.318081959189,4.38868331052906
249.747993435883,219.637701116677,3.53830280454599
583.800404788915,435.355304095939,3.90061201110644
296.949850097755,137.580646265795,3.90610711239625
531.030072164337,457.29764778735,3.51347341867347
45.6544401126242,414.712738722705,3.91389222591717
194.972472634573,282.357490204749,4.10262877077334
560.501626755238,257.377296015225,3.85441179549207
170.211922907058,40.1363588306446,4.12105961227406
499.737187794898,335.25554227034,4.38193437883773
42.9374980010705,42.2677200426196,3.99900591762928
535.815545264275,148.479803022816,4.47642791417592
NA,NA,NA
657.931606127338,335.261001995655,3.53003904342022
453.973401588747,298.726564541305,3.57297344241864
12.0622953943825,496.806233026642,3.62708129998789
560.817090180749,51.6264894645898,4.21536161816058
72.5449249745595,371.635236379177,3.78600506922208
227.816910867632,412.180154755704,3.97670964647082
430.067974466345,9.93192993245417,3.27993699384841
361.540820963489,293.612336347092,3.03575291310133
605.665825518456,106.714719856086,4.23813352399957
391.648481801698,229.528862226127,4.24898244415867
570.867934941905,407.398260454431,4.7257973102314
143.953179066394,283.354795976626,4.46101872627546
196.148000432436,371.677001338947,3.99099560032617
123.836078933519,414.520933769111,3.44874650972314
628.112786837345,316.120260544661,4.63998207850096
4.00073687405034,147.375739017163,4.40154322616577
542.31656400666,204.843068114659,3.97302866101663
31.5843484467779,492.245477077986,2.898847485966
282.387063824064,24.6781127946453,3.94367057013327
535.654935469578,390.631987932708,3.45739183433866
73.8942556111072,72.0391906824045,5.20333219482976
5.58293364892658,78.3027502985789,3.51838414754524
587.46610543641,223.904550367403,4.03928583115889
441.879713621374,459.911509126381,4.82449888671249
659.145045359796,375.691020731631,3.04801944703392
104.780977610092,486.978692140587,4.23262496810062
623.238102290361,90.2252741964918,4.06551898742264
423.326189206725,257.029206306583,3.69887829676641
10.5722005294267,180.795568611115,3.09188871340171
76.5630899851028,109.271675963134,4.24552924889945
617.938717172848,195.318081959189,4.38868331052906
249.747993435883,219.637701116677,3.53830280454599
583.800404788915,435.355304095939,3.90061201110644
296.949850097755,137.580646265795,3.90610711239625
531.030072164337,457.29764778735,3.51347341867347
45.6544401126242,414.712738722705,3.91389222591717
194.972472634573,282.357490204749,4.10262877077334
560.501626755238,257.377296015225,3.85441179549207
170.211922907058,40.1363588306446,4.12105961227406
499.737187794898,335.25554227034,4.38193437883773
42.9374980010705,42.2677200426196,3.99900591762928
535.815545264275,148.479803022816,4.47642791417592
NA,NA,NA
662.433505909831,334.59842412114,3.56758105881518
453.636796851379,301.040895955844,3.69216134136445
10.2056244835253,491.712737573238,3.38905817540972
555.446497071959,52.583887475906,4.11002884029801
68.5151885652814,370.964656145973,4.06564258231874
228.956172222506,412.970850981476,3.93433551679542
426.192709030856,12.6277668038823,3.28933396325582
361.239343601521,289.286389766591,3.02317055218613
602.580704845718,104.129694842154,4.23826170881087
394.205981454941,231.1240170138,4.14748412959984
565.551382584592,407.518504696575,4.71533413971569
139.169472814185,283.621829645318,4.74020469178355
195.243090424827,369.85410293285,4.00222697283885
123.129308537186,412.915812273644,3.35377778639329
627.984593757382,317.857837899463,4.55093173084875
1.94656751553646,140.640996623381,4.27941143855135
538.872973055501,207.037604199156,4.20908358120016
34.375774834577,492.87063007969,2.87588323490422
279.305013604036,18.1904320466335,3.90544636162171
533.08773204044,390.966532446221,3.39895249561902
77.596195326549,74.7538677201145,5.16570718266346
5.32462876378052,76.0494447185769,3.5014608943415
589.036201740921,222.182163605332,4.0514699143131
434.525040164471,458.879045662105,4.70710181122385
660.251203107096,375.329842440051,3.05962559908772
106.118699747091,489.058349299561,4.42795867331324
624.565816147778,88.1929926515113,4.07952236220034
421.88351714675,258.962029785399,3.62230939907588
12.1036722032404,182.620294461567,3.11856276253739
61.5103590009995,118.190058758713,4.4381878593676
613.49562002284,200.947304644165,4.11481263047815
251.7174067054,220.966702742584,3.6459751063983
566.742473171248,440.326595740306,3.84629436752878
301.484665869662,142.866331965338,3.82655695245643
530.692163271889,457.382276929955,3.89089410520581
49.3974738628941,419.216934790907,3.77038539248506
206.128916919749,298.158030703466,4.17494988771901
556.546756102564,260.062055093574,3.59108621711994
147.90959104542,24.8922452116578,4.09473005975728
495.44417361682,342.771869870201,4.35691527841848
48.7378994923289,50.5603952317918,3.88913404536616
527.467541607691,150.279457109574,4.65962263354332
NA,NA,NA
662.433505909831,334.59842412114,3.56758105881518
453.636796851379,301.040895955844,3.69216134136445
10.2056244835253,491.712737573238,3.38905817540972
555.446497071959,52.583887475906,4.11002884029801
68.5151885652814,370.964656145973,4.06564258231874
228.956172222506,412.970850981476,3.93433551679542
426.192709030856,12.6277668038823,3.28933396325582
361.239343601521,289.286389766591,3.02317055218613
602.580704845718,104.129694842154,4.23826170881087
394.205981454941,231.1240170138,4.14748412959984
565.551382584592,407.518504696575,4.71533413971569
139.169472814185,283.621829645318,4.74020469178355
195.243090424827,369.85410293285,4.00222697283885
123.129308537186,412.915812273644,3.35377778639329
627.984593757382,317.857837899463,4.55093173084875
1.94656751553646,140.640996623381,4.27941143855135
538.872973055501,207.037604199156,4.20908358120016
34.375774834577,492.87063007969,2.87588323490422
279.305013604036,18.1904320466335,3.90544636162171
533.08773204044,390.966532446221,3.39895249561902
77.596195326549,74.7538677201145,5.16570718266346
5.32462876378052,76.0494447185769,3.5014608943415
589.036201740921,222.182163605332,4.0514699143131
434.525040164471,458.879045662105,4.70710181122385
660.251203107096,375.329842440051,3.05962559908772
106.118699747091,489.058349299561,4.42795867331324
624.565816147778,88.1929926515113,4.07952236220034
421.88351714675,258.962029785399,3.62230939907588
12.1036722032404,182.620294461567,3.11856276253739
61.5103590009995,118.190058758713,4.4381878593676
613.49562002284,200.947304644165,4.11481263047815
251.7174067054,220.966702742584,3.6459751063983
566.742473171248,440.326595740306,3.84629436752878
301.484665869662,142.866331965338,3.82655695245643
530.692163271889,457.382276929955,3.89089410520581
49.3974738628941,419.216934790907,3.77038539248506
206.128916919749,298.158030703466,4.17494988771901
556.546756102564,260.062055093574,3.59108621711994
147.90959104542,24.8922452116578,4.09473005975728
495.44417361682,342.771869870201,4.35691527841848
48.7378994923289,50.5603952317918,3.88913404536616
527.467541607691,150.279457109574,4.65962263354332
NA,NA,NA
662.433505909831,334.59842412114,3.56758105881518
453.636796851379,301.040895955844,3.69216134136445
10.2056244835253,491.712737573238,3.38905817540972
555.446497071959,52.583887475906,4.11002884029801
68.5151885652814,370.964656145973,4.06564258231874
228.956172222506,412.970850981476,3.93433551679542
426.192709030856,12.6277668038823,3.28933396325582
361.239343601521,289.286389766591,3.02317055218613
602.580704845718,104.129694842154,4.23826170881087
394.205981454941,231.1240170138,4.14748412959984
565.551382584592,407.518504696575,4.71533413971569
139.169472814185,283.621829645318,4.74020469178355
195.243090424827,369.85410293285,4.00222697283885
123.129308537186,412.915812273644,3.35377778639329
627.984593757382,317.857837899463,4.55093173084875
1.94656751553646,140.640996623381,4.27941143855135
538.872973055501,207.037604199156,4.20908358120016
34.375774834577,492.87063007969,2.87588323490422
279.305013604036,18.1904320466335,3.90544636162171
533.08773204044,390.966532446221,3.39895249561902
77.596195326549,74.7538677201145,5.16570718266346
5.32462876378052,76.0494447185769,3.5014608943415
589.036201740921,222.182163605332,4.0514699143131
434.525040164471,458.879045662105,4.70710181122385
660.251203107096,375.329842440051,3.05962559908772
106.118699747091,489.058349299561,4.42795867331324
624.565816147778,88.1929926515113,4.07952236220034
421.88351714675,258.962029785399,3.62230939907588
12.1036722032404,182.620294461567,3.11856276253739
61.5103590009995,118.190058758713,4.4381878593676
613.49562002284,200.947304644165,4.11481263047815
251.7174067054,220.966702742584,3.6459751063983
566.742473171248,440.326595740306,3.84629436752878
301.484665869662,142.866331965338,3.82655695245643
530.692163271889,457.382276929955,3.89089410520581
49.3974738628941,419.216934790907,3.77038539248506
206.128916919749,298.158030703466,4.17494988771901
556.546756102564,260.062055093574,3.59108621711994
147.90959104542,24.8922452116578,4.09473005975728
495.44417361682,342.771869870201,4.35691527841848
48.7378994923289,50.5603952317918,3.88913404536616
527.467541607691,150.279457109574,4.65962263354332
NA,NA,NA
662.433505909831,334.59842412114,3.56758105881518
453.636796851379,301.040895955844,3.69216134136445
10.2056244835253,491.712737573238,3.38905817540972
555.446497071959,52.583887475906,4.11002884029801
68.5151885652814,370.964656145973,4.06564258231874
228.956172222506,412.970850981476,3.93433551679542
426.192709030856,12.6277668038823,3.28933396325582
361.239343601521,289.286389766591,3.02317055218613
602.580704845718,104.129694842154,4.23826170881087
394.205981454941,231.1240170138,4.14748412959984
565.551382584592,407.518504696575,4.71533413971569
139.169472814185,283.621829645318,4.74020469178355
195.243090424827,369.85410293285,4.00222697283885
123.129308537186,412.915812273644,3.35377778639329
627.984593757382,317.857837899463,4.55093173084875
1.94656751553646,140.640996623381,4.27941143855135
538.872973055501,207.037604199156,4.20908358120016
34.375774834577,492.87063007969,2.87588323490422
279.305013604036,18.1904320466335,3.90544636162171
533.08773204044,390.966532446221,3.39895249561902
77.596195326549,74.7538677201145,5.16570718266346
5.32462876378052,76.0494447185769,3.5014608943415
589.036201740921,222.182163605332,4.0514699143131
434.525040164471,458.879045662105,4.70710181122385
660.251203107096,375.329842440051,3.05962559908772
106.118699747091,489.058349299561,4.42795867331324
624.565816147778,88.1929926515113,4.07952236220034
421.88351714675,258.962029785399,3.62230939907588
12.1036722032404,182.620294461567,3.11856276253739
61.5103590009995,118.190058758713,4.4381878593676
613.49562002284,200.947304644165,4.11481263047815
251.7174067054,220.966702742584,3.6459751063983
566.742473171248,440.326595740306,3.84629436752878
301.484665869662,142.866331965338,3.82655695245643
530.692163271889,457.382276929955,3.89089410520581
49.3974738628941,419.216934790907,3.77038539248506
206.128916919749,298.158030703466,4.17494988771901
556.546756102564,260.062055093574,3.59108621711994
147.90959104542,24.8922452116578,4.09473005975728
495.44417361682,342.771869870201,4.35691527841848
48.7378994923289,50.5603952317918,3.88913404536616
527.467541607691,150.279457109574,4.65962263354332
NA,NA,NA
662.433505909831,334.59842412114,3.56758105881518
453.636796851379,301.040895955844,3.69216134136445
10.2056244835253,491.712737573238,3.38905817540972
555.446497071959,52.583887475906,4.11002884029801
68.5151885652814,370.964656145973,4.06564258231874
228.956172222506,412.970850981476,3.93433551679542
426.192709030856,12.6277668038823,3.28933396325582
361.239343601521,289.286389766591,3.02317055218613
602.580704845718,104.129694842154,4.23826170881087
394.205981454941,231.1240170138,4.14748412959984
565.551382584592,407.518504696575,4.71533413971569
139.169472814185,283.621829645318,4.74020469178355
195.243090424827,369.85410293285,4.00222697283885
123.129308537186,412.915812273644,3.35377778639329
627.984593757382,317.857837899463,4.55093173084875
1.94656751553646,140.640996623381,4.27941143855135
538.872973055501,207.037604199156,4.20908358120016
34.375774834577,492.87063007969,2.87588323490422
279.305013604036,18.1904320466335,3.90544636162171
533.08773204044,390.966532446221,3.39895249561902
77.596195326549,74.7538677201145,5.16570718266346
5.32462876378052,76.0494447185769,3.5014608943415
589.036201740921,222.182163605332,4.0514699143131
434.525040164471,458.879045662105,4.70710181122385
660.251203107096,375.329842440051,3.05962559908772
106.118699747091,489.058349299561,4.42795867331324
624.565816147778,88.1929926515113,4.07952236220034
421.88351714675,258.962029785399,3.62230939907588
12.1036722032404,182.620294461567,3.11856276253739
61.5103590009995,118.190058758713,4.4381878593676
613.49562002284,200.947304644165,4.11481263047815
251.7174067054,220.966702742584,3.6459751063983
566.742473171248,440.326595740306,3.84629436752878
301.484665869662,142.866331965338,3.82655695245643
530.692163271889,457.382276929955,3.89089410520581
49.3974738628941,419.216934790907,3.77038539248506
206.128916919749,298.158030703466,4.17494988771901
556.546756102564,260.062055093574,3.59108621711994
147.90959104542,24.8922452116578,4.09473005975728
495.44417361682,342.771869870201,4.35691527841848
48.7378994923289,50.5603952317918,3.88913404536616
527.467541607691,150.279457109574,4.65962263354332
NA,NA,NA
662.433505909831,334.59842412114,3.56758105881518
453.636796851379,301.040895955844,3.69216134136445
10.2056244835253,491.712737573238,3.38905817540972
555.446497071959,52.583887475906,4.11002884029801
68.5151885652814,370.964656145973,4.06564258231874
228.956172222506,412.970850981476,3.93433551679542
426.192709030856,12.6277668038823,3.28933396325582
361.239343601521,289.286389766591,3.02317055218613
602.580704845718,104.129694842154,4.23826170881087
394.205981454941,231.1240170138,4.14748412959984
565.551382584592,407.518504696575,4.71533413971569
139.169472814185,283.621829645318,4.74020469178355
195.243090424827,369.85410293285,4.00222697283885
123.129308537186,412.915812273644,3.35377778639329
627.984593757382,317.857837899463,4.55093173084875
1.94656751553646,140.640996623381,4.27941143855135
538.872973055501,207.037604199156,4.20908358120016
34.375774834577,492.87063007969,2.87588323490422
279.305013604036,18.1904320466335,3.90544636162171
533.08773204044,390.966532446221,3.39895249561902
77.596195326549,74.7538677201145,5.16570718266346
5.32462876378052,76.0494447185769,3.5014608943415
589.036201740921,222.182163605332,4.0514699143131
434.525040164471,458.879045662105,4.70710181122385
660.251203107096,375.329842440051,3.05962559908772
106.118699747091,489.058349299561,4.42795867331324
624.565816147778,88.1929926515113,4.07952236220034
421.88351714675,258.962029785399,3.62230939907588
12.1036722032404,182.620294461567,3.11856276253739
61.5103590009995,118.190058758713,4.4381878593676
613.49562002284,200.947304644165,4.11481263047815
251.7174067054,220.966702742584,3.6459751063983
566.742473171248,440.326595740306,3.84629436752878
301.484665869662,142.866331965338,3.82655695245643
530.692163271889,457.382276929955,3.89089410520581
49.3974738628941,419.216934790907,3.77038539248506
206.128916919749,298.158030703466,4.17494988771901
556.546756102564,260.062055093574,3.59108621711994
147.90959104542,24.8922452116578,4.09473005975728
495.44417361682,342.771869870201,4.35691527841848
48.7378994923289,50.5603952317918,3.88913404536616
527.467541607691,150.279457109574,4.65962263354332
NA,NA,NA
662.172063058113,334.04910088777,3.52970965446459
453.847398646232,303.569697447028,3.58737908569212
9.82638461400126,490.689817499546,3.67576186527733
562.456585967027,49.5011090791856,4.18629828025789
73.9078122363517,369.132785117314,3.93017567022612
229.623779539879,410.273051610715,3.98841628229144
429.662674534371,13.2681734880737,3.16059744335642
362.704787288702,293.630397496767,2.99997935150633
602.360533874136,103.452685603096,4.20149108174534
390.735163341906,227.364267985596,4.1834822861033
565.220433416094,401.771247057228,4.74770512407101
141.258943652492,281.568319154048,4.59690812773585
193.485825611272,368.733150553323,4.08992628852252
125.55732400948,410.061879003317,3.33691226565319
627.107879075142,311.805955453506,4.67761235290476
0.96784366448812,143.031417263055,4.1344948147139
543.154029934007,200.74043948432,4.16338199156412
33.5290793587839,490.664411979721,3.0933965993923
279.126083602061,22.6008368075278,3.94264697740313
533.410146600021,393.79879186616,3.30426052196945
77.4995517191802,79.4807510831518,5.18543017518784
5.18567741386389,77.2114292376282,3.67806697753437
583.128108196267,223.674827805344,3.97577487341125
439.773499804016,461.893448874448,4.74035972972278
658.975530718165,374.678669464583,3.15903175674891
109.477120326141,483.330905175786,4.34751795859755
626.308680631317,88.4155907467007,4.09894320291415
417.766867066961,259.705793114675,3.62825111234201
8.52271760115739,182.949193139156,3.05587556519807
72.6186664931942,107.341467568002,4.27471544040298
611.705270740833,195.882364767586,4.10069635647891
251.998728036367,215.180658112898,3.45494148182874
582.131364417644,432.373332465857,3.85327219193924
301.46127212144,140.252745914799,3.9384079129439
533.476459997718,451.383791480813,3.73413256398045
42.2586772893805,423.031330012191,3.90640964097073
197.314357676262,289.031575033825,3.85715086226534
546.598332371182,261.574463039109,3.70996707803671
164.138912109981,20.4190465429769,4.21882261533405
508.332281229418,352.063270712276,4.47827971839449
30.718287244933,47.2350964807266,3.58977877190346
529.520284748817,143.038612118954,4.90016203132844
NA,NA,NA
662.172063058113,334.04910088777,3.52970965446459
453.847398646232,303.569697447028,3.58737908569212
9.82638461400126,490.689817499546,3.67576186527733
562.456585967027,49.5011090791856,4.18629828025789
73.9078122363517,369.132785117314,3.93017567022612
229.623779539879,410.273051610715,3.98841628229144
429.662674534371,13.2681734880737,3.16059744335642
362.704787288702,293.630397496767,2.99997935150633
602.360533874136,103.452685603096,4.20149108174534
390.735163341906,227.364267985596,4.1834822861033
565.220433416094,401.771247057228,4.74770512407101
141.258943652492,281.568319154048,4.59690812773585
193.485825611272,368.733150553323,4.08992628852252
125.55732400948,410.061879003317,3.33691226565319
627.107879075142,311.805955453506,4.67761235290476
0.96784366448812,143.031417263055,4.1344948147139
543.154029934007,200.74043948432,4.16338199156412
33.5290793587839,490.664411979721,3.0933965993923
279.126083602061,22.6008368075278,3.94264697740313
533.410146600021,393.79879186616,3.30426052196945
77.4995517191802,79.4807510831518,5.18543017518784
5.18567741386389,77.2114292376282,3.67806697753437
583.128108196267,223.674827805344,3.97577487341125
439.773499804016,461.893448874448,4.74035972972278
658.975530718165,374.678669464583,3.15903175674891
109.477120326141,483.330905175786,4.34751795859755
626.308680631317,88.4155907467007,4.09894320291415
417.766867066961,259.705793114675,3.62825111234201
8.52271760115739,182.949193139156,3.05587556519807
72.6186664931942,107.341467568002,4.27471544040298
611.705270740833,195.882364767586,4.10069635647891
251.998728036367,215.180658112898,3.45494148182874
582.131364417644,432.373332465857,3.85327219193924
301.46127212144,140.252745914799,3.9384079129439
533.476459997718,451.383791480813,3.73413256398045
42.2586772893805,423.031330012191,3.90640964097073
197.314357676262,289.031575033825,3.85715086226534
546.598332371182,261.574463039109,3.70996707803671
164.138912109981,20.4190465429769,4.21882261533405
508.332281229418,352.063270712276,4.47827971839449
30.718287244933,47.2350964807266,3.58977877190346
529.520284748817,143.038612118954,4.90016203132844
NA,NA,NA
662.172063058113,334.04910088777,3.52970965446459
453.847398646232,303.569697447028,3.58737908569212
9.82638461400126,490.689817499546,3.67576186527733
562.456585967027,49.5011090791856,4.18629828025789
73.9078122363517,369.132785117314,3.93017567022612
229.623779539879,410.273051610715,3.98841628229144
429.662674534371,13.2681734880737,3.16059744335642
362.704787288702,293.630397496767,2.99997935150633
602.360533874136,103.452685603096,4.20149108174534
390.735163341906,227.364267985596,4.1834822861033
565.220433416094,401.771247057228,4.74770512407101
141.258943652492,281.568319154048,4.59690812773585
193.485825611272,368.733150553323,4.08992628852252
125.55732400948,410.061879003317,3.33691226565319
627.107879075142,311.805955453506,4.67761235290476
0.96784366448812,143.031417263055,4.1344948147139
543.154029934007,200.74043948432,4.16338199156412
33.5290793587839,490.664411979721,3.0933965993923
279.126083602061,22.6008368075278,3.94264697740313
533.410146600021,393.79879186616,3.30426052196945
77.4995517191802,79.4807510831518,5.18543017518784
5.18567741386389,77.2114292376282,3.67806697753437
583.128108196267,223.674827805344,3.97577487341125
439.773499804016,461.893448874448,4.74035972972278
658.975530718165,374.678669464583,3.15903175674891
109.477120326141,483.330905175786,4.34751795859755
626.308680631317,88.4155907467007,4.09894320291415
417.766867066961,259.705793114675,3.62825111234201
8.52271760115739,182.949193139156,3.05587556519807
72.6186664931942,107.341467568002,4.27471544040298
611.705270740833,195.882364767586,4.10069635647891
251.998728036367,215.180658112898,3.45494148182874
582.131364417644,432.373332465857,3.85327219193924
301.46127212144,140.252745914799,3.9384079129439
533.476459997718,451.383791480813,3.73413256398045
42.2586772893805,423.031330012191,3.90640964097073
197.314357676262,289.031575033825,3.85715086226534
546.598332371182,261.574463039109,3.70996707803671
164.138912109981,20.4190465429769,4.21882261533405
508.332281229418,352.063270712276,4.47827971839449
30.718287244933,47.2350964807266,3.58977877190346
529.520284748817,143.038612118954,4.90016203132844
NA,NA,NA
662.172063058113,334.04910088777,3.52970965446459
453.847398646232,303.569697447028,3.58737908569212
9.82638461400126,490.689817499546,3.67576186527733
562.456585967027,49.5011090791856,4.18629828025789
73.9078122363517,369.132785117314,3.93017567022612
229.623779539879,410.273051610715,3.98841628229144
429.662674534371,13.2681734880737,3.16059744335642
362.704787288702,293.630397496767,2.99997935150633
602.360533874136,103.452685603096,4.20149108174534
390.735163341906,227.364267985596,4.1834822861033
565.220433416094,401.771247057228,4.74770512407101
141.258943652492,281.568319154048,4.59690812773585
193.485825611272,368.733150553323,4.08992628852252
125.55732400948,410.061879003317,3.33691226565319
627.107879075142,311.805955453506,4.67761235290476
0.96784366448812,143.031417263055,4.1344948147139
543.154029934007,200.74043948432,4.16338199156412
33.5290793587839,490.664411979721,3.0933965993923
279.126083602061,22.6008368075278,3.94264697740313
533.410146600021,393.79879186616,3.30426052196945
77.4995517191802,79.4807510831518,5.18543017518784
5.18567741386389,77.2114292376282,3.67806697753437
583.128108196267,223.674827805344,3.97577487341125
439.773499804016,461.893448874448,4.74035972972278
658.975530718165,374.678669464583,3.15903175674891
109.477120326141,483.330905175786,4.34751795859755
626.308680631317,88.4155907467007,4.09894320291415
417.766867066961,259.705793114675,3.62825111234201
8.52271760115739,182.949193139156,3.05587556519807
72.6186664931942,107.341467568002,4.27471544040298
611.705270740833,195.882364767586,4.10069635647891
251.998728036367,215.180658112898,3.45494148182874
582.131364417644,432.373332465857,3.85327219193924
301.46127212144,140.252745914799,3.9384079129439
533.476459997718,451.383791480813,3.73413256398045
42.2586772893805,423.031330012191,3.90640964097073
197.314357676262,289.031575033825,3.85715086226534
546.598332371182,261.574463039109,3.70996707803671
164.138912109981,20.4190465429769,4.21882261533405
508.332281229418,352.063270712276,4.47827971839449
30.718287244933,47.2350964807266,3.58977877190346
529.520284748817,143.038612118954,4.90016203132844
NA,NA,NA
662.172063058113,334.04910088777,3.52970965446459
453.847398646232,303.569697447028,3.58737908569212
9.82638461400126,490.689817499546,3.67576186527733
562.456585967027,49.5011090791856,4.18629828025789
73.9078122363517,369.132785117314,3.93017567022612
229.623779539879,410.273051610715,3.98841628229144
429.662674534371,13.2681734880737,3.16059744335642
362.704787288702,293.630397496767,2.99997935150633
602.360533874136,103.452685603096,4.20149108174534
390.735163341906,227.364267985596,4.1834822861033
565.220433416094,401.771247057228,4.74770512407101
141.258943652492,281.568319154048,4.59690812773585
193.485825611272,368.733150553323,4.08992628852252
125.55732400948,410.061879003317,3.33691226565319
627.107879075142,311.805955453506,4.67761235290476
0.96784366448812,143.031417263055,4.1344948147139
543.154029934007,200.74043948432,4.16338199156412
33.5290793587839,490.664411979721,3.0933965993923
279.126083602061,22.6008368075278,3.94264697740313
533.410146600021,393.79879186616,3.30426052196945
77.4995517191802,79.4807510831518,5.18543017518784
5.18567741386389,77.2114292376282,3.67806697753437
583.128108196267,223.674827805344,3.97577487341125
439.773499804016,461.893448874448,4.74035972972278
658.975530718165,374.678669464583,3.15903175674891
109.477120326141,483.330905175786,4.34751795859755
626.308680631317,88.4155907467007,4.09894320291415
417.766867066961,259.705793114675,3.62825111234201
8.52271760115739,182.949193139156,3.05587556519807
72.6186664931942,107.341467568002,4.27471544040298
611.705270740833,195.882364767586,4.10069635647891
251.998728036367,215.180658112898,3.45494148182874
582.131364417644,432.373332465857,3.85327219193924
301.46127212144,140.252745914799,3.9384079129439
533.476459997718,451.383791480813,3.73413256398045
42.2586772893805,423.031330012191,3.90640964097073
197.314357676262,289.031575033825,3.85715086226534
546.598332371182,261.574463039109,3.70996707803671
164.138912109981,20.4190465429769,4.21882261533405
508.332281229418,352.063270712276,4.47827971839449
30.718287244933,47.2350964807266,3.58977877190346
529.520284748817,143.038612118954,4.90016203132844
NA,NA,NA
662.172063058113,334.04910088777,3.52970965446459
453.847398646232,303.569697447028,3.58737908569212
9.82638461400126,490.689817499546,3.67576186527733
562.456585967027,49.5011090791856,4.18629828025789
73.9078122363517,369.132785117314,3.93017567022612
229.623779539879,410.273051610715,3.98841628229144
429.662674534371,13.2681734880737,3.16059744335642
362.704787288702,293.630397496767,2.99997935150633
602.360533874136,103.452685603096,4.20149108174534
390.735163341906,227.364267985596,4.1834822861033
565.220433416094,401.771247057228,4.74770512407101
141.258943652492,281.568319154048,4.59690812773585
193.485825611272,368.733150553323,4.08992628852252
125.55732400948,410.061879003317,3.33691226565319
627.107879075142,311.805955453506,4.67761235290476
0.96784366448812,143.031417263055,4.1344948147139
543.154029934007,200.74043948432,4.16338199156412
33.5290793587839,490.664411979721,3.0933965993923
279.126083602061,22.6008368075278,3.94264697740313
533.410146600021,393.79879186616,3.30426052196945
77.4995517191802,79.4807510831518,5.18543017518784
5.18567741386389,77.2114292376282,3.67806697753437
583.128108196267,223.674827805344,3.97577487341125
439.773499804016,461.893448874448,4.74035972972278
658.975530718165,374.678669464583,3.15903175674891
109.477120326141,483.330905175786,4.34751795859755
626.308680631317,88.4155907467007,4.09894320291415
417.766867066961,259.705793114675,3.62825111234201
8.52271760115739,182.949193139156,3.05587556519807
72.6186664931942,107.341467568002,4.27471544040298
611.705270740833,195.882364767586,4.10069635647891
251.998728036367,215.180658112898,3.45494148182874
582.131364417644,432.373332465857,3.85327219193924
301.46127212144,140.252745914799,3.9384079129439
533.476459997718,451.383791480813,3.73413256398045
42.2586772893805,423.031330012191,3.90640964097073
197.314357676262,289.031575033825,3.85715086226534
546.598332371182,261.574463039109,3.70996707803671
164.138912109981,20.4190465429769,4.21882261533405
508.332281229418,352.063270712276,4.47827971839449
30.718287244933,47.2350964807266,3.58977877190346
529.520284748817,143.038612118954,4.90016203132844
NA,NA,NA
660.072846433938,333.425612825093,3.39711285937253
457.498672804742,298.998353288769,3.59911977280428
13.0942061535207,496.06914367647,3.82301023450489
561.937415096263,52.8222690091596,3.97213773188261
79.0875032260945,375.412328071573,3.95281479776846
228.647202729411,415.024464944309,3.83807662183792
427.14246189486,14.242393728742,3.3516346258569
363.798437180966,290.229202763221,3.0157506472083
601.962346836787,110.015193175804,4.10658835230487
386.855580053284,224.998382076749,4.22161805254398
569.105884682467,411.817563348333,4.74229117514927
139.482782833257,277.115835799679,4.62225086434848
194.232499266323,369.647659925576,4.01952316452083
122.434022102979,411.215191909852,3.40853789650144
618.671686993486,309.317871128444,4.63853979622555
-0.188312159945366,148.058933266784,4.28895850475698
544.20568015382,205.772673787074,4.2698994206007
33.1456144240502,494.688711971549,2.9882623143697
275.567299340721,21.1285219793017,3.84592933769784
534.961948201884,392.677043517647,3.5447771408095
71.1027201784388,81.1853650416574,5.21967163144357
7.03986943840612,77.7995531254786,3.73941317946306
589.573798004202,228.433304768625,4.08747765073285
441.615352921749,449.901982066585,4.76981580666293
658.437620488658,372.149452434533,2.98372547855818
97.9733550512751,485.964784933316,4.40550424822913
627.123043839399,94.7939043200079,4.08647138175849
418.316736538505,257.390639527029,3.60235737001037
10.9071254415549,181.16834906989,3.34350935355467
63.3767593782303,117.726896447849,4.76714889854712
609.624848368066,204.795612115233,3.90126923687568
268.675633137084,210.253764573928,3.82517924711973
576.439224817219,435.490795874081,3.721423250766
302.816444426717,134.46790506749,3.67090122562182
526.753953068132,455.951408036342,3.63716098174684
44.9642730059006,426.626913554221,3.8263571812074
197.358991101233,282.124061422561,3.50892599220945
551.81539725153,270.569296332505,3.86157602951504
172.944297756792,33.5774567016059,4.56503818524387
499.158075799569,339.662807776113,4.75788105138232
36.7492211636921,61.7044328198757,3.36295558501089
534.133873899028,130.041231181094,4.50933744847556
NA,NA,NA
660.072846433938,333.425612825093,3.39711285937253
457.498672804742,298.998353288769,3.59911977280428
13.0942061535207,496.06914367647,3.82301023450489
561.937415096263,52.8222690091596,3.97213773188261
79.0875032260945,375.412328071573,3.95281479776846
228.647202729411,415.024464944309,3.83807662183792
427.14246189486,14.242393728742,3.3516346258569
363.798437180966,290.229202763221,3.0157506472083
601.962346836787,110.015193175804,4.10658835230487
386.855580053284,224.998382076749,4.22161805254398
569.105884682467,411.817563348333,4.74229117514927
139.482782833257,277.115835799679,4.62225086434848
194.232499266323,369.647659925576,4.01952316452083
122.434022102979,411.215191909852,3.40853789650144
618.671686993486,309.317871128444,4.63853979622555
-0.188312159945366,148.058933266784,4.28895850475698
544.20568015382,205.772673787074,4.2698994206007
33.1456144240502,494.688711971549,2.9882623143697
275.567299340721,21.1285219793017,3.84592933769784
534.961948201884,392.677043517647,3.5447771408095
71.1027201784388,81.1853650416574,5.21967163144357
7.03986943840612,77.7995531254786,3.73941317946306
589.573798004202,228.433304768625,4.08747765073285
441.615352921749,449.901982066585,4.76981580666293
658.437620488658,372.149452434533,2.98372547855818
97.9733550512751,485.964784933316,4.40550424822913
627.123043839399,94.7939043200079,4.08647138175849
418.316736538505,257.390639527029,3.60235737001037
10.9071254415549,181.16834906989,3.34350935355467
63.3767593782303,117.726896447849,4.76714889854712
609.624848368066,204.795612115233,3.90126923687568
268.675633137084,210.253764573928,3.82517924711973
576.439224817219,435.490795874081,3.721423250766
302.816444426717,134.46790506749,3.67090122562182
526.753953068132,455.951408036342,3.63716098174684
44.9642730059006,426.626913554221,3.8263571812074
197.358991101233,282.124061422561,3.50892599220945
551.81539725153,270.569296332505,3.86157602951504
172.944297756792,33.5774567016059,4.56503818524387
499.158075799569,339.662807776113,4.75788105138232
36.7492211636921,61.7044328198757,3.36295558501089
534.133873899028,130.041231181094,4.50933744847556
NA,NA,NA
660.072846433938,333.425612825093,3.39711285937253
457.498672804742,298.998353288769,3.59911977280428
13.0942061535207,496.06914367647,3.82301023450489
561.937415096263,52.8222690091596,3.97213773188261
79.0875032260945,375.412328071573,3.95281479776846
228.647202729411,415.024464944309,3.83807662183792
427.14246189486,14.242393728742,3.3516346258569
363.798437180966,290.229202763221,3.0157506472083
601.962346836787,110.015193175804,4.10658835230487
386.855580053284,224.998382076749,4.22161805254398
569.105884682467,411.817563348333,4.74229117514927
139.482782833257,277.115835799679,4.62225086434848
194.232499266323,369.647659925576,4.01952316452083
122.434022102979,411.215191909852,3.40853789650144
618.671686993486,309.317871128444,4.63853979622555
-0.188312159945366,148.058933266784,4.28895850475698
544.20568015382,205.772673787074,4.2698994206007
33.1456144240502,494.688711971549,2.9882623143697
275.567299340721,21.1285219793017,3.84592933769784
534.961948201884,392.677043517647,3.5447771408095
71.1027201784388,81.1853650416574,5.21967163144357
7.03986943840612,77.7995531254786,3.73941317946306
589.573798004202,228.433304768625,4.08747765073285
441.615352921749,449.901982066585,4.76981580666293
658.437620488658,372.149452434533,2.98372547855818
97.9733550512751,485.964784933316,4.40550424822913
627.123043839399,94.7939043200079,4.08647138175849
418.316736538505,257.390639527029,3.60235737001037
10.9071254415549,181.16834906989,3.34350935355467
63.3767593782303,117.726896447849,4.76714889854712
609.624848368066,204.795612115233,3.90126923687568
268.675633137084,210.253764573928,3.82517924711973
576.439224817219,435.490795874081,3.721423250766
302.816444426717,134.46790506749,3.67090122562182
526.753953068132,455.951408036342,3.63716098174684
44.9642730059006,426.626913554221,3.8263571812074
197.358991101233,282.124061422561,3.50892599220945
551.81539725153,270.569296332505,3.86157602951504
172.944297756792,33.5774567016059,4.56503818524387
499.158075799569,339.662807776113,4.75788105138232
36.7492211636921,61.7044328198757,3.36295558501089
534.133873899028,130.041231181094,4.50933744847556
NA,NA,NA
660.072846433938,333.425612825093,3.39711285937253
457.498672804742,298.998353288769,3.59911977280428
13.0942061535207,496.06914367647,3.82301023450489
561.937415096263,52.8222690091596,3.97213773188261
79.0875032260945,375.412328071573,3.95281479776846
228.647202729411,415.024464944309,3.83807662183792
427.14246189486,14.242393728742,3.3516346258569
363.798437180966,290.229202763221,3.0157506472083
601.962346836787,110.015193175804,4.10658835230487
386.855580053284,224.998382076749,4.22161805254398
569.105884682467,411.817563348333,4.74229117514927
139.482782833257,277.115835799679,4.62225086434848
194.232499266323,369.647659925576,4.01952316452083
122.434022102979,411.215191909852,3.40853789650144
618.671686993486,309.317871128444,4.63853979622555
-0.188312159945366,148.058933266784,4.28895850475698
544.20568015382,205.772673787074,4.2698994206007
33.1456144240502,494.688711971549,2.9882623143697
275.567299340721,21.1285219793017,3.84592933769784
534.961948201884,392.677043517647,3.5447771408095
71.1027201784388,81.1853650416574,5.21967163144357
7.03986943840612,77.7995531254786,3.73941317946306
589.573798004202,228.433304768625,4.08747765073285
441.615352921749,449.901982066585,4.76981580666293
658.437620488658,372.149452434533,2.98372547855818
97.9733550512751,485.964784933316,4.40550424822913
627.123043839399,94.7939043200079,4.08647138175849
418.316736538505,257.390639527029,3.60235737001037
10.9071254415549,181.16834906989,3.34350935355467
63.3767593782303,117.726896447849,4.76714889854712
609.624848368066,204.795612115233,3.90126923687568
268.675633137084,210.253764573928,3.82517924711973
576.439224817219,435.490795874081,3.721423250766
302.816444426717,134.46790506749,3.67090122562182
526.753953068132,455.951408036342,3.63716098174684
44.9642730059006,426.626913554221,3.8263571812074
197.358991101233,282.124061422561,3.50892599220945
551.81539725153,270.569296332505,3.86157602951504
172.944297756792,33.5774567016059,4.56503818524387
499.158075799569,339.662807776113,4.75788105138232
36.7492211636921,61.7044328198757,3.36295558501089
534.133873899028,130.041231181094,4.50933744847556
NA,NA,NA
660.072846433938,333.425612825093,3.39711285937253
457.498672804742,298.998353288769,3.59911977280428
13.0942061535207,496.06914367647,3.82301023450489
561.937415096263,52.8222690091596,3.97213773188261
79.0875032260945,375.412328071573,3.95281479776846
228.647202729411,415.024464944309,3.83807662183792
427.14246189486,14.242393728742,3.3516346258569
363.798437180966,290.229202763221,3.0157506472083
601.962346836787,110.015193175804,4.10658835230487
386.855580053284,224.998382076749,4.22161805254398
569.105884682467,411.817563348333,4.74229117514927
139.482782833257,277.115835799679,4.62225086434848
194.232499266323,369.647659925576,4.01952316452083
122.434022102979,411.215191909852,3.40853789650144
618.671686993486,309.317871128444,4.63853979622555
-0.188312159945366,148.058933266784,4.28895850475698
544.20568015382,205.772673787074,4.2698994206007
33.1456144240502,494.688711971549,2.9882623143697
275.567299340721,21.1285219793017,3.84592933769784
534.961948201884,392.677043517647,3.5447771408095
71.1027201784388,81.1853650416574,5.21967163144357
7.03986943840612,77.7995531254786,3.73941317946306
589.573798004202,228.433304768625,4.08747765073285
441.615352921749,449.901982066585,4.76981580666293
658.437620488658,372.149452434533,2.98372547855818
97.9733550512751,485.964784933316,4.40550424822913
627.123043839399,94.7939043200079,4.08647138175849
418.316736538505,257.390639527029,3.60235737001037
10.9071254415549,181.16834906989,3.34350935355467
63.3767593782303,117.726896447849,4.76714889854712
609.624848368066,204.795612115233,3.90126923687568
268.675633137084,210.253764573928,3.82517924711973
576.439224817219,435.490795874081,3.721423250766
302.816444426717,134.46790506749,3.67090122562182
526.753953068132,455.951408036342,3.63716098174684
44.9642730059006,426.626913554221,3.8263571812074
197.358991101233,282.124061422561,3.50892599220945
551.81539725153,270.569296332505,3.86157602951504
172.944297756792,33.5774567016059,4.56503818524387
499.158075799569,339.662807776113,4.75788105138232
36.7492211636921,61.7044328198757,3.36295558501089
534.133873899028,130.041231181094,4.50933744847556
NA,NA,NA
660.072846433938,333.425612825093,3.39711285937253
457.498672804742,298.998353288769,3.59911977280428
13.0942061535207,496.06914367647,3.82301023450489
561.937415096263,52.8222690091596,3.97213773188261
79.0875032260945,375.412328071573,3.95281479776846
228.647202729411,415.024464944309,3.83807662183792
427.14246189486,14.242393728742,3.3516346258569
363.798437180966,290.229202763221,3.0157506472083
601.962346836787,110.015193175804,4.10658835230487
386.855580053284,224.998382076749,4.22161805254398
569.105884682467,411.817563348333,4.74229117514927
139.482782833257,277.115835799679,4.62225086434848
194.232499266323,369.647659925576,4.01952316452083
122.434022102979,411.215191909852,3.40853789650144
618.671686993486,309.317871128444,4.63853979622555
-0.188312159945366,148.058933266784,4.28895850475698
544.20568015382,205.772673787074,4.2698994206007
33.1456144240502,494.688711971549,2.9882623143697
275.567299340721,21.1285219793017,3.84592933769784
534.961948201884,392.677043517647,3.5447771408095
71.1027201784388,81.1853650416574,5.21967163144357
7.03986943840612,77.7995531254786,3.73941317946306
589.573798004202,228.433304768625,4.08747765073285
441.615352921749,449.901982066585,4.76981580666293
658.437620488658,372.149452434533,2.98372547855818
97.9733550512751,485.964784933316,4.40550424822913
627.123043839399,94.7939043200079,4.08647138175849
418.316736538505,257.390639527029,3.60235737001037
10.9071254415549,181.16834906989,3.34350935355467
63.3767593782303,117.726896447849,4.76714889854712
609.624848368066,204.795612115233,3.90126923687568
268.675633137084,210.253764573928,3.82517924711973
576.439224817219,435.490795874081,3.721423250766
302.816444426717,134.46790506749,3.67090122562182
526.753953068132,455.951408036342,3.63716098174684
44.9642730059006,426.626913554221,3.8263571812074
197.358991101233,282.124061422561,3.50892599220945
551.81539725153,270.569296332505,3.86157602951504
172.944297756792,33.5774567016059,4.56503818524387
499.158075799569,339.662807776113,4.75788105138232
36.7492211636921,61.7044328198757,3.36295558501089
534.133873899028,130.041231181094,4.50933744847556
NA,NA,NA
661.925567302168,334.564802211996,3.51988623118571
458.76533991023,295.005769073313,3.71630499273249
14.3276311034961,492.649894142844,3.60785315965756
552.118071860643,49.2533328389641,4.23990574435386
69.4942531048702,376.178216694033,3.89378678711252
231.440202129843,415.563574526172,3.93196116535936
430.444880203819,12.229435070904,3.48245203061844
365.687992263205,293.309320968597,2.90701522233099
607.054951478814,107.571937528089,4.37811452723992
396.06434343054,232.305905293219,4.1531764494343
569.426653240979,409.131193264827,4.69553245564089
132.047430229434,281.11301044416,4.4722915676103
200.424955327411,372.670952168124,3.93235939464982
125.856748936879,411.829315458351,3.46920687680259
633.058456513022,313.146993418593,4.64475105060418
-2.30652692171448,146.752365341792,4.26867537323119
539.644367528224,207.47342512784,4.15891930757305
35.0449127858166,494.06042462067,2.97917544902897
275.819846973395,26.031382197111,3.83646456801661
530.262742136465,395.292751946431,3.46169300752593
71.8976320033255,79.778578912225,5.28126756675711
6.86034530775128,77.4714200344184,3.49699254865577
588.108482830261,223.005198164636,3.98281790984281
441.132146902758,456.053279921059,4.66196688845355
656.332426435786,374.526939966436,3.17020822907485
106.209245174692,490.804191730546,4.36620734318866
624.964520728254,91.9926715602292,4.09134281122032
417.859437752935,257.326480033664,3.58787327350057
11.0598369949262,184.385936383791,3.0779209994623
61.3031511487247,110.205034233607,4.44302668162689
615.841264091783,203.282471982469,3.64279035405972
256.824456536363,212.113064749689,3.85246720791837
569.272771583977,430.993045748557,4.10926955591062
302.268381991449,139.814703175859,3.76979406248856
530.726509134332,456.718246136494,3.41520116811445
44.3705661855166,422.818654635881,4.01947865049636
204.831368074409,284.805703978647,3.90633971321909
549.778838447835,263.606455698854,3.80121951280412
166.711919033664,23.6827197835083,4.44578497778065
494.986625371697,344.963652028669,4.57822925891577
32.4439542396333,47.3419011623203,3.6118033192552
527.286147409045,168.320065996004,4.58012113315412
NA,NA,NA
661.925567302168,334.564802211996,3.51988623118571
458.76533991023,295.005769073313,3.71630499273249
14.3276311034961,492.649894142844,3.60785315965756
552.118071860643,49.2533328389641,4.23990574435386
69.4942531048702,376.178216694033,3.89378678711252
231.440202129843,415.563574526172,3.93196116535936
430.444880203819,12.229435070904,3.48245203061844
365.687992263205,293.309320968597,2.90701522233099
607.054951478814,107.571937528089,4.37811452723992
396.06434343054,232.305905293219,4.1531764494343
569.426653240979,409.131193264827,4.69553245564089
132.047430229434,281.11301044416,4.4722915676103
200.424955327411,372.670952168124,3.93235939464982
125.856748936879,411.829315458351,3.46920687680259
633.058456513022,313.146993418593,4.64475105060418
-2.30652692171448,146.752365341792,4.26867537323119
539.644367528224,207.47342512784,4.15891930757305
35.0449127858166,494.06042462067,2.97917544902897
275.819846973395,26.031382197111,3.83646456801661
530.262742136465,395.292751946431,3.46169300752593
71.8976320033255,79.778578912225,5.28126756675711
6.86034530775128,77.4714200344184,3.49699254865577
588.108482830261,223.005198164636,3.98281790984281
441.132146902758,456.053279921059,4.66196688845355
656.332426435786,374.526939966436,3.17020822907485
106.209245174692,490.804191730546,4.36620734318866
624.964520728254,91.9926715602292,4.09134281122032
417.859437752935,257.326480033664,3.58787327350057
11.0598369949262,184.385936383791,3.0779209994623
61.3031511487247,110.205034233607,4.44302668162689
615.841264091783,203.282471982469,3.64279035405972
256.824456536363,212.113064749689,3.85246720791837
569.272771583977,430.993045748557,4.10926955591062
302.268381991449,139.814703175859,3.76979406248856
530.726509134332,456.718246136494,3.41520116811445
44.3705661855166,422.818654635881,4.01947865049636
204.831368074409,284.805703978647,3.90633971321909
549.778838447835,263.606455698854,3.80121951280412
166.711919033664,23.6827197835083,4.44578497778065
494.986625371697,344.963652028669,4.57822925891577
32.4439542396333,47.3419011623203,3.6118033192552
527.286147409045,168.320065996004,4.58012113315412
NA,NA,NA
661.925567302168,334.564802211996,3.51988623118571
458.76533991023,295.005769073313,3.71630499273249
14.3276311034961,492.649894142844,3.60785315965756
552.118071860643,49.2533328389641,4.23990574435386
69.4942531048702,376.178216694033,3.89378678711252
231.440202129843,415.563574526172,3.93196116535936
430.444880203819,12.229435070904,3.48245203061844
365.687992263205,293.309320968597,2.90701522233099
607.054951478814,107.571937528089,4.37811452723992
396.06434343054,232.305905293219,4.1531764494343
569.426653240979,409.131193264827,4.69553245564089
132.047430229434,281.11301044416,4.4722915676103
200.424955327411,372.670952168124,3.93235939464982
125.856748936879,411.829315458351,3.46920687680259
633.058456513022,313.146993418593,4.64475105060418
-2.30652692171448,146.752365341792,4.26867537323119
539.644367528224,207.47342512784,4.15891930757305
35.0449127858166,494.06042462067,2.97917544902897
275.819846973395,26.031382197111,3.83646456801661
530.262742136465,395.292751946431,3.46169300752593
71.8976320033255,79.778578912225,5.28126756675711
6.86034530775128,77.4714200344184,3.49699254865577
588.108482830261,223.005198164636,3.98281790984281
441.132146902758,456.053279921059,4.66196688845355
656.332426435786,374.526939966436,3.17020822907485
106.209245174692,490.804191730546,4.36620734318866
624.964520728254,91.9926715602292,4.09134281122032
417.859437752935,257.326480033664,3.58787327350057
11.0598369949262,184.385936383791,3.0779209994623
61.3031511487247,110.205034233607,4.44302668162689
615.841264091783,203.282471982469,3.64279035405972
256.824456536363,212.113064749689,3.85246720791837
569.272771583977,430.993045748557,4.10926955591062
302.268381991449,139.814703175859,3.76979406248856
530.726509134332,456.718246136494,3.41520116811445
44.3705661855166,422.818654635881,4.01947865049636
204.831368074409,284.805703978647,3.90633971321909
549.778838447835,263.606455698854,3.80121951280412
166.711919033664,23.6827197835083,4.44578497778065
494.986625371697,344.963652028669,4.57822925891577
32.4439542396333,47.3419011623203,3.6118033192552
527.286147409045,168.320065996004,4.58012113315412
NA,NA,NA
661.925567302168,334.564802211996,3.51988623118571
458.76533991023,295.005769073313,3.71630499273249
14.3276311034961,492.649894142844,3.60785315965756
552.118071860643,49.2533328389641,4.23990574435386
69.4942531048702,376.178216694033,3.89378678711252
231.440202129843,415.563574526172,3.93196116535936
430.444880203819,12.229435070904,3.48245203061844
365.687992263205,293.309320968597,2.90701522233099
607.054951478814,107.571937528089,4.37811452723992
396.06434343054,232.305905293219,4.1531764494343
569.426653240979,409.131193264827,4.69553245564089
132.047430229434,281.11301044416,4.4722915676103
200.424955327411,372.670952168124,3.93235939464982
125.856748936879,411.829315458351,3.46920687680259
633.058456513022,313.146993418593,4.64475105060418
-2.30652692171448,146.752365341792,4.26867537323119
539.644367528224,207.47342512784,4.15891930757305
35.0449127858166,494.06042462067,2.97917544902897
275.819846973395,26.031382197111,3.83646456801661
530.262742136465,395.292751946431,3.46169300752593
71.8976320033255,79.778578912225,5.28126756675711
6.86034530775128,77.4714200344184,3.49699254865577
588.108482830261,223.005198164636,3.98281790984281
441.132146902758,456.053279921059,4.66196688845355
656.332426435786,374.526939966436,3.17020822907485
106.209245174692,490.804191730546,4.36620734318866
624.964520728254,91.9926715602292,4.09134281122032
417.859437752935,257.326480033664,3.58787327350057
11.0598369949262,184.385936383791,3.0779209994623
61.3031511487247,110.205034233607,4.44302668162689
615.841264091783,203.282471982469,3.64279035405972
256.824456536363,212.113064749689,3.85246720791837
569.272771583977,430.993045748557,4.10926955591062
302.268381991449,139.814703175859,3.76979406248856
530.726509134332,456.718246136494,3.41520116811445
44.3705661855166,422.818654635881,4.01947865049636
204.831368074409,284.805703978647,3.90633971321909
549.778838447835,263.606455698854,3.80121951280412
166.711919033664,23.6827197835083,4.44578497778065
494.986625371697,344.963652028669,4.57822925891577
32.4439542396333,47.3419011623203,3.6118033192552
527.286147409045,168.320065996004,4.58012113315412
NA,NA,NA
661.925567302168,334.564802211996,3.51988623118571
458.76533991023,295.005769073313,3.71630499273249
14.3276311034961,492.649894142844,3.60785315965756
552.118071860643,49.2533328389641,4.23990574435386
69.4942531048702,376.178216694033,3.89378678711252
231.440202129843,415.563574526172,3.93196116535936
430.444880203819,12.229435070904,3.48245203061844
365.687992263205,293.309320968597,2.90701522233099
607.054951478814,107.571937528089,4.37811452723992
396.06434343054,232.305905293219,4.1531764494343
569.426653240979,409.131193264827,4.69553245564089
132.047430229434,281.11301044416,4.4722915676103
200.424955327411,372.670952168124,3.93235939464982
125.856748936879,411.829315458351,3.46920687680259
633.058456513022,313.146993418593,4.64475105060418
-2.30652692171448,146.752365341792,4.26867537323119
539.644367528224,207.47342512784,4.15891930757305
35.0449127858166,494.06042462067,2.97917544902897
275.819846973395,26.031382197111,3.83646456801661
530.262742136465,395.292751946431,3.46169300752593
71.8976320033255,79.778578912225,5.28126756675711
6.86034530775128,77.4714200344184,3.49699254865577
588.108482830261,223.005198164636,3.98281790984281
441.132146902758,456.053279921059,4.66196688845355
656.332426435786,374.526939966436,3.17020822907485
106.209245174692,490.804191730546,4.36620734318866
624.964520728254,91.9926715602292,4.09134281122032
417.859437752935,257.326480033664,3.58787327350057
11.0598369949262,184.385936383791,3.0779209994623
61.3031511487247,110.205034233607,4.44302668162689
615.841264091783,203.282471982469,3.64279035405972
256.824456536363,212.113064749689,3.85246720791837
569.272771583977,430.993045748557,4.10926955591062
302.268381991449,139.814703175859,3.76979406248856
530.726509134332,456.718246136494,3.41520116811445
44.3705661855166,422.818654635881,4.01947865049636
204.831368074409,284.805703978647,3.90633971321909
549.778838447835,263.606455698854,3.80121951280412
166.711919033664,23.6827197835083,4.44578497778065
494.986625371697,344.963652028669,4.57822925891577
32.4439542396333,47.3419011623203,3.6118033192552
527.286147409045,168.320065996004,4.58012113315412
NA,NA,NA
661.925567302168,334.564802211996,3.51988623118571
458.76533991023,295.005769073313,3.71630499273249
14.3276311034961,492.649894142844,3.60785315965756
552.118071860643,49.2533328389641,4.23990574435386
69.4942531048702,376.178216694033,3.89378678711252
231.440202129843,415.563574526172,3.93196116535936
430.444880203819,12.229435070904,3.48245203061844
365.687992263205,293.309320968597,2.90701522233099
607.054951478814,107.571937528089,4.37811452723992
396.06434343054,232.305905293219,4.1531764494343
569.426653240979,409.131193264827,4.69553245564089
132.047430229434,281.11301044416,4.4722915676103
200.424955327411,372.670952168124,3.93235939464982
125.856748936879,411.829315458351,3.46920687680259
633.058456513022,313.146993418593,4.64475105060418
-2.30652692171448,146.752365341792,4.26867537323119
539.644367528224,207.47342512784,4.15891930757305
35.0449127858166,494.06042462067,2.97917544902897
275.819846973395,26.031382197111,3.83646456801661
530.262742136465,395.292751946431,3.46169300752593
71.8976320033255,79.778578912225,5.28126756675711
6.86034530775128,77.4714200344184,3.49699254865577
588.108482830261,223.005198164636,3.98281790984281
441.132146902758,456.053279921059,4.66196688845355
656.332426435786,374.526939966436,3.17020822907485
106.209245174692,490.804191730546,4.36620734318866
624.964520728254,91.9926715602292,4.09134281122032
417.859437752935,257.326480033664,3.58787327350057
11.0598369949262,184.385936383791,3.0779209994623
61.3031511487247,110.205034233607,4.44302668162689
615.841264091783,203.282471982469,3.64279035405972
256.824456536363,212.113064749689,3.85246720791837
569.272771583977,430.993045748557,4.10926955591062
302.268381991449,139.814703175859,3.76979406248856
530.726509134332,456.718246136494,3.41520116811445
44.3705661855166,422.818654635881,4.01947865049636
204.831368074409,284.805703978647,3.90633971321909
549.778838447835,263.606455698854,3.80121951280412
166.711919033664,23.6827197835083,4.44578497778065
494.986625371697,344.963652028669,4.57822925891577
32.4439542396333,47.3419011623203,3.6118033192552
527.286147409045,168.320065996004,4.58012113315412
NA,NA,NA
662.093882022722,335.656193299284,3.69061936284914
455.211594282616,296.622296556211,3.57810568216316
12.593647020443,488.958609420486,3.7231433630526
561.430396087465,51.8905838225947,4.30836423021204
69.4978321481864,377.623040953078,3.9383631523038
227.304658634097,409.728163563273,3.80120881020419
431.872538389074,12.2691228394493,3.24882695346401
361.882526055593,292.660205264194,3.00300633365471
605.475597570124,103.076936530998,4.32937904051773
399.220738625136,227.049646214372,4.30795000949404
567.235067306525,408.500771764072,4.76695653640315
135.92702802699,279.555217375756,4.44917375290957
198.491323239021,377.147708880944,3.99449168891401
123.637893200682,407.387986152472,3.48900944548137
623.015412572472,316.695076534038,4.54142908569569
-0.0196422479330072,147.529142144207,4.32139370546319
546.785655149511,210.634228530538,4.12661830442588
33.0896129579038,491.810894485568,3.08807544924533
281.938851336048,23.6719997021014,3.80972206658904
532.021508603095,392.900629449999,3.39950832337973
72.2191757912148,73.2024547884052,5.23155480337158
4.73902031352186,74.4735258763638,3.47078909176946
585.927605048738,227.955059836902,3.99252246020765
440.211305664692,456.003197829813,4.8100453816935
659.957357485038,373.700253158469,3.11084523719906
101.841259345169,485.090053605338,4.32180291083973
622.058976844119,86.6457824359324,4.05089724491468
420.042241282561,262.137004030524,3.61744866413151
12.0554336901599,182.749600301529,3.15298270571015
68.1959747556561,123.767142901298,4.28583525314726
619.467257284724,194.665333626117,4.12094474009197
254.069717699661,222.875398065885,3.86287875902593
570.054858243099,433.477937908997,4.0547041541712
298.3143507442,136.06224783409,3.91128992571558
523.455333800771,455.001984565988,3.62238753773115
50.629450028432,424.906089098495,3.7693766982443
197.753447241159,296.38386216101,4.33047278784271
537.884736802696,269.086181570246,3.77102279886517
180.042608192498,39.1976464964791,4.13653990844382
495.151880432173,345.958652850013,4.59620950030606
38.0187164538777,55.2985094724171,3.84765924293003
532.836873893954,143.949434533647,4.44939484792927
NA,NA,NA
662.093882022722,335.656193299284,3.69061936284914
455.211594282616,296.622296556211,3.57810568216316
12.593647020443,488.958609420486,3.7231433630526
561.430396087465,51.8905838225947,4.30836423021204
69.4978321481864,377.623040953078,3.9383631523038
227.304658634097,409.728163563273,3.80120881020419
431.872538389074,12.2691228394493,3.24882695346401
361.882526055593,292.660205264194,3.00300633365471
605.475597570124,103.076936530998,4.32937904051773
399.220738625136,227.049646214372,4.30795000949404
567.235067306525,408.500771764072,4.76695653640315
135.92702802699,279.555217375756,4.44917375290957
198.491323239021,377.147708880944,3.99449168891401
123.637893200682,407.387986152472,3.48900944548137
623.015412572472,316.695076534038,4.54142908569569
-0.0196422479330072,147.529142144207,4.32139370546319
546.785655149511,210.634228530538,4.12661830442588
33.0896129579038,491.810894485568,3.08807544924533
281.938851336048,23.6719997021014,3.80972206658904
532.021508603095,392.900629449999,3.39950832337973
72.2191757912148,73.2024547884052,5.23155480337158
4.73902031352186,74.4735258763638,3.47078909176946
585.927605048738,227.955059836902,3.99252246020765
440.211305664692,456.003197829813,4.8100453816935
659.957357485038,373.700253158469,3.11084523719906
101.841259345169,485.090053605338,4.32180291083973
622.058976844119,86.6457824359324,4.05089724491468
420.042241282561,262.137004030524,3.61744866413151
12.0554336901599,182.749600301529,3.15298270571015
68.1959747556561,123.767142901298,4.28583525314726
619.467257284724,194.665333626117,4.12094474009197
254.069717699661,222.875398065885,3.86287875902593
570.054858243099,433.477937908997,4.0547041541712
298.3143507442,136.06224783409,3.91128992571558
523.455333800771,455.001984565988,3.62238753773115
50.629450028432,424.906089098495,3.7693766982443
197.753447241159,296.38386216101,4.33047278784271
537.884736802696,269.086181570246,3.77102279886517
180.042608192498,39.1976464964791,4.13653990844382
495.151880432173,345.958652850013,4.59620950030606
38.0187164538777,55.2985094724171,3.84765924293003
532.836873893954,143.949434533647,4.44939484792927
NA,NA,NA
662.093882022722,335.656193299284,3.69061936284914
455.211594282616,296.622296556211,3.57810568216316
12.593647020443,488.958609420486,3.7231433630526
561.430396087465,51.8905838225947,4.30836423021204
69.4978321481864,377.623040953078,3.9383631523038
227.304658634097,409.728163563273,3.80120881020419
431.872538389074,12.2691228394493,3.24882695346401
361.882526055593,292.660205264194,3.00300633365471
605.475597570124,103.076936530998,4.32937904051773
399.220738625136,227.049646214372,4.30795000949404
567.235067306525,408.500771764072,4.76695653640315
135.92702802699,279.555217375756,4.44917375290957
198.491323239021,377.147708880944,3.99449168891401
123.637893200682,407.387986152472,3.48900944548137
623.015412572472,316.695076534038,4.54142908569569
-0.0196422479330072,147.529142144207,4.32139370546319
546.785655149511,210.634228530538,4.12661830442588
33.0896129579038,491.810894485568,3.08807544924533
281.938851336048,23.6719997021014,3.80972206658904
532.021508603095,392.900629449999,3.39950832337973
72.2191757912148,73.2024547884052,5.23155480337158
4.73902031352186,74.4735258763638,3.47078909176946
585.927605048738,227.955059836902,3.99252246020765
440.211305664692,456.003197829813,4.8100453816935
659.957357485038,373.700253158469,3.11084523719906
101.841259345169,485.090053605338,4.32180291083973
622.058976844119,86.6457824359324,4.05089724491468
420.042241282561,262.137004030524,3.61744866413151
12.0554336901599,182.749600301529,3.15298270571015
68.1959747556561,123.767142901298,4.28583525314726
619.467257284724,194.665333626117,4.12094474009197
254.069717699661,222.875398065885,3.86287875902593
570.054858243099,433.477937908997,4.0547041541712
298.3143507442,136.06224783409,3.91128992571558
523.455333800771,455.001984565988,3.62238753773115
50.629450028432,424.906089098495,3.7693766982443
197.753447241159,296.38386216101,4.33047278784271
537.884736802696,269.086181570246,3.77102279886517
180.042608192498,39.1976464964791,4.13653990844382
495.151880432173,345.958652850013,4.59620950030606
38.0187164538777,55.2985094724171,3.84765924293003
532.836873893954,143.949434533647,4.44939484792927
NA,NA,NA
662.093882022722,335.656193299284,3.69061936284914
455.211594282616,296.622296556211,3.57810568216316
12.593647020443,488.958609420486,3.7231433630526
561.430396087465,51.8905838225947,4.30836423021204
69.4978321481864,377.623040953078,3.9383631523038
227.304658634097,409.728163563273,3.80120881020419
431.872538389074,12.2691228394493,3.24882695346401
361.882526055593,292.660205264194,3.00300633365471
605.475597570124,103.076936530998,4.32937904051773
399.220738625136,227.049646214372,4.30795000949404
567.235067306525,408.500771764072,4.76695653640315
135.92702802699,279.555217375756,4.44917375290957
198.491323239021,377.147708880944,3.99449168891401
123.637893200682,407.387986152472,3.48900944548137
623.015412572472,316.695076534038,4.54142908569569
-0.0196422479330072,147.529142144207,4.32139370546319
546.785655149511,210.634228530538,4.12661830442588
33.0896129579038,491.810894485568,3.08807544924533
281.938851336048,23.6719997021014,3.80972206658904
532.021508603095,392.900629449999,3.39950832337973
72.2191757912148,73.2024547884052,5.23155480337158
4.73902031352186,74.4735258763638,3.47078909176946
585.927605048738,227.955059836902,3.99252246020765
440.211305664692,456.003197829813,4.8100453816935
659.957357485038,373.700253158469,3.11084523719906
101.841259345169,485.090053605338,4.32180291083973
622.058976844119,86.6457824359324,4.05089724491468
420.042241282561,262.137004030524,3.61744866413151
12.0554336901599,182.749600301529,3.15298270571015
68.1959747556561,123.767142901298,4.28583525314726
619.467257284724,194.665333626117,4.12094474009197
254.069717699661,222.875398065885,3.86287875902593
570.054858243099,433.477937908997,4.0547041541712
298.3143507442,136.06224783409,3.91128992571558
523.455333800771,455.001984565988,3.62238753773115
50.629450028432,424.906089098495,3.7693766982443
197.753447241159,296.38386216101,4.33047278784271
537.884736802696,269.086181570246,3.77102279886517
180.042608192498,39.1976464964791,4.13653990844382
495.151880432173,345.958652850013,4.59620950030606
38.0187164538777,55.2985094724171,3.84765924293003
532.836873893954,143.949434533647,4.44939484792927
NA,NA,NA
662.093882022722,335.656193299284,3.69061936284914
455.211594282616,296.622296556211,3.57810568216316
12.593647020443,488.958609420486,3.7231433630526
561.430396087465,51.8905838225947,4.30836423021204
69.4978321481864,377.623040953078,3.9383631523038
227.304658634097,409.728163563273,3.80120881020419
431.872538389074,12.2691228394493,3.24882695346401
361.882526055593,292.660205264194,3.00300633365471
605.475597570124,103.076936530998,4.32937904051773
399.220738625136,227.049646214372,4.30795000949404
567.235067306525,408.500771764072,4.76695653640315
135.92702802699,279.555217375756,4.44917375290957
198.491323239021,377.147708880944,3.99449168891401
123.637893200682,407.387986152472,3.48900944548137
623.015412572472,316.695076534038,4.54142908569569
-0.0196422479330072,147.529142144207,4.32139370546319
546.785655149511,210.634228530538,4.12661830442588
33.0896129579038,491.810894485568,3.08807544924533
281.938851336048,23.6719997021014,3.80972206658904
532.021508603095,392.900629449999,3.39950832337973
72.2191757912148,73.2024547884052,5.23155480337158
4.73902031352186,74.4735258763638,3.47078909176946
585.927605048738,227.955059836902,3.99252246020765
440.211305664692,456.003197829813,4.8100453816935
659.957357485038,373.700253158469,3.11084523719906
101.841259345169,485.090053605338,4.32180291083973
622.058976844119,86.6457824359324,4.05089724491468
420.042241282561,262.137004030524,3.61744866413151
12.0554336901599,182.749600301529,3.15298270571015
68.1959747556561,123.767142901298,4.28583525314726
619.467257284724,194.665333626117,4.12094474009197
254.069717699661,222.875398065885,3.86287875902593
570.054858243099,433.477937908997,4.0547041541712
298.3143507442,136.06224783409,3.91128992571558
523.455333800771,455.001984565988,3.62238753773115
50.629450028432,424.906089098495,3.7693766982443
197.753447241159,296.38386216101,4.33047278784271
537.884736802696,269.086181570246,3.77102279886517
180.042608192498,39.1976464964791,4.13653990844382
495.151880432173,345.958652850013,4.59620950030606
38.0187164538777,55.2985094724171,3.84765924293003
532.836873893954,143.949434533647,4.44939484792927
NA,NA,NA
662.093882022722,335.656193299284,3.69061936284914
455.211594282616,296.622296556211,3.57810568216316
12.593647020443,488.958609420486,3.7231433630526
561.430396087465,51.8905838225947,4.30836423021204
69.4978321481864,377.623040953078,3.9383631523038
227.304658634097,409.728163563273,3.80120881020419
431.872538389074,12.2691228394493,3.24882695346401
361.882526055593,292.660205264194,3.00300633365471
605.475597570124,103.076936530998,4.32937904051773
399.220738625136,227.049646214372,4.30795000949404
567.235067306525,408.500771764072,4.76695653640315
135.92702802699,279.555217375756,4.44917375290957
198.491323239021,377.147708880944,3.99449168891401
123.637893200682,407.387986152472,3.48900944548137
623.015412572472,316.695076534038,4.54142908569569
-0.0196422479330072,147.529142144207,4.32139370546319
546.785655149511,210.634228530538,4.12661830442588
33.0896129579038,491.810894485568,3.08807544924533
281.938851336048,23.6719997021014,3.80972206658904
532.021508603095,392.900629449999,3.39950832337973
72.2191757912148,73.2024547884052,5.23155480337158
4.73902031352186,74.4735258763638,3.47078909176946
585.927605048738,227.955059836902,3.99252246020765
440.211305664692,456.003197829813,4.8100453816935
659.957357485038,373.700253158469,3.11084523719906
101.841259345169,485.090053605338,4.32180291083973
622.058976844119,86.6457824359324,4.05089724491468
420.042241282561,262.137004030524,3.61744866413151
12.0554336901599,182.749600301529,3.15298270571015
68.1959747556561,123.767142901298,4.28583525314726
619.467257284724,194.665333626117,4.12094474009197
254.069717699661,222.875398065885,3.86287875902593
570.054858243099,433.477937908997,4.0547041541712
298.3143507442,136.06224783409,3.91128992571558
523.455333800771,455.001984565988,3.62238753773115
50.629450028432,424.906089098495,3.7693766982443
197.753447241159,296.38386216101,4.33047278784271
537.884736802696,269.086181570246,3.77102279886517
180.042608192498,39.1976464964791,4.13653990844382
495.151880432173,345.958652850013,4.59620950030606
38.0187164538777,55.2985094724171,3.84765924293003
532.836873893954,143.949434533647,4.44939484792927
NA,NA,NA
659.911085766495,331.565925592799,3.49688965102293
453.721539860166,299.791704997518,3.85043428644908
13.1574916597091,495.309075227928,3.45553480905309
559.479070692637,51.1539881151269,4.23495314607197
71.6216173663619,373.638112554487,3.99349021906344
229.597521847251,417.305320114118,3.93792519935769
429.205572689497,12.8080236562682,3.28753952933973
360.938379404232,293.204374417239,2.96880949577812
606.497734326577,104.903941500858,4.20051382386432
397.444631071163,230.283623776648,4.19709257789255
571.501718851055,411.640221533076,4.69101462952056
137.073055121112,282.48555230772,4.81694969488059
201.003974604163,372.139345892863,4.07783242506637
124.077809583004,411.64560487956,3.46774800431737
623.184386963518,310.517896031471,4.56707030048086
8.71319910595387,146.860111596843,4.27409227696676
543.91298947747,202.702266740587,4.166992162539
33.2696038380013,490.915272473499,2.93194523265194
280.477772337497,25.1166795581222,3.9178462808023
534.96289539811,392.547807243566,3.41477647795701
75.7043807062048,69.2267132000267,5.28737561347993
4.78331401292031,74.570896172493,3.51862494320148
588.892325428793,225.802803748875,4.04753814318421
437.220894219374,465.009376345939,4.74492346190415
659.507151843277,373.426227306336,3.14037346449538
108.116249974053,484.787072029151,4.41450753241421
620.496776733876,87.3285643151,4.10200089589197
418.735664260603,258.251827964641,3.62576702848782
11.0042995050187,183.07674204953,3.4057723978141
64.4321987760593,119.092496454795,4.54406062449858
610.815935909154,203.514109133246,4.13756825035163
258.526433177652,219.158281044068,3.81070950685328
572.238754934254,433.864858362982,3.71707747089733
304.000839310518,135.873973553867,3.85330373604472
531.941815946593,458.048287605062,3.4661903918276
58.086641510693,416.679012642861,3.8618409584517
180.437662890572,287.895558760567,4.1400831475912
539.415437766429,261.144872144903,3.82859214512166
184.471941472829,21.8912025727429,4.34516107361337
499.024337060646,348.146457111981,4.54290559003481
46.6236332024822,59.0274778881423,3.91461518751976
533.123673882129,163.008454932748,4.60855394238817
NA,NA,NA
659.911085766495,331.565925592799,3.49688965102293
453.721539860166,299.791704997518,3.85043428644908
13.1574916597091,495.309075227928,3.45553480905309
559.479070692637,51.1539881151269,4.23495314607197
71.6216173663619,373.638112554487,3.99349021906344
229.597521847251,417.305320114118,3.93792519935769
429.205572689497,12.8080236562682,3.28753952933973
360.938379404232,293.204374417239,2.96880949577812
606.497734326577,104.903941500858,4.20051382386432
397.444631071163,230.283623776648,4.19709257789255
571.501718851055,411.640221533076,4.69101462952056
137.073055121112,282.48555230772,4.81694969488059
201.003974604163,372.139345892863,4.07783242506637
124.077809583004,411.64560487956,3.46774800431737
623.184386963518,310.517896031471,4.56707030048086
8.71319910595387,146.860111596843,4.27409227696676
543.91298947747,202.702266740587,4.166992162539
33.2696038380013,490.915272473499,2.93194523265194
280.477772337497,25.1166795581222,3.9178462808023
534.96289539811,392.547807243566,3.41477647795701
75.7043807062048,69.2267132000267,5.28737561347993
4.78331401292031,74.570896172493,3.51862494320148
588.892325428793,225.802803748875,4.04753814318421
437.220894219374,465.009376345939,4.74492346190415
659.507151843277,373.426227306336,3.14037346449538
108.116249974053,484.787072029151,4.41450753241421
620.496776733876,87.3285643151,4.10200089589197
418.735664260603,258.251827964641,3.62576702848782
11.0042995050187,183.07674204953,3.4057723978141
64.4321987760593,119.092496454795,4.54406062449858
610.815935909154,203.514109133246,4.13756825035163
258.526433177652,219.158281044068,3.81070950685328
572.238754934254,433.864858362982,3.71707747089733
304.000839310518,135.873973553867,3.85330373604472
531.941815946593,458.048287605062,3.4661903918276
58.086641510693,416.679012642861,3.8618409584517
180.437662890572,287.895558760567,4.1400831475912
539.415437766429,261.144872144903,3.82859214512166
184.471941472829,21.8912025727429,4.34516107361337
499.024337060646,348.146457111981,4.54290559003481
46.6236332024822,59.0274778881423,3.91461518751976
533.123673882129,163.008454932748,4.60855394238817
NA,NA,NA
659.911085766495,331.565925592799,3.49688965102293
453.721539860166,299.791704997518,3.85043428644908
13.1574916597091,495.309075227928,3.45553480905309
559.479070692637,51.1539881151269,4.23495314607197
71.6216173663619,373.638112554487,3.99349021906344
229.597521847251,417.305320114118,3.93792519935769
429.205572689497,12.8080236562682,3.28753952933973
360.938379404232,293.204374417239,2.96880949577812
606.497734326577,104.903941500858,4.20051382386432
397.444631071163,230.283623776648,4.19709257789255
571.501718851055,411.640221533076,4.69101462952056
137.073055121112,282.48555230772,4.81694969488059
201.003974604163,372.139345892863,4.07783242506637
124.077809583004,411.64560487956,3.46774800431737
623.184386963518,310.517896031471,4.56707030048086
8.71319910595387,146.860111596843,4.27409227696676
543.91298947747,202.702266740587,4.166992162539
33.2696038380013,490.915272473499,2.93194523265194
280.477772337497,25.1166795581222,3.9178462808023
534.96289539811,392.547807243566,3.41477647795701
75.7043807062048,69.2267132000267,5.28737561347993
4.78331401292031,74.570896172493,3.51862494320148
588.892325428793,225.802803748875,4.04753814318421
437.220894219374,465.009376345939,4.74492346190415
659.507151843277,373.426227306336,3.14037346449538
108.116249974053,484.787072029151,4.41450753241421
620.496776733876,87.3285643151,4.10200089589197
418.735664260603,258.251827964641,3.62576702848782
11.0042995050187,183.07674204953,3.4057723978141
64.4321987760593,119.092496454795,4.54406062449858
610.815935909154,203.514109133246,4.13756825035163
258.526433177652,219.158281044068,3.81070950685328
572.238754934254,433.864858362982,3.71707747089733
304.000839310518,135.873973553867,3.85330373604472
531.941815946593,458.048287605062,3.4661903918276
58.086641510693,416.679012642861,3.8618409584517
180.437662890572,287.895558760567,4.1400831475912
539.415437766429,261.144872144903,3.82859214512166
184.471941472829,21.8912025727429,4.34516107361337
499.024337060646,348.146457111981,4.54290559003481
46.6236332024822,59.0274778881423,3.91461518751976
533.123673882129,163.008454932748,4.60855394238817
NA,NA,NA
659.911085766495,331.565925592799,3.49688965102293
453.721539860166,299.791704997518,3.85043428644908
13.1574916597091,495.309075227928,3.45553480905309
559.479070692637,51.1539881151269,4.23495314607197
71.6216173663619,373.638112554487,3.99349021906344
229.597521847251,417.305320114118,3.93792519935769
429.205572689497,12.8080236562682,3.28753952933973
360.938379404232,293.204374417239,2.96880949577812
606.497734326577,104.903941500858,4.20051382386432
397.444631071163,230.283623776648,4.19709257789255
571.501718851055,411.640221533076,4.69101462952056
137.073055121112,282.48555230772,4.81694969488059
201.003974604163,372.139345892863,4.07783242506637
124.077809583004,411.64560487956,3.46774800431737
623.184386963518,310.517896031471,4.56707030048086
8.71319910595387,146.860111596843,4.27409227696676
543.91298947747,202.702266740587,4.166992162539
33.2696038380013,490.915272473499,2.93194523265194
280.477772337497,25.1166795581222,3.9178462808023
534.96289539811,392.547807243566,3.41477647795701
75.7043807062048,69.2267132000267,5.28737561347993
4.78331401292031,74.570896172493,3.51862494320148
588.892325428793,225.802803748875,4.04753814318421
437.220894219374,465.009376345939,4.74492346190415
659.507151843277,373.426227306336,3.14037346449538
108.116249974053,484.787072029151,4.41450753241421
620.496776733876,87.3285643151,4.10200089589197
418.735664260603,258.251827964641,3.62576702848782
11.0042995050187,183.07674204953,3.4057723978141
64.4321987760593,119.092496454795,4.54406062449858
610.815935909154,203.514109133246,4.13756825035163
258.526433177652,219.158281044068,3.81070950685328
572.238754934254,433.864858362982,3.71707747089733
304.000839310518,135.873973553867,3.85330373604472
531.941815946593,458.048287605062,3.4661903918276
58.086641510693,416.679012642861,3.8618409584517
180.437662890572,287.895558760567,4.1400831475912
539.415437766429,261.144872144903,3.82859214512166
184.471941472829,21.8912025727429,4.34516107361337
499.024337060646,348.146457111981,4.54290559003481
46.6236332024822,59.0274778881423,3.91461518751976
533.123673882129,163.008454932748,4.60855394238817
NA,NA,NA
659.911085766495,331.565925592799,3.49688965102293
453.721539860166,299.791704997518,3.85043428644908
13.1574916597091,495.309075227928,3.45553480905309
559.479070692637,51.1539881151269,4.23495314607197
71.6216173663619,373.638112554487,3.99349021906344
229.597521847251,417.305320114118,3.93792519935769
429.205572689497,12.8080236562682,3.28753952933973
360.938379404232,293.204374417239,2.96880949577812
606.497734326577,104.903941500858,4.20051382386432
397.444631071163,230.283623776648,4.19709257789255
571.501718851055,411.640221533076,4.69101462952056
137.073055121112,282.48555230772,4.81694969488059
201.003974604163,372.139345892863,4.07783242506637
124.077809583004,411.64560487956,3.46774800431737
623.184386963518,310.517896031471,4.56707030048086
8.71319910595387,146.860111596843,4.27409227696676
543.91298947747,202.702266740587,4.166992162539
33.2696038380013,490.915272473499,2.93194523265194
280.477772337497,25.1166795581222,3.9178462808023
534.96289539811,392.547807243566,3.41477647795701
75.7043807062048,69.2267132000267,5.28737561347993
4.78331401292031,74.570896172493,3.51862494320148
588.892325428793,225.802803748875,4.04753814318421
437.220894219374,465.009376345939,4.74492346190415
659.507151843277,373.426227306336,3.14037346449538
108.116249974053,484.787072029151,4.41450753241421
620.496776733876,87.3285643151,4.10200089589197
418.735664260603,258.251827964641,3.62576702848782
11.0042995050187,183.07674204953,3.4057723978141
64.4321987760593,119.092496454795,4.54406062449858
610.815935909154,203.514109133246,4.13756825035163
258.526433177652,219.158281044068,3.81070950685328
572.238754934254,433.864858362982,3.71707747089733
304.000839310518,135.873973553867,3.85330373604472
531.941815946593,458.048287605062,3.4661903918276
58.086641510693,416.679012642861,3.8618409584517
180.437662890572,287.895558760567,4.1400831475912
539.415437766429,261.144872144903,3.82859214512166
184.471941472829,21.8912025727429,4.34516107361337
499.024337060646,348.146457111981,4.54290559003481
46.6236332024822,59.0274778881423,3.91461518751976
533.123673882129,163.008454932748,4.60855394238817
NA,NA,NA
659.911085766495,331.565925592799,3.49688965102293
453.721539860166,299.791704997518,3.85043428644908
13.1574916597091,495.309075227928,3.45553480905309
559.479070692637,51.1539881151269,4.23495314607197
71.6216173663619,373.638112554487,3.99349021906344
229.597521847251,417.305320114118,3.93792519935769
429.205572689497,12.8080236562682,3.28753952933973
360.938379404232,293.204374417239,2.96880949577812
606.497734326577,104.903941500858,4.20051382386432
397.444631071163,230.283623776648,4.19709257789255
571.501718851055,411.640221533076,4.69101462952056
137.073055121112,282.48555230772,4.81694969488059
201.003974604163,372.139345892863,4.07783242506637
124.077809583004,411.64560487956,3.46774800431737
623.184386963518,310.517896031471,4.56707030048086
8.71319910595387,146.860111596843,4.27409227696676
543.91298947747,202.702266740587,4.166992162539
33.2696038380013,490.915272473499,2.93194523265194
280.477772337497,25.1166795581222,3.9178462808023
534.96289539811,392.547807243566,3.41477647795701
75.7043807062048,69.2267132000267,5.28737561347993
4.78331401292031,74.570896172493,3.51862494320148
588.892325428793,225.802803748875,4.04753814318421
437.220894219374,465.009376345939,4.74492346190415
659.507151843277,373.426227306336,3.14037346449538
108.116249974053,484.787072029151,4.41450753241421
620.496776733876,87.3285643151,4.10200089589197
418.735664260603,258.251827964641,3.62576702848782
11.0042995050187,183.07674204953,3.4057723978141
64.4321987760593,119.092496454795,4.54406062449858
610.815935909154,203.514109133246,4.13756825035163
258.526433177652,219.158281044068,3.81070950685328
572.238754934254,433.864858362982,3.71707747089733
304.000839310518,135.873973553867,3.85330373604472
531.941815946593,458.048287605062,3.4661903918276
58.086641510693,416.679012642861,3.8618409584517
180.437662890572,287.895558760567,4.1400831475912
539.415437766429,261.144872144903,3.82859214512166
184.471941472829,21.8912025727429,4.34516107361337
499.024337060646,348.146457111981,4.54290559003481
46.6236332024822,59.0274778881423,3.91461518751976
533.123673882129,163.008454932748,4.60855394238817
NA,NA,NA
660.922895531692,335.344407042213,3.51840669308961
459.359231979565,298.629037280482,3.64617805472605
11.4307351865314,493.216941691228,3.76884404214589
559.147933661033,54.2646673429858,4.19631884115217
69.0492640676287,377.940212698261,3.82087388208101
227.595242350372,415.209192666993,3.96490059390141
427.288502125636,15.4283067462346,3.42427918143851
361.623336305364,293.929267503634,3.14207236643368
605.553820887333,105.459944028123,4.21819199972453
391.695859380926,229.154294588735,4.13816495439636
568.261156260575,412.899469531786,4.73170942864135
140.116890779349,285.453240738342,4.67301621900303
202.549157935626,364.926366952277,4.00870637136523
124.714646305897,410.837167184755,3.42242768714418
628.982344299635,316.035638963115,4.76017186769751
-0.87990095639591,140.812085930665,4.30991471907216
544.412543993905,201.343742557942,3.98543579416529
33.4581683290712,491.111878369342,3.16248517840673
275.384201283802,23.158066308146,3.83091158747838
536.667215777498,392.013147781069,3.44412990816902
76.1721793870429,75.6877804481881,5.15820797138731
6.14758345544522,75.7941923561114,3.29345516271349
589.554036587352,227.364530709289,4.01916860941697
433.213312683681,459.806684366391,4.75956329861189
656.85061755042,372.757126893482,3.23901071786936
108.766628154478,490.601619765315,4.32963330144627
622.768674230551,87.4826460600704,4.05877330277042
419.588374929794,261.60842132389,3.69944855650294
11.4133050026506,180.187586534033,3.24389216648613
68.2907927948455,108.665755135357,4.36736105083196
601.786978567887,199.947929340404,4.3006345794479
260.148204440722,216.313360748955,3.64741083415007
579.847813538751,433.735002579747,3.83711391878249
305.543088444127,136.346475789348,3.73935841387464
534.624537040834,456.623958392965,3.48616326785723
47.0658843696056,420.780610948793,4.04149583215308
195.219949381092,288.642772684233,4.00911025607073
547.63185264895,266.45382421325,4.06433762053496
160.954460680508,16.0311691038331,4.35706394536386
504.46850078574,333.683904496867,4.51842825296141
41.7297118777334,46.9959564378796,3.64793406302137
534.949716215645,143.199936765477,4.87013026647778
NA,NA,NA
660.922895531692,335.344407042213,3.51840669308961
459.359231979565,298.629037280482,3.64617805472605
11.4307351865314,493.216941691228,3.76884404214589
559.147933661033,54.2646673429858,4.19631884115217
69.0492640676287,377.940212698261,3.82087388208101
227.595242350372,415.209192666993,3.96490059390141
427.288502125636,15.4283067462346,3.42427918143851
361.623336305364,293.929267503634,3.14207236643368
605.553820887333,105.459944028123,4.21819199972453
391.695859380926,229.154294588735,4.13816495439636
568.261156260575,412.899469531786,4.73170942864135
140.116890779349,285.453240738342,4.67301621900303
202.549157935626,364.926366952277,4.00870637136523
124.714646305897,410.837167184755,3.42242768714418
628.982344299635,316.035638963115,4.76017186769751
-0.87990095639591,140.812085930665,4.30991471907216
544.412543993905,201.343742557942,3.98543579416529
33.4581683290712,491.111878369342,3.16248517840673
275.384201283802,23.158066308146,3.83091158747838
536.667215777498,392.013147781069,3.44412990816902
76.1721793870429,75.6877804481881,5.15820797138731
6.14758345544522,75.7941923561114,3.29345516271349
589.554036587352,227.364530709289,4.01916860941697
433.213312683681,459.806684366391,4.75956329861189
656.85061755042,372.757126893482,3.23901071786936
108.766628154478,490.601619765315,4.32963330144627
622.768674230551,87.4826460600704,4.05877330277042
419.588374929794,261.60842132389,3.69944855650294
11.4133050026506,180.187586534033,3.24389216648613
68.2907927948455,108.665755135357,4.36736105083196
601.786978567887,199.947929340404,4.3006345794479
260.148204440722,216.313360748955,3.64741083415007
579.847813538751,433.735002579747,3.83711391878249
305.543088444127,136.346475789348,3.73935841387464
534.624537040834,456.623958392965,3.48616326785723
47.0658843696056,420.780610948793,4.04149583215308
195.219949381092,288.642772684233,4.00911025607073
547.63185264895,266.45382421325,4.06433762053496
160.954460680508,16.0311691038331,4.35706394536386
504.46850078574,333.683904496867,4.51842825296141
41.7297118777334,46.9959564378796,3.64793406302137
534.949716215645,143.199936765477,4.87013026647778
NA,NA,NA
660.922895531692,335.344407042213,3.51840669308961
459.359231979565,298.629037280482,3.64617805472605
11.4307351865314,493.216941691228,3.76884404214589
559.147933661033,54.2646673429858,4.19631884115217
69.0492640676287,377.940212698261,3.82087388208101
227.595242350372,415.209192666993,3.96490059390141
427.288502125636,15.4283067462346,3.42427918143851
361.623336305364,293.929267503634,3.14207236643368
605.553820887333,105.459944028123,4.21819199972453
391.695859380926,229.154294588735,4.13816495439636
568.261156260575,412.899469531786,4.73170942864135
140.116890779349,285.453240738342,4.67301621900303
202.549157935626,364.926366952277,4.00870637136523
124.714646305897,410.837167184755,3.42242768714418
628.982344299635,316.035638963115,4.76017186769751
-0.87990095639591,140.812085930665,4.30991471907216
544.412543993905,201.343742557942,3.98543579416529
33.4581683290712,491.111878369342,3.16248517840673
275.384201283802,23.158066308146,3.83091158747838
536.667215777498,392.013147781069,3.44412990816902
76.1721793870429,75.6877804481881,5.15820797138731
6.14758345544522,75.7941923561114,3.29345516271349
589.554036587352,227.364530709289,4.01916860941697
433.213312683681,459.806684366391,4.75956329861189
656.85061755042,372.757126893482,3.23901071786936
108.766628154478,490.601619765315,4.32963330144627
622.768674230551,87.4826460600704,4.05877330277042
419.588374929794,261.60842132389,3.69944855650294
11.4133050026506,180.187586534033,3.24389216648613
68.2907927948455,108.665755135357,4.36736105083196
601.786978567887,199.947929340404,4.3006345794479
260.148204440722,216.313360748955,3.64741083415007
579.847813538751,433.735002579747,3.83711391878249
305.543088444127,136.346475789348,3.73935841387464
534.624537040834,456.623958392965,3.48616326785723
47.0658843696056,420.780610948793,4.04149583215308
195.219949381092,288.642772684233,4.00911025607073
547.63185264895,266.45382421325,4.06433762053496
160.954460680508,16.0311691038331,4.35706394536386
504.46850078574,333.683904496867,4.51842825296141
41.7297118777334,46.9959564378796,3.64793406302137
534.949716215645,143.199936765477,4.87013026647778
NA,NA,NA
660.922895531692,335.344407042213,3.51840669308961
459.359231979565,298.629037280482,3.64617805472605
11.4307351865314,493.216941691228,3.76884404214589
559.147933661033,54.2646673429858,4.19631884115217
69.0492640676287,377.940212698261,3.82087388208101
227.595242350372,415.209192666993,3.96490059390141
427.288502125636,15.4283067462346,3.42427918143851
361.623336305364,293.929267503634,3.14207236643368
605.553820887333,105.459944028123,4.21819199972453
391.695859380926,229.154294588735,4.13816495439636
568.261156260575,412.899469531786,4.73170942864135
140.116890779349,285.453240738342,4.67301621900303
202.549157935626,364.926366952277,4.00870637136523
124.714646305897,410.837167184755,3.42242768714418
628.982344299635,316.035638963115,4.76017186769751
-0.87990095639591,140.812085930665,4.30991471907216
544.412543993905,201.343742557942,3.98543579416529
33.4581683290712,491.111878369342,3.16248517840673
275.384201283802,23.158066308146,3.83091158747838
536.667215777498,392.013147781069,3.44412990816902
76.1721793870429,75.6877804481881,5.15820797138731
6.14758345544522,75.7941923561114,3.29345516271349
589.554036587352,227.364530709289,4.01916860941697
433.213312683681,459.806684366391,4.75956329861189
656.85061755042,372.757126893482,3.23901071786936
108.766628154478,490.601619765315,4.32963330144627
622.768674230551,87.4826460600704,4.05877330277042
419.588374929794,261.60842132389,3.69944855650294
11.4133050026506,180.187586534033,3.24389216648613
68.2907927948455,108.665755135357,4.36736105083196
601.786978567887,199.947929340404,4.3006345794479
260.148204440722,216.313360748955,3.64741083415007
579.847813538751,433.735002579747,3.83711391878249
305.543088444127,136.346475789348,3.73935841387464
534.624537040834,456.623958392965,3.48616326785723
47.0658843696056,420.780610948793,4.04149583215308
195.219949381092,288.642772684233,4.00911025607073
547.63185264895,266.45382421325,4.06433762053496
160.954460680508,16.0311691038331,4.35706394536386
504.46850078574,333.683904496867,4.51842825296141
41.7297118777334,46.9959564378796,3.64793406302137
534.949716215645,143.199936765477,4.87013026647778
NA,NA,NA
660.922895531692,335.344407042213,3.51840669308961
459.359231979565,298.629037280482,3.64617805472605
11.4307351865314,493.216941691228,3.76884404214589
559.147933661033,54.2646673429858,4.19631884115217
69.0492640676287,377.940212698261,3.82087388208101
227.595242350372,415.209192666993,3.96490059390141
427.288502125636,15.4283067462346,3.42427918143851
361.623336305364,293.929267503634,3.14207236643368
605.553820887333,105.459944028123,4.21819199972453
391.695859380926,229.154294588735,4.13816495439636
568.261156260575,412.899469531786,4.73170942864135
140.116890779349,285.453240738342,4.67301621900303
202.549157935626,364.926366952277,4.00870637136523
124.714646305897,410.837167184755,3.42242768714418
628.982344299635,316.035638963115,4.76017186769751
-0.87990095639591,140.812085930665,4.30991471907216
544.412543993905,201.343742557942,3.98543579416529
33.4581683290712,491.111878369342,3.16248517840673
275.384201283802,23.158066308146,3.83091158747838
536.667215777498,392.013147781069,3.44412990816902
76.1721793870429,75.6877804481881,5.15820797138731
6.14758345544522,75.7941923561114,3.29345516271349
589.554036587352,227.364530709289,4.01916860941697
433.213312683681,459.806684366391,4.75956329861189
656.85061755042,372.757126893482,3.23901071786936
108.766628154478,490.601619765315,4.32963330144627
622.768674230551,87.4826460600704,4.05877330277042
419.588374929794,261.60842132389,3.69944855650294
11.4133050026506,180.187586534033,3.24389216648613
68.2907927948455,108.665755135357,4.36736105083196
601.786978567887,199.947929340404,4.3006345794479
260.148204440722,216.313360748955,3.64741083415007
579.847813538751,433.735002579747,3.83711391878249
305.543088444127,136.346475789348,3.73935841387464
534.624537040834,456.623958392965,3.48616326785723
47.0658843696056,420.780610948793,4.04149583215308
195.219949381092,288.642772684233,4.00911025607073
547.63185264895,266.45382421325,4.06433762053496
160.954460680508,16.0311691038331,4.35706394536386
504.46850078574,333.683904496867,4.51842825296141
41.7297118777334,46.9959564378796,3.64793406302137
534.949716215645,143.199936765477,4.87013026647778
NA,NA,NA
660.922895531692,335.344407042213,3.51840669308961
459.359231979565,298.629037280482,3.64617805472605
11.4307351865314,493.216941691228,3.76884404214589
559.147933661033,54.2646673429858,4.19631884115217
69.0492640676287,377.940212698261,3.82087388208101
227.595242350372,415.209192666993,3.96490059390141
427.288502125636,15.4283067462346,3.42427918143851
361.623336305364,293.929267503634,3.14207236643368
605.553820887333,105.459944028123,4.21819199972453
391.695859380926,229.154294588735,4.13816495439636
568.261156260575,412.899469531786,4.73170942864135
140.116890779349,285.453240738342,4.67301621900303
202.549157935626,364.926366952277,4.00870637136523
124.714646305897,410.837167184755,3.42242768714418
628.982344299635,316.035638963115,4.76017186769751
-0.87990095639591,140.812085930665,4.30991471907216
544.412543993905,201.343742557942,3.98543579416529
33.4581683290712,491.111878369342,3.16248517840673
275.384201283802,23.158066308146,3.83091158747838
536.667215777498,392.013147781069,3.44412990816902
76.1721793870429,75.6877804481881,5.15820797138731
6.14758345544522,75.7941923561114,3.29345516271349
589.554036587352,227.364530709289,4.01916860941697
433.213312683681,459.806684366391,4.75956329861189
656.85061755042,372.757126893482,3.23901071786936
108.766628154478,490.601619765315,4.32963330144627
622.768674230551,87.4826460600704,4.05877330277042
419.588374929794,261.60842132389,3.69944855650294
11.4133050026506,180.187586534033,3.24389216648613
68.2907927948455,108.665755135357,4.36736105083196
601.786978567887,199.947929340404,4.3006345794479
260.148204440722,216.313360748955,3.64741083415007
579.847813538751,433.735002579747,3.83711391878249
305.543088444127,136.346475789348,3.73935841387464
534.624537040834,456.623958392965,3.48616326785723
47.0658843696056,420.780610948793,4.04149583215308
195.219949381092,288.642772684233,4.00911025607073
547.63185264895,266.45382421325,4.06433762053496
160.954460680508,16.0311691038331,4.35706394536386
504.46850078574,333.683904496867,4.51842825296141
41.7297118777334,46.9959564378796,3.64793406302137
534.949716215645,143.199936765477,4.87013026647778
NA,NA,NA
660.466872193808,335.942292917882,3.43818636124096
456.714444612758,297.964522456762,3.71693819381198
13.6313964633978,497.093371461936,3.65186100470422
557.855026531262,48.3350767751855,4.28450173635134
72.3864654309791,374.413435814476,4.00238690663491
229.234849397326,417.755676479806,3.87868252118367
428.172581626793,16.6251937156418,3.41957468242733
363.456114418518,293.475825958149,2.83048389811802
608.096076116911,106.174334962969,4.16101621572533
389.974226026183,232.595618457158,4.2840218427507
576.401698758034,405.325749338807,4.77243645860516
144.566072177887,277.203744827883,4.61294574100467
201.779087695368,365.511215270275,4.12176357923475
123.934596907744,412.272240467257,3.41094337688701
621.217834242928,316.649171678551,4.60511903133516
2.09662746211439,151.189871174521,4.26655667515749
540.920389366378,205.798896998424,4.09085859496896
33.2132264331664,494.926894955576,2.94842107274886
276.752104221138,23.1606718176404,3.99566024094339
532.863277534635,392.309504636112,3.28737812884708
73.9612621768118,81.7768049466133,5.25974565211148
4.75099809966443,75.0341312315282,3.58710180699035
592.202831145042,229.260584020673,4.0327490417124
436.997677705561,457.695319119976,4.80093246760939
659.525628362607,372.666146350158,2.94837938598377
105.643402567915,484.707085546837,4.33754164438936
620.187998540409,88.3352566987178,4.06564490421918
420.82914739312,254.920616985076,3.68045990803999
11.9136680021088,182.441313904588,3.22744217751213
58.348896036419,110.046190912537,4.36098698058253
623.775001674072,199.83744969629,4.45136267443024
253.773427799795,213.879160123137,3.90364545115995
574.328371804449,435.941432931656,3.9019198836645
297.252375006903,140.331240491164,3.91324760047122
531.979555024027,456.267360913134,3.57753020345974
48.5877560112626,421.562836732155,3.87778117452585
198.314902170031,288.478720008906,3.63443434473018
550.354353617473,260.161659078375,3.88835529183581
181.351387557318,27.3390455571848,4.32116696574496
496.396549862343,343.957987793239,4.73342995024752
34.3369117694835,50.8368889609459,3.54445677886345
523.834484626976,136.26112182916,4.84240732646264
NA,NA,NA
660.466872193808,335.942292917882,3.43818636124096
456.714444612758,297.964522456762,3.71693819381198
13.6313964633978,497.093371461936,3.65186100470422
557.855026531262,48.3350767751855,4.28450173635134
72.3864654309791,374.413435814476,4.00238690663491
229.234849397326,417.755676479806,3.87868252118367
428.172581626793,16.6251937156418,3.41957468242733
363.456114418518,293.475825958149,2.83048389811802
608.096076116911,106.174334962969,4.16101621572533
389.974226026183,232.595618457158,4.2840218427507
576.401698758034,405.325749338807,4.77243645860516
144.566072177887,277.203744827883,4.61294574100467
201.779087695368,365.511215270275,4.12176357923475
123.934596907744,412.272240467257,3.41094337688701
621.217834242928,316.649171678551,4.60511903133516
2.09662746211439,151.189871174521,4.26655667515749
540.920389366378,205.798896998424,4.09085859496896
33.2132264331664,494.926894955576,2.94842107274886
276.752104221138,23.1606718176404,3.99566024094339
532.863277534635,392.309504636112,3.28737812884708
73.9612621768118,81.7768049466133,5.25974565211148
4.75099809966443,75.0341312315282,3.58710180699035
592.202831145042,229.260584020673,4.0327490417124
436.997677705561,457.695319119976,4.80093246760939
659.525628362607,372.666146350158,2.94837938598377
105.643402567915,484.707085546837,4.33754164438936
620.187998540409,88.3352566987178,4.06564490421918
420.82914739312,254.920616985076,3.68045990803999
11.9136680021088,182.441313904588,3.22744217751213
58.348896036419,110.046190912537,4.36098698058253
623.775001674072,199.83744969629,4.45136267443024
253.773427799795,213.879160123137,3.90364545115995
574.328371804449,435.941432931656,3.9019198836645
297.252375006903,140.331240491164,3.91324760047122
531.979555024027,456.267360913134,3.57753020345974
48.5877560112626,421.562836732155,3.87778117452585
198.314902170031,288.478720008906,3.63443434473018
550.354353617473,260.161659078375,3.88835529183581
181.351387557318,27.3390455571848,4.32116696574496
496.396549862343,343.957987793239,4.73342995024752
34.3369117694835,50.8368889609459,3.54445677886345
523.834484626976,136.26112182916,4.84240732646264
NA,NA,NA
660.466872193808,335.942292917882,3.43818636124096
456.714444612758,297.964522456762,3.71693819381198
13.6313964633978,497.093371461936,3.65186100470422
557.855026531262,48.3350767751855,4.28450173635134
72.3864654309791,374.413435814476,4.00238690663491
229.234849397326,417.755676479806,3.87868252118367
428.172581626793,16.6251937156418,3.41957468242733
363.456114418518,293.475825958149,2.83048389811802
608.096076116911,106.174334962969,4.16101621572533
389.974226026183,232.595618457158,4.2840218427507
576.401698758034,405.325749338807,4.77243645860516
144.566072177887,277.203744827883,4.61294574100467
201.779087695368,365.511215270275,4.12176357923475
123.934596907744,412.272240467257,3.41094337688701
621.217834242928,316.649171678551,4.60511903133516
2.09662746211439,151.189871174521,4.26655667515749
540.920389366378,205.798896998424,4.09085859496896
33.2132264331664,494.926894955576,2.94842107274886
276.752104221138,23.1606718176404,3.99566024094339
532.863277534635,392.309504636112,3.28737812884708
73.9612621768118,81.7768049466133,5.25974565211148
4.75099809966443,75.0341312315282,3.58710180699035
592.202831145042,229.260584020673,4.0327490417124
436.997677705561,457.695319119976,4.80093246760939
659.525628362607,372.666146350158,2.94837938598377
105.643402567915,484.707085546837,4.33754164438936
620.187998540409,88.3352566987178,4.06564490421918
420.82914739312,254.920616985076,3.68045990803999
11.9136680021088,182.441313904588,3.22744217751213
58.348896036419,110.046190912537,4.36098698058253
623.775001674072,199.83744969629,4.45136267443024
253.773427799795,213.879160123137,3.90364545115995
574.328371804449,435.941432931656,3.9019198836645
297.252375006903,140.331240491164,3.91324760047122
531.979555024027,456.267360913134,3.57753020345974
48.5877560112626,421.562836732155,3.87778117452585
198.314902170031,288.478720008906,3.63443434473018
550.354353617473,260.161659078375,3.88835529183581
181.351387557318,27.3390455571848,4.32116696574496
496.396549862343,343.957987793239,4.73342995024752
34.3369117694835,50.8368889609459,3.54445677886345
523.834484626976,136.26112182916,4.84240732646264
NA,NA,NA
660.466872193808,335.942292917882,3.43818636124096
456.714444612758,297.964522456762,3.71693819381198
13.6313964633978,497.093371461936,3.65186100470422
557.855026531262,48.3350767751855,4.28450173635134
72.3864654309791,374.413435814476,4.00238690663491
229.234849397326,417.755676479806,3.87868252118367
428.172581626793,16.6251937156418,3.41957468242733
363.456114418518,293.475825958149,2.83048389811802
608.096076116911,106.174334962969,4.16101621572533
389.974226026183,232.595618457158,4.2840218427507
576.401698758034,405.325749338807,4.77243645860516
144.566072177887,277.203744827883,4.61294574100467
201.779087695368,365.511215270275,4.12176357923475
123.934596907744,412.272240467257,3.41094337688701
621.217834242928,316.649171678551,4.60511903133516
2.09662746211439,151.189871174521,4.26655667515749
540.920389366378,205.798896998424,4.09085859496896
33.2132264331664,494.926894955576,2.94842107274886
276.752104221138,23.1606718176404,3.99566024094339
532.863277534635,392.309504636112,3.28737812884708
73.9612621768118,81.7768049466133,5.25974565211148
4.75099809966443,75.0341312315282,3.58710180699035
592.202831145042,229.260584020673,4.0327490417124
436.997677705561,457.695319119976,4.80093246760939
659.525628362607,372.666146350158,2.94837938598377
105.643402567915,484.707085546837,4.33754164438936
620.187998540409,88.3352566987178,4.06564490421918
420.82914739312,254.920616985076,3.68045990803999
11.9136680021088,182.441313904588,3.22744217751213
58.348896036419,110.046190912537,4.36098698058253
623.775001674072,199.83744969629,4.45136267443024
253.773427799795,213.879160123137,3.90364545115995
574.328371804449,435.941432931656,3.9019198836645
297.252375006903,140.331240491164,3.91324760047122
531.979555024027,456.267360913134,3.57753020345974
48.5877560112626,421.562836732155,3.87778117452585
198.314902170031,288.478720008906,3.63443434473018
550.354353617473,260.161659078375,3.88835529183581
181.351387557318,27.3390455571848,4.32116696574496
496.396549862343,343.957987793239,4.73342995024752
34.3369117694835,50.8368889609459,3.54445677886345
523.834484626976,136.26112182916,4.84240732646264
NA,NA,NA
660.466872193808,335.942292917882,3.43818636124096
456.714444612758,297.964522456762,3.71693819381198
13.6313964633978,497.093371461936,3.65186100470422
557.855026531262,48.3350767751855,4.28450173635134
72.3864654309791,374.413435814476,4.00238690663491
229.234849397326,417.755676479806,3.87868252118367
428.172581626793,16.6251937156418,3.41957468242733
363.456114418518,293.475825958149,2.83048389811802
608.096076116911,106.174334962969,4.16101621572533
389.974226026183,232.595618457158,4.2840218427507
576.401698758034,405.325749338807,4.77243645860516
144.566072177887,277.203744827883,4.61294574100467
201.779087695368,365.511215270275,4.12176357923475
123.934596907744,412.272240467257,3.41094337688701
621.217834242928,316.649171678551,4.60511903133516
2.09662746211439,151.189871174521,4.26655667515749
540.920389366378,205.798896998424,4.09085859496896
33.2132264331664,494.926894955576,2.94842107274886
276.752104221138,23.1606718176404,3.99566024094339
532.863277534635,392.309504636112,3.28737812884708
73.9612621768118,81.7768049466133,5.25974565211148
4.75099809966443,75.0341312315282,3.58710180699035
592.202831145042,229.260584020673,4.0327490417124
436.997677705561,457.695319119976,4.80093246760939
659.525628362607,372.666146350158,2.94837938598377
105.643402567915,484.707085546837,4.33754164438936
620.187998540409,88.3352566987178,4.06564490421918
420.82914739312,254.920616985076,3.68045990803999
11.9136680021088,182.441313904588,3.22744217751213
58.348896036419,110.046190912537,4.36098698058253
623.775001674072,199.83744969629,4.45136267443024
253.773427799795,213.879160123137,3.90364545115995
574.328371804449,435.941432931656,3.9019198836645
297.252375006903,140.331240491164,3.91324760047122
531.979555024027,456.267360913134,3.57753020345974
48.5877560112626,421.562836732155,3.87778117452585
198.314902170031,288.478720008906,3.63443434473018
550.354353617473,260.161659078375,3.88835529183581
181.351387557318,27.3390455571848,4.32116696574496
496.396549862343,343.957987793239,4.73342995024752
34.3369117694835,50.8368889609459,3.54445677886345
523.834484626976,136.26112182916,4.84240732646264
NA,NA,NA
660.466872193808,335.942292917882,3.43818636124096
456.714444612758,297.964522456762,3.71693819381198
13.6313964633978,497.093371461936,3.65186100470422
557.855026531262,48.3350767751855,4.28450173635134
72.3864654309791,374.413435814476,4.00238690663491
229.234849397326,417.755676479806,3.87868252118367
428.172581626793,16.6251937156418,3.41957468242733
363.456114418518,293.475825958149,2.83048389811802
608.096076116911,106.174334962969,4.16101621572533
389.974226026183,232.595618457158,4.2840218427507
576.401698758034,405.325749338807,4.77243645860516
144.566072177887,277.203744827883,4.61294574100467
201.779087695368,365.511215270275,4.12176357923475
123.934596907744,412.272240467257,3.41094337688701
621.217834242928,316.649171678551,4.60511903133516
2.09662746211439,151.189871174521,4.26655667515749
540.920389366378,205.798896998424,4.09085859496896
33.2132264331664,494.926894955576,2.94842107274886
276.752104221138,23.1606718176404,3.99566024094339
532.863277534635,392.309504636112,3.28737812884708
73.9612621768118,81.7768049466133,5.25974565211148
4.75099809966443,75.0341312315282,3.58710180699035
592.202831145042,229.260584020673,4.0327490417124
436.997677705561,457.695319119976,4.80093246760939
659.525628362607,372.666146350158,2.94837938598377
105.643402567915,484.707085546837,4.33754164438936
620.187998540409,88.3352566987178,4.06564490421918
420.82914739312,254.920616985076,3.68045990803999
11.9136680021088,182.441313904588,3.22744217751213
58.348896036419,110.046190912537,4.36098698058253
623.775001674072,199.83744969629,4.45136267443024
253.773427799795,213.879160123137,3.90364545115995
574.328371804449,435.941432931656,3.9019198836645
297.252375006903,140.331240491164,3.91324760047122
531.979555024027,456.267360913134,3.57753020345974
48.5877560112626,421.562836732155,3.87778117452585
198.314902170031,288.478720008906,3.63443434473018
550.354353617473,260.161659078375,3.88835529183581
181.351387557318,27.3390455571848,4.32116696574496
496.396549862343,343.957987793239,4.73342995024752
34.3369117694835,50.8368889609459,3.54445677886345
523.834484626976,136.26112182916,4.84240732646264
NA,NA,NA
661.732291227874,336.149208311869,3.39431830996058
457.882658065007,297.173844667756,3.74166452358325
9.23074288891053,497.329758561882,3.52519495950467
560.065403823333,50.3614718938944,4.21720863679836
73.5767289515527,377.324938908393,4.02839871446887
229.042587691223,413.15607889184,3.96275996170274
429.627286594764,11.2461038508489,3.46248056790263
363.306270776743,292.709598630749,2.9814538175246
602.633261563018,104.829652579966,4.15600668863364
390.450601322078,225.022269645951,4.06485830594896
565.51074171381,407.360178993159,4.73586699895264
136.2289896977,280.267897010505,4.58965439162891
201.092591622451,363.721600499628,4.13186137088272
126.762317505076,410.956427088656,3.45210258917836
632.624267150686,314.069489949591,4.53455169315961
2.60861637118821,147.008947672102,4.21266640114362
541.054516210688,200.964908916744,4.19990354229677
34.085362573304,493.06572591386,3.03641720230138
278.721136667085,28.7810004924704,3.80248790138963
532.521059588837,392.92824018744,3.25309212497267
73.7223530550577,69.7660250870381,5.24175574444686
7.54729621678021,76.1337278113465,3.3652097991618
591.80264076717,228.829206596835,4.00027314337885
443.010177086294,455.204857923422,4.80029782649274
659.18156725271,373.512287348492,3.14899176435323
100.488927103255,484.600528974636,4.4025109541812
621.159526620534,88.8132575218221,4.07388957924276
423.62339355249,259.025329012921,3.6235818159119
11.1535209467639,181.608054977286,3.15866432852125
66.7896866980605,113.992868740903,4.57984299827692
614.018737475546,194.207858183598,4.38392920694373
254.754066335056,218.211207006821,4.0094313460971
582.750319807738,441.77749701305,4.13781307874861
301.311906923478,141.088684077647,3.67901582882589
532.355257543568,450.316309802088,3.38525412618887
45.5269175273119,412.547365481106,3.85547655996855
197.005804119692,280.172125019658,4.19732260208226
550.664536015058,257.50291403067,3.60634161145137
175.470641443513,24.3536757531367,4.10563976536017
501.159856893061,350.242489756063,4.22797580422653
34.6389601041467,65.2570895983641,3.52370773341879
516.956027676334,150.573955667802,4.86608126984623
NA,NA,NA
661.732291227874,336.149208311869,3.39431830996058
457.882658065007,297.173844667756,3.74166452358325
9.23074288891053,497.329758561882,3.52519495950467
560.065403823333,50.3614718938944,4.21720863679836
73.5767289515527,377.324938908393,4.02839871446887
229.042587691223,413.15607889184,3.96275996170274
429.627286594764,11.2461038508489,3.46248056790263
363.306270776743,292.709598630749,2.9814538175246
602.633261563018,104.829652579966,4.15600668863364
390.450601322078,225.022269645951,4.06485830594896
565.51074171381,407.360178993159,4.73586699895264
136.2289896977,280.267897010505,4.58965439162891
201.092591622451,363.721600499628,4.13186137088272
126.762317505076,410.956427088656,3.45210258917836
632.624267150686,314.069489949591,4.53455169315961
2.60861637118821,147.008947672102,4.21266640114362
541.054516210688,200.964908916744,4.19990354229677
34.085362573304,493.06572591386,3.03641720230138
278.721136667085,28.7810004924704,3.80248790138963
532.521059588837,392.92824018744,3.25309212497267
73.7223530550577,69.7660250870381,5.24175574444686
7.54729621678021,76.1337278113465,3.3652097991618
591.80264076717,228.829206596835,4.00027314337885
443.010177086294,455.204857923422,4.80029782649274
659.18156725271,373.512287348492,3.14899176435323
100.488927103255,484.600528974636,4.4025109541812
621.159526620534,88.8132575218221,4.07388957924276
423.62339355249,259.025329012921,3.6235818159119
11.1535209467639,181.608054977286,3.15866432852125
66.7896866980605,113.992868740903,4.57984299827692
614.018737475546,194.207858183598,4.38392920694373
254.754066335056,218.211207006821,4.0094313460971
582.750319807738,441.77749701305,4.13781307874861
301.311906923478,141.088684077647,3.67901582882589
532.355257543568,450.316309802088,3.38525412618887
45.5269175273119,412.547365481106,3.85547655996855
197.005804119692,280.172125019658,4.19732260208226
550.664536015058,257.50291403067,3.60634161145137
175.470641443513,24.3536757531367,4.10563976536017
501.159856893061,350.242489756063,4.22797580422653
34.6389601041467,65.2570895983641,3.52370773341879
516.956027676334,150.573955667802,4.86608126984623
NA,NA,NA
661.732291227874,336.149208311869,3.39431830996058
457.882658065007,297.173844667756,3.74166452358325
9.23074288891053,497.329758561882,3.52519495950467
560.065403823333,50.3614718938944,4.21720863679836
73.5767289515527,377.324938908393,4.02839871446887
229.042587691223,413.15607889184,3.96275996170274
429.627286594764,11.2461038508489,3.46248056790263
363.306270776743,292.709598630749,2.9814538175246
602.633261563018,104.829652579966,4.15600668863364
390.450601322078,225.022269645951,4.06485830594896
565.51074171381,407.360178993159,4.73586699895264
136.2289896977,280.267897010505,4.58965439162891
201.092591622451,363.721600499628,4.13186137088272
126.762317505076,410.956427088656,3.45210258917836
632.624267150686,314.069489949591,4.53455169315961
2.60861637118821,147.008947672102,4.21266640114362
541.054516210688,200.964908916744,4.19990354229677
34.085362573304,493.06572591386,3.03641720230138
278.721136667085,28.7810004924704,3.80248790138963
532.521059588837,392.92824018744,3.25309212497267
73.7223530550577,69.7660250870381,5.24175574444686
7.54729621678021,76.1337278113465,3.3652097991618
591.80264076717,228.829206596835,4.00027314337885
443.010177086294,455.204857923422,4.80029782649274
659.18156725271,373.512287348492,3.14899176435323
100.488927103255,484.600528974636,4.4025109541812
621.159526620534,88.8132575218221,4.07388957924276
423.62339355249,259.025329012921,3.6235818159119
11.1535209467639,181.608054977286,3.15866432852125
66.7896866980605,113.992868740903,4.57984299827692
614.018737475546,194.207858183598,4.38392920694373
254.754066335056,218.211207006821,4.0094313460971
582.750319807738,441.77749701305,4.13781307874861
301.311906923478,141.088684077647,3.67901582882589
532.355257543568,450.316309802088,3.38525412618887
45.5269175273119,412.547365481106,3.85547655996855
197.005804119692,280.172125019658,4.19732260208226
550.664536015058,257.50291403067,3.60634161145137
175.470641443513,24.3536757531367,4.10563976536017
501.159856893061,350.242489756063,4.22797580422653
34.6389601041467,65.2570895983641,3.52370773341879
516.956027676334,150.573955667802,4.86608126984623
NA,NA,NA
661.732291227874,336.149208311869,3.39431830996058
457.882658065007,297.173844667756,3.74166452358325
9.23074288891053,497.329758561882,3.52519495950467
560.065403823333,50.3614718938944,4.21720863679836
73.5767289515527,377.324938908393,4.02839871446887
229.042587691223,413.15607889184,3.96275996170274
429.627286594764,11.2461038508489,3.46248056790263
363.306270776743,292.709598630749,2.9814538175246
602.633261563018,104.829652579966,4.15600668863364
390.450601322078,225.022269645951,4.06485830594896
565.51074171381,407.360178993159,4.73586699895264
136.2289896977,280.267897010505,4.58965439162891
201.092591622451,363.721600499628,4.13186137088272
126.762317505076,410.956427088656,3.45210258917836
632.624267150686,314.069489949591,4.53455169315961
2.60861637118821,147.008947672102,4.21266640114362
541.054516210688,200.964908916744,4.19990354229677
34.085362573304,493.06572591386,3.03641720230138
278.721136667085,28.7810004924704,3.80248790138963
532.521059588837,392.92824018744,3.25309212497267
73.7223530550577,69.7660250870381,5.24175574444686
7.54729621678021,76.1337278113465,3.3652097991618
591.80264076717,228.829206596835,4.00027314337885
443.010177086294,455.204857923422,4.80029782649274
659.18156725271,373.512287348492,3.14899176435323
100.488927103255,484.600528974636,4.4025109541812
621.159526620534,88.8132575218221,4.07388957924276
423.62339355249,259.025329012921,3.6235818159119
11.1535209467639,181.608054977286,3.15866432852125
66.7896866980605,113.992868740903,4.57984299827692
614.018737475546,194.207858183598,4.38392920694373
254.754066335056,218.211207006821,4.0094313460971
582.750319807738,441.77749701305,4.13781307874861
301.311906923478,141.088684077647,3.67901582882589
532.355257543568,450.316309802088,3.38525412618887
45.5269175273119,412.547365481106,3.85547655996855
197.005804119692,280.172125019658,4.19732260208226
550.664536015058,257.50291403067,3.60634161145137
175.470641443513,24.3536757531367,4.10563976536017
501.159856893061,350.242489756063,4.22797580422653
34.6389601041467,65.2570895983641,3.52370773341879
516.956027676334,150.573955667802,4.86608126984623
NA,NA,NA
661.732291227874,336.149208311869,3.39431830996058
457.882658065007,297.173844667756,3.74166452358325
9.23074288891053,497.329758561882,3.52519495950467
560.065403823333,50.3614718938944,4.21720863679836
73.5767289515527,377.324938908393,4.02839871446887
229.042587691223,413.15607889184,3.96275996170274
429.627286594764,11.2461038508489,3.46248056790263
363.306270776743,292.709598630749,2.9814538175246
602.633261563018,104.829652579966,4.15600668863364
390.450601322078,225.022269645951,4.06485830594896
565.51074171381,407.360178993159,4.73586699895264
136.2289896977,280.267897010505,4.58965439162891
201.092591622451,363.721600499628,4.13186137088272
126.762317505076,410.956427088656,3.45210258917836
632.624267150686,314.069489949591,4.53455169315961
2.60861637118821,147.008947672102,4.21266640114362
541.054516210688,200.964908916744,4.19990354229677
34.085362573304,493.06572591386,3.03641720230138
278.721136667085,28.7810004924704,3.80248790138963
532.521059588837,392.92824018744,3.25309212497267
73.7223530550577,69.7660250870381,5.24175574444686
7.54729621678021,76.1337278113465,3.3652097991618
591.80264076717,228.829206596835,4.00027314337885
443.010177086294,455.204857923422,4.80029782649274
659.18156725271,373.512287348492,3.14899176435323
100.488927103255,484.600528974636,4.4025109541812
621.159526620534,88.8132575218221,4.07388957924276
423.62339355249,259.025329012921,3.6235818159119
11.1535209467639,181.608054977286,3.15866432852125
66.7896866980605,113.992868740903,4.57984299827692
614.018737475546,194.207858183598,4.38392920694373
254.754066335056,218.211207006821,4.0094313460971
582.750319807738,441.77749701305,4.13781307874861
301.311906923478,141.088684077647,3.67901582882589
532.355257543568,450.316309802088,3.38525412618887
45.5269175273119,412.547365481106,3.85547655996855
197.005804119692,280.172125019658,4.19732260208226
550.664536015058,257.50291403067,3.60634161145137
175.470641443513,24.3536757531367,4.10563976536017
501.159856893061,350.242489756063,4.22797580422653
34.6389601041467,65.2570895983641,3.52370773341879
516.956027676334,150.573955667802,4.86608126984623
NA,NA,NA
661.732291227874,336.149208311869,3.39431830996058
457.882658065007,297.173844667756,3.74166452358325
9.23074288891053,497.329758561882,3.52519495950467
560.065403823333,50.3614718938944,4.21720863679836
73.5767289515527,377.324938908393,4.02839871446887
229.042587691223,413.15607889184,3.96275996170274
429.627286594764,11.2461038508489,3.46248056790263
363.306270776743,292.709598630749,2.9814538175246
602.633261563018,104.829652579966,4.15600668863364
390.450601322078,225.022269645951,4.06485830594896
565.51074171381,407.360178993159,4.73586699895264
136.2289896977,280.267897010505,4.58965439162891
201.092591622451,363.721600499628,4.13186137088272
126.762317505076,410.956427088656,3.45210258917836
632.624267150686,314.069489949591,4.53455169315961
2.60861637118821,147.008947672102,4.21266640114362
541.054516210688,200.964908916744,4.19990354229677
34.085362573304,493.06572591386,3.03641720230138
278.721136667085,28.7810004924704,3.80248790138963
532.521059588837,392.92824018744,3.25309212497267
73.7223530550577,69.7660250870381,5.24175574444686
7.54729621678021,76.1337278113465,3.3652097991618
591.80264076717,228.829206596835,4.00027314337885
443.010177086294,455.204857923422,4.80029782649274
659.18156725271,373.512287348492,3.14899176435323
100.488927103255,484.600528974636,4.4025109541812
621.159526620534,88.8132575218221,4.07388957924276
423.62339355249,259.025329012921,3.6235818159119
11.1535209467639,181.608054977286,3.15866432852125
66.7896866980605,113.992868740903,4.57984299827692
614.018737475546,194.207858183598,4.38392920694373
254.754066335056,218.211207006821,4.0094313460971
582.750319807738,441.77749701305,4.13781307874861
301.311906923478,141.088684077647,3.67901582882589
532.355257543568,450.316309802088,3.38525412618887
45.5269175273119,412.547365481106,3.85547655996855
197.005804119692,280.172125019658,4.19732260208226
550.664536015058,257.50291403067,3.60634161145137
175.470641443513,24.3536757531367,4.10563976536017
501.159856893061,350.242489756063,4.22797580422653
34.6389601041467,65.2570895983641,3.52370773341879
516.956027676334,150.573955667802,4.86608126984623
NA,NA,NA
661.43761377574,336.668132396936,3.55940234770654
459.630314534924,298.680385364654,3.65349383660915
9.73968676672416,497.468233084437,3.72702306088896
566.948472758545,50.616592718153,4.04187921815365
73.6283849109592,374.057356341938,3.93858431362028
234.345802631044,418.276630715897,3.89850693708288
429.637105852476,11.3379319201804,3.19441109079
359.863052446826,293.900389340378,3.06348877434255
605.023960823375,103.915713824818,4.22207015737117
389.565931028984,236.160479815472,4.26979978081566
562.831282368979,403.364058126796,4.70939533745402
146.691186367743,287.109457456791,4.49920916658442
199.883491097797,372.624306673026,4.12012111999779
121.306914847326,408.272624698985,3.53245383284371
630.514618778049,313.689092094837,4.56564261857873
2.37229160561916,146.530337692752,4.30609305940344
541.456068135923,204.824921217179,4.30914247970207
34.1472529682664,492.295772737944,2.9204988543256
280.353757702762,22.6769791793947,3.92711777552726
536.172369060114,389.753795576111,3.39305629903142
70.7264064845767,73.9684185875336,5.18852984135103
5.71445680136622,76.6380583791015,3.49811030450695
588.842898887078,222.50321687576,4.0160419939859
433.221044955483,450.59960566499,4.82346635825147
657.20716455774,373.882501326174,3.00418333546217
109.058292726137,485.471291998526,4.36684254555501
619.289318493586,87.5433137101604,4.10637459711854
418.648304796897,257.260368415652,3.64411568015778
11.7045334809369,182.427906301565,3.17228214989042
62.5587055191629,119.315649949444,4.46448275775057
616.631726823977,198.879422193955,4.24718967477773
257.993902257344,220.910758014533,3.87810686981588
568.797740874638,436.854926025758,3.83781046099716
296.434700711643,132.615333108253,3.84503442564178
529.756045184067,451.034983865802,3.54694990744425
45.5314950138594,414.333267926296,4.03784252024847
205.591513975891,293.459175087948,4.2536881726232
551.911811283426,252.618474888248,3.43589034513163
184.039224041152,27.0050828817213,4.16568140267034
496.937371659487,348.38941435237,4.83832784548869
35.3900439730188,46.7467177718982,3.90260052058291
547.711938216749,151.931395072421,4.67747614406493
NA,NA,NA
661.43761377574,336.668132396936,3.55940234770654
459.630314534924,298.680385364654,3.65349383660915
9.73968676672416,497.468233084437,3.72702306088896
566.948472758545,50.616592718153,4.04187921815365
73.6283849109592,374.057356341938,3.93858431362028
234.345802631044,418.276630715897,3.89850693708288
429.637105852476,11.3379319201804,3.19441109079
359.863052446826,293.900389340378,3.06348877434255
605.023960823375,103.915713824818,4.22207015737117
389.565931028984,236.160479815472,4.26979978081566
562.831282368979,403.364058126796,4.70939533745402
146.691186367743,287.109457456791,4.49920916658442
199.883491097797,372.624306673026,4.12012111999779
121.306914847326,408.272624698985,3.53245383284371
630.514618778049,313.689092094837,4.56564261857873
2.37229160561916,146.530337692752,4.30609305940344
541.456068135923,204.824921217179,4.30914247970207
34.1472529682664,492.295772737944,2.9204988543256
280.353757702762,22.6769791793947,3.92711777552726
536.172369060114,389.753795576111,3.39305629903142
70.7264064845767,73.9684185875336,5.18852984135103
5.71445680136622,76.6380583791015,3.49811030450695
588.842898887078,222.50321687576,4.0160419939859
433.221044955483,450.59960566499,4.82346635825147
657.20716455774,373.882501326174,3.00418333546217
109.058292726137,485.471291998526,4.36684254555501
619.289318493586,87.5433137101604,4.10637459711854
418.648304796897,257.260368415652,3.64411568015778
11.7045334809369,182.427906301565,3.17228214989042
62.5587055191629,119.315649949444,4.46448275775057
616.631726823977,198.879422193955,4.24718967477773
257.993902257344,220.910758014533,3.87810686981588
568.797740874638,436.854926025758,3.83781046099716
296.434700711643,132.615333108253,3.84503442564178
529.756045184067,451.034983865802,3.54694990744425
45.5314950138594,414.333267926296,4.03784252024847
205.591513975891,293.459175087948,4.2536881726232
551.911811283426,252.618474888248,3.43589034513163
184.039224041152,27.0050828817213,4.16568140267034
496.937371659487,348.38941435237,4.83832784548869
35.3900439730188,46.7467177718982,3.90260052058291
547.711938216749,151.931395072421,4.67747614406493
NA,NA,NA
661.43761377574,336.668132396936,3.55940234770654
459.630314534924,298.680385364654,3.65349383660915
9.73968676672416,497.468233084437,3.72702306088896
566.948472758545,50.616592718153,4.04187921815365
73.6283849109592,374.057356341938,3.93858431362028
234.345802631044,418.276630715897,3.89850693708288
429.637105852476,11.3379319201804,3.19441109079
359.863052446826,293.900389340378,3.06348877434255
605.023960823375,103.915713824818,4.22207015737117
389.565931028984,236.160479815472,4.26979978081566
562.831282368979,403.364058126796,4.70939533745402
146.691186367743,287.109457456791,4.49920916658442
199.883491097797,372.624306673026,4.12012111999779
121.306914847326,408.272624698985,3.53245383284371
630.514618778049,313.689092094837,4.56564261857873
2.37229160561916,146.530337692752,4.30609305940344
541.456068135923,204.824921217179,4.30914247970207
34.1472529682664,492.295772737944,2.9204988543256
280.353757702762,22.6769791793947,3.92711777552726
536.172369060114,389.753795576111,3.39305629903142
70.7264064845767,73.9684185875336,5.18852984135103
5.71445680136622,76.6380583791015,3.49811030450695
588.842898887078,222.50321687576,4.0160419939859
433.221044955483,450.59960566499,4.82346635825147
657.20716455774,373.882501326174,3.00418333546217
109.058292726137,485.471291998526,4.36684254555501
619.289318493586,87.5433137101604,4.10637459711854
418.648304796897,257.260368415652,3.64411568015778
11.7045334809369,182.427906301565,3.17228214989042
62.5587055191629,119.315649949444,4.46448275775057
616.631726823977,198.879422193955,4.24718967477773
257.993902257344,220.910758014533,3.87810686981588
568.797740874638,436.854926025758,3.83781046099716
296.434700711643,132.615333108253,3.84503442564178
529.756045184067,451.034983865802,3.54694990744425
45.5314950138594,414.333267926296,4.03784252024847
205.591513975891,293.459175087948,4.2536881726232
551.911811283426,252.618474888248,3.43589034513163
184.039224041152,27.0050828817213,4.16568140267034
496.937371659487,348.38941435237,4.83832784548869
35.3900439730188,46.7467177718982,3.90260052058291
547.711938216749,151.931395072421,4.67747614406493
NA,NA,NA
661.43761377574,336.668132396936,3.55940234770654
459.630314534924,298.680385364654,3.65349383660915
9.73968676672416,497.468233084437,3.72702306088896
566.948472758545,50.616592718153,4.04187921815365
73.6283849109592,374.057356341938,3.93858431362028
234.345802631044,418.276630715897,3.89850693708288
429.637105852476,11.3379319201804,3.19441109079
359.863052446826,293.900389340378,3.06348877434255
605.023960823375,103.915713824818,4.22207015737117
389.565931028984,236.160479815472,4.26979978081566
562.831282368979,403.364058126796,4.70939533745402
146.691186367743,287.109457456791,4.49920916658442
199.883491097797,372.624306673026,4.12012111999779
121.306914847326,408.272624698985,3.53245383284371
630.514618778049,313.689092094837,4.56564261857873
2.37229160561916,146.530337692752,4.30609305940344
541.456068135923,204.824921217179,4.30914247970207
34.1472529682664,492.295772737944,2.9204988543256
280.353757702762,22.6769791793947,3.92711777552726
536.172369060114,389.753795576111,3.39305629903142
70.7264064845767,73.9684185875336,5.18852984135103
5.71445680136622,76.6380583791015,3.49811030450695
588.842898887078,222.50321687576,4.0160419939859
433.221044955483,450.59960566499,4.82346635825147
657.20716455774,373.882501326174,3.00418333546217
109.058292726137,485.471291998526,4.36684254555501
619.289318493586,87.5433137101604,4.10637459711854
418.648304796897,257.260368415652,3.64411568015778
11.7045334809369,182.427906301565,3.17228214989042
62.5587055191629,119.315649949444,4.46448275775057
616.631726823977,198.879422193955,4.24718967477773
257.993902257344,220.910758014533,3.87810686981588
568.797740874638,436.854926025758,3.83781046099716
296.434700711643,132.615333108253,3.84503442564178
529.756045184067,451.034983865802,3.54694990744425
45.5314950138594,414.333267926296,4.03784252024847
205.591513975891,293.459175087948,4.2536881726232
551.911811283426,252.618474888248,3.43589034513163
184.039224041152,27.0050828817213,4.16568140267034
496.937371659487,348.38941435237,4.83832784548869
35.3900439730188,46.7467177718982,3.90260052058291
547.711938216749,151.931395072421,4.67747614406493
NA,NA,NA
661.43761377574,336.668132396936,3.55940234770654
459.630314534924,298.680385364654,3.65349383660915
9.73968676672416,497.468233084437,3.72702306088896
566.948472758545,50.616592718153,4.04187921815365
73.6283849109592,374.057356341938,3.93858431362028
234.345802631044,418.276630715897,3.89850693708288
429.637105852476,11.3379319201804,3.19441109079
359.863052446826,293.900389340378,3.06348877434255
605.023960823375,103.915713824818,4.22207015737117
389.565931028984,236.160479815472,4.26979978081566
562.831282368979,403.364058126796,4.70939533745402
146.691186367743,287.109457456791,4.49920916658442
199.883491097797,372.624306673026,4.12012111999779
121.306914847326,408.272624698985,3.53245383284371
630.514618778049,313.689092094837,4.56564261857873
2.37229160561916,146.530337692752,4.30609305940344
541.456068135923,204.824921217179,4.30914247970207
34.1472529682664,492.295772737944,2.9204988543256
280.353757702762,22.6769791793947,3.92711777552726
536.172369060114,389.753795576111,3.39305629903142
70.7264064845767,73.9684185875336,5.18852984135103
5.71445680136622,76.6380583791015,3.49811030450695
588.842898887078,222.50321687576,4.0160419939859
433.221044955483,450.59960566499,4.82346635825147
657.20716455774,373.882501326174,3.00418333546217
109.058292726137,485.471291998526,4.36684254555501
619.289318493586,87.5433137101604,4.10637459711854
418.648304796897,257.260368415652,3.64411568015778
11.7045334809369,182.427906301565,3.17228214989042
62.5587055191629,119.315649949444,4.46448275775057
616.631726823977,198.879422193955,4.24718967477773
257.993902257344,220.910758014533,3.87810686981588
568.797740874638,436.854926025758,3.83781046099716
296.434700711643,132.615333108253,3.84503442564178
529.756045184067,451.034983865802,3.54694990744425
45.5314950138594,414.333267926296,4.03784252024847
205.591513975891,293.459175087948,4.2536881726232
551.911811283426,252.618474888248,3.43589034513163
184.039224041152,27.0050828817213,4.16568140267034
496.937371659487,348.38941435237,4.83832784548869
35.3900439730188,46.7467177718982,3.90260052058291
547.711938216749,151.931395072421,4.67747614406493
NA,NA,NA
661.43761377574,336.668132396936,3.55940234770654
459.630314534924,298.680385364654,3.65349383660915
9.73968676672416,497.468233084437,3.72702306088896
566.948472758545,50.616592718153,4.04187921815365
73.6283849109592,374.057356341938,3.93858431362028
234.345802631044,418.276630715897,3.89850693708288
429.637105852476,11.3379319201804,3.19441109079
359.863052446826,293.900389340378,3.06348877434255
605.023960823375,103.915713824818,4.22207015737117
389.565931028984,236.160479815472,4.26979978081566
562.831282368979,403.364058126796,4.70939533745402
146.691186367743,287.109457456791,4.49920916658442
199.883491097797,372.624306673026,4.12012111999779
121.306914847326,408.272624698985,3.53245383284371
630.514618778049,313.689092094837,4.56564261857873
2.37229160561916,146.530337692752,4.30609305940344
541.456068135923,204.824921217179,4.30914247970207
34.1472529682664,492.295772737944,2.9204988543256
280.353757702762,22.6769791793947,3.92711777552726
536.172369060114,389.753795576111,3.39305629903142
70.7264064845767,73.9684185875336,5.18852984135103
5.71445680136622,76.6380583791015,3.49811030450695
588.842898887078,222.50321687576,4.0160419939859
433.221044955483,450.59960566499,4.82346635825147
657.20716455774,373.882501326174,3.00418333546217
109.058292726137,485.471291998526,4.36684254555501
619.289318493586,87.5433137101604,4.10637459711854
418.648304796897,257.260368415652,3.64411568015778
11.7045334809369,182.427906301565,3.17228214989042
62.5587055191629,119.315649949444,4.46448275775057
616.631726823977,198.879422193955,4.24718967477773
257.993902257344,220.910758014533,3.87810686981588
568.797740874638,436.854926025758,3.83781046099716
296.434700711643,132.615333108253,3.84503442564178
529.756045184067,451.034983865802,3.54694990744425
45.5314950138594,414.333267926296,4.03784252024847
205.591513975891,293.459175087948,4.2536881726232
551.911811283426,252.618474888248,3.43589034513163
184.039224041152,27.0050828817213,4.16568140267034
496.937371659487,348.38941435237,4.83832784548869
35.3900439730188,46.7467177718982,3.90260052058291
547.711938216749,151.931395072421,4.67747614406493
NA,NA,NA
662.68537627345,333.954676468799,3.52958330467203
457.203263236266,296.360002849537,3.74297652192314
13.3561963781568,498.047775711397,3.67166059896779
559.590395910848,48.8917947765323,4.314171830583
72.0392134265798,370.165547648287,3.99817443028835
228.629026031766,420.037316780079,3.85385082009609
426.419801982824,11.244589789167,3.41975829199613
363.067597426868,293.842239393252,3.03620531524559
600.680957879863,104.165380588328,4.26487507150968
390.828253499678,224.741575055178,4.24438565348647
565.122725694968,399.241319816236,4.79617675505728
146.176234631525,281.334642929134,4.54300302959718
196.044962276709,365.966984453222,4.04271716683044
124.218827376833,408.807293162932,3.48950969776095
627.160865611866,306.174422016353,4.61502498625658
-0.733247499254288,146.882590871147,4.23988131034924
542.966093659688,204.583964209751,4.06591843139066
34.1770527213472,493.57956669208,3.0576684311047
281.008112793146,22.4386967922553,3.95645240752293
534.951747817881,391.804455694131,3.55158948639149
69.7559941082469,78.6671483080585,5.14412361950919
4.53791772327819,77.3672198102964,3.41649946204184
591.763167396696,223.217667875773,4.04237398261858
441.534271990193,462.654080358848,4.901776875192
658.953133976826,373.464105164046,3.0543234207903
113.025081353493,484.423787670752,4.39007046120591
620.360663973877,88.6563217612762,4.12432070640986
416.367229446294,259.272229873134,3.59814460710615
12.3294130420609,184.606855983177,3.28233649192344
87.3700670898126,123.269132862227,4.4905103713572
622.749420205307,200.562131264235,4.06146271976065
257.725150934964,222.549941357721,3.71803382520751
589.426487743436,440.725575017837,3.92888500847984
299.229875930648,137.829787085473,4.04131709004148
525.408418188638,461.013333491306,3.85552534548535
37.9176198621684,410.431356279084,4.0195019014515
195.77833517489,287.034398647375,4.46952809648912
549.7654478696,268.182138652753,3.76498356067065
173.373975035388,27.2699985850404,4.14553905857837
496.344187514738,346.537752330293,4.45951696757708
47.3183741062186,56.9106242360211,3.76337352921182
525.403896221908,139.266772050203,4.4253239571585
NA,NA,NA
662.68537627345,333.954676468799,3.52958330467203
457.203263236266,296.360002849537,3.74297652192314
13.3561963781568,498.047775711397,3.67166059896779
559.590395910848,48.8917947765323,4.314171830583
72.0392134265798,370.165547648287,3.99817443028835
228.629026031766,420.037316780079,3.85385082009609
426.419801982824,11.244589789167,3.41975829199613
363.067597426868,293.842239393252,3.03620531524559
600.680957879863,104.165380588328,4.26487507150968
390.828253499678,224.741575055178,4.24438565348647
565.122725694968,399.241319816236,4.79617675505728
146.176234631525,281.334642929134,4.54300302959718
196.044962276709,365.966984453222,4.04271716683044
124.218827376833,408.807293162932,3.48950969776095
627.160865611866,306.174422016353,4.61502498625658
-0.733247499254288,146.882590871147,4.23988131034924
542.966093659688,204.583964209751,4.06591843139066
34.1770527213472,493.57956669208,3.0576684311047
281.008112793146,22.4386967922553,3.95645240752293
534.951747817881,391.804455694131,3.55158948639149
69.7559941082469,78.6671483080585,5.14412361950919
4.53791772327819,77.3672198102964,3.41649946204184
591.763167396696,223.217667875773,4.04237398261858
441.534271990193,462.654080358848,4.901776875192
658.953133976826,373.464105164046,3.0543234207903
113.025081353493,484.423787670752,4.39007046120591
620.360663973877,88.6563217612762,4.12432070640986
416.367229446294,259.272229873134,3.59814460710615
12.3294130420609,184.606855983177,3.28233649192344
87.3700670898126,123.269132862227,4.4905103713572
622.749420205307,200.562131264235,4.06146271976065
257.725150934964,222.549941357721,3.71803382520751
589.426487743436,440.725575017837,3.92888500847984
299.229875930648,137.829787085473,4.04131709004148
525.408418188638,461.013333491306,3.85552534548535
37.9176198621684,410.431356279084,4.0195019014515
195.77833517489,287.034398647375,4.46952809648912
549.7654478696,268.182138652753,3.76498356067065
173.373975035388,27.2699985850404,4.14553905857837
496.344187514738,346.537752330293,4.45951696757708
47.3183741062186,56.9106242360211,3.76337352921182
525.403896221908,139.266772050203,4.4253239571585
NA,NA,NA
662.68537627345,333.954676468799,3.52958330467203
457.203263236266,296.360002849537,3.74297652192314
13.3561963781568,498.047775711397,3.67166059896779
559.590395910848,48.8917947765323,4.314171830583
72.0392134265798,370.165547648287,3.99817443028835
228.629026031766,420.037316780079,3.85385082009609
426.419801982824,11.244589789167,3.41975829199613
363.067597426868,293.842239393252,3.03620531524559
600.680957879863,104.165380588328,4.26487507150968
390.828253499678,224.741575055178,4.24438565348647
565.122725694968,399.241319816236,4.79617675505728
146.176234631525,281.334642929134,4.54300302959718
196.044962276709,365.966984453222,4.04271716683044
124.218827376833,408.807293162932,3.48950969776095
627.160865611866,306.174422016353,4.61502498625658
-0.733247499254288,146.882590871147,4.23988131034924
542.966093659688,204.583964209751,4.06591843139066
34.1770527213472,493.57956669208,3.0576684311047
281.008112793146,22.4386967922553,3.95645240752293
534.951747817881,391.804455694131,3.55158948639149
69.7559941082469,78.6671483080585,5.14412361950919
4.53791772327819,77.3672198102964,3.41649946204184
591.763167396696,223.217667875773,4.04237398261858
441.534271990193,462.654080358848,4.901776875192
658.953133976826,373.464105164046,3.0543234207903
113.025081353493,484.423787670752,4.39007046120591
620.360663973877,88.6563217612762,4.12432070640986
416.367229446294,259.272229873134,3.59814460710615
12.3294130420609,184.606855983177,3.28233649192344
87.3700670898126,123.269132862227,4.4905103713572
622.749420205307,200.562131264235,4.06146271976065
257.725150934964,222.549941357721,3.71803382520751
589.426487743436,440.725575017837,3.92888500847984
299.229875930648,137.829787085473,4.04131709004148
525.408418188638,461.013333491306,3.85552534548535
37.9176198621684,410.431356279084,4.0195019014515
195.77833517489,287.034398647375,4.46952809648912
549.7654478696,268.182138652753,3.76498356067065
173.373975035388,27.2699985850404,4.14553905857837
496.344187514738,346.537752330293,4.45951696757708
47.3183741062186,56.9106242360211,3.76337352921182
525.403896221908,139.266772050203,4.4253239571585
NA,NA,NA
662.68537627345,333.954676468799,3.52958330467203
457.203263236266,296.360002849537,3.74297652192314
13.3561963781568,498.047775711397,3.67166059896779
559.590395910848,48.8917947765323,4.314171830583
72.0392134265798,370.165547648287,3.99817443028835
228.629026031766,420.037316780079,3.85385082009609
426.419801982824,11.244589789167,3.41975829199613
363.067597426868,293.842239393252,3.03620531524559
600.680957879863,104.165380588328,4.26487507150968
390.828253499678,224.741575055178,4.24438565348647
565.122725694968,399.241319816236,4.79617675505728
146.176234631525,281.334642929134,4.54300302959718
196.044962276709,365.966984453222,4.04271716683044
124.218827376833,408.807293162932,3.48950969776095
627.160865611866,306.174422016353,4.61502498625658
-0.733247499254288,146.882590871147,4.23988131034924
542.966093659688,204.583964209751,4.06591843139066
34.1770527213472,493.57956669208,3.0576684311047
281.008112793146,22.4386967922553,3.95645240752293
534.951747817881,391.804455694131,3.55158948639149
69.7559941082469,78.6671483080585,5.14412361950919
4.53791772327819,77.3672198102964,3.41649946204184
591.763167396696,223.217667875773,4.04237398261858
441.534271990193,462.654080358848,4.901776875192
658.953133976826,373.464105164046,3.0543234207903
113.025081353493,484.423787670752,4.39007046120591
620.360663973877,88.6563217612762,4.12432070640986
416.367229446294,259.272229873134,3.59814460710615
12.3294130420609,184.606855983177,3.28233649192344
87.3700670898126,123.269132862227,4.4905103713572
622.749420205307,200.562131264235,4.06146271976065
257.725150934964,222.549941357721,3.71803382520751
589.426487743436,440.725575017837,3.92888500847984
299.229875930648,137.829787085473,4.04131709004148
525.408418188638,461.013333491306,3.85552534548535
37.9176198621684,410.431356279084,4.0195019014515
195.77833517489,287.034398647375,4.46952809648912
549.7654478696,268.182138652753,3.76498356067065
173.373975035388,27.2699985850404,4.14553905857837
496.344187514738,346.537752330293,4.45951696757708
47.3183741062186,56.9106242360211,3.76337352921182
525.403896221908,139.266772050203,4.4253239571585
NA,NA,NA
662.68537627345,333.954676468799,3.52958330467203
457.203263236266,296.360002849537,3.74297652192314
13.3561963781568,498.047775711397,3.67166059896779
559.590395910848,48.8917947765323,4.314171830583
72.0392134265798,370.165547648287,3.99817443028835
228.629026031766,420.037316780079,3.85385082009609
426.419801982824,11.244589789167,3.41975829199613
363.067597426868,293.842239393252,3.03620531524559
600.680957879863,104.165380588328,4.26487507150968
390.828253499678,224.741575055178,4.24438565348647
565.122725694968,399.241319816236,4.79617675505728
146.176234631525,281.334642929134,4.54300302959718
196.044962276709,365.966984453222,4.04271716683044
124.218827376833,408.807293162932,3.48950969776095
627.160865611866,306.174422016353,4.61502498625658
-0.733247499254288,146.882590871147,4.23988131034924
542.966093659688,204.583964209751,4.06591843139066
34.1770527213472,493.57956669208,3.0576684311047
281.008112793146,22.4386967922553,3.95645240752293
534.951747817881,391.804455694131,3.55158948639149
69.7559941082469,78.6671483080585,5.14412361950919
4.53791772327819,77.3672198102964,3.41649946204184
591.763167396696,223.217667875773,4.04237398261858
441.534271990193,462.654080358848,4.901776875192
658.953133976826,373.464105164046,3.0543234207903
113.025081353493,484.423787670752,4.39007046120591
620.360663973877,88.6563217612762,4.12432070640986
416.367229446294,259.272229873134,3.59814460710615
12.3294130420609,184.606855983177,3.28233649192344
87.3700670898126,123.269132862227,4.4905103713572
622.749420205307,200.562131264235,4.06146271976065
257.725150934964,222.549941357721,3.71803382520751
589.426487743436,440.725575017837,3.92888500847984
299.229875930648,137.829787085473,4.04131709004148
525.408418188638,461.013333491306,3.85552534548535
37.9176198621684,410.431356279084,4.0195019014515
195.77833517489,287.034398647375,4.46952809648912
549.7654478696,268.182138652753,3.76498356067065
173.373975035388,27.2699985850404,4.14553905857837
496.344187514738,346.537752330293,4.45951696757708
47.3183741062186,56.9106242360211,3.76337352921182
525.403896221908,139.266772050203,4.4253239571585
NA,NA,NA
662.68537627345,333.954676468799,3.52958330467203
457.203263236266,296.360002849537,3.74297652192314
13.3561963781568,498.047775711397,3.67166059896779
559.590395910848,48.8917947765323,4.314171830583
72.0392134265798,370.165547648287,3.99817443028835
228.629026031766,420.037316780079,3.85385082009609
426.419801982824,11.244589789167,3.41975829199613
363.067597426868,293.842239393252,3.03620531524559
600.680957879863,104.165380588328,4.26487507150968
390.828253499678,224.741575055178,4.24438565348647
565.122725694968,399.241319816236,4.79617675505728
146.176234631525,281.334642929134,4.54300302959718
196.044962276709,365.966984453222,4.04271716683044
124.218827376833,408.807293162932,3.48950969776095
627.160865611866,306.174422016353,4.61502498625658
-0.733247499254288,146.882590871147,4.23988131034924
542.966093659688,204.583964209751,4.06591843139066
34.1770527213472,493.57956669208,3.0576684311047
281.008112793146,22.4386967922553,3.95645240752293
534.951747817881,391.804455694131,3.55158948639149
69.7559941082469,78.6671483080585,5.14412361950919
4.53791772327819,77.3672198102964,3.41649946204184
591.763167396696,223.217667875773,4.04237398261858
441.534271990193,462.654080358848,4.901776875192
658.953133976826,373.464105164046,3.0543234207903
113.025081353493,484.423787670752,4.39007046120591
620.360663973877,88.6563217612762,4.12432070640986
416.367229446294,259.272229873134,3.59814460710615
12.3294130420609,184.606855983177,3.28233649192344
87.3700670898126,123.269132862227,4.4905103713572
622.749420205307,200.562131264235,4.06146271976065
257.725150934964,222.549941357721,3.71803382520751
589.426487743436,440.725575017837,3.92888500847984
299.229875930648,137.829787085473,4.04131709004148
525.408418188638,461.013333491306,3.85552534548535
37.9176198621684,410.431356279084,4.0195019014515
195.77833517489,287.034398647375,4.46952809648912
549.7654478696,268.182138652753,3.76498356067065
173.373975035388,27.2699985850404,4.14553905857837
496.344187514738,346.537752330293,4.45951696757708
47.3183741062186,56.9106242360211,3.76337352921182
525.403896221908,139.266772050203,4.4253239571585
NA,NA,NA
659.355828712222,332.909293095586,3.49712937002153
457.274158622893,296.927272638571,3.60819661768328
10.8643922528547,492.670031408607,3.64241925572166
563.248686208707,49.9992089416647,4.16816323725746
73.1154938186128,375.405397705555,3.93924418329583
231.89333680305,413.943069990911,3.93094589370231
426.83704804327,11.6956908390824,3.25614850006828
360.086155136978,291.109807361862,3.00446355133058
607.179157203086,102.133754643683,4.15967090289645
393.897193278295,228.792651059298,4.31214755525826
569.25359224322,410.05408948513,4.68170570701316
139.521011889137,287.123102582618,4.34121723638387
197.606736332077,370.032951138093,4.06858024010341
121.889097482262,409.276863096771,3.33194440287281
631.750098304167,311.53136258801,4.54471307750199
1.35940648935832,149.839322549325,4.35709225868025
540.797830372161,205.42587519241,4.16835533410689
32.2323358399277,492.470797248838,2.9997017531986
283.536451593461,24.6589083169405,3.9913294962422
532.082675949585,391.212835024578,3.1989468836624
79.7122494869246,78.8959328841019,5.30428556669585
2.42759979235653,77.5709105624332,3.35300124510928
589.151922314278,224.315723542089,3.90385813603627
445.072603359276,454.262574490345,4.81375619939149
659.311680538677,371.826299585104,3.2460836372486
100.914410353885,483.621504755748,4.30595799989574
628.080109632637,87.965116139887,4.07620856203126
422.127798697947,258.478183412049,3.65663271311814
10.2551190091467,181.106807739744,3.04162774098861
73.1807563025309,100.491226594972,4.47259739996263
613.496159549072,200.661058675801,4.35529095809422
254.265122095815,223.788078936879,3.72917076971335
579.783187149995,443.403510174436,3.89026548063659
303.558324291844,132.314265540061,3.87129903679057
529.617700297182,459.135608369168,3.45148119159935
46.2382496941751,427.823696752242,4.03112744607727
188.135099419013,283.10732789758,4.29940049742566
555.137758800643,257.594953344529,3.80472757375207
177.094453239418,43.9443471423532,3.91139180023582
496.391218141236,352.754416429079,4.60664987895863
38.3805228681688,56.5378187162066,3.63197293610509
526.344277084171,147.646288399419,4.8256483052652
NA,NA,NA
659.355828712222,332.909293095586,3.49712937002153
457.274158622893,296.927272638571,3.60819661768328
10.8643922528547,492.670031408607,3.64241925572166
563.248686208707,49.9992089416647,4.16816323725746
73.1154938186128,375.405397705555,3.93924418329583
231.89333680305,413.943069990911,3.93094589370231
426.83704804327,11.6956908390824,3.25614850006828
360.086155136978,291.109807361862,3.00446355133058
607.179157203086,102.133754643683,4.15967090289645
393.897193278295,228.792651059298,4.31214755525826
569.25359224322,410.05408948513,4.68170570701316
139.521011889137,287.123102582618,4.34121723638387
197.606736332077,370.032951138093,4.06858024010341
121.889097482262,409.276863096771,3.33194440287281
631.750098304167,311.53136258801,4.54471307750199
1.35940648935832,149.839322549325,4.35709225868025
540.797830372161,205.42587519241,4.16835533410689
32.2323358399277,492.470797248838,2.9997017531986
283.536451593461,24.6589083169405,3.9913294962422
532.082675949585,391.212835024578,3.1989468836624
79.7122494869246,78.8959328841019,5.30428556669585
2.42759979235653,77.5709105624332,3.35300124510928
589.151922314278,224.315723542089,3.90385813603627
445.072603359276,454.262574490345,4.81375619939149
659.311680538677,371.826299585104,3.2460836372486
100.914410353885,483.621504755748,4.30595799989574
628.080109632637,87.965116139887,4.07620856203126
422.127798697947,258.478183412049,3.65663271311814
10.2551190091467,181.106807739744,3.04162774098861
73.1807563025309,100.491226594972,4.47259739996263
613.496159549072,200.661058675801,4.35529095809422
254.265122095815,223.788078936879,3.72917076971335
579.783187149995,443.403510174436,3.89026548063659
303.558324291844,132.314265540061,3.87129903679057
529.617700297182,459.135608369168,3.45148119159935
46.2382496941751,427.823696752242,4.03112744607727
188.135099419013,283.10732789758,4.29940049742566
555.137758800643,257.594953344529,3.80472757375207
177.094453239418,43.9443471423532,3.91139180023582
496.391218141236,352.754416429079,4.60664987895863
38.3805228681688,56.5378187162066,3.63197293610509
526.344277084171,147.646288399419,4.8256483052652
NA,NA,NA
659.355828712222,332.909293095586,3.49712937002153
457.274158622893,296.927272638571,3.60819661768328
10.8643922528547,492.670031408607,3.64241925572166
563.248686208707,49.9992089416647,4.16816323725746
73.1154938186128,375.405397705555,3.93924418329583
231.89333680305,413.943069990911,3.93094589370231
426.83704804327,11.6956908390824,3.25614850006828
360.086155136978,291.109807361862,3.00446355133058
607.179157203086,102.133754643683,4.15967090289645
393.897193278295,228.792651059298,4.31214755525826
569.25359224322,410.05408948513,4.68170570701316
139.521011889137,287.123102582618,4.34121723638387
197.606736332077,370.032951138093,4.06858024010341
121.889097482262,409.276863096771,3.33194440287281
631.750098304167,311.53136258801,4.54471307750199
1.35940648935832,149.839322549325,4.35709225868025
540.797830372161,205.42587519241,4.16835533410689
32.2323358399277,492.470797248838,2.9997017531986
283.536451593461,24.6589083169405,3.9913294962422
532.082675949585,391.212835024578,3.1989468836624
79.7122494869246,78.8959328841019,5.30428556669585
2.42759979235653,77.5709105624332,3.35300124510928
589.151922314278,224.315723542089,3.90385813603627
445.072603359276,454.262574490345,4.81375619939149
659.311680538677,371.826299585104,3.2460836372486
100.914410353885,483.621504755748,4.30595799989574
628.080109632637,87.965116139887,4.07620856203126
422.127798697947,258.478183412049,3.65663271311814
10.2551190091467,181.106807739744,3.04162774098861
73.1807563025309,100.491226594972,4.47259739996263
613.496159549072,200.661058675801,4.35529095809422
254.265122095815,223.788078936879,3.72917076971335
579.783187149995,443.403510174436,3.89026548063659
303.558324291844,132.314265540061,3.87129903679057
529.617700297182,459.135608369168,3.45148119159935
46.2382496941751,427.823696752242,4.03112744607727
188.135099419013,283.10732789758,4.29940049742566
555.137758800643,257.594953344529,3.80472757375207
177.094453239418,43.9443471423532,3.91139180023582
496.391218141236,352.754416429079,4.60664987895863
38.3805228681688,56.5378187162066,3.63197293610509
526.344277084171,147.646288399419,4.8256483052652
NA,NA,NA
659.355828712222,332.909293095586,3.49712937002153
457.274158622893,296.927272638571,3.60819661768328
10.8643922528547,492.670031408607,3.64241925572166
563.248686208707,49.9992089416647,4.16816323725746
73.1154938186128,375.405397705555,3.93924418329583
231.89333680305,413.943069990911,3.93094589370231
426.83704804327,11.6956908390824,3.25614850006828
360.086155136978,291.109807361862,3.00446355133058
607.179157203086,102.133754643683,4.15967090289645
393.897193278295,228.792651059298,4.31214755525826
569.25359224322,410.05408948513,4.68170570701316
139.521011889137,287.123102582618,4.34121723638387
197.606736332077,370.032951138093,4.06858024010341
121.889097482262,409.276863096771,3.33194440287281
631.750098304167,311.53136258801,4.54471307750199
1.35940648935832,149.839322549325,4.35709225868025
540.797830372161,205.42587519241,4.16835533410689
32.2323358399277,492.470797248838,2.9997017531986
283.536451593461,24.6589083169405,3.9913294962422
532.082675949585,391.212835024578,3.1989468836624
79.7122494869246,78.8959328841019,5.30428556669585
2.42759979235653,77.5709105624332,3.35300124510928
589.151922314278,224.315723542089,3.90385813603627
445.072603359276,454.262574490345,4.81375619939149
659.311680538677,371.826299585104,3.2460836372486
100.914410353885,483.621504755748,4.30595799989574
628.080109632637,87.965116139887,4.07620856203126
422.127798697947,258.478183412049,3.65663271311814
10.2551190091467,181.106807739744,3.04162774098861
73.1807563025309,100.491226594972,4.47259739996263
613.496159549072,200.661058675801,4.35529095809422
254.265122095815,223.788078936879,3.72917076971335
579.783187149995,443.403510174436,3.89026548063659
303.558324291844,132.314265540061,3.87129903679057
529.617700297182,459.135608369168,3.45148119159935
46.2382496941751,427.823696752242,4.03112744607727
188.135099419013,283.10732789758,4.29940049742566
555.137758800643,257.594953344529,3.80472757375207
177.094453239418,43.9443471423532,3.91139180023582
496.391218141236,352.754416429079,4.60664987895863
38.3805228681688,56.5378187162066,3.63197293610509
526.344277084171,147.646288399419,4.8256483052652
NA,NA,NA
659.355828712222,332.909293095586,3.49712937002153
457.274158622893,296.927272638571,3.60819661768328
10.8643922528547,492.670031408607,3.64241925572166
563.248686208707,49.9992089416647,4.16816323725746
73.1154938186128,375.405397705555,3.93924418329583
231.89333680305,413.943069990911,3.93094589370231
426.83704804327,11.6956908390824,3.25614850006828
360.086155136978,291.109807361862,3.00446355133058
607.179157203086,102.133754643683,4.15967090289645
393.897193278295,228.792651059298,4.31214755525826
569.25359224322,410.05408948513,4.68170570701316
139.521011889137,287.123102582618,4.34121723638387
197.606736332077,370.032951138093,4.06858024010341
121.889097482262,409.276863096771,3.33194440287281
631.750098304167,311.53136258801,4.54471307750199
1.35940648935832,149.839322549325,4.35709225868025
540.797830372161,205.42587519241,4.16835533410689
32.2323358399277,492.470797248838,2.9997017531986
283.536451593461,24.6589083169405,3.9913294962422
532.082675949585,391.212835024578,3.1989468836624
79.7122494869246,78.8959328841019,5.30428556669585
2.42759979235653,77.5709105624332,3.35300124510928
589.151922314278,224.315723542089,3.90385813603627
445.072603359276,454.262574490345,4.81375619939149
659.311680538677,371.826299585104,3.2460836372486
100.914410353885,483.621504755748,4.30595799989574
628.080109632637,87.965116139887,4.07620856203126
422.127798697947,258.478183412049,3.65663271311814
10.2551190091467,181.106807739744,3.04162774098861
73.1807563025309,100.491226594972,4.47259739996263
613.496159549072,200.661058675801,4.35529095809422
254.265122095815,223.788078936879,3.72917076971335
579.783187149995,443.403510174436,3.89026548063659
303.558324291844,132.314265540061,3.87129903679057
529.617700297182,459.135608369168,3.45148119159935
46.2382496941751,427.823696752242,4.03112744607727
188.135099419013,283.10732789758,4.29940049742566
555.137758800643,257.594953344529,3.80472757375207
177.094453239418,43.9443471423532,3.91139180023582
496.391218141236,352.754416429079,4.60664987895863
38.3805228681688,56.5378187162066,3.63197293610509
526.344277084171,147.646288399419,4.8256483052652
NA,NA,NA
659.355828712222,332.909293095586,3.49712937002153
457.274158622893,296.927272638571,3.60819661768328
10.8643922528547,492.670031408607,3.64241925572166
563.248686208707,49.9992089416647,4.16816323725746
73.1154938186128,375.405397705555,3.93924418329583
231.89333680305,413.943069990911,3.93094589370231
426.83704804327,11.6956908390824,3.25614850006828
360.086155136978,291.109807361862,3.00446355133058
607.179157203086,102.133754643683,4.15967090289645
393.897193278295,228.792651059298,4.31214755525826
569.25359224322,410.05408948513,4.68170570701316
139.521011889137,287.123102582618,4.34121723638387
197.606736332077,370.032951138093,4.06858024010341
121.889097482262,409.276863096771,3.33194440287281
631.750098304167,311.53136258801,4.54471307750199
1.35940648935832,149.839322549325,4.35709225868025
540.797830372161,205.42587519241,4.16835533410689
32.2323358399277,492.470797248838,2.9997017531986
283.536451593461,24.6589083169405,3.9913294962422
532.082675949585,391.212835024578,3.1989468836624
79.7122494869246,78.8959328841019,5.30428556669585
2.42759979235653,77.5709105624332,3.35300124510928
589.151922314278,224.315723542089,3.90385813603627
445.072603359276,454.262574490345,4.81375619939149
659.311680538677,371.826299585104,3.2460836372486
100.914410353885,483.621504755748,4.30595799989574
628.080109632637,87.965116139887,4.07620856203126
422.127798697947,258.478183412049,3.65663271311814
10.2551190091467,181.106807739744,3.04162774098861
73.1807563025309,100.491226594972,4.47259739996263
613.496159549072,200.661058675801,4.35529095809422
254.265122095815,223.788078936879,3.72917076971335
579.783187149995,443.403510174436,3.89026548063659
303.558324291844,132.314265540061,3.87129903679057
529.617700297182,459.135608369168,3.45148119159935
46.2382496941751,427.823696752242,4.03112744607727
188.135099419013,283.10732789758,4.29940049742566
555.137758800643,257.594953344529,3.80472757375207
177.094453239418,43.9443471423532,3.91139180023582
496.391218141236,352.754416429079,4.60664987895863
38.3805228681688,56.5378187162066,3.63197293610509
526.344277084171,147.646288399419,4.8256483052652
NA,NA,NA
660.177199297658,336.374211723177,3.53919605142313
454.995071441381,298.014842750071,3.58529918589947
10.2156148021192,497.460943783094,3.38191519179033
559.225328393576,52.2853361306668,4.17793124239527
66.7408543579383,380.737820874727,3.96632502409427
227.330069154367,413.769260218953,3.963543317596
432.600921756513,13.1864618020854,3.32684513991058
362.855726440902,292.679717962603,2.95133084011799
602.091811957463,110.942996736974,4.03551037123944
393.805204373012,232.16857447345,4.3789024902703
574.174025320751,408.75034737916,4.68246607915193
139.410002420104,280.144092419292,4.51119807776393
201.643868353003,367.485600757418,4.01847547625877
128.125102673263,410.984550459922,3.322525963566
624.459509882188,310.937834244103,4.62715134431941
0.897991366499818,146.735553660651,4.30649044555254
540.416560459882,202.07922074229,4.24637744815641
35.8491725249814,489.951447282335,2.91231992594687
277.371725667802,27.3441200082932,3.85086889041556
532.598113855783,391.851145647596,3.3618922541464
79.3053653525178,83.497238943378,5.33845833065021
4.33264646760171,75.6888055412484,3.32725347114269
588.576173802432,227.294793489344,3.94774122517884
438.957751569478,466.630802189503,4.78778189922539
659.982127259791,373.403900674131,3.0790108304657
105.796995814121,488.676455455295,4.42155281316609
623.997571992204,94.6144675786107,4.07350885127649
416.521184615431,261.259440065161,3.62737921862131
12.2233361647091,180.035890278407,3.28915261076176
61.4760275988719,122.591671040051,4.28733250454528
596.783460309864,192.521298294078,4.14897839428751
244.721136260445,221.25326551091,3.84040944987527
574.218787169357,435.164374426776,3.72205392022049
303.925963426302,134.297980494085,3.91086810453979
528.116999273515,454.478380232251,3.6440008006009
52.6404424088477,428.128212009871,3.96169570385593
203.446046081127,277.895815463104,4.08376341002471
547.840597038592,274.392071194157,3.6450743065594
179.259815480444,28.8827853698601,4.5353646231332
501.028594376839,341.09236992849,4.63114706162682
30.2386956816351,43.7413965114729,3.57585692667178
530.202462586671,136.209323667693,4.48946487992196
NA,NA,NA
660.177199297658,336.374211723177,3.53919605142313
454.995071441381,298.014842750071,3.58529918589947
10.2156148021192,497.460943783094,3.38191519179033
559.225328393576,52.2853361306668,4.17793124239527
66.7408543579383,380.737820874727,3.96632502409427
227.330069154367,413.769260218953,3.963543317596
432.600921756513,13.1864618020854,3.32684513991058
362.855726440902,292.679717962603,2.95133084011799
602.091811957463,110.942996736974,4.03551037123944
393.805204373012,232.16857447345,4.3789024902703
574.174025320751,408.75034737916,4.68246607915193
139.410002420104,280.144092419292,4.51119807776393
201.643868353003,367.485600757418,4.01847547625877
128.125102673263,410.984550459922,3.322525963566
624.459509882188,310.937834244103,4.62715134431941
0.897991366499818,146.735553660651,4.30649044555254
540.416560459882,202.07922074229,4.24637744815641
35.8491725249814,489.951447282335,2.91231992594687
277.371725667802,27.3441200082932,3.85086889041556
532.598113855783,391.851145647596,3.3618922541464
79.3053653525178,83.497238943378,5.33845833065021
4.33264646760171,75.6888055412484,3.32725347114269
588.576173802432,227.294793489344,3.94774122517884
438.957751569478,466.630802189503,4.78778189922539
659.982127259791,373.403900674131,3.0790108304657
105.796995814121,488.676455455295,4.42155281316609
623.997571992204,94.6144675786107,4.07350885127649
416.521184615431,261.259440065161,3.62737921862131
12.2233361647091,180.035890278407,3.28915261076176
61.4760275988719,122.591671040051,4.28733250454528
596.783460309864,192.521298294078,4.14897839428751
244.721136260445,221.25326551091,3.84040944987527
574.218787169357,435.164374426776,3.72205392022049
303.925963426302,134.297980494085,3.91086810453979
528.116999273515,454.478380232251,3.6440008006009
52.6404424088477,428.128212009871,3.96169570385593
203.446046081127,277.895815463104,4.08376341002471
547.840597038592,274.392071194157,3.6450743065594
179.259815480444,28.8827853698601,4.5353646231332
501.028594376839,341.09236992849,4.63114706162682
30.2386956816351,43.7413965114729,3.57585692667178
530.202462586671,136.209323667693,4.48946487992196
NA,NA,NA
660.177199297658,336.374211723177,3.53919605142313
454.995071441381,298.014842750071,3.58529918589947
10.2156148021192,497.460943783094,3.38191519179033
559.225328393576,52.2853361306668,4.17793124239527
66.7408543579383,380.737820874727,3.96632502409427
227.330069154367,413.769260218953,3.963543317596
432.600921756513,13.1864618020854,3.32684513991058
362.855726440902,292.679717962603,2.95133084011799
602.091811957463,110.942996736974,4.03551037123944
393.805204373012,232.16857447345,4.3789024902703
574.174025320751,408.75034737916,4.68246607915193
139.410002420104,280.144092419292,4.51119807776393
201.643868353003,367.485600757418,4.01847547625877
128.125102673263,410.984550459922,3.322525963566
624.459509882188,310.937834244103,4.62715134431941
0.897991366499818,146.735553660651,4.30649044555254
540.416560459882,202.07922074229,4.24637744815641
35.8491725249814,489.951447282335,2.91231992594687
277.371725667802,27.3441200082932,3.85086889041556
532.598113855783,391.851145647596,3.3618922541464
79.3053653525178,83.497238943378,5.33845833065021
4.33264646760171,75.6888055412484,3.32725347114269
588.576173802432,227.294793489344,3.94774122517884
438.957751569478,466.630802189503,4.78778189922539
659.982127259791,373.403900674131,3.0790108304657
105.796995814121,488.676455455295,4.42155281316609
623.997571992204,94.6144675786107,4.07350885127649
416.521184615431,261.259440065161,3.62737921862131
12.2233361647091,180.035890278407,3.28915261076176
61.4760275988719,122.591671040051,4.28733250454528
596.783460309864,192.521298294078,4.14897839428751
244.721136260445,221.25326551091,3.84040944987527
574.218787169357,435.164374426776,3.72205392022049
303.925963426302,134.297980494085,3.91086810453979
528.116999273515,454.478380232251,3.6440008006009
52.6404424088477,428.128212009871,3.96169570385593
203.446046081127,277.895815463104,4.08376341002471
547.840597038592,274.392071194157,3.6450743065594
179.259815480444,28.8827853698601,4.5353646231332
501.028594376839,341.09236992849,4.63114706162682
30.2386956816351,43.7413965114729,3.57585692667178
530.202462586671,136.209323667693,4.48946487992196
NA,NA,NA
660.177199297658,336.374211723177,3.53919605142313
454.995071441381,298.014842750071,3.58529918589947
10.2156148021192,497.460943783094,3.38191519179033
559.225328393576,52.2853361306668,4.17793124239527
66.7408543579383,380.737820874727,3.96632502409427
227.330069154367,413.769260218953,3.963543317596
432.600921756513,13.1864618020854,3.32684513991058
362.855726440902,292.679717962603,2.95133084011799
602.091811957463,110.942996736974,4.03551037123944
393.805204373012,232.16857447345,4.3789024902703
574.174025320751,408.75034737916,4.68246607915193
139.410002420104,280.144092419292,4.51119807776393
201.643868353003,367.485600757418,4.01847547625877
128.125102673263,410.984550459922,3.322525963566
624.459509882188,310.937834244103,4.62715134431941
0.897991366499818,146.735553660651,4.30649044555254
540.416560459882,202.07922074229,4.24637744815641
35.8491725249814,489.951447282335,2.91231992594687
277.371725667802,27.3441200082932,3.85086889041556
532.598113855783,391.851145647596,3.3618922541464
79.3053653525178,83.497238943378,5.33845833065021
4.33264646760171,75.6888055412484,3.32725347114269
588.576173802432,227.294793489344,3.94774122517884
438.957751569478,466.630802189503,4.78778189922539
659.982127259791,373.403900674131,3.0790108304657
105.796995814121,488.676455455295,4.42155281316609
623.997571992204,94.6144675786107,4.07350885127649
416.521184615431,261.259440065161,3.62737921862131
12.2233361647091,180.035890278407,3.28915261076176
61.4760275988719,122.591671040051,4.28733250454528
596.783460309864,192.521298294078,4.14897839428751
244.721136260445,221.25326551091,3.84040944987527
574.218787169357,435.164374426776,3.72205392022049
303.925963426302,134.297980494085,3.91086810453979
528.116999273515,454.478380232251,3.6440008006009
52.6404424088477,428.128212009871,3.96169570385593
203.446046081127,277.895815463104,4.08376341002471
547.840597038592,274.392071194157,3.6450743065594
179.259815480444,28.8827853698601,4.5353646231332
501.028594376839,341.09236992849,4.63114706162682
30.2386956816351,43.7413965114729,3.57585692667178
530.202462586671,136.209323667693,4.48946487992196
NA,NA,NA
660.177199297658,336.374211723177,3.53919605142313
454.995071441381,298.014842750071,3.58529918589947
10.2156148021192,497.460943783094,3.38191519179033
559.225328393576,52.2853361306668,4.17793124239527
66.7408543579383,380.737820874727,3.96632502409427
227.330069154367,413.769260218953,3.963543317596
432.600921756513,13.1864618020854,3.32684513991058
362.855726440902,292.679717962603,2.95133084011799
602.091811957463,110.942996736974,4.03551037123944
393.805204373012,232.16857447345,4.3789024902703
574.174025320751,408.75034737916,4.68246607915193
139.410002420104,280.144092419292,4.51119807776393
201.643868353003,367.485600757418,4.01847547625877
128.125102673263,410.984550459922,3.322525963566
624.459509882188,310.937834244103,4.62715134431941
0.897991366499818,146.735553660651,4.30649044555254
540.416560459882,202.07922074229,4.24637744815641
35.8491725249814,489.951447282335,2.91231992594687
277.371725667802,27.3441200082932,3.85086889041556
532.598113855783,391.851145647596,3.3618922541464
79.3053653525178,83.497238943378,5.33845833065021
4.33264646760171,75.6888055412484,3.32725347114269
588.576173802432,227.294793489344,3.94774122517884
438.957751569478,466.630802189503,4.78778189922539
659.982127259791,373.403900674131,3.0790108304657
105.796995814121,488.676455455295,4.42155281316609
623.997571992204,94.6144675786107,4.07350885127649
416.521184615431,261.259440065161,3.62737921862131
12.2233361647091,180.035890278407,3.28915261076176
61.4760275988719,122.591671040051,4.28733250454528
596.783460309864,192.521298294078,4.14897839428751
244.721136260445,221.25326551091,3.84040944987527
574.218787169357,435.164374426776,3.72205392022049
303.925963426302,134.297980494085,3.91086810453979
528.116999273515,454.478380232251,3.6440008006009
52.6404424088477,428.128212009871,3.96169570385593
203.446046081127,277.895815463104,4.08376341002471
547.840597038592,274.392071194157,3.6450743065594
179.259815480444,28.8827853698601,4.5353646231332
501.028594376839,341.09236992849,4.63114706162682
30.2386956816351,43.7413965114729,3.57585692667178
530.202462586671,136.209323667693,4.48946487992196
NA,NA,NA
660.177199297658,336.374211723177,3.53919605142313
454.995071441381,298.014842750071,3.58529918589947
10.2156148021192,497.460943783094,3.38191519179033
559.225328393576,52.2853361306668,4.17793124239527
66.7408543579383,380.737820874727,3.96632502409427
227.330069154367,413.769260218953,3.963543317596
432.600921756513,13.1864618020854,3.32684513991058
362.855726440902,292.679717962603,2.95133084011799
602.091811957463,110.942996736974,4.03551037123944
393.805204373012,232.16857447345,4.3789024902703
574.174025320751,408.75034737916,4.68246607915193
139.410002420104,280.144092419292,4.51119807776393
201.643868353003,367.485600757418,4.01847547625877
128.125102673263,410.984550459922,3.322525963566
624.459509882188,310.937834244103,4.62715134431941
0.897991366499818,146.735553660651,4.30649044555254
540.416560459882,202.07922074229,4.24637744815641
35.8491725249814,489.951447282335,2.91231992594687
277.371725667802,27.3441200082932,3.85086889041556
532.598113855783,391.851145647596,3.3618922541464
79.3053653525178,83.497238943378,5.33845833065021
4.33264646760171,75.6888055412484,3.32725347114269
588.576173802432,227.294793489344,3.94774122517884
438.957751569478,466.630802189503,4.78778189922539
659.982127259791,373.403900674131,3.0790108304657
105.796995814121,488.676455455295,4.42155281316609
623.997571992204,94.6144675786107,4.07350885127649
416.521184615431,261.259440065161,3.62737921862131
12.2233361647091,180.035890278407,3.28915261076176
61.4760275988719,122.591671040051,4.28733250454528
596.783460309864,192.521298294078,4.14897839428751
244.721136260445,221.25326551091,3.84040944987527
574.218787169357,435.164374426776,3.72205392022049
303.925963426302,134.297980494085,3.91086810453979
528.116999273515,454.478380232251,3.6440008006009
52.6404424088477,428.128212009871,3.96169570385593
203.446046081127,277.895815463104,4.08376341002471
547.840597038592,274.392071194157,3.6450743065594
179.259815480444,28.8827853698601,4.5353646231332
501.028594376839,341.09236992849,4.63114706162682
30.2386956816351,43.7413965114729,3.57585692667178
530.202462586671,136.209323667693,4.48946487992196
NA,NA,NA
663.370239584806,337.92607876704,3.56162070105512
460.579381076886,300.660706704418,3.60331374053447
11.4585926588398,494.319170258403,3.33732923168962
562.308580038519,51.6252300378861,4.06606660659538
70.9785434139087,373.12686784403,3.97755833792693
227.242993586622,411.136941107087,3.84460168549028
430.344960600446,9.46211186291563,3.40221667840809
363.311712995034,293.572842612569,2.96816326274097
605.067466863543,106.80080274192,4.19876276987526
392.474968170738,227.133530491072,4.24076031590362
573.175603871305,408.298721171116,4.78942476263144
141.703643235249,283.342614074145,4.5566448173821
201.300224072637,367.906698403061,3.9686014478446
124.099198721956,413.169985277063,3.4043791421375
626.476283891101,308.658846032648,4.63366006818924
1.89935257889161,149.05379949565,4.27633241173055
545.611899110339,206.519123911238,3.96558987046971
33.1435325533591,490.344822889251,2.82501453155656
283.46958674805,23.3520068094656,3.89643483672721
533.915223213193,391.825709562053,3.46156611577679
77.3681507588327,73.8155065102536,5.22842017939592
4.75007252283346,77.110403752349,3.42402063985473
586.914026345813,226.54527458112,4.1343869026951
442.809571939297,459.285041897864,4.80149830490446
660.891507621782,374.474612434587,3.05766579151514
100.145297083854,488.19478672169,4.3538699321603
624.320787175001,93.7692153670469,4.07148033144782
416.590224488009,259.855274351014,3.64950768497442
12.6472551572761,182.514310641502,3.38092804370732
65.3270210284726,118.109100709018,4.68417400562353
614.086553694622,197.06514831748,4.20105472216453
255.108803433738,215.998338644136,3.80377144398104
577.634474286318,440.695638931936,3.91319398743213
297.948873319822,130.750282061681,3.99757978469026
535.92530139719,458.525808992445,3.5792756193875
40.9536480358268,421.279085526385,4.03906049245698
198.416388206697,286.20834427581,4.18415495778998
554.009896703402,261.553715668066,3.87783790458843
178.556162578016,24.3947892643892,4.66966509332857
497.932620674193,350.072748394623,4.52244869851877
37.2513488767937,60.4200287060873,3.90267619163778
522.446004430001,148.655533027691,4.35079100937187
NA,NA,NA
663.370239584806,337.92607876704,3.56162070105512
460.579381076886,300.660706704418,3.60331374053447
11.4585926588398,494.319170258403,3.33732923168962
562.308580038519,51.6252300378861,4.06606660659538
70.9785434139087,373.12686784403,3.97755833792693
227.242993586622,411.136941107087,3.84460168549028
430.344960600446,9.46211186291563,3.40221667840809
363.311712995034,293.572842612569,2.96816326274097
605.067466863543,106.80080274192,4.19876276987526
392.474968170738,227.133530491072,4.24076031590362
573.175603871305,408.298721171116,4.78942476263144
141.703643235249,283.342614074145,4.5566448173821
201.300224072637,367.906698403061,3.9686014478446
124.099198721956,413.169985277063,3.4043791421375
626.476283891101,308.658846032648,4.63366006818924
1.89935257889161,149.05379949565,4.27633241173055
545.611899110339,206.519123911238,3.96558987046971
33.1435325533591,490.344822889251,2.82501453155656
283.46958674805,23.3520068094656,3.89643483672721
533.915223213193,391.825709562053,3.46156611577679
77.3681507588327,73.8155065102536,5.22842017939592
4.75007252283346,77.110403752349,3.42402063985473
586.914026345813,226.54527458112,4.1343869026951
442.809571939297,459.285041897864,4.80149830490446
660.891507621782,374.474612434587,3.05766579151514
100.145297083854,488.19478672169,4.3538699321603
624.320787175001,93.7692153670469,4.07148033144782
416.590224488009,259.855274351014,3.64950768497442
12.6472551572761,182.514310641502,3.38092804370732
65.3270210284726,118.109100709018,4.68417400562353
614.086553694622,197.06514831748,4.20105472216453
255.108803433738,215.998338644136,3.80377144398104
577.634474286318,440.695638931936,3.91319398743213
297.948873319822,130.750282061681,3.99757978469026
535.92530139719,458.525808992445,3.5792756193875
40.9536480358268,421.279085526385,4.03906049245698
198.416388206697,286.20834427581,4.18415495778998
554.009896703402,261.553715668066,3.87783790458843
178.556162578016,24.3947892643892,4.66966509332857
497.932620674193,350.072748394623,4.52244869851877
37.2513488767937,60.4200287060873,3.90267619163778
522.446004430001,148.655533027691,4.35079100937187
NA,NA,NA
663.370239584806,337.92607876704,3.56162070105512
460.579381076886,300.660706704418,3.60331374053447
11.4585926588398,494.319170258403,3.33732923168962
562.308580038519,51.6252300378861,4.06606660659538
70.9785434139087,373.12686784403,3.97755833792693
227.242993586622,411.136941107087,3.84460168549028
430.344960600446,9.46211186291563,3.40221667840809
363.311712995034,293.572842612569,2.96816326274097
605.067466863543,106.80080274192,4.19876276987526
392.474968170738,227.133530491072,4.24076031590362
573.175603871305,408.298721171116,4.78942476263144
141.703643235249,283.342614074145,4.5566448173821
201.300224072637,367.906698403061,3.9686014478446
124.099198721956,413.169985277063,3.4043791421375
626.476283891101,308.658846032648,4.63366006818924
1.89935257889161,149.05379949565,4.27633241173055
545.611899110339,206.519123911238,3.96558987046971
33.1435325533591,490.344822889251,2.82501453155656
283.46958674805,23.3520068094656,3.89643483672721
533.915223213193,391.825709562053,3.46156611577679
77.3681507588327,73.8155065102536,5.22842017939592
4.75007252283346,77.110403752349,3.42402063985473
586.914026345813,226.54527458112,4.1343869026951
442.809571939297,459.285041897864,4.80149830490446
660.891507621782,374.474612434587,3.05766579151514
100.145297083854,488.19478672169,4.3538699321603
624.320787175001,93.7692153670469,4.07148033144782
416.590224488009,259.855274351014,3.64950768497442
12.6472551572761,182.514310641502,3.38092804370732
65.3270210284726,118.109100709018,4.68417400562353
614.086553694622,197.06514831748,4.20105472216453
255.108803433738,215.998338644136,3.80377144398104
577.634474286318,440.695638931936,3.91319398743213
297.948873319822,130.750282061681,3.99757978469026
535.92530139719,458.525808992445,3.5792756193875
40.9536480358268,421.279085526385,4.03906049245698
198.416388206697,286.20834427581,4.18415495778998
554.009896703402,261.553715668066,3.87783790458843
178.556162578016,24.3947892643892,4.66966509332857
497.932620674193,350.072748394623,4.52244869851877
37.2513488767937,60.4200287060873,3.90267619163778
522.446004430001,148.655533027691,4.35079100937187
NA,NA,NA
663.370239584806,337.92607876704,3.56162070105512
460.579381076886,300.660706704418,3.60331374053447
11.4585926588398,494.319170258403,3.33732923168962
562.308580038519,51.6252300378861,4.06606660659538
70.9785434139087,373.12686784403,3.97755833792693
227.242993586622,411.136941107087,3.84460168549028
430.344960600446,9.46211186291563,3.40221667840809
363.311712995034,293.572842612569,2.96816326274097
605.067466863543,106.80080274192,4.19876276987526
392.474968170738,227.133530491072,4.24076031590362
573.175603871305,408.298721171116,4.78942476263144
141.703643235249,283.342614074145,4.5566448173821
201.300224072637,367.906698403061,3.9686014478446
124.099198721956,413.169985277063,3.4043791421375
626.476283891101,308.658846032648,4.63366006818924
1.89935257889161,149.05379949565,4.27633241173055
545.611899110339,206.519123911238,3.96558987046971
33.1435325533591,490.344822889251,2.82501453155656
283.46958674805,23.3520068094656,3.89643483672721
533.915223213193,391.825709562053,3.46156611577679
77.3681507588327,73.8155065102536,5.22842017939592
4.75007252283346,77.110403752349,3.42402063985473
586.914026345813,226.54527458112,4.1343869026951
442.809571939297,459.285041897864,4.80149830490446
660.891507621782,374.474612434587,3.05766579151514
100.145297083854,488.19478672169,4.3538699321603
624.320787175001,93.7692153670469,4.07148033144782
416.590224488009,259.855274351014,3.64950768497442
12.6472551572761,182.514310641502,3.38092804370732
65.3270210284726,118.109100709018,4.68417400562353
614.086553694622,197.06514831748,4.20105472216453
255.108803433738,215.998338644136,3.80377144398104
577.634474286318,440.695638931936,3.91319398743213
297.948873319822,130.750282061681,3.99757978469026
535.92530139719,458.525808992445,3.5792756193875
40.9536480358268,421.279085526385,4.03906049245698
198.416388206697,286.20834427581,4.18415495778998
554.009896703402,261.553715668066,3.87783790458843
178.556162578016,24.3947892643892,4.66966509332857
497.932620674193,350.072748394623,4.52244869851877
37.2513488767937,60.4200287060873,3.90267619163778
522.446004430001,148.655533027691,4.35079100937187
NA,NA,NA
663.370239584806,337.92607876704,3.56162070105512
460.579381076886,300.660706704418,3.60331374053447
11.4585926588398,494.319170258403,3.33732923168962
562.308580038519,51.6252300378861,4.06606660659538
70.9785434139087,373.12686784403,3.97755833792693
227.242993586622,411.136941107087,3.84460168549028
430.344960600446,9.46211186291563,3.40221667840809
363.311712995034,293.572842612569,2.96816326274097
605.067466863543,106.80080274192,4.19876276987526
392.474968170738,227.133530491072,4.24076031590362
573.175603871305,408.298721171116,4.78942476263144
141.703643235249,283.342614074145,4.5566448173821
201.300224072637,367.906698403061,3.9686014478446
124.099198721956,413.169985277063,3.4043791421375
626.476283891101,308.658846032648,4.63366006818924
1.89935257889161,149.05379949565,4.27633241173055
545.611899110339,206.519123911238,3.96558987046971
33.1435325533591,490.344822889251,2.82501453155656
283.46958674805,23.3520068094656,3.89643483672721
533.915223213193,391.825709562053,3.46156611577679
77.3681507588327,73.8155065102536,5.22842017939592
4.75007252283346,77.110403752349,3.42402063985473
586.914026345813,226.54527458112,4.1343869026951
442.809571939297,459.285041897864,4.80149830490446
660.891507621782,374.474612434587,3.05766579151514
100.145297083854,488.19478672169,4.3538699321603
624.320787175001,93.7692153670469,4.07148033144782
416.590224488009,259.855274351014,3.64950768497442
12.6472551572761,182.514310641502,3.38092804370732
65.3270210284726,118.109100709018,4.68417400562353
614.086553694622,197.06514831748,4.20105472216453
255.108803433738,215.998338644136,3.80377144398104
577.634474286318,440.695638931936,3.91319398743213
297.948873319822,130.750282061681,3.99757978469026
535.92530139719,458.525808992445,3.5792756193875
40.9536480358268,421.279085526385,4.03906049245698
198.416388206697,286.20834427581,4.18415495778998
554.009896703402,261.553715668066,3.87783790458843
178.556162578016,24.3947892643892,4.66966509332857
497.932620674193,350.072748394623,4.52244869851877
37.2513488767937,60.4200287060873,3.90267619163778
522.446004430001,148.655533027691,4.35079100937187
NA,NA,NA
663.370239584806,337.92607876704,3.56162070105512
460.579381076886,300.660706704418,3.60331374053447
11.4585926588398,494.319170258403,3.33732923168962
562.308580038519,51.6252300378861,4.06606660659538
70.9785434139087,373.12686784403,3.97755833792693
227.242993586622,411.136941107087,3.84460168549028
430.344960600446,9.46211186291563,3.40221667840809
363.311712995034,293.572842612569,2.96816326274097
605.067466863543,106.80080274192,4.19876276987526
392.474968170738,227.133530491072,4.24076031590362
573.175603871305,408.298721171116,4.78942476263144
141.703643235249,283.342614074145,4.5566448173821
201.300224072637,367.906698403061,3.9686014478446
124.099198721956,413.169985277063,3.4043791421375
626.476283891101,308.658846032648,4.63366006818924
1.89935257889161,149.05379949565,4.27633241173055
545.611899110339,206.519123911238,3.96558987046971
33.1435325533591,490.344822889251,2.82501453155656
283.46958674805,23.3520068094656,3.89643483672721
533.915223213193,391.825709562053,3.46156611577679
77.3681507588327,73.8155065102536,5.22842017939592
4.75007252283346,77.110403752349,3.42402063985473
586.914026345813,226.54527458112,4.1343869026951
442.809571939297,459.285041897864,4.80149830490446
660.891507621782,374.474612434587,3.05766579151514
100.145297083854,488.19478672169,4.3538699321603
624.320787175001,93.7692153670469,4.07148033144782
416.590224488009,259.855274351014,3.64950768497442
12.6472551572761,182.514310641502,3.38092804370732
65.3270210284726,118.109100709018,4.68417400562353
614.086553694622,197.06514831748,4.20105472216453
255.108803433738,215.998338644136,3.80377144398104
577.634474286318,440.695638931936,3.91319398743213
297.948873319822,130.750282061681,3.99757978469026
535.92530139719,458.525808992445,3.5792756193875
40.9536480358268,421.279085526385,4.03906049245698
198.416388206697,286.20834427581,4.18415495778998
554.009896703402,261.553715668066,3.87783790458843
178.556162578016,24.3947892643892,4.66966509332857
497.932620674193,350.072748394623,4.52244869851877
37.2513488767937,60.4200287060873,3.90267619163778
522.446004430001,148.655533027691,4.35079100937187
NA,NA,NA
662.436976653564,333.270755517809,3.48881211054656
455.587281659217,300.988044746088,3.634551580477
7.91599209647203,493.640820401265,3.53834295127163
562.403266169073,51.7117036093161,4.21205164623824
70.8001605023553,378.79993656256,3.93668488650728
231.977248690277,412.373711367192,3.8905968252962
428.674290444383,15.0256694875514,3.38462211080946
364.034344003605,293.538778515601,2.97962116866109
603.784682218153,99.720279481442,4.18290656051516
395.211016728412,234.057709307205,4.20376019281035
566.468707579722,410.854161013052,4.67576377069189
147.918146724011,279.561101639064,4.55506930211889
198.026209266214,373.573798994817,4.01995773028594
125.509949803554,414.439913097313,3.49769439287739
629.100855109565,317.912319514739,4.65775417040808
-3.8097749502334,152.644220847649,4.31579917689817
545.639404681285,203.662911368664,4.211882869526
35.6340941139536,491.172005519884,2.88408259798782
283.409554589048,22.3746810223103,3.91949869459956
533.910064731544,393.485973649238,3.56194876672019
80.3672310734513,77.3641091776474,5.20981578427579
2.80640116023711,74.4002211571251,3.57937161985544
589.871948846193,225.193163099157,4.0345749465303
438.363923972105,459.943337111608,4.73592718813078
658.593842985538,373.779159791997,3.05638685253841
97.6807680685217,487.201379184223,4.33504326506819
620.064607940687,90.7411443396931,4.0528317240063
420.209287325629,260.577511025553,3.69598427988416
11.951530884219,181.226187999169,3.31591363277744
64.188970724576,111.061781604817,4.48269298385053
616.772784041716,193.45070992431,4.34952060723078
254.483928654372,221.337620320237,3.97903609317918
577.185922403561,428.912649003151,3.99790364955153
297.40097271439,136.813718702669,3.87641789997046
529.236354935513,456.795287219913,3.61818432092156
40.594961205206,419.345127489159,3.85804759765875
200.033332853097,299.946614736529,4.08597491173723
567.997701086572,267.439843619947,3.85417344994594
184.069172819601,30.6309901485607,4.37303334058416
503.879415551447,353.76005148975,4.43748381297428
43.2365576602261,45.368663260564,3.46573596471019
521.158133315663,160.329791987107,4.31155927531875
NA,NA,NA
662.436976653564,333.270755517809,3.48881211054656
455.587281659217,300.988044746088,3.634551580477
7.91599209647203,493.640820401265,3.53834295127163
562.403266169073,51.7117036093161,4.21205164623824
70.8001605023553,378.79993656256,3.93668488650728
231.977248690277,412.373711367192,3.8905968252962
428.674290444383,15.0256694875514,3.38462211080946
364.034344003605,293.538778515601,2.97962116866109
603.784682218153,99.720279481442,4.18290656051516
395.211016728412,234.057709307205,4.20376019281035
566.468707579722,410.854161013052,4.67576377069189
147.918146724011,279.561101639064,4.55506930211889
198.026209266214,373.573798994817,4.01995773028594
125.509949803554,414.439913097313,3.49769439287739
629.100855109565,317.912319514739,4.65775417040808
-3.8097749502334,152.644220847649,4.31579917689817
545.639404681285,203.662911368664,4.211882869526
35.6340941139536,491.172005519884,2.88408259798782
283.409554589048,22.3746810223103,3.91949869459956
533.910064731544,393.485973649238,3.56194876672019
80.3672310734513,77.3641091776474,5.20981578427579
2.80640116023711,74.4002211571251,3.57937161985544
589.871948846193,225.193163099157,4.0345749465303
438.363923972105,459.943337111608,4.73592718813078
658.593842985538,373.779159791997,3.05638685253841
97.6807680685217,487.201379184223,4.33504326506819
620.064607940687,90.7411443396931,4.0528317240063
420.209287325629,260.577511025553,3.69598427988416
11.951530884219,181.226187999169,3.31591363277744
64.188970724576,111.061781604817,4.48269298385053
616.772784041716,193.45070992431,4.34952060723078
254.483928654372,221.337620320237,3.97903609317918
577.185922403561,428.912649003151,3.99790364955153
297.40097271439,136.813718702669,3.87641789997046
529.236354935513,456.795287219913,3.61818432092156
40.594961205206,419.345127489159,3.85804759765875
200.033332853097,299.946614736529,4.08597491173723
567.997701086572,267.439843619947,3.85417344994594
184.069172819601,30.6309901485607,4.37303334058416
503.879415551447,353.76005148975,4.43748381297428
43.2365576602261,45.368663260564,3.46573596471019
521.158133315663,160.329791987107,4.31155927531875
NA,NA,NA
662.436976653564,333.270755517809,3.48881211054656
455.587281659217,300.988044746088,3.634551580477
7.91599209647203,493.640820401265,3.53834295127163
562.403266169073,51.7117036093161,4.21205164623824
70.8001605023553,378.79993656256,3.93668488650728
231.977248690277,412.373711367192,3.8905968252962
428.674290444383,15.0256694875514,3.38462211080946
364.034344003605,293.538778515601,2.97962116866109
603.784682218153,99.720279481442,4.18290656051516
395.211016728412,234.057709307205,4.20376019281035
566.468707579722,410.854161013052,4.67576377069189
147.918146724011,279.561101639064,4.55506930211889
198.026209266214,373.573798994817,4.01995773028594
125.509949803554,414.439913097313,3.49769439287739
629.100855109565,317.912319514739,4.65775417040808
-3.8097749502334,152.644220847649,4.31579917689817
545.639404681285,203.662911368664,4.211882869526
35.6340941139536,491.172005519884,2.88408259798782
283.409554589048,22.3746810223103,3.91949869459956
533.910064731544,393.485973649238,3.56194876672019
80.3672310734513,77.3641091776474,5.20981578427579
2.80640116023711,74.4002211571251,3.57937161985544
589.871948846193,225.193163099157,4.0345749465303
438.363923972105,459.943337111608,4.73592718813078
658.593842985538,373.779159791997,3.05638685253841
97.6807680685217,487.201379184223,4.33504326506819
620.064607940687,90.7411443396931,4.0528317240063
420.209287325629,260.577511025553,3.69598427988416
11.951530884219,181.226187999169,3.31591363277744
64.188970724576,111.061781604817,4.48269298385053
616.772784041716,193.45070992431,4.34952060723078
254.483928654372,221.337620320237,3.97903609317918
577.185922403561,428.912649003151,3.99790364955153
297.40097271439,136.813718702669,3.87641789997046
529.236354935513,456.795287219913,3.61818432092156
40.594961205206,419.345127489159,3.85804759765875
200.033332853097,299.946614736529,4.08597491173723
567.997701086572,267.439843619947,3.85417344994594
184.069172819601,30.6309901485607,4.37303334058416
503.879415551447,353.76005148975,4.43748381297428
43.2365576602261,45.368663260564,3.46573596471019
521.158133315663,160.329791987107,4.31155927531875
NA,NA,NA
662.436976653564,333.270755517809,3.48881211054656
455.587281659217,300.988044746088,3.634551580477
7.91599209647203,493.640820401265,3.53834295127163
562.403266169073,51.7117036093161,4.21205164623824
70.8001605023553,378.79993656256,3.93668488650728
231.977248690277,412.373711367192,3.8905968252962
428.674290444383,15.0256694875514,3.38462211080946
364.034344003605,293.538778515601,2.97962116866109
603.784682218153,99.720279481442,4.18290656051516
395.211016728412,234.057709307205,4.20376019281035
566.468707579722,410.854161013052,4.67576377069189
147.918146724011,279.561101639064,4.55506930211889
198.026209266214,373.573798994817,4.01995773028594
125.509949803554,414.439913097313,3.49769439287739
629.100855109565,317.912319514739,4.65775417040808
-3.8097749502334,152.644220847649,4.31579917689817
545.639404681285,203.662911368664,4.211882869526
35.6340941139536,491.172005519884,2.88408259798782
283.409554589048,22.3746810223103,3.91949869459956
533.910064731544,393.485973649238,3.56194876672019
80.3672310734513,77.3641091776474,5.20981578427579
2.80640116023711,74.4002211571251,3.57937161985544
589.871948846193,225.193163099157,4.0345749465303
438.363923972105,459.943337111608,4.73592718813078
658.593842985538,373.779159791997,3.05638685253841
97.6807680685217,487.201379184223,4.33504326506819
620.064607940687,90.7411443396931,4.0528317240063
420.209287325629,260.577511025553,3.69598427988416
11.951530884219,181.226187999169,3.31591363277744
64.188970724576,111.061781604817,4.48269298385053
616.772784041716,193.45070992431,4.34952060723078
254.483928654372,221.337620320237,3.97903609317918
577.185922403561,428.912649003151,3.99790364955153
297.40097271439,136.813718702669,3.87641789997046
529.236354935513,456.795287219913,3.61818432092156
40.594961205206,419.345127489159,3.85804759765875
200.033332853097,299.946614736529,4.08597491173723
567.997701086572,267.439843619947,3.85417344994594
184.069172819601,30.6309901485607,4.37303334058416
503.879415551447,353.76005148975,4.43748381297428
43.2365576602261,45.368663260564,3.46573596471019
521.158133315663,160.329791987107,4.31155927531875
NA,NA,NA
662.436976653564,333.270755517809,3.48881211054656
455.587281659217,300.988044746088,3.634551580477
7.91599209647203,493.640820401265,3.53834295127163
562.403266169073,51.7117036093161,4.21205164623824
70.8001605023553,378.79993656256,3.93668488650728
231.977248690277,412.373711367192,3.8905968252962
428.674290444383,15.0256694875514,3.38462211080946
364.034344003605,293.538778515601,2.97962116866109
603.784682218153,99.720279481442,4.18290656051516
395.211016728412,234.057709307205,4.20376019281035
566.468707579722,410.854161013052,4.67576377069189
147.918146724011,279.561101639064,4.55506930211889
198.026209266214,373.573798994817,4.01995773028594
125.509949803554,414.439913097313,3.49769439287739
629.100855109565,317.912319514739,4.65775417040808
-3.8097749502334,152.644220847649,4.31579917689817
545.639404681285,203.662911368664,4.211882869526
35.6340941139536,491.172005519884,2.88408259798782
283.409554589048,22.3746810223103,3.91949869459956
533.910064731544,393.485973649238,3.56194876672019
80.3672310734513,77.3641091776474,5.20981578427579
2.80640116023711,74.4002211571251,3.57937161985544
589.871948846193,225.193163099157,4.0345749465303
438.363923972105,459.943337111608,4.73592718813078
658.593842985538,373.779159791997,3.05638685253841
97.6807680685217,487.201379184223,4.33504326506819
620.064607940687,90.7411443396931,4.0528317240063
420.209287325629,260.577511025553,3.69598427988416
11.951530884219,181.226187999169,3.31591363277744
64.188970724576,111.061781604817,4.48269298385053
616.772784041716,193.45070992431,4.34952060723078
254.483928654372,221.337620320237,3.97903609317918
577.185922403561,428.912649003151,3.99790364955153
297.40097271439,136.813718702669,3.87641789997046
529.236354935513,456.795287219913,3.61818432092156
40.594961205206,419.345127489159,3.85804759765875
200.033332853097,299.946614736529,4.08597491173723
567.997701086572,267.439843619947,3.85417344994594
184.069172819601,30.6309901485607,4.37303334058416
503.879415551447,353.76005148975,4.43748381297428
43.2365576602261,45.368663260564,3.46573596471019
521.158133315663,160.329791987107,4.31155927531875
NA,NA,NA
662.436976653564,333.270755517809,3.48881211054656
455.587281659217,300.988044746088,3.634551580477
7.91599209647203,493.640820401265,3.53834295127163
562.403266169073,51.7117036093161,4.21205164623824
70.8001605023553,378.79993656256,3.93668488650728
231.977248690277,412.373711367192,3.8905968252962
428.674290444383,15.0256694875514,3.38462211080946
364.034344003605,293.538778515601,2.97962116866109
603.784682218153,99.720279481442,4.18290656051516
395.211016728412,234.057709307205,4.20376019281035
566.468707579722,410.854161013052,4.67576377069189
147.918146724011,279.561101639064,4.55506930211889
198.026209266214,373.573798994817,4.01995773028594
125.509949803554,414.439913097313,3.49769439287739
629.100855109565,317.912319514739,4.65775417040808
-3.8097749502334,152.644220847649,4.31579917689817
545.639404681285,203.662911368664,4.211882869526
35.6340941139536,491.172005519884,2.88408259798782
283.409554589048,22.3746810223103,3.91949869459956
533.910064731544,393.485973649238,3.56194876672019
80.3672310734513,77.3641091776474,5.20981578427579
2.80640116023711,74.4002211571251,3.57937161985544
589.871948846193,225.193163099157,4.0345749465303
438.363923972105,459.943337111608,4.73592718813078
658.593842985538,373.779159791997,3.05638685253841
97.6807680685217,487.201379184223,4.33504326506819
620.064607940687,90.7411443396931,4.0528317240063
420.209287325629,260.577511025553,3.69598427988416
11.951530884219,181.226187999169,3.31591363277744
64.188970724576,111.061781604817,4.48269298385053
616.772784041716,193.45070992431,4.34952060723078
254.483928654372,221.337620320237,3.97903609317918
577.185922403561,428.912649003151,3.99790364955153
297.40097271439,136.813718702669,3.87641789997046
529.236354935513,456.795287219913,3.61818432092156
40.594961205206,419.345127489159,3.85804759765875
200.033332853097,299.946614736529,4.08597491173723
567.997701086572,267.439843619947,3.85417344994594
184.069172819601,30.6309901485607,4.37303334058416
503.879415551447,353.76005148975,4.43748381297428
43.2365576602261,45.368663260564,3.46573596471019
521.158133315663,160.329791987107,4.31155927531875
NA,NA,NA
658.998151202214,335.063214516571,3.52407458751732
455.397486660055,299.02956111365,3.5759252424751
9.77206138824849,497.036371369432,3.74918065195463
562.652736846346,53.5373199572567,4.20145124935556
73.8013547406488,376.515986725361,3.91134338163498
226.942964057187,412.130340490615,3.92349196485398
429.130918293096,11.7019703432527,3.35416596597384
361.680061810942,292.302195999254,2.99175325896866
606.84532469279,111.990461214438,4.35081932624295
390.804794409,228.175464940472,4.26118120747632
568.502208360355,405.630412252768,4.77169665734101
137.82901062551,280.681247282173,4.59040696858119
196.117365501472,368.974207006766,4.05297139079907
125.656554781711,408.529797082752,3.50118652194568
628.606953371979,315.302879525757,4.4549894236212
-0.959120448948808,149.894534425429,4.29314527667174
546.437356748813,206.941119780895,4.25723544025749
35.0745490013174,491.042910470579,2.97006368339605
283.521649834867,20.8047695982763,3.90444208046295
531.477618441526,394.744674375651,3.41258912640353
73.7233079948895,82.1585935283615,5.13433566842808
3.0700737850691,75.2883651282277,3.52056381769976
582.449654233542,229.236779407017,4.02447645061549
440.669893108208,462.663976376116,4.79237586421242
658.549604907407,372.694691055804,3.14736010002789
107.280327928784,486.703333603869,4.39104424220396
622.723036559405,90.2602679603295,4.12059262362721
418.945333883301,258.674757716372,3.61388194340432
13.8242697787443,185.379852089598,3.05682673952279
67.6186487983558,122.840781964161,4.54132892714912
624.161036273872,212.368608056515,4.10979023510426
258.273742168187,209.567843804835,3.66122866871326
566.282019972715,435.917861876452,3.63553037304369
297.637500269711,137.512936198697,3.97988227392444
533.334745163219,458.401682284243,3.53982880767576
52.5358244320103,414.043505473111,3.57025712318548
187.898792383164,282.392762428449,3.79032478060913
547.665609291279,263.532071254531,3.71534260890822
171.008178384276,29.4406102313767,4.20964743293033
509.954624575557,345.083807628704,4.54912500608556
29.6188009521617,46.9346722758722,3.70709748154321
538.911026234609,161.861683203441,4.66669834728254
NA,NA,NA
658.998151202214,335.063214516571,3.52407458751732
455.397486660055,299.02956111365,3.5759252424751
9.77206138824849,497.036371369432,3.74918065195463
562.652736846346,53.5373199572567,4.20145124935556
73.8013547406488,376.515986725361,3.91134338163498
226.942964057187,412.130340490615,3.92349196485398
429.130918293096,11.7019703432527,3.35416596597384
361.680061810942,292.302195999254,2.99175325896866
606.84532469279,111.990461214438,4.35081932624295
390.804794409,228.175464940472,4.26118120747632
568.502208360355,405.630412252768,4.77169665734101
137.82901062551,280.681247282173,4.59040696858119
196.117365501472,368.974207006766,4.05297139079907
125.656554781711,408.529797082752,3.50118652194568
628.606953371979,315.302879525757,4.4549894236212
-0.959120448948808,149.894534425429,4.29314527667174
546.437356748813,206.941119780895,4.25723544025749
35.0745490013174,491.042910470579,2.97006368339605
283.521649834867,20.8047695982763,3.90444208046295
531.477618441526,394.744674375651,3.41258912640353
73.7233079948895,82.1585935283615,5.13433566842808
3.0700737850691,75.2883651282277,3.52056381769976
582.449654233542,229.236779407017,4.02447645061549
440.669893108208,462.663976376116,4.79237586421242
658.549604907407,372.694691055804,3.14736010002789
107.280327928784,486.703333603869,4.39104424220396
622.723036559405,90.2602679603295,4.12059262362721
418.945333883301,258.674757716372,3.61388194340432
13.8242697787443,185.379852089598,3.05682673952279
67.6186487983558,122.840781964161,4.54132892714912
624.161036273872,212.368608056515,4.10979023510426
258.273742168187,209.567843804835,3.66122866871326
566.282019972715,435.917861876452,3.63553037304369
297.637500269711,137.512936198697,3.97988227392444
533.334745163219,458.401682284243,3.53982880767576
52.5358244320103,414.043505473111,3.57025712318548
187.898792383164,282.392762428449,3.79032478060913
547.665609291279,263.532071254531,3.71534260890822
171.008178384276,29.4406102313767,4.20964743293033
509.954624575557,345.083807628704,4.54912500608556
29.6188009521617,46.9346722758722,3.70709748154321
538.911026234609,161.861683203441,4.66669834728254
NA,NA,NA
658.998151202214,335.063214516571,3.52407458751732
455.397486660055,299.02956111365,3.5759252424751
9.77206138824849,497.036371369432,3.74918065195463
562.652736846346,53.5373199572567,4.20145124935556
73.8013547406488,376.515986725361,3.91134338163498
226.942964057187,412.130340490615,3.92349196485398
429.130918293096,11.7019703432527,3.35416596597384
361.680061810942,292.302195999254,2.99175325896866
606.84532469279,111.990461214438,4.35081932624295
390.804794409,228.175464940472,4.26118120747632
568.502208360355,405.630412252768,4.77169665734101
137.82901062551,280.681247282173,4.59040696858119
196.117365501472,368.974207006766,4.05297139079907
125.656554781711,408.529797082752,3.50118652194568
628.606953371979,315.302879525757,4.4549894236212
-0.959120448948808,149.894534425429,4.29314527667174
546.437356748813,206.941119780895,4.25723544025749
35.0745490013174,491.042910470579,2.97006368339605
283.521649834867,20.8047695982763,3.90444208046295
531.477618441526,394.744674375651,3.41258912640353
73.7233079948895,82.1585935283615,5.13433566842808
3.0700737850691,75.2883651282277,3.52056381769976
582.449654233542,229.236779407017,4.02447645061549
440.669893108208,462.663976376116,4.79237586421242
658.549604907407,372.694691055804,3.14736010002789
107.280327928784,486.703333603869,4.39104424220396
622.723036559405,90.2602679603295,4.12059262362721
418.945333883301,258.674757716372,3.61388194340432
13.8242697787443,185.379852089598,3.05682673952279
67.6186487983558,122.840781964161,4.54132892714912
624.161036273872,212.368608056515,4.10979023510426
258.273742168187,209.567843804835,3.66122866871326
566.282019972715,435.917861876452,3.63553037304369
297.637500269711,137.512936198697,3.97988227392444
533.334745163219,458.401682284243,3.53982880767576
52.5358244320103,414.043505473111,3.57025712318548
187.898792383164,282.392762428449,3.79032478060913
547.665609291279,263.532071254531,3.71534260890822
171.008178384276,29.4406102313767,4.20964743293033
509.954624575557,345.083807628704,4.54912500608556
29.6188009521617,46.9346722758722,3.70709748154321
538.911026234609,161.861683203441,4.66669834728254
NA,NA,NA
658.998151202214,335.063214516571,3.52407458751732
455.397486660055,299.02956111365,3.5759252424751
9.77206138824849,497.036371369432,3.74918065195463
562.652736846346,53.5373199572567,4.20145124935556
73.8013547406488,376.515986725361,3.91134338163498
226.942964057187,412.130340490615,3.92349196485398
429.130918293096,11.7019703432527,3.35416596597384
361.680061810942,292.302195999254,2.99175325896866
606.84532469279,111.990461214438,4.35081932624295
390.804794409,228.175464940472,4.26118120747632
568.502208360355,405.630412252768,4.77169665734101
137.82901062551,280.681247282173,4.59040696858119
196.117365501472,368.974207006766,4.05297139079907
125.656554781711,408.529797082752,3.50118652194568
628.606953371979,315.302879525757,4.4549894236212
-0.959120448948808,149.894534425429,4.29314527667174
546.437356748813,206.941119780895,4.25723544025749
35.0745490013174,491.042910470579,2.97006368339605
283.521649834867,20.8047695982763,3.90444208046295
531.477618441526,394.744674375651,3.41258912640353
73.7233079948895,82.1585935283615,5.13433566842808
3.0700737850691,75.2883651282277,3.52056381769976
582.449654233542,229.236779407017,4.02447645061549
440.669893108208,462.663976376116,4.79237586421242
658.549604907407,372.694691055804,3.14736010002789
107.280327928784,486.703333603869,4.39104424220396
622.723036559405,90.2602679603295,4.12059262362721
418.945333883301,258.674757716372,3.61388194340432
13.8242697787443,185.379852089598,3.05682673952279
67.6186487983558,122.840781964161,4.54132892714912
624.161036273872,212.368608056515,4.10979023510426
258.273742168187,209.567843804835,3.66122866871326
566.282019972715,435.917861876452,3.63553037304369
297.637500269711,137.512936198697,3.97988227392444
533.334745163219,458.401682284243,3.53982880767576
52.5358244320103,414.043505473111,3.57025712318548
187.898792383164,282.392762428449,3.79032478060913
547.665609291279,263.532071254531,3.71534260890822
171.008178384276,29.4406102313767,4.20964743293033
509.954624575557,345.083807628704,4.54912500608556
29.6188009521617,46.9346722758722,3.70709748154321
538.911026234609,161.861683203441,4.66669834728254
NA,NA,NA
658.998151202214,335.063214516571,3.52407458751732
455.397486660055,299.02956111365,3.5759252424751
9.77206138824849,497.036371369432,3.74918065195463
562.652736846346,53.5373199572567,4.20145124935556
73.8013547406488,376.515986725361,3.91134338163498
226.942964057187,412.130340490615,3.92349196485398
429.130918293096,11.7019703432527,3.35416596597384
361.680061810942,292.302195999254,2.99175325896866
606.84532469279,111.990461214438,4.35081932624295
390.804794409,228.175464940472,4.26118120747632
568.502208360355,405.630412252768,4.77169665734101
137.82901062551,280.681247282173,4.59040696858119
196.117365501472,368.974207006766,4.05297139079907
125.656554781711,408.529797082752,3.50118652194568
628.606953371979,315.302879525757,4.4549894236212
-0.959120448948808,149.894534425429,4.29314527667174
546.437356748813,206.941119780895,4.25723544025749
35.0745490013174,491.042910470579,2.97006368339605
283.521649834867,20.8047695982763,3.90444208046295
531.477618441526,394.744674375651,3.41258912640353
73.7233079948895,82.1585935283615,5.13433566842808
3.0700737850691,75.2883651282277,3.52056381769976
582.449654233542,229.236779407017,4.02447645061549
440.669893108208,462.663976376116,4.79237586421242
658.549604907407,372.694691055804,3.14736010002789
107.280327928784,486.703333603869,4.39104424220396
622.723036559405,90.2602679603295,4.12059262362721
418.945333883301,258.674757716372,3.61388194340432
13.8242697787443,185.379852089598,3.05682673952279
67.6186487983558,122.840781964161,4.54132892714912
624.161036273872,212.368608056515,4.10979023510426
258.273742168187,209.567843804835,3.66122866871326
566.282019972715,435.917861876452,3.63553037304369
297.637500269711,137.512936198697,3.97988227392444
533.334745163219,458.401682284243,3.53982880767576
52.5358244320103,414.043505473111,3.57025712318548
187.898792383164,282.392762428449,3.79032478060913
547.665609291279,263.532071254531,3.71534260890822
171.008178384276,29.4406102313767,4.20964743293033
509.954624575557,345.083807628704,4.54912500608556
29.6188009521617,46.9346722758722,3.70709748154321
538.911026234609,161.861683203441,4.66669834728254
NA,NA,NA
658.998151202214,335.063214516571,3.52407458751732
455.397486660055,299.02956111365,3.5759252424751
9.77206138824849,497.036371369432,3.74918065195463
562.652736846346,53.5373199572567,4.20145124935556
73.8013547406488,376.515986725361,3.91134338163498
226.942964057187,412.130340490615,3.92349196485398
429.130918293096,11.7019703432527,3.35416596597384
361.680061810942,292.302195999254,2.99175325896866
606.84532469279,111.990461214438,4.35081932624295
390.804794409,228.175464940472,4.26118120747632
568.502208360355,405.630412252768,4.77169665734101
137.82901062551,280.681247282173,4.59040696858119
196.117365501472,368.974207006766,4.05297139079907
125.656554781711,408.529797082752,3.50118652194568
628.606953371979,315.302879525757,4.4549894236212
-0.959120448948808,149.894534425429,4.29314527667174
546.437356748813,206.941119780895,4.25723544025749
35.0745490013174,491.042910470579,2.97006368339605
283.521649834867,20.8047695982763,3.90444208046295
531.477618441526,394.744674375651,3.41258912640353
73.7233079948895,82.1585935283615,5.13433566842808
3.0700737850691,75.2883651282277,3.52056381769976
582.449654233542,229.236779407017,4.02447645061549
440.669893108208,462.663976376116,4.79237586421242
658.549604907407,372.694691055804,3.14736010002789
107.280327928784,486.703333603869,4.39104424220396
622.723036559405,90.2602679603295,4.12059262362721
418.945333883301,258.674757716372,3.61388194340432
13.8242697787443,185.379852089598,3.05682673952279
67.6186487983558,122.840781964161,4.54132892714912
624.161036273872,212.368608056515,4.10979023510426
258.273742168187,209.567843804835,3.66122866871326
566.282019972715,435.917861876452,3.63553037304369
297.637500269711,137.512936198697,3.97988227392444
533.334745163219,458.401682284243,3.53982880767576
52.5358244320103,414.043505473111,3.57025712318548
187.898792383164,282.392762428449,3.79032478060913
547.665609291279,263.532071254531,3.71534260890822
171.008178384276,29.4406102313767,4.20964743293033
509.954624575557,345.083807628704,4.54912500608556
29.6188009521617,46.9346722758722,3.70709748154321
538.911026234609,161.861683203441,4.66669834728254
NA,NA,NA
663.751502434455,332.42526843829,3.42547076481442
457.292318237075,298.085645170223,3.6527500359681
14.2013922492354,492.967212169959,3.83575732810691
557.819761527793,53.9178600334796,3.9901662308964
69.3316459751357,377.658370236367,3.9847304013326
227.973835976611,415.002672515848,3.83566607560593
430.047676727149,13.4798524244242,3.21034204752733
360.855748231679,291.099939546801,3.04236555381925
603.448085072187,102.729052329937,4.12556064515518
393.768657435757,230.934790009162,4.25717461401037
571.870057009201,411.430989241669,4.69469865677158
140.631215132144,280.363145848506,4.49898497664883
197.69532894919,369.011596629335,4.08406416211171
128.070701416919,407.555909027677,3.41159056584744
633.830002552981,308.440409522255,4.52253213249067
-3.7380769230034,144.799489439322,4.23567159886433
539.587439252735,204.36442959574,4.23316951411117
34.0669158303716,491.340024557344,3.01137405178056
281.683421833485,21.6591165920205,3.91545275752859
533.293676495623,388.237801529942,3.33226739086659
83.9643814488458,74.4349238394735,5.2630176572888
3.28660441218034,79.7490679979191,3.55992305432633
584.315916666203,227.311686542522,4.03453992592238
438.785639888345,460.156671187795,4.80856911206272
658.634033281684,374.874976914119,3.06885144423816
107.681572597293,483.849022933973,4.31539950765076
628.440965402261,93.6309108729432,4.09665920060511
420.954161377122,257.797917828776,3.62867082753996
11.5795321437339,180.715076435616,3.30471799114852
86.6904165955364,109.222044125368,4.8214358073069
605.272218182734,197.935938201779,4.46033655255282
254.777012074937,217.399264982977,3.93067790923019
574.768506972463,433.577144373009,3.65211359578578
299.047963146192,142.444919906527,3.81465078229658
538.226235552621,456.321027296545,3.37764224161358
48.3751437415448,413.727830217858,3.93783479985494
208.095587357527,291.467423046164,3.69137792795118
543.275288500941,264.294171873448,3.80818160732913
158.982801459599,35.6969497603465,4.27832818450814
505.854849616622,349.363777277045,4.47458464306856
35.3325749383454,45.8396401394183,3.89272062221828
530.359802168967,142.973192277903,4.83188958561584
NA,NA,NA
663.751502434455,332.42526843829,3.42547076481442
457.292318237075,298.085645170223,3.6527500359681
14.2013922492354,492.967212169959,3.83575732810691
557.819761527793,53.9178600334796,3.9901662308964
69.3316459751357,377.658370236367,3.9847304013326
227.973835976611,415.002672515848,3.83566607560593
430.047676727149,13.4798524244242,3.21034204752733
360.855748231679,291.099939546801,3.04236555381925
603.448085072187,102.729052329937,4.12556064515518
393.768657435757,230.934790009162,4.25717461401037
571.870057009201,411.430989241669,4.69469865677158
140.631215132144,280.363145848506,4.49898497664883
197.69532894919,369.011596629335,4.08406416211171
128.070701416919,407.555909027677,3.41159056584744
633.830002552981,308.440409522255,4.52253213249067
-3.7380769230034,144.799489439322,4.23567159886433
539.587439252735,204.36442959574,4.23316951411117
34.0669158303716,491.340024557344,3.01137405178056
281.683421833485,21.6591165920205,3.91545275752859
533.293676495623,388.237801529942,3.33226739086659
83.9643814488458,74.4349238394735,5.2630176572888
3.28660441218034,79.7490679979191,3.55992305432633
584.315916666203,227.311686542522,4.03453992592238
438.785639888345,460.156671187795,4.80856911206272
658.634033281684,374.874976914119,3.06885144423816
107.681572597293,483.849022933973,4.31539950765076
628.440965402261,93.6309108729432,4.09665920060511
420.954161377122,257.797917828776,3.62867082753996
11.5795321437339,180.715076435616,3.30471799114852
86.6904165955364,109.222044125368,4.8214358073069
605.272218182734,197.935938201779,4.46033655255282
254.777012074937,217.399264982977,3.93067790923019
574.768506972463,433.577144373009,3.65211359578578
299.047963146192,142.444919906527,3.81465078229658
538.226235552621,456.321027296545,3.37764224161358
48.3751437415448,413.727830217858,3.93783479985494
208.095587357527,291.467423046164,3.69137792795118
543.275288500941,264.294171873448,3.80818160732913
158.982801459599,35.6969497603465,4.27832818450814
505.854849616622,349.363777277045,4.47458464306856
35.3325749383454,45.8396401394183,3.89272062221828
530.359802168967,142.973192277903,4.83188958561584
NA,NA,NA
663.751502434455,332.42526843829,3.42547076481442
457.292318237075,298.085645170223,3.6527500359681
14.2013922492354,492.967212169959,3.83575732810691
557.819761527793,53.9178600334796,3.9901662308964
69.3316459751357,377.658370236367,3.9847304013326
227.973835976611,415.002672515848,3.83566607560593
430.047676727149,13.4798524244242,3.21034204752733
360.855748231679,291.099939546801,3.04236555381925
603.448085072187,102.729052329937,4.12556064515518
393.768657435757,230.934790009162,4.25717461401037
571.870057009201,411.430989241669,4.69469865677158
140.631215132144,280.363145848506,4.49898497664883
197.69532894919,369.011596629335,4.08406416211171
128.070701416919,407.555909027677,3.41159056584744
633.830002552981,308.440409522255,4.52253213249067
-3.7380769230034,144.799489439322,4.23567159886433
539.587439252735,204.36442959574,4.23316951411117
34.0669158303716,491.340024557344,3.01137405178056
281.683421833485,21.6591165920205,3.91545275752859
533.293676495623,388.237801529942,3.33226739086659
83.9643814488458,74.4349238394735,5.2630176572888
3.28660441218034,79.7490679979191,3.55992305432633
584.315916666203,227.311686542522,4.03453992592238
438.785639888345,460.156671187795,4.80856911206272
658.634033281684,374.874976914119,3.06885144423816
107.681572597293,483.849022933973,4.31539950765076
628.440965402261,93.6309108729432,4.09665920060511
420.954161377122,257.797917828776,3.62867082753996
11.5795321437339,180.715076435616,3.30471799114852
86.6904165955364,109.222044125368,4.8214358073069
605.272218182734,197.935938201779,4.46033655255282
254.777012074937,217.399264982977,3.93067790923019
574.768506972463,433.577144373009,3.65211359578578
299.047963146192,142.444919906527,3.81465078229658
538.226235552621,456.321027296545,3.37764224161358
48.3751437415448,413.727830217858,3.93783479985494
208.095587357527,291.467423046164,3.69137792795118
543.275288500941,264.294171873448,3.80818160732913
158.982801459599,35.6969497603465,4.27832818450814
505.854849616622,349.363777277045,4.47458464306856
35.3325749383454,45.8396401394183,3.89272062221828
530.359802168967,142.973192277903,4.83188958561584
NA,NA,NA
663.751502434455,332.42526843829,3.42547076481442
457.292318237075,298.085645170223,3.6527500359681
14.2013922492354,492.967212169959,3.83575732810691
557.819761527793,53.9178600334796,3.9901662308964
69.3316459751357,377.658370236367,3.9847304013326
227.973835976611,415.002672515848,3.83566607560593
430.047676727149,13.4798524244242,3.21034204752733
360.855748231679,291.099939546801,3.04236555381925
603.448085072187,102.729052329937,4.12556064515518
393.768657435757,230.934790009162,4.25717461401037
571.870057009201,411.430989241669,4.69469865677158
140.631215132144,280.363145848506,4.49898497664883
197.69532894919,369.011596629335,4.08406416211171
128.070701416919,407.555909027677,3.41159056584744
633.830002552981,308.440409522255,4.52253213249067
-3.7380769230034,144.799489439322,4.23567159886433
539.587439252735,204.36442959574,4.23316951411117
34.0669158303716,491.340024557344,3.01137405178056
281.683421833485,21.6591165920205,3.91545275752859
533.293676495623,388.237801529942,3.33226739086659
83.9643814488458,74.4349238394735,5.2630176572888
3.28660441218034,79.7490679979191,3.55992305432633
584.315916666203,227.311686542522,4.03453992592238
438.785639888345,460.156671187795,4.80856911206272
658.634033281684,374.874976914119,3.06885144423816
107.681572597293,483.849022933973,4.31539950765076
628.440965402261,93.6309108729432,4.09665920060511
420.954161377122,257.797917828776,3.62867082753996
11.5795321437339,180.715076435616,3.30471799114852
86.6904165955364,109.222044125368,4.8214358073069
605.272218182734,197.935938201779,4.46033655255282
254.777012074937,217.399264982977,3.93067790923019
574.768506972463,433.577144373009,3.65211359578578
299.047963146192,142.444919906527,3.81465078229658
538.226235552621,456.321027296545,3.37764224161358
48.3751437415448,413.727830217858,3.93783479985494
208.095587357527,291.467423046164,3.69137792795118
543.275288500941,264.294171873448,3.80818160732913
158.982801459599,35.6969497603465,4.27832818450814
505.854849616622,349.363777277045,4.47458464306856
35.3325749383454,45.8396401394183,3.89272062221828
530.359802168967,142.973192277903,4.83188958561584
NA,NA,NA
663.751502434455,332.42526843829,3.42547076481442
457.292318237075,298.085645170223,3.6527500359681
14.2013922492354,492.967212169959,3.83575732810691
557.819761527793,53.9178600334796,3.9901662308964
69.3316459751357,377.658370236367,3.9847304013326
227.973835976611,415.002672515848,3.83566607560593
430.047676727149,13.4798524244242,3.21034204752733
360.855748231679,291.099939546801,3.04236555381925
603.448085072187,102.729052329937,4.12556064515518
393.768657435757,230.934790009162,4.25717461401037
571.870057009201,411.430989241669,4.69469865677158
140.631215132144,280.363145848506,4.49898497664883
197.69532894919,369.011596629335,4.08406416211171
128.070701416919,407.555909027677,3.41159056584744
633.830002552981,308.440409522255,4.52253213249067
-3.7380769230034,144.799489439322,4.23567159886433
539.587439252735,204.36442959574,4.23316951411117
34.0669158303716,491.340024557344,3.01137405178056
281.683421833485,21.6591165920205,3.91545275752859
533.293676495623,388.237801529942,3.33226739086659
83.9643814488458,74.4349238394735,5.2630176572888
3.28660441218034,79.7490679979191,3.55992305432633
584.315916666203,227.311686542522,4.03453992592238
438.785639888345,460.156671187795,4.80856911206272
658.634033281684,374.874976914119,3.06885144423816
107.681572597293,483.849022933973,4.31539950765076
628.440965402261,93.6309108729432,4.09665920060511
420.954161377122,257.797917828776,3.62867082753996
11.5795321437339,180.715076435616,3.30471799114852
86.6904165955364,109.222044125368,4.8214358073069
605.272218182734,197.935938201779,4.46033655255282
254.777012074937,217.399264982977,3.93067790923019
574.768506972463,433.577144373009,3.65211359578578
299.047963146192,142.444919906527,3.81465078229658
538.226235552621,456.321027296545,3.37764224161358
48.3751437415448,413.727830217858,3.93783479985494
208.095587357527,291.467423046164,3.69137792795118
543.275288500941,264.294171873448,3.80818160732913
158.982801459599,35.6969497603465,4.27832818450814
505.854849616622,349.363777277045,4.47458464306856
35.3325749383454,45.8396401394183,3.89272062221828
530.359802168967,142.973192277903,4.83188958561584
NA,NA,NA
663.751502434455,332.42526843829,3.42547076481442
457.292318237075,298.085645170223,3.6527500359681
14.2013922492354,492.967212169959,3.83575732810691
557.819761527793,53.9178600334796,3.9901662308964
69.3316459751357,377.658370236367,3.9847304013326
227.973835976611,415.002672515848,3.83566607560593
430.047676727149,13.4798524244242,3.21034204752733
360.855748231679,291.099939546801,3.04236555381925
603.448085072187,102.729052329937,4.12556064515518
393.768657435757,230.934790009162,4.25717461401037
571.870057009201,411.430989241669,4.69469865677158
140.631215132144,280.363145848506,4.49898497664883
197.69532894919,369.011596629335,4.08406416211171
128.070701416919,407.555909027677,3.41159056584744
633.830002552981,308.440409522255,4.52253213249067
-3.7380769230034,144.799489439322,4.23567159886433
539.587439252735,204.36442959574,4.23316951411117
34.0669158303716,491.340024557344,3.01137405178056
281.683421833485,21.6591165920205,3.91545275752859
533.293676495623,388.237801529942,3.33226739086659
83.9643814488458,74.4349238394735,5.2630176572888
3.28660441218034,79.7490679979191,3.55992305432633
584.315916666203,227.311686542522,4.03453992592238
438.785639888345,460.156671187795,4.80856911206272
658.634033281684,374.874976914119,3.06885144423816
107.681572597293,483.849022933973,4.31539950765076
628.440965402261,93.6309108729432,4.09665920060511
420.954161377122,257.797917828776,3.62867082753996
11.5795321437339,180.715076435616,3.30471799114852
86.6904165955364,109.222044125368,4.8214358073069
605.272218182734,197.935938201779,4.46033655255282
254.777012074937,217.399264982977,3.93067790923019
574.768506972463,433.577144373009,3.65211359578578
299.047963146192,142.444919906527,3.81465078229658
538.226235552621,456.321027296545,3.37764224161358
48.3751437415448,413.727830217858,3.93783479985494
208.095587357527,291.467423046164,3.69137792795118
543.275288500941,264.294171873448,3.80818160732913
158.982801459599,35.6969497603465,4.27832818450814
505.854849616622,349.363777277045,4.47458464306856
35.3325749383454,45.8396401394183,3.89272062221828
530.359802168967,142.973192277903,4.83188958561584
NA,NA,NA
660.578364289317,331.671191719439,3.53517262286704
454.628020805793,296.879374444904,3.59135224485835
9.51568716409826,493.646374959584,3.73702968712922
561.611075104168,45.9761933575569,4.23598910550202
76.7252276611154,373.636810182204,3.96098257387881
227.73703705949,410.570810305212,3.83685861811252
432.491475963367,12.2862301943783,3.44773908665718
362.85827468194,294.496205863893,2.94658674018386
602.742740896194,104.872102759429,4.32597587486896
394.586340810097,231.181126241167,4.17368804173352
565.621058258981,412.935957456739,4.73052092070955
141.280944035796,286.984898530639,4.78705298391815
195.343480043068,368.653258318735,3.96016711857446
124.271957313117,411.28124617919,3.42853837511557
627.802784298154,312.29636074951,4.40914962885773
-0.583474629283999,147.579685683472,4.34966104895503
544.004971735612,198.910189305527,4.14721465996716
33.9340855437594,494.579770841392,2.99865633582721
276.457479466642,23.4398271506333,4.03483844176614
534.501404527475,394.62026414686,3.29131755042516
77.232905764503,79.3222268522465,5.27513331179904
4.61204512793527,77.9103801029995,3.46968657429995
587.805709363858,227.64477935957,4.1065265463859
448.416200527958,457.210087262804,4.75014543914609
661.151987987276,372.906683943205,3.07168341086592
106.297537898289,483.75110571634,4.40641592795573
621.047698169083,90.8758058217502,4.02029821385526
420.352597186764,257.608028052163,3.64673970409376
10.6263572204922,182.101651377915,3.30662440027959
76.0060284294305,129.493318087872,4.36661020798588
612.767965951671,190.160025267095,4.27500420150721
257.506525623513,221.822475716414,3.72507538670785
576.570353676953,434.826366390958,3.68041427915712
299.312500127286,135.561819534754,3.85862830817773
537.173988804362,455.800556214829,3.44650451586942
52.6061526429534,418.200859416671,3.72118148209063
196.775907319089,289.659738859547,4.14708110576679
546.156392106071,258.254198265125,3.70910250455118
167.567682133611,27.6932810012125,4.81973989107126
504.17971234308,350.478487904581,4.49279193858196
31.2620015846217,48.6678439369846,3.81693108732896
527.243475380605,138.087038698475,4.87141828566169
NA,NA,NA
660.578364289317,331.671191719439,3.53517262286704
454.628020805793,296.879374444904,3.59135224485835
9.51568716409826,493.646374959584,3.73702968712922
561.611075104168,45.9761933575569,4.23598910550202
76.7252276611154,373.636810182204,3.96098257387881
227.73703705949,410.570810305212,3.83685861811252
432.491475963367,12.2862301943783,3.44773908665718
362.85827468194,294.496205863893,2.94658674018386
602.742740896194,104.872102759429,4.32597587486896
394.586340810097,231.181126241167,4.17368804173352
565.621058258981,412.935957456739,4.73052092070955
141.280944035796,286.984898530639,4.78705298391815
195.343480043068,368.653258318735,3.96016711857446
124.271957313117,411.28124617919,3.42853837511557
627.802784298154,312.29636074951,4.40914962885773
-0.583474629283999,147.579685683472,4.34966104895503
544.004971735612,198.910189305527,4.14721465996716
33.9340855437594,494.579770841392,2.99865633582721
276.457479466642,23.4398271506333,4.03483844176614
534.501404527475,394.62026414686,3.29131755042516
77.232905764503,79.3222268522465,5.27513331179904
4.61204512793527,77.9103801029995,3.46968657429995
587.805709363858,227.64477935957,4.1065265463859
448.416200527958,457.210087262804,4.75014543914609
661.151987987276,372.906683943205,3.07168341086592
106.297537898289,483.75110571634,4.40641592795573
621.047698169083,90.8758058217502,4.02029821385526
420.352597186764,257.608028052163,3.64673970409376
10.6263572204922,182.101651377915,3.30662440027959
76.0060284294305,129.493318087872,4.36661020798588
612.767965951671,190.160025267095,4.27500420150721
257.506525623513,221.822475716414,3.72507538670785
576.570353676953,434.826366390958,3.68041427915712
299.312500127286,135.561819534754,3.85862830817773
537.173988804362,455.800556214829,3.44650451586942
52.6061526429534,418.200859416671,3.72118148209063
196.775907319089,289.659738859547,4.14708110576679
546.156392106071,258.254198265125,3.70910250455118
167.567682133611,27.6932810012125,4.81973989107126
504.17971234308,350.478487904581,4.49279193858196
31.2620015846217,48.6678439369846,3.81693108732896
527.243475380605,138.087038698475,4.87141828566169
NA,NA,NA
660.578364289317,331.671191719439,3.53517262286704
454.628020805793,296.879374444904,3.59135224485835
9.51568716409826,493.646374959584,3.73702968712922
561.611075104168,45.9761933575569,4.23598910550202
76.7252276611154,373.636810182204,3.96098257387881
227.73703705949,410.570810305212,3.83685861811252
432.491475963367,12.2862301943783,3.44773908665718
362.85827468194,294.496205863893,2.94658674018386
602.742740896194,104.872102759429,4.32597587486896
394.586340810097,231.181126241167,4.17368804173352
565.621058258981,412.935957456739,4.73052092070955
141.280944035796,286.984898530639,4.78705298391815
195.343480043068,368.653258318735,3.96016711857446
124.271957313117,411.28124617919,3.42853837511557
627.802784298154,312.29636074951,4.40914962885773
-0.583474629283999,147.579685683472,4.34966104895503
544.004971735612,198.910189305527,4.14721465996716
33.9340855437594,494.579770841392,2.99865633582721
276.457479466642,23.4398271506333,4.03483844176614
534.501404527475,394.62026414686,3.29131755042516
77.232905764503,79.3222268522465,5.27513331179904
4.61204512793527,77.9103801029995,3.46968657429995
587.805709363858,227.64477935957,4.1065265463859
448.416200527958,457.210087262804,4.75014543914609
661.151987987276,372.906683943205,3.07168341086592
106.297537898289,483.75110571634,4.40641592795573
621.047698169083,90.8758058217502,4.02029821385526
420.352597186764,257.608028052163,3.64673970409376
10.6263572204922,182.101651377915,3.30662440027959
76.0060284294305,129.493318087872,4.36661020798588
612.767965951671,190.160025267095,4.27500420150721
257.506525623513,221.822475716414,3.72507538670785
576.570353676953,434.826366390958,3.68041427915712
299.312500127286,135.561819534754,3.85862830817773
537.173988804362,455.800556214829,3.44650451586942
52.6061526429534,418.200859416671,3.72118148209063
196.775907319089,289.659738859547,4.14708110576679
546.156392106071,258.254198265125,3.70910250455118
167.567682133611,27.6932810012125,4.81973989107126
504.17971234308,350.478487904581,4.49279193858196
31.2620015846217,48.6678439369846,3.81693108732896
527.243475380605,138.087038698475,4.87141828566169
NA,NA,NA
660.578364289317,331.671191719439,3.53517262286704
454.628020805793,296.879374444904,3.59135224485835
9.51568716409826,493.646374959584,3.73702968712922
561.611075104168,45.9761933575569,4.23598910550202
76.7252276611154,373.636810182204,3.96098257387881
227.73703705949,410.570810305212,3.83685861811252
432.491475963367,12.2862301943783,3.44773908665718
362.85827468194,294.496205863893,2.94658674018386
602.742740896194,104.872102759429,4.32597587486896
394.586340810097,231.181126241167,4.17368804173352
565.621058258981,412.935957456739,4.73052092070955
141.280944035796,286.984898530639,4.78705298391815
195.343480043068,368.653258318735,3.96016711857446
124.271957313117,411.28124617919,3.42853837511557
627.802784298154,312.29636074951,4.40914962885773
-0.583474629283999,147.579685683472,4.34966104895503
544.004971735612,198.910189305527,4.14721465996716
33.9340855437594,494.579770841392,2.99865633582721
276.457479466642,23.4398271506333,4.03483844176614
534.501404527475,394.62026414686,3.29131755042516
77.232905764503,79.3222268522465,5.27513331179904
4.61204512793527,77.9103801029995,3.46968657429995
587.805709363858,227.64477935957,4.1065265463859
448.416200527958,457.210087262804,4.75014543914609
661.151987987276,372.906683943205,3.07168341086592
106.297537898289,483.75110571634,4.40641592795573
621.047698169083,90.8758058217502,4.02029821385526
420.352597186764,257.608028052163,3.64673970409376
10.6263572204922,182.101651377915,3.30662440027959
76.0060284294305,129.493318087872,4.36661020798588
612.767965951671,190.160025267095,4.27500420150721
257.506525623513,221.822475716414,3.72507538670785
576.570353676953,434.826366390958,3.68041427915712
299.312500127286,135.561819534754,3.85862830817773
537.173988804362,455.800556214829,3.44650451586942
52.6061526429534,418.200859416671,3.72118148209063
196.775907319089,289.659738859547,4.14708110576679
546.156392106071,258.254198265125,3.70910250455118
167.567682133611,27.6932810012125,4.81973989107126
504.17971234308,350.478487904581,4.49279193858196
31.2620015846217,48.6678439369846,3.81693108732896
527.243475380605,138.087038698475,4.87141828566169
NA,NA,NA
660.578364289317,331.671191719439,3.53517262286704
454.628020805793,296.879374444904,3.59135224485835
9.51568716409826,493.646374959584,3.73702968712922
561.611075104168,45.9761933575569,4.23598910550202
76.7252276611154,373.636810182204,3.96098257387881
227.73703705949,410.570810305212,3.83685861811252
432.491475963367,12.2862301943783,3.44773908665718
362.85827468194,294.496205863893,2.94658674018386
602.742740896194,104.872102759429,4.32597587486896
394.586340810097,231.181126241167,4.17368804173352
565.621058258981,412.935957456739,4.73052092070955
141.280944035796,286.984898530639,4.78705298391815
195.343480043068,368.653258318735,3.96016711857446
124.271957313117,411.28124617919,3.42853837511557
627.802784298154,312.29636074951,4.40914962885773
-0.583474629283999,147.579685683472,4.34966104895503
544.004971735612,198.910189305527,4.14721465996716
33.9340855437594,494.579770841392,2.99865633582721
276.457479466642,23.4398271506333,4.03483844176614
534.501404527475,394.62026414686,3.29131755042516
77.232905764503,79.3222268522465,5.27513331179904
4.61204512793527,77.9103801029995,3.46968657429995
587.805709363858,227.64477935957,4.1065265463859
448.416200527958,457.210087262804,4.75014543914609
661.151987987276,372.906683943205,3.07168341086592
106.297537898289,483.75110571634,4.40641592795573
621.047698169083,90.8758058217502,4.02029821385526
420.352597186764,257.608028052163,3.64673970409376
10.6263572204922,182.101651377915,3.30662440027959
76.0060284294305,129.493318087872,4.36661020798588
612.767965951671,190.160025267095,4.27500420150721
257.506525623513,221.822475716414,3.72507538670785
576.570353676953,434.826366390958,3.68041427915712
299.312500127286,135.561819534754,3.85862830817773
537.173988804362,455.800556214829,3.44650451586942
52.6061526429534,418.200859416671,3.72118148209063
196.775907319089,289.659738859547,4.14708110576679
546.156392106071,258.254198265125,3.70910250455118
167.567682133611,27.6932810012125,4.81973989107126
504.17971234308,350.478487904581,4.49279193858196
31.2620015846217,48.6678439369846,3.81693108732896
527.243475380605,138.087038698475,4.87141828566169
NA,NA,NA
660.578364289317,331.671191719439,3.53517262286704
454.628020805793,296.879374444904,3.59135224485835
9.51568716409826,493.646374959584,3.73702968712922
561.611075104168,45.9761933575569,4.23598910550202
76.7252276611154,373.636810182204,3.96098257387881
227.73703705949,410.570810305212,3.83685861811252
432.491475963367,12.2862301943783,3.44773908665718
362.85827468194,294.496205863893,2.94658674018386
602.742740896194,104.872102759429,4.32597587486896
394.586340810097,231.181126241167,4.17368804173352
565.621058258981,412.935957456739,4.73052092070955
141.280944035796,286.984898530639,4.78705298391815
195.343480043068,368.653258318735,3.96016711857446
124.271957313117,411.28124617919,3.42853837511557
627.802784298154,312.29636074951,4.40914962885773
-0.583474629283999,147.579685683472,4.34966104895503
544.004971735612,198.910189305527,4.14721465996716
33.9340855437594,494.579770841392,2.99865633582721
276.457479466642,23.4398271506333,4.03483844176614
534.501404527475,394.62026414686,3.29131755042516
77.232905764503,79.3222268522465,5.27513331179904
4.61204512793527,77.9103801029995,3.46968657429995
587.805709363858,227.64477935957,4.1065265463859
448.416200527958,457.210087262804,4.75014543914609
661.151987987276,372.906683943205,3.07168341086592
106.297537898289,483.75110571634,4.40641592795573
621.047698169083,90.8758058217502,4.02029821385526
420.352597186764,257.608028052163,3.64673970409376
10.6263572204922,182.101651377915,3.30662440027959
76.0060284294305,129.493318087872,4.36661020798588
612.767965951671,190.160025267095,4.27500420150721
257.506525623513,221.822475716414,3.72507538670785
576.570353676953,434.826366390958,3.68041427915712
299.312500127286,135.561819534754,3.85862830817773
537.173988804362,455.800556214829,3.44650451586942
52.6061526429534,418.200859416671,3.72118148209063
196.775907319089,289.659738859547,4.14708110576679
546.156392106071,258.254198265125,3.70910250455118
167.567682133611,27.6932810012125,4.81973989107126
504.17971234308,350.478487904581,4.49279193858196
31.2620015846217,48.6678439369846,3.81693108732896
527.243475380605,138.087038698475,4.87141828566169
NA,NA,NA
656.408514774211,333.34556415846,3.5618639390226
456.715571648941,299.53799956049,3.69173301556598
9.03911163022258,497.505037813051,3.61449639552648
562.455465459524,49.1366231510536,4.14131522458081
65.4834862525643,379.587049289111,4.05751011676068
232.163840657155,416.267498418626,3.84692670144191
427.994624150194,12.1450991763522,3.34654470342732
362.270267665614,293.253518551787,3.02925472189692
606.509456387358,109.050621114854,4.30594488325017
394.659467700298,231.607621025766,4.2633877743968
572.6451906766,411.983638312103,4.75211787387481
140.681370516299,282.715378652318,4.57482003881919
199.766354353459,365.051574657635,3.97291048812778
127.424464548545,416.90456668446,3.50575761045957
620.289826219503,313.993788342278,4.54495378132184
2.65268024836937,148.970723791682,4.20345786446562
539.121741621437,200.290149050102,4.09154295492826
33.5428271976696,490.627713067755,2.82959775278603
282.050335475028,27.0199713296843,3.89955250146216
536.354319487409,392.314462578761,3.29715108035472
74.8565171117198,78.4861774326378,5.23175264061388
7.63697269709358,75.0524002461006,3.39810037206888
587.764097589682,227.900038521293,4.04807115616492
439.852491530812,455.149413088188,4.80459380138737
657.302848236375,373.277569028516,2.98333205631181
101.453615904199,492.01420372522,4.23112981347931
623.157990088449,89.1490656853941,4.10657644630523
418.417543687149,257.837324305772,3.56144319585756
9.7590064905978,180.257125369124,3.25588596897042
69.202629500594,113.435982611468,4.54507899586031
606.274466913815,208.948380459795,4.53709944413486
256.079385201847,219.851575406981,3.85173562975247
571.568203209087,429.082723430316,3.69644892548548
302.052911090459,141.39636452063,3.81070994890853
536.655845922231,457.10730882084,3.55018842998236
54.6129221785256,419.650719575334,3.82792836312578
194.746444129955,275.508089198083,4.22616953484601
559.050971680877,264.226783364178,3.62710806128617
173.58905723686,26.4971850982646,4.23393640193826
502.390291421233,364.704073715857,4.5328095132367
31.1711934366368,49.5390079816692,4.27251459883733
528.645032274724,162.179641530003,4.79833821160525
NA,NA,NA
656.408514774211,333.34556415846,3.5618639390226
456.715571648941,299.53799956049,3.69173301556598
9.03911163022258,497.505037813051,3.61449639552648
562.455465459524,49.1366231510536,4.14131522458081
65.4834862525643,379.587049289111,4.05751011676068
232.163840657155,416.267498418626,3.84692670144191
427.994624150194,12.1450991763522,3.34654470342732
362.270267665614,293.253518551787,3.02925472189692
606.509456387358,109.050621114854,4.30594488325017
394.659467700298,231.607621025766,4.2633877743968
572.6451906766,411.983638312103,4.75211787387481
140.681370516299,282.715378652318,4.57482003881919
199.766354353459,365.051574657635,3.97291048812778
127.424464548545,416.90456668446,3.50575761045957
620.289826219503,313.993788342278,4.54495378132184
2.65268024836937,148.970723791682,4.20345786446562
539.121741621437,200.290149050102,4.09154295492826
33.5428271976696,490.627713067755,2.82959775278603
282.050335475028,27.0199713296843,3.89955250146216
536.354319487409,392.314462578761,3.29715108035472
74.8565171117198,78.4861774326378,5.23175264061388
7.63697269709358,75.0524002461006,3.39810037206888
587.764097589682,227.900038521293,4.04807115616492
439.852491530812,455.149413088188,4.80459380138737
657.302848236375,373.277569028516,2.98333205631181
101.453615904199,492.01420372522,4.23112981347931
623.157990088449,89.1490656853941,4.10657644630523
418.417543687149,257.837324305772,3.56144319585756
9.7590064905978,180.257125369124,3.25588596897042
69.202629500594,113.435982611468,4.54507899586031
606.274466913815,208.948380459795,4.53709944413486
256.079385201847,219.851575406981,3.85173562975247
571.568203209087,429.082723430316,3.69644892548548
302.052911090459,141.39636452063,3.81070994890853
536.655845922231,457.10730882084,3.55018842998236
54.6129221785256,419.650719575334,3.82792836312578
194.746444129955,275.508089198083,4.22616953484601
559.050971680877,264.226783364178,3.62710806128617
173.58905723686,26.4971850982646,4.23393640193826
502.390291421233,364.704073715857,4.5328095132367
31.1711934366368,49.5390079816692,4.27251459883733
528.645032274724,162.179641530003,4.79833821160525
NA,NA,NA
656.408514774211,333.34556415846,3.5618639390226
456.715571648941,299.53799956049,3.69173301556598
9.03911163022258,497.505037813051,3.61449639552648
562.455465459524,49.1366231510536,4.14131522458081
65.4834862525643,379.587049289111,4.05751011676068
232.163840657155,416.267498418626,3.84692670144191
427.994624150194,12.1450991763522,3.34654470342732
362.270267665614,293.253518551787,3.02925472189692
606.509456387358,109.050621114854,4.30594488325017
394.659467700298,231.607621025766,4.2633877743968
572.6451906766,411.983638312103,4.75211787387481
140.681370516299,282.715378652318,4.57482003881919
199.766354353459,365.051574657635,3.97291048812778
127.424464548545,416.90456668446,3.50575761045957
620.289826219503,313.993788342278,4.54495378132184
2.65268024836937,148.970723791682,4.20345786446562
539.121741621437,200.290149050102,4.09154295492826
33.5428271976696,490.627713067755,2.82959775278603
282.050335475028,27.0199713296843,3.89955250146216
536.354319487409,392.314462578761,3.29715108035472
74.8565171117198,78.4861774326378,5.23175264061388
7.63697269709358,75.0524002461006,3.39810037206888
587.764097589682,227.900038521293,4.04807115616492
439.852491530812,455.149413088188,4.80459380138737
657.302848236375,373.277569028516,2.98333205631181
101.453615904199,492.01420372522,4.23112981347931
623.157990088449,89.1490656853941,4.10657644630523
418.417543687149,257.837324305772,3.56144319585756
9.7590064905978,180.257125369124,3.25588596897042
69.202629500594,113.435982611468,4.54507899586031
606.274466913815,208.948380459795,4.53709944413486
256.079385201847,219.851575406981,3.85173562975247
571.568203209087,429.082723430316,3.69644892548548
302.052911090459,141.39636452063,3.81070994890853
536.655845922231,457.10730882084,3.55018842998236
54.6129221785256,419.650719575334,3.82792836312578
194.746444129955,275.508089198083,4.22616953484601
559.050971680877,264.226783364178,3.62710806128617
173.58905723686,26.4971850982646,4.23393640193826
502.390291421233,364.704073715857,4.5328095132367
31.1711934366368,49.5390079816692,4.27251459883733
528.645032274724,162.179641530003,4.79833821160525
NA,NA,NA
656.408514774211,333.34556415846,3.5618639390226
456.715571648941,299.53799956049,3.69173301556598
9.03911163022258,497.505037813051,3.61449639552648
562.455465459524,49.1366231510536,4.14131522458081
65.4834862525643,379.587049289111,4.05751011676068
232.163840657155,416.267498418626,3.84692670144191
427.994624150194,12.1450991763522,3.34654470342732
362.270267665614,293.253518551787,3.02925472189692
606.509456387358,109.050621114854,4.30594488325017
394.659467700298,231.607621025766,4.2633877743968
572.6451906766,411.983638312103,4.75211787387481
140.681370516299,282.715378652318,4.57482003881919
199.766354353459,365.051574657635,3.97291048812778
127.424464548545,416.90456668446,3.50575761045957
620.289826219503,313.993788342278,4.54495378132184
2.65268024836937,148.970723791682,4.20345786446562
539.121741621437,200.290149050102,4.09154295492826
33.5428271976696,490.627713067755,2.82959775278603
282.050335475028,27.0199713296843,3.89955250146216
536.354319487409,392.314462578761,3.29715108035472
74.8565171117198,78.4861774326378,5.23175264061388
7.63697269709358,75.0524002461006,3.39810037206888
587.764097589682,227.900038521293,4.04807115616492
439.852491530812,455.149413088188,4.80459380138737
657.302848236375,373.277569028516,2.98333205631181
101.453615904199,492.01420372522,4.23112981347931
623.157990088449,89.1490656853941,4.10657644630523
418.417543687149,257.837324305772,3.56144319585756
9.7590064905978,180.257125369124,3.25588596897042
69.202629500594,113.435982611468,4.54507899586031
606.274466913815,208.948380459795,4.53709944413486
256.079385201847,219.851575406981,3.85173562975247
571.568203209087,429.082723430316,3.69644892548548
302.052911090459,141.39636452063,3.81070994890853
536.655845922231,457.10730882084,3.55018842998236
54.6129221785256,419.650719575334,3.82792836312578
194.746444129955,275.508089198083,4.22616953484601
559.050971680877,264.226783364178,3.62710806128617
173.58905723686,26.4971850982646,4.23393640193826
502.390291421233,364.704073715857,4.5328095132367
31.1711934366368,49.5390079816692,4.27251459883733
528.645032274724,162.179641530003,4.79833821160525
NA,NA,NA
656.408514774211,333.34556415846,3.5618639390226
456.715571648941,299.53799956049,3.69173301556598
9.03911163022258,497.505037813051,3.61449639552648
562.455465459524,49.1366231510536,4.14131522458081
65.4834862525643,379.587049289111,4.05751011676068
232.163840657155,416.267498418626,3.84692670144191
427.994624150194,12.1450991763522,3.34654470342732
362.270267665614,293.253518551787,3.02925472189692
606.509456387358,109.050621114854,4.30594488325017
394.659467700298,231.607621025766,4.2633877743968
572.6451906766,411.983638312103,4.75211787387481
140.681370516299,282.715378652318,4.57482003881919
199.766354353459,365.051574657635,3.97291048812778
127.424464548545,416.90456668446,3.50575761045957
620.289826219503,313.993788342278,4.54495378132184
2.65268024836937,148.970723791682,4.20345786446562
539.121741621437,200.290149050102,4.09154295492826
33.5428271976696,490.627713067755,2.82959775278603
282.050335475028,27.0199713296843,3.89955250146216
536.354319487409,392.314462578761,3.29715108035472
74.8565171117198,78.4861774326378,5.23175264061388
7.63697269709358,75.0524002461006,3.39810037206888
587.764097589682,227.900038521293,4.04807115616492
439.852491530812,455.149413088188,4.80459380138737
657.302848236375,373.277569028516,2.98333205631181
101.453615904199,492.01420372522,4.23112981347931
623.157990088449,89.1490656853941,4.10657644630523
418.417543687149,257.837324305772,3.56144319585756
9.7590064905978,180.257125369124,3.25588596897042
69.202629500594,113.435982611468,4.54507899586031
606.274466913815,208.948380459795,4.53709944413486
256.079385201847,219.851575406981,3.85173562975247
571.568203209087,429.082723430316,3.69644892548548
302.052911090459,141.39636452063,3.81070994890853
536.655845922231,457.10730882084,3.55018842998236
54.6129221785256,419.650719575334,3.82792836312578
194.746444129955,275.508089198083,4.22616953484601
559.050971680877,264.226783364178,3.62710806128617
173.58905723686,26.4971850982646,4.23393640193826
502.390291421233,364.704073715857,4.5328095132367
31.1711934366368,49.5390079816692,4.27251459883733
528.645032274724,162.179641530003,4.79833821160525
NA,NA,NA
656.408514774211,333.34556415846,3.5618639390226
456.715571648941,299.53799956049,3.69173301556598
9.03911163022258,497.505037813051,3.61449639552648
562.455465459524,49.1366231510536,4.14131522458081
65.4834862525643,379.587049289111,4.05751011676068
232.163840657155,416.267498418626,3.84692670144191
427.994624150194,12.1450991763522,3.34654470342732
362.270267665614,293.253518551787,3.02925472189692
606.509456387358,109.050621114854,4.30594488325017
394.659467700298,231.607621025766,4.2633877743968
572.6451906766,411.983638312103,4.75211787387481
140.681370516299,282.715378652318,4.57482003881919
199.766354353459,365.051574657635,3.97291048812778
127.424464548545,416.90456668446,3.50575761045957
620.289826219503,313.993788342278,4.54495378132184
2.65268024836937,148.970723791682,4.20345786446562
539.121741621437,200.290149050102,4.09154295492826
33.5428271976696,490.627713067755,2.82959775278603
282.050335475028,27.0199713296843,3.89955250146216
536.354319487409,392.314462578761,3.29715108035472
74.8565171117198,78.4861774326378,5.23175264061388
7.63697269709358,75.0524002461006,3.39810037206888
587.764097589682,227.900038521293,4.04807115616492
439.852491530812,455.149413088188,4.80459380138737
657.302848236375,373.277569028516,2.98333205631181
101.453615904199,492.01420372522,4.23112981347931
623.157990088449,89.1490656853941,4.10657644630523
418.417543687149,257.837324305772,3.56144319585756
9.7590064905978,180.257125369124,3.25588596897042
69.202629500594,113.435982611468,4.54507899586031
606.274466913815,208.948380459795,4.53709944413486
256.079385201847,219.851575406981,3.85173562975247
571.568203209087,429.082723430316,3.69644892548548
302.052911090459,141.39636452063,3.81070994890853
536.655845922231,457.10730882084,3.55018842998236
54.6129221785256,419.650719575334,3.82792836312578
194.746444129955,275.508089198083,4.22616953484601
559.050971680877,264.226783364178,3.62710806128617
173.58905723686,26.4971850982646,4.23393640193826
502.390291421233,364.704073715857,4.5328095132367
31.1711934366368,49.5390079816692,4.27251459883733
528.645032274724,162.179641530003,4.79833821160525
NA,NA,NA
660.638079064182,338.649614062113,3.6060391176543
458.65845623408,297.31049460734,3.45240768361065
10.1823884657907,495.891762143165,3.36352125043212
560.718922592009,50.9366062509099,4.23355890150848
70.1976837302177,373.286189201865,3.89769148408026
227.723347788368,413.796430954041,3.8176631858786
429.413269556149,13.4768856565434,3.31069239444081
362.309963253066,292.002964641259,3.03882443709225
600.328666126762,108.955941700441,4.29234648580403
388.449022444587,231.003735382601,4.2093326678934
574.97091398495,410.141464812353,4.70615922128412
139.641804172265,279.810637373641,4.62175569260921
197.530233290211,376.010625759446,4.02629376205916
128.485224275063,412.719984493404,3.60491144489594
622.270396792415,311.10604066662,4.44489440110782
2.79490320610394,149.156188212679,4.24821978844627
546.405724813737,207.069770755517,4.0912179358418
35.4945799897532,492.183999887679,2.99702173424544
280.855319274073,22.9327804878203,3.96723200339008
537.24608665402,394.064102976008,3.40595365852244
76.5704536107824,82.7072666381773,5.35799613461421
4.01771858827861,79.519269167733,3.47384508486616
589.105347699526,227.073033154232,3.94436793098478
438.45224328345,466.157968410252,4.76732933032038
657.427420441994,373.592299143095,3.12353756856563
107.237768347701,487.409352859442,4.42924886487469
622.782563697109,90.2500216109095,4.07065996337405
418.066191129454,254.985817643154,3.64481060286524
10.2105935264362,181.474241193154,3.13428231357428
64.322037594082,112.744455601564,4.57458609054081
621.880052770972,191.604957931777,4.24176396991934
260.540916379554,221.569824888093,3.58251897228376
581.968770859611,434.069987395323,3.73479765747465
300.778711632918,135.501201141341,3.81611566695137
532.141119536903,460.838591661354,3.85586121541678
56.4083956728675,416.91782337231,4.08469182858682
199.40900660816,291.032838306,4.23793112269125
552.08600792183,266.617664404507,3.91806135471461
171.844081081335,35.9088803461555,4.32913070735475
499.962111488289,351.359927275886,4.59097657530596
44.2682743529754,45.1012906905637,3.88126047498271
547.321271528371,130.764728590191,5.10037469735166
NA,NA,NA
660.638079064182,338.649614062113,3.6060391176543
458.65845623408,297.31049460734,3.45240768361065
10.1823884657907,495.891762143165,3.36352125043212
560.718922592009,50.9366062509099,4.23355890150848
70.1976837302177,373.286189201865,3.89769148408026
227.723347788368,413.796430954041,3.8176631858786
429.413269556149,13.4768856565434,3.31069239444081
362.309963253066,292.002964641259,3.03882443709225
600.328666126762,108.955941700441,4.29234648580403
388.449022444587,231.003735382601,4.2093326678934
574.97091398495,410.141464812353,4.70615922128412
139.641804172265,279.810637373641,4.62175569260921
197.530233290211,376.010625759446,4.02629376205916
128.485224275063,412.719984493404,3.60491144489594
622.270396792415,311.10604066662,4.44489440110782
2.79490320610394,149.156188212679,4.24821978844627
546.405724813737,207.069770755517,4.0912179358418
35.4945799897532,492.183999887679,2.99702173424544
280.855319274073,22.9327804878203,3.96723200339008
537.24608665402,394.064102976008,3.40595365852244
76.5704536107824,82.7072666381773,5.35799613461421
4.01771858827861,79.519269167733,3.47384508486616
589.105347699526,227.073033154232,3.94436793098478
438.45224328345,466.157968410252,4.76732933032038
657.427420441994,373.592299143095,3.12353756856563
107.237768347701,487.409352859442,4.42924886487469
622.782563697109,90.2500216109095,4.07065996337405
418.066191129454,254.985817643154,3.64481060286524
10.2105935264362,181.474241193154,3.13428231357428
64.322037594082,112.744455601564,4.57458609054081
621.880052770972,191.604957931777,4.24176396991934
260.540916379554,221.569824888093,3.58251897228376
581.968770859611,434.069987395323,3.73479765747465
300.778711632918,135.501201141341,3.81611566695137
532.141119536903,460.838591661354,3.85586121541678
56.4083956728675,416.91782337231,4.08469182858682
199.40900660816,291.032838306,4.23793112269125
552.08600792183,266.617664404507,3.91806135471461
171.844081081335,35.9088803461555,4.32913070735475
499.962111488289,351.359927275886,4.59097657530596
44.2682743529754,45.1012906905637,3.88126047498271
547.321271528371,130.764728590191,5.10037469735166
NA,NA,NA
660.638079064182,338.649614062113,3.6060391176543
458.65845623408,297.31049460734,3.45240768361065
10.1823884657907,495.891762143165,3.36352125043212
560.718922592009,50.9366062509099,4.23355890150848
70.1976837302177,373.286189201865,3.89769148408026
227.723347788368,413.796430954041,3.8176631858786
429.413269556149,13.4768856565434,3.31069239444081
362.309963253066,292.002964641259,3.03882443709225
600.328666126762,108.955941700441,4.29234648580403
388.449022444587,231.003735382601,4.2093326678934
574.97091398495,410.141464812353,4.70615922128412
139.641804172265,279.810637373641,4.62175569260921
197.530233290211,376.010625759446,4.02629376205916
128.485224275063,412.719984493404,3.60491144489594
622.270396792415,311.10604066662,4.44489440110782
2.79490320610394,149.156188212679,4.24821978844627
546.405724813737,207.069770755517,4.0912179358418
35.4945799897532,492.183999887679,2.99702173424544
280.855319274073,22.9327804878203,3.96723200339008
537.24608665402,394.064102976008,3.40595365852244
76.5704536107824,82.7072666381773,5.35799613461421
4.01771858827861,79.519269167733,3.47384508486616
589.105347699526,227.073033154232,3.94436793098478
438.45224328345,466.157968410252,4.76732933032038
657.427420441994,373.592299143095,3.12353756856563
107.237768347701,487.409352859442,4.42924886487469
622.782563697109,90.2500216109095,4.07065996337405
418.066191129454,254.985817643154,3.64481060286524
10.2105935264362,181.474241193154,3.13428231357428
64.322037594082,112.744455601564,4.57458609054081
621.880052770972,191.604957931777,4.24176396991934
260.540916379554,221.569824888093,3.58251897228376
581.968770859611,434.069987395323,3.73479765747465
300.778711632918,135.501201141341,3.81611566695137
532.141119536903,460.838591661354,3.85586121541678
56.4083956728675,416.91782337231,4.08469182858682
199.40900660816,291.032838306,4.23793112269125
552.08600792183,266.617664404507,3.91806135471461
171.844081081335,35.9088803461555,4.32913070735475
499.962111488289,351.359927275886,4.59097657530596
44.2682743529754,45.1012906905637,3.88126047498271
547.321271528371,130.764728590191,5.10037469735166
NA,NA,NA
660.638079064182,338.649614062113,3.6060391176543
458.65845623408,297.31049460734,3.45240768361065
10.1823884657907,495.891762143165,3.36352125043212
560.718922592009,50.9366062509099,4.23355890150848
70.1976837302177,373.286189201865,3.89769148408026
227.723347788368,413.796430954041,3.8176631858786
429.413269556149,13.4768856565434,3.31069239444081
362.309963253066,292.002964641259,3.03882443709225
600.328666126762,108.955941700441,4.29234648580403
388.449022444587,231.003735382601,4.2093326678934
574.97091398495,410.141464812353,4.70615922128412
139.641804172265,279.810637373641,4.62175569260921
197.530233290211,376.010625759446,4.02629376205916
128.485224275063,412.719984493404,3.60491144489594
622.270396792415,311.10604066662,4.44489440110782
2.79490320610394,149.156188212679,4.24821978844627
546.405724813737,207.069770755517,4.0912179358418
35.4945799897532,492.183999887679,2.99702173424544
280.855319274073,22.9327804878203,3.96723200339008
537.24608665402,394.064102976008,3.40595365852244
76.5704536107824,82.7072666381773,5.35799613461421
4.01771858827861,79.519269167733,3.47384508486616
589.105347699526,227.073033154232,3.94436793098478
438.45224328345,466.157968410252,4.76732933032038
657.427420441994,373.592299143095,3.12353756856563
107.237768347701,487.409352859442,4.42924886487469
622.782563697109,90.2500216109095,4.07065996337405
418.066191129454,254.985817643154,3.64481060286524
10.2105935264362,181.474241193154,3.13428231357428
64.322037594082,112.744455601564,4.57458609054081
621.880052770972,191.604957931777,4.24176396991934
260.540916379554,221.569824888093,3.58251897228376
581.968770859611,434.069987395323,3.73479765747465
300.778711632918,135.501201141341,3.81611566695137
532.141119536903,460.838591661354,3.85586121541678
56.4083956728675,416.91782337231,4.08469182858682
199.40900660816,291.032838306,4.23793112269125
552.08600792183,266.617664404507,3.91806135471461
171.844081081335,35.9088803461555,4.32913070735475
499.962111488289,351.359927275886,4.59097657530596
44.2682743529754,45.1012906905637,3.88126047498271
547.321271528371,130.764728590191,5.10037469735166
NA,NA,NA
660.638079064182,338.649614062113,3.6060391176543
458.65845623408,297.31049460734,3.45240768361065
10.1823884657907,495.891762143165,3.36352125043212
560.718922592009,50.9366062509099,4.23355890150848
70.1976837302177,373.286189201865,3.89769148408026
227.723347788368,413.796430954041,3.8176631858786
429.413269556149,13.4768856565434,3.31069239444081
362.309963253066,292.002964641259,3.03882443709225
600.328666126762,108.955941700441,4.29234648580403
388.449022444587,231.003735382601,4.2093326678934
574.97091398495,410.141464812353,4.70615922128412
139.641804172265,279.810637373641,4.62175569260921
197.530233290211,376.010625759446,4.02629376205916
128.485224275063,412.719984493404,3.60491144489594
622.270396792415,311.10604066662,4.44489440110782
2.79490320610394,149.156188212679,4.24821978844627
546.405724813737,207.069770755517,4.0912179358418
35.4945799897532,492.183999887679,2.99702173424544
280.855319274073,22.9327804878203,3.96723200339008
537.24608665402,394.064102976008,3.40595365852244
76.5704536107824,82.7072666381773,5.35799613461421
4.01771858827861,79.519269167733,3.47384508486616
589.105347699526,227.073033154232,3.94436793098478
438.45224328345,466.157968410252,4.76732933032038
657.427420441994,373.592299143095,3.12353756856563
107.237768347701,487.409352859442,4.42924886487469
622.782563697109,90.2500216109095,4.07065996337405
418.066191129454,254.985817643154,3.64481060286524
10.2105935264362,181.474241193154,3.13428231357428
64.322037594082,112.744455601564,4.57458609054081
621.880052770972,191.604957931777,4.24176396991934
260.540916379554,221.569824888093,3.58251897228376
581.968770859611,434.069987395323,3.73479765747465
300.778711632918,135.501201141341,3.81611566695137
532.141119536903,460.838591661354,3.85586121541678
56.4083956728675,416.91782337231,4.08469182858682
199.40900660816,291.032838306,4.23793112269125
552.08600792183,266.617664404507,3.91806135471461
171.844081081335,35.9088803461555,4.32913070735475
499.962111488289,351.359927275886,4.59097657530596
44.2682743529754,45.1012906905637,3.88126047498271
547.321271528371,130.764728590191,5.10037469735166
NA,NA,NA
660.638079064182,338.649614062113,3.6060391176543
458.65845623408,297.31049460734,3.45240768361065
10.1823884657907,495.891762143165,3.36352125043212
560.718922592009,50.9366062509099,4.23355890150848
70.1976837302177,373.286189201865,3.89769148408026
227.723347788368,413.796430954041,3.8176631858786
429.413269556149,13.4768856565434,3.31069239444081
362.309963253066,292.002964641259,3.03882443709225
600.328666126762,108.955941700441,4.29234648580403
388.449022444587,231.003735382601,4.2093326678934
574.97091398495,410.141464812353,4.70615922128412
139.641804172265,279.810637373641,4.62175569260921
197.530233290211,376.010625759446,4.02629376205916
128.485224275063,412.719984493404,3.60491144489594
622.270396792415,311.10604066662,4.44489440110782
2.79490320610394,149.156188212679,4.24821978844627
546.405724813737,207.069770755517,4.0912179358418
35.4945799897532,492.183999887679,2.99702173424544
280.855319274073,22.9327804878203,3.96723200339008
537.24608665402,394.064102976008,3.40595365852244
76.5704536107824,82.7072666381773,5.35799613461421
4.01771858827861,79.519269167733,3.47384508486616
589.105347699526,227.073033154232,3.94436793098478
438.45224328345,466.157968410252,4.76732933032038
657.427420441994,373.592299143095,3.12353756856563
107.237768347701,487.409352859442,4.42924886487469
622.782563697109,90.2500216109095,4.07065996337405
418.066191129454,254.985817643154,3.64481060286524
10.2105935264362,181.474241193154,3.13428231357428
64.322037594082,112.744455601564,4.57458609054081
621.880052770972,191.604957931777,4.24176396991934
260.540916379554,221.569824888093,3.58251897228376
581.968770859611,434.069987395323,3.73479765747465
300.778711632918,135.501201141341,3.81611566695137
532.141119536903,460.838591661354,3.85586121541678
56.4083956728675,416.91782337231,4.08469182858682
199.40900660816,291.032838306,4.23793112269125
552.08600792183,266.617664404507,3.91806135471461
171.844081081335,35.9088803461555,4.32913070735475
499.962111488289,351.359927275886,4.59097657530596
44.2682743529754,45.1012906905637,3.88126047498271
547.321271528371,130.764728590191,5.10037469735166
NA,NA,NA
658.641921208036,335.644565464583,3.43239653950099
457.383221303998,298.547748225044,3.50670890105729
12.0509616426343,495.806835750376,3.39268991040851
557.768526848833,52.7671879689355,4.36095099261985
71.0524028529281,377.564782682334,3.9058779803621
231.580059735231,415.414688099855,3.85496001289311
427.996953143851,14.5122008115366,3.31479263439597
363.136015770379,296.336272468248,3.08820196540426
601.281114941753,108.923486809733,4.04633173639693
392.322559967368,228.071628539701,4.23239466678492
566.738806272527,413.573261533067,4.67907785626715
142.971685022977,285.227656513197,4.56001005916372
198.047554059142,369.147159375806,3.97976452071972
123.685241327793,409.371471018819,3.37734323116949
627.122642906007,309.580763129948,4.5624540824089
4.24129505806945,146.545086904351,4.27227822591903
544.963679750484,201.882121296506,4.26393665576312
31.6949624053884,493.247740208482,3.07074213759675
279.639900117331,24.0443206125092,3.78777939932193
532.410233825779,391.910346938974,3.43010213565687
84.6617388153207,83.5553596458654,5.30473186645383
10.2569295551108,76.7571622569681,3.57753574271519
586.793598562737,229.33120210255,4.04923990851061
443.452960576628,461.560213570203,4.77976637723897
658.778123660884,371.688030756825,3.03898497569371
103.018609654718,489.927833426905,4.38235770862975
623.392503348641,90.9734589749719,4.08297988062924
421.296284981111,259.927092748219,3.63706763813839
9.63021744354992,182.517687222633,3.14279387856994
64.2465616060064,112.990427748301,4.40250211642295
621.970523703156,199.806806194135,4.37088210520929
251.214699204489,218.310709628241,3.69510453256634
577.57676378307,432.061978986742,4.02287081435708
297.895025088796,135.271104438749,3.88361731009003
522.643003934881,461.482445262307,3.52359020393294
48.2166985412804,411.375780349157,3.92382953124003
202.727879915661,289.124188455099,3.9456314859463
553.822625466524,274.396975281207,3.55417800624517
171.715990804478,40.3081514911584,4.18933282198477
496.593369794646,341.392625317867,4.58330782338684
29.1593451218768,47.7650017710435,4.03127687172946
529.332173428575,132.410227783224,4.58191868250779
NA,NA,NA
658.641921208036,335.644565464583,3.43239653950099
457.383221303998,298.547748225044,3.50670890105729
12.0509616426343,495.806835750376,3.39268991040851
557.768526848833,52.7671879689355,4.36095099261985
71.0524028529281,377.564782682334,3.9058779803621
231.580059735231,415.414688099855,3.85496001289311
427.996953143851,14.5122008115366,3.31479263439597
363.136015770379,296.336272468248,3.08820196540426
601.281114941753,108.923486809733,4.04633173639693
392.322559967368,228.071628539701,4.23239466678492
566.738806272527,413.573261533067,4.67907785626715
142.971685022977,285.227656513197,4.56001005916372
198.047554059142,369.147159375806,3.97976452071972
123.685241327793,409.371471018819,3.37734323116949
627.122642906007,309.580763129948,4.5624540824089
4.24129505806945,146.545086904351,4.27227822591903
544.963679750484,201.882121296506,4.26393665576312
31.6949624053884,493.247740208482,3.07074213759675
279.639900117331,24.0443206125092,3.78777939932193
532.410233825779,391.910346938974,3.43010213565687
84.6617388153207,83.5553596458654,5.30473186645383
10.2569295551108,76.7571622569681,3.57753574271519
586.793598562737,229.33120210255,4.04923990851061
443.452960576628,461.560213570203,4.77976637723897
658.778123660884,371.688030756825,3.03898497569371
103.018609654718,489.927833426905,4.38235770862975
623.392503348641,90.9734589749719,4.08297988062924
421.296284981111,259.927092748219,3.63706763813839
9.63021744354992,182.517687222633,3.14279387856994
64.2465616060064,112.990427748301,4.40250211642295
621.970523703156,199.806806194135,4.37088210520929
251.214699204489,218.310709628241,3.69510453256634
577.57676378307,432.061978986742,4.02287081435708
297.895025088796,135.271104438749,3.88361731009003
522.643003934881,461.482445262307,3.52359020393294
48.2166985412804,411.375780349157,3.92382953124003
202.727879915661,289.124188455099,3.9456314859463
553.822625466524,274.396975281207,3.55417800624517
171.715990804478,40.3081514911584,4.18933282198477
496.593369794646,341.392625317867,4.58330782338684
29.1593451218768,47.7650017710435,4.03127687172946
529.332173428575,132.410227783224,4.58191868250779
NA,NA,NA
658.641921208036,335.644565464583,3.43239653950099
457.383221303998,298.547748225044,3.50670890105729
12.0509616426343,495.806835750376,3.39268991040851
557.768526848833,52.7671879689355,4.36095099261985
71.0524028529281,377.564782682334,3.9058779803621
231.580059735231,415.414688099855,3.85496001289311
427.996953143851,14.5122008115366,3.31479263439597
363.136015770379,296.336272468248,3.08820196540426
601.281114941753,108.923486809733,4.04633173639693
392.322559967368,228.071628539701,4.23239466678492
566.738806272527,413.573261533067,4.67907785626715
142.971685022977,285.227656513197,4.56001005916372
198.047554059142,369.147159375806,3.97976452071972
123.685241327793,409.371471018819,3.37734323116949
627.122642906007,309.580763129948,4.5624540824089
4.24129505806945,146.545086904351,4.27227822591903
544.963679750484,201.882121296506,4.26393665576312
31.6949624053884,493.247740208482,3.07074213759675
279.639900117331,24.0443206125092,3.78777939932193
532.410233825779,391.910346938974,3.43010213565687
84.6617388153207,83.5553596458654,5.30473186645383
10.2569295551108,76.7571622569681,3.57753574271519
586.793598562737,229.33120210255,4.04923990851061
443.452960576628,461.560213570203,4.77976637723897
658.778123660884,371.688030756825,3.03898497569371
103.018609654718,489.927833426905,4.38235770862975
623.392503348641,90.9734589749719,4.08297988062924
421.296284981111,259.927092748219,3.63706763813839
9.63021744354992,182.517687222633,3.14279387856994
64.2465616060064,112.990427748301,4.40250211642295
621.970523703156,199.806806194135,4.37088210520929
251.214699204489,218.310709628241,3.69510453256634
577.57676378307,432.061978986742,4.02287081435708
297.895025088796,135.271104438749,3.88361731009003
522.643003934881,461.482445262307,3.52359020393294
48.2166985412804,411.375780349157,3.92382953124003
202.727879915661,289.124188455099,3.9456314859463
553.822625466524,274.396975281207,3.55417800624517
171.715990804478,40.3081514911584,4.18933282198477
496.593369794646,341.392625317867,4.58330782338684
29.1593451218768,47.7650017710435,4.03127687172946
529.332173428575,132.410227783224,4.58191868250779
NA,NA,NA
658.641921208036,335.644565464583,3.43239653950099
457.383221303998,298.547748225044,3.50670890105729
12.0509616426343,495.806835750376,3.39268991040851
557.768526848833,52.7671879689355,4.36095099261985
71.0524028529281,377.564782682334,3.9058779803621
231.580059735231,415.414688099855,3.85496001289311
427.996953143851,14.5122008115366,3.31479263439597
363.136015770379,296.336272468248,3.08820196540426
601.281114941753,108.923486809733,4.04633173639693
392.322559967368,228.071628539701,4.23239466678492
566.738806272527,413.573261533067,4.67907785626715
142.971685022977,285.227656513197,4.56001005916372
198.047554059142,369.147159375806,3.97976452071972
123.685241327793,409.371471018819,3.37734323116949
627.122642906007,309.580763129948,4.5624540824089
4.24129505806945,146.545086904351,4.27227822591903
544.963679750484,201.882121296506,4.26393665576312
31.6949624053884,493.247740208482,3.07074213759675
279.639900117331,24.0443206125092,3.78777939932193
532.410233825779,391.910346938974,3.43010213565687
84.6617388153207,83.5553596458654,5.30473186645383
10.2569295551108,76.7571622569681,3.57753574271519
586.793598562737,229.33120210255,4.04923990851061
443.452960576628,461.560213570203,4.77976637723897
658.778123660884,371.688030756825,3.03898497569371
103.018609654718,489.927833426905,4.38235770862975
623.392503348641,90.9734589749719,4.08297988062924
421.296284981111,259.927092748219,3.63706763813839
9.63021744354992,182.517687222633,3.14279387856994
64.2465616060064,112.990427748301,4.40250211642295
621.970523703156,199.806806194135,4.37088210520929
251.214699204489,218.310709628241,3.69510453256634
577.57676378307,432.061978986742,4.02287081435708
297.895025088796,135.271104438749,3.88361731009003
522.643003934881,461.482445262307,3.52359020393294
48.2166985412804,411.375780349157,3.92382953124003
202.727879915661,289.124188455099,3.9456314859463
553.822625466524,274.396975281207,3.55417800624517
171.715990804478,40.3081514911584,4.18933282198477
496.593369794646,341.392625317867,4.58330782338684
29.1593451218768,47.7650017710435,4.03127687172946
529.332173428575,132.410227783224,4.58191868250779
NA,NA,NA
658.641921208036,335.644565464583,3.43239653950099
457.383221303998,298.547748225044,3.50670890105729
12.0509616426343,495.806835750376,3.39268991040851
557.768526848833,52.7671879689355,4.36095099261985
71.0524028529281,377.564782682334,3.9058779803621
231.580059735231,415.414688099855,3.85496001289311
427.996953143851,14.5122008115366,3.31479263439597
363.136015770379,296.336272468248,3.08820196540426
601.281114941753,108.923486809733,4.04633173639693
392.322559967368,228.071628539701,4.23239466678492
566.738806272527,413.573261533067,4.67907785626715
142.971685022977,285.227656513197,4.56001005916372
198.047554059142,369.147159375806,3.97976452071972
123.685241327793,409.371471018819,3.37734323116949
627.122642906007,309.580763129948,4.5624540824089
4.24129505806945,146.545086904351,4.27227822591903
544.963679750484,201.882121296506,4.26393665576312
31.6949624053884,493.247740208482,3.07074213759675
279.639900117331,24.0443206125092,3.78777939932193
532.410233825779,391.910346938974,3.43010213565687
84.6617388153207,83.5553596458654,5.30473186645383
10.2569295551108,76.7571622569681,3.57753574271519
586.793598562737,229.33120210255,4.04923990851061
443.452960576628,461.560213570203,4.77976637723897
658.778123660884,371.688030756825,3.03898497569371
103.018609654718,489.927833426905,4.38235770862975
623.392503348641,90.9734589749719,4.08297988062924
421.296284981111,259.927092748219,3.63706763813839
9.63021744354992,182.517687222633,3.14279387856994
64.2465616060064,112.990427748301,4.40250211642295
621.970523703156,199.806806194135,4.37088210520929
251.214699204489,218.310709628241,3.69510453256634
577.57676378307,432.061978986742,4.02287081435708
297.895025088796,135.271104438749,3.88361731009003
522.643003934881,461.482445262307,3.52359020393294
48.2166985412804,411.375780349157,3.92382953124003
202.727879915661,289.124188455099,3.9456314859463
553.822625466524,274.396975281207,3.55417800624517
171.715990804478,40.3081514911584,4.18933282198477
496.593369794646,341.392625317867,4.58330782338684
29.1593451218768,47.7650017710435,4.03127687172946
529.332173428575,132.410227783224,4.58191868250779
NA,NA,NA
658.641921208036,335.644565464583,3.43239653950099
457.383221303998,298.547748225044,3.50670890105729
12.0509616426343,495.806835750376,3.39268991040851
557.768526848833,52.7671879689355,4.36095099261985
71.0524028529281,377.564782682334,3.9058779803621
231.580059735231,415.414688099855,3.85496001289311
427.996953143851,14.5122008115366,3.31479263439597
363.136015770379,296.336272468248,3.08820196540426
601.281114941753,108.923486809733,4.04633173639693
392.322559967368,228.071628539701,4.23239466678492
566.738806272527,413.573261533067,4.67907785626715
142.971685022977,285.227656513197,4.56001005916372
198.047554059142,369.147159375806,3.97976452071972
123.685241327793,409.371471018819,3.37734323116949
627.122642906007,309.580763129948,4.5624540824089
4.24129505806945,146.545086904351,4.27227822591903
544.963679750484,201.882121296506,4.26393665576312
31.6949624053884,493.247740208482,3.07074213759675
279.639900117331,24.0443206125092,3.78777939932193
532.410233825779,391.910346938974,3.43010213565687
84.6617388153207,83.5553596458654,5.30473186645383
10.2569295551108,76.7571622569681,3.57753574271519
586.793598562737,229.33120210255,4.04923990851061
443.452960576628,461.560213570203,4.77976637723897
658.778123660884,371.688030756825,3.03898497569371
103.018609654718,489.927833426905,4.38235770862975
623.392503348641,90.9734589749719,4.08297988062924
421.296284981111,259.927092748219,3.63706763813839
9.63021744354992,182.517687222633,3.14279387856994
64.2465616060064,112.990427748301,4.40250211642295
621.970523703156,199.806806194135,4.37088210520929
251.214699204489,218.310709628241,3.69510453256634
577.57676378307,432.061978986742,4.02287081435708
297.895025088796,135.271104438749,3.88361731009003
522.643003934881,461.482445262307,3.52359020393294
48.2166985412804,411.375780349157,3.92382953124003
202.727879915661,289.124188455099,3.9456314859463
553.822625466524,274.396975281207,3.55417800624517
171.715990804478,40.3081514911584,4.18933282198477
496.593369794646,341.392625317867,4.58330782338684
29.1593451218768,47.7650017710435,4.03127687172946
529.332173428575,132.410227783224,4.58191868250779
NA,NA,NA
663.052921068507,337.323722178623,3.60353398592586
457.464349307608,297.721721633056,3.77281073321446
7.34516136204235,493.630326100387,3.65913930917147
560.599153024075,52.2316661598001,4.09959515345751
74.215543859608,373.200224321736,4.04554081351182
233.439387663364,418.458578271521,3.83465124782053
428.747530737539,13.1108072876398,3.20831686864936
361.457999013197,290.925582304017,3.14085739268067
607.466642723252,110.333427792885,4.28072017157664
393.69629321856,230.104309957804,4.17935226940378
570.802035304396,405.050127661961,4.71176838608723
135.558662260004,278.022439593963,4.59689622538135
202.293129503241,371.653687937275,4.08059048639633
126.685933182854,417.345154936448,3.4266973871689
628.03034684998,313.18488185665,4.52151571064262
-6.07065912863329,143.420659462651,4.2772510997593
541.904512883869,202.271617081519,4.17645519681306
30.5226416657714,491.478031550196,2.95186497580915
281.90695305272,21.0710493694188,3.98863219201082
533.129253419182,390.322872908954,3.42877335600385
73.1623561449104,76.6435500160872,5.31301143623186
2.49263430414428,75.8562327278422,3.31062074435745
586.547372189936,231.490514783468,4.04155080599897
443.975316289174,460.855641786283,4.74801798396887
657.836896308955,372.076063470755,2.87501169649226
101.075365681297,486.372536037969,4.37823946793724
621.873980588303,89.3047223323767,4.05986793604176
419.603474305625,253.437289224839,3.62557350752764
13.5695639173045,181.513458760481,3.22197440180141
60.8399286215891,110.779260994934,4.50741409470353
609.536596845518,207.233277062618,4.56069297333335
258.076443379036,218.532551576719,3.44617033859698
567.470019577837,436.229132134755,3.79142937673589
298.905037016511,137.51621703838,3.88759062884733
530.049988799299,457.729254656023,3.45534733324578
47.0106260480096,408.070674461541,3.88787160329739
209.601830773311,288.610642381798,4.05657127443154
553.84108211937,261.238294861516,3.61953226017103
172.691945926793,11.0521986105977,4.36585845595962
502.411743935525,354.447802880362,4.46397465611383
44.0260392216176,34.3389431049536,3.5032426839128
536.905761283873,137.316343654773,4.53609162778412
NA,NA,NA
663.052921068507,337.323722178623,3.60353398592586
457.464349307608,297.721721633056,3.77281073321446
7.34516136204235,493.630326100387,3.65913930917147
560.599153024075,52.2316661598001,4.09959515345751
74.215543859608,373.200224321736,4.04554081351182
233.439387663364,418.458578271521,3.83465124782053
428.747530737539,13.1108072876398,3.20831686864936
361.457999013197,290.925582304017,3.14085739268067
607.466642723252,110.333427792885,4.28072017157664
393.69629321856,230.104309957804,4.17935226940378
570.802035304396,405.050127661961,4.71176838608723
135.558662260004,278.022439593963,4.59689622538135
202.293129503241,371.653687937275,4.08059048639633
126.685933182854,417.345154936448,3.4266973871689
628.03034684998,313.18488185665,4.52151571064262
-6.07065912863329,143.420659462651,4.2772510997593
541.904512883869,202.271617081519,4.17645519681306
30.5226416657714,491.478031550196,2.95186497580915
281.90695305272,21.0710493694188,3.98863219201082
533.129253419182,390.322872908954,3.42877335600385
73.1623561449104,76.6435500160872,5.31301143623186
2.49263430414428,75.8562327278422,3.31062074435745
586.547372189936,231.490514783468,4.04155080599897
443.975316289174,460.855641786283,4.74801798396887
657.836896308955,372.076063470755,2.87501169649226
101.075365681297,486.372536037969,4.37823946793724
621.873980588303,89.3047223323767,4.05986793604176
419.603474305625,253.437289224839,3.62557350752764
13.5695639173045,181.513458760481,3.22197440180141
60.8399286215891,110.779260994934,4.50741409470353
609.536596845518,207.233277062618,4.56069297333335
258.076443379036,218.532551576719,3.44617033859698
567.470019577837,436.229132134755,3.79142937673589
298.905037016511,137.51621703838,3.88759062884733
530.049988799299,457.729254656023,3.45534733324578
47.0106260480096,408.070674461541,3.88787160329739
209.601830773311,288.610642381798,4.05657127443154
553.84108211937,261.238294861516,3.61953226017103
172.691945926793,11.0521986105977,4.36585845595962
502.411743935525,354.447802880362,4.46397465611383
44.0260392216176,34.3389431049536,3.5032426839128
536.905761283873,137.316343654773,4.53609162778412
NA,NA,NA
663.052921068507,337.323722178623,3.60353398592586
457.464349307608,297.721721633056,3.77281073321446
7.34516136204235,493.630326100387,3.65913930917147
560.599153024075,52.2316661598001,4.09959515345751
74.215543859608,373.200224321736,4.04554081351182
233.439387663364,418.458578271521,3.83465124782053
428.747530737539,13.1108072876398,3.20831686864936
361.457999013197,290.925582304017,3.14085739268067
607.466642723252,110.333427792885,4.28072017157664
393.69629321856,230.104309957804,4.17935226940378
570.802035304396,405.050127661961,4.71176838608723
135.558662260004,278.022439593963,4.59689622538135
202.293129503241,371.653687937275,4.08059048639633
126.685933182854,417.345154936448,3.4266973871689
628.03034684998,313.18488185665,4.52151571064262
-6.07065912863329,143.420659462651,4.2772510997593
541.904512883869,202.271617081519,4.17645519681306
30.5226416657714,491.478031550196,2.95186497580915
281.90695305272,21.0710493694188,3.98863219201082
533.129253419182,390.322872908954,3.42877335600385
73.1623561449104,76.6435500160872,5.31301143623186
2.49263430414428,75.8562327278422,3.31062074435745
586.547372189936,231.490514783468,4.04155080599897
443.975316289174,460.855641786283,4.74801798396887
657.836896308955,372.076063470755,2.87501169649226
101.075365681297,486.372536037969,4.37823946793724
621.873980588303,89.3047223323767,4.05986793604176
419.603474305625,253.437289224839,3.62557350752764
13.5695639173045,181.513458760481,3.22197440180141
60.8399286215891,110.779260994934,4.50741409470353
609.536596845518,207.233277062618,4.56069297333335
258.076443379036,218.532551576719,3.44617033859698
567.470019577837,436.229132134755,3.79142937673589
298.905037016511,137.51621703838,3.88759062884733
530.049988799299,457.729254656023,3.45534733324578
47.0106260480096,408.070674461541,3.88787160329739
209.601830773311,288.610642381798,4.05657127443154
553.84108211937,261.238294861516,3.61953226017103
172.691945926793,11.0521986105977,4.36585845595962
502.411743935525,354.447802880362,4.46397465611383
44.0260392216176,34.3389431049536,3.5032426839128
536.905761283873,137.316343654773,4.53609162778412
NA,NA,NA
663.052921068507,337.323722178623,3.60353398592586
457.464349307608,297.721721633056,3.77281073321446
7.34516136204235,493.630326100387,3.65913930917147
560.599153024075,52.2316661598001,4.09959515345751
74.215543859608,373.200224321736,4.04554081351182
233.439387663364,418.458578271521,3.83465124782053
428.747530737539,13.1108072876398,3.20831686864936
361.457999013197,290.925582304017,3.14085739268067
607.466642723252,110.333427792885,4.28072017157664
393.69629321856,230.104309957804,4.17935226940378
570.802035304396,405.050127661961,4.71176838608723
135.558662260004,278.022439593963,4.59689622538135
202.293129503241,371.653687937275,4.08059048639633
126.685933182854,417.345154936448,3.4266973871689
628.03034684998,313.18488185665,4.52151571064262
-6.07065912863329,143.420659462651,4.2772510997593
541.904512883869,202.271617081519,4.17645519681306
30.5226416657714,491.478031550196,2.95186497580915
281.90695305272,21.0710493694188,3.98863219201082
533.129253419182,390.322872908954,3.42877335600385
73.1623561449104,76.6435500160872,5.31301143623186
2.49263430414428,75.8562327278422,3.31062074435745
586.547372189936,231.490514783468,4.04155080599897
443.975316289174,460.855641786283,4.74801798396887
657.836896308955,372.076063470755,2.87501169649226
101.075365681297,486.372536037969,4.37823946793724
621.873980588303,89.3047223323767,4.05986793604176
419.603474305625,253.437289224839,3.62557350752764
13.5695639173045,181.513458760481,3.22197440180141
60.8399286215891,110.779260994934,4.50741409470353
609.536596845518,207.233277062618,4.56069297333335
258.076443379036,218.532551576719,3.44617033859698
567.470019577837,436.229132134755,3.79142937673589
298.905037016511,137.51621703838,3.88759062884733
530.049988799299,457.729254656023,3.45534733324578
47.0106260480096,408.070674461541,3.88787160329739
209.601830773311,288.610642381798,4.05657127443154
553.84108211937,261.238294861516,3.61953226017103
172.691945926793,11.0521986105977,4.36585845595962
502.411743935525,354.447802880362,4.46397465611383
44.0260392216176,34.3389431049536,3.5032426839128
536.905761283873,137.316343654773,4.53609162778412
NA,NA,NA
663.052921068507,337.323722178623,3.60353398592586
457.464349307608,297.721721633056,3.77281073321446
7.34516136204235,493.630326100387,3.65913930917147
560.599153024075,52.2316661598001,4.09959515345751
74.215543859608,373.200224321736,4.04554081351182
233.439387663364,418.458578271521,3.83465124782053
428.747530737539,13.1108072876398,3.20831686864936
361.457999013197,290.925582304017,3.14085739268067
607.466642723252,110.333427792885,4.28072017157664
393.69629321856,230.104309957804,4.17935226940378
570.802035304396,405.050127661961,4.71176838608723
135.558662260004,278.022439593963,4.59689622538135
202.293129503241,371.653687937275,4.08059048639633
126.685933182854,417.345154936448,3.4266973871689
628.03034684998,313.18488185665,4.52151571064262
-6.07065912863329,143.420659462651,4.2772510997593
541.904512883869,202.271617081519,4.17645519681306
30.5226416657714,491.478031550196,2.95186497580915
281.90695305272,21.0710493694188,3.98863219201082
533.129253419182,390.322872908954,3.42877335600385
73.1623561449104,76.6435500160872,5.31301143623186
2.49263430414428,75.8562327278422,3.31062074435745
586.547372189936,231.490514783468,4.04155080599897
443.975316289174,460.855641786283,4.74801798396887
657.836896308955,372.076063470755,2.87501169649226
101.075365681297,486.372536037969,4.37823946793724
621.873980588303,89.3047223323767,4.05986793604176
419.603474305625,253.437289224839,3.62557350752764
13.5695639173045,181.513458760481,3.22197440180141
60.8399286215891,110.779260994934,4.50741409470353
609.536596845518,207.233277062618,4.56069297333335
258.076443379036,218.532551576719,3.44617033859698
567.470019577837,436.229132134755,3.79142937673589
298.905037016511,137.51621703838,3.88759062884733
530.049988799299,457.729254656023,3.45534733324578
47.0106260480096,408.070674461541,3.88787160329739
209.601830773311,288.610642381798,4.05657127443154
553.84108211937,261.238294861516,3.61953226017103
172.691945926793,11.0521986105977,4.36585845595962
502.411743935525,354.447802880362,4.46397465611383
44.0260392216176,34.3389431049536,3.5032426839128
536.905761283873,137.316343654773,4.53609162778412
NA,NA,NA
663.052921068507,337.323722178623,3.60353398592586
457.464349307608,297.721721633056,3.77281073321446
7.34516136204235,493.630326100387,3.65913930917147
560.599153024075,52.2316661598001,4.09959515345751
74.215543859608,373.200224321736,4.04554081351182
233.439387663364,418.458578271521,3.83465124782053
428.747530737539,13.1108072876398,3.20831686864936
361.457999013197,290.925582304017,3.14085739268067
607.466642723252,110.333427792885,4.28072017157664
393.69629321856,230.104309957804,4.17935226940378
570.802035304396,405.050127661961,4.71176838608723
135.558662260004,278.022439593963,4.59689622538135
202.293129503241,371.653687937275,4.08059048639633
126.685933182854,417.345154936448,3.4266973871689
628.03034684998,313.18488185665,4.52151571064262
-6.07065912863329,143.420659462651,4.2772510997593
541.904512883869,202.271617081519,4.17645519681306
30.5226416657714,491.478031550196,2.95186497580915
281.90695305272,21.0710493694188,3.98863219201082
533.129253419182,390.322872908954,3.42877335600385
73.1623561449104,76.6435500160872,5.31301143623186
2.49263430414428,75.8562327278422,3.31062074435745
586.547372189936,231.490514783468,4.04155080599897
443.975316289174,460.855641786283,4.74801798396887
657.836896308955,372.076063470755,2.87501169649226
101.075365681297,486.372536037969,4.37823946793724
621.873980588303,89.3047223323767,4.05986793604176
419.603474305625,253.437289224839,3.62557350752764
13.5695639173045,181.513458760481,3.22197440180141
60.8399286215891,110.779260994934,4.50741409470353
609.536596845518,207.233277062618,4.56069297333335
258.076443379036,218.532551576719,3.44617033859698
567.470019577837,436.229132134755,3.79142937673589
298.905037016511,137.51621703838,3.88759062884733
530.049988799299,457.729254656023,3.45534733324578
47.0106260480096,408.070674461541,3.88787160329739
209.601830773311,288.610642381798,4.05657127443154
553.84108211937,261.238294861516,3.61953226017103
172.691945926793,11.0521986105977,4.36585845595962
502.411743935525,354.447802880362,4.46397465611383
44.0260392216176,34.3389431049536,3.5032426839128
536.905761283873,137.316343654773,4.53609162778412
NA,NA,NA
662.773869107585,334.632997133834,3.52282291102145
455.604031814188,301.080497501036,3.65021598261296
11.9697633957433,493.279824354272,3.29711994560341
563.984310062826,55.2498799846424,4.13989699390482
74.5912698269198,375.124734726123,4.09430554945571
228.892691217614,413.519122617046,3.86612558130786
427.175197806738,11.6311544031328,3.27982385907995
362.57374999982,292.789602952916,2.87238660108994
596.683183888931,104.510921890316,4.16845994629175
388.787417766688,227.083125245814,4.24309547532088
568.233955217486,409.894979992688,4.73197576460278
142.667035809211,281.858865056352,4.64747576657601
198.113667132068,373.070087043309,3.96442860251148
124.489221937776,411.623601321139,3.36488298482056
623.054874689898,315.959369813113,4.46561764031018
5.53645352009249,150.908572744945,4.34876578195862
541.445403733438,207.039144222457,4.16482365718137
32.4904662488062,491.918672900894,2.95854078958191
279.082223048958,21.8860669482167,3.58373209225657
532.651494951221,390.189441669178,3.52528424985047
72.0606473281766,68.84762727311,5.26128569238723
4.04901471268922,76.5635267384309,3.3943515007039
589.734531289958,227.790691649084,3.92593270918027
436.800231700964,463.583321595908,4.74112510525853
660.049975927958,374.006696121792,3.23012059456142
108.387553645245,491.846264664798,4.31394219771693
627.223275654874,89.6554005500746,4.07459925836656
416.97714625448,259.418781750501,3.61481341533193
13.1812007558994,183.146940481991,3.1610286675833
63.8948555117348,115.993063711319,4.60518244037838
615.514505078113,215.996159630793,4.17418036170994
253.621944076948,221.409946444011,3.69238222428524
578.964851343897,438.255542632561,3.63670276611113
309.455880739933,137.861772600899,3.96672071185754
526.257786152942,457.273135054077,3.67127157335438
48.0544263335423,419.953381331841,3.70484306507405
195.588820423544,292.350837965809,3.95133450013058
542.997854742827,265.572342939653,3.76021154551299
172.862624589372,14.6379317691005,4.25948809167023
514.876939237568,340.499353226097,4.75915816858004
39.4859770045078,55.125685686324,3.77224653801054
530.681194573992,156.188918824703,4.77244651662346
NA,NA,NA
662.773869107585,334.632997133834,3.52282291102145
455.604031814188,301.080497501036,3.65021598261296
11.9697633957433,493.279824354272,3.29711994560341
563.984310062826,55.2498799846424,4.13989699390482
74.5912698269198,375.124734726123,4.09430554945571
228.892691217614,413.519122617046,3.86612558130786
427.175197806738,11.6311544031328,3.27982385907995
362.57374999982,292.789602952916,2.87238660108994
596.683183888931,104.510921890316,4.16845994629175
388.787417766688,227.083125245814,4.24309547532088
568.233955217486,409.894979992688,4.73197576460278
142.667035809211,281.858865056352,4.64747576657601
198.113667132068,373.070087043309,3.96442860251148
124.489221937776,411.623601321139,3.36488298482056
623.054874689898,315.959369813113,4.46561764031018
5.53645352009249,150.908572744945,4.34876578195862
541.445403733438,207.039144222457,4.16482365718137
32.4904662488062,491.918672900894,2.95854078958191
279.082223048958,21.8860669482167,3.58373209225657
532.651494951221,390.189441669178,3.52528424985047
72.0606473281766,68.84762727311,5.26128569238723
4.04901471268922,76.5635267384309,3.3943515007039
589.734531289958,227.790691649084,3.92593270918027
436.800231700964,463.583321595908,4.74112510525853
660.049975927958,374.006696121792,3.23012059456142
108.387553645245,491.846264664798,4.31394219771693
627.223275654874,89.6554005500746,4.07459925836656
416.97714625448,259.418781750501,3.61481341533193
13.1812007558994,183.146940481991,3.1610286675833
63.8948555117348,115.993063711319,4.60518244037838
615.514505078113,215.996159630793,4.17418036170994
253.621944076948,221.409946444011,3.69238222428524
578.964851343897,438.255542632561,3.63670276611113
309.455880739933,137.861772600899,3.96672071185754
526.257786152942,457.273135054077,3.67127157335438
48.0544263335423,419.953381331841,3.70484306507405
195.588820423544,292.350837965809,3.95133450013058
542.997854742827,265.572342939653,3.76021154551299
172.862624589372,14.6379317691005,4.25948809167023
514.876939237568,340.499353226097,4.75915816858004
39.4859770045078,55.125685686324,3.77224653801054
530.681194573992,156.188918824703,4.77244651662346
NA,NA,NA
662.773869107585,334.632997133834,3.52282291102145
455.604031814188,301.080497501036,3.65021598261296
11.9697633957433,493.279824354272,3.29711994560341
563.984310062826,55.2498799846424,4.13989699390482
74.5912698269198,375.124734726123,4.09430554945571
228.892691217614,413.519122617046,3.86612558130786
427.175197806738,11.6311544031328,3.27982385907995
362.57374999982,292.789602952916,2.87238660108994
596.683183888931,104.510921890316,4.16845994629175
388.787417766688,227.083125245814,4.24309547532088
568.233955217486,409.894979992688,4.73197576460278
142.667035809211,281.858865056352,4.64747576657601
198.113667132068,373.070087043309,3.96442860251148
124.489221937776,411.623601321139,3.36488298482056
623.054874689898,315.959369813113,4.46561764031018
5.53645352009249,150.908572744945,4.34876578195862
541.445403733438,207.039144222457,4.16482365718137
32.4904662488062,491.918672900894,2.95854078958191
279.082223048958,21.8860669482167,3.58373209225657
532.651494951221,390.189441669178,3.52528424985047
72.0606473281766,68.84762727311,5.26128569238723
4.04901471268922,76.5635267384309,3.3943515007039
589.734531289958,227.790691649084,3.92593270918027
436.800231700964,463.583321595908,4.74112510525853
660.049975927958,374.006696121792,3.23012059456142
108.387553645245,491.846264664798,4.31394219771693
627.223275654874,89.6554005500746,4.07459925836656
416.97714625448,259.418781750501,3.61481341533193
13.1812007558994,183.146940481991,3.1610286675833
63.8948555117348,115.993063711319,4.60518244037838
615.514505078113,215.996159630793,4.17418036170994
253.621944076948,221.409946444011,3.69238222428524
578.964851343897,438.255542632561,3.63670276611113
309.455880739933,137.861772600899,3.96672071185754
526.257786152942,457.273135054077,3.67127157335438
48.0544263335423,419.953381331841,3.70484306507405
195.588820423544,292.350837965809,3.95133450013058
542.997854742827,265.572342939653,3.76021154551299
172.862624589372,14.6379317691005,4.25948809167023
514.876939237568,340.499353226097,4.75915816858004
39.4859770045078,55.125685686324,3.77224653801054
530.681194573992,156.188918824703,4.77244651662346
NA,NA,NA
662.773869107585,334.632997133834,3.52282291102145
455.604031814188,301.080497501036,3.65021598261296
11.9697633957433,493.279824354272,3.29711994560341
563.984310062826,55.2498799846424,4.13989699390482
74.5912698269198,375.124734726123,4.09430554945571
228.892691217614,413.519122617046,3.86612558130786
427.175197806738,11.6311544031328,3.27982385907995
362.57374999982,292.789602952916,2.87238660108994
596.683183888931,104.510921890316,4.16845994629175
388.787417766688,227.083125245814,4.24309547532088
568.233955217486,409.894979992688,4.73197576460278
142.667035809211,281.858865056352,4.64747576657601
198.113667132068,373.070087043309,3.96442860251148
124.489221937776,411.623601321139,3.36488298482056
623.054874689898,315.959369813113,4.46561764031018
5.53645352009249,150.908572744945,4.34876578195862
541.445403733438,207.039144222457,4.16482365718137
32.4904662488062,491.918672900894,2.95854078958191
279.082223048958,21.8860669482167,3.58373209225657
532.651494951221,390.189441669178,3.52528424985047
72.0606473281766,68.84762727311,5.26128569238723
4.04901471268922,76.5635267384309,3.3943515007039
589.734531289958,227.790691649084,3.92593270918027
436.800231700964,463.583321595908,4.74112510525853
660.049975927958,374.006696121792,3.23012059456142
108.387553645245,491.846264664798,4.31394219771693
627.223275654874,89.6554005500746,4.07459925836656
416.97714625448,259.418781750501,3.61481341533193
13.1812007558994,183.146940481991,3.1610286675833
63.8948555117348,115.993063711319,4.60518244037838
615.514505078113,215.996159630793,4.17418036170994
253.621944076948,221.409946444011,3.69238222428524
578.964851343897,438.255542632561,3.63670276611113
309.455880739933,137.861772600899,3.96672071185754
526.257786152942,457.273135054077,3.67127157335438
48.0544263335423,419.953381331841,3.70484306507405
195.588820423544,292.350837965809,3.95133450013058
542.997854742827,265.572342939653,3.76021154551299
172.862624589372,14.6379317691005,4.25948809167023
514.876939237568,340.499353226097,4.75915816858004
39.4859770045078,55.125685686324,3.77224653801054
530.681194573992,156.188918824703,4.77244651662346
NA,NA,NA
662.773869107585,334.632997133834,3.52282291102145
455.604031814188,301.080497501036,3.65021598261296
11.9697633957433,493.279824354272,3.29711994560341
563.984310062826,55.2498799846424,4.13989699390482
74.5912698269198,375.124734726123,4.09430554945571
228.892691217614,413.519122617046,3.86612558130786
427.175197806738,11.6311544031328,3.27982385907995
362.57374999982,292.789602952916,2.87238660108994
596.683183888931,104.510921890316,4.16845994629175
388.787417766688,227.083125245814,4.24309547532088
568.233955217486,409.894979992688,4.73197576460278
142.667035809211,281.858865056352,4.64747576657601
198.113667132068,373.070087043309,3.96442860251148
124.489221937776,411.623601321139,3.36488298482056
623.054874689898,315.959369813113,4.46561764031018
5.53645352009249,150.908572744945,4.34876578195862
541.445403733438,207.039144222457,4.16482365718137
32.4904662488062,491.918672900894,2.95854078958191
279.082223048958,21.8860669482167,3.58373209225657
532.651494951221,390.189441669178,3.52528424985047
72.0606473281766,68.84762727311,5.26128569238723
4.04901471268922,76.5635267384309,3.3943515007039
589.734531289958,227.790691649084,3.92593270918027
436.800231700964,463.583321595908,4.74112510525853
660.049975927958,374.006696121792,3.23012059456142
108.387553645245,491.846264664798,4.31394219771693
627.223275654874,89.6554005500746,4.07459925836656
416.97714625448,259.418781750501,3.61481341533193
13.1812007558994,183.146940481991,3.1610286675833
63.8948555117348,115.993063711319,4.60518244037838
615.514505078113,215.996159630793,4.17418036170994
253.621944076948,221.409946444011,3.69238222428524
578.964851343897,438.255542632561,3.63670276611113
309.455880739933,137.861772600899,3.96672071185754
526.257786152942,457.273135054077,3.67127157335438
48.0544263335423,419.953381331841,3.70484306507405
195.588820423544,292.350837965809,3.95133450013058
542.997854742827,265.572342939653,3.76021154551299
172.862624589372,14.6379317691005,4.25948809167023
514.876939237568,340.499353226097,4.75915816858004
39.4859770045078,55.125685686324,3.77224653801054
530.681194573992,156.188918824703,4.77244651662346
NA,NA,NA
662.773869107585,334.632997133834,3.52282291102145
455.604031814188,301.080497501036,3.65021598261296
11.9697633957433,493.279824354272,3.29711994560341
563.984310062826,55.2498799846424,4.13989699390482
74.5912698269198,375.124734726123,4.09430554945571
228.892691217614,413.519122617046,3.86612558130786
427.175197806738,11.6311544031328,3.27982385907995
362.57374999982,292.789602952916,2.87238660108994
596.683183888931,104.510921890316,4.16845994629175
388.787417766688,227.083125245814,4.24309547532088
568.233955217486,409.894979992688,4.73197576460278
142.667035809211,281.858865056352,4.64747576657601
198.113667132068,373.070087043309,3.96442860251148
124.489221937776,411.623601321139,3.36488298482056
623.054874689898,315.959369813113,4.46561764031018
5.53645352009249,150.908572744945,4.34876578195862
541.445403733438,207.039144222457,4.16482365718137
32.4904662488062,491.918672900894,2.95854078958191
279.082223048958,21.8860669482167,3.58373209225657
532.651494951221,390.189441669178,3.52528424985047
72.0606473281766,68.84762727311,5.26128569238723
4.04901471268922,76.5635267384309,3.3943515007039
589.734531289958,227.790691649084,3.92593270918027
436.800231700964,463.583321595908,4.74112510525853
660.049975927958,374.006696121792,3.23012059456142
108.387553645245,491.846264664798,4.31394219771693
627.223275654874,89.6554005500746,4.07459925836656
416.97714625448,259.418781750501,3.61481341533193
13.1812007558994,183.146940481991,3.1610286675833
63.8948555117348,115.993063711319,4.60518244037838
615.514505078113,215.996159630793,4.17418036170994
253.621944076948,221.409946444011,3.69238222428524
578.964851343897,438.255542632561,3.63670276611113
309.455880739933,137.861772600899,3.96672071185754
526.257786152942,457.273135054077,3.67127157335438
48.0544263335423,419.953381331841,3.70484306507405
195.588820423544,292.350837965809,3.95133450013058
542.997854742827,265.572342939653,3.76021154551299
172.862624589372,14.6379317691005,4.25948809167023
514.876939237568,340.499353226097,4.75915816858004
39.4859770045078,55.125685686324,3.77224653801054
530.681194573992,156.188918824703,4.77244651662346
NA,NA,NA
660.834110934098,334.081738029685,3.56566739511365
456.522581053251,297.083765838573,3.70001819455237
11.5498768553642,493.967685117026,3.70776979588929
560.384917017845,52.6788566313008,4.28107625584515
76.1471964282652,376.358293994196,4.053769551506
228.072610246695,414.352156347254,3.87314417124188
428.302035910356,13.6936819557898,3.20132848565677
362.294218914071,292.477557447807,3.1472275726736
602.840787641957,104.084559313327,4.36413946117238
388.240354610069,230.228156115739,4.26685529874057
573.466191160013,410.902567873587,4.7848433696149
137.989656169762,284.48197020906,4.5676757171128
197.897542321704,368.26541075309,3.91640976320014
126.197610887399,405.78731054431,3.336046502145
623.33586576764,321.934482514373,4.56797008092532
-1.47468804716916,148.162375475208,4.21449734346088
538.754444615356,204.774846112643,4.2089088422505
33.4645476450805,490.187106298291,3.11270870136264
274.537939020296,15.7370662558952,3.88540521420222
531.870287660871,391.718761696473,3.38816867887959
71.9054060284297,78.0486223827108,5.16058878995961
5.33419386256202,78.973096176323,3.53170860967362
589.289214228197,228.253012660409,4.09103732650352
443.268378987169,460.356579159026,4.80857002011229
659.71586226936,372.421921087674,3.06153791544155
109.558730295424,490.532070453823,4.35696139325978
625.448018409662,92.1543686241553,4.05865551641886
420.448194937199,258.751865179125,3.64259170598345
12.0027282288088,183.034974852326,3.25189826983411
74.1283415278277,109.789789098705,4.37587222985571
613.500505089118,206.801586263714,4.13380782973296
258.558810872447,219.958817513483,3.84828999114813
568.299196017315,431.896133833268,3.6066610111775
298.694839649308,136.906666779959,3.74059383974804
534.748181919611,458.3576722389,3.59239869922013
44.5875483416854,421.657072792028,3.87430586420709
199.732070707438,292.43690907346,3.95420727905071
544.693492050363,262.986653018855,3.73197666402937
171.793170781724,29.0936554685325,4.12286475332066
497.64970156872,344.942254521374,4.51497426128696
46.0232086431146,51.9242209885888,3.82452850026515
545.985936598439,156.483303974595,4.26214954023604
NA,NA,NA
660.834110934098,334.081738029685,3.56566739511365
456.522581053251,297.083765838573,3.70001819455237
11.5498768553642,493.967685117026,3.70776979588929
560.384917017845,52.6788566313008,4.28107625584515
76.1471964282652,376.358293994196,4.053769551506
228.072610246695,414.352156347254,3.87314417124188
428.302035910356,13.6936819557898,3.20132848565677
362.294218914071,292.477557447807,3.1472275726736
602.840787641957,104.084559313327,4.36413946117238
388.240354610069,230.228156115739,4.26685529874057
573.466191160013,410.902567873587,4.7848433696149
137.989656169762,284.48197020906,4.5676757171128
197.897542321704,368.26541075309,3.91640976320014
126.197610887399,405.78731054431,3.336046502145
623.33586576764,321.934482514373,4.56797008092532
-1.47468804716916,148.162375475208,4.21449734346088
538.754444615356,204.774846112643,4.2089088422505
33.4645476450805,490.187106298291,3.11270870136264
274.537939020296,15.7370662558952,3.88540521420222
531.870287660871,391.718761696473,3.38816867887959
71.9054060284297,78.0486223827108,5.16058878995961
5.33419386256202,78.973096176323,3.53170860967362
589.289214228197,228.253012660409,4.09103732650352
443.268378987169,460.356579159026,4.80857002011229
659.71586226936,372.421921087674,3.06153791544155
109.558730295424,490.532070453823,4.35696139325978
625.448018409662,92.1543686241553,4.05865551641886
420.448194937199,258.751865179125,3.64259170598345
12.0027282288088,183.034974852326,3.25189826983411
74.1283415278277,109.789789098705,4.37587222985571
613.500505089118,206.801586263714,4.13380782973296
258.558810872447,219.958817513483,3.84828999114813
568.299196017315,431.896133833268,3.6066610111775
298.694839649308,136.906666779959,3.74059383974804
534.748181919611,458.3576722389,3.59239869922013
44.5875483416854,421.657072792028,3.87430586420709
199.732070707438,292.43690907346,3.95420727905071
544.693492050363,262.986653018855,3.73197666402937
171.793170781724,29.0936554685325,4.12286475332066
497.64970156872,344.942254521374,4.51497426128696
46.0232086431146,51.9242209885888,3.82452850026515
545.985936598439,156.483303974595,4.26214954023604
NA,NA,NA
660.834110934098,334.081738029685,3.56566739511365
456.522581053251,297.083765838573,3.70001819455237
11.5498768553642,493.967685117026,3.70776979588929
560.384917017845,52.6788566313008,4.28107625584515
76.1471964282652,376.358293994196,4.053769551506
228.072610246695,414.352156347254,3.87314417124188
428.302035910356,13.6936819557898,3.20132848565677
362.294218914071,292.477557447807,3.1472275726736
602.840787641957,104.084559313327,4.36413946117238
388.240354610069,230.228156115739,4.26685529874057
573.466191160013,410.902567873587,4.7848433696149
137.989656169762,284.48197020906,4.5676757171128
197.897542321704,368.26541075309,3.91640976320014
126.197610887399,405.78731054431,3.336046502145
623.33586576764,321.934482514373,4.56797008092532
-1.47468804716916,148.162375475208,4.21449734346088
538.754444615356,204.774846112643,4.2089088422505
33.4645476450805,490.187106298291,3.11270870136264
274.537939020296,15.7370662558952,3.88540521420222
531.870287660871,391.718761696473,3.38816867887959
71.9054060284297,78.0486223827108,5.16058878995961
5.33419386256202,78.973096176323,3.53170860967362
589.289214228197,228.253012660409,4.09103732650352
443.268378987169,460.356579159026,4.80857002011229
659.71586226936,372.421921087674,3.06153791544155
109.558730295424,490.532070453823,4.35696139325978
625.448018409662,92.1543686241553,4.05865551641886
420.448194937199,258.751865179125,3.64259170598345
12.0027282288088,183.034974852326,3.25189826983411
74.1283415278277,109.789789098705,4.37587222985571
613.500505089118,206.801586263714,4.13380782973296
258.558810872447,219.958817513483,3.84828999114813
568.299196017315,431.896133833268,3.6066610111775
298.694839649308,136.906666779959,3.74059383974804
534.748181919611,458.3576722389,3.59239869922013
44.5875483416854,421.657072792028,3.87430586420709
199.732070707438,292.43690907346,3.95420727905071
544.693492050363,262.986653018855,3.73197666402937
171.793170781724,29.0936554685325,4.12286475332066
497.64970156872,344.942254521374,4.51497426128696
46.0232086431146,51.9242209885888,3.82452850026515
545.985936598439,156.483303974595,4.26214954023604
NA,NA,NA
660.834110934098,334.081738029685,3.56566739511365
456.522581053251,297.083765838573,3.70001819455237
11.5498768553642,493.967685117026,3.70776979588929
560.384917017845,52.6788566313008,4.28107625584515
76.1471964282652,376.358293994196,4.053769551506
228.072610246695,414.352156347254,3.87314417124188
428.302035910356,13.6936819557898,3.20132848565677
362.294218914071,292.477557447807,3.1472275726736
602.840787641957,104.084559313327,4.36413946117238
388.240354610069,230.228156115739,4.26685529874057
573.466191160013,410.902567873587,4.7848433696149
137.989656169762,284.48197020906,4.5676757171128
197.897542321704,368.26541075309,3.91640976320014
126.197610887399,405.78731054431,3.336046502145
623.33586576764,321.934482514373,4.56797008092532
-1.47468804716916,148.162375475208,4.21449734346088
538.754444615356,204.774846112643,4.2089088422505
33.4645476450805,490.187106298291,3.11270870136264
274.537939020296,15.7370662558952,3.88540521420222
531.870287660871,391.718761696473,3.38816867887959
71.9054060284297,78.0486223827108,5.16058878995961
5.33419386256202,78.973096176323,3.53170860967362
589.289214228197,228.253012660409,4.09103732650352
443.268378987169,460.356579159026,4.80857002011229
659.71586226936,372.421921087674,3.06153791544155
109.558730295424,490.532070453823,4.35696139325978
625.448018409662,92.1543686241553,4.05865551641886
420.448194937199,258.751865179125,3.64259170598345
12.0027282288088,183.034974852326,3.25189826983411
74.1283415278277,109.789789098705,4.37587222985571
613.500505089118,206.801586263714,4.13380782973296
258.558810872447,219.958817513483,3.84828999114813
568.299196017315,431.896133833268,3.6066610111775
298.694839649308,136.906666779959,3.74059383974804
534.748181919611,458.3576722389,3.59239869922013
44.5875483416854,421.657072792028,3.87430586420709
199.732070707438,292.43690907346,3.95420727905071
544.693492050363,262.986653018855,3.73197666402937
171.793170781724,29.0936554685325,4.12286475332066
497.64970156872,344.942254521374,4.51497426128696
46.0232086431146,51.9242209885888,3.82452850026515
545.985936598439,156.483303974595,4.26214954023604
NA,NA,NA
660.834110934098,334.081738029685,3.56566739511365
456.522581053251,297.083765838573,3.70001819455237
11.5498768553642,493.967685117026,3.70776979588929
560.384917017845,52.6788566313008,4.28107625584515
76.1471964282652,376.358293994196,4.053769551506
228.072610246695,414.352156347254,3.87314417124188
428.302035910356,13.6936819557898,3.20132848565677
362.294218914071,292.477557447807,3.1472275726736
602.840787641957,104.084559313327,4.36413946117238
388.240354610069,230.228156115739,4.26685529874057
573.466191160013,410.902567873587,4.7848433696149
137.989656169762,284.48197020906,4.5676757171128
197.897542321704,368.26541075309,3.91640976320014
126.197610887399,405.78731054431,3.336046502145
623.33586576764,321.934482514373,4.56797008092532
-1.47468804716916,148.162375475208,4.21449734346088
538.754444615356,204.774846112643,4.2089088422505
33.4645476450805,490.187106298291,3.11270870136264
274.537939020296,15.7370662558952,3.88540521420222
531.870287660871,391.718761696473,3.38816867887959
71.9054060284297,78.0486223827108,5.16058878995961
5.33419386256202,78.973096176323,3.53170860967362
589.289214228197,228.253012660409,4.09103732650352
443.268378987169,460.356579159026,4.80857002011229
659.71586226936,372.421921087674,3.06153791544155
109.558730295424,490.532070453823,4.35696139325978
625.448018409662,92.1543686241553,4.05865551641886
420.448194937199,258.751865179125,3.64259170598345
12.0027282288088,183.034974852326,3.25189826983411
74.1283415278277,109.789789098705,4.37587222985571
613.500505089118,206.801586263714,4.13380782973296
258.558810872447,219.958817513483,3.84828999114813
568.299196017315,431.896133833268,3.6066610111775
298.694839649308,136.906666779959,3.74059383974804
534.748181919611,458.3576722389,3.59239869922013
44.5875483416854,421.657072792028,3.87430586420709
199.732070707438,292.43690907346,3.95420727905071
544.693492050363,262.986653018855,3.73197666402937
171.793170781724,29.0936554685325,4.12286475332066
497.64970156872,344.942254521374,4.51497426128696
46.0232086431146,51.9242209885888,3.82452850026515
545.985936598439,156.483303974595,4.26214954023604
NA,NA,NA
660.834110934098,334.081738029685,3.56566739511365
456.522581053251,297.083765838573,3.70001819455237
11.5498768553642,493.967685117026,3.70776979588929
560.384917017845,52.6788566313008,4.28107625584515
76.1471964282652,376.358293994196,4.053769551506
228.072610246695,414.352156347254,3.87314417124188
428.302035910356,13.6936819557898,3.20132848565677
362.294218914071,292.477557447807,3.1472275726736
602.840787641957,104.084559313327,4.36413946117238
388.240354610069,230.228156115739,4.26685529874057
573.466191160013,410.902567873587,4.7848433696149
137.989656169762,284.48197020906,4.5676757171128
197.897542321704,368.26541075309,3.91640976320014
126.197610887399,405.78731054431,3.336046502145
623.33586576764,321.934482514373,4.56797008092532
-1.47468804716916,148.162375475208,4.21449734346088
538.754444615356,204.774846112643,4.2089088422505
33.4645476450805,490.187106298291,3.11270870136264
274.537939020296,15.7370662558952,3.88540521420222
531.870287660871,391.718761696473,3.38816867887959
71.9054060284297,78.0486223827108,5.16058878995961
5.33419386256202,78.973096176323,3.53170860967362
589.289214228197,228.253012660409,4.09103732650352
443.268378987169,460.356579159026,4.80857002011229
659.71586226936,372.421921087674,3.06153791544155
109.558730295424,490.532070453823,4.35696139325978
625.448018409662,92.1543686241553,4.05865551641886
420.448194937199,258.751865179125,3.64259170598345
12.0027282288088,183.034974852326,3.25189826983411
74.1283415278277,109.789789098705,4.37587222985571
613.500505089118,206.801586263714,4.13380782973296
258.558810872447,219.958817513483,3.84828999114813
568.299196017315,431.896133833268,3.6066610111775
298.694839649308,136.906666779959,3.74059383974804
534.748181919611,458.3576722389,3.59239869922013
44.5875483416854,421.657072792028,3.87430586420709
199.732070707438,292.43690907346,3.95420727905071
544.693492050363,262.986653018855,3.73197666402937
171.793170781724,29.0936554685325,4.12286475332066
497.64970156872,344.942254521374,4.51497426128696
46.0232086431146,51.9242209885888,3.82452850026515
545.985936598439,156.483303974595,4.26214954023604
NA,NA,NA
662.426556173951,330.236370984393,3.48282151691292
454.262881611826,297.885411364889,3.42428131580283
8.41264229624785,494.368657819145,3.51777037201325
559.627558604991,53.845918685088,4.2836233113621
71.1707686079054,376.558420508038,3.95843592890981
221.632436711964,413.935433392735,3.93909196009045
430.600454104954,11.0693363109013,3.5158426815367
367.610206187461,292.660386756762,2.97864094571782
603.970977931252,104.680787163718,4.31110448935606
391.038272963429,233.096732777486,4.09246647508714
572.331280231137,410.021208066868,4.71906474159779
139.815546090325,282.605808297311,4.44320817454231
195.00875002918,367.171519876943,4.08442742337758
124.599622143247,409.40305288039,3.47553950830934
627.331315236166,312.814822754346,4.49922698659276
2.16806198826646,152.949406281571,4.25897398749801
540.433606308772,201.861268119785,4.19814423625755
34.3898486633438,495.062319475252,2.80898122717405
282.220030098069,17.1123047465217,3.85536432976285
534.371562162217,393.383923787567,3.51662860071976
76.1064265309063,79.002294045326,5.34461330491636
5.90206105706057,75.8706493624083,3.55832724310141
590.422542979167,228.463184793966,4.04482066598555
440.827485616252,462.111382222268,4.87306687760615
658.313523052017,370.905632300965,3.03026463226355
107.800642452748,482.068590281952,4.3140047751527
624.39353400231,92.2202661311083,4.11258894726494
422.426002574162,260.828020237662,3.60413840579843
11.1721776774895,183.003821929425,3.23476124625507
66.0688412478584,114.947776076023,4.46060767376463
602.252468012168,204.820047829669,4.11957837577811
244.814152265888,220.550877039435,3.7726067545641
574.578881703445,442.883365675001,3.91993024645384
302.270811350262,137.559294501646,3.89443746059612
529.68549121067,460.406764176159,3.63139378327276
41.0561504774864,414.364371321326,4.10428000711835
204.127951868165,295.887486023453,4.028852304226
552.199487389741,264.135397810323,3.65965864513309
176.383570088385,25.3383963026657,4.0471345423876
499.734608836263,347.265635851808,4.64316030545003
32.6333905419914,49.2113348328051,3.59046164989691
532.893441190915,137.17541336924,4.5462363685176
NA,NA,NA
662.426556173951,330.236370984393,3.48282151691292
454.262881611826,297.885411364889,3.42428131580283
8.41264229624785,494.368657819145,3.51777037201325
559.627558604991,53.845918685088,4.2836233113621
71.1707686079054,376.558420508038,3.95843592890981
221.632436711964,413.935433392735,3.93909196009045
430.600454104954,11.0693363109013,3.5158426815367
367.610206187461,292.660386756762,2.97864094571782
603.970977931252,104.680787163718,4.31110448935606
391.038272963429,233.096732777486,4.09246647508714
572.331280231137,410.021208066868,4.71906474159779
139.815546090325,282.605808297311,4.44320817454231
195.00875002918,367.171519876943,4.08442742337758
124.599622143247,409.40305288039,3.47553950830934
627.331315236166,312.814822754346,4.49922698659276
2.16806198826646,152.949406281571,4.25897398749801
540.433606308772,201.861268119785,4.19814423625755
34.3898486633438,495.062319475252,2.80898122717405
282.220030098069,17.1123047465217,3.85536432976285
534.371562162217,393.383923787567,3.51662860071976
76.1064265309063,79.002294045326,5.34461330491636
5.90206105706057,75.8706493624083,3.55832724310141
590.422542979167,228.463184793966,4.04482066598555
440.827485616252,462.111382222268,4.87306687760615
658.313523052017,370.905632300965,3.03026463226355
107.800642452748,482.068590281952,4.3140047751527
624.39353400231,92.2202661311083,4.11258894726494
422.426002574162,260.828020237662,3.60413840579843
11.1721776774895,183.003821929425,3.23476124625507
66.0688412478584,114.947776076023,4.46060767376463
602.252468012168,204.820047829669,4.11957837577811
244.814152265888,220.550877039435,3.7726067545641
574.578881703445,442.883365675001,3.91993024645384
302.270811350262,137.559294501646,3.89443746059612
529.68549121067,460.406764176159,3.63139378327276
41.0561504774864,414.364371321326,4.10428000711835
204.127951868165,295.887486023453,4.028852304226
552.199487389741,264.135397810323,3.65965864513309
176.383570088385,25.3383963026657,4.0471345423876
499.734608836263,347.265635851808,4.64316030545003
32.6333905419914,49.2113348328051,3.59046164989691
532.893441190915,137.17541336924,4.5462363685176
NA,NA,NA
662.426556173951,330.236370984393,3.48282151691292
454.262881611826,297.885411364889,3.42428131580283
8.41264229624785,494.368657819145,3.51777037201325
559.627558604991,53.845918685088,4.2836233113621
71.1707686079054,376.558420508038,3.95843592890981
221.632436711964,413.935433392735,3.93909196009045
430.600454104954,11.0693363109013,3.5158426815367
367.610206187461,292.660386756762,2.97864094571782
603.970977931252,104.680787163718,4.31110448935606
391.038272963429,233.096732777486,4.09246647508714
572.331280231137,410.021208066868,4.71906474159779
139.815546090325,282.605808297311,4.44320817454231
195.00875002918,367.171519876943,4.08442742337758
124.599622143247,409.40305288039,3.47553950830934
627.331315236166,312.814822754346,4.49922698659276
2.16806198826646,152.949406281571,4.25897398749801
540.433606308772,201.861268119785,4.19814423625755
34.3898486633438,495.062319475252,2.80898122717405
282.220030098069,17.1123047465217,3.85536432976285
534.371562162217,393.383923787567,3.51662860071976
76.1064265309063,79.002294045326,5.34461330491636
5.90206105706057,75.8706493624083,3.55832724310141
590.422542979167,228.463184793966,4.04482066598555
440.827485616252,462.111382222268,4.87306687760615
658.313523052017,370.905632300965,3.03026463226355
107.800642452748,482.068590281952,4.3140047751527
624.39353400231,92.2202661311083,4.11258894726494
422.426002574162,260.828020237662,3.60413840579843
11.1721776774895,183.003821929425,3.23476124625507
66.0688412478584,114.947776076023,4.46060767376463
602.252468012168,204.820047829669,4.11957837577811
244.814152265888,220.550877039435,3.7726067545641
574.578881703445,442.883365675001,3.91993024645384
302.270811350262,137.559294501646,3.89443746059612
529.68549121067,460.406764176159,3.63139378327276
41.0561504774864,414.364371321326,4.10428000711835
204.127951868165,295.887486023453,4.028852304226
552.199487389741,264.135397810323,3.65965864513309
176.383570088385,25.3383963026657,4.0471345423876
499.734608836263,347.265635851808,4.64316030545003
32.6333905419914,49.2113348328051,3.59046164989691
532.893441190915,137.17541336924,4.5462363685176
NA,NA,NA
662.426556173951,330.236370984393,3.48282151691292
454.262881611826,297.885411364889,3.42428131580283
8.41264229624785,494.368657819145,3.51777037201325
559.627558604991,53.845918685088,4.2836233113621
71.1707686079054,376.558420508038,3.95843592890981
221.632436711964,413.935433392735,3.93909196009045
430.600454104954,11.0693363109013,3.5158426815367
367.610206187461,292.660386756762,2.97864094571782
603.970977931252,104.680787163718,4.31110448935606
391.038272963429,233.096732777486,4.09246647508714
572.331280231137,410.021208066868,4.71906474159779
139.815546090325,282.605808297311,4.44320817454231
195.00875002918,367.171519876943,4.08442742337758
124.599622143247,409.40305288039,3.47553950830934
627.331315236166,312.814822754346,4.49922698659276
2.16806198826646,152.949406281571,4.25897398749801
540.433606308772,201.861268119785,4.19814423625755
34.3898486633438,495.062319475252,2.80898122717405
282.220030098069,17.1123047465217,3.85536432976285
534.371562162217,393.383923787567,3.51662860071976
76.1064265309063,79.002294045326,5.34461330491636
5.90206105706057,75.8706493624083,3.55832724310141
590.422542979167,228.463184793966,4.04482066598555
440.827485616252,462.111382222268,4.87306687760615
658.313523052017,370.905632300965,3.03026463226355
107.800642452748,482.068590281952,4.3140047751527
624.39353400231,92.2202661311083,4.11258894726494
422.426002574162,260.828020237662,3.60413840579843
11.1721776774895,183.003821929425,3.23476124625507
66.0688412478584,114.947776076023,4.46060767376463
602.252468012168,204.820047829669,4.11957837577811
244.814152265888,220.550877039435,3.7726067545641
574.578881703445,442.883365675001,3.91993024645384
302.270811350262,137.559294501646,3.89443746059612
529.68549121067,460.406764176159,3.63139378327276
41.0561504774864,414.364371321326,4.10428000711835
204.127951868165,295.887486023453,4.028852304226
552.199487389741,264.135397810323,3.65965864513309
176.383570088385,25.3383963026657,4.0471345423876
499.734608836263,347.265635851808,4.64316030545003
32.6333905419914,49.2113348328051,3.59046164989691
532.893441190915,137.17541336924,4.5462363685176
NA,NA,NA
662.426556173951,330.236370984393,3.48282151691292
454.262881611826,297.885411364889,3.42428131580283
8.41264229624785,494.368657819145,3.51777037201325
559.627558604991,53.845918685088,4.2836233113621
71.1707686079054,376.558420508038,3.95843592890981
221.632436711964,413.935433392735,3.93909196009045
430.600454104954,11.0693363109013,3.5158426815367
367.610206187461,292.660386756762,2.97864094571782
603.970977931252,104.680787163718,4.31110448935606
391.038272963429,233.096732777486,4.09246647508714
572.331280231137,410.021208066868,4.71906474159779
139.815546090325,282.605808297311,4.44320817454231
195.00875002918,367.171519876943,4.08442742337758
124.599622143247,409.40305288039,3.47553950830934
627.331315236166,312.814822754346,4.49922698659276
2.16806198826646,152.949406281571,4.25897398749801
540.433606308772,201.861268119785,4.19814423625755
34.3898486633438,495.062319475252,2.80898122717405
282.220030098069,17.1123047465217,3.85536432976285
534.371562162217,393.383923787567,3.51662860071976
76.1064265309063,79.002294045326,5.34461330491636
5.90206105706057,75.8706493624083,3.55832724310141
590.422542979167,228.463184793966,4.04482066598555
440.827485616252,462.111382222268,4.87306687760615
658.313523052017,370.905632300965,3.03026463226355
107.800642452748,482.068590281952,4.3140047751527
624.39353400231,92.2202661311083,4.11258894726494
422.426002574162,260.828020237662,3.60413840579843
11.1721776774895,183.003821929425,3.23476124625507
66.0688412478584,114.947776076023,4.46060767376463
602.252468012168,204.820047829669,4.11957837577811
244.814152265888,220.550877039435,3.7726067545641
574.578881703445,442.883365675001,3.91993024645384
302.270811350262,137.559294501646,3.89443746059612
529.68549121067,460.406764176159,3.63139378327276
41.0561504774864,414.364371321326,4.10428000711835
204.127951868165,295.887486023453,4.028852304226
552.199487389741,264.135397810323,3.65965864513309
176.383570088385,25.3383963026657,4.0471345423876
499.734608836263,347.265635851808,4.64316030545003
32.6333905419914,49.2113348328051,3.59046164989691
532.893441190915,137.17541336924,4.5462363685176
NA,NA,NA
662.426556173951,330.236370984393,3.48282151691292
454.262881611826,297.885411364889,3.42428131580283
8.41264229624785,494.368657819145,3.51777037201325
559.627558604991,53.845918685088,4.2836233113621
71.1707686079054,376.558420508038,3.95843592890981
221.632436711964,413.935433392735,3.93909196009045
430.600454104954,11.0693363109013,3.5158426815367
367.610206187461,292.660386756762,2.97864094571782
603.970977931252,104.680787163718,4.31110448935606
391.038272963429,233.096732777486,4.09246647508714
572.331280231137,410.021208066868,4.71906474159779
139.815546090325,282.605808297311,4.44320817454231
195.00875002918,367.171519876943,4.08442742337758
124.599622143247,409.40305288039,3.47553950830934
627.331315236166,312.814822754346,4.49922698659276
2.16806198826646,152.949406281571,4.25897398749801
540.433606308772,201.861268119785,4.19814423625755
34.3898486633438,495.062319475252,2.80898122717405
282.220030098069,17.1123047465217,3.85536432976285
534.371562162217,393.383923787567,3.51662860071976
76.1064265309063,79.002294045326,5.34461330491636
5.90206105706057,75.8706493624083,3.55832724310141
590.422542979167,228.463184793966,4.04482066598555
440.827485616252,462.111382222268,4.87306687760615
658.313523052017,370.905632300965,3.03026463226355
107.800642452748,482.068590281952,4.3140047751527
624.39353400231,92.2202661311083,4.11258894726494
422.426002574162,260.828020237662,3.60413840579843
11.1721776774895,183.003821929425,3.23476124625507
66.0688412478584,114.947776076023,4.46060767376463
602.252468012168,204.820047829669,4.11957837577811
244.814152265888,220.550877039435,3.7726067545641
574.578881703445,442.883365675001,3.91993024645384
302.270811350262,137.559294501646,3.89443746059612
529.68549121067,460.406764176159,3.63139378327276
41.0561504774864,414.364371321326,4.10428000711835
204.127951868165,295.887486023453,4.028852304226
552.199487389741,264.135397810323,3.65965864513309
176.383570088385,25.3383963026657,4.0471345423876
499.734608836263,347.265635851808,4.64316030545003
32.6333905419914,49.2113348328051,3.59046164989691
532.893441190915,137.17541336924,4.5462363685176
NA,NA,NA
660.176536640663,334.403256278513,3.56687555488246
454.137021312223,296.787843232768,3.6142524328682
11.5251278076899,495.712518959338,3.79046594781745
560.769464357441,49.9027271667481,4.10870080236243
71.9586570997423,369.607038587071,3.98426672547996
230.508458905476,413.992873793392,3.97954798961594
429.919308759491,12.7033927200384,3.42485083663587
361.245203731328,292.41356088937,3.02989698833332
603.464925893201,107.350501932858,4.24497013054595
395.26317292258,231.0574706406,4.2169436288077
572.654203202418,405.919567691843,4.70223825451034
143.960273854093,285.436113277472,4.52174662296764
197.622117187742,372.948720096991,4.13093539487094
124.428708395749,410.452291086562,3.42588709546527
625.600625809334,311.231807332574,4.47653013460113
0.45002600158725,149.318996584625,4.29834335085342
541.23508907526,201.40987167512,4.08635178642735
34.7029934236705,493.11922877606,2.96997078470219
272.907248142098,21.435942404824,4.03060815285257
532.698540830518,391.498649869786,3.4876033013359
64.7807430483451,77.3902609579626,5.26205274081115
3.61746556379305,73.7584276098621,3.43997842890707
584.537309277176,226.826004865227,3.97671149295609
438.213453528142,457.827347838348,4.78272096289722
661.167855484219,374.669432596518,3.15381517239757
104.013395517002,486.951172499062,4.37091741772758
617.633875452174,91.8545930049696,4.01042513262435
420.245795297598,257.790605312103,3.60032070892547
13.2866858789456,181.367143888834,3.2152786126106
61.7369111456977,133.176935669162,4.72423785624835
614.509655446677,209.155621280383,4.26730583254892
244.467124809515,220.309228871963,3.72524061635744
566.859136336452,448.04423525506,3.74660910014218
300.529674827195,131.987380876847,3.97360578691732
534.916006255848,463.307955312129,3.6011610888211
44.3840945105692,418.595924584596,3.78329659489432
195.572361536257,288.809642069819,4.27979112539344
554.86861466635,265.009545297477,3.77473034026647
171.23254940778,35.4792362919238,3.83659908179927
498.193812603908,355.848880624126,4.57145558285696
38.0047432821117,42.3461295408642,3.78755659356328
537.128699256875,151.569966084124,4.49738588603812
NA,NA,NA
660.176536640663,334.403256278513,3.56687555488246
454.137021312223,296.787843232768,3.6142524328682
11.5251278076899,495.712518959338,3.79046594781745
560.769464357441,49.9027271667481,4.10870080236243
71.9586570997423,369.607038587071,3.98426672547996
230.508458905476,413.992873793392,3.97954798961594
429.919308759491,12.7033927200384,3.42485083663587
361.245203731328,292.41356088937,3.02989698833332
603.464925893201,107.350501932858,4.24497013054595
395.26317292258,231.0574706406,4.2169436288077
572.654203202418,405.919567691843,4.70223825451034
143.960273854093,285.436113277472,4.52174662296764
197.622117187742,372.948720096991,4.13093539487094
124.428708395749,410.452291086562,3.42588709546527
625.600625809334,311.231807332574,4.47653013460113
0.45002600158725,149.318996584625,4.29834335085342
541.23508907526,201.40987167512,4.08635178642735
34.7029934236705,493.11922877606,2.96997078470219
272.907248142098,21.435942404824,4.03060815285257
532.698540830518,391.498649869786,3.4876033013359
64.7807430483451,77.3902609579626,5.26205274081115
3.61746556379305,73.7584276098621,3.43997842890707
584.537309277176,226.826004865227,3.97671149295609
438.213453528142,457.827347838348,4.78272096289722
661.167855484219,374.669432596518,3.15381517239757
104.013395517002,486.951172499062,4.37091741772758
617.633875452174,91.8545930049696,4.01042513262435
420.245795297598,257.790605312103,3.60032070892547
13.2866858789456,181.367143888834,3.2152786126106
61.7369111456977,133.176935669162,4.72423785624835
614.509655446677,209.155621280383,4.26730583254892
244.467124809515,220.309228871963,3.72524061635744
566.859136336452,448.04423525506,3.74660910014218
300.529674827195,131.987380876847,3.97360578691732
534.916006255848,463.307955312129,3.6011610888211
44.3840945105692,418.595924584596,3.78329659489432
195.572361536257,288.809642069819,4.27979112539344
554.86861466635,265.009545297477,3.77473034026647
171.23254940778,35.4792362919238,3.83659908179927
498.193812603908,355.848880624126,4.57145558285696
38.0047432821117,42.3461295408642,3.78755659356328
537.128699256875,151.569966084124,4.49738588603812
NA,NA,NA
660.176536640663,334.403256278513,3.56687555488246
454.137021312223,296.787843232768,3.6142524328682
11.5251278076899,495.712518959338,3.79046594781745
560.769464357441,49.9027271667481,4.10870080236243
71.9586570997423,369.607038587071,3.98426672547996
230.508458905476,413.992873793392,3.97954798961594
429.919308759491,12.7033927200384,3.42485083663587
361.245203731328,292.41356088937,3.02989698833332
603.464925893201,107.350501932858,4.24497013054595
395.26317292258,231.0574706406,4.2169436288077
572.654203202418,405.919567691843,4.70223825451034
143.960273854093,285.436113277472,4.52174662296764
197.622117187742,372.948720096991,4.13093539487094
124.428708395749,410.452291086562,3.42588709546527
625.600625809334,311.231807332574,4.47653013460113
0.45002600158725,149.318996584625,4.29834335085342
541.23508907526,201.40987167512,4.08635178642735
34.7029934236705,493.11922877606,2.96997078470219
272.907248142098,21.435942404824,4.03060815285257
532.698540830518,391.498649869786,3.4876033013359
64.7807430483451,77.3902609579626,5.26205274081115
3.61746556379305,73.7584276098621,3.43997842890707
584.537309277176,226.826004865227,3.97671149295609
438.213453528142,457.827347838348,4.78272096289722
661.167855484219,374.669432596518,3.15381517239757
104.013395517002,486.951172499062,4.37091741772758
617.633875452174,91.8545930049696,4.01042513262435
420.245795297598,257.790605312103,3.60032070892547
13.2866858789456,181.367143888834,3.2152786126106
61.7369111456977,133.176935669162,4.72423785624835
614.509655446677,209.155621280383,4.26730583254892
244.467124809515,220.309228871963,3.72524061635744
566.859136336452,448.04423525506,3.74660910014218
300.529674827195,131.987380876847,3.97360578691732
534.916006255848,463.307955312129,3.6011610888211
44.3840945105692,418.595924584596,3.78329659489432
195.572361536257,288.809642069819,4.27979112539344
554.86861466635,265.009545297477,3.77473034026647
171.23254940778,35.4792362919238,3.83659908179927
498.193812603908,355.848880624126,4.57145558285696
38.0047432821117,42.3461295408642,3.78755659356328
537.128699256875,151.569966084124,4.49738588603812
NA,NA,NA
660.176536640663,334.403256278513,3.56687555488246
454.137021312223,296.787843232768,3.6142524328682
11.5251278076899,495.712518959338,3.79046594781745
560.769464357441,49.9027271667481,4.10870080236243
71.9586570997423,369.607038587071,3.98426672547996
230.508458905476,413.992873793392,3.97954798961594
429.919308759491,12.7033927200384,3.42485083663587
361.245203731328,292.41356088937,3.02989698833332
603.464925893201,107.350501932858,4.24497013054595
395.26317292258,231.0574706406,4.2169436288077
572.654203202418,405.919567691843,4.70223825451034
143.960273854093,285.436113277472,4.52174662296764
197.622117187742,372.948720096991,4.13093539487094
124.428708395749,410.452291086562,3.42588709546527
625.600625809334,311.231807332574,4.47653013460113
0.45002600158725,149.318996584625,4.29834335085342
541.23508907526,201.40987167512,4.08635178642735
34.7029934236705,493.11922877606,2.96997078470219
272.907248142098,21.435942404824,4.03060815285257
532.698540830518,391.498649869786,3.4876033013359
64.7807430483451,77.3902609579626,5.26205274081115
3.61746556379305,73.7584276098621,3.43997842890707
584.537309277176,226.826004865227,3.97671149295609
438.213453528142,457.827347838348,4.78272096289722
661.167855484219,374.669432596518,3.15381517239757
104.013395517002,486.951172499062,4.37091741772758
617.633875452174,91.8545930049696,4.01042513262435
420.245795297598,257.790605312103,3.60032070892547
13.2866858789456,181.367143888834,3.2152786126106
61.7369111456977,133.176935669162,4.72423785624835
614.509655446677,209.155621280383,4.26730583254892
244.467124809515,220.309228871963,3.72524061635744
566.859136336452,448.04423525506,3.74660910014218
300.529674827195,131.987380876847,3.97360578691732
534.916006255848,463.307955312129,3.6011610888211
44.3840945105692,418.595924584596,3.78329659489432
195.572361536257,288.809642069819,4.27979112539344
554.86861466635,265.009545297477,3.77473034026647
171.23254940778,35.4792362919238,3.83659908179927
498.193812603908,355.848880624126,4.57145558285696
38.0047432821117,42.3461295408642,3.78755659356328
537.128699256875,151.569966084124,4.49738588603812
NA,NA,NA
660.176536640663,334.403256278513,3.56687555488246
454.137021312223,296.787843232768,3.6142524328682
11.5251278076899,495.712518959338,3.79046594781745
560.769464357441,49.9027271667481,4.10870080236243
71.9586570997423,369.607038587071,3.98426672547996
230.508458905476,413.992873793392,3.97954798961594
429.919308759491,12.7033927200384,3.42485083663587
361.245203731328,292.41356088937,3.02989698833332
603.464925893201,107.350501932858,4.24497013054595
395.26317292258,231.0574706406,4.2169436288077
572.654203202418,405.919567691843,4.70223825451034
143.960273854093,285.436113277472,4.52174662296764
197.622117187742,372.948720096991,4.13093539487094
124.428708395749,410.452291086562,3.42588709546527
625.600625809334,311.231807332574,4.47653013460113
0.45002600158725,149.318996584625,4.29834335085342
541.23508907526,201.40987167512,4.08635178642735
34.7029934236705,493.11922877606,2.96997078470219
272.907248142098,21.435942404824,4.03060815285257
532.698540830518,391.498649869786,3.4876033013359
64.7807430483451,77.3902609579626,5.26205274081115
3.61746556379305,73.7584276098621,3.43997842890707
584.537309277176,226.826004865227,3.97671149295609
438.213453528142,457.827347838348,4.78272096289722
661.167855484219,374.669432596518,3.15381517239757
104.013395517002,486.951172499062,4.37091741772758
617.633875452174,91.8545930049696,4.01042513262435
420.245795297598,257.790605312103,3.60032070892547
13.2866858789456,181.367143888834,3.2152786126106
61.7369111456977,133.176935669162,4.72423785624835
614.509655446677,209.155621280383,4.26730583254892
244.467124809515,220.309228871963,3.72524061635744
566.859136336452,448.04423525506,3.74660910014218
300.529674827195,131.987380876847,3.97360578691732
534.916006255848,463.307955312129,3.6011610888211
44.3840945105692,418.595924584596,3.78329659489432
195.572361536257,288.809642069819,4.27979112539344
554.86861466635,265.009545297477,3.77473034026647
171.23254940778,35.4792362919238,3.83659908179927
498.193812603908,355.848880624126,4.57145558285696
38.0047432821117,42.3461295408642,3.78755659356328
537.128699256875,151.569966084124,4.49738588603812
NA,NA,NA
660.176536640663,334.403256278513,3.56687555488246
454.137021312223,296.787843232768,3.6142524328682
11.5251278076899,495.712518959338,3.79046594781745
560.769464357441,49.9027271667481,4.10870080236243
71.9586570997423,369.607038587071,3.98426672547996
230.508458905476,413.992873793392,3.97954798961594
429.919308759491,12.7033927200384,3.42485083663587
361.245203731328,292.41356088937,3.02989698833332
603.464925893201,107.350501932858,4.24497013054595
395.26317292258,231.0574706406,4.2169436288077
572.654203202418,405.919567691843,4.70223825451034
143.960273854093,285.436113277472,4.52174662296764
197.622117187742,372.948720096991,4.13093539487094
124.428708395749,410.452291086562,3.42588709546527
625.600625809334,311.231807332574,4.47653013460113
0.45002600158725,149.318996584625,4.29834335085342
541.23508907526,201.40987167512,4.08635178642735
34.7029934236705,493.11922877606,2.96997078470219
272.907248142098,21.435942404824,4.03060815285257
532.698540830518,391.498649869786,3.4876033013359
64.7807430483451,77.3902609579626,5.26205274081115
3.61746556379305,73.7584276098621,3.43997842890707
584.537309277176,226.826004865227,3.97671149295609
438.213453528142,457.827347838348,4.78272096289722
661.167855484219,374.669432596518,3.15381517239757
104.013395517002,486.951172499062,4.37091741772758
617.633875452174,91.8545930049696,4.01042513262435
420.245795297598,257.790605312103,3.60032070892547
13.2866858789456,181.367143888834,3.2152786126106
61.7369111456977,133.176935669162,4.72423785624835
614.509655446677,209.155621280383,4.26730583254892
244.467124809515,220.309228871963,3.72524061635744
566.859136336452,448.04423525506,3.74660910014218
300.529674827195,131.987380876847,3.97360578691732
534.916006255848,463.307955312129,3.6011610888211
44.3840945105692,418.595924584596,3.78329659489432
195.572361536257,288.809642069819,4.27979112539344
554.86861466635,265.009545297477,3.77473034026647
171.23254940778,35.4792362919238,3.83659908179927
498.193812603908,355.848880624126,4.57145558285696
38.0047432821117,42.3461295408642,3.78755659356328
537.128699256875,151.569966084124,4.49738588603812
NA,NA,NA
662.759481796159,330.32192174123,3.43962518641181
457.674627843633,298.596346653993,3.64061412063367
10.6683126136359,496.115602850493,3.55964691221309
559.384829143652,57.2622540660659,4.27436437069745
73.7720882496296,376.701917641348,4.07695782939486
235.536797592451,418.070690315894,3.80363075405692
428.530815514225,8.55414104014571,3.21616987580526
363.152281224787,291.692264562907,2.9063197651008
608.648502534498,108.613642532336,4.21946072351514
394.10417697513,236.854237801171,4.26048042858521
557.416258612807,404.437583961996,4.68560447127006
136.103104244149,278.52168384902,4.55549062951697
196.828320244605,369.8793388939,3.97626226679538
125.820087856944,407.765421084251,3.36992752688789
625.378615534178,318.467328019753,4.45793191281219
4.56211016515169,147.710307740578,4.24200381169977
536.819525388581,208.083597075423,4.03024893684587
32.5648426534897,492.899847056487,3.02729360143095
282.890826291967,23.4057321619801,3.90546876303379
532.439937063555,392.363600819477,3.21909261731974
79.2511555181917,72.1820043351556,5.15636397463274
6.01767133724752,74.3112052115922,3.46375575998899
586.545942402005,228.443051305844,4.06647634350949
434.154815850933,454.564681904448,4.79902888463999
659.815955093499,374.733848986678,3.10686889691284
101.880556632209,488.106048500259,4.32825703134577
621.852374385231,92.7474189684238,4.11975455256906
418.111039187778,260.599147114441,3.59708298204043
11.6990016666938,181.944134825192,3.06773901116184
51.5202085728274,118.654588978573,4.50762106272314
606.837494368852,205.91892513197,3.94651852731853
245.70934571661,222.64653373223,3.74171412410689
574.259923433539,444.460864071298,3.77063795251563
304.859583903994,133.660737072996,4.00930888089445
528.637351491023,462.47816448412,3.48861829587064
36.6975490182678,413.315325088459,3.81841481748746
188.788273301888,296.097332911983,4.44780683212527
550.943899688863,265.973930979117,3.88311366110735
166.12993267212,31.6527676394988,4.03843850969098
507.91966766331,346.331304888485,4.46835301931842
38.7326868112526,39.7354586081932,3.96354317012989
546.08171492583,159.160929999534,4.67928721738192
NA,NA,NA
662.759481796159,330.32192174123,3.43962518641181
457.674627843633,298.596346653993,3.64061412063367
10.6683126136359,496.115602850493,3.55964691221309
559.384829143652,57.2622540660659,4.27436437069745
73.7720882496296,376.701917641348,4.07695782939486
235.536797592451,418.070690315894,3.80363075405692
428.530815514225,8.55414104014571,3.21616987580526
363.152281224787,291.692264562907,2.9063197651008
608.648502534498,108.613642532336,4.21946072351514
394.10417697513,236.854237801171,4.26048042858521
557.416258612807,404.437583961996,4.68560447127006
136.103104244149,278.52168384902,4.55549062951697
196.828320244605,369.8793388939,3.97626226679538
125.820087856944,407.765421084251,3.36992752688789
625.378615534178,318.467328019753,4.45793191281219
4.56211016515169,147.710307740578,4.24200381169977
536.819525388581,208.083597075423,4.03024893684587
32.5648426534897,492.899847056487,3.02729360143095
282.890826291967,23.4057321619801,3.90546876303379
532.439937063555,392.363600819477,3.21909261731974
79.2511555181917,72.1820043351556,5.15636397463274
6.01767133724752,74.3112052115922,3.46375575998899
586.545942402005,228.443051305844,4.06647634350949
434.154815850933,454.564681904448,4.79902888463999
659.815955093499,374.733848986678,3.10686889691284
101.880556632209,488.106048500259,4.32825703134577
621.852374385231,92.7474189684238,4.11975455256906
418.111039187778,260.599147114441,3.59708298204043
11.6990016666938,181.944134825192,3.06773901116184
51.5202085728274,118.654588978573,4.50762106272314
606.837494368852,205.91892513197,3.94651852731853
245.70934571661,222.64653373223,3.74171412410689
574.259923433539,444.460864071298,3.77063795251563
304.859583903994,133.660737072996,4.00930888089445
528.637351491023,462.47816448412,3.48861829587064
36.6975490182678,413.315325088459,3.81841481748746
188.788273301888,296.097332911983,4.44780683212527
550.943899688863,265.973930979117,3.88311366110735
166.12993267212,31.6527676394988,4.03843850969098
507.91966766331,346.331304888485,4.46835301931842
38.7326868112526,39.7354586081932,3.96354317012989
546.08171492583,159.160929999534,4.67928721738192
NA,NA,NA
662.759481796159,330.32192174123,3.43962518641181
457.674627843633,298.596346653993,3.64061412063367
10.6683126136359,496.115602850493,3.55964691221309
559.384829143652,57.2622540660659,4.27436437069745
73.7720882496296,376.701917641348,4.07695782939486
235.536797592451,418.070690315894,3.80363075405692
428.530815514225,8.55414104014571,3.21616987580526
363.152281224787,291.692264562907,2.9063197651008
608.648502534498,108.613642532336,4.21946072351514
394.10417697513,236.854237801171,4.26048042858521
557.416258612807,404.437583961996,4.68560447127006
136.103104244149,278.52168384902,4.55549062951697
196.828320244605,369.8793388939,3.97626226679538
125.820087856944,407.765421084251,3.36992752688789
625.378615534178,318.467328019753,4.45793191281219
4.56211016515169,147.710307740578,4.24200381169977
536.819525388581,208.083597075423,4.03024893684587
32.5648426534897,492.899847056487,3.02729360143095
282.890826291967,23.4057321619801,3.90546876303379
532.439937063555,392.363600819477,3.21909261731974
79.2511555181917,72.1820043351556,5.15636397463274
6.01767133724752,74.3112052115922,3.46375575998899
586.545942402005,228.443051305844,4.06647634350949
434.154815850933,454.564681904448,4.79902888463999
659.815955093499,374.733848986678,3.10686889691284
101.880556632209,488.106048500259,4.32825703134577
621.852374385231,92.7474189684238,4.11975455256906
418.111039187778,260.599147114441,3.59708298204043
11.6990016666938,181.944134825192,3.06773901116184
51.5202085728274,118.654588978573,4.50762106272314
606.837494368852,205.91892513197,3.94651852731853
245.70934571661,222.64653373223,3.74171412410689
574.259923433539,444.460864071298,3.77063795251563
304.859583903994,133.660737072996,4.00930888089445
528.637351491023,462.47816448412,3.48861829587064
36.6975490182678,413.315325088459,3.81841481748746
188.788273301888,296.097332911983,4.44780683212527
550.943899688863,265.973930979117,3.88311366110735
166.12993267212,31.6527676394988,4.03843850969098
507.91966766331,346.331304888485,4.46835301931842
38.7326868112526,39.7354586081932,3.96354317012989
546.08171492583,159.160929999534,4.67928721738192
NA,NA,NA
662.759481796159,330.32192174123,3.43962518641181
457.674627843633,298.596346653993,3.64061412063367
10.6683126136359,496.115602850493,3.55964691221309
559.384829143652,57.2622540660659,4.27436437069745
73.7720882496296,376.701917641348,4.07695782939486
235.536797592451,418.070690315894,3.80363075405692
428.530815514225,8.55414104014571,3.21616987580526
363.152281224787,291.692264562907,2.9063197651008
608.648502534498,108.613642532336,4.21946072351514
394.10417697513,236.854237801171,4.26048042858521
557.416258612807,404.437583961996,4.68560447127006
136.103104244149,278.52168384902,4.55549062951697
196.828320244605,369.8793388939,3.97626226679538
125.820087856944,407.765421084251,3.36992752688789
625.378615534178,318.467328019753,4.45793191281219
4.56211016515169,147.710307740578,4.24200381169977
536.819525388581,208.083597075423,4.03024893684587
32.5648426534897,492.899847056487,3.02729360143095
282.890826291967,23.4057321619801,3.90546876303379
532.439937063555,392.363600819477,3.21909261731974
79.2511555181917,72.1820043351556,5.15636397463274
6.01767133724752,74.3112052115922,3.46375575998899
586.545942402005,228.443051305844,4.06647634350949
434.154815850933,454.564681904448,4.79902888463999
659.815955093499,374.733848986678,3.10686889691284
101.880556632209,488.106048500259,4.32825703134577
621.852374385231,92.7474189684238,4.11975455256906
418.111039187778,260.599147114441,3.59708298204043
11.6990016666938,181.944134825192,3.06773901116184
51.5202085728274,118.654588978573,4.50762106272314
606.837494368852,205.91892513197,3.94651852731853
245.70934571661,222.64653373223,3.74171412410689
574.259923433539,444.460864071298,3.77063795251563
304.859583903994,133.660737072996,4.00930888089445
528.637351491023,462.47816448412,3.48861829587064
36.6975490182678,413.315325088459,3.81841481748746
188.788273301888,296.097332911983,4.44780683212527
550.943899688863,265.973930979117,3.88311366110735
166.12993267212,31.6527676394988,4.03843850969098
507.91966766331,346.331304888485,4.46835301931842
38.7326868112526,39.7354586081932,3.96354317012989
546.08171492583,159.160929999534,4.67928721738192
NA,NA,NA
662.759481796159,330.32192174123,3.43962518641181
457.674627843633,298.596346653993,3.64061412063367
10.6683126136359,496.115602850493,3.55964691221309
559.384829143652,57.2622540660659,4.27436437069745
73.7720882496296,376.701917641348,4.07695782939486
235.536797592451,418.070690315894,3.80363075405692
428.530815514225,8.55414104014571,3.21616987580526
363.152281224787,291.692264562907,2.9063197651008
608.648502534498,108.613642532336,4.21946072351514
394.10417697513,236.854237801171,4.26048042858521
557.416258612807,404.437583961996,4.68560447127006
136.103104244149,278.52168384902,4.55549062951697
196.828320244605,369.8793388939,3.97626226679538
125.820087856944,407.765421084251,3.36992752688789
625.378615534178,318.467328019753,4.45793191281219
4.56211016515169,147.710307740578,4.24200381169977
536.819525388581,208.083597075423,4.03024893684587
32.5648426534897,492.899847056487,3.02729360143095
282.890826291967,23.4057321619801,3.90546876303379
532.439937063555,392.363600819477,3.21909261731974
79.2511555181917,72.1820043351556,5.15636397463274
6.01767133724752,74.3112052115922,3.46375575998899
586.545942402005,228.443051305844,4.06647634350949
434.154815850933,454.564681904448,4.79902888463999
659.815955093499,374.733848986678,3.10686889691284
101.880556632209,488.106048500259,4.32825703134577
621.852374385231,92.7474189684238,4.11975455256906
418.111039187778,260.599147114441,3.59708298204043
11.6990016666938,181.944134825192,3.06773901116184
51.5202085728274,118.654588978573,4.50762106272314
606.837494368852,205.91892513197,3.94651852731853
245.70934571661,222.64653373223,3.74171412410689
574.259923433539,444.460864071298,3.77063795251563
304.859583903994,133.660737072996,4.00930888089445
528.637351491023,462.47816448412,3.48861829587064
36.6975490182678,413.315325088459,3.81841481748746
188.788273301888,296.097332911983,4.44780683212527
550.943899688863,265.973930979117,3.88311366110735
166.12993267212,31.6527676394988,4.03843850969098
507.91966766331,346.331304888485,4.46835301931842
38.7326868112526,39.7354586081932,3.96354317012989
546.08171492583,159.160929999534,4.67928721738192
NA,NA,NA
662.759481796159,330.32192174123,3.43962518641181
457.674627843633,298.596346653993,3.64061412063367
10.6683126136359,496.115602850493,3.55964691221309
559.384829143652,57.2622540660659,4.27436437069745
73.7720882496296,376.701917641348,4.07695782939486
235.536797592451,418.070690315894,3.80363075405692
428.530815514225,8.55414104014571,3.21616987580526
363.152281224787,291.692264562907,2.9063197651008
608.648502534498,108.613642532336,4.21946072351514
394.10417697513,236.854237801171,4.26048042858521
557.416258612807,404.437583961996,4.68560447127006
136.103104244149,278.52168384902,4.55549062951697
196.828320244605,369.8793388939,3.97626226679538
125.820087856944,407.765421084251,3.36992752688789
625.378615534178,318.467328019753,4.45793191281219
4.56211016515169,147.710307740578,4.24200381169977
536.819525388581,208.083597075423,4.03024893684587
32.5648426534897,492.899847056487,3.02729360143095
282.890826291967,23.4057321619801,3.90546876303379
532.439937063555,392.363600819477,3.21909261731974
79.2511555181917,72.1820043351556,5.15636397463274
6.01767133724752,74.3112052115922,3.46375575998899
586.545942402005,228.443051305844,4.06647634350949
434.154815850933,454.564681904448,4.79902888463999
659.815955093499,374.733848986678,3.10686889691284
101.880556632209,488.106048500259,4.32825703134577
621.852374385231,92.7474189684238,4.11975455256906
418.111039187778,260.599147114441,3.59708298204043
11.6990016666938,181.944134825192,3.06773901116184
51.5202085728274,118.654588978573,4.50762106272314
606.837494368852,205.91892513197,3.94651852731853
245.70934571661,222.64653373223,3.74171412410689
574.259923433539,444.460864071298,3.77063795251563
304.859583903994,133.660737072996,4.00930888089445
528.637351491023,462.47816448412,3.48861829587064
36.6975490182678,413.315325088459,3.81841481748746
188.788273301888,296.097332911983,4.44780683212527
550.943899688863,265.973930979117,3.88311366110735
166.12993267212,31.6527676394988,4.03843850969098
507.91966766331,346.331304888485,4.46835301931842
38.7326868112526,39.7354586081932,3.96354317012989
546.08171492583,159.160929999534,4.67928721738192
NA,NA,NA
663.888040140113,332.865320553059,3.66867530477483
458.2386684125,301.003293367599,3.68429510769999
7.8664151790668,495.276951274985,3.35677086877689
562.550620573936,58.3918659710694,4.26326002441374
75.9363726183982,375.9709435891,3.89355019085122
224.862512417555,419.180729232509,3.88287802056941
428.885078857434,11.3271661664753,3.42536846811291
362.000315778889,293.280222472501,3.09112724800592
599.653283989454,104.285118416192,4.35671005796035
389.26818402897,229.818670035769,4.17848242281692
570.831764904925,406.03246506366,4.75088181984544
145.8359065891,281.774591613613,4.41194278336973
199.070593696207,374.309489329126,3.95809934846279
124.922148924291,411.28544490905,3.36676859110086
630.392285786108,315.295562806438,4.44985500586913
4.98712042367636,148.094008900668,4.22881797845123
539.15467166169,200.032194043013,4.06422787134101
33.3512782001283,492.372341320084,3.0171559588066
280.362255347235,24.0306594941691,3.69551219649659
533.579856008897,393.331015467231,3.41241908774232
81.2001267658476,83.1141918380363,5.16592346188652
6.69329434909946,77.6261291937748,3.5941798222286
589.971622270711,228.609817979424,3.96936132929189
442.206019018378,463.008104188171,4.68008996892024
658.94568331973,375.144097893278,2.82757807158425
102.236066004022,483.68652728763,4.33036916766463
623.77273678212,85.2180559600836,4.08017882557184
418.302076642446,259.987526334096,3.64862315621611
12.0201034955148,182.494884389061,3.22475083816391
67.2384401876683,107.859457411566,4.26377268080068
616.929972735602,207.838384517698,4.08411470340761
250.203544341216,219.62858964565,3.76008712798808
565.970988653824,445.475529252728,3.82437947056907
297.98428802979,138.773025275779,3.85232012290762
526.5412394501,458.817480040457,3.54140900457954
35.6652051495011,416.857247035902,4.15577607723231
187.519582538982,284.995108050258,4.20667438837643
549.230023910653,263.50732324688,3.53010934977971
166.442409022582,33.828427951746,4.27394677691527
500.407525411306,348.978420926143,4.27223586101655
33.0739534304815,53.8421645237281,3.75814542349498
544.499200283692,151.33992425706,4.59147314621428
NA,NA,NA
663.888040140113,332.865320553059,3.66867530477483
458.2386684125,301.003293367599,3.68429510769999
7.8664151790668,495.276951274985,3.35677086877689
562.550620573936,58.3918659710694,4.26326002441374
75.9363726183982,375.9709435891,3.89355019085122
224.862512417555,419.180729232509,3.88287802056941
428.885078857434,11.3271661664753,3.42536846811291
362.000315778889,293.280222472501,3.09112724800592
599.653283989454,104.285118416192,4.35671005796035
389.26818402897,229.818670035769,4.17848242281692
570.831764904925,406.03246506366,4.75088181984544
145.8359065891,281.774591613613,4.41194278336973
199.070593696207,374.309489329126,3.95809934846279
124.922148924291,411.28544490905,3.36676859110086
630.392285786108,315.295562806438,4.44985500586913
4.98712042367636,148.094008900668,4.22881797845123
539.15467166169,200.032194043013,4.06422787134101
33.3512782001283,492.372341320084,3.0171559588066
280.362255347235,24.0306594941691,3.69551219649659
533.579856008897,393.331015467231,3.41241908774232
81.2001267658476,83.1141918380363,5.16592346188652
6.69329434909946,77.6261291937748,3.5941798222286
589.971622270711,228.609817979424,3.96936132929189
442.206019018378,463.008104188171,4.68008996892024
658.94568331973,375.144097893278,2.82757807158425
102.236066004022,483.68652728763,4.33036916766463
623.77273678212,85.2180559600836,4.08017882557184
418.302076642446,259.987526334096,3.64862315621611
12.0201034955148,182.494884389061,3.22475083816391
67.2384401876683,107.859457411566,4.26377268080068
616.929972735602,207.838384517698,4.08411470340761
250.203544341216,219.62858964565,3.76008712798808
565.970988653824,445.475529252728,3.82437947056907
297.98428802979,138.773025275779,3.85232012290762
526.5412394501,458.817480040457,3.54140900457954
35.6652051495011,416.857247035902,4.15577607723231
187.519582538982,284.995108050258,4.20667438837643
549.230023910653,263.50732324688,3.53010934977971
166.442409022582,33.828427951746,4.27394677691527
500.407525411306,348.978420926143,4.27223586101655
33.0739534304815,53.8421645237281,3.75814542349498
544.499200283692,151.33992425706,4.59147314621428
NA,NA,NA
663.888040140113,332.865320553059,3.66867530477483
458.2386684125,301.003293367599,3.68429510769999
7.8664151790668,495.276951274985,3.35677086877689
562.550620573936,58.3918659710694,4.26326002441374
75.9363726183982,375.9709435891,3.89355019085122
224.862512417555,419.180729232509,3.88287802056941
428.885078857434,11.3271661664753,3.42536846811291
362.000315778889,293.280222472501,3.09112724800592
599.653283989454,104.285118416192,4.35671005796035
389.26818402897,229.818670035769,4.17848242281692
570.831764904925,406.03246506366,4.75088181984544
145.8359065891,281.774591613613,4.41194278336973
199.070593696207,374.309489329126,3.95809934846279
124.922148924291,411.28544490905,3.36676859110086
630.392285786108,315.295562806438,4.44985500586913
4.98712042367636,148.094008900668,4.22881797845123
539.15467166169,200.032194043013,4.06422787134101
33.3512782001283,492.372341320084,3.0171559588066
280.362255347235,24.0306594941691,3.69551219649659
533.579856008897,393.331015467231,3.41241908774232
81.2001267658476,83.1141918380363,5.16592346188652
6.69329434909946,77.6261291937748,3.5941798222286
589.971622270711,228.609817979424,3.96936132929189
442.206019018378,463.008104188171,4.68008996892024
658.94568331973,375.144097893278,2.82757807158425
102.236066004022,483.68652728763,4.33036916766463
623.77273678212,85.2180559600836,4.08017882557184
418.302076642446,259.987526334096,3.64862315621611
12.0201034955148,182.494884389061,3.22475083816391
67.2384401876683,107.859457411566,4.26377268080068
616.929972735602,207.838384517698,4.08411470340761
250.203544341216,219.62858964565,3.76008712798808
565.970988653824,445.475529252728,3.82437947056907
297.98428802979,138.773025275779,3.85232012290762
526.5412394501,458.817480040457,3.54140900457954
35.6652051495011,416.857247035902,4.15577607723231
187.519582538982,284.995108050258,4.20667438837643
549.230023910653,263.50732324688,3.53010934977971
166.442409022582,33.828427951746,4.27394677691527
500.407525411306,348.978420926143,4.27223586101655
33.0739534304815,53.8421645237281,3.75814542349498
544.499200283692,151.33992425706,4.59147314621428
NA,NA,NA
663.888040140113,332.865320553059,3.66867530477483
458.2386684125,301.003293367599,3.68429510769999
7.8664151790668,495.276951274985,3.35677086877689
562.550620573936,58.3918659710694,4.26326002441374
75.9363726183982,375.9709435891,3.89355019085122
224.862512417555,419.180729232509,3.88287802056941
428.885078857434,11.3271661664753,3.42536846811291
362.000315778889,293.280222472501,3.09112724800592
599.653283989454,104.285118416192,4.35671005796035
389.26818402897,229.818670035769,4.17848242281692
570.831764904925,406.03246506366,4.75088181984544
145.8359065891,281.774591613613,4.41194278336973
199.070593696207,374.309489329126,3.95809934846279
124.922148924291,411.28544490905,3.36676859110086
630.392285786108,315.295562806438,4.44985500586913
4.98712042367636,148.094008900668,4.22881797845123
539.15467166169,200.032194043013,4.06422787134101
33.3512782001283,492.372341320084,3.0171559588066
280.362255347235,24.0306594941691,3.69551219649659
533.579856008897,393.331015467231,3.41241908774232
81.2001267658476,83.1141918380363,5.16592346188652
6.69329434909946,77.6261291937748,3.5941798222286
589.971622270711,228.609817979424,3.96936132929189
442.206019018378,463.008104188171,4.68008996892024
658.94568331973,375.144097893278,2.82757807158425
102.236066004022,483.68652728763,4.33036916766463
623.77273678212,85.2180559600836,4.08017882557184
418.302076642446,259.987526334096,3.64862315621611
12.0201034955148,182.494884389061,3.22475083816391
67.2384401876683,107.859457411566,4.26377268080068
616.929972735602,207.838384517698,4.08411470340761
250.203544341216,219.62858964565,3.76008712798808
565.970988653824,445.475529252728,3.82437947056907
297.98428802979,138.773025275779,3.85232012290762
526.5412394501,458.817480040457,3.54140900457954
35.6652051495011,416.857247035902,4.15577607723231
187.519582538982,284.995108050258,4.20667438837643
549.230023910653,263.50732324688,3.53010934977971
166.442409022582,33.828427951746,4.27394677691527
500.407525411306,348.978420926143,4.27223586101655
33.0739534304815,53.8421645237281,3.75814542349498
544.499200283692,151.33992425706,4.59147314621428
NA,NA,NA
663.888040140113,332.865320553059,3.66867530477483
458.2386684125,301.003293367599,3.68429510769999
7.8664151790668,495.276951274985,3.35677086877689
562.550620573936,58.3918659710694,4.26326002441374
75.9363726183982,375.9709435891,3.89355019085122
224.862512417555,419.180729232509,3.88287802056941
428.885078857434,11.3271661664753,3.42536846811291
362.000315778889,293.280222472501,3.09112724800592
599.653283989454,104.285118416192,4.35671005796035
389.26818402897,229.818670035769,4.17848242281692
570.831764904925,406.03246506366,4.75088181984544
145.8359065891,281.774591613613,4.41194278336973
199.070593696207,374.309489329126,3.95809934846279
124.922148924291,411.28544490905,3.36676859110086
630.392285786108,315.295562806438,4.44985500586913
4.98712042367636,148.094008900668,4.22881797845123
539.15467166169,200.032194043013,4.06422787134101
33.3512782001283,492.372341320084,3.0171559588066
280.362255347235,24.0306594941691,3.69551219649659
533.579856008897,393.331015467231,3.41241908774232
81.2001267658476,83.1141918380363,5.16592346188652
6.69329434909946,77.6261291937748,3.5941798222286
589.971622270711,228.609817979424,3.96936132929189
442.206019018378,463.008104188171,4.68008996892024
658.94568331973,375.144097893278,2.82757807158425
102.236066004022,483.68652728763,4.33036916766463
623.77273678212,85.2180559600836,4.08017882557184
418.302076642446,259.987526334096,3.64862315621611
12.0201034955148,182.494884389061,3.22475083816391
67.2384401876683,107.859457411566,4.26377268080068
616.929972735602,207.838384517698,4.08411470340761
250.203544341216,219.62858964565,3.76008712798808
565.970988653824,445.475529252728,3.82437947056907
297.98428802979,138.773025275779,3.85232012290762
526.5412394501,458.817480040457,3.54140900457954
35.6652051495011,416.857247035902,4.15577607723231
187.519582538982,284.995108050258,4.20667438837643
549.230023910653,263.50732324688,3.53010934977971
166.442409022582,33.828427951746,4.27394677691527
500.407525411306,348.978420926143,4.27223586101655
33.0739534304815,53.8421645237281,3.75814542349498
544.499200283692,151.33992425706,4.59147314621428
NA,NA,NA
663.888040140113,332.865320553059,3.66867530477483
458.2386684125,301.003293367599,3.68429510769999
7.8664151790668,495.276951274985,3.35677086877689
562.550620573936,58.3918659710694,4.26326002441374
75.9363726183982,375.9709435891,3.89355019085122
224.862512417555,419.180729232509,3.88287802056941
428.885078857434,11.3271661664753,3.42536846811291
362.000315778889,293.280222472501,3.09112724800592
599.653283989454,104.285118416192,4.35671005796035
389.26818402897,229.818670035769,4.17848242281692
570.831764904925,406.03246506366,4.75088181984544
145.8359065891,281.774591613613,4.41194278336973
199.070593696207,374.309489329126,3.95809934846279
124.922148924291,411.28544490905,3.36676859110086
630.392285786108,315.295562806438,4.44985500586913
4.98712042367636,148.094008900668,4.22881797845123
539.15467166169,200.032194043013,4.06422787134101
33.3512782001283,492.372341320084,3.0171559588066
280.362255347235,24.0306594941691,3.69551219649659
533.579856008897,393.331015467231,3.41241908774232
81.2001267658476,83.1141918380363,5.16592346188652
6.69329434909946,77.6261291937748,3.5941798222286
589.971622270711,228.609817979424,3.96936132929189
442.206019018378,463.008104188171,4.68008996892024
658.94568331973,375.144097893278,2.82757807158425
102.236066004022,483.68652728763,4.33036916766463
623.77273678212,85.2180559600836,4.08017882557184
418.302076642446,259.987526334096,3.64862315621611
12.0201034955148,182.494884389061,3.22475083816391
67.2384401876683,107.859457411566,4.26377268080068
616.929972735602,207.838384517698,4.08411470340761
250.203544341216,219.62858964565,3.76008712798808
565.970988653824,445.475529252728,3.82437947056907
297.98428802979,138.773025275779,3.85232012290762
526.5412394501,458.817480040457,3.54140900457954
35.6652051495011,416.857247035902,4.15577607723231
187.519582538982,284.995108050258,4.20667438837643
549.230023910653,263.50732324688,3.53010934977971
166.442409022582,33.828427951746,4.27394677691527
500.407525411306,348.978420926143,4.27223586101655
33.0739534304815,53.8421645237281,3.75814542349498
544.499200283692,151.33992425706,4.59147314621428
NA,NA,NA
664.081277399215,333.145351284888,3.57622899085418
455.73722760812,297.314880479243,3.59050684915043
11.2777852443212,492.692917585881,3.71293988544389
563.467114814908,46.3713515370082,4.28219492840815
73.3832803019248,372.210482342829,3.89827544751329
237.292994118611,417.447242177771,3.96141586880888
430.002636207584,11.1947444464039,3.39291457737599
359.070574214812,293.724264059048,2.97694321710652
610.54545393273,105.261860031889,4.29353916469912
393.660787991966,226.56680352342,4.26869549992754
576.342884075914,408.862994859997,4.71722591033393
145.757554077485,283.73938552055,4.63414855916396
202.852555926296,371.326461988684,3.99257992423488
125.93492684736,413.03566862194,3.40890386218773
627.844691783079,315.440976390402,4.57952860507212
2.34946796133972,144.70976047811,4.2680646208614
543.163835795496,202.948780601183,4.00373184756529
34.118601048197,492.254981118576,2.98834744100252
277.674469661373,29.2699153756006,3.97826905272885
534.940901643001,393.484067454301,3.47213328463505
71.6779887433218,80.262991508808,5.20587859554109
4.69760324989189,74.3042655162159,3.38187750939796
588.955082134595,226.553261080436,3.99486139618361
445.383408661327,460.696265937687,4.81869071492139
660.108732574136,373.576821365379,2.86870273158223
104.41930612902,489.755430617635,4.31664688257647
628.941917773901,89.4680206894801,4.12155855546152
421.396180367038,262.246589490581,3.74498870043641
10.4832302537594,182.133832630472,3.18401869023443
60.7538450198966,115.859799056749,4.38017970838524
622.717725581043,198.696567842121,4.18853211098146
256.040218481469,219.162019676434,4.13041153227733
571.986616718108,433.799277842942,3.85155837080595
4.0696937629493,70.5422533203173,3.37414226101035
303.551192697489,140.562969071998,3.85062213598243
521.525038362475,449.67623850077,3.76027676914978
43.2044532092735,423.240550471378,3.76833430374447
195.315242328815,293.267337419849,3.82849085610533
551.071545553853,261.022952409058,3.87655787712167
170.489947670521,38.0563002768884,4.32351841814503
509.34009753433,344.213725861575,4.63195425777603
29.75196751296,49.4880723272759,4.0494847400264
523.958403721786,156.402934239323,4.98812175791815
NA,NA,NA
664.081277399215,333.145351284888,3.57622899085418
455.73722760812,297.314880479243,3.59050684915043
11.2777852443212,492.692917585881,3.71293988544389
563.467114814908,46.3713515370082,4.28219492840815
73.3832803019248,372.210482342829,3.89827544751329
237.292994118611,417.447242177771,3.96141586880888
430.002636207584,11.1947444464039,3.39291457737599
359.070574214812,293.724264059048,2.97694321710652
610.54545393273,105.261860031889,4.29353916469912
393.660787991966,226.56680352342,4.26869549992754
576.342884075914,408.862994859997,4.71722591033393
145.757554077485,283.73938552055,4.63414855916396
202.852555926296,371.326461988684,3.99257992423488
125.93492684736,413.03566862194,3.40890386218773
627.844691783079,315.440976390402,4.57952860507212
2.34946796133972,144.70976047811,4.2680646208614
543.163835795496,202.948780601183,4.00373184756529
34.118601048197,492.254981118576,2.98834744100252
277.674469661373,29.2699153756006,3.97826905272885
534.940901643001,393.484067454301,3.47213328463505
71.6779887433218,80.262991508808,5.20587859554109
4.69760324989189,74.3042655162159,3.38187750939796
588.955082134595,226.553261080436,3.99486139618361
445.383408661327,460.696265937687,4.81869071492139
660.108732574136,373.576821365379,2.86870273158223
104.41930612902,489.755430617635,4.31664688257647
628.941917773901,89.4680206894801,4.12155855546152
421.396180367038,262.246589490581,3.74498870043641
10.4832302537594,182.133832630472,3.18401869023443
60.7538450198966,115.859799056749,4.38017970838524
622.717725581043,198.696567842121,4.18853211098146
256.040218481469,219.162019676434,4.13041153227733
571.986616718108,433.799277842942,3.85155837080595
4.0696937629493,70.5422533203173,3.37414226101035
303.551192697489,140.562969071998,3.85062213598243
521.525038362475,449.67623850077,3.76027676914978
43.2044532092735,423.240550471378,3.76833430374447
195.315242328815,293.267337419849,3.82849085610533
551.071545553853,261.022952409058,3.87655787712167
170.489947670521,38.0563002768884,4.32351841814503
509.34009753433,344.213725861575,4.63195425777603
29.75196751296,49.4880723272759,4.0494847400264
523.958403721786,156.402934239323,4.98812175791815
NA,NA,NA
664.081277399215,333.145351284888,3.57622899085418
455.73722760812,297.314880479243,3.59050684915043
11.2777852443212,492.692917585881,3.71293988544389
563.467114814908,46.3713515370082,4.28219492840815
73.3832803019248,372.210482342829,3.89827544751329
237.292994118611,417.447242177771,3.96141586880888
430.002636207584,11.1947444464039,3.39291457737599
359.070574214812,293.724264059048,2.97694321710652
610.54545393273,105.261860031889,4.29353916469912
393.660787991966,226.56680352342,4.26869549992754
576.342884075914,408.862994859997,4.71722591033393
145.757554077485,283.73938552055,4.63414855916396
202.852555926296,371.326461988684,3.99257992423488
125.93492684736,413.03566862194,3.40890386218773
627.844691783079,315.440976390402,4.57952860507212
2.34946796133972,144.70976047811,4.2680646208614
543.163835795496,202.948780601183,4.00373184756529
34.118601048197,492.254981118576,2.98834744100252
277.674469661373,29.2699153756006,3.97826905272885
534.940901643001,393.484067454301,3.47213328463505
71.6779887433218,80.262991508808,5.20587859554109
4.69760324989189,74.3042655162159,3.38187750939796
588.955082134595,226.553261080436,3.99486139618361
445.383408661327,460.696265937687,4.81869071492139
660.108732574136,373.576821365379,2.86870273158223
104.41930612902,489.755430617635,4.31664688257647
628.941917773901,89.4680206894801,4.12155855546152
421.396180367038,262.246589490581,3.74498870043641
10.4832302537594,182.133832630472,3.18401869023443
60.7538450198966,115.859799056749,4.38017970838524
622.717725581043,198.696567842121,4.18853211098146
256.040218481469,219.162019676434,4.13041153227733
571.986616718108,433.799277842942,3.85155837080595
4.0696937629493,70.5422533203173,3.37414226101035
303.551192697489,140.562969071998,3.85062213598243
521.525038362475,449.67623850077,3.76027676914978
43.2044532092735,423.240550471378,3.76833430374447
195.315242328815,293.267337419849,3.82849085610533
551.071545553853,261.022952409058,3.87655787712167
170.489947670521,38.0563002768884,4.32351841814503
509.34009753433,344.213725861575,4.63195425777603
29.75196751296,49.4880723272759,4.0494847400264
523.958403721786,156.402934239323,4.98812175791815
NA,NA,NA
664.081277399215,333.145351284888,3.57622899085418
455.73722760812,297.314880479243,3.59050684915043
11.2777852443212,492.692917585881,3.71293988544389
563.467114814908,46.3713515370082,4.28219492840815
73.3832803019248,372.210482342829,3.89827544751329
237.292994118611,417.447242177771,3.96141586880888
430.002636207584,11.1947444464039,3.39291457737599
359.070574214812,293.724264059048,2.97694321710652
610.54545393273,105.261860031889,4.29353916469912
393.660787991966,226.56680352342,4.26869549992754
576.342884075914,408.862994859997,4.71722591033393
145.757554077485,283.73938552055,4.63414855916396
202.852555926296,371.326461988684,3.99257992423488
125.93492684736,413.03566862194,3.40890386218773
627.844691783079,315.440976390402,4.57952860507212
2.34946796133972,144.70976047811,4.2680646208614
543.163835795496,202.948780601183,4.00373184756529
34.118601048197,492.254981118576,2.98834744100252
277.674469661373,29.2699153756006,3.97826905272885
534.940901643001,393.484067454301,3.47213328463505
71.6779887433218,80.262991508808,5.20587859554109
4.69760324989189,74.3042655162159,3.38187750939796
588.955082134595,226.553261080436,3.99486139618361
445.383408661327,460.696265937687,4.81869071492139
660.108732574136,373.576821365379,2.86870273158223
104.41930612902,489.755430617635,4.31664688257647
628.941917773901,89.4680206894801,4.12155855546152
421.396180367038,262.246589490581,3.74498870043641
10.4832302537594,182.133832630472,3.18401869023443
60.7538450198966,115.859799056749,4.38017970838524
622.717725581043,198.696567842121,4.18853211098146
256.040218481469,219.162019676434,4.13041153227733
571.986616718108,433.799277842942,3.85155837080595
4.0696937629493,70.5422533203173,3.37414226101035
303.551192697489,140.562969071998,3.85062213598243
521.525038362475,449.67623850077,3.76027676914978
43.2044532092735,423.240550471378,3.76833430374447
195.315242328815,293.267337419849,3.82849085610533
551.071545553853,261.022952409058,3.87655787712167
170.489947670521,38.0563002768884,4.32351841814503
509.34009753433,344.213725861575,4.63195425777603
29.75196751296,49.4880723272759,4.0494847400264
523.958403721786,156.402934239323,4.98812175791815
NA,NA,NA
664.081277399215,333.145351284888,3.57622899085418
455.73722760812,297.314880479243,3.59050684915043
11.2777852443212,492.692917585881,3.71293988544389
563.467114814908,46.3713515370082,4.28219492840815
73.3832803019248,372.210482342829,3.89827544751329
237.292994118611,417.447242177771,3.96141586880888
430.002636207584,11.1947444464039,3.39291457737599
359.070574214812,293.724264059048,2.97694321710652
610.54545393273,105.261860031889,4.29353916469912
393.660787991966,226.56680352342,4.26869549992754
576.342884075914,408.862994859997,4.71722591033393
145.757554077485,283.73938552055,4.63414855916396
202.852555926296,371.326461988684,3.99257992423488
125.93492684736,413.03566862194,3.40890386218773
627.844691783079,315.440976390402,4.57952860507212
2.34946796133972,144.70976047811,4.2680646208614
543.163835795496,202.948780601183,4.00373184756529
34.118601048197,492.254981118576,2.98834744100252
277.674469661373,29.2699153756006,3.97826905272885
534.940901643001,393.484067454301,3.47213328463505
71.6779887433218,80.262991508808,5.20587859554109
4.69760324989189,74.3042655162159,3.38187750939796
588.955082134595,226.553261080436,3.99486139618361
445.383408661327,460.696265937687,4.81869071492139
660.108732574136,373.576821365379,2.86870273158223
104.41930612902,489.755430617635,4.31664688257647
628.941917773901,89.4680206894801,4.12155855546152
421.396180367038,262.246589490581,3.74498870043641
10.4832302537594,182.133832630472,3.18401869023443
60.7538450198966,115.859799056749,4.38017970838524
622.717725581043,198.696567842121,4.18853211098146
256.040218481469,219.162019676434,4.13041153227733
571.986616718108,433.799277842942,3.85155837080595
4.0696937629493,70.5422533203173,3.37414226101035
303.551192697489,140.562969071998,3.85062213598243
521.525038362475,449.67623850077,3.76027676914978
43.2044532092735,423.240550471378,3.76833430374447
195.315242328815,293.267337419849,3.82849085610533
551.071545553853,261.022952409058,3.87655787712167
170.489947670521,38.0563002768884,4.32351841814503
509.34009753433,344.213725861575,4.63195425777603
29.75196751296,49.4880723272759,4.0494847400264
523.958403721786,156.402934239323,4.98812175791815
NA,NA,NA
664.081277399215,333.145351284888,3.57622899085418
455.73722760812,297.314880479243,3.59050684915043
11.2777852443212,492.692917585881,3.71293988544389
563.467114814908,46.3713515370082,4.28219492840815
73.3832803019248,372.210482342829,3.89827544751329
237.292994118611,417.447242177771,3.96141586880888
430.002636207584,11.1947444464039,3.39291457737599
359.070574214812,293.724264059048,2.97694321710652
610.54545393273,105.261860031889,4.29353916469912
393.660787991966,226.56680352342,4.26869549992754
576.342884075914,408.862994859997,4.71722591033393
145.757554077485,283.73938552055,4.63414855916396
202.852555926296,371.326461988684,3.99257992423488
125.93492684736,413.03566862194,3.40890386218773
627.844691783079,315.440976390402,4.57952860507212
2.34946796133972,144.70976047811,4.2680646208614
543.163835795496,202.948780601183,4.00373184756529
34.118601048197,492.254981118576,2.98834744100252
277.674469661373,29.2699153756006,3.97826905272885
534.940901643001,393.484067454301,3.47213328463505
71.6779887433218,80.262991508808,5.20587859554109
4.69760324989189,74.3042655162159,3.38187750939796
588.955082134595,226.553261080436,3.99486139618361
445.383408661327,460.696265937687,4.81869071492139
660.108732574136,373.576821365379,2.86870273158223
104.41930612902,489.755430617635,4.31664688257647
628.941917773901,89.4680206894801,4.12155855546152
421.396180367038,262.246589490581,3.74498870043641
10.4832302537594,182.133832630472,3.18401869023443
60.7538450198966,115.859799056749,4.38017970838524
622.717725581043,198.696567842121,4.18853211098146
256.040218481469,219.162019676434,4.13041153227733
571.986616718108,433.799277842942,3.85155837080595
4.0696937629493,70.5422533203173,3.37414226101035
303.551192697489,140.562969071998,3.85062213598243
521.525038362475,449.67623850077,3.76027676914978
43.2044532092735,423.240550471378,3.76833430374447
195.315242328815,293.267337419849,3.82849085610533
551.071545553853,261.022952409058,3.87655787712167
170.489947670521,38.0563002768884,4.32351841814503
509.34009753433,344.213725861575,4.63195425777603
29.75196751296,49.4880723272759,4.0494847400264
523.958403721786,156.402934239323,4.98812175791815
NA,NA,NA
661.01018746477,340.800288551072,3.64828935664229
456.340401587851,299.145153142205,3.54908799027171
15.3842212872339,491.72119701781,3.63996440783132
558.874208469741,55.4154692725956,4.17555614085618
72.6628928426814,372.480899180322,3.96708858875948
226.784166892653,411.554336587836,3.85052299961737
428.999910976431,10.4500725183887,3.28616935365005
364.827753383374,296.042842636322,2.8346571938933
603.821833841639,100.812406981957,4.1457540582713
392.538692007609,227.694737279053,4.16013018992461
570.969633524789,410.531312247133,4.70596824070961
138.104927586762,288.963910393916,4.52071927000833
204.881764298138,366.300092883228,3.98255981690865
124.942467365659,411.316738254659,3.32250415876614
623.369783232101,312.603854662275,4.59811781259692
0.742533462945064,139.801220106495,4.26041252927098
542.970002196789,206.373399717491,4.03954369008527
34.1797901608123,493.026113710982,2.83088701421095
276.387623353698,21.3246800831256,4.0321754604182
535.725183225718,394.115104061885,3.40248056166771
71.1102101338533,80.7070031272694,5.30192474681493
4.91396103000414,77.5688194422857,3.71863717931127
592.269925760573,225.384966603205,4.09004054666171
446.182247748414,460.312265693113,4.74938764698333
658.607284276117,373.550533107802,3.00558043222951
98.0613681442599,483.805306271012,4.41617649414321
624.782479729773,86.9697264672642,4.06532977942673
417.274894743556,260.137333995154,3.72123390853096
9.26974388467371,180.169294539905,3.1853147891661
67.6593175199108,102.778793107318,4.75647077654313
612.936020784086,196.891223147623,4.03221157370287
259.333090843026,219.481135249215,3.85751655188847
575.718622347563,436.569085696734,4.07555480102611
-3.14435199733346,80.6177066332737,3.34020982632151
300.848648662311,132.329866160459,3.93197253364554
531.361183077712,462.644715096637,3.44770652189906
34.6862157260873,424.200312173439,3.75192510470145
196.957199717825,288.707345825711,4.09091337926795
554.933119346524,258.797611013524,3.85392140967837
198.870746392761,32.5975964864719,4.23382507141743
498.106282810631,347.070239946655,4.57395753328381
36.7108334200752,62.2248776330415,3.59470291198896
521.874250995609,139.807727520626,4.66773213254516
NA,NA,NA
661.01018746477,340.800288551072,3.64828935664229
456.340401587851,299.145153142205,3.54908799027171
15.3842212872339,491.72119701781,3.63996440783132
558.874208469741,55.4154692725956,4.17555614085618
72.6628928426814,372.480899180322,3.96708858875948
226.784166892653,411.554336587836,3.85052299961737
428.999910976431,10.4500725183887,3.28616935365005
364.827753383374,296.042842636322,2.8346571938933
603.821833841639,100.812406981957,4.1457540582713
392.538692007609,227.694737279053,4.16013018992461
570.969633524789,410.531312247133,4.70596824070961
138.104927586762,288.963910393916,4.52071927000833
204.881764298138,366.300092883228,3.98255981690865
124.942467365659,411.316738254659,3.32250415876614
623.369783232101,312.603854662275,4.59811781259692
0.742533462945064,139.801220106495,4.26041252927098
542.970002196789,206.373399717491,4.03954369008527
34.1797901608123,493.026113710982,2.83088701421095
276.387623353698,21.3246800831256,4.0321754604182
535.725183225718,394.115104061885,3.40248056166771
71.1102101338533,80.7070031272694,5.30192474681493
4.91396103000414,77.5688194422857,3.71863717931127
592.269925760573,225.384966603205,4.09004054666171
446.182247748414,460.312265693113,4.74938764698333
658.607284276117,373.550533107802,3.00558043222951
98.0613681442599,483.805306271012,4.41617649414321
624.782479729773,86.9697264672642,4.06532977942673
417.274894743556,260.137333995154,3.72123390853096
9.26974388467371,180.169294539905,3.1853147891661
67.6593175199108,102.778793107318,4.75647077654313
612.936020784086,196.891223147623,4.03221157370287
259.333090843026,219.481135249215,3.85751655188847
575.718622347563,436.569085696734,4.07555480102611
-3.14435199733346,80.6177066332737,3.34020982632151
300.848648662311,132.329866160459,3.93197253364554
531.361183077712,462.644715096637,3.44770652189906
34.6862157260873,424.200312173439,3.75192510470145
196.957199717825,288.707345825711,4.09091337926795
554.933119346524,258.797611013524,3.85392140967837
198.870746392761,32.5975964864719,4.23382507141743
498.106282810631,347.070239946655,4.57395753328381
36.7108334200752,62.2248776330415,3.59470291198896
521.874250995609,139.807727520626,4.66773213254516
NA,NA,NA
661.01018746477,340.800288551072,3.64828935664229
456.340401587851,299.145153142205,3.54908799027171
15.3842212872339,491.72119701781,3.63996440783132
558.874208469741,55.4154692725956,4.17555614085618
72.6628928426814,372.480899180322,3.96708858875948
226.784166892653,411.554336587836,3.85052299961737
428.999910976431,10.4500725183887,3.28616935365005
364.827753383374,296.042842636322,2.8346571938933
603.821833841639,100.812406981957,4.1457540582713
392.538692007609,227.694737279053,4.16013018992461
570.969633524789,410.531312247133,4.70596824070961
138.104927586762,288.963910393916,4.52071927000833
204.881764298138,366.300092883228,3.98255981690865
124.942467365659,411.316738254659,3.32250415876614
623.369783232101,312.603854662275,4.59811781259692
0.742533462945064,139.801220106495,4.26041252927098
542.970002196789,206.373399717491,4.03954369008527
34.1797901608123,493.026113710982,2.83088701421095
276.387623353698,21.3246800831256,4.0321754604182
535.725183225718,394.115104061885,3.40248056166771
71.1102101338533,80.7070031272694,5.30192474681493
4.91396103000414,77.5688194422857,3.71863717931127
592.269925760573,225.384966603205,4.09004054666171
446.182247748414,460.312265693113,4.74938764698333
658.607284276117,373.550533107802,3.00558043222951
98.0613681442599,483.805306271012,4.41617649414321
624.782479729773,86.9697264672642,4.06532977942673
417.274894743556,260.137333995154,3.72123390853096
9.26974388467371,180.169294539905,3.1853147891661
67.6593175199108,102.778793107318,4.75647077654313
612.936020784086,196.891223147623,4.03221157370287
259.333090843026,219.481135249215,3.85751655188847
575.718622347563,436.569085696734,4.07555480102611
-3.14435199733346,80.6177066332737,3.34020982632151
300.848648662311,132.329866160459,3.93197253364554
531.361183077712,462.644715096637,3.44770652189906
34.6862157260873,424.200312173439,3.75192510470145
196.957199717825,288.707345825711,4.09091337926795
554.933119346524,258.797611013524,3.85392140967837
198.870746392761,32.5975964864719,4.23382507141743
498.106282810631,347.070239946655,4.57395753328381
36.7108334200752,62.2248776330415,3.59470291198896
521.874250995609,139.807727520626,4.66773213254516
NA,NA,NA
661.01018746477,340.800288551072,3.64828935664229
456.340401587851,299.145153142205,3.54908799027171
15.3842212872339,491.72119701781,3.63996440783132
558.874208469741,55.4154692725956,4.17555614085618
72.6628928426814,372.480899180322,3.96708858875948
226.784166892653,411.554336587836,3.85052299961737
428.999910976431,10.4500725183887,3.28616935365005
364.827753383374,296.042842636322,2.8346571938933
603.821833841639,100.812406981957,4.1457540582713
392.538692007609,227.694737279053,4.16013018992461
570.969633524789,410.531312247133,4.70596824070961
138.104927586762,288.963910393916,4.52071927000833
204.881764298138,366.300092883228,3.98255981690865
124.942467365659,411.316738254659,3.32250415876614
623.369783232101,312.603854662275,4.59811781259692
0.742533462945064,139.801220106495,4.26041252927098
542.970002196789,206.373399717491,4.03954369008527
34.1797901608123,493.026113710982,2.83088701421095
276.387623353698,21.3246800831256,4.0321754604182
535.725183225718,394.115104061885,3.40248056166771
71.1102101338533,80.7070031272694,5.30192474681493
4.91396103000414,77.5688194422857,3.71863717931127
592.269925760573,225.384966603205,4.09004054666171
446.182247748414,460.312265693113,4.74938764698333
658.607284276117,373.550533107802,3.00558043222951
98.0613681442599,483.805306271012,4.41617649414321
624.782479729773,86.9697264672642,4.06532977942673
417.274894743556,260.137333995154,3.72123390853096
9.26974388467371,180.169294539905,3.1853147891661
67.6593175199108,102.778793107318,4.75647077654313
612.936020784086,196.891223147623,4.03221157370287
259.333090843026,219.481135249215,3.85751655188847
575.718622347563,436.569085696734,4.07555480102611
-3.14435199733346,80.6177066332737,3.34020982632151
300.848648662311,132.329866160459,3.93197253364554
531.361183077712,462.644715096637,3.44770652189906
34.6862157260873,424.200312173439,3.75192510470145
196.957199717825,288.707345825711,4.09091337926795
554.933119346524,258.797611013524,3.85392140967837
198.870746392761,32.5975964864719,4.23382507141743
498.106282810631,347.070239946655,4.57395753328381
36.7108334200752,62.2248776330415,3.59470291198896
521.874250995609,139.807727520626,4.66773213254516
NA,NA,NA
661.01018746477,340.800288551072,3.64828935664229
456.340401587851,299.145153142205,3.54908799027171
15.3842212872339,491.72119701781,3.63996440783132
558.874208469741,55.4154692725956,4.17555614085618
72.6628928426814,372.480899180322,3.96708858875948
226.784166892653,411.554336587836,3.85052299961737
428.999910976431,10.4500725183887,3.28616935365005
364.827753383374,296.042842636322,2.8346571938933
603.821833841639,100.812406981957,4.1457540582713
392.538692007609,227.694737279053,4.16013018992461
570.969633524789,410.531312247133,4.70596824070961
138.104927586762,288.963910393916,4.52071927000833
204.881764298138,366.300092883228,3.98255981690865
124.942467365659,411.316738254659,3.32250415876614
623.369783232101,312.603854662275,4.59811781259692
0.742533462945064,139.801220106495,4.26041252927098
542.970002196789,206.373399717491,4.03954369008527
34.1797901608123,493.026113710982,2.83088701421095
276.387623353698,21.3246800831256,4.0321754604182
535.725183225718,394.115104061885,3.40248056166771
71.1102101338533,80.7070031272694,5.30192474681493
4.91396103000414,77.5688194422857,3.71863717931127
592.269925760573,225.384966603205,4.09004054666171
446.182247748414,460.312265693113,4.74938764698333
658.607284276117,373.550533107802,3.00558043222951
98.0613681442599,483.805306271012,4.41617649414321
624.782479729773,86.9697264672642,4.06532977942673
417.274894743556,260.137333995154,3.72123390853096
9.26974388467371,180.169294539905,3.1853147891661
67.6593175199108,102.778793107318,4.75647077654313
612.936020784086,196.891223147623,4.03221157370287
259.333090843026,219.481135249215,3.85751655188847
575.718622347563,436.569085696734,4.07555480102611
-3.14435199733346,80.6177066332737,3.34020982632151
300.848648662311,132.329866160459,3.93197253364554
531.361183077712,462.644715096637,3.44770652189906
34.6862157260873,424.200312173439,3.75192510470145
196.957199717825,288.707345825711,4.09091337926795
554.933119346524,258.797611013524,3.85392140967837
198.870746392761,32.5975964864719,4.23382507141743
498.106282810631,347.070239946655,4.57395753328381
36.7108334200752,62.2248776330415,3.59470291198896
521.874250995609,139.807727520626,4.66773213254516
NA,NA,NA
661.01018746477,340.800288551072,3.64828935664229
456.340401587851,299.145153142205,3.54908799027171
15.3842212872339,491.72119701781,3.63996440783132
558.874208469741,55.4154692725956,4.17555614085618
72.6628928426814,372.480899180322,3.96708858875948
226.784166892653,411.554336587836,3.85052299961737
428.999910976431,10.4500725183887,3.28616935365005
364.827753383374,296.042842636322,2.8346571938933
603.821833841639,100.812406981957,4.1457540582713
392.538692007609,227.694737279053,4.16013018992461
570.969633524789,410.531312247133,4.70596824070961
138.104927586762,288.963910393916,4.52071927000833
204.881764298138,366.300092883228,3.98255981690865
124.942467365659,411.316738254659,3.32250415876614
623.369783232101,312.603854662275,4.59811781259692
0.742533462945064,139.801220106495,4.26041252927098
542.970002196789,206.373399717491,4.03954369008527
34.1797901608123,493.026113710982,2.83088701421095
276.387623353698,21.3246800831256,4.0321754604182
535.725183225718,394.115104061885,3.40248056166771
71.1102101338533,80.7070031272694,5.30192474681493
4.91396103000414,77.5688194422857,3.71863717931127
592.269925760573,225.384966603205,4.09004054666171
446.182247748414,460.312265693113,4.74938764698333
658.607284276117,373.550533107802,3.00558043222951
98.0613681442599,483.805306271012,4.41617649414321
624.782479729773,86.9697264672642,4.06532977942673
417.274894743556,260.137333995154,3.72123390853096
9.26974388467371,180.169294539905,3.1853147891661
67.6593175199108,102.778793107318,4.75647077654313
612.936020784086,196.891223147623,4.03221157370287
259.333090843026,219.481135249215,3.85751655188847
575.718622347563,436.569085696734,4.07555480102611
-3.14435199733346,80.6177066332737,3.34020982632151
300.848648662311,132.329866160459,3.93197253364554
531.361183077712,462.644715096637,3.44770652189906
34.6862157260873,424.200312173439,3.75192510470145
196.957199717825,288.707345825711,4.09091337926795
554.933119346524,258.797611013524,3.85392140967837
198.870746392761,32.5975964864719,4.23382507141743
498.106282810631,347.070239946655,4.57395753328381
36.7108334200752,62.2248776330415,3.59470291198896
521.874250995609,139.807727520626,4.66773213254516
NA,NA,NA
660.75821079581,336.336491984301,3.48186762200939
453.462099994371,295.286094129404,3.63015302547812
10.1868837748883,496.21553785198,3.71213931402857
559.228093401988,53.7997528772763,4.26370282864258
69.3742812641677,380.201611532517,3.99747136575016
227.960518816942,409.407593894437,3.88423460646956
429.850512882006,10.601807855098,3.2836746780889
365.099931928089,290.937649840547,3.10028395984941
602.433239222627,103.614048592939,4.03730359435297
391.042934099182,228.123613556443,4.11280271713334
578.066030319299,412.682566095598,4.7095015242747
138.06920714024,282.359451597897,4.51411637893169
196.155893180626,369.467773085446,4.09686577047004
121.875312552459,411.859986312522,3.46715922034786
633.943483509244,314.194993138537,4.53551395817166
4.06084699296085,151.415107691801,4.31172504137142
542.343954024091,203.831445680469,4.15869876855756
32.8677011597588,490.480629435534,3.01960296596759
281.789124641613,23.3034687704364,3.82495570533631
534.604243289943,390.36412183329,3.30810893016766
73.7576394773431,66.1080056487105,5.16666194228244
5.59017540433479,78.0276861637727,3.47226247041956
592.83303213605,225.151059348866,4.04516464502197
444.05272541887,461.090458834982,4.79228774383879
656.187822644751,374.434317478593,2.93613863616092
107.15623220423,487.451168380819,4.32199622752108
625.788491129409,90.0021986792371,4.11163032937983
420.265222842882,260.383869339749,3.6338276715363
11.4007883694224,183.553849147328,3.34636888093537
67.5623540313877,122.594199320373,4.25048200053853
612.884199112924,196.820441351437,4.06605610108296
254.955965800229,214.071751612815,3.71182195025027
563.577899875504,438.474464753608,3.84058833590284
2.04321674713155,71.8279032842949,3.44299025804866
301.449180686633,136.972405672062,3.80163678340565
528.34980382202,455.122231091397,3.61294899886598
44.9440874438782,415.283535664371,4.05820853135754
191.456037385141,301.863573866638,3.79278389237981
555.786818217456,265.160140147363,3.71624122197073
195.102580581625,33.5199180625703,4.17394399795744
499.446319055889,350.000907248837,4.55983318329303
47.6286164646661,57.9599433800047,3.60086294134354
532.141852712175,150.416457327784,4.89134666901358
NA,NA,NA
660.75821079581,336.336491984301,3.48186762200939
453.462099994371,295.286094129404,3.63015302547812
10.1868837748883,496.21553785198,3.71213931402857
559.228093401988,53.7997528772763,4.26370282864258
69.3742812641677,380.201611532517,3.99747136575016
227.960518816942,409.407593894437,3.88423460646956
429.850512882006,10.601807855098,3.2836746780889
365.099931928089,290.937649840547,3.10028395984941
602.433239222627,103.614048592939,4.03730359435297
391.042934099182,228.123613556443,4.11280271713334
578.066030319299,412.682566095598,4.7095015242747
138.06920714024,282.359451597897,4.51411637893169
196.155893180626,369.467773085446,4.09686577047004
121.875312552459,411.859986312522,3.46715922034786
633.943483509244,314.194993138537,4.53551395817166
4.06084699296085,151.415107691801,4.31172504137142
542.343954024091,203.831445680469,4.15869876855756
32.8677011597588,490.480629435534,3.01960296596759
281.789124641613,23.3034687704364,3.82495570533631
534.604243289943,390.36412183329,3.30810893016766
73.7576394773431,66.1080056487105,5.16666194228244
5.59017540433479,78.0276861637727,3.47226247041956
592.83303213605,225.151059348866,4.04516464502197
444.05272541887,461.090458834982,4.79228774383879
656.187822644751,374.434317478593,2.93613863616092
107.15623220423,487.451168380819,4.32199622752108
625.788491129409,90.0021986792371,4.11163032937983
420.265222842882,260.383869339749,3.6338276715363
11.4007883694224,183.553849147328,3.34636888093537
67.5623540313877,122.594199320373,4.25048200053853
612.884199112924,196.820441351437,4.06605610108296
254.955965800229,214.071751612815,3.71182195025027
563.577899875504,438.474464753608,3.84058833590284
2.04321674713155,71.8279032842949,3.44299025804866
301.449180686633,136.972405672062,3.80163678340565
528.34980382202,455.122231091397,3.61294899886598
44.9440874438782,415.283535664371,4.05820853135754
191.456037385141,301.863573866638,3.79278389237981
555.786818217456,265.160140147363,3.71624122197073
195.102580581625,33.5199180625703,4.17394399795744
499.446319055889,350.000907248837,4.55983318329303
47.6286164646661,57.9599433800047,3.60086294134354
532.141852712175,150.416457327784,4.89134666901358
NA,NA,NA
660.75821079581,336.336491984301,3.48186762200939
453.462099994371,295.286094129404,3.63015302547812
10.1868837748883,496.21553785198,3.71213931402857
559.228093401988,53.7997528772763,4.26370282864258
69.3742812641677,380.201611532517,3.99747136575016
227.960518816942,409.407593894437,3.88423460646956
429.850512882006,10.601807855098,3.2836746780889
365.099931928089,290.937649840547,3.10028395984941
602.433239222627,103.614048592939,4.03730359435297
391.042934099182,228.123613556443,4.11280271713334
578.066030319299,412.682566095598,4.7095015242747
138.06920714024,282.359451597897,4.51411637893169
196.155893180626,369.467773085446,4.09686577047004
121.875312552459,411.859986312522,3.46715922034786
633.943483509244,314.194993138537,4.53551395817166
4.06084699296085,151.415107691801,4.31172504137142
542.343954024091,203.831445680469,4.15869876855756
32.8677011597588,490.480629435534,3.01960296596759
281.789124641613,23.3034687704364,3.82495570533631
534.604243289943,390.36412183329,3.30810893016766
73.7576394773431,66.1080056487105,5.16666194228244
5.59017540433479,78.0276861637727,3.47226247041956
592.83303213605,225.151059348866,4.04516464502197
444.05272541887,461.090458834982,4.79228774383879
656.187822644751,374.434317478593,2.93613863616092
107.15623220423,487.451168380819,4.32199622752108
625.788491129409,90.0021986792371,4.11163032937983
420.265222842882,260.383869339749,3.6338276715363
11.4007883694224,183.553849147328,3.34636888093537
67.5623540313877,122.594199320373,4.25048200053853
612.884199112924,196.820441351437,4.06605610108296
254.955965800229,214.071751612815,3.71182195025027
563.577899875504,438.474464753608,3.84058833590284
2.04321674713155,71.8279032842949,3.44299025804866
301.449180686633,136.972405672062,3.80163678340565
528.34980382202,455.122231091397,3.61294899886598
44.9440874438782,415.283535664371,4.05820853135754
191.456037385141,301.863573866638,3.79278389237981
555.786818217456,265.160140147363,3.71624122197073
195.102580581625,33.5199180625703,4.17394399795744
499.446319055889,350.000907248837,4.55983318329303
47.6286164646661,57.9599433800047,3.60086294134354
532.141852712175,150.416457327784,4.89134666901358
NA,NA,NA
660.75821079581,336.336491984301,3.48186762200939
453.462099994371,295.286094129404,3.63015302547812
10.1868837748883,496.21553785198,3.71213931402857
559.228093401988,53.7997528772763,4.26370282864258
69.3742812641677,380.201611532517,3.99747136575016
227.960518816942,409.407593894437,3.88423460646956
429.850512882006,10.601807855098,3.2836746780889
365.099931928089,290.937649840547,3.10028395984941
602.433239222627,103.614048592939,4.03730359435297
391.042934099182,228.123613556443,4.11280271713334
578.066030319299,412.682566095598,4.7095015242747
138.06920714024,282.359451597897,4.51411637893169
196.155893180626,369.467773085446,4.09686577047004
121.875312552459,411.859986312522,3.46715922034786
633.943483509244,314.194993138537,4.53551395817166
4.06084699296085,151.415107691801,4.31172504137142
542.343954024091,203.831445680469,4.15869876855756
32.8677011597588,490.480629435534,3.01960296596759
281.789124641613,23.3034687704364,3.82495570533631
534.604243289943,390.36412183329,3.30810893016766
73.7576394773431,66.1080056487105,5.16666194228244
5.59017540433479,78.0276861637727,3.47226247041956
592.83303213605,225.151059348866,4.04516464502197
444.05272541887,461.090458834982,4.79228774383879
656.187822644751,374.434317478593,2.93613863616092
107.15623220423,487.451168380819,4.32199622752108
625.788491129409,90.0021986792371,4.11163032937983
420.265222842882,260.383869339749,3.6338276715363
11.4007883694224,183.553849147328,3.34636888093537
67.5623540313877,122.594199320373,4.25048200053853
612.884199112924,196.820441351437,4.06605610108296
254.955965800229,214.071751612815,3.71182195025027
563.577899875504,438.474464753608,3.84058833590284
2.04321674713155,71.8279032842949,3.44299025804866
301.449180686633,136.972405672062,3.80163678340565
528.34980382202,455.122231091397,3.61294899886598
44.9440874438782,415.283535664371,4.05820853135754
191.456037385141,301.863573866638,3.79278389237981
555.786818217456,265.160140147363,3.71624122197073
195.102580581625,33.5199180625703,4.17394399795744
499.446319055889,350.000907248837,4.55983318329303
47.6286164646661,57.9599433800047,3.60086294134354
532.141852712175,150.416457327784,4.89134666901358
NA,NA,NA
660.75821079581,336.336491984301,3.48186762200939
453.462099994371,295.286094129404,3.63015302547812
10.1868837748883,496.21553785198,3.71213931402857
559.228093401988,53.7997528772763,4.26370282864258
69.3742812641677,380.201611532517,3.99747136575016
227.960518816942,409.407593894437,3.88423460646956
429.850512882006,10.601807855098,3.2836746780889
365.099931928089,290.937649840547,3.10028395984941
602.433239222627,103.614048592939,4.03730359435297
391.042934099182,228.123613556443,4.11280271713334
578.066030319299,412.682566095598,4.7095015242747
138.06920714024,282.359451597897,4.51411637893169
196.155893180626,369.467773085446,4.09686577047004
121.875312552459,411.859986312522,3.46715922034786
633.943483509244,314.194993138537,4.53551395817166
4.06084699296085,151.415107691801,4.31172504137142
542.343954024091,203.831445680469,4.15869876855756
32.8677011597588,490.480629435534,3.01960296596759
281.789124641613,23.3034687704364,3.82495570533631
534.604243289943,390.36412183329,3.30810893016766
73.7576394773431,66.1080056487105,5.16666194228244
5.59017540433479,78.0276861637727,3.47226247041956
592.83303213605,225.151059348866,4.04516464502197
444.05272541887,461.090458834982,4.79228774383879
656.187822644751,374.434317478593,2.93613863616092
107.15623220423,487.451168380819,4.32199622752108
625.788491129409,90.0021986792371,4.11163032937983
420.265222842882,260.383869339749,3.6338276715363
11.4007883694224,183.553849147328,3.34636888093537
67.5623540313877,122.594199320373,4.25048200053853
612.884199112924,196.820441351437,4.06605610108296
254.955965800229,214.071751612815,3.71182195025027
563.577899875504,438.474464753608,3.84058833590284
2.04321674713155,71.8279032842949,3.44299025804866
301.449180686633,136.972405672062,3.80163678340565
528.34980382202,455.122231091397,3.61294899886598
44.9440874438782,415.283535664371,4.05820853135754
191.456037385141,301.863573866638,3.79278389237981
555.786818217456,265.160140147363,3.71624122197073
195.102580581625,33.5199180625703,4.17394399795744
499.446319055889,350.000907248837,4.55983318329303
47.6286164646661,57.9599433800047,3.60086294134354
532.141852712175,150.416457327784,4.89134666901358
NA,NA,NA
660.75821079581,336.336491984301,3.48186762200939
453.462099994371,295.286094129404,3.63015302547812
10.1868837748883,496.21553785198,3.71213931402857
559.228093401988,53.7997528772763,4.26370282864258
69.3742812641677,380.201611532517,3.99747136575016
227.960518816942,409.407593894437,3.88423460646956
429.850512882006,10.601807855098,3.2836746780889
365.099931928089,290.937649840547,3.10028395984941
602.433239222627,103.614048592939,4.03730359435297
391.042934099182,228.123613556443,4.11280271713334
578.066030319299,412.682566095598,4.7095015242747
138.06920714024,282.359451597897,4.51411637893169
196.155893180626,369.467773085446,4.09686577047004
121.875312552459,411.859986312522,3.46715922034786
633.943483509244,314.194993138537,4.53551395817166
4.06084699296085,151.415107691801,4.31172504137142
542.343954024091,203.831445680469,4.15869876855756
32.8677011597588,490.480629435534,3.01960296596759
281.789124641613,23.3034687704364,3.82495570533631
534.604243289943,390.36412183329,3.30810893016766
73.7576394773431,66.1080056487105,5.16666194228244
5.59017540433479,78.0276861637727,3.47226247041956
592.83303213605,225.151059348866,4.04516464502197
444.05272541887,461.090458834982,4.79228774383879
656.187822644751,374.434317478593,2.93613863616092
107.15623220423,487.451168380819,4.32199622752108
625.788491129409,90.0021986792371,4.11163032937983
420.265222842882,260.383869339749,3.6338276715363
11.4007883694224,183.553849147328,3.34636888093537
67.5623540313877,122.594199320373,4.25048200053853
612.884199112924,196.820441351437,4.06605610108296
254.955965800229,214.071751612815,3.71182195025027
563.577899875504,438.474464753608,3.84058833590284
2.04321674713155,71.8279032842949,3.44299025804866
301.449180686633,136.972405672062,3.80163678340565
528.34980382202,455.122231091397,3.61294899886598
44.9440874438782,415.283535664371,4.05820853135754
191.456037385141,301.863573866638,3.79278389237981
555.786818217456,265.160140147363,3.71624122197073
195.102580581625,33.5199180625703,4.17394399795744
499.446319055889,350.000907248837,4.55983318329303
47.6286164646661,57.9599433800047,3.60086294134354
532.141852712175,150.416457327784,4.89134666901358
NA,NA,NA
662.340401397713,335.459237820911,3.31937504269391
451.574330629342,298.122268170386,3.58183325145094
12.1716992854686,498.640677808952,3.5982457929884
559.824486623768,47.2966008521544,4.26048718784532
77.2579701595919,378.994191913661,3.87185739207013
231.140331852681,413.923355106854,3.98395084829858
429.90318188649,12.2457139402799,3.3454568556781
360.97314142531,290.119616060129,3.26319103289
605.021744285261,110.446422568166,4.31221219939306
393.948639933012,228.464417789737,4.15120445695244
562.994279204801,409.792791403781,4.69175151911543
138.447534917362,287.436755414814,4.57490043229059
199.169430842116,368.941439686846,4.05524735562485
123.701811044173,411.057112043033,3.43898535552381
627.028337609162,311.600774916973,4.6525661890103
3.95718879428975,151.68698567017,4.15232722685619
541.900575016662,204.605672462928,4.30281791702894
33.7956142270455,492.592140356148,3.01750257994065
279.293702672823,21.8107053619859,3.73159118570932
535.272746495658,392.408334813405,3.44390320428144
74.8625940036356,75.8832009265323,5.2232105243858
3.1516806913324,77.2400145214976,3.95668670549538
585.823231511454,229.486446468831,4.03707749017496
448.07138120379,455.882529100033,4.88392933786602
659.497597370973,375.798422055498,2.78110763387815
108.691186366124,487.042270880344,4.41021604816878
623.040997894846,90.8881598972113,4.05216855573978
421.102473280351,258.264405205027,3.55392674364201
12.5978056249972,179.60484963918,3.37006867809368
59.7854834474195,113.709543329615,4.41270040869837
614.075369310609,205.405957739728,4.26039368501945
251.072305310993,217.808550604191,3.8133739413435
574.225518485033,436.940575486582,3.87319343294547
-2.51566644352184,75.6660274588497,3.28027771625971
299.584026380177,134.911645704414,3.94994423111922
528.482364735909,455.738901515734,3.69197376550645
41.3381485985413,416.282887962131,3.92624299737365
204.180755900157,288.522804022299,4.18395809824121
549.129982148122,255.793251128662,3.85372685467878
186.723168404548,24.3319072470342,4.16319286190916
504.637237948134,341.808455936683,4.63232689869754
44.7009200315873,48.1783194522057,3.3973776093311
520.626082939114,137.26340609848,4.22258140363138
NA,NA,NA
662.340401397713,335.459237820911,3.31937504269391
451.574330629342,298.122268170386,3.58183325145094
12.1716992854686,498.640677808952,3.5982457929884
559.824486623768,47.2966008521544,4.26048718784532
77.2579701595919,378.994191913661,3.87185739207013
231.140331852681,413.923355106854,3.98395084829858
429.90318188649,12.2457139402799,3.3454568556781
360.97314142531,290.119616060129,3.26319103289
605.021744285261,110.446422568166,4.31221219939306
393.948639933012,228.464417789737,4.15120445695244
562.994279204801,409.792791403781,4.69175151911543
138.447534917362,287.436755414814,4.57490043229059
199.169430842116,368.941439686846,4.05524735562485
123.701811044173,411.057112043033,3.43898535552381
627.028337609162,311.600774916973,4.6525661890103
3.95718879428975,151.68698567017,4.15232722685619
541.900575016662,204.605672462928,4.30281791702894
33.7956142270455,492.592140356148,3.01750257994065
279.293702672823,21.8107053619859,3.73159118570932
535.272746495658,392.408334813405,3.44390320428144
74.8625940036356,75.8832009265323,5.2232105243858
3.1516806913324,77.2400145214976,3.95668670549538
585.823231511454,229.486446468831,4.03707749017496
448.07138120379,455.882529100033,4.88392933786602
659.497597370973,375.798422055498,2.78110763387815
108.691186366124,487.042270880344,4.41021604816878
623.040997894846,90.8881598972113,4.05216855573978
421.102473280351,258.264405205027,3.55392674364201
12.5978056249972,179.60484963918,3.37006867809368
59.7854834474195,113.709543329615,4.41270040869837
614.075369310609,205.405957739728,4.26039368501945
251.072305310993,217.808550604191,3.8133739413435
574.225518485033,436.940575486582,3.87319343294547
-2.51566644352184,75.6660274588497,3.28027771625971
299.584026380177,134.911645704414,3.94994423111922
528.482364735909,455.738901515734,3.69197376550645
41.3381485985413,416.282887962131,3.92624299737365
204.180755900157,288.522804022299,4.18395809824121
549.129982148122,255.793251128662,3.85372685467878
186.723168404548,24.3319072470342,4.16319286190916
504.637237948134,341.808455936683,4.63232689869754
44.7009200315873,48.1783194522057,3.3973776093311
520.626082939114,137.26340609848,4.22258140363138
NA,NA,NA
662.340401397713,335.459237820911,3.31937504269391
451.574330629342,298.122268170386,3.58183325145094
12.1716992854686,498.640677808952,3.5982457929884
559.824486623768,47.2966008521544,4.26048718784532
77.2579701595919,378.994191913661,3.87185739207013
231.140331852681,413.923355106854,3.98395084829858
429.90318188649,12.2457139402799,3.3454568556781
360.97314142531,290.119616060129,3.26319103289
605.021744285261,110.446422568166,4.31221219939306
393.948639933012,228.464417789737,4.15120445695244
562.994279204801,409.792791403781,4.69175151911543
138.447534917362,287.436755414814,4.57490043229059
199.169430842116,368.941439686846,4.05524735562485
123.701811044173,411.057112043033,3.43898535552381
627.028337609162,311.600774916973,4.6525661890103
3.95718879428975,151.68698567017,4.15232722685619
541.900575016662,204.605672462928,4.30281791702894
33.7956142270455,492.592140356148,3.01750257994065
279.293702672823,21.8107053619859,3.73159118570932
535.272746495658,392.408334813405,3.44390320428144
74.8625940036356,75.8832009265323,5.2232105243858
3.1516806913324,77.2400145214976,3.95668670549538
585.823231511454,229.486446468831,4.03707749017496
448.07138120379,455.882529100033,4.88392933786602
659.497597370973,375.798422055498,2.78110763387815
108.691186366124,487.042270880344,4.41021604816878
623.040997894846,90.8881598972113,4.05216855573978
421.102473280351,258.264405205027,3.55392674364201
12.5978056249972,179.60484963918,3.37006867809368
59.7854834474195,113.709543329615,4.41270040869837
614.075369310609,205.405957739728,4.26039368501945
251.072305310993,217.808550604191,3.8133739413435
574.225518485033,436.940575486582,3.87319343294547
-2.51566644352184,75.6660274588497,3.28027771625971
299.584026380177,134.911645704414,3.94994423111922
528.482364735909,455.738901515734,3.69197376550645
41.3381485985413,416.282887962131,3.92624299737365
204.180755900157,288.522804022299,4.18395809824121
549.129982148122,255.793251128662,3.85372685467878
186.723168404548,24.3319072470342,4.16319286190916
504.637237948134,341.808455936683,4.63232689869754
44.7009200315873,48.1783194522057,3.3973776093311
520.626082939114,137.26340609848,4.22258140363138
NA,NA,NA
662.340401397713,335.459237820911,3.31937504269391
451.574330629342,298.122268170386,3.58183325145094
12.1716992854686,498.640677808952,3.5982457929884
559.824486623768,47.2966008521544,4.26048718784532
77.2579701595919,378.994191913661,3.87185739207013
231.140331852681,413.923355106854,3.98395084829858
429.90318188649,12.2457139402799,3.3454568556781
360.97314142531,290.119616060129,3.26319103289
605.021744285261,110.446422568166,4.31221219939306
393.948639933012,228.464417789737,4.15120445695244
562.994279204801,409.792791403781,4.69175151911543
138.447534917362,287.436755414814,4.57490043229059
199.169430842116,368.941439686846,4.05524735562485
123.701811044173,411.057112043033,3.43898535552381
627.028337609162,311.600774916973,4.6525661890103
3.95718879428975,151.68698567017,4.15232722685619
541.900575016662,204.605672462928,4.30281791702894
33.7956142270455,492.592140356148,3.01750257994065
279.293702672823,21.8107053619859,3.73159118570932
535.272746495658,392.408334813405,3.44390320428144
74.8625940036356,75.8832009265323,5.2232105243858
3.1516806913324,77.2400145214976,3.95668670549538
585.823231511454,229.486446468831,4.03707749017496
448.07138120379,455.882529100033,4.88392933786602
659.497597370973,375.798422055498,2.78110763387815
108.691186366124,487.042270880344,4.41021604816878
623.040997894846,90.8881598972113,4.05216855573978
421.102473280351,258.264405205027,3.55392674364201
12.5978056249972,179.60484963918,3.37006867809368
59.7854834474195,113.709543329615,4.41270040869837
614.075369310609,205.405957739728,4.26039368501945
251.072305310993,217.808550604191,3.8133739413435
574.225518485033,436.940575486582,3.87319343294547
-2.51566644352184,75.6660274588497,3.28027771625971
299.584026380177,134.911645704414,3.94994423111922
528.482364735909,455.738901515734,3.69197376550645
41.3381485985413,416.282887962131,3.92624299737365
204.180755900157,288.522804022299,4.18395809824121
549.129982148122,255.793251128662,3.85372685467878
186.723168404548,24.3319072470342,4.16319286190916
504.637237948134,341.808455936683,4.63232689869754
44.7009200315873,48.1783194522057,3.3973776093311
520.626082939114,137.26340609848,4.22258140363138
NA,NA,NA
662.340401397713,335.459237820911,3.31937504269391
451.574330629342,298.122268170386,3.58183325145094
12.1716992854686,498.640677808952,3.5982457929884
559.824486623768,47.2966008521544,4.26048718784532
77.2579701595919,378.994191913661,3.87185739207013
231.140331852681,413.923355106854,3.98395084829858
429.90318188649,12.2457139402799,3.3454568556781
360.97314142531,290.119616060129,3.26319103289
605.021744285261,110.446422568166,4.31221219939306
393.948639933012,228.464417789737,4.15120445695244
562.994279204801,409.792791403781,4.69175151911543
138.447534917362,287.436755414814,4.57490043229059
199.169430842116,368.941439686846,4.05524735562485
123.701811044173,411.057112043033,3.43898535552381
627.028337609162,311.600774916973,4.6525661890103
3.95718879428975,151.68698567017,4.15232722685619
541.900575016662,204.605672462928,4.30281791702894
33.7956142270455,492.592140356148,3.01750257994065
279.293702672823,21.8107053619859,3.73159118570932
535.272746495658,392.408334813405,3.44390320428144
74.8625940036356,75.8832009265323,5.2232105243858
3.1516806913324,77.2400145214976,3.95668670549538
585.823231511454,229.486446468831,4.03707749017496
448.07138120379,455.882529100033,4.88392933786602
659.497597370973,375.798422055498,2.78110763387815
108.691186366124,487.042270880344,4.41021604816878
623.040997894846,90.8881598972113,4.05216855573978
421.102473280351,258.264405205027,3.55392674364201
12.5978056249972,179.60484963918,3.37006867809368
59.7854834474195,113.709543329615,4.41270040869837
614.075369310609,205.405957739728,4.26039368501945
251.072305310993,217.808550604191,3.8133739413435
574.225518485033,436.940575486582,3.87319343294547
-2.51566644352184,75.6660274588497,3.28027771625971
299.584026380177,134.911645704414,3.94994423111922
528.482364735909,455.738901515734,3.69197376550645
41.3381485985413,416.282887962131,3.92624299737365
204.180755900157,288.522804022299,4.18395809824121
549.129982148122,255.793251128662,3.85372685467878
186.723168404548,24.3319072470342,4.16319286190916
504.637237948134,341.808455936683,4.63232689869754
44.7009200315873,48.1783194522057,3.3973776093311
520.626082939114,137.26340609848,4.22258140363138
NA,NA,NA
662.340401397713,335.459237820911,3.31937504269391
451.574330629342,298.122268170386,3.58183325145094
12.1716992854686,498.640677808952,3.5982457929884
559.824486623768,47.2966008521544,4.26048718784532
77.2579701595919,378.994191913661,3.87185739207013
231.140331852681,413.923355106854,3.98395084829858
429.90318188649,12.2457139402799,3.3454568556781
360.97314142531,290.119616060129,3.26319103289
605.021744285261,110.446422568166,4.31221219939306
393.948639933012,228.464417789737,4.15120445695244
562.994279204801,409.792791403781,4.69175151911543
138.447534917362,287.436755414814,4.57490043229059
199.169430842116,368.941439686846,4.05524735562485
123.701811044173,411.057112043033,3.43898535552381
627.028337609162,311.600774916973,4.6525661890103
3.95718879428975,151.68698567017,4.15232722685619
541.900575016662,204.605672462928,4.30281791702894
33.7956142270455,492.592140356148,3.01750257994065
279.293702672823,21.8107053619859,3.73159118570932
535.272746495658,392.408334813405,3.44390320428144
74.8625940036356,75.8832009265323,5.2232105243858
3.1516806913324,77.2400145214976,3.95668670549538
585.823231511454,229.486446468831,4.03707749017496
448.07138120379,455.882529100033,4.88392933786602
659.497597370973,375.798422055498,2.78110763387815
108.691186366124,487.042270880344,4.41021604816878
623.040997894846,90.8881598972113,4.05216855573978
421.102473280351,258.264405205027,3.55392674364201
12.5978056249972,179.60484963918,3.37006867809368
59.7854834474195,113.709543329615,4.41270040869837
614.075369310609,205.405957739728,4.26039368501945
251.072305310993,217.808550604191,3.8133739413435
574.225518485033,436.940575486582,3.87319343294547
-2.51566644352184,75.6660274588497,3.28027771625971
299.584026380177,134.911645704414,3.94994423111922
528.482364735909,455.738901515734,3.69197376550645
41.3381485985413,416.282887962131,3.92624299737365
204.180755900157,288.522804022299,4.18395809824121
549.129982148122,255.793251128662,3.85372685467878
186.723168404548,24.3319072470342,4.16319286190916
504.637237948134,341.808455936683,4.63232689869754
44.7009200315873,48.1783194522057,3.3973776093311
520.626082939114,137.26340609848,4.22258140363138
NA,NA,NA
660.616177733447,333.95445032638,3.69937367502976
456.963586709709,297.917428038549,3.65753179427681
11.2934911117793,493.677503546835,3.75260855362749
559.835910110217,52.4402407945968,4.19740732545725
73.3160279629756,376.727942062844,3.98377060565878
232.613066970106,414.388138923019,3.91091663504979
427.719858029211,11.2491477854298,3.44050519870588
362.634001844836,293.397433805268,2.91223248811963
606.822099504616,105.566782257306,4.10622909317437
392.581090341888,227.887026734703,4.15700342156304
573.953811295453,408.983432891147,4.7378581151382
138.210760150008,284.009001019984,4.46605025267198
197.037537063894,370.823659787128,4.12299522767206
123.666222469778,409.717153637424,3.41215189946968
627.46642128982,313.299261061475,4.5857431654792
3.21875928125043,147.517158797031,4.25954909144182
541.27383517946,203.100808364105,4.09013629838716
32.9851017970322,491.768735907442,2.90341598793481
279.421724706627,22.9439516093656,3.91947705359016
532.612386039021,391.16980777522,3.31912848053865
74.6018213724939,82.1637863425459,5.25479532538331
3.68794520035198,74.36638036845,3.3933560342428
591.021614690444,227.38043163291,4.00263317135436
439.339700146287,460.405283105452,4.76618722791812
660.156883375293,372.029080992374,3.06941244266155
102.649207705571,487.910876838338,4.35180569707618
624.632148017493,91.8333927241401,4.05797855489025
419.795960919525,258.9132948308,3.65831041421709
10.259202679636,182.66955891275,3.36722357769604
63.9523739100448,115.026582585338,4.71926379073277
616.097414338189,199.483013181855,3.89127517609939
254.678748823406,216.558601551095,3.4469646942045
572.300236077591,430.769959188932,3.77854001618308
6.64055263588021,72.9553433007736,3.25316043574174
301.535480049689,135.888615505416,3.99191219155152
534.313676674698,447.573410039243,3.61548594220677
44.9878145557537,415.223772137876,3.73268165688669
200.181383464683,284.919520502631,4.33148213680665
549.685497955415,251.831769649817,3.77158720447592
160.431591206733,33.0231005929931,4.52200645924479
499.944958506096,332.303800617601,4.52257743071622
25.4547050330135,55.662382844101,3.86511179085633
542.419859866241,138.624523134693,4.86374130447167
NA,NA,NA
660.616177733447,333.95445032638,3.69937367502976
456.963586709709,297.917428038549,3.65753179427681
11.2934911117793,493.677503546835,3.75260855362749
559.835910110217,52.4402407945968,4.19740732545725
73.3160279629756,376.727942062844,3.98377060565878
232.613066970106,414.388138923019,3.91091663504979
427.719858029211,11.2491477854298,3.44050519870588
362.634001844836,293.397433805268,2.91223248811963
606.822099504616,105.566782257306,4.10622909317437
392.581090341888,227.887026734703,4.15700342156304
573.953811295453,408.983432891147,4.7378581151382
138.210760150008,284.009001019984,4.46605025267198
197.037537063894,370.823659787128,4.12299522767206
123.666222469778,409.717153637424,3.41215189946968
627.46642128982,313.299261061475,4.5857431654792
3.21875928125043,147.517158797031,4.25954909144182
541.27383517946,203.100808364105,4.09013629838716
32.9851017970322,491.768735907442,2.90341598793481
279.421724706627,22.9439516093656,3.91947705359016
532.612386039021,391.16980777522,3.31912848053865
74.6018213724939,82.1637863425459,5.25479532538331
3.68794520035198,74.36638036845,3.3933560342428
591.021614690444,227.38043163291,4.00263317135436
439.339700146287,460.405283105452,4.76618722791812
660.156883375293,372.029080992374,3.06941244266155
102.649207705571,487.910876838338,4.35180569707618
624.632148017493,91.8333927241401,4.05797855489025
419.795960919525,258.9132948308,3.65831041421709
10.259202679636,182.66955891275,3.36722357769604
63.9523739100448,115.026582585338,4.71926379073277
616.097414338189,199.483013181855,3.89127517609939
254.678748823406,216.558601551095,3.4469646942045
572.300236077591,430.769959188932,3.77854001618308
6.64055263588021,72.9553433007736,3.25316043574174
301.535480049689,135.888615505416,3.99191219155152
534.313676674698,447.573410039243,3.61548594220677
44.9878145557537,415.223772137876,3.73268165688669
200.181383464683,284.919520502631,4.33148213680665
549.685497955415,251.831769649817,3.77158720447592
160.431591206733,33.0231005929931,4.52200645924479
499.944958506096,332.303800617601,4.52257743071622
25.4547050330135,55.662382844101,3.86511179085633
542.419859866241,138.624523134693,4.86374130447167
NA,NA,NA
660.616177733447,333.95445032638,3.69937367502976
456.963586709709,297.917428038549,3.65753179427681
11.2934911117793,493.677503546835,3.75260855362749
559.835910110217,52.4402407945968,4.19740732545725
73.3160279629756,376.727942062844,3.98377060565878
232.613066970106,414.388138923019,3.91091663504979
427.719858029211,11.2491477854298,3.44050519870588
362.634001844836,293.397433805268,2.91223248811963
606.822099504616,105.566782257306,4.10622909317437
392.581090341888,227.887026734703,4.15700342156304
573.953811295453,408.983432891147,4.7378581151382
138.210760150008,284.009001019984,4.46605025267198
197.037537063894,370.823659787128,4.12299522767206
123.666222469778,409.717153637424,3.41215189946968
627.46642128982,313.299261061475,4.5857431654792
3.21875928125043,147.517158797031,4.25954909144182
541.27383517946,203.100808364105,4.09013629838716
32.9851017970322,491.768735907442,2.90341598793481
279.421724706627,22.9439516093656,3.91947705359016
532.612386039021,391.16980777522,3.31912848053865
74.6018213724939,82.1637863425459,5.25479532538331
3.68794520035198,74.36638036845,3.3933560342428
591.021614690444,227.38043163291,4.00263317135436
439.339700146287,460.405283105452,4.76618722791812
660.156883375293,372.029080992374,3.06941244266155
102.649207705571,487.910876838338,4.35180569707618
624.632148017493,91.8333927241401,4.05797855489025
419.795960919525,258.9132948308,3.65831041421709
10.259202679636,182.66955891275,3.36722357769604
63.9523739100448,115.026582585338,4.71926379073277
616.097414338189,199.483013181855,3.89127517609939
254.678748823406,216.558601551095,3.4469646942045
572.300236077591,430.769959188932,3.77854001618308
6.64055263588021,72.9553433007736,3.25316043574174
301.535480049689,135.888615505416,3.99191219155152
534.313676674698,447.573410039243,3.61548594220677
44.9878145557537,415.223772137876,3.73268165688669
200.181383464683,284.919520502631,4.33148213680665
549.685497955415,251.831769649817,3.77158720447592
160.431591206733,33.0231005929931,4.52200645924479
499.944958506096,332.303800617601,4.52257743071622
25.4547050330135,55.662382844101,3.86511179085633
542.419859866241,138.624523134693,4.86374130447167
NA,NA,NA
660.616177733447,333.95445032638,3.69937367502976
456.963586709709,297.917428038549,3.65753179427681
11.2934911117793,493.677503546835,3.75260855362749
559.835910110217,52.4402407945968,4.19740732545725
73.3160279629756,376.727942062844,3.98377060565878
232.613066970106,414.388138923019,3.91091663504979
427.719858029211,11.2491477854298,3.44050519870588
362.634001844836,293.397433805268,2.91223248811963
606.822099504616,105.566782257306,4.10622909317437
392.581090341888,227.887026734703,4.15700342156304
573.953811295453,408.983432891147,4.7378581151382
138.210760150008,284.009001019984,4.46605025267198
197.037537063894,370.823659787128,4.12299522767206
123.666222469778,409.717153637424,3.41215189946968
627.46642128982,313.299261061475,4.5857431654792
3.21875928125043,147.517158797031,4.25954909144182
541.27383517946,203.100808364105,4.09013629838716
32.9851017970322,491.768735907442,2.90341598793481
279.421724706627,22.9439516093656,3.91947705359016
532.612386039021,391.16980777522,3.31912848053865
74.6018213724939,82.1637863425459,5.25479532538331
3.68794520035198,74.36638036845,3.3933560342428
591.021614690444,227.38043163291,4.00263317135436
439.339700146287,460.405283105452,4.76618722791812
660.156883375293,372.029080992374,3.06941244266155
102.649207705571,487.910876838338,4.35180569707618
624.632148017493,91.8333927241401,4.05797855489025
419.795960919525,258.9132948308,3.65831041421709
10.259202679636,182.66955891275,3.36722357769604
63.9523739100448,115.026582585338,4.71926379073277
616.097414338189,199.483013181855,3.89127517609939
254.678748823406,216.558601551095,3.4469646942045
572.300236077591,430.769959188932,3.77854001618308
6.64055263588021,72.9553433007736,3.25316043574174
301.535480049689,135.888615505416,3.99191219155152
534.313676674698,447.573410039243,3.61548594220677
44.9878145557537,415.223772137876,3.73268165688669
200.181383464683,284.919520502631,4.33148213680665
549.685497955415,251.831769649817,3.77158720447592
160.431591206733,33.0231005929931,4.52200645924479
499.944958506096,332.303800617601,4.52257743071622
25.4547050330135,55.662382844101,3.86511179085633
542.419859866241,138.624523134693,4.86374130447167
NA,NA,NA
660.616177733447,333.95445032638,3.69937367502976
456.963586709709,297.917428038549,3.65753179427681
11.2934911117793,493.677503546835,3.75260855362749
559.835910110217,52.4402407945968,4.19740732545725
73.3160279629756,376.727942062844,3.98377060565878
232.613066970106,414.388138923019,3.91091663504979
427.719858029211,11.2491477854298,3.44050519870588
362.634001844836,293.397433805268,2.91223248811963
606.822099504616,105.566782257306,4.10622909317437
392.581090341888,227.887026734703,4.15700342156304
573.953811295453,408.983432891147,4.7378581151382
138.210760150008,284.009001019984,4.46605025267198
197.037537063894,370.823659787128,4.12299522767206
123.666222469778,409.717153637424,3.41215189946968
627.46642128982,313.299261061475,4.5857431654792
3.21875928125043,147.517158797031,4.25954909144182
541.27383517946,203.100808364105,4.09013629838716
32.9851017970322,491.768735907442,2.90341598793481
279.421724706627,22.9439516093656,3.91947705359016
532.612386039021,391.16980777522,3.31912848053865
74.6018213724939,82.1637863425459,5.25479532538331
3.68794520035198,74.36638036845,3.3933560342428
591.021614690444,227.38043163291,4.00263317135436
439.339700146287,460.405283105452,4.76618722791812
660.156883375293,372.029080992374,3.06941244266155
102.649207705571,487.910876838338,4.35180569707618
624.632148017493,91.8333927241401,4.05797855489025
419.795960919525,258.9132948308,3.65831041421709
10.259202679636,182.66955891275,3.36722357769604
63.9523739100448,115.026582585338,4.71926379073277
616.097414338189,199.483013181855,3.89127517609939
254.678748823406,216.558601551095,3.4469646942045
572.300236077591,430.769959188932,3.77854001618308
6.64055263588021,72.9553433007736,3.25316043574174
301.535480049689,135.888615505416,3.99191219155152
534.313676674698,447.573410039243,3.61548594220677
44.9878145557537,415.223772137876,3.73268165688669
200.181383464683,284.919520502631,4.33148213680665
549.685497955415,251.831769649817,3.77158720447592
160.431591206733,33.0231005929931,4.52200645924479
499.944958506096,332.303800617601,4.52257743071622
25.4547050330135,55.662382844101,3.86511179085633
542.419859866241,138.624523134693,4.86374130447167
NA,NA,NA
660.616177733447,333.95445032638,3.69937367502976
456.963586709709,297.917428038549,3.65753179427681
11.2934911117793,493.677503546835,3.75260855362749
559.835910110217,52.4402407945968,4.19740732545725
73.3160279629756,376.727942062844,3.98377060565878
232.613066970106,414.388138923019,3.91091663504979
427.719858029211,11.2491477854298,3.44050519870588
362.634001844836,293.397433805268,2.91223248811963
606.822099504616,105.566782257306,4.10622909317437
392.581090341888,227.887026734703,4.15700342156304
573.953811295453,408.983432891147,4.7378581151382
138.210760150008,284.009001019984,4.46605025267198
197.037537063894,370.823659787128,4.12299522767206
123.666222469778,409.717153637424,3.41215189946968
627.46642128982,313.299261061475,4.5857431654792
3.21875928125043,147.517158797031,4.25954909144182
541.27383517946,203.100808364105,4.09013629838716
32.9851017970322,491.768735907442,2.90341598793481
279.421724706627,22.9439516093656,3.91947705359016
532.612386039021,391.16980777522,3.31912848053865
74.6018213724939,82.1637863425459,5.25479532538331
3.68794520035198,74.36638036845,3.3933560342428
591.021614690444,227.38043163291,4.00263317135436
439.339700146287,460.405283105452,4.76618722791812
660.156883375293,372.029080992374,3.06941244266155
102.649207705571,487.910876838338,4.35180569707618
624.632148017493,91.8333927241401,4.05797855489025
419.795960919525,258.9132948308,3.65831041421709
10.259202679636,182.66955891275,3.36722357769604
63.9523739100448,115.026582585338,4.71926379073277
616.097414338189,199.483013181855,3.89127517609939
254.678748823406,216.558601551095,3.4469646942045
572.300236077591,430.769959188932,3.77854001618308
6.64055263588021,72.9553433007736,3.25316043574174
301.535480049689,135.888615505416,3.99191219155152
534.313676674698,447.573410039243,3.61548594220677
44.9878145557537,415.223772137876,3.73268165688669
200.181383464683,284.919520502631,4.33148213680665
549.685497955415,251.831769649817,3.77158720447592
160.431591206733,33.0231005929931,4.52200645924479
499.944958506096,332.303800617601,4.52257743071622
25.4547050330135,55.662382844101,3.86511179085633
542.419859866241,138.624523134693,4.86374130447167
NA,NA,NA
658.784054578216,331.717271452664,3.54757850974402
456.412419327416,296.870088110203,3.64913465289105
7.9445245151295,491.440211217666,3.68754567079388
561.737106950342,53.4628273798882,4.15900107446329
70.2140168886662,374.263656087957,3.90013126239043
233.766389574519,415.740115870264,3.87243014995789
428.268773280275,13.1299636540862,3.28007180202692
363.554395154818,293.390691544557,2.98599479227222
606.057398328838,102.738100468184,4.20964298157577
392.962667491909,228.777049949159,4.05013757305421
567.670939960272,411.403977734206,4.73131385531286
135.035493557823,283.16974491712,4.41613468934983
192.787681891762,369.835534348738,3.98883977812734
126.787352499428,415.43395580533,3.41243783749308
632.629766675358,310.737373081723,4.533792918893
5.39791257104393,147.743846361315,4.40229758903159
545.189553673572,207.721125405431,4.07820355095072
33.5318926776227,493.301239373963,2.99892979793276
280.732597958114,23.7765778728479,3.89708625456909
530.788440957161,391.715922400683,3.46026398149575
83.591003156901,78.4643412452105,5.17956218414809
4.455228821966,79.2923664243235,3.59073353665374
586.819483594537,224.211852236921,3.95907278317686
442.469094318792,456.107024756034,4.87171356754042
658.699771560647,372.830677205402,3.14333895257061
102.223717795932,485.13247475369,4.38947391860885
623.974766784285,87.0914651832835,4.08574557361108
421.191598827562,257.978563340397,3.63305399629164
10.4578560352429,180.660516310715,3.25603753312361
72.6974333578516,127.347115749002,4.54605629507633
614.360062570462,206.444671423566,3.97903810537625
261.388617970336,210.917246119905,3.65060662687228
578.243803187576,436.015743995804,3.60547298249443
4.38245259407216,77.2447554056738,3.45484965880972
305.290030148453,132.699686031865,4.03462881236537
530.598180315788,463.704161040516,3.66111867900886
56.624427211211,409.807210582292,3.6612369004394
187.953529956571,289.908617273867,4.1202571414309
560.519260815596,259.103850198735,3.80099609315366
176.977614397786,43.695239705167,4.37422058188185
501.215465720822,345.989675984934,4.26020062025461
58.994929140618,55.5631214911005,3.93525314762209
528.159881561548,157.188995805526,4.86987169431621
NA,NA,NA
658.784054578216,331.717271452664,3.54757850974402
456.412419327416,296.870088110203,3.64913465289105
7.9445245151295,491.440211217666,3.68754567079388
561.737106950342,53.4628273798882,4.15900107446329
70.2140168886662,374.263656087957,3.90013126239043
233.766389574519,415.740115870264,3.87243014995789
428.268773280275,13.1299636540862,3.28007180202692
363.554395154818,293.390691544557,2.98599479227222
606.057398328838,102.738100468184,4.20964298157577
392.962667491909,228.777049949159,4.05013757305421
567.670939960272,411.403977734206,4.73131385531286
135.035493557823,283.16974491712,4.41613468934983
192.787681891762,369.835534348738,3.98883977812734
126.787352499428,415.43395580533,3.41243783749308
632.629766675358,310.737373081723,4.533792918893
5.39791257104393,147.743846361315,4.40229758903159
545.189553673572,207.721125405431,4.07820355095072
33.5318926776227,493.301239373963,2.99892979793276
280.732597958114,23.7765778728479,3.89708625456909
530.788440957161,391.715922400683,3.46026398149575
83.591003156901,78.4643412452105,5.17956218414809
4.455228821966,79.2923664243235,3.59073353665374
586.819483594537,224.211852236921,3.95907278317686
442.469094318792,456.107024756034,4.87171356754042
658.699771560647,372.830677205402,3.14333895257061
102.223717795932,485.13247475369,4.38947391860885
623.974766784285,87.0914651832835,4.08574557361108
421.191598827562,257.978563340397,3.63305399629164
10.4578560352429,180.660516310715,3.25603753312361
72.6974333578516,127.347115749002,4.54605629507633
614.360062570462,206.444671423566,3.97903810537625
261.388617970336,210.917246119905,3.65060662687228
578.243803187576,436.015743995804,3.60547298249443
4.38245259407216,77.2447554056738,3.45484965880972
305.290030148453,132.699686031865,4.03462881236537
530.598180315788,463.704161040516,3.66111867900886
56.624427211211,409.807210582292,3.6612369004394
187.953529956571,289.908617273867,4.1202571414309
560.519260815596,259.103850198735,3.80099609315366
176.977614397786,43.695239705167,4.37422058188185
501.215465720822,345.989675984934,4.26020062025461
58.994929140618,55.5631214911005,3.93525314762209
528.159881561548,157.188995805526,4.86987169431621
NA,NA,NA
658.784054578216,331.717271452664,3.54757850974402
456.412419327416,296.870088110203,3.64913465289105
7.9445245151295,491.440211217666,3.68754567079388
561.737106950342,53.4628273798882,4.15900107446329
70.2140168886662,374.263656087957,3.90013126239043
233.766389574519,415.740115870264,3.87243014995789
428.268773280275,13.1299636540862,3.28007180202692
363.554395154818,293.390691544557,2.98599479227222
606.057398328838,102.738100468184,4.20964298157577
392.962667491909,228.777049949159,4.05013757305421
567.670939960272,411.403977734206,4.73131385531286
135.035493557823,283.16974491712,4.41613468934983
192.787681891762,369.835534348738,3.98883977812734
126.787352499428,415.43395580533,3.41243783749308
632.629766675358,310.737373081723,4.533792918893
5.39791257104393,147.743846361315,4.40229758903159
545.189553673572,207.721125405431,4.07820355095072
33.5318926776227,493.301239373963,2.99892979793276
280.732597958114,23.7765778728479,3.89708625456909
530.788440957161,391.715922400683,3.46026398149575
83.591003156901,78.4643412452105,5.17956218414809
4.455228821966,79.2923664243235,3.59073353665374
586.819483594537,224.211852236921,3.95907278317686
442.469094318792,456.107024756034,4.87171356754042
658.699771560647,372.830677205402,3.14333895257061
102.223717795932,485.13247475369,4.38947391860885
623.974766784285,87.0914651832835,4.08574557361108
421.191598827562,257.978563340397,3.63305399629164
10.4578560352429,180.660516310715,3.25603753312361
72.6974333578516,127.347115749002,4.54605629507633
614.360062570462,206.444671423566,3.97903810537625
261.388617970336,210.917246119905,3.65060662687228
578.243803187576,436.015743995804,3.60547298249443
4.38245259407216,77.2447554056738,3.45484965880972
305.290030148453,132.699686031865,4.03462881236537
530.598180315788,463.704161040516,3.66111867900886
56.624427211211,409.807210582292,3.6612369004394
187.953529956571,289.908617273867,4.1202571414309
560.519260815596,259.103850198735,3.80099609315366
176.977614397786,43.695239705167,4.37422058188185
501.215465720822,345.989675984934,4.26020062025461
58.994929140618,55.5631214911005,3.93525314762209
528.159881561548,157.188995805526,4.86987169431621
NA,NA,NA
658.784054578216,331.717271452664,3.54757850974402
456.412419327416,296.870088110203,3.64913465289105
7.9445245151295,491.440211217666,3.68754567079388
561.737106950342,53.4628273798882,4.15900107446329
70.2140168886662,374.263656087957,3.90013126239043
233.766389574519,415.740115870264,3.87243014995789
428.268773280275,13.1299636540862,3.28007180202692
363.554395154818,293.390691544557,2.98599479227222
606.057398328838,102.738100468184,4.20964298157577
392.962667491909,228.777049949159,4.05013757305421
567.670939960272,411.403977734206,4.73131385531286
135.035493557823,283.16974491712,4.41613468934983
192.787681891762,369.835534348738,3.98883977812734
126.787352499428,415.43395580533,3.41243783749308
632.629766675358,310.737373081723,4.533792918893
5.39791257104393,147.743846361315,4.40229758903159
545.189553673572,207.721125405431,4.07820355095072
33.5318926776227,493.301239373963,2.99892979793276
280.732597958114,23.7765778728479,3.89708625456909
530.788440957161,391.715922400683,3.46026398149575
83.591003156901,78.4643412452105,5.17956218414809
4.455228821966,79.2923664243235,3.59073353665374
586.819483594537,224.211852236921,3.95907278317686
442.469094318792,456.107024756034,4.87171356754042
658.699771560647,372.830677205402,3.14333895257061
102.223717795932,485.13247475369,4.38947391860885
623.974766784285,87.0914651832835,4.08574557361108
421.191598827562,257.978563340397,3.63305399629164
10.4578560352429,180.660516310715,3.25603753312361
72.6974333578516,127.347115749002,4.54605629507633
614.360062570462,206.444671423566,3.97903810537625
261.388617970336,210.917246119905,3.65060662687228
578.243803187576,436.015743995804,3.60547298249443
4.38245259407216,77.2447554056738,3.45484965880972
305.290030148453,132.699686031865,4.03462881236537
530.598180315788,463.704161040516,3.66111867900886
56.624427211211,409.807210582292,3.6612369004394
187.953529956571,289.908617273867,4.1202571414309
560.519260815596,259.103850198735,3.80099609315366
176.977614397786,43.695239705167,4.37422058188185
501.215465720822,345.989675984934,4.26020062025461
58.994929140618,55.5631214911005,3.93525314762209
528.159881561548,157.188995805526,4.86987169431621
NA,NA,NA
658.784054578216,331.717271452664,3.54757850974402
456.412419327416,296.870088110203,3.64913465289105
7.9445245151295,491.440211217666,3.68754567079388
561.737106950342,53.4628273798882,4.15900107446329
70.2140168886662,374.263656087957,3.90013126239043
233.766389574519,415.740115870264,3.87243014995789
428.268773280275,13.1299636540862,3.28007180202692
363.554395154818,293.390691544557,2.98599479227222
606.057398328838,102.738100468184,4.20964298157577
392.962667491909,228.777049949159,4.05013757305421
567.670939960272,411.403977734206,4.73131385531286
135.035493557823,283.16974491712,4.41613468934983
192.787681891762,369.835534348738,3.98883977812734
126.787352499428,415.43395580533,3.41243783749308
632.629766675358,310.737373081723,4.533792918893
5.39791257104393,147.743846361315,4.40229758903159
545.189553673572,207.721125405431,4.07820355095072
33.5318926776227,493.301239373963,2.99892979793276
280.732597958114,23.7765778728479,3.89708625456909
530.788440957161,391.715922400683,3.46026398149575
83.591003156901,78.4643412452105,5.17956218414809
4.455228821966,79.2923664243235,3.59073353665374
586.819483594537,224.211852236921,3.95907278317686
442.469094318792,456.107024756034,4.87171356754042
658.699771560647,372.830677205402,3.14333895257061
102.223717795932,485.13247475369,4.38947391860885
623.974766784285,87.0914651832835,4.08574557361108
421.191598827562,257.978563340397,3.63305399629164
10.4578560352429,180.660516310715,3.25603753312361
72.6974333578516,127.347115749002,4.54605629507633
614.360062570462,206.444671423566,3.97903810537625
261.388617970336,210.917246119905,3.65060662687228
578.243803187576,436.015743995804,3.60547298249443
4.38245259407216,77.2447554056738,3.45484965880972
305.290030148453,132.699686031865,4.03462881236537
530.598180315788,463.704161040516,3.66111867900886
56.624427211211,409.807210582292,3.6612369004394
187.953529956571,289.908617273867,4.1202571414309
560.519260815596,259.103850198735,3.80099609315366
176.977614397786,43.695239705167,4.37422058188185
501.215465720822,345.989675984934,4.26020062025461
58.994929140618,55.5631214911005,3.93525314762209
528.159881561548,157.188995805526,4.86987169431621
NA,NA,NA
658.784054578216,331.717271452664,3.54757850974402
456.412419327416,296.870088110203,3.64913465289105
7.9445245151295,491.440211217666,3.68754567079388
561.737106950342,53.4628273798882,4.15900107446329
70.2140168886662,374.263656087957,3.90013126239043
233.766389574519,415.740115870264,3.87243014995789
428.268773280275,13.1299636540862,3.28007180202692
363.554395154818,293.390691544557,2.98599479227222
606.057398328838,102.738100468184,4.20964298157577
392.962667491909,228.777049949159,4.05013757305421
567.670939960272,411.403977734206,4.73131385531286
135.035493557823,283.16974491712,4.41613468934983
192.787681891762,369.835534348738,3.98883977812734
126.787352499428,415.43395580533,3.41243783749308
632.629766675358,310.737373081723,4.533792918893
5.39791257104393,147.743846361315,4.40229758903159
545.189553673572,207.721125405431,4.07820355095072
33.5318926776227,493.301239373963,2.99892979793276
280.732597958114,23.7765778728479,3.89708625456909
530.788440957161,391.715922400683,3.46026398149575
83.591003156901,78.4643412452105,5.17956218414809
4.455228821966,79.2923664243235,3.59073353665374
586.819483594537,224.211852236921,3.95907278317686
442.469094318792,456.107024756034,4.87171356754042
658.699771560647,372.830677205402,3.14333895257061
102.223717795932,485.13247475369,4.38947391860885
623.974766784285,87.0914651832835,4.08574557361108
421.191598827562,257.978563340397,3.63305399629164
10.4578560352429,180.660516310715,3.25603753312361
72.6974333578516,127.347115749002,4.54605629507633
614.360062570462,206.444671423566,3.97903810537625
261.388617970336,210.917246119905,3.65060662687228
578.243803187576,436.015743995804,3.60547298249443
4.38245259407216,77.2447554056738,3.45484965880972
305.290030148453,132.699686031865,4.03462881236537
530.598180315788,463.704161040516,3.66111867900886
56.624427211211,409.807210582292,3.6612369004394
187.953529956571,289.908617273867,4.1202571414309
560.519260815596,259.103850198735,3.80099609315366
176.977614397786,43.695239705167,4.37422058188185
501.215465720822,345.989675984934,4.26020062025461
58.994929140618,55.5631214911005,3.93525314762209
528.159881561548,157.188995805526,4.86987169431621
NA,NA,NA
663.632602998972,331.889979032632,3.45107623124827
459.892165035927,296.595477312244,3.74009717234063
10.5066557329096,495.881764136671,3.65184364956753
562.130772844203,56.6412039202712,4.0304240625302
72.1040969256718,375.257945885243,4.03327411574787
226.384263115066,415.999875906262,3.90010381261519
428.90231712691,9.48507745751681,3.23060597148661
362.043190920106,292.871884742164,3.05526847989518
606.510448602109,103.565399613615,4.14377104569607
388.007297042812,229.470655434386,4.20499206846882
570.548588597641,412.777432772291,4.73673587525929
138.84155752715,285.728873729146,4.48891503692966
197.086730244596,365.865954867671,4.08758565467651
129.353900583265,407.372444392211,3.41974873086945
628.214181595468,313.892702564997,4.62545465358202
-2.1559775632367,152.356903380346,4.17310887814343
543.353962671432,202.098173864905,4.27009811444669
36.6705549325307,491.606388431924,3.01445169201152
280.405236534567,27.3618508356688,4.11287829083574
536.456643224126,392.439956304523,3.44364124757673
78.7301302603207,79.1935049184678,5.22895461053593
7.64396583872641,76.2470425041584,3.2666709138055
583.494401931355,224.303111482659,4.01836810381729
439.608984423633,462.015768881978,4.7357128069374
658.797925011139,375.239511927414,3.09720416821115
102.157441908303,482.640023719107,4.34182628842922
621.666915574712,89.2601209154633,4.06573229946655
421.486335327519,255.680457868617,3.68709157355973
11.3891814068544,179.882913396114,3.36170388319913
65.9766345087944,126.580137922051,4.38117864028167
614.279839758176,205.478231352345,4.11824915395531
259.153065307655,222.283581077247,4.00310532757714
579.068941638295,434.645221066054,3.82651672728224
1.95282757861107,81.5703620761894,3.17619812930193
300.230507836684,134.615857625982,3.78737025033131
524.101504322538,457.156625381502,3.60533872653512
54.4179782524979,419.135686258546,3.72952902088805
206.779195202362,288.36827504402,4.08695870555882
553.943437194645,257.662032585212,3.80826850457327
165.914945956781,26.5673785227062,4.72936433672875
493.487874250742,338.053693836346,4.58610730452274
40.3237989293296,45.2166811084708,3.89097351794757
525.987918758841,147.899886100553,4.95910208108132
NA,NA,NA
663.632602998972,331.889979032632,3.45107623124827
459.892165035927,296.595477312244,3.74009717234063
10.5066557329096,495.881764136671,3.65184364956753
562.130772844203,56.6412039202712,4.0304240625302
72.1040969256718,375.257945885243,4.03327411574787
226.384263115066,415.999875906262,3.90010381261519
428.90231712691,9.48507745751681,3.23060597148661
362.043190920106,292.871884742164,3.05526847989518
606.510448602109,103.565399613615,4.14377104569607
388.007297042812,229.470655434386,4.20499206846882
570.548588597641,412.777432772291,4.73673587525929
138.84155752715,285.728873729146,4.48891503692966
197.086730244596,365.865954867671,4.08758565467651
129.353900583265,407.372444392211,3.41974873086945
628.214181595468,313.892702564997,4.62545465358202
-2.1559775632367,152.356903380346,4.17310887814343
543.353962671432,202.098173864905,4.27009811444669
36.6705549325307,491.606388431924,3.01445169201152
280.405236534567,27.3618508356688,4.11287829083574
536.456643224126,392.439956304523,3.44364124757673
78.7301302603207,79.1935049184678,5.22895461053593
7.64396583872641,76.2470425041584,3.2666709138055
583.494401931355,224.303111482659,4.01836810381729
439.608984423633,462.015768881978,4.7357128069374
658.797925011139,375.239511927414,3.09720416821115
102.157441908303,482.640023719107,4.34182628842922
621.666915574712,89.2601209154633,4.06573229946655
421.486335327519,255.680457868617,3.68709157355973
11.3891814068544,179.882913396114,3.36170388319913
65.9766345087944,126.580137922051,4.38117864028167
614.279839758176,205.478231352345,4.11824915395531
259.153065307655,222.283581077247,4.00310532757714
579.068941638295,434.645221066054,3.82651672728224
1.95282757861107,81.5703620761894,3.17619812930193
300.230507836684,134.615857625982,3.78737025033131
524.101504322538,457.156625381502,3.60533872653512
54.4179782524979,419.135686258546,3.72952902088805
206.779195202362,288.36827504402,4.08695870555882
553.943437194645,257.662032585212,3.80826850457327
165.914945956781,26.5673785227062,4.72936433672875
493.487874250742,338.053693836346,4.58610730452274
40.3237989293296,45.2166811084708,3.89097351794757
525.987918758841,147.899886100553,4.95910208108132
NA,NA,NA
663.632602998972,331.889979032632,3.45107623124827
459.892165035927,296.595477312244,3.74009717234063
10.5066557329096,495.881764136671,3.65184364956753
562.130772844203,56.6412039202712,4.0304240625302
72.1040969256718,375.257945885243,4.03327411574787
226.384263115066,415.999875906262,3.90010381261519
428.90231712691,9.48507745751681,3.23060597148661
362.043190920106,292.871884742164,3.05526847989518
606.510448602109,103.565399613615,4.14377104569607
388.007297042812,229.470655434386,4.20499206846882
570.548588597641,412.777432772291,4.73673587525929
138.84155752715,285.728873729146,4.48891503692966
197.086730244596,365.865954867671,4.08758565467651
129.353900583265,407.372444392211,3.41974873086945
628.214181595468,313.892702564997,4.62545465358202
-2.1559775632367,152.356903380346,4.17310887814343
543.353962671432,202.098173864905,4.27009811444669
36.6705549325307,491.606388431924,3.01445169201152
280.405236534567,27.3618508356688,4.11287829083574
536.456643224126,392.439956304523,3.44364124757673
78.7301302603207,79.1935049184678,5.22895461053593
7.64396583872641,76.2470425041584,3.2666709138055
583.494401931355,224.303111482659,4.01836810381729
439.608984423633,462.015768881978,4.7357128069374
658.797925011139,375.239511927414,3.09720416821115
102.157441908303,482.640023719107,4.34182628842922
621.666915574712,89.2601209154633,4.06573229946655
421.486335327519,255.680457868617,3.68709157355973
11.3891814068544,179.882913396114,3.36170388319913
65.9766345087944,126.580137922051,4.38117864028167
614.279839758176,205.478231352345,4.11824915395531
259.153065307655,222.283581077247,4.00310532757714
579.068941638295,434.645221066054,3.82651672728224
1.95282757861107,81.5703620761894,3.17619812930193
300.230507836684,134.615857625982,3.78737025033131
524.101504322538,457.156625381502,3.60533872653512
54.4179782524979,419.135686258546,3.72952902088805
206.779195202362,288.36827504402,4.08695870555882
553.943437194645,257.662032585212,3.80826850457327
165.914945956781,26.5673785227062,4.72936433672875
493.487874250742,338.053693836346,4.58610730452274
40.3237989293296,45.2166811084708,3.89097351794757
525.987918758841,147.899886100553,4.95910208108132
NA,NA,NA
663.632602998972,331.889979032632,3.45107623124827
459.892165035927,296.595477312244,3.74009717234063
10.5066557329096,495.881764136671,3.65184364956753
562.130772844203,56.6412039202712,4.0304240625302
72.1040969256718,375.257945885243,4.03327411574787
226.384263115066,415.999875906262,3.90010381261519
428.90231712691,9.48507745751681,3.23060597148661
362.043190920106,292.871884742164,3.05526847989518
606.510448602109,103.565399613615,4.14377104569607
388.007297042812,229.470655434386,4.20499206846882
570.548588597641,412.777432772291,4.73673587525929
138.84155752715,285.728873729146,4.48891503692966
197.086730244596,365.865954867671,4.08758565467651
129.353900583265,407.372444392211,3.41974873086945
628.214181595468,313.892702564997,4.62545465358202
-2.1559775632367,152.356903380346,4.17310887814343
543.353962671432,202.098173864905,4.27009811444669
36.6705549325307,491.606388431924,3.01445169201152
280.405236534567,27.3618508356688,4.11287829083574
536.456643224126,392.439956304523,3.44364124757673
78.7301302603207,79.1935049184678,5.22895461053593
7.64396583872641,76.2470425041584,3.2666709138055
583.494401931355,224.303111482659,4.01836810381729
439.608984423633,462.015768881978,4.7357128069374
658.797925011139,375.239511927414,3.09720416821115
102.157441908303,482.640023719107,4.34182628842922
621.666915574712,89.2601209154633,4.06573229946655
421.486335327519,255.680457868617,3.68709157355973
11.3891814068544,179.882913396114,3.36170388319913
65.9766345087944,126.580137922051,4.38117864028167
614.279839758176,205.478231352345,4.11824915395531
259.153065307655,222.283581077247,4.00310532757714
579.068941638295,434.645221066054,3.82651672728224
1.95282757861107,81.5703620761894,3.17619812930193
300.230507836684,134.615857625982,3.78737025033131
524.101504322538,457.156625381502,3.60533872653512
54.4179782524979,419.135686258546,3.72952902088805
206.779195202362,288.36827504402,4.08695870555882
553.943437194645,257.662032585212,3.80826850457327
165.914945956781,26.5673785227062,4.72936433672875
493.487874250742,338.053693836346,4.58610730452274
40.3237989293296,45.2166811084708,3.89097351794757
525.987918758841,147.899886100553,4.95910208108132
NA,NA,NA
663.632602998972,331.889979032632,3.45107623124827
459.892165035927,296.595477312244,3.74009717234063
10.5066557329096,495.881764136671,3.65184364956753
562.130772844203,56.6412039202712,4.0304240625302
72.1040969256718,375.257945885243,4.03327411574787
226.384263115066,415.999875906262,3.90010381261519
428.90231712691,9.48507745751681,3.23060597148661
362.043190920106,292.871884742164,3.05526847989518
606.510448602109,103.565399613615,4.14377104569607
388.007297042812,229.470655434386,4.20499206846882
570.548588597641,412.777432772291,4.73673587525929
138.84155752715,285.728873729146,4.48891503692966
197.086730244596,365.865954867671,4.08758565467651
129.353900583265,407.372444392211,3.41974873086945
628.214181595468,313.892702564997,4.62545465358202
-2.1559775632367,152.356903380346,4.17310887814343
543.353962671432,202.098173864905,4.27009811444669
36.6705549325307,491.606388431924,3.01445169201152
280.405236534567,27.3618508356688,4.11287829083574
536.456643224126,392.439956304523,3.44364124757673
78.7301302603207,79.1935049184678,5.22895461053593
7.64396583872641,76.2470425041584,3.2666709138055
583.494401931355,224.303111482659,4.01836810381729
439.608984423633,462.015768881978,4.7357128069374
658.797925011139,375.239511927414,3.09720416821115
102.157441908303,482.640023719107,4.34182628842922
621.666915574712,89.2601209154633,4.06573229946655
421.486335327519,255.680457868617,3.68709157355973
11.3891814068544,179.882913396114,3.36170388319913
65.9766345087944,126.580137922051,4.38117864028167
614.279839758176,205.478231352345,4.11824915395531
259.153065307655,222.283581077247,4.00310532757714
579.068941638295,434.645221066054,3.82651672728224
1.95282757861107,81.5703620761894,3.17619812930193
300.230507836684,134.615857625982,3.78737025033131
524.101504322538,457.156625381502,3.60533872653512
54.4179782524979,419.135686258546,3.72952902088805
206.779195202362,288.36827504402,4.08695870555882
553.943437194645,257.662032585212,3.80826850457327
165.914945956781,26.5673785227062,4.72936433672875
493.487874250742,338.053693836346,4.58610730452274
40.3237989293296,45.2166811084708,3.89097351794757
525.987918758841,147.899886100553,4.95910208108132
NA,NA,NA
663.632602998972,331.889979032632,3.45107623124827
459.892165035927,296.595477312244,3.74009717234063
10.5066557329096,495.881764136671,3.65184364956753
562.130772844203,56.6412039202712,4.0304240625302
72.1040969256718,375.257945885243,4.03327411574787
226.384263115066,415.999875906262,3.90010381261519
428.90231712691,9.48507745751681,3.23060597148661
362.043190920106,292.871884742164,3.05526847989518
606.510448602109,103.565399613615,4.14377104569607
388.007297042812,229.470655434386,4.20499206846882
570.548588597641,412.777432772291,4.73673587525929
138.84155752715,285.728873729146,4.48891503692966
197.086730244596,365.865954867671,4.08758565467651
129.353900583265,407.372444392211,3.41974873086945
628.214181595468,313.892702564997,4.62545465358202
-2.1559775632367,152.356903380346,4.17310887814343
543.353962671432,202.098173864905,4.27009811444669
36.6705549325307,491.606388431924,3.01445169201152
280.405236534567,27.3618508356688,4.11287829083574
536.456643224126,392.439956304523,3.44364124757673
78.7301302603207,79.1935049184678,5.22895461053593
7.64396583872641,76.2470425041584,3.2666709138055
583.494401931355,224.303111482659,4.01836810381729
439.608984423633,462.015768881978,4.7357128069374
658.797925011139,375.239511927414,3.09720416821115
102.157441908303,482.640023719107,4.34182628842922
621.666915574712,89.2601209154633,4.06573229946655
421.486335327519,255.680457868617,3.68709157355973
11.3891814068544,179.882913396114,3.36170388319913
65.9766345087944,126.580137922051,4.38117864028167
614.279839758176,205.478231352345,4.11824915395531
259.153065307655,222.283581077247,4.00310532757714
579.068941638295,434.645221066054,3.82651672728224
1.95282757861107,81.5703620761894,3.17619812930193
300.230507836684,134.615857625982,3.78737025033131
524.101504322538,457.156625381502,3.60533872653512
54.4179782524979,419.135686258546,3.72952902088805
206.779195202362,288.36827504402,4.08695870555882
553.943437194645,257.662032585212,3.80826850457327
165.914945956781,26.5673785227062,4.72936433672875
493.487874250742,338.053693836346,4.58610730452274
40.3237989293296,45.2166811084708,3.89097351794757
525.987918758841,147.899886100553,4.95910208108132
NA,NA,NA
663.251986971298,335.141981825196,3.61127466825823
455.297223714569,298.146379218009,3.63804042623911
12.6962687319174,495.065176507144,3.54047428475214
557.125180092983,43.8059553275357,4.1279289840669
72.4079807349448,370.698853387528,4.0429833596916
228.882064932467,414.535263328602,3.83168893121941
429.147133695437,11.6416593448253,3.26618124566945
362.109478071034,291.566864782666,2.93595762085966
600.925559216942,103.404053752739,4.15911392508574
395.407493010146,229.324550770941,4.09725922188768
568.196327471934,411.563799129622,4.81140252953534
139.630747083425,278.608214293724,4.65883803892238
199.488114846808,369.483603248723,3.95220069227597
125.888854792205,406.593395877337,3.42379862088758
622.151350216494,308.823220117328,4.5865616085539
-2.31625130085579,146.743776359578,4.30206783103983
545.65081389512,198.156304348365,4.15680685773114
33.8002040583704,493.452885087802,2.87447137640679
278.654465183531,21.9297311257835,3.9782339655875
533.792509185279,393.336934712211,3.35099985168146
71.4625746158595,76.0108676435441,5.31816451946473
7.72284171289222,74.6994551395529,3.53331337432021
587.153786885247,224.202360082176,3.9858942459292
447.781416057494,455.338499680336,4.81137721562096
658.243578595913,375.885553280404,2.97363398705431
109.023946524228,490.392901647322,4.40102917788496
627.942658679258,88.6436260317326,4.11772492451629
419.446953064172,256.960422962698,3.60557398987228
14.1894061919735,182.792360854632,3.31287882071271
70.3123567734796,122.479304837652,4.7213735833886
616.300569952975,206.000819419004,4.54018807761139
248.555529866758,223.549776134001,3.62248456511792
574.261546754404,424.707721859504,3.74629747696417
4.12588242342723,80.3208785011467,3.6156883948571
301.968774473634,136.180627430211,3.97438596813309
522.352386749962,457.230462577488,3.67437601360658
44.5173932183497,423.387622569327,4.05916426616666
191.001635226629,292.884755276373,4.22902266394608
552.271922135309,266.401926677572,3.48424834404653
184.429563011693,44.2721388297503,4.50379068053637
500.543802569211,344.386588274106,4.49147436053591
39.1086020415297,60.6005936611384,4.10437727759534
520.884991579748,139.336023855051,4.41330825199085
NA,NA,NA
663.251986971298,335.141981825196,3.61127466825823
455.297223714569,298.146379218009,3.63804042623911
12.6962687319174,495.065176507144,3.54047428475214
557.125180092983,43.8059553275357,4.1279289840669
72.4079807349448,370.698853387528,4.0429833596916
228.882064932467,414.535263328602,3.83168893121941
429.147133695437,11.6416593448253,3.26618124566945
362.109478071034,291.566864782666,2.93595762085966
600.925559216942,103.404053752739,4.15911392508574
395.407493010146,229.324550770941,4.09725922188768
568.196327471934,411.563799129622,4.81140252953534
139.630747083425,278.608214293724,4.65883803892238
199.488114846808,369.483603248723,3.95220069227597
125.888854792205,406.593395877337,3.42379862088758
622.151350216494,308.823220117328,4.5865616085539
-2.31625130085579,146.743776359578,4.30206783103983
545.65081389512,198.156304348365,4.15680685773114
33.8002040583704,493.452885087802,2.87447137640679
278.654465183531,21.9297311257835,3.9782339655875
533.792509185279,393.336934712211,3.35099985168146
71.4625746158595,76.0108676435441,5.31816451946473
7.72284171289222,74.6994551395529,3.53331337432021
587.153786885247,224.202360082176,3.9858942459292
447.781416057494,455.338499680336,4.81137721562096
658.243578595913,375.885553280404,2.97363398705431
109.023946524228,490.392901647322,4.40102917788496
627.942658679258,88.6436260317326,4.11772492451629
419.446953064172,256.960422962698,3.60557398987228
14.1894061919735,182.792360854632,3.31287882071271
70.3123567734796,122.479304837652,4.7213735833886
616.300569952975,206.000819419004,4.54018807761139
248.555529866758,223.549776134001,3.62248456511792
574.261546754404,424.707721859504,3.74629747696417
301.968774473634,136.180627430211,3.97438596813309
522.352386749962,457.230462577488,3.67437601360658
44.5173932183497,423.387622569327,4.05916426616666
191.001635226629,292.884755276373,4.22902266394608
552.271922135309,266.401926677572,3.48424834404653
184.429563011693,44.2721388297503,4.50379068053637
500.543802569211,344.386588274106,4.49147436053591
39.1086020415297,60.6005936611384,4.10437727759534
520.884991579748,139.336023855051,4.41330825199085
NA,NA,NA
663.251986971298,335.141981825196,3.61127466825823
455.297223714569,298.146379218009,3.63804042623911
12.6962687319174,495.065176507144,3.54047428475214
557.125180092983,43.8059553275357,4.1279289840669
72.4079807349448,370.698853387528,4.0429833596916
228.882064932467,414.535263328602,3.83168893121941
429.147133695437,11.6416593448253,3.26618124566945
362.109478071034,291.566864782666,2.93595762085966
600.925559216942,103.404053752739,4.15911392508574
395.407493010146,229.324550770941,4.09725922188768
568.196327471934,411.563799129622,4.81140252953534
139.630747083425,278.608214293724,4.65883803892238
199.488114846808,369.483603248723,3.95220069227597
125.888854792205,406.593395877337,3.42379862088758
622.151350216494,308.823220117328,4.5865616085539
-2.31625130085579,146.743776359578,4.30206783103983
545.65081389512,198.156304348365,4.15680685773114
33.8002040583704,493.452885087802,2.87447137640679
278.654465183531,21.9297311257835,3.9782339655875
533.792509185279,393.336934712211,3.35099985168146
71.4625746158595,76.0108676435441,5.31816451946473
7.72284171289222,74.6994551395529,3.53331337432021
587.153786885247,224.202360082176,3.9858942459292
447.781416057494,455.338499680336,4.81137721562096
658.243578595913,375.885553280404,2.97363398705431
109.023946524228,490.392901647322,4.40102917788496
627.942658679258,88.6436260317326,4.11772492451629
419.446953064172,256.960422962698,3.60557398987228
14.1894061919735,182.792360854632,3.31287882071271
70.3123567734796,122.479304837652,4.7213735833886
616.300569952975,206.000819419004,4.54018807761139
248.555529866758,223.549776134001,3.62248456511792
574.261546754404,424.707721859504,3.74629747696417
301.968774473634,136.180627430211,3.97438596813309
522.352386749962,457.230462577488,3.67437601360658
44.5173932183497,423.387622569327,4.05916426616666
191.001635226629,292.884755276373,4.22902266394608
552.271922135309,266.401926677572,3.48424834404653
184.429563011693,44.2721388297503,4.50379068053637
500.543802569211,344.386588274106,4.49147436053591
39.1086020415297,60.6005936611384,4.10437727759534
520.884991579748,139.336023855051,4.41330825199085
NA,NA,NA
663.251986971298,335.141981825196,3.61127466825823
455.297223714569,298.146379218009,3.63804042623911
12.6962687319174,495.065176507144,3.54047428475214
557.125180092983,43.8059553275357,4.1279289840669
72.4079807349448,370.698853387528,4.0429833596916
228.882064932467,414.535263328602,3.83168893121941
429.147133695437,11.6416593448253,3.26618124566945
362.109478071034,291.566864782666,2.93595762085966
600.925559216942,103.404053752739,4.15911392508574
395.407493010146,229.324550770941,4.09725922188768
568.196327471934,411.563799129622,4.81140252953534
139.630747083425,278.608214293724,4.65883803892238
199.488114846808,369.483603248723,3.95220069227597
125.888854792205,406.593395877337,3.42379862088758
622.151350216494,308.823220117328,4.5865616085539
-2.31625130085579,146.743776359578,4.30206783103983
545.65081389512,198.156304348365,4.15680685773114
33.8002040583704,493.452885087802,2.87447137640679
278.654465183531,21.9297311257835,3.9782339655875
533.792509185279,393.336934712211,3.35099985168146
71.4625746158595,76.0108676435441,5.31816451946473
7.72284171289222,74.6994551395529,3.53331337432021
587.153786885247,224.202360082176,3.9858942459292
447.781416057494,455.338499680336,4.81137721562096
658.243578595913,375.885553280404,2.97363398705431
109.023946524228,490.392901647322,4.40102917788496
627.942658679258,88.6436260317326,4.11772492451629
419.446953064172,256.960422962698,3.60557398987228
14.1894061919735,182.792360854632,3.31287882071271
70.3123567734796,122.479304837652,4.7213735833886
616.300569952975,206.000819419004,4.54018807761139
248.555529866758,223.549776134001,3.62248456511792
574.261546754404,424.707721859504,3.74629747696417
301.968774473634,136.180627430211,3.97438596813309
522.352386749962,457.230462577488,3.67437601360658
44.5173932183497,423.387622569327,4.05916426616666
191.001635226629,292.884755276373,4.22902266394608
552.271922135309,266.401926677572,3.48424834404653
184.429563011693,44.2721388297503,4.50379068053637
500.543802569211,344.386588274106,4.49147436053591
39.1086020415297,60.6005936611384,4.10437727759534
520.884991579748,139.336023855051,4.41330825199085
NA,NA,NA
663.251986971298,335.141981825196,3.61127466825823
455.297223714569,298.146379218009,3.63804042623911
12.6962687319174,495.065176507144,3.54047428475214
557.125180092983,43.8059553275357,4.1279289840669
72.4079807349448,370.698853387528,4.0429833596916
228.882064932467,414.535263328602,3.83168893121941
429.147133695437,11.6416593448253,3.26618124566945
362.109478071034,291.566864782666,2.93595762085966
600.925559216942,103.404053752739,4.15911392508574
395.407493010146,229.324550770941,4.09725922188768
568.196327471934,411.563799129622,4.81140252953534
139.630747083425,278.608214293724,4.65883803892238
199.488114846808,369.483603248723,3.95220069227597
125.888854792205,406.593395877337,3.42379862088758
622.151350216494,308.823220117328,4.5865616085539
-2.31625130085579,146.743776359578,4.30206783103983
545.65081389512,198.156304348365,4.15680685773114
33.8002040583704,493.452885087802,2.87447137640679
278.654465183531,21.9297311257835,3.9782339655875
533.792509185279,393.336934712211,3.35099985168146
71.4625746158595,76.0108676435441,5.31816451946473
7.72284171289222,74.6994551395529,3.53331337432021
587.153786885247,224.202360082176,3.9858942459292
447.781416057494,455.338499680336,4.81137721562096
658.243578595913,375.885553280404,2.97363398705431
109.023946524228,490.392901647322,4.40102917788496
627.942658679258,88.6436260317326,4.11772492451629
419.446953064172,256.960422962698,3.60557398987228
14.1894061919735,182.792360854632,3.31287882071271
70.3123567734796,122.479304837652,4.7213735833886
616.300569952975,206.000819419004,4.54018807761139
248.555529866758,223.549776134001,3.62248456511792
574.261546754404,424.707721859504,3.74629747696417
301.968774473634,136.180627430211,3.97438596813309
522.352386749962,457.230462577488,3.67437601360658
44.5173932183497,423.387622569327,4.05916426616666
191.001635226629,292.884755276373,4.22902266394608
552.271922135309,266.401926677572,3.48424834404653
184.429563011693,44.2721388297503,4.50379068053637
500.543802569211,344.386588274106,4.49147436053591
39.1086020415297,60.6005936611384,4.10437727759534
520.884991579748,139.336023855051,4.41330825199085
NA,NA,NA
663.251986971298,335.141981825196,3.61127466825823
455.297223714569,298.146379218009,3.63804042623911
12.6962687319174,495.065176507144,3.54047428475214
557.125180092983,43.8059553275357,4.1279289840669
72.4079807349448,370.698853387528,4.0429833596916
228.882064932467,414.535263328602,3.83168893121941
429.147133695437,11.6416593448253,3.26618124566945
362.109478071034,291.566864782666,2.93595762085966
600.925559216942,103.404053752739,4.15911392508574
395.407493010146,229.324550770941,4.09725922188768
568.196327471934,411.563799129622,4.81140252953534
139.630747083425,278.608214293724,4.65883803892238
199.488114846808,369.483603248723,3.95220069227597
125.888854792205,406.593395877337,3.42379862088758
622.151350216494,308.823220117328,4.5865616085539
-2.31625130085579,146.743776359578,4.30206783103983
545.65081389512,198.156304348365,4.15680685773114
33.8002040583704,493.452885087802,2.87447137640679
278.654465183531,21.9297311257835,3.9782339655875
533.792509185279,393.336934712211,3.35099985168146
71.4625746158595,76.0108676435441,5.31816451946473
7.72284171289222,74.6994551395529,3.53331337432021
587.153786885247,224.202360082176,3.9858942459292
447.781416057494,455.338499680336,4.81137721562096
658.243578595913,375.885553280404,2.97363398705431
109.023946524228,490.392901647322,4.40102917788496
627.942658679258,88.6436260317326,4.11772492451629
419.446953064172,256.960422962698,3.60557398987228
14.1894061919735,182.792360854632,3.31287882071271
70.3123567734796,122.479304837652,4.7213735833886
616.300569952975,206.000819419004,4.54018807761139
248.555529866758,223.549776134001,3.62248456511792
574.261546754404,424.707721859504,3.74629747696417
301.968774473634,136.180627430211,3.97438596813309
522.352386749962,457.230462577488,3.67437601360658
44.5173932183497,423.387622569327,4.05916426616666
191.001635226629,292.884755276373,4.22902266394608
552.271922135309,266.401926677572,3.48424834404653
184.429563011693,44.2721388297503,4.50379068053637
500.543802569211,344.386588274106,4.49147436053591
39.1086020415297,60.6005936611384,4.10437727759534
520.884991579748,139.336023855051,4.41330825199085
NA,NA,NA
660.572518646504,336.358271332716,3.45661324200203
455.203237982243,299.260632649143,3.71203528426555
11.8603653673779,494.115960411564,3.55297221087388
560.334721386894,50.0532370080792,4.18003266869713
68.3726053340437,374.425709214563,3.98193456659116
224.455270345023,417.783735687102,3.9316172915564
426.559332056774,13.201936704111,3.36177264403596
361.650221809123,292.486019811815,3.13890434803497
603.301285877948,103.084345216292,4.35896685392177
398.918210636152,229.251783947823,4.20740262026343
574.055470791972,410.741181506222,4.71481463646548
141.875164665337,284.472965344089,4.4809137357021
200.901355983267,367.770605911968,4.11416205677786
126.082581428116,410.681066687727,3.3862901024083
630.031526566797,316.628599241295,4.51275040559315
3.87216264103798,145.519702837692,4.25788106038547
541.9845530599,204.329593699277,4.24089229367245
33.5524315660866,491.939368834392,2.93967214532707
279.55124277955,25.7148856938046,3.84016428015578
536.999538044147,389.960685372746,3.42880344314478
78.2738710887512,76.807628211065,5.35155655640355
4.91383346926104,76.757443642806,3.45772052786001
588.17889568586,228.078154009914,3.92284826040182
439.741824205188,459.282785461304,4.73929778023163
659.262773759408,375.171231917452,3.04811073163606
104.66875010782,485.452159772267,4.32759205206432
616.639749075041,88.8890305867174,4.09252325581921
421.654254558752,257.102191908829,3.49003685399232
11.5434303981457,182.216102520639,3.33066178700032
69.5581943816951,138.949373246345,4.07775627920048
606.252941946749,206.983416294007,4.11930936998685
253.6823725609,220.68279581564,3.96511932361798
566.382459921011,437.490707457678,3.80827351162269
304.810854088227,137.092684315355,3.8193278950335
524.754554364129,456.264523383154,3.39285023866956
53.128539306419,419.715133840213,3.87927799958326
191.57002374494,283.563343109036,3.67297410261246
557.513506961635,263.460135653856,3.68854368565586
167.930863374419,49.260331961404,4.4387827272807
493.785976814813,342.427368376785,4.62694402002683
34.5153464904152,54.5257733112048,3.72324854617513
555.548547433338,160.731889946861,4.52353836205962
NA,NA,NA
660.572518646504,336.358271332716,3.45661324200203
455.203237982243,299.260632649143,3.71203528426555
11.8603653673779,494.115960411564,3.55297221087388
560.334721386894,50.0532370080792,4.18003266869713
68.3726053340437,374.425709214563,3.98193456659116
224.455270345023,417.783735687102,3.9316172915564
426.559332056774,13.201936704111,3.36177264403596
361.650221809123,292.486019811815,3.13890434803497
603.301285877948,103.084345216292,4.35896685392177
398.918210636152,229.251783947823,4.20740262026343
574.055470791972,410.741181506222,4.71481463646548
141.875164665337,284.472965344089,4.4809137357021
200.901355983267,367.770605911968,4.11416205677786
126.082581428116,410.681066687727,3.3862901024083
630.031526566797,316.628599241295,4.51275040559315
3.87216264103798,145.519702837692,4.25788106038547
541.9845530599,204.329593699277,4.24089229367245
33.5524315660866,491.939368834392,2.93967214532707
279.55124277955,25.7148856938046,3.84016428015578
536.999538044147,389.960685372746,3.42880344314478
78.2738710887512,76.807628211065,5.35155655640355
4.91383346926104,76.757443642806,3.45772052786001
588.17889568586,228.078154009914,3.92284826040182
439.741824205188,459.282785461304,4.73929778023163
659.262773759408,375.171231917452,3.04811073163606
104.66875010782,485.452159772267,4.32759205206432
616.639749075041,88.8890305867174,4.09252325581921
421.654254558752,257.102191908829,3.49003685399232
11.5434303981457,182.216102520639,3.33066178700032
69.5581943816951,138.949373246345,4.07775627920048
606.252941946749,206.983416294007,4.11930936998685
253.6823725609,220.68279581564,3.96511932361798
566.382459921011,437.490707457678,3.80827351162269
304.810854088227,137.092684315355,3.8193278950335
524.754554364129,456.264523383154,3.39285023866956
53.128539306419,419.715133840213,3.87927799958326
191.57002374494,283.563343109036,3.67297410261246
557.513506961635,263.460135653856,3.68854368565586
167.930863374419,49.260331961404,4.4387827272807
493.785976814813,342.427368376785,4.62694402002683
34.5153464904152,54.5257733112048,3.72324854617513
555.548547433338,160.731889946861,4.52353836205962
NA,NA,NA
660.572518646504,336.358271332716,3.45661324200203
455.203237982243,299.260632649143,3.71203528426555
11.8603653673779,494.115960411564,3.55297221087388
560.334721386894,50.0532370080792,4.18003266869713
68.3726053340437,374.425709214563,3.98193456659116
224.455270345023,417.783735687102,3.9316172915564
426.559332056774,13.201936704111,3.36177264403596
361.650221809123,292.486019811815,3.13890434803497
603.301285877948,103.084345216292,4.35896685392177
398.918210636152,229.251783947823,4.20740262026343
574.055470791972,410.741181506222,4.71481463646548
141.875164665337,284.472965344089,4.4809137357021
200.901355983267,367.770605911968,4.11416205677786
126.082581428116,410.681066687727,3.3862901024083
630.031526566797,316.628599241295,4.51275040559315
3.87216264103798,145.519702837692,4.25788106038547
541.9845530599,204.329593699277,4.24089229367245
33.5524315660866,491.939368834392,2.93967214532707
279.55124277955,25.7148856938046,3.84016428015578
536.999538044147,389.960685372746,3.42880344314478
78.2738710887512,76.807628211065,5.35155655640355
4.91383346926104,76.757443642806,3.45772052786001
588.17889568586,228.078154009914,3.92284826040182
439.741824205188,459.282785461304,4.73929778023163
659.262773759408,375.171231917452,3.04811073163606
104.66875010782,485.452159772267,4.32759205206432
616.639749075041,88.8890305867174,4.09252325581921
421.654254558752,257.102191908829,3.49003685399232
11.5434303981457,182.216102520639,3.33066178700032
69.5581943816951,138.949373246345,4.07775627920048
606.252941946749,206.983416294007,4.11930936998685
253.6823725609,220.68279581564,3.96511932361798
566.382459921011,437.490707457678,3.80827351162269
304.810854088227,137.092684315355,3.8193278950335
524.754554364129,456.264523383154,3.39285023866956
53.128539306419,419.715133840213,3.87927799958326
191.57002374494,283.563343109036,3.67297410261246
557.513506961635,263.460135653856,3.68854368565586
167.930863374419,49.260331961404,4.4387827272807
493.785976814813,342.427368376785,4.62694402002683
34.5153464904152,54.5257733112048,3.72324854617513
555.548547433338,160.731889946861,4.52353836205962
NA,NA,NA
660.572518646504,336.358271332716,3.45661324200203
455.203237982243,299.260632649143,3.71203528426555
11.8603653673779,494.115960411564,3.55297221087388
560.334721386894,50.0532370080792,4.18003266869713
68.3726053340437,374.425709214563,3.98193456659116
224.455270345023,417.783735687102,3.9316172915564
426.559332056774,13.201936704111,3.36177264403596
361.650221809123,292.486019811815,3.13890434803497
603.301285877948,103.084345216292,4.35896685392177
398.918210636152,229.251783947823,4.20740262026343
574.055470791972,410.741181506222,4.71481463646548
141.875164665337,284.472965344089,4.4809137357021
200.901355983267,367.770605911968,4.11416205677786
126.082581428116,410.681066687727,3.3862901024083
630.031526566797,316.628599241295,4.51275040559315
3.87216264103798,145.519702837692,4.25788106038547
541.9845530599,204.329593699277,4.24089229367245
33.5524315660866,491.939368834392,2.93967214532707
279.55124277955,25.7148856938046,3.84016428015578
536.999538044147,389.960685372746,3.42880344314478
78.2738710887512,76.807628211065,5.35155655640355
4.91383346926104,76.757443642806,3.45772052786001
588.17889568586,228.078154009914,3.92284826040182
439.741824205188,459.282785461304,4.73929778023163
659.262773759408,375.171231917452,3.04811073163606
104.66875010782,485.452159772267,4.32759205206432
616.639749075041,88.8890305867174,4.09252325581921
421.654254558752,257.102191908829,3.49003685399232
11.5434303981457,182.216102520639,3.33066178700032
69.5581943816951,138.949373246345,4.07775627920048
606.252941946749,206.983416294007,4.11930936998685
253.6823725609,220.68279581564,3.96511932361798
566.382459921011,437.490707457678,3.80827351162269
304.810854088227,137.092684315355,3.8193278950335
524.754554364129,456.264523383154,3.39285023866956
53.128539306419,419.715133840213,3.87927799958326
191.57002374494,283.563343109036,3.67297410261246
557.513506961635,263.460135653856,3.68854368565586
167.930863374419,49.260331961404,4.4387827272807
493.785976814813,342.427368376785,4.62694402002683
34.5153464904152,54.5257733112048,3.72324854617513
555.548547433338,160.731889946861,4.52353836205962
NA,NA,NA
660.572518646504,336.358271332716,3.45661324200203
455.203237982243,299.260632649143,3.71203528426555
11.8603653673779,494.115960411564,3.55297221087388
560.334721386894,50.0532370080792,4.18003266869713
68.3726053340437,374.425709214563,3.98193456659116
224.455270345023,417.783735687102,3.9316172915564
426.559332056774,13.201936704111,3.36177264403596
361.650221809123,292.486019811815,3.13890434803497
603.301285877948,103.084345216292,4.35896685392177
398.918210636152,229.251783947823,4.20740262026343
574.055470791972,410.741181506222,4.71481463646548
141.875164665337,284.472965344089,4.4809137357021
200.901355983267,367.770605911968,4.11416205677786
126.082581428116,410.681066687727,3.3862901024083
630.031526566797,316.628599241295,4.51275040559315
3.87216264103798,145.519702837692,4.25788106038547
541.9845530599,204.329593699277,4.24089229367245
33.5524315660866,491.939368834392,2.93967214532707
279.55124277955,25.7148856938046,3.84016428015578
536.999538044147,389.960685372746,3.42880344314478
78.2738710887512,76.807628211065,5.35155655640355
4.91383346926104,76.757443642806,3.45772052786001
588.17889568586,228.078154009914,3.92284826040182
439.741824205188,459.282785461304,4.73929778023163
659.262773759408,375.171231917452,3.04811073163606
104.66875010782,485.452159772267,4.32759205206432
616.639749075041,88.8890305867174,4.09252325581921
421.654254558752,257.102191908829,3.49003685399232
11.5434303981457,182.216102520639,3.33066178700032
69.5581943816951,138.949373246345,4.07775627920048
606.252941946749,206.983416294007,4.11930936998685
253.6823725609,220.68279581564,3.96511932361798
566.382459921011,437.490707457678,3.80827351162269
304.810854088227,137.092684315355,3.8193278950335
524.754554364129,456.264523383154,3.39285023866956
53.128539306419,419.715133840213,3.87927799958326
191.57002374494,283.563343109036,3.67297410261246
557.513506961635,263.460135653856,3.68854368565586
167.930863374419,49.260331961404,4.4387827272807
493.785976814813,342.427368376785,4.62694402002683
34.5153464904152,54.5257733112048,3.72324854617513
555.548547433338,160.731889946861,4.52353836205962
NA,NA,NA
660.572518646504,336.358271332716,3.45661324200203
455.203237982243,299.260632649143,3.71203528426555
11.8603653673779,494.115960411564,3.55297221087388
560.334721386894,50.0532370080792,4.18003266869713
68.3726053340437,374.425709214563,3.98193456659116
224.455270345023,417.783735687102,3.9316172915564
426.559332056774,13.201936704111,3.36177264403596
361.650221809123,292.486019811815,3.13890434803497
603.301285877948,103.084345216292,4.35896685392177
398.918210636152,229.251783947823,4.20740262026343
574.055470791972,410.741181506222,4.71481463646548
141.875164665337,284.472965344089,4.4809137357021
200.901355983267,367.770605911968,4.11416205677786
126.082581428116,410.681066687727,3.3862901024083
630.031526566797,316.628599241295,4.51275040559315
3.87216264103798,145.519702837692,4.25788106038547
541.9845530599,204.329593699277,4.24089229367245
33.5524315660866,491.939368834392,2.93967214532707
279.55124277955,25.7148856938046,3.84016428015578
536.999538044147,389.960685372746,3.42880344314478
78.2738710887512,76.807628211065,5.35155655640355
4.91383346926104,76.757443642806,3.45772052786001
588.17889568586,228.078154009914,3.92284826040182
439.741824205188,459.282785461304,4.73929778023163
659.262773759408,375.171231917452,3.04811073163606
104.66875010782,485.452159772267,4.32759205206432
616.639749075041,88.8890305867174,4.09252325581921
421.654254558752,257.102191908829,3.49003685399232
11.5434303981457,182.216102520639,3.33066178700032
69.5581943816951,138.949373246345,4.07775627920048
606.252941946749,206.983416294007,4.11930936998685
253.6823725609,220.68279581564,3.96511932361798
566.382459921011,437.490707457678,3.80827351162269
304.810854088227,137.092684315355,3.8193278950335
524.754554364129,456.264523383154,3.39285023866956
53.128539306419,419.715133840213,3.87927799958326
191.57002374494,283.563343109036,3.67297410261246
557.513506961635,263.460135653856,3.68854368565586
167.930863374419,49.260331961404,4.4387827272807
493.785976814813,342.427368376785,4.62694402002683
34.5153464904152,54.5257733112048,3.72324854617513
555.548547433338,160.731889946861,4.52353836205962
NA,NA,NA
659.36434793015,333.600700150567,3.55272018889853
453.687600242302,293.717365778293,3.42116771577271
10.4681003980061,492.431263502186,3.4733085875561
555.506633442011,52.8892004697004,4.2807164329584
76.9935298706794,375.813962293754,3.91969723072366
227.692645358503,415.858551892916,3.94351756501672
424.977259656669,11.9730269024737,3.2222004654821
362.718546600182,294.339119707812,3.12619425825969
606.854329015985,108.954021682434,4.20578543127077
392.160325729331,229.506362200637,4.20134412817013
561.705791609906,415.082788026051,4.70153031673735
134.82618250095,280.131040279795,4.49751604384315
203.474579654897,371.856053523475,4.02613447708484
123.96034406801,411.679039710255,3.57407983309609
628.90335747173,313.606118923017,4.47773703579977
5.45636912053811,153.218840738426,4.38224009924391
541.912163226518,199.553956397772,4.12169751050029
34.6346890538638,489.776672029589,2.9852389663152
281.933169737084,26.3711688628719,3.88601554993581
535.347782050233,392.600938861803,3.53594035852797
70.7784273512737,75.795271556394,5.32538677471887
3.41981179090925,78.6718588102687,3.41567062930393
583.652608494047,224.472042375595,3.94682909101047
438.559097288192,456.699319024688,4.67754156414014
657.680939255861,372.872143597198,2.90098937042792
109.069821998876,485.904875815345,4.4015303696755
626.708337543145,88.0944036432316,4.07339546543752
425.527738215081,258.477543578191,3.53744136420006
12.9654121735964,182.458308846754,3.06359225754462
80.9195632075867,108.257927804257,4.32904740314562
608.727239330725,203.641896215998,4.65229546240614
252.209952991135,218.594539956508,3.39855319219323
577.084240443632,434.219095773938,3.87835261139723
301.648787010399,135.24069800883,3.74521737321745
528.38845942067,457.143401462181,3.29348533451067
58.1921072319903,413.815464385231,3.70417422534277
182.85936480533,297.399089787331,4.00486908961442
552.698803832687,265.46407537425,3.65786779730096
155.201087749837,34.4735072190643,4.27565933691081
493.858225121062,348.827956398981,4.36955068215722
30.8868090591569,36.1075771570122,3.88667992058735
538.979163640958,165.669467536952,4.86068091517909
NA,NA,NA
659.36434793015,333.600700150567,3.55272018889853
453.687600242302,293.717365778293,3.42116771577271
10.4681003980061,492.431263502186,3.4733085875561
555.506633442011,52.8892004697004,4.2807164329584
76.9935298706794,375.813962293754,3.91969723072366
227.692645358503,415.858551892916,3.94351756501672
424.977259656669,11.9730269024737,3.2222004654821
362.718546600182,294.339119707812,3.12619425825969
606.854329015985,108.954021682434,4.20578543127077
392.160325729331,229.506362200637,4.20134412817013
561.705791609906,415.082788026051,4.70153031673735
134.82618250095,280.131040279795,4.49751604384315
203.474579654897,371.856053523475,4.02613447708484
123.96034406801,411.679039710255,3.57407983309609
628.90335747173,313.606118923017,4.47773703579977
5.45636912053811,153.218840738426,4.38224009924391
541.912163226518,199.553956397772,4.12169751050029
34.6346890538638,489.776672029589,2.9852389663152
281.933169737084,26.3711688628719,3.88601554993581
535.347782050233,392.600938861803,3.53594035852797
70.7784273512737,75.795271556394,5.32538677471887
3.41981179090925,78.6718588102687,3.41567062930393
583.652608494047,224.472042375595,3.94682909101047
438.559097288192,456.699319024688,4.67754156414014
657.680939255861,372.872143597198,2.90098937042792
109.069821998876,485.904875815345,4.4015303696755
626.708337543145,88.0944036432316,4.07339546543752
425.527738215081,258.477543578191,3.53744136420006
12.9654121735964,182.458308846754,3.06359225754462
80.9195632075867,108.257927804257,4.32904740314562
608.727239330725,203.641896215998,4.65229546240614
252.209952991135,218.594539956508,3.39855319219323
577.084240443632,434.219095773938,3.87835261139723
301.648787010399,135.24069800883,3.74521737321745
528.38845942067,457.143401462181,3.29348533451067
58.1921072319903,413.815464385231,3.70417422534277
182.85936480533,297.399089787331,4.00486908961442
552.698803832687,265.46407537425,3.65786779730096
155.201087749837,34.4735072190643,4.27565933691081
493.858225121062,348.827956398981,4.36955068215722
30.8868090591569,36.1075771570122,3.88667992058735
538.979163640958,165.669467536952,4.86068091517909
NA,NA,NA
659.36434793015,333.600700150567,3.55272018889853
453.687600242302,293.717365778293,3.42116771577271
10.4681003980061,492.431263502186,3.4733085875561
555.506633442011,52.8892004697004,4.2807164329584
76.9935298706794,375.813962293754,3.91969723072366
227.692645358503,415.858551892916,3.94351756501672
424.977259656669,11.9730269024737,3.2222004654821
362.718546600182,294.339119707812,3.12619425825969
606.854329015985,108.954021682434,4.20578543127077
392.160325729331,229.506362200637,4.20134412817013
561.705791609906,415.082788026051,4.70153031673735
134.82618250095,280.131040279795,4.49751604384315
203.474579654897,371.856053523475,4.02613447708484
123.96034406801,411.679039710255,3.57407983309609
628.90335747173,313.606118923017,4.47773703579977
5.45636912053811,153.218840738426,4.38224009924391
541.912163226518,199.553956397772,4.12169751050029
34.6346890538638,489.776672029589,2.9852389663152
281.933169737084,26.3711688628719,3.88601554993581
535.347782050233,392.600938861803,3.53594035852797
70.7784273512737,75.795271556394,5.32538677471887
3.41981179090925,78.6718588102687,3.41567062930393
583.652608494047,224.472042375595,3.94682909101047
438.559097288192,456.699319024688,4.67754156414014
657.680939255861,372.872143597198,2.90098937042792
109.069821998876,485.904875815345,4.4015303696755
626.708337543145,88.0944036432316,4.07339546543752
425.527738215081,258.477543578191,3.53744136420006
12.9654121735964,182.458308846754,3.06359225754462
80.9195632075867,108.257927804257,4.32904740314562
608.727239330725,203.641896215998,4.65229546240614
252.209952991135,218.594539956508,3.39855319219323
577.084240443632,434.219095773938,3.87835261139723
301.648787010399,135.24069800883,3.74521737321745
528.38845942067,457.143401462181,3.29348533451067
58.1921072319903,413.815464385231,3.70417422534277
182.85936480533,297.399089787331,4.00486908961442
552.698803832687,265.46407537425,3.65786779730096
155.201087749837,34.4735072190643,4.27565933691081
493.858225121062,348.827956398981,4.36955068215722
30.8868090591569,36.1075771570122,3.88667992058735
538.979163640958,165.669467536952,4.86068091517909
NA,NA,NA
659.36434793015,333.600700150567,3.55272018889853
453.687600242302,293.717365778293,3.42116771577271
10.4681003980061,492.431263502186,3.4733085875561
555.506633442011,52.8892004697004,4.2807164329584
76.9935298706794,375.813962293754,3.91969723072366
227.692645358503,415.858551892916,3.94351756501672
424.977259656669,11.9730269024737,3.2222004654821
362.718546600182,294.339119707812,3.12619425825969
606.854329015985,108.954021682434,4.20578543127077
392.160325729331,229.506362200637,4.20134412817013
561.705791609906,415.082788026051,4.70153031673735
134.82618250095,280.131040279795,4.49751604384315
203.474579654897,371.856053523475,4.02613447708484
123.96034406801,411.679039710255,3.57407983309609
628.90335747173,313.606118923017,4.47773703579977
5.45636912053811,153.218840738426,4.38224009924391
541.912163226518,199.553956397772,4.12169751050029
34.6346890538638,489.776672029589,2.9852389663152
281.933169737084,26.3711688628719,3.88601554993581
535.347782050233,392.600938861803,3.53594035852797
70.7784273512737,75.795271556394,5.32538677471887
3.41981179090925,78.6718588102687,3.41567062930393
583.652608494047,224.472042375595,3.94682909101047
438.559097288192,456.699319024688,4.67754156414014
657.680939255861,372.872143597198,2.90098937042792
109.069821998876,485.904875815345,4.4015303696755
626.708337543145,88.0944036432316,4.07339546543752
425.527738215081,258.477543578191,3.53744136420006
12.9654121735964,182.458308846754,3.06359225754462
80.9195632075867,108.257927804257,4.32904740314562
608.727239330725,203.641896215998,4.65229546240614
252.209952991135,218.594539956508,3.39855319219323
577.084240443632,434.219095773938,3.87835261139723
301.648787010399,135.24069800883,3.74521737321745
528.38845942067,457.143401462181,3.29348533451067
58.1921072319903,413.815464385231,3.70417422534277
182.85936480533,297.399089787331,4.00486908961442
552.698803832687,265.46407537425,3.65786779730096
155.201087749837,34.4735072190643,4.27565933691081
493.858225121062,348.827956398981,4.36955068215722
30.8868090591569,36.1075771570122,3.88667992058735
538.979163640958,165.669467536952,4.86068091517909
NA,NA,NA
659.36434793015,333.600700150567,3.55272018889853
453.687600242302,293.717365778293,3.42116771577271
10.4681003980061,492.431263502186,3.4733085875561
555.506633442011,52.8892004697004,4.2807164329584
76.9935298706794,375.813962293754,3.91969723072366
227.692645358503,415.858551892916,3.94351756501672
424.977259656669,11.9730269024737,3.2222004654821
362.718546600182,294.339119707812,3.12619425825969
606.854329015985,108.954021682434,4.20578543127077
392.160325729331,229.506362200637,4.20134412817013
561.705791609906,415.082788026051,4.70153031673735
134.82618250095,280.131040279795,4.49751604384315
203.474579654897,371.856053523475,4.02613447708484
123.96034406801,411.679039710255,3.57407983309609
628.90335747173,313.606118923017,4.47773703579977
5.45636912053811,153.218840738426,4.38224009924391
541.912163226518,199.553956397772,4.12169751050029
34.6346890538638,489.776672029589,2.9852389663152
281.933169737084,26.3711688628719,3.88601554993581
535.347782050233,392.600938861803,3.53594035852797
70.7784273512737,75.795271556394,5.32538677471887
3.41981179090925,78.6718588102687,3.41567062930393
583.652608494047,224.472042375595,3.94682909101047
438.559097288192,456.699319024688,4.67754156414014
657.680939255861,372.872143597198,2.90098937042792
109.069821998876,485.904875815345,4.4015303696755
626.708337543145,88.0944036432316,4.07339546543752
425.527738215081,258.477543578191,3.53744136420006
12.9654121735964,182.458308846754,3.06359225754462
80.9195632075867,108.257927804257,4.32904740314562
608.727239330725,203.641896215998,4.65229546240614
252.209952991135,218.594539956508,3.39855319219323
577.084240443632,434.219095773938,3.87835261139723
301.648787010399,135.24069800883,3.74521737321745
528.38845942067,457.143401462181,3.29348533451067
58.1921072319903,413.815464385231,3.70417422534277
182.85936480533,297.399089787331,4.00486908961442
552.698803832687,265.46407537425,3.65786779730096
155.201087749837,34.4735072190643,4.27565933691081
493.858225121062,348.827956398981,4.36955068215722
30.8868090591569,36.1075771570122,3.88667992058735
538.979163640958,165.669467536952,4.86068091517909
NA,NA,NA
659.36434793015,333.600700150567,3.55272018889853
453.687600242302,293.717365778293,3.42116771577271
10.4681003980061,492.431263502186,3.4733085875561
555.506633442011,52.8892004697004,4.2807164329584
76.9935298706794,375.813962293754,3.91969723072366
227.692645358503,415.858551892916,3.94351756501672
424.977259656669,11.9730269024737,3.2222004654821
362.718546600182,294.339119707812,3.12619425825969
606.854329015985,108.954021682434,4.20578543127077
392.160325729331,229.506362200637,4.20134412817013
561.705791609906,415.082788026051,4.70153031673735
134.82618250095,280.131040279795,4.49751604384315
203.474579654897,371.856053523475,4.02613447708484
123.96034406801,411.679039710255,3.57407983309609
628.90335747173,313.606118923017,4.47773703579977
5.45636912053811,153.218840738426,4.38224009924391
541.912163226518,199.553956397772,4.12169751050029
34.6346890538638,489.776672029589,2.9852389663152
281.933169737084,26.3711688628719,3.88601554993581
535.347782050233,392.600938861803,3.53594035852797
70.7784273512737,75.795271556394,5.32538677471887
3.41981179090925,78.6718588102687,3.41567062930393
583.652608494047,224.472042375595,3.94682909101047
438.559097288192,456.699319024688,4.67754156414014
657.680939255861,372.872143597198,2.90098937042792
109.069821998876,485.904875815345,4.4015303696755
626.708337543145,88.0944036432316,4.07339546543752
425.527738215081,258.477543578191,3.53744136420006
12.9654121735964,182.458308846754,3.06359225754462
80.9195632075867,108.257927804257,4.32904740314562
608.727239330725,203.641896215998,4.65229546240614
252.209952991135,218.594539956508,3.39855319219323
577.084240443632,434.219095773938,3.87835261139723
301.648787010399,135.24069800883,3.74521737321745
528.38845942067,457.143401462181,3.29348533451067
58.1921072319903,413.815464385231,3.70417422534277
182.85936480533,297.399089787331,4.00486908961442
552.698803832687,265.46407537425,3.65786779730096
155.201087749837,34.4735072190643,4.27565933691081
493.858225121062,348.827956398981,4.36955068215722
30.8868090591569,36.1075771570122,3.88667992058735
538.979163640958,165.669467536952,4.86068091517909
NA,NA,NA
659.565029466176,334.471750906243,3.27175199169619
454.053145421967,297.797822041605,3.29336495853595
10.5990735949763,495.765856852229,3.20085608095681
559.196166580339,54.0654877900265,4.25793923898621
72.8848352683634,375.319354358002,4.02906872577246
227.139205034367,417.121554384144,3.96817771910689
426.706625374327,13.3937015912289,3.22954573536073
362.234206308022,292.458113839969,3.0437093785155
601.081225234992,108.320205222445,4.15360705789988
391.607374011422,232.680128154583,4.35054355949607
566.609438711692,404.566228804115,4.75438128927766
136.10994239486,275.863505162727,4.56149005567998
194.874414721892,368.455566543131,4.03760995222144
131.526969468382,409.283193383772,3.40857882335279
631.764177553236,314.472863871233,4.59220104555937
-3.82657129270566,144.556214875464,4.24938581930466
544.75598147708,204.506391804339,3.97211465419571
33.5404279655919,492.229938076176,3.02985874529436
282.574168016499,23.5320515244313,3.96707059922207
536.183815398349,391.139912056007,3.45005558364159
69.6334597580149,74.9803379451349,5.11324459596051
3.29755370173383,75.243514036055,3.45659743012484
590.14948271592,232.223832451891,4.01491044491244
440.502908071613,458.49813012164,4.80458920793867
659.226227198173,375.704188994986,2.94761444006332
102.429486556729,491.350797380989,4.33778722052662
623.50008426755,88.1305288157159,4.12721542620686
423.094829305471,259.279416672504,3.67311571344798
10.5714495676963,180.775013452234,3.27345898351175
78.658827853409,111.235827731901,4.57653548369929
611.829104502766,188.828560634273,4.076359516037
255.252186207417,219.388000515721,4.25014429910091
568.693773899171,438.185637780489,3.66217378112805
300.727718656246,139.245435605726,3.7308718850878
524.80635484055,457.666269721744,3.47683110139372
50.2108106924306,426.427152599822,3.92139103868188
194.755411850265,277.195850072929,4.24116264736437
540.682077402839,263.529348380393,3.68627854325993
173.814230036603,47.1927390879246,4.24246108922615
509.306021542915,344.282343495378,4.56029234712448
27.7866972698622,52.0033857164279,3.59651702674114
514.497789210149,151.576630412042,4.5086204813006
NA,NA,NA
659.565029466176,334.471750906243,3.27175199169619
454.053145421967,297.797822041605,3.29336495853595
10.5990735949763,495.765856852229,3.20085608095681
559.196166580339,54.0654877900265,4.25793923898621
72.8848352683634,375.319354358002,4.02906872577246
227.139205034367,417.121554384144,3.96817771910689
426.706625374327,13.3937015912289,3.22954573536073
362.234206308022,292.458113839969,3.0437093785155
601.081225234992,108.320205222445,4.15360705789988
391.607374011422,232.680128154583,4.35054355949607
566.609438711692,404.566228804115,4.75438128927766
136.10994239486,275.863505162727,4.56149005567998
194.874414721892,368.455566543131,4.03760995222144
131.526969468382,409.283193383772,3.40857882335279
631.764177553236,314.472863871233,4.59220104555937
-3.82657129270566,144.556214875464,4.24938581930466
544.75598147708,204.506391804339,3.97211465419571
33.5404279655919,492.229938076176,3.02985874529436
282.574168016499,23.5320515244313,3.96707059922207
536.183815398349,391.139912056007,3.45005558364159
69.6334597580149,74.9803379451349,5.11324459596051
3.29755370173383,75.243514036055,3.45659743012484
590.14948271592,232.223832451891,4.01491044491244
440.502908071613,458.49813012164,4.80458920793867
659.226227198173,375.704188994986,2.94761444006332
102.429486556729,491.350797380989,4.33778722052662
623.50008426755,88.1305288157159,4.12721542620686
423.094829305471,259.279416672504,3.67311571344798
10.5714495676963,180.775013452234,3.27345898351175
78.658827853409,111.235827731901,4.57653548369929
611.829104502766,188.828560634273,4.076359516037
255.252186207417,219.388000515721,4.25014429910091
568.693773899171,438.185637780489,3.66217378112805
300.727718656246,139.245435605726,3.7308718850878
524.80635484055,457.666269721744,3.47683110139372
50.2108106924306,426.427152599822,3.92139103868188
194.755411850265,277.195850072929,4.24116264736437
540.682077402839,263.529348380393,3.68627854325993
173.814230036603,47.1927390879246,4.24246108922615
509.306021542915,344.282343495378,4.56029234712448
27.7866972698622,52.0033857164279,3.59651702674114
514.497789210149,151.576630412042,4.5086204813006
NA,NA,NA
659.565029466176,334.471750906243,3.27175199169619
454.053145421967,297.797822041605,3.29336495853595
10.5990735949763,495.765856852229,3.20085608095681
559.196166580339,54.0654877900265,4.25793923898621
72.8848352683634,375.319354358002,4.02906872577246
227.139205034367,417.121554384144,3.96817771910689
426.706625374327,13.3937015912289,3.22954573536073
362.234206308022,292.458113839969,3.0437093785155
601.081225234992,108.320205222445,4.15360705789988
391.607374011422,232.680128154583,4.35054355949607
566.609438711692,404.566228804115,4.75438128927766
136.10994239486,275.863505162727,4.56149005567998
194.874414721892,368.455566543131,4.03760995222144
131.526969468382,409.283193383772,3.40857882335279
631.764177553236,314.472863871233,4.59220104555937
-3.82657129270566,144.556214875464,4.24938581930466
544.75598147708,204.506391804339,3.97211465419571
33.5404279655919,492.229938076176,3.02985874529436
282.574168016499,23.5320515244313,3.96707059922207
536.183815398349,391.139912056007,3.45005558364159
69.6334597580149,74.9803379451349,5.11324459596051
3.29755370173383,75.243514036055,3.45659743012484
590.14948271592,232.223832451891,4.01491044491244
440.502908071613,458.49813012164,4.80458920793867
659.226227198173,375.704188994986,2.94761444006332
102.429486556729,491.350797380989,4.33778722052662
623.50008426755,88.1305288157159,4.12721542620686
423.094829305471,259.279416672504,3.67311571344798
10.5714495676963,180.775013452234,3.27345898351175
78.658827853409,111.235827731901,4.57653548369929
611.829104502766,188.828560634273,4.076359516037
255.252186207417,219.388000515721,4.25014429910091
568.693773899171,438.185637780489,3.66217378112805
300.727718656246,139.245435605726,3.7308718850878
524.80635484055,457.666269721744,3.47683110139372
50.2108106924306,426.427152599822,3.92139103868188
194.755411850265,277.195850072929,4.24116264736437
540.682077402839,263.529348380393,3.68627854325993
173.814230036603,47.1927390879246,4.24246108922615
509.306021542915,344.282343495378,4.56029234712448
27.7866972698622,52.0033857164279,3.59651702674114
514.497789210149,151.576630412042,4.5086204813006
NA,NA,NA
659.565029466176,334.471750906243,3.27175199169619
454.053145421967,297.797822041605,3.29336495853595
10.5990735949763,495.765856852229,3.20085608095681
559.196166580339,54.0654877900265,4.25793923898621
72.8848352683634,375.319354358002,4.02906872577246
227.139205034367,417.121554384144,3.96817771910689
426.706625374327,13.3937015912289,3.22954573536073
362.234206308022,292.458113839969,3.0437093785155
601.081225234992,108.320205222445,4.15360705789988
391.607374011422,232.680128154583,4.35054355949607
566.609438711692,404.566228804115,4.75438128927766
136.10994239486,275.863505162727,4.56149005567998
194.874414721892,368.455566543131,4.03760995222144
131.526969468382,409.283193383772,3.40857882335279
631.764177553236,314.472863871233,4.59220104555937
-3.82657129270566,144.556214875464,4.24938581930466
544.75598147708,204.506391804339,3.97211465419571
33.5404279655919,492.229938076176,3.02985874529436
282.574168016499,23.5320515244313,3.96707059922207
536.183815398349,391.139912056007,3.45005558364159
69.6334597580149,74.9803379451349,5.11324459596051
3.29755370173383,75.243514036055,3.45659743012484
590.14948271592,232.223832451891,4.01491044491244
440.502908071613,458.49813012164,4.80458920793867
659.226227198173,375.704188994986,2.94761444006332
102.429486556729,491.350797380989,4.33778722052662
623.50008426755,88.1305288157159,4.12721542620686
423.094829305471,259.279416672504,3.67311571344798
10.5714495676963,180.775013452234,3.27345898351175
78.658827853409,111.235827731901,4.57653548369929
611.829104502766,188.828560634273,4.076359516037
255.252186207417,219.388000515721,4.25014429910091
568.693773899171,438.185637780489,3.66217378112805
300.727718656246,139.245435605726,3.7308718850878
524.80635484055,457.666269721744,3.47683110139372
50.2108106924306,426.427152599822,3.92139103868188
194.755411850265,277.195850072929,4.24116264736437
540.682077402839,263.529348380393,3.68627854325993
173.814230036603,47.1927390879246,4.24246108922615
509.306021542915,344.282343495378,4.56029234712448
27.7866972698622,52.0033857164279,3.59651702674114
514.497789210149,151.576630412042,4.5086204813006
NA,NA,NA
659.565029466176,334.471750906243,3.27175199169619
454.053145421967,297.797822041605,3.29336495853595
10.5990735949763,495.765856852229,3.20085608095681
559.196166580339,54.0654877900265,4.25793923898621
72.8848352683634,375.319354358002,4.02906872577246
227.139205034367,417.121554384144,3.96817771910689
426.706625374327,13.3937015912289,3.22954573536073
362.234206308022,292.458113839969,3.0437093785155
601.081225234992,108.320205222445,4.15360705789988
391.607374011422,232.680128154583,4.35054355949607
566.609438711692,404.566228804115,4.75438128927766
136.10994239486,275.863505162727,4.56149005567998
194.874414721892,368.455566543131,4.03760995222144
131.526969468382,409.283193383772,3.40857882335279
631.764177553236,314.472863871233,4.59220104555937
-3.82657129270566,144.556214875464,4.24938581930466
544.75598147708,204.506391804339,3.97211465419571
33.5404279655919,492.229938076176,3.02985874529436
282.574168016499,23.5320515244313,3.96707059922207
536.183815398349,391.139912056007,3.45005558364159
69.6334597580149,74.9803379451349,5.11324459596051
3.29755370173383,75.243514036055,3.45659743012484
590.14948271592,232.223832451891,4.01491044491244
440.502908071613,458.49813012164,4.80458920793867
659.226227198173,375.704188994986,2.94761444006332
102.429486556729,491.350797380989,4.33778722052662
623.50008426755,88.1305288157159,4.12721542620686
423.094829305471,259.279416672504,3.67311571344798
10.5714495676963,180.775013452234,3.27345898351175
78.658827853409,111.235827731901,4.57653548369929
611.829104502766,188.828560634273,4.076359516037
255.252186207417,219.388000515721,4.25014429910091
568.693773899171,438.185637780489,3.66217378112805
300.727718656246,139.245435605726,3.7308718850878
524.80635484055,457.666269721744,3.47683110139372
50.2108106924306,426.427152599822,3.92139103868188
194.755411850265,277.195850072929,4.24116264736437
540.682077402839,263.529348380393,3.68627854325993
173.814230036603,47.1927390879246,4.24246108922615
509.306021542915,344.282343495378,4.56029234712448
27.7866972698622,52.0033857164279,3.59651702674114
514.497789210149,151.576630412042,4.5086204813006
NA,NA,NA
659.565029466176,334.471750906243,3.27175199169619
454.053145421967,297.797822041605,3.29336495853595
10.5990735949763,495.765856852229,3.20085608095681
559.196166580339,54.0654877900265,4.25793923898621
72.8848352683634,375.319354358002,4.02906872577246
227.139205034367,417.121554384144,3.96817771910689
426.706625374327,13.3937015912289,3.22954573536073
362.234206308022,292.458113839969,3.0437093785155
601.081225234992,108.320205222445,4.15360705789988
391.607374011422,232.680128154583,4.35054355949607
566.609438711692,404.566228804115,4.75438128927766
136.10994239486,275.863505162727,4.56149005567998
194.874414721892,368.455566543131,4.03760995222144
131.526969468382,409.283193383772,3.40857882335279
631.764177553236,314.472863871233,4.59220104555937
-3.82657129270566,144.556214875464,4.24938581930466
544.75598147708,204.506391804339,3.97211465419571
33.5404279655919,492.229938076176,3.02985874529436
282.574168016499,23.5320515244313,3.96707059922207
536.183815398349,391.139912056007,3.45005558364159
69.6334597580149,74.9803379451349,5.11324459596051
3.29755370173383,75.243514036055,3.45659743012484
590.14948271592,232.223832451891,4.01491044491244
440.502908071613,458.49813012164,4.80458920793867
659.226227198173,375.704188994986,2.94761444006332
102.429486556729,491.350797380989,4.33778722052662
623.50008426755,88.1305288157159,4.12721542620686
423.094829305471,259.279416672504,3.67311571344798
10.5714495676963,180.775013452234,3.27345898351175
78.658827853409,111.235827731901,4.57653548369929
611.829104502766,188.828560634273,4.076359516037
255.252186207417,219.388000515721,4.25014429910091
568.693773899171,438.185637780489,3.66217378112805
300.727718656246,139.245435605726,3.7308718850878
524.80635484055,457.666269721744,3.47683110139372
50.2108106924306,426.427152599822,3.92139103868188
194.755411850265,277.195850072929,4.24116264736437
540.682077402839,263.529348380393,3.68627854325993
173.814230036603,47.1927390879246,4.24246108922615
509.306021542915,344.282343495378,4.56029234712448
27.7866972698622,52.0033857164279,3.59651702674114
514.497789210149,151.576630412042,4.5086204813006
NA,NA,NA
659.958331163833,329.142838726219,3.43981794967681
452.451938590183,302.040250331196,3.67566984579247
11.2598393809334,498.836335258748,3.67013221501918
559.72701217798,46.825251713417,3.96575710107275
76.6434612955497,374.798936467177,3.99074307202009
224.41507932879,412.74113576114,3.96025855043487
429.022371908378,13.2444780377223,3.35771632180301
359.62595408365,293.758322387916,2.95136371925231
600.581799228023,102.600819328395,4.03411656031867
395.328294588702,223.143946259131,4.1362609452985
564.226602075945,405.683254782052,4.68481939382467
144.337117713004,282.154392413625,4.37400716041246
200.024948635605,372.539752932697,3.95788711055097
124.209181561679,410.367193751865,3.53104193655799
618.172117248625,318.608248940741,4.56256571641439
5.58629622417814,149.088317797688,4.23700976749979
544.935724603307,200.775548720764,4.14557678937557
34.3446584751406,491.289774634346,2.99270649393777
276.769947821174,23.6331636345963,3.78924939430969
530.978466550553,393.81096341858,3.31391619426157
75.8272574092412,83.5093580441142,5.23641846497195
5.63924008609001,74.7765060193309,3.44715820189953
588.071341533425,231.314978967211,4.01370183370696
435.348894362238,457.566413881928,4.72152691995197
657.411357341615,373.781181440585,2.98371724912435
101.315985409309,487.961520677359,4.37033590876972
624.754632960666,93.9959321440664,4.14653262965575
417.277809783782,260.58930905758,3.59150350988509
9.7072399400549,181.199726584046,3.23561902801376
71.2186748846278,117.186576132489,4.55555972107547
616.266124877607,202.375284728113,4.28187628869266
255.160873870786,220.094061517616,3.6969338187354
576.585662056774,444.817102960373,4.14383439458647
301.675160859484,141.715718599119,3.89983684261375
528.752160684869,456.845108633817,3.50666683994137
48.702835405193,422.843026599163,3.82535405525387
200.080655251094,289.213784977755,3.94819953055761
550.862795240281,263.355346358716,3.79738567002704
190.158924876902,24.0810586662818,4.19018886654559
495.711403521798,345.412102222237,4.48090218795171
38.0223889605566,51.9259783813131,3.96891444533438
544.60287918186,155.615352996975,4.68451724006059
NA,NA,NA
659.958331163833,329.142838726219,3.43981794967681
452.451938590183,302.040250331196,3.67566984579247
11.2598393809334,498.836335258748,3.67013221501918
559.72701217798,46.825251713417,3.96575710107275
76.6434612955497,374.798936467177,3.99074307202009
224.41507932879,412.74113576114,3.96025855043487
429.022371908378,13.2444780377223,3.35771632180301
359.62595408365,293.758322387916,2.95136371925231
600.581799228023,102.600819328395,4.03411656031867
395.328294588702,223.143946259131,4.1362609452985
564.226602075945,405.683254782052,4.68481939382467
144.337117713004,282.154392413625,4.37400716041246
200.024948635605,372.539752932697,3.95788711055097
124.209181561679,410.367193751865,3.53104193655799
618.172117248625,318.608248940741,4.56256571641439
5.58629622417814,149.088317797688,4.23700976749979
544.935724603307,200.775548720764,4.14557678937557
34.3446584751406,491.289774634346,2.99270649393777
276.769947821174,23.6331636345963,3.78924939430969
530.978466550553,393.81096341858,3.31391619426157
75.8272574092412,83.5093580441142,5.23641846497195
5.63924008609001,74.7765060193309,3.44715820189953
588.071341533425,231.314978967211,4.01370183370696
435.348894362238,457.566413881928,4.72152691995197
657.411357341615,373.781181440585,2.98371724912435
101.315985409309,487.961520677359,4.37033590876972
624.754632960666,93.9959321440664,4.14653262965575
417.277809783782,260.58930905758,3.59150350988509
9.7072399400549,181.199726584046,3.23561902801376
71.2186748846278,117.186576132489,4.55555972107547
616.266124877607,202.375284728113,4.28187628869266
255.160873870786,220.094061517616,3.6969338187354
576.585662056774,444.817102960373,4.14383439458647
301.675160859484,141.715718599119,3.89983684261375
528.752160684869,456.845108633817,3.50666683994137
48.702835405193,422.843026599163,3.82535405525387
200.080655251094,289.213784977755,3.94819953055761
550.862795240281,263.355346358716,3.79738567002704
190.158924876902,24.0810586662818,4.19018886654559
495.711403521798,345.412102222237,4.48090218795171
38.0223889605566,51.9259783813131,3.96891444533438
544.60287918186,155.615352996975,4.68451724006059
NA,NA,NA
659.958331163833,329.142838726219,3.43981794967681
452.451938590183,302.040250331196,3.67566984579247
11.2598393809334,498.836335258748,3.67013221501918
559.72701217798,46.825251713417,3.96575710107275
76.6434612955497,374.798936467177,3.99074307202009
224.41507932879,412.74113576114,3.96025855043487
429.022371908378,13.2444780377223,3.35771632180301
359.62595408365,293.758322387916,2.95136371925231
600.581799228023,102.600819328395,4.03411656031867
395.328294588702,223.143946259131,4.1362609452985
564.226602075945,405.683254782052,4.68481939382467
144.337117713004,282.154392413625,4.37400716041246
200.024948635605,372.539752932697,3.95788711055097
124.209181561679,410.367193751865,3.53104193655799
618.172117248625,318.608248940741,4.56256571641439
5.58629622417814,149.088317797688,4.23700976749979
544.935724603307,200.775548720764,4.14557678937557
34.3446584751406,491.289774634346,2.99270649393777
276.769947821174,23.6331636345963,3.78924939430969
530.978466550553,393.81096341858,3.31391619426157
75.8272574092412,83.5093580441142,5.23641846497195
5.63924008609001,74.7765060193309,3.44715820189953
588.071341533425,231.314978967211,4.01370183370696
435.348894362238,457.566413881928,4.72152691995197
657.411357341615,373.781181440585,2.98371724912435
101.315985409309,487.961520677359,4.37033590876972
624.754632960666,93.9959321440664,4.14653262965575
417.277809783782,260.58930905758,3.59150350988509
9.7072399400549,181.199726584046,3.23561902801376
71.2186748846278,117.186576132489,4.55555972107547
616.266124877607,202.375284728113,4.28187628869266
255.160873870786,220.094061517616,3.6969338187354
576.585662056774,444.817102960373,4.14383439458647
301.675160859484,141.715718599119,3.89983684261375
528.752160684869,456.845108633817,3.50666683994137
48.702835405193,422.843026599163,3.82535405525387
200.080655251094,289.213784977755,3.94819953055761
550.862795240281,263.355346358716,3.79738567002704
190.158924876902,24.0810586662818,4.19018886654559
495.711403521798,345.412102222237,4.48090218795171
38.0223889605566,51.9259783813131,3.96891444533438
544.60287918186,155.615352996975,4.68451724006059
NA,NA,NA
659.958331163833,329.142838726219,3.43981794967681
452.451938590183,302.040250331196,3.67566984579247
11.2598393809334,498.836335258748,3.67013221501918
559.72701217798,46.825251713417,3.96575710107275
76.6434612955497,374.798936467177,3.99074307202009
224.41507932879,412.74113576114,3.96025855043487
429.022371908378,13.2444780377223,3.35771632180301
359.62595408365,293.758322387916,2.95136371925231
600.581799228023,102.600819328395,4.03411656031867
395.328294588702,223.143946259131,4.1362609452985
564.226602075945,405.683254782052,4.68481939382467
144.337117713004,282.154392413625,4.37400716041246
200.024948635605,372.539752932697,3.95788711055097
124.209181561679,410.367193751865,3.53104193655799
618.172117248625,318.608248940741,4.56256571641439
5.58629622417814,149.088317797688,4.23700976749979
544.935724603307,200.775548720764,4.14557678937557
34.3446584751406,491.289774634346,2.99270649393777
276.769947821174,23.6331636345963,3.78924939430969
530.978466550553,393.81096341858,3.31391619426157
75.8272574092412,83.5093580441142,5.23641846497195
5.63924008609001,74.7765060193309,3.44715820189953
588.071341533425,231.314978967211,4.01370183370696
435.348894362238,457.566413881928,4.72152691995197
657.411357341615,373.781181440585,2.98371724912435
101.315985409309,487.961520677359,4.37033590876972
624.754632960666,93.9959321440664,4.14653262965575
417.277809783782,260.58930905758,3.59150350988509
9.7072399400549,181.199726584046,3.23561902801376
71.2186748846278,117.186576132489,4.55555972107547
616.266124877607,202.375284728113,4.28187628869266
255.160873870786,220.094061517616,3.6969338187354
576.585662056774,444.817102960373,4.14383439458647
301.675160859484,141.715718599119,3.89983684261375
528.752160684869,456.845108633817,3.50666683994137
48.702835405193,422.843026599163,3.82535405525387
200.080655251094,289.213784977755,3.94819953055761
550.862795240281,263.355346358716,3.79738567002704
190.158924876902,24.0810586662818,4.19018886654559
495.711403521798,345.412102222237,4.48090218795171
38.0223889605566,51.9259783813131,3.96891444533438
544.60287918186,155.615352996975,4.68451724006059
NA,NA,NA
659.958331163833,329.142838726219,3.43981794967681
452.451938590183,302.040250331196,3.67566984579247
11.2598393809334,498.836335258748,3.67013221501918
559.72701217798,46.825251713417,3.96575710107275
76.6434612955497,374.798936467177,3.99074307202009
224.41507932879,412.74113576114,3.96025855043487
429.022371908378,13.2444780377223,3.35771632180301
359.62595408365,293.758322387916,2.95136371925231
600.581799228023,102.600819328395,4.03411656031867
395.328294588702,223.143946259131,4.1362609452985
564.226602075945,405.683254782052,4.68481939382467
144.337117713004,282.154392413625,4.37400716041246
200.024948635605,372.539752932697,3.95788711055097
124.209181561679,410.367193751865,3.53104193655799
618.172117248625,318.608248940741,4.56256571641439
5.58629622417814,149.088317797688,4.23700976749979
544.935724603307,200.775548720764,4.14557678937557
34.3446584751406,491.289774634346,2.99270649393777
276.769947821174,23.6331636345963,3.78924939430969
530.978466550553,393.81096341858,3.31391619426157
75.8272574092412,83.5093580441142,5.23641846497195
5.63924008609001,74.7765060193309,3.44715820189953
588.071341533425,231.314978967211,4.01370183370696
435.348894362238,457.566413881928,4.72152691995197
657.411357341615,373.781181440585,2.98371724912435
101.315985409309,487.961520677359,4.37033590876972
624.754632960666,93.9959321440664,4.14653262965575
417.277809783782,260.58930905758,3.59150350988509
9.7072399400549,181.199726584046,3.23561902801376
71.2186748846278,117.186576132489,4.55555972107547
616.266124877607,202.375284728113,4.28187628869266
255.160873870786,220.094061517616,3.6969338187354
576.585662056774,444.817102960373,4.14383439458647
301.675160859484,141.715718599119,3.89983684261375
528.752160684869,456.845108633817,3.50666683994137
48.702835405193,422.843026599163,3.82535405525387
200.080655251094,289.213784977755,3.94819953055761
550.862795240281,263.355346358716,3.79738567002704
190.158924876902,24.0810586662818,4.19018886654559
495.711403521798,345.412102222237,4.48090218795171
38.0223889605566,51.9259783813131,3.96891444533438
544.60287918186,155.615352996975,4.68451724006059
NA,NA,NA
659.958331163833,329.142838726219,3.43981794967681
452.451938590183,302.040250331196,3.67566984579247
11.2598393809334,498.836335258748,3.67013221501918
559.72701217798,46.825251713417,3.96575710107275
76.6434612955497,374.798936467177,3.99074307202009
224.41507932879,412.74113576114,3.96025855043487
429.022371908378,13.2444780377223,3.35771632180301
359.62595408365,293.758322387916,2.95136371925231
600.581799228023,102.600819328395,4.03411656031867
395.328294588702,223.143946259131,4.1362609452985
564.226602075945,405.683254782052,4.68481939382467
144.337117713004,282.154392413625,4.37400716041246
200.024948635605,372.539752932697,3.95788711055097
124.209181561679,410.367193751865,3.53104193655799
618.172117248625,318.608248940741,4.56256571641439
5.58629622417814,149.088317797688,4.23700976749979
544.935724603307,200.775548720764,4.14557678937557
34.3446584751406,491.289774634346,2.99270649393777
276.769947821174,23.6331636345963,3.78924939430969
530.978466550553,393.81096341858,3.31391619426157
75.8272574092412,83.5093580441142,5.23641846497195
5.63924008609001,74.7765060193309,3.44715820189953
588.071341533425,231.314978967211,4.01370183370696
435.348894362238,457.566413881928,4.72152691995197
657.411357341615,373.781181440585,2.98371724912435
101.315985409309,487.961520677359,4.37033590876972
624.754632960666,93.9959321440664,4.14653262965575
417.277809783782,260.58930905758,3.59150350988509
9.7072399400549,181.199726584046,3.23561902801376
71.2186748846278,117.186576132489,4.55555972107547
616.266124877607,202.375284728113,4.28187628869266
255.160873870786,220.094061517616,3.6969338187354
576.585662056774,444.817102960373,4.14383439458647
301.675160859484,141.715718599119,3.89983684261375
528.752160684869,456.845108633817,3.50666683994137
48.702835405193,422.843026599163,3.82535405525387
200.080655251094,289.213784977755,3.94819953055761
550.862795240281,263.355346358716,3.79738567002704
190.158924876902,24.0810586662818,4.19018886654559
495.711403521798,345.412102222237,4.48090218795171
38.0223889605566,51.9259783813131,3.96891444533438
544.60287918186,155.615352996975,4.68451724006059
NA,NA,NA
662.948563800551,334.727321214341,3.554448947063
455.212224441034,296.605325251107,3.56810557171221
12.879350624099,492.191741755564,3.61554764814879
562.237858371268,54.0282113742136,4.26285302931111
72.7082230741611,373.963823988838,4.03029806941705
230.164214618671,415.218954674363,3.84811505840902
429.196308927206,13.0041056972333,3.26111434644696
364.258606545801,292.696761991093,2.9462555695017
612.266705417453,101.106811550772,4.23028163157916
389.391469068103,225.159580188924,4.24090151529794
566.187258063714,404.448098138157,4.71004660142462
145.134580082881,284.085858307782,4.77274125920041
199.837177078345,368.509861018714,3.96459127852808
126.850818764843,409.783577792887,3.31256180791566
628.364149307823,313.496938927599,4.47030111669697
2.0503594114677,145.836035012219,4.11482573613887
545.839075024706,204.387337290819,4.1631003199392
33.4912932057204,490.056223696777,2.99486189370569
276.762013995631,21.1638308437741,4.00616210058304
532.234864642781,391.453879520965,3.41699681391236
64.8462639458157,83.9769607378652,5.24440925446779
3.86567856144602,73.9886645686494,3.5600488461146
592.942729574632,226.910633031454,3.98385994586996
440.51203518633,453.767688814061,4.76906225094152
657.313478797536,373.262953333951,2.97693370416769
105.071091366309,481.478681841284,4.41120121660257
624.452691079745,88.6045801201628,4.07564071586039
420.481848265683,253.537407210875,3.70339582410279
9.10323431967683,180.708828863448,3.34511486123445
61.8379435682077,106.88576641904,4.48605949486652
612.796955103493,198.297566585359,4.36032916331458
259.830049956079,212.811953951249,3.52020924680331
567.682709285499,437.372776248343,3.66582162912765
300.053692902668,142.937864902363,3.81088048593628
533.114892062007,449.561871402805,3.63746099144925
50.4437100733457,420.292474683062,3.85606132838044
200.408307915385,294.850729674126,3.86203774675243
552.959778985849,257.069466692573,3.55865155313399
173.245568206939,36.5632205466869,4.37800580401401
495.635881706874,326.717385420608,4.68574969309208
25.4826318513939,47.1098593154254,3.96809215734568
532.324421754966,156.74073936367,4.61402008477424
NA,NA,NA
662.948563800551,334.727321214341,3.554448947063
455.212224441034,296.605325251107,3.56810557171221
12.879350624099,492.191741755564,3.61554764814879
562.237858371268,54.0282113742136,4.26285302931111
72.7082230741611,373.963823988838,4.03029806941705
230.164214618671,415.218954674363,3.84811505840902
429.196308927206,13.0041056972333,3.26111434644696
364.258606545801,292.696761991093,2.9462555695017
612.266705417453,101.106811550772,4.23028163157916
389.391469068103,225.159580188924,4.24090151529794
566.187258063714,404.448098138157,4.71004660142462
145.134580082881,284.085858307782,4.77274125920041
199.837177078345,368.509861018714,3.96459127852808
126.850818764843,409.783577792887,3.31256180791566
628.364149307823,313.496938927599,4.47030111669697
2.0503594114677,145.836035012219,4.11482573613887
545.839075024706,204.387337290819,4.1631003199392
33.4912932057204,490.056223696777,2.99486189370569
276.762013995631,21.1638308437741,4.00616210058304
532.234864642781,391.453879520965,3.41699681391236
64.8462639458157,83.9769607378652,5.24440925446779
3.86567856144602,73.9886645686494,3.5600488461146
592.942729574632,226.910633031454,3.98385994586996
440.51203518633,453.767688814061,4.76906225094152
657.313478797536,373.262953333951,2.97693370416769
105.071091366309,481.478681841284,4.41120121660257
624.452691079745,88.6045801201628,4.07564071586039
420.481848265683,253.537407210875,3.70339582410279
9.10323431967683,180.708828863448,3.34511486123445
61.8379435682077,106.88576641904,4.48605949486652
612.796955103493,198.297566585359,4.36032916331458
259.830049956079,212.811953951249,3.52020924680331
567.682709285499,437.372776248343,3.66582162912765
300.053692902668,142.937864902363,3.81088048593628
533.114892062007,449.561871402805,3.63746099144925
50.4437100733457,420.292474683062,3.85606132838044
200.408307915385,294.850729674126,3.86203774675243
552.959778985849,257.069466692573,3.55865155313399
173.245568206939,36.5632205466869,4.37800580401401
495.635881706874,326.717385420608,4.68574969309208
25.4826318513939,47.1098593154254,3.96809215734568
532.324421754966,156.74073936367,4.61402008477424
NA,NA,NA
662.948563800551,334.727321214341,3.554448947063
455.212224441034,296.605325251107,3.56810557171221
12.879350624099,492.191741755564,3.61554764814879
562.237858371268,54.0282113742136,4.26285302931111
72.7082230741611,373.963823988838,4.03029806941705
230.164214618671,415.218954674363,3.84811505840902
429.196308927206,13.0041056972333,3.26111434644696
364.258606545801,292.696761991093,2.9462555695017
612.266705417453,101.106811550772,4.23028163157916
389.391469068103,225.159580188924,4.24090151529794
566.187258063714,404.448098138157,4.71004660142462
145.134580082881,284.085858307782,4.77274125920041
199.837177078345,368.509861018714,3.96459127852808
126.850818764843,409.783577792887,3.31256180791566
628.364149307823,313.496938927599,4.47030111669697
2.0503594114677,145.836035012219,4.11482573613887
545.839075024706,204.387337290819,4.1631003199392
33.4912932057204,490.056223696777,2.99486189370569
276.762013995631,21.1638308437741,4.00616210058304
532.234864642781,391.453879520965,3.41699681391236
64.8462639458157,83.9769607378652,5.24440925446779
3.86567856144602,73.9886645686494,3.5600488461146
592.942729574632,226.910633031454,3.98385994586996
440.51203518633,453.767688814061,4.76906225094152
657.313478797536,373.262953333951,2.97693370416769
105.071091366309,481.478681841284,4.41120121660257
624.452691079745,88.6045801201628,4.07564071586039
420.481848265683,253.537407210875,3.70339582410279
9.10323431967683,180.708828863448,3.34511486123445
61.8379435682077,106.88576641904,4.48605949486652
612.796955103493,198.297566585359,4.36032916331458
259.830049956079,212.811953951249,3.52020924680331
567.682709285499,437.372776248343,3.66582162912765
300.053692902668,142.937864902363,3.81088048593628
533.114892062007,449.561871402805,3.63746099144925
50.4437100733457,420.292474683062,3.85606132838044
200.408307915385,294.850729674126,3.86203774675243
552.959778985849,257.069466692573,3.55865155313399
173.245568206939,36.5632205466869,4.37800580401401
495.635881706874,326.717385420608,4.68574969309208
25.4826318513939,47.1098593154254,3.96809215734568
532.324421754966,156.74073936367,4.61402008477424
NA,NA,NA
662.948563800551,334.727321214341,3.554448947063
455.212224441034,296.605325251107,3.56810557171221
12.879350624099,492.191741755564,3.61554764814879
562.237858371268,54.0282113742136,4.26285302931111
72.7082230741611,373.963823988838,4.03029806941705
230.164214618671,415.218954674363,3.84811505840902
429.196308927206,13.0041056972333,3.26111434644696
364.258606545801,292.696761991093,2.9462555695017
612.266705417453,101.106811550772,4.23028163157916
389.391469068103,225.159580188924,4.24090151529794
566.187258063714,404.448098138157,4.71004660142462
145.134580082881,284.085858307782,4.77274125920041
199.837177078345,368.509861018714,3.96459127852808
126.850818764843,409.783577792887,3.31256180791566
628.364149307823,313.496938927599,4.47030111669697
2.0503594114677,145.836035012219,4.11482573613887
545.839075024706,204.387337290819,4.1631003199392
33.4912932057204,490.056223696777,2.99486189370569
276.762013995631,21.1638308437741,4.00616210058304
532.234864642781,391.453879520965,3.41699681391236
64.8462639458157,83.9769607378652,5.24440925446779
3.86567856144602,73.9886645686494,3.5600488461146
592.942729574632,226.910633031454,3.98385994586996
440.51203518633,453.767688814061,4.76906225094152
657.313478797536,373.262953333951,2.97693370416769
105.071091366309,481.478681841284,4.41120121660257
624.452691079745,88.6045801201628,4.07564071586039
420.481848265683,253.537407210875,3.70339582410279
9.10323431967683,180.708828863448,3.34511486123445
61.8379435682077,106.88576641904,4.48605949486652
612.796955103493,198.297566585359,4.36032916331458
259.830049956079,212.811953951249,3.52020924680331
567.682709285499,437.372776248343,3.66582162912765
300.053692902668,142.937864902363,3.81088048593628
533.114892062007,449.561871402805,3.63746099144925
50.4437100733457,420.292474683062,3.85606132838044
200.408307915385,294.850729674126,3.86203774675243
552.959778985849,257.069466692573,3.55865155313399
173.245568206939,36.5632205466869,4.37800580401401
495.635881706874,326.717385420608,4.68574969309208
25.4826318513939,47.1098593154254,3.96809215734568
532.324421754966,156.74073936367,4.61402008477424
NA,NA,NA
662.948563800551,334.727321214341,3.554448947063
455.212224441034,296.605325251107,3.56810557171221
12.879350624099,492.191741755564,3.61554764814879
562.237858371268,54.0282113742136,4.26285302931111
72.7082230741611,373.963823988838,4.03029806941705
230.164214618671,415.218954674363,3.84811505840902
429.196308927206,13.0041056972333,3.26111434644696
364.258606545801,292.696761991093,2.9462555695017
612.266705417453,101.106811550772,4.23028163157916
389.391469068103,225.159580188924,4.24090151529794
566.187258063714,404.448098138157,4.71004660142462
145.134580082881,284.085858307782,4.77274125920041
199.837177078345,368.509861018714,3.96459127852808
126.850818764843,409.783577792887,3.31256180791566
628.364149307823,313.496938927599,4.47030111669697
2.0503594114677,145.836035012219,4.11482573613887
545.839075024706,204.387337290819,4.1631003199392
33.4912932057204,490.056223696777,2.99486189370569
276.762013995631,21.1638308437741,4.00616210058304
532.234864642781,391.453879520965,3.41699681391236
64.8462639458157,83.9769607378652,5.24440925446779
3.86567856144602,73.9886645686494,3.5600488461146
592.942729574632,226.910633031454,3.98385994586996
440.51203518633,453.767688814061,4.76906225094152
657.313478797536,373.262953333951,2.97693370416769
105.071091366309,481.478681841284,4.41120121660257
624.452691079745,88.6045801201628,4.07564071586039
420.481848265683,253.537407210875,3.70339582410279
9.10323431967683,180.708828863448,3.34511486123445
61.8379435682077,106.88576641904,4.48605949486652
612.796955103493,198.297566585359,4.36032916331458
259.830049956079,212.811953951249,3.52020924680331
567.682709285499,437.372776248343,3.66582162912765
300.053692902668,142.937864902363,3.81088048593628
533.114892062007,449.561871402805,3.63746099144925
50.4437100733457,420.292474683062,3.85606132838044
200.408307915385,294.850729674126,3.86203774675243
552.959778985849,257.069466692573,3.55865155313399
173.245568206939,36.5632205466869,4.37800580401401
495.635881706874,326.717385420608,4.68574969309208
25.4826318513939,47.1098593154254,3.96809215734568
532.324421754966,156.74073936367,4.61402008477424
NA,NA,NA
662.948563800551,334.727321214341,3.554448947063
455.212224441034,296.605325251107,3.56810557171221
12.879350624099,492.191741755564,3.61554764814879
562.237858371268,54.0282113742136,4.26285302931111
72.7082230741611,373.963823988838,4.03029806941705
230.164214618671,415.218954674363,3.84811505840902
429.196308927206,13.0041056972333,3.26111434644696
364.258606545801,292.696761991093,2.9462555695017
612.266705417453,101.106811550772,4.23028163157916
389.391469068103,225.159580188924,4.24090151529794
566.187258063714,404.448098138157,4.71004660142462
145.134580082881,284.085858307782,4.77274125920041
199.837177078345,368.509861018714,3.96459127852808
126.850818764843,409.783577792887,3.31256180791566
628.364149307823,313.496938927599,4.47030111669697
2.0503594114677,145.836035012219,4.11482573613887
545.839075024706,204.387337290819,4.1631003199392
33.4912932057204,490.056223696777,2.99486189370569
276.762013995631,21.1638308437741,4.00616210058304
532.234864642781,391.453879520965,3.41699681391236
64.8462639458157,83.9769607378652,5.24440925446779
3.86567856144602,73.9886645686494,3.5600488461146
592.942729574632,226.910633031454,3.98385994586996
440.51203518633,453.767688814061,4.76906225094152
657.313478797536,373.262953333951,2.97693370416769
105.071091366309,481.478681841284,4.41120121660257
624.452691079745,88.6045801201628,4.07564071586039
420.481848265683,253.537407210875,3.70339582410279
9.10323431967683,180.708828863448,3.34511486123445
61.8379435682077,106.88576641904,4.48605949486652
612.796955103493,198.297566585359,4.36032916331458
259.830049956079,212.811953951249,3.52020924680331
567.682709285499,437.372776248343,3.66582162912765
300.053692902668,142.937864902363,3.81088048593628
533.114892062007,449.561871402805,3.63746099144925
50.4437100733457,420.292474683062,3.85606132838044
200.408307915385,294.850729674126,3.86203774675243
552.959778985849,257.069466692573,3.55865155313399
173.245568206939,36.5632205466869,4.37800580401401
495.635881706874,326.717385420608,4.68574969309208
25.4826318513939,47.1098593154254,3.96809215734568
532.324421754966,156.74073936367,4.61402008477424
NA,NA,NA
661.716291623761,333.864822261334,3.42530752297614
457.683093438125,299.958062693598,3.59635488709063
12.9034389042941,496.167498103549,3.42120666167913
565.040515271355,54.8174891779317,4.13319275825844
71.5751623656369,381.032696812545,4.06820397665704
228.297434453765,409.867873843356,3.92502579490522
430.827398698227,12.8040634902428,3.24750842685636
363.732626807653,293.428550815015,3.12406023856446
605.916841444822,105.873254775821,4.19950277660367
393.733944095334,230.652713377871,4.2122460574606
573.706053852585,411.111716757811,4.69921592555121
141.004043149693,275.333110224023,4.42063878054261
203.050295589855,370.105568707607,4.01070696782012
124.519444965942,415.064666022402,3.31724751023667
625.427950486128,312.470176917484,4.69556688979144
6.65530180135729,148.557024107925,4.36968878463219
541.656790666329,206.067558919843,4.19102421772285
36.3133475920988,492.133987436618,2.9290474873466
279.854167246308,23.1708092508462,3.90846039494553
533.937459965262,391.374545938337,3.4253621054168
72.4603110247641,72.1729319808692,5.15865964185297
3.85033980309393,74.2745800642649,3.69961206096637
587.418614888885,227.75849071461,4.0631557138
437.795187229106,464.010483829302,4.76950871432167
659.613913842108,373.2452781654,3.10743630325028
100.188477928963,484.124534626296,4.45943360632361
625.962984702716,91.543146730929,4.11592049263219
418.321789689419,257.658643302286,3.53529824534191
12.6760066206672,182.93924514044,2.99557415591102
71.4893847695183,111.418691726133,4.63729616072125
618.712428996048,206.891112932696,4.34481822853856
244.786068882458,213.50756215631,4.13242982710953
575.274068681719,432.701697303474,3.61142993457945
300.045943078365,135.314550016794,4.01503227970523
533.245592343284,463.109837693205,3.56245773655748
50.4370776358507,417.746134889186,3.84294751755808
199.05871376394,288.89533982565,4.23262226541795
557.179392929902,264.820903144935,3.59085061572457
183.518877524476,26.3035967498795,4.18445268788649
490.895230385063,346.911630805844,4.55575348136673
39.6535935338205,51.1977370083455,3.70295168281581
517.063452922466,150.551703311356,4.73834810416268
NA,NA,NA
661.716291623761,333.864822261334,3.42530752297614
457.683093438125,299.958062693598,3.59635488709063
12.9034389042941,496.167498103549,3.42120666167913
565.040515271355,54.8174891779317,4.13319275825844
71.5751623656369,381.032696812545,4.06820397665704
228.297434453765,409.867873843356,3.92502579490522
430.827398698227,12.8040634902428,3.24750842685636
363.732626807653,293.428550815015,3.12406023856446
605.916841444822,105.873254775821,4.19950277660367
393.733944095334,230.652713377871,4.2122460574606
573.706053852585,411.111716757811,4.69921592555121
141.004043149693,275.333110224023,4.42063878054261
203.050295589855,370.105568707607,4.01070696782012
124.519444965942,415.064666022402,3.31724751023667
625.427950486128,312.470176917484,4.69556688979144
6.65530180135729,148.557024107925,4.36968878463219
541.656790666329,206.067558919843,4.19102421772285
36.3133475920988,492.133987436618,2.9290474873466
279.854167246308,23.1708092508462,3.90846039494553
533.937459965262,391.374545938337,3.4253621054168
72.4603110247641,72.1729319808692,5.15865964185297
3.85033980309393,74.2745800642649,3.69961206096637
587.418614888885,227.75849071461,4.0631557138
437.795187229106,464.010483829302,4.76950871432167
659.613913842108,373.2452781654,3.10743630325028
100.188477928963,484.124534626296,4.45943360632361
625.962984702716,91.543146730929,4.11592049263219
418.321789689419,257.658643302286,3.53529824534191
12.6760066206672,182.93924514044,2.99557415591102
71.4893847695183,111.418691726133,4.63729616072125
618.712428996048,206.891112932696,4.34481822853856
244.786068882458,213.50756215631,4.13242982710953
575.274068681719,432.701697303474,3.61142993457945
300.045943078365,135.314550016794,4.01503227970523
533.245592343284,463.109837693205,3.56245773655748
50.4370776358507,417.746134889186,3.84294751755808
199.05871376394,288.89533982565,4.23262226541795
557.179392929902,264.820903144935,3.59085061572457
183.518877524476,26.3035967498795,4.18445268788649
490.895230385063,346.911630805844,4.55575348136673
39.6535935338205,51.1977370083455,3.70295168281581
517.063452922466,150.551703311356,4.73834810416268
NA,NA,NA
661.716291623761,333.864822261334,3.42530752297614
457.683093438125,299.958062693598,3.59635488709063
12.9034389042941,496.167498103549,3.42120666167913
565.040515271355,54.8174891779317,4.13319275825844
71.5751623656369,381.032696812545,4.06820397665704
228.297434453765,409.867873843356,3.92502579490522
430.827398698227,12.8040634902428,3.24750842685636
363.732626807653,293.428550815015,3.12406023856446
605.916841444822,105.873254775821,4.19950277660367
393.733944095334,230.652713377871,4.2122460574606
573.706053852585,411.111716757811,4.69921592555121
141.004043149693,275.333110224023,4.42063878054261
203.050295589855,370.105568707607,4.01070696782012
124.519444965942,415.064666022402,3.31724751023667
625.427950486128,312.470176917484,4.69556688979144
6.65530180135729,148.557024107925,4.36968878463219
541.656790666329,206.067558919843,4.19102421772285
36.3133475920988,492.133987436618,2.9290474873466
279.854167246308,23.1708092508462,3.90846039494553
533.937459965262,391.374545938337,3.4253621054168
72.4603110247641,72.1729319808692,5.15865964185297
3.85033980309393,74.2745800642649,3.69961206096637
587.418614888885,227.75849071461,4.0631557138
437.795187229106,464.010483829302,4.76950871432167
659.613913842108,373.2452781654,3.10743630325028
100.188477928963,484.124534626296,4.45943360632361
625.962984702716,91.543146730929,4.11592049263219
418.321789689419,257.658643302286,3.53529824534191
12.6760066206672,182.93924514044,2.99557415591102
71.4893847695183,111.418691726133,4.63729616072125
618.712428996048,206.891112932696,4.34481822853856
244.786068882458,213.50756215631,4.13242982710953
575.274068681719,432.701697303474,3.61142993457945
300.045943078365,135.314550016794,4.01503227970523
533.245592343284,463.109837693205,3.56245773655748
50.4370776358507,417.746134889186,3.84294751755808
199.05871376394,288.89533982565,4.23262226541795
557.179392929902,264.820903144935,3.59085061572457
183.518877524476,26.3035967498795,4.18445268788649
490.895230385063,346.911630805844,4.55575348136673
39.6535935338205,51.1977370083455,3.70295168281581
517.063452922466,150.551703311356,4.73834810416268
NA,NA,NA
661.716291623761,333.864822261334,3.42530752297614
457.683093438125,299.958062693598,3.59635488709063
12.9034389042941,496.167498103549,3.42120666167913
565.040515271355,54.8174891779317,4.13319275825844
71.5751623656369,381.032696812545,4.06820397665704
228.297434453765,409.867873843356,3.92502579490522
430.827398698227,12.8040634902428,3.24750842685636
363.732626807653,293.428550815015,3.12406023856446
605.916841444822,105.873254775821,4.19950277660367
393.733944095334,230.652713377871,4.2122460574606
573.706053852585,411.111716757811,4.69921592555121
141.004043149693,275.333110224023,4.42063878054261
203.050295589855,370.105568707607,4.01070696782012
124.519444965942,415.064666022402,3.31724751023667
625.427950486128,312.470176917484,4.69556688979144
6.65530180135729,148.557024107925,4.36968878463219
541.656790666329,206.067558919843,4.19102421772285
36.3133475920988,492.133987436618,2.9290474873466
279.854167246308,23.1708092508462,3.90846039494553
533.937459965262,391.374545938337,3.4253621054168
72.4603110247641,72.1729319808692,5.15865964185297
3.85033980309393,74.2745800642649,3.69961206096637
587.418614888885,227.75849071461,4.0631557138
437.795187229106,464.010483829302,4.76950871432167
659.613913842108,373.2452781654,3.10743630325028
100.188477928963,484.124534626296,4.45943360632361
625.962984702716,91.543146730929,4.11592049263219
418.321789689419,257.658643302286,3.53529824534191
12.6760066206672,182.93924514044,2.99557415591102
71.4893847695183,111.418691726133,4.63729616072125
618.712428996048,206.891112932696,4.34481822853856
244.786068882458,213.50756215631,4.13242982710953
575.274068681719,432.701697303474,3.61142993457945
300.045943078365,135.314550016794,4.01503227970523
533.245592343284,463.109837693205,3.56245773655748
50.4370776358507,417.746134889186,3.84294751755808
199.05871376394,288.89533982565,4.23262226541795
557.179392929902,264.820903144935,3.59085061572457
183.518877524476,26.3035967498795,4.18445268788649
490.895230385063,346.911630805844,4.55575348136673
39.6535935338205,51.1977370083455,3.70295168281581
517.063452922466,150.551703311356,4.73834810416268
NA,NA,NA
661.716291623761,333.864822261334,3.42530752297614
457.683093438125,299.958062693598,3.59635488709063
12.9034389042941,496.167498103549,3.42120666167913
565.040515271355,54.8174891779317,4.13319275825844
71.5751623656369,381.032696812545,4.06820397665704
228.297434453765,409.867873843356,3.92502579490522
430.827398698227,12.8040634902428,3.24750842685636
363.732626807653,293.428550815015,3.12406023856446
605.916841444822,105.873254775821,4.19950277660367
393.733944095334,230.652713377871,4.2122460574606
573.706053852585,411.111716757811,4.69921592555121
141.004043149693,275.333110224023,4.42063878054261
203.050295589855,370.105568707607,4.01070696782012
124.519444965942,415.064666022402,3.31724751023667
625.427950486128,312.470176917484,4.69556688979144
6.65530180135729,148.557024107925,4.36968878463219
541.656790666329,206.067558919843,4.19102421772285
36.3133475920988,492.133987436618,2.9290474873466
279.854167246308,23.1708092508462,3.90846039494553
533.937459965262,391.374545938337,3.4253621054168
72.4603110247641,72.1729319808692,5.15865964185297
3.85033980309393,74.2745800642649,3.69961206096637
587.418614888885,227.75849071461,4.0631557138
437.795187229106,464.010483829302,4.76950871432167
659.613913842108,373.2452781654,3.10743630325028
100.188477928963,484.124534626296,4.45943360632361
625.962984702716,91.543146730929,4.11592049263219
418.321789689419,257.658643302286,3.53529824534191
12.6760066206672,182.93924514044,2.99557415591102
71.4893847695183,111.418691726133,4.63729616072125
618.712428996048,206.891112932696,4.34481822853856
244.786068882458,213.50756215631,4.13242982710953
575.274068681719,432.701697303474,3.61142993457945
300.045943078365,135.314550016794,4.01503227970523
533.245592343284,463.109837693205,3.56245773655748
50.4370776358507,417.746134889186,3.84294751755808
199.05871376394,288.89533982565,4.23262226541795
557.179392929902,264.820903144935,3.59085061572457
183.518877524476,26.3035967498795,4.18445268788649
490.895230385063,346.911630805844,4.55575348136673
39.6535935338205,51.1977370083455,3.70295168281581
517.063452922466,150.551703311356,4.73834810416268
NA,NA,NA
661.716291623761,333.864822261334,3.42530752297614
457.683093438125,299.958062693598,3.59635488709063
12.9034389042941,496.167498103549,3.42120666167913
565.040515271355,54.8174891779317,4.13319275825844
71.5751623656369,381.032696812545,4.06820397665704
228.297434453765,409.867873843356,3.92502579490522
430.827398698227,12.8040634902428,3.24750842685636
363.732626807653,293.428550815015,3.12406023856446
605.916841444822,105.873254775821,4.19950277660367
393.733944095334,230.652713377871,4.2122460574606
573.706053852585,411.111716757811,4.69921592555121
141.004043149693,275.333110224023,4.42063878054261
203.050295589855,370.105568707607,4.01070696782012
124.519444965942,415.064666022402,3.31724751023667
625.427950486128,312.470176917484,4.69556688979144
6.65530180135729,148.557024107925,4.36968878463219
541.656790666329,206.067558919843,4.19102421772285
36.3133475920988,492.133987436618,2.9290474873466
279.854167246308,23.1708092508462,3.90846039494553
533.937459965262,391.374545938337,3.4253621054168
72.4603110247641,72.1729319808692,5.15865964185297
3.85033980309393,74.2745800642649,3.69961206096637
587.418614888885,227.75849071461,4.0631557138
437.795187229106,464.010483829302,4.76950871432167
659.613913842108,373.2452781654,3.10743630325028
100.188477928963,484.124534626296,4.45943360632361
625.962984702716,91.543146730929,4.11592049263219
418.321789689419,257.658643302286,3.53529824534191
12.6760066206672,182.93924514044,2.99557415591102
71.4893847695183,111.418691726133,4.63729616072125
618.712428996048,206.891112932696,4.34481822853856
244.786068882458,213.50756215631,4.13242982710953
575.274068681719,432.701697303474,3.61142993457945
300.045943078365,135.314550016794,4.01503227970523
533.245592343284,463.109837693205,3.56245773655748
50.4370776358507,417.746134889186,3.84294751755808
199.05871376394,288.89533982565,4.23262226541795
557.179392929902,264.820903144935,3.59085061572457
183.518877524476,26.3035967498795,4.18445268788649
490.895230385063,346.911630805844,4.55575348136673
39.6535935338205,51.1977370083455,3.70295168281581
517.063452922466,150.551703311356,4.73834810416268
NA,NA,NA
663.739620944482,334.948623793628,3.47703877708959
454.09852973804,300.609084601553,3.56413308234393
10.2055396724698,493.624288325039,3.62191868566166
562.654931428902,48.0122821136842,4.22168575507887
71.2467854724372,371.977764406433,3.95947040920273
227.222492365113,415.045225535725,3.96325790316853
427.057462702774,12.7484931368077,3.40137744656981
363.005780020489,294.969971247658,3.07952730662588
601.076140140941,106.665336786887,4.17116403481196
394.28584448108,226.694884727271,4.30958329806932
563.844746081299,407.168930349805,4.83682524104855
133.316759401418,278.787397155727,4.75098375492951
197.372010289343,372.862782410313,4.05240312008404
123.745207213673,414.472877870958,3.44086565174013
626.478230722459,313.68038728901,4.4782366912641
0.260208796198658,148.544440439118,4.23315681362694
544.951944464176,201.93654587439,4.19925081499651
35.7537309442047,491.105020842182,2.94353470506289
279.262500244207,28.6329503331375,3.85969486324813
535.52268442458,389.621324802146,3.32615663074054
75.2681752632729,76.3811252538344,5.27769487414203
7.62341041377855,77.6528512071451,3.48860183192664
588.459185082529,220.124162556775,3.99192621230724
440.998258849613,456.478844181189,4.7919998195343
658.093356785874,376.205690489972,2.77490735779622
108.106116356935,482.29171801021,4.35050715161386
623.810853736454,93.3958186507093,4.11424500447777
422.04144905185,260.474762160416,3.64642377490014
11.3041017769115,184.109570148837,3.14465092866145
59.324306170967,119.791261334667,4.30176833723282
618.426716664276,199.220643594492,4.58921142879444
254.522867587654,221.437777634917,3.77773358885601
573.998506144188,438.18966183673,3.8170819728144
299.291602022965,137.956920185708,3.92139592553635
527.625771958359,455.494599963719,3.49961802116963
36.9109540192897,417.042191059928,4.08577789976205
192.266048780588,291.397190847546,3.84030370298698
547.319645441248,252.38287294655,3.68681209143094
182.034561146661,32.5234808717585,4.29630594982949
500.881742935528,332.26664139974,4.42871458113855
37.2050728504504,54.6438219107046,3.68717112772884
557.981514352498,158.784097050114,4.59603248629755
NA,NA,NA
663.739620944482,334.948623793628,3.47703877708959
454.09852973804,300.609084601553,3.56413308234393
10.2055396724698,493.624288325039,3.62191868566166
562.654931428902,48.0122821136842,4.22168575507887
71.2467854724372,371.977764406433,3.95947040920273
227.222492365113,415.045225535725,3.96325790316853
427.057462702774,12.7484931368077,3.40137744656981
363.005780020489,294.969971247658,3.07952730662588
601.076140140941,106.665336786887,4.17116403481196
394.28584448108,226.694884727271,4.30958329806932
563.844746081299,407.168930349805,4.83682524104855
133.316759401418,278.787397155727,4.75098375492951
197.372010289343,372.862782410313,4.05240312008404
123.745207213673,414.472877870958,3.44086565174013
626.478230722459,313.68038728901,4.4782366912641
0.260208796198658,148.544440439118,4.23315681362694
544.951944464176,201.93654587439,4.19925081499651
35.7537309442047,491.105020842182,2.94353470506289
279.262500244207,28.6329503331375,3.85969486324813
535.52268442458,389.621324802146,3.32615663074054
75.2681752632729,76.3811252538344,5.27769487414203
7.62341041377855,77.6528512071451,3.48860183192664
588.459185082529,220.124162556775,3.99192621230724
440.998258849613,456.478844181189,4.7919998195343
658.093356785874,376.205690489972,2.77490735779622
108.106116356935,482.29171801021,4.35050715161386
623.810853736454,93.3958186507093,4.11424500447777
422.04144905185,260.474762160416,3.64642377490014
11.3041017769115,184.109570148837,3.14465092866145
59.324306170967,119.791261334667,4.30176833723282
618.426716664276,199.220643594492,4.58921142879444
254.522867587654,221.437777634917,3.77773358885601
573.998506144188,438.18966183673,3.8170819728144
299.291602022965,137.956920185708,3.92139592553635
527.625771958359,455.494599963719,3.49961802116963
36.9109540192897,417.042191059928,4.08577789976205
192.266048780588,291.397190847546,3.84030370298698
547.319645441248,252.38287294655,3.68681209143094
182.034561146661,32.5234808717585,4.29630594982949
500.881742935528,332.26664139974,4.42871458113855
37.2050728504504,54.6438219107046,3.68717112772884
557.981514352498,158.784097050114,4.59603248629755
NA,NA,NA
663.739620944482,334.948623793628,3.47703877708959
454.09852973804,300.609084601553,3.56413308234393
10.2055396724698,493.624288325039,3.62191868566166
562.654931428902,48.0122821136842,4.22168575507887
71.2467854724372,371.977764406433,3.95947040920273
227.222492365113,415.045225535725,3.96325790316853
427.057462702774,12.7484931368077,3.40137744656981
363.005780020489,294.969971247658,3.07952730662588
601.076140140941,106.665336786887,4.17116403481196
394.28584448108,226.694884727271,4.30958329806932
563.844746081299,407.168930349805,4.83682524104855
133.316759401418,278.787397155727,4.75098375492951
197.372010289343,372.862782410313,4.05240312008404
123.745207213673,414.472877870958,3.44086565174013
626.478230722459,313.68038728901,4.4782366912641
0.260208796198658,148.544440439118,4.23315681362694
544.951944464176,201.93654587439,4.19925081499651
35.7537309442047,491.105020842182,2.94353470506289
279.262500244207,28.6329503331375,3.85969486324813
535.52268442458,389.621324802146,3.32615663074054
75.2681752632729,76.3811252538344,5.27769487414203
7.62341041377855,77.6528512071451,3.48860183192664
588.459185082529,220.124162556775,3.99192621230724
440.998258849613,456.478844181189,4.7919998195343
658.093356785874,376.205690489972,2.77490735779622
108.106116356935,482.29171801021,4.35050715161386
623.810853736454,93.3958186507093,4.11424500447777
422.04144905185,260.474762160416,3.64642377490014
11.3041017769115,184.109570148837,3.14465092866145
59.324306170967,119.791261334667,4.30176833723282
618.426716664276,199.220643594492,4.58921142879444
254.522867587654,221.437777634917,3.77773358885601
573.998506144188,438.18966183673,3.8170819728144
299.291602022965,137.956920185708,3.92139592553635
527.625771958359,455.494599963719,3.49961802116963
36.9109540192897,417.042191059928,4.08577789976205
192.266048780588,291.397190847546,3.84030370298698
547.319645441248,252.38287294655,3.68681209143094
182.034561146661,32.5234808717585,4.29630594982949
500.881742935528,332.26664139974,4.42871458113855
37.2050728504504,54.6438219107046,3.68717112772884
557.981514352498,158.784097050114,4.59603248629755
NA,NA,NA
663.739620944482,334.948623793628,3.47703877708959
454.09852973804,300.609084601553,3.56413308234393
10.2055396724698,493.624288325039,3.62191868566166
562.654931428902,48.0122821136842,4.22168575507887
71.2467854724372,371.977764406433,3.95947040920273
227.222492365113,415.045225535725,3.96325790316853
427.057462702774,12.7484931368077,3.40137744656981
363.005780020489,294.969971247658,3.07952730662588
601.076140140941,106.665336786887,4.17116403481196
394.28584448108,226.694884727271,4.30958329806932
563.844746081299,407.168930349805,4.83682524104855
133.316759401418,278.787397155727,4.75098375492951
197.372010289343,372.862782410313,4.05240312008404
123.745207213673,414.472877870958,3.44086565174013
626.478230722459,313.68038728901,4.4782366912641
0.260208796198658,148.544440439118,4.23315681362694
544.951944464176,201.93654587439,4.19925081499651
35.7537309442047,491.105020842182,2.94353470506289
279.262500244207,28.6329503331375,3.85969486324813
535.52268442458,389.621324802146,3.32615663074054
75.2681752632729,76.3811252538344,5.27769487414203
7.62341041377855,77.6528512071451,3.48860183192664
588.459185082529,220.124162556775,3.99192621230724
440.998258849613,456.478844181189,4.7919998195343
658.093356785874,376.205690489972,2.77490735779622
108.106116356935,482.29171801021,4.35050715161386
623.810853736454,93.3958186507093,4.11424500447777
422.04144905185,260.474762160416,3.64642377490014
11.3041017769115,184.109570148837,3.14465092866145
59.324306170967,119.791261334667,4.30176833723282
618.426716664276,199.220643594492,4.58921142879444
254.522867587654,221.437777634917,3.77773358885601
573.998506144188,438.18966183673,3.8170819728144
299.291602022965,137.956920185708,3.92139592553635
527.625771958359,455.494599963719,3.49961802116963
36.9109540192897,417.042191059928,4.08577789976205
192.266048780588,291.397190847546,3.84030370298698
547.319645441248,252.38287294655,3.68681209143094
182.034561146661,32.5234808717585,4.29630594982949
500.881742935528,332.26664139974,4.42871458113855
37.2050728504504,54.6438219107046,3.68717112772884
557.981514352498,158.784097050114,4.59603248629755
NA,NA,NA
663.739620944482,334.948623793628,3.47703877708959
454.09852973804,300.609084601553,3.56413308234393
10.2055396724698,493.624288325039,3.62191868566166
562.654931428902,48.0122821136842,4.22168575507887
71.2467854724372,371.977764406433,3.95947040920273
227.222492365113,415.045225535725,3.96325790316853
427.057462702774,12.7484931368077,3.40137744656981
363.005780020489,294.969971247658,3.07952730662588
601.076140140941,106.665336786887,4.17116403481196
394.28584448108,226.694884727271,4.30958329806932
563.844746081299,407.168930349805,4.83682524104855
133.316759401418,278.787397155727,4.75098375492951
197.372010289343,372.862782410313,4.05240312008404
123.745207213673,414.472877870958,3.44086565174013
626.478230722459,313.68038728901,4.4782366912641
0.260208796198658,148.544440439118,4.23315681362694
544.951944464176,201.93654587439,4.19925081499651
35.7537309442047,491.105020842182,2.94353470506289
279.262500244207,28.6329503331375,3.85969486324813
535.52268442458,389.621324802146,3.32615663074054
75.2681752632729,76.3811252538344,5.27769487414203
7.62341041377855,77.6528512071451,3.48860183192664
588.459185082529,220.124162556775,3.99192621230724
440.998258849613,456.478844181189,4.7919998195343
658.093356785874,376.205690489972,2.77490735779622
108.106116356935,482.29171801021,4.35050715161386
623.810853736454,93.3958186507093,4.11424500447777
422.04144905185,260.474762160416,3.64642377490014
11.3041017769115,184.109570148837,3.14465092866145
59.324306170967,119.791261334667,4.30176833723282
618.426716664276,199.220643594492,4.58921142879444
254.522867587654,221.437777634917,3.77773358885601
573.998506144188,438.18966183673,3.8170819728144
299.291602022965,137.956920185708,3.92139592553635
527.625771958359,455.494599963719,3.49961802116963
36.9109540192897,417.042191059928,4.08577789976205
192.266048780588,291.397190847546,3.84030370298698
547.319645441248,252.38287294655,3.68681209143094
182.034561146661,32.5234808717585,4.29630594982949
500.881742935528,332.26664139974,4.42871458113855
37.2050728504504,54.6438219107046,3.68717112772884
557.981514352498,158.784097050114,4.59603248629755
NA,NA,NA
663.739620944482,334.948623793628,3.47703877708959
454.09852973804,300.609084601553,3.56413308234393
10.2055396724698,493.624288325039,3.62191868566166
562.654931428902,48.0122821136842,4.22168575507887
71.2467854724372,371.977764406433,3.95947040920273
227.222492365113,415.045225535725,3.96325790316853
427.057462702774,12.7484931368077,3.40137744656981
363.005780020489,294.969971247658,3.07952730662588
601.076140140941,106.665336786887,4.17116403481196
394.28584448108,226.694884727271,4.30958329806932
563.844746081299,407.168930349805,4.83682524104855
133.316759401418,278.787397155727,4.75098375492951
197.372010289343,372.862782410313,4.05240312008404
123.745207213673,414.472877870958,3.44086565174013
626.478230722459,313.68038728901,4.4782366912641
0.260208796198658,148.544440439118,4.23315681362694
544.951944464176,201.93654587439,4.19925081499651
35.7537309442047,491.105020842182,2.94353470506289
279.262500244207,28.6329503331375,3.85969486324813
535.52268442458,389.621324802146,3.32615663074054
75.2681752632729,76.3811252538344,5.27769487414203
7.62341041377855,77.6528512071451,3.48860183192664
588.459185082529,220.124162556775,3.99192621230724
440.998258849613,456.478844181189,4.7919998195343
658.093356785874,376.205690489972,2.77490735779622
108.106116356935,482.29171801021,4.35050715161386
623.810853736454,93.3958186507093,4.11424500447777
422.04144905185,260.474762160416,3.64642377490014
11.3041017769115,184.109570148837,3.14465092866145
59.324306170967,119.791261334667,4.30176833723282
618.426716664276,199.220643594492,4.58921142879444
254.522867587654,221.437777634917,3.77773358885601
573.998506144188,438.18966183673,3.8170819728144
299.291602022965,137.956920185708,3.92139592553635
527.625771958359,455.494599963719,3.49961802116963
36.9109540192897,417.042191059928,4.08577789976205
192.266048780588,291.397190847546,3.84030370298698
547.319645441248,252.38287294655,3.68681209143094
182.034561146661,32.5234808717585,4.29630594982949
500.881742935528,332.26664139974,4.42871458113855
37.2050728504504,54.6438219107046,3.68717112772884
557.981514352498,158.784097050114,4.59603248629755
NA,NA,NA
665.884019107201,335.670181771566,3.48702131660431
458.519365564321,301.437062555134,3.58526587711743
11.146205878816,498.89660206629,3.50379402902442
556.023337360094,52.7839436601257,4.22991847419078
68.6913695248182,377.009478853419,4.10968386184214
227.017897367062,418.791102201082,3.85378357703946
430.368692240585,14.6753104500029,3.42147523353202
362.031902650048,293.127345563054,3.1535696459511
601.032651451717,105.991726389032,4.3070075905629
396.756698623965,229.87201759485,4.29535945025177
569.334737708015,415.984680956318,4.65298548052127
137.31395938355,277.264307702276,4.36411294918952
201.570978247613,370.794939528492,4.04531607365659
124.484637469412,408.379437420082,3.47181292193658
628.371554799459,312.918265678253,4.61350072309756
-1.3050007737037,145.564870905504,4.29776632749453
543.190680713646,204.491198581475,4.09747661907455
32.5391929834276,491.844156379076,3.01420369811337
279.481270277672,26.8703698369869,3.85044456449478
530.359161959372,391.294990443935,3.30044131996598
78.454295716774,85.0069737003364,5.2272982352636
1.77683102086459,78.1531736108883,3.44896147803257
590.170488388074,227.512788208265,4.09314190793622
442.133135727651,460.646834485711,4.79845572042532
660.375426192076,372.971614662297,2.9498488011105
108.515301064532,489.260412820796,4.36851383042717
620.399585639535,91.9504564953776,4.05880315358922
421.661103196074,259.032784392508,3.54498756765772
11.5075911111555,181.874233366645,3.24347612863438
59.2432023991697,125.455853371327,4.65478284144205
611.979761614515,194.668581956536,4.39999161698108
254.97165247389,214.389642725118,4.14530305727881
571.311848023374,438.004007724388,3.87098705415334
301.99763669463,136.01505397185,3.89570851096939
529.712198774828,458.498689291209,3.41460525638399
42.0175890661282,421.503771845539,4.05594081829521
212.596116913513,289.375220729289,3.86334296421625
545.913493916363,260.79849127352,3.6044962901867
172.058966028459,15.7720476847547,4.13006137305109
501.615549555382,347.812649697092,4.52889373067872
30.8386250282262,46.1088485147828,3.98364779185398
527.358229532564,125.877314803657,4.43179102754436
NA,NA,NA
665.884019107201,335.670181771566,3.48702131660431
458.519365564321,301.437062555134,3.58526587711743
11.146205878816,498.89660206629,3.50379402902442
556.023337360094,52.7839436601257,4.22991847419078
68.6913695248182,377.009478853419,4.10968386184214
227.017897367062,418.791102201082,3.85378357703946
430.368692240585,14.6753104500029,3.42147523353202
362.031902650048,293.127345563054,3.1535696459511
601.032651451717,105.991726389032,4.3070075905629
396.756698623965,229.87201759485,4.29535945025177
569.334737708015,415.984680956318,4.65298548052127
137.31395938355,277.264307702276,4.36411294918952
201.570978247613,370.794939528492,4.04531607365659
124.484637469412,408.379437420082,3.47181292193658
628.371554799459,312.918265678253,4.61350072309756
-1.3050007737037,145.564870905504,4.29776632749453
543.190680713646,204.491198581475,4.09747661907455
32.5391929834276,491.844156379076,3.01420369811337
279.481270277672,26.8703698369869,3.85044456449478
530.359161959372,391.294990443935,3.30044131996598
78.454295716774,85.0069737003364,5.2272982352636
1.77683102086459,78.1531736108883,3.44896147803257
590.170488388074,227.512788208265,4.09314190793622
442.133135727651,460.646834485711,4.79845572042532
660.375426192076,372.971614662297,2.9498488011105
108.515301064532,489.260412820796,4.36851383042717
620.399585639535,91.9504564953776,4.05880315358922
421.661103196074,259.032784392508,3.54498756765772
11.5075911111555,181.874233366645,3.24347612863438
59.2432023991697,125.455853371327,4.65478284144205
611.979761614515,194.668581956536,4.39999161698108
254.97165247389,214.389642725118,4.14530305727881
571.311848023374,438.004007724388,3.87098705415334
301.99763669463,136.01505397185,3.89570851096939
529.712198774828,458.498689291209,3.41460525638399
42.0175890661282,421.503771845539,4.05594081829521
212.596116913513,289.375220729289,3.86334296421625
545.913493916363,260.79849127352,3.6044962901867
172.058966028459,15.7720476847547,4.13006137305109
501.615549555382,347.812649697092,4.52889373067872
30.8386250282262,46.1088485147828,3.98364779185398
527.358229532564,125.877314803657,4.43179102754436
NA,NA,NA
665.884019107201,335.670181771566,3.48702131660431
458.519365564321,301.437062555134,3.58526587711743
11.146205878816,498.89660206629,3.50379402902442
556.023337360094,52.7839436601257,4.22991847419078
68.6913695248182,377.009478853419,4.10968386184214
227.017897367062,418.791102201082,3.85378357703946
430.368692240585,14.6753104500029,3.42147523353202
362.031902650048,293.127345563054,3.1535696459511
601.032651451717,105.991726389032,4.3070075905629
396.756698623965,229.87201759485,4.29535945025177
569.334737708015,415.984680956318,4.65298548052127
137.31395938355,277.264307702276,4.36411294918952
201.570978247613,370.794939528492,4.04531607365659
124.484637469412,408.379437420082,3.47181292193658
628.371554799459,312.918265678253,4.61350072309756
-1.3050007737037,145.564870905504,4.29776632749453
543.190680713646,204.491198581475,4.09747661907455
32.5391929834276,491.844156379076,3.01420369811337
279.481270277672,26.8703698369869,3.85044456449478
530.359161959372,391.294990443935,3.30044131996598
78.454295716774,85.0069737003364,5.2272982352636
1.77683102086459,78.1531736108883,3.44896147803257
590.170488388074,227.512788208265,4.09314190793622
442.133135727651,460.646834485711,4.79845572042532
660.375426192076,372.971614662297,2.9498488011105
108.515301064532,489.260412820796,4.36851383042717
620.399585639535,91.9504564953776,4.05880315358922
421.661103196074,259.032784392508,3.54498756765772
11.5075911111555,181.874233366645,3.24347612863438
59.2432023991697,125.455853371327,4.65478284144205
611.979761614515,194.668581956536,4.39999161698108
254.97165247389,214.389642725118,4.14530305727881
571.311848023374,438.004007724388,3.87098705415334
301.99763669463,136.01505397185,3.89570851096939
529.712198774828,458.498689291209,3.41460525638399
42.0175890661282,421.503771845539,4.05594081829521
212.596116913513,289.375220729289,3.86334296421625
545.913493916363,260.79849127352,3.6044962901867
172.058966028459,15.7720476847547,4.13006137305109
501.615549555382,347.812649697092,4.52889373067872
30.8386250282262,46.1088485147828,3.98364779185398
527.358229532564,125.877314803657,4.43179102754436
NA,NA,NA
665.884019107201,335.670181771566,3.48702131660431
458.519365564321,301.437062555134,3.58526587711743
11.146205878816,498.89660206629,3.50379402902442
556.023337360094,52.7839436601257,4.22991847419078
68.6913695248182,377.009478853419,4.10968386184214
227.017897367062,418.791102201082,3.85378357703946
430.368692240585,14.6753104500029,3.42147523353202
362.031902650048,293.127345563054,3.1535696459511
601.032651451717,105.991726389032,4.3070075905629
396.756698623965,229.87201759485,4.29535945025177
569.334737708015,415.984680956318,4.65298548052127
137.31395938355,277.264307702276,4.36411294918952
201.570978247613,370.794939528492,4.04531607365659
124.484637469412,408.379437420082,3.47181292193658
628.371554799459,312.918265678253,4.61350072309756
-1.3050007737037,145.564870905504,4.29776632749453
543.190680713646,204.491198581475,4.09747661907455
32.5391929834276,491.844156379076,3.01420369811337
279.481270277672,26.8703698369869,3.85044456449478
530.359161959372,391.294990443935,3.30044131996598
78.454295716774,85.0069737003364,5.2272982352636
1.77683102086459,78.1531736108883,3.44896147803257
590.170488388074,227.512788208265,4.09314190793622
442.133135727651,460.646834485711,4.79845572042532
660.375426192076,372.971614662297,2.9498488011105
108.515301064532,489.260412820796,4.36851383042717
620.399585639535,91.9504564953776,4.05880315358922
421.661103196074,259.032784392508,3.54498756765772
11.5075911111555,181.874233366645,3.24347612863438
59.2432023991697,125.455853371327,4.65478284144205
611.979761614515,194.668581956536,4.39999161698108
254.97165247389,214.389642725118,4.14530305727881
571.311848023374,438.004007724388,3.87098705415334
301.99763669463,136.01505397185,3.89570851096939
529.712198774828,458.498689291209,3.41460525638399
42.0175890661282,421.503771845539,4.05594081829521
212.596116913513,289.375220729289,3.86334296421625
545.913493916363,260.79849127352,3.6044962901867
172.058966028459,15.7720476847547,4.13006137305109
501.615549555382,347.812649697092,4.52889373067872
30.8386250282262,46.1088485147828,3.98364779185398
527.358229532564,125.877314803657,4.43179102754436
NA,NA,NA
665.884019107201,335.670181771566,3.48702131660431
458.519365564321,301.437062555134,3.58526587711743
11.146205878816,498.89660206629,3.50379402902442
556.023337360094,52.7839436601257,4.22991847419078
68.6913695248182,377.009478853419,4.10968386184214
227.017897367062,418.791102201082,3.85378357703946
430.368692240585,14.6753104500029,3.42147523353202
362.031902650048,293.127345563054,3.1535696459511
601.032651451717,105.991726389032,4.3070075905629
396.756698623965,229.87201759485,4.29535945025177
569.334737708015,415.984680956318,4.65298548052127
137.31395938355,277.264307702276,4.36411294918952
201.570978247613,370.794939528492,4.04531607365659
124.484637469412,408.379437420082,3.47181292193658
628.371554799459,312.918265678253,4.61350072309756
-1.3050007737037,145.564870905504,4.29776632749453
543.190680713646,204.491198581475,4.09747661907455
32.5391929834276,491.844156379076,3.01420369811337
279.481270277672,26.8703698369869,3.85044456449478
530.359161959372,391.294990443935,3.30044131996598
78.454295716774,85.0069737003364,5.2272982352636
1.77683102086459,78.1531736108883,3.44896147803257
590.170488388074,227.512788208265,4.09314190793622
442.133135727651,460.646834485711,4.79845572042532
660.375426192076,372.971614662297,2.9498488011105
108.515301064532,489.260412820796,4.36851383042717
620.399585639535,91.9504564953776,4.05880315358922
421.661103196074,259.032784392508,3.54498756765772
11.5075911111555,181.874233366645,3.24347612863438
59.2432023991697,125.455853371327,4.65478284144205
611.979761614515,194.668581956536,4.39999161698108
254.97165247389,214.389642725118,4.14530305727881
571.311848023374,438.004007724388,3.87098705415334
301.99763669463,136.01505397185,3.89570851096939
529.712198774828,458.498689291209,3.41460525638399
42.0175890661282,421.503771845539,4.05594081829521
212.596116913513,289.375220729289,3.86334296421625
545.913493916363,260.79849127352,3.6044962901867
172.058966028459,15.7720476847547,4.13006137305109
501.615549555382,347.812649697092,4.52889373067872
30.8386250282262,46.1088485147828,3.98364779185398
527.358229532564,125.877314803657,4.43179102754436
NA,NA,NA
665.884019107201,335.670181771566,3.48702131660431
458.519365564321,301.437062555134,3.58526587711743
11.146205878816,498.89660206629,3.50379402902442
556.023337360094,52.7839436601257,4.22991847419078
68.6913695248182,377.009478853419,4.10968386184214
227.017897367062,418.791102201082,3.85378357703946
430.368692240585,14.6753104500029,3.42147523353202
362.031902650048,293.127345563054,3.1535696459511
601.032651451717,105.991726389032,4.3070075905629
396.756698623965,229.87201759485,4.29535945025177
569.334737708015,415.984680956318,4.65298548052127
137.31395938355,277.264307702276,4.36411294918952
201.570978247613,370.794939528492,4.04531607365659
124.484637469412,408.379437420082,3.47181292193658
628.371554799459,312.918265678253,4.61350072309756
-1.3050007737037,145.564870905504,4.29776632749453
543.190680713646,204.491198581475,4.09747661907455
32.5391929834276,491.844156379076,3.01420369811337
279.481270277672,26.8703698369869,3.85044456449478
530.359161959372,391.294990443935,3.30044131996598
78.454295716774,85.0069737003364,5.2272982352636
1.77683102086459,78.1531736108883,3.44896147803257
590.170488388074,227.512788208265,4.09314190793622
442.133135727651,460.646834485711,4.79845572042532
660.375426192076,372.971614662297,2.9498488011105
108.515301064532,489.260412820796,4.36851383042717
620.399585639535,91.9504564953776,4.05880315358922
421.661103196074,259.032784392508,3.54498756765772
11.5075911111555,181.874233366645,3.24347612863438
59.2432023991697,125.455853371327,4.65478284144205
611.979761614515,194.668581956536,4.39999161698108
254.97165247389,214.389642725118,4.14530305727881
571.311848023374,438.004007724388,3.87098705415334
301.99763669463,136.01505397185,3.89570851096939
529.712198774828,458.498689291209,3.41460525638399
42.0175890661282,421.503771845539,4.05594081829521
212.596116913513,289.375220729289,3.86334296421625
545.913493916363,260.79849127352,3.6044962901867
172.058966028459,15.7720476847547,4.13006137305109
501.615549555382,347.812649697092,4.52889373067872
30.8386250282262,46.1088485147828,3.98364779185398
527.358229532564,125.877314803657,4.43179102754436
NA,NA,NA
662.633340075625,334.027655145513,3.46853515832121
456.939027325143,298.575313417821,3.69880573968149
14.1206457406863,495.808714646798,3.57190815818308
564.231136694833,50.5998713598758,4.0916383437183
71.3136025625641,375.399502820372,4.14681380033459
230.163029645638,411.678864807394,3.97351588202924
428.453429070492,11.8376850664072,3.57219228433828
360.734304368246,294.659049575391,2.9574243485894
604.485265383253,103.285640834965,4.31156777683099
387.927359138921,229.423795071325,4.16530655948667
571.823255648491,414.968971537936,4.68971140306742
143.714688745751,283.899963982797,4.66253744134741
200.971306424415,371.408848524658,4.08493470637643
124.386253758203,415.637478032839,3.47830244961893
632.652714770134,315.140143276596,4.54838954821707
0.0822806357325987,147.251137238449,4.23425672378628
543.735297697875,207.222270408527,4.17824061294594
33.4374024229526,492.346050627915,2.93924693657722
277.917945770601,21.9645566395734,3.5855229480337
534.224206704339,394.599951763641,3.3452928993329
70.2481103348157,73.9727930491955,5.17556788001312
5.16873260265834,79.0086363640265,3.53908436822561
591.750516145401,224.382049434194,4.04043088086072
446.690106809709,454.746216019367,4.70078457529341
659.268829088269,373.081382482658,3.15899088657498
103.611262629931,486.686278956258,4.40367736020324
620.878081961342,91.4275812326216,4.0530692272981
416.754419556322,256.972094744055,3.68199003954141
10.8137313840487,182.277507244977,3.1062569633034
72.6577627518959,109.043032114252,4.04636847744379
596.040025833928,206.115051605044,4.22150328951595
253.908901735187,220.546846941237,3.49410547654724
570.708139765177,430.267403328131,3.88393419871525
301.122793034335,137.898948115484,3.99765285271704
531.728125839375,461.024381592375,3.69296604116616
37.3499023310861,420.541480327699,3.93769358865539
206.559428618602,283.409779631615,4.36895458864551
557.111578943691,261.121733726468,3.86845371651551
170.036081903936,18.3672504950235,4.17279221866494
502.155584498363,341.001671125503,4.68018932434194
49.5819992775636,59.1593875571949,3.98477931720825
527.62627322939,151.546734775378,4.50746089720179
NA,NA,NA
662.633340075625,334.027655145513,3.46853515832121
456.939027325143,298.575313417821,3.69880573968149
14.1206457406863,495.808714646798,3.57190815818308
564.231136694833,50.5998713598758,4.0916383437183
71.3136025625641,375.399502820372,4.14681380033459
230.163029645638,411.678864807394,3.97351588202924
428.453429070492,11.8376850664072,3.57219228433828
360.734304368246,294.659049575391,2.9574243485894
604.485265383253,103.285640834965,4.31156777683099
387.927359138921,229.423795071325,4.16530655948667
571.823255648491,414.968971537936,4.68971140306742
143.714688745751,283.899963982797,4.66253744134741
200.971306424415,371.408848524658,4.08493470637643
124.386253758203,415.637478032839,3.47830244961893
632.652714770134,315.140143276596,4.54838954821707
0.0822806357325987,147.251137238449,4.23425672378628
543.735297697875,207.222270408527,4.17824061294594
33.4374024229526,492.346050627915,2.93924693657722
277.917945770601,21.9645566395734,3.5855229480337
534.224206704339,394.599951763641,3.3452928993329
70.2481103348157,73.9727930491955,5.17556788001312
5.16873260265834,79.0086363640265,3.53908436822561
591.750516145401,224.382049434194,4.04043088086072
446.690106809709,454.746216019367,4.70078457529341
659.268829088269,373.081382482658,3.15899088657498
103.611262629931,486.686278956258,4.40367736020324
620.878081961342,91.4275812326216,4.0530692272981
416.754419556322,256.972094744055,3.68199003954141
10.8137313840487,182.277507244977,3.1062569633034
72.6577627518959,109.043032114252,4.04636847744379
596.040025833928,206.115051605044,4.22150328951595
253.908901735187,220.546846941237,3.49410547654724
570.708139765177,430.267403328131,3.88393419871525
301.122793034335,137.898948115484,3.99765285271704
531.728125839375,461.024381592375,3.69296604116616
37.3499023310861,420.541480327699,3.93769358865539
206.559428618602,283.409779631615,4.36895458864551
557.111578943691,261.121733726468,3.86845371651551
170.036081903936,18.3672504950235,4.17279221866494
502.155584498363,341.001671125503,4.68018932434194
49.5819992775636,59.1593875571949,3.98477931720825
527.62627322939,151.546734775378,4.50746089720179
NA,NA,NA
662.633340075625,334.027655145513,3.46853515832121
456.939027325143,298.575313417821,3.69880573968149
14.1206457406863,495.808714646798,3.57190815818308
564.231136694833,50.5998713598758,4.0916383437183
71.3136025625641,375.399502820372,4.14681380033459
230.163029645638,411.678864807394,3.97351588202924
428.453429070492,11.8376850664072,3.57219228433828
360.734304368246,294.659049575391,2.9574243485894
604.485265383253,103.285640834965,4.31156777683099
387.927359138921,229.423795071325,4.16530655948667
571.823255648491,414.968971537936,4.68971140306742
143.714688745751,283.899963982797,4.66253744134741
200.971306424415,371.408848524658,4.08493470637643
124.386253758203,415.637478032839,3.47830244961893
632.652714770134,315.140143276596,4.54838954821707
0.0822806357325987,147.251137238449,4.23425672378628
543.735297697875,207.222270408527,4.17824061294594
33.4374024229526,492.346050627915,2.93924693657722
277.917945770601,21.9645566395734,3.5855229480337
534.224206704339,394.599951763641,3.3452928993329
70.2481103348157,73.9727930491955,5.17556788001312
5.16873260265834,79.0086363640265,3.53908436822561
591.750516145401,224.382049434194,4.04043088086072
446.690106809709,454.746216019367,4.70078457529341
659.268829088269,373.081382482658,3.15899088657498
103.611262629931,486.686278956258,4.40367736020324
620.878081961342,91.4275812326216,4.0530692272981
416.754419556322,256.972094744055,3.68199003954141
10.8137313840487,182.277507244977,3.1062569633034
72.6577627518959,109.043032114252,4.04636847744379
596.040025833928,206.115051605044,4.22150328951595
253.908901735187,220.546846941237,3.49410547654724
570.708139765177,430.267403328131,3.88393419871525
301.122793034335,137.898948115484,3.99765285271704
531.728125839375,461.024381592375,3.69296604116616
37.3499023310861,420.541480327699,3.93769358865539
206.559428618602,283.409779631615,4.36895458864551
557.111578943691,261.121733726468,3.86845371651551
170.036081903936,18.3672504950235,4.17279221866494
502.155584498363,341.001671125503,4.68018932434194
49.5819992775636,59.1593875571949,3.98477931720825
527.62627322939,151.546734775378,4.50746089720179
NA,NA,NA
662.633340075625,334.027655145513,3.46853515832121
456.939027325143,298.575313417821,3.69880573968149
14.1206457406863,495.808714646798,3.57190815818308
564.231136694833,50.5998713598758,4.0916383437183
71.3136025625641,375.399502820372,4.14681380033459
230.163029645638,411.678864807394,3.97351588202924
428.453429070492,11.8376850664072,3.57219228433828
360.734304368246,294.659049575391,2.9574243485894
604.485265383253,103.285640834965,4.31156777683099
387.927359138921,229.423795071325,4.16530655948667
571.823255648491,414.968971537936,4.68971140306742
143.714688745751,283.899963982797,4.66253744134741
200.971306424415,371.408848524658,4.08493470637643
124.386253758203,415.637478032839,3.47830244961893
632.652714770134,315.140143276596,4.54838954821707
0.0822806357325987,147.251137238449,4.23425672378628
543.735297697875,207.222270408527,4.17824061294594
33.4374024229526,492.346050627915,2.93924693657722
277.917945770601,21.9645566395734,3.5855229480337
534.224206704339,394.599951763641,3.3452928993329
70.2481103348157,73.9727930491955,5.17556788001312
5.16873260265834,79.0086363640265,3.53908436822561
591.750516145401,224.382049434194,4.04043088086072
446.690106809709,454.746216019367,4.70078457529341
659.268829088269,373.081382482658,3.15899088657498
103.611262629931,486.686278956258,4.40367736020324
620.878081961342,91.4275812326216,4.0530692272981
416.754419556322,256.972094744055,3.68199003954141
10.8137313840487,182.277507244977,3.1062569633034
72.6577627518959,109.043032114252,4.04636847744379
596.040025833928,206.115051605044,4.22150328951595
253.908901735187,220.546846941237,3.49410547654724
570.708139765177,430.267403328131,3.88393419871525
301.122793034335,137.898948115484,3.99765285271704
531.728125839375,461.024381592375,3.69296604116616
37.3499023310861,420.541480327699,3.93769358865539
206.559428618602,283.409779631615,4.36895458864551
557.111578943691,261.121733726468,3.86845371651551
170.036081903936,18.3672504950235,4.17279221866494
502.155584498363,341.001671125503,4.68018932434194
49.5819992775636,59.1593875571949,3.98477931720825
527.62627322939,151.546734775378,4.50746089720179
NA,NA,NA
662.633340075625,334.027655145513,3.46853515832121
456.939027325143,298.575313417821,3.69880573968149
14.1206457406863,495.808714646798,3.57190815818308
564.231136694833,50.5998713598758,4.0916383437183
71.3136025625641,375.399502820372,4.14681380033459
230.163029645638,411.678864807394,3.97351588202924
428.453429070492,11.8376850664072,3.57219228433828
360.734304368246,294.659049575391,2.9574243485894
604.485265383253,103.285640834965,4.31156777683099
387.927359138921,229.423795071325,4.16530655948667
571.823255648491,414.968971537936,4.68971140306742
143.714688745751,283.899963982797,4.66253744134741
200.971306424415,371.408848524658,4.08493470637643
124.386253758203,415.637478032839,3.47830244961893
632.652714770134,315.140143276596,4.54838954821707
0.0822806357325987,147.251137238449,4.23425672378628
543.735297697875,207.222270408527,4.17824061294594
33.4374024229526,492.346050627915,2.93924693657722
277.917945770601,21.9645566395734,3.5855229480337
534.224206704339,394.599951763641,3.3452928993329
70.2481103348157,73.9727930491955,5.17556788001312
5.16873260265834,79.0086363640265,3.53908436822561
591.750516145401,224.382049434194,4.04043088086072
446.690106809709,454.746216019367,4.70078457529341
659.268829088269,373.081382482658,3.15899088657498
103.611262629931,486.686278956258,4.40367736020324
620.878081961342,91.4275812326216,4.0530692272981
416.754419556322,256.972094744055,3.68199003954141
10.8137313840487,182.277507244977,3.1062569633034
72.6577627518959,109.043032114252,4.04636847744379
596.040025833928,206.115051605044,4.22150328951595
253.908901735187,220.546846941237,3.49410547654724
570.708139765177,430.267403328131,3.88393419871525
301.122793034335,137.898948115484,3.99765285271704
531.728125839375,461.024381592375,3.69296604116616
37.3499023310861,420.541480327699,3.93769358865539
206.559428618602,283.409779631615,4.36895458864551
557.111578943691,261.121733726468,3.86845371651551
170.036081903936,18.3672504950235,4.17279221866494
502.155584498363,341.001671125503,4.68018932434194
49.5819992775636,59.1593875571949,3.98477931720825
527.62627322939,151.546734775378,4.50746089720179
NA,NA,NA
662.633340075625,334.027655145513,3.46853515832121
456.939027325143,298.575313417821,3.69880573968149
14.1206457406863,495.808714646798,3.57190815818308
564.231136694833,50.5998713598758,4.0916383437183
71.3136025625641,375.399502820372,4.14681380033459
230.163029645638,411.678864807394,3.97351588202924
428.453429070492,11.8376850664072,3.57219228433828
360.734304368246,294.659049575391,2.9574243485894
604.485265383253,103.285640834965,4.31156777683099
387.927359138921,229.423795071325,4.16530655948667
571.823255648491,414.968971537936,4.68971140306742
143.714688745751,283.899963982797,4.66253744134741
200.971306424415,371.408848524658,4.08493470637643
124.386253758203,415.637478032839,3.47830244961893
632.652714770134,315.140143276596,4.54838954821707
0.0822806357325987,147.251137238449,4.23425672378628
543.735297697875,207.222270408527,4.17824061294594
33.4374024229526,492.346050627915,2.93924693657722
277.917945770601,21.9645566395734,3.5855229480337
534.224206704339,394.599951763641,3.3452928993329
70.2481103348157,73.9727930491955,5.17556788001312
5.16873260265834,79.0086363640265,3.53908436822561
591.750516145401,224.382049434194,4.04043088086072
446.690106809709,454.746216019367,4.70078457529341
659.268829088269,373.081382482658,3.15899088657498
103.611262629931,486.686278956258,4.40367736020324
620.878081961342,91.4275812326216,4.0530692272981
416.754419556322,256.972094744055,3.68199003954141
10.8137313840487,182.277507244977,3.1062569633034
72.6577627518959,109.043032114252,4.04636847744379
596.040025833928,206.115051605044,4.22150328951595
253.908901735187,220.546846941237,3.49410547654724
570.708139765177,430.267403328131,3.88393419871525
301.122793034335,137.898948115484,3.99765285271704
531.728125839375,461.024381592375,3.69296604116616
37.3499023310861,420.541480327699,3.93769358865539
206.559428618602,283.409779631615,4.36895458864551
557.111578943691,261.121733726468,3.86845371651551
170.036081903936,18.3672504950235,4.17279221866494
502.155584498363,341.001671125503,4.68018932434194
49.5819992775636,59.1593875571949,3.98477931720825
527.62627322939,151.546734775378,4.50746089720179
NA,NA,NA
659.831197902849,336.158806334478,3.44428929346399
452.11939888296,299.696452370551,3.67015304486075
9.44578089872154,494.380017994366,3.45760839424074
561.990361827595,48.4989807303759,4.29959556207417
74.4845448848016,373.9675407006,4.06823499134293
227.02794001391,411.922823726925,3.83639019744949
429.869581692975,14.4833123368089,3.27173934158988
361.482085825841,293.758766624375,2.88740580382497
602.932262451374,106.748923582302,4.26700439294562
393.374470614325,228.274497095147,4.22731622539614
565.737867442181,416.884831765558,4.76292167092577
143.532716715383,283.28045698235,4.53635643501531
195.486020371577,370.533515911758,3.97586782228381
124.255462811351,407.371539105915,3.35779805568284
630.917030135484,311.126368377669,4.57530796480859
4.59196558948504,149.260812273415,4.21264684795414
543.46510736928,204.897549708785,4.12201623343344
34.9161622899389,494.542228678478,2.91609151465362
282.158572212834,19.0424579699931,3.75292316779864
532.364085716965,394.193405459341,3.28373461642372
75.6591760924117,72.2510210690482,5.20212883664931
3.76748556764253,74.4833377660986,3.64834723682915
588.928081804348,225.298756964724,3.84282778414602
434.300955520076,463.488224610817,4.75793599818755
659.072945652132,373.566151035143,3.06548185149205
104.063673006802,490.507114175126,4.40410103562514
628.228623070747,90.9982016924379,4.09725187219707
419.155780096315,257.594342405173,3.67081215959853
10.3456723649117,182.837515295672,3.17614891629014
63.3086259836441,127.259406095173,4.58044111056162
609.499676393925,198.938848561864,4.20435206806967
257.918310316211,209.548524110499,3.89731610380355
581.734978850723,435.962306721142,3.78290489941316
298.986114588845,139.524379762606,3.9401264858617
528.46361980678,461.506602502512,3.59616123910314
42.4900257663401,411.205597369438,4.05693954746334
207.764960639245,296.952265917147,3.94811911461528
554.157168592497,261.640569924707,3.97700131794998
168.063643106955,19.6935196845405,4.32803643470395
503.755949288894,344.029330535164,4.59991431590053
39.441975477257,53.9568156398803,3.73316837201337
537.390866482787,158.859018320637,4.56650410589591
NA,NA,NA
659.831197902849,336.158806334478,3.44428929346399
452.11939888296,299.696452370551,3.67015304486075
9.44578089872154,494.380017994366,3.45760839424074
561.990361827595,48.4989807303759,4.29959556207417
74.4845448848016,373.9675407006,4.06823499134293
227.02794001391,411.922823726925,3.83639019744949
429.869581692975,14.4833123368089,3.27173934158988
361.482085825841,293.758766624375,2.88740580382497
602.932262451374,106.748923582302,4.26700439294562
393.374470614325,228.274497095147,4.22731622539614
565.737867442181,416.884831765558,4.76292167092577
143.532716715383,283.28045698235,4.53635643501531
195.486020371577,370.533515911758,3.97586782228381
124.255462811351,407.371539105915,3.35779805568284
630.917030135484,311.126368377669,4.57530796480859
4.59196558948504,149.260812273415,4.21264684795414
543.46510736928,204.897549708785,4.12201623343344
34.9161622899389,494.542228678478,2.91609151465362
282.158572212834,19.0424579699931,3.75292316779864
532.364085716965,394.193405459341,3.28373461642372
75.6591760924117,72.2510210690482,5.20212883664931
3.76748556764253,74.4833377660986,3.64834723682915
588.928081804348,225.298756964724,3.84282778414602
434.300955520076,463.488224610817,4.75793599818755
659.072945652132,373.566151035143,3.06548185149205
104.063673006802,490.507114175126,4.40410103562514
628.228623070747,90.9982016924379,4.09725187219707
419.155780096315,257.594342405173,3.67081215959853
10.3456723649117,182.837515295672,3.17614891629014
63.3086259836441,127.259406095173,4.58044111056162
609.499676393925,198.938848561864,4.20435206806967
257.918310316211,209.548524110499,3.89731610380355
581.734978850723,435.962306721142,3.78290489941316
298.986114588845,139.524379762606,3.9401264858617
528.46361980678,461.506602502512,3.59616123910314
42.4900257663401,411.205597369438,4.05693954746334
207.764960639245,296.952265917147,3.94811911461528
554.157168592497,261.640569924707,3.97700131794998
168.063643106955,19.6935196845405,4.32803643470395
503.755949288894,344.029330535164,4.59991431590053
39.441975477257,53.9568156398803,3.73316837201337
537.390866482787,158.859018320637,4.56650410589591
NA,NA,NA
659.831197902849,336.158806334478,3.44428929346399
452.11939888296,299.696452370551,3.67015304486075
9.44578089872154,494.380017994366,3.45760839424074
561.990361827595,48.4989807303759,4.29959556207417
74.4845448848016,373.9675407006,4.06823499134293
227.02794001391,411.922823726925,3.83639019744949
429.869581692975,14.4833123368089,3.27173934158988
361.482085825841,293.758766624375,2.88740580382497
602.932262451374,106.748923582302,4.26700439294562
393.374470614325,228.274497095147,4.22731622539614
565.737867442181,416.884831765558,4.76292167092577
143.532716715383,283.28045698235,4.53635643501531
195.486020371577,370.533515911758,3.97586782228381
124.255462811351,407.371539105915,3.35779805568284
630.917030135484,311.126368377669,4.57530796480859
4.59196558948504,149.260812273415,4.21264684795414
543.46510736928,204.897549708785,4.12201623343344
34.9161622899389,494.542228678478,2.91609151465362
282.158572212834,19.0424579699931,3.75292316779864
532.364085716965,394.193405459341,3.28373461642372
75.6591760924117,72.2510210690482,5.20212883664931
3.76748556764253,74.4833377660986,3.64834723682915
588.928081804348,225.298756964724,3.84282778414602
434.300955520076,463.488224610817,4.75793599818755
659.072945652132,373.566151035143,3.06548185149205
104.063673006802,490.507114175126,4.40410103562514
628.228623070747,90.9982016924379,4.09725187219707
419.155780096315,257.594342405173,3.67081215959853
10.3456723649117,182.837515295672,3.17614891629014
63.3086259836441,127.259406095173,4.58044111056162
609.499676393925,198.938848561864,4.20435206806967
257.918310316211,209.548524110499,3.89731610380355
581.734978850723,435.962306721142,3.78290489941316
298.986114588845,139.524379762606,3.9401264858617
528.46361980678,461.506602502512,3.59616123910314
42.4900257663401,411.205597369438,4.05693954746334
207.764960639245,296.952265917147,3.94811911461528
554.157168592497,261.640569924707,3.97700131794998
168.063643106955,19.6935196845405,4.32803643470395
503.755949288894,344.029330535164,4.59991431590053
39.441975477257,53.9568156398803,3.73316837201337
537.390866482787,158.859018320637,4.56650410589591
NA,NA,NA
659.831197902849,336.158806334478,3.44428929346399
452.11939888296,299.696452370551,3.67015304486075
9.44578089872154,494.380017994366,3.45760839424074
561.990361827595,48.4989807303759,4.29959556207417
74.4845448848016,373.9675407006,4.06823499134293
227.02794001391,411.922823726925,3.83639019744949
429.869581692975,14.4833123368089,3.27173934158988
361.482085825841,293.758766624375,2.88740580382497
602.932262451374,106.748923582302,4.26700439294562
393.374470614325,228.274497095147,4.22731622539614
565.737867442181,416.884831765558,4.76292167092577
143.532716715383,283.28045698235,4.53635643501531
195.486020371577,370.533515911758,3.97586782228381
124.255462811351,407.371539105915,3.35779805568284
630.917030135484,311.126368377669,4.57530796480859
4.59196558948504,149.260812273415,4.21264684795414
543.46510736928,204.897549708785,4.12201623343344
34.9161622899389,494.542228678478,2.91609151465362
282.158572212834,19.0424579699931,3.75292316779864
532.364085716965,394.193405459341,3.28373461642372
75.6591760924117,72.2510210690482,5.20212883664931
3.76748556764253,74.4833377660986,3.64834723682915
588.928081804348,225.298756964724,3.84282778414602
434.300955520076,463.488224610817,4.75793599818755
659.072945652132,373.566151035143,3.06548185149205
104.063673006802,490.507114175126,4.40410103562514
628.228623070747,90.9982016924379,4.09725187219707
419.155780096315,257.594342405173,3.67081215959853
10.3456723649117,182.837515295672,3.17614891629014
63.3086259836441,127.259406095173,4.58044111056162
609.499676393925,198.938848561864,4.20435206806967
257.918310316211,209.548524110499,3.89731610380355
581.734978850723,435.962306721142,3.78290489941316
298.986114588845,139.524379762606,3.9401264858617
528.46361980678,461.506602502512,3.59616123910314
42.4900257663401,411.205597369438,4.05693954746334
207.764960639245,296.952265917147,3.94811911461528
554.157168592497,261.640569924707,3.97700131794998
168.063643106955,19.6935196845405,4.32803643470395
503.755949288894,344.029330535164,4.59991431590053
39.441975477257,53.9568156398803,3.73316837201337
537.390866482787,158.859018320637,4.56650410589591
NA,NA,NA
659.831197902849,336.158806334478,3.44428929346399
452.11939888296,299.696452370551,3.67015304486075
9.44578089872154,494.380017994366,3.45760839424074
561.990361827595,48.4989807303759,4.29959556207417
74.4845448848016,373.9675407006,4.06823499134293
227.02794001391,411.922823726925,3.83639019744949
429.869581692975,14.4833123368089,3.27173934158988
361.482085825841,293.758766624375,2.88740580382497
602.932262451374,106.748923582302,4.26700439294562
393.374470614325,228.274497095147,4.22731622539614
565.737867442181,416.884831765558,4.76292167092577
143.532716715383,283.28045698235,4.53635643501531
195.486020371577,370.533515911758,3.97586782228381
124.255462811351,407.371539105915,3.35779805568284
630.917030135484,311.126368377669,4.57530796480859
4.59196558948504,149.260812273415,4.21264684795414
543.46510736928,204.897549708785,4.12201623343344
34.9161622899389,494.542228678478,2.91609151465362
282.158572212834,19.0424579699931,3.75292316779864
532.364085716965,394.193405459341,3.28373461642372
75.6591760924117,72.2510210690482,5.20212883664931
3.76748556764253,74.4833377660986,3.64834723682915
588.928081804348,225.298756964724,3.84282778414602
434.300955520076,463.488224610817,4.75793599818755
659.072945652132,373.566151035143,3.06548185149205
104.063673006802,490.507114175126,4.40410103562514
628.228623070747,90.9982016924379,4.09725187219707
419.155780096315,257.594342405173,3.67081215959853
10.3456723649117,182.837515295672,3.17614891629014
63.3086259836441,127.259406095173,4.58044111056162
609.499676393925,198.938848561864,4.20435206806967
257.918310316211,209.548524110499,3.89731610380355
581.734978850723,435.962306721142,3.78290489941316
298.986114588845,139.524379762606,3.9401264858617
528.46361980678,461.506602502512,3.59616123910314
42.4900257663401,411.205597369438,4.05693954746334
207.764960639245,296.952265917147,3.94811911461528
554.157168592497,261.640569924707,3.97700131794998
168.063643106955,19.6935196845405,4.32803643470395
503.755949288894,344.029330535164,4.59991431590053
39.441975477257,53.9568156398803,3.73316837201337
537.390866482787,158.859018320637,4.56650410589591
NA,NA,NA
659.831197902849,336.158806334478,3.44428929346399
452.11939888296,299.696452370551,3.67015304486075
9.44578089872154,494.380017994366,3.45760839424074
561.990361827595,48.4989807303759,4.29959556207417
74.4845448848016,373.9675407006,4.06823499134293
227.02794001391,411.922823726925,3.83639019744949
429.869581692975,14.4833123368089,3.27173934158988
361.482085825841,293.758766624375,2.88740580382497
602.932262451374,106.748923582302,4.26700439294562
393.374470614325,228.274497095147,4.22731622539614
565.737867442181,416.884831765558,4.76292167092577
143.532716715383,283.28045698235,4.53635643501531
195.486020371577,370.533515911758,3.97586782228381
124.255462811351,407.371539105915,3.35779805568284
630.917030135484,311.126368377669,4.57530796480859
4.59196558948504,149.260812273415,4.21264684795414
543.46510736928,204.897549708785,4.12201623343344
34.9161622899389,494.542228678478,2.91609151465362
282.158572212834,19.0424579699931,3.75292316779864
532.364085716965,394.193405459341,3.28373461642372
75.6591760924117,72.2510210690482,5.20212883664931
3.76748556764253,74.4833377660986,3.64834723682915
588.928081804348,225.298756964724,3.84282778414602
434.300955520076,463.488224610817,4.75793599818755
659.072945652132,373.566151035143,3.06548185149205
104.063673006802,490.507114175126,4.40410103562514
628.228623070747,90.9982016924379,4.09725187219707
419.155780096315,257.594342405173,3.67081215959853
10.3456723649117,182.837515295672,3.17614891629014
63.3086259836441,127.259406095173,4.58044111056162
609.499676393925,198.938848561864,4.20435206806967
257.918310316211,209.548524110499,3.89731610380355
581.734978850723,435.962306721142,3.78290489941316
298.986114588845,139.524379762606,3.9401264858617
528.46361980678,461.506602502512,3.59616123910314
42.4900257663401,411.205597369438,4.05693954746334
207.764960639245,296.952265917147,3.94811911461528
554.157168592497,261.640569924707,3.97700131794998
168.063643106955,19.6935196845405,4.32803643470395
503.755949288894,344.029330535164,4.59991431590053
39.441975477257,53.9568156398803,3.73316837201337
537.390866482787,158.859018320637,4.56650410589591
NA,NA,NA
663.681411337334,335.133660072568,3.56550678314736
459.438076830017,299.983211701427,3.61602014050007
11.8236405521936,493.689435397827,3.42562500413349
561.56104837626,49.1934463658911,4.14595268893863
70.7714470987796,373.233245481857,3.76585190165548
229.06952474987,415.270284320913,3.90702905064992
431.410076154728,10.2636473159204,3.41217714879372
360.886298078588,295.37641891762,2.98859791560249
607.502670707868,101.470264437209,4.27178219526357
390.954935086125,233.524341025185,4.15301192343986
566.625047582627,404.957647124189,4.80532937991012
133.53053661941,286.851193924139,4.56902243562285
199.007860793265,365.268662779711,4.12918190762086
124.181465787203,410.604447051664,3.35785594369802
625.685522720639,310.554591724694,4.53507038688623
3.37385117369974,143.121990404158,4.10844546890153
540.583428882482,208.03110306933,4.13484921979032
35.1887826962902,492.646263852584,2.9922796238284
275.660001317849,24.2334098647493,3.85845425574799
533.05314648817,393.77393003075,3.31969392600626
79.9529939817411,73.4551234042609,5.21816558935706
4.77888372695946,78.335007568392,3.3374008223596
588.311258110278,225.660542412621,4.02779954459188
440.038526952876,457.774489967571,4.77298819686859
660.769870497856,373.21550222665,3.01433614664135
107.469671896686,485.708572643489,4.37842765487911
622.641105780973,93.5775396502616,4.12798324691486
420.002781901075,259.247550716716,3.72544696496566
12.2460328987749,181.425353442338,3.23390685548244
68.1177527708141,110.828957375336,4.63024445549982
604.951850356249,210.87121728688,4.05713289751524
262.007668496202,218.739124413516,3.91793411078602
577.82305094826,435.420596771064,3.85596362470826
299.035736227835,137.525991765093,3.82252368615077
531.691954875213,455.294839676926,3.5238871277882
29.9136287206337,418.735900255438,3.91074884547269
195.371982313927,291.968099786863,4.35873275281262
550.783273945881,265.165881459585,3.81836245104106
165.415834099306,12.8014651567073,4.05827048451443
494.47846824964,338.716283717428,4.33981443666133
44.9866723144404,54.6204367824111,3.8564596941283
519.207464426603,153.450104591563,4.9603845581397
NA,NA,NA
663.681411337334,335.133660072568,3.56550678314736
459.438076830017,299.983211701427,3.61602014050007
11.8236405521936,493.689435397827,3.42562500413349
561.56104837626,49.1934463658911,4.14595268893863
70.7714470987796,373.233245481857,3.76585190165548
229.06952474987,415.270284320913,3.90702905064992
431.410076154728,10.2636473159204,3.41217714879372
360.886298078588,295.37641891762,2.98859791560249
607.502670707868,101.470264437209,4.27178219526357
390.954935086125,233.524341025185,4.15301192343986
566.625047582627,404.957647124189,4.80532937991012
133.53053661941,286.851193924139,4.56902243562285
199.007860793265,365.268662779711,4.12918190762086
124.181465787203,410.604447051664,3.35785594369802
625.685522720639,310.554591724694,4.53507038688623
3.37385117369974,143.121990404158,4.10844546890153
540.583428882482,208.03110306933,4.13484921979032
35.1887826962902,492.646263852584,2.9922796238284
275.660001317849,24.2334098647493,3.85845425574799
533.05314648817,393.77393003075,3.31969392600626
79.9529939817411,73.4551234042609,5.21816558935706
4.77888372695946,78.335007568392,3.3374008223596
588.311258110278,225.660542412621,4.02779954459188
440.038526952876,457.774489967571,4.77298819686859
660.769870497856,373.21550222665,3.01433614664135
107.469671896686,485.708572643489,4.37842765487911
622.641105780973,93.5775396502616,4.12798324691486
420.002781901075,259.247550716716,3.72544696496566
12.2460328987749,181.425353442338,3.23390685548244
68.1177527708141,110.828957375336,4.63024445549982
604.951850356249,210.87121728688,4.05713289751524
262.007668496202,218.739124413516,3.91793411078602
577.82305094826,435.420596771064,3.85596362470826
299.035736227835,137.525991765093,3.82252368615077
531.691954875213,455.294839676926,3.5238871277882
29.9136287206337,418.735900255438,3.91074884547269
195.371982313927,291.968099786863,4.35873275281262
550.783273945881,265.165881459585,3.81836245104106
165.415834099306,12.8014651567073,4.05827048451443
494.47846824964,338.716283717428,4.33981443666133
44.9866723144404,54.6204367824111,3.8564596941283
519.207464426603,153.450104591563,4.9603845581397
NA,NA,NA
663.681411337334,335.133660072568,3.56550678314736
459.438076830017,299.983211701427,3.61602014050007
11.8236405521936,493.689435397827,3.42562500413349
561.56104837626,49.1934463658911,4.14595268893863
70.7714470987796,373.233245481857,3.76585190165548
229.06952474987,415.270284320913,3.90702905064992
431.410076154728,10.2636473159204,3.41217714879372
360.886298078588,295.37641891762,2.98859791560249
607.502670707868,101.470264437209,4.27178219526357
390.954935086125,233.524341025185,4.15301192343986
566.625047582627,404.957647124189,4.80532937991012
133.53053661941,286.851193924139,4.56902243562285
199.007860793265,365.268662779711,4.12918190762086
124.181465787203,410.604447051664,3.35785594369802
625.685522720639,310.554591724694,4.53507038688623
3.37385117369974,143.121990404158,4.10844546890153
540.583428882482,208.03110306933,4.13484921979032
35.1887826962902,492.646263852584,2.9922796238284
275.660001317849,24.2334098647493,3.85845425574799
533.05314648817,393.77393003075,3.31969392600626
79.9529939817411,73.4551234042609,5.21816558935706
4.77888372695946,78.335007568392,3.3374008223596
588.311258110278,225.660542412621,4.02779954459188
440.038526952876,457.774489967571,4.77298819686859
660.769870497856,373.21550222665,3.01433614664135
107.469671896686,485.708572643489,4.37842765487911
622.641105780973,93.5775396502616,4.12798324691486
420.002781901075,259.247550716716,3.72544696496566
12.2460328987749,181.425353442338,3.23390685548244
68.1177527708141,110.828957375336,4.63024445549982
604.951850356249,210.87121728688,4.05713289751524
262.007668496202,218.739124413516,3.91793411078602
577.82305094826,435.420596771064,3.85596362470826
299.035736227835,137.525991765093,3.82252368615077
531.691954875213,455.294839676926,3.5238871277882
29.9136287206337,418.735900255438,3.91074884547269
195.371982313927,291.968099786863,4.35873275281262
550.783273945881,265.165881459585,3.81836245104106
165.415834099306,12.8014651567073,4.05827048451443
494.47846824964,338.716283717428,4.33981443666133
44.9866723144404,54.6204367824111,3.8564596941283
519.207464426603,153.450104591563,4.9603845581397
NA,NA,NA
663.681411337334,335.133660072568,3.56550678314736
459.438076830017,299.983211701427,3.61602014050007
11.8236405521936,493.689435397827,3.42562500413349
561.56104837626,49.1934463658911,4.14595268893863
70.7714470987796,373.233245481857,3.76585190165548
229.06952474987,415.270284320913,3.90702905064992
431.410076154728,10.2636473159204,3.41217714879372
360.886298078588,295.37641891762,2.98859791560249
607.502670707868,101.470264437209,4.27178219526357
390.954935086125,233.524341025185,4.15301192343986
566.625047582627,404.957647124189,4.80532937991012
133.53053661941,286.851193924139,4.56902243562285
199.007860793265,365.268662779711,4.12918190762086
124.181465787203,410.604447051664,3.35785594369802
625.685522720639,310.554591724694,4.53507038688623
3.37385117369974,143.121990404158,4.10844546890153
540.583428882482,208.03110306933,4.13484921979032
35.1887826962902,492.646263852584,2.9922796238284
275.660001317849,24.2334098647493,3.85845425574799
533.05314648817,393.77393003075,3.31969392600626
79.9529939817411,73.4551234042609,5.21816558935706
4.77888372695946,78.335007568392,3.3374008223596
588.311258110278,225.660542412621,4.02779954459188
440.038526952876,457.774489967571,4.77298819686859
660.769870497856,373.21550222665,3.01433614664135
107.469671896686,485.708572643489,4.37842765487911
622.641105780973,93.5775396502616,4.12798324691486
420.002781901075,259.247550716716,3.72544696496566
12.2460328987749,181.425353442338,3.23390685548244
68.1177527708141,110.828957375336,4.63024445549982
604.951850356249,210.87121728688,4.05713289751524
262.007668496202,218.739124413516,3.91793411078602
577.82305094826,435.420596771064,3.85596362470826
299.035736227835,137.525991765093,3.82252368615077
531.691954875213,455.294839676926,3.5238871277882
29.9136287206337,418.735900255438,3.91074884547269
195.371982313927,291.968099786863,4.35873275281262
550.783273945881,265.165881459585,3.81836245104106
165.415834099306,12.8014651567073,4.05827048451443
494.47846824964,338.716283717428,4.33981443666133
44.9866723144404,54.6204367824111,3.8564596941283
519.207464426603,153.450104591563,4.9603845581397
NA,NA,NA
663.681411337334,335.133660072568,3.56550678314736
459.438076830017,299.983211701427,3.61602014050007
11.8236405521936,493.689435397827,3.42562500413349
561.56104837626,49.1934463658911,4.14595268893863
70.7714470987796,373.233245481857,3.76585190165548
229.06952474987,415.270284320913,3.90702905064992
431.410076154728,10.2636473159204,3.41217714879372
360.886298078588,295.37641891762,2.98859791560249
607.502670707868,101.470264437209,4.27178219526357
390.954935086125,233.524341025185,4.15301192343986
566.625047582627,404.957647124189,4.80532937991012
133.53053661941,286.851193924139,4.56902243562285
199.007860793265,365.268662779711,4.12918190762086
124.181465787203,410.604447051664,3.35785594369802
625.685522720639,310.554591724694,4.53507038688623
3.37385117369974,143.121990404158,4.10844546890153
540.583428882482,208.03110306933,4.13484921979032
35.1887826962902,492.646263852584,2.9922796238284
275.660001317849,24.2334098647493,3.85845425574799
533.05314648817,393.77393003075,3.31969392600626
79.9529939817411,73.4551234042609,5.21816558935706
4.77888372695946,78.335007568392,3.3374008223596
588.311258110278,225.660542412621,4.02779954459188
440.038526952876,457.774489967571,4.77298819686859
660.769870497856,373.21550222665,3.01433614664135
107.469671896686,485.708572643489,4.37842765487911
622.641105780973,93.5775396502616,4.12798324691486
420.002781901075,259.247550716716,3.72544696496566
12.2460328987749,181.425353442338,3.23390685548244
68.1177527708141,110.828957375336,4.63024445549982
604.951850356249,210.87121728688,4.05713289751524
262.007668496202,218.739124413516,3.91793411078602
577.82305094826,435.420596771064,3.85596362470826
299.035736227835,137.525991765093,3.82252368615077
531.691954875213,455.294839676926,3.5238871277882
29.9136287206337,418.735900255438,3.91074884547269
195.371982313927,291.968099786863,4.35873275281262
550.783273945881,265.165881459585,3.81836245104106
165.415834099306,12.8014651567073,4.05827048451443
494.47846824964,338.716283717428,4.33981443666133
44.9866723144404,54.6204367824111,3.8564596941283
519.207464426603,153.450104591563,4.9603845581397
NA,NA,NA
663.681411337334,335.133660072568,3.56550678314736
459.438076830017,299.983211701427,3.61602014050007
11.8236405521936,493.689435397827,3.42562500413349
561.56104837626,49.1934463658911,4.14595268893863
70.7714470987796,373.233245481857,3.76585190165548
229.06952474987,415.270284320913,3.90702905064992
431.410076154728,10.2636473159204,3.41217714879372
360.886298078588,295.37641891762,2.98859791560249
607.502670707868,101.470264437209,4.27178219526357
390.954935086125,233.524341025185,4.15301192343986
566.625047582627,404.957647124189,4.80532937991012
133.53053661941,286.851193924139,4.56902243562285
199.007860793265,365.268662779711,4.12918190762086
124.181465787203,410.604447051664,3.35785594369802
625.685522720639,310.554591724694,4.53507038688623
3.37385117369974,143.121990404158,4.10844546890153
540.583428882482,208.03110306933,4.13484921979032
35.1887826962902,492.646263852584,2.9922796238284
275.660001317849,24.2334098647493,3.85845425574799
533.05314648817,393.77393003075,3.31969392600626
79.9529939817411,73.4551234042609,5.21816558935706
4.77888372695946,78.335007568392,3.3374008223596
588.311258110278,225.660542412621,4.02779954459188
440.038526952876,457.774489967571,4.77298819686859
660.769870497856,373.21550222665,3.01433614664135
107.469671896686,485.708572643489,4.37842765487911
622.641105780973,93.5775396502616,4.12798324691486
420.002781901075,259.247550716716,3.72544696496566
12.2460328987749,181.425353442338,3.23390685548244
68.1177527708141,110.828957375336,4.63024445549982
604.951850356249,210.87121728688,4.05713289751524
262.007668496202,218.739124413516,3.91793411078602
577.82305094826,435.420596771064,3.85596362470826
299.035736227835,137.525991765093,3.82252368615077
531.691954875213,455.294839676926,3.5238871277882
29.9136287206337,418.735900255438,3.91074884547269
195.371982313927,291.968099786863,4.35873275281262
550.783273945881,265.165881459585,3.81836245104106
165.415834099306,12.8014651567073,4.05827048451443
494.47846824964,338.716283717428,4.33981443666133
44.9866723144404,54.6204367824111,3.8564596941283
519.207464426603,153.450104591563,4.9603845581397
NA,NA,NA
664.817595128391,336.838086254148,3.63474266283198
457.754660738539,298.691081069572,3.67303314793421
10.3173806610291,494.181804299332,3.46487781236866
559.209907223853,51.2255314337359,4.09065716485594
67.7935060799876,371.639654049758,4.02411781989761
228.017818840318,418.697731579533,3.87414665793587
428.356696601091,13.2753503577986,3.41846801482143
363.371493176331,293.758778875082,3.00567317962056
605.719115253535,99.59449565875,4.15427568924255
391.40489077511,232.462178004188,4.28863960098387
568.331781287064,412.40185132537,4.73031548880496
140.509457420871,281.364424972725,4.491374003132
205.531793588224,369.460235062741,4.09966482753394
123.476038783232,410.109122478258,3.35488311846928
627.991767479885,316.559313779174,4.50795635239183
8.36916270403217,148.362705726808,4.33150931436602
541.12961229997,198.092903505961,4.24728852509649
31.5567372388031,491.152480750365,2.96116099544024
278.064143980933,23.8360571805859,3.82052755861027
533.926864318326,394.174902882759,3.45755633545004
74.1185778483202,85.6042999403553,5.23354488823982
3.27377863541076,76.4028317677955,3.32253446402067
585.801328398648,226.877127371417,3.9816718893513
433.076399746435,460.0751349933,4.81689555140833
658.144471610333,372.726023290385,2.98794287033081
105.345967745206,483.74667803863,4.3553530303639
624.17573698505,89.5732424556271,4.06513627142298
417.018745686691,258.660708166587,3.62530543410086
9.66935624795861,182.159087051316,3.27062811274707
64.2340138772527,109.916653569654,4.48293978523606
615.886629187812,193.073675245743,4.25854967184439
254.829148127916,218.435067566619,3.24814387613331
572.887488208682,431.783611511363,3.88761247279894
296.568155197284,140.098748222526,3.81353648700674
528.595138679381,453.45683360706,3.70819723102115
59.0323333797273,405.558919476975,3.93979324702008
192.629171408167,289.39668938171,4.46702896443626
549.550179006888,268.869752684373,3.67864200193892
183.313592604499,21.0350642315694,4.09860196078865
492.891543856869,350.386745127965,4.1167097753896
33.4453729072615,57.1164991534429,3.61510022933516
509.366196971683,141.231308041597,4.34428443454804
NA,NA,NA
664.817595128391,336.838086254148,3.63474266283198
457.754660738539,298.691081069572,3.67303314793421
10.3173806610291,494.181804299332,3.46487781236866
559.209907223853,51.2255314337359,4.09065716485594
67.7935060799876,371.639654049758,4.02411781989761
228.017818840318,418.697731579533,3.87414665793587
428.356696601091,13.2753503577986,3.41846801482143
363.371493176331,293.758778875082,3.00567317962056
605.719115253535,99.59449565875,4.15427568924255
391.40489077511,232.462178004188,4.28863960098387
568.331781287064,412.40185132537,4.73031548880496
140.509457420871,281.364424972725,4.491374003132
205.531793588224,369.460235062741,4.09966482753394
123.476038783232,410.109122478258,3.35488311846928
627.991767479885,316.559313779174,4.50795635239183
8.36916270403217,148.362705726808,4.33150931436602
541.12961229997,198.092903505961,4.24728852509649
31.5567372388031,491.152480750365,2.96116099544024
278.064143980933,23.8360571805859,3.82052755861027
533.926864318326,394.174902882759,3.45755633545004
74.1185778483202,85.6042999403553,5.23354488823982
3.27377863541076,76.4028317677955,3.32253446402067
585.801328398648,226.877127371417,3.9816718893513
433.076399746435,460.0751349933,4.81689555140833
658.144471610333,372.726023290385,2.98794287033081
105.345967745206,483.74667803863,4.3553530303639
624.17573698505,89.5732424556271,4.06513627142298
417.018745686691,258.660708166587,3.62530543410086
9.66935624795861,182.159087051316,3.27062811274707
64.2340138772527,109.916653569654,4.48293978523606
615.886629187812,193.073675245743,4.25854967184439
254.829148127916,218.435067566619,3.24814387613331
572.887488208682,431.783611511363,3.88761247279894
296.568155197284,140.098748222526,3.81353648700674
528.595138679381,453.45683360706,3.70819723102115
59.0323333797273,405.558919476975,3.93979324702008
192.629171408167,289.39668938171,4.46702896443626
549.550179006888,268.869752684373,3.67864200193892
183.313592604499,21.0350642315694,4.09860196078865
492.891543856869,350.386745127965,4.1167097753896
33.4453729072615,57.1164991534429,3.61510022933516
509.366196971683,141.231308041597,4.34428443454804
NA,NA,NA
664.817595128391,336.838086254148,3.63474266283198
457.754660738539,298.691081069572,3.67303314793421
10.3173806610291,494.181804299332,3.46487781236866
559.209907223853,51.2255314337359,4.09065716485594
67.7935060799876,371.639654049758,4.02411781989761
228.017818840318,418.697731579533,3.87414665793587
428.356696601091,13.2753503577986,3.41846801482143
363.371493176331,293.758778875082,3.00567317962056
605.719115253535,99.59449565875,4.15427568924255
391.40489077511,232.462178004188,4.28863960098387
568.331781287064,412.40185132537,4.73031548880496
140.509457420871,281.364424972725,4.491374003132
205.531793588224,369.460235062741,4.09966482753394
123.476038783232,410.109122478258,3.35488311846928
627.991767479885,316.559313779174,4.50795635239183
8.36916270403217,148.362705726808,4.33150931436602
541.12961229997,198.092903505961,4.24728852509649
31.5567372388031,491.152480750365,2.96116099544024
278.064143980933,23.8360571805859,3.82052755861027
533.926864318326,394.174902882759,3.45755633545004
74.1185778483202,85.6042999403553,5.23354488823982
3.27377863541076,76.4028317677955,3.32253446402067
585.801328398648,226.877127371417,3.9816718893513
433.076399746435,460.0751349933,4.81689555140833
658.144471610333,372.726023290385,2.98794287033081
105.345967745206,483.74667803863,4.3553530303639
624.17573698505,89.5732424556271,4.06513627142298
417.018745686691,258.660708166587,3.62530543410086
9.66935624795861,182.159087051316,3.27062811274707
64.2340138772527,109.916653569654,4.48293978523606
615.886629187812,193.073675245743,4.25854967184439
254.829148127916,218.435067566619,3.24814387613331
572.887488208682,431.783611511363,3.88761247279894
296.568155197284,140.098748222526,3.81353648700674
528.595138679381,453.45683360706,3.70819723102115
59.0323333797273,405.558919476975,3.93979324702008
192.629171408167,289.39668938171,4.46702896443626
549.550179006888,268.869752684373,3.67864200193892
183.313592604499,21.0350642315694,4.09860196078865
492.891543856869,350.386745127965,4.1167097753896
33.4453729072615,57.1164991534429,3.61510022933516
509.366196971683,141.231308041597,4.34428443454804
NA,NA,NA
664.817595128391,336.838086254148,3.63474266283198
457.754660738539,298.691081069572,3.67303314793421
10.3173806610291,494.181804299332,3.46487781236866
559.209907223853,51.2255314337359,4.09065716485594
67.7935060799876,371.639654049758,4.02411781989761
228.017818840318,418.697731579533,3.87414665793587
428.356696601091,13.2753503577986,3.41846801482143
363.371493176331,293.758778875082,3.00567317962056
605.719115253535,99.59449565875,4.15427568924255
391.40489077511,232.462178004188,4.28863960098387
568.331781287064,412.40185132537,4.73031548880496
140.509457420871,281.364424972725,4.491374003132
205.531793588224,369.460235062741,4.09966482753394
123.476038783232,410.109122478258,3.35488311846928
627.991767479885,316.559313779174,4.50795635239183
8.36916270403217,148.362705726808,4.33150931436602
541.12961229997,198.092903505961,4.24728852509649
31.5567372388031,491.152480750365,2.96116099544024
278.064143980933,23.8360571805859,3.82052755861027
533.926864318326,394.174902882759,3.45755633545004
74.1185778483202,85.6042999403553,5.23354488823982
3.27377863541076,76.4028317677955,3.32253446402067
585.801328398648,226.877127371417,3.9816718893513
433.076399746435,460.0751349933,4.81689555140833
658.144471610333,372.726023290385,2.98794287033081
105.345967745206,483.74667803863,4.3553530303639
624.17573698505,89.5732424556271,4.06513627142298
417.018745686691,258.660708166587,3.62530543410086
9.66935624795861,182.159087051316,3.27062811274707
64.2340138772527,109.916653569654,4.48293978523606
615.886629187812,193.073675245743,4.25854967184439
254.829148127916,218.435067566619,3.24814387613331
572.887488208682,431.783611511363,3.88761247279894
296.568155197284,140.098748222526,3.81353648700674
528.595138679381,453.45683360706,3.70819723102115
59.0323333797273,405.558919476975,3.93979324702008
192.629171408167,289.39668938171,4.46702896443626
549.550179006888,268.869752684373,3.67864200193892
183.313592604499,21.0350642315694,4.09860196078865
492.891543856869,350.386745127965,4.1167097753896
33.4453729072615,57.1164991534429,3.61510022933516
509.366196971683,141.231308041597,4.34428443454804
NA,NA,NA
664.817595128391,336.838086254148,3.63474266283198
457.754660738539,298.691081069572,3.67303314793421
10.3173806610291,494.181804299332,3.46487781236866
559.209907223853,51.2255314337359,4.09065716485594
67.7935060799876,371.639654049758,4.02411781989761
228.017818840318,418.697731579533,3.87414665793587
428.356696601091,13.2753503577986,3.41846801482143
363.371493176331,293.758778875082,3.00567317962056
605.719115253535,99.59449565875,4.15427568924255
391.40489077511,232.462178004188,4.28863960098387
568.331781287064,412.40185132537,4.73031548880496
140.509457420871,281.364424972725,4.491374003132
205.531793588224,369.460235062741,4.09966482753394
123.476038783232,410.109122478258,3.35488311846928
627.991767479885,316.559313779174,4.50795635239183
8.36916270403217,148.362705726808,4.33150931436602
541.12961229997,198.092903505961,4.24728852509649
31.5567372388031,491.152480750365,2.96116099544024
278.064143980933,23.8360571805859,3.82052755861027
533.926864318326,394.174902882759,3.45755633545004
74.1185778483202,85.6042999403553,5.23354488823982
3.27377863541076,76.4028317677955,3.32253446402067
585.801328398648,226.877127371417,3.9816718893513
433.076399746435,460.0751349933,4.81689555140833
658.144471610333,372.726023290385,2.98794287033081
105.345967745206,483.74667803863,4.3553530303639
624.17573698505,89.5732424556271,4.06513627142298
417.018745686691,258.660708166587,3.62530543410086
9.66935624795861,182.159087051316,3.27062811274707
64.2340138772527,109.916653569654,4.48293978523606
615.886629187812,193.073675245743,4.25854967184439
254.829148127916,218.435067566619,3.24814387613331
572.887488208682,431.783611511363,3.88761247279894
296.568155197284,140.098748222526,3.81353648700674
528.595138679381,453.45683360706,3.70819723102115
59.0323333797273,405.558919476975,3.93979324702008
192.629171408167,289.39668938171,4.46702896443626
549.550179006888,268.869752684373,3.67864200193892
183.313592604499,21.0350642315694,4.09860196078865
492.891543856869,350.386745127965,4.1167097753896
33.4453729072615,57.1164991534429,3.61510022933516
509.366196971683,141.231308041597,4.34428443454804
NA,NA,NA
664.817595128391,336.838086254148,3.63474266283198
457.754660738539,298.691081069572,3.67303314793421
10.3173806610291,494.181804299332,3.46487781236866
559.209907223853,51.2255314337359,4.09065716485594
67.7935060799876,371.639654049758,4.02411781989761
228.017818840318,418.697731579533,3.87414665793587
428.356696601091,13.2753503577986,3.41846801482143
363.371493176331,293.758778875082,3.00567317962056
605.719115253535,99.59449565875,4.15427568924255
391.40489077511,232.462178004188,4.28863960098387
568.331781287064,412.40185132537,4.73031548880496
140.509457420871,281.364424972725,4.491374003132
205.531793588224,369.460235062741,4.09966482753394
123.476038783232,410.109122478258,3.35488311846928
627.991767479885,316.559313779174,4.50795635239183
8.36916270403217,148.362705726808,4.33150931436602
541.12961229997,198.092903505961,4.24728852509649
31.5567372388031,491.152480750365,2.96116099544024
278.064143980933,23.8360571805859,3.82052755861027
533.926864318326,394.174902882759,3.45755633545004
74.1185778483202,85.6042999403553,5.23354488823982
3.27377863541076,76.4028317677955,3.32253446402067
585.801328398648,226.877127371417,3.9816718893513
433.076399746435,460.0751349933,4.81689555140833
658.144471610333,372.726023290385,2.98794287033081
105.345967745206,483.74667803863,4.3553530303639
624.17573698505,89.5732424556271,4.06513627142298
417.018745686691,258.660708166587,3.62530543410086
9.66935624795861,182.159087051316,3.27062811274707
64.2340138772527,109.916653569654,4.48293978523606
615.886629187812,193.073675245743,4.25854967184439
254.829148127916,218.435067566619,3.24814387613331
572.887488208682,431.783611511363,3.88761247279894
296.568155197284,140.098748222526,3.81353648700674
528.595138679381,453.45683360706,3.70819723102115
59.0323333797273,405.558919476975,3.93979324702008
192.629171408167,289.39668938171,4.46702896443626
549.550179006888,268.869752684373,3.67864200193892
183.313592604499,21.0350642315694,4.09860196078865
492.891543856869,350.386745127965,4.1167097753896
33.4453729072615,57.1164991534429,3.61510022933516
509.366196971683,141.231308041597,4.34428443454804
NA,NA,NA
660.224908423396,334.409406560873,3.41576076700174
455.48986581515,301.126274454163,3.59278151492476
11.3787654413941,494.619669055155,3.85134118315858
563.134213697702,46.6226673047765,4.24865986423308
73.2798151216053,375.201706054653,3.87188954091555
223.926742272075,414.484210736012,3.88385139828451
426.180808988075,13.2417213518162,3.4897714827628
360.793551449336,292.642335777362,3.05790308392517
607.391869254272,109.493922629479,4.27010704595973
392.437929352299,227.573960345445,4.18484995938113
570.085812983349,408.945434549921,4.70101005690889
135.06419909364,269.398628742739,4.61875004082571
203.576176426529,368.097959360614,4.06846957585264
128.587837562783,411.55763434532,3.60916895874057
626.332249537603,305.740681251511,4.45222931009883
2.6760724517975,149.421233609634,4.31024065780664
546.657628206151,199.907116924173,4.19492405562681
34.1915702434755,493.650918595933,3.07287711878357
280.673076030775,21.8435437083215,3.91375410389431
531.732340827831,394.191939149995,3.47625233789302
77.3781319062626,82.1791367342389,5.36619223342651
6.57402870406829,76.0445218913172,3.5050966001456
591.51355230449,225.394883088075,4.03684152069366
447.561204057012,456.663735128789,4.74941578515323
659.497713674404,374.173076829226,2.97530984370401
105.83914356032,489.586283966219,4.37290898480348
621.884513035422,92.5676568487642,4.04239244793006
420.14327952258,257.817879506102,3.54219584339955
10.6495543428486,183.736148337255,3.14033550490614
56.8299465218526,116.464770500593,4.67166643352046
607.56225504176,208.352221615899,4.21071851697513
252.412774222133,223.721225594457,3.92201011465741
563.799435342605,433.951418897786,3.78807849486814
302.30543366608,130.203564698207,3.89406619645541
524.849168094978,453.335681245209,3.97642929107786
49.1790640663568,423.03017477912,4.01045148709857
189.471885441332,288.224184913503,4.29786366757325
552.571379662535,257.831501365351,3.88023602389227
175.742809593729,7.85980514667389,4.11823819649985
496.228267067593,349.055709464382,4.80926676341766
32.0221868443692,57.0341971932503,3.86838501866119
538.390723843212,138.746860322063,4.62234797076229
NA,NA,NA
660.224908423396,334.409406560873,3.41576076700174
455.48986581515,301.126274454163,3.59278151492476
11.3787654413941,494.619669055155,3.85134118315858
563.134213697702,46.6226673047765,4.24865986423308
73.2798151216053,375.201706054653,3.87188954091555
223.926742272075,414.484210736012,3.88385139828451
426.180808988075,13.2417213518162,3.4897714827628
360.793551449336,292.642335777362,3.05790308392517
607.391869254272,109.493922629479,4.27010704595973
392.437929352299,227.573960345445,4.18484995938113
570.085812983349,408.945434549921,4.70101005690889
135.06419909364,269.398628742739,4.61875004082571
203.576176426529,368.097959360614,4.06846957585264
128.587837562783,411.55763434532,3.60916895874057
626.332249537603,305.740681251511,4.45222931009883
2.6760724517975,149.421233609634,4.31024065780664
546.657628206151,199.907116924173,4.19492405562681
34.1915702434755,493.650918595933,3.07287711878357
280.673076030775,21.8435437083215,3.91375410389431
531.732340827831,394.191939149995,3.47625233789302
77.3781319062626,82.1791367342389,5.36619223342651
6.57402870406829,76.0445218913172,3.5050966001456
591.51355230449,225.394883088075,4.03684152069366
447.561204057012,456.663735128789,4.74941578515323
659.497713674404,374.173076829226,2.97530984370401
105.83914356032,489.586283966219,4.37290898480348
621.884513035422,92.5676568487642,4.04239244793006
420.14327952258,257.817879506102,3.54219584339955
10.6495543428486,183.736148337255,3.14033550490614
56.8299465218526,116.464770500593,4.67166643352046
607.56225504176,208.352221615899,4.21071851697513
252.412774222133,223.721225594457,3.92201011465741
563.799435342605,433.951418897786,3.78807849486814
302.30543366608,130.203564698207,3.89406619645541
524.849168094978,453.335681245209,3.97642929107786
49.1790640663568,423.03017477912,4.01045148709857
189.471885441332,288.224184913503,4.29786366757325
552.571379662535,257.831501365351,3.88023602389227
175.742809593729,7.85980514667389,4.11823819649985
496.228267067593,349.055709464382,4.80926676341766
32.0221868443692,57.0341971932503,3.86838501866119
538.390723843212,138.746860322063,4.62234797076229
NA,NA,NA
660.224908423396,334.409406560873,3.41576076700174
455.48986581515,301.126274454163,3.59278151492476
11.3787654413941,494.619669055155,3.85134118315858
563.134213697702,46.6226673047765,4.24865986423308
73.2798151216053,375.201706054653,3.87188954091555
223.926742272075,414.484210736012,3.88385139828451
426.180808988075,13.2417213518162,3.4897714827628
360.793551449336,292.642335777362,3.05790308392517
607.391869254272,109.493922629479,4.27010704595973
392.437929352299,227.573960345445,4.18484995938113
570.085812983349,408.945434549921,4.70101005690889
135.06419909364,269.398628742739,4.61875004082571
203.576176426529,368.097959360614,4.06846957585264
128.587837562783,411.55763434532,3.60916895874057
626.332249537603,305.740681251511,4.45222931009883
2.6760724517975,149.421233609634,4.31024065780664
546.657628206151,199.907116924173,4.19492405562681
34.1915702434755,493.650918595933,3.07287711878357
280.673076030775,21.8435437083215,3.91375410389431
531.732340827831,394.191939149995,3.47625233789302
77.3781319062626,82.1791367342389,5.36619223342651
6.57402870406829,76.0445218913172,3.5050966001456
591.51355230449,225.394883088075,4.03684152069366
447.561204057012,456.663735128789,4.74941578515323
659.497713674404,374.173076829226,2.97530984370401
105.83914356032,489.586283966219,4.37290898480348
621.884513035422,92.5676568487642,4.04239244793006
420.14327952258,257.817879506102,3.54219584339955
10.6495543428486,183.736148337255,3.14033550490614
56.8299465218526,116.464770500593,4.67166643352046
607.56225504176,208.352221615899,4.21071851697513
252.412774222133,223.721225594457,3.92201011465741
563.799435342605,433.951418897786,3.78807849486814
302.30543366608,130.203564698207,3.89406619645541
524.849168094978,453.335681245209,3.97642929107786
49.1790640663568,423.03017477912,4.01045148709857
189.471885441332,288.224184913503,4.29786366757325
552.571379662535,257.831501365351,3.88023602389227
175.742809593729,7.85980514667389,4.11823819649985
496.228267067593,349.055709464382,4.80926676341766
32.0221868443692,57.0341971932503,3.86838501866119
538.390723843212,138.746860322063,4.62234797076229
NA,NA,NA
660.224908423396,334.409406560873,3.41576076700174
455.48986581515,301.126274454163,3.59278151492476
11.3787654413941,494.619669055155,3.85134118315858
563.134213697702,46.6226673047765,4.24865986423308
73.2798151216053,375.201706054653,3.87188954091555
223.926742272075,414.484210736012,3.88385139828451
426.180808988075,13.2417213518162,3.4897714827628
360.793551449336,292.642335777362,3.05790308392517
607.391869254272,109.493922629479,4.27010704595973
392.437929352299,227.573960345445,4.18484995938113
570.085812983349,408.945434549921,4.70101005690889
135.06419909364,269.398628742739,4.61875004082571
203.576176426529,368.097959360614,4.06846957585264
128.587837562783,411.55763434532,3.60916895874057
626.332249537603,305.740681251511,4.45222931009883
2.6760724517975,149.421233609634,4.31024065780664
546.657628206151,199.907116924173,4.19492405562681
34.1915702434755,493.650918595933,3.07287711878357
280.673076030775,21.8435437083215,3.91375410389431
531.732340827831,394.191939149995,3.47625233789302
77.3781319062626,82.1791367342389,5.36619223342651
6.57402870406829,76.0445218913172,3.5050966001456
591.51355230449,225.394883088075,4.03684152069366
447.561204057012,456.663735128789,4.74941578515323
659.497713674404,374.173076829226,2.97530984370401
105.83914356032,489.586283966219,4.37290898480348
621.884513035422,92.5676568487642,4.04239244793006
420.14327952258,257.817879506102,3.54219584339955
10.6495543428486,183.736148337255,3.14033550490614
56.8299465218526,116.464770500593,4.67166643352046
607.56225504176,208.352221615899,4.21071851697513
252.412774222133,223.721225594457,3.92201011465741
563.799435342605,433.951418897786,3.78807849486814
302.30543366608,130.203564698207,3.89406619645541
524.849168094978,453.335681245209,3.97642929107786
49.1790640663568,423.03017477912,4.01045148709857
189.471885441332,288.224184913503,4.29786366757325
552.571379662535,257.831501365351,3.88023602389227
175.742809593729,7.85980514667389,4.11823819649985
496.228267067593,349.055709464382,4.80926676341766
32.0221868443692,57.0341971932503,3.86838501866119
538.390723843212,138.746860322063,4.62234797076229
NA,NA,NA
660.224908423396,334.409406560873,3.41576076700174
455.48986581515,301.126274454163,3.59278151492476
11.3787654413941,494.619669055155,3.85134118315858
563.134213697702,46.6226673047765,4.24865986423308
73.2798151216053,375.201706054653,3.87188954091555
223.926742272075,414.484210736012,3.88385139828451
426.180808988075,13.2417213518162,3.4897714827628
360.793551449336,292.642335777362,3.05790308392517
607.391869254272,109.493922629479,4.27010704595973
392.437929352299,227.573960345445,4.18484995938113
570.085812983349,408.945434549921,4.70101005690889
135.06419909364,269.398628742739,4.61875004082571
203.576176426529,368.097959360614,4.06846957585264
128.587837562783,411.55763434532,3.60916895874057
626.332249537603,305.740681251511,4.45222931009883
2.6760724517975,149.421233609634,4.31024065780664
546.657628206151,199.907116924173,4.19492405562681
34.1915702434755,493.650918595933,3.07287711878357
280.673076030775,21.8435437083215,3.91375410389431
531.732340827831,394.191939149995,3.47625233789302
77.3781319062626,82.1791367342389,5.36619223342651
6.57402870406829,76.0445218913172,3.5050966001456
591.51355230449,225.394883088075,4.03684152069366
447.561204057012,456.663735128789,4.74941578515323
659.497713674404,374.173076829226,2.97530984370401
105.83914356032,489.586283966219,4.37290898480348
621.884513035422,92.5676568487642,4.04239244793006
420.14327952258,257.817879506102,3.54219584339955
10.6495543428486,183.736148337255,3.14033550490614
56.8299465218526,116.464770500593,4.67166643352046
607.56225504176,208.352221615899,4.21071851697513
252.412774222133,223.721225594457,3.92201011465741
563.799435342605,433.951418897786,3.78807849486814
302.30543366608,130.203564698207,3.89406619645541
524.849168094978,453.335681245209,3.97642929107786
49.1790640663568,423.03017477912,4.01045148709857
189.471885441332,288.224184913503,4.29786366757325
552.571379662535,257.831501365351,3.88023602389227
175.742809593729,7.85980514667389,4.11823819649985
496.228267067593,349.055709464382,4.80926676341766
32.0221868443692,57.0341971932503,3.86838501866119
538.390723843212,138.746860322063,4.62234797076229
NA,NA,NA
660.224908423396,334.409406560873,3.41576076700174
455.48986581515,301.126274454163,3.59278151492476
11.3787654413941,494.619669055155,3.85134118315858
563.134213697702,46.6226673047765,4.24865986423308
73.2798151216053,375.201706054653,3.87188954091555
223.926742272075,414.484210736012,3.88385139828451
426.180808988075,13.2417213518162,3.4897714827628
360.793551449336,292.642335777362,3.05790308392517
607.391869254272,109.493922629479,4.27010704595973
392.437929352299,227.573960345445,4.18484995938113
570.085812983349,408.945434549921,4.70101005690889
135.06419909364,269.398628742739,4.61875004082571
203.576176426529,368.097959360614,4.06846957585264
128.587837562783,411.55763434532,3.60916895874057
626.332249537603,305.740681251511,4.45222931009883
2.6760724517975,149.421233609634,4.31024065780664
546.657628206151,199.907116924173,4.19492405562681
34.1915702434755,493.650918595933,3.07287711878357
280.673076030775,21.8435437083215,3.91375410389431
531.732340827831,394.191939149995,3.47625233789302
77.3781319062626,82.1791367342389,5.36619223342651
6.57402870406829,76.0445218913172,3.5050966001456
591.51355230449,225.394883088075,4.03684152069366
447.561204057012,456.663735128789,4.74941578515323
659.497713674404,374.173076829226,2.97530984370401
105.83914356032,489.586283966219,4.37290898480348
621.884513035422,92.5676568487642,4.04239244793006
420.14327952258,257.817879506102,3.54219584339955
10.6495543428486,183.736148337255,3.14033550490614
56.8299465218526,116.464770500593,4.67166643352046
607.56225504176,208.352221615899,4.21071851697513
252.412774222133,223.721225594457,3.92201011465741
563.799435342605,433.951418897786,3.78807849486814
302.30543366608,130.203564698207,3.89406619645541
524.849168094978,453.335681245209,3.97642929107786
49.1790640663568,423.03017477912,4.01045148709857
189.471885441332,288.224184913503,4.29786366757325
552.571379662535,257.831501365351,3.88023602389227
175.742809593729,7.85980514667389,4.11823819649985
496.228267067593,349.055709464382,4.80926676341766
32.0221868443692,57.0341971932503,3.86838501866119
538.390723843212,138.746860322063,4.62234797076229
NA,NA,NA
664.071364154757,330.683742372506,3.43158163857368
457.576671245585,302.59128509392,3.60863232918011
6.83324030782054,493.554148034541,3.81800927439657
560.849829378504,50.9384275722784,4.26625041326387
68.656072865183,374.127943855413,4.08501222266537
229.795437198403,414.480199276259,3.8740227219229
427.010193995409,13.6099401040899,3.16059506486377
363.966775275648,290.712996660238,2.98931344635821
603.180801174041,101.873727186749,4.05213539939006
390.938594793987,227.74696788552,4.27254337756514
571.581152613385,417.348773541122,4.70324638160911
137.62318740699,284.072568587273,4.46527962456945
201.113946029647,370.139145145485,4.0094653532216
127.905308522261,407.556084431908,3.24345138086461
626.375282314409,306.788660698092,4.47060774578857
-1.23147899733601,147.450355927991,4.25008352054415
544.308416017177,200.746384290363,4.12490762950854
32.9473403153089,492.184473254525,2.99839670400948
285.928787486525,24.8687783480008,3.92639610752646
534.683027050741,393.602996192549,3.4139927694697
76.7366004194748,84.1342181723817,5.20142089887446
10.182957476109,77.231166192109,3.37194838529029
584.669605629619,226.208436452692,4.01022817862972
438.31286259745,461.853672797864,4.84007441099265
657.083289512009,373.407993996038,2.78753768189635
104.931200715265,484.249312561022,4.35539409984138
622.132128455473,84.7125663866515,4.09701856589847
419.810465445442,260.199509216544,3.7338947548886
13.6085582853761,181.637205564432,3.11919303776633
77.3075504596334,122.040580879897,4.31850515649267
603.973932418858,216.097212581374,4.07298387824405
258.051078551677,223.187167356529,3.76668268780329
577.667036653745,432.379258875778,3.59388075105693
296.682603035315,138.58546654982,3.9106196337597
532.087708479226,460.826558493667,3.48191802682035
45.2030935745256,415.746973009661,3.70961278956202
185.989125231866,294.120435519344,4.13395821960556
550.219164734601,254.941723792104,3.82581065379302
153.439872277399,37.6871494790733,4.10624077922201
501.815495161689,346.156834153664,4.64045022289338
37.2260466546941,61.0711260063368,3.66397750990669
545.951548530794,157.648278400482,4.51481404998369
NA,NA,NA
664.071364154757,330.683742372506,3.43158163857368
457.576671245585,302.59128509392,3.60863232918011
6.83324030782054,493.554148034541,3.81800927439657
560.849829378504,50.9384275722784,4.26625041326387
68.656072865183,374.127943855413,4.08501222266537
229.795437198403,414.480199276259,3.8740227219229
427.010193995409,13.6099401040899,3.16059506486377
363.966775275648,290.712996660238,2.98931344635821
603.180801174041,101.873727186749,4.05213539939006
390.938594793987,227.74696788552,4.27254337756514
571.581152613385,417.348773541122,4.70324638160911
137.62318740699,284.072568587273,4.46527962456945
201.113946029647,370.139145145485,4.0094653532216
127.905308522261,407.556084431908,3.24345138086461
626.375282314409,306.788660698092,4.47060774578857
-1.23147899733601,147.450355927991,4.25008352054415
544.308416017177,200.746384290363,4.12490762950854
32.9473403153089,492.184473254525,2.99839670400948
285.928787486525,24.8687783480008,3.92639610752646
534.683027050741,393.602996192549,3.4139927694697
76.7366004194748,84.1342181723817,5.20142089887446
10.182957476109,77.231166192109,3.37194838529029
584.669605629619,226.208436452692,4.01022817862972
438.31286259745,461.853672797864,4.84007441099265
657.083289512009,373.407993996038,2.78753768189635
104.931200715265,484.249312561022,4.35539409984138
622.132128455473,84.7125663866515,4.09701856589847
419.810465445442,260.199509216544,3.7338947548886
13.6085582853761,181.637205564432,3.11919303776633
77.3075504596334,122.040580879897,4.31850515649267
603.973932418858,216.097212581374,4.07298387824405
258.051078551677,223.187167356529,3.76668268780329
577.667036653745,432.379258875778,3.59388075105693
296.682603035315,138.58546654982,3.9106196337597
532.087708479226,460.826558493667,3.48191802682035
45.2030935745256,415.746973009661,3.70961278956202
185.989125231866,294.120435519344,4.13395821960556
550.219164734601,254.941723792104,3.82581065379302
153.439872277399,37.6871494790733,4.10624077922201
501.815495161689,346.156834153664,4.64045022289338
37.2260466546941,61.0711260063368,3.66397750990669
545.951548530794,157.648278400482,4.51481404998369
NA,NA,NA
664.071364154757,330.683742372506,3.43158163857368
457.576671245585,302.59128509392,3.60863232918011
6.83324030782054,493.554148034541,3.81800927439657
560.849829378504,50.9384275722784,4.26625041326387
68.656072865183,374.127943855413,4.08501222266537
229.795437198403,414.480199276259,3.8740227219229
427.010193995409,13.6099401040899,3.16059506486377
363.966775275648,290.712996660238,2.98931344635821
603.180801174041,101.873727186749,4.05213539939006
390.938594793987,227.74696788552,4.27254337756514
571.581152613385,417.348773541122,4.70324638160911
137.62318740699,284.072568587273,4.46527962456945
201.113946029647,370.139145145485,4.0094653532216
127.905308522261,407.556084431908,3.24345138086461
626.375282314409,306.788660698092,4.47060774578857
-1.23147899733601,147.450355927991,4.25008352054415
544.308416017177,200.746384290363,4.12490762950854
32.9473403153089,492.184473254525,2.99839670400948
285.928787486525,24.8687783480008,3.92639610752646
534.683027050741,393.602996192549,3.4139927694697
76.7366004194748,84.1342181723817,5.20142089887446
10.182957476109,77.231166192109,3.37194838529029
584.669605629619,226.208436452692,4.01022817862972
438.31286259745,461.853672797864,4.84007441099265
657.083289512009,373.407993996038,2.78753768189635
104.931200715265,484.249312561022,4.35539409984138
622.132128455473,84.7125663866515,4.09701856589847
419.810465445442,260.199509216544,3.7338947548886
13.6085582853761,181.637205564432,3.11919303776633
77.3075504596334,122.040580879897,4.31850515649267
603.973932418858,216.097212581374,4.07298387824405
258.051078551677,223.187167356529,3.76668268780329
577.667036653745,432.379258875778,3.59388075105693
296.682603035315,138.58546654982,3.9106196337597
532.087708479226,460.826558493667,3.48191802682035
45.2030935745256,415.746973009661,3.70961278956202
185.989125231866,294.120435519344,4.13395821960556
550.219164734601,254.941723792104,3.82581065379302
153.439872277399,37.6871494790733,4.10624077922201
501.815495161689,346.156834153664,4.64045022289338
37.2260466546941,61.0711260063368,3.66397750990669
545.951548530794,157.648278400482,4.51481404998369
NA,NA,NA
664.071364154757,330.683742372506,3.43158163857368
457.576671245585,302.59128509392,3.60863232918011
6.83324030782054,493.554148034541,3.81800927439657
560.849829378504,50.9384275722784,4.26625041326387
68.656072865183,374.127943855413,4.08501222266537
229.795437198403,414.480199276259,3.8740227219229
427.010193995409,13.6099401040899,3.16059506486377
363.966775275648,290.712996660238,2.98931344635821
603.180801174041,101.873727186749,4.05213539939006
390.938594793987,227.74696788552,4.27254337756514
571.581152613385,417.348773541122,4.70324638160911
137.62318740699,284.072568587273,4.46527962456945
201.113946029647,370.139145145485,4.0094653532216
127.905308522261,407.556084431908,3.24345138086461
626.375282314409,306.788660698092,4.47060774578857
-1.23147899733601,147.450355927991,4.25008352054415
544.308416017177,200.746384290363,4.12490762950854
32.9473403153089,492.184473254525,2.99839670400948
285.928787486525,24.8687783480008,3.92639610752646
534.683027050741,393.602996192549,3.4139927694697
76.7366004194748,84.1342181723817,5.20142089887446
10.182957476109,77.231166192109,3.37194838529029
584.669605629619,226.208436452692,4.01022817862972
438.31286259745,461.853672797864,4.84007441099265
657.083289512009,373.407993996038,2.78753768189635
104.931200715265,484.249312561022,4.35539409984138
622.132128455473,84.7125663866515,4.09701856589847
419.810465445442,260.199509216544,3.7338947548886
13.6085582853761,181.637205564432,3.11919303776633
77.3075504596334,122.040580879897,4.31850515649267
603.973932418858,216.097212581374,4.07298387824405
258.051078551677,223.187167356529,3.76668268780329
577.667036653745,432.379258875778,3.59388075105693
296.682603035315,138.58546654982,3.9106196337597
532.087708479226,460.826558493667,3.48191802682035
45.2030935745256,415.746973009661,3.70961278956202
185.989125231866,294.120435519344,4.13395821960556
550.219164734601,254.941723792104,3.82581065379302
153.439872277399,37.6871494790733,4.10624077922201
501.815495161689,346.156834153664,4.64045022289338
37.2260466546941,61.0711260063368,3.66397750990669
545.951548530794,157.648278400482,4.51481404998369
NA,NA,NA
664.071364154757,330.683742372506,3.43158163857368
457.576671245585,302.59128509392,3.60863232918011
6.83324030782054,493.554148034541,3.81800927439657
560.849829378504,50.9384275722784,4.26625041326387
68.656072865183,374.127943855413,4.08501222266537
229.795437198403,414.480199276259,3.8740227219229
427.010193995409,13.6099401040899,3.16059506486377
363.966775275648,290.712996660238,2.98931344635821
603.180801174041,101.873727186749,4.05213539939006
390.938594793987,227.74696788552,4.27254337756514
571.581152613385,417.348773541122,4.70324638160911
137.62318740699,284.072568587273,4.46527962456945
201.113946029647,370.139145145485,4.0094653532216
127.905308522261,407.556084431908,3.24345138086461
626.375282314409,306.788660698092,4.47060774578857
-1.23147899733601,147.450355927991,4.25008352054415
544.308416017177,200.746384290363,4.12490762950854
32.9473403153089,492.184473254525,2.99839670400948
285.928787486525,24.8687783480008,3.92639610752646
534.683027050741,393.602996192549,3.4139927694697
76.7366004194748,84.1342181723817,5.20142089887446
10.182957476109,77.231166192109,3.37194838529029
584.669605629619,226.208436452692,4.01022817862972
438.31286259745,461.853672797864,4.84007441099265
657.083289512009,373.407993996038,2.78753768189635
104.931200715265,484.249312561022,4.35539409984138
622.132128455473,84.7125663866515,4.09701856589847
419.810465445442,260.199509216544,3.7338947548886
13.6085582853761,181.637205564432,3.11919303776633
77.3075504596334,122.040580879897,4.31850515649267
603.973932418858,216.097212581374,4.07298387824405
258.051078551677,223.187167356529,3.76668268780329
577.667036653745,432.379258875778,3.59388075105693
296.682603035315,138.58546654982,3.9106196337597
532.087708479226,460.826558493667,3.48191802682035
45.2030935745256,415.746973009661,3.70961278956202
185.989125231866,294.120435519344,4.13395821960556
550.219164734601,254.941723792104,3.82581065379302
153.439872277399,37.6871494790733,4.10624077922201
501.815495161689,346.156834153664,4.64045022289338
37.2260466546941,61.0711260063368,3.66397750990669
545.951548530794,157.648278400482,4.51481404998369
NA,NA,NA
664.071364154757,330.683742372506,3.43158163857368
457.576671245585,302.59128509392,3.60863232918011
6.83324030782054,493.554148034541,3.81800927439657
560.849829378504,50.9384275722784,4.26625041326387
68.656072865183,374.127943855413,4.08501222266537
229.795437198403,414.480199276259,3.8740227219229
427.010193995409,13.6099401040899,3.16059506486377
363.966775275648,290.712996660238,2.98931344635821
603.180801174041,101.873727186749,4.05213539939006
390.938594793987,227.74696788552,4.27254337756514
571.581152613385,417.348773541122,4.70324638160911
137.62318740699,284.072568587273,4.46527962456945
201.113946029647,370.139145145485,4.0094653532216
127.905308522261,407.556084431908,3.24345138086461
626.375282314409,306.788660698092,4.47060774578857
-1.23147899733601,147.450355927991,4.25008352054415
544.308416017177,200.746384290363,4.12490762950854
32.9473403153089,492.184473254525,2.99839670400948
285.928787486525,24.8687783480008,3.92639610752646
534.683027050741,393.602996192549,3.4139927694697
76.7366004194748,84.1342181723817,5.20142089887446
10.182957476109,77.231166192109,3.37194838529029
584.669605629619,226.208436452692,4.01022817862972
438.31286259745,461.853672797864,4.84007441099265
657.083289512009,373.407993996038,2.78753768189635
104.931200715265,484.249312561022,4.35539409984138
622.132128455473,84.7125663866515,4.09701856589847
419.810465445442,260.199509216544,3.7338947548886
13.6085582853761,181.637205564432,3.11919303776633
77.3075504596334,122.040580879897,4.31850515649267
603.973932418858,216.097212581374,4.07298387824405
258.051078551677,223.187167356529,3.76668268780329
577.667036653745,432.379258875778,3.59388075105693
296.682603035315,138.58546654982,3.9106196337597
532.087708479226,460.826558493667,3.48191802682035
45.2030935745256,415.746973009661,3.70961278956202
185.989125231866,294.120435519344,4.13395821960556
550.219164734601,254.941723792104,3.82581065379302
153.439872277399,37.6871494790733,4.10624077922201
501.815495161689,346.156834153664,4.64045022289338
37.2260466546941,61.0711260063368,3.66397750990669
545.951548530794,157.648278400482,4.51481404998369
NA,NA,NA
658.014925421095,335.876680038991,3.4646847082971
453.739381302084,296.04154755865,3.80270436639941
10.51312066761,496.561125838423,3.72354177161281
553.37868531804,47.1716410356636,4.2492037164322
73.4013758536954,370.531813983159,4.03103826213127
223.214822903826,410.688469029573,3.91153206070548
431.134479634047,12.5992088048208,3.2402412698456
363.179749006645,292.148895094883,2.93338693576424
609.219681149402,107.812185062934,4.20732819535716
391.483471038738,225.077688280331,4.12865633055457
575.159643874147,413.559345076385,4.65580912391528
142.311277194305,290.705310366541,4.5967535482591
199.203456104118,367.732392687688,4.05902038061212
127.716262729035,413.433572489948,3.40585803759975
627.822674890261,310.977086954815,4.57911407358234
2.86639552149556,146.525064725045,4.26111002594887
543.664267708128,204.187381689933,4.22020972298769
34.4810891239609,492.358839927906,3.00858260965253
276.394439450973,25.3857682797163,3.90196674746953
533.58521067488,393.24811181099,3.20484408655181
74.3805253368879,71.2056573749249,5.25136811239557
5.04198727013971,73.2410172914157,3.60237423132138
589.430194311514,225.804381336288,3.96453833576672
442.172100407751,460.364569253842,4.78234172915096
660.220814536066,373.788642629742,3.09772253668921
105.220060582703,489.402594422994,4.35791634365546
622.551113355731,88.0355064169048,4.06327595071776
423.45204018093,260.316749151084,3.63609302981803
9.64174556836468,182.134514407413,3.18804325683783
57.5129916764069,127.987529694149,4.47793140040668
616.663026527195,188.506327308528,4.13425458913027
261.384302991816,210.407016498784,3.97545276057929
577.073237535765,434.611549090525,3.83993328643457
299.37721241803,132.477244984072,3.83651467780957
535.684532593575,453.875009536447,3.73528120321303
49.9274796430055,425.788396242784,3.80246865591513
185.459997653641,287.096549410477,3.99030719514447
548.559634459116,269.493993323329,3.76518139085128
177.430997511033,37.0862370921814,4.65498795986811
496.687534930451,346.673293457358,4.52995580090307
34.1738489281751,42.9877050192842,4.03744477845088
524.325546358181,146.299426615713,4.48769361415956
NA,NA,NA
658.014925421095,335.876680038991,3.4646847082971
453.739381302084,296.04154755865,3.80270436639941
10.51312066761,496.561125838423,3.72354177161281
553.37868531804,47.1716410356636,4.2492037164322
73.4013758536954,370.531813983159,4.03103826213127
223.214822903826,410.688469029573,3.91153206070548
431.134479634047,12.5992088048208,3.2402412698456
363.179749006645,292.148895094883,2.93338693576424
609.219681149402,107.812185062934,4.20732819535716
391.483471038738,225.077688280331,4.12865633055457
575.159643874147,413.559345076385,4.65580912391528
142.311277194305,290.705310366541,4.5967535482591
199.203456104118,367.732392687688,4.05902038061212
127.716262729035,413.433572489948,3.40585803759975
627.822674890261,310.977086954815,4.57911407358234
2.86639552149556,146.525064725045,4.26111002594887
543.664267708128,204.187381689933,4.22020972298769
34.4810891239609,492.358839927906,3.00858260965253
276.394439450973,25.3857682797163,3.90196674746953
533.58521067488,393.24811181099,3.20484408655181
74.3805253368879,71.2056573749249,5.25136811239557
5.04198727013971,73.2410172914157,3.60237423132138
589.430194311514,225.804381336288,3.96453833576672
442.172100407751,460.364569253842,4.78234172915096
660.220814536066,373.788642629742,3.09772253668921
105.220060582703,489.402594422994,4.35791634365546
622.551113355731,88.0355064169048,4.06327595071776
423.45204018093,260.316749151084,3.63609302981803
9.64174556836468,182.134514407413,3.18804325683783
57.5129916764069,127.987529694149,4.47793140040668
616.663026527195,188.506327308528,4.13425458913027
261.384302991816,210.407016498784,3.97545276057929
577.073237535765,434.611549090525,3.83993328643457
299.37721241803,132.477244984072,3.83651467780957
535.684532593575,453.875009536447,3.73528120321303
49.9274796430055,425.788396242784,3.80246865591513
185.459997653641,287.096549410477,3.99030719514447
548.559634459116,269.493993323329,3.76518139085128
177.430997511033,37.0862370921814,4.65498795986811
496.687534930451,346.673293457358,4.52995580090307
34.1738489281751,42.9877050192842,4.03744477845088
524.325546358181,146.299426615713,4.48769361415956
NA,NA,NA
658.014925421095,335.876680038991,3.4646847082971
453.739381302084,296.04154755865,3.80270436639941
10.51312066761,496.561125838423,3.72354177161281
553.37868531804,47.1716410356636,4.2492037164322
73.4013758536954,370.531813983159,4.03103826213127
223.214822903826,410.688469029573,3.91153206070548
431.134479634047,12.5992088048208,3.2402412698456
363.179749006645,292.148895094883,2.93338693576424
609.219681149402,107.812185062934,4.20732819535716
391.483471038738,225.077688280331,4.12865633055457
575.159643874147,413.559345076385,4.65580912391528
142.311277194305,290.705310366541,4.5967535482591
199.203456104118,367.732392687688,4.05902038061212
127.716262729035,413.433572489948,3.40585803759975
627.822674890261,310.977086954815,4.57911407358234
2.86639552149556,146.525064725045,4.26111002594887
543.664267708128,204.187381689933,4.22020972298769
34.4810891239609,492.358839927906,3.00858260965253
276.394439450973,25.3857682797163,3.90196674746953
533.58521067488,393.24811181099,3.20484408655181
74.3805253368879,71.2056573749249,5.25136811239557
5.04198727013971,73.2410172914157,3.60237423132138
589.430194311514,225.804381336288,3.96453833576672
442.172100407751,460.364569253842,4.78234172915096
660.220814536066,373.788642629742,3.09772253668921
105.220060582703,489.402594422994,4.35791634365546
622.551113355731,88.0355064169048,4.06327595071776
423.45204018093,260.316749151084,3.63609302981803
9.64174556836468,182.134514407413,3.18804325683783
57.5129916764069,127.987529694149,4.47793140040668
616.663026527195,188.506327308528,4.13425458913027
261.384302991816,210.407016498784,3.97545276057929
577.073237535765,434.611549090525,3.83993328643457
299.37721241803,132.477244984072,3.83651467780957
535.684532593575,453.875009536447,3.73528120321303
49.9274796430055,425.788396242784,3.80246865591513
185.459997653641,287.096549410477,3.99030719514447
548.559634459116,269.493993323329,3.76518139085128
177.430997511033,37.0862370921814,4.65498795986811
496.687534930451,346.673293457358,4.52995580090307
34.1738489281751,42.9877050192842,4.03744477845088
524.325546358181,146.299426615713,4.48769361415956
NA,NA,NA
658.014925421095,335.876680038991,3.4646847082971
453.739381302084,296.04154755865,3.80270436639941
10.51312066761,496.561125838423,3.72354177161281
553.37868531804,47.1716410356636,4.2492037164322
73.4013758536954,370.531813983159,4.03103826213127
223.214822903826,410.688469029573,3.91153206070548
431.134479634047,12.5992088048208,3.2402412698456
363.179749006645,292.148895094883,2.93338693576424
609.219681149402,107.812185062934,4.20732819535716
391.483471038738,225.077688280331,4.12865633055457
575.159643874147,413.559345076385,4.65580912391528
142.311277194305,290.705310366541,4.5967535482591
199.203456104118,367.732392687688,4.05902038061212
127.716262729035,413.433572489948,3.40585803759975
627.822674890261,310.977086954815,4.57911407358234
2.86639552149556,146.525064725045,4.26111002594887
543.664267708128,204.187381689933,4.22020972298769
34.4810891239609,492.358839927906,3.00858260965253
276.394439450973,25.3857682797163,3.90196674746953
533.58521067488,393.24811181099,3.20484408655181
74.3805253368879,71.2056573749249,5.25136811239557
5.04198727013971,73.2410172914157,3.60237423132138
589.430194311514,225.804381336288,3.96453833576672
442.172100407751,460.364569253842,4.78234172915096
660.220814536066,373.788642629742,3.09772253668921
105.220060582703,489.402594422994,4.35791634365546
622.551113355731,88.0355064169048,4.06327595071776
423.45204018093,260.316749151084,3.63609302981803
9.64174556836468,182.134514407413,3.18804325683783
57.5129916764069,127.987529694149,4.47793140040668
616.663026527195,188.506327308528,4.13425458913027
261.384302991816,210.407016498784,3.97545276057929
577.073237535765,434.611549090525,3.83993328643457
299.37721241803,132.477244984072,3.83651467780957
535.684532593575,453.875009536447,3.73528120321303
49.9274796430055,425.788396242784,3.80246865591513
185.459997653641,287.096549410477,3.99030719514447
548.559634459116,269.493993323329,3.76518139085128
177.430997511033,37.0862370921814,4.65498795986811
496.687534930451,346.673293457358,4.52995580090307
34.1738489281751,42.9877050192842,4.03744477845088
524.325546358181,146.299426615713,4.48769361415956
NA,NA,NA
658.014925421095,335.876680038991,3.4646847082971
453.739381302084,296.04154755865,3.80270436639941
10.51312066761,496.561125838423,3.72354177161281
553.37868531804,47.1716410356636,4.2492037164322
73.4013758536954,370.531813983159,4.03103826213127
223.214822903826,410.688469029573,3.91153206070548
431.134479634047,12.5992088048208,3.2402412698456
363.179749006645,292.148895094883,2.93338693576424
609.219681149402,107.812185062934,4.20732819535716
391.483471038738,225.077688280331,4.12865633055457
575.159643874147,413.559345076385,4.65580912391528
142.311277194305,290.705310366541,4.5967535482591
199.203456104118,367.732392687688,4.05902038061212
127.716262729035,413.433572489948,3.40585803759975
627.822674890261,310.977086954815,4.57911407358234
2.86639552149556,146.525064725045,4.26111002594887
543.664267708128,204.187381689933,4.22020972298769
34.4810891239609,492.358839927906,3.00858260965253
276.394439450973,25.3857682797163,3.90196674746953
533.58521067488,393.24811181099,3.20484408655181
74.3805253368879,71.2056573749249,5.25136811239557
5.04198727013971,73.2410172914157,3.60237423132138
589.430194311514,225.804381336288,3.96453833576672
442.172100407751,460.364569253842,4.78234172915096
660.220814536066,373.788642629742,3.09772253668921
105.220060582703,489.402594422994,4.35791634365546
622.551113355731,88.0355064169048,4.06327595071776
423.45204018093,260.316749151084,3.63609302981803
9.64174556836468,182.134514407413,3.18804325683783
57.5129916764069,127.987529694149,4.47793140040668
616.663026527195,188.506327308528,4.13425458913027
261.384302991816,210.407016498784,3.97545276057929
577.073237535765,434.611549090525,3.83993328643457
299.37721241803,132.477244984072,3.83651467780957
535.684532593575,453.875009536447,3.73528120321303
49.9274796430055,425.788396242784,3.80246865591513
185.459997653641,287.096549410477,3.99030719514447
548.559634459116,269.493993323329,3.76518139085128
177.430997511033,37.0862370921814,4.65498795986811
496.687534930451,346.673293457358,4.52995580090307
34.1738489281751,42.9877050192842,4.03744477845088
524.325546358181,146.299426615713,4.48769361415956
NA,NA,NA
658.014925421095,335.876680038991,3.4646847082971
453.739381302084,296.04154755865,3.80270436639941
10.51312066761,496.561125838423,3.72354177161281
553.37868531804,47.1716410356636,4.2492037164322
73.4013758536954,370.531813983159,4.03103826213127
223.214822903826,410.688469029573,3.91153206070548
431.134479634047,12.5992088048208,3.2402412698456
363.179749006645,292.148895094883,2.93338693576424
609.219681149402,107.812185062934,4.20732819535716
391.483471038738,225.077688280331,4.12865633055457
575.159643874147,413.559345076385,4.65580912391528
142.311277194305,290.705310366541,4.5967535482591
199.203456104118,367.732392687688,4.05902038061212
127.716262729035,413.433572489948,3.40585803759975
627.822674890261,310.977086954815,4.57911407358234
2.86639552149556,146.525064725045,4.26111002594887
543.664267708128,204.187381689933,4.22020972298769
34.4810891239609,492.358839927906,3.00858260965253
276.394439450973,25.3857682797163,3.90196674746953
533.58521067488,393.24811181099,3.20484408655181
74.3805253368879,71.2056573749249,5.25136811239557
5.04198727013971,73.2410172914157,3.60237423132138
589.430194311514,225.804381336288,3.96453833576672
442.172100407751,460.364569253842,4.78234172915096
660.220814536066,373.788642629742,3.09772253668921
105.220060582703,489.402594422994,4.35791634365546
622.551113355731,88.0355064169048,4.06327595071776
423.45204018093,260.316749151084,3.63609302981803
9.64174556836468,182.134514407413,3.18804325683783
57.5129916764069,127.987529694149,4.47793140040668
616.663026527195,188.506327308528,4.13425458913027
261.384302991816,210.407016498784,3.97545276057929
577.073237535765,434.611549090525,3.83993328643457
299.37721241803,132.477244984072,3.83651467780957
535.684532593575,453.875009536447,3.73528120321303
49.9274796430055,425.788396242784,3.80246865591513
185.459997653641,287.096549410477,3.99030719514447
548.559634459116,269.493993323329,3.76518139085128
177.430997511033,37.0862370921814,4.65498795986811
496.687534930451,346.673293457358,4.52995580090307
34.1738489281751,42.9877050192842,4.03744477845088
524.325546358181,146.299426615713,4.48769361415956
NA,NA,NA
659.507803322911,333.892284198588,3.51893329034742
454.27762442121,296.934211013647,3.63158429619948
10.351040847003,494.805113426167,3.57729439861841
560.169811918815,56.1042947955525,4.23606577010427
73.29865402611,373.916529360365,3.99304446791442
225.869391962642,413.405745753972,3.89102999379051
427.512155579993,12.6389508632337,3.32477138077647
360.567938700467,293.971619072795,3.03611022746267
607.977897988174,105.144670565506,4.32942958831493
394.196338426552,225.700172167283,4.15043698369071
564.866865225528,412.077703056968,4.75018304237526
141.351158262363,287.299007117432,4.46095454838187
195.097958382527,368.104949554123,3.97346926970898
122.280069695432,411.224875752397,3.37522275157296
625.958979303123,307.482481496319,4.56163838592046
3.61469985167634,146.60133222039,4.16191823070312
544.706422195973,202.059270070555,4.10675224903451
33.6172625936605,493.127609217422,2.97103569850743
276.975827212158,21.8149991293655,3.92068060788238
533.519890764659,392.686799328951,3.38083027082342
76.4781512750984,75.6185134140882,5.21663697141989
7.17647329650085,75.8845199851545,3.53646274484204
589.194269183346,228.073842018231,4.08580044193743
433.790588802798,458.833346168508,4.79578014012404
658.257101167133,372.465292420158,3.0408356804039
105.187818104433,485.409670647811,4.43771216594147
623.199798170878,97.0974856328709,4.05411732179596
421.073779181027,256.854505975135,3.56497615895399
8.98292117168692,179.441627543812,3.36053949767363
63.2229243749226,117.556122151481,4.52731761964044
604.798951956304,209.422434264083,3.83531461054814
249.545383101973,210.839813634777,3.93060876325481
570.619523760253,432.108369984102,3.74953746397798
301.402648650476,138.305559009001,3.89350854295448
531.348339543153,462.081270958931,3.32022369968546
47.5251818739454,413.064448181704,3.96593549529574
197.718842893035,292.165529614491,4.15668409150993
554.487155040038,268.731942703198,3.81376148761754
162.53970123538,30.0520841175054,4.27244653652035
506.504543202923,345.620084513995,4.49257444853462
49.6608417758943,40.7121485824129,3.64605345572044
516.019570584916,158.963678512017,5.1170542252729
NA,NA,NA
659.507803322911,333.892284198588,3.51893329034742
454.27762442121,296.934211013647,3.63158429619948
10.351040847003,494.805113426167,3.57729439861841
560.169811918815,56.1042947955525,4.23606577010427
73.29865402611,373.916529360365,3.99304446791442
225.869391962642,413.405745753972,3.89102999379051
427.512155579993,12.6389508632337,3.32477138077647
360.567938700467,293.971619072795,3.03611022746267
607.977897988174,105.144670565506,4.32942958831493
394.196338426552,225.700172167283,4.15043698369071
564.866865225528,412.077703056968,4.75018304237526
141.351158262363,287.299007117432,4.46095454838187
195.097958382527,368.104949554123,3.97346926970898
122.280069695432,411.224875752397,3.37522275157296
625.958979303123,307.482481496319,4.56163838592046
3.61469985167634,146.60133222039,4.16191823070312
544.706422195973,202.059270070555,4.10675224903451
33.6172625936605,493.127609217422,2.97103569850743
276.975827212158,21.8149991293655,3.92068060788238
533.519890764659,392.686799328951,3.38083027082342
76.4781512750984,75.6185134140882,5.21663697141989
7.17647329650085,75.8845199851545,3.53646274484204
589.194269183346,228.073842018231,4.08580044193743
433.790588802798,458.833346168508,4.79578014012404
658.257101167133,372.465292420158,3.0408356804039
105.187818104433,485.409670647811,4.43771216594147
623.199798170878,97.0974856328709,4.05411732179596
421.073779181027,256.854505975135,3.56497615895399
8.98292117168692,179.441627543812,3.36053949767363
63.2229243749226,117.556122151481,4.52731761964044
604.798951956304,209.422434264083,3.83531461054814
249.545383101973,210.839813634777,3.93060876325481
570.619523760253,432.108369984102,3.74953746397798
301.402648650476,138.305559009001,3.89350854295448
531.348339543153,462.081270958931,3.32022369968546
47.5251818739454,413.064448181704,3.96593549529574
197.718842893035,292.165529614491,4.15668409150993
554.487155040038,268.731942703198,3.81376148761754
162.53970123538,30.0520841175054,4.27244653652035
506.504543202923,345.620084513995,4.49257444853462
49.6608417758943,40.7121485824129,3.64605345572044
516.019570584916,158.963678512017,5.1170542252729
NA,NA,NA
659.507803322911,333.892284198588,3.51893329034742
454.27762442121,296.934211013647,3.63158429619948
10.351040847003,494.805113426167,3.57729439861841
560.169811918815,56.1042947955525,4.23606577010427
73.29865402611,373.916529360365,3.99304446791442
225.869391962642,413.405745753972,3.89102999379051
427.512155579993,12.6389508632337,3.32477138077647
360.567938700467,293.971619072795,3.03611022746267
607.977897988174,105.144670565506,4.32942958831493
394.196338426552,225.700172167283,4.15043698369071
564.866865225528,412.077703056968,4.75018304237526
141.351158262363,287.299007117432,4.46095454838187
195.097958382527,368.104949554123,3.97346926970898
122.280069695432,411.224875752397,3.37522275157296
625.958979303123,307.482481496319,4.56163838592046
3.61469985167634,146.60133222039,4.16191823070312
544.706422195973,202.059270070555,4.10675224903451
33.6172625936605,493.127609217422,2.97103569850743
276.975827212158,21.8149991293655,3.92068060788238
533.519890764659,392.686799328951,3.38083027082342
76.4781512750984,75.6185134140882,5.21663697141989
7.17647329650085,75.8845199851545,3.53646274484204
589.194269183346,228.073842018231,4.08580044193743
433.790588802798,458.833346168508,4.79578014012404
658.257101167133,372.465292420158,3.0408356804039
105.187818104433,485.409670647811,4.43771216594147
623.199798170878,97.0974856328709,4.05411732179596
421.073779181027,256.854505975135,3.56497615895399
8.98292117168692,179.441627543812,3.36053949767363
63.2229243749226,117.556122151481,4.52731761964044
604.798951956304,209.422434264083,3.83531461054814
249.545383101973,210.839813634777,3.93060876325481
570.619523760253,432.108369984102,3.74953746397798
301.402648650476,138.305559009001,3.89350854295448
531.348339543153,462.081270958931,3.32022369968546
47.5251818739454,413.064448181704,3.96593549529574
197.718842893035,292.165529614491,4.15668409150993
554.487155040038,268.731942703198,3.81376148761754
162.53970123538,30.0520841175054,4.27244653652035
506.504543202923,345.620084513995,4.49257444853462
49.6608417758943,40.7121485824129,3.64605345572044
516.019570584916,158.963678512017,5.1170542252729
NA,NA,NA
659.507803322911,333.892284198588,3.51893329034742
454.27762442121,296.934211013647,3.63158429619948
10.351040847003,494.805113426167,3.57729439861841
560.169811918815,56.1042947955525,4.23606577010427
73.29865402611,373.916529360365,3.99304446791442
225.869391962642,413.405745753972,3.89102999379051
427.512155579993,12.6389508632337,3.32477138077647
360.567938700467,293.971619072795,3.03611022746267
607.977897988174,105.144670565506,4.32942958831493
394.196338426552,225.700172167283,4.15043698369071
564.866865225528,412.077703056968,4.75018304237526
141.351158262363,287.299007117432,4.46095454838187
195.097958382527,368.104949554123,3.97346926970898
122.280069695432,411.224875752397,3.37522275157296
625.958979303123,307.482481496319,4.56163838592046
3.61469985167634,146.60133222039,4.16191823070312
544.706422195973,202.059270070555,4.10675224903451
33.6172625936605,493.127609217422,2.97103569850743
276.975827212158,21.8149991293655,3.92068060788238
533.519890764659,392.686799328951,3.38083027082342
76.4781512750984,75.6185134140882,5.21663697141989
7.17647329650085,75.8845199851545,3.53646274484204
589.194269183346,228.073842018231,4.08580044193743
433.790588802798,458.833346168508,4.79578014012404
658.257101167133,372.465292420158,3.0408356804039
105.187818104433,485.409670647811,4.43771216594147
623.199798170878,97.0974856328709,4.05411732179596
421.073779181027,256.854505975135,3.56497615895399
8.98292117168692,179.441627543812,3.36053949767363
63.2229243749226,117.556122151481,4.52731761964044
604.798951956304,209.422434264083,3.83531461054814
249.545383101973,210.839813634777,3.93060876325481
570.619523760253,432.108369984102,3.74953746397798
301.402648650476,138.305559009001,3.89350854295448
531.348339543153,462.081270958931,3.32022369968546
47.5251818739454,413.064448181704,3.96593549529574
197.718842893035,292.165529614491,4.15668409150993
554.487155040038,268.731942703198,3.81376148761754
162.53970123538,30.0520841175054,4.27244653652035
506.504543202923,345.620084513995,4.49257444853462
49.6608417758943,40.7121485824129,3.64605345572044
516.019570584916,158.963678512017,5.1170542252729
NA,NA,NA
659.507803322911,333.892284198588,3.51893329034742
454.27762442121,296.934211013647,3.63158429619948
10.351040847003,494.805113426167,3.57729439861841
560.169811918815,56.1042947955525,4.23606577010427
73.29865402611,373.916529360365,3.99304446791442
225.869391962642,413.405745753972,3.89102999379051
427.512155579993,12.6389508632337,3.32477138077647
360.567938700467,293.971619072795,3.03611022746267
607.977897988174,105.144670565506,4.32942958831493
394.196338426552,225.700172167283,4.15043698369071
564.866865225528,412.077703056968,4.75018304237526
141.351158262363,287.299007117432,4.46095454838187
195.097958382527,368.104949554123,3.97346926970898
122.280069695432,411.224875752397,3.37522275157296
625.958979303123,307.482481496319,4.56163838592046
3.61469985167634,146.60133222039,4.16191823070312
544.706422195973,202.059270070555,4.10675224903451
33.6172625936605,493.127609217422,2.97103569850743
276.975827212158,21.8149991293655,3.92068060788238
533.519890764659,392.686799328951,3.38083027082342
76.4781512750984,75.6185134140882,5.21663697141989
7.17647329650085,75.8845199851545,3.53646274484204
589.194269183346,228.073842018231,4.08580044193743
433.790588802798,458.833346168508,4.79578014012404
658.257101167133,372.465292420158,3.0408356804039
105.187818104433,485.409670647811,4.43771216594147
623.199798170878,97.0974856328709,4.05411732179596
421.073779181027,256.854505975135,3.56497615895399
8.98292117168692,179.441627543812,3.36053949767363
63.2229243749226,117.556122151481,4.52731761964044
604.798951956304,209.422434264083,3.83531461054814
249.545383101973,210.839813634777,3.93060876325481
570.619523760253,432.108369984102,3.74953746397798
301.402648650476,138.305559009001,3.89350854295448
531.348339543153,462.081270958931,3.32022369968546
47.5251818739454,413.064448181704,3.96593549529574
197.718842893035,292.165529614491,4.15668409150993
554.487155040038,268.731942703198,3.81376148761754
162.53970123538,30.0520841175054,4.27244653652035
506.504543202923,345.620084513995,4.49257444853462
49.6608417758943,40.7121485824129,3.64605345572044
516.019570584916,158.963678512017,5.1170542252729
NA,NA,NA
659.507803322911,333.892284198588,3.51893329034742
454.27762442121,296.934211013647,3.63158429619948
10.351040847003,494.805113426167,3.57729439861841
560.169811918815,56.1042947955525,4.23606577010427
73.29865402611,373.916529360365,3.99304446791442
225.869391962642,413.405745753972,3.89102999379051
427.512155579993,12.6389508632337,3.32477138077647
360.567938700467,293.971619072795,3.03611022746267
607.977897988174,105.144670565506,4.32942958831493
394.196338426552,225.700172167283,4.15043698369071
564.866865225528,412.077703056968,4.75018304237526
141.351158262363,287.299007117432,4.46095454838187
195.097958382527,368.104949554123,3.97346926970898
122.280069695432,411.224875752397,3.37522275157296
625.958979303123,307.482481496319,4.56163838592046
3.61469985167634,146.60133222039,4.16191823070312
544.706422195973,202.059270070555,4.10675224903451
33.6172625936605,493.127609217422,2.97103569850743
276.975827212158,21.8149991293655,3.92068060788238
533.519890764659,392.686799328951,3.38083027082342
76.4781512750984,75.6185134140882,5.21663697141989
7.17647329650085,75.8845199851545,3.53646274484204
589.194269183346,228.073842018231,4.08580044193743
433.790588802798,458.833346168508,4.79578014012404
658.257101167133,372.465292420158,3.0408356804039
105.187818104433,485.409670647811,4.43771216594147
623.199798170878,97.0974856328709,4.05411732179596
421.073779181027,256.854505975135,3.56497615895399
8.98292117168692,179.441627543812,3.36053949767363
63.2229243749226,117.556122151481,4.52731761964044
604.798951956304,209.422434264083,3.83531461054814
249.545383101973,210.839813634777,3.93060876325481
570.619523760253,432.108369984102,3.74953746397798
301.402648650476,138.305559009001,3.89350854295448
531.348339543153,462.081270958931,3.32022369968546
47.5251818739454,413.064448181704,3.96593549529574
197.718842893035,292.165529614491,4.15668409150993
554.487155040038,268.731942703198,3.81376148761754
162.53970123538,30.0520841175054,4.27244653652035
506.504543202923,345.620084513995,4.49257444853462
49.6608417758943,40.7121485824129,3.64605345572044
516.019570584916,158.963678512017,5.1170542252729
NA,NA,NA
662.126183518515,338.554032528187,3.54412847739985
457.178833790245,298.17278091003,3.75696582304958
12.2744011295766,492.36475326362,3.51209240505586
561.513142970678,46.9666769147684,4.02453652891344
72.410372941607,373.674917166402,4.03093143579497
229.880799332494,406.732685748456,3.891227904917
427.99859115173,12.7511617530509,3.5568895984465
362.007223116271,295.025661076776,2.95773455303498
608.058461230885,99.4155557040088,4.2008104294098
385.971077943245,230.177375644537,4.17532540067728
574.160609251106,412.766340678752,4.68171374067256
141.0316659138,281.347056703327,4.60510766434117
195.537999282966,367.346779193598,4.08096014312022
127.159631494562,411.135538464537,3.34603019988357
628.93293241922,313.233372137777,4.60356622396135
6.79779093735358,149.278349349787,4.23599636800908
539.704079145704,199.048131182444,4.21907926713341
33.084205041051,492.85923001195,3.0449500195964
279.901114093647,23.0694718852016,3.8262334376526
535.198912073664,390.468738834521,3.3431273210527
73.3276856132318,83.9617464561739,5.24303496047345
3.89527569239588,76.8835915227104,3.40662996554876
584.272183354615,227.390652751543,3.94286134639174
443.652469411207,457.598807585067,4.82934401010216
661.427033630925,371.745708800576,3.08208022722472
105.036364210405,489.589722818005,4.39533391167568
626.386746724141,92.4231551418664,4.04307335668158
421.489854392504,255.299746065739,3.51697974744204
14.1613499973909,179.30286235617,3.36404212006033
75.6818866857704,108.129388996232,4.33081732829743
623.508572589966,203.428960467032,4.22907905471358
260.295780327377,216.942994457351,3.76278746771582
575.444654901822,426.053884266682,3.9214035915617
303.580293840752,139.068762834737,4.00465262836323
529.892625221948,456.451977692409,3.7956211309521
37.341234244728,415.190226394984,3.86600839427123
189.643251709966,282.128572066112,4.1611445706187
556.206170538949,260.304928333724,3.828426476598
153.901284037552,29.7093334665921,4.19298909237985
498.167953884102,338.053105517422,4.55376601046429
37.7753915370531,47.4015135601155,3.9590156836716
526.580166828005,147.8739453399,4.27866532335088
NA,NA,NA
662.126183518515,338.554032528187,3.54412847739985
457.178833790245,298.17278091003,3.75696582304958
12.2744011295766,492.36475326362,3.51209240505586
561.513142970678,46.9666769147684,4.02453652891344
72.410372941607,373.674917166402,4.03093143579497
229.880799332494,406.732685748456,3.891227904917
427.99859115173,12.7511617530509,3.5568895984465
362.007223116271,295.025661076776,2.95773455303498
608.058461230885,99.4155557040088,4.2008104294098
385.971077943245,230.177375644537,4.17532540067728
574.160609251106,412.766340678752,4.68171374067256
141.0316659138,281.347056703327,4.60510766434117
195.537999282966,367.346779193598,4.08096014312022
127.159631494562,411.135538464537,3.34603019988357
628.93293241922,313.233372137777,4.60356622396135
6.79779093735358,149.278349349787,4.23599636800908
539.704079145704,199.048131182444,4.21907926713341
33.084205041051,492.85923001195,3.0449500195964
279.901114093647,23.0694718852016,3.8262334376526
535.198912073664,390.468738834521,3.3431273210527
73.3276856132318,83.9617464561739,5.24303496047345
3.89527569239588,76.8835915227104,3.40662996554876
584.272183354615,227.390652751543,3.94286134639174
443.652469411207,457.598807585067,4.82934401010216
661.427033630925,371.745708800576,3.08208022722472
105.036364210405,489.589722818005,4.39533391167568
626.386746724141,92.4231551418664,4.04307335668158
421.489854392504,255.299746065739,3.51697974744204
14.1613499973909,179.30286235617,3.36404212006033
75.6818866857704,108.129388996232,4.33081732829743
623.508572589966,203.428960467032,4.22907905471358
260.295780327377,216.942994457351,3.76278746771582
575.444654901822,426.053884266682,3.9214035915617
303.580293840752,139.068762834737,4.00465262836323
529.892625221948,456.451977692409,3.7956211309521
37.341234244728,415.190226394984,3.86600839427123
189.643251709966,282.128572066112,4.1611445706187
556.206170538949,260.304928333724,3.828426476598
153.901284037552,29.7093334665921,4.19298909237985
498.167953884102,338.053105517422,4.55376601046429
37.7753915370531,47.4015135601155,3.9590156836716
526.580166828005,147.8739453399,4.27866532335088
NA,NA,NA
662.126183518515,338.554032528187,3.54412847739985
457.178833790245,298.17278091003,3.75696582304958
12.2744011295766,492.36475326362,3.51209240505586
561.513142970678,46.9666769147684,4.02453652891344
72.410372941607,373.674917166402,4.03093143579497
229.880799332494,406.732685748456,3.891227904917
427.99859115173,12.7511617530509,3.5568895984465
362.007223116271,295.025661076776,2.95773455303498
608.058461230885,99.4155557040088,4.2008104294098
385.971077943245,230.177375644537,4.17532540067728
574.160609251106,412.766340678752,4.68171374067256
141.0316659138,281.347056703327,4.60510766434117
195.537999282966,367.346779193598,4.08096014312022
127.159631494562,411.135538464537,3.34603019988357
628.93293241922,313.233372137777,4.60356622396135
6.79779093735358,149.278349349787,4.23599636800908
539.704079145704,199.048131182444,4.21907926713341
33.084205041051,492.85923001195,3.0449500195964
279.901114093647,23.0694718852016,3.8262334376526
535.198912073664,390.468738834521,3.3431273210527
73.3276856132318,83.9617464561739,5.24303496047345
3.89527569239588,76.8835915227104,3.40662996554876
584.272183354615,227.390652751543,3.94286134639174
443.652469411207,457.598807585067,4.82934401010216
661.427033630925,371.745708800576,3.08208022722472
105.036364210405,489.589722818005,4.39533391167568
626.386746724141,92.4231551418664,4.04307335668158
421.489854392504,255.299746065739,3.51697974744204
14.1613499973909,179.30286235617,3.36404212006033
75.6818866857704,108.129388996232,4.33081732829743
623.508572589966,203.428960467032,4.22907905471358
260.295780327377,216.942994457351,3.76278746771582
575.444654901822,426.053884266682,3.9214035915617
303.580293840752,139.068762834737,4.00465262836323
529.892625221948,456.451977692409,3.7956211309521
37.341234244728,415.190226394984,3.86600839427123
189.643251709966,282.128572066112,4.1611445706187
556.206170538949,260.304928333724,3.828426476598
153.901284037552,29.7093334665921,4.19298909237985
498.167953884102,338.053105517422,4.55376601046429
37.7753915370531,47.4015135601155,3.9590156836716
526.580166828005,147.8739453399,4.27866532335088
NA,NA,NA
662.126183518515,338.554032528187,3.54412847739985
457.178833790245,298.17278091003,3.75696582304958
12.2744011295766,492.36475326362,3.51209240505586
561.513142970678,46.9666769147684,4.02453652891344
72.410372941607,373.674917166402,4.03093143579497
229.880799332494,406.732685748456,3.891227904917
427.99859115173,12.7511617530509,3.5568895984465
362.007223116271,295.025661076776,2.95773455303498
608.058461230885,99.4155557040088,4.2008104294098
385.971077943245,230.177375644537,4.17532540067728
574.160609251106,412.766340678752,4.68171374067256
141.0316659138,281.347056703327,4.60510766434117
195.537999282966,367.346779193598,4.08096014312022
127.159631494562,411.135538464537,3.34603019988357
628.93293241922,313.233372137777,4.60356622396135
6.79779093735358,149.278349349787,4.23599636800908
539.704079145704,199.048131182444,4.21907926713341
33.084205041051,492.85923001195,3.0449500195964
279.901114093647,23.0694718852016,3.8262334376526
535.198912073664,390.468738834521,3.3431273210527
73.3276856132318,83.9617464561739,5.24303496047345
3.89527569239588,76.8835915227104,3.40662996554876
584.272183354615,227.390652751543,3.94286134639174
443.652469411207,457.598807585067,4.82934401010216
661.427033630925,371.745708800576,3.08208022722472
105.036364210405,489.589722818005,4.39533391167568
626.386746724141,92.4231551418664,4.04307335668158
421.489854392504,255.299746065739,3.51697974744204
14.1613499973909,179.30286235617,3.36404212006033
75.6818866857704,108.129388996232,4.33081732829743
623.508572589966,203.428960467032,4.22907905471358
260.295780327377,216.942994457351,3.76278746771582
575.444654901822,426.053884266682,3.9214035915617
303.580293840752,139.068762834737,4.00465262836323
529.892625221948,456.451977692409,3.7956211309521
37.341234244728,415.190226394984,3.86600839427123
189.643251709966,282.128572066112,4.1611445706187
556.206170538949,260.304928333724,3.828426476598
153.901284037552,29.7093334665921,4.19298909237985
498.167953884102,338.053105517422,4.55376601046429
37.7753915370531,47.4015135601155,3.9590156836716
526.580166828005,147.8739453399,4.27866532335088
NA,NA,NA
662.126183518515,338.554032528187,3.54412847739985
457.178833790245,298.17278091003,3.75696582304958
12.2744011295766,492.36475326362,3.51209240505586
561.513142970678,46.9666769147684,4.02453652891344
72.410372941607,373.674917166402,4.03093143579497
229.880799332494,406.732685748456,3.891227904917
427.99859115173,12.7511617530509,3.5568895984465
362.007223116271,295.025661076776,2.95773455303498
608.058461230885,99.4155557040088,4.2008104294098
385.971077943245,230.177375644537,4.17532540067728
574.160609251106,412.766340678752,4.68171374067256
141.0316659138,281.347056703327,4.60510766434117
195.537999282966,367.346779193598,4.08096014312022
127.159631494562,411.135538464537,3.34603019988357
628.93293241922,313.233372137777,4.60356622396135
6.79779093735358,149.278349349787,4.23599636800908
539.704079145704,199.048131182444,4.21907926713341
33.084205041051,492.85923001195,3.0449500195964
279.901114093647,23.0694718852016,3.8262334376526
535.198912073664,390.468738834521,3.3431273210527
73.3276856132318,83.9617464561739,5.24303496047345
3.89527569239588,76.8835915227104,3.40662996554876
584.272183354615,227.390652751543,3.94286134639174
443.652469411207,457.598807585067,4.82934401010216
661.427033630925,371.745708800576,3.08208022722472
105.036364210405,489.589722818005,4.39533391167568
626.386746724141,92.4231551418664,4.04307335668158
421.489854392504,255.299746065739,3.51697974744204
14.1613499973909,179.30286235617,3.36404212006033
75.6818866857704,108.129388996232,4.33081732829743
623.508572589966,203.428960467032,4.22907905471358
260.295780327377,216.942994457351,3.76278746771582
575.444654901822,426.053884266682,3.9214035915617
303.580293840752,139.068762834737,4.00465262836323
529.892625221948,456.451977692409,3.7956211309521
37.341234244728,415.190226394984,3.86600839427123
189.643251709966,282.128572066112,4.1611445706187
556.206170538949,260.304928333724,3.828426476598
153.901284037552,29.7093334665921,4.19298909237985
498.167953884102,338.053105517422,4.55376601046429
37.7753915370531,47.4015135601155,3.9590156836716
526.580166828005,147.8739453399,4.27866532335088
NA,NA,NA
662.126183518515,338.554032528187,3.54412847739985
457.178833790245,298.17278091003,3.75696582304958
12.2744011295766,492.36475326362,3.51209240505586
561.513142970678,46.9666769147684,4.02453652891344
72.410372941607,373.674917166402,4.03093143579497
229.880799332494,406.732685748456,3.891227904917
427.99859115173,12.7511617530509,3.5568895984465
362.007223116271,295.025661076776,2.95773455303498
608.058461230885,99.4155557040088,4.2008104294098
385.971077943245,230.177375644537,4.17532540067728
574.160609251106,412.766340678752,4.68171374067256
141.0316659138,281.347056703327,4.60510766434117
195.537999282966,367.346779193598,4.08096014312022
127.159631494562,411.135538464537,3.34603019988357
628.93293241922,313.233372137777,4.60356622396135
6.79779093735358,149.278349349787,4.23599636800908
539.704079145704,199.048131182444,4.21907926713341
33.084205041051,492.85923001195,3.0449500195964
279.901114093647,23.0694718852016,3.8262334376526
535.198912073664,390.468738834521,3.3431273210527
73.3276856132318,83.9617464561739,5.24303496047345
3.89527569239588,76.8835915227104,3.40662996554876
584.272183354615,227.390652751543,3.94286134639174
443.652469411207,457.598807585067,4.82934401010216
661.427033630925,371.745708800576,3.08208022722472
105.036364210405,489.589722818005,4.39533391167568
626.386746724141,92.4231551418664,4.04307335668158
421.489854392504,255.299746065739,3.51697974744204
14.1613499973909,179.30286235617,3.36404212006033
75.6818866857704,108.129388996232,4.33081732829743
623.508572589966,203.428960467032,4.22907905471358
260.295780327377,216.942994457351,3.76278746771582
575.444654901822,426.053884266682,3.9214035915617
303.580293840752,139.068762834737,4.00465262836323
529.892625221948,456.451977692409,3.7956211309521
37.341234244728,415.190226394984,3.86600839427123
189.643251709966,282.128572066112,4.1611445706187
556.206170538949,260.304928333724,3.828426476598
153.901284037552,29.7093334665921,4.19298909237985
498.167953884102,338.053105517422,4.55376601046429
37.7753915370531,47.4015135601155,3.9590156836716
526.580166828005,147.8739453399,4.27866532335088
NA,NA,NA
663.204966604858,331.208231478656,3.57086765745482
455.324016121599,302.955822124124,3.73758217833882
9.74117966324815,497.054547741239,3.49527787106994
558.916149703503,52.874894988846,4.28850591741981
72.7740970091779,375.848444155165,4.09682715921033
226.553716228761,415.152759853849,3.81315146762932
429.155179792663,13.9938684630174,3.40251758198749
362.404290518687,293.767792489106,2.98979033483619
604.208060349234,100.843065930521,4.32582043869389
393.545724745711,227.411091013147,4.45817857092895
566.11951179121,413.396207728022,4.80658618331276
142.981377510424,273.437421766391,4.44383364628868
195.302579656644,367.718916654938,3.98430113547238
127.992053201925,413.617769577096,3.49249850476971
630.310160629826,314.110760467269,4.40962454712942
-0.295632372092056,149.883507977056,4.19467503665943
544.906630478003,200.869208777281,4.10594416149355
34.1154629228917,489.864826947494,3.02893780869164
281.467423727499,22.7356191057713,3.79398480252357
535.286688165369,391.60735554088,3.6408038018155
77.7189887955762,84.7442292318595,5.26817505750939
5.86413085948919,76.2988543821367,3.39627193908078
588.4114559583,231.343306526243,3.97121273514772
438.783624038126,466.762409907916,4.76970333086305
660.103973832124,373.360971909124,3.24858791050973
106.408161373516,483.110112930821,4.38680852975148
623.940453142924,89.5596377546624,4.02864006223953
422.462580443709,260.207392491485,3.68241205067122
11.9160842141728,182.586564541335,3.2544532080778
47.9152402704478,107.565145103052,4.61340682153032
606.016050987409,206.527868778688,4.50326198268611
244.959143723652,217.855945173001,3.78076502913046
563.103917336706,433.190879293021,3.7812521643228
296.923782223515,132.581393624904,3.70120702484169
536.164887069209,460.870367753969,3.48640186167299
44.0393119310051,422.299348254765,3.78511902164691
194.57358287255,288.262017584721,4.25318151699079
543.395522678524,268.948390846294,3.89049018999457
182.221855800871,29.4807465034976,4.51726983652623
499.742405467846,345.610171697287,4.40933157751652
32.3601976526347,37.6565369667594,3.62932870455691
541.686334552327,152.138380936967,4.96028355869524
NA,NA,NA
663.204966604858,331.208231478656,3.57086765745482
455.324016121599,302.955822124124,3.73758217833882
9.74117966324815,497.054547741239,3.49527787106994
558.916149703503,52.874894988846,4.28850591741981
72.7740970091779,375.848444155165,4.09682715921033
226.553716228761,415.152759853849,3.81315146762932
429.155179792663,13.9938684630174,3.40251758198749
362.404290518687,293.767792489106,2.98979033483619
604.208060349234,100.843065930521,4.32582043869389
393.545724745711,227.411091013147,4.45817857092895
566.11951179121,413.396207728022,4.80658618331276
142.981377510424,273.437421766391,4.44383364628868
195.302579656644,367.718916654938,3.98430113547238
127.992053201925,413.617769577096,3.49249850476971
630.310160629826,314.110760467269,4.40962454712942
-0.295632372092056,149.883507977056,4.19467503665943
544.906630478003,200.869208777281,4.10594416149355
34.1154629228917,489.864826947494,3.02893780869164
281.467423727499,22.7356191057713,3.79398480252357
535.286688165369,391.60735554088,3.6408038018155
77.7189887955762,84.7442292318595,5.26817505750939
5.86413085948919,76.2988543821367,3.39627193908078
588.4114559583,231.343306526243,3.97121273514772
438.783624038126,466.762409907916,4.76970333086305
660.103973832124,373.360971909124,3.24858791050973
106.408161373516,483.110112930821,4.38680852975148
623.940453142924,89.5596377546624,4.02864006223953
422.462580443709,260.207392491485,3.68241205067122
11.9160842141728,182.586564541335,3.2544532080778
47.9152402704478,107.565145103052,4.61340682153032
606.016050987409,206.527868778688,4.50326198268611
244.959143723652,217.855945173001,3.78076502913046
563.103917336706,433.190879293021,3.7812521643228
296.923782223515,132.581393624904,3.70120702484169
536.164887069209,460.870367753969,3.48640186167299
44.0393119310051,422.299348254765,3.78511902164691
194.57358287255,288.262017584721,4.25318151699079
543.395522678524,268.948390846294,3.89049018999457
182.221855800871,29.4807465034976,4.51726983652623
499.742405467846,345.610171697287,4.40933157751652
32.3601976526347,37.6565369667594,3.62932870455691
541.686334552327,152.138380936967,4.96028355869524
NA,NA,NA
663.204966604858,331.208231478656,3.57086765745482
455.324016121599,302.955822124124,3.73758217833882
9.74117966324815,497.054547741239,3.49527787106994
558.916149703503,52.874894988846,4.28850591741981
72.7740970091779,375.848444155165,4.09682715921033
226.553716228761,415.152759853849,3.81315146762932
429.155179792663,13.9938684630174,3.40251758198749
362.404290518687,293.767792489106,2.98979033483619
604.208060349234,100.843065930521,4.32582043869389
393.545724745711,227.411091013147,4.45817857092895
566.11951179121,413.396207728022,4.80658618331276
142.981377510424,273.437421766391,4.44383364628868
195.302579656644,367.718916654938,3.98430113547238
127.992053201925,413.617769577096,3.49249850476971
630.310160629826,314.110760467269,4.40962454712942
-0.295632372092056,149.883507977056,4.19467503665943
544.906630478003,200.869208777281,4.10594416149355
34.1154629228917,489.864826947494,3.02893780869164
281.467423727499,22.7356191057713,3.79398480252357
535.286688165369,391.60735554088,3.6408038018155
77.7189887955762,84.7442292318595,5.26817505750939
5.86413085948919,76.2988543821367,3.39627193908078
588.4114559583,231.343306526243,3.97121273514772
438.783624038126,466.762409907916,4.76970333086305
660.103973832124,373.360971909124,3.24858791050973
106.408161373516,483.110112930821,4.38680852975148
623.940453142924,89.5596377546624,4.02864006223953
422.462580443709,260.207392491485,3.68241205067122
11.9160842141728,182.586564541335,3.2544532080778
47.9152402704478,107.565145103052,4.61340682153032
606.016050987409,206.527868778688,4.50326198268611
244.959143723652,217.855945173001,3.78076502913046
563.103917336706,433.190879293021,3.7812521643228
296.923782223515,132.581393624904,3.70120702484169
536.164887069209,460.870367753969,3.48640186167299
44.0393119310051,422.299348254765,3.78511902164691
194.57358287255,288.262017584721,4.25318151699079
543.395522678524,268.948390846294,3.89049018999457
182.221855800871,29.4807465034976,4.51726983652623
499.742405467846,345.610171697287,4.40933157751652
32.3601976526347,37.6565369667594,3.62932870455691
541.686334552327,152.138380936967,4.96028355869524
NA,NA,NA
663.204966604858,331.208231478656,3.57086765745482
455.324016121599,302.955822124124,3.73758217833882
9.74117966324815,497.054547741239,3.49527787106994
558.916149703503,52.874894988846,4.28850591741981
72.7740970091779,375.848444155165,4.09682715921033
226.553716228761,415.152759853849,3.81315146762932
429.155179792663,13.9938684630174,3.40251758198749
362.404290518687,293.767792489106,2.98979033483619
604.208060349234,100.843065930521,4.32582043869389
393.545724745711,227.411091013147,4.45817857092895
566.11951179121,413.396207728022,4.80658618331276
142.981377510424,273.437421766391,4.44383364628868
195.302579656644,367.718916654938,3.98430113547238
127.992053201925,413.617769577096,3.49249850476971
630.310160629826,314.110760467269,4.40962454712942
-0.295632372092056,149.883507977056,4.19467503665943
544.906630478003,200.869208777281,4.10594416149355
34.1154629228917,489.864826947494,3.02893780869164
281.467423727499,22.7356191057713,3.79398480252357
535.286688165369,391.60735554088,3.6408038018155
77.7189887955762,84.7442292318595,5.26817505750939
5.86413085948919,76.2988543821367,3.39627193908078
588.4114559583,231.343306526243,3.97121273514772
438.783624038126,466.762409907916,4.76970333086305
660.103973832124,373.360971909124,3.24858791050973
106.408161373516,483.110112930821,4.38680852975148
623.940453142924,89.5596377546624,4.02864006223953
422.462580443709,260.207392491485,3.68241205067122
11.9160842141728,182.586564541335,3.2544532080778
47.9152402704478,107.565145103052,4.61340682153032
606.016050987409,206.527868778688,4.50326198268611
244.959143723652,217.855945173001,3.78076502913046
563.103917336706,433.190879293021,3.7812521643228
296.923782223515,132.581393624904,3.70120702484169
536.164887069209,460.870367753969,3.48640186167299
44.0393119310051,422.299348254765,3.78511902164691
194.57358287255,288.262017584721,4.25318151699079
543.395522678524,268.948390846294,3.89049018999457
182.221855800871,29.4807465034976,4.51726983652623
499.742405467846,345.610171697287,4.40933157751652
32.3601976526347,37.6565369667594,3.62932870455691
541.686334552327,152.138380936967,4.96028355869524
NA,NA,NA
663.204966604858,331.208231478656,3.57086765745482
455.324016121599,302.955822124124,3.73758217833882
9.74117966324815,497.054547741239,3.49527787106994
558.916149703503,52.874894988846,4.28850591741981
72.7740970091779,375.848444155165,4.09682715921033
226.553716228761,415.152759853849,3.81315146762932
429.155179792663,13.9938684630174,3.40251758198749
362.404290518687,293.767792489106,2.98979033483619
604.208060349234,100.843065930521,4.32582043869389
393.545724745711,227.411091013147,4.45817857092895
566.11951179121,413.396207728022,4.80658618331276
142.981377510424,273.437421766391,4.44383364628868
195.302579656644,367.718916654938,3.98430113547238
127.992053201925,413.617769577096,3.49249850476971
630.310160629826,314.110760467269,4.40962454712942
-0.295632372092056,149.883507977056,4.19467503665943
544.906630478003,200.869208777281,4.10594416149355
34.1154629228917,489.864826947494,3.02893780869164
281.467423727499,22.7356191057713,3.79398480252357
535.286688165369,391.60735554088,3.6408038018155
77.7189887955762,84.7442292318595,5.26817505750939
5.86413085948919,76.2988543821367,3.39627193908078
588.4114559583,231.343306526243,3.97121273514772
438.783624038126,466.762409907916,4.76970333086305
660.103973832124,373.360971909124,3.24858791050973
106.408161373516,483.110112930821,4.38680852975148
623.940453142924,89.5596377546624,4.02864006223953
422.462580443709,260.207392491485,3.68241205067122
11.9160842141728,182.586564541335,3.2544532080778
47.9152402704478,107.565145103052,4.61340682153032
606.016050987409,206.527868778688,4.50326198268611
244.959143723652,217.855945173001,3.78076502913046
563.103917336706,433.190879293021,3.7812521643228
296.923782223515,132.581393624904,3.70120702484169
536.164887069209,460.870367753969,3.48640186167299
44.0393119310051,422.299348254765,3.78511902164691
194.57358287255,288.262017584721,4.25318151699079
543.395522678524,268.948390846294,3.89049018999457
182.221855800871,29.4807465034976,4.51726983652623
499.742405467846,345.610171697287,4.40933157751652
32.3601976526347,37.6565369667594,3.62932870455691
541.686334552327,152.138380936967,4.96028355869524
NA,NA,NA
663.204966604858,331.208231478656,3.57086765745482
455.324016121599,302.955822124124,3.73758217833882
9.74117966324815,497.054547741239,3.49527787106994
558.916149703503,52.874894988846,4.28850591741981
72.7740970091779,375.848444155165,4.09682715921033
226.553716228761,415.152759853849,3.81315146762932
429.155179792663,13.9938684630174,3.40251758198749
362.404290518687,293.767792489106,2.98979033483619
604.208060349234,100.843065930521,4.32582043869389
393.545724745711,227.411091013147,4.45817857092895
566.11951179121,413.396207728022,4.80658618331276
142.981377510424,273.437421766391,4.44383364628868
195.302579656644,367.718916654938,3.98430113547238
127.992053201925,413.617769577096,3.49249850476971
630.310160629826,314.110760467269,4.40962454712942
-0.295632372092056,149.883507977056,4.19467503665943
544.906630478003,200.869208777281,4.10594416149355
34.1154629228917,489.864826947494,3.02893780869164
281.467423727499,22.7356191057713,3.79398480252357
535.286688165369,391.60735554088,3.6408038018155
77.7189887955762,84.7442292318595,5.26817505750939
5.86413085948919,76.2988543821367,3.39627193908078
588.4114559583,231.343306526243,3.97121273514772
438.783624038126,466.762409907916,4.76970333086305
660.103973832124,373.360971909124,3.24858791050973
106.408161373516,483.110112930821,4.38680852975148
623.940453142924,89.5596377546624,4.02864006223953
422.462580443709,260.207392491485,3.68241205067122
11.9160842141728,182.586564541335,3.2544532080778
47.9152402704478,107.565145103052,4.61340682153032
606.016050987409,206.527868778688,4.50326198268611
244.959143723652,217.855945173001,3.78076502913046
563.103917336706,433.190879293021,3.7812521643228
296.923782223515,132.581393624904,3.70120702484169
536.164887069209,460.870367753969,3.48640186167299
44.0393119310051,422.299348254765,3.78511902164691
194.57358287255,288.262017584721,4.25318151699079
543.395522678524,268.948390846294,3.89049018999457
182.221855800871,29.4807465034976,4.51726983652623
499.742405467846,345.610171697287,4.40933157751652
32.3601976526347,37.6565369667594,3.62932870455691
541.686334552327,152.138380936967,4.96028355869524
NA,NA,NA
660.270398773627,331.222905090305,3.63341208281516
456.819180142709,300.280737689168,3.75385547525313
10.1034176938696,495.550201323215,3.57454779246876
568.266922313697,52.3499773683046,4.21997463101837
67.2154472842959,372.713112647789,3.95145109657709
227.084618137675,414.360902137835,3.91152546228267
428.903768192714,11.8394117035521,3.27283838573493
363.691579047692,294.511377638647,3.09952180912335
606.005644882883,107.8156537016,4.15573888728051
392.700723222371,233.55975729147,4.28252191869039
570.853195053813,401.980386227357,4.69752283647857
137.988275473743,291.993578769435,4.55919031732473
194.061944709891,368.154083882104,3.95407977176739
123.57763618807,412.530769670162,3.20688168529412
622.654189689505,312.347621765358,4.59481616212053
1.3175585348857,145.472369046521,4.34227472905926
541.758603366676,206.918384358722,3.94740916369965
34.6894016462045,490.046164090446,2.91240928266316
280.773334871801,19.9291637199909,3.83579456144267
535.065122375918,390.559158621362,3.52171023644596
76.9928907908558,83.316023095733,5.19009369750142
4.9794261956749,75.3087150822753,3.29437198288165
589.344701605703,226.530766764187,3.98234968660959
438.525708183793,461.365189066468,4.79519172105318
659.721532411913,375.493191744284,2.87744610828008
106.125423413431,486.879459278826,4.32911136817664
625.61815480543,91.4159580375494,4.10209019194287
419.009786973342,259.826888955304,3.64092059823238
13.2797252934347,180.862894770245,3.24590913156151
67.7206872217261,118.315348467958,4.42566466716089
613.297204359833,203.933825959551,4.44502919090289
255.491143772353,225.733078345934,3.9136258457675
578.683258944561,434.763232958065,3.72867119544174
299.753128091488,141.941558224909,3.83921059814321
528.544399620246,460.030308357559,3.69018596665824
46.1349226042853,405.912512657321,3.83665045054258
200.12149771517,282.633985567323,3.8148886682724
555.945499258494,262.814634442318,3.72820573928023
173.000411713512,32.7171416759643,4.4891010229782
491.207759515875,353.107132945938,4.23709617085391
34.2688085117122,59.4719499032485,3.61235720512868
531.94346713027,133.972348540645,4.93128539103454
NA,NA,NA
660.270398773627,331.222905090305,3.63341208281516
456.819180142709,300.280737689168,3.75385547525313
10.1034176938696,495.550201323215,3.57454779246876
568.266922313697,52.3499773683046,4.21997463101837
67.2154472842959,372.713112647789,3.95145109657709
227.084618137675,414.360902137835,3.91152546228267
428.903768192714,11.8394117035521,3.27283838573493
363.691579047692,294.511377638647,3.09952180912335
606.005644882883,107.8156537016,4.15573888728051
392.700723222371,233.55975729147,4.28252191869039
570.853195053813,401.980386227357,4.69752283647857
137.988275473743,291.993578769435,4.55919031732473
194.061944709891,368.154083882104,3.95407977176739
123.57763618807,412.530769670162,3.20688168529412
622.654189689505,312.347621765358,4.59481616212053
1.3175585348857,145.472369046521,4.34227472905926
541.758603366676,206.918384358722,3.94740916369965
34.6894016462045,490.046164090446,2.91240928266316
280.773334871801,19.9291637199909,3.83579456144267
535.065122375918,390.559158621362,3.52171023644596
76.9928907908558,83.316023095733,5.19009369750142
4.9794261956749,75.3087150822753,3.29437198288165
589.344701605703,226.530766764187,3.98234968660959
438.525708183793,461.365189066468,4.79519172105318
659.721532411913,375.493191744284,2.87744610828008
106.125423413431,486.879459278826,4.32911136817664
625.61815480543,91.4159580375494,4.10209019194287
419.009786973342,259.826888955304,3.64092059823238
13.2797252934347,180.862894770245,3.24590913156151
67.7206872217261,118.315348467958,4.42566466716089
613.297204359833,203.933825959551,4.44502919090289
255.491143772353,225.733078345934,3.9136258457675
578.683258944561,434.763232958065,3.72867119544174
299.753128091488,141.941558224909,3.83921059814321
528.544399620246,460.030308357559,3.69018596665824
46.1349226042853,405.912512657321,3.83665045054258
200.12149771517,282.633985567323,3.8148886682724
555.945499258494,262.814634442318,3.72820573928023
173.000411713512,32.7171416759643,4.4891010229782
491.207759515875,353.107132945938,4.23709617085391
34.2688085117122,59.4719499032485,3.61235720512868
531.94346713027,133.972348540645,4.93128539103454
NA,NA,NA
660.270398773627,331.222905090305,3.63341208281516
456.819180142709,300.280737689168,3.75385547525313
10.1034176938696,495.550201323215,3.57454779246876
568.266922313697,52.3499773683046,4.21997463101837
67.2154472842959,372.713112647789,3.95145109657709
227.084618137675,414.360902137835,3.91152546228267
428.903768192714,11.8394117035521,3.27283838573493
363.691579047692,294.511377638647,3.09952180912335
606.005644882883,107.8156537016,4.15573888728051
392.700723222371,233.55975729147,4.28252191869039
570.853195053813,401.980386227357,4.69752283647857
137.988275473743,291.993578769435,4.55919031732473
194.061944709891,368.154083882104,3.95407977176739
123.57763618807,412.530769670162,3.20688168529412
622.654189689505,312.347621765358,4.59481616212053
1.3175585348857,145.472369046521,4.34227472905926
541.758603366676,206.918384358722,3.94740916369965
34.6894016462045,490.046164090446,2.91240928266316
280.773334871801,19.9291637199909,3.83579456144267
535.065122375918,390.559158621362,3.52171023644596
76.9928907908558,83.316023095733,5.19009369750142
4.9794261956749,75.3087150822753,3.29437198288165
589.344701605703,226.530766764187,3.98234968660959
438.525708183793,461.365189066468,4.79519172105318
659.721532411913,375.493191744284,2.87744610828008
106.125423413431,486.879459278826,4.32911136817664
625.61815480543,91.4159580375494,4.10209019194287
419.009786973342,259.826888955304,3.64092059823238
13.2797252934347,180.862894770245,3.24590913156151
67.7206872217261,118.315348467958,4.42566466716089
613.297204359833,203.933825959551,4.44502919090289
255.491143772353,225.733078345934,3.9136258457675
578.683258944561,434.763232958065,3.72867119544174
299.753128091488,141.941558224909,3.83921059814321
528.544399620246,460.030308357559,3.69018596665824
46.1349226042853,405.912512657321,3.83665045054258
200.12149771517,282.633985567323,3.8148886682724
555.945499258494,262.814634442318,3.72820573928023
173.000411713512,32.7171416759643,4.4891010229782
491.207759515875,353.107132945938,4.23709617085391
34.2688085117122,59.4719499032485,3.61235720512868
531.94346713027,133.972348540645,4.93128539103454
NA,NA,NA
660.270398773627,331.222905090305,3.63341208281516
456.819180142709,300.280737689168,3.75385547525313
10.1034176938696,495.550201323215,3.57454779246876
568.266922313697,52.3499773683046,4.21997463101837
67.2154472842959,372.713112647789,3.95145109657709
227.084618137675,414.360902137835,3.91152546228267
428.903768192714,11.8394117035521,3.27283838573493
363.691579047692,294.511377638647,3.09952180912335
606.005644882883,107.8156537016,4.15573888728051
392.700723222371,233.55975729147,4.28252191869039
570.853195053813,401.980386227357,4.69752283647857
137.988275473743,291.993578769435,4.55919031732473
194.061944709891,368.154083882104,3.95407977176739
123.57763618807,412.530769670162,3.20688168529412
622.654189689505,312.347621765358,4.59481616212053
1.3175585348857,145.472369046521,4.34227472905926
541.758603366676,206.918384358722,3.94740916369965
34.6894016462045,490.046164090446,2.91240928266316
280.773334871801,19.9291637199909,3.83579456144267
535.065122375918,390.559158621362,3.52171023644596
76.9928907908558,83.316023095733,5.19009369750142
4.9794261956749,75.3087150822753,3.29437198288165
589.344701605703,226.530766764187,3.98234968660959
438.525708183793,461.365189066468,4.79519172105318
659.721532411913,375.493191744284,2.87744610828008
106.125423413431,486.879459278826,4.32911136817664
625.61815480543,91.4159580375494,4.10209019194287
419.009786973342,259.826888955304,3.64092059823238
13.2797252934347,180.862894770245,3.24590913156151
67.7206872217261,118.315348467958,4.42566466716089
613.297204359833,203.933825959551,4.44502919090289
255.491143772353,225.733078345934,3.9136258457675
578.683258944561,434.763232958065,3.72867119544174
299.753128091488,141.941558224909,3.83921059814321
528.544399620246,460.030308357559,3.69018596665824
46.1349226042853,405.912512657321,3.83665045054258
200.12149771517,282.633985567323,3.8148886682724
555.945499258494,262.814634442318,3.72820573928023
173.000411713512,32.7171416759643,4.4891010229782
491.207759515875,353.107132945938,4.23709617085391
34.2688085117122,59.4719499032485,3.61235720512868
531.94346713027,133.972348540645,4.93128539103454
NA,NA,NA
660.270398773627,331.222905090305,3.63341208281516
456.819180142709,300.280737689168,3.75385547525313
10.1034176938696,495.550201323215,3.57454779246876
568.266922313697,52.3499773683046,4.21997463101837
67.2154472842959,372.713112647789,3.95145109657709
227.084618137675,414.360902137835,3.91152546228267
428.903768192714,11.8394117035521,3.27283838573493
363.691579047692,294.511377638647,3.09952180912335
606.005644882883,107.8156537016,4.15573888728051
392.700723222371,233.55975729147,4.28252191869039
570.853195053813,401.980386227357,4.69752283647857
137.988275473743,291.993578769435,4.55919031732473
194.061944709891,368.154083882104,3.95407977176739
123.57763618807,412.530769670162,3.20688168529412
622.654189689505,312.347621765358,4.59481616212053
1.3175585348857,145.472369046521,4.34227472905926
541.758603366676,206.918384358722,3.94740916369965
34.6894016462045,490.046164090446,2.91240928266316
280.773334871801,19.9291637199909,3.83579456144267
535.065122375918,390.559158621362,3.52171023644596
76.9928907908558,83.316023095733,5.19009369750142
4.9794261956749,75.3087150822753,3.29437198288165
589.344701605703,226.530766764187,3.98234968660959
438.525708183793,461.365189066468,4.79519172105318
659.721532411913,375.493191744284,2.87744610828008
106.125423413431,486.879459278826,4.32911136817664
625.61815480543,91.4159580375494,4.10209019194287
419.009786973342,259.826888955304,3.64092059823238
13.2797252934347,180.862894770245,3.24590913156151
67.7206872217261,118.315348467958,4.42566466716089
613.297204359833,203.933825959551,4.44502919090289
255.491143772353,225.733078345934,3.9136258457675
578.683258944561,434.763232958065,3.72867119544174
299.753128091488,141.941558224909,3.83921059814321
528.544399620246,460.030308357559,3.69018596665824
46.1349226042853,405.912512657321,3.83665045054258
200.12149771517,282.633985567323,3.8148886682724
555.945499258494,262.814634442318,3.72820573928023
173.000411713512,32.7171416759643,4.4891010229782
491.207759515875,353.107132945938,4.23709617085391
34.2688085117122,59.4719499032485,3.61235720512868
531.94346713027,133.972348540645,4.93128539103454
NA,NA,NA
660.270398773627,331.222905090305,3.63341208281516
456.819180142709,300.280737689168,3.75385547525313
10.1034176938696,495.550201323215,3.57454779246876
568.266922313697,52.3499773683046,4.21997463101837
67.2154472842959,372.713112647789,3.95145109657709
227.084618137675,414.360902137835,3.91152546228267
428.903768192714,11.8394117035521,3.27283838573493
363.691579047692,294.511377638647,3.09952180912335
606.005644882883,107.8156537016,4.15573888728051
392.700723222371,233.55975729147,4.28252191869039
570.853195053813,401.980386227357,4.69752283647857
137.988275473743,291.993578769435,4.55919031732473
194.061944709891,368.154083882104,3.95407977176739
123.57763618807,412.530769670162,3.20688168529412
622.654189689505,312.347621765358,4.59481616212053
1.3175585348857,145.472369046521,4.34227472905926
541.758603366676,206.918384358722,3.94740916369965
34.6894016462045,490.046164090446,2.91240928266316
280.773334871801,19.9291637199909,3.83579456144267
535.065122375918,390.559158621362,3.52171023644596
76.9928907908558,83.316023095733,5.19009369750142
4.9794261956749,75.3087150822753,3.29437198288165
589.344701605703,226.530766764187,3.98234968660959
438.525708183793,461.365189066468,4.79519172105318
659.721532411913,375.493191744284,2.87744610828008
106.125423413431,486.879459278826,4.32911136817664
625.61815480543,91.4159580375494,4.10209019194287
419.009786973342,259.826888955304,3.64092059823238
13.2797252934347,180.862894770245,3.24590913156151
67.7206872217261,118.315348467958,4.42566466716089
613.297204359833,203.933825959551,4.44502919090289
255.491143772353,225.733078345934,3.9136258457675
578.683258944561,434.763232958065,3.72867119544174
299.753128091488,141.941558224909,3.83921059814321
528.544399620246,460.030308357559,3.69018596665824
46.1349226042853,405.912512657321,3.83665045054258
200.12149771517,282.633985567323,3.8148886682724
555.945499258494,262.814634442318,3.72820573928023
173.000411713512,32.7171416759643,4.4891010229782
491.207759515875,353.107132945938,4.23709617085391
34.2688085117122,59.4719499032485,3.61235720512868
531.94346713027,133.972348540645,4.93128539103454
NA,NA,NA
658.099322913347,333.289950689025,3.51502591308453
454.98061217229,300.810059727307,3.4332649928553
11.5844072510265,493.518881420836,3.54876131065289
565.938026675484,49.452634344968,4.09805780449083
68.2417367496237,376.122685916935,4.03303707602365
234.143629047912,414.559012424722,3.86219472076264
429.56918930616,10.7403580926121,3.22344293552512
362.900859758377,293.040254851723,3.13707576334641
604.674452264464,100.79977677199,4.04402155540779
394.91234648147,229.975526805342,4.22657511292378
571.856752117651,416.87435889829,4.79577075522009
138.84274812447,279.318876331851,4.61462046060012
196.9496432116,376.589160666062,4.11168452975001
126.118875210423,408.82064314763,3.47469370962674
624.34069146965,310.110372301989,4.50924956274684
4.56379671895558,148.57758351183,4.2516751554172
539.847250200039,201.669246221512,3.9828661048203
33.7448619613326,490.465850355251,2.93179545288797
279.052641611266,23.200599690761,3.83924241696068
534.207218331043,389.512001696084,3.53451087022234
70.9738320226922,74.1046369476032,5.09410706663718
5.38515087593971,78.465298530524,3.5309837866571
589.576570649576,226.348572237731,3.98098175502437
438.846432397702,463.402551957923,4.83476255054019
659.918392603432,371.838569191544,3.18062679389605
102.201453582153,484.665661990053,4.40900221681668
623.176879391234,90.7303360718112,4.16336981072311
418.544573339084,258.228002250452,3.58008712442741
11.2195422282288,183.130781198839,3.04292213867042
61.1357825711269,119.820947940989,4.4069230271762
599.846016379356,195.273224467547,3.92490692689844
257.053012924451,222.674456971027,3.75867598518427
583.2445783504,430.211236611413,3.94887183270522
303.918615844728,141.642977961723,3.90352248755542
534.171678576149,451.191092480052,3.66987887774252
47.2457554811892,406.976248520631,3.88441538425996
195.301887612202,299.737863302247,3.9931313563324
545.136431077565,260.190135450922,3.53880995996126
177.672020432708,23.0700124183955,4.28878718931716
499.901904885672,337.022047724179,4.51135695772215
42.9967112994023,52.3066700447213,3.71707978274843
554.929745960934,145.243330755594,4.21250958587685
NA,NA,NA
658.099322913347,333.289950689025,3.51502591308453
454.98061217229,300.810059727307,3.4332649928553
11.5844072510265,493.518881420836,3.54876131065289
565.938026675484,49.452634344968,4.09805780449083
68.2417367496237,376.122685916935,4.03303707602365
234.143629047912,414.559012424722,3.86219472076264
429.56918930616,10.7403580926121,3.22344293552512
362.900859758377,293.040254851723,3.13707576334641
604.674452264464,100.79977677199,4.04402155540779
394.91234648147,229.975526805342,4.22657511292378
571.856752117651,416.87435889829,4.79577075522009
138.84274812447,279.318876331851,4.61462046060012
196.9496432116,376.589160666062,4.11168452975001
126.118875210423,408.82064314763,3.47469370962674
624.34069146965,310.110372301989,4.50924956274684
4.56379671895558,148.57758351183,4.2516751554172
539.847250200039,201.669246221512,3.9828661048203
33.7448619613326,490.465850355251,2.93179545288797
279.052641611266,23.200599690761,3.83924241696068
534.207218331043,389.512001696084,3.53451087022234
70.9738320226922,74.1046369476032,5.09410706663718
5.38515087593971,78.465298530524,3.5309837866571
589.576570649576,226.348572237731,3.98098175502437
438.846432397702,463.402551957923,4.83476255054019
659.918392603432,371.838569191544,3.18062679389605
102.201453582153,484.665661990053,4.40900221681668
623.176879391234,90.7303360718112,4.16336981072311
418.544573339084,258.228002250452,3.58008712442741
11.2195422282288,183.130781198839,3.04292213867042
61.1357825711269,119.820947940989,4.4069230271762
599.846016379356,195.273224467547,3.92490692689844
257.053012924451,222.674456971027,3.75867598518427
583.2445783504,430.211236611413,3.94887183270522
303.918615844728,141.642977961723,3.90352248755542
534.171678576149,451.191092480052,3.66987887774252
47.2457554811892,406.976248520631,3.88441538425996
195.301887612202,299.737863302247,3.9931313563324
545.136431077565,260.190135450922,3.53880995996126
177.672020432708,23.0700124183955,4.28878718931716
499.901904885672,337.022047724179,4.51135695772215
42.9967112994023,52.3066700447213,3.71707978274843
554.929745960934,145.243330755594,4.21250958587685
NA,NA,NA
658.099322913347,333.289950689025,3.51502591308453
454.98061217229,300.810059727307,3.4332649928553
11.5844072510265,493.518881420836,3.54876131065289
565.938026675484,49.452634344968,4.09805780449083
68.2417367496237,376.122685916935,4.03303707602365
234.143629047912,414.559012424722,3.86219472076264
429.56918930616,10.7403580926121,3.22344293552512
362.900859758377,293.040254851723,3.13707576334641
604.674452264464,100.79977677199,4.04402155540779
394.91234648147,229.975526805342,4.22657511292378
571.856752117651,416.87435889829,4.79577075522009
138.84274812447,279.318876331851,4.61462046060012
196.9496432116,376.589160666062,4.11168452975001
126.118875210423,408.82064314763,3.47469370962674
624.34069146965,310.110372301989,4.50924956274684
4.56379671895558,148.57758351183,4.2516751554172
539.847250200039,201.669246221512,3.9828661048203
33.7448619613326,490.465850355251,2.93179545288797
279.052641611266,23.200599690761,3.83924241696068
534.207218331043,389.512001696084,3.53451087022234
70.9738320226922,74.1046369476032,5.09410706663718
5.38515087593971,78.465298530524,3.5309837866571
589.576570649576,226.348572237731,3.98098175502437
438.846432397702,463.402551957923,4.83476255054019
659.918392603432,371.838569191544,3.18062679389605
102.201453582153,484.665661990053,4.40900221681668
623.176879391234,90.7303360718112,4.16336981072311
418.544573339084,258.228002250452,3.58008712442741
11.2195422282288,183.130781198839,3.04292213867042
61.1357825711269,119.820947940989,4.4069230271762
599.846016379356,195.273224467547,3.92490692689844
257.053012924451,222.674456971027,3.75867598518427
583.2445783504,430.211236611413,3.94887183270522
303.918615844728,141.642977961723,3.90352248755542
534.171678576149,451.191092480052,3.66987887774252
47.2457554811892,406.976248520631,3.88441538425996
195.301887612202,299.737863302247,3.9931313563324
545.136431077565,260.190135450922,3.53880995996126
177.672020432708,23.0700124183955,4.28878718931716
499.901904885672,337.022047724179,4.51135695772215
42.9967112994023,52.3066700447213,3.71707978274843
554.929745960934,145.243330755594,4.21250958587685
NA,NA,NA
658.099322913347,333.289950689025,3.51502591308453
454.98061217229,300.810059727307,3.4332649928553
11.5844072510265,493.518881420836,3.54876131065289
565.938026675484,49.452634344968,4.09805780449083
68.2417367496237,376.122685916935,4.03303707602365
234.143629047912,414.559012424722,3.86219472076264
429.56918930616,10.7403580926121,3.22344293552512
362.900859758377,293.040254851723,3.13707576334641
604.674452264464,100.79977677199,4.04402155540779
394.91234648147,229.975526805342,4.22657511292378
571.856752117651,416.87435889829,4.79577075522009
138.84274812447,279.318876331851,4.61462046060012
196.9496432116,376.589160666062,4.11168452975001
126.118875210423,408.82064314763,3.47469370962674
624.34069146965,310.110372301989,4.50924956274684
4.56379671895558,148.57758351183,4.2516751554172
539.847250200039,201.669246221512,3.9828661048203
33.7448619613326,490.465850355251,2.93179545288797
279.052641611266,23.200599690761,3.83924241696068
534.207218331043,389.512001696084,3.53451087022234
70.9738320226922,74.1046369476032,5.09410706663718
5.38515087593971,78.465298530524,3.5309837866571
589.576570649576,226.348572237731,3.98098175502437
438.846432397702,463.402551957923,4.83476255054019
659.918392603432,371.838569191544,3.18062679389605
102.201453582153,484.665661990053,4.40900221681668
623.176879391234,90.7303360718112,4.16336981072311
418.544573339084,258.228002250452,3.58008712442741
11.2195422282288,183.130781198839,3.04292213867042
61.1357825711269,119.820947940989,4.4069230271762
599.846016379356,195.273224467547,3.92490692689844
257.053012924451,222.674456971027,3.75867598518427
583.2445783504,430.211236611413,3.94887183270522
303.918615844728,141.642977961723,3.90352248755542
534.171678576149,451.191092480052,3.66987887774252
47.2457554811892,406.976248520631,3.88441538425996
195.301887612202,299.737863302247,3.9931313563324
545.136431077565,260.190135450922,3.53880995996126
177.672020432708,23.0700124183955,4.28878718931716
499.901904885672,337.022047724179,4.51135695772215
42.9967112994023,52.3066700447213,3.71707978274843
554.929745960934,145.243330755594,4.21250958587685
NA,NA,NA
658.099322913347,333.289950689025,3.51502591308453
454.98061217229,300.810059727307,3.4332649928553
11.5844072510265,493.518881420836,3.54876131065289
565.938026675484,49.452634344968,4.09805780449083
68.2417367496237,376.122685916935,4.03303707602365
234.143629047912,414.559012424722,3.86219472076264
429.56918930616,10.7403580926121,3.22344293552512
362.900859758377,293.040254851723,3.13707576334641
604.674452264464,100.79977677199,4.04402155540779
394.91234648147,229.975526805342,4.22657511292378
571.856752117651,416.87435889829,4.79577075522009
138.84274812447,279.318876331851,4.61462046060012
196.9496432116,376.589160666062,4.11168452975001
126.118875210423,408.82064314763,3.47469370962674
624.34069146965,310.110372301989,4.50924956274684
4.56379671895558,148.57758351183,4.2516751554172
539.847250200039,201.669246221512,3.9828661048203
33.7448619613326,490.465850355251,2.93179545288797
279.052641611266,23.200599690761,3.83924241696068
534.207218331043,389.512001696084,3.53451087022234
70.9738320226922,74.1046369476032,5.09410706663718
5.38515087593971,78.465298530524,3.5309837866571
589.576570649576,226.348572237731,3.98098175502437
438.846432397702,463.402551957923,4.83476255054019
659.918392603432,371.838569191544,3.18062679389605
102.201453582153,484.665661990053,4.40900221681668
623.176879391234,90.7303360718112,4.16336981072311
418.544573339084,258.228002250452,3.58008712442741
11.2195422282288,183.130781198839,3.04292213867042
61.1357825711269,119.820947940989,4.4069230271762
599.846016379356,195.273224467547,3.92490692689844
257.053012924451,222.674456971027,3.75867598518427
583.2445783504,430.211236611413,3.94887183270522
303.918615844728,141.642977961723,3.90352248755542
534.171678576149,451.191092480052,3.66987887774252
47.2457554811892,406.976248520631,3.88441538425996
195.301887612202,299.737863302247,3.9931313563324
545.136431077565,260.190135450922,3.53880995996126
177.672020432708,23.0700124183955,4.28878718931716
499.901904885672,337.022047724179,4.51135695772215
42.9967112994023,52.3066700447213,3.71707978274843
554.929745960934,145.243330755594,4.21250958587685
NA,NA,NA
658.099322913347,333.289950689025,3.51502591308453
454.98061217229,300.810059727307,3.4332649928553
11.5844072510265,493.518881420836,3.54876131065289
565.938026675484,49.452634344968,4.09805780449083
68.2417367496237,376.122685916935,4.03303707602365
234.143629047912,414.559012424722,3.86219472076264
429.56918930616,10.7403580926121,3.22344293552512
362.900859758377,293.040254851723,3.13707576334641
604.674452264464,100.79977677199,4.04402155540779
394.91234648147,229.975526805342,4.22657511292378
571.856752117651,416.87435889829,4.79577075522009
138.84274812447,279.318876331851,4.61462046060012
196.9496432116,376.589160666062,4.11168452975001
126.118875210423,408.82064314763,3.47469370962674
624.34069146965,310.110372301989,4.50924956274684
4.56379671895558,148.57758351183,4.2516751554172
539.847250200039,201.669246221512,3.9828661048203
33.7448619613326,490.465850355251,2.93179545288797
279.052641611266,23.200599690761,3.83924241696068
534.207218331043,389.512001696084,3.53451087022234
70.9738320226922,74.1046369476032,5.09410706663718
5.38515087593971,78.465298530524,3.5309837866571
589.576570649576,226.348572237731,3.98098175502437
438.846432397702,463.402551957923,4.83476255054019
659.918392603432,371.838569191544,3.18062679389605
102.201453582153,484.665661990053,4.40900221681668
623.176879391234,90.7303360718112,4.16336981072311
418.544573339084,258.228002250452,3.58008712442741
11.2195422282288,183.130781198839,3.04292213867042
61.1357825711269,119.820947940989,4.4069230271762
599.846016379356,195.273224467547,3.92490692689844
257.053012924451,222.674456971027,3.75867598518427
583.2445783504,430.211236611413,3.94887183270522
303.918615844728,141.642977961723,3.90352248755542
534.171678576149,451.191092480052,3.66987887774252
47.2457554811892,406.976248520631,3.88441538425996
195.301887612202,299.737863302247,3.9931313563324
545.136431077565,260.190135450922,3.53880995996126
177.672020432708,23.0700124183955,4.28878718931716
499.901904885672,337.022047724179,4.51135695772215
42.9967112994023,52.3066700447213,3.71707978274843
554.929745960934,145.243330755594,4.21250958587685
NA,NA,NA
662.303750657453,334.981397948661,3.52378286782092
453.766744500032,298.322020836851,3.79335996676762
10.7659097557613,493.869763188208,3.98176195956003
560.107622194811,52.5535433753364,4.1554177718299
73.7153369400839,376.754409071828,3.78015755862827
231.666916000027,417.99807917092,3.85798908475286
428.801555661225,10.3841989842105,3.21336612323142
361.33927578083,291.168902150518,3.05514304420648
596.768993355678,104.883288802134,4.28872221184989
389.411928035648,227.631385638355,4.11978957825982
566.397840204818,406.902741082291,4.76237818623061
141.791683448609,280.344630353213,4.50943261678673
199.161421009134,374.048884976019,3.92071105104628
131.212116229645,413.621707060126,3.44632086109285
629.545037640961,316.711569212322,4.49017765145142
6.05764814756493,145.272877501002,4.25725035764827
540.050582239173,203.657847994139,4.2201136335945
33.8404932413723,492.305401719719,2.96429301967643
280.874144055157,26.0901701909135,3.77082979089992
531.527188069762,393.317443672148,3.24066281338213
75.4614037000706,80.577196140836,5.17943202565186
3.48870697763586,74.602724283059,3.59728598228727
594.222122668806,224.590051407961,4.10162418287651
438.910134580587,464.252009160848,4.71795854038826
658.082798287839,372.808118436246,3.10010624896572
109.368253943299,489.246168685325,4.32554200115908
621.261726609851,96.9842910780882,4.11222904846992
418.876717503533,256.93357524932,3.66879266056412
12.58632434154,183.246997057948,3.16874963198642
78.2561726152102,118.677006137206,4.37018695732195
630.395832298164,198.43295551361,4.36980413789604
258.297279120694,218.330681581464,4.11612711122154
566.443386067921,429.938547197845,3.87848415156103
303.584560676107,139.976636599832,3.88666369244637
529.821369068012,465.918907588061,3.7767714892427
42.9356870115642,423.439426106179,3.91477309320602
193.045847305908,293.474324815354,3.92737726453261
556.60349766379,267.601625457749,3.91770185659279
181.751055249072,36.5310257673954,4.08197523498564
497.725105320076,345.465178809773,4.51651608728783
26.5906255997637,56.8825288783448,3.69800474621865
528.853396240556,143.494112273846,4.6790378025948
NA,NA,NA
662.303750657453,334.981397948661,3.52378286782092
453.766744500032,298.322020836851,3.79335996676762
10.7659097557613,493.869763188208,3.98176195956003
560.107622194811,52.5535433753364,4.1554177718299
73.7153369400839,376.754409071828,3.78015755862827
231.666916000027,417.99807917092,3.85798908475286
428.801555661225,10.3841989842105,3.21336612323142
361.33927578083,291.168902150518,3.05514304420648
596.768993355678,104.883288802134,4.28872221184989
389.411928035648,227.631385638355,4.11978957825982
566.397840204818,406.902741082291,4.76237818623061
141.791683448609,280.344630353213,4.50943261678673
199.161421009134,374.048884976019,3.92071105104628
131.212116229645,413.621707060126,3.44632086109285
629.545037640961,316.711569212322,4.49017765145142
6.05764814756493,145.272877501002,4.25725035764827
540.050582239173,203.657847994139,4.2201136335945
33.8404932413723,492.305401719719,2.96429301967643
280.874144055157,26.0901701909135,3.77082979089992
531.527188069762,393.317443672148,3.24066281338213
75.4614037000706,80.577196140836,5.17943202565186
3.48870697763586,74.602724283059,3.59728598228727
594.222122668806,224.590051407961,4.10162418287651
438.910134580587,464.252009160848,4.71795854038826
658.082798287839,372.808118436246,3.10010624896572
109.368253943299,489.246168685325,4.32554200115908
621.261726609851,96.9842910780882,4.11222904846992
418.876717503533,256.93357524932,3.66879266056412
12.58632434154,183.246997057948,3.16874963198642
78.2561726152102,118.677006137206,4.37018695732195
630.395832298164,198.43295551361,4.36980413789604
258.297279120694,218.330681581464,4.11612711122154
566.443386067921,429.938547197845,3.87848415156103
303.584560676107,139.976636599832,3.88666369244637
529.821369068012,465.918907588061,3.7767714892427
42.9356870115642,423.439426106179,3.91477309320602
193.045847305908,293.474324815354,3.92737726453261
556.60349766379,267.601625457749,3.91770185659279
181.751055249072,36.5310257673954,4.08197523498564
497.725105320076,345.465178809773,4.51651608728783
26.5906255997637,56.8825288783448,3.69800474621865
528.853396240556,143.494112273846,4.6790378025948
NA,NA,NA
662.303750657453,334.981397948661,3.52378286782092
453.766744500032,298.322020836851,3.79335996676762
10.7659097557613,493.869763188208,3.98176195956003
560.107622194811,52.5535433753364,4.1554177718299
73.7153369400839,376.754409071828,3.78015755862827
231.666916000027,417.99807917092,3.85798908475286
428.801555661225,10.3841989842105,3.21336612323142
361.33927578083,291.168902150518,3.05514304420648
596.768993355678,104.883288802134,4.28872221184989
389.411928035648,227.631385638355,4.11978957825982
566.397840204818,406.902741082291,4.76237818623061
141.791683448609,280.344630353213,4.50943261678673
199.161421009134,374.048884976019,3.92071105104628
131.212116229645,413.621707060126,3.44632086109285
629.545037640961,316.711569212322,4.49017765145142
6.05764814756493,145.272877501002,4.25725035764827
540.050582239173,203.657847994139,4.2201136335945
33.8404932413723,492.305401719719,2.96429301967643
280.874144055157,26.0901701909135,3.77082979089992
531.527188069762,393.317443672148,3.24066281338213
75.4614037000706,80.577196140836,5.17943202565186
3.48870697763586,74.602724283059,3.59728598228727
594.222122668806,224.590051407961,4.10162418287651
438.910134580587,464.252009160848,4.71795854038826
658.082798287839,372.808118436246,3.10010624896572
109.368253943299,489.246168685325,4.32554200115908
621.261726609851,96.9842910780882,4.11222904846992
418.876717503533,256.93357524932,3.66879266056412
12.58632434154,183.246997057948,3.16874963198642
78.2561726152102,118.677006137206,4.37018695732195
630.395832298164,198.43295551361,4.36980413789604
258.297279120694,218.330681581464,4.11612711122154
566.443386067921,429.938547197845,3.87848415156103
303.584560676107,139.976636599832,3.88666369244637
529.821369068012,465.918907588061,3.7767714892427
42.9356870115642,423.439426106179,3.91477309320602
193.045847305908,293.474324815354,3.92737726453261
556.60349766379,267.601625457749,3.91770185659279
181.751055249072,36.5310257673954,4.08197523498564
497.725105320076,345.465178809773,4.51651608728783
26.5906255997637,56.8825288783448,3.69800474621865
528.853396240556,143.494112273846,4.6790378025948
NA,NA,NA
662.303750657453,334.981397948661,3.52378286782092
453.766744500032,298.322020836851,3.79335996676762
10.7659097557613,493.869763188208,3.98176195956003
560.107622194811,52.5535433753364,4.1554177718299
73.7153369400839,376.754409071828,3.78015755862827
231.666916000027,417.99807917092,3.85798908475286
428.801555661225,10.3841989842105,3.21336612323142
361.33927578083,291.168902150518,3.05514304420648
596.768993355678,104.883288802134,4.28872221184989
389.411928035648,227.631385638355,4.11978957825982
566.397840204818,406.902741082291,4.76237818623061
141.791683448609,280.344630353213,4.50943261678673
199.161421009134,374.048884976019,3.92071105104628
131.212116229645,413.621707060126,3.44632086109285
629.545037640961,316.711569212322,4.49017765145142
6.05764814756493,145.272877501002,4.25725035764827
540.050582239173,203.657847994139,4.2201136335945
33.8404932413723,492.305401719719,2.96429301967643
280.874144055157,26.0901701909135,3.77082979089992
531.527188069762,393.317443672148,3.24066281338213
75.4614037000706,80.577196140836,5.17943202565186
3.48870697763586,74.602724283059,3.59728598228727
594.222122668806,224.590051407961,4.10162418287651
438.910134580587,464.252009160848,4.71795854038826
658.082798287839,372.808118436246,3.10010624896572
109.368253943299,489.246168685325,4.32554200115908
621.261726609851,96.9842910780882,4.11222904846992
418.876717503533,256.93357524932,3.66879266056412
12.58632434154,183.246997057948,3.16874963198642
78.2561726152102,118.677006137206,4.37018695732195
630.395832298164,198.43295551361,4.36980413789604
258.297279120694,218.330681581464,4.11612711122154
566.443386067921,429.938547197845,3.87848415156103
303.584560676107,139.976636599832,3.88666369244637
529.821369068012,465.918907588061,3.7767714892427
42.9356870115642,423.439426106179,3.91477309320602
193.045847305908,293.474324815354,3.92737726453261
556.60349766379,267.601625457749,3.91770185659279
181.751055249072,36.5310257673954,4.08197523498564
497.725105320076,345.465178809773,4.51651608728783
26.5906255997637,56.8825288783448,3.69800474621865
528.853396240556,143.494112273846,4.6790378025948
NA,NA,NA
662.303750657453,334.981397948661,3.52378286782092
453.766744500032,298.322020836851,3.79335996676762
10.7659097557613,493.869763188208,3.98176195956003
560.107622194811,52.5535433753364,4.1554177718299
73.7153369400839,376.754409071828,3.78015755862827
231.666916000027,417.99807917092,3.85798908475286
428.801555661225,10.3841989842105,3.21336612323142
361.33927578083,291.168902150518,3.05514304420648
596.768993355678,104.883288802134,4.28872221184989
389.411928035648,227.631385638355,4.11978957825982
566.397840204818,406.902741082291,4.76237818623061
141.791683448609,280.344630353213,4.50943261678673
199.161421009134,374.048884976019,3.92071105104628
131.212116229645,413.621707060126,3.44632086109285
629.545037640961,316.711569212322,4.49017765145142
6.05764814756493,145.272877501002,4.25725035764827
540.050582239173,203.657847994139,4.2201136335945
33.8404932413723,492.305401719719,2.96429301967643
280.874144055157,26.0901701909135,3.77082979089992
531.527188069762,393.317443672148,3.24066281338213
75.4614037000706,80.577196140836,5.17943202565186
3.48870697763586,74.602724283059,3.59728598228727
594.222122668806,224.590051407961,4.10162418287651
438.910134580587,464.252009160848,4.71795854038826
658.082798287839,372.808118436246,3.10010624896572
109.368253943299,489.246168685325,4.32554200115908
621.261726609851,96.9842910780882,4.11222904846992
418.876717503533,256.93357524932,3.66879266056412
12.58632434154,183.246997057948,3.16874963198642
78.2561726152102,118.677006137206,4.37018695732195
630.395832298164,198.43295551361,4.36980413789604
258.297279120694,218.330681581464,4.11612711122154
566.443386067921,429.938547197845,3.87848415156103
303.584560676107,139.976636599832,3.88666369244637
529.821369068012,465.918907588061,3.7767714892427
42.9356870115642,423.439426106179,3.91477309320602
193.045847305908,293.474324815354,3.92737726453261
556.60349766379,267.601625457749,3.91770185659279
181.751055249072,36.5310257673954,4.08197523498564
497.725105320076,345.465178809773,4.51651608728783
26.5906255997637,56.8825288783448,3.69800474621865
528.853396240556,143.494112273846,4.6790378025948
NA,NA,NA
662.303750657453,334.981397948661,3.52378286782092
453.766744500032,298.322020836851,3.79335996676762
10.7659097557613,493.869763188208,3.98176195956003
560.107622194811,52.5535433753364,4.1554177718299
73.7153369400839,376.754409071828,3.78015755862827
231.666916000027,417.99807917092,3.85798908475286
428.801555661225,10.3841989842105,3.21336612323142
361.33927578083,291.168902150518,3.05514304420648
596.768993355678,104.883288802134,4.28872221184989
389.411928035648,227.631385638355,4.11978957825982
566.397840204818,406.902741082291,4.76237818623061
141.791683448609,280.344630353213,4.50943261678673
199.161421009134,374.048884976019,3.92071105104628
131.212116229645,413.621707060126,3.44632086109285
629.545037640961,316.711569212322,4.49017765145142
6.05764814756493,145.272877501002,4.25725035764827
540.050582239173,203.657847994139,4.2201136335945
33.8404932413723,492.305401719719,2.96429301967643
280.874144055157,26.0901701909135,3.77082979089992
531.527188069762,393.317443672148,3.24066281338213
75.4614037000706,80.577196140836,5.17943202565186
3.48870697763586,74.602724283059,3.59728598228727
594.222122668806,224.590051407961,4.10162418287651
438.910134580587,464.252009160848,4.71795854038826
658.082798287839,372.808118436246,3.10010624896572
109.368253943299,489.246168685325,4.32554200115908
621.261726609851,96.9842910780882,4.11222904846992
418.876717503533,256.93357524932,3.66879266056412
12.58632434154,183.246997057948,3.16874963198642
78.2561726152102,118.677006137206,4.37018695732195
630.395832298164,198.43295551361,4.36980413789604
258.297279120694,218.330681581464,4.11612711122154
566.443386067921,429.938547197845,3.87848415156103
303.584560676107,139.976636599832,3.88666369244637
529.821369068012,465.918907588061,3.7767714892427
42.9356870115642,423.439426106179,3.91477309320602
193.045847305908,293.474324815354,3.92737726453261
556.60349766379,267.601625457749,3.91770185659279
181.751055249072,36.5310257673954,4.08197523498564
497.725105320076,345.465178809773,4.51651608728783
26.5906255997637,56.8825288783448,3.69800474621865
528.853396240556,143.494112273846,4.6790378025948
NA,NA,NA
664.490068409038,337.31858335432,3.49525080084001
455.65820428552,295.174184704009,3.60138108429949
11.5486791321075,494.587859971968,3.56458045937204
564.65175631282,47.6421024563371,4.13063876002047
72.2610165321106,376.111673339865,4.08285388303647
230.404746627428,415.602566941263,3.97634983346636
425.715967816495,13.6690435569312,3.39538105177693
364.20902807972,289.726379694889,3.00171189000745
605.571255593516,107.259063978277,4.29825077618959
392.67266923008,234.347783561991,4.15771225415837
567.394747514709,408.616814859606,4.76174017617835
138.381888678381,284.599844840399,4.5062430940879
200.504765119854,368.905508333185,3.94204969276308
123.606622843136,409.713891387629,3.3873542639093
627.444903934611,307.268313598638,4.41666788128813
-2.72502002036571,153.072289044323,4.19456473405055
543.008786537297,203.671334280899,4.21158324391043
31.6191944427635,490.49150795423,3.0075486603732
275.880546572936,23.9143959851908,3.94260378010146
532.758056643201,392.801375583556,3.4936506824937
66.1046129229109,75.0574720313301,5.15854400182617
7.68487897703205,77.7444167477208,3.62109518785959
591.739572493512,223.387014579612,3.99352559736354
443.122379374597,456.955181828887,4.69975447125177
660.148661626152,374.091359534125,2.91537798869523
108.886334040505,485.772413046986,4.39492643687181
627.923657034844,91.9843623669741,4.04710905005096
421.835697683165,260.398936983778,3.61106367418341
11.349690462088,180.965026627775,3.20909542640397
66.571811154464,117.525081698193,4.45485776464618
611.03194878563,196.126093273617,4.26027648980513
261.419637272518,220.103444031041,3.89626530717384
567.498826482138,437.287812577246,4.08949478945613
298.70448468386,137.864630336965,3.94730085453842
533.003484154787,451.763051665346,3.5366765405244
44.1404393308432,411.195254689588,3.79845512386468
196.687988447412,296.25510660507,3.87874526280599
548.283974169414,263.464981015652,3.95092833845514
164.323652241444,16.1254415058173,4.37611707912919
502.63525168166,355.054213287511,4.74287823960128
45.191838995496,59.3868379045386,3.90441364410025
541.235028773117,164.825427797205,4.42701275686332
NA,NA,NA
664.490068409038,337.31858335432,3.49525080084001
455.65820428552,295.174184704009,3.60138108429949
11.5486791321075,494.587859971968,3.56458045937204
564.65175631282,47.6421024563371,4.13063876002047
72.2610165321106,376.111673339865,4.08285388303647
230.404746627428,415.602566941263,3.97634983346636
425.715967816495,13.6690435569312,3.39538105177693
364.20902807972,289.726379694889,3.00171189000745
605.571255593516,107.259063978277,4.29825077618959
392.67266923008,234.347783561991,4.15771225415837
567.394747514709,408.616814859606,4.76174017617835
138.381888678381,284.599844840399,4.5062430940879
200.504765119854,368.905508333185,3.94204969276308
123.606622843136,409.713891387629,3.3873542639093
627.444903934611,307.268313598638,4.41666788128813
-2.72502002036571,153.072289044323,4.19456473405055
543.008786537297,203.671334280899,4.21158324391043
31.6191944427635,490.49150795423,3.0075486603732
275.880546572936,23.9143959851908,3.94260378010146
532.758056643201,392.801375583556,3.4936506824937
66.1046129229109,75.0574720313301,5.15854400182617
7.68487897703205,77.7444167477208,3.62109518785959
591.739572493512,223.387014579612,3.99352559736354
443.122379374597,456.955181828887,4.69975447125177
660.148661626152,374.091359534125,2.91537798869523
108.886334040505,485.772413046986,4.39492643687181
627.923657034844,91.9843623669741,4.04710905005096
421.835697683165,260.398936983778,3.61106367418341
11.349690462088,180.965026627775,3.20909542640397
66.571811154464,117.525081698193,4.45485776464618
611.03194878563,196.126093273617,4.26027648980513
261.419637272518,220.103444031041,3.89626530717384
567.498826482138,437.287812577246,4.08949478945613
298.70448468386,137.864630336965,3.94730085453842
533.003484154787,451.763051665346,3.5366765405244
44.1404393308432,411.195254689588,3.79845512386468
196.687988447412,296.25510660507,3.87874526280599
548.283974169414,263.464981015652,3.95092833845514
164.323652241444,16.1254415058173,4.37611707912919
502.63525168166,355.054213287511,4.74287823960128
45.191838995496,59.3868379045386,3.90441364410025
541.235028773117,164.825427797205,4.42701275686332
NA,NA,NA
664.490068409038,337.31858335432,3.49525080084001
455.65820428552,295.174184704009,3.60138108429949
11.5486791321075,494.587859971968,3.56458045937204
564.65175631282,47.6421024563371,4.13063876002047
72.2610165321106,376.111673339865,4.08285388303647
230.404746627428,415.602566941263,3.97634983346636
425.715967816495,13.6690435569312,3.39538105177693
364.20902807972,289.726379694889,3.00171189000745
605.571255593516,107.259063978277,4.29825077618959
392.67266923008,234.347783561991,4.15771225415837
567.394747514709,408.616814859606,4.76174017617835
138.381888678381,284.599844840399,4.5062430940879
200.504765119854,368.905508333185,3.94204969276308
123.606622843136,409.713891387629,3.3873542639093
627.444903934611,307.268313598638,4.41666788128813
-2.72502002036571,153.072289044323,4.19456473405055
543.008786537297,203.671334280899,4.21158324391043
31.6191944427635,490.49150795423,3.0075486603732
275.880546572936,23.9143959851908,3.94260378010146
532.758056643201,392.801375583556,3.4936506824937
66.1046129229109,75.0574720313301,5.15854400182617
7.68487897703205,77.7444167477208,3.62109518785959
591.739572493512,223.387014579612,3.99352559736354
443.122379374597,456.955181828887,4.69975447125177
660.148661626152,374.091359534125,2.91537798869523
108.886334040505,485.772413046986,4.39492643687181
627.923657034844,91.9843623669741,4.04710905005096
421.835697683165,260.398936983778,3.61106367418341
11.349690462088,180.965026627775,3.20909542640397
66.571811154464,117.525081698193,4.45485776464618
611.03194878563,196.126093273617,4.26027648980513
261.419637272518,220.103444031041,3.89626530717384
567.498826482138,437.287812577246,4.08949478945613
298.70448468386,137.864630336965,3.94730085453842
533.003484154787,451.763051665346,3.5366765405244
44.1404393308432,411.195254689588,3.79845512386468
196.687988447412,296.25510660507,3.87874526280599
548.283974169414,263.464981015652,3.95092833845514
164.323652241444,16.1254415058173,4.37611707912919
502.63525168166,355.054213287511,4.74287823960128
45.191838995496,59.3868379045386,3.90441364410025
541.235028773117,164.825427797205,4.42701275686332
NA,NA,NA
664.490068409038,337.31858335432,3.49525080084001
455.65820428552,295.174184704009,3.60138108429949
11.5486791321075,494.587859971968,3.56458045937204
564.65175631282,47.6421024563371,4.13063876002047
72.2610165321106,376.111673339865,4.08285388303647
230.404746627428,415.602566941263,3.97634983346636
425.715967816495,13.6690435569312,3.39538105177693
364.20902807972,289.726379694889,3.00171189000745
605.571255593516,107.259063978277,4.29825077618959
392.67266923008,234.347783561991,4.15771225415837
567.394747514709,408.616814859606,4.76174017617835
138.381888678381,284.599844840399,4.5062430940879
200.504765119854,368.905508333185,3.94204969276308
123.606622843136,409.713891387629,3.3873542639093
627.444903934611,307.268313598638,4.41666788128813
-2.72502002036571,153.072289044323,4.19456473405055
543.008786537297,203.671334280899,4.21158324391043
31.6191944427635,490.49150795423,3.0075486603732
275.880546572936,23.9143959851908,3.94260378010146
532.758056643201,392.801375583556,3.4936506824937
66.1046129229109,75.0574720313301,5.15854400182617
7.68487897703205,77.7444167477208,3.62109518785959
591.739572493512,223.387014579612,3.99352559736354
443.122379374597,456.955181828887,4.69975447125177
660.148661626152,374.091359534125,2.91537798869523
108.886334040505,485.772413046986,4.39492643687181
627.923657034844,91.9843623669741,4.04710905005096
421.835697683165,260.398936983778,3.61106367418341
11.349690462088,180.965026627775,3.20909542640397
66.571811154464,117.525081698193,4.45485776464618
611.03194878563,196.126093273617,4.26027648980513
261.419637272518,220.103444031041,3.89626530717384
567.498826482138,437.287812577246,4.08949478945613
298.70448468386,137.864630336965,3.94730085453842
533.003484154787,451.763051665346,3.5366765405244
44.1404393308432,411.195254689588,3.79845512386468
196.687988447412,296.25510660507,3.87874526280599
548.283974169414,263.464981015652,3.95092833845514
164.323652241444,16.1254415058173,4.37611707912919
502.63525168166,355.054213287511,4.74287823960128
45.191838995496,59.3868379045386,3.90441364410025
541.235028773117,164.825427797205,4.42701275686332
NA,NA,NA
664.490068409038,337.31858335432,3.49525080084001
455.65820428552,295.174184704009,3.60138108429949
11.5486791321075,494.587859971968,3.56458045937204
564.65175631282,47.6421024563371,4.13063876002047
72.2610165321106,376.111673339865,4.08285388303647
230.404746627428,415.602566941263,3.97634983346636
425.715967816495,13.6690435569312,3.39538105177693
364.20902807972,289.726379694889,3.00171189000745
605.571255593516,107.259063978277,4.29825077618959
392.67266923008,234.347783561991,4.15771225415837
567.394747514709,408.616814859606,4.76174017617835
138.381888678381,284.599844840399,4.5062430940879
200.504765119854,368.905508333185,3.94204969276308
123.606622843136,409.713891387629,3.3873542639093
627.444903934611,307.268313598638,4.41666788128813
-2.72502002036571,153.072289044323,4.19456473405055
543.008786537297,203.671334280899,4.21158324391043
31.6191944427635,490.49150795423,3.0075486603732
275.880546572936,23.9143959851908,3.94260378010146
532.758056643201,392.801375583556,3.4936506824937
66.1046129229109,75.0574720313301,5.15854400182617
7.68487897703205,77.7444167477208,3.62109518785959
591.739572493512,223.387014579612,3.99352559736354
443.122379374597,456.955181828887,4.69975447125177
660.148661626152,374.091359534125,2.91537798869523
108.886334040505,485.772413046986,4.39492643687181
627.923657034844,91.9843623669741,4.04710905005096
421.835697683165,260.398936983778,3.61106367418341
11.349690462088,180.965026627775,3.20909542640397
66.571811154464,117.525081698193,4.45485776464618
611.03194878563,196.126093273617,4.26027648980513
261.419637272518,220.103444031041,3.89626530717384
567.498826482138,437.287812577246,4.08949478945613
298.70448468386,137.864630336965,3.94730085453842
533.003484154787,451.763051665346,3.5366765405244
44.1404393308432,411.195254689588,3.79845512386468
196.687988447412,296.25510660507,3.87874526280599
548.283974169414,263.464981015652,3.95092833845514
164.323652241444,16.1254415058173,4.37611707912919
502.63525168166,355.054213287511,4.74287823960128
45.191838995496,59.3868379045386,3.90441364410025
541.235028773117,164.825427797205,4.42701275686332
NA,NA,NA
664.490068409038,337.31858335432,3.49525080084001
455.65820428552,295.174184704009,3.60138108429949
11.5486791321075,494.587859971968,3.56458045937204
564.65175631282,47.6421024563371,4.13063876002047
72.2610165321106,376.111673339865,4.08285388303647
230.404746627428,415.602566941263,3.97634983346636
425.715967816495,13.6690435569312,3.39538105177693
364.20902807972,289.726379694889,3.00171189000745
605.571255593516,107.259063978277,4.29825077618959
392.67266923008,234.347783561991,4.15771225415837
567.394747514709,408.616814859606,4.76174017617835
138.381888678381,284.599844840399,4.5062430940879
200.504765119854,368.905508333185,3.94204969276308
123.606622843136,409.713891387629,3.3873542639093
627.444903934611,307.268313598638,4.41666788128813
-2.72502002036571,153.072289044323,4.19456473405055
543.008786537297,203.671334280899,4.21158324391043
31.6191944427635,490.49150795423,3.0075486603732
275.880546572936,23.9143959851908,3.94260378010146
532.758056643201,392.801375583556,3.4936506824937
66.1046129229109,75.0574720313301,5.15854400182617
7.68487897703205,77.7444167477208,3.62109518785959
591.739572493512,223.387014579612,3.99352559736354
443.122379374597,456.955181828887,4.69975447125177
660.148661626152,374.091359534125,2.91537798869523
108.886334040505,485.772413046986,4.39492643687181
627.923657034844,91.9843623669741,4.04710905005096
421.835697683165,260.398936983778,3.61106367418341
11.349690462088,180.965026627775,3.20909542640397
66.571811154464,117.525081698193,4.45485776464618
611.03194878563,196.126093273617,4.26027648980513
261.419637272518,220.103444031041,3.89626530717384
567.498826482138,437.287812577246,4.08949478945613
298.70448468386,137.864630336965,3.94730085453842
533.003484154787,451.763051665346,3.5366765405244
44.1404393308432,411.195254689588,3.79845512386468
196.687988447412,296.25510660507,3.87874526280599
548.283974169414,263.464981015652,3.95092833845514
164.323652241444,16.1254415058173,4.37611707912919
502.63525168166,355.054213287511,4.74287823960128
45.191838995496,59.3868379045386,3.90441364410025
541.235028773117,164.825427797205,4.42701275686332
NA,NA,NA
659.88856148439,332.614763480448,3.59289683390435
455.524083443437,296.110658850217,3.58858413058211
9.6366192692901,494.184102178423,3.45471063502051
561.336759708248,54.9054959530993,4.07308821597512
70.2600222628029,374.433272800507,3.94487705377734
231.523578901115,411.644958416078,3.88774921261876
428.644982614886,13.2122719900701,3.26269601661655
360.271332005941,291.121582325336,3.02886543309212
607.949277100605,104.309530775035,4.19629429149063
388.975545200074,231.335877776568,4.13259061604429
564.329867268187,411.693071819407,4.688452698409
140.790004289567,285.723144788055,4.65384879293415
195.138562361903,368.860598327453,3.97608693245353
123.495335380534,410.801420660881,3.44135362535954
626.917941250645,319.527998596025,4.44681009530512
-0.328364809788604,152.588031013681,4.22187336425771
542.233526603083,204.825487697018,4.32606711336474
34.5012060455557,492.905139420899,2.95664521231188
279.934692802048,22.1223268667899,4.13735993454527
534.824365092857,391.314237781971,3.59529630194078
73.2049444120205,82.933467640899,5.26580564609981
5.02785969541926,76.3451875317212,3.50350197265096
585.338195242242,225.079139697742,4.0907409850425
439.848355839012,464.010294088254,4.79582010549396
658.038389669182,371.775067290219,3.02137174529067
106.202555482661,491.134646701937,4.37721982342792
630.913062169752,93.6926028949866,4.05800528590969
421.908792970525,256.554842016846,3.60345684698952
10.8472459732021,183.476618286576,3.14614828569975
77.5339808761176,116.535960506233,4.58411668327171
609.121692395735,195.179635490728,4.69351191806332
253.556503229547,211.350660507657,3.52086370735099
581.224916610046,442.748362635681,3.65331893232394
305.921887827074,138.091297467812,3.73062972451639
526.983692313862,457.037709445587,3.42135884395975
53.1504222950924,430.562281985802,3.97568692431281
199.647315160153,293.632268060924,3.67569110401989
544.262162068091,261.19247592583,3.88667754608845
167.682811805605,24.2953103558771,4.24751234405428
505.572934109319,348.473116682106,4.59507761702065
38.3368463107615,48.8739751662628,4.01148180939236
528.125267805196,162.664340522837,4.63797021363441
NA,NA,NA
659.88856148439,332.614763480448,3.59289683390435
455.524083443437,296.110658850217,3.58858413058211
9.6366192692901,494.184102178423,3.45471063502051
561.336759708248,54.9054959530993,4.07308821597512
70.2600222628029,374.433272800507,3.94487705377734
231.523578901115,411.644958416078,3.88774921261876
428.644982614886,13.2122719900701,3.26269601661655
360.271332005941,291.121582325336,3.02886543309212
607.949277100605,104.309530775035,4.19629429149063
388.975545200074,231.335877776568,4.13259061604429
564.329867268187,411.693071819407,4.688452698409
140.790004289567,285.723144788055,4.65384879293415
195.138562361903,368.860598327453,3.97608693245353
123.495335380534,410.801420660881,3.44135362535954
626.917941250645,319.527998596025,4.44681009530512
-0.328364809788604,152.588031013681,4.22187336425771
542.233526603083,204.825487697018,4.32606711336474
34.5012060455557,492.905139420899,2.95664521231188
279.934692802048,22.1223268667899,4.13735993454527
534.824365092857,391.314237781971,3.59529630194078
73.2049444120205,82.933467640899,5.26580564609981
5.02785969541926,76.3451875317212,3.50350197265096
585.338195242242,225.079139697742,4.0907409850425
439.848355839012,464.010294088254,4.79582010549396
658.038389669182,371.775067290219,3.02137174529067
106.202555482661,491.134646701937,4.37721982342792
630.913062169752,93.6926028949866,4.05800528590969
421.908792970525,256.554842016846,3.60345684698952
10.8472459732021,183.476618286576,3.14614828569975
77.5339808761176,116.535960506233,4.58411668327171
609.121692395735,195.179635490728,4.69351191806332
253.556503229547,211.350660507657,3.52086370735099
581.224916610046,442.748362635681,3.65331893232394
305.921887827074,138.091297467812,3.73062972451639
526.983692313862,457.037709445587,3.42135884395975
53.1504222950924,430.562281985802,3.97568692431281
199.647315160153,293.632268060924,3.67569110401989
544.262162068091,261.19247592583,3.88667754608845
167.682811805605,24.2953103558771,4.24751234405428
505.572934109319,348.473116682106,4.59507761702065
38.3368463107615,48.8739751662628,4.01148180939236
528.125267805196,162.664340522837,4.63797021363441
NA,NA,NA
659.88856148439,332.614763480448,3.59289683390435
455.524083443437,296.110658850217,3.58858413058211
9.6366192692901,494.184102178423,3.45471063502051
561.336759708248,54.9054959530993,4.07308821597512
70.2600222628029,374.433272800507,3.94487705377734
231.523578901115,411.644958416078,3.88774921261876
428.644982614886,13.2122719900701,3.26269601661655
360.271332005941,291.121582325336,3.02886543309212
607.949277100605,104.309530775035,4.19629429149063
388.975545200074,231.335877776568,4.13259061604429
564.329867268187,411.693071819407,4.688452698409
140.790004289567,285.723144788055,4.65384879293415
195.138562361903,368.860598327453,3.97608693245353
123.495335380534,410.801420660881,3.44135362535954
626.917941250645,319.527998596025,4.44681009530512
-0.328364809788604,152.588031013681,4.22187336425771
542.233526603083,204.825487697018,4.32606711336474
34.5012060455557,492.905139420899,2.95664521231188
279.934692802048,22.1223268667899,4.13735993454527
534.824365092857,391.314237781971,3.59529630194078
73.2049444120205,82.933467640899,5.26580564609981
5.02785969541926,76.3451875317212,3.50350197265096
585.338195242242,225.079139697742,4.0907409850425
439.848355839012,464.010294088254,4.79582010549396
658.038389669182,371.775067290219,3.02137174529067
106.202555482661,491.134646701937,4.37721982342792
630.913062169752,93.6926028949866,4.05800528590969
421.908792970525,256.554842016846,3.60345684698952
10.8472459732021,183.476618286576,3.14614828569975
77.5339808761176,116.535960506233,4.58411668327171
609.121692395735,195.179635490728,4.69351191806332
253.556503229547,211.350660507657,3.52086370735099
581.224916610046,442.748362635681,3.65331893232394
305.921887827074,138.091297467812,3.73062972451639
526.983692313862,457.037709445587,3.42135884395975
53.1504222950924,430.562281985802,3.97568692431281
199.647315160153,293.632268060924,3.67569110401989
544.262162068091,261.19247592583,3.88667754608845
167.682811805605,24.2953103558771,4.24751234405428
505.572934109319,348.473116682106,4.59507761702065
38.3368463107615,48.8739751662628,4.01148180939236
528.125267805196,162.664340522837,4.63797021363441
NA,NA,NA
659.88856148439,332.614763480448,3.59289683390435
455.524083443437,296.110658850217,3.58858413058211
9.6366192692901,494.184102178423,3.45471063502051
561.336759708248,54.9054959530993,4.07308821597512
70.2600222628029,374.433272800507,3.94487705377734
231.523578901115,411.644958416078,3.88774921261876
428.644982614886,13.2122719900701,3.26269601661655
360.271332005941,291.121582325336,3.02886543309212
607.949277100605,104.309530775035,4.19629429149063
388.975545200074,231.335877776568,4.13259061604429
564.329867268187,411.693071819407,4.688452698409
140.790004289567,285.723144788055,4.65384879293415
195.138562361903,368.860598327453,3.97608693245353
123.495335380534,410.801420660881,3.44135362535954
626.917941250645,319.527998596025,4.44681009530512
-0.328364809788604,152.588031013681,4.22187336425771
542.233526603083,204.825487697018,4.32606711336474
34.5012060455557,492.905139420899,2.95664521231188
279.934692802048,22.1223268667899,4.13735993454527
534.824365092857,391.314237781971,3.59529630194078
73.2049444120205,82.933467640899,5.26580564609981
5.02785969541926,76.3451875317212,3.50350197265096
585.338195242242,225.079139697742,4.0907409850425
439.848355839012,464.010294088254,4.79582010549396
658.038389669182,371.775067290219,3.02137174529067
106.202555482661,491.134646701937,4.37721982342792
630.913062169752,93.6926028949866,4.05800528590969
421.908792970525,256.554842016846,3.60345684698952
10.8472459732021,183.476618286576,3.14614828569975
77.5339808761176,116.535960506233,4.58411668327171
609.121692395735,195.179635490728,4.69351191806332
253.556503229547,211.350660507657,3.52086370735099
581.224916610046,442.748362635681,3.65331893232394
305.921887827074,138.091297467812,3.73062972451639
526.983692313862,457.037709445587,3.42135884395975
53.1504222950924,430.562281985802,3.97568692431281
199.647315160153,293.632268060924,3.67569110401989
544.262162068091,261.19247592583,3.88667754608845
167.682811805605,24.2953103558771,4.24751234405428
505.572934109319,348.473116682106,4.59507761702065
38.3368463107615,48.8739751662628,4.01148180939236
528.125267805196,162.664340522837,4.63797021363441
NA,NA,NA
659.88856148439,332.614763480448,3.59289683390435
455.524083443437,296.110658850217,3.58858413058211
9.6366192692901,494.184102178423,3.45471063502051
561.336759708248,54.9054959530993,4.07308821597512
70.2600222628029,374.433272800507,3.94487705377734
231.523578901115,411.644958416078,3.88774921261876
428.644982614886,13.2122719900701,3.26269601661655
360.271332005941,291.121582325336,3.02886543309212
607.949277100605,104.309530775035,4.19629429149063
388.975545200074,231.335877776568,4.13259061604429
564.329867268187,411.693071819407,4.688452698409
140.790004289567,285.723144788055,4.65384879293415
195.138562361903,368.860598327453,3.97608693245353
123.495335380534,410.801420660881,3.44135362535954
626.917941250645,319.527998596025,4.44681009530512
-0.328364809788604,152.588031013681,4.22187336425771
542.233526603083,204.825487697018,4.32606711336474
34.5012060455557,492.905139420899,2.95664521231188
279.934692802048,22.1223268667899,4.13735993454527
534.824365092857,391.314237781971,3.59529630194078
73.2049444120205,82.933467640899,5.26580564609981
5.02785969541926,76.3451875317212,3.50350197265096
585.338195242242,225.079139697742,4.0907409850425
439.848355839012,464.010294088254,4.79582010549396
658.038389669182,371.775067290219,3.02137174529067
106.202555482661,491.134646701937,4.37721982342792
630.913062169752,93.6926028949866,4.05800528590969
421.908792970525,256.554842016846,3.60345684698952
10.8472459732021,183.476618286576,3.14614828569975
77.5339808761176,116.535960506233,4.58411668327171
609.121692395735,195.179635490728,4.69351191806332
253.556503229547,211.350660507657,3.52086370735099
581.224916610046,442.748362635681,3.65331893232394
305.921887827074,138.091297467812,3.73062972451639
526.983692313862,457.037709445587,3.42135884395975
53.1504222950924,430.562281985802,3.97568692431281
199.647315160153,293.632268060924,3.67569110401989
544.262162068091,261.19247592583,3.88667754608845
167.682811805605,24.2953103558771,4.24751234405428
505.572934109319,348.473116682106,4.59507761702065
38.3368463107615,48.8739751662628,4.01148180939236
528.125267805196,162.664340522837,4.63797021363441
NA,NA,NA
659.88856148439,332.614763480448,3.59289683390435
455.524083443437,296.110658850217,3.58858413058211
9.6366192692901,494.184102178423,3.45471063502051
561.336759708248,54.9054959530993,4.07308821597512
70.2600222628029,374.433272800507,3.94487705377734
231.523578901115,411.644958416078,3.88774921261876
428.644982614886,13.2122719900701,3.26269601661655
360.271332005941,291.121582325336,3.02886543309212
607.949277100605,104.309530775035,4.19629429149063
388.975545200074,231.335877776568,4.13259061604429
564.329867268187,411.693071819407,4.688452698409
140.790004289567,285.723144788055,4.65384879293415
195.138562361903,368.860598327453,3.97608693245353
123.495335380534,410.801420660881,3.44135362535954
626.917941250645,319.527998596025,4.44681009530512
-0.328364809788604,152.588031013681,4.22187336425771
542.233526603083,204.825487697018,4.32606711336474
34.5012060455557,492.905139420899,2.95664521231188
279.934692802048,22.1223268667899,4.13735993454527
534.824365092857,391.314237781971,3.59529630194078
73.2049444120205,82.933467640899,5.26580564609981
5.02785969541926,76.3451875317212,3.50350197265096
585.338195242242,225.079139697742,4.0907409850425
439.848355839012,464.010294088254,4.79582010549396
658.038389669182,371.775067290219,3.02137174529067
106.202555482661,491.134646701937,4.37721982342792
630.913062169752,93.6926028949866,4.05800528590969
421.908792970525,256.554842016846,3.60345684698952
10.8472459732021,183.476618286576,3.14614828569975
77.5339808761176,116.535960506233,4.58411668327171
609.121692395735,195.179635490728,4.69351191806332
253.556503229547,211.350660507657,3.52086370735099
581.224916610046,442.748362635681,3.65331893232394
305.921887827074,138.091297467812,3.73062972451639
526.983692313862,457.037709445587,3.42135884395975
53.1504222950924,430.562281985802,3.97568692431281
199.647315160153,293.632268060924,3.67569110401989
544.262162068091,261.19247592583,3.88667754608845
167.682811805605,24.2953103558771,4.24751234405428
505.572934109319,348.473116682106,4.59507761702065
38.3368463107615,48.8739751662628,4.01148180939236
528.125267805196,162.664340522837,4.63797021363441
NA,NA,NA
666.111750728467,333.669957669713,3.40570737062797
454.144853662821,299.206850304298,3.52961109549994
11.2078066673783,493.87824506858,3.5342632860401
558.116592669035,46.6515565986706,4.17244204205512
73.6213732136757,374.661276251386,3.98073078061143
229.08500716122,411.928289184816,3.87581216708794
429.039067418585,13.418379321744,3.46389937218567
362.853881720692,291.306117965648,3.06737873690347
603.111600124661,102.544450654495,4.18742851304028
395.640752057648,226.728454405701,4.32751447347492
571.273770262796,407.773938645502,4.72724557217881
144.312640704377,282.916206026912,4.67008714189733
199.210035294875,370.556046948375,4.02090915001356
127.855170464518,409.608127430981,3.47551082424584
631.738647166606,313.068715876765,4.45576132547932
-2.98158932489786,139.637769009782,4.22800893328062
541.951130070392,202.575560525573,4.19331862125983
34.0070804959526,492.59426835743,2.87243759545575
278.566173725587,23.8648856506186,3.79102216490142
535.117084402278,391.064144043039,3.30131501331848
79.4667142440927,68.5909659906376,5.35258664261765
7.95808507803396,74.4889358563155,3.36238522005488
590.059897485708,223.658346724053,4.08018794002154
439.546622205713,466.755200046873,4.76769880007536
657.504769096324,373.448540235092,3.27587475643789
108.777862336978,485.781987789025,4.34575503357024
618.787270841895,91.5431414679034,4.06841802420129
421.597749051365,260.602013532654,3.58251422802326
14.0885434106129,182.724153746359,3.16267891285434
65.1117118755033,116.264394678877,4.61372873126134
614.286258190656,196.459242783129,4.22652494554807
244.511884363949,215.251935176444,3.57050057386036
569.715420859369,426.728489754064,3.58266291626403
303.299275595995,140.056718752921,3.70026907428363
530.134785961451,463.16092249578,3.35870062382908
56.1012215027039,417.585147617804,3.91611142331549
196.651514497895,291.633898818592,4.15631950306366
552.075361612466,262.266178672668,3.94790761059465
173.659711409657,34.7419354710566,4.33531870781739
510.791259085166,343.039357783136,4.7678019035971
40.6066270716827,50.5658399732113,3.82540331865573
521.206720664877,130.37156124695,4.80085352556501
NA,NA,NA
666.111750728467,333.669957669713,3.40570737062797
454.144853662821,299.206850304298,3.52961109549994
11.2078066673783,493.87824506858,3.5342632860401
558.116592669035,46.6515565986706,4.17244204205512
73.6213732136757,374.661276251386,3.98073078061143
229.08500716122,411.928289184816,3.87581216708794
429.039067418585,13.418379321744,3.46389937218567
362.853881720692,291.306117965648,3.06737873690347
603.111600124661,102.544450654495,4.18742851304028
395.640752057648,226.728454405701,4.32751447347492
571.273770262796,407.773938645502,4.72724557217881
144.312640704377,282.916206026912,4.67008714189733
199.210035294875,370.556046948375,4.02090915001356
127.855170464518,409.608127430981,3.47551082424584
631.738647166606,313.068715876765,4.45576132547932
-2.98158932489786,139.637769009782,4.22800893328062
541.951130070392,202.575560525573,4.19331862125983
34.0070804959526,492.59426835743,2.87243759545575
278.566173725587,23.8648856506186,3.79102216490142
535.117084402278,391.064144043039,3.30131501331848
79.4667142440927,68.5909659906376,5.35258664261765
7.95808507803396,74.4889358563155,3.36238522005488
590.059897485708,223.658346724053,4.08018794002154
439.546622205713,466.755200046873,4.76769880007536
657.504769096324,373.448540235092,3.27587475643789
108.777862336978,485.781987789025,4.34575503357024
618.787270841895,91.5431414679034,4.06841802420129
421.597749051365,260.602013532654,3.58251422802326
14.0885434106129,182.724153746359,3.16267891285434
65.1117118755033,116.264394678877,4.61372873126134
614.286258190656,196.459242783129,4.22652494554807
244.511884363949,215.251935176444,3.57050057386036
569.715420859369,426.728489754064,3.58266291626403
303.299275595995,140.056718752921,3.70026907428363
530.134785961451,463.16092249578,3.35870062382908
56.1012215027039,417.585147617804,3.91611142331549
196.651514497895,291.633898818592,4.15631950306366
552.075361612466,262.266178672668,3.94790761059465
173.659711409657,34.7419354710566,4.33531870781739
510.791259085166,343.039357783136,4.7678019035971
40.6066270716827,50.5658399732113,3.82540331865573
521.206720664877,130.37156124695,4.80085352556501
NA,NA,NA
666.111750728467,333.669957669713,3.40570737062797
454.144853662821,299.206850304298,3.52961109549994
11.2078066673783,493.87824506858,3.5342632860401
558.116592669035,46.6515565986706,4.17244204205512
73.6213732136757,374.661276251386,3.98073078061143
229.08500716122,411.928289184816,3.87581216708794
429.039067418585,13.418379321744,3.46389937218567
362.853881720692,291.306117965648,3.06737873690347
603.111600124661,102.544450654495,4.18742851304028
395.640752057648,226.728454405701,4.32751447347492
571.273770262796,407.773938645502,4.72724557217881
144.312640704377,282.916206026912,4.67008714189733
199.210035294875,370.556046948375,4.02090915001356
127.855170464518,409.608127430981,3.47551082424584
631.738647166606,313.068715876765,4.45576132547932
-2.98158932489786,139.637769009782,4.22800893328062
541.951130070392,202.575560525573,4.19331862125983
34.0070804959526,492.59426835743,2.87243759545575
278.566173725587,23.8648856506186,3.79102216490142
535.117084402278,391.064144043039,3.30131501331848
79.4667142440927,68.5909659906376,5.35258664261765
7.95808507803396,74.4889358563155,3.36238522005488
590.059897485708,223.658346724053,4.08018794002154
439.546622205713,466.755200046873,4.76769880007536
657.504769096324,373.448540235092,3.27587475643789
108.777862336978,485.781987789025,4.34575503357024
618.787270841895,91.5431414679034,4.06841802420129
421.597749051365,260.602013532654,3.58251422802326
14.0885434106129,182.724153746359,3.16267891285434
65.1117118755033,116.264394678877,4.61372873126134
614.286258190656,196.459242783129,4.22652494554807
244.511884363949,215.251935176444,3.57050057386036
569.715420859369,426.728489754064,3.58266291626403
303.299275595995,140.056718752921,3.70026907428363
530.134785961451,463.16092249578,3.35870062382908
56.1012215027039,417.585147617804,3.91611142331549
196.651514497895,291.633898818592,4.15631950306366
552.075361612466,262.266178672668,3.94790761059465
173.659711409657,34.7419354710566,4.33531870781739
510.791259085166,343.039357783136,4.7678019035971
40.6066270716827,50.5658399732113,3.82540331865573
521.206720664877,130.37156124695,4.80085352556501
NA,NA,NA
666.111750728467,333.669957669713,3.40570737062797
454.144853662821,299.206850304298,3.52961109549994
11.2078066673783,493.87824506858,3.5342632860401
558.116592669035,46.6515565986706,4.17244204205512
73.6213732136757,374.661276251386,3.98073078061143
229.08500716122,411.928289184816,3.87581216708794
429.039067418585,13.418379321744,3.46389937218567
362.853881720692,291.306117965648,3.06737873690347
603.111600124661,102.544450654495,4.18742851304028
395.640752057648,226.728454405701,4.32751447347492
571.273770262796,407.773938645502,4.72724557217881
144.312640704377,282.916206026912,4.67008714189733
199.210035294875,370.556046948375,4.02090915001356
127.855170464518,409.608127430981,3.47551082424584
631.738647166606,313.068715876765,4.45576132547932
-2.98158932489786,139.637769009782,4.22800893328062
541.951130070392,202.575560525573,4.19331862125983
34.0070804959526,492.59426835743,2.87243759545575
278.566173725587,23.8648856506186,3.79102216490142
535.117084402278,391.064144043039,3.30131501331848
79.4667142440927,68.5909659906376,5.35258664261765
7.95808507803396,74.4889358563155,3.36238522005488
590.059897485708,223.658346724053,4.08018794002154
439.546622205713,466.755200046873,4.76769880007536
657.504769096324,373.448540235092,3.27587475643789
108.777862336978,485.781987789025,4.34575503357024
618.787270841895,91.5431414679034,4.06841802420129
421.597749051365,260.602013532654,3.58251422802326
14.0885434106129,182.724153746359,3.16267891285434
65.1117118755033,116.264394678877,4.61372873126134
614.286258190656,196.459242783129,4.22652494554807
244.511884363949,215.251935176444,3.57050057386036
569.715420859369,426.728489754064,3.58266291626403
303.299275595995,140.056718752921,3.70026907428363
530.134785961451,463.16092249578,3.35870062382908
56.1012215027039,417.585147617804,3.91611142331549
196.651514497895,291.633898818592,4.15631950306366
552.075361612466,262.266178672668,3.94790761059465
173.659711409657,34.7419354710566,4.33531870781739
510.791259085166,343.039357783136,4.7678019035971
40.6066270716827,50.5658399732113,3.82540331865573
521.206720664877,130.37156124695,4.80085352556501
NA,NA,NA
666.111750728467,333.669957669713,3.40570737062797
454.144853662821,299.206850304298,3.52961109549994
11.2078066673783,493.87824506858,3.5342632860401
558.116592669035,46.6515565986706,4.17244204205512
73.6213732136757,374.661276251386,3.98073078061143
229.08500716122,411.928289184816,3.87581216708794
429.039067418585,13.418379321744,3.46389937218567
362.853881720692,291.306117965648,3.06737873690347
603.111600124661,102.544450654495,4.18742851304028
395.640752057648,226.728454405701,4.32751447347492
571.273770262796,407.773938645502,4.72724557217881
144.312640704377,282.916206026912,4.67008714189733
199.210035294875,370.556046948375,4.02090915001356
127.855170464518,409.608127430981,3.47551082424584
631.738647166606,313.068715876765,4.45576132547932
-2.98158932489786,139.637769009782,4.22800893328062
541.951130070392,202.575560525573,4.19331862125983
34.0070804959526,492.59426835743,2.87243759545575
278.566173725587,23.8648856506186,3.79102216490142
535.117084402278,391.064144043039,3.30131501331848
79.4667142440927,68.5909659906376,5.35258664261765
7.95808507803396,74.4889358563155,3.36238522005488
590.059897485708,223.658346724053,4.08018794002154
439.546622205713,466.755200046873,4.76769880007536
657.504769096324,373.448540235092,3.27587475643789
108.777862336978,485.781987789025,4.34575503357024
618.787270841895,91.5431414679034,4.06841802420129
421.597749051365,260.602013532654,3.58251422802326
14.0885434106129,182.724153746359,3.16267891285434
65.1117118755033,116.264394678877,4.61372873126134
614.286258190656,196.459242783129,4.22652494554807
244.511884363949,215.251935176444,3.57050057386036
569.715420859369,426.728489754064,3.58266291626403
303.299275595995,140.056718752921,3.70026907428363
530.134785961451,463.16092249578,3.35870062382908
56.1012215027039,417.585147617804,3.91611142331549
196.651514497895,291.633898818592,4.15631950306366
552.075361612466,262.266178672668,3.94790761059465
173.659711409657,34.7419354710566,4.33531870781739
510.791259085166,343.039357783136,4.7678019035971
40.6066270716827,50.5658399732113,3.82540331865573
521.206720664877,130.37156124695,4.80085352556501
NA,NA,NA
666.111750728467,333.669957669713,3.40570737062797
454.144853662821,299.206850304298,3.52961109549994
11.2078066673783,493.87824506858,3.5342632860401
558.116592669035,46.6515565986706,4.17244204205512
73.6213732136757,374.661276251386,3.98073078061143
229.08500716122,411.928289184816,3.87581216708794
429.039067418585,13.418379321744,3.46389937218567
362.853881720692,291.306117965648,3.06737873690347
603.111600124661,102.544450654495,4.18742851304028
395.640752057648,226.728454405701,4.32751447347492
571.273770262796,407.773938645502,4.72724557217881
144.312640704377,282.916206026912,4.67008714189733
199.210035294875,370.556046948375,4.02090915001356
127.855170464518,409.608127430981,3.47551082424584
631.738647166606,313.068715876765,4.45576132547932
-2.98158932489786,139.637769009782,4.22800893328062
541.951130070392,202.575560525573,4.19331862125983
34.0070804959526,492.59426835743,2.87243759545575
278.566173725587,23.8648856506186,3.79102216490142
535.117084402278,391.064144043039,3.30131501331848
79.4667142440927,68.5909659906376,5.35258664261765
7.95808507803396,74.4889358563155,3.36238522005488
590.059897485708,223.658346724053,4.08018794002154
439.546622205713,466.755200046873,4.76769880007536
657.504769096324,373.448540235092,3.27587475643789
108.777862336978,485.781987789025,4.34575503357024
618.787270841895,91.5431414679034,4.06841802420129
421.597749051365,260.602013532654,3.58251422802326
14.0885434106129,182.724153746359,3.16267891285434
65.1117118755033,116.264394678877,4.61372873126134
614.286258190656,196.459242783129,4.22652494554807
244.511884363949,215.251935176444,3.57050057386036
569.715420859369,426.728489754064,3.58266291626403
303.299275595995,140.056718752921,3.70026907428363
530.134785961451,463.16092249578,3.35870062382908
56.1012215027039,417.585147617804,3.91611142331549
196.651514497895,291.633898818592,4.15631950306366
552.075361612466,262.266178672668,3.94790761059465
173.659711409657,34.7419354710566,4.33531870781739
510.791259085166,343.039357783136,4.7678019035971
40.6066270716827,50.5658399732113,3.82540331865573
521.206720664877,130.37156124695,4.80085352556501
NA,NA,NA
658.878314840704,331.323533991836,3.46037918845191
453.506691890776,295.572825308262,3.72672693548776
7.81204555401348,491.703010061767,3.62800745377436
565.550232360279,53.2295901426782,4.20933015193908
73.8922161348283,375.443747797532,3.97409119595627
227.632056763173,409.177458770921,3.9685039334573
429.164624474574,14.6296884830263,3.37421871164819
361.81222472468,290.198831491383,2.99204955036815
603.274179434212,99.0689117399079,4.17540989860268
391.151108666009,229.595428550777,4.27630781928039
565.60165965747,412.197955549949,4.74025597780179
138.797642126269,287.382034465675,4.4875907964036
198.343726934647,368.835277742879,3.9798040729587
126.807094448948,411.238245793899,3.40228043202054
626.802111585597,308.079171900056,4.51683979289836
3.94537584145929,149.680719085203,4.31514860888212
545.774933331498,207.641340655841,4.22134248476662
33.5273566865288,493.648584322798,2.87319460113067
278.267043982471,22.633125459883,3.88289820871946
532.215690956556,389.489050461368,3.42727932923146
68.6967107826795,72.7634804470517,5.17954955549365
4.48737661201394,73.9866169811526,3.44617974780052
590.057395701699,229.265121430911,4.03794928913971
435.478505683409,464.532006497397,4.75512948507742
659.188797149397,372.079546287926,2.99172891108317
101.324057567595,486.482896983948,4.42060331937198
626.120060282423,92.4191163496852,4.11467262294502
419.144856189948,260.446574015975,3.68853566553993
11.0838217973068,182.13638628245,3.16320081657
70.1134559117123,108.089195452685,4.59289784495468
600.272109714113,206.341725654593,4.35152890009559
253.638625741511,218.003982806008,3.92575520121968
575.00568332114,430.293968154173,3.79636255527154
298.182762517783,139.227827869165,3.94544629740667
519.413326404839,457.805441432085,3.64860507151608
41.9450296692648,407.290106047955,3.9544184436362
201.229737036533,273.0570260623,4.06770443965176
545.811644410249,256.426949839931,3.64728887191142
164.740395622143,19.7056707763014,4.08297994995497
496.803150062121,342.572183406815,4.53697840975714
38.3031818881715,55.2529339781799,3.51869303122796
521.501380653982,150.337721049576,4.61709469902255
NA,NA,NA
658.878314840704,331.323533991836,3.46037918845191
453.506691890776,295.572825308262,3.72672693548776
7.81204555401348,491.703010061767,3.62800745377436
565.550232360279,53.2295901426782,4.20933015193908
73.8922161348283,375.443747797532,3.97409119595627
227.632056763173,409.177458770921,3.9685039334573
429.164624474574,14.6296884830263,3.37421871164819
361.81222472468,290.198831491383,2.99204955036815
603.274179434212,99.0689117399079,4.17540989860268
391.151108666009,229.595428550777,4.27630781928039
565.60165965747,412.197955549949,4.74025597780179
138.797642126269,287.382034465675,4.4875907964036
198.343726934647,368.835277742879,3.9798040729587
126.807094448948,411.238245793899,3.40228043202054
626.802111585597,308.079171900056,4.51683979289836
3.94537584145929,149.680719085203,4.31514860888212
545.774933331498,207.641340655841,4.22134248476662
33.5273566865288,493.648584322798,2.87319460113067
278.267043982471,22.633125459883,3.88289820871946
532.215690956556,389.489050461368,3.42727932923146
68.6967107826795,72.7634804470517,5.17954955549365
4.48737661201394,73.9866169811526,3.44617974780052
590.057395701699,229.265121430911,4.03794928913971
435.478505683409,464.532006497397,4.75512948507742
659.188797149397,372.079546287926,2.99172891108317
101.324057567595,486.482896983948,4.42060331937198
626.120060282423,92.4191163496852,4.11467262294502
419.144856189948,260.446574015975,3.68853566553993
11.0838217973068,182.13638628245,3.16320081657
70.1134559117123,108.089195452685,4.59289784495468
600.272109714113,206.341725654593,4.35152890009559
253.638625741511,218.003982806008,3.92575520121968
575.00568332114,430.293968154173,3.79636255527154
298.182762517783,139.227827869165,3.94544629740667
519.413326404839,457.805441432085,3.64860507151608
41.9450296692648,407.290106047955,3.9544184436362
201.229737036533,273.0570260623,4.06770443965176
545.811644410249,256.426949839931,3.64728887191142
164.740395622143,19.7056707763014,4.08297994995497
496.803150062121,342.572183406815,4.53697840975714
38.3031818881715,55.2529339781799,3.51869303122796
521.501380653982,150.337721049576,4.61709469902255
NA,NA,NA
658.878314840704,331.323533991836,3.46037918845191
453.506691890776,295.572825308262,3.72672693548776
7.81204555401348,491.703010061767,3.62800745377436
565.550232360279,53.2295901426782,4.20933015193908
73.8922161348283,375.443747797532,3.97409119595627
227.632056763173,409.177458770921,3.9685039334573
429.164624474574,14.6296884830263,3.37421871164819
361.81222472468,290.198831491383,2.99204955036815
603.274179434212,99.0689117399079,4.17540989860268
391.151108666009,229.595428550777,4.27630781928039
565.60165965747,412.197955549949,4.74025597780179
138.797642126269,287.382034465675,4.4875907964036
198.343726934647,368.835277742879,3.9798040729587
126.807094448948,411.238245793899,3.40228043202054
626.802111585597,308.079171900056,4.51683979289836
3.94537584145929,149.680719085203,4.31514860888212
545.774933331498,207.641340655841,4.22134248476662
33.5273566865288,493.648584322798,2.87319460113067
278.267043982471,22.633125459883,3.88289820871946
532.215690956556,389.489050461368,3.42727932923146
68.6967107826795,72.7634804470517,5.17954955549365
4.48737661201394,73.9866169811526,3.44617974780052
590.057395701699,229.265121430911,4.03794928913971
435.478505683409,464.532006497397,4.75512948507742
659.188797149397,372.079546287926,2.99172891108317
101.324057567595,486.482896983948,4.42060331937198
626.120060282423,92.4191163496852,4.11467262294502
419.144856189948,260.446574015975,3.68853566553993
11.0838217973068,182.13638628245,3.16320081657
70.1134559117123,108.089195452685,4.59289784495468
600.272109714113,206.341725654593,4.35152890009559
253.638625741511,218.003982806008,3.92575520121968
575.00568332114,430.293968154173,3.79636255527154
298.182762517783,139.227827869165,3.94544629740667
519.413326404839,457.805441432085,3.64860507151608
41.9450296692648,407.290106047955,3.9544184436362
201.229737036533,273.0570260623,4.06770443965176
545.811644410249,256.426949839931,3.64728887191142
164.740395622143,19.7056707763014,4.08297994995497
496.803150062121,342.572183406815,4.53697840975714
38.3031818881715,55.2529339781799,3.51869303122796
521.501380653982,150.337721049576,4.61709469902255
NA,NA,NA
658.878314840704,331.323533991836,3.46037918845191
453.506691890776,295.572825308262,3.72672693548776
7.81204555401348,491.703010061767,3.62800745377436
565.550232360279,53.2295901426782,4.20933015193908
73.8922161348283,375.443747797532,3.97409119595627
227.632056763173,409.177458770921,3.9685039334573
429.164624474574,14.6296884830263,3.37421871164819
361.81222472468,290.198831491383,2.99204955036815
603.274179434212,99.0689117399079,4.17540989860268
391.151108666009,229.595428550777,4.27630781928039
565.60165965747,412.197955549949,4.74025597780179
138.797642126269,287.382034465675,4.4875907964036
198.343726934647,368.835277742879,3.9798040729587
126.807094448948,411.238245793899,3.40228043202054
626.802111585597,308.079171900056,4.51683979289836
3.94537584145929,149.680719085203,4.31514860888212
545.774933331498,207.641340655841,4.22134248476662
33.5273566865288,493.648584322798,2.87319460113067
278.267043982471,22.633125459883,3.88289820871946
532.215690956556,389.489050461368,3.42727932923146
68.6967107826795,72.7634804470517,5.17954955549365
4.48737661201394,73.9866169811526,3.44617974780052
590.057395701699,229.265121430911,4.03794928913971
435.478505683409,464.532006497397,4.75512948507742
659.188797149397,372.079546287926,2.99172891108317
101.324057567595,486.482896983948,4.42060331937198
626.120060282423,92.4191163496852,4.11467262294502
419.144856189948,260.446574015975,3.68853566553993
11.0838217973068,182.13638628245,3.16320081657
70.1134559117123,108.089195452685,4.59289784495468
600.272109714113,206.341725654593,4.35152890009559
253.638625741511,218.003982806008,3.92575520121968
575.00568332114,430.293968154173,3.79636255527154
298.182762517783,139.227827869165,3.94544629740667
519.413326404839,457.805441432085,3.64860507151608
41.9450296692648,407.290106047955,3.9544184436362
201.229737036533,273.0570260623,4.06770443965176
545.811644410249,256.426949839931,3.64728887191142
164.740395622143,19.7056707763014,4.08297994995497
496.803150062121,342.572183406815,4.53697840975714
38.3031818881715,55.2529339781799,3.51869303122796
521.501380653982,150.337721049576,4.61709469902255
NA,NA,NA
658.878314840704,331.323533991836,3.46037918845191
453.506691890776,295.572825308262,3.72672693548776
7.81204555401348,491.703010061767,3.62800745377436
565.550232360279,53.2295901426782,4.20933015193908
73.8922161348283,375.443747797532,3.97409119595627
227.632056763173,409.177458770921,3.9685039334573
429.164624474574,14.6296884830263,3.37421871164819
361.81222472468,290.198831491383,2.99204955036815
603.274179434212,99.0689117399079,4.17540989860268
391.151108666009,229.595428550777,4.27630781928039
565.60165965747,412.197955549949,4.74025597780179
138.797642126269,287.382034465675,4.4875907964036
198.343726934647,368.835277742879,3.9798040729587
126.807094448948,411.238245793899,3.40228043202054
626.802111585597,308.079171900056,4.51683979289836
3.94537584145929,149.680719085203,4.31514860888212
545.774933331498,207.641340655841,4.22134248476662
33.5273566865288,493.648584322798,2.87319460113067
278.267043982471,22.633125459883,3.88289820871946
532.215690956556,389.489050461368,3.42727932923146
68.6967107826795,72.7634804470517,5.17954955549365
4.48737661201394,73.9866169811526,3.44617974780052
590.057395701699,229.265121430911,4.03794928913971
435.478505683409,464.532006497397,4.75512948507742
659.188797149397,372.079546287926,2.99172891108317
101.324057567595,486.482896983948,4.42060331937198
626.120060282423,92.4191163496852,4.11467262294502
419.144856189948,260.446574015975,3.68853566553993
11.0838217973068,182.13638628245,3.16320081657
70.1134559117123,108.089195452685,4.59289784495468
600.272109714113,206.341725654593,4.35152890009559
253.638625741511,218.003982806008,3.92575520121968
575.00568332114,430.293968154173,3.79636255527154
298.182762517783,139.227827869165,3.94544629740667
519.413326404839,457.805441432085,3.64860507151608
41.9450296692648,407.290106047955,3.9544184436362
201.229737036533,273.0570260623,4.06770443965176
545.811644410249,256.426949839931,3.64728887191142
164.740395622143,19.7056707763014,4.08297994995497
496.803150062121,342.572183406815,4.53697840975714
38.3031818881715,55.2529339781799,3.51869303122796
521.501380653982,150.337721049576,4.61709469902255
NA,NA,NA
658.878314840704,331.323533991836,3.46037918845191
453.506691890776,295.572825308262,3.72672693548776
7.81204555401348,491.703010061767,3.62800745377436
565.550232360279,53.2295901426782,4.20933015193908
73.8922161348283,375.443747797532,3.97409119595627
227.632056763173,409.177458770921,3.9685039334573
429.164624474574,14.6296884830263,3.37421871164819
361.81222472468,290.198831491383,2.99204955036815
603.274179434212,99.0689117399079,4.17540989860268
391.151108666009,229.595428550777,4.27630781928039
565.60165965747,412.197955549949,4.74025597780179
138.797642126269,287.382034465675,4.4875907964036
198.343726934647,368.835277742879,3.9798040729587
126.807094448948,411.238245793899,3.40228043202054
626.802111585597,308.079171900056,4.51683979289836
3.94537584145929,149.680719085203,4.31514860888212
545.774933331498,207.641340655841,4.22134248476662
33.5273566865288,493.648584322798,2.87319460113067
278.267043982471,22.633125459883,3.88289820871946
532.215690956556,389.489050461368,3.42727932923146
68.6967107826795,72.7634804470517,5.17954955549365
4.48737661201394,73.9866169811526,3.44617974780052
590.057395701699,229.265121430911,4.03794928913971
435.478505683409,464.532006497397,4.75512948507742
659.188797149397,372.079546287926,2.99172891108317
101.324057567595,486.482896983948,4.42060331937198
626.120060282423,92.4191163496852,4.11467262294502
419.144856189948,260.446574015975,3.68853566553993
11.0838217973068,182.13638628245,3.16320081657
70.1134559117123,108.089195452685,4.59289784495468
600.272109714113,206.341725654593,4.35152890009559
253.638625741511,218.003982806008,3.92575520121968
575.00568332114,430.293968154173,3.79636255527154
298.182762517783,139.227827869165,3.94544629740667
519.413326404839,457.805441432085,3.64860507151608
41.9450296692648,407.290106047955,3.9544184436362
201.229737036533,273.0570260623,4.06770443965176
545.811644410249,256.426949839931,3.64728887191142
164.740395622143,19.7056707763014,4.08297994995497
496.803150062121,342.572183406815,4.53697840975714
38.3031818881715,55.2529339781799,3.51869303122796
521.501380653982,150.337721049576,4.61709469902255
NA,NA,NA
665.160656324022,330.629382443199,3.46480625489754
456.159114074595,296.748197176465,3.69845471955107
9.34342361178984,496.575797326951,3.54143116708748
561.926629416164,47.6081394270514,4.3485356777731
69.4597965359821,374.132898446727,4.08917484834514
230.266407178645,415.889050391113,3.84049479946684
428.442200166005,10.3181334325333,3.29628594612021
364.368064129443,291.659118885525,3.07656116638256
602.31066467702,104.876072832294,4.12669901696455
390.939843093914,226.891289980199,4.15530024226461
571.079533665913,405.15212465898,4.79297013534819
140.126134170489,282.652238955044,4.50046231507004
197.676955634644,369.619607442554,4.06842355957903
124.574111343028,413.270801991213,3.50817779715308
629.2275371093,313.74668762797,4.53091722551392
0.986505763802251,147.254494284696,4.31191222116194
542.827741769055,204.37864667603,4.00276113250316
35.8489523400075,493.856419060714,2.96307516473298
282.892261068004,25.0343901477506,3.94995708296187
536.69151663287,392.246548976198,3.56429148256896
71.1443818365406,82.2962204177601,5.34242687285149
7.85562700476121,78.0920271312181,3.58449913247223
593.015823481117,225.47107479629,4.09143214511105
436.271413871303,461.187624489848,4.78830829949851
659.175615689797,372.527921572743,3.1343584373597
102.114410107632,485.64704229933,4.34978003587508
621.971939580877,88.4982264905652,4.08449787147074
419.167061334897,258.460343565427,3.65421960416627
10.5588114379351,182.785386209248,3.25719420171354
69.7554101370042,125.583971055014,4.65560827922877
615.719610636093,204.838147437646,3.97543334975443
247.965288359715,217.503395112995,3.71555122190524
564.963299543252,437.316626632187,3.77200381651736
299.92485997038,136.047679656404,3.97500202163912
522.423570642402,459.918219605323,3.81399928761272
54.2222405628873,414.731523130384,4.13063931634998
210.323108278784,292.208149895996,4.23413902447423
544.219820902809,258.152329303027,3.93313129617233
172.022990897225,23.3425863950321,4.30918866532018
514.846721296308,340.603801586906,4.58645108697411
46.1566078196723,51.5981769007276,3.85522208327518
531.001308281427,160.806693751889,4.21593551489452
NA,NA,NA
665.160656324022,330.629382443199,3.46480625489754
456.159114074595,296.748197176465,3.69845471955107
9.34342361178984,496.575797326951,3.54143116708748
561.926629416164,47.6081394270514,4.3485356777731
69.4597965359821,374.132898446727,4.08917484834514
230.266407178645,415.889050391113,3.84049479946684
428.442200166005,10.3181334325333,3.29628594612021
364.368064129443,291.659118885525,3.07656116638256
602.31066467702,104.876072832294,4.12669901696455
390.939843093914,226.891289980199,4.15530024226461
571.079533665913,405.15212465898,4.79297013534819
140.126134170489,282.652238955044,4.50046231507004
197.676955634644,369.619607442554,4.06842355957903
124.574111343028,413.270801991213,3.50817779715308
629.2275371093,313.74668762797,4.53091722551392
0.986505763802251,147.254494284696,4.31191222116194
542.827741769055,204.37864667603,4.00276113250316
35.8489523400075,493.856419060714,2.96307516473298
282.892261068004,25.0343901477506,3.94995708296187
536.69151663287,392.246548976198,3.56429148256896
71.1443818365406,82.2962204177601,5.34242687285149
7.85562700476121,78.0920271312181,3.58449913247223
593.015823481117,225.47107479629,4.09143214511105
436.271413871303,461.187624489848,4.78830829949851
659.175615689797,372.527921572743,3.1343584373597
102.114410107632,485.64704229933,4.34978003587508
621.971939580877,88.4982264905652,4.08449787147074
419.167061334897,258.460343565427,3.65421960416627
10.5588114379351,182.785386209248,3.25719420171354
69.7554101370042,125.583971055014,4.65560827922877
615.719610636093,204.838147437646,3.97543334975443
247.965288359715,217.503395112995,3.71555122190524
564.963299543252,437.316626632187,3.77200381651736
299.92485997038,136.047679656404,3.97500202163912
522.423570642402,459.918219605323,3.81399928761272
54.2222405628873,414.731523130384,4.13063931634998
210.323108278784,292.208149895996,4.23413902447423
544.219820902809,258.152329303027,3.93313129617233
172.022990897225,23.3425863950321,4.30918866532018
514.846721296308,340.603801586906,4.58645108697411
46.1566078196723,51.5981769007276,3.85522208327518
531.001308281427,160.806693751889,4.21593551489452
NA,NA,NA
665.160656324022,330.629382443199,3.46480625489754
456.159114074595,296.748197176465,3.69845471955107
9.34342361178984,496.575797326951,3.54143116708748
561.926629416164,47.6081394270514,4.3485356777731
69.4597965359821,374.132898446727,4.08917484834514
230.266407178645,415.889050391113,3.84049479946684
428.442200166005,10.3181334325333,3.29628594612021
364.368064129443,291.659118885525,3.07656116638256
602.31066467702,104.876072832294,4.12669901696455
390.939843093914,226.891289980199,4.15530024226461
571.079533665913,405.15212465898,4.79297013534819
140.126134170489,282.652238955044,4.50046231507004
197.676955634644,369.619607442554,4.06842355957903
124.574111343028,413.270801991213,3.50817779715308
629.2275371093,313.74668762797,4.53091722551392
0.986505763802251,147.254494284696,4.31191222116194
542.827741769055,204.37864667603,4.00276113250316
35.8489523400075,493.856419060714,2.96307516473298
282.892261068004,25.0343901477506,3.94995708296187
536.69151663287,392.246548976198,3.56429148256896
71.1443818365406,82.2962204177601,5.34242687285149
7.85562700476121,78.0920271312181,3.58449913247223
593.015823481117,225.47107479629,4.09143214511105
436.271413871303,461.187624489848,4.78830829949851
659.175615689797,372.527921572743,3.1343584373597
102.114410107632,485.64704229933,4.34978003587508
621.971939580877,88.4982264905652,4.08449787147074
419.167061334897,258.460343565427,3.65421960416627
10.5588114379351,182.785386209248,3.25719420171354
69.7554101370042,125.583971055014,4.65560827922877
615.719610636093,204.838147437646,3.97543334975443
247.965288359715,217.503395112995,3.71555122190524
564.963299543252,437.316626632187,3.77200381651736
299.92485997038,136.047679656404,3.97500202163912
522.423570642402,459.918219605323,3.81399928761272
54.2222405628873,414.731523130384,4.13063931634998
210.323108278784,292.208149895996,4.23413902447423
544.219820902809,258.152329303027,3.93313129617233
172.022990897225,23.3425863950321,4.30918866532018
514.846721296308,340.603801586906,4.58645108697411
46.1566078196723,51.5981769007276,3.85522208327518
531.001308281427,160.806693751889,4.21593551489452
NA,NA,NA
665.160656324022,330.629382443199,3.46480625489754
456.159114074595,296.748197176465,3.69845471955107
9.34342361178984,496.575797326951,3.54143116708748
561.926629416164,47.6081394270514,4.3485356777731
69.4597965359821,374.132898446727,4.08917484834514
230.266407178645,415.889050391113,3.84049479946684
428.442200166005,10.3181334325333,3.29628594612021
364.368064129443,291.659118885525,3.07656116638256
602.31066467702,104.876072832294,4.12669901696455
390.939843093914,226.891289980199,4.15530024226461
571.079533665913,405.15212465898,4.79297013534819
140.126134170489,282.652238955044,4.50046231507004
197.676955634644,369.619607442554,4.06842355957903
124.574111343028,413.270801991213,3.50817779715308
629.2275371093,313.74668762797,4.53091722551392
0.986505763802251,147.254494284696,4.31191222116194
542.827741769055,204.37864667603,4.00276113250316
35.8489523400075,493.856419060714,2.96307516473298
282.892261068004,25.0343901477506,3.94995708296187
536.69151663287,392.246548976198,3.56429148256896
71.1443818365406,82.2962204177601,5.34242687285149
7.85562700476121,78.0920271312181,3.58449913247223
593.015823481117,225.47107479629,4.09143214511105
436.271413871303,461.187624489848,4.78830829949851
659.175615689797,372.527921572743,3.1343584373597
102.114410107632,485.64704229933,4.34978003587508
621.971939580877,88.4982264905652,4.08449787147074
419.167061334897,258.460343565427,3.65421960416627
10.5588114379351,182.785386209248,3.25719420171354
69.7554101370042,125.583971055014,4.65560827922877
615.719610636093,204.838147437646,3.97543334975443
247.965288359715,217.503395112995,3.71555122190524
564.963299543252,437.316626632187,3.77200381651736
299.92485997038,136.047679656404,3.97500202163912
522.423570642402,459.918219605323,3.81399928761272
54.2222405628873,414.731523130384,4.13063931634998
210.323108278784,292.208149895996,4.23413902447423
544.219820902809,258.152329303027,3.93313129617233
172.022990897225,23.3425863950321,4.30918866532018
514.846721296308,340.603801586906,4.58645108697411
46.1566078196723,51.5981769007276,3.85522208327518
531.001308281427,160.806693751889,4.21593551489452
NA,NA,NA
665.160656324022,330.629382443199,3.46480625489754
456.159114074595,296.748197176465,3.69845471955107
9.34342361178984,496.575797326951,3.54143116708748
561.926629416164,47.6081394270514,4.3485356777731
69.4597965359821,374.132898446727,4.08917484834514
230.266407178645,415.889050391113,3.84049479946684
428.442200166005,10.3181334325333,3.29628594612021
364.368064129443,291.659118885525,3.07656116638256
602.31066467702,104.876072832294,4.12669901696455
390.939843093914,226.891289980199,4.15530024226461
571.079533665913,405.15212465898,4.79297013534819
140.126134170489,282.652238955044,4.50046231507004
197.676955634644,369.619607442554,4.06842355957903
124.574111343028,413.270801991213,3.50817779715308
629.2275371093,313.74668762797,4.53091722551392
0.986505763802251,147.254494284696,4.31191222116194
542.827741769055,204.37864667603,4.00276113250316
35.8489523400075,493.856419060714,2.96307516473298
282.892261068004,25.0343901477506,3.94995708296187
536.69151663287,392.246548976198,3.56429148256896
71.1443818365406,82.2962204177601,5.34242687285149
7.85562700476121,78.0920271312181,3.58449913247223
593.015823481117,225.47107479629,4.09143214511105
436.271413871303,461.187624489848,4.78830829949851
659.175615689797,372.527921572743,3.1343584373597
102.114410107632,485.64704229933,4.34978003587508
621.971939580877,88.4982264905652,4.08449787147074
419.167061334897,258.460343565427,3.65421960416627
10.5588114379351,182.785386209248,3.25719420171354
69.7554101370042,125.583971055014,4.65560827922877
615.719610636093,204.838147437646,3.97543334975443
247.965288359715,217.503395112995,3.71555122190524
564.963299543252,437.316626632187,3.77200381651736
299.92485997038,136.047679656404,3.97500202163912
522.423570642402,459.918219605323,3.81399928761272
54.2222405628873,414.731523130384,4.13063931634998
210.323108278784,292.208149895996,4.23413902447423
544.219820902809,258.152329303027,3.93313129617233
172.022990897225,23.3425863950321,4.30918866532018
514.846721296308,340.603801586906,4.58645108697411
46.1566078196723,51.5981769007276,3.85522208327518
531.001308281427,160.806693751889,4.21593551489452
NA,NA,NA
665.160656324022,330.629382443199,3.46480625489754
456.159114074595,296.748197176465,3.69845471955107
9.34342361178984,496.575797326951,3.54143116708748
561.926629416164,47.6081394270514,4.3485356777731
69.4597965359821,374.132898446727,4.08917484834514
230.266407178645,415.889050391113,3.84049479946684
428.442200166005,10.3181334325333,3.29628594612021
364.368064129443,291.659118885525,3.07656116638256
602.31066467702,104.876072832294,4.12669901696455
390.939843093914,226.891289980199,4.15530024226461
571.079533665913,405.15212465898,4.79297013534819
140.126134170489,282.652238955044,4.50046231507004
197.676955634644,369.619607442554,4.06842355957903
124.574111343028,413.270801991213,3.50817779715308
629.2275371093,313.74668762797,4.53091722551392
0.986505763802251,147.254494284696,4.31191222116194
542.827741769055,204.37864667603,4.00276113250316
35.8489523400075,493.856419060714,2.96307516473298
282.892261068004,25.0343901477506,3.94995708296187
536.69151663287,392.246548976198,3.56429148256896
71.1443818365406,82.2962204177601,5.34242687285149
7.85562700476121,78.0920271312181,3.58449913247223
593.015823481117,225.47107479629,4.09143214511105
436.271413871303,461.187624489848,4.78830829949851
659.175615689797,372.527921572743,3.1343584373597
102.114410107632,485.64704229933,4.34978003587508
621.971939580877,88.4982264905652,4.08449787147074
419.167061334897,258.460343565427,3.65421960416627
10.5588114379351,182.785386209248,3.25719420171354
69.7554101370042,125.583971055014,4.65560827922877
615.719610636093,204.838147437646,3.97543334975443
247.965288359715,217.503395112995,3.71555122190524
564.963299543252,437.316626632187,3.77200381651736
299.92485997038,136.047679656404,3.97500202163912
522.423570642402,459.918219605323,3.81399928761272
54.2222405628873,414.731523130384,4.13063931634998
210.323108278784,292.208149895996,4.23413902447423
544.219820902809,258.152329303027,3.93313129617233
172.022990897225,23.3425863950321,4.30918866532018
514.846721296308,340.603801586906,4.58645108697411
46.1566078196723,51.5981769007276,3.85522208327518
531.001308281427,160.806693751889,4.21593551489452
NA,NA,NA
660.820273131878,333.21429993286,3.52554707762109
455.762933995335,298.517167384743,3.86754122003314
9.86356804430142,493.639870690094,3.67439563025519
561.415395774945,52.0702509736584,4.16261088676384
72.9631529170855,376.235158824939,3.93947643101591
225.048458045817,417.006694529673,3.8675664358416
428.365256612046,14.3150325173313,3.24888650956667
362.408470783348,292.995279568416,3.18956894031925
600.898231339602,100.054302622902,4.32391818323299
395.160393675931,230.40351768638,4.18183320422368
564.510416428496,404.726613843963,4.70159098179568
139.50589828196,284.540690444812,4.51270080074217
201.020202942101,368.334845745375,3.98316741631736
122.337222630188,411.85360778781,3.44209904077525
625.478860812495,312.688208271509,4.3521896326304
0.421883216383775,148.380174208581,4.30493611973164
544.037848540811,206.030985454342,4.02280437794225
33.7239806375829,491.672696294383,2.87209100198166
277.471712548,17.8504199705201,3.95153443150435
535.60511686864,389.609815560703,3.45127111231369
70.3445026748848,66.8013206908315,5.32275135297686
3.20973572339588,74.7805289999682,3.38144494231083
590.666427113836,225.171121353156,4.03700742729223
437.246686584438,463.529412231542,4.76415512636564
658.553424381023,373.655775470486,2.98973197787229
106.759586328574,484.924720682908,4.33270880057888
625.372303491754,92.304543293946,4.07718164573061
418.22798770566,257.416200192995,3.6639643853853
12.019411490379,180.812570357151,3.16610402822654
68.3528592016606,120.126919136111,4.51780154832913
606.734762632323,204.50151487096,4.1872796294252
245.714207265374,220.946594209215,3.94631928236119
576.420184327598,427.378401150621,4.16780245810863
300.103030840616,135.488774530535,3.95946524660262
524.47169392104,461.546136446479,3.79080649533822
61.3918586541913,426.23418862932,4.27260402413626
210.482116727725,289.353452685887,3.76262130130769
545.763334131498,271.946169791299,3.71404748459925
165.124020451014,26.8038414036053,4.3482450058416
502.932764698629,337.686199536813,4.69981406205885
44.0076736099184,49.7952820555707,4.12887717094964
537.930019461191,144.946858543379,4.60035269987821
NA,NA,NA
660.820273131878,333.21429993286,3.52554707762109
455.762933995335,298.517167384743,3.86754122003314
9.86356804430142,493.639870690094,3.67439563025519
561.415395774945,52.0702509736584,4.16261088676384
72.9631529170855,376.235158824939,3.93947643101591
225.048458045817,417.006694529673,3.8675664358416
428.365256612046,14.3150325173313,3.24888650956667
362.408470783348,292.995279568416,3.18956894031925
600.898231339602,100.054302622902,4.32391818323299
395.160393675931,230.40351768638,4.18183320422368
564.510416428496,404.726613843963,4.70159098179568
139.50589828196,284.540690444812,4.51270080074217
201.020202942101,368.334845745375,3.98316741631736
122.337222630188,411.85360778781,3.44209904077525
625.478860812495,312.688208271509,4.3521896326304
0.421883216383775,148.380174208581,4.30493611973164
544.037848540811,206.030985454342,4.02280437794225
33.7239806375829,491.672696294383,2.87209100198166
277.471712548,17.8504199705201,3.95153443150435
535.60511686864,389.609815560703,3.45127111231369
70.3445026748848,66.8013206908315,5.32275135297686
3.20973572339588,74.7805289999682,3.38144494231083
590.666427113836,225.171121353156,4.03700742729223
437.246686584438,463.529412231542,4.76415512636564
658.553424381023,373.655775470486,2.98973197787229
106.759586328574,484.924720682908,4.33270880057888
625.372303491754,92.304543293946,4.07718164573061
418.22798770566,257.416200192995,3.6639643853853
12.019411490379,180.812570357151,3.16610402822654
68.3528592016606,120.126919136111,4.51780154832913
606.734762632323,204.50151487096,4.1872796294252
245.714207265374,220.946594209215,3.94631928236119
576.420184327598,427.378401150621,4.16780245810863
300.103030840616,135.488774530535,3.95946524660262
524.47169392104,461.546136446479,3.79080649533822
61.3918586541913,426.23418862932,4.27260402413626
210.482116727725,289.353452685887,3.76262130130769
545.763334131498,271.946169791299,3.71404748459925
165.124020451014,26.8038414036053,4.3482450058416
502.932764698629,337.686199536813,4.69981406205885
44.0076736099184,49.7952820555707,4.12887717094964
537.930019461191,144.946858543379,4.60035269987821
NA,NA,NA
660.820273131878,333.21429993286,3.52554707762109
455.762933995335,298.517167384743,3.86754122003314
9.86356804430142,493.639870690094,3.67439563025519
561.415395774945,52.0702509736584,4.16261088676384
72.9631529170855,376.235158824939,3.93947643101591
225.048458045817,417.006694529673,3.8675664358416
428.365256612046,14.3150325173313,3.24888650956667
362.408470783348,292.995279568416,3.18956894031925
600.898231339602,100.054302622902,4.32391818323299
395.160393675931,230.40351768638,4.18183320422368
564.510416428496,404.726613843963,4.70159098179568
139.50589828196,284.540690444812,4.51270080074217
201.020202942101,368.334845745375,3.98316741631736
122.337222630188,411.85360778781,3.44209904077525
625.478860812495,312.688208271509,4.3521896326304
0.421883216383775,148.380174208581,4.30493611973164
544.037848540811,206.030985454342,4.02280437794225
33.7239806375829,491.672696294383,2.87209100198166
277.471712548,17.8504199705201,3.95153443150435
535.60511686864,389.609815560703,3.45127111231369
70.3445026748848,66.8013206908315,5.32275135297686
3.20973572339588,74.7805289999682,3.38144494231083
590.666427113836,225.171121353156,4.03700742729223
437.246686584438,463.529412231542,4.76415512636564
658.553424381023,373.655775470486,2.98973197787229
106.759586328574,484.924720682908,4.33270880057888
625.372303491754,92.304543293946,4.07718164573061
418.22798770566,257.416200192995,3.6639643853853
12.019411490379,180.812570357151,3.16610402822654
68.3528592016606,120.126919136111,4.51780154832913
606.734762632323,204.50151487096,4.1872796294252
245.714207265374,220.946594209215,3.94631928236119
576.420184327598,427.378401150621,4.16780245810863
300.103030840616,135.488774530535,3.95946524660262
524.47169392104,461.546136446479,3.79080649533822
61.3918586541913,426.23418862932,4.27260402413626
210.482116727725,289.353452685887,3.76262130130769
545.763334131498,271.946169791299,3.71404748459925
165.124020451014,26.8038414036053,4.3482450058416
502.932764698629,337.686199536813,4.69981406205885
44.0076736099184,49.7952820555707,4.12887717094964
537.930019461191,144.946858543379,4.60035269987821
NA,NA,NA
660.820273131878,333.21429993286,3.52554707762109
455.762933995335,298.517167384743,3.86754122003314
9.86356804430142,493.639870690094,3.67439563025519
561.415395774945,52.0702509736584,4.16261088676384
72.9631529170855,376.235158824939,3.93947643101591
225.048458045817,417.006694529673,3.8675664358416
428.365256612046,14.3150325173313,3.24888650956667
362.408470783348,292.995279568416,3.18956894031925
600.898231339602,100.054302622902,4.32391818323299
395.160393675931,230.40351768638,4.18183320422368
564.510416428496,404.726613843963,4.70159098179568
139.50589828196,284.540690444812,4.51270080074217
201.020202942101,368.334845745375,3.98316741631736
122.337222630188,411.85360778781,3.44209904077525
625.478860812495,312.688208271509,4.3521896326304
0.421883216383775,148.380174208581,4.30493611973164
544.037848540811,206.030985454342,4.02280437794225
33.7239806375829,491.672696294383,2.87209100198166
277.471712548,17.8504199705201,3.95153443150435
535.60511686864,389.609815560703,3.45127111231369
70.3445026748848,66.8013206908315,5.32275135297686
3.20973572339588,74.7805289999682,3.38144494231083
590.666427113836,225.171121353156,4.03700742729223
437.246686584438,463.529412231542,4.76415512636564
658.553424381023,373.655775470486,2.98973197787229
106.759586328574,484.924720682908,4.33270880057888
625.372303491754,92.304543293946,4.07718164573061
418.22798770566,257.416200192995,3.6639643853853
12.019411490379,180.812570357151,3.16610402822654
68.3528592016606,120.126919136111,4.51780154832913
606.734762632323,204.50151487096,4.1872796294252
245.714207265374,220.946594209215,3.94631928236119
576.420184327598,427.378401150621,4.16780245810863
300.103030840616,135.488774530535,3.95946524660262
524.47169392104,461.546136446479,3.79080649533822
61.3918586541913,426.23418862932,4.27260402413626
210.482116727725,289.353452685887,3.76262130130769
545.763334131498,271.946169791299,3.71404748459925
165.124020451014,26.8038414036053,4.3482450058416
502.932764698629,337.686199536813,4.69981406205885
44.0076736099184,49.7952820555707,4.12887717094964
537.930019461191,144.946858543379,4.60035269987821
NA,NA,NA
660.820273131878,333.21429993286,3.52554707762109
455.762933995335,298.517167384743,3.86754122003314
9.86356804430142,493.639870690094,3.67439563025519
561.415395774945,52.0702509736584,4.16261088676384
72.9631529170855,376.235158824939,3.93947643101591
225.048458045817,417.006694529673,3.8675664358416
428.365256612046,14.3150325173313,3.24888650956667
362.408470783348,292.995279568416,3.18956894031925
600.898231339602,100.054302622902,4.32391818323299
395.160393675931,230.40351768638,4.18183320422368
564.510416428496,404.726613843963,4.70159098179568
139.50589828196,284.540690444812,4.51270080074217
201.020202942101,368.334845745375,3.98316741631736
122.337222630188,411.85360778781,3.44209904077525
625.478860812495,312.688208271509,4.3521896326304
0.421883216383775,148.380174208581,4.30493611973164
544.037848540811,206.030985454342,4.02280437794225
33.7239806375829,491.672696294383,2.87209100198166
277.471712548,17.8504199705201,3.95153443150435
535.60511686864,389.609815560703,3.45127111231369
70.3445026748848,66.8013206908315,5.32275135297686
3.20973572339588,74.7805289999682,3.38144494231083
590.666427113836,225.171121353156,4.03700742729223
437.246686584438,463.529412231542,4.76415512636564
658.553424381023,373.655775470486,2.98973197787229
106.759586328574,484.924720682908,4.33270880057888
625.372303491754,92.304543293946,4.07718164573061
418.22798770566,257.416200192995,3.6639643853853
12.019411490379,180.812570357151,3.16610402822654
68.3528592016606,120.126919136111,4.51780154832913
606.734762632323,204.50151487096,4.1872796294252
245.714207265374,220.946594209215,3.94631928236119
576.420184327598,427.378401150621,4.16780245810863
300.103030840616,135.488774530535,3.95946524660262
524.47169392104,461.546136446479,3.79080649533822
61.3918586541913,426.23418862932,4.27260402413626
210.482116727725,289.353452685887,3.76262130130769
545.763334131498,271.946169791299,3.71404748459925
165.124020451014,26.8038414036053,4.3482450058416
502.932764698629,337.686199536813,4.69981406205885
44.0076736099184,49.7952820555707,4.12887717094964
537.930019461191,144.946858543379,4.60035269987821
NA,NA,NA
660.820273131878,333.21429993286,3.52554707762109
455.762933995335,298.517167384743,3.86754122003314
9.86356804430142,493.639870690094,3.67439563025519
561.415395774945,52.0702509736584,4.16261088676384
72.9631529170855,376.235158824939,3.93947643101591
225.048458045817,417.006694529673,3.8675664358416
428.365256612046,14.3150325173313,3.24888650956667
362.408470783348,292.995279568416,3.18956894031925
600.898231339602,100.054302622902,4.32391818323299
395.160393675931,230.40351768638,4.18183320422368
564.510416428496,404.726613843963,4.70159098179568
139.50589828196,284.540690444812,4.51270080074217
201.020202942101,368.334845745375,3.98316741631736
122.337222630188,411.85360778781,3.44209904077525
625.478860812495,312.688208271509,4.3521896326304
0.421883216383775,148.380174208581,4.30493611973164
544.037848540811,206.030985454342,4.02280437794225
33.7239806375829,491.672696294383,2.87209100198166
277.471712548,17.8504199705201,3.95153443150435
535.60511686864,389.609815560703,3.45127111231369
70.3445026748848,66.8013206908315,5.32275135297686
3.20973572339588,74.7805289999682,3.38144494231083
590.666427113836,225.171121353156,4.03700742729223
437.246686584438,463.529412231542,4.76415512636564
658.553424381023,373.655775470486,2.98973197787229
106.759586328574,484.924720682908,4.33270880057888
625.372303491754,92.304543293946,4.07718164573061
418.22798770566,257.416200192995,3.6639643853853
12.019411490379,180.812570357151,3.16610402822654
68.3528592016606,120.126919136111,4.51780154832913
606.734762632323,204.50151487096,4.1872796294252
245.714207265374,220.946594209215,3.94631928236119
576.420184327598,427.378401150621,4.16780245810863
300.103030840616,135.488774530535,3.95946524660262
524.47169392104,461.546136446479,3.79080649533822
61.3918586541913,426.23418862932,4.27260402413626
210.482116727725,289.353452685887,3.76262130130769
545.763334131498,271.946169791299,3.71404748459925
165.124020451014,26.8038414036053,4.3482450058416
502.932764698629,337.686199536813,4.69981406205885
44.0076736099184,49.7952820555707,4.12887717094964
537.930019461191,144.946858543379,4.60035269987821
NA,NA,NA
661.983607359899,335.221284658855,3.47772608257745
455.243327356693,301.497438407517,3.73851533234769
9.73264386891933,496.605978348307,3.40058141802877
558.666978909902,56.580690846522,4.14188209008042
70.0312237350233,373.712328320621,4.04011508000847
225.674145281893,412.123363785773,3.96733546085994
428.199393381248,12.7351193303081,3.36936791023831
361.789796359874,293.561259877996,3.00968130527789
601.606992612966,104.456558470384,4.08567594419879
390.477811265624,226.031100625718,4.18249178863816
577.092253842369,409.025254342686,4.7954479600933
144.302289905993,280.159589926253,4.66058250267282
202.754054328064,367.123091628734,3.89726808370801
124.949520340275,412.990010837152,3.2902017920598
624.028135161344,313.379363055887,4.4960308199973
2.20529676579404,148.480449517849,4.24906660445075
541.052287523337,202.719954822902,4.24368935070354
33.5720303660021,491.588551921784,2.98398718626554
276.966302693652,22.5990070320404,3.80542913753083
532.617868315827,394.309390211818,3.46316700697794
71.5309927585991,68.2709256355445,5.32562030515085
4.03539976275862,78.2743698487196,3.47421048702527
590.892594623419,226.789748998286,4.03761612097548
443.142824772809,461.700871209964,4.81874276977185
660.599639483083,373.296345021111,3.11645828855031
105.314245077307,482.808155139569,4.3739203584103
623.486876694294,91.0148761680866,4.06737439425353
419.844769598705,257.581252738209,3.72467939603983
11.3516716201321,180.58123380176,3.18833031556074
72.9004662478939,115.193223147973,4.27389402849556
599.674839438464,201.791904961667,4.35788114339711
254.380640477815,214.797334563257,3.84707440519479
571.858737177128,440.098333830696,4.01726232931728
304.512060868315,137.222512819819,3.88928503629514
524.194432060918,457.265666939796,3.49855015734736
41.9253826555743,412.339064797059,3.92312078311155
183.35280730708,284.696507216475,3.95958033907037
544.850231071676,266.936282937687,3.63533146097235
174.555040679371,34.9574913748712,4.25443115643485
510.522801258389,349.488316782729,4.63123969442951
45.0134467738246,46.9986285284518,3.87236380122604
522.146863940674,143.483781556893,4.56863992021577
NA,NA,NA
661.983607359899,335.221284658855,3.47772608257745
455.243327356693,301.497438407517,3.73851533234769
9.73264386891933,496.605978348307,3.40058141802877
558.666978909902,56.580690846522,4.14188209008042
70.0312237350233,373.712328320621,4.04011508000847
225.674145281893,412.123363785773,3.96733546085994
428.199393381248,12.7351193303081,3.36936791023831
361.789796359874,293.561259877996,3.00968130527789
601.606992612966,104.456558470384,4.08567594419879
390.477811265624,226.031100625718,4.18249178863816
577.092253842369,409.025254342686,4.7954479600933
144.302289905993,280.159589926253,4.66058250267282
202.754054328064,367.123091628734,3.89726808370801
124.949520340275,412.990010837152,3.2902017920598
624.028135161344,313.379363055887,4.4960308199973
2.20529676579404,148.480449517849,4.24906660445075
541.052287523337,202.719954822902,4.24368935070354
33.5720303660021,491.588551921784,2.98398718626554
276.966302693652,22.5990070320404,3.80542913753083
532.617868315827,394.309390211818,3.46316700697794
71.5309927585991,68.2709256355445,5.32562030515085
4.03539976275862,78.2743698487196,3.47421048702527
590.892594623419,226.789748998286,4.03761612097548
443.142824772809,461.700871209964,4.81874276977185
660.599639483083,373.296345021111,3.11645828855031
105.314245077307,482.808155139569,4.3739203584103
623.486876694294,91.0148761680866,4.06737439425353
419.844769598705,257.581252738209,3.72467939603983
11.3516716201321,180.58123380176,3.18833031556074
72.9004662478939,115.193223147973,4.27389402849556
599.674839438464,201.791904961667,4.35788114339711
254.380640477815,214.797334563257,3.84707440519479
571.858737177128,440.098333830696,4.01726232931728
304.512060868315,137.222512819819,3.88928503629514
524.194432060918,457.265666939796,3.49855015734736
41.9253826555743,412.339064797059,3.92312078311155
183.35280730708,284.696507216475,3.95958033907037
544.850231071676,266.936282937687,3.63533146097235
174.555040679371,34.9574913748712,4.25443115643485
510.522801258389,349.488316782729,4.63123969442951
45.0134467738246,46.9986285284518,3.87236380122604
522.146863940674,143.483781556893,4.56863992021577
NA,NA,NA
661.983607359899,335.221284658855,3.47772608257745
455.243327356693,301.497438407517,3.73851533234769
9.73264386891933,496.605978348307,3.40058141802877
558.666978909902,56.580690846522,4.14188209008042
70.0312237350233,373.712328320621,4.04011508000847
225.674145281893,412.123363785773,3.96733546085994
428.199393381248,12.7351193303081,3.36936791023831
361.789796359874,293.561259877996,3.00968130527789
601.606992612966,104.456558470384,4.08567594419879
390.477811265624,226.031100625718,4.18249178863816
577.092253842369,409.025254342686,4.7954479600933
144.302289905993,280.159589926253,4.66058250267282
202.754054328064,367.123091628734,3.89726808370801
124.949520340275,412.990010837152,3.2902017920598
624.028135161344,313.379363055887,4.4960308199973
2.20529676579404,148.480449517849,4.24906660445075
541.052287523337,202.719954822902,4.24368935070354
33.5720303660021,491.588551921784,2.98398718626554
276.966302693652,22.5990070320404,3.80542913753083
532.617868315827,394.309390211818,3.46316700697794
71.5309927585991,68.2709256355445,5.32562030515085
4.03539976275862,78.2743698487196,3.47421048702527
590.892594623419,226.789748998286,4.03761612097548
443.142824772809,461.700871209964,4.81874276977185
660.599639483083,373.296345021111,3.11645828855031
105.314245077307,482.808155139569,4.3739203584103
623.486876694294,91.0148761680866,4.06737439425353
419.844769598705,257.581252738209,3.72467939603983
11.3516716201321,180.58123380176,3.18833031556074
72.9004662478939,115.193223147973,4.27389402849556
599.674839438464,201.791904961667,4.35788114339711
254.380640477815,214.797334563257,3.84707440519479
571.858737177128,440.098333830696,4.01726232931728
304.512060868315,137.222512819819,3.88928503629514
524.194432060918,457.265666939796,3.49855015734736
41.9253826555743,412.339064797059,3.92312078311155
183.35280730708,284.696507216475,3.95958033907037
544.850231071676,266.936282937687,3.63533146097235
174.555040679371,34.9574913748712,4.25443115643485
510.522801258389,349.488316782729,4.63123969442951
45.0134467738246,46.9986285284518,3.87236380122604
522.146863940674,143.483781556893,4.56863992021577
NA,NA,NA
661.983607359899,335.221284658855,3.47772608257745
455.243327356693,301.497438407517,3.73851533234769
9.73264386891933,496.605978348307,3.40058141802877
558.666978909902,56.580690846522,4.14188209008042
70.0312237350233,373.712328320621,4.04011508000847
225.674145281893,412.123363785773,3.96733546085994
428.199393381248,12.7351193303081,3.36936791023831
361.789796359874,293.561259877996,3.00968130527789
601.606992612966,104.456558470384,4.08567594419879
390.477811265624,226.031100625718,4.18249178863816
577.092253842369,409.025254342686,4.7954479600933
144.302289905993,280.159589926253,4.66058250267282
202.754054328064,367.123091628734,3.89726808370801
124.949520340275,412.990010837152,3.2902017920598
624.028135161344,313.379363055887,4.4960308199973
2.20529676579404,148.480449517849,4.24906660445075
541.052287523337,202.719954822902,4.24368935070354
33.5720303660021,491.588551921784,2.98398718626554
276.966302693652,22.5990070320404,3.80542913753083
532.617868315827,394.309390211818,3.46316700697794
71.5309927585991,68.2709256355445,5.32562030515085
4.03539976275862,78.2743698487196,3.47421048702527
590.892594623419,226.789748998286,4.03761612097548
443.142824772809,461.700871209964,4.81874276977185
660.599639483083,373.296345021111,3.11645828855031
105.314245077307,482.808155139569,4.3739203584103
623.486876694294,91.0148761680866,4.06737439425353
419.844769598705,257.581252738209,3.72467939603983
11.3516716201321,180.58123380176,3.18833031556074
72.9004662478939,115.193223147973,4.27389402849556
599.674839438464,201.791904961667,4.35788114339711
254.380640477815,214.797334563257,3.84707440519479
571.858737177128,440.098333830696,4.01726232931728
304.512060868315,137.222512819819,3.88928503629514
524.194432060918,457.265666939796,3.49855015734736
41.9253826555743,412.339064797059,3.92312078311155
183.35280730708,284.696507216475,3.95958033907037
544.850231071676,266.936282937687,3.63533146097235
174.555040679371,34.9574913748712,4.25443115643485
510.522801258389,349.488316782729,4.63123969442951
45.0134467738246,46.9986285284518,3.87236380122604
522.146863940674,143.483781556893,4.56863992021577
NA,NA,NA
661.983607359899,335.221284658855,3.47772608257745
455.243327356693,301.497438407517,3.73851533234769
9.73264386891933,496.605978348307,3.40058141802877
558.666978909902,56.580690846522,4.14188209008042
70.0312237350233,373.712328320621,4.04011508000847
225.674145281893,412.123363785773,3.96733546085994
428.199393381248,12.7351193303081,3.36936791023831
361.789796359874,293.561259877996,3.00968130527789
601.606992612966,104.456558470384,4.08567594419879
390.477811265624,226.031100625718,4.18249178863816
577.092253842369,409.025254342686,4.7954479600933
144.302289905993,280.159589926253,4.66058250267282
202.754054328064,367.123091628734,3.89726808370801
124.949520340275,412.990010837152,3.2902017920598
624.028135161344,313.379363055887,4.4960308199973
2.20529676579404,148.480449517849,4.24906660445075
541.052287523337,202.719954822902,4.24368935070354
33.5720303660021,491.588551921784,2.98398718626554
276.966302693652,22.5990070320404,3.80542913753083
532.617868315827,394.309390211818,3.46316700697794
71.5309927585991,68.2709256355445,5.32562030515085
4.03539976275862,78.2743698487196,3.47421048702527
590.892594623419,226.789748998286,4.03761612097548
443.142824772809,461.700871209964,4.81874276977185
660.599639483083,373.296345021111,3.11645828855031
105.314245077307,482.808155139569,4.3739203584103
623.486876694294,91.0148761680866,4.06737439425353
419.844769598705,257.581252738209,3.72467939603983
11.3516716201321,180.58123380176,3.18833031556074
72.9004662478939,115.193223147973,4.27389402849556
599.674839438464,201.791904961667,4.35788114339711
254.380640477815,214.797334563257,3.84707440519479
571.858737177128,440.098333830696,4.01726232931728
304.512060868315,137.222512819819,3.88928503629514
524.194432060918,457.265666939796,3.49855015734736
41.9253826555743,412.339064797059,3.92312078311155
183.35280730708,284.696507216475,3.95958033907037
544.850231071676,266.936282937687,3.63533146097235
174.555040679371,34.9574913748712,4.25443115643485
510.522801258389,349.488316782729,4.63123969442951
45.0134467738246,46.9986285284518,3.87236380122604
522.146863940674,143.483781556893,4.56863992021577
NA,NA,NA
661.983607359899,335.221284658855,3.47772608257745
455.243327356693,301.497438407517,3.73851533234769
9.73264386891933,496.605978348307,3.40058141802877
558.666978909902,56.580690846522,4.14188209008042
70.0312237350233,373.712328320621,4.04011508000847
225.674145281893,412.123363785773,3.96733546085994
428.199393381248,12.7351193303081,3.36936791023831
361.789796359874,293.561259877996,3.00968130527789
601.606992612966,104.456558470384,4.08567594419879
390.477811265624,226.031100625718,4.18249178863816
577.092253842369,409.025254342686,4.7954479600933
144.302289905993,280.159589926253,4.66058250267282
202.754054328064,367.123091628734,3.89726808370801
124.949520340275,412.990010837152,3.2902017920598
624.028135161344,313.379363055887,4.4960308199973
2.20529676579404,148.480449517849,4.24906660445075
541.052287523337,202.719954822902,4.24368935070354
33.5720303660021,491.588551921784,2.98398718626554
276.966302693652,22.5990070320404,3.80542913753083
532.617868315827,394.309390211818,3.46316700697794
71.5309927585991,68.2709256355445,5.32562030515085
4.03539976275862,78.2743698487196,3.47421048702527
590.892594623419,226.789748998286,4.03761612097548
443.142824772809,461.700871209964,4.81874276977185
660.599639483083,373.296345021111,3.11645828855031
105.314245077307,482.808155139569,4.3739203584103
623.486876694294,91.0148761680866,4.06737439425353
419.844769598705,257.581252738209,3.72467939603983
11.3516716201321,180.58123380176,3.18833031556074
72.9004662478939,115.193223147973,4.27389402849556
599.674839438464,201.791904961667,4.35788114339711
254.380640477815,214.797334563257,3.84707440519479
571.858737177128,440.098333830696,4.01726232931728
304.512060868315,137.222512819819,3.88928503629514
524.194432060918,457.265666939796,3.49855015734736
41.9253826555743,412.339064797059,3.92312078311155
183.35280730708,284.696507216475,3.95958033907037
544.850231071676,266.936282937687,3.63533146097235
174.555040679371,34.9574913748712,4.25443115643485
510.522801258389,349.488316782729,4.63123969442951
45.0134467738246,46.9986285284518,3.87236380122604
522.146863940674,143.483781556893,4.56863992021577
NA,NA,NA
659.010921144246,331.964038238254,3.52215802097756
456.420506893972,304.108126639617,3.55907745718851
9.82957539442054,493.419256186409,3.56755660336677
560.755901617175,51.8882071840234,4.19821300583923
68.2896238351876,378.163700114269,3.86597345737442
228.128832535767,415.901238254465,3.86211787292418
427.608115204395,12.8018249459192,3.40710093061602
360.320451523946,292.030066024476,3.12357109415258
605.630178186639,109.804629293348,4.30110939114167
393.194156692966,232.797972560508,4.18646004010602
567.853993014605,407.640755045096,4.75166059638623
147.378482541669,283.130977115922,4.593325513791
195.752615857894,372.699540176999,3.9701754478231
124.199586105518,412.626890282016,3.33884333910448
622.289405275528,305.768258880488,4.58581548641282
2.0680202864858,149.100401172957,4.26658094066972
545.485732853374,202.380257904981,4.25017818916073
34.3119859074141,493.715766117414,2.9052657948613
277.010590831454,30.4407300741799,3.92139862540153
530.548413654838,394.305360037124,3.48987629061404
73.5073088893782,83.2909675191411,5.14819623046962
5.19560482084866,75.6209885342919,3.46079247160633
587.72615910405,229.307012105143,4.02967786873231
447.312301150928,459.415859036295,4.79824319195792
658.608340263618,373.415555152835,3.12450101366828
102.844020169946,480.839064204437,4.33169803914232
627.197483390289,90.0492268970127,4.08473218779609
419.262244198843,260.739534793109,3.69870780432844
11.964114457589,181.507478135205,3.10913302795194
55.5653007042235,110.567544823678,4.46815232477884
603.820355751188,194.738139519315,4.5714629731968
255.091150150582,223.767301187963,3.40626506512594
577.738288612505,431.621179481582,3.72112232732749
302.794446998116,140.125562961338,3.83048679870886
530.238113471046,460.174074400291,3.57685997653181
43.0991918310918,416.816687585975,4.40790448361777
186.484930008278,298.49193928277,3.89769512954675
551.68804107174,258.536468919191,3.75365804118358
168.671475929652,29.2202745372602,4.24650205315977
500.113667066981,354.909348969517,4.59730013737305
43.7166861647722,48.3336902564611,4.22458322143788
529.419236884799,137.840325294786,4.62504457434632
NA,NA,NA
659.010921144246,331.964038238254,3.52215802097756
456.420506893972,304.108126639617,3.55907745718851
9.82957539442054,493.419256186409,3.56755660336677
560.755901617175,51.8882071840234,4.19821300583923
68.2896238351876,378.163700114269,3.86597345737442
228.128832535767,415.901238254465,3.86211787292418
427.608115204395,12.8018249459192,3.40710093061602
360.320451523946,292.030066024476,3.12357109415258
605.630178186639,109.804629293348,4.30110939114167
393.194156692966,232.797972560508,4.18646004010602
567.853993014605,407.640755045096,4.75166059638623
147.378482541669,283.130977115922,4.593325513791
195.752615857894,372.699540176999,3.9701754478231
124.199586105518,412.626890282016,3.33884333910448
622.289405275528,305.768258880488,4.58581548641282
2.0680202864858,149.100401172957,4.26658094066972
545.485732853374,202.380257904981,4.25017818916073
34.3119859074141,493.715766117414,2.9052657948613
277.010590831454,30.4407300741799,3.92139862540153
530.548413654838,394.305360037124,3.48987629061404
73.5073088893782,83.2909675191411,5.14819623046962
5.19560482084866,75.6209885342919,3.46079247160633
587.72615910405,229.307012105143,4.02967786873231
447.312301150928,459.415859036295,4.79824319195792
658.608340263618,373.415555152835,3.12450101366828
102.844020169946,480.839064204437,4.33169803914232
627.197483390289,90.0492268970127,4.08473218779609
419.262244198843,260.739534793109,3.69870780432844
11.964114457589,181.507478135205,3.10913302795194
55.5653007042235,110.567544823678,4.46815232477884
603.820355751188,194.738139519315,4.5714629731968
255.091150150582,223.767301187963,3.40626506512594
577.738288612505,431.621179481582,3.72112232732749
302.794446998116,140.125562961338,3.83048679870886
530.238113471046,460.174074400291,3.57685997653181
43.0991918310918,416.816687585975,4.40790448361777
186.484930008278,298.49193928277,3.89769512954675
551.68804107174,258.536468919191,3.75365804118358
168.671475929652,29.2202745372602,4.24650205315977
500.113667066981,354.909348969517,4.59730013737305
43.7166861647722,48.3336902564611,4.22458322143788
529.419236884799,137.840325294786,4.62504457434632
NA,NA,NA
659.010921144246,331.964038238254,3.52215802097756
456.420506893972,304.108126639617,3.55907745718851
9.82957539442054,493.419256186409,3.56755660336677
560.755901617175,51.8882071840234,4.19821300583923
68.2896238351876,378.163700114269,3.86597345737442
228.128832535767,415.901238254465,3.86211787292418
427.608115204395,12.8018249459192,3.40710093061602
360.320451523946,292.030066024476,3.12357109415258
605.630178186639,109.804629293348,4.30110939114167
393.194156692966,232.797972560508,4.18646004010602
567.853993014605,407.640755045096,4.75166059638623
147.378482541669,283.130977115922,4.593325513791
195.752615857894,372.699540176999,3.9701754478231
124.199586105518,412.626890282016,3.33884333910448
622.289405275528,305.768258880488,4.58581548641282
2.0680202864858,149.100401172957,4.26658094066972
545.485732853374,202.380257904981,4.25017818916073
34.3119859074141,493.715766117414,2.9052657948613
277.010590831454,30.4407300741799,3.92139862540153
530.548413654838,394.305360037124,3.48987629061404
73.5073088893782,83.2909675191411,5.14819623046962
5.19560482084866,75.6209885342919,3.46079247160633
587.72615910405,229.307012105143,4.02967786873231
447.312301150928,459.415859036295,4.79824319195792
658.608340263618,373.415555152835,3.12450101366828
102.844020169946,480.839064204437,4.33169803914232
627.197483390289,90.0492268970127,4.08473218779609
419.262244198843,260.739534793109,3.69870780432844
11.964114457589,181.507478135205,3.10913302795194
55.5653007042235,110.567544823678,4.46815232477884
603.820355751188,194.738139519315,4.5714629731968
255.091150150582,223.767301187963,3.40626506512594
577.738288612505,431.621179481582,3.72112232732749
302.794446998116,140.125562961338,3.83048679870886
530.238113471046,460.174074400291,3.57685997653181
43.0991918310918,416.816687585975,4.40790448361777
186.484930008278,298.49193928277,3.89769512954675
551.68804107174,258.536468919191,3.75365804118358
168.671475929652,29.2202745372602,4.24650205315977
500.113667066981,354.909348969517,4.59730013737305
43.7166861647722,48.3336902564611,4.22458322143788
529.419236884799,137.840325294786,4.62504457434632
NA,NA,NA
659.010921144246,331.964038238254,3.52215802097756
456.420506893972,304.108126639617,3.55907745718851
9.82957539442054,493.419256186409,3.56755660336677
560.755901617175,51.8882071840234,4.19821300583923
68.2896238351876,378.163700114269,3.86597345737442
228.128832535767,415.901238254465,3.86211787292418
427.608115204395,12.8018249459192,3.40710093061602
360.320451523946,292.030066024476,3.12357109415258
605.630178186639,109.804629293348,4.30110939114167
393.194156692966,232.797972560508,4.18646004010602
567.853993014605,407.640755045096,4.75166059638623
147.378482541669,283.130977115922,4.593325513791
195.752615857894,372.699540176999,3.9701754478231
124.199586105518,412.626890282016,3.33884333910448
622.289405275528,305.768258880488,4.58581548641282
2.0680202864858,149.100401172957,4.26658094066972
545.485732853374,202.380257904981,4.25017818916073
34.3119859074141,493.715766117414,2.9052657948613
277.010590831454,30.4407300741799,3.92139862540153
530.548413654838,394.305360037124,3.48987629061404
73.5073088893782,83.2909675191411,5.14819623046962
5.19560482084866,75.6209885342919,3.46079247160633
587.72615910405,229.307012105143,4.02967786873231
447.312301150928,459.415859036295,4.79824319195792
658.608340263618,373.415555152835,3.12450101366828
102.844020169946,480.839064204437,4.33169803914232
627.197483390289,90.0492268970127,4.08473218779609
419.262244198843,260.739534793109,3.69870780432844
11.964114457589,181.507478135205,3.10913302795194
55.5653007042235,110.567544823678,4.46815232477884
603.820355751188,194.738139519315,4.5714629731968
255.091150150582,223.767301187963,3.40626506512594
577.738288612505,431.621179481582,3.72112232732749
302.794446998116,140.125562961338,3.83048679870886
530.238113471046,460.174074400291,3.57685997653181
43.0991918310918,416.816687585975,4.40790448361777
186.484930008278,298.49193928277,3.89769512954675
551.68804107174,258.536468919191,3.75365804118358
168.671475929652,29.2202745372602,4.24650205315977
500.113667066981,354.909348969517,4.59730013737305
43.7166861647722,48.3336902564611,4.22458322143788
529.419236884799,137.840325294786,4.62504457434632
NA,NA,NA
659.010921144246,331.964038238254,3.52215802097756
456.420506893972,304.108126639617,3.55907745718851
9.82957539442054,493.419256186409,3.56755660336677
560.755901617175,51.8882071840234,4.19821300583923
68.2896238351876,378.163700114269,3.86597345737442
228.128832535767,415.901238254465,3.86211787292418
427.608115204395,12.8018249459192,3.40710093061602
360.320451523946,292.030066024476,3.12357109415258
605.630178186639,109.804629293348,4.30110939114167
393.194156692966,232.797972560508,4.18646004010602
567.853993014605,407.640755045096,4.75166059638623
147.378482541669,283.130977115922,4.593325513791
195.752615857894,372.699540176999,3.9701754478231
124.199586105518,412.626890282016,3.33884333910448
622.289405275528,305.768258880488,4.58581548641282
2.0680202864858,149.100401172957,4.26658094066972
545.485732853374,202.380257904981,4.25017818916073
34.3119859074141,493.715766117414,2.9052657948613
277.010590831454,30.4407300741799,3.92139862540153
530.548413654838,394.305360037124,3.48987629061404
73.5073088893782,83.2909675191411,5.14819623046962
5.19560482084866,75.6209885342919,3.46079247160633
587.72615910405,229.307012105143,4.02967786873231
447.312301150928,459.415859036295,4.79824319195792
658.608340263618,373.415555152835,3.12450101366828
102.844020169946,480.839064204437,4.33169803914232
627.197483390289,90.0492268970127,4.08473218779609
419.262244198843,260.739534793109,3.69870780432844
11.964114457589,181.507478135205,3.10913302795194
55.5653007042235,110.567544823678,4.46815232477884
603.820355751188,194.738139519315,4.5714629731968
255.091150150582,223.767301187963,3.40626506512594
577.738288612505,431.621179481582,3.72112232732749
302.794446998116,140.125562961338,3.83048679870886
530.238113471046,460.174074400291,3.57685997653181
43.0991918310918,416.816687585975,4.40790448361777
186.484930008278,298.49193928277,3.89769512954675
551.68804107174,258.536468919191,3.75365804118358
168.671475929652,29.2202745372602,4.24650205315977
500.113667066981,354.909348969517,4.59730013737305
43.7166861647722,48.3336902564611,4.22458322143788
529.419236884799,137.840325294786,4.62504457434632
NA,NA,NA
659.010921144246,331.964038238254,3.52215802097756
456.420506893972,304.108126639617,3.55907745718851
9.82957539442054,493.419256186409,3.56755660336677
560.755901617175,51.8882071840234,4.19821300583923
68.2896238351876,378.163700114269,3.86597345737442
228.128832535767,415.901238254465,3.86211787292418
427.608115204395,12.8018249459192,3.40710093061602
360.320451523946,292.030066024476,3.12357109415258
605.630178186639,109.804629293348,4.30110939114167
393.194156692966,232.797972560508,4.18646004010602
567.853993014605,407.640755045096,4.75166059638623
147.378482541669,283.130977115922,4.593325513791
195.752615857894,372.699540176999,3.9701754478231
124.199586105518,412.626890282016,3.33884333910448
622.289405275528,305.768258880488,4.58581548641282
2.0680202864858,149.100401172957,4.26658094066972
545.485732853374,202.380257904981,4.25017818916073
34.3119859074141,493.715766117414,2.9052657948613
277.010590831454,30.4407300741799,3.92139862540153
530.548413654838,394.305360037124,3.48987629061404
73.5073088893782,83.2909675191411,5.14819623046962
5.19560482084866,75.6209885342919,3.46079247160633
587.72615910405,229.307012105143,4.02967786873231
447.312301150928,459.415859036295,4.79824319195792
658.608340263618,373.415555152835,3.12450101366828
102.844020169946,480.839064204437,4.33169803914232
627.197483390289,90.0492268970127,4.08473218779609
419.262244198843,260.739534793109,3.69870780432844
11.964114457589,181.507478135205,3.10913302795194
55.5653007042235,110.567544823678,4.46815232477884
603.820355751188,194.738139519315,4.5714629731968
255.091150150582,223.767301187963,3.40626506512594
577.738288612505,431.621179481582,3.72112232732749
302.794446998116,140.125562961338,3.83048679870886
530.238113471046,460.174074400291,3.57685997653181
43.0991918310918,416.816687585975,4.40790448361777
186.484930008278,298.49193928277,3.89769512954675
551.68804107174,258.536468919191,3.75365804118358
168.671475929652,29.2202745372602,4.24650205315977
500.113667066981,354.909348969517,4.59730013737305
43.7166861647722,48.3336902564611,4.22458322143788
529.419236884799,137.840325294786,4.62504457434632
NA,NA,NA
657.91969509107,332.811867078423,3.49175472435147
456.799768131229,298.886567123674,3.65175050790106
10.6570735950465,497.742395173386,3.40472448780307
565.233705172746,51.9794314119311,4.11628398022081
69.9231301131165,376.346764743451,3.89463416348224
227.911853128292,413.27681124478,3.87833198288922
430.037511386104,12.6581490496698,3.37438979478001
361.503843568803,292.384331416284,3.2096757698664
604.298397489731,96.6097428711312,4.22666241047347
396.30793672713,231.459055287832,4.22509156584784
557.943173722185,406.503427400417,4.68785992301324
139.036431698164,279.163427566751,4.34721942448964
197.197073015541,368.853151682338,3.96180701876774
125.762010890483,411.929460375512,3.42528128489681
626.094501970764,315.587975394518,4.5044135621349
1.41095798761187,147.118716248954,4.29473155094604
544.631551971349,198.746973665832,4.21243226673084
34.2506388182226,490.477687579975,3.03663782870201
278.717881287854,22.6387092136242,3.77917232551442
533.413671854621,394.124698736553,3.4963121476251
65.865559155766,75.2592980726025,5.28210921163008
3.64328700191397,74.7106133680515,3.41090115271028
592.89511423565,230.591464704218,3.95514816485898
443.228157146429,460.938289582911,4.70809676601543
659.537602277501,373.352836980798,3.23904811731032
102.504089894712,490.232917152573,4.35701730132454
621.203924772527,89.5421463409667,4.07077849603386
421.24019014213,257.319339499573,3.69078333244175
10.2949454773282,182.407887812232,3.1346380210551
70.6988720596753,119.559544580734,4.5275596833274
612.148696595037,209.438835178029,4.38917887539613
261.461275356399,223.070269039462,4.01850428874233
580.841305793734,438.877023737942,3.92162056470108
300.599492401318,140.499191341551,3.88975743804268
532.649875522249,471.386559690822,3.78522920230464
36.9501816377542,434.793165068909,4.10852802063388
197.969785016161,272.16322366648,4.05064339784703
546.903160730753,257.863593647744,3.90411403487454
168.63277031183,25.4693343929972,4.4041836934534
505.180257135148,340.73821049399,4.5070859895899
42.7909289771025,49.860665512845,3.92088337087656
538.572304439488,147.70415125972,4.66816461860437
NA,NA,NA
657.91969509107,332.811867078423,3.49175472435147
456.799768131229,298.886567123674,3.65175050790106
10.6570735950465,497.742395173386,3.40472448780307
565.233705172746,51.9794314119311,4.11628398022081
69.9231301131165,376.346764743451,3.89463416348224
227.911853128292,413.27681124478,3.87833198288922
430.037511386104,12.6581490496698,3.37438979478001
361.503843568803,292.384331416284,3.2096757698664
604.298397489731,96.6097428711312,4.22666241047347
396.30793672713,231.459055287832,4.22509156584784
557.943173722185,406.503427400417,4.68785992301324
139.036431698164,279.163427566751,4.34721942448964
197.197073015541,368.853151682338,3.96180701876774
125.762010890483,411.929460375512,3.42528128489681
626.094501970764,315.587975394518,4.5044135621349
1.41095798761187,147.118716248954,4.29473155094604
544.631551971349,198.746973665832,4.21243226673084
34.2506388182226,490.477687579975,3.03663782870201
278.717881287854,22.6387092136242,3.77917232551442
533.413671854621,394.124698736553,3.4963121476251
65.865559155766,75.2592980726025,5.28210921163008
3.64328700191397,74.7106133680515,3.41090115271028
592.89511423565,230.591464704218,3.95514816485898
443.228157146429,460.938289582911,4.70809676601543
659.537602277501,373.352836980798,3.23904811731032
102.504089894712,490.232917152573,4.35701730132454
621.203924772527,89.5421463409667,4.07077849603386
421.24019014213,257.319339499573,3.69078333244175
10.2949454773282,182.407887812232,3.1346380210551
70.6988720596753,119.559544580734,4.5275596833274
612.148696595037,209.438835178029,4.38917887539613
261.461275356399,223.070269039462,4.01850428874233
580.841305793734,438.877023737942,3.92162056470108
300.599492401318,140.499191341551,3.88975743804268
532.649875522249,471.386559690822,3.78522920230464
36.9501816377542,434.793165068909,4.10852802063388
197.969785016161,272.16322366648,4.05064339784703
546.903160730753,257.863593647744,3.90411403487454
168.63277031183,25.4693343929972,4.4041836934534
505.180257135148,340.73821049399,4.5070859895899
42.7909289771025,49.860665512845,3.92088337087656
538.572304439488,147.70415125972,4.66816461860437
NA,NA,NA
657.91969509107,332.811867078423,3.49175472435147
456.799768131229,298.886567123674,3.65175050790106
10.6570735950465,497.742395173386,3.40472448780307
565.233705172746,51.9794314119311,4.11628398022081
69.9231301131165,376.346764743451,3.89463416348224
227.911853128292,413.27681124478,3.87833198288922
430.037511386104,12.6581490496698,3.37438979478001
361.503843568803,292.384331416284,3.2096757698664
604.298397489731,96.6097428711312,4.22666241047347
396.30793672713,231.459055287832,4.22509156584784
557.943173722185,406.503427400417,4.68785992301324
139.036431698164,279.163427566751,4.34721942448964
197.197073015541,368.853151682338,3.96180701876774
125.762010890483,411.929460375512,3.42528128489681
626.094501970764,315.587975394518,4.5044135621349
1.41095798761187,147.118716248954,4.29473155094604
544.631551971349,198.746973665832,4.21243226673084
34.2506388182226,490.477687579975,3.03663782870201
278.717881287854,22.6387092136242,3.77917232551442
533.413671854621,394.124698736553,3.4963121476251
65.865559155766,75.2592980726025,5.28210921163008
3.64328700191397,74.7106133680515,3.41090115271028
592.89511423565,230.591464704218,3.95514816485898
443.228157146429,460.938289582911,4.70809676601543
659.537602277501,373.352836980798,3.23904811731032
102.504089894712,490.232917152573,4.35701730132454
621.203924772527,89.5421463409667,4.07077849603386
421.24019014213,257.319339499573,3.69078333244175
10.2949454773282,182.407887812232,3.1346380210551
70.6988720596753,119.559544580734,4.5275596833274
612.148696595037,209.438835178029,4.38917887539613
261.461275356399,223.070269039462,4.01850428874233
580.841305793734,438.877023737942,3.92162056470108
300.599492401318,140.499191341551,3.88975743804268
532.649875522249,471.386559690822,3.78522920230464
36.9501816377542,434.793165068909,4.10852802063388
197.969785016161,272.16322366648,4.05064339784703
546.903160730753,257.863593647744,3.90411403487454
168.63277031183,25.4693343929972,4.4041836934534
505.180257135148,340.73821049399,4.5070859895899
42.7909289771025,49.860665512845,3.92088337087656
538.572304439488,147.70415125972,4.66816461860437
NA,NA,NA
657.91969509107,332.811867078423,3.49175472435147
456.799768131229,298.886567123674,3.65175050790106
10.6570735950465,497.742395173386,3.40472448780307
565.233705172746,51.9794314119311,4.11628398022081
69.9231301131165,376.346764743451,3.89463416348224
227.911853128292,413.27681124478,3.87833198288922
430.037511386104,12.6581490496698,3.37438979478001
361.503843568803,292.384331416284,3.2096757698664
604.298397489731,96.6097428711312,4.22666241047347
396.30793672713,231.459055287832,4.22509156584784
557.943173722185,406.503427400417,4.68785992301324
139.036431698164,279.163427566751,4.34721942448964
197.197073015541,368.853151682338,3.96180701876774
125.762010890483,411.929460375512,3.42528128489681
626.094501970764,315.587975394518,4.5044135621349
1.41095798761187,147.118716248954,4.29473155094604
544.631551971349,198.746973665832,4.21243226673084
34.2506388182226,490.477687579975,3.03663782870201
278.717881287854,22.6387092136242,3.77917232551442
533.413671854621,394.124698736553,3.4963121476251
65.865559155766,75.2592980726025,5.28210921163008
3.64328700191397,74.7106133680515,3.41090115271028
592.89511423565,230.591464704218,3.95514816485898
443.228157146429,460.938289582911,4.70809676601543
659.537602277501,373.352836980798,3.23904811731032
102.504089894712,490.232917152573,4.35701730132454
621.203924772527,89.5421463409667,4.07077849603386
421.24019014213,257.319339499573,3.69078333244175
10.2949454773282,182.407887812232,3.1346380210551
70.6988720596753,119.559544580734,4.5275596833274
612.148696595037,209.438835178029,4.38917887539613
261.461275356399,223.070269039462,4.01850428874233
580.841305793734,438.877023737942,3.92162056470108
300.599492401318,140.499191341551,3.88975743804268
532.649875522249,471.386559690822,3.78522920230464
36.9501816377542,434.793165068909,4.10852802063388
197.969785016161,272.16322366648,4.05064339784703
546.903160730753,257.863593647744,3.90411403487454
168.63277031183,25.4693343929972,4.4041836934534
505.180257135148,340.73821049399,4.5070859895899
42.7909289771025,49.860665512845,3.92088337087656
538.572304439488,147.70415125972,4.66816461860437
NA,NA,NA
657.91969509107,332.811867078423,3.49175472435147
456.799768131229,298.886567123674,3.65175050790106
10.6570735950465,497.742395173386,3.40472448780307
565.233705172746,51.9794314119311,4.11628398022081
69.9231301131165,376.346764743451,3.89463416348224
227.911853128292,413.27681124478,3.87833198288922
430.037511386104,12.6581490496698,3.37438979478001
361.503843568803,292.384331416284,3.2096757698664
604.298397489731,96.6097428711312,4.22666241047347
396.30793672713,231.459055287832,4.22509156584784
557.943173722185,406.503427400417,4.68785992301324
139.036431698164,279.163427566751,4.34721942448964
197.197073015541,368.853151682338,3.96180701876774
125.762010890483,411.929460375512,3.42528128489681
626.094501970764,315.587975394518,4.5044135621349
1.41095798761187,147.118716248954,4.29473155094604
544.631551971349,198.746973665832,4.21243226673084
34.2506388182226,490.477687579975,3.03663782870201
278.717881287854,22.6387092136242,3.77917232551442
533.413671854621,394.124698736553,3.4963121476251
65.865559155766,75.2592980726025,5.28210921163008
3.64328700191397,74.7106133680515,3.41090115271028
592.89511423565,230.591464704218,3.95514816485898
443.228157146429,460.938289582911,4.70809676601543
659.537602277501,373.352836980798,3.23904811731032
102.504089894712,490.232917152573,4.35701730132454
621.203924772527,89.5421463409667,4.07077849603386
421.24019014213,257.319339499573,3.69078333244175
10.2949454773282,182.407887812232,3.1346380210551
70.6988720596753,119.559544580734,4.5275596833274
612.148696595037,209.438835178029,4.38917887539613
261.461275356399,223.070269039462,4.01850428874233
580.841305793734,438.877023737942,3.92162056470108
300.599492401318,140.499191341551,3.88975743804268
532.649875522249,471.386559690822,3.78522920230464
36.9501816377542,434.793165068909,4.10852802063388
197.969785016161,272.16322366648,4.05064339784703
546.903160730753,257.863593647744,3.90411403487454
168.63277031183,25.4693343929972,4.4041836934534
505.180257135148,340.73821049399,4.5070859895899
42.7909289771025,49.860665512845,3.92088337087656
538.572304439488,147.70415125972,4.66816461860437
NA,NA,NA
657.91969509107,332.811867078423,3.49175472435147
456.799768131229,298.886567123674,3.65175050790106
10.6570735950465,497.742395173386,3.40472448780307
565.233705172746,51.9794314119311,4.11628398022081
69.9231301131165,376.346764743451,3.89463416348224
227.911853128292,413.27681124478,3.87833198288922
430.037511386104,12.6581490496698,3.37438979478001
361.503843568803,292.384331416284,3.2096757698664
604.298397489731,96.6097428711312,4.22666241047347
396.30793672713,231.459055287832,4.22509156584784
557.943173722185,406.503427400417,4.68785992301324
139.036431698164,279.163427566751,4.34721942448964
197.197073015541,368.853151682338,3.96180701876774
125.762010890483,411.929460375512,3.42528128489681
626.094501970764,315.587975394518,4.5044135621349
1.41095798761187,147.118716248954,4.29473155094604
544.631551971349,198.746973665832,4.21243226673084
34.2506388182226,490.477687579975,3.03663782870201
278.717881287854,22.6387092136242,3.77917232551442
533.413671854621,394.124698736553,3.4963121476251
65.865559155766,75.2592980726025,5.28210921163008
3.64328700191397,74.7106133680515,3.41090115271028
592.89511423565,230.591464704218,3.95514816485898
443.228157146429,460.938289582911,4.70809676601543
659.537602277501,373.352836980798,3.23904811731032
102.504089894712,490.232917152573,4.35701730132454
621.203924772527,89.5421463409667,4.07077849603386
421.24019014213,257.319339499573,3.69078333244175
10.2949454773282,182.407887812232,3.1346380210551
70.6988720596753,119.559544580734,4.5275596833274
612.148696595037,209.438835178029,4.38917887539613
261.461275356399,223.070269039462,4.01850428874233
580.841305793734,438.877023737942,3.92162056470108
300.599492401318,140.499191341551,3.88975743804268
532.649875522249,471.386559690822,3.78522920230464
36.9501816377542,434.793165068909,4.10852802063388
197.969785016161,272.16322366648,4.05064339784703
546.903160730753,257.863593647744,3.90411403487454
168.63277031183,25.4693343929972,4.4041836934534
505.180257135148,340.73821049399,4.5070859895899
42.7909289771025,49.860665512845,3.92088337087656
538.572304439488,147.70415125972,4.66816461860437
NA,NA,NA
658.625319908584,331.979782781288,3.47734924010502
459.44041089078,301.046308377535,3.46167985973029
12.1624951997656,494.558659274257,3.40234902874818
556.372607578822,48.1321205711929,4.12933454278244
73.6069554161948,375.760870018686,3.87195818214277
227.684506396515,413.563566577172,4.06760207576262
431.470519333745,10.5966673586496,3.22645889142628
363.124650396191,293.804527173145,3.01301506367846
603.515802962457,106.623010306903,4.28729338171067
385.382905311545,227.175972573979,4.24232649765405
572.584229398723,412.327375182614,4.78590598395085
140.017808809447,287.899312084705,4.44172003544305
198.695204811019,368.157956808235,4.12450660431784
123.807185920508,411.176552386894,3.54422901949609
623.385738468561,311.428622732853,4.62023483415769
7.4435353861113,142.34477371409,4.29859407347634
538.692625182012,203.646664941859,4.13535415054195
34.1085909589917,492.150878875883,3.03829485334368
277.912711362593,19.8655801513642,3.96907164329094
533.54813228863,394.610677834838,3.47311172027929
69.973030044608,73.3725421988068,5.16458743561225
4.78466127130782,76.5144113013821,3.58392211905674
587.733186902732,224.521497265704,3.98926922401296
435.440055908894,468.732096699606,4.73710801606383
661.906931739573,372.68492899072,3.37129920640913
102.324508526824,487.05126430753,4.33198283758662
621.579307237232,88.2745998948288,4.06210919633856
418.815495643754,260.357938694403,3.65895640598969
11.3821042894672,183.809184869887,3.20806423733177
68.135200340766,123.360674736524,4.42639190434175
620.11033239741,218.92801951935,4.13197883098621
254.464147795937,209.75009872954,3.5823522228074
572.79568038685,437.36342652631,4.00135955272078
296.401607409893,139.236084963105,3.8875071817494
531.111562386842,451.241693712678,3.78715359368924
40.2830485717777,417.256695590161,3.92181217083681
189.751502468951,280.943472445082,3.83073092430903
541.585000351956,256.861886241153,3.5423999542358
171.718542940229,35.2304688920177,4.12645140749428
510.419823942328,345.23168971576,4.53092065361865
38.8508190745873,40.7381313176399,3.49385153111863
540.072439956965,151.947384735962,4.48592520820064
NA,NA,NA
658.625319908584,331.979782781288,3.47734924010502
459.44041089078,301.046308377535,3.46167985973029
12.1624951997656,494.558659274257,3.40234902874818
556.372607578822,48.1321205711929,4.12933454278244
73.6069554161948,375.760870018686,3.87195818214277
227.684506396515,413.563566577172,4.06760207576262
431.470519333745,10.5966673586496,3.22645889142628
363.124650396191,293.804527173145,3.01301506367846
603.515802962457,106.623010306903,4.28729338171067
385.382905311545,227.175972573979,4.24232649765405
572.584229398723,412.327375182614,4.78590598395085
140.017808809447,287.899312084705,4.44172003544305
198.695204811019,368.157956808235,4.12450660431784
123.807185920508,411.176552386894,3.54422901949609
623.385738468561,311.428622732853,4.62023483415769
7.4435353861113,142.34477371409,4.29859407347634
538.692625182012,203.646664941859,4.13535415054195
34.1085909589917,492.150878875883,3.03829485334368
277.912711362593,19.8655801513642,3.96907164329094
533.54813228863,394.610677834838,3.47311172027929
69.973030044608,73.3725421988068,5.16458743561225
4.78466127130782,76.5144113013821,3.58392211905674
587.733186902732,224.521497265704,3.98926922401296
435.440055908894,468.732096699606,4.73710801606383
661.906931739573,372.68492899072,3.37129920640913
102.324508526824,487.05126430753,4.33198283758662
621.579307237232,88.2745998948288,4.06210919633856
418.815495643754,260.357938694403,3.65895640598969
11.3821042894672,183.809184869887,3.20806423733177
68.135200340766,123.360674736524,4.42639190434175
620.11033239741,218.92801951935,4.13197883098621
254.464147795937,209.75009872954,3.5823522228074
572.79568038685,437.36342652631,4.00135955272078
296.401607409893,139.236084963105,3.8875071817494
531.111562386842,451.241693712678,3.78715359368924
40.2830485717777,417.256695590161,3.92181217083681
189.751502468951,280.943472445082,3.83073092430903
541.585000351956,256.861886241153,3.5423999542358
171.718542940229,35.2304688920177,4.12645140749428
510.419823942328,345.23168971576,4.53092065361865
38.8508190745873,40.7381313176399,3.49385153111863
540.072439956965,151.947384735962,4.48592520820064
NA,NA,NA
658.625319908584,331.979782781288,3.47734924010502
459.44041089078,301.046308377535,3.46167985973029
12.1624951997656,494.558659274257,3.40234902874818
556.372607578822,48.1321205711929,4.12933454278244
73.6069554161948,375.760870018686,3.87195818214277
227.684506396515,413.563566577172,4.06760207576262
431.470519333745,10.5966673586496,3.22645889142628
363.124650396191,293.804527173145,3.01301506367846
603.515802962457,106.623010306903,4.28729338171067
385.382905311545,227.175972573979,4.24232649765405
572.584229398723,412.327375182614,4.78590598395085
140.017808809447,287.899312084705,4.44172003544305
198.695204811019,368.157956808235,4.12450660431784
123.807185920508,411.176552386894,3.54422901949609
623.385738468561,311.428622732853,4.62023483415769
7.4435353861113,142.34477371409,4.29859407347634
538.692625182012,203.646664941859,4.13535415054195
34.1085909589917,492.150878875883,3.03829485334368
277.912711362593,19.8655801513642,3.96907164329094
533.54813228863,394.610677834838,3.47311172027929
69.973030044608,73.3725421988068,5.16458743561225
4.78466127130782,76.5144113013821,3.58392211905674
587.733186902732,224.521497265704,3.98926922401296
435.440055908894,468.732096699606,4.73710801606383
661.906931739573,372.68492899072,3.37129920640913
102.324508526824,487.05126430753,4.33198283758662
621.579307237232,88.2745998948288,4.06210919633856
418.815495643754,260.357938694403,3.65895640598969
11.3821042894672,183.809184869887,3.20806423733177
68.135200340766,123.360674736524,4.42639190434175
620.11033239741,218.92801951935,4.13197883098621
254.464147795937,209.75009872954,3.5823522228074
572.79568038685,437.36342652631,4.00135955272078
296.401607409893,139.236084963105,3.8875071817494
531.111562386842,451.241693712678,3.78715359368924
40.2830485717777,417.256695590161,3.92181217083681
189.751502468951,280.943472445082,3.83073092430903
541.585000351956,256.861886241153,3.5423999542358
171.718542940229,35.2304688920177,4.12645140749428
510.419823942328,345.23168971576,4.53092065361865
38.8508190745873,40.7381313176399,3.49385153111863
540.072439956965,151.947384735962,4.48592520820064
NA,NA,NA
658.625319908584,331.979782781288,3.47734924010502
459.44041089078,301.046308377535,3.46167985973029
12.1624951997656,494.558659274257,3.40234902874818
556.372607578822,48.1321205711929,4.12933454278244
73.6069554161948,375.760870018686,3.87195818214277
227.684506396515,413.563566577172,4.06760207576262
431.470519333745,10.5966673586496,3.22645889142628
363.124650396191,293.804527173145,3.01301506367846
603.515802962457,106.623010306903,4.28729338171067
385.382905311545,227.175972573979,4.24232649765405
572.584229398723,412.327375182614,4.78590598395085
140.017808809447,287.899312084705,4.44172003544305
198.695204811019,368.157956808235,4.12450660431784
123.807185920508,411.176552386894,3.54422901949609
623.385738468561,311.428622732853,4.62023483415769
7.4435353861113,142.34477371409,4.29859407347634
538.692625182012,203.646664941859,4.13535415054195
34.1085909589917,492.150878875883,3.03829485334368
277.912711362593,19.8655801513642,3.96907164329094
533.54813228863,394.610677834838,3.47311172027929
69.973030044608,73.3725421988068,5.16458743561225
4.78466127130782,76.5144113013821,3.58392211905674
587.733186902732,224.521497265704,3.98926922401296
435.440055908894,468.732096699606,4.73710801606383
661.906931739573,372.68492899072,3.37129920640913
102.324508526824,487.05126430753,4.33198283758662
621.579307237232,88.2745998948288,4.06210919633856
418.815495643754,260.357938694403,3.65895640598969
11.3821042894672,183.809184869887,3.20806423733177
68.135200340766,123.360674736524,4.42639190434175
620.11033239741,218.92801951935,4.13197883098621
254.464147795937,209.75009872954,3.5823522228074
572.79568038685,437.36342652631,4.00135955272078
296.401607409893,139.236084963105,3.8875071817494
531.111562386842,451.241693712678,3.78715359368924
40.2830485717777,417.256695590161,3.92181217083681
189.751502468951,280.943472445082,3.83073092430903
541.585000351956,256.861886241153,3.5423999542358
171.718542940229,35.2304688920177,4.12645140749428
510.419823942328,345.23168971576,4.53092065361865
38.8508190745873,40.7381313176399,3.49385153111863
540.072439956965,151.947384735962,4.48592520820064
NA,NA,NA
658.625319908584,331.979782781288,3.47734924010502
459.44041089078,301.046308377535,3.46167985973029
12.1624951997656,494.558659274257,3.40234902874818
556.372607578822,48.1321205711929,4.12933454278244
73.6069554161948,375.760870018686,3.87195818214277
227.684506396515,413.563566577172,4.06760207576262
431.470519333745,10.5966673586496,3.22645889142628
363.124650396191,293.804527173145,3.01301506367846
603.515802962457,106.623010306903,4.28729338171067
385.382905311545,227.175972573979,4.24232649765405
572.584229398723,412.327375182614,4.78590598395085
140.017808809447,287.899312084705,4.44172003544305
198.695204811019,368.157956808235,4.12450660431784
123.807185920508,411.176552386894,3.54422901949609
623.385738468561,311.428622732853,4.62023483415769
7.4435353861113,142.34477371409,4.29859407347634
538.692625182012,203.646664941859,4.13535415054195
34.1085909589917,492.150878875883,3.03829485334368
277.912711362593,19.8655801513642,3.96907164329094
533.54813228863,394.610677834838,3.47311172027929
69.973030044608,73.3725421988068,5.16458743561225
4.78466127130782,76.5144113013821,3.58392211905674
587.733186902732,224.521497265704,3.98926922401296
435.440055908894,468.732096699606,4.73710801606383
661.906931739573,372.68492899072,3.37129920640913
102.324508526824,487.05126430753,4.33198283758662
621.579307237232,88.2745998948288,4.06210919633856
418.815495643754,260.357938694403,3.65895640598969
11.3821042894672,183.809184869887,3.20806423733177
68.135200340766,123.360674736524,4.42639190434175
620.11033239741,218.92801951935,4.13197883098621
254.464147795937,209.75009872954,3.5823522228074
572.79568038685,437.36342652631,4.00135955272078
296.401607409893,139.236084963105,3.8875071817494
531.111562386842,451.241693712678,3.78715359368924
40.2830485717777,417.256695590161,3.92181217083681
189.751502468951,280.943472445082,3.83073092430903
541.585000351956,256.861886241153,3.5423999542358
171.718542940229,35.2304688920177,4.12645140749428
510.419823942328,345.23168971576,4.53092065361865
38.8508190745873,40.7381313176399,3.49385153111863
540.072439956965,151.947384735962,4.48592520820064
NA,NA,NA
658.625319908584,331.979782781288,3.47734924010502
459.44041089078,301.046308377535,3.46167985973029
12.1624951997656,494.558659274257,3.40234902874818
556.372607578822,48.1321205711929,4.12933454278244
73.6069554161948,375.760870018686,3.87195818214277
227.684506396515,413.563566577172,4.06760207576262
431.470519333745,10.5966673586496,3.22645889142628
363.124650396191,293.804527173145,3.01301506367846
603.515802962457,106.623010306903,4.28729338171067
385.382905311545,227.175972573979,4.24232649765405
572.584229398723,412.327375182614,4.78590598395085
140.017808809447,287.899312084705,4.44172003544305
198.695204811019,368.157956808235,4.12450660431784
123.807185920508,411.176552386894,3.54422901949609
623.385738468561,311.428622732853,4.62023483415769
7.4435353861113,142.34477371409,4.29859407347634
538.692625182012,203.646664941859,4.13535415054195
34.1085909589917,492.150878875883,3.03829485334368
277.912711362593,19.8655801513642,3.96907164329094
533.54813228863,394.610677834838,3.47311172027929
69.973030044608,73.3725421988068,5.16458743561225
4.78466127130782,76.5144113013821,3.58392211905674
587.733186902732,224.521497265704,3.98926922401296
435.440055908894,468.732096699606,4.73710801606383
661.906931739573,372.68492899072,3.37129920640913
102.324508526824,487.05126430753,4.33198283758662
621.579307237232,88.2745998948288,4.06210919633856
418.815495643754,260.357938694403,3.65895640598969
11.3821042894672,183.809184869887,3.20806423733177
68.135200340766,123.360674736524,4.42639190434175
620.11033239741,218.92801951935,4.13197883098621
254.464147795937,209.75009872954,3.5823522228074
572.79568038685,437.36342652631,4.00135955272078
296.401607409893,139.236084963105,3.8875071817494
531.111562386842,451.241693712678,3.78715359368924
40.2830485717777,417.256695590161,3.92181217083681
189.751502468951,280.943472445082,3.83073092430903
541.585000351956,256.861886241153,3.5423999542358
171.718542940229,35.2304688920177,4.12645140749428
510.419823942328,345.23168971576,4.53092065361865
38.8508190745873,40.7381313176399,3.49385153111863
540.072439956965,151.947384735962,4.48592520820064
NA,NA,NA
660.835316706625,335.760185009908,3.54036699601861
455.310676156584,302.98167726386,3.49081412660361
10.7721570181545,494.616115309654,3.72426274537324
562.349527579919,55.7131220532162,4.21007363057241
69.9477837296354,373.373210593428,4.0318319285264
226.741794551526,412.429240456538,3.83698095979852
429.851629404798,11.880259415304,3.36510509024456
362.47121939351,291.845874858295,3.11299457113328
604.274520885118,101.721298269815,4.30343665800477
390.471113910678,234.372948926928,3.97369160561458
572.007915353455,405.931643095075,4.67316910923161
140.737714844139,282.127451155585,4.52770384407106
198.948014058291,367.56814285068,4.10093721267707
127.08715153947,412.708475936541,3.40341244669879
623.540348785937,310.764680365296,4.43771373995982
4.35588635363967,148.018636514512,4.4260985798368
542.862984829837,202.498127223723,4.42111821144557
32.0314196244671,490.015578945359,3.12622497893288
283.053650192827,22.4786311146815,3.90970021143319
533.773652008433,394.259222956565,3.46069304271539
76.2244069359334,79.9068530121563,5.23773702986073
8.26506070381364,75.4064603122051,3.35708929522864
588.366930320165,227.005124228052,4.0492958387052
436.842061474524,462.569329836033,4.82170847363919
658.243100468494,373.760633706177,3.04973355826787
109.276738815456,484.294729422965,4.39054531341501
622.723843909103,91.3017889022308,4.09149704718111
417.766959371007,258.896745152444,3.69562953101896
11.8749574578658,182.304743843152,3.16843415528513
65.4441270764266,117.450359784445,4.6701607925942
616.118730205598,198.829259654573,4.04679038754657
249.551930577515,213.825554395015,3.72309170408491
573.52547285692,434.792515881066,4.02906460796195
304.85893553417,138.17013449176,3.74275111540407
526.415168268743,454.302537544347,3.4971844199029
47.9882854851429,410.102658002944,4.02807999404194
206.650482886119,284.667176434024,3.88396915319085
558.172732115062,264.257849726152,3.81311694885255
165.837513427362,40.8314602146773,4.506770831298
499.016272033472,336.1285863484,4.54578198231986
33.028959102867,61.5647095236108,3.04863580658026
523.157687521923,145.49494755733,4.37597410640888
NA,NA,NA
660.835316706625,335.760185009908,3.54036699601861
455.310676156584,302.98167726386,3.49081412660361
10.7721570181545,494.616115309654,3.72426274537324
562.349527579919,55.7131220532162,4.21007363057241
69.9477837296354,373.373210593428,4.0318319285264
226.741794551526,412.429240456538,3.83698095979852
429.851629404798,11.880259415304,3.36510509024456
362.47121939351,291.845874858295,3.11299457113328
604.274520885118,101.721298269815,4.30343665800477
390.471113910678,234.372948926928,3.97369160561458
572.007915353455,405.931643095075,4.67316910923161
140.737714844139,282.127451155585,4.52770384407106
198.948014058291,367.56814285068,4.10093721267707
127.08715153947,412.708475936541,3.40341244669879
623.540348785937,310.764680365296,4.43771373995982
4.35588635363967,148.018636514512,4.4260985798368
542.862984829837,202.498127223723,4.42111821144557
32.0314196244671,490.015578945359,3.12622497893288
283.053650192827,22.4786311146815,3.90970021143319
533.773652008433,394.259222956565,3.46069304271539
76.2244069359334,79.9068530121563,5.23773702986073
8.26506070381364,75.4064603122051,3.35708929522864
588.366930320165,227.005124228052,4.0492958387052
436.842061474524,462.569329836033,4.82170847363919
658.243100468494,373.760633706177,3.04973355826787
109.276738815456,484.294729422965,4.39054531341501
622.723843909103,91.3017889022308,4.09149704718111
417.766959371007,258.896745152444,3.69562953101896
11.8749574578658,182.304743843152,3.16843415528513
65.4441270764266,117.450359784445,4.6701607925942
616.118730205598,198.829259654573,4.04679038754657
249.551930577515,213.825554395015,3.72309170408491
573.52547285692,434.792515881066,4.02906460796195
304.85893553417,138.17013449176,3.74275111540407
526.415168268743,454.302537544347,3.4971844199029
47.9882854851429,410.102658002944,4.02807999404194
206.650482886119,284.667176434024,3.88396915319085
558.172732115062,264.257849726152,3.81311694885255
165.837513427362,40.8314602146773,4.506770831298
499.016272033472,336.1285863484,4.54578198231986
33.028959102867,61.5647095236108,3.04863580658026
523.157687521923,145.49494755733,4.37597410640888
NA,NA,NA
660.835316706625,335.760185009908,3.54036699601861
455.310676156584,302.98167726386,3.49081412660361
10.7721570181545,494.616115309654,3.72426274537324
562.349527579919,55.7131220532162,4.21007363057241
69.9477837296354,373.373210593428,4.0318319285264
226.741794551526,412.429240456538,3.83698095979852
429.851629404798,11.880259415304,3.36510509024456
362.47121939351,291.845874858295,3.11299457113328
604.274520885118,101.721298269815,4.30343665800477
390.471113910678,234.372948926928,3.97369160561458
572.007915353455,405.931643095075,4.67316910923161
140.737714844139,282.127451155585,4.52770384407106
198.948014058291,367.56814285068,4.10093721267707
127.08715153947,412.708475936541,3.40341244669879
623.540348785937,310.764680365296,4.43771373995982
4.35588635363967,148.018636514512,4.4260985798368
542.862984829837,202.498127223723,4.42111821144557
32.0314196244671,490.015578945359,3.12622497893288
283.053650192827,22.4786311146815,3.90970021143319
533.773652008433,394.259222956565,3.46069304271539
76.2244069359334,79.9068530121563,5.23773702986073
8.26506070381364,75.4064603122051,3.35708929522864
588.366930320165,227.005124228052,4.0492958387052
436.842061474524,462.569329836033,4.82170847363919
658.243100468494,373.760633706177,3.04973355826787
109.276738815456,484.294729422965,4.39054531341501
622.723843909103,91.3017889022308,4.09149704718111
417.766959371007,258.896745152444,3.69562953101896
11.8749574578658,182.304743843152,3.16843415528513
65.4441270764266,117.450359784445,4.6701607925942
616.118730205598,198.829259654573,4.04679038754657
249.551930577515,213.825554395015,3.72309170408491
573.52547285692,434.792515881066,4.02906460796195
304.85893553417,138.17013449176,3.74275111540407
526.415168268743,454.302537544347,3.4971844199029
47.9882854851429,410.102658002944,4.02807999404194
206.650482886119,284.667176434024,3.88396915319085
558.172732115062,264.257849726152,3.81311694885255
165.837513427362,40.8314602146773,4.506770831298
499.016272033472,336.1285863484,4.54578198231986
33.028959102867,61.5647095236108,3.04863580658026
523.157687521923,145.49494755733,4.37597410640888
NA,NA,NA
660.835316706625,335.760185009908,3.54036699601861
455.310676156584,302.98167726386,3.49081412660361
10.7721570181545,494.616115309654,3.72426274537324
562.349527579919,55.7131220532162,4.21007363057241
69.9477837296354,373.373210593428,4.0318319285264
226.741794551526,412.429240456538,3.83698095979852
429.851629404798,11.880259415304,3.36510509024456
362.47121939351,291.845874858295,3.11299457113328
604.274520885118,101.721298269815,4.30343665800477
390.471113910678,234.372948926928,3.97369160561458
572.007915353455,405.931643095075,4.67316910923161
140.737714844139,282.127451155585,4.52770384407106
198.948014058291,367.56814285068,4.10093721267707
127.08715153947,412.708475936541,3.40341244669879
623.540348785937,310.764680365296,4.43771373995982
4.35588635363967,148.018636514512,4.4260985798368
542.862984829837,202.498127223723,4.42111821144557
32.0314196244671,490.015578945359,3.12622497893288
283.053650192827,22.4786311146815,3.90970021143319
533.773652008433,394.259222956565,3.46069304271539
76.2244069359334,79.9068530121563,5.23773702986073
8.26506070381364,75.4064603122051,3.35708929522864
588.366930320165,227.005124228052,4.0492958387052
436.842061474524,462.569329836033,4.82170847363919
658.243100468494,373.760633706177,3.04973355826787
109.276738815456,484.294729422965,4.39054531341501
622.723843909103,91.3017889022308,4.09149704718111
417.766959371007,258.896745152444,3.69562953101896
11.8749574578658,182.304743843152,3.16843415528513
65.4441270764266,117.450359784445,4.6701607925942
616.118730205598,198.829259654573,4.04679038754657
249.551930577515,213.825554395015,3.72309170408491
573.52547285692,434.792515881066,4.02906460796195
304.85893553417,138.17013449176,3.74275111540407
526.415168268743,454.302537544347,3.4971844199029
47.9882854851429,410.102658002944,4.02807999404194
206.650482886119,284.667176434024,3.88396915319085
558.172732115062,264.257849726152,3.81311694885255
165.837513427362,40.8314602146773,4.506770831298
499.016272033472,336.1285863484,4.54578198231986
33.028959102867,61.5647095236108,3.04863580658026
523.157687521923,145.49494755733,4.37597410640888
NA,NA,NA
660.835316706625,335.760185009908,3.54036699601861
455.310676156584,302.98167726386,3.49081412660361
10.7721570181545,494.616115309654,3.72426274537324
562.349527579919,55.7131220532162,4.21007363057241
69.9477837296354,373.373210593428,4.0318319285264
226.741794551526,412.429240456538,3.83698095979852
429.851629404798,11.880259415304,3.36510509024456
362.47121939351,291.845874858295,3.11299457113328
604.274520885118,101.721298269815,4.30343665800477
390.471113910678,234.372948926928,3.97369160561458
572.007915353455,405.931643095075,4.67316910923161
140.737714844139,282.127451155585,4.52770384407106
198.948014058291,367.56814285068,4.10093721267707
127.08715153947,412.708475936541,3.40341244669879
623.540348785937,310.764680365296,4.43771373995982
4.35588635363967,148.018636514512,4.4260985798368
542.862984829837,202.498127223723,4.42111821144557
32.0314196244671,490.015578945359,3.12622497893288
283.053650192827,22.4786311146815,3.90970021143319
533.773652008433,394.259222956565,3.46069304271539
76.2244069359334,79.9068530121563,5.23773702986073
8.26506070381364,75.4064603122051,3.35708929522864
588.366930320165,227.005124228052,4.0492958387052
436.842061474524,462.569329836033,4.82170847363919
658.243100468494,373.760633706177,3.04973355826787
109.276738815456,484.294729422965,4.39054531341501
622.723843909103,91.3017889022308,4.09149704718111
417.766959371007,258.896745152444,3.69562953101896
11.8749574578658,182.304743843152,3.16843415528513
65.4441270764266,117.450359784445,4.6701607925942
616.118730205598,198.829259654573,4.04679038754657
249.551930577515,213.825554395015,3.72309170408491
573.52547285692,434.792515881066,4.02906460796195
304.85893553417,138.17013449176,3.74275111540407
526.415168268743,454.302537544347,3.4971844199029
47.9882854851429,410.102658002944,4.02807999404194
206.650482886119,284.667176434024,3.88396915319085
558.172732115062,264.257849726152,3.81311694885255
165.837513427362,40.8314602146773,4.506770831298
499.016272033472,336.1285863484,4.54578198231986
33.028959102867,61.5647095236108,3.04863580658026
523.157687521923,145.49494755733,4.37597410640888
NA,NA,NA
660.835316706625,335.760185009908,3.54036699601861
455.310676156584,302.98167726386,3.49081412660361
10.7721570181545,494.616115309654,3.72426274537324
562.349527579919,55.7131220532162,4.21007363057241
69.9477837296354,373.373210593428,4.0318319285264
226.741794551526,412.429240456538,3.83698095979852
429.851629404798,11.880259415304,3.36510509024456
362.47121939351,291.845874858295,3.11299457113328
604.274520885118,101.721298269815,4.30343665800477
390.471113910678,234.372948926928,3.97369160561458
572.007915353455,405.931643095075,4.67316910923161
140.737714844139,282.127451155585,4.52770384407106
198.948014058291,367.56814285068,4.10093721267707
127.08715153947,412.708475936541,3.40341244669879
623.540348785937,310.764680365296,4.43771373995982
4.35588635363967,148.018636514512,4.4260985798368
542.862984829837,202.498127223723,4.42111821144557
32.0314196244671,490.015578945359,3.12622497893288
283.053650192827,22.4786311146815,3.90970021143319
533.773652008433,394.259222956565,3.46069304271539
76.2244069359334,79.9068530121563,5.23773702986073
8.26506070381364,75.4064603122051,3.35708929522864
588.366930320165,227.005124228052,4.0492958387052
436.842061474524,462.569329836033,4.82170847363919
658.243100468494,373.760633706177,3.04973355826787
109.276738815456,484.294729422965,4.39054531341501
622.723843909103,91.3017889022308,4.09149704718111
417.766959371007,258.896745152444,3.69562953101896
11.8749574578658,182.304743843152,3.16843415528513
65.4441270764266,117.450359784445,4.6701607925942
616.118730205598,198.829259654573,4.04679038754657
249.551930577515,213.825554395015,3.72309170408491
573.52547285692,434.792515881066,4.02906460796195
304.85893553417,138.17013449176,3.74275111540407
526.415168268743,454.302537544347,3.4971844199029
47.9882854851429,410.102658002944,4.02807999404194
206.650482886119,284.667176434024,3.88396915319085
558.172732115062,264.257849726152,3.81311694885255
165.837513427362,40.8314602146773,4.506770831298
499.016272033472,336.1285863484,4.54578198231986
33.028959102867,61.5647095236108,3.04863580658026
523.157687521923,145.49494755733,4.37597410640888
NA,NA,NA
662.266658974111,337.919828533138,3.45781534555465
453.019831453577,298.045025660635,3.71590686947718
14.4235547842606,493.577249315658,3.55532796571772
560.097018859614,53.8124011090682,4.30233209612692
71.4667598129842,376.00037579139,3.89653840535672
227.135514243233,413.18004391488,3.87431130844432
427.392771214108,10.2890446359279,3.35053911117604
362.417481137757,296.417747244645,3.15634360886751
604.472600947737,104.358549097748,4.19237731386106
391.03787065192,233.331955813438,4.25815009038155
568.052707334014,416.151437826658,4.76233509396252
135.796122075062,284.783151248223,4.66500272294675
198.855397541699,364.403721446192,4.02193281402901
123.157357249398,413.95062209448,3.34288971909423
624.793353391754,318.50961944329,4.54309464175191
7.80130550187258,145.870140490048,4.25034830705496
542.53935444742,201.800137013909,4.23667008022307
33.622938088398,491.136712062558,2.97907344063255
280.482325499229,21.8118243963716,3.82158674421617
534.357058738628,392.354924738381,3.42741622344607
73.4049990965557,70.1661465257592,5.20647056210149
3.47078782710043,75.0962558699616,3.56567379581947
585.105461669493,225.349581589569,4.06732611629127
444.347586307093,458.189603672781,4.78495105005482
658.054329840859,374.16431511933,3.09092452733441
107.903774837992,489.320512298135,4.3625550767432
624.398931533287,88.7786148782136,4.14406421309791
421.430368042117,256.623656798253,3.62733208520585
12.2774670852075,180.951675377596,3.51283525605332
65.9819620474479,121.495981679224,4.73945940153626
612.674393987883,207.045577706807,4.1058226660909
258.849050728074,225.2167903363,3.78704520873502
575.974734190374,439.639630526722,3.8000362476095
305.057928855999,138.543351017007,3.83640017705009
531.983264934833,459.481596073408,3.68844287097357
41.9705216190485,423.783815714894,3.76475031386458
191.072359775633,283.901802995421,4.05763102957794
551.175914741931,253.290480345514,3.88279591513231
172.754942368734,35.9016305759531,4.05743931991219
497.552122696986,339.153420763019,4.40794830532772
38.0991475785599,47.2767479012452,3.98572563275014
541.192304937516,141.87621250996,4.58450128209996
NA,NA,NA
662.266658974111,337.919828533138,3.45781534555465
453.019831453577,298.045025660635,3.71590686947718
14.4235547842606,493.577249315658,3.55532796571772
560.097018859614,53.8124011090682,4.30233209612692
71.4667598129842,376.00037579139,3.89653840535672
227.135514243233,413.18004391488,3.87431130844432
427.392771214108,10.2890446359279,3.35053911117604
362.417481137757,296.417747244645,3.15634360886751
604.472600947737,104.358549097748,4.19237731386106
391.03787065192,233.331955813438,4.25815009038155
568.052707334014,416.151437826658,4.76233509396252
135.796122075062,284.783151248223,4.66500272294675
198.855397541699,364.403721446192,4.02193281402901
123.157357249398,413.95062209448,3.34288971909423
624.793353391754,318.50961944329,4.54309464175191
7.80130550187258,145.870140490048,4.25034830705496
542.53935444742,201.800137013909,4.23667008022307
33.622938088398,491.136712062558,2.97907344063255
280.482325499229,21.8118243963716,3.82158674421617
534.357058738628,392.354924738381,3.42741622344607
73.4049990965557,70.1661465257592,5.20647056210149
3.47078782710043,75.0962558699616,3.56567379581947
585.105461669493,225.349581589569,4.06732611629127
444.347586307093,458.189603672781,4.78495105005482
658.054329840859,374.16431511933,3.09092452733441
107.903774837992,489.320512298135,4.3625550767432
624.398931533287,88.7786148782136,4.14406421309791
421.430368042117,256.623656798253,3.62733208520585
12.2774670852075,180.951675377596,3.51283525605332
65.9819620474479,121.495981679224,4.73945940153626
612.674393987883,207.045577706807,4.1058226660909
258.849050728074,225.2167903363,3.78704520873502
575.974734190374,439.639630526722,3.8000362476095
305.057928855999,138.543351017007,3.83640017705009
531.983264934833,459.481596073408,3.68844287097357
41.9705216190485,423.783815714894,3.76475031386458
191.072359775633,283.901802995421,4.05763102957794
551.175914741931,253.290480345514,3.88279591513231
172.754942368734,35.9016305759531,4.05743931991219
497.552122696986,339.153420763019,4.40794830532772
38.0991475785599,47.2767479012452,3.98572563275014
541.192304937516,141.87621250996,4.58450128209996
NA,NA,NA
662.266658974111,337.919828533138,3.45781534555465
453.019831453577,298.045025660635,3.71590686947718
14.4235547842606,493.577249315658,3.55532796571772
560.097018859614,53.8124011090682,4.30233209612692
71.4667598129842,376.00037579139,3.89653840535672
227.135514243233,413.18004391488,3.87431130844432
427.392771214108,10.2890446359279,3.35053911117604
362.417481137757,296.417747244645,3.15634360886751
604.472600947737,104.358549097748,4.19237731386106
391.03787065192,233.331955813438,4.25815009038155
568.052707334014,416.151437826658,4.76233509396252
135.796122075062,284.783151248223,4.66500272294675
198.855397541699,364.403721446192,4.02193281402901
123.157357249398,413.95062209448,3.34288971909423
624.793353391754,318.50961944329,4.54309464175191
7.80130550187258,145.870140490048,4.25034830705496
542.53935444742,201.800137013909,4.23667008022307
33.622938088398,491.136712062558,2.97907344063255
280.482325499229,21.8118243963716,3.82158674421617
534.357058738628,392.354924738381,3.42741622344607
73.4049990965557,70.1661465257592,5.20647056210149
3.47078782710043,75.0962558699616,3.56567379581947
585.105461669493,225.349581589569,4.06732611629127
444.347586307093,458.189603672781,4.78495105005482
658.054329840859,374.16431511933,3.09092452733441
107.903774837992,489.320512298135,4.3625550767432
624.398931533287,88.7786148782136,4.14406421309791
421.430368042117,256.623656798253,3.62733208520585
12.2774670852075,180.951675377596,3.51283525605332
65.9819620474479,121.495981679224,4.73945940153626
612.674393987883,207.045577706807,4.1058226660909
258.849050728074,225.2167903363,3.78704520873502
575.974734190374,439.639630526722,3.8000362476095
305.057928855999,138.543351017007,3.83640017705009
531.983264934833,459.481596073408,3.68844287097357
41.9705216190485,423.783815714894,3.76475031386458
191.072359775633,283.901802995421,4.05763102957794
551.175914741931,253.290480345514,3.88279591513231
172.754942368734,35.9016305759531,4.05743931991219
497.552122696986,339.153420763019,4.40794830532772
38.0991475785599,47.2767479012452,3.98572563275014
541.192304937516,141.87621250996,4.58450128209996
NA,NA,NA
662.266658974111,337.919828533138,3.45781534555465
453.019831453577,298.045025660635,3.71590686947718
14.4235547842606,493.577249315658,3.55532796571772
560.097018859614,53.8124011090682,4.30233209612692
71.4667598129842,376.00037579139,3.89653840535672
227.135514243233,413.18004391488,3.87431130844432
427.392771214108,10.2890446359279,3.35053911117604
362.417481137757,296.417747244645,3.15634360886751
604.472600947737,104.358549097748,4.19237731386106
391.03787065192,233.331955813438,4.25815009038155
568.052707334014,416.151437826658,4.76233509396252
135.796122075062,284.783151248223,4.66500272294675
198.855397541699,364.403721446192,4.02193281402901
123.157357249398,413.95062209448,3.34288971909423
624.793353391754,318.50961944329,4.54309464175191
7.80130550187258,145.870140490048,4.25034830705496
542.53935444742,201.800137013909,4.23667008022307
33.622938088398,491.136712062558,2.97907344063255
280.482325499229,21.8118243963716,3.82158674421617
534.357058738628,392.354924738381,3.42741622344607
73.4049990965557,70.1661465257592,5.20647056210149
3.47078782710043,75.0962558699616,3.56567379581947
585.105461669493,225.349581589569,4.06732611629127
444.347586307093,458.189603672781,4.78495105005482
658.054329840859,374.16431511933,3.09092452733441
107.903774837992,489.320512298135,4.3625550767432
624.398931533287,88.7786148782136,4.14406421309791
421.430368042117,256.623656798253,3.62733208520585
12.2774670852075,180.951675377596,3.51283525605332
65.9819620474479,121.495981679224,4.73945940153626
612.674393987883,207.045577706807,4.1058226660909
258.849050728074,225.2167903363,3.78704520873502
575.974734190374,439.639630526722,3.8000362476095
305.057928855999,138.543351017007,3.83640017705009
531.983264934833,459.481596073408,3.68844287097357
41.9705216190485,423.783815714894,3.76475031386458
191.072359775633,283.901802995421,4.05763102957794
551.175914741931,253.290480345514,3.88279591513231
172.754942368734,35.9016305759531,4.05743931991219
497.552122696986,339.153420763019,4.40794830532772
38.0991475785599,47.2767479012452,3.98572563275014
541.192304937516,141.87621250996,4.58450128209996
NA,NA,NA
662.266658974111,337.919828533138,3.45781534555465
453.019831453577,298.045025660635,3.71590686947718
14.4235547842606,493.577249315658,3.55532796571772
560.097018859614,53.8124011090682,4.30233209612692
71.4667598129842,376.00037579139,3.89653840535672
227.135514243233,413.18004391488,3.87431130844432
427.392771214108,10.2890446359279,3.35053911117604
362.417481137757,296.417747244645,3.15634360886751
604.472600947737,104.358549097748,4.19237731386106
391.03787065192,233.331955813438,4.25815009038155
568.052707334014,416.151437826658,4.76233509396252
135.796122075062,284.783151248223,4.66500272294675
198.855397541699,364.403721446192,4.02193281402901
123.157357249398,413.95062209448,3.34288971909423
624.793353391754,318.50961944329,4.54309464175191
7.80130550187258,145.870140490048,4.25034830705496
542.53935444742,201.800137013909,4.23667008022307
33.622938088398,491.136712062558,2.97907344063255
280.482325499229,21.8118243963716,3.82158674421617
534.357058738628,392.354924738381,3.42741622344607
73.4049990965557,70.1661465257592,5.20647056210149
3.47078782710043,75.0962558699616,3.56567379581947
585.105461669493,225.349581589569,4.06732611629127
444.347586307093,458.189603672781,4.78495105005482
658.054329840859,374.16431511933,3.09092452733441
107.903774837992,489.320512298135,4.3625550767432
624.398931533287,88.7786148782136,4.14406421309791
421.430368042117,256.623656798253,3.62733208520585
12.2774670852075,180.951675377596,3.51283525605332
65.9819620474479,121.495981679224,4.73945940153626
612.674393987883,207.045577706807,4.1058226660909
258.849050728074,225.2167903363,3.78704520873502
575.974734190374,439.639630526722,3.8000362476095
305.057928855999,138.543351017007,3.83640017705009
531.983264934833,459.481596073408,3.68844287097357
41.9705216190485,423.783815714894,3.76475031386458
191.072359775633,283.901802995421,4.05763102957794
551.175914741931,253.290480345514,3.88279591513231
172.754942368734,35.9016305759531,4.05743931991219
497.552122696986,339.153420763019,4.40794830532772
38.0991475785599,47.2767479012452,3.98572563275014
541.192304937516,141.87621250996,4.58450128209996
NA,NA,NA
662.266658974111,337.919828533138,3.45781534555465
453.019831453577,298.045025660635,3.71590686947718
14.4235547842606,493.577249315658,3.55532796571772
560.097018859614,53.8124011090682,4.30233209612692
71.4667598129842,376.00037579139,3.89653840535672
227.135514243233,413.18004391488,3.87431130844432
427.392771214108,10.2890446359279,3.35053911117604
362.417481137757,296.417747244645,3.15634360886751
604.472600947737,104.358549097748,4.19237731386106
391.03787065192,233.331955813438,4.25815009038155
568.052707334014,416.151437826658,4.76233509396252
135.796122075062,284.783151248223,4.66500272294675
198.855397541699,364.403721446192,4.02193281402901
123.157357249398,413.95062209448,3.34288971909423
624.793353391754,318.50961944329,4.54309464175191
7.80130550187258,145.870140490048,4.25034830705496
542.53935444742,201.800137013909,4.23667008022307
33.622938088398,491.136712062558,2.97907344063255
280.482325499229,21.8118243963716,3.82158674421617
534.357058738628,392.354924738381,3.42741622344607
73.4049990965557,70.1661465257592,5.20647056210149
3.47078782710043,75.0962558699616,3.56567379581947
585.105461669493,225.349581589569,4.06732611629127
444.347586307093,458.189603672781,4.78495105005482
658.054329840859,374.16431511933,3.09092452733441
107.903774837992,489.320512298135,4.3625550767432
624.398931533287,88.7786148782136,4.14406421309791
421.430368042117,256.623656798253,3.62733208520585
12.2774670852075,180.951675377596,3.51283525605332
65.9819620474479,121.495981679224,4.73945940153626
612.674393987883,207.045577706807,4.1058226660909
258.849050728074,225.2167903363,3.78704520873502
575.974734190374,439.639630526722,3.8000362476095
305.057928855999,138.543351017007,3.83640017705009
531.983264934833,459.481596073408,3.68844287097357
41.9705216190485,423.783815714894,3.76475031386458
191.072359775633,283.901802995421,4.05763102957794
551.175914741931,253.290480345514,3.88279591513231
172.754942368734,35.9016305759531,4.05743931991219
497.552122696986,339.153420763019,4.40794830532772
38.0991475785599,47.2767479012452,3.98572563275014
541.192304937516,141.87621250996,4.58450128209996
NA,NA,NA
662.733882308554,334.464636268436,3.46111139278463
455.979558964551,298.554773488398,3.57886849602716
8.63143783742341,491.586050901873,3.68110858920253
557.81890177569,47.095350903588,4.14629539457312
71.0737560686982,376.12991349418,3.9362132201013
229.670019579149,418.026128977468,3.84799275931299
429.173304560752,11.0068162484951,3.48715944627866
362.202427886107,293.390849116796,3.16585951927126
604.197588418283,104.909985992076,4.10482876720033
386.853598827747,234.054641561053,4.19973075427544
566.515015468757,409.985150891175,4.70929719638195
141.104407423017,284.145298359924,4.28378487181292
200.500414785162,371.300293186381,4.07375860432925
127.226639557497,410.9053275262,3.3606344132447
624.366236407879,313.959237917228,4.63623258016993
2.50463292782166,148.183110259211,4.1714847674565
544.306461378258,202.357709544276,4.2047234386554
36.0363355026316,491.746559183143,3.02853581335625
278.329913256621,26.5847341693903,3.83116992034118
534.708422546865,392.540255426591,3.38267963715982
69.192644315276,73.6950327301806,5.27559152045476
4.69283203991526,75.5606564032905,3.63103969405146
589.096158349093,228.861011584262,4.01153477315003
443.490802880223,456.660481535476,4.73933385090718
658.146534704176,373.56036931334,2.80336506199441
106.648389419567,492.613979077481,4.28786120959877
624.984231856425,92.5525851465087,4.14493667149149
421.472175698224,258.018154670653,3.59619281234601
12.7730903640639,182.037715385169,3.05929863648359
49.7183623337401,121.368352380321,4.30108350267996
610.828499783354,203.503312674571,4.47932435160162
254.787730906695,217.03986827258,4.14964133678323
579.897898855576,427.874460609721,3.78872762724631
300.019574377881,135.845308702777,3.81089085829739
533.138348785897,458.408871237137,3.70340151693783
56.3534844429013,415.050737808206,3.93907588129299
199.535556299681,293.229816513268,4.01025034969806
551.387397746102,265.491103548468,3.79983970353411
156.917443249491,18.09365650106,3.77393515144409
497.656637299437,346.851117829152,4.45863108124893
49.9632341679772,48.09925528275,4.02925598346398
528.510712567102,152.14612668874,4.86375948081155
NA,NA,NA
662.733882308554,334.464636268436,3.46111139278463
455.979558964551,298.554773488398,3.57886849602716
8.63143783742341,491.586050901873,3.68110858920253
557.81890177569,47.095350903588,4.14629539457312
71.0737560686982,376.12991349418,3.9362132201013
229.670019579149,418.026128977468,3.84799275931299
429.173304560752,11.0068162484951,3.48715944627866
362.202427886107,293.390849116796,3.16585951927126
604.197588418283,104.909985992076,4.10482876720033
386.853598827747,234.054641561053,4.19973075427544
566.515015468757,409.985150891175,4.70929719638195
141.104407423017,284.145298359924,4.28378487181292
200.500414785162,371.300293186381,4.07375860432925
127.226639557497,410.9053275262,3.3606344132447
624.366236407879,313.959237917228,4.63623258016993
2.50463292782166,148.183110259211,4.1714847674565
544.306461378258,202.357709544276,4.2047234386554
36.0363355026316,491.746559183143,3.02853581335625
278.329913256621,26.5847341693903,3.83116992034118
534.708422546865,392.540255426591,3.38267963715982
69.192644315276,73.6950327301806,5.27559152045476
4.69283203991526,75.5606564032905,3.63103969405146
589.096158349093,228.861011584262,4.01153477315003
443.490802880223,456.660481535476,4.73933385090718
658.146534704176,373.56036931334,2.80336506199441
106.648389419567,492.613979077481,4.28786120959877
624.984231856425,92.5525851465087,4.14493667149149
421.472175698224,258.018154670653,3.59619281234601
12.7730903640639,182.037715385169,3.05929863648359
49.7183623337401,121.368352380321,4.30108350267996
610.828499783354,203.503312674571,4.47932435160162
254.787730906695,217.03986827258,4.14964133678323
579.897898855576,427.874460609721,3.78872762724631
300.019574377881,135.845308702777,3.81089085829739
533.138348785897,458.408871237137,3.70340151693783
56.3534844429013,415.050737808206,3.93907588129299
199.535556299681,293.229816513268,4.01025034969806
551.387397746102,265.491103548468,3.79983970353411
156.917443249491,18.09365650106,3.77393515144409
497.656637299437,346.851117829152,4.45863108124893
49.9632341679772,48.09925528275,4.02925598346398
528.510712567102,152.14612668874,4.86375948081155
NA,NA,NA
662.733882308554,334.464636268436,3.46111139278463
455.979558964551,298.554773488398,3.57886849602716
8.63143783742341,491.586050901873,3.68110858920253
557.81890177569,47.095350903588,4.14629539457312
71.0737560686982,376.12991349418,3.9362132201013
229.670019579149,418.026128977468,3.84799275931299
429.173304560752,11.0068162484951,3.48715944627866
362.202427886107,293.390849116796,3.16585951927126
604.197588418283,104.909985992076,4.10482876720033
386.853598827747,234.054641561053,4.19973075427544
566.515015468757,409.985150891175,4.70929719638195
141.104407423017,284.145298359924,4.28378487181292
200.500414785162,371.300293186381,4.07375860432925
127.226639557497,410.9053275262,3.3606344132447
624.366236407879,313.959237917228,4.63623258016993
2.50463292782166,148.183110259211,4.1714847674565
544.306461378258,202.357709544276,4.2047234386554
36.0363355026316,491.746559183143,3.02853581335625
278.329913256621,26.5847341693903,3.83116992034118
534.708422546865,392.540255426591,3.38267963715982
69.192644315276,73.6950327301806,5.27559152045476
4.69283203991526,75.5606564032905,3.63103969405146
589.096158349093,228.861011584262,4.01153477315003
443.490802880223,456.660481535476,4.73933385090718
658.146534704176,373.56036931334,2.80336506199441
106.648389419567,492.613979077481,4.28786120959877
624.984231856425,92.5525851465087,4.14493667149149
421.472175698224,258.018154670653,3.59619281234601
12.7730903640639,182.037715385169,3.05929863648359
49.7183623337401,121.368352380321,4.30108350267996
610.828499783354,203.503312674571,4.47932435160162
254.787730906695,217.03986827258,4.14964133678323
579.897898855576,427.874460609721,3.78872762724631
300.019574377881,135.845308702777,3.81089085829739
533.138348785897,458.408871237137,3.70340151693783
56.3534844429013,415.050737808206,3.93907588129299
199.535556299681,293.229816513268,4.01025034969806
551.387397746102,265.491103548468,3.79983970353411
156.917443249491,18.09365650106,3.77393515144409
497.656637299437,346.851117829152,4.45863108124893
49.9632341679772,48.09925528275,4.02925598346398
528.510712567102,152.14612668874,4.86375948081155
NA,NA,NA
662.733882308554,334.464636268436,3.46111139278463
455.979558964551,298.554773488398,3.57886849602716
8.63143783742341,491.586050901873,3.68110858920253
557.81890177569,47.095350903588,4.14629539457312
71.0737560686982,376.12991349418,3.9362132201013
229.670019579149,418.026128977468,3.84799275931299
429.173304560752,11.0068162484951,3.48715944627866
362.202427886107,293.390849116796,3.16585951927126
604.197588418283,104.909985992076,4.10482876720033
386.853598827747,234.054641561053,4.19973075427544
566.515015468757,409.985150891175,4.70929719638195
141.104407423017,284.145298359924,4.28378487181292
200.500414785162,371.300293186381,4.07375860432925
127.226639557497,410.9053275262,3.3606344132447
624.366236407879,313.959237917228,4.63623258016993
2.50463292782166,148.183110259211,4.1714847674565
544.306461378258,202.357709544276,4.2047234386554
36.0363355026316,491.746559183143,3.02853581335625
278.329913256621,26.5847341693903,3.83116992034118
534.708422546865,392.540255426591,3.38267963715982
69.192644315276,73.6950327301806,5.27559152045476
4.69283203991526,75.5606564032905,3.63103969405146
589.096158349093,228.861011584262,4.01153477315003
443.490802880223,456.660481535476,4.73933385090718
658.146534704176,373.56036931334,2.80336506199441
106.648389419567,492.613979077481,4.28786120959877
624.984231856425,92.5525851465087,4.14493667149149
421.472175698224,258.018154670653,3.59619281234601
12.7730903640639,182.037715385169,3.05929863648359
49.7183623337401,121.368352380321,4.30108350267996
610.828499783354,203.503312674571,4.47932435160162
254.787730906695,217.03986827258,4.14964133678323
579.897898855576,427.874460609721,3.78872762724631
300.019574377881,135.845308702777,3.81089085829739
533.138348785897,458.408871237137,3.70340151693783
56.3534844429013,415.050737808206,3.93907588129299
199.535556299681,293.229816513268,4.01025034969806
551.387397746102,265.491103548468,3.79983970353411
156.917443249491,18.09365650106,3.77393515144409
497.656637299437,346.851117829152,4.45863108124893
49.9632341679772,48.09925528275,4.02925598346398
528.510712567102,152.14612668874,4.86375948081155
NA,NA,NA
662.733882308554,334.464636268436,3.46111139278463
455.979558964551,298.554773488398,3.57886849602716
8.63143783742341,491.586050901873,3.68110858920253
557.81890177569,47.095350903588,4.14629539457312
71.0737560686982,376.12991349418,3.9362132201013
229.670019579149,418.026128977468,3.84799275931299
429.173304560752,11.0068162484951,3.48715944627866
362.202427886107,293.390849116796,3.16585951927126
604.197588418283,104.909985992076,4.10482876720033
386.853598827747,234.054641561053,4.19973075427544
566.515015468757,409.985150891175,4.70929719638195
141.104407423017,284.145298359924,4.28378487181292
200.500414785162,371.300293186381,4.07375860432925
127.226639557497,410.9053275262,3.3606344132447
624.366236407879,313.959237917228,4.63623258016993
2.50463292782166,148.183110259211,4.1714847674565
544.306461378258,202.357709544276,4.2047234386554
36.0363355026316,491.746559183143,3.02853581335625
278.329913256621,26.5847341693903,3.83116992034118
534.708422546865,392.540255426591,3.38267963715982
69.192644315276,73.6950327301806,5.27559152045476
4.69283203991526,75.5606564032905,3.63103969405146
589.096158349093,228.861011584262,4.01153477315003
443.490802880223,456.660481535476,4.73933385090718
658.146534704176,373.56036931334,2.80336506199441
106.648389419567,492.613979077481,4.28786120959877
624.984231856425,92.5525851465087,4.14493667149149
421.472175698224,258.018154670653,3.59619281234601
12.7730903640639,182.037715385169,3.05929863648359
49.7183623337401,121.368352380321,4.30108350267996
610.828499783354,203.503312674571,4.47932435160162
254.787730906695,217.03986827258,4.14964133678323
579.897898855576,427.874460609721,3.78872762724631
300.019574377881,135.845308702777,3.81089085829739
533.138348785897,458.408871237137,3.70340151693783
56.3534844429013,415.050737808206,3.93907588129299
199.535556299681,293.229816513268,4.01025034969806
551.387397746102,265.491103548468,3.79983970353411
156.917443249491,18.09365650106,3.77393515144409
497.656637299437,346.851117829152,4.45863108124893
49.9632341679772,48.09925528275,4.02925598346398
528.510712567102,152.14612668874,4.86375948081155
NA,NA,NA
662.733882308554,334.464636268436,3.46111139278463
455.979558964551,298.554773488398,3.57886849602716
8.63143783742341,491.586050901873,3.68110858920253
557.81890177569,47.095350903588,4.14629539457312
71.0737560686982,376.12991349418,3.9362132201013
229.670019579149,418.026128977468,3.84799275931299
429.173304560752,11.0068162484951,3.48715944627866
362.202427886107,293.390849116796,3.16585951927126
604.197588418283,104.909985992076,4.10482876720033
386.853598827747,234.054641561053,4.19973075427544
566.515015468757,409.985150891175,4.70929719638195
141.104407423017,284.145298359924,4.28378487181292
200.500414785162,371.300293186381,4.07375860432925
127.226639557497,410.9053275262,3.3606344132447
624.366236407879,313.959237917228,4.63623258016993
2.50463292782166,148.183110259211,4.1714847674565
544.306461378258,202.357709544276,4.2047234386554
36.0363355026316,491.746559183143,3.02853581335625
278.329913256621,26.5847341693903,3.83116992034118
534.708422546865,392.540255426591,3.38267963715982
69.192644315276,73.6950327301806,5.27559152045476
4.69283203991526,75.5606564032905,3.63103969405146
589.096158349093,228.861011584262,4.01153477315003
443.490802880223,456.660481535476,4.73933385090718
658.146534704176,373.56036931334,2.80336506199441
106.648389419567,492.613979077481,4.28786120959877
624.984231856425,92.5525851465087,4.14493667149149
421.472175698224,258.018154670653,3.59619281234601
12.7730903640639,182.037715385169,3.05929863648359
49.7183623337401,121.368352380321,4.30108350267996
610.828499783354,203.503312674571,4.47932435160162
254.787730906695,217.03986827258,4.14964133678323
579.897898855576,427.874460609721,3.78872762724631
300.019574377881,135.845308702777,3.81089085829739
533.138348785897,458.408871237137,3.70340151693783
56.3534844429013,415.050737808206,3.93907588129299
199.535556299681,293.229816513268,4.01025034969806
551.387397746102,265.491103548468,3.79983970353411
156.917443249491,18.09365650106,3.77393515144409
497.656637299437,346.851117829152,4.45863108124893
49.9632341679772,48.09925528275,4.02925598346398
528.510712567102,152.14612668874,4.86375948081155
NA,NA,NA
659.093345159513,332.683470635334,3.49042250684884
456.099164492903,298.422389282661,3.65381424798967
9.35964417753359,495.377718929778,3.47479029703185
562.762289277896,45.3602517694888,4.16588349872015
67.2758539455294,378.880000569391,3.97316711512474
230.478154002407,415.326364505822,3.82535304848266
426.45501626151,14.7501931774446,3.28553190917846
362.523568626366,291.269033023065,2.97980547575776
603.778142694819,107.142171652323,4.1347008004538
396.429636945908,230.036213607102,4.16807845207577
570.159029273553,408.107118833789,4.64846326687681
132.621742423289,282.128840193824,4.77642090713278
201.10003355845,373.872877459516,4.04523904632172
125.238243553683,411.706969391725,3.45218612913622
625.733194850659,316.630974592416,4.6356783786078
2.35676821211529,147.861212006101,4.27974717599563
541.694305005687,202.031923510125,4.14957105812827
33.6644605865221,490.191483642707,3.04710177235667
282.203040980086,21.4919691855389,3.84130685617352
534.849148123817,393.848031637067,3.42604992307292
64.7013052267644,78.8286622701343,5.27247290140976
4.28087531726015,75.5543158803461,3.77604587781044
584.572457442177,222.896566590748,4.02030170199795
438.644902486306,459.904952434195,4.75218269406106
659.379182675458,373.966382283271,3.14881269094988
99.8839248436385,488.919320499262,4.38549878529554
628.877344448158,90.763241700055,4.14346750401109
418.511430232176,257.337568634759,3.61268656395294
9.97784581607713,182.90915323937,3.18497676568093
71.4624782538867,108.50068797924,4.47027828798428
607.1194581917,203.166079760027,3.96282209858919
253.060423668008,227.042139346617,4.14475840767988
576.909874556741,444.698242420245,3.7306640836303
302.510238312603,131.986960888496,3.93787992820809
532.447407485241,463.573676277361,3.8049593680196
49.7364359562316,417.99671397283,3.93532811314288
197.990947993594,284.050052842598,3.75740948275927
549.958487066262,263.749418140059,3.63691301835589
172.33544257992,11.2962220440918,4.25351798814563
501.478586624343,347.853445756834,4.36862690067321
44.4908095151005,46.8826822959761,4.04590002786826
547.469083582444,152.071675656609,4.61073654133128
NA,NA,NA
659.093345159513,332.683470635334,3.49042250684884
456.099164492903,298.422389282661,3.65381424798967
9.35964417753359,495.377718929778,3.47479029703185
562.762289277896,45.3602517694888,4.16588349872015
67.2758539455294,378.880000569391,3.97316711512474
230.478154002407,415.326364505822,3.82535304848266
426.45501626151,14.7501931774446,3.28553190917846
362.523568626366,291.269033023065,2.97980547575776
603.778142694819,107.142171652323,4.1347008004538
396.429636945908,230.036213607102,4.16807845207577
570.159029273553,408.107118833789,4.64846326687681
132.621742423289,282.128840193824,4.77642090713278
201.10003355845,373.872877459516,4.04523904632172
125.238243553683,411.706969391725,3.45218612913622
625.733194850659,316.630974592416,4.6356783786078
2.35676821211529,147.861212006101,4.27974717599563
541.694305005687,202.031923510125,4.14957105812827
33.6644605865221,490.191483642707,3.04710177235667
282.203040980086,21.4919691855389,3.84130685617352
534.849148123817,393.848031637067,3.42604992307292
64.7013052267644,78.8286622701343,5.27247290140976
4.28087531726015,75.5543158803461,3.77604587781044
584.572457442177,222.896566590748,4.02030170199795
438.644902486306,459.904952434195,4.75218269406106
659.379182675458,373.966382283271,3.14881269094988
99.8839248436385,488.919320499262,4.38549878529554
628.877344448158,90.763241700055,4.14346750401109
418.511430232176,257.337568634759,3.61268656395294
9.97784581607713,182.90915323937,3.18497676568093
71.4624782538867,108.50068797924,4.47027828798428
607.1194581917,203.166079760027,3.96282209858919
253.060423668008,227.042139346617,4.14475840767988
576.909874556741,444.698242420245,3.7306640836303
302.510238312603,131.986960888496,3.93787992820809
532.447407485241,463.573676277361,3.8049593680196
49.7364359562316,417.99671397283,3.93532811314288
197.990947993594,284.050052842598,3.75740948275927
549.958487066262,263.749418140059,3.63691301835589
172.33544257992,11.2962220440918,4.25351798814563
501.478586624343,347.853445756834,4.36862690067321
44.4908095151005,46.8826822959761,4.04590002786826
547.469083582444,152.071675656609,4.61073654133128
NA,NA,NA
659.093345159513,332.683470635334,3.49042250684884
456.099164492903,298.422389282661,3.65381424798967
9.35964417753359,495.377718929778,3.47479029703185
562.762289277896,45.3602517694888,4.16588349872015
67.2758539455294,378.880000569391,3.97316711512474
230.478154002407,415.326364505822,3.82535304848266
426.45501626151,14.7501931774446,3.28553190917846
362.523568626366,291.269033023065,2.97980547575776
603.778142694819,107.142171652323,4.1347008004538
396.429636945908,230.036213607102,4.16807845207577
570.159029273553,408.107118833789,4.64846326687681
132.621742423289,282.128840193824,4.77642090713278
201.10003355845,373.872877459516,4.04523904632172
125.238243553683,411.706969391725,3.45218612913622
625.733194850659,316.630974592416,4.6356783786078
2.35676821211529,147.861212006101,4.27974717599563
541.694305005687,202.031923510125,4.14957105812827
33.6644605865221,490.191483642707,3.04710177235667
282.203040980086,21.4919691855389,3.84130685617352
534.849148123817,393.848031637067,3.42604992307292
64.7013052267644,78.8286622701343,5.27247290140976
4.28087531726015,75.5543158803461,3.77604587781044
584.572457442177,222.896566590748,4.02030170199795
438.644902486306,459.904952434195,4.75218269406106
659.379182675458,373.966382283271,3.14881269094988
99.8839248436385,488.919320499262,4.38549878529554
628.877344448158,90.763241700055,4.14346750401109
418.511430232176,257.337568634759,3.61268656395294
9.97784581607713,182.90915323937,3.18497676568093
71.4624782538867,108.50068797924,4.47027828798428
607.1194581917,203.166079760027,3.96282209858919
253.060423668008,227.042139346617,4.14475840767988
576.909874556741,444.698242420245,3.7306640836303
302.510238312603,131.986960888496,3.93787992820809
532.447407485241,463.573676277361,3.8049593680196
49.7364359562316,417.99671397283,3.93532811314288
197.990947993594,284.050052842598,3.75740948275927
549.958487066262,263.749418140059,3.63691301835589
172.33544257992,11.2962220440918,4.25351798814563
501.478586624343,347.853445756834,4.36862690067321
44.4908095151005,46.8826822959761,4.04590002786826
547.469083582444,152.071675656609,4.61073654133128
NA,NA,NA
659.093345159513,332.683470635334,3.49042250684884
456.099164492903,298.422389282661,3.65381424798967
9.35964417753359,495.377718929778,3.47479029703185
562.762289277896,45.3602517694888,4.16588349872015
67.2758539455294,378.880000569391,3.97316711512474
230.478154002407,415.326364505822,3.82535304848266
426.45501626151,14.7501931774446,3.28553190917846
362.523568626366,291.269033023065,2.97980547575776
603.778142694819,107.142171652323,4.1347008004538
396.429636945908,230.036213607102,4.16807845207577
570.159029273553,408.107118833789,4.64846326687681
132.621742423289,282.128840193824,4.77642090713278
201.10003355845,373.872877459516,4.04523904632172
125.238243553683,411.706969391725,3.45218612913622
625.733194850659,316.630974592416,4.6356783786078
2.35676821211529,147.861212006101,4.27974717599563
541.694305005687,202.031923510125,4.14957105812827
33.6644605865221,490.191483642707,3.04710177235667
282.203040980086,21.4919691855389,3.84130685617352
534.849148123817,393.848031637067,3.42604992307292
64.7013052267644,78.8286622701343,5.27247290140976
4.28087531726015,75.5543158803461,3.77604587781044
584.572457442177,222.896566590748,4.02030170199795
438.644902486306,459.904952434195,4.75218269406106
659.379182675458,373.966382283271,3.14881269094988
99.8839248436385,488.919320499262,4.38549878529554
628.877344448158,90.763241700055,4.14346750401109
418.511430232176,257.337568634759,3.61268656395294
9.97784581607713,182.90915323937,3.18497676568093
71.4624782538867,108.50068797924,4.47027828798428
607.1194581917,203.166079760027,3.96282209858919
253.060423668008,227.042139346617,4.14475840767988
576.909874556741,444.698242420245,3.7306640836303
302.510238312603,131.986960888496,3.93787992820809
532.447407485241,463.573676277361,3.8049593680196
49.7364359562316,417.99671397283,3.93532811314288
197.990947993594,284.050052842598,3.75740948275927
549.958487066262,263.749418140059,3.63691301835589
172.33544257992,11.2962220440918,4.25351798814563
501.478586624343,347.853445756834,4.36862690067321
44.4908095151005,46.8826822959761,4.04590002786826
547.469083582444,152.071675656609,4.61073654133128
NA,NA,NA
659.093345159513,332.683470635334,3.49042250684884
456.099164492903,298.422389282661,3.65381424798967
9.35964417753359,495.377718929778,3.47479029703185
562.762289277896,45.3602517694888,4.16588349872015
67.2758539455294,378.880000569391,3.97316711512474
230.478154002407,415.326364505822,3.82535304848266
426.45501626151,14.7501931774446,3.28553190917846
362.523568626366,291.269033023065,2.97980547575776
603.778142694819,107.142171652323,4.1347008004538
396.429636945908,230.036213607102,4.16807845207577
570.159029273553,408.107118833789,4.64846326687681
132.621742423289,282.128840193824,4.77642090713278
201.10003355845,373.872877459516,4.04523904632172
125.238243553683,411.706969391725,3.45218612913622
625.733194850659,316.630974592416,4.6356783786078
2.35676821211529,147.861212006101,4.27974717599563
541.694305005687,202.031923510125,4.14957105812827
33.6644605865221,490.191483642707,3.04710177235667
282.203040980086,21.4919691855389,3.84130685617352
534.849148123817,393.848031637067,3.42604992307292
64.7013052267644,78.8286622701343,5.27247290140976
4.28087531726015,75.5543158803461,3.77604587781044
584.572457442177,222.896566590748,4.02030170199795
438.644902486306,459.904952434195,4.75218269406106
659.379182675458,373.966382283271,3.14881269094988
99.8839248436385,488.919320499262,4.38549878529554
628.877344448158,90.763241700055,4.14346750401109
418.511430232176,257.337568634759,3.61268656395294
9.97784581607713,182.90915323937,3.18497676568093
71.4624782538867,108.50068797924,4.47027828798428
607.1194581917,203.166079760027,3.96282209858919
253.060423668008,227.042139346617,4.14475840767988
576.909874556741,444.698242420245,3.7306640836303
302.510238312603,131.986960888496,3.93787992820809
532.447407485241,463.573676277361,3.8049593680196
49.7364359562316,417.99671397283,3.93532811314288
197.990947993594,284.050052842598,3.75740948275927
549.958487066262,263.749418140059,3.63691301835589
172.33544257992,11.2962220440918,4.25351798814563
501.478586624343,347.853445756834,4.36862690067321
44.4908095151005,46.8826822959761,4.04590002786826
547.469083582444,152.071675656609,4.61073654133128
NA,NA,NA
659.093345159513,332.683470635334,3.49042250684884
456.099164492903,298.422389282661,3.65381424798967
9.35964417753359,495.377718929778,3.47479029703185
562.762289277896,45.3602517694888,4.16588349872015
67.2758539455294,378.880000569391,3.97316711512474
230.478154002407,415.326364505822,3.82535304848266
426.45501626151,14.7501931774446,3.28553190917846
362.523568626366,291.269033023065,2.97980547575776
603.778142694819,107.142171652323,4.1347008004538
396.429636945908,230.036213607102,4.16807845207577
570.159029273553,408.107118833789,4.64846326687681
132.621742423289,282.128840193824,4.77642090713278
201.10003355845,373.872877459516,4.04523904632172
125.238243553683,411.706969391725,3.45218612913622
625.733194850659,316.630974592416,4.6356783786078
2.35676821211529,147.861212006101,4.27974717599563
541.694305005687,202.031923510125,4.14957105812827
33.6644605865221,490.191483642707,3.04710177235667
282.203040980086,21.4919691855389,3.84130685617352
534.849148123817,393.848031637067,3.42604992307292
64.7013052267644,78.8286622701343,5.27247290140976
4.28087531726015,75.5543158803461,3.77604587781044
584.572457442177,222.896566590748,4.02030170199795
438.644902486306,459.904952434195,4.75218269406106
659.379182675458,373.966382283271,3.14881269094988
99.8839248436385,488.919320499262,4.38549878529554
628.877344448158,90.763241700055,4.14346750401109
418.511430232176,257.337568634759,3.61268656395294
9.97784581607713,182.90915323937,3.18497676568093
71.4624782538867,108.50068797924,4.47027828798428
607.1194581917,203.166079760027,3.96282209858919
253.060423668008,227.042139346617,4.14475840767988
576.909874556741,444.698242420245,3.7306640836303
302.510238312603,131.986960888496,3.93787992820809
532.447407485241,463.573676277361,3.8049593680196
49.7364359562316,417.99671397283,3.93532811314288
197.990947993594,284.050052842598,3.75740948275927
549.958487066262,263.749418140059,3.63691301835589
172.33544257992,11.2962220440918,4.25351798814563
501.478586624343,347.853445756834,4.36862690067321
44.4908095151005,46.8826822959761,4.04590002786826
547.469083582444,152.071675656609,4.61073654133128
NA,NA,NA
661.704624700588,338.110193967066,3.57396946920324
455.303134460962,296.351778533248,3.67132487430406
13.1097495271727,497.679965970928,3.45115358340538
559.275383160542,58.7961958496249,4.22997222362742
75.6651008516702,375.177393400254,3.97933396592684
226.655780577273,415.960442612906,3.93932357669384
428.019830293474,13.8392834473123,3.27591043513032
362.458653116461,295.626969352928,3.09708950891345
601.879867362331,106.801623202604,4.17925368340502
395.097334911611,229.641982857445,4.14056619499398
568.649846420518,408.034059636043,4.75083802978687
136.244626321976,284.878026736903,4.71014062917101
201.114306926116,366.495721322776,3.93194173277868
127.132582021562,410.979611239888,3.46495683066648
627.226688294188,311.676805067251,4.61959510886396
0.133113114990995,141.760505417304,4.26661950412464
543.19915409272,202.310368217983,4.05932926766361
35.5178108191837,491.809897038952,3.03020566245897
281.516586220847,24.3071581325564,3.89458095724315
534.496005586581,393.316152635525,3.4267868195148
66.6530087223016,71.9990974472895,5.16219704842629
6.66756889921592,73.3397258796585,3.41981599288207
593.802579876237,226.832314676531,4.08211744126982
441.676750130602,462.303659793876,4.68478467936463
658.451084771667,372.359351928603,3.08384126237236
102.102674152953,487.796820023393,4.38309203066258
625.72081241186,93.5985917266203,4.03468596777935
420.689527046243,256.207322726139,3.5316117347954
11.2462734617794,182.625035144321,3.16950664077703
69.701046406954,111.551298373486,4.53411846639231
608.820261297217,210.514766762095,4.05688531617121
250.140355096694,214.192032906415,3.92076144839091
565.579431747989,434.051684024607,3.72838583232837
296.366010859031,134.098461386456,3.89249973371558
528.528480821691,450.527741387411,3.65015848572022
39.4526562769196,411.180929156441,3.77705887591478
186.987760624529,286.365863296271,4.62623250320257
549.397462126163,261.799881551211,3.62818165017188
183.911141187816,18.3829448536276,4.08038554229754
505.432456870175,360.940358910571,4.43739922491064
37.9086471856054,44.6189078200409,4.02203900252776
529.714523714819,140.759045746752,4.49812700791975
NA,NA,NA
661.704624700588,338.110193967066,3.57396946920324
455.303134460962,296.351778533248,3.67132487430406
13.1097495271727,497.679965970928,3.45115358340538
559.275383160542,58.7961958496249,4.22997222362742
75.6651008516702,375.177393400254,3.97933396592684
226.655780577273,415.960442612906,3.93932357669384
428.019830293474,13.8392834473123,3.27591043513032
362.458653116461,295.626969352928,3.09708950891345
601.879867362331,106.801623202604,4.17925368340502
395.097334911611,229.641982857445,4.14056619499398
568.649846420518,408.034059636043,4.75083802978687
136.244626321976,284.878026736903,4.71014062917101
201.114306926116,366.495721322776,3.93194173277868
127.132582021562,410.979611239888,3.46495683066648
627.226688294188,311.676805067251,4.61959510886396
0.133113114990995,141.760505417304,4.26661950412464
543.19915409272,202.310368217983,4.05932926766361
35.5178108191837,491.809897038952,3.03020566245897
281.516586220847,24.3071581325564,3.89458095724315
534.496005586581,393.316152635525,3.4267868195148
66.6530087223016,71.9990974472895,5.16219704842629
6.66756889921592,73.3397258796585,3.41981599288207
593.802579876237,226.832314676531,4.08211744126982
441.676750130602,462.303659793876,4.68478467936463
658.451084771667,372.359351928603,3.08384126237236
102.102674152953,487.796820023393,4.38309203066258
625.72081241186,93.5985917266203,4.03468596777935
420.689527046243,256.207322726139,3.5316117347954
11.2462734617794,182.625035144321,3.16950664077703
69.701046406954,111.551298373486,4.53411846639231
608.820261297217,210.514766762095,4.05688531617121
250.140355096694,214.192032906415,3.92076144839091
565.579431747989,434.051684024607,3.72838583232837
296.366010859031,134.098461386456,3.89249973371558
528.528480821691,450.527741387411,3.65015848572022
39.4526562769196,411.180929156441,3.77705887591478
186.987760624529,286.365863296271,4.62623250320257
549.397462126163,261.799881551211,3.62818165017188
183.911141187816,18.3829448536276,4.08038554229754
505.432456870175,360.940358910571,4.43739922491064
37.9086471856054,44.6189078200409,4.02203900252776
529.714523714819,140.759045746752,4.49812700791975
NA,NA,NA
661.704624700588,338.110193967066,3.57396946920324
455.303134460962,296.351778533248,3.67132487430406
13.1097495271727,497.679965970928,3.45115358340538
559.275383160542,58.7961958496249,4.22997222362742
75.6651008516702,375.177393400254,3.97933396592684
226.655780577273,415.960442612906,3.93932357669384
428.019830293474,13.8392834473123,3.27591043513032
362.458653116461,295.626969352928,3.09708950891345
601.879867362331,106.801623202604,4.17925368340502
395.097334911611,229.641982857445,4.14056619499398
568.649846420518,408.034059636043,4.75083802978687
136.244626321976,284.878026736903,4.71014062917101
201.114306926116,366.495721322776,3.93194173277868
127.132582021562,410.979611239888,3.46495683066648
627.226688294188,311.676805067251,4.61959510886396
0.133113114990995,141.760505417304,4.26661950412464
543.19915409272,202.310368217983,4.05932926766361
35.5178108191837,491.809897038952,3.03020566245897
281.516586220847,24.3071581325564,3.89458095724315
534.496005586581,393.316152635525,3.4267868195148
66.6530087223016,71.9990974472895,5.16219704842629
6.66756889921592,73.3397258796585,3.41981599288207
593.802579876237,226.832314676531,4.08211744126982
441.676750130602,462.303659793876,4.68478467936463
658.451084771667,372.359351928603,3.08384126237236
102.102674152953,487.796820023393,4.38309203066258
625.72081241186,93.5985917266203,4.03468596777935
420.689527046243,256.207322726139,3.5316117347954
11.2462734617794,182.625035144321,3.16950664077703
69.701046406954,111.551298373486,4.53411846639231
608.820261297217,210.514766762095,4.05688531617121
250.140355096694,214.192032906415,3.92076144839091
565.579431747989,434.051684024607,3.72838583232837
296.366010859031,134.098461386456,3.89249973371558
528.528480821691,450.527741387411,3.65015848572022
39.4526562769196,411.180929156441,3.77705887591478
186.987760624529,286.365863296271,4.62623250320257
549.397462126163,261.799881551211,3.62818165017188
183.911141187816,18.3829448536276,4.08038554229754
505.432456870175,360.940358910571,4.43739922491064
37.9086471856054,44.6189078200409,4.02203900252776
529.714523714819,140.759045746752,4.49812700791975
NA,NA,NA
661.704624700588,338.110193967066,3.57396946920324
455.303134460962,296.351778533248,3.67132487430406
13.1097495271727,497.679965970928,3.45115358340538
559.275383160542,58.7961958496249,4.22997222362742
75.6651008516702,375.177393400254,3.97933396592684
226.655780577273,415.960442612906,3.93932357669384
428.019830293474,13.8392834473123,3.27591043513032
362.458653116461,295.626969352928,3.09708950891345
601.879867362331,106.801623202604,4.17925368340502
395.097334911611,229.641982857445,4.14056619499398
568.649846420518,408.034059636043,4.75083802978687
136.244626321976,284.878026736903,4.71014062917101
201.114306926116,366.495721322776,3.93194173277868
127.132582021562,410.979611239888,3.46495683066648
627.226688294188,311.676805067251,4.61959510886396
0.133113114990995,141.760505417304,4.26661950412464
543.19915409272,202.310368217983,4.05932926766361
35.5178108191837,491.809897038952,3.03020566245897
281.516586220847,24.3071581325564,3.89458095724315
534.496005586581,393.316152635525,3.4267868195148
66.6530087223016,71.9990974472895,5.16219704842629
6.66756889921592,73.3397258796585,3.41981599288207
593.802579876237,226.832314676531,4.08211744126982
441.676750130602,462.303659793876,4.68478467936463
658.451084771667,372.359351928603,3.08384126237236
102.102674152953,487.796820023393,4.38309203066258
625.72081241186,93.5985917266203,4.03468596777935
420.689527046243,256.207322726139,3.5316117347954
11.2462734617794,182.625035144321,3.16950664077703
69.701046406954,111.551298373486,4.53411846639231
608.820261297217,210.514766762095,4.05688531617121
250.140355096694,214.192032906415,3.92076144839091
565.579431747989,434.051684024607,3.72838583232837
296.366010859031,134.098461386456,3.89249973371558
528.528480821691,450.527741387411,3.65015848572022
39.4526562769196,411.180929156441,3.77705887591478
186.987760624529,286.365863296271,4.62623250320257
549.397462126163,261.799881551211,3.62818165017188
183.911141187816,18.3829448536276,4.08038554229754
505.432456870175,360.940358910571,4.43739922491064
37.9086471856054,44.6189078200409,4.02203900252776
529.714523714819,140.759045746752,4.49812700791975
NA,NA,NA
661.704624700588,338.110193967066,3.57396946920324
455.303134460962,296.351778533248,3.67132487430406
13.1097495271727,497.679965970928,3.45115358340538
559.275383160542,58.7961958496249,4.22997222362742
75.6651008516702,375.177393400254,3.97933396592684
226.655780577273,415.960442612906,3.93932357669384
428.019830293474,13.8392834473123,3.27591043513032
362.458653116461,295.626969352928,3.09708950891345
601.879867362331,106.801623202604,4.17925368340502
395.097334911611,229.641982857445,4.14056619499398
568.649846420518,408.034059636043,4.75083802978687
136.244626321976,284.878026736903,4.71014062917101
201.114306926116,366.495721322776,3.93194173277868
127.132582021562,410.979611239888,3.46495683066648
627.226688294188,311.676805067251,4.61959510886396
0.133113114990995,141.760505417304,4.26661950412464
543.19915409272,202.310368217983,4.05932926766361
35.5178108191837,491.809897038952,3.03020566245897
281.516586220847,24.3071581325564,3.89458095724315
534.496005586581,393.316152635525,3.4267868195148
66.6530087223016,71.9990974472895,5.16219704842629
6.66756889921592,73.3397258796585,3.41981599288207
593.802579876237,226.832314676531,4.08211744126982
441.676750130602,462.303659793876,4.68478467936463
658.451084771667,372.359351928603,3.08384126237236
102.102674152953,487.796820023393,4.38309203066258
625.72081241186,93.5985917266203,4.03468596777935
420.689527046243,256.207322726139,3.5316117347954
11.2462734617794,182.625035144321,3.16950664077703
69.701046406954,111.551298373486,4.53411846639231
608.820261297217,210.514766762095,4.05688531617121
250.140355096694,214.192032906415,3.92076144839091
565.579431747989,434.051684024607,3.72838583232837
296.366010859031,134.098461386456,3.89249973371558
528.528480821691,450.527741387411,3.65015848572022
39.4526562769196,411.180929156441,3.77705887591478
186.987760624529,286.365863296271,4.62623250320257
549.397462126163,261.799881551211,3.62818165017188
183.911141187816,18.3829448536276,4.08038554229754
505.432456870175,360.940358910571,4.43739922491064
37.9086471856054,44.6189078200409,4.02203900252776
529.714523714819,140.759045746752,4.49812700791975
NA,NA,NA
661.704624700588,338.110193967066,3.57396946920324
455.303134460962,296.351778533248,3.67132487430406
13.1097495271727,497.679965970928,3.45115358340538
559.275383160542,58.7961958496249,4.22997222362742
75.6651008516702,375.177393400254,3.97933396592684
226.655780577273,415.960442612906,3.93932357669384
428.019830293474,13.8392834473123,3.27591043513032
362.458653116461,295.626969352928,3.09708950891345
601.879867362331,106.801623202604,4.17925368340502
395.097334911611,229.641982857445,4.14056619499398
568.649846420518,408.034059636043,4.75083802978687
136.244626321976,284.878026736903,4.71014062917101
201.114306926116,366.495721322776,3.93194173277868
127.132582021562,410.979611239888,3.46495683066648
627.226688294188,311.676805067251,4.61959510886396
0.133113114990995,141.760505417304,4.26661950412464
543.19915409272,202.310368217983,4.05932926766361
35.5178108191837,491.809897038952,3.03020566245897
281.516586220847,24.3071581325564,3.89458095724315
534.496005586581,393.316152635525,3.4267868195148
66.6530087223016,71.9990974472895,5.16219704842629
6.66756889921592,73.3397258796585,3.41981599288207
593.802579876237,226.832314676531,4.08211744126982
441.676750130602,462.303659793876,4.68478467936463
658.451084771667,372.359351928603,3.08384126237236
102.102674152953,487.796820023393,4.38309203066258
625.72081241186,93.5985917266203,4.03468596777935
420.689527046243,256.207322726139,3.5316117347954
11.2462734617794,182.625035144321,3.16950664077703
69.701046406954,111.551298373486,4.53411846639231
608.820261297217,210.514766762095,4.05688531617121
250.140355096694,214.192032906415,3.92076144839091
565.579431747989,434.051684024607,3.72838583232837
296.366010859031,134.098461386456,3.89249973371558
528.528480821691,450.527741387411,3.65015848572022
39.4526562769196,411.180929156441,3.77705887591478
186.987760624529,286.365863296271,4.62623250320257
549.397462126163,261.799881551211,3.62818165017188
183.911141187816,18.3829448536276,4.08038554229754
505.432456870175,360.940358910571,4.43739922491064
37.9086471856054,44.6189078200409,4.02203900252776
529.714523714819,140.759045746752,4.49812700791975
NA,NA,NA
668.583186633728,332.841922587589,3.5309247542372
455.298971407275,296.804792510319,3.68724907484005
11.4867515513612,494.227269721835,3.72028671244256
561.748090276491,48.8621607374657,4.27704590122767
71.3907889627646,375.627072715349,3.93289893460059
228.023332696684,418.121984979046,3.95310414738749
428.508901006529,12.8035281870082,3.2986991304944
360.490354567863,293.779544031873,2.96053421841455
605.011284252289,102.407344040703,4.05766791676506
395.246420363793,233.698770996198,4.19325757277645
572.597293866397,413.511024632137,4.6705821441218
147.233242283967,283.19939583028,4.49782180569737
203.602759218755,372.551130162072,3.93260393823353
122.970883642113,411.560022069044,3.43600608119471
627.751953863883,319.782361765723,4.69414436360495
5.4559968253247,147.400711128468,4.24141473587681
543.35998335929,203.77624822547,4.2739518987361
32.8615585873464,490.165640842863,3.04597812106577
278.772909929577,23.8915873181967,3.848800205676
532.91461698515,387.0052839277,3.34682492604787
76.3993661392075,69.7467643866602,5.25809802404379
0.995069158023585,75.3639994776666,3.52100683999888
589.205833552525,226.603249445938,3.95485778596923
441.099679981142,461.962154483375,4.77175821865048
658.228862546342,373.704584396806,2.92173732837082
103.076419046223,486.487902204968,4.2962729176974
625.608155026411,93.3108951048362,4.08923962430722
422.709664003071,255.810234420853,3.5840916249477
11.0049106651109,182.202123886047,3.36263941619427
53.9267903647361,125.499770977176,4.62346000710566
611.352138461615,205.605184029319,4.53221636457795
250.969764360954,220.287302755791,3.86675029861788
574.110762758017,433.765005142087,3.79279164591388
298.173504242692,139.236631454344,3.77996217252525
515.282846085669,458.444942091493,3.71487055805787
46.8272091965616,418.527465678219,4.07810714329243
197.842342300696,290.838091014682,4.02954324825502
542.455371111719,262.586268811911,3.90091056478995
168.423060357293,38.1075069883083,4.21353223415904
500.449197025251,353.555910322597,4.45919355763975
33.9986448782438,49.4151456463664,4.37515923698892
523.594631277441,141.68199933501,4.37394995357722
NA,NA,NA
668.583186633728,332.841922587589,3.5309247542372
455.298971407275,296.804792510319,3.68724907484005
11.4867515513612,494.227269721835,3.72028671244256
561.748090276491,48.8621607374657,4.27704590122767
71.3907889627646,375.627072715349,3.93289893460059
228.023332696684,418.121984979046,3.95310414738749
428.508901006529,12.8035281870082,3.2986991304944
360.490354567863,293.779544031873,2.96053421841455
605.011284252289,102.407344040703,4.05766791676506
395.246420363793,233.698770996198,4.19325757277645
572.597293866397,413.511024632137,4.6705821441218
147.233242283967,283.19939583028,4.49782180569737
203.602759218755,372.551130162072,3.93260393823353
122.970883642113,411.560022069044,3.43600608119471
627.751953863883,319.782361765723,4.69414436360495
5.4559968253247,147.400711128468,4.24141473587681
543.35998335929,203.77624822547,4.2739518987361
32.8615585873464,490.165640842863,3.04597812106577
278.772909929577,23.8915873181967,3.848800205676
532.91461698515,387.0052839277,3.34682492604787
76.3993661392075,69.7467643866602,5.25809802404379
0.995069158023585,75.3639994776666,3.52100683999888
589.205833552525,226.603249445938,3.95485778596923
441.099679981142,461.962154483375,4.77175821865048
658.228862546342,373.704584396806,2.92173732837082
103.076419046223,486.487902204968,4.2962729176974
625.608155026411,93.3108951048362,4.08923962430722
422.709664003071,255.810234420853,3.5840916249477
11.0049106651109,182.202123886047,3.36263941619427
53.9267903647361,125.499770977176,4.62346000710566
611.352138461615,205.605184029319,4.53221636457795
250.969764360954,220.287302755791,3.86675029861788
574.110762758017,433.765005142087,3.79279164591388
298.173504242692,139.236631454344,3.77996217252525
515.282846085669,458.444942091493,3.71487055805787
46.8272091965616,418.527465678219,4.07810714329243
197.842342300696,290.838091014682,4.02954324825502
542.455371111719,262.586268811911,3.90091056478995
168.423060357293,38.1075069883083,4.21353223415904
500.449197025251,353.555910322597,4.45919355763975
33.9986448782438,49.4151456463664,4.37515923698892
523.594631277441,141.68199933501,4.37394995357722
NA,NA,NA
668.583186633728,332.841922587589,3.5309247542372
455.298971407275,296.804792510319,3.68724907484005
11.4867515513612,494.227269721835,3.72028671244256
561.748090276491,48.8621607374657,4.27704590122767
71.3907889627646,375.627072715349,3.93289893460059
228.023332696684,418.121984979046,3.95310414738749
428.508901006529,12.8035281870082,3.2986991304944
360.490354567863,293.779544031873,2.96053421841455
605.011284252289,102.407344040703,4.05766791676506
395.246420363793,233.698770996198,4.19325757277645
572.597293866397,413.511024632137,4.6705821441218
147.233242283967,283.19939583028,4.49782180569737
203.602759218755,372.551130162072,3.93260393823353
122.970883642113,411.560022069044,3.43600608119471
627.751953863883,319.782361765723,4.69414436360495
5.4559968253247,147.400711128468,4.24141473587681
543.35998335929,203.77624822547,4.2739518987361
32.8615585873464,490.165640842863,3.04597812106577
278.772909929577,23.8915873181967,3.848800205676
532.91461698515,387.0052839277,3.34682492604787
76.3993661392075,69.7467643866602,5.25809802404379
0.995069158023585,75.3639994776666,3.52100683999888
589.205833552525,226.603249445938,3.95485778596923
441.099679981142,461.962154483375,4.77175821865048
658.228862546342,373.704584396806,2.92173732837082
103.076419046223,486.487902204968,4.2962729176974
625.608155026411,93.3108951048362,4.08923962430722
422.709664003071,255.810234420853,3.5840916249477
11.0049106651109,182.202123886047,3.36263941619427
53.9267903647361,125.499770977176,4.62346000710566
611.352138461615,205.605184029319,4.53221636457795
250.969764360954,220.287302755791,3.86675029861788
574.110762758017,433.765005142087,3.79279164591388
298.173504242692,139.236631454344,3.77996217252525
515.282846085669,458.444942091493,3.71487055805787
46.8272091965616,418.527465678219,4.07810714329243
197.842342300696,290.838091014682,4.02954324825502
542.455371111719,262.586268811911,3.90091056478995
168.423060357293,38.1075069883083,4.21353223415904
500.449197025251,353.555910322597,4.45919355763975
33.9986448782438,49.4151456463664,4.37515923698892
523.594631277441,141.68199933501,4.37394995357722
NA,NA,NA
668.583186633728,332.841922587589,3.5309247542372
455.298971407275,296.804792510319,3.68724907484005
11.4867515513612,494.227269721835,3.72028671244256
561.748090276491,48.8621607374657,4.27704590122767
71.3907889627646,375.627072715349,3.93289893460059
228.023332696684,418.121984979046,3.95310414738749
428.508901006529,12.8035281870082,3.2986991304944
360.490354567863,293.779544031873,2.96053421841455
605.011284252289,102.407344040703,4.05766791676506
395.246420363793,233.698770996198,4.19325757277645
572.597293866397,413.511024632137,4.6705821441218
147.233242283967,283.19939583028,4.49782180569737
203.602759218755,372.551130162072,3.93260393823353
122.970883642113,411.560022069044,3.43600608119471
627.751953863883,319.782361765723,4.69414436360495
5.4559968253247,147.400711128468,4.24141473587681
543.35998335929,203.77624822547,4.2739518987361
32.8615585873464,490.165640842863,3.04597812106577
278.772909929577,23.8915873181967,3.848800205676
532.91461698515,387.0052839277,3.34682492604787
76.3993661392075,69.7467643866602,5.25809802404379
0.995069158023585,75.3639994776666,3.52100683999888
589.205833552525,226.603249445938,3.95485778596923
441.099679981142,461.962154483375,4.77175821865048
658.228862546342,373.704584396806,2.92173732837082
103.076419046223,486.487902204968,4.2962729176974
625.608155026411,93.3108951048362,4.08923962430722
422.709664003071,255.810234420853,3.5840916249477
11.0049106651109,182.202123886047,3.36263941619427
53.9267903647361,125.499770977176,4.62346000710566
611.352138461615,205.605184029319,4.53221636457795
250.969764360954,220.287302755791,3.86675029861788
574.110762758017,433.765005142087,3.79279164591388
298.173504242692,139.236631454344,3.77996217252525
515.282846085669,458.444942091493,3.71487055805787
46.8272091965616,418.527465678219,4.07810714329243
197.842342300696,290.838091014682,4.02954324825502
542.455371111719,262.586268811911,3.90091056478995
168.423060357293,38.1075069883083,4.21353223415904
500.449197025251,353.555910322597,4.45919355763975
33.9986448782438,49.4151456463664,4.37515923698892
523.594631277441,141.68199933501,4.37394995357722
NA,NA,NA
668.583186633728,332.841922587589,3.5309247542372
455.298971407275,296.804792510319,3.68724907484005
11.4867515513612,494.227269721835,3.72028671244256
561.748090276491,48.8621607374657,4.27704590122767
71.3907889627646,375.627072715349,3.93289893460059
228.023332696684,418.121984979046,3.95310414738749
428.508901006529,12.8035281870082,3.2986991304944
360.490354567863,293.779544031873,2.96053421841455
605.011284252289,102.407344040703,4.05766791676506
395.246420363793,233.698770996198,4.19325757277645
572.597293866397,413.511024632137,4.6705821441218
147.233242283967,283.19939583028,4.49782180569737
203.602759218755,372.551130162072,3.93260393823353
122.970883642113,411.560022069044,3.43600608119471
627.751953863883,319.782361765723,4.69414436360495
5.4559968253247,147.400711128468,4.24141473587681
543.35998335929,203.77624822547,4.2739518987361
32.8615585873464,490.165640842863,3.04597812106577
278.772909929577,23.8915873181967,3.848800205676
532.91461698515,387.0052839277,3.34682492604787
76.3993661392075,69.7467643866602,5.25809802404379
0.995069158023585,75.3639994776666,3.52100683999888
589.205833552525,226.603249445938,3.95485778596923
441.099679981142,461.962154483375,4.77175821865048
658.228862546342,373.704584396806,2.92173732837082
103.076419046223,486.487902204968,4.2962729176974
625.608155026411,93.3108951048362,4.08923962430722
422.709664003071,255.810234420853,3.5840916249477
11.0049106651109,182.202123886047,3.36263941619427
53.9267903647361,125.499770977176,4.62346000710566
611.352138461615,205.605184029319,4.53221636457795
250.969764360954,220.287302755791,3.86675029861788
574.110762758017,433.765005142087,3.79279164591388
298.173504242692,139.236631454344,3.77996217252525
515.282846085669,458.444942091493,3.71487055805787
46.8272091965616,418.527465678219,4.07810714329243
197.842342300696,290.838091014682,4.02954324825502
542.455371111719,262.586268811911,3.90091056478995
168.423060357293,38.1075069883083,4.21353223415904
500.449197025251,353.555910322597,4.45919355763975
33.9986448782438,49.4151456463664,4.37515923698892
523.594631277441,141.68199933501,4.37394995357722
NA,NA,NA
668.583186633728,332.841922587589,3.5309247542372
455.298971407275,296.804792510319,3.68724907484005
11.4867515513612,494.227269721835,3.72028671244256
561.748090276491,48.8621607374657,4.27704590122767
71.3907889627646,375.627072715349,3.93289893460059
228.023332696684,418.121984979046,3.95310414738749
428.508901006529,12.8035281870082,3.2986991304944
360.490354567863,293.779544031873,2.96053421841455
605.011284252289,102.407344040703,4.05766791676506
395.246420363793,233.698770996198,4.19325757277645
572.597293866397,413.511024632137,4.6705821441218
147.233242283967,283.19939583028,4.49782180569737
203.602759218755,372.551130162072,3.93260393823353
122.970883642113,411.560022069044,3.43600608119471
627.751953863883,319.782361765723,4.69414436360495
5.4559968253247,147.400711128468,4.24141473587681
543.35998335929,203.77624822547,4.2739518987361
32.8615585873464,490.165640842863,3.04597812106577
278.772909929577,23.8915873181967,3.848800205676
532.91461698515,387.0052839277,3.34682492604787
76.3993661392075,69.7467643866602,5.25809802404379
0.995069158023585,75.3639994776666,3.52100683999888
589.205833552525,226.603249445938,3.95485778596923
441.099679981142,461.962154483375,4.77175821865048
658.228862546342,373.704584396806,2.92173732837082
103.076419046223,486.487902204968,4.2962729176974
625.608155026411,93.3108951048362,4.08923962430722
422.709664003071,255.810234420853,3.5840916249477
11.0049106651109,182.202123886047,3.36263941619427
53.9267903647361,125.499770977176,4.62346000710566
611.352138461615,205.605184029319,4.53221636457795
250.969764360954,220.287302755791,3.86675029861788
574.110762758017,433.765005142087,3.79279164591388
298.173504242692,139.236631454344,3.77996217252525
515.282846085669,458.444942091493,3.71487055805787
46.8272091965616,418.527465678219,4.07810714329243
197.842342300696,290.838091014682,4.02954324825502
542.455371111719,262.586268811911,3.90091056478995
168.423060357293,38.1075069883083,4.21353223415904
500.449197025251,353.555910322597,4.45919355763975
33.9986448782438,49.4151456463664,4.37515923698892
523.594631277441,141.68199933501,4.37394995357722
NA,NA,NA
660.106287891811,333.784732122798,3.51460913198184
455.806212414111,301.362810324932,3.5782251314693
11.5387593575101,493.904657491903,3.62934142506566
559.350055810043,49.0525639160609,4.25563346439667
71.5239027885062,373.557578657934,4.07830106665524
226.731470622485,411.052288321836,3.8221854292951
426.890528402207,13.6223318908793,3.45693728015901
361.227583334888,290.651720765203,3.1207423562298
603.955047347328,104.141042592212,4.16346321951581
390.216241699034,228.222396931039,4.09637565730652
572.433671885584,409.81305538526,4.7198908529939
144.843817034311,279.163553590116,4.53874713605735
196.178850197572,369.901645263885,4.05553988208733
128.361175071296,410.610592056611,3.46532338595627
634.561456251738,322.261431751711,4.70795787818512
2.9194022216109,145.891116225503,4.29873187090016
541.07519604785,199.761425091216,4.18391822959017
34.7038355296868,493.733182560985,3.11268495702576
281.375163696759,20.3880583399454,3.95848202590538
535.492503982521,390.049820715542,3.39584114436949
72.2050956016574,75.9097010022037,5.31060961698422
6.40711023992359,77.5005010531639,3.28473516230698
585.403253551168,228.219733081528,4.00911191987401
448.703380517235,453.529814054931,4.78774861068338
657.285735756432,370.115519593709,3.29567870263739
106.205694199949,491.279472815266,4.38848086085197
619.031875985812,92.9358571295978,4.05445255465873
421.002577722526,258.437558794656,3.56984603226354
11.1428879681447,182.132279734073,3.23793186242085
60.1841593088151,127.961209200466,4.58932912803302
613.446422624936,213.537211892863,4.46250728073752
258.965752220739,218.384553445457,3.87884445560804
574.612833994581,436.612389186268,4.12004718730999
295.195499825581,138.399119185097,3.95487799235579
529.39516518269,460.282540265573,3.71618528611151
45.4618199619135,422.063477965615,3.54939615650994
205.330948714893,291.022499350504,3.74134162046119
553.558113113314,259.286303747078,3.71805711967943
184.239877466851,40.9599939296389,4.08931846740821
492.602411015862,346.114561525357,4.66830947840658
39.615052014074,45.8475090200025,3.72700254226598
530.52267120692,135.941211902593,4.89945202166913
NA,NA,NA
660.106287891811,333.784732122798,3.51460913198184
455.806212414111,301.362810324932,3.5782251314693
11.5387593575101,493.904657491903,3.62934142506566
559.350055810043,49.0525639160609,4.25563346439667
71.5239027885062,373.557578657934,4.07830106665524
226.731470622485,411.052288321836,3.8221854292951
426.890528402207,13.6223318908793,3.45693728015901
361.227583334888,290.651720765203,3.1207423562298
603.955047347328,104.141042592212,4.16346321951581
390.216241699034,228.222396931039,4.09637565730652
572.433671885584,409.81305538526,4.7198908529939
144.843817034311,279.163553590116,4.53874713605735
196.178850197572,369.901645263885,4.05553988208733
128.361175071296,410.610592056611,3.46532338595627
634.561456251738,322.261431751711,4.70795787818512
2.9194022216109,145.891116225503,4.29873187090016
541.07519604785,199.761425091216,4.18391822959017
34.7038355296868,493.733182560985,3.11268495702576
281.375163696759,20.3880583399454,3.95848202590538
535.492503982521,390.049820715542,3.39584114436949
72.2050956016574,75.9097010022037,5.31060961698422
6.40711023992359,77.5005010531639,3.28473516230698
585.403253551168,228.219733081528,4.00911191987401
448.703380517235,453.529814054931,4.78774861068338
657.285735756432,370.115519593709,3.29567870263739
106.205694199949,491.279472815266,4.38848086085197
619.031875985812,92.9358571295978,4.05445255465873
421.002577722526,258.437558794656,3.56984603226354
11.1428879681447,182.132279734073,3.23793186242085
60.1841593088151,127.961209200466,4.58932912803302
613.446422624936,213.537211892863,4.46250728073752
258.965752220739,218.384553445457,3.87884445560804
574.612833994581,436.612389186268,4.12004718730999
295.195499825581,138.399119185097,3.95487799235579
529.39516518269,460.282540265573,3.71618528611151
45.4618199619135,422.063477965615,3.54939615650994
205.330948714893,291.022499350504,3.74134162046119
553.558113113314,259.286303747078,3.71805711967943
184.239877466851,40.9599939296389,4.08931846740821
492.602411015862,346.114561525357,4.66830947840658
39.615052014074,45.8475090200025,3.72700254226598
530.52267120692,135.941211902593,4.89945202166913
NA,NA,NA
660.106287891811,333.784732122798,3.51460913198184
455.806212414111,301.362810324932,3.5782251314693
11.5387593575101,493.904657491903,3.62934142506566
559.350055810043,49.0525639160609,4.25563346439667
71.5239027885062,373.557578657934,4.07830106665524
226.731470622485,411.052288321836,3.8221854292951
426.890528402207,13.6223318908793,3.45693728015901
361.227583334888,290.651720765203,3.1207423562298
603.955047347328,104.141042592212,4.16346321951581
390.216241699034,228.222396931039,4.09637565730652
572.433671885584,409.81305538526,4.7198908529939
144.843817034311,279.163553590116,4.53874713605735
196.178850197572,369.901645263885,4.05553988208733
128.361175071296,410.610592056611,3.46532338595627
634.561456251738,322.261431751711,4.70795787818512
2.9194022216109,145.891116225503,4.29873187090016
541.07519604785,199.761425091216,4.18391822959017
34.7038355296868,493.733182560985,3.11268495702576
281.375163696759,20.3880583399454,3.95848202590538
535.492503982521,390.049820715542,3.39584114436949
72.2050956016574,75.9097010022037,5.31060961698422
6.40711023992359,77.5005010531639,3.28473516230698
585.403253551168,228.219733081528,4.00911191987401
448.703380517235,453.529814054931,4.78774861068338
657.285735756432,370.115519593709,3.29567870263739
106.205694199949,491.279472815266,4.38848086085197
619.031875985812,92.9358571295978,4.05445255465873
421.002577722526,258.437558794656,3.56984603226354
11.1428879681447,182.132279734073,3.23793186242085
60.1841593088151,127.961209200466,4.58932912803302
613.446422624936,213.537211892863,4.46250728073752
258.965752220739,218.384553445457,3.87884445560804
574.612833994581,436.612389186268,4.12004718730999
295.195499825581,138.399119185097,3.95487799235579
529.39516518269,460.282540265573,3.71618528611151
45.4618199619135,422.063477965615,3.54939615650994
205.330948714893,291.022499350504,3.74134162046119
553.558113113314,259.286303747078,3.71805711967943
184.239877466851,40.9599939296389,4.08931846740821
492.602411015862,346.114561525357,4.66830947840658
39.615052014074,45.8475090200025,3.72700254226598
530.52267120692,135.941211902593,4.89945202166913
NA,NA,NA
660.106287891811,333.784732122798,3.51460913198184
455.806212414111,301.362810324932,3.5782251314693
11.5387593575101,493.904657491903,3.62934142506566
559.350055810043,49.0525639160609,4.25563346439667
71.5239027885062,373.557578657934,4.07830106665524
226.731470622485,411.052288321836,3.8221854292951
426.890528402207,13.6223318908793,3.45693728015901
361.227583334888,290.651720765203,3.1207423562298
603.955047347328,104.141042592212,4.16346321951581
390.216241699034,228.222396931039,4.09637565730652
572.433671885584,409.81305538526,4.7198908529939
144.843817034311,279.163553590116,4.53874713605735
196.178850197572,369.901645263885,4.05553988208733
128.361175071296,410.610592056611,3.46532338595627
634.561456251738,322.261431751711,4.70795787818512
2.9194022216109,145.891116225503,4.29873187090016
541.07519604785,199.761425091216,4.18391822959017
34.7038355296868,493.733182560985,3.11268495702576
281.375163696759,20.3880583399454,3.95848202590538
535.492503982521,390.049820715542,3.39584114436949
72.2050956016574,75.9097010022037,5.31060961698422
6.40711023992359,77.5005010531639,3.28473516230698
585.403253551168,228.219733081528,4.00911191987401
448.703380517235,453.529814054931,4.78774861068338
657.285735756432,370.115519593709,3.29567870263739
106.205694199949,491.279472815266,4.38848086085197
619.031875985812,92.9358571295978,4.05445255465873
421.002577722526,258.437558794656,3.56984603226354
11.1428879681447,182.132279734073,3.23793186242085
60.1841593088151,127.961209200466,4.58932912803302
613.446422624936,213.537211892863,4.46250728073752
258.965752220739,218.384553445457,3.87884445560804
574.612833994581,436.612389186268,4.12004718730999
295.195499825581,138.399119185097,3.95487799235579
529.39516518269,460.282540265573,3.71618528611151
45.4618199619135,422.063477965615,3.54939615650994
205.330948714893,291.022499350504,3.74134162046119
553.558113113314,259.286303747078,3.71805711967943
184.239877466851,40.9599939296389,4.08931846740821
492.602411015862,346.114561525357,4.66830947840658
39.615052014074,45.8475090200025,3.72700254226598
530.52267120692,135.941211902593,4.89945202166913
NA,NA,NA
660.106287891811,333.784732122798,3.51460913198184
455.806212414111,301.362810324932,3.5782251314693
11.5387593575101,493.904657491903,3.62934142506566
559.350055810043,49.0525639160609,4.25563346439667
71.5239027885062,373.557578657934,4.07830106665524
226.731470622485,411.052288321836,3.8221854292951
426.890528402207,13.6223318908793,3.45693728015901
361.227583334888,290.651720765203,3.1207423562298
603.955047347328,104.141042592212,4.16346321951581
390.216241699034,228.222396931039,4.09637565730652
572.433671885584,409.81305538526,4.7198908529939
144.843817034311,279.163553590116,4.53874713605735
196.178850197572,369.901645263885,4.05553988208733
128.361175071296,410.610592056611,3.46532338595627
634.561456251738,322.261431751711,4.70795787818512
2.9194022216109,145.891116225503,4.29873187090016
541.07519604785,199.761425091216,4.18391822959017
34.7038355296868,493.733182560985,3.11268495702576
281.375163696759,20.3880583399454,3.95848202590538
535.492503982521,390.049820715542,3.39584114436949
72.2050956016574,75.9097010022037,5.31060961698422
6.40711023992359,77.5005010531639,3.28473516230698
585.403253551168,228.219733081528,4.00911191987401
448.703380517235,453.529814054931,4.78774861068338
657.285735756432,370.115519593709,3.29567870263739
106.205694199949,491.279472815266,4.38848086085197
619.031875985812,92.9358571295978,4.05445255465873
421.002577722526,258.437558794656,3.56984603226354
11.1428879681447,182.132279734073,3.23793186242085
60.1841593088151,127.961209200466,4.58932912803302
613.446422624936,213.537211892863,4.46250728073752
258.965752220739,218.384553445457,3.87884445560804
574.612833994581,436.612389186268,4.12004718730999
295.195499825581,138.399119185097,3.95487799235579
529.39516518269,460.282540265573,3.71618528611151
45.4618199619135,422.063477965615,3.54939615650994
205.330948714893,291.022499350504,3.74134162046119
553.558113113314,259.286303747078,3.71805711967943
184.239877466851,40.9599939296389,4.08931846740821
492.602411015862,346.114561525357,4.66830947840658
39.615052014074,45.8475090200025,3.72700254226598
530.52267120692,135.941211902593,4.89945202166913
NA,NA,NA
660.106287891811,333.784732122798,3.51460913198184
455.806212414111,301.362810324932,3.5782251314693
11.5387593575101,493.904657491903,3.62934142506566
559.350055810043,49.0525639160609,4.25563346439667
71.5239027885062,373.557578657934,4.07830106665524
226.731470622485,411.052288321836,3.8221854292951
426.890528402207,13.6223318908793,3.45693728015901
361.227583334888,290.651720765203,3.1207423562298
603.955047347328,104.141042592212,4.16346321951581
390.216241699034,228.222396931039,4.09637565730652
572.433671885584,409.81305538526,4.7198908529939
144.843817034311,279.163553590116,4.53874713605735
196.178850197572,369.901645263885,4.05553988208733
128.361175071296,410.610592056611,3.46532338595627
634.561456251738,322.261431751711,4.70795787818512
2.9194022216109,145.891116225503,4.29873187090016
541.07519604785,199.761425091216,4.18391822959017
34.7038355296868,493.733182560985,3.11268495702576
281.375163696759,20.3880583399454,3.95848202590538
535.492503982521,390.049820715542,3.39584114436949
72.2050956016574,75.9097010022037,5.31060961698422
6.40711023992359,77.5005010531639,3.28473516230698
585.403253551168,228.219733081528,4.00911191987401
448.703380517235,453.529814054931,4.78774861068338
657.285735756432,370.115519593709,3.29567870263739
106.205694199949,491.279472815266,4.38848086085197
619.031875985812,92.9358571295978,4.05445255465873
421.002577722526,258.437558794656,3.56984603226354
11.1428879681447,182.132279734073,3.23793186242085
60.1841593088151,127.961209200466,4.58932912803302
613.446422624936,213.537211892863,4.46250728073752
258.965752220739,218.384553445457,3.87884445560804
574.612833994581,436.612389186268,4.12004718730999
295.195499825581,138.399119185097,3.95487799235579
529.39516518269,460.282540265573,3.71618528611151
45.4618199619135,422.063477965615,3.54939615650994
205.330948714893,291.022499350504,3.74134162046119
553.558113113314,259.286303747078,3.71805711967943
184.239877466851,40.9599939296389,4.08931846740821
492.602411015862,346.114561525357,4.66830947840658
39.615052014074,45.8475090200025,3.72700254226598
530.52267120692,135.941211902593,4.89945202166913
NA,NA,NA
661.113773453044,337.82250557073,3.46817758763266
458.614337335014,298.611076218947,3.69835558327495
11.0752215326432,497.650602810004,3.47163274102889
555.056579238947,49.5513737383362,4.33955034970249
70.5631670521321,371.024125334842,3.97870751244038
228.182871305193,414.862464278342,3.94516883560141
428.214637016801,13.8764622366222,3.28586200107538
360.264916331848,291.671455589926,3.14963319899519
603.807290126869,109.267757791044,4.28412073000588
387.456712778205,229.154337631002,4.2058546911887
562.796913082895,401.048996619557,4.70327637475757
142.884162880016,282.115325882869,4.61644690893181
199.307959828799,368.331867807477,4.01422981475897
126.935939865347,408.246689858055,3.36659698924051
630.18499182483,312.033135481337,4.57836289594672
0.712857393319089,149.700907773928,4.30924291540633
540.523977776988,201.613664291839,4.21399373613013
33.0448517507697,490.889852621189,2.98360063776507
279.766720647031,24.4674364209691,3.78525941799335
530.713112518575,394.518159454909,3.4347800222689
73.1471936437995,75.2824362003055,5.19844786236666
7.48909025966665,75.3285362500378,3.34490359789995
585.144758528287,225.598191360912,4.07969499803251
438.861241719016,462.837304499279,4.75550050715654
660.389159393005,376.307329595398,2.90484954791328
101.33517042042,487.841550797444,4.44084738001824
624.965402040362,88.1392082892394,4.1259249512421
422.496609618915,256.751419130867,3.71978886763157
10.5794166426125,185.135995572168,3.10652473391964
68.7623869422742,119.31642984265,4.67312625263737
613.724125794888,197.875142668372,4.34666442787885
253.522963267745,217.74959935077,3.66217022296436
585.283705041647,429.000151884226,3.83133842166164
299.193476350164,137.139244771304,3.94238002395337
533.968453915184,459.323617152377,3.63413745971009
43.9401684543047,417.650536112097,3.95735048597925
201.07139626932,281.118676974626,3.95402253084496
554.369341975193,269.971334046215,3.80971958442326
179.176327115546,56.0172520555753,4.49375812178883
502.392572489455,336.108490939489,4.35007306912869
41.5262236340356,50.7794556247179,4.35262786302468
525.976123260503,149.831144777274,5.00126522092975
NA,NA,NA
661.113773453044,337.82250557073,3.46817758763266
458.614337335014,298.611076218947,3.69835558327495
11.0752215326432,497.650602810004,3.47163274102889
555.056579238947,49.5513737383362,4.33955034970249
70.5631670521321,371.024125334842,3.97870751244038
228.182871305193,414.862464278342,3.94516883560141
428.214637016801,13.8764622366222,3.28586200107538
360.264916331848,291.671455589926,3.14963319899519
603.807290126869,109.267757791044,4.28412073000588
387.456712778205,229.154337631002,4.2058546911887
562.796913082895,401.048996619557,4.70327637475757
142.884162880016,282.115325882869,4.61644690893181
199.307959828799,368.331867807477,4.01422981475897
126.935939865347,408.246689858055,3.36659698924051
630.18499182483,312.033135481337,4.57836289594672
0.712857393319089,149.700907773928,4.30924291540633
540.523977776988,201.613664291839,4.21399373613013
33.0448517507697,490.889852621189,2.98360063776507
279.766720647031,24.4674364209691,3.78525941799335
530.713112518575,394.518159454909,3.4347800222689
73.1471936437995,75.2824362003055,5.19844786236666
7.48909025966665,75.3285362500378,3.34490359789995
585.144758528287,225.598191360912,4.07969499803251
438.861241719016,462.837304499279,4.75550050715654
660.389159393005,376.307329595398,2.90484954791328
101.33517042042,487.841550797444,4.44084738001824
624.965402040362,88.1392082892394,4.1259249512421
422.496609618915,256.751419130867,3.71978886763157
10.5794166426125,185.135995572168,3.10652473391964
68.7623869422742,119.31642984265,4.67312625263737
613.724125794888,197.875142668372,4.34666442787885
253.522963267745,217.74959935077,3.66217022296436
585.283705041647,429.000151884226,3.83133842166164
299.193476350164,137.139244771304,3.94238002395337
533.968453915184,459.323617152377,3.63413745971009
43.9401684543047,417.650536112097,3.95735048597925
201.07139626932,281.118676974626,3.95402253084496
554.369341975193,269.971334046215,3.80971958442326
179.176327115546,56.0172520555753,4.49375812178883
502.392572489455,336.108490939489,4.35007306912869
41.5262236340356,50.7794556247179,4.35262786302468
525.976123260503,149.831144777274,5.00126522092975
NA,NA,NA
661.113773453044,337.82250557073,3.46817758763266
458.614337335014,298.611076218947,3.69835558327495
11.0752215326432,497.650602810004,3.47163274102889
555.056579238947,49.5513737383362,4.33955034970249
70.5631670521321,371.024125334842,3.97870751244038
228.182871305193,414.862464278342,3.94516883560141
428.214637016801,13.8764622366222,3.28586200107538
360.264916331848,291.671455589926,3.14963319899519
603.807290126869,109.267757791044,4.28412073000588
387.456712778205,229.154337631002,4.2058546911887
562.796913082895,401.048996619557,4.70327637475757
142.884162880016,282.115325882869,4.61644690893181
199.307959828799,368.331867807477,4.01422981475897
126.935939865347,408.246689858055,3.36659698924051
630.18499182483,312.033135481337,4.57836289594672
0.712857393319089,149.700907773928,4.30924291540633
540.523977776988,201.613664291839,4.21399373613013
33.0448517507697,490.889852621189,2.98360063776507
279.766720647031,24.4674364209691,3.78525941799335
530.713112518575,394.518159454909,3.4347800222689
73.1471936437995,75.2824362003055,5.19844786236666
7.48909025966665,75.3285362500378,3.34490359789995
585.144758528287,225.598191360912,4.07969499803251
438.861241719016,462.837304499279,4.75550050715654
660.389159393005,376.307329595398,2.90484954791328
101.33517042042,487.841550797444,4.44084738001824
624.965402040362,88.1392082892394,4.1259249512421
422.496609618915,256.751419130867,3.71978886763157
10.5794166426125,185.135995572168,3.10652473391964
68.7623869422742,119.31642984265,4.67312625263737
613.724125794888,197.875142668372,4.34666442787885
253.522963267745,217.74959935077,3.66217022296436
585.283705041647,429.000151884226,3.83133842166164
299.193476350164,137.139244771304,3.94238002395337
533.968453915184,459.323617152377,3.63413745971009
43.9401684543047,417.650536112097,3.95735048597925
201.07139626932,281.118676974626,3.95402253084496
554.369341975193,269.971334046215,3.80971958442326
179.176327115546,56.0172520555753,4.49375812178883
502.392572489455,336.108490939489,4.35007306912869
41.5262236340356,50.7794556247179,4.35262786302468
525.976123260503,149.831144777274,5.00126522092975
NA,NA,NA
661.113773453044,337.82250557073,3.46817758763266
458.614337335014,298.611076218947,3.69835558327495
11.0752215326432,497.650602810004,3.47163274102889
555.056579238947,49.5513737383362,4.33955034970249
70.5631670521321,371.024125334842,3.97870751244038
228.182871305193,414.862464278342,3.94516883560141
428.214637016801,13.8764622366222,3.28586200107538
360.264916331848,291.671455589926,3.14963319899519
603.807290126869,109.267757791044,4.28412073000588
387.456712778205,229.154337631002,4.2058546911887
562.796913082895,401.048996619557,4.70327637475757
142.884162880016,282.115325882869,4.61644690893181
199.307959828799,368.331867807477,4.01422981475897
126.935939865347,408.246689858055,3.36659698924051
630.18499182483,312.033135481337,4.57836289594672
0.712857393319089,149.700907773928,4.30924291540633
540.523977776988,201.613664291839,4.21399373613013
33.0448517507697,490.889852621189,2.98360063776507
279.766720647031,24.4674364209691,3.78525941799335
530.713112518575,394.518159454909,3.4347800222689
73.1471936437995,75.2824362003055,5.19844786236666
7.48909025966665,75.3285362500378,3.34490359789995
585.144758528287,225.598191360912,4.07969499803251
438.861241719016,462.837304499279,4.75550050715654
660.389159393005,376.307329595398,2.90484954791328
101.33517042042,487.841550797444,4.44084738001824
624.965402040362,88.1392082892394,4.1259249512421
422.496609618915,256.751419130867,3.71978886763157
10.5794166426125,185.135995572168,3.10652473391964
68.7623869422742,119.31642984265,4.67312625263737
613.724125794888,197.875142668372,4.34666442787885
253.522963267745,217.74959935077,3.66217022296436
585.283705041647,429.000151884226,3.83133842166164
299.193476350164,137.139244771304,3.94238002395337
533.968453915184,459.323617152377,3.63413745971009
43.9401684543047,417.650536112097,3.95735048597925
201.07139626932,281.118676974626,3.95402253084496
554.369341975193,269.971334046215,3.80971958442326
179.176327115546,56.0172520555753,4.49375812178883
502.392572489455,336.108490939489,4.35007306912869
41.5262236340356,50.7794556247179,4.35262786302468
525.976123260503,149.831144777274,5.00126522092975
NA,NA,NA
661.113773453044,337.82250557073,3.46817758763266
458.614337335014,298.611076218947,3.69835558327495
11.0752215326432,497.650602810004,3.47163274102889
555.056579238947,49.5513737383362,4.33955034970249
70.5631670521321,371.024125334842,3.97870751244038
228.182871305193,414.862464278342,3.94516883560141
428.214637016801,13.8764622366222,3.28586200107538
360.264916331848,291.671455589926,3.14963319899519
603.807290126869,109.267757791044,4.28412073000588
387.456712778205,229.154337631002,4.2058546911887
562.796913082895,401.048996619557,4.70327637475757
142.884162880016,282.115325882869,4.61644690893181
199.307959828799,368.331867807477,4.01422981475897
126.935939865347,408.246689858055,3.36659698924051
630.18499182483,312.033135481337,4.57836289594672
0.712857393319089,149.700907773928,4.30924291540633
540.523977776988,201.613664291839,4.21399373613013
33.0448517507697,490.889852621189,2.98360063776507
279.766720647031,24.4674364209691,3.78525941799335
530.713112518575,394.518159454909,3.4347800222689
73.1471936437995,75.2824362003055,5.19844786236666
7.48909025966665,75.3285362500378,3.34490359789995
585.144758528287,225.598191360912,4.07969499803251
438.861241719016,462.837304499279,4.75550050715654
660.389159393005,376.307329595398,2.90484954791328
101.33517042042,487.841550797444,4.44084738001824
624.965402040362,88.1392082892394,4.1259249512421
422.496609618915,256.751419130867,3.71978886763157
10.5794166426125,185.135995572168,3.10652473391964
68.7623869422742,119.31642984265,4.67312625263737
613.724125794888,197.875142668372,4.34666442787885
253.522963267745,217.74959935077,3.66217022296436
585.283705041647,429.000151884226,3.83133842166164
299.193476350164,137.139244771304,3.94238002395337
533.968453915184,459.323617152377,3.63413745971009
43.9401684543047,417.650536112097,3.95735048597925
201.07139626932,281.118676974626,3.95402253084496
554.369341975193,269.971334046215,3.80971958442326
179.176327115546,56.0172520555753,4.49375812178883
502.392572489455,336.108490939489,4.35007306912869
41.5262236340356,50.7794556247179,4.35262786302468
525.976123260503,149.831144777274,5.00126522092975
NA,NA,NA
661.113773453044,337.82250557073,3.46817758763266
458.614337335014,298.611076218947,3.69835558327495
11.0752215326432,497.650602810004,3.47163274102889
555.056579238947,49.5513737383362,4.33955034970249
70.5631670521321,371.024125334842,3.97870751244038
228.182871305193,414.862464278342,3.94516883560141
428.214637016801,13.8764622366222,3.28586200107538
360.264916331848,291.671455589926,3.14963319899519
603.807290126869,109.267757791044,4.28412073000588
387.456712778205,229.154337631002,4.2058546911887
562.796913082895,401.048996619557,4.70327637475757
142.884162880016,282.115325882869,4.61644690893181
199.307959828799,368.331867807477,4.01422981475897
126.935939865347,408.246689858055,3.36659698924051
630.18499182483,312.033135481337,4.57836289594672
0.712857393319089,149.700907773928,4.30924291540633
540.523977776988,201.613664291839,4.21399373613013
33.0448517507697,490.889852621189,2.98360063776507
279.766720647031,24.4674364209691,3.78525941799335
530.713112518575,394.518159454909,3.4347800222689
73.1471936437995,75.2824362003055,5.19844786236666
7.48909025966665,75.3285362500378,3.34490359789995
585.144758528287,225.598191360912,4.07969499803251
438.861241719016,462.837304499279,4.75550050715654
660.389159393005,376.307329595398,2.90484954791328
101.33517042042,487.841550797444,4.44084738001824
624.965402040362,88.1392082892394,4.1259249512421
422.496609618915,256.751419130867,3.71978886763157
10.5794166426125,185.135995572168,3.10652473391964
68.7623869422742,119.31642984265,4.67312625263737
613.724125794888,197.875142668372,4.34666442787885
253.522963267745,217.74959935077,3.66217022296436
585.283705041647,429.000151884226,3.83133842166164
299.193476350164,137.139244771304,3.94238002395337
533.968453915184,459.323617152377,3.63413745971009
43.9401684543047,417.650536112097,3.95735048597925
201.07139626932,281.118676974626,3.95402253084496
554.369341975193,269.971334046215,3.80971958442326
179.176327115546,56.0172520555753,4.49375812178883
502.392572489455,336.108490939489,4.35007306912869
41.5262236340356,50.7794556247179,4.35262786302468
525.976123260503,149.831144777274,5.00126522092975
NA,NA,NA
659.623475801044,334.019015158653,3.45744901488288
457.293824285074,297.540890309703,3.63655491373473
11.9118504258637,492.289931771298,3.71235669320087
565.534264069254,47.9223957149192,4.17494049857486
72.2684058198537,372.811321544658,3.93498145802253
226.558928358603,412.885210510439,3.85103232635342
430.941750104998,9.88395712781441,3.4584227576518
364.288023497151,292.208645421533,3.05558425656962
602.8191438706,99.4468583569416,4.18767171776928
392.777947519549,231.426682023584,4.15852610404702
566.782692069208,406.433633707197,4.70808090950719
135.123580754413,273.861194063245,4.59915252034654
198.061576596408,369.565917703807,4.05888904755902
124.183810777043,409.281689371019,3.48991321484184
627.878286255292,310.397822881971,4.40090620477836
2.80492083903301,146.05010418531,4.25670240191219
543.261774332086,205.045069104049,4.2057797786068
36.2037352515485,490.945566465155,2.94970630586402
273.950342530195,22.7609715053997,3.74137715539821
534.22048112256,391.870389604576,3.51936296212478
64.0980035164096,76.7222822781381,5.30626870634056
4.00669538844644,77.6916311325278,3.47943496952443
590.796243448046,223.957479864069,3.97308483527298
440.766368197811,457.716695021614,4.83592654479417
655.926893128075,372.05625969115,3.28505857778599
105.279890906111,484.264576358552,4.35095963165782
626.194506825641,88.513909280511,4.05388947015945
419.792652921587,259.669654085347,3.6163259787056
12.3016630965556,184.548115432985,3.27699584099643
71.9068916436222,110.274563521294,4.32501944545524
608.6261089482,198.664004440972,4.26625687665514
260.385981605581,221.181064572735,4.10732520097033
569.04548392617,431.464383547545,3.7865818458219
300.063488118276,136.534951055869,3.79820079812254
533.034200418383,453.58758091031,3.70670200351109
38.5182635572787,429.135408183243,3.86061021517385
199.856528104491,290.242927252494,4.07467145682832
548.155001376185,253.582182427011,3.89893033004678
164.836741892325,26.3465340571596,3.87174307628247
495.454300206865,342.828016420804,4.36295064214231
34.0430548606116,52.9765537309341,3.95423534748541
530.72593239737,161.982475143449,4.69427087656474
NA,NA,NA
659.623475801044,334.019015158653,3.45744901488288
457.293824285074,297.540890309703,3.63655491373473
11.9118504258637,492.289931771298,3.71235669320087
565.534264069254,47.9223957149192,4.17494049857486
72.2684058198537,372.811321544658,3.93498145802253
226.558928358603,412.885210510439,3.85103232635342
430.941750104998,9.88395712781441,3.4584227576518
364.288023497151,292.208645421533,3.05558425656962
602.8191438706,99.4468583569416,4.18767171776928
392.777947519549,231.426682023584,4.15852610404702
566.782692069208,406.433633707197,4.70808090950719
135.123580754413,273.861194063245,4.59915252034654
198.061576596408,369.565917703807,4.05888904755902
124.183810777043,409.281689371019,3.48991321484184
627.878286255292,310.397822881971,4.40090620477836
2.80492083903301,146.05010418531,4.25670240191219
543.261774332086,205.045069104049,4.2057797786068
36.2037352515485,490.945566465155,2.94970630586402
273.950342530195,22.7609715053997,3.74137715539821
534.22048112256,391.870389604576,3.51936296212478
64.0980035164096,76.7222822781381,5.30626870634056
4.00669538844644,77.6916311325278,3.47943496952443
590.796243448046,223.957479864069,3.97308483527298
440.766368197811,457.716695021614,4.83592654479417
655.926893128075,372.05625969115,3.28505857778599
105.279890906111,484.264576358552,4.35095963165782
626.194506825641,88.513909280511,4.05388947015945
419.792652921587,259.669654085347,3.6163259787056
12.3016630965556,184.548115432985,3.27699584099643
71.9068916436222,110.274563521294,4.32501944545524
608.6261089482,198.664004440972,4.26625687665514
260.385981605581,221.181064572735,4.10732520097033
569.04548392617,431.464383547545,3.7865818458219
300.063488118276,136.534951055869,3.79820079812254
533.034200418383,453.58758091031,3.70670200351109
38.5182635572787,429.135408183243,3.86061021517385
199.856528104491,290.242927252494,4.07467145682832
548.155001376185,253.582182427011,3.89893033004678
164.836741892325,26.3465340571596,3.87174307628247
495.454300206865,342.828016420804,4.36295064214231
34.0430548606116,52.9765537309341,3.95423534748541
530.72593239737,161.982475143449,4.69427087656474
NA,NA,NA
659.623475801044,334.019015158653,3.45744901488288
457.293824285074,297.540890309703,3.63655491373473
11.9118504258637,492.289931771298,3.71235669320087
565.534264069254,47.9223957149192,4.17494049857486
72.2684058198537,372.811321544658,3.93498145802253
226.558928358603,412.885210510439,3.85103232635342
430.941750104998,9.88395712781441,3.4584227576518
364.288023497151,292.208645421533,3.05558425656962
602.8191438706,99.4468583569416,4.18767171776928
392.777947519549,231.426682023584,4.15852610404702
566.782692069208,406.433633707197,4.70808090950719
135.123580754413,273.861194063245,4.59915252034654
198.061576596408,369.565917703807,4.05888904755902
124.183810777043,409.281689371019,3.48991321484184
627.878286255292,310.397822881971,4.40090620477836
2.80492083903301,146.05010418531,4.25670240191219
543.261774332086,205.045069104049,4.2057797786068
36.2037352515485,490.945566465155,2.94970630586402
273.950342530195,22.7609715053997,3.74137715539821
534.22048112256,391.870389604576,3.51936296212478
64.0980035164096,76.7222822781381,5.30626870634056
4.00669538844644,77.6916311325278,3.47943496952443
590.796243448046,223.957479864069,3.97308483527298
440.766368197811,457.716695021614,4.83592654479417
655.926893128075,372.05625969115,3.28505857778599
105.279890906111,484.264576358552,4.35095963165782
626.194506825641,88.513909280511,4.05388947015945
419.792652921587,259.669654085347,3.6163259787056
12.3016630965556,184.548115432985,3.27699584099643
71.9068916436222,110.274563521294,4.32501944545524
608.6261089482,198.664004440972,4.26625687665514
260.385981605581,221.181064572735,4.10732520097033
569.04548392617,431.464383547545,3.7865818458219
300.063488118276,136.534951055869,3.79820079812254
533.034200418383,453.58758091031,3.70670200351109
38.5182635572787,429.135408183243,3.86061021517385
199.856528104491,290.242927252494,4.07467145682832
548.155001376185,253.582182427011,3.89893033004678
164.836741892325,26.3465340571596,3.87174307628247
495.454300206865,342.828016420804,4.36295064214231
34.0430548606116,52.9765537309341,3.95423534748541
530.72593239737,161.982475143449,4.69427087656474
NA,NA,NA
659.623475801044,334.019015158653,3.45744901488288
457.293824285074,297.540890309703,3.63655491373473
11.9118504258637,492.289931771298,3.71235669320087
565.534264069254,47.9223957149192,4.17494049857486
72.2684058198537,372.811321544658,3.93498145802253
226.558928358603,412.885210510439,3.85103232635342
430.941750104998,9.88395712781441,3.4584227576518
364.288023497151,292.208645421533,3.05558425656962
602.8191438706,99.4468583569416,4.18767171776928
392.777947519549,231.426682023584,4.15852610404702
566.782692069208,406.433633707197,4.70808090950719
135.123580754413,273.861194063245,4.59915252034654
198.061576596408,369.565917703807,4.05888904755902
124.183810777043,409.281689371019,3.48991321484184
627.878286255292,310.397822881971,4.40090620477836
2.80492083903301,146.05010418531,4.25670240191219
543.261774332086,205.045069104049,4.2057797786068
36.2037352515485,490.945566465155,2.94970630586402
273.950342530195,22.7609715053997,3.74137715539821
534.22048112256,391.870389604576,3.51936296212478
64.0980035164096,76.7222822781381,5.30626870634056
4.00669538844644,77.6916311325278,3.47943496952443
590.796243448046,223.957479864069,3.97308483527298
440.766368197811,457.716695021614,4.83592654479417
655.926893128075,372.05625969115,3.28505857778599
105.279890906111,484.264576358552,4.35095963165782
626.194506825641,88.513909280511,4.05388947015945
419.792652921587,259.669654085347,3.6163259787056
12.3016630965556,184.548115432985,3.27699584099643
71.9068916436222,110.274563521294,4.32501944545524
608.6261089482,198.664004440972,4.26625687665514
260.385981605581,221.181064572735,4.10732520097033
569.04548392617,431.464383547545,3.7865818458219
300.063488118276,136.534951055869,3.79820079812254
533.034200418383,453.58758091031,3.70670200351109
38.5182635572787,429.135408183243,3.86061021517385
199.856528104491,290.242927252494,4.07467145682832
548.155001376185,253.582182427011,3.89893033004678
164.836741892325,26.3465340571596,3.87174307628247
495.454300206865,342.828016420804,4.36295064214231
34.0430548606116,52.9765537309341,3.95423534748541
530.72593239737,161.982475143449,4.69427087656474
NA,NA,NA
659.623475801044,334.019015158653,3.45744901488288
457.293824285074,297.540890309703,3.63655491373473
11.9118504258637,492.289931771298,3.71235669320087
565.534264069254,47.9223957149192,4.17494049857486
72.2684058198537,372.811321544658,3.93498145802253
226.558928358603,412.885210510439,3.85103232635342
430.941750104998,9.88395712781441,3.4584227576518
364.288023497151,292.208645421533,3.05558425656962
602.8191438706,99.4468583569416,4.18767171776928
392.777947519549,231.426682023584,4.15852610404702
566.782692069208,406.433633707197,4.70808090950719
135.123580754413,273.861194063245,4.59915252034654
198.061576596408,369.565917703807,4.05888904755902
124.183810777043,409.281689371019,3.48991321484184
627.878286255292,310.397822881971,4.40090620477836
2.80492083903301,146.05010418531,4.25670240191219
543.261774332086,205.045069104049,4.2057797786068
36.2037352515485,490.945566465155,2.94970630586402
273.950342530195,22.7609715053997,3.74137715539821
534.22048112256,391.870389604576,3.51936296212478
64.0980035164096,76.7222822781381,5.30626870634056
4.00669538844644,77.6916311325278,3.47943496952443
590.796243448046,223.957479864069,3.97308483527298
440.766368197811,457.716695021614,4.83592654479417
655.926893128075,372.05625969115,3.28505857778599
105.279890906111,484.264576358552,4.35095963165782
626.194506825641,88.513909280511,4.05388947015945
419.792652921587,259.669654085347,3.6163259787056
12.3016630965556,184.548115432985,3.27699584099643
71.9068916436222,110.274563521294,4.32501944545524
608.6261089482,198.664004440972,4.26625687665514
260.385981605581,221.181064572735,4.10732520097033
569.04548392617,431.464383547545,3.7865818458219
300.063488118276,136.534951055869,3.79820079812254
533.034200418383,453.58758091031,3.70670200351109
38.5182635572787,429.135408183243,3.86061021517385
199.856528104491,290.242927252494,4.07467145682832
548.155001376185,253.582182427011,3.89893033004678
164.836741892325,26.3465340571596,3.87174307628247
495.454300206865,342.828016420804,4.36295064214231
34.0430548606116,52.9765537309341,3.95423534748541
530.72593239737,161.982475143449,4.69427087656474
NA,NA,NA
659.623475801044,334.019015158653,3.45744901488288
457.293824285074,297.540890309703,3.63655491373473
11.9118504258637,492.289931771298,3.71235669320087
565.534264069254,47.9223957149192,4.17494049857486
72.2684058198537,372.811321544658,3.93498145802253
226.558928358603,412.885210510439,3.85103232635342
430.941750104998,9.88395712781441,3.4584227576518
364.288023497151,292.208645421533,3.05558425656962
602.8191438706,99.4468583569416,4.18767171776928
392.777947519549,231.426682023584,4.15852610404702
566.782692069208,406.433633707197,4.70808090950719
135.123580754413,273.861194063245,4.59915252034654
198.061576596408,369.565917703807,4.05888904755902
124.183810777043,409.281689371019,3.48991321484184
627.878286255292,310.397822881971,4.40090620477836
2.80492083903301,146.05010418531,4.25670240191219
543.261774332086,205.045069104049,4.2057797786068
36.2037352515485,490.945566465155,2.94970630586402
273.950342530195,22.7609715053997,3.74137715539821
534.22048112256,391.870389604576,3.51936296212478
64.0980035164096,76.7222822781381,5.30626870634056
4.00669538844644,77.6916311325278,3.47943496952443
590.796243448046,223.957479864069,3.97308483527298
440.766368197811,457.716695021614,4.83592654479417
655.926893128075,372.05625969115,3.28505857778599
105.279890906111,484.264576358552,4.35095963165782
626.194506825641,88.513909280511,4.05388947015945
419.792652921587,259.669654085347,3.6163259787056
12.3016630965556,184.548115432985,3.27699584099643
71.9068916436222,110.274563521294,4.32501944545524
608.6261089482,198.664004440972,4.26625687665514
260.385981605581,221.181064572735,4.10732520097033
569.04548392617,431.464383547545,3.7865818458219
300.063488118276,136.534951055869,3.79820079812254
533.034200418383,453.58758091031,3.70670200351109
38.5182635572787,429.135408183243,3.86061021517385
199.856528104491,290.242927252494,4.07467145682832
548.155001376185,253.582182427011,3.89893033004678
164.836741892325,26.3465340571596,3.87174307628247
495.454300206865,342.828016420804,4.36295064214231
34.0430548606116,52.9765537309341,3.95423534748541
530.72593239737,161.982475143449,4.69427087656474
NA,NA,NA
665.135638132111,331.732549364144,3.54180420822289
457.963348394533,296.076597438044,3.8865560646867
10.2169772246688,496.054600318904,3.63934179853573
557.649624091828,54.3193315996666,4.23353231353002
70.7145137876589,380.082987007894,3.88558621600294
229.10148293934,414.466831552372,3.86141601740479
426.944334145711,12.4264589400912,3.32293671519621
361.691702817881,292.703072747487,3.03172664196401
606.552791958954,107.103425842464,4.30907496549313
391.149583276606,230.522283909967,4.19028982971873
570.929749357476,413.538105746424,4.7299548652269
135.004816258956,289.035495603453,4.44275143181816
198.048741628548,366.777560325549,4.07768875942396
122.969970307852,412.798023660661,3.40504682570275
626.873999482154,311.452209292758,4.61032956276638
0.697653210987856,147.079060787786,4.23336458803029
543.259098544454,196.869887048554,4.05571200655989
36.2561696481419,491.566711283135,3.08458482155479
281.834295939941,22.3116886524988,3.84662272941576
533.983845650209,390.678409474292,3.28472094223666
73.4914126363412,77.2542924324654,5.29079864409843
4.59644831135315,76.6113014010576,3.57374753593143
588.832465804294,225.8374225359,3.95615858849709
440.859249060357,462.378210110211,4.79274374247814
658.722007314324,376.075528938431,2.96731995193556
106.31800529175,487.519244730446,4.28838818354755
625.486504139813,85.8905115560792,4.01475464195915
418.912429869285,260.129902841368,3.52406573864683
11.9362036093086,179.62073476949,3.21876535309722
56.8204913090675,110.106957090718,4.53049737467499
631.915929372514,198.000122058953,4.45986456597332
252.224999524188,218.745752278776,4.1146319289341
574.564992600324,437.323697175302,3.69475682142895
298.894745182281,137.334952714467,3.8179323286079
531.16247871267,463.762523131577,3.63231473435066
50.202497323684,410.162445347672,3.95432602335855
191.434220750823,291.360054214129,3.7285666641232
547.992618625504,257.175273338784,3.56766252895363
183.000858386792,22.5052035152558,4.12640309920926
509.973817755296,340.596796659081,4.37792860850203
37.291096542024,42.9004131316893,3.54108601695952
524.220603291526,157.906930696477,4.45715980985741
NA,NA,NA
665.135638132111,331.732549364144,3.54180420822289
457.963348394533,296.076597438044,3.8865560646867
10.2169772246688,496.054600318904,3.63934179853573
557.649624091828,54.3193315996666,4.23353231353002
70.7145137876589,380.082987007894,3.88558621600294
229.10148293934,414.466831552372,3.86141601740479
426.944334145711,12.4264589400912,3.32293671519621
361.691702817881,292.703072747487,3.03172664196401
606.552791958954,107.103425842464,4.30907496549313
391.149583276606,230.522283909967,4.19028982971873
570.929749357476,413.538105746424,4.7299548652269
135.004816258956,289.035495603453,4.44275143181816
198.048741628548,366.777560325549,4.07768875942396
122.969970307852,412.798023660661,3.40504682570275
626.873999482154,311.452209292758,4.61032956276638
0.697653210987856,147.079060787786,4.23336458803029
543.259098544454,196.869887048554,4.05571200655989
36.2561696481419,491.566711283135,3.08458482155479
281.834295939941,22.3116886524988,3.84662272941576
533.983845650209,390.678409474292,3.28472094223666
73.4914126363412,77.2542924324654,5.29079864409843
4.59644831135315,76.6113014010576,3.57374753593143
588.832465804294,225.8374225359,3.95615858849709
440.859249060357,462.378210110211,4.79274374247814
658.722007314324,376.075528938431,2.96731995193556
106.31800529175,487.519244730446,4.28838818354755
625.486504139813,85.8905115560792,4.01475464195915
418.912429869285,260.129902841368,3.52406573864683
11.9362036093086,179.62073476949,3.21876535309722
56.8204913090675,110.106957090718,4.53049737467499
631.915929372514,198.000122058953,4.45986456597332
252.224999524188,218.745752278776,4.1146319289341
574.564992600324,437.323697175302,3.69475682142895
298.894745182281,137.334952714467,3.8179323286079
531.16247871267,463.762523131577,3.63231473435066
50.202497323684,410.162445347672,3.95432602335855
191.434220750823,291.360054214129,3.7285666641232
547.992618625504,257.175273338784,3.56766252895363
183.000858386792,22.5052035152558,4.12640309920926
509.973817755296,340.596796659081,4.37792860850203
37.291096542024,42.9004131316893,3.54108601695952
524.220603291526,157.906930696477,4.45715980985741
NA,NA,NA
665.135638132111,331.732549364144,3.54180420822289
457.963348394533,296.076597438044,3.8865560646867
10.2169772246688,496.054600318904,3.63934179853573
557.649624091828,54.3193315996666,4.23353231353002
70.7145137876589,380.082987007894,3.88558621600294
229.10148293934,414.466831552372,3.86141601740479
426.944334145711,12.4264589400912,3.32293671519621
361.691702817881,292.703072747487,3.03172664196401
606.552791958954,107.103425842464,4.30907496549313
391.149583276606,230.522283909967,4.19028982971873
570.929749357476,413.538105746424,4.7299548652269
135.004816258956,289.035495603453,4.44275143181816
198.048741628548,366.777560325549,4.07768875942396
122.969970307852,412.798023660661,3.40504682570275
626.873999482154,311.452209292758,4.61032956276638
0.697653210987856,147.079060787786,4.23336458803029
543.259098544454,196.869887048554,4.05571200655989
36.2561696481419,491.566711283135,3.08458482155479
281.834295939941,22.3116886524988,3.84662272941576
533.983845650209,390.678409474292,3.28472094223666
73.4914126363412,77.2542924324654,5.29079864409843
4.59644831135315,76.6113014010576,3.57374753593143
588.832465804294,225.8374225359,3.95615858849709
440.859249060357,462.378210110211,4.79274374247814
658.722007314324,376.075528938431,2.96731995193556
106.31800529175,487.519244730446,4.28838818354755
625.486504139813,85.8905115560792,4.01475464195915
418.912429869285,260.129902841368,3.52406573864683
11.9362036093086,179.62073476949,3.21876535309722
56.8204913090675,110.106957090718,4.53049737467499
631.915929372514,198.000122058953,4.45986456597332
252.224999524188,218.745752278776,4.1146319289341
574.564992600324,437.323697175302,3.69475682142895
298.894745182281,137.334952714467,3.8179323286079
531.16247871267,463.762523131577,3.63231473435066
50.202497323684,410.162445347672,3.95432602335855
191.434220750823,291.360054214129,3.7285666641232
547.992618625504,257.175273338784,3.56766252895363
183.000858386792,22.5052035152558,4.12640309920926
509.973817755296,340.596796659081,4.37792860850203
37.291096542024,42.9004131316893,3.54108601695952
524.220603291526,157.906930696477,4.45715980985741
NA,NA,NA
665.135638132111,331.732549364144,3.54180420822289
457.963348394533,296.076597438044,3.8865560646867
10.2169772246688,496.054600318904,3.63934179853573
557.649624091828,54.3193315996666,4.23353231353002
70.7145137876589,380.082987007894,3.88558621600294
229.10148293934,414.466831552372,3.86141601740479
426.944334145711,12.4264589400912,3.32293671519621
361.691702817881,292.703072747487,3.03172664196401
606.552791958954,107.103425842464,4.30907496549313
391.149583276606,230.522283909967,4.19028982971873
570.929749357476,413.538105746424,4.7299548652269
135.004816258956,289.035495603453,4.44275143181816
198.048741628548,366.777560325549,4.07768875942396
122.969970307852,412.798023660661,3.40504682570275
626.873999482154,311.452209292758,4.61032956276638
0.697653210987856,147.079060787786,4.23336458803029
543.259098544454,196.869887048554,4.05571200655989
36.2561696481419,491.566711283135,3.08458482155479
281.834295939941,22.3116886524988,3.84662272941576
533.983845650209,390.678409474292,3.28472094223666
73.4914126363412,77.2542924324654,5.29079864409843
4.59644831135315,76.6113014010576,3.57374753593143
588.832465804294,225.8374225359,3.95615858849709
440.859249060357,462.378210110211,4.79274374247814
658.722007314324,376.075528938431,2.96731995193556
106.31800529175,487.519244730446,4.28838818354755
625.486504139813,85.8905115560792,4.01475464195915
418.912429869285,260.129902841368,3.52406573864683
11.9362036093086,179.62073476949,3.21876535309722
56.8204913090675,110.106957090718,4.53049737467499
631.915929372514,198.000122058953,4.45986456597332
252.224999524188,218.745752278776,4.1146319289341
574.564992600324,437.323697175302,3.69475682142895
298.894745182281,137.334952714467,3.8179323286079
531.16247871267,463.762523131577,3.63231473435066
50.202497323684,410.162445347672,3.95432602335855
191.434220750823,291.360054214129,3.7285666641232
547.992618625504,257.175273338784,3.56766252895363
183.000858386792,22.5052035152558,4.12640309920926
509.973817755296,340.596796659081,4.37792860850203
37.291096542024,42.9004131316893,3.54108601695952
524.220603291526,157.906930696477,4.45715980985741
NA,NA,NA
665.135638132111,331.732549364144,3.54180420822289
457.963348394533,296.076597438044,3.8865560646867
10.2169772246688,496.054600318904,3.63934179853573
557.649624091828,54.3193315996666,4.23353231353002
70.7145137876589,380.082987007894,3.88558621600294
229.10148293934,414.466831552372,3.86141601740479
426.944334145711,12.4264589400912,3.32293671519621
361.691702817881,292.703072747487,3.03172664196401
606.552791958954,107.103425842464,4.30907496549313
391.149583276606,230.522283909967,4.19028982971873
570.929749357476,413.538105746424,4.7299548652269
135.004816258956,289.035495603453,4.44275143181816
198.048741628548,366.777560325549,4.07768875942396
122.969970307852,412.798023660661,3.40504682570275
626.873999482154,311.452209292758,4.61032956276638
0.697653210987856,147.079060787786,4.23336458803029
543.259098544454,196.869887048554,4.05571200655989
36.2561696481419,491.566711283135,3.08458482155479
281.834295939941,22.3116886524988,3.84662272941576
533.983845650209,390.678409474292,3.28472094223666
73.4914126363412,77.2542924324654,5.29079864409843
4.59644831135315,76.6113014010576,3.57374753593143
588.832465804294,225.8374225359,3.95615858849709
440.859249060357,462.378210110211,4.79274374247814
658.722007314324,376.075528938431,2.96731995193556
106.31800529175,487.519244730446,4.28838818354755
625.486504139813,85.8905115560792,4.01475464195915
418.912429869285,260.129902841368,3.52406573864683
11.9362036093086,179.62073476949,3.21876535309722
56.8204913090675,110.106957090718,4.53049737467499
631.915929372514,198.000122058953,4.45986456597332
252.224999524188,218.745752278776,4.1146319289341
574.564992600324,437.323697175302,3.69475682142895
298.894745182281,137.334952714467,3.8179323286079
531.16247871267,463.762523131577,3.63231473435066
50.202497323684,410.162445347672,3.95432602335855
191.434220750823,291.360054214129,3.7285666641232
547.992618625504,257.175273338784,3.56766252895363
183.000858386792,22.5052035152558,4.12640309920926
509.973817755296,340.596796659081,4.37792860850203
37.291096542024,42.9004131316893,3.54108601695952
524.220603291526,157.906930696477,4.45715980985741
NA,NA,NA
665.135638132111,331.732549364144,3.54180420822289
457.963348394533,296.076597438044,3.8865560646867
10.2169772246688,496.054600318904,3.63934179853573
557.649624091828,54.3193315996666,4.23353231353002
70.7145137876589,380.082987007894,3.88558621600294
229.10148293934,414.466831552372,3.86141601740479
426.944334145711,12.4264589400912,3.32293671519621
361.691702817881,292.703072747487,3.03172664196401
606.552791958954,107.103425842464,4.30907496549313
391.149583276606,230.522283909967,4.19028982971873
570.929749357476,413.538105746424,4.7299548652269
135.004816258956,289.035495603453,4.44275143181816
198.048741628548,366.777560325549,4.07768875942396
122.969970307852,412.798023660661,3.40504682570275
626.873999482154,311.452209292758,4.61032956276638
0.697653210987856,147.079060787786,4.23336458803029
543.259098544454,196.869887048554,4.05571200655989
36.2561696481419,491.566711283135,3.08458482155479
281.834295939941,22.3116886524988,3.84662272941576
533.983845650209,390.678409474292,3.28472094223666
73.4914126363412,77.2542924324654,5.29079864409843
4.59644831135315,76.6113014010576,3.57374753593143
588.832465804294,225.8374225359,3.95615858849709
440.859249060357,462.378210110211,4.79274374247814
658.722007314324,376.075528938431,2.96731995193556
106.31800529175,487.519244730446,4.28838818354755
625.486504139813,85.8905115560792,4.01475464195915
418.912429869285,260.129902841368,3.52406573864683
11.9362036093086,179.62073476949,3.21876535309722
56.8204913090675,110.106957090718,4.53049737467499
631.915929372514,198.000122058953,4.45986456597332
252.224999524188,218.745752278776,4.1146319289341
574.564992600324,437.323697175302,3.69475682142895
298.894745182281,137.334952714467,3.8179323286079
531.16247871267,463.762523131577,3.63231473435066
50.202497323684,410.162445347672,3.95432602335855
191.434220750823,291.360054214129,3.7285666641232
547.992618625504,257.175273338784,3.56766252895363
183.000858386792,22.5052035152558,4.12640309920926
509.973817755296,340.596796659081,4.37792860850203
37.291096542024,42.9004131316893,3.54108601695952
524.220603291526,157.906930696477,4.45715980985741
NA,NA,NA
658.817333373401,332.822737949022,3.7261337682284
458.17834371645,299.625411501368,3.5420966992668
12.6198349329727,492.746032656363,3.47936297600329
558.694314600419,49.1797880214858,4.16041122308456
75.1294337951906,375.855766159606,3.96968286266496
227.003617840252,417.433184785055,3.91366784869165
427.093833153239,10.4728224349707,3.27797070405992
361.333356781311,292.565242771483,3.078642859209
605.386114413335,107.178036203387,4.13307056488748
392.310401094963,235.295121151299,4.2504783974296
572.872697058928,409.62145850822,4.70792094242491
140.7938122204,285.307055374751,4.55690229554254
199.243757761876,366.232353134744,4.05153563856338
124.809387764881,411.82513439903,3.43228066989894
629.327229710252,315.788033247232,4.53859446570994
3.07256882829492,150.878566396183,4.34940870931043
540.176521586165,206.111947406623,4.27633600289233
35.0874345993788,491.302323232484,2.94167810248681
276.371727131911,22.5798920736117,3.79815009588651
534.4801426975,390.461019985916,3.41329419835275
74.9458146979291,85.9871713170642,5.31101053914337
2.29450657207247,76.882590919922,3.38252677066133
590.797401337685,232.44722807437,3.92684855827603
441.52182341211,458.173436481676,4.80364507688551
660.007326087353,372.455425428822,3.15662254772744
102.295745649372,485.119242966125,4.36308318429277
625.128081184275,86.2490155589187,4.11231390795665
418.301131352119,256.641430770443,3.6504319898689
11.1644894621387,184.087114027839,3.27020353027563
80.3025767799399,120.708047532105,4.61823036176431
597.681380036991,196.644291510993,4.16047614432958
255.543272366701,223.854862845728,3.97342477370598
579.193428882844,437.119423826102,3.76562889878126
292.616975760583,139.099414589816,3.99515227879612
529.161944320861,461.862731309322,3.66359312775088
47.2811607783614,412.252254853617,3.81931453093068
207.355113098269,285.098892436448,4.15642678935477
543.192074989113,264.012687283947,3.74352436527009
176.454487784271,29.66619305125,4.03416162613197
501.579125514929,339.645374202297,4.69729367428059
34.1644883567148,54.2817192998764,3.74421466276077
508.672408692353,163.630543010279,4.47519887548624
NA,NA,NA
658.817333373401,332.822737949022,3.7261337682284
458.17834371645,299.625411501368,3.5420966992668
12.6198349329727,492.746032656363,3.47936297600329
558.694314600419,49.1797880214858,4.16041122308456
75.1294337951906,375.855766159606,3.96968286266496
227.003617840252,417.433184785055,3.91366784869165
427.093833153239,10.4728224349707,3.27797070405992
361.333356781311,292.565242771483,3.078642859209
605.386114413335,107.178036203387,4.13307056488748
392.310401094963,235.295121151299,4.2504783974296
572.872697058928,409.62145850822,4.70792094242491
140.7938122204,285.307055374751,4.55690229554254
199.243757761876,366.232353134744,4.05153563856338
124.809387764881,411.82513439903,3.43228066989894
629.327229710252,315.788033247232,4.53859446570994
3.07256882829492,150.878566396183,4.34940870931043
540.176521586165,206.111947406623,4.27633600289233
35.0874345993788,491.302323232484,2.94167810248681
276.371727131911,22.5798920736117,3.79815009588651
534.4801426975,390.461019985916,3.41329419835275
74.9458146979291,85.9871713170642,5.31101053914337
2.29450657207247,76.882590919922,3.38252677066133
590.797401337685,232.44722807437,3.92684855827603
441.52182341211,458.173436481676,4.80364507688551
660.007326087353,372.455425428822,3.15662254772744
102.295745649372,485.119242966125,4.36308318429277
625.128081184275,86.2490155589187,4.11231390795665
418.301131352119,256.641430770443,3.6504319898689
11.1644894621387,184.087114027839,3.27020353027563
80.3025767799399,120.708047532105,4.61823036176431
597.681380036991,196.644291510993,4.16047614432958
255.543272366701,223.854862845728,3.97342477370598
579.193428882844,437.119423826102,3.76562889878126
292.616975760583,139.099414589816,3.99515227879612
529.161944320861,461.862731309322,3.66359312775088
47.2811607783614,412.252254853617,3.81931453093068
207.355113098269,285.098892436448,4.15642678935477
543.192074989113,264.012687283947,3.74352436527009
176.454487784271,29.66619305125,4.03416162613197
501.579125514929,339.645374202297,4.69729367428059
34.1644883567148,54.2817192998764,3.74421466276077
508.672408692353,163.630543010279,4.47519887548624
NA,NA,NA
658.817333373401,332.822737949022,3.7261337682284
458.17834371645,299.625411501368,3.5420966992668
12.6198349329727,492.746032656363,3.47936297600329
558.694314600419,49.1797880214858,4.16041122308456
75.1294337951906,375.855766159606,3.96968286266496
227.003617840252,417.433184785055,3.91366784869165
427.093833153239,10.4728224349707,3.27797070405992
361.333356781311,292.565242771483,3.078642859209
605.386114413335,107.178036203387,4.13307056488748
392.310401094963,235.295121151299,4.2504783974296
572.872697058928,409.62145850822,4.70792094242491
140.7938122204,285.307055374751,4.55690229554254
199.243757761876,366.232353134744,4.05153563856338
124.809387764881,411.82513439903,3.43228066989894
629.327229710252,315.788033247232,4.53859446570994
3.07256882829492,150.878566396183,4.34940870931043
540.176521586165,206.111947406623,4.27633600289233
35.0874345993788,491.302323232484,2.94167810248681
276.371727131911,22.5798920736117,3.79815009588651
534.4801426975,390.461019985916,3.41329419835275
74.9458146979291,85.9871713170642,5.31101053914337
2.29450657207247,76.882590919922,3.38252677066133
590.797401337685,232.44722807437,3.92684855827603
441.52182341211,458.173436481676,4.80364507688551
660.007326087353,372.455425428822,3.15662254772744
102.295745649372,485.119242966125,4.36308318429277
625.128081184275,86.2490155589187,4.11231390795665
418.301131352119,256.641430770443,3.6504319898689
11.1644894621387,184.087114027839,3.27020353027563
80.3025767799399,120.708047532105,4.61823036176431
597.681380036991,196.644291510993,4.16047614432958
255.543272366701,223.854862845728,3.97342477370598
579.193428882844,437.119423826102,3.76562889878126
292.616975760583,139.099414589816,3.99515227879612
529.161944320861,461.862731309322,3.66359312775088
47.2811607783614,412.252254853617,3.81931453093068
207.355113098269,285.098892436448,4.15642678935477
543.192074989113,264.012687283947,3.74352436527009
176.454487784271,29.66619305125,4.03416162613197
501.579125514929,339.645374202297,4.69729367428059
34.1644883567148,54.2817192998764,3.74421466276077
508.672408692353,163.630543010279,4.47519887548624
NA,NA,NA
658.817333373401,332.822737949022,3.7261337682284
458.17834371645,299.625411501368,3.5420966992668
12.6198349329727,492.746032656363,3.47936297600329
558.694314600419,49.1797880214858,4.16041122308456
75.1294337951906,375.855766159606,3.96968286266496
227.003617840252,417.433184785055,3.91366784869165
427.093833153239,10.4728224349707,3.27797070405992
361.333356781311,292.565242771483,3.078642859209
605.386114413335,107.178036203387,4.13307056488748
392.310401094963,235.295121151299,4.2504783974296
572.872697058928,409.62145850822,4.70792094242491
140.7938122204,285.307055374751,4.55690229554254
199.243757761876,366.232353134744,4.05153563856338
124.809387764881,411.82513439903,3.43228066989894
629.327229710252,315.788033247232,4.53859446570994
3.07256882829492,150.878566396183,4.34940870931043
540.176521586165,206.111947406623,4.27633600289233
35.0874345993788,491.302323232484,2.94167810248681
276.371727131911,22.5798920736117,3.79815009588651
534.4801426975,390.461019985916,3.41329419835275
74.9458146979291,85.9871713170642,5.31101053914337
2.29450657207247,76.882590919922,3.38252677066133
590.797401337685,232.44722807437,3.92684855827603
441.52182341211,458.173436481676,4.80364507688551
660.007326087353,372.455425428822,3.15662254772744
102.295745649372,485.119242966125,4.36308318429277
625.128081184275,86.2490155589187,4.11231390795665
418.301131352119,256.641430770443,3.6504319898689
11.1644894621387,184.087114027839,3.27020353027563
80.3025767799399,120.708047532105,4.61823036176431
597.681380036991,196.644291510993,4.16047614432958
255.543272366701,223.854862845728,3.97342477370598
579.193428882844,437.119423826102,3.76562889878126
292.616975760583,139.099414589816,3.99515227879612
529.161944320861,461.862731309322,3.66359312775088
47.2811607783614,412.252254853617,3.81931453093068
207.355113098269,285.098892436448,4.15642678935477
543.192074989113,264.012687283947,3.74352436527009
176.454487784271,29.66619305125,4.03416162613197
501.579125514929,339.645374202297,4.69729367428059
34.1644883567148,54.2817192998764,3.74421466276077
508.672408692353,163.630543010279,4.47519887548624
NA,NA,NA
658.817333373401,332.822737949022,3.7261337682284
458.17834371645,299.625411501368,3.5420966992668
12.6198349329727,492.746032656363,3.47936297600329
558.694314600419,49.1797880214858,4.16041122308456
75.1294337951906,375.855766159606,3.96968286266496
227.003617840252,417.433184785055,3.91366784869165
427.093833153239,10.4728224349707,3.27797070405992
361.333356781311,292.565242771483,3.078642859209
605.386114413335,107.178036203387,4.13307056488748
392.310401094963,235.295121151299,4.2504783974296
572.872697058928,409.62145850822,4.70792094242491
140.7938122204,285.307055374751,4.55690229554254
199.243757761876,366.232353134744,4.05153563856338
124.809387764881,411.82513439903,3.43228066989894
629.327229710252,315.788033247232,4.53859446570994
3.07256882829492,150.878566396183,4.34940870931043
540.176521586165,206.111947406623,4.27633600289233
35.0874345993788,491.302323232484,2.94167810248681
276.371727131911,22.5798920736117,3.79815009588651
534.4801426975,390.461019985916,3.41329419835275
74.9458146979291,85.9871713170642,5.31101053914337
2.29450657207247,76.882590919922,3.38252677066133
590.797401337685,232.44722807437,3.92684855827603
441.52182341211,458.173436481676,4.80364507688551
660.007326087353,372.455425428822,3.15662254772744
102.295745649372,485.119242966125,4.36308318429277
625.128081184275,86.2490155589187,4.11231390795665
418.301131352119,256.641430770443,3.6504319898689
11.1644894621387,184.087114027839,3.27020353027563
80.3025767799399,120.708047532105,4.61823036176431
597.681380036991,196.644291510993,4.16047614432958
255.543272366701,223.854862845728,3.97342477370598
579.193428882844,437.119423826102,3.76562889878126
292.616975760583,139.099414589816,3.99515227879612
529.161944320861,461.862731309322,3.66359312775088
47.2811607783614,412.252254853617,3.81931453093068
207.355113098269,285.098892436448,4.15642678935477
543.192074989113,264.012687283947,3.74352436527009
176.454487784271,29.66619305125,4.03416162613197
501.579125514929,339.645374202297,4.69729367428059
34.1644883567148,54.2817192998764,3.74421466276077
508.672408692353,163.630543010279,4.47519887548624
NA,NA,NA
658.817333373401,332.822737949022,3.7261337682284
458.17834371645,299.625411501368,3.5420966992668
12.6198349329727,492.746032656363,3.47936297600329
558.694314600419,49.1797880214858,4.16041122308456
75.1294337951906,375.855766159606,3.96968286266496
227.003617840252,417.433184785055,3.91366784869165
427.093833153239,10.4728224349707,3.27797070405992
361.333356781311,292.565242771483,3.078642859209
605.386114413335,107.178036203387,4.13307056488748
392.310401094963,235.295121151299,4.2504783974296
572.872697058928,409.62145850822,4.70792094242491
140.7938122204,285.307055374751,4.55690229554254
199.243757761876,366.232353134744,4.05153563856338
124.809387764881,411.82513439903,3.43228066989894
629.327229710252,315.788033247232,4.53859446570994
3.07256882829492,150.878566396183,4.34940870931043
540.176521586165,206.111947406623,4.27633600289233
35.0874345993788,491.302323232484,2.94167810248681
276.371727131911,22.5798920736117,3.79815009588651
534.4801426975,390.461019985916,3.41329419835275
74.9458146979291,85.9871713170642,5.31101053914337
2.29450657207247,76.882590919922,3.38252677066133
590.797401337685,232.44722807437,3.92684855827603
441.52182341211,458.173436481676,4.80364507688551
660.007326087353,372.455425428822,3.15662254772744
102.295745649372,485.119242966125,4.36308318429277
625.128081184275,86.2490155589187,4.11231390795665
418.301131352119,256.641430770443,3.6504319898689
11.1644894621387,184.087114027839,3.27020353027563
80.3025767799399,120.708047532105,4.61823036176431
597.681380036991,196.644291510993,4.16047614432958
255.543272366701,223.854862845728,3.97342477370598
579.193428882844,437.119423826102,3.76562889878126
292.616975760583,139.099414589816,3.99515227879612
529.161944320861,461.862731309322,3.66359312775088
47.2811607783614,412.252254853617,3.81931453093068
207.355113098269,285.098892436448,4.15642678935477
543.192074989113,264.012687283947,3.74352436527009
176.454487784271,29.66619305125,4.03416162613197
501.579125514929,339.645374202297,4.69729367428059
34.1644883567148,54.2817192998764,3.74421466276077
508.672408692353,163.630543010279,4.47519887548624
NA,NA,NA
666.741515628777,333.211215466944,3.62248576674392
456.069605690553,295.849366159342,3.55801503964775
10.2644751528546,494.164561149478,3.55634796337294
560.478853849936,50.5460132516069,4.09713122086557
70.5055762455635,378.166482824162,3.89094693902187
223.624205532874,418.911246141423,3.91484246950265
430.240491709855,15.4471788686489,3.43787822915183
361.57978042094,289.177658029222,3.01844698497018
602.389870628863,100.628283313176,4.2539459380637
390.836848386267,229.029435360959,4.2286773068196
570.948227804815,400.111165696494,4.76911150471307
137.398931441037,281.095394064766,4.34577901344345
200.017618991179,365.826492505178,4.03713408805055
124.209397188848,412.078286752324,3.44556583292931
624.887639281563,316.336941424754,4.59050998528346
1.99841455576599,149.458901744545,4.28085597903456
539.634894035795,204.557775075699,4.22689486854234
34.9704197093281,491.721879106623,3.0859433782326
282.093776402916,24.049143725597,3.95959425528867
533.595778977735,394.878439626028,3.3948470891923
72.4706808313037,77.7788525730252,5.21843466382233
1.96346652770454,75.3742512786136,3.44926709197657
586.79980380401,226.343757788504,4.03781348669466
441.651484317399,464.727161353528,4.83147859063493
659.04676912281,375.186881093904,3.05323660700686
104.020691192907,485.409508789067,4.35838931947922
626.947717826247,89.1795903162282,4.09487115253325
421.072772235112,257.858755642733,3.73318932035185
12.4979127575326,181.398898922436,3.20615124965891
55.8896704306366,120.027777996501,4.50217365631472
600.336352084352,214.061486658538,4.25329642393456
258.560138425613,220.066605026027,3.92945380854438
576.367396672151,436.016735249807,3.83887579829686
300.680111920037,137.918501704152,3.96163738363848
533.322851162271,459.708075516982,3.37199933846886
48.9581195236288,414.271385690242,3.95556258024933
197.621330696155,287.281460256712,3.99034223901845
564.451992566803,263.98060483231,4.03029305436279
177.964781337464,18.1261184649012,4.43801674107846
511.913620372058,340.804263744915,4.50700257041572
48.990802724824,55.2501479802784,3.34014307136518
537.823012957052,161.959546249715,4.58807481938021
NA,NA,NA
666.741515628777,333.211215466944,3.62248576674392
456.069605690553,295.849366159342,3.55801503964775
10.2644751528546,494.164561149478,3.55634796337294
560.478853849936,50.5460132516069,4.09713122086557
70.5055762455635,378.166482824162,3.89094693902187
223.624205532874,418.911246141423,3.91484246950265
430.240491709855,15.4471788686489,3.43787822915183
361.57978042094,289.177658029222,3.01844698497018
602.389870628863,100.628283313176,4.2539459380637
390.836848386267,229.029435360959,4.2286773068196
570.948227804815,400.111165696494,4.76911150471307
137.398931441037,281.095394064766,4.34577901344345
200.017618991179,365.826492505178,4.03713408805055
124.209397188848,412.078286752324,3.44556583292931
624.887639281563,316.336941424754,4.59050998528346
1.99841455576599,149.458901744545,4.28085597903456
539.634894035795,204.557775075699,4.22689486854234
34.9704197093281,491.721879106623,3.0859433782326
282.093776402916,24.049143725597,3.95959425528867
533.595778977735,394.878439626028,3.3948470891923
72.4706808313037,77.7788525730252,5.21843466382233
1.96346652770454,75.3742512786136,3.44926709197657
586.79980380401,226.343757788504,4.03781348669466
441.651484317399,464.727161353528,4.83147859063493
659.04676912281,375.186881093904,3.05323660700686
104.020691192907,485.409508789067,4.35838931947922
626.947717826247,89.1795903162282,4.09487115253325
421.072772235112,257.858755642733,3.73318932035185
12.4979127575326,181.398898922436,3.20615124965891
55.8896704306366,120.027777996501,4.50217365631472
600.336352084352,214.061486658538,4.25329642393456
258.560138425613,220.066605026027,3.92945380854438
576.367396672151,436.016735249807,3.83887579829686
300.680111920037,137.918501704152,3.96163738363848
533.322851162271,459.708075516982,3.37199933846886
48.9581195236288,414.271385690242,3.95556258024933
197.621330696155,287.281460256712,3.99034223901845
564.451992566803,263.98060483231,4.03029305436279
177.964781337464,18.1261184649012,4.43801674107846
511.913620372058,340.804263744915,4.50700257041572
48.990802724824,55.2501479802784,3.34014307136518
537.823012957052,161.959546249715,4.58807481938021
NA,NA,NA
666.741515628777,333.211215466944,3.62248576674392
456.069605690553,295.849366159342,3.55801503964775
10.2644751528546,494.164561149478,3.55634796337294
560.478853849936,50.5460132516069,4.09713122086557
70.5055762455635,378.166482824162,3.89094693902187
223.624205532874,418.911246141423,3.91484246950265
430.240491709855,15.4471788686489,3.43787822915183
361.57978042094,289.177658029222,3.01844698497018
602.389870628863,100.628283313176,4.2539459380637
390.836848386267,229.029435360959,4.2286773068196
570.948227804815,400.111165696494,4.76911150471307
137.398931441037,281.095394064766,4.34577901344345
200.017618991179,365.826492505178,4.03713408805055
124.209397188848,412.078286752324,3.44556583292931
624.887639281563,316.336941424754,4.59050998528346
1.99841455576599,149.458901744545,4.28085597903456
539.634894035795,204.557775075699,4.22689486854234
34.9704197093281,491.721879106623,3.0859433782326
282.093776402916,24.049143725597,3.95959425528867
533.595778977735,394.878439626028,3.3948470891923
72.4706808313037,77.7788525730252,5.21843466382233
1.96346652770454,75.3742512786136,3.44926709197657
586.79980380401,226.343757788504,4.03781348669466
441.651484317399,464.727161353528,4.83147859063493
659.04676912281,375.186881093904,3.05323660700686
104.020691192907,485.409508789067,4.35838931947922
626.947717826247,89.1795903162282,4.09487115253325
421.072772235112,257.858755642733,3.73318932035185
12.4979127575326,181.398898922436,3.20615124965891
55.8896704306366,120.027777996501,4.50217365631472
600.336352084352,214.061486658538,4.25329642393456
258.560138425613,220.066605026027,3.92945380854438
576.367396672151,436.016735249807,3.83887579829686
300.680111920037,137.918501704152,3.96163738363848
533.322851162271,459.708075516982,3.37199933846886
48.9581195236288,414.271385690242,3.95556258024933
197.621330696155,287.281460256712,3.99034223901845
564.451992566803,263.98060483231,4.03029305436279
177.964781337464,18.1261184649012,4.43801674107846
511.913620372058,340.804263744915,4.50700257041572
48.990802724824,55.2501479802784,3.34014307136518
537.823012957052,161.959546249715,4.58807481938021
NA,NA,NA
666.741515628777,333.211215466944,3.62248576674392
456.069605690553,295.849366159342,3.55801503964775
10.2644751528546,494.164561149478,3.55634796337294
560.478853849936,50.5460132516069,4.09713122086557
70.5055762455635,378.166482824162,3.89094693902187
223.624205532874,418.911246141423,3.91484246950265
430.240491709855,15.4471788686489,3.43787822915183
361.57978042094,289.177658029222,3.01844698497018
602.389870628863,100.628283313176,4.2539459380637
390.836848386267,229.029435360959,4.2286773068196
570.948227804815,400.111165696494,4.76911150471307
137.398931441037,281.095394064766,4.34577901344345
200.017618991179,365.826492505178,4.03713408805055
124.209397188848,412.078286752324,3.44556583292931
624.887639281563,316.336941424754,4.59050998528346
1.99841455576599,149.458901744545,4.28085597903456
539.634894035795,204.557775075699,4.22689486854234
34.9704197093281,491.721879106623,3.0859433782326
282.093776402916,24.049143725597,3.95959425528867
533.595778977735,394.878439626028,3.3948470891923
72.4706808313037,77.7788525730252,5.21843466382233
1.96346652770454,75.3742512786136,3.44926709197657
586.79980380401,226.343757788504,4.03781348669466
441.651484317399,464.727161353528,4.83147859063493
659.04676912281,375.186881093904,3.05323660700686
104.020691192907,485.409508789067,4.35838931947922
626.947717826247,89.1795903162282,4.09487115253325
421.072772235112,257.858755642733,3.73318932035185
12.4979127575326,181.398898922436,3.20615124965891
55.8896704306366,120.027777996501,4.50217365631472
600.336352084352,214.061486658538,4.25329642393456
258.560138425613,220.066605026027,3.92945380854438
576.367396672151,436.016735249807,3.83887579829686
300.680111920037,137.918501704152,3.96163738363848
533.322851162271,459.708075516982,3.37199933846886
48.9581195236288,414.271385690242,3.95556258024933
197.621330696155,287.281460256712,3.99034223901845
564.451992566803,263.98060483231,4.03029305436279
177.964781337464,18.1261184649012,4.43801674107846
511.913620372058,340.804263744915,4.50700257041572
48.990802724824,55.2501479802784,3.34014307136518
537.823012957052,161.959546249715,4.58807481938021
NA,NA,NA
666.741515628777,333.211215466944,3.62248576674392
456.069605690553,295.849366159342,3.55801503964775
10.2644751528546,494.164561149478,3.55634796337294
560.478853849936,50.5460132516069,4.09713122086557
70.5055762455635,378.166482824162,3.89094693902187
223.624205532874,418.911246141423,3.91484246950265
430.240491709855,15.4471788686489,3.43787822915183
361.57978042094,289.177658029222,3.01844698497018
602.389870628863,100.628283313176,4.2539459380637
390.836848386267,229.029435360959,4.2286773068196
570.948227804815,400.111165696494,4.76911150471307
137.398931441037,281.095394064766,4.34577901344345
200.017618991179,365.826492505178,4.03713408805055
124.209397188848,412.078286752324,3.44556583292931
624.887639281563,316.336941424754,4.59050998528346
1.99841455576599,149.458901744545,4.28085597903456
539.634894035795,204.557775075699,4.22689486854234
34.9704197093281,491.721879106623,3.0859433782326
282.093776402916,24.049143725597,3.95959425528867
533.595778977735,394.878439626028,3.3948470891923
72.4706808313037,77.7788525730252,5.21843466382233
1.96346652770454,75.3742512786136,3.44926709197657
586.79980380401,226.343757788504,4.03781348669466
441.651484317399,464.727161353528,4.83147859063493
659.04676912281,375.186881093904,3.05323660700686
104.020691192907,485.409508789067,4.35838931947922
626.947717826247,89.1795903162282,4.09487115253325
421.072772235112,257.858755642733,3.73318932035185
12.4979127575326,181.398898922436,3.20615124965891
55.8896704306366,120.027777996501,4.50217365631472
600.336352084352,214.061486658538,4.25329642393456
258.560138425613,220.066605026027,3.92945380854438
576.367396672151,436.016735249807,3.83887579829686
300.680111920037,137.918501704152,3.96163738363848
533.322851162271,459.708075516982,3.37199933846886
48.9581195236288,414.271385690242,3.95556258024933
197.621330696155,287.281460256712,3.99034223901845
564.451992566803,263.98060483231,4.03029305436279
177.964781337464,18.1261184649012,4.43801674107846
511.913620372058,340.804263744915,4.50700257041572
48.990802724824,55.2501479802784,3.34014307136518
537.823012957052,161.959546249715,4.58807481938021
NA,NA,NA
666.741515628777,333.211215466944,3.62248576674392
456.069605690553,295.849366159342,3.55801503964775
10.2644751528546,494.164561149478,3.55634796337294
560.478853849936,50.5460132516069,4.09713122086557
70.5055762455635,378.166482824162,3.89094693902187
223.624205532874,418.911246141423,3.91484246950265
430.240491709855,15.4471788686489,3.43787822915183
361.57978042094,289.177658029222,3.01844698497018
602.389870628863,100.628283313176,4.2539459380637
390.836848386267,229.029435360959,4.2286773068196
570.948227804815,400.111165696494,4.76911150471307
137.398931441037,281.095394064766,4.34577901344345
200.017618991179,365.826492505178,4.03713408805055
124.209397188848,412.078286752324,3.44556583292931
624.887639281563,316.336941424754,4.59050998528346
1.99841455576599,149.458901744545,4.28085597903456
539.634894035795,204.557775075699,4.22689486854234
34.9704197093281,491.721879106623,3.0859433782326
282.093776402916,24.049143725597,3.95959425528867
533.595778977735,394.878439626028,3.3948470891923
72.4706808313037,77.7788525730252,5.21843466382233
1.96346652770454,75.3742512786136,3.44926709197657
586.79980380401,226.343757788504,4.03781348669466
441.651484317399,464.727161353528,4.83147859063493
659.04676912281,375.186881093904,3.05323660700686
104.020691192907,485.409508789067,4.35838931947922
626.947717826247,89.1795903162282,4.09487115253325
421.072772235112,257.858755642733,3.73318932035185
12.4979127575326,181.398898922436,3.20615124965891
55.8896704306366,120.027777996501,4.50217365631472
600.336352084352,214.061486658538,4.25329642393456
258.560138425613,220.066605026027,3.92945380854438
576.367396672151,436.016735249807,3.83887579829686
300.680111920037,137.918501704152,3.96163738363848
533.322851162271,459.708075516982,3.37199933846886
48.9581195236288,414.271385690242,3.95556258024933
197.621330696155,287.281460256712,3.99034223901845
564.451992566803,263.98060483231,4.03029305436279
177.964781337464,18.1261184649012,4.43801674107846
511.913620372058,340.804263744915,4.50700257041572
48.990802724824,55.2501479802784,3.34014307136518
537.823012957052,161.959546249715,4.58807481938021
NA,NA,NA
663.245142678502,333.63511037662,3.6307649642522
452.085281804442,298.684885000576,3.72765269692766
12.0752789159746,496.993907837528,3.54851117797838
562.713915345579,53.4559164677267,4.1113446678651
75.6042959700403,377.80097963984,4.00189097349242
226.626185835914,413.552575884537,3.89098823712029
431.574135218905,14.2858066050549,3.26313606862845
362.31022335225,292.729141141773,3.03763715946172
604.309268502188,102.391254421663,4.34361343290097
392.379228653658,228.743833795726,4.21849041160106
570.103020613233,411.739399875113,4.69811230003724
145.643285196686,276.08867136225,4.55063325161782
198.634777018177,372.412917479417,3.95236265058685
122.906391009843,410.350251599911,3.27303972672242
628.2558094684,310.975425818798,4.51524210701535
2.45740367135187,145.271734255519,4.29312696659377
542.694804147251,200.893913484953,4.02625485219747
34.3308062319025,494.453752297123,3.14225644434023
276.571308458704,23.4755016087229,3.75857265358183
532.115465303985,394.786187007794,3.31358733198054
69.6135191997111,73.0051141346749,5.26100702900509
1.31878950208502,78.1277882962102,3.65697253638596
590.337536119311,226.201584042112,4.07330070439108
438.992827881427,460.386678334808,4.74239900198219
659.529926002454,372.437434604351,3.18888643178699
105.124073069544,487.811715513277,4.38646944892975
626.251847715412,89.903116186786,4.10677434052934
418.655154559872,260.83602011377,3.55042247848823
11.8607277381235,181.35942223096,3.15326758783776
58.6023710717645,115.706635946042,4.67777908386796
606.441164537642,203.261065947042,4.01213667538248
254.924349333932,211.160957903077,3.69527809631119
566.757395043031,433.396446509765,3.6492500518316
300.936046427616,134.365676442113,4.02847852256681
525.567981564532,455.94600340574,3.40338977295462
42.8924687927502,426.38676970954,4.05132620163797
197.909008999445,295.696242017036,3.9262078285098
554.76990351287,253.584367491148,3.77361079149185
160.042711613491,22.9248895654097,4.52907629113624
495.653562741994,344.838118863436,4.66026445254119
44.0880801353784,56.2453847198343,3.61838157131785
537.37945164772,150.147089048396,4.09923510294437
NA,NA,NA
663.245142678502,333.63511037662,3.6307649642522
452.085281804442,298.684885000576,3.72765269692766
12.0752789159746,496.993907837528,3.54851117797838
562.713915345579,53.4559164677267,4.1113446678651
75.6042959700403,377.80097963984,4.00189097349242
226.626185835914,413.552575884537,3.89098823712029
431.574135218905,14.2858066050549,3.26313606862845
362.31022335225,292.729141141773,3.03763715946172
604.309268502188,102.391254421663,4.34361343290097
392.379228653658,228.743833795726,4.21849041160106
570.103020613233,411.739399875113,4.69811230003724
145.643285196686,276.08867136225,4.55063325161782
198.634777018177,372.412917479417,3.95236265058685
122.906391009843,410.350251599911,3.27303972672242
628.2558094684,310.975425818798,4.51524210701535
2.45740367135187,145.271734255519,4.29312696659377
542.694804147251,200.893913484953,4.02625485219747
34.3308062319025,494.453752297123,3.14225644434023
276.571308458704,23.4755016087229,3.75857265358183
532.115465303985,394.786187007794,3.31358733198054
69.6135191997111,73.0051141346749,5.26100702900509
1.31878950208502,78.1277882962102,3.65697253638596
590.337536119311,226.201584042112,4.07330070439108
438.992827881427,460.386678334808,4.74239900198219
659.529926002454,372.437434604351,3.18888643178699
105.124073069544,487.811715513277,4.38646944892975
626.251847715412,89.903116186786,4.10677434052934
418.655154559872,260.83602011377,3.55042247848823
11.8607277381235,181.35942223096,3.15326758783776
58.6023710717645,115.706635946042,4.67777908386796
606.441164537642,203.261065947042,4.01213667538248
254.924349333932,211.160957903077,3.69527809631119
566.757395043031,433.396446509765,3.6492500518316
300.936046427616,134.365676442113,4.02847852256681
525.567981564532,455.94600340574,3.40338977295462
42.8924687927502,426.38676970954,4.05132620163797
197.909008999445,295.696242017036,3.9262078285098
554.76990351287,253.584367491148,3.77361079149185
160.042711613491,22.9248895654097,4.52907629113624
495.653562741994,344.838118863436,4.66026445254119
44.0880801353784,56.2453847198343,3.61838157131785
537.37945164772,150.147089048396,4.09923510294437
NA,NA,NA
663.245142678502,333.63511037662,3.6307649642522
452.085281804442,298.684885000576,3.72765269692766
12.0752789159746,496.993907837528,3.54851117797838
562.713915345579,53.4559164677267,4.1113446678651
75.6042959700403,377.80097963984,4.00189097349242
226.626185835914,413.552575884537,3.89098823712029
431.574135218905,14.2858066050549,3.26313606862845
362.31022335225,292.729141141773,3.03763715946172
604.309268502188,102.391254421663,4.34361343290097
392.379228653658,228.743833795726,4.21849041160106
570.103020613233,411.739399875113,4.69811230003724
145.643285196686,276.08867136225,4.55063325161782
198.634777018177,372.412917479417,3.95236265058685
122.906391009843,410.350251599911,3.27303972672242
628.2558094684,310.975425818798,4.51524210701535
2.45740367135187,145.271734255519,4.29312696659377
542.694804147251,200.893913484953,4.02625485219747
34.3308062319025,494.453752297123,3.14225644434023
276.571308458704,23.4755016087229,3.75857265358183
532.115465303985,394.786187007794,3.31358733198054
69.6135191997111,73.0051141346749,5.26100702900509
1.31878950208502,78.1277882962102,3.65697253638596
590.337536119311,226.201584042112,4.07330070439108
438.992827881427,460.386678334808,4.74239900198219
659.529926002454,372.437434604351,3.18888643178699
105.124073069544,487.811715513277,4.38646944892975
626.251847715412,89.903116186786,4.10677434052934
418.655154559872,260.83602011377,3.55042247848823
11.8607277381235,181.35942223096,3.15326758783776
58.6023710717645,115.706635946042,4.67777908386796
606.441164537642,203.261065947042,4.01213667538248
254.924349333932,211.160957903077,3.69527809631119
566.757395043031,433.396446509765,3.6492500518316
300.936046427616,134.365676442113,4.02847852256681
525.567981564532,455.94600340574,3.40338977295462
42.8924687927502,426.38676970954,4.05132620163797
197.909008999445,295.696242017036,3.9262078285098
554.76990351287,253.584367491148,3.77361079149185
160.042711613491,22.9248895654097,4.52907629113624
495.653562741994,344.838118863436,4.66026445254119
44.0880801353784,56.2453847198343,3.61838157131785
537.37945164772,150.147089048396,4.09923510294437
NA,NA,NA
663.245142678502,333.63511037662,3.6307649642522
452.085281804442,298.684885000576,3.72765269692766
12.0752789159746,496.993907837528,3.54851117797838
562.713915345579,53.4559164677267,4.1113446678651
75.6042959700403,377.80097963984,4.00189097349242
226.626185835914,413.552575884537,3.89098823712029
431.574135218905,14.2858066050549,3.26313606862845
362.31022335225,292.729141141773,3.03763715946172
604.309268502188,102.391254421663,4.34361343290097
392.379228653658,228.743833795726,4.21849041160106
570.103020613233,411.739399875113,4.69811230003724
145.643285196686,276.08867136225,4.55063325161782
198.634777018177,372.412917479417,3.95236265058685
122.906391009843,410.350251599911,3.27303972672242
628.2558094684,310.975425818798,4.51524210701535
2.45740367135187,145.271734255519,4.29312696659377
542.694804147251,200.893913484953,4.02625485219747
34.3308062319025,494.453752297123,3.14225644434023
276.571308458704,23.4755016087229,3.75857265358183
532.115465303985,394.786187007794,3.31358733198054
69.6135191997111,73.0051141346749,5.26100702900509
1.31878950208502,78.1277882962102,3.65697253638596
590.337536119311,226.201584042112,4.07330070439108
438.992827881427,460.386678334808,4.74239900198219
659.529926002454,372.437434604351,3.18888643178699
105.124073069544,487.811715513277,4.38646944892975
626.251847715412,89.903116186786,4.10677434052934
418.655154559872,260.83602011377,3.55042247848823
11.8607277381235,181.35942223096,3.15326758783776
58.6023710717645,115.706635946042,4.67777908386796
606.441164537642,203.261065947042,4.01213667538248
254.924349333932,211.160957903077,3.69527809631119
566.757395043031,433.396446509765,3.6492500518316
300.936046427616,134.365676442113,4.02847852256681
525.567981564532,455.94600340574,3.40338977295462
42.8924687927502,426.38676970954,4.05132620163797
197.909008999445,295.696242017036,3.9262078285098
554.76990351287,253.584367491148,3.77361079149185
160.042711613491,22.9248895654097,4.52907629113624
495.653562741994,344.838118863436,4.66026445254119
44.0880801353784,56.2453847198343,3.61838157131785
537.37945164772,150.147089048396,4.09923510294437
NA,NA,NA
663.245142678502,333.63511037662,3.6307649642522
452.085281804442,298.684885000576,3.72765269692766
12.0752789159746,496.993907837528,3.54851117797838
562.713915345579,53.4559164677267,4.1113446678651
75.6042959700403,377.80097963984,4.00189097349242
226.626185835914,413.552575884537,3.89098823712029
431.574135218905,14.2858066050549,3.26313606862845
362.31022335225,292.729141141773,3.03763715946172
604.309268502188,102.391254421663,4.34361343290097
392.379228653658,228.743833795726,4.21849041160106
570.103020613233,411.739399875113,4.69811230003724
145.643285196686,276.08867136225,4.55063325161782
198.634777018177,372.412917479417,3.95236265058685
122.906391009843,410.350251599911,3.27303972672242
628.2558094684,310.975425818798,4.51524210701535
2.45740367135187,145.271734255519,4.29312696659377
542.694804147251,200.893913484953,4.02625485219747
34.3308062319025,494.453752297123,3.14225644434023
276.571308458704,23.4755016087229,3.75857265358183
532.115465303985,394.786187007794,3.31358733198054
69.6135191997111,73.0051141346749,5.26100702900509
1.31878950208502,78.1277882962102,3.65697253638596
590.337536119311,226.201584042112,4.07330070439108
438.992827881427,460.386678334808,4.74239900198219
659.529926002454,372.437434604351,3.18888643178699
105.124073069544,487.811715513277,4.38646944892975
626.251847715412,89.903116186786,4.10677434052934
418.655154559872,260.83602011377,3.55042247848823
11.8607277381235,181.35942223096,3.15326758783776
58.6023710717645,115.706635946042,4.67777908386796
606.441164537642,203.261065947042,4.01213667538248
254.924349333932,211.160957903077,3.69527809631119
566.757395043031,433.396446509765,3.6492500518316
300.936046427616,134.365676442113,4.02847852256681
525.567981564532,455.94600340574,3.40338977295462
42.8924687927502,426.38676970954,4.05132620163797
197.909008999445,295.696242017036,3.9262078285098
554.76990351287,253.584367491148,3.77361079149185
160.042711613491,22.9248895654097,4.52907629113624
495.653562741994,344.838118863436,4.66026445254119
44.0880801353784,56.2453847198343,3.61838157131785
537.37945164772,150.147089048396,4.09923510294437
NA,NA,NA
663.245142678502,333.63511037662,3.6307649642522
452.085281804442,298.684885000576,3.72765269692766
12.0752789159746,496.993907837528,3.54851117797838
562.713915345579,53.4559164677267,4.1113446678651
75.6042959700403,377.80097963984,4.00189097349242
226.626185835914,413.552575884537,3.89098823712029
431.574135218905,14.2858066050549,3.26313606862845
362.31022335225,292.729141141773,3.03763715946172
604.309268502188,102.391254421663,4.34361343290097
392.379228653658,228.743833795726,4.21849041160106
570.103020613233,411.739399875113,4.69811230003724
145.643285196686,276.08867136225,4.55063325161782
198.634777018177,372.412917479417,3.95236265058685
122.906391009843,410.350251599911,3.27303972672242
628.2558094684,310.975425818798,4.51524210701535
2.45740367135187,145.271734255519,4.29312696659377
542.694804147251,200.893913484953,4.02625485219747
34.3308062319025,494.453752297123,3.14225644434023
276.571308458704,23.4755016087229,3.75857265358183
532.115465303985,394.786187007794,3.31358733198054
69.6135191997111,73.0051141346749,5.26100702900509
1.31878950208502,78.1277882962102,3.65697253638596
590.337536119311,226.201584042112,4.07330070439108
438.992827881427,460.386678334808,4.74239900198219
659.529926002454,372.437434604351,3.18888643178699
105.124073069544,487.811715513277,4.38646944892975
626.251847715412,89.903116186786,4.10677434052934
418.655154559872,260.83602011377,3.55042247848823
11.8607277381235,181.35942223096,3.15326758783776
58.6023710717645,115.706635946042,4.67777908386796
606.441164537642,203.261065947042,4.01213667538248
254.924349333932,211.160957903077,3.69527809631119
566.757395043031,433.396446509765,3.6492500518316
300.936046427616,134.365676442113,4.02847852256681
525.567981564532,455.94600340574,3.40338977295462
42.8924687927502,426.38676970954,4.05132620163797
197.909008999445,295.696242017036,3.9262078285098
554.76990351287,253.584367491148,3.77361079149185
160.042711613491,22.9248895654097,4.52907629113624
495.653562741994,344.838118863436,4.66026445254119
44.0880801353784,56.2453847198343,3.61838157131785
537.37945164772,150.147089048396,4.09923510294437
NA,NA,NA
662.622739170768,334.967602538268,3.60668194596329
456.883675268896,298.324118077217,3.71044254544186
6.37691923362994,495.743624211487,3.47632050778113
559.997760200968,50.7113498697489,4.30718885942108
70.1719207667702,376.660969821692,3.89501148786332
226.683224181432,412.848539976105,4.01684607305786
429.903208363869,12.684386713946,3.35029905957366
362.687974975222,292.598597648349,3.07342530280308
603.865986662715,106.092308124349,4.25631663577652
390.494941509522,231.367458072533,4.28050733567439
568.661853306473,411.900169017904,4.75200960460925
132.824736059103,284.720508486162,4.35561793883216
197.671750733015,373.307509347597,3.99688282866048
120.76775884202,415.365518522091,3.46784550332381
629.303429657995,310.107527971379,4.50019853848009
2.2556475718608,149.664351923053,4.24347102964533
541.065717555141,205.253676236484,4.14311821695002
34.4393615981843,489.676831310891,2.99704009595705
280.651963813933,22.066428648522,3.98124442852446
534.185950520397,391.483191411718,3.35224603982387
83.6506206426176,70.442135276672,5.17145048660008
5.28802091756756,74.6007867482607,3.47836601329835
586.351499832502,226.506434830963,3.97827047594096
437.81793585742,461.519746601814,4.77364327499349
660.573774954882,370.801670299635,2.99415245637238
102.680828759899,489.235480819801,4.46287771062685
620.890934508644,92.7401382811163,4.03588870048232
417.373538664055,260.485035687905,3.70308175202904
14.489680223543,183.775006519123,2.91645487399445
53.6573570234602,122.578060843336,4.42020375138704
596.197735137432,197.392272307117,4.1807002078835
264.822383787924,211.846101052314,3.56420233875024
567.923822206731,430.729179560574,3.85449294326281
301.429823386498,135.423431684507,3.93852301331796
527.124640770121,458.096427905463,3.70756218721672
42.9291053081889,417.943224483409,3.91496722296743
202.753510572699,272.434275207367,4.08513684556705
554.925052251077,262.654988319221,3.91591349183434
179.638061730893,40.0919494486383,4.58543590896331
499.968127114507,335.094320898229,4.66491621599739
42.3385660476662,46.037805496697,4.19625765273459
523.727825076465,151.876129829545,4.2822913589183
NA,NA,NA
662.622739170768,334.967602538268,3.60668194596329
456.883675268896,298.324118077217,3.71044254544186
6.37691923362994,495.743624211487,3.47632050778113
559.997760200968,50.7113498697489,4.30718885942108
70.1719207667702,376.660969821692,3.89501148786332
226.683224181432,412.848539976105,4.01684607305786
429.903208363869,12.684386713946,3.35029905957366
362.687974975222,292.598597648349,3.07342530280308
603.865986662715,106.092308124349,4.25631663577652
390.494941509522,231.367458072533,4.28050733567439
568.661853306473,411.900169017904,4.75200960460925
132.824736059103,284.720508486162,4.35561793883216
197.671750733015,373.307509347597,3.99688282866048
120.76775884202,415.365518522091,3.46784550332381
629.303429657995,310.107527971379,4.50019853848009
2.2556475718608,149.664351923053,4.24347102964533
541.065717555141,205.253676236484,4.14311821695002
34.4393615981843,489.676831310891,2.99704009595705
280.651963813933,22.066428648522,3.98124442852446
534.185950520397,391.483191411718,3.35224603982387
83.6506206426176,70.442135276672,5.17145048660008
5.28802091756756,74.6007867482607,3.47836601329835
586.351499832502,226.506434830963,3.97827047594096
437.81793585742,461.519746601814,4.77364327499349
660.573774954882,370.801670299635,2.99415245637238
102.680828759899,489.235480819801,4.46287771062685
620.890934508644,92.7401382811163,4.03588870048232
417.373538664055,260.485035687905,3.70308175202904
14.489680223543,183.775006519123,2.91645487399445
53.6573570234602,122.578060843336,4.42020375138704
596.197735137432,197.392272307117,4.1807002078835
264.822383787924,211.846101052314,3.56420233875024
567.923822206731,430.729179560574,3.85449294326281
301.429823386498,135.423431684507,3.93852301331796
527.124640770121,458.096427905463,3.70756218721672
42.9291053081889,417.943224483409,3.91496722296743
202.753510572699,272.434275207367,4.08513684556705
554.925052251077,262.654988319221,3.91591349183434
179.638061730893,40.0919494486383,4.58543590896331
499.968127114507,335.094320898229,4.66491621599739
42.3385660476662,46.037805496697,4.19625765273459
523.727825076465,151.876129829545,4.2822913589183
NA,NA,NA
662.622739170768,334.967602538268,3.60668194596329
456.883675268896,298.324118077217,3.71044254544186
6.37691923362994,495.743624211487,3.47632050778113
559.997760200968,50.7113498697489,4.30718885942108
70.1719207667702,376.660969821692,3.89501148786332
226.683224181432,412.848539976105,4.01684607305786
429.903208363869,12.684386713946,3.35029905957366
362.687974975222,292.598597648349,3.07342530280308
603.865986662715,106.092308124349,4.25631663577652
390.494941509522,231.367458072533,4.28050733567439
568.661853306473,411.900169017904,4.75200960460925
132.824736059103,284.720508486162,4.35561793883216
197.671750733015,373.307509347597,3.99688282866048
120.76775884202,415.365518522091,3.46784550332381
629.303429657995,310.107527971379,4.50019853848009
2.2556475718608,149.664351923053,4.24347102964533
541.065717555141,205.253676236484,4.14311821695002
34.4393615981843,489.676831310891,2.99704009595705
280.651963813933,22.066428648522,3.98124442852446
534.185950520397,391.483191411718,3.35224603982387
83.6506206426176,70.442135276672,5.17145048660008
5.28802091756756,74.6007867482607,3.47836601329835
586.351499832502,226.506434830963,3.97827047594096
437.81793585742,461.519746601814,4.77364327499349
660.573774954882,370.801670299635,2.99415245637238
102.680828759899,489.235480819801,4.46287771062685
620.890934508644,92.7401382811163,4.03588870048232
417.373538664055,260.485035687905,3.70308175202904
14.489680223543,183.775006519123,2.91645487399445
53.6573570234602,122.578060843336,4.42020375138704
596.197735137432,197.392272307117,4.1807002078835
264.822383787924,211.846101052314,3.56420233875024
567.923822206731,430.729179560574,3.85449294326281
301.429823386498,135.423431684507,3.93852301331796
527.124640770121,458.096427905463,3.70756218721672
42.9291053081889,417.943224483409,3.91496722296743
202.753510572699,272.434275207367,4.08513684556705
554.925052251077,262.654988319221,3.91591349183434
179.638061730893,40.0919494486383,4.58543590896331
499.968127114507,335.094320898229,4.66491621599739
42.3385660476662,46.037805496697,4.19625765273459
523.727825076465,151.876129829545,4.2822913589183
NA,NA,NA
662.622739170768,334.967602538268,3.60668194596329
456.883675268896,298.324118077217,3.71044254544186
6.37691923362994,495.743624211487,3.47632050778113
559.997760200968,50.7113498697489,4.30718885942108
70.1719207667702,376.660969821692,3.89501148786332
226.683224181432,412.848539976105,4.01684607305786
429.903208363869,12.684386713946,3.35029905957366
362.687974975222,292.598597648349,3.07342530280308
603.865986662715,106.092308124349,4.25631663577652
390.494941509522,231.367458072533,4.28050733567439
568.661853306473,411.900169017904,4.75200960460925
132.824736059103,284.720508486162,4.35561793883216
197.671750733015,373.307509347597,3.99688282866048
120.76775884202,415.365518522091,3.46784550332381
629.303429657995,310.107527971379,4.50019853848009
2.2556475718608,149.664351923053,4.24347102964533
541.065717555141,205.253676236484,4.14311821695002
34.4393615981843,489.676831310891,2.99704009595705
280.651963813933,22.066428648522,3.98124442852446
534.185950520397,391.483191411718,3.35224603982387
83.6506206426176,70.442135276672,5.17145048660008
5.28802091756756,74.6007867482607,3.47836601329835
586.351499832502,226.506434830963,3.97827047594096
437.81793585742,461.519746601814,4.77364327499349
660.573774954882,370.801670299635,2.99415245637238
102.680828759899,489.235480819801,4.46287771062685
620.890934508644,92.7401382811163,4.03588870048232
417.373538664055,260.485035687905,3.70308175202904
14.489680223543,183.775006519123,2.91645487399445
53.6573570234602,122.578060843336,4.42020375138704
596.197735137432,197.392272307117,4.1807002078835
264.822383787924,211.846101052314,3.56420233875024
567.923822206731,430.729179560574,3.85449294326281
301.429823386498,135.423431684507,3.93852301331796
527.124640770121,458.096427905463,3.70756218721672
42.9291053081889,417.943224483409,3.91496722296743
202.753510572699,272.434275207367,4.08513684556705
554.925052251077,262.654988319221,3.91591349183434
179.638061730893,40.0919494486383,4.58543590896331
499.968127114507,335.094320898229,4.66491621599739
42.3385660476662,46.037805496697,4.19625765273459
523.727825076465,151.876129829545,4.2822913589183
NA,NA,NA
662.622739170768,334.967602538268,3.60668194596329
456.883675268896,298.324118077217,3.71044254544186
6.37691923362994,495.743624211487,3.47632050778113
559.997760200968,50.7113498697489,4.30718885942108
70.1719207667702,376.660969821692,3.89501148786332
226.683224181432,412.848539976105,4.01684607305786
429.903208363869,12.684386713946,3.35029905957366
362.687974975222,292.598597648349,3.07342530280308
603.865986662715,106.092308124349,4.25631663577652
390.494941509522,231.367458072533,4.28050733567439
568.661853306473,411.900169017904,4.75200960460925
132.824736059103,284.720508486162,4.35561793883216
197.671750733015,373.307509347597,3.99688282866048
120.76775884202,415.365518522091,3.46784550332381
629.303429657995,310.107527971379,4.50019853848009
2.2556475718608,149.664351923053,4.24347102964533
541.065717555141,205.253676236484,4.14311821695002
34.4393615981843,489.676831310891,2.99704009595705
280.651963813933,22.066428648522,3.98124442852446
534.185950520397,391.483191411718,3.35224603982387
83.6506206426176,70.442135276672,5.17145048660008
5.28802091756756,74.6007867482607,3.47836601329835
586.351499832502,226.506434830963,3.97827047594096
437.81793585742,461.519746601814,4.77364327499349
660.573774954882,370.801670299635,2.99415245637238
102.680828759899,489.235480819801,4.46287771062685
620.890934508644,92.7401382811163,4.03588870048232
417.373538664055,260.485035687905,3.70308175202904
14.489680223543,183.775006519123,2.91645487399445
53.6573570234602,122.578060843336,4.42020375138704
596.197735137432,197.392272307117,4.1807002078835
264.822383787924,211.846101052314,3.56420233875024
567.923822206731,430.729179560574,3.85449294326281
301.429823386498,135.423431684507,3.93852301331796
527.124640770121,458.096427905463,3.70756218721672
42.9291053081889,417.943224483409,3.91496722296743
202.753510572699,272.434275207367,4.08513684556705
554.925052251077,262.654988319221,3.91591349183434
179.638061730893,40.0919494486383,4.58543590896331
499.968127114507,335.094320898229,4.66491621599739
42.3385660476662,46.037805496697,4.19625765273459
523.727825076465,151.876129829545,4.2822913589183
NA,NA,NA
662.622739170768,334.967602538268,3.60668194596329
456.883675268896,298.324118077217,3.71044254544186
6.37691923362994,495.743624211487,3.47632050778113
559.997760200968,50.7113498697489,4.30718885942108
70.1719207667702,376.660969821692,3.89501148786332
226.683224181432,412.848539976105,4.01684607305786
429.903208363869,12.684386713946,3.35029905957366
362.687974975222,292.598597648349,3.07342530280308
603.865986662715,106.092308124349,4.25631663577652
390.494941509522,231.367458072533,4.28050733567439
568.661853306473,411.900169017904,4.75200960460925
132.824736059103,284.720508486162,4.35561793883216
197.671750733015,373.307509347597,3.99688282866048
120.76775884202,415.365518522091,3.46784550332381
629.303429657995,310.107527971379,4.50019853848009
2.2556475718608,149.664351923053,4.24347102964533
541.065717555141,205.253676236484,4.14311821695002
34.4393615981843,489.676831310891,2.99704009595705
280.651963813933,22.066428648522,3.98124442852446
534.185950520397,391.483191411718,3.35224603982387
83.6506206426176,70.442135276672,5.17145048660008
5.28802091756756,74.6007867482607,3.47836601329835
586.351499832502,226.506434830963,3.97827047594096
437.81793585742,461.519746601814,4.77364327499349
660.573774954882,370.801670299635,2.99415245637238
102.680828759899,489.235480819801,4.46287771062685
620.890934508644,92.7401382811163,4.03588870048232
417.373538664055,260.485035687905,3.70308175202904
14.489680223543,183.775006519123,2.91645487399445
53.6573570234602,122.578060843336,4.42020375138704
596.197735137432,197.392272307117,4.1807002078835
264.822383787924,211.846101052314,3.56420233875024
567.923822206731,430.729179560574,3.85449294326281
301.429823386498,135.423431684507,3.93852301331796
527.124640770121,458.096427905463,3.70756218721672
42.9291053081889,417.943224483409,3.91496722296743
202.753510572699,272.434275207367,4.08513684556705
554.925052251077,262.654988319221,3.91591349183434
179.638061730893,40.0919494486383,4.58543590896331
499.968127114507,335.094320898229,4.66491621599739
42.3385660476662,46.037805496697,4.19625765273459
523.727825076465,151.876129829545,4.2822913589183
NA,NA,NA
660.496898789643,332.862377232937,3.52836224475505
456.907852409445,297.058299494653,3.65361408396073
9.72606216485702,495.943344125993,3.83723056380893
565.044386840915,48.4394926068436,4.08201175092416
71.6804051505895,375.222751851673,4.05571692178042
226.893557629435,416.528805194442,3.94326906025058
427.467217242479,13.1628631652063,3.40172064235844
360.500172555877,295.190008879093,2.97314613950765
601.663603301604,102.26682141467,4.08808282662072
393.982942713078,228.007673530146,4.16971887057971
564.763209282168,410.705420084438,4.68594070831665
148.519974327782,282.236066823722,4.61832547874527
197.097171275048,367.316190786497,4.11886781904425
120.842422537608,408.11877280243,3.42681694269307
629.180093107218,304.717619408003,4.55638473015894
-0.468531496766045,146.573510578268,4.24186964635732
543.708662984285,205.233520510379,4.0958988077871
32.1286367018151,492.28601097525,2.87525707526171
277.506427574927,26.352770064345,4.0146749870571
536.524046661667,393.87348008268,3.42233229925448
74.2914259971842,73.0565042439763,5.13940409555841
4.24462551896656,74.8936070823852,3.51685425824542
589.068583064349,224.487253712564,4.00217626774348
440.383279113557,458.740301102958,4.87111522936795
659.171035999237,374.020118698348,3.01791621966736
102.850226075405,485.727136937587,4.40237591907265
625.474674193721,88.6738052549427,4.08392322924867
418.526292984447,257.426331945139,3.68351068404334
11.062607243053,181.455547001389,3.13697115867046
74.1223598990837,111.444540192584,4.79829136032145
610.295731653229,202.636904927909,4.64788087791602
260.980724844831,218.72869289663,3.92084967482064
581.01815122153,432.265707106309,4.25801401498897
301.780025157309,136.715272354706,3.91062384220128
534.076826142227,466.182582034707,3.568825026695
52.8479483970092,418.740737317441,3.921372746605
202.564022530556,294.727281562785,4.06080382176682
555.464616462543,259.110728363243,4.06357240060796
181.706849179869,34.8209752554443,4.40450652310235
500.394045407915,345.95701935427,4.8047353071028
29.2793751205744,58.556795405765,3.98879653986776
541.926118597274,152.966919339036,4.93405499937472
NA,NA,NA
660.496898789643,332.862377232937,3.52836224475505
456.907852409445,297.058299494653,3.65361408396073
9.72606216485702,495.943344125993,3.83723056380893
565.044386840915,48.4394926068436,4.08201175092416
71.6804051505895,375.222751851673,4.05571692178042
226.893557629435,416.528805194442,3.94326906025058
427.467217242479,13.1628631652063,3.40172064235844
360.500172555877,295.190008879093,2.97314613950765
601.663603301604,102.26682141467,4.08808282662072
393.982942713078,228.007673530146,4.16971887057971
564.763209282168,410.705420084438,4.68594070831665
148.519974327782,282.236066823722,4.61832547874527
197.097171275048,367.316190786497,4.11886781904425
120.842422537608,408.11877280243,3.42681694269307
629.180093107218,304.717619408003,4.55638473015894
-0.468531496766045,146.573510578268,4.24186964635732
543.708662984285,205.233520510379,4.0958988077871
32.1286367018151,492.28601097525,2.87525707526171
277.506427574927,26.352770064345,4.0146749870571
536.524046661667,393.87348008268,3.42233229925448
74.2914259971842,73.0565042439763,5.13940409555841
4.24462551896656,74.8936070823852,3.51685425824542
589.068583064349,224.487253712564,4.00217626774348
440.383279113557,458.740301102958,4.87111522936795
659.171035999237,374.020118698348,3.01791621966736
102.850226075405,485.727136937587,4.40237591907265
625.474674193721,88.6738052549427,4.08392322924867
418.526292984447,257.426331945139,3.68351068404334
11.062607243053,181.455547001389,3.13697115867046
74.1223598990837,111.444540192584,4.79829136032145
610.295731653229,202.636904927909,4.64788087791602
260.980724844831,218.72869289663,3.92084967482064
581.01815122153,432.265707106309,4.25801401498897
301.780025157309,136.715272354706,3.91062384220128
534.076826142227,466.182582034707,3.568825026695
52.8479483970092,418.740737317441,3.921372746605
202.564022530556,294.727281562785,4.06080382176682
555.464616462543,259.110728363243,4.06357240060796
181.706849179869,34.8209752554443,4.40450652310235
500.394045407915,345.95701935427,4.8047353071028
29.2793751205744,58.556795405765,3.98879653986776
541.926118597274,152.966919339036,4.93405499937472
NA,NA,NA
660.496898789643,332.862377232937,3.52836224475505
456.907852409445,297.058299494653,3.65361408396073
9.72606216485702,495.943344125993,3.83723056380893
565.044386840915,48.4394926068436,4.08201175092416
71.6804051505895,375.222751851673,4.05571692178042
226.893557629435,416.528805194442,3.94326906025058
427.467217242479,13.1628631652063,3.40172064235844
360.500172555877,295.190008879093,2.97314613950765
601.663603301604,102.26682141467,4.08808282662072
393.982942713078,228.007673530146,4.16971887057971
564.763209282168,410.705420084438,4.68594070831665
148.519974327782,282.236066823722,4.61832547874527
197.097171275048,367.316190786497,4.11886781904425
120.842422537608,408.11877280243,3.42681694269307
629.180093107218,304.717619408003,4.55638473015894
-0.468531496766045,146.573510578268,4.24186964635732
543.708662984285,205.233520510379,4.0958988077871
32.1286367018151,492.28601097525,2.87525707526171
277.506427574927,26.352770064345,4.0146749870571
536.524046661667,393.87348008268,3.42233229925448
74.2914259971842,73.0565042439763,5.13940409555841
4.24462551896656,74.8936070823852,3.51685425824542
589.068583064349,224.487253712564,4.00217626774348
440.383279113557,458.740301102958,4.87111522936795
659.171035999237,374.020118698348,3.01791621966736
102.850226075405,485.727136937587,4.40237591907265
625.474674193721,88.6738052549427,4.08392322924867
418.526292984447,257.426331945139,3.68351068404334
11.062607243053,181.455547001389,3.13697115867046
74.1223598990837,111.444540192584,4.79829136032145
610.295731653229,202.636904927909,4.64788087791602
260.980724844831,218.72869289663,3.92084967482064
581.01815122153,432.265707106309,4.25801401498897
301.780025157309,136.715272354706,3.91062384220128
534.076826142227,466.182582034707,3.568825026695
52.8479483970092,418.740737317441,3.921372746605
202.564022530556,294.727281562785,4.06080382176682
555.464616462543,259.110728363243,4.06357240060796
181.706849179869,34.8209752554443,4.40450652310235
500.394045407915,345.95701935427,4.8047353071028
29.2793751205744,58.556795405765,3.98879653986776
541.926118597274,152.966919339036,4.93405499937472
NA,NA,NA
660.496898789643,332.862377232937,3.52836224475505
456.907852409445,297.058299494653,3.65361408396073
9.72606216485702,495.943344125993,3.83723056380893
565.044386840915,48.4394926068436,4.08201175092416
71.6804051505895,375.222751851673,4.05571692178042
226.893557629435,416.528805194442,3.94326906025058
427.467217242479,13.1628631652063,3.40172064235844
360.500172555877,295.190008879093,2.97314613950765
601.663603301604,102.26682141467,4.08808282662072
393.982942713078,228.007673530146,4.16971887057971
564.763209282168,410.705420084438,4.68594070831665
148.519974327782,282.236066823722,4.61832547874527
197.097171275048,367.316190786497,4.11886781904425
120.842422537608,408.11877280243,3.42681694269307
629.180093107218,304.717619408003,4.55638473015894
-0.468531496766045,146.573510578268,4.24186964635732
543.708662984285,205.233520510379,4.0958988077871
32.1286367018151,492.28601097525,2.87525707526171
277.506427574927,26.352770064345,4.0146749870571
536.524046661667,393.87348008268,3.42233229925448
74.2914259971842,73.0565042439763,5.13940409555841
4.24462551896656,74.8936070823852,3.51685425824542
589.068583064349,224.487253712564,4.00217626774348
440.383279113557,458.740301102958,4.87111522936795
659.171035999237,374.020118698348,3.01791621966736
102.850226075405,485.727136937587,4.40237591907265
625.474674193721,88.6738052549427,4.08392322924867
418.526292984447,257.426331945139,3.68351068404334
11.062607243053,181.455547001389,3.13697115867046
74.1223598990837,111.444540192584,4.79829136032145
610.295731653229,202.636904927909,4.64788087791602
260.980724844831,218.72869289663,3.92084967482064
581.01815122153,432.265707106309,4.25801401498897
301.780025157309,136.715272354706,3.91062384220128
534.076826142227,466.182582034707,3.568825026695
52.8479483970092,418.740737317441,3.921372746605
202.564022530556,294.727281562785,4.06080382176682
555.464616462543,259.110728363243,4.06357240060796
181.706849179869,34.8209752554443,4.40450652310235
500.394045407915,345.95701935427,4.8047353071028
29.2793751205744,58.556795405765,3.98879653986776
541.926118597274,152.966919339036,4.93405499937472
NA,NA,NA
660.496898789643,332.862377232937,3.52836224475505
456.907852409445,297.058299494653,3.65361408396073
9.72606216485702,495.943344125993,3.83723056380893
565.044386840915,48.4394926068436,4.08201175092416
71.6804051505895,375.222751851673,4.05571692178042
226.893557629435,416.528805194442,3.94326906025058
427.467217242479,13.1628631652063,3.40172064235844
360.500172555877,295.190008879093,2.97314613950765
601.663603301604,102.26682141467,4.08808282662072
393.982942713078,228.007673530146,4.16971887057971
564.763209282168,410.705420084438,4.68594070831665
148.519974327782,282.236066823722,4.61832547874527
197.097171275048,367.316190786497,4.11886781904425
120.842422537608,408.11877280243,3.42681694269307
629.180093107218,304.717619408003,4.55638473015894
-0.468531496766045,146.573510578268,4.24186964635732
543.708662984285,205.233520510379,4.0958988077871
32.1286367018151,492.28601097525,2.87525707526171
277.506427574927,26.352770064345,4.0146749870571
536.524046661667,393.87348008268,3.42233229925448
74.2914259971842,73.0565042439763,5.13940409555841
4.24462551896656,74.8936070823852,3.51685425824542
589.068583064349,224.487253712564,4.00217626774348
440.383279113557,458.740301102958,4.87111522936795
659.171035999237,374.020118698348,3.01791621966736
102.850226075405,485.727136937587,4.40237591907265
625.474674193721,88.6738052549427,4.08392322924867
418.526292984447,257.426331945139,3.68351068404334
11.062607243053,181.455547001389,3.13697115867046
74.1223598990837,111.444540192584,4.79829136032145
610.295731653229,202.636904927909,4.64788087791602
260.980724844831,218.72869289663,3.92084967482064
581.01815122153,432.265707106309,4.25801401498897
301.780025157309,136.715272354706,3.91062384220128
534.076826142227,466.182582034707,3.568825026695
52.8479483970092,418.740737317441,3.921372746605
202.564022530556,294.727281562785,4.06080382176682
555.464616462543,259.110728363243,4.06357240060796
181.706849179869,34.8209752554443,4.40450652310235
500.394045407915,345.95701935427,4.8047353071028
29.2793751205744,58.556795405765,3.98879653986776
541.926118597274,152.966919339036,4.93405499937472
NA,NA,NA
660.496898789643,332.862377232937,3.52836224475505
456.907852409445,297.058299494653,3.65361408396073
9.72606216485702,495.943344125993,3.83723056380893
565.044386840915,48.4394926068436,4.08201175092416
71.6804051505895,375.222751851673,4.05571692178042
226.893557629435,416.528805194442,3.94326906025058
427.467217242479,13.1628631652063,3.40172064235844
360.500172555877,295.190008879093,2.97314613950765
601.663603301604,102.26682141467,4.08808282662072
393.982942713078,228.007673530146,4.16971887057971
564.763209282168,410.705420084438,4.68594070831665
148.519974327782,282.236066823722,4.61832547874527
197.097171275048,367.316190786497,4.11886781904425
120.842422537608,408.11877280243,3.42681694269307
629.180093107218,304.717619408003,4.55638473015894
-0.468531496766045,146.573510578268,4.24186964635732
543.708662984285,205.233520510379,4.0958988077871
32.1286367018151,492.28601097525,2.87525707526171
277.506427574927,26.352770064345,4.0146749870571
536.524046661667,393.87348008268,3.42233229925448
74.2914259971842,73.0565042439763,5.13940409555841
4.24462551896656,74.8936070823852,3.51685425824542
589.068583064349,224.487253712564,4.00217626774348
440.383279113557,458.740301102958,4.87111522936795
659.171035999237,374.020118698348,3.01791621966736
102.850226075405,485.727136937587,4.40237591907265
625.474674193721,88.6738052549427,4.08392322924867
418.526292984447,257.426331945139,3.68351068404334
11.062607243053,181.455547001389,3.13697115867046
74.1223598990837,111.444540192584,4.79829136032145
610.295731653229,202.636904927909,4.64788087791602
260.980724844831,218.72869289663,3.92084967482064
581.01815122153,432.265707106309,4.25801401498897
301.780025157309,136.715272354706,3.91062384220128
534.076826142227,466.182582034707,3.568825026695
52.8479483970092,418.740737317441,3.921372746605
202.564022530556,294.727281562785,4.06080382176682
555.464616462543,259.110728363243,4.06357240060796
181.706849179869,34.8209752554443,4.40450652310235
500.394045407915,345.95701935427,4.8047353071028
29.2793751205744,58.556795405765,3.98879653986776
541.926118597274,152.966919339036,4.93405499937472
NA,NA,NA
663.224725296431,333.341999427855,3.43351460467201
452.654259774093,300.397159388204,3.65171105236268
10.5573982105998,495.050068915508,3.66031510314028
561.56647907118,49.0008524626653,4.1520007919471
68.8620116415063,376.470960001434,3.94175965005255
229.046334414825,416.50621362815,3.9278398465224
430.41693927814,13.7008631148658,3.21948508969321
361.564894013887,292.548403063067,3.14362662901984
606.255997216739,102.17493642493,4.24372728212937
391.581513851699,233.50193436566,4.2268325971915
574.789924429577,408.705506162157,4.71163096120042
142.422207114674,280.047981674672,4.66225526377884
202.625609057731,373.605432538989,3.95349594155907
130.016128990098,410.702599681486,3.38264023941321
625.79349208436,312.072482081439,4.71006468302675
2.12729904967151,147.667509846437,4.2443403437007
541.495342187952,207.3534839798,4.11620984875662
34.6962985907254,495.037781121448,2.96589992098576
282.55380748907,17.9748638830396,3.86580247701548
535.2964197659,394.315928276981,3.35085811164982
65.8952202295425,73.2412992764322,5.23851525922011
6.19436640610048,78.6544551194437,3.64076773786842
588.703673837583,222.594501830749,4.01795795024437
446.901995399624,458.980827813467,4.80156305056483
658.751728739148,372.327611222453,3.09825556887056
103.89536605567,482.638788057235,4.48189867866946
625.143355096125,87.1057690926065,4.06066838601644
420.208577776752,257.932272926257,3.61515947129387
11.7005518409515,182.18804484398,3.16215908995104
68.7596863390599,108.862302251598,4.40050134867314
609.817674844463,210.695069410692,4.30465061641438
243.653294898947,214.185793379669,3.73917223495052
573.484888140059,438.404944906467,4.01273502669551
297.166485933376,137.566183776874,3.81898863003079
521.265422415261,456.481598492747,3.44617495093753
51.5906399241462,413.701835756499,3.53278387316725
193.157888743783,285.527253856379,3.99694759475917
543.674915236135,271.404663690723,3.64861840946012
177.72553276113,30.7554751090004,4.17110975540829
494.404583519672,344.280976610802,4.51455504312145
36.3014720337296,44.562709045717,3.85088450660498
515.617298523906,140.981479613796,4.84313738906437
NA,NA,NA
663.224725296431,333.341999427855,3.43351460467201
452.654259774093,300.397159388204,3.65171105236268
10.5573982105998,495.050068915508,3.66031510314028
561.56647907118,49.0008524626653,4.1520007919471
68.8620116415063,376.470960001434,3.94175965005255
229.046334414825,416.50621362815,3.9278398465224
430.41693927814,13.7008631148658,3.21948508969321
361.564894013887,292.548403063067,3.14362662901984
606.255997216739,102.17493642493,4.24372728212937
391.581513851699,233.50193436566,4.2268325971915
574.789924429577,408.705506162157,4.71163096120042
142.422207114674,280.047981674672,4.66225526377884
202.625609057731,373.605432538989,3.95349594155907
130.016128990098,410.702599681486,3.38264023941321
625.79349208436,312.072482081439,4.71006468302675
2.12729904967151,147.667509846437,4.2443403437007
541.495342187952,207.3534839798,4.11620984875662
34.6962985907254,495.037781121448,2.96589992098576
282.55380748907,17.9748638830396,3.86580247701548
535.2964197659,394.315928276981,3.35085811164982
65.8952202295425,73.2412992764322,5.23851525922011
6.19436640610048,78.6544551194437,3.64076773786842
588.703673837583,222.594501830749,4.01795795024437
446.901995399624,458.980827813467,4.80156305056483
658.751728739148,372.327611222453,3.09825556887056
103.89536605567,482.638788057235,4.48189867866946
625.143355096125,87.1057690926065,4.06066838601644
420.208577776752,257.932272926257,3.61515947129387
11.7005518409515,182.18804484398,3.16215908995104
68.7596863390599,108.862302251598,4.40050134867314
609.817674844463,210.695069410692,4.30465061641438
243.653294898947,214.185793379669,3.73917223495052
573.484888140059,438.404944906467,4.01273502669551
297.166485933376,137.566183776874,3.81898863003079
521.265422415261,456.481598492747,3.44617495093753
51.5906399241462,413.701835756499,3.53278387316725
193.157888743783,285.527253856379,3.99694759475917
543.674915236135,271.404663690723,3.64861840946012
177.72553276113,30.7554751090004,4.17110975540829
494.404583519672,344.280976610802,4.51455504312145
36.3014720337296,44.562709045717,3.85088450660498
515.617298523906,140.981479613796,4.84313738906437
NA,NA,NA
663.224725296431,333.341999427855,3.43351460467201
452.654259774093,300.397159388204,3.65171105236268
10.5573982105998,495.050068915508,3.66031510314028
561.56647907118,49.0008524626653,4.1520007919471
68.8620116415063,376.470960001434,3.94175965005255
229.046334414825,416.50621362815,3.9278398465224
430.41693927814,13.7008631148658,3.21948508969321
361.564894013887,292.548403063067,3.14362662901984
606.255997216739,102.17493642493,4.24372728212937
391.581513851699,233.50193436566,4.2268325971915
574.789924429577,408.705506162157,4.71163096120042
142.422207114674,280.047981674672,4.66225526377884
202.625609057731,373.605432538989,3.95349594155907
130.016128990098,410.702599681486,3.38264023941321
625.79349208436,312.072482081439,4.71006468302675
2.12729904967151,147.667509846437,4.2443403437007
541.495342187952,207.3534839798,4.11620984875662
34.6962985907254,495.037781121448,2.96589992098576
282.55380748907,17.9748638830396,3.86580247701548
535.2964197659,394.315928276981,3.35085811164982
65.8952202295425,73.2412992764322,5.23851525922011
6.19436640610048,78.6544551194437,3.64076773786842
588.703673837583,222.594501830749,4.01795795024437
446.901995399624,458.980827813467,4.80156305056483
658.751728739148,372.327611222453,3.09825556887056
103.89536605567,482.638788057235,4.48189867866946
625.143355096125,87.1057690926065,4.06066838601644
420.208577776752,257.932272926257,3.61515947129387
11.7005518409515,182.18804484398,3.16215908995104
68.7596863390599,108.862302251598,4.40050134867314
609.817674844463,210.695069410692,4.30465061641438
243.653294898947,214.185793379669,3.73917223495052
573.484888140059,438.404944906467,4.01273502669551
297.166485933376,137.566183776874,3.81898863003079
521.265422415261,456.481598492747,3.44617495093753
51.5906399241462,413.701835756499,3.53278387316725
193.157888743783,285.527253856379,3.99694759475917
543.674915236135,271.404663690723,3.64861840946012
177.72553276113,30.7554751090004,4.17110975540829
494.404583519672,344.280976610802,4.51455504312145
36.3014720337296,44.562709045717,3.85088450660498
515.617298523906,140.981479613796,4.84313738906437
NA,NA,NA
663.224725296431,333.341999427855,3.43351460467201
452.654259774093,300.397159388204,3.65171105236268
10.5573982105998,495.050068915508,3.66031510314028
561.56647907118,49.0008524626653,4.1520007919471
68.8620116415063,376.470960001434,3.94175965005255
229.046334414825,416.50621362815,3.9278398465224
430.41693927814,13.7008631148658,3.21948508969321
361.564894013887,292.548403063067,3.14362662901984
606.255997216739,102.17493642493,4.24372728212937
391.581513851699,233.50193436566,4.2268325971915
574.789924429577,408.705506162157,4.71163096120042
142.422207114674,280.047981674672,4.66225526377884
202.625609057731,373.605432538989,3.95349594155907
130.016128990098,410.702599681486,3.38264023941321
625.79349208436,312.072482081439,4.71006468302675
2.12729904967151,147.667509846437,4.2443403437007
541.495342187952,207.3534839798,4.11620984875662
34.6962985907254,495.037781121448,2.96589992098576
282.55380748907,17.9748638830396,3.86580247701548
535.2964197659,394.315928276981,3.35085811164982
65.8952202295425,73.2412992764322,5.23851525922011
6.19436640610048,78.6544551194437,3.64076773786842
588.703673837583,222.594501830749,4.01795795024437
446.901995399624,458.980827813467,4.80156305056483
658.751728739148,372.327611222453,3.09825556887056
103.89536605567,482.638788057235,4.48189867866946
625.143355096125,87.1057690926065,4.06066838601644
420.208577776752,257.932272926257,3.61515947129387
11.7005518409515,182.18804484398,3.16215908995104
68.7596863390599,108.862302251598,4.40050134867314
609.817674844463,210.695069410692,4.30465061641438
243.653294898947,214.185793379669,3.73917223495052
573.484888140059,438.404944906467,4.01273502669551
297.166485933376,137.566183776874,3.81898863003079
521.265422415261,456.481598492747,3.44617495093753
51.5906399241462,413.701835756499,3.53278387316725
193.157888743783,285.527253856379,3.99694759475917
543.674915236135,271.404663690723,3.64861840946012
177.72553276113,30.7554751090004,4.17110975540829
494.404583519672,344.280976610802,4.51455504312145
36.3014720337296,44.562709045717,3.85088450660498
515.617298523906,140.981479613796,4.84313738906437
NA,NA,NA
663.224725296431,333.341999427855,3.43351460467201
452.654259774093,300.397159388204,3.65171105236268
10.5573982105998,495.050068915508,3.66031510314028
561.56647907118,49.0008524626653,4.1520007919471
68.8620116415063,376.470960001434,3.94175965005255
229.046334414825,416.50621362815,3.9278398465224
430.41693927814,13.7008631148658,3.21948508969321
361.564894013887,292.548403063067,3.14362662901984
606.255997216739,102.17493642493,4.24372728212937
391.581513851699,233.50193436566,4.2268325971915
574.789924429577,408.705506162157,4.71163096120042
142.422207114674,280.047981674672,4.66225526377884
202.625609057731,373.605432538989,3.95349594155907
130.016128990098,410.702599681486,3.38264023941321
625.79349208436,312.072482081439,4.71006468302675
2.12729904967151,147.667509846437,4.2443403437007
541.495342187952,207.3534839798,4.11620984875662
34.6962985907254,495.037781121448,2.96589992098576
282.55380748907,17.9748638830396,3.86580247701548
535.2964197659,394.315928276981,3.35085811164982
65.8952202295425,73.2412992764322,5.23851525922011
6.19436640610048,78.6544551194437,3.64076773786842
588.703673837583,222.594501830749,4.01795795024437
446.901995399624,458.980827813467,4.80156305056483
658.751728739148,372.327611222453,3.09825556887056
103.89536605567,482.638788057235,4.48189867866946
625.143355096125,87.1057690926065,4.06066838601644
420.208577776752,257.932272926257,3.61515947129387
11.7005518409515,182.18804484398,3.16215908995104
68.7596863390599,108.862302251598,4.40050134867314
609.817674844463,210.695069410692,4.30465061641438
243.653294898947,214.185793379669,3.73917223495052
573.484888140059,438.404944906467,4.01273502669551
297.166485933376,137.566183776874,3.81898863003079
521.265422415261,456.481598492747,3.44617495093753
51.5906399241462,413.701835756499,3.53278387316725
193.157888743783,285.527253856379,3.99694759475917
543.674915236135,271.404663690723,3.64861840946012
177.72553276113,30.7554751090004,4.17110975540829
494.404583519672,344.280976610802,4.51455504312145
36.3014720337296,44.562709045717,3.85088450660498
515.617298523906,140.981479613796,4.84313738906437
NA,NA,NA
663.224725296431,333.341999427855,3.43351460467201
452.654259774093,300.397159388204,3.65171105236268
10.5573982105998,495.050068915508,3.66031510314028
561.56647907118,49.0008524626653,4.1520007919471
68.8620116415063,376.470960001434,3.94175965005255
229.046334414825,416.50621362815,3.9278398465224
430.41693927814,13.7008631148658,3.21948508969321
361.564894013887,292.548403063067,3.14362662901984
606.255997216739,102.17493642493,4.24372728212937
391.581513851699,233.50193436566,4.2268325971915
574.789924429577,408.705506162157,4.71163096120042
142.422207114674,280.047981674672,4.66225526377884
202.625609057731,373.605432538989,3.95349594155907
130.016128990098,410.702599681486,3.38264023941321
625.79349208436,312.072482081439,4.71006468302675
2.12729904967151,147.667509846437,4.2443403437007
541.495342187952,207.3534839798,4.11620984875662
34.6962985907254,495.037781121448,2.96589992098576
282.55380748907,17.9748638830396,3.86580247701548
535.2964197659,394.315928276981,3.35085811164982
65.8952202295425,73.2412992764322,5.23851525922011
6.19436640610048,78.6544551194437,3.64076773786842
588.703673837583,222.594501830749,4.01795795024437
446.901995399624,458.980827813467,4.80156305056483
658.751728739148,372.327611222453,3.09825556887056
103.89536605567,482.638788057235,4.48189867866946
625.143355096125,87.1057690926065,4.06066838601644
420.208577776752,257.932272926257,3.61515947129387
11.7005518409515,182.18804484398,3.16215908995104
68.7596863390599,108.862302251598,4.40050134867314
609.817674844463,210.695069410692,4.30465061641438
243.653294898947,214.185793379669,3.73917223495052
573.484888140059,438.404944906467,4.01273502669551
297.166485933376,137.566183776874,3.81898863003079
521.265422415261,456.481598492747,3.44617495093753
51.5906399241462,413.701835756499,3.53278387316725
193.157888743783,285.527253856379,3.99694759475917
543.674915236135,271.404663690723,3.64861840946012
177.72553276113,30.7554751090004,4.17110975540829
494.404583519672,344.280976610802,4.51455504312145
36.3014720337296,44.562709045717,3.85088450660498
515.617298523906,140.981479613796,4.84313738906437
NA,NA,NA
659.943132796959,331.961858498846,3.5630226931353
455.359465236492,296.012379892192,3.58536706043615
9.36918317048579,494.485602535363,3.3757845661509
562.819174991316,49.6123487018899,4.05921115324341
70.9008674542864,375.737289510026,3.98130730331051
227.75179671938,417.030305777849,3.81982151460601
427.134840961832,13.7684059435073,3.31924912562283
360.898500395511,293.311254122747,3.15866108592704
607.277456477571,105.896367036123,4.11804444380331
392.448394698313,233.763851017195,4.12418487455882
568.226083622036,404.501979984441,4.79971435543159
146.998783669033,282.275812953339,4.50914060296927
199.203546127976,370.279269339357,4.06403526028705
127.016663014878,408.797569422035,3.55037870666285
624.016321330877,310.37078401765,4.48391516701273
1.39779376202126,151.396618734777,4.32558607017264
543.848668940566,204.298335030208,4.19333601895563
32.5285117605633,491.526143000451,3.2015927065515
278.297120725238,22.9366033627219,3.77902389913523
536.135715342363,391.201775408458,3.3876406350186
71.8728330180774,84.4593834738078,5.2029586628966
3.98412823167367,75.8670846273442,3.55080990411243
590.889920361994,224.568723705762,4.05563624459778
440.426181572681,457.120705177826,4.76829180405327
660.480142162357,371.612663079384,3.11157276342946
107.877931615185,488.2856036393,4.307987591429
621.428708865161,89.5275789855129,4.09543199941734
424.294361235018,258.492220760765,3.62441722327225
10.2160360605927,182.698107489941,3.14775621618527
65.779428532956,105.900341068956,4.28086957252667
613.288909142536,205.32699067711,3.91322026416032
261.358127217857,225.345474838354,3.98152765592099
568.774973303507,433.184746839652,3.72888518716863
303.997857297477,134.986077757568,3.86034042906953
519.548418211295,462.459194473327,3.70721419763511
49.7437010752689,421.363270307384,3.91727311951698
200.336627932189,282.109506258982,3.91903274452373
557.321537419844,262.910261386488,3.79778910168896
176.79341567874,22.2672291638088,4.49143806830123
500.434874487961,349.594035859214,4.73667568041262
37.7328660410137,55.0731109820142,3.94063045592145
516.786289813577,152.14030734765,4.72632076093705
NA,NA,NA
659.943132796959,331.961858498846,3.5630226931353
455.359465236492,296.012379892192,3.58536706043615
9.36918317048579,494.485602535363,3.3757845661509
562.819174991316,49.6123487018899,4.05921115324341
70.9008674542864,375.737289510026,3.98130730331051
227.75179671938,417.030305777849,3.81982151460601
427.134840961832,13.7684059435073,3.31924912562283
360.898500395511,293.311254122747,3.15866108592704
607.277456477571,105.896367036123,4.11804444380331
392.448394698313,233.763851017195,4.12418487455882
568.226083622036,404.501979984441,4.79971435543159
146.998783669033,282.275812953339,4.50914060296927
199.203546127976,370.279269339357,4.06403526028705
127.016663014878,408.797569422035,3.55037870666285
624.016321330877,310.37078401765,4.48391516701273
1.39779376202126,151.396618734777,4.32558607017264
543.848668940566,204.298335030208,4.19333601895563
32.5285117605633,491.526143000451,3.2015927065515
278.297120725238,22.9366033627219,3.77902389913523
536.135715342363,391.201775408458,3.3876406350186
71.8728330180774,84.4593834738078,5.2029586628966
3.98412823167367,75.8670846273442,3.55080990411243
590.889920361994,224.568723705762,4.05563624459778
440.426181572681,457.120705177826,4.76829180405327
660.480142162357,371.612663079384,3.11157276342946
107.877931615185,488.2856036393,4.307987591429
621.428708865161,89.5275789855129,4.09543199941734
424.294361235018,258.492220760765,3.62441722327225
10.2160360605927,182.698107489941,3.14775621618527
65.779428532956,105.900341068956,4.28086957252667
613.288909142536,205.32699067711,3.91322026416032
261.358127217857,225.345474838354,3.98152765592099
568.774973303507,433.184746839652,3.72888518716863
303.997857297477,134.986077757568,3.86034042906953
519.548418211295,462.459194473327,3.70721419763511
49.7437010752689,421.363270307384,3.91727311951698
200.336627932189,282.109506258982,3.91903274452373
557.321537419844,262.910261386488,3.79778910168896
176.79341567874,22.2672291638088,4.49143806830123
500.434874487961,349.594035859214,4.73667568041262
37.7328660410137,55.0731109820142,3.94063045592145
516.786289813577,152.14030734765,4.72632076093705
NA,NA,NA
659.943132796959,331.961858498846,3.5630226931353
455.359465236492,296.012379892192,3.58536706043615
9.36918317048579,494.485602535363,3.3757845661509
562.819174991316,49.6123487018899,4.05921115324341
70.9008674542864,375.737289510026,3.98130730331051
227.75179671938,417.030305777849,3.81982151460601
427.134840961832,13.7684059435073,3.31924912562283
360.898500395511,293.311254122747,3.15866108592704
607.277456477571,105.896367036123,4.11804444380331
392.448394698313,233.763851017195,4.12418487455882
568.226083622036,404.501979984441,4.79971435543159
146.998783669033,282.275812953339,4.50914060296927
199.203546127976,370.279269339357,4.06403526028705
127.016663014878,408.797569422035,3.55037870666285
624.016321330877,310.37078401765,4.48391516701273
1.39779376202126,151.396618734777,4.32558607017264
543.848668940566,204.298335030208,4.19333601895563
32.5285117605633,491.526143000451,3.2015927065515
278.297120725238,22.9366033627219,3.77902389913523
536.135715342363,391.201775408458,3.3876406350186
71.8728330180774,84.4593834738078,5.2029586628966
3.98412823167367,75.8670846273442,3.55080990411243
590.889920361994,224.568723705762,4.05563624459778
440.426181572681,457.120705177826,4.76829180405327
660.480142162357,371.612663079384,3.11157276342946
107.877931615185,488.2856036393,4.307987591429
621.428708865161,89.5275789855129,4.09543199941734
424.294361235018,258.492220760765,3.62441722327225
10.2160360605927,182.698107489941,3.14775621618527
65.779428532956,105.900341068956,4.28086957252667
613.288909142536,205.32699067711,3.91322026416032
261.358127217857,225.345474838354,3.98152765592099
568.774973303507,433.184746839652,3.72888518716863
303.997857297477,134.986077757568,3.86034042906953
519.548418211295,462.459194473327,3.70721419763511
49.7437010752689,421.363270307384,3.91727311951698
200.336627932189,282.109506258982,3.91903274452373
557.321537419844,262.910261386488,3.79778910168896
176.79341567874,22.2672291638088,4.49143806830123
500.434874487961,349.594035859214,4.73667568041262
37.7328660410137,55.0731109820142,3.94063045592145
516.786289813577,152.14030734765,4.72632076093705
NA,NA,NA
659.943132796959,331.961858498846,3.5630226931353
455.359465236492,296.012379892192,3.58536706043615
9.36918317048579,494.485602535363,3.3757845661509
562.819174991316,49.6123487018899,4.05921115324341
70.9008674542864,375.737289510026,3.98130730331051
227.75179671938,417.030305777849,3.81982151460601
427.134840961832,13.7684059435073,3.31924912562283
360.898500395511,293.311254122747,3.15866108592704
607.277456477571,105.896367036123,4.11804444380331
392.448394698313,233.763851017195,4.12418487455882
568.226083622036,404.501979984441,4.79971435543159
146.998783669033,282.275812953339,4.50914060296927
199.203546127976,370.279269339357,4.06403526028705
127.016663014878,408.797569422035,3.55037870666285
624.016321330877,310.37078401765,4.48391516701273
1.39779376202126,151.396618734777,4.32558607017264
543.848668940566,204.298335030208,4.19333601895563
32.5285117605633,491.526143000451,3.2015927065515
278.297120725238,22.9366033627219,3.77902389913523
536.135715342363,391.201775408458,3.3876406350186
71.8728330180774,84.4593834738078,5.2029586628966
3.98412823167367,75.8670846273442,3.55080990411243
590.889920361994,224.568723705762,4.05563624459778
440.426181572681,457.120705177826,4.76829180405327
660.480142162357,371.612663079384,3.11157276342946
107.877931615185,488.2856036393,4.307987591429
621.428708865161,89.5275789855129,4.09543199941734
424.294361235018,258.492220760765,3.62441722327225
10.2160360605927,182.698107489941,3.14775621618527
65.779428532956,105.900341068956,4.28086957252667
613.288909142536,205.32699067711,3.91322026416032
261.358127217857,225.345474838354,3.98152765592099
568.774973303507,433.184746839652,3.72888518716863
303.997857297477,134.986077757568,3.86034042906953
519.548418211295,462.459194473327,3.70721419763511
49.7437010752689,421.363270307384,3.91727311951698
200.336627932189,282.109506258982,3.91903274452373
557.321537419844,262.910261386488,3.79778910168896
176.79341567874,22.2672291638088,4.49143806830123
500.434874487961,349.594035859214,4.73667568041262
37.7328660410137,55.0731109820142,3.94063045592145
516.786289813577,152.14030734765,4.72632076093705
NA,NA,NA
659.943132796959,331.961858498846,3.5630226931353
455.359465236492,296.012379892192,3.58536706043615
9.36918317048579,494.485602535363,3.3757845661509
562.819174991316,49.6123487018899,4.05921115324341
70.9008674542864,375.737289510026,3.98130730331051
227.75179671938,417.030305777849,3.81982151460601
427.134840961832,13.7684059435073,3.31924912562283
360.898500395511,293.311254122747,3.15866108592704
607.277456477571,105.896367036123,4.11804444380331
392.448394698313,233.763851017195,4.12418487455882
568.226083622036,404.501979984441,4.79971435543159
146.998783669033,282.275812953339,4.50914060296927
199.203546127976,370.279269339357,4.06403526028705
127.016663014878,408.797569422035,3.55037870666285
624.016321330877,310.37078401765,4.48391516701273
1.39779376202126,151.396618734777,4.32558607017264
543.848668940566,204.298335030208,4.19333601895563
32.5285117605633,491.526143000451,3.2015927065515
278.297120725238,22.9366033627219,3.77902389913523
536.135715342363,391.201775408458,3.3876406350186
71.8728330180774,84.4593834738078,5.2029586628966
3.98412823167367,75.8670846273442,3.55080990411243
590.889920361994,224.568723705762,4.05563624459778
440.426181572681,457.120705177826,4.76829180405327
660.480142162357,371.612663079384,3.11157276342946
107.877931615185,488.2856036393,4.307987591429
621.428708865161,89.5275789855129,4.09543199941734
424.294361235018,258.492220760765,3.62441722327225
10.2160360605927,182.698107489941,3.14775621618527
65.779428532956,105.900341068956,4.28086957252667
613.288909142536,205.32699067711,3.91322026416032
261.358127217857,225.345474838354,3.98152765592099
568.774973303507,433.184746839652,3.72888518716863
303.997857297477,134.986077757568,3.86034042906953
519.548418211295,462.459194473327,3.70721419763511
49.7437010752689,421.363270307384,3.91727311951698
200.336627932189,282.109506258982,3.91903274452373
557.321537419844,262.910261386488,3.79778910168896
176.79341567874,22.2672291638088,4.49143806830123
500.434874487961,349.594035859214,4.73667568041262
37.7328660410137,55.0731109820142,3.94063045592145
516.786289813577,152.14030734765,4.72632076093705
NA,NA,NA
659.943132796959,331.961858498846,3.5630226931353
455.359465236492,296.012379892192,3.58536706043615
9.36918317048579,494.485602535363,3.3757845661509
562.819174991316,49.6123487018899,4.05921115324341
70.9008674542864,375.737289510026,3.98130730331051
227.75179671938,417.030305777849,3.81982151460601
427.134840961832,13.7684059435073,3.31924912562283
360.898500395511,293.311254122747,3.15866108592704
607.277456477571,105.896367036123,4.11804444380331
392.448394698313,233.763851017195,4.12418487455882
568.226083622036,404.501979984441,4.79971435543159
146.998783669033,282.275812953339,4.50914060296927
199.203546127976,370.279269339357,4.06403526028705
127.016663014878,408.797569422035,3.55037870666285
624.016321330877,310.37078401765,4.48391516701273
1.39779376202126,151.396618734777,4.32558607017264
543.848668940566,204.298335030208,4.19333601895563
32.5285117605633,491.526143000451,3.2015927065515
278.297120725238,22.9366033627219,3.77902389913523
536.135715342363,391.201775408458,3.3876406350186
71.8728330180774,84.4593834738078,5.2029586628966
3.98412823167367,75.8670846273442,3.55080990411243
590.889920361994,224.568723705762,4.05563624459778
440.426181572681,457.120705177826,4.76829180405327
660.480142162357,371.612663079384,3.11157276342946
107.877931615185,488.2856036393,4.307987591429
621.428708865161,89.5275789855129,4.09543199941734
424.294361235018,258.492220760765,3.62441722327225
10.2160360605927,182.698107489941,3.14775621618527
65.779428532956,105.900341068956,4.28086957252667
613.288909142536,205.32699067711,3.91322026416032
261.358127217857,225.345474838354,3.98152765592099
568.774973303507,433.184746839652,3.72888518716863
303.997857297477,134.986077757568,3.86034042906953
519.548418211295,462.459194473327,3.70721419763511
49.7437010752689,421.363270307384,3.91727311951698
200.336627932189,282.109506258982,3.91903274452373
557.321537419844,262.910261386488,3.79778910168896
176.79341567874,22.2672291638088,4.49143806830123
500.434874487961,349.594035859214,4.73667568041262
37.7328660410137,55.0731109820142,3.94063045592145
516.786289813577,152.14030734765,4.72632076093705
NA,NA,NA
659.899121457975,335.962629695955,3.6266364920037
459.194233441878,296.512468451431,3.69474453607239
8.29878811023144,494.612966039803,3.82643186480404
562.979086064685,56.3030214841244,4.08070576983659
69.636903282017,374.815237467113,3.9668541771156
226.330541821041,413.606525765389,3.99456060531025
429.916826039155,10.8620431147721,3.29253267734812
360.681605480741,292.941264375905,3.17560694130513
600.463178512557,106.940868910526,4.22044081192649
389.830583212289,232.935925654162,4.23145526687552
566.223451903754,405.778135655682,4.74985634853897
135.760392909521,284.313621996098,4.62610869887356
200.804589677775,368.983809326685,4.10044410399449
127.416140942293,409.80702016695,3.4181864727467
625.045379080909,313.015511376959,4.53295144019706
5.2691945425781,149.000703627389,4.3182087888697
542.126894969124,203.772047519657,4.13656561452219
33.5093075991687,492.229281484158,2.91603740926688
279.510259816082,25.5808407276619,3.93557736208862
535.638007786548,394.455474202068,3.52087448928775
78.7543126541786,76.8310299357599,5.18135735185392
4.79993770451951,75.3791665759061,3.6681749021782
586.744034685938,221.166517718291,3.91942953197876
433.047959081144,458.326307613566,4.80953965744097
660.250103145022,374.254885131072,2.89312116751248
104.999001358383,483.273045077975,4.33827410879846
625.876287166479,91.1409835870491,4.10270418010475
420.538878115482,258.772634890841,3.56499654282847
11.8950989603588,181.45725799811,3.10497612579413
61.1928366676993,116.544525073531,4.34201125795149
616.385343563331,207.466943214762,4.37492193219102
252.876565103282,211.904309250301,3.71432929792708
561.215110081227,432.657029884405,3.95858906991971
305.704553879023,136.334124730432,3.82902152049403
528.734994150091,457.709167782121,3.58662090846391
49.2484767086809,423.788184231621,3.60578393003688
194.799608889148,287.145383245367,3.55953833009893
546.680093069,271.509060163162,3.77646410767612
148.573017979737,15.5393079435314,4.68013136764474
501.034305664229,338.268893291738,4.65097341227071
21.8732458597086,53.4092003949226,3.71848669803723
530.51354124934,160.302357891382,4.64053062326629
NA,NA,NA
659.899121457975,335.962629695955,3.6266364920037
459.194233441878,296.512468451431,3.69474453607239
8.29878811023144,494.612966039803,3.82643186480404
562.979086064685,56.3030214841244,4.08070576983659
69.636903282017,374.815237467113,3.9668541771156
226.330541821041,413.606525765389,3.99456060531025
429.916826039155,10.8620431147721,3.29253267734812
360.681605480741,292.941264375905,3.17560694130513
600.463178512557,106.940868910526,4.22044081192649
389.830583212289,232.935925654162,4.23145526687552
566.223451903754,405.778135655682,4.74985634853897
135.760392909521,284.313621996098,4.62610869887356
200.804589677775,368.983809326685,4.10044410399449
127.416140942293,409.80702016695,3.4181864727467
625.045379080909,313.015511376959,4.53295144019706
5.2691945425781,149.000703627389,4.3182087888697
542.126894969124,203.772047519657,4.13656561452219
33.5093075991687,492.229281484158,2.91603740926688
279.510259816082,25.5808407276619,3.93557736208862
535.638007786548,394.455474202068,3.52087448928775
78.7543126541786,76.8310299357599,5.18135735185392
4.79993770451951,75.3791665759061,3.6681749021782
586.744034685938,221.166517718291,3.91942953197876
433.047959081144,458.326307613566,4.80953965744097
660.250103145022,374.254885131072,2.89312116751248
104.999001358383,483.273045077975,4.33827410879846
625.876287166479,91.1409835870491,4.10270418010475
420.538878115482,258.772634890841,3.56499654282847
11.8950989603588,181.45725799811,3.10497612579413
61.1928366676993,116.544525073531,4.34201125795149
616.385343563331,207.466943214762,4.37492193219102
252.876565103282,211.904309250301,3.71432929792708
561.215110081227,432.657029884405,3.95858906991971
305.704553879023,136.334124730432,3.82902152049403
528.734994150091,457.709167782121,3.58662090846391
49.2484767086809,423.788184231621,3.60578393003688
194.799608889148,287.145383245367,3.55953833009893
546.680093069,271.509060163162,3.77646410767612
148.573017979737,15.5393079435314,4.68013136764474
501.034305664229,338.268893291738,4.65097341227071
21.8732458597086,53.4092003949226,3.71848669803723
530.51354124934,160.302357891382,4.64053062326629
NA,NA,NA
659.899121457975,335.962629695955,3.6266364920037
459.194233441878,296.512468451431,3.69474453607239
8.29878811023144,494.612966039803,3.82643186480404
562.979086064685,56.3030214841244,4.08070576983659
69.636903282017,374.815237467113,3.9668541771156
226.330541821041,413.606525765389,3.99456060531025
429.916826039155,10.8620431147721,3.29253267734812
360.681605480741,292.941264375905,3.17560694130513
600.463178512557,106.940868910526,4.22044081192649
389.830583212289,232.935925654162,4.23145526687552
566.223451903754,405.778135655682,4.74985634853897
135.760392909521,284.313621996098,4.62610869887356
200.804589677775,368.983809326685,4.10044410399449
127.416140942293,409.80702016695,3.4181864727467
625.045379080909,313.015511376959,4.53295144019706
5.2691945425781,149.000703627389,4.3182087888697
542.126894969124,203.772047519657,4.13656561452219
33.5093075991687,492.229281484158,2.91603740926688
279.510259816082,25.5808407276619,3.93557736208862
535.638007786548,394.455474202068,3.52087448928775
78.7543126541786,76.8310299357599,5.18135735185392
4.79993770451951,75.3791665759061,3.6681749021782
586.744034685938,221.166517718291,3.91942953197876
433.047959081144,458.326307613566,4.80953965744097
660.250103145022,374.254885131072,2.89312116751248
104.999001358383,483.273045077975,4.33827410879846
625.876287166479,91.1409835870491,4.10270418010475
420.538878115482,258.772634890841,3.56499654282847
11.8950989603588,181.45725799811,3.10497612579413
61.1928366676993,116.544525073531,4.34201125795149
616.385343563331,207.466943214762,4.37492193219102
252.876565103282,211.904309250301,3.71432929792708
561.215110081227,432.657029884405,3.95858906991971
305.704553879023,136.334124730432,3.82902152049403
528.734994150091,457.709167782121,3.58662090846391
49.2484767086809,423.788184231621,3.60578393003688
194.799608889148,287.145383245367,3.55953833009893
546.680093069,271.509060163162,3.77646410767612
148.573017979737,15.5393079435314,4.68013136764474
501.034305664229,338.268893291738,4.65097341227071
21.8732458597086,53.4092003949226,3.71848669803723
530.51354124934,160.302357891382,4.64053062326629
NA,NA,NA
659.899121457975,335.962629695955,3.6266364920037
459.194233441878,296.512468451431,3.69474453607239
8.29878811023144,494.612966039803,3.82643186480404
562.979086064685,56.3030214841244,4.08070576983659
69.636903282017,374.815237467113,3.9668541771156
226.330541821041,413.606525765389,3.99456060531025
429.916826039155,10.8620431147721,3.29253267734812
360.681605480741,292.941264375905,3.17560694130513
600.463178512557,106.940868910526,4.22044081192649
389.830583212289,232.935925654162,4.23145526687552
566.223451903754,405.778135655682,4.74985634853897
135.760392909521,284.313621996098,4.62610869887356
200.804589677775,368.983809326685,4.10044410399449
127.416140942293,409.80702016695,3.4181864727467
625.045379080909,313.015511376959,4.53295144019706
5.2691945425781,149.000703627389,4.3182087888697
542.126894969124,203.772047519657,4.13656561452219
33.5093075991687,492.229281484158,2.91603740926688
279.510259816082,25.5808407276619,3.93557736208862
535.638007786548,394.455474202068,3.52087448928775
78.7543126541786,76.8310299357599,5.18135735185392
4.79993770451951,75.3791665759061,3.6681749021782
586.744034685938,221.166517718291,3.91942953197876
433.047959081144,458.326307613566,4.80953965744097
660.250103145022,374.254885131072,2.89312116751248
104.999001358383,483.273045077975,4.33827410879846
625.876287166479,91.1409835870491,4.10270418010475
420.538878115482,258.772634890841,3.56499654282847
11.8950989603588,181.45725799811,3.10497612579413
61.1928366676993,116.544525073531,4.34201125795149
616.385343563331,207.466943214762,4.37492193219102
252.876565103282,211.904309250301,3.71432929792708
561.215110081227,432.657029884405,3.95858906991971
305.704553879023,136.334124730432,3.82902152049403
528.734994150091,457.709167782121,3.58662090846391
49.2484767086809,423.788184231621,3.60578393003688
194.799608889148,287.145383245367,3.55953833009893
546.680093069,271.509060163162,3.77646410767612
148.573017979737,15.5393079435314,4.68013136764474
501.034305664229,338.268893291738,4.65097341227071
21.8732458597086,53.4092003949226,3.71848669803723
530.51354124934,160.302357891382,4.64053062326629
NA,NA,NA
659.899121457975,335.962629695955,3.6266364920037
459.194233441878,296.512468451431,3.69474453607239
8.29878811023144,494.612966039803,3.82643186480404
562.979086064685,56.3030214841244,4.08070576983659
69.636903282017,374.815237467113,3.9668541771156
226.330541821041,413.606525765389,3.99456060531025
429.916826039155,10.8620431147721,3.29253267734812
360.681605480741,292.941264375905,3.17560694130513
600.463178512557,106.940868910526,4.22044081192649
389.830583212289,232.935925654162,4.23145526687552
566.223451903754,405.778135655682,4.74985634853897
135.760392909521,284.313621996098,4.62610869887356
200.804589677775,368.983809326685,4.10044410399449
127.416140942293,409.80702016695,3.4181864727467
625.045379080909,313.015511376959,4.53295144019706
5.2691945425781,149.000703627389,4.3182087888697
542.126894969124,203.772047519657,4.13656561452219
33.5093075991687,492.229281484158,2.91603740926688
279.510259816082,25.5808407276619,3.93557736208862
535.638007786548,394.455474202068,3.52087448928775
78.7543126541786,76.8310299357599,5.18135735185392
4.79993770451951,75.3791665759061,3.6681749021782
586.744034685938,221.166517718291,3.91942953197876
433.047959081144,458.326307613566,4.80953965744097
660.250103145022,374.254885131072,2.89312116751248
104.999001358383,483.273045077975,4.33827410879846
625.876287166479,91.1409835870491,4.10270418010475
420.538878115482,258.772634890841,3.56499654282847
11.8950989603588,181.45725799811,3.10497612579413
61.1928366676993,116.544525073531,4.34201125795149
616.385343563331,207.466943214762,4.37492193219102
252.876565103282,211.904309250301,3.71432929792708
561.215110081227,432.657029884405,3.95858906991971
305.704553879023,136.334124730432,3.82902152049403
528.734994150091,457.709167782121,3.58662090846391
49.2484767086809,423.788184231621,3.60578393003688
194.799608889148,287.145383245367,3.55953833009893
546.680093069,271.509060163162,3.77646410767612
148.573017979737,15.5393079435314,4.68013136764474
501.034305664229,338.268893291738,4.65097341227071
21.8732458597086,53.4092003949226,3.71848669803723
530.51354124934,160.302357891382,4.64053062326629
NA,NA,NA
659.899121457975,335.962629695955,3.6266364920037
459.194233441878,296.512468451431,3.69474453607239
8.29878811023144,494.612966039803,3.82643186480404
562.979086064685,56.3030214841244,4.08070576983659
69.636903282017,374.815237467113,3.9668541771156
226.330541821041,413.606525765389,3.99456060531025
429.916826039155,10.8620431147721,3.29253267734812
360.681605480741,292.941264375905,3.17560694130513
600.463178512557,106.940868910526,4.22044081192649
389.830583212289,232.935925654162,4.23145526687552
566.223451903754,405.778135655682,4.74985634853897
135.760392909521,284.313621996098,4.62610869887356
200.804589677775,368.983809326685,4.10044410399449
127.416140942293,409.80702016695,3.4181864727467
625.045379080909,313.015511376959,4.53295144019706
5.2691945425781,149.000703627389,4.3182087888697
542.126894969124,203.772047519657,4.13656561452219
33.5093075991687,492.229281484158,2.91603740926688
279.510259816082,25.5808407276619,3.93557736208862
535.638007786548,394.455474202068,3.52087448928775
78.7543126541786,76.8310299357599,5.18135735185392
4.79993770451951,75.3791665759061,3.6681749021782
586.744034685938,221.166517718291,3.91942953197876
433.047959081144,458.326307613566,4.80953965744097
660.250103145022,374.254885131072,2.89312116751248
104.999001358383,483.273045077975,4.33827410879846
625.876287166479,91.1409835870491,4.10270418010475
420.538878115482,258.772634890841,3.56499654282847
11.8950989603588,181.45725799811,3.10497612579413
61.1928366676993,116.544525073531,4.34201125795149
616.385343563331,207.466943214762,4.37492193219102
252.876565103282,211.904309250301,3.71432929792708
561.215110081227,432.657029884405,3.95858906991971
305.704553879023,136.334124730432,3.82902152049403
528.734994150091,457.709167782121,3.58662090846391
49.2484767086809,423.788184231621,3.60578393003688
194.799608889148,287.145383245367,3.55953833009893
546.680093069,271.509060163162,3.77646410767612
148.573017979737,15.5393079435314,4.68013136764474
501.034305664229,338.268893291738,4.65097341227071
21.8732458597086,53.4092003949226,3.71848669803723
530.51354124934,160.302357891382,4.64053062326629
NA,NA,NA
663.532242037185,335.751605553527,3.3880122372532
454.54895609437,299.858792900801,3.68489595388724
13.3070164891183,496.277885519373,3.51023773651069
562.822111770878,50.0345395689304,4.23880231374835
74.0538838171951,378.211395504288,4.07822552862723
227.825874143336,414.904730474774,3.91752228969436
426.43646534833,13.6008475176258,3.31093400692439
363.354726117624,293.461806935184,2.86888726666375
603.162865170494,106.075917047816,4.20295235372827
388.993827989516,227.469994566362,4.15715411960011
572.329783122871,409.439742136977,4.71075910526475
134.563333272219,284.072510502335,4.52164925206267
194.798970817349,372.013667080039,3.95269925590914
126.452985720363,411.038897343664,3.2810180669356
625.568450635005,318.090723645986,4.56839025774044
-5.95095331173134,146.883071047622,4.18982015885933
545.01483294219,205.280637137148,4.09837018133648
33.2728166323136,493.275522042627,2.9850358067472
280.640405564151,26.735545372492,3.98415123904518
533.206110946091,392.170923126747,3.40619893006143
69.3333161053685,79.494126618758,5.2041268845606
3.51844589726006,74.6931964908438,3.47194632970477
589.950069144361,228.281863582347,4.01990930605981
434.768949862913,467.978294719615,4.79175179606135
658.853976292643,373.492264229427,2.87438412269348
107.860836050851,487.22145037474,4.3402390971311
622.001796710108,92.0498156344979,4.09470176298964
421.570404130655,262.4186533597,3.63145983434992
11.379236007376,180.534193807491,3.25187913958402
65.4410173857652,127.025808679292,4.54363188130154
615.682981118993,203.069021850052,4.36831802204206
253.177858060095,217.49699187573,3.97737464064376
575.975930192318,434.548208792472,4.1621808423299
301.763787812679,136.125615297106,3.96604657240862
527.418646974853,455.880712680762,3.68411938303004
44.9106438390792,415.81268744748,4.08125180009469
193.362891792616,284.998286708277,4.13085750875701
548.165065877087,263.150702187439,3.39142641426678
177.385644775471,35.6733882353084,4.36165956431336
506.819844116864,350.87800206033,4.506312076703
30.973514602284,50.554442704159,4.06961309297432
536.447793797749,158.364646284728,4.39358300127388
NA,NA,NA
663.532242037185,335.751605553527,3.3880122372532
454.54895609437,299.858792900801,3.68489595388724
13.3070164891183,496.277885519373,3.51023773651069
562.822111770878,50.0345395689304,4.23880231374835
74.0538838171951,378.211395504288,4.07822552862723
227.825874143336,414.904730474774,3.91752228969436
426.43646534833,13.6008475176258,3.31093400692439
363.354726117624,293.461806935184,2.86888726666375
603.162865170494,106.075917047816,4.20295235372827
388.993827989516,227.469994566362,4.15715411960011
572.329783122871,409.439742136977,4.71075910526475
134.563333272219,284.072510502335,4.52164925206267
194.798970817349,372.013667080039,3.95269925590914
126.452985720363,411.038897343664,3.2810180669356
625.568450635005,318.090723645986,4.56839025774044
-5.95095331173134,146.883071047622,4.18982015885933
545.01483294219,205.280637137148,4.09837018133648
33.2728166323136,493.275522042627,2.9850358067472
280.640405564151,26.735545372492,3.98415123904518
533.206110946091,392.170923126747,3.40619893006143
69.3333161053685,79.494126618758,5.2041268845606
3.51844589726006,74.6931964908438,3.47194632970477
589.950069144361,228.281863582347,4.01990930605981
434.768949862913,467.978294719615,4.79175179606135
658.853976292643,373.492264229427,2.87438412269348
107.860836050851,487.22145037474,4.3402390971311
622.001796710108,92.0498156344979,4.09470176298964
421.570404130655,262.4186533597,3.63145983434992
11.379236007376,180.534193807491,3.25187913958402
65.4410173857652,127.025808679292,4.54363188130154
615.682981118993,203.069021850052,4.36831802204206
253.177858060095,217.49699187573,3.97737464064376
575.975930192318,434.548208792472,4.1621808423299
301.763787812679,136.125615297106,3.96604657240862
527.418646974853,455.880712680762,3.68411938303004
44.9106438390792,415.81268744748,4.08125180009469
193.362891792616,284.998286708277,4.13085750875701
548.165065877087,263.150702187439,3.39142641426678
177.385644775471,35.6733882353084,4.36165956431336
506.819844116864,350.87800206033,4.506312076703
30.973514602284,50.554442704159,4.06961309297432
536.447793797749,158.364646284728,4.39358300127388
NA,NA,NA
663.532242037185,335.751605553527,3.3880122372532
454.54895609437,299.858792900801,3.68489595388724
13.3070164891183,496.277885519373,3.51023773651069
562.822111770878,50.0345395689304,4.23880231374835
74.0538838171951,378.211395504288,4.07822552862723
227.825874143336,414.904730474774,3.91752228969436
426.43646534833,13.6008475176258,3.31093400692439
363.354726117624,293.461806935184,2.86888726666375
603.162865170494,106.075917047816,4.20295235372827
388.993827989516,227.469994566362,4.15715411960011
572.329783122871,409.439742136977,4.71075910526475
134.563333272219,284.072510502335,4.52164925206267
194.798970817349,372.013667080039,3.95269925590914
126.452985720363,411.038897343664,3.2810180669356
625.568450635005,318.090723645986,4.56839025774044
-5.95095331173134,146.883071047622,4.18982015885933
545.01483294219,205.280637137148,4.09837018133648
33.2728166323136,493.275522042627,2.9850358067472
280.640405564151,26.735545372492,3.98415123904518
533.206110946091,392.170923126747,3.40619893006143
69.3333161053685,79.494126618758,5.2041268845606
3.51844589726006,74.6931964908438,3.47194632970477
589.950069144361,228.281863582347,4.01990930605981
434.768949862913,467.978294719615,4.79175179606135
658.853976292643,373.492264229427,2.87438412269348
107.860836050851,487.22145037474,4.3402390971311
622.001796710108,92.0498156344979,4.09470176298964
421.570404130655,262.4186533597,3.63145983434992
11.379236007376,180.534193807491,3.25187913958402
65.4410173857652,127.025808679292,4.54363188130154
615.682981118993,203.069021850052,4.36831802204206
253.177858060095,217.49699187573,3.97737464064376
575.975930192318,434.548208792472,4.1621808423299
301.763787812679,136.125615297106,3.96604657240862
527.418646974853,455.880712680762,3.68411938303004
44.9106438390792,415.81268744748,4.08125180009469
193.362891792616,284.998286708277,4.13085750875701
548.165065877087,263.150702187439,3.39142641426678
177.385644775471,35.6733882353084,4.36165956431336
506.819844116864,350.87800206033,4.506312076703
30.973514602284,50.554442704159,4.06961309297432
536.447793797749,158.364646284728,4.39358300127388
NA,NA,NA
663.532242037185,335.751605553527,3.3880122372532
454.54895609437,299.858792900801,3.68489595388724
13.3070164891183,496.277885519373,3.51023773651069
562.822111770878,50.0345395689304,4.23880231374835
74.0538838171951,378.211395504288,4.07822552862723
227.825874143336,414.904730474774,3.91752228969436
426.43646534833,13.6008475176258,3.31093400692439
363.354726117624,293.461806935184,2.86888726666375
603.162865170494,106.075917047816,4.20295235372827
388.993827989516,227.469994566362,4.15715411960011
572.329783122871,409.439742136977,4.71075910526475
134.563333272219,284.072510502335,4.52164925206267
194.798970817349,372.013667080039,3.95269925590914
126.452985720363,411.038897343664,3.2810180669356
625.568450635005,318.090723645986,4.56839025774044
-5.95095331173134,146.883071047622,4.18982015885933
545.01483294219,205.280637137148,4.09837018133648
33.2728166323136,493.275522042627,2.9850358067472
280.640405564151,26.735545372492,3.98415123904518
533.206110946091,392.170923126747,3.40619893006143
69.3333161053685,79.494126618758,5.2041268845606
3.51844589726006,74.6931964908438,3.47194632970477
589.950069144361,228.281863582347,4.01990930605981
434.768949862913,467.978294719615,4.79175179606135
658.853976292643,373.492264229427,2.87438412269348
107.860836050851,487.22145037474,4.3402390971311
622.001796710108,92.0498156344979,4.09470176298964
421.570404130655,262.4186533597,3.63145983434992
11.379236007376,180.534193807491,3.25187913958402
65.4410173857652,127.025808679292,4.54363188130154
615.682981118993,203.069021850052,4.36831802204206
253.177858060095,217.49699187573,3.97737464064376
575.975930192318,434.548208792472,4.1621808423299
301.763787812679,136.125615297106,3.96604657240862
527.418646974853,455.880712680762,3.68411938303004
44.9106438390792,415.81268744748,4.08125180009469
193.362891792616,284.998286708277,4.13085750875701
548.165065877087,263.150702187439,3.39142641426678
177.385644775471,35.6733882353084,4.36165956431336
506.819844116864,350.87800206033,4.506312076703
30.973514602284,50.554442704159,4.06961309297432
536.447793797749,158.364646284728,4.39358300127388
NA,NA,NA
663.532242037185,335.751605553527,3.3880122372532
454.54895609437,299.858792900801,3.68489595388724
13.3070164891183,496.277885519373,3.51023773651069
562.822111770878,50.0345395689304,4.23880231374835
74.0538838171951,378.211395504288,4.07822552862723
227.825874143336,414.904730474774,3.91752228969436
426.43646534833,13.6008475176258,3.31093400692439
363.354726117624,293.461806935184,2.86888726666375
603.162865170494,106.075917047816,4.20295235372827
388.993827989516,227.469994566362,4.15715411960011
572.329783122871,409.439742136977,4.71075910526475
134.563333272219,284.072510502335,4.52164925206267
194.798970817349,372.013667080039,3.95269925590914
126.452985720363,411.038897343664,3.2810180669356
625.568450635005,318.090723645986,4.56839025774044
-5.95095331173134,146.883071047622,4.18982015885933
545.01483294219,205.280637137148,4.09837018133648
33.2728166323136,493.275522042627,2.9850358067472
280.640405564151,26.735545372492,3.98415123904518
533.206110946091,392.170923126747,3.40619893006143
69.3333161053685,79.494126618758,5.2041268845606
3.51844589726006,74.6931964908438,3.47194632970477
589.950069144361,228.281863582347,4.01990930605981
434.768949862913,467.978294719615,4.79175179606135
658.853976292643,373.492264229427,2.87438412269348
107.860836050851,487.22145037474,4.3402390971311
622.001796710108,92.0498156344979,4.09470176298964
421.570404130655,262.4186533597,3.63145983434992
11.379236007376,180.534193807491,3.25187913958402
65.4410173857652,127.025808679292,4.54363188130154
615.682981118993,203.069021850052,4.36831802204206
253.177858060095,217.49699187573,3.97737464064376
575.975930192318,434.548208792472,4.1621808423299
301.763787812679,136.125615297106,3.96604657240862
527.418646974853,455.880712680762,3.68411938303004
44.9106438390792,415.81268744748,4.08125180009469
193.362891792616,284.998286708277,4.13085750875701
548.165065877087,263.150702187439,3.39142641426678
177.385644775471,35.6733882353084,4.36165956431336
506.819844116864,350.87800206033,4.506312076703
30.973514602284,50.554442704159,4.06961309297432
536.447793797749,158.364646284728,4.39358300127388
NA,NA,NA
663.532242037185,335.751605553527,3.3880122372532
454.54895609437,299.858792900801,3.68489595388724
13.3070164891183,496.277885519373,3.51023773651069
562.822111770878,50.0345395689304,4.23880231374835
74.0538838171951,378.211395504288,4.07822552862723
227.825874143336,414.904730474774,3.91752228969436
426.43646534833,13.6008475176258,3.31093400692439
363.354726117624,293.461806935184,2.86888726666375
603.162865170494,106.075917047816,4.20295235372827
388.993827989516,227.469994566362,4.15715411960011
572.329783122871,409.439742136977,4.71075910526475
134.563333272219,284.072510502335,4.52164925206267
194.798970817349,372.013667080039,3.95269925590914
126.452985720363,411.038897343664,3.2810180669356
625.568450635005,318.090723645986,4.56839025774044
-5.95095331173134,146.883071047622,4.18982015885933
545.01483294219,205.280637137148,4.09837018133648
33.2728166323136,493.275522042627,2.9850358067472
280.640405564151,26.735545372492,3.98415123904518
533.206110946091,392.170923126747,3.40619893006143
69.3333161053685,79.494126618758,5.2041268845606
3.51844589726006,74.6931964908438,3.47194632970477
589.950069144361,228.281863582347,4.01990930605981
434.768949862913,467.978294719615,4.79175179606135
658.853976292643,373.492264229427,2.87438412269348
107.860836050851,487.22145037474,4.3402390971311
622.001796710108,92.0498156344979,4.09470176298964
421.570404130655,262.4186533597,3.63145983434992
11.379236007376,180.534193807491,3.25187913958402
65.4410173857652,127.025808679292,4.54363188130154
615.682981118993,203.069021850052,4.36831802204206
253.177858060095,217.49699187573,3.97737464064376
575.975930192318,434.548208792472,4.1621808423299
301.763787812679,136.125615297106,3.96604657240862
527.418646974853,455.880712680762,3.68411938303004
44.9106438390792,415.81268744748,4.08125180009469
193.362891792616,284.998286708277,4.13085750875701
548.165065877087,263.150702187439,3.39142641426678
177.385644775471,35.6733882353084,4.36165956431336
506.819844116864,350.87800206033,4.506312076703
30.973514602284,50.554442704159,4.06961309297432
536.447793797749,158.364646284728,4.39358300127388
NA,NA,NA
661.967441022184,333.393206320888,3.55263040237039
456.789402537908,300.334448709026,3.63922972404979
12.8165731563337,491.874350661695,3.74264092375234
563.59462287459,53.6044978943184,4.09711848694661
76.2431207350328,375.652116038013,4.04637400310169
227.7034509272,415.468547773235,3.95117552197558
428.684539490533,14.432539572855,3.2613065410689
361.62184320351,293.369716290392,2.93390170374324
607.091322465542,106.702859533125,4.19671254733239
395.378557356755,226.745019357871,4.17116247109157
572.018951167009,406.574456829666,4.75036344213464
138.018138729321,275.354468746475,4.65371783592837
202.557735814232,366.868195812107,4.02773065777582
125.423105243697,408.559922259908,3.49166972759001
620.297404417408,313.818645250069,4.57768499837145
1.65420362639918,149.97649769052,4.2594337733806
544.244094281249,204.646395522541,4.11976936004793
33.2769039619473,493.645526337828,3.05612564568279
279.406022894197,23.7482914245636,3.9211173082129
535.315443458637,390.889304569855,3.32632859901117
67.7390060221345,77.7289682210619,5.13997615633281
2.65213190042961,76.9145289673139,3.45480419018474
590.267032390076,226.51905630894,4.06861731552816
437.361526047981,461.665504563962,4.74133547177401
661.074844280798,373.851189363752,2.87147674355831
104.267963609958,485.678134505118,4.46251207236195
617.160117096788,90.7711112331414,4.08826677737868
419.934731099215,257.487402354359,3.62843627573282
12.972209615465,180.34084866848,3.19542168009299
53.7034716076556,117.167222109124,4.66069645214471
594.918945698919,211.797722084962,4.34523253076145
258.713282109089,218.654350454794,3.82885705331112
573.734017997818,424.11531388849,3.92403451545571
303.63777770409,136.340050936627,3.85153597857392
536.279387657631,456.465723957321,3.37239929607229
52.053046728442,413.860391948733,3.61774894151941
203.017573700873,295.390041275459,4.0152555179283
545.778133903769,259.283740636517,3.7147033741195
159.749525699052,41.9740360804585,4.04732334492913
498.637176252941,343.192822933829,4.49238057356457
31.7385399985121,51.9777441049583,3.64240398855515
539.262563322298,161.648058167382,4.83562926704168
NA,NA,NA
661.967441022184,333.393206320888,3.55263040237039
456.789402537908,300.334448709026,3.63922972404979
12.8165731563337,491.874350661695,3.74264092375234
563.59462287459,53.6044978943184,4.09711848694661
76.2431207350328,375.652116038013,4.04637400310169
227.7034509272,415.468547773235,3.95117552197558
428.684539490533,14.432539572855,3.2613065410689
361.62184320351,293.369716290392,2.93390170374324
607.091322465542,106.702859533125,4.19671254733239
395.378557356755,226.745019357871,4.17116247109157
572.018951167009,406.574456829666,4.75036344213464
138.018138729321,275.354468746475,4.65371783592837
202.557735814232,366.868195812107,4.02773065777582
125.423105243697,408.559922259908,3.49166972759001
620.297404417408,313.818645250069,4.57768499837145
1.65420362639918,149.97649769052,4.2594337733806
544.244094281249,204.646395522541,4.11976936004793
33.2769039619473,493.645526337828,3.05612564568279
279.406022894197,23.7482914245636,3.9211173082129
535.315443458637,390.889304569855,3.32632859901117
67.7390060221345,77.7289682210619,5.13997615633281
2.65213190042961,76.9145289673139,3.45480419018474
590.267032390076,226.51905630894,4.06861731552816
437.361526047981,461.665504563962,4.74133547177401
661.074844280798,373.851189363752,2.87147674355831
104.267963609958,485.678134505118,4.46251207236195
617.160117096788,90.7711112331414,4.08826677737868
419.934731099215,257.487402354359,3.62843627573282
12.972209615465,180.34084866848,3.19542168009299
53.7034716076556,117.167222109124,4.66069645214471
594.918945698919,211.797722084962,4.34523253076145
258.713282109089,218.654350454794,3.82885705331112
573.734017997818,424.11531388849,3.92403451545571
303.63777770409,136.340050936627,3.85153597857392
536.279387657631,456.465723957321,3.37239929607229
52.053046728442,413.860391948733,3.61774894151941
203.017573700873,295.390041275459,4.0152555179283
545.778133903769,259.283740636517,3.7147033741195
159.749525699052,41.9740360804585,4.04732334492913
498.637176252941,343.192822933829,4.49238057356457
31.7385399985121,51.9777441049583,3.64240398855515
539.262563322298,161.648058167382,4.83562926704168
NA,NA,NA
661.967441022184,333.393206320888,3.55263040237039
456.789402537908,300.334448709026,3.63922972404979
12.8165731563337,491.874350661695,3.74264092375234
563.59462287459,53.6044978943184,4.09711848694661
76.2431207350328,375.652116038013,4.04637400310169
227.7034509272,415.468547773235,3.95117552197558
428.684539490533,14.432539572855,3.2613065410689
361.62184320351,293.369716290392,2.93390170374324
607.091322465542,106.702859533125,4.19671254733239
395.378557356755,226.745019357871,4.17116247109157
572.018951167009,406.574456829666,4.75036344213464
138.018138729321,275.354468746475,4.65371783592837
202.557735814232,366.868195812107,4.02773065777582
125.423105243697,408.559922259908,3.49166972759001
620.297404417408,313.818645250069,4.57768499837145
1.65420362639918,149.97649769052,4.2594337733806
544.244094281249,204.646395522541,4.11976936004793
33.2769039619473,493.645526337828,3.05612564568279
279.406022894197,23.7482914245636,3.9211173082129
535.315443458637,390.889304569855,3.32632859901117
67.7390060221345,77.7289682210619,5.13997615633281
2.65213190042961,76.9145289673139,3.45480419018474
590.267032390076,226.51905630894,4.06861731552816
437.361526047981,461.665504563962,4.74133547177401
661.074844280798,373.851189363752,2.87147674355831
104.267963609958,485.678134505118,4.46251207236195
617.160117096788,90.7711112331414,4.08826677737868
419.934731099215,257.487402354359,3.62843627573282
12.972209615465,180.34084866848,3.19542168009299
53.7034716076556,117.167222109124,4.66069645214471
594.918945698919,211.797722084962,4.34523253076145
258.713282109089,218.654350454794,3.82885705331112
573.734017997818,424.11531388849,3.92403451545571
303.63777770409,136.340050936627,3.85153597857392
536.279387657631,456.465723957321,3.37239929607229
52.053046728442,413.860391948733,3.61774894151941
203.017573700873,295.390041275459,4.0152555179283
545.778133903769,259.283740636517,3.7147033741195
159.749525699052,41.9740360804585,4.04732334492913
498.637176252941,343.192822933829,4.49238057356457
31.7385399985121,51.9777441049583,3.64240398855515
539.262563322298,161.648058167382,4.83562926704168
NA,NA,NA
661.967441022184,333.393206320888,3.55263040237039
456.789402537908,300.334448709026,3.63922972404979
12.8165731563337,491.874350661695,3.74264092375234
563.59462287459,53.6044978943184,4.09711848694661
76.2431207350328,375.652116038013,4.04637400310169
227.7034509272,415.468547773235,3.95117552197558
428.684539490533,14.432539572855,3.2613065410689
361.62184320351,293.369716290392,2.93390170374324
607.091322465542,106.702859533125,4.19671254733239
395.378557356755,226.745019357871,4.17116247109157
572.018951167009,406.574456829666,4.75036344213464
138.018138729321,275.354468746475,4.65371783592837
202.557735814232,366.868195812107,4.02773065777582
125.423105243697,408.559922259908,3.49166972759001
620.297404417408,313.818645250069,4.57768499837145
1.65420362639918,149.97649769052,4.2594337733806
544.244094281249,204.646395522541,4.11976936004793
33.2769039619473,493.645526337828,3.05612564568279
279.406022894197,23.7482914245636,3.9211173082129
535.315443458637,390.889304569855,3.32632859901117
67.7390060221345,77.7289682210619,5.13997615633281
2.65213190042961,76.9145289673139,3.45480419018474
590.267032390076,226.51905630894,4.06861731552816
437.361526047981,461.665504563962,4.74133547177401
661.074844280798,373.851189363752,2.87147674355831
104.267963609958,485.678134505118,4.46251207236195
617.160117096788,90.7711112331414,4.08826677737868
419.934731099215,257.487402354359,3.62843627573282
12.972209615465,180.34084866848,3.19542168009299
53.7034716076556,117.167222109124,4.66069645214471
594.918945698919,211.797722084962,4.34523253076145
258.713282109089,218.654350454794,3.82885705331112
573.734017997818,424.11531388849,3.92403451545571
303.63777770409,136.340050936627,3.85153597857392
536.279387657631,456.465723957321,3.37239929607229
52.053046728442,413.860391948733,3.61774894151941
203.017573700873,295.390041275459,4.0152555179283
545.778133903769,259.283740636517,3.7147033741195
159.749525699052,41.9740360804585,4.04732334492913
498.637176252941,343.192822933829,4.49238057356457
31.7385399985121,51.9777441049583,3.64240398855515
539.262563322298,161.648058167382,4.83562926704168
NA,NA,NA
661.967441022184,333.393206320888,3.55263040237039
456.789402537908,300.334448709026,3.63922972404979
12.8165731563337,491.874350661695,3.74264092375234
563.59462287459,53.6044978943184,4.09711848694661
76.2431207350328,375.652116038013,4.04637400310169
227.7034509272,415.468547773235,3.95117552197558
428.684539490533,14.432539572855,3.2613065410689
361.62184320351,293.369716290392,2.93390170374324
607.091322465542,106.702859533125,4.19671254733239
395.378557356755,226.745019357871,4.17116247109157
572.018951167009,406.574456829666,4.75036344213464
138.018138729321,275.354468746475,4.65371783592837
202.557735814232,366.868195812107,4.02773065777582
125.423105243697,408.559922259908,3.49166972759001
620.297404417408,313.818645250069,4.57768499837145
1.65420362639918,149.97649769052,4.2594337733806
544.244094281249,204.646395522541,4.11976936004793
33.2769039619473,493.645526337828,3.05612564568279
279.406022894197,23.7482914245636,3.9211173082129
535.315443458637,390.889304569855,3.32632859901117
67.7390060221345,77.7289682210619,5.13997615633281
2.65213190042961,76.9145289673139,3.45480419018474
590.267032390076,226.51905630894,4.06861731552816
437.361526047981,461.665504563962,4.74133547177401
661.074844280798,373.851189363752,2.87147674355831
104.267963609958,485.678134505118,4.46251207236195
617.160117096788,90.7711112331414,4.08826677737868
419.934731099215,257.487402354359,3.62843627573282
12.972209615465,180.34084866848,3.19542168009299
53.7034716076556,117.167222109124,4.66069645214471
594.918945698919,211.797722084962,4.34523253076145
258.713282109089,218.654350454794,3.82885705331112
573.734017997818,424.11531388849,3.92403451545571
303.63777770409,136.340050936627,3.85153597857392
536.279387657631,456.465723957321,3.37239929607229
52.053046728442,413.860391948733,3.61774894151941
203.017573700873,295.390041275459,4.0152555179283
545.778133903769,259.283740636517,3.7147033741195
159.749525699052,41.9740360804585,4.04732334492913
498.637176252941,343.192822933829,4.49238057356457
31.7385399985121,51.9777441049583,3.64240398855515
539.262563322298,161.648058167382,4.83562926704168
NA,NA,NA
661.967441022184,333.393206320888,3.55263040237039
456.789402537908,300.334448709026,3.63922972404979
12.8165731563337,491.874350661695,3.74264092375234
563.59462287459,53.6044978943184,4.09711848694661
76.2431207350328,375.652116038013,4.04637400310169
227.7034509272,415.468547773235,3.95117552197558
428.684539490533,14.432539572855,3.2613065410689
361.62184320351,293.369716290392,2.93390170374324
607.091322465542,106.702859533125,4.19671254733239
395.378557356755,226.745019357871,4.17116247109157
572.018951167009,406.574456829666,4.75036344213464
138.018138729321,275.354468746475,4.65371783592837
202.557735814232,366.868195812107,4.02773065777582
125.423105243697,408.559922259908,3.49166972759001
620.297404417408,313.818645250069,4.57768499837145
1.65420362639918,149.97649769052,4.2594337733806
544.244094281249,204.646395522541,4.11976936004793
33.2769039619473,493.645526337828,3.05612564568279
279.406022894197,23.7482914245636,3.9211173082129
535.315443458637,390.889304569855,3.32632859901117
67.7390060221345,77.7289682210619,5.13997615633281
2.65213190042961,76.9145289673139,3.45480419018474
590.267032390076,226.51905630894,4.06861731552816
437.361526047981,461.665504563962,4.74133547177401
661.074844280798,373.851189363752,2.87147674355831
104.267963609958,485.678134505118,4.46251207236195
617.160117096788,90.7711112331414,4.08826677737868
419.934731099215,257.487402354359,3.62843627573282
12.972209615465,180.34084866848,3.19542168009299
53.7034716076556,117.167222109124,4.66069645214471
594.918945698919,211.797722084962,4.34523253076145
258.713282109089,218.654350454794,3.82885705331112
573.734017997818,424.11531388849,3.92403451545571
303.63777770409,136.340050936627,3.85153597857392
536.279387657631,456.465723957321,3.37239929607229
52.053046728442,413.860391948733,3.61774894151941
203.017573700873,295.390041275459,4.0152555179283
545.778133903769,259.283740636517,3.7147033741195
159.749525699052,41.9740360804585,4.04732334492913
498.637176252941,343.192822933829,4.49238057356457
31.7385399985121,51.9777441049583,3.64240398855515
539.262563322298,161.648058167382,4.83562926704168
NA,NA,NA
659.568244074717,332.817708839529,3.54415589323748
451.423542897553,297.469137821105,3.74261911317946
10.8020408211292,493.730038761705,3.80722153946036
562.337786741072,47.1909525354245,4.32865564368395
69.9014368204231,373.386296846853,4.03631287430113
226.763919467909,413.918180636825,3.88376423435808
429.217832364675,14.5433763535967,3.3041240793492
361.941039021945,294.607375497053,3.11832109177611
598.108137548548,105.564812905715,4.24382092635726
388.876166826741,223.346020248639,4.17883615670887
565.940943078762,403.582551938058,4.71852016352383
141.968924261109,286.161867779051,4.50897649952566
196.172317348965,367.953182912611,3.99610426716056
129.588956420629,412.244078156543,3.39181490915405
623.477968073572,309.432856362595,4.47112561487058
1.49188180721306,150.365964625768,4.28018745639026
540.761118936575,207.023809704717,3.98409325164978
34.0436268994666,490.944866476517,2.90037348963547
276.864227833009,21.4178860624221,3.85692787092429
532.376457875093,393.548456877866,3.41053306132841
65.970179722479,78.0622966620508,5.21443953676148
2.79387422180982,74.3978513435666,3.43611519049677
588.994069476504,228.365577852035,4.01929843192806
439.683269649939,456.511543241312,4.82663368676103
659.588523199236,373.208543497755,3.07653108424562
107.06121039396,484.482407140029,4.35750672619524
621.829835639667,89.8010597718139,4.05434259926659
421.652743400812,257.763977720384,3.60883424732238
12.2409133635323,181.198325639988,3.16913791155972
65.124367085613,119.266486169042,4.50463290873427
615.80599175783,204.736363150755,4.19081438893042
257.072473508029,216.883233692843,3.75481753179328
570.85921460199,441.471538680358,3.98071298726219
298.017118697751,135.531566262124,3.8243965072175
527.982264652466,454.479679464375,3.72844713764653
47.0094111082551,420.129630209866,4.03348256947364
206.047111890217,296.627084851974,4.15274853018964
561.434829638272,257.312678926509,3.52089550820919
176.499871550312,34.8212033773135,4.65829941638486
498.207848338478,336.244383549392,4.41289254484334
40.7150344200281,50.1692303778739,3.59236425582246
534.046994873912,151.061569073167,4.46604417563584
NA,NA,NA
659.568244074717,332.817708839529,3.54415589323748
451.423542897553,297.469137821105,3.74261911317946
10.8020408211292,493.730038761705,3.80722153946036
562.337786741072,47.1909525354245,4.32865564368395
69.9014368204231,373.386296846853,4.03631287430113
226.763919467909,413.918180636825,3.88376423435808
429.217832364675,14.5433763535967,3.3041240793492
361.941039021945,294.607375497053,3.11832109177611
598.108137548548,105.564812905715,4.24382092635726
388.876166826741,223.346020248639,4.17883615670887
565.940943078762,403.582551938058,4.71852016352383
141.968924261109,286.161867779051,4.50897649952566
196.172317348965,367.953182912611,3.99610426716056
129.588956420629,412.244078156543,3.39181490915405
623.477968073572,309.432856362595,4.47112561487058
1.49188180721306,150.365964625768,4.28018745639026
540.761118936575,207.023809704717,3.98409325164978
34.0436268994666,490.944866476517,2.90037348963547
276.864227833009,21.4178860624221,3.85692787092429
532.376457875093,393.548456877866,3.41053306132841
65.970179722479,78.0622966620508,5.21443953676148
2.79387422180982,74.3978513435666,3.43611519049677
588.994069476504,228.365577852035,4.01929843192806
439.683269649939,456.511543241312,4.82663368676103
659.588523199236,373.208543497755,3.07653108424562
107.06121039396,484.482407140029,4.35750672619524
621.829835639667,89.8010597718139,4.05434259926659
421.652743400812,257.763977720384,3.60883424732238
12.2409133635323,181.198325639988,3.16913791155972
65.124367085613,119.266486169042,4.50463290873427
615.80599175783,204.736363150755,4.19081438893042
257.072473508029,216.883233692843,3.75481753179328
570.85921460199,441.471538680358,3.98071298726219
298.017118697751,135.531566262124,3.8243965072175
527.982264652466,454.479679464375,3.72844713764653
47.0094111082551,420.129630209866,4.03348256947364
206.047111890217,296.627084851974,4.15274853018964
561.434829638272,257.312678926509,3.52089550820919
176.499871550312,34.8212033773135,4.65829941638486
498.207848338478,336.244383549392,4.41289254484334
40.7150344200281,50.1692303778739,3.59236425582246
534.046994873912,151.061569073167,4.46604417563584
NA,NA,NA
659.568244074717,332.817708839529,3.54415589323748
451.423542897553,297.469137821105,3.74261911317946
10.8020408211292,493.730038761705,3.80722153946036
562.337786741072,47.1909525354245,4.32865564368395
69.9014368204231,373.386296846853,4.03631287430113
226.763919467909,413.918180636825,3.88376423435808
429.217832364675,14.5433763535967,3.3041240793492
361.941039021945,294.607375497053,3.11832109177611
598.108137548548,105.564812905715,4.24382092635726
388.876166826741,223.346020248639,4.17883615670887
565.940943078762,403.582551938058,4.71852016352383
141.968924261109,286.161867779051,4.50897649952566
196.172317348965,367.953182912611,3.99610426716056
129.588956420629,412.244078156543,3.39181490915405
623.477968073572,309.432856362595,4.47112561487058
1.49188180721306,150.365964625768,4.28018745639026
540.761118936575,207.023809704717,3.98409325164978
34.0436268994666,490.944866476517,2.90037348963547
276.864227833009,21.4178860624221,3.85692787092429
532.376457875093,393.548456877866,3.41053306132841
65.970179722479,78.0622966620508,5.21443953676148
2.79387422180982,74.3978513435666,3.43611519049677
588.994069476504,228.365577852035,4.01929843192806
439.683269649939,456.511543241312,4.82663368676103
659.588523199236,373.208543497755,3.07653108424562
107.06121039396,484.482407140029,4.35750672619524
621.829835639667,89.8010597718139,4.05434259926659
421.652743400812,257.763977720384,3.60883424732238
12.2409133635323,181.198325639988,3.16913791155972
65.124367085613,119.266486169042,4.50463290873427
615.80599175783,204.736363150755,4.19081438893042
257.072473508029,216.883233692843,3.75481753179328
570.85921460199,441.471538680358,3.98071298726219
298.017118697751,135.531566262124,3.8243965072175
527.982264652466,454.479679464375,3.72844713764653
47.0094111082551,420.129630209866,4.03348256947364
206.047111890217,296.627084851974,4.15274853018964
561.434829638272,257.312678926509,3.52089550820919
176.499871550312,34.8212033773135,4.65829941638486
498.207848338478,336.244383549392,4.41289254484334
40.7150344200281,50.1692303778739,3.59236425582246
534.046994873912,151.061569073167,4.46604417563584
NA,NA,NA
659.568244074717,332.817708839529,3.54415589323748
451.423542897553,297.469137821105,3.74261911317946
10.8020408211292,493.730038761705,3.80722153946036
562.337786741072,47.1909525354245,4.32865564368395
69.9014368204231,373.386296846853,4.03631287430113
226.763919467909,413.918180636825,3.88376423435808
429.217832364675,14.5433763535967,3.3041240793492
361.941039021945,294.607375497053,3.11832109177611
598.108137548548,105.564812905715,4.24382092635726
388.876166826741,223.346020248639,4.17883615670887
565.940943078762,403.582551938058,4.71852016352383
141.968924261109,286.161867779051,4.50897649952566
196.172317348965,367.953182912611,3.99610426716056
129.588956420629,412.244078156543,3.39181490915405
623.477968073572,309.432856362595,4.47112561487058
1.49188180721306,150.365964625768,4.28018745639026
540.761118936575,207.023809704717,3.98409325164978
34.0436268994666,490.944866476517,2.90037348963547
276.864227833009,21.4178860624221,3.85692787092429
532.376457875093,393.548456877866,3.41053306132841
65.970179722479,78.0622966620508,5.21443953676148
2.79387422180982,74.3978513435666,3.43611519049677
588.994069476504,228.365577852035,4.01929843192806
439.683269649939,456.511543241312,4.82663368676103
659.588523199236,373.208543497755,3.07653108424562
107.06121039396,484.482407140029,4.35750672619524
621.829835639667,89.8010597718139,4.05434259926659
421.652743400812,257.763977720384,3.60883424732238
12.2409133635323,181.198325639988,3.16913791155972
65.124367085613,119.266486169042,4.50463290873427
615.80599175783,204.736363150755,4.19081438893042
257.072473508029,216.883233692843,3.75481753179328
570.85921460199,441.471538680358,3.98071298726219
298.017118697751,135.531566262124,3.8243965072175
527.982264652466,454.479679464375,3.72844713764653
47.0094111082551,420.129630209866,4.03348256947364
206.047111890217,296.627084851974,4.15274853018964
561.434829638272,257.312678926509,3.52089550820919
176.499871550312,34.8212033773135,4.65829941638486
498.207848338478,336.244383549392,4.41289254484334
40.7150344200281,50.1692303778739,3.59236425582246
534.046994873912,151.061569073167,4.46604417563584
NA,NA,NA
659.568244074717,332.817708839529,3.54415589323748
451.423542897553,297.469137821105,3.74261911317946
10.8020408211292,493.730038761705,3.80722153946036
562.337786741072,47.1909525354245,4.32865564368395
69.9014368204231,373.386296846853,4.03631287430113
226.763919467909,413.918180636825,3.88376423435808
429.217832364675,14.5433763535967,3.3041240793492
361.941039021945,294.607375497053,3.11832109177611
598.108137548548,105.564812905715,4.24382092635726
388.876166826741,223.346020248639,4.17883615670887
565.940943078762,403.582551938058,4.71852016352383
141.968924261109,286.161867779051,4.50897649952566
196.172317348965,367.953182912611,3.99610426716056
129.588956420629,412.244078156543,3.39181490915405
623.477968073572,309.432856362595,4.47112561487058
1.49188180721306,150.365964625768,4.28018745639026
540.761118936575,207.023809704717,3.98409325164978
34.0436268994666,490.944866476517,2.90037348963547
276.864227833009,21.4178860624221,3.85692787092429
532.376457875093,393.548456877866,3.41053306132841
65.970179722479,78.0622966620508,5.21443953676148
2.79387422180982,74.3978513435666,3.43611519049677
588.994069476504,228.365577852035,4.01929843192806
439.683269649939,456.511543241312,4.82663368676103
659.588523199236,373.208543497755,3.07653108424562
107.06121039396,484.482407140029,4.35750672619524
621.829835639667,89.8010597718139,4.05434259926659
421.652743400812,257.763977720384,3.60883424732238
12.2409133635323,181.198325639988,3.16913791155972
65.124367085613,119.266486169042,4.50463290873427
615.80599175783,204.736363150755,4.19081438893042
257.072473508029,216.883233692843,3.75481753179328
570.85921460199,441.471538680358,3.98071298726219
298.017118697751,135.531566262124,3.8243965072175
527.982264652466,454.479679464375,3.72844713764653
47.0094111082551,420.129630209866,4.03348256947364
206.047111890217,296.627084851974,4.15274853018964
561.434829638272,257.312678926509,3.52089550820919
176.499871550312,34.8212033773135,4.65829941638486
498.207848338478,336.244383549392,4.41289254484334
40.7150344200281,50.1692303778739,3.59236425582246
534.046994873912,151.061569073167,4.46604417563584
NA,NA,NA
659.568244074717,332.817708839529,3.54415589323748
451.423542897553,297.469137821105,3.74261911317946
10.8020408211292,493.730038761705,3.80722153946036
562.337786741072,47.1909525354245,4.32865564368395
69.9014368204231,373.386296846853,4.03631287430113
226.763919467909,413.918180636825,3.88376423435808
429.217832364675,14.5433763535967,3.3041240793492
361.941039021945,294.607375497053,3.11832109177611
598.108137548548,105.564812905715,4.24382092635726
388.876166826741,223.346020248639,4.17883615670887
565.940943078762,403.582551938058,4.71852016352383
141.968924261109,286.161867779051,4.50897649952566
196.172317348965,367.953182912611,3.99610426716056
129.588956420629,412.244078156543,3.39181490915405
623.477968073572,309.432856362595,4.47112561487058
1.49188180721306,150.365964625768,4.28018745639026
540.761118936575,207.023809704717,3.98409325164978
34.0436268994666,490.944866476517,2.90037348963547
276.864227833009,21.4178860624221,3.85692787092429
532.376457875093,393.548456877866,3.41053306132841
65.970179722479,78.0622966620508,5.21443953676148
2.79387422180982,74.3978513435666,3.43611519049677
588.994069476504,228.365577852035,4.01929843192806
439.683269649939,456.511543241312,4.82663368676103
659.588523199236,373.208543497755,3.07653108424562
107.06121039396,484.482407140029,4.35750672619524
621.829835639667,89.8010597718139,4.05434259926659
421.652743400812,257.763977720384,3.60883424732238
12.2409133635323,181.198325639988,3.16913791155972
65.124367085613,119.266486169042,4.50463290873427
615.80599175783,204.736363150755,4.19081438893042
257.072473508029,216.883233692843,3.75481753179328
570.85921460199,441.471538680358,3.98071298726219
298.017118697751,135.531566262124,3.8243965072175
527.982264652466,454.479679464375,3.72844713764653
47.0094111082551,420.129630209866,4.03348256947364
206.047111890217,296.627084851974,4.15274853018964
561.434829638272,257.312678926509,3.52089550820919
176.499871550312,34.8212033773135,4.65829941638486
498.207848338478,336.244383549392,4.41289254484334
40.7150344200281,50.1692303778739,3.59236425582246
534.046994873912,151.061569073167,4.46604417563584
NA,NA,NA
661.645358881978,334.744786066884,3.44337095660496
455.011745550167,302.672632048328,3.8129412244429
11.8458137198167,493.320751339195,3.64394030141604
558.650477064998,52.3890618201945,4.13534965860637
71.7918431849264,372.210963337406,3.94100089799664
230.106990790319,413.102667064484,3.86681341868783
427.575062963106,12.0768317905239,3.37204011270877
359.374874121657,292.445984792619,3.01312184111047
599.715304728517,107.959109031905,4.0924882463423
393.961443375733,227.616394208112,4.3360436916277
572.99003585305,404.584545349118,4.80659688601433
139.043036890217,281.241835426726,4.58987615133338
197.698019720878,362.615120785795,4.07488434551164
123.62063964709,410.599239863553,3.2731732888199
630.364598477973,311.370169943589,4.5356673976424
2.17450042287014,145.086722884773,4.21993945139514
541.915435966653,209.082522653683,4.19012712537257
34.1744799925217,489.884594463825,3.03536282703878
282.164453446729,20.9607900576993,3.83818878913324
531.638276309936,392.041185013893,3.43847379445843
74.1511826703921,76.7602415292166,5.26280735687085
6.54337968332806,76.0982284925364,3.56700368727343
588.610775037619,226.294887834663,4.03016210733183
434.721045286282,456.176759352239,4.74010108942613
658.930480536566,375.174308763928,2.94333445311794
106.260837393723,487.505622226425,4.36532140316629
624.481600275109,90.3793118147581,4.08823393044061
420.565139802414,259.376603528181,3.61315202458291
10.0146931882034,182.868464441144,3.20891171944242
69.3272555081905,123.706406470207,4.36223475632944
609.659625988495,189.172158981088,4.41073140108855
251.169376004591,219.893094275348,3.9052050637008
573.164833291421,434.752109734885,3.91806047287148
298.401934878284,137.91033941842,3.91836635523881
526.433116995913,456.644450248232,3.68173559322358
42.2292401592537,420.726641055582,3.59780939248993
199.935290389255,281.855446846201,4.17525468752256
557.036792352583,270.715307183751,3.67204916905507
165.32839991763,38.3100350729653,3.95428801490169
513.212012611188,340.108526387381,4.31461405241213
32.0528709923801,58.3526303304426,3.81723224005325
542.553642163122,153.81762173966,4.92472011782946
NA,NA,NA
661.645358881978,334.744786066884,3.44337095660496
455.011745550167,302.672632048328,3.8129412244429
11.8458137198167,493.320751339195,3.64394030141604
558.650477064998,52.3890618201945,4.13534965860637
71.7918431849264,372.210963337406,3.94100089799664
230.106990790319,413.102667064484,3.86681341868783
427.575062963106,12.0768317905239,3.37204011270877
359.374874121657,292.445984792619,3.01312184111047
599.715304728517,107.959109031905,4.0924882463423
393.961443375733,227.616394208112,4.3360436916277
572.99003585305,404.584545349118,4.80659688601433
139.043036890217,281.241835426726,4.58987615133338
197.698019720878,362.615120785795,4.07488434551164
123.62063964709,410.599239863553,3.2731732888199
630.364598477973,311.370169943589,4.5356673976424
2.17450042287014,145.086722884773,4.21993945139514
541.915435966653,209.082522653683,4.19012712537257
34.1744799925217,489.884594463825,3.03536282703878
282.164453446729,20.9607900576993,3.83818878913324
531.638276309936,392.041185013893,3.43847379445843
74.1511826703921,76.7602415292166,5.26280735687085
6.54337968332806,76.0982284925364,3.56700368727343
588.610775037619,226.294887834663,4.03016210733183
434.721045286282,456.176759352239,4.74010108942613
658.930480536566,375.174308763928,2.94333445311794
106.260837393723,487.505622226425,4.36532140316629
624.481600275109,90.3793118147581,4.08823393044061
420.565139802414,259.376603528181,3.61315202458291
10.0146931882034,182.868464441144,3.20891171944242
69.3272555081905,123.706406470207,4.36223475632944
609.659625988495,189.172158981088,4.41073140108855
251.169376004591,219.893094275348,3.9052050637008
573.164833291421,434.752109734885,3.91806047287148
298.401934878284,137.91033941842,3.91836635523881
526.433116995913,456.644450248232,3.68173559322358
42.2292401592537,420.726641055582,3.59780939248993
199.935290389255,281.855446846201,4.17525468752256
557.036792352583,270.715307183751,3.67204916905507
165.32839991763,38.3100350729653,3.95428801490169
513.212012611188,340.108526387381,4.31461405241213
32.0528709923801,58.3526303304426,3.81723224005325
542.553642163122,153.81762173966,4.92472011782946
NA,NA,NA
661.645358881978,334.744786066884,3.44337095660496
455.011745550167,302.672632048328,3.8129412244429
11.8458137198167,493.320751339195,3.64394030141604
558.650477064998,52.3890618201945,4.13534965860637
71.7918431849264,372.210963337406,3.94100089799664
230.106990790319,413.102667064484,3.86681341868783
427.575062963106,12.0768317905239,3.37204011270877
359.374874121657,292.445984792619,3.01312184111047
599.715304728517,107.959109031905,4.0924882463423
393.961443375733,227.616394208112,4.3360436916277
572.99003585305,404.584545349118,4.80659688601433
139.043036890217,281.241835426726,4.58987615133338
197.698019720878,362.615120785795,4.07488434551164
123.62063964709,410.599239863553,3.2731732888199
630.364598477973,311.370169943589,4.5356673976424
2.17450042287014,145.086722884773,4.21993945139514
541.915435966653,209.082522653683,4.19012712537257
34.1744799925217,489.884594463825,3.03536282703878
282.164453446729,20.9607900576993,3.83818878913324
531.638276309936,392.041185013893,3.43847379445843
74.1511826703921,76.7602415292166,5.26280735687085
6.54337968332806,76.0982284925364,3.56700368727343
588.610775037619,226.294887834663,4.03016210733183
434.721045286282,456.176759352239,4.74010108942613
658.930480536566,375.174308763928,2.94333445311794
106.260837393723,487.505622226425,4.36532140316629
624.481600275109,90.3793118147581,4.08823393044061
420.565139802414,259.376603528181,3.61315202458291
10.0146931882034,182.868464441144,3.20891171944242
69.3272555081905,123.706406470207,4.36223475632944
609.659625988495,189.172158981088,4.41073140108855
251.169376004591,219.893094275348,3.9052050637008
573.164833291421,434.752109734885,3.91806047287148
298.401934878284,137.91033941842,3.91836635523881
526.433116995913,456.644450248232,3.68173559322358
42.2292401592537,420.726641055582,3.59780939248993
199.935290389255,281.855446846201,4.17525468752256
557.036792352583,270.715307183751,3.67204916905507
165.32839991763,38.3100350729653,3.95428801490169
513.212012611188,340.108526387381,4.31461405241213
32.0528709923801,58.3526303304426,3.81723224005325
542.553642163122,153.81762173966,4.92472011782946
NA,NA,NA
661.645358881978,334.744786066884,3.44337095660496
455.011745550167,302.672632048328,3.8129412244429
11.8458137198167,493.320751339195,3.64394030141604
558.650477064998,52.3890618201945,4.13534965860637
71.7918431849264,372.210963337406,3.94100089799664
230.106990790319,413.102667064484,3.86681341868783
427.575062963106,12.0768317905239,3.37204011270877
359.374874121657,292.445984792619,3.01312184111047
599.715304728517,107.959109031905,4.0924882463423
393.961443375733,227.616394208112,4.3360436916277
572.99003585305,404.584545349118,4.80659688601433
139.043036890217,281.241835426726,4.58987615133338
197.698019720878,362.615120785795,4.07488434551164
123.62063964709,410.599239863553,3.2731732888199
630.364598477973,311.370169943589,4.5356673976424
2.17450042287014,145.086722884773,4.21993945139514
541.915435966653,209.082522653683,4.19012712537257
34.1744799925217,489.884594463825,3.03536282703878
282.164453446729,20.9607900576993,3.83818878913324
531.638276309936,392.041185013893,3.43847379445843
74.1511826703921,76.7602415292166,5.26280735687085
6.54337968332806,76.0982284925364,3.56700368727343
588.610775037619,226.294887834663,4.03016210733183
434.721045286282,456.176759352239,4.74010108942613
658.930480536566,375.174308763928,2.94333445311794
106.260837393723,487.505622226425,4.36532140316629
624.481600275109,90.3793118147581,4.08823393044061
420.565139802414,259.376603528181,3.61315202458291
10.0146931882034,182.868464441144,3.20891171944242
69.3272555081905,123.706406470207,4.36223475632944
609.659625988495,189.172158981088,4.41073140108855
251.169376004591,219.893094275348,3.9052050637008
573.164833291421,434.752109734885,3.91806047287148
298.401934878284,137.91033941842,3.91836635523881
526.433116995913,456.644450248232,3.68173559322358
42.2292401592537,420.726641055582,3.59780939248993
199.935290389255,281.855446846201,4.17525468752256
557.036792352583,270.715307183751,3.67204916905507
165.32839991763,38.3100350729653,3.95428801490169
513.212012611188,340.108526387381,4.31461405241213
32.0528709923801,58.3526303304426,3.81723224005325
542.553642163122,153.81762173966,4.92472011782946
NA,NA,NA
661.645358881978,334.744786066884,3.44337095660496
455.011745550167,302.672632048328,3.8129412244429
11.8458137198167,493.320751339195,3.64394030141604
558.650477064998,52.3890618201945,4.13534965860637
71.7918431849264,372.210963337406,3.94100089799664
230.106990790319,413.102667064484,3.86681341868783
427.575062963106,12.0768317905239,3.37204011270877
359.374874121657,292.445984792619,3.01312184111047
599.715304728517,107.959109031905,4.0924882463423
393.961443375733,227.616394208112,4.3360436916277
572.99003585305,404.584545349118,4.80659688601433
139.043036890217,281.241835426726,4.58987615133338
197.698019720878,362.615120785795,4.07488434551164
123.62063964709,410.599239863553,3.2731732888199
630.364598477973,311.370169943589,4.5356673976424
2.17450042287014,145.086722884773,4.21993945139514
541.915435966653,209.082522653683,4.19012712537257
34.1744799925217,489.884594463825,3.03536282703878
282.164453446729,20.9607900576993,3.83818878913324
531.638276309936,392.041185013893,3.43847379445843
74.1511826703921,76.7602415292166,5.26280735687085
6.54337968332806,76.0982284925364,3.56700368727343
588.610775037619,226.294887834663,4.03016210733183
434.721045286282,456.176759352239,4.74010108942613
658.930480536566,375.174308763928,2.94333445311794
106.260837393723,487.505622226425,4.36532140316629
624.481600275109,90.3793118147581,4.08823393044061
420.565139802414,259.376603528181,3.61315202458291
10.0146931882034,182.868464441144,3.20891171944242
69.3272555081905,123.706406470207,4.36223475632944
609.659625988495,189.172158981088,4.41073140108855
251.169376004591,219.893094275348,3.9052050637008
573.164833291421,434.752109734885,3.91806047287148
298.401934878284,137.91033941842,3.91836635523881
526.433116995913,456.644450248232,3.68173559322358
42.2292401592537,420.726641055582,3.59780939248993
199.935290389255,281.855446846201,4.17525468752256
557.036792352583,270.715307183751,3.67204916905507
165.32839991763,38.3100350729653,3.95428801490169
513.212012611188,340.108526387381,4.31461405241213
32.0528709923801,58.3526303304426,3.81723224005325
542.553642163122,153.81762173966,4.92472011782946
NA,NA,NA
661.645358881978,334.744786066884,3.44337095660496
455.011745550167,302.672632048328,3.8129412244429
11.8458137198167,493.320751339195,3.64394030141604
558.650477064998,52.3890618201945,4.13534965860637
71.7918431849264,372.210963337406,3.94100089799664
230.106990790319,413.102667064484,3.86681341868783
427.575062963106,12.0768317905239,3.37204011270877
359.374874121657,292.445984792619,3.01312184111047
599.715304728517,107.959109031905,4.0924882463423
393.961443375733,227.616394208112,4.3360436916277
572.99003585305,404.584545349118,4.80659688601433
139.043036890217,281.241835426726,4.58987615133338
197.698019720878,362.615120785795,4.07488434551164
123.62063964709,410.599239863553,3.2731732888199
630.364598477973,311.370169943589,4.5356673976424
2.17450042287014,145.086722884773,4.21993945139514
541.915435966653,209.082522653683,4.19012712537257
34.1744799925217,489.884594463825,3.03536282703878
282.164453446729,20.9607900576993,3.83818878913324
531.638276309936,392.041185013893,3.43847379445843
74.1511826703921,76.7602415292166,5.26280735687085
6.54337968332806,76.0982284925364,3.56700368727343
588.610775037619,226.294887834663,4.03016210733183
434.721045286282,456.176759352239,4.74010108942613
658.930480536566,375.174308763928,2.94333445311794
106.260837393723,487.505622226425,4.36532140316629
624.481600275109,90.3793118147581,4.08823393044061
420.565139802414,259.376603528181,3.61315202458291
10.0146931882034,182.868464441144,3.20891171944242
69.3272555081905,123.706406470207,4.36223475632944
609.659625988495,189.172158981088,4.41073140108855
251.169376004591,219.893094275348,3.9052050637008
573.164833291421,434.752109734885,3.91806047287148
298.401934878284,137.91033941842,3.91836635523881
526.433116995913,456.644450248232,3.68173559322358
42.2292401592537,420.726641055582,3.59780939248993
199.935290389255,281.855446846201,4.17525468752256
557.036792352583,270.715307183751,3.67204916905507
165.32839991763,38.3100350729653,3.95428801490169
513.212012611188,340.108526387381,4.31461405241213
32.0528709923801,58.3526303304426,3.81723224005325
542.553642163122,153.81762173966,4.92472011782946
NA,NA,NA
657.929225102582,331.109069622767,3.47028683322994
458.48523717824,300.217181534961,3.63291933585279
8.03524947042037,489.795249530046,3.55629233682442
558.756036611798,51.3080471205277,4.1734800221792
73.6075980477304,376.73240505367,3.84540236744884
227.963693402284,416.079537822505,3.86283464836249
431.435331181941,13.0263723089807,3.30847484121157
361.169131776866,292.320324144868,3.1921742268054
603.785615807978,105.239828794274,4.12724783519148
394.095716435297,230.786253953532,4.13038251033188
564.885481857078,408.726657760656,4.72078621033339
133.650709610138,284.154060707829,4.59642445046533
200.718801008386,367.460189022283,3.85785097687761
125.408600430526,410.889254502761,3.45947776763526
621.45130289712,315.484142131904,4.64960701439584
-6.43610996654325,146.139830502861,4.34749701889776
541.851796553579,202.231967900514,4.09220429906606
34.8736044674165,490.565881647179,3.20259916699727
274.517541986548,21.8109622180513,3.87693950085053
529.874075220414,392.121585599418,3.37046990255946
73.0798239965211,75.1570692751838,5.29005675298691
2.8206174295833,76.738322047134,3.43282941028852
584.116149965757,224.004918218949,3.9599627116253
441.856711152932,462.025625075866,4.77729206525903
659.193512608419,371.926828000192,3.03294839578601
106.003245212561,487.737367737315,4.30637847684206
622.673647285123,94.6491494386229,4.06371149859336
420.583544796301,262.267544949876,3.54284414356994
11.5853398431812,183.705460738951,3.20081190881204
65.1210877003492,129.778451654095,4.45036192896835
616.166923558233,202.710920355549,4.12233493960119
253.301116410543,218.542990698286,3.8522057222162
571.230044014976,439.033923487318,3.92682988245092
303.176888406614,136.550880644229,3.75108848781044
527.329113100329,452.04238383438,3.6446011186978
42.6007558955009,413.753970894141,3.82391713962879
203.511444359741,287.995407914088,3.901840974591
564.447199338796,267.562135412923,3.94477079464876
186.895816099581,23.9793112887393,4.53179127911559
491.066708463576,337.744685740392,4.63564523067171
36.2610211569633,43.9845580674963,3.85065543451593
527.764090220678,157.510376866956,4.43087359316001
NA,NA,NA
657.929225102582,331.109069622767,3.47028683322994
458.48523717824,300.217181534961,3.63291933585279
8.03524947042037,489.795249530046,3.55629233682442
558.756036611798,51.3080471205277,4.1734800221792
73.6075980477304,376.73240505367,3.84540236744884
227.963693402284,416.079537822505,3.86283464836249
431.435331181941,13.0263723089807,3.30847484121157
361.169131776866,292.320324144868,3.1921742268054
603.785615807978,105.239828794274,4.12724783519148
394.095716435297,230.786253953532,4.13038251033188
564.885481857078,408.726657760656,4.72078621033339
133.650709610138,284.154060707829,4.59642445046533
200.718801008386,367.460189022283,3.85785097687761
125.408600430526,410.889254502761,3.45947776763526
621.45130289712,315.484142131904,4.64960701439584
-6.43610996654325,146.139830502861,4.34749701889776
541.851796553579,202.231967900514,4.09220429906606
34.8736044674165,490.565881647179,3.20259916699727
274.517541986548,21.8109622180513,3.87693950085053
529.874075220414,392.121585599418,3.37046990255946
73.0798239965211,75.1570692751838,5.29005675298691
2.8206174295833,76.738322047134,3.43282941028852
584.116149965757,224.004918218949,3.9599627116253
441.856711152932,462.025625075866,4.77729206525903
659.193512608419,371.926828000192,3.03294839578601
106.003245212561,487.737367737315,4.30637847684206
622.673647285123,94.6491494386229,4.06371149859336
420.583544796301,262.267544949876,3.54284414356994
11.5853398431812,183.705460738951,3.20081190881204
65.1210877003492,129.778451654095,4.45036192896835
616.166923558233,202.710920355549,4.12233493960119
253.301116410543,218.542990698286,3.8522057222162
571.230044014976,439.033923487318,3.92682988245092
303.176888406614,136.550880644229,3.75108848781044
527.329113100329,452.04238383438,3.6446011186978
42.6007558955009,413.753970894141,3.82391713962879
203.511444359741,287.995407914088,3.901840974591
564.447199338796,267.562135412923,3.94477079464876
186.895816099581,23.9793112887393,4.53179127911559
491.066708463576,337.744685740392,4.63564523067171
36.2610211569633,43.9845580674963,3.85065543451593
527.764090220678,157.510376866956,4.43087359316001
NA,NA,NA
657.929225102582,331.109069622767,3.47028683322994
458.48523717824,300.217181534961,3.63291933585279
8.03524947042037,489.795249530046,3.55629233682442
558.756036611798,51.3080471205277,4.1734800221792
73.6075980477304,376.73240505367,3.84540236744884
227.963693402284,416.079537822505,3.86283464836249
431.435331181941,13.0263723089807,3.30847484121157
361.169131776866,292.320324144868,3.1921742268054
603.785615807978,105.239828794274,4.12724783519148
394.095716435297,230.786253953532,4.13038251033188
564.885481857078,408.726657760656,4.72078621033339
133.650709610138,284.154060707829,4.59642445046533
200.718801008386,367.460189022283,3.85785097687761
125.408600430526,410.889254502761,3.45947776763526
621.45130289712,315.484142131904,4.64960701439584
-6.43610996654325,146.139830502861,4.34749701889776
541.851796553579,202.231967900514,4.09220429906606
34.8736044674165,490.565881647179,3.20259916699727
274.517541986548,21.8109622180513,3.87693950085053
529.874075220414,392.121585599418,3.37046990255946
73.0798239965211,75.1570692751838,5.29005675298691
2.8206174295833,76.738322047134,3.43282941028852
584.116149965757,224.004918218949,3.9599627116253
441.856711152932,462.025625075866,4.77729206525903
659.193512608419,371.926828000192,3.03294839578601
106.003245212561,487.737367737315,4.30637847684206
622.673647285123,94.6491494386229,4.06371149859336
420.583544796301,262.267544949876,3.54284414356994
11.5853398431812,183.705460738951,3.20081190881204
65.1210877003492,129.778451654095,4.45036192896835
616.166923558233,202.710920355549,4.12233493960119
253.301116410543,218.542990698286,3.8522057222162
571.230044014976,439.033923487318,3.92682988245092
303.176888406614,136.550880644229,3.75108848781044
527.329113100329,452.04238383438,3.6446011186978
42.6007558955009,413.753970894141,3.82391713962879
203.511444359741,287.995407914088,3.901840974591
564.447199338796,267.562135412923,3.94477079464876
186.895816099581,23.9793112887393,4.53179127911559
491.066708463576,337.744685740392,4.63564523067171
36.2610211569633,43.9845580674963,3.85065543451593
527.764090220678,157.510376866956,4.43087359316001
NA,NA,NA
657.929225102582,331.109069622767,3.47028683322994
458.48523717824,300.217181534961,3.63291933585279
8.03524947042037,489.795249530046,3.55629233682442
558.756036611798,51.3080471205277,4.1734800221792
73.6075980477304,376.73240505367,3.84540236744884
227.963693402284,416.079537822505,3.86283464836249
431.435331181941,13.0263723089807,3.30847484121157
361.169131776866,292.320324144868,3.1921742268054
603.785615807978,105.239828794274,4.12724783519148
394.095716435297,230.786253953532,4.13038251033188
564.885481857078,408.726657760656,4.72078621033339
133.650709610138,284.154060707829,4.59642445046533
200.718801008386,367.460189022283,3.85785097687761
125.408600430526,410.889254502761,3.45947776763526
621.45130289712,315.484142131904,4.64960701439584
-6.43610996654325,146.139830502861,4.34749701889776
541.851796553579,202.231967900514,4.09220429906606
34.8736044674165,490.565881647179,3.20259916699727
274.517541986548,21.8109622180513,3.87693950085053
529.874075220414,392.121585599418,3.37046990255946
73.0798239965211,75.1570692751838,5.29005675298691
2.8206174295833,76.738322047134,3.43282941028852
584.116149965757,224.004918218949,3.9599627116253
441.856711152932,462.025625075866,4.77729206525903
659.193512608419,371.926828000192,3.03294839578601
106.003245212561,487.737367737315,4.30637847684206
622.673647285123,94.6491494386229,4.06371149859336
420.583544796301,262.267544949876,3.54284414356994
11.5853398431812,183.705460738951,3.20081190881204
65.1210877003492,129.778451654095,4.45036192896835
616.166923558233,202.710920355549,4.12233493960119
253.301116410543,218.542990698286,3.8522057222162
571.230044014976,439.033923487318,3.92682988245092
303.176888406614,136.550880644229,3.75108848781044
527.329113100329,452.04238383438,3.6446011186978
42.6007558955009,413.753970894141,3.82391713962879
203.511444359741,287.995407914088,3.901840974591
564.447199338796,267.562135412923,3.94477079464876
186.895816099581,23.9793112887393,4.53179127911559
491.066708463576,337.744685740392,4.63564523067171
36.2610211569633,43.9845580674963,3.85065543451593
527.764090220678,157.510376866956,4.43087359316001
NA,NA,NA
657.929225102582,331.109069622767,3.47028683322994
458.48523717824,300.217181534961,3.63291933585279
8.03524947042037,489.795249530046,3.55629233682442
558.756036611798,51.3080471205277,4.1734800221792
73.6075980477304,376.73240505367,3.84540236744884
227.963693402284,416.079537822505,3.86283464836249
431.435331181941,13.0263723089807,3.30847484121157
361.169131776866,292.320324144868,3.1921742268054
603.785615807978,105.239828794274,4.12724783519148
394.095716435297,230.786253953532,4.13038251033188
564.885481857078,408.726657760656,4.72078621033339
133.650709610138,284.154060707829,4.59642445046533
200.718801008386,367.460189022283,3.85785097687761
125.408600430526,410.889254502761,3.45947776763526
621.45130289712,315.484142131904,4.64960701439584
-6.43610996654325,146.139830502861,4.34749701889776
541.851796553579,202.231967900514,4.09220429906606
34.8736044674165,490.565881647179,3.20259916699727
274.517541986548,21.8109622180513,3.87693950085053
529.874075220414,392.121585599418,3.37046990255946
73.0798239965211,75.1570692751838,5.29005675298691
2.8206174295833,76.738322047134,3.43282941028852
584.116149965757,224.004918218949,3.9599627116253
441.856711152932,462.025625075866,4.77729206525903
659.193512608419,371.926828000192,3.03294839578601
106.003245212561,487.737367737315,4.30637847684206
622.673647285123,94.6491494386229,4.06371149859336
420.583544796301,262.267544949876,3.54284414356994
11.5853398431812,183.705460738951,3.20081190881204
65.1210877003492,129.778451654095,4.45036192896835
616.166923558233,202.710920355549,4.12233493960119
253.301116410543,218.542990698286,3.8522057222162
571.230044014976,439.033923487318,3.92682988245092
303.176888406614,136.550880644229,3.75108848781044
527.329113100329,452.04238383438,3.6446011186978
42.6007558955009,413.753970894141,3.82391713962879
203.511444359741,287.995407914088,3.901840974591
564.447199338796,267.562135412923,3.94477079464876
186.895816099581,23.9793112887393,4.53179127911559
491.066708463576,337.744685740392,4.63564523067171
36.2610211569633,43.9845580674963,3.85065543451593
527.764090220678,157.510376866956,4.43087359316001
NA,NA,NA
657.929225102582,331.109069622767,3.47028683322994
458.48523717824,300.217181534961,3.63291933585279
8.03524947042037,489.795249530046,3.55629233682442
558.756036611798,51.3080471205277,4.1734800221792
73.6075980477304,376.73240505367,3.84540236744884
227.963693402284,416.079537822505,3.86283464836249
431.435331181941,13.0263723089807,3.30847484121157
361.169131776866,292.320324144868,3.1921742268054
603.785615807978,105.239828794274,4.12724783519148
394.095716435297,230.786253953532,4.13038251033188
564.885481857078,408.726657760656,4.72078621033339
133.650709610138,284.154060707829,4.59642445046533
200.718801008386,367.460189022283,3.85785097687761
125.408600430526,410.889254502761,3.45947776763526
621.45130289712,315.484142131904,4.64960701439584
-6.43610996654325,146.139830502861,4.34749701889776
541.851796553579,202.231967900514,4.09220429906606
34.8736044674165,490.565881647179,3.20259916699727
274.517541986548,21.8109622180513,3.87693950085053
529.874075220414,392.121585599418,3.37046990255946
73.0798239965211,75.1570692751838,5.29005675298691
2.8206174295833,76.738322047134,3.43282941028852
584.116149965757,224.004918218949,3.9599627116253
441.856711152932,462.025625075866,4.77729206525903
659.193512608419,371.926828000192,3.03294839578601
106.003245212561,487.737367737315,4.30637847684206
622.673647285123,94.6491494386229,4.06371149859336
420.583544796301,262.267544949876,3.54284414356994
11.5853398431812,183.705460738951,3.20081190881204
65.1210877003492,129.778451654095,4.45036192896835
616.166923558233,202.710920355549,4.12233493960119
253.301116410543,218.542990698286,3.8522057222162
571.230044014976,439.033923487318,3.92682988245092
303.176888406614,136.550880644229,3.75108848781044
527.329113100329,452.04238383438,3.6446011186978
42.6007558955009,413.753970894141,3.82391713962879
203.511444359741,287.995407914088,3.901840974591
564.447199338796,267.562135412923,3.94477079464876
186.895816099581,23.9793112887393,4.53179127911559
491.066708463576,337.744685740392,4.63564523067171
36.2610211569633,43.9845580674963,3.85065543451593
527.764090220678,157.510376866956,4.43087359316001
NA,NA,NA
664.161859405968,339.53951030993,3.4771686995793
455.442184721587,298.48023933396,3.62402613783509
9.33554563487897,493.743872142359,3.53845533945277
557.069631261064,46.3524889904813,4.16273894818366
67.3901859129695,375.694121114341,3.94796612929346
225.292145764457,410.268182220407,3.83985277886652
428.905029751624,12.6538821392001,3.21013120846878
361.750849056906,294.41073410998,3.0733719978411
608.816337930706,103.901029092456,4.17724644392166
394.176937182668,229.639173834085,4.1398394027762
573.435779366277,405.26562465492,4.7153963152771
140.846861855239,284.992868545356,4.388640875272
196.658699830655,371.133158794487,3.96473079106079
124.589270558489,413.176038887129,3.33014160770503
634.690510229096,312.635901530945,4.53226486707565
3.47955899434769,151.495190666804,4.15525245776738
543.95872815276,199.4680593729,4.3476329170029
35.282373709273,489.608153937203,2.98955841442075
280.467485065839,21.908580058445,4.00700901873713
534.536031922894,390.429042712531,3.41543863442488
80.2322221008134,85.9456489914748,5.26077129908333
8.21680994021279,76.8060172024432,3.53040675400934
591.093741832189,227.492663229543,3.96752403863012
443.284890136933,468.843937756532,4.82602780357382
658.647406612173,373.196760161067,3.08020875871587
105.789597978966,482.999990422838,4.38653539983583
622.562311918815,89.2422876275454,4.04131287376523
420.631713472716,257.914425405183,3.57805063009933
9.83337936648579,183.759023685093,3.36563458328732
70.9359644710132,97.8996730864366,4.59883132086191
610.497019062921,217.423614866212,4.01115640534654
260.700075566757,221.637066350607,3.88087586445591
571.733969739482,440.215837748931,3.93930922243101
301.328832127127,141.569554659711,3.81541084453064
523.999036365867,463.817604655305,3.49241294232731
40.7279343283335,418.093653100287,3.68634171028174
184.737699136851,281.855316749419,4.20530895338852
547.200438068084,264.344391383173,3.7898040850603
175.64561701767,38.0977366140908,4.28193412900638
498.701391542152,347.238304519058,4.50688522959826
40.1256158699096,42.7182249678895,4.02538228563201
536.230508928273,130.203708437022,4.95195300697703
NA,NA,NA
664.161859405968,339.53951030993,3.4771686995793
455.442184721587,298.48023933396,3.62402613783509
9.33554563487897,493.743872142359,3.53845533945277
557.069631261064,46.3524889904813,4.16273894818366
67.3901859129695,375.694121114341,3.94796612929346
225.292145764457,410.268182220407,3.83985277886652
428.905029751624,12.6538821392001,3.21013120846878
361.750849056906,294.41073410998,3.0733719978411
608.816337930706,103.901029092456,4.17724644392166
394.176937182668,229.639173834085,4.1398394027762
573.435779366277,405.26562465492,4.7153963152771
140.846861855239,284.992868545356,4.388640875272
196.658699830655,371.133158794487,3.96473079106079
124.589270558489,413.176038887129,3.33014160770503
634.690510229096,312.635901530945,4.53226486707565
3.47955899434769,151.495190666804,4.15525245776738
543.95872815276,199.4680593729,4.3476329170029
35.282373709273,489.608153937203,2.98955841442075
280.467485065839,21.908580058445,4.00700901873713
534.536031922894,390.429042712531,3.41543863442488
80.2322221008134,85.9456489914748,5.26077129908333
8.21680994021279,76.8060172024432,3.53040675400934
591.093741832189,227.492663229543,3.96752403863012
443.284890136933,468.843937756532,4.82602780357382
658.647406612173,373.196760161067,3.08020875871587
105.789597978966,482.999990422838,4.38653539983583
622.562311918815,89.2422876275454,4.04131287376523
420.631713472716,257.914425405183,3.57805063009933
9.83337936648579,183.759023685093,3.36563458328732
70.9359644710132,97.8996730864366,4.59883132086191
610.497019062921,217.423614866212,4.01115640534654
260.700075566757,221.637066350607,3.88087586445591
571.733969739482,440.215837748931,3.93930922243101
301.328832127127,141.569554659711,3.81541084453064
523.999036365867,463.817604655305,3.49241294232731
40.7279343283335,418.093653100287,3.68634171028174
184.737699136851,281.855316749419,4.20530895338852
547.200438068084,264.344391383173,3.7898040850603
175.64561701767,38.0977366140908,4.28193412900638
498.701391542152,347.238304519058,4.50688522959826
40.1256158699096,42.7182249678895,4.02538228563201
536.230508928273,130.203708437022,4.95195300697703
NA,NA,NA
664.161859405968,339.53951030993,3.4771686995793
455.442184721587,298.48023933396,3.62402613783509
9.33554563487897,493.743872142359,3.53845533945277
557.069631261064,46.3524889904813,4.16273894818366
67.3901859129695,375.694121114341,3.94796612929346
225.292145764457,410.268182220407,3.83985277886652
428.905029751624,12.6538821392001,3.21013120846878
361.750849056906,294.41073410998,3.0733719978411
608.816337930706,103.901029092456,4.17724644392166
394.176937182668,229.639173834085,4.1398394027762
573.435779366277,405.26562465492,4.7153963152771
140.846861855239,284.992868545356,4.388640875272
196.658699830655,371.133158794487,3.96473079106079
124.589270558489,413.176038887129,3.33014160770503
634.690510229096,312.635901530945,4.53226486707565
3.47955899434769,151.495190666804,4.15525245776738
543.95872815276,199.4680593729,4.3476329170029
35.282373709273,489.608153937203,2.98955841442075
280.467485065839,21.908580058445,4.00700901873713
534.536031922894,390.429042712531,3.41543863442488
80.2322221008134,85.9456489914748,5.26077129908333
8.21680994021279,76.8060172024432,3.53040675400934
591.093741832189,227.492663229543,3.96752403863012
443.284890136933,468.843937756532,4.82602780357382
658.647406612173,373.196760161067,3.08020875871587
105.789597978966,482.999990422838,4.38653539983583
622.562311918815,89.2422876275454,4.04131287376523
420.631713472716,257.914425405183,3.57805063009933
9.83337936648579,183.759023685093,3.36563458328732
70.9359644710132,97.8996730864366,4.59883132086191
610.497019062921,217.423614866212,4.01115640534654
260.700075566757,221.637066350607,3.88087586445591
571.733969739482,440.215837748931,3.93930922243101
301.328832127127,141.569554659711,3.81541084453064
523.999036365867,463.817604655305,3.49241294232731
40.7279343283335,418.093653100287,3.68634171028174
184.737699136851,281.855316749419,4.20530895338852
547.200438068084,264.344391383173,3.7898040850603
175.64561701767,38.0977366140908,4.28193412900638
498.701391542152,347.238304519058,4.50688522959826
40.1256158699096,42.7182249678895,4.02538228563201
536.230508928273,130.203708437022,4.95195300697703
NA,NA,NA
664.161859405968,339.53951030993,3.4771686995793
455.442184721587,298.48023933396,3.62402613783509
9.33554563487897,493.743872142359,3.53845533945277
557.069631261064,46.3524889904813,4.16273894818366
67.3901859129695,375.694121114341,3.94796612929346
225.292145764457,410.268182220407,3.83985277886652
428.905029751624,12.6538821392001,3.21013120846878
361.750849056906,294.41073410998,3.0733719978411
608.816337930706,103.901029092456,4.17724644392166
394.176937182668,229.639173834085,4.1398394027762
573.435779366277,405.26562465492,4.7153963152771
140.846861855239,284.992868545356,4.388640875272
196.658699830655,371.133158794487,3.96473079106079
124.589270558489,413.176038887129,3.33014160770503
634.690510229096,312.635901530945,4.53226486707565
3.47955899434769,151.495190666804,4.15525245776738
543.95872815276,199.4680593729,4.3476329170029
35.282373709273,489.608153937203,2.98955841442075
280.467485065839,21.908580058445,4.00700901873713
534.536031922894,390.429042712531,3.41543863442488
80.2322221008134,85.9456489914748,5.26077129908333
8.21680994021279,76.8060172024432,3.53040675400934
591.093741832189,227.492663229543,3.96752403863012
443.284890136933,468.843937756532,4.82602780357382
658.647406612173,373.196760161067,3.08020875871587
105.789597978966,482.999990422838,4.38653539983583
622.562311918815,89.2422876275454,4.04131287376523
420.631713472716,257.914425405183,3.57805063009933
9.83337936648579,183.759023685093,3.36563458328732
70.9359644710132,97.8996730864366,4.59883132086191
610.497019062921,217.423614866212,4.01115640534654
260.700075566757,221.637066350607,3.88087586445591
571.733969739482,440.215837748931,3.93930922243101
301.328832127127,141.569554659711,3.81541084453064
523.999036365867,463.817604655305,3.49241294232731
40.7279343283335,418.093653100287,3.68634171028174
184.737699136851,281.855316749419,4.20530895338852
547.200438068084,264.344391383173,3.7898040850603
175.64561701767,38.0977366140908,4.28193412900638
498.701391542152,347.238304519058,4.50688522959826
40.1256158699096,42.7182249678895,4.02538228563201
536.230508928273,130.203708437022,4.95195300697703
NA,NA,NA
664.161859405968,339.53951030993,3.4771686995793
455.442184721587,298.48023933396,3.62402613783509
9.33554563487897,493.743872142359,3.53845533945277
557.069631261064,46.3524889904813,4.16273894818366
67.3901859129695,375.694121114341,3.94796612929346
225.292145764457,410.268182220407,3.83985277886652
428.905029751624,12.6538821392001,3.21013120846878
361.750849056906,294.41073410998,3.0733719978411
608.816337930706,103.901029092456,4.17724644392166
394.176937182668,229.639173834085,4.1398394027762
573.435779366277,405.26562465492,4.7153963152771
140.846861855239,284.992868545356,4.388640875272
196.658699830655,371.133158794487,3.96473079106079
124.589270558489,413.176038887129,3.33014160770503
634.690510229096,312.635901530945,4.53226486707565
3.47955899434769,151.495190666804,4.15525245776738
543.95872815276,199.4680593729,4.3476329170029
35.282373709273,489.608153937203,2.98955841442075
280.467485065839,21.908580058445,4.00700901873713
534.536031922894,390.429042712531,3.41543863442488
80.2322221008134,85.9456489914748,5.26077129908333
8.21680994021279,76.8060172024432,3.53040675400934
591.093741832189,227.492663229543,3.96752403863012
443.284890136933,468.843937756532,4.82602780357382
658.647406612173,373.196760161067,3.08020875871587
105.789597978966,482.999990422838,4.38653539983583
622.562311918815,89.2422876275454,4.04131287376523
420.631713472716,257.914425405183,3.57805063009933
9.83337936648579,183.759023685093,3.36563458328732
70.9359644710132,97.8996730864366,4.59883132086191
610.497019062921,217.423614866212,4.01115640534654
260.700075566757,221.637066350607,3.88087586445591
571.733969739482,440.215837748931,3.93930922243101
301.328832127127,141.569554659711,3.81541084453064
523.999036365867,463.817604655305,3.49241294232731
40.7279343283335,418.093653100287,3.68634171028174
184.737699136851,281.855316749419,4.20530895338852
547.200438068084,264.344391383173,3.7898040850603
175.64561701767,38.0977366140908,4.28193412900638
498.701391542152,347.238304519058,4.50688522959826
40.1256158699096,42.7182249678895,4.02538228563201
536.230508928273,130.203708437022,4.95195300697703
NA,NA,NA
664.161859405968,339.53951030993,3.4771686995793
455.442184721587,298.48023933396,3.62402613783509
9.33554563487897,493.743872142359,3.53845533945277
557.069631261064,46.3524889904813,4.16273894818366
67.3901859129695,375.694121114341,3.94796612929346
225.292145764457,410.268182220407,3.83985277886652
428.905029751624,12.6538821392001,3.21013120846878
361.750849056906,294.41073410998,3.0733719978411
608.816337930706,103.901029092456,4.17724644392166
394.176937182668,229.639173834085,4.1398394027762
573.435779366277,405.26562465492,4.7153963152771
140.846861855239,284.992868545356,4.388640875272
196.658699830655,371.133158794487,3.96473079106079
124.589270558489,413.176038887129,3.33014160770503
634.690510229096,312.635901530945,4.53226486707565
3.47955899434769,151.495190666804,4.15525245776738
543.95872815276,199.4680593729,4.3476329170029
35.282373709273,489.608153937203,2.98955841442075
280.467485065839,21.908580058445,4.00700901873713
534.536031922894,390.429042712531,3.41543863442488
80.2322221008134,85.9456489914748,5.26077129908333
8.21680994021279,76.8060172024432,3.53040675400934
591.093741832189,227.492663229543,3.96752403863012
443.284890136933,468.843937756532,4.82602780357382
658.647406612173,373.196760161067,3.08020875871587
105.789597978966,482.999990422838,4.38653539983583
622.562311918815,89.2422876275454,4.04131287376523
420.631713472716,257.914425405183,3.57805063009933
9.83337936648579,183.759023685093,3.36563458328732
70.9359644710132,97.8996730864366,4.59883132086191
610.497019062921,217.423614866212,4.01115640534654
260.700075566757,221.637066350607,3.88087586445591
571.733969739482,440.215837748931,3.93930922243101
301.328832127127,141.569554659711,3.81541084453064
523.999036365867,463.817604655305,3.49241294232731
40.7279343283335,418.093653100287,3.68634171028174
184.737699136851,281.855316749419,4.20530895338852
547.200438068084,264.344391383173,3.7898040850603
175.64561701767,38.0977366140908,4.28193412900638
498.701391542152,347.238304519058,4.50688522959826
40.1256158699096,42.7182249678895,4.02538228563201
536.230508928273,130.203708437022,4.95195300697703
NA,NA,NA
662.710261258362,335.044763816918,3.5660375565821
459.622065219179,294.991351406138,3.6031121666492
12.9905639445813,487.857420210866,3.77572050355126
558.206772595763,54.3581663077003,4.18416173731299
67.7138560095578,378.123983506444,4.04446034930672
227.78118543969,418.109539576918,3.87153828615082
426.944733718363,12.8765518779085,3.15813320763737
364.121461176416,293.781816492435,3.0556748970317
605.13227298863,101.091030333367,4.25438309603746
389.190924033644,234.252474892608,4.09318287001212
567.287995933147,400.36212044909,4.72814480387167
143.731194085021,277.872785114298,4.63556185629324
197.464952688241,373.330197672633,4.09533760453601
126.234600657189,411.887665208601,3.52847325234617
623.160899490437,312.513433592094,4.48527199371684
-3.86429927303157,145.43588814725,4.25928552957587
545.139933581833,207.561431982471,4.11615217445469
34.767674386736,493.10468946771,2.8932176693983
280.496179423465,21.5524194779492,3.83902793921505
536.671830158863,392.314755755349,3.35081592026006
78.7532503274899,74.105843693796,5.20215525905667
5.03694622808932,73.933282406069,3.51489721596948
591.127030438352,228.426412389862,4.01549162129148
439.702034414729,455.60681900968,4.82434077539384
660.024424869507,373.420355488667,3.20081575312991
99.9293319365736,485.904250782125,4.35123810676343
623.465294248461,93.7127763089655,4.09738237455516
419.563572574491,256.803269571792,3.66373077652567
10.2827602632494,182.494953809988,3.14823874042161
67.6047183389175,101.199439531501,4.32499752220876
608.88797968231,209.161711354178,4.09393270529553
256.796317378368,224.958430843297,4.2719452744093
572.769258114043,428.921849416268,3.79491024290645
300.984387088544,133.541600901303,4.08580310721529
525.499752172935,457.060093493921,3.63861038803012
50.9051650182637,413.951394119605,3.6783030074107
201.209422271227,296.109716291498,4.25266612786818
549.214414655229,257.549971467322,3.66629722161308
172.319015885572,37.5660144308112,4.67188854601926
498.500497571373,347.663835694552,4.53280893961508
43.6006597926143,55.7315720391146,3.97416546349198
528.286942787266,141.993886503323,4.72705981060323
NA,NA,NA
662.710261258362,335.044763816918,3.5660375565821
459.622065219179,294.991351406138,3.6031121666492
12.9905639445813,487.857420210866,3.77572050355126
558.206772595763,54.3581663077003,4.18416173731299
67.7138560095578,378.123983506444,4.04446034930672
227.78118543969,418.109539576918,3.87153828615082
426.944733718363,12.8765518779085,3.15813320763737
364.121461176416,293.781816492435,3.0556748970317
605.13227298863,101.091030333367,4.25438309603746
389.190924033644,234.252474892608,4.09318287001212
567.287995933147,400.36212044909,4.72814480387167
143.731194085021,277.872785114298,4.63556185629324
197.464952688241,373.330197672633,4.09533760453601
126.234600657189,411.887665208601,3.52847325234617
623.160899490437,312.513433592094,4.48527199371684
-3.86429927303157,145.43588814725,4.25928552957587
545.139933581833,207.561431982471,4.11615217445469
34.767674386736,493.10468946771,2.8932176693983
280.496179423465,21.5524194779492,3.83902793921505
536.671830158863,392.314755755349,3.35081592026006
78.7532503274899,74.105843693796,5.20215525905667
5.03694622808932,73.933282406069,3.51489721596948
591.127030438352,228.426412389862,4.01549162129148
439.702034414729,455.60681900968,4.82434077539384
660.024424869507,373.420355488667,3.20081575312991
99.9293319365736,485.904250782125,4.35123810676343
623.465294248461,93.7127763089655,4.09738237455516
419.563572574491,256.803269571792,3.66373077652567
10.2827602632494,182.494953809988,3.14823874042161
67.6047183389175,101.199439531501,4.32499752220876
608.88797968231,209.161711354178,4.09393270529553
256.796317378368,224.958430843297,4.2719452744093
572.769258114043,428.921849416268,3.79491024290645
300.984387088544,133.541600901303,4.08580310721529
525.499752172935,457.060093493921,3.63861038803012
50.9051650182637,413.951394119605,3.6783030074107
201.209422271227,296.109716291498,4.25266612786818
549.214414655229,257.549971467322,3.66629722161308
172.319015885572,37.5660144308112,4.67188854601926
498.500497571373,347.663835694552,4.53280893961508
43.6006597926143,55.7315720391146,3.97416546349198
528.286942787266,141.993886503323,4.72705981060323
NA,NA,NA
662.710261258362,335.044763816918,3.5660375565821
459.622065219179,294.991351406138,3.6031121666492
12.9905639445813,487.857420210866,3.77572050355126
558.206772595763,54.3581663077003,4.18416173731299
67.7138560095578,378.123983506444,4.04446034930672
227.78118543969,418.109539576918,3.87153828615082
426.944733718363,12.8765518779085,3.15813320763737
364.121461176416,293.781816492435,3.0556748970317
605.13227298863,101.091030333367,4.25438309603746
389.190924033644,234.252474892608,4.09318287001212
567.287995933147,400.36212044909,4.72814480387167
143.731194085021,277.872785114298,4.63556185629324
197.464952688241,373.330197672633,4.09533760453601
126.234600657189,411.887665208601,3.52847325234617
623.160899490437,312.513433592094,4.48527199371684
-3.86429927303157,145.43588814725,4.25928552957587
545.139933581833,207.561431982471,4.11615217445469
34.767674386736,493.10468946771,2.8932176693983
280.496179423465,21.5524194779492,3.83902793921505
536.671830158863,392.314755755349,3.35081592026006
78.7532503274899,74.105843693796,5.20215525905667
5.03694622808932,73.933282406069,3.51489721596948
591.127030438352,228.426412389862,4.01549162129148
439.702034414729,455.60681900968,4.82434077539384
660.024424869507,373.420355488667,3.20081575312991
99.9293319365736,485.904250782125,4.35123810676343
623.465294248461,93.7127763089655,4.09738237455516
419.563572574491,256.803269571792,3.66373077652567
10.2827602632494,182.494953809988,3.14823874042161
67.6047183389175,101.199439531501,4.32499752220876
608.88797968231,209.161711354178,4.09393270529553
256.796317378368,224.958430843297,4.2719452744093
572.769258114043,428.921849416268,3.79491024290645
300.984387088544,133.541600901303,4.08580310721529
525.499752172935,457.060093493921,3.63861038803012
50.9051650182637,413.951394119605,3.6783030074107
201.209422271227,296.109716291498,4.25266612786818
549.214414655229,257.549971467322,3.66629722161308
172.319015885572,37.5660144308112,4.67188854601926
498.500497571373,347.663835694552,4.53280893961508
43.6006597926143,55.7315720391146,3.97416546349198
528.286942787266,141.993886503323,4.72705981060323
NA,NA,NA
662.710261258362,335.044763816918,3.5660375565821
459.622065219179,294.991351406138,3.6031121666492
12.9905639445813,487.857420210866,3.77572050355126
558.206772595763,54.3581663077003,4.18416173731299
67.7138560095578,378.123983506444,4.04446034930672
227.78118543969,418.109539576918,3.87153828615082
426.944733718363,12.8765518779085,3.15813320763737
364.121461176416,293.781816492435,3.0556748970317
605.13227298863,101.091030333367,4.25438309603746
389.190924033644,234.252474892608,4.09318287001212
567.287995933147,400.36212044909,4.72814480387167
143.731194085021,277.872785114298,4.63556185629324
197.464952688241,373.330197672633,4.09533760453601
126.234600657189,411.887665208601,3.52847325234617
623.160899490437,312.513433592094,4.48527199371684
-3.86429927303157,145.43588814725,4.25928552957587
545.139933581833,207.561431982471,4.11615217445469
34.767674386736,493.10468946771,2.8932176693983
280.496179423465,21.5524194779492,3.83902793921505
536.671830158863,392.314755755349,3.35081592026006
78.7532503274899,74.105843693796,5.20215525905667
5.03694622808932,73.933282406069,3.51489721596948
591.127030438352,228.426412389862,4.01549162129148
439.702034414729,455.60681900968,4.82434077539384
660.024424869507,373.420355488667,3.20081575312991
99.9293319365736,485.904250782125,4.35123810676343
623.465294248461,93.7127763089655,4.09738237455516
419.563572574491,256.803269571792,3.66373077652567
10.2827602632494,182.494953809988,3.14823874042161
67.6047183389175,101.199439531501,4.32499752220876
608.88797968231,209.161711354178,4.09393270529553
256.796317378368,224.958430843297,4.2719452744093
572.769258114043,428.921849416268,3.79491024290645
300.984387088544,133.541600901303,4.08580310721529
525.499752172935,457.060093493921,3.63861038803012
50.9051650182637,413.951394119605,3.6783030074107
201.209422271227,296.109716291498,4.25266612786818
549.214414655229,257.549971467322,3.66629722161308
172.319015885572,37.5660144308112,4.67188854601926
498.500497571373,347.663835694552,4.53280893961508
43.6006597926143,55.7315720391146,3.97416546349198
528.286942787266,141.993886503323,4.72705981060323
NA,NA,NA
662.710261258362,335.044763816918,3.5660375565821
459.622065219179,294.991351406138,3.6031121666492
12.9905639445813,487.857420210866,3.77572050355126
558.206772595763,54.3581663077003,4.18416173731299
67.7138560095578,378.123983506444,4.04446034930672
227.78118543969,418.109539576918,3.87153828615082
426.944733718363,12.8765518779085,3.15813320763737
364.121461176416,293.781816492435,3.0556748970317
605.13227298863,101.091030333367,4.25438309603746
389.190924033644,234.252474892608,4.09318287001212
567.287995933147,400.36212044909,4.72814480387167
143.731194085021,277.872785114298,4.63556185629324
197.464952688241,373.330197672633,4.09533760453601
126.234600657189,411.887665208601,3.52847325234617
623.160899490437,312.513433592094,4.48527199371684
-3.86429927303157,145.43588814725,4.25928552957587
545.139933581833,207.561431982471,4.11615217445469
34.767674386736,493.10468946771,2.8932176693983
280.496179423465,21.5524194779492,3.83902793921505
536.671830158863,392.314755755349,3.35081592026006
78.7532503274899,74.105843693796,5.20215525905667
5.03694622808932,73.933282406069,3.51489721596948
591.127030438352,228.426412389862,4.01549162129148
439.702034414729,455.60681900968,4.82434077539384
660.024424869507,373.420355488667,3.20081575312991
99.9293319365736,485.904250782125,4.35123810676343
623.465294248461,93.7127763089655,4.09738237455516
419.563572574491,256.803269571792,3.66373077652567
10.2827602632494,182.494953809988,3.14823874042161
67.6047183389175,101.199439531501,4.32499752220876
608.88797968231,209.161711354178,4.09393270529553
256.796317378368,224.958430843297,4.2719452744093
572.769258114043,428.921849416268,3.79491024290645
300.984387088544,133.541600901303,4.08580310721529
525.499752172935,457.060093493921,3.63861038803012
50.9051650182637,413.951394119605,3.6783030074107
201.209422271227,296.109716291498,4.25266612786818
549.214414655229,257.549971467322,3.66629722161308
172.319015885572,37.5660144308112,4.67188854601926
498.500497571373,347.663835694552,4.53280893961508
43.6006597926143,55.7315720391146,3.97416546349198
528.286942787266,141.993886503323,4.72705981060323
NA,NA,NA
662.710261258362,335.044763816918,3.5660375565821
459.622065219179,294.991351406138,3.6031121666492
12.9905639445813,487.857420210866,3.77572050355126
558.206772595763,54.3581663077003,4.18416173731299
67.7138560095578,378.123983506444,4.04446034930672
227.78118543969,418.109539576918,3.87153828615082
426.944733718363,12.8765518779085,3.15813320763737
364.121461176416,293.781816492435,3.0556748970317
605.13227298863,101.091030333367,4.25438309603746
389.190924033644,234.252474892608,4.09318287001212
567.287995933147,400.36212044909,4.72814480387167
143.731194085021,277.872785114298,4.63556185629324
197.464952688241,373.330197672633,4.09533760453601
126.234600657189,411.887665208601,3.52847325234617
623.160899490437,312.513433592094,4.48527199371684
-3.86429927303157,145.43588814725,4.25928552957587
545.139933581833,207.561431982471,4.11615217445469
34.767674386736,493.10468946771,2.8932176693983
280.496179423465,21.5524194779492,3.83902793921505
536.671830158863,392.314755755349,3.35081592026006
78.7532503274899,74.105843693796,5.20215525905667
5.03694622808932,73.933282406069,3.51489721596948
591.127030438352,228.426412389862,4.01549162129148
439.702034414729,455.60681900968,4.82434077539384
660.024424869507,373.420355488667,3.20081575312991
99.9293319365736,485.904250782125,4.35123810676343
623.465294248461,93.7127763089655,4.09738237455516
419.563572574491,256.803269571792,3.66373077652567
10.2827602632494,182.494953809988,3.14823874042161
67.6047183389175,101.199439531501,4.32499752220876
608.88797968231,209.161711354178,4.09393270529553
256.796317378368,224.958430843297,4.2719452744093
572.769258114043,428.921849416268,3.79491024290645
300.984387088544,133.541600901303,4.08580310721529
525.499752172935,457.060093493921,3.63861038803012
50.9051650182637,413.951394119605,3.6783030074107
201.209422271227,296.109716291498,4.25266612786818
549.214414655229,257.549971467322,3.66629722161308
172.319015885572,37.5660144308112,4.67188854601926
498.500497571373,347.663835694552,4.53280893961508
43.6006597926143,55.7315720391146,3.97416546349198
528.286942787266,141.993886503323,4.72705981060323
NA,NA,NA
662.394706511475,336.338933752135,3.47823553112845
454.855740098253,297.519494581752,3.62553020625976
8.37693612947948,497.190057531146,3.77262548300966
555.166801542565,53.2019112083687,4.19890164403462
73.286052724251,372.936271178813,4.04046225742613
229.113159494809,413.800321620005,3.83484491763843
427.257274756522,15.1763010166391,3.18165771616988
363.637182990875,293.509040020011,3.12273416625903
602.836802326231,103.882419771538,4.1458410403448
393.312049809357,231.449290436421,4.23423960997001
573.678313340934,402.564267619745,4.70707538316809
139.815586027612,277.617625663575,4.64741492073864
198.373705279419,367.417171625858,4.07095788205353
122.002667113736,413.683098996698,3.40980272460948
625.633048965216,317.001536468748,4.68010673409206
4.77328038118141,149.238319265177,4.32609997689169
542.658746758852,203.161598950321,4.07439037296665
34.1340637297274,491.758105776369,2.99804292614107
283.088400795899,21.0845089236007,3.75582003689844
532.770702388312,392.240535960427,3.21154250767113
75.6825368001792,74.7522743644924,5.25860675750007
4.40495633864062,74.7789472328447,3.65220114167931
586.36799861435,231.901235741824,4.04615393895105
445.378952495319,461.109035658391,4.7398477897425
659.700878608074,372.555679583453,3.17421149345618
105.304327070872,484.73117215931,4.4102591089734
623.29121536761,88.4988796910026,4.07914751222779
416.321882374126,257.736026075171,3.64362946317448
10.3677888000778,181.807118289175,3.16911165836568
62.1535680188244,97.2023914592462,4.41150401034526
608.227255728728,213.308988010541,4.09133449744175
251.197761637564,216.115965310274,3.64969453512464
568.284060951384,431.517939419687,3.84780502735871
299.809204774264,137.342911309084,3.97791923676844
529.265235757559,458.678847456504,3.57058643688791
51.9938072118098,426.941455672875,3.86731186641234
202.241750117625,289.52240207108,4.01806043366122
545.19890921463,259.029795701226,3.62030966571827
176.942593299727,18.7575736352789,4.45246419214246
502.431656897036,342.923636712564,4.54382103347034
38.1797230146588,49.4569299269174,4.4433661270638
527.610347058183,153.155486563974,4.60170195630135
NA,NA,NA
662.394706511475,336.338933752135,3.47823553112845
454.855740098253,297.519494581752,3.62553020625976
8.37693612947948,497.190057531146,3.77262548300966
555.166801542565,53.2019112083687,4.19890164403462
73.286052724251,372.936271178813,4.04046225742613
229.113159494809,413.800321620005,3.83484491763843
427.257274756522,15.1763010166391,3.18165771616988
363.637182990875,293.509040020011,3.12273416625903
602.836802326231,103.882419771538,4.1458410403448
393.312049809357,231.449290436421,4.23423960997001
573.678313340934,402.564267619745,4.70707538316809
139.815586027612,277.617625663575,4.64741492073864
198.373705279419,367.417171625858,4.07095788205353
122.002667113736,413.683098996698,3.40980272460948
625.633048965216,317.001536468748,4.68010673409206
4.77328038118141,149.238319265177,4.32609997689169
542.658746758852,203.161598950321,4.07439037296665
34.1340637297274,491.758105776369,2.99804292614107
283.088400795899,21.0845089236007,3.75582003689844
532.770702388312,392.240535960427,3.21154250767113
75.6825368001792,74.7522743644924,5.25860675750007
4.40495633864062,74.7789472328447,3.65220114167931
586.36799861435,231.901235741824,4.04615393895105
445.378952495319,461.109035658391,4.7398477897425
659.700878608074,372.555679583453,3.17421149345618
105.304327070872,484.73117215931,4.4102591089734
623.29121536761,88.4988796910026,4.07914751222779
416.321882374126,257.736026075171,3.64362946317448
10.3677888000778,181.807118289175,3.16911165836568
62.1535680188244,97.2023914592462,4.41150401034526
608.227255728728,213.308988010541,4.09133449744175
251.197761637564,216.115965310274,3.64969453512464
568.284060951384,431.517939419687,3.84780502735871
299.809204774264,137.342911309084,3.97791923676844
529.265235757559,458.678847456504,3.57058643688791
51.9938072118098,426.941455672875,3.86731186641234
202.241750117625,289.52240207108,4.01806043366122
545.19890921463,259.029795701226,3.62030966571827
176.942593299727,18.7575736352789,4.45246419214246
502.431656897036,342.923636712564,4.54382103347034
38.1797230146588,49.4569299269174,4.4433661270638
527.610347058183,153.155486563974,4.60170195630135
NA,NA,NA
662.394706511475,336.338933752135,3.47823553112845
454.855740098253,297.519494581752,3.62553020625976
8.37693612947948,497.190057531146,3.77262548300966
555.166801542565,53.2019112083687,4.19890164403462
73.286052724251,372.936271178813,4.04046225742613
229.113159494809,413.800321620005,3.83484491763843
427.257274756522,15.1763010166391,3.18165771616988
363.637182990875,293.509040020011,3.12273416625903
602.836802326231,103.882419771538,4.1458410403448
393.312049809357,231.449290436421,4.23423960997001
573.678313340934,402.564267619745,4.70707538316809
139.815586027612,277.617625663575,4.64741492073864
198.373705279419,367.417171625858,4.07095788205353
122.002667113736,413.683098996698,3.40980272460948
625.633048965216,317.001536468748,4.68010673409206
4.77328038118141,149.238319265177,4.32609997689169
542.658746758852,203.161598950321,4.07439037296665
34.1340637297274,491.758105776369,2.99804292614107
283.088400795899,21.0845089236007,3.75582003689844
532.770702388312,392.240535960427,3.21154250767113
75.6825368001792,74.7522743644924,5.25860675750007
4.40495633864062,74.7789472328447,3.65220114167931
586.36799861435,231.901235741824,4.04615393895105
445.378952495319,461.109035658391,4.7398477897425
659.700878608074,372.555679583453,3.17421149345618
105.304327070872,484.73117215931,4.4102591089734
623.29121536761,88.4988796910026,4.07914751222779
416.321882374126,257.736026075171,3.64362946317448
10.3677888000778,181.807118289175,3.16911165836568
62.1535680188244,97.2023914592462,4.41150401034526
608.227255728728,213.308988010541,4.09133449744175
251.197761637564,216.115965310274,3.64969453512464
568.284060951384,431.517939419687,3.84780502735871
299.809204774264,137.342911309084,3.97791923676844
529.265235757559,458.678847456504,3.57058643688791
51.9938072118098,426.941455672875,3.86731186641234
202.241750117625,289.52240207108,4.01806043366122
545.19890921463,259.029795701226,3.62030966571827
176.942593299727,18.7575736352789,4.45246419214246
502.431656897036,342.923636712564,4.54382103347034
38.1797230146588,49.4569299269174,4.4433661270638
527.610347058183,153.155486563974,4.60170195630135
NA,NA,NA
662.394706511475,336.338933752135,3.47823553112845
454.855740098253,297.519494581752,3.62553020625976
8.37693612947948,497.190057531146,3.77262548300966
555.166801542565,53.2019112083687,4.19890164403462
73.286052724251,372.936271178813,4.04046225742613
229.113159494809,413.800321620005,3.83484491763843
427.257274756522,15.1763010166391,3.18165771616988
363.637182990875,293.509040020011,3.12273416625903
602.836802326231,103.882419771538,4.1458410403448
393.312049809357,231.449290436421,4.23423960997001
573.678313340934,402.564267619745,4.70707538316809
139.815586027612,277.617625663575,4.64741492073864
198.373705279419,367.417171625858,4.07095788205353
122.002667113736,413.683098996698,3.40980272460948
625.633048965216,317.001536468748,4.68010673409206
4.77328038118141,149.238319265177,4.32609997689169
542.658746758852,203.161598950321,4.07439037296665
34.1340637297274,491.758105776369,2.99804292614107
283.088400795899,21.0845089236007,3.75582003689844
532.770702388312,392.240535960427,3.21154250767113
75.6825368001792,74.7522743644924,5.25860675750007
4.40495633864062,74.7789472328447,3.65220114167931
586.36799861435,231.901235741824,4.04615393895105
445.378952495319,461.109035658391,4.7398477897425
659.700878608074,372.555679583453,3.17421149345618
105.304327070872,484.73117215931,4.4102591089734
623.29121536761,88.4988796910026,4.07914751222779
416.321882374126,257.736026075171,3.64362946317448
10.3677888000778,181.807118289175,3.16911165836568
62.1535680188244,97.2023914592462,4.41150401034526
608.227255728728,213.308988010541,4.09133449744175
251.197761637564,216.115965310274,3.64969453512464
568.284060951384,431.517939419687,3.84780502735871
299.809204774264,137.342911309084,3.97791923676844
529.265235757559,458.678847456504,3.57058643688791
51.9938072118098,426.941455672875,3.86731186641234
202.241750117625,289.52240207108,4.01806043366122
545.19890921463,259.029795701226,3.62030966571827
176.942593299727,18.7575736352789,4.45246419214246
502.431656897036,342.923636712564,4.54382103347034
38.1797230146588,49.4569299269174,4.4433661270638
527.610347058183,153.155486563974,4.60170195630135
NA,NA,NA
662.394706511475,336.338933752135,3.47823553112845
454.855740098253,297.519494581752,3.62553020625976
8.37693612947948,497.190057531146,3.77262548300966
555.166801542565,53.2019112083687,4.19890164403462
73.286052724251,372.936271178813,4.04046225742613
229.113159494809,413.800321620005,3.83484491763843
427.257274756522,15.1763010166391,3.18165771616988
363.637182990875,293.509040020011,3.12273416625903
602.836802326231,103.882419771538,4.1458410403448
393.312049809357,231.449290436421,4.23423960997001
573.678313340934,402.564267619745,4.70707538316809
139.815586027612,277.617625663575,4.64741492073864
198.373705279419,367.417171625858,4.07095788205353
122.002667113736,413.683098996698,3.40980272460948
625.633048965216,317.001536468748,4.68010673409206
4.77328038118141,149.238319265177,4.32609997689169
542.658746758852,203.161598950321,4.07439037296665
34.1340637297274,491.758105776369,2.99804292614107
283.088400795899,21.0845089236007,3.75582003689844
532.770702388312,392.240535960427,3.21154250767113
75.6825368001792,74.7522743644924,5.25860675750007
4.40495633864062,74.7789472328447,3.65220114167931
586.36799861435,231.901235741824,4.04615393895105
445.378952495319,461.109035658391,4.7398477897425
659.700878608074,372.555679583453,3.17421149345618
105.304327070872,484.73117215931,4.4102591089734
623.29121536761,88.4988796910026,4.07914751222779
416.321882374126,257.736026075171,3.64362946317448
10.3677888000778,181.807118289175,3.16911165836568
62.1535680188244,97.2023914592462,4.41150401034526
608.227255728728,213.308988010541,4.09133449744175
251.197761637564,216.115965310274,3.64969453512464
568.284060951384,431.517939419687,3.84780502735871
299.809204774264,137.342911309084,3.97791923676844
529.265235757559,458.678847456504,3.57058643688791
51.9938072118098,426.941455672875,3.86731186641234
202.241750117625,289.52240207108,4.01806043366122
545.19890921463,259.029795701226,3.62030966571827
176.942593299727,18.7575736352789,4.45246419214246
502.431656897036,342.923636712564,4.54382103347034
38.1797230146588,49.4569299269174,4.4433661270638
527.610347058183,153.155486563974,4.60170195630135
NA,NA,NA
662.394706511475,336.338933752135,3.47823553112845
454.855740098253,297.519494581752,3.62553020625976
8.37693612947948,497.190057531146,3.77262548300966
555.166801542565,53.2019112083687,4.19890164403462
73.286052724251,372.936271178813,4.04046225742613
229.113159494809,413.800321620005,3.83484491763843
427.257274756522,15.1763010166391,3.18165771616988
363.637182990875,293.509040020011,3.12273416625903
602.836802326231,103.882419771538,4.1458410403448
393.312049809357,231.449290436421,4.23423960997001
573.678313340934,402.564267619745,4.70707538316809
139.815586027612,277.617625663575,4.64741492073864
198.373705279419,367.417171625858,4.07095788205353
122.002667113736,413.683098996698,3.40980272460948
625.633048965216,317.001536468748,4.68010673409206
4.77328038118141,149.238319265177,4.32609997689169
542.658746758852,203.161598950321,4.07439037296665
34.1340637297274,491.758105776369,2.99804292614107
283.088400795899,21.0845089236007,3.75582003689844
532.770702388312,392.240535960427,3.21154250767113
75.6825368001792,74.7522743644924,5.25860675750007
4.40495633864062,74.7789472328447,3.65220114167931
586.36799861435,231.901235741824,4.04615393895105
445.378952495319,461.109035658391,4.7398477897425
659.700878608074,372.555679583453,3.17421149345618
105.304327070872,484.73117215931,4.4102591089734
623.29121536761,88.4988796910026,4.07914751222779
416.321882374126,257.736026075171,3.64362946317448
10.3677888000778,181.807118289175,3.16911165836568
62.1535680188244,97.2023914592462,4.41150401034526
608.227255728728,213.308988010541,4.09133449744175
251.197761637564,216.115965310274,3.64969453512464
568.284060951384,431.517939419687,3.84780502735871
299.809204774264,137.342911309084,3.97791923676844
529.265235757559,458.678847456504,3.57058643688791
51.9938072118098,426.941455672875,3.86731186641234
202.241750117625,289.52240207108,4.01806043366122
545.19890921463,259.029795701226,3.62030966571827
176.942593299727,18.7575736352789,4.45246419214246
502.431656897036,342.923636712564,4.54382103347034
38.1797230146588,49.4569299269174,4.4433661270638
527.610347058183,153.155486563974,4.60170195630135
NA,NA,NA
660.506816822445,331.769007488876,3.46376018990441
457.697827894446,292.394089954021,3.62580017710833
10.1619034233896,495.584946463154,3.7271205445863
557.855023264935,52.5963664533562,4.09828171595093
73.4505414803602,376.615664261435,4.11076047441778
227.126097200999,414.431342564837,3.88078822931443
423.934259828652,8.27860594280934,3.28756364863321
364.020995684021,293.375793960983,3.06299774664631
602.401292799427,105.904242814156,4.32196838130542
391.646739315305,230.959387463416,4.16357863560581
570.801056407942,408.985165890118,4.69153472730235
137.293031690359,283.70705926586,4.59587381786054
196.574253650141,367.750303606582,4.0240454394245
121.768530232044,412.120712308239,3.38916232759488
629.124859995001,309.748370664213,4.50859537420245
4.12924589897414,147.077898547134,4.21218153301958
543.85680817232,200.110603453276,4.17492035515228
33.7644021290187,492.1436622258,2.94438071492176
276.359085436973,20.2550500006386,4.0092188958615
533.37294051491,390.56198627138,3.32803548533809
75.147434203696,79.5676288107583,5.28788308935172
7.13829699968988,78.1001876023125,3.66386180033606
589.040558127096,226.968569273635,4.01548202857394
441.961016610227,463.755388096525,4.74951911491892
657.033886206405,372.298039365754,3.11355832611476
102.214130221522,486.870434008976,4.28726065304638
626.471647579465,95.2246685809991,4.0548195268177
418.256494429959,259.127076732196,3.61258034965832
11.7080028981515,181.255119359489,3.09052611975671
77.1337608947379,125.216060048897,4.56177485241832
605.972217828125,204.815689286173,4.30802514697916
265.348808617724,220.961060889052,3.82084574901772
571.819758683871,436.833168127061,3.73974896622564
302.910555412583,132.895158987569,3.83215463884156
529.611343311373,457.843247472427,3.52934377491493
57.2070047311911,417.084150442424,4.06117107723095
199.881236948856,289.120332500038,4.13089296426137
548.936792297773,257.059739797694,3.84712983297132
170.745618964503,24.9051603565093,4.40262283484392
512.64546482028,334.274201619659,4.51127129942438
47.1383194947727,47.0109284820368,3.70738386380637
546.292869034943,157.541009624607,5.26589001001505
NA,NA,NA
660.506816822445,331.769007488876,3.46376018990441
457.697827894446,292.394089954021,3.62580017710833
10.1619034233896,495.584946463154,3.7271205445863
557.855023264935,52.5963664533562,4.09828171595093
73.4505414803602,376.615664261435,4.11076047441778
227.126097200999,414.431342564837,3.88078822931443
423.934259828652,8.27860594280934,3.28756364863321
364.020995684021,293.375793960983,3.06299774664631
602.401292799427,105.904242814156,4.32196838130542
391.646739315305,230.959387463416,4.16357863560581
570.801056407942,408.985165890118,4.69153472730235
137.293031690359,283.70705926586,4.59587381786054
196.574253650141,367.750303606582,4.0240454394245
121.768530232044,412.120712308239,3.38916232759488
629.124859995001,309.748370664213,4.50859537420245
4.12924589897414,147.077898547134,4.21218153301958
543.85680817232,200.110603453276,4.17492035515228
33.7644021290187,492.1436622258,2.94438071492176
276.359085436973,20.2550500006386,4.0092188958615
533.37294051491,390.56198627138,3.32803548533809
75.147434203696,79.5676288107583,5.28788308935172
7.13829699968988,78.1001876023125,3.66386180033606
589.040558127096,226.968569273635,4.01548202857394
441.961016610227,463.755388096525,4.74951911491892
657.033886206405,372.298039365754,3.11355832611476
102.214130221522,486.870434008976,4.28726065304638
626.471647579465,95.2246685809991,4.0548195268177
418.256494429959,259.127076732196,3.61258034965832
11.7080028981515,181.255119359489,3.09052611975671
77.1337608947379,125.216060048897,4.56177485241832
605.972217828125,204.815689286173,4.30802514697916
265.348808617724,220.961060889052,3.82084574901772
571.819758683871,436.833168127061,3.73974896622564
302.910555412583,132.895158987569,3.83215463884156
529.611343311373,457.843247472427,3.52934377491493
57.2070047311911,417.084150442424,4.06117107723095
199.881236948856,289.120332500038,4.13089296426137
548.936792297773,257.059739797694,3.84712983297132
170.745618964503,24.9051603565093,4.40262283484392
512.64546482028,334.274201619659,4.51127129942438
47.1383194947727,47.0109284820368,3.70738386380637
546.292869034943,157.541009624607,5.26589001001505
NA,NA,NA
660.506816822445,331.769007488876,3.46376018990441
457.697827894446,292.394089954021,3.62580017710833
10.1619034233896,495.584946463154,3.7271205445863
557.855023264935,52.5963664533562,4.09828171595093
73.4505414803602,376.615664261435,4.11076047441778
227.126097200999,414.431342564837,3.88078822931443
423.934259828652,8.27860594280934,3.28756364863321
364.020995684021,293.375793960983,3.06299774664631
602.401292799427,105.904242814156,4.32196838130542
391.646739315305,230.959387463416,4.16357863560581
570.801056407942,408.985165890118,4.69153472730235
137.293031690359,283.70705926586,4.59587381786054
196.574253650141,367.750303606582,4.0240454394245
121.768530232044,412.120712308239,3.38916232759488
629.124859995001,309.748370664213,4.50859537420245
4.12924589897414,147.077898547134,4.21218153301958
543.85680817232,200.110603453276,4.17492035515228
33.7644021290187,492.1436622258,2.94438071492176
276.359085436973,20.2550500006386,4.0092188958615
533.37294051491,390.56198627138,3.32803548533809
75.147434203696,79.5676288107583,5.28788308935172
7.13829699968988,78.1001876023125,3.66386180033606
589.040558127096,226.968569273635,4.01548202857394
441.961016610227,463.755388096525,4.74951911491892
657.033886206405,372.298039365754,3.11355832611476
102.214130221522,486.870434008976,4.28726065304638
626.471647579465,95.2246685809991,4.0548195268177
418.256494429959,259.127076732196,3.61258034965832
11.7080028981515,181.255119359489,3.09052611975671
77.1337608947379,125.216060048897,4.56177485241832
605.972217828125,204.815689286173,4.30802514697916
265.348808617724,220.961060889052,3.82084574901772
571.819758683871,436.833168127061,3.73974896622564
302.910555412583,132.895158987569,3.83215463884156
529.611343311373,457.843247472427,3.52934377491493
57.2070047311911,417.084150442424,4.06117107723095
199.881236948856,289.120332500038,4.13089296426137
548.936792297773,257.059739797694,3.84712983297132
170.745618964503,24.9051603565093,4.40262283484392
512.64546482028,334.274201619659,4.51127129942438
47.1383194947727,47.0109284820368,3.70738386380637
546.292869034943,157.541009624607,5.26589001001505
NA,NA,NA
660.506816822445,331.769007488876,3.46376018990441
457.697827894446,292.394089954021,3.62580017710833
10.1619034233896,495.584946463154,3.7271205445863
557.855023264935,52.5963664533562,4.09828171595093
73.4505414803602,376.615664261435,4.11076047441778
227.126097200999,414.431342564837,3.88078822931443
423.934259828652,8.27860594280934,3.28756364863321
364.020995684021,293.375793960983,3.06299774664631
602.401292799427,105.904242814156,4.32196838130542
391.646739315305,230.959387463416,4.16357863560581
570.801056407942,408.985165890118,4.69153472730235
137.293031690359,283.70705926586,4.59587381786054
196.574253650141,367.750303606582,4.0240454394245
121.768530232044,412.120712308239,3.38916232759488
629.124859995001,309.748370664213,4.50859537420245
4.12924589897414,147.077898547134,4.21218153301958
543.85680817232,200.110603453276,4.17492035515228
33.7644021290187,492.1436622258,2.94438071492176
276.359085436973,20.2550500006386,4.0092188958615
533.37294051491,390.56198627138,3.32803548533809
75.147434203696,79.5676288107583,5.28788308935172
7.13829699968988,78.1001876023125,3.66386180033606
589.040558127096,226.968569273635,4.01548202857394
441.961016610227,463.755388096525,4.74951911491892
657.033886206405,372.298039365754,3.11355832611476
102.214130221522,486.870434008976,4.28726065304638
626.471647579465,95.2246685809991,4.0548195268177
418.256494429959,259.127076732196,3.61258034965832
11.7080028981515,181.255119359489,3.09052611975671
77.1337608947379,125.216060048897,4.56177485241832
605.972217828125,204.815689286173,4.30802514697916
265.348808617724,220.961060889052,3.82084574901772
571.819758683871,436.833168127061,3.73974896622564
302.910555412583,132.895158987569,3.83215463884156
529.611343311373,457.843247472427,3.52934377491493
57.2070047311911,417.084150442424,4.06117107723095
199.881236948856,289.120332500038,4.13089296426137
548.936792297773,257.059739797694,3.84712983297132
170.745618964503,24.9051603565093,4.40262283484392
512.64546482028,334.274201619659,4.51127129942438
47.1383194947727,47.0109284820368,3.70738386380637
546.292869034943,157.541009624607,5.26589001001505
NA,NA,NA
660.506816822445,331.769007488876,3.46376018990441
457.697827894446,292.394089954021,3.62580017710833
10.1619034233896,495.584946463154,3.7271205445863
557.855023264935,52.5963664533562,4.09828171595093
73.4505414803602,376.615664261435,4.11076047441778
227.126097200999,414.431342564837,3.88078822931443
423.934259828652,8.27860594280934,3.28756364863321
364.020995684021,293.375793960983,3.06299774664631
602.401292799427,105.904242814156,4.32196838130542
391.646739315305,230.959387463416,4.16357863560581
570.801056407942,408.985165890118,4.69153472730235
137.293031690359,283.70705926586,4.59587381786054
196.574253650141,367.750303606582,4.0240454394245
121.768530232044,412.120712308239,3.38916232759488
629.124859995001,309.748370664213,4.50859537420245
4.12924589897414,147.077898547134,4.21218153301958
543.85680817232,200.110603453276,4.17492035515228
33.7644021290187,492.1436622258,2.94438071492176
276.359085436973,20.2550500006386,4.0092188958615
533.37294051491,390.56198627138,3.32803548533809
75.147434203696,79.5676288107583,5.28788308935172
7.13829699968988,78.1001876023125,3.66386180033606
589.040558127096,226.968569273635,4.01548202857394
441.961016610227,463.755388096525,4.74951911491892
657.033886206405,372.298039365754,3.11355832611476
102.214130221522,486.870434008976,4.28726065304638
626.471647579465,95.2246685809991,4.0548195268177
418.256494429959,259.127076732196,3.61258034965832
11.7080028981515,181.255119359489,3.09052611975671
77.1337608947379,125.216060048897,4.56177485241832
605.972217828125,204.815689286173,4.30802514697916
265.348808617724,220.961060889052,3.82084574901772
571.819758683871,436.833168127061,3.73974896622564
302.910555412583,132.895158987569,3.83215463884156
529.611343311373,457.843247472427,3.52934377491493
57.2070047311911,417.084150442424,4.06117107723095
199.881236948856,289.120332500038,4.13089296426137
548.936792297773,257.059739797694,3.84712983297132
170.745618964503,24.9051603565093,4.40262283484392
512.64546482028,334.274201619659,4.51127129942438
47.1383194947727,47.0109284820368,3.70738386380637
546.292869034943,157.541009624607,5.26589001001505
NA,NA,NA
660.506816822445,331.769007488876,3.46376018990441
457.697827894446,292.394089954021,3.62580017710833
10.1619034233896,495.584946463154,3.7271205445863
557.855023264935,52.5963664533562,4.09828171595093
73.4505414803602,376.615664261435,4.11076047441778
227.126097200999,414.431342564837,3.88078822931443
423.934259828652,8.27860594280934,3.28756364863321
364.020995684021,293.375793960983,3.06299774664631
602.401292799427,105.904242814156,4.32196838130542
391.646739315305,230.959387463416,4.16357863560581
570.801056407942,408.985165890118,4.69153472730235
137.293031690359,283.70705926586,4.59587381786054
196.574253650141,367.750303606582,4.0240454394245
121.768530232044,412.120712308239,3.38916232759488
629.124859995001,309.748370664213,4.50859537420245
4.12924589897414,147.077898547134,4.21218153301958
543.85680817232,200.110603453276,4.17492035515228
33.7644021290187,492.1436622258,2.94438071492176
276.359085436973,20.2550500006386,4.0092188958615
533.37294051491,390.56198627138,3.32803548533809
75.147434203696,79.5676288107583,5.28788308935172
7.13829699968988,78.1001876023125,3.66386180033606
589.040558127096,226.968569273635,4.01548202857394
441.961016610227,463.755388096525,4.74951911491892
657.033886206405,372.298039365754,3.11355832611476
102.214130221522,486.870434008976,4.28726065304638
626.471647579465,95.2246685809991,4.0548195268177
418.256494429959,259.127076732196,3.61258034965832
11.7080028981515,181.255119359489,3.09052611975671
77.1337608947379,125.216060048897,4.56177485241832
605.972217828125,204.815689286173,4.30802514697916
265.348808617724,220.961060889052,3.82084574901772
571.819758683871,436.833168127061,3.73974896622564
302.910555412583,132.895158987569,3.83215463884156
529.611343311373,457.843247472427,3.52934377491493
57.2070047311911,417.084150442424,4.06117107723095
199.881236948856,289.120332500038,4.13089296426137
548.936792297773,257.059739797694,3.84712983297132
170.745618964503,24.9051603565093,4.40262283484392
512.64546482028,334.274201619659,4.51127129942438
47.1383194947727,47.0109284820368,3.70738386380637
546.292869034943,157.541009624607,5.26589001001505
NA,NA,NA
659.649512178805,333.081938080406,3.57220441703397
452.735857512204,300.088807786013,3.66635463032137
11.6645217852957,493.581950001503,3.5703986812898
560.341386895721,52.3029805976425,4.2081763342887
72.1167581424326,377.396963365264,3.96082565061535
228.087242682276,416.032921023798,3.88464155477948
428.483224210508,13.7121724279298,3.32134788270886
362.081027234388,292.200327810099,3.03445906692179
601.558185105021,103.9178817806,4.17224991214197
391.920362122781,229.920059252524,4.04923137658554
567.60042287706,418.912246355616,4.69356132394874
137.411251105419,282.970821510883,4.51048490516459
201.601162681351,371.019628113847,4.02578804561297
122.237238526662,410.131510540028,3.41862863784057
624.602659052567,314.723193219736,4.60767505896228
7.64231234742611,145.565833726619,4.26414773582715
539.542910868696,207.379363685726,4.10969682811743
33.5511125959031,491.174381186704,2.9740025303593
279.877515295678,25.9460163108374,3.82285345994189
532.975229248984,393.120380939181,3.22876076344432
65.2674088048338,72.0752031503645,5.44466866736654
6.04174473246325,74.6151928194399,3.48792154387627
587.837717505597,226.853080807468,3.94394685851726
439.057014855257,460.597375151661,4.76871068659057
659.711509057058,377.370874484071,3.19045942767209
103.58155296933,488.801957087353,4.38593752413995
625.069271535296,90.1778976059604,4.07566335454679
416.330142865171,255.540194273354,3.637017158518
10.3642819124888,179.664183215602,3.16873647952674
59.009628819534,114.887935254285,4.51833851485975
618.69071863602,201.955407206133,4.29483768999918
257.588629704806,225.572797596897,3.52936137669482
584.077303058409,433.430739742209,3.78858058774027
302.289014031787,136.901531353959,3.92894065299005
529.709218287584,449.253467455557,3.29259861599245
52.7528513767298,416.68595842762,4.03957173941829
204.872415235767,293.013293881054,4.00722819260964
562.339849284359,264.248629330508,3.5801778136118
179.173483493109,34.1576623389389,4.04195391311676
498.644175454656,348.964465408456,4.44416247292864
43.766578253168,53.311651803092,3.78485155254555
523.751030920281,138.850937115653,4.52191040166385
NA,NA,NA
659.649512178805,333.081938080406,3.57220441703397
452.735857512204,300.088807786013,3.66635463032137
11.6645217852957,493.581950001503,3.5703986812898
560.341386895721,52.3029805976425,4.2081763342887
72.1167581424326,377.396963365264,3.96082565061535
228.087242682276,416.032921023798,3.88464155477948
428.483224210508,13.7121724279298,3.32134788270886
362.081027234388,292.200327810099,3.03445906692179
601.558185105021,103.9178817806,4.17224991214197
391.920362122781,229.920059252524,4.04923137658554
567.60042287706,418.912246355616,4.69356132394874
137.411251105419,282.970821510883,4.51048490516459
201.601162681351,371.019628113847,4.02578804561297
122.237238526662,410.131510540028,3.41862863784057
624.602659052567,314.723193219736,4.60767505896228
7.64231234742611,145.565833726619,4.26414773582715
539.542910868696,207.379363685726,4.10969682811743
33.5511125959031,491.174381186704,2.9740025303593
279.877515295678,25.9460163108374,3.82285345994189
532.975229248984,393.120380939181,3.22876076344432
65.2674088048338,72.0752031503645,5.44466866736654
6.04174473246325,74.6151928194399,3.48792154387627
587.837717505597,226.853080807468,3.94394685851726
439.057014855257,460.597375151661,4.76871068659057
659.711509057058,377.370874484071,3.19045942767209
103.58155296933,488.801957087353,4.38593752413995
625.069271535296,90.1778976059604,4.07566335454679
416.330142865171,255.540194273354,3.637017158518
10.3642819124888,179.664183215602,3.16873647952674
59.009628819534,114.887935254285,4.51833851485975
618.69071863602,201.955407206133,4.29483768999918
257.588629704806,225.572797596897,3.52936137669482
584.077303058409,433.430739742209,3.78858058774027
302.289014031787,136.901531353959,3.92894065299005
529.709218287584,449.253467455557,3.29259861599245
52.7528513767298,416.68595842762,4.03957173941829
204.872415235767,293.013293881054,4.00722819260964
562.339849284359,264.248629330508,3.5801778136118
179.173483493109,34.1576623389389,4.04195391311676
498.644175454656,348.964465408456,4.44416247292864
43.766578253168,53.311651803092,3.78485155254555
523.751030920281,138.850937115653,4.52191040166385
NA,NA,NA
659.649512178805,333.081938080406,3.57220441703397
452.735857512204,300.088807786013,3.66635463032137
11.6645217852957,493.581950001503,3.5703986812898
560.341386895721,52.3029805976425,4.2081763342887
72.1167581424326,377.396963365264,3.96082565061535
228.087242682276,416.032921023798,3.88464155477948
428.483224210508,13.7121724279298,3.32134788270886
362.081027234388,292.200327810099,3.03445906692179
601.558185105021,103.9178817806,4.17224991214197
391.920362122781,229.920059252524,4.04923137658554
567.60042287706,418.912246355616,4.69356132394874
137.411251105419,282.970821510883,4.51048490516459
201.601162681351,371.019628113847,4.02578804561297
122.237238526662,410.131510540028,3.41862863784057
624.602659052567,314.723193219736,4.60767505896228
7.64231234742611,145.565833726619,4.26414773582715
539.542910868696,207.379363685726,4.10969682811743
33.5511125959031,491.174381186704,2.9740025303593
279.877515295678,25.9460163108374,3.82285345994189
532.975229248984,393.120380939181,3.22876076344432
65.2674088048338,72.0752031503645,5.44466866736654
6.04174473246325,74.6151928194399,3.48792154387627
587.837717505597,226.853080807468,3.94394685851726
439.057014855257,460.597375151661,4.76871068659057
659.711509057058,377.370874484071,3.19045942767209
103.58155296933,488.801957087353,4.38593752413995
625.069271535296,90.1778976059604,4.07566335454679
416.330142865171,255.540194273354,3.637017158518
10.3642819124888,179.664183215602,3.16873647952674
59.009628819534,114.887935254285,4.51833851485975
618.69071863602,201.955407206133,4.29483768999918
257.588629704806,225.572797596897,3.52936137669482
584.077303058409,433.430739742209,3.78858058774027
302.289014031787,136.901531353959,3.92894065299005
529.709218287584,449.253467455557,3.29259861599245
52.7528513767298,416.68595842762,4.03957173941829
204.872415235767,293.013293881054,4.00722819260964
562.339849284359,264.248629330508,3.5801778136118
179.173483493109,34.1576623389389,4.04195391311676
498.644175454656,348.964465408456,4.44416247292864
43.766578253168,53.311651803092,3.78485155254555
523.751030920281,138.850937115653,4.52191040166385
NA,NA,NA
659.649512178805,333.081938080406,3.57220441703397
452.735857512204,300.088807786013,3.66635463032137
11.6645217852957,493.581950001503,3.5703986812898
560.341386895721,52.3029805976425,4.2081763342887
72.1167581424326,377.396963365264,3.96082565061535
228.087242682276,416.032921023798,3.88464155477948
428.483224210508,13.7121724279298,3.32134788270886
362.081027234388,292.200327810099,3.03445906692179
601.558185105021,103.9178817806,4.17224991214197
391.920362122781,229.920059252524,4.04923137658554
567.60042287706,418.912246355616,4.69356132394874
137.411251105419,282.970821510883,4.51048490516459
201.601162681351,371.019628113847,4.02578804561297
122.237238526662,410.131510540028,3.41862863784057
624.602659052567,314.723193219736,4.60767505896228
7.64231234742611,145.565833726619,4.26414773582715
539.542910868696,207.379363685726,4.10969682811743
33.5511125959031,491.174381186704,2.9740025303593
279.877515295678,25.9460163108374,3.82285345994189
532.975229248984,393.120380939181,3.22876076344432
65.2674088048338,72.0752031503645,5.44466866736654
6.04174473246325,74.6151928194399,3.48792154387627
587.837717505597,226.853080807468,3.94394685851726
439.057014855257,460.597375151661,4.76871068659057
659.711509057058,377.370874484071,3.19045942767209
103.58155296933,488.801957087353,4.38593752413995
625.069271535296,90.1778976059604,4.07566335454679
416.330142865171,255.540194273354,3.637017158518
10.3642819124888,179.664183215602,3.16873647952674
59.009628819534,114.887935254285,4.51833851485975
618.69071863602,201.955407206133,4.29483768999918
257.588629704806,225.572797596897,3.52936137669482
584.077303058409,433.430739742209,3.78858058774027
302.289014031787,136.901531353959,3.92894065299005
529.709218287584,449.253467455557,3.29259861599245
52.7528513767298,416.68595842762,4.03957173941829
204.872415235767,293.013293881054,4.00722819260964
562.339849284359,264.248629330508,3.5801778136118
179.173483493109,34.1576623389389,4.04195391311676
498.644175454656,348.964465408456,4.44416247292864
43.766578253168,53.311651803092,3.78485155254555
523.751030920281,138.850937115653,4.52191040166385
NA,NA,NA
659.649512178805,333.081938080406,3.57220441703397
452.735857512204,300.088807786013,3.66635463032137
11.6645217852957,493.581950001503,3.5703986812898
560.341386895721,52.3029805976425,4.2081763342887
72.1167581424326,377.396963365264,3.96082565061535
228.087242682276,416.032921023798,3.88464155477948
428.483224210508,13.7121724279298,3.32134788270886
362.081027234388,292.200327810099,3.03445906692179
601.558185105021,103.9178817806,4.17224991214197
391.920362122781,229.920059252524,4.04923137658554
567.60042287706,418.912246355616,4.69356132394874
137.411251105419,282.970821510883,4.51048490516459
201.601162681351,371.019628113847,4.02578804561297
122.237238526662,410.131510540028,3.41862863784057
624.602659052567,314.723193219736,4.60767505896228
7.64231234742611,145.565833726619,4.26414773582715
539.542910868696,207.379363685726,4.10969682811743
33.5511125959031,491.174381186704,2.9740025303593
279.877515295678,25.9460163108374,3.82285345994189
532.975229248984,393.120380939181,3.22876076344432
65.2674088048338,72.0752031503645,5.44466866736654
6.04174473246325,74.6151928194399,3.48792154387627
587.837717505597,226.853080807468,3.94394685851726
439.057014855257,460.597375151661,4.76871068659057
659.711509057058,377.370874484071,3.19045942767209
103.58155296933,488.801957087353,4.38593752413995
625.069271535296,90.1778976059604,4.07566335454679
416.330142865171,255.540194273354,3.637017158518
10.3642819124888,179.664183215602,3.16873647952674
59.009628819534,114.887935254285,4.51833851485975
618.69071863602,201.955407206133,4.29483768999918
257.588629704806,225.572797596897,3.52936137669482
584.077303058409,433.430739742209,3.78858058774027
302.289014031787,136.901531353959,3.92894065299005
529.709218287584,449.253467455557,3.29259861599245
52.7528513767298,416.68595842762,4.03957173941829
204.872415235767,293.013293881054,4.00722819260964
562.339849284359,264.248629330508,3.5801778136118
179.173483493109,34.1576623389389,4.04195391311676
498.644175454656,348.964465408456,4.44416247292864
43.766578253168,53.311651803092,3.78485155254555
523.751030920281,138.850937115653,4.52191040166385
NA,NA,NA
659.649512178805,333.081938080406,3.57220441703397
452.735857512204,300.088807786013,3.66635463032137
11.6645217852957,493.581950001503,3.5703986812898
560.341386895721,52.3029805976425,4.2081763342887
72.1167581424326,377.396963365264,3.96082565061535
228.087242682276,416.032921023798,3.88464155477948
428.483224210508,13.7121724279298,3.32134788270886
362.081027234388,292.200327810099,3.03445906692179
601.558185105021,103.9178817806,4.17224991214197
391.920362122781,229.920059252524,4.04923137658554
567.60042287706,418.912246355616,4.69356132394874
137.411251105419,282.970821510883,4.51048490516459
201.601162681351,371.019628113847,4.02578804561297
122.237238526662,410.131510540028,3.41862863784057
624.602659052567,314.723193219736,4.60767505896228
7.64231234742611,145.565833726619,4.26414773582715
539.542910868696,207.379363685726,4.10969682811743
33.5511125959031,491.174381186704,2.9740025303593
279.877515295678,25.9460163108374,3.82285345994189
532.975229248984,393.120380939181,3.22876076344432
65.2674088048338,72.0752031503645,5.44466866736654
6.04174473246325,74.6151928194399,3.48792154387627
587.837717505597,226.853080807468,3.94394685851726
439.057014855257,460.597375151661,4.76871068659057
659.711509057058,377.370874484071,3.19045942767209
103.58155296933,488.801957087353,4.38593752413995
625.069271535296,90.1778976059604,4.07566335454679
416.330142865171,255.540194273354,3.637017158518
10.3642819124888,179.664183215602,3.16873647952674
59.009628819534,114.887935254285,4.51833851485975
618.69071863602,201.955407206133,4.29483768999918
257.588629704806,225.572797596897,3.52936137669482
584.077303058409,433.430739742209,3.78858058774027
302.289014031787,136.901531353959,3.92894065299005
529.709218287584,449.253467455557,3.29259861599245
52.7528513767298,416.68595842762,4.03957173941829
204.872415235767,293.013293881054,4.00722819260964
562.339849284359,264.248629330508,3.5801778136118
179.173483493109,34.1576623389389,4.04195391311676
498.644175454656,348.964465408456,4.44416247292864
43.766578253168,53.311651803092,3.78485155254555
523.751030920281,138.850937115653,4.52191040166385
NA,NA,NA
660.996645544828,333.076370641492,3.46024139561359
456.812713023077,295.717898608688,3.60306414571242
6.6273011816612,494.296480443682,3.46579193776275
563.723459981764,56.0692305405678,4.16509090653632
71.5183984886348,375.152483617708,3.87039575556929
230.155717200161,416.189485996561,3.86307128246247
429.378431204002,14.6461863690429,3.13291959484673
363.566680865077,291.137588047788,3.03427892843596
601.046056366894,100.515530174441,4.11302922020797
395.342307251714,229.633887416721,4.15068387581447
569.564931578259,408.941387737854,4.72162713503342
139.110885698614,275.721404256825,4.68343867438586
198.141749452185,369.778421966661,3.98686146578378
126.391565166698,414.505763728218,3.44766071412663
620.487581977853,305.148591294559,4.57861606430653
9.2510958173,147.158281875827,4.21739765385107
546.557821509376,201.205942670244,4.18802215415614
35.440831338172,491.93752894434,3.00521777586421
274.902495089387,19.0379350879111,3.91553382800171
532.630012853058,395.648999383227,3.29197520775953
76.7495748097097,76.7285813428622,5.29606047280245
2.66974634539967,75.1446853348041,3.30585635696634
589.925988178064,223.273239941517,3.95579770119687
444.817862568215,457.575805535548,4.76793418875014
658.425940360478,377.293539799025,2.95748563189993
104.728988402151,493.74358014638,4.34717869246258
624.660412820335,88.6466166697677,4.08123200318379
416.538590025049,260.002231347189,3.64785622111437
9.58929083428421,181.691691224139,3.2434777429371
71.5655233525814,110.411551691597,4.29851646502039
615.443948085391,208.062980311255,4.28702777833758
258.44276514401,220.391489772385,3.74343255737121
584.523162475483,438.747817461046,3.87220054294365
300.483907655369,134.993555852151,4.02695301116283
524.528987455695,462.476466701383,3.55466019885354
53.8396220591307,429.877324649556,4.10613858096406
195.350116875898,291.055908490066,3.9516350285388
556.509348104405,259.168899513986,3.89706970812487
169.88970996127,30.0287007188903,4.45284046419685
497.46648793129,345.349086132261,4.29987092254199
34.8357624897891,45.1343480826916,3.72296338711012
531.429853223005,159.721636596865,4.96498778806094
NA,NA,NA
660.996645544828,333.076370641492,3.46024139561359
456.812713023077,295.717898608688,3.60306414571242
6.6273011816612,494.296480443682,3.46579193776275
563.723459981764,56.0692305405678,4.16509090653632
71.5183984886348,375.152483617708,3.87039575556929
230.155717200161,416.189485996561,3.86307128246247
429.378431204002,14.6461863690429,3.13291959484673
363.566680865077,291.137588047788,3.03427892843596
601.046056366894,100.515530174441,4.11302922020797
395.342307251714,229.633887416721,4.15068387581447
569.564931578259,408.941387737854,4.72162713503342
139.110885698614,275.721404256825,4.68343867438586
198.141749452185,369.778421966661,3.98686146578378
126.391565166698,414.505763728218,3.44766071412663
620.487581977853,305.148591294559,4.57861606430653
9.2510958173,147.158281875827,4.21739765385107
546.557821509376,201.205942670244,4.18802215415614
35.440831338172,491.93752894434,3.00521777586421
274.902495089387,19.0379350879111,3.91553382800171
532.630012853058,395.648999383227,3.29197520775953
76.7495748097097,76.7285813428622,5.29606047280245
2.66974634539967,75.1446853348041,3.30585635696634
589.925988178064,223.273239941517,3.95579770119687
444.817862568215,457.575805535548,4.76793418875014
658.425940360478,377.293539799025,2.95748563189993
104.728988402151,493.74358014638,4.34717869246258
624.660412820335,88.6466166697677,4.08123200318379
416.538590025049,260.002231347189,3.64785622111437
9.58929083428421,181.691691224139,3.2434777429371
71.5655233525814,110.411551691597,4.29851646502039
615.443948085391,208.062980311255,4.28702777833758
258.44276514401,220.391489772385,3.74343255737121
584.523162475483,438.747817461046,3.87220054294365
300.483907655369,134.993555852151,4.02695301116283
524.528987455695,462.476466701383,3.55466019885354
53.8396220591307,429.877324649556,4.10613858096406
195.350116875898,291.055908490066,3.9516350285388
556.509348104405,259.168899513986,3.89706970812487
169.88970996127,30.0287007188903,4.45284046419685
497.46648793129,345.349086132261,4.29987092254199
34.8357624897891,45.1343480826916,3.72296338711012
531.429853223005,159.721636596865,4.96498778806094
NA,NA,NA
660.996645544828,333.076370641492,3.46024139561359
456.812713023077,295.717898608688,3.60306414571242
6.6273011816612,494.296480443682,3.46579193776275
563.723459981764,56.0692305405678,4.16509090653632
71.5183984886348,375.152483617708,3.87039575556929
230.155717200161,416.189485996561,3.86307128246247
429.378431204002,14.6461863690429,3.13291959484673
363.566680865077,291.137588047788,3.03427892843596
601.046056366894,100.515530174441,4.11302922020797
395.342307251714,229.633887416721,4.15068387581447
569.564931578259,408.941387737854,4.72162713503342
139.110885698614,275.721404256825,4.68343867438586
198.141749452185,369.778421966661,3.98686146578378
126.391565166698,414.505763728218,3.44766071412663
620.487581977853,305.148591294559,4.57861606430653
9.2510958173,147.158281875827,4.21739765385107
546.557821509376,201.205942670244,4.18802215415614
35.440831338172,491.93752894434,3.00521777586421
274.902495089387,19.0379350879111,3.91553382800171
532.630012853058,395.648999383227,3.29197520775953
76.7495748097097,76.7285813428622,5.29606047280245
2.66974634539967,75.1446853348041,3.30585635696634
589.925988178064,223.273239941517,3.95579770119687
444.817862568215,457.575805535548,4.76793418875014
658.425940360478,377.293539799025,2.95748563189993
104.728988402151,493.74358014638,4.34717869246258
624.660412820335,88.6466166697677,4.08123200318379
416.538590025049,260.002231347189,3.64785622111437
9.58929083428421,181.691691224139,3.2434777429371
71.5655233525814,110.411551691597,4.29851646502039
615.443948085391,208.062980311255,4.28702777833758
258.44276514401,220.391489772385,3.74343255737121
584.523162475483,438.747817461046,3.87220054294365
300.483907655369,134.993555852151,4.02695301116283
524.528987455695,462.476466701383,3.55466019885354
53.8396220591307,429.877324649556,4.10613858096406
195.350116875898,291.055908490066,3.9516350285388
556.509348104405,259.168899513986,3.89706970812487
169.88970996127,30.0287007188903,4.45284046419685
497.46648793129,345.349086132261,4.29987092254199
34.8357624897891,45.1343480826916,3.72296338711012
531.429853223005,159.721636596865,4.96498778806094
NA,NA,NA
660.996645544828,333.076370641492,3.46024139561359
456.812713023077,295.717898608688,3.60306414571242
6.6273011816612,494.296480443682,3.46579193776275
563.723459981764,56.0692305405678,4.16509090653632
71.5183984886348,375.152483617708,3.87039575556929
230.155717200161,416.189485996561,3.86307128246247
429.378431204002,14.6461863690429,3.13291959484673
363.566680865077,291.137588047788,3.03427892843596
601.046056366894,100.515530174441,4.11302922020797
395.342307251714,229.633887416721,4.15068387581447
569.564931578259,408.941387737854,4.72162713503342
139.110885698614,275.721404256825,4.68343867438586
198.141749452185,369.778421966661,3.98686146578378
126.391565166698,414.505763728218,3.44766071412663
620.487581977853,305.148591294559,4.57861606430653
9.2510958173,147.158281875827,4.21739765385107
546.557821509376,201.205942670244,4.18802215415614
35.440831338172,491.93752894434,3.00521777586421
274.902495089387,19.0379350879111,3.91553382800171
532.630012853058,395.648999383227,3.29197520775953
76.7495748097097,76.7285813428622,5.29606047280245
2.66974634539967,75.1446853348041,3.30585635696634
589.925988178064,223.273239941517,3.95579770119687
444.817862568215,457.575805535548,4.76793418875014
658.425940360478,377.293539799025,2.95748563189993
104.728988402151,493.74358014638,4.34717869246258
624.660412820335,88.6466166697677,4.08123200318379
416.538590025049,260.002231347189,3.64785622111437
9.58929083428421,181.691691224139,3.2434777429371
71.5655233525814,110.411551691597,4.29851646502039
615.443948085391,208.062980311255,4.28702777833758
258.44276514401,220.391489772385,3.74343255737121
584.523162475483,438.747817461046,3.87220054294365
300.483907655369,134.993555852151,4.02695301116283
524.528987455695,462.476466701383,3.55466019885354
53.8396220591307,429.877324649556,4.10613858096406
195.350116875898,291.055908490066,3.9516350285388
556.509348104405,259.168899513986,3.89706970812487
169.88970996127,30.0287007188903,4.45284046419685
497.46648793129,345.349086132261,4.29987092254199
34.8357624897891,45.1343480826916,3.72296338711012
531.429853223005,159.721636596865,4.96498778806094
NA,NA,NA
660.996645544828,333.076370641492,3.46024139561359
456.812713023077,295.717898608688,3.60306414571242
6.6273011816612,494.296480443682,3.46579193776275
563.723459981764,56.0692305405678,4.16509090653632
71.5183984886348,375.152483617708,3.87039575556929
230.155717200161,416.189485996561,3.86307128246247
429.378431204002,14.6461863690429,3.13291959484673
363.566680865077,291.137588047788,3.03427892843596
601.046056366894,100.515530174441,4.11302922020797
395.342307251714,229.633887416721,4.15068387581447
569.564931578259,408.941387737854,4.72162713503342
139.110885698614,275.721404256825,4.68343867438586
198.141749452185,369.778421966661,3.98686146578378
126.391565166698,414.505763728218,3.44766071412663
620.487581977853,305.148591294559,4.57861606430653
9.2510958173,147.158281875827,4.21739765385107
546.557821509376,201.205942670244,4.18802215415614
35.440831338172,491.93752894434,3.00521777586421
274.902495089387,19.0379350879111,3.91553382800171
532.630012853058,395.648999383227,3.29197520775953
76.7495748097097,76.7285813428622,5.29606047280245
2.66974634539967,75.1446853348041,3.30585635696634
589.925988178064,223.273239941517,3.95579770119687
444.817862568215,457.575805535548,4.76793418875014
658.425940360478,377.293539799025,2.95748563189993
104.728988402151,493.74358014638,4.34717869246258
624.660412820335,88.6466166697677,4.08123200318379
416.538590025049,260.002231347189,3.64785622111437
9.58929083428421,181.691691224139,3.2434777429371
71.5655233525814,110.411551691597,4.29851646502039
615.443948085391,208.062980311255,4.28702777833758
258.44276514401,220.391489772385,3.74343255737121
584.523162475483,438.747817461046,3.87220054294365
300.483907655369,134.993555852151,4.02695301116283
524.528987455695,462.476466701383,3.55466019885354
53.8396220591307,429.877324649556,4.10613858096406
195.350116875898,291.055908490066,3.9516350285388
556.509348104405,259.168899513986,3.89706970812487
169.88970996127,30.0287007188903,4.45284046419685
497.46648793129,345.349086132261,4.29987092254199
34.8357624897891,45.1343480826916,3.72296338711012
531.429853223005,159.721636596865,4.96498778806094
NA,NA,NA
660.996645544828,333.076370641492,3.46024139561359
456.812713023077,295.717898608688,3.60306414571242
6.6273011816612,494.296480443682,3.46579193776275
563.723459981764,56.0692305405678,4.16509090653632
71.5183984886348,375.152483617708,3.87039575556929
230.155717200161,416.189485996561,3.86307128246247
429.378431204002,14.6461863690429,3.13291959484673
363.566680865077,291.137588047788,3.03427892843596
601.046056366894,100.515530174441,4.11302922020797
395.342307251714,229.633887416721,4.15068387581447
569.564931578259,408.941387737854,4.72162713503342
139.110885698614,275.721404256825,4.68343867438586
198.141749452185,369.778421966661,3.98686146578378
126.391565166698,414.505763728218,3.44766071412663
620.487581977853,305.148591294559,4.57861606430653
9.2510958173,147.158281875827,4.21739765385107
546.557821509376,201.205942670244,4.18802215415614
35.440831338172,491.93752894434,3.00521777586421
274.902495089387,19.0379350879111,3.91553382800171
532.630012853058,395.648999383227,3.29197520775953
76.7495748097097,76.7285813428622,5.29606047280245
2.66974634539967,75.1446853348041,3.30585635696634
589.925988178064,223.273239941517,3.95579770119687
444.817862568215,457.575805535548,4.76793418875014
658.425940360478,377.293539799025,2.95748563189993
104.728988402151,493.74358014638,4.34717869246258
624.660412820335,88.6466166697677,4.08123200318379
416.538590025049,260.002231347189,3.64785622111437
9.58929083428421,181.691691224139,3.2434777429371
71.5655233525814,110.411551691597,4.29851646502039
615.443948085391,208.062980311255,4.28702777833758
258.44276514401,220.391489772385,3.74343255737121
584.523162475483,438.747817461046,3.87220054294365
300.483907655369,134.993555852151,4.02695301116283
524.528987455695,462.476466701383,3.55466019885354
53.8396220591307,429.877324649556,4.10613858096406
195.350116875898,291.055908490066,3.9516350285388
556.509348104405,259.168899513986,3.89706970812487
169.88970996127,30.0287007188903,4.45284046419685
497.46648793129,345.349086132261,4.29987092254199
34.8357624897891,45.1343480826916,3.72296338711012
531.429853223005,159.721636596865,4.96498778806094
NA,NA,NA
663.134432410381,333.269475352811,3.52450063726242
455.431517707522,298.578441162066,3.75565546476638
12.4733243494426,497.46305279962,3.69298508759249
563.873392860853,47.7223845353705,3.97301081212683
70.2198079363523,372.737174434129,4.1582713724193
226.766095137379,416.584059570778,3.94857917098232
426.73115628023,10.5240608001584,3.22447622796616
361.540125924009,294.758133145768,2.93507545944287
605.514692911705,103.092940805021,4.27086589864361
395.318380730413,231.162479596249,4.24212192148392
564.59544978614,413.43976259318,4.71982751509299
137.698414291235,285.56716648009,4.45382234017499
196.300793653086,367.247624362911,4.06138698947165
122.434351207528,411.407024212159,3.42645988690257
629.024254510797,313.126198018532,4.42719402237004
1.23664750287893,148.677230907947,4.27089882183016
541.964623676761,205.675865371647,4.13910176242425
34.3911841723892,491.334622611887,3.08031886576878
282.650467251822,20.6684345299272,3.89277773235045
532.459923009601,392.619957234828,3.23700255578008
72.2043217317177,75.6976045730487,5.21955985202838
1.27669233004498,75.9831656829759,3.37467812852555
589.615840292448,227.123440267358,4.07525604062241
437.039997639433,458.91739890773,4.8003264399329
657.422124570287,373.551632769937,2.79795519306533
105.466906561887,484.948396488945,4.37426347035922
623.667543717107,91.5235610827438,4.0553582458733
422.272173957676,258.949628286953,3.59682160534287
11.5806897628222,182.017645870686,3.19927742503648
63.107004231637,119.54102783133,4.44467165724433
614.222205110069,203.379327126839,4.08895007043442
249.191451941237,224.564839864099,3.93052525217607
577.478423445679,423.031140011485,3.85757778229208
303.158589810264,137.123329985527,3.91852570179488
531.27861184974,461.986048403316,3.37794854306689
36.8633370594389,418.648917846954,3.39639539128504
186.123230674439,291.445973423141,3.91028194491611
556.027354052599,267.632301619804,3.72854749588819
173.145697319385,24.3397128211844,4.22323049592864
497.456891960528,335.810290268422,4.27592301990493
39.8693839312523,53.0662569341559,4.05478719299159
514.362322777147,144.827841064245,4.30168003006821
NA,NA,NA
663.134432410381,333.269475352811,3.52450063726242
455.431517707522,298.578441162066,3.75565546476638
12.4733243494426,497.46305279962,3.69298508759249
563.873392860853,47.7223845353705,3.97301081212683
70.2198079363523,372.737174434129,4.1582713724193
226.766095137379,416.584059570778,3.94857917098232
426.73115628023,10.5240608001584,3.22447622796616
361.540125924009,294.758133145768,2.93507545944287
605.514692911705,103.092940805021,4.27086589864361
395.318380730413,231.162479596249,4.24212192148392
564.59544978614,413.43976259318,4.71982751509299
137.698414291235,285.56716648009,4.45382234017499
196.300793653086,367.247624362911,4.06138698947165
122.434351207528,411.407024212159,3.42645988690257
629.024254510797,313.126198018532,4.42719402237004
1.23664750287893,148.677230907947,4.27089882183016
541.964623676761,205.675865371647,4.13910176242425
34.3911841723892,491.334622611887,3.08031886576878
282.650467251822,20.6684345299272,3.89277773235045
532.459923009601,392.619957234828,3.23700255578008
72.2043217317177,75.6976045730487,5.21955985202838
1.27669233004498,75.9831656829759,3.37467812852555
589.615840292448,227.123440267358,4.07525604062241
437.039997639433,458.91739890773,4.8003264399329
657.422124570287,373.551632769937,2.79795519306533
105.466906561887,484.948396488945,4.37426347035922
623.667543717107,91.5235610827438,4.0553582458733
422.272173957676,258.949628286953,3.59682160534287
11.5806897628222,182.017645870686,3.19927742503648
63.107004231637,119.54102783133,4.44467165724433
614.222205110069,203.379327126839,4.08895007043442
249.191451941237,224.564839864099,3.93052525217607
577.478423445679,423.031140011485,3.85757778229208
303.158589810264,137.123329985527,3.91852570179488
531.27861184974,461.986048403316,3.37794854306689
36.8633370594389,418.648917846954,3.39639539128504
186.123230674439,291.445973423141,3.91028194491611
556.027354052599,267.632301619804,3.72854749588819
173.145697319385,24.3397128211844,4.22323049592864
497.456891960528,335.810290268422,4.27592301990493
39.8693839312523,53.0662569341559,4.05478719299159
514.362322777147,144.827841064245,4.30168003006821
NA,NA,NA
663.134432410381,333.269475352811,3.52450063726242
455.431517707522,298.578441162066,3.75565546476638
12.4733243494426,497.46305279962,3.69298508759249
563.873392860853,47.7223845353705,3.97301081212683
70.2198079363523,372.737174434129,4.1582713724193
226.766095137379,416.584059570778,3.94857917098232
426.73115628023,10.5240608001584,3.22447622796616
361.540125924009,294.758133145768,2.93507545944287
605.514692911705,103.092940805021,4.27086589864361
395.318380730413,231.162479596249,4.24212192148392
564.59544978614,413.43976259318,4.71982751509299
137.698414291235,285.56716648009,4.45382234017499
196.300793653086,367.247624362911,4.06138698947165
122.434351207528,411.407024212159,3.42645988690257
629.024254510797,313.126198018532,4.42719402237004
1.23664750287893,148.677230907947,4.27089882183016
541.964623676761,205.675865371647,4.13910176242425
34.3911841723892,491.334622611887,3.08031886576878
282.650467251822,20.6684345299272,3.89277773235045
532.459923009601,392.619957234828,3.23700255578008
72.2043217317177,75.6976045730487,5.21955985202838
1.27669233004498,75.9831656829759,3.37467812852555
589.615840292448,227.123440267358,4.07525604062241
437.039997639433,458.91739890773,4.8003264399329
657.422124570287,373.551632769937,2.79795519306533
105.466906561887,484.948396488945,4.37426347035922
623.667543717107,91.5235610827438,4.0553582458733
422.272173957676,258.949628286953,3.59682160534287
11.5806897628222,182.017645870686,3.19927742503648
63.107004231637,119.54102783133,4.44467165724433
614.222205110069,203.379327126839,4.08895007043442
249.191451941237,224.564839864099,3.93052525217607
577.478423445679,423.031140011485,3.85757778229208
303.158589810264,137.123329985527,3.91852570179488
531.27861184974,461.986048403316,3.37794854306689
36.8633370594389,418.648917846954,3.39639539128504
186.123230674439,291.445973423141,3.91028194491611
556.027354052599,267.632301619804,3.72854749588819
173.145697319385,24.3397128211844,4.22323049592864
497.456891960528,335.810290268422,4.27592301990493
39.8693839312523,53.0662569341559,4.05478719299159
514.362322777147,144.827841064245,4.30168003006821
NA,NA,NA
663.134432410381,333.269475352811,3.52450063726242
455.431517707522,298.578441162066,3.75565546476638
12.4733243494426,497.46305279962,3.69298508759249
563.873392860853,47.7223845353705,3.97301081212683
70.2198079363523,372.737174434129,4.1582713724193
226.766095137379,416.584059570778,3.94857917098232
426.73115628023,10.5240608001584,3.22447622796616
361.540125924009,294.758133145768,2.93507545944287
605.514692911705,103.092940805021,4.27086589864361
395.318380730413,231.162479596249,4.24212192148392
564.59544978614,413.43976259318,4.71982751509299
137.698414291235,285.56716648009,4.45382234017499
196.300793653086,367.247624362911,4.06138698947165
122.434351207528,411.407024212159,3.42645988690257
629.024254510797,313.126198018532,4.42719402237004
1.23664750287893,148.677230907947,4.27089882183016
541.964623676761,205.675865371647,4.13910176242425
34.3911841723892,491.334622611887,3.08031886576878
282.650467251822,20.6684345299272,3.89277773235045
532.459923009601,392.619957234828,3.23700255578008
72.2043217317177,75.6976045730487,5.21955985202838
1.27669233004498,75.9831656829759,3.37467812852555
589.615840292448,227.123440267358,4.07525604062241
437.039997639433,458.91739890773,4.8003264399329
657.422124570287,373.551632769937,2.79795519306533
105.466906561887,484.948396488945,4.37426347035922
623.667543717107,91.5235610827438,4.0553582458733
422.272173957676,258.949628286953,3.59682160534287
11.5806897628222,182.017645870686,3.19927742503648
63.107004231637,119.54102783133,4.44467165724433
614.222205110069,203.379327126839,4.08895007043442
249.191451941237,224.564839864099,3.93052525217607
577.478423445679,423.031140011485,3.85757778229208
303.158589810264,137.123329985527,3.91852570179488
531.27861184974,461.986048403316,3.37794854306689
36.8633370594389,418.648917846954,3.39639539128504
186.123230674439,291.445973423141,3.91028194491611
556.027354052599,267.632301619804,3.72854749588819
173.145697319385,24.3397128211844,4.22323049592864
497.456891960528,335.810290268422,4.27592301990493
39.8693839312523,53.0662569341559,4.05478719299159
514.362322777147,144.827841064245,4.30168003006821
NA,NA,NA
663.134432410381,333.269475352811,3.52450063726242
455.431517707522,298.578441162066,3.75565546476638
12.4733243494426,497.46305279962,3.69298508759249
563.873392860853,47.7223845353705,3.97301081212683
70.2198079363523,372.737174434129,4.1582713724193
226.766095137379,416.584059570778,3.94857917098232
426.73115628023,10.5240608001584,3.22447622796616
361.540125924009,294.758133145768,2.93507545944287
605.514692911705,103.092940805021,4.27086589864361
395.318380730413,231.162479596249,4.24212192148392
564.59544978614,413.43976259318,4.71982751509299
137.698414291235,285.56716648009,4.45382234017499
196.300793653086,367.247624362911,4.06138698947165
122.434351207528,411.407024212159,3.42645988690257
629.024254510797,313.126198018532,4.42719402237004
1.23664750287893,148.677230907947,4.27089882183016
541.964623676761,205.675865371647,4.13910176242425
34.3911841723892,491.334622611887,3.08031886576878
282.650467251822,20.6684345299272,3.89277773235045
532.459923009601,392.619957234828,3.23700255578008
72.2043217317177,75.6976045730487,5.21955985202838
1.27669233004498,75.9831656829759,3.37467812852555
589.615840292448,227.123440267358,4.07525604062241
437.039997639433,458.91739890773,4.8003264399329
657.422124570287,373.551632769937,2.79795519306533
105.466906561887,484.948396488945,4.37426347035922
623.667543717107,91.5235610827438,4.0553582458733
422.272173957676,258.949628286953,3.59682160534287
11.5806897628222,182.017645870686,3.19927742503648
63.107004231637,119.54102783133,4.44467165724433
614.222205110069,203.379327126839,4.08895007043442
249.191451941237,224.564839864099,3.93052525217607
577.478423445679,423.031140011485,3.85757778229208
303.158589810264,137.123329985527,3.91852570179488
531.27861184974,461.986048403316,3.37794854306689
36.8633370594389,418.648917846954,3.39639539128504
186.123230674439,291.445973423141,3.91028194491611
556.027354052599,267.632301619804,3.72854749588819
173.145697319385,24.3397128211844,4.22323049592864
497.456891960528,335.810290268422,4.27592301990493
39.8693839312523,53.0662569341559,4.05478719299159
514.362322777147,144.827841064245,4.30168003006821
NA,NA,NA
663.134432410381,333.269475352811,3.52450063726242
455.431517707522,298.578441162066,3.75565546476638
12.4733243494426,497.46305279962,3.69298508759249
563.873392860853,47.7223845353705,3.97301081212683
70.2198079363523,372.737174434129,4.1582713724193
226.766095137379,416.584059570778,3.94857917098232
426.73115628023,10.5240608001584,3.22447622796616
361.540125924009,294.758133145768,2.93507545944287
605.514692911705,103.092940805021,4.27086589864361
395.318380730413,231.162479596249,4.24212192148392
564.59544978614,413.43976259318,4.71982751509299
137.698414291235,285.56716648009,4.45382234017499
196.300793653086,367.247624362911,4.06138698947165
122.434351207528,411.407024212159,3.42645988690257
629.024254510797,313.126198018532,4.42719402237004
1.23664750287893,148.677230907947,4.27089882183016
541.964623676761,205.675865371647,4.13910176242425
34.3911841723892,491.334622611887,3.08031886576878
282.650467251822,20.6684345299272,3.89277773235045
532.459923009601,392.619957234828,3.23700255578008
72.2043217317177,75.6976045730487,5.21955985202838
1.27669233004498,75.9831656829759,3.37467812852555
589.615840292448,227.123440267358,4.07525604062241
437.039997639433,458.91739890773,4.8003264399329
657.422124570287,373.551632769937,2.79795519306533
105.466906561887,484.948396488945,4.37426347035922
623.667543717107,91.5235610827438,4.0553582458733
422.272173957676,258.949628286953,3.59682160534287
11.5806897628222,182.017645870686,3.19927742503648
63.107004231637,119.54102783133,4.44467165724433
614.222205110069,203.379327126839,4.08895007043442
249.191451941237,224.564839864099,3.93052525217607
577.478423445679,423.031140011485,3.85757778229208
303.158589810264,137.123329985527,3.91852570179488
531.27861184974,461.986048403316,3.37794854306689
36.8633370594389,418.648917846954,3.39639539128504
186.123230674439,291.445973423141,3.91028194491611
556.027354052599,267.632301619804,3.72854749588819
173.145697319385,24.3397128211844,4.22323049592864
497.456891960528,335.810290268422,4.27592301990493
39.8693839312523,53.0662569341559,4.05478719299159
514.362322777147,144.827841064245,4.30168003006821
NA,NA,NA
660.663936425275,338.40968021588,3.34485445930245
452.724107989156,297.616812853784,3.71573357106582
12.1504111265134,491.697721381569,3.57953502985291
564.928222170747,46.5860845326127,4.12105561147315
70.8120336635262,373.815574331105,3.99048762799661
227.974242761028,416.338899459697,3.86121982586676
430.171630294548,14.918181463004,3.45671861113074
363.35945795467,292.307300176146,3.15945586582038
603.752769394389,105.703594034576,4.05836768848354
389.898613344363,227.514046116581,4.19693219189387
569.723703595699,411.553969257153,4.75616242581079
137.572869703207,280.155775830692,4.56721404966368
199.388275488224,362.120766677963,4.0915894252575
123.813870601553,411.945550433221,3.40023264069905
624.413755965104,311.922569535296,4.53803447159158
0.748630479409637,150.702990450633,4.32193138579624
540.782230907208,202.119907125935,4.32356338613127
34.8682560683248,490.373108151203,3.09787033784372
281.350996440246,25.9359488781398,3.81809776734937
536.311520449882,395.154816567425,3.20267104901561
78.3885820042207,77.1620626634938,5.2491846201278
3.97803195852921,75.4101201800771,3.52740736878509
589.163150316719,223.889399520003,3.97211536587475
439.920481278318,461.877536473387,4.80128340372491
661.22570024116,371.601324668683,3.32479263535259
107.817516470619,485.994006065307,4.35488088051751
621.360747888719,87.6256938427025,4.07798014594056
415.240161005396,258.570777149348,3.65039283952371
11.7214442111509,181.624649835145,3.32841513164399
70.317424643596,111.684667632864,4.43605989009184
618.34560374161,217.696911253096,4.33545501365214
246.704418017082,210.950287840632,3.76883410368149
572.779255578587,430.789562235167,3.65651689975217
297.208266285583,134.442026126548,3.85922211130064
533.905187561746,456.773578902121,3.79078269806868
47.0159300350259,417.740595869414,3.53467699956702
193.654823603153,290.008846231935,3.87504639293394
552.993316804203,263.824655386763,3.78385845965402
179.513806754877,36.894711835338,4.25383378339321
488.810621118822,340.164903466754,4.43996747330416
34.6616885199041,47.9194050095446,4.09496354008248
539.501640653007,139.238380288051,4.82467276038499
NA,NA,NA
660.663936425275,338.40968021588,3.34485445930245
452.724107989156,297.616812853784,3.71573357106582
12.1504111265134,491.697721381569,3.57953502985291
564.928222170747,46.5860845326127,4.12105561147315
70.8120336635262,373.815574331105,3.99048762799661
227.974242761028,416.338899459697,3.86121982586676
430.171630294548,14.918181463004,3.45671861113074
363.35945795467,292.307300176146,3.15945586582038
603.752769394389,105.703594034576,4.05836768848354
389.898613344363,227.514046116581,4.19693219189387
569.723703595699,411.553969257153,4.75616242581079
137.572869703207,280.155775830692,4.56721404966368
199.388275488224,362.120766677963,4.0915894252575
123.813870601553,411.945550433221,3.40023264069905
624.413755965104,311.922569535296,4.53803447159158
0.748630479409637,150.702990450633,4.32193138579624
540.782230907208,202.119907125935,4.32356338613127
34.8682560683248,490.373108151203,3.09787033784372
281.350996440246,25.9359488781398,3.81809776734937
536.311520449882,395.154816567425,3.20267104901561
78.3885820042207,77.1620626634938,5.2491846201278
3.97803195852921,75.4101201800771,3.52740736878509
589.163150316719,223.889399520003,3.97211536587475
439.920481278318,461.877536473387,4.80128340372491
661.22570024116,371.601324668683,3.32479263535259
107.817516470619,485.994006065307,4.35488088051751
621.360747888719,87.6256938427025,4.07798014594056
415.240161005396,258.570777149348,3.65039283952371
11.7214442111509,181.624649835145,3.32841513164399
70.317424643596,111.684667632864,4.43605989009184
618.34560374161,217.696911253096,4.33545501365214
246.704418017082,210.950287840632,3.76883410368149
572.779255578587,430.789562235167,3.65651689975217
297.208266285583,134.442026126548,3.85922211130064
533.905187561746,456.773578902121,3.79078269806868
47.0159300350259,417.740595869414,3.53467699956702
193.654823603153,290.008846231935,3.87504639293394
552.993316804203,263.824655386763,3.78385845965402
179.513806754877,36.894711835338,4.25383378339321
488.810621118822,340.164903466754,4.43996747330416
34.6616885199041,47.9194050095446,4.09496354008248
539.501640653007,139.238380288051,4.82467276038499
NA,NA,NA
660.663936425275,338.40968021588,3.34485445930245
452.724107989156,297.616812853784,3.71573357106582
12.1504111265134,491.697721381569,3.57953502985291
564.928222170747,46.5860845326127,4.12105561147315
70.8120336635262,373.815574331105,3.99048762799661
227.974242761028,416.338899459697,3.86121982586676
430.171630294548,14.918181463004,3.45671861113074
363.35945795467,292.307300176146,3.15945586582038
603.752769394389,105.703594034576,4.05836768848354
389.898613344363,227.514046116581,4.19693219189387
569.723703595699,411.553969257153,4.75616242581079
137.572869703207,280.155775830692,4.56721404966368
199.388275488224,362.120766677963,4.0915894252575
123.813870601553,411.945550433221,3.40023264069905
624.413755965104,311.922569535296,4.53803447159158
0.748630479409637,150.702990450633,4.32193138579624
540.782230907208,202.119907125935,4.32356338613127
34.8682560683248,490.373108151203,3.09787033784372
281.350996440246,25.9359488781398,3.81809776734937
536.311520449882,395.154816567425,3.20267104901561
78.3885820042207,77.1620626634938,5.2491846201278
3.97803195852921,75.4101201800771,3.52740736878509
589.163150316719,223.889399520003,3.97211536587475
439.920481278318,461.877536473387,4.80128340372491
661.22570024116,371.601324668683,3.32479263535259
107.817516470619,485.994006065307,4.35488088051751
621.360747888719,87.6256938427025,4.07798014594056
415.240161005396,258.570777149348,3.65039283952371
11.7214442111509,181.624649835145,3.32841513164399
70.317424643596,111.684667632864,4.43605989009184
618.34560374161,217.696911253096,4.33545501365214
246.704418017082,210.950287840632,3.76883410368149
572.779255578587,430.789562235167,3.65651689975217
297.208266285583,134.442026126548,3.85922211130064
533.905187561746,456.773578902121,3.79078269806868
47.0159300350259,417.740595869414,3.53467699956702
193.654823603153,290.008846231935,3.87504639293394
552.993316804203,263.824655386763,3.78385845965402
179.513806754877,36.894711835338,4.25383378339321
488.810621118822,340.164903466754,4.43996747330416
34.6616885199041,47.9194050095446,4.09496354008248
539.501640653007,139.238380288051,4.82467276038499
NA,NA,NA
660.663936425275,338.40968021588,3.34485445930245
452.724107989156,297.616812853784,3.71573357106582
12.1504111265134,491.697721381569,3.57953502985291
564.928222170747,46.5860845326127,4.12105561147315
70.8120336635262,373.815574331105,3.99048762799661
227.974242761028,416.338899459697,3.86121982586676
430.171630294548,14.918181463004,3.45671861113074
363.35945795467,292.307300176146,3.15945586582038
603.752769394389,105.703594034576,4.05836768848354
389.898613344363,227.514046116581,4.19693219189387
569.723703595699,411.553969257153,4.75616242581079
137.572869703207,280.155775830692,4.56721404966368
199.388275488224,362.120766677963,4.0915894252575
123.813870601553,411.945550433221,3.40023264069905
624.413755965104,311.922569535296,4.53803447159158
0.748630479409637,150.702990450633,4.32193138579624
540.782230907208,202.119907125935,4.32356338613127
34.8682560683248,490.373108151203,3.09787033784372
281.350996440246,25.9359488781398,3.81809776734937
536.311520449882,395.154816567425,3.20267104901561
78.3885820042207,77.1620626634938,5.2491846201278
3.97803195852921,75.4101201800771,3.52740736878509
589.163150316719,223.889399520003,3.97211536587475
439.920481278318,461.877536473387,4.80128340372491
661.22570024116,371.601324668683,3.32479263535259
107.817516470619,485.994006065307,4.35488088051751
621.360747888719,87.6256938427025,4.07798014594056
415.240161005396,258.570777149348,3.65039283952371
11.7214442111509,181.624649835145,3.32841513164399
70.317424643596,111.684667632864,4.43605989009184
618.34560374161,217.696911253096,4.33545501365214
246.704418017082,210.950287840632,3.76883410368149
572.779255578587,430.789562235167,3.65651689975217
297.208266285583,134.442026126548,3.85922211130064
533.905187561746,456.773578902121,3.79078269806868
47.0159300350259,417.740595869414,3.53467699956702
193.654823603153,290.008846231935,3.87504639293394
552.993316804203,263.824655386763,3.78385845965402
179.513806754877,36.894711835338,4.25383378339321
488.810621118822,340.164903466754,4.43996747330416
34.6616885199041,47.9194050095446,4.09496354008248
539.501640653007,139.238380288051,4.82467276038499
NA,NA,NA
660.663936425275,338.40968021588,3.34485445930245
452.724107989156,297.616812853784,3.71573357106582
12.1504111265134,491.697721381569,3.57953502985291
564.928222170747,46.5860845326127,4.12105561147315
70.8120336635262,373.815574331105,3.99048762799661
227.974242761028,416.338899459697,3.86121982586676
430.171630294548,14.918181463004,3.45671861113074
363.35945795467,292.307300176146,3.15945586582038
603.752769394389,105.703594034576,4.05836768848354
389.898613344363,227.514046116581,4.19693219189387
569.723703595699,411.553969257153,4.75616242581079
137.572869703207,280.155775830692,4.56721404966368
199.388275488224,362.120766677963,4.0915894252575
123.813870601553,411.945550433221,3.40023264069905
624.413755965104,311.922569535296,4.53803447159158
0.748630479409637,150.702990450633,4.32193138579624
540.782230907208,202.119907125935,4.32356338613127
34.8682560683248,490.373108151203,3.09787033784372
281.350996440246,25.9359488781398,3.81809776734937
536.311520449882,395.154816567425,3.20267104901561
78.3885820042207,77.1620626634938,5.2491846201278
3.97803195852921,75.4101201800771,3.52740736878509
589.163150316719,223.889399520003,3.97211536587475
439.920481278318,461.877536473387,4.80128340372491
661.22570024116,371.601324668683,3.32479263535259
107.817516470619,485.994006065307,4.35488088051751
621.360747888719,87.6256938427025,4.07798014594056
415.240161005396,258.570777149348,3.65039283952371
11.7214442111509,181.624649835145,3.32841513164399
70.317424643596,111.684667632864,4.43605989009184
618.34560374161,217.696911253096,4.33545501365214
246.704418017082,210.950287840632,3.76883410368149
572.779255578587,430.789562235167,3.65651689975217
297.208266285583,134.442026126548,3.85922211130064
533.905187561746,456.773578902121,3.79078269806868
47.0159300350259,417.740595869414,3.53467699956702
193.654823603153,290.008846231935,3.87504639293394
552.993316804203,263.824655386763,3.78385845965402
179.513806754877,36.894711835338,4.25383378339321
488.810621118822,340.164903466754,4.43996747330416
34.6616885199041,47.9194050095446,4.09496354008248
539.501640653007,139.238380288051,4.82467276038499
NA,NA,NA
660.663936425275,338.40968021588,3.34485445930245
452.724107989156,297.616812853784,3.71573357106582
12.1504111265134,491.697721381569,3.57953502985291
564.928222170747,46.5860845326127,4.12105561147315
70.8120336635262,373.815574331105,3.99048762799661
227.974242761028,416.338899459697,3.86121982586676
430.171630294548,14.918181463004,3.45671861113074
363.35945795467,292.307300176146,3.15945586582038
603.752769394389,105.703594034576,4.05836768848354
389.898613344363,227.514046116581,4.19693219189387
569.723703595699,411.553969257153,4.75616242581079
137.572869703207,280.155775830692,4.56721404966368
199.388275488224,362.120766677963,4.0915894252575
123.813870601553,411.945550433221,3.40023264069905
624.413755965104,311.922569535296,4.53803447159158
0.748630479409637,150.702990450633,4.32193138579624
540.782230907208,202.119907125935,4.32356338613127
34.8682560683248,490.373108151203,3.09787033784372
281.350996440246,25.9359488781398,3.81809776734937
536.311520449882,395.154816567425,3.20267104901561
78.3885820042207,77.1620626634938,5.2491846201278
3.97803195852921,75.4101201800771,3.52740736878509
589.163150316719,223.889399520003,3.97211536587475
439.920481278318,461.877536473387,4.80128340372491
661.22570024116,371.601324668683,3.32479263535259
107.817516470619,485.994006065307,4.35488088051751
621.360747888719,87.6256938427025,4.07798014594056
415.240161005396,258.570777149348,3.65039283952371
11.7214442111509,181.624649835145,3.32841513164399
70.317424643596,111.684667632864,4.43605989009184
618.34560374161,217.696911253096,4.33545501365214
246.704418017082,210.950287840632,3.76883410368149
572.779255578587,430.789562235167,3.65651689975217
297.208266285583,134.442026126548,3.85922211130064
533.905187561746,456.773578902121,3.79078269806868
47.0159300350259,417.740595869414,3.53467699956702
193.654823603153,290.008846231935,3.87504639293394
552.993316804203,263.824655386763,3.78385845965402
179.513806754877,36.894711835338,4.25383378339321
488.810621118822,340.164903466754,4.43996747330416
34.6616885199041,47.9194050095446,4.09496354008248
539.501640653007,139.238380288051,4.82467276038499
NA,NA,NA
663.543855022611,330.487678150364,3.5608044826211
455.838325054533,303.718212776389,3.40744063367262
9.28343981959628,495.939418587991,3.77823595107747
563.459312840825,58.4261290524912,4.09089916339192
70.509236982357,372.779252038599,4.05903998019052
226.399321016683,412.515066963498,3.83821078144473
427.61985363805,16.5358305841933,3.21441798819947
363.409083500488,288.702731828594,3.02020871448306
607.567147893529,102.939728496774,4.33344013441687
394.272013808041,228.865374501724,4.2917159903154
566.417981116179,409.075628233296,4.75265330823133
142.859068323622,283.331154373868,4.49321892711381
199.301266763092,372.346697292784,4.06087062027539
125.988493286537,410.722604313323,3.52273555206564
628.645598702361,311.426189889229,4.56610439315962
0.71582038569471,144.880558727943,4.21430866600724
544.640183454228,200.182696702873,4.1732340287107
34.2626611362919,492.021812709404,2.94092243347035
277.97043104906,25.1428581912181,3.84039344478906
534.139694963058,390.861072534646,3.44358280826337
81.2566252906444,74.886076382492,5.29153996312517
3.80162208437751,75.3471355935632,3.74499375805688
586.386519136379,224.342065314493,4.02021632134306
440.956212161646,461.554901037476,4.71931512287406
657.568781090957,372.430258629187,3.01083216244147
102.867107293,483.019131755595,4.2639318933801
624.976131048033,88.7410844214303,4.08345568091728
418.857912060308,258.863864325003,3.63261037276124
11.7190530159979,182.35150561453,3.22276020569502
58.5204165442385,120.220017220248,4.32186300844297
625.561901897801,205.766543219806,3.93464400572319
257.21978187905,221.538193152228,3.86277369087367
566.314961942517,439.871126186355,3.92161633675715
309.552679316265,135.3806177613,3.81671013328642
528.951796642647,451.286984832006,3.62793667304397
44.1472258005583,419.205886496725,4.07952973473969
200.338235229536,277.782926175317,4.16386106806296
555.147170702898,258.810121950924,3.31535571475541
182.544201738788,30.5392331428268,4.49059056527569
506.337354387102,349.187032017821,4.45704973629777
38.5685673330382,53.997657100645,3.46964834949023
526.494861859326,133.122703730369,4.37583805839839
NA,NA,NA
663.543855022611,330.487678150364,3.5608044826211
455.838325054533,303.718212776389,3.40744063367262
9.28343981959628,495.939418587991,3.77823595107747
563.459312840825,58.4261290524912,4.09089916339192
70.509236982357,372.779252038599,4.05903998019052
226.399321016683,412.515066963498,3.83821078144473
427.61985363805,16.5358305841933,3.21441798819947
363.409083500488,288.702731828594,3.02020871448306
607.567147893529,102.939728496774,4.33344013441687
394.272013808041,228.865374501724,4.2917159903154
566.417981116179,409.075628233296,4.75265330823133
142.859068323622,283.331154373868,4.49321892711381
199.301266763092,372.346697292784,4.06087062027539
125.988493286537,410.722604313323,3.52273555206564
628.645598702361,311.426189889229,4.56610439315962
0.71582038569471,144.880558727943,4.21430866600724
544.640183454228,200.182696702873,4.1732340287107
34.2626611362919,492.021812709404,2.94092243347035
277.97043104906,25.1428581912181,3.84039344478906
534.139694963058,390.861072534646,3.44358280826337
81.2566252906444,74.886076382492,5.29153996312517
3.80162208437751,75.3471355935632,3.74499375805688
586.386519136379,224.342065314493,4.02021632134306
440.956212161646,461.554901037476,4.71931512287406
657.568781090957,372.430258629187,3.01083216244147
102.867107293,483.019131755595,4.2639318933801
624.976131048033,88.7410844214303,4.08345568091728
418.857912060308,258.863864325003,3.63261037276124
11.7190530159979,182.35150561453,3.22276020569502
58.5204165442385,120.220017220248,4.32186300844297
625.561901897801,205.766543219806,3.93464400572319
257.21978187905,221.538193152228,3.86277369087367
566.314961942517,439.871126186355,3.92161633675715
309.552679316265,135.3806177613,3.81671013328642
528.951796642647,451.286984832006,3.62793667304397
44.1472258005583,419.205886496725,4.07952973473969
200.338235229536,277.782926175317,4.16386106806296
555.147170702898,258.810121950924,3.31535571475541
182.544201738788,30.5392331428268,4.49059056527569
506.337354387102,349.187032017821,4.45704973629777
38.5685673330382,53.997657100645,3.46964834949023
526.494861859326,133.122703730369,4.37583805839839
NA,NA,NA
663.543855022611,330.487678150364,3.5608044826211
455.838325054533,303.718212776389,3.40744063367262
9.28343981959628,495.939418587991,3.77823595107747
563.459312840825,58.4261290524912,4.09089916339192
70.509236982357,372.779252038599,4.05903998019052
226.399321016683,412.515066963498,3.83821078144473
427.61985363805,16.5358305841933,3.21441798819947
363.409083500488,288.702731828594,3.02020871448306
607.567147893529,102.939728496774,4.33344013441687
394.272013808041,228.865374501724,4.2917159903154
566.417981116179,409.075628233296,4.75265330823133
142.859068323622,283.331154373868,4.49321892711381
199.301266763092,372.346697292784,4.06087062027539
125.988493286537,410.722604313323,3.52273555206564
628.645598702361,311.426189889229,4.56610439315962
0.71582038569471,144.880558727943,4.21430866600724
544.640183454228,200.182696702873,4.1732340287107
34.2626611362919,492.021812709404,2.94092243347035
277.97043104906,25.1428581912181,3.84039344478906
534.139694963058,390.861072534646,3.44358280826337
81.2566252906444,74.886076382492,5.29153996312517
3.80162208437751,75.3471355935632,3.74499375805688
586.386519136379,224.342065314493,4.02021632134306
440.956212161646,461.554901037476,4.71931512287406
657.568781090957,372.430258629187,3.01083216244147
102.867107293,483.019131755595,4.2639318933801
624.976131048033,88.7410844214303,4.08345568091728
418.857912060308,258.863864325003,3.63261037276124
11.7190530159979,182.35150561453,3.22276020569502
58.5204165442385,120.220017220248,4.32186300844297
625.561901897801,205.766543219806,3.93464400572319
257.21978187905,221.538193152228,3.86277369087367
566.314961942517,439.871126186355,3.92161633675715
309.552679316265,135.3806177613,3.81671013328642
528.951796642647,451.286984832006,3.62793667304397
44.1472258005583,419.205886496725,4.07952973473969
200.338235229536,277.782926175317,4.16386106806296
555.147170702898,258.810121950924,3.31535571475541
182.544201738788,30.5392331428268,4.49059056527569
506.337354387102,349.187032017821,4.45704973629777
38.5685673330382,53.997657100645,3.46964834949023
526.494861859326,133.122703730369,4.37583805839839
NA,NA,NA
663.543855022611,330.487678150364,3.5608044826211
455.838325054533,303.718212776389,3.40744063367262
9.28343981959628,495.939418587991,3.77823595107747
563.459312840825,58.4261290524912,4.09089916339192
70.509236982357,372.779252038599,4.05903998019052
226.399321016683,412.515066963498,3.83821078144473
427.61985363805,16.5358305841933,3.21441798819947
363.409083500488,288.702731828594,3.02020871448306
607.567147893529,102.939728496774,4.33344013441687
394.272013808041,228.865374501724,4.2917159903154
566.417981116179,409.075628233296,4.75265330823133
142.859068323622,283.331154373868,4.49321892711381
199.301266763092,372.346697292784,4.06087062027539
125.988493286537,410.722604313323,3.52273555206564
628.645598702361,311.426189889229,4.56610439315962
0.71582038569471,144.880558727943,4.21430866600724
544.640183454228,200.182696702873,4.1732340287107
34.2626611362919,492.021812709404,2.94092243347035
277.97043104906,25.1428581912181,3.84039344478906
534.139694963058,390.861072534646,3.44358280826337
81.2566252906444,74.886076382492,5.29153996312517
3.80162208437751,75.3471355935632,3.74499375805688
586.386519136379,224.342065314493,4.02021632134306
440.956212161646,461.554901037476,4.71931512287406
657.568781090957,372.430258629187,3.01083216244147
102.867107293,483.019131755595,4.2639318933801
624.976131048033,88.7410844214303,4.08345568091728
418.857912060308,258.863864325003,3.63261037276124
11.7190530159979,182.35150561453,3.22276020569502
58.5204165442385,120.220017220248,4.32186300844297
625.561901897801,205.766543219806,3.93464400572319
257.21978187905,221.538193152228,3.86277369087367
566.314961942517,439.871126186355,3.92161633675715
309.552679316265,135.3806177613,3.81671013328642
528.951796642647,451.286984832006,3.62793667304397
44.1472258005583,419.205886496725,4.07952973473969
200.338235229536,277.782926175317,4.16386106806296
555.147170702898,258.810121950924,3.31535571475541
182.544201738788,30.5392331428268,4.49059056527569
506.337354387102,349.187032017821,4.45704973629777
38.5685673330382,53.997657100645,3.46964834949023
526.494861859326,133.122703730369,4.37583805839839
NA,NA,NA
663.543855022611,330.487678150364,3.5608044826211
455.838325054533,303.718212776389,3.40744063367262
9.28343981959628,495.939418587991,3.77823595107747
563.459312840825,58.4261290524912,4.09089916339192
70.509236982357,372.779252038599,4.05903998019052
226.399321016683,412.515066963498,3.83821078144473
427.61985363805,16.5358305841933,3.21441798819947
363.409083500488,288.702731828594,3.02020871448306
607.567147893529,102.939728496774,4.33344013441687
394.272013808041,228.865374501724,4.2917159903154
566.417981116179,409.075628233296,4.75265330823133
142.859068323622,283.331154373868,4.49321892711381
199.301266763092,372.346697292784,4.06087062027539
125.988493286537,410.722604313323,3.52273555206564
628.645598702361,311.426189889229,4.56610439315962
0.71582038569471,144.880558727943,4.21430866600724
544.640183454228,200.182696702873,4.1732340287107
34.2626611362919,492.021812709404,2.94092243347035
277.97043104906,25.1428581912181,3.84039344478906
534.139694963058,390.861072534646,3.44358280826337
81.2566252906444,74.886076382492,5.29153996312517
3.80162208437751,75.3471355935632,3.74499375805688
586.386519136379,224.342065314493,4.02021632134306
440.956212161646,461.554901037476,4.71931512287406
657.568781090957,372.430258629187,3.01083216244147
102.867107293,483.019131755595,4.2639318933801
624.976131048033,88.7410844214303,4.08345568091728
418.857912060308,258.863864325003,3.63261037276124
11.7190530159979,182.35150561453,3.22276020569502
58.5204165442385,120.220017220248,4.32186300844297
625.561901897801,205.766543219806,3.93464400572319
257.21978187905,221.538193152228,3.86277369087367
566.314961942517,439.871126186355,3.92161633675715
309.552679316265,135.3806177613,3.81671013328642
528.951796642647,451.286984832006,3.62793667304397
44.1472258005583,419.205886496725,4.07952973473969
200.338235229536,277.782926175317,4.16386106806296
555.147170702898,258.810121950924,3.31535571475541
182.544201738788,30.5392331428268,4.49059056527569
506.337354387102,349.187032017821,4.45704973629777
38.5685673330382,53.997657100645,3.46964834949023
526.494861859326,133.122703730369,4.37583805839839
NA,NA,NA
663.543855022611,330.487678150364,3.5608044826211
455.838325054533,303.718212776389,3.40744063367262
9.28343981959628,495.939418587991,3.77823595107747
563.459312840825,58.4261290524912,4.09089916339192
70.509236982357,372.779252038599,4.05903998019052
226.399321016683,412.515066963498,3.83821078144473
427.61985363805,16.5358305841933,3.21441798819947
363.409083500488,288.702731828594,3.02020871448306
607.567147893529,102.939728496774,4.33344013441687
394.272013808041,228.865374501724,4.2917159903154
566.417981116179,409.075628233296,4.75265330823133
142.859068323622,283.331154373868,4.49321892711381
199.301266763092,372.346697292784,4.06087062027539
125.988493286537,410.722604313323,3.52273555206564
628.645598702361,311.426189889229,4.56610439315962
0.71582038569471,144.880558727943,4.21430866600724
544.640183454228,200.182696702873,4.1732340287107
34.2626611362919,492.021812709404,2.94092243347035
277.97043104906,25.1428581912181,3.84039344478906
534.139694963058,390.861072534646,3.44358280826337
81.2566252906444,74.886076382492,5.29153996312517
3.80162208437751,75.3471355935632,3.74499375805688
586.386519136379,224.342065314493,4.02021632134306
440.956212161646,461.554901037476,4.71931512287406
657.568781090957,372.430258629187,3.01083216244147
102.867107293,483.019131755595,4.2639318933801
624.976131048033,88.7410844214303,4.08345568091728
418.857912060308,258.863864325003,3.63261037276124
11.7190530159979,182.35150561453,3.22276020569502
58.5204165442385,120.220017220248,4.32186300844297
625.561901897801,205.766543219806,3.93464400572319
257.21978187905,221.538193152228,3.86277369087367
566.314961942517,439.871126186355,3.92161633675715
309.552679316265,135.3806177613,3.81671013328642
528.951796642647,451.286984832006,3.62793667304397
44.1472258005583,419.205886496725,4.07952973473969
200.338235229536,277.782926175317,4.16386106806296
555.147170702898,258.810121950924,3.31535571475541
182.544201738788,30.5392331428268,4.49059056527569
506.337354387102,349.187032017821,4.45704973629777
38.5685673330382,53.997657100645,3.46964834949023
526.494861859326,133.122703730369,4.37583805839839
NA,NA,NA
656.84439998381,337.257944630138,3.50535843989671
456.708409463989,302.952362802691,3.68224224139719
9.86568544993595,502.001104120268,3.8563061630251
554.09682167637,51.6277759382875,4.04168484162416
76.2481952663788,376.972113372012,4.07282269362425
226.300140565987,411.291466855818,3.97509133815824
427.76812732838,11.2205092586728,3.39010521088979
359.572812614566,293.177002941427,3.15153098259699
602.618571044935,103.878117816732,4.12505526274638
392.344844208058,231.626869873119,4.21173301841937
562.387273853901,413.011236966036,4.73928746463041
143.070658693981,274.40001212977,4.51727485788373
198.364853282336,370.877599174651,4.04127042036085
126.797848188083,410.051554506664,3.37694899497908
631.12433919876,311.219161687678,4.61194535919393
-1.01823448590375,151.127550270679,4.31370904256348
537.52039751604,199.723852961477,4.14163426172269
31.3908057401175,489.340861836755,3.01612670298193
279.544282514582,24.619788982671,3.96340390730097
534.905692769098,394.039183379322,3.4582195775546
68.0398656399439,81.6011875344532,5.19489352898282
4.79143908628416,76.7940623898784,3.67895804485627
590.001258174312,230.566751231153,4.04523376351406
439.412178014121,460.027222980879,4.80118283054076
659.136050257843,372.651760072838,3.22708383215457
107.618688505941,487.620586027816,4.38821846705797
622.623601864785,88.9421421743306,4.09079584153035
418.20601937709,258.350191768226,3.58230210479202
12.5801914758507,180.820221942789,3.283004122301
50.7807511658275,108.660512769152,4.56207270650473
610.433259641328,216.581702634117,4.36324806745136
254.289388641353,222.383002341223,3.67209190506808
573.320885906957,439.025549180252,3.54457273740657
304.184503245951,137.032921215744,3.77973825242328
532.122300335715,462.650039900153,3.72661007173608
46.8446053877461,411.376076574029,3.83193671585361
195.603665489735,275.258735188016,4.18224428945042
556.528259439696,265.139847682241,3.58359680173142
176.285709088008,39.3523289045344,4.10090513457646
505.049109057982,346.474770699876,4.58042640718794
54.7007886829638,63.7965160722397,3.79112012974798
525.913860044523,127.663909936819,5.02343037595818
NA,NA,NA
656.84439998381,337.257944630138,3.50535843989671
456.708409463989,302.952362802691,3.68224224139719
9.86568544993595,502.001104120268,3.8563061630251
554.09682167637,51.6277759382875,4.04168484162416
76.2481952663788,376.972113372012,4.07282269362425
226.300140565987,411.291466855818,3.97509133815824
427.76812732838,11.2205092586728,3.39010521088979
359.572812614566,293.177002941427,3.15153098259699
602.618571044935,103.878117816732,4.12505526274638
392.344844208058,231.626869873119,4.21173301841937
562.387273853901,413.011236966036,4.73928746463041
143.070658693981,274.40001212977,4.51727485788373
198.364853282336,370.877599174651,4.04127042036085
126.797848188083,410.051554506664,3.37694899497908
631.12433919876,311.219161687678,4.61194535919393
-1.01823448590375,151.127550270679,4.31370904256348
537.52039751604,199.723852961477,4.14163426172269
31.3908057401175,489.340861836755,3.01612670298193
279.544282514582,24.619788982671,3.96340390730097
534.905692769098,394.039183379322,3.4582195775546
68.0398656399439,81.6011875344532,5.19489352898282
4.79143908628416,76.7940623898784,3.67895804485627
590.001258174312,230.566751231153,4.04523376351406
439.412178014121,460.027222980879,4.80118283054076
659.136050257843,372.651760072838,3.22708383215457
107.618688505941,487.620586027816,4.38821846705797
622.623601864785,88.9421421743306,4.09079584153035
418.20601937709,258.350191768226,3.58230210479202
12.5801914758507,180.820221942789,3.283004122301
50.7807511658275,108.660512769152,4.56207270650473
610.433259641328,216.581702634117,4.36324806745136
254.289388641353,222.383002341223,3.67209190506808
573.320885906957,439.025549180252,3.54457273740657
304.184503245951,137.032921215744,3.77973825242328
532.122300335715,462.650039900153,3.72661007173608
46.8446053877461,411.376076574029,3.83193671585361
195.603665489735,275.258735188016,4.18224428945042
556.528259439696,265.139847682241,3.58359680173142
176.285709088008,39.3523289045344,4.10090513457646
505.049109057982,346.474770699876,4.58042640718794
54.7007886829638,63.7965160722397,3.79112012974798
525.913860044523,127.663909936819,5.02343037595818
NA,NA,NA
656.84439998381,337.257944630138,3.50535843989671
456.708409463989,302.952362802691,3.68224224139719
9.86568544993595,502.001104120268,3.8563061630251
554.09682167637,51.6277759382875,4.04168484162416
76.2481952663788,376.972113372012,4.07282269362425
226.300140565987,411.291466855818,3.97509133815824
427.76812732838,11.2205092586728,3.39010521088979
359.572812614566,293.177002941427,3.15153098259699
602.618571044935,103.878117816732,4.12505526274638
392.344844208058,231.626869873119,4.21173301841937
562.387273853901,413.011236966036,4.73928746463041
143.070658693981,274.40001212977,4.51727485788373
198.364853282336,370.877599174651,4.04127042036085
126.797848188083,410.051554506664,3.37694899497908
631.12433919876,311.219161687678,4.61194535919393
-1.01823448590375,151.127550270679,4.31370904256348
537.52039751604,199.723852961477,4.14163426172269
31.3908057401175,489.340861836755,3.01612670298193
279.544282514582,24.619788982671,3.96340390730097
534.905692769098,394.039183379322,3.4582195775546
68.0398656399439,81.6011875344532,5.19489352898282
4.79143908628416,76.7940623898784,3.67895804485627
590.001258174312,230.566751231153,4.04523376351406
439.412178014121,460.027222980879,4.80118283054076
659.136050257843,372.651760072838,3.22708383215457
107.618688505941,487.620586027816,4.38821846705797
622.623601864785,88.9421421743306,4.09079584153035
418.20601937709,258.350191768226,3.58230210479202
12.5801914758507,180.820221942789,3.283004122301
50.7807511658275,108.660512769152,4.56207270650473
610.433259641328,216.581702634117,4.36324806745136
254.289388641353,222.383002341223,3.67209190506808
573.320885906957,439.025549180252,3.54457273740657
304.184503245951,137.032921215744,3.77973825242328
532.122300335715,462.650039900153,3.72661007173608
46.8446053877461,411.376076574029,3.83193671585361
195.603665489735,275.258735188016,4.18224428945042
556.528259439696,265.139847682241,3.58359680173142
176.285709088008,39.3523289045344,4.10090513457646
505.049109057982,346.474770699876,4.58042640718794
54.7007886829638,63.7965160722397,3.79112012974798
525.913860044523,127.663909936819,5.02343037595818
NA,NA,NA
656.84439998381,337.257944630138,3.50535843989671
456.708409463989,302.952362802691,3.68224224139719
9.86568544993595,502.001104120268,3.8563061630251
554.09682167637,51.6277759382875,4.04168484162416
76.2481952663788,376.972113372012,4.07282269362425
226.300140565987,411.291466855818,3.97509133815824
427.76812732838,11.2205092586728,3.39010521088979
359.572812614566,293.177002941427,3.15153098259699
602.618571044935,103.878117816732,4.12505526274638
392.344844208058,231.626869873119,4.21173301841937
562.387273853901,413.011236966036,4.73928746463041
143.070658693981,274.40001212977,4.51727485788373
198.364853282336,370.877599174651,4.04127042036085
126.797848188083,410.051554506664,3.37694899497908
631.12433919876,311.219161687678,4.61194535919393
-1.01823448590375,151.127550270679,4.31370904256348
537.52039751604,199.723852961477,4.14163426172269
31.3908057401175,489.340861836755,3.01612670298193
279.544282514582,24.619788982671,3.96340390730097
534.905692769098,394.039183379322,3.4582195775546
68.0398656399439,81.6011875344532,5.19489352898282
4.79143908628416,76.7940623898784,3.67895804485627
590.001258174312,230.566751231153,4.04523376351406
439.412178014121,460.027222980879,4.80118283054076
659.136050257843,372.651760072838,3.22708383215457
107.618688505941,487.620586027816,4.38821846705797
622.623601864785,88.9421421743306,4.09079584153035
418.20601937709,258.350191768226,3.58230210479202
12.5801914758507,180.820221942789,3.283004122301
50.7807511658275,108.660512769152,4.56207270650473
610.433259641328,216.581702634117,4.36324806745136
254.289388641353,222.383002341223,3.67209190506808
573.320885906957,439.025549180252,3.54457273740657
304.184503245951,137.032921215744,3.77973825242328
532.122300335715,462.650039900153,3.72661007173608
46.8446053877461,411.376076574029,3.83193671585361
195.603665489735,275.258735188016,4.18224428945042
556.528259439696,265.139847682241,3.58359680173142
176.285709088008,39.3523289045344,4.10090513457646
505.049109057982,346.474770699876,4.58042640718794
54.7007886829638,63.7965160722397,3.79112012974798
525.913860044523,127.663909936819,5.02343037595818
NA,NA,NA
656.84439998381,337.257944630138,3.50535843989671
456.708409463989,302.952362802691,3.68224224139719
9.86568544993595,502.001104120268,3.8563061630251
554.09682167637,51.6277759382875,4.04168484162416
76.2481952663788,376.972113372012,4.07282269362425
226.300140565987,411.291466855818,3.97509133815824
427.76812732838,11.2205092586728,3.39010521088979
359.572812614566,293.177002941427,3.15153098259699
602.618571044935,103.878117816732,4.12505526274638
392.344844208058,231.626869873119,4.21173301841937
562.387273853901,413.011236966036,4.73928746463041
143.070658693981,274.40001212977,4.51727485788373
198.364853282336,370.877599174651,4.04127042036085
126.797848188083,410.051554506664,3.37694899497908
631.12433919876,311.219161687678,4.61194535919393
-1.01823448590375,151.127550270679,4.31370904256348
537.52039751604,199.723852961477,4.14163426172269
31.3908057401175,489.340861836755,3.01612670298193
279.544282514582,24.619788982671,3.96340390730097
534.905692769098,394.039183379322,3.4582195775546
68.0398656399439,81.6011875344532,5.19489352898282
4.79143908628416,76.7940623898784,3.67895804485627
590.001258174312,230.566751231153,4.04523376351406
439.412178014121,460.027222980879,4.80118283054076
659.136050257843,372.651760072838,3.22708383215457
107.618688505941,487.620586027816,4.38821846705797
622.623601864785,88.9421421743306,4.09079584153035
418.20601937709,258.350191768226,3.58230210479202
12.5801914758507,180.820221942789,3.283004122301
50.7807511658275,108.660512769152,4.56207270650473
610.433259641328,216.581702634117,4.36324806745136
254.289388641353,222.383002341223,3.67209190506808
573.320885906957,439.025549180252,3.54457273740657
304.184503245951,137.032921215744,3.77973825242328
532.122300335715,462.650039900153,3.72661007173608
46.8446053877461,411.376076574029,3.83193671585361
195.603665489735,275.258735188016,4.18224428945042
556.528259439696,265.139847682241,3.58359680173142
176.285709088008,39.3523289045344,4.10090513457646
505.049109057982,346.474770699876,4.58042640718794
54.7007886829638,63.7965160722397,3.79112012974798
525.913860044523,127.663909936819,5.02343037595818
NA,NA,NA
656.84439998381,337.257944630138,3.50535843989671
456.708409463989,302.952362802691,3.68224224139719
9.86568544993595,502.001104120268,3.8563061630251
554.09682167637,51.6277759382875,4.04168484162416
76.2481952663788,376.972113372012,4.07282269362425
226.300140565987,411.291466855818,3.97509133815824
427.76812732838,11.2205092586728,3.39010521088979
359.572812614566,293.177002941427,3.15153098259699
602.618571044935,103.878117816732,4.12505526274638
392.344844208058,231.626869873119,4.21173301841937
562.387273853901,413.011236966036,4.73928746463041
143.070658693981,274.40001212977,4.51727485788373
198.364853282336,370.877599174651,4.04127042036085
126.797848188083,410.051554506664,3.37694899497908
631.12433919876,311.219161687678,4.61194535919393
-1.01823448590375,151.127550270679,4.31370904256348
537.52039751604,199.723852961477,4.14163426172269
31.3908057401175,489.340861836755,3.01612670298193
279.544282514582,24.619788982671,3.96340390730097
534.905692769098,394.039183379322,3.4582195775546
68.0398656399439,81.6011875344532,5.19489352898282
4.79143908628416,76.7940623898784,3.67895804485627
590.001258174312,230.566751231153,4.04523376351406
439.412178014121,460.027222980879,4.80118283054076
659.136050257843,372.651760072838,3.22708383215457
107.618688505941,487.620586027816,4.38821846705797
622.623601864785,88.9421421743306,4.09079584153035
418.20601937709,258.350191768226,3.58230210479202
12.5801914758507,180.820221942789,3.283004122301
50.7807511658275,108.660512769152,4.56207270650473
610.433259641328,216.581702634117,4.36324806745136
254.289388641353,222.383002341223,3.67209190506808
573.320885906957,439.025549180252,3.54457273740657
304.184503245951,137.032921215744,3.77973825242328
532.122300335715,462.650039900153,3.72661007173608
46.8446053877461,411.376076574029,3.83193671585361
195.603665489735,275.258735188016,4.18224428945042
556.528259439696,265.139847682241,3.58359680173142
176.285709088008,39.3523289045344,4.10090513457646
505.049109057982,346.474770699876,4.58042640718794
54.7007886829638,63.7965160722397,3.79112012974798
525.913860044523,127.663909936819,5.02343037595818
NA,NA,NA
657.76792134883,333.582569854815,3.3797468760026
452.702802333089,298.213628419264,3.47745586974895
11.087015239893,493.988993972839,3.61951446786058
560.59864091645,51.8493266242062,4.20971222504139
75.6211332393483,373.176912118198,4.01197087698212
225.975623669192,415.504650900638,3.86380310338467
430.846462660561,15.3067924725654,3.21360656129249
361.476492792079,292.707738837319,3.02296324603716
605.857273108681,106.400248140623,4.06239773072411
392.176779876832,226.056183263727,4.10329595861179
573.965161841306,412.979497749948,4.71587115611268
142.609453694122,278.884902867884,4.58701088434969
202.461354968104,373.775996519877,4.12662837464399
122.157650649726,410.890739523565,3.27838144733593
622.495926039147,312.702550270032,4.5987092881441
3.44510553549345,151.348140779323,4.32311884815686
539.486284320348,208.590029527686,4.15281798649301
34.3444275176555,492.945090679623,2.94520837866738
279.472059521847,24.5201631339546,3.93957130558154
531.307401571286,393.295517944608,3.32939163041711
69.2536335975364,67.2785404169666,5.31971367905048
9.16001434505745,73.1296838871951,3.55897150681816
589.622666973536,227.723260659849,4.04164239149055
443.372643521275,460.397846015778,4.73553271404038
657.879498484756,376.747143735192,3.1476725029673
104.734915266962,490.390540028584,4.34379766875041
626.573456496622,87.5862602828763,4.03317468400287
420.152138309276,257.791805576761,3.6335606002544
10.5409874872799,184.812257057563,3.23493559445807
59.3046341288227,123.140743978556,4.5011753795668
602.862096336518,204.165969237524,4.31453707821465
256.571667417662,208.15424807557,3.69946933301459
579.330311874834,430.221816971072,3.71643508172147
305.854309669257,141.73315919383,3.95519880188979
528.887286452609,449.656243228267,3.52362374626564
52.4038772693742,423.018088359021,4.32904119898747
202.106193423125,291.841004356489,3.99952536735172
550.131681191738,268.651594502115,3.75607256534313
164.34593322391,29.5002441705735,4.40237531814673
495.222413944327,341.94402347085,4.40550546952026
39.8510997456714,59.4120146813537,3.51958246238932
533.677401502145,133.454833675982,4.78046691528862
NA,NA,NA
657.76792134883,333.582569854815,3.3797468760026
452.702802333089,298.213628419264,3.47745586974895
11.087015239893,493.988993972839,3.61951446786058
560.59864091645,51.8493266242062,4.20971222504139
75.6211332393483,373.176912118198,4.01197087698212
225.975623669192,415.504650900638,3.86380310338467
430.846462660561,15.3067924725654,3.21360656129249
361.476492792079,292.707738837319,3.02296324603716
605.857273108681,106.400248140623,4.06239773072411
392.176779876832,226.056183263727,4.10329595861179
573.965161841306,412.979497749948,4.71587115611268
142.609453694122,278.884902867884,4.58701088434969
202.461354968104,373.775996519877,4.12662837464399
122.157650649726,410.890739523565,3.27838144733593
622.495926039147,312.702550270032,4.5987092881441
3.44510553549345,151.348140779323,4.32311884815686
539.486284320348,208.590029527686,4.15281798649301
34.3444275176555,492.945090679623,2.94520837866738
279.472059521847,24.5201631339546,3.93957130558154
531.307401571286,393.295517944608,3.32939163041711
69.2536335975364,67.2785404169666,5.31971367905048
9.16001434505745,73.1296838871951,3.55897150681816
589.622666973536,227.723260659849,4.04164239149055
443.372643521275,460.397846015778,4.73553271404038
657.879498484756,376.747143735192,3.1476725029673
104.734915266962,490.390540028584,4.34379766875041
626.573456496622,87.5862602828763,4.03317468400287
420.152138309276,257.791805576761,3.6335606002544
10.5409874872799,184.812257057563,3.23493559445807
59.3046341288227,123.140743978556,4.5011753795668
602.862096336518,204.165969237524,4.31453707821465
256.571667417662,208.15424807557,3.69946933301459
579.330311874834,430.221816971072,3.71643508172147
305.854309669257,141.73315919383,3.95519880188979
528.887286452609,449.656243228267,3.52362374626564
52.4038772693742,423.018088359021,4.32904119898747
202.106193423125,291.841004356489,3.99952536735172
550.131681191738,268.651594502115,3.75607256534313
164.34593322391,29.5002441705735,4.40237531814673
495.222413944327,341.94402347085,4.40550546952026
39.8510997456714,59.4120146813537,3.51958246238932
533.677401502145,133.454833675982,4.78046691528862
NA,NA,NA
657.76792134883,333.582569854815,3.3797468760026
452.702802333089,298.213628419264,3.47745586974895
11.087015239893,493.988993972839,3.61951446786058
560.59864091645,51.8493266242062,4.20971222504139
75.6211332393483,373.176912118198,4.01197087698212
225.975623669192,415.504650900638,3.86380310338467
430.846462660561,15.3067924725654,3.21360656129249
361.476492792079,292.707738837319,3.02296324603716
605.857273108681,106.400248140623,4.06239773072411
392.176779876832,226.056183263727,4.10329595861179
573.965161841306,412.979497749948,4.71587115611268
142.609453694122,278.884902867884,4.58701088434969
202.461354968104,373.775996519877,4.12662837464399
122.157650649726,410.890739523565,3.27838144733593
622.495926039147,312.702550270032,4.5987092881441
3.44510553549345,151.348140779323,4.32311884815686
539.486284320348,208.590029527686,4.15281798649301
34.3444275176555,492.945090679623,2.94520837866738
279.472059521847,24.5201631339546,3.93957130558154
531.307401571286,393.295517944608,3.32939163041711
69.2536335975364,67.2785404169666,5.31971367905048
9.16001434505745,73.1296838871951,3.55897150681816
589.622666973536,227.723260659849,4.04164239149055
443.372643521275,460.397846015778,4.73553271404038
657.879498484756,376.747143735192,3.1476725029673
104.734915266962,490.390540028584,4.34379766875041
626.573456496622,87.5862602828763,4.03317468400287
420.152138309276,257.791805576761,3.6335606002544
10.5409874872799,184.812257057563,3.23493559445807
59.3046341288227,123.140743978556,4.5011753795668
602.862096336518,204.165969237524,4.31453707821465
256.571667417662,208.15424807557,3.69946933301459
579.330311874834,430.221816971072,3.71643508172147
305.854309669257,141.73315919383,3.95519880188979
528.887286452609,449.656243228267,3.52362374626564
52.4038772693742,423.018088359021,4.32904119898747
202.106193423125,291.841004356489,3.99952536735172
550.131681191738,268.651594502115,3.75607256534313
164.34593322391,29.5002441705735,4.40237531814673
495.222413944327,341.94402347085,4.40550546952026
39.8510997456714,59.4120146813537,3.51958246238932
533.677401502145,133.454833675982,4.78046691528862
NA,NA,NA
657.76792134883,333.582569854815,3.3797468760026
452.702802333089,298.213628419264,3.47745586974895
11.087015239893,493.988993972839,3.61951446786058
560.59864091645,51.8493266242062,4.20971222504139
75.6211332393483,373.176912118198,4.01197087698212
225.975623669192,415.504650900638,3.86380310338467
430.846462660561,15.3067924725654,3.21360656129249
361.476492792079,292.707738837319,3.02296324603716
605.857273108681,106.400248140623,4.06239773072411
392.176779876832,226.056183263727,4.10329595861179
573.965161841306,412.979497749948,4.71587115611268
142.609453694122,278.884902867884,4.58701088434969
202.461354968104,373.775996519877,4.12662837464399
122.157650649726,410.890739523565,3.27838144733593
622.495926039147,312.702550270032,4.5987092881441
3.44510553549345,151.348140779323,4.32311884815686
539.486284320348,208.590029527686,4.15281798649301
34.3444275176555,492.945090679623,2.94520837866738
279.472059521847,24.5201631339546,3.93957130558154
531.307401571286,393.295517944608,3.32939163041711
69.2536335975364,67.2785404169666,5.31971367905048
9.16001434505745,73.1296838871951,3.55897150681816
589.622666973536,227.723260659849,4.04164239149055
443.372643521275,460.397846015778,4.73553271404038
657.879498484756,376.747143735192,3.1476725029673
104.734915266962,490.390540028584,4.34379766875041
626.573456496622,87.5862602828763,4.03317468400287
420.152138309276,257.791805576761,3.6335606002544
10.5409874872799,184.812257057563,3.23493559445807
59.3046341288227,123.140743978556,4.5011753795668
602.862096336518,204.165969237524,4.31453707821465
256.571667417662,208.15424807557,3.69946933301459
579.330311874834,430.221816971072,3.71643508172147
305.854309669257,141.73315919383,3.95519880188979
528.887286452609,449.656243228267,3.52362374626564
52.4038772693742,423.018088359021,4.32904119898747
202.106193423125,291.841004356489,3.99952536735172
550.131681191738,268.651594502115,3.75607256534313
164.34593322391,29.5002441705735,4.40237531814673
495.222413944327,341.94402347085,4.40550546952026
39.8510997456714,59.4120146813537,3.51958246238932
533.677401502145,133.454833675982,4.78046691528862
NA,NA,NA
657.76792134883,333.582569854815,3.3797468760026
452.702802333089,298.213628419264,3.47745586974895
11.087015239893,493.988993972839,3.61951446786058
560.59864091645,51.8493266242062,4.20971222504139
75.6211332393483,373.176912118198,4.01197087698212
225.975623669192,415.504650900638,3.86380310338467
430.846462660561,15.3067924725654,3.21360656129249
361.476492792079,292.707738837319,3.02296324603716
605.857273108681,106.400248140623,4.06239773072411
392.176779876832,226.056183263727,4.10329595861179
573.965161841306,412.979497749948,4.71587115611268
142.609453694122,278.884902867884,4.58701088434969
202.461354968104,373.775996519877,4.12662837464399
122.157650649726,410.890739523565,3.27838144733593
622.495926039147,312.702550270032,4.5987092881441
3.44510553549345,151.348140779323,4.32311884815686
539.486284320348,208.590029527686,4.15281798649301
34.3444275176555,492.945090679623,2.94520837866738
279.472059521847,24.5201631339546,3.93957130558154
531.307401571286,393.295517944608,3.32939163041711
69.2536335975364,67.2785404169666,5.31971367905048
9.16001434505745,73.1296838871951,3.55897150681816
589.622666973536,227.723260659849,4.04164239149055
443.372643521275,460.397846015778,4.73553271404038
657.879498484756,376.747143735192,3.1476725029673
104.734915266962,490.390540028584,4.34379766875041
626.573456496622,87.5862602828763,4.03317468400287
420.152138309276,257.791805576761,3.6335606002544
10.5409874872799,184.812257057563,3.23493559445807
59.3046341288227,123.140743978556,4.5011753795668
602.862096336518,204.165969237524,4.31453707821465
256.571667417662,208.15424807557,3.69946933301459
579.330311874834,430.221816971072,3.71643508172147
305.854309669257,141.73315919383,3.95519880188979
528.887286452609,449.656243228267,3.52362374626564
52.4038772693742,423.018088359021,4.32904119898747
202.106193423125,291.841004356489,3.99952536735172
550.131681191738,268.651594502115,3.75607256534313
164.34593322391,29.5002441705735,4.40237531814673
495.222413944327,341.94402347085,4.40550546952026
39.8510997456714,59.4120146813537,3.51958246238932
533.677401502145,133.454833675982,4.78046691528862
NA,NA,NA
657.76792134883,333.582569854815,3.3797468760026
452.702802333089,298.213628419264,3.47745586974895
11.087015239893,493.988993972839,3.61951446786058
560.59864091645,51.8493266242062,4.20971222504139
75.6211332393483,373.176912118198,4.01197087698212
225.975623669192,415.504650900638,3.86380310338467
430.846462660561,15.3067924725654,3.21360656129249
361.476492792079,292.707738837319,3.02296324603716
605.857273108681,106.400248140623,4.06239773072411
392.176779876832,226.056183263727,4.10329595861179
573.965161841306,412.979497749948,4.71587115611268
142.609453694122,278.884902867884,4.58701088434969
202.461354968104,373.775996519877,4.12662837464399
122.157650649726,410.890739523565,3.27838144733593
622.495926039147,312.702550270032,4.5987092881441
3.44510553549345,151.348140779323,4.32311884815686
539.486284320348,208.590029527686,4.15281798649301
34.3444275176555,492.945090679623,2.94520837866738
279.472059521847,24.5201631339546,3.93957130558154
531.307401571286,393.295517944608,3.32939163041711
69.2536335975364,67.2785404169666,5.31971367905048
9.16001434505745,73.1296838871951,3.55897150681816
589.622666973536,227.723260659849,4.04164239149055
443.372643521275,460.397846015778,4.73553271404038
657.879498484756,376.747143735192,3.1476725029673
104.734915266962,490.390540028584,4.34379766875041
626.573456496622,87.5862602828763,4.03317468400287
420.152138309276,257.791805576761,3.6335606002544
10.5409874872799,184.812257057563,3.23493559445807
59.3046341288227,123.140743978556,4.5011753795668
602.862096336518,204.165969237524,4.31453707821465
256.571667417662,208.15424807557,3.69946933301459
579.330311874834,430.221816971072,3.71643508172147
305.854309669257,141.73315919383,3.95519880188979
528.887286452609,449.656243228267,3.52362374626564
52.4038772693742,423.018088359021,4.32904119898747
202.106193423125,291.841004356489,3.99952536735172
550.131681191738,268.651594502115,3.75607256534313
164.34593322391,29.5002441705735,4.40237531814673
495.222413944327,341.94402347085,4.40550546952026
39.8510997456714,59.4120146813537,3.51958246238932
533.677401502145,133.454833675982,4.78046691528862
NA,NA,NA
662.937428331754,331.541160734461,3.49242228050739
457.183862592533,295.041817055468,3.575937936502
9.89993891062162,495.808004476691,3.45812196679663
559.460765046098,50.2745561473838,4.15542710191839
70.2606330223194,373.348511491189,3.83381308022955
226.718145821939,413.722292135151,3.83023087873979
427.185960741185,10.232494312734,3.3503924835413
361.873562520748,293.12320617762,3.12413921071611
606.59641479276,107.148391350039,4.09177629073541
394.827355726843,227.392339026497,4.17028607882716
566.910350007649,409.384713815411,4.67155990672652
136.797327200302,278.575929301715,4.53865545298436
199.493393661368,373.543484137262,4.02812859693994
129.161529661287,412.735620228063,3.37377655166985
624.564165794237,314.200640212741,4.5376966585603
-0.757238980135633,146.770202634962,4.26369998831976
538.231078265673,205.152890189873,4.11776983127272
33.8894810554698,491.645577393914,3.19147906566644
276.693479007987,25.8614132144549,3.64070026104536
534.174217181003,388.967523427533,3.36512572624205
74.5018005036594,83.5962231716423,5.28097804741413
4.71018226155638,78.3366707041528,3.63785692493855
584.844684404651,225.321419759378,3.94316273914655
437.397931304201,457.062084148242,4.75669108463083
658.078788512922,374.507704171031,3.12749903219622
102.169721615651,486.09995555369,4.32174956637397
628.917496405073,92.099462494625,4.10334166912305
419.687808646371,259.454326177536,3.60316680215943
13.671032355582,180.791273839631,3.37763961654314
69.9878577412888,117.601414963877,4.44065227088612
608.148329989619,202.08479187639,4.41826488568448
254.670900908406,217.403662799067,4.00873760773586
578.676442155352,432.445485099306,3.7265225610686
296.94141942183,138.06020950356,3.82512883107384
528.578602365186,451.950144658376,3.58621351340417
45.8399629544744,428.3055885746,4.21069519950425
196.530482592559,289.889761394883,4.14474917548616
542.06215822363,250.870851279366,3.76630353599993
163.048750922909,26.9880428511972,4.31016714992758
502.289344019285,335.044610118643,4.39810152171634
32.689917296737,55.7258881926291,3.59830795284938
522.764213314179,142.420974818149,4.64170228527495
NA,NA,NA
662.937428331754,331.541160734461,3.49242228050739
457.183862592533,295.041817055468,3.575937936502
9.89993891062162,495.808004476691,3.45812196679663
559.460765046098,50.2745561473838,4.15542710191839
70.2606330223194,373.348511491189,3.83381308022955
226.718145821939,413.722292135151,3.83023087873979
427.185960741185,10.232494312734,3.3503924835413
361.873562520748,293.12320617762,3.12413921071611
606.59641479276,107.148391350039,4.09177629073541
394.827355726843,227.392339026497,4.17028607882716
566.910350007649,409.384713815411,4.67155990672652
136.797327200302,278.575929301715,4.53865545298436
199.493393661368,373.543484137262,4.02812859693994
129.161529661287,412.735620228063,3.37377655166985
624.564165794237,314.200640212741,4.5376966585603
-0.757238980135633,146.770202634962,4.26369998831976
538.231078265673,205.152890189873,4.11776983127272
33.8894810554698,491.645577393914,3.19147906566644
276.693479007987,25.8614132144549,3.64070026104536
534.174217181003,388.967523427533,3.36512572624205
74.5018005036594,83.5962231716423,5.28097804741413
4.71018226155638,78.3366707041528,3.63785692493855
584.844684404651,225.321419759378,3.94316273914655
437.397931304201,457.062084148242,4.75669108463083
658.078788512922,374.507704171031,3.12749903219622
102.169721615651,486.09995555369,4.32174956637397
628.917496405073,92.099462494625,4.10334166912305
419.687808646371,259.454326177536,3.60316680215943
13.671032355582,180.791273839631,3.37763961654314
69.9878577412888,117.601414963877,4.44065227088612
608.148329989619,202.08479187639,4.41826488568448
254.670900908406,217.403662799067,4.00873760773586
578.676442155352,432.445485099306,3.7265225610686
296.94141942183,138.06020950356,3.82512883107384
528.578602365186,451.950144658376,3.58621351340417
45.8399629544744,428.3055885746,4.21069519950425
196.530482592559,289.889761394883,4.14474917548616
542.06215822363,250.870851279366,3.76630353599993
163.048750922909,26.9880428511972,4.31016714992758
502.289344019285,335.044610118643,4.39810152171634
32.689917296737,55.7258881926291,3.59830795284938
522.764213314179,142.420974818149,4.64170228527495
NA,NA,NA
662.937428331754,331.541160734461,3.49242228050739
457.183862592533,295.041817055468,3.575937936502
9.89993891062162,495.808004476691,3.45812196679663
559.460765046098,50.2745561473838,4.15542710191839
70.2606330223194,373.348511491189,3.83381308022955
226.718145821939,413.722292135151,3.83023087873979
427.185960741185,10.232494312734,3.3503924835413
361.873562520748,293.12320617762,3.12413921071611
606.59641479276,107.148391350039,4.09177629073541
394.827355726843,227.392339026497,4.17028607882716
566.910350007649,409.384713815411,4.67155990672652
136.797327200302,278.575929301715,4.53865545298436
199.493393661368,373.543484137262,4.02812859693994
129.161529661287,412.735620228063,3.37377655166985
624.564165794237,314.200640212741,4.5376966585603
-0.757238980135633,146.770202634962,4.26369998831976
538.231078265673,205.152890189873,4.11776983127272
33.8894810554698,491.645577393914,3.19147906566644
276.693479007987,25.8614132144549,3.64070026104536
534.174217181003,388.967523427533,3.36512572624205
74.5018005036594,83.5962231716423,5.28097804741413
4.71018226155638,78.3366707041528,3.63785692493855
584.844684404651,225.321419759378,3.94316273914655
437.397931304201,457.062084148242,4.75669108463083
658.078788512922,374.507704171031,3.12749903219622
102.169721615651,486.09995555369,4.32174956637397
628.917496405073,92.099462494625,4.10334166912305
419.687808646371,259.454326177536,3.60316680215943
13.671032355582,180.791273839631,3.37763961654314
69.9878577412888,117.601414963877,4.44065227088612
608.148329989619,202.08479187639,4.41826488568448
254.670900908406,217.403662799067,4.00873760773586
578.676442155352,432.445485099306,3.7265225610686
296.94141942183,138.06020950356,3.82512883107384
528.578602365186,451.950144658376,3.58621351340417
45.8399629544744,428.3055885746,4.21069519950425
196.530482592559,289.889761394883,4.14474917548616
542.06215822363,250.870851279366,3.76630353599993
163.048750922909,26.9880428511972,4.31016714992758
502.289344019285,335.044610118643,4.39810152171634
32.689917296737,55.7258881926291,3.59830795284938
522.764213314179,142.420974818149,4.64170228527495
NA,NA,NA
662.937428331754,331.541160734461,3.49242228050739
457.183862592533,295.041817055468,3.575937936502
9.89993891062162,495.808004476691,3.45812196679663
559.460765046098,50.2745561473838,4.15542710191839
70.2606330223194,373.348511491189,3.83381308022955
226.718145821939,413.722292135151,3.83023087873979
427.185960741185,10.232494312734,3.3503924835413
361.873562520748,293.12320617762,3.12413921071611
606.59641479276,107.148391350039,4.09177629073541
394.827355726843,227.392339026497,4.17028607882716
566.910350007649,409.384713815411,4.67155990672652
136.797327200302,278.575929301715,4.53865545298436
199.493393661368,373.543484137262,4.02812859693994
129.161529661287,412.735620228063,3.37377655166985
624.564165794237,314.200640212741,4.5376966585603
-0.757238980135633,146.770202634962,4.26369998831976
538.231078265673,205.152890189873,4.11776983127272
33.8894810554698,491.645577393914,3.19147906566644
276.693479007987,25.8614132144549,3.64070026104536
534.174217181003,388.967523427533,3.36512572624205
74.5018005036594,83.5962231716423,5.28097804741413
4.71018226155638,78.3366707041528,3.63785692493855
584.844684404651,225.321419759378,3.94316273914655
437.397931304201,457.062084148242,4.75669108463083
658.078788512922,374.507704171031,3.12749903219622
102.169721615651,486.09995555369,4.32174956637397
628.917496405073,92.099462494625,4.10334166912305
419.687808646371,259.454326177536,3.60316680215943
13.671032355582,180.791273839631,3.37763961654314
69.9878577412888,117.601414963877,4.44065227088612
608.148329989619,202.08479187639,4.41826488568448
254.670900908406,217.403662799067,4.00873760773586
578.676442155352,432.445485099306,3.7265225610686
296.94141942183,138.06020950356,3.82512883107384
528.578602365186,451.950144658376,3.58621351340417
45.8399629544744,428.3055885746,4.21069519950425
196.530482592559,289.889761394883,4.14474917548616
542.06215822363,250.870851279366,3.76630353599993
163.048750922909,26.9880428511972,4.31016714992758
502.289344019285,335.044610118643,4.39810152171634
32.689917296737,55.7258881926291,3.59830795284938
522.764213314179,142.420974818149,4.64170228527495
NA,NA,NA
662.937428331754,331.541160734461,3.49242228050739
457.183862592533,295.041817055468,3.575937936502
9.89993891062162,495.808004476691,3.45812196679663
559.460765046098,50.2745561473838,4.15542710191839
70.2606330223194,373.348511491189,3.83381308022955
226.718145821939,413.722292135151,3.83023087873979
427.185960741185,10.232494312734,3.3503924835413
361.873562520748,293.12320617762,3.12413921071611
606.59641479276,107.148391350039,4.09177629073541
394.827355726843,227.392339026497,4.17028607882716
566.910350007649,409.384713815411,4.67155990672652
136.797327200302,278.575929301715,4.53865545298436
199.493393661368,373.543484137262,4.02812859693994
129.161529661287,412.735620228063,3.37377655166985
624.564165794237,314.200640212741,4.5376966585603
-0.757238980135633,146.770202634962,4.26369998831976
538.231078265673,205.152890189873,4.11776983127272
33.8894810554698,491.645577393914,3.19147906566644
276.693479007987,25.8614132144549,3.64070026104536
534.174217181003,388.967523427533,3.36512572624205
74.5018005036594,83.5962231716423,5.28097804741413
4.71018226155638,78.3366707041528,3.63785692493855
584.844684404651,225.321419759378,3.94316273914655
437.397931304201,457.062084148242,4.75669108463083
658.078788512922,374.507704171031,3.12749903219622
102.169721615651,486.09995555369,4.32174956637397
628.917496405073,92.099462494625,4.10334166912305
419.687808646371,259.454326177536,3.60316680215943
13.671032355582,180.791273839631,3.37763961654314
69.9878577412888,117.601414963877,4.44065227088612
608.148329989619,202.08479187639,4.41826488568448
254.670900908406,217.403662799067,4.00873760773586
578.676442155352,432.445485099306,3.7265225610686
296.94141942183,138.06020950356,3.82512883107384
528.578602365186,451.950144658376,3.58621351340417
45.8399629544744,428.3055885746,4.21069519950425
196.530482592559,289.889761394883,4.14474917548616
542.06215822363,250.870851279366,3.76630353599993
163.048750922909,26.9880428511972,4.31016714992758
502.289344019285,335.044610118643,4.39810152171634
32.689917296737,55.7258881926291,3.59830795284938
522.764213314179,142.420974818149,4.64170228527495
NA,NA,NA
662.937428331754,331.541160734461,3.49242228050739
457.183862592533,295.041817055468,3.575937936502
9.89993891062162,495.808004476691,3.45812196679663
559.460765046098,50.2745561473838,4.15542710191839
70.2606330223194,373.348511491189,3.83381308022955
226.718145821939,413.722292135151,3.83023087873979
427.185960741185,10.232494312734,3.3503924835413
361.873562520748,293.12320617762,3.12413921071611
606.59641479276,107.148391350039,4.09177629073541
394.827355726843,227.392339026497,4.17028607882716
566.910350007649,409.384713815411,4.67155990672652
136.797327200302,278.575929301715,4.53865545298436
199.493393661368,373.543484137262,4.02812859693994
129.161529661287,412.735620228063,3.37377655166985
624.564165794237,314.200640212741,4.5376966585603
-0.757238980135633,146.770202634962,4.26369998831976
538.231078265673,205.152890189873,4.11776983127272
33.8894810554698,491.645577393914,3.19147906566644
276.693479007987,25.8614132144549,3.64070026104536
534.174217181003,388.967523427533,3.36512572624205
74.5018005036594,83.5962231716423,5.28097804741413
4.71018226155638,78.3366707041528,3.63785692493855
584.844684404651,225.321419759378,3.94316273914655
437.397931304201,457.062084148242,4.75669108463083
658.078788512922,374.507704171031,3.12749903219622
102.169721615651,486.09995555369,4.32174956637397
628.917496405073,92.099462494625,4.10334166912305
419.687808646371,259.454326177536,3.60316680215943
13.671032355582,180.791273839631,3.37763961654314
69.9878577412888,117.601414963877,4.44065227088612
608.148329989619,202.08479187639,4.41826488568448
254.670900908406,217.403662799067,4.00873760773586
578.676442155352,432.445485099306,3.7265225610686
296.94141942183,138.06020950356,3.82512883107384
528.578602365186,451.950144658376,3.58621351340417
45.8399629544744,428.3055885746,4.21069519950425
196.530482592559,289.889761394883,4.14474917548616
542.06215822363,250.870851279366,3.76630353599993
163.048750922909,26.9880428511972,4.31016714992758
502.289344019285,335.044610118643,4.39810152171634
32.689917296737,55.7258881926291,3.59830795284938
522.764213314179,142.420974818149,4.64170228527495
NA,NA,NA
662.751687517911,333.037186082366,3.69369489073858
457.903518581057,301.866590608627,3.49040137305452
10.6412460768276,493.974890839298,3.83495568453667
563.482405695073,48.6816876954173,4.16343094065719
70.2764177850831,377.113707114314,3.8262823919608
227.55153409105,413.81012471316,3.94604332206555
427.402441661666,11.7000999630587,3.3749369110956
363.196347191627,294.195903209042,2.97532912525242
605.372258397978,102.002959391296,4.21900148137526
391.661528409716,230.466659113463,4.47169177219755
568.871084909876,409.779357038767,4.64377708385961
144.517471667778,282.491404413052,4.57476656264976
198.390242757895,367.933454648836,4.0556755778978
128.001880101271,409.51121692769,3.36150508538467
625.9424019434,314.541595727646,4.67617429536942
4.35733976984062,148.960814119009,4.12565908829398
541.168518272296,200.333507093103,4.17477522373479
35.2131377988047,491.317938366727,3.00381807614386
284.14414856155,19.8126765578273,3.79917823440572
533.605248401698,392.433535757763,3.56757001423448
70.4770774691337,75.9698091569222,5.32371492505764
5.89925264901025,72.2483474196325,3.4482929143094
588.926603009905,224.955292290872,3.95839287413155
435.616374116688,465.264220484855,4.76997377233698
660.005367851682,376.133630348352,2.84979651453332
106.700742482908,489.485633622715,4.3611481330346
621.642841259675,86.2622068724273,4.08410698119641
422.043026713243,259.503208732282,3.66246447604899
11.5610835367645,181.174928304707,3.21369613428114
60.2399142206395,117.896055499584,4.49242371000484
610.477659286362,195.388198916278,3.74937381590111
253.60220452591,230.750431748319,3.63333695793299
573.968076988434,430.375011798392,3.81082685692591
301.593698248078,141.745055672788,3.88651961469199
522.740783822785,453.480025874074,3.85620320125357
46.783981109138,418.133907182866,3.95280682076458
198.453255138456,284.32269746417,4.40014879819626
549.045496984763,268.861625900384,3.95951873270983
167.339863675759,39.6670292811264,4.30389723994234
502.948617212796,350.829492576243,4.88142101743233
38.6963329209944,50.4031959862247,3.31831803225491
537.809984231087,163.135043659817,4.33384958672919
NA,NA,NA
662.751687517911,333.037186082366,3.69369489073858
457.903518581057,301.866590608627,3.49040137305452
10.6412460768276,493.974890839298,3.83495568453667
563.482405695073,48.6816876954173,4.16343094065719
70.2764177850831,377.113707114314,3.8262823919608
227.55153409105,413.81012471316,3.94604332206555
427.402441661666,11.7000999630587,3.3749369110956
363.196347191627,294.195903209042,2.97532912525242
605.372258397978,102.002959391296,4.21900148137526
391.661528409716,230.466659113463,4.47169177219755
568.871084909876,409.779357038767,4.64377708385961
144.517471667778,282.491404413052,4.57476656264976
198.390242757895,367.933454648836,4.0556755778978
128.001880101271,409.51121692769,3.36150508538467
625.9424019434,314.541595727646,4.67617429536942
4.35733976984062,148.960814119009,4.12565908829398
541.168518272296,200.333507093103,4.17477522373479
35.2131377988047,491.317938366727,3.00381807614386
284.14414856155,19.8126765578273,3.79917823440572
533.605248401698,392.433535757763,3.56757001423448
70.4770774691337,75.9698091569222,5.32371492505764
5.89925264901025,72.2483474196325,3.4482929143094
588.926603009905,224.955292290872,3.95839287413155
435.616374116688,465.264220484855,4.76997377233698
660.005367851682,376.133630348352,2.84979651453332
106.700742482908,489.485633622715,4.3611481330346
621.642841259675,86.2622068724273,4.08410698119641
422.043026713243,259.503208732282,3.66246447604899
11.5610835367645,181.174928304707,3.21369613428114
60.2399142206395,117.896055499584,4.49242371000484
610.477659286362,195.388198916278,3.74937381590111
253.60220452591,230.750431748319,3.63333695793299
573.968076988434,430.375011798392,3.81082685692591
301.593698248078,141.745055672788,3.88651961469199
522.740783822785,453.480025874074,3.85620320125357
46.783981109138,418.133907182866,3.95280682076458
198.453255138456,284.32269746417,4.40014879819626
549.045496984763,268.861625900384,3.95951873270983
167.339863675759,39.6670292811264,4.30389723994234
502.948617212796,350.829492576243,4.88142101743233
38.6963329209944,50.4031959862247,3.31831803225491
537.809984231087,163.135043659817,4.33384958672919
NA,NA,NA
662.751687517911,333.037186082366,3.69369489073858
457.903518581057,301.866590608627,3.49040137305452
10.6412460768276,493.974890839298,3.83495568453667
563.482405695073,48.6816876954173,4.16343094065719
70.2764177850831,377.113707114314,3.8262823919608
227.55153409105,413.81012471316,3.94604332206555
427.402441661666,11.7000999630587,3.3749369110956
363.196347191627,294.195903209042,2.97532912525242
605.372258397978,102.002959391296,4.21900148137526
391.661528409716,230.466659113463,4.47169177219755
568.871084909876,409.779357038767,4.64377708385961
144.517471667778,282.491404413052,4.57476656264976
198.390242757895,367.933454648836,4.0556755778978
128.001880101271,409.51121692769,3.36150508538467
625.9424019434,314.541595727646,4.67617429536942
4.35733976984062,148.960814119009,4.12565908829398
541.168518272296,200.333507093103,4.17477522373479
35.2131377988047,491.317938366727,3.00381807614386
284.14414856155,19.8126765578273,3.79917823440572
533.605248401698,392.433535757763,3.56757001423448
70.4770774691337,75.9698091569222,5.32371492505764
5.89925264901025,72.2483474196325,3.4482929143094
588.926603009905,224.955292290872,3.95839287413155
435.616374116688,465.264220484855,4.76997377233698
660.005367851682,376.133630348352,2.84979651453332
106.700742482908,489.485633622715,4.3611481330346
621.642841259675,86.2622068724273,4.08410698119641
422.043026713243,259.503208732282,3.66246447604899
11.5610835367645,181.174928304707,3.21369613428114
60.2399142206395,117.896055499584,4.49242371000484
610.477659286362,195.388198916278,3.74937381590111
253.60220452591,230.750431748319,3.63333695793299
573.968076988434,430.375011798392,3.81082685692591
301.593698248078,141.745055672788,3.88651961469199
522.740783822785,453.480025874074,3.85620320125357
46.783981109138,418.133907182866,3.95280682076458
198.453255138456,284.32269746417,4.40014879819626
549.045496984763,268.861625900384,3.95951873270983
167.339863675759,39.6670292811264,4.30389723994234
502.948617212796,350.829492576243,4.88142101743233
38.6963329209944,50.4031959862247,3.31831803225491
537.809984231087,163.135043659817,4.33384958672919
NA,NA,NA
662.751687517911,333.037186082366,3.69369489073858
457.903518581057,301.866590608627,3.49040137305452
10.6412460768276,493.974890839298,3.83495568453667
563.482405695073,48.6816876954173,4.16343094065719
70.2764177850831,377.113707114314,3.8262823919608
227.55153409105,413.81012471316,3.94604332206555
427.402441661666,11.7000999630587,3.3749369110956
363.196347191627,294.195903209042,2.97532912525242
605.372258397978,102.002959391296,4.21900148137526
391.661528409716,230.466659113463,4.47169177219755
568.871084909876,409.779357038767,4.64377708385961
144.517471667778,282.491404413052,4.57476656264976
198.390242757895,367.933454648836,4.0556755778978
128.001880101271,409.51121692769,3.36150508538467
625.9424019434,314.541595727646,4.67617429536942
4.35733976984062,148.960814119009,4.12565908829398
541.168518272296,200.333507093103,4.17477522373479
35.2131377988047,491.317938366727,3.00381807614386
284.14414856155,19.8126765578273,3.79917823440572
533.605248401698,392.433535757763,3.56757001423448
70.4770774691337,75.9698091569222,5.32371492505764
5.89925264901025,72.2483474196325,3.4482929143094
588.926603009905,224.955292290872,3.95839287413155
435.616374116688,465.264220484855,4.76997377233698
660.005367851682,376.133630348352,2.84979651453332
106.700742482908,489.485633622715,4.3611481330346
621.642841259675,86.2622068724273,4.08410698119641
422.043026713243,259.503208732282,3.66246447604899
11.5610835367645,181.174928304707,3.21369613428114
60.2399142206395,117.896055499584,4.49242371000484
610.477659286362,195.388198916278,3.74937381590111
253.60220452591,230.750431748319,3.63333695793299
573.968076988434,430.375011798392,3.81082685692591
301.593698248078,141.745055672788,3.88651961469199
522.740783822785,453.480025874074,3.85620320125357
46.783981109138,418.133907182866,3.95280682076458
198.453255138456,284.32269746417,4.40014879819626
549.045496984763,268.861625900384,3.95951873270983
167.339863675759,39.6670292811264,4.30389723994234
502.948617212796,350.829492576243,4.88142101743233
38.6963329209944,50.4031959862247,3.31831803225491
537.809984231087,163.135043659817,4.33384958672919
NA,NA,NA
662.751687517911,333.037186082366,3.69369489073858
457.903518581057,301.866590608627,3.49040137305452
10.6412460768276,493.974890839298,3.83495568453667
563.482405695073,48.6816876954173,4.16343094065719
70.2764177850831,377.113707114314,3.8262823919608
227.55153409105,413.81012471316,3.94604332206555
427.402441661666,11.7000999630587,3.3749369110956
363.196347191627,294.195903209042,2.97532912525242
605.372258397978,102.002959391296,4.21900148137526
391.661528409716,230.466659113463,4.47169177219755
568.871084909876,409.779357038767,4.64377708385961
144.517471667778,282.491404413052,4.57476656264976
198.390242757895,367.933454648836,4.0556755778978
128.001880101271,409.51121692769,3.36150508538467
625.9424019434,314.541595727646,4.67617429536942
4.35733976984062,148.960814119009,4.12565908829398
541.168518272296,200.333507093103,4.17477522373479
35.2131377988047,491.317938366727,3.00381807614386
284.14414856155,19.8126765578273,3.79917823440572
533.605248401698,392.433535757763,3.56757001423448
70.4770774691337,75.9698091569222,5.32371492505764
5.89925264901025,72.2483474196325,3.4482929143094
588.926603009905,224.955292290872,3.95839287413155
435.616374116688,465.264220484855,4.76997377233698
660.005367851682,376.133630348352,2.84979651453332
106.700742482908,489.485633622715,4.3611481330346
621.642841259675,86.2622068724273,4.08410698119641
422.043026713243,259.503208732282,3.66246447604899
11.5610835367645,181.174928304707,3.21369613428114
60.2399142206395,117.896055499584,4.49242371000484
610.477659286362,195.388198916278,3.74937381590111
253.60220452591,230.750431748319,3.63333695793299
573.968076988434,430.375011798392,3.81082685692591
301.593698248078,141.745055672788,3.88651961469199
522.740783822785,453.480025874074,3.85620320125357
46.783981109138,418.133907182866,3.95280682076458
198.453255138456,284.32269746417,4.40014879819626
549.045496984763,268.861625900384,3.95951873270983
167.339863675759,39.6670292811264,4.30389723994234
502.948617212796,350.829492576243,4.88142101743233
38.6963329209944,50.4031959862247,3.31831803225491
537.809984231087,163.135043659817,4.33384958672919
NA,NA,NA
662.751687517911,333.037186082366,3.69369489073858
457.903518581057,301.866590608627,3.49040137305452
10.6412460768276,493.974890839298,3.83495568453667
563.482405695073,48.6816876954173,4.16343094065719
70.2764177850831,377.113707114314,3.8262823919608
227.55153409105,413.81012471316,3.94604332206555
427.402441661666,11.7000999630587,3.3749369110956
363.196347191627,294.195903209042,2.97532912525242
605.372258397978,102.002959391296,4.21900148137526
391.661528409716,230.466659113463,4.47169177219755
568.871084909876,409.779357038767,4.64377708385961
144.517471667778,282.491404413052,4.57476656264976
198.390242757895,367.933454648836,4.0556755778978
128.001880101271,409.51121692769,3.36150508538467
625.9424019434,314.541595727646,4.67617429536942
4.35733976984062,148.960814119009,4.12565908829398
541.168518272296,200.333507093103,4.17477522373479
35.2131377988047,491.317938366727,3.00381807614386
284.14414856155,19.8126765578273,3.79917823440572
533.605248401698,392.433535757763,3.56757001423448
70.4770774691337,75.9698091569222,5.32371492505764
5.89925264901025,72.2483474196325,3.4482929143094
588.926603009905,224.955292290872,3.95839287413155
435.616374116688,465.264220484855,4.76997377233698
660.005367851682,376.133630348352,2.84979651453332
106.700742482908,489.485633622715,4.3611481330346
621.642841259675,86.2622068724273,4.08410698119641
422.043026713243,259.503208732282,3.66246447604899
11.5610835367645,181.174928304707,3.21369613428114
60.2399142206395,117.896055499584,4.49242371000484
610.477659286362,195.388198916278,3.74937381590111
253.60220452591,230.750431748319,3.63333695793299
573.968076988434,430.375011798392,3.81082685692591
301.593698248078,141.745055672788,3.88651961469199
522.740783822785,453.480025874074,3.85620320125357
46.783981109138,418.133907182866,3.95280682076458
198.453255138456,284.32269746417,4.40014879819626
549.045496984763,268.861625900384,3.95951873270983
167.339863675759,39.6670292811264,4.30389723994234
502.948617212796,350.829492576243,4.88142101743233
38.6963329209944,50.4031959862247,3.31831803225491
537.809984231087,163.135043659817,4.33384958672919
NA,NA,NA
660.82970751622,335.472021429701,3.61726900997748
454.34066788589,298.564126953053,3.63279150935359
9.73167543587567,495.065805751268,3.76071323703429
563.184617391326,49.213042470013,4.04558304386382
73.302794694746,376.300786203267,4.09538406996882
225.36122106111,415.248331129878,3.91455682431771
430.279283622142,12.0981317858916,3.41975764802795
362.368191734777,293.492479567859,3.00976856188165
601.840775216581,105.162772169717,3.96426500990154
396.716314715788,231.069798114038,4.26080746353983
565.190047057964,412.626040343812,4.77749151049052
136.911770219712,285.61265158346,4.53204326127823
198.153900686526,368.674292004591,3.96834356328466
121.502381177814,410.133241825985,3.34375175986933
625.729738720595,310.528319984831,4.74758209332492
-0.568763419602134,150.207553413062,4.22924406102913
540.828342020349,202.220711831157,4.17019215283003
31.3563403689428,491.34922532141,3.04518781252066
281.90024242871,26.1419885177478,3.93720557846912
535.579832780834,393.102713382104,3.32614585417913
73.7856790749576,82.8143279753715,5.29345159724692
-0.258698530931083,74.6547893032146,3.43971320314661
588.49726434135,228.099320352498,4.04812338111084
446.305735209448,460.82044100456,4.83250247707578
659.750735166289,372.381529896566,3.05425836944201
107.205999554587,487.866978586003,4.31198722833125
623.197405689429,88.1726381553374,4.03643191642947
415.757077913479,259.826324628551,3.61468610689743
11.7157951944288,179.178108755152,3.38605128328703
84.0802589830046,122.647482214214,4.79599100377058
611.154290098235,195.538717000177,4.22412095291914
254.723174443115,221.326284516219,3.86551321896847
564.959696797994,431.438088498632,3.93571709048644
294.399486646221,137.472878817089,3.91428385841685
536.133772475666,463.880540509996,3.38838080001046
39.994616309254,413.415400928509,3.8769913862442
203.775590811848,288.6186643151,4.03349892879909
553.657688597024,262.698263303745,3.7319601822454
176.147581291584,34.3545996947437,4.0533153322413
506.918071075735,342.109470923579,4.61103811625175
47.5803531846458,48.782900210774,3.80445396579213
539.267609896345,138.022178166727,4.45709230050083
NA,NA,NA
660.82970751622,335.472021429701,3.61726900997748
454.34066788589,298.564126953053,3.63279150935359
9.73167543587567,495.065805751268,3.76071323703429
563.184617391326,49.213042470013,4.04558304386382
73.302794694746,376.300786203267,4.09538406996882
225.36122106111,415.248331129878,3.91455682431771
430.279283622142,12.0981317858916,3.41975764802795
362.368191734777,293.492479567859,3.00976856188165
601.840775216581,105.162772169717,3.96426500990154
396.716314715788,231.069798114038,4.26080746353983
565.190047057964,412.626040343812,4.77749151049052
136.911770219712,285.61265158346,4.53204326127823
198.153900686526,368.674292004591,3.96834356328466
121.502381177814,410.133241825985,3.34375175986933
625.729738720595,310.528319984831,4.74758209332492
-0.568763419602134,150.207553413062,4.22924406102913
540.828342020349,202.220711831157,4.17019215283003
31.3563403689428,491.34922532141,3.04518781252066
281.90024242871,26.1419885177478,3.93720557846912
535.579832780834,393.102713382104,3.32614585417913
73.7856790749576,82.8143279753715,5.29345159724692
-0.258698530931083,74.6547893032146,3.43971320314661
588.49726434135,228.099320352498,4.04812338111084
446.305735209448,460.82044100456,4.83250247707578
659.750735166289,372.381529896566,3.05425836944201
107.205999554587,487.866978586003,4.31198722833125
623.197405689429,88.1726381553374,4.03643191642947
415.757077913479,259.826324628551,3.61468610689743
11.7157951944288,179.178108755152,3.38605128328703
84.0802589830046,122.647482214214,4.79599100377058
611.154290098235,195.538717000177,4.22412095291914
254.723174443115,221.326284516219,3.86551321896847
564.959696797994,431.438088498632,3.93571709048644
294.399486646221,137.472878817089,3.91428385841685
536.133772475666,463.880540509996,3.38838080001046
39.994616309254,413.415400928509,3.8769913862442
203.775590811848,288.6186643151,4.03349892879909
553.657688597024,262.698263303745,3.7319601822454
176.147581291584,34.3545996947437,4.0533153322413
506.918071075735,342.109470923579,4.61103811625175
47.5803531846458,48.782900210774,3.80445396579213
539.267609896345,138.022178166727,4.45709230050083
NA,NA,NA
660.82970751622,335.472021429701,3.61726900997748
454.34066788589,298.564126953053,3.63279150935359
9.73167543587567,495.065805751268,3.76071323703429
563.184617391326,49.213042470013,4.04558304386382
73.302794694746,376.300786203267,4.09538406996882
225.36122106111,415.248331129878,3.91455682431771
430.279283622142,12.0981317858916,3.41975764802795
362.368191734777,293.492479567859,3.00976856188165
601.840775216581,105.162772169717,3.96426500990154
396.716314715788,231.069798114038,4.26080746353983
565.190047057964,412.626040343812,4.77749151049052
136.911770219712,285.61265158346,4.53204326127823
198.153900686526,368.674292004591,3.96834356328466
121.502381177814,410.133241825985,3.34375175986933
625.729738720595,310.528319984831,4.74758209332492
-0.568763419602134,150.207553413062,4.22924406102913
540.828342020349,202.220711831157,4.17019215283003
31.3563403689428,491.34922532141,3.04518781252066
281.90024242871,26.1419885177478,3.93720557846912
535.579832780834,393.102713382104,3.32614585417913
73.7856790749576,82.8143279753715,5.29345159724692
-0.258698530931083,74.6547893032146,3.43971320314661
588.49726434135,228.099320352498,4.04812338111084
446.305735209448,460.82044100456,4.83250247707578
659.750735166289,372.381529896566,3.05425836944201
107.205999554587,487.866978586003,4.31198722833125
623.197405689429,88.1726381553374,4.03643191642947
415.757077913479,259.826324628551,3.61468610689743
11.7157951944288,179.178108755152,3.38605128328703
84.0802589830046,122.647482214214,4.79599100377058
611.154290098235,195.538717000177,4.22412095291914
254.723174443115,221.326284516219,3.86551321896847
564.959696797994,431.438088498632,3.93571709048644
294.399486646221,137.472878817089,3.91428385841685
536.133772475666,463.880540509996,3.38838080001046
39.994616309254,413.415400928509,3.8769913862442
203.775590811848,288.6186643151,4.03349892879909
553.657688597024,262.698263303745,3.7319601822454
176.147581291584,34.3545996947437,4.0533153322413
506.918071075735,342.109470923579,4.61103811625175
47.5803531846458,48.782900210774,3.80445396579213
539.267609896345,138.022178166727,4.45709230050083
NA,NA,NA
660.82970751622,335.472021429701,3.61726900997748
454.34066788589,298.564126953053,3.63279150935359
9.73167543587567,495.065805751268,3.76071323703429
563.184617391326,49.213042470013,4.04558304386382
73.302794694746,376.300786203267,4.09538406996882
225.36122106111,415.248331129878,3.91455682431771
430.279283622142,12.0981317858916,3.41975764802795
362.368191734777,293.492479567859,3.00976856188165
601.840775216581,105.162772169717,3.96426500990154
396.716314715788,231.069798114038,4.26080746353983
565.190047057964,412.626040343812,4.77749151049052
136.911770219712,285.61265158346,4.53204326127823
198.153900686526,368.674292004591,3.96834356328466
121.502381177814,410.133241825985,3.34375175986933
625.729738720595,310.528319984831,4.74758209332492
-0.568763419602134,150.207553413062,4.22924406102913
540.828342020349,202.220711831157,4.17019215283003
31.3563403689428,491.34922532141,3.04518781252066
281.90024242871,26.1419885177478,3.93720557846912
535.579832780834,393.102713382104,3.32614585417913
73.7856790749576,82.8143279753715,5.29345159724692
-0.258698530931083,74.6547893032146,3.43971320314661
588.49726434135,228.099320352498,4.04812338111084
446.305735209448,460.82044100456,4.83250247707578
659.750735166289,372.381529896566,3.05425836944201
107.205999554587,487.866978586003,4.31198722833125
623.197405689429,88.1726381553374,4.03643191642947
415.757077913479,259.826324628551,3.61468610689743
11.7157951944288,179.178108755152,3.38605128328703
84.0802589830046,122.647482214214,4.79599100377058
611.154290098235,195.538717000177,4.22412095291914
254.723174443115,221.326284516219,3.86551321896847
564.959696797994,431.438088498632,3.93571709048644
294.399486646221,137.472878817089,3.91428385841685
536.133772475666,463.880540509996,3.38838080001046
39.994616309254,413.415400928509,3.8769913862442
203.775590811848,288.6186643151,4.03349892879909
553.657688597024,262.698263303745,3.7319601822454
176.147581291584,34.3545996947437,4.0533153322413
506.918071075735,342.109470923579,4.61103811625175
47.5803531846458,48.782900210774,3.80445396579213
539.267609896345,138.022178166727,4.45709230050083
NA,NA,NA
660.82970751622,335.472021429701,3.61726900997748
454.34066788589,298.564126953053,3.63279150935359
9.73167543587567,495.065805751268,3.76071323703429
563.184617391326,49.213042470013,4.04558304386382
73.302794694746,376.300786203267,4.09538406996882
225.36122106111,415.248331129878,3.91455682431771
430.279283622142,12.0981317858916,3.41975764802795
362.368191734777,293.492479567859,3.00976856188165
601.840775216581,105.162772169717,3.96426500990154
396.716314715788,231.069798114038,4.26080746353983
565.190047057964,412.626040343812,4.77749151049052
136.911770219712,285.61265158346,4.53204326127823
198.153900686526,368.674292004591,3.96834356328466
121.502381177814,410.133241825985,3.34375175986933
625.729738720595,310.528319984831,4.74758209332492
-0.568763419602134,150.207553413062,4.22924406102913
540.828342020349,202.220711831157,4.17019215283003
31.3563403689428,491.34922532141,3.04518781252066
281.90024242871,26.1419885177478,3.93720557846912
535.579832780834,393.102713382104,3.32614585417913
73.7856790749576,82.8143279753715,5.29345159724692
-0.258698530931083,74.6547893032146,3.43971320314661
588.49726434135,228.099320352498,4.04812338111084
446.305735209448,460.82044100456,4.83250247707578
659.750735166289,372.381529896566,3.05425836944201
107.205999554587,487.866978586003,4.31198722833125
623.197405689429,88.1726381553374,4.03643191642947
415.757077913479,259.826324628551,3.61468610689743
11.7157951944288,179.178108755152,3.38605128328703
84.0802589830046,122.647482214214,4.79599100377058
611.154290098235,195.538717000177,4.22412095291914
254.723174443115,221.326284516219,3.86551321896847
564.959696797994,431.438088498632,3.93571709048644
294.399486646221,137.472878817089,3.91428385841685
536.133772475666,463.880540509996,3.38838080001046
39.994616309254,413.415400928509,3.8769913862442
203.775590811848,288.6186643151,4.03349892879909
553.657688597024,262.698263303745,3.7319601822454
176.147581291584,34.3545996947437,4.0533153322413
506.918071075735,342.109470923579,4.61103811625175
47.5803531846458,48.782900210774,3.80445396579213
539.267609896345,138.022178166727,4.45709230050083
NA,NA,NA
660.82970751622,335.472021429701,3.61726900997748
454.34066788589,298.564126953053,3.63279150935359
9.73167543587567,495.065805751268,3.76071323703429
563.184617391326,49.213042470013,4.04558304386382
73.302794694746,376.300786203267,4.09538406996882
225.36122106111,415.248331129878,3.91455682431771
430.279283622142,12.0981317858916,3.41975764802795
362.368191734777,293.492479567859,3.00976856188165
601.840775216581,105.162772169717,3.96426500990154
396.716314715788,231.069798114038,4.26080746353983
565.190047057964,412.626040343812,4.77749151049052
136.911770219712,285.61265158346,4.53204326127823
198.153900686526,368.674292004591,3.96834356328466
121.502381177814,410.133241825985,3.34375175986933
625.729738720595,310.528319984831,4.74758209332492
-0.568763419602134,150.207553413062,4.22924406102913
540.828342020349,202.220711831157,4.17019215283003
31.3563403689428,491.34922532141,3.04518781252066
281.90024242871,26.1419885177478,3.93720557846912
535.579832780834,393.102713382104,3.32614585417913
73.7856790749576,82.8143279753715,5.29345159724692
-0.258698530931083,74.6547893032146,3.43971320314661
588.49726434135,228.099320352498,4.04812338111084
446.305735209448,460.82044100456,4.83250247707578
659.750735166289,372.381529896566,3.05425836944201
107.205999554587,487.866978586003,4.31198722833125
623.197405689429,88.1726381553374,4.03643191642947
415.757077913479,259.826324628551,3.61468610689743
11.7157951944288,179.178108755152,3.38605128328703
84.0802589830046,122.647482214214,4.79599100377058
611.154290098235,195.538717000177,4.22412095291914
254.723174443115,221.326284516219,3.86551321896847
564.959696797994,431.438088498632,3.93571709048644
294.399486646221,137.472878817089,3.91428385841685
536.133772475666,463.880540509996,3.38838080001046
39.994616309254,413.415400928509,3.8769913862442
203.775590811848,288.6186643151,4.03349892879909
553.657688597024,262.698263303745,3.7319601822454
176.147581291584,34.3545996947437,4.0533153322413
506.918071075735,342.109470923579,4.61103811625175
47.5803531846458,48.782900210774,3.80445396579213
539.267609896345,138.022178166727,4.45709230050083
NA,NA,NA
660.837585189558,333.71772512864,3.62494358561282
451.268288556151,298.459141145948,3.71596784841811
9.8665449548524,496.755540969186,3.47075655710217
559.909228476947,47.6474114039239,4.23301076716199
72.9708163711289,371.766307296381,3.96207853307127
227.950809977791,415.091556798391,3.78176966148721
429.315264832377,12.160641424949,3.21648268811973
360.931647158292,289.840339195345,3.20824446659738
609.074604723954,111.205895017587,3.98010242001489
398.346947363546,233.08373314535,4.26574443551011
564.660083706389,411.006572998671,4.66533608939537
142.425917248263,283.775274198743,4.63765570813289
196.055470334206,371.691117574419,3.96559781443266
125.683276661823,413.439432871798,3.43029626226827
622.347838170847,307.087057076399,4.52873089130696
2.40107481438401,144.818513561401,4.38086025253912
545.449594375313,202.779709268405,4.14556792961304
34.560255878619,490.005077841774,3.03398958815152
276.360040110985,21.6229404260525,3.79442272844422
534.520285402488,393.070980868038,3.46262144706235
71.0312719478168,75.2119035314084,5.29172010915465
5.87597745318095,77.0784503384548,3.54579819835667
587.138988458425,228.052852606517,4.0186340648681
437.561584343,460.900663657974,4.73878492528305
658.886075256464,373.185024542206,3.12843185200034
101.282005445225,487.920363556278,4.34629610008633
618.073287502742,92.6470501430738,4.10258472840973
421.583532844978,259.585630566591,3.61306873905616
12.2769181834494,181.929559917966,3.22656437525064
64.2013082086715,133.826316068649,4.52682500348387
615.083523693087,196.145608978196,4.32541335779361
252.895900422476,214.476215474516,3.63587739752263
576.076226700176,430.055001412046,3.69196941620621
297.640435590922,133.228865929817,3.82513367078675
526.544425484815,454.083114598344,3.54066777070141
42.4083055765777,419.36255766941,3.86866377477528
188.152227705764,294.74017771517,3.90822584526627
555.981761382284,263.613497650621,3.93885879725979
175.875351117797,40.5412167641754,4.00174276281417
504.510015595333,361.272428268523,4.45798983454878
44.9022088328578,43.044283707071,4.0745400885213
521.716969942767,147.952820881368,4.59721741959727
NA,NA,NA
660.837585189558,333.71772512864,3.62494358561282
451.268288556151,298.459141145948,3.71596784841811
9.8665449548524,496.755540969186,3.47075655710217
559.909228476947,47.6474114039239,4.23301076716199
72.9708163711289,371.766307296381,3.96207853307127
227.950809977791,415.091556798391,3.78176966148721
429.315264832377,12.160641424949,3.21648268811973
360.931647158292,289.840339195345,3.20824446659738
609.074604723954,111.205895017587,3.98010242001489
398.346947363546,233.08373314535,4.26574443551011
564.660083706389,411.006572998671,4.66533608939537
142.425917248263,283.775274198743,4.63765570813289
196.055470334206,371.691117574419,3.96559781443266
125.683276661823,413.439432871798,3.43029626226827
622.347838170847,307.087057076399,4.52873089130696
2.40107481438401,144.818513561401,4.38086025253912
545.449594375313,202.779709268405,4.14556792961304
34.560255878619,490.005077841774,3.03398958815152
276.360040110985,21.6229404260525,3.79442272844422
534.520285402488,393.070980868038,3.46262144706235
71.0312719478168,75.2119035314084,5.29172010915465
5.87597745318095,77.0784503384548,3.54579819835667
587.138988458425,228.052852606517,4.0186340648681
437.561584343,460.900663657974,4.73878492528305
658.886075256464,373.185024542206,3.12843185200034
101.282005445225,487.920363556278,4.34629610008633
618.073287502742,92.6470501430738,4.10258472840973
421.583532844978,259.585630566591,3.61306873905616
12.2769181834494,181.929559917966,3.22656437525064
64.2013082086715,133.826316068649,4.52682500348387
615.083523693087,196.145608978196,4.32541335779361
252.895900422476,214.476215474516,3.63587739752263
576.076226700176,430.055001412046,3.69196941620621
297.640435590922,133.228865929817,3.82513367078675
526.544425484815,454.083114598344,3.54066777070141
42.4083055765777,419.36255766941,3.86866377477528
188.152227705764,294.74017771517,3.90822584526627
555.981761382284,263.613497650621,3.93885879725979
175.875351117797,40.5412167641754,4.00174276281417
504.510015595333,361.272428268523,4.45798983454878
44.9022088328578,43.044283707071,4.0745400885213
521.716969942767,147.952820881368,4.59721741959727
NA,NA,NA
660.837585189558,333.71772512864,3.62494358561282
451.268288556151,298.459141145948,3.71596784841811
9.8665449548524,496.755540969186,3.47075655710217
559.909228476947,47.6474114039239,4.23301076716199
72.9708163711289,371.766307296381,3.96207853307127
227.950809977791,415.091556798391,3.78176966148721
429.315264832377,12.160641424949,3.21648268811973
360.931647158292,289.840339195345,3.20824446659738
609.074604723954,111.205895017587,3.98010242001489
398.346947363546,233.08373314535,4.26574443551011
564.660083706389,411.006572998671,4.66533608939537
142.425917248263,283.775274198743,4.63765570813289
196.055470334206,371.691117574419,3.96559781443266
125.683276661823,413.439432871798,3.43029626226827
622.347838170847,307.087057076399,4.52873089130696
2.40107481438401,144.818513561401,4.38086025253912
545.449594375313,202.779709268405,4.14556792961304
34.560255878619,490.005077841774,3.03398958815152
276.360040110985,21.6229404260525,3.79442272844422
534.520285402488,393.070980868038,3.46262144706235
71.0312719478168,75.2119035314084,5.29172010915465
5.87597745318095,77.0784503384548,3.54579819835667
587.138988458425,228.052852606517,4.0186340648681
437.561584343,460.900663657974,4.73878492528305
658.886075256464,373.185024542206,3.12843185200034
101.282005445225,487.920363556278,4.34629610008633
618.073287502742,92.6470501430738,4.10258472840973
421.583532844978,259.585630566591,3.61306873905616
12.2769181834494,181.929559917966,3.22656437525064
64.2013082086715,133.826316068649,4.52682500348387
615.083523693087,196.145608978196,4.32541335779361
252.895900422476,214.476215474516,3.63587739752263
576.076226700176,430.055001412046,3.69196941620621
297.640435590922,133.228865929817,3.82513367078675
526.544425484815,454.083114598344,3.54066777070141
42.4083055765777,419.36255766941,3.86866377477528
188.152227705764,294.74017771517,3.90822584526627
555.981761382284,263.613497650621,3.93885879725979
175.875351117797,40.5412167641754,4.00174276281417
504.510015595333,361.272428268523,4.45798983454878
44.9022088328578,43.044283707071,4.0745400885213
521.716969942767,147.952820881368,4.59721741959727
NA,NA,NA
660.837585189558,333.71772512864,3.62494358561282
451.268288556151,298.459141145948,3.71596784841811
9.8665449548524,496.755540969186,3.47075655710217
559.909228476947,47.6474114039239,4.23301076716199
72.9708163711289,371.766307296381,3.96207853307127
227.950809977791,415.091556798391,3.78176966148721
429.315264832377,12.160641424949,3.21648268811973
360.931647158292,289.840339195345,3.20824446659738
609.074604723954,111.205895017587,3.98010242001489
398.346947363546,233.08373314535,4.26574443551011
564.660083706389,411.006572998671,4.66533608939537
142.425917248263,283.775274198743,4.63765570813289
196.055470334206,371.691117574419,3.96559781443266
125.683276661823,413.439432871798,3.43029626226827
622.347838170847,307.087057076399,4.52873089130696
2.40107481438401,144.818513561401,4.38086025253912
545.449594375313,202.779709268405,4.14556792961304
34.560255878619,490.005077841774,3.03398958815152
276.360040110985,21.6229404260525,3.79442272844422
534.520285402488,393.070980868038,3.46262144706235
71.0312719478168,75.2119035314084,5.29172010915465
5.87597745318095,77.0784503384548,3.54579819835667
587.138988458425,228.052852606517,4.0186340648681
437.561584343,460.900663657974,4.73878492528305
658.886075256464,373.185024542206,3.12843185200034
101.282005445225,487.920363556278,4.34629610008633
618.073287502742,92.6470501430738,4.10258472840973
421.583532844978,259.585630566591,3.61306873905616
12.2769181834494,181.929559917966,3.22656437525064
64.2013082086715,133.826316068649,4.52682500348387
615.083523693087,196.145608978196,4.32541335779361
252.895900422476,214.476215474516,3.63587739752263
576.076226700176,430.055001412046,3.69196941620621
297.640435590922,133.228865929817,3.82513367078675
526.544425484815,454.083114598344,3.54066777070141
42.4083055765777,419.36255766941,3.86866377477528
188.152227705764,294.74017771517,3.90822584526627
555.981761382284,263.613497650621,3.93885879725979
175.875351117797,40.5412167641754,4.00174276281417
504.510015595333,361.272428268523,4.45798983454878
44.9022088328578,43.044283707071,4.0745400885213
521.716969942767,147.952820881368,4.59721741959727
NA,NA,NA
660.837585189558,333.71772512864,3.62494358561282
451.268288556151,298.459141145948,3.71596784841811
9.8665449548524,496.755540969186,3.47075655710217
559.909228476947,47.6474114039239,4.23301076716199
72.9708163711289,371.766307296381,3.96207853307127
227.950809977791,415.091556798391,3.78176966148721
429.315264832377,12.160641424949,3.21648268811973
360.931647158292,289.840339195345,3.20824446659738
609.074604723954,111.205895017587,3.98010242001489
398.346947363546,233.08373314535,4.26574443551011
564.660083706389,411.006572998671,4.66533608939537
142.425917248263,283.775274198743,4.63765570813289
196.055470334206,371.691117574419,3.96559781443266
125.683276661823,413.439432871798,3.43029626226827
622.347838170847,307.087057076399,4.52873089130696
2.40107481438401,144.818513561401,4.38086025253912
545.449594375313,202.779709268405,4.14556792961304
34.560255878619,490.005077841774,3.03398958815152
276.360040110985,21.6229404260525,3.79442272844422
534.520285402488,393.070980868038,3.46262144706235
71.0312719478168,75.2119035314084,5.29172010915465
5.87597745318095,77.0784503384548,3.54579819835667
587.138988458425,228.052852606517,4.0186340648681
437.561584343,460.900663657974,4.73878492528305
658.886075256464,373.185024542206,3.12843185200034
101.282005445225,487.920363556278,4.34629610008633
618.073287502742,92.6470501430738,4.10258472840973
421.583532844978,259.585630566591,3.61306873905616
12.2769181834494,181.929559917966,3.22656437525064
64.2013082086715,133.826316068649,4.52682500348387
615.083523693087,196.145608978196,4.32541335779361
252.895900422476,214.476215474516,3.63587739752263
576.076226700176,430.055001412046,3.69196941620621
297.640435590922,133.228865929817,3.82513367078675
526.544425484815,454.083114598344,3.54066777070141
42.4083055765777,419.36255766941,3.86866377477528
188.152227705764,294.74017771517,3.90822584526627
555.981761382284,263.613497650621,3.93885879725979
175.875351117797,40.5412167641754,4.00174276281417
504.510015595333,361.272428268523,4.45798983454878
44.9022088328578,43.044283707071,4.0745400885213
521.716969942767,147.952820881368,4.59721741959727
NA,NA,NA
660.837585189558,333.71772512864,3.62494358561282
451.268288556151,298.459141145948,3.71596784841811
9.8665449548524,496.755540969186,3.47075655710217
559.909228476947,47.6474114039239,4.23301076716199
72.9708163711289,371.766307296381,3.96207853307127
227.950809977791,415.091556798391,3.78176966148721
429.315264832377,12.160641424949,3.21648268811973
360.931647158292,289.840339195345,3.20824446659738
609.074604723954,111.205895017587,3.98010242001489
398.346947363546,233.08373314535,4.26574443551011
564.660083706389,411.006572998671,4.66533608939537
142.425917248263,283.775274198743,4.63765570813289
196.055470334206,371.691117574419,3.96559781443266
125.683276661823,413.439432871798,3.43029626226827
622.347838170847,307.087057076399,4.52873089130696
2.40107481438401,144.818513561401,4.38086025253912
545.449594375313,202.779709268405,4.14556792961304
34.560255878619,490.005077841774,3.03398958815152
276.360040110985,21.6229404260525,3.79442272844422
534.520285402488,393.070980868038,3.46262144706235
71.0312719478168,75.2119035314084,5.29172010915465
5.87597745318095,77.0784503384548,3.54579819835667
587.138988458425,228.052852606517,4.0186340648681
437.561584343,460.900663657974,4.73878492528305
658.886075256464,373.185024542206,3.12843185200034
101.282005445225,487.920363556278,4.34629610008633
618.073287502742,92.6470501430738,4.10258472840973
421.583532844978,259.585630566591,3.61306873905616
12.2769181834494,181.929559917966,3.22656437525064
64.2013082086715,133.826316068649,4.52682500348387
615.083523693087,196.145608978196,4.32541335779361
252.895900422476,214.476215474516,3.63587739752263
576.076226700176,430.055001412046,3.69196941620621
297.640435590922,133.228865929817,3.82513367078675
526.544425484815,454.083114598344,3.54066777070141
42.4083055765777,419.36255766941,3.86866377477528
188.152227705764,294.74017771517,3.90822584526627
555.981761382284,263.613497650621,3.93885879725979
175.875351117797,40.5412167641754,4.00174276281417
504.510015595333,361.272428268523,4.45798983454878
44.9022088328578,43.044283707071,4.0745400885213
521.716969942767,147.952820881368,4.59721741959727
NA,NA,NA
661.178446986392,333.996653095436,3.56428108441069
454.148978762626,295.980923962088,3.77910837944513
8.29672389715787,496.38680581369,3.58833409362794
566.195910068383,51.372161142159,4.20713345135988
73.8289409994717,370.843826259474,4.07139021475881
230.960547907865,412.205520058241,3.98902759116366
427.06917128663,12.7010273831088,3.19302936303049
361.281190436685,293.661269772253,2.9874485295261
607.164860144148,100.905350114708,4.22292260666354
397.475222121144,230.401701588902,4.19098813019805
568.305055720162,416.080092398908,4.75224894149101
142.612479052928,284.664807953909,4.59521946260231
194.101526998675,370.916351693399,3.99718355142504
123.430168928074,407.829995515461,3.24521489024971
630.141564815825,315.8435945686,4.4848577372026
-0.743978987505792,154.125710048371,4.26790966024982
543.742729605533,207.16720254034,4.03206988098446
34.5306942201254,491.09746868824,2.99038198500283
277.498998257962,25.9393362800464,3.93986933770526
533.539822234723,390.733567680013,3.3186810598636
78.0126470937126,77.5356600139923,5.39328100272252
6.74996115961529,81.6334695357147,3.50721586052501
590.459812511128,228.254962841245,4.08664928928583
442.012233591691,466.50182393307,4.83047747279933
658.372045404625,374.01122648942,3.14258950238983
109.240140663791,483.36858273419,4.29143942205147
622.538436035898,95.6481559176931,4.04351229983052
418.971859858863,259.111455403107,3.57802552159317
11.0249215583751,181.835242934057,3.23964330837447
69.0527862564317,111.024210137558,4.35254711891577
605.575821414714,197.685146258665,4.39096677021236
248.501992105883,223.527368874097,3.9532703716652
573.841644703794,434.054298165904,3.68800855345807
302.773296804336,137.904613599018,4.03552034718432
533.993909364872,460.43800526349,3.51329564786275
50.9993501037001,424.235862737935,4.02684644971334
209.012289478316,286.245822360443,3.8285859880779
556.011283069515,270.208798976081,4.0035443110994
180.292265506096,35.9626831712747,4.49610152608367
494.752709926958,340.252900733286,4.69659429422605
34.9991065289446,60.0163913344031,3.83536310433403
529.143257815262,159.409942318269,4.77220627767322
NA,NA,NA
661.178446986392,333.996653095436,3.56428108441069
454.148978762626,295.980923962088,3.77910837944513
8.29672389715787,496.38680581369,3.58833409362794
566.195910068383,51.372161142159,4.20713345135988
73.8289409994717,370.843826259474,4.07139021475881
230.960547907865,412.205520058241,3.98902759116366
427.06917128663,12.7010273831088,3.19302936303049
361.281190436685,293.661269772253,2.9874485295261
607.164860144148,100.905350114708,4.22292260666354
397.475222121144,230.401701588902,4.19098813019805
568.305055720162,416.080092398908,4.75224894149101
142.612479052928,284.664807953909,4.59521946260231
194.101526998675,370.916351693399,3.99718355142504
123.430168928074,407.829995515461,3.24521489024971
630.141564815825,315.8435945686,4.4848577372026
-0.743978987505792,154.125710048371,4.26790966024982
543.742729605533,207.16720254034,4.03206988098446
34.5306942201254,491.09746868824,2.99038198500283
277.498998257962,25.9393362800464,3.93986933770526
533.539822234723,390.733567680013,3.3186810598636
78.0126470937126,77.5356600139923,5.39328100272252
6.74996115961529,81.6334695357147,3.50721586052501
590.459812511128,228.254962841245,4.08664928928583
442.012233591691,466.50182393307,4.83047747279933
658.372045404625,374.01122648942,3.14258950238983
109.240140663791,483.36858273419,4.29143942205147
622.538436035898,95.6481559176931,4.04351229983052
418.971859858863,259.111455403107,3.57802552159317
11.0249215583751,181.835242934057,3.23964330837447
69.0527862564317,111.024210137558,4.35254711891577
605.575821414714,197.685146258665,4.39096677021236
248.501992105883,223.527368874097,3.9532703716652
573.841644703794,434.054298165904,3.68800855345807
302.773296804336,137.904613599018,4.03552034718432
533.993909364872,460.43800526349,3.51329564786275
50.9993501037001,424.235862737935,4.02684644971334
209.012289478316,286.245822360443,3.8285859880779
556.011283069515,270.208798976081,4.0035443110994
180.292265506096,35.9626831712747,4.49610152608367
494.752709926958,340.252900733286,4.69659429422605
34.9991065289446,60.0163913344031,3.83536310433403
529.143257815262,159.409942318269,4.77220627767322
NA,NA,NA
661.178446986392,333.996653095436,3.56428108441069
454.148978762626,295.980923962088,3.77910837944513
8.29672389715787,496.38680581369,3.58833409362794
566.195910068383,51.372161142159,4.20713345135988
73.8289409994717,370.843826259474,4.07139021475881
230.960547907865,412.205520058241,3.98902759116366
427.06917128663,12.7010273831088,3.19302936303049
361.281190436685,293.661269772253,2.9874485295261
607.164860144148,100.905350114708,4.22292260666354
397.475222121144,230.401701588902,4.19098813019805
568.305055720162,416.080092398908,4.75224894149101
142.612479052928,284.664807953909,4.59521946260231
194.101526998675,370.916351693399,3.99718355142504
123.430168928074,407.829995515461,3.24521489024971
630.141564815825,315.8435945686,4.4848577372026
-0.743978987505792,154.125710048371,4.26790966024982
543.742729605533,207.16720254034,4.03206988098446
34.5306942201254,491.09746868824,2.99038198500283
277.498998257962,25.9393362800464,3.93986933770526
533.539822234723,390.733567680013,3.3186810598636
78.0126470937126,77.5356600139923,5.39328100272252
6.74996115961529,81.6334695357147,3.50721586052501
590.459812511128,228.254962841245,4.08664928928583
442.012233591691,466.50182393307,4.83047747279933
658.372045404625,374.01122648942,3.14258950238983
109.240140663791,483.36858273419,4.29143942205147
622.538436035898,95.6481559176931,4.04351229983052
418.971859858863,259.111455403107,3.57802552159317
11.0249215583751,181.835242934057,3.23964330837447
69.0527862564317,111.024210137558,4.35254711891577
605.575821414714,197.685146258665,4.39096677021236
248.501992105883,223.527368874097,3.9532703716652
573.841644703794,434.054298165904,3.68800855345807
302.773296804336,137.904613599018,4.03552034718432
533.993909364872,460.43800526349,3.51329564786275
50.9993501037001,424.235862737935,4.02684644971334
209.012289478316,286.245822360443,3.8285859880779
556.011283069515,270.208798976081,4.0035443110994
180.292265506096,35.9626831712747,4.49610152608367
494.752709926958,340.252900733286,4.69659429422605
34.9991065289446,60.0163913344031,3.83536310433403
529.143257815262,159.409942318269,4.77220627767322
NA,NA,NA
661.178446986392,333.996653095436,3.56428108441069
454.148978762626,295.980923962088,3.77910837944513
8.29672389715787,496.38680581369,3.58833409362794
566.195910068383,51.372161142159,4.20713345135988
73.8289409994717,370.843826259474,4.07139021475881
230.960547907865,412.205520058241,3.98902759116366
427.06917128663,12.7010273831088,3.19302936303049
361.281190436685,293.661269772253,2.9874485295261
607.164860144148,100.905350114708,4.22292260666354
397.475222121144,230.401701588902,4.19098813019805
568.305055720162,416.080092398908,4.75224894149101
142.612479052928,284.664807953909,4.59521946260231
194.101526998675,370.916351693399,3.99718355142504
123.430168928074,407.829995515461,3.24521489024971
630.141564815825,315.8435945686,4.4848577372026
-0.743978987505792,154.125710048371,4.26790966024982
543.742729605533,207.16720254034,4.03206988098446
34.5306942201254,491.09746868824,2.99038198500283
277.498998257962,25.9393362800464,3.93986933770526
533.539822234723,390.733567680013,3.3186810598636
78.0126470937126,77.5356600139923,5.39328100272252
6.74996115961529,81.6334695357147,3.50721586052501
590.459812511128,228.254962841245,4.08664928928583
442.012233591691,466.50182393307,4.83047747279933
658.372045404625,374.01122648942,3.14258950238983
109.240140663791,483.36858273419,4.29143942205147
622.538436035898,95.6481559176931,4.04351229983052
418.971859858863,259.111455403107,3.57802552159317
11.0249215583751,181.835242934057,3.23964330837447
69.0527862564317,111.024210137558,4.35254711891577
605.575821414714,197.685146258665,4.39096677021236
248.501992105883,223.527368874097,3.9532703716652
573.841644703794,434.054298165904,3.68800855345807
302.773296804336,137.904613599018,4.03552034718432
533.993909364872,460.43800526349,3.51329564786275
50.9993501037001,424.235862737935,4.02684644971334
209.012289478316,286.245822360443,3.8285859880779
556.011283069515,270.208798976081,4.0035443110994
180.292265506096,35.9626831712747,4.49610152608367
494.752709926958,340.252900733286,4.69659429422605
34.9991065289446,60.0163913344031,3.83536310433403
529.143257815262,159.409942318269,4.77220627767322
NA,NA,NA
661.178446986392,333.996653095436,3.56428108441069
454.148978762626,295.980923962088,3.77910837944513
8.29672389715787,496.38680581369,3.58833409362794
566.195910068383,51.372161142159,4.20713345135988
73.8289409994717,370.843826259474,4.07139021475881
230.960547907865,412.205520058241,3.98902759116366
427.06917128663,12.7010273831088,3.19302936303049
361.281190436685,293.661269772253,2.9874485295261
607.164860144148,100.905350114708,4.22292260666354
397.475222121144,230.401701588902,4.19098813019805
568.305055720162,416.080092398908,4.75224894149101
142.612479052928,284.664807953909,4.59521946260231
194.101526998675,370.916351693399,3.99718355142504
123.430168928074,407.829995515461,3.24521489024971
630.141564815825,315.8435945686,4.4848577372026
-0.743978987505792,154.125710048371,4.26790966024982
543.742729605533,207.16720254034,4.03206988098446
34.5306942201254,491.09746868824,2.99038198500283
277.498998257962,25.9393362800464,3.93986933770526
533.539822234723,390.733567680013,3.3186810598636
78.0126470937126,77.5356600139923,5.39328100272252
6.74996115961529,81.6334695357147,3.50721586052501
590.459812511128,228.254962841245,4.08664928928583
442.012233591691,466.50182393307,4.83047747279933
658.372045404625,374.01122648942,3.14258950238983
109.240140663791,483.36858273419,4.29143942205147
622.538436035898,95.6481559176931,4.04351229983052
418.971859858863,259.111455403107,3.57802552159317
11.0249215583751,181.835242934057,3.23964330837447
69.0527862564317,111.024210137558,4.35254711891577
605.575821414714,197.685146258665,4.39096677021236
248.501992105883,223.527368874097,3.9532703716652
573.841644703794,434.054298165904,3.68800855345807
302.773296804336,137.904613599018,4.03552034718432
533.993909364872,460.43800526349,3.51329564786275
50.9993501037001,424.235862737935,4.02684644971334
209.012289478316,286.245822360443,3.8285859880779
556.011283069515,270.208798976081,4.0035443110994
180.292265506096,35.9626831712747,4.49610152608367
494.752709926958,340.252900733286,4.69659429422605
34.9991065289446,60.0163913344031,3.83536310433403
529.143257815262,159.409942318269,4.77220627767322
NA,NA,NA
661.178446986392,333.996653095436,3.56428108441069
454.148978762626,295.980923962088,3.77910837944513
8.29672389715787,496.38680581369,3.58833409362794
566.195910068383,51.372161142159,4.20713345135988
73.8289409994717,370.843826259474,4.07139021475881
230.960547907865,412.205520058241,3.98902759116366
427.06917128663,12.7010273831088,3.19302936303049
361.281190436685,293.661269772253,2.9874485295261
607.164860144148,100.905350114708,4.22292260666354
397.475222121144,230.401701588902,4.19098813019805
568.305055720162,416.080092398908,4.75224894149101
142.612479052928,284.664807953909,4.59521946260231
194.101526998675,370.916351693399,3.99718355142504
123.430168928074,407.829995515461,3.24521489024971
630.141564815825,315.8435945686,4.4848577372026
-0.743978987505792,154.125710048371,4.26790966024982
543.742729605533,207.16720254034,4.03206988098446
34.5306942201254,491.09746868824,2.99038198500283
277.498998257962,25.9393362800464,3.93986933770526
533.539822234723,390.733567680013,3.3186810598636
78.0126470937126,77.5356600139923,5.39328100272252
6.74996115961529,81.6334695357147,3.50721586052501
590.459812511128,228.254962841245,4.08664928928583
442.012233591691,466.50182393307,4.83047747279933
658.372045404625,374.01122648942,3.14258950238983
109.240140663791,483.36858273419,4.29143942205147
622.538436035898,95.6481559176931,4.04351229983052
418.971859858863,259.111455403107,3.57802552159317
11.0249215583751,181.835242934057,3.23964330837447
69.0527862564317,111.024210137558,4.35254711891577
605.575821414714,197.685146258665,4.39096677021236
248.501992105883,223.527368874097,3.9532703716652
573.841644703794,434.054298165904,3.68800855345807
302.773296804336,137.904613599018,4.03552034718432
533.993909364872,460.43800526349,3.51329564786275
50.9993501037001,424.235862737935,4.02684644971334
209.012289478316,286.245822360443,3.8285859880779
556.011283069515,270.208798976081,4.0035443110994
180.292265506096,35.9626831712747,4.49610152608367
494.752709926958,340.252900733286,4.69659429422605
34.9991065289446,60.0163913344031,3.83536310433403
529.143257815262,159.409942318269,4.77220627767322
NA,NA,NA
662.682870183281,331.690378368722,3.49160550614397
460.447105483484,301.234473178405,3.54905391278451
10.4044135946089,496.505422849756,3.6268062444658
561.674416227552,55.1567778025829,4.10356140356065
72.2685925947268,375.881450405501,4.00164652786045
227.933430082787,417.674211383715,3.8672162729534
426.439120379689,13.5813265840575,3.29837486192267
361.569202007465,294.017273469777,2.92337363244542
603.674151658158,100.674729684296,4.15282187386916
395.065610941525,233.046913521327,4.08052866548018
564.926475635726,418.589545967389,4.70442367969097
139.215149383818,288.531236184431,4.56602947158942
199.075702404867,363.929270512816,3.97316198083695
124.256080256451,408.916865855612,3.38971584344936
626.33522752079,306.392517621725,4.5825207252978
0.127202396946843,145.054189804175,4.31055072105309
545.098673641325,204.838832271439,4.15582891707171
33.6350323883234,488.764830022479,2.92204199732905
279.297642363951,24.1127055649125,3.88568527375083
533.106339412584,391.627702958342,3.3248112950658
73.8637251087782,79.4261988335191,5.21987907265357
4.8636377983466,77.2267876230476,3.50740239662082
592.623231137732,224.227177741002,4.06309494370929
441.52893161456,457.052310097412,4.75185686697072
660.670389062061,374.557900049783,3.05099700826663
103.713661042018,485.796537327528,4.32246661185544
623.303459263507,90.5962296763484,4.03925697677629
419.726483331218,259.176643832293,3.61543812285799
10.6268725004157,183.259571608161,3.0911263020451
71.5615071525695,112.673221768983,4.53205177306408
613.702333273145,202.956480968092,4.43852923697234
259.649395555553,214.94524108976,3.83773310333993
579.884703442032,435.57386033368,3.81751343689639
306.238218165716,131.542427958546,3.95770073099098
528.068674593231,456.766882549068,3.3706793053946
34.7775933378792,422.564342295972,3.81365843054535
196.65386220044,289.281042807006,4.16553038949908
546.594090425265,262.630508782303,3.81551701264741
171.049384804326,28.57979088273,4.13726829242167
502.194946347633,345.634923261987,4.48356174912354
31.7912488044336,50.6502908804321,4.10451084224022
524.916674930396,140.625657343713,4.21507057309673
NA,NA,NA
662.682870183281,331.690378368722,3.49160550614397
460.447105483484,301.234473178405,3.54905391278451
10.4044135946089,496.505422849756,3.6268062444658
561.674416227552,55.1567778025829,4.10356140356065
72.2685925947268,375.881450405501,4.00164652786045
227.933430082787,417.674211383715,3.8672162729534
426.439120379689,13.5813265840575,3.29837486192267
361.569202007465,294.017273469777,2.92337363244542
603.674151658158,100.674729684296,4.15282187386916
395.065610941525,233.046913521327,4.08052866548018
564.926475635726,418.589545967389,4.70442367969097
139.215149383818,288.531236184431,4.56602947158942
199.075702404867,363.929270512816,3.97316198083695
124.256080256451,408.916865855612,3.38971584344936
626.33522752079,306.392517621725,4.5825207252978
0.127202396946843,145.054189804175,4.31055072105309
545.098673641325,204.838832271439,4.15582891707171
33.6350323883234,488.764830022479,2.92204199732905
279.297642363951,24.1127055649125,3.88568527375083
533.106339412584,391.627702958342,3.3248112950658
73.8637251087782,79.4261988335191,5.21987907265357
4.8636377983466,77.2267876230476,3.50740239662082
592.623231137732,224.227177741002,4.06309494370929
441.52893161456,457.052310097412,4.75185686697072
660.670389062061,374.557900049783,3.05099700826663
103.713661042018,485.796537327528,4.32246661185544
623.303459263507,90.5962296763484,4.03925697677629
419.726483331218,259.176643832293,3.61543812285799
10.6268725004157,183.259571608161,3.0911263020451
71.5615071525695,112.673221768983,4.53205177306408
613.702333273145,202.956480968092,4.43852923697234
259.649395555553,214.94524108976,3.83773310333993
579.884703442032,435.57386033368,3.81751343689639
306.238218165716,131.542427958546,3.95770073099098
528.068674593231,456.766882549068,3.3706793053946
34.7775933378792,422.564342295972,3.81365843054535
196.65386220044,289.281042807006,4.16553038949908
546.594090425265,262.630508782303,3.81551701264741
171.049384804326,28.57979088273,4.13726829242167
502.194946347633,345.634923261987,4.48356174912354
31.7912488044336,50.6502908804321,4.10451084224022
524.916674930396,140.625657343713,4.21507057309673
NA,NA,NA
662.682870183281,331.690378368722,3.49160550614397
460.447105483484,301.234473178405,3.54905391278451
10.4044135946089,496.505422849756,3.6268062444658
561.674416227552,55.1567778025829,4.10356140356065
72.2685925947268,375.881450405501,4.00164652786045
227.933430082787,417.674211383715,3.8672162729534
426.439120379689,13.5813265840575,3.29837486192267
361.569202007465,294.017273469777,2.92337363244542
603.674151658158,100.674729684296,4.15282187386916
395.065610941525,233.046913521327,4.08052866548018
564.926475635726,418.589545967389,4.70442367969097
139.215149383818,288.531236184431,4.56602947158942
199.075702404867,363.929270512816,3.97316198083695
124.256080256451,408.916865855612,3.38971584344936
626.33522752079,306.392517621725,4.5825207252978
0.127202396946843,145.054189804175,4.31055072105309
545.098673641325,204.838832271439,4.15582891707171
33.6350323883234,488.764830022479,2.92204199732905
279.297642363951,24.1127055649125,3.88568527375083
533.106339412584,391.627702958342,3.3248112950658
73.8637251087782,79.4261988335191,5.21987907265357
4.8636377983466,77.2267876230476,3.50740239662082
592.623231137732,224.227177741002,4.06309494370929
441.52893161456,457.052310097412,4.75185686697072
660.670389062061,374.557900049783,3.05099700826663
103.713661042018,485.796537327528,4.32246661185544
623.303459263507,90.5962296763484,4.03925697677629
419.726483331218,259.176643832293,3.61543812285799
10.6268725004157,183.259571608161,3.0911263020451
71.5615071525695,112.673221768983,4.53205177306408
613.702333273145,202.956480968092,4.43852923697234
259.649395555553,214.94524108976,3.83773310333993
579.884703442032,435.57386033368,3.81751343689639
306.238218165716,131.542427958546,3.95770073099098
528.068674593231,456.766882549068,3.3706793053946
34.7775933378792,422.564342295972,3.81365843054535
196.65386220044,289.281042807006,4.16553038949908
546.594090425265,262.630508782303,3.81551701264741
171.049384804326,28.57979088273,4.13726829242167
502.194946347633,345.634923261987,4.48356174912354
31.7912488044336,50.6502908804321,4.10451084224022
524.916674930396,140.625657343713,4.21507057309673
NA,NA,NA
662.682870183281,331.690378368722,3.49160550614397
460.447105483484,301.234473178405,3.54905391278451
10.4044135946089,496.505422849756,3.6268062444658
561.674416227552,55.1567778025829,4.10356140356065
72.2685925947268,375.881450405501,4.00164652786045
227.933430082787,417.674211383715,3.8672162729534
426.439120379689,13.5813265840575,3.29837486192267
361.569202007465,294.017273469777,2.92337363244542
603.674151658158,100.674729684296,4.15282187386916
395.065610941525,233.046913521327,4.08052866548018
564.926475635726,418.589545967389,4.70442367969097
139.215149383818,288.531236184431,4.56602947158942
199.075702404867,363.929270512816,3.97316198083695
124.256080256451,408.916865855612,3.38971584344936
626.33522752079,306.392517621725,4.5825207252978
0.127202396946843,145.054189804175,4.31055072105309
545.098673641325,204.838832271439,4.15582891707171
33.6350323883234,488.764830022479,2.92204199732905
279.297642363951,24.1127055649125,3.88568527375083
533.106339412584,391.627702958342,3.3248112950658
73.8637251087782,79.4261988335191,5.21987907265357
4.8636377983466,77.2267876230476,3.50740239662082
592.623231137732,224.227177741002,4.06309494370929
441.52893161456,457.052310097412,4.75185686697072
660.670389062061,374.557900049783,3.05099700826663
103.713661042018,485.796537327528,4.32246661185544
623.303459263507,90.5962296763484,4.03925697677629
419.726483331218,259.176643832293,3.61543812285799
10.6268725004157,183.259571608161,3.0911263020451
71.5615071525695,112.673221768983,4.53205177306408
613.702333273145,202.956480968092,4.43852923697234
259.649395555553,214.94524108976,3.83773310333993
579.884703442032,435.57386033368,3.81751343689639
306.238218165716,131.542427958546,3.95770073099098
528.068674593231,456.766882549068,3.3706793053946
34.7775933378792,422.564342295972,3.81365843054535
196.65386220044,289.281042807006,4.16553038949908
546.594090425265,262.630508782303,3.81551701264741
171.049384804326,28.57979088273,4.13726829242167
502.194946347633,345.634923261987,4.48356174912354
31.7912488044336,50.6502908804321,4.10451084224022
524.916674930396,140.625657343713,4.21507057309673
NA,NA,NA
662.682870183281,331.690378368722,3.49160550614397
460.447105483484,301.234473178405,3.54905391278451
10.4044135946089,496.505422849756,3.6268062444658
561.674416227552,55.1567778025829,4.10356140356065
72.2685925947268,375.881450405501,4.00164652786045
227.933430082787,417.674211383715,3.8672162729534
426.439120379689,13.5813265840575,3.29837486192267
361.569202007465,294.017273469777,2.92337363244542
603.674151658158,100.674729684296,4.15282187386916
395.065610941525,233.046913521327,4.08052866548018
564.926475635726,418.589545967389,4.70442367969097
139.215149383818,288.531236184431,4.56602947158942
199.075702404867,363.929270512816,3.97316198083695
124.256080256451,408.916865855612,3.38971584344936
626.33522752079,306.392517621725,4.5825207252978
0.127202396946843,145.054189804175,4.31055072105309
545.098673641325,204.838832271439,4.15582891707171
33.6350323883234,488.764830022479,2.92204199732905
279.297642363951,24.1127055649125,3.88568527375083
533.106339412584,391.627702958342,3.3248112950658
73.8637251087782,79.4261988335191,5.21987907265357
4.8636377983466,77.2267876230476,3.50740239662082
592.623231137732,224.227177741002,4.06309494370929
441.52893161456,457.052310097412,4.75185686697072
660.670389062061,374.557900049783,3.05099700826663
103.713661042018,485.796537327528,4.32246661185544
623.303459263507,90.5962296763484,4.03925697677629
419.726483331218,259.176643832293,3.61543812285799
10.6268725004157,183.259571608161,3.0911263020451
71.5615071525695,112.673221768983,4.53205177306408
613.702333273145,202.956480968092,4.43852923697234
259.649395555553,214.94524108976,3.83773310333993
579.884703442032,435.57386033368,3.81751343689639
306.238218165716,131.542427958546,3.95770073099098
528.068674593231,456.766882549068,3.3706793053946
34.7775933378792,422.564342295972,3.81365843054535
196.65386220044,289.281042807006,4.16553038949908
546.594090425265,262.630508782303,3.81551701264741
171.049384804326,28.57979088273,4.13726829242167
502.194946347633,345.634923261987,4.48356174912354
31.7912488044336,50.6502908804321,4.10451084224022
524.916674930396,140.625657343713,4.21507057309673
NA,NA,NA
662.682870183281,331.690378368722,3.49160550614397
460.447105483484,301.234473178405,3.54905391278451
10.4044135946089,496.505422849756,3.6268062444658
561.674416227552,55.1567778025829,4.10356140356065
72.2685925947268,375.881450405501,4.00164652786045
227.933430082787,417.674211383715,3.8672162729534
426.439120379689,13.5813265840575,3.29837486192267
361.569202007465,294.017273469777,2.92337363244542
603.674151658158,100.674729684296,4.15282187386916
395.065610941525,233.046913521327,4.08052866548018
564.926475635726,418.589545967389,4.70442367969097
139.215149383818,288.531236184431,4.56602947158942
199.075702404867,363.929270512816,3.97316198083695
124.256080256451,408.916865855612,3.38971584344936
626.33522752079,306.392517621725,4.5825207252978
0.127202396946843,145.054189804175,4.31055072105309
545.098673641325,204.838832271439,4.15582891707171
33.6350323883234,488.764830022479,2.92204199732905
279.297642363951,24.1127055649125,3.88568527375083
533.106339412584,391.627702958342,3.3248112950658
73.8637251087782,79.4261988335191,5.21987907265357
4.8636377983466,77.2267876230476,3.50740239662082
592.623231137732,224.227177741002,4.06309494370929
441.52893161456,457.052310097412,4.75185686697072
660.670389062061,374.557900049783,3.05099700826663
103.713661042018,485.796537327528,4.32246661185544
623.303459263507,90.5962296763484,4.03925697677629
419.726483331218,259.176643832293,3.61543812285799
10.6268725004157,183.259571608161,3.0911263020451
71.5615071525695,112.673221768983,4.53205177306408
613.702333273145,202.956480968092,4.43852923697234
259.649395555553,214.94524108976,3.83773310333993
579.884703442032,435.57386033368,3.81751343689639
306.238218165716,131.542427958546,3.95770073099098
528.068674593231,456.766882549068,3.3706793053946
34.7775933378792,422.564342295972,3.81365843054535
196.65386220044,289.281042807006,4.16553038949908
546.594090425265,262.630508782303,3.81551701264741
171.049384804326,28.57979088273,4.13726829242167
502.194946347633,345.634923261987,4.48356174912354
31.7912488044336,50.6502908804321,4.10451084224022
524.916674930396,140.625657343713,4.21507057309673
NA,NA,NA
660.987863852282,337.78115189047,3.43282258697459
459.277933501141,296.533773120313,3.74136242345156
10.4203346315482,495.945109161313,3.4717277371615
565.822685411605,51.5648526326775,4.27245810371917
66.9808807713966,374.379530161047,4.08749626615605
231.820086956146,412.456534421279,3.88892440332843
427.08145372984,12.2862891807253,3.34375884299942
363.355415359564,294.731034667597,2.97217494560247
604.01674812542,104.985312952952,4.11418333439569
393.732246230861,228.308225235225,4.07670553564361
573.791076797516,406.891169237112,4.73343601404992
143.458657398896,282.952686375471,4.48623876575287
197.67163593865,370.072181486135,4.10457044879937
129.586300934214,414.098121056473,3.55474566072727
626.604989408381,310.955296157019,4.51357192770357
-3.50274914969209,149.692403287691,4.24839458030367
543.448708967353,203.05545575828,4.2135925287609
33.607484581648,490.377132758406,2.93760894832237
278.63013166905,23.7072923476802,3.82289674553675
534.766937636041,393.046322279217,3.44968895102952
77.9705228220805,79.0703251399007,5.19635314941545
3.62454758024417,73.8972167387348,3.31741005592324
589.021348157806,229.051491992549,4.11965903595368
435.875896883252,456.937735242494,4.79211295445727
658.438848126079,373.565930090684,3.05728739476667
104.491103605083,490.710329987794,4.35312828813574
624.919189582549,89.3042321137583,4.05242100896003
424.474179369499,258.121401784448,3.75293166858578
8.65612008534074,182.954038697605,3.25099311704903
63.473880864724,122.97242017343,4.48363011514845
614.754353318117,194.580026383399,4.09519604739437
258.176726118912,216.211429697302,3.62423299695278
573.653156896745,433.364101047724,3.94549770996803
303.105550510266,138.171358030802,3.89201440308892
535.709870746062,462.201550135348,3.55244862751394
49.6111060638323,421.125644326165,4.1475726199735
197.111947427126,280.270079690929,4.42060092235488
552.948470370669,256.987942586296,3.72997881340869
166.570277571366,20.209113042624,4.33512560571128
508.17652283595,347.040662213769,4.44062977812594
33.2725584989075,49.1878491940898,3.98018069753663
538.783782088981,149.793637602666,5.30490871366418
NA,NA,NA
660.987863852282,337.78115189047,3.43282258697459
459.277933501141,296.533773120313,3.74136242345156
10.4203346315482,495.945109161313,3.4717277371615
565.822685411605,51.5648526326775,4.27245810371917
66.9808807713966,374.379530161047,4.08749626615605
231.820086956146,412.456534421279,3.88892440332843
427.08145372984,12.2862891807253,3.34375884299942
363.355415359564,294.731034667597,2.97217494560247
604.01674812542,104.985312952952,4.11418333439569
393.732246230861,228.308225235225,4.07670553564361
573.791076797516,406.891169237112,4.73343601404992
143.458657398896,282.952686375471,4.48623876575287
197.67163593865,370.072181486135,4.10457044879937
129.586300934214,414.098121056473,3.55474566072727
626.604989408381,310.955296157019,4.51357192770357
-3.50274914969209,149.692403287691,4.24839458030367
543.448708967353,203.05545575828,4.2135925287609
33.607484581648,490.377132758406,2.93760894832237
278.63013166905,23.7072923476802,3.82289674553675
534.766937636041,393.046322279217,3.44968895102952
77.9705228220805,79.0703251399007,5.19635314941545
3.62454758024417,73.8972167387348,3.31741005592324
589.021348157806,229.051491992549,4.11965903595368
435.875896883252,456.937735242494,4.79211295445727
658.438848126079,373.565930090684,3.05728739476667
104.491103605083,490.710329987794,4.35312828813574
624.919189582549,89.3042321137583,4.05242100896003
424.474179369499,258.121401784448,3.75293166858578
8.65612008534074,182.954038697605,3.25099311704903
63.473880864724,122.97242017343,4.48363011514845
614.754353318117,194.580026383399,4.09519604739437
258.176726118912,216.211429697302,3.62423299695278
573.653156896745,433.364101047724,3.94549770996803
303.105550510266,138.171358030802,3.89201440308892
535.709870746062,462.201550135348,3.55244862751394
49.6111060638323,421.125644326165,4.1475726199735
197.111947427126,280.270079690929,4.42060092235488
552.948470370669,256.987942586296,3.72997881340869
166.570277571366,20.209113042624,4.33512560571128
508.17652283595,347.040662213769,4.44062977812594
33.2725584989075,49.1878491940898,3.98018069753663
538.783782088981,149.793637602666,5.30490871366418
NA,NA,NA
660.987863852282,337.78115189047,3.43282258697459
459.277933501141,296.533773120313,3.74136242345156
10.4203346315482,495.945109161313,3.4717277371615
565.822685411605,51.5648526326775,4.27245810371917
66.9808807713966,374.379530161047,4.08749626615605
231.820086956146,412.456534421279,3.88892440332843
427.08145372984,12.2862891807253,3.34375884299942
363.355415359564,294.731034667597,2.97217494560247
604.01674812542,104.985312952952,4.11418333439569
393.732246230861,228.308225235225,4.07670553564361
573.791076797516,406.891169237112,4.73343601404992
143.458657398896,282.952686375471,4.48623876575287
197.67163593865,370.072181486135,4.10457044879937
129.586300934214,414.098121056473,3.55474566072727
626.604989408381,310.955296157019,4.51357192770357
-3.50274914969209,149.692403287691,4.24839458030367
543.448708967353,203.05545575828,4.2135925287609
33.607484581648,490.377132758406,2.93760894832237
278.63013166905,23.7072923476802,3.82289674553675
534.766937636041,393.046322279217,3.44968895102952
77.9705228220805,79.0703251399007,5.19635314941545
3.62454758024417,73.8972167387348,3.31741005592324
589.021348157806,229.051491992549,4.11965903595368
435.875896883252,456.937735242494,4.79211295445727
658.438848126079,373.565930090684,3.05728739476667
104.491103605083,490.710329987794,4.35312828813574
624.919189582549,89.3042321137583,4.05242100896003
424.474179369499,258.121401784448,3.75293166858578
8.65612008534074,182.954038697605,3.25099311704903
63.473880864724,122.97242017343,4.48363011514845
614.754353318117,194.580026383399,4.09519604739437
258.176726118912,216.211429697302,3.62423299695278
573.653156896745,433.364101047724,3.94549770996803
303.105550510266,138.171358030802,3.89201440308892
535.709870746062,462.201550135348,3.55244862751394
49.6111060638323,421.125644326165,4.1475726199735
197.111947427126,280.270079690929,4.42060092235488
552.948470370669,256.987942586296,3.72997881340869
166.570277571366,20.209113042624,4.33512560571128
508.17652283595,347.040662213769,4.44062977812594
33.2725584989075,49.1878491940898,3.98018069753663
538.783782088981,149.793637602666,5.30490871366418
NA,NA,NA
660.987863852282,337.78115189047,3.43282258697459
459.277933501141,296.533773120313,3.74136242345156
10.4203346315482,495.945109161313,3.4717277371615
565.822685411605,51.5648526326775,4.27245810371917
66.9808807713966,374.379530161047,4.08749626615605
231.820086956146,412.456534421279,3.88892440332843
427.08145372984,12.2862891807253,3.34375884299942
363.355415359564,294.731034667597,2.97217494560247
604.01674812542,104.985312952952,4.11418333439569
393.732246230861,228.308225235225,4.07670553564361
573.791076797516,406.891169237112,4.73343601404992
143.458657398896,282.952686375471,4.48623876575287
197.67163593865,370.072181486135,4.10457044879937
129.586300934214,414.098121056473,3.55474566072727
626.604989408381,310.955296157019,4.51357192770357
-3.50274914969209,149.692403287691,4.24839458030367
543.448708967353,203.05545575828,4.2135925287609
33.607484581648,490.377132758406,2.93760894832237
278.63013166905,23.7072923476802,3.82289674553675
534.766937636041,393.046322279217,3.44968895102952
77.9705228220805,79.0703251399007,5.19635314941545
3.62454758024417,73.8972167387348,3.31741005592324
589.021348157806,229.051491992549,4.11965903595368
435.875896883252,456.937735242494,4.79211295445727
658.438848126079,373.565930090684,3.05728739476667
104.491103605083,490.710329987794,4.35312828813574
624.919189582549,89.3042321137583,4.05242100896003
424.474179369499,258.121401784448,3.75293166858578
8.65612008534074,182.954038697605,3.25099311704903
63.473880864724,122.97242017343,4.48363011514845
614.754353318117,194.580026383399,4.09519604739437
258.176726118912,216.211429697302,3.62423299695278
573.653156896745,433.364101047724,3.94549770996803
303.105550510266,138.171358030802,3.89201440308892
535.709870746062,462.201550135348,3.55244862751394
49.6111060638323,421.125644326165,4.1475726199735
197.111947427126,280.270079690929,4.42060092235488
552.948470370669,256.987942586296,3.72997881340869
166.570277571366,20.209113042624,4.33512560571128
508.17652283595,347.040662213769,4.44062977812594
33.2725584989075,49.1878491940898,3.98018069753663
538.783782088981,149.793637602666,5.30490871366418
NA,NA,NA
660.987863852282,337.78115189047,3.43282258697459
459.277933501141,296.533773120313,3.74136242345156
10.4203346315482,495.945109161313,3.4717277371615
565.822685411605,51.5648526326775,4.27245810371917
66.9808807713966,374.379530161047,4.08749626615605
231.820086956146,412.456534421279,3.88892440332843
427.08145372984,12.2862891807253,3.34375884299942
363.355415359564,294.731034667597,2.97217494560247
604.01674812542,104.985312952952,4.11418333439569
393.732246230861,228.308225235225,4.07670553564361
573.791076797516,406.891169237112,4.73343601404992
143.458657398896,282.952686375471,4.48623876575287
197.67163593865,370.072181486135,4.10457044879937
129.586300934214,414.098121056473,3.55474566072727
626.604989408381,310.955296157019,4.51357192770357
-3.50274914969209,149.692403287691,4.24839458030367
543.448708967353,203.05545575828,4.2135925287609
33.607484581648,490.377132758406,2.93760894832237
278.63013166905,23.7072923476802,3.82289674553675
534.766937636041,393.046322279217,3.44968895102952
77.9705228220805,79.0703251399007,5.19635314941545
3.62454758024417,73.8972167387348,3.31741005592324
589.021348157806,229.051491992549,4.11965903595368
435.875896883252,456.937735242494,4.79211295445727
658.438848126079,373.565930090684,3.05728739476667
104.491103605083,490.710329987794,4.35312828813574
624.919189582549,89.3042321137583,4.05242100896003
424.474179369499,258.121401784448,3.75293166858578
8.65612008534074,182.954038697605,3.25099311704903
63.473880864724,122.97242017343,4.48363011514845
614.754353318117,194.580026383399,4.09519604739437
258.176726118912,216.211429697302,3.62423299695278
573.653156896745,433.364101047724,3.94549770996803
303.105550510266,138.171358030802,3.89201440308892
535.709870746062,462.201550135348,3.55244862751394
49.6111060638323,421.125644326165,4.1475726199735
197.111947427126,280.270079690929,4.42060092235488
552.948470370669,256.987942586296,3.72997881340869
166.570277571366,20.209113042624,4.33512560571128
508.17652283595,347.040662213769,4.44062977812594
33.2725584989075,49.1878491940898,3.98018069753663
538.783782088981,149.793637602666,5.30490871366418
NA,NA,NA
660.987863852282,337.78115189047,3.43282258697459
459.277933501141,296.533773120313,3.74136242345156
10.4203346315482,495.945109161313,3.4717277371615
565.822685411605,51.5648526326775,4.27245810371917
66.9808807713966,374.379530161047,4.08749626615605
231.820086956146,412.456534421279,3.88892440332843
427.08145372984,12.2862891807253,3.34375884299942
363.355415359564,294.731034667597,2.97217494560247
604.01674812542,104.985312952952,4.11418333439569
393.732246230861,228.308225235225,4.07670553564361
573.791076797516,406.891169237112,4.73343601404992
143.458657398896,282.952686375471,4.48623876575287
197.67163593865,370.072181486135,4.10457044879937
129.586300934214,414.098121056473,3.55474566072727
626.604989408381,310.955296157019,4.51357192770357
-3.50274914969209,149.692403287691,4.24839458030367
543.448708967353,203.05545575828,4.2135925287609
33.607484581648,490.377132758406,2.93760894832237
278.63013166905,23.7072923476802,3.82289674553675
534.766937636041,393.046322279217,3.44968895102952
77.9705228220805,79.0703251399007,5.19635314941545
3.62454758024417,73.8972167387348,3.31741005592324
589.021348157806,229.051491992549,4.11965903595368
435.875896883252,456.937735242494,4.79211295445727
658.438848126079,373.565930090684,3.05728739476667
104.491103605083,490.710329987794,4.35312828813574
624.919189582549,89.3042321137583,4.05242100896003
424.474179369499,258.121401784448,3.75293166858578
8.65612008534074,182.954038697605,3.25099311704903
63.473880864724,122.97242017343,4.48363011514845
614.754353318117,194.580026383399,4.09519604739437
258.176726118912,216.211429697302,3.62423299695278
573.653156896745,433.364101047724,3.94549770996803
303.105550510266,138.171358030802,3.89201440308892
535.709870746062,462.201550135348,3.55244862751394
49.6111060638323,421.125644326165,4.1475726199735
197.111947427126,280.270079690929,4.42060092235488
552.948470370669,256.987942586296,3.72997881340869
166.570277571366,20.209113042624,4.33512560571128
508.17652283595,347.040662213769,4.44062977812594
33.2725584989075,49.1878491940898,3.98018069753663
538.783782088981,149.793637602666,5.30490871366418
NA,NA,NA
662.294855736328,334.288801161728,3.42760418570076
455.43090758512,302.083367198367,3.47584088634652
8.99680441665995,493.975155576567,3.66271160782532
564.689692845639,54.138409992214,4.20804306395763
73.5167434030234,372.074087294056,4.04347323810787
231.925983145347,415.66232119581,3.82570051942167
428.013351005439,10.1998524309717,3.29605201374932
364.254871182968,290.317871423095,3.16221455075222
608.65075905725,103.494980611685,4.18067061183399
391.709303816825,227.771478430779,4.15123577170896
575.013267468956,417.994434552774,4.72172191346102
135.363824829267,278.358411173105,4.4422192960492
196.661982578178,370.252537530697,3.99976192540045
126.621601324362,411.858332124487,3.45967690532812
629.917039035104,317.917254787248,4.56328732007326
6.07221490542031,150.885990743144,4.25685309314531
546.186162395165,205.412226274943,4.1086516044106
34.1924127513636,490.378472791556,2.95245303594876
281.530200202477,23.8576945552522,3.70173306061291
534.91048201012,391.609889652523,3.42631611576419
82.646461222257,77.8211763374213,5.27748578656616
1.95988137480325,78.861896439697,3.66011626554522
587.804517151335,225.21886573234,4.04590921133701
443.153320114297,466.005464834274,4.77718964168154
658.088980344023,375.873262128063,2.80527530957925
105.321904445725,489.357250137736,4.47077671472088
621.012560867274,90.1642515697171,4.07344929278764
417.546194340034,258.80402841885,3.59445668798135
12.2325073690678,181.734534638559,3.0375205543615
70.6790104595721,118.560790706526,4.37466338911012
596.973744267738,208.007504401601,4.03338136285202
257.882755129249,219.513484899852,3.64999043982977
580.485449546803,434.445577081715,3.57879338919807
300.590690175677,138.437365917304,3.82992290570758
523.239893560364,464.852457357156,3.62852367730528
29.2904973204939,423.036590545053,3.60864433382033
199.418275251908,276.03853031348,4.15172762722458
553.002340716622,257.171103970173,3.66041111367102
173.177005905306,32.3261353522096,4.52829816099631
517.131431280269,341.157668599018,4.64638758662435
40.4880555164301,58.0634851353264,4.08125385892159
550.895237207515,141.86390359532,4.51117653830559
NA,NA,NA
662.294855736328,334.288801161728,3.42760418570076
455.43090758512,302.083367198367,3.47584088634652
8.99680441665995,493.975155576567,3.66271160782532
564.689692845639,54.138409992214,4.20804306395763
73.5167434030234,372.074087294056,4.04347323810787
231.925983145347,415.66232119581,3.82570051942167
428.013351005439,10.1998524309717,3.29605201374932
364.254871182968,290.317871423095,3.16221455075222
608.65075905725,103.494980611685,4.18067061183399
391.709303816825,227.771478430779,4.15123577170896
575.013267468956,417.994434552774,4.72172191346102
135.363824829267,278.358411173105,4.4422192960492
196.661982578178,370.252537530697,3.99976192540045
126.621601324362,411.858332124487,3.45967690532812
629.917039035104,317.917254787248,4.56328732007326
6.07221490542031,150.885990743144,4.25685309314531
546.186162395165,205.412226274943,4.1086516044106
34.1924127513636,490.378472791556,2.95245303594876
281.530200202477,23.8576945552522,3.70173306061291
534.91048201012,391.609889652523,3.42631611576419
82.646461222257,77.8211763374213,5.27748578656616
1.95988137480325,78.861896439697,3.66011626554522
587.804517151335,225.21886573234,4.04590921133701
443.153320114297,466.005464834274,4.77718964168154
658.088980344023,375.873262128063,2.80527530957925
105.321904445725,489.357250137736,4.47077671472088
621.012560867274,90.1642515697171,4.07344929278764
417.546194340034,258.80402841885,3.59445668798135
12.2325073690678,181.734534638559,3.0375205543615
70.6790104595721,118.560790706526,4.37466338911012
596.973744267738,208.007504401601,4.03338136285202
257.882755129249,219.513484899852,3.64999043982977
580.485449546803,434.445577081715,3.57879338919807
300.590690175677,138.437365917304,3.82992290570758
523.239893560364,464.852457357156,3.62852367730528
29.2904973204939,423.036590545053,3.60864433382033
199.418275251908,276.03853031348,4.15172762722458
553.002340716622,257.171103970173,3.66041111367102
173.177005905306,32.3261353522096,4.52829816099631
517.131431280269,341.157668599018,4.64638758662435
40.4880555164301,58.0634851353264,4.08125385892159
550.895237207515,141.86390359532,4.51117653830559
NA,NA,NA
662.294855736328,334.288801161728,3.42760418570076
455.43090758512,302.083367198367,3.47584088634652
8.99680441665995,493.975155576567,3.66271160782532
564.689692845639,54.138409992214,4.20804306395763
73.5167434030234,372.074087294056,4.04347323810787
231.925983145347,415.66232119581,3.82570051942167
428.013351005439,10.1998524309717,3.29605201374932
364.254871182968,290.317871423095,3.16221455075222
608.65075905725,103.494980611685,4.18067061183399
391.709303816825,227.771478430779,4.15123577170896
575.013267468956,417.994434552774,4.72172191346102
135.363824829267,278.358411173105,4.4422192960492
196.661982578178,370.252537530697,3.99976192540045
126.621601324362,411.858332124487,3.45967690532812
629.917039035104,317.917254787248,4.56328732007326
6.07221490542031,150.885990743144,4.25685309314531
546.186162395165,205.412226274943,4.1086516044106
34.1924127513636,490.378472791556,2.95245303594876
281.530200202477,23.8576945552522,3.70173306061291
534.91048201012,391.609889652523,3.42631611576419
82.646461222257,77.8211763374213,5.27748578656616
1.95988137480325,78.861896439697,3.66011626554522
587.804517151335,225.21886573234,4.04590921133701
443.153320114297,466.005464834274,4.77718964168154
658.088980344023,375.873262128063,2.80527530957925
105.321904445725,489.357250137736,4.47077671472088
621.012560867274,90.1642515697171,4.07344929278764
417.546194340034,258.80402841885,3.59445668798135
12.2325073690678,181.734534638559,3.0375205543615
70.6790104595721,118.560790706526,4.37466338911012
596.973744267738,208.007504401601,4.03338136285202
257.882755129249,219.513484899852,3.64999043982977
580.485449546803,434.445577081715,3.57879338919807
300.590690175677,138.437365917304,3.82992290570758
523.239893560364,464.852457357156,3.62852367730528
29.2904973204939,423.036590545053,3.60864433382033
199.418275251908,276.03853031348,4.15172762722458
553.002340716622,257.171103970173,3.66041111367102
173.177005905306,32.3261353522096,4.52829816099631
517.131431280269,341.157668599018,4.64638758662435
40.4880555164301,58.0634851353264,4.08125385892159
550.895237207515,141.86390359532,4.51117653830559
NA,NA,NA
662.294855736328,334.288801161728,3.42760418570076
455.43090758512,302.083367198367,3.47584088634652
8.99680441665995,493.975155576567,3.66271160782532
564.689692845639,54.138409992214,4.20804306395763
73.5167434030234,372.074087294056,4.04347323810787
231.925983145347,415.66232119581,3.82570051942167
428.013351005439,10.1998524309717,3.29605201374932
364.254871182968,290.317871423095,3.16221455075222
608.65075905725,103.494980611685,4.18067061183399
391.709303816825,227.771478430779,4.15123577170896
575.013267468956,417.994434552774,4.72172191346102
135.363824829267,278.358411173105,4.4422192960492
196.661982578178,370.252537530697,3.99976192540045
126.621601324362,411.858332124487,3.45967690532812
629.917039035104,317.917254787248,4.56328732007326
6.07221490542031,150.885990743144,4.25685309314531
546.186162395165,205.412226274943,4.1086516044106
34.1924127513636,490.378472791556,2.95245303594876
281.530200202477,23.8576945552522,3.70173306061291
534.91048201012,391.609889652523,3.42631611576419
82.646461222257,77.8211763374213,5.27748578656616
1.95988137480325,78.861896439697,3.66011626554522
587.804517151335,225.21886573234,4.04590921133701
443.153320114297,466.005464834274,4.77718964168154
658.088980344023,375.873262128063,2.80527530957925
105.321904445725,489.357250137736,4.47077671472088
621.012560867274,90.1642515697171,4.07344929278764
417.546194340034,258.80402841885,3.59445668798135
12.2325073690678,181.734534638559,3.0375205543615
70.6790104595721,118.560790706526,4.37466338911012
596.973744267738,208.007504401601,4.03338136285202
257.882755129249,219.513484899852,3.64999043982977
580.485449546803,434.445577081715,3.57879338919807
300.590690175677,138.437365917304,3.82992290570758
523.239893560364,464.852457357156,3.62852367730528
29.2904973204939,423.036590545053,3.60864433382033
199.418275251908,276.03853031348,4.15172762722458
553.002340716622,257.171103970173,3.66041111367102
173.177005905306,32.3261353522096,4.52829816099631
517.131431280269,341.157668599018,4.64638758662435
40.4880555164301,58.0634851353264,4.08125385892159
550.895237207515,141.86390359532,4.51117653830559
NA,NA,NA
662.294855736328,334.288801161728,3.42760418570076
455.43090758512,302.083367198367,3.47584088634652
8.99680441665995,493.975155576567,3.66271160782532
564.689692845639,54.138409992214,4.20804306395763
73.5167434030234,372.074087294056,4.04347323810787
231.925983145347,415.66232119581,3.82570051942167
428.013351005439,10.1998524309717,3.29605201374932
364.254871182968,290.317871423095,3.16221455075222
608.65075905725,103.494980611685,4.18067061183399
391.709303816825,227.771478430779,4.15123577170896
575.013267468956,417.994434552774,4.72172191346102
135.363824829267,278.358411173105,4.4422192960492
196.661982578178,370.252537530697,3.99976192540045
126.621601324362,411.858332124487,3.45967690532812
629.917039035104,317.917254787248,4.56328732007326
6.07221490542031,150.885990743144,4.25685309314531
546.186162395165,205.412226274943,4.1086516044106
34.1924127513636,490.378472791556,2.95245303594876
281.530200202477,23.8576945552522,3.70173306061291
534.91048201012,391.609889652523,3.42631611576419
82.646461222257,77.8211763374213,5.27748578656616
1.95988137480325,78.861896439697,3.66011626554522
587.804517151335,225.21886573234,4.04590921133701
443.153320114297,466.005464834274,4.77718964168154
658.088980344023,375.873262128063,2.80527530957925
105.321904445725,489.357250137736,4.47077671472088
621.012560867274,90.1642515697171,4.07344929278764
417.546194340034,258.80402841885,3.59445668798135
12.2325073690678,181.734534638559,3.0375205543615
70.6790104595721,118.560790706526,4.37466338911012
596.973744267738,208.007504401601,4.03338136285202
257.882755129249,219.513484899852,3.64999043982977
580.485449546803,434.445577081715,3.57879338919807
300.590690175677,138.437365917304,3.82992290570758
523.239893560364,464.852457357156,3.62852367730528
29.2904973204939,423.036590545053,3.60864433382033
199.418275251908,276.03853031348,4.15172762722458
553.002340716622,257.171103970173,3.66041111367102
173.177005905306,32.3261353522096,4.52829816099631
517.131431280269,341.157668599018,4.64638758662435
40.4880555164301,58.0634851353264,4.08125385892159
550.895237207515,141.86390359532,4.51117653830559
NA,NA,NA
662.294855736328,334.288801161728,3.42760418570076
455.43090758512,302.083367198367,3.47584088634652
8.99680441665995,493.975155576567,3.66271160782532
564.689692845639,54.138409992214,4.20804306395763
73.5167434030234,372.074087294056,4.04347323810787
231.925983145347,415.66232119581,3.82570051942167
428.013351005439,10.1998524309717,3.29605201374932
364.254871182968,290.317871423095,3.16221455075222
608.65075905725,103.494980611685,4.18067061183399
391.709303816825,227.771478430779,4.15123577170896
575.013267468956,417.994434552774,4.72172191346102
135.363824829267,278.358411173105,4.4422192960492
196.661982578178,370.252537530697,3.99976192540045
126.621601324362,411.858332124487,3.45967690532812
629.917039035104,317.917254787248,4.56328732007326
6.07221490542031,150.885990743144,4.25685309314531
546.186162395165,205.412226274943,4.1086516044106
34.1924127513636,490.378472791556,2.95245303594876
281.530200202477,23.8576945552522,3.70173306061291
534.91048201012,391.609889652523,3.42631611576419
82.646461222257,77.8211763374213,5.27748578656616
1.95988137480325,78.861896439697,3.66011626554522
587.804517151335,225.21886573234,4.04590921133701
443.153320114297,466.005464834274,4.77718964168154
658.088980344023,375.873262128063,2.80527530957925
105.321904445725,489.357250137736,4.47077671472088
621.012560867274,90.1642515697171,4.07344929278764
417.546194340034,258.80402841885,3.59445668798135
12.2325073690678,181.734534638559,3.0375205543615
70.6790104595721,118.560790706526,4.37466338911012
596.973744267738,208.007504401601,4.03338136285202
257.882755129249,219.513484899852,3.64999043982977
580.485449546803,434.445577081715,3.57879338919807
300.590690175677,138.437365917304,3.82992290570758
523.239893560364,464.852457357156,3.62852367730528
29.2904973204939,423.036590545053,3.60864433382033
199.418275251908,276.03853031348,4.15172762722458
553.002340716622,257.171103970173,3.66041111367102
173.177005905306,32.3261353522096,4.52829816099631
517.131431280269,341.157668599018,4.64638758662435
40.4880555164301,58.0634851353264,4.08125385892159
550.895237207515,141.86390359532,4.51117653830559
NA,NA,NA
660.70295606008,332.742790189687,3.46397697752005
454.1763419004,295.940377372331,3.71475933320092
10.986558777415,498.154734412703,3.57504408062674
559.910695504604,49.8641286354681,4.15213432507212
71.6261943305201,376.183528926605,3.9865951860609
226.9824346557,415.899767926561,3.89061191715417
426.713127880127,11.4146366339181,3.40782475358812
362.806975583014,292.472286126147,3.08022653073257
604.075959510464,108.19968824209,4.30047909882558
389.839718967408,226.423905942295,4.14299046704494
565.60890292566,407.911853361228,4.72231842042247
142.437930503034,280.705796725355,4.57941849341814
197.665283346696,369.980179341497,3.97904842236424
123.552618820742,408.528850045158,3.35379069219665
633.039917522262,314.700139357047,4.45021970866665
1.59958585686782,147.550547050834,4.27595453392934
545.841635530904,203.154976607983,4.3471133600875
33.2188599094927,492.686606245574,2.96499770367471
281.27192559947,21.5591635754709,3.92340364086885
532.036462832109,390.927631394107,3.43405466681732
74.9899183507568,80.1123188525226,5.28961363127122
4.33502907181747,77.2926768646148,3.476850257649
591.959049683061,228.045799821825,4.05757892182677
441.266105838601,459.115994496476,4.72446182768246
659.475136069269,373.811578235786,3.10088706158044
106.337421996901,490.700868557087,4.43661887604299
622.415211905908,85.6686898830193,4.08323893144662
421.168118117037,260.494940869915,3.58205125684767
10.0785461570395,180.132604638727,3.07424812848427
82.6333123314131,112.527622238471,4.83531542082884
609.847462428324,212.991873569009,3.9513470408262
260.620633641425,222.046082644551,3.88974509950536
566.938849282546,436.690876780911,3.83264120660852
301.258672597008,138.899589383058,3.951680641284
530.663077712279,459.045526492709,3.51832822440102
55.4864568421061,420.415757044446,3.8798615508595
200.898833891736,300.428025905149,3.84312493166128
548.806769024095,262.886548444463,3.79044893315522
174.079315532307,23.8705465826052,4.27755837701156
505.557522086826,341.220928204674,4.47818115487792
31.8068650651624,51.5134884791906,3.76567316637593
552.073469499663,137.568460591957,4.6367940120294
NA,NA,NA
660.70295606008,332.742790189687,3.46397697752005
454.1763419004,295.940377372331,3.71475933320092
10.986558777415,498.154734412703,3.57504408062674
559.910695504604,49.8641286354681,4.15213432507212
71.6261943305201,376.183528926605,3.9865951860609
226.9824346557,415.899767926561,3.89061191715417
426.713127880127,11.4146366339181,3.40782475358812
362.806975583014,292.472286126147,3.08022653073257
604.075959510464,108.19968824209,4.30047909882558
389.839718967408,226.423905942295,4.14299046704494
565.60890292566,407.911853361228,4.72231842042247
142.437930503034,280.705796725355,4.57941849341814
197.665283346696,369.980179341497,3.97904842236424
123.552618820742,408.528850045158,3.35379069219665
633.039917522262,314.700139357047,4.45021970866665
1.59958585686782,147.550547050834,4.27595453392934
545.841635530904,203.154976607983,4.3471133600875
33.2188599094927,492.686606245574,2.96499770367471
281.27192559947,21.5591635754709,3.92340364086885
532.036462832109,390.927631394107,3.43405466681732
74.9899183507568,80.1123188525226,5.28961363127122
4.33502907181747,77.2926768646148,3.476850257649
591.959049683061,228.045799821825,4.05757892182677
441.266105838601,459.115994496476,4.72446182768246
659.475136069269,373.811578235786,3.10088706158044
106.337421996901,490.700868557087,4.43661887604299
622.415211905908,85.6686898830193,4.08323893144662
421.168118117037,260.494940869915,3.58205125684767
10.0785461570395,180.132604638727,3.07424812848427
82.6333123314131,112.527622238471,4.83531542082884
609.847462428324,212.991873569009,3.9513470408262
260.620633641425,222.046082644551,3.88974509950536
566.938849282546,436.690876780911,3.83264120660852
301.258672597008,138.899589383058,3.951680641284
530.663077712279,459.045526492709,3.51832822440102
55.4864568421061,420.415757044446,3.8798615508595
200.898833891736,300.428025905149,3.84312493166128
548.806769024095,262.886548444463,3.79044893315522
174.079315532307,23.8705465826052,4.27755837701156
505.557522086826,341.220928204674,4.47818115487792
31.8068650651624,51.5134884791906,3.76567316637593
552.073469499663,137.568460591957,4.6367940120294
NA,NA,NA
660.70295606008,332.742790189687,3.46397697752005
454.1763419004,295.940377372331,3.71475933320092
10.986558777415,498.154734412703,3.57504408062674
559.910695504604,49.8641286354681,4.15213432507212
71.6261943305201,376.183528926605,3.9865951860609
226.9824346557,415.899767926561,3.89061191715417
426.713127880127,11.4146366339181,3.40782475358812
362.806975583014,292.472286126147,3.08022653073257
604.075959510464,108.19968824209,4.30047909882558
389.839718967408,226.423905942295,4.14299046704494
565.60890292566,407.911853361228,4.72231842042247
142.437930503034,280.705796725355,4.57941849341814
197.665283346696,369.980179341497,3.97904842236424
123.552618820742,408.528850045158,3.35379069219665
633.039917522262,314.700139357047,4.45021970866665
1.59958585686782,147.550547050834,4.27595453392934
545.841635530904,203.154976607983,4.3471133600875
33.2188599094927,492.686606245574,2.96499770367471
281.27192559947,21.5591635754709,3.92340364086885
532.036462832109,390.927631394107,3.43405466681732
74.9899183507568,80.1123188525226,5.28961363127122
4.33502907181747,77.2926768646148,3.476850257649
591.959049683061,228.045799821825,4.05757892182677
441.266105838601,459.115994496476,4.72446182768246
659.475136069269,373.811578235786,3.10088706158044
106.337421996901,490.700868557087,4.43661887604299
622.415211905908,85.6686898830193,4.08323893144662
421.168118117037,260.494940869915,3.58205125684767
10.0785461570395,180.132604638727,3.07424812848427
82.6333123314131,112.527622238471,4.83531542082884
609.847462428324,212.991873569009,3.9513470408262
260.620633641425,222.046082644551,3.88974509950536
566.938849282546,436.690876780911,3.83264120660852
301.258672597008,138.899589383058,3.951680641284
530.663077712279,459.045526492709,3.51832822440102
55.4864568421061,420.415757044446,3.8798615508595
200.898833891736,300.428025905149,3.84312493166128
548.806769024095,262.886548444463,3.79044893315522
174.079315532307,23.8705465826052,4.27755837701156
505.557522086826,341.220928204674,4.47818115487792
31.8068650651624,51.5134884791906,3.76567316637593
552.073469499663,137.568460591957,4.6367940120294
NA,NA,NA
660.70295606008,332.742790189687,3.46397697752005
454.1763419004,295.940377372331,3.71475933320092
10.986558777415,498.154734412703,3.57504408062674
559.910695504604,49.8641286354681,4.15213432507212
71.6261943305201,376.183528926605,3.9865951860609
226.9824346557,415.899767926561,3.89061191715417
426.713127880127,11.4146366339181,3.40782475358812
362.806975583014,292.472286126147,3.08022653073257
604.075959510464,108.19968824209,4.30047909882558
389.839718967408,226.423905942295,4.14299046704494
565.60890292566,407.911853361228,4.72231842042247
142.437930503034,280.705796725355,4.57941849341814
197.665283346696,369.980179341497,3.97904842236424
123.552618820742,408.528850045158,3.35379069219665
633.039917522262,314.700139357047,4.45021970866665
1.59958585686782,147.550547050834,4.27595453392934
545.841635530904,203.154976607983,4.3471133600875
33.2188599094927,492.686606245574,2.96499770367471
281.27192559947,21.5591635754709,3.92340364086885
532.036462832109,390.927631394107,3.43405466681732
74.9899183507568,80.1123188525226,5.28961363127122
4.33502907181747,77.2926768646148,3.476850257649
591.959049683061,228.045799821825,4.05757892182677
441.266105838601,459.115994496476,4.72446182768246
659.475136069269,373.811578235786,3.10088706158044
106.337421996901,490.700868557087,4.43661887604299
622.415211905908,85.6686898830193,4.08323893144662
421.168118117037,260.494940869915,3.58205125684767
10.0785461570395,180.132604638727,3.07424812848427
82.6333123314131,112.527622238471,4.83531542082884
609.847462428324,212.991873569009,3.9513470408262
260.620633641425,222.046082644551,3.88974509950536
566.938849282546,436.690876780911,3.83264120660852
301.258672597008,138.899589383058,3.951680641284
530.663077712279,459.045526492709,3.51832822440102
55.4864568421061,420.415757044446,3.8798615508595
200.898833891736,300.428025905149,3.84312493166128
548.806769024095,262.886548444463,3.79044893315522
174.079315532307,23.8705465826052,4.27755837701156
505.557522086826,341.220928204674,4.47818115487792
31.8068650651624,51.5134884791906,3.76567316637593
552.073469499663,137.568460591957,4.6367940120294
NA,NA,NA
660.70295606008,332.742790189687,3.46397697752005
454.1763419004,295.940377372331,3.71475933320092
10.986558777415,498.154734412703,3.57504408062674
559.910695504604,49.8641286354681,4.15213432507212
71.6261943305201,376.183528926605,3.9865951860609
226.9824346557,415.899767926561,3.89061191715417
426.713127880127,11.4146366339181,3.40782475358812
362.806975583014,292.472286126147,3.08022653073257
604.075959510464,108.19968824209,4.30047909882558
389.839718967408,226.423905942295,4.14299046704494
565.60890292566,407.911853361228,4.72231842042247
142.437930503034,280.705796725355,4.57941849341814
197.665283346696,369.980179341497,3.97904842236424
123.552618820742,408.528850045158,3.35379069219665
633.039917522262,314.700139357047,4.45021970866665
1.59958585686782,147.550547050834,4.27595453392934
545.841635530904,203.154976607983,4.3471133600875
33.2188599094927,492.686606245574,2.96499770367471
281.27192559947,21.5591635754709,3.92340364086885
532.036462832109,390.927631394107,3.43405466681732
74.9899183507568,80.1123188525226,5.28961363127122
4.33502907181747,77.2926768646148,3.476850257649
591.959049683061,228.045799821825,4.05757892182677
441.266105838601,459.115994496476,4.72446182768246
659.475136069269,373.811578235786,3.10088706158044
106.337421996901,490.700868557087,4.43661887604299
622.415211905908,85.6686898830193,4.08323893144662
421.168118117037,260.494940869915,3.58205125684767
10.0785461570395,180.132604638727,3.07424812848427
82.6333123314131,112.527622238471,4.83531542082884
609.847462428324,212.991873569009,3.9513470408262
260.620633641425,222.046082644551,3.88974509950536
566.938849282546,436.690876780911,3.83264120660852
301.258672597008,138.899589383058,3.951680641284
530.663077712279,459.045526492709,3.51832822440102
55.4864568421061,420.415757044446,3.8798615508595
200.898833891736,300.428025905149,3.84312493166128
548.806769024095,262.886548444463,3.79044893315522
174.079315532307,23.8705465826052,4.27755837701156
505.557522086826,341.220928204674,4.47818115487792
31.8068650651624,51.5134884791906,3.76567316637593
552.073469499663,137.568460591957,4.6367940120294
NA,NA,NA
660.70295606008,332.742790189687,3.46397697752005
454.1763419004,295.940377372331,3.71475933320092
10.986558777415,498.154734412703,3.57504408062674
559.910695504604,49.8641286354681,4.15213432507212
71.6261943305201,376.183528926605,3.9865951860609
226.9824346557,415.899767926561,3.89061191715417
426.713127880127,11.4146366339181,3.40782475358812
362.806975583014,292.472286126147,3.08022653073257
604.075959510464,108.19968824209,4.30047909882558
389.839718967408,226.423905942295,4.14299046704494
565.60890292566,407.911853361228,4.72231842042247
142.437930503034,280.705796725355,4.57941849341814
197.665283346696,369.980179341497,3.97904842236424
123.552618820742,408.528850045158,3.35379069219665
633.039917522262,314.700139357047,4.45021970866665
1.59958585686782,147.550547050834,4.27595453392934
545.841635530904,203.154976607983,4.3471133600875
33.2188599094927,492.686606245574,2.96499770367471
281.27192559947,21.5591635754709,3.92340364086885
532.036462832109,390.927631394107,3.43405466681732
74.9899183507568,80.1123188525226,5.28961363127122
4.33502907181747,77.2926768646148,3.476850257649
591.959049683061,228.045799821825,4.05757892182677
441.266105838601,459.115994496476,4.72446182768246
659.475136069269,373.811578235786,3.10088706158044
106.337421996901,490.700868557087,4.43661887604299
622.415211905908,85.6686898830193,4.08323893144662
421.168118117037,260.494940869915,3.58205125684767
10.0785461570395,180.132604638727,3.07424812848427
82.6333123314131,112.527622238471,4.83531542082884
609.847462428324,212.991873569009,3.9513470408262
260.620633641425,222.046082644551,3.88974509950536
566.938849282546,436.690876780911,3.83264120660852
301.258672597008,138.899589383058,3.951680641284
530.663077712279,459.045526492709,3.51832822440102
55.4864568421061,420.415757044446,3.8798615508595
200.898833891736,300.428025905149,3.84312493166128
548.806769024095,262.886548444463,3.79044893315522
174.079315532307,23.8705465826052,4.27755837701156
505.557522086826,341.220928204674,4.47818115487792
31.8068650651624,51.5134884791906,3.76567316637593
552.073469499663,137.568460591957,4.6367940120294
NA,NA,NA
658.610253493213,333.701680959631,3.51578106106398
456.913212364213,298.155701291879,3.6864812953928
8.89338190235704,497.655566368198,3.88289093353704
558.042633629473,51.3191116433545,4.22809019802372
71.8612775496732,376.574204621458,3.91630497321139
224.156220316004,415.023631245573,3.9022915237044
428.156150259201,13.2472691105044,3.20586737312559
361.657870003809,292.870462181155,2.96725781893305
603.874406706716,103.634150873097,4.14390314851346
399.567955875545,232.33550025028,4.2210027722228
569.260985236657,413.012317146627,4.67933176283125
139.346383770025,280.323914459753,4.56530756281886
193.966540202032,369.89522388618,4.03774230071124
129.499678613647,411.539190422746,3.47593725538941
627.783344419467,312.981840511734,4.5676478297138
2.88886848166044,144.451069179481,4.28453846994897
540.291395041545,205.947433248184,4.20984997996948
33.8089046177963,491.264719879495,3.03143577591869
284.024888428538,23.0576799892164,3.89352221958403
532.284566511762,390.581876341856,3.54578458436529
81.0131690885877,81.2534761289101,5.23020873850624
4.62791381920179,79.2978271165701,3.78938445194765
588.115741419544,223.5733755055,3.98389583169386
436.068591084689,462.037078544766,4.78018068683746
658.168550502842,373.570648523894,3.01440940568141
106.609889878159,490.369420325025,4.3529022512419
621.230762783333,89.7591507662709,4.05294591346574
418.584455594381,260.930622972512,3.65265421804346
9.62398631267701,179.603291333364,3.1976599513949
73.3275928405983,121.735051376591,4.46930389526595
612.783321872329,215.606713782812,4.49555957359235
257.113939074953,219.765501506102,3.80411970870257
565.82260811885,438.994061421894,3.83796963740394
298.700155248009,135.645797008421,3.84935738914881
535.987342104486,465.404887270971,3.70213985926637
46.8620718515609,416.140628754242,3.88674150803906
202.008809890195,295.214104965077,3.97898606660868
551.209405637077,265.163407506968,3.80428824861048
173.189050245749,32.3552229590277,4.5225609374445
487.58463994421,339.956519588337,4.40896887870234
41.4043823884912,50.8688956412801,4.21559761456377
534.926633996244,150.829638077193,4.92778055902991
NA,NA,NA
658.610253493213,333.701680959631,3.51578106106398
456.913212364213,298.155701291879,3.6864812953928
8.89338190235704,497.655566368198,3.88289093353704
558.042633629473,51.3191116433545,4.22809019802372
71.8612775496732,376.574204621458,3.91630497321139
224.156220316004,415.023631245573,3.9022915237044
428.156150259201,13.2472691105044,3.20586737312559
361.657870003809,292.870462181155,2.96725781893305
603.874406706716,103.634150873097,4.14390314851346
399.567955875545,232.33550025028,4.2210027722228
569.260985236657,413.012317146627,4.67933176283125
139.346383770025,280.323914459753,4.56530756281886
193.966540202032,369.89522388618,4.03774230071124
129.499678613647,411.539190422746,3.47593725538941
627.783344419467,312.981840511734,4.5676478297138
2.88886848166044,144.451069179481,4.28453846994897
540.291395041545,205.947433248184,4.20984997996948
33.8089046177963,491.264719879495,3.03143577591869
284.024888428538,23.0576799892164,3.89352221958403
532.284566511762,390.581876341856,3.54578458436529
81.0131690885877,81.2534761289101,5.23020873850624
4.62791381920179,79.2978271165701,3.78938445194765
588.115741419544,223.5733755055,3.98389583169386
436.068591084689,462.037078544766,4.78018068683746
658.168550502842,373.570648523894,3.01440940568141
106.609889878159,490.369420325025,4.3529022512419
621.230762783333,89.7591507662709,4.05294591346574
418.584455594381,260.930622972512,3.65265421804346
9.62398631267701,179.603291333364,3.1976599513949
73.3275928405983,121.735051376591,4.46930389526595
612.783321872329,215.606713782812,4.49555957359235
257.113939074953,219.765501506102,3.80411970870257
565.82260811885,438.994061421894,3.83796963740394
298.700155248009,135.645797008421,3.84935738914881
535.987342104486,465.404887270971,3.70213985926637
46.8620718515609,416.140628754242,3.88674150803906
202.008809890195,295.214104965077,3.97898606660868
551.209405637077,265.163407506968,3.80428824861048
173.189050245749,32.3552229590277,4.5225609374445
487.58463994421,339.956519588337,4.40896887870234
41.4043823884912,50.8688956412801,4.21559761456377
534.926633996244,150.829638077193,4.92778055902991
NA,NA,NA
658.610253493213,333.701680959631,3.51578106106398
456.913212364213,298.155701291879,3.6864812953928
8.89338190235704,497.655566368198,3.88289093353704
558.042633629473,51.3191116433545,4.22809019802372
71.8612775496732,376.574204621458,3.91630497321139
224.156220316004,415.023631245573,3.9022915237044
428.156150259201,13.2472691105044,3.20586737312559
361.657870003809,292.870462181155,2.96725781893305
603.874406706716,103.634150873097,4.14390314851346
399.567955875545,232.33550025028,4.2210027722228
569.260985236657,413.012317146627,4.67933176283125
139.346383770025,280.323914459753,4.56530756281886
193.966540202032,369.89522388618,4.03774230071124
129.499678613647,411.539190422746,3.47593725538941
627.783344419467,312.981840511734,4.5676478297138
2.88886848166044,144.451069179481,4.28453846994897
540.291395041545,205.947433248184,4.20984997996948
33.8089046177963,491.264719879495,3.03143577591869
284.024888428538,23.0576799892164,3.89352221958403
532.284566511762,390.581876341856,3.54578458436529
81.0131690885877,81.2534761289101,5.23020873850624
4.62791381920179,79.2978271165701,3.78938445194765
588.115741419544,223.5733755055,3.98389583169386
436.068591084689,462.037078544766,4.78018068683746
658.168550502842,373.570648523894,3.01440940568141
106.609889878159,490.369420325025,4.3529022512419
621.230762783333,89.7591507662709,4.05294591346574
418.584455594381,260.930622972512,3.65265421804346
9.62398631267701,179.603291333364,3.1976599513949
73.3275928405983,121.735051376591,4.46930389526595
612.783321872329,215.606713782812,4.49555957359235
257.113939074953,219.765501506102,3.80411970870257
565.82260811885,438.994061421894,3.83796963740394
298.700155248009,135.645797008421,3.84935738914881
535.987342104486,465.404887270971,3.70213985926637
46.8620718515609,416.140628754242,3.88674150803906
202.008809890195,295.214104965077,3.97898606660868
551.209405637077,265.163407506968,3.80428824861048
173.189050245749,32.3552229590277,4.5225609374445
487.58463994421,339.956519588337,4.40896887870234
41.4043823884912,50.8688956412801,4.21559761456377
534.926633996244,150.829638077193,4.92778055902991
NA,NA,NA
658.610253493213,333.701680959631,3.51578106106398
456.913212364213,298.155701291879,3.6864812953928
8.89338190235704,497.655566368198,3.88289093353704
558.042633629473,51.3191116433545,4.22809019802372
71.8612775496732,376.574204621458,3.91630497321139
224.156220316004,415.023631245573,3.9022915237044
428.156150259201,13.2472691105044,3.20586737312559
361.657870003809,292.870462181155,2.96725781893305
603.874406706716,103.634150873097,4.14390314851346
399.567955875545,232.33550025028,4.2210027722228
569.260985236657,413.012317146627,4.67933176283125
139.346383770025,280.323914459753,4.56530756281886
193.966540202032,369.89522388618,4.03774230071124
129.499678613647,411.539190422746,3.47593725538941
627.783344419467,312.981840511734,4.5676478297138
2.88886848166044,144.451069179481,4.28453846994897
540.291395041545,205.947433248184,4.20984997996948
33.8089046177963,491.264719879495,3.03143577591869
284.024888428538,23.0576799892164,3.89352221958403
532.284566511762,390.581876341856,3.54578458436529
81.0131690885877,81.2534761289101,5.23020873850624
4.62791381920179,79.2978271165701,3.78938445194765
588.115741419544,223.5733755055,3.98389583169386
436.068591084689,462.037078544766,4.78018068683746
658.168550502842,373.570648523894,3.01440940568141
106.609889878159,490.369420325025,4.3529022512419
621.230762783333,89.7591507662709,4.05294591346574
418.584455594381,260.930622972512,3.65265421804346
9.62398631267701,179.603291333364,3.1976599513949
73.3275928405983,121.735051376591,4.46930389526595
612.783321872329,215.606713782812,4.49555957359235
257.113939074953,219.765501506102,3.80411970870257
565.82260811885,438.994061421894,3.83796963740394
298.700155248009,135.645797008421,3.84935738914881
535.987342104486,465.404887270971,3.70213985926637
46.8620718515609,416.140628754242,3.88674150803906
202.008809890195,295.214104965077,3.97898606660868
551.209405637077,265.163407506968,3.80428824861048
173.189050245749,32.3552229590277,4.5225609374445
487.58463994421,339.956519588337,4.40896887870234
41.4043823884912,50.8688956412801,4.21559761456377
534.926633996244,150.829638077193,4.92778055902991
NA,NA,NA
658.610253493213,333.701680959631,3.51578106106398
456.913212364213,298.155701291879,3.6864812953928
8.89338190235704,497.655566368198,3.88289093353704
558.042633629473,51.3191116433545,4.22809019802372
71.8612775496732,376.574204621458,3.91630497321139
224.156220316004,415.023631245573,3.9022915237044
428.156150259201,13.2472691105044,3.20586737312559
361.657870003809,292.870462181155,2.96725781893305
603.874406706716,103.634150873097,4.14390314851346
399.567955875545,232.33550025028,4.2210027722228
569.260985236657,413.012317146627,4.67933176283125
139.346383770025,280.323914459753,4.56530756281886
193.966540202032,369.89522388618,4.03774230071124
129.499678613647,411.539190422746,3.47593725538941
627.783344419467,312.981840511734,4.5676478297138
2.88886848166044,144.451069179481,4.28453846994897
540.291395041545,205.947433248184,4.20984997996948
33.8089046177963,491.264719879495,3.03143577591869
284.024888428538,23.0576799892164,3.89352221958403
532.284566511762,390.581876341856,3.54578458436529
81.0131690885877,81.2534761289101,5.23020873850624
4.62791381920179,79.2978271165701,3.78938445194765
588.115741419544,223.5733755055,3.98389583169386
436.068591084689,462.037078544766,4.78018068683746
658.168550502842,373.570648523894,3.01440940568141
106.609889878159,490.369420325025,4.3529022512419
621.230762783333,89.7591507662709,4.05294591346574
418.584455594381,260.930622972512,3.65265421804346
9.62398631267701,179.603291333364,3.1976599513949
73.3275928405983,121.735051376591,4.46930389526595
612.783321872329,215.606713782812,4.49555957359235
257.113939074953,219.765501506102,3.80411970870257
565.82260811885,438.994061421894,3.83796963740394
298.700155248009,135.645797008421,3.84935738914881
535.987342104486,465.404887270971,3.70213985926637
46.8620718515609,416.140628754242,3.88674150803906
202.008809890195,295.214104965077,3.97898606660868
551.209405637077,265.163407506968,3.80428824861048
173.189050245749,32.3552229590277,4.5225609374445
487.58463994421,339.956519588337,4.40896887870234
41.4043823884912,50.8688956412801,4.21559761456377
534.926633996244,150.829638077193,4.92778055902991
NA,NA,NA
658.610253493213,333.701680959631,3.51578106106398
456.913212364213,298.155701291879,3.6864812953928
8.89338190235704,497.655566368198,3.88289093353704
558.042633629473,51.3191116433545,4.22809019802372
71.8612775496732,376.574204621458,3.91630497321139
224.156220316004,415.023631245573,3.9022915237044
428.156150259201,13.2472691105044,3.20586737312559
361.657870003809,292.870462181155,2.96725781893305
603.874406706716,103.634150873097,4.14390314851346
399.567955875545,232.33550025028,4.2210027722228
569.260985236657,413.012317146627,4.67933176283125
139.346383770025,280.323914459753,4.56530756281886
193.966540202032,369.89522388618,4.03774230071124
129.499678613647,411.539190422746,3.47593725538941
627.783344419467,312.981840511734,4.5676478297138
2.88886848166044,144.451069179481,4.28453846994897
540.291395041545,205.947433248184,4.20984997996948
33.8089046177963,491.264719879495,3.03143577591869
284.024888428538,23.0576799892164,3.89352221958403
532.284566511762,390.581876341856,3.54578458436529
81.0131690885877,81.2534761289101,5.23020873850624
4.62791381920179,79.2978271165701,3.78938445194765
588.115741419544,223.5733755055,3.98389583169386
436.068591084689,462.037078544766,4.78018068683746
658.168550502842,373.570648523894,3.01440940568141
106.609889878159,490.369420325025,4.3529022512419
621.230762783333,89.7591507662709,4.05294591346574
418.584455594381,260.930622972512,3.65265421804346
9.62398631267701,179.603291333364,3.1976599513949
73.3275928405983,121.735051376591,4.46930389526595
612.783321872329,215.606713782812,4.49555957359235
257.113939074953,219.765501506102,3.80411970870257
565.82260811885,438.994061421894,3.83796963740394
298.700155248009,135.645797008421,3.84935738914881
535.987342104486,465.404887270971,3.70213985926637
46.8620718515609,416.140628754242,3.88674150803906
202.008809890195,295.214104965077,3.97898606660868
551.209405637077,265.163407506968,3.80428824861048
173.189050245749,32.3552229590277,4.5225609374445
487.58463994421,339.956519588337,4.40896887870234
41.4043823884912,50.8688956412801,4.21559761456377
534.926633996244,150.829638077193,4.92778055902991
NA,NA,NA
659.870614930299,331.043838993484,3.4504796090407
457.372072168369,297.984098601821,3.48470559442462
12.9207204765402,497.087910485242,3.65470230052
556.881491030894,47.9725566050953,4.32169774632119
66.5366614675583,376.587160454526,3.9127798761534
230.697932368121,412.445913954942,3.92337933017516
431.381280770855,10.7921550943869,3.13541808384553
360.412271607072,288.866785818227,3.00554834759455
605.834854638004,109.808975886377,4.32167557750521
392.594155010843,228.935791892974,4.28599271430475
561.20497249203,415.216097155819,4.72495454590361
141.613897696146,282.550891601866,4.53710933062167
201.208412474987,360.381885903001,4.03099838321132
123.873089798442,411.109558955574,3.28870025017796
629.056579337531,301.558216911186,4.55497684809298
2.83381957980814,153.006111141322,4.21684576111579
543.086670149437,203.009559121638,4.18292110759395
31.1255484714823,493.406817994144,3.07988700558189
278.98702121771,21.2879736455534,3.89627630172571
532.749704840707,392.742629471917,3.52917427416551
66.4433466214291,83.2357643371505,5.26892108740724
3.6834267334213,75.2663345286929,3.54587860163228
584.684184414067,228.450821088031,3.97837373723316
434.662944057239,457.768501911851,4.80881203149284
658.658507753816,371.557091576919,3.03409731343119
101.648208171407,485.888805736104,4.35952825904134
628.557647036904,87.3913093836821,4.06834265281919
420.859644944442,261.268677865625,3.61195379203362
12.6861856816621,178.758565573542,3.27691043465035
60.5091332069835,115.855498423643,4.35185561487623
612.087618728655,193.575921507683,3.99769178494112
256.323473600777,216.418326014937,3.55885756975619
575.711390752471,439.463569179944,3.83582851560097
300.358120079224,136.745042884903,3.92758526509649
528.39000374155,452.419491185012,3.78001073650806
51.1459432604678,420.267132966462,4.16026315093632
202.482200364318,275.686969762182,4.14513256830815
555.285181106466,270.708367419539,3.83743810201784
158.114456698243,35.8497909076458,4.04095224092516
500.913271886906,345.763432839451,4.20200820793654
45.099736679363,48.0005658147849,3.59682002433176
527.336927824659,153.785741709293,5.02705987991263
NA,NA,NA
659.870614930299,331.043838993484,3.4504796090407
457.372072168369,297.984098601821,3.48470559442462
12.9207204765402,497.087910485242,3.65470230052
556.881491030894,47.9725566050953,4.32169774632119
66.5366614675583,376.587160454526,3.9127798761534
230.697932368121,412.445913954942,3.92337933017516
431.381280770855,10.7921550943869,3.13541808384553
360.412271607072,288.866785818227,3.00554834759455
605.834854638004,109.808975886377,4.32167557750521
392.594155010843,228.935791892974,4.28599271430475
561.20497249203,415.216097155819,4.72495454590361
141.613897696146,282.550891601866,4.53710933062167
201.208412474987,360.381885903001,4.03099838321132
123.873089798442,411.109558955574,3.28870025017796
629.056579337531,301.558216911186,4.55497684809298
2.83381957980814,153.006111141322,4.21684576111579
543.086670149437,203.009559121638,4.18292110759395
31.1255484714823,493.406817994144,3.07988700558189
278.98702121771,21.2879736455534,3.89627630172571
532.749704840707,392.742629471917,3.52917427416551
66.4433466214291,83.2357643371505,5.26892108740724
3.6834267334213,75.2663345286929,3.54587860163228
584.684184414067,228.450821088031,3.97837373723316
434.662944057239,457.768501911851,4.80881203149284
658.658507753816,371.557091576919,3.03409731343119
101.648208171407,485.888805736104,4.35952825904134
628.557647036904,87.3913093836821,4.06834265281919
420.859644944442,261.268677865625,3.61195379203362
12.6861856816621,178.758565573542,3.27691043465035
60.5091332069835,115.855498423643,4.35185561487623
612.087618728655,193.575921507683,3.99769178494112
256.323473600777,216.418326014937,3.55885756975619
575.711390752471,439.463569179944,3.83582851560097
300.358120079224,136.745042884903,3.92758526509649
528.39000374155,452.419491185012,3.78001073650806
51.1459432604678,420.267132966462,4.16026315093632
202.482200364318,275.686969762182,4.14513256830815
555.285181106466,270.708367419539,3.83743810201784
158.114456698243,35.8497909076458,4.04095224092516
500.913271886906,345.763432839451,4.20200820793654
45.099736679363,48.0005658147849,3.59682002433176
527.336927824659,153.785741709293,5.02705987991263
NA,NA,NA
659.870614930299,331.043838993484,3.4504796090407
457.372072168369,297.984098601821,3.48470559442462
12.9207204765402,497.087910485242,3.65470230052
556.881491030894,47.9725566050953,4.32169774632119
66.5366614675583,376.587160454526,3.9127798761534
230.697932368121,412.445913954942,3.92337933017516
431.381280770855,10.7921550943869,3.13541808384553
360.412271607072,288.866785818227,3.00554834759455
605.834854638004,109.808975886377,4.32167557750521
392.594155010843,228.935791892974,4.28599271430475
561.20497249203,415.216097155819,4.72495454590361
141.613897696146,282.550891601866,4.53710933062167
201.208412474987,360.381885903001,4.03099838321132
123.873089798442,411.109558955574,3.28870025017796
629.056579337531,301.558216911186,4.55497684809298
2.83381957980814,153.006111141322,4.21684576111579
543.086670149437,203.009559121638,4.18292110759395
31.1255484714823,493.406817994144,3.07988700558189
278.98702121771,21.2879736455534,3.89627630172571
532.749704840707,392.742629471917,3.52917427416551
66.4433466214291,83.2357643371505,5.26892108740724
3.6834267334213,75.2663345286929,3.54587860163228
584.684184414067,228.450821088031,3.97837373723316
434.662944057239,457.768501911851,4.80881203149284
658.658507753816,371.557091576919,3.03409731343119
101.648208171407,485.888805736104,4.35952825904134
628.557647036904,87.3913093836821,4.06834265281919
420.859644944442,261.268677865625,3.61195379203362
12.6861856816621,178.758565573542,3.27691043465035
60.5091332069835,115.855498423643,4.35185561487623
612.087618728655,193.575921507683,3.99769178494112
256.323473600777,216.418326014937,3.55885756975619
575.711390752471,439.463569179944,3.83582851560097
300.358120079224,136.745042884903,3.92758526509649
528.39000374155,452.419491185012,3.78001073650806
51.1459432604678,420.267132966462,4.16026315093632
202.482200364318,275.686969762182,4.14513256830815
555.285181106466,270.708367419539,3.83743810201784
158.114456698243,35.8497909076458,4.04095224092516
500.913271886906,345.763432839451,4.20200820793654
45.099736679363,48.0005658147849,3.59682002433176
527.336927824659,153.785741709293,5.02705987991263
NA,NA,NA
659.870614930299,331.043838993484,3.4504796090407
457.372072168369,297.984098601821,3.48470559442462
12.9207204765402,497.087910485242,3.65470230052
556.881491030894,47.9725566050953,4.32169774632119
66.5366614675583,376.587160454526,3.9127798761534
230.697932368121,412.445913954942,3.92337933017516
431.381280770855,10.7921550943869,3.13541808384553
360.412271607072,288.866785818227,3.00554834759455
605.834854638004,109.808975886377,4.32167557750521
392.594155010843,228.935791892974,4.28599271430475
561.20497249203,415.216097155819,4.72495454590361
141.613897696146,282.550891601866,4.53710933062167
201.208412474987,360.381885903001,4.03099838321132
123.873089798442,411.109558955574,3.28870025017796
629.056579337531,301.558216911186,4.55497684809298
2.83381957980814,153.006111141322,4.21684576111579
543.086670149437,203.009559121638,4.18292110759395
31.1255484714823,493.406817994144,3.07988700558189
278.98702121771,21.2879736455534,3.89627630172571
532.749704840707,392.742629471917,3.52917427416551
66.4433466214291,83.2357643371505,5.26892108740724
3.6834267334213,75.2663345286929,3.54587860163228
584.684184414067,228.450821088031,3.97837373723316
434.662944057239,457.768501911851,4.80881203149284
658.658507753816,371.557091576919,3.03409731343119
101.648208171407,485.888805736104,4.35952825904134
628.557647036904,87.3913093836821,4.06834265281919
420.859644944442,261.268677865625,3.61195379203362
12.6861856816621,178.758565573542,3.27691043465035
60.5091332069835,115.855498423643,4.35185561487623
612.087618728655,193.575921507683,3.99769178494112
256.323473600777,216.418326014937,3.55885756975619
575.711390752471,439.463569179944,3.83582851560097
300.358120079224,136.745042884903,3.92758526509649
528.39000374155,452.419491185012,3.78001073650806
51.1459432604678,420.267132966462,4.16026315093632
202.482200364318,275.686969762182,4.14513256830815
555.285181106466,270.708367419539,3.83743810201784
158.114456698243,35.8497909076458,4.04095224092516
500.913271886906,345.763432839451,4.20200820793654
45.099736679363,48.0005658147849,3.59682002433176
527.336927824659,153.785741709293,5.02705987991263
NA,NA,NA
659.870614930299,331.043838993484,3.4504796090407
457.372072168369,297.984098601821,3.48470559442462
12.9207204765402,497.087910485242,3.65470230052
556.881491030894,47.9725566050953,4.32169774632119
66.5366614675583,376.587160454526,3.9127798761534
230.697932368121,412.445913954942,3.92337933017516
431.381280770855,10.7921550943869,3.13541808384553
360.412271607072,288.866785818227,3.00554834759455
605.834854638004,109.808975886377,4.32167557750521
392.594155010843,228.935791892974,4.28599271430475
561.20497249203,415.216097155819,4.72495454590361
141.613897696146,282.550891601866,4.53710933062167
201.208412474987,360.381885903001,4.03099838321132
123.873089798442,411.109558955574,3.28870025017796
629.056579337531,301.558216911186,4.55497684809298
2.83381957980814,153.006111141322,4.21684576111579
543.086670149437,203.009559121638,4.18292110759395
31.1255484714823,493.406817994144,3.07988700558189
278.98702121771,21.2879736455534,3.89627630172571
532.749704840707,392.742629471917,3.52917427416551
66.4433466214291,83.2357643371505,5.26892108740724
3.6834267334213,75.2663345286929,3.54587860163228
584.684184414067,228.450821088031,3.97837373723316
434.662944057239,457.768501911851,4.80881203149284
658.658507753816,371.557091576919,3.03409731343119
101.648208171407,485.888805736104,4.35952825904134
628.557647036904,87.3913093836821,4.06834265281919
420.859644944442,261.268677865625,3.61195379203362
12.6861856816621,178.758565573542,3.27691043465035
60.5091332069835,115.855498423643,4.35185561487623
612.087618728655,193.575921507683,3.99769178494112
256.323473600777,216.418326014937,3.55885756975619
575.711390752471,439.463569179944,3.83582851560097
300.358120079224,136.745042884903,3.92758526509649
528.39000374155,452.419491185012,3.78001073650806
51.1459432604678,420.267132966462,4.16026315093632
202.482200364318,275.686969762182,4.14513256830815
555.285181106466,270.708367419539,3.83743810201784
158.114456698243,35.8497909076458,4.04095224092516
500.913271886906,345.763432839451,4.20200820793654
45.099736679363,48.0005658147849,3.59682002433176
527.336927824659,153.785741709293,5.02705987991263
NA,NA,NA
659.870614930299,331.043838993484,3.4504796090407
457.372072168369,297.984098601821,3.48470559442462
12.9207204765402,497.087910485242,3.65470230052
556.881491030894,47.9725566050953,4.32169774632119
66.5366614675583,376.587160454526,3.9127798761534
230.697932368121,412.445913954942,3.92337933017516
431.381280770855,10.7921550943869,3.13541808384553
360.412271607072,288.866785818227,3.00554834759455
605.834854638004,109.808975886377,4.32167557750521
392.594155010843,228.935791892974,4.28599271430475
561.20497249203,415.216097155819,4.72495454590361
141.613897696146,282.550891601866,4.53710933062167
201.208412474987,360.381885903001,4.03099838321132
123.873089798442,411.109558955574,3.28870025017796
629.056579337531,301.558216911186,4.55497684809298
2.83381957980814,153.006111141322,4.21684576111579
543.086670149437,203.009559121638,4.18292110759395
31.1255484714823,493.406817994144,3.07988700558189
278.98702121771,21.2879736455534,3.89627630172571
532.749704840707,392.742629471917,3.52917427416551
66.4433466214291,83.2357643371505,5.26892108740724
3.6834267334213,75.2663345286929,3.54587860163228
584.684184414067,228.450821088031,3.97837373723316
434.662944057239,457.768501911851,4.80881203149284
658.658507753816,371.557091576919,3.03409731343119
101.648208171407,485.888805736104,4.35952825904134
628.557647036904,87.3913093836821,4.06834265281919
420.859644944442,261.268677865625,3.61195379203362
12.6861856816621,178.758565573542,3.27691043465035
60.5091332069835,115.855498423643,4.35185561487623
612.087618728655,193.575921507683,3.99769178494112
256.323473600777,216.418326014937,3.55885756975619
575.711390752471,439.463569179944,3.83582851560097
300.358120079224,136.745042884903,3.92758526509649
528.39000374155,452.419491185012,3.78001073650806
51.1459432604678,420.267132966462,4.16026315093632
202.482200364318,275.686969762182,4.14513256830815
555.285181106466,270.708367419539,3.83743810201784
158.114456698243,35.8497909076458,4.04095224092516
500.913271886906,345.763432839451,4.20200820793654
45.099736679363,48.0005658147849,3.59682002433176
527.336927824659,153.785741709293,5.02705987991263
NA,NA,NA
656.98889319824,331.958010304547,3.39892318320153
454.223946424544,298.639082477111,3.76160755236724
8.6973363918701,493.46148653043,3.4532045719569
558.861631917438,48.3962158254964,4.13095368796783
75.4696905165582,371.714271757349,4.01835934389688
226.519026552071,410.287005999221,3.86717453337273
426.192213715104,12.2642159931319,3.29354590052957
362.365019785604,295.408009736633,2.9950329460669
603.469015649093,107.37000939947,4.31250341244807
390.433166953262,228.825108930134,4.30168220694019
570.264325891035,406.20359730212,4.71499438708568
141.857162215144,282.37883399008,4.45017271606289
196.083603309218,368.990511408969,4.04411362684205
125.183250267142,412.850266093873,3.43253380118978
624.501634076396,309.018308401923,4.58068260870518
-0.0912930411891746,148.01394555988,4.3191021040232
545.703330422168,202.911000590728,4.18313689321524
34.7074252400526,492.151727969946,3.07084362896861
279.739525001598,18.5941747073779,3.83875084942218
531.747166138485,394.933062501616,3.27638426376834
74.8945810420312,79.5321222123691,5.28512986127076
2.79290437853534,76.3333228160925,3.42003378023428
591.462357849438,223.004802262763,3.98624931467647
442.483171452939,458.68439229066,4.79452656188027
658.825928563546,373.354689870252,3.02104255019411
106.541915498868,483.868365466935,4.45780926652714
627.312380360026,84.2542367028746,4.00772320584461
421.88054505994,257.023916859274,3.62176078488594
10.676162767257,182.634215953551,3.17674352183173
62.2106385148277,114.743954130058,4.47142882424435
614.269474253618,199.819106393974,3.85043486638388
260.834482576067,218.552422227871,3.80300214793718
576.726113622244,438.09396068746,3.80095877027685
300.667333281241,140.800940562273,3.76756340030123
527.84346700348,460.79339372473,3.61131030421309
51.8988325957897,421.799925551503,3.86311694143262
214.503716921419,286.86209924256,4.21070861058536
551.628146042997,262.833878974016,3.83452753075379
172.47212955,30.3678242235973,4.51657478718064
503.447013843304,344.835390751963,4.52736420164347
43.5547937881776,50.2389192142865,3.78759453227242
538.782826722358,139.117663412039,4.43289883769663
NA,NA,NA
656.98889319824,331.958010304547,3.39892318320153
454.223946424544,298.639082477111,3.76160755236724
8.6973363918701,493.46148653043,3.4532045719569
558.861631917438,48.3962158254964,4.13095368796783
75.4696905165582,371.714271757349,4.01835934389688
226.519026552071,410.287005999221,3.86717453337273
426.192213715104,12.2642159931319,3.29354590052957
362.365019785604,295.408009736633,2.9950329460669
603.469015649093,107.37000939947,4.31250341244807
390.433166953262,228.825108930134,4.30168220694019
570.264325891035,406.20359730212,4.71499438708568
141.857162215144,282.37883399008,4.45017271606289
196.083603309218,368.990511408969,4.04411362684205
125.183250267142,412.850266093873,3.43253380118978
624.501634076396,309.018308401923,4.58068260870518
-0.0912930411891746,148.01394555988,4.3191021040232
545.703330422168,202.911000590728,4.18313689321524
34.7074252400526,492.151727969946,3.07084362896861
279.739525001598,18.5941747073779,3.83875084942218
531.747166138485,394.933062501616,3.27638426376834
74.8945810420312,79.5321222123691,5.28512986127076
2.79290437853534,76.3333228160925,3.42003378023428
591.462357849438,223.004802262763,3.98624931467647
442.483171452939,458.68439229066,4.79452656188027
658.825928563546,373.354689870252,3.02104255019411
106.541915498868,483.868365466935,4.45780926652714
627.312380360026,84.2542367028746,4.00772320584461
421.88054505994,257.023916859274,3.62176078488594
10.676162767257,182.634215953551,3.17674352183173
62.2106385148277,114.743954130058,4.47142882424435
614.269474253618,199.819106393974,3.85043486638388
260.834482576067,218.552422227871,3.80300214793718
576.726113622244,438.09396068746,3.80095877027685
300.667333281241,140.800940562273,3.76756340030123
527.84346700348,460.79339372473,3.61131030421309
51.8988325957897,421.799925551503,3.86311694143262
214.503716921419,286.86209924256,4.21070861058536
551.628146042997,262.833878974016,3.83452753075379
172.47212955,30.3678242235973,4.51657478718064
503.447013843304,344.835390751963,4.52736420164347
43.5547937881776,50.2389192142865,3.78759453227242
538.782826722358,139.117663412039,4.43289883769663
NA,NA,NA
656.98889319824,331.958010304547,3.39892318320153
454.223946424544,298.639082477111,3.76160755236724
8.6973363918701,493.46148653043,3.4532045719569
558.861631917438,48.3962158254964,4.13095368796783
75.4696905165582,371.714271757349,4.01835934389688
226.519026552071,410.287005999221,3.86717453337273
426.192213715104,12.2642159931319,3.29354590052957
362.365019785604,295.408009736633,2.9950329460669
603.469015649093,107.37000939947,4.31250341244807
390.433166953262,228.825108930134,4.30168220694019
570.264325891035,406.20359730212,4.71499438708568
141.857162215144,282.37883399008,4.45017271606289
196.083603309218,368.990511408969,4.04411362684205
125.183250267142,412.850266093873,3.43253380118978
624.501634076396,309.018308401923,4.58068260870518
-0.0912930411891746,148.01394555988,4.3191021040232
545.703330422168,202.911000590728,4.18313689321524
34.7074252400526,492.151727969946,3.07084362896861
279.739525001598,18.5941747073779,3.83875084942218
531.747166138485,394.933062501616,3.27638426376834
74.8945810420312,79.5321222123691,5.28512986127076
2.79290437853534,76.3333228160925,3.42003378023428
591.462357849438,223.004802262763,3.98624931467647
442.483171452939,458.68439229066,4.79452656188027
658.825928563546,373.354689870252,3.02104255019411
106.541915498868,483.868365466935,4.45780926652714
627.312380360026,84.2542367028746,4.00772320584461
421.88054505994,257.023916859274,3.62176078488594
10.676162767257,182.634215953551,3.17674352183173
62.2106385148277,114.743954130058,4.47142882424435
614.269474253618,199.819106393974,3.85043486638388
260.834482576067,218.552422227871,3.80300214793718
576.726113622244,438.09396068746,3.80095877027685
300.667333281241,140.800940562273,3.76756340030123
527.84346700348,460.79339372473,3.61131030421309
51.8988325957897,421.799925551503,3.86311694143262
214.503716921419,286.86209924256,4.21070861058536
551.628146042997,262.833878974016,3.83452753075379
172.47212955,30.3678242235973,4.51657478718064
503.447013843304,344.835390751963,4.52736420164347
43.5547937881776,50.2389192142865,3.78759453227242
538.782826722358,139.117663412039,4.43289883769663
NA,NA,NA
656.98889319824,331.958010304547,3.39892318320153
454.223946424544,298.639082477111,3.76160755236724
8.6973363918701,493.46148653043,3.4532045719569
558.861631917438,48.3962158254964,4.13095368796783
75.4696905165582,371.714271757349,4.01835934389688
226.519026552071,410.287005999221,3.86717453337273
426.192213715104,12.2642159931319,3.29354590052957
362.365019785604,295.408009736633,2.9950329460669
603.469015649093,107.37000939947,4.31250341244807
390.433166953262,228.825108930134,4.30168220694019
570.264325891035,406.20359730212,4.71499438708568
141.857162215144,282.37883399008,4.45017271606289
196.083603309218,368.990511408969,4.04411362684205
125.183250267142,412.850266093873,3.43253380118978
624.501634076396,309.018308401923,4.58068260870518
-0.0912930411891746,148.01394555988,4.3191021040232
545.703330422168,202.911000590728,4.18313689321524
34.7074252400526,492.151727969946,3.07084362896861
279.739525001598,18.5941747073779,3.83875084942218
531.747166138485,394.933062501616,3.27638426376834
74.8945810420312,79.5321222123691,5.28512986127076
2.79290437853534,76.3333228160925,3.42003378023428
591.462357849438,223.004802262763,3.98624931467647
442.483171452939,458.68439229066,4.79452656188027
658.825928563546,373.354689870252,3.02104255019411
106.541915498868,483.868365466935,4.45780926652714
627.312380360026,84.2542367028746,4.00772320584461
421.88054505994,257.023916859274,3.62176078488594
10.676162767257,182.634215953551,3.17674352183173
62.2106385148277,114.743954130058,4.47142882424435
614.269474253618,199.819106393974,3.85043486638388
260.834482576067,218.552422227871,3.80300214793718
576.726113622244,438.09396068746,3.80095877027685
300.667333281241,140.800940562273,3.76756340030123
527.84346700348,460.79339372473,3.61131030421309
51.8988325957897,421.799925551503,3.86311694143262
214.503716921419,286.86209924256,4.21070861058536
551.628146042997,262.833878974016,3.83452753075379
172.47212955,30.3678242235973,4.51657478718064
503.447013843304,344.835390751963,4.52736420164347
43.5547937881776,50.2389192142865,3.78759453227242
538.782826722358,139.117663412039,4.43289883769663
NA,NA,NA
656.98889319824,331.958010304547,3.39892318320153
454.223946424544,298.639082477111,3.76160755236724
8.6973363918701,493.46148653043,3.4532045719569
558.861631917438,48.3962158254964,4.13095368796783
75.4696905165582,371.714271757349,4.01835934389688
226.519026552071,410.287005999221,3.86717453337273
426.192213715104,12.2642159931319,3.29354590052957
362.365019785604,295.408009736633,2.9950329460669
603.469015649093,107.37000939947,4.31250341244807
390.433166953262,228.825108930134,4.30168220694019
570.264325891035,406.20359730212,4.71499438708568
141.857162215144,282.37883399008,4.45017271606289
196.083603309218,368.990511408969,4.04411362684205
125.183250267142,412.850266093873,3.43253380118978
624.501634076396,309.018308401923,4.58068260870518
-0.0912930411891746,148.01394555988,4.3191021040232
545.703330422168,202.911000590728,4.18313689321524
34.7074252400526,492.151727969946,3.07084362896861
279.739525001598,18.5941747073779,3.83875084942218
531.747166138485,394.933062501616,3.27638426376834
74.8945810420312,79.5321222123691,5.28512986127076
2.79290437853534,76.3333228160925,3.42003378023428
591.462357849438,223.004802262763,3.98624931467647
442.483171452939,458.68439229066,4.79452656188027
658.825928563546,373.354689870252,3.02104255019411
106.541915498868,483.868365466935,4.45780926652714
627.312380360026,84.2542367028746,4.00772320584461
421.88054505994,257.023916859274,3.62176078488594
10.676162767257,182.634215953551,3.17674352183173
62.2106385148277,114.743954130058,4.47142882424435
614.269474253618,199.819106393974,3.85043486638388
260.834482576067,218.552422227871,3.80300214793718
576.726113622244,438.09396068746,3.80095877027685
300.667333281241,140.800940562273,3.76756340030123
527.84346700348,460.79339372473,3.61131030421309
51.8988325957897,421.799925551503,3.86311694143262
214.503716921419,286.86209924256,4.21070861058536
551.628146042997,262.833878974016,3.83452753075379
172.47212955,30.3678242235973,4.51657478718064
503.447013843304,344.835390751963,4.52736420164347
43.5547937881776,50.2389192142865,3.78759453227242
538.782826722358,139.117663412039,4.43289883769663
NA,NA,NA
656.98889319824,331.958010304547,3.39892318320153
454.223946424544,298.639082477111,3.76160755236724
8.6973363918701,493.46148653043,3.4532045719569
558.861631917438,48.3962158254964,4.13095368796783
75.4696905165582,371.714271757349,4.01835934389688
226.519026552071,410.287005999221,3.86717453337273
426.192213715104,12.2642159931319,3.29354590052957
362.365019785604,295.408009736633,2.9950329460669
603.469015649093,107.37000939947,4.31250341244807
390.433166953262,228.825108930134,4.30168220694019
570.264325891035,406.20359730212,4.71499438708568
141.857162215144,282.37883399008,4.45017271606289
196.083603309218,368.990511408969,4.04411362684205
125.183250267142,412.850266093873,3.43253380118978
624.501634076396,309.018308401923,4.58068260870518
-0.0912930411891746,148.01394555988,4.3191021040232
545.703330422168,202.911000590728,4.18313689321524
34.7074252400526,492.151727969946,3.07084362896861
279.739525001598,18.5941747073779,3.83875084942218
531.747166138485,394.933062501616,3.27638426376834
74.8945810420312,79.5321222123691,5.28512986127076
2.79290437853534,76.3333228160925,3.42003378023428
591.462357849438,223.004802262763,3.98624931467647
442.483171452939,458.68439229066,4.79452656188027
658.825928563546,373.354689870252,3.02104255019411
106.541915498868,483.868365466935,4.45780926652714
627.312380360026,84.2542367028746,4.00772320584461
421.88054505994,257.023916859274,3.62176078488594
10.676162767257,182.634215953551,3.17674352183173
62.2106385148277,114.743954130058,4.47142882424435
614.269474253618,199.819106393974,3.85043486638388
260.834482576067,218.552422227871,3.80300214793718
576.726113622244,438.09396068746,3.80095877027685
300.667333281241,140.800940562273,3.76756340030123
527.84346700348,460.79339372473,3.61131030421309
51.8988325957897,421.799925551503,3.86311694143262
214.503716921419,286.86209924256,4.21070861058536
551.628146042997,262.833878974016,3.83452753075379
172.47212955,30.3678242235973,4.51657478718064
503.447013843304,344.835390751963,4.52736420164347
43.5547937881776,50.2389192142865,3.78759453227242
538.782826722358,139.117663412039,4.43289883769663
NA,NA,NA
662.087192494185,333.501425218871,3.36934318996808
458.613543288539,299.280917534669,3.50946784903526
12.2531719620021,490.507883184338,3.73193382843988
564.710007149162,59.2446030485968,4.14594077309764
72.1137335976167,372.576068919543,3.92974399092628
223.433770330614,411.146309481302,3.85211382233919
427.30408094239,14.5328800178321,3.38355837052552
362.164407167819,292.12119370991,3.10361921505551
604.137373838922,101.073252772102,4.24899461882119
389.667044962986,231.719722838923,4.22040334757086
560.232126549233,408.033822401791,4.71605303464622
137.230441056811,274.309262884334,4.74849059774167
199.011365701494,363.542584220194,4.02067123219493
124.668252942516,412.312269638947,3.44256147709348
621.43044459536,310.112533461549,4.45415393059434
4.28212491999027,143.124007880964,4.26830432428961
546.799756819706,203.360751488585,4.22699938087387
34.356310157324,491.898014208687,3.00145791154527
278.656917824886,22.6374262094992,3.86124035517557
534.325481785178,392.431168766148,3.31442360915371
73.5907504596738,86.50052293239,5.32486107521486
3.91340959406451,76.4728210103272,3.42620821308967
585.484868465936,229.14590498509,4.03804074758564
438.729279475595,458.017052233992,4.76380327436576
660.009660434169,375.768985781663,2.99139592165682
111.02739543114,484.664836524892,4.37398112764272
621.972501487148,92.2634488148604,4.0783621160267
417.222661539738,256.661381849475,3.60578986258593
10.907907233161,182.196284777219,3.25164636341438
74.5543572969544,128.197280251776,4.57106233771703
606.667934234226,201.15998897773,4.32372635827767
255.229029986442,223.18768501941,3.67223046985294
570.215021991826,433.396262472852,3.89120815642706
299.250982114784,140.172374124493,3.91703609279802
526.11658017371,453.080024580965,3.5991392507436
39.3334862158808,411.92944572864,3.87192906466142
191.349471794412,297.398878098772,4.09297915018227
555.73645320709,259.965976036049,3.71295166321459
177.645298166802,34.621458328986,4.29027753652928
493.043174372076,344.410730641056,4.4086164217014
34.6063545894907,58.1597406886668,3.94569085907194
517.886428959804,158.672595198977,4.60442789635338
NA,NA,NA
662.087192494185,333.501425218871,3.36934318996808
458.613543288539,299.280917534669,3.50946784903526
12.2531719620021,490.507883184338,3.73193382843988
564.710007149162,59.2446030485968,4.14594077309764
72.1137335976167,372.576068919543,3.92974399092628
223.433770330614,411.146309481302,3.85211382233919
427.30408094239,14.5328800178321,3.38355837052552
362.164407167819,292.12119370991,3.10361921505551
604.137373838922,101.073252772102,4.24899461882119
389.667044962986,231.719722838923,4.22040334757086
560.232126549233,408.033822401791,4.71605303464622
137.230441056811,274.309262884334,4.74849059774167
199.011365701494,363.542584220194,4.02067123219493
124.668252942516,412.312269638947,3.44256147709348
621.43044459536,310.112533461549,4.45415393059434
4.28212491999027,143.124007880964,4.26830432428961
546.799756819706,203.360751488585,4.22699938087387
34.356310157324,491.898014208687,3.00145791154527
278.656917824886,22.6374262094992,3.86124035517557
534.325481785178,392.431168766148,3.31442360915371
73.5907504596738,86.50052293239,5.32486107521486
3.91340959406451,76.4728210103272,3.42620821308967
585.484868465936,229.14590498509,4.03804074758564
438.729279475595,458.017052233992,4.76380327436576
660.009660434169,375.768985781663,2.99139592165682
111.02739543114,484.664836524892,4.37398112764272
621.972501487148,92.2634488148604,4.0783621160267
417.222661539738,256.661381849475,3.60578986258593
10.907907233161,182.196284777219,3.25164636341438
74.5543572969544,128.197280251776,4.57106233771703
606.667934234226,201.15998897773,4.32372635827767
255.229029986442,223.18768501941,3.67223046985294
570.215021991826,433.396262472852,3.89120815642706
299.250982114784,140.172374124493,3.91703609279802
526.11658017371,453.080024580965,3.5991392507436
39.3334862158808,411.92944572864,3.87192906466142
191.349471794412,297.398878098772,4.09297915018227
555.73645320709,259.965976036049,3.71295166321459
177.645298166802,34.621458328986,4.29027753652928
493.043174372076,344.410730641056,4.4086164217014
34.6063545894907,58.1597406886668,3.94569085907194
517.886428959804,158.672595198977,4.60442789635338
NA,NA,NA
662.087192494185,333.501425218871,3.36934318996808
458.613543288539,299.280917534669,3.50946784903526
12.2531719620021,490.507883184338,3.73193382843988
564.710007149162,59.2446030485968,4.14594077309764
72.1137335976167,372.576068919543,3.92974399092628
223.433770330614,411.146309481302,3.85211382233919
427.30408094239,14.5328800178321,3.38355837052552
362.164407167819,292.12119370991,3.10361921505551
604.137373838922,101.073252772102,4.24899461882119
389.667044962986,231.719722838923,4.22040334757086
560.232126549233,408.033822401791,4.71605303464622
137.230441056811,274.309262884334,4.74849059774167
199.011365701494,363.542584220194,4.02067123219493
124.668252942516,412.312269638947,3.44256147709348
621.43044459536,310.112533461549,4.45415393059434
4.28212491999027,143.124007880964,4.26830432428961
546.799756819706,203.360751488585,4.22699938087387
34.356310157324,491.898014208687,3.00145791154527
278.656917824886,22.6374262094992,3.86124035517557
534.325481785178,392.431168766148,3.31442360915371
73.5907504596738,86.50052293239,5.32486107521486
3.91340959406451,76.4728210103272,3.42620821308967
585.484868465936,229.14590498509,4.03804074758564
438.729279475595,458.017052233992,4.76380327436576
660.009660434169,375.768985781663,2.99139592165682
111.02739543114,484.664836524892,4.37398112764272
621.972501487148,92.2634488148604,4.0783621160267
417.222661539738,256.661381849475,3.60578986258593
10.907907233161,182.196284777219,3.25164636341438
74.5543572969544,128.197280251776,4.57106233771703
606.667934234226,201.15998897773,4.32372635827767
255.229029986442,223.18768501941,3.67223046985294
570.215021991826,433.396262472852,3.89120815642706
299.250982114784,140.172374124493,3.91703609279802
526.11658017371,453.080024580965,3.5991392507436
39.3334862158808,411.92944572864,3.87192906466142
191.349471794412,297.398878098772,4.09297915018227
555.73645320709,259.965976036049,3.71295166321459
177.645298166802,34.621458328986,4.29027753652928
493.043174372076,344.410730641056,4.4086164217014
34.6063545894907,58.1597406886668,3.94569085907194
517.886428959804,158.672595198977,4.60442789635338
NA,NA,NA
662.087192494185,333.501425218871,3.36934318996808
458.613543288539,299.280917534669,3.50946784903526
12.2531719620021,490.507883184338,3.73193382843988
564.710007149162,59.2446030485968,4.14594077309764
72.1137335976167,372.576068919543,3.92974399092628
223.433770330614,411.146309481302,3.85211382233919
427.30408094239,14.5328800178321,3.38355837052552
362.164407167819,292.12119370991,3.10361921505551
604.137373838922,101.073252772102,4.24899461882119
389.667044962986,231.719722838923,4.22040334757086
560.232126549233,408.033822401791,4.71605303464622
137.230441056811,274.309262884334,4.74849059774167
199.011365701494,363.542584220194,4.02067123219493
124.668252942516,412.312269638947,3.44256147709348
621.43044459536,310.112533461549,4.45415393059434
4.28212491999027,143.124007880964,4.26830432428961
546.799756819706,203.360751488585,4.22699938087387
34.356310157324,491.898014208687,3.00145791154527
278.656917824886,22.6374262094992,3.86124035517557
534.325481785178,392.431168766148,3.31442360915371
73.5907504596738,86.50052293239,5.32486107521486
3.91340959406451,76.4728210103272,3.42620821308967
585.484868465936,229.14590498509,4.03804074758564
438.729279475595,458.017052233992,4.76380327436576
660.009660434169,375.768985781663,2.99139592165682
111.02739543114,484.664836524892,4.37398112764272
621.972501487148,92.2634488148604,4.0783621160267
417.222661539738,256.661381849475,3.60578986258593
10.907907233161,182.196284777219,3.25164636341438
74.5543572969544,128.197280251776,4.57106233771703
606.667934234226,201.15998897773,4.32372635827767
255.229029986442,223.18768501941,3.67223046985294
570.215021991826,433.396262472852,3.89120815642706
299.250982114784,140.172374124493,3.91703609279802
526.11658017371,453.080024580965,3.5991392507436
39.3334862158808,411.92944572864,3.87192906466142
191.349471794412,297.398878098772,4.09297915018227
555.73645320709,259.965976036049,3.71295166321459
177.645298166802,34.621458328986,4.29027753652928
493.043174372076,344.410730641056,4.4086164217014
34.6063545894907,58.1597406886668,3.94569085907194
517.886428959804,158.672595198977,4.60442789635338
NA,NA,NA
662.087192494185,333.501425218871,3.36934318996808
458.613543288539,299.280917534669,3.50946784903526
12.2531719620021,490.507883184338,3.73193382843988
564.710007149162,59.2446030485968,4.14594077309764
72.1137335976167,372.576068919543,3.92974399092628
223.433770330614,411.146309481302,3.85211382233919
427.30408094239,14.5328800178321,3.38355837052552
362.164407167819,292.12119370991,3.10361921505551
604.137373838922,101.073252772102,4.24899461882119
389.667044962986,231.719722838923,4.22040334757086
560.232126549233,408.033822401791,4.71605303464622
137.230441056811,274.309262884334,4.74849059774167
199.011365701494,363.542584220194,4.02067123219493
124.668252942516,412.312269638947,3.44256147709348
621.43044459536,310.112533461549,4.45415393059434
4.28212491999027,143.124007880964,4.26830432428961
546.799756819706,203.360751488585,4.22699938087387
34.356310157324,491.898014208687,3.00145791154527
278.656917824886,22.6374262094992,3.86124035517557
534.325481785178,392.431168766148,3.31442360915371
73.5907504596738,86.50052293239,5.32486107521486
3.91340959406451,76.4728210103272,3.42620821308967
585.484868465936,229.14590498509,4.03804074758564
438.729279475595,458.017052233992,4.76380327436576
660.009660434169,375.768985781663,2.99139592165682
111.02739543114,484.664836524892,4.37398112764272
621.972501487148,92.2634488148604,4.0783621160267
417.222661539738,256.661381849475,3.60578986258593
10.907907233161,182.196284777219,3.25164636341438
74.5543572969544,128.197280251776,4.57106233771703
606.667934234226,201.15998897773,4.32372635827767
255.229029986442,223.18768501941,3.67223046985294
570.215021991826,433.396262472852,3.89120815642706
299.250982114784,140.172374124493,3.91703609279802
526.11658017371,453.080024580965,3.5991392507436
39.3334862158808,411.92944572864,3.87192906466142
191.349471794412,297.398878098772,4.09297915018227
555.73645320709,259.965976036049,3.71295166321459
177.645298166802,34.621458328986,4.29027753652928
493.043174372076,344.410730641056,4.4086164217014
34.6063545894907,58.1597406886668,3.94569085907194
517.886428959804,158.672595198977,4.60442789635338
NA,NA,NA
662.087192494185,333.501425218871,3.36934318996808
458.613543288539,299.280917534669,3.50946784903526
12.2531719620021,490.507883184338,3.73193382843988
564.710007149162,59.2446030485968,4.14594077309764
72.1137335976167,372.576068919543,3.92974399092628
223.433770330614,411.146309481302,3.85211382233919
427.30408094239,14.5328800178321,3.38355837052552
362.164407167819,292.12119370991,3.10361921505551
604.137373838922,101.073252772102,4.24899461882119
389.667044962986,231.719722838923,4.22040334757086
560.232126549233,408.033822401791,4.71605303464622
137.230441056811,274.309262884334,4.74849059774167
199.011365701494,363.542584220194,4.02067123219493
124.668252942516,412.312269638947,3.44256147709348
621.43044459536,310.112533461549,4.45415393059434
4.28212491999027,143.124007880964,4.26830432428961
546.799756819706,203.360751488585,4.22699938087387
34.356310157324,491.898014208687,3.00145791154527
278.656917824886,22.6374262094992,3.86124035517557
534.325481785178,392.431168766148,3.31442360915371
73.5907504596738,86.50052293239,5.32486107521486
3.91340959406451,76.4728210103272,3.42620821308967
585.484868465936,229.14590498509,4.03804074758564
438.729279475595,458.017052233992,4.76380327436576
660.009660434169,375.768985781663,2.99139592165682
111.02739543114,484.664836524892,4.37398112764272
621.972501487148,92.2634488148604,4.0783621160267
417.222661539738,256.661381849475,3.60578986258593
10.907907233161,182.196284777219,3.25164636341438
74.5543572969544,128.197280251776,4.57106233771703
606.667934234226,201.15998897773,4.32372635827767
255.229029986442,223.18768501941,3.67223046985294
570.215021991826,433.396262472852,3.89120815642706
299.250982114784,140.172374124493,3.91703609279802
526.11658017371,453.080024580965,3.5991392507436
39.3334862158808,411.92944572864,3.87192906466142
191.349471794412,297.398878098772,4.09297915018227
555.73645320709,259.965976036049,3.71295166321459
177.645298166802,34.621458328986,4.29027753652928
493.043174372076,344.410730641056,4.4086164217014
34.6063545894907,58.1597406886668,3.94569085907194
517.886428959804,158.672595198977,4.60442789635338
NA,NA,NA
662.816575953328,334.635702318424,3.58931412135647
459.515749102837,297.511416678377,3.58841731834983
11.2689713239378,495.689365505307,3.74667975487529
561.469965130213,48.4447402121094,4.1413555745346
72.0538546712346,374.059784093499,4.03866310051687
222.828613490783,414.327704014241,3.95129569163414
429.578334666514,13.429278228204,3.13832432959463
359.09234196716,292.489549555308,3.01505724801223
600.040855660433,98.6698114098707,4.21248515828849
393.815086478732,230.312484071688,4.12216254066082
567.160663772113,412.521826270511,4.6991319020986
139.223934845357,287.554972823143,4.48520364583951
193.837665647171,369.939581420902,3.97994220683893
126.025922744833,410.19794967599,3.34186287047435
623.433181586999,311.853216639158,4.43261323627733
1.94571363075236,153.920596427551,4.18241713336891
540.720425856952,204.329325977724,4.24934750313468
35.1744354647937,493.24286266124,3.01033332176909
278.500809529062,24.8158259706006,3.97201068935566
532.029217734844,389.729932540253,3.47006855215542
75.6043798581219,90.0580209323859,5.27661666611237
8.44729575751002,74.201135175283,3.51343757575906
586.060382976781,225.333108992481,3.92592257955455
442.695279560146,455.195340001315,4.75221074570517
657.30567640316,373.738241160081,2.96230082588757
103.799996932689,490.559399531107,4.33316277974728
621.872083557047,90.7960136901885,4.09475480569599
419.545478536647,258.416663047514,3.72114123830786
12.5306828233643,182.722676479633,3.03316058933026
53.305940333848,109.549075073447,4.35321501540459
606.464772781664,194.994440628756,4.41735202995279
258.424025905569,217.402213565521,3.78156860312454
572.679379082938,436.150433669099,3.8530392033745
298.886847072613,136.66774870817,3.81864495111844
528.489603822085,454.694119331727,3.80233975206346
41.768228394408,421.242610671145,3.74189011023021
196.851832419732,292.726231948835,3.9255664682279
552.152964666063,255.062409195441,3.74317917622834
176.91110360458,36.3474536671248,4.4144485736932
514.671796109733,349.533725482787,4.28035866928297
41.6275265348549,47.3416526654783,3.70497700671344
546.156173389065,136.557069609034,5.1465638025793
NA,NA,NA
662.816575953328,334.635702318424,3.58931412135647
459.515749102837,297.511416678377,3.58841731834983
11.2689713239378,495.689365505307,3.74667975487529
561.469965130213,48.4447402121094,4.1413555745346
72.0538546712346,374.059784093499,4.03866310051687
222.828613490783,414.327704014241,3.95129569163414
429.578334666514,13.429278228204,3.13832432959463
359.09234196716,292.489549555308,3.01505724801223
600.040855660433,98.6698114098707,4.21248515828849
393.815086478732,230.312484071688,4.12216254066082
567.160663772113,412.521826270511,4.6991319020986
139.223934845357,287.554972823143,4.48520364583951
193.837665647171,369.939581420902,3.97994220683893
126.025922744833,410.19794967599,3.34186287047435
623.433181586999,311.853216639158,4.43261323627733
1.94571363075236,153.920596427551,4.18241713336891
540.720425856952,204.329325977724,4.24934750313468
35.1744354647937,493.24286266124,3.01033332176909
278.500809529062,24.8158259706006,3.97201068935566
532.029217734844,389.729932540253,3.47006855215542
75.6043798581219,90.0580209323859,5.27661666611237
8.44729575751002,74.201135175283,3.51343757575906
586.060382976781,225.333108992481,3.92592257955455
442.695279560146,455.195340001315,4.75221074570517
657.30567640316,373.738241160081,2.96230082588757
103.799996932689,490.559399531107,4.33316277974728
621.872083557047,90.7960136901885,4.09475480569599
419.545478536647,258.416663047514,3.72114123830786
12.5306828233643,182.722676479633,3.03316058933026
53.305940333848,109.549075073447,4.35321501540459
606.464772781664,194.994440628756,4.41735202995279
258.424025905569,217.402213565521,3.78156860312454
572.679379082938,436.150433669099,3.8530392033745
298.886847072613,136.66774870817,3.81864495111844
528.489603822085,454.694119331727,3.80233975206346
41.768228394408,421.242610671145,3.74189011023021
196.851832419732,292.726231948835,3.9255664682279
552.152964666063,255.062409195441,3.74317917622834
176.91110360458,36.3474536671248,4.4144485736932
514.671796109733,349.533725482787,4.28035866928297
41.6275265348549,47.3416526654783,3.70497700671344
546.156173389065,136.557069609034,5.1465638025793
NA,NA,NA
662.816575953328,334.635702318424,3.58931412135647
459.515749102837,297.511416678377,3.58841731834983
11.2689713239378,495.689365505307,3.74667975487529
561.469965130213,48.4447402121094,4.1413555745346
72.0538546712346,374.059784093499,4.03866310051687
222.828613490783,414.327704014241,3.95129569163414
429.578334666514,13.429278228204,3.13832432959463
359.09234196716,292.489549555308,3.01505724801223
600.040855660433,98.6698114098707,4.21248515828849
393.815086478732,230.312484071688,4.12216254066082
567.160663772113,412.521826270511,4.6991319020986
139.223934845357,287.554972823143,4.48520364583951
193.837665647171,369.939581420902,3.97994220683893
126.025922744833,410.19794967599,3.34186287047435
623.433181586999,311.853216639158,4.43261323627733
1.94571363075236,153.920596427551,4.18241713336891
540.720425856952,204.329325977724,4.24934750313468
35.1744354647937,493.24286266124,3.01033332176909
278.500809529062,24.8158259706006,3.97201068935566
532.029217734844,389.729932540253,3.47006855215542
75.6043798581219,90.0580209323859,5.27661666611237
8.44729575751002,74.201135175283,3.51343757575906
586.060382976781,225.333108992481,3.92592257955455
442.695279560146,455.195340001315,4.75221074570517
657.30567640316,373.738241160081,2.96230082588757
103.799996932689,490.559399531107,4.33316277974728
621.872083557047,90.7960136901885,4.09475480569599
419.545478536647,258.416663047514,3.72114123830786
12.5306828233643,182.722676479633,3.03316058933026
53.305940333848,109.549075073447,4.35321501540459
606.464772781664,194.994440628756,4.41735202995279
258.424025905569,217.402213565521,3.78156860312454
572.679379082938,436.150433669099,3.8530392033745
298.886847072613,136.66774870817,3.81864495111844
528.489603822085,454.694119331727,3.80233975206346
41.768228394408,421.242610671145,3.74189011023021
196.851832419732,292.726231948835,3.9255664682279
552.152964666063,255.062409195441,3.74317917622834
176.91110360458,36.3474536671248,4.4144485736932
514.671796109733,349.533725482787,4.28035866928297
41.6275265348549,47.3416526654783,3.70497700671344
546.156173389065,136.557069609034,5.1465638025793
NA,NA,NA
662.816575953328,334.635702318424,3.58931412135647
459.515749102837,297.511416678377,3.58841731834983
11.2689713239378,495.689365505307,3.74667975487529
561.469965130213,48.4447402121094,4.1413555745346
72.0538546712346,374.059784093499,4.03866310051687
222.828613490783,414.327704014241,3.95129569163414
429.578334666514,13.429278228204,3.13832432959463
359.09234196716,292.489549555308,3.01505724801223
600.040855660433,98.6698114098707,4.21248515828849
393.815086478732,230.312484071688,4.12216254066082
567.160663772113,412.521826270511,4.6991319020986
139.223934845357,287.554972823143,4.48520364583951
193.837665647171,369.939581420902,3.97994220683893
126.025922744833,410.19794967599,3.34186287047435
623.433181586999,311.853216639158,4.43261323627733
1.94571363075236,153.920596427551,4.18241713336891
540.720425856952,204.329325977724,4.24934750313468
35.1744354647937,493.24286266124,3.01033332176909
278.500809529062,24.8158259706006,3.97201068935566
532.029217734844,389.729932540253,3.47006855215542
75.6043798581219,90.0580209323859,5.27661666611237
8.44729575751002,74.201135175283,3.51343757575906
586.060382976781,225.333108992481,3.92592257955455
442.695279560146,455.195340001315,4.75221074570517
657.30567640316,373.738241160081,2.96230082588757
103.799996932689,490.559399531107,4.33316277974728
621.872083557047,90.7960136901885,4.09475480569599
419.545478536647,258.416663047514,3.72114123830786
12.5306828233643,182.722676479633,3.03316058933026
53.305940333848,109.549075073447,4.35321501540459
606.464772781664,194.994440628756,4.41735202995279
258.424025905569,217.402213565521,3.78156860312454
572.679379082938,436.150433669099,3.8530392033745
298.886847072613,136.66774870817,3.81864495111844
528.489603822085,454.694119331727,3.80233975206346
41.768228394408,421.242610671145,3.74189011023021
196.851832419732,292.726231948835,3.9255664682279
552.152964666063,255.062409195441,3.74317917622834
176.91110360458,36.3474536671248,4.4144485736932
514.671796109733,349.533725482787,4.28035866928297
41.6275265348549,47.3416526654783,3.70497700671344
546.156173389065,136.557069609034,5.1465638025793
NA,NA,NA
662.816575953328,334.635702318424,3.58931412135647
459.515749102837,297.511416678377,3.58841731834983
11.2689713239378,495.689365505307,3.74667975487529
561.469965130213,48.4447402121094,4.1413555745346
72.0538546712346,374.059784093499,4.03866310051687
222.828613490783,414.327704014241,3.95129569163414
429.578334666514,13.429278228204,3.13832432959463
359.09234196716,292.489549555308,3.01505724801223
600.040855660433,98.6698114098707,4.21248515828849
393.815086478732,230.312484071688,4.12216254066082
567.160663772113,412.521826270511,4.6991319020986
139.223934845357,287.554972823143,4.48520364583951
193.837665647171,369.939581420902,3.97994220683893
126.025922744833,410.19794967599,3.34186287047435
623.433181586999,311.853216639158,4.43261323627733
1.94571363075236,153.920596427551,4.18241713336891
540.720425856952,204.329325977724,4.24934750313468
35.1744354647937,493.24286266124,3.01033332176909
278.500809529062,24.8158259706006,3.97201068935566
532.029217734844,389.729932540253,3.47006855215542
75.6043798581219,90.0580209323859,5.27661666611237
8.44729575751002,74.201135175283,3.51343757575906
586.060382976781,225.333108992481,3.92592257955455
442.695279560146,455.195340001315,4.75221074570517
657.30567640316,373.738241160081,2.96230082588757
103.799996932689,490.559399531107,4.33316277974728
621.872083557047,90.7960136901885,4.09475480569599
419.545478536647,258.416663047514,3.72114123830786
12.5306828233643,182.722676479633,3.03316058933026
53.305940333848,109.549075073447,4.35321501540459
606.464772781664,194.994440628756,4.41735202995279
258.424025905569,217.402213565521,3.78156860312454
572.679379082938,436.150433669099,3.8530392033745
298.886847072613,136.66774870817,3.81864495111844
528.489603822085,454.694119331727,3.80233975206346
41.768228394408,421.242610671145,3.74189011023021
196.851832419732,292.726231948835,3.9255664682279
552.152964666063,255.062409195441,3.74317917622834
176.91110360458,36.3474536671248,4.4144485736932
514.671796109733,349.533725482787,4.28035866928297
41.6275265348549,47.3416526654783,3.70497700671344
546.156173389065,136.557069609034,5.1465638025793
NA,NA,NA
662.816575953328,334.635702318424,3.58931412135647
459.515749102837,297.511416678377,3.58841731834983
11.2689713239378,495.689365505307,3.74667975487529
561.469965130213,48.4447402121094,4.1413555745346
72.0538546712346,374.059784093499,4.03866310051687
222.828613490783,414.327704014241,3.95129569163414
429.578334666514,13.429278228204,3.13832432959463
359.09234196716,292.489549555308,3.01505724801223
600.040855660433,98.6698114098707,4.21248515828849
393.815086478732,230.312484071688,4.12216254066082
567.160663772113,412.521826270511,4.6991319020986
139.223934845357,287.554972823143,4.48520364583951
193.837665647171,369.939581420902,3.97994220683893
126.025922744833,410.19794967599,3.34186287047435
623.433181586999,311.853216639158,4.43261323627733
1.94571363075236,153.920596427551,4.18241713336891
540.720425856952,204.329325977724,4.24934750313468
35.1744354647937,493.24286266124,3.01033332176909
278.500809529062,24.8158259706006,3.97201068935566
532.029217734844,389.729932540253,3.47006855215542
75.6043798581219,90.0580209323859,5.27661666611237
8.44729575751002,74.201135175283,3.51343757575906
586.060382976781,225.333108992481,3.92592257955455
442.695279560146,455.195340001315,4.75221074570517
657.30567640316,373.738241160081,2.96230082588757
103.799996932689,490.559399531107,4.33316277974728
621.872083557047,90.7960136901885,4.09475480569599
419.545478536647,258.416663047514,3.72114123830786
12.5306828233643,182.722676479633,3.03316058933026
53.305940333848,109.549075073447,4.35321501540459
606.464772781664,194.994440628756,4.41735202995279
258.424025905569,217.402213565521,3.78156860312454
572.679379082938,436.150433669099,3.8530392033745
298.886847072613,136.66774870817,3.81864495111844
528.489603822085,454.694119331727,3.80233975206346
41.768228394408,421.242610671145,3.74189011023021
196.851832419732,292.726231948835,3.9255664682279
552.152964666063,255.062409195441,3.74317917622834
176.91110360458,36.3474536671248,4.4144485736932
514.671796109733,349.533725482787,4.28035866928297
41.6275265348549,47.3416526654783,3.70497700671344
546.156173389065,136.557069609034,5.1465638025793
NA,NA,NA
660.777054509101,333.847399142857,3.53566651510051
456.722659293853,297.413890419936,3.72368968015096
9.89491920463145,495.569574923438,3.56889216039361
564.36912546912,52.4576023539523,4.03206694558972
72.0361053673774,378.188327444088,3.98107468848743
228.808917157496,415.516985294598,3.84211781846547
430.790540252974,14.0813007025009,3.15485098011507
360.748422643193,291.601985318326,2.96819160064482
602.100578826648,104.435576991784,4.11380439909818
390.410458466176,228.467142942886,4.17376253019717
565.704117699339,406.882857084775,4.70008670766766
142.332698692532,283.902306028799,4.33788090490041
196.698839422673,369.656667380014,4.00731164354321
126.146077760798,408.896577935897,3.43412178589583
630.203548475581,309.781462832865,4.6649397467094
-0.71965896928141,145.958820476333,4.2734670002147
537.775704015097,206.617724004907,4.16072027996079
35.7975479683951,492.080238455752,3.00698331565533
282.41478233124,20.645102736791,3.88520968078685
535.000109786313,393.329945064123,3.57403016662279
76.5643863292854,74.000467168701,5.24517763589518
2.99203660650962,78.9618574109707,3.322671646727
589.994047369635,221.652076471919,4.01795903489671
439.932613624853,454.140486213017,4.73693997854649
659.519867984135,374.333982540284,3.05481984424306
105.882535531029,491.515445666447,4.33499316533439
623.268761220031,87.614290351205,4.05128959821735
417.71634504494,256.959871451922,3.58829756606599
11.9194503052273,182.931005350725,3.07047525984428
56.7380450552789,124.617147812031,4.29417773639034
604.229379847691,207.401166909978,4.11613139680034
259.953767872635,215.086314453744,3.95051419305832
574.658650098102,425.284806628049,3.82414597871553
300.154660684007,138.578755446675,3.82107664392791
537.132988236465,451.383115296633,3.53208444599819
47.6038475955541,422.344171207596,4.20361238539431
186.921963249351,292.638496491602,3.99526949707653
557.753811743779,266.20601602121,3.72821675560217
167.461926552527,25.1333968947097,4.33311473487002
503.463675763966,357.978811624518,4.6061260524691
38.3844503584208,59.7406965749769,3.7218200081982
537.24623348938,159.619700409847,4.40810030570567
NA,NA,NA
660.777054509101,333.847399142857,3.53566651510051
456.722659293853,297.413890419936,3.72368968015096
9.89491920463145,495.569574923438,3.56889216039361
564.36912546912,52.4576023539523,4.03206694558972
72.0361053673774,378.188327444088,3.98107468848743
228.808917157496,415.516985294598,3.84211781846547
430.790540252974,14.0813007025009,3.15485098011507
360.748422643193,291.601985318326,2.96819160064482
602.100578826648,104.435576991784,4.11380439909818
390.410458466176,228.467142942886,4.17376253019717
565.704117699339,406.882857084775,4.70008670766766
142.332698692532,283.902306028799,4.33788090490041
196.698839422673,369.656667380014,4.00731164354321
126.146077760798,408.896577935897,3.43412178589583
630.203548475581,309.781462832865,4.6649397467094
-0.71965896928141,145.958820476333,4.2734670002147
537.775704015097,206.617724004907,4.16072027996079
35.7975479683951,492.080238455752,3.00698331565533
282.41478233124,20.645102736791,3.88520968078685
535.000109786313,393.329945064123,3.57403016662279
76.5643863292854,74.000467168701,5.24517763589518
2.99203660650962,78.9618574109707,3.322671646727
589.994047369635,221.652076471919,4.01795903489671
439.932613624853,454.140486213017,4.73693997854649
659.519867984135,374.333982540284,3.05481984424306
105.882535531029,491.515445666447,4.33499316533439
623.268761220031,87.614290351205,4.05128959821735
417.71634504494,256.959871451922,3.58829756606599
11.9194503052273,182.931005350725,3.07047525984428
56.7380450552789,124.617147812031,4.29417773639034
604.229379847691,207.401166909978,4.11613139680034
259.953767872635,215.086314453744,3.95051419305832
574.658650098102,425.284806628049,3.82414597871553
300.154660684007,138.578755446675,3.82107664392791
537.132988236465,451.383115296633,3.53208444599819
47.6038475955541,422.344171207596,4.20361238539431
186.921963249351,292.638496491602,3.99526949707653
557.753811743779,266.20601602121,3.72821675560217
167.461926552527,25.1333968947097,4.33311473487002
503.463675763966,357.978811624518,4.6061260524691
38.3844503584208,59.7406965749769,3.7218200081982
537.24623348938,159.619700409847,4.40810030570567
NA,NA,NA
660.777054509101,333.847399142857,3.53566651510051
456.722659293853,297.413890419936,3.72368968015096
9.89491920463145,495.569574923438,3.56889216039361
564.36912546912,52.4576023539523,4.03206694558972
72.0361053673774,378.188327444088,3.98107468848743
228.808917157496,415.516985294598,3.84211781846547
430.790540252974,14.0813007025009,3.15485098011507
360.748422643193,291.601985318326,2.96819160064482
602.100578826648,104.435576991784,4.11380439909818
390.410458466176,228.467142942886,4.17376253019717
565.704117699339,406.882857084775,4.70008670766766
142.332698692532,283.902306028799,4.33788090490041
196.698839422673,369.656667380014,4.00731164354321
126.146077760798,408.896577935897,3.43412178589583
630.203548475581,309.781462832865,4.6649397467094
-0.71965896928141,145.958820476333,4.2734670002147
537.775704015097,206.617724004907,4.16072027996079
35.7975479683951,492.080238455752,3.00698331565533
282.41478233124,20.645102736791,3.88520968078685
535.000109786313,393.329945064123,3.57403016662279
76.5643863292854,74.000467168701,5.24517763589518
2.99203660650962,78.9618574109707,3.322671646727
589.994047369635,221.652076471919,4.01795903489671
439.932613624853,454.140486213017,4.73693997854649
659.519867984135,374.333982540284,3.05481984424306
105.882535531029,491.515445666447,4.33499316533439
623.268761220031,87.614290351205,4.05128959821735
417.71634504494,256.959871451922,3.58829756606599
11.9194503052273,182.931005350725,3.07047525984428
56.7380450552789,124.617147812031,4.29417773639034
604.229379847691,207.401166909978,4.11613139680034
259.953767872635,215.086314453744,3.95051419305832
574.658650098102,425.284806628049,3.82414597871553
300.154660684007,138.578755446675,3.82107664392791
537.132988236465,451.383115296633,3.53208444599819
47.6038475955541,422.344171207596,4.20361238539431
186.921963249351,292.638496491602,3.99526949707653
557.753811743779,266.20601602121,3.72821675560217
167.461926552527,25.1333968947097,4.33311473487002
503.463675763966,357.978811624518,4.6061260524691
38.3844503584208,59.7406965749769,3.7218200081982
537.24623348938,159.619700409847,4.40810030570567
NA,NA,NA
660.777054509101,333.847399142857,3.53566651510051
456.722659293853,297.413890419936,3.72368968015096
9.89491920463145,495.569574923438,3.56889216039361
564.36912546912,52.4576023539523,4.03206694558972
72.0361053673774,378.188327444088,3.98107468848743
228.808917157496,415.516985294598,3.84211781846547
430.790540252974,14.0813007025009,3.15485098011507
360.748422643193,291.601985318326,2.96819160064482
602.100578826648,104.435576991784,4.11380439909818
390.410458466176,228.467142942886,4.17376253019717
565.704117699339,406.882857084775,4.70008670766766
142.332698692532,283.902306028799,4.33788090490041
196.698839422673,369.656667380014,4.00731164354321
126.146077760798,408.896577935897,3.43412178589583
630.203548475581,309.781462832865,4.6649397467094
-0.71965896928141,145.958820476333,4.2734670002147
537.775704015097,206.617724004907,4.16072027996079
35.7975479683951,492.080238455752,3.00698331565533
282.41478233124,20.645102736791,3.88520968078685
535.000109786313,393.329945064123,3.57403016662279
76.5643863292854,74.000467168701,5.24517763589518
2.99203660650962,78.9618574109707,3.322671646727
589.994047369635,221.652076471919,4.01795903489671
439.932613624853,454.140486213017,4.73693997854649
659.519867984135,374.333982540284,3.05481984424306
105.882535531029,491.515445666447,4.33499316533439
623.268761220031,87.614290351205,4.05128959821735
417.71634504494,256.959871451922,3.58829756606599
11.9194503052273,182.931005350725,3.07047525984428
56.7380450552789,124.617147812031,4.29417773639034
604.229379847691,207.401166909978,4.11613139680034
259.953767872635,215.086314453744,3.95051419305832
574.658650098102,425.284806628049,3.82414597871553
300.154660684007,138.578755446675,3.82107664392791
537.132988236465,451.383115296633,3.53208444599819
47.6038475955541,422.344171207596,4.20361238539431
186.921963249351,292.638496491602,3.99526949707653
557.753811743779,266.20601602121,3.72821675560217
167.461926552527,25.1333968947097,4.33311473487002
503.463675763966,357.978811624518,4.6061260524691
38.3844503584208,59.7406965749769,3.7218200081982
537.24623348938,159.619700409847,4.40810030570567
NA,NA,NA
660.777054509101,333.847399142857,3.53566651510051
456.722659293853,297.413890419936,3.72368968015096
9.89491920463145,495.569574923438,3.56889216039361
564.36912546912,52.4576023539523,4.03206694558972
72.0361053673774,378.188327444088,3.98107468848743
228.808917157496,415.516985294598,3.84211781846547
430.790540252974,14.0813007025009,3.15485098011507
360.748422643193,291.601985318326,2.96819160064482
602.100578826648,104.435576991784,4.11380439909818
390.410458466176,228.467142942886,4.17376253019717
565.704117699339,406.882857084775,4.70008670766766
142.332698692532,283.902306028799,4.33788090490041
196.698839422673,369.656667380014,4.00731164354321
126.146077760798,408.896577935897,3.43412178589583
630.203548475581,309.781462832865,4.6649397467094
-0.71965896928141,145.958820476333,4.2734670002147
537.775704015097,206.617724004907,4.16072027996079
35.7975479683951,492.080238455752,3.00698331565533
282.41478233124,20.645102736791,3.88520968078685
535.000109786313,393.329945064123,3.57403016662279
76.5643863292854,74.000467168701,5.24517763589518
2.99203660650962,78.9618574109707,3.322671646727
589.994047369635,221.652076471919,4.01795903489671
439.932613624853,454.140486213017,4.73693997854649
659.519867984135,374.333982540284,3.05481984424306
105.882535531029,491.515445666447,4.33499316533439
623.268761220031,87.614290351205,4.05128959821735
417.71634504494,256.959871451922,3.58829756606599
11.9194503052273,182.931005350725,3.07047525984428
56.7380450552789,124.617147812031,4.29417773639034
604.229379847691,207.401166909978,4.11613139680034
259.953767872635,215.086314453744,3.95051419305832
574.658650098102,425.284806628049,3.82414597871553
300.154660684007,138.578755446675,3.82107664392791
537.132988236465,451.383115296633,3.53208444599819
47.6038475955541,422.344171207596,4.20361238539431
186.921963249351,292.638496491602,3.99526949707653
557.753811743779,266.20601602121,3.72821675560217
167.461926552527,25.1333968947097,4.33311473487002
503.463675763966,357.978811624518,4.6061260524691
38.3844503584208,59.7406965749769,3.7218200081982
537.24623348938,159.619700409847,4.40810030570567
NA,NA,NA
660.777054509101,333.847399142857,3.53566651510051
456.722659293853,297.413890419936,3.72368968015096
9.89491920463145,495.569574923438,3.56889216039361
564.36912546912,52.4576023539523,4.03206694558972
72.0361053673774,378.188327444088,3.98107468848743
228.808917157496,415.516985294598,3.84211781846547
430.790540252974,14.0813007025009,3.15485098011507
360.748422643193,291.601985318326,2.96819160064482
602.100578826648,104.435576991784,4.11380439909818
390.410458466176,228.467142942886,4.17376253019717
565.704117699339,406.882857084775,4.70008670766766
142.332698692532,283.902306028799,4.33788090490041
196.698839422673,369.656667380014,4.00731164354321
126.146077760798,408.896577935897,3.43412178589583
630.203548475581,309.781462832865,4.6649397467094
-0.71965896928141,145.958820476333,4.2734670002147
537.775704015097,206.617724004907,4.16072027996079
35.7975479683951,492.080238455752,3.00698331565533
282.41478233124,20.645102736791,3.88520968078685
535.000109786313,393.329945064123,3.57403016662279
76.5643863292854,74.000467168701,5.24517763589518
2.99203660650962,78.9618574109707,3.322671646727
589.994047369635,221.652076471919,4.01795903489671
439.932613624853,454.140486213017,4.73693997854649
659.519867984135,374.333982540284,3.05481984424306
105.882535531029,491.515445666447,4.33499316533439
623.268761220031,87.614290351205,4.05128959821735
417.71634504494,256.959871451922,3.58829756606599
11.9194503052273,182.931005350725,3.07047525984428
56.7380450552789,124.617147812031,4.29417773639034
604.229379847691,207.401166909978,4.11613139680034
259.953767872635,215.086314453744,3.95051419305832
574.658650098102,425.284806628049,3.82414597871553
300.154660684007,138.578755446675,3.82107664392791
537.132988236465,451.383115296633,3.53208444599819
47.6038475955541,422.344171207596,4.20361238539431
186.921963249351,292.638496491602,3.99526949707653
557.753811743779,266.20601602121,3.72821675560217
167.461926552527,25.1333968947097,4.33311473487002
503.463675763966,357.978811624518,4.6061260524691
38.3844503584208,59.7406965749769,3.7218200081982
537.24623348938,159.619700409847,4.40810030570567
NA,NA,NA
663.557598559626,336.266860654982,3.44400638618753
456.184141688798,300.431422477913,3.70086398193509
13.3035422671116,492.441460108818,3.59374900641935
558.31433584249,50.4827455274596,4.27628843575398
73.7238777941006,376.934411172508,3.86483185796225
226.71855594279,413.69529250866,3.94656057509138
428.736532524589,13.7634635159884,3.40812934658761
360.73687436547,292.966157729689,2.88211823975742
603.297796167912,99.6795820348914,4.13749150309705
391.368067651212,230.144560607568,4.16543100815752
568.297567004214,407.059286216591,4.77570798606248
139.785807656755,280.31436579033,4.50176050219143
195.782272065424,367.482345275384,3.96735765409766
125.044580252378,410.499256295154,3.30550639309015
627.207247551042,315.367735354303,4.50049445418303
1.71112589379507,149.736986123546,4.26293593588159
542.491454015614,206.732069143736,4.14541932040093
35.5509351190914,493.022246450721,3.00022159967399
277.061571185016,22.294704000191,3.92645278159002
530.439012128268,389.270019755605,3.42854855162734
78.187506361911,87.9864521928739,5.25718462252755
6.23617456568405,75.9708855393902,3.39299327740689
582.140858087245,223.659873259817,3.99454557533921
436.879173904785,458.969530772952,4.76065719996097
661.030740280215,372.165667071324,3.07913468519153
98.837425730201,486.218040088522,4.3646781057687
625.669804664508,87.6989362853254,4.09346227626425
420.18328600747,259.494116392035,3.560274753834
11.2707808012561,179.476332964114,3.09516422704962
72.8727992914668,116.454841576033,4.60065410478206
604.904689089019,191.365736516829,3.89382639972246
263.304966993035,209.086108510327,4.1065489569093
576.156944032524,431.280134966174,3.92693560986284
302.352453528633,129.333200030174,4.00582690735978
526.443391275098,455.463626227394,3.61717193140129
59.0123492392107,425.812717219217,4.15761614414965
195.851057771449,295.970212702946,4.13497737760544
556.258301880183,261.123738138506,3.70466947690139
180.514302818204,26.1944595125746,4.0037017929211
500.177891272672,349.180867430749,4.69831179133516
27.5722783049747,65.016640879928,3.88413207264378
534.952311377265,167.046246553844,4.56244398036941
NA,NA,NA
663.557598559626,336.266860654982,3.44400638618753
456.184141688798,300.431422477913,3.70086398193509
13.3035422671116,492.441460108818,3.59374900641935
558.31433584249,50.4827455274596,4.27628843575398
73.7238777941006,376.934411172508,3.86483185796225
226.71855594279,413.69529250866,3.94656057509138
428.736532524589,13.7634635159884,3.40812934658761
360.73687436547,292.966157729689,2.88211823975742
603.297796167912,99.6795820348914,4.13749150309705
391.368067651212,230.144560607568,4.16543100815752
568.297567004214,407.059286216591,4.77570798606248
139.785807656755,280.31436579033,4.50176050219143
195.782272065424,367.482345275384,3.96735765409766
125.044580252378,410.499256295154,3.30550639309015
627.207247551042,315.367735354303,4.50049445418303
1.71112589379507,149.736986123546,4.26293593588159
542.491454015614,206.732069143736,4.14541932040093
35.5509351190914,493.022246450721,3.00022159967399
277.061571185016,22.294704000191,3.92645278159002
530.439012128268,389.270019755605,3.42854855162734
78.187506361911,87.9864521928739,5.25718462252755
6.23617456568405,75.9708855393902,3.39299327740689
582.140858087245,223.659873259817,3.99454557533921
436.879173904785,458.969530772952,4.76065719996097
661.030740280215,372.165667071324,3.07913468519153
98.837425730201,486.218040088522,4.3646781057687
625.669804664508,87.6989362853254,4.09346227626425
420.18328600747,259.494116392035,3.560274753834
11.2707808012561,179.476332964114,3.09516422704962
72.8727992914668,116.454841576033,4.60065410478206
604.904689089019,191.365736516829,3.89382639972246
263.304966993035,209.086108510327,4.1065489569093
576.156944032524,431.280134966174,3.92693560986284
302.352453528633,129.333200030174,4.00582690735978
526.443391275098,455.463626227394,3.61717193140129
59.0123492392107,425.812717219217,4.15761614414965
195.851057771449,295.970212702946,4.13497737760544
556.258301880183,261.123738138506,3.70466947690139
180.514302818204,26.1944595125746,4.0037017929211
500.177891272672,349.180867430749,4.69831179133516
27.5722783049747,65.016640879928,3.88413207264378
534.952311377265,167.046246553844,4.56244398036941
NA,NA,NA
663.557598559626,336.266860654982,3.44400638618753
456.184141688798,300.431422477913,3.70086398193509
13.3035422671116,492.441460108818,3.59374900641935
558.31433584249,50.4827455274596,4.27628843575398
73.7238777941006,376.934411172508,3.86483185796225
226.71855594279,413.69529250866,3.94656057509138
428.736532524589,13.7634635159884,3.40812934658761
360.73687436547,292.966157729689,2.88211823975742
603.297796167912,99.6795820348914,4.13749150309705
391.368067651212,230.144560607568,4.16543100815752
568.297567004214,407.059286216591,4.77570798606248
139.785807656755,280.31436579033,4.50176050219143
195.782272065424,367.482345275384,3.96735765409766
125.044580252378,410.499256295154,3.30550639309015
627.207247551042,315.367735354303,4.50049445418303
1.71112589379507,149.736986123546,4.26293593588159
542.491454015614,206.732069143736,4.14541932040093
35.5509351190914,493.022246450721,3.00022159967399
277.061571185016,22.294704000191,3.92645278159002
530.439012128268,389.270019755605,3.42854855162734
78.187506361911,87.9864521928739,5.25718462252755
6.23617456568405,75.9708855393902,3.39299327740689
582.140858087245,223.659873259817,3.99454557533921
436.879173904785,458.969530772952,4.76065719996097
661.030740280215,372.165667071324,3.07913468519153
98.837425730201,486.218040088522,4.3646781057687
625.669804664508,87.6989362853254,4.09346227626425
420.18328600747,259.494116392035,3.560274753834
11.2707808012561,179.476332964114,3.09516422704962
72.8727992914668,116.454841576033,4.60065410478206
604.904689089019,191.365736516829,3.89382639972246
263.304966993035,209.086108510327,4.1065489569093
576.156944032524,431.280134966174,3.92693560986284
302.352453528633,129.333200030174,4.00582690735978
526.443391275098,455.463626227394,3.61717193140129
59.0123492392107,425.812717219217,4.15761614414965
195.851057771449,295.970212702946,4.13497737760544
556.258301880183,261.123738138506,3.70466947690139
180.514302818204,26.1944595125746,4.0037017929211
500.177891272672,349.180867430749,4.69831179133516
27.5722783049747,65.016640879928,3.88413207264378
534.952311377265,167.046246553844,4.56244398036941
NA,NA,NA
663.557598559626,336.266860654982,3.44400638618753
456.184141688798,300.431422477913,3.70086398193509
13.3035422671116,492.441460108818,3.59374900641935
558.31433584249,50.4827455274596,4.27628843575398
73.7238777941006,376.934411172508,3.86483185796225
226.71855594279,413.69529250866,3.94656057509138
428.736532524589,13.7634635159884,3.40812934658761
360.73687436547,292.966157729689,2.88211823975742
603.297796167912,99.6795820348914,4.13749150309705
391.368067651212,230.144560607568,4.16543100815752
568.297567004214,407.059286216591,4.77570798606248
139.785807656755,280.31436579033,4.50176050219143
195.782272065424,367.482345275384,3.96735765409766
125.044580252378,410.499256295154,3.30550639309015
627.207247551042,315.367735354303,4.50049445418303
1.71112589379507,149.736986123546,4.26293593588159
542.491454015614,206.732069143736,4.14541932040093
35.5509351190914,493.022246450721,3.00022159967399
277.061571185016,22.294704000191,3.92645278159002
530.439012128268,389.270019755605,3.42854855162734
78.187506361911,87.9864521928739,5.25718462252755
6.23617456568405,75.9708855393902,3.39299327740689
582.140858087245,223.659873259817,3.99454557533921
436.879173904785,458.969530772952,4.76065719996097
661.030740280215,372.165667071324,3.07913468519153
98.837425730201,486.218040088522,4.3646781057687
625.669804664508,87.6989362853254,4.09346227626425
420.18328600747,259.494116392035,3.560274753834
11.2707808012561,179.476332964114,3.09516422704962
72.8727992914668,116.454841576033,4.60065410478206
604.904689089019,191.365736516829,3.89382639972246
263.304966993035,209.086108510327,4.1065489569093
576.156944032524,431.280134966174,3.92693560986284
302.352453528633,129.333200030174,4.00582690735978
526.443391275098,455.463626227394,3.61717193140129
59.0123492392107,425.812717219217,4.15761614414965
195.851057771449,295.970212702946,4.13497737760544
556.258301880183,261.123738138506,3.70466947690139
180.514302818204,26.1944595125746,4.0037017929211
500.177891272672,349.180867430749,4.69831179133516
27.5722783049747,65.016640879928,3.88413207264378
534.952311377265,167.046246553844,4.56244398036941
NA,NA,NA
663.557598559626,336.266860654982,3.44400638618753
456.184141688798,300.431422477913,3.70086398193509
13.3035422671116,492.441460108818,3.59374900641935
558.31433584249,50.4827455274596,4.27628843575398
73.7238777941006,376.934411172508,3.86483185796225
226.71855594279,413.69529250866,3.94656057509138
428.736532524589,13.7634635159884,3.40812934658761
360.73687436547,292.966157729689,2.88211823975742
603.297796167912,99.6795820348914,4.13749150309705
391.368067651212,230.144560607568,4.16543100815752
568.297567004214,407.059286216591,4.77570798606248
139.785807656755,280.31436579033,4.50176050219143
195.782272065424,367.482345275384,3.96735765409766
125.044580252378,410.499256295154,3.30550639309015
627.207247551042,315.367735354303,4.50049445418303
1.71112589379507,149.736986123546,4.26293593588159
542.491454015614,206.732069143736,4.14541932040093
35.5509351190914,493.022246450721,3.00022159967399
277.061571185016,22.294704000191,3.92645278159002
530.439012128268,389.270019755605,3.42854855162734
78.187506361911,87.9864521928739,5.25718462252755
6.23617456568405,75.9708855393902,3.39299327740689
582.140858087245,223.659873259817,3.99454557533921
436.879173904785,458.969530772952,4.76065719996097
661.030740280215,372.165667071324,3.07913468519153
98.837425730201,486.218040088522,4.3646781057687
625.669804664508,87.6989362853254,4.09346227626425
420.18328600747,259.494116392035,3.560274753834
11.2707808012561,179.476332964114,3.09516422704962
72.8727992914668,116.454841576033,4.60065410478206
604.904689089019,191.365736516829,3.89382639972246
263.304966993035,209.086108510327,4.1065489569093
576.156944032524,431.280134966174,3.92693560986284
302.352453528633,129.333200030174,4.00582690735978
526.443391275098,455.463626227394,3.61717193140129
59.0123492392107,425.812717219217,4.15761614414965
195.851057771449,295.970212702946,4.13497737760544
556.258301880183,261.123738138506,3.70466947690139
180.514302818204,26.1944595125746,4.0037017929211
500.177891272672,349.180867430749,4.69831179133516
27.5722783049747,65.016640879928,3.88413207264378
534.952311377265,167.046246553844,4.56244398036941
NA,NA,NA
663.557598559626,336.266860654982,3.44400638618753
456.184141688798,300.431422477913,3.70086398193509
13.3035422671116,492.441460108818,3.59374900641935
558.31433584249,50.4827455274596,4.27628843575398
73.7238777941006,376.934411172508,3.86483185796225
226.71855594279,413.69529250866,3.94656057509138
428.736532524589,13.7634635159884,3.40812934658761
360.73687436547,292.966157729689,2.88211823975742
603.297796167912,99.6795820348914,4.13749150309705
391.368067651212,230.144560607568,4.16543100815752
568.297567004214,407.059286216591,4.77570798606248
139.785807656755,280.31436579033,4.50176050219143
195.782272065424,367.482345275384,3.96735765409766
125.044580252378,410.499256295154,3.30550639309015
627.207247551042,315.367735354303,4.50049445418303
1.71112589379507,149.736986123546,4.26293593588159
542.491454015614,206.732069143736,4.14541932040093
35.5509351190914,493.022246450721,3.00022159967399
277.061571185016,22.294704000191,3.92645278159002
530.439012128268,389.270019755605,3.42854855162734
78.187506361911,87.9864521928739,5.25718462252755
6.23617456568405,75.9708855393902,3.39299327740689
582.140858087245,223.659873259817,3.99454557533921
436.879173904785,458.969530772952,4.76065719996097
661.030740280215,372.165667071324,3.07913468519153
98.837425730201,486.218040088522,4.3646781057687
625.669804664508,87.6989362853254,4.09346227626425
420.18328600747,259.494116392035,3.560274753834
11.2707808012561,179.476332964114,3.09516422704962
72.8727992914668,116.454841576033,4.60065410478206
604.904689089019,191.365736516829,3.89382639972246
263.304966993035,209.086108510327,4.1065489569093
576.156944032524,431.280134966174,3.92693560986284
302.352453528633,129.333200030174,4.00582690735978
526.443391275098,455.463626227394,3.61717193140129
59.0123492392107,425.812717219217,4.15761614414965
195.851057771449,295.970212702946,4.13497737760544
556.258301880183,261.123738138506,3.70466947690139
180.514302818204,26.1944595125746,4.0037017929211
500.177891272672,349.180867430749,4.69831179133516
27.5722783049747,65.016640879928,3.88413207264378
534.952311377265,167.046246553844,4.56244398036941
NA,NA,NA
660.727432993662,332.379412884227,3.48458210384194
459.453812229066,295.389622970752,3.88392074888303
5.3301804427292,498.015796493747,3.6101319608928
556.726123397684,48.3718026464566,4.27086909099601
69.9235591842484,376.516292178589,3.93341237504112
230.003426391774,413.054907405948,3.82287363687556
427.797044484665,13.3353109374761,3.27900326755912
358.892435788643,292.815550775049,2.84586210565571
604.08794333403,104.693271904148,4.24813514611198
391.796270008344,232.396182233516,4.13816977563718
570.802855613072,408.834091536864,4.67137651298145
142.636514877016,294.298158428274,4.72358862407086
203.085318706392,369.255481581262,4.03638610282474
125.084798015865,412.452449946277,3.41155768421263
627.884699934042,321.373878873145,4.64020889046011
3.30900335174342,149.634679765008,4.25929195644185
547.910177430628,205.305250281527,4.04078244850767
33.855306328763,489.710017557911,2.96480419494297
272.196318215633,20.8210065279347,3.88922903690864
532.584017580585,394.961422051451,3.39430909002999
69.1961288613007,77.6076621439274,5.28642390279629
5.48521267461672,76.4279027104711,3.57063822612053
587.039820813567,224.546313899132,4.05282350283816
436.428568147204,471.408257200064,4.81050574278975
660.719762688906,373.951850594788,2.89818407949916
107.311684108408,490.923294120722,4.37535376118884
626.384898041351,87.6659135016808,4.09073358866091
419.772871225106,258.440086632283,3.67500421411652
10.5761049805657,182.131002093948,2.94614051284212
86.7843770281272,118.411340465703,4.51223661644172
605.011249421537,200.895155706135,4.25606577430029
257.145461597988,216.998607758743,3.98799262751868
567.971656320677,432.137695640061,3.66679538669764
298.036766845112,131.581854021584,3.81675529135773
534.819487787999,457.286317447729,3.36407061896746
50.4147259236821,421.027455420133,3.40868264944326
200.29780476644,289.384093024961,4.46316860508728
553.022924633605,264.044271151158,3.97294528967653
177.147812808121,39.234396972991,4.45962722854657
509.159152627952,342.414901526953,4.76781875320007
46.5442003722522,53.5371631676869,3.56415806304974
524.736764298572,145.157487946366,4.62131088572284
NA,NA,NA
660.727432993662,332.379412884227,3.48458210384194
459.453812229066,295.389622970752,3.88392074888303
5.3301804427292,498.015796493747,3.6101319608928
556.726123397684,48.3718026464566,4.27086909099601
69.9235591842484,376.516292178589,3.93341237504112
230.003426391774,413.054907405948,3.82287363687556
427.797044484665,13.3353109374761,3.27900326755912
358.892435788643,292.815550775049,2.84586210565571
604.08794333403,104.693271904148,4.24813514611198
391.796270008344,232.396182233516,4.13816977563718
570.802855613072,408.834091536864,4.67137651298145
142.636514877016,294.298158428274,4.72358862407086
203.085318706392,369.255481581262,4.03638610282474
125.084798015865,412.452449946277,3.41155768421263
627.884699934042,321.373878873145,4.64020889046011
3.30900335174342,149.634679765008,4.25929195644185
547.910177430628,205.305250281527,4.04078244850767
33.855306328763,489.710017557911,2.96480419494297
272.196318215633,20.8210065279347,3.88922903690864
532.584017580585,394.961422051451,3.39430909002999
69.1961288613007,77.6076621439274,5.28642390279629
5.48521267461672,76.4279027104711,3.57063822612053
587.039820813567,224.546313899132,4.05282350283816
436.428568147204,471.408257200064,4.81050574278975
660.719762688906,373.951850594788,2.89818407949916
107.311684108408,490.923294120722,4.37535376118884
626.384898041351,87.6659135016808,4.09073358866091
419.772871225106,258.440086632283,3.67500421411652
10.5761049805657,182.131002093948,2.94614051284212
86.7843770281272,118.411340465703,4.51223661644172
605.011249421537,200.895155706135,4.25606577430029
257.145461597988,216.998607758743,3.98799262751868
567.971656320677,432.137695640061,3.66679538669764
298.036766845112,131.581854021584,3.81675529135773
534.819487787999,457.286317447729,3.36407061896746
50.4147259236821,421.027455420133,3.40868264944326
200.29780476644,289.384093024961,4.46316860508728
553.022924633605,264.044271151158,3.97294528967653
177.147812808121,39.234396972991,4.45962722854657
509.159152627952,342.414901526953,4.76781875320007
46.5442003722522,53.5371631676869,3.56415806304974
524.736764298572,145.157487946366,4.62131088572284
NA,NA,NA
660.727432993662,332.379412884227,3.48458210384194
459.453812229066,295.389622970752,3.88392074888303
5.3301804427292,498.015796493747,3.6101319608928
556.726123397684,48.3718026464566,4.27086909099601
69.9235591842484,376.516292178589,3.93341237504112
230.003426391774,413.054907405948,3.82287363687556
427.797044484665,13.3353109374761,3.27900326755912
358.892435788643,292.815550775049,2.84586210565571
604.08794333403,104.693271904148,4.24813514611198
391.796270008344,232.396182233516,4.13816977563718
570.802855613072,408.834091536864,4.67137651298145
142.636514877016,294.298158428274,4.72358862407086
203.085318706392,369.255481581262,4.03638610282474
125.084798015865,412.452449946277,3.41155768421263
627.884699934042,321.373878873145,4.64020889046011
3.30900335174342,149.634679765008,4.25929195644185
547.910177430628,205.305250281527,4.04078244850767
33.855306328763,489.710017557911,2.96480419494297
272.196318215633,20.8210065279347,3.88922903690864
532.584017580585,394.961422051451,3.39430909002999
69.1961288613007,77.6076621439274,5.28642390279629
5.48521267461672,76.4279027104711,3.57063822612053
587.039820813567,224.546313899132,4.05282350283816
436.428568147204,471.408257200064,4.81050574278975
660.719762688906,373.951850594788,2.89818407949916
107.311684108408,490.923294120722,4.37535376118884
626.384898041351,87.6659135016808,4.09073358866091
419.772871225106,258.440086632283,3.67500421411652
10.5761049805657,182.131002093948,2.94614051284212
86.7843770281272,118.411340465703,4.51223661644172
605.011249421537,200.895155706135,4.25606577430029
257.145461597988,216.998607758743,3.98799262751868
567.971656320677,432.137695640061,3.66679538669764
298.036766845112,131.581854021584,3.81675529135773
534.819487787999,457.286317447729,3.36407061896746
50.4147259236821,421.027455420133,3.40868264944326
200.29780476644,289.384093024961,4.46316860508728
553.022924633605,264.044271151158,3.97294528967653
177.147812808121,39.234396972991,4.45962722854657
509.159152627952,342.414901526953,4.76781875320007
46.5442003722522,53.5371631676869,3.56415806304974
524.736764298572,145.157487946366,4.62131088572284
NA,NA,NA
660.727432993662,332.379412884227,3.48458210384194
459.453812229066,295.389622970752,3.88392074888303
5.3301804427292,498.015796493747,3.6101319608928
556.726123397684,48.3718026464566,4.27086909099601
69.9235591842484,376.516292178589,3.93341237504112
230.003426391774,413.054907405948,3.82287363687556
427.797044484665,13.3353109374761,3.27900326755912
358.892435788643,292.815550775049,2.84586210565571
604.08794333403,104.693271904148,4.24813514611198
391.796270008344,232.396182233516,4.13816977563718
570.802855613072,408.834091536864,4.67137651298145
142.636514877016,294.298158428274,4.72358862407086
203.085318706392,369.255481581262,4.03638610282474
125.084798015865,412.452449946277,3.41155768421263
627.884699934042,321.373878873145,4.64020889046011
3.30900335174342,149.634679765008,4.25929195644185
547.910177430628,205.305250281527,4.04078244850767
33.855306328763,489.710017557911,2.96480419494297
272.196318215633,20.8210065279347,3.88922903690864
532.584017580585,394.961422051451,3.39430909002999
69.1961288613007,77.6076621439274,5.28642390279629
5.48521267461672,76.4279027104711,3.57063822612053
587.039820813567,224.546313899132,4.05282350283816
436.428568147204,471.408257200064,4.81050574278975
660.719762688906,373.951850594788,2.89818407949916
107.311684108408,490.923294120722,4.37535376118884
626.384898041351,87.6659135016808,4.09073358866091
419.772871225106,258.440086632283,3.67500421411652
10.5761049805657,182.131002093948,2.94614051284212
86.7843770281272,118.411340465703,4.51223661644172
605.011249421537,200.895155706135,4.25606577430029
257.145461597988,216.998607758743,3.98799262751868
567.971656320677,432.137695640061,3.66679538669764
298.036766845112,131.581854021584,3.81675529135773
534.819487787999,457.286317447729,3.36407061896746
50.4147259236821,421.027455420133,3.40868264944326
200.29780476644,289.384093024961,4.46316860508728
553.022924633605,264.044271151158,3.97294528967653
177.147812808121,39.234396972991,4.45962722854657
509.159152627952,342.414901526953,4.76781875320007
46.5442003722522,53.5371631676869,3.56415806304974
524.736764298572,145.157487946366,4.62131088572284
NA,NA,NA
660.727432993662,332.379412884227,3.48458210384194
459.453812229066,295.389622970752,3.88392074888303
5.3301804427292,498.015796493747,3.6101319608928
556.726123397684,48.3718026464566,4.27086909099601
69.9235591842484,376.516292178589,3.93341237504112
230.003426391774,413.054907405948,3.82287363687556
427.797044484665,13.3353109374761,3.27900326755912
358.892435788643,292.815550775049,2.84586210565571
604.08794333403,104.693271904148,4.24813514611198
391.796270008344,232.396182233516,4.13816977563718
570.802855613072,408.834091536864,4.67137651298145
142.636514877016,294.298158428274,4.72358862407086
203.085318706392,369.255481581262,4.03638610282474
125.084798015865,412.452449946277,3.41155768421263
627.884699934042,321.373878873145,4.64020889046011
3.30900335174342,149.634679765008,4.25929195644185
547.910177430628,205.305250281527,4.04078244850767
33.855306328763,489.710017557911,2.96480419494297
272.196318215633,20.8210065279347,3.88922903690864
532.584017580585,394.961422051451,3.39430909002999
69.1961288613007,77.6076621439274,5.28642390279629
5.48521267461672,76.4279027104711,3.57063822612053
587.039820813567,224.546313899132,4.05282350283816
436.428568147204,471.408257200064,4.81050574278975
660.719762688906,373.951850594788,2.89818407949916
107.311684108408,490.923294120722,4.37535376118884
626.384898041351,87.6659135016808,4.09073358866091
419.772871225106,258.440086632283,3.67500421411652
10.5761049805657,182.131002093948,2.94614051284212
86.7843770281272,118.411340465703,4.51223661644172
605.011249421537,200.895155706135,4.25606577430029
257.145461597988,216.998607758743,3.98799262751868
567.971656320677,432.137695640061,3.66679538669764
298.036766845112,131.581854021584,3.81675529135773
534.819487787999,457.286317447729,3.36407061896746
50.4147259236821,421.027455420133,3.40868264944326
200.29780476644,289.384093024961,4.46316860508728
553.022924633605,264.044271151158,3.97294528967653
177.147812808121,39.234396972991,4.45962722854657
509.159152627952,342.414901526953,4.76781875320007
46.5442003722522,53.5371631676869,3.56415806304974
524.736764298572,145.157487946366,4.62131088572284
NA,NA,NA
660.727432993662,332.379412884227,3.48458210384194
459.453812229066,295.389622970752,3.88392074888303
5.3301804427292,498.015796493747,3.6101319608928
556.726123397684,48.3718026464566,4.27086909099601
69.9235591842484,376.516292178589,3.93341237504112
230.003426391774,413.054907405948,3.82287363687556
427.797044484665,13.3353109374761,3.27900326755912
358.892435788643,292.815550775049,2.84586210565571
604.08794333403,104.693271904148,4.24813514611198
391.796270008344,232.396182233516,4.13816977563718
570.802855613072,408.834091536864,4.67137651298145
142.636514877016,294.298158428274,4.72358862407086
203.085318706392,369.255481581262,4.03638610282474
125.084798015865,412.452449946277,3.41155768421263
627.884699934042,321.373878873145,4.64020889046011
3.30900335174342,149.634679765008,4.25929195644185
547.910177430628,205.305250281527,4.04078244850767
33.855306328763,489.710017557911,2.96480419494297
272.196318215633,20.8210065279347,3.88922903690864
532.584017580585,394.961422051451,3.39430909002999
69.1961288613007,77.6076621439274,5.28642390279629
5.48521267461672,76.4279027104711,3.57063822612053
587.039820813567,224.546313899132,4.05282350283816
436.428568147204,471.408257200064,4.81050574278975
660.719762688906,373.951850594788,2.89818407949916
107.311684108408,490.923294120722,4.37535376118884
626.384898041351,87.6659135016808,4.09073358866091
419.772871225106,258.440086632283,3.67500421411652
10.5761049805657,182.131002093948,2.94614051284212
86.7843770281272,118.411340465703,4.51223661644172
605.011249421537,200.895155706135,4.25606577430029
257.145461597988,216.998607758743,3.98799262751868
567.971656320677,432.137695640061,3.66679538669764
298.036766845112,131.581854021584,3.81675529135773
534.819487787999,457.286317447729,3.36407061896746
50.4147259236821,421.027455420133,3.40868264944326
200.29780476644,289.384093024961,4.46316860508728
553.022924633605,264.044271151158,3.97294528967653
177.147812808121,39.234396972991,4.45962722854657
509.159152627952,342.414901526953,4.76781875320007
46.5442003722522,53.5371631676869,3.56415806304974
524.736764298572,145.157487946366,4.62131088572284
NA,NA,NA
659.760277301295,333.328625999818,3.59317100586041
459.553433189226,298.287360984269,3.6426535858453
10.6825021660832,499.21812656292,3.60509100695211
556.563779767409,47.4211080068865,4.0426315147645
68.089231313184,373.906909112917,3.86857000147762
226.481380640808,414.728083951122,3.88708230629928
427.297756525437,15.5289982093173,3.34600589744043
362.878877159543,289.454577277845,2.95478031547223
607.104275719559,105.876820537106,4.08801255440695
392.806983971869,227.023810087174,4.30397201211702
563.919057781815,409.159352625451,4.75571866847118
141.933855535084,287.772116339045,4.43832916095132
198.768312518961,375.701178056919,4.04228152152824
126.722344409246,411.17645037347,3.52739572214798
626.312017035389,313.299368310643,4.50778197862235
-2.42135578466654,146.598159003537,4.25306779608546
541.491731923035,207.474377576938,4.13374530870227
31.9844805666243,491.102034135913,3.04915074870794
281.24435173751,22.2288402229473,3.89221300526667
533.081384018851,392.38916227856,3.383753177083
76.7196959770887,75.539569921026,5.14843256102832
2.56258247098701,74.4639863066025,3.21486472094046
591.943152815506,228.328974597532,3.98575898716666
434.658350627581,456.320377557396,4.86547319494995
657.10501701671,372.06659513099,3.04875960559241
103.473665510794,488.403950094895,4.34060669989206
626.357425630488,91.8029431605885,4.13228666122437
423.611410495111,261.138205102479,3.65788842427374
11.6380113362379,180.253024611298,3.15942307140238
55.3021408143709,121.29253979696,4.36670682758897
619.696952135886,218.744374905,4.40793932937363
258.926736379069,231.174647202574,3.90065849079518
587.971222012039,430.55877731314,4.01251868400699
298.104492943467,131.624601679948,4.01010474719697
526.907718841827,456.16710225547,3.53741752892423
53.3011444380961,420.417146198577,3.96382344498242
199.201414333796,291.179452497556,3.98607098989607
544.73750868985,263.908591949334,3.69611121160009
179.0246306665,33.2796368413604,4.4011691095008
503.694778659033,339.345514578142,4.55522268373392
40.3999458339643,48.9450148113529,3.77353468216057
530.146912167345,133.055451739943,4.80688684625773
NA,NA,NA
659.760277301295,333.328625999818,3.59317100586041
459.553433189226,298.287360984269,3.6426535858453
10.6825021660832,499.21812656292,3.60509100695211
556.563779767409,47.4211080068865,4.0426315147645
68.089231313184,373.906909112917,3.86857000147762
226.481380640808,414.728083951122,3.88708230629928
427.297756525437,15.5289982093173,3.34600589744043
362.878877159543,289.454577277845,2.95478031547223
607.104275719559,105.876820537106,4.08801255440695
392.806983971869,227.023810087174,4.30397201211702
563.919057781815,409.159352625451,4.75571866847118
141.933855535084,287.772116339045,4.43832916095132
198.768312518961,375.701178056919,4.04228152152824
126.722344409246,411.17645037347,3.52739572214798
626.312017035389,313.299368310643,4.50778197862235
-2.42135578466654,146.598159003537,4.25306779608546
541.491731923035,207.474377576938,4.13374530870227
31.9844805666243,491.102034135913,3.04915074870794
281.24435173751,22.2288402229473,3.89221300526667
533.081384018851,392.38916227856,3.383753177083
76.7196959770887,75.539569921026,5.14843256102832
2.56258247098701,74.4639863066025,3.21486472094046
591.943152815506,228.328974597532,3.98575898716666
434.658350627581,456.320377557396,4.86547319494995
657.10501701671,372.06659513099,3.04875960559241
103.473665510794,488.403950094895,4.34060669989206
626.357425630488,91.8029431605885,4.13228666122437
423.611410495111,261.138205102479,3.65788842427374
11.6380113362379,180.253024611298,3.15942307140238
55.3021408143709,121.29253979696,4.36670682758897
619.696952135886,218.744374905,4.40793932937363
258.926736379069,231.174647202574,3.90065849079518
587.971222012039,430.55877731314,4.01251868400699
298.104492943467,131.624601679948,4.01010474719697
526.907718841827,456.16710225547,3.53741752892423
53.3011444380961,420.417146198577,3.96382344498242
199.201414333796,291.179452497556,3.98607098989607
544.73750868985,263.908591949334,3.69611121160009
179.0246306665,33.2796368413604,4.4011691095008
503.694778659033,339.345514578142,4.55522268373392
40.3999458339643,48.9450148113529,3.77353468216057
530.146912167345,133.055451739943,4.80688684625773
NA,NA,NA
659.760277301295,333.328625999818,3.59317100586041
459.553433189226,298.287360984269,3.6426535858453
10.6825021660832,499.21812656292,3.60509100695211
556.563779767409,47.4211080068865,4.0426315147645
68.089231313184,373.906909112917,3.86857000147762
226.481380640808,414.728083951122,3.88708230629928
427.297756525437,15.5289982093173,3.34600589744043
362.878877159543,289.454577277845,2.95478031547223
607.104275719559,105.876820537106,4.08801255440695
392.806983971869,227.023810087174,4.30397201211702
563.919057781815,409.159352625451,4.75571866847118
141.933855535084,287.772116339045,4.43832916095132
198.768312518961,375.701178056919,4.04228152152824
126.722344409246,411.17645037347,3.52739572214798
626.312017035389,313.299368310643,4.50778197862235
-2.42135578466654,146.598159003537,4.25306779608546
541.491731923035,207.474377576938,4.13374530870227
31.9844805666243,491.102034135913,3.04915074870794
281.24435173751,22.2288402229473,3.89221300526667
533.081384018851,392.38916227856,3.383753177083
76.7196959770887,75.539569921026,5.14843256102832
2.56258247098701,74.4639863066025,3.21486472094046
591.943152815506,228.328974597532,3.98575898716666
434.658350627581,456.320377557396,4.86547319494995
657.10501701671,372.06659513099,3.04875960559241
103.473665510794,488.403950094895,4.34060669989206
626.357425630488,91.8029431605885,4.13228666122437
423.611410495111,261.138205102479,3.65788842427374
11.6380113362379,180.253024611298,3.15942307140238
55.3021408143709,121.29253979696,4.36670682758897
619.696952135886,218.744374905,4.40793932937363
258.926736379069,231.174647202574,3.90065849079518
587.971222012039,430.55877731314,4.01251868400699
298.104492943467,131.624601679948,4.01010474719697
526.907718841827,456.16710225547,3.53741752892423
53.3011444380961,420.417146198577,3.96382344498242
199.201414333796,291.179452497556,3.98607098989607
544.73750868985,263.908591949334,3.69611121160009
179.0246306665,33.2796368413604,4.4011691095008
503.694778659033,339.345514578142,4.55522268373392
40.3999458339643,48.9450148113529,3.77353468216057
530.146912167345,133.055451739943,4.80688684625773
NA,NA,NA
659.760277301295,333.328625999818,3.59317100586041
459.553433189226,298.287360984269,3.6426535858453
10.6825021660832,499.21812656292,3.60509100695211
556.563779767409,47.4211080068865,4.0426315147645
68.089231313184,373.906909112917,3.86857000147762
226.481380640808,414.728083951122,3.88708230629928
427.297756525437,15.5289982093173,3.34600589744043
362.878877159543,289.454577277845,2.95478031547223
607.104275719559,105.876820537106,4.08801255440695
392.806983971869,227.023810087174,4.30397201211702
563.919057781815,409.159352625451,4.75571866847118
141.933855535084,287.772116339045,4.43832916095132
198.768312518961,375.701178056919,4.04228152152824
126.722344409246,411.17645037347,3.52739572214798
626.312017035389,313.299368310643,4.50778197862235
-2.42135578466654,146.598159003537,4.25306779608546
541.491731923035,207.474377576938,4.13374530870227
31.9844805666243,491.102034135913,3.04915074870794
281.24435173751,22.2288402229473,3.89221300526667
533.081384018851,392.38916227856,3.383753177083
76.7196959770887,75.539569921026,5.14843256102832
2.56258247098701,74.4639863066025,3.21486472094046
591.943152815506,228.328974597532,3.98575898716666
434.658350627581,456.320377557396,4.86547319494995
657.10501701671,372.06659513099,3.04875960559241
103.473665510794,488.403950094895,4.34060669989206
626.357425630488,91.8029431605885,4.13228666122437
423.611410495111,261.138205102479,3.65788842427374
11.6380113362379,180.253024611298,3.15942307140238
55.3021408143709,121.29253979696,4.36670682758897
619.696952135886,218.744374905,4.40793932937363
258.926736379069,231.174647202574,3.90065849079518
587.971222012039,430.55877731314,4.01251868400699
298.104492943467,131.624601679948,4.01010474719697
526.907718841827,456.16710225547,3.53741752892423
53.3011444380961,420.417146198577,3.96382344498242
199.201414333796,291.179452497556,3.98607098989607
544.73750868985,263.908591949334,3.69611121160009
179.0246306665,33.2796368413604,4.4011691095008
503.694778659033,339.345514578142,4.55522268373392
40.3999458339643,48.9450148113529,3.77353468216057
530.146912167345,133.055451739943,4.80688684625773
NA,NA,NA
659.760277301295,333.328625999818,3.59317100586041
459.553433189226,298.287360984269,3.6426535858453
10.6825021660832,499.21812656292,3.60509100695211
556.563779767409,47.4211080068865,4.0426315147645
68.089231313184,373.906909112917,3.86857000147762
226.481380640808,414.728083951122,3.88708230629928
427.297756525437,15.5289982093173,3.34600589744043
362.878877159543,289.454577277845,2.95478031547223
607.104275719559,105.876820537106,4.08801255440695
392.806983971869,227.023810087174,4.30397201211702
563.919057781815,409.159352625451,4.75571866847118
141.933855535084,287.772116339045,4.43832916095132
198.768312518961,375.701178056919,4.04228152152824
126.722344409246,411.17645037347,3.52739572214798
626.312017035389,313.299368310643,4.50778197862235
-2.42135578466654,146.598159003537,4.25306779608546
541.491731923035,207.474377576938,4.13374530870227
31.9844805666243,491.102034135913,3.04915074870794
281.24435173751,22.2288402229473,3.89221300526667
533.081384018851,392.38916227856,3.383753177083
76.7196959770887,75.539569921026,5.14843256102832
2.56258247098701,74.4639863066025,3.21486472094046
591.943152815506,228.328974597532,3.98575898716666
434.658350627581,456.320377557396,4.86547319494995
657.10501701671,372.06659513099,3.04875960559241
103.473665510794,488.403950094895,4.34060669989206
626.357425630488,91.8029431605885,4.13228666122437
423.611410495111,261.138205102479,3.65788842427374
11.6380113362379,180.253024611298,3.15942307140238
55.3021408143709,121.29253979696,4.36670682758897
619.696952135886,218.744374905,4.40793932937363
258.926736379069,231.174647202574,3.90065849079518
587.971222012039,430.55877731314,4.01251868400699
298.104492943467,131.624601679948,4.01010474719697
526.907718841827,456.16710225547,3.53741752892423
53.3011444380961,420.417146198577,3.96382344498242
199.201414333796,291.179452497556,3.98607098989607
544.73750868985,263.908591949334,3.69611121160009
179.0246306665,33.2796368413604,4.4011691095008
503.694778659033,339.345514578142,4.55522268373392
40.3999458339643,48.9450148113529,3.77353468216057
530.146912167345,133.055451739943,4.80688684625773
NA,NA,NA
659.760277301295,333.328625999818,3.59317100586041
459.553433189226,298.287360984269,3.6426535858453
10.6825021660832,499.21812656292,3.60509100695211
556.563779767409,47.4211080068865,4.0426315147645
68.089231313184,373.906909112917,3.86857000147762
226.481380640808,414.728083951122,3.88708230629928
427.297756525437,15.5289982093173,3.34600589744043
362.878877159543,289.454577277845,2.95478031547223
607.104275719559,105.876820537106,4.08801255440695
392.806983971869,227.023810087174,4.30397201211702
563.919057781815,409.159352625451,4.75571866847118
141.933855535084,287.772116339045,4.43832916095132
198.768312518961,375.701178056919,4.04228152152824
126.722344409246,411.17645037347,3.52739572214798
626.312017035389,313.299368310643,4.50778197862235
-2.42135578466654,146.598159003537,4.25306779608546
541.491731923035,207.474377576938,4.13374530870227
31.9844805666243,491.102034135913,3.04915074870794
281.24435173751,22.2288402229473,3.89221300526667
533.081384018851,392.38916227856,3.383753177083
76.7196959770887,75.539569921026,5.14843256102832
2.56258247098701,74.4639863066025,3.21486472094046
591.943152815506,228.328974597532,3.98575898716666
434.658350627581,456.320377557396,4.86547319494995
657.10501701671,372.06659513099,3.04875960559241
103.473665510794,488.403950094895,4.34060669989206
626.357425630488,91.8029431605885,4.13228666122437
423.611410495111,261.138205102479,3.65788842427374
11.6380113362379,180.253024611298,3.15942307140238
55.3021408143709,121.29253979696,4.36670682758897
619.696952135886,218.744374905,4.40793932937363
258.926736379069,231.174647202574,3.90065849079518
587.971222012039,430.55877731314,4.01251868400699
298.104492943467,131.624601679948,4.01010474719697
526.907718841827,456.16710225547,3.53741752892423
53.3011444380961,420.417146198577,3.96382344498242
199.201414333796,291.179452497556,3.98607098989607
544.73750868985,263.908591949334,3.69611121160009
179.0246306665,33.2796368413604,4.4011691095008
503.694778659033,339.345514578142,4.55522268373392
40.3999458339643,48.9450148113529,3.77353468216057
530.146912167345,133.055451739943,4.80688684625773
NA,NA,NA
661.133770312551,334.674291222727,3.49763345494336
453.775633040219,298.957175465965,3.62973011847341
9.59351288990336,492.815826944496,3.5320336578893
559.640478597959,49.9565919809383,4.2047201809182
72.0912302830712,371.277030286643,4.01563263298363
231.548745635705,414.804504146221,3.91695301717448
426.506823081527,12.6729662505103,3.33037387066061
362.094637797003,292.987322479717,3.00193890260748
600.555039355524,103.512857827777,4.23305573702968
396.206313549828,231.096644809895,4.24217169010872
568.990488165848,401.390349548289,4.74607687907068
142.422773123033,281.967898389444,4.54554559949281
198.344408850478,370.210300461295,3.86153446208756
126.308907508721,409.940974329003,3.38419494724518
626.022006653735,309.675477635839,4.63127442657061
0.319176770805702,150.910433993964,4.29029612727555
545.521210540508,203.212691213369,4.12719741140624
35.1816274702254,491.12475049254,2.99586453930953
281.212683772478,21.7428197334082,3.93220697814782
533.640987424538,390.328341389934,3.34733352362543
78.6615197340417,77.5342009145756,5.21030500020676
7.2429982106746,73.2773914673376,3.55868181912599
587.336728404421,227.682888291249,3.99813457616758
439.649135537925,457.935319030918,4.79060275278634
658.069482387581,371.898861971083,2.97328011591814
107.437753803511,485.265302850831,4.32104257707458
626.404410613599,91.4870559906744,4.03866733087062
419.933822965846,259.358242886159,3.82180502240376
11.4571488328879,180.832711027479,3.20514862753402
71.4269792664719,117.603705052082,4.20894730240759
609.007944436908,191.782464536097,4.27488356184978
255.189075311627,216.639907412982,3.67256461693509
575.601646870787,435.20669320149,3.90189371609536
299.579237132434,136.518025025297,3.94655029817526
528.279601930035,460.003072599014,3.62619942757348
38.5188090035608,415.739359808281,3.67515528453469
207.685742765613,288.278517707426,4.25651680155905
552.844106021745,258.969913363484,3.7051525762619
168.587118552847,14.9602151484341,4.35715189735586
495.78511974838,346.467877648436,4.57733758763539
31.3862668572171,54.2605752259786,3.33744361914725
542.437618444872,153.126033771958,4.28077666636528
NA,NA,NA
661.133770312551,334.674291222727,3.49763345494336
453.775633040219,298.957175465965,3.62973011847341
9.59351288990336,492.815826944496,3.5320336578893
559.640478597959,49.9565919809383,4.2047201809182
72.0912302830712,371.277030286643,4.01563263298363
231.548745635705,414.804504146221,3.91695301717448
426.506823081527,12.6729662505103,3.33037387066061
362.094637797003,292.987322479717,3.00193890260748
600.555039355524,103.512857827777,4.23305573702968
396.206313549828,231.096644809895,4.24217169010872
568.990488165848,401.390349548289,4.74607687907068
142.422773123033,281.967898389444,4.54554559949281
198.344408850478,370.210300461295,3.86153446208756
126.308907508721,409.940974329003,3.38419494724518
626.022006653735,309.675477635839,4.63127442657061
0.319176770805702,150.910433993964,4.29029612727555
545.521210540508,203.212691213369,4.12719741140624
35.1816274702254,491.12475049254,2.99586453930953
281.212683772478,21.7428197334082,3.93220697814782
533.640987424538,390.328341389934,3.34733352362543
78.6615197340417,77.5342009145756,5.21030500020676
7.2429982106746,73.2773914673376,3.55868181912599
587.336728404421,227.682888291249,3.99813457616758
439.649135537925,457.935319030918,4.79060275278634
658.069482387581,371.898861971083,2.97328011591814
107.437753803511,485.265302850831,4.32104257707458
626.404410613599,91.4870559906744,4.03866733087062
419.933822965846,259.358242886159,3.82180502240376
11.4571488328879,180.832711027479,3.20514862753402
71.4269792664719,117.603705052082,4.20894730240759
609.007944436908,191.782464536097,4.27488356184978
255.189075311627,216.639907412982,3.67256461693509
575.601646870787,435.20669320149,3.90189371609536
299.579237132434,136.518025025297,3.94655029817526
528.279601930035,460.003072599014,3.62619942757348
38.5188090035608,415.739359808281,3.67515528453469
207.685742765613,288.278517707426,4.25651680155905
552.844106021745,258.969913363484,3.7051525762619
168.587118552847,14.9602151484341,4.35715189735586
495.78511974838,346.467877648436,4.57733758763539
31.3862668572171,54.2605752259786,3.33744361914725
542.437618444872,153.126033771958,4.28077666636528
NA,NA,NA
661.133770312551,334.674291222727,3.49763345494336
453.775633040219,298.957175465965,3.62973011847341
9.59351288990336,492.815826944496,3.5320336578893
559.640478597959,49.9565919809383,4.2047201809182
72.0912302830712,371.277030286643,4.01563263298363
231.548745635705,414.804504146221,3.91695301717448
426.506823081527,12.6729662505103,3.33037387066061
362.094637797003,292.987322479717,3.00193890260748
600.555039355524,103.512857827777,4.23305573702968
396.206313549828,231.096644809895,4.24217169010872
568.990488165848,401.390349548289,4.74607687907068
142.422773123033,281.967898389444,4.54554559949281
198.344408850478,370.210300461295,3.86153446208756
126.308907508721,409.940974329003,3.38419494724518
626.022006653735,309.675477635839,4.63127442657061
0.319176770805702,150.910433993964,4.29029612727555
545.521210540508,203.212691213369,4.12719741140624
35.1816274702254,491.12475049254,2.99586453930953
281.212683772478,21.7428197334082,3.93220697814782
533.640987424538,390.328341389934,3.34733352362543
78.6615197340417,77.5342009145756,5.21030500020676
7.2429982106746,73.2773914673376,3.55868181912599
587.336728404421,227.682888291249,3.99813457616758
439.649135537925,457.935319030918,4.79060275278634
658.069482387581,371.898861971083,2.97328011591814
107.437753803511,485.265302850831,4.32104257707458
626.404410613599,91.4870559906744,4.03866733087062
419.933822965846,259.358242886159,3.82180502240376
11.4571488328879,180.832711027479,3.20514862753402
71.4269792664719,117.603705052082,4.20894730240759
609.007944436908,191.782464536097,4.27488356184978
255.189075311627,216.639907412982,3.67256461693509
575.601646870787,435.20669320149,3.90189371609536
299.579237132434,136.518025025297,3.94655029817526
528.279601930035,460.003072599014,3.62619942757348
38.5188090035608,415.739359808281,3.67515528453469
207.685742765613,288.278517707426,4.25651680155905
552.844106021745,258.969913363484,3.7051525762619
168.587118552847,14.9602151484341,4.35715189735586
495.78511974838,346.467877648436,4.57733758763539
31.3862668572171,54.2605752259786,3.33744361914725
542.437618444872,153.126033771958,4.28077666636528
NA,NA,NA
661.133770312551,334.674291222727,3.49763345494336
453.775633040219,298.957175465965,3.62973011847341
9.59351288990336,492.815826944496,3.5320336578893
559.640478597959,49.9565919809383,4.2047201809182
72.0912302830712,371.277030286643,4.01563263298363
231.548745635705,414.804504146221,3.91695301717448
426.506823081527,12.6729662505103,3.33037387066061
362.094637797003,292.987322479717,3.00193890260748
600.555039355524,103.512857827777,4.23305573702968
396.206313549828,231.096644809895,4.24217169010872
568.990488165848,401.390349548289,4.74607687907068
142.422773123033,281.967898389444,4.54554559949281
198.344408850478,370.210300461295,3.86153446208756
126.308907508721,409.940974329003,3.38419494724518
626.022006653735,309.675477635839,4.63127442657061
0.319176770805702,150.910433993964,4.29029612727555
545.521210540508,203.212691213369,4.12719741140624
35.1816274702254,491.12475049254,2.99586453930953
281.212683772478,21.7428197334082,3.93220697814782
533.640987424538,390.328341389934,3.34733352362543
78.6615197340417,77.5342009145756,5.21030500020676
7.2429982106746,73.2773914673376,3.55868181912599
587.336728404421,227.682888291249,3.99813457616758
439.649135537925,457.935319030918,4.79060275278634
658.069482387581,371.898861971083,2.97328011591814
107.437753803511,485.265302850831,4.32104257707458
626.404410613599,91.4870559906744,4.03866733087062
419.933822965846,259.358242886159,3.82180502240376
11.4571488328879,180.832711027479,3.20514862753402
71.4269792664719,117.603705052082,4.20894730240759
609.007944436908,191.782464536097,4.27488356184978
255.189075311627,216.639907412982,3.67256461693509
575.601646870787,435.20669320149,3.90189371609536
299.579237132434,136.518025025297,3.94655029817526
528.279601930035,460.003072599014,3.62619942757348
38.5188090035608,415.739359808281,3.67515528453469
207.685742765613,288.278517707426,4.25651680155905
552.844106021745,258.969913363484,3.7051525762619
168.587118552847,14.9602151484341,4.35715189735586
495.78511974838,346.467877648436,4.57733758763539
31.3862668572171,54.2605752259786,3.33744361914725
542.437618444872,153.126033771958,4.28077666636528
NA,NA,NA
661.133770312551,334.674291222727,3.49763345494336
453.775633040219,298.957175465965,3.62973011847341
9.59351288990336,492.815826944496,3.5320336578893
559.640478597959,49.9565919809383,4.2047201809182
72.0912302830712,371.277030286643,4.01563263298363
231.548745635705,414.804504146221,3.91695301717448
426.506823081527,12.6729662505103,3.33037387066061
362.094637797003,292.987322479717,3.00193890260748
600.555039355524,103.512857827777,4.23305573702968
396.206313549828,231.096644809895,4.24217169010872
568.990488165848,401.390349548289,4.74607687907068
142.422773123033,281.967898389444,4.54554559949281
198.344408850478,370.210300461295,3.86153446208756
126.308907508721,409.940974329003,3.38419494724518
626.022006653735,309.675477635839,4.63127442657061
0.319176770805702,150.910433993964,4.29029612727555
545.521210540508,203.212691213369,4.12719741140624
35.1816274702254,491.12475049254,2.99586453930953
281.212683772478,21.7428197334082,3.93220697814782
533.640987424538,390.328341389934,3.34733352362543
78.6615197340417,77.5342009145756,5.21030500020676
7.2429982106746,73.2773914673376,3.55868181912599
587.336728404421,227.682888291249,3.99813457616758
439.649135537925,457.935319030918,4.79060275278634
658.069482387581,371.898861971083,2.97328011591814
107.437753803511,485.265302850831,4.32104257707458
626.404410613599,91.4870559906744,4.03866733087062
419.933822965846,259.358242886159,3.82180502240376
11.4571488328879,180.832711027479,3.20514862753402
71.4269792664719,117.603705052082,4.20894730240759
609.007944436908,191.782464536097,4.27488356184978
255.189075311627,216.639907412982,3.67256461693509
575.601646870787,435.20669320149,3.90189371609536
299.579237132434,136.518025025297,3.94655029817526
528.279601930035,460.003072599014,3.62619942757348
38.5188090035608,415.739359808281,3.67515528453469
207.685742765613,288.278517707426,4.25651680155905
552.844106021745,258.969913363484,3.7051525762619
168.587118552847,14.9602151484341,4.35715189735586
495.78511974838,346.467877648436,4.57733758763539
31.3862668572171,54.2605752259786,3.33744361914725
542.437618444872,153.126033771958,4.28077666636528
NA,NA,NA
661.133770312551,334.674291222727,3.49763345494336
453.775633040219,298.957175465965,3.62973011847341
9.59351288990336,492.815826944496,3.5320336578893
559.640478597959,49.9565919809383,4.2047201809182
72.0912302830712,371.277030286643,4.01563263298363
231.548745635705,414.804504146221,3.91695301717448
426.506823081527,12.6729662505103,3.33037387066061
362.094637797003,292.987322479717,3.00193890260748
600.555039355524,103.512857827777,4.23305573702968
396.206313549828,231.096644809895,4.24217169010872
568.990488165848,401.390349548289,4.74607687907068
142.422773123033,281.967898389444,4.54554559949281
198.344408850478,370.210300461295,3.86153446208756
126.308907508721,409.940974329003,3.38419494724518
626.022006653735,309.675477635839,4.63127442657061
0.319176770805702,150.910433993964,4.29029612727555
545.521210540508,203.212691213369,4.12719741140624
35.1816274702254,491.12475049254,2.99586453930953
281.212683772478,21.7428197334082,3.93220697814782
533.640987424538,390.328341389934,3.34733352362543
78.6615197340417,77.5342009145756,5.21030500020676
7.2429982106746,73.2773914673376,3.55868181912599
587.336728404421,227.682888291249,3.99813457616758
439.649135537925,457.935319030918,4.79060275278634
658.069482387581,371.898861971083,2.97328011591814
107.437753803511,485.265302850831,4.32104257707458
626.404410613599,91.4870559906744,4.03866733087062
419.933822965846,259.358242886159,3.82180502240376
11.4571488328879,180.832711027479,3.20514862753402
71.4269792664719,117.603705052082,4.20894730240759
609.007944436908,191.782464536097,4.27488356184978
255.189075311627,216.639907412982,3.67256461693509
575.601646870787,435.20669320149,3.90189371609536
299.579237132434,136.518025025297,3.94655029817526
528.279601930035,460.003072599014,3.62619942757348
38.5188090035608,415.739359808281,3.67515528453469
207.685742765613,288.278517707426,4.25651680155905
552.844106021745,258.969913363484,3.7051525762619
168.587118552847,14.9602151484341,4.35715189735586
495.78511974838,346.467877648436,4.57733758763539
31.3862668572171,54.2605752259786,3.33744361914725
542.437618444872,153.126033771958,4.28077666636528
NA,NA,NA
666.159132576659,331.862115102237,3.60012589897113
454.935713564575,296.8740451058,3.67916808607582
12.2058529201159,496.579697353485,3.54848491401268
558.604823681998,52.8858760793802,4.03802865699166
77.9496921492276,377.286590455593,3.92863274081067
233.36561325929,413.949638320391,3.88875879006601
428.151277918463,11.4081741564794,3.30298599740389
360.480229729575,290.070929655929,2.98986370313877
605.134060409223,99.6892354175937,4.23186843351396
393.754321120229,230.938426868669,4.18925781817252
572.743386292394,413.90695296042,4.68926693974196
143.326680842605,286.738399763043,4.47003152619524
203.168126079523,367.425182366349,3.99262823136157
125.486345380189,409.919764691366,3.43036829008741
625.700658707363,308.942285846038,4.6263237338179
6.4181093462682,143.407515041236,4.28023625616161
541.86422096673,199.196278148633,4.04231031736982
34.4285476596804,493.581726463536,3.01244607810284
276.399432209238,19.2155843303835,3.86220909141119
531.616125021421,392.642480724595,3.61280402888393
77.1254820810174,75.8312889540222,5.2601938348275
1.06633717858482,76.774794173009,3.63310198252281
583.65809725171,227.811636086498,4.04391236030901
440.840002183172,458.850667724756,4.7588171525776
658.420822805691,375.908469183149,2.84052833865563
107.40649070328,492.568110698259,4.37722203068952
622.096647563908,94.225310935106,4.10557079817191
418.03118396632,259.605280813118,3.64016719425259
11.0260945737044,182.720635329244,3.22064687196124
74.111672517361,120.999824013684,4.3472130423669
619.324323361356,206.311520459261,4.40834863057321
255.520802677037,222.679156601943,3.87443853414326
574.269432712135,426.528387486604,3.84189449905422
296.667716549055,133.450411409697,3.82888545340048
530.913215156223,461.295057827802,3.7338351326748
42.9283045440783,416.447214516265,3.72764647527694
191.40349222518,297.919270896431,3.97465630374354
547.136608705724,258.509182306355,3.52468619613747
177.136013165265,22.7207890040311,4.32978597782243
501.9885396377,353.312322569191,4.49672997586577
26.8223309965472,48.9602236940465,4.08307558737575
539.582858333382,136.276198529914,4.61668619337166
NA,NA,NA
666.159132576659,331.862115102237,3.60012589897113
454.935713564575,296.8740451058,3.67916808607582
12.2058529201159,496.579697353485,3.54848491401268
558.604823681998,52.8858760793802,4.03802865699166
77.9496921492276,377.286590455593,3.92863274081067
233.36561325929,413.949638320391,3.88875879006601
428.151277918463,11.4081741564794,3.30298599740389
360.480229729575,290.070929655929,2.98986370313877
605.134060409223,99.6892354175937,4.23186843351396
393.754321120229,230.938426868669,4.18925781817252
572.743386292394,413.90695296042,4.68926693974196
143.326680842605,286.738399763043,4.47003152619524
203.168126079523,367.425182366349,3.99262823136157
125.486345380189,409.919764691366,3.43036829008741
625.700658707363,308.942285846038,4.6263237338179
6.4181093462682,143.407515041236,4.28023625616161
541.86422096673,199.196278148633,4.04231031736982
34.4285476596804,493.581726463536,3.01244607810284
276.399432209238,19.2155843303835,3.86220909141119
531.616125021421,392.642480724595,3.61280402888393
77.1254820810174,75.8312889540222,5.2601938348275
1.06633717858482,76.774794173009,3.63310198252281
583.65809725171,227.811636086498,4.04391236030901
440.840002183172,458.850667724756,4.7588171525776
658.420822805691,375.908469183149,2.84052833865563
107.40649070328,492.568110698259,4.37722203068952
622.096647563908,94.225310935106,4.10557079817191
418.03118396632,259.605280813118,3.64016719425259
11.0260945737044,182.720635329244,3.22064687196124
74.111672517361,120.999824013684,4.3472130423669
619.324323361356,206.311520459261,4.40834863057321
255.520802677037,222.679156601943,3.87443853414326
574.269432712135,426.528387486604,3.84189449905422
296.667716549055,133.450411409697,3.82888545340048
530.913215156223,461.295057827802,3.7338351326748
42.9283045440783,416.447214516265,3.72764647527694
191.40349222518,297.919270896431,3.97465630374354
547.136608705724,258.509182306355,3.52468619613747
177.136013165265,22.7207890040311,4.32978597782243
501.9885396377,353.312322569191,4.49672997586577
26.8223309965472,48.9602236940465,4.08307558737575
539.582858333382,136.276198529914,4.61668619337166
NA,NA,NA
666.159132576659,331.862115102237,3.60012589897113
454.935713564575,296.8740451058,3.67916808607582
12.2058529201159,496.579697353485,3.54848491401268
558.604823681998,52.8858760793802,4.03802865699166
77.9496921492276,377.286590455593,3.92863274081067
233.36561325929,413.949638320391,3.88875879006601
428.151277918463,11.4081741564794,3.30298599740389
360.480229729575,290.070929655929,2.98986370313877
605.134060409223,99.6892354175937,4.23186843351396
393.754321120229,230.938426868669,4.18925781817252
572.743386292394,413.90695296042,4.68926693974196
143.326680842605,286.738399763043,4.47003152619524
203.168126079523,367.425182366349,3.99262823136157
125.486345380189,409.919764691366,3.43036829008741
625.700658707363,308.942285846038,4.6263237338179
6.4181093462682,143.407515041236,4.28023625616161
541.86422096673,199.196278148633,4.04231031736982
34.4285476596804,493.581726463536,3.01244607810284
276.399432209238,19.2155843303835,3.86220909141119
531.616125021421,392.642480724595,3.61280402888393
77.1254820810174,75.8312889540222,5.2601938348275
1.06633717858482,76.774794173009,3.63310198252281
583.65809725171,227.811636086498,4.04391236030901
440.840002183172,458.850667724756,4.7588171525776
658.420822805691,375.908469183149,2.84052833865563
107.40649070328,492.568110698259,4.37722203068952
622.096647563908,94.225310935106,4.10557079817191
418.03118396632,259.605280813118,3.64016719425259
11.0260945737044,182.720635329244,3.22064687196124
74.111672517361,120.999824013684,4.3472130423669
619.324323361356,206.311520459261,4.40834863057321
255.520802677037,222.679156601943,3.87443853414326
574.269432712135,426.528387486604,3.84189449905422
296.667716549055,133.450411409697,3.82888545340048
530.913215156223,461.295057827802,3.7338351326748
42.9283045440783,416.447214516265,3.72764647527694
191.40349222518,297.919270896431,3.97465630374354
547.136608705724,258.509182306355,3.52468619613747
177.136013165265,22.7207890040311,4.32978597782243
501.9885396377,353.312322569191,4.49672997586577
26.8223309965472,48.9602236940465,4.08307558737575
539.582858333382,136.276198529914,4.61668619337166
NA,NA,NA
666.159132576659,331.862115102237,3.60012589897113
454.935713564575,296.8740451058,3.67916808607582
12.2058529201159,496.579697353485,3.54848491401268
558.604823681998,52.8858760793802,4.03802865699166
77.9496921492276,377.286590455593,3.92863274081067
233.36561325929,413.949638320391,3.88875879006601
428.151277918463,11.4081741564794,3.30298599740389
360.480229729575,290.070929655929,2.98986370313877
605.134060409223,99.6892354175937,4.23186843351396
393.754321120229,230.938426868669,4.18925781817252
572.743386292394,413.90695296042,4.68926693974196
143.326680842605,286.738399763043,4.47003152619524
203.168126079523,367.425182366349,3.99262823136157
125.486345380189,409.919764691366,3.43036829008741
625.700658707363,308.942285846038,4.6263237338179
6.4181093462682,143.407515041236,4.28023625616161
541.86422096673,199.196278148633,4.04231031736982
34.4285476596804,493.581726463536,3.01244607810284
276.399432209238,19.2155843303835,3.86220909141119
531.616125021421,392.642480724595,3.61280402888393
77.1254820810174,75.8312889540222,5.2601938348275
1.06633717858482,76.774794173009,3.63310198252281
583.65809725171,227.811636086498,4.04391236030901
440.840002183172,458.850667724756,4.7588171525776
658.420822805691,375.908469183149,2.84052833865563
107.40649070328,492.568110698259,4.37722203068952
622.096647563908,94.225310935106,4.10557079817191
418.03118396632,259.605280813118,3.64016719425259
11.0260945737044,182.720635329244,3.22064687196124
74.111672517361,120.999824013684,4.3472130423669
619.324323361356,206.311520459261,4.40834863057321
255.520802677037,222.679156601943,3.87443853414326
574.269432712135,426.528387486604,3.84189449905422
296.667716549055,133.450411409697,3.82888545340048
530.913215156223,461.295057827802,3.7338351326748
42.9283045440783,416.447214516265,3.72764647527694
191.40349222518,297.919270896431,3.97465630374354
547.136608705724,258.509182306355,3.52468619613747
177.136013165265,22.7207890040311,4.32978597782243
501.9885396377,353.312322569191,4.49672997586577
26.8223309965472,48.9602236940465,4.08307558737575
539.582858333382,136.276198529914,4.61668619337166
NA,NA,NA
666.159132576659,331.862115102237,3.60012589897113
454.935713564575,296.8740451058,3.67916808607582
12.2058529201159,496.579697353485,3.54848491401268
558.604823681998,52.8858760793802,4.03802865699166
77.9496921492276,377.286590455593,3.92863274081067
233.36561325929,413.949638320391,3.88875879006601
428.151277918463,11.4081741564794,3.30298599740389
360.480229729575,290.070929655929,2.98986370313877
605.134060409223,99.6892354175937,4.23186843351396
393.754321120229,230.938426868669,4.18925781817252
572.743386292394,413.90695296042,4.68926693974196
143.326680842605,286.738399763043,4.47003152619524
203.168126079523,367.425182366349,3.99262823136157
125.486345380189,409.919764691366,3.43036829008741
625.700658707363,308.942285846038,4.6263237338179
6.4181093462682,143.407515041236,4.28023625616161
541.86422096673,199.196278148633,4.04231031736982
34.4285476596804,493.581726463536,3.01244607810284
276.399432209238,19.2155843303835,3.86220909141119
531.616125021421,392.642480724595,3.61280402888393
77.1254820810174,75.8312889540222,5.2601938348275
1.06633717858482,76.774794173009,3.63310198252281
583.65809725171,227.811636086498,4.04391236030901
440.840002183172,458.850667724756,4.7588171525776
658.420822805691,375.908469183149,2.84052833865563
107.40649070328,492.568110698259,4.37722203068952
622.096647563908,94.225310935106,4.10557079817191
418.03118396632,259.605280813118,3.64016719425259
11.0260945737044,182.720635329244,3.22064687196124
74.111672517361,120.999824013684,4.3472130423669
619.324323361356,206.311520459261,4.40834863057321
255.520802677037,222.679156601943,3.87443853414326
574.269432712135,426.528387486604,3.84189449905422
296.667716549055,133.450411409697,3.82888545340048
530.913215156223,461.295057827802,3.7338351326748
42.9283045440783,416.447214516265,3.72764647527694
191.40349222518,297.919270896431,3.97465630374354
547.136608705724,258.509182306355,3.52468619613747
177.136013165265,22.7207890040311,4.32978597782243
501.9885396377,353.312322569191,4.49672997586577
26.8223309965472,48.9602236940465,4.08307558737575
539.582858333382,136.276198529914,4.61668619337166
NA,NA,NA
666.159132576659,331.862115102237,3.60012589897113
454.935713564575,296.8740451058,3.67916808607582
12.2058529201159,496.579697353485,3.54848491401268
558.604823681998,52.8858760793802,4.03802865699166
77.9496921492276,377.286590455593,3.92863274081067
233.36561325929,413.949638320391,3.88875879006601
428.151277918463,11.4081741564794,3.30298599740389
360.480229729575,290.070929655929,2.98986370313877
605.134060409223,99.6892354175937,4.23186843351396
393.754321120229,230.938426868669,4.18925781817252
572.743386292394,413.90695296042,4.68926693974196
143.326680842605,286.738399763043,4.47003152619524
203.168126079523,367.425182366349,3.99262823136157
125.486345380189,409.919764691366,3.43036829008741
625.700658707363,308.942285846038,4.6263237338179
6.4181093462682,143.407515041236,4.28023625616161
541.86422096673,199.196278148633,4.04231031736982
34.4285476596804,493.581726463536,3.01244607810284
276.399432209238,19.2155843303835,3.86220909141119
531.616125021421,392.642480724595,3.61280402888393
77.1254820810174,75.8312889540222,5.2601938348275
1.06633717858482,76.774794173009,3.63310198252281
583.65809725171,227.811636086498,4.04391236030901
440.840002183172,458.850667724756,4.7588171525776
658.420822805691,375.908469183149,2.84052833865563
107.40649070328,492.568110698259,4.37722203068952
622.096647563908,94.225310935106,4.10557079817191
418.03118396632,259.605280813118,3.64016719425259
11.0260945737044,182.720635329244,3.22064687196124
74.111672517361,120.999824013684,4.3472130423669
619.324323361356,206.311520459261,4.40834863057321
255.520802677037,222.679156601943,3.87443853414326
574.269432712135,426.528387486604,3.84189449905422
296.667716549055,133.450411409697,3.82888545340048
530.913215156223,461.295057827802,3.7338351326748
42.9283045440783,416.447214516265,3.72764647527694
191.40349222518,297.919270896431,3.97465630374354
547.136608705724,258.509182306355,3.52468619613747
177.136013165265,22.7207890040311,4.32978597782243
501.9885396377,353.312322569191,4.49672997586577
26.8223309965472,48.9602236940465,4.08307558737575
539.582858333382,136.276198529914,4.61668619337166
NA,NA,NA
659.718608595681,335.779411040811,3.54544608535255
458.441097169756,298.036314794964,3.56296932978393
12.6421056248926,495.249798095449,3.85067402494884
563.004716553521,49.7730514564416,4.12033872534398
70.3513645561889,380.307325841989,4.08634399535745
229.69344753772,413.635045876943,3.86415075653866
428.905045442495,13.2600920110476,3.30019375530352
361.630424691858,296.007022393152,3.05506472426675
603.935927548463,101.467014200519,4.42250872006973
392.685625226871,231.818421934993,4.31240662089312
574.497055287504,413.856245781868,4.72973803046156
141.092095298477,287.524363737634,4.56432786561921
199.006548089085,368.039517019668,3.98600159457298
125.645828863794,411.271750349611,3.25461164847478
624.788450431267,309.199498907794,4.43435822389779
3.00333502438554,152.076237197809,4.28164910442364
540.902817274477,202.602653855565,4.08431283304476
35.6531964805995,492.837655352546,3.04528336363286
279.336011317396,23.5776730357019,3.87835530516615
533.401843442179,395.591344608631,3.58265849814485
75.1672071618588,73.0256432040381,5.25687359034523
4.64807779536229,76.3103861921903,3.67542062855841
591.47046218874,227.749922273106,4.03182256699904
437.868905451,459.694129542178,4.84573974350147
659.876175372645,374.657446066714,3.09098735485472
108.610404778102,489.098224066671,4.38125721276828
627.623428590146,91.3966347165422,4.06845646474216
421.83081487362,258.265019938044,3.66431249512178
10.3729001871573,182.714168858158,3.15965997785128
64.8224108125651,127.583158836356,4.43038013839495
608.567054835336,194.498699830497,4.37502301698941
256.005722354474,220.169381388259,4.12068004640372
585.248192711649,432.290521871261,3.69054243464516
304.317676907243,135.562326656202,3.8166075275763
526.182338762249,462.765631545283,3.75901486284776
43.2594019819232,409.997086206142,3.87771128666109
188.626859796066,295.596841615542,4.1320245639796
548.897258120602,263.733852179339,3.69715696884807
170.090964271419,31.5138449846943,4.21656854407727
505.10159885855,345.333200709105,4.67083709571726
45.4937553838359,47.8423691565599,3.65227025399495
529.354453008851,133.460268891576,4.73269300634998
NA,NA,NA
659.718608595681,335.779411040811,3.54544608535255
458.441097169756,298.036314794964,3.56296932978393
12.6421056248926,495.249798095449,3.85067402494884
563.004716553521,49.7730514564416,4.12033872534398
70.3513645561889,380.307325841989,4.08634399535745
229.69344753772,413.635045876943,3.86415075653866
428.905045442495,13.2600920110476,3.30019375530352
361.630424691858,296.007022393152,3.05506472426675
603.935927548463,101.467014200519,4.42250872006973
392.685625226871,231.818421934993,4.31240662089312
574.497055287504,413.856245781868,4.72973803046156
141.092095298477,287.524363737634,4.56432786561921
199.006548089085,368.039517019668,3.98600159457298
125.645828863794,411.271750349611,3.25461164847478
624.788450431267,309.199498907794,4.43435822389779
3.00333502438554,152.076237197809,4.28164910442364
540.902817274477,202.602653855565,4.08431283304476
35.6531964805995,492.837655352546,3.04528336363286
279.336011317396,23.5776730357019,3.87835530516615
533.401843442179,395.591344608631,3.58265849814485
75.1672071618588,73.0256432040381,5.25687359034523
4.64807779536229,76.3103861921903,3.67542062855841
591.47046218874,227.749922273106,4.03182256699904
437.868905451,459.694129542178,4.84573974350147
659.876175372645,374.657446066714,3.09098735485472
108.610404778102,489.098224066671,4.38125721276828
627.623428590146,91.3966347165422,4.06845646474216
421.83081487362,258.265019938044,3.66431249512178
10.3729001871573,182.714168858158,3.15965997785128
64.8224108125651,127.583158836356,4.43038013839495
608.567054835336,194.498699830497,4.37502301698941
256.005722354474,220.169381388259,4.12068004640372
585.248192711649,432.290521871261,3.69054243464516
304.317676907243,135.562326656202,3.8166075275763
526.182338762249,462.765631545283,3.75901486284776
43.2594019819232,409.997086206142,3.87771128666109
188.626859796066,295.596841615542,4.1320245639796
548.897258120602,263.733852179339,3.69715696884807
170.090964271419,31.5138449846943,4.21656854407727
505.10159885855,345.333200709105,4.67083709571726
45.4937553838359,47.8423691565599,3.65227025399495
529.354453008851,133.460268891576,4.73269300634998
NA,NA,NA
659.718608595681,335.779411040811,3.54544608535255
458.441097169756,298.036314794964,3.56296932978393
12.6421056248926,495.249798095449,3.85067402494884
563.004716553521,49.7730514564416,4.12033872534398
70.3513645561889,380.307325841989,4.08634399535745
229.69344753772,413.635045876943,3.86415075653866
428.905045442495,13.2600920110476,3.30019375530352
361.630424691858,296.007022393152,3.05506472426675
603.935927548463,101.467014200519,4.42250872006973
392.685625226871,231.818421934993,4.31240662089312
574.497055287504,413.856245781868,4.72973803046156
141.092095298477,287.524363737634,4.56432786561921
199.006548089085,368.039517019668,3.98600159457298
125.645828863794,411.271750349611,3.25461164847478
624.788450431267,309.199498907794,4.43435822389779
3.00333502438554,152.076237197809,4.28164910442364
540.902817274477,202.602653855565,4.08431283304476
35.6531964805995,492.837655352546,3.04528336363286
279.336011317396,23.5776730357019,3.87835530516615
533.401843442179,395.591344608631,3.58265849814485
75.1672071618588,73.0256432040381,5.25687359034523
4.64807779536229,76.3103861921903,3.67542062855841
591.47046218874,227.749922273106,4.03182256699904
437.868905451,459.694129542178,4.84573974350147
659.876175372645,374.657446066714,3.09098735485472
108.610404778102,489.098224066671,4.38125721276828
627.623428590146,91.3966347165422,4.06845646474216
421.83081487362,258.265019938044,3.66431249512178
10.3729001871573,182.714168858158,3.15965997785128
64.8224108125651,127.583158836356,4.43038013839495
608.567054835336,194.498699830497,4.37502301698941
256.005722354474,220.169381388259,4.12068004640372
585.248192711649,432.290521871261,3.69054243464516
304.317676907243,135.562326656202,3.8166075275763
526.182338762249,462.765631545283,3.75901486284776
43.2594019819232,409.997086206142,3.87771128666109
188.626859796066,295.596841615542,4.1320245639796
548.897258120602,263.733852179339,3.69715696884807
170.090964271419,31.5138449846943,4.21656854407727
505.10159885855,345.333200709105,4.67083709571726
45.4937553838359,47.8423691565599,3.65227025399495
529.354453008851,133.460268891576,4.73269300634998
NA,NA,NA
659.718608595681,335.779411040811,3.54544608535255
458.441097169756,298.036314794964,3.56296932978393
12.6421056248926,495.249798095449,3.85067402494884
563.004716553521,49.7730514564416,4.12033872534398
70.3513645561889,380.307325841989,4.08634399535745
229.69344753772,413.635045876943,3.86415075653866
428.905045442495,13.2600920110476,3.30019375530352
361.630424691858,296.007022393152,3.05506472426675
603.935927548463,101.467014200519,4.42250872006973
392.685625226871,231.818421934993,4.31240662089312
574.497055287504,413.856245781868,4.72973803046156
141.092095298477,287.524363737634,4.56432786561921
199.006548089085,368.039517019668,3.98600159457298
125.645828863794,411.271750349611,3.25461164847478
624.788450431267,309.199498907794,4.43435822389779
3.00333502438554,152.076237197809,4.28164910442364
540.902817274477,202.602653855565,4.08431283304476
35.6531964805995,492.837655352546,3.04528336363286
279.336011317396,23.5776730357019,3.87835530516615
533.401843442179,395.591344608631,3.58265849814485
75.1672071618588,73.0256432040381,5.25687359034523
4.64807779536229,76.3103861921903,3.67542062855841
591.47046218874,227.749922273106,4.03182256699904
437.868905451,459.694129542178,4.84573974350147
659.876175372645,374.657446066714,3.09098735485472
108.610404778102,489.098224066671,4.38125721276828
627.623428590146,91.3966347165422,4.06845646474216
421.83081487362,258.265019938044,3.66431249512178
10.3729001871573,182.714168858158,3.15965997785128
64.8224108125651,127.583158836356,4.43038013839495
608.567054835336,194.498699830497,4.37502301698941
256.005722354474,220.169381388259,4.12068004640372
585.248192711649,432.290521871261,3.69054243464516
304.317676907243,135.562326656202,3.8166075275763
526.182338762249,462.765631545283,3.75901486284776
43.2594019819232,409.997086206142,3.87771128666109
188.626859796066,295.596841615542,4.1320245639796
548.897258120602,263.733852179339,3.69715696884807
170.090964271419,31.5138449846943,4.21656854407727
505.10159885855,345.333200709105,4.67083709571726
45.4937553838359,47.8423691565599,3.65227025399495
529.354453008851,133.460268891576,4.73269300634998
NA,NA,NA
659.718608595681,335.779411040811,3.54544608535255
458.441097169756,298.036314794964,3.56296932978393
12.6421056248926,495.249798095449,3.85067402494884
563.004716553521,49.7730514564416,4.12033872534398
70.3513645561889,380.307325841989,4.08634399535745
229.69344753772,413.635045876943,3.86415075653866
428.905045442495,13.2600920110476,3.30019375530352
361.630424691858,296.007022393152,3.05506472426675
603.935927548463,101.467014200519,4.42250872006973
392.685625226871,231.818421934993,4.31240662089312
574.497055287504,413.856245781868,4.72973803046156
141.092095298477,287.524363737634,4.56432786561921
199.006548089085,368.039517019668,3.98600159457298
125.645828863794,411.271750349611,3.25461164847478
624.788450431267,309.199498907794,4.43435822389779
3.00333502438554,152.076237197809,4.28164910442364
540.902817274477,202.602653855565,4.08431283304476
35.6531964805995,492.837655352546,3.04528336363286
279.336011317396,23.5776730357019,3.87835530516615
533.401843442179,395.591344608631,3.58265849814485
75.1672071618588,73.0256432040381,5.25687359034523
4.64807779536229,76.3103861921903,3.67542062855841
591.47046218874,227.749922273106,4.03182256699904
437.868905451,459.694129542178,4.84573974350147
659.876175372645,374.657446066714,3.09098735485472
108.610404778102,489.098224066671,4.38125721276828
627.623428590146,91.3966347165422,4.06845646474216
421.83081487362,258.265019938044,3.66431249512178
10.3729001871573,182.714168858158,3.15965997785128
64.8224108125651,127.583158836356,4.43038013839495
608.567054835336,194.498699830497,4.37502301698941
256.005722354474,220.169381388259,4.12068004640372
585.248192711649,432.290521871261,3.69054243464516
304.317676907243,135.562326656202,3.8166075275763
526.182338762249,462.765631545283,3.75901486284776
43.2594019819232,409.997086206142,3.87771128666109
188.626859796066,295.596841615542,4.1320245639796
548.897258120602,263.733852179339,3.69715696884807
170.090964271419,31.5138449846943,4.21656854407727
505.10159885855,345.333200709105,4.67083709571726
45.4937553838359,47.8423691565599,3.65227025399495
529.354453008851,133.460268891576,4.73269300634998
NA,NA,NA
659.718608595681,335.779411040811,3.54544608535255
458.441097169756,298.036314794964,3.56296932978393
12.6421056248926,495.249798095449,3.85067402494884
563.004716553521,49.7730514564416,4.12033872534398
70.3513645561889,380.307325841989,4.08634399535745
229.69344753772,413.635045876943,3.86415075653866
428.905045442495,13.2600920110476,3.30019375530352
361.630424691858,296.007022393152,3.05506472426675
603.935927548463,101.467014200519,4.42250872006973
392.685625226871,231.818421934993,4.31240662089312
574.497055287504,413.856245781868,4.72973803046156
141.092095298477,287.524363737634,4.56432786561921
199.006548089085,368.039517019668,3.98600159457298
125.645828863794,411.271750349611,3.25461164847478
624.788450431267,309.199498907794,4.43435822389779
3.00333502438554,152.076237197809,4.28164910442364
540.902817274477,202.602653855565,4.08431283304476
35.6531964805995,492.837655352546,3.04528336363286
279.336011317396,23.5776730357019,3.87835530516615
533.401843442179,395.591344608631,3.58265849814485
75.1672071618588,73.0256432040381,5.25687359034523
4.64807779536229,76.3103861921903,3.67542062855841
591.47046218874,227.749922273106,4.03182256699904
437.868905451,459.694129542178,4.84573974350147
659.876175372645,374.657446066714,3.09098735485472
108.610404778102,489.098224066671,4.38125721276828
627.623428590146,91.3966347165422,4.06845646474216
421.83081487362,258.265019938044,3.66431249512178
10.3729001871573,182.714168858158,3.15965997785128
64.8224108125651,127.583158836356,4.43038013839495
608.567054835336,194.498699830497,4.37502301698941
256.005722354474,220.169381388259,4.12068004640372
585.248192711649,432.290521871261,3.69054243464516
304.317676907243,135.562326656202,3.8166075275763
526.182338762249,462.765631545283,3.75901486284776
43.2594019819232,409.997086206142,3.87771128666109
188.626859796066,295.596841615542,4.1320245639796
548.897258120602,263.733852179339,3.69715696884807
170.090964271419,31.5138449846943,4.21656854407727
505.10159885855,345.333200709105,4.67083709571726
45.4937553838359,47.8423691565599,3.65227025399495
529.354453008851,133.460268891576,4.73269300634998
NA,NA,NA
660.758006067456,334.660683726468,3.47946395073563
454.702928865909,297.534797698433,3.7331051487796
14.1959492714939,489.953201088508,3.9446239334542
555.438640588554,55.2834584295019,4.18819529220569
67.4552874672095,375.938700808026,3.9911563829393
228.734493824436,414.923529520562,3.86636190195906
428.38413543552,12.6721512136075,3.25363025471556
360.381481264492,293.885011386798,3.11658336240585
605.369030723796,105.330320000577,4.15150557545612
394.71368309987,230.280496382688,4.28055711975184
570.904595270989,414.441367351419,4.77610929659083
140.782177332668,283.215222215361,4.34325613237511
198.076899140845,370.916675822601,4.02066095771025
126.24705257436,408.208697646936,3.46465410786653
627.045636753414,316.489365260278,4.59568693931766
1.81815505160825,144.61013181712,4.13597197941431
542.042513731988,202.927639787632,4.12288326794813
33.6372901786629,492.621847083473,3.14139118673553
277.860372555912,21.3325049649241,3.74369181173297
530.462711787101,393.763824034845,3.21065957024312
65.5642093855217,89.3032862060388,5.17407249534242
3.61533856088804,75.4897435450273,3.34538751869946
589.773532772491,227.271892103204,3.97162739296956
445.874547225169,460.750824423533,4.79511547855939
657.947871665314,372.631765109236,3.03562232820537
98.5171093659514,487.870498762839,4.2998537415524
624.143181266637,89.6769495027428,4.10126283780781
418.789989702294,259.310717803036,3.78260984818041
9.34559386697508,180.829943536748,3.14830278796334
56.5428851122175,108.676146325273,4.64158700246667
612.633537724279,192.572934116501,4.2929183623318
260.360906584328,214.331601713492,3.89053301626121
573.853366794994,438.126200590891,3.91451445938205
299.852127634616,138.650540657175,3.96754414251374
524.542253845548,460.552449386625,3.57298224139364
40.841772843143,408.671772063645,3.7592188791352
190.04923970829,289.169835726713,4.03327917387331
541.638723235806,261.669307266059,3.76095553001196
164.92564047969,20.8654205296811,4.51910096742812
493.591666808536,348.317326444793,4.51841196994993
35.6631385734134,51.6645773253834,3.78904278284696
521.466590822999,144.855166585926,4.27853843445184
NA,NA,NA
660.758006067456,334.660683726468,3.47946395073563
454.702928865909,297.534797698433,3.7331051487796
14.1959492714939,489.953201088508,3.9446239334542
555.438640588554,55.2834584295019,4.18819529220569
67.4552874672095,375.938700808026,3.9911563829393
228.734493824436,414.923529520562,3.86636190195906
428.38413543552,12.6721512136075,3.25363025471556
360.381481264492,293.885011386798,3.11658336240585
605.369030723796,105.330320000577,4.15150557545612
394.71368309987,230.280496382688,4.28055711975184
570.904595270989,414.441367351419,4.77610929659083
140.782177332668,283.215222215361,4.34325613237511
198.076899140845,370.916675822601,4.02066095771025
126.24705257436,408.208697646936,3.46465410786653
627.045636753414,316.489365260278,4.59568693931766
1.81815505160825,144.61013181712,4.13597197941431
542.042513731988,202.927639787632,4.12288326794813
33.6372901786629,492.621847083473,3.14139118673553
277.860372555912,21.3325049649241,3.74369181173297
530.462711787101,393.763824034845,3.21065957024312
65.5642093855217,89.3032862060388,5.17407249534242
3.61533856088804,75.4897435450273,3.34538751869946
589.773532772491,227.271892103204,3.97162739296956
445.874547225169,460.750824423533,4.79511547855939
657.947871665314,372.631765109236,3.03562232820537
98.5171093659514,487.870498762839,4.2998537415524
624.143181266637,89.6769495027428,4.10126283780781
418.789989702294,259.310717803036,3.78260984818041
9.34559386697508,180.829943536748,3.14830278796334
56.5428851122175,108.676146325273,4.64158700246667
612.633537724279,192.572934116501,4.2929183623318
260.360906584328,214.331601713492,3.89053301626121
573.853366794994,438.126200590891,3.91451445938205
299.852127634616,138.650540657175,3.96754414251374
524.542253845548,460.552449386625,3.57298224139364
40.841772843143,408.671772063645,3.7592188791352
190.04923970829,289.169835726713,4.03327917387331
541.638723235806,261.669307266059,3.76095553001196
164.92564047969,20.8654205296811,4.51910096742812
493.591666808536,348.317326444793,4.51841196994993
35.6631385734134,51.6645773253834,3.78904278284696
521.466590822999,144.855166585926,4.27853843445184
NA,NA,NA
660.758006067456,334.660683726468,3.47946395073563
454.702928865909,297.534797698433,3.7331051487796
14.1959492714939,489.953201088508,3.9446239334542
555.438640588554,55.2834584295019,4.18819529220569
67.4552874672095,375.938700808026,3.9911563829393
228.734493824436,414.923529520562,3.86636190195906
428.38413543552,12.6721512136075,3.25363025471556
360.381481264492,293.885011386798,3.11658336240585
605.369030723796,105.330320000577,4.15150557545612
394.71368309987,230.280496382688,4.28055711975184
570.904595270989,414.441367351419,4.77610929659083
140.782177332668,283.215222215361,4.34325613237511
198.076899140845,370.916675822601,4.02066095771025
126.24705257436,408.208697646936,3.46465410786653
627.045636753414,316.489365260278,4.59568693931766
1.81815505160825,144.61013181712,4.13597197941431
542.042513731988,202.927639787632,4.12288326794813
33.6372901786629,492.621847083473,3.14139118673553
277.860372555912,21.3325049649241,3.74369181173297
530.462711787101,393.763824034845,3.21065957024312
65.5642093855217,89.3032862060388,5.17407249534242
3.61533856088804,75.4897435450273,3.34538751869946
589.773532772491,227.271892103204,3.97162739296956
445.874547225169,460.750824423533,4.79511547855939
657.947871665314,372.631765109236,3.03562232820537
98.5171093659514,487.870498762839,4.2998537415524
624.143181266637,89.6769495027428,4.10126283780781
418.789989702294,259.310717803036,3.78260984818041
9.34559386697508,180.829943536748,3.14830278796334
56.5428851122175,108.676146325273,4.64158700246667
612.633537724279,192.572934116501,4.2929183623318
260.360906584328,214.331601713492,3.89053301626121
573.853366794994,438.126200590891,3.91451445938205
299.852127634616,138.650540657175,3.96754414251374
524.542253845548,460.552449386625,3.57298224139364
40.841772843143,408.671772063645,3.7592188791352
190.04923970829,289.169835726713,4.03327917387331
541.638723235806,261.669307266059,3.76095553001196
164.92564047969,20.8654205296811,4.51910096742812
493.591666808536,348.317326444793,4.51841196994993
35.6631385734134,51.6645773253834,3.78904278284696
521.466590822999,144.855166585926,4.27853843445184
NA,NA,NA
660.758006067456,334.660683726468,3.47946395073563
454.702928865909,297.534797698433,3.7331051487796
14.1959492714939,489.953201088508,3.9446239334542
555.438640588554,55.2834584295019,4.18819529220569
67.4552874672095,375.938700808026,3.9911563829393
228.734493824436,414.923529520562,3.86636190195906
428.38413543552,12.6721512136075,3.25363025471556
360.381481264492,293.885011386798,3.11658336240585
605.369030723796,105.330320000577,4.15150557545612
394.71368309987,230.280496382688,4.28055711975184
570.904595270989,414.441367351419,4.77610929659083
140.782177332668,283.215222215361,4.34325613237511
198.076899140845,370.916675822601,4.02066095771025
126.24705257436,408.208697646936,3.46465410786653
627.045636753414,316.489365260278,4.59568693931766
1.81815505160825,144.61013181712,4.13597197941431
542.042513731988,202.927639787632,4.12288326794813
33.6372901786629,492.621847083473,3.14139118673553
277.860372555912,21.3325049649241,3.74369181173297
530.462711787101,393.763824034845,3.21065957024312
65.5642093855217,89.3032862060388,5.17407249534242
3.61533856088804,75.4897435450273,3.34538751869946
589.773532772491,227.271892103204,3.97162739296956
445.874547225169,460.750824423533,4.79511547855939
657.947871665314,372.631765109236,3.03562232820537
98.5171093659514,487.870498762839,4.2998537415524
624.143181266637,89.6769495027428,4.10126283780781
418.789989702294,259.310717803036,3.78260984818041
9.34559386697508,180.829943536748,3.14830278796334
56.5428851122175,108.676146325273,4.64158700246667
612.633537724279,192.572934116501,4.2929183623318
260.360906584328,214.331601713492,3.89053301626121
573.853366794994,438.126200590891,3.91451445938205
299.852127634616,138.650540657175,3.96754414251374
524.542253845548,460.552449386625,3.57298224139364
40.841772843143,408.671772063645,3.7592188791352
190.04923970829,289.169835726713,4.03327917387331
541.638723235806,261.669307266059,3.76095553001196
164.92564047969,20.8654205296811,4.51910096742812
493.591666808536,348.317326444793,4.51841196994993
35.6631385734134,51.6645773253834,3.78904278284696
521.466590822999,144.855166585926,4.27853843445184
NA,NA,NA
660.758006067456,334.660683726468,3.47946395073563
454.702928865909,297.534797698433,3.7331051487796
14.1959492714939,489.953201088508,3.9446239334542
555.438640588554,55.2834584295019,4.18819529220569
67.4552874672095,375.938700808026,3.9911563829393
228.734493824436,414.923529520562,3.86636190195906
428.38413543552,12.6721512136075,3.25363025471556
360.381481264492,293.885011386798,3.11658336240585
605.369030723796,105.330320000577,4.15150557545612
394.71368309987,230.280496382688,4.28055711975184
570.904595270989,414.441367351419,4.77610929659083
140.782177332668,283.215222215361,4.34325613237511
198.076899140845,370.916675822601,4.02066095771025
126.24705257436,408.208697646936,3.46465410786653
627.045636753414,316.489365260278,4.59568693931766
1.81815505160825,144.61013181712,4.13597197941431
542.042513731988,202.927639787632,4.12288326794813
33.6372901786629,492.621847083473,3.14139118673553
277.860372555912,21.3325049649241,3.74369181173297
530.462711787101,393.763824034845,3.21065957024312
65.5642093855217,89.3032862060388,5.17407249534242
3.61533856088804,75.4897435450273,3.34538751869946
589.773532772491,227.271892103204,3.97162739296956
445.874547225169,460.750824423533,4.79511547855939
657.947871665314,372.631765109236,3.03562232820537
98.5171093659514,487.870498762839,4.2998537415524
624.143181266637,89.6769495027428,4.10126283780781
418.789989702294,259.310717803036,3.78260984818041
9.34559386697508,180.829943536748,3.14830278796334
56.5428851122175,108.676146325273,4.64158700246667
612.633537724279,192.572934116501,4.2929183623318
260.360906584328,214.331601713492,3.89053301626121
573.853366794994,438.126200590891,3.91451445938205
299.852127634616,138.650540657175,3.96754414251374
524.542253845548,460.552449386625,3.57298224139364
40.841772843143,408.671772063645,3.7592188791352
190.04923970829,289.169835726713,4.03327917387331
541.638723235806,261.669307266059,3.76095553001196
164.92564047969,20.8654205296811,4.51910096742812
493.591666808536,348.317326444793,4.51841196994993
35.6631385734134,51.6645773253834,3.78904278284696
521.466590822999,144.855166585926,4.27853843445184
NA,NA,NA
660.758006067456,334.660683726468,3.47946395073563
454.702928865909,297.534797698433,3.7331051487796
14.1959492714939,489.953201088508,3.9446239334542
555.438640588554,55.2834584295019,4.18819529220569
67.4552874672095,375.938700808026,3.9911563829393
228.734493824436,414.923529520562,3.86636190195906
428.38413543552,12.6721512136075,3.25363025471556
360.381481264492,293.885011386798,3.11658336240585
605.369030723796,105.330320000577,4.15150557545612
394.71368309987,230.280496382688,4.28055711975184
570.904595270989,414.441367351419,4.77610929659083
140.782177332668,283.215222215361,4.34325613237511
198.076899140845,370.916675822601,4.02066095771025
126.24705257436,408.208697646936,3.46465410786653
627.045636753414,316.489365260278,4.59568693931766
1.81815505160825,144.61013181712,4.13597197941431
542.042513731988,202.927639787632,4.12288326794813
33.6372901786629,492.621847083473,3.14139118673553
277.860372555912,21.3325049649241,3.74369181173297
530.462711787101,393.763824034845,3.21065957024312
65.5642093855217,89.3032862060388,5.17407249534242
3.61533856088804,75.4897435450273,3.34538751869946
589.773532772491,227.271892103204,3.97162739296956
445.874547225169,460.750824423533,4.79511547855939
657.947871665314,372.631765109236,3.03562232820537
98.5171093659514,487.870498762839,4.2998537415524
624.143181266637,89.6769495027428,4.10126283780781
418.789989702294,259.310717803036,3.78260984818041
9.34559386697508,180.829943536748,3.14830278796334
56.5428851122175,108.676146325273,4.64158700246667
612.633537724279,192.572934116501,4.2929183623318
260.360906584328,214.331601713492,3.89053301626121
573.853366794994,438.126200590891,3.91451445938205
299.852127634616,138.650540657175,3.96754414251374
524.542253845548,460.552449386625,3.57298224139364
40.841772843143,408.671772063645,3.7592188791352
190.04923970829,289.169835726713,4.03327917387331
541.638723235806,261.669307266059,3.76095553001196
164.92564047969,20.8654205296811,4.51910096742812
493.591666808536,348.317326444793,4.51841196994993
35.6631385734134,51.6645773253834,3.78904278284696
521.466590822999,144.855166585926,4.27853843445184
NA,NA,NA
661.392499711794,336.514717696723,3.43771256388716
458.919536248241,301.057592947246,3.68269301262054
8.08420983646426,489.748036006801,3.52201377345088
560.669759524122,50.706461086844,4.22413353241359
71.1768206008398,375.865992181437,3.89215371530997
229.794609534261,415.499072352414,3.89417001563845
426.450901102037,13.2438981698582,3.30296447182498
361.097548619888,290.746362745383,3.10941512083306
607.673904326378,100.344047186758,4.31301056136273
393.862400500773,231.432864967533,4.30407172189068
573.084190414131,405.010091180343,4.67402145453087
139.686591177712,283.448005251723,4.51744582120849
201.673076890824,367.047063999405,4.08238774149091
126.427794939176,411.895469295937,3.51780745379323
620.716924879741,315.024320765968,4.54030149952999
-1.42213487553679,146.830248344694,4.2359026271021
541.455753462163,203.391269005885,4.09143590307506
35.7315251073317,492.431732987412,3.0309849501988
282.459849870924,24.5216181998822,3.94878385418478
531.490872317942,392.615334594718,3.34976266888343
76.1703412884146,77.947486227699,5.24358831022759
7.79388717234755,77.3118643973162,3.51085058686499
588.931312352608,228.191085750849,3.94297739834771
440.012265489749,461.025522139222,4.83136456459475
660.092727577479,373.978294814299,2.92985199073652
101.030599434206,485.293812111072,4.29617407679106
622.647163745769,87.9265880230273,4.08245214408738
421.02836968104,260.114401972809,3.69184577267923
15.2169297198892,181.775327473385,3.08561971555459
55.5725896877954,107.626008949516,4.34154383265724
614.534073046003,205.323912304583,4.05099587204619
255.521575065157,215.172414387561,4.04194179745696
571.364059297209,432.450508998065,3.86557424380577
300.597759602213,137.764506226809,3.90914281178486
529.728113419833,448.5126485955,3.47167292739377
47.1216566975742,424.631555956253,4.13291422843204
192.839674342475,283.477536822222,3.95002958483738
547.983116602133,263.419317369909,3.92681367344255
173.494878938692,37.382004109298,4.37740516709289
500.031075346667,342.24004123518,4.57050380449087
36.5119694276128,54.5676102981857,4.33530921629382
533.549220215186,156.44974889912,4.75890246194901
NA,NA,NA
661.392499711794,336.514717696723,3.43771256388716
458.919536248241,301.057592947246,3.68269301262054
8.08420983646426,489.748036006801,3.52201377345088
560.669759524122,50.706461086844,4.22413353241359
71.1768206008398,375.865992181437,3.89215371530997
229.794609534261,415.499072352414,3.89417001563845
426.450901102037,13.2438981698582,3.30296447182498
361.097548619888,290.746362745383,3.10941512083306
607.673904326378,100.344047186758,4.31301056136273
393.862400500773,231.432864967533,4.30407172189068
573.084190414131,405.010091180343,4.67402145453087
139.686591177712,283.448005251723,4.51744582120849
201.673076890824,367.047063999405,4.08238774149091
126.427794939176,411.895469295937,3.51780745379323
620.716924879741,315.024320765968,4.54030149952999
-1.42213487553679,146.830248344694,4.2359026271021
541.455753462163,203.391269005885,4.09143590307506
35.7315251073317,492.431732987412,3.0309849501988
282.459849870924,24.5216181998822,3.94878385418478
531.490872317942,392.615334594718,3.34976266888343
76.1703412884146,77.947486227699,5.24358831022759
7.79388717234755,77.3118643973162,3.51085058686499
588.931312352608,228.191085750849,3.94297739834771
440.012265489749,461.025522139222,4.83136456459475
660.092727577479,373.978294814299,2.92985199073652
101.030599434206,485.293812111072,4.29617407679106
622.647163745769,87.9265880230273,4.08245214408738
421.02836968104,260.114401972809,3.69184577267923
15.2169297198892,181.775327473385,3.08561971555459
55.5725896877954,107.626008949516,4.34154383265724
614.534073046003,205.323912304583,4.05099587204619
255.521575065157,215.172414387561,4.04194179745696
571.364059297209,432.450508998065,3.86557424380577
300.597759602213,137.764506226809,3.90914281178486
529.728113419833,448.5126485955,3.47167292739377
47.1216566975742,424.631555956253,4.13291422843204
192.839674342475,283.477536822222,3.95002958483738
547.983116602133,263.419317369909,3.92681367344255
173.494878938692,37.382004109298,4.37740516709289
500.031075346667,342.24004123518,4.57050380449087
36.5119694276128,54.5676102981857,4.33530921629382
533.549220215186,156.44974889912,4.75890246194901
NA,NA,NA
661.392499711794,336.514717696723,3.43771256388716
458.919536248241,301.057592947246,3.68269301262054
8.08420983646426,489.748036006801,3.52201377345088
560.669759524122,50.706461086844,4.22413353241359
71.1768206008398,375.865992181437,3.89215371530997
229.794609534261,415.499072352414,3.89417001563845
426.450901102037,13.2438981698582,3.30296447182498
361.097548619888,290.746362745383,3.10941512083306
607.673904326378,100.344047186758,4.31301056136273
393.862400500773,231.432864967533,4.30407172189068
573.084190414131,405.010091180343,4.67402145453087
139.686591177712,283.448005251723,4.51744582120849
201.673076890824,367.047063999405,4.08238774149091
126.427794939176,411.895469295937,3.51780745379323
620.716924879741,315.024320765968,4.54030149952999
-1.42213487553679,146.830248344694,4.2359026271021
541.455753462163,203.391269005885,4.09143590307506
35.7315251073317,492.431732987412,3.0309849501988
282.459849870924,24.5216181998822,3.94878385418478
531.490872317942,392.615334594718,3.34976266888343
76.1703412884146,77.947486227699,5.24358831022759
7.79388717234755,77.3118643973162,3.51085058686499
588.931312352608,228.191085750849,3.94297739834771
440.012265489749,461.025522139222,4.83136456459475
660.092727577479,373.978294814299,2.92985199073652
101.030599434206,485.293812111072,4.29617407679106
622.647163745769,87.9265880230273,4.08245214408738
421.02836968104,260.114401972809,3.69184577267923
15.2169297198892,181.775327473385,3.08561971555459
55.5725896877954,107.626008949516,4.34154383265724
614.534073046003,205.323912304583,4.05099587204619
255.521575065157,215.172414387561,4.04194179745696
571.364059297209,432.450508998065,3.86557424380577
300.597759602213,137.764506226809,3.90914281178486
529.728113419833,448.5126485955,3.47167292739377
47.1216566975742,424.631555956253,4.13291422843204
192.839674342475,283.477536822222,3.95002958483738
547.983116602133,263.419317369909,3.92681367344255
173.494878938692,37.382004109298,4.37740516709289
500.031075346667,342.24004123518,4.57050380449087
36.5119694276128,54.5676102981857,4.33530921629382
533.549220215186,156.44974889912,4.75890246194901
NA,NA,NA
661.392499711794,336.514717696723,3.43771256388716
458.919536248241,301.057592947246,3.68269301262054
8.08420983646426,489.748036006801,3.52201377345088
560.669759524122,50.706461086844,4.22413353241359
71.1768206008398,375.865992181437,3.89215371530997
229.794609534261,415.499072352414,3.89417001563845
426.450901102037,13.2438981698582,3.30296447182498
361.097548619888,290.746362745383,3.10941512083306
607.673904326378,100.344047186758,4.31301056136273
393.862400500773,231.432864967533,4.30407172189068
573.084190414131,405.010091180343,4.67402145453087
139.686591177712,283.448005251723,4.51744582120849
201.673076890824,367.047063999405,4.08238774149091
126.427794939176,411.895469295937,3.51780745379323
620.716924879741,315.024320765968,4.54030149952999
-1.42213487553679,146.830248344694,4.2359026271021
541.455753462163,203.391269005885,4.09143590307506
35.7315251073317,492.431732987412,3.0309849501988
282.459849870924,24.5216181998822,3.94878385418478
531.490872317942,392.615334594718,3.34976266888343
76.1703412884146,77.947486227699,5.24358831022759
7.79388717234755,77.3118643973162,3.51085058686499
588.931312352608,228.191085750849,3.94297739834771
440.012265489749,461.025522139222,4.83136456459475
660.092727577479,373.978294814299,2.92985199073652
101.030599434206,485.293812111072,4.29617407679106
622.647163745769,87.9265880230273,4.08245214408738
421.02836968104,260.114401972809,3.69184577267923
15.2169297198892,181.775327473385,3.08561971555459
55.5725896877954,107.626008949516,4.34154383265724
614.534073046003,205.323912304583,4.05099587204619
255.521575065157,215.172414387561,4.04194179745696
571.364059297209,432.450508998065,3.86557424380577
300.597759602213,137.764506226809,3.90914281178486
529.728113419833,448.5126485955,3.47167292739377
47.1216566975742,424.631555956253,4.13291422843204
192.839674342475,283.477536822222,3.95002958483738
547.983116602133,263.419317369909,3.92681367344255
173.494878938692,37.382004109298,4.37740516709289
500.031075346667,342.24004123518,4.57050380449087
36.5119694276128,54.5676102981857,4.33530921629382
533.549220215186,156.44974889912,4.75890246194901
NA,NA,NA
661.392499711794,336.514717696723,3.43771256388716
458.919536248241,301.057592947246,3.68269301262054
8.08420983646426,489.748036006801,3.52201377345088
560.669759524122,50.706461086844,4.22413353241359
71.1768206008398,375.865992181437,3.89215371530997
229.794609534261,415.499072352414,3.89417001563845
426.450901102037,13.2438981698582,3.30296447182498
361.097548619888,290.746362745383,3.10941512083306
607.673904326378,100.344047186758,4.31301056136273
393.862400500773,231.432864967533,4.30407172189068
573.084190414131,405.010091180343,4.67402145453087
139.686591177712,283.448005251723,4.51744582120849
201.673076890824,367.047063999405,4.08238774149091
126.427794939176,411.895469295937,3.51780745379323
620.716924879741,315.024320765968,4.54030149952999
-1.42213487553679,146.830248344694,4.2359026271021
541.455753462163,203.391269005885,4.09143590307506
35.7315251073317,492.431732987412,3.0309849501988
282.459849870924,24.5216181998822,3.94878385418478
531.490872317942,392.615334594718,3.34976266888343
76.1703412884146,77.947486227699,5.24358831022759
7.79388717234755,77.3118643973162,3.51085058686499
588.931312352608,228.191085750849,3.94297739834771
440.012265489749,461.025522139222,4.83136456459475
660.092727577479,373.978294814299,2.92985199073652
101.030599434206,485.293812111072,4.29617407679106
622.647163745769,87.9265880230273,4.08245214408738
421.02836968104,260.114401972809,3.69184577267923
15.2169297198892,181.775327473385,3.08561971555459
55.5725896877954,107.626008949516,4.34154383265724
614.534073046003,205.323912304583,4.05099587204619
255.521575065157,215.172414387561,4.04194179745696
571.364059297209,432.450508998065,3.86557424380577
300.597759602213,137.764506226809,3.90914281178486
529.728113419833,448.5126485955,3.47167292739377
47.1216566975742,424.631555956253,4.13291422843204
192.839674342475,283.477536822222,3.95002958483738
547.983116602133,263.419317369909,3.92681367344255
173.494878938692,37.382004109298,4.37740516709289
500.031075346667,342.24004123518,4.57050380449087
36.5119694276128,54.5676102981857,4.33530921629382
533.549220215186,156.44974889912,4.75890246194901
NA,NA,NA
661.392499711794,336.514717696723,3.43771256388716
458.919536248241,301.057592947246,3.68269301262054
8.08420983646426,489.748036006801,3.52201377345088
560.669759524122,50.706461086844,4.22413353241359
71.1768206008398,375.865992181437,3.89215371530997
229.794609534261,415.499072352414,3.89417001563845
426.450901102037,13.2438981698582,3.30296447182498
361.097548619888,290.746362745383,3.10941512083306
607.673904326378,100.344047186758,4.31301056136273
393.862400500773,231.432864967533,4.30407172189068
573.084190414131,405.010091180343,4.67402145453087
139.686591177712,283.448005251723,4.51744582120849
201.673076890824,367.047063999405,4.08238774149091
126.427794939176,411.895469295937,3.51780745379323
620.716924879741,315.024320765968,4.54030149952999
-1.42213487553679,146.830248344694,4.2359026271021
541.455753462163,203.391269005885,4.09143590307506
35.7315251073317,492.431732987412,3.0309849501988
282.459849870924,24.5216181998822,3.94878385418478
531.490872317942,392.615334594718,3.34976266888343
76.1703412884146,77.947486227699,5.24358831022759
7.79388717234755,77.3118643973162,3.51085058686499
588.931312352608,228.191085750849,3.94297739834771
440.012265489749,461.025522139222,4.83136456459475
660.092727577479,373.978294814299,2.92985199073652
101.030599434206,485.293812111072,4.29617407679106
622.647163745769,87.9265880230273,4.08245214408738
421.02836968104,260.114401972809,3.69184577267923
15.2169297198892,181.775327473385,3.08561971555459
55.5725896877954,107.626008949516,4.34154383265724
614.534073046003,205.323912304583,4.05099587204619
255.521575065157,215.172414387561,4.04194179745696
571.364059297209,432.450508998065,3.86557424380577
300.597759602213,137.764506226809,3.90914281178486
529.728113419833,448.5126485955,3.47167292739377
47.1216566975742,424.631555956253,4.13291422843204
192.839674342475,283.477536822222,3.95002958483738
547.983116602133,263.419317369909,3.92681367344255
173.494878938692,37.382004109298,4.37740516709289
500.031075346667,342.24004123518,4.57050380449087
36.5119694276128,54.5676102981857,4.33530921629382
533.549220215186,156.44974889912,4.75890246194901
NA,NA,NA
661.224237991606,334.597340932301,3.45285265184444
454.716984384812,298.858803021346,3.28637768138816
12.2876741555254,498.347332390581,3.73364991583065
562.534137851033,52.6398819098892,4.09389193998938
71.6228501690098,380.281591548221,4.03088492006645
232.013069467163,410.132824895786,3.86797920327916
430.575415368823,15.1386949920804,3.28792519527643
362.609180214112,292.125991722765,3.00432536391069
605.693596697457,100.312745183957,4.29393912629758
387.167509700343,231.861575257371,4.21568889277414
570.037457723359,409.08207445799,4.68344658944222
136.152665251628,282.859491330073,4.50473124050157
199.809338235505,372.294106670107,4.0449706386936
123.115392698907,411.538623830052,3.4301608802319
621.377094696406,310.307330759435,4.43691485246141
-0.991932559971168,146.017286967988,4.32026317524514
541.462565437539,200.791345280549,4.15740867352932
34.3077822313442,492.28831645744,2.83967753109987
280.337323044128,22.4439695773019,3.85717557476691
533.14015656273,392.794752442842,3.36088314636001
67.9554823384569,84.4970787662674,5.21437785572498
4.12255601022348,75.6456696250108,3.33633717006125
588.003719844985,226.293647275104,4.06733319050461
444.770007275266,460.219268593239,4.76143930842197
658.460735207867,372.08890668143,2.96627167844278
110.339899031756,482.674273234298,4.3489251828325
622.954922963881,92.1688108590818,4.10246978066701
419.618861295317,257.400331334248,3.62629969959525
10.0122188429493,178.25656568847,3.25084079716479
65.5017514462963,110.510804655293,4.45677192479262
613.499540700484,196.879437057313,4.26379807225028
261.290146666428,222.561346842879,3.50596914575062
582.650694166424,436.140154082173,3.71163435994275
302.610367887642,135.223316568089,3.98549651035695
525.582068363386,458.050994378961,3.66826980294117
54.7115432054733,416.7557624671,3.80498291479309
196.838643536221,281.039676554004,4.12731546268166
544.08057556187,270.159086833604,3.8714922167929
165.897881867876,29.3082623852224,4.20549968834688
494.524411914443,346.878919311866,4.59359726694831
43.7916337978343,45.0538932171199,3.98742918350867
528.120770874511,150.92726684668,4.85253039067868
NA,NA,NA
661.224237991606,334.597340932301,3.45285265184444
454.716984384812,298.858803021346,3.28637768138816
12.2876741555254,498.347332390581,3.73364991583065
562.534137851033,52.6398819098892,4.09389193998938
71.6228501690098,380.281591548221,4.03088492006645
232.013069467163,410.132824895786,3.86797920327916
430.575415368823,15.1386949920804,3.28792519527643
362.609180214112,292.125991722765,3.00432536391069
605.693596697457,100.312745183957,4.29393912629758
387.167509700343,231.861575257371,4.21568889277414
570.037457723359,409.08207445799,4.68344658944222
136.152665251628,282.859491330073,4.50473124050157
199.809338235505,372.294106670107,4.0449706386936
123.115392698907,411.538623830052,3.4301608802319
621.377094696406,310.307330759435,4.43691485246141
-0.991932559971168,146.017286967988,4.32026317524514
541.462565437539,200.791345280549,4.15740867352932
34.3077822313442,492.28831645744,2.83967753109987
280.337323044128,22.4439695773019,3.85717557476691
533.14015656273,392.794752442842,3.36088314636001
67.9554823384569,84.4970787662674,5.21437785572498
4.12255601022348,75.6456696250108,3.33633717006125
588.003719844985,226.293647275104,4.06733319050461
444.770007275266,460.219268593239,4.76143930842197
658.460735207867,372.08890668143,2.96627167844278
110.339899031756,482.674273234298,4.3489251828325
622.954922963881,92.1688108590818,4.10246978066701
419.618861295317,257.400331334248,3.62629969959525
10.0122188429493,178.25656568847,3.25084079716479
65.5017514462963,110.510804655293,4.45677192479262
613.499540700484,196.879437057313,4.26379807225028
261.290146666428,222.561346842879,3.50596914575062
582.650694166424,436.140154082173,3.71163435994275
302.610367887642,135.223316568089,3.98549651035695
525.582068363386,458.050994378961,3.66826980294117
54.7115432054733,416.7557624671,3.80498291479309
196.838643536221,281.039676554004,4.12731546268166
544.08057556187,270.159086833604,3.8714922167929
165.897881867876,29.3082623852224,4.20549968834688
494.524411914443,346.878919311866,4.59359726694831
43.7916337978343,45.0538932171199,3.98742918350867
528.120770874511,150.92726684668,4.85253039067868
NA,NA,NA
661.224237991606,334.597340932301,3.45285265184444
454.716984384812,298.858803021346,3.28637768138816
12.2876741555254,498.347332390581,3.73364991583065
562.534137851033,52.6398819098892,4.09389193998938
71.6228501690098,380.281591548221,4.03088492006645
232.013069467163,410.132824895786,3.86797920327916
430.575415368823,15.1386949920804,3.28792519527643
362.609180214112,292.125991722765,3.00432536391069
605.693596697457,100.312745183957,4.29393912629758
387.167509700343,231.861575257371,4.21568889277414
570.037457723359,409.08207445799,4.68344658944222
136.152665251628,282.859491330073,4.50473124050157
199.809338235505,372.294106670107,4.0449706386936
123.115392698907,411.538623830052,3.4301608802319
621.377094696406,310.307330759435,4.43691485246141
-0.991932559971168,146.017286967988,4.32026317524514
541.462565437539,200.791345280549,4.15740867352932
34.3077822313442,492.28831645744,2.83967753109987
280.337323044128,22.4439695773019,3.85717557476691
533.14015656273,392.794752442842,3.36088314636001
67.9554823384569,84.4970787662674,5.21437785572498
4.12255601022348,75.6456696250108,3.33633717006125
588.003719844985,226.293647275104,4.06733319050461
444.770007275266,460.219268593239,4.76143930842197
658.460735207867,372.08890668143,2.96627167844278
110.339899031756,482.674273234298,4.3489251828325
622.954922963881,92.1688108590818,4.10246978066701
419.618861295317,257.400331334248,3.62629969959525
10.0122188429493,178.25656568847,3.25084079716479
65.5017514462963,110.510804655293,4.45677192479262
613.499540700484,196.879437057313,4.26379807225028
261.290146666428,222.561346842879,3.50596914575062
582.650694166424,436.140154082173,3.71163435994275
302.610367887642,135.223316568089,3.98549651035695
525.582068363386,458.050994378961,3.66826980294117
54.7115432054733,416.7557624671,3.80498291479309
196.838643536221,281.039676554004,4.12731546268166
544.08057556187,270.159086833604,3.8714922167929
165.897881867876,29.3082623852224,4.20549968834688
494.524411914443,346.878919311866,4.59359726694831
43.7916337978343,45.0538932171199,3.98742918350867
528.120770874511,150.92726684668,4.85253039067868
NA,NA,NA
661.224237991606,334.597340932301,3.45285265184444
454.716984384812,298.858803021346,3.28637768138816
12.2876741555254,498.347332390581,3.73364991583065
562.534137851033,52.6398819098892,4.09389193998938
71.6228501690098,380.281591548221,4.03088492006645
232.013069467163,410.132824895786,3.86797920327916
430.575415368823,15.1386949920804,3.28792519527643
362.609180214112,292.125991722765,3.00432536391069
605.693596697457,100.312745183957,4.29393912629758
387.167509700343,231.861575257371,4.21568889277414
570.037457723359,409.08207445799,4.68344658944222
136.152665251628,282.859491330073,4.50473124050157
199.809338235505,372.294106670107,4.0449706386936
123.115392698907,411.538623830052,3.4301608802319
621.377094696406,310.307330759435,4.43691485246141
-0.991932559971168,146.017286967988,4.32026317524514
541.462565437539,200.791345280549,4.15740867352932
34.3077822313442,492.28831645744,2.83967753109987
280.337323044128,22.4439695773019,3.85717557476691
533.14015656273,392.794752442842,3.36088314636001
67.9554823384569,84.4970787662674,5.21437785572498
4.12255601022348,75.6456696250108,3.33633717006125
588.003719844985,226.293647275104,4.06733319050461
444.770007275266,460.219268593239,4.76143930842197
658.460735207867,372.08890668143,2.96627167844278
110.339899031756,482.674273234298,4.3489251828325
622.954922963881,92.1688108590818,4.10246978066701
419.618861295317,257.400331334248,3.62629969959525
10.0122188429493,178.25656568847,3.25084079716479
65.5017514462963,110.510804655293,4.45677192479262
613.499540700484,196.879437057313,4.26379807225028
261.290146666428,222.561346842879,3.50596914575062
582.650694166424,436.140154082173,3.71163435994275
302.610367887642,135.223316568089,3.98549651035695
525.582068363386,458.050994378961,3.66826980294117
54.7115432054733,416.7557624671,3.80498291479309
196.838643536221,281.039676554004,4.12731546268166
544.08057556187,270.159086833604,3.8714922167929
165.897881867876,29.3082623852224,4.20549968834688
494.524411914443,346.878919311866,4.59359726694831
43.7916337978343,45.0538932171199,3.98742918350867
528.120770874511,150.92726684668,4.85253039067868
NA,NA,NA
661.224237991606,334.597340932301,3.45285265184444
454.716984384812,298.858803021346,3.28637768138816
12.2876741555254,498.347332390581,3.73364991583065
562.534137851033,52.6398819098892,4.09389193998938
71.6228501690098,380.281591548221,4.03088492006645
232.013069467163,410.132824895786,3.86797920327916
430.575415368823,15.1386949920804,3.28792519527643
362.609180214112,292.125991722765,3.00432536391069
605.693596697457,100.312745183957,4.29393912629758
387.167509700343,231.861575257371,4.21568889277414
570.037457723359,409.08207445799,4.68344658944222
136.152665251628,282.859491330073,4.50473124050157
199.809338235505,372.294106670107,4.0449706386936
123.115392698907,411.538623830052,3.4301608802319
621.377094696406,310.307330759435,4.43691485246141
-0.991932559971168,146.017286967988,4.32026317524514
541.462565437539,200.791345280549,4.15740867352932
34.3077822313442,492.28831645744,2.83967753109987
280.337323044128,22.4439695773019,3.85717557476691
533.14015656273,392.794752442842,3.36088314636001
67.9554823384569,84.4970787662674,5.21437785572498
4.12255601022348,75.6456696250108,3.33633717006125
588.003719844985,226.293647275104,4.06733319050461
444.770007275266,460.219268593239,4.76143930842197
658.460735207867,372.08890668143,2.96627167844278
110.339899031756,482.674273234298,4.3489251828325
622.954922963881,92.1688108590818,4.10246978066701
419.618861295317,257.400331334248,3.62629969959525
10.0122188429493,178.25656568847,3.25084079716479
65.5017514462963,110.510804655293,4.45677192479262
613.499540700484,196.879437057313,4.26379807225028
261.290146666428,222.561346842879,3.50596914575062
582.650694166424,436.140154082173,3.71163435994275
302.610367887642,135.223316568089,3.98549651035695
525.582068363386,458.050994378961,3.66826980294117
54.7115432054733,416.7557624671,3.80498291479309
196.838643536221,281.039676554004,4.12731546268166
544.08057556187,270.159086833604,3.8714922167929
165.897881867876,29.3082623852224,4.20549968834688
494.524411914443,346.878919311866,4.59359726694831
43.7916337978343,45.0538932171199,3.98742918350867
528.120770874511,150.92726684668,4.85253039067868
NA,NA,NA
661.224237991606,334.597340932301,3.45285265184444
454.716984384812,298.858803021346,3.28637768138816
12.2876741555254,498.347332390581,3.73364991583065
562.534137851033,52.6398819098892,4.09389193998938
71.6228501690098,380.281591548221,4.03088492006645
232.013069467163,410.132824895786,3.86797920327916
430.575415368823,15.1386949920804,3.28792519527643
362.609180214112,292.125991722765,3.00432536391069
605.693596697457,100.312745183957,4.29393912629758
387.167509700343,231.861575257371,4.21568889277414
570.037457723359,409.08207445799,4.68344658944222
136.152665251628,282.859491330073,4.50473124050157
199.809338235505,372.294106670107,4.0449706386936
123.115392698907,411.538623830052,3.4301608802319
621.377094696406,310.307330759435,4.43691485246141
-0.991932559971168,146.017286967988,4.32026317524514
541.462565437539,200.791345280549,4.15740867352932
34.3077822313442,492.28831645744,2.83967753109987
280.337323044128,22.4439695773019,3.85717557476691
533.14015656273,392.794752442842,3.36088314636001
67.9554823384569,84.4970787662674,5.21437785572498
4.12255601022348,75.6456696250108,3.33633717006125
588.003719844985,226.293647275104,4.06733319050461
444.770007275266,460.219268593239,4.76143930842197
658.460735207867,372.08890668143,2.96627167844278
110.339899031756,482.674273234298,4.3489251828325
622.954922963881,92.1688108590818,4.10246978066701
419.618861295317,257.400331334248,3.62629969959525
10.0122188429493,178.25656568847,3.25084079716479
65.5017514462963,110.510804655293,4.45677192479262
613.499540700484,196.879437057313,4.26379807225028
261.290146666428,222.561346842879,3.50596914575062
582.650694166424,436.140154082173,3.71163435994275
302.610367887642,135.223316568089,3.98549651035695
525.582068363386,458.050994378961,3.66826980294117
54.7115432054733,416.7557624671,3.80498291479309
196.838643536221,281.039676554004,4.12731546268166
544.08057556187,270.159086833604,3.8714922167929
165.897881867876,29.3082623852224,4.20549968834688
494.524411914443,346.878919311866,4.59359726694831
43.7916337978343,45.0538932171199,3.98742918350867
528.120770874511,150.92726684668,4.85253039067868
NA,NA,NA
663.188087034475,335.430961507089,3.45456284244554
456.402931079381,302.783259374358,3.76440760779978
12.451458870755,494.820864754972,3.5701789166122
557.306761885101,48.3707630860457,4.10292483776068
71.3964416528428,380.187680364265,4.14894380199145
226.464106064892,417.279642436906,3.98273336950682
430.067143180384,13.6553741160165,3.04300951487466
361.683732066519,291.915884209884,2.94684058836921
604.179829264378,106.878177613672,4.05890200496064
390.306326713123,235.094245330533,4.21340453563497
558.886485551075,407.213264772352,4.73199237206352
139.590715608157,284.726031035471,4.53608924387507
194.776279846538,367.263735919172,4.02924765754386
126.283739519618,412.491894385089,3.43063272510506
626.020053192206,315.014562906747,4.4935099158225
1.06062144478835,149.155148876541,4.19504486742384
540.480188695889,204.787445144903,4.09104547514244
33.7394778713085,489.643296306204,2.9392972728283
279.574340815279,26.0595418711879,3.92667538294076
534.976106745934,396.555071646022,3.36703554300612
70.7041021604031,82.8551025154535,5.27776565442571
10.2228526925703,77.1398398844655,3.51441552804757
584.977699902197,225.745960073286,4.15068761759683
444.184244934036,454.125548421427,4.91198274290158
657.464124854252,375.438595584954,2.95394844344376
109.78488277117,488.263464976806,4.47191583282352
622.434793973508,90.716433743389,4.08788578170144
419.794624535181,259.570279868984,3.63047785027212
12.9975411079083,183.404532251509,3.23539747758073
48.9401962150329,110.480243817674,4.36526842587192
612.491602807666,194.896267109115,3.87023515568987
259.283778550625,228.75081687129,3.94215156496534
566.187889313068,434.927238622071,3.93832926071851
305.378537483603,139.204155351891,3.76694597262486
534.370031468859,455.574932822901,3.46594807203401
51.5009212358597,406.771034304866,3.9925953501462
190.937737658502,290.576070734631,4.21221530263791
548.212613310019,269.176253847128,3.87491520300284
189.66667155499,24.8954175003354,4.22654498373742
496.907372181763,348.669744668906,4.67020745721024
34.4565888468026,47.5518696953101,3.42993410068806
536.917948520767,147.337367578135,4.83316984264014
NA,NA,NA
663.188087034475,335.430961507089,3.45456284244554
456.402931079381,302.783259374358,3.76440760779978
12.451458870755,494.820864754972,3.5701789166122
557.306761885101,48.3707630860457,4.10292483776068
71.3964416528428,380.187680364265,4.14894380199145
226.464106064892,417.279642436906,3.98273336950682
430.067143180384,13.6553741160165,3.04300951487466
361.683732066519,291.915884209884,2.94684058836921
604.179829264378,106.878177613672,4.05890200496064
390.306326713123,235.094245330533,4.21340453563497
558.886485551075,407.213264772352,4.73199237206352
139.590715608157,284.726031035471,4.53608924387507
194.776279846538,367.263735919172,4.02924765754386
126.283739519618,412.491894385089,3.43063272510506
626.020053192206,315.014562906747,4.4935099158225
1.06062144478835,149.155148876541,4.19504486742384
540.480188695889,204.787445144903,4.09104547514244
33.7394778713085,489.643296306204,2.9392972728283
279.574340815279,26.0595418711879,3.92667538294076
534.976106745934,396.555071646022,3.36703554300612
70.7041021604031,82.8551025154535,5.27776565442571
10.2228526925703,77.1398398844655,3.51441552804757
584.977699902197,225.745960073286,4.15068761759683
444.184244934036,454.125548421427,4.91198274290158
657.464124854252,375.438595584954,2.95394844344376
109.78488277117,488.263464976806,4.47191583282352
622.434793973508,90.716433743389,4.08788578170144
419.794624535181,259.570279868984,3.63047785027212
12.9975411079083,183.404532251509,3.23539747758073
48.9401962150329,110.480243817674,4.36526842587192
612.491602807666,194.896267109115,3.87023515568987
259.283778550625,228.75081687129,3.94215156496534
566.187889313068,434.927238622071,3.93832926071851
305.378537483603,139.204155351891,3.76694597262486
534.370031468859,455.574932822901,3.46594807203401
51.5009212358597,406.771034304866,3.9925953501462
190.937737658502,290.576070734631,4.21221530263791
548.212613310019,269.176253847128,3.87491520300284
189.66667155499,24.8954175003354,4.22654498373742
496.907372181763,348.669744668906,4.67020745721024
34.4565888468026,47.5518696953101,3.42993410068806
536.917948520767,147.337367578135,4.83316984264014
NA,NA,NA
663.188087034475,335.430961507089,3.45456284244554
456.402931079381,302.783259374358,3.76440760779978
12.451458870755,494.820864754972,3.5701789166122
557.306761885101,48.3707630860457,4.10292483776068
71.3964416528428,380.187680364265,4.14894380199145
226.464106064892,417.279642436906,3.98273336950682
430.067143180384,13.6553741160165,3.04300951487466
361.683732066519,291.915884209884,2.94684058836921
604.179829264378,106.878177613672,4.05890200496064
390.306326713123,235.094245330533,4.21340453563497
558.886485551075,407.213264772352,4.73199237206352
139.590715608157,284.726031035471,4.53608924387507
194.776279846538,367.263735919172,4.02924765754386
126.283739519618,412.491894385089,3.43063272510506
626.020053192206,315.014562906747,4.4935099158225
1.06062144478835,149.155148876541,4.19504486742384
540.480188695889,204.787445144903,4.09104547514244
33.7394778713085,489.643296306204,2.9392972728283
279.574340815279,26.0595418711879,3.92667538294076
534.976106745934,396.555071646022,3.36703554300612
70.7041021604031,82.8551025154535,5.27776565442571
10.2228526925703,77.1398398844655,3.51441552804757
584.977699902197,225.745960073286,4.15068761759683
444.184244934036,454.125548421427,4.91198274290158
657.464124854252,375.438595584954,2.95394844344376
109.78488277117,488.263464976806,4.47191583282352
622.434793973508,90.716433743389,4.08788578170144
419.794624535181,259.570279868984,3.63047785027212
12.9975411079083,183.404532251509,3.23539747758073
48.9401962150329,110.480243817674,4.36526842587192
612.491602807666,194.896267109115,3.87023515568987
259.283778550625,228.75081687129,3.94215156496534
566.187889313068,434.927238622071,3.93832926071851
305.378537483603,139.204155351891,3.76694597262486
534.370031468859,455.574932822901,3.46594807203401
51.5009212358597,406.771034304866,3.9925953501462
190.937737658502,290.576070734631,4.21221530263791
548.212613310019,269.176253847128,3.87491520300284
189.66667155499,24.8954175003354,4.22654498373742
496.907372181763,348.669744668906,4.67020745721024
34.4565888468026,47.5518696953101,3.42993410068806
536.917948520767,147.337367578135,4.83316984264014
NA,NA,NA
663.188087034475,335.430961507089,3.45456284244554
456.402931079381,302.783259374358,3.76440760779978
12.451458870755,494.820864754972,3.5701789166122
557.306761885101,48.3707630860457,4.10292483776068
71.3964416528428,380.187680364265,4.14894380199145
226.464106064892,417.279642436906,3.98273336950682
430.067143180384,13.6553741160165,3.04300951487466
361.683732066519,291.915884209884,2.94684058836921
604.179829264378,106.878177613672,4.05890200496064
390.306326713123,235.094245330533,4.21340453563497
558.886485551075,407.213264772352,4.73199237206352
139.590715608157,284.726031035471,4.53608924387507
194.776279846538,367.263735919172,4.02924765754386
126.283739519618,412.491894385089,3.43063272510506
626.020053192206,315.014562906747,4.4935099158225
1.06062144478835,149.155148876541,4.19504486742384
540.480188695889,204.787445144903,4.09104547514244
33.7394778713085,489.643296306204,2.9392972728283
279.574340815279,26.0595418711879,3.92667538294076
534.976106745934,396.555071646022,3.36703554300612
70.7041021604031,82.8551025154535,5.27776565442571
10.2228526925703,77.1398398844655,3.51441552804757
584.977699902197,225.745960073286,4.15068761759683
444.184244934036,454.125548421427,4.91198274290158
657.464124854252,375.438595584954,2.95394844344376
109.78488277117,488.263464976806,4.47191583282352
622.434793973508,90.716433743389,4.08788578170144
419.794624535181,259.570279868984,3.63047785027212
12.9975411079083,183.404532251509,3.23539747758073
48.9401962150329,110.480243817674,4.36526842587192
612.491602807666,194.896267109115,3.87023515568987
259.283778550625,228.75081687129,3.94215156496534
566.187889313068,434.927238622071,3.93832926071851
305.378537483603,139.204155351891,3.76694597262486
534.370031468859,455.574932822901,3.46594807203401
51.5009212358597,406.771034304866,3.9925953501462
190.937737658502,290.576070734631,4.21221530263791
548.212613310019,269.176253847128,3.87491520300284
189.66667155499,24.8954175003354,4.22654498373742
496.907372181763,348.669744668906,4.67020745721024
34.4565888468026,47.5518696953101,3.42993410068806
536.917948520767,147.337367578135,4.83316984264014
NA,NA,NA
663.188087034475,335.430961507089,3.45456284244554
456.402931079381,302.783259374358,3.76440760779978
12.451458870755,494.820864754972,3.5701789166122
557.306761885101,48.3707630860457,4.10292483776068
71.3964416528428,380.187680364265,4.14894380199145
226.464106064892,417.279642436906,3.98273336950682
430.067143180384,13.6553741160165,3.04300951487466
361.683732066519,291.915884209884,2.94684058836921
604.179829264378,106.878177613672,4.05890200496064
390.306326713123,235.094245330533,4.21340453563497
558.886485551075,407.213264772352,4.73199237206352
139.590715608157,284.726031035471,4.53608924387507
194.776279846538,367.263735919172,4.02924765754386
126.283739519618,412.491894385089,3.43063272510506
626.020053192206,315.014562906747,4.4935099158225
1.06062144478835,149.155148876541,4.19504486742384
540.480188695889,204.787445144903,4.09104547514244
33.7394778713085,489.643296306204,2.9392972728283
279.574340815279,26.0595418711879,3.92667538294076
534.976106745934,396.555071646022,3.36703554300612
70.7041021604031,82.8551025154535,5.27776565442571
10.2228526925703,77.1398398844655,3.51441552804757
584.977699902197,225.745960073286,4.15068761759683
444.184244934036,454.125548421427,4.91198274290158
657.464124854252,375.438595584954,2.95394844344376
109.78488277117,488.263464976806,4.47191583282352
622.434793973508,90.716433743389,4.08788578170144
419.794624535181,259.570279868984,3.63047785027212
12.9975411079083,183.404532251509,3.23539747758073
48.9401962150329,110.480243817674,4.36526842587192
612.491602807666,194.896267109115,3.87023515568987
259.283778550625,228.75081687129,3.94215156496534
566.187889313068,434.927238622071,3.93832926071851
305.378537483603,139.204155351891,3.76694597262486
534.370031468859,455.574932822901,3.46594807203401
51.5009212358597,406.771034304866,3.9925953501462
190.937737658502,290.576070734631,4.21221530263791
548.212613310019,269.176253847128,3.87491520300284
189.66667155499,24.8954175003354,4.22654498373742
496.907372181763,348.669744668906,4.67020745721024
34.4565888468026,47.5518696953101,3.42993410068806
536.917948520767,147.337367578135,4.83316984264014
NA,NA,NA
663.188087034475,335.430961507089,3.45456284244554
456.402931079381,302.783259374358,3.76440760779978
12.451458870755,494.820864754972,3.5701789166122
557.306761885101,48.3707630860457,4.10292483776068
71.3964416528428,380.187680364265,4.14894380199145
226.464106064892,417.279642436906,3.98273336950682
430.067143180384,13.6553741160165,3.04300951487466
361.683732066519,291.915884209884,2.94684058836921
604.179829264378,106.878177613672,4.05890200496064
390.306326713123,235.094245330533,4.21340453563497
558.886485551075,407.213264772352,4.73199237206352
139.590715608157,284.726031035471,4.53608924387507
194.776279846538,367.263735919172,4.02924765754386
126.283739519618,412.491894385089,3.43063272510506
626.020053192206,315.014562906747,4.4935099158225
1.06062144478835,149.155148876541,4.19504486742384
540.480188695889,204.787445144903,4.09104547514244
33.7394778713085,489.643296306204,2.9392972728283
279.574340815279,26.0595418711879,3.92667538294076
534.976106745934,396.555071646022,3.36703554300612
70.7041021604031,82.8551025154535,5.27776565442571
10.2228526925703,77.1398398844655,3.51441552804757
584.977699902197,225.745960073286,4.15068761759683
444.184244934036,454.125548421427,4.91198274290158
657.464124854252,375.438595584954,2.95394844344376
109.78488277117,488.263464976806,4.47191583282352
622.434793973508,90.716433743389,4.08788578170144
419.794624535181,259.570279868984,3.63047785027212
12.9975411079083,183.404532251509,3.23539747758073
48.9401962150329,110.480243817674,4.36526842587192
612.491602807666,194.896267109115,3.87023515568987
259.283778550625,228.75081687129,3.94215156496534
566.187889313068,434.927238622071,3.93832926071851
305.378537483603,139.204155351891,3.76694597262486
534.370031468859,455.574932822901,3.46594807203401
51.5009212358597,406.771034304866,3.9925953501462
190.937737658502,290.576070734631,4.21221530263791
548.212613310019,269.176253847128,3.87491520300284
189.66667155499,24.8954175003354,4.22654498373742
496.907372181763,348.669744668906,4.67020745721024
34.4565888468026,47.5518696953101,3.42993410068806
536.917948520767,147.337367578135,4.83316984264014
NA,NA,NA
661.343939027069,334.718718368609,3.5110746619747
456.901278610567,300.134604750588,3.55796774881854
11.7061317649238,492.920889971592,3.67748178158533
555.491899142105,49.2071102599991,4.20238057882909
70.0093341260241,376.222735599694,3.95746137949295
230.61189519717,419.479922936786,3.83269101237332
429.019540023734,12.2314728398622,3.34104153031108
361.494070159267,294.08502254714,3.22907437835182
603.401861058848,106.03286076837,4.19264643851054
393.166616238442,229.377111279633,4.30240881689097
576.299006683478,414.482819214896,4.81173036751226
145.543129059366,279.51557853562,4.57413277254187
200.204613536296,373.547136785575,4.02826765921173
124.126920506425,415.252720030258,3.46262265633995
626.988074240671,312.005996446767,4.63304650562316
-1.88944858907855,148.54563793801,4.25678799514917
541.102960591618,205.456812805589,4.16870619619476
34.2850723103395,491.783663345972,3.00082249088733
278.891912067176,19.9787443236462,3.73964108785274
533.731825449273,392.279255555346,3.47799434656022
73.704516012388,84.3986288726356,5.16422526551612
6.98596220186551,74.9723643755044,3.41561703103569
585.059201329724,225.516084231687,3.9795528164946
438.985003604199,463.769662563862,4.84054698703956
659.175808067455,374.470595781027,2.94692550708031
108.218222050547,483.398384955983,4.22727855879081
623.979754850979,93.2377619690076,4.06953043871324
418.922591654712,259.531423935805,3.60359839312544
12.2251300241524,181.970605070811,3.23715402876353
65.2176688031775,129.055900850234,4.36901656295031
620.820450472627,193.098467296929,4.08199165008706
256.322332059477,218.77610312967,3.78976430136645
568.992484645897,443.592433804599,3.91657923733535
303.415191322516,137.972747736753,4.04631338488371
533.27237405627,456.886911829932,3.69444037465665
54.7545177409875,416.322484633421,4.02529989920417
212.080210014748,291.779322359498,4.04998367488739
545.583050060338,260.913563341228,3.75261729842382
173.882698662922,17.3150964244018,4.09633601461847
491.919200175661,349.970270572032,4.51619942855705
39.4636861880388,58.784505069727,4.20856245004262
525.321568706308,169.712025487468,4.25849114526613
NA,NA,NA
661.343939027069,334.718718368609,3.5110746619747
456.901278610567,300.134604750588,3.55796774881854
11.7061317649238,492.920889971592,3.67748178158533
555.491899142105,49.2071102599991,4.20238057882909
70.0093341260241,376.222735599694,3.95746137949295
230.61189519717,419.479922936786,3.83269101237332
429.019540023734,12.2314728398622,3.34104153031108
361.494070159267,294.08502254714,3.22907437835182
603.401861058848,106.03286076837,4.19264643851054
393.166616238442,229.377111279633,4.30240881689097
576.299006683478,414.482819214896,4.81173036751226
145.543129059366,279.51557853562,4.57413277254187
200.204613536296,373.547136785575,4.02826765921173
124.126920506425,415.252720030258,3.46262265633995
626.988074240671,312.005996446767,4.63304650562316
-1.88944858907855,148.54563793801,4.25678799514917
541.102960591618,205.456812805589,4.16870619619476
34.2850723103395,491.783663345972,3.00082249088733
278.891912067176,19.9787443236462,3.73964108785274
533.731825449273,392.279255555346,3.47799434656022
73.704516012388,84.3986288726356,5.16422526551612
6.98596220186551,74.9723643755044,3.41561703103569
585.059201329724,225.516084231687,3.9795528164946
438.985003604199,463.769662563862,4.84054698703956
659.175808067455,374.470595781027,2.94692550708031
108.218222050547,483.398384955983,4.22727855879081
623.979754850979,93.2377619690076,4.06953043871324
418.922591654712,259.531423935805,3.60359839312544
12.2251300241524,181.970605070811,3.23715402876353
65.2176688031775,129.055900850234,4.36901656295031
620.820450472627,193.098467296929,4.08199165008706
256.322332059477,218.77610312967,3.78976430136645
568.992484645897,443.592433804599,3.91657923733535
303.415191322516,137.972747736753,4.04631338488371
533.27237405627,456.886911829932,3.69444037465665
54.7545177409875,416.322484633421,4.02529989920417
212.080210014748,291.779322359498,4.04998367488739
545.583050060338,260.913563341228,3.75261729842382
173.882698662922,17.3150964244018,4.09633601461847
491.919200175661,349.970270572032,4.51619942855705
39.4636861880388,58.784505069727,4.20856245004262
525.321568706308,169.712025487468,4.25849114526613
NA,NA,NA
661.343939027069,334.718718368609,3.5110746619747
456.901278610567,300.134604750588,3.55796774881854
11.7061317649238,492.920889971592,3.67748178158533
555.491899142105,49.2071102599991,4.20238057882909
70.0093341260241,376.222735599694,3.95746137949295
230.61189519717,419.479922936786,3.83269101237332
429.019540023734,12.2314728398622,3.34104153031108
361.494070159267,294.08502254714,3.22907437835182
603.401861058848,106.03286076837,4.19264643851054
393.166616238442,229.377111279633,4.30240881689097
576.299006683478,414.482819214896,4.81173036751226
145.543129059366,279.51557853562,4.57413277254187
200.204613536296,373.547136785575,4.02826765921173
124.126920506425,415.252720030258,3.46262265633995
626.988074240671,312.005996446767,4.63304650562316
-1.88944858907855,148.54563793801,4.25678799514917
541.102960591618,205.456812805589,4.16870619619476
34.2850723103395,491.783663345972,3.00082249088733
278.891912067176,19.9787443236462,3.73964108785274
533.731825449273,392.279255555346,3.47799434656022
73.704516012388,84.3986288726356,5.16422526551612
6.98596220186551,74.9723643755044,3.41561703103569
585.059201329724,225.516084231687,3.9795528164946
438.985003604199,463.769662563862,4.84054698703956
659.175808067455,374.470595781027,2.94692550708031
108.218222050547,483.398384955983,4.22727855879081
623.979754850979,93.2377619690076,4.06953043871324
418.922591654712,259.531423935805,3.60359839312544
12.2251300241524,181.970605070811,3.23715402876353
65.2176688031775,129.055900850234,4.36901656295031
620.820450472627,193.098467296929,4.08199165008706
256.322332059477,218.77610312967,3.78976430136645
568.992484645897,443.592433804599,3.91657923733535
303.415191322516,137.972747736753,4.04631338488371
533.27237405627,456.886911829932,3.69444037465665
54.7545177409875,416.322484633421,4.02529989920417
212.080210014748,291.779322359498,4.04998367488739
545.583050060338,260.913563341228,3.75261729842382
173.882698662922,17.3150964244018,4.09633601461847
491.919200175661,349.970270572032,4.51619942855705
39.4636861880388,58.784505069727,4.20856245004262
525.321568706308,169.712025487468,4.25849114526613
NA,NA,NA
661.343939027069,334.718718368609,3.5110746619747
456.901278610567,300.134604750588,3.55796774881854
11.7061317649238,492.920889971592,3.67748178158533
555.491899142105,49.2071102599991,4.20238057882909
70.0093341260241,376.222735599694,3.95746137949295
230.61189519717,419.479922936786,3.83269101237332
429.019540023734,12.2314728398622,3.34104153031108
361.494070159267,294.08502254714,3.22907437835182
603.401861058848,106.03286076837,4.19264643851054
393.166616238442,229.377111279633,4.30240881689097
576.299006683478,414.482819214896,4.81173036751226
145.543129059366,279.51557853562,4.57413277254187
200.204613536296,373.547136785575,4.02826765921173
124.126920506425,415.252720030258,3.46262265633995
626.988074240671,312.005996446767,4.63304650562316
-1.88944858907855,148.54563793801,4.25678799514917
541.102960591618,205.456812805589,4.16870619619476
34.2850723103395,491.783663345972,3.00082249088733
278.891912067176,19.9787443236462,3.73964108785274
533.731825449273,392.279255555346,3.47799434656022
73.704516012388,84.3986288726356,5.16422526551612
6.98596220186551,74.9723643755044,3.41561703103569
585.059201329724,225.516084231687,3.9795528164946
438.985003604199,463.769662563862,4.84054698703956
659.175808067455,374.470595781027,2.94692550708031
108.218222050547,483.398384955983,4.22727855879081
623.979754850979,93.2377619690076,4.06953043871324
418.922591654712,259.531423935805,3.60359839312544
12.2251300241524,181.970605070811,3.23715402876353
65.2176688031775,129.055900850234,4.36901656295031
620.820450472627,193.098467296929,4.08199165008706
256.322332059477,218.77610312967,3.78976430136645
568.992484645897,443.592433804599,3.91657923733535
303.415191322516,137.972747736753,4.04631338488371
533.27237405627,456.886911829932,3.69444037465665
54.7545177409875,416.322484633421,4.02529989920417
212.080210014748,291.779322359498,4.04998367488739
545.583050060338,260.913563341228,3.75261729842382
173.882698662922,17.3150964244018,4.09633601461847
491.919200175661,349.970270572032,4.51619942855705
39.4636861880388,58.784505069727,4.20856245004262
525.321568706308,169.712025487468,4.25849114526613
NA,NA,NA
661.343939027069,334.718718368609,3.5110746619747
456.901278610567,300.134604750588,3.55796774881854
11.7061317649238,492.920889971592,3.67748178158533
555.491899142105,49.2071102599991,4.20238057882909
70.0093341260241,376.222735599694,3.95746137949295
230.61189519717,419.479922936786,3.83269101237332
429.019540023734,12.2314728398622,3.34104153031108
361.494070159267,294.08502254714,3.22907437835182
603.401861058848,106.03286076837,4.19264643851054
393.166616238442,229.377111279633,4.30240881689097
576.299006683478,414.482819214896,4.81173036751226
145.543129059366,279.51557853562,4.57413277254187
200.204613536296,373.547136785575,4.02826765921173
124.126920506425,415.252720030258,3.46262265633995
626.988074240671,312.005996446767,4.63304650562316
-1.88944858907855,148.54563793801,4.25678799514917
541.102960591618,205.456812805589,4.16870619619476
34.2850723103395,491.783663345972,3.00082249088733
278.891912067176,19.9787443236462,3.73964108785274
533.731825449273,392.279255555346,3.47799434656022
73.704516012388,84.3986288726356,5.16422526551612
6.98596220186551,74.9723643755044,3.41561703103569
585.059201329724,225.516084231687,3.9795528164946
438.985003604199,463.769662563862,4.84054698703956
659.175808067455,374.470595781027,2.94692550708031
108.218222050547,483.398384955983,4.22727855879081
623.979754850979,93.2377619690076,4.06953043871324
418.922591654712,259.531423935805,3.60359839312544
12.2251300241524,181.970605070811,3.23715402876353
65.2176688031775,129.055900850234,4.36901656295031
620.820450472627,193.098467296929,4.08199165008706
256.322332059477,218.77610312967,3.78976430136645
568.992484645897,443.592433804599,3.91657923733535
303.415191322516,137.972747736753,4.04631338488371
533.27237405627,456.886911829932,3.69444037465665
54.7545177409875,416.322484633421,4.02529989920417
212.080210014748,291.779322359498,4.04998367488739
545.583050060338,260.913563341228,3.75261729842382
173.882698662922,17.3150964244018,4.09633601461847
491.919200175661,349.970270572032,4.51619942855705
39.4636861880388,58.784505069727,4.20856245004262
525.321568706308,169.712025487468,4.25849114526613
NA,NA,NA
661.343939027069,334.718718368609,3.5110746619747
456.901278610567,300.134604750588,3.55796774881854
11.7061317649238,492.920889971592,3.67748178158533
555.491899142105,49.2071102599991,4.20238057882909
70.0093341260241,376.222735599694,3.95746137949295
230.61189519717,419.479922936786,3.83269101237332
429.019540023734,12.2314728398622,3.34104153031108
361.494070159267,294.08502254714,3.22907437835182
603.401861058848,106.03286076837,4.19264643851054
393.166616238442,229.377111279633,4.30240881689097
576.299006683478,414.482819214896,4.81173036751226
145.543129059366,279.51557853562,4.57413277254187
200.204613536296,373.547136785575,4.02826765921173
124.126920506425,415.252720030258,3.46262265633995
626.988074240671,312.005996446767,4.63304650562316
-1.88944858907855,148.54563793801,4.25678799514917
541.102960591618,205.456812805589,4.16870619619476
34.2850723103395,491.783663345972,3.00082249088733
278.891912067176,19.9787443236462,3.73964108785274
533.731825449273,392.279255555346,3.47799434656022
73.704516012388,84.3986288726356,5.16422526551612
6.98596220186551,74.9723643755044,3.41561703103569
585.059201329724,225.516084231687,3.9795528164946
438.985003604199,463.769662563862,4.84054698703956
659.175808067455,374.470595781027,2.94692550708031
108.218222050547,483.398384955983,4.22727855879081
623.979754850979,93.2377619690076,4.06953043871324
418.922591654712,259.531423935805,3.60359839312544
12.2251300241524,181.970605070811,3.23715402876353
65.2176688031775,129.055900850234,4.36901656295031
620.820450472627,193.098467296929,4.08199165008706
256.322332059477,218.77610312967,3.78976430136645
568.992484645897,443.592433804599,3.91657923733535
303.415191322516,137.972747736753,4.04631338488371
533.27237405627,456.886911829932,3.69444037465665
54.7545177409875,416.322484633421,4.02529989920417
212.080210014748,291.779322359498,4.04998367488739
545.583050060338,260.913563341228,3.75261729842382
173.882698662922,17.3150964244018,4.09633601461847
491.919200175661,349.970270572032,4.51619942855705
39.4636861880388,58.784505069727,4.20856245004262
525.321568706308,169.712025487468,4.25849114526613
NA,NA,NA
662.6661958883,335.760407876344,3.43522204932889
456.1155902217,293.839226184163,3.51990948728631
12.6719728226801,494.214930364304,3.48890434653996
559.005401416194,49.3577333083151,4.16434293689723
72.6969071704394,380.056289675299,3.92662180555055
231.893380777534,413.774752007217,3.89652905135995
428.001261484165,10.5316901907302,3.2365776791573
360.717886175023,294.169656472923,3.02200575396272
605.887889151045,109.447175106389,4.21101320612182
391.672506932446,228.144717747355,4.21103092164008
569.03105883982,408.949301360855,4.71653391750626
136.67393663606,282.01092177983,4.42235656551918
203.448337659666,370.389764687077,4.0028109955617
124.402070198517,409.575783576298,3.42235426371398
626.220221783873,313.572002294635,4.50662373855678
6.54199197302609,144.251669067612,4.23878839737413
543.021241190139,204.472531304036,4.18012092619382
33.7633631793665,490.857650439564,2.9114939780579
279.154556003229,23.1461342913919,3.70921784464239
534.384207930431,393.568306360517,3.25489070309152
64.7786605230947,84.7314291478554,5.32809394508172
3.82533967775766,79.507782694476,3.40078889826121
588.237905320053,229.094822398544,4.0088827565913
435.417367536118,454.502542522142,4.81178539399183
660.771300259302,370.406853089695,2.78090394296076
103.646786482519,486.960082487819,4.33251092074696
623.329256204329,90.7014942174006,4.11863967193389
423.341892402577,259.359049860744,3.6449262492518
9.56521717638769,181.69600827984,3.26779359012618
68.4432212870693,100.800767872905,4.44638999326315
614.584133322184,204.077192609616,4.50713871330224
255.905186531019,218.738874862196,3.72214679591916
577.529162924782,431.308653605726,3.90172819078524
300.187756767476,131.690069048025,3.9738978028069
526.551502760258,458.708343551893,3.7021970192242
51.444200111414,419.918804504599,3.91949649927801
196.21770676364,289.644270802167,3.9192848145404
550.206197848266,268.26097627214,3.76115470817085
180.941703122677,28.610002681169,4.43085444152279
505.678216054811,345.069331877316,4.84586319757234
39.6024491175237,47.2348455212856,4.07310531926505
521.483988378908,138.167466794109,4.67841797761753
NA,NA,NA
662.6661958883,335.760407876344,3.43522204932889
456.1155902217,293.839226184163,3.51990948728631
12.6719728226801,494.214930364304,3.48890434653996
559.005401416194,49.3577333083151,4.16434293689723
72.6969071704394,380.056289675299,3.92662180555055
231.893380777534,413.774752007217,3.89652905135995
428.001261484165,10.5316901907302,3.2365776791573
360.717886175023,294.169656472923,3.02200575396272
605.887889151045,109.447175106389,4.21101320612182
391.672506932446,228.144717747355,4.21103092164008
569.03105883982,408.949301360855,4.71653391750626
136.67393663606,282.01092177983,4.42235656551918
203.448337659666,370.389764687077,4.0028109955617
124.402070198517,409.575783576298,3.42235426371398
626.220221783873,313.572002294635,4.50662373855678
6.54199197302609,144.251669067612,4.23878839737413
543.021241190139,204.472531304036,4.18012092619382
33.7633631793665,490.857650439564,2.9114939780579
279.154556003229,23.1461342913919,3.70921784464239
534.384207930431,393.568306360517,3.25489070309152
64.7786605230947,84.7314291478554,5.32809394508172
3.82533967775766,79.507782694476,3.40078889826121
588.237905320053,229.094822398544,4.0088827565913
435.417367536118,454.502542522142,4.81178539399183
660.771300259302,370.406853089695,2.78090394296076
103.646786482519,486.960082487819,4.33251092074696
623.329256204329,90.7014942174006,4.11863967193389
423.341892402577,259.359049860744,3.6449262492518
9.56521717638769,181.69600827984,3.26779359012618
68.4432212870693,100.800767872905,4.44638999326315
614.584133322184,204.077192609616,4.50713871330224
255.905186531019,218.738874862196,3.72214679591916
577.529162924782,431.308653605726,3.90172819078524
300.187756767476,131.690069048025,3.9738978028069
526.551502760258,458.708343551893,3.7021970192242
51.444200111414,419.918804504599,3.91949649927801
196.21770676364,289.644270802167,3.9192848145404
550.206197848266,268.26097627214,3.76115470817085
180.941703122677,28.610002681169,4.43085444152279
505.678216054811,345.069331877316,4.84586319757234
39.6024491175237,47.2348455212856,4.07310531926505
521.483988378908,138.167466794109,4.67841797761753
NA,NA,NA
662.6661958883,335.760407876344,3.43522204932889
456.1155902217,293.839226184163,3.51990948728631
12.6719728226801,494.214930364304,3.48890434653996
559.005401416194,49.3577333083151,4.16434293689723
72.6969071704394,380.056289675299,3.92662180555055
231.893380777534,413.774752007217,3.89652905135995
428.001261484165,10.5316901907302,3.2365776791573
360.717886175023,294.169656472923,3.02200575396272
605.887889151045,109.447175106389,4.21101320612182
391.672506932446,228.144717747355,4.21103092164008
569.03105883982,408.949301360855,4.71653391750626
136.67393663606,282.01092177983,4.42235656551918
203.448337659666,370.389764687077,4.0028109955617
124.402070198517,409.575783576298,3.42235426371398
626.220221783873,313.572002294635,4.50662373855678
6.54199197302609,144.251669067612,4.23878839737413
543.021241190139,204.472531304036,4.18012092619382
33.7633631793665,490.857650439564,2.9114939780579
279.154556003229,23.1461342913919,3.70921784464239
534.384207930431,393.568306360517,3.25489070309152
64.7786605230947,84.7314291478554,5.32809394508172
3.82533967775766,79.507782694476,3.40078889826121
588.237905320053,229.094822398544,4.0088827565913
435.417367536118,454.502542522142,4.81178539399183
660.771300259302,370.406853089695,2.78090394296076
103.646786482519,486.960082487819,4.33251092074696
623.329256204329,90.7014942174006,4.11863967193389
423.341892402577,259.359049860744,3.6449262492518
9.56521717638769,181.69600827984,3.26779359012618
68.4432212870693,100.800767872905,4.44638999326315
614.584133322184,204.077192609616,4.50713871330224
255.905186531019,218.738874862196,3.72214679591916
577.529162924782,431.308653605726,3.90172819078524
300.187756767476,131.690069048025,3.9738978028069
526.551502760258,458.708343551893,3.7021970192242
51.444200111414,419.918804504599,3.91949649927801
196.21770676364,289.644270802167,3.9192848145404
550.206197848266,268.26097627214,3.76115470817085
180.941703122677,28.610002681169,4.43085444152279
505.678216054811,345.069331877316,4.84586319757234
39.6024491175237,47.2348455212856,4.07310531926505
521.483988378908,138.167466794109,4.67841797761753
NA,NA,NA
662.6661958883,335.760407876344,3.43522204932889
456.1155902217,293.839226184163,3.51990948728631
12.6719728226801,494.214930364304,3.48890434653996
559.005401416194,49.3577333083151,4.16434293689723
72.6969071704394,380.056289675299,3.92662180555055
231.893380777534,413.774752007217,3.89652905135995
428.001261484165,10.5316901907302,3.2365776791573
360.717886175023,294.169656472923,3.02200575396272
605.887889151045,109.447175106389,4.21101320612182
391.672506932446,228.144717747355,4.21103092164008
569.03105883982,408.949301360855,4.71653391750626
136.67393663606,282.01092177983,4.42235656551918
203.448337659666,370.389764687077,4.0028109955617
124.402070198517,409.575783576298,3.42235426371398
626.220221783873,313.572002294635,4.50662373855678
6.54199197302609,144.251669067612,4.23878839737413
543.021241190139,204.472531304036,4.18012092619382
33.7633631793665,490.857650439564,2.9114939780579
279.154556003229,23.1461342913919,3.70921784464239
534.384207930431,393.568306360517,3.25489070309152
64.7786605230947,84.7314291478554,5.32809394508172
3.82533967775766,79.507782694476,3.40078889826121
588.237905320053,229.094822398544,4.0088827565913
435.417367536118,454.502542522142,4.81178539399183
660.771300259302,370.406853089695,2.78090394296076
103.646786482519,486.960082487819,4.33251092074696
623.329256204329,90.7014942174006,4.11863967193389
423.341892402577,259.359049860744,3.6449262492518
9.56521717638769,181.69600827984,3.26779359012618
68.4432212870693,100.800767872905,4.44638999326315
614.584133322184,204.077192609616,4.50713871330224
255.905186531019,218.738874862196,3.72214679591916
577.529162924782,431.308653605726,3.90172819078524
300.187756767476,131.690069048025,3.9738978028069
526.551502760258,458.708343551893,3.7021970192242
51.444200111414,419.918804504599,3.91949649927801
196.21770676364,289.644270802167,3.9192848145404
550.206197848266,268.26097627214,3.76115470817085
180.941703122677,28.610002681169,4.43085444152279
505.678216054811,345.069331877316,4.84586319757234
39.6024491175237,47.2348455212856,4.07310531926505
521.483988378908,138.167466794109,4.67841797761753
NA,NA,NA
662.6661958883,335.760407876344,3.43522204932889
456.1155902217,293.839226184163,3.51990948728631
12.6719728226801,494.214930364304,3.48890434653996
559.005401416194,49.3577333083151,4.16434293689723
72.6969071704394,380.056289675299,3.92662180555055
231.893380777534,413.774752007217,3.89652905135995
428.001261484165,10.5316901907302,3.2365776791573
360.717886175023,294.169656472923,3.02200575396272
605.887889151045,109.447175106389,4.21101320612182
391.672506932446,228.144717747355,4.21103092164008
569.03105883982,408.949301360855,4.71653391750626
136.67393663606,282.01092177983,4.42235656551918
203.448337659666,370.389764687077,4.0028109955617
124.402070198517,409.575783576298,3.42235426371398
626.220221783873,313.572002294635,4.50662373855678
6.54199197302609,144.251669067612,4.23878839737413
543.021241190139,204.472531304036,4.18012092619382
33.7633631793665,490.857650439564,2.9114939780579
279.154556003229,23.1461342913919,3.70921784464239
534.384207930431,393.568306360517,3.25489070309152
64.7786605230947,84.7314291478554,5.32809394508172
3.82533967775766,79.507782694476,3.40078889826121
588.237905320053,229.094822398544,4.0088827565913
435.417367536118,454.502542522142,4.81178539399183
660.771300259302,370.406853089695,2.78090394296076
103.646786482519,486.960082487819,4.33251092074696
623.329256204329,90.7014942174006,4.11863967193389
423.341892402577,259.359049860744,3.6449262492518
9.56521717638769,181.69600827984,3.26779359012618
68.4432212870693,100.800767872905,4.44638999326315
614.584133322184,204.077192609616,4.50713871330224
255.905186531019,218.738874862196,3.72214679591916
577.529162924782,431.308653605726,3.90172819078524
300.187756767476,131.690069048025,3.9738978028069
526.551502760258,458.708343551893,3.7021970192242
51.444200111414,419.918804504599,3.91949649927801
196.21770676364,289.644270802167,3.9192848145404
550.206197848266,268.26097627214,3.76115470817085
180.941703122677,28.610002681169,4.43085444152279
505.678216054811,345.069331877316,4.84586319757234
39.6024491175237,47.2348455212856,4.07310531926505
521.483988378908,138.167466794109,4.67841797761753
NA,NA,NA
662.6661958883,335.760407876344,3.43522204932889
456.1155902217,293.839226184163,3.51990948728631
12.6719728226801,494.214930364304,3.48890434653996
559.005401416194,49.3577333083151,4.16434293689723
72.6969071704394,380.056289675299,3.92662180555055
231.893380777534,413.774752007217,3.89652905135995
428.001261484165,10.5316901907302,3.2365776791573
360.717886175023,294.169656472923,3.02200575396272
605.887889151045,109.447175106389,4.21101320612182
391.672506932446,228.144717747355,4.21103092164008
569.03105883982,408.949301360855,4.71653391750626
136.67393663606,282.01092177983,4.42235656551918
203.448337659666,370.389764687077,4.0028109955617
124.402070198517,409.575783576298,3.42235426371398
626.220221783873,313.572002294635,4.50662373855678
6.54199197302609,144.251669067612,4.23878839737413
543.021241190139,204.472531304036,4.18012092619382
33.7633631793665,490.857650439564,2.9114939780579
279.154556003229,23.1461342913919,3.70921784464239
534.384207930431,393.568306360517,3.25489070309152
64.7786605230947,84.7314291478554,5.32809394508172
3.82533967775766,79.507782694476,3.40078889826121
588.237905320053,229.094822398544,4.0088827565913
435.417367536118,454.502542522142,4.81178539399183
660.771300259302,370.406853089695,2.78090394296076
103.646786482519,486.960082487819,4.33251092074696
623.329256204329,90.7014942174006,4.11863967193389
423.341892402577,259.359049860744,3.6449262492518
9.56521717638769,181.69600827984,3.26779359012618
68.4432212870693,100.800767872905,4.44638999326315
614.584133322184,204.077192609616,4.50713871330224
255.905186531019,218.738874862196,3.72214679591916
577.529162924782,431.308653605726,3.90172819078524
300.187756767476,131.690069048025,3.9738978028069
526.551502760258,458.708343551893,3.7021970192242
51.444200111414,419.918804504599,3.91949649927801
196.21770676364,289.644270802167,3.9192848145404
550.206197848266,268.26097627214,3.76115470817085
180.941703122677,28.610002681169,4.43085444152279
505.678216054811,345.069331877316,4.84586319757234
39.6024491175237,47.2348455212856,4.07310531926505
521.483988378908,138.167466794109,4.67841797761753
NA,NA,NA
661.1155795452,334.011975942748,3.5541276416637
456.958766869554,299.385075627467,3.65794849225603
11.6323896289152,495.527561474607,3.60685125480235
561.352140549521,47.3917970953941,4.19813879316098
69.5282075915142,378.613095247877,4.03848148979916
225.513246903801,412.545002734111,3.86771535321653
428.059548532727,12.0652006027176,3.21921969164996
363.327152402329,295.155709931147,2.92355485293286
605.860930521913,102.576190691265,4.21361340772804
395.709403380491,226.369445699296,4.32399397970485
571.88715547255,405.753375167131,4.70995918449495
139.267690090181,285.454725665293,4.75586952039655
203.256276058027,365.592919166543,3.99308173413344
124.721169783566,411.155841637677,3.43156253734972
629.67319204386,312.883908330259,4.56254450851414
-1.11920292808949,151.54952069959,4.27697133269698
544.671223495815,200.904063232656,4.12864134714555
33.1940563787259,490.973979473968,3.03247740478836
281.647572958483,21.2816494380439,3.97678558484062
533.883111521215,393.746047697673,3.53762647694612
74.0461815524701,81.0910787985459,5.2371939297928
4.08771526225513,72.3480665600034,3.28938742593113
588.608237487696,225.353712055547,4.01200445196085
443.182749874983,456.375708474064,4.79986522924236
658.070362261832,373.898875688864,3.00072545072225
107.594367420297,482.156932995512,4.4122224423947
622.927169906675,88.1135373280276,4.07254014571659
419.824996921657,264.311557570181,3.61373842365337
12.2931166316788,182.671231929924,3.31752442651886
52.9282293962104,119.555313291421,4.3958795694295
607.571712078661,200.651279784774,4.38624095046818
246.591752537962,224.377315558446,3.97555172570813
568.200167444147,427.415853162366,3.83050202624366
299.365553875487,131.691815451544,3.91088643833924
524.165323981385,456.277863978133,3.75349372848412
41.0414415406106,420.165826252986,3.70231831834606
194.76835738777,288.154423332922,4.32539582331714
547.63159271709,258.961946794862,3.66605569888517
182.077299444025,22.4143826811234,4.3204092879118
499.494101686782,349.629103433688,4.69054211080377
38.5839855226363,58.9439438878705,4.04077571845725
531.15892426216,145.725709420298,4.88096207800311
NA,NA,NA
661.1155795452,334.011975942748,3.5541276416637
456.958766869554,299.385075627467,3.65794849225603
11.6323896289152,495.527561474607,3.60685125480235
561.352140549521,47.3917970953941,4.19813879316098
69.5282075915142,378.613095247877,4.03848148979916
225.513246903801,412.545002734111,3.86771535321653
428.059548532727,12.0652006027176,3.21921969164996
363.327152402329,295.155709931147,2.92355485293286
605.860930521913,102.576190691265,4.21361340772804
395.709403380491,226.369445699296,4.32399397970485
571.88715547255,405.753375167131,4.70995918449495
139.267690090181,285.454725665293,4.75586952039655
203.256276058027,365.592919166543,3.99308173413344
124.721169783566,411.155841637677,3.43156253734972
629.67319204386,312.883908330259,4.56254450851414
-1.11920292808949,151.54952069959,4.27697133269698
544.671223495815,200.904063232656,4.12864134714555
33.1940563787259,490.973979473968,3.03247740478836
281.647572958483,21.2816494380439,3.97678558484062
533.883111521215,393.746047697673,3.53762647694612
74.0461815524701,81.0910787985459,5.2371939297928
4.08771526225513,72.3480665600034,3.28938742593113
588.608237487696,225.353712055547,4.01200445196085
443.182749874983,456.375708474064,4.79986522924236
658.070362261832,373.898875688864,3.00072545072225
107.594367420297,482.156932995512,4.4122224423947
622.927169906675,88.1135373280276,4.07254014571659
419.824996921657,264.311557570181,3.61373842365337
12.2931166316788,182.671231929924,3.31752442651886
52.9282293962104,119.555313291421,4.3958795694295
607.571712078661,200.651279784774,4.38624095046818
246.591752537962,224.377315558446,3.97555172570813
568.200167444147,427.415853162366,3.83050202624366
299.365553875487,131.691815451544,3.91088643833924
524.165323981385,456.277863978133,3.75349372848412
41.0414415406106,420.165826252986,3.70231831834606
194.76835738777,288.154423332922,4.32539582331714
547.63159271709,258.961946794862,3.66605569888517
182.077299444025,22.4143826811234,4.3204092879118
499.494101686782,349.629103433688,4.69054211080377
38.5839855226363,58.9439438878705,4.04077571845725
531.15892426216,145.725709420298,4.88096207800311
NA,NA,NA
661.1155795452,334.011975942748,3.5541276416637
456.958766869554,299.385075627467,3.65794849225603
11.6323896289152,495.527561474607,3.60685125480235
561.352140549521,47.3917970953941,4.19813879316098
69.5282075915142,378.613095247877,4.03848148979916
225.513246903801,412.545002734111,3.86771535321653
428.059548532727,12.0652006027176,3.21921969164996
363.327152402329,295.155709931147,2.92355485293286
605.860930521913,102.576190691265,4.21361340772804
395.709403380491,226.369445699296,4.32399397970485
571.88715547255,405.753375167131,4.70995918449495
139.267690090181,285.454725665293,4.75586952039655
203.256276058027,365.592919166543,3.99308173413344
124.721169783566,411.155841637677,3.43156253734972
629.67319204386,312.883908330259,4.56254450851414
-1.11920292808949,151.54952069959,4.27697133269698
544.671223495815,200.904063232656,4.12864134714555
33.1940563787259,490.973979473968,3.03247740478836
281.647572958483,21.2816494380439,3.97678558484062
533.883111521215,393.746047697673,3.53762647694612
74.0461815524701,81.0910787985459,5.2371939297928
4.08771526225513,72.3480665600034,3.28938742593113
588.608237487696,225.353712055547,4.01200445196085
443.182749874983,456.375708474064,4.79986522924236
658.070362261832,373.898875688864,3.00072545072225
107.594367420297,482.156932995512,4.4122224423947
622.927169906675,88.1135373280276,4.07254014571659
419.824996921657,264.311557570181,3.61373842365337
12.2931166316788,182.671231929924,3.31752442651886
52.9282293962104,119.555313291421,4.3958795694295
607.571712078661,200.651279784774,4.38624095046818
246.591752537962,224.377315558446,3.97555172570813
568.200167444147,427.415853162366,3.83050202624366
299.365553875487,131.691815451544,3.91088643833924
524.165323981385,456.277863978133,3.75349372848412
41.0414415406106,420.165826252986,3.70231831834606
194.76835738777,288.154423332922,4.32539582331714
547.63159271709,258.961946794862,3.66605569888517
182.077299444025,22.4143826811234,4.3204092879118
499.494101686782,349.629103433688,4.69054211080377
38.5839855226363,58.9439438878705,4.04077571845725
531.15892426216,145.725709420298,4.88096207800311
NA,NA,NA
661.1155795452,334.011975942748,3.5541276416637
456.958766869554,299.385075627467,3.65794849225603
11.6323896289152,495.527561474607,3.60685125480235
561.352140549521,47.3917970953941,4.19813879316098
69.5282075915142,378.613095247877,4.03848148979916
225.513246903801,412.545002734111,3.86771535321653
428.059548532727,12.0652006027176,3.21921969164996
363.327152402329,295.155709931147,2.92355485293286
605.860930521913,102.576190691265,4.21361340772804
395.709403380491,226.369445699296,4.32399397970485
571.88715547255,405.753375167131,4.70995918449495
139.267690090181,285.454725665293,4.75586952039655
203.256276058027,365.592919166543,3.99308173413344
124.721169783566,411.155841637677,3.43156253734972
629.67319204386,312.883908330259,4.56254450851414
-1.11920292808949,151.54952069959,4.27697133269698
544.671223495815,200.904063232656,4.12864134714555
33.1940563787259,490.973979473968,3.03247740478836
281.647572958483,21.2816494380439,3.97678558484062
533.883111521215,393.746047697673,3.53762647694612
74.0461815524701,81.0910787985459,5.2371939297928
4.08771526225513,72.3480665600034,3.28938742593113
588.608237487696,225.353712055547,4.01200445196085
443.182749874983,456.375708474064,4.79986522924236
658.070362261832,373.898875688864,3.00072545072225
107.594367420297,482.156932995512,4.4122224423947
622.927169906675,88.1135373280276,4.07254014571659
419.824996921657,264.311557570181,3.61373842365337
12.2931166316788,182.671231929924,3.31752442651886
52.9282293962104,119.555313291421,4.3958795694295
607.571712078661,200.651279784774,4.38624095046818
246.591752537962,224.377315558446,3.97555172570813
568.200167444147,427.415853162366,3.83050202624366
299.365553875487,131.691815451544,3.91088643833924
524.165323981385,456.277863978133,3.75349372848412
41.0414415406106,420.165826252986,3.70231831834606
194.76835738777,288.154423332922,4.32539582331714
547.63159271709,258.961946794862,3.66605569888517
182.077299444025,22.4143826811234,4.3204092879118
499.494101686782,349.629103433688,4.69054211080377
38.5839855226363,58.9439438878705,4.04077571845725
531.15892426216,145.725709420298,4.88096207800311
NA,NA,NA
661.1155795452,334.011975942748,3.5541276416637
456.958766869554,299.385075627467,3.65794849225603
11.6323896289152,495.527561474607,3.60685125480235
561.352140549521,47.3917970953941,4.19813879316098
69.5282075915142,378.613095247877,4.03848148979916
225.513246903801,412.545002734111,3.86771535321653
428.059548532727,12.0652006027176,3.21921969164996
363.327152402329,295.155709931147,2.92355485293286
605.860930521913,102.576190691265,4.21361340772804
395.709403380491,226.369445699296,4.32399397970485
571.88715547255,405.753375167131,4.70995918449495
139.267690090181,285.454725665293,4.75586952039655
203.256276058027,365.592919166543,3.99308173413344
124.721169783566,411.155841637677,3.43156253734972
629.67319204386,312.883908330259,4.56254450851414
-1.11920292808949,151.54952069959,4.27697133269698
544.671223495815,200.904063232656,4.12864134714555
33.1940563787259,490.973979473968,3.03247740478836
281.647572958483,21.2816494380439,3.97678558484062
533.883111521215,393.746047697673,3.53762647694612
74.0461815524701,81.0910787985459,5.2371939297928
4.08771526225513,72.3480665600034,3.28938742593113
588.608237487696,225.353712055547,4.01200445196085
443.182749874983,456.375708474064,4.79986522924236
658.070362261832,373.898875688864,3.00072545072225
107.594367420297,482.156932995512,4.4122224423947
622.927169906675,88.1135373280276,4.07254014571659
419.824996921657,264.311557570181,3.61373842365337
12.2931166316788,182.671231929924,3.31752442651886
52.9282293962104,119.555313291421,4.3958795694295
607.571712078661,200.651279784774,4.38624095046818
246.591752537962,224.377315558446,3.97555172570813
568.200167444147,427.415853162366,3.83050202624366
299.365553875487,131.691815451544,3.91088643833924
524.165323981385,456.277863978133,3.75349372848412
41.0414415406106,420.165826252986,3.70231831834606
194.76835738777,288.154423332922,4.32539582331714
547.63159271709,258.961946794862,3.66605569888517
182.077299444025,22.4143826811234,4.3204092879118
499.494101686782,349.629103433688,4.69054211080377
38.5839855226363,58.9439438878705,4.04077571845725
531.15892426216,145.725709420298,4.88096207800311
NA,NA,NA
661.1155795452,334.011975942748,3.5541276416637
456.958766869554,299.385075627467,3.65794849225603
11.6323896289152,495.527561474607,3.60685125480235
561.352140549521,47.3917970953941,4.19813879316098
69.5282075915142,378.613095247877,4.03848148979916
225.513246903801,412.545002734111,3.86771535321653
428.059548532727,12.0652006027176,3.21921969164996
363.327152402329,295.155709931147,2.92355485293286
605.860930521913,102.576190691265,4.21361340772804
395.709403380491,226.369445699296,4.32399397970485
571.88715547255,405.753375167131,4.70995918449495
139.267690090181,285.454725665293,4.75586952039655
203.256276058027,365.592919166543,3.99308173413344
124.721169783566,411.155841637677,3.43156253734972
629.67319204386,312.883908330259,4.56254450851414
-1.11920292808949,151.54952069959,4.27697133269698
544.671223495815,200.904063232656,4.12864134714555
33.1940563787259,490.973979473968,3.03247740478836
281.647572958483,21.2816494380439,3.97678558484062
533.883111521215,393.746047697673,3.53762647694612
74.0461815524701,81.0910787985459,5.2371939297928
4.08771526225513,72.3480665600034,3.28938742593113
588.608237487696,225.353712055547,4.01200445196085
443.182749874983,456.375708474064,4.79986522924236
658.070362261832,373.898875688864,3.00072545072225
107.594367420297,482.156932995512,4.4122224423947
622.927169906675,88.1135373280276,4.07254014571659
419.824996921657,264.311557570181,3.61373842365337
12.2931166316788,182.671231929924,3.31752442651886
52.9282293962104,119.555313291421,4.3958795694295
607.571712078661,200.651279784774,4.38624095046818
246.591752537962,224.377315558446,3.97555172570813
568.200167444147,427.415853162366,3.83050202624366
299.365553875487,131.691815451544,3.91088643833924
524.165323981385,456.277863978133,3.75349372848412
41.0414415406106,420.165826252986,3.70231831834606
194.76835738777,288.154423332922,4.32539582331714
547.63159271709,258.961946794862,3.66605569888517
182.077299444025,22.4143826811234,4.3204092879118
499.494101686782,349.629103433688,4.69054211080377
38.5839855226363,58.9439438878705,4.04077571845725
531.15892426216,145.725709420298,4.88096207800311
NA,NA,NA
662.781720715473,335.38390044602,3.56797262261535
454.786025016292,299.929221645379,3.58143555164914
10.6578362417841,497.600394281946,3.77392270990644
562.282631060704,45.7606730708854,4.18591369592204
73.7236936921482,373.150232508129,4.05728661823827
230.374044008539,410.334181461425,3.91722186435416
428.517685223478,15.4960102190782,3.05518253443204
363.187175645842,295.861105843354,3.10640993131541
603.745303750576,108.721353323834,4.29533170262103
390.377824889466,232.82270685201,4.14962162335772
576.699900278393,407.266627273197,4.73968057276133
139.049995344173,281.860258872423,4.62741268343338
201.157304543769,371.915452914976,3.98343607778929
122.334282934969,410.291228864905,3.47841902832375
629.19483880956,316.189793475206,4.63471704583628
3.24237718163228,148.654778660584,4.27699662112333
539.416420927575,202.192011008698,4.2317918412701
33.0561161868035,494.79676237783,2.94955013931594
278.081633886601,21.0464304291893,3.83125010021472
536.537717603412,391.044959878596,3.20247583082551
64.0985755246336,80.7102932983281,5.21466592980905
7.26935647110227,77.0651477814402,3.33572294932684
588.706922943428,225.624828691045,3.96850335004575
444.727945110907,456.461527107184,4.80194579583954
659.470115190107,372.51753322264,3.26083280704146
103.148541261247,484.938604430335,4.40544486350594
625.868906559769,89.3330370118523,4.13406677779238
420.574849293637,260.272856166713,3.46138237846023
12.0648353123775,181.473577801694,3.1740753340744
70.9980927521397,107.161609828647,4.41109005219397
625.061646705747,210.084450856222,4.4203499960386
251.117625405025,215.945999299495,3.58995424467117
581.893728306229,432.419310892181,3.83870022252172
298.029327932946,136.780581302885,4.09259471052065
536.705680152485,459.317184826342,3.40925929799865
55.2933730919618,425.06866756899,4.24120160440023
199.551655700695,285.232679578668,3.96027581121803
544.651355973061,266.325315013764,3.69739144569487
168.006560035755,31.6128377919284,4.32019212050251
499.36466010614,341.781825009796,4.88676287156959
28.515756257224,46.5495370648179,4.09216248524844
529.650838714202,151.902230840341,4.48776702111735
NA,NA,NA
662.781720715473,335.38390044602,3.56797262261535
454.786025016292,299.929221645379,3.58143555164914
10.6578362417841,497.600394281946,3.77392270990644
562.282631060704,45.7606730708854,4.18591369592204
73.7236936921482,373.150232508129,4.05728661823827
230.374044008539,410.334181461425,3.91722186435416
428.517685223478,15.4960102190782,3.05518253443204
363.187175645842,295.861105843354,3.10640993131541
603.745303750576,108.721353323834,4.29533170262103
390.377824889466,232.82270685201,4.14962162335772
576.699900278393,407.266627273197,4.73968057276133
139.049995344173,281.860258872423,4.62741268343338
201.157304543769,371.915452914976,3.98343607778929
122.334282934969,410.291228864905,3.47841902832375
629.19483880956,316.189793475206,4.63471704583628
3.24237718163228,148.654778660584,4.27699662112333
539.416420927575,202.192011008698,4.2317918412701
33.0561161868035,494.79676237783,2.94955013931594
278.081633886601,21.0464304291893,3.83125010021472
536.537717603412,391.044959878596,3.20247583082551
64.0985755246336,80.7102932983281,5.21466592980905
7.26935647110227,77.0651477814402,3.33572294932684
588.706922943428,225.624828691045,3.96850335004575
444.727945110907,456.461527107184,4.80194579583954
659.470115190107,372.51753322264,3.26083280704146
103.148541261247,484.938604430335,4.40544486350594
625.868906559769,89.3330370118523,4.13406677779238
420.574849293637,260.272856166713,3.46138237846023
12.0648353123775,181.473577801694,3.1740753340744
70.9980927521397,107.161609828647,4.41109005219397
625.061646705747,210.084450856222,4.4203499960386
251.117625405025,215.945999299495,3.58995424467117
581.893728306229,432.419310892181,3.83870022252172
298.029327932946,136.780581302885,4.09259471052065
536.705680152485,459.317184826342,3.40925929799865
55.2933730919618,425.06866756899,4.24120160440023
199.551655700695,285.232679578668,3.96027581121803
544.651355973061,266.325315013764,3.69739144569487
168.006560035755,31.6128377919284,4.32019212050251
499.36466010614,341.781825009796,4.88676287156959
28.515756257224,46.5495370648179,4.09216248524844
529.650838714202,151.902230840341,4.48776702111735
NA,NA,NA
662.781720715473,335.38390044602,3.56797262261535
454.786025016292,299.929221645379,3.58143555164914
10.6578362417841,497.600394281946,3.77392270990644
562.282631060704,45.7606730708854,4.18591369592204
73.7236936921482,373.150232508129,4.05728661823827
230.374044008539,410.334181461425,3.91722186435416
428.517685223478,15.4960102190782,3.05518253443204
363.187175645842,295.861105843354,3.10640993131541
603.745303750576,108.721353323834,4.29533170262103
390.377824889466,232.82270685201,4.14962162335772
576.699900278393,407.266627273197,4.73968057276133
139.049995344173,281.860258872423,4.62741268343338
201.157304543769,371.915452914976,3.98343607778929
122.334282934969,410.291228864905,3.47841902832375
629.19483880956,316.189793475206,4.63471704583628
3.24237718163228,148.654778660584,4.27699662112333
539.416420927575,202.192011008698,4.2317918412701
33.0561161868035,494.79676237783,2.94955013931594
278.081633886601,21.0464304291893,3.83125010021472
536.537717603412,391.044959878596,3.20247583082551
64.0985755246336,80.7102932983281,5.21466592980905
7.26935647110227,77.0651477814402,3.33572294932684
588.706922943428,225.624828691045,3.96850335004575
444.727945110907,456.461527107184,4.80194579583954
659.470115190107,372.51753322264,3.26083280704146
103.148541261247,484.938604430335,4.40544486350594
625.868906559769,89.3330370118523,4.13406677779238
420.574849293637,260.272856166713,3.46138237846023
12.0648353123775,181.473577801694,3.1740753340744
70.9980927521397,107.161609828647,4.41109005219397
625.061646705747,210.084450856222,4.4203499960386
251.117625405025,215.945999299495,3.58995424467117
581.893728306229,432.419310892181,3.83870022252172
298.029327932946,136.780581302885,4.09259471052065
536.705680152485,459.317184826342,3.40925929799865
55.2933730919618,425.06866756899,4.24120160440023
199.551655700695,285.232679578668,3.96027581121803
544.651355973061,266.325315013764,3.69739144569487
168.006560035755,31.6128377919284,4.32019212050251
499.36466010614,341.781825009796,4.88676287156959
28.515756257224,46.5495370648179,4.09216248524844
529.650838714202,151.902230840341,4.48776702111735
NA,NA,NA
662.781720715473,335.38390044602,3.56797262261535
454.786025016292,299.929221645379,3.58143555164914
10.6578362417841,497.600394281946,3.77392270990644
562.282631060704,45.7606730708854,4.18591369592204
73.7236936921482,373.150232508129,4.05728661823827
230.374044008539,410.334181461425,3.91722186435416
428.517685223478,15.4960102190782,3.05518253443204
363.187175645842,295.861105843354,3.10640993131541
603.745303750576,108.721353323834,4.29533170262103
390.377824889466,232.82270685201,4.14962162335772
576.699900278393,407.266627273197,4.73968057276133
139.049995344173,281.860258872423,4.62741268343338
201.157304543769,371.915452914976,3.98343607778929
122.334282934969,410.291228864905,3.47841902832375
629.19483880956,316.189793475206,4.63471704583628
3.24237718163228,148.654778660584,4.27699662112333
539.416420927575,202.192011008698,4.2317918412701
33.0561161868035,494.79676237783,2.94955013931594
278.081633886601,21.0464304291893,3.83125010021472
536.537717603412,391.044959878596,3.20247583082551
64.0985755246336,80.7102932983281,5.21466592980905
7.26935647110227,77.0651477814402,3.33572294932684
588.706922943428,225.624828691045,3.96850335004575
444.727945110907,456.461527107184,4.80194579583954
659.470115190107,372.51753322264,3.26083280704146
103.148541261247,484.938604430335,4.40544486350594
625.868906559769,89.3330370118523,4.13406677779238
420.574849293637,260.272856166713,3.46138237846023
12.0648353123775,181.473577801694,3.1740753340744
70.9980927521397,107.161609828647,4.41109005219397
625.061646705747,210.084450856222,4.4203499960386
251.117625405025,215.945999299495,3.58995424467117
581.893728306229,432.419310892181,3.83870022252172
298.029327932946,136.780581302885,4.09259471052065
536.705680152485,459.317184826342,3.40925929799865
55.2933730919618,425.06866756899,4.24120160440023
199.551655700695,285.232679578668,3.96027581121803
544.651355973061,266.325315013764,3.69739144569487
168.006560035755,31.6128377919284,4.32019212050251
499.36466010614,341.781825009796,4.88676287156959
28.515756257224,46.5495370648179,4.09216248524844
529.650838714202,151.902230840341,4.48776702111735
NA,NA,NA
662.781720715473,335.38390044602,3.56797262261535
454.786025016292,299.929221645379,3.58143555164914
10.6578362417841,497.600394281946,3.77392270990644
562.282631060704,45.7606730708854,4.18591369592204
73.7236936921482,373.150232508129,4.05728661823827
230.374044008539,410.334181461425,3.91722186435416
428.517685223478,15.4960102190782,3.05518253443204
363.187175645842,295.861105843354,3.10640993131541
603.745303750576,108.721353323834,4.29533170262103
390.377824889466,232.82270685201,4.14962162335772
576.699900278393,407.266627273197,4.73968057276133
139.049995344173,281.860258872423,4.62741268343338
201.157304543769,371.915452914976,3.98343607778929
122.334282934969,410.291228864905,3.47841902832375
629.19483880956,316.189793475206,4.63471704583628
3.24237718163228,148.654778660584,4.27699662112333
539.416420927575,202.192011008698,4.2317918412701
33.0561161868035,494.79676237783,2.94955013931594
278.081633886601,21.0464304291893,3.83125010021472
536.537717603412,391.044959878596,3.20247583082551
64.0985755246336,80.7102932983281,5.21466592980905
7.26935647110227,77.0651477814402,3.33572294932684
588.706922943428,225.624828691045,3.96850335004575
444.727945110907,456.461527107184,4.80194579583954
659.470115190107,372.51753322264,3.26083280704146
103.148541261247,484.938604430335,4.40544486350594
625.868906559769,89.3330370118523,4.13406677779238
420.574849293637,260.272856166713,3.46138237846023
12.0648353123775,181.473577801694,3.1740753340744
70.9980927521397,107.161609828647,4.41109005219397
625.061646705747,210.084450856222,4.4203499960386
251.117625405025,215.945999299495,3.58995424467117
581.893728306229,432.419310892181,3.83870022252172
298.029327932946,136.780581302885,4.09259471052065
536.705680152485,459.317184826342,3.40925929799865
55.2933730919618,425.06866756899,4.24120160440023
199.551655700695,285.232679578668,3.96027581121803
544.651355973061,266.325315013764,3.69739144569487
168.006560035755,31.6128377919284,4.32019212050251
499.36466010614,341.781825009796,4.88676287156959
28.515756257224,46.5495370648179,4.09216248524844
529.650838714202,151.902230840341,4.48776702111735
NA,NA,NA
662.781720715473,335.38390044602,3.56797262261535
454.786025016292,299.929221645379,3.58143555164914
10.6578362417841,497.600394281946,3.77392270990644
562.282631060704,45.7606730708854,4.18591369592204
73.7236936921482,373.150232508129,4.05728661823827
230.374044008539,410.334181461425,3.91722186435416
428.517685223478,15.4960102190782,3.05518253443204
363.187175645842,295.861105843354,3.10640993131541
603.745303750576,108.721353323834,4.29533170262103
390.377824889466,232.82270685201,4.14962162335772
576.699900278393,407.266627273197,4.73968057276133
139.049995344173,281.860258872423,4.62741268343338
201.157304543769,371.915452914976,3.98343607778929
122.334282934969,410.291228864905,3.47841902832375
629.19483880956,316.189793475206,4.63471704583628
3.24237718163228,148.654778660584,4.27699662112333
539.416420927575,202.192011008698,4.2317918412701
33.0561161868035,494.79676237783,2.94955013931594
278.081633886601,21.0464304291893,3.83125010021472
536.537717603412,391.044959878596,3.20247583082551
64.0985755246336,80.7102932983281,5.21466592980905
7.26935647110227,77.0651477814402,3.33572294932684
588.706922943428,225.624828691045,3.96850335004575
444.727945110907,456.461527107184,4.80194579583954
659.470115190107,372.51753322264,3.26083280704146
103.148541261247,484.938604430335,4.40544486350594
625.868906559769,89.3330370118523,4.13406677779238
420.574849293637,260.272856166713,3.46138237846023
12.0648353123775,181.473577801694,3.1740753340744
70.9980927521397,107.161609828647,4.41109005219397
625.061646705747,210.084450856222,4.4203499960386
251.117625405025,215.945999299495,3.58995424467117
581.893728306229,432.419310892181,3.83870022252172
298.029327932946,136.780581302885,4.09259471052065
536.705680152485,459.317184826342,3.40925929799865
55.2933730919618,425.06866756899,4.24120160440023
199.551655700695,285.232679578668,3.96027581121803
544.651355973061,266.325315013764,3.69739144569487
168.006560035755,31.6128377919284,4.32019212050251
499.36466010614,341.781825009796,4.88676287156959
28.515756257224,46.5495370648179,4.09216248524844
529.650838714202,151.902230840341,4.48776702111735
NA,NA,NA
660.295037657451,336.451519559722,3.53060588791304
451.758005999991,299.367216691806,3.68534141336571
12.8747203567353,495.946895614888,3.58265444675194
565.04106770108,50.7606674179189,4.07113135847531
72.4450415471808,376.398337248765,4.01725032289782
225.146326690305,414.449906541946,3.93203553881346
428.933124925962,9.10179626808378,3.24395876598643
363.073431926122,293.545782618907,2.99372068283273
607.157471567364,106.475413983081,3.98641756209413
390.939710913418,229.238736091801,4.18928995557455
561.517532617123,405.197504360475,4.67162455933463
139.869219666938,274.15944428719,4.50122933013105
202.198426485825,370.390967369129,4.00551487854324
128.402990578543,413.105120115749,3.62463238954766
630.185811986587,317.230960657224,4.71905989802239
6.50004750931559,148.893632791587,4.23179070287082
543.567655732172,208.070622088407,4.33761035567257
33.3171774328972,491.938092468812,2.990941496909
272.682453545348,24.4578220683494,3.86560213763135
535.825609998932,393.258916341486,3.32425385560293
77.5303296002021,78.6663025948086,5.2248355730811
5.59082900337662,76.2484497107878,3.51026035517654
590.210829818869,229.524631752593,4.00745565398915
442.357724078533,462.908889044282,4.77674159187727
659.614058893662,373.718547600693,3.31596973769049
108.317825202163,488.064362664643,4.29943901862356
625.922990251327,93.3916035893902,4.11055831227134
421.440797735273,258.234698549624,3.64329674514924
13.2434801945137,182.231881919435,3.14805878211702
75.1321829098168,123.030456745573,4.63850687422808
603.078708166402,213.245301373704,4.31173711531951
263.082573060673,218.272997373454,3.86757553480587
561.33798163612,426.817797405824,3.8303012093461
302.22708630686,141.359617477285,3.96777652055401
534.995277746794,460.351971190153,3.44886704145306
34.9976385211819,415.959289895857,3.88374280296826
187.118001833758,284.015474942148,4.18066099061716
550.454701456884,255.976540421634,3.60442848431417
184.633046264946,34.7161422423574,4.70089240271753
494.013842428725,340.968926542249,4.62066405942949
35.724707489101,52.9305311519947,4.03215124203977
518.783676033413,155.287027860726,5.02076604189403
NA,NA,NA
660.295037657451,336.451519559722,3.53060588791304
451.758005999991,299.367216691806,3.68534141336571
12.8747203567353,495.946895614888,3.58265444675194
565.04106770108,50.7606674179189,4.07113135847531
72.4450415471808,376.398337248765,4.01725032289782
225.146326690305,414.449906541946,3.93203553881346
428.933124925962,9.10179626808378,3.24395876598643
363.073431926122,293.545782618907,2.99372068283273
607.157471567364,106.475413983081,3.98641756209413
390.939710913418,229.238736091801,4.18928995557455
561.517532617123,405.197504360475,4.67162455933463
139.869219666938,274.15944428719,4.50122933013105
202.198426485825,370.390967369129,4.00551487854324
128.402990578543,413.105120115749,3.62463238954766
630.185811986587,317.230960657224,4.71905989802239
6.50004750931559,148.893632791587,4.23179070287082
543.567655732172,208.070622088407,4.33761035567257
33.3171774328972,491.938092468812,2.990941496909
272.682453545348,24.4578220683494,3.86560213763135
535.825609998932,393.258916341486,3.32425385560293
77.5303296002021,78.6663025948086,5.2248355730811
5.59082900337662,76.2484497107878,3.51026035517654
590.210829818869,229.524631752593,4.00745565398915
442.357724078533,462.908889044282,4.77674159187727
659.614058893662,373.718547600693,3.31596973769049
108.317825202163,488.064362664643,4.29943901862356
625.922990251327,93.3916035893902,4.11055831227134
421.440797735273,258.234698549624,3.64329674514924
13.2434801945137,182.231881919435,3.14805878211702
75.1321829098168,123.030456745573,4.63850687422808
603.078708166402,213.245301373704,4.31173711531951
263.082573060673,218.272997373454,3.86757553480587
561.33798163612,426.817797405824,3.8303012093461
302.22708630686,141.359617477285,3.96777652055401
534.995277746794,460.351971190153,3.44886704145306
34.9976385211819,415.959289895857,3.88374280296826
187.118001833758,284.015474942148,4.18066099061716
550.454701456884,255.976540421634,3.60442848431417
184.633046264946,34.7161422423574,4.70089240271753
494.013842428725,340.968926542249,4.62066405942949
35.724707489101,52.9305311519947,4.03215124203977
518.783676033413,155.287027860726,5.02076604189403
NA,NA,NA
660.295037657451,336.451519559722,3.53060588791304
451.758005999991,299.367216691806,3.68534141336571
12.8747203567353,495.946895614888,3.58265444675194
565.04106770108,50.7606674179189,4.07113135847531
72.4450415471808,376.398337248765,4.01725032289782
225.146326690305,414.449906541946,3.93203553881346
428.933124925962,9.10179626808378,3.24395876598643
363.073431926122,293.545782618907,2.99372068283273
607.157471567364,106.475413983081,3.98641756209413
390.939710913418,229.238736091801,4.18928995557455
561.517532617123,405.197504360475,4.67162455933463
139.869219666938,274.15944428719,4.50122933013105
202.198426485825,370.390967369129,4.00551487854324
128.402990578543,413.105120115749,3.62463238954766
630.185811986587,317.230960657224,4.71905989802239
6.50004750931559,148.893632791587,4.23179070287082
543.567655732172,208.070622088407,4.33761035567257
33.3171774328972,491.938092468812,2.990941496909
272.682453545348,24.4578220683494,3.86560213763135
535.825609998932,393.258916341486,3.32425385560293
77.5303296002021,78.6663025948086,5.2248355730811
5.59082900337662,76.2484497107878,3.51026035517654
590.210829818869,229.524631752593,4.00745565398915
442.357724078533,462.908889044282,4.77674159187727
659.614058893662,373.718547600693,3.31596973769049
108.317825202163,488.064362664643,4.29943901862356
625.922990251327,93.3916035893902,4.11055831227134
421.440797735273,258.234698549624,3.64329674514924
13.2434801945137,182.231881919435,3.14805878211702
75.1321829098168,123.030456745573,4.63850687422808
603.078708166402,213.245301373704,4.31173711531951
263.082573060673,218.272997373454,3.86757553480587
561.33798163612,426.817797405824,3.8303012093461
302.22708630686,141.359617477285,3.96777652055401
534.995277746794,460.351971190153,3.44886704145306
34.9976385211819,415.959289895857,3.88374280296826
187.118001833758,284.015474942148,4.18066099061716
550.454701456884,255.976540421634,3.60442848431417
184.633046264946,34.7161422423574,4.70089240271753
494.013842428725,340.968926542249,4.62066405942949
35.724707489101,52.9305311519947,4.03215124203977
518.783676033413,155.287027860726,5.02076604189403
NA,NA,NA
660.295037657451,336.451519559722,3.53060588791304
451.758005999991,299.367216691806,3.68534141336571
12.8747203567353,495.946895614888,3.58265444675194
565.04106770108,50.7606674179189,4.07113135847531
72.4450415471808,376.398337248765,4.01725032289782
225.146326690305,414.449906541946,3.93203553881346
428.933124925962,9.10179626808378,3.24395876598643
363.073431926122,293.545782618907,2.99372068283273
607.157471567364,106.475413983081,3.98641756209413
390.939710913418,229.238736091801,4.18928995557455
561.517532617123,405.197504360475,4.67162455933463
139.869219666938,274.15944428719,4.50122933013105
202.198426485825,370.390967369129,4.00551487854324
128.402990578543,413.105120115749,3.62463238954766
630.185811986587,317.230960657224,4.71905989802239
6.50004750931559,148.893632791587,4.23179070287082
543.567655732172,208.070622088407,4.33761035567257
33.3171774328972,491.938092468812,2.990941496909
272.682453545348,24.4578220683494,3.86560213763135
535.825609998932,393.258916341486,3.32425385560293
77.5303296002021,78.6663025948086,5.2248355730811
5.59082900337662,76.2484497107878,3.51026035517654
590.210829818869,229.524631752593,4.00745565398915
442.357724078533,462.908889044282,4.77674159187727
659.614058893662,373.718547600693,3.31596973769049
108.317825202163,488.064362664643,4.29943901862356
625.922990251327,93.3916035893902,4.11055831227134
421.440797735273,258.234698549624,3.64329674514924
13.2434801945137,182.231881919435,3.14805878211702
75.1321829098168,123.030456745573,4.63850687422808
603.078708166402,213.245301373704,4.31173711531951
263.082573060673,218.272997373454,3.86757553480587
561.33798163612,426.817797405824,3.8303012093461
302.22708630686,141.359617477285,3.96777652055401
534.995277746794,460.351971190153,3.44886704145306
34.9976385211819,415.959289895857,3.88374280296826
187.118001833758,284.015474942148,4.18066099061716
550.454701456884,255.976540421634,3.60442848431417
184.633046264946,34.7161422423574,4.70089240271753
494.013842428725,340.968926542249,4.62066405942949
35.724707489101,52.9305311519947,4.03215124203977
518.783676033413,155.287027860726,5.02076604189403
NA,NA,NA
660.295037657451,336.451519559722,3.53060588791304
451.758005999991,299.367216691806,3.68534141336571
12.8747203567353,495.946895614888,3.58265444675194
565.04106770108,50.7606674179189,4.07113135847531
72.4450415471808,376.398337248765,4.01725032289782
225.146326690305,414.449906541946,3.93203553881346
428.933124925962,9.10179626808378,3.24395876598643
363.073431926122,293.545782618907,2.99372068283273
607.157471567364,106.475413983081,3.98641756209413
390.939710913418,229.238736091801,4.18928995557455
561.517532617123,405.197504360475,4.67162455933463
139.869219666938,274.15944428719,4.50122933013105
202.198426485825,370.390967369129,4.00551487854324
128.402990578543,413.105120115749,3.62463238954766
630.185811986587,317.230960657224,4.71905989802239
6.50004750931559,148.893632791587,4.23179070287082
543.567655732172,208.070622088407,4.33761035567257
33.3171774328972,491.938092468812,2.990941496909
272.682453545348,24.4578220683494,3.86560213763135
535.825609998932,393.258916341486,3.32425385560293
77.5303296002021,78.6663025948086,5.2248355730811
5.59082900337662,76.2484497107878,3.51026035517654
590.210829818869,229.524631752593,4.00745565398915
442.357724078533,462.908889044282,4.77674159187727
659.614058893662,373.718547600693,3.31596973769049
108.317825202163,488.064362664643,4.29943901862356
625.922990251327,93.3916035893902,4.11055831227134
421.440797735273,258.234698549624,3.64329674514924
13.2434801945137,182.231881919435,3.14805878211702
75.1321829098168,123.030456745573,4.63850687422808
603.078708166402,213.245301373704,4.31173711531951
263.082573060673,218.272997373454,3.86757553480587
561.33798163612,426.817797405824,3.8303012093461
302.22708630686,141.359617477285,3.96777652055401
534.995277746794,460.351971190153,3.44886704145306
34.9976385211819,415.959289895857,3.88374280296826
187.118001833758,284.015474942148,4.18066099061716
550.454701456884,255.976540421634,3.60442848431417
184.633046264946,34.7161422423574,4.70089240271753
494.013842428725,340.968926542249,4.62066405942949
35.724707489101,52.9305311519947,4.03215124203977
518.783676033413,155.287027860726,5.02076604189403
NA,NA,NA
660.295037657451,336.451519559722,3.53060588791304
451.758005999991,299.367216691806,3.68534141336571
12.8747203567353,495.946895614888,3.58265444675194
565.04106770108,50.7606674179189,4.07113135847531
72.4450415471808,376.398337248765,4.01725032289782
225.146326690305,414.449906541946,3.93203553881346
428.933124925962,9.10179626808378,3.24395876598643
363.073431926122,293.545782618907,2.99372068283273
607.157471567364,106.475413983081,3.98641756209413
390.939710913418,229.238736091801,4.18928995557455
561.517532617123,405.197504360475,4.67162455933463
139.869219666938,274.15944428719,4.50122933013105
202.198426485825,370.390967369129,4.00551487854324
128.402990578543,413.105120115749,3.62463238954766
630.185811986587,317.230960657224,4.71905989802239
6.50004750931559,148.893632791587,4.23179070287082
543.567655732172,208.070622088407,4.33761035567257
33.3171774328972,491.938092468812,2.990941496909
272.682453545348,24.4578220683494,3.86560213763135
535.825609998932,393.258916341486,3.32425385560293
77.5303296002021,78.6663025948086,5.2248355730811
5.59082900337662,76.2484497107878,3.51026035517654
590.210829818869,229.524631752593,4.00745565398915
442.357724078533,462.908889044282,4.77674159187727
659.614058893662,373.718547600693,3.31596973769049
108.317825202163,488.064362664643,4.29943901862356
625.922990251327,93.3916035893902,4.11055831227134
421.440797735273,258.234698549624,3.64329674514924
13.2434801945137,182.231881919435,3.14805878211702
75.1321829098168,123.030456745573,4.63850687422808
603.078708166402,213.245301373704,4.31173711531951
263.082573060673,218.272997373454,3.86757553480587
561.33798163612,426.817797405824,3.8303012093461
302.22708630686,141.359617477285,3.96777652055401
534.995277746794,460.351971190153,3.44886704145306
34.9976385211819,415.959289895857,3.88374280296826
187.118001833758,284.015474942148,4.18066099061716
550.454701456884,255.976540421634,3.60442848431417
184.633046264946,34.7161422423574,4.70089240271753
494.013842428725,340.968926542249,4.62066405942949
35.724707489101,52.9305311519947,4.03215124203977
518.783676033413,155.287027860726,5.02076604189403
NA,NA,NA
663.373461690963,337.02783747501,3.48977800912535
457.813968721361,295.86054824811,3.68027389858316
12.6969965089458,497.556596484363,3.62490734683641
561.632518698368,45.2718106739493,4.18315863815643
73.6537726241919,379.572132224571,4.03332508524368
229.688557658752,418.426150395572,3.94341435960702
429.05235412595,14.2894706829174,3.33465825864915
361.711681008399,292.114253705046,3.1377358276174
607.946322483399,103.876362945846,4.04644102438563
393.61304915785,226.688439373196,4.1780644751051
572.061720834415,412.036794145286,4.74756844373113
139.655257906969,284.23707244836,4.53693515788702
200.865411397185,371.81627588752,4.0314242292483
123.01470210902,410.025291673576,3.28280581515249
621.844942973328,315.218878010516,4.41530630459741
4.49374069519511,148.240311737439,4.17669803471005
536.615563868725,202.306652864799,4.1889807367752
35.503033488467,492.329229951505,3.08499370864637
277.946237198472,19.7320425320882,3.96953067539488
535.312060334802,392.593809565273,3.49748624648138
74.362866028312,69.8288320152037,5.24433558386091
4.08654806579474,76.9989909258223,3.45261460190459
589.714131167065,230.171233334976,4.03517533939125
435.404079621505,458.702684849852,4.81777565142477
657.688298168128,371.339290186286,2.98362764610942
110.565175737552,485.237475451498,4.33216767975587
625.439884201497,88.2634175544866,4.11398198672808
418.023682305724,259.688588102984,3.65619588324427
11.9066266074714,182.69457113642,3.27200100145266
70.0492437836987,117.050599541967,4.67160159512027
602.490905618504,206.270781323251,4.36451567174945
255.680554496845,215.533136000195,3.53471304976058
565.726255708734,433.077286342227,3.90297977439287
300.800820889759,139.206689999367,3.91635435828715
535.091379403324,458.667404244322,3.58947266752423
41.0910630752589,418.020426536676,3.80222305069417
203.74372327548,276.192430667683,3.90170842939636
552.384382602531,258.049582913617,3.69992938473032
171.637371165418,29.6313970556386,4.47631736459156
498.580157181953,337.823442007631,4.51742469161635
37.5329865301121,51.6089674964088,3.7808541849624
528.057301946174,136.741610080734,4.61204384050899
NA,NA,NA
663.373461690963,337.02783747501,3.48977800912535
457.813968721361,295.86054824811,3.68027389858316
12.6969965089458,497.556596484363,3.62490734683641
561.632518698368,45.2718106739493,4.18315863815643
73.6537726241919,379.572132224571,4.03332508524368
229.688557658752,418.426150395572,3.94341435960702
429.05235412595,14.2894706829174,3.33465825864915
361.711681008399,292.114253705046,3.1377358276174
607.946322483399,103.876362945846,4.04644102438563
393.61304915785,226.688439373196,4.1780644751051
572.061720834415,412.036794145286,4.74756844373113
139.655257906969,284.23707244836,4.53693515788702
200.865411397185,371.81627588752,4.0314242292483
123.01470210902,410.025291673576,3.28280581515249
621.844942973328,315.218878010516,4.41530630459741
4.49374069519511,148.240311737439,4.17669803471005
536.615563868725,202.306652864799,4.1889807367752
35.503033488467,492.329229951505,3.08499370864637
277.946237198472,19.7320425320882,3.96953067539488
535.312060334802,392.593809565273,3.49748624648138
74.362866028312,69.8288320152037,5.24433558386091
4.08654806579474,76.9989909258223,3.45261460190459
589.714131167065,230.171233334976,4.03517533939125
435.404079621505,458.702684849852,4.81777565142477
657.688298168128,371.339290186286,2.98362764610942
110.565175737552,485.237475451498,4.33216767975587
625.439884201497,88.2634175544866,4.11398198672808
418.023682305724,259.688588102984,3.65619588324427
11.9066266074714,182.69457113642,3.27200100145266
70.0492437836987,117.050599541967,4.67160159512027
602.490905618504,206.270781323251,4.36451567174945
255.680554496845,215.533136000195,3.53471304976058
565.726255708734,433.077286342227,3.90297977439287
300.800820889759,139.206689999367,3.91635435828715
535.091379403324,458.667404244322,3.58947266752423
41.0910630752589,418.020426536676,3.80222305069417
203.74372327548,276.192430667683,3.90170842939636
552.384382602531,258.049582913617,3.69992938473032
171.637371165418,29.6313970556386,4.47631736459156
498.580157181953,337.823442007631,4.51742469161635
37.5329865301121,51.6089674964088,3.7808541849624
528.057301946174,136.741610080734,4.61204384050899
NA,NA,NA
663.373461690963,337.02783747501,3.48977800912535
457.813968721361,295.86054824811,3.68027389858316
12.6969965089458,497.556596484363,3.62490734683641
561.632518698368,45.2718106739493,4.18315863815643
73.6537726241919,379.572132224571,4.03332508524368
229.688557658752,418.426150395572,3.94341435960702
429.05235412595,14.2894706829174,3.33465825864915
361.711681008399,292.114253705046,3.1377358276174
607.946322483399,103.876362945846,4.04644102438563
393.61304915785,226.688439373196,4.1780644751051
572.061720834415,412.036794145286,4.74756844373113
139.655257906969,284.23707244836,4.53693515788702
200.865411397185,371.81627588752,4.0314242292483
123.01470210902,410.025291673576,3.28280581515249
621.844942973328,315.218878010516,4.41530630459741
4.49374069519511,148.240311737439,4.17669803471005
536.615563868725,202.306652864799,4.1889807367752
35.503033488467,492.329229951505,3.08499370864637
277.946237198472,19.7320425320882,3.96953067539488
535.312060334802,392.593809565273,3.49748624648138
74.362866028312,69.8288320152037,5.24433558386091
4.08654806579474,76.9989909258223,3.45261460190459
589.714131167065,230.171233334976,4.03517533939125
435.404079621505,458.702684849852,4.81777565142477
657.688298168128,371.339290186286,2.98362764610942
110.565175737552,485.237475451498,4.33216767975587
625.439884201497,88.2634175544866,4.11398198672808
418.023682305724,259.688588102984,3.65619588324427
11.9066266074714,182.69457113642,3.27200100145266
70.0492437836987,117.050599541967,4.67160159512027
602.490905618504,206.270781323251,4.36451567174945
255.680554496845,215.533136000195,3.53471304976058
565.726255708734,433.077286342227,3.90297977439287
300.800820889759,139.206689999367,3.91635435828715
535.091379403324,458.667404244322,3.58947266752423
41.0910630752589,418.020426536676,3.80222305069417
203.74372327548,276.192430667683,3.90170842939636
552.384382602531,258.049582913617,3.69992938473032
171.637371165418,29.6313970556386,4.47631736459156
498.580157181953,337.823442007631,4.51742469161635
37.5329865301121,51.6089674964088,3.7808541849624
528.057301946174,136.741610080734,4.61204384050899
NA,NA,NA
663.373461690963,337.02783747501,3.48977800912535
457.813968721361,295.86054824811,3.68027389858316
12.6969965089458,497.556596484363,3.62490734683641
561.632518698368,45.2718106739493,4.18315863815643
73.6537726241919,379.572132224571,4.03332508524368
229.688557658752,418.426150395572,3.94341435960702
429.05235412595,14.2894706829174,3.33465825864915
361.711681008399,292.114253705046,3.1377358276174
607.946322483399,103.876362945846,4.04644102438563
393.61304915785,226.688439373196,4.1780644751051
572.061720834415,412.036794145286,4.74756844373113
139.655257906969,284.23707244836,4.53693515788702
200.865411397185,371.81627588752,4.0314242292483
123.01470210902,410.025291673576,3.28280581515249
621.844942973328,315.218878010516,4.41530630459741
4.49374069519511,148.240311737439,4.17669803471005
536.615563868725,202.306652864799,4.1889807367752
35.503033488467,492.329229951505,3.08499370864637
277.946237198472,19.7320425320882,3.96953067539488
535.312060334802,392.593809565273,3.49748624648138
74.362866028312,69.8288320152037,5.24433558386091
4.08654806579474,76.9989909258223,3.45261460190459
589.714131167065,230.171233334976,4.03517533939125
435.404079621505,458.702684849852,4.81777565142477
657.688298168128,371.339290186286,2.98362764610942
110.565175737552,485.237475451498,4.33216767975587
625.439884201497,88.2634175544866,4.11398198672808
418.023682305724,259.688588102984,3.65619588324427
11.9066266074714,182.69457113642,3.27200100145266
70.0492437836987,117.050599541967,4.67160159512027
602.490905618504,206.270781323251,4.36451567174945
255.680554496845,215.533136000195,3.53471304976058
565.726255708734,433.077286342227,3.90297977439287
300.800820889759,139.206689999367,3.91635435828715
535.091379403324,458.667404244322,3.58947266752423
41.0910630752589,418.020426536676,3.80222305069417
203.74372327548,276.192430667683,3.90170842939636
552.384382602531,258.049582913617,3.69992938473032
171.637371165418,29.6313970556386,4.47631736459156
498.580157181953,337.823442007631,4.51742469161635
37.5329865301121,51.6089674964088,3.7808541849624
528.057301946174,136.741610080734,4.61204384050899
NA,NA,NA
663.373461690963,337.02783747501,3.48977800912535
457.813968721361,295.86054824811,3.68027389858316
12.6969965089458,497.556596484363,3.62490734683641
561.632518698368,45.2718106739493,4.18315863815643
73.6537726241919,379.572132224571,4.03332508524368
229.688557658752,418.426150395572,3.94341435960702
429.05235412595,14.2894706829174,3.33465825864915
361.711681008399,292.114253705046,3.1377358276174
607.946322483399,103.876362945846,4.04644102438563
393.61304915785,226.688439373196,4.1780644751051
572.061720834415,412.036794145286,4.74756844373113
139.655257906969,284.23707244836,4.53693515788702
200.865411397185,371.81627588752,4.0314242292483
123.01470210902,410.025291673576,3.28280581515249
621.844942973328,315.218878010516,4.41530630459741
4.49374069519511,148.240311737439,4.17669803471005
536.615563868725,202.306652864799,4.1889807367752
35.503033488467,492.329229951505,3.08499370864637
277.946237198472,19.7320425320882,3.96953067539488
535.312060334802,392.593809565273,3.49748624648138
74.362866028312,69.8288320152037,5.24433558386091
4.08654806579474,76.9989909258223,3.45261460190459
589.714131167065,230.171233334976,4.03517533939125
435.404079621505,458.702684849852,4.81777565142477
657.688298168128,371.339290186286,2.98362764610942
110.565175737552,485.237475451498,4.33216767975587
625.439884201497,88.2634175544866,4.11398198672808
418.023682305724,259.688588102984,3.65619588324427
11.9066266074714,182.69457113642,3.27200100145266
70.0492437836987,117.050599541967,4.67160159512027
602.490905618504,206.270781323251,4.36451567174945
255.680554496845,215.533136000195,3.53471304976058
565.726255708734,433.077286342227,3.90297977439287
300.800820889759,139.206689999367,3.91635435828715
535.091379403324,458.667404244322,3.58947266752423
41.0910630752589,418.020426536676,3.80222305069417
203.74372327548,276.192430667683,3.90170842939636
552.384382602531,258.049582913617,3.69992938473032
171.637371165418,29.6313970556386,4.47631736459156
498.580157181953,337.823442007631,4.51742469161635
37.5329865301121,51.6089674964088,3.7808541849624
528.057301946174,136.741610080734,4.61204384050899
NA,NA,NA
663.373461690963,337.02783747501,3.48977800912535
457.813968721361,295.86054824811,3.68027389858316
12.6969965089458,497.556596484363,3.62490734683641
561.632518698368,45.2718106739493,4.18315863815643
73.6537726241919,379.572132224571,4.03332508524368
229.688557658752,418.426150395572,3.94341435960702
429.05235412595,14.2894706829174,3.33465825864915
361.711681008399,292.114253705046,3.1377358276174
607.946322483399,103.876362945846,4.04644102438563
393.61304915785,226.688439373196,4.1780644751051
572.061720834415,412.036794145286,4.74756844373113
139.655257906969,284.23707244836,4.53693515788702
200.865411397185,371.81627588752,4.0314242292483
123.01470210902,410.025291673576,3.28280581515249
621.844942973328,315.218878010516,4.41530630459741
4.49374069519511,148.240311737439,4.17669803471005
536.615563868725,202.306652864799,4.1889807367752
35.503033488467,492.329229951505,3.08499370864637
277.946237198472,19.7320425320882,3.96953067539488
535.312060334802,392.593809565273,3.49748624648138
74.362866028312,69.8288320152037,5.24433558386091
4.08654806579474,76.9989909258223,3.45261460190459
589.714131167065,230.171233334976,4.03517533939125
435.404079621505,458.702684849852,4.81777565142477
657.688298168128,371.339290186286,2.98362764610942
110.565175737552,485.237475451498,4.33216767975587
625.439884201497,88.2634175544866,4.11398198672808
418.023682305724,259.688588102984,3.65619588324427
11.9066266074714,182.69457113642,3.27200100145266
70.0492437836987,117.050599541967,4.67160159512027
602.490905618504,206.270781323251,4.36451567174945
255.680554496845,215.533136000195,3.53471304976058
565.726255708734,433.077286342227,3.90297977439287
300.800820889759,139.206689999367,3.91635435828715
535.091379403324,458.667404244322,3.58947266752423
41.0910630752589,418.020426536676,3.80222305069417
203.74372327548,276.192430667683,3.90170842939636
552.384382602531,258.049582913617,3.69992938473032
171.637371165418,29.6313970556386,4.47631736459156
498.580157181953,337.823442007631,4.51742469161635
37.5329865301121,51.6089674964088,3.7808541849624
528.057301946174,136.741610080734,4.61204384050899
NA,NA,NA
663.340025688316,335.510112823851,3.52578875020935
453.289952921853,302.248334771562,3.59290261841184
12.3775123464662,493.91947274994,3.59856938513799
557.675748201046,49.7275601910147,4.20950622063195
69.134542047479,378.590031870546,3.96568821330176
227.534525675811,414.616113305685,3.88361763593124
427.287066567526,10.5728583483057,3.22129429188432
360.655126589877,295.048460357941,3.18306078958118
603.881706807048,105.99415472684,4.1841953007052
392.955379118561,231.501972404292,4.21307437022283
567.528046421213,410.580083195966,4.72795959097442
141.688682789549,279.613104400215,4.60415090994004
199.550102220585,369.882364089016,4.07201412354225
125.750508794435,413.624588563138,3.43118293254931
629.222300741514,311.082987751635,4.58227514996176
2.95841263403097,144.668253692012,4.30560837495331
541.51802842744,204.066981432596,4.03678317489149
34.2200679343304,493.310504996903,3.01046102776947
276.372345691797,23.5259747673903,3.9853114080829
534.080447748479,394.260678080574,3.42883385028881
66.6287892780916,78.9582214762066,5.1457229526421
3.60296123099225,78.474032581188,3.49748203584115
590.756472325281,228.403740655269,4.09606446548082
439.393339812929,457.664550094492,4.88850744770259
657.561349010088,373.249437997162,3.1470494514665
105.115742675401,488.145638657811,4.35874014926691
621.586745793845,90.8158973909425,4.09222241633393
421.867088908886,260.133049405152,3.71797054955292
9.42653715237846,180.906788595597,3.26623119079734
61.4327700677685,123.213618775215,4.69455533608547
611.634709287792,199.762719616111,4.33367543809231
250.862098157046,215.709495150471,4.02472075114949
571.413378572301,442.77865882535,3.58046217733715
301.208457346209,140.434466367445,3.83288454073529
531.359776021951,448.260926825357,3.71826067463992
43.8551387187919,423.159146052027,4.19087891709886
212.35475740239,293.692326434678,4.30723751628305
541.000137686596,253.42337984719,3.51923728513042
173.678227626908,31.0438187895797,4.29683422269072
502.290070847812,336.744773140612,4.68595651796691
26.3782166330715,52.5044795059918,3.75292295760617
536.568246074612,153.108058259555,4.8833349782231
NA,NA,NA
663.340025688316,335.510112823851,3.52578875020935
453.289952921853,302.248334771562,3.59290261841184
12.3775123464662,493.91947274994,3.59856938513799
557.675748201046,49.7275601910147,4.20950622063195
69.134542047479,378.590031870546,3.96568821330176
227.534525675811,414.616113305685,3.88361763593124
427.287066567526,10.5728583483057,3.22129429188432
360.655126589877,295.048460357941,3.18306078958118
603.881706807048,105.99415472684,4.1841953007052
392.955379118561,231.501972404292,4.21307437022283
567.528046421213,410.580083195966,4.72795959097442
141.688682789549,279.613104400215,4.60415090994004
199.550102220585,369.882364089016,4.07201412354225
125.750508794435,413.624588563138,3.43118293254931
629.222300741514,311.082987751635,4.58227514996176
2.95841263403097,144.668253692012,4.30560837495331
541.51802842744,204.066981432596,4.03678317489149
34.2200679343304,493.310504996903,3.01046102776947
276.372345691797,23.5259747673903,3.9853114080829
534.080447748479,394.260678080574,3.42883385028881
66.6287892780916,78.9582214762066,5.1457229526421
3.60296123099225,78.474032581188,3.49748203584115
590.756472325281,228.403740655269,4.09606446548082
439.393339812929,457.664550094492,4.88850744770259
657.561349010088,373.249437997162,3.1470494514665
105.115742675401,488.145638657811,4.35874014926691
621.586745793845,90.8158973909425,4.09222241633393
421.867088908886,260.133049405152,3.71797054955292
9.42653715237846,180.906788595597,3.26623119079734
61.4327700677685,123.213618775215,4.69455533608547
611.634709287792,199.762719616111,4.33367543809231
250.862098157046,215.709495150471,4.02472075114949
571.413378572301,442.77865882535,3.58046217733715
301.208457346209,140.434466367445,3.83288454073529
531.359776021951,448.260926825357,3.71826067463992
43.8551387187919,423.159146052027,4.19087891709886
212.35475740239,293.692326434678,4.30723751628305
541.000137686596,253.42337984719,3.51923728513042
173.678227626908,31.0438187895797,4.29683422269072
502.290070847812,336.744773140612,4.68595651796691
26.3782166330715,52.5044795059918,3.75292295760617
536.568246074612,153.108058259555,4.8833349782231
NA,NA,NA
663.340025688316,335.510112823851,3.52578875020935
453.289952921853,302.248334771562,3.59290261841184
12.3775123464662,493.91947274994,3.59856938513799
557.675748201046,49.7275601910147,4.20950622063195
69.134542047479,378.590031870546,3.96568821330176
227.534525675811,414.616113305685,3.88361763593124
427.287066567526,10.5728583483057,3.22129429188432
360.655126589877,295.048460357941,3.18306078958118
603.881706807048,105.99415472684,4.1841953007052
392.955379118561,231.501972404292,4.21307437022283
567.528046421213,410.580083195966,4.72795959097442
141.688682789549,279.613104400215,4.60415090994004
199.550102220585,369.882364089016,4.07201412354225
125.750508794435,413.624588563138,3.43118293254931
629.222300741514,311.082987751635,4.58227514996176
2.95841263403097,144.668253692012,4.30560837495331
541.51802842744,204.066981432596,4.03678317489149
34.2200679343304,493.310504996903,3.01046102776947
276.372345691797,23.5259747673903,3.9853114080829
534.080447748479,394.260678080574,3.42883385028881
66.6287892780916,78.9582214762066,5.1457229526421
3.60296123099225,78.474032581188,3.49748203584115
590.756472325281,228.403740655269,4.09606446548082
439.393339812929,457.664550094492,4.88850744770259
657.561349010088,373.249437997162,3.1470494514665
105.115742675401,488.145638657811,4.35874014926691
621.586745793845,90.8158973909425,4.09222241633393
421.867088908886,260.133049405152,3.71797054955292
9.42653715237846,180.906788595597,3.26623119079734
61.4327700677685,123.213618775215,4.69455533608547
611.634709287792,199.762719616111,4.33367543809231
250.862098157046,215.709495150471,4.02472075114949
571.413378572301,442.77865882535,3.58046217733715
301.208457346209,140.434466367445,3.83288454073529
531.359776021951,448.260926825357,3.71826067463992
43.8551387187919,423.159146052027,4.19087891709886
212.35475740239,293.692326434678,4.30723751628305
541.000137686596,253.42337984719,3.51923728513042
173.678227626908,31.0438187895797,4.29683422269072
502.290070847812,336.744773140612,4.68595651796691
26.3782166330715,52.5044795059918,3.75292295760617
536.568246074612,153.108058259555,4.8833349782231
NA,NA,NA
663.340025688316,335.510112823851,3.52578875020935
453.289952921853,302.248334771562,3.59290261841184
12.3775123464662,493.91947274994,3.59856938513799
557.675748201046,49.7275601910147,4.20950622063195
69.134542047479,378.590031870546,3.96568821330176
227.534525675811,414.616113305685,3.88361763593124
427.287066567526,10.5728583483057,3.22129429188432
360.655126589877,295.048460357941,3.18306078958118
603.881706807048,105.99415472684,4.1841953007052
392.955379118561,231.501972404292,4.21307437022283
567.528046421213,410.580083195966,4.72795959097442
141.688682789549,279.613104400215,4.60415090994004
199.550102220585,369.882364089016,4.07201412354225
125.750508794435,413.624588563138,3.43118293254931
629.222300741514,311.082987751635,4.58227514996176
2.95841263403097,144.668253692012,4.30560837495331
541.51802842744,204.066981432596,4.03678317489149
34.2200679343304,493.310504996903,3.01046102776947
276.372345691797,23.5259747673903,3.9853114080829
534.080447748479,394.260678080574,3.42883385028881
66.6287892780916,78.9582214762066,5.1457229526421
3.60296123099225,78.474032581188,3.49748203584115
590.756472325281,228.403740655269,4.09606446548082
439.393339812929,457.664550094492,4.88850744770259
657.561349010088,373.249437997162,3.1470494514665
105.115742675401,488.145638657811,4.35874014926691
621.586745793845,90.8158973909425,4.09222241633393
421.867088908886,260.133049405152,3.71797054955292
9.42653715237846,180.906788595597,3.26623119079734
61.4327700677685,123.213618775215,4.69455533608547
611.634709287792,199.762719616111,4.33367543809231
250.862098157046,215.709495150471,4.02472075114949
571.413378572301,442.77865882535,3.58046217733715
301.208457346209,140.434466367445,3.83288454073529
531.359776021951,448.260926825357,3.71826067463992
43.8551387187919,423.159146052027,4.19087891709886
212.35475740239,293.692326434678,4.30723751628305
541.000137686596,253.42337984719,3.51923728513042
173.678227626908,31.0438187895797,4.29683422269072
502.290070847812,336.744773140612,4.68595651796691
26.3782166330715,52.5044795059918,3.75292295760617
536.568246074612,153.108058259555,4.8833349782231
NA,NA,NA
663.340025688316,335.510112823851,3.52578875020935
453.289952921853,302.248334771562,3.59290261841184
12.3775123464662,493.91947274994,3.59856938513799
557.675748201046,49.7275601910147,4.20950622063195
69.134542047479,378.590031870546,3.96568821330176
227.534525675811,414.616113305685,3.88361763593124
427.287066567526,10.5728583483057,3.22129429188432
360.655126589877,295.048460357941,3.18306078958118
603.881706807048,105.99415472684,4.1841953007052
392.955379118561,231.501972404292,4.21307437022283
567.528046421213,410.580083195966,4.72795959097442
141.688682789549,279.613104400215,4.60415090994004
199.550102220585,369.882364089016,4.07201412354225
125.750508794435,413.624588563138,3.43118293254931
629.222300741514,311.082987751635,4.58227514996176
2.95841263403097,144.668253692012,4.30560837495331
541.51802842744,204.066981432596,4.03678317489149
34.2200679343304,493.310504996903,3.01046102776947
276.372345691797,23.5259747673903,3.9853114080829
534.080447748479,394.260678080574,3.42883385028881
66.6287892780916,78.9582214762066,5.1457229526421
3.60296123099225,78.474032581188,3.49748203584115
590.756472325281,228.403740655269,4.09606446548082
439.393339812929,457.664550094492,4.88850744770259
657.561349010088,373.249437997162,3.1470494514665
105.115742675401,488.145638657811,4.35874014926691
621.586745793845,90.8158973909425,4.09222241633393
421.867088908886,260.133049405152,3.71797054955292
9.42653715237846,180.906788595597,3.26623119079734
61.4327700677685,123.213618775215,4.69455533608547
611.634709287792,199.762719616111,4.33367543809231
250.862098157046,215.709495150471,4.02472075114949
571.413378572301,442.77865882535,3.58046217733715
301.208457346209,140.434466367445,3.83288454073529
531.359776021951,448.260926825357,3.71826067463992
43.8551387187919,423.159146052027,4.19087891709886
212.35475740239,293.692326434678,4.30723751628305
541.000137686596,253.42337984719,3.51923728513042
173.678227626908,31.0438187895797,4.29683422269072
502.290070847812,336.744773140612,4.68595651796691
26.3782166330715,52.5044795059918,3.75292295760617
536.568246074612,153.108058259555,4.8833349782231
NA,NA,NA
663.340025688316,335.510112823851,3.52578875020935
453.289952921853,302.248334771562,3.59290261841184
12.3775123464662,493.91947274994,3.59856938513799
557.675748201046,49.7275601910147,4.20950622063195
69.134542047479,378.590031870546,3.96568821330176
227.534525675811,414.616113305685,3.88361763593124
427.287066567526,10.5728583483057,3.22129429188432
360.655126589877,295.048460357941,3.18306078958118
603.881706807048,105.99415472684,4.1841953007052
392.955379118561,231.501972404292,4.21307437022283
567.528046421213,410.580083195966,4.72795959097442
141.688682789549,279.613104400215,4.60415090994004
199.550102220585,369.882364089016,4.07201412354225
125.750508794435,413.624588563138,3.43118293254931
629.222300741514,311.082987751635,4.58227514996176
2.95841263403097,144.668253692012,4.30560837495331
541.51802842744,204.066981432596,4.03678317489149
34.2200679343304,493.310504996903,3.01046102776947
276.372345691797,23.5259747673903,3.9853114080829
534.080447748479,394.260678080574,3.42883385028881
66.6287892780916,78.9582214762066,5.1457229526421
3.60296123099225,78.474032581188,3.49748203584115
590.756472325281,228.403740655269,4.09606446548082
439.393339812929,457.664550094492,4.88850744770259
657.561349010088,373.249437997162,3.1470494514665
105.115742675401,488.145638657811,4.35874014926691
621.586745793845,90.8158973909425,4.09222241633393
421.867088908886,260.133049405152,3.71797054955292
9.42653715237846,180.906788595597,3.26623119079734
61.4327700677685,123.213618775215,4.69455533608547
611.634709287792,199.762719616111,4.33367543809231
250.862098157046,215.709495150471,4.02472075114949
571.413378572301,442.77865882535,3.58046217733715
301.208457346209,140.434466367445,3.83288454073529
531.359776021951,448.260926825357,3.71826067463992
43.8551387187919,423.159146052027,4.19087891709886
212.35475740239,293.692326434678,4.30723751628305
541.000137686596,253.42337984719,3.51923728513042
173.678227626908,31.0438187895797,4.29683422269072
502.290070847812,336.744773140612,4.68595651796691
26.3782166330715,52.5044795059918,3.75292295760617
536.568246074612,153.108058259555,4.8833349782231
NA,NA,NA
656.503218715763,334.607734398931,3.45811783430812
454.964973754013,296.361642568909,3.76450224828589
10.5052525752245,494.511157767524,3.40999877701067
565.751920469371,53.2538234349963,4.13741015594778
74.2191395172612,376.777168681157,3.97737400040926
230.789024334127,413.690597813355,3.85856192463329
427.314041684073,13.4882207668177,3.21941861329974
360.815598205216,292.71950998957,3.18160749102798
606.229003918056,99.3435109966742,4.15361317189095
393.527779292685,226.308134605033,4.27168467413738
568.06130701491,411.834564745375,4.71760187898502
136.453288542405,279.349508038296,4.47069238226384
203.599008322917,367.021433051034,3.96115856827027
126.86985243019,415.332441534675,3.48617660889567
626.132858806245,310.271203272485,4.51542509381218
-0.63170260269755,149.8377381729,4.2983682354753
543.688223304308,203.896555632938,4.1382975279617
34.986174066481,490.650607693512,3.05461941412554
282.86964611662,22.1473435012696,3.91686079888842
535.35772906876,390.322527728536,3.39144701690468
69.6538579514692,83.9416320335769,5.23383785047354
4.49974089362981,73.3581292821995,3.43756662389957
587.858512436789,223.402242059118,4.04736614282829
437.745521045927,461.421066439144,4.83483905343371
660.851243365251,373.608858704713,3.00965370409866
105.408224892989,485.812787624151,4.40090711239486
623.79119752401,88.8910208781659,4.0764166595719
419.53039199671,258.560376466479,3.63136124920092
11.3819882775809,179.824851654104,3.28529156495792
57.612371890894,122.345774331963,4.47738678081396
597.410985430886,197.346065676422,3.76693079638672
257.068669809261,217.881519829504,3.88899396608481
577.223328716882,446.746174408003,3.96406247967873
297.907703411567,139.819396029095,3.87977879859434
531.470254935779,461.322961281189,3.44218836606392
42.5540493825566,425.825081463654,3.85652479208631
201.950667333128,285.555136033625,4.22613597110646
551.833050235534,258.162043025404,3.76106352881728
182.912815340355,35.2738166780121,4.35046623916452
503.067971086452,334.649260709178,4.64922545619717
49.9356227361683,66.1000297302114,3.74499098889901
524.189164596192,149.856919313015,4.33831432850356
NA,NA,NA
656.503218715763,334.607734398931,3.45811783430812
454.964973754013,296.361642568909,3.76450224828589
10.5052525752245,494.511157767524,3.40999877701067
565.751920469371,53.2538234349963,4.13741015594778
74.2191395172612,376.777168681157,3.97737400040926
230.789024334127,413.690597813355,3.85856192463329
427.314041684073,13.4882207668177,3.21941861329974
360.815598205216,292.71950998957,3.18160749102798
606.229003918056,99.3435109966742,4.15361317189095
393.527779292685,226.308134605033,4.27168467413738
568.06130701491,411.834564745375,4.71760187898502
136.453288542405,279.349508038296,4.47069238226384
203.599008322917,367.021433051034,3.96115856827027
126.86985243019,415.332441534675,3.48617660889567
626.132858806245,310.271203272485,4.51542509381218
-0.63170260269755,149.8377381729,4.2983682354753
543.688223304308,203.896555632938,4.1382975279617
34.986174066481,490.650607693512,3.05461941412554
282.86964611662,22.1473435012696,3.91686079888842
535.35772906876,390.322527728536,3.39144701690468
69.6538579514692,83.9416320335769,5.23383785047354
4.49974089362981,73.3581292821995,3.43756662389957
587.858512436789,223.402242059118,4.04736614282829
437.745521045927,461.421066439144,4.83483905343371
660.851243365251,373.608858704713,3.00965370409866
105.408224892989,485.812787624151,4.40090711239486
623.79119752401,88.8910208781659,4.0764166595719
419.53039199671,258.560376466479,3.63136124920092
11.3819882775809,179.824851654104,3.28529156495792
57.612371890894,122.345774331963,4.47738678081396
597.410985430886,197.346065676422,3.76693079638672
257.068669809261,217.881519829504,3.88899396608481
577.223328716882,446.746174408003,3.96406247967873
297.907703411567,139.819396029095,3.87977879859434
531.470254935779,461.322961281189,3.44218836606392
42.5540493825566,425.825081463654,3.85652479208631
201.950667333128,285.555136033625,4.22613597110646
551.833050235534,258.162043025404,3.76106352881728
182.912815340355,35.2738166780121,4.35046623916452
503.067971086452,334.649260709178,4.64922545619717
49.9356227361683,66.1000297302114,3.74499098889901
524.189164596192,149.856919313015,4.33831432850356
NA,NA,NA
656.503218715763,334.607734398931,3.45811783430812
454.964973754013,296.361642568909,3.76450224828589
10.5052525752245,494.511157767524,3.40999877701067
565.751920469371,53.2538234349963,4.13741015594778
74.2191395172612,376.777168681157,3.97737400040926
230.789024334127,413.690597813355,3.85856192463329
427.314041684073,13.4882207668177,3.21941861329974
360.815598205216,292.71950998957,3.18160749102798
606.229003918056,99.3435109966742,4.15361317189095
393.527779292685,226.308134605033,4.27168467413738
568.06130701491,411.834564745375,4.71760187898502
136.453288542405,279.349508038296,4.47069238226384
203.599008322917,367.021433051034,3.96115856827027
126.86985243019,415.332441534675,3.48617660889567
626.132858806245,310.271203272485,4.51542509381218
-0.63170260269755,149.8377381729,4.2983682354753
543.688223304308,203.896555632938,4.1382975279617
34.986174066481,490.650607693512,3.05461941412554
282.86964611662,22.1473435012696,3.91686079888842
535.35772906876,390.322527728536,3.39144701690468
69.6538579514692,83.9416320335769,5.23383785047354
4.49974089362981,73.3581292821995,3.43756662389957
587.858512436789,223.402242059118,4.04736614282829
437.745521045927,461.421066439144,4.83483905343371
660.851243365251,373.608858704713,3.00965370409866
105.408224892989,485.812787624151,4.40090711239486
623.79119752401,88.8910208781659,4.0764166595719
419.53039199671,258.560376466479,3.63136124920092
11.3819882775809,179.824851654104,3.28529156495792
57.612371890894,122.345774331963,4.47738678081396
597.410985430886,197.346065676422,3.76693079638672
257.068669809261,217.881519829504,3.88899396608481
577.223328716882,446.746174408003,3.96406247967873
297.907703411567,139.819396029095,3.87977879859434
531.470254935779,461.322961281189,3.44218836606392
42.5540493825566,425.825081463654,3.85652479208631
201.950667333128,285.555136033625,4.22613597110646
551.833050235534,258.162043025404,3.76106352881728
182.912815340355,35.2738166780121,4.35046623916452
503.067971086452,334.649260709178,4.64922545619717
49.9356227361683,66.1000297302114,3.74499098889901
524.189164596192,149.856919313015,4.33831432850356
NA,NA,NA
656.503218715763,334.607734398931,3.45811783430812
454.964973754013,296.361642568909,3.76450224828589
10.5052525752245,494.511157767524,3.40999877701067
565.751920469371,53.2538234349963,4.13741015594778
74.2191395172612,376.777168681157,3.97737400040926
230.789024334127,413.690597813355,3.85856192463329
427.314041684073,13.4882207668177,3.21941861329974
360.815598205216,292.71950998957,3.18160749102798
606.229003918056,99.3435109966742,4.15361317189095
393.527779292685,226.308134605033,4.27168467413738
568.06130701491,411.834564745375,4.71760187898502
136.453288542405,279.349508038296,4.47069238226384
203.599008322917,367.021433051034,3.96115856827027
126.86985243019,415.332441534675,3.48617660889567
626.132858806245,310.271203272485,4.51542509381218
-0.63170260269755,149.8377381729,4.2983682354753
543.688223304308,203.896555632938,4.1382975279617
34.986174066481,490.650607693512,3.05461941412554
282.86964611662,22.1473435012696,3.91686079888842
535.35772906876,390.322527728536,3.39144701690468
69.6538579514692,83.9416320335769,5.23383785047354
4.49974089362981,73.3581292821995,3.43756662389957
587.858512436789,223.402242059118,4.04736614282829
437.745521045927,461.421066439144,4.83483905343371
660.851243365251,373.608858704713,3.00965370409866
105.408224892989,485.812787624151,4.40090711239486
623.79119752401,88.8910208781659,4.0764166595719
419.53039199671,258.560376466479,3.63136124920092
11.3819882775809,179.824851654104,3.28529156495792
57.612371890894,122.345774331963,4.47738678081396
597.410985430886,197.346065676422,3.76693079638672
257.068669809261,217.881519829504,3.88899396608481
577.223328716882,446.746174408003,3.96406247967873
297.907703411567,139.819396029095,3.87977879859434
531.470254935779,461.322961281189,3.44218836606392
42.5540493825566,425.825081463654,3.85652479208631
201.950667333128,285.555136033625,4.22613597110646
551.833050235534,258.162043025404,3.76106352881728
182.912815340355,35.2738166780121,4.35046623916452
503.067971086452,334.649260709178,4.64922545619717
49.9356227361683,66.1000297302114,3.74499098889901
524.189164596192,149.856919313015,4.33831432850356
NA,NA,NA
656.503218715763,334.607734398931,3.45811783430812
454.964973754013,296.361642568909,3.76450224828589
10.5052525752245,494.511157767524,3.40999877701067
565.751920469371,53.2538234349963,4.13741015594778
74.2191395172612,376.777168681157,3.97737400040926
230.789024334127,413.690597813355,3.85856192463329
427.314041684073,13.4882207668177,3.21941861329974
360.815598205216,292.71950998957,3.18160749102798
606.229003918056,99.3435109966742,4.15361317189095
393.527779292685,226.308134605033,4.27168467413738
568.06130701491,411.834564745375,4.71760187898502
136.453288542405,279.349508038296,4.47069238226384
203.599008322917,367.021433051034,3.96115856827027
126.86985243019,415.332441534675,3.48617660889567
626.132858806245,310.271203272485,4.51542509381218
-0.63170260269755,149.8377381729,4.2983682354753
543.688223304308,203.896555632938,4.1382975279617
34.986174066481,490.650607693512,3.05461941412554
282.86964611662,22.1473435012696,3.91686079888842
535.35772906876,390.322527728536,3.39144701690468
69.6538579514692,83.9416320335769,5.23383785047354
4.49974089362981,73.3581292821995,3.43756662389957
587.858512436789,223.402242059118,4.04736614282829
437.745521045927,461.421066439144,4.83483905343371
660.851243365251,373.608858704713,3.00965370409866
105.408224892989,485.812787624151,4.40090711239486
623.79119752401,88.8910208781659,4.0764166595719
419.53039199671,258.560376466479,3.63136124920092
11.3819882775809,179.824851654104,3.28529156495792
57.612371890894,122.345774331963,4.47738678081396
597.410985430886,197.346065676422,3.76693079638672
257.068669809261,217.881519829504,3.88899396608481
577.223328716882,446.746174408003,3.96406247967873
297.907703411567,139.819396029095,3.87977879859434
531.470254935779,461.322961281189,3.44218836606392
42.5540493825566,425.825081463654,3.85652479208631
201.950667333128,285.555136033625,4.22613597110646
551.833050235534,258.162043025404,3.76106352881728
182.912815340355,35.2738166780121,4.35046623916452
503.067971086452,334.649260709178,4.64922545619717
49.9356227361683,66.1000297302114,3.74499098889901
524.189164596192,149.856919313015,4.33831432850356
NA,NA,NA
656.503218715763,334.607734398931,3.45811783430812
454.964973754013,296.361642568909,3.76450224828589
10.5052525752245,494.511157767524,3.40999877701067
565.751920469371,53.2538234349963,4.13741015594778
74.2191395172612,376.777168681157,3.97737400040926
230.789024334127,413.690597813355,3.85856192463329
427.314041684073,13.4882207668177,3.21941861329974
360.815598205216,292.71950998957,3.18160749102798
606.229003918056,99.3435109966742,4.15361317189095
393.527779292685,226.308134605033,4.27168467413738
568.06130701491,411.834564745375,4.71760187898502
136.453288542405,279.349508038296,4.47069238226384
203.599008322917,367.021433051034,3.96115856827027
126.86985243019,415.332441534675,3.48617660889567
626.132858806245,310.271203272485,4.51542509381218
-0.63170260269755,149.8377381729,4.2983682354753
543.688223304308,203.896555632938,4.1382975279617
34.986174066481,490.650607693512,3.05461941412554
282.86964611662,22.1473435012696,3.91686079888842
535.35772906876,390.322527728536,3.39144701690468
69.6538579514692,83.9416320335769,5.23383785047354
4.49974089362981,73.3581292821995,3.43756662389957
587.858512436789,223.402242059118,4.04736614282829
437.745521045927,461.421066439144,4.83483905343371
660.851243365251,373.608858704713,3.00965370409866
105.408224892989,485.812787624151,4.40090711239486
623.79119752401,88.8910208781659,4.0764166595719
419.53039199671,258.560376466479,3.63136124920092
11.3819882775809,179.824851654104,3.28529156495792
57.612371890894,122.345774331963,4.47738678081396
597.410985430886,197.346065676422,3.76693079638672
257.068669809261,217.881519829504,3.88899396608481
577.223328716882,446.746174408003,3.96406247967873
297.907703411567,139.819396029095,3.87977879859434
531.470254935779,461.322961281189,3.44218836606392
42.5540493825566,425.825081463654,3.85652479208631
201.950667333128,285.555136033625,4.22613597110646
551.833050235534,258.162043025404,3.76106352881728
182.912815340355,35.2738166780121,4.35046623916452
503.067971086452,334.649260709178,4.64922545619717
49.9356227361683,66.1000297302114,3.74499098889901
524.189164596192,149.856919313015,4.33831432850356
NA,NA,NA
663.882161117448,332.271567159362,3.47039015132459
458.941118509611,299.797068554178,3.53838925004736
9.96258559650521,494.336133860658,3.52132915832583
562.675423048725,54.6792910598653,4.23103682365397
77.5301055359326,372.320055210627,3.92292987099869
229.284554506717,413.602480995622,3.93342718598508
427.85973750758,10.8218822204547,3.38907959774009
363.882968735537,291.591667991374,3.04533470368841
605.139348197934,103.793956395145,4.33307497462173
386.823011983558,230.834638908259,4.19658490571689
564.964867693257,404.700449273412,4.73506863694579
138.973760952031,280.212570865899,4.49311859350215
194.763321207544,368.081520255939,3.92691053206161
125.783976360098,413.637276033013,3.45388732655798
631.763483834793,316.563557835486,4.58095432356822
2.05808799019306,145.608361270232,4.23779229585938
543.50118636813,201.972276815447,4.11321619493032
31.2613676633575,492.991298793823,3.02551696006503
281.771814382459,22.7067070854067,4.0366830588144
535.154418856083,395.0484090054,3.28134296783125
74.5998786897934,77.3795710846422,5.17986527596341
6.09150134918044,74.6593338634022,3.45171975066275
586.739086061356,225.174104625847,3.93677584311089
433.75000035975,457.439024886549,4.81889224609768
658.249229429304,372.504203129354,3.18610592297441
103.783533173397,487.824328941068,4.46395141531284
620.918159067046,89.911112482505,4.10122631605532
423.405138983215,257.668349464285,3.55730964443688
13.7697344889807,182.850469377296,3.21730619288076
80.8726899369789,117.904195712702,4.35206778731504
616.025460285224,189.637855017976,4.5343524061522
251.009809571335,222.860728831531,4.10605311239288
579.897879438095,433.245964949671,3.75831563046015
304.447331667069,139.566560666795,3.73515026318463
524.656557646177,456.711929270004,3.84946711429419
49.1072811085498,420.384628025183,3.79959229802085
212.947056264977,290.288348939297,3.98356132598379
543.271753692697,269.67602974701,3.68267522460292
163.51216492643,29.5032090049955,4.4373678425498
506.648987469253,351.136466334723,4.43119901035416
38.707475506551,56.0814508588783,3.78799785352742
547.727189313828,140.303651634438,4.57642141888087
NA,NA,NA
663.882161117448,332.271567159362,3.47039015132459
458.941118509611,299.797068554178,3.53838925004736
9.96258559650521,494.336133860658,3.52132915832583
562.675423048725,54.6792910598653,4.23103682365397
77.5301055359326,372.320055210627,3.92292987099869
229.284554506717,413.602480995622,3.93342718598508
427.85973750758,10.8218822204547,3.38907959774009
363.882968735537,291.591667991374,3.04533470368841
605.139348197934,103.793956395145,4.33307497462173
386.823011983558,230.834638908259,4.19658490571689
564.964867693257,404.700449273412,4.73506863694579
138.973760952031,280.212570865899,4.49311859350215
194.763321207544,368.081520255939,3.92691053206161
125.783976360098,413.637276033013,3.45388732655798
631.763483834793,316.563557835486,4.58095432356822
2.05808799019306,145.608361270232,4.23779229585938
543.50118636813,201.972276815447,4.11321619493032
31.2613676633575,492.991298793823,3.02551696006503
281.771814382459,22.7067070854067,4.0366830588144
535.154418856083,395.0484090054,3.28134296783125
74.5998786897934,77.3795710846422,5.17986527596341
6.09150134918044,74.6593338634022,3.45171975066275
586.739086061356,225.174104625847,3.93677584311089
433.75000035975,457.439024886549,4.81889224609768
658.249229429304,372.504203129354,3.18610592297441
103.783533173397,487.824328941068,4.46395141531284
620.918159067046,89.911112482505,4.10122631605532
423.405138983215,257.668349464285,3.55730964443688
13.7697344889807,182.850469377296,3.21730619288076
80.8726899369789,117.904195712702,4.35206778731504
616.025460285224,189.637855017976,4.5343524061522
251.009809571335,222.860728831531,4.10605311239288
579.897879438095,433.245964949671,3.75831563046015
304.447331667069,139.566560666795,3.73515026318463
524.656557646177,456.711929270004,3.84946711429419
49.1072811085498,420.384628025183,3.79959229802085
212.947056264977,290.288348939297,3.98356132598379
543.271753692697,269.67602974701,3.68267522460292
163.51216492643,29.5032090049955,4.4373678425498
506.648987469253,351.136466334723,4.43119901035416
38.707475506551,56.0814508588783,3.78799785352742
547.727189313828,140.303651634438,4.57642141888087
NA,NA,NA
663.882161117448,332.271567159362,3.47039015132459
458.941118509611,299.797068554178,3.53838925004736
9.96258559650521,494.336133860658,3.52132915832583
562.675423048725,54.6792910598653,4.23103682365397
77.5301055359326,372.320055210627,3.92292987099869
229.284554506717,413.602480995622,3.93342718598508
427.85973750758,10.8218822204547,3.38907959774009
363.882968735537,291.591667991374,3.04533470368841
605.139348197934,103.793956395145,4.33307497462173
386.823011983558,230.834638908259,4.19658490571689
564.964867693257,404.700449273412,4.73506863694579
138.973760952031,280.212570865899,4.49311859350215
194.763321207544,368.081520255939,3.92691053206161
125.783976360098,413.637276033013,3.45388732655798
631.763483834793,316.563557835486,4.58095432356822
2.05808799019306,145.608361270232,4.23779229585938
543.50118636813,201.972276815447,4.11321619493032
31.2613676633575,492.991298793823,3.02551696006503
281.771814382459,22.7067070854067,4.0366830588144
535.154418856083,395.0484090054,3.28134296783125
74.5998786897934,77.3795710846422,5.17986527596341
6.09150134918044,74.6593338634022,3.45171975066275
586.739086061356,225.174104625847,3.93677584311089
433.75000035975,457.439024886549,4.81889224609768
658.249229429304,372.504203129354,3.18610592297441
103.783533173397,487.824328941068,4.46395141531284
620.918159067046,89.911112482505,4.10122631605532
423.405138983215,257.668349464285,3.55730964443688
13.7697344889807,182.850469377296,3.21730619288076
80.8726899369789,117.904195712702,4.35206778731504
616.025460285224,189.637855017976,4.5343524061522
251.009809571335,222.860728831531,4.10605311239288
579.897879438095,433.245964949671,3.75831563046015
304.447331667069,139.566560666795,3.73515026318463
524.656557646177,456.711929270004,3.84946711429419
49.1072811085498,420.384628025183,3.79959229802085
212.947056264977,290.288348939297,3.98356132598379
543.271753692697,269.67602974701,3.68267522460292
163.51216492643,29.5032090049955,4.4373678425498
506.648987469253,351.136466334723,4.43119901035416
38.707475506551,56.0814508588783,3.78799785352742
547.727189313828,140.303651634438,4.57642141888087
NA,NA,NA
663.882161117448,332.271567159362,3.47039015132459
458.941118509611,299.797068554178,3.53838925004736
9.96258559650521,494.336133860658,3.52132915832583
562.675423048725,54.6792910598653,4.23103682365397
77.5301055359326,372.320055210627,3.92292987099869
229.284554506717,413.602480995622,3.93342718598508
427.85973750758,10.8218822204547,3.38907959774009
363.882968735537,291.591667991374,3.04533470368841
605.139348197934,103.793956395145,4.33307497462173
386.823011983558,230.834638908259,4.19658490571689
564.964867693257,404.700449273412,4.73506863694579
138.973760952031,280.212570865899,4.49311859350215
194.763321207544,368.081520255939,3.92691053206161
125.783976360098,413.637276033013,3.45388732655798
631.763483834793,316.563557835486,4.58095432356822
2.05808799019306,145.608361270232,4.23779229585938
543.50118636813,201.972276815447,4.11321619493032
31.2613676633575,492.991298793823,3.02551696006503
281.771814382459,22.7067070854067,4.0366830588144
535.154418856083,395.0484090054,3.28134296783125
74.5998786897934,77.3795710846422,5.17986527596341
6.09150134918044,74.6593338634022,3.45171975066275
586.739086061356,225.174104625847,3.93677584311089
433.75000035975,457.439024886549,4.81889224609768
658.249229429304,372.504203129354,3.18610592297441
103.783533173397,487.824328941068,4.46395141531284
620.918159067046,89.911112482505,4.10122631605532
423.405138983215,257.668349464285,3.55730964443688
13.7697344889807,182.850469377296,3.21730619288076
80.8726899369789,117.904195712702,4.35206778731504
616.025460285224,189.637855017976,4.5343524061522
251.009809571335,222.860728831531,4.10605311239288
579.897879438095,433.245964949671,3.75831563046015
304.447331667069,139.566560666795,3.73515026318463
524.656557646177,456.711929270004,3.84946711429419
49.1072811085498,420.384628025183,3.79959229802085
212.947056264977,290.288348939297,3.98356132598379
543.271753692697,269.67602974701,3.68267522460292
163.51216492643,29.5032090049955,4.4373678425498
506.648987469253,351.136466334723,4.43119901035416
38.707475506551,56.0814508588783,3.78799785352742
547.727189313828,140.303651634438,4.57642141888087
NA,NA,NA
663.882161117448,332.271567159362,3.47039015132459
458.941118509611,299.797068554178,3.53838925004736
9.96258559650521,494.336133860658,3.52132915832583
562.675423048725,54.6792910598653,4.23103682365397
77.5301055359326,372.320055210627,3.92292987099869
229.284554506717,413.602480995622,3.93342718598508
427.85973750758,10.8218822204547,3.38907959774009
363.882968735537,291.591667991374,3.04533470368841
605.139348197934,103.793956395145,4.33307497462173
386.823011983558,230.834638908259,4.19658490571689
564.964867693257,404.700449273412,4.73506863694579
138.973760952031,280.212570865899,4.49311859350215
194.763321207544,368.081520255939,3.92691053206161
125.783976360098,413.637276033013,3.45388732655798
631.763483834793,316.563557835486,4.58095432356822
2.05808799019306,145.608361270232,4.23779229585938
543.50118636813,201.972276815447,4.11321619493032
31.2613676633575,492.991298793823,3.02551696006503
281.771814382459,22.7067070854067,4.0366830588144
535.154418856083,395.0484090054,3.28134296783125
74.5998786897934,77.3795710846422,5.17986527596341
6.09150134918044,74.6593338634022,3.45171975066275
586.739086061356,225.174104625847,3.93677584311089
433.75000035975,457.439024886549,4.81889224609768
658.249229429304,372.504203129354,3.18610592297441
103.783533173397,487.824328941068,4.46395141531284
620.918159067046,89.911112482505,4.10122631605532
423.405138983215,257.668349464285,3.55730964443688
13.7697344889807,182.850469377296,3.21730619288076
80.8726899369789,117.904195712702,4.35206778731504
616.025460285224,189.637855017976,4.5343524061522
251.009809571335,222.860728831531,4.10605311239288
579.897879438095,433.245964949671,3.75831563046015
304.447331667069,139.566560666795,3.73515026318463
524.656557646177,456.711929270004,3.84946711429419
49.1072811085498,420.384628025183,3.79959229802085
212.947056264977,290.288348939297,3.98356132598379
543.271753692697,269.67602974701,3.68267522460292
163.51216492643,29.5032090049955,4.4373678425498
506.648987469253,351.136466334723,4.43119901035416
38.707475506551,56.0814508588783,3.78799785352742
547.727189313828,140.303651634438,4.57642141888087
NA,NA,NA
663.882161117448,332.271567159362,3.47039015132459
458.941118509611,299.797068554178,3.53838925004736
9.96258559650521,494.336133860658,3.52132915832583
562.675423048725,54.6792910598653,4.23103682365397
77.5301055359326,372.320055210627,3.92292987099869
229.284554506717,413.602480995622,3.93342718598508
427.85973750758,10.8218822204547,3.38907959774009
363.882968735537,291.591667991374,3.04533470368841
605.139348197934,103.793956395145,4.33307497462173
386.823011983558,230.834638908259,4.19658490571689
564.964867693257,404.700449273412,4.73506863694579
138.973760952031,280.212570865899,4.49311859350215
194.763321207544,368.081520255939,3.92691053206161
125.783976360098,413.637276033013,3.45388732655798
631.763483834793,316.563557835486,4.58095432356822
2.05808799019306,145.608361270232,4.23779229585938
543.50118636813,201.972276815447,4.11321619493032
31.2613676633575,492.991298793823,3.02551696006503
281.771814382459,22.7067070854067,4.0366830588144
535.154418856083,395.0484090054,3.28134296783125
74.5998786897934,77.3795710846422,5.17986527596341
6.09150134918044,74.6593338634022,3.45171975066275
586.739086061356,225.174104625847,3.93677584311089
433.75000035975,457.439024886549,4.81889224609768
658.249229429304,372.504203129354,3.18610592297441
103.783533173397,487.824328941068,4.46395141531284
620.918159067046,89.911112482505,4.10122631605532
423.405138983215,257.668349464285,3.55730964443688
13.7697344889807,182.850469377296,3.21730619288076
80.8726899369789,117.904195712702,4.35206778731504
616.025460285224,189.637855017976,4.5343524061522
251.009809571335,222.860728831531,4.10605311239288
579.897879438095,433.245964949671,3.75831563046015
304.447331667069,139.566560666795,3.73515026318463
524.656557646177,456.711929270004,3.84946711429419
49.1072811085498,420.384628025183,3.79959229802085
212.947056264977,290.288348939297,3.98356132598379
543.271753692697,269.67602974701,3.68267522460292
163.51216492643,29.5032090049955,4.4373678425498
506.648987469253,351.136466334723,4.43119901035416
38.707475506551,56.0814508588783,3.78799785352742
547.727189313828,140.303651634438,4.57642141888087
NA,NA,NA
660.967077370777,331.271951502113,3.34296666448867
455.812659710588,298.972211180497,3.50812554213409
9.67207316249886,491.731629384967,3.52169170841991
563.062765593707,51.021371167127,4.18392152501704
73.4202750091773,374.620298395529,3.96045174744756
226.55985046934,416.759736471405,3.92914814862175
428.786604683636,12.321297725807,3.28655182186434
362.245324787365,293.001116071242,2.94796175408769
609.84438039747,105.06212383775,4.3638733262295
396.872443230588,231.064878577861,4.08431476546013
575.972849432598,412.406047018122,4.77193917333157
140.569112599794,284.709255534237,4.58589525084627
202.707792555695,370.222498685813,4.02283732265723
125.538210938867,412.065298061379,3.42419891266988
626.418135700742,316.559752821759,4.50515011158265
-1.21375807789194,150.659431106771,4.21369093865303
546.955636236207,206.175198121702,4.19593150102516
33.2124750399654,492.256886990648,3.04703289474866
277.038007628624,20.780287700379,3.80399461891509
535.950268017603,392.130564479709,3.50823612822913
66.1451273488595,69.7613249357949,5.15492843633695
4.92355231214058,79.3707252268385,3.54424120801789
585.737793493957,228.001434975539,4.02373667714167
448.280497232599,465.89810557473,4.78732249372144
658.788267784368,371.562369772803,2.85797686173324
108.001739259907,487.904376641691,4.32269475683933
628.683930183805,90.5705594325729,4.12376513512505
419.888418366251,259.475638175662,3.68287011804799
12.8844080380672,181.548149627514,3.25355092146456
51.871827285427,122.708906186919,4.65417490759411
609.59693143348,197.796596816139,4.33354019600651
256.293784332153,220.204511449575,3.94403224464272
570.563395290576,433.202603010592,3.87726646943862
302.184478823161,134.200300777968,3.8621237881486
531.755816850947,459.030833306834,3.31059508364708
47.7480139702262,413.995099590079,3.51518524201707
189.897164457399,292.662090960983,4.1973872925777
543.287080912794,266.672175616748,3.78290009875091
165.511066918717,22.3320703252685,4.41455836786465
507.11211119515,337.540988430331,4.38369871270002
34.8780249652369,57.4447325824697,3.47342883582791
523.73255492516,137.730030384448,4.62122448240508
NA,NA,NA
660.967077370777,331.271951502113,3.34296666448867
455.812659710588,298.972211180497,3.50812554213409
9.67207316249886,491.731629384967,3.52169170841991
563.062765593707,51.021371167127,4.18392152501704
73.4202750091773,374.620298395529,3.96045174744756
226.55985046934,416.759736471405,3.92914814862175
428.786604683636,12.321297725807,3.28655182186434
362.245324787365,293.001116071242,2.94796175408769
609.84438039747,105.06212383775,4.3638733262295
396.872443230588,231.064878577861,4.08431476546013
575.972849432598,412.406047018122,4.77193917333157
140.569112599794,284.709255534237,4.58589525084627
202.707792555695,370.222498685813,4.02283732265723
125.538210938867,412.065298061379,3.42419891266988
626.418135700742,316.559752821759,4.50515011158265
-1.21375807789194,150.659431106771,4.21369093865303
546.955636236207,206.175198121702,4.19593150102516
33.2124750399654,492.256886990648,3.04703289474866
277.038007628624,20.780287700379,3.80399461891509
535.950268017603,392.130564479709,3.50823612822913
66.1451273488595,69.7613249357949,5.15492843633695
4.92355231214058,79.3707252268385,3.54424120801789
585.737793493957,228.001434975539,4.02373667714167
448.280497232599,465.89810557473,4.78732249372144
658.788267784368,371.562369772803,2.85797686173324
108.001739259907,487.904376641691,4.32269475683933
628.683930183805,90.5705594325729,4.12376513512505
419.888418366251,259.475638175662,3.68287011804799
12.8844080380672,181.548149627514,3.25355092146456
51.871827285427,122.708906186919,4.65417490759411
609.59693143348,197.796596816139,4.33354019600651
256.293784332153,220.204511449575,3.94403224464272
570.563395290576,433.202603010592,3.87726646943862
302.184478823161,134.200300777968,3.8621237881486
531.755816850947,459.030833306834,3.31059508364708
47.7480139702262,413.995099590079,3.51518524201707
189.897164457399,292.662090960983,4.1973872925777
543.287080912794,266.672175616748,3.78290009875091
165.511066918717,22.3320703252685,4.41455836786465
507.11211119515,337.540988430331,4.38369871270002
34.8780249652369,57.4447325824697,3.47342883582791
523.73255492516,137.730030384448,4.62122448240508
NA,NA,NA
660.967077370777,331.271951502113,3.34296666448867
455.812659710588,298.972211180497,3.50812554213409
9.67207316249886,491.731629384967,3.52169170841991
563.062765593707,51.021371167127,4.18392152501704
73.4202750091773,374.620298395529,3.96045174744756
226.55985046934,416.759736471405,3.92914814862175
428.786604683636,12.321297725807,3.28655182186434
362.245324787365,293.001116071242,2.94796175408769
609.84438039747,105.06212383775,4.3638733262295
396.872443230588,231.064878577861,4.08431476546013
575.972849432598,412.406047018122,4.77193917333157
140.569112599794,284.709255534237,4.58589525084627
202.707792555695,370.222498685813,4.02283732265723
125.538210938867,412.065298061379,3.42419891266988
626.418135700742,316.559752821759,4.50515011158265
-1.21375807789194,150.659431106771,4.21369093865303
546.955636236207,206.175198121702,4.19593150102516
33.2124750399654,492.256886990648,3.04703289474866
277.038007628624,20.780287700379,3.80399461891509
535.950268017603,392.130564479709,3.50823612822913
66.1451273488595,69.7613249357949,5.15492843633695
4.92355231214058,79.3707252268385,3.54424120801789
585.737793493957,228.001434975539,4.02373667714167
448.280497232599,465.89810557473,4.78732249372144
658.788267784368,371.562369772803,2.85797686173324
108.001739259907,487.904376641691,4.32269475683933
628.683930183805,90.5705594325729,4.12376513512505
419.888418366251,259.475638175662,3.68287011804799
12.8844080380672,181.548149627514,3.25355092146456
51.871827285427,122.708906186919,4.65417490759411
609.59693143348,197.796596816139,4.33354019600651
256.293784332153,220.204511449575,3.94403224464272
570.563395290576,433.202603010592,3.87726646943862
302.184478823161,134.200300777968,3.8621237881486
531.755816850947,459.030833306834,3.31059508364708
47.7480139702262,413.995099590079,3.51518524201707
189.897164457399,292.662090960983,4.1973872925777
543.287080912794,266.672175616748,3.78290009875091
165.511066918717,22.3320703252685,4.41455836786465
507.11211119515,337.540988430331,4.38369871270002
34.8780249652369,57.4447325824697,3.47342883582791
523.73255492516,137.730030384448,4.62122448240508
NA,NA,NA
660.967077370777,331.271951502113,3.34296666448867
455.812659710588,298.972211180497,3.50812554213409
9.67207316249886,491.731629384967,3.52169170841991
563.062765593707,51.021371167127,4.18392152501704
73.4202750091773,374.620298395529,3.96045174744756
226.55985046934,416.759736471405,3.92914814862175
428.786604683636,12.321297725807,3.28655182186434
362.245324787365,293.001116071242,2.94796175408769
609.84438039747,105.06212383775,4.3638733262295
396.872443230588,231.064878577861,4.08431476546013
575.972849432598,412.406047018122,4.77193917333157
140.569112599794,284.709255534237,4.58589525084627
202.707792555695,370.222498685813,4.02283732265723
125.538210938867,412.065298061379,3.42419891266988
626.418135700742,316.559752821759,4.50515011158265
-1.21375807789194,150.659431106771,4.21369093865303
546.955636236207,206.175198121702,4.19593150102516
33.2124750399654,492.256886990648,3.04703289474866
277.038007628624,20.780287700379,3.80399461891509
535.950268017603,392.130564479709,3.50823612822913
66.1451273488595,69.7613249357949,5.15492843633695
4.92355231214058,79.3707252268385,3.54424120801789
585.737793493957,228.001434975539,4.02373667714167
448.280497232599,465.89810557473,4.78732249372144
658.788267784368,371.562369772803,2.85797686173324
108.001739259907,487.904376641691,4.32269475683933
628.683930183805,90.5705594325729,4.12376513512505
419.888418366251,259.475638175662,3.68287011804799
12.8844080380672,181.548149627514,3.25355092146456
51.871827285427,122.708906186919,4.65417490759411
609.59693143348,197.796596816139,4.33354019600651
256.293784332153,220.204511449575,3.94403224464272
570.563395290576,433.202603010592,3.87726646943862
302.184478823161,134.200300777968,3.8621237881486
531.755816850947,459.030833306834,3.31059508364708
47.7480139702262,413.995099590079,3.51518524201707
189.897164457399,292.662090960983,4.1973872925777
543.287080912794,266.672175616748,3.78290009875091
165.511066918717,22.3320703252685,4.41455836786465
507.11211119515,337.540988430331,4.38369871270002
34.8780249652369,57.4447325824697,3.47342883582791
523.73255492516,137.730030384448,4.62122448240508
NA,NA,NA
660.967077370777,331.271951502113,3.34296666448867
455.812659710588,298.972211180497,3.50812554213409
9.67207316249886,491.731629384967,3.52169170841991
563.062765593707,51.021371167127,4.18392152501704
73.4202750091773,374.620298395529,3.96045174744756
226.55985046934,416.759736471405,3.92914814862175
428.786604683636,12.321297725807,3.28655182186434
362.245324787365,293.001116071242,2.94796175408769
609.84438039747,105.06212383775,4.3638733262295
396.872443230588,231.064878577861,4.08431476546013
575.972849432598,412.406047018122,4.77193917333157
140.569112599794,284.709255534237,4.58589525084627
202.707792555695,370.222498685813,4.02283732265723
125.538210938867,412.065298061379,3.42419891266988
626.418135700742,316.559752821759,4.50515011158265
-1.21375807789194,150.659431106771,4.21369093865303
546.955636236207,206.175198121702,4.19593150102516
33.2124750399654,492.256886990648,3.04703289474866
277.038007628624,20.780287700379,3.80399461891509
535.950268017603,392.130564479709,3.50823612822913
66.1451273488595,69.7613249357949,5.15492843633695
4.92355231214058,79.3707252268385,3.54424120801789
585.737793493957,228.001434975539,4.02373667714167
448.280497232599,465.89810557473,4.78732249372144
658.788267784368,371.562369772803,2.85797686173324
108.001739259907,487.904376641691,4.32269475683933
628.683930183805,90.5705594325729,4.12376513512505
419.888418366251,259.475638175662,3.68287011804799
12.8844080380672,181.548149627514,3.25355092146456
51.871827285427,122.708906186919,4.65417490759411
609.59693143348,197.796596816139,4.33354019600651
256.293784332153,220.204511449575,3.94403224464272
570.563395290576,433.202603010592,3.87726646943862
302.184478823161,134.200300777968,3.8621237881486
531.755816850947,459.030833306834,3.31059508364708
47.7480139702262,413.995099590079,3.51518524201707
189.897164457399,292.662090960983,4.1973872925777
543.287080912794,266.672175616748,3.78290009875091
165.511066918717,22.3320703252685,4.41455836786465
507.11211119515,337.540988430331,4.38369871270002
34.8780249652369,57.4447325824697,3.47342883582791
523.73255492516,137.730030384448,4.62122448240508
NA,NA,NA
660.967077370777,331.271951502113,3.34296666448867
455.812659710588,298.972211180497,3.50812554213409
9.67207316249886,491.731629384967,3.52169170841991
563.062765593707,51.021371167127,4.18392152501704
73.4202750091773,374.620298395529,3.96045174744756
226.55985046934,416.759736471405,3.92914814862175
428.786604683636,12.321297725807,3.28655182186434
362.245324787365,293.001116071242,2.94796175408769
609.84438039747,105.06212383775,4.3638733262295
396.872443230588,231.064878577861,4.08431476546013
575.972849432598,412.406047018122,4.77193917333157
140.569112599794,284.709255534237,4.58589525084627
202.707792555695,370.222498685813,4.02283732265723
125.538210938867,412.065298061379,3.42419891266988
626.418135700742,316.559752821759,4.50515011158265
-1.21375807789194,150.659431106771,4.21369093865303
546.955636236207,206.175198121702,4.19593150102516
33.2124750399654,492.256886990648,3.04703289474866
277.038007628624,20.780287700379,3.80399461891509
535.950268017603,392.130564479709,3.50823612822913
66.1451273488595,69.7613249357949,5.15492843633695
4.92355231214058,79.3707252268385,3.54424120801789
585.737793493957,228.001434975539,4.02373667714167
448.280497232599,465.89810557473,4.78732249372144
658.788267784368,371.562369772803,2.85797686173324
108.001739259907,487.904376641691,4.32269475683933
628.683930183805,90.5705594325729,4.12376513512505
419.888418366251,259.475638175662,3.68287011804799
12.8844080380672,181.548149627514,3.25355092146456
51.871827285427,122.708906186919,4.65417490759411
609.59693143348,197.796596816139,4.33354019600651
256.293784332153,220.204511449575,3.94403224464272
570.563395290576,433.202603010592,3.87726646943862
302.184478823161,134.200300777968,3.8621237881486
531.755816850947,459.030833306834,3.31059508364708
47.7480139702262,413.995099590079,3.51518524201707
189.897164457399,292.662090960983,4.1973872925777
543.287080912794,266.672175616748,3.78290009875091
165.511066918717,22.3320703252685,4.41455836786465
507.11211119515,337.540988430331,4.38369871270002
34.8780249652369,57.4447325824697,3.47342883582791
523.73255492516,137.730030384448,4.62122448240508
NA,NA,NA
661.156006851973,332.591475387699,3.47179853046059
454.055453656892,301.18413708021,3.63382722828934
11.7918544308616,494.294253115535,3.53632956438369
557.825988321104,53.9981146403813,4.07325659823483
69.9323429356557,374.885632519141,4.06172958411014
227.448098516688,412.856849174574,3.90967468517523
431.742302863093,13.3802646659983,3.39428149338902
360.670337216593,294.391911838733,2.93330139345782
602.816636059638,104.50207870366,4.13970237213679
392.437028390854,230.560486075046,4.14103818084204
563.611147966916,406.272102030534,4.70568159688189
140.055253091722,271.932235414991,4.68120886817738
197.283021036054,376.289072029971,3.94805754417043
122.088416897952,411.931778144696,3.39768415526392
629.044644754003,316.177739490898,4.59890660460889
1.06012420277011,147.646701775033,4.26527323718899
543.698715955119,202.223172553121,4.28784519755446
33.6637958656372,490.28490450891,2.98961424903673
280.399641467571,17.191329206791,3.90819122065566
535.149203804468,395.440656407134,3.36234436089846
66.6934823357919,83.1717963843814,5.31323062001026
3.52666191288596,76.3480677164319,3.54514069142824
588.292572074911,224.956421646406,4.04011203839714
435.813412871374,463.47131839325,4.70015079277304
658.334924001286,371.18215293958,3.11259966073656
102.375097221439,484.843603129636,4.43690026830195
622.861994478225,92.437969624168,4.07775557936979
418.104096721705,258.773321211579,3.64264601912298
11.1261011354157,181.965318732178,3.17121449737949
71.6916634032797,112.358099035033,4.49193093076622
606.881441087881,193.068609907126,4.12893947497558
255.826427530367,220.905462356454,3.57321763813418
567.811234704112,427.419259514411,3.88370311725315
301.074652429627,135.045310682688,4.00013428735319
526.273054318873,455.123186065314,3.55582511294517
53.6747664123024,431.308363547295,3.75670152168193
196.004293503953,287.019657318481,3.91677296179787
543.718636284032,269.738036077526,3.46590236078144
172.390690194578,26.808534755786,4.41714333030929
513.822397265095,351.195916243562,4.29835766875752
45.1997803227377,44.9243646987493,3.47287913883494
529.896086977472,147.813222607673,4.55880232942616
NA,NA,NA
661.156006851973,332.591475387699,3.47179853046059
454.055453656892,301.18413708021,3.63382722828934
11.7918544308616,494.294253115535,3.53632956438369
557.825988321104,53.9981146403813,4.07325659823483
69.9323429356557,374.885632519141,4.06172958411014
227.448098516688,412.856849174574,3.90967468517523
431.742302863093,13.3802646659983,3.39428149338902
360.670337216593,294.391911838733,2.93330139345782
602.816636059638,104.50207870366,4.13970237213679
392.437028390854,230.560486075046,4.14103818084204
563.611147966916,406.272102030534,4.70568159688189
140.055253091722,271.932235414991,4.68120886817738
197.283021036054,376.289072029971,3.94805754417043
122.088416897952,411.931778144696,3.39768415526392
629.044644754003,316.177739490898,4.59890660460889
1.06012420277011,147.646701775033,4.26527323718899
543.698715955119,202.223172553121,4.28784519755446
33.6637958656372,490.28490450891,2.98961424903673
280.399641467571,17.191329206791,3.90819122065566
535.149203804468,395.440656407134,3.36234436089846
66.6934823357919,83.1717963843814,5.31323062001026
3.52666191288596,76.3480677164319,3.54514069142824
588.292572074911,224.956421646406,4.04011203839714
435.813412871374,463.47131839325,4.70015079277304
658.334924001286,371.18215293958,3.11259966073656
102.375097221439,484.843603129636,4.43690026830195
622.861994478225,92.437969624168,4.07775557936979
418.104096721705,258.773321211579,3.64264601912298
11.1261011354157,181.965318732178,3.17121449737949
71.6916634032797,112.358099035033,4.49193093076622
606.881441087881,193.068609907126,4.12893947497558
255.826427530367,220.905462356454,3.57321763813418
567.811234704112,427.419259514411,3.88370311725315
301.074652429627,135.045310682688,4.00013428735319
526.273054318873,455.123186065314,3.55582511294517
53.6747664123024,431.308363547295,3.75670152168193
196.004293503953,287.019657318481,3.91677296179787
543.718636284032,269.738036077526,3.46590236078144
172.390690194578,26.808534755786,4.41714333030929
513.822397265095,351.195916243562,4.29835766875752
45.1997803227377,44.9243646987493,3.47287913883494
529.896086977472,147.813222607673,4.55880232942616
NA,NA,NA
661.156006851973,332.591475387699,3.47179853046059
454.055453656892,301.18413708021,3.63382722828934
11.7918544308616,494.294253115535,3.53632956438369
557.825988321104,53.9981146403813,4.07325659823483
69.9323429356557,374.885632519141,4.06172958411014
227.448098516688,412.856849174574,3.90967468517523
431.742302863093,13.3802646659983,3.39428149338902
360.670337216593,294.391911838733,2.93330139345782
602.816636059638,104.50207870366,4.13970237213679
392.437028390854,230.560486075046,4.14103818084204
563.611147966916,406.272102030534,4.70568159688189
140.055253091722,271.932235414991,4.68120886817738
197.283021036054,376.289072029971,3.94805754417043
122.088416897952,411.931778144696,3.39768415526392
629.044644754003,316.177739490898,4.59890660460889
1.06012420277011,147.646701775033,4.26527323718899
543.698715955119,202.223172553121,4.28784519755446
33.6637958656372,490.28490450891,2.98961424903673
280.399641467571,17.191329206791,3.90819122065566
535.149203804468,395.440656407134,3.36234436089846
66.6934823357919,83.1717963843814,5.31323062001026
3.52666191288596,76.3480677164319,3.54514069142824
588.292572074911,224.956421646406,4.04011203839714
435.813412871374,463.47131839325,4.70015079277304
658.334924001286,371.18215293958,3.11259966073656
102.375097221439,484.843603129636,4.43690026830195
622.861994478225,92.437969624168,4.07775557936979
418.104096721705,258.773321211579,3.64264601912298
11.1261011354157,181.965318732178,3.17121449737949
71.6916634032797,112.358099035033,4.49193093076622
606.881441087881,193.068609907126,4.12893947497558
255.826427530367,220.905462356454,3.57321763813418
567.811234704112,427.419259514411,3.88370311725315
301.074652429627,135.045310682688,4.00013428735319
526.273054318873,455.123186065314,3.55582511294517
53.6747664123024,431.308363547295,3.75670152168193
196.004293503953,287.019657318481,3.91677296179787
543.718636284032,269.738036077526,3.46590236078144
172.390690194578,26.808534755786,4.41714333030929
513.822397265095,351.195916243562,4.29835766875752
45.1997803227377,44.9243646987493,3.47287913883494
529.896086977472,147.813222607673,4.55880232942616
NA,NA,NA
661.156006851973,332.591475387699,3.47179853046059
454.055453656892,301.18413708021,3.63382722828934
11.7918544308616,494.294253115535,3.53632956438369
557.825988321104,53.9981146403813,4.07325659823483
69.9323429356557,374.885632519141,4.06172958411014
227.448098516688,412.856849174574,3.90967468517523
431.742302863093,13.3802646659983,3.39428149338902
360.670337216593,294.391911838733,2.93330139345782
602.816636059638,104.50207870366,4.13970237213679
392.437028390854,230.560486075046,4.14103818084204
563.611147966916,406.272102030534,4.70568159688189
140.055253091722,271.932235414991,4.68120886817738
197.283021036054,376.289072029971,3.94805754417043
122.088416897952,411.931778144696,3.39768415526392
629.044644754003,316.177739490898,4.59890660460889
1.06012420277011,147.646701775033,4.26527323718899
543.698715955119,202.223172553121,4.28784519755446
33.6637958656372,490.28490450891,2.98961424903673
280.399641467571,17.191329206791,3.90819122065566
535.149203804468,395.440656407134,3.36234436089846
66.6934823357919,83.1717963843814,5.31323062001026
3.52666191288596,76.3480677164319,3.54514069142824
588.292572074911,224.956421646406,4.04011203839714
435.813412871374,463.47131839325,4.70015079277304
658.334924001286,371.18215293958,3.11259966073656
102.375097221439,484.843603129636,4.43690026830195
622.861994478225,92.437969624168,4.07775557936979
418.104096721705,258.773321211579,3.64264601912298
11.1261011354157,181.965318732178,3.17121449737949
71.6916634032797,112.358099035033,4.49193093076622
606.881441087881,193.068609907126,4.12893947497558
255.826427530367,220.905462356454,3.57321763813418
567.811234704112,427.419259514411,3.88370311725315
301.074652429627,135.045310682688,4.00013428735319
526.273054318873,455.123186065314,3.55582511294517
53.6747664123024,431.308363547295,3.75670152168193
196.004293503953,287.019657318481,3.91677296179787
543.718636284032,269.738036077526,3.46590236078144
172.390690194578,26.808534755786,4.41714333030929
513.822397265095,351.195916243562,4.29835766875752
45.1997803227377,44.9243646987493,3.47287913883494
529.896086977472,147.813222607673,4.55880232942616
NA,NA,NA
661.156006851973,332.591475387699,3.47179853046059
454.055453656892,301.18413708021,3.63382722828934
11.7918544308616,494.294253115535,3.53632956438369
557.825988321104,53.9981146403813,4.07325659823483
69.9323429356557,374.885632519141,4.06172958411014
227.448098516688,412.856849174574,3.90967468517523
431.742302863093,13.3802646659983,3.39428149338902
360.670337216593,294.391911838733,2.93330139345782
602.816636059638,104.50207870366,4.13970237213679
392.437028390854,230.560486075046,4.14103818084204
563.611147966916,406.272102030534,4.70568159688189
140.055253091722,271.932235414991,4.68120886817738
197.283021036054,376.289072029971,3.94805754417043
122.088416897952,411.931778144696,3.39768415526392
629.044644754003,316.177739490898,4.59890660460889
1.06012420277011,147.646701775033,4.26527323718899
543.698715955119,202.223172553121,4.28784519755446
33.6637958656372,490.28490450891,2.98961424903673
280.399641467571,17.191329206791,3.90819122065566
535.149203804468,395.440656407134,3.36234436089846
66.6934823357919,83.1717963843814,5.31323062001026
3.52666191288596,76.3480677164319,3.54514069142824
588.292572074911,224.956421646406,4.04011203839714
435.813412871374,463.47131839325,4.70015079277304
658.334924001286,371.18215293958,3.11259966073656
102.375097221439,484.843603129636,4.43690026830195
622.861994478225,92.437969624168,4.07775557936979
418.104096721705,258.773321211579,3.64264601912298
11.1261011354157,181.965318732178,3.17121449737949
71.6916634032797,112.358099035033,4.49193093076622
606.881441087881,193.068609907126,4.12893947497558
255.826427530367,220.905462356454,3.57321763813418
567.811234704112,427.419259514411,3.88370311725315
301.074652429627,135.045310682688,4.00013428735319
526.273054318873,455.123186065314,3.55582511294517
53.6747664123024,431.308363547295,3.75670152168193
196.004293503953,287.019657318481,3.91677296179787
543.718636284032,269.738036077526,3.46590236078144
172.390690194578,26.808534755786,4.41714333030929
513.822397265095,351.195916243562,4.29835766875752
45.1997803227377,44.9243646987493,3.47287913883494
529.896086977472,147.813222607673,4.55880232942616
NA,NA,NA
661.156006851973,332.591475387699,3.47179853046059
454.055453656892,301.18413708021,3.63382722828934
11.7918544308616,494.294253115535,3.53632956438369
557.825988321104,53.9981146403813,4.07325659823483
69.9323429356557,374.885632519141,4.06172958411014
227.448098516688,412.856849174574,3.90967468517523
431.742302863093,13.3802646659983,3.39428149338902
360.670337216593,294.391911838733,2.93330139345782
602.816636059638,104.50207870366,4.13970237213679
392.437028390854,230.560486075046,4.14103818084204
563.611147966916,406.272102030534,4.70568159688189
140.055253091722,271.932235414991,4.68120886817738
197.283021036054,376.289072029971,3.94805754417043
122.088416897952,411.931778144696,3.39768415526392
629.044644754003,316.177739490898,4.59890660460889
1.06012420277011,147.646701775033,4.26527323718899
543.698715955119,202.223172553121,4.28784519755446
33.6637958656372,490.28490450891,2.98961424903673
280.399641467571,17.191329206791,3.90819122065566
535.149203804468,395.440656407134,3.36234436089846
66.6934823357919,83.1717963843814,5.31323062001026
3.52666191288596,76.3480677164319,3.54514069142824
588.292572074911,224.956421646406,4.04011203839714
435.813412871374,463.47131839325,4.70015079277304
658.334924001286,371.18215293958,3.11259966073656
102.375097221439,484.843603129636,4.43690026830195
622.861994478225,92.437969624168,4.07775557936979
418.104096721705,258.773321211579,3.64264601912298
11.1261011354157,181.965318732178,3.17121449737949
71.6916634032797,112.358099035033,4.49193093076622
606.881441087881,193.068609907126,4.12893947497558
255.826427530367,220.905462356454,3.57321763813418
567.811234704112,427.419259514411,3.88370311725315
301.074652429627,135.045310682688,4.00013428735319
526.273054318873,455.123186065314,3.55582511294517
53.6747664123024,431.308363547295,3.75670152168193
196.004293503953,287.019657318481,3.91677296179787
543.718636284032,269.738036077526,3.46590236078144
172.390690194578,26.808534755786,4.41714333030929
513.822397265095,351.195916243562,4.29835766875752
45.1997803227377,44.9243646987493,3.47287913883494
529.896086977472,147.813222607673,4.55880232942616
NA,NA,NA
659.983595371937,336.055764645737,3.53529508078761
451.875699968588,299.396064137813,3.51309652901043
9.36005352796805,495.112007069971,3.58416738227771
558.370908897024,50.3781791819721,4.12764295666493
71.2251833285109,371.832525236278,4.00949494822172
227.855669534137,415.773117126007,3.91897096367572
426.001487141166,11.8536710019617,3.23993092992731
360.076320438232,291.090200731536,3.10127873100525
605.002453556836,103.881231593365,4.23155844873744
390.490884155097,229.188207890007,4.23947517798101
574.124648156893,410.906191391582,4.63733756873292
136.068203582504,285.133128657046,4.43535416018518
200.985296552026,363.999345916472,4.02903734501344
127.70531100775,410.335522435081,3.50974779936524
629.201905222029,309.952064892806,4.62762567568368
0.739115120504052,147.472177680082,4.28006819879879
540.003706551268,203.651571900007,4.12254887300318
34.8450390879711,493.856334044428,2.93872784756699
280.401656810397,21.9963490135227,4.10617519463988
531.093351324245,391.548510772313,3.44909559793395
71.2272876483609,79.7382082512897,5.31325355010488
4.93975468227322,74.4239242817989,3.52102640545347
588.94914840173,228.192792996826,3.91265263682177
444.212750800105,459.53141039646,4.8525685834392
658.484176031324,374.285000458594,3.13575455943092
103.581804715253,486.532027138888,4.37337299507944
622.302453714263,88.9405058874166,4.09482727111889
419.876845738082,256.31043230332,3.58417653355019
11.5483549413907,181.551251872538,2.98006293011032
71.5916634530689,115.810657408727,4.64307012427768
608.82855222658,220.247478950069,4.34901626831118
254.486816511017,212.478317701472,3.73827480690611
574.209244152836,436.61305193118,3.85594289859586
307.344279301674,141.636942287256,3.80664240658417
530.056496167449,450.349283057095,3.48873850673203
48.0491580869842,413.813693321678,3.68782225607032
203.115237895253,292.226791168947,4.36835848725298
558.018986332571,257.467738691032,3.84076144453684
186.333500576075,28.4643217255034,4.0862336753882
501.512008877841,343.676611100468,4.82522829328287
35.2056390597092,54.1652842530737,4.37501943601891
527.83078539101,147.250159818179,4.52162729064305
NA,NA,NA
659.983595371937,336.055764645737,3.53529508078761
451.875699968588,299.396064137813,3.51309652901043
9.36005352796805,495.112007069971,3.58416738227771
558.370908897024,50.3781791819721,4.12764295666493
71.2251833285109,371.832525236278,4.00949494822172
227.855669534137,415.773117126007,3.91897096367572
426.001487141166,11.8536710019617,3.23993092992731
360.076320438232,291.090200731536,3.10127873100525
605.002453556836,103.881231593365,4.23155844873744
390.490884155097,229.188207890007,4.23947517798101
574.124648156893,410.906191391582,4.63733756873292
136.068203582504,285.133128657046,4.43535416018518
200.985296552026,363.999345916472,4.02903734501344
127.70531100775,410.335522435081,3.50974779936524
629.201905222029,309.952064892806,4.62762567568368
0.739115120504052,147.472177680082,4.28006819879879
540.003706551268,203.651571900007,4.12254887300318
34.8450390879711,493.856334044428,2.93872784756699
280.401656810397,21.9963490135227,4.10617519463988
531.093351324245,391.548510772313,3.44909559793395
71.2272876483609,79.7382082512897,5.31325355010488
4.93975468227322,74.4239242817989,3.52102640545347
588.94914840173,228.192792996826,3.91265263682177
444.212750800105,459.53141039646,4.8525685834392
658.484176031324,374.285000458594,3.13575455943092
103.581804715253,486.532027138888,4.37337299507944
622.302453714263,88.9405058874166,4.09482727111889
419.876845738082,256.31043230332,3.58417653355019
11.5483549413907,181.551251872538,2.98006293011032
71.5916634530689,115.810657408727,4.64307012427768
608.82855222658,220.247478950069,4.34901626831118
254.486816511017,212.478317701472,3.73827480690611
574.209244152836,436.61305193118,3.85594289859586
307.344279301674,141.636942287256,3.80664240658417
530.056496167449,450.349283057095,3.48873850673203
48.0491580869842,413.813693321678,3.68782225607032
203.115237895253,292.226791168947,4.36835848725298
558.018986332571,257.467738691032,3.84076144453684
186.333500576075,28.4643217255034,4.0862336753882
501.512008877841,343.676611100468,4.82522829328287
35.2056390597092,54.1652842530737,4.37501943601891
527.83078539101,147.250159818179,4.52162729064305
NA,NA,NA
659.983595371937,336.055764645737,3.53529508078761
451.875699968588,299.396064137813,3.51309652901043
9.36005352796805,495.112007069971,3.58416738227771
558.370908897024,50.3781791819721,4.12764295666493
71.2251833285109,371.832525236278,4.00949494822172
227.855669534137,415.773117126007,3.91897096367572
426.001487141166,11.8536710019617,3.23993092992731
360.076320438232,291.090200731536,3.10127873100525
605.002453556836,103.881231593365,4.23155844873744
390.490884155097,229.188207890007,4.23947517798101
574.124648156893,410.906191391582,4.63733756873292
136.068203582504,285.133128657046,4.43535416018518
200.985296552026,363.999345916472,4.02903734501344
127.70531100775,410.335522435081,3.50974779936524
629.201905222029,309.952064892806,4.62762567568368
0.739115120504052,147.472177680082,4.28006819879879
540.003706551268,203.651571900007,4.12254887300318
34.8450390879711,493.856334044428,2.93872784756699
280.401656810397,21.9963490135227,4.10617519463988
531.093351324245,391.548510772313,3.44909559793395
71.2272876483609,79.7382082512897,5.31325355010488
4.93975468227322,74.4239242817989,3.52102640545347
588.94914840173,228.192792996826,3.91265263682177
444.212750800105,459.53141039646,4.8525685834392
658.484176031324,374.285000458594,3.13575455943092
103.581804715253,486.532027138888,4.37337299507944
622.302453714263,88.9405058874166,4.09482727111889
419.876845738082,256.31043230332,3.58417653355019
11.5483549413907,181.551251872538,2.98006293011032
71.5916634530689,115.810657408727,4.64307012427768
608.82855222658,220.247478950069,4.34901626831118
254.486816511017,212.478317701472,3.73827480690611
574.209244152836,436.61305193118,3.85594289859586
307.344279301674,141.636942287256,3.80664240658417
530.056496167449,450.349283057095,3.48873850673203
48.0491580869842,413.813693321678,3.68782225607032
203.115237895253,292.226791168947,4.36835848725298
558.018986332571,257.467738691032,3.84076144453684
186.333500576075,28.4643217255034,4.0862336753882
501.512008877841,343.676611100468,4.82522829328287
35.2056390597092,54.1652842530737,4.37501943601891
527.83078539101,147.250159818179,4.52162729064305
NA,NA,NA
659.983595371937,336.055764645737,3.53529508078761
451.875699968588,299.396064137813,3.51309652901043
9.36005352796805,495.112007069971,3.58416738227771
558.370908897024,50.3781791819721,4.12764295666493
71.2251833285109,371.832525236278,4.00949494822172
227.855669534137,415.773117126007,3.91897096367572
426.001487141166,11.8536710019617,3.23993092992731
360.076320438232,291.090200731536,3.10127873100525
605.002453556836,103.881231593365,4.23155844873744
390.490884155097,229.188207890007,4.23947517798101
574.124648156893,410.906191391582,4.63733756873292
136.068203582504,285.133128657046,4.43535416018518
200.985296552026,363.999345916472,4.02903734501344
127.70531100775,410.335522435081,3.50974779936524
629.201905222029,309.952064892806,4.62762567568368
0.739115120504052,147.472177680082,4.28006819879879
540.003706551268,203.651571900007,4.12254887300318
34.8450390879711,493.856334044428,2.93872784756699
280.401656810397,21.9963490135227,4.10617519463988
531.093351324245,391.548510772313,3.44909559793395
71.2272876483609,79.7382082512897,5.31325355010488
4.93975468227322,74.4239242817989,3.52102640545347
588.94914840173,228.192792996826,3.91265263682177
444.212750800105,459.53141039646,4.8525685834392
658.484176031324,374.285000458594,3.13575455943092
103.581804715253,486.532027138888,4.37337299507944
622.302453714263,88.9405058874166,4.09482727111889
419.876845738082,256.31043230332,3.58417653355019
11.5483549413907,181.551251872538,2.98006293011032
71.5916634530689,115.810657408727,4.64307012427768
608.82855222658,220.247478950069,4.34901626831118
254.486816511017,212.478317701472,3.73827480690611
574.209244152836,436.61305193118,3.85594289859586
307.344279301674,141.636942287256,3.80664240658417
530.056496167449,450.349283057095,3.48873850673203
48.0491580869842,413.813693321678,3.68782225607032
203.115237895253,292.226791168947,4.36835848725298
558.018986332571,257.467738691032,3.84076144453684
186.333500576075,28.4643217255034,4.0862336753882
501.512008877841,343.676611100468,4.82522829328287
35.2056390597092,54.1652842530737,4.37501943601891
527.83078539101,147.250159818179,4.52162729064305
NA,NA,NA
659.983595371937,336.055764645737,3.53529508078761
451.875699968588,299.396064137813,3.51309652901043
9.36005352796805,495.112007069971,3.58416738227771
558.370908897024,50.3781791819721,4.12764295666493
71.2251833285109,371.832525236278,4.00949494822172
227.855669534137,415.773117126007,3.91897096367572
426.001487141166,11.8536710019617,3.23993092992731
360.076320438232,291.090200731536,3.10127873100525
605.002453556836,103.881231593365,4.23155844873744
390.490884155097,229.188207890007,4.23947517798101
574.124648156893,410.906191391582,4.63733756873292
136.068203582504,285.133128657046,4.43535416018518
200.985296552026,363.999345916472,4.02903734501344
127.70531100775,410.335522435081,3.50974779936524
629.201905222029,309.952064892806,4.62762567568368
0.739115120504052,147.472177680082,4.28006819879879
540.003706551268,203.651571900007,4.12254887300318
34.8450390879711,493.856334044428,2.93872784756699
280.401656810397,21.9963490135227,4.10617519463988
531.093351324245,391.548510772313,3.44909559793395
71.2272876483609,79.7382082512897,5.31325355010488
4.93975468227322,74.4239242817989,3.52102640545347
588.94914840173,228.192792996826,3.91265263682177
444.212750800105,459.53141039646,4.8525685834392
658.484176031324,374.285000458594,3.13575455943092
103.581804715253,486.532027138888,4.37337299507944
622.302453714263,88.9405058874166,4.09482727111889
419.876845738082,256.31043230332,3.58417653355019
11.5483549413907,181.551251872538,2.98006293011032
71.5916634530689,115.810657408727,4.64307012427768
608.82855222658,220.247478950069,4.34901626831118
254.486816511017,212.478317701472,3.73827480690611
574.209244152836,436.61305193118,3.85594289859586
307.344279301674,141.636942287256,3.80664240658417
530.056496167449,450.349283057095,3.48873850673203
48.0491580869842,413.813693321678,3.68782225607032
203.115237895253,292.226791168947,4.36835848725298
558.018986332571,257.467738691032,3.84076144453684
186.333500576075,28.4643217255034,4.0862336753882
501.512008877841,343.676611100468,4.82522829328287
35.2056390597092,54.1652842530737,4.37501943601891
527.83078539101,147.250159818179,4.52162729064305
NA,NA,NA
659.983595371937,336.055764645737,3.53529508078761
451.875699968588,299.396064137813,3.51309652901043
9.36005352796805,495.112007069971,3.58416738227771
558.370908897024,50.3781791819721,4.12764295666493
71.2251833285109,371.832525236278,4.00949494822172
227.855669534137,415.773117126007,3.91897096367572
426.001487141166,11.8536710019617,3.23993092992731
360.076320438232,291.090200731536,3.10127873100525
605.002453556836,103.881231593365,4.23155844873744
390.490884155097,229.188207890007,4.23947517798101
574.124648156893,410.906191391582,4.63733756873292
136.068203582504,285.133128657046,4.43535416018518
200.985296552026,363.999345916472,4.02903734501344
127.70531100775,410.335522435081,3.50974779936524
629.201905222029,309.952064892806,4.62762567568368
0.739115120504052,147.472177680082,4.28006819879879
540.003706551268,203.651571900007,4.12254887300318
34.8450390879711,493.856334044428,2.93872784756699
280.401656810397,21.9963490135227,4.10617519463988
531.093351324245,391.548510772313,3.44909559793395
71.2272876483609,79.7382082512897,5.31325355010488
4.93975468227322,74.4239242817989,3.52102640545347
588.94914840173,228.192792996826,3.91265263682177
444.212750800105,459.53141039646,4.8525685834392
658.484176031324,374.285000458594,3.13575455943092
103.581804715253,486.532027138888,4.37337299507944
622.302453714263,88.9405058874166,4.09482727111889
419.876845738082,256.31043230332,3.58417653355019
11.5483549413907,181.551251872538,2.98006293011032
71.5916634530689,115.810657408727,4.64307012427768
608.82855222658,220.247478950069,4.34901626831118
254.486816511017,212.478317701472,3.73827480690611
574.209244152836,436.61305193118,3.85594289859586
307.344279301674,141.636942287256,3.80664240658417
530.056496167449,450.349283057095,3.48873850673203
48.0491580869842,413.813693321678,3.68782225607032
203.115237895253,292.226791168947,4.36835848725298
558.018986332571,257.467738691032,3.84076144453684
186.333500576075,28.4643217255034,4.0862336753882
501.512008877841,343.676611100468,4.82522829328287
35.2056390597092,54.1652842530737,4.37501943601891
527.83078539101,147.250159818179,4.52162729064305
NA,NA,NA
662.885195627572,333.601720402928,3.43665423122371
455.67659867902,298.69007520514,3.67674856423458
11.4618164655129,491.515911035427,3.74802288593938
558.258535178527,47.5386754619811,4.22203244705502
74.119712062869,379.784684273729,4.10309047055025
230.377197819593,415.967748205059,3.86279592993798
428.636492412354,10.2579965564786,3.28238580009134
358.064714642484,292.607137620711,3.10918549959381
605.580896573976,108.213673472907,4.02842342181764
390.121307306043,230.537568660863,4.37160888967308
568.105680510269,404.381511382661,4.74846594791492
138.634205089671,278.427586721775,4.50499990978392
196.147994635815,368.443690753836,3.93690847087789
130.714859770361,416.076938816317,3.43506173616843
624.254675755546,314.36049079145,4.45821550953409
5.83459616352584,148.881295481409,4.18763825089261
543.426261079292,201.243781806661,4.20288747624708
31.6620811217952,492.581506893495,3.15335030870567
280.813868376439,22.6356965155316,3.91137446338901
535.86243905981,393.366380926866,3.43365040514477
73.6890558888496,72.1360503775357,5.21074131292002
3.26597987200951,74.5779519477615,3.40446276394608
592.801294822406,228.298223523629,3.96676223746065
448.173213543477,459.01155363412,4.70255369630606
659.795117779741,372.734077273835,3.10637907333251
104.502430011498,488.689226526652,4.42666503462325
620.452021642089,87.9610788187339,4.10892732959084
417.886285765652,259.211324689763,3.66882574780517
12.151242308722,180.145886787835,3.31577501873725
47.0606025180474,125.494962612153,4.32354052984003
615.26368937651,201.225355970997,4.13207288467089
243.429765128365,211.602923526626,3.72504983924331
557.76273196515,435.753566142495,3.7568427868602
301.499875295425,141.559725186731,3.83552558420055
526.473591687576,456.866875364529,3.64992964206502
45.3613119684981,424.117823078861,3.91776935337364
198.628615124298,293.544540040246,4.1117754848691
545.814229308027,261.054361658603,3.78252044730092
175.852410964763,31.565725202193,4.43177918067456
486.330750625343,340.7927826788,4.31696213761665
45.0932712761653,40.3452867071992,3.74468269126459
533.981393223225,120.850008359376,4.72283832088879
NA,NA,NA
662.885195627572,333.601720402928,3.43665423122371
455.67659867902,298.69007520514,3.67674856423458
11.4618164655129,491.515911035427,3.74802288593938
558.258535178527,47.5386754619811,4.22203244705502
74.119712062869,379.784684273729,4.10309047055025
230.377197819593,415.967748205059,3.86279592993798
428.636492412354,10.2579965564786,3.28238580009134
358.064714642484,292.607137620711,3.10918549959381
605.580896573976,108.213673472907,4.02842342181764
390.121307306043,230.537568660863,4.37160888967308
568.105680510269,404.381511382661,4.74846594791492
138.634205089671,278.427586721775,4.50499990978392
196.147994635815,368.443690753836,3.93690847087789
130.714859770361,416.076938816317,3.43506173616843
624.254675755546,314.36049079145,4.45821550953409
5.83459616352584,148.881295481409,4.18763825089261
543.426261079292,201.243781806661,4.20288747624708
31.6620811217952,492.581506893495,3.15335030870567
280.813868376439,22.6356965155316,3.91137446338901
535.86243905981,393.366380926866,3.43365040514477
73.6890558888496,72.1360503775357,5.21074131292002
3.26597987200951,74.5779519477615,3.40446276394608
592.801294822406,228.298223523629,3.96676223746065
448.173213543477,459.01155363412,4.70255369630606
659.795117779741,372.734077273835,3.10637907333251
104.502430011498,488.689226526652,4.42666503462325
620.452021642089,87.9610788187339,4.10892732959084
417.886285765652,259.211324689763,3.66882574780517
12.151242308722,180.145886787835,3.31577501873725
47.0606025180474,125.494962612153,4.32354052984003
615.26368937651,201.225355970997,4.13207288467089
243.429765128365,211.602923526626,3.72504983924331
557.76273196515,435.753566142495,3.7568427868602
301.499875295425,141.559725186731,3.83552558420055
526.473591687576,456.866875364529,3.64992964206502
45.3613119684981,424.117823078861,3.91776935337364
198.628615124298,293.544540040246,4.1117754848691
545.814229308027,261.054361658603,3.78252044730092
175.852410964763,31.565725202193,4.43177918067456
486.330750625343,340.7927826788,4.31696213761665
45.0932712761653,40.3452867071992,3.74468269126459
533.981393223225,120.850008359376,4.72283832088879
NA,NA,NA
662.885195627572,333.601720402928,3.43665423122371
455.67659867902,298.69007520514,3.67674856423458
11.4618164655129,491.515911035427,3.74802288593938
558.258535178527,47.5386754619811,4.22203244705502
74.119712062869,379.784684273729,4.10309047055025
230.377197819593,415.967748205059,3.86279592993798
428.636492412354,10.2579965564786,3.28238580009134
358.064714642484,292.607137620711,3.10918549959381
605.580896573976,108.213673472907,4.02842342181764
390.121307306043,230.537568660863,4.37160888967308
568.105680510269,404.381511382661,4.74846594791492
138.634205089671,278.427586721775,4.50499990978392
196.147994635815,368.443690753836,3.93690847087789
130.714859770361,416.076938816317,3.43506173616843
624.254675755546,314.36049079145,4.45821550953409
5.83459616352584,148.881295481409,4.18763825089261
543.426261079292,201.243781806661,4.20288747624708
31.6620811217952,492.581506893495,3.15335030870567
280.813868376439,22.6356965155316,3.91137446338901
535.86243905981,393.366380926866,3.43365040514477
73.6890558888496,72.1360503775357,5.21074131292002
3.26597987200951,74.5779519477615,3.40446276394608
592.801294822406,228.298223523629,3.96676223746065
448.173213543477,459.01155363412,4.70255369630606
659.795117779741,372.734077273835,3.10637907333251
104.502430011498,488.689226526652,4.42666503462325
620.452021642089,87.9610788187339,4.10892732959084
417.886285765652,259.211324689763,3.66882574780517
12.151242308722,180.145886787835,3.31577501873725
47.0606025180474,125.494962612153,4.32354052984003
615.26368937651,201.225355970997,4.13207288467089
243.429765128365,211.602923526626,3.72504983924331
557.76273196515,435.753566142495,3.7568427868602
301.499875295425,141.559725186731,3.83552558420055
526.473591687576,456.866875364529,3.64992964206502
45.3613119684981,424.117823078861,3.91776935337364
198.628615124298,293.544540040246,4.1117754848691
545.814229308027,261.054361658603,3.78252044730092
175.852410964763,31.565725202193,4.43177918067456
486.330750625343,340.7927826788,4.31696213761665
45.0932712761653,40.3452867071992,3.74468269126459
533.981393223225,120.850008359376,4.72283832088879
NA,NA,NA
662.885195627572,333.601720402928,3.43665423122371
455.67659867902,298.69007520514,3.67674856423458
11.4618164655129,491.515911035427,3.74802288593938
558.258535178527,47.5386754619811,4.22203244705502
74.119712062869,379.784684273729,4.10309047055025
230.377197819593,415.967748205059,3.86279592993798
428.636492412354,10.2579965564786,3.28238580009134
358.064714642484,292.607137620711,3.10918549959381
605.580896573976,108.213673472907,4.02842342181764
390.121307306043,230.537568660863,4.37160888967308
568.105680510269,404.381511382661,4.74846594791492
138.634205089671,278.427586721775,4.50499990978392
196.147994635815,368.443690753836,3.93690847087789
130.714859770361,416.076938816317,3.43506173616843
624.254675755546,314.36049079145,4.45821550953409
5.83459616352584,148.881295481409,4.18763825089261
543.426261079292,201.243781806661,4.20288747624708
31.6620811217952,492.581506893495,3.15335030870567
280.813868376439,22.6356965155316,3.91137446338901
535.86243905981,393.366380926866,3.43365040514477
73.6890558888496,72.1360503775357,5.21074131292002
3.26597987200951,74.5779519477615,3.40446276394608
592.801294822406,228.298223523629,3.96676223746065
448.173213543477,459.01155363412,4.70255369630606
659.795117779741,372.734077273835,3.10637907333251
104.502430011498,488.689226526652,4.42666503462325
620.452021642089,87.9610788187339,4.10892732959084
417.886285765652,259.211324689763,3.66882574780517
12.151242308722,180.145886787835,3.31577501873725
47.0606025180474,125.494962612153,4.32354052984003
615.26368937651,201.225355970997,4.13207288467089
243.429765128365,211.602923526626,3.72504983924331
557.76273196515,435.753566142495,3.7568427868602
301.499875295425,141.559725186731,3.83552558420055
526.473591687576,456.866875364529,3.64992964206502
45.3613119684981,424.117823078861,3.91776935337364
198.628615124298,293.544540040246,4.1117754848691
545.814229308027,261.054361658603,3.78252044730092
175.852410964763,31.565725202193,4.43177918067456
486.330750625343,340.7927826788,4.31696213761665
45.0932712761653,40.3452867071992,3.74468269126459
533.981393223225,120.850008359376,4.72283832088879
NA,NA,NA
662.885195627572,333.601720402928,3.43665423122371
455.67659867902,298.69007520514,3.67674856423458
11.4618164655129,491.515911035427,3.74802288593938
558.258535178527,47.5386754619811,4.22203244705502
74.119712062869,379.784684273729,4.10309047055025
230.377197819593,415.967748205059,3.86279592993798
428.636492412354,10.2579965564786,3.28238580009134
358.064714642484,292.607137620711,3.10918549959381
605.580896573976,108.213673472907,4.02842342181764
390.121307306043,230.537568660863,4.37160888967308
568.105680510269,404.381511382661,4.74846594791492
138.634205089671,278.427586721775,4.50499990978392
196.147994635815,368.443690753836,3.93690847087789
130.714859770361,416.076938816317,3.43506173616843
624.254675755546,314.36049079145,4.45821550953409
5.83459616352584,148.881295481409,4.18763825089261
543.426261079292,201.243781806661,4.20288747624708
31.6620811217952,492.581506893495,3.15335030870567
280.813868376439,22.6356965155316,3.91137446338901
535.86243905981,393.366380926866,3.43365040514477
73.6890558888496,72.1360503775357,5.21074131292002
3.26597987200951,74.5779519477615,3.40446276394608
592.801294822406,228.298223523629,3.96676223746065
448.173213543477,459.01155363412,4.70255369630606
659.795117779741,372.734077273835,3.10637907333251
104.502430011498,488.689226526652,4.42666503462325
620.452021642089,87.9610788187339,4.10892732959084
417.886285765652,259.211324689763,3.66882574780517
12.151242308722,180.145886787835,3.31577501873725
47.0606025180474,125.494962612153,4.32354052984003
615.26368937651,201.225355970997,4.13207288467089
243.429765128365,211.602923526626,3.72504983924331
557.76273196515,435.753566142495,3.7568427868602
301.499875295425,141.559725186731,3.83552558420055
526.473591687576,456.866875364529,3.64992964206502
45.3613119684981,424.117823078861,3.91776935337364
198.628615124298,293.544540040246,4.1117754848691
545.814229308027,261.054361658603,3.78252044730092
175.852410964763,31.565725202193,4.43177918067456
486.330750625343,340.7927826788,4.31696213761665
45.0932712761653,40.3452867071992,3.74468269126459
533.981393223225,120.850008359376,4.72283832088879
NA,NA,NA
662.885195627572,333.601720402928,3.43665423122371
455.67659867902,298.69007520514,3.67674856423458
11.4618164655129,491.515911035427,3.74802288593938
558.258535178527,47.5386754619811,4.22203244705502
74.119712062869,379.784684273729,4.10309047055025
230.377197819593,415.967748205059,3.86279592993798
428.636492412354,10.2579965564786,3.28238580009134
358.064714642484,292.607137620711,3.10918549959381
605.580896573976,108.213673472907,4.02842342181764
390.121307306043,230.537568660863,4.37160888967308
568.105680510269,404.381511382661,4.74846594791492
138.634205089671,278.427586721775,4.50499990978392
196.147994635815,368.443690753836,3.93690847087789
130.714859770361,416.076938816317,3.43506173616843
624.254675755546,314.36049079145,4.45821550953409
5.83459616352584,148.881295481409,4.18763825089261
543.426261079292,201.243781806661,4.20288747624708
31.6620811217952,492.581506893495,3.15335030870567
280.813868376439,22.6356965155316,3.91137446338901
535.86243905981,393.366380926866,3.43365040514477
73.6890558888496,72.1360503775357,5.21074131292002
3.26597987200951,74.5779519477615,3.40446276394608
592.801294822406,228.298223523629,3.96676223746065
448.173213543477,459.01155363412,4.70255369630606
659.795117779741,372.734077273835,3.10637907333251
104.502430011498,488.689226526652,4.42666503462325
620.452021642089,87.9610788187339,4.10892732959084
417.886285765652,259.211324689763,3.66882574780517
12.151242308722,180.145886787835,3.31577501873725
47.0606025180474,125.494962612153,4.32354052984003
615.26368937651,201.225355970997,4.13207288467089
243.429765128365,211.602923526626,3.72504983924331
557.76273196515,435.753566142495,3.7568427868602
301.499875295425,141.559725186731,3.83552558420055
526.473591687576,456.866875364529,3.64992964206502
45.3613119684981,424.117823078861,3.91776935337364
198.628615124298,293.544540040246,4.1117754848691
545.814229308027,261.054361658603,3.78252044730092
175.852410964763,31.565725202193,4.43177918067456
486.330750625343,340.7927826788,4.31696213761665
45.0932712761653,40.3452867071992,3.74468269126459
533.981393223225,120.850008359376,4.72283832088879
NA,NA,NA
661.738760223078,332.287945646061,3.48870076120886
460.688559163372,300.292718742169,3.838853049308
12.8841783852374,490.781389360559,3.83300027277245
563.002514612124,51.5322183704929,4.14058588811696
69.3090530884357,374.044445919864,3.97638450174344
232.25984302974,409.922965134212,3.95575649922158
430.802264193605,11.4115764834022,3.15250600404723
362.103423950676,288.354222268653,3.1151112825764
600.533331118694,107.103995806644,4.23984121592875
394.600354426852,226.239597648682,4.25767821529494
576.080976621293,410.401419254074,4.76222675649989
136.907746295764,283.014050794587,4.66174503557381
196.809247793188,369.116190804053,4.26231325558453
124.259879449729,410.695354138931,3.33834316547344
626.231430711456,313.569803823353,4.44037042047795
7.06396629399089,150.499356109989,4.31959983785135
546.462665456208,205.686423086839,4.07656317905933
34.2450280640113,492.62083646338,3.06913939163675
279.08996588381,23.0616569477928,4.03054212680323
533.704915635884,391.939826712001,3.50611088566539
69.380870330922,75.1006145273416,5.2959888372388
9.08833843374308,77.6662680312048,3.629158656057
590.212023956643,231.337972596521,4.03534903137274
445.968351112656,459.635655325511,4.82081528462547
656.995431421032,374.610251798376,3.10623242261201
105.615273840154,484.031820697071,4.34170560757001
625.421887116718,90.3361422519063,4.0756864059911
416.876285208439,257.869083791581,3.59251270103826
12.7817985247323,179.42628729086,3.22469426296512
56.4240138334632,124.004386502282,4.36006411270152
615.525987091866,195.905744595147,4.79103442290733
258.775238125119,218.12950278657,4.14804856989374
576.024125614656,423.986191587056,4.01567771985298
302.812026840213,139.680607077568,3.90113097255863
528.563014153502,465.114544818534,3.51781055518731
50.9295937625004,417.632987798693,3.81508937748166
198.7415785808,287.322184213247,4.51422367216881
544.454074993227,266.028313266413,3.92457533319089
167.725049183905,32.5252412047249,4.39340115690252
498.989492554054,332.962582376924,4.76269698620629
46.6831427143232,57.4641416270859,4.18882143170447
534.696202456579,145.97796756018,4.95379054875527
NA,NA,NA
661.738760223078,332.287945646061,3.48870076120886
460.688559163372,300.292718742169,3.838853049308
12.8841783852374,490.781389360559,3.83300027277245
563.002514612124,51.5322183704929,4.14058588811696
69.3090530884357,374.044445919864,3.97638450174344
232.25984302974,409.922965134212,3.95575649922158
430.802264193605,11.4115764834022,3.15250600404723
362.103423950676,288.354222268653,3.1151112825764
600.533331118694,107.103995806644,4.23984121592875
394.600354426852,226.239597648682,4.25767821529494
576.080976621293,410.401419254074,4.76222675649989
136.907746295764,283.014050794587,4.66174503557381
196.809247793188,369.116190804053,4.26231325558453
124.259879449729,410.695354138931,3.33834316547344
626.231430711456,313.569803823353,4.44037042047795
7.06396629399089,150.499356109989,4.31959983785135
546.462665456208,205.686423086839,4.07656317905933
34.2450280640113,492.62083646338,3.06913939163675
279.08996588381,23.0616569477928,4.03054212680323
533.704915635884,391.939826712001,3.50611088566539
69.380870330922,75.1006145273416,5.2959888372388
9.08833843374308,77.6662680312048,3.629158656057
590.212023956643,231.337972596521,4.03534903137274
445.968351112656,459.635655325511,4.82081528462547
656.995431421032,374.610251798376,3.10623242261201
105.615273840154,484.031820697071,4.34170560757001
625.421887116718,90.3361422519063,4.0756864059911
416.876285208439,257.869083791581,3.59251270103826
12.7817985247323,179.42628729086,3.22469426296512
56.4240138334632,124.004386502282,4.36006411270152
615.525987091866,195.905744595147,4.79103442290733
258.775238125119,218.12950278657,4.14804856989374
576.024125614656,423.986191587056,4.01567771985298
302.812026840213,139.680607077568,3.90113097255863
528.563014153502,465.114544818534,3.51781055518731
50.9295937625004,417.632987798693,3.81508937748166
198.7415785808,287.322184213247,4.51422367216881
544.454074993227,266.028313266413,3.92457533319089
167.725049183905,32.5252412047249,4.39340115690252
498.989492554054,332.962582376924,4.76269698620629
46.6831427143232,57.4641416270859,4.18882143170447
534.696202456579,145.97796756018,4.95379054875527
NA,NA,NA
661.738760223078,332.287945646061,3.48870076120886
460.688559163372,300.292718742169,3.838853049308
12.8841783852374,490.781389360559,3.83300027277245
563.002514612124,51.5322183704929,4.14058588811696
69.3090530884357,374.044445919864,3.97638450174344
232.25984302974,409.922965134212,3.95575649922158
430.802264193605,11.4115764834022,3.15250600404723
362.103423950676,288.354222268653,3.1151112825764
600.533331118694,107.103995806644,4.23984121592875
394.600354426852,226.239597648682,4.25767821529494
576.080976621293,410.401419254074,4.76222675649989
136.907746295764,283.014050794587,4.66174503557381
196.809247793188,369.116190804053,4.26231325558453
124.259879449729,410.695354138931,3.33834316547344
626.231430711456,313.569803823353,4.44037042047795
7.06396629399089,150.499356109989,4.31959983785135
546.462665456208,205.686423086839,4.07656317905933
34.2450280640113,492.62083646338,3.06913939163675
279.08996588381,23.0616569477928,4.03054212680323
533.704915635884,391.939826712001,3.50611088566539
69.380870330922,75.1006145273416,5.2959888372388
9.08833843374308,77.6662680312048,3.629158656057
590.212023956643,231.337972596521,4.03534903137274
445.968351112656,459.635655325511,4.82081528462547
656.995431421032,374.610251798376,3.10623242261201
105.615273840154,484.031820697071,4.34170560757001
625.421887116718,90.3361422519063,4.0756864059911
416.876285208439,257.869083791581,3.59251270103826
12.7817985247323,179.42628729086,3.22469426296512
56.4240138334632,124.004386502282,4.36006411270152
615.525987091866,195.905744595147,4.79103442290733
258.775238125119,218.12950278657,4.14804856989374
576.024125614656,423.986191587056,4.01567771985298
302.812026840213,139.680607077568,3.90113097255863
528.563014153502,465.114544818534,3.51781055518731
50.9295937625004,417.632987798693,3.81508937748166
198.7415785808,287.322184213247,4.51422367216881
544.454074993227,266.028313266413,3.92457533319089
167.725049183905,32.5252412047249,4.39340115690252
498.989492554054,332.962582376924,4.76269698620629
46.6831427143232,57.4641416270859,4.18882143170447
534.696202456579,145.97796756018,4.95379054875527
NA,NA,NA
661.738760223078,332.287945646061,3.48870076120886
460.688559163372,300.292718742169,3.838853049308
12.8841783852374,490.781389360559,3.83300027277245
563.002514612124,51.5322183704929,4.14058588811696
69.3090530884357,374.044445919864,3.97638450174344
232.25984302974,409.922965134212,3.95575649922158
430.802264193605,11.4115764834022,3.15250600404723
362.103423950676,288.354222268653,3.1151112825764
600.533331118694,107.103995806644,4.23984121592875
394.600354426852,226.239597648682,4.25767821529494
576.080976621293,410.401419254074,4.76222675649989
136.907746295764,283.014050794587,4.66174503557381
196.809247793188,369.116190804053,4.26231325558453
124.259879449729,410.695354138931,3.33834316547344
626.231430711456,313.569803823353,4.44037042047795
7.06396629399089,150.499356109989,4.31959983785135
546.462665456208,205.686423086839,4.07656317905933
34.2450280640113,492.62083646338,3.06913939163675
279.08996588381,23.0616569477928,4.03054212680323
533.704915635884,391.939826712001,3.50611088566539
69.380870330922,75.1006145273416,5.2959888372388
9.08833843374308,77.6662680312048,3.629158656057
590.212023956643,231.337972596521,4.03534903137274
445.968351112656,459.635655325511,4.82081528462547
656.995431421032,374.610251798376,3.10623242261201
105.615273840154,484.031820697071,4.34170560757001
625.421887116718,90.3361422519063,4.0756864059911
416.876285208439,257.869083791581,3.59251270103826
12.7817985247323,179.42628729086,3.22469426296512
56.4240138334632,124.004386502282,4.36006411270152
615.525987091866,195.905744595147,4.79103442290733
258.775238125119,218.12950278657,4.14804856989374
576.024125614656,423.986191587056,4.01567771985298
302.812026840213,139.680607077568,3.90113097255863
528.563014153502,465.114544818534,3.51781055518731
50.9295937625004,417.632987798693,3.81508937748166
198.7415785808,287.322184213247,4.51422367216881
544.454074993227,266.028313266413,3.92457533319089
167.725049183905,32.5252412047249,4.39340115690252
498.989492554054,332.962582376924,4.76269698620629
46.6831427143232,57.4641416270859,4.18882143170447
534.696202456579,145.97796756018,4.95379054875527
NA,NA,NA
661.738760223078,332.287945646061,3.48870076120886
460.688559163372,300.292718742169,3.838853049308
12.8841783852374,490.781389360559,3.83300027277245
563.002514612124,51.5322183704929,4.14058588811696
69.3090530884357,374.044445919864,3.97638450174344
232.25984302974,409.922965134212,3.95575649922158
430.802264193605,11.4115764834022,3.15250600404723
362.103423950676,288.354222268653,3.1151112825764
600.533331118694,107.103995806644,4.23984121592875
394.600354426852,226.239597648682,4.25767821529494
576.080976621293,410.401419254074,4.76222675649989
136.907746295764,283.014050794587,4.66174503557381
196.809247793188,369.116190804053,4.26231325558453
124.259879449729,410.695354138931,3.33834316547344
626.231430711456,313.569803823353,4.44037042047795
7.06396629399089,150.499356109989,4.31959983785135
546.462665456208,205.686423086839,4.07656317905933
34.2450280640113,492.62083646338,3.06913939163675
279.08996588381,23.0616569477928,4.03054212680323
533.704915635884,391.939826712001,3.50611088566539
69.380870330922,75.1006145273416,5.2959888372388
9.08833843374308,77.6662680312048,3.629158656057
590.212023956643,231.337972596521,4.03534903137274
445.968351112656,459.635655325511,4.82081528462547
656.995431421032,374.610251798376,3.10623242261201
105.615273840154,484.031820697071,4.34170560757001
625.421887116718,90.3361422519063,4.0756864059911
416.876285208439,257.869083791581,3.59251270103826
12.7817985247323,179.42628729086,3.22469426296512
56.4240138334632,124.004386502282,4.36006411270152
615.525987091866,195.905744595147,4.79103442290733
258.775238125119,218.12950278657,4.14804856989374
576.024125614656,423.986191587056,4.01567771985298
302.812026840213,139.680607077568,3.90113097255863
528.563014153502,465.114544818534,3.51781055518731
50.9295937625004,417.632987798693,3.81508937748166
198.7415785808,287.322184213247,4.51422367216881
544.454074993227,266.028313266413,3.92457533319089
167.725049183905,32.5252412047249,4.39340115690252
498.989492554054,332.962582376924,4.76269698620629
46.6831427143232,57.4641416270859,4.18882143170447
534.696202456579,145.97796756018,4.95379054875527
NA,NA,NA
661.738760223078,332.287945646061,3.48870076120886
460.688559163372,300.292718742169,3.838853049308
12.8841783852374,490.781389360559,3.83300027277245
563.002514612124,51.5322183704929,4.14058588811696
69.3090530884357,374.044445919864,3.97638450174344
232.25984302974,409.922965134212,3.95575649922158
430.802264193605,11.4115764834022,3.15250600404723
362.103423950676,288.354222268653,3.1151112825764
600.533331118694,107.103995806644,4.23984121592875
394.600354426852,226.239597648682,4.25767821529494
576.080976621293,410.401419254074,4.76222675649989
136.907746295764,283.014050794587,4.66174503557381
196.809247793188,369.116190804053,4.26231325558453
124.259879449729,410.695354138931,3.33834316547344
626.231430711456,313.569803823353,4.44037042047795
7.06396629399089,150.499356109989,4.31959983785135
546.462665456208,205.686423086839,4.07656317905933
34.2450280640113,492.62083646338,3.06913939163675
279.08996588381,23.0616569477928,4.03054212680323
533.704915635884,391.939826712001,3.50611088566539
69.380870330922,75.1006145273416,5.2959888372388
9.08833843374308,77.6662680312048,3.629158656057
590.212023956643,231.337972596521,4.03534903137274
445.968351112656,459.635655325511,4.82081528462547
656.995431421032,374.610251798376,3.10623242261201
105.615273840154,484.031820697071,4.34170560757001
625.421887116718,90.3361422519063,4.0756864059911
416.876285208439,257.869083791581,3.59251270103826
12.7817985247323,179.42628729086,3.22469426296512
56.4240138334632,124.004386502282,4.36006411270152
615.525987091866,195.905744595147,4.79103442290733
258.775238125119,218.12950278657,4.14804856989374
576.024125614656,423.986191587056,4.01567771985298
302.812026840213,139.680607077568,3.90113097255863
528.563014153502,465.114544818534,3.51781055518731
50.9295937625004,417.632987798693,3.81508937748166
198.7415785808,287.322184213247,4.51422367216881
544.454074993227,266.028313266413,3.92457533319089
167.725049183905,32.5252412047249,4.39340115690252
498.989492554054,332.962582376924,4.76269698620629
46.6831427143232,57.4641416270859,4.18882143170447
534.696202456579,145.97796756018,4.95379054875527
NA,NA,NA
661.856945207063,334.463622841056,3.71576973643361
453.845056392042,294.696669259889,3.41785018733205
9.65702900140655,491.780232285173,3.65896557719182
564.05883171198,53.832491833667,4.04989727816258
70.4736523638032,374.970185865092,4.0637607893739
224.991340488956,415.94618017651,3.93869609416148
429.082693499373,14.897919128565,3.23089284497443
360.688321121058,293.305330638958,3.08263065832325
606.285683794286,105.710506686035,4.249857990994
392.968243483932,228.784826920359,4.05881425636042
569.478737730316,407.750509702051,4.72351225552092
141.004109755593,289.841940478817,4.66930098913285
197.024725161843,373.66973458098,4.07421791535235
124.437578885684,409.817147254995,3.36919315983576
627.774527457651,309.875442429457,4.5117744380315
1.22738787722381,149.84483480928,4.19318948517329
541.958764847133,204.257670796328,4.15053981198285
32.4585247770989,492.069369229904,3.11395507259776
277.836211328092,23.7666107154032,3.95393600402026
536.941833843439,389.822207785705,3.3547177042282
68.9351696707126,78.381877385181,5.13927220461824
2.18122667108947,77.2966289680554,3.51162968665447
589.962249908706,228.90442834348,3.97316819064329
440.712727108268,456.43326602146,4.79875608405817
659.64701600797,372.388992451422,3.18298294005061
101.851905077654,483.809443347971,4.34745392799976
627.219174126583,95.5734599829273,4.03242496453822
416.40450161844,258.499390148404,3.55419601243549
9.76820761160658,180.933530947582,3.23317680636865
71.966324804413,130.789648455348,4.34890890667135
622.362493334954,204.908632624386,4.57877580455657
255.978595479336,218.553300265504,3.65163745732059
577.36881666301,437.661170056686,3.60059517120093
297.041615442669,135.514348688606,3.87083409025239
535.90377438769,447.660109396682,3.64656362497658
51.8884902753215,422.014501464266,4.26005231033618
199.419113891017,288.85896753326,3.79378781851655
543.616570965774,259.936535615894,3.64926030268245
174.036172315896,31.6032327591073,4.19022443839122
503.420804497544,351.096410232874,4.39622588770971
33.5717528719478,45.6883817531926,3.56789090343595
540.086866472307,146.082813102174,4.7668657718625
NA,NA,NA
661.856945207063,334.463622841056,3.71576973643361
453.845056392042,294.696669259889,3.41785018733205
9.65702900140655,491.780232285173,3.65896557719182
564.05883171198,53.832491833667,4.04989727816258
70.4736523638032,374.970185865092,4.0637607893739
224.991340488956,415.94618017651,3.93869609416148
429.082693499373,14.897919128565,3.23089284497443
360.688321121058,293.305330638958,3.08263065832325
606.285683794286,105.710506686035,4.249857990994
392.968243483932,228.784826920359,4.05881425636042
569.478737730316,407.750509702051,4.72351225552092
141.004109755593,289.841940478817,4.66930098913285
197.024725161843,373.66973458098,4.07421791535235
124.437578885684,409.817147254995,3.36919315983576
627.774527457651,309.875442429457,4.5117744380315
1.22738787722381,149.84483480928,4.19318948517329
541.958764847133,204.257670796328,4.15053981198285
32.4585247770989,492.069369229904,3.11395507259776
277.836211328092,23.7666107154032,3.95393600402026
536.941833843439,389.822207785705,3.3547177042282
68.9351696707126,78.381877385181,5.13927220461824
2.18122667108947,77.2966289680554,3.51162968665447
589.962249908706,228.90442834348,3.97316819064329
440.712727108268,456.43326602146,4.79875608405817
659.64701600797,372.388992451422,3.18298294005061
101.851905077654,483.809443347971,4.34745392799976
627.219174126583,95.5734599829273,4.03242496453822
416.40450161844,258.499390148404,3.55419601243549
9.76820761160658,180.933530947582,3.23317680636865
71.966324804413,130.789648455348,4.34890890667135
622.362493334954,204.908632624386,4.57877580455657
255.978595479336,218.553300265504,3.65163745732059
577.36881666301,437.661170056686,3.60059517120093
297.041615442669,135.514348688606,3.87083409025239
535.90377438769,447.660109396682,3.64656362497658
51.8884902753215,422.014501464266,4.26005231033618
199.419113891017,288.85896753326,3.79378781851655
543.616570965774,259.936535615894,3.64926030268245
174.036172315896,31.6032327591073,4.19022443839122
503.420804497544,351.096410232874,4.39622588770971
33.5717528719478,45.6883817531926,3.56789090343595
540.086866472307,146.082813102174,4.7668657718625
NA,NA,NA
661.856945207063,334.463622841056,3.71576973643361
453.845056392042,294.696669259889,3.41785018733205
9.65702900140655,491.780232285173,3.65896557719182
564.05883171198,53.832491833667,4.04989727816258
70.4736523638032,374.970185865092,4.0637607893739
224.991340488956,415.94618017651,3.93869609416148
429.082693499373,14.897919128565,3.23089284497443
360.688321121058,293.305330638958,3.08263065832325
606.285683794286,105.710506686035,4.249857990994
392.968243483932,228.784826920359,4.05881425636042
569.478737730316,407.750509702051,4.72351225552092
141.004109755593,289.841940478817,4.66930098913285
197.024725161843,373.66973458098,4.07421791535235
124.437578885684,409.817147254995,3.36919315983576
627.774527457651,309.875442429457,4.5117744380315
1.22738787722381,149.84483480928,4.19318948517329
541.958764847133,204.257670796328,4.15053981198285
32.4585247770989,492.069369229904,3.11395507259776
277.836211328092,23.7666107154032,3.95393600402026
536.941833843439,389.822207785705,3.3547177042282
68.9351696707126,78.381877385181,5.13927220461824
2.18122667108947,77.2966289680554,3.51162968665447
589.962249908706,228.90442834348,3.97316819064329
440.712727108268,456.43326602146,4.79875608405817
659.64701600797,372.388992451422,3.18298294005061
101.851905077654,483.809443347971,4.34745392799976
627.219174126583,95.5734599829273,4.03242496453822
416.40450161844,258.499390148404,3.55419601243549
9.76820761160658,180.933530947582,3.23317680636865
71.966324804413,130.789648455348,4.34890890667135
622.362493334954,204.908632624386,4.57877580455657
255.978595479336,218.553300265504,3.65163745732059
577.36881666301,437.661170056686,3.60059517120093
297.041615442669,135.514348688606,3.87083409025239
535.90377438769,447.660109396682,3.64656362497658
51.8884902753215,422.014501464266,4.26005231033618
199.419113891017,288.85896753326,3.79378781851655
543.616570965774,259.936535615894,3.64926030268245
174.036172315896,31.6032327591073,4.19022443839122
503.420804497544,351.096410232874,4.39622588770971
33.5717528719478,45.6883817531926,3.56789090343595
540.086866472307,146.082813102174,4.7668657718625
NA,NA,NA
661.856945207063,334.463622841056,3.71576973643361
453.845056392042,294.696669259889,3.41785018733205
9.65702900140655,491.780232285173,3.65896557719182
564.05883171198,53.832491833667,4.04989727816258
70.4736523638032,374.970185865092,4.0637607893739
224.991340488956,415.94618017651,3.93869609416148
429.082693499373,14.897919128565,3.23089284497443
360.688321121058,293.305330638958,3.08263065832325
606.285683794286,105.710506686035,4.249857990994
392.968243483932,228.784826920359,4.05881425636042
569.478737730316,407.750509702051,4.72351225552092
141.004109755593,289.841940478817,4.66930098913285
197.024725161843,373.66973458098,4.07421791535235
124.437578885684,409.817147254995,3.36919315983576
627.774527457651,309.875442429457,4.5117744380315
1.22738787722381,149.84483480928,4.19318948517329
541.958764847133,204.257670796328,4.15053981198285
32.4585247770989,492.069369229904,3.11395507259776
277.836211328092,23.7666107154032,3.95393600402026
536.941833843439,389.822207785705,3.3547177042282
68.9351696707126,78.381877385181,5.13927220461824
2.18122667108947,77.2966289680554,3.51162968665447
589.962249908706,228.90442834348,3.97316819064329
440.712727108268,456.43326602146,4.79875608405817
659.64701600797,372.388992451422,3.18298294005061
101.851905077654,483.809443347971,4.34745392799976
627.219174126583,95.5734599829273,4.03242496453822
416.40450161844,258.499390148404,3.55419601243549
9.76820761160658,180.933530947582,3.23317680636865
71.966324804413,130.789648455348,4.34890890667135
622.362493334954,204.908632624386,4.57877580455657
255.978595479336,218.553300265504,3.65163745732059
577.36881666301,437.661170056686,3.60059517120093
297.041615442669,135.514348688606,3.87083409025239
535.90377438769,447.660109396682,3.64656362497658
51.8884902753215,422.014501464266,4.26005231033618
199.419113891017,288.85896753326,3.79378781851655
543.616570965774,259.936535615894,3.64926030268245
174.036172315896,31.6032327591073,4.19022443839122
503.420804497544,351.096410232874,4.39622588770971
33.5717528719478,45.6883817531926,3.56789090343595
540.086866472307,146.082813102174,4.7668657718625
NA,NA,NA
661.856945207063,334.463622841056,3.71576973643361
453.845056392042,294.696669259889,3.41785018733205
9.65702900140655,491.780232285173,3.65896557719182
564.05883171198,53.832491833667,4.04989727816258
70.4736523638032,374.970185865092,4.0637607893739
224.991340488956,415.94618017651,3.93869609416148
429.082693499373,14.897919128565,3.23089284497443
360.688321121058,293.305330638958,3.08263065832325
606.285683794286,105.710506686035,4.249857990994
392.968243483932,228.784826920359,4.05881425636042
569.478737730316,407.750509702051,4.72351225552092
141.004109755593,289.841940478817,4.66930098913285
197.024725161843,373.66973458098,4.07421791535235
124.437578885684,409.817147254995,3.36919315983576
627.774527457651,309.875442429457,4.5117744380315
1.22738787722381,149.84483480928,4.19318948517329
541.958764847133,204.257670796328,4.15053981198285
32.4585247770989,492.069369229904,3.11395507259776
277.836211328092,23.7666107154032,3.95393600402026
536.941833843439,389.822207785705,3.3547177042282
68.9351696707126,78.381877385181,5.13927220461824
2.18122667108947,77.2966289680554,3.51162968665447
589.962249908706,228.90442834348,3.97316819064329
440.712727108268,456.43326602146,4.79875608405817
659.64701600797,372.388992451422,3.18298294005061
101.851905077654,483.809443347971,4.34745392799976
627.219174126583,95.5734599829273,4.03242496453822
416.40450161844,258.499390148404,3.55419601243549
9.76820761160658,180.933530947582,3.23317680636865
71.966324804413,130.789648455348,4.34890890667135
622.362493334954,204.908632624386,4.57877580455657
255.978595479336,218.553300265504,3.65163745732059
577.36881666301,437.661170056686,3.60059517120093
297.041615442669,135.514348688606,3.87083409025239
535.90377438769,447.660109396682,3.64656362497658
51.8884902753215,422.014501464266,4.26005231033618
199.419113891017,288.85896753326,3.79378781851655
543.616570965774,259.936535615894,3.64926030268245
174.036172315896,31.6032327591073,4.19022443839122
503.420804497544,351.096410232874,4.39622588770971
33.5717528719478,45.6883817531926,3.56789090343595
540.086866472307,146.082813102174,4.7668657718625
NA,NA,NA
661.856945207063,334.463622841056,3.71576973643361
453.845056392042,294.696669259889,3.41785018733205
9.65702900140655,491.780232285173,3.65896557719182
564.05883171198,53.832491833667,4.04989727816258
70.4736523638032,374.970185865092,4.0637607893739
224.991340488956,415.94618017651,3.93869609416148
429.082693499373,14.897919128565,3.23089284497443
360.688321121058,293.305330638958,3.08263065832325
606.285683794286,105.710506686035,4.249857990994
392.968243483932,228.784826920359,4.05881425636042
569.478737730316,407.750509702051,4.72351225552092
141.004109755593,289.841940478817,4.66930098913285
197.024725161843,373.66973458098,4.07421791535235
124.437578885684,409.817147254995,3.36919315983576
627.774527457651,309.875442429457,4.5117744380315
1.22738787722381,149.84483480928,4.19318948517329
541.958764847133,204.257670796328,4.15053981198285
32.4585247770989,492.069369229904,3.11395507259776
277.836211328092,23.7666107154032,3.95393600402026
536.941833843439,389.822207785705,3.3547177042282
68.9351696707126,78.381877385181,5.13927220461824
2.18122667108947,77.2966289680554,3.51162968665447
589.962249908706,228.90442834348,3.97316819064329
440.712727108268,456.43326602146,4.79875608405817
659.64701600797,372.388992451422,3.18298294005061
101.851905077654,483.809443347971,4.34745392799976
627.219174126583,95.5734599829273,4.03242496453822
416.40450161844,258.499390148404,3.55419601243549
9.76820761160658,180.933530947582,3.23317680636865
71.966324804413,130.789648455348,4.34890890667135
622.362493334954,204.908632624386,4.57877580455657
255.978595479336,218.553300265504,3.65163745732059
577.36881666301,437.661170056686,3.60059517120093
297.041615442669,135.514348688606,3.87083409025239
535.90377438769,447.660109396682,3.64656362497658
51.8884902753215,422.014501464266,4.26005231033618
199.419113891017,288.85896753326,3.79378781851655
543.616570965774,259.936535615894,3.64926030268245
174.036172315896,31.6032327591073,4.19022443839122
503.420804497544,351.096410232874,4.39622588770971
33.5717528719478,45.6883817531926,3.56789090343595
540.086866472307,146.082813102174,4.7668657718625
NA,NA,NA
662.748966984507,330.926126260308,3.61069552439697
456.168030249498,301.922565655592,3.6405567248217
9.45975167953655,495.218029826994,3.56983508549528
559.018050030521,47.0712129313425,4.21070886757213
69.0652650131711,375.784348452222,3.9345568529348
229.907627324183,412.425643932417,3.76627919368159
427.379112243574,13.9299040717754,3.29461628421045
363.539232687437,290.527012117116,2.99407685394097
604.894809689884,97.335494931334,4.17615748231763
388.043046459224,230.034215963519,4.17874464390616
564.754847494466,416.25614010489,4.67596700713863
139.274499981458,280.14775132222,4.54059582269015
198.702649592287,368.57827296177,3.9804260324404
127.869920212681,410.10013655034,3.44493524148102
618.847010541755,309.82393834961,4.49383753088923
-0.169557365660695,145.914631763451,4.2064927411302
545.400180125395,201.318901719582,4.15450643751203
33.3165655806095,492.699224513988,2.94124260813848
280.377423341206,29.0679060431762,3.85450954242803
530.271296450973,390.917400769503,3.4237755006008
78.5970364747328,76.6276983140363,5.28900030431146
4.4834952906775,77.4583624676308,3.6810146630347
587.904059552071,225.610798508809,4.02142139654311
436.702762266673,458.990045008249,4.78531645735048
658.388109083425,374.532352408481,2.93343477259283
103.677986711866,480.439904443321,4.34807111214622
624.608250305834,89.7066071320366,4.09838119666129
418.717843480167,255.441362025229,3.62531365282918
10.8945624908303,181.451195487894,3.26119896853065
62.6285883427705,110.883492308,4.37144268189289
612.662948627969,213.23171681793,4.50787617981273
254.083251484504,213.136623403317,3.66824486485442
569.966317682121,427.439549156957,3.89643855071253
301.224910857247,136.811637290239,3.77535113527857
531.684887032936,455.023814733308,3.54760544251065
58.6625672851819,406.795433185576,3.78697890156031
200.844621545228,286.101361424029,3.85181262121115
552.713627212389,254.563871728409,3.65469802325505
158.774060590305,21.1616764197609,4.23146653757063
505.927992941221,344.403144698523,4.49406278692383
34.1741125753181,44.5366840844333,3.73042925487392
531.305730651316,140.5239577621,4.53001010308198
NA,NA,NA
662.748966984507,330.926126260308,3.61069552439697
456.168030249498,301.922565655592,3.6405567248217
9.45975167953655,495.218029826994,3.56983508549528
559.018050030521,47.0712129313425,4.21070886757213
69.0652650131711,375.784348452222,3.9345568529348
229.907627324183,412.425643932417,3.76627919368159
427.379112243574,13.9299040717754,3.29461628421045
363.539232687437,290.527012117116,2.99407685394097
604.894809689884,97.335494931334,4.17615748231763
388.043046459224,230.034215963519,4.17874464390616
564.754847494466,416.25614010489,4.67596700713863
139.274499981458,280.14775132222,4.54059582269015
198.702649592287,368.57827296177,3.9804260324404
127.869920212681,410.10013655034,3.44493524148102
618.847010541755,309.82393834961,4.49383753088923
-0.169557365660695,145.914631763451,4.2064927411302
545.400180125395,201.318901719582,4.15450643751203
33.3165655806095,492.699224513988,2.94124260813848
280.377423341206,29.0679060431762,3.85450954242803
530.271296450973,390.917400769503,3.4237755006008
78.5970364747328,76.6276983140363,5.28900030431146
4.4834952906775,77.4583624676308,3.6810146630347
587.904059552071,225.610798508809,4.02142139654311
436.702762266673,458.990045008249,4.78531645735048
658.388109083425,374.532352408481,2.93343477259283
103.677986711866,480.439904443321,4.34807111214622
624.608250305834,89.7066071320366,4.09838119666129
418.717843480167,255.441362025229,3.62531365282918
10.8945624908303,181.451195487894,3.26119896853065
62.6285883427705,110.883492308,4.37144268189289
612.662948627969,213.23171681793,4.50787617981273
254.083251484504,213.136623403317,3.66824486485442
569.966317682121,427.439549156957,3.89643855071253
301.224910857247,136.811637290239,3.77535113527857
531.684887032936,455.023814733308,3.54760544251065
58.6625672851819,406.795433185576,3.78697890156031
200.844621545228,286.101361424029,3.85181262121115
552.713627212389,254.563871728409,3.65469802325505
158.774060590305,21.1616764197609,4.23146653757063
505.927992941221,344.403144698523,4.49406278692383
34.1741125753181,44.5366840844333,3.73042925487392
531.305730651316,140.5239577621,4.53001010308198
NA,NA,NA
662.748966984507,330.926126260308,3.61069552439697
456.168030249498,301.922565655592,3.6405567248217
9.45975167953655,495.218029826994,3.56983508549528
559.018050030521,47.0712129313425,4.21070886757213
69.0652650131711,375.784348452222,3.9345568529348
229.907627324183,412.425643932417,3.76627919368159
427.379112243574,13.9299040717754,3.29461628421045
363.539232687437,290.527012117116,2.99407685394097
604.894809689884,97.335494931334,4.17615748231763
388.043046459224,230.034215963519,4.17874464390616
564.754847494466,416.25614010489,4.67596700713863
139.274499981458,280.14775132222,4.54059582269015
198.702649592287,368.57827296177,3.9804260324404
127.869920212681,410.10013655034,3.44493524148102
618.847010541755,309.82393834961,4.49383753088923
-0.169557365660695,145.914631763451,4.2064927411302
545.400180125395,201.318901719582,4.15450643751203
33.3165655806095,492.699224513988,2.94124260813848
280.377423341206,29.0679060431762,3.85450954242803
530.271296450973,390.917400769503,3.4237755006008
78.5970364747328,76.6276983140363,5.28900030431146
4.4834952906775,77.4583624676308,3.6810146630347
587.904059552071,225.610798508809,4.02142139654311
436.702762266673,458.990045008249,4.78531645735048
658.388109083425,374.532352408481,2.93343477259283
103.677986711866,480.439904443321,4.34807111214622
624.608250305834,89.7066071320366,4.09838119666129
418.717843480167,255.441362025229,3.62531365282918
10.8945624908303,181.451195487894,3.26119896853065
62.6285883427705,110.883492308,4.37144268189289
612.662948627969,213.23171681793,4.50787617981273
254.083251484504,213.136623403317,3.66824486485442
569.966317682121,427.439549156957,3.89643855071253
301.224910857247,136.811637290239,3.77535113527857
531.684887032936,455.023814733308,3.54760544251065
58.6625672851819,406.795433185576,3.78697890156031
200.844621545228,286.101361424029,3.85181262121115
552.713627212389,254.563871728409,3.65469802325505
158.774060590305,21.1616764197609,4.23146653757063
505.927992941221,344.403144698523,4.49406278692383
34.1741125753181,44.5366840844333,3.73042925487392
531.305730651316,140.5239577621,4.53001010308198
NA,NA,NA
662.748966984507,330.926126260308,3.61069552439697
456.168030249498,301.922565655592,3.6405567248217
9.45975167953655,495.218029826994,3.56983508549528
559.018050030521,47.0712129313425,4.21070886757213
69.0652650131711,375.784348452222,3.9345568529348
229.907627324183,412.425643932417,3.76627919368159
427.379112243574,13.9299040717754,3.29461628421045
363.539232687437,290.527012117116,2.99407685394097
604.894809689884,97.335494931334,4.17615748231763
388.043046459224,230.034215963519,4.17874464390616
564.754847494466,416.25614010489,4.67596700713863
139.274499981458,280.14775132222,4.54059582269015
198.702649592287,368.57827296177,3.9804260324404
127.869920212681,410.10013655034,3.44493524148102
618.847010541755,309.82393834961,4.49383753088923
-0.169557365660695,145.914631763451,4.2064927411302
545.400180125395,201.318901719582,4.15450643751203
33.3165655806095,492.699224513988,2.94124260813848
280.377423341206,29.0679060431762,3.85450954242803
530.271296450973,390.917400769503,3.4237755006008
78.5970364747328,76.6276983140363,5.28900030431146
4.4834952906775,77.4583624676308,3.6810146630347
587.904059552071,225.610798508809,4.02142139654311
436.702762266673,458.990045008249,4.78531645735048
658.388109083425,374.532352408481,2.93343477259283
103.677986711866,480.439904443321,4.34807111214622
624.608250305834,89.7066071320366,4.09838119666129
418.717843480167,255.441362025229,3.62531365282918
10.8945624908303,181.451195487894,3.26119896853065
62.6285883427705,110.883492308,4.37144268189289
612.662948627969,213.23171681793,4.50787617981273
254.083251484504,213.136623403317,3.66824486485442
569.966317682121,427.439549156957,3.89643855071253
301.224910857247,136.811637290239,3.77535113527857
531.684887032936,455.023814733308,3.54760544251065
58.6625672851819,406.795433185576,3.78697890156031
200.844621545228,286.101361424029,3.85181262121115
552.713627212389,254.563871728409,3.65469802325505
158.774060590305,21.1616764197609,4.23146653757063
505.927992941221,344.403144698523,4.49406278692383
34.1741125753181,44.5366840844333,3.73042925487392
531.305730651316,140.5239577621,4.53001010308198
NA,NA,NA
662.748966984507,330.926126260308,3.61069552439697
456.168030249498,301.922565655592,3.6405567248217
9.45975167953655,495.218029826994,3.56983508549528
559.018050030521,47.0712129313425,4.21070886757213
69.0652650131711,375.784348452222,3.9345568529348
229.907627324183,412.425643932417,3.76627919368159
427.379112243574,13.9299040717754,3.29461628421045
363.539232687437,290.527012117116,2.99407685394097
604.894809689884,97.335494931334,4.17615748231763
388.043046459224,230.034215963519,4.17874464390616
564.754847494466,416.25614010489,4.67596700713863
139.274499981458,280.14775132222,4.54059582269015
198.702649592287,368.57827296177,3.9804260324404
127.869920212681,410.10013655034,3.44493524148102
618.847010541755,309.82393834961,4.49383753088923
-0.169557365660695,145.914631763451,4.2064927411302
545.400180125395,201.318901719582,4.15450643751203
33.3165655806095,492.699224513988,2.94124260813848
280.377423341206,29.0679060431762,3.85450954242803
530.271296450973,390.917400769503,3.4237755006008
78.5970364747328,76.6276983140363,5.28900030431146
4.4834952906775,77.4583624676308,3.6810146630347
587.904059552071,225.610798508809,4.02142139654311
436.702762266673,458.990045008249,4.78531645735048
658.388109083425,374.532352408481,2.93343477259283
103.677986711866,480.439904443321,4.34807111214622
624.608250305834,89.7066071320366,4.09838119666129
418.717843480167,255.441362025229,3.62531365282918
10.8945624908303,181.451195487894,3.26119896853065
62.6285883427705,110.883492308,4.37144268189289
612.662948627969,213.23171681793,4.50787617981273
254.083251484504,213.136623403317,3.66824486485442
569.966317682121,427.439549156957,3.89643855071253
301.224910857247,136.811637290239,3.77535113527857
531.684887032936,455.023814733308,3.54760544251065
58.6625672851819,406.795433185576,3.78697890156031
200.844621545228,286.101361424029,3.85181262121115
552.713627212389,254.563871728409,3.65469802325505
158.774060590305,21.1616764197609,4.23146653757063
505.927992941221,344.403144698523,4.49406278692383
34.1741125753181,44.5366840844333,3.73042925487392
531.305730651316,140.5239577621,4.53001010308198
NA,NA,NA
662.748966984507,330.926126260308,3.61069552439697
456.168030249498,301.922565655592,3.6405567248217
9.45975167953655,495.218029826994,3.56983508549528
559.018050030521,47.0712129313425,4.21070886757213
69.0652650131711,375.784348452222,3.9345568529348
229.907627324183,412.425643932417,3.76627919368159
427.379112243574,13.9299040717754,3.29461628421045
363.539232687437,290.527012117116,2.99407685394097
604.894809689884,97.335494931334,4.17615748231763
388.043046459224,230.034215963519,4.17874464390616
564.754847494466,416.25614010489,4.67596700713863
139.274499981458,280.14775132222,4.54059582269015
198.702649592287,368.57827296177,3.9804260324404
127.869920212681,410.10013655034,3.44493524148102
618.847010541755,309.82393834961,4.49383753088923
-0.169557365660695,145.914631763451,4.2064927411302
545.400180125395,201.318901719582,4.15450643751203
33.3165655806095,492.699224513988,2.94124260813848
280.377423341206,29.0679060431762,3.85450954242803
530.271296450973,390.917400769503,3.4237755006008
78.5970364747328,76.6276983140363,5.28900030431146
4.4834952906775,77.4583624676308,3.6810146630347
587.904059552071,225.610798508809,4.02142139654311
436.702762266673,458.990045008249,4.78531645735048
658.388109083425,374.532352408481,2.93343477259283
103.677986711866,480.439904443321,4.34807111214622
624.608250305834,89.7066071320366,4.09838119666129
418.717843480167,255.441362025229,3.62531365282918
10.8945624908303,181.451195487894,3.26119896853065
62.6285883427705,110.883492308,4.37144268189289
612.662948627969,213.23171681793,4.50787617981273
254.083251484504,213.136623403317,3.66824486485442
569.966317682121,427.439549156957,3.89643855071253
301.224910857247,136.811637290239,3.77535113527857
531.684887032936,455.023814733308,3.54760544251065
58.6625672851819,406.795433185576,3.78697890156031
200.844621545228,286.101361424029,3.85181262121115
552.713627212389,254.563871728409,3.65469802325505
158.774060590305,21.1616764197609,4.23146653757063
505.927992941221,344.403144698523,4.49406278692383
34.1741125753181,44.5366840844333,3.73042925487392
531.305730651316,140.5239577621,4.53001010308198
NA,NA,NA
662.934494601941,332.788462131934,3.51651259788107
460.281867451055,299.305529206765,3.43484069585201
7.64028168302379,492.968657625404,3.66339368127683
559.387089464426,55.179163312598,4.18861696506486
69.0526975703764,377.423540027201,3.95910795661907
226.041535865717,420.050382222464,3.86970531892485
429.479397102547,12.2146495855757,3.19340406626287
361.722026343803,292.46361791792,3.20567488700125
602.874944499556,109.697415184209,4.23297370544307
392.452802744817,233.0628823339,4.23946312381097
567.200829347639,409.890940628094,4.7119311692173
137.000572029899,282.980576019515,4.63505968187767
199.244481342041,368.890775214378,4.06729188237886
123.78896238456,409.598043390625,3.36101955296344
629.386617633401,309.248756365723,4.50134090399668
3.97207543767068,146.848700988525,4.35709130265091
543.779670249497,200.774215390813,4.27838609403342
34.9410241930844,493.381787610717,2.97240460168342
280.40468993749,23.0446974064373,3.80882279553887
533.93389681019,394.312791641279,3.3681455731918
69.8853259639084,81.9567423096828,5.33774862547589
7.04832329674173,75.2824184301947,3.30966206212465
591.624503514513,222.838292727493,3.97351834241837
437.639767911079,459.158323245163,4.69978530725926
659.240415492627,371.716123645727,2.98280492100897
104.130238288662,489.660714610742,4.26705786568525
621.887651429076,91.0162639673306,4.09545248394978
422.083108498464,258.40896447575,3.69739520468901
12.539432498348,182.550084765332,3.1586603671049
69.116869349939,123.344524777075,4.36218980225956
607.072953036515,221.521642521809,4.07879473337852
246.686152113867,219.891119255239,3.9266881853528
575.291366193893,434.777545201436,3.91229759951078
299.749372152237,131.952952727614,3.91736727446087
528.741535795693,455.973746221095,3.53392994144301
46.389885266168,425.495928521279,3.67874125568628
204.3149360682,296.873687362779,3.79696917221405
545.178562798829,256.588798794236,3.51183140594451
167.844151513001,26.8132167484322,4.3028462868961
494.952124841542,350.560065461941,4.30058395710461
47.5501102170875,52.699842106302,3.61000460271341
525.267892666418,151.164885134922,4.64376006069549
NA,NA,NA
662.934494601941,332.788462131934,3.51651259788107
460.281867451055,299.305529206765,3.43484069585201
7.64028168302379,492.968657625404,3.66339368127683
559.387089464426,55.179163312598,4.18861696506486
69.0526975703764,377.423540027201,3.95910795661907
226.041535865717,420.050382222464,3.86970531892485
429.479397102547,12.2146495855757,3.19340406626287
361.722026343803,292.46361791792,3.20567488700125
602.874944499556,109.697415184209,4.23297370544307
392.452802744817,233.0628823339,4.23946312381097
567.200829347639,409.890940628094,4.7119311692173
137.000572029899,282.980576019515,4.63505968187767
199.244481342041,368.890775214378,4.06729188237886
123.78896238456,409.598043390625,3.36101955296344
629.386617633401,309.248756365723,4.50134090399668
3.97207543767068,146.848700988525,4.35709130265091
543.779670249497,200.774215390813,4.27838609403342
34.9410241930844,493.381787610717,2.97240460168342
280.40468993749,23.0446974064373,3.80882279553887
533.93389681019,394.312791641279,3.3681455731918
69.8853259639084,81.9567423096828,5.33774862547589
7.04832329674173,75.2824184301947,3.30966206212465
591.624503514513,222.838292727493,3.97351834241837
437.639767911079,459.158323245163,4.69978530725926
659.240415492627,371.716123645727,2.98280492100897
104.130238288662,489.660714610742,4.26705786568525
621.887651429076,91.0162639673306,4.09545248394978
422.083108498464,258.40896447575,3.69739520468901
12.539432498348,182.550084765332,3.1586603671049
69.116869349939,123.344524777075,4.36218980225956
607.072953036515,221.521642521809,4.07879473337852
246.686152113867,219.891119255239,3.9266881853528
575.291366193893,434.777545201436,3.91229759951078
299.749372152237,131.952952727614,3.91736727446087
528.741535795693,455.973746221095,3.53392994144301
46.389885266168,425.495928521279,3.67874125568628
204.3149360682,296.873687362779,3.79696917221405
545.178562798829,256.588798794236,3.51183140594451
167.844151513001,26.8132167484322,4.3028462868961
494.952124841542,350.560065461941,4.30058395710461
47.5501102170875,52.699842106302,3.61000460271341
525.267892666418,151.164885134922,4.64376006069549
NA,NA,NA
662.934494601941,332.788462131934,3.51651259788107
460.281867451055,299.305529206765,3.43484069585201
7.64028168302379,492.968657625404,3.66339368127683
559.387089464426,55.179163312598,4.18861696506486
69.0526975703764,377.423540027201,3.95910795661907
226.041535865717,420.050382222464,3.86970531892485
429.479397102547,12.2146495855757,3.19340406626287
361.722026343803,292.46361791792,3.20567488700125
602.874944499556,109.697415184209,4.23297370544307
392.452802744817,233.0628823339,4.23946312381097
567.200829347639,409.890940628094,4.7119311692173
137.000572029899,282.980576019515,4.63505968187767
199.244481342041,368.890775214378,4.06729188237886
123.78896238456,409.598043390625,3.36101955296344
629.386617633401,309.248756365723,4.50134090399668
3.97207543767068,146.848700988525,4.35709130265091
543.779670249497,200.774215390813,4.27838609403342
34.9410241930844,493.381787610717,2.97240460168342
280.40468993749,23.0446974064373,3.80882279553887
533.93389681019,394.312791641279,3.3681455731918
69.8853259639084,81.9567423096828,5.33774862547589
7.04832329674173,75.2824184301947,3.30966206212465
591.624503514513,222.838292727493,3.97351834241837
437.639767911079,459.158323245163,4.69978530725926
659.240415492627,371.716123645727,2.98280492100897
104.130238288662,489.660714610742,4.26705786568525
621.887651429076,91.0162639673306,4.09545248394978
422.083108498464,258.40896447575,3.69739520468901
12.539432498348,182.550084765332,3.1586603671049
69.116869349939,123.344524777075,4.36218980225956
607.072953036515,221.521642521809,4.07879473337852
246.686152113867,219.891119255239,3.9266881853528
575.291366193893,434.777545201436,3.91229759951078
299.749372152237,131.952952727614,3.91736727446087
528.741535795693,455.973746221095,3.53392994144301
46.389885266168,425.495928521279,3.67874125568628
204.3149360682,296.873687362779,3.79696917221405
545.178562798829,256.588798794236,3.51183140594451
167.844151513001,26.8132167484322,4.3028462868961
494.952124841542,350.560065461941,4.30058395710461
47.5501102170875,52.699842106302,3.61000460271341
525.267892666418,151.164885134922,4.64376006069549
NA,NA,NA
662.934494601941,332.788462131934,3.51651259788107
460.281867451055,299.305529206765,3.43484069585201
7.64028168302379,492.968657625404,3.66339368127683
559.387089464426,55.179163312598,4.18861696506486
69.0526975703764,377.423540027201,3.95910795661907
226.041535865717,420.050382222464,3.86970531892485
429.479397102547,12.2146495855757,3.19340406626287
361.722026343803,292.46361791792,3.20567488700125
602.874944499556,109.697415184209,4.23297370544307
392.452802744817,233.0628823339,4.23946312381097
567.200829347639,409.890940628094,4.7119311692173
137.000572029899,282.980576019515,4.63505968187767
199.244481342041,368.890775214378,4.06729188237886
123.78896238456,409.598043390625,3.36101955296344
629.386617633401,309.248756365723,4.50134090399668
3.97207543767068,146.848700988525,4.35709130265091
543.779670249497,200.774215390813,4.27838609403342
34.9410241930844,493.381787610717,2.97240460168342
280.40468993749,23.0446974064373,3.80882279553887
533.93389681019,394.312791641279,3.3681455731918
69.8853259639084,81.9567423096828,5.33774862547589
7.04832329674173,75.2824184301947,3.30966206212465
591.624503514513,222.838292727493,3.97351834241837
437.639767911079,459.158323245163,4.69978530725926
659.240415492627,371.716123645727,2.98280492100897
104.130238288662,489.660714610742,4.26705786568525
621.887651429076,91.0162639673306,4.09545248394978
422.083108498464,258.40896447575,3.69739520468901
12.539432498348,182.550084765332,3.1586603671049
69.116869349939,123.344524777075,4.36218980225956
607.072953036515,221.521642521809,4.07879473337852
246.686152113867,219.891119255239,3.9266881853528
575.291366193893,434.777545201436,3.91229759951078
299.749372152237,131.952952727614,3.91736727446087
528.741535795693,455.973746221095,3.53392994144301
46.389885266168,425.495928521279,3.67874125568628
204.3149360682,296.873687362779,3.79696917221405
545.178562798829,256.588798794236,3.51183140594451
167.844151513001,26.8132167484322,4.3028462868961
494.952124841542,350.560065461941,4.30058395710461
47.5501102170875,52.699842106302,3.61000460271341
525.267892666418,151.164885134922,4.64376006069549
NA,NA,NA
662.934494601941,332.788462131934,3.51651259788107
460.281867451055,299.305529206765,3.43484069585201
7.64028168302379,492.968657625404,3.66339368127683
559.387089464426,55.179163312598,4.18861696506486
69.0526975703764,377.423540027201,3.95910795661907
226.041535865717,420.050382222464,3.86970531892485
429.479397102547,12.2146495855757,3.19340406626287
361.722026343803,292.46361791792,3.20567488700125
602.874944499556,109.697415184209,4.23297370544307
392.452802744817,233.0628823339,4.23946312381097
567.200829347639,409.890940628094,4.7119311692173
137.000572029899,282.980576019515,4.63505968187767
199.244481342041,368.890775214378,4.06729188237886
123.78896238456,409.598043390625,3.36101955296344
629.386617633401,309.248756365723,4.50134090399668
3.97207543767068,146.848700988525,4.35709130265091
543.779670249497,200.774215390813,4.27838609403342
34.9410241930844,493.381787610717,2.97240460168342
280.40468993749,23.0446974064373,3.80882279553887
533.93389681019,394.312791641279,3.3681455731918
69.8853259639084,81.9567423096828,5.33774862547589
7.04832329674173,75.2824184301947,3.30966206212465
591.624503514513,222.838292727493,3.97351834241837
437.639767911079,459.158323245163,4.69978530725926
659.240415492627,371.716123645727,2.98280492100897
104.130238288662,489.660714610742,4.26705786568525
621.887651429076,91.0162639673306,4.09545248394978
422.083108498464,258.40896447575,3.69739520468901
12.539432498348,182.550084765332,3.1586603671049
69.116869349939,123.344524777075,4.36218980225956
607.072953036515,221.521642521809,4.07879473337852
246.686152113867,219.891119255239,3.9266881853528
575.291366193893,434.777545201436,3.91229759951078
299.749372152237,131.952952727614,3.91736727446087
528.741535795693,455.973746221095,3.53392994144301
46.389885266168,425.495928521279,3.67874125568628
204.3149360682,296.873687362779,3.79696917221405
545.178562798829,256.588798794236,3.51183140594451
167.844151513001,26.8132167484322,4.3028462868961
494.952124841542,350.560065461941,4.30058395710461
47.5501102170875,52.699842106302,3.61000460271341
525.267892666418,151.164885134922,4.64376006069549
NA,NA,NA
662.934494601941,332.788462131934,3.51651259788107
460.281867451055,299.305529206765,3.43484069585201
7.64028168302379,492.968657625404,3.66339368127683
559.387089464426,55.179163312598,4.18861696506486
69.0526975703764,377.423540027201,3.95910795661907
226.041535865717,420.050382222464,3.86970531892485
429.479397102547,12.2146495855757,3.19340406626287
361.722026343803,292.46361791792,3.20567488700125
602.874944499556,109.697415184209,4.23297370544307
392.452802744817,233.0628823339,4.23946312381097
567.200829347639,409.890940628094,4.7119311692173
137.000572029899,282.980576019515,4.63505968187767
199.244481342041,368.890775214378,4.06729188237886
123.78896238456,409.598043390625,3.36101955296344
629.386617633401,309.248756365723,4.50134090399668
3.97207543767068,146.848700988525,4.35709130265091
543.779670249497,200.774215390813,4.27838609403342
34.9410241930844,493.381787610717,2.97240460168342
280.40468993749,23.0446974064373,3.80882279553887
533.93389681019,394.312791641279,3.3681455731918
69.8853259639084,81.9567423096828,5.33774862547589
7.04832329674173,75.2824184301947,3.30966206212465
591.624503514513,222.838292727493,3.97351834241837
437.639767911079,459.158323245163,4.69978530725926
659.240415492627,371.716123645727,2.98280492100897
104.130238288662,489.660714610742,4.26705786568525
621.887651429076,91.0162639673306,4.09545248394978
422.083108498464,258.40896447575,3.69739520468901
12.539432498348,182.550084765332,3.1586603671049
69.116869349939,123.344524777075,4.36218980225956
607.072953036515,221.521642521809,4.07879473337852
246.686152113867,219.891119255239,3.9266881853528
575.291366193893,434.777545201436,3.91229759951078
299.749372152237,131.952952727614,3.91736727446087
528.741535795693,455.973746221095,3.53392994144301
46.389885266168,425.495928521279,3.67874125568628
204.3149360682,296.873687362779,3.79696917221405
545.178562798829,256.588798794236,3.51183140594451
167.844151513001,26.8132167484322,4.3028462868961
494.952124841542,350.560065461941,4.30058395710461
47.5501102170875,52.699842106302,3.61000460271341
525.267892666418,151.164885134922,4.64376006069549
NA,NA,NA
665.560719984605,337.475163323437,3.49013817687249
459.765268474934,299.401537085702,3.5618321194691
10.1479801809163,495.483010493513,3.6607273975366
560.518535913663,50.88233113269,4.22559778795738
71.545827924915,370.994202204102,3.96736374272996
231.370159489965,414.339862129368,3.98640106948264
430.356026262725,12.9146054917685,3.24555964036947
362.233018396248,294.195870498293,3.07680795668068
604.155152277166,109.688557350273,4.06541419544418
392.710850318727,234.641182899711,4.2466816428388
567.151831367471,407.912344642358,4.68519910763136
143.612620226058,280.615547268696,4.63879699802719
204.987030367823,370.526137528615,3.98824218015631
119.670819687568,410.331442840315,3.34882260885141
624.032084408648,318.537163384676,4.53849755480366
5.36811514771332,142.768793424359,4.30930720879446
541.371070272649,198.865446504498,4.33431260586408
33.2532414575,494.231226486048,2.94956465487808
284.077408330315,24.5580636218679,3.83911404018396
529.179706836418,393.888557405449,3.34818303597824
69.7205535632369,72.8712257480532,5.28266352908507
8.16550123229022,73.8966425188142,3.46397551557927
591.671287351323,223.861967516658,4.07370188570092
444.194472360402,460.220782358031,4.76926669977877
657.37446480816,371.586788874224,3.16291965742909
102.084095538168,492.519692859956,4.32518301840056
626.218648922132,90.3909029455061,4.14639251584397
417.927369818698,260.138975563955,3.59370689820235
10.021009638111,183.753343171007,3.08121033484704
57.501042821512,117.500019528638,4.46408762844817
607.467564993828,204.971223316622,4.52822406463694
255.259778466488,223.979053995548,3.72545280984468
571.277330757314,438.359832972383,4.03671835143177
304.001562029807,130.310767069162,3.97021046993395
526.867528607561,461.955900310502,3.36431040720009
41.9221014835068,407.749506931036,3.87907139771381
198.150610655065,284.25936622366,3.86343753849244
550.522098034237,264.269877928082,3.86276882180435
188.297292862335,22.3327374061808,4.09834340139576
498.441357251509,338.116770365679,4.91884330139755
34.4360839974665,56.9819278290995,3.69755793539601
520.908683220529,172.213744375338,4.88534719040641
NA,NA,NA
665.560719984605,337.475163323437,3.49013817687249
459.765268474934,299.401537085702,3.5618321194691
10.1479801809163,495.483010493513,3.6607273975366
560.518535913663,50.88233113269,4.22559778795738
71.545827924915,370.994202204102,3.96736374272996
231.370159489965,414.339862129368,3.98640106948264
430.356026262725,12.9146054917685,3.24555964036947
362.233018396248,294.195870498293,3.07680795668068
604.155152277166,109.688557350273,4.06541419544418
392.710850318727,234.641182899711,4.2466816428388
567.151831367471,407.912344642358,4.68519910763136
143.612620226058,280.615547268696,4.63879699802719
204.987030367823,370.526137528615,3.98824218015631
119.670819687568,410.331442840315,3.34882260885141
624.032084408648,318.537163384676,4.53849755480366
5.36811514771332,142.768793424359,4.30930720879446
541.371070272649,198.865446504498,4.33431260586408
33.2532414575,494.231226486048,2.94956465487808
284.077408330315,24.5580636218679,3.83911404018396
529.179706836418,393.888557405449,3.34818303597824
69.7205535632369,72.8712257480532,5.28266352908507
8.16550123229022,73.8966425188142,3.46397551557927
591.671287351323,223.861967516658,4.07370188570092
444.194472360402,460.220782358031,4.76926669977877
657.37446480816,371.586788874224,3.16291965742909
102.084095538168,492.519692859956,4.32518301840056
626.218648922132,90.3909029455061,4.14639251584397
417.927369818698,260.138975563955,3.59370689820235
10.021009638111,183.753343171007,3.08121033484704
57.501042821512,117.500019528638,4.46408762844817
607.467564993828,204.971223316622,4.52822406463694
255.259778466488,223.979053995548,3.72545280984468
571.277330757314,438.359832972383,4.03671835143177
304.001562029807,130.310767069162,3.97021046993395
526.867528607561,461.955900310502,3.36431040720009
41.9221014835068,407.749506931036,3.87907139771381
198.150610655065,284.25936622366,3.86343753849244
550.522098034237,264.269877928082,3.86276882180435
188.297292862335,22.3327374061808,4.09834340139576
498.441357251509,338.116770365679,4.91884330139755
34.4360839974665,56.9819278290995,3.69755793539601
520.908683220529,172.213744375338,4.88534719040641
NA,NA,NA
665.560719984605,337.475163323437,3.49013817687249
459.765268474934,299.401537085702,3.5618321194691
10.1479801809163,495.483010493513,3.6607273975366
560.518535913663,50.88233113269,4.22559778795738
71.545827924915,370.994202204102,3.96736374272996
231.370159489965,414.339862129368,3.98640106948264
430.356026262725,12.9146054917685,3.24555964036947
362.233018396248,294.195870498293,3.07680795668068
604.155152277166,109.688557350273,4.06541419544418
392.710850318727,234.641182899711,4.2466816428388
567.151831367471,407.912344642358,4.68519910763136
143.612620226058,280.615547268696,4.63879699802719
204.987030367823,370.526137528615,3.98824218015631
119.670819687568,410.331442840315,3.34882260885141
624.032084408648,318.537163384676,4.53849755480366
5.36811514771332,142.768793424359,4.30930720879446
541.371070272649,198.865446504498,4.33431260586408
33.2532414575,494.231226486048,2.94956465487808
284.077408330315,24.5580636218679,3.83911404018396
529.179706836418,393.888557405449,3.34818303597824
69.7205535632369,72.8712257480532,5.28266352908507
8.16550123229022,73.8966425188142,3.46397551557927
591.671287351323,223.861967516658,4.07370188570092
444.194472360402,460.220782358031,4.76926669977877
657.37446480816,371.586788874224,3.16291965742909
102.084095538168,492.519692859956,4.32518301840056
626.218648922132,90.3909029455061,4.14639251584397
417.927369818698,260.138975563955,3.59370689820235
10.021009638111,183.753343171007,3.08121033484704
57.501042821512,117.500019528638,4.46408762844817
607.467564993828,204.971223316622,4.52822406463694
255.259778466488,223.979053995548,3.72545280984468
571.277330757314,438.359832972383,4.03671835143177
304.001562029807,130.310767069162,3.97021046993395
526.867528607561,461.955900310502,3.36431040720009
41.9221014835068,407.749506931036,3.87907139771381
198.150610655065,284.25936622366,3.86343753849244
550.522098034237,264.269877928082,3.86276882180435
188.297292862335,22.3327374061808,4.09834340139576
498.441357251509,338.116770365679,4.91884330139755
34.4360839974665,56.9819278290995,3.69755793539601
520.908683220529,172.213744375338,4.88534719040641
NA,NA,NA
665.560719984605,337.475163323437,3.49013817687249
459.765268474934,299.401537085702,3.5618321194691
10.1479801809163,495.483010493513,3.6607273975366
560.518535913663,50.88233113269,4.22559778795738
71.545827924915,370.994202204102,3.96736374272996
231.370159489965,414.339862129368,3.98640106948264
430.356026262725,12.9146054917685,3.24555964036947
362.233018396248,294.195870498293,3.07680795668068
604.155152277166,109.688557350273,4.06541419544418
392.710850318727,234.641182899711,4.2466816428388
567.151831367471,407.912344642358,4.68519910763136
143.612620226058,280.615547268696,4.63879699802719
204.987030367823,370.526137528615,3.98824218015631
119.670819687568,410.331442840315,3.34882260885141
624.032084408648,318.537163384676,4.53849755480366
5.36811514771332,142.768793424359,4.30930720879446
541.371070272649,198.865446504498,4.33431260586408
33.2532414575,494.231226486048,2.94956465487808
284.077408330315,24.5580636218679,3.83911404018396
529.179706836418,393.888557405449,3.34818303597824
69.7205535632369,72.8712257480532,5.28266352908507
8.16550123229022,73.8966425188142,3.46397551557927
591.671287351323,223.861967516658,4.07370188570092
444.194472360402,460.220782358031,4.76926669977877
657.37446480816,371.586788874224,3.16291965742909
102.084095538168,492.519692859956,4.32518301840056
626.218648922132,90.3909029455061,4.14639251584397
417.927369818698,260.138975563955,3.59370689820235
10.021009638111,183.753343171007,3.08121033484704
57.501042821512,117.500019528638,4.46408762844817
607.467564993828,204.971223316622,4.52822406463694
255.259778466488,223.979053995548,3.72545280984468
571.277330757314,438.359832972383,4.03671835143177
304.001562029807,130.310767069162,3.97021046993395
526.867528607561,461.955900310502,3.36431040720009
41.9221014835068,407.749506931036,3.87907139771381
198.150610655065,284.25936622366,3.86343753849244
550.522098034237,264.269877928082,3.86276882180435
188.297292862335,22.3327374061808,4.09834340139576
498.441357251509,338.116770365679,4.91884330139755
34.4360839974665,56.9819278290995,3.69755793539601
520.908683220529,172.213744375338,4.88534719040641
NA,NA,NA
665.560719984605,337.475163323437,3.49013817687249
459.765268474934,299.401537085702,3.5618321194691
10.1479801809163,495.483010493513,3.6607273975366
560.518535913663,50.88233113269,4.22559778795738
71.545827924915,370.994202204102,3.96736374272996
231.370159489965,414.339862129368,3.98640106948264
430.356026262725,12.9146054917685,3.24555964036947
362.233018396248,294.195870498293,3.07680795668068
604.155152277166,109.688557350273,4.06541419544418
392.710850318727,234.641182899711,4.2466816428388
567.151831367471,407.912344642358,4.68519910763136
143.612620226058,280.615547268696,4.63879699802719
204.987030367823,370.526137528615,3.98824218015631
119.670819687568,410.331442840315,3.34882260885141
624.032084408648,318.537163384676,4.53849755480366
5.36811514771332,142.768793424359,4.30930720879446
541.371070272649,198.865446504498,4.33431260586408
33.2532414575,494.231226486048,2.94956465487808
284.077408330315,24.5580636218679,3.83911404018396
529.179706836418,393.888557405449,3.34818303597824
69.7205535632369,72.8712257480532,5.28266352908507
8.16550123229022,73.8966425188142,3.46397551557927
591.671287351323,223.861967516658,4.07370188570092
444.194472360402,460.220782358031,4.76926669977877
657.37446480816,371.586788874224,3.16291965742909
102.084095538168,492.519692859956,4.32518301840056
626.218648922132,90.3909029455061,4.14639251584397
417.927369818698,260.138975563955,3.59370689820235
10.021009638111,183.753343171007,3.08121033484704
57.501042821512,117.500019528638,4.46408762844817
607.467564993828,204.971223316622,4.52822406463694
255.259778466488,223.979053995548,3.72545280984468
571.277330757314,438.359832972383,4.03671835143177
304.001562029807,130.310767069162,3.97021046993395
526.867528607561,461.955900310502,3.36431040720009
41.9221014835068,407.749506931036,3.87907139771381
198.150610655065,284.25936622366,3.86343753849244
550.522098034237,264.269877928082,3.86276882180435
188.297292862335,22.3327374061808,4.09834340139576
498.441357251509,338.116770365679,4.91884330139755
34.4360839974665,56.9819278290995,3.69755793539601
520.908683220529,172.213744375338,4.88534719040641
NA,NA,NA
665.560719984605,337.475163323437,3.49013817687249
459.765268474934,299.401537085702,3.5618321194691
10.1479801809163,495.483010493513,3.6607273975366
560.518535913663,50.88233113269,4.22559778795738
71.545827924915,370.994202204102,3.96736374272996
231.370159489965,414.339862129368,3.98640106948264
430.356026262725,12.9146054917685,3.24555964036947
362.233018396248,294.195870498293,3.07680795668068
604.155152277166,109.688557350273,4.06541419544418
392.710850318727,234.641182899711,4.2466816428388
567.151831367471,407.912344642358,4.68519910763136
143.612620226058,280.615547268696,4.63879699802719
204.987030367823,370.526137528615,3.98824218015631
119.670819687568,410.331442840315,3.34882260885141
624.032084408648,318.537163384676,4.53849755480366
5.36811514771332,142.768793424359,4.30930720879446
541.371070272649,198.865446504498,4.33431260586408
33.2532414575,494.231226486048,2.94956465487808
284.077408330315,24.5580636218679,3.83911404018396
529.179706836418,393.888557405449,3.34818303597824
69.7205535632369,72.8712257480532,5.28266352908507
8.16550123229022,73.8966425188142,3.46397551557927
591.671287351323,223.861967516658,4.07370188570092
444.194472360402,460.220782358031,4.76926669977877
657.37446480816,371.586788874224,3.16291965742909
102.084095538168,492.519692859956,4.32518301840056
626.218648922132,90.3909029455061,4.14639251584397
417.927369818698,260.138975563955,3.59370689820235
10.021009638111,183.753343171007,3.08121033484704
57.501042821512,117.500019528638,4.46408762844817
607.467564993828,204.971223316622,4.52822406463694
255.259778466488,223.979053995548,3.72545280984468
571.277330757314,438.359832972383,4.03671835143177
304.001562029807,130.310767069162,3.97021046993395
526.867528607561,461.955900310502,3.36431040720009
41.9221014835068,407.749506931036,3.87907139771381
198.150610655065,284.25936622366,3.86343753849244
550.522098034237,264.269877928082,3.86276882180435
188.297292862335,22.3327374061808,4.09834340139576
498.441357251509,338.116770365679,4.91884330139755
34.4360839974665,56.9819278290995,3.69755793539601
520.908683220529,172.213744375338,4.88534719040641
NA,NA,NA
665.567024088896,335.577439579516,3.5043936951368
456.241253417258,293.548565938789,3.64293917641971
9.66880308149944,491.760103012436,3.81613151568955
561.486531157813,55.7137792186356,4.16407689914244
69.3667962461513,380.74901118633,3.85067054972291
232.143008759107,410.957737030151,3.8501850289115
428.723687849872,14.9841688028578,3.29569688423097
362.352382588946,293.62510469913,3.08684896546257
608.855614384165,109.938970354228,4.36929559754932
391.640203631144,227.394322704469,4.24917579296754
566.767876093095,411.310212183333,4.76736048551732
140.131298624403,275.708927646267,4.57406751677217
198.236325444133,365.393759407218,3.9621269056384
122.836615534897,412.296842600001,3.31766623315881
628.314575545678,309.913719241465,4.48186630681252
-2.25228390765893,145.564090253856,4.29870913822433
543.263047642655,207.115407166353,4.08483455792503
33.2949175737066,490.154031543842,2.96761028524232
281.752770213016,21.223509518366,4.01798751238449
533.739737873396,396.015658075085,3.44959954042984
71.9228137329151,72.947391436696,5.24383478907393
4.44511157714799,77.5905094941296,3.64423052710134
589.232810383692,227.967062566359,3.96277896492833
441.375342204638,458.840422018534,4.81068352314972
659.289882074098,374.14011263422,3.13996949684238
104.320923889164,485.160922544456,4.30208695157667
625.312531522503,90.3228006646994,4.11568286037078
424.620165394149,259.478772974577,3.58227914761919
12.0959546298347,181.506700101449,3.22677172384008
70.9540376303149,112.831976178766,4.26176397282533
614.521428475765,191.623733449065,4.54933167852492
253.311554860515,211.379734656047,3.73903136873226
581.544313977969,426.758528896764,3.76717074218073
295.265466491132,140.503161415828,4.07976336803261
524.808029635476,457.942088914349,3.65796647932713
46.6226923472782,422.448551803023,3.8872426794476
194.594769406443,286.332594645206,3.84586394350806
546.309476621429,261.597265353218,3.59162364728269
158.805119713237,25.6454822552895,4.43398544615386
499.644467574131,338.333753104091,4.43378758184188
27.9594929882495,52.6726474468774,3.66142352475929
524.022471448349,158.180619702915,4.80997914350305
NA,NA,NA
665.567024088896,335.577439579516,3.5043936951368
456.241253417258,293.548565938789,3.64293917641971
9.66880308149944,491.760103012436,3.81613151568955
561.486531157813,55.7137792186356,4.16407689914244
69.3667962461513,380.74901118633,3.85067054972291
232.143008759107,410.957737030151,3.8501850289115
428.723687849872,14.9841688028578,3.29569688423097
362.352382588946,293.62510469913,3.08684896546257
608.855614384165,109.938970354228,4.36929559754932
391.640203631144,227.394322704469,4.24917579296754
566.767876093095,411.310212183333,4.76736048551732
140.131298624403,275.708927646267,4.57406751677217
198.236325444133,365.393759407218,3.9621269056384
122.836615534897,412.296842600001,3.31766623315881
628.314575545678,309.913719241465,4.48186630681252
-2.25228390765893,145.564090253856,4.29870913822433
543.263047642655,207.115407166353,4.08483455792503
33.2949175737066,490.154031543842,2.96761028524232
281.752770213016,21.223509518366,4.01798751238449
533.739737873396,396.015658075085,3.44959954042984
71.9228137329151,72.947391436696,5.24383478907393
4.44511157714799,77.5905094941296,3.64423052710134
589.232810383692,227.967062566359,3.96277896492833
441.375342204638,458.840422018534,4.81068352314972
659.289882074098,374.14011263422,3.13996949684238
104.320923889164,485.160922544456,4.30208695157667
625.312531522503,90.3228006646994,4.11568286037078
424.620165394149,259.478772974577,3.58227914761919
12.0959546298347,181.506700101449,3.22677172384008
70.9540376303149,112.831976178766,4.26176397282533
614.521428475765,191.623733449065,4.54933167852492
253.311554860515,211.379734656047,3.73903136873226
581.544313977969,426.758528896764,3.76717074218073
295.265466491132,140.503161415828,4.07976336803261
524.808029635476,457.942088914349,3.65796647932713
46.6226923472782,422.448551803023,3.8872426794476
194.594769406443,286.332594645206,3.84586394350806
546.309476621429,261.597265353218,3.59162364728269
158.805119713237,25.6454822552895,4.43398544615386
499.644467574131,338.333753104091,4.43378758184188
27.9594929882495,52.6726474468774,3.66142352475929
524.022471448349,158.180619702915,4.80997914350305
NA,NA,NA
665.567024088896,335.577439579516,3.5043936951368
456.241253417258,293.548565938789,3.64293917641971
9.66880308149944,491.760103012436,3.81613151568955
561.486531157813,55.7137792186356,4.16407689914244
69.3667962461513,380.74901118633,3.85067054972291
232.143008759107,410.957737030151,3.8501850289115
428.723687849872,14.9841688028578,3.29569688423097
362.352382588946,293.62510469913,3.08684896546257
608.855614384165,109.938970354228,4.36929559754932
391.640203631144,227.394322704469,4.24917579296754
566.767876093095,411.310212183333,4.76736048551732
140.131298624403,275.708927646267,4.57406751677217
198.236325444133,365.393759407218,3.9621269056384
122.836615534897,412.296842600001,3.31766623315881
628.314575545678,309.913719241465,4.48186630681252
-2.25228390765893,145.564090253856,4.29870913822433
543.263047642655,207.115407166353,4.08483455792503
33.2949175737066,490.154031543842,2.96761028524232
281.752770213016,21.223509518366,4.01798751238449
533.739737873396,396.015658075085,3.44959954042984
71.9228137329151,72.947391436696,5.24383478907393
4.44511157714799,77.5905094941296,3.64423052710134
589.232810383692,227.967062566359,3.96277896492833
441.375342204638,458.840422018534,4.81068352314972
659.289882074098,374.14011263422,3.13996949684238
104.320923889164,485.160922544456,4.30208695157667
625.312531522503,90.3228006646994,4.11568286037078
424.620165394149,259.478772974577,3.58227914761919
12.0959546298347,181.506700101449,3.22677172384008
70.9540376303149,112.831976178766,4.26176397282533
614.521428475765,191.623733449065,4.54933167852492
253.311554860515,211.379734656047,3.73903136873226
581.544313977969,426.758528896764,3.76717074218073
295.265466491132,140.503161415828,4.07976336803261
524.808029635476,457.942088914349,3.65796647932713
46.6226923472782,422.448551803023,3.8872426794476
194.594769406443,286.332594645206,3.84586394350806
546.309476621429,261.597265353218,3.59162364728269
158.805119713237,25.6454822552895,4.43398544615386
499.644467574131,338.333753104091,4.43378758184188
27.9594929882495,52.6726474468774,3.66142352475929
524.022471448349,158.180619702915,4.80997914350305
NA,NA,NA
665.567024088896,335.577439579516,3.5043936951368
456.241253417258,293.548565938789,3.64293917641971
9.66880308149944,491.760103012436,3.81613151568955
561.486531157813,55.7137792186356,4.16407689914244
69.3667962461513,380.74901118633,3.85067054972291
232.143008759107,410.957737030151,3.8501850289115
428.723687849872,14.9841688028578,3.29569688423097
362.352382588946,293.62510469913,3.08684896546257
608.855614384165,109.938970354228,4.36929559754932
391.640203631144,227.394322704469,4.24917579296754
566.767876093095,411.310212183333,4.76736048551732
140.131298624403,275.708927646267,4.57406751677217
198.236325444133,365.393759407218,3.9621269056384
122.836615534897,412.296842600001,3.31766623315881
628.314575545678,309.913719241465,4.48186630681252
-2.25228390765893,145.564090253856,4.29870913822433
543.263047642655,207.115407166353,4.08483455792503
33.2949175737066,490.154031543842,2.96761028524232
281.752770213016,21.223509518366,4.01798751238449
533.739737873396,396.015658075085,3.44959954042984
71.9228137329151,72.947391436696,5.24383478907393
4.44511157714799,77.5905094941296,3.64423052710134
589.232810383692,227.967062566359,3.96277896492833
441.375342204638,458.840422018534,4.81068352314972
659.289882074098,374.14011263422,3.13996949684238
104.320923889164,485.160922544456,4.30208695157667
625.312531522503,90.3228006646994,4.11568286037078
424.620165394149,259.478772974577,3.58227914761919
12.0959546298347,181.506700101449,3.22677172384008
70.9540376303149,112.831976178766,4.26176397282533
614.521428475765,191.623733449065,4.54933167852492
253.311554860515,211.379734656047,3.73903136873226
581.544313977969,426.758528896764,3.76717074218073
295.265466491132,140.503161415828,4.07976336803261
524.808029635476,457.942088914349,3.65796647932713
46.6226923472782,422.448551803023,3.8872426794476
194.594769406443,286.332594645206,3.84586394350806
546.309476621429,261.597265353218,3.59162364728269
158.805119713237,25.6454822552895,4.43398544615386
499.644467574131,338.333753104091,4.43378758184188
27.9594929882495,52.6726474468774,3.66142352475929
524.022471448349,158.180619702915,4.80997914350305
NA,NA,NA
665.567024088896,335.577439579516,3.5043936951368
456.241253417258,293.548565938789,3.64293917641971
9.66880308149944,491.760103012436,3.81613151568955
561.486531157813,55.7137792186356,4.16407689914244
69.3667962461513,380.74901118633,3.85067054972291
232.143008759107,410.957737030151,3.8501850289115
428.723687849872,14.9841688028578,3.29569688423097
362.352382588946,293.62510469913,3.08684896546257
608.855614384165,109.938970354228,4.36929559754932
391.640203631144,227.394322704469,4.24917579296754
566.767876093095,411.310212183333,4.76736048551732
140.131298624403,275.708927646267,4.57406751677217
198.236325444133,365.393759407218,3.9621269056384
122.836615534897,412.296842600001,3.31766623315881
628.314575545678,309.913719241465,4.48186630681252
-2.25228390765893,145.564090253856,4.29870913822433
543.263047642655,207.115407166353,4.08483455792503
33.2949175737066,490.154031543842,2.96761028524232
281.752770213016,21.223509518366,4.01798751238449
533.739737873396,396.015658075085,3.44959954042984
71.9228137329151,72.947391436696,5.24383478907393
4.44511157714799,77.5905094941296,3.64423052710134
589.232810383692,227.967062566359,3.96277896492833
441.375342204638,458.840422018534,4.81068352314972
659.289882074098,374.14011263422,3.13996949684238
104.320923889164,485.160922544456,4.30208695157667
625.312531522503,90.3228006646994,4.11568286037078
424.620165394149,259.478772974577,3.58227914761919
12.0959546298347,181.506700101449,3.22677172384008
70.9540376303149,112.831976178766,4.26176397282533
614.521428475765,191.623733449065,4.54933167852492
253.311554860515,211.379734656047,3.73903136873226
581.544313977969,426.758528896764,3.76717074218073
295.265466491132,140.503161415828,4.07976336803261
524.808029635476,457.942088914349,3.65796647932713
46.6226923472782,422.448551803023,3.8872426794476
194.594769406443,286.332594645206,3.84586394350806
546.309476621429,261.597265353218,3.59162364728269
158.805119713237,25.6454822552895,4.43398544615386
499.644467574131,338.333753104091,4.43378758184188
27.9594929882495,52.6726474468774,3.66142352475929
524.022471448349,158.180619702915,4.80997914350305
NA,NA,NA
665.567024088896,335.577439579516,3.5043936951368
456.241253417258,293.548565938789,3.64293917641971
9.66880308149944,491.760103012436,3.81613151568955
561.486531157813,55.7137792186356,4.16407689914244
69.3667962461513,380.74901118633,3.85067054972291
232.143008759107,410.957737030151,3.8501850289115
428.723687849872,14.9841688028578,3.29569688423097
362.352382588946,293.62510469913,3.08684896546257
608.855614384165,109.938970354228,4.36929559754932
391.640203631144,227.394322704469,4.24917579296754
566.767876093095,411.310212183333,4.76736048551732
140.131298624403,275.708927646267,4.57406751677217
198.236325444133,365.393759407218,3.9621269056384
122.836615534897,412.296842600001,3.31766623315881
628.314575545678,309.913719241465,4.48186630681252
-2.25228390765893,145.564090253856,4.29870913822433
543.263047642655,207.115407166353,4.08483455792503
33.2949175737066,490.154031543842,2.96761028524232
281.752770213016,21.223509518366,4.01798751238449
533.739737873396,396.015658075085,3.44959954042984
71.9228137329151,72.947391436696,5.24383478907393
4.44511157714799,77.5905094941296,3.64423052710134
589.232810383692,227.967062566359,3.96277896492833
441.375342204638,458.840422018534,4.81068352314972
659.289882074098,374.14011263422,3.13996949684238
104.320923889164,485.160922544456,4.30208695157667
625.312531522503,90.3228006646994,4.11568286037078
424.620165394149,259.478772974577,3.58227914761919
12.0959546298347,181.506700101449,3.22677172384008
70.9540376303149,112.831976178766,4.26176397282533
614.521428475765,191.623733449065,4.54933167852492
253.311554860515,211.379734656047,3.73903136873226
581.544313977969,426.758528896764,3.76717074218073
295.265466491132,140.503161415828,4.07976336803261
524.808029635476,457.942088914349,3.65796647932713
46.6226923472782,422.448551803023,3.8872426794476
194.594769406443,286.332594645206,3.84586394350806
546.309476621429,261.597265353218,3.59162364728269
158.805119713237,25.6454822552895,4.43398544615386
499.644467574131,338.333753104091,4.43378758184188
27.9594929882495,52.6726474468774,3.66142352475929
524.022471448349,158.180619702915,4.80997914350305
NA,NA,NA
663.197896124423,336.798210073058,3.35505569252171
455.045910526553,294.596598766887,3.83571407524502
9.24209814946967,494.792584311148,3.80590284479402
560.18963299963,51.9393240439244,4.18851866834052
70.131997126756,372.868452534432,4.04852075623814
228.476252016842,410.746374287343,3.9400383574624
426.751516922479,12.2341417817432,3.31243804545542
360.199663570579,293.492936796158,3.03159665707829
602.399481552614,104.42413617812,4.220149748497
390.403675940718,236.144722801092,4.18436296183437
570.71370520875,415.34138107585,4.76063565448411
139.35570596355,286.441882880942,4.64486507852185
200.623699671626,371.436927567995,4.01189723991107
128.390533225234,412.149372439422,3.44759465042011
633.966207221873,308.528274560278,4.65588092273215
5.42998642282402,150.907454745376,4.33033714043836
539.113343046024,208.422194090164,4.19378019042053
32.4799111705539,494.598930295708,3.06412802884011
284.86965932996,28.4225822201576,3.83992835696925
534.079760036406,391.107332074459,3.18732686108672
74.3415290397643,78.0342673977253,5.09116097282323
6.19240487271013,78.5595584313247,3.41905671089356
588.791698270582,227.277226826586,4.07263479152268
434.928509531011,456.985725592173,4.72613720792953
659.666293212796,375.868151365546,3.05572992589052
99.5184805929118,488.898183282321,4.29981528117886
624.095674670434,92.2125079883586,4.08074879424673
418.034117773787,253.603960046452,3.63977628150422
11.4782774047739,183.530273479522,3.39428804148102
61.9223970302257,123.012110225373,4.45122617335435
591.533012615899,199.787094691591,4.41021829323853
255.819694511856,218.23562920599,3.91119442363163
571.642865714056,445.356700872652,4.01482702958893
299.784559526835,133.811277670925,4.05278228244275
531.720997973618,457.248122009207,3.58779163751971
53.3985111016804,409.53780425861,4.05560862243561
195.523044730977,291.932415401222,4.10461270066715
560.474220407967,255.960563364475,3.82568506150644
176.948718729959,51.8263571721775,4.30459903522215
505.256821194457,334.574244479589,4.54056335319923
43.2592787527624,47.3372091745091,4.10257974191531
542.411221333095,147.374878507324,4.53750377307868
NA,NA,NA
663.197896124423,336.798210073058,3.35505569252171
455.045910526553,294.596598766887,3.83571407524502
9.24209814946967,494.792584311148,3.80590284479402
560.18963299963,51.9393240439244,4.18851866834052
70.131997126756,372.868452534432,4.04852075623814
228.476252016842,410.746374287343,3.9400383574624
426.751516922479,12.2341417817432,3.31243804545542
360.199663570579,293.492936796158,3.03159665707829
602.399481552614,104.42413617812,4.220149748497
390.403675940718,236.144722801092,4.18436296183437
570.71370520875,415.34138107585,4.76063565448411
139.35570596355,286.441882880942,4.64486507852185
200.623699671626,371.436927567995,4.01189723991107
128.390533225234,412.149372439422,3.44759465042011
633.966207221873,308.528274560278,4.65588092273215
5.42998642282402,150.907454745376,4.33033714043836
539.113343046024,208.422194090164,4.19378019042053
32.4799111705539,494.598930295708,3.06412802884011
284.86965932996,28.4225822201576,3.83992835696925
534.079760036406,391.107332074459,3.18732686108672
74.3415290397643,78.0342673977253,5.09116097282323
6.19240487271013,78.5595584313247,3.41905671089356
588.791698270582,227.277226826586,4.07263479152268
434.928509531011,456.985725592173,4.72613720792953
659.666293212796,375.868151365546,3.05572992589052
99.5184805929118,488.898183282321,4.29981528117886
624.095674670434,92.2125079883586,4.08074879424673
418.034117773787,253.603960046452,3.63977628150422
11.4782774047739,183.530273479522,3.39428804148102
61.9223970302257,123.012110225373,4.45122617335435
591.533012615899,199.787094691591,4.41021829323853
255.819694511856,218.23562920599,3.91119442363163
571.642865714056,445.356700872652,4.01482702958893
299.784559526835,133.811277670925,4.05278228244275
531.720997973618,457.248122009207,3.58779163751971
53.3985111016804,409.53780425861,4.05560862243561
195.523044730977,291.932415401222,4.10461270066715
560.474220407967,255.960563364475,3.82568506150644
176.948718729959,51.8263571721775,4.30459903522215
505.256821194457,334.574244479589,4.54056335319923
43.2592787527624,47.3372091745091,4.10257974191531
542.411221333095,147.374878507324,4.53750377307868
NA,NA,NA
663.197896124423,336.798210073058,3.35505569252171
455.045910526553,294.596598766887,3.83571407524502
9.24209814946967,494.792584311148,3.80590284479402
560.18963299963,51.9393240439244,4.18851866834052
70.131997126756,372.868452534432,4.04852075623814
228.476252016842,410.746374287343,3.9400383574624
426.751516922479,12.2341417817432,3.31243804545542
360.199663570579,293.492936796158,3.03159665707829
602.399481552614,104.42413617812,4.220149748497
390.403675940718,236.144722801092,4.18436296183437
570.71370520875,415.34138107585,4.76063565448411
139.35570596355,286.441882880942,4.64486507852185
200.623699671626,371.436927567995,4.01189723991107
128.390533225234,412.149372439422,3.44759465042011
633.966207221873,308.528274560278,4.65588092273215
5.42998642282402,150.907454745376,4.33033714043836
539.113343046024,208.422194090164,4.19378019042053
32.4799111705539,494.598930295708,3.06412802884011
284.86965932996,28.4225822201576,3.83992835696925
534.079760036406,391.107332074459,3.18732686108672
74.3415290397643,78.0342673977253,5.09116097282323
6.19240487271013,78.5595584313247,3.41905671089356
588.791698270582,227.277226826586,4.07263479152268
434.928509531011,456.985725592173,4.72613720792953
659.666293212796,375.868151365546,3.05572992589052
99.5184805929118,488.898183282321,4.29981528117886
624.095674670434,92.2125079883586,4.08074879424673
418.034117773787,253.603960046452,3.63977628150422
11.4782774047739,183.530273479522,3.39428804148102
61.9223970302257,123.012110225373,4.45122617335435
591.533012615899,199.787094691591,4.41021829323853
255.819694511856,218.23562920599,3.91119442363163
571.642865714056,445.356700872652,4.01482702958893
299.784559526835,133.811277670925,4.05278228244275
531.720997973618,457.248122009207,3.58779163751971
53.3985111016804,409.53780425861,4.05560862243561
195.523044730977,291.932415401222,4.10461270066715
560.474220407967,255.960563364475,3.82568506150644
176.948718729959,51.8263571721775,4.30459903522215
505.256821194457,334.574244479589,4.54056335319923
43.2592787527624,47.3372091745091,4.10257974191531
542.411221333095,147.374878507324,4.53750377307868
NA,NA,NA
663.197896124423,336.798210073058,3.35505569252171
455.045910526553,294.596598766887,3.83571407524502
9.24209814946967,494.792584311148,3.80590284479402
560.18963299963,51.9393240439244,4.18851866834052
70.131997126756,372.868452534432,4.04852075623814
228.476252016842,410.746374287343,3.9400383574624
426.751516922479,12.2341417817432,3.31243804545542
360.199663570579,293.492936796158,3.03159665707829
602.399481552614,104.42413617812,4.220149748497
390.403675940718,236.144722801092,4.18436296183437
570.71370520875,415.34138107585,4.76063565448411
139.35570596355,286.441882880942,4.64486507852185
200.623699671626,371.436927567995,4.01189723991107
128.390533225234,412.149372439422,3.44759465042011
633.966207221873,308.528274560278,4.65588092273215
5.42998642282402,150.907454745376,4.33033714043836
539.113343046024,208.422194090164,4.19378019042053
32.4799111705539,494.598930295708,3.06412802884011
284.86965932996,28.4225822201576,3.83992835696925
534.079760036406,391.107332074459,3.18732686108672
74.3415290397643,78.0342673977253,5.09116097282323
6.19240487271013,78.5595584313247,3.41905671089356
588.791698270582,227.277226826586,4.07263479152268
434.928509531011,456.985725592173,4.72613720792953
659.666293212796,375.868151365546,3.05572992589052
99.5184805929118,488.898183282321,4.29981528117886
624.095674670434,92.2125079883586,4.08074879424673
418.034117773787,253.603960046452,3.63977628150422
11.4782774047739,183.530273479522,3.39428804148102
61.9223970302257,123.012110225373,4.45122617335435
591.533012615899,199.787094691591,4.41021829323853
255.819694511856,218.23562920599,3.91119442363163
571.642865714056,445.356700872652,4.01482702958893
299.784559526835,133.811277670925,4.05278228244275
531.720997973618,457.248122009207,3.58779163751971
53.3985111016804,409.53780425861,4.05560862243561
195.523044730977,291.932415401222,4.10461270066715
560.474220407967,255.960563364475,3.82568506150644
176.948718729959,51.8263571721775,4.30459903522215
505.256821194457,334.574244479589,4.54056335319923
43.2592787527624,47.3372091745091,4.10257974191531
542.411221333095,147.374878507324,4.53750377307868
NA,NA,NA
663.197896124423,336.798210073058,3.35505569252171
455.045910526553,294.596598766887,3.83571407524502
9.24209814946967,494.792584311148,3.80590284479402
560.18963299963,51.9393240439244,4.18851866834052
70.131997126756,372.868452534432,4.04852075623814
228.476252016842,410.746374287343,3.9400383574624
426.751516922479,12.2341417817432,3.31243804545542
360.199663570579,293.492936796158,3.03159665707829
602.399481552614,104.42413617812,4.220149748497
390.403675940718,236.144722801092,4.18436296183437
570.71370520875,415.34138107585,4.76063565448411
139.35570596355,286.441882880942,4.64486507852185
200.623699671626,371.436927567995,4.01189723991107
128.390533225234,412.149372439422,3.44759465042011
633.966207221873,308.528274560278,4.65588092273215
5.42998642282402,150.907454745376,4.33033714043836
539.113343046024,208.422194090164,4.19378019042053
32.4799111705539,494.598930295708,3.06412802884011
284.86965932996,28.4225822201576,3.83992835696925
534.079760036406,391.107332074459,3.18732686108672
74.3415290397643,78.0342673977253,5.09116097282323
6.19240487271013,78.5595584313247,3.41905671089356
588.791698270582,227.277226826586,4.07263479152268
434.928509531011,456.985725592173,4.72613720792953
659.666293212796,375.868151365546,3.05572992589052
99.5184805929118,488.898183282321,4.29981528117886
624.095674670434,92.2125079883586,4.08074879424673
418.034117773787,253.603960046452,3.63977628150422
11.4782774047739,183.530273479522,3.39428804148102
61.9223970302257,123.012110225373,4.45122617335435
591.533012615899,199.787094691591,4.41021829323853
255.819694511856,218.23562920599,3.91119442363163
571.642865714056,445.356700872652,4.01482702958893
299.784559526835,133.811277670925,4.05278228244275
531.720997973618,457.248122009207,3.58779163751971
53.3985111016804,409.53780425861,4.05560862243561
195.523044730977,291.932415401222,4.10461270066715
560.474220407967,255.960563364475,3.82568506150644
176.948718729959,51.8263571721775,4.30459903522215
505.256821194457,334.574244479589,4.54056335319923
43.2592787527624,47.3372091745091,4.10257974191531
542.411221333095,147.374878507324,4.53750377307868
NA,NA,NA
663.197896124423,336.798210073058,3.35505569252171
455.045910526553,294.596598766887,3.83571407524502
9.24209814946967,494.792584311148,3.80590284479402
560.18963299963,51.9393240439244,4.18851866834052
70.131997126756,372.868452534432,4.04852075623814
228.476252016842,410.746374287343,3.9400383574624
426.751516922479,12.2341417817432,3.31243804545542
360.199663570579,293.492936796158,3.03159665707829
602.399481552614,104.42413617812,4.220149748497
390.403675940718,236.144722801092,4.18436296183437
570.71370520875,415.34138107585,4.76063565448411
139.35570596355,286.441882880942,4.64486507852185
200.623699671626,371.436927567995,4.01189723991107
128.390533225234,412.149372439422,3.44759465042011
633.966207221873,308.528274560278,4.65588092273215
5.42998642282402,150.907454745376,4.33033714043836
539.113343046024,208.422194090164,4.19378019042053
32.4799111705539,494.598930295708,3.06412802884011
284.86965932996,28.4225822201576,3.83992835696925
534.079760036406,391.107332074459,3.18732686108672
74.3415290397643,78.0342673977253,5.09116097282323
6.19240487271013,78.5595584313247,3.41905671089356
588.791698270582,227.277226826586,4.07263479152268
434.928509531011,456.985725592173,4.72613720792953
659.666293212796,375.868151365546,3.05572992589052
99.5184805929118,488.898183282321,4.29981528117886
624.095674670434,92.2125079883586,4.08074879424673
418.034117773787,253.603960046452,3.63977628150422
11.4782774047739,183.530273479522,3.39428804148102
61.9223970302257,123.012110225373,4.45122617335435
591.533012615899,199.787094691591,4.41021829323853
255.819694511856,218.23562920599,3.91119442363163
571.642865714056,445.356700872652,4.01482702958893
299.784559526835,133.811277670925,4.05278228244275
531.720997973618,457.248122009207,3.58779163751971
53.3985111016804,409.53780425861,4.05560862243561
195.523044730977,291.932415401222,4.10461270066715
560.474220407967,255.960563364475,3.82568506150644
176.948718729959,51.8263571721775,4.30459903522215
505.256821194457,334.574244479589,4.54056335319923
43.2592787527624,47.3372091745091,4.10257974191531
542.411221333095,147.374878507324,4.53750377307868
NA,NA,NA
659.14513325377,335.56030937061,3.42550761535606
455.601797774369,295.862332704982,3.73410831742432
7.55229038926827,498.287575495914,3.55679107050276
556.585564937117,52.8980130862159,4.15635445808125
70.9913209864059,372.04102923944,3.98721140852724
230.457188194116,417.514890596519,3.81275618287656
427.124971723243,12.9228232008925,3.34286483366205
360.888064349125,295.616260067287,3.00234279733631
600.395442433026,105.04988046655,4.3379184016219
392.767784690921,228.058184718062,4.31387503172769
573.069155708036,415.679222137693,4.73991562891634
143.372350601758,283.796257409154,4.44067672729353
198.021708344843,365.050117728376,3.85563169509123
123.86695728966,409.802145450795,3.47415420849575
626.035928855968,309.716616484721,4.45296526664965
2.60088342666498,142.290179019796,4.18987248874793
537.634274112859,203.228016818806,4.0853618961339
31.3745877220962,491.232501548884,3.03187439126735
279.71550497056,23.7361392508911,3.85989048759147
531.397002655411,391.190054975542,3.37095003081933
79.0915726441113,69.159607483631,5.20331486731785
5.89732369537525,75.2112072079282,3.27418487278665
588.006105390782,230.491627461356,4.00705482228626
439.220916699373,460.297490587698,4.78837201847724
658.444031547567,373.334263920704,2.94575264828407
107.18894081918,482.785269087017,4.35283912911264
627.798355358008,87.1986557831527,4.05808328369754
418.205849038814,257.810544498041,3.64722842251247
10.6459922445719,182.568930136752,3.19862434717133
69.361292766094,116.502345918739,4.41730497906923
603.111197618331,196.810261123501,4.18287762670345
250.661306108941,217.835339915801,3.89289398476437
574.780150535922,436.418374016362,3.6534789270823
297.738937281214,136.398275076679,3.81748144672596
525.280909583852,458.210248859221,3.82745726024241
41.3794519173795,424.549614044928,3.91266519611983
206.125243133606,289.803644751176,4.1369950569994
552.422197403567,257.568609458392,3.97195556619591
180.135069575945,43.7505956589038,4.11858247583673
501.57599350143,347.390061980683,4.48966421495625
33.1908038597067,46.0638088427657,3.6095196370308
528.173660558061,145.817176214007,4.50802979945863
NA,NA,NA
659.14513325377,335.56030937061,3.42550761535606
455.601797774369,295.862332704982,3.73410831742432
7.55229038926827,498.287575495914,3.55679107050276
556.585564937117,52.8980130862159,4.15635445808125
70.9913209864059,372.04102923944,3.98721140852724
230.457188194116,417.514890596519,3.81275618287656
427.124971723243,12.9228232008925,3.34286483366205
360.888064349125,295.616260067287,3.00234279733631
600.395442433026,105.04988046655,4.3379184016219
392.767784690921,228.058184718062,4.31387503172769
573.069155708036,415.679222137693,4.73991562891634
143.372350601758,283.796257409154,4.44067672729353
198.021708344843,365.050117728376,3.85563169509123
123.86695728966,409.802145450795,3.47415420849575
626.035928855968,309.716616484721,4.45296526664965
2.60088342666498,142.290179019796,4.18987248874793
537.634274112859,203.228016818806,4.0853618961339
31.3745877220962,491.232501548884,3.03187439126735
279.71550497056,23.7361392508911,3.85989048759147
531.397002655411,391.190054975542,3.37095003081933
79.0915726441113,69.159607483631,5.20331486731785
5.89732369537525,75.2112072079282,3.27418487278665
588.006105390782,230.491627461356,4.00705482228626
439.220916699373,460.297490587698,4.78837201847724
658.444031547567,373.334263920704,2.94575264828407
107.18894081918,482.785269087017,4.35283912911264
627.798355358008,87.1986557831527,4.05808328369754
418.205849038814,257.810544498041,3.64722842251247
10.6459922445719,182.568930136752,3.19862434717133
69.361292766094,116.502345918739,4.41730497906923
603.111197618331,196.810261123501,4.18287762670345
250.661306108941,217.835339915801,3.89289398476437
574.780150535922,436.418374016362,3.6534789270823
297.738937281214,136.398275076679,3.81748144672596
525.280909583852,458.210248859221,3.82745726024241
41.3794519173795,424.549614044928,3.91266519611983
206.125243133606,289.803644751176,4.1369950569994
552.422197403567,257.568609458392,3.97195556619591
180.135069575945,43.7505956589038,4.11858247583673
501.57599350143,347.390061980683,4.48966421495625
33.1908038597067,46.0638088427657,3.6095196370308
528.173660558061,145.817176214007,4.50802979945863
NA,NA,NA
659.14513325377,335.56030937061,3.42550761535606
455.601797774369,295.862332704982,3.73410831742432
7.55229038926827,498.287575495914,3.55679107050276
556.585564937117,52.8980130862159,4.15635445808125
70.9913209864059,372.04102923944,3.98721140852724
230.457188194116,417.514890596519,3.81275618287656
427.124971723243,12.9228232008925,3.34286483366205
360.888064349125,295.616260067287,3.00234279733631
600.395442433026,105.04988046655,4.3379184016219
392.767784690921,228.058184718062,4.31387503172769
573.069155708036,415.679222137693,4.73991562891634
143.372350601758,283.796257409154,4.44067672729353
198.021708344843,365.050117728376,3.85563169509123
123.86695728966,409.802145450795,3.47415420849575
626.035928855968,309.716616484721,4.45296526664965
2.60088342666498,142.290179019796,4.18987248874793
537.634274112859,203.228016818806,4.0853618961339
31.3745877220962,491.232501548884,3.03187439126735
279.71550497056,23.7361392508911,3.85989048759147
531.397002655411,391.190054975542,3.37095003081933
79.0915726441113,69.159607483631,5.20331486731785
5.89732369537525,75.2112072079282,3.27418487278665
588.006105390782,230.491627461356,4.00705482228626
439.220916699373,460.297490587698,4.78837201847724
658.444031547567,373.334263920704,2.94575264828407
107.18894081918,482.785269087017,4.35283912911264
627.798355358008,87.1986557831527,4.05808328369754
418.205849038814,257.810544498041,3.64722842251247
10.6459922445719,182.568930136752,3.19862434717133
69.361292766094,116.502345918739,4.41730497906923
603.111197618331,196.810261123501,4.18287762670345
250.661306108941,217.835339915801,3.89289398476437
574.780150535922,436.418374016362,3.6534789270823
297.738937281214,136.398275076679,3.81748144672596
525.280909583852,458.210248859221,3.82745726024241
41.3794519173795,424.549614044928,3.91266519611983
206.125243133606,289.803644751176,4.1369950569994
552.422197403567,257.568609458392,3.97195556619591
180.135069575945,43.7505956589038,4.11858247583673
501.57599350143,347.390061980683,4.48966421495625
33.1908038597067,46.0638088427657,3.6095196370308
528.173660558061,145.817176214007,4.50802979945863
NA,NA,NA
659.14513325377,335.56030937061,3.42550761535606
455.601797774369,295.862332704982,3.73410831742432
7.55229038926827,498.287575495914,3.55679107050276
556.585564937117,52.8980130862159,4.15635445808125
70.9913209864059,372.04102923944,3.98721140852724
230.457188194116,417.514890596519,3.81275618287656
427.124971723243,12.9228232008925,3.34286483366205
360.888064349125,295.616260067287,3.00234279733631
600.395442433026,105.04988046655,4.3379184016219
392.767784690921,228.058184718062,4.31387503172769
573.069155708036,415.679222137693,4.73991562891634
143.372350601758,283.796257409154,4.44067672729353
198.021708344843,365.050117728376,3.85563169509123
123.86695728966,409.802145450795,3.47415420849575
626.035928855968,309.716616484721,4.45296526664965
2.60088342666498,142.290179019796,4.18987248874793
537.634274112859,203.228016818806,4.0853618961339
31.3745877220962,491.232501548884,3.03187439126735
279.71550497056,23.7361392508911,3.85989048759147
531.397002655411,391.190054975542,3.37095003081933
79.0915726441113,69.159607483631,5.20331486731785
5.89732369537525,75.2112072079282,3.27418487278665
588.006105390782,230.491627461356,4.00705482228626
439.220916699373,460.297490587698,4.78837201847724
658.444031547567,373.334263920704,2.94575264828407
107.18894081918,482.785269087017,4.35283912911264
627.798355358008,87.1986557831527,4.05808328369754
418.205849038814,257.810544498041,3.64722842251247
10.6459922445719,182.568930136752,3.19862434717133
69.361292766094,116.502345918739,4.41730497906923
603.111197618331,196.810261123501,4.18287762670345
250.661306108941,217.835339915801,3.89289398476437
574.780150535922,436.418374016362,3.6534789270823
297.738937281214,136.398275076679,3.81748144672596
525.280909583852,458.210248859221,3.82745726024241
41.3794519173795,424.549614044928,3.91266519611983
206.125243133606,289.803644751176,4.1369950569994
552.422197403567,257.568609458392,3.97195556619591
180.135069575945,43.7505956589038,4.11858247583673
501.57599350143,347.390061980683,4.48966421495625
33.1908038597067,46.0638088427657,3.6095196370308
528.173660558061,145.817176214007,4.50802979945863
NA,NA,NA
659.14513325377,335.56030937061,3.42550761535606
455.601797774369,295.862332704982,3.73410831742432
7.55229038926827,498.287575495914,3.55679107050276
556.585564937117,52.8980130862159,4.15635445808125
70.9913209864059,372.04102923944,3.98721140852724
230.457188194116,417.514890596519,3.81275618287656
427.124971723243,12.9228232008925,3.34286483366205
360.888064349125,295.616260067287,3.00234279733631
600.395442433026,105.04988046655,4.3379184016219
392.767784690921,228.058184718062,4.31387503172769
573.069155708036,415.679222137693,4.73991562891634
143.372350601758,283.796257409154,4.44067672729353
198.021708344843,365.050117728376,3.85563169509123
123.86695728966,409.802145450795,3.47415420849575
626.035928855968,309.716616484721,4.45296526664965
2.60088342666498,142.290179019796,4.18987248874793
537.634274112859,203.228016818806,4.0853618961339
31.3745877220962,491.232501548884,3.03187439126735
279.71550497056,23.7361392508911,3.85989048759147
531.397002655411,391.190054975542,3.37095003081933
79.0915726441113,69.159607483631,5.20331486731785
5.89732369537525,75.2112072079282,3.27418487278665
588.006105390782,230.491627461356,4.00705482228626
439.220916699373,460.297490587698,4.78837201847724
658.444031547567,373.334263920704,2.94575264828407
107.18894081918,482.785269087017,4.35283912911264
627.798355358008,87.1986557831527,4.05808328369754
418.205849038814,257.810544498041,3.64722842251247
10.6459922445719,182.568930136752,3.19862434717133
69.361292766094,116.502345918739,4.41730497906923
603.111197618331,196.810261123501,4.18287762670345
250.661306108941,217.835339915801,3.89289398476437
574.780150535922,436.418374016362,3.6534789270823
297.738937281214,136.398275076679,3.81748144672596
525.280909583852,458.210248859221,3.82745726024241
41.3794519173795,424.549614044928,3.91266519611983
206.125243133606,289.803644751176,4.1369950569994
552.422197403567,257.568609458392,3.97195556619591
180.135069575945,43.7505956589038,4.11858247583673
501.57599350143,347.390061980683,4.48966421495625
33.1908038597067,46.0638088427657,3.6095196370308
528.173660558061,145.817176214007,4.50802979945863
NA,NA,NA
659.14513325377,335.56030937061,3.42550761535606
455.601797774369,295.862332704982,3.73410831742432
7.55229038926827,498.287575495914,3.55679107050276
556.585564937117,52.8980130862159,4.15635445808125
70.9913209864059,372.04102923944,3.98721140852724
230.457188194116,417.514890596519,3.81275618287656
427.124971723243,12.9228232008925,3.34286483366205
360.888064349125,295.616260067287,3.00234279733631
600.395442433026,105.04988046655,4.3379184016219
392.767784690921,228.058184718062,4.31387503172769
573.069155708036,415.679222137693,4.73991562891634
143.372350601758,283.796257409154,4.44067672729353
198.021708344843,365.050117728376,3.85563169509123
123.86695728966,409.802145450795,3.47415420849575
626.035928855968,309.716616484721,4.45296526664965
2.60088342666498,142.290179019796,4.18987248874793
537.634274112859,203.228016818806,4.0853618961339
31.3745877220962,491.232501548884,3.03187439126735
279.71550497056,23.7361392508911,3.85989048759147
531.397002655411,391.190054975542,3.37095003081933
79.0915726441113,69.159607483631,5.20331486731785
5.89732369537525,75.2112072079282,3.27418487278665
588.006105390782,230.491627461356,4.00705482228626
439.220916699373,460.297490587698,4.78837201847724
658.444031547567,373.334263920704,2.94575264828407
107.18894081918,482.785269087017,4.35283912911264
627.798355358008,87.1986557831527,4.05808328369754
418.205849038814,257.810544498041,3.64722842251247
10.6459922445719,182.568930136752,3.19862434717133
69.361292766094,116.502345918739,4.41730497906923
603.111197618331,196.810261123501,4.18287762670345
250.661306108941,217.835339915801,3.89289398476437
574.780150535922,436.418374016362,3.6534789270823
297.738937281214,136.398275076679,3.81748144672596
525.280909583852,458.210248859221,3.82745726024241
41.3794519173795,424.549614044928,3.91266519611983
206.125243133606,289.803644751176,4.1369950569994
552.422197403567,257.568609458392,3.97195556619591
180.135069575945,43.7505956589038,4.11858247583673
501.57599350143,347.390061980683,4.48966421495625
33.1908038597067,46.0638088427657,3.6095196370308
528.173660558061,145.817176214007,4.50802979945863
NA,NA,NA
661.514572716439,335.852575179714,3.5876968751604
452.143375444876,297.652222696255,3.87504780639226
11.6103751261814,493.813459545787,3.55502502224679
561.018895287833,45.5915017382594,4.38824569626398
66.9918199838401,379.647707031417,4.02214935955363
228.689096556602,419.514363742695,3.95324755695282
426.36924044301,11.4866915944183,3.30655233709893
361.424762440386,292.753988266548,2.95321889875908
602.111832207686,101.207681769749,4.2211228732541
391.179043101148,232.313081084085,4.1937229091173
569.221751691756,412.196273822002,4.74361966033578
139.98257446129,285.943215058484,4.45426079618223
193.602829232613,373.699582970327,4.07428344523956
125.376509740743,411.81968341977,3.43644589595082
623.44947831539,314.961846897464,4.64467337130704
2.6742548157536,144.358300835234,4.25163526246964
540.421172429662,208.374677977869,4.23518410816684
36.7125582449914,491.240700133788,3.01717474003434
281.243165358517,21.8937401033183,4.09904481022331
532.567641593346,390.039724951905,3.29110144254734
73.8254398516885,86.0244927792424,5.23585248084676
5.63563795034286,77.4784621908005,3.551040088818
590.562553802129,222.866472076808,3.88667371267296
441.613971148872,466.142780553333,4.79057052755728
660.368839859835,373.769753455356,3.27089974099337
98.5459811068145,493.03022904171,4.38683520407283
624.927630855524,91.5402781562644,4.04258838935885
419.657382203631,258.600851489221,3.67253005902719
12.722337098743,181.044522172811,2.89764112438687
63.9258201602336,112.882121248837,4.51566308411422
606.956750853166,201.009799537865,4.14937850276825
251.931362717456,218.953149732871,3.91004419116795
564.307740864268,439.489565956036,3.88566003420139
303.676772625283,133.065680411606,3.68961203312878
533.19752295346,456.193483674206,3.46997507093317
51.1134719480423,410.874106788195,3.87566735048609
195.772769110217,277.32579486203,4.08248411874239
552.000587668345,268.348360980377,3.55459342620752
168.959442498599,37.6646741968156,4.58643462511391
495.379385943725,357.386692366511,4.50126440604707
34.4070259350982,49.8905094284247,3.71311512201264
543.518074097212,158.167783789935,4.61231182596065
NA,NA,NA
661.514572716439,335.852575179714,3.5876968751604
452.143375444876,297.652222696255,3.87504780639226
11.6103751261814,493.813459545787,3.55502502224679
561.018895287833,45.5915017382594,4.38824569626398
66.9918199838401,379.647707031417,4.02214935955363
228.689096556602,419.514363742695,3.95324755695282
426.36924044301,11.4866915944183,3.30655233709893
361.424762440386,292.753988266548,2.95321889875908
602.111832207686,101.207681769749,4.2211228732541
391.179043101148,232.313081084085,4.1937229091173
569.221751691756,412.196273822002,4.74361966033578
139.98257446129,285.943215058484,4.45426079618223
193.602829232613,373.699582970327,4.07428344523956
125.376509740743,411.81968341977,3.43644589595082
623.44947831539,314.961846897464,4.64467337130704
2.6742548157536,144.358300835234,4.25163526246964
540.421172429662,208.374677977869,4.23518410816684
36.7125582449914,491.240700133788,3.01717474003434
281.243165358517,21.8937401033183,4.09904481022331
532.567641593346,390.039724951905,3.29110144254734
73.8254398516885,86.0244927792424,5.23585248084676
5.63563795034286,77.4784621908005,3.551040088818
590.562553802129,222.866472076808,3.88667371267296
441.613971148872,466.142780553333,4.79057052755728
660.368839859835,373.769753455356,3.27089974099337
98.5459811068145,493.03022904171,4.38683520407283
624.927630855524,91.5402781562644,4.04258838935885
419.657382203631,258.600851489221,3.67253005902719
12.722337098743,181.044522172811,2.89764112438687
63.9258201602336,112.882121248837,4.51566308411422
606.956750853166,201.009799537865,4.14937850276825
251.931362717456,218.953149732871,3.91004419116795
564.307740864268,439.489565956036,3.88566003420139
303.676772625283,133.065680411606,3.68961203312878
533.19752295346,456.193483674206,3.46997507093317
51.1134719480423,410.874106788195,3.87566735048609
195.772769110217,277.32579486203,4.08248411874239
552.000587668345,268.348360980377,3.55459342620752
168.959442498599,37.6646741968156,4.58643462511391
495.379385943725,357.386692366511,4.50126440604707
34.4070259350982,49.8905094284247,3.71311512201264
543.518074097212,158.167783789935,4.61231182596065
NA,NA,NA
661.514572716439,335.852575179714,3.5876968751604
452.143375444876,297.652222696255,3.87504780639226
11.6103751261814,493.813459545787,3.55502502224679
561.018895287833,45.5915017382594,4.38824569626398
66.9918199838401,379.647707031417,4.02214935955363
228.689096556602,419.514363742695,3.95324755695282
426.36924044301,11.4866915944183,3.30655233709893
361.424762440386,292.753988266548,2.95321889875908
602.111832207686,101.207681769749,4.2211228732541
391.179043101148,232.313081084085,4.1937229091173
569.221751691756,412.196273822002,4.74361966033578
139.98257446129,285.943215058484,4.45426079618223
193.602829232613,373.699582970327,4.07428344523956
125.376509740743,411.81968341977,3.43644589595082
623.44947831539,314.961846897464,4.64467337130704
2.6742548157536,144.358300835234,4.25163526246964
540.421172429662,208.374677977869,4.23518410816684
36.7125582449914,491.240700133788,3.01717474003434
281.243165358517,21.8937401033183,4.09904481022331
532.567641593346,390.039724951905,3.29110144254734
73.8254398516885,86.0244927792424,5.23585248084676
5.63563795034286,77.4784621908005,3.551040088818
590.562553802129,222.866472076808,3.88667371267296
441.613971148872,466.142780553333,4.79057052755728
660.368839859835,373.769753455356,3.27089974099337
98.5459811068145,493.03022904171,4.38683520407283
624.927630855524,91.5402781562644,4.04258838935885
419.657382203631,258.600851489221,3.67253005902719
12.722337098743,181.044522172811,2.89764112438687
63.9258201602336,112.882121248837,4.51566308411422
606.956750853166,201.009799537865,4.14937850276825
251.931362717456,218.953149732871,3.91004419116795
564.307740864268,439.489565956036,3.88566003420139
303.676772625283,133.065680411606,3.68961203312878
533.19752295346,456.193483674206,3.46997507093317
51.1134719480423,410.874106788195,3.87566735048609
195.772769110217,277.32579486203,4.08248411874239
552.000587668345,268.348360980377,3.55459342620752
168.959442498599,37.6646741968156,4.58643462511391
495.379385943725,357.386692366511,4.50126440604707
34.4070259350982,49.8905094284247,3.71311512201264
543.518074097212,158.167783789935,4.61231182596065
NA,NA,NA
661.514572716439,335.852575179714,3.5876968751604
452.143375444876,297.652222696255,3.87504780639226
11.6103751261814,493.813459545787,3.55502502224679
561.018895287833,45.5915017382594,4.38824569626398
66.9918199838401,379.647707031417,4.02214935955363
228.689096556602,419.514363742695,3.95324755695282
426.36924044301,11.4866915944183,3.30655233709893
361.424762440386,292.753988266548,2.95321889875908
602.111832207686,101.207681769749,4.2211228732541
391.179043101148,232.313081084085,4.1937229091173
569.221751691756,412.196273822002,4.74361966033578
139.98257446129,285.943215058484,4.45426079618223
193.602829232613,373.699582970327,4.07428344523956
125.376509740743,411.81968341977,3.43644589595082
623.44947831539,314.961846897464,4.64467337130704
2.6742548157536,144.358300835234,4.25163526246964
540.421172429662,208.374677977869,4.23518410816684
36.7125582449914,491.240700133788,3.01717474003434
281.243165358517,21.8937401033183,4.09904481022331
532.567641593346,390.039724951905,3.29110144254734
73.8254398516885,86.0244927792424,5.23585248084676
5.63563795034286,77.4784621908005,3.551040088818
590.562553802129,222.866472076808,3.88667371267296
441.613971148872,466.142780553333,4.79057052755728
660.368839859835,373.769753455356,3.27089974099337
98.5459811068145,493.03022904171,4.38683520407283
624.927630855524,91.5402781562644,4.04258838935885
419.657382203631,258.600851489221,3.67253005902719
12.722337098743,181.044522172811,2.89764112438687
63.9258201602336,112.882121248837,4.51566308411422
606.956750853166,201.009799537865,4.14937850276825
251.931362717456,218.953149732871,3.91004419116795
564.307740864268,439.489565956036,3.88566003420139
303.676772625283,133.065680411606,3.68961203312878
533.19752295346,456.193483674206,3.46997507093317
51.1134719480423,410.874106788195,3.87566735048609
195.772769110217,277.32579486203,4.08248411874239
552.000587668345,268.348360980377,3.55459342620752
168.959442498599,37.6646741968156,4.58643462511391
495.379385943725,357.386692366511,4.50126440604707
34.4070259350982,49.8905094284247,3.71311512201264
543.518074097212,158.167783789935,4.61231182596065
NA,NA,NA
661.514572716439,335.852575179714,3.5876968751604
452.143375444876,297.652222696255,3.87504780639226
11.6103751261814,493.813459545787,3.55502502224679
561.018895287833,45.5915017382594,4.38824569626398
66.9918199838401,379.647707031417,4.02214935955363
228.689096556602,419.514363742695,3.95324755695282
426.36924044301,11.4866915944183,3.30655233709893
361.424762440386,292.753988266548,2.95321889875908
602.111832207686,101.207681769749,4.2211228732541
391.179043101148,232.313081084085,4.1937229091173
569.221751691756,412.196273822002,4.74361966033578
139.98257446129,285.943215058484,4.45426079618223
193.602829232613,373.699582970327,4.07428344523956
125.376509740743,411.81968341977,3.43644589595082
623.44947831539,314.961846897464,4.64467337130704
2.6742548157536,144.358300835234,4.25163526246964
540.421172429662,208.374677977869,4.23518410816684
36.7125582449914,491.240700133788,3.01717474003434
281.243165358517,21.8937401033183,4.09904481022331
532.567641593346,390.039724951905,3.29110144254734
73.8254398516885,86.0244927792424,5.23585248084676
5.63563795034286,77.4784621908005,3.551040088818
590.562553802129,222.866472076808,3.88667371267296
441.613971148872,466.142780553333,4.79057052755728
660.368839859835,373.769753455356,3.27089974099337
98.5459811068145,493.03022904171,4.38683520407283
624.927630855524,91.5402781562644,4.04258838935885
419.657382203631,258.600851489221,3.67253005902719
12.722337098743,181.044522172811,2.89764112438687
63.9258201602336,112.882121248837,4.51566308411422
606.956750853166,201.009799537865,4.14937850276825
251.931362717456,218.953149732871,3.91004419116795
564.307740864268,439.489565956036,3.88566003420139
303.676772625283,133.065680411606,3.68961203312878
533.19752295346,456.193483674206,3.46997507093317
51.1134719480423,410.874106788195,3.87566735048609
195.772769110217,277.32579486203,4.08248411874239
552.000587668345,268.348360980377,3.55459342620752
168.959442498599,37.6646741968156,4.58643462511391
495.379385943725,357.386692366511,4.50126440604707
34.4070259350982,49.8905094284247,3.71311512201264
543.518074097212,158.167783789935,4.61231182596065
NA,NA,NA
661.514572716439,335.852575179714,3.5876968751604
452.143375444876,297.652222696255,3.87504780639226
11.6103751261814,493.813459545787,3.55502502224679
561.018895287833,45.5915017382594,4.38824569626398
66.9918199838401,379.647707031417,4.02214935955363
228.689096556602,419.514363742695,3.95324755695282
426.36924044301,11.4866915944183,3.30655233709893
361.424762440386,292.753988266548,2.95321889875908
602.111832207686,101.207681769749,4.2211228732541
391.179043101148,232.313081084085,4.1937229091173
569.221751691756,412.196273822002,4.74361966033578
139.98257446129,285.943215058484,4.45426079618223
193.602829232613,373.699582970327,4.07428344523956
125.376509740743,411.81968341977,3.43644589595082
623.44947831539,314.961846897464,4.64467337130704
2.6742548157536,144.358300835234,4.25163526246964
540.421172429662,208.374677977869,4.23518410816684
36.7125582449914,491.240700133788,3.01717474003434
281.243165358517,21.8937401033183,4.09904481022331
532.567641593346,390.039724951905,3.29110144254734
73.8254398516885,86.0244927792424,5.23585248084676
5.63563795034286,77.4784621908005,3.551040088818
590.562553802129,222.866472076808,3.88667371267296
441.613971148872,466.142780553333,4.79057052755728
660.368839859835,373.769753455356,3.27089974099337
98.5459811068145,493.03022904171,4.38683520407283
624.927630855524,91.5402781562644,4.04258838935885
419.657382203631,258.600851489221,3.67253005902719
12.722337098743,181.044522172811,2.89764112438687
63.9258201602336,112.882121248837,4.51566308411422
606.956750853166,201.009799537865,4.14937850276825
251.931362717456,218.953149732871,3.91004419116795
564.307740864268,439.489565956036,3.88566003420139
303.676772625283,133.065680411606,3.68961203312878
533.19752295346,456.193483674206,3.46997507093317
51.1134719480423,410.874106788195,3.87566735048609
195.772769110217,277.32579486203,4.08248411874239
552.000587668345,268.348360980377,3.55459342620752
168.959442498599,37.6646741968156,4.58643462511391
495.379385943725,357.386692366511,4.50126440604707
34.4070259350982,49.8905094284247,3.71311512201264
543.518074097212,158.167783789935,4.61231182596065
NA,NA,NA
659.679800623198,335.918206475593,3.52154676098928
454.93451999163,295.677734149309,3.72730538599106
14.7200570602045,495.586836749939,3.68587913546127
556.605247097114,45.7859066675097,4.01530836933139
75.9164362218667,373.412219885487,4.00717083187574
225.862109431211,415.573083059121,3.88877545956467
427.268109270096,11.9185250725192,3.19921164322461
360.598154135007,291.298772347947,3.04988794822875
603.335071052876,99.9395834000338,4.14864594602442
393.116488448728,232.499595640773,4.18104753984026
572.686354295997,414.289801202166,4.68932364213489
143.661032538825,279.291203260721,4.56484245440634
198.134526028116,366.13341391583,4.11389361842323
125.396662022536,406.467925668554,3.39294737533732
628.411534704742,311.895139630627,4.62144530731686
1.83738806731022,151.187332873823,4.25293614773533
545.06816169895,202.584876042548,4.21324029203661
33.1724510278282,491.574393799112,2.94302326725105
279.06706432788,19.7999884385697,3.69021078910246
533.391287643476,394.489128588621,3.32909937300478
83.7535815516797,71.7226244432415,5.27802964350553
5.93589063403113,74.2563839818532,3.44627750350439
587.507650193866,227.70669584663,4.01628870676302
437.399848924271,465.974756480047,4.79412800389727
659.563222759506,372.92066843449,2.96676126909334
104.028256000307,489.136838877793,4.38392200250172
617.03005351654,89.1471481980219,4.02117500630498
417.671946613601,259.497440674749,3.53692949604948
12.7607550914689,180.774275053453,3.28165636567222
70.7973693548132,120.670389058923,4.66730949817462
606.772220898725,202.751322602979,4.28734731775451
265.788234456301,218.326469952651,3.93833072530808
579.413643594147,437.033115880377,4.17493603286366
304.892369593317,142.918333096587,3.85701586220858
532.221544140257,456.373271792264,3.55590245329842
46.0691405046004,421.511313961015,3.71416028331591
199.505068285981,286.341100625547,3.75696210494719
546.930561485435,266.072542148499,3.71855335999027
171.754173828056,34.5895410543602,3.9828159308017
503.682806206957,347.666420303976,4.71895293996743
44.6702083027279,39.7338809653405,3.45176172255503
534.014346444967,134.37634552656,4.90097055912106
NA,NA,NA
659.679800623198,335.918206475593,3.52154676098928
454.93451999163,295.677734149309,3.72730538599106
14.7200570602045,495.586836749939,3.68587913546127
556.605247097114,45.7859066675097,4.01530836933139
75.9164362218667,373.412219885487,4.00717083187574
225.862109431211,415.573083059121,3.88877545956467
427.268109270096,11.9185250725192,3.19921164322461
360.598154135007,291.298772347947,3.04988794822875
603.335071052876,99.9395834000338,4.14864594602442
393.116488448728,232.499595640773,4.18104753984026
572.686354295997,414.289801202166,4.68932364213489
143.661032538825,279.291203260721,4.56484245440634
198.134526028116,366.13341391583,4.11389361842323
125.396662022536,406.467925668554,3.39294737533732
628.411534704742,311.895139630627,4.62144530731686
1.83738806731022,151.187332873823,4.25293614773533
545.06816169895,202.584876042548,4.21324029203661
33.1724510278282,491.574393799112,2.94302326725105
279.06706432788,19.7999884385697,3.69021078910246
533.391287643476,394.489128588621,3.32909937300478
83.7535815516797,71.7226244432415,5.27802964350553
5.93589063403113,74.2563839818532,3.44627750350439
587.507650193866,227.70669584663,4.01628870676302
437.399848924271,465.974756480047,4.79412800389727
659.563222759506,372.92066843449,2.96676126909334
104.028256000307,489.136838877793,4.38392200250172
617.03005351654,89.1471481980219,4.02117500630498
417.671946613601,259.497440674749,3.53692949604948
12.7607550914689,180.774275053453,3.28165636567222
70.7973693548132,120.670389058923,4.66730949817462
606.772220898725,202.751322602979,4.28734731775451
265.788234456301,218.326469952651,3.93833072530808
579.413643594147,437.033115880377,4.17493603286366
304.892369593317,142.918333096587,3.85701586220858
532.221544140257,456.373271792264,3.55590245329842
46.0691405046004,421.511313961015,3.71416028331591
199.505068285981,286.341100625547,3.75696210494719
546.930561485435,266.072542148499,3.71855335999027
171.754173828056,34.5895410543602,3.9828159308017
503.682806206957,347.666420303976,4.71895293996743
44.6702083027279,39.7338809653405,3.45176172255503
534.014346444967,134.37634552656,4.90097055912106
NA,NA,NA
659.679800623198,335.918206475593,3.52154676098928
454.93451999163,295.677734149309,3.72730538599106
14.7200570602045,495.586836749939,3.68587913546127
556.605247097114,45.7859066675097,4.01530836933139
75.9164362218667,373.412219885487,4.00717083187574
225.862109431211,415.573083059121,3.88877545956467
427.268109270096,11.9185250725192,3.19921164322461
360.598154135007,291.298772347947,3.04988794822875
603.335071052876,99.9395834000338,4.14864594602442
393.116488448728,232.499595640773,4.18104753984026
572.686354295997,414.289801202166,4.68932364213489
143.661032538825,279.291203260721,4.56484245440634
198.134526028116,366.13341391583,4.11389361842323
125.396662022536,406.467925668554,3.39294737533732
628.411534704742,311.895139630627,4.62144530731686
1.83738806731022,151.187332873823,4.25293614773533
545.06816169895,202.584876042548,4.21324029203661
33.1724510278282,491.574393799112,2.94302326725105
279.06706432788,19.7999884385697,3.69021078910246
533.391287643476,394.489128588621,3.32909937300478
83.7535815516797,71.7226244432415,5.27802964350553
5.93589063403113,74.2563839818532,3.44627750350439
587.507650193866,227.70669584663,4.01628870676302
437.399848924271,465.974756480047,4.79412800389727
659.563222759506,372.92066843449,2.96676126909334
104.028256000307,489.136838877793,4.38392200250172
617.03005351654,89.1471481980219,4.02117500630498
417.671946613601,259.497440674749,3.53692949604948
12.7607550914689,180.774275053453,3.28165636567222
70.7973693548132,120.670389058923,4.66730949817462
606.772220898725,202.751322602979,4.28734731775451
265.788234456301,218.326469952651,3.93833072530808
579.413643594147,437.033115880377,4.17493603286366
304.892369593317,142.918333096587,3.85701586220858
532.221544140257,456.373271792264,3.55590245329842
46.0691405046004,421.511313961015,3.71416028331591
199.505068285981,286.341100625547,3.75696210494719
546.930561485435,266.072542148499,3.71855335999027
171.754173828056,34.5895410543602,3.9828159308017
503.682806206957,347.666420303976,4.71895293996743
44.6702083027279,39.7338809653405,3.45176172255503
534.014346444967,134.37634552656,4.90097055912106
NA,NA,NA
659.679800623198,335.918206475593,3.52154676098928
454.93451999163,295.677734149309,3.72730538599106
14.7200570602045,495.586836749939,3.68587913546127
556.605247097114,45.7859066675097,4.01530836933139
75.9164362218667,373.412219885487,4.00717083187574
225.862109431211,415.573083059121,3.88877545956467
427.268109270096,11.9185250725192,3.19921164322461
360.598154135007,291.298772347947,3.04988794822875
603.335071052876,99.9395834000338,4.14864594602442
393.116488448728,232.499595640773,4.18104753984026
572.686354295997,414.289801202166,4.68932364213489
143.661032538825,279.291203260721,4.56484245440634
198.134526028116,366.13341391583,4.11389361842323
125.396662022536,406.467925668554,3.39294737533732
628.411534704742,311.895139630627,4.62144530731686
1.83738806731022,151.187332873823,4.25293614773533
545.06816169895,202.584876042548,4.21324029203661
33.1724510278282,491.574393799112,2.94302326725105
279.06706432788,19.7999884385697,3.69021078910246
533.391287643476,394.489128588621,3.32909937300478
83.7535815516797,71.7226244432415,5.27802964350553
5.93589063403113,74.2563839818532,3.44627750350439
587.507650193866,227.70669584663,4.01628870676302
437.399848924271,465.974756480047,4.79412800389727
659.563222759506,372.92066843449,2.96676126909334
104.028256000307,489.136838877793,4.38392200250172
617.03005351654,89.1471481980219,4.02117500630498
417.671946613601,259.497440674749,3.53692949604948
12.7607550914689,180.774275053453,3.28165636567222
70.7973693548132,120.670389058923,4.66730949817462
606.772220898725,202.751322602979,4.28734731775451
265.788234456301,218.326469952651,3.93833072530808
579.413643594147,437.033115880377,4.17493603286366
304.892369593317,142.918333096587,3.85701586220858
532.221544140257,456.373271792264,3.55590245329842
46.0691405046004,421.511313961015,3.71416028331591
199.505068285981,286.341100625547,3.75696210494719
546.930561485435,266.072542148499,3.71855335999027
171.754173828056,34.5895410543602,3.9828159308017
503.682806206957,347.666420303976,4.71895293996743
44.6702083027279,39.7338809653405,3.45176172255503
534.014346444967,134.37634552656,4.90097055912106
NA,NA,NA
659.679800623198,335.918206475593,3.52154676098928
454.93451999163,295.677734149309,3.72730538599106
14.7200570602045,495.586836749939,3.68587913546127
556.605247097114,45.7859066675097,4.01530836933139
75.9164362218667,373.412219885487,4.00717083187574
225.862109431211,415.573083059121,3.88877545956467
427.268109270096,11.9185250725192,3.19921164322461
360.598154135007,291.298772347947,3.04988794822875
603.335071052876,99.9395834000338,4.14864594602442
393.116488448728,232.499595640773,4.18104753984026
572.686354295997,414.289801202166,4.68932364213489
143.661032538825,279.291203260721,4.56484245440634
198.134526028116,366.13341391583,4.11389361842323
125.396662022536,406.467925668554,3.39294737533732
628.411534704742,311.895139630627,4.62144530731686
1.83738806731022,151.187332873823,4.25293614773533
545.06816169895,202.584876042548,4.21324029203661
33.1724510278282,491.574393799112,2.94302326725105
279.06706432788,19.7999884385697,3.69021078910246
533.391287643476,394.489128588621,3.32909937300478
83.7535815516797,71.7226244432415,5.27802964350553
5.93589063403113,74.2563839818532,3.44627750350439
587.507650193866,227.70669584663,4.01628870676302
437.399848924271,465.974756480047,4.79412800389727
659.563222759506,372.92066843449,2.96676126909334
104.028256000307,489.136838877793,4.38392200250172
617.03005351654,89.1471481980219,4.02117500630498
417.671946613601,259.497440674749,3.53692949604948
12.7607550914689,180.774275053453,3.28165636567222
70.7973693548132,120.670389058923,4.66730949817462
606.772220898725,202.751322602979,4.28734731775451
265.788234456301,218.326469952651,3.93833072530808
579.413643594147,437.033115880377,4.17493603286366
304.892369593317,142.918333096587,3.85701586220858
532.221544140257,456.373271792264,3.55590245329842
46.0691405046004,421.511313961015,3.71416028331591
199.505068285981,286.341100625547,3.75696210494719
546.930561485435,266.072542148499,3.71855335999027
171.754173828056,34.5895410543602,3.9828159308017
503.682806206957,347.666420303976,4.71895293996743
44.6702083027279,39.7338809653405,3.45176172255503
534.014346444967,134.37634552656,4.90097055912106
NA,NA,NA
659.679800623198,335.918206475593,3.52154676098928
454.93451999163,295.677734149309,3.72730538599106
14.7200570602045,495.586836749939,3.68587913546127
556.605247097114,45.7859066675097,4.01530836933139
75.9164362218667,373.412219885487,4.00717083187574
225.862109431211,415.573083059121,3.88877545956467
427.268109270096,11.9185250725192,3.19921164322461
360.598154135007,291.298772347947,3.04988794822875
603.335071052876,99.9395834000338,4.14864594602442
393.116488448728,232.499595640773,4.18104753984026
572.686354295997,414.289801202166,4.68932364213489
143.661032538825,279.291203260721,4.56484245440634
198.134526028116,366.13341391583,4.11389361842323
125.396662022536,406.467925668554,3.39294737533732
628.411534704742,311.895139630627,4.62144530731686
1.83738806731022,151.187332873823,4.25293614773533
545.06816169895,202.584876042548,4.21324029203661
33.1724510278282,491.574393799112,2.94302326725105
279.06706432788,19.7999884385697,3.69021078910246
533.391287643476,394.489128588621,3.32909937300478
83.7535815516797,71.7226244432415,5.27802964350553
5.93589063403113,74.2563839818532,3.44627750350439
587.507650193866,227.70669584663,4.01628870676302
437.399848924271,465.974756480047,4.79412800389727
659.563222759506,372.92066843449,2.96676126909334
104.028256000307,489.136838877793,4.38392200250172
617.03005351654,89.1471481980219,4.02117500630498
417.671946613601,259.497440674749,3.53692949604948
12.7607550914689,180.774275053453,3.28165636567222
70.7973693548132,120.670389058923,4.66730949817462
606.772220898725,202.751322602979,4.28734731775451
265.788234456301,218.326469952651,3.93833072530808
579.413643594147,437.033115880377,4.17493603286366
304.892369593317,142.918333096587,3.85701586220858
532.221544140257,456.373271792264,3.55590245329842
46.0691405046004,421.511313961015,3.71416028331591
199.505068285981,286.341100625547,3.75696210494719
546.930561485435,266.072542148499,3.71855335999027
171.754173828056,34.5895410543602,3.9828159308017
503.682806206957,347.666420303976,4.71895293996743
44.6702083027279,39.7338809653405,3.45176172255503
534.014346444967,134.37634552656,4.90097055912106
NA,NA,NA
662.159004858676,332.838741681153,3.5176172160604
456.250076452134,298.907550985755,3.79593166039776
8.56979060792228,491.726786739687,3.635115884412
560.084858716216,54.9761023179443,4.20147897947354
72.8691992991484,375.513534454169,4.06658777600329
229.038730058471,411.982826143817,3.89416967930371
428.579202761892,14.6651924032548,3.25958473314397
363.306665848988,293.774470183994,3.06390735904221
606.162436075508,107.384050858307,4.23492014316237
392.96016940398,230.645612037781,4.21373698655238
564.87957649539,401.342616731617,4.69435730463464
140.024997612826,283.215532175842,4.625937707291
196.305481682807,369.130186577314,4.0112400897154
124.323205666235,411.37905669883,3.35326604314013
626.135255771745,315.103083948411,4.46589520313529
0.941419845585341,153.681692622884,4.26879901946355
541.880370023509,200.85228249882,4.14310864253241
35.8852713610806,492.451360099456,3.00016254876917
278.643794991864,20.2252613726312,3.73098955532325
534.17009035064,393.717525507978,3.4762746545001
65.6306994132764,74.6304280676198,5.25936393630874
1.68924569703623,77.4663048266277,3.44278099030715
586.822504835312,228.080179870449,4.00128038576415
439.017744332361,458.392229175691,4.81715834816097
657.661515054123,374.628716956451,2.93922077492636
102.21723048766,486.10371976477,4.44388555501202
620.36811983767,89.6869671799598,4.06458021624215
416.598962013504,256.713166556474,3.69653450734711
13.065250071287,180.09628999609,3.27363742019944
66.6301638463917,105.894719571995,4.33944298825886
611.236062758218,197.391586901108,4.45504265474642
253.815611701222,217.805300598616,3.88702031046794
577.935210017781,431.074385859838,3.76020838354778
298.646322891421,137.46347056348,3.88803333152442
527.697458631602,458.594426371308,3.56199619431752
41.8540633705502,422.735230642626,4.17020415906607
196.596354682849,286.984120889028,4.26908339487446
551.804327505238,264.337618078176,3.69347905442317
172.450938377692,28.0558418209845,4.30910406762523
510.075046291487,344.243164979474,4.33250391005962
37.1673511565173,61.6874800180934,3.72491135492808
509.567783638096,127.590892682198,4.57091815024882
NA,NA,NA
662.159004858676,332.838741681153,3.5176172160604
456.250076452134,298.907550985755,3.79593166039776
8.56979060792228,491.726786739687,3.635115884412
560.084858716216,54.9761023179443,4.20147897947354
72.8691992991484,375.513534454169,4.06658777600329
229.038730058471,411.982826143817,3.89416967930371
428.579202761892,14.6651924032548,3.25958473314397
363.306665848988,293.774470183994,3.06390735904221
606.162436075508,107.384050858307,4.23492014316237
392.96016940398,230.645612037781,4.21373698655238
564.87957649539,401.342616731617,4.69435730463464
140.024997612826,283.215532175842,4.625937707291
196.305481682807,369.130186577314,4.0112400897154
124.323205666235,411.37905669883,3.35326604314013
626.135255771745,315.103083948411,4.46589520313529
0.941419845585341,153.681692622884,4.26879901946355
541.880370023509,200.85228249882,4.14310864253241
35.8852713610806,492.451360099456,3.00016254876917
278.643794991864,20.2252613726312,3.73098955532325
534.17009035064,393.717525507978,3.4762746545001
65.6306994132764,74.6304280676198,5.25936393630874
1.68924569703623,77.4663048266277,3.44278099030715
586.822504835312,228.080179870449,4.00128038576415
439.017744332361,458.392229175691,4.81715834816097
657.661515054123,374.628716956451,2.93922077492636
102.21723048766,486.10371976477,4.44388555501202
620.36811983767,89.6869671799598,4.06458021624215
416.598962013504,256.713166556474,3.69653450734711
13.065250071287,180.09628999609,3.27363742019944
66.6301638463917,105.894719571995,4.33944298825886
611.236062758218,197.391586901108,4.45504265474642
253.815611701222,217.805300598616,3.88702031046794
577.935210017781,431.074385859838,3.76020838354778
298.646322891421,137.46347056348,3.88803333152442
527.697458631602,458.594426371308,3.56199619431752
41.8540633705502,422.735230642626,4.17020415906607
196.596354682849,286.984120889028,4.26908339487446
551.804327505238,264.337618078176,3.69347905442317
172.450938377692,28.0558418209845,4.30910406762523
510.075046291487,344.243164979474,4.33250391005962
37.1673511565173,61.6874800180934,3.72491135492808
509.567783638096,127.590892682198,4.57091815024882
NA,NA,NA
662.159004858676,332.838741681153,3.5176172160604
456.250076452134,298.907550985755,3.79593166039776
8.56979060792228,491.726786739687,3.635115884412
560.084858716216,54.9761023179443,4.20147897947354
72.8691992991484,375.513534454169,4.06658777600329
229.038730058471,411.982826143817,3.89416967930371
428.579202761892,14.6651924032548,3.25958473314397
363.306665848988,293.774470183994,3.06390735904221
606.162436075508,107.384050858307,4.23492014316237
392.96016940398,230.645612037781,4.21373698655238
564.87957649539,401.342616731617,4.69435730463464
140.024997612826,283.215532175842,4.625937707291
196.305481682807,369.130186577314,4.0112400897154
124.323205666235,411.37905669883,3.35326604314013
626.135255771745,315.103083948411,4.46589520313529
0.941419845585341,153.681692622884,4.26879901946355
541.880370023509,200.85228249882,4.14310864253241
35.8852713610806,492.451360099456,3.00016254876917
278.643794991864,20.2252613726312,3.73098955532325
534.17009035064,393.717525507978,3.4762746545001
65.6306994132764,74.6304280676198,5.25936393630874
1.68924569703623,77.4663048266277,3.44278099030715
586.822504835312,228.080179870449,4.00128038576415
439.017744332361,458.392229175691,4.81715834816097
657.661515054123,374.628716956451,2.93922077492636
102.21723048766,486.10371976477,4.44388555501202
620.36811983767,89.6869671799598,4.06458021624215
416.598962013504,256.713166556474,3.69653450734711
13.065250071287,180.09628999609,3.27363742019944
66.6301638463917,105.894719571995,4.33944298825886
611.236062758218,197.391586901108,4.45504265474642
253.815611701222,217.805300598616,3.88702031046794
577.935210017781,431.074385859838,3.76020838354778
298.646322891421,137.46347056348,3.88803333152442
527.697458631602,458.594426371308,3.56199619431752
41.8540633705502,422.735230642626,4.17020415906607
196.596354682849,286.984120889028,4.26908339487446
551.804327505238,264.337618078176,3.69347905442317
172.450938377692,28.0558418209845,4.30910406762523
510.075046291487,344.243164979474,4.33250391005962
37.1673511565173,61.6874800180934,3.72491135492808
509.567783638096,127.590892682198,4.57091815024882
NA,NA,NA
662.159004858676,332.838741681153,3.5176172160604
456.250076452134,298.907550985755,3.79593166039776
8.56979060792228,491.726786739687,3.635115884412
560.084858716216,54.9761023179443,4.20147897947354
72.8691992991484,375.513534454169,4.06658777600329
229.038730058471,411.982826143817,3.89416967930371
428.579202761892,14.6651924032548,3.25958473314397
363.306665848988,293.774470183994,3.06390735904221
606.162436075508,107.384050858307,4.23492014316237
392.96016940398,230.645612037781,4.21373698655238
564.87957649539,401.342616731617,4.69435730463464
140.024997612826,283.215532175842,4.625937707291
196.305481682807,369.130186577314,4.0112400897154
124.323205666235,411.37905669883,3.35326604314013
626.135255771745,315.103083948411,4.46589520313529
0.941419845585341,153.681692622884,4.26879901946355
541.880370023509,200.85228249882,4.14310864253241
35.8852713610806,492.451360099456,3.00016254876917
278.643794991864,20.2252613726312,3.73098955532325
534.17009035064,393.717525507978,3.4762746545001
65.6306994132764,74.6304280676198,5.25936393630874
1.68924569703623,77.4663048266277,3.44278099030715
586.822504835312,228.080179870449,4.00128038576415
439.017744332361,458.392229175691,4.81715834816097
657.661515054123,374.628716956451,2.93922077492636
102.21723048766,486.10371976477,4.44388555501202
620.36811983767,89.6869671799598,4.06458021624215
416.598962013504,256.713166556474,3.69653450734711
13.065250071287,180.09628999609,3.27363742019944
66.6301638463917,105.894719571995,4.33944298825886
611.236062758218,197.391586901108,4.45504265474642
253.815611701222,217.805300598616,3.88702031046794
577.935210017781,431.074385859838,3.76020838354778
298.646322891421,137.46347056348,3.88803333152442
527.697458631602,458.594426371308,3.56199619431752
41.8540633705502,422.735230642626,4.17020415906607
196.596354682849,286.984120889028,4.26908339487446
551.804327505238,264.337618078176,3.69347905442317
172.450938377692,28.0558418209845,4.30910406762523
510.075046291487,344.243164979474,4.33250391005962
37.1673511565173,61.6874800180934,3.72491135492808
509.567783638096,127.590892682198,4.57091815024882
NA,NA,NA
662.159004858676,332.838741681153,3.5176172160604
456.250076452134,298.907550985755,3.79593166039776
8.56979060792228,491.726786739687,3.635115884412
560.084858716216,54.9761023179443,4.20147897947354
72.8691992991484,375.513534454169,4.06658777600329
229.038730058471,411.982826143817,3.89416967930371
428.579202761892,14.6651924032548,3.25958473314397
363.306665848988,293.774470183994,3.06390735904221
606.162436075508,107.384050858307,4.23492014316237
392.96016940398,230.645612037781,4.21373698655238
564.87957649539,401.342616731617,4.69435730463464
140.024997612826,283.215532175842,4.625937707291
196.305481682807,369.130186577314,4.0112400897154
124.323205666235,411.37905669883,3.35326604314013
626.135255771745,315.103083948411,4.46589520313529
0.941419845585341,153.681692622884,4.26879901946355
541.880370023509,200.85228249882,4.14310864253241
35.8852713610806,492.451360099456,3.00016254876917
278.643794991864,20.2252613726312,3.73098955532325
534.17009035064,393.717525507978,3.4762746545001
65.6306994132764,74.6304280676198,5.25936393630874
1.68924569703623,77.4663048266277,3.44278099030715
586.822504835312,228.080179870449,4.00128038576415
439.017744332361,458.392229175691,4.81715834816097
657.661515054123,374.628716956451,2.93922077492636
102.21723048766,486.10371976477,4.44388555501202
620.36811983767,89.6869671799598,4.06458021624215
416.598962013504,256.713166556474,3.69653450734711
13.065250071287,180.09628999609,3.27363742019944
66.6301638463917,105.894719571995,4.33944298825886
611.236062758218,197.391586901108,4.45504265474642
253.815611701222,217.805300598616,3.88702031046794
577.935210017781,431.074385859838,3.76020838354778
298.646322891421,137.46347056348,3.88803333152442
527.697458631602,458.594426371308,3.56199619431752
41.8540633705502,422.735230642626,4.17020415906607
196.596354682849,286.984120889028,4.26908339487446
551.804327505238,264.337618078176,3.69347905442317
172.450938377692,28.0558418209845,4.30910406762523
510.075046291487,344.243164979474,4.33250391005962
37.1673511565173,61.6874800180934,3.72491135492808
509.567783638096,127.590892682198,4.57091815024882
NA,NA,NA
662.159004858676,332.838741681153,3.5176172160604
456.250076452134,298.907550985755,3.79593166039776
8.56979060792228,491.726786739687,3.635115884412
560.084858716216,54.9761023179443,4.20147897947354
72.8691992991484,375.513534454169,4.06658777600329
229.038730058471,411.982826143817,3.89416967930371
428.579202761892,14.6651924032548,3.25958473314397
363.306665848988,293.774470183994,3.06390735904221
606.162436075508,107.384050858307,4.23492014316237
392.96016940398,230.645612037781,4.21373698655238
564.87957649539,401.342616731617,4.69435730463464
140.024997612826,283.215532175842,4.625937707291
196.305481682807,369.130186577314,4.0112400897154
124.323205666235,411.37905669883,3.35326604314013
626.135255771745,315.103083948411,4.46589520313529
0.941419845585341,153.681692622884,4.26879901946355
541.880370023509,200.85228249882,4.14310864253241
35.8852713610806,492.451360099456,3.00016254876917
278.643794991864,20.2252613726312,3.73098955532325
534.17009035064,393.717525507978,3.4762746545001
65.6306994132764,74.6304280676198,5.25936393630874
1.68924569703623,77.4663048266277,3.44278099030715
586.822504835312,228.080179870449,4.00128038576415
439.017744332361,458.392229175691,4.81715834816097
657.661515054123,374.628716956451,2.93922077492636
102.21723048766,486.10371976477,4.44388555501202
620.36811983767,89.6869671799598,4.06458021624215
416.598962013504,256.713166556474,3.69653450734711
13.065250071287,180.09628999609,3.27363742019944
66.6301638463917,105.894719571995,4.33944298825886
611.236062758218,197.391586901108,4.45504265474642
253.815611701222,217.805300598616,3.88702031046794
577.935210017781,431.074385859838,3.76020838354778
298.646322891421,137.46347056348,3.88803333152442
527.697458631602,458.594426371308,3.56199619431752
41.8540633705502,422.735230642626,4.17020415906607
196.596354682849,286.984120889028,4.26908339487446
551.804327505238,264.337618078176,3.69347905442317
172.450938377692,28.0558418209845,4.30910406762523
510.075046291487,344.243164979474,4.33250391005962
37.1673511565173,61.6874800180934,3.72491135492808
509.567783638096,127.590892682198,4.57091815024882
NA,NA,NA
661.014123909303,333.446798757404,3.4852627337227
457.346337507001,299.793120985688,3.56691550296635
9.15588414986349,495.160769461864,3.59455208501228
562.830181074578,55.2722016173529,4.11825007463923
68.9422323948206,373.570316725065,4.18113155270081
225.700772176779,417.071865760865,3.85820726176278
428.797854887486,14.033102196659,3.32208127859521
361.048786426412,292.026366210285,2.97346031074978
604.205439777277,98.745596409237,4.27236040725191
388.44629790886,229.947427713899,4.19592989544735
570.243515492991,406.18442596797,4.68859570922785
139.871928464125,281.681488785497,4.69985064152006
198.623807046062,367.613813552539,4.0649288429191
124.376716512704,409.309230195515,3.39022218689491
622.88483993304,310.387211851522,4.6005348161664
1.97423869444932,140.306997657611,4.26286575121904
546.874487722602,202.274479078526,4.0529995989814
34.115326115997,489.599384924119,2.91656941023228
273.792923049667,20.9068817191278,3.92095898866833
535.488214855152,391.534725089405,3.42712872411215
63.9048546079108,82.067181644326,5.2313794736185
4.00182357017406,73.440945249984,3.48623991180904
588.519675288027,225.340753212597,3.96671946224502
438.609169524431,463.366535027372,4.72071830591904
659.476001491533,373.259600306653,3.23250091515315
101.7583817415,490.711908894824,4.39821518791766
624.318343980395,87.8856861845823,4.0916949308099
423.027295941303,259.802883571871,3.57250642699506
12.1461885995816,179.837216864819,3.23647590421546
56.7805820341006,132.143631642256,4.29658199484018
601.391648178674,204.932053231624,4.49349016728236
254.174322577977,215.44353122389,4.12700798579297
574.308597669913,428.164536586486,3.97315781807824
305.395902143659,136.986168487498,3.70644418250023
524.375683818337,462.147125581274,3.76555848772845
50.7505167169402,419.657447766578,3.77283034561527
204.494813692614,283.081598952716,4.24877785540544
549.103209224645,266.280364000044,3.65145911687713
159.894790718646,39.7038072287604,4.48608268510441
494.631267012464,347.11478011938,4.45031804392416
43.6492159716045,49.9880215146072,3.82576660975526
525.534323975396,154.625878260739,4.91055688476786
NA,NA,NA
661.014123909303,333.446798757404,3.4852627337227
457.346337507001,299.793120985688,3.56691550296635
9.15588414986349,495.160769461864,3.59455208501228
562.830181074578,55.2722016173529,4.11825007463923
68.9422323948206,373.570316725065,4.18113155270081
225.700772176779,417.071865760865,3.85820726176278
428.797854887486,14.033102196659,3.32208127859521
361.048786426412,292.026366210285,2.97346031074978
604.205439777277,98.745596409237,4.27236040725191
388.44629790886,229.947427713899,4.19592989544735
570.243515492991,406.18442596797,4.68859570922785
139.871928464125,281.681488785497,4.69985064152006
198.623807046062,367.613813552539,4.0649288429191
124.376716512704,409.309230195515,3.39022218689491
622.88483993304,310.387211851522,4.6005348161664
1.97423869444932,140.306997657611,4.26286575121904
546.874487722602,202.274479078526,4.0529995989814
34.115326115997,489.599384924119,2.91656941023228
273.792923049667,20.9068817191278,3.92095898866833
535.488214855152,391.534725089405,3.42712872411215
63.9048546079108,82.067181644326,5.2313794736185
4.00182357017406,73.440945249984,3.48623991180904
588.519675288027,225.340753212597,3.96671946224502
438.609169524431,463.366535027372,4.72071830591904
659.476001491533,373.259600306653,3.23250091515315
101.7583817415,490.711908894824,4.39821518791766
624.318343980395,87.8856861845823,4.0916949308099
423.027295941303,259.802883571871,3.57250642699506
12.1461885995816,179.837216864819,3.23647590421546
56.7805820341006,132.143631642256,4.29658199484018
601.391648178674,204.932053231624,4.49349016728236
254.174322577977,215.44353122389,4.12700798579297
574.308597669913,428.164536586486,3.97315781807824
305.395902143659,136.986168487498,3.70644418250023
524.375683818337,462.147125581274,3.76555848772845
50.7505167169402,419.657447766578,3.77283034561527
204.494813692614,283.081598952716,4.24877785540544
549.103209224645,266.280364000044,3.65145911687713
159.894790718646,39.7038072287604,4.48608268510441
494.631267012464,347.11478011938,4.45031804392416
43.6492159716045,49.9880215146072,3.82576660975526
525.534323975396,154.625878260739,4.91055688476786
NA,NA,NA
661.014123909303,333.446798757404,3.4852627337227
457.346337507001,299.793120985688,3.56691550296635
9.15588414986349,495.160769461864,3.59455208501228
562.830181074578,55.2722016173529,4.11825007463923
68.9422323948206,373.570316725065,4.18113155270081
225.700772176779,417.071865760865,3.85820726176278
428.797854887486,14.033102196659,3.32208127859521
361.048786426412,292.026366210285,2.97346031074978
604.205439777277,98.745596409237,4.27236040725191
388.44629790886,229.947427713899,4.19592989544735
570.243515492991,406.18442596797,4.68859570922785
139.871928464125,281.681488785497,4.69985064152006
198.623807046062,367.613813552539,4.0649288429191
124.376716512704,409.309230195515,3.39022218689491
622.88483993304,310.387211851522,4.6005348161664
1.97423869444932,140.306997657611,4.26286575121904
546.874487722602,202.274479078526,4.0529995989814
34.115326115997,489.599384924119,2.91656941023228
273.792923049667,20.9068817191278,3.92095898866833
535.488214855152,391.534725089405,3.42712872411215
63.9048546079108,82.067181644326,5.2313794736185
4.00182357017406,73.440945249984,3.48623991180904
588.519675288027,225.340753212597,3.96671946224502
438.609169524431,463.366535027372,4.72071830591904
659.476001491533,373.259600306653,3.23250091515315
101.7583817415,490.711908894824,4.39821518791766
624.318343980395,87.8856861845823,4.0916949308099
423.027295941303,259.802883571871,3.57250642699506
12.1461885995816,179.837216864819,3.23647590421546
56.7805820341006,132.143631642256,4.29658199484018
601.391648178674,204.932053231624,4.49349016728236
254.174322577977,215.44353122389,4.12700798579297
574.308597669913,428.164536586486,3.97315781807824
305.395902143659,136.986168487498,3.70644418250023
524.375683818337,462.147125581274,3.76555848772845
50.7505167169402,419.657447766578,3.77283034561527
204.494813692614,283.081598952716,4.24877785540544
549.103209224645,266.280364000044,3.65145911687713
159.894790718646,39.7038072287604,4.48608268510441
494.631267012464,347.11478011938,4.45031804392416
43.6492159716045,49.9880215146072,3.82576660975526
525.534323975396,154.625878260739,4.91055688476786
NA,NA,NA
661.014123909303,333.446798757404,3.4852627337227
457.346337507001,299.793120985688,3.56691550296635
9.15588414986349,495.160769461864,3.59455208501228
562.830181074578,55.2722016173529,4.11825007463923
68.9422323948206,373.570316725065,4.18113155270081
225.700772176779,417.071865760865,3.85820726176278
428.797854887486,14.033102196659,3.32208127859521
361.048786426412,292.026366210285,2.97346031074978
604.205439777277,98.745596409237,4.27236040725191
388.44629790886,229.947427713899,4.19592989544735
570.243515492991,406.18442596797,4.68859570922785
139.871928464125,281.681488785497,4.69985064152006
198.623807046062,367.613813552539,4.0649288429191
124.376716512704,409.309230195515,3.39022218689491
622.88483993304,310.387211851522,4.6005348161664
1.97423869444932,140.306997657611,4.26286575121904
546.874487722602,202.274479078526,4.0529995989814
34.115326115997,489.599384924119,2.91656941023228
273.792923049667,20.9068817191278,3.92095898866833
535.488214855152,391.534725089405,3.42712872411215
63.9048546079108,82.067181644326,5.2313794736185
4.00182357017406,73.440945249984,3.48623991180904
588.519675288027,225.340753212597,3.96671946224502
438.609169524431,463.366535027372,4.72071830591904
659.476001491533,373.259600306653,3.23250091515315
101.7583817415,490.711908894824,4.39821518791766
624.318343980395,87.8856861845823,4.0916949308099
423.027295941303,259.802883571871,3.57250642699506
12.1461885995816,179.837216864819,3.23647590421546
56.7805820341006,132.143631642256,4.29658199484018
601.391648178674,204.932053231624,4.49349016728236
254.174322577977,215.44353122389,4.12700798579297
574.308597669913,428.164536586486,3.97315781807824
305.395902143659,136.986168487498,3.70644418250023
524.375683818337,462.147125581274,3.76555848772845
50.7505167169402,419.657447766578,3.77283034561527
204.494813692614,283.081598952716,4.24877785540544
549.103209224645,266.280364000044,3.65145911687713
159.894790718646,39.7038072287604,4.48608268510441
494.631267012464,347.11478011938,4.45031804392416
43.6492159716045,49.9880215146072,3.82576660975526
525.534323975396,154.625878260739,4.91055688476786
NA,NA,NA
661.014123909303,333.446798757404,3.4852627337227
457.346337507001,299.793120985688,3.56691550296635
9.15588414986349,495.160769461864,3.59455208501228
562.830181074578,55.2722016173529,4.11825007463923
68.9422323948206,373.570316725065,4.18113155270081
225.700772176779,417.071865760865,3.85820726176278
428.797854887486,14.033102196659,3.32208127859521
361.048786426412,292.026366210285,2.97346031074978
604.205439777277,98.745596409237,4.27236040725191
388.44629790886,229.947427713899,4.19592989544735
570.243515492991,406.18442596797,4.68859570922785
139.871928464125,281.681488785497,4.69985064152006
198.623807046062,367.613813552539,4.0649288429191
124.376716512704,409.309230195515,3.39022218689491
622.88483993304,310.387211851522,4.6005348161664
1.97423869444932,140.306997657611,4.26286575121904
546.874487722602,202.274479078526,4.0529995989814
34.115326115997,489.599384924119,2.91656941023228
273.792923049667,20.9068817191278,3.92095898866833
535.488214855152,391.534725089405,3.42712872411215
63.9048546079108,82.067181644326,5.2313794736185
4.00182357017406,73.440945249984,3.48623991180904
588.519675288027,225.340753212597,3.96671946224502
438.609169524431,463.366535027372,4.72071830591904
659.476001491533,373.259600306653,3.23250091515315
101.7583817415,490.711908894824,4.39821518791766
624.318343980395,87.8856861845823,4.0916949308099
423.027295941303,259.802883571871,3.57250642699506
12.1461885995816,179.837216864819,3.23647590421546
56.7805820341006,132.143631642256,4.29658199484018
601.391648178674,204.932053231624,4.49349016728236
254.174322577977,215.44353122389,4.12700798579297
574.308597669913,428.164536586486,3.97315781807824
305.395902143659,136.986168487498,3.70644418250023
524.375683818337,462.147125581274,3.76555848772845
50.7505167169402,419.657447766578,3.77283034561527
204.494813692614,283.081598952716,4.24877785540544
549.103209224645,266.280364000044,3.65145911687713
159.894790718646,39.7038072287604,4.48608268510441
494.631267012464,347.11478011938,4.45031804392416
43.6492159716045,49.9880215146072,3.82576660975526
525.534323975396,154.625878260739,4.91055688476786
NA,NA,NA
661.014123909303,333.446798757404,3.4852627337227
457.346337507001,299.793120985688,3.56691550296635
9.15588414986349,495.160769461864,3.59455208501228
562.830181074578,55.2722016173529,4.11825007463923
68.9422323948206,373.570316725065,4.18113155270081
225.700772176779,417.071865760865,3.85820726176278
428.797854887486,14.033102196659,3.32208127859521
361.048786426412,292.026366210285,2.97346031074978
604.205439777277,98.745596409237,4.27236040725191
388.44629790886,229.947427713899,4.19592989544735
570.243515492991,406.18442596797,4.68859570922785
139.871928464125,281.681488785497,4.69985064152006
198.623807046062,367.613813552539,4.0649288429191
124.376716512704,409.309230195515,3.39022218689491
622.88483993304,310.387211851522,4.6005348161664
1.97423869444932,140.306997657611,4.26286575121904
546.874487722602,202.274479078526,4.0529995989814
34.115326115997,489.599384924119,2.91656941023228
273.792923049667,20.9068817191278,3.92095898866833
535.488214855152,391.534725089405,3.42712872411215
63.9048546079108,82.067181644326,5.2313794736185
4.00182357017406,73.440945249984,3.48623991180904
588.519675288027,225.340753212597,3.96671946224502
438.609169524431,463.366535027372,4.72071830591904
659.476001491533,373.259600306653,3.23250091515315
101.7583817415,490.711908894824,4.39821518791766
624.318343980395,87.8856861845823,4.0916949308099
423.027295941303,259.802883571871,3.57250642699506
12.1461885995816,179.837216864819,3.23647590421546
56.7805820341006,132.143631642256,4.29658199484018
601.391648178674,204.932053231624,4.49349016728236
254.174322577977,215.44353122389,4.12700798579297
574.308597669913,428.164536586486,3.97315781807824
305.395902143659,136.986168487498,3.70644418250023
524.375683818337,462.147125581274,3.76555848772845
50.7505167169402,419.657447766578,3.77283034561527
204.494813692614,283.081598952716,4.24877785540544
549.103209224645,266.280364000044,3.65145911687713
159.894790718646,39.7038072287604,4.48608268510441
494.631267012464,347.11478011938,4.45031804392416
43.6492159716045,49.9880215146072,3.82576660975526
525.534323975396,154.625878260739,4.91055688476786
NA,NA,NA
659.709726430931,337.632700758442,3.43421870579111
460.174122995555,301.195858402185,3.61613430207655
9.913870519922,497.4222929323,3.56669388120751
561.555273261666,46.918136477926,4.20333541456908
69.9242977456571,379.103264608901,3.86530986604277
231.519664359175,412.289458398742,3.87417103523733
428.159498033501,14.0156686614321,3.34257225638537
360.338223005378,294.212580554035,2.90706144549336
604.754669350482,104.002923809725,4.16992967277349
395.18469541038,228.862470255855,4.28749142688049
564.819692789852,413.497343671632,4.6837212977515
137.015224174491,281.979991268262,4.59652599751143
196.569226118787,367.268208400977,4.23122804714146
122.851353634103,408.812003115712,3.43280276915212
622.861795506753,314.842513633041,4.62901834160927
0.534033805542715,140.74119130328,4.32792698233804
545.162862860131,207.782448982135,4.0913824525404
33.9791398180466,493.301162113127,3.07074050045306
281.471082487409,22.9916331259932,3.80942093172088
531.369172954305,394.287050341667,3.34771506945356
71.1780422398021,81.5268563834694,5.38112855328445
7.48425542109235,74.7184508348818,3.4846665302928
592.276713626835,228.738351033489,3.99874274815395
444.323650295277,460.128992683815,4.7792625882376
657.945962797166,372.529593261277,2.87665061485128
105.374528694437,487.663409405238,4.37986555764411
623.570686576767,93.176836698227,4.08201394591978
417.221545254179,260.779513657753,3.60677469114706
11.5750662051074,182.385472243771,3.19095894855262
60.1354817348227,131.715131260298,4.49645370967719
608.291483709741,208.700827378909,3.8169711679644
248.05467552036,224.20629501145,3.74837280904853
571.661082490055,438.354634426738,4.05655299360992
303.414013313344,140.571869676518,3.92692859474178
529.100270024944,461.714363830708,3.53919202421278
43.4442981520002,421.258329118906,3.86056912355973
191.079393764469,297.598509313427,4.45511717680761
546.885835753022,259.301783299846,3.70271573759811
165.455234818861,37.0394924999709,4.26230281273556
495.452854912278,340.088779612519,4.71760612413807
43.940061445406,42.4920166691328,3.59999742487877
514.692072786837,154.956897588743,4.24556268249965
NA,NA,NA
659.709726430931,337.632700758442,3.43421870579111
460.174122995555,301.195858402185,3.61613430207655
9.913870519922,497.4222929323,3.56669388120751
561.555273261666,46.918136477926,4.20333541456908
69.9242977456571,379.103264608901,3.86530986604277
231.519664359175,412.289458398742,3.87417103523733
428.159498033501,14.0156686614321,3.34257225638537
360.338223005378,294.212580554035,2.90706144549336
604.754669350482,104.002923809725,4.16992967277349
395.18469541038,228.862470255855,4.28749142688049
564.819692789852,413.497343671632,4.6837212977515
137.015224174491,281.979991268262,4.59652599751143
196.569226118787,367.268208400977,4.23122804714146
122.851353634103,408.812003115712,3.43280276915212
622.861795506753,314.842513633041,4.62901834160927
0.534033805542715,140.74119130328,4.32792698233804
545.162862860131,207.782448982135,4.0913824525404
33.9791398180466,493.301162113127,3.07074050045306
281.471082487409,22.9916331259932,3.80942093172088
531.369172954305,394.287050341667,3.34771506945356
71.1780422398021,81.5268563834694,5.38112855328445
7.48425542109235,74.7184508348818,3.4846665302928
592.276713626835,228.738351033489,3.99874274815395
444.323650295277,460.128992683815,4.7792625882376
657.945962797166,372.529593261277,2.87665061485128
105.374528694437,487.663409405238,4.37986555764411
623.570686576767,93.176836698227,4.08201394591978
417.221545254179,260.779513657753,3.60677469114706
11.5750662051074,182.385472243771,3.19095894855262
60.1354817348227,131.715131260298,4.49645370967719
608.291483709741,208.700827378909,3.8169711679644
248.05467552036,224.20629501145,3.74837280904853
571.661082490055,438.354634426738,4.05655299360992
303.414013313344,140.571869676518,3.92692859474178
529.100270024944,461.714363830708,3.53919202421278
43.4442981520002,421.258329118906,3.86056912355973
191.079393764469,297.598509313427,4.45511717680761
546.885835753022,259.301783299846,3.70271573759811
165.455234818861,37.0394924999709,4.26230281273556
495.452854912278,340.088779612519,4.71760612413807
43.940061445406,42.4920166691328,3.59999742487877
514.692072786837,154.956897588743,4.24556268249965
NA,NA,NA
659.709726430931,337.632700758442,3.43421870579111
460.174122995555,301.195858402185,3.61613430207655
9.913870519922,497.4222929323,3.56669388120751
561.555273261666,46.918136477926,4.20333541456908
69.9242977456571,379.103264608901,3.86530986604277
231.519664359175,412.289458398742,3.87417103523733
428.159498033501,14.0156686614321,3.34257225638537
360.338223005378,294.212580554035,2.90706144549336
604.754669350482,104.002923809725,4.16992967277349
395.18469541038,228.862470255855,4.28749142688049
564.819692789852,413.497343671632,4.6837212977515
137.015224174491,281.979991268262,4.59652599751143
196.569226118787,367.268208400977,4.23122804714146
122.851353634103,408.812003115712,3.43280276915212
622.861795506753,314.842513633041,4.62901834160927
0.534033805542715,140.74119130328,4.32792698233804
545.162862860131,207.782448982135,4.0913824525404
33.9791398180466,493.301162113127,3.07074050045306
281.471082487409,22.9916331259932,3.80942093172088
531.369172954305,394.287050341667,3.34771506945356
71.1780422398021,81.5268563834694,5.38112855328445
7.48425542109235,74.7184508348818,3.4846665302928
592.276713626835,228.738351033489,3.99874274815395
444.323650295277,460.128992683815,4.7792625882376
657.945962797166,372.529593261277,2.87665061485128
105.374528694437,487.663409405238,4.37986555764411
623.570686576767,93.176836698227,4.08201394591978
417.221545254179,260.779513657753,3.60677469114706
11.5750662051074,182.385472243771,3.19095894855262
60.1354817348227,131.715131260298,4.49645370967719
608.291483709741,208.700827378909,3.8169711679644
248.05467552036,224.20629501145,3.74837280904853
571.661082490055,438.354634426738,4.05655299360992
303.414013313344,140.571869676518,3.92692859474178
529.100270024944,461.714363830708,3.53919202421278
43.4442981520002,421.258329118906,3.86056912355973
191.079393764469,297.598509313427,4.45511717680761
546.885835753022,259.301783299846,3.70271573759811
165.455234818861,37.0394924999709,4.26230281273556
495.452854912278,340.088779612519,4.71760612413807
43.940061445406,42.4920166691328,3.59999742487877
514.692072786837,154.956897588743,4.24556268249965
NA,NA,NA
659.709726430931,337.632700758442,3.43421870579111
460.174122995555,301.195858402185,3.61613430207655
9.913870519922,497.4222929323,3.56669388120751
561.555273261666,46.918136477926,4.20333541456908
69.9242977456571,379.103264608901,3.86530986604277
231.519664359175,412.289458398742,3.87417103523733
428.159498033501,14.0156686614321,3.34257225638537
360.338223005378,294.212580554035,2.90706144549336
604.754669350482,104.002923809725,4.16992967277349
395.18469541038,228.862470255855,4.28749142688049
564.819692789852,413.497343671632,4.6837212977515
137.015224174491,281.979991268262,4.59652599751143
196.569226118787,367.268208400977,4.23122804714146
122.851353634103,408.812003115712,3.43280276915212
622.861795506753,314.842513633041,4.62901834160927
0.534033805542715,140.74119130328,4.32792698233804
545.162862860131,207.782448982135,4.0913824525404
33.9791398180466,493.301162113127,3.07074050045306
281.471082487409,22.9916331259932,3.80942093172088
531.369172954305,394.287050341667,3.34771506945356
71.1780422398021,81.5268563834694,5.38112855328445
7.48425542109235,74.7184508348818,3.4846665302928
592.276713626835,228.738351033489,3.99874274815395
444.323650295277,460.128992683815,4.7792625882376
657.945962797166,372.529593261277,2.87665061485128
105.374528694437,487.663409405238,4.37986555764411
623.570686576767,93.176836698227,4.08201394591978
417.221545254179,260.779513657753,3.60677469114706
11.5750662051074,182.385472243771,3.19095894855262
60.1354817348227,131.715131260298,4.49645370967719
608.291483709741,208.700827378909,3.8169711679644
248.05467552036,224.20629501145,3.74837280904853
571.661082490055,438.354634426738,4.05655299360992
303.414013313344,140.571869676518,3.92692859474178
529.100270024944,461.714363830708,3.53919202421278
43.4442981520002,421.258329118906,3.86056912355973
191.079393764469,297.598509313427,4.45511717680761
546.885835753022,259.301783299846,3.70271573759811
165.455234818861,37.0394924999709,4.26230281273556
495.452854912278,340.088779612519,4.71760612413807
43.940061445406,42.4920166691328,3.59999742487877
514.692072786837,154.956897588743,4.24556268249965
NA,NA,NA
659.709726430931,337.632700758442,3.43421870579111
460.174122995555,301.195858402185,3.61613430207655
9.913870519922,497.4222929323,3.56669388120751
561.555273261666,46.918136477926,4.20333541456908
69.9242977456571,379.103264608901,3.86530986604277
231.519664359175,412.289458398742,3.87417103523733
428.159498033501,14.0156686614321,3.34257225638537
360.338223005378,294.212580554035,2.90706144549336
604.754669350482,104.002923809725,4.16992967277349
395.18469541038,228.862470255855,4.28749142688049
564.819692789852,413.497343671632,4.6837212977515
137.015224174491,281.979991268262,4.59652599751143
196.569226118787,367.268208400977,4.23122804714146
122.851353634103,408.812003115712,3.43280276915212
622.861795506753,314.842513633041,4.62901834160927
0.534033805542715,140.74119130328,4.32792698233804
545.162862860131,207.782448982135,4.0913824525404
33.9791398180466,493.301162113127,3.07074050045306
281.471082487409,22.9916331259932,3.80942093172088
531.369172954305,394.287050341667,3.34771506945356
71.1780422398021,81.5268563834694,5.38112855328445
7.48425542109235,74.7184508348818,3.4846665302928
592.276713626835,228.738351033489,3.99874274815395
444.323650295277,460.128992683815,4.7792625882376
657.945962797166,372.529593261277,2.87665061485128
105.374528694437,487.663409405238,4.37986555764411
623.570686576767,93.176836698227,4.08201394591978
417.221545254179,260.779513657753,3.60677469114706
11.5750662051074,182.385472243771,3.19095894855262
60.1354817348227,131.715131260298,4.49645370967719
608.291483709741,208.700827378909,3.8169711679644
248.05467552036,224.20629501145,3.74837280904853
571.661082490055,438.354634426738,4.05655299360992
303.414013313344,140.571869676518,3.92692859474178
529.100270024944,461.714363830708,3.53919202421278
43.4442981520002,421.258329118906,3.86056912355973
191.079393764469,297.598509313427,4.45511717680761
546.885835753022,259.301783299846,3.70271573759811
165.455234818861,37.0394924999709,4.26230281273556
495.452854912278,340.088779612519,4.71760612413807
43.940061445406,42.4920166691328,3.59999742487877
514.692072786837,154.956897588743,4.24556268249965
NA,NA,NA
659.709726430931,337.632700758442,3.43421870579111
460.174122995555,301.195858402185,3.61613430207655
9.913870519922,497.4222929323,3.56669388120751
561.555273261666,46.918136477926,4.20333541456908
69.9242977456571,379.103264608901,3.86530986604277
231.519664359175,412.289458398742,3.87417103523733
428.159498033501,14.0156686614321,3.34257225638537
360.338223005378,294.212580554035,2.90706144549336
604.754669350482,104.002923809725,4.16992967277349
395.18469541038,228.862470255855,4.28749142688049
564.819692789852,413.497343671632,4.6837212977515
137.015224174491,281.979991268262,4.59652599751143
196.569226118787,367.268208400977,4.23122804714146
122.851353634103,408.812003115712,3.43280276915212
622.861795506753,314.842513633041,4.62901834160927
0.534033805542715,140.74119130328,4.32792698233804
545.162862860131,207.782448982135,4.0913824525404
33.9791398180466,493.301162113127,3.07074050045306
281.471082487409,22.9916331259932,3.80942093172088
531.369172954305,394.287050341667,3.34771506945356
71.1780422398021,81.5268563834694,5.38112855328445
7.48425542109235,74.7184508348818,3.4846665302928
592.276713626835,228.738351033489,3.99874274815395
444.323650295277,460.128992683815,4.7792625882376
657.945962797166,372.529593261277,2.87665061485128
105.374528694437,487.663409405238,4.37986555764411
623.570686576767,93.176836698227,4.08201394591978
417.221545254179,260.779513657753,3.60677469114706
11.5750662051074,182.385472243771,3.19095894855262
60.1354817348227,131.715131260298,4.49645370967719
608.291483709741,208.700827378909,3.8169711679644
248.05467552036,224.20629501145,3.74837280904853
571.661082490055,438.354634426738,4.05655299360992
303.414013313344,140.571869676518,3.92692859474178
529.100270024944,461.714363830708,3.53919202421278
43.4442981520002,421.258329118906,3.86056912355973
191.079393764469,297.598509313427,4.45511717680761
546.885835753022,259.301783299846,3.70271573759811
165.455234818861,37.0394924999709,4.26230281273556
495.452854912278,340.088779612519,4.71760612413807
43.940061445406,42.4920166691328,3.59999742487877
514.692072786837,154.956897588743,4.24556268249965
NA,NA,NA
662.651071437707,332.10324592676,3.64779519057558
456.552681515808,297.318350811916,3.58681963037025
11.8095265158663,491.154933874289,3.79440549821449
555.876311106118,57.0393796445169,4.2182753198541
64.5250553573373,373.790500317638,3.76291834584857
227.092098193623,413.636741986712,4.04049916783218
429.97039558982,13.9415921072184,3.32965984168971
362.248151804881,292.226955612976,3.08509070662732
603.916914368874,103.530886313205,4.25814955463647
390.801128020546,225.916571690702,4.23878665626802
570.243152596602,405.881997046541,4.72693335620717
141.53586598069,279.665750535585,4.70488833015787
200.086252457796,366.830907182598,3.99019562248357
124.308417930189,412.932126716096,3.38360510238439
623.152132937514,315.772377769155,4.64420421305077
-2.26773211623261,142.163450336113,4.21054319424785
545.809484335939,200.296000334143,4.17124154289434
34.6877399616405,489.466078335047,3.03941299350373
286.686499113728,24.4101688620115,3.88240467997239
533.150149443081,390.042852060809,3.3125519735109
69.5826509039547,77.2773299298514,5.28405811738321
7.73344385604227,76.9447468301126,3.51908102987512
590.316172731348,227.137600384735,4.02184375946002
446.135546997196,458.216513435536,4.73719810637349
658.710242541059,373.607263085283,2.88914688080743
103.909455742747,487.966514858865,4.38380199258828
618.4224987831,87.8338602701349,4.04041702606368
421.265750747941,258.559092163888,3.60281533959978
13.1001265481755,182.35671424174,3.14716228303388
72.7810508434516,125.668297858652,4.6075005091522
607.365471057679,201.053065565136,4.15669089917414
248.387478317642,218.495871483133,3.91388986979613
571.561288417892,434.670217835959,3.84756641093557
299.64461202173,138.412520130638,3.96309038595785
532.535112669292,465.985698896682,3.61864985532326
45.882690156942,411.41118309837,3.49174750134026
197.21239275545,289.33344388581,4.26209043237256
555.683079865717,259.77525469868,3.63977011902
163.698807611686,26.6953439314418,4.19225770389527
497.238690692671,340.864526611471,4.56914761237679
43.1402288666532,51.2076495584977,3.56422537129244
528.657738941684,152.386567300019,4.71213044194578
NA,NA,NA
662.651071437707,332.10324592676,3.64779519057558
456.552681515808,297.318350811916,3.58681963037025
11.8095265158663,491.154933874289,3.79440549821449
555.876311106118,57.0393796445169,4.2182753198541
64.5250553573373,373.790500317638,3.76291834584857
227.092098193623,413.636741986712,4.04049916783218
429.97039558982,13.9415921072184,3.32965984168971
362.248151804881,292.226955612976,3.08509070662732
603.916914368874,103.530886313205,4.25814955463647
390.801128020546,225.916571690702,4.23878665626802
570.243152596602,405.881997046541,4.72693335620717
141.53586598069,279.665750535585,4.70488833015787
200.086252457796,366.830907182598,3.99019562248357
124.308417930189,412.932126716096,3.38360510238439
623.152132937514,315.772377769155,4.64420421305077
-2.26773211623261,142.163450336113,4.21054319424785
545.809484335939,200.296000334143,4.17124154289434
34.6877399616405,489.466078335047,3.03941299350373
286.686499113728,24.4101688620115,3.88240467997239
533.150149443081,390.042852060809,3.3125519735109
69.5826509039547,77.2773299298514,5.28405811738321
7.73344385604227,76.9447468301126,3.51908102987512
590.316172731348,227.137600384735,4.02184375946002
446.135546997196,458.216513435536,4.73719810637349
658.710242541059,373.607263085283,2.88914688080743
103.909455742747,487.966514858865,4.38380199258828
618.4224987831,87.8338602701349,4.04041702606368
421.265750747941,258.559092163888,3.60281533959978
13.1001265481755,182.35671424174,3.14716228303388
72.7810508434516,125.668297858652,4.6075005091522
607.365471057679,201.053065565136,4.15669089917414
248.387478317642,218.495871483133,3.91388986979613
571.561288417892,434.670217835959,3.84756641093557
299.64461202173,138.412520130638,3.96309038595785
532.535112669292,465.985698896682,3.61864985532326
45.882690156942,411.41118309837,3.49174750134026
197.21239275545,289.33344388581,4.26209043237256
555.683079865717,259.77525469868,3.63977011902
163.698807611686,26.6953439314418,4.19225770389527
497.238690692671,340.864526611471,4.56914761237679
43.1402288666532,51.2076495584977,3.56422537129244
528.657738941684,152.386567300019,4.71213044194578
NA,NA,NA
662.651071437707,332.10324592676,3.64779519057558
456.552681515808,297.318350811916,3.58681963037025
11.8095265158663,491.154933874289,3.79440549821449
555.876311106118,57.0393796445169,4.2182753198541
64.5250553573373,373.790500317638,3.76291834584857
227.092098193623,413.636741986712,4.04049916783218
429.97039558982,13.9415921072184,3.32965984168971
362.248151804881,292.226955612976,3.08509070662732
603.916914368874,103.530886313205,4.25814955463647
390.801128020546,225.916571690702,4.23878665626802
570.243152596602,405.881997046541,4.72693335620717
141.53586598069,279.665750535585,4.70488833015787
200.086252457796,366.830907182598,3.99019562248357
124.308417930189,412.932126716096,3.38360510238439
623.152132937514,315.772377769155,4.64420421305077
-2.26773211623261,142.163450336113,4.21054319424785
545.809484335939,200.296000334143,4.17124154289434
34.6877399616405,489.466078335047,3.03941299350373
286.686499113728,24.4101688620115,3.88240467997239
533.150149443081,390.042852060809,3.3125519735109
69.5826509039547,77.2773299298514,5.28405811738321
7.73344385604227,76.9447468301126,3.51908102987512
590.316172731348,227.137600384735,4.02184375946002
446.135546997196,458.216513435536,4.73719810637349
658.710242541059,373.607263085283,2.88914688080743
103.909455742747,487.966514858865,4.38380199258828
618.4224987831,87.8338602701349,4.04041702606368
421.265750747941,258.559092163888,3.60281533959978
13.1001265481755,182.35671424174,3.14716228303388
72.7810508434516,125.668297858652,4.6075005091522
607.365471057679,201.053065565136,4.15669089917414
248.387478317642,218.495871483133,3.91388986979613
571.561288417892,434.670217835959,3.84756641093557
299.64461202173,138.412520130638,3.96309038595785
532.535112669292,465.985698896682,3.61864985532326
45.882690156942,411.41118309837,3.49174750134026
197.21239275545,289.33344388581,4.26209043237256
555.683079865717,259.77525469868,3.63977011902
163.698807611686,26.6953439314418,4.19225770389527
497.238690692671,340.864526611471,4.56914761237679
43.1402288666532,51.2076495584977,3.56422537129244
528.657738941684,152.386567300019,4.71213044194578
NA,NA,NA
662.651071437707,332.10324592676,3.64779519057558
456.552681515808,297.318350811916,3.58681963037025
11.8095265158663,491.154933874289,3.79440549821449
555.876311106118,57.0393796445169,4.2182753198541
64.5250553573373,373.790500317638,3.76291834584857
227.092098193623,413.636741986712,4.04049916783218
429.97039558982,13.9415921072184,3.32965984168971
362.248151804881,292.226955612976,3.08509070662732
603.916914368874,103.530886313205,4.25814955463647
390.801128020546,225.916571690702,4.23878665626802
570.243152596602,405.881997046541,4.72693335620717
141.53586598069,279.665750535585,4.70488833015787
200.086252457796,366.830907182598,3.99019562248357
124.308417930189,412.932126716096,3.38360510238439
623.152132937514,315.772377769155,4.64420421305077
-2.26773211623261,142.163450336113,4.21054319424785
545.809484335939,200.296000334143,4.17124154289434
34.6877399616405,489.466078335047,3.03941299350373
286.686499113728,24.4101688620115,3.88240467997239
533.150149443081,390.042852060809,3.3125519735109
69.5826509039547,77.2773299298514,5.28405811738321
7.73344385604227,76.9447468301126,3.51908102987512
590.316172731348,227.137600384735,4.02184375946002
446.135546997196,458.216513435536,4.73719810637349
658.710242541059,373.607263085283,2.88914688080743
103.909455742747,487.966514858865,4.38380199258828
618.4224987831,87.8338602701349,4.04041702606368
421.265750747941,258.559092163888,3.60281533959978
13.1001265481755,182.35671424174,3.14716228303388
72.7810508434516,125.668297858652,4.6075005091522
607.365471057679,201.053065565136,4.15669089917414
248.387478317642,218.495871483133,3.91388986979613
571.561288417892,434.670217835959,3.84756641093557
299.64461202173,138.412520130638,3.96309038595785
532.535112669292,465.985698896682,3.61864985532326
45.882690156942,411.41118309837,3.49174750134026
197.21239275545,289.33344388581,4.26209043237256
555.683079865717,259.77525469868,3.63977011902
163.698807611686,26.6953439314418,4.19225770389527
497.238690692671,340.864526611471,4.56914761237679
43.1402288666532,51.2076495584977,3.56422537129244
528.657738941684,152.386567300019,4.71213044194578
NA,NA,NA
662.651071437707,332.10324592676,3.64779519057558
456.552681515808,297.318350811916,3.58681963037025
11.8095265158663,491.154933874289,3.79440549821449
555.876311106118,57.0393796445169,4.2182753198541
64.5250553573373,373.790500317638,3.76291834584857
227.092098193623,413.636741986712,4.04049916783218
429.97039558982,13.9415921072184,3.32965984168971
362.248151804881,292.226955612976,3.08509070662732
603.916914368874,103.530886313205,4.25814955463647
390.801128020546,225.916571690702,4.23878665626802
570.243152596602,405.881997046541,4.72693335620717
141.53586598069,279.665750535585,4.70488833015787
200.086252457796,366.830907182598,3.99019562248357
124.308417930189,412.932126716096,3.38360510238439
623.152132937514,315.772377769155,4.64420421305077
-2.26773211623261,142.163450336113,4.21054319424785
545.809484335939,200.296000334143,4.17124154289434
34.6877399616405,489.466078335047,3.03941299350373
286.686499113728,24.4101688620115,3.88240467997239
533.150149443081,390.042852060809,3.3125519735109
69.5826509039547,77.2773299298514,5.28405811738321
7.73344385604227,76.9447468301126,3.51908102987512
590.316172731348,227.137600384735,4.02184375946002
446.135546997196,458.216513435536,4.73719810637349
658.710242541059,373.607263085283,2.88914688080743
103.909455742747,487.966514858865,4.38380199258828
618.4224987831,87.8338602701349,4.04041702606368
421.265750747941,258.559092163888,3.60281533959978
13.1001265481755,182.35671424174,3.14716228303388
72.7810508434516,125.668297858652,4.6075005091522
607.365471057679,201.053065565136,4.15669089917414
248.387478317642,218.495871483133,3.91388986979613
571.561288417892,434.670217835959,3.84756641093557
299.64461202173,138.412520130638,3.96309038595785
532.535112669292,465.985698896682,3.61864985532326
45.882690156942,411.41118309837,3.49174750134026
197.21239275545,289.33344388581,4.26209043237256
555.683079865717,259.77525469868,3.63977011902
163.698807611686,26.6953439314418,4.19225770389527
497.238690692671,340.864526611471,4.56914761237679
43.1402288666532,51.2076495584977,3.56422537129244
528.657738941684,152.386567300019,4.71213044194578
NA,NA,NA
662.651071437707,332.10324592676,3.64779519057558
456.552681515808,297.318350811916,3.58681963037025
11.8095265158663,491.154933874289,3.79440549821449
555.876311106118,57.0393796445169,4.2182753198541
64.5250553573373,373.790500317638,3.76291834584857
227.092098193623,413.636741986712,4.04049916783218
429.97039558982,13.9415921072184,3.32965984168971
362.248151804881,292.226955612976,3.08509070662732
603.916914368874,103.530886313205,4.25814955463647
390.801128020546,225.916571690702,4.23878665626802
570.243152596602,405.881997046541,4.72693335620717
141.53586598069,279.665750535585,4.70488833015787
200.086252457796,366.830907182598,3.99019562248357
124.308417930189,412.932126716096,3.38360510238439
623.152132937514,315.772377769155,4.64420421305077
-2.26773211623261,142.163450336113,4.21054319424785
545.809484335939,200.296000334143,4.17124154289434
34.6877399616405,489.466078335047,3.03941299350373
286.686499113728,24.4101688620115,3.88240467997239
533.150149443081,390.042852060809,3.3125519735109
69.5826509039547,77.2773299298514,5.28405811738321
7.73344385604227,76.9447468301126,3.51908102987512
590.316172731348,227.137600384735,4.02184375946002
446.135546997196,458.216513435536,4.73719810637349
658.710242541059,373.607263085283,2.88914688080743
103.909455742747,487.966514858865,4.38380199258828
618.4224987831,87.8338602701349,4.04041702606368
421.265750747941,258.559092163888,3.60281533959978
13.1001265481755,182.35671424174,3.14716228303388
72.7810508434516,125.668297858652,4.6075005091522
607.365471057679,201.053065565136,4.15669089917414
248.387478317642,218.495871483133,3.91388986979613
571.561288417892,434.670217835959,3.84756641093557
299.64461202173,138.412520130638,3.96309038595785
532.535112669292,465.985698896682,3.61864985532326
45.882690156942,411.41118309837,3.49174750134026
197.21239275545,289.33344388581,4.26209043237256
555.683079865717,259.77525469868,3.63977011902
163.698807611686,26.6953439314418,4.19225770389527
497.238690692671,340.864526611471,4.56914761237679
43.1402288666532,51.2076495584977,3.56422537129244
528.657738941684,152.386567300019,4.71213044194578
NA,NA,NA
662.948888274249,333.983595263017,3.50484147762086
456.148028376573,298.552833061636,3.60828097198886
10.2368992634425,496.640737031592,3.68177054418732
563.337397651903,56.0644106365669,4.2289699722446
72.2877307076089,375.7588454841,4.18777356287415
226.93650691055,415.443269742109,3.9312497355659
426.381438732956,13.7773022998882,3.34758859835273
360.710929093779,292.788782845284,3.00736869504692
606.042947273715,110.302510934967,4.22381974564926
390.282353983326,230.786769743275,4.17655313522126
580.381175546104,404.220932699638,4.71337752891603
144.402128339797,275.984393596198,4.62002995619483
209.319845987427,371.601419154291,4.02822304827079
126.275704290104,411.619785147089,3.52988400682286
626.542639422233,316.679281528034,4.53513825606958
4.08073862116452,149.226073955971,4.24251683000051
544.222635243435,206.387841443844,4.23147784278536
31.9573064353801,492.016933384948,3.02664507585562
278.022769667847,21.5577591063358,3.89085557715053
535.541835806215,394.605126777135,3.40386161000617
66.2338668674868,69.2359706221641,5.36144248014713
1.72629084285275,76.6984124383616,3.55883341292679
590.728031687255,226.915738536007,4.10919305818364
439.24095074166,465.40885105573,4.781338615387
659.794672324064,373.715712310263,3.31272245881961
105.139597638209,494.586867558195,4.3198590092783
621.314780492906,89.935121911884,4.12594742844511
418.41102990051,258.294019585568,3.63972764919384
12.1034578093344,182.149877883909,3.27188859779935
65.5225120356404,115.62944468575,4.43384606947502
607.293638086098,202.442667543725,4.26792755330762
250.79844654346,217.230650581081,3.56608936566692
574.77290906564,430.347888938904,3.79874182183888
299.011584128847,140.657342695142,3.82328868059703
533.161828904469,457.770885550897,3.67212408472015
45.9169944596131,424.956778014377,3.84983604835325
200.465012592303,276.691020231881,3.92100345474063
551.509060807483,257.318739820152,3.7231246827577
174.835461455531,33.0227895672081,4.11071905927446
511.345234729898,340.557032627532,4.69222597891079
35.7332816644202,48.2652320595562,3.67872939197256
526.104303540956,138.752634699252,4.56698126944447
NA,NA,NA
662.948888274249,333.983595263017,3.50484147762086
456.148028376573,298.552833061636,3.60828097198886
10.2368992634425,496.640737031592,3.68177054418732
563.337397651903,56.0644106365669,4.2289699722446
72.2877307076089,375.7588454841,4.18777356287415
226.93650691055,415.443269742109,3.9312497355659
426.381438732956,13.7773022998882,3.34758859835273
360.710929093779,292.788782845284,3.00736869504692
606.042947273715,110.302510934967,4.22381974564926
390.282353983326,230.786769743275,4.17655313522126
580.381175546104,404.220932699638,4.71337752891603
144.402128339797,275.984393596198,4.62002995619483
209.319845987427,371.601419154291,4.02822304827079
126.275704290104,411.619785147089,3.52988400682286
626.542639422233,316.679281528034,4.53513825606958
4.08073862116452,149.226073955971,4.24251683000051
544.222635243435,206.387841443844,4.23147784278536
31.9573064353801,492.016933384948,3.02664507585562
278.022769667847,21.5577591063358,3.89085557715053
535.541835806215,394.605126777135,3.40386161000617
66.2338668674868,69.2359706221641,5.36144248014713
1.72629084285275,76.6984124383616,3.55883341292679
590.728031687255,226.915738536007,4.10919305818364
439.24095074166,465.40885105573,4.781338615387
659.794672324064,373.715712310263,3.31272245881961
105.139597638209,494.586867558195,4.3198590092783
621.314780492906,89.935121911884,4.12594742844511
418.41102990051,258.294019585568,3.63972764919384
12.1034578093344,182.149877883909,3.27188859779935
65.5225120356404,115.62944468575,4.43384606947502
607.293638086098,202.442667543725,4.26792755330762
250.79844654346,217.230650581081,3.56608936566692
574.77290906564,430.347888938904,3.79874182183888
299.011584128847,140.657342695142,3.82328868059703
533.161828904469,457.770885550897,3.67212408472015
45.9169944596131,424.956778014377,3.84983604835325
200.465012592303,276.691020231881,3.92100345474063
551.509060807483,257.318739820152,3.7231246827577
174.835461455531,33.0227895672081,4.11071905927446
511.345234729898,340.557032627532,4.69222597891079
35.7332816644202,48.2652320595562,3.67872939197256
526.104303540956,138.752634699252,4.56698126944447
NA,NA,NA
662.948888274249,333.983595263017,3.50484147762086
456.148028376573,298.552833061636,3.60828097198886
10.2368992634425,496.640737031592,3.68177054418732
563.337397651903,56.0644106365669,4.2289699722446
72.2877307076089,375.7588454841,4.18777356287415
226.93650691055,415.443269742109,3.9312497355659
426.381438732956,13.7773022998882,3.34758859835273
360.710929093779,292.788782845284,3.00736869504692
606.042947273715,110.302510934967,4.22381974564926
390.282353983326,230.786769743275,4.17655313522126
580.381175546104,404.220932699638,4.71337752891603
144.402128339797,275.984393596198,4.62002995619483
209.319845987427,371.601419154291,4.02822304827079
126.275704290104,411.619785147089,3.52988400682286
626.542639422233,316.679281528034,4.53513825606958
4.08073862116452,149.226073955971,4.24251683000051
544.222635243435,206.387841443844,4.23147784278536
31.9573064353801,492.016933384948,3.02664507585562
278.022769667847,21.5577591063358,3.89085557715053
535.541835806215,394.605126777135,3.40386161000617
66.2338668674868,69.2359706221641,5.36144248014713
1.72629084285275,76.6984124383616,3.55883341292679
590.728031687255,226.915738536007,4.10919305818364
439.24095074166,465.40885105573,4.781338615387
659.794672324064,373.715712310263,3.31272245881961
105.139597638209,494.586867558195,4.3198590092783
621.314780492906,89.935121911884,4.12594742844511
418.41102990051,258.294019585568,3.63972764919384
12.1034578093344,182.149877883909,3.27188859779935
65.5225120356404,115.62944468575,4.43384606947502
607.293638086098,202.442667543725,4.26792755330762
250.79844654346,217.230650581081,3.56608936566692
574.77290906564,430.347888938904,3.79874182183888
299.011584128847,140.657342695142,3.82328868059703
533.161828904469,457.770885550897,3.67212408472015
45.9169944596131,424.956778014377,3.84983604835325
200.465012592303,276.691020231881,3.92100345474063
551.509060807483,257.318739820152,3.7231246827577
174.835461455531,33.0227895672081,4.11071905927446
511.345234729898,340.557032627532,4.69222597891079
35.7332816644202,48.2652320595562,3.67872939197256
526.104303540956,138.752634699252,4.56698126944447
NA,NA,NA
662.948888274249,333.983595263017,3.50484147762086
456.148028376573,298.552833061636,3.60828097198886
10.2368992634425,496.640737031592,3.68177054418732
563.337397651903,56.0644106365669,4.2289699722446
72.2877307076089,375.7588454841,4.18777356287415
226.93650691055,415.443269742109,3.9312497355659
426.381438732956,13.7773022998882,3.34758859835273
360.710929093779,292.788782845284,3.00736869504692
606.042947273715,110.302510934967,4.22381974564926
390.282353983326,230.786769743275,4.17655313522126
580.381175546104,404.220932699638,4.71337752891603
144.402128339797,275.984393596198,4.62002995619483
209.319845987427,371.601419154291,4.02822304827079
126.275704290104,411.619785147089,3.52988400682286
626.542639422233,316.679281528034,4.53513825606958
4.08073862116452,149.226073955971,4.24251683000051
544.222635243435,206.387841443844,4.23147784278536
31.9573064353801,492.016933384948,3.02664507585562
278.022769667847,21.5577591063358,3.89085557715053
535.541835806215,394.605126777135,3.40386161000617
66.2338668674868,69.2359706221641,5.36144248014713
1.72629084285275,76.6984124383616,3.55883341292679
590.728031687255,226.915738536007,4.10919305818364
439.24095074166,465.40885105573,4.781338615387
659.794672324064,373.715712310263,3.31272245881961
105.139597638209,494.586867558195,4.3198590092783
621.314780492906,89.935121911884,4.12594742844511
418.41102990051,258.294019585568,3.63972764919384
12.1034578093344,182.149877883909,3.27188859779935
65.5225120356404,115.62944468575,4.43384606947502
607.293638086098,202.442667543725,4.26792755330762
250.79844654346,217.230650581081,3.56608936566692
574.77290906564,430.347888938904,3.79874182183888
299.011584128847,140.657342695142,3.82328868059703
533.161828904469,457.770885550897,3.67212408472015
45.9169944596131,424.956778014377,3.84983604835325
200.465012592303,276.691020231881,3.92100345474063
551.509060807483,257.318739820152,3.7231246827577
174.835461455531,33.0227895672081,4.11071905927446
511.345234729898,340.557032627532,4.69222597891079
35.7332816644202,48.2652320595562,3.67872939197256
526.104303540956,138.752634699252,4.56698126944447
NA,NA,NA
662.948888274249,333.983595263017,3.50484147762086
456.148028376573,298.552833061636,3.60828097198886
10.2368992634425,496.640737031592,3.68177054418732
563.337397651903,56.0644106365669,4.2289699722446
72.2877307076089,375.7588454841,4.18777356287415
226.93650691055,415.443269742109,3.9312497355659
426.381438732956,13.7773022998882,3.34758859835273
360.710929093779,292.788782845284,3.00736869504692
606.042947273715,110.302510934967,4.22381974564926
390.282353983326,230.786769743275,4.17655313522126
580.381175546104,404.220932699638,4.71337752891603
144.402128339797,275.984393596198,4.62002995619483
209.319845987427,371.601419154291,4.02822304827079
126.275704290104,411.619785147089,3.52988400682286
626.542639422233,316.679281528034,4.53513825606958
4.08073862116452,149.226073955971,4.24251683000051
544.222635243435,206.387841443844,4.23147784278536
31.9573064353801,492.016933384948,3.02664507585562
278.022769667847,21.5577591063358,3.89085557715053
535.541835806215,394.605126777135,3.40386161000617
66.2338668674868,69.2359706221641,5.36144248014713
1.72629084285275,76.6984124383616,3.55883341292679
590.728031687255,226.915738536007,4.10919305818364
439.24095074166,465.40885105573,4.781338615387
659.794672324064,373.715712310263,3.31272245881961
105.139597638209,494.586867558195,4.3198590092783
621.314780492906,89.935121911884,4.12594742844511
418.41102990051,258.294019585568,3.63972764919384
12.1034578093344,182.149877883909,3.27188859779935
65.5225120356404,115.62944468575,4.43384606947502
607.293638086098,202.442667543725,4.26792755330762
250.79844654346,217.230650581081,3.56608936566692
574.77290906564,430.347888938904,3.79874182183888
299.011584128847,140.657342695142,3.82328868059703
533.161828904469,457.770885550897,3.67212408472015
45.9169944596131,424.956778014377,3.84983604835325
200.465012592303,276.691020231881,3.92100345474063
551.509060807483,257.318739820152,3.7231246827577
174.835461455531,33.0227895672081,4.11071905927446
511.345234729898,340.557032627532,4.69222597891079
35.7332816644202,48.2652320595562,3.67872939197256
526.104303540956,138.752634699252,4.56698126944447
NA,NA,NA
662.948888274249,333.983595263017,3.50484147762086
456.148028376573,298.552833061636,3.60828097198886
10.2368992634425,496.640737031592,3.68177054418732
563.337397651903,56.0644106365669,4.2289699722446
72.2877307076089,375.7588454841,4.18777356287415
226.93650691055,415.443269742109,3.9312497355659
426.381438732956,13.7773022998882,3.34758859835273
360.710929093779,292.788782845284,3.00736869504692
606.042947273715,110.302510934967,4.22381974564926
390.282353983326,230.786769743275,4.17655313522126
580.381175546104,404.220932699638,4.71337752891603
144.402128339797,275.984393596198,4.62002995619483
209.319845987427,371.601419154291,4.02822304827079
126.275704290104,411.619785147089,3.52988400682286
626.542639422233,316.679281528034,4.53513825606958
4.08073862116452,149.226073955971,4.24251683000051
544.222635243435,206.387841443844,4.23147784278536
31.9573064353801,492.016933384948,3.02664507585562
278.022769667847,21.5577591063358,3.89085557715053
535.541835806215,394.605126777135,3.40386161000617
66.2338668674868,69.2359706221641,5.36144248014713
1.72629084285275,76.6984124383616,3.55883341292679
590.728031687255,226.915738536007,4.10919305818364
439.24095074166,465.40885105573,4.781338615387
659.794672324064,373.715712310263,3.31272245881961
105.139597638209,494.586867558195,4.3198590092783
621.314780492906,89.935121911884,4.12594742844511
418.41102990051,258.294019585568,3.63972764919384
12.1034578093344,182.149877883909,3.27188859779935
65.5225120356404,115.62944468575,4.43384606947502
607.293638086098,202.442667543725,4.26792755330762
250.79844654346,217.230650581081,3.56608936566692
574.77290906564,430.347888938904,3.79874182183888
299.011584128847,140.657342695142,3.82328868059703
533.161828904469,457.770885550897,3.67212408472015
45.9169944596131,424.956778014377,3.84983604835325
200.465012592303,276.691020231881,3.92100345474063
551.509060807483,257.318739820152,3.7231246827577
174.835461455531,33.0227895672081,4.11071905927446
511.345234729898,340.557032627532,4.69222597891079
35.7332816644202,48.2652320595562,3.67872939197256
526.104303540956,138.752634699252,4.56698126944447
NA,NA,NA
662.648481216064,338.701264555583,3.57707039228164
458.267329714801,298.158136117309,3.63451909995256
12.4824959719974,496.289670459032,3.48959124483947
558.500272106531,48.1686129029745,4.15190806566241
68.6549376499594,375.957294005163,4.09562627722605
229.898766860492,416.690970971261,3.91431126118356
429.302346986046,12.8621606717365,3.35120042969603
362.482083315556,293.348247286116,3.02898150442769
610.288148261926,102.49996522848,4.31081473097205
391.607378971981,234.412683553298,4.12180131647761
566.71337624942,407.258347863361,4.68700143597448
143.007324753251,282.860653770122,4.48462146627864
204.922403114984,366.753722874017,4.08877327868354
124.480452004739,411.484728573293,3.36853245906611
626.723589427368,312.037044896025,4.59681450630973
-0.431823194432452,150.368934062248,4.21881989279128
547.367982085904,204.811383377869,4.13369125147024
32.8865055416623,492.217681217075,3.02622306359216
278.318482829039,19.4729111753569,3.9016503878043
534.071482071851,392.495843219987,3.35234383180709
67.747226615592,78.1705254821826,5.26486466320816
4.47359381404416,77.2116582149306,3.36080013509338
591.333819801786,226.114494002072,4.05126403836905
440.615869321414,461.144251322515,4.83561711779586
658.039356740816,373.574561953335,3.04114059763813
110.21966121047,486.912652464779,4.3769055835906
623.965731834828,93.6654488671459,4.08574187253562
423.902237084838,260.048176453343,3.74467972715965
11.4691682168325,180.893764985707,3.24080515327963
68.4676795334276,113.849847110171,4.77238703477377
614.998607389452,194.116035966937,4.3127648645124
257.092635684826,225.88009153842,3.98483542392611
574.157551635638,419.15618981247,4.08843189324103
296.252026250612,138.070682805767,3.92842631136174
530.545744798985,460.000250432393,3.69955375167293
46.5234569910229,425.312918580703,4.12125712284638
200.543236290136,287.523818059943,3.80853786068031
548.300974751326,267.609396809451,3.82954852000567
174.682105795612,26.0040601489818,4.66563175256754
495.382594040406,341.769020708116,4.76343593826262
45.1911805018163,52.4575155612408,4.23612459884699
529.158993856793,144.557364229196,4.39575272423469
NA,NA,NA
662.648481216064,338.701264555583,3.57707039228164
458.267329714801,298.158136117309,3.63451909995256
12.4824959719974,496.289670459032,3.48959124483947
558.500272106531,48.1686129029745,4.15190806566241
68.6549376499594,375.957294005163,4.09562627722605
229.898766860492,416.690970971261,3.91431126118356
429.302346986046,12.8621606717365,3.35120042969603
362.482083315556,293.348247286116,3.02898150442769
610.288148261926,102.49996522848,4.31081473097205
391.607378971981,234.412683553298,4.12180131647761
566.71337624942,407.258347863361,4.68700143597448
143.007324753251,282.860653770122,4.48462146627864
204.922403114984,366.753722874017,4.08877327868354
124.480452004739,411.484728573293,3.36853245906611
626.723589427368,312.037044896025,4.59681450630973
-0.431823194432452,150.368934062248,4.21881989279128
547.367982085904,204.811383377869,4.13369125147024
32.8865055416623,492.217681217075,3.02622306359216
278.318482829039,19.4729111753569,3.9016503878043
534.071482071851,392.495843219987,3.35234383180709
67.747226615592,78.1705254821826,5.26486466320816
4.47359381404416,77.2116582149306,3.36080013509338
591.333819801786,226.114494002072,4.05126403836905
440.615869321414,461.144251322515,4.83561711779586
658.039356740816,373.574561953335,3.04114059763813
110.21966121047,486.912652464779,4.3769055835906
623.965731834828,93.6654488671459,4.08574187253562
423.902237084838,260.048176453343,3.74467972715965
11.4691682168325,180.893764985707,3.24080515327963
68.4676795334276,113.849847110171,4.77238703477377
614.998607389452,194.116035966937,4.3127648645124
257.092635684826,225.88009153842,3.98483542392611
574.157551635638,419.15618981247,4.08843189324103
296.252026250612,138.070682805767,3.92842631136174
530.545744798985,460.000250432393,3.69955375167293
46.5234569910229,425.312918580703,4.12125712284638
200.543236290136,287.523818059943,3.80853786068031
548.300974751326,267.609396809451,3.82954852000567
174.682105795612,26.0040601489818,4.66563175256754
495.382594040406,341.769020708116,4.76343593826262
45.1911805018163,52.4575155612408,4.23612459884699
529.158993856793,144.557364229196,4.39575272423469
NA,NA,NA
662.648481216064,338.701264555583,3.57707039228164
458.267329714801,298.158136117309,3.63451909995256
12.4824959719974,496.289670459032,3.48959124483947
558.500272106531,48.1686129029745,4.15190806566241
68.6549376499594,375.957294005163,4.09562627722605
229.898766860492,416.690970971261,3.91431126118356
429.302346986046,12.8621606717365,3.35120042969603
362.482083315556,293.348247286116,3.02898150442769
610.288148261926,102.49996522848,4.31081473097205
391.607378971981,234.412683553298,4.12180131647761
566.71337624942,407.258347863361,4.68700143597448
143.007324753251,282.860653770122,4.48462146627864
204.922403114984,366.753722874017,4.08877327868354
124.480452004739,411.484728573293,3.36853245906611
626.723589427368,312.037044896025,4.59681450630973
-0.431823194432452,150.368934062248,4.21881989279128
547.367982085904,204.811383377869,4.13369125147024
32.8865055416623,492.217681217075,3.02622306359216
278.318482829039,19.4729111753569,3.9016503878043
534.071482071851,392.495843219987,3.35234383180709
67.747226615592,78.1705254821826,5.26486466320816
4.47359381404416,77.2116582149306,3.36080013509338
591.333819801786,226.114494002072,4.05126403836905
440.615869321414,461.144251322515,4.83561711779586
658.039356740816,373.574561953335,3.04114059763813
110.21966121047,486.912652464779,4.3769055835906
623.965731834828,93.6654488671459,4.08574187253562
423.902237084838,260.048176453343,3.74467972715965
11.4691682168325,180.893764985707,3.24080515327963
68.4676795334276,113.849847110171,4.77238703477377
614.998607389452,194.116035966937,4.3127648645124
257.092635684826,225.88009153842,3.98483542392611
574.157551635638,419.15618981247,4.08843189324103
296.252026250612,138.070682805767,3.92842631136174
530.545744798985,460.000250432393,3.69955375167293
46.5234569910229,425.312918580703,4.12125712284638
200.543236290136,287.523818059943,3.80853786068031
548.300974751326,267.609396809451,3.82954852000567
174.682105795612,26.0040601489818,4.66563175256754
495.382594040406,341.769020708116,4.76343593826262
45.1911805018163,52.4575155612408,4.23612459884699
529.158993856793,144.557364229196,4.39575272423469
NA,NA,NA
662.648481216064,338.701264555583,3.57707039228164
458.267329714801,298.158136117309,3.63451909995256
12.4824959719974,496.289670459032,3.48959124483947
558.500272106531,48.1686129029745,4.15190806566241
68.6549376499594,375.957294005163,4.09562627722605
229.898766860492,416.690970971261,3.91431126118356
429.302346986046,12.8621606717365,3.35120042969603
362.482083315556,293.348247286116,3.02898150442769
610.288148261926,102.49996522848,4.31081473097205
391.607378971981,234.412683553298,4.12180131647761
566.71337624942,407.258347863361,4.68700143597448
143.007324753251,282.860653770122,4.48462146627864
204.922403114984,366.753722874017,4.08877327868354
124.480452004739,411.484728573293,3.36853245906611
626.723589427368,312.037044896025,4.59681450630973
-0.431823194432452,150.368934062248,4.21881989279128
547.367982085904,204.811383377869,4.13369125147024
32.8865055416623,492.217681217075,3.02622306359216
278.318482829039,19.4729111753569,3.9016503878043
534.071482071851,392.495843219987,3.35234383180709
67.747226615592,78.1705254821826,5.26486466320816
4.47359381404416,77.2116582149306,3.36080013509338
591.333819801786,226.114494002072,4.05126403836905
440.615869321414,461.144251322515,4.83561711779586
658.039356740816,373.574561953335,3.04114059763813
110.21966121047,486.912652464779,4.3769055835906
623.965731834828,93.6654488671459,4.08574187253562
423.902237084838,260.048176453343,3.74467972715965
11.4691682168325,180.893764985707,3.24080515327963
68.4676795334276,113.849847110171,4.77238703477377
614.998607389452,194.116035966937,4.3127648645124
257.092635684826,225.88009153842,3.98483542392611
574.157551635638,419.15618981247,4.08843189324103
296.252026250612,138.070682805767,3.92842631136174
530.545744798985,460.000250432393,3.69955375167293
46.5234569910229,425.312918580703,4.12125712284638
200.543236290136,287.523818059943,3.80853786068031
548.300974751326,267.609396809451,3.82954852000567
174.682105795612,26.0040601489818,4.66563175256754
495.382594040406,341.769020708116,4.76343593826262
45.1911805018163,52.4575155612408,4.23612459884699
529.158993856793,144.557364229196,4.39575272423469
NA,NA,NA
662.648481216064,338.701264555583,3.57707039228164
458.267329714801,298.158136117309,3.63451909995256
12.4824959719974,496.289670459032,3.48959124483947
558.500272106531,48.1686129029745,4.15190806566241
68.6549376499594,375.957294005163,4.09562627722605
229.898766860492,416.690970971261,3.91431126118356
429.302346986046,12.8621606717365,3.35120042969603
362.482083315556,293.348247286116,3.02898150442769
610.288148261926,102.49996522848,4.31081473097205
391.607378971981,234.412683553298,4.12180131647761
566.71337624942,407.258347863361,4.68700143597448
143.007324753251,282.860653770122,4.48462146627864
204.922403114984,366.753722874017,4.08877327868354
124.480452004739,411.484728573293,3.36853245906611
626.723589427368,312.037044896025,4.59681450630973
-0.431823194432452,150.368934062248,4.21881989279128
547.367982085904,204.811383377869,4.13369125147024
32.8865055416623,492.217681217075,3.02622306359216
278.318482829039,19.4729111753569,3.9016503878043
534.071482071851,392.495843219987,3.35234383180709
67.747226615592,78.1705254821826,5.26486466320816
4.47359381404416,77.2116582149306,3.36080013509338
591.333819801786,226.114494002072,4.05126403836905
440.615869321414,461.144251322515,4.83561711779586
658.039356740816,373.574561953335,3.04114059763813
110.21966121047,486.912652464779,4.3769055835906
623.965731834828,93.6654488671459,4.08574187253562
423.902237084838,260.048176453343,3.74467972715965
11.4691682168325,180.893764985707,3.24080515327963
68.4676795334276,113.849847110171,4.77238703477377
614.998607389452,194.116035966937,4.3127648645124
257.092635684826,225.88009153842,3.98483542392611
574.157551635638,419.15618981247,4.08843189324103
296.252026250612,138.070682805767,3.92842631136174
530.545744798985,460.000250432393,3.69955375167293
46.5234569910229,425.312918580703,4.12125712284638
200.543236290136,287.523818059943,3.80853786068031
548.300974751326,267.609396809451,3.82954852000567
174.682105795612,26.0040601489818,4.66563175256754
495.382594040406,341.769020708116,4.76343593826262
45.1911805018163,52.4575155612408,4.23612459884699
529.158993856793,144.557364229196,4.39575272423469
NA,NA,NA
662.648481216064,338.701264555583,3.57707039228164
458.267329714801,298.158136117309,3.63451909995256
12.4824959719974,496.289670459032,3.48959124483947
558.500272106531,48.1686129029745,4.15190806566241
68.6549376499594,375.957294005163,4.09562627722605
229.898766860492,416.690970971261,3.91431126118356
429.302346986046,12.8621606717365,3.35120042969603
362.482083315556,293.348247286116,3.02898150442769
610.288148261926,102.49996522848,4.31081473097205
391.607378971981,234.412683553298,4.12180131647761
566.71337624942,407.258347863361,4.68700143597448
143.007324753251,282.860653770122,4.48462146627864
204.922403114984,366.753722874017,4.08877327868354
124.480452004739,411.484728573293,3.36853245906611
626.723589427368,312.037044896025,4.59681450630973
-0.431823194432452,150.368934062248,4.21881989279128
547.367982085904,204.811383377869,4.13369125147024
32.8865055416623,492.217681217075,3.02622306359216
278.318482829039,19.4729111753569,3.9016503878043
534.071482071851,392.495843219987,3.35234383180709
67.747226615592,78.1705254821826,5.26486466320816
4.47359381404416,77.2116582149306,3.36080013509338
591.333819801786,226.114494002072,4.05126403836905
440.615869321414,461.144251322515,4.83561711779586
658.039356740816,373.574561953335,3.04114059763813
110.21966121047,486.912652464779,4.3769055835906
623.965731834828,93.6654488671459,4.08574187253562
423.902237084838,260.048176453343,3.74467972715965
11.4691682168325,180.893764985707,3.24080515327963
68.4676795334276,113.849847110171,4.77238703477377
614.998607389452,194.116035966937,4.3127648645124
257.092635684826,225.88009153842,3.98483542392611
574.157551635638,419.15618981247,4.08843189324103
296.252026250612,138.070682805767,3.92842631136174
530.545744798985,460.000250432393,3.69955375167293
46.5234569910229,425.312918580703,4.12125712284638
200.543236290136,287.523818059943,3.80853786068031
548.300974751326,267.609396809451,3.82954852000567
174.682105795612,26.0040601489818,4.66563175256754
495.382594040406,341.769020708116,4.76343593826262
45.1911805018163,52.4575155612408,4.23612459884699
529.158993856793,144.557364229196,4.39575272423469
NA,NA,NA
665.674880310105,334.124798229966,3.36706231518433
455.991317976778,299.678126050788,3.51313158189707
11.3187823634809,499.152245278174,3.72043874880291
562.735709962215,55.150938917875,4.19229694169785
69.4145409816934,373.058119393301,4.09691351269728
226.73960934626,413.308203127981,3.91129102159827
426.731504907699,12.1306191825281,3.36043978312505
362.500288938894,294.545188124944,3.10830381318606
603.776182603538,106.165365879557,4.21280719613128
394.186832497197,231.004058732267,4.20384077516445
572.761514430729,413.483975354847,4.71399733021692
148.155912869446,280.79163226826,4.52766896903232
199.49281601021,369.45507163026,3.94752064752816
124.798376527557,408.720009405209,3.34744557010131
626.478968930111,312.498461435543,4.47506762807463
-5.1307413175606,144.398504498083,4.29652843445744
542.717701705159,200.110096067332,4.11554729607839
31.2653284594767,488.957083400611,2.92843537829145
280.818755561367,24.1548340889455,4.0905474667723
532.418475431357,392.942387437862,3.33557158669503
71.210175540156,86.7024218193455,5.24297732972386
2.45528191944984,75.1182480394896,3.4687605331799
585.208797149675,225.837139016734,4.05277753364393
440.557786812752,457.871988101009,4.80713836249166
659.865977762952,373.452576425112,3.00921111897279
98.9104053868577,490.715342014897,4.32237525895488
622.063986792523,93.6757822867313,4.08347319822753
422.724839262123,261.040813474355,3.59883307731728
11.8877898869903,182.187051901942,3.30285020822247
73.8615563988323,122.987555606357,4.43024081242161
613.34107174676,198.963086526844,4.3709804614424
246.610397708843,220.564317568709,3.34168353504592
577.096276291951,436.266120162024,3.89204571379436
302.172709337205,137.239326481119,3.88731454498373
529.839422479649,459.8477588562,3.49438668385078
50.9471030873135,424.236285839387,3.75850209112035
192.819399135387,282.83676270157,4.0043807157492
555.441468119607,260.088927054886,3.49052613917488
171.134332582487,35.9223980187376,4.39896922749435
494.369538859628,349.384951194728,4.4912130360506
48.3173635116735,55.4645458953046,4.00254731816036
535.903125333066,135.296075539528,4.44109022133022
NA,NA,NA
665.674880310105,334.124798229966,3.36706231518433
455.991317976778,299.678126050788,3.51313158189707
11.3187823634809,499.152245278174,3.72043874880291
562.735709962215,55.150938917875,4.19229694169785
69.4145409816934,373.058119393301,4.09691351269728
226.73960934626,413.308203127981,3.91129102159827
426.731504907699,12.1306191825281,3.36043978312505
362.500288938894,294.545188124944,3.10830381318606
603.776182603538,106.165365879557,4.21280719613128
394.186832497197,231.004058732267,4.20384077516445
572.761514430729,413.483975354847,4.71399733021692
148.155912869446,280.79163226826,4.52766896903232
199.49281601021,369.45507163026,3.94752064752816
124.798376527557,408.720009405209,3.34744557010131
626.478968930111,312.498461435543,4.47506762807463
-5.1307413175606,144.398504498083,4.29652843445744
542.717701705159,200.110096067332,4.11554729607839
31.2653284594767,488.957083400611,2.92843537829145
280.818755561367,24.1548340889455,4.0905474667723
532.418475431357,392.942387437862,3.33557158669503
71.210175540156,86.7024218193455,5.24297732972386
2.45528191944984,75.1182480394896,3.4687605331799
585.208797149675,225.837139016734,4.05277753364393
440.557786812752,457.871988101009,4.80713836249166
659.865977762952,373.452576425112,3.00921111897279
98.9104053868577,490.715342014897,4.32237525895488
622.063986792523,93.6757822867313,4.08347319822753
422.724839262123,261.040813474355,3.59883307731728
11.8877898869903,182.187051901942,3.30285020822247
73.8615563988323,122.987555606357,4.43024081242161
613.34107174676,198.963086526844,4.3709804614424
246.610397708843,220.564317568709,3.34168353504592
577.096276291951,436.266120162024,3.89204571379436
302.172709337205,137.239326481119,3.88731454498373
529.839422479649,459.8477588562,3.49438668385078
50.9471030873135,424.236285839387,3.75850209112035
192.819399135387,282.83676270157,4.0043807157492
555.441468119607,260.088927054886,3.49052613917488
171.134332582487,35.9223980187376,4.39896922749435
494.369538859628,349.384951194728,4.4912130360506
48.3173635116735,55.4645458953046,4.00254731816036
535.903125333066,135.296075539528,4.44109022133022
NA,NA,NA
665.674880310105,334.124798229966,3.36706231518433
455.991317976778,299.678126050788,3.51313158189707
11.3187823634809,499.152245278174,3.72043874880291
562.735709962215,55.150938917875,4.19229694169785
69.4145409816934,373.058119393301,4.09691351269728
226.73960934626,413.308203127981,3.91129102159827
426.731504907699,12.1306191825281,3.36043978312505
362.500288938894,294.545188124944,3.10830381318606
603.776182603538,106.165365879557,4.21280719613128
394.186832497197,231.004058732267,4.20384077516445
572.761514430729,413.483975354847,4.71399733021692
148.155912869446,280.79163226826,4.52766896903232
199.49281601021,369.45507163026,3.94752064752816
124.798376527557,408.720009405209,3.34744557010131
626.478968930111,312.498461435543,4.47506762807463
-5.1307413175606,144.398504498083,4.29652843445744
542.717701705159,200.110096067332,4.11554729607839
31.2653284594767,488.957083400611,2.92843537829145
280.818755561367,24.1548340889455,4.0905474667723
532.418475431357,392.942387437862,3.33557158669503
71.210175540156,86.7024218193455,5.24297732972386
2.45528191944984,75.1182480394896,3.4687605331799
585.208797149675,225.837139016734,4.05277753364393
440.557786812752,457.871988101009,4.80713836249166
659.865977762952,373.452576425112,3.00921111897279
98.9104053868577,490.715342014897,4.32237525895488
622.063986792523,93.6757822867313,4.08347319822753
422.724839262123,261.040813474355,3.59883307731728
11.8877898869903,182.187051901942,3.30285020822247
73.8615563988323,122.987555606357,4.43024081242161
613.34107174676,198.963086526844,4.3709804614424
246.610397708843,220.564317568709,3.34168353504592
577.096276291951,436.266120162024,3.89204571379436
302.172709337205,137.239326481119,3.88731454498373
529.839422479649,459.8477588562,3.49438668385078
50.9471030873135,424.236285839387,3.75850209112035
192.819399135387,282.83676270157,4.0043807157492
555.441468119607,260.088927054886,3.49052613917488
171.134332582487,35.9223980187376,4.39896922749435
494.369538859628,349.384951194728,4.4912130360506
48.3173635116735,55.4645458953046,4.00254731816036
535.903125333066,135.296075539528,4.44109022133022
NA,NA,NA
665.674880310105,334.124798229966,3.36706231518433
455.991317976778,299.678126050788,3.51313158189707
11.3187823634809,499.152245278174,3.72043874880291
562.735709962215,55.150938917875,4.19229694169785
69.4145409816934,373.058119393301,4.09691351269728
226.73960934626,413.308203127981,3.91129102159827
426.731504907699,12.1306191825281,3.36043978312505
362.500288938894,294.545188124944,3.10830381318606
603.776182603538,106.165365879557,4.21280719613128
394.186832497197,231.004058732267,4.20384077516445
572.761514430729,413.483975354847,4.71399733021692
148.155912869446,280.79163226826,4.52766896903232
199.49281601021,369.45507163026,3.94752064752816
124.798376527557,408.720009405209,3.34744557010131
626.478968930111,312.498461435543,4.47506762807463
-5.1307413175606,144.398504498083,4.29652843445744
542.717701705159,200.110096067332,4.11554729607839
31.2653284594767,488.957083400611,2.92843537829145
280.818755561367,24.1548340889455,4.0905474667723
532.418475431357,392.942387437862,3.33557158669503
71.210175540156,86.7024218193455,5.24297732972386
2.45528191944984,75.1182480394896,3.4687605331799
585.208797149675,225.837139016734,4.05277753364393
440.557786812752,457.871988101009,4.80713836249166
659.865977762952,373.452576425112,3.00921111897279
98.9104053868577,490.715342014897,4.32237525895488
622.063986792523,93.6757822867313,4.08347319822753
422.724839262123,261.040813474355,3.59883307731728
11.8877898869903,182.187051901942,3.30285020822247
73.8615563988323,122.987555606357,4.43024081242161
613.34107174676,198.963086526844,4.3709804614424
246.610397708843,220.564317568709,3.34168353504592
577.096276291951,436.266120162024,3.89204571379436
302.172709337205,137.239326481119,3.88731454498373
529.839422479649,459.8477588562,3.49438668385078
50.9471030873135,424.236285839387,3.75850209112035
192.819399135387,282.83676270157,4.0043807157492
555.441468119607,260.088927054886,3.49052613917488
171.134332582487,35.9223980187376,4.39896922749435
494.369538859628,349.384951194728,4.4912130360506
48.3173635116735,55.4645458953046,4.00254731816036
535.903125333066,135.296075539528,4.44109022133022
NA,NA,NA
665.674880310105,334.124798229966,3.36706231518433
455.991317976778,299.678126050788,3.51313158189707
11.3187823634809,499.152245278174,3.72043874880291
562.735709962215,55.150938917875,4.19229694169785
69.4145409816934,373.058119393301,4.09691351269728
226.73960934626,413.308203127981,3.91129102159827
426.731504907699,12.1306191825281,3.36043978312505
362.500288938894,294.545188124944,3.10830381318606
603.776182603538,106.165365879557,4.21280719613128
394.186832497197,231.004058732267,4.20384077516445
572.761514430729,413.483975354847,4.71399733021692
148.155912869446,280.79163226826,4.52766896903232
199.49281601021,369.45507163026,3.94752064752816
124.798376527557,408.720009405209,3.34744557010131
626.478968930111,312.498461435543,4.47506762807463
-5.1307413175606,144.398504498083,4.29652843445744
542.717701705159,200.110096067332,4.11554729607839
31.2653284594767,488.957083400611,2.92843537829145
280.818755561367,24.1548340889455,4.0905474667723
532.418475431357,392.942387437862,3.33557158669503
71.210175540156,86.7024218193455,5.24297732972386
2.45528191944984,75.1182480394896,3.4687605331799
585.208797149675,225.837139016734,4.05277753364393
440.557786812752,457.871988101009,4.80713836249166
659.865977762952,373.452576425112,3.00921111897279
98.9104053868577,490.715342014897,4.32237525895488
622.063986792523,93.6757822867313,4.08347319822753
422.724839262123,261.040813474355,3.59883307731728
11.8877898869903,182.187051901942,3.30285020822247
73.8615563988323,122.987555606357,4.43024081242161
613.34107174676,198.963086526844,4.3709804614424
246.610397708843,220.564317568709,3.34168353504592
577.096276291951,436.266120162024,3.89204571379436
302.172709337205,137.239326481119,3.88731454498373
529.839422479649,459.8477588562,3.49438668385078
50.9471030873135,424.236285839387,3.75850209112035
192.819399135387,282.83676270157,4.0043807157492
555.441468119607,260.088927054886,3.49052613917488
171.134332582487,35.9223980187376,4.39896922749435
494.369538859628,349.384951194728,4.4912130360506
48.3173635116735,55.4645458953046,4.00254731816036
535.903125333066,135.296075539528,4.44109022133022
NA,NA,NA
665.674880310105,334.124798229966,3.36706231518433
455.991317976778,299.678126050788,3.51313158189707
11.3187823634809,499.152245278174,3.72043874880291
562.735709962215,55.150938917875,4.19229694169785
69.4145409816934,373.058119393301,4.09691351269728
226.73960934626,413.308203127981,3.91129102159827
426.731504907699,12.1306191825281,3.36043978312505
362.500288938894,294.545188124944,3.10830381318606
603.776182603538,106.165365879557,4.21280719613128
394.186832497197,231.004058732267,4.20384077516445
572.761514430729,413.483975354847,4.71399733021692
148.155912869446,280.79163226826,4.52766896903232
199.49281601021,369.45507163026,3.94752064752816
124.798376527557,408.720009405209,3.34744557010131
626.478968930111,312.498461435543,4.47506762807463
-5.1307413175606,144.398504498083,4.29652843445744
542.717701705159,200.110096067332,4.11554729607839
31.2653284594767,488.957083400611,2.92843537829145
280.818755561367,24.1548340889455,4.0905474667723
532.418475431357,392.942387437862,3.33557158669503
71.210175540156,86.7024218193455,5.24297732972386
2.45528191944984,75.1182480394896,3.4687605331799
585.208797149675,225.837139016734,4.05277753364393
440.557786812752,457.871988101009,4.80713836249166
659.865977762952,373.452576425112,3.00921111897279
98.9104053868577,490.715342014897,4.32237525895488
622.063986792523,93.6757822867313,4.08347319822753
422.724839262123,261.040813474355,3.59883307731728
11.8877898869903,182.187051901942,3.30285020822247
73.8615563988323,122.987555606357,4.43024081242161
613.34107174676,198.963086526844,4.3709804614424
246.610397708843,220.564317568709,3.34168353504592
577.096276291951,436.266120162024,3.89204571379436
302.172709337205,137.239326481119,3.88731454498373
529.839422479649,459.8477588562,3.49438668385078
50.9471030873135,424.236285839387,3.75850209112035
192.819399135387,282.83676270157,4.0043807157492
555.441468119607,260.088927054886,3.49052613917488
171.134332582487,35.9223980187376,4.39896922749435
494.369538859628,349.384951194728,4.4912130360506
48.3173635116735,55.4645458953046,4.00254731816036
535.903125333066,135.296075539528,4.44109022133022
NA,NA,NA
664.303329115646,337.052041989039,3.49349971906036
451.54358292783,298.258653079811,3.6696676429684
13.2888389149204,491.062513024721,3.74008914488879
561.250330752968,48.8325512533492,4.18656988716156
74.8667652267194,374.026773306322,3.91608207632152
230.053156257028,414.859641804416,3.89120300593087
430.516389313791,10.2117962161818,3.42845740223069
361.825075998818,293.062574174763,3.0983535323274
600.925595294904,102.337537822924,4.22553484618295
390.79382353002,221.471459158595,4.26858956042825
566.157355839382,409.953996031088,4.74144033050202
138.859175635438,285.187120914878,4.67270218357377
200.650050710946,367.918017483841,4.03889701103009
127.676748920647,409.278300555285,3.46361822337667
625.186513302273,313.66920974576,4.53778542476817
-2.24691935346177,149.276078219653,4.1949757553959
545.35079235927,197.524921325496,4.30423610017812
34.4644353777506,493.709629063781,2.97829000939293
281.008492457872,23.3710748636572,3.92419963962634
534.201484128242,392.245979741013,3.46302865435605
63.1890024657652,83.0553856391888,5.16096833030387
5.48011310610305,75.3773051051158,3.66006843166231
588.561308978748,226.221757951825,3.99469326340119
445.207733033565,459.951279438226,4.82384577325049
659.371143166505,374.362201277729,3.09829842691607
104.612818266285,488.361806324409,4.48474525833362
620.309937004166,87.3102197220562,4.07026032941824
419.22296445853,259.940492052761,3.6639637669824
7.36786056964775,182.844472209272,3.19842606750945
56.8602469767474,131.936745541596,4.29685196561178
598.333581075169,211.633394489905,4.42803851909691
258.908325547026,222.402154888344,4.04537501709269
567.857218893395,431.373029104299,3.82581710918519
299.548317655487,132.935800344435,3.90644445938147
536.030677871205,458.822715805802,3.83774740215843
37.4923129972546,413.635811563444,3.86426196760195
190.551433861169,299.017928258178,3.75107115334076
551.662843442692,265.57189103574,3.69697615019542
170.707654437283,34.7498902386305,4.27373482964227
497.051470445445,344.135458567789,4.71054454976071
42.0124169932798,43.1557863979796,3.39163132217332
529.004512619312,153.500372100566,4.56575955006381
NA,NA,NA
664.303329115646,337.052041989039,3.49349971906036
451.54358292783,298.258653079811,3.6696676429684
13.2888389149204,491.062513024721,3.74008914488879
561.250330752968,48.8325512533492,4.18656988716156
74.8667652267194,374.026773306322,3.91608207632152
230.053156257028,414.859641804416,3.89120300593087
430.516389313791,10.2117962161818,3.42845740223069
361.825075998818,293.062574174763,3.0983535323274
600.925595294904,102.337537822924,4.22553484618295
390.79382353002,221.471459158595,4.26858956042825
566.157355839382,409.953996031088,4.74144033050202
138.859175635438,285.187120914878,4.67270218357377
200.650050710946,367.918017483841,4.03889701103009
127.676748920647,409.278300555285,3.46361822337667
625.186513302273,313.66920974576,4.53778542476817
-2.24691935346177,149.276078219653,4.1949757553959
545.35079235927,197.524921325496,4.30423610017812
34.4644353777506,493.709629063781,2.97829000939293
281.008492457872,23.3710748636572,3.92419963962634
534.201484128242,392.245979741013,3.46302865435605
63.1890024657652,83.0553856391888,5.16096833030387
5.48011310610305,75.3773051051158,3.66006843166231
588.561308978748,226.221757951825,3.99469326340119
445.207733033565,459.951279438226,4.82384577325049
659.371143166505,374.362201277729,3.09829842691607
104.612818266285,488.361806324409,4.48474525833362
620.309937004166,87.3102197220562,4.07026032941824
419.22296445853,259.940492052761,3.6639637669824
7.36786056964775,182.844472209272,3.19842606750945
56.8602469767474,131.936745541596,4.29685196561178
598.333581075169,211.633394489905,4.42803851909691
258.908325547026,222.402154888344,4.04537501709269
567.857218893395,431.373029104299,3.82581710918519
299.548317655487,132.935800344435,3.90644445938147
536.030677871205,458.822715805802,3.83774740215843
37.4923129972546,413.635811563444,3.86426196760195
190.551433861169,299.017928258178,3.75107115334076
551.662843442692,265.57189103574,3.69697615019542
170.707654437283,34.7498902386305,4.27373482964227
497.051470445445,344.135458567789,4.71054454976071
42.0124169932798,43.1557863979796,3.39163132217332
529.004512619312,153.500372100566,4.56575955006381
NA,NA,NA
664.303329115646,337.052041989039,3.49349971906036
451.54358292783,298.258653079811,3.6696676429684
13.2888389149204,491.062513024721,3.74008914488879
561.250330752968,48.8325512533492,4.18656988716156
74.8667652267194,374.026773306322,3.91608207632152
230.053156257028,414.859641804416,3.89120300593087
430.516389313791,10.2117962161818,3.42845740223069
361.825075998818,293.062574174763,3.0983535323274
600.925595294904,102.337537822924,4.22553484618295
390.79382353002,221.471459158595,4.26858956042825
566.157355839382,409.953996031088,4.74144033050202
138.859175635438,285.187120914878,4.67270218357377
200.650050710946,367.918017483841,4.03889701103009
127.676748920647,409.278300555285,3.46361822337667
625.186513302273,313.66920974576,4.53778542476817
-2.24691935346177,149.276078219653,4.1949757553959
545.35079235927,197.524921325496,4.30423610017812
34.4644353777506,493.709629063781,2.97829000939293
281.008492457872,23.3710748636572,3.92419963962634
534.201484128242,392.245979741013,3.46302865435605
63.1890024657652,83.0553856391888,5.16096833030387
5.48011310610305,75.3773051051158,3.66006843166231
588.561308978748,226.221757951825,3.99469326340119
445.207733033565,459.951279438226,4.82384577325049
659.371143166505,374.362201277729,3.09829842691607
104.612818266285,488.361806324409,4.48474525833362
620.309937004166,87.3102197220562,4.07026032941824
419.22296445853,259.940492052761,3.6639637669824
7.36786056964775,182.844472209272,3.19842606750945
56.8602469767474,131.936745541596,4.29685196561178
598.333581075169,211.633394489905,4.42803851909691
258.908325547026,222.402154888344,4.04537501709269
567.857218893395,431.373029104299,3.82581710918519
299.548317655487,132.935800344435,3.90644445938147
536.030677871205,458.822715805802,3.83774740215843
37.4923129972546,413.635811563444,3.86426196760195
190.551433861169,299.017928258178,3.75107115334076
551.662843442692,265.57189103574,3.69697615019542
170.707654437283,34.7498902386305,4.27373482964227
497.051470445445,344.135458567789,4.71054454976071
42.0124169932798,43.1557863979796,3.39163132217332
529.004512619312,153.500372100566,4.56575955006381
NA,NA,NA
664.303329115646,337.052041989039,3.49349971906036
451.54358292783,298.258653079811,3.6696676429684
13.2888389149204,491.062513024721,3.74008914488879
561.250330752968,48.8325512533492,4.18656988716156
74.8667652267194,374.026773306322,3.91608207632152
230.053156257028,414.859641804416,3.89120300593087
430.516389313791,10.2117962161818,3.42845740223069
361.825075998818,293.062574174763,3.0983535323274
600.925595294904,102.337537822924,4.22553484618295
390.79382353002,221.471459158595,4.26858956042825
566.157355839382,409.953996031088,4.74144033050202
138.859175635438,285.187120914878,4.67270218357377
200.650050710946,367.918017483841,4.03889701103009
127.676748920647,409.278300555285,3.46361822337667
625.186513302273,313.66920974576,4.53778542476817
-2.24691935346177,149.276078219653,4.1949757553959
545.35079235927,197.524921325496,4.30423610017812
34.4644353777506,493.709629063781,2.97829000939293
281.008492457872,23.3710748636572,3.92419963962634
534.201484128242,392.245979741013,3.46302865435605
63.1890024657652,83.0553856391888,5.16096833030387
5.48011310610305,75.3773051051158,3.66006843166231
588.561308978748,226.221757951825,3.99469326340119
445.207733033565,459.951279438226,4.82384577325049
659.371143166505,374.362201277729,3.09829842691607
104.612818266285,488.361806324409,4.48474525833362
620.309937004166,87.3102197220562,4.07026032941824
419.22296445853,259.940492052761,3.6639637669824
7.36786056964775,182.844472209272,3.19842606750945
56.8602469767474,131.936745541596,4.29685196561178
598.333581075169,211.633394489905,4.42803851909691
258.908325547026,222.402154888344,4.04537501709269
567.857218893395,431.373029104299,3.82581710918519
299.548317655487,132.935800344435,3.90644445938147
536.030677871205,458.822715805802,3.83774740215843
37.4923129972546,413.635811563444,3.86426196760195
190.551433861169,299.017928258178,3.75107115334076
551.662843442692,265.57189103574,3.69697615019542
170.707654437283,34.7498902386305,4.27373482964227
497.051470445445,344.135458567789,4.71054454976071
42.0124169932798,43.1557863979796,3.39163132217332
529.004512619312,153.500372100566,4.56575955006381
NA,NA,NA
664.303329115646,337.052041989039,3.49349971906036
451.54358292783,298.258653079811,3.6696676429684
13.2888389149204,491.062513024721,3.74008914488879
561.250330752968,48.8325512533492,4.18656988716156
74.8667652267194,374.026773306322,3.91608207632152
230.053156257028,414.859641804416,3.89120300593087
430.516389313791,10.2117962161818,3.42845740223069
361.825075998818,293.062574174763,3.0983535323274
600.925595294904,102.337537822924,4.22553484618295
390.79382353002,221.471459158595,4.26858956042825
566.157355839382,409.953996031088,4.74144033050202
138.859175635438,285.187120914878,4.67270218357377
200.650050710946,367.918017483841,4.03889701103009
127.676748920647,409.278300555285,3.46361822337667
625.186513302273,313.66920974576,4.53778542476817
-2.24691935346177,149.276078219653,4.1949757553959
545.35079235927,197.524921325496,4.30423610017812
34.4644353777506,493.709629063781,2.97829000939293
281.008492457872,23.3710748636572,3.92419963962634
534.201484128242,392.245979741013,3.46302865435605
63.1890024657652,83.0553856391888,5.16096833030387
5.48011310610305,75.3773051051158,3.66006843166231
588.561308978748,226.221757951825,3.99469326340119
445.207733033565,459.951279438226,4.82384577325049
659.371143166505,374.362201277729,3.09829842691607
104.612818266285,488.361806324409,4.48474525833362
620.309937004166,87.3102197220562,4.07026032941824
419.22296445853,259.940492052761,3.6639637669824
7.36786056964775,182.844472209272,3.19842606750945
56.8602469767474,131.936745541596,4.29685196561178
598.333581075169,211.633394489905,4.42803851909691
258.908325547026,222.402154888344,4.04537501709269
567.857218893395,431.373029104299,3.82581710918519
299.548317655487,132.935800344435,3.90644445938147
536.030677871205,458.822715805802,3.83774740215843
37.4923129972546,413.635811563444,3.86426196760195
190.551433861169,299.017928258178,3.75107115334076
551.662843442692,265.57189103574,3.69697615019542
170.707654437283,34.7498902386305,4.27373482964227
497.051470445445,344.135458567789,4.71054454976071
42.0124169932798,43.1557863979796,3.39163132217332
529.004512619312,153.500372100566,4.56575955006381
NA,NA,NA
664.303329115646,337.052041989039,3.49349971906036
451.54358292783,298.258653079811,3.6696676429684
13.2888389149204,491.062513024721,3.74008914488879
561.250330752968,48.8325512533492,4.18656988716156
74.8667652267194,374.026773306322,3.91608207632152
230.053156257028,414.859641804416,3.89120300593087
430.516389313791,10.2117962161818,3.42845740223069
361.825075998818,293.062574174763,3.0983535323274
600.925595294904,102.337537822924,4.22553484618295
390.79382353002,221.471459158595,4.26858956042825
566.157355839382,409.953996031088,4.74144033050202
138.859175635438,285.187120914878,4.67270218357377
200.650050710946,367.918017483841,4.03889701103009
127.676748920647,409.278300555285,3.46361822337667
625.186513302273,313.66920974576,4.53778542476817
-2.24691935346177,149.276078219653,4.1949757553959
545.35079235927,197.524921325496,4.30423610017812
34.4644353777506,493.709629063781,2.97829000939293
281.008492457872,23.3710748636572,3.92419963962634
534.201484128242,392.245979741013,3.46302865435605
63.1890024657652,83.0553856391888,5.16096833030387
5.48011310610305,75.3773051051158,3.66006843166231
588.561308978748,226.221757951825,3.99469326340119
445.207733033565,459.951279438226,4.82384577325049
659.371143166505,374.362201277729,3.09829842691607
104.612818266285,488.361806324409,4.48474525833362
620.309937004166,87.3102197220562,4.07026032941824
419.22296445853,259.940492052761,3.6639637669824
7.36786056964775,182.844472209272,3.19842606750945
56.8602469767474,131.936745541596,4.29685196561178
598.333581075169,211.633394489905,4.42803851909691
258.908325547026,222.402154888344,4.04537501709269
567.857218893395,431.373029104299,3.82581710918519
299.548317655487,132.935800344435,3.90644445938147
536.030677871205,458.822715805802,3.83774740215843
37.4923129972546,413.635811563444,3.86426196760195
190.551433861169,299.017928258178,3.75107115334076
551.662843442692,265.57189103574,3.69697615019542
170.707654437283,34.7498902386305,4.27373482964227
497.051470445445,344.135458567789,4.71054454976071
42.0124169932798,43.1557863979796,3.39163132217332
529.004512619312,153.500372100566,4.56575955006381
NA,NA,NA
661.146654774287,335.844060459594,3.60433807173014
452.860410494898,296.682799779754,3.33085033083716
7.46426663706788,492.568401881378,3.6331168128948
552.822976520183,54.3026681341785,4.11900270475024
70.3043241957226,380.236336030079,3.88199445507961
231.691179995968,413.398745316119,3.93642265815143
428.886802262301,9.51968743107859,3.30486384229097
360.988107123708,292.197289518927,2.98746467712113
606.501067624477,102.229070020412,4.43369249074304
390.678207581849,225.736916365927,4.23644425909352
566.882550366792,404.309824410014,4.78638558823388
142.56081918783,278.465064855452,4.61629700938125
200.962713890701,368.5111896391,4.07532035989053
123.078979030385,411.975019896721,3.40245871614676
626.988714326371,312.280909420372,4.49367024994002
3.79976056333414,147.147907609342,4.18120598731664
539.903826249779,204.520212610799,4.20131745391063
33.7954367797349,491.144327395987,2.97705871782742
280.925828521908,20.519081802613,3.75436981119395
532.307856845986,391.646306904722,3.41280099918624
72.0085545635152,75.8745992824618,5.30328584037771
5.81187034772833,78.6691160260194,3.35665587661336
586.894727546948,224.673334316181,4.09520559156119
435.183943901715,458.256175883368,4.79311150112056
658.394414201013,372.354511288922,3.03698299503363
109.185182381222,487.531928215559,4.34476757259603
624.186566434864,92.9204546419933,4.06857443601584
418.614178736898,258.205142170089,3.6438060214968
13.5193613177223,182.15639355299,3.09981403232933
53.3710646945667,117.741242142119,4.47789823977334
599.887712219637,196.361512784995,4.35028356224397
260.374575744211,222.987799634105,3.81585258944527
573.902674103681,434.326547720989,4.15997078786726
304.155990611693,137.182068119372,3.84907730732443
533.806221868399,463.821924373697,3.73048996738577
57.8046876311958,424.801286463376,3.90367081444471
197.353611598246,289.87887458191,3.85695426585838
550.163616757912,267.564421739329,3.76988299984429
167.499452618078,31.888397813762,4.18604430295269
498.74626885931,350.556022428043,4.53072026198593
42.5899291154169,52.1154197093227,3.56884445520849
528.39565875423,144.304107665057,4.59806431226358
NA,NA,NA
661.146654774287,335.844060459594,3.60433807173014
452.860410494898,296.682799779754,3.33085033083716
7.46426663706788,492.568401881378,3.6331168128948
552.822976520183,54.3026681341785,4.11900270475024
70.3043241957226,380.236336030079,3.88199445507961
231.691179995968,413.398745316119,3.93642265815143
428.886802262301,9.51968743107859,3.30486384229097
360.988107123708,292.197289518927,2.98746467712113
606.501067624477,102.229070020412,4.43369249074304
390.678207581849,225.736916365927,4.23644425909352
566.882550366792,404.309824410014,4.78638558823388
142.56081918783,278.465064855452,4.61629700938125
200.962713890701,368.5111896391,4.07532035989053
123.078979030385,411.975019896721,3.40245871614676
626.988714326371,312.280909420372,4.49367024994002
3.79976056333414,147.147907609342,4.18120598731664
539.903826249779,204.520212610799,4.20131745391063
33.7954367797349,491.144327395987,2.97705871782742
280.925828521908,20.519081802613,3.75436981119395
532.307856845986,391.646306904722,3.41280099918624
72.0085545635152,75.8745992824618,5.30328584037771
5.81187034772833,78.6691160260194,3.35665587661336
586.894727546948,224.673334316181,4.09520559156119
435.183943901715,458.256175883368,4.79311150112056
658.394414201013,372.354511288922,3.03698299503363
109.185182381222,487.531928215559,4.34476757259603
624.186566434864,92.9204546419933,4.06857443601584
418.614178736898,258.205142170089,3.6438060214968
13.5193613177223,182.15639355299,3.09981403232933
53.3710646945667,117.741242142119,4.47789823977334
599.887712219637,196.361512784995,4.35028356224397
260.374575744211,222.987799634105,3.81585258944527
573.902674103681,434.326547720989,4.15997078786726
304.155990611693,137.182068119372,3.84907730732443
533.806221868399,463.821924373697,3.73048996738577
57.8046876311958,424.801286463376,3.90367081444471
197.353611598246,289.87887458191,3.85695426585838
550.163616757912,267.564421739329,3.76988299984429
167.499452618078,31.888397813762,4.18604430295269
498.74626885931,350.556022428043,4.53072026198593
42.5899291154169,52.1154197093227,3.56884445520849
528.39565875423,144.304107665057,4.59806431226358
NA,NA,NA
661.146654774287,335.844060459594,3.60433807173014
452.860410494898,296.682799779754,3.33085033083716
7.46426663706788,492.568401881378,3.6331168128948
552.822976520183,54.3026681341785,4.11900270475024
70.3043241957226,380.236336030079,3.88199445507961
231.691179995968,413.398745316119,3.93642265815143
428.886802262301,9.51968743107859,3.30486384229097
360.988107123708,292.197289518927,2.98746467712113
606.501067624477,102.229070020412,4.43369249074304
390.678207581849,225.736916365927,4.23644425909352
566.882550366792,404.309824410014,4.78638558823388
142.56081918783,278.465064855452,4.61629700938125
200.962713890701,368.5111896391,4.07532035989053
123.078979030385,411.975019896721,3.40245871614676
626.988714326371,312.280909420372,4.49367024994002
3.79976056333414,147.147907609342,4.18120598731664
539.903826249779,204.520212610799,4.20131745391063
33.7954367797349,491.144327395987,2.97705871782742
280.925828521908,20.519081802613,3.75436981119395
532.307856845986,391.646306904722,3.41280099918624
72.0085545635152,75.8745992824618,5.30328584037771
5.81187034772833,78.6691160260194,3.35665587661336
586.894727546948,224.673334316181,4.09520559156119
435.183943901715,458.256175883368,4.79311150112056
658.394414201013,372.354511288922,3.03698299503363
109.185182381222,487.531928215559,4.34476757259603
624.186566434864,92.9204546419933,4.06857443601584
418.614178736898,258.205142170089,3.6438060214968
13.5193613177223,182.15639355299,3.09981403232933
53.3710646945667,117.741242142119,4.47789823977334
599.887712219637,196.361512784995,4.35028356224397
260.374575744211,222.987799634105,3.81585258944527
573.902674103681,434.326547720989,4.15997078786726
304.155990611693,137.182068119372,3.84907730732443
533.806221868399,463.821924373697,3.73048996738577
57.8046876311958,424.801286463376,3.90367081444471
197.353611598246,289.87887458191,3.85695426585838
550.163616757912,267.564421739329,3.76988299984429
167.499452618078,31.888397813762,4.18604430295269
498.74626885931,350.556022428043,4.53072026198593
42.5899291154169,52.1154197093227,3.56884445520849
528.39565875423,144.304107665057,4.59806431226358
NA,NA,NA
661.146654774287,335.844060459594,3.60433807173014
452.860410494898,296.682799779754,3.33085033083716
7.46426663706788,492.568401881378,3.6331168128948
552.822976520183,54.3026681341785,4.11900270475024
70.3043241957226,380.236336030079,3.88199445507961
231.691179995968,413.398745316119,3.93642265815143
428.886802262301,9.51968743107859,3.30486384229097
360.988107123708,292.197289518927,2.98746467712113
606.501067624477,102.229070020412,4.43369249074304
390.678207581849,225.736916365927,4.23644425909352
566.882550366792,404.309824410014,4.78638558823388
142.56081918783,278.465064855452,4.61629700938125
200.962713890701,368.5111896391,4.07532035989053
123.078979030385,411.975019896721,3.40245871614676
626.988714326371,312.280909420372,4.49367024994002
3.79976056333414,147.147907609342,4.18120598731664
539.903826249779,204.520212610799,4.20131745391063
33.7954367797349,491.144327395987,2.97705871782742
280.925828521908,20.519081802613,3.75436981119395
532.307856845986,391.646306904722,3.41280099918624
72.0085545635152,75.8745992824618,5.30328584037771
5.81187034772833,78.6691160260194,3.35665587661336
586.894727546948,224.673334316181,4.09520559156119
435.183943901715,458.256175883368,4.79311150112056
658.394414201013,372.354511288922,3.03698299503363
109.185182381222,487.531928215559,4.34476757259603
624.186566434864,92.9204546419933,4.06857443601584
418.614178736898,258.205142170089,3.6438060214968
13.5193613177223,182.15639355299,3.09981403232933
53.3710646945667,117.741242142119,4.47789823977334
599.887712219637,196.361512784995,4.35028356224397
260.374575744211,222.987799634105,3.81585258944527
573.902674103681,434.326547720989,4.15997078786726
304.155990611693,137.182068119372,3.84907730732443
533.806221868399,463.821924373697,3.73048996738577
57.8046876311958,424.801286463376,3.90367081444471
197.353611598246,289.87887458191,3.85695426585838
550.163616757912,267.564421739329,3.76988299984429
167.499452618078,31.888397813762,4.18604430295269
498.74626885931,350.556022428043,4.53072026198593
42.5899291154169,52.1154197093227,3.56884445520849
528.39565875423,144.304107665057,4.59806431226358
NA,NA,NA
661.146654774287,335.844060459594,3.60433807173014
452.860410494898,296.682799779754,3.33085033083716
7.46426663706788,492.568401881378,3.6331168128948
552.822976520183,54.3026681341785,4.11900270475024
70.3043241957226,380.236336030079,3.88199445507961
231.691179995968,413.398745316119,3.93642265815143
428.886802262301,9.51968743107859,3.30486384229097
360.988107123708,292.197289518927,2.98746467712113
606.501067624477,102.229070020412,4.43369249074304
390.678207581849,225.736916365927,4.23644425909352
566.882550366792,404.309824410014,4.78638558823388
142.56081918783,278.465064855452,4.61629700938125
200.962713890701,368.5111896391,4.07532035989053
123.078979030385,411.975019896721,3.40245871614676
626.988714326371,312.280909420372,4.49367024994002
3.79976056333414,147.147907609342,4.18120598731664
539.903826249779,204.520212610799,4.20131745391063
33.7954367797349,491.144327395987,2.97705871782742
280.925828521908,20.519081802613,3.75436981119395
532.307856845986,391.646306904722,3.41280099918624
72.0085545635152,75.8745992824618,5.30328584037771
5.81187034772833,78.6691160260194,3.35665587661336
586.894727546948,224.673334316181,4.09520559156119
435.183943901715,458.256175883368,4.79311150112056
658.394414201013,372.354511288922,3.03698299503363
109.185182381222,487.531928215559,4.34476757259603
624.186566434864,92.9204546419933,4.06857443601584
418.614178736898,258.205142170089,3.6438060214968
13.5193613177223,182.15639355299,3.09981403232933
53.3710646945667,117.741242142119,4.47789823977334
599.887712219637,196.361512784995,4.35028356224397
260.374575744211,222.987799634105,3.81585258944527
573.902674103681,434.326547720989,4.15997078786726
304.155990611693,137.182068119372,3.84907730732443
533.806221868399,463.821924373697,3.73048996738577
57.8046876311958,424.801286463376,3.90367081444471
197.353611598246,289.87887458191,3.85695426585838
550.163616757912,267.564421739329,3.76988299984429
167.499452618078,31.888397813762,4.18604430295269
498.74626885931,350.556022428043,4.53072026198593
42.5899291154169,52.1154197093227,3.56884445520849
528.39565875423,144.304107665057,4.59806431226358
NA,NA,NA
661.146654774287,335.844060459594,3.60433807173014
452.860410494898,296.682799779754,3.33085033083716
7.46426663706788,492.568401881378,3.6331168128948
552.822976520183,54.3026681341785,4.11900270475024
70.3043241957226,380.236336030079,3.88199445507961
231.691179995968,413.398745316119,3.93642265815143
428.886802262301,9.51968743107859,3.30486384229097
360.988107123708,292.197289518927,2.98746467712113
606.501067624477,102.229070020412,4.43369249074304
390.678207581849,225.736916365927,4.23644425909352
566.882550366792,404.309824410014,4.78638558823388
142.56081918783,278.465064855452,4.61629700938125
200.962713890701,368.5111896391,4.07532035989053
123.078979030385,411.975019896721,3.40245871614676
626.988714326371,312.280909420372,4.49367024994002
3.79976056333414,147.147907609342,4.18120598731664
539.903826249779,204.520212610799,4.20131745391063
33.7954367797349,491.144327395987,2.97705871782742
280.925828521908,20.519081802613,3.75436981119395
532.307856845986,391.646306904722,3.41280099918624
72.0085545635152,75.8745992824618,5.30328584037771
5.81187034772833,78.6691160260194,3.35665587661336
586.894727546948,224.673334316181,4.09520559156119
435.183943901715,458.256175883368,4.79311150112056
658.394414201013,372.354511288922,3.03698299503363
109.185182381222,487.531928215559,4.34476757259603
624.186566434864,92.9204546419933,4.06857443601584
418.614178736898,258.205142170089,3.6438060214968
13.5193613177223,182.15639355299,3.09981403232933
53.3710646945667,117.741242142119,4.47789823977334
599.887712219637,196.361512784995,4.35028356224397
260.374575744211,222.987799634105,3.81585258944527
573.902674103681,434.326547720989,4.15997078786726
304.155990611693,137.182068119372,3.84907730732443
533.806221868399,463.821924373697,3.73048996738577
57.8046876311958,424.801286463376,3.90367081444471
197.353611598246,289.87887458191,3.85695426585838
550.163616757912,267.564421739329,3.76988299984429
167.499452618078,31.888397813762,4.18604430295269
498.74626885931,350.556022428043,4.53072026198593
42.5899291154169,52.1154197093227,3.56884445520849
528.39565875423,144.304107665057,4.59806431226358
NA,NA,NA
661.125546044618,333.330414084477,3.55727865622917
458.685137280501,296.922705571669,3.66566100115405
9.54586745763229,492.228166800859,3.58859585603603
559.749106338951,53.9753390144641,4.18977102638404
71.5634033299144,375.135917372887,3.98392432928525
226.781295387098,411.820824540127,3.88664172952567
428.783003172062,11.161014425029,3.30878201768609
361.712712909552,294.467859742795,3.14984207919354
603.58666483151,105.110851051405,4.18559680843089
394.008139868859,229.633846635122,4.238182678961
567.791385165422,410.822505742831,4.67025780550081
143.201700504529,290.994119512088,4.48695564984344
200.558679021744,374.297512341113,3.94390687643712
125.230412052204,412.801055418456,3.43299352706538
627.518644037437,311.038296174268,4.46703701941007
-1.53860206821484,147.139113179293,4.29535984264636
547.093585905378,197.263570394778,4.25431827521212
34.9768408621101,491.955825679743,3.05189832810486
279.870964145578,22.4317532026192,3.94900309675903
536.192885983799,391.083609250426,3.5093183816372
69.5013711292489,72.1637053870188,5.27034195387603
4.56616940322062,73.8713096655235,3.51424418161635
584.172267498385,225.797147264835,3.96649905957986
440.736514009271,459.020745897252,4.80780340034368
658.811855012519,373.277442627644,2.79162585022286
105.381949083722,482.101174376184,4.28215788884803
627.054428670683,91.1374303147487,4.06248247245813
420.980583275298,262.271993645265,3.6254732608923
12.1381974492009,182.025169559702,3.21480842653768
67.8045224825405,121.305919947943,4.44590027595264
624.334966345924,195.477894294408,4.14659481069241
260.27033578537,222.06872258487,4.00782935635065
581.600376724662,433.774702870473,3.89068596530132
299.069095438239,140.408121254809,3.72922903166345
528.204825133934,455.507318439342,3.65368609383587
47.5737518878955,418.977150789348,3.94020609333943
192.917658913875,282.260115088712,3.75762768190965
545.307006080586,267.902273208188,3.91076989907557
168.443165454826,37.0395631994549,4.43194799743535
497.600074431493,337.802978861751,4.71624110280224
36.8819511750229,50.290017606596,4.15981329814928
538.916346089286,160.553311602097,4.64011084423762
NA,NA,NA
661.125546044618,333.330414084477,3.55727865622917
458.685137280501,296.922705571669,3.66566100115405
9.54586745763229,492.228166800859,3.58859585603603
559.749106338951,53.9753390144641,4.18977102638404
71.5634033299144,375.135917372887,3.98392432928525
226.781295387098,411.820824540127,3.88664172952567
428.783003172062,11.161014425029,3.30878201768609
361.712712909552,294.467859742795,3.14984207919354
603.58666483151,105.110851051405,4.18559680843089
394.008139868859,229.633846635122,4.238182678961
567.791385165422,410.822505742831,4.67025780550081
143.201700504529,290.994119512088,4.48695564984344
200.558679021744,374.297512341113,3.94390687643712
125.230412052204,412.801055418456,3.43299352706538
627.518644037437,311.038296174268,4.46703701941007
-1.53860206821484,147.139113179293,4.29535984264636
547.093585905378,197.263570394778,4.25431827521212
34.9768408621101,491.955825679743,3.05189832810486
279.870964145578,22.4317532026192,3.94900309675903
536.192885983799,391.083609250426,3.5093183816372
69.5013711292489,72.1637053870188,5.27034195387603
4.56616940322062,73.8713096655235,3.51424418161635
584.172267498385,225.797147264835,3.96649905957986
440.736514009271,459.020745897252,4.80780340034368
658.811855012519,373.277442627644,2.79162585022286
105.381949083722,482.101174376184,4.28215788884803
627.054428670683,91.1374303147487,4.06248247245813
420.980583275298,262.271993645265,3.6254732608923
12.1381974492009,182.025169559702,3.21480842653768
67.8045224825405,121.305919947943,4.44590027595264
624.334966345924,195.477894294408,4.14659481069241
260.27033578537,222.06872258487,4.00782935635065
581.600376724662,433.774702870473,3.89068596530132
299.069095438239,140.408121254809,3.72922903166345
528.204825133934,455.507318439342,3.65368609383587
47.5737518878955,418.977150789348,3.94020609333943
192.917658913875,282.260115088712,3.75762768190965
545.307006080586,267.902273208188,3.91076989907557
168.443165454826,37.0395631994549,4.43194799743535
497.600074431493,337.802978861751,4.71624110280224
36.8819511750229,50.290017606596,4.15981329814928
538.916346089286,160.553311602097,4.64011084423762
NA,NA,NA
661.125546044618,333.330414084477,3.55727865622917
458.685137280501,296.922705571669,3.66566100115405
9.54586745763229,492.228166800859,3.58859585603603
559.749106338951,53.9753390144641,4.18977102638404
71.5634033299144,375.135917372887,3.98392432928525
226.781295387098,411.820824540127,3.88664172952567
428.783003172062,11.161014425029,3.30878201768609
361.712712909552,294.467859742795,3.14984207919354
603.58666483151,105.110851051405,4.18559680843089
394.008139868859,229.633846635122,4.238182678961
567.791385165422,410.822505742831,4.67025780550081
143.201700504529,290.994119512088,4.48695564984344
200.558679021744,374.297512341113,3.94390687643712
125.230412052204,412.801055418456,3.43299352706538
627.518644037437,311.038296174268,4.46703701941007
-1.53860206821484,147.139113179293,4.29535984264636
547.093585905378,197.263570394778,4.25431827521212
34.9768408621101,491.955825679743,3.05189832810486
279.870964145578,22.4317532026192,3.94900309675903
536.192885983799,391.083609250426,3.5093183816372
69.5013711292489,72.1637053870188,5.27034195387603
4.56616940322062,73.8713096655235,3.51424418161635
584.172267498385,225.797147264835,3.96649905957986
440.736514009271,459.020745897252,4.80780340034368
658.811855012519,373.277442627644,2.79162585022286
105.381949083722,482.101174376184,4.28215788884803
627.054428670683,91.1374303147487,4.06248247245813
420.980583275298,262.271993645265,3.6254732608923
12.1381974492009,182.025169559702,3.21480842653768
67.8045224825405,121.305919947943,4.44590027595264
624.334966345924,195.477894294408,4.14659481069241
260.27033578537,222.06872258487,4.00782935635065
581.600376724662,433.774702870473,3.89068596530132
299.069095438239,140.408121254809,3.72922903166345
528.204825133934,455.507318439342,3.65368609383587
47.5737518878955,418.977150789348,3.94020609333943
192.917658913875,282.260115088712,3.75762768190965
545.307006080586,267.902273208188,3.91076989907557
168.443165454826,37.0395631994549,4.43194799743535
497.600074431493,337.802978861751,4.71624110280224
36.8819511750229,50.290017606596,4.15981329814928
538.916346089286,160.553311602097,4.64011084423762
NA,NA,NA
661.125546044618,333.330414084477,3.55727865622917
458.685137280501,296.922705571669,3.66566100115405
9.54586745763229,492.228166800859,3.58859585603603
559.749106338951,53.9753390144641,4.18977102638404
71.5634033299144,375.135917372887,3.98392432928525
226.781295387098,411.820824540127,3.88664172952567
428.783003172062,11.161014425029,3.30878201768609
361.712712909552,294.467859742795,3.14984207919354
603.58666483151,105.110851051405,4.18559680843089
394.008139868859,229.633846635122,4.238182678961
567.791385165422,410.822505742831,4.67025780550081
143.201700504529,290.994119512088,4.48695564984344
200.558679021744,374.297512341113,3.94390687643712
125.230412052204,412.801055418456,3.43299352706538
627.518644037437,311.038296174268,4.46703701941007
-1.53860206821484,147.139113179293,4.29535984264636
547.093585905378,197.263570394778,4.25431827521212
34.9768408621101,491.955825679743,3.05189832810486
279.870964145578,22.4317532026192,3.94900309675903
536.192885983799,391.083609250426,3.5093183816372
69.5013711292489,72.1637053870188,5.27034195387603
4.56616940322062,73.8713096655235,3.51424418161635
584.172267498385,225.797147264835,3.96649905957986
440.736514009271,459.020745897252,4.80780340034368
658.811855012519,373.277442627644,2.79162585022286
105.381949083722,482.101174376184,4.28215788884803
627.054428670683,91.1374303147487,4.06248247245813
420.980583275298,262.271993645265,3.6254732608923
12.1381974492009,182.025169559702,3.21480842653768
67.8045224825405,121.305919947943,4.44590027595264
624.334966345924,195.477894294408,4.14659481069241
260.27033578537,222.06872258487,4.00782935635065
581.600376724662,433.774702870473,3.89068596530132
299.069095438239,140.408121254809,3.72922903166345
528.204825133934,455.507318439342,3.65368609383587
47.5737518878955,418.977150789348,3.94020609333943
192.917658913875,282.260115088712,3.75762768190965
545.307006080586,267.902273208188,3.91076989907557
168.443165454826,37.0395631994549,4.43194799743535
497.600074431493,337.802978861751,4.71624110280224
36.8819511750229,50.290017606596,4.15981329814928
538.916346089286,160.553311602097,4.64011084423762
NA,NA,NA
661.125546044618,333.330414084477,3.55727865622917
458.685137280501,296.922705571669,3.66566100115405
9.54586745763229,492.228166800859,3.58859585603603
559.749106338951,53.9753390144641,4.18977102638404
71.5634033299144,375.135917372887,3.98392432928525
226.781295387098,411.820824540127,3.88664172952567
428.783003172062,11.161014425029,3.30878201768609
361.712712909552,294.467859742795,3.14984207919354
603.58666483151,105.110851051405,4.18559680843089
394.008139868859,229.633846635122,4.238182678961
567.791385165422,410.822505742831,4.67025780550081
143.201700504529,290.994119512088,4.48695564984344
200.558679021744,374.297512341113,3.94390687643712
125.230412052204,412.801055418456,3.43299352706538
627.518644037437,311.038296174268,4.46703701941007
-1.53860206821484,147.139113179293,4.29535984264636
547.093585905378,197.263570394778,4.25431827521212
34.9768408621101,491.955825679743,3.05189832810486
279.870964145578,22.4317532026192,3.94900309675903
536.192885983799,391.083609250426,3.5093183816372
69.5013711292489,72.1637053870188,5.27034195387603
4.56616940322062,73.8713096655235,3.51424418161635
584.172267498385,225.797147264835,3.96649905957986
440.736514009271,459.020745897252,4.80780340034368
658.811855012519,373.277442627644,2.79162585022286
105.381949083722,482.101174376184,4.28215788884803
627.054428670683,91.1374303147487,4.06248247245813
420.980583275298,262.271993645265,3.6254732608923
12.1381974492009,182.025169559702,3.21480842653768
67.8045224825405,121.305919947943,4.44590027595264
624.334966345924,195.477894294408,4.14659481069241
260.27033578537,222.06872258487,4.00782935635065
581.600376724662,433.774702870473,3.89068596530132
299.069095438239,140.408121254809,3.72922903166345
528.204825133934,455.507318439342,3.65368609383587
47.5737518878955,418.977150789348,3.94020609333943
192.917658913875,282.260115088712,3.75762768190965
545.307006080586,267.902273208188,3.91076989907557
168.443165454826,37.0395631994549,4.43194799743535
497.600074431493,337.802978861751,4.71624110280224
36.8819511750229,50.290017606596,4.15981329814928
538.916346089286,160.553311602097,4.64011084423762
NA,NA,NA
661.125546044618,333.330414084477,3.55727865622917
458.685137280501,296.922705571669,3.66566100115405
9.54586745763229,492.228166800859,3.58859585603603
559.749106338951,53.9753390144641,4.18977102638404
71.5634033299144,375.135917372887,3.98392432928525
226.781295387098,411.820824540127,3.88664172952567
428.783003172062,11.161014425029,3.30878201768609
361.712712909552,294.467859742795,3.14984207919354
603.58666483151,105.110851051405,4.18559680843089
394.008139868859,229.633846635122,4.238182678961
567.791385165422,410.822505742831,4.67025780550081
143.201700504529,290.994119512088,4.48695564984344
200.558679021744,374.297512341113,3.94390687643712
125.230412052204,412.801055418456,3.43299352706538
627.518644037437,311.038296174268,4.46703701941007
-1.53860206821484,147.139113179293,4.29535984264636
547.093585905378,197.263570394778,4.25431827521212
34.9768408621101,491.955825679743,3.05189832810486
279.870964145578,22.4317532026192,3.94900309675903
536.192885983799,391.083609250426,3.5093183816372
69.5013711292489,72.1637053870188,5.27034195387603
4.56616940322062,73.8713096655235,3.51424418161635
584.172267498385,225.797147264835,3.96649905957986
440.736514009271,459.020745897252,4.80780340034368
658.811855012519,373.277442627644,2.79162585022286
105.381949083722,482.101174376184,4.28215788884803
627.054428670683,91.1374303147487,4.06248247245813
420.980583275298,262.271993645265,3.6254732608923
12.1381974492009,182.025169559702,3.21480842653768
67.8045224825405,121.305919947943,4.44590027595264
624.334966345924,195.477894294408,4.14659481069241
260.27033578537,222.06872258487,4.00782935635065
581.600376724662,433.774702870473,3.89068596530132
299.069095438239,140.408121254809,3.72922903166345
528.204825133934,455.507318439342,3.65368609383587
47.5737518878955,418.977150789348,3.94020609333943
192.917658913875,282.260115088712,3.75762768190965
545.307006080586,267.902273208188,3.91076989907557
168.443165454826,37.0395631994549,4.43194799743535
497.600074431493,337.802978861751,4.71624110280224
36.8819511750229,50.290017606596,4.15981329814928
538.916346089286,160.553311602097,4.64011084423762
NA,NA,NA
658.188761893416,335.895197370001,3.43549525103592
455.239350506657,299.37701842787,3.61586096560799
10.2946200548211,496.696205159657,3.75579409723558
563.110994608024,50.4059375820431,4.16822946327378
72.1306983754829,376.608191407036,3.86086129147022
227.066449592159,412.383959262363,3.84824075002835
427.487799954228,15.3102897761057,3.38739081844543
360.285389481963,293.691976649186,3.04905054256232
601.518283058641,105.299379885738,4.22841948073489
394.123392508844,228.05755600442,4.25527213643653
570.022059262332,404.317929096576,4.68845452246419
145.292579232471,286.583246287776,4.46897869826733
193.938404496447,370.420850300557,3.95697674246756
124.785889687989,415.099354216339,3.42195377796117
624.61051998697,309.392816733158,4.51235443582974
1.44638952573988,153.727667567045,4.30896737817853
543.214406199494,206.709194560509,4.13049554918952
34.3497144304229,490.801859683969,3.09644647078756
279.175992798888,21.8468452964077,3.79776722888029
534.461428908145,393.564292872662,3.50506022230525
69.6575821945508,77.6966409681898,5.21041299736199
7.84155480781906,78.8565320310798,3.52597119130076
584.490554746406,226.895617295553,3.95296632916992
435.263683082467,464.872100827528,4.83638988485466
662.016082543994,373.141569338099,3.22172829279701
104.638558649385,489.93440565078,4.38914465449315
625.128526572689,89.6845155618743,4.12195855473321
418.883388482614,259.006330771604,3.60304651077663
11.7641246626979,181.720147910821,3.18253626306342
74.0635999086522,109.16048409015,4.32084786914499
601.09383573762,189.747282783162,3.97239936934025
249.255314846379,216.724913005364,3.93877452738817
577.697794342142,437.501963266295,3.61836803218293
304.818429144659,136.68679491851,3.8679816503116
525.351904302916,462.079271286747,3.5727538250011
46.9770704242628,422.160576059801,4.15228947530775
202.471273725168,290.130605385642,3.82824249116164
558.305193375584,261.830677432319,4.09847788448193
176.249799832881,27.9497087470159,4.50166047986385
508.571518942474,348.573220600989,4.49567240784231
38.3209332463878,50.220652969988,3.58600571290222
527.455315636996,162.239651875153,4.60464765851042
NA,NA,NA
658.188761893416,335.895197370001,3.43549525103592
455.239350506657,299.37701842787,3.61586096560799
10.2946200548211,496.696205159657,3.75579409723558
563.110994608024,50.4059375820431,4.16822946327378
72.1306983754829,376.608191407036,3.86086129147022
227.066449592159,412.383959262363,3.84824075002835
427.487799954228,15.3102897761057,3.38739081844543
360.285389481963,293.691976649186,3.04905054256232
601.518283058641,105.299379885738,4.22841948073489
394.123392508844,228.05755600442,4.25527213643653
570.022059262332,404.317929096576,4.68845452246419
145.292579232471,286.583246287776,4.46897869826733
193.938404496447,370.420850300557,3.95697674246756
124.785889687989,415.099354216339,3.42195377796117
624.61051998697,309.392816733158,4.51235443582974
1.44638952573988,153.727667567045,4.30896737817853
543.214406199494,206.709194560509,4.13049554918952
34.3497144304229,490.801859683969,3.09644647078756
279.175992798888,21.8468452964077,3.79776722888029
534.461428908145,393.564292872662,3.50506022230525
69.6575821945508,77.6966409681898,5.21041299736199
7.84155480781906,78.8565320310798,3.52597119130076
584.490554746406,226.895617295553,3.95296632916992
435.263683082467,464.872100827528,4.83638988485466
662.016082543994,373.141569338099,3.22172829279701
104.638558649385,489.93440565078,4.38914465449315
625.128526572689,89.6845155618743,4.12195855473321
418.883388482614,259.006330771604,3.60304651077663
11.7641246626979,181.720147910821,3.18253626306342
74.0635999086522,109.16048409015,4.32084786914499
601.09383573762,189.747282783162,3.97239936934025
249.255314846379,216.724913005364,3.93877452738817
577.697794342142,437.501963266295,3.61836803218293
304.818429144659,136.68679491851,3.8679816503116
525.351904302916,462.079271286747,3.5727538250011
46.9770704242628,422.160576059801,4.15228947530775
202.471273725168,290.130605385642,3.82824249116164
558.305193375584,261.830677432319,4.09847788448193
176.249799832881,27.9497087470159,4.50166047986385
508.571518942474,348.573220600989,4.49567240784231
38.3209332463878,50.220652969988,3.58600571290222
527.455315636996,162.239651875153,4.60464765851042
NA,NA,NA
658.188761893416,335.895197370001,3.43549525103592
455.239350506657,299.37701842787,3.61586096560799
10.2946200548211,496.696205159657,3.75579409723558
563.110994608024,50.4059375820431,4.16822946327378
72.1306983754829,376.608191407036,3.86086129147022
227.066449592159,412.383959262363,3.84824075002835
427.487799954228,15.3102897761057,3.38739081844543
360.285389481963,293.691976649186,3.04905054256232
601.518283058641,105.299379885738,4.22841948073489
394.123392508844,228.05755600442,4.25527213643653
570.022059262332,404.317929096576,4.68845452246419
145.292579232471,286.583246287776,4.46897869826733
193.938404496447,370.420850300557,3.95697674246756
124.785889687989,415.099354216339,3.42195377796117
624.61051998697,309.392816733158,4.51235443582974
1.44638952573988,153.727667567045,4.30896737817853
543.214406199494,206.709194560509,4.13049554918952
34.3497144304229,490.801859683969,3.09644647078756
279.175992798888,21.8468452964077,3.79776722888029
534.461428908145,393.564292872662,3.50506022230525
69.6575821945508,77.6966409681898,5.21041299736199
7.84155480781906,78.8565320310798,3.52597119130076
584.490554746406,226.895617295553,3.95296632916992
435.263683082467,464.872100827528,4.83638988485466
662.016082543994,373.141569338099,3.22172829279701
104.638558649385,489.93440565078,4.38914465449315
625.128526572689,89.6845155618743,4.12195855473321
418.883388482614,259.006330771604,3.60304651077663
11.7641246626979,181.720147910821,3.18253626306342
74.0635999086522,109.16048409015,4.32084786914499
601.09383573762,189.747282783162,3.97239936934025
249.255314846379,216.724913005364,3.93877452738817
577.697794342142,437.501963266295,3.61836803218293
304.818429144659,136.68679491851,3.8679816503116
525.351904302916,462.079271286747,3.5727538250011
46.9770704242628,422.160576059801,4.15228947530775
202.471273725168,290.130605385642,3.82824249116164
558.305193375584,261.830677432319,4.09847788448193
176.249799832881,27.9497087470159,4.50166047986385
508.571518942474,348.573220600989,4.49567240784231
38.3209332463878,50.220652969988,3.58600571290222
527.455315636996,162.239651875153,4.60464765851042
NA,NA,NA
658.188761893416,335.895197370001,3.43549525103592
455.239350506657,299.37701842787,3.61586096560799
10.2946200548211,496.696205159657,3.75579409723558
563.110994608024,50.4059375820431,4.16822946327378
72.1306983754829,376.608191407036,3.86086129147022
227.066449592159,412.383959262363,3.84824075002835
427.487799954228,15.3102897761057,3.38739081844543
360.285389481963,293.691976649186,3.04905054256232
601.518283058641,105.299379885738,4.22841948073489
394.123392508844,228.05755600442,4.25527213643653
570.022059262332,404.317929096576,4.68845452246419
145.292579232471,286.583246287776,4.46897869826733
193.938404496447,370.420850300557,3.95697674246756
124.785889687989,415.099354216339,3.42195377796117
624.61051998697,309.392816733158,4.51235443582974
1.44638952573988,153.727667567045,4.30896737817853
543.214406199494,206.709194560509,4.13049554918952
34.3497144304229,490.801859683969,3.09644647078756
279.175992798888,21.8468452964077,3.79776722888029
534.461428908145,393.564292872662,3.50506022230525
69.6575821945508,77.6966409681898,5.21041299736199
7.84155480781906,78.8565320310798,3.52597119130076
584.490554746406,226.895617295553,3.95296632916992
435.263683082467,464.872100827528,4.83638988485466
662.016082543994,373.141569338099,3.22172829279701
104.638558649385,489.93440565078,4.38914465449315
625.128526572689,89.6845155618743,4.12195855473321
418.883388482614,259.006330771604,3.60304651077663
11.7641246626979,181.720147910821,3.18253626306342
74.0635999086522,109.16048409015,4.32084786914499
601.09383573762,189.747282783162,3.97239936934025
249.255314846379,216.724913005364,3.93877452738817
577.697794342142,437.501963266295,3.61836803218293
304.818429144659,136.68679491851,3.8679816503116
525.351904302916,462.079271286747,3.5727538250011
46.9770704242628,422.160576059801,4.15228947530775
202.471273725168,290.130605385642,3.82824249116164
558.305193375584,261.830677432319,4.09847788448193
176.249799832881,27.9497087470159,4.50166047986385
508.571518942474,348.573220600989,4.49567240784231
38.3209332463878,50.220652969988,3.58600571290222
527.455315636996,162.239651875153,4.60464765851042
NA,NA,NA
658.188761893416,335.895197370001,3.43549525103592
455.239350506657,299.37701842787,3.61586096560799
10.2946200548211,496.696205159657,3.75579409723558
563.110994608024,50.4059375820431,4.16822946327378
72.1306983754829,376.608191407036,3.86086129147022
227.066449592159,412.383959262363,3.84824075002835
427.487799954228,15.3102897761057,3.38739081844543
360.285389481963,293.691976649186,3.04905054256232
601.518283058641,105.299379885738,4.22841948073489
394.123392508844,228.05755600442,4.25527213643653
570.022059262332,404.317929096576,4.68845452246419
145.292579232471,286.583246287776,4.46897869826733
193.938404496447,370.420850300557,3.95697674246756
124.785889687989,415.099354216339,3.42195377796117
624.61051998697,309.392816733158,4.51235443582974
1.44638952573988,153.727667567045,4.30896737817853
543.214406199494,206.709194560509,4.13049554918952
34.3497144304229,490.801859683969,3.09644647078756
279.175992798888,21.8468452964077,3.79776722888029
534.461428908145,393.564292872662,3.50506022230525
69.6575821945508,77.6966409681898,5.21041299736199
7.84155480781906,78.8565320310798,3.52597119130076
584.490554746406,226.895617295553,3.95296632916992
435.263683082467,464.872100827528,4.83638988485466
662.016082543994,373.141569338099,3.22172829279701
104.638558649385,489.93440565078,4.38914465449315
625.128526572689,89.6845155618743,4.12195855473321
418.883388482614,259.006330771604,3.60304651077663
11.7641246626979,181.720147910821,3.18253626306342
74.0635999086522,109.16048409015,4.32084786914499
601.09383573762,189.747282783162,3.97239936934025
249.255314846379,216.724913005364,3.93877452738817
577.697794342142,437.501963266295,3.61836803218293
304.818429144659,136.68679491851,3.8679816503116
525.351904302916,462.079271286747,3.5727538250011
46.9770704242628,422.160576059801,4.15228947530775
202.471273725168,290.130605385642,3.82824249116164
558.305193375584,261.830677432319,4.09847788448193
176.249799832881,27.9497087470159,4.50166047986385
508.571518942474,348.573220600989,4.49567240784231
38.3209332463878,50.220652969988,3.58600571290222
527.455315636996,162.239651875153,4.60464765851042
NA,NA,NA
658.188761893416,335.895197370001,3.43549525103592
455.239350506657,299.37701842787,3.61586096560799
10.2946200548211,496.696205159657,3.75579409723558
563.110994608024,50.4059375820431,4.16822946327378
72.1306983754829,376.608191407036,3.86086129147022
227.066449592159,412.383959262363,3.84824075002835
427.487799954228,15.3102897761057,3.38739081844543
360.285389481963,293.691976649186,3.04905054256232
601.518283058641,105.299379885738,4.22841948073489
394.123392508844,228.05755600442,4.25527213643653
570.022059262332,404.317929096576,4.68845452246419
145.292579232471,286.583246287776,4.46897869826733
193.938404496447,370.420850300557,3.95697674246756
124.785889687989,415.099354216339,3.42195377796117
624.61051998697,309.392816733158,4.51235443582974
1.44638952573988,153.727667567045,4.30896737817853
543.214406199494,206.709194560509,4.13049554918952
34.3497144304229,490.801859683969,3.09644647078756
279.175992798888,21.8468452964077,3.79776722888029
534.461428908145,393.564292872662,3.50506022230525
69.6575821945508,77.6966409681898,5.21041299736199
7.84155480781906,78.8565320310798,3.52597119130076
584.490554746406,226.895617295553,3.95296632916992
435.263683082467,464.872100827528,4.83638988485466
662.016082543994,373.141569338099,3.22172829279701
104.638558649385,489.93440565078,4.38914465449315
625.128526572689,89.6845155618743,4.12195855473321
418.883388482614,259.006330771604,3.60304651077663
11.7641246626979,181.720147910821,3.18253626306342
74.0635999086522,109.16048409015,4.32084786914499
601.09383573762,189.747282783162,3.97239936934025
249.255314846379,216.724913005364,3.93877452738817
577.697794342142,437.501963266295,3.61836803218293
304.818429144659,136.68679491851,3.8679816503116
525.351904302916,462.079271286747,3.5727538250011
46.9770704242628,422.160576059801,4.15228947530775
202.471273725168,290.130605385642,3.82824249116164
558.305193375584,261.830677432319,4.09847788448193
176.249799832881,27.9497087470159,4.50166047986385
508.571518942474,348.573220600989,4.49567240784231
38.3209332463878,50.220652969988,3.58600571290222
527.455315636996,162.239651875153,4.60464765851042
NA,NA,NA
660.080266568029,336.319389018774,3.57953817879751
456.444240633388,298.903941658825,3.77565593540648
11.0934655234201,500.402665337115,3.61612886884905
562.478414872016,55.3511832909374,4.2025388703527
71.2172166544939,379.724031906419,4.09829516173428
223.92914853248,411.764243458276,3.9221797430364
426.727745127012,14.6430856757964,3.31168549682446
363.864074117809,293.79712642818,3.01370154343973
601.227816753528,104.193838030935,4.00493106602967
392.024577777288,229.273638684244,4.25360224635437
561.926270554363,408.697391373071,4.67693506264218
137.577536416732,282.426010853972,4.5017581746048
201.912442674121,367.167413658804,4.09964240218373
123.818356813315,413.544845401956,3.32012189882049
628.455089985275,311.604329820439,4.48421400887092
-3.65588613325635,144.616064951409,4.22567445144523
547.944263759945,197.770519109868,4.14091180177208
34.813838553338,492.722556963274,3.0782845910676
275.928846437534,18.1071118534883,3.87856998738586
530.837773581584,390.802022774608,3.49814495833045
81.0391947955962,80.5279145610463,5.20338628594312
4.45461687322387,74.8121393603166,3.27292682806723
589.996802771943,227.862422868833,3.99572946350424
445.958055659332,453.127680836328,4.69466706207508
657.553962642647,375.629024785637,2.97706079328488
107.313528245251,488.294064473711,4.41035075111253
624.986058261911,88.9845512154091,4.07729844300222
418.319959181111,257.295304190891,3.64754407280403
11.4014632596792,181.580834611584,3.03276444502385
63.1185521755521,107.936861581775,4.30519591555345
600.09987106537,204.842371513479,4.54554722308559
251.266502309883,217.018934258041,3.86070278034858
579.998633548664,439.053055235518,4.01357630543031
303.181813491091,137.74929587821,3.89408332253452
529.346073891704,462.776061194503,3.50730591908795
44.2087304878656,425.589717957395,3.84209161667072
184.689696834842,288.485431014557,4.05458659306932
544.741167300011,260.673184006038,3.76090014971021
169.254366158372,31.1208524849578,4.41183049831453
502.636278481469,360.092092099317,4.32821413632501
39.5144460491243,47.4266132154286,4.22573577896098
533.998608530016,136.669449326693,4.60580998097196
NA,NA,NA
660.080266568029,336.319389018774,3.57953817879751
456.444240633388,298.903941658825,3.77565593540648
11.0934655234201,500.402665337115,3.61612886884905
562.478414872016,55.3511832909374,4.2025388703527
71.2172166544939,379.724031906419,4.09829516173428
223.92914853248,411.764243458276,3.9221797430364
426.727745127012,14.6430856757964,3.31168549682446
363.864074117809,293.79712642818,3.01370154343973
601.227816753528,104.193838030935,4.00493106602967
392.024577777288,229.273638684244,4.25360224635437
561.926270554363,408.697391373071,4.67693506264218
137.577536416732,282.426010853972,4.5017581746048
201.912442674121,367.167413658804,4.09964240218373
123.818356813315,413.544845401956,3.32012189882049
628.455089985275,311.604329820439,4.48421400887092
-3.65588613325635,144.616064951409,4.22567445144523
547.944263759945,197.770519109868,4.14091180177208
34.813838553338,492.722556963274,3.0782845910676
275.928846437534,18.1071118534883,3.87856998738586
530.837773581584,390.802022774608,3.49814495833045
81.0391947955962,80.5279145610463,5.20338628594312
4.45461687322387,74.8121393603166,3.27292682806723
589.996802771943,227.862422868833,3.99572946350424
445.958055659332,453.127680836328,4.69466706207508
657.553962642647,375.629024785637,2.97706079328488
107.313528245251,488.294064473711,4.41035075111253
624.986058261911,88.9845512154091,4.07729844300222
418.319959181111,257.295304190891,3.64754407280403
11.4014632596792,181.580834611584,3.03276444502385
63.1185521755521,107.936861581775,4.30519591555345
600.09987106537,204.842371513479,4.54554722308559
251.266502309883,217.018934258041,3.86070278034858
579.998633548664,439.053055235518,4.01357630543031
303.181813491091,137.74929587821,3.89408332253452
529.346073891704,462.776061194503,3.50730591908795
44.2087304878656,425.589717957395,3.84209161667072
184.689696834842,288.485431014557,4.05458659306932
544.741167300011,260.673184006038,3.76090014971021
169.254366158372,31.1208524849578,4.41183049831453
502.636278481469,360.092092099317,4.32821413632501
39.5144460491243,47.4266132154286,4.22573577896098
533.998608530016,136.669449326693,4.60580998097196
NA,NA,NA
660.080266568029,336.319389018774,3.57953817879751
456.444240633388,298.903941658825,3.77565593540648
11.0934655234201,500.402665337115,3.61612886884905
562.478414872016,55.3511832909374,4.2025388703527
71.2172166544939,379.724031906419,4.09829516173428
223.92914853248,411.764243458276,3.9221797430364
426.727745127012,14.6430856757964,3.31168549682446
363.864074117809,293.79712642818,3.01370154343973
601.227816753528,104.193838030935,4.00493106602967
392.024577777288,229.273638684244,4.25360224635437
561.926270554363,408.697391373071,4.67693506264218
137.577536416732,282.426010853972,4.5017581746048
201.912442674121,367.167413658804,4.09964240218373
123.818356813315,413.544845401956,3.32012189882049
628.455089985275,311.604329820439,4.48421400887092
-3.65588613325635,144.616064951409,4.22567445144523
547.944263759945,197.770519109868,4.14091180177208
34.813838553338,492.722556963274,3.0782845910676
275.928846437534,18.1071118534883,3.87856998738586
530.837773581584,390.802022774608,3.49814495833045
81.0391947955962,80.5279145610463,5.20338628594312
4.45461687322387,74.8121393603166,3.27292682806723
589.996802771943,227.862422868833,3.99572946350424
445.958055659332,453.127680836328,4.69466706207508
657.553962642647,375.629024785637,2.97706079328488
107.313528245251,488.294064473711,4.41035075111253
624.986058261911,88.9845512154091,4.07729844300222
418.319959181111,257.295304190891,3.64754407280403
11.4014632596792,181.580834611584,3.03276444502385
63.1185521755521,107.936861581775,4.30519591555345
600.09987106537,204.842371513479,4.54554722308559
251.266502309883,217.018934258041,3.86070278034858
579.998633548664,439.053055235518,4.01357630543031
303.181813491091,137.74929587821,3.89408332253452
529.346073891704,462.776061194503,3.50730591908795
44.2087304878656,425.589717957395,3.84209161667072
184.689696834842,288.485431014557,4.05458659306932
544.741167300011,260.673184006038,3.76090014971021
169.254366158372,31.1208524849578,4.41183049831453
502.636278481469,360.092092099317,4.32821413632501
39.5144460491243,47.4266132154286,4.22573577896098
533.998608530016,136.669449326693,4.60580998097196
NA,NA,NA
660.080266568029,336.319389018774,3.57953817879751
456.444240633388,298.903941658825,3.77565593540648
11.0934655234201,500.402665337115,3.61612886884905
562.478414872016,55.3511832909374,4.2025388703527
71.2172166544939,379.724031906419,4.09829516173428
223.92914853248,411.764243458276,3.9221797430364
426.727745127012,14.6430856757964,3.31168549682446
363.864074117809,293.79712642818,3.01370154343973
601.227816753528,104.193838030935,4.00493106602967
392.024577777288,229.273638684244,4.25360224635437
561.926270554363,408.697391373071,4.67693506264218
137.577536416732,282.426010853972,4.5017581746048
201.912442674121,367.167413658804,4.09964240218373
123.818356813315,413.544845401956,3.32012189882049
628.455089985275,311.604329820439,4.48421400887092
-3.65588613325635,144.616064951409,4.22567445144523
547.944263759945,197.770519109868,4.14091180177208
34.813838553338,492.722556963274,3.0782845910676
275.928846437534,18.1071118534883,3.87856998738586
530.837773581584,390.802022774608,3.49814495833045
81.0391947955962,80.5279145610463,5.20338628594312
4.45461687322387,74.8121393603166,3.27292682806723
589.996802771943,227.862422868833,3.99572946350424
445.958055659332,453.127680836328,4.69466706207508
657.553962642647,375.629024785637,2.97706079328488
107.313528245251,488.294064473711,4.41035075111253
624.986058261911,88.9845512154091,4.07729844300222
418.319959181111,257.295304190891,3.64754407280403
11.4014632596792,181.580834611584,3.03276444502385
63.1185521755521,107.936861581775,4.30519591555345
600.09987106537,204.842371513479,4.54554722308559
251.266502309883,217.018934258041,3.86070278034858
579.998633548664,439.053055235518,4.01357630543031
303.181813491091,137.74929587821,3.89408332253452
529.346073891704,462.776061194503,3.50730591908795
44.2087304878656,425.589717957395,3.84209161667072
184.689696834842,288.485431014557,4.05458659306932
544.741167300011,260.673184006038,3.76090014971021
169.254366158372,31.1208524849578,4.41183049831453
502.636278481469,360.092092099317,4.32821413632501
39.5144460491243,47.4266132154286,4.22573577896098
533.998608530016,136.669449326693,4.60580998097196
NA,NA,NA
660.080266568029,336.319389018774,3.57953817879751
456.444240633388,298.903941658825,3.77565593540648
11.0934655234201,500.402665337115,3.61612886884905
562.478414872016,55.3511832909374,4.2025388703527
71.2172166544939,379.724031906419,4.09829516173428
223.92914853248,411.764243458276,3.9221797430364
426.727745127012,14.6430856757964,3.31168549682446
363.864074117809,293.79712642818,3.01370154343973
601.227816753528,104.193838030935,4.00493106602967
392.024577777288,229.273638684244,4.25360224635437
561.926270554363,408.697391373071,4.67693506264218
137.577536416732,282.426010853972,4.5017581746048
201.912442674121,367.167413658804,4.09964240218373
123.818356813315,413.544845401956,3.32012189882049
628.455089985275,311.604329820439,4.48421400887092
-3.65588613325635,144.616064951409,4.22567445144523
547.944263759945,197.770519109868,4.14091180177208
34.813838553338,492.722556963274,3.0782845910676
275.928846437534,18.1071118534883,3.87856998738586
530.837773581584,390.802022774608,3.49814495833045
81.0391947955962,80.5279145610463,5.20338628594312
4.45461687322387,74.8121393603166,3.27292682806723
589.996802771943,227.862422868833,3.99572946350424
445.958055659332,453.127680836328,4.69466706207508
657.553962642647,375.629024785637,2.97706079328488
107.313528245251,488.294064473711,4.41035075111253
624.986058261911,88.9845512154091,4.07729844300222
418.319959181111,257.295304190891,3.64754407280403
11.4014632596792,181.580834611584,3.03276444502385
63.1185521755521,107.936861581775,4.30519591555345
600.09987106537,204.842371513479,4.54554722308559
251.266502309883,217.018934258041,3.86070278034858
579.998633548664,439.053055235518,4.01357630543031
303.181813491091,137.74929587821,3.89408332253452
529.346073891704,462.776061194503,3.50730591908795
44.2087304878656,425.589717957395,3.84209161667072
184.689696834842,288.485431014557,4.05458659306932
544.741167300011,260.673184006038,3.76090014971021
169.254366158372,31.1208524849578,4.41183049831453
502.636278481469,360.092092099317,4.32821413632501
39.5144460491243,47.4266132154286,4.22573577896098
533.998608530016,136.669449326693,4.60580998097196
NA,NA,NA
660.080266568029,336.319389018774,3.57953817879751
456.444240633388,298.903941658825,3.77565593540648
11.0934655234201,500.402665337115,3.61612886884905
562.478414872016,55.3511832909374,4.2025388703527
71.2172166544939,379.724031906419,4.09829516173428
223.92914853248,411.764243458276,3.9221797430364
426.727745127012,14.6430856757964,3.31168549682446
363.864074117809,293.79712642818,3.01370154343973
601.227816753528,104.193838030935,4.00493106602967
392.024577777288,229.273638684244,4.25360224635437
561.926270554363,408.697391373071,4.67693506264218
137.577536416732,282.426010853972,4.5017581746048
201.912442674121,367.167413658804,4.09964240218373
123.818356813315,413.544845401956,3.32012189882049
628.455089985275,311.604329820439,4.48421400887092
-3.65588613325635,144.616064951409,4.22567445144523
547.944263759945,197.770519109868,4.14091180177208
34.813838553338,492.722556963274,3.0782845910676
275.928846437534,18.1071118534883,3.87856998738586
530.837773581584,390.802022774608,3.49814495833045
81.0391947955962,80.5279145610463,5.20338628594312
4.45461687322387,74.8121393603166,3.27292682806723
589.996802771943,227.862422868833,3.99572946350424
445.958055659332,453.127680836328,4.69466706207508
657.553962642647,375.629024785637,2.97706079328488
107.313528245251,488.294064473711,4.41035075111253
624.986058261911,88.9845512154091,4.07729844300222
418.319959181111,257.295304190891,3.64754407280403
11.4014632596792,181.580834611584,3.03276444502385
63.1185521755521,107.936861581775,4.30519591555345
600.09987106537,204.842371513479,4.54554722308559
251.266502309883,217.018934258041,3.86070278034858
579.998633548664,439.053055235518,4.01357630543031
303.181813491091,137.74929587821,3.89408332253452
529.346073891704,462.776061194503,3.50730591908795
44.2087304878656,425.589717957395,3.84209161667072
184.689696834842,288.485431014557,4.05458659306932
544.741167300011,260.673184006038,3.76090014971021
169.254366158372,31.1208524849578,4.41183049831453
502.636278481469,360.092092099317,4.32821413632501
39.5144460491243,47.4266132154286,4.22573577896098
533.998608530016,136.669449326693,4.60580998097196
NA,NA,NA
660.823984074525,334.172529718138,3.63294402171875
456.582083023221,301.858303172541,3.70005417610041
8.58315294779772,497.440748801462,3.59011200198759
558.064907565317,60.4596519909983,4.16357583738613
73.2262023306161,374.217100438183,3.96000234397451
226.697132414154,413.65007059118,3.93703628839329
428.289570361867,14.8401021308479,3.34114543159419
362.75446100893,293.427624130464,3.059509760085
601.716089054563,104.521758258944,3.99839207095203
388.610407219466,230.663367272942,4.12697013664497
573.534415063505,413.710689401511,4.69831903106624
139.324294195681,278.755316501016,4.65466856046825
197.124064912131,369.868888762881,4.05028757766798
125.599427088304,410.737870898072,3.46767108448904
625.936206880394,315.836098040264,4.62402899368226
2.40634339147138,146.538851060579,4.24772557707092
539.436895684172,203.745040390629,4.16983392713458
32.5090734267535,490.870359955523,3.05923529815305
281.500246967028,26.1569382454313,3.9196829233315
533.408330904022,393.013156821135,3.40702760201056
78.5942891119544,77.7442631485847,5.27933968434024
3.59498839756795,73.0605718585447,3.52626605939323
588.841927905986,225.861758684146,3.97463671720086
441.507824133399,466.730420428616,4.80824446827615
660.899620004435,374.718809160731,3.24314251524667
102.416070431021,489.430605875996,4.31660444455283
626.23280526042,91.0866938147067,4.09222783495679
421.54293391075,256.997154712284,3.59858654052986
12.4576544728547,183.498150516934,3.2201154933981
58.8712272922705,112.990840065012,4.4515076109844
597.855778705291,206.397709343259,4.24601252849952
261.075635991336,221.538826106251,3.81982140818219
568.170051655533,418.95230175142,3.89362709563799
300.307471509886,132.179870518644,3.88679514510048
524.889635595415,456.231338153463,3.58521830242025
41.1673096261171,421.307720311263,4.06639592418655
196.183426095484,293.744179794409,3.88518469984587
551.260222602067,269.355357863632,3.49795232104731
152.185281847921,22.8543096526561,4.38204875234915
494.592328405151,342.951358769528,4.54822298467826
39.402511593517,60.7416768278643,4.23166697282704
515.682256500517,151.517402721931,4.90937112254971
NA,NA,NA
660.823984074525,334.172529718138,3.63294402171875
456.582083023221,301.858303172541,3.70005417610041
8.58315294779772,497.440748801462,3.59011200198759
558.064907565317,60.4596519909983,4.16357583738613
73.2262023306161,374.217100438183,3.96000234397451
226.697132414154,413.65007059118,3.93703628839329
428.289570361867,14.8401021308479,3.34114543159419
362.75446100893,293.427624130464,3.059509760085
601.716089054563,104.521758258944,3.99839207095203
388.610407219466,230.663367272942,4.12697013664497
573.534415063505,413.710689401511,4.69831903106624
139.324294195681,278.755316501016,4.65466856046825
197.124064912131,369.868888762881,4.05028757766798
125.599427088304,410.737870898072,3.46767108448904
625.936206880394,315.836098040264,4.62402899368226
2.40634339147138,146.538851060579,4.24772557707092
539.436895684172,203.745040390629,4.16983392713458
32.5090734267535,490.870359955523,3.05923529815305
281.500246967028,26.1569382454313,3.9196829233315
533.408330904022,393.013156821135,3.40702760201056
78.5942891119544,77.7442631485847,5.27933968434024
3.59498839756795,73.0605718585447,3.52626605939323
588.841927905986,225.861758684146,3.97463671720086
441.507824133399,466.730420428616,4.80824446827615
660.899620004435,374.718809160731,3.24314251524667
102.416070431021,489.430605875996,4.31660444455283
626.23280526042,91.0866938147067,4.09222783495679
421.54293391075,256.997154712284,3.59858654052986
12.4576544728547,183.498150516934,3.2201154933981
58.8712272922705,112.990840065012,4.4515076109844
597.855778705291,206.397709343259,4.24601252849952
261.075635991336,221.538826106251,3.81982140818219
568.170051655533,418.95230175142,3.89362709563799
300.307471509886,132.179870518644,3.88679514510048
524.889635595415,456.231338153463,3.58521830242025
41.1673096261171,421.307720311263,4.06639592418655
196.183426095484,293.744179794409,3.88518469984587
551.260222602067,269.355357863632,3.49795232104731
152.185281847921,22.8543096526561,4.38204875234915
494.592328405151,342.951358769528,4.54822298467826
39.402511593517,60.7416768278643,4.23166697282704
515.682256500517,151.517402721931,4.90937112254971
NA,NA,NA
660.823984074525,334.172529718138,3.63294402171875
456.582083023221,301.858303172541,3.70005417610041
8.58315294779772,497.440748801462,3.59011200198759
558.064907565317,60.4596519909983,4.16357583738613
73.2262023306161,374.217100438183,3.96000234397451
226.697132414154,413.65007059118,3.93703628839329
428.289570361867,14.8401021308479,3.34114543159419
362.75446100893,293.427624130464,3.059509760085
601.716089054563,104.521758258944,3.99839207095203
388.610407219466,230.663367272942,4.12697013664497
573.534415063505,413.710689401511,4.69831903106624
139.324294195681,278.755316501016,4.65466856046825
197.124064912131,369.868888762881,4.05028757766798
125.599427088304,410.737870898072,3.46767108448904
625.936206880394,315.836098040264,4.62402899368226
2.40634339147138,146.538851060579,4.24772557707092
539.436895684172,203.745040390629,4.16983392713458
32.5090734267535,490.870359955523,3.05923529815305
281.500246967028,26.1569382454313,3.9196829233315
533.408330904022,393.013156821135,3.40702760201056
78.5942891119544,77.7442631485847,5.27933968434024
3.59498839756795,73.0605718585447,3.52626605939323
588.841927905986,225.861758684146,3.97463671720086
441.507824133399,466.730420428616,4.80824446827615
660.899620004435,374.718809160731,3.24314251524667
102.416070431021,489.430605875996,4.31660444455283
626.23280526042,91.0866938147067,4.09222783495679
421.54293391075,256.997154712284,3.59858654052986
12.4576544728547,183.498150516934,3.2201154933981
58.8712272922705,112.990840065012,4.4515076109844
597.855778705291,206.397709343259,4.24601252849952
261.075635991336,221.538826106251,3.81982140818219
568.170051655533,418.95230175142,3.89362709563799
300.307471509886,132.179870518644,3.88679514510048
524.889635595415,456.231338153463,3.58521830242025
41.1673096261171,421.307720311263,4.06639592418655
196.183426095484,293.744179794409,3.88518469984587
551.260222602067,269.355357863632,3.49795232104731
152.185281847921,22.8543096526561,4.38204875234915
494.592328405151,342.951358769528,4.54822298467826
39.402511593517,60.7416768278643,4.23166697282704
515.682256500517,151.517402721931,4.90937112254971
NA,NA,NA
660.823984074525,334.172529718138,3.63294402171875
456.582083023221,301.858303172541,3.70005417610041
8.58315294779772,497.440748801462,3.59011200198759
558.064907565317,60.4596519909983,4.16357583738613
73.2262023306161,374.217100438183,3.96000234397451
226.697132414154,413.65007059118,3.93703628839329
428.289570361867,14.8401021308479,3.34114543159419
362.75446100893,293.427624130464,3.059509760085
601.716089054563,104.521758258944,3.99839207095203
388.610407219466,230.663367272942,4.12697013664497
573.534415063505,413.710689401511,4.69831903106624
139.324294195681,278.755316501016,4.65466856046825
197.124064912131,369.868888762881,4.05028757766798
125.599427088304,410.737870898072,3.46767108448904
625.936206880394,315.836098040264,4.62402899368226
2.40634339147138,146.538851060579,4.24772557707092
539.436895684172,203.745040390629,4.16983392713458
32.5090734267535,490.870359955523,3.05923529815305
281.500246967028,26.1569382454313,3.9196829233315
533.408330904022,393.013156821135,3.40702760201056
78.5942891119544,77.7442631485847,5.27933968434024
3.59498839756795,73.0605718585447,3.52626605939323
588.841927905986,225.861758684146,3.97463671720086
441.507824133399,466.730420428616,4.80824446827615
660.899620004435,374.718809160731,3.24314251524667
102.416070431021,489.430605875996,4.31660444455283
626.23280526042,91.0866938147067,4.09222783495679
421.54293391075,256.997154712284,3.59858654052986
12.4576544728547,183.498150516934,3.2201154933981
58.8712272922705,112.990840065012,4.4515076109844
597.855778705291,206.397709343259,4.24601252849952
261.075635991336,221.538826106251,3.81982140818219
568.170051655533,418.95230175142,3.89362709563799
300.307471509886,132.179870518644,3.88679514510048
524.889635595415,456.231338153463,3.58521830242025
41.1673096261171,421.307720311263,4.06639592418655
196.183426095484,293.744179794409,3.88518469984587
551.260222602067,269.355357863632,3.49795232104731
152.185281847921,22.8543096526561,4.38204875234915
494.592328405151,342.951358769528,4.54822298467826
39.402511593517,60.7416768278643,4.23166697282704
515.682256500517,151.517402721931,4.90937112254971
NA,NA,NA
660.823984074525,334.172529718138,3.63294402171875
456.582083023221,301.858303172541,3.70005417610041
8.58315294779772,497.440748801462,3.59011200198759
558.064907565317,60.4596519909983,4.16357583738613
73.2262023306161,374.217100438183,3.96000234397451
226.697132414154,413.65007059118,3.93703628839329
428.289570361867,14.8401021308479,3.34114543159419
362.75446100893,293.427624130464,3.059509760085
601.716089054563,104.521758258944,3.99839207095203
388.610407219466,230.663367272942,4.12697013664497
573.534415063505,413.710689401511,4.69831903106624
139.324294195681,278.755316501016,4.65466856046825
197.124064912131,369.868888762881,4.05028757766798
125.599427088304,410.737870898072,3.46767108448904
625.936206880394,315.836098040264,4.62402899368226
2.40634339147138,146.538851060579,4.24772557707092
539.436895684172,203.745040390629,4.16983392713458
32.5090734267535,490.870359955523,3.05923529815305
281.500246967028,26.1569382454313,3.9196829233315
533.408330904022,393.013156821135,3.40702760201056
78.5942891119544,77.7442631485847,5.27933968434024
3.59498839756795,73.0605718585447,3.52626605939323
588.841927905986,225.861758684146,3.97463671720086
441.507824133399,466.730420428616,4.80824446827615
660.899620004435,374.718809160731,3.24314251524667
102.416070431021,489.430605875996,4.31660444455283
626.23280526042,91.0866938147067,4.09222783495679
421.54293391075,256.997154712284,3.59858654052986
12.4576544728547,183.498150516934,3.2201154933981
58.8712272922705,112.990840065012,4.4515076109844
597.855778705291,206.397709343259,4.24601252849952
261.075635991336,221.538826106251,3.81982140818219
568.170051655533,418.95230175142,3.89362709563799
300.307471509886,132.179870518644,3.88679514510048
524.889635595415,456.231338153463,3.58521830242025
41.1673096261171,421.307720311263,4.06639592418655
196.183426095484,293.744179794409,3.88518469984587
551.260222602067,269.355357863632,3.49795232104731
152.185281847921,22.8543096526561,4.38204875234915
494.592328405151,342.951358769528,4.54822298467826
39.402511593517,60.7416768278643,4.23166697282704
515.682256500517,151.517402721931,4.90937112254971
NA,NA,NA
660.823984074525,334.172529718138,3.63294402171875
456.582083023221,301.858303172541,3.70005417610041
8.58315294779772,497.440748801462,3.59011200198759
558.064907565317,60.4596519909983,4.16357583738613
73.2262023306161,374.217100438183,3.96000234397451
226.697132414154,413.65007059118,3.93703628839329
428.289570361867,14.8401021308479,3.34114543159419
362.75446100893,293.427624130464,3.059509760085
601.716089054563,104.521758258944,3.99839207095203
388.610407219466,230.663367272942,4.12697013664497
573.534415063505,413.710689401511,4.69831903106624
139.324294195681,278.755316501016,4.65466856046825
197.124064912131,369.868888762881,4.05028757766798
125.599427088304,410.737870898072,3.46767108448904
625.936206880394,315.836098040264,4.62402899368226
2.40634339147138,146.538851060579,4.24772557707092
539.436895684172,203.745040390629,4.16983392713458
32.5090734267535,490.870359955523,3.05923529815305
281.500246967028,26.1569382454313,3.9196829233315
533.408330904022,393.013156821135,3.40702760201056
78.5942891119544,77.7442631485847,5.27933968434024
3.59498839756795,73.0605718585447,3.52626605939323
588.841927905986,225.861758684146,3.97463671720086
441.507824133399,466.730420428616,4.80824446827615
660.899620004435,374.718809160731,3.24314251524667
102.416070431021,489.430605875996,4.31660444455283
626.23280526042,91.0866938147067,4.09222783495679
421.54293391075,256.997154712284,3.59858654052986
12.4576544728547,183.498150516934,3.2201154933981
58.8712272922705,112.990840065012,4.4515076109844
597.855778705291,206.397709343259,4.24601252849952
261.075635991336,221.538826106251,3.81982140818219
568.170051655533,418.95230175142,3.89362709563799
300.307471509886,132.179870518644,3.88679514510048
524.889635595415,456.231338153463,3.58521830242025
41.1673096261171,421.307720311263,4.06639592418655
196.183426095484,293.744179794409,3.88518469984587
551.260222602067,269.355357863632,3.49795232104731
152.185281847921,22.8543096526561,4.38204875234915
494.592328405151,342.951358769528,4.54822298467826
39.402511593517,60.7416768278643,4.23166697282704
515.682256500517,151.517402721931,4.90937112254971
NA,NA,NA
661.738438999284,334.68516249618,3.49047460001345
460.182522135057,298.893364702181,3.45734322300315
9.19041116386505,497.290866091185,3.54497930036444
556.858577102849,49.9298857010086,4.14618853469822
71.6934675278761,377.445663031002,4.12767671267739
227.292366926558,415.747287226529,3.7985870166091
427.807286033006,14.0140199737523,3.16933084457281
362.609346190189,291.359416827934,2.92190788352336
603.971221541462,103.775614150878,4.16604097524281
394.17216299759,223.345841858398,4.16821569539516
572.730097538826,403.463092662687,4.78451953063843
136.715827118743,281.060454354519,4.48939731469012
199.170997979272,369.819905961016,4.12793982092357
120.611379792106,410.642692498713,3.5003010254123
623.520444993493,315.230813005143,4.53976635320509
3.06774878433346,149.426501614987,4.35481222582936
541.418991811123,205.849783280782,4.1062450561765
35.350289044777,490.443649279713,3.06818070476625
276.495998427213,19.6002478135852,3.9865018714784
531.786596499313,389.169542928463,3.35466294552636
72.5390033144609,78.6062445762373,5.25130412089902
4.46827879749495,79.5107405897867,3.51820698969597
592.706840278019,227.294911712767,4.08141318931362
437.899718165133,455.781594555894,4.80799079275033
656.756632964173,374.293108966017,2.8524931897201
101.352507817609,490.30078208857,4.33952691438532
625.400899718425,84.596533364297,4.12436726628848
416.062058539539,257.627295604503,3.67710699713721
11.9669137176585,179.236204741131,3.27968880846924
60.291161068629,124.626893452998,4.48017974613758
608.77163619288,207.429276274274,4.30950152058138
251.198246246112,219.256015851991,3.76167966512063
579.365212088481,436.09651361861,4.01321536589394
303.665545870723,138.712818567345,3.93477601707141
530.743393270618,454.494970845472,3.60693132144147
49.0188347863479,412.787038535259,3.95223738519964
211.176366085303,289.014092917595,4.15833161607092
557.174368363314,270.435194525771,3.94228705385815
168.683233777263,29.1662855177974,4.71298560848224
500.027019607966,344.478394009342,4.43193107870017
40.263305029182,42.3865022478932,3.97262396451005
521.291795754107,161.599755476806,4.84181014419975
NA,NA,NA
661.738438999284,334.68516249618,3.49047460001345
460.182522135057,298.893364702181,3.45734322300315
9.19041116386505,497.290866091185,3.54497930036444
556.858577102849,49.9298857010086,4.14618853469822
71.6934675278761,377.445663031002,4.12767671267739
227.292366926558,415.747287226529,3.7985870166091
427.807286033006,14.0140199737523,3.16933084457281
362.609346190189,291.359416827934,2.92190788352336
603.971221541462,103.775614150878,4.16604097524281
394.17216299759,223.345841858398,4.16821569539516
572.730097538826,403.463092662687,4.78451953063843
136.715827118743,281.060454354519,4.48939731469012
199.170997979272,369.819905961016,4.12793982092357
120.611379792106,410.642692498713,3.5003010254123
623.520444993493,315.230813005143,4.53976635320509
3.06774878433346,149.426501614987,4.35481222582936
541.418991811123,205.849783280782,4.1062450561765
35.350289044777,490.443649279713,3.06818070476625
276.495998427213,19.6002478135852,3.9865018714784
531.786596499313,389.169542928463,3.35466294552636
72.5390033144609,78.6062445762373,5.25130412089902
4.46827879749495,79.5107405897867,3.51820698969597
592.706840278019,227.294911712767,4.08141318931362
437.899718165133,455.781594555894,4.80799079275033
656.756632964173,374.293108966017,2.8524931897201
101.352507817609,490.30078208857,4.33952691438532
625.400899718425,84.596533364297,4.12436726628848
416.062058539539,257.627295604503,3.67710699713721
11.9669137176585,179.236204741131,3.27968880846924
60.291161068629,124.626893452998,4.48017974613758
608.77163619288,207.429276274274,4.30950152058138
251.198246246112,219.256015851991,3.76167966512063
579.365212088481,436.09651361861,4.01321536589394
303.665545870723,138.712818567345,3.93477601707141
530.743393270618,454.494970845472,3.60693132144147
49.0188347863479,412.787038535259,3.95223738519964
211.176366085303,289.014092917595,4.15833161607092
557.174368363314,270.435194525771,3.94228705385815
168.683233777263,29.1662855177974,4.71298560848224
500.027019607966,344.478394009342,4.43193107870017
40.263305029182,42.3865022478932,3.97262396451005
521.291795754107,161.599755476806,4.84181014419975
NA,NA,NA
661.738438999284,334.68516249618,3.49047460001345
460.182522135057,298.893364702181,3.45734322300315
9.19041116386505,497.290866091185,3.54497930036444
556.858577102849,49.9298857010086,4.14618853469822
71.6934675278761,377.445663031002,4.12767671267739
227.292366926558,415.747287226529,3.7985870166091
427.807286033006,14.0140199737523,3.16933084457281
362.609346190189,291.359416827934,2.92190788352336
603.971221541462,103.775614150878,4.16604097524281
394.17216299759,223.345841858398,4.16821569539516
572.730097538826,403.463092662687,4.78451953063843
136.715827118743,281.060454354519,4.48939731469012
199.170997979272,369.819905961016,4.12793982092357
120.611379792106,410.642692498713,3.5003010254123
623.520444993493,315.230813005143,4.53976635320509
3.06774878433346,149.426501614987,4.35481222582936
541.418991811123,205.849783280782,4.1062450561765
35.350289044777,490.443649279713,3.06818070476625
276.495998427213,19.6002478135852,3.9865018714784
531.786596499313,389.169542928463,3.35466294552636
72.5390033144609,78.6062445762373,5.25130412089902
4.46827879749495,79.5107405897867,3.51820698969597
592.706840278019,227.294911712767,4.08141318931362
437.899718165133,455.781594555894,4.80799079275033
656.756632964173,374.293108966017,2.8524931897201
101.352507817609,490.30078208857,4.33952691438532
625.400899718425,84.596533364297,4.12436726628848
416.062058539539,257.627295604503,3.67710699713721
11.9669137176585,179.236204741131,3.27968880846924
60.291161068629,124.626893452998,4.48017974613758
608.77163619288,207.429276274274,4.30950152058138
251.198246246112,219.256015851991,3.76167966512063
579.365212088481,436.09651361861,4.01321536589394
303.665545870723,138.712818567345,3.93477601707141
530.743393270618,454.494970845472,3.60693132144147
49.0188347863479,412.787038535259,3.95223738519964
211.176366085303,289.014092917595,4.15833161607092
557.174368363314,270.435194525771,3.94228705385815
168.683233777263,29.1662855177974,4.71298560848224
500.027019607966,344.478394009342,4.43193107870017
40.263305029182,42.3865022478932,3.97262396451005
521.291795754107,161.599755476806,4.84181014419975
NA,NA,NA
661.738438999284,334.68516249618,3.49047460001345
460.182522135057,298.893364702181,3.45734322300315
9.19041116386505,497.290866091185,3.54497930036444
556.858577102849,49.9298857010086,4.14618853469822
71.6934675278761,377.445663031002,4.12767671267739
227.292366926558,415.747287226529,3.7985870166091
427.807286033006,14.0140199737523,3.16933084457281
362.609346190189,291.359416827934,2.92190788352336
603.971221541462,103.775614150878,4.16604097524281
394.17216299759,223.345841858398,4.16821569539516
572.730097538826,403.463092662687,4.78451953063843
136.715827118743,281.060454354519,4.48939731469012
199.170997979272,369.819905961016,4.12793982092357
120.611379792106,410.642692498713,3.5003010254123
623.520444993493,315.230813005143,4.53976635320509
3.06774878433346,149.426501614987,4.35481222582936
541.418991811123,205.849783280782,4.1062450561765
35.350289044777,490.443649279713,3.06818070476625
276.495998427213,19.6002478135852,3.9865018714784
531.786596499313,389.169542928463,3.35466294552636
72.5390033144609,78.6062445762373,5.25130412089902
4.46827879749495,79.5107405897867,3.51820698969597
592.706840278019,227.294911712767,4.08141318931362
437.899718165133,455.781594555894,4.80799079275033
656.756632964173,374.293108966017,2.8524931897201
101.352507817609,490.30078208857,4.33952691438532
625.400899718425,84.596533364297,4.12436726628848
416.062058539539,257.627295604503,3.67710699713721
11.9669137176585,179.236204741131,3.27968880846924
60.291161068629,124.626893452998,4.48017974613758
608.77163619288,207.429276274274,4.30950152058138
251.198246246112,219.256015851991,3.76167966512063
579.365212088481,436.09651361861,4.01321536589394
303.665545870723,138.712818567345,3.93477601707141
530.743393270618,454.494970845472,3.60693132144147
49.0188347863479,412.787038535259,3.95223738519964
211.176366085303,289.014092917595,4.15833161607092
557.174368363314,270.435194525771,3.94228705385815
168.683233777263,29.1662855177974,4.71298560848224
500.027019607966,344.478394009342,4.43193107870017
40.263305029182,42.3865022478932,3.97262396451005
521.291795754107,161.599755476806,4.84181014419975
NA,NA,NA
661.738438999284,334.68516249618,3.49047460001345
460.182522135057,298.893364702181,3.45734322300315
9.19041116386505,497.290866091185,3.54497930036444
556.858577102849,49.9298857010086,4.14618853469822
71.6934675278761,377.445663031002,4.12767671267739
227.292366926558,415.747287226529,3.7985870166091
427.807286033006,14.0140199737523,3.16933084457281
362.609346190189,291.359416827934,2.92190788352336
603.971221541462,103.775614150878,4.16604097524281
394.17216299759,223.345841858398,4.16821569539516
572.730097538826,403.463092662687,4.78451953063843
136.715827118743,281.060454354519,4.48939731469012
199.170997979272,369.819905961016,4.12793982092357
120.611379792106,410.642692498713,3.5003010254123
623.520444993493,315.230813005143,4.53976635320509
3.06774878433346,149.426501614987,4.35481222582936
541.418991811123,205.849783280782,4.1062450561765
35.350289044777,490.443649279713,3.06818070476625
276.495998427213,19.6002478135852,3.9865018714784
531.786596499313,389.169542928463,3.35466294552636
72.5390033144609,78.6062445762373,5.25130412089902
4.46827879749495,79.5107405897867,3.51820698969597
592.706840278019,227.294911712767,4.08141318931362
437.899718165133,455.781594555894,4.80799079275033
656.756632964173,374.293108966017,2.8524931897201
101.352507817609,490.30078208857,4.33952691438532
625.400899718425,84.596533364297,4.12436726628848
416.062058539539,257.627295604503,3.67710699713721
11.9669137176585,179.236204741131,3.27968880846924
60.291161068629,124.626893452998,4.48017974613758
608.77163619288,207.429276274274,4.30950152058138
251.198246246112,219.256015851991,3.76167966512063
579.365212088481,436.09651361861,4.01321536589394
303.665545870723,138.712818567345,3.93477601707141
530.743393270618,454.494970845472,3.60693132144147
49.0188347863479,412.787038535259,3.95223738519964
211.176366085303,289.014092917595,4.15833161607092
557.174368363314,270.435194525771,3.94228705385815
168.683233777263,29.1662855177974,4.71298560848224
500.027019607966,344.478394009342,4.43193107870017
40.263305029182,42.3865022478932,3.97262396451005
521.291795754107,161.599755476806,4.84181014419975
NA,NA,NA
661.738438999284,334.68516249618,3.49047460001345
460.182522135057,298.893364702181,3.45734322300315
9.19041116386505,497.290866091185,3.54497930036444
556.858577102849,49.9298857010086,4.14618853469822
71.6934675278761,377.445663031002,4.12767671267739
227.292366926558,415.747287226529,3.7985870166091
427.807286033006,14.0140199737523,3.16933084457281
362.609346190189,291.359416827934,2.92190788352336
603.971221541462,103.775614150878,4.16604097524281
394.17216299759,223.345841858398,4.16821569539516
572.730097538826,403.463092662687,4.78451953063843
136.715827118743,281.060454354519,4.48939731469012
199.170997979272,369.819905961016,4.12793982092357
120.611379792106,410.642692498713,3.5003010254123
623.520444993493,315.230813005143,4.53976635320509
3.06774878433346,149.426501614987,4.35481222582936
541.418991811123,205.849783280782,4.1062450561765
35.350289044777,490.443649279713,3.06818070476625
276.495998427213,19.6002478135852,3.9865018714784
531.786596499313,389.169542928463,3.35466294552636
72.5390033144609,78.6062445762373,5.25130412089902
4.46827879749495,79.5107405897867,3.51820698969597
592.706840278019,227.294911712767,4.08141318931362
437.899718165133,455.781594555894,4.80799079275033
656.756632964173,374.293108966017,2.8524931897201
101.352507817609,490.30078208857,4.33952691438532
625.400899718425,84.596533364297,4.12436726628848
416.062058539539,257.627295604503,3.67710699713721
11.9669137176585,179.236204741131,3.27968880846924
60.291161068629,124.626893452998,4.48017974613758
608.77163619288,207.429276274274,4.30950152058138
251.198246246112,219.256015851991,3.76167966512063
579.365212088481,436.09651361861,4.01321536589394
303.665545870723,138.712818567345,3.93477601707141
530.743393270618,454.494970845472,3.60693132144147
49.0188347863479,412.787038535259,3.95223738519964
211.176366085303,289.014092917595,4.15833161607092
557.174368363314,270.435194525771,3.94228705385815
168.683233777263,29.1662855177974,4.71298560848224
500.027019607966,344.478394009342,4.43193107870017
40.263305029182,42.3865022478932,3.97262396451005
521.291795754107,161.599755476806,4.84181014419975
NA,NA,NA
661.704004735043,333.237781323476,3.45503965581735
458.175141506323,293.516312213706,3.53410407021052
3.50450929577494,494.866567880941,3.72783954535815
562.035969898554,50.3959153105158,4.09317921240901
69.0822625147325,379.436326921494,3.94341804228771
228.740195385855,411.738046428163,3.89934464241788
427.404294463891,13.3552110783799,3.15563707073582
362.708988907259,291.647159915501,3.03755035425202
604.596707838997,102.475576413166,4.05792763620061
390.877309646796,224.540672782716,4.17557726594381
573.329902868739,413.711810403029,4.7866411708118
141.07976609263,277.871040671586,4.66884261831374
194.543263176861,373.999992084374,4.05046400701938
127.328715356782,410.688198405106,3.49328711985627
633.30317242593,312.310913943955,4.62924652757257
2.00246979542364,151.649260933821,4.2457783783339
544.042232094419,200.551589384742,4.21057161662117
33.4978507284018,491.228763314144,2.92698282155914
278.278599937408,25.3436452077618,3.87310950089358
535.189454803177,392.674514807966,3.46393342244653
74.0181745143582,81.2277638942579,5.13361203719283
5.8108271937163,76.6495941918422,3.64411483208412
587.813244537727,223.896902209407,3.96488612319792
435.865522129018,463.089870375431,4.82702548598202
660.895496978347,374.671306405334,3.17299174689663
106.330262153662,488.249056690463,4.35285433746629
627.897575770926,88.8143549990492,4.04855902134675
422.385729561488,258.496901982313,3.69297282784854
11.8051219578765,182.712836889135,3.30300125676723
68.9522247418883,115.13993045171,4.44903674369152
611.447218088963,210.565546140339,4.43627391344692
251.655937127159,216.764695536672,3.91089732636173
583.808020198553,434.720481658486,3.92586739709239
299.336043575371,139.24585564817,3.78438856629553
530.629133090101,452.773404359682,3.88054660859316
47.0897451862751,420.300524369458,3.93202938807274
202.898605144918,284.128122105919,4.42389779775121
553.829698870441,260.178791422689,3.58534627553441
187.916535789575,34.9155242428548,4.42128222702109
507.702740027921,349.027211868919,4.54549499526586
36.1738984444084,39.9832077630555,3.9785766274229
537.498665960169,151.406131568025,5.12775028878893
NA,NA,NA
661.704004735043,333.237781323476,3.45503965581735
458.175141506323,293.516312213706,3.53410407021052
3.50450929577494,494.866567880941,3.72783954535815
562.035969898554,50.3959153105158,4.09317921240901
69.0822625147325,379.436326921494,3.94341804228771
228.740195385855,411.738046428163,3.89934464241788
427.404294463891,13.3552110783799,3.15563707073582
362.708988907259,291.647159915501,3.03755035425202
604.596707838997,102.475576413166,4.05792763620061
390.877309646796,224.540672782716,4.17557726594381
573.329902868739,413.711810403029,4.7866411708118
141.07976609263,277.871040671586,4.66884261831374
194.543263176861,373.999992084374,4.05046400701938
127.328715356782,410.688198405106,3.49328711985627
633.30317242593,312.310913943955,4.62924652757257
2.00246979542364,151.649260933821,4.2457783783339
544.042232094419,200.551589384742,4.21057161662117
33.4978507284018,491.228763314144,2.92698282155914
278.278599937408,25.3436452077618,3.87310950089358
535.189454803177,392.674514807966,3.46393342244653
74.0181745143582,81.2277638942579,5.13361203719283
5.8108271937163,76.6495941918422,3.64411483208412
587.813244537727,223.896902209407,3.96488612319792
435.865522129018,463.089870375431,4.82702548598202
660.895496978347,374.671306405334,3.17299174689663
106.330262153662,488.249056690463,4.35285433746629
627.897575770926,88.8143549990492,4.04855902134675
422.385729561488,258.496901982313,3.69297282784854
11.8051219578765,182.712836889135,3.30300125676723
68.9522247418883,115.13993045171,4.44903674369152
611.447218088963,210.565546140339,4.43627391344692
251.655937127159,216.764695536672,3.91089732636173
583.808020198553,434.720481658486,3.92586739709239
299.336043575371,139.24585564817,3.78438856629553
530.629133090101,452.773404359682,3.88054660859316
47.0897451862751,420.300524369458,3.93202938807274
202.898605144918,284.128122105919,4.42389779775121
553.829698870441,260.178791422689,3.58534627553441
187.916535789575,34.9155242428548,4.42128222702109
507.702740027921,349.027211868919,4.54549499526586
36.1738984444084,39.9832077630555,3.9785766274229
537.498665960169,151.406131568025,5.12775028878893
NA,NA,NA
661.704004735043,333.237781323476,3.45503965581735
458.175141506323,293.516312213706,3.53410407021052
3.50450929577494,494.866567880941,3.72783954535815
562.035969898554,50.3959153105158,4.09317921240901
69.0822625147325,379.436326921494,3.94341804228771
228.740195385855,411.738046428163,3.89934464241788
427.404294463891,13.3552110783799,3.15563707073582
362.708988907259,291.647159915501,3.03755035425202
604.596707838997,102.475576413166,4.05792763620061
390.877309646796,224.540672782716,4.17557726594381
573.329902868739,413.711810403029,4.7866411708118
141.07976609263,277.871040671586,4.66884261831374
194.543263176861,373.999992084374,4.05046400701938
127.328715356782,410.688198405106,3.49328711985627
633.30317242593,312.310913943955,4.62924652757257
2.00246979542364,151.649260933821,4.2457783783339
544.042232094419,200.551589384742,4.21057161662117
33.4978507284018,491.228763314144,2.92698282155914
278.278599937408,25.3436452077618,3.87310950089358
535.189454803177,392.674514807966,3.46393342244653
74.0181745143582,81.2277638942579,5.13361203719283
5.8108271937163,76.6495941918422,3.64411483208412
587.813244537727,223.896902209407,3.96488612319792
435.865522129018,463.089870375431,4.82702548598202
660.895496978347,374.671306405334,3.17299174689663
106.330262153662,488.249056690463,4.35285433746629
627.897575770926,88.8143549990492,4.04855902134675
422.385729561488,258.496901982313,3.69297282784854
11.8051219578765,182.712836889135,3.30300125676723
68.9522247418883,115.13993045171,4.44903674369152
611.447218088963,210.565546140339,4.43627391344692
251.655937127159,216.764695536672,3.91089732636173
583.808020198553,434.720481658486,3.92586739709239
299.336043575371,139.24585564817,3.78438856629553
530.629133090101,452.773404359682,3.88054660859316
47.0897451862751,420.300524369458,3.93202938807274
202.898605144918,284.128122105919,4.42389779775121
553.829698870441,260.178791422689,3.58534627553441
187.916535789575,34.9155242428548,4.42128222702109
507.702740027921,349.027211868919,4.54549499526586
36.1738984444084,39.9832077630555,3.9785766274229
537.498665960169,151.406131568025,5.12775028878893
NA,NA,NA
661.704004735043,333.237781323476,3.45503965581735
458.175141506323,293.516312213706,3.53410407021052
3.50450929577494,494.866567880941,3.72783954535815
562.035969898554,50.3959153105158,4.09317921240901
69.0822625147325,379.436326921494,3.94341804228771
228.740195385855,411.738046428163,3.89934464241788
427.404294463891,13.3552110783799,3.15563707073582
362.708988907259,291.647159915501,3.03755035425202
604.596707838997,102.475576413166,4.05792763620061
390.877309646796,224.540672782716,4.17557726594381
573.329902868739,413.711810403029,4.7866411708118
141.07976609263,277.871040671586,4.66884261831374
194.543263176861,373.999992084374,4.05046400701938
127.328715356782,410.688198405106,3.49328711985627
633.30317242593,312.310913943955,4.62924652757257
2.00246979542364,151.649260933821,4.2457783783339
544.042232094419,200.551589384742,4.21057161662117
33.4978507284018,491.228763314144,2.92698282155914
278.278599937408,25.3436452077618,3.87310950089358
535.189454803177,392.674514807966,3.46393342244653
74.0181745143582,81.2277638942579,5.13361203719283
5.8108271937163,76.6495941918422,3.64411483208412
587.813244537727,223.896902209407,3.96488612319792
435.865522129018,463.089870375431,4.82702548598202
660.895496978347,374.671306405334,3.17299174689663
106.330262153662,488.249056690463,4.35285433746629
627.897575770926,88.8143549990492,4.04855902134675
422.385729561488,258.496901982313,3.69297282784854
11.8051219578765,182.712836889135,3.30300125676723
68.9522247418883,115.13993045171,4.44903674369152
611.447218088963,210.565546140339,4.43627391344692
251.655937127159,216.764695536672,3.91089732636173
583.808020198553,434.720481658486,3.92586739709239
299.336043575371,139.24585564817,3.78438856629553
530.629133090101,452.773404359682,3.88054660859316
47.0897451862751,420.300524369458,3.93202938807274
202.898605144918,284.128122105919,4.42389779775121
553.829698870441,260.178791422689,3.58534627553441
187.916535789575,34.9155242428548,4.42128222702109
507.702740027921,349.027211868919,4.54549499526586
36.1738984444084,39.9832077630555,3.9785766274229
537.498665960169,151.406131568025,5.12775028878893
NA,NA,NA
661.704004735043,333.237781323476,3.45503965581735
458.175141506323,293.516312213706,3.53410407021052
3.50450929577494,494.866567880941,3.72783954535815
562.035969898554,50.3959153105158,4.09317921240901
69.0822625147325,379.436326921494,3.94341804228771
228.740195385855,411.738046428163,3.89934464241788
427.404294463891,13.3552110783799,3.15563707073582
362.708988907259,291.647159915501,3.03755035425202
604.596707838997,102.475576413166,4.05792763620061
390.877309646796,224.540672782716,4.17557726594381
573.329902868739,413.711810403029,4.7866411708118
141.07976609263,277.871040671586,4.66884261831374
194.543263176861,373.999992084374,4.05046400701938
127.328715356782,410.688198405106,3.49328711985627
633.30317242593,312.310913943955,4.62924652757257
2.00246979542364,151.649260933821,4.2457783783339
544.042232094419,200.551589384742,4.21057161662117
33.4978507284018,491.228763314144,2.92698282155914
278.278599937408,25.3436452077618,3.87310950089358
535.189454803177,392.674514807966,3.46393342244653
74.0181745143582,81.2277638942579,5.13361203719283
5.8108271937163,76.6495941918422,3.64411483208412
587.813244537727,223.896902209407,3.96488612319792
435.865522129018,463.089870375431,4.82702548598202
660.895496978347,374.671306405334,3.17299174689663
106.330262153662,488.249056690463,4.35285433746629
627.897575770926,88.8143549990492,4.04855902134675
422.385729561488,258.496901982313,3.69297282784854
11.8051219578765,182.712836889135,3.30300125676723
68.9522247418883,115.13993045171,4.44903674369152
611.447218088963,210.565546140339,4.43627391344692
251.655937127159,216.764695536672,3.91089732636173
583.808020198553,434.720481658486,3.92586739709239
299.336043575371,139.24585564817,3.78438856629553
530.629133090101,452.773404359682,3.88054660859316
47.0897451862751,420.300524369458,3.93202938807274
202.898605144918,284.128122105919,4.42389779775121
553.829698870441,260.178791422689,3.58534627553441
187.916535789575,34.9155242428548,4.42128222702109
507.702740027921,349.027211868919,4.54549499526586
36.1738984444084,39.9832077630555,3.9785766274229
537.498665960169,151.406131568025,5.12775028878893
NA,NA,NA
661.704004735043,333.237781323476,3.45503965581735
458.175141506323,293.516312213706,3.53410407021052
3.50450929577494,494.866567880941,3.72783954535815
562.035969898554,50.3959153105158,4.09317921240901
69.0822625147325,379.436326921494,3.94341804228771
228.740195385855,411.738046428163,3.89934464241788
427.404294463891,13.3552110783799,3.15563707073582
362.708988907259,291.647159915501,3.03755035425202
604.596707838997,102.475576413166,4.05792763620061
390.877309646796,224.540672782716,4.17557726594381
573.329902868739,413.711810403029,4.7866411708118
141.07976609263,277.871040671586,4.66884261831374
194.543263176861,373.999992084374,4.05046400701938
127.328715356782,410.688198405106,3.49328711985627
633.30317242593,312.310913943955,4.62924652757257
2.00246979542364,151.649260933821,4.2457783783339
544.042232094419,200.551589384742,4.21057161662117
33.4978507284018,491.228763314144,2.92698282155914
278.278599937408,25.3436452077618,3.87310950089358
535.189454803177,392.674514807966,3.46393342244653
74.0181745143582,81.2277638942579,5.13361203719283
5.8108271937163,76.6495941918422,3.64411483208412
587.813244537727,223.896902209407,3.96488612319792
435.865522129018,463.089870375431,4.82702548598202
660.895496978347,374.671306405334,3.17299174689663
106.330262153662,488.249056690463,4.35285433746629
627.897575770926,88.8143549990492,4.04855902134675
422.385729561488,258.496901982313,3.69297282784854
11.8051219578765,182.712836889135,3.30300125676723
68.9522247418883,115.13993045171,4.44903674369152
611.447218088963,210.565546140339,4.43627391344692
251.655937127159,216.764695536672,3.91089732636173
583.808020198553,434.720481658486,3.92586739709239
299.336043575371,139.24585564817,3.78438856629553
530.629133090101,452.773404359682,3.88054660859316
47.0897451862751,420.300524369458,3.93202938807274
202.898605144918,284.128122105919,4.42389779775121
553.829698870441,260.178791422689,3.58534627553441
187.916535789575,34.9155242428548,4.42128222702109
507.702740027921,349.027211868919,4.54549499526586
36.1738984444084,39.9832077630555,3.9785766274229
537.498665960169,151.406131568025,5.12775028878893
NA,NA,NA
660.414102535036,334.019373452211,3.55856745690983
458.284944424268,296.71382773839,3.71317177044042
14.9267706424449,494.295118238176,3.55228683006158
561.893267310512,49.5153117136365,4.22208867365328
70.6288410095152,372.114135061252,3.99554710825647
227.428941290199,411.361842163247,3.80159050944872
426.693377292759,12.4225511636265,3.34298389374527
362.81283867136,295.357855728167,2.93306872247971
604.145639665848,104.516347193209,4.31123434264172
396.331776539685,231.226318536861,4.21091615294956
569.778372305882,408.375131959535,4.76972635486533
138.10319202203,277.0826551454,4.55059981521853
196.249193990576,375.199352487193,4.06407575495559
123.530504375306,413.17069876103,3.44478494870801
631.020501822021,308.102517083903,4.49839356420734
1.48616758393993,145.235571982218,4.29063284797304
536.533446221237,206.801430768938,4.24437877856427
32.6930110214177,491.205783826094,2.95353312985724
283.160327881438,22.6483537472674,3.98588273420306
534.649026441103,391.971787617539,3.52234484173446
73.2737707646085,78.8882089870403,5.25865919491808
5.51701675263654,77.3569655954603,3.40305299357022
590.963816469983,222.404554256222,3.97288446435111
444.680919589136,456.091719652464,4.81440255420993
660.147405460392,374.023778121265,2.984881977681
104.421727418888,489.262665612628,4.26355308860231
629.743565202553,89.0027118898428,4.05416923967251
419.441442679248,258.056272128134,3.59972539015064
12.6813961848683,182.335539400779,3.22526388043847
51.6612756997428,111.363427970294,4.62664140372891
605.849465127966,205.200040642034,4.28581303273391
253.016043924367,220.976989976194,3.92503672477428
570.67715921814,440.185906330494,4.05284025783364
299.01204968268,139.42037637534,3.8786223577403
523.182772634548,456.421174247845,3.48722970345932
51.6818523103825,423.542944477649,3.45648143598525
203.820505605353,289.835795792044,4.01317494781713
559.767507445826,263.472632863797,3.86622744538134
161.824950377756,34.208650177536,4.15472572433898
500.84434157759,340.776237072448,4.24612069808403
43.6852862763086,56.452975335914,4.03350955154307
548.087435172039,129.551201109601,4.7146904969668
NA,NA,NA
660.414102535036,334.019373452211,3.55856745690983
458.284944424268,296.71382773839,3.71317177044042
14.9267706424449,494.295118238176,3.55228683006158
561.893267310512,49.5153117136365,4.22208867365328
70.6288410095152,372.114135061252,3.99554710825647
227.428941290199,411.361842163247,3.80159050944872
426.693377292759,12.4225511636265,3.34298389374527
362.81283867136,295.357855728167,2.93306872247971
604.145639665848,104.516347193209,4.31123434264172
396.331776539685,231.226318536861,4.21091615294956
569.778372305882,408.375131959535,4.76972635486533
138.10319202203,277.0826551454,4.55059981521853
196.249193990576,375.199352487193,4.06407575495559
123.530504375306,413.17069876103,3.44478494870801
631.020501822021,308.102517083903,4.49839356420734
1.48616758393993,145.235571982218,4.29063284797304
536.533446221237,206.801430768938,4.24437877856427
32.6930110214177,491.205783826094,2.95353312985724
283.160327881438,22.6483537472674,3.98588273420306
534.649026441103,391.971787617539,3.52234484173446
73.2737707646085,78.8882089870403,5.25865919491808
5.51701675263654,77.3569655954603,3.40305299357022
590.963816469983,222.404554256222,3.97288446435111
444.680919589136,456.091719652464,4.81440255420993
660.147405460392,374.023778121265,2.984881977681
104.421727418888,489.262665612628,4.26355308860231
629.743565202553,89.0027118898428,4.05416923967251
419.441442679248,258.056272128134,3.59972539015064
12.6813961848683,182.335539400779,3.22526388043847
51.6612756997428,111.363427970294,4.62664140372891
605.849465127966,205.200040642034,4.28581303273391
253.016043924367,220.976989976194,3.92503672477428
570.67715921814,440.185906330494,4.05284025783364
299.01204968268,139.42037637534,3.8786223577403
523.182772634548,456.421174247845,3.48722970345932
51.6818523103825,423.542944477649,3.45648143598525
203.820505605353,289.835795792044,4.01317494781713
559.767507445826,263.472632863797,3.86622744538134
161.824950377756,34.208650177536,4.15472572433898
500.84434157759,340.776237072448,4.24612069808403
43.6852862763086,56.452975335914,4.03350955154307
548.087435172039,129.551201109601,4.7146904969668
NA,NA,NA
660.414102535036,334.019373452211,3.55856745690983
458.284944424268,296.71382773839,3.71317177044042
14.9267706424449,494.295118238176,3.55228683006158
561.893267310512,49.5153117136365,4.22208867365328
70.6288410095152,372.114135061252,3.99554710825647
227.428941290199,411.361842163247,3.80159050944872
426.693377292759,12.4225511636265,3.34298389374527
362.81283867136,295.357855728167,2.93306872247971
604.145639665848,104.516347193209,4.31123434264172
396.331776539685,231.226318536861,4.21091615294956
569.778372305882,408.375131959535,4.76972635486533
138.10319202203,277.0826551454,4.55059981521853
196.249193990576,375.199352487193,4.06407575495559
123.530504375306,413.17069876103,3.44478494870801
631.020501822021,308.102517083903,4.49839356420734
1.48616758393993,145.235571982218,4.29063284797304
536.533446221237,206.801430768938,4.24437877856427
32.6930110214177,491.205783826094,2.95353312985724
283.160327881438,22.6483537472674,3.98588273420306
534.649026441103,391.971787617539,3.52234484173446
73.2737707646085,78.8882089870403,5.25865919491808
5.51701675263654,77.3569655954603,3.40305299357022
590.963816469983,222.404554256222,3.97288446435111
444.680919589136,456.091719652464,4.81440255420993
660.147405460392,374.023778121265,2.984881977681
104.421727418888,489.262665612628,4.26355308860231
629.743565202553,89.0027118898428,4.05416923967251
419.441442679248,258.056272128134,3.59972539015064
12.6813961848683,182.335539400779,3.22526388043847
51.6612756997428,111.363427970294,4.62664140372891
605.849465127966,205.200040642034,4.28581303273391
253.016043924367,220.976989976194,3.92503672477428
570.67715921814,440.185906330494,4.05284025783364
299.01204968268,139.42037637534,3.8786223577403
523.182772634548,456.421174247845,3.48722970345932
51.6818523103825,423.542944477649,3.45648143598525
203.820505605353,289.835795792044,4.01317494781713
559.767507445826,263.472632863797,3.86622744538134
161.824950377756,34.208650177536,4.15472572433898
500.84434157759,340.776237072448,4.24612069808403
43.6852862763086,56.452975335914,4.03350955154307
548.087435172039,129.551201109601,4.7146904969668
NA,NA,NA
660.414102535036,334.019373452211,3.55856745690983
458.284944424268,296.71382773839,3.71317177044042
14.9267706424449,494.295118238176,3.55228683006158
561.893267310512,49.5153117136365,4.22208867365328
70.6288410095152,372.114135061252,3.99554710825647
227.428941290199,411.361842163247,3.80159050944872
426.693377292759,12.4225511636265,3.34298389374527
362.81283867136,295.357855728167,2.93306872247971
604.145639665848,104.516347193209,4.31123434264172
396.331776539685,231.226318536861,4.21091615294956
569.778372305882,408.375131959535,4.76972635486533
138.10319202203,277.0826551454,4.55059981521853
196.249193990576,375.199352487193,4.06407575495559
123.530504375306,413.17069876103,3.44478494870801
631.020501822021,308.102517083903,4.49839356420734
1.48616758393993,145.235571982218,4.29063284797304
536.533446221237,206.801430768938,4.24437877856427
32.6930110214177,491.205783826094,2.95353312985724
283.160327881438,22.6483537472674,3.98588273420306
534.649026441103,391.971787617539,3.52234484173446
73.2737707646085,78.8882089870403,5.25865919491808
5.51701675263654,77.3569655954603,3.40305299357022
590.963816469983,222.404554256222,3.97288446435111
444.680919589136,456.091719652464,4.81440255420993
660.147405460392,374.023778121265,2.984881977681
104.421727418888,489.262665612628,4.26355308860231
629.743565202553,89.0027118898428,4.05416923967251
419.441442679248,258.056272128134,3.59972539015064
12.6813961848683,182.335539400779,3.22526388043847
51.6612756997428,111.363427970294,4.62664140372891
605.849465127966,205.200040642034,4.28581303273391
253.016043924367,220.976989976194,3.92503672477428
570.67715921814,440.185906330494,4.05284025783364
299.01204968268,139.42037637534,3.8786223577403
523.182772634548,456.421174247845,3.48722970345932
51.6818523103825,423.542944477649,3.45648143598525
203.820505605353,289.835795792044,4.01317494781713
559.767507445826,263.472632863797,3.86622744538134
161.824950377756,34.208650177536,4.15472572433898
500.84434157759,340.776237072448,4.24612069808403
43.6852862763086,56.452975335914,4.03350955154307
548.087435172039,129.551201109601,4.7146904969668
NA,NA,NA
660.414102535036,334.019373452211,3.55856745690983
458.284944424268,296.71382773839,3.71317177044042
14.9267706424449,494.295118238176,3.55228683006158
561.893267310512,49.5153117136365,4.22208867365328
70.6288410095152,372.114135061252,3.99554710825647
227.428941290199,411.361842163247,3.80159050944872
426.693377292759,12.4225511636265,3.34298389374527
362.81283867136,295.357855728167,2.93306872247971
604.145639665848,104.516347193209,4.31123434264172
396.331776539685,231.226318536861,4.21091615294956
569.778372305882,408.375131959535,4.76972635486533
138.10319202203,277.0826551454,4.55059981521853
196.249193990576,375.199352487193,4.06407575495559
123.530504375306,413.17069876103,3.44478494870801
631.020501822021,308.102517083903,4.49839356420734
1.48616758393993,145.235571982218,4.29063284797304
536.533446221237,206.801430768938,4.24437877856427
32.6930110214177,491.205783826094,2.95353312985724
283.160327881438,22.6483537472674,3.98588273420306
534.649026441103,391.971787617539,3.52234484173446
73.2737707646085,78.8882089870403,5.25865919491808
5.51701675263654,77.3569655954603,3.40305299357022
590.963816469983,222.404554256222,3.97288446435111
444.680919589136,456.091719652464,4.81440255420993
660.147405460392,374.023778121265,2.984881977681
104.421727418888,489.262665612628,4.26355308860231
629.743565202553,89.0027118898428,4.05416923967251
419.441442679248,258.056272128134,3.59972539015064
12.6813961848683,182.335539400779,3.22526388043847
51.6612756997428,111.363427970294,4.62664140372891
605.849465127966,205.200040642034,4.28581303273391
253.016043924367,220.976989976194,3.92503672477428
570.67715921814,440.185906330494,4.05284025783364
299.01204968268,139.42037637534,3.8786223577403
523.182772634548,456.421174247845,3.48722970345932
51.6818523103825,423.542944477649,3.45648143598525
203.820505605353,289.835795792044,4.01317494781713
559.767507445826,263.472632863797,3.86622744538134
161.824950377756,34.208650177536,4.15472572433898
500.84434157759,340.776237072448,4.24612069808403
43.6852862763086,56.452975335914,4.03350955154307
548.087435172039,129.551201109601,4.7146904969668
NA,NA,NA
660.414102535036,334.019373452211,3.55856745690983
458.284944424268,296.71382773839,3.71317177044042
14.9267706424449,494.295118238176,3.55228683006158
561.893267310512,49.5153117136365,4.22208867365328
70.6288410095152,372.114135061252,3.99554710825647
227.428941290199,411.361842163247,3.80159050944872
426.693377292759,12.4225511636265,3.34298389374527
362.81283867136,295.357855728167,2.93306872247971
604.145639665848,104.516347193209,4.31123434264172
396.331776539685,231.226318536861,4.21091615294956
569.778372305882,408.375131959535,4.76972635486533
138.10319202203,277.0826551454,4.55059981521853
196.249193990576,375.199352487193,4.06407575495559
123.530504375306,413.17069876103,3.44478494870801
631.020501822021,308.102517083903,4.49839356420734
1.48616758393993,145.235571982218,4.29063284797304
536.533446221237,206.801430768938,4.24437877856427
32.6930110214177,491.205783826094,2.95353312985724
283.160327881438,22.6483537472674,3.98588273420306
534.649026441103,391.971787617539,3.52234484173446
73.2737707646085,78.8882089870403,5.25865919491808
5.51701675263654,77.3569655954603,3.40305299357022
590.963816469983,222.404554256222,3.97288446435111
444.680919589136,456.091719652464,4.81440255420993
660.147405460392,374.023778121265,2.984881977681
104.421727418888,489.262665612628,4.26355308860231
629.743565202553,89.0027118898428,4.05416923967251
419.441442679248,258.056272128134,3.59972539015064
12.6813961848683,182.335539400779,3.22526388043847
51.6612756997428,111.363427970294,4.62664140372891
605.849465127966,205.200040642034,4.28581303273391
253.016043924367,220.976989976194,3.92503672477428
570.67715921814,440.185906330494,4.05284025783364
299.01204968268,139.42037637534,3.8786223577403
523.182772634548,456.421174247845,3.48722970345932
51.6818523103825,423.542944477649,3.45648143598525
203.820505605353,289.835795792044,4.01317494781713
559.767507445826,263.472632863797,3.86622744538134
161.824950377756,34.208650177536,4.15472572433898
500.84434157759,340.776237072448,4.24612069808403
43.6852862763086,56.452975335914,4.03350955154307
548.087435172039,129.551201109601,4.7146904969668
NA,NA,NA
661.543412095894,334.313625592218,3.27770971099326
455.030866313569,294.775796980384,3.71854522368736
10.0219545848468,499.315412240715,3.5371011477723
561.780728343044,53.1033329918691,4.07884403422337
71.7143847726855,380.154912861686,3.93770457153202
227.451775382216,415.164922041205,3.85559657625214
429.127814811625,12.8883800148876,3.34581109111769
361.814052879882,293.750063463583,2.92512500610763
603.614359480464,108.056857664379,4.16145337877911
395.167320874251,228.862841875813,4.12559207025598
564.53283992548,409.498251839951,4.73663519948846
140.669584832288,286.12894073447,4.74988543884406
197.870254890121,366.374309580766,4.18028506083718
129.173042679809,413.182707087602,3.45965598998756
631.840185568362,319.570396194927,4.5957317675225
-0.749090024212711,147.201480149947,4.41907629599543
541.204808773032,206.409471937396,4.20668800624528
32.2078896179623,491.617987790645,3.06893525373355
280.552428175105,26.3401695873133,4.00334513516412
533.960515032047,390.616635440226,3.29881819424149
68.9989966613197,78.9612779965747,5.36707729629913
5.13130482541268,77.3356612109336,3.40434649043836
587.853406015185,228.213236865764,4.06043479513811
432.469701062925,462.000080038042,4.81577194322666
659.357254008637,372.427819316033,3.05423510744376
104.474319301484,487.571492584661,4.43983851229796
620.677337718703,91.7353057053144,4.0984950819121
421.196891978496,259.973452538034,3.69298202498753
12.8326637866891,180.237401411899,3.26194716580719
59.4293093156818,109.587454576961,4.39964916466698
605.119311636038,192.967890576301,4.61530033087214
250.483240110574,222.59545808386,3.75410893788326
583.877683164714,433.071011937917,3.67161403873827
302.987134083157,139.493134175371,3.99886433540966
526.001876178285,454.489524867794,3.40019474879672
37.6779081634516,421.741420926566,4.31258338577165
197.212949800269,277.177646431766,4.40966774033241
556.965118973445,258.833648156594,3.79454951217239
167.354524283603,21.0481844836987,4.48702988666313
506.874563184807,338.233455624385,4.35460112808753
33.9119504280216,41.878992205235,3.48108297032814
528.839754266634,140.296407797481,4.94818398375872
NA,NA,NA
661.543412095894,334.313625592218,3.27770971099326
455.030866313569,294.775796980384,3.71854522368736
10.0219545848468,499.315412240715,3.5371011477723
561.780728343044,53.1033329918691,4.07884403422337
71.7143847726855,380.154912861686,3.93770457153202
227.451775382216,415.164922041205,3.85559657625214
429.127814811625,12.8883800148876,3.34581109111769
361.814052879882,293.750063463583,2.92512500610763
603.614359480464,108.056857664379,4.16145337877911
395.167320874251,228.862841875813,4.12559207025598
564.53283992548,409.498251839951,4.73663519948846
140.669584832288,286.12894073447,4.74988543884406
197.870254890121,366.374309580766,4.18028506083718
129.173042679809,413.182707087602,3.45965598998756
631.840185568362,319.570396194927,4.5957317675225
-0.749090024212711,147.201480149947,4.41907629599543
541.204808773032,206.409471937396,4.20668800624528
32.2078896179623,491.617987790645,3.06893525373355
280.552428175105,26.3401695873133,4.00334513516412
533.960515032047,390.616635440226,3.29881819424149
68.9989966613197,78.9612779965747,5.36707729629913
5.13130482541268,77.3356612109336,3.40434649043836
587.853406015185,228.213236865764,4.06043479513811
432.469701062925,462.000080038042,4.81577194322666
659.357254008637,372.427819316033,3.05423510744376
104.474319301484,487.571492584661,4.43983851229796
620.677337718703,91.7353057053144,4.0984950819121
421.196891978496,259.973452538034,3.69298202498753
12.8326637866891,180.237401411899,3.26194716580719
59.4293093156818,109.587454576961,4.39964916466698
605.119311636038,192.967890576301,4.61530033087214
250.483240110574,222.59545808386,3.75410893788326
583.877683164714,433.071011937917,3.67161403873827
302.987134083157,139.493134175371,3.99886433540966
526.001876178285,454.489524867794,3.40019474879672
37.6779081634516,421.741420926566,4.31258338577165
197.212949800269,277.177646431766,4.40966774033241
556.965118973445,258.833648156594,3.79454951217239
167.354524283603,21.0481844836987,4.48702988666313
506.874563184807,338.233455624385,4.35460112808753
33.9119504280216,41.878992205235,3.48108297032814
528.839754266634,140.296407797481,4.94818398375872
NA,NA,NA
661.543412095894,334.313625592218,3.27770971099326
455.030866313569,294.775796980384,3.71854522368736
10.0219545848468,499.315412240715,3.5371011477723
561.780728343044,53.1033329918691,4.07884403422337
71.7143847726855,380.154912861686,3.93770457153202
227.451775382216,415.164922041205,3.85559657625214
429.127814811625,12.8883800148876,3.34581109111769
361.814052879882,293.750063463583,2.92512500610763
603.614359480464,108.056857664379,4.16145337877911
395.167320874251,228.862841875813,4.12559207025598
564.53283992548,409.498251839951,4.73663519948846
140.669584832288,286.12894073447,4.74988543884406
197.870254890121,366.374309580766,4.18028506083718
129.173042679809,413.182707087602,3.45965598998756
631.840185568362,319.570396194927,4.5957317675225
-0.749090024212711,147.201480149947,4.41907629599543
541.204808773032,206.409471937396,4.20668800624528
32.2078896179623,491.617987790645,3.06893525373355
280.552428175105,26.3401695873133,4.00334513516412
533.960515032047,390.616635440226,3.29881819424149
68.9989966613197,78.9612779965747,5.36707729629913
5.13130482541268,77.3356612109336,3.40434649043836
587.853406015185,228.213236865764,4.06043479513811
432.469701062925,462.000080038042,4.81577194322666
659.357254008637,372.427819316033,3.05423510744376
104.474319301484,487.571492584661,4.43983851229796
620.677337718703,91.7353057053144,4.0984950819121
421.196891978496,259.973452538034,3.69298202498753
12.8326637866891,180.237401411899,3.26194716580719
59.4293093156818,109.587454576961,4.39964916466698
605.119311636038,192.967890576301,4.61530033087214
250.483240110574,222.59545808386,3.75410893788326
583.877683164714,433.071011937917,3.67161403873827
302.987134083157,139.493134175371,3.99886433540966
526.001876178285,454.489524867794,3.40019474879672
37.6779081634516,421.741420926566,4.31258338577165
197.212949800269,277.177646431766,4.40966774033241
556.965118973445,258.833648156594,3.79454951217239
167.354524283603,21.0481844836987,4.48702988666313
506.874563184807,338.233455624385,4.35460112808753
33.9119504280216,41.878992205235,3.48108297032814
528.839754266634,140.296407797481,4.94818398375872
NA,NA,NA
661.543412095894,334.313625592218,3.27770971099326
455.030866313569,294.775796980384,3.71854522368736
10.0219545848468,499.315412240715,3.5371011477723
561.780728343044,53.1033329918691,4.07884403422337
71.7143847726855,380.154912861686,3.93770457153202
227.451775382216,415.164922041205,3.85559657625214
429.127814811625,12.8883800148876,3.34581109111769
361.814052879882,293.750063463583,2.92512500610763
603.614359480464,108.056857664379,4.16145337877911
395.167320874251,228.862841875813,4.12559207025598
564.53283992548,409.498251839951,4.73663519948846
140.669584832288,286.12894073447,4.74988543884406
197.870254890121,366.374309580766,4.18028506083718
129.173042679809,413.182707087602,3.45965598998756
631.840185568362,319.570396194927,4.5957317675225
-0.749090024212711,147.201480149947,4.41907629599543
541.204808773032,206.409471937396,4.20668800624528
32.2078896179623,491.617987790645,3.06893525373355
280.552428175105,26.3401695873133,4.00334513516412
533.960515032047,390.616635440226,3.29881819424149
68.9989966613197,78.9612779965747,5.36707729629913
5.13130482541268,77.3356612109336,3.40434649043836
587.853406015185,228.213236865764,4.06043479513811
432.469701062925,462.000080038042,4.81577194322666
659.357254008637,372.427819316033,3.05423510744376
104.474319301484,487.571492584661,4.43983851229796
620.677337718703,91.7353057053144,4.0984950819121
421.196891978496,259.973452538034,3.69298202498753
12.8326637866891,180.237401411899,3.26194716580719
59.4293093156818,109.587454576961,4.39964916466698
605.119311636038,192.967890576301,4.61530033087214
250.483240110574,222.59545808386,3.75410893788326
583.877683164714,433.071011937917,3.67161403873827
302.987134083157,139.493134175371,3.99886433540966
526.001876178285,454.489524867794,3.40019474879672
37.6779081634516,421.741420926566,4.31258338577165
197.212949800269,277.177646431766,4.40966774033241
556.965118973445,258.833648156594,3.79454951217239
167.354524283603,21.0481844836987,4.48702988666313
506.874563184807,338.233455624385,4.35460112808753
33.9119504280216,41.878992205235,3.48108297032814
528.839754266634,140.296407797481,4.94818398375872
NA,NA,NA
661.543412095894,334.313625592218,3.27770971099326
455.030866313569,294.775796980384,3.71854522368736
10.0219545848468,499.315412240715,3.5371011477723
561.780728343044,53.1033329918691,4.07884403422337
71.7143847726855,380.154912861686,3.93770457153202
227.451775382216,415.164922041205,3.85559657625214
429.127814811625,12.8883800148876,3.34581109111769
361.814052879882,293.750063463583,2.92512500610763
603.614359480464,108.056857664379,4.16145337877911
395.167320874251,228.862841875813,4.12559207025598
564.53283992548,409.498251839951,4.73663519948846
140.669584832288,286.12894073447,4.74988543884406
197.870254890121,366.374309580766,4.18028506083718
129.173042679809,413.182707087602,3.45965598998756
631.840185568362,319.570396194927,4.5957317675225
-0.749090024212711,147.201480149947,4.41907629599543
541.204808773032,206.409471937396,4.20668800624528
32.2078896179623,491.617987790645,3.06893525373355
280.552428175105,26.3401695873133,4.00334513516412
533.960515032047,390.616635440226,3.29881819424149
68.9989966613197,78.9612779965747,5.36707729629913
5.13130482541268,77.3356612109336,3.40434649043836
587.853406015185,228.213236865764,4.06043479513811
432.469701062925,462.000080038042,4.81577194322666
659.357254008637,372.427819316033,3.05423510744376
104.474319301484,487.571492584661,4.43983851229796
620.677337718703,91.7353057053144,4.0984950819121
421.196891978496,259.973452538034,3.69298202498753
12.8326637866891,180.237401411899,3.26194716580719
59.4293093156818,109.587454576961,4.39964916466698
605.119311636038,192.967890576301,4.61530033087214
250.483240110574,222.59545808386,3.75410893788326
583.877683164714,433.071011937917,3.67161403873827
302.987134083157,139.493134175371,3.99886433540966
526.001876178285,454.489524867794,3.40019474879672
37.6779081634516,421.741420926566,4.31258338577165
197.212949800269,277.177646431766,4.40966774033241
556.965118973445,258.833648156594,3.79454951217239
167.354524283603,21.0481844836987,4.48702988666313
506.874563184807,338.233455624385,4.35460112808753
33.9119504280216,41.878992205235,3.48108297032814
528.839754266634,140.296407797481,4.94818398375872
NA,NA,NA
661.543412095894,334.313625592218,3.27770971099326
455.030866313569,294.775796980384,3.71854522368736
10.0219545848468,499.315412240715,3.5371011477723
561.780728343044,53.1033329918691,4.07884403422337
71.7143847726855,380.154912861686,3.93770457153202
227.451775382216,415.164922041205,3.85559657625214
429.127814811625,12.8883800148876,3.34581109111769
361.814052879882,293.750063463583,2.92512500610763
603.614359480464,108.056857664379,4.16145337877911
395.167320874251,228.862841875813,4.12559207025598
564.53283992548,409.498251839951,4.73663519948846
140.669584832288,286.12894073447,4.74988543884406
197.870254890121,366.374309580766,4.18028506083718
129.173042679809,413.182707087602,3.45965598998756
631.840185568362,319.570396194927,4.5957317675225
-0.749090024212711,147.201480149947,4.41907629599543
541.204808773032,206.409471937396,4.20668800624528
32.2078896179623,491.617987790645,3.06893525373355
280.552428175105,26.3401695873133,4.00334513516412
533.960515032047,390.616635440226,3.29881819424149
68.9989966613197,78.9612779965747,5.36707729629913
5.13130482541268,77.3356612109336,3.40434649043836
587.853406015185,228.213236865764,4.06043479513811
432.469701062925,462.000080038042,4.81577194322666
659.357254008637,372.427819316033,3.05423510744376
104.474319301484,487.571492584661,4.43983851229796
620.677337718703,91.7353057053144,4.0984950819121
421.196891978496,259.973452538034,3.69298202498753
12.8326637866891,180.237401411899,3.26194716580719
59.4293093156818,109.587454576961,4.39964916466698
605.119311636038,192.967890576301,4.61530033087214
250.483240110574,222.59545808386,3.75410893788326
583.877683164714,433.071011937917,3.67161403873827
302.987134083157,139.493134175371,3.99886433540966
526.001876178285,454.489524867794,3.40019474879672
37.6779081634516,421.741420926566,4.31258338577165
197.212949800269,277.177646431766,4.40966774033241
556.965118973445,258.833648156594,3.79454951217239
167.354524283603,21.0481844836987,4.48702988666313
506.874563184807,338.233455624385,4.35460112808753
33.9119504280216,41.878992205235,3.48108297032814
528.839754266634,140.296407797481,4.94818398375872
NA,NA,NA
658.530351565558,338.125109923032,3.54369167608258
459.815769136278,300.932186096239,3.63658834991953
9.52346262806118,491.069669812226,3.66908620267609
560.068770603408,56.7610878087282,4.28965545842754
70.1609383484427,376.332898576162,4.05250122721872
226.67489824364,415.520680596605,3.86123053517537
429.593402300051,16.1042719631304,3.33869264633799
363.59433322952,293.52036316804,2.98303831283238
604.255933423876,107.038500187456,4.33948743276835
387.396110405386,232.68706740183,4.13831810614441
573.342459274579,411.812117813829,4.67873705263045
141.058144461519,277.9493049804,4.61043059954499
198.372204344227,370.294854610413,3.98154849743463
125.638161874945,407.515548147816,3.28838164191084
625.346532220437,308.73872881851,4.56714170677008
2.42821435234941,145.7126848748,4.28343646916802
540.705482815517,205.462774828351,4.2202617106341
34.1717830428639,491.377194571655,3.01206009319776
279.977102268037,23.6005948631659,3.91385292651343
533.229124882321,392.005287907464,3.13119546455194
72.1227874150955,79.0900508995966,5.25133820403261
6.33928063758577,75.2657536313761,3.5700528744653
593.412466517426,232.987207305872,3.95734700945469
433.719761762353,461.655191741842,4.79723931467188
658.392828895487,375.647577556949,3.03105303256878
108.167812496821,479.439675734394,4.40708797331615
622.324217588982,90.7011736644869,4.11970420291674
420.594851622283,259.088090146836,3.61492216961541
11.4401652337939,185.776283142251,3.09295133840477
82.8668499761934,107.425489022859,4.39447482272417
622.752859349908,202.537733615315,4.03095118818232
245.796950513433,218.232161424085,3.86270593451098
581.630436385405,430.791441121859,3.7469434527218
297.719373306305,135.085356002571,3.88866674774915
531.183613406246,455.458499058634,3.44075677507731
49.8018438895333,423.448134057503,3.89320270483708
202.314360081343,283.80824098995,3.9385081154269
553.392166941453,260.434902714097,3.41950298210853
179.85981628199,24.5699545876699,4.22627243379979
494.831644688742,354.73036448632,4.72585857681549
47.9030064086653,55.3283332628364,3.61133747730645
542.124132471545,159.67964645177,4.79147996799905
NA,NA,NA
658.530351565558,338.125109923032,3.54369167608258
459.815769136278,300.932186096239,3.63658834991953
9.52346262806118,491.069669812226,3.66908620267609
560.068770603408,56.7610878087282,4.28965545842754
70.1609383484427,376.332898576162,4.05250122721872
226.67489824364,415.520680596605,3.86123053517537
429.593402300051,16.1042719631304,3.33869264633799
363.59433322952,293.52036316804,2.98303831283238
604.255933423876,107.038500187456,4.33948743276835
387.396110405386,232.68706740183,4.13831810614441
573.342459274579,411.812117813829,4.67873705263045
141.058144461519,277.9493049804,4.61043059954499
198.372204344227,370.294854610413,3.98154849743463
125.638161874945,407.515548147816,3.28838164191084
625.346532220437,308.73872881851,4.56714170677008
2.42821435234941,145.7126848748,4.28343646916802
540.705482815517,205.462774828351,4.2202617106341
34.1717830428639,491.377194571655,3.01206009319776
279.977102268037,23.6005948631659,3.91385292651343
533.229124882321,392.005287907464,3.13119546455194
72.1227874150955,79.0900508995966,5.25133820403261
6.33928063758577,75.2657536313761,3.5700528744653
593.412466517426,232.987207305872,3.95734700945469
433.719761762353,461.655191741842,4.79723931467188
658.392828895487,375.647577556949,3.03105303256878
108.167812496821,479.439675734394,4.40708797331615
622.324217588982,90.7011736644869,4.11970420291674
420.594851622283,259.088090146836,3.61492216961541
11.4401652337939,185.776283142251,3.09295133840477
82.8668499761934,107.425489022859,4.39447482272417
622.752859349908,202.537733615315,4.03095118818232
245.796950513433,218.232161424085,3.86270593451098
581.630436385405,430.791441121859,3.7469434527218
297.719373306305,135.085356002571,3.88866674774915
531.183613406246,455.458499058634,3.44075677507731
49.8018438895333,423.448134057503,3.89320270483708
202.314360081343,283.80824098995,3.9385081154269
553.392166941453,260.434902714097,3.41950298210853
179.85981628199,24.5699545876699,4.22627243379979
494.831644688742,354.73036448632,4.72585857681549
47.9030064086653,55.3283332628364,3.61133747730645
542.124132471545,159.67964645177,4.79147996799905
NA,NA,NA
658.530351565558,338.125109923032,3.54369167608258
459.815769136278,300.932186096239,3.63658834991953
9.52346262806118,491.069669812226,3.66908620267609
560.068770603408,56.7610878087282,4.28965545842754
70.1609383484427,376.332898576162,4.05250122721872
226.67489824364,415.520680596605,3.86123053517537
429.593402300051,16.1042719631304,3.33869264633799
363.59433322952,293.52036316804,2.98303831283238
604.255933423876,107.038500187456,4.33948743276835
387.396110405386,232.68706740183,4.13831810614441
573.342459274579,411.812117813829,4.67873705263045
141.058144461519,277.9493049804,4.61043059954499
198.372204344227,370.294854610413,3.98154849743463
125.638161874945,407.515548147816,3.28838164191084
625.346532220437,308.73872881851,4.56714170677008
2.42821435234941,145.7126848748,4.28343646916802
540.705482815517,205.462774828351,4.2202617106341
34.1717830428639,491.377194571655,3.01206009319776
279.977102268037,23.6005948631659,3.91385292651343
533.229124882321,392.005287907464,3.13119546455194
72.1227874150955,79.0900508995966,5.25133820403261
6.33928063758577,75.2657536313761,3.5700528744653
593.412466517426,232.987207305872,3.95734700945469
433.719761762353,461.655191741842,4.79723931467188
658.392828895487,375.647577556949,3.03105303256878
108.167812496821,479.439675734394,4.40708797331615
622.324217588982,90.7011736644869,4.11970420291674
420.594851622283,259.088090146836,3.61492216961541
11.4401652337939,185.776283142251,3.09295133840477
82.8668499761934,107.425489022859,4.39447482272417
622.752859349908,202.537733615315,4.03095118818232
245.796950513433,218.232161424085,3.86270593451098
581.630436385405,430.791441121859,3.7469434527218
297.719373306305,135.085356002571,3.88866674774915
531.183613406246,455.458499058634,3.44075677507731
49.8018438895333,423.448134057503,3.89320270483708
202.314360081343,283.80824098995,3.9385081154269
553.392166941453,260.434902714097,3.41950298210853
179.85981628199,24.5699545876699,4.22627243379979
494.831644688742,354.73036448632,4.72585857681549
47.9030064086653,55.3283332628364,3.61133747730645
542.124132471545,159.67964645177,4.79147996799905
NA,NA,NA
658.530351565558,338.125109923032,3.54369167608258
459.815769136278,300.932186096239,3.63658834991953
9.52346262806118,491.069669812226,3.66908620267609
560.068770603408,56.7610878087282,4.28965545842754
70.1609383484427,376.332898576162,4.05250122721872
226.67489824364,415.520680596605,3.86123053517537
429.593402300051,16.1042719631304,3.33869264633799
363.59433322952,293.52036316804,2.98303831283238
604.255933423876,107.038500187456,4.33948743276835
387.396110405386,232.68706740183,4.13831810614441
573.342459274579,411.812117813829,4.67873705263045
141.058144461519,277.9493049804,4.61043059954499
198.372204344227,370.294854610413,3.98154849743463
125.638161874945,407.515548147816,3.28838164191084
625.346532220437,308.73872881851,4.56714170677008
2.42821435234941,145.7126848748,4.28343646916802
540.705482815517,205.462774828351,4.2202617106341
34.1717830428639,491.377194571655,3.01206009319776
279.977102268037,23.6005948631659,3.91385292651343
533.229124882321,392.005287907464,3.13119546455194
72.1227874150955,79.0900508995966,5.25133820403261
6.33928063758577,75.2657536313761,3.5700528744653
593.412466517426,232.987207305872,3.95734700945469
433.719761762353,461.655191741842,4.79723931467188
658.392828895487,375.647577556949,3.03105303256878
108.167812496821,479.439675734394,4.40708797331615
622.324217588982,90.7011736644869,4.11970420291674
420.594851622283,259.088090146836,3.61492216961541
11.4401652337939,185.776283142251,3.09295133840477
82.8668499761934,107.425489022859,4.39447482272417
622.752859349908,202.537733615315,4.03095118818232
245.796950513433,218.232161424085,3.86270593451098
581.630436385405,430.791441121859,3.7469434527218
297.719373306305,135.085356002571,3.88866674774915
531.183613406246,455.458499058634,3.44075677507731
49.8018438895333,423.448134057503,3.89320270483708
202.314360081343,283.80824098995,3.9385081154269
553.392166941453,260.434902714097,3.41950298210853
179.85981628199,24.5699545876699,4.22627243379979
494.831644688742,354.73036448632,4.72585857681549
47.9030064086653,55.3283332628364,3.61133747730645
542.124132471545,159.67964645177,4.79147996799905
NA,NA,NA
658.530351565558,338.125109923032,3.54369167608258
459.815769136278,300.932186096239,3.63658834991953
9.52346262806118,491.069669812226,3.66908620267609
560.068770603408,56.7610878087282,4.28965545842754
70.1609383484427,376.332898576162,4.05250122721872
226.67489824364,415.520680596605,3.86123053517537
429.593402300051,16.1042719631304,3.33869264633799
363.59433322952,293.52036316804,2.98303831283238
604.255933423876,107.038500187456,4.33948743276835
387.396110405386,232.68706740183,4.13831810614441
573.342459274579,411.812117813829,4.67873705263045
141.058144461519,277.9493049804,4.61043059954499
198.372204344227,370.294854610413,3.98154849743463
125.638161874945,407.515548147816,3.28838164191084
625.346532220437,308.73872881851,4.56714170677008
2.42821435234941,145.7126848748,4.28343646916802
540.705482815517,205.462774828351,4.2202617106341
34.1717830428639,491.377194571655,3.01206009319776
279.977102268037,23.6005948631659,3.91385292651343
533.229124882321,392.005287907464,3.13119546455194
72.1227874150955,79.0900508995966,5.25133820403261
6.33928063758577,75.2657536313761,3.5700528744653
593.412466517426,232.987207305872,3.95734700945469
433.719761762353,461.655191741842,4.79723931467188
658.392828895487,375.647577556949,3.03105303256878
108.167812496821,479.439675734394,4.40708797331615
622.324217588982,90.7011736644869,4.11970420291674
420.594851622283,259.088090146836,3.61492216961541
11.4401652337939,185.776283142251,3.09295133840477
82.8668499761934,107.425489022859,4.39447482272417
622.752859349908,202.537733615315,4.03095118818232
245.796950513433,218.232161424085,3.86270593451098
581.630436385405,430.791441121859,3.7469434527218
297.719373306305,135.085356002571,3.88866674774915
531.183613406246,455.458499058634,3.44075677507731
49.8018438895333,423.448134057503,3.89320270483708
202.314360081343,283.80824098995,3.9385081154269
553.392166941453,260.434902714097,3.41950298210853
179.85981628199,24.5699545876699,4.22627243379979
494.831644688742,354.73036448632,4.72585857681549
47.9030064086653,55.3283332628364,3.61133747730645
542.124132471545,159.67964645177,4.79147996799905
NA,NA,NA
658.530351565558,338.125109923032,3.54369167608258
459.815769136278,300.932186096239,3.63658834991953
9.52346262806118,491.069669812226,3.66908620267609
560.068770603408,56.7610878087282,4.28965545842754
70.1609383484427,376.332898576162,4.05250122721872
226.67489824364,415.520680596605,3.86123053517537
429.593402300051,16.1042719631304,3.33869264633799
363.59433322952,293.52036316804,2.98303831283238
604.255933423876,107.038500187456,4.33948743276835
387.396110405386,232.68706740183,4.13831810614441
573.342459274579,411.812117813829,4.67873705263045
141.058144461519,277.9493049804,4.61043059954499
198.372204344227,370.294854610413,3.98154849743463
125.638161874945,407.515548147816,3.28838164191084
625.346532220437,308.73872881851,4.56714170677008
2.42821435234941,145.7126848748,4.28343646916802
540.705482815517,205.462774828351,4.2202617106341
34.1717830428639,491.377194571655,3.01206009319776
279.977102268037,23.6005948631659,3.91385292651343
533.229124882321,392.005287907464,3.13119546455194
72.1227874150955,79.0900508995966,5.25133820403261
6.33928063758577,75.2657536313761,3.5700528744653
593.412466517426,232.987207305872,3.95734700945469
433.719761762353,461.655191741842,4.79723931467188
658.392828895487,375.647577556949,3.03105303256878
108.167812496821,479.439675734394,4.40708797331615
622.324217588982,90.7011736644869,4.11970420291674
420.594851622283,259.088090146836,3.61492216961541
11.4401652337939,185.776283142251,3.09295133840477
82.8668499761934,107.425489022859,4.39447482272417
622.752859349908,202.537733615315,4.03095118818232
245.796950513433,218.232161424085,3.86270593451098
581.630436385405,430.791441121859,3.7469434527218
297.719373306305,135.085356002571,3.88866674774915
531.183613406246,455.458499058634,3.44075677507731
49.8018438895333,423.448134057503,3.89320270483708
202.314360081343,283.80824098995,3.9385081154269
553.392166941453,260.434902714097,3.41950298210853
179.85981628199,24.5699545876699,4.22627243379979
494.831644688742,354.73036448632,4.72585857681549
47.9030064086653,55.3283332628364,3.61133747730645
542.124132471545,159.67964645177,4.79147996799905
NA,NA,NA
661.077747274261,334.994638653523,3.57113533716993
453.823243145182,300.135630997075,3.56533981467429
9.41432569055858,495.824211766251,3.63166554741583
557.456731331321,50.0671270594741,4.23684082616517
68.6283944880012,374.115291789079,3.99592410206163
229.938625830168,416.024144426088,3.85141612504778
428.866155410011,9.30613156683361,3.19951418569309
363.286950666321,293.637716860425,3.09166391901795
604.120823795198,103.779838231129,4.37835307854164
392.559058866,228.942991817961,4.21132291435016
564.808303164835,402.758468175094,4.73774476539946
133.724436206987,283.036219101023,4.65381529900641
199.243731173726,370.483899347954,4.08308020937168
124.494975161513,409.547568531567,3.20616326925499
628.414404594519,313.850010823032,4.58762906797608
-2.72110539730128,151.099295051929,4.23056186374527
544.682141045193,204.094976686776,4.20571188913281
33.618795171282,491.675230207182,2.82213771188653
278.126287987999,20.6468670937079,3.9377527261075
533.345002569886,394.227022317387,3.34054449797196
72.6956460567668,79.542408275704,5.21710863474729
1.44323290188351,74.7901487226116,3.62258453173698
584.671182539167,225.748675046301,4.06812707880496
436.547351220981,455.260725159627,4.75026175843457
657.521295556693,372.074491155549,3.10493724312089
99.29654132029,483.32086526445,4.2561789044649
625.690333899952,89.0792160242483,4.08354606017808
420.779958954183,256.341082078988,3.69530509253907
12.9907620122283,181.994011598913,3.17809833916789
53.8803241090092,125.325001274809,4.479867600468
614.680409785211,206.522773555738,4.36349443604206
251.140366818361,221.99668551121,3.78706337254111
567.050510406756,435.028953003366,3.79279648173346
303.239723879186,136.51759819272,3.80269100527959
523.850364987481,456.450249337815,3.39824577546894
48.3448740518011,425.63648781582,4.07329652661982
209.254365148354,291.066617891245,4.11318970397889
533.978842634366,266.589467868268,3.74153203149675
171.964420655926,31.4226284955188,4.21774795956331
380.466261045695,235.995855111046,4.05309518670617
504.880017753778,340.74154182061,4.53407559890843
44.3611913518878,46.3055141227715,3.49196533370032
506.500565835707,151.156640100497,4.54769990579765
NA,NA,NA
661.077747274261,334.994638653523,3.57113533716993
453.823243145182,300.135630997075,3.56533981467429
9.41432569055858,495.824211766251,3.63166554741583
557.456731331321,50.0671270594741,4.23684082616517
68.6283944880012,374.115291789079,3.99592410206163
229.938625830168,416.024144426088,3.85141612504778
428.866155410011,9.30613156683361,3.19951418569309
363.286950666321,293.637716860425,3.09166391901795
604.120823795198,103.779838231129,4.37835307854164
392.559058866,228.942991817961,4.21132291435016
564.808303164835,402.758468175094,4.73774476539946
133.724436206987,283.036219101023,4.65381529900641
199.243731173726,370.483899347954,4.08308020937168
124.494975161513,409.547568531567,3.20616326925499
628.414404594519,313.850010823032,4.58762906797608
-2.72110539730128,151.099295051929,4.23056186374527
544.682141045193,204.094976686776,4.20571188913281
33.618795171282,491.675230207182,2.82213771188653
278.126287987999,20.6468670937079,3.9377527261075
533.345002569886,394.227022317387,3.34054449797196
72.6956460567668,79.542408275704,5.21710863474729
1.44323290188351,74.7901487226116,3.62258453173698
584.671182539167,225.748675046301,4.06812707880496
436.547351220981,455.260725159627,4.75026175843457
657.521295556693,372.074491155549,3.10493724312089
99.29654132029,483.32086526445,4.2561789044649
625.690333899952,89.0792160242483,4.08354606017808
420.779958954183,256.341082078988,3.69530509253907
12.9907620122283,181.994011598913,3.17809833916789
53.8803241090092,125.325001274809,4.479867600468
614.680409785211,206.522773555738,4.36349443604206
251.140366818361,221.99668551121,3.78706337254111
567.050510406756,435.028953003366,3.79279648173346
303.239723879186,136.51759819272,3.80269100527959
523.850364987481,456.450249337815,3.39824577546894
48.3448740518011,425.63648781582,4.07329652661982
209.254365148354,291.066617891245,4.11318970397889
533.978842634366,266.589467868268,3.74153203149675
171.964420655926,31.4226284955188,4.21774795956331
504.880017753778,340.74154182061,4.53407559890843
44.3611913518878,46.3055141227715,3.49196533370032
506.500565835707,151.156640100497,4.54769990579765
NA,NA,NA
661.077747274261,334.994638653523,3.57113533716993
453.823243145182,300.135630997075,3.56533981467429
9.41432569055858,495.824211766251,3.63166554741583
557.456731331321,50.0671270594741,4.23684082616517
68.6283944880012,374.115291789079,3.99592410206163
229.938625830168,416.024144426088,3.85141612504778
428.866155410011,9.30613156683361,3.19951418569309
363.286950666321,293.637716860425,3.09166391901795
604.120823795198,103.779838231129,4.37835307854164
392.559058866,228.942991817961,4.21132291435016
564.808303164835,402.758468175094,4.73774476539946
133.724436206987,283.036219101023,4.65381529900641
199.243731173726,370.483899347954,4.08308020937168
124.494975161513,409.547568531567,3.20616326925499
628.414404594519,313.850010823032,4.58762906797608
-2.72110539730128,151.099295051929,4.23056186374527
544.682141045193,204.094976686776,4.20571188913281
33.618795171282,491.675230207182,2.82213771188653
278.126287987999,20.6468670937079,3.9377527261075
533.345002569886,394.227022317387,3.34054449797196
72.6956460567668,79.542408275704,5.21710863474729
1.44323290188351,74.7901487226116,3.62258453173698
584.671182539167,225.748675046301,4.06812707880496
436.547351220981,455.260725159627,4.75026175843457
657.521295556693,372.074491155549,3.10493724312089
99.29654132029,483.32086526445,4.2561789044649
625.690333899952,89.0792160242483,4.08354606017808
420.779958954183,256.341082078988,3.69530509253907
12.9907620122283,181.994011598913,3.17809833916789
53.8803241090092,125.325001274809,4.479867600468
614.680409785211,206.522773555738,4.36349443604206
251.140366818361,221.99668551121,3.78706337254111
567.050510406756,435.028953003366,3.79279648173346
303.239723879186,136.51759819272,3.80269100527959
523.850364987481,456.450249337815,3.39824577546894
48.3448740518011,425.63648781582,4.07329652661982
209.254365148354,291.066617891245,4.11318970397889
533.978842634366,266.589467868268,3.74153203149675
171.964420655926,31.4226284955188,4.21774795956331
504.880017753778,340.74154182061,4.53407559890843
44.3611913518878,46.3055141227715,3.49196533370032
506.500565835707,151.156640100497,4.54769990579765
NA,NA,NA
661.077747274261,334.994638653523,3.57113533716993
453.823243145182,300.135630997075,3.56533981467429
9.41432569055858,495.824211766251,3.63166554741583
557.456731331321,50.0671270594741,4.23684082616517
68.6283944880012,374.115291789079,3.99592410206163
229.938625830168,416.024144426088,3.85141612504778
428.866155410011,9.30613156683361,3.19951418569309
363.286950666321,293.637716860425,3.09166391901795
604.120823795198,103.779838231129,4.37835307854164
392.559058866,228.942991817961,4.21132291435016
564.808303164835,402.758468175094,4.73774476539946
133.724436206987,283.036219101023,4.65381529900641
199.243731173726,370.483899347954,4.08308020937168
124.494975161513,409.547568531567,3.20616326925499
628.414404594519,313.850010823032,4.58762906797608
-2.72110539730128,151.099295051929,4.23056186374527
544.682141045193,204.094976686776,4.20571188913281
33.618795171282,491.675230207182,2.82213771188653
278.126287987999,20.6468670937079,3.9377527261075
533.345002569886,394.227022317387,3.34054449797196
72.6956460567668,79.542408275704,5.21710863474729
1.44323290188351,74.7901487226116,3.62258453173698
584.671182539167,225.748675046301,4.06812707880496
436.547351220981,455.260725159627,4.75026175843457
657.521295556693,372.074491155549,3.10493724312089
99.29654132029,483.32086526445,4.2561789044649
625.690333899952,89.0792160242483,4.08354606017808
420.779958954183,256.341082078988,3.69530509253907
12.9907620122283,181.994011598913,3.17809833916789
53.8803241090092,125.325001274809,4.479867600468
614.680409785211,206.522773555738,4.36349443604206
251.140366818361,221.99668551121,3.78706337254111
567.050510406756,435.028953003366,3.79279648173346
303.239723879186,136.51759819272,3.80269100527959
523.850364987481,456.450249337815,3.39824577546894
48.3448740518011,425.63648781582,4.07329652661982
209.254365148354,291.066617891245,4.11318970397889
533.978842634366,266.589467868268,3.74153203149675
171.964420655926,31.4226284955188,4.21774795956331
504.880017753778,340.74154182061,4.53407559890843
44.3611913518878,46.3055141227715,3.49196533370032
506.500565835707,151.156640100497,4.54769990579765
NA,NA,NA
661.077747274261,334.994638653523,3.57113533716993
453.823243145182,300.135630997075,3.56533981467429
9.41432569055858,495.824211766251,3.63166554741583
557.456731331321,50.0671270594741,4.23684082616517
68.6283944880012,374.115291789079,3.99592410206163
229.938625830168,416.024144426088,3.85141612504778
428.866155410011,9.30613156683361,3.19951418569309
363.286950666321,293.637716860425,3.09166391901795
604.120823795198,103.779838231129,4.37835307854164
392.559058866,228.942991817961,4.21132291435016
564.808303164835,402.758468175094,4.73774476539946
133.724436206987,283.036219101023,4.65381529900641
199.243731173726,370.483899347954,4.08308020937168
124.494975161513,409.547568531567,3.20616326925499
628.414404594519,313.850010823032,4.58762906797608
-2.72110539730128,151.099295051929,4.23056186374527
544.682141045193,204.094976686776,4.20571188913281
33.618795171282,491.675230207182,2.82213771188653
278.126287987999,20.6468670937079,3.9377527261075
533.345002569886,394.227022317387,3.34054449797196
72.6956460567668,79.542408275704,5.21710863474729
1.44323290188351,74.7901487226116,3.62258453173698
584.671182539167,225.748675046301,4.06812707880496
436.547351220981,455.260725159627,4.75026175843457
657.521295556693,372.074491155549,3.10493724312089
99.29654132029,483.32086526445,4.2561789044649
625.690333899952,89.0792160242483,4.08354606017808
420.779958954183,256.341082078988,3.69530509253907
12.9907620122283,181.994011598913,3.17809833916789
53.8803241090092,125.325001274809,4.479867600468
614.680409785211,206.522773555738,4.36349443604206
251.140366818361,221.99668551121,3.78706337254111
567.050510406756,435.028953003366,3.79279648173346
303.239723879186,136.51759819272,3.80269100527959
523.850364987481,456.450249337815,3.39824577546894
48.3448740518011,425.63648781582,4.07329652661982
209.254365148354,291.066617891245,4.11318970397889
533.978842634366,266.589467868268,3.74153203149675
171.964420655926,31.4226284955188,4.21774795956331
504.880017753778,340.74154182061,4.53407559890843
44.3611913518878,46.3055141227715,3.49196533370032
506.500565835707,151.156640100497,4.54769990579765
NA,NA,NA
661.077747274261,334.994638653523,3.57113533716993
453.823243145182,300.135630997075,3.56533981467429
9.41432569055858,495.824211766251,3.63166554741583
557.456731331321,50.0671270594741,4.23684082616517
68.6283944880012,374.115291789079,3.99592410206163
229.938625830168,416.024144426088,3.85141612504778
428.866155410011,9.30613156683361,3.19951418569309
363.286950666321,293.637716860425,3.09166391901795
604.120823795198,103.779838231129,4.37835307854164
392.559058866,228.942991817961,4.21132291435016
564.808303164835,402.758468175094,4.73774476539946
133.724436206987,283.036219101023,4.65381529900641
199.243731173726,370.483899347954,4.08308020937168
124.494975161513,409.547568531567,3.20616326925499
628.414404594519,313.850010823032,4.58762906797608
-2.72110539730128,151.099295051929,4.23056186374527
544.682141045193,204.094976686776,4.20571188913281
33.618795171282,491.675230207182,2.82213771188653
278.126287987999,20.6468670937079,3.9377527261075
533.345002569886,394.227022317387,3.34054449797196
72.6956460567668,79.542408275704,5.21710863474729
1.44323290188351,74.7901487226116,3.62258453173698
584.671182539167,225.748675046301,4.06812707880496
436.547351220981,455.260725159627,4.75026175843457
657.521295556693,372.074491155549,3.10493724312089
99.29654132029,483.32086526445,4.2561789044649
625.690333899952,89.0792160242483,4.08354606017808
420.779958954183,256.341082078988,3.69530509253907
12.9907620122283,181.994011598913,3.17809833916789
53.8803241090092,125.325001274809,4.479867600468
614.680409785211,206.522773555738,4.36349443604206
251.140366818361,221.99668551121,3.78706337254111
567.050510406756,435.028953003366,3.79279648173346
303.239723879186,136.51759819272,3.80269100527959
523.850364987481,456.450249337815,3.39824577546894
48.3448740518011,425.63648781582,4.07329652661982
209.254365148354,291.066617891245,4.11318970397889
533.978842634366,266.589467868268,3.74153203149675
171.964420655926,31.4226284955188,4.21774795956331
504.880017753778,340.74154182061,4.53407559890843
44.3611913518878,46.3055141227715,3.49196533370032
506.500565835707,151.156640100497,4.54769990579765
NA,NA,NA
663.113507721489,336.415443758621,3.3142619758761
455.898070926745,297.359329430719,3.79575183475301
12.8147999581591,493.272548760941,3.60527726679981
558.787936547882,52.0148607022098,4.26423237445699
65.9650921863511,383.355710311609,3.95466028459692
224.637990400462,418.040165723627,3.93701090118983
430.770998882699,11.5869206155091,3.38155773099346
364.790924115323,293.155579154524,3.00043176654023
604.419121635606,108.357758662474,4.03691878483102
393.326257206654,228.45988063657,4.16336796927972
573.213504461604,399.638107768005,4.78988652918837
144.510769347263,284.673854737556,4.56641852698121
201.567904842916,367.608760467358,4.07341858840875
124.419520932526,411.893111266491,3.46471212326878
629.069257658882,309.73075338408,4.52729965987639
4.12711531244623,142.102315908481,4.32418873269976
541.181760561965,198.533264741664,4.07008517297616
34.7057034333875,493.335710096731,2.98999699371197
278.991231902669,19.3022569559517,3.76050593983577
533.643765921144,392.322466102271,3.45128050381697
74.2970549853865,69.7618555392052,5.27091022445043
6.26933862233464,77.4442491473621,3.57417505089859
587.373737130924,230.018713101145,4.10556508481632
443.561161440557,460.067764507175,4.78955299846509
659.89879333979,372.658733883842,3.21836475770968
103.280429549949,490.438778064333,4.41076202041965
621.942452579045,88.2843242745995,4.1035434253528
421.545364679253,260.712831988465,3.69123082718576
11.5887511766205,182.655227017911,3.22827329396798
89.1753925133876,114.157951085492,4.70158057664021
608.493724329918,207.045618551016,4.34763563512203
258.522758534043,215.785246354017,4.08138563641472
578.219122156197,431.452318451825,3.86431438534039
300.590525876282,136.156783359964,3.89368537820734
524.100384890619,454.055185816974,3.68960130177184
48.145386770653,420.575329184443,4.24425116976048
201.675771784321,289.781338944687,4.14805020897584
542.142203563365,264.10228345789,3.77707449700454
181.219391397102,26.2255022199045,3.89670935463593
502.395869762679,342.890184346588,4.45366548502306
39.6713397629348,50.4233265826131,3.7300481348019
538.844641543652,162.147554614951,4.68301260162816
NA,NA,NA
663.113507721489,336.415443758621,3.3142619758761
455.898070926745,297.359329430719,3.79575183475301
12.8147999581591,493.272548760941,3.60527726679981
558.787936547882,52.0148607022098,4.26423237445699
65.9650921863511,383.355710311609,3.95466028459692
224.637990400462,418.040165723627,3.93701090118983
430.770998882699,11.5869206155091,3.38155773099346
364.790924115323,293.155579154524,3.00043176654023
604.419121635606,108.357758662474,4.03691878483102
393.326257206654,228.45988063657,4.16336796927972
573.213504461604,399.638107768005,4.78988652918837
144.510769347263,284.673854737556,4.56641852698121
201.567904842916,367.608760467358,4.07341858840875
124.419520932526,411.893111266491,3.46471212326878
629.069257658882,309.73075338408,4.52729965987639
4.12711531244623,142.102315908481,4.32418873269976
541.181760561965,198.533264741664,4.07008517297616
34.7057034333875,493.335710096731,2.98999699371197
278.991231902669,19.3022569559517,3.76050593983577
533.643765921144,392.322466102271,3.45128050381697
74.2970549853865,69.7618555392052,5.27091022445043
6.26933862233464,77.4442491473621,3.57417505089859
587.373737130924,230.018713101145,4.10556508481632
443.561161440557,460.067764507175,4.78955299846509
659.89879333979,372.658733883842,3.21836475770968
103.280429549949,490.438778064333,4.41076202041965
621.942452579045,88.2843242745995,4.1035434253528
421.545364679253,260.712831988465,3.69123082718576
11.5887511766205,182.655227017911,3.22827329396798
89.1753925133876,114.157951085492,4.70158057664021
608.493724329918,207.045618551016,4.34763563512203
258.522758534043,215.785246354017,4.08138563641472
578.219122156197,431.452318451825,3.86431438534039
300.590525876282,136.156783359964,3.89368537820734
524.100384890619,454.055185816974,3.68960130177184
48.145386770653,420.575329184443,4.24425116976048
201.675771784321,289.781338944687,4.14805020897584
542.142203563365,264.10228345789,3.77707449700454
181.219391397102,26.2255022199045,3.89670935463593
502.395869762679,342.890184346588,4.45366548502306
39.6713397629348,50.4233265826131,3.7300481348019
538.844641543652,162.147554614951,4.68301260162816
NA,NA,NA
663.113507721489,336.415443758621,3.3142619758761
455.898070926745,297.359329430719,3.79575183475301
12.8147999581591,493.272548760941,3.60527726679981
558.787936547882,52.0148607022098,4.26423237445699
65.9650921863511,383.355710311609,3.95466028459692
224.637990400462,418.040165723627,3.93701090118983
430.770998882699,11.5869206155091,3.38155773099346
364.790924115323,293.155579154524,3.00043176654023
604.419121635606,108.357758662474,4.03691878483102
393.326257206654,228.45988063657,4.16336796927972
573.213504461604,399.638107768005,4.78988652918837
144.510769347263,284.673854737556,4.56641852698121
201.567904842916,367.608760467358,4.07341858840875
124.419520932526,411.893111266491,3.46471212326878
629.069257658882,309.73075338408,4.52729965987639
4.12711531244623,142.102315908481,4.32418873269976
541.181760561965,198.533264741664,4.07008517297616
34.7057034333875,493.335710096731,2.98999699371197
278.991231902669,19.3022569559517,3.76050593983577
533.643765921144,392.322466102271,3.45128050381697
74.2970549853865,69.7618555392052,5.27091022445043
6.26933862233464,77.4442491473621,3.57417505089859
587.373737130924,230.018713101145,4.10556508481632
443.561161440557,460.067764507175,4.78955299846509
659.89879333979,372.658733883842,3.21836475770968
103.280429549949,490.438778064333,4.41076202041965
621.942452579045,88.2843242745995,4.1035434253528
421.545364679253,260.712831988465,3.69123082718576
11.5887511766205,182.655227017911,3.22827329396798
89.1753925133876,114.157951085492,4.70158057664021
608.493724329918,207.045618551016,4.34763563512203
258.522758534043,215.785246354017,4.08138563641472
578.219122156197,431.452318451825,3.86431438534039
300.590525876282,136.156783359964,3.89368537820734
524.100384890619,454.055185816974,3.68960130177184
48.145386770653,420.575329184443,4.24425116976048
201.675771784321,289.781338944687,4.14805020897584
542.142203563365,264.10228345789,3.77707449700454
181.219391397102,26.2255022199045,3.89670935463593
502.395869762679,342.890184346588,4.45366548502306
39.6713397629348,50.4233265826131,3.7300481348019
538.844641543652,162.147554614951,4.68301260162816
NA,NA,NA
663.113507721489,336.415443758621,3.3142619758761
455.898070926745,297.359329430719,3.79575183475301
12.8147999581591,493.272548760941,3.60527726679981
558.787936547882,52.0148607022098,4.26423237445699
65.9650921863511,383.355710311609,3.95466028459692
224.637990400462,418.040165723627,3.93701090118983
430.770998882699,11.5869206155091,3.38155773099346
364.790924115323,293.155579154524,3.00043176654023
604.419121635606,108.357758662474,4.03691878483102
393.326257206654,228.45988063657,4.16336796927972
573.213504461604,399.638107768005,4.78988652918837
144.510769347263,284.673854737556,4.56641852698121
201.567904842916,367.608760467358,4.07341858840875
124.419520932526,411.893111266491,3.46471212326878
629.069257658882,309.73075338408,4.52729965987639
4.12711531244623,142.102315908481,4.32418873269976
541.181760561965,198.533264741664,4.07008517297616
34.7057034333875,493.335710096731,2.98999699371197
278.991231902669,19.3022569559517,3.76050593983577
533.643765921144,392.322466102271,3.45128050381697
74.2970549853865,69.7618555392052,5.27091022445043
6.26933862233464,77.4442491473621,3.57417505089859
587.373737130924,230.018713101145,4.10556508481632
443.561161440557,460.067764507175,4.78955299846509
659.89879333979,372.658733883842,3.21836475770968
103.280429549949,490.438778064333,4.41076202041965
621.942452579045,88.2843242745995,4.1035434253528
421.545364679253,260.712831988465,3.69123082718576
11.5887511766205,182.655227017911,3.22827329396798
89.1753925133876,114.157951085492,4.70158057664021
608.493724329918,207.045618551016,4.34763563512203
258.522758534043,215.785246354017,4.08138563641472
578.219122156197,431.452318451825,3.86431438534039
300.590525876282,136.156783359964,3.89368537820734
524.100384890619,454.055185816974,3.68960130177184
48.145386770653,420.575329184443,4.24425116976048
201.675771784321,289.781338944687,4.14805020897584
542.142203563365,264.10228345789,3.77707449700454
181.219391397102,26.2255022199045,3.89670935463593
502.395869762679,342.890184346588,4.45366548502306
39.6713397629348,50.4233265826131,3.7300481348019
538.844641543652,162.147554614951,4.68301260162816
NA,NA,NA
663.113507721489,336.415443758621,3.3142619758761
455.898070926745,297.359329430719,3.79575183475301
12.8147999581591,493.272548760941,3.60527726679981
558.787936547882,52.0148607022098,4.26423237445699
65.9650921863511,383.355710311609,3.95466028459692
224.637990400462,418.040165723627,3.93701090118983
430.770998882699,11.5869206155091,3.38155773099346
364.790924115323,293.155579154524,3.00043176654023
604.419121635606,108.357758662474,4.03691878483102
393.326257206654,228.45988063657,4.16336796927972
573.213504461604,399.638107768005,4.78988652918837
144.510769347263,284.673854737556,4.56641852698121
201.567904842916,367.608760467358,4.07341858840875
124.419520932526,411.893111266491,3.46471212326878
629.069257658882,309.73075338408,4.52729965987639
4.12711531244623,142.102315908481,4.32418873269976
541.181760561965,198.533264741664,4.07008517297616
34.7057034333875,493.335710096731,2.98999699371197
278.991231902669,19.3022569559517,3.76050593983577
533.643765921144,392.322466102271,3.45128050381697
74.2970549853865,69.7618555392052,5.27091022445043
6.26933862233464,77.4442491473621,3.57417505089859
587.373737130924,230.018713101145,4.10556508481632
443.561161440557,460.067764507175,4.78955299846509
659.89879333979,372.658733883842,3.21836475770968
103.280429549949,490.438778064333,4.41076202041965
621.942452579045,88.2843242745995,4.1035434253528
421.545364679253,260.712831988465,3.69123082718576
11.5887511766205,182.655227017911,3.22827329396798
89.1753925133876,114.157951085492,4.70158057664021
608.493724329918,207.045618551016,4.34763563512203
258.522758534043,215.785246354017,4.08138563641472
578.219122156197,431.452318451825,3.86431438534039
300.590525876282,136.156783359964,3.89368537820734
524.100384890619,454.055185816974,3.68960130177184
48.145386770653,420.575329184443,4.24425116976048
201.675771784321,289.781338944687,4.14805020897584
542.142203563365,264.10228345789,3.77707449700454
181.219391397102,26.2255022199045,3.89670935463593
502.395869762679,342.890184346588,4.45366548502306
39.6713397629348,50.4233265826131,3.7300481348019
538.844641543652,162.147554614951,4.68301260162816
NA,NA,NA
663.113507721489,336.415443758621,3.3142619758761
455.898070926745,297.359329430719,3.79575183475301
12.8147999581591,493.272548760941,3.60527726679981
558.787936547882,52.0148607022098,4.26423237445699
65.9650921863511,383.355710311609,3.95466028459692
224.637990400462,418.040165723627,3.93701090118983
430.770998882699,11.5869206155091,3.38155773099346
364.790924115323,293.155579154524,3.00043176654023
604.419121635606,108.357758662474,4.03691878483102
393.326257206654,228.45988063657,4.16336796927972
573.213504461604,399.638107768005,4.78988652918837
144.510769347263,284.673854737556,4.56641852698121
201.567904842916,367.608760467358,4.07341858840875
124.419520932526,411.893111266491,3.46471212326878
629.069257658882,309.73075338408,4.52729965987639
4.12711531244623,142.102315908481,4.32418873269976
541.181760561965,198.533264741664,4.07008517297616
34.7057034333875,493.335710096731,2.98999699371197
278.991231902669,19.3022569559517,3.76050593983577
533.643765921144,392.322466102271,3.45128050381697
74.2970549853865,69.7618555392052,5.27091022445043
6.26933862233464,77.4442491473621,3.57417505089859
587.373737130924,230.018713101145,4.10556508481632
443.561161440557,460.067764507175,4.78955299846509
659.89879333979,372.658733883842,3.21836475770968
103.280429549949,490.438778064333,4.41076202041965
621.942452579045,88.2843242745995,4.1035434253528
421.545364679253,260.712831988465,3.69123082718576
11.5887511766205,182.655227017911,3.22827329396798
89.1753925133876,114.157951085492,4.70158057664021
608.493724329918,207.045618551016,4.34763563512203
258.522758534043,215.785246354017,4.08138563641472
578.219122156197,431.452318451825,3.86431438534039
300.590525876282,136.156783359964,3.89368537820734
524.100384890619,454.055185816974,3.68960130177184
48.145386770653,420.575329184443,4.24425116976048
201.675771784321,289.781338944687,4.14805020897584
542.142203563365,264.10228345789,3.77707449700454
181.219391397102,26.2255022199045,3.89670935463593
502.395869762679,342.890184346588,4.45366548502306
39.6713397629348,50.4233265826131,3.7300481348019
538.844641543652,162.147554614951,4.68301260162816
NA,NA,NA
659.6829750064,337.635230283008,3.46745235346324
461.503127443725,299.7416447506,3.73022687093403
12.5996837251797,496.281322157005,3.71782884513253
559.058183115774,47.9312558567698,4.17502100343314
65.0558335028018,375.920077264957,4.02506004667732
227.963124186268,411.732366118877,3.92872652581117
428.642485897553,12.4752877410411,3.40464948588739
364.059629131562,293.200326674576,3.12741206629721
606.14626428097,106.000633660419,4.08127002164557
391.030539998719,236.408702278371,4.26300813313122
569.614538961161,407.46707951144,4.8025676060682
143.768271394748,283.24749422005,4.45668513681275
199.275858230765,370.053890089278,3.94775503779339
128.892264542187,409.026372739983,3.41681931710426
627.281143614295,312.116047933669,4.44581046442523
6.35555347304004,148.715828600217,4.24666124899111
538.756194421725,202.072341236028,4.18939720981638
32.7542437957531,493.81703735524,3.05721950863539
278.735538570463,25.6062541557165,3.98657476958346
532.847155784404,394.084550842122,3.30569268087728
75.1369377129526,75.155922950451,5.34282105275052
5.07398465511068,78.9462443380724,3.45329537783832
586.240654704385,230.546814707467,4.01219350502269
445.081604230219,461.696923238343,4.86549731154153
657.256091789097,372.677709101569,3.24912438112452
102.846126171626,490.006435880479,4.46249458780734
625.084636963153,90.4505853698044,4.07396170483923
424.555265931933,254.962472140813,3.60319662881499
11.2975839745964,182.230175106762,3.23513288195519
78.876981022325,101.241699018086,4.47441386981258
602.664283444916,208.938869867672,4.16912243542227
258.045689354232,213.192975258116,3.86513264355553
562.902314542303,439.380750705777,3.86891884697752
295.61980625205,133.351814826499,3.879001419041
527.193465413193,455.367968250746,3.56565164134579
48.5810334584676,419.096678123808,3.79208974987542
208.231997640439,274.480087930384,3.80389308313898
553.544650695232,265.99033718473,3.56757639855666
168.947012816081,25.4798794313421,4.57878737162602
496.671111910052,334.351970570434,4.36546617862735
42.4654468354165,52.1389737229424,3.95013182583984
522.094793736444,143.076210501582,4.45793625589801
NA,NA,NA
659.6829750064,337.635230283008,3.46745235346324
461.503127443725,299.7416447506,3.73022687093403
12.5996837251797,496.281322157005,3.71782884513253
559.058183115774,47.9312558567698,4.17502100343314
65.0558335028018,375.920077264957,4.02506004667732
227.963124186268,411.732366118877,3.92872652581117
428.642485897553,12.4752877410411,3.40464948588739
364.059629131562,293.200326674576,3.12741206629721
606.14626428097,106.000633660419,4.08127002164557
391.030539998719,236.408702278371,4.26300813313122
569.614538961161,407.46707951144,4.8025676060682
143.768271394748,283.24749422005,4.45668513681275
199.275858230765,370.053890089278,3.94775503779339
128.892264542187,409.026372739983,3.41681931710426
627.281143614295,312.116047933669,4.44581046442523
6.35555347304004,148.715828600217,4.24666124899111
538.756194421725,202.072341236028,4.18939720981638
32.7542437957531,493.81703735524,3.05721950863539
278.735538570463,25.6062541557165,3.98657476958346
532.847155784404,394.084550842122,3.30569268087728
75.1369377129526,75.155922950451,5.34282105275052
5.07398465511068,78.9462443380724,3.45329537783832
586.240654704385,230.546814707467,4.01219350502269
445.081604230219,461.696923238343,4.86549731154153
657.256091789097,372.677709101569,3.24912438112452
102.846126171626,490.006435880479,4.46249458780734
625.084636963153,90.4505853698044,4.07396170483923
424.555265931933,254.962472140813,3.60319662881499
11.2975839745964,182.230175106762,3.23513288195519
78.876981022325,101.241699018086,4.47441386981258
602.664283444916,208.938869867672,4.16912243542227
258.045689354232,213.192975258116,3.86513264355553
562.902314542303,439.380750705777,3.86891884697752
295.61980625205,133.351814826499,3.879001419041
527.193465413193,455.367968250746,3.56565164134579
48.5810334584676,419.096678123808,3.79208974987542
208.231997640439,274.480087930384,3.80389308313898
553.544650695232,265.99033718473,3.56757639855666
168.947012816081,25.4798794313421,4.57878737162602
496.671111910052,334.351970570434,4.36546617862735
42.4654468354165,52.1389737229424,3.95013182583984
522.094793736444,143.076210501582,4.45793625589801
NA,NA,NA
659.6829750064,337.635230283008,3.46745235346324
461.503127443725,299.7416447506,3.73022687093403
12.5996837251797,496.281322157005,3.71782884513253
559.058183115774,47.9312558567698,4.17502100343314
65.0558335028018,375.920077264957,4.02506004667732
227.963124186268,411.732366118877,3.92872652581117
428.642485897553,12.4752877410411,3.40464948588739
364.059629131562,293.200326674576,3.12741206629721
606.14626428097,106.000633660419,4.08127002164557
391.030539998719,236.408702278371,4.26300813313122
569.614538961161,407.46707951144,4.8025676060682
143.768271394748,283.24749422005,4.45668513681275
199.275858230765,370.053890089278,3.94775503779339
128.892264542187,409.026372739983,3.41681931710426
627.281143614295,312.116047933669,4.44581046442523
6.35555347304004,148.715828600217,4.24666124899111
538.756194421725,202.072341236028,4.18939720981638
32.7542437957531,493.81703735524,3.05721950863539
278.735538570463,25.6062541557165,3.98657476958346
532.847155784404,394.084550842122,3.30569268087728
75.1369377129526,75.155922950451,5.34282105275052
5.07398465511068,78.9462443380724,3.45329537783832
586.240654704385,230.546814707467,4.01219350502269
445.081604230219,461.696923238343,4.86549731154153
657.256091789097,372.677709101569,3.24912438112452
102.846126171626,490.006435880479,4.46249458780734
625.084636963153,90.4505853698044,4.07396170483923
424.555265931933,254.962472140813,3.60319662881499
11.2975839745964,182.230175106762,3.23513288195519
78.876981022325,101.241699018086,4.47441386981258
602.664283444916,208.938869867672,4.16912243542227
258.045689354232,213.192975258116,3.86513264355553
562.902314542303,439.380750705777,3.86891884697752
295.61980625205,133.351814826499,3.879001419041
527.193465413193,455.367968250746,3.56565164134579
48.5810334584676,419.096678123808,3.79208974987542
208.231997640439,274.480087930384,3.80389308313898
553.544650695232,265.99033718473,3.56757639855666
168.947012816081,25.4798794313421,4.57878737162602
496.671111910052,334.351970570434,4.36546617862735
42.4654468354165,52.1389737229424,3.95013182583984
522.094793736444,143.076210501582,4.45793625589801
NA,NA,NA
659.6829750064,337.635230283008,3.46745235346324
461.503127443725,299.7416447506,3.73022687093403
12.5996837251797,496.281322157005,3.71782884513253
559.058183115774,47.9312558567698,4.17502100343314
65.0558335028018,375.920077264957,4.02506004667732
227.963124186268,411.732366118877,3.92872652581117
428.642485897553,12.4752877410411,3.40464948588739
364.059629131562,293.200326674576,3.12741206629721
606.14626428097,106.000633660419,4.08127002164557
391.030539998719,236.408702278371,4.26300813313122
569.614538961161,407.46707951144,4.8025676060682
143.768271394748,283.24749422005,4.45668513681275
199.275858230765,370.053890089278,3.94775503779339
128.892264542187,409.026372739983,3.41681931710426
627.281143614295,312.116047933669,4.44581046442523
6.35555347304004,148.715828600217,4.24666124899111
538.756194421725,202.072341236028,4.18939720981638
32.7542437957531,493.81703735524,3.05721950863539
278.735538570463,25.6062541557165,3.98657476958346
532.847155784404,394.084550842122,3.30569268087728
75.1369377129526,75.155922950451,5.34282105275052
5.07398465511068,78.9462443380724,3.45329537783832
586.240654704385,230.546814707467,4.01219350502269
445.081604230219,461.696923238343,4.86549731154153
657.256091789097,372.677709101569,3.24912438112452
102.846126171626,490.006435880479,4.46249458780734
625.084636963153,90.4505853698044,4.07396170483923
424.555265931933,254.962472140813,3.60319662881499
11.2975839745964,182.230175106762,3.23513288195519
78.876981022325,101.241699018086,4.47441386981258
602.664283444916,208.938869867672,4.16912243542227
258.045689354232,213.192975258116,3.86513264355553
562.902314542303,439.380750705777,3.86891884697752
295.61980625205,133.351814826499,3.879001419041
527.193465413193,455.367968250746,3.56565164134579
48.5810334584676,419.096678123808,3.79208974987542
208.231997640439,274.480087930384,3.80389308313898
553.544650695232,265.99033718473,3.56757639855666
168.947012816081,25.4798794313421,4.57878737162602
496.671111910052,334.351970570434,4.36546617862735
42.4654468354165,52.1389737229424,3.95013182583984
522.094793736444,143.076210501582,4.45793625589801
NA,NA,NA
659.6829750064,337.635230283008,3.46745235346324
461.503127443725,299.7416447506,3.73022687093403
12.5996837251797,496.281322157005,3.71782884513253
559.058183115774,47.9312558567698,4.17502100343314
65.0558335028018,375.920077264957,4.02506004667732
227.963124186268,411.732366118877,3.92872652581117
428.642485897553,12.4752877410411,3.40464948588739
364.059629131562,293.200326674576,3.12741206629721
606.14626428097,106.000633660419,4.08127002164557
391.030539998719,236.408702278371,4.26300813313122
569.614538961161,407.46707951144,4.8025676060682
143.768271394748,283.24749422005,4.45668513681275
199.275858230765,370.053890089278,3.94775503779339
128.892264542187,409.026372739983,3.41681931710426
627.281143614295,312.116047933669,4.44581046442523
6.35555347304004,148.715828600217,4.24666124899111
538.756194421725,202.072341236028,4.18939720981638
32.7542437957531,493.81703735524,3.05721950863539
278.735538570463,25.6062541557165,3.98657476958346
532.847155784404,394.084550842122,3.30569268087728
75.1369377129526,75.155922950451,5.34282105275052
5.07398465511068,78.9462443380724,3.45329537783832
586.240654704385,230.546814707467,4.01219350502269
445.081604230219,461.696923238343,4.86549731154153
657.256091789097,372.677709101569,3.24912438112452
102.846126171626,490.006435880479,4.46249458780734
625.084636963153,90.4505853698044,4.07396170483923
424.555265931933,254.962472140813,3.60319662881499
11.2975839745964,182.230175106762,3.23513288195519
78.876981022325,101.241699018086,4.47441386981258
602.664283444916,208.938869867672,4.16912243542227
258.045689354232,213.192975258116,3.86513264355553
562.902314542303,439.380750705777,3.86891884697752
295.61980625205,133.351814826499,3.879001419041
527.193465413193,455.367968250746,3.56565164134579
48.5810334584676,419.096678123808,3.79208974987542
208.231997640439,274.480087930384,3.80389308313898
553.544650695232,265.99033718473,3.56757639855666
168.947012816081,25.4798794313421,4.57878737162602
496.671111910052,334.351970570434,4.36546617862735
42.4654468354165,52.1389737229424,3.95013182583984
522.094793736444,143.076210501582,4.45793625589801
NA,NA,NA
659.6829750064,337.635230283008,3.46745235346324
461.503127443725,299.7416447506,3.73022687093403
12.5996837251797,496.281322157005,3.71782884513253
559.058183115774,47.9312558567698,4.17502100343314
65.0558335028018,375.920077264957,4.02506004667732
227.963124186268,411.732366118877,3.92872652581117
428.642485897553,12.4752877410411,3.40464948588739
364.059629131562,293.200326674576,3.12741206629721
606.14626428097,106.000633660419,4.08127002164557
391.030539998719,236.408702278371,4.26300813313122
569.614538961161,407.46707951144,4.8025676060682
143.768271394748,283.24749422005,4.45668513681275
199.275858230765,370.053890089278,3.94775503779339
128.892264542187,409.026372739983,3.41681931710426
627.281143614295,312.116047933669,4.44581046442523
6.35555347304004,148.715828600217,4.24666124899111
538.756194421725,202.072341236028,4.18939720981638
32.7542437957531,493.81703735524,3.05721950863539
278.735538570463,25.6062541557165,3.98657476958346
532.847155784404,394.084550842122,3.30569268087728
75.1369377129526,75.155922950451,5.34282105275052
5.07398465511068,78.9462443380724,3.45329537783832
586.240654704385,230.546814707467,4.01219350502269
445.081604230219,461.696923238343,4.86549731154153
657.256091789097,372.677709101569,3.24912438112452
102.846126171626,490.006435880479,4.46249458780734
625.084636963153,90.4505853698044,4.07396170483923
424.555265931933,254.962472140813,3.60319662881499
11.2975839745964,182.230175106762,3.23513288195519
78.876981022325,101.241699018086,4.47441386981258
602.664283444916,208.938869867672,4.16912243542227
258.045689354232,213.192975258116,3.86513264355553
562.902314542303,439.380750705777,3.86891884697752
295.61980625205,133.351814826499,3.879001419041
527.193465413193,455.367968250746,3.56565164134579
48.5810334584676,419.096678123808,3.79208974987542
208.231997640439,274.480087930384,3.80389308313898
553.544650695232,265.99033718473,3.56757639855666
168.947012816081,25.4798794313421,4.57878737162602
496.671111910052,334.351970570434,4.36546617862735
42.4654468354165,52.1389737229424,3.95013182583984
522.094793736444,143.076210501582,4.45793625589801
NA,NA,NA
664.099936094119,334.441367293356,3.5378952640791
455.688888360868,298.343763563979,3.82194228765961
9.7974877547555,495.791329343972,3.58864607785873
556.809120141346,50.561384653034,4.18400091964349
72.364860317206,373.766174094239,4.02264581047972
232.373025119889,413.862210504513,3.74759486930042
425.710002863148,11.2654644292283,3.35124294412354
360.743261747832,293.032299260742,3.0198273516245
606.541653965499,100.8698723392,4.15337805346026
390.879782354205,227.535828779886,4.14223622472088
572.709521302519,414.862636751747,4.67060249682934
144.13433245427,278.270850197488,4.59644020353875
198.740797153592,370.873862862702,4.17090630988293
123.265484873329,412.735644248082,3.31397434039776
626.144831935979,307.211159661341,4.5133501804244
-3.04046725691457,149.699045250081,4.32788998601641
541.617644336639,208.890555881452,4.1665254499913
33.7744770083734,491.900227654461,2.94703365607844
281.783802907623,24.3548116809864,3.75867012263064
536.898557527508,390.133876115595,3.42742921620243
58.5466922563268,81.5042973512627,5.1580646986649
3.97980991384325,78.1015566711413,3.51329303145923
588.486039361521,224.86727164179,3.98691639200158
442.979890543086,458.281115820643,4.76742453600609
658.126141733569,375.654057692895,2.83861601431479
104.871687303244,486.107211350419,4.42016726638659
625.187070853816,89.1993521011635,4.08907071247615
418.278068455374,256.818729132596,3.60135734142993
14.2024151004126,181.79733395965,3.16307435308915
66.9475053881303,115.008674372479,4.60463873172881
611.481018970895,190.751550572585,4.14575633675305
259.176324206263,226.919898579481,3.62406707119252
573.272373956821,441.357581068368,3.85992948069311
300.894761265151,138.626347459494,3.87434387128756
526.804901339244,458.298973633836,3.5321390257411
42.5428521624999,428.341766005569,3.86996397088558
186.216849680973,287.860308295348,4.02904776299795
545.531720609567,272.477393005312,3.79646406674683
178.241283553469,39.2730471069259,4.17570183484554
496.954751178537,347.501069497805,4.87123014483303
36.6885780349499,52.4552467897543,4.4266090075683
523.548691819988,135.133737035656,4.77911366027355
NA,NA,NA
664.099936094119,334.441367293356,3.5378952640791
455.688888360868,298.343763563979,3.82194228765961
9.7974877547555,495.791329343972,3.58864607785873
556.809120141346,50.561384653034,4.18400091964349
72.364860317206,373.766174094239,4.02264581047972
232.373025119889,413.862210504513,3.74759486930042
425.710002863148,11.2654644292283,3.35124294412354
360.743261747832,293.032299260742,3.0198273516245
606.541653965499,100.8698723392,4.15337805346026
390.879782354205,227.535828779886,4.14223622472088
572.709521302519,414.862636751747,4.67060249682934
144.13433245427,278.270850197488,4.59644020353875
198.740797153592,370.873862862702,4.17090630988293
123.265484873329,412.735644248082,3.31397434039776
626.144831935979,307.211159661341,4.5133501804244
-3.04046725691457,149.699045250081,4.32788998601641
541.617644336639,208.890555881452,4.1665254499913
33.7744770083734,491.900227654461,2.94703365607844
281.783802907623,24.3548116809864,3.75867012263064
536.898557527508,390.133876115595,3.42742921620243
58.5466922563268,81.5042973512627,5.1580646986649
3.97980991384325,78.1015566711413,3.51329303145923
588.486039361521,224.86727164179,3.98691639200158
442.979890543086,458.281115820643,4.76742453600609
658.126141733569,375.654057692895,2.83861601431479
104.871687303244,486.107211350419,4.42016726638659
625.187070853816,89.1993521011635,4.08907071247615
418.278068455374,256.818729132596,3.60135734142993
14.2024151004126,181.79733395965,3.16307435308915
66.9475053881303,115.008674372479,4.60463873172881
611.481018970895,190.751550572585,4.14575633675305
259.176324206263,226.919898579481,3.62406707119252
573.272373956821,441.357581068368,3.85992948069311
300.894761265151,138.626347459494,3.87434387128756
526.804901339244,458.298973633836,3.5321390257411
42.5428521624999,428.341766005569,3.86996397088558
186.216849680973,287.860308295348,4.02904776299795
545.531720609567,272.477393005312,3.79646406674683
178.241283553469,39.2730471069259,4.17570183484554
496.954751178537,347.501069497805,4.87123014483303
36.6885780349499,52.4552467897543,4.4266090075683
523.548691819988,135.133737035656,4.77911366027355
NA,NA,NA
664.099936094119,334.441367293356,3.5378952640791
455.688888360868,298.343763563979,3.82194228765961
9.7974877547555,495.791329343972,3.58864607785873
556.809120141346,50.561384653034,4.18400091964349
72.364860317206,373.766174094239,4.02264581047972
232.373025119889,413.862210504513,3.74759486930042
425.710002863148,11.2654644292283,3.35124294412354
360.743261747832,293.032299260742,3.0198273516245
606.541653965499,100.8698723392,4.15337805346026
390.879782354205,227.535828779886,4.14223622472088
572.709521302519,414.862636751747,4.67060249682934
144.13433245427,278.270850197488,4.59644020353875
198.740797153592,370.873862862702,4.17090630988293
123.265484873329,412.735644248082,3.31397434039776
626.144831935979,307.211159661341,4.5133501804244
-3.04046725691457,149.699045250081,4.32788998601641
541.617644336639,208.890555881452,4.1665254499913
33.7744770083734,491.900227654461,2.94703365607844
281.783802907623,24.3548116809864,3.75867012263064
536.898557527508,390.133876115595,3.42742921620243
58.5466922563268,81.5042973512627,5.1580646986649
3.97980991384325,78.1015566711413,3.51329303145923
588.486039361521,224.86727164179,3.98691639200158
442.979890543086,458.281115820643,4.76742453600609
658.126141733569,375.654057692895,2.83861601431479
104.871687303244,486.107211350419,4.42016726638659
625.187070853816,89.1993521011635,4.08907071247615
418.278068455374,256.818729132596,3.60135734142993
14.2024151004126,181.79733395965,3.16307435308915
66.9475053881303,115.008674372479,4.60463873172881
611.481018970895,190.751550572585,4.14575633675305
259.176324206263,226.919898579481,3.62406707119252
573.272373956821,441.357581068368,3.85992948069311
300.894761265151,138.626347459494,3.87434387128756
526.804901339244,458.298973633836,3.5321390257411
42.5428521624999,428.341766005569,3.86996397088558
186.216849680973,287.860308295348,4.02904776299795
545.531720609567,272.477393005312,3.79646406674683
178.241283553469,39.2730471069259,4.17570183484554
496.954751178537,347.501069497805,4.87123014483303
36.6885780349499,52.4552467897543,4.4266090075683
523.548691819988,135.133737035656,4.77911366027355
NA,NA,NA
664.099936094119,334.441367293356,3.5378952640791
455.688888360868,298.343763563979,3.82194228765961
9.7974877547555,495.791329343972,3.58864607785873
556.809120141346,50.561384653034,4.18400091964349
72.364860317206,373.766174094239,4.02264581047972
232.373025119889,413.862210504513,3.74759486930042
425.710002863148,11.2654644292283,3.35124294412354
360.743261747832,293.032299260742,3.0198273516245
606.541653965499,100.8698723392,4.15337805346026
390.879782354205,227.535828779886,4.14223622472088
572.709521302519,414.862636751747,4.67060249682934
144.13433245427,278.270850197488,4.59644020353875
198.740797153592,370.873862862702,4.17090630988293
123.265484873329,412.735644248082,3.31397434039776
626.144831935979,307.211159661341,4.5133501804244
-3.04046725691457,149.699045250081,4.32788998601641
541.617644336639,208.890555881452,4.1665254499913
33.7744770083734,491.900227654461,2.94703365607844
281.783802907623,24.3548116809864,3.75867012263064
536.898557527508,390.133876115595,3.42742921620243
58.5466922563268,81.5042973512627,5.1580646986649
3.97980991384325,78.1015566711413,3.51329303145923
588.486039361521,224.86727164179,3.98691639200158
442.979890543086,458.281115820643,4.76742453600609
658.126141733569,375.654057692895,2.83861601431479
104.871687303244,486.107211350419,4.42016726638659
625.187070853816,89.1993521011635,4.08907071247615
418.278068455374,256.818729132596,3.60135734142993
14.2024151004126,181.79733395965,3.16307435308915
66.9475053881303,115.008674372479,4.60463873172881
611.481018970895,190.751550572585,4.14575633675305
259.176324206263,226.919898579481,3.62406707119252
573.272373956821,441.357581068368,3.85992948069311
300.894761265151,138.626347459494,3.87434387128756
526.804901339244,458.298973633836,3.5321390257411
42.5428521624999,428.341766005569,3.86996397088558
186.216849680973,287.860308295348,4.02904776299795
545.531720609567,272.477393005312,3.79646406674683
178.241283553469,39.2730471069259,4.17570183484554
496.954751178537,347.501069497805,4.87123014483303
36.6885780349499,52.4552467897543,4.4266090075683
523.548691819988,135.133737035656,4.77911366027355
NA,NA,NA
664.099936094119,334.441367293356,3.5378952640791
455.688888360868,298.343763563979,3.82194228765961
9.7974877547555,495.791329343972,3.58864607785873
556.809120141346,50.561384653034,4.18400091964349
72.364860317206,373.766174094239,4.02264581047972
232.373025119889,413.862210504513,3.74759486930042
425.710002863148,11.2654644292283,3.35124294412354
360.743261747832,293.032299260742,3.0198273516245
606.541653965499,100.8698723392,4.15337805346026
390.879782354205,227.535828779886,4.14223622472088
572.709521302519,414.862636751747,4.67060249682934
144.13433245427,278.270850197488,4.59644020353875
198.740797153592,370.873862862702,4.17090630988293
123.265484873329,412.735644248082,3.31397434039776
626.144831935979,307.211159661341,4.5133501804244
-3.04046725691457,149.699045250081,4.32788998601641
541.617644336639,208.890555881452,4.1665254499913
33.7744770083734,491.900227654461,2.94703365607844
281.783802907623,24.3548116809864,3.75867012263064
536.898557527508,390.133876115595,3.42742921620243
58.5466922563268,81.5042973512627,5.1580646986649
3.97980991384325,78.1015566711413,3.51329303145923
588.486039361521,224.86727164179,3.98691639200158
442.979890543086,458.281115820643,4.76742453600609
658.126141733569,375.654057692895,2.83861601431479
104.871687303244,486.107211350419,4.42016726638659
625.187070853816,89.1993521011635,4.08907071247615
418.278068455374,256.818729132596,3.60135734142993
14.2024151004126,181.79733395965,3.16307435308915
66.9475053881303,115.008674372479,4.60463873172881
611.481018970895,190.751550572585,4.14575633675305
259.176324206263,226.919898579481,3.62406707119252
573.272373956821,441.357581068368,3.85992948069311
300.894761265151,138.626347459494,3.87434387128756
526.804901339244,458.298973633836,3.5321390257411
42.5428521624999,428.341766005569,3.86996397088558
186.216849680973,287.860308295348,4.02904776299795
545.531720609567,272.477393005312,3.79646406674683
178.241283553469,39.2730471069259,4.17570183484554
496.954751178537,347.501069497805,4.87123014483303
36.6885780349499,52.4552467897543,4.4266090075683
523.548691819988,135.133737035656,4.77911366027355
NA,NA,NA
664.099936094119,334.441367293356,3.5378952640791
455.688888360868,298.343763563979,3.82194228765961
9.7974877547555,495.791329343972,3.58864607785873
556.809120141346,50.561384653034,4.18400091964349
72.364860317206,373.766174094239,4.02264581047972
232.373025119889,413.862210504513,3.74759486930042
425.710002863148,11.2654644292283,3.35124294412354
360.743261747832,293.032299260742,3.0198273516245
606.541653965499,100.8698723392,4.15337805346026
390.879782354205,227.535828779886,4.14223622472088
572.709521302519,414.862636751747,4.67060249682934
144.13433245427,278.270850197488,4.59644020353875
198.740797153592,370.873862862702,4.17090630988293
123.265484873329,412.735644248082,3.31397434039776
626.144831935979,307.211159661341,4.5133501804244
-3.04046725691457,149.699045250081,4.32788998601641
541.617644336639,208.890555881452,4.1665254499913
33.7744770083734,491.900227654461,2.94703365607844
281.783802907623,24.3548116809864,3.75867012263064
536.898557527508,390.133876115595,3.42742921620243
58.5466922563268,81.5042973512627,5.1580646986649
3.97980991384325,78.1015566711413,3.51329303145923
588.486039361521,224.86727164179,3.98691639200158
442.979890543086,458.281115820643,4.76742453600609
658.126141733569,375.654057692895,2.83861601431479
104.871687303244,486.107211350419,4.42016726638659
625.187070853816,89.1993521011635,4.08907071247615
418.278068455374,256.818729132596,3.60135734142993
14.2024151004126,181.79733395965,3.16307435308915
66.9475053881303,115.008674372479,4.60463873172881
611.481018970895,190.751550572585,4.14575633675305
259.176324206263,226.919898579481,3.62406707119252
573.272373956821,441.357581068368,3.85992948069311
300.894761265151,138.626347459494,3.87434387128756
526.804901339244,458.298973633836,3.5321390257411
42.5428521624999,428.341766005569,3.86996397088558
186.216849680973,287.860308295348,4.02904776299795
545.531720609567,272.477393005312,3.79646406674683
178.241283553469,39.2730471069259,4.17570183484554
496.954751178537,347.501069497805,4.87123014483303
36.6885780349499,52.4552467897543,4.4266090075683
523.548691819988,135.133737035656,4.77911366027355
NA,NA,NA
661.039239845477,333.795838208489,3.43053023123732
453.835039478062,301.183948666648,3.67586644009384
9.41890364862401,493.345985192368,3.59750005856997
554.422361348313,48.2338519551334,4.30170186254308
74.3436040373727,373.180576860536,3.94953328244704
228.183879134824,417.507624072914,3.89620127215678
428.446493438697,15.6669415583066,3.32248879303975
358.676634269371,292.528369399862,2.92663350627015
598.617665766368,105.723265015294,4.12114855388023
393.296180309002,231.755729358871,4.19678146829772
570.496136594011,408.733325242455,4.70897926161308
138.181725781873,283.312849753389,4.59147611510338
199.483796374548,368.065370653232,3.99032668695826
123.117396296232,412.000623964648,3.35017097069404
629.064683649767,309.090352234355,4.55575015572947
9.2772721637586,142.696892967567,4.25056886406801
544.53248460412,200.55447314445,4.25114270898045
32.7926181228048,492.320693504893,3.02206079615567
283.049539891812,20.9386465617026,3.84599394560644
533.33700515014,392.967879940259,3.49449662303407
64.6125522096365,87.9681738103886,5.27543199272562
4.05300670247335,77.7560472135214,3.59463393601686
592.053837294876,226.154530187577,4.089866883302
440.429923278201,454.793935161038,4.71038946719882
657.321891290761,373.505982381319,2.8572895001783
111.580787382619,487.91706680202,4.36001373418599
623.592138181347,91.5172029822119,4.04500738503253
420.603888171728,256.469768731182,3.61235588433023
10.294396863927,183.301527552106,3.19923577376862
69.6151524888275,123.928135635609,4.33170344767728
603.585164179423,201.419507295686,4.05112294716798
254.703979715092,224.692841618943,3.9162236522521
563.649738220355,424.360999197261,3.81557778326554
293.519522296248,140.666973512481,3.79705531660339
524.57662039345,455.656554349495,3.39673069757284
55.2437178675908,421.914066202648,3.92253652174295
199.613076015218,289.397270582516,4.67493533264536
549.485351337614,264.585142638766,3.56294058036487
166.932198264722,33.8049596993804,4.22910162325414
502.926802625395,330.050847444565,4.49757044792076
29.7571407208816,41.096694723556,3.82387733428529
523.273571788339,145.265909250816,4.21636141478543
NA,NA,NA
661.039239845477,333.795838208489,3.43053023123732
453.835039478062,301.183948666648,3.67586644009384
9.41890364862401,493.345985192368,3.59750005856997
554.422361348313,48.2338519551334,4.30170186254308
74.3436040373727,373.180576860536,3.94953328244704
228.183879134824,417.507624072914,3.89620127215678
428.446493438697,15.6669415583066,3.32248879303975
358.676634269371,292.528369399862,2.92663350627015
598.617665766368,105.723265015294,4.12114855388023
393.296180309002,231.755729358871,4.19678146829772
570.496136594011,408.733325242455,4.70897926161308
138.181725781873,283.312849753389,4.59147611510338
199.483796374548,368.065370653232,3.99032668695826
123.117396296232,412.000623964648,3.35017097069404
629.064683649767,309.090352234355,4.55575015572947
9.2772721637586,142.696892967567,4.25056886406801
544.53248460412,200.55447314445,4.25114270898045
32.7926181228048,492.320693504893,3.02206079615567
283.049539891812,20.9386465617026,3.84599394560644
533.33700515014,392.967879940259,3.49449662303407
64.6125522096365,87.9681738103886,5.27543199272562
4.05300670247335,77.7560472135214,3.59463393601686
592.053837294876,226.154530187577,4.089866883302
440.429923278201,454.793935161038,4.71038946719882
657.321891290761,373.505982381319,2.8572895001783
111.580787382619,487.91706680202,4.36001373418599
623.592138181347,91.5172029822119,4.04500738503253
420.603888171728,256.469768731182,3.61235588433023
10.294396863927,183.301527552106,3.19923577376862
69.6151524888275,123.928135635609,4.33170344767728
603.585164179423,201.419507295686,4.05112294716798
254.703979715092,224.692841618943,3.9162236522521
563.649738220355,424.360999197261,3.81557778326554
293.519522296248,140.666973512481,3.79705531660339
524.57662039345,455.656554349495,3.39673069757284
55.2437178675908,421.914066202648,3.92253652174295
199.613076015218,289.397270582516,4.67493533264536
549.485351337614,264.585142638766,3.56294058036487
166.932198264722,33.8049596993804,4.22910162325414
502.926802625395,330.050847444565,4.49757044792076
29.7571407208816,41.096694723556,3.82387733428529
523.273571788339,145.265909250816,4.21636141478543
NA,NA,NA
661.039239845477,333.795838208489,3.43053023123732
453.835039478062,301.183948666648,3.67586644009384
9.41890364862401,493.345985192368,3.59750005856997
554.422361348313,48.2338519551334,4.30170186254308
74.3436040373727,373.180576860536,3.94953328244704
228.183879134824,417.507624072914,3.89620127215678
428.446493438697,15.6669415583066,3.32248879303975
358.676634269371,292.528369399862,2.92663350627015
598.617665766368,105.723265015294,4.12114855388023
393.296180309002,231.755729358871,4.19678146829772
570.496136594011,408.733325242455,4.70897926161308
138.181725781873,283.312849753389,4.59147611510338
199.483796374548,368.065370653232,3.99032668695826
123.117396296232,412.000623964648,3.35017097069404
629.064683649767,309.090352234355,4.55575015572947
9.2772721637586,142.696892967567,4.25056886406801
544.53248460412,200.55447314445,4.25114270898045
32.7926181228048,492.320693504893,3.02206079615567
283.049539891812,20.9386465617026,3.84599394560644
533.33700515014,392.967879940259,3.49449662303407
64.6125522096365,87.9681738103886,5.27543199272562
4.05300670247335,77.7560472135214,3.59463393601686
592.053837294876,226.154530187577,4.089866883302
440.429923278201,454.793935161038,4.71038946719882
657.321891290761,373.505982381319,2.8572895001783
111.580787382619,487.91706680202,4.36001373418599
623.592138181347,91.5172029822119,4.04500738503253
420.603888171728,256.469768731182,3.61235588433023
10.294396863927,183.301527552106,3.19923577376862
69.6151524888275,123.928135635609,4.33170344767728
603.585164179423,201.419507295686,4.05112294716798
254.703979715092,224.692841618943,3.9162236522521
563.649738220355,424.360999197261,3.81557778326554
293.519522296248,140.666973512481,3.79705531660339
524.57662039345,455.656554349495,3.39673069757284
55.2437178675908,421.914066202648,3.92253652174295
199.613076015218,289.397270582516,4.67493533264536
549.485351337614,264.585142638766,3.56294058036487
166.932198264722,33.8049596993804,4.22910162325414
502.926802625395,330.050847444565,4.49757044792076
29.7571407208816,41.096694723556,3.82387733428529
523.273571788339,145.265909250816,4.21636141478543
NA,NA,NA
661.039239845477,333.795838208489,3.43053023123732
453.835039478062,301.183948666648,3.67586644009384
9.41890364862401,493.345985192368,3.59750005856997
554.422361348313,48.2338519551334,4.30170186254308
74.3436040373727,373.180576860536,3.94953328244704
228.183879134824,417.507624072914,3.89620127215678
428.446493438697,15.6669415583066,3.32248879303975
358.676634269371,292.528369399862,2.92663350627015
598.617665766368,105.723265015294,4.12114855388023
393.296180309002,231.755729358871,4.19678146829772
570.496136594011,408.733325242455,4.70897926161308
138.181725781873,283.312849753389,4.59147611510338
199.483796374548,368.065370653232,3.99032668695826
123.117396296232,412.000623964648,3.35017097069404
629.064683649767,309.090352234355,4.55575015572947
9.2772721637586,142.696892967567,4.25056886406801
544.53248460412,200.55447314445,4.25114270898045
32.7926181228048,492.320693504893,3.02206079615567
283.049539891812,20.9386465617026,3.84599394560644
533.33700515014,392.967879940259,3.49449662303407
64.6125522096365,87.9681738103886,5.27543199272562
4.05300670247335,77.7560472135214,3.59463393601686
592.053837294876,226.154530187577,4.089866883302
440.429923278201,454.793935161038,4.71038946719882
657.321891290761,373.505982381319,2.8572895001783
111.580787382619,487.91706680202,4.36001373418599
623.592138181347,91.5172029822119,4.04500738503253
420.603888171728,256.469768731182,3.61235588433023
10.294396863927,183.301527552106,3.19923577376862
69.6151524888275,123.928135635609,4.33170344767728
603.585164179423,201.419507295686,4.05112294716798
254.703979715092,224.692841618943,3.9162236522521
563.649738220355,424.360999197261,3.81557778326554
293.519522296248,140.666973512481,3.79705531660339
524.57662039345,455.656554349495,3.39673069757284
55.2437178675908,421.914066202648,3.92253652174295
199.613076015218,289.397270582516,4.67493533264536
549.485351337614,264.585142638766,3.56294058036487
166.932198264722,33.8049596993804,4.22910162325414
502.926802625395,330.050847444565,4.49757044792076
29.7571407208816,41.096694723556,3.82387733428529
523.273571788339,145.265909250816,4.21636141478543
NA,NA,NA
661.039239845477,333.795838208489,3.43053023123732
453.835039478062,301.183948666648,3.67586644009384
9.41890364862401,493.345985192368,3.59750005856997
554.422361348313,48.2338519551334,4.30170186254308
74.3436040373727,373.180576860536,3.94953328244704
228.183879134824,417.507624072914,3.89620127215678
428.446493438697,15.6669415583066,3.32248879303975
358.676634269371,292.528369399862,2.92663350627015
598.617665766368,105.723265015294,4.12114855388023
393.296180309002,231.755729358871,4.19678146829772
570.496136594011,408.733325242455,4.70897926161308
138.181725781873,283.312849753389,4.59147611510338
199.483796374548,368.065370653232,3.99032668695826
123.117396296232,412.000623964648,3.35017097069404
629.064683649767,309.090352234355,4.55575015572947
9.2772721637586,142.696892967567,4.25056886406801
544.53248460412,200.55447314445,4.25114270898045
32.7926181228048,492.320693504893,3.02206079615567
283.049539891812,20.9386465617026,3.84599394560644
533.33700515014,392.967879940259,3.49449662303407
64.6125522096365,87.9681738103886,5.27543199272562
4.05300670247335,77.7560472135214,3.59463393601686
592.053837294876,226.154530187577,4.089866883302
440.429923278201,454.793935161038,4.71038946719882
657.321891290761,373.505982381319,2.8572895001783
111.580787382619,487.91706680202,4.36001373418599
623.592138181347,91.5172029822119,4.04500738503253
420.603888171728,256.469768731182,3.61235588433023
10.294396863927,183.301527552106,3.19923577376862
69.6151524888275,123.928135635609,4.33170344767728
603.585164179423,201.419507295686,4.05112294716798
254.703979715092,224.692841618943,3.9162236522521
563.649738220355,424.360999197261,3.81557778326554
293.519522296248,140.666973512481,3.79705531660339
524.57662039345,455.656554349495,3.39673069757284
55.2437178675908,421.914066202648,3.92253652174295
199.613076015218,289.397270582516,4.67493533264536
549.485351337614,264.585142638766,3.56294058036487
166.932198264722,33.8049596993804,4.22910162325414
502.926802625395,330.050847444565,4.49757044792076
29.7571407208816,41.096694723556,3.82387733428529
523.273571788339,145.265909250816,4.21636141478543
NA,NA,NA
661.039239845477,333.795838208489,3.43053023123732
453.835039478062,301.183948666648,3.67586644009384
9.41890364862401,493.345985192368,3.59750005856997
554.422361348313,48.2338519551334,4.30170186254308
74.3436040373727,373.180576860536,3.94953328244704
228.183879134824,417.507624072914,3.89620127215678
428.446493438697,15.6669415583066,3.32248879303975
358.676634269371,292.528369399862,2.92663350627015
598.617665766368,105.723265015294,4.12114855388023
393.296180309002,231.755729358871,4.19678146829772
570.496136594011,408.733325242455,4.70897926161308
138.181725781873,283.312849753389,4.59147611510338
199.483796374548,368.065370653232,3.99032668695826
123.117396296232,412.000623964648,3.35017097069404
629.064683649767,309.090352234355,4.55575015572947
9.2772721637586,142.696892967567,4.25056886406801
544.53248460412,200.55447314445,4.25114270898045
32.7926181228048,492.320693504893,3.02206079615567
283.049539891812,20.9386465617026,3.84599394560644
533.33700515014,392.967879940259,3.49449662303407
64.6125522096365,87.9681738103886,5.27543199272562
4.05300670247335,77.7560472135214,3.59463393601686
592.053837294876,226.154530187577,4.089866883302
440.429923278201,454.793935161038,4.71038946719882
657.321891290761,373.505982381319,2.8572895001783
111.580787382619,487.91706680202,4.36001373418599
623.592138181347,91.5172029822119,4.04500738503253
420.603888171728,256.469768731182,3.61235588433023
10.294396863927,183.301527552106,3.19923577376862
69.6151524888275,123.928135635609,4.33170344767728
603.585164179423,201.419507295686,4.05112294716798
254.703979715092,224.692841618943,3.9162236522521
563.649738220355,424.360999197261,3.81557778326554
293.519522296248,140.666973512481,3.79705531660339
524.57662039345,455.656554349495,3.39673069757284
55.2437178675908,421.914066202648,3.92253652174295
199.613076015218,289.397270582516,4.67493533264536
549.485351337614,264.585142638766,3.56294058036487
166.932198264722,33.8049596993804,4.22910162325414
502.926802625395,330.050847444565,4.49757044792076
29.7571407208816,41.096694723556,3.82387733428529
523.273571788339,145.265909250816,4.21636141478543
NA,NA,NA
661.568125310899,329.697982811673,3.64677070300509
454.279790459909,297.95376115575,3.62341101202708
8.69880287682695,491.352697336033,3.64870398631293
563.837116058586,51.2164265887989,4.03998720812092
78.1778229996968,371.83054032978,4.05441318363466
230.287241057445,416.416408625984,3.80803469224109
429.277719709734,10.6776559235622,3.40820944623728
360.259703241352,294.520812829222,3.04812668280321
601.026917939723,108.898686340353,4.33723779082457
387.870815888875,234.187776656236,4.19667865395963
578.296169732463,404.588072526584,4.77610208627109
140.172856159762,280.23507781537,4.48172339383987
202.204078380224,373.742463517972,4.1730129587598
125.099488692591,410.212644853502,3.44174490789702
623.46371722605,314.725463032081,4.59153654472109
3.43246034723195,145.183513024552,4.16499050863608
542.711082075073,205.158420166959,4.19539479281311
33.8097567578295,493.855361312097,2.94092585792289
276.472757080204,22.2149857242208,3.8418852802192
530.98225651455,388.949152023919,3.5257468182526
74.8014910656797,87.2157539143053,5.34024995041904
4.13085156185158,75.1120560039147,3.43637188779037
588.045098918885,231.138024552616,4.03322405756997
434.412861095619,455.69435655917,4.77672387102436
660.333551207346,373.20743400429,2.89691107093874
103.844578060018,490.023688850752,4.36443417392162
629.646516604526,95.402140574526,4.12521573902929
419.174334461329,256.53356353773,3.6666734540048
14.1404226362239,184.105925292075,3.13021259183878
67.8343468590497,106.302209396945,4.31018567070337
611.498424152588,209.75717935963,4.18064967706701
246.135871711693,217.12329499017,3.87841180682106
579.184067583079,437.767492417927,3.87210948686725
295.73489296207,138.037390076394,3.85073902981437
526.267108964533,452.829985259784,3.4195437288951
54.6939839780163,417.743399009439,3.59656764223095
190.48929057335,290.23610790917,4.20143125046038
555.663848789359,264.490762733553,3.94596930310509
176.851426762749,23.8576677975803,4.32894212275322
496.242626740681,344.598041825302,4.62579699310289
36.9052939640632,55.1028070309628,3.54522819037119
535.661425381767,164.584835809906,4.34047169055222
NA,NA,NA
661.568125310899,329.697982811673,3.64677070300509
454.279790459909,297.95376115575,3.62341101202708
8.69880287682695,491.352697336033,3.64870398631293
563.837116058586,51.2164265887989,4.03998720812092
78.1778229996968,371.83054032978,4.05441318363466
230.287241057445,416.416408625984,3.80803469224109
429.277719709734,10.6776559235622,3.40820944623728
360.259703241352,294.520812829222,3.04812668280321
601.026917939723,108.898686340353,4.33723779082457
387.870815888875,234.187776656236,4.19667865395963
578.296169732463,404.588072526584,4.77610208627109
140.172856159762,280.23507781537,4.48172339383987
202.204078380224,373.742463517972,4.1730129587598
125.099488692591,410.212644853502,3.44174490789702
623.46371722605,314.725463032081,4.59153654472109
3.43246034723195,145.183513024552,4.16499050863608
542.711082075073,205.158420166959,4.19539479281311
33.8097567578295,493.855361312097,2.94092585792289
276.472757080204,22.2149857242208,3.8418852802192
530.98225651455,388.949152023919,3.5257468182526
74.8014910656797,87.2157539143053,5.34024995041904
4.13085156185158,75.1120560039147,3.43637188779037
588.045098918885,231.138024552616,4.03322405756997
434.412861095619,455.69435655917,4.77672387102436
660.333551207346,373.20743400429,2.89691107093874
103.844578060018,490.023688850752,4.36443417392162
629.646516604526,95.402140574526,4.12521573902929
419.174334461329,256.53356353773,3.6666734540048
14.1404226362239,184.105925292075,3.13021259183878
67.8343468590497,106.302209396945,4.31018567070337
611.498424152588,209.75717935963,4.18064967706701
246.135871711693,217.12329499017,3.87841180682106
579.184067583079,437.767492417927,3.87210948686725
295.73489296207,138.037390076394,3.85073902981437
526.267108964533,452.829985259784,3.4195437288951
54.6939839780163,417.743399009439,3.59656764223095
190.48929057335,290.23610790917,4.20143125046038
555.663848789359,264.490762733553,3.94596930310509
176.851426762749,23.8576677975803,4.32894212275322
496.242626740681,344.598041825302,4.62579699310289
36.9052939640632,55.1028070309628,3.54522819037119
535.661425381767,164.584835809906,4.34047169055222
NA,NA,NA
661.568125310899,329.697982811673,3.64677070300509
454.279790459909,297.95376115575,3.62341101202708
8.69880287682695,491.352697336033,3.64870398631293
563.837116058586,51.2164265887989,4.03998720812092
78.1778229996968,371.83054032978,4.05441318363466
230.287241057445,416.416408625984,3.80803469224109
429.277719709734,10.6776559235622,3.40820944623728
360.259703241352,294.520812829222,3.04812668280321
601.026917939723,108.898686340353,4.33723779082457
387.870815888875,234.187776656236,4.19667865395963
578.296169732463,404.588072526584,4.77610208627109
140.172856159762,280.23507781537,4.48172339383987
202.204078380224,373.742463517972,4.1730129587598
125.099488692591,410.212644853502,3.44174490789702
623.46371722605,314.725463032081,4.59153654472109
3.43246034723195,145.183513024552,4.16499050863608
542.711082075073,205.158420166959,4.19539479281311
33.8097567578295,493.855361312097,2.94092585792289
276.472757080204,22.2149857242208,3.8418852802192
530.98225651455,388.949152023919,3.5257468182526
74.8014910656797,87.2157539143053,5.34024995041904
4.13085156185158,75.1120560039147,3.43637188779037
588.045098918885,231.138024552616,4.03322405756997
434.412861095619,455.69435655917,4.77672387102436
660.333551207346,373.20743400429,2.89691107093874
103.844578060018,490.023688850752,4.36443417392162
629.646516604526,95.402140574526,4.12521573902929
419.174334461329,256.53356353773,3.6666734540048
14.1404226362239,184.105925292075,3.13021259183878
67.8343468590497,106.302209396945,4.31018567070337
611.498424152588,209.75717935963,4.18064967706701
246.135871711693,217.12329499017,3.87841180682106
579.184067583079,437.767492417927,3.87210948686725
295.73489296207,138.037390076394,3.85073902981437
526.267108964533,452.829985259784,3.4195437288951
54.6939839780163,417.743399009439,3.59656764223095
190.48929057335,290.23610790917,4.20143125046038
555.663848789359,264.490762733553,3.94596930310509
176.851426762749,23.8576677975803,4.32894212275322
496.242626740681,344.598041825302,4.62579699310289
36.9052939640632,55.1028070309628,3.54522819037119
535.661425381767,164.584835809906,4.34047169055222
NA,NA,NA
661.568125310899,329.697982811673,3.64677070300509
454.279790459909,297.95376115575,3.62341101202708
8.69880287682695,491.352697336033,3.64870398631293
563.837116058586,51.2164265887989,4.03998720812092
78.1778229996968,371.83054032978,4.05441318363466
230.287241057445,416.416408625984,3.80803469224109
429.277719709734,10.6776559235622,3.40820944623728
360.259703241352,294.520812829222,3.04812668280321
601.026917939723,108.898686340353,4.33723779082457
387.870815888875,234.187776656236,4.19667865395963
578.296169732463,404.588072526584,4.77610208627109
140.172856159762,280.23507781537,4.48172339383987
202.204078380224,373.742463517972,4.1730129587598
125.099488692591,410.212644853502,3.44174490789702
623.46371722605,314.725463032081,4.59153654472109
3.43246034723195,145.183513024552,4.16499050863608
542.711082075073,205.158420166959,4.19539479281311
33.8097567578295,493.855361312097,2.94092585792289
276.472757080204,22.2149857242208,3.8418852802192
530.98225651455,388.949152023919,3.5257468182526
74.8014910656797,87.2157539143053,5.34024995041904
4.13085156185158,75.1120560039147,3.43637188779037
588.045098918885,231.138024552616,4.03322405756997
434.412861095619,455.69435655917,4.77672387102436
660.333551207346,373.20743400429,2.89691107093874
103.844578060018,490.023688850752,4.36443417392162
629.646516604526,95.402140574526,4.12521573902929
419.174334461329,256.53356353773,3.6666734540048
14.1404226362239,184.105925292075,3.13021259183878
67.8343468590497,106.302209396945,4.31018567070337
611.498424152588,209.75717935963,4.18064967706701
246.135871711693,217.12329499017,3.87841180682106
579.184067583079,437.767492417927,3.87210948686725
295.73489296207,138.037390076394,3.85073902981437
526.267108964533,452.829985259784,3.4195437288951
54.6939839780163,417.743399009439,3.59656764223095
190.48929057335,290.23610790917,4.20143125046038
555.663848789359,264.490762733553,3.94596930310509
176.851426762749,23.8576677975803,4.32894212275322
496.242626740681,344.598041825302,4.62579699310289
36.9052939640632,55.1028070309628,3.54522819037119
535.661425381767,164.584835809906,4.34047169055222
NA,NA,NA
661.568125310899,329.697982811673,3.64677070300509
454.279790459909,297.95376115575,3.62341101202708
8.69880287682695,491.352697336033,3.64870398631293
563.837116058586,51.2164265887989,4.03998720812092
78.1778229996968,371.83054032978,4.05441318363466
230.287241057445,416.416408625984,3.80803469224109
429.277719709734,10.6776559235622,3.40820944623728
360.259703241352,294.520812829222,3.04812668280321
601.026917939723,108.898686340353,4.33723779082457
387.870815888875,234.187776656236,4.19667865395963
578.296169732463,404.588072526584,4.77610208627109
140.172856159762,280.23507781537,4.48172339383987
202.204078380224,373.742463517972,4.1730129587598
125.099488692591,410.212644853502,3.44174490789702
623.46371722605,314.725463032081,4.59153654472109
3.43246034723195,145.183513024552,4.16499050863608
542.711082075073,205.158420166959,4.19539479281311
33.8097567578295,493.855361312097,2.94092585792289
276.472757080204,22.2149857242208,3.8418852802192
530.98225651455,388.949152023919,3.5257468182526
74.8014910656797,87.2157539143053,5.34024995041904
4.13085156185158,75.1120560039147,3.43637188779037
588.045098918885,231.138024552616,4.03322405756997
434.412861095619,455.69435655917,4.77672387102436
660.333551207346,373.20743400429,2.89691107093874
103.844578060018,490.023688850752,4.36443417392162
629.646516604526,95.402140574526,4.12521573902929
419.174334461329,256.53356353773,3.6666734540048
14.1404226362239,184.105925292075,3.13021259183878
67.8343468590497,106.302209396945,4.31018567070337
611.498424152588,209.75717935963,4.18064967706701
246.135871711693,217.12329499017,3.87841180682106
579.184067583079,437.767492417927,3.87210948686725
295.73489296207,138.037390076394,3.85073902981437
526.267108964533,452.829985259784,3.4195437288951
54.6939839780163,417.743399009439,3.59656764223095
190.48929057335,290.23610790917,4.20143125046038
555.663848789359,264.490762733553,3.94596930310509
176.851426762749,23.8576677975803,4.32894212275322
496.242626740681,344.598041825302,4.62579699310289
36.9052939640632,55.1028070309628,3.54522819037119
535.661425381767,164.584835809906,4.34047169055222
NA,NA,NA
661.568125310899,329.697982811673,3.64677070300509
454.279790459909,297.95376115575,3.62341101202708
8.69880287682695,491.352697336033,3.64870398631293
563.837116058586,51.2164265887989,4.03998720812092
78.1778229996968,371.83054032978,4.05441318363466
230.287241057445,416.416408625984,3.80803469224109
429.277719709734,10.6776559235622,3.40820944623728
360.259703241352,294.520812829222,3.04812668280321
601.026917939723,108.898686340353,4.33723779082457
387.870815888875,234.187776656236,4.19667865395963
578.296169732463,404.588072526584,4.77610208627109
140.172856159762,280.23507781537,4.48172339383987
202.204078380224,373.742463517972,4.1730129587598
125.099488692591,410.212644853502,3.44174490789702
623.46371722605,314.725463032081,4.59153654472109
3.43246034723195,145.183513024552,4.16499050863608
542.711082075073,205.158420166959,4.19539479281311
33.8097567578295,493.855361312097,2.94092585792289
276.472757080204,22.2149857242208,3.8418852802192
530.98225651455,388.949152023919,3.5257468182526
74.8014910656797,87.2157539143053,5.34024995041904
4.13085156185158,75.1120560039147,3.43637188779037
588.045098918885,231.138024552616,4.03322405756997
434.412861095619,455.69435655917,4.77672387102436
660.333551207346,373.20743400429,2.89691107093874
103.844578060018,490.023688850752,4.36443417392162
629.646516604526,95.402140574526,4.12521573902929
419.174334461329,256.53356353773,3.6666734540048
14.1404226362239,184.105925292075,3.13021259183878
67.8343468590497,106.302209396945,4.31018567070337
611.498424152588,209.75717935963,4.18064967706701
246.135871711693,217.12329499017,3.87841180682106
579.184067583079,437.767492417927,3.87210948686725
295.73489296207,138.037390076394,3.85073902981437
526.267108964533,452.829985259784,3.4195437288951
54.6939839780163,417.743399009439,3.59656764223095
190.48929057335,290.23610790917,4.20143125046038
555.663848789359,264.490762733553,3.94596930310509
176.851426762749,23.8576677975803,4.32894212275322
496.242626740681,344.598041825302,4.62579699310289
36.9052939640632,55.1028070309628,3.54522819037119
535.661425381767,164.584835809906,4.34047169055222
NA,NA,NA
660.015016004689,334.755993332456,3.49395495411483
456.776558932852,302.222273419536,3.52939597516496
13.0025260367182,494.006043333009,3.61389860725477
556.715051765498,50.6353938760327,4.21441124074674
65.3800389156181,378.9639518366,4.04543621412531
227.077626314864,411.714181968239,3.9018113828
428.788501370937,13.3892313799244,3.24554723614932
362.526146136205,290.940397292625,3.07549277542114
597.251767305479,104.872294908151,4.22827824087299
390.688682307466,228.064802463059,4.20012889957112
571.212086489136,403.03317835724,4.69884751481389
134.654510902505,280.647847800101,4.51061550907894
202.534372632304,370.052762101128,3.98459901622467
128.497338369947,412.162206047852,3.46623727113694
620.613015604676,319.358809372829,4.66966195134256
5.40151065799434,148.020197834491,4.19760228047756
539.890771883072,208.609479922607,4.16203894323396
35.6629423443766,492.16864607687,3.09883013679532
282.513737359479,24.8845519081444,4.0162050050916
536.401038345943,390.475593562588,3.45927307189398
71.5771852730433,79.1702014477281,5.28851473646656
2.98295621276267,74.7203095206071,3.35517216940549
588.892838287974,230.198003595995,3.96382565478601
440.537864945885,458.850688958517,4.78556004398092
660.031345483836,373.846275219174,2.93390472139856
109.052116791651,490.135221994413,4.38049752008711
626.678352532424,95.1605403669278,4.05518029350356
418.66258907236,259.143539507428,3.58002038197281
10.8532525895618,180.892542972965,3.30317428298002
55.4902023846256,115.337486011898,4.42880475970028
603.680739845813,198.715527878659,3.92656743229614
257.54671787367,225.026826228193,3.81348812443215
560.704388167775,440.081787939306,4.09125963240929
301.60948862777,132.172006915975,4.01743822547831
534.444604085234,460.331566034863,3.57108051142185
49.4928936188795,413.159522606033,3.81663402691101
186.1430317703,282.517949629829,4.05002568977728
545.209071222368,265.164739893953,3.67993974113469
179.952649792677,40.9455600175899,4.23023488524485
499.006526115923,333.449071830184,4.22412817191209
32.3180808105589,56.6141467759744,4.13178969851867
536.813799701746,166.88974746006,4.71827660966351
NA,NA,NA
660.015016004689,334.755993332456,3.49395495411483
456.776558932852,302.222273419536,3.52939597516496
13.0025260367182,494.006043333009,3.61389860725477
556.715051765498,50.6353938760327,4.21441124074674
65.3800389156181,378.9639518366,4.04543621412531
227.077626314864,411.714181968239,3.9018113828
428.788501370937,13.3892313799244,3.24554723614932
362.526146136205,290.940397292625,3.07549277542114
597.251767305479,104.872294908151,4.22827824087299
390.688682307466,228.064802463059,4.20012889957112
571.212086489136,403.03317835724,4.69884751481389
134.654510902505,280.647847800101,4.51061550907894
202.534372632304,370.052762101128,3.98459901622467
128.497338369947,412.162206047852,3.46623727113694
620.613015604676,319.358809372829,4.66966195134256
5.40151065799434,148.020197834491,4.19760228047756
539.890771883072,208.609479922607,4.16203894323396
35.6629423443766,492.16864607687,3.09883013679532
282.513737359479,24.8845519081444,4.0162050050916
536.401038345943,390.475593562588,3.45927307189398
71.5771852730433,79.1702014477281,5.28851473646656
2.98295621276267,74.7203095206071,3.35517216940549
588.892838287974,230.198003595995,3.96382565478601
440.537864945885,458.850688958517,4.78556004398092
660.031345483836,373.846275219174,2.93390472139856
109.052116791651,490.135221994413,4.38049752008711
626.678352532424,95.1605403669278,4.05518029350356
418.66258907236,259.143539507428,3.58002038197281
10.8532525895618,180.892542972965,3.30317428298002
55.4902023846256,115.337486011898,4.42880475970028
603.680739845813,198.715527878659,3.92656743229614
257.54671787367,225.026826228193,3.81348812443215
560.704388167775,440.081787939306,4.09125963240929
301.60948862777,132.172006915975,4.01743822547831
534.444604085234,460.331566034863,3.57108051142185
49.4928936188795,413.159522606033,3.81663402691101
186.1430317703,282.517949629829,4.05002568977728
545.209071222368,265.164739893953,3.67993974113469
179.952649792677,40.9455600175899,4.23023488524485
499.006526115923,333.449071830184,4.22412817191209
32.3180808105589,56.6141467759744,4.13178969851867
536.813799701746,166.88974746006,4.71827660966351
NA,NA,NA
660.015016004689,334.755993332456,3.49395495411483
456.776558932852,302.222273419536,3.52939597516496
13.0025260367182,494.006043333009,3.61389860725477
556.715051765498,50.6353938760327,4.21441124074674
65.3800389156181,378.9639518366,4.04543621412531
227.077626314864,411.714181968239,3.9018113828
428.788501370937,13.3892313799244,3.24554723614932
362.526146136205,290.940397292625,3.07549277542114
597.251767305479,104.872294908151,4.22827824087299
390.688682307466,228.064802463059,4.20012889957112
571.212086489136,403.03317835724,4.69884751481389
134.654510902505,280.647847800101,4.51061550907894
202.534372632304,370.052762101128,3.98459901622467
128.497338369947,412.162206047852,3.46623727113694
620.613015604676,319.358809372829,4.66966195134256
5.40151065799434,148.020197834491,4.19760228047756
539.890771883072,208.609479922607,4.16203894323396
35.6629423443766,492.16864607687,3.09883013679532
282.513737359479,24.8845519081444,4.0162050050916
536.401038345943,390.475593562588,3.45927307189398
71.5771852730433,79.1702014477281,5.28851473646656
2.98295621276267,74.7203095206071,3.35517216940549
588.892838287974,230.198003595995,3.96382565478601
440.537864945885,458.850688958517,4.78556004398092
660.031345483836,373.846275219174,2.93390472139856
109.052116791651,490.135221994413,4.38049752008711
626.678352532424,95.1605403669278,4.05518029350356
418.66258907236,259.143539507428,3.58002038197281
10.8532525895618,180.892542972965,3.30317428298002
55.4902023846256,115.337486011898,4.42880475970028
603.680739845813,198.715527878659,3.92656743229614
257.54671787367,225.026826228193,3.81348812443215
560.704388167775,440.081787939306,4.09125963240929
301.60948862777,132.172006915975,4.01743822547831
534.444604085234,460.331566034863,3.57108051142185
49.4928936188795,413.159522606033,3.81663402691101
186.1430317703,282.517949629829,4.05002568977728
545.209071222368,265.164739893953,3.67993974113469
179.952649792677,40.9455600175899,4.23023488524485
499.006526115923,333.449071830184,4.22412817191209
32.3180808105589,56.6141467759744,4.13178969851867
536.813799701746,166.88974746006,4.71827660966351
NA,NA,NA
660.015016004689,334.755993332456,3.49395495411483
456.776558932852,302.222273419536,3.52939597516496
13.0025260367182,494.006043333009,3.61389860725477
556.715051765498,50.6353938760327,4.21441124074674
65.3800389156181,378.9639518366,4.04543621412531
227.077626314864,411.714181968239,3.9018113828
428.788501370937,13.3892313799244,3.24554723614932
362.526146136205,290.940397292625,3.07549277542114
597.251767305479,104.872294908151,4.22827824087299
390.688682307466,228.064802463059,4.20012889957112
571.212086489136,403.03317835724,4.69884751481389
134.654510902505,280.647847800101,4.51061550907894
202.534372632304,370.052762101128,3.98459901622467
128.497338369947,412.162206047852,3.46623727113694
620.613015604676,319.358809372829,4.66966195134256
5.40151065799434,148.020197834491,4.19760228047756
539.890771883072,208.609479922607,4.16203894323396
35.6629423443766,492.16864607687,3.09883013679532
282.513737359479,24.8845519081444,4.0162050050916
536.401038345943,390.475593562588,3.45927307189398
71.5771852730433,79.1702014477281,5.28851473646656
2.98295621276267,74.7203095206071,3.35517216940549
588.892838287974,230.198003595995,3.96382565478601
440.537864945885,458.850688958517,4.78556004398092
660.031345483836,373.846275219174,2.93390472139856
109.052116791651,490.135221994413,4.38049752008711
626.678352532424,95.1605403669278,4.05518029350356
418.66258907236,259.143539507428,3.58002038197281
10.8532525895618,180.892542972965,3.30317428298002
55.4902023846256,115.337486011898,4.42880475970028
603.680739845813,198.715527878659,3.92656743229614
257.54671787367,225.026826228193,3.81348812443215
560.704388167775,440.081787939306,4.09125963240929
301.60948862777,132.172006915975,4.01743822547831
534.444604085234,460.331566034863,3.57108051142185
49.4928936188795,413.159522606033,3.81663402691101
186.1430317703,282.517949629829,4.05002568977728
545.209071222368,265.164739893953,3.67993974113469
179.952649792677,40.9455600175899,4.23023488524485
499.006526115923,333.449071830184,4.22412817191209
32.3180808105589,56.6141467759744,4.13178969851867
536.813799701746,166.88974746006,4.71827660966351
NA,NA,NA
660.015016004689,334.755993332456,3.49395495411483
456.776558932852,302.222273419536,3.52939597516496
13.0025260367182,494.006043333009,3.61389860725477
556.715051765498,50.6353938760327,4.21441124074674
65.3800389156181,378.9639518366,4.04543621412531
227.077626314864,411.714181968239,3.9018113828
428.788501370937,13.3892313799244,3.24554723614932
362.526146136205,290.940397292625,3.07549277542114
597.251767305479,104.872294908151,4.22827824087299
390.688682307466,228.064802463059,4.20012889957112
571.212086489136,403.03317835724,4.69884751481389
134.654510902505,280.647847800101,4.51061550907894
202.534372632304,370.052762101128,3.98459901622467
128.497338369947,412.162206047852,3.46623727113694
620.613015604676,319.358809372829,4.66966195134256
5.40151065799434,148.020197834491,4.19760228047756
539.890771883072,208.609479922607,4.16203894323396
35.6629423443766,492.16864607687,3.09883013679532
282.513737359479,24.8845519081444,4.0162050050916
536.401038345943,390.475593562588,3.45927307189398
71.5771852730433,79.1702014477281,5.28851473646656
2.98295621276267,74.7203095206071,3.35517216940549
588.892838287974,230.198003595995,3.96382565478601
440.537864945885,458.850688958517,4.78556004398092
660.031345483836,373.846275219174,2.93390472139856
109.052116791651,490.135221994413,4.38049752008711
626.678352532424,95.1605403669278,4.05518029350356
418.66258907236,259.143539507428,3.58002038197281
10.8532525895618,180.892542972965,3.30317428298002
55.4902023846256,115.337486011898,4.42880475970028
603.680739845813,198.715527878659,3.92656743229614
257.54671787367,225.026826228193,3.81348812443215
560.704388167775,440.081787939306,4.09125963240929
301.60948862777,132.172006915975,4.01743822547831
534.444604085234,460.331566034863,3.57108051142185
49.4928936188795,413.159522606033,3.81663402691101
186.1430317703,282.517949629829,4.05002568977728
545.209071222368,265.164739893953,3.67993974113469
179.952649792677,40.9455600175899,4.23023488524485
499.006526115923,333.449071830184,4.22412817191209
32.3180808105589,56.6141467759744,4.13178969851867
536.813799701746,166.88974746006,4.71827660966351
NA,NA,NA
660.015016004689,334.755993332456,3.49395495411483
456.776558932852,302.222273419536,3.52939597516496
13.0025260367182,494.006043333009,3.61389860725477
556.715051765498,50.6353938760327,4.21441124074674
65.3800389156181,378.9639518366,4.04543621412531
227.077626314864,411.714181968239,3.9018113828
428.788501370937,13.3892313799244,3.24554723614932
362.526146136205,290.940397292625,3.07549277542114
597.251767305479,104.872294908151,4.22827824087299
390.688682307466,228.064802463059,4.20012889957112
571.212086489136,403.03317835724,4.69884751481389
134.654510902505,280.647847800101,4.51061550907894
202.534372632304,370.052762101128,3.98459901622467
128.497338369947,412.162206047852,3.46623727113694
620.613015604676,319.358809372829,4.66966195134256
5.40151065799434,148.020197834491,4.19760228047756
539.890771883072,208.609479922607,4.16203894323396
35.6629423443766,492.16864607687,3.09883013679532
282.513737359479,24.8845519081444,4.0162050050916
536.401038345943,390.475593562588,3.45927307189398
71.5771852730433,79.1702014477281,5.28851473646656
2.98295621276267,74.7203095206071,3.35517216940549
588.892838287974,230.198003595995,3.96382565478601
440.537864945885,458.850688958517,4.78556004398092
660.031345483836,373.846275219174,2.93390472139856
109.052116791651,490.135221994413,4.38049752008711
626.678352532424,95.1605403669278,4.05518029350356
418.66258907236,259.143539507428,3.58002038197281
10.8532525895618,180.892542972965,3.30317428298002
55.4902023846256,115.337486011898,4.42880475970028
603.680739845813,198.715527878659,3.92656743229614
257.54671787367,225.026826228193,3.81348812443215
560.704388167775,440.081787939306,4.09125963240929
301.60948862777,132.172006915975,4.01743822547831
534.444604085234,460.331566034863,3.57108051142185
49.4928936188795,413.159522606033,3.81663402691101
186.1430317703,282.517949629829,4.05002568977728
545.209071222368,265.164739893953,3.67993974113469
179.952649792677,40.9455600175899,4.23023488524485
499.006526115923,333.449071830184,4.22412817191209
32.3180808105589,56.6141467759744,4.13178969851867
536.813799701746,166.88974746006,4.71827660966351
NA,NA,NA
663.257138441403,331.465348433847,3.40498655867274
451.27028369865,300.398384561892,3.64364213751592
16.1179985620476,497.309842887994,3.42714810091139
558.24218048389,50.3636331224548,4.15662166290049
71.7229369395441,372.941981878553,3.82148232386131
226.993089048991,415.791797435119,3.96737527450799
426.73594731016,14.2855042054278,3.43076529864604
363.701527209194,291.561743730356,3.04851390175462
603.645751321153,102.090399568796,4.22374024815028
391.954833763862,229.990253401779,4.20019020140634
563.807063498292,410.507055468612,4.68865983408815
142.686314708893,280.632370941326,4.5511115202548
193.385205501671,374.381509722142,3.98641780149209
125.47767429271,409.238121675368,3.52687931578172
620.178747965314,312.669610083843,4.51795583771979
5.34211957885983,150.14231832939,4.22578200809035
546.903029251262,203.046839926423,4.1829296553239
34.4654027163534,491.999859728649,2.86694624708228
279.611657045685,22.6078999434924,3.97240585152178
531.450231781163,394.751350382505,3.37374132507337
70.7580745909399,73.6695196919897,5.34570291185957
7.35596532649298,80.4029117840916,3.3250510916944
589.75462939136,226.347536321285,4.01349687125898
440.626050870517,463.92711372578,4.77281496476431
660.498150671575,375.092696591047,3.01405154473874
101.467120096863,486.732034763634,4.39446061798567
618.11777885537,89.9724958248259,4.08718957297888
419.848631649472,261.452591080618,3.61302789751981
11.647480680913,183.661832089727,2.99992418585315
67.571462574741,120.252023160253,4.65643065434354
608.752661413635,209.867621033317,4.58059603187818
251.507568420767,219.23117461898,3.48033009679089
592.149670649826,439.386014265484,3.97819880421541
300.467172420803,137.306379178048,3.85410109227337
528.425358473293,460.943608201197,3.39282037116972
63.1624325477385,416.107200613078,3.94571646926999
202.790639806002,282.340855527144,4.09256379259135
553.89553927108,268.714645976186,3.67668680776531
171.618117497206,25.7966948229598,4.11625895862863
501.633023467768,337.266202700356,4.3821422228857
41.0494963027175,48.4318513510876,4.23479722570247
530.518315399179,157.224840627058,4.62833253351133
NA,NA,NA
663.257138441403,331.465348433847,3.40498655867274
451.27028369865,300.398384561892,3.64364213751592
16.1179985620476,497.309842887994,3.42714810091139
558.24218048389,50.3636331224548,4.15662166290049
71.7229369395441,372.941981878553,3.82148232386131
226.993089048991,415.791797435119,3.96737527450799
426.73594731016,14.2855042054278,3.43076529864604
363.701527209194,291.561743730356,3.04851390175462
603.645751321153,102.090399568796,4.22374024815028
391.954833763862,229.990253401779,4.20019020140634
563.807063498292,410.507055468612,4.68865983408815
142.686314708893,280.632370941326,4.5511115202548
193.385205501671,374.381509722142,3.98641780149209
125.47767429271,409.238121675368,3.52687931578172
620.178747965314,312.669610083843,4.51795583771979
5.34211957885983,150.14231832939,4.22578200809035
546.903029251262,203.046839926423,4.1829296553239
34.4654027163534,491.999859728649,2.86694624708228
279.611657045685,22.6078999434924,3.97240585152178
531.450231781163,394.751350382505,3.37374132507337
70.7580745909399,73.6695196919897,5.34570291185957
7.35596532649298,80.4029117840916,3.3250510916944
589.75462939136,226.347536321285,4.01349687125898
440.626050870517,463.92711372578,4.77281496476431
660.498150671575,375.092696591047,3.01405154473874
101.467120096863,486.732034763634,4.39446061798567
618.11777885537,89.9724958248259,4.08718957297888
419.848631649472,261.452591080618,3.61302789751981
11.647480680913,183.661832089727,2.99992418585315
67.571462574741,120.252023160253,4.65643065434354
608.752661413635,209.867621033317,4.58059603187818
251.507568420767,219.23117461898,3.48033009679089
592.149670649826,439.386014265484,3.97819880421541
300.467172420803,137.306379178048,3.85410109227337
528.425358473293,460.943608201197,3.39282037116972
63.1624325477385,416.107200613078,3.94571646926999
202.790639806002,282.340855527144,4.09256379259135
553.89553927108,268.714645976186,3.67668680776531
171.618117497206,25.7966948229598,4.11625895862863
501.633023467768,337.266202700356,4.3821422228857
41.0494963027175,48.4318513510876,4.23479722570247
530.518315399179,157.224840627058,4.62833253351133
NA,NA,NA
663.257138441403,331.465348433847,3.40498655867274
451.27028369865,300.398384561892,3.64364213751592
16.1179985620476,497.309842887994,3.42714810091139
558.24218048389,50.3636331224548,4.15662166290049
71.7229369395441,372.941981878553,3.82148232386131
226.993089048991,415.791797435119,3.96737527450799
426.73594731016,14.2855042054278,3.43076529864604
363.701527209194,291.561743730356,3.04851390175462
603.645751321153,102.090399568796,4.22374024815028
391.954833763862,229.990253401779,4.20019020140634
563.807063498292,410.507055468612,4.68865983408815
142.686314708893,280.632370941326,4.5511115202548
193.385205501671,374.381509722142,3.98641780149209
125.47767429271,409.238121675368,3.52687931578172
620.178747965314,312.669610083843,4.51795583771979
5.34211957885983,150.14231832939,4.22578200809035
546.903029251262,203.046839926423,4.1829296553239
34.4654027163534,491.999859728649,2.86694624708228
279.611657045685,22.6078999434924,3.97240585152178
531.450231781163,394.751350382505,3.37374132507337
70.7580745909399,73.6695196919897,5.34570291185957
7.35596532649298,80.4029117840916,3.3250510916944
589.75462939136,226.347536321285,4.01349687125898
440.626050870517,463.92711372578,4.77281496476431
660.498150671575,375.092696591047,3.01405154473874
101.467120096863,486.732034763634,4.39446061798567
618.11777885537,89.9724958248259,4.08718957297888
419.848631649472,261.452591080618,3.61302789751981
11.647480680913,183.661832089727,2.99992418585315
67.571462574741,120.252023160253,4.65643065434354
608.752661413635,209.867621033317,4.58059603187818
251.507568420767,219.23117461898,3.48033009679089
592.149670649826,439.386014265484,3.97819880421541
300.467172420803,137.306379178048,3.85410109227337
528.425358473293,460.943608201197,3.39282037116972
63.1624325477385,416.107200613078,3.94571646926999
202.790639806002,282.340855527144,4.09256379259135
553.89553927108,268.714645976186,3.67668680776531
171.618117497206,25.7966948229598,4.11625895862863
501.633023467768,337.266202700356,4.3821422228857
41.0494963027175,48.4318513510876,4.23479722570247
530.518315399179,157.224840627058,4.62833253351133
NA,NA,NA
663.257138441403,331.465348433847,3.40498655867274
451.27028369865,300.398384561892,3.64364213751592
16.1179985620476,497.309842887994,3.42714810091139
558.24218048389,50.3636331224548,4.15662166290049
71.7229369395441,372.941981878553,3.82148232386131
226.993089048991,415.791797435119,3.96737527450799
426.73594731016,14.2855042054278,3.43076529864604
363.701527209194,291.561743730356,3.04851390175462
603.645751321153,102.090399568796,4.22374024815028
391.954833763862,229.990253401779,4.20019020140634
563.807063498292,410.507055468612,4.68865983408815
142.686314708893,280.632370941326,4.5511115202548
193.385205501671,374.381509722142,3.98641780149209
125.47767429271,409.238121675368,3.52687931578172
620.178747965314,312.669610083843,4.51795583771979
5.34211957885983,150.14231832939,4.22578200809035
546.903029251262,203.046839926423,4.1829296553239
34.4654027163534,491.999859728649,2.86694624708228
279.611657045685,22.6078999434924,3.97240585152178
531.450231781163,394.751350382505,3.37374132507337
70.7580745909399,73.6695196919897,5.34570291185957
7.35596532649298,80.4029117840916,3.3250510916944
589.75462939136,226.347536321285,4.01349687125898
440.626050870517,463.92711372578,4.77281496476431
660.498150671575,375.092696591047,3.01405154473874
101.467120096863,486.732034763634,4.39446061798567
618.11777885537,89.9724958248259,4.08718957297888
419.848631649472,261.452591080618,3.61302789751981
11.647480680913,183.661832089727,2.99992418585315
67.571462574741,120.252023160253,4.65643065434354
608.752661413635,209.867621033317,4.58059603187818
251.507568420767,219.23117461898,3.48033009679089
592.149670649826,439.386014265484,3.97819880421541
300.467172420803,137.306379178048,3.85410109227337
528.425358473293,460.943608201197,3.39282037116972
63.1624325477385,416.107200613078,3.94571646926999
202.790639806002,282.340855527144,4.09256379259135
553.89553927108,268.714645976186,3.67668680776531
171.618117497206,25.7966948229598,4.11625895862863
501.633023467768,337.266202700356,4.3821422228857
41.0494963027175,48.4318513510876,4.23479722570247
530.518315399179,157.224840627058,4.62833253351133
NA,NA,NA
663.257138441403,331.465348433847,3.40498655867274
451.27028369865,300.398384561892,3.64364213751592
16.1179985620476,497.309842887994,3.42714810091139
558.24218048389,50.3636331224548,4.15662166290049
71.7229369395441,372.941981878553,3.82148232386131
226.993089048991,415.791797435119,3.96737527450799
426.73594731016,14.2855042054278,3.43076529864604
363.701527209194,291.561743730356,3.04851390175462
603.645751321153,102.090399568796,4.22374024815028
391.954833763862,229.990253401779,4.20019020140634
563.807063498292,410.507055468612,4.68865983408815
142.686314708893,280.632370941326,4.5511115202548
193.385205501671,374.381509722142,3.98641780149209
125.47767429271,409.238121675368,3.52687931578172
620.178747965314,312.669610083843,4.51795583771979
5.34211957885983,150.14231832939,4.22578200809035
546.903029251262,203.046839926423,4.1829296553239
34.4654027163534,491.999859728649,2.86694624708228
279.611657045685,22.6078999434924,3.97240585152178
531.450231781163,394.751350382505,3.37374132507337
70.7580745909399,73.6695196919897,5.34570291185957
7.35596532649298,80.4029117840916,3.3250510916944
589.75462939136,226.347536321285,4.01349687125898
440.626050870517,463.92711372578,4.77281496476431
660.498150671575,375.092696591047,3.01405154473874
101.467120096863,486.732034763634,4.39446061798567
618.11777885537,89.9724958248259,4.08718957297888
419.848631649472,261.452591080618,3.61302789751981
11.647480680913,183.661832089727,2.99992418585315
67.571462574741,120.252023160253,4.65643065434354
608.752661413635,209.867621033317,4.58059603187818
251.507568420767,219.23117461898,3.48033009679089
592.149670649826,439.386014265484,3.97819880421541
300.467172420803,137.306379178048,3.85410109227337
528.425358473293,460.943608201197,3.39282037116972
63.1624325477385,416.107200613078,3.94571646926999
202.790639806002,282.340855527144,4.09256379259135
553.89553927108,268.714645976186,3.67668680776531
171.618117497206,25.7966948229598,4.11625895862863
501.633023467768,337.266202700356,4.3821422228857
41.0494963027175,48.4318513510876,4.23479722570247
530.518315399179,157.224840627058,4.62833253351133
NA,NA,NA
663.257138441403,331.465348433847,3.40498655867274
451.27028369865,300.398384561892,3.64364213751592
16.1179985620476,497.309842887994,3.42714810091139
558.24218048389,50.3636331224548,4.15662166290049
71.7229369395441,372.941981878553,3.82148232386131
226.993089048991,415.791797435119,3.96737527450799
426.73594731016,14.2855042054278,3.43076529864604
363.701527209194,291.561743730356,3.04851390175462
603.645751321153,102.090399568796,4.22374024815028
391.954833763862,229.990253401779,4.20019020140634
563.807063498292,410.507055468612,4.68865983408815
142.686314708893,280.632370941326,4.5511115202548
193.385205501671,374.381509722142,3.98641780149209
125.47767429271,409.238121675368,3.52687931578172
620.178747965314,312.669610083843,4.51795583771979
5.34211957885983,150.14231832939,4.22578200809035
546.903029251262,203.046839926423,4.1829296553239
34.4654027163534,491.999859728649,2.86694624708228
279.611657045685,22.6078999434924,3.97240585152178
531.450231781163,394.751350382505,3.37374132507337
70.7580745909399,73.6695196919897,5.34570291185957
7.35596532649298,80.4029117840916,3.3250510916944
589.75462939136,226.347536321285,4.01349687125898
440.626050870517,463.92711372578,4.77281496476431
660.498150671575,375.092696591047,3.01405154473874
101.467120096863,486.732034763634,4.39446061798567
618.11777885537,89.9724958248259,4.08718957297888
419.848631649472,261.452591080618,3.61302789751981
11.647480680913,183.661832089727,2.99992418585315
67.571462574741,120.252023160253,4.65643065434354
608.752661413635,209.867621033317,4.58059603187818
251.507568420767,219.23117461898,3.48033009679089
592.149670649826,439.386014265484,3.97819880421541
300.467172420803,137.306379178048,3.85410109227337
528.425358473293,460.943608201197,3.39282037116972
63.1624325477385,416.107200613078,3.94571646926999
202.790639806002,282.340855527144,4.09256379259135
553.89553927108,268.714645976186,3.67668680776531
171.618117497206,25.7966948229598,4.11625895862863
501.633023467768,337.266202700356,4.3821422228857
41.0494963027175,48.4318513510876,4.23479722570247
530.518315399179,157.224840627058,4.62833253351133
NA,NA,NA
664.757272993441,334.612952548096,3.46030186467017
455.153173935365,296.857966958912,3.64231998513792
9.85376975177837,496.23127783946,3.60401097389659
564.60070557932,54.4193729981822,4.33188592710914
70.1780659960936,367.708141790399,3.93763531123076
232.986672425435,415.096247201716,3.91423068231644
426.790209416318,13.8974422529032,3.12719402471725
359.047986299734,296.742373463283,3.09917708843247
602.858566023376,102.866992758073,4.11961923962995
386.877141520268,229.419797189701,4.18535806817651
567.886765116393,407.622809320764,4.80292030452584
141.567452942466,284.783146393544,4.50966981014439
195.073913168907,368.828250094986,4.15071450608118
122.148912201488,411.462555330843,3.34249423855932
629.924896375487,321.66787024734,4.51613389048149
2.13526070180428,152.103432814002,4.21150934050369
541.04589069725,197.494363938692,4.1665877324188
34.2065522224045,492.427765558284,2.8976150277723
283.171295759388,20.2224875574307,4.00350805981626
534.252191342797,394.943637858695,3.30756654251596
64.742451058686,76.3374188486225,5.10319897857353
3.64974609056015,75.2611889938114,3.43905028415124
583.462380122759,226.919450633821,3.95321321932119
438.705928845617,459.372006830074,4.76599763442737
658.310750409865,372.867288540542,3.15767834907236
103.434481243967,489.805593588465,4.35393509340611
620.90698851941,88.376486904759,4.08900759186397
424.071286606073,259.731303696709,3.68355875856249
11.8727617143877,181.5620595995,3.2472162237618
63.9997669850145,122.814754904341,4.36945130569251
608.200168649897,192.967969758061,4.36513187726663
254.990562073771,222.991287480782,3.98568328993276
574.354092922874,433.156458644812,3.73645863555265
299.416021293825,130.535861928161,3.82233732057498
534.20673941495,463.318851964406,3.39181701331526
37.998118383614,405.404824107672,3.63474454472915
198.59645867243,292.437921689554,4.05133038538165
545.737193921494,256.048172183888,3.76543233582524
165.865371843638,35.1392601889912,4.07430273372936
495.28546378705,342.833004120211,4.66804026025812
32.0525137427032,55.8898137747623,3.56141442159992
520.953344271957,151.889044606242,4.39941933337758
NA,NA,NA
664.757272993441,334.612952548096,3.46030186467017
455.153173935365,296.857966958912,3.64231998513792
9.85376975177837,496.23127783946,3.60401097389659
564.60070557932,54.4193729981822,4.33188592710914
70.1780659960936,367.708141790399,3.93763531123076
232.986672425435,415.096247201716,3.91423068231644
426.790209416318,13.8974422529032,3.12719402471725
359.047986299734,296.742373463283,3.09917708843247
602.858566023376,102.866992758073,4.11961923962995
386.877141520268,229.419797189701,4.18535806817651
567.886765116393,407.622809320764,4.80292030452584
141.567452942466,284.783146393544,4.50966981014439
195.073913168907,368.828250094986,4.15071450608118
122.148912201488,411.462555330843,3.34249423855932
629.924896375487,321.66787024734,4.51613389048149
2.13526070180428,152.103432814002,4.21150934050369
541.04589069725,197.494363938692,4.1665877324188
34.2065522224045,492.427765558284,2.8976150277723
283.171295759388,20.2224875574307,4.00350805981626
534.252191342797,394.943637858695,3.30756654251596
64.742451058686,76.3374188486225,5.10319897857353
3.64974609056015,75.2611889938114,3.43905028415124
583.462380122759,226.919450633821,3.95321321932119
438.705928845617,459.372006830074,4.76599763442737
658.310750409865,372.867288540542,3.15767834907236
103.434481243967,489.805593588465,4.35393509340611
620.90698851941,88.376486904759,4.08900759186397
424.071286606073,259.731303696709,3.68355875856249
11.8727617143877,181.5620595995,3.2472162237618
63.9997669850145,122.814754904341,4.36945130569251
608.200168649897,192.967969758061,4.36513187726663
254.990562073771,222.991287480782,3.98568328993276
574.354092922874,433.156458644812,3.73645863555265
299.416021293825,130.535861928161,3.82233732057498
534.20673941495,463.318851964406,3.39181701331526
37.998118383614,405.404824107672,3.63474454472915
198.59645867243,292.437921689554,4.05133038538165
545.737193921494,256.048172183888,3.76543233582524
165.865371843638,35.1392601889912,4.07430273372936
495.28546378705,342.833004120211,4.66804026025812
32.0525137427032,55.8898137747623,3.56141442159992
520.953344271957,151.889044606242,4.39941933337758
NA,NA,NA
664.757272993441,334.612952548096,3.46030186467017
455.153173935365,296.857966958912,3.64231998513792
9.85376975177837,496.23127783946,3.60401097389659
564.60070557932,54.4193729981822,4.33188592710914
70.1780659960936,367.708141790399,3.93763531123076
232.986672425435,415.096247201716,3.91423068231644
426.790209416318,13.8974422529032,3.12719402471725
359.047986299734,296.742373463283,3.09917708843247
602.858566023376,102.866992758073,4.11961923962995
386.877141520268,229.419797189701,4.18535806817651
567.886765116393,407.622809320764,4.80292030452584
141.567452942466,284.783146393544,4.50966981014439
195.073913168907,368.828250094986,4.15071450608118
122.148912201488,411.462555330843,3.34249423855932
629.924896375487,321.66787024734,4.51613389048149
2.13526070180428,152.103432814002,4.21150934050369
541.04589069725,197.494363938692,4.1665877324188
34.2065522224045,492.427765558284,2.8976150277723
283.171295759388,20.2224875574307,4.00350805981626
534.252191342797,394.943637858695,3.30756654251596
64.742451058686,76.3374188486225,5.10319897857353
3.64974609056015,75.2611889938114,3.43905028415124
583.462380122759,226.919450633821,3.95321321932119
438.705928845617,459.372006830074,4.76599763442737
658.310750409865,372.867288540542,3.15767834907236
103.434481243967,489.805593588465,4.35393509340611
620.90698851941,88.376486904759,4.08900759186397
424.071286606073,259.731303696709,3.68355875856249
11.8727617143877,181.5620595995,3.2472162237618
63.9997669850145,122.814754904341,4.36945130569251
608.200168649897,192.967969758061,4.36513187726663
254.990562073771,222.991287480782,3.98568328993276
574.354092922874,433.156458644812,3.73645863555265
299.416021293825,130.535861928161,3.82233732057498
534.20673941495,463.318851964406,3.39181701331526
37.998118383614,405.404824107672,3.63474454472915
198.59645867243,292.437921689554,4.05133038538165
545.737193921494,256.048172183888,3.76543233582524
165.865371843638,35.1392601889912,4.07430273372936
495.28546378705,342.833004120211,4.66804026025812
32.0525137427032,55.8898137747623,3.56141442159992
520.953344271957,151.889044606242,4.39941933337758
NA,NA,NA
664.757272993441,334.612952548096,3.46030186467017
455.153173935365,296.857966958912,3.64231998513792
9.85376975177837,496.23127783946,3.60401097389659
564.60070557932,54.4193729981822,4.33188592710914
70.1780659960936,367.708141790399,3.93763531123076
232.986672425435,415.096247201716,3.91423068231644
426.790209416318,13.8974422529032,3.12719402471725
359.047986299734,296.742373463283,3.09917708843247
602.858566023376,102.866992758073,4.11961923962995
386.877141520268,229.419797189701,4.18535806817651
567.886765116393,407.622809320764,4.80292030452584
141.567452942466,284.783146393544,4.50966981014439
195.073913168907,368.828250094986,4.15071450608118
122.148912201488,411.462555330843,3.34249423855932
629.924896375487,321.66787024734,4.51613389048149
2.13526070180428,152.103432814002,4.21150934050369
541.04589069725,197.494363938692,4.1665877324188
34.2065522224045,492.427765558284,2.8976150277723
283.171295759388,20.2224875574307,4.00350805981626
534.252191342797,394.943637858695,3.30756654251596
64.742451058686,76.3374188486225,5.10319897857353
3.64974609056015,75.2611889938114,3.43905028415124
583.462380122759,226.919450633821,3.95321321932119
438.705928845617,459.372006830074,4.76599763442737
658.310750409865,372.867288540542,3.15767834907236
103.434481243967,489.805593588465,4.35393509340611
620.90698851941,88.376486904759,4.08900759186397
424.071286606073,259.731303696709,3.68355875856249
11.8727617143877,181.5620595995,3.2472162237618
63.9997669850145,122.814754904341,4.36945130569251
608.200168649897,192.967969758061,4.36513187726663
254.990562073771,222.991287480782,3.98568328993276
574.354092922874,433.156458644812,3.73645863555265
299.416021293825,130.535861928161,3.82233732057498
534.20673941495,463.318851964406,3.39181701331526
37.998118383614,405.404824107672,3.63474454472915
198.59645867243,292.437921689554,4.05133038538165
545.737193921494,256.048172183888,3.76543233582524
165.865371843638,35.1392601889912,4.07430273372936
495.28546378705,342.833004120211,4.66804026025812
32.0525137427032,55.8898137747623,3.56141442159992
520.953344271957,151.889044606242,4.39941933337758
NA,NA,NA
664.757272993441,334.612952548096,3.46030186467017
455.153173935365,296.857966958912,3.64231998513792
9.85376975177837,496.23127783946,3.60401097389659
564.60070557932,54.4193729981822,4.33188592710914
70.1780659960936,367.708141790399,3.93763531123076
232.986672425435,415.096247201716,3.91423068231644
426.790209416318,13.8974422529032,3.12719402471725
359.047986299734,296.742373463283,3.09917708843247
602.858566023376,102.866992758073,4.11961923962995
386.877141520268,229.419797189701,4.18535806817651
567.886765116393,407.622809320764,4.80292030452584
141.567452942466,284.783146393544,4.50966981014439
195.073913168907,368.828250094986,4.15071450608118
122.148912201488,411.462555330843,3.34249423855932
629.924896375487,321.66787024734,4.51613389048149
2.13526070180428,152.103432814002,4.21150934050369
541.04589069725,197.494363938692,4.1665877324188
34.2065522224045,492.427765558284,2.8976150277723
283.171295759388,20.2224875574307,4.00350805981626
534.252191342797,394.943637858695,3.30756654251596
64.742451058686,76.3374188486225,5.10319897857353
3.64974609056015,75.2611889938114,3.43905028415124
583.462380122759,226.919450633821,3.95321321932119
438.705928845617,459.372006830074,4.76599763442737
658.310750409865,372.867288540542,3.15767834907236
103.434481243967,489.805593588465,4.35393509340611
620.90698851941,88.376486904759,4.08900759186397
424.071286606073,259.731303696709,3.68355875856249
11.8727617143877,181.5620595995,3.2472162237618
63.9997669850145,122.814754904341,4.36945130569251
608.200168649897,192.967969758061,4.36513187726663
254.990562073771,222.991287480782,3.98568328993276
574.354092922874,433.156458644812,3.73645863555265
299.416021293825,130.535861928161,3.82233732057498
534.20673941495,463.318851964406,3.39181701331526
37.998118383614,405.404824107672,3.63474454472915
198.59645867243,292.437921689554,4.05133038538165
545.737193921494,256.048172183888,3.76543233582524
165.865371843638,35.1392601889912,4.07430273372936
495.28546378705,342.833004120211,4.66804026025812
32.0525137427032,55.8898137747623,3.56141442159992
520.953344271957,151.889044606242,4.39941933337758
NA,NA,NA
664.757272993441,334.612952548096,3.46030186467017
455.153173935365,296.857966958912,3.64231998513792
9.85376975177837,496.23127783946,3.60401097389659
564.60070557932,54.4193729981822,4.33188592710914
70.1780659960936,367.708141790399,3.93763531123076
232.986672425435,415.096247201716,3.91423068231644
426.790209416318,13.8974422529032,3.12719402471725
359.047986299734,296.742373463283,3.09917708843247
602.858566023376,102.866992758073,4.11961923962995
386.877141520268,229.419797189701,4.18535806817651
567.886765116393,407.622809320764,4.80292030452584
141.567452942466,284.783146393544,4.50966981014439
195.073913168907,368.828250094986,4.15071450608118
122.148912201488,411.462555330843,3.34249423855932
629.924896375487,321.66787024734,4.51613389048149
2.13526070180428,152.103432814002,4.21150934050369
541.04589069725,197.494363938692,4.1665877324188
34.2065522224045,492.427765558284,2.8976150277723
283.171295759388,20.2224875574307,4.00350805981626
534.252191342797,394.943637858695,3.30756654251596
64.742451058686,76.3374188486225,5.10319897857353
3.64974609056015,75.2611889938114,3.43905028415124
583.462380122759,226.919450633821,3.95321321932119
438.705928845617,459.372006830074,4.76599763442737
658.310750409865,372.867288540542,3.15767834907236
103.434481243967,489.805593588465,4.35393509340611
620.90698851941,88.376486904759,4.08900759186397
424.071286606073,259.731303696709,3.68355875856249
11.8727617143877,181.5620595995,3.2472162237618
63.9997669850145,122.814754904341,4.36945130569251
608.200168649897,192.967969758061,4.36513187726663
254.990562073771,222.991287480782,3.98568328993276
574.354092922874,433.156458644812,3.73645863555265
299.416021293825,130.535861928161,3.82233732057498
534.20673941495,463.318851964406,3.39181701331526
37.998118383614,405.404824107672,3.63474454472915
198.59645867243,292.437921689554,4.05133038538165
545.737193921494,256.048172183888,3.76543233582524
165.865371843638,35.1392601889912,4.07430273372936
495.28546378705,342.833004120211,4.66804026025812
32.0525137427032,55.8898137747623,3.56141442159992
520.953344271957,151.889044606242,4.39941933337758
NA,NA,NA
663.979222916669,337.555432309491,3.74023194154048
457.323233967358,297.590937097451,3.69913220542849
13.3318760944546,494.825947868048,3.78100551265644
563.645712923681,48.868864749394,4.16133715587794
70.7376851887075,377.498382496591,3.93964029436796
229.060769206693,414.353422842591,3.95315565535426
426.517326996088,14.5843218453174,3.37255833467837
363.401741975572,292.409825536328,3.0327526424279
608.199784794958,105.158878155182,4.18732371710625
397.051393571729,231.168882898758,4.33284982773733
572.791261896261,417.311332102082,4.71224400221037
141.875732475874,282.747465263603,4.56461158031128
200.290849699966,366.070231239183,4.0671551988996
126.256101366862,410.163893893968,3.50410414940322
628.296353210931,315.424899763688,4.53532833310587
1.16019196415129,144.857990998046,4.20523139390089
545.135432844536,207.404966206102,4.15305169191722
33.0584642344438,491.632951573739,2.9183880907625
278.579934256204,24.3048278173808,3.57879201002071
533.309597547772,394.798894321262,3.28200835272001
72.6952783123256,72.0994456907171,5.15097924910536
3.46021203340152,80.2153934892108,3.41571002262339
589.687749099395,226.247484265689,4.05250580398431
440.793629939316,467.137549859801,4.87875272650632
658.405651897587,374.445659224599,2.95615111809033
102.238603848724,485.89202281061,4.39573076939665
622.87292457555,94.3525806509465,4.06774054818244
420.317237102183,261.632233239426,3.66913930562541
12.9409195002778,181.167608284748,3.29361630109702
75.0362999076737,120.930567677705,4.55932820517252
610.724671440085,208.30781359575,4.32506056340153
258.137235989309,225.400726631383,3.70241153991465
576.549662795323,427.521065977509,3.9111342184451
298.490359094625,135.726310189922,3.9798702613228
534.17102891141,459.79828802274,3.61947421530859
55.3221817197247,412.986832230747,4.08350461930911
202.520330997628,290.542088643906,3.73046348053101
557.198641688041,266.375551173409,3.75023268121513
165.820772614333,31.7810959886039,4.52799873204124
505.006839473007,335.794302654238,4.17104614524436
41.316571611987,63.6979749797918,3.90172406575708
533.374580260288,151.210567154114,4.85368281193449
NA,NA,NA
663.979222916669,337.555432309491,3.74023194154048
457.323233967358,297.590937097451,3.69913220542849
13.3318760944546,494.825947868048,3.78100551265644
563.645712923681,48.868864749394,4.16133715587794
70.7376851887075,377.498382496591,3.93964029436796
229.060769206693,414.353422842591,3.95315565535426
426.517326996088,14.5843218453174,3.37255833467837
363.401741975572,292.409825536328,3.0327526424279
608.199784794958,105.158878155182,4.18732371710625
397.051393571729,231.168882898758,4.33284982773733
572.791261896261,417.311332102082,4.71224400221037
141.875732475874,282.747465263603,4.56461158031128
200.290849699966,366.070231239183,4.0671551988996
126.256101366862,410.163893893968,3.50410414940322
628.296353210931,315.424899763688,4.53532833310587
1.16019196415129,144.857990998046,4.20523139390089
545.135432844536,207.404966206102,4.15305169191722
33.0584642344438,491.632951573739,2.9183880907625
278.579934256204,24.3048278173808,3.57879201002071
533.309597547772,394.798894321262,3.28200835272001
72.6952783123256,72.0994456907171,5.15097924910536
3.46021203340152,80.2153934892108,3.41571002262339
589.687749099395,226.247484265689,4.05250580398431
440.793629939316,467.137549859801,4.87875272650632
658.405651897587,374.445659224599,2.95615111809033
102.238603848724,485.89202281061,4.39573076939665
622.87292457555,94.3525806509465,4.06774054818244
420.317237102183,261.632233239426,3.66913930562541
12.9409195002778,181.167608284748,3.29361630109702
75.0362999076737,120.930567677705,4.55932820517252
610.724671440085,208.30781359575,4.32506056340153
258.137235989309,225.400726631383,3.70241153991465
576.549662795323,427.521065977509,3.9111342184451
298.490359094625,135.726310189922,3.9798702613228
534.17102891141,459.79828802274,3.61947421530859
55.3221817197247,412.986832230747,4.08350461930911
202.520330997628,290.542088643906,3.73046348053101
557.198641688041,266.375551173409,3.75023268121513
165.820772614333,31.7810959886039,4.52799873204124
505.006839473007,335.794302654238,4.17104614524436
41.316571611987,63.6979749797918,3.90172406575708
533.374580260288,151.210567154114,4.85368281193449
NA,NA,NA
663.979222916669,337.555432309491,3.74023194154048
457.323233967358,297.590937097451,3.69913220542849
13.3318760944546,494.825947868048,3.78100551265644
563.645712923681,48.868864749394,4.16133715587794
70.7376851887075,377.498382496591,3.93964029436796
229.060769206693,414.353422842591,3.95315565535426
426.517326996088,14.5843218453174,3.37255833467837
363.401741975572,292.409825536328,3.0327526424279
608.199784794958,105.158878155182,4.18732371710625
397.051393571729,231.168882898758,4.33284982773733
572.791261896261,417.311332102082,4.71224400221037
141.875732475874,282.747465263603,4.56461158031128
200.290849699966,366.070231239183,4.0671551988996
126.256101366862,410.163893893968,3.50410414940322
628.296353210931,315.424899763688,4.53532833310587
1.16019196415129,144.857990998046,4.20523139390089
545.135432844536,207.404966206102,4.15305169191722
33.0584642344438,491.632951573739,2.9183880907625
278.579934256204,24.3048278173808,3.57879201002071
533.309597547772,394.798894321262,3.28200835272001
72.6952783123256,72.0994456907171,5.15097924910536
3.46021203340152,80.2153934892108,3.41571002262339
589.687749099395,226.247484265689,4.05250580398431
440.793629939316,467.137549859801,4.87875272650632
658.405651897587,374.445659224599,2.95615111809033
102.238603848724,485.89202281061,4.39573076939665
622.87292457555,94.3525806509465,4.06774054818244
420.317237102183,261.632233239426,3.66913930562541
12.9409195002778,181.167608284748,3.29361630109702
75.0362999076737,120.930567677705,4.55932820517252
610.724671440085,208.30781359575,4.32506056340153
258.137235989309,225.400726631383,3.70241153991465
576.549662795323,427.521065977509,3.9111342184451
298.490359094625,135.726310189922,3.9798702613228
534.17102891141,459.79828802274,3.61947421530859
55.3221817197247,412.986832230747,4.08350461930911
202.520330997628,290.542088643906,3.73046348053101
557.198641688041,266.375551173409,3.75023268121513
165.820772614333,31.7810959886039,4.52799873204124
505.006839473007,335.794302654238,4.17104614524436
41.316571611987,63.6979749797918,3.90172406575708
533.374580260288,151.210567154114,4.85368281193449
NA,NA,NA
663.979222916669,337.555432309491,3.74023194154048
457.323233967358,297.590937097451,3.69913220542849
13.3318760944546,494.825947868048,3.78100551265644
563.645712923681,48.868864749394,4.16133715587794
70.7376851887075,377.498382496591,3.93964029436796
229.060769206693,414.353422842591,3.95315565535426
426.517326996088,14.5843218453174,3.37255833467837
363.401741975572,292.409825536328,3.0327526424279
608.199784794958,105.158878155182,4.18732371710625
397.051393571729,231.168882898758,4.33284982773733
572.791261896261,417.311332102082,4.71224400221037
141.875732475874,282.747465263603,4.56461158031128
200.290849699966,366.070231239183,4.0671551988996
126.256101366862,410.163893893968,3.50410414940322
628.296353210931,315.424899763688,4.53532833310587
1.16019196415129,144.857990998046,4.20523139390089
545.135432844536,207.404966206102,4.15305169191722
33.0584642344438,491.632951573739,2.9183880907625
278.579934256204,24.3048278173808,3.57879201002071
533.309597547772,394.798894321262,3.28200835272001
72.6952783123256,72.0994456907171,5.15097924910536
3.46021203340152,80.2153934892108,3.41571002262339
589.687749099395,226.247484265689,4.05250580398431
440.793629939316,467.137549859801,4.87875272650632
658.405651897587,374.445659224599,2.95615111809033
102.238603848724,485.89202281061,4.39573076939665
622.87292457555,94.3525806509465,4.06774054818244
420.317237102183,261.632233239426,3.66913930562541
12.9409195002778,181.167608284748,3.29361630109702
75.0362999076737,120.930567677705,4.55932820517252
610.724671440085,208.30781359575,4.32506056340153
258.137235989309,225.400726631383,3.70241153991465
576.549662795323,427.521065977509,3.9111342184451
298.490359094625,135.726310189922,3.9798702613228
534.17102891141,459.79828802274,3.61947421530859
55.3221817197247,412.986832230747,4.08350461930911
202.520330997628,290.542088643906,3.73046348053101
557.198641688041,266.375551173409,3.75023268121513
165.820772614333,31.7810959886039,4.52799873204124
505.006839473007,335.794302654238,4.17104614524436
41.316571611987,63.6979749797918,3.90172406575708
533.374580260288,151.210567154114,4.85368281193449
NA,NA,NA
663.979222916669,337.555432309491,3.74023194154048
457.323233967358,297.590937097451,3.69913220542849
13.3318760944546,494.825947868048,3.78100551265644
563.645712923681,48.868864749394,4.16133715587794
70.7376851887075,377.498382496591,3.93964029436796
229.060769206693,414.353422842591,3.95315565535426
426.517326996088,14.5843218453174,3.37255833467837
363.401741975572,292.409825536328,3.0327526424279
608.199784794958,105.158878155182,4.18732371710625
397.051393571729,231.168882898758,4.33284982773733
572.791261896261,417.311332102082,4.71224400221037
141.875732475874,282.747465263603,4.56461158031128
200.290849699966,366.070231239183,4.0671551988996
126.256101366862,410.163893893968,3.50410414940322
628.296353210931,315.424899763688,4.53532833310587
1.16019196415129,144.857990998046,4.20523139390089
545.135432844536,207.404966206102,4.15305169191722
33.0584642344438,491.632951573739,2.9183880907625
278.579934256204,24.3048278173808,3.57879201002071
533.309597547772,394.798894321262,3.28200835272001
72.6952783123256,72.0994456907171,5.15097924910536
3.46021203340152,80.2153934892108,3.41571002262339
589.687749099395,226.247484265689,4.05250580398431
440.793629939316,467.137549859801,4.87875272650632
658.405651897587,374.445659224599,2.95615111809033
102.238603848724,485.89202281061,4.39573076939665
622.87292457555,94.3525806509465,4.06774054818244
420.317237102183,261.632233239426,3.66913930562541
12.9409195002778,181.167608284748,3.29361630109702
75.0362999076737,120.930567677705,4.55932820517252
610.724671440085,208.30781359575,4.32506056340153
258.137235989309,225.400726631383,3.70241153991465
576.549662795323,427.521065977509,3.9111342184451
298.490359094625,135.726310189922,3.9798702613228
534.17102891141,459.79828802274,3.61947421530859
55.3221817197247,412.986832230747,4.08350461930911
202.520330997628,290.542088643906,3.73046348053101
557.198641688041,266.375551173409,3.75023268121513
165.820772614333,31.7810959886039,4.52799873204124
505.006839473007,335.794302654238,4.17104614524436
41.316571611987,63.6979749797918,3.90172406575708
533.374580260288,151.210567154114,4.85368281193449
NA,NA,NA
663.979222916669,337.555432309491,3.74023194154048
457.323233967358,297.590937097451,3.69913220542849
13.3318760944546,494.825947868048,3.78100551265644
563.645712923681,48.868864749394,4.16133715587794
70.7376851887075,377.498382496591,3.93964029436796
229.060769206693,414.353422842591,3.95315565535426
426.517326996088,14.5843218453174,3.37255833467837
363.401741975572,292.409825536328,3.0327526424279
608.199784794958,105.158878155182,4.18732371710625
397.051393571729,231.168882898758,4.33284982773733
572.791261896261,417.311332102082,4.71224400221037
141.875732475874,282.747465263603,4.56461158031128
200.290849699966,366.070231239183,4.0671551988996
126.256101366862,410.163893893968,3.50410414940322
628.296353210931,315.424899763688,4.53532833310587
1.16019196415129,144.857990998046,4.20523139390089
545.135432844536,207.404966206102,4.15305169191722
33.0584642344438,491.632951573739,2.9183880907625
278.579934256204,24.3048278173808,3.57879201002071
533.309597547772,394.798894321262,3.28200835272001
72.6952783123256,72.0994456907171,5.15097924910536
3.46021203340152,80.2153934892108,3.41571002262339
589.687749099395,226.247484265689,4.05250580398431
440.793629939316,467.137549859801,4.87875272650632
658.405651897587,374.445659224599,2.95615111809033
102.238603848724,485.89202281061,4.39573076939665
622.87292457555,94.3525806509465,4.06774054818244
420.317237102183,261.632233239426,3.66913930562541
12.9409195002778,181.167608284748,3.29361630109702
75.0362999076737,120.930567677705,4.55932820517252
610.724671440085,208.30781359575,4.32506056340153
258.137235989309,225.400726631383,3.70241153991465
576.549662795323,427.521065977509,3.9111342184451
298.490359094625,135.726310189922,3.9798702613228
534.17102891141,459.79828802274,3.61947421530859
55.3221817197247,412.986832230747,4.08350461930911
202.520330997628,290.542088643906,3.73046348053101
557.198641688041,266.375551173409,3.75023268121513
165.820772614333,31.7810959886039,4.52799873204124
505.006839473007,335.794302654238,4.17104614524436
41.316571611987,63.6979749797918,3.90172406575708
533.374580260288,151.210567154114,4.85368281193449
NA,NA,NA
662.412014008773,334.865497173975,3.36854155195889
458.121381312159,298.513350371401,3.74322341318207
9.99736598297706,492.56568927787,3.70448579076524
559.360896143771,50.6352771570109,4.30699308536719
72.2082155945454,370.546521090087,3.96882795105948
230.754546245709,414.253977504343,3.7762398183626
430.156288379042,11.6996632674048,3.29576138287631
362.54402455551,293.615140814869,2.97242960602914
604.769840183894,100.558440671165,4.45511949311855
391.607999873164,232.194596040548,4.31098557115238
568.820019919123,413.365192568681,4.69868447341
131.364943780007,275.989350312247,4.59447441529679
201.374670572186,371.358867698727,4.14752299383528
119.907325028898,410.479696947743,3.28068805225239
630.445991056479,307.416722929107,4.45955878678925
2.94508964257391,149.203383549704,4.23933109470369
547.432163303878,203.670045834228,4.20556244970654
34.2982029207013,489.349298777393,2.99749707905472
278.732731765458,25.4164277251335,3.80557068542355
536.203047878548,392.746560836974,3.35667543333466
72.8915026927498,74.578197770448,5.24991016464059
6.44760753795817,74.2665753790916,3.43551320020421
590.671984832708,228.039882575209,4.00201819562779
433.797819489416,464.180969368991,4.82091829547406
659.635700542238,376.159156789248,3.17138363778046
104.50002227646,485.239049012112,4.2902374041499
623.701257226757,93.9366505918366,4.07487878721956
422.136318690378,256.338084087136,3.60436933510163
12.8227058099034,179.741342303075,3.24504103890789
67.8465198092228,100.088467932517,4.23479805873279
621.51928982993,199.887833030981,4.43490836333712
253.33380040553,221.62614561369,3.77838006740056
583.939246433172,430.601697010537,3.79347470335182
298.943413415044,136.705134962479,3.85238658953156
524.164652475475,463.091909877053,3.96796348165833
43.3754314123114,424.867076386416,4.3660179902692
198.891863268459,286.08655882468,3.7134803988034
562.881323426807,252.113743763005,3.63830475306618
170.386220377436,36.1628799745397,4.28467218431441
491.8254530111,345.290089567992,4.68208025944588
38.7333537841375,43.1182188293906,3.90154022543339
535.714461845677,133.448349502894,4.6479459681883
NA,NA,NA
662.412014008773,334.865497173975,3.36854155195889
458.121381312159,298.513350371401,3.74322341318207
9.99736598297706,492.56568927787,3.70448579076524
559.360896143771,50.6352771570109,4.30699308536719
72.2082155945454,370.546521090087,3.96882795105948
230.754546245709,414.253977504343,3.7762398183626
430.156288379042,11.6996632674048,3.29576138287631
362.54402455551,293.615140814869,2.97242960602914
604.769840183894,100.558440671165,4.45511949311855
391.607999873164,232.194596040548,4.31098557115238
568.820019919123,413.365192568681,4.69868447341
131.364943780007,275.989350312247,4.59447441529679
201.374670572186,371.358867698727,4.14752299383528
119.907325028898,410.479696947743,3.28068805225239
630.445991056479,307.416722929107,4.45955878678925
2.94508964257391,149.203383549704,4.23933109470369
547.432163303878,203.670045834228,4.20556244970654
34.2982029207013,489.349298777393,2.99749707905472
278.732731765458,25.4164277251335,3.80557068542355
536.203047878548,392.746560836974,3.35667543333466
72.8915026927498,74.578197770448,5.24991016464059
6.44760753795817,74.2665753790916,3.43551320020421
590.671984832708,228.039882575209,4.00201819562779
433.797819489416,464.180969368991,4.82091829547406
659.635700542238,376.159156789248,3.17138363778046
104.50002227646,485.239049012112,4.2902374041499
623.701257226757,93.9366505918366,4.07487878721956
422.136318690378,256.338084087136,3.60436933510163
12.8227058099034,179.741342303075,3.24504103890789
67.8465198092228,100.088467932517,4.23479805873279
621.51928982993,199.887833030981,4.43490836333712
253.33380040553,221.62614561369,3.77838006740056
583.939246433172,430.601697010537,3.79347470335182
298.943413415044,136.705134962479,3.85238658953156
524.164652475475,463.091909877053,3.96796348165833
43.3754314123114,424.867076386416,4.3660179902692
198.891863268459,286.08655882468,3.7134803988034
562.881323426807,252.113743763005,3.63830475306618
170.386220377436,36.1628799745397,4.28467218431441
491.8254530111,345.290089567992,4.68208025944588
38.7333537841375,43.1182188293906,3.90154022543339
535.714461845677,133.448349502894,4.6479459681883
NA,NA,NA
662.412014008773,334.865497173975,3.36854155195889
458.121381312159,298.513350371401,3.74322341318207
9.99736598297706,492.56568927787,3.70448579076524
559.360896143771,50.6352771570109,4.30699308536719
72.2082155945454,370.546521090087,3.96882795105948
230.754546245709,414.253977504343,3.7762398183626
430.156288379042,11.6996632674048,3.29576138287631
362.54402455551,293.615140814869,2.97242960602914
604.769840183894,100.558440671165,4.45511949311855
391.607999873164,232.194596040548,4.31098557115238
568.820019919123,413.365192568681,4.69868447341
131.364943780007,275.989350312247,4.59447441529679
201.374670572186,371.358867698727,4.14752299383528
119.907325028898,410.479696947743,3.28068805225239
630.445991056479,307.416722929107,4.45955878678925
2.94508964257391,149.203383549704,4.23933109470369
547.432163303878,203.670045834228,4.20556244970654
34.2982029207013,489.349298777393,2.99749707905472
278.732731765458,25.4164277251335,3.80557068542355
536.203047878548,392.746560836974,3.35667543333466
72.8915026927498,74.578197770448,5.24991016464059
6.44760753795817,74.2665753790916,3.43551320020421
590.671984832708,228.039882575209,4.00201819562779
433.797819489416,464.180969368991,4.82091829547406
659.635700542238,376.159156789248,3.17138363778046
104.50002227646,485.239049012112,4.2902374041499
623.701257226757,93.9366505918366,4.07487878721956
422.136318690378,256.338084087136,3.60436933510163
12.8227058099034,179.741342303075,3.24504103890789
67.8465198092228,100.088467932517,4.23479805873279
621.51928982993,199.887833030981,4.43490836333712
253.33380040553,221.62614561369,3.77838006740056
583.939246433172,430.601697010537,3.79347470335182
298.943413415044,136.705134962479,3.85238658953156
524.164652475475,463.091909877053,3.96796348165833
43.3754314123114,424.867076386416,4.3660179902692
198.891863268459,286.08655882468,3.7134803988034
562.881323426807,252.113743763005,3.63830475306618
170.386220377436,36.1628799745397,4.28467218431441
491.8254530111,345.290089567992,4.68208025944588
38.7333537841375,43.1182188293906,3.90154022543339
535.714461845677,133.448349502894,4.6479459681883
NA,NA,NA
662.412014008773,334.865497173975,3.36854155195889
458.121381312159,298.513350371401,3.74322341318207
9.99736598297706,492.56568927787,3.70448579076524
559.360896143771,50.6352771570109,4.30699308536719
72.2082155945454,370.546521090087,3.96882795105948
230.754546245709,414.253977504343,3.7762398183626
430.156288379042,11.6996632674048,3.29576138287631
362.54402455551,293.615140814869,2.97242960602914
604.769840183894,100.558440671165,4.45511949311855
391.607999873164,232.194596040548,4.31098557115238
568.820019919123,413.365192568681,4.69868447341
131.364943780007,275.989350312247,4.59447441529679
201.374670572186,371.358867698727,4.14752299383528
119.907325028898,410.479696947743,3.28068805225239
630.445991056479,307.416722929107,4.45955878678925
2.94508964257391,149.203383549704,4.23933109470369
547.432163303878,203.670045834228,4.20556244970654
34.2982029207013,489.349298777393,2.99749707905472
278.732731765458,25.4164277251335,3.80557068542355
536.203047878548,392.746560836974,3.35667543333466
72.8915026927498,74.578197770448,5.24991016464059
6.44760753795817,74.2665753790916,3.43551320020421
590.671984832708,228.039882575209,4.00201819562779
433.797819489416,464.180969368991,4.82091829547406
659.635700542238,376.159156789248,3.17138363778046
104.50002227646,485.239049012112,4.2902374041499
623.701257226757,93.9366505918366,4.07487878721956
422.136318690378,256.338084087136,3.60436933510163
12.8227058099034,179.741342303075,3.24504103890789
67.8465198092228,100.088467932517,4.23479805873279
621.51928982993,199.887833030981,4.43490836333712
253.33380040553,221.62614561369,3.77838006740056
583.939246433172,430.601697010537,3.79347470335182
298.943413415044,136.705134962479,3.85238658953156
524.164652475475,463.091909877053,3.96796348165833
43.3754314123114,424.867076386416,4.3660179902692
198.891863268459,286.08655882468,3.7134803988034
562.881323426807,252.113743763005,3.63830475306618
170.386220377436,36.1628799745397,4.28467218431441
491.8254530111,345.290089567992,4.68208025944588
38.7333537841375,43.1182188293906,3.90154022543339
535.714461845677,133.448349502894,4.6479459681883
NA,NA,NA
662.412014008773,334.865497173975,3.36854155195889
458.121381312159,298.513350371401,3.74322341318207
9.99736598297706,492.56568927787,3.70448579076524
559.360896143771,50.6352771570109,4.30699308536719
72.2082155945454,370.546521090087,3.96882795105948
230.754546245709,414.253977504343,3.7762398183626
430.156288379042,11.6996632674048,3.29576138287631
362.54402455551,293.615140814869,2.97242960602914
604.769840183894,100.558440671165,4.45511949311855
391.607999873164,232.194596040548,4.31098557115238
568.820019919123,413.365192568681,4.69868447341
131.364943780007,275.989350312247,4.59447441529679
201.374670572186,371.358867698727,4.14752299383528
119.907325028898,410.479696947743,3.28068805225239
630.445991056479,307.416722929107,4.45955878678925
2.94508964257391,149.203383549704,4.23933109470369
547.432163303878,203.670045834228,4.20556244970654
34.2982029207013,489.349298777393,2.99749707905472
278.732731765458,25.4164277251335,3.80557068542355
536.203047878548,392.746560836974,3.35667543333466
72.8915026927498,74.578197770448,5.24991016464059
6.44760753795817,74.2665753790916,3.43551320020421
590.671984832708,228.039882575209,4.00201819562779
433.797819489416,464.180969368991,4.82091829547406
659.635700542238,376.159156789248,3.17138363778046
104.50002227646,485.239049012112,4.2902374041499
623.701257226757,93.9366505918366,4.07487878721956
422.136318690378,256.338084087136,3.60436933510163
12.8227058099034,179.741342303075,3.24504103890789
67.8465198092228,100.088467932517,4.23479805873279
621.51928982993,199.887833030981,4.43490836333712
253.33380040553,221.62614561369,3.77838006740056
583.939246433172,430.601697010537,3.79347470335182
298.943413415044,136.705134962479,3.85238658953156
524.164652475475,463.091909877053,3.96796348165833
43.3754314123114,424.867076386416,4.3660179902692
198.891863268459,286.08655882468,3.7134803988034
562.881323426807,252.113743763005,3.63830475306618
170.386220377436,36.1628799745397,4.28467218431441
491.8254530111,345.290089567992,4.68208025944588
38.7333537841375,43.1182188293906,3.90154022543339
535.714461845677,133.448349502894,4.6479459681883
NA,NA,NA
662.412014008773,334.865497173975,3.36854155195889
458.121381312159,298.513350371401,3.74322341318207
9.99736598297706,492.56568927787,3.70448579076524
559.360896143771,50.6352771570109,4.30699308536719
72.2082155945454,370.546521090087,3.96882795105948
230.754546245709,414.253977504343,3.7762398183626
430.156288379042,11.6996632674048,3.29576138287631
362.54402455551,293.615140814869,2.97242960602914
604.769840183894,100.558440671165,4.45511949311855
391.607999873164,232.194596040548,4.31098557115238
568.820019919123,413.365192568681,4.69868447341
131.364943780007,275.989350312247,4.59447441529679
201.374670572186,371.358867698727,4.14752299383528
119.907325028898,410.479696947743,3.28068805225239
630.445991056479,307.416722929107,4.45955878678925
2.94508964257391,149.203383549704,4.23933109470369
547.432163303878,203.670045834228,4.20556244970654
34.2982029207013,489.349298777393,2.99749707905472
278.732731765458,25.4164277251335,3.80557068542355
536.203047878548,392.746560836974,3.35667543333466
72.8915026927498,74.578197770448,5.24991016464059
6.44760753795817,74.2665753790916,3.43551320020421
590.671984832708,228.039882575209,4.00201819562779
433.797819489416,464.180969368991,4.82091829547406
659.635700542238,376.159156789248,3.17138363778046
104.50002227646,485.239049012112,4.2902374041499
623.701257226757,93.9366505918366,4.07487878721956
422.136318690378,256.338084087136,3.60436933510163
12.8227058099034,179.741342303075,3.24504103890789
67.8465198092228,100.088467932517,4.23479805873279
621.51928982993,199.887833030981,4.43490836333712
253.33380040553,221.62614561369,3.77838006740056
583.939246433172,430.601697010537,3.79347470335182
298.943413415044,136.705134962479,3.85238658953156
524.164652475475,463.091909877053,3.96796348165833
43.3754314123114,424.867076386416,4.3660179902692
198.891863268459,286.08655882468,3.7134803988034
562.881323426807,252.113743763005,3.63830475306618
170.386220377436,36.1628799745397,4.28467218431441
491.8254530111,345.290089567992,4.68208025944588
38.7333537841375,43.1182188293906,3.90154022543339
535.714461845677,133.448349502894,4.6479459681883
NA,NA,NA
659.352209670036,337.3670936778,3.61389558570989
458.523442392484,295.79439646859,3.62265106118966
10.5941423857014,497.444050977283,3.55143370981815
565.409977098701,49.5269122709474,4.14161143362226
74.1084817867184,379.475497454993,3.97874023111058
226.134612100999,409.292964838648,3.94019114751281
428.397100742443,14.8207224313746,3.27747851771995
362.194081705,293.032763318758,2.97839028183898
609.551167558533,97.6121580003545,4.26657977317001
387.573186373171,224.485068299274,4.19282381787795
563.612969797812,410.637544239838,4.7283799726958
147.921238955087,282.240624120223,4.68081117161072
203.393939336741,368.255447323494,4.10649872638214
126.963451022141,411.61438430239,3.48291133119193
625.993071784027,316.245298063028,4.4711067895955
-3.43236711368422,149.519306943209,4.29637868969413
543.130733457648,202.154913604425,4.0016726526338
34.1342472394274,491.971017677408,3.01796953082858
278.5987630781,22.0483116588824,3.73911667892699
539.169271967021,390.237190372811,3.21355265558306
70.3459610489937,73.7909250563444,5.30615206951181
2.30379973196183,77.3786747485058,3.76554813784335
590.717637981948,224.499811795648,4.03164993980915
437.350243265971,455.599841468477,4.81651413919987
657.967489247857,372.651232695105,3.02227314325632
102.940333383357,488.737652814833,4.35624548950492
622.03395765446,90.8148506319543,4.05778594661482
421.99464044527,257.326399556727,3.60332556636738
10.9030174254796,181.547858851713,3.16785830912899
60.0883988040634,120.090819317231,4.28202627217615
605.399887781827,199.930845695272,4.15209548143906
250.385708406715,220.096821969476,3.95269010975042
569.441111512553,431.655260815466,3.96723746957342
300.528143875476,138.56969374722,3.80680203499849
529.940146264706,454.511662310682,3.487080568554
47.397199213143,410.255988592349,3.60816124827353
200.856390995244,292.323935719883,3.48638730643502
549.590749987722,261.822384739742,3.80480926759554
169.465192512378,18.4560207789516,4.16513698536784
503.881922995554,343.508240665545,4.56618497130986
37.3724235793121,56.1712735292978,3.78099003265017
517.598938157848,157.831912871517,4.69424140344014
NA,NA,NA
659.352209670036,337.3670936778,3.61389558570989
458.523442392484,295.79439646859,3.62265106118966
10.5941423857014,497.444050977283,3.55143370981815
565.409977098701,49.5269122709474,4.14161143362226
74.1084817867184,379.475497454993,3.97874023111058
226.134612100999,409.292964838648,3.94019114751281
428.397100742443,14.8207224313746,3.27747851771995
362.194081705,293.032763318758,2.97839028183898
609.551167558533,97.6121580003545,4.26657977317001
387.573186373171,224.485068299274,4.19282381787795
563.612969797812,410.637544239838,4.7283799726958
147.921238955087,282.240624120223,4.68081117161072
203.393939336741,368.255447323494,4.10649872638214
126.963451022141,411.61438430239,3.48291133119193
625.993071784027,316.245298063028,4.4711067895955
-3.43236711368422,149.519306943209,4.29637868969413
543.130733457648,202.154913604425,4.0016726526338
34.1342472394274,491.971017677408,3.01796953082858
278.5987630781,22.0483116588824,3.73911667892699
539.169271967021,390.237190372811,3.21355265558306
70.3459610489937,73.7909250563444,5.30615206951181
2.30379973196183,77.3786747485058,3.76554813784335
590.717637981948,224.499811795648,4.03164993980915
437.350243265971,455.599841468477,4.81651413919987
657.967489247857,372.651232695105,3.02227314325632
102.940333383357,488.737652814833,4.35624548950492
622.03395765446,90.8148506319543,4.05778594661482
421.99464044527,257.326399556727,3.60332556636738
10.9030174254796,181.547858851713,3.16785830912899
60.0883988040634,120.090819317231,4.28202627217615
605.399887781827,199.930845695272,4.15209548143906
250.385708406715,220.096821969476,3.95269010975042
569.441111512553,431.655260815466,3.96723746957342
300.528143875476,138.56969374722,3.80680203499849
529.940146264706,454.511662310682,3.487080568554
47.397199213143,410.255988592349,3.60816124827353
200.856390995244,292.323935719883,3.48638730643502
549.590749987722,261.822384739742,3.80480926759554
169.465192512378,18.4560207789516,4.16513698536784
503.881922995554,343.508240665545,4.56618497130986
37.3724235793121,56.1712735292978,3.78099003265017
517.598938157848,157.831912871517,4.69424140344014
NA,NA,NA
659.352209670036,337.3670936778,3.61389558570989
458.523442392484,295.79439646859,3.62265106118966
10.5941423857014,497.444050977283,3.55143370981815
565.409977098701,49.5269122709474,4.14161143362226
74.1084817867184,379.475497454993,3.97874023111058
226.134612100999,409.292964838648,3.94019114751281
428.397100742443,14.8207224313746,3.27747851771995
362.194081705,293.032763318758,2.97839028183898
609.551167558533,97.6121580003545,4.26657977317001
387.573186373171,224.485068299274,4.19282381787795
563.612969797812,410.637544239838,4.7283799726958
147.921238955087,282.240624120223,4.68081117161072
203.393939336741,368.255447323494,4.10649872638214
126.963451022141,411.61438430239,3.48291133119193
625.993071784027,316.245298063028,4.4711067895955
-3.43236711368422,149.519306943209,4.29637868969413
543.130733457648,202.154913604425,4.0016726526338
34.1342472394274,491.971017677408,3.01796953082858
278.5987630781,22.0483116588824,3.73911667892699
539.169271967021,390.237190372811,3.21355265558306
70.3459610489937,73.7909250563444,5.30615206951181
2.30379973196183,77.3786747485058,3.76554813784335
590.717637981948,224.499811795648,4.03164993980915
437.350243265971,455.599841468477,4.81651413919987
657.967489247857,372.651232695105,3.02227314325632
102.940333383357,488.737652814833,4.35624548950492
622.03395765446,90.8148506319543,4.05778594661482
421.99464044527,257.326399556727,3.60332556636738
10.9030174254796,181.547858851713,3.16785830912899
60.0883988040634,120.090819317231,4.28202627217615
605.399887781827,199.930845695272,4.15209548143906
250.385708406715,220.096821969476,3.95269010975042
569.441111512553,431.655260815466,3.96723746957342
300.528143875476,138.56969374722,3.80680203499849
529.940146264706,454.511662310682,3.487080568554
47.397199213143,410.255988592349,3.60816124827353
200.856390995244,292.323935719883,3.48638730643502
549.590749987722,261.822384739742,3.80480926759554
169.465192512378,18.4560207789516,4.16513698536784
503.881922995554,343.508240665545,4.56618497130986
37.3724235793121,56.1712735292978,3.78099003265017
517.598938157848,157.831912871517,4.69424140344014
NA,NA,NA
659.352209670036,337.3670936778,3.61389558570989
458.523442392484,295.79439646859,3.62265106118966
10.5941423857014,497.444050977283,3.55143370981815
565.409977098701,49.5269122709474,4.14161143362226
74.1084817867184,379.475497454993,3.97874023111058
226.134612100999,409.292964838648,3.94019114751281
428.397100742443,14.8207224313746,3.27747851771995
362.194081705,293.032763318758,2.97839028183898
609.551167558533,97.6121580003545,4.26657977317001
387.573186373171,224.485068299274,4.19282381787795
563.612969797812,410.637544239838,4.7283799726958
147.921238955087,282.240624120223,4.68081117161072
203.393939336741,368.255447323494,4.10649872638214
126.963451022141,411.61438430239,3.48291133119193
625.993071784027,316.245298063028,4.4711067895955
-3.43236711368422,149.519306943209,4.29637868969413
543.130733457648,202.154913604425,4.0016726526338
34.1342472394274,491.971017677408,3.01796953082858
278.5987630781,22.0483116588824,3.73911667892699
539.169271967021,390.237190372811,3.21355265558306
70.3459610489937,73.7909250563444,5.30615206951181
2.30379973196183,77.3786747485058,3.76554813784335
590.717637981948,224.499811795648,4.03164993980915
437.350243265971,455.599841468477,4.81651413919987
657.967489247857,372.651232695105,3.02227314325632
102.940333383357,488.737652814833,4.35624548950492
622.03395765446,90.8148506319543,4.05778594661482
421.99464044527,257.326399556727,3.60332556636738
10.9030174254796,181.547858851713,3.16785830912899
60.0883988040634,120.090819317231,4.28202627217615
605.399887781827,199.930845695272,4.15209548143906
250.385708406715,220.096821969476,3.95269010975042
569.441111512553,431.655260815466,3.96723746957342
300.528143875476,138.56969374722,3.80680203499849
529.940146264706,454.511662310682,3.487080568554
47.397199213143,410.255988592349,3.60816124827353
200.856390995244,292.323935719883,3.48638730643502
549.590749987722,261.822384739742,3.80480926759554
169.465192512378,18.4560207789516,4.16513698536784
503.881922995554,343.508240665545,4.56618497130986
37.3724235793121,56.1712735292978,3.78099003265017
517.598938157848,157.831912871517,4.69424140344014
NA,NA,NA
659.352209670036,337.3670936778,3.61389558570989
458.523442392484,295.79439646859,3.62265106118966
10.5941423857014,497.444050977283,3.55143370981815
565.409977098701,49.5269122709474,4.14161143362226
74.1084817867184,379.475497454993,3.97874023111058
226.134612100999,409.292964838648,3.94019114751281
428.397100742443,14.8207224313746,3.27747851771995
362.194081705,293.032763318758,2.97839028183898
609.551167558533,97.6121580003545,4.26657977317001
387.573186373171,224.485068299274,4.19282381787795
563.612969797812,410.637544239838,4.7283799726958
147.921238955087,282.240624120223,4.68081117161072
203.393939336741,368.255447323494,4.10649872638214
126.963451022141,411.61438430239,3.48291133119193
625.993071784027,316.245298063028,4.4711067895955
-3.43236711368422,149.519306943209,4.29637868969413
543.130733457648,202.154913604425,4.0016726526338
34.1342472394274,491.971017677408,3.01796953082858
278.5987630781,22.0483116588824,3.73911667892699
539.169271967021,390.237190372811,3.21355265558306
70.3459610489937,73.7909250563444,5.30615206951181
2.30379973196183,77.3786747485058,3.76554813784335
590.717637981948,224.499811795648,4.03164993980915
437.350243265971,455.599841468477,4.81651413919987
657.967489247857,372.651232695105,3.02227314325632
102.940333383357,488.737652814833,4.35624548950492
622.03395765446,90.8148506319543,4.05778594661482
421.99464044527,257.326399556727,3.60332556636738
10.9030174254796,181.547858851713,3.16785830912899
60.0883988040634,120.090819317231,4.28202627217615
605.399887781827,199.930845695272,4.15209548143906
250.385708406715,220.096821969476,3.95269010975042
569.441111512553,431.655260815466,3.96723746957342
300.528143875476,138.56969374722,3.80680203499849
529.940146264706,454.511662310682,3.487080568554
47.397199213143,410.255988592349,3.60816124827353
200.856390995244,292.323935719883,3.48638730643502
549.590749987722,261.822384739742,3.80480926759554
169.465192512378,18.4560207789516,4.16513698536784
503.881922995554,343.508240665545,4.56618497130986
37.3724235793121,56.1712735292978,3.78099003265017
517.598938157848,157.831912871517,4.69424140344014
NA,NA,NA
659.352209670036,337.3670936778,3.61389558570989
458.523442392484,295.79439646859,3.62265106118966
10.5941423857014,497.444050977283,3.55143370981815
565.409977098701,49.5269122709474,4.14161143362226
74.1084817867184,379.475497454993,3.97874023111058
226.134612100999,409.292964838648,3.94019114751281
428.397100742443,14.8207224313746,3.27747851771995
362.194081705,293.032763318758,2.97839028183898
609.551167558533,97.6121580003545,4.26657977317001
387.573186373171,224.485068299274,4.19282381787795
563.612969797812,410.637544239838,4.7283799726958
147.921238955087,282.240624120223,4.68081117161072
203.393939336741,368.255447323494,4.10649872638214
126.963451022141,411.61438430239,3.48291133119193
625.993071784027,316.245298063028,4.4711067895955
-3.43236711368422,149.519306943209,4.29637868969413
543.130733457648,202.154913604425,4.0016726526338
34.1342472394274,491.971017677408,3.01796953082858
278.5987630781,22.0483116588824,3.73911667892699
539.169271967021,390.237190372811,3.21355265558306
70.3459610489937,73.7909250563444,5.30615206951181
2.30379973196183,77.3786747485058,3.76554813784335
590.717637981948,224.499811795648,4.03164993980915
437.350243265971,455.599841468477,4.81651413919987
657.967489247857,372.651232695105,3.02227314325632
102.940333383357,488.737652814833,4.35624548950492
622.03395765446,90.8148506319543,4.05778594661482
421.99464044527,257.326399556727,3.60332556636738
10.9030174254796,181.547858851713,3.16785830912899
60.0883988040634,120.090819317231,4.28202627217615
605.399887781827,199.930845695272,4.15209548143906
250.385708406715,220.096821969476,3.95269010975042
569.441111512553,431.655260815466,3.96723746957342
300.528143875476,138.56969374722,3.80680203499849
529.940146264706,454.511662310682,3.487080568554
47.397199213143,410.255988592349,3.60816124827353
200.856390995244,292.323935719883,3.48638730643502
549.590749987722,261.822384739742,3.80480926759554
169.465192512378,18.4560207789516,4.16513698536784
503.881922995554,343.508240665545,4.56618497130986
37.3724235793121,56.1712735292978,3.78099003265017
517.598938157848,157.831912871517,4.69424140344014
NA,NA,NA
661.004863852572,333.001488896172,3.50504728538348
454.01788739767,299.674442980975,3.55686414274602
12.3428515164621,493.541206730905,3.61267162430469
555.865622636635,51.0721313464516,4.22692871293223
75.8291157906652,377.30010740147,4.1782106762835
229.908689176018,413.351535065409,3.94883685835763
431.669765043643,13.7752543816311,3.39076788448841
363.737372261922,294.20309362027,3.05418096296331
600.332281806205,106.969457386605,4.14174651611708
399.151378849931,224.805005414391,4.1363949070705
575.096759166892,403.273196974933,4.75116901410356
143.153387654983,278.649769473915,4.51379261358287
202.793932444168,370.067773951163,4.18711049497753
121.295292063376,410.379908357991,3.47827001902074
626.594494560796,312.583416531124,4.54609043072539
-1.47998557031004,149.174282254512,4.32621698741325
545.356351674776,205.812715936888,4.06684949312089
32.6757173312734,489.402350694183,2.91093018327716
279.813779296617,21.8778091829299,3.85854397905854
535.774769654749,388.359263486329,3.49547782238584
76.3660281829929,73.8273979544448,5.18508026053959
5.56682256895199,77.5991561126599,3.47341324001422
590.13963189733,227.542502006682,4.01138863628146
444.385638594413,454.99651918987,4.81920898111464
659.169864449418,375.405408642293,2.93756887547849
99.863269971641,483.645763418554,4.42565378111865
621.580962444282,89.1561386361348,4.07599490343437
420.801892141237,258.261699275268,3.65599030031224
9.59016229996321,183.950683277184,3.29598899720241
58.6939963066385,122.776905523664,4.4601613009562
604.839181192157,197.464386661322,4.55398290608826
255.167051412104,216.303864551327,3.77889240377242
575.823657719525,440.433544937812,3.78231741528535
307.26815759445,139.76551268987,3.82287456502807
526.693341607909,460.459190446474,3.451946136608
42.8525415740413,423.564988640498,3.96602455709846
197.257811746936,289.164834505169,3.9460952291894
549.155720815922,261.833849624147,3.71102188678767
177.434306796433,42.5176308067154,4.30083566971046
502.447953155726,344.600806751947,4.22336943112265
37.5626440334796,49.0946643708477,3.79421610296337
512.873511257357,143.201803369407,4.77416059040458
NA,NA,NA
661.004863852572,333.001488896172,3.50504728538348
454.01788739767,299.674442980975,3.55686414274602
12.3428515164621,493.541206730905,3.61267162430469
555.865622636635,51.0721313464516,4.22692871293223
75.8291157906652,377.30010740147,4.1782106762835
229.908689176018,413.351535065409,3.94883685835763
431.669765043643,13.7752543816311,3.39076788448841
363.737372261922,294.20309362027,3.05418096296331
600.332281806205,106.969457386605,4.14174651611708
399.151378849931,224.805005414391,4.1363949070705
575.096759166892,403.273196974933,4.75116901410356
143.153387654983,278.649769473915,4.51379261358287
202.793932444168,370.067773951163,4.18711049497753
121.295292063376,410.379908357991,3.47827001902074
626.594494560796,312.583416531124,4.54609043072539
-1.47998557031004,149.174282254512,4.32621698741325
545.356351674776,205.812715936888,4.06684949312089
32.6757173312734,489.402350694183,2.91093018327716
279.813779296617,21.8778091829299,3.85854397905854
535.774769654749,388.359263486329,3.49547782238584
76.3660281829929,73.8273979544448,5.18508026053959
5.56682256895199,77.5991561126599,3.47341324001422
590.13963189733,227.542502006682,4.01138863628146
444.385638594413,454.99651918987,4.81920898111464
659.169864449418,375.405408642293,2.93756887547849
99.863269971641,483.645763418554,4.42565378111865
621.580962444282,89.1561386361348,4.07599490343437
420.801892141237,258.261699275268,3.65599030031224
9.59016229996321,183.950683277184,3.29598899720241
58.6939963066385,122.776905523664,4.4601613009562
604.839181192157,197.464386661322,4.55398290608826
255.167051412104,216.303864551327,3.77889240377242
575.823657719525,440.433544937812,3.78231741528535
307.26815759445,139.76551268987,3.82287456502807
526.693341607909,460.459190446474,3.451946136608
42.8525415740413,423.564988640498,3.96602455709846
197.257811746936,289.164834505169,3.9460952291894
549.155720815922,261.833849624147,3.71102188678767
177.434306796433,42.5176308067154,4.30083566971046
502.447953155726,344.600806751947,4.22336943112265
37.5626440334796,49.0946643708477,3.79421610296337
512.873511257357,143.201803369407,4.77416059040458
NA,NA,NA
661.004863852572,333.001488896172,3.50504728538348
454.01788739767,299.674442980975,3.55686414274602
12.3428515164621,493.541206730905,3.61267162430469
555.865622636635,51.0721313464516,4.22692871293223
75.8291157906652,377.30010740147,4.1782106762835
229.908689176018,413.351535065409,3.94883685835763
431.669765043643,13.7752543816311,3.39076788448841
363.737372261922,294.20309362027,3.05418096296331
600.332281806205,106.969457386605,4.14174651611708
399.151378849931,224.805005414391,4.1363949070705
575.096759166892,403.273196974933,4.75116901410356
143.153387654983,278.649769473915,4.51379261358287
202.793932444168,370.067773951163,4.18711049497753
121.295292063376,410.379908357991,3.47827001902074
626.594494560796,312.583416531124,4.54609043072539
-1.47998557031004,149.174282254512,4.32621698741325
545.356351674776,205.812715936888,4.06684949312089
32.6757173312734,489.402350694183,2.91093018327716
279.813779296617,21.8778091829299,3.85854397905854
535.774769654749,388.359263486329,3.49547782238584
76.3660281829929,73.8273979544448,5.18508026053959
5.56682256895199,77.5991561126599,3.47341324001422
590.13963189733,227.542502006682,4.01138863628146
444.385638594413,454.99651918987,4.81920898111464
659.169864449418,375.405408642293,2.93756887547849
99.863269971641,483.645763418554,4.42565378111865
621.580962444282,89.1561386361348,4.07599490343437
420.801892141237,258.261699275268,3.65599030031224
9.59016229996321,183.950683277184,3.29598899720241
58.6939963066385,122.776905523664,4.4601613009562
604.839181192157,197.464386661322,4.55398290608826
255.167051412104,216.303864551327,3.77889240377242
575.823657719525,440.433544937812,3.78231741528535
307.26815759445,139.76551268987,3.82287456502807
526.693341607909,460.459190446474,3.451946136608
42.8525415740413,423.564988640498,3.96602455709846
197.257811746936,289.164834505169,3.9460952291894
549.155720815922,261.833849624147,3.71102188678767
177.434306796433,42.5176308067154,4.30083566971046
502.447953155726,344.600806751947,4.22336943112265
37.5626440334796,49.0946643708477,3.79421610296337
512.873511257357,143.201803369407,4.77416059040458
NA,NA,NA
661.004863852572,333.001488896172,3.50504728538348
454.01788739767,299.674442980975,3.55686414274602
12.3428515164621,493.541206730905,3.61267162430469
555.865622636635,51.0721313464516,4.22692871293223
75.8291157906652,377.30010740147,4.1782106762835
229.908689176018,413.351535065409,3.94883685835763
431.669765043643,13.7752543816311,3.39076788448841
363.737372261922,294.20309362027,3.05418096296331
600.332281806205,106.969457386605,4.14174651611708
399.151378849931,224.805005414391,4.1363949070705
575.096759166892,403.273196974933,4.75116901410356
143.153387654983,278.649769473915,4.51379261358287
202.793932444168,370.067773951163,4.18711049497753
121.295292063376,410.379908357991,3.47827001902074
626.594494560796,312.583416531124,4.54609043072539
-1.47998557031004,149.174282254512,4.32621698741325
545.356351674776,205.812715936888,4.06684949312089
32.6757173312734,489.402350694183,2.91093018327716
279.813779296617,21.8778091829299,3.85854397905854
535.774769654749,388.359263486329,3.49547782238584
76.3660281829929,73.8273979544448,5.18508026053959
5.56682256895199,77.5991561126599,3.47341324001422
590.13963189733,227.542502006682,4.01138863628146
444.385638594413,454.99651918987,4.81920898111464
659.169864449418,375.405408642293,2.93756887547849
99.863269971641,483.645763418554,4.42565378111865
621.580962444282,89.1561386361348,4.07599490343437
420.801892141237,258.261699275268,3.65599030031224
9.59016229996321,183.950683277184,3.29598899720241
58.6939963066385,122.776905523664,4.4601613009562
604.839181192157,197.464386661322,4.55398290608826
255.167051412104,216.303864551327,3.77889240377242
575.823657719525,440.433544937812,3.78231741528535
307.26815759445,139.76551268987,3.82287456502807
526.693341607909,460.459190446474,3.451946136608
42.8525415740413,423.564988640498,3.96602455709846
197.257811746936,289.164834505169,3.9460952291894
549.155720815922,261.833849624147,3.71102188678767
177.434306796433,42.5176308067154,4.30083566971046
502.447953155726,344.600806751947,4.22336943112265
37.5626440334796,49.0946643708477,3.79421610296337
512.873511257357,143.201803369407,4.77416059040458
NA,NA,NA
661.004863852572,333.001488896172,3.50504728538348
454.01788739767,299.674442980975,3.55686414274602
12.3428515164621,493.541206730905,3.61267162430469
555.865622636635,51.0721313464516,4.22692871293223
75.8291157906652,377.30010740147,4.1782106762835
229.908689176018,413.351535065409,3.94883685835763
431.669765043643,13.7752543816311,3.39076788448841
363.737372261922,294.20309362027,3.05418096296331
600.332281806205,106.969457386605,4.14174651611708
399.151378849931,224.805005414391,4.1363949070705
575.096759166892,403.273196974933,4.75116901410356
143.153387654983,278.649769473915,4.51379261358287
202.793932444168,370.067773951163,4.18711049497753
121.295292063376,410.379908357991,3.47827001902074
626.594494560796,312.583416531124,4.54609043072539
-1.47998557031004,149.174282254512,4.32621698741325
545.356351674776,205.812715936888,4.06684949312089
32.6757173312734,489.402350694183,2.91093018327716
279.813779296617,21.8778091829299,3.85854397905854
535.774769654749,388.359263486329,3.49547782238584
76.3660281829929,73.8273979544448,5.18508026053959
5.56682256895199,77.5991561126599,3.47341324001422
590.13963189733,227.542502006682,4.01138863628146
444.385638594413,454.99651918987,4.81920898111464
659.169864449418,375.405408642293,2.93756887547849
99.863269971641,483.645763418554,4.42565378111865
621.580962444282,89.1561386361348,4.07599490343437
420.801892141237,258.261699275268,3.65599030031224
9.59016229996321,183.950683277184,3.29598899720241
58.6939963066385,122.776905523664,4.4601613009562
604.839181192157,197.464386661322,4.55398290608826
255.167051412104,216.303864551327,3.77889240377242
575.823657719525,440.433544937812,3.78231741528535
307.26815759445,139.76551268987,3.82287456502807
526.693341607909,460.459190446474,3.451946136608
42.8525415740413,423.564988640498,3.96602455709846
197.257811746936,289.164834505169,3.9460952291894
549.155720815922,261.833849624147,3.71102188678767
177.434306796433,42.5176308067154,4.30083566971046
502.447953155726,344.600806751947,4.22336943112265
37.5626440334796,49.0946643708477,3.79421610296337
512.873511257357,143.201803369407,4.77416059040458
NA,NA,NA
661.004863852572,333.001488896172,3.50504728538348
454.01788739767,299.674442980975,3.55686414274602
12.3428515164621,493.541206730905,3.61267162430469
555.865622636635,51.0721313464516,4.22692871293223
75.8291157906652,377.30010740147,4.1782106762835
229.908689176018,413.351535065409,3.94883685835763
431.669765043643,13.7752543816311,3.39076788448841
363.737372261922,294.20309362027,3.05418096296331
600.332281806205,106.969457386605,4.14174651611708
399.151378849931,224.805005414391,4.1363949070705
575.096759166892,403.273196974933,4.75116901410356
143.153387654983,278.649769473915,4.51379261358287
202.793932444168,370.067773951163,4.18711049497753
121.295292063376,410.379908357991,3.47827001902074
626.594494560796,312.583416531124,4.54609043072539
-1.47998557031004,149.174282254512,4.32621698741325
545.356351674776,205.812715936888,4.06684949312089
32.6757173312734,489.402350694183,2.91093018327716
279.813779296617,21.8778091829299,3.85854397905854
535.774769654749,388.359263486329,3.49547782238584
76.3660281829929,73.8273979544448,5.18508026053959
5.56682256895199,77.5991561126599,3.47341324001422
590.13963189733,227.542502006682,4.01138863628146
444.385638594413,454.99651918987,4.81920898111464
659.169864449418,375.405408642293,2.93756887547849
99.863269971641,483.645763418554,4.42565378111865
621.580962444282,89.1561386361348,4.07599490343437
420.801892141237,258.261699275268,3.65599030031224
9.59016229996321,183.950683277184,3.29598899720241
58.6939963066385,122.776905523664,4.4601613009562
604.839181192157,197.464386661322,4.55398290608826
255.167051412104,216.303864551327,3.77889240377242
575.823657719525,440.433544937812,3.78231741528535
307.26815759445,139.76551268987,3.82287456502807
526.693341607909,460.459190446474,3.451946136608
42.8525415740413,423.564988640498,3.96602455709846
197.257811746936,289.164834505169,3.9460952291894
549.155720815922,261.833849624147,3.71102188678767
177.434306796433,42.5176308067154,4.30083566971046
502.447953155726,344.600806751947,4.22336943112265
37.5626440334796,49.0946643708477,3.79421610296337
512.873511257357,143.201803369407,4.77416059040458
NA,NA,NA
660.156196207609,332.557205922724,3.53157873384673
456.439340231721,300.969216736631,3.61356851407097
11.2284966899094,491.472306159323,3.70020990449952
563.960967764324,46.4974915969917,4.30626628675373
70.9405369980825,376.485079919461,4.01794543169314
232.313719692373,417.487579331769,3.87276538973976
427.116800377213,11.7607741722453,3.43938814560022
360.647735736358,292.254164523992,2.99476397566785
606.892594523049,102.599973132479,4.2153970650551
389.504387944602,229.024748122908,4.2903336489353
563.113442980083,411.32202432814,4.77807246716822
140.67988910301,290.762612792934,4.50042642152122
195.232915854621,371.008765825333,4.06928354504714
122.301150838957,411.159544812091,3.45911349344006
627.260066179222,314.399091255837,4.53590537405594
-0.0226315991191355,147.39797946131,4.23544388081785
539.569388491012,209.459855006679,4.27950787992175
35.6485168232953,492.544819227025,3.0417686332244
288.046126678222,19.0669033174023,3.89320991665461
534.58396795976,391.830968027358,3.47841994014182
73.0879657196617,79.6198751322724,5.18259819407306
4.91071653951582,77.9013972910875,3.49377409449263
590.247637081208,226.199821946099,4.027997339429
433.194319050922,467.778397450826,4.87334655348136
658.398676356621,373.803103705097,2.91649662894458
104.535552305359,487.269799635024,4.38945263938355
622.555178301133,87.6088198452707,4.06881280822645
419.638850352224,257.241914177776,3.61667932196298
12.3439796262609,183.158243700445,3.25806111571993
63.5163972732063,113.199096989288,4.5838814111012
615.588947155739,205.109854174076,4.30715217347877
255.21387481208,221.843706116666,4.00625208195905
571.897919399159,435.485422110178,3.6903093304344
301.1965369481,134.531231647659,3.72843728700686
525.806264341988,453.748234682847,3.64095672752688
40.8449048607196,418.167215054385,3.82490013611006
192.342510951889,304.120635289792,3.78806556585835
552.176845596604,266.162033078194,3.58344774176113
182.508225672273,23.5174936585315,4.23737195335739
508.136211841141,348.570983943704,4.72827092445503
28.8325865042086,47.5493307629276,3.59390991563841
527.485409874325,145.596229088246,4.7016645184794
NA,NA,NA
660.156196207609,332.557205922724,3.53157873384673
456.439340231721,300.969216736631,3.61356851407097
11.2284966899094,491.472306159323,3.70020990449952
563.960967764324,46.4974915969917,4.30626628675373
70.9405369980825,376.485079919461,4.01794543169314
232.313719692373,417.487579331769,3.87276538973976
427.116800377213,11.7607741722453,3.43938814560022
360.647735736358,292.254164523992,2.99476397566785
606.892594523049,102.599973132479,4.2153970650551
389.504387944602,229.024748122908,4.2903336489353
563.113442980083,411.32202432814,4.77807246716822
140.67988910301,290.762612792934,4.50042642152122
195.232915854621,371.008765825333,4.06928354504714
122.301150838957,411.159544812091,3.45911349344006
627.260066179222,314.399091255837,4.53590537405594
-0.0226315991191355,147.39797946131,4.23544388081785
539.569388491012,209.459855006679,4.27950787992175
35.6485168232953,492.544819227025,3.0417686332244
288.046126678222,19.0669033174023,3.89320991665461
534.58396795976,391.830968027358,3.47841994014182
73.0879657196617,79.6198751322724,5.18259819407306
4.91071653951582,77.9013972910875,3.49377409449263
590.247637081208,226.199821946099,4.027997339429
433.194319050922,467.778397450826,4.87334655348136
658.398676356621,373.803103705097,2.91649662894458
104.535552305359,487.269799635024,4.38945263938355
622.555178301133,87.6088198452707,4.06881280822645
419.638850352224,257.241914177776,3.61667932196298
12.3439796262609,183.158243700445,3.25806111571993
63.5163972732063,113.199096989288,4.5838814111012
615.588947155739,205.109854174076,4.30715217347877
255.21387481208,221.843706116666,4.00625208195905
571.897919399159,435.485422110178,3.6903093304344
301.1965369481,134.531231647659,3.72843728700686
525.806264341988,453.748234682847,3.64095672752688
40.8449048607196,418.167215054385,3.82490013611006
192.342510951889,304.120635289792,3.78806556585835
552.176845596604,266.162033078194,3.58344774176113
182.508225672273,23.5174936585315,4.23737195335739
508.136211841141,348.570983943704,4.72827092445503
28.8325865042086,47.5493307629276,3.59390991563841
527.485409874325,145.596229088246,4.7016645184794
NA,NA,NA
660.156196207609,332.557205922724,3.53157873384673
456.439340231721,300.969216736631,3.61356851407097
11.2284966899094,491.472306159323,3.70020990449952
563.960967764324,46.4974915969917,4.30626628675373
70.9405369980825,376.485079919461,4.01794543169314
232.313719692373,417.487579331769,3.87276538973976
427.116800377213,11.7607741722453,3.43938814560022
360.647735736358,292.254164523992,2.99476397566785
606.892594523049,102.599973132479,4.2153970650551
389.504387944602,229.024748122908,4.2903336489353
563.113442980083,411.32202432814,4.77807246716822
140.67988910301,290.762612792934,4.50042642152122
195.232915854621,371.008765825333,4.06928354504714
122.301150838957,411.159544812091,3.45911349344006
627.260066179222,314.399091255837,4.53590537405594
-0.0226315991191355,147.39797946131,4.23544388081785
539.569388491012,209.459855006679,4.27950787992175
35.6485168232953,492.544819227025,3.0417686332244
288.046126678222,19.0669033174023,3.89320991665461
534.58396795976,391.830968027358,3.47841994014182
73.0879657196617,79.6198751322724,5.18259819407306
4.91071653951582,77.9013972910875,3.49377409449263
590.247637081208,226.199821946099,4.027997339429
433.194319050922,467.778397450826,4.87334655348136
658.398676356621,373.803103705097,2.91649662894458
104.535552305359,487.269799635024,4.38945263938355
622.555178301133,87.6088198452707,4.06881280822645
419.638850352224,257.241914177776,3.61667932196298
12.3439796262609,183.158243700445,3.25806111571993
63.5163972732063,113.199096989288,4.5838814111012
615.588947155739,205.109854174076,4.30715217347877
255.21387481208,221.843706116666,4.00625208195905
571.897919399159,435.485422110178,3.6903093304344
301.1965369481,134.531231647659,3.72843728700686
525.806264341988,453.748234682847,3.64095672752688
40.8449048607196,418.167215054385,3.82490013611006
192.342510951889,304.120635289792,3.78806556585835
552.176845596604,266.162033078194,3.58344774176113
182.508225672273,23.5174936585315,4.23737195335739
508.136211841141,348.570983943704,4.72827092445503
28.8325865042086,47.5493307629276,3.59390991563841
527.485409874325,145.596229088246,4.7016645184794
NA,NA,NA
660.156196207609,332.557205922724,3.53157873384673
456.439340231721,300.969216736631,3.61356851407097
11.2284966899094,491.472306159323,3.70020990449952
563.960967764324,46.4974915969917,4.30626628675373
70.9405369980825,376.485079919461,4.01794543169314
232.313719692373,417.487579331769,3.87276538973976
427.116800377213,11.7607741722453,3.43938814560022
360.647735736358,292.254164523992,2.99476397566785
606.892594523049,102.599973132479,4.2153970650551
389.504387944602,229.024748122908,4.2903336489353
563.113442980083,411.32202432814,4.77807246716822
140.67988910301,290.762612792934,4.50042642152122
195.232915854621,371.008765825333,4.06928354504714
122.301150838957,411.159544812091,3.45911349344006
627.260066179222,314.399091255837,4.53590537405594
-0.0226315991191355,147.39797946131,4.23544388081785
539.569388491012,209.459855006679,4.27950787992175
35.6485168232953,492.544819227025,3.0417686332244
288.046126678222,19.0669033174023,3.89320991665461
534.58396795976,391.830968027358,3.47841994014182
73.0879657196617,79.6198751322724,5.18259819407306
4.91071653951582,77.9013972910875,3.49377409449263
590.247637081208,226.199821946099,4.027997339429
433.194319050922,467.778397450826,4.87334655348136
658.398676356621,373.803103705097,2.91649662894458
104.535552305359,487.269799635024,4.38945263938355
622.555178301133,87.6088198452707,4.06881280822645
419.638850352224,257.241914177776,3.61667932196298
12.3439796262609,183.158243700445,3.25806111571993
63.5163972732063,113.199096989288,4.5838814111012
615.588947155739,205.109854174076,4.30715217347877
255.21387481208,221.843706116666,4.00625208195905
571.897919399159,435.485422110178,3.6903093304344
301.1965369481,134.531231647659,3.72843728700686
525.806264341988,453.748234682847,3.64095672752688
40.8449048607196,418.167215054385,3.82490013611006
192.342510951889,304.120635289792,3.78806556585835
552.176845596604,266.162033078194,3.58344774176113
182.508225672273,23.5174936585315,4.23737195335739
508.136211841141,348.570983943704,4.72827092445503
28.8325865042086,47.5493307629276,3.59390991563841
527.485409874325,145.596229088246,4.7016645184794
NA,NA,NA
660.156196207609,332.557205922724,3.53157873384673
456.439340231721,300.969216736631,3.61356851407097
11.2284966899094,491.472306159323,3.70020990449952
563.960967764324,46.4974915969917,4.30626628675373
70.9405369980825,376.485079919461,4.01794543169314
232.313719692373,417.487579331769,3.87276538973976
427.116800377213,11.7607741722453,3.43938814560022
360.647735736358,292.254164523992,2.99476397566785
606.892594523049,102.599973132479,4.2153970650551
389.504387944602,229.024748122908,4.2903336489353
563.113442980083,411.32202432814,4.77807246716822
140.67988910301,290.762612792934,4.50042642152122
195.232915854621,371.008765825333,4.06928354504714
122.301150838957,411.159544812091,3.45911349344006
627.260066179222,314.399091255837,4.53590537405594
-0.0226315991191355,147.39797946131,4.23544388081785
539.569388491012,209.459855006679,4.27950787992175
35.6485168232953,492.544819227025,3.0417686332244
288.046126678222,19.0669033174023,3.89320991665461
534.58396795976,391.830968027358,3.47841994014182
73.0879657196617,79.6198751322724,5.18259819407306
4.91071653951582,77.9013972910875,3.49377409449263
590.247637081208,226.199821946099,4.027997339429
433.194319050922,467.778397450826,4.87334655348136
658.398676356621,373.803103705097,2.91649662894458
104.535552305359,487.269799635024,4.38945263938355
622.555178301133,87.6088198452707,4.06881280822645
419.638850352224,257.241914177776,3.61667932196298
12.3439796262609,183.158243700445,3.25806111571993
63.5163972732063,113.199096989288,4.5838814111012
615.588947155739,205.109854174076,4.30715217347877
255.21387481208,221.843706116666,4.00625208195905
571.897919399159,435.485422110178,3.6903093304344
301.1965369481,134.531231647659,3.72843728700686
525.806264341988,453.748234682847,3.64095672752688
40.8449048607196,418.167215054385,3.82490013611006
192.342510951889,304.120635289792,3.78806556585835
552.176845596604,266.162033078194,3.58344774176113
182.508225672273,23.5174936585315,4.23737195335739
508.136211841141,348.570983943704,4.72827092445503
28.8325865042086,47.5493307629276,3.59390991563841
527.485409874325,145.596229088246,4.7016645184794
NA,NA,NA
660.156196207609,332.557205922724,3.53157873384673
456.439340231721,300.969216736631,3.61356851407097
11.2284966899094,491.472306159323,3.70020990449952
563.960967764324,46.4974915969917,4.30626628675373
70.9405369980825,376.485079919461,4.01794543169314
232.313719692373,417.487579331769,3.87276538973976
427.116800377213,11.7607741722453,3.43938814560022
360.647735736358,292.254164523992,2.99476397566785
606.892594523049,102.599973132479,4.2153970650551
389.504387944602,229.024748122908,4.2903336489353
563.113442980083,411.32202432814,4.77807246716822
140.67988910301,290.762612792934,4.50042642152122
195.232915854621,371.008765825333,4.06928354504714
122.301150838957,411.159544812091,3.45911349344006
627.260066179222,314.399091255837,4.53590537405594
-0.0226315991191355,147.39797946131,4.23544388081785
539.569388491012,209.459855006679,4.27950787992175
35.6485168232953,492.544819227025,3.0417686332244
288.046126678222,19.0669033174023,3.89320991665461
534.58396795976,391.830968027358,3.47841994014182
73.0879657196617,79.6198751322724,5.18259819407306
4.91071653951582,77.9013972910875,3.49377409449263
590.247637081208,226.199821946099,4.027997339429
433.194319050922,467.778397450826,4.87334655348136
658.398676356621,373.803103705097,2.91649662894458
104.535552305359,487.269799635024,4.38945263938355
622.555178301133,87.6088198452707,4.06881280822645
419.638850352224,257.241914177776,3.61667932196298
12.3439796262609,183.158243700445,3.25806111571993
63.5163972732063,113.199096989288,4.5838814111012
615.588947155739,205.109854174076,4.30715217347877
255.21387481208,221.843706116666,4.00625208195905
571.897919399159,435.485422110178,3.6903093304344
301.1965369481,134.531231647659,3.72843728700686
525.806264341988,453.748234682847,3.64095672752688
40.8449048607196,418.167215054385,3.82490013611006
192.342510951889,304.120635289792,3.78806556585835
552.176845596604,266.162033078194,3.58344774176113
182.508225672273,23.5174936585315,4.23737195335739
508.136211841141,348.570983943704,4.72827092445503
28.8325865042086,47.5493307629276,3.59390991563841
527.485409874325,145.596229088246,4.7016645184794
NA,NA,NA
659.95525612806,336.559597101117,3.4927453806128
456.787503846598,295.619963381478,3.58704892153593
10.9213562486063,497.120168396062,3.71218045073688
560.472644496754,47.9940748187044,4.34599343849675
71.5336166037842,374.212669304763,3.89149467620186
230.33003437074,413.386735153503,3.80178433135488
429.638989964799,12.7035671207436,3.42654379159035
362.87312262418,293.053421946468,3.10104246515444
607.413444182661,105.087932965135,4.19423263113501
390.857946335836,224.24181264388,4.20588729678274
574.346140684434,410.489236119193,4.72062406804222
144.801360591885,285.786149671775,4.48968434958349
199.684800891197,365.438159579421,3.98188784269736
119.392817292466,412.271312051033,3.27493103324107
626.440628812382,311.099849119788,4.48875293916744
-2.95708149499287,150.415224512657,4.11886585272968
542.560725095908,202.994707222849,4.34900025356376
33.8928226089788,492.809411146321,3.01695310545979
279.313772591931,23.3561694778651,3.78912075131575
534.419369495162,392.921964196767,3.61348986882568
77.0678008599265,73.6295728885394,5.25419846159466
2.72331207303269,72.8334427569169,3.38831963104945
588.715290689911,226.28651791614,3.96746930649375
439.552817248409,457.524221831276,4.89595152714782
659.181665378478,373.091775591427,3.21348713992442
99.8846458970233,492.939246539386,4.38711013205549
622.443201686851,91.3598934674234,4.10142336486822
419.327452840257,256.918211553424,3.62729108047052
11.4845304503439,181.178973473219,3.32162107983175
71.7713813528728,115.681559566585,4.67356942675193
609.692435054518,192.3878068202,4.04688073789685
252.50628464247,220.669872904995,3.50772043159553
570.948758034059,433.063830509275,3.77392757662615
302.785916225816,131.145629731437,3.89215846102431
532.183038955665,454.993027354685,3.33121472189805
43.2654332144999,417.628990294973,4.15665445051129
191.481212118046,290.816324414194,4.0284069808602
543.767449131782,259.107795985012,3.37629471787522
170.786167574003,31.0337276802121,4.27748310897574
501.662105315877,335.991371755329,4.60649628861526
33.6592194828733,36.2963448776611,3.83865510824966
527.749321453736,142.55304790292,4.45868054950222
NA,NA,NA
659.95525612806,336.559597101117,3.4927453806128
456.787503846598,295.619963381478,3.58704892153593
10.9213562486063,497.120168396062,3.71218045073688
560.472644496754,47.9940748187044,4.34599343849675
71.5336166037842,374.212669304763,3.89149467620186
230.33003437074,413.386735153503,3.80178433135488
429.638989964799,12.7035671207436,3.42654379159035
362.87312262418,293.053421946468,3.10104246515444
607.413444182661,105.087932965135,4.19423263113501
390.857946335836,224.24181264388,4.20588729678274
574.346140684434,410.489236119193,4.72062406804222
144.801360591885,285.786149671775,4.48968434958349
199.684800891197,365.438159579421,3.98188784269736
119.392817292466,412.271312051033,3.27493103324107
626.440628812382,311.099849119788,4.48875293916744
-2.95708149499287,150.415224512657,4.11886585272968
542.560725095908,202.994707222849,4.34900025356376
33.8928226089788,492.809411146321,3.01695310545979
279.313772591931,23.3561694778651,3.78912075131575
534.419369495162,392.921964196767,3.61348986882568
77.0678008599265,73.6295728885394,5.25419846159466
2.72331207303269,72.8334427569169,3.38831963104945
588.715290689911,226.28651791614,3.96746930649375
439.552817248409,457.524221831276,4.89595152714782
659.181665378478,373.091775591427,3.21348713992442
99.8846458970233,492.939246539386,4.38711013205549
622.443201686851,91.3598934674234,4.10142336486822
419.327452840257,256.918211553424,3.62729108047052
11.4845304503439,181.178973473219,3.32162107983175
71.7713813528728,115.681559566585,4.67356942675193
609.692435054518,192.3878068202,4.04688073789685
252.50628464247,220.669872904995,3.50772043159553
570.948758034059,433.063830509275,3.77392757662615
302.785916225816,131.145629731437,3.89215846102431
532.183038955665,454.993027354685,3.33121472189805
43.2654332144999,417.628990294973,4.15665445051129
191.481212118046,290.816324414194,4.0284069808602
543.767449131782,259.107795985012,3.37629471787522
170.786167574003,31.0337276802121,4.27748310897574
501.662105315877,335.991371755329,4.60649628861526
33.6592194828733,36.2963448776611,3.83865510824966
527.749321453736,142.55304790292,4.45868054950222
NA,NA,NA
659.95525612806,336.559597101117,3.4927453806128
456.787503846598,295.619963381478,3.58704892153593
10.9213562486063,497.120168396062,3.71218045073688
560.472644496754,47.9940748187044,4.34599343849675
71.5336166037842,374.212669304763,3.89149467620186
230.33003437074,413.386735153503,3.80178433135488
429.638989964799,12.7035671207436,3.42654379159035
362.87312262418,293.053421946468,3.10104246515444
607.413444182661,105.087932965135,4.19423263113501
390.857946335836,224.24181264388,4.20588729678274
574.346140684434,410.489236119193,4.72062406804222
144.801360591885,285.786149671775,4.48968434958349
199.684800891197,365.438159579421,3.98188784269736
119.392817292466,412.271312051033,3.27493103324107
626.440628812382,311.099849119788,4.48875293916744
-2.95708149499287,150.415224512657,4.11886585272968
542.560725095908,202.994707222849,4.34900025356376
33.8928226089788,492.809411146321,3.01695310545979
279.313772591931,23.3561694778651,3.78912075131575
534.419369495162,392.921964196767,3.61348986882568
77.0678008599265,73.6295728885394,5.25419846159466
2.72331207303269,72.8334427569169,3.38831963104945
588.715290689911,226.28651791614,3.96746930649375
439.552817248409,457.524221831276,4.89595152714782
659.181665378478,373.091775591427,3.21348713992442
99.8846458970233,492.939246539386,4.38711013205549
622.443201686851,91.3598934674234,4.10142336486822
419.327452840257,256.918211553424,3.62729108047052
11.4845304503439,181.178973473219,3.32162107983175
71.7713813528728,115.681559566585,4.67356942675193
609.692435054518,192.3878068202,4.04688073789685
252.50628464247,220.669872904995,3.50772043159553
570.948758034059,433.063830509275,3.77392757662615
302.785916225816,131.145629731437,3.89215846102431
532.183038955665,454.993027354685,3.33121472189805
43.2654332144999,417.628990294973,4.15665445051129
191.481212118046,290.816324414194,4.0284069808602
543.767449131782,259.107795985012,3.37629471787522
170.786167574003,31.0337276802121,4.27748310897574
501.662105315877,335.991371755329,4.60649628861526
33.6592194828733,36.2963448776611,3.83865510824966
527.749321453736,142.55304790292,4.45868054950222
NA,NA,NA
659.95525612806,336.559597101117,3.4927453806128
456.787503846598,295.619963381478,3.58704892153593
10.9213562486063,497.120168396062,3.71218045073688
560.472644496754,47.9940748187044,4.34599343849675
71.5336166037842,374.212669304763,3.89149467620186
230.33003437074,413.386735153503,3.80178433135488
429.638989964799,12.7035671207436,3.42654379159035
362.87312262418,293.053421946468,3.10104246515444
607.413444182661,105.087932965135,4.19423263113501
390.857946335836,224.24181264388,4.20588729678274
574.346140684434,410.489236119193,4.72062406804222
144.801360591885,285.786149671775,4.48968434958349
199.684800891197,365.438159579421,3.98188784269736
119.392817292466,412.271312051033,3.27493103324107
626.440628812382,311.099849119788,4.48875293916744
-2.95708149499287,150.415224512657,4.11886585272968
542.560725095908,202.994707222849,4.34900025356376
33.8928226089788,492.809411146321,3.01695310545979
279.313772591931,23.3561694778651,3.78912075131575
534.419369495162,392.921964196767,3.61348986882568
77.0678008599265,73.6295728885394,5.25419846159466
2.72331207303269,72.8334427569169,3.38831963104945
588.715290689911,226.28651791614,3.96746930649375
439.552817248409,457.524221831276,4.89595152714782
659.181665378478,373.091775591427,3.21348713992442
99.8846458970233,492.939246539386,4.38711013205549
622.443201686851,91.3598934674234,4.10142336486822
419.327452840257,256.918211553424,3.62729108047052
11.4845304503439,181.178973473219,3.32162107983175
71.7713813528728,115.681559566585,4.67356942675193
609.692435054518,192.3878068202,4.04688073789685
252.50628464247,220.669872904995,3.50772043159553
570.948758034059,433.063830509275,3.77392757662615
302.785916225816,131.145629731437,3.89215846102431
532.183038955665,454.993027354685,3.33121472189805
43.2654332144999,417.628990294973,4.15665445051129
191.481212118046,290.816324414194,4.0284069808602
543.767449131782,259.107795985012,3.37629471787522
170.786167574003,31.0337276802121,4.27748310897574
501.662105315877,335.991371755329,4.60649628861526
33.6592194828733,36.2963448776611,3.83865510824966
527.749321453736,142.55304790292,4.45868054950222
NA,NA,NA
659.95525612806,336.559597101117,3.4927453806128
456.787503846598,295.619963381478,3.58704892153593
10.9213562486063,497.120168396062,3.71218045073688
560.472644496754,47.9940748187044,4.34599343849675
71.5336166037842,374.212669304763,3.89149467620186
230.33003437074,413.386735153503,3.80178433135488
429.638989964799,12.7035671207436,3.42654379159035
362.87312262418,293.053421946468,3.10104246515444
607.413444182661,105.087932965135,4.19423263113501
390.857946335836,224.24181264388,4.20588729678274
574.346140684434,410.489236119193,4.72062406804222
144.801360591885,285.786149671775,4.48968434958349
199.684800891197,365.438159579421,3.98188784269736
119.392817292466,412.271312051033,3.27493103324107
626.440628812382,311.099849119788,4.48875293916744
-2.95708149499287,150.415224512657,4.11886585272968
542.560725095908,202.994707222849,4.34900025356376
33.8928226089788,492.809411146321,3.01695310545979
279.313772591931,23.3561694778651,3.78912075131575
534.419369495162,392.921964196767,3.61348986882568
77.0678008599265,73.6295728885394,5.25419846159466
2.72331207303269,72.8334427569169,3.38831963104945
588.715290689911,226.28651791614,3.96746930649375
439.552817248409,457.524221831276,4.89595152714782
659.181665378478,373.091775591427,3.21348713992442
99.8846458970233,492.939246539386,4.38711013205549
622.443201686851,91.3598934674234,4.10142336486822
419.327452840257,256.918211553424,3.62729108047052
11.4845304503439,181.178973473219,3.32162107983175
71.7713813528728,115.681559566585,4.67356942675193
609.692435054518,192.3878068202,4.04688073789685
252.50628464247,220.669872904995,3.50772043159553
570.948758034059,433.063830509275,3.77392757662615
302.785916225816,131.145629731437,3.89215846102431
532.183038955665,454.993027354685,3.33121472189805
43.2654332144999,417.628990294973,4.15665445051129
191.481212118046,290.816324414194,4.0284069808602
543.767449131782,259.107795985012,3.37629471787522
170.786167574003,31.0337276802121,4.27748310897574
501.662105315877,335.991371755329,4.60649628861526
33.6592194828733,36.2963448776611,3.83865510824966
527.749321453736,142.55304790292,4.45868054950222
NA,NA,NA
659.95525612806,336.559597101117,3.4927453806128
456.787503846598,295.619963381478,3.58704892153593
10.9213562486063,497.120168396062,3.71218045073688
560.472644496754,47.9940748187044,4.34599343849675
71.5336166037842,374.212669304763,3.89149467620186
230.33003437074,413.386735153503,3.80178433135488
429.638989964799,12.7035671207436,3.42654379159035
362.87312262418,293.053421946468,3.10104246515444
607.413444182661,105.087932965135,4.19423263113501
390.857946335836,224.24181264388,4.20588729678274
574.346140684434,410.489236119193,4.72062406804222
144.801360591885,285.786149671775,4.48968434958349
199.684800891197,365.438159579421,3.98188784269736
119.392817292466,412.271312051033,3.27493103324107
626.440628812382,311.099849119788,4.48875293916744
-2.95708149499287,150.415224512657,4.11886585272968
542.560725095908,202.994707222849,4.34900025356376
33.8928226089788,492.809411146321,3.01695310545979
279.313772591931,23.3561694778651,3.78912075131575
534.419369495162,392.921964196767,3.61348986882568
77.0678008599265,73.6295728885394,5.25419846159466
2.72331207303269,72.8334427569169,3.38831963104945
588.715290689911,226.28651791614,3.96746930649375
439.552817248409,457.524221831276,4.89595152714782
659.181665378478,373.091775591427,3.21348713992442
99.8846458970233,492.939246539386,4.38711013205549
622.443201686851,91.3598934674234,4.10142336486822
419.327452840257,256.918211553424,3.62729108047052
11.4845304503439,181.178973473219,3.32162107983175
71.7713813528728,115.681559566585,4.67356942675193
609.692435054518,192.3878068202,4.04688073789685
252.50628464247,220.669872904995,3.50772043159553
570.948758034059,433.063830509275,3.77392757662615
302.785916225816,131.145629731437,3.89215846102431
532.183038955665,454.993027354685,3.33121472189805
43.2654332144999,417.628990294973,4.15665445051129
191.481212118046,290.816324414194,4.0284069808602
543.767449131782,259.107795985012,3.37629471787522
170.786167574003,31.0337276802121,4.27748310897574
501.662105315877,335.991371755329,4.60649628861526
33.6592194828733,36.2963448776611,3.83865510824966
527.749321453736,142.55304790292,4.45868054950222
NA,NA,NA
658.717915521237,336.956561709632,3.52076333683013
455.596452765548,300.914897723422,3.65664044252796
10.6159545081106,498.89952036747,3.53991175859514
567.246717954843,50.4567657242559,4.18704296640105
73.4247898889111,375.876964481998,3.95368841357699
231.849399608901,414.164564504931,3.94547917397702
429.055894833852,11.3104229450657,3.12370369617798
361.929322702902,291.718372758187,3.03149148081531
599.95735452728,104.766877284942,4.33224125051523
393.398040619552,232.296098758426,4.17781757049957
568.735549633316,410.888919292427,4.72939945974837
138.17081785161,280.176840217155,4.45008828753445
195.94116432703,372.29640399136,4.02450044550843
125.556580083546,410.776733115273,3.3944952096822
627.024165094295,307.58388751452,4.6686227283038
4.09347287474644,146.527477088314,4.25204092947952
544.866873839424,202.479815073004,4.02288360503073
34.319203858575,491.851549699085,3.02455995330746
278.23943032313,23.2014449216055,3.76769913871009
534.154252441115,391.227334118109,3.42554781008497
76.2012539604556,82.2906493109845,5.38300880349904
5.13173206764048,76.9848632676747,3.60714444646189
588.328776731162,225.285612011037,4.03947542990683
435.574839082121,452.650614878074,4.71770418783955
657.373241373517,373.716777574861,2.99869271075055
101.603879181267,492.286620750841,4.32575864054554
622.95853058963,88.3349912000705,4.04810834211701
419.62214614984,260.088140675407,3.57926491568592
14.9616894935522,182.28715316509,3.0385885711529
73.7446840891026,114.458728854668,4.68802196729014
604.615059101777,201.482816566021,4.03597186491474
250.531893841044,220.972683172981,3.4102501169391
575.087711400156,437.348464768983,3.5232421391478
301.051706227391,132.215850673753,3.81763120624841
532.091844657393,460.037111703911,3.66189392376899
47.6244751421302,412.952692479569,3.67616551792167
186.474464541857,281.083442697791,4.07739519114506
564.624360713719,267.258507123366,3.86200820984717
169.079277852268,22.5014360135949,4.02144366290338
496.587194155768,352.855639945399,4.42331283328567
45.6039143689933,52.802639641728,3.78663371398909
537.913535152007,160.362790729498,4.52443182831111
NA,NA,NA
658.717915521237,336.956561709632,3.52076333683013
455.596452765548,300.914897723422,3.65664044252796
10.6159545081106,498.89952036747,3.53991175859514
567.246717954843,50.4567657242559,4.18704296640105
73.4247898889111,375.876964481998,3.95368841357699
231.849399608901,414.164564504931,3.94547917397702
429.055894833852,11.3104229450657,3.12370369617798
361.929322702902,291.718372758187,3.03149148081531
599.95735452728,104.766877284942,4.33224125051523
393.398040619552,232.296098758426,4.17781757049957
568.735549633316,410.888919292427,4.72939945974837
138.17081785161,280.176840217155,4.45008828753445
195.94116432703,372.29640399136,4.02450044550843
125.556580083546,410.776733115273,3.3944952096822
627.024165094295,307.58388751452,4.6686227283038
4.09347287474644,146.527477088314,4.25204092947952
544.866873839424,202.479815073004,4.02288360503073
34.319203858575,491.851549699085,3.02455995330746
278.23943032313,23.2014449216055,3.76769913871009
534.154252441115,391.227334118109,3.42554781008497
76.2012539604556,82.2906493109845,5.38300880349904
5.13173206764048,76.9848632676747,3.60714444646189
588.328776731162,225.285612011037,4.03947542990683
435.574839082121,452.650614878074,4.71770418783955
657.373241373517,373.716777574861,2.99869271075055
101.603879181267,492.286620750841,4.32575864054554
622.95853058963,88.3349912000705,4.04810834211701
419.62214614984,260.088140675407,3.57926491568592
14.9616894935522,182.28715316509,3.0385885711529
73.7446840891026,114.458728854668,4.68802196729014
604.615059101777,201.482816566021,4.03597186491474
250.531893841044,220.972683172981,3.4102501169391
575.087711400156,437.348464768983,3.5232421391478
301.051706227391,132.215850673753,3.81763120624841
532.091844657393,460.037111703911,3.66189392376899
47.6244751421302,412.952692479569,3.67616551792167
186.474464541857,281.083442697791,4.07739519114506
564.624360713719,267.258507123366,3.86200820984717
169.079277852268,22.5014360135949,4.02144366290338
496.587194155768,352.855639945399,4.42331283328567
45.6039143689933,52.802639641728,3.78663371398909
537.913535152007,160.362790729498,4.52443182831111
NA,NA,NA
658.717915521237,336.956561709632,3.52076333683013
455.596452765548,300.914897723422,3.65664044252796
10.6159545081106,498.89952036747,3.53991175859514
567.246717954843,50.4567657242559,4.18704296640105
73.4247898889111,375.876964481998,3.95368841357699
231.849399608901,414.164564504931,3.94547917397702
429.055894833852,11.3104229450657,3.12370369617798
361.929322702902,291.718372758187,3.03149148081531
599.95735452728,104.766877284942,4.33224125051523
393.398040619552,232.296098758426,4.17781757049957
568.735549633316,410.888919292427,4.72939945974837
138.17081785161,280.176840217155,4.45008828753445
195.94116432703,372.29640399136,4.02450044550843
125.556580083546,410.776733115273,3.3944952096822
627.024165094295,307.58388751452,4.6686227283038
4.09347287474644,146.527477088314,4.25204092947952
544.866873839424,202.479815073004,4.02288360503073
34.319203858575,491.851549699085,3.02455995330746
278.23943032313,23.2014449216055,3.76769913871009
534.154252441115,391.227334118109,3.42554781008497
76.2012539604556,82.2906493109845,5.38300880349904
5.13173206764048,76.9848632676747,3.60714444646189
588.328776731162,225.285612011037,4.03947542990683
435.574839082121,452.650614878074,4.71770418783955
657.373241373517,373.716777574861,2.99869271075055
101.603879181267,492.286620750841,4.32575864054554
622.95853058963,88.3349912000705,4.04810834211701
419.62214614984,260.088140675407,3.57926491568592
14.9616894935522,182.28715316509,3.0385885711529
73.7446840891026,114.458728854668,4.68802196729014
604.615059101777,201.482816566021,4.03597186491474
250.531893841044,220.972683172981,3.4102501169391
575.087711400156,437.348464768983,3.5232421391478
301.051706227391,132.215850673753,3.81763120624841
532.091844657393,460.037111703911,3.66189392376899
47.6244751421302,412.952692479569,3.67616551792167
186.474464541857,281.083442697791,4.07739519114506
564.624360713719,267.258507123366,3.86200820984717
169.079277852268,22.5014360135949,4.02144366290338
496.587194155768,352.855639945399,4.42331283328567
45.6039143689933,52.802639641728,3.78663371398909
537.913535152007,160.362790729498,4.52443182831111
NA,NA,NA
658.717915521237,336.956561709632,3.52076333683013
455.596452765548,300.914897723422,3.65664044252796
10.6159545081106,498.89952036747,3.53991175859514
567.246717954843,50.4567657242559,4.18704296640105
73.4247898889111,375.876964481998,3.95368841357699
231.849399608901,414.164564504931,3.94547917397702
429.055894833852,11.3104229450657,3.12370369617798
361.929322702902,291.718372758187,3.03149148081531
599.95735452728,104.766877284942,4.33224125051523
393.398040619552,232.296098758426,4.17781757049957
568.735549633316,410.888919292427,4.72939945974837
138.17081785161,280.176840217155,4.45008828753445
195.94116432703,372.29640399136,4.02450044550843
125.556580083546,410.776733115273,3.3944952096822
627.024165094295,307.58388751452,4.6686227283038
4.09347287474644,146.527477088314,4.25204092947952
544.866873839424,202.479815073004,4.02288360503073
34.319203858575,491.851549699085,3.02455995330746
278.23943032313,23.2014449216055,3.76769913871009
534.154252441115,391.227334118109,3.42554781008497
76.2012539604556,82.2906493109845,5.38300880349904
5.13173206764048,76.9848632676747,3.60714444646189
588.328776731162,225.285612011037,4.03947542990683
435.574839082121,452.650614878074,4.71770418783955
657.373241373517,373.716777574861,2.99869271075055
101.603879181267,492.286620750841,4.32575864054554
622.95853058963,88.3349912000705,4.04810834211701
419.62214614984,260.088140675407,3.57926491568592
14.9616894935522,182.28715316509,3.0385885711529
73.7446840891026,114.458728854668,4.68802196729014
604.615059101777,201.482816566021,4.03597186491474
250.531893841044,220.972683172981,3.4102501169391
575.087711400156,437.348464768983,3.5232421391478
301.051706227391,132.215850673753,3.81763120624841
532.091844657393,460.037111703911,3.66189392376899
47.6244751421302,412.952692479569,3.67616551792167
186.474464541857,281.083442697791,4.07739519114506
564.624360713719,267.258507123366,3.86200820984717
169.079277852268,22.5014360135949,4.02144366290338
496.587194155768,352.855639945399,4.42331283328567
45.6039143689933,52.802639641728,3.78663371398909
537.913535152007,160.362790729498,4.52443182831111
NA,NA,NA
658.717915521237,336.956561709632,3.52076333683013
455.596452765548,300.914897723422,3.65664044252796
10.6159545081106,498.89952036747,3.53991175859514
567.246717954843,50.4567657242559,4.18704296640105
73.4247898889111,375.876964481998,3.95368841357699
231.849399608901,414.164564504931,3.94547917397702
429.055894833852,11.3104229450657,3.12370369617798
361.929322702902,291.718372758187,3.03149148081531
599.95735452728,104.766877284942,4.33224125051523
393.398040619552,232.296098758426,4.17781757049957
568.735549633316,410.888919292427,4.72939945974837
138.17081785161,280.176840217155,4.45008828753445
195.94116432703,372.29640399136,4.02450044550843
125.556580083546,410.776733115273,3.3944952096822
627.024165094295,307.58388751452,4.6686227283038
4.09347287474644,146.527477088314,4.25204092947952
544.866873839424,202.479815073004,4.02288360503073
34.319203858575,491.851549699085,3.02455995330746
278.23943032313,23.2014449216055,3.76769913871009
534.154252441115,391.227334118109,3.42554781008497
76.2012539604556,82.2906493109845,5.38300880349904
5.13173206764048,76.9848632676747,3.60714444646189
588.328776731162,225.285612011037,4.03947542990683
435.574839082121,452.650614878074,4.71770418783955
657.373241373517,373.716777574861,2.99869271075055
101.603879181267,492.286620750841,4.32575864054554
622.95853058963,88.3349912000705,4.04810834211701
419.62214614984,260.088140675407,3.57926491568592
14.9616894935522,182.28715316509,3.0385885711529
73.7446840891026,114.458728854668,4.68802196729014
604.615059101777,201.482816566021,4.03597186491474
250.531893841044,220.972683172981,3.4102501169391
575.087711400156,437.348464768983,3.5232421391478
301.051706227391,132.215850673753,3.81763120624841
532.091844657393,460.037111703911,3.66189392376899
47.6244751421302,412.952692479569,3.67616551792167
186.474464541857,281.083442697791,4.07739519114506
564.624360713719,267.258507123366,3.86200820984717
169.079277852268,22.5014360135949,4.02144366290338
496.587194155768,352.855639945399,4.42331283328567
45.6039143689933,52.802639641728,3.78663371398909
537.913535152007,160.362790729498,4.52443182831111
NA,NA,NA
658.717915521237,336.956561709632,3.52076333683013
455.596452765548,300.914897723422,3.65664044252796
10.6159545081106,498.89952036747,3.53991175859514
567.246717954843,50.4567657242559,4.18704296640105
73.4247898889111,375.876964481998,3.95368841357699
231.849399608901,414.164564504931,3.94547917397702
429.055894833852,11.3104229450657,3.12370369617798
361.929322702902,291.718372758187,3.03149148081531
599.95735452728,104.766877284942,4.33224125051523
393.398040619552,232.296098758426,4.17781757049957
568.735549633316,410.888919292427,4.72939945974837
138.17081785161,280.176840217155,4.45008828753445
195.94116432703,372.29640399136,4.02450044550843
125.556580083546,410.776733115273,3.3944952096822
627.024165094295,307.58388751452,4.6686227283038
4.09347287474644,146.527477088314,4.25204092947952
544.866873839424,202.479815073004,4.02288360503073
34.319203858575,491.851549699085,3.02455995330746
278.23943032313,23.2014449216055,3.76769913871009
534.154252441115,391.227334118109,3.42554781008497
76.2012539604556,82.2906493109845,5.38300880349904
5.13173206764048,76.9848632676747,3.60714444646189
588.328776731162,225.285612011037,4.03947542990683
435.574839082121,452.650614878074,4.71770418783955
657.373241373517,373.716777574861,2.99869271075055
101.603879181267,492.286620750841,4.32575864054554
622.95853058963,88.3349912000705,4.04810834211701
419.62214614984,260.088140675407,3.57926491568592
14.9616894935522,182.28715316509,3.0385885711529
73.7446840891026,114.458728854668,4.68802196729014
604.615059101777,201.482816566021,4.03597186491474
250.531893841044,220.972683172981,3.4102501169391
575.087711400156,437.348464768983,3.5232421391478
301.051706227391,132.215850673753,3.81763120624841
532.091844657393,460.037111703911,3.66189392376899
47.6244751421302,412.952692479569,3.67616551792167
186.474464541857,281.083442697791,4.07739519114506
564.624360713719,267.258507123366,3.86200820984717
169.079277852268,22.5014360135949,4.02144366290338
496.587194155768,352.855639945399,4.42331283328567
45.6039143689933,52.802639641728,3.78663371398909
537.913535152007,160.362790729498,4.52443182831111
NA,NA,NA
665.190839986926,331.257177818316,3.52993940751091
455.053759012655,298.762712400684,3.62309033644291
12.1851676093361,493.425107400213,3.55214299557556
561.069525142835,51.7114913522076,4.24492410519945
71.1806505666796,374.666555678214,3.90093660924916
227.602821071953,412.084396740387,3.80499265430679
426.452868406955,13.6149950868593,3.41117604940419
360.590099207123,292.47609787801,2.95945600218769
606.424148686213,103.890972359285,4.20910039684907
392.691117395566,234.879942598104,4.24557195365265
570.633411526236,410.010838854129,4.7414107294827
138.612420653046,280.627603590686,4.4978022544438
205.182787829394,367.289141207997,4.06737996891742
127.576996560166,407.476662180681,3.44649987878246
628.233111485476,309.236465081187,4.54445113938715
0.450542326207813,146.140563417951,4.29561304450365
544.138590844194,206.05615650835,4.19827055858734
34.8753944758722,492.361436372562,2.92975483781434
278.375801475801,26.4527654528125,3.96698151449022
533.223621325505,395.861606930118,3.12123844731811
70.6433104954342,81.8781549944573,5.31444191223542
4.96745028814883,75.586124203893,3.69664406860655
588.390143505321,225.446531551369,3.99709602706446
444.601668232187,466.842192831104,4.76239077543568
659.130746728807,373.686132470706,3.230584140249
103.25837115039,488.118133946985,4.24092825520143
628.607144662201,93.5954948570891,4.05165194041095
419.72432186796,260.223541046723,3.73883248890911
10.8825139231511,185.72431552814,3.2385755759563
80.2764097320485,107.445306655839,4.31283462950899
626.597913636436,181.563839055655,4.21930941167934
253.757330975793,216.869495435182,3.96012980648301
571.270582569729,429.55983114465,3.80638087088716
300.320624273284,134.268364255613,3.84595350144072
531.11976787938,457.276798437687,3.52950438417449
63.14653175043,423.798969862451,4.02157873899729
195.902262797514,287.773779065933,3.72819246722936
552.968518602671,255.798892881971,3.55933285542982
166.537187562021,38.3975054376455,4.38370201758917
494.047209466852,349.539054186411,4.37966349102291
45.9433941386302,48.9693443190489,3.57563244123243
540.415821222738,158.762654189764,4.77625623214136
NA,NA,NA
665.190839986926,331.257177818316,3.52993940751091
455.053759012655,298.762712400684,3.62309033644291
12.1851676093361,493.425107400213,3.55214299557556
561.069525142835,51.7114913522076,4.24492410519945
71.1806505666796,374.666555678214,3.90093660924916
227.602821071953,412.084396740387,3.80499265430679
426.452868406955,13.6149950868593,3.41117604940419
360.590099207123,292.47609787801,2.95945600218769
606.424148686213,103.890972359285,4.20910039684907
392.691117395566,234.879942598104,4.24557195365265
570.633411526236,410.010838854129,4.7414107294827
138.612420653046,280.627603590686,4.4978022544438
205.182787829394,367.289141207997,4.06737996891742
127.576996560166,407.476662180681,3.44649987878246
628.233111485476,309.236465081187,4.54445113938715
0.450542326207813,146.140563417951,4.29561304450365
544.138590844194,206.05615650835,4.19827055858734
34.8753944758722,492.361436372562,2.92975483781434
278.375801475801,26.4527654528125,3.96698151449022
533.223621325505,395.861606930118,3.12123844731811
70.6433104954342,81.8781549944573,5.31444191223542
4.96745028814883,75.586124203893,3.69664406860655
588.390143505321,225.446531551369,3.99709602706446
444.601668232187,466.842192831104,4.76239077543568
659.130746728807,373.686132470706,3.230584140249
103.25837115039,488.118133946985,4.24092825520143
628.607144662201,93.5954948570891,4.05165194041095
419.72432186796,260.223541046723,3.73883248890911
10.8825139231511,185.72431552814,3.2385755759563
80.2764097320485,107.445306655839,4.31283462950899
626.597913636436,181.563839055655,4.21930941167934
253.757330975793,216.869495435182,3.96012980648301
571.270582569729,429.55983114465,3.80638087088716
300.320624273284,134.268364255613,3.84595350144072
531.11976787938,457.276798437687,3.52950438417449
63.14653175043,423.798969862451,4.02157873899729
195.902262797514,287.773779065933,3.72819246722936
552.968518602671,255.798892881971,3.55933285542982
166.537187562021,38.3975054376455,4.38370201758917
494.047209466852,349.539054186411,4.37966349102291
45.9433941386302,48.9693443190489,3.57563244123243
540.415821222738,158.762654189764,4.77625623214136
NA,NA,NA
665.190839986926,331.257177818316,3.52993940751091
455.053759012655,298.762712400684,3.62309033644291
12.1851676093361,493.425107400213,3.55214299557556
561.069525142835,51.7114913522076,4.24492410519945
71.1806505666796,374.666555678214,3.90093660924916
227.602821071953,412.084396740387,3.80499265430679
426.452868406955,13.6149950868593,3.41117604940419
360.590099207123,292.47609787801,2.95945600218769
606.424148686213,103.890972359285,4.20910039684907
392.691117395566,234.879942598104,4.24557195365265
570.633411526236,410.010838854129,4.7414107294827
138.612420653046,280.627603590686,4.4978022544438
205.182787829394,367.289141207997,4.06737996891742
127.576996560166,407.476662180681,3.44649987878246
628.233111485476,309.236465081187,4.54445113938715
0.450542326207813,146.140563417951,4.29561304450365
544.138590844194,206.05615650835,4.19827055858734
34.8753944758722,492.361436372562,2.92975483781434
278.375801475801,26.4527654528125,3.96698151449022
533.223621325505,395.861606930118,3.12123844731811
70.6433104954342,81.8781549944573,5.31444191223542
4.96745028814883,75.586124203893,3.69664406860655
588.390143505321,225.446531551369,3.99709602706446
444.601668232187,466.842192831104,4.76239077543568
659.130746728807,373.686132470706,3.230584140249
103.25837115039,488.118133946985,4.24092825520143
628.607144662201,93.5954948570891,4.05165194041095
419.72432186796,260.223541046723,3.73883248890911
10.8825139231511,185.72431552814,3.2385755759563
80.2764097320485,107.445306655839,4.31283462950899
626.597913636436,181.563839055655,4.21930941167934
253.757330975793,216.869495435182,3.96012980648301
571.270582569729,429.55983114465,3.80638087088716
300.320624273284,134.268364255613,3.84595350144072
531.11976787938,457.276798437687,3.52950438417449
63.14653175043,423.798969862451,4.02157873899729
195.902262797514,287.773779065933,3.72819246722936
552.968518602671,255.798892881971,3.55933285542982
166.537187562021,38.3975054376455,4.38370201758917
494.047209466852,349.539054186411,4.37966349102291
45.9433941386302,48.9693443190489,3.57563244123243
540.415821222738,158.762654189764,4.77625623214136
NA,NA,NA
665.190839986926,331.257177818316,3.52993940751091
455.053759012655,298.762712400684,3.62309033644291
12.1851676093361,493.425107400213,3.55214299557556
561.069525142835,51.7114913522076,4.24492410519945
71.1806505666796,374.666555678214,3.90093660924916
227.602821071953,412.084396740387,3.80499265430679
426.452868406955,13.6149950868593,3.41117604940419
360.590099207123,292.47609787801,2.95945600218769
606.424148686213,103.890972359285,4.20910039684907
392.691117395566,234.879942598104,4.24557195365265
570.633411526236,410.010838854129,4.7414107294827
138.612420653046,280.627603590686,4.4978022544438
205.182787829394,367.289141207997,4.06737996891742
127.576996560166,407.476662180681,3.44649987878246
628.233111485476,309.236465081187,4.54445113938715
0.450542326207813,146.140563417951,4.29561304450365
544.138590844194,206.05615650835,4.19827055858734
34.8753944758722,492.361436372562,2.92975483781434
278.375801475801,26.4527654528125,3.96698151449022
533.223621325505,395.861606930118,3.12123844731811
70.6433104954342,81.8781549944573,5.31444191223542
4.96745028814883,75.586124203893,3.69664406860655
588.390143505321,225.446531551369,3.99709602706446
444.601668232187,466.842192831104,4.76239077543568
659.130746728807,373.686132470706,3.230584140249
103.25837115039,488.118133946985,4.24092825520143
628.607144662201,93.5954948570891,4.05165194041095
419.72432186796,260.223541046723,3.73883248890911
10.8825139231511,185.72431552814,3.2385755759563
80.2764097320485,107.445306655839,4.31283462950899
626.597913636436,181.563839055655,4.21930941167934
253.757330975793,216.869495435182,3.96012980648301
571.270582569729,429.55983114465,3.80638087088716
300.320624273284,134.268364255613,3.84595350144072
531.11976787938,457.276798437687,3.52950438417449
63.14653175043,423.798969862451,4.02157873899729
195.902262797514,287.773779065933,3.72819246722936
552.968518602671,255.798892881971,3.55933285542982
166.537187562021,38.3975054376455,4.38370201758917
494.047209466852,349.539054186411,4.37966349102291
45.9433941386302,48.9693443190489,3.57563244123243
540.415821222738,158.762654189764,4.77625623214136
NA,NA,NA
665.190839986926,331.257177818316,3.52993940751091
455.053759012655,298.762712400684,3.62309033644291
12.1851676093361,493.425107400213,3.55214299557556
561.069525142835,51.7114913522076,4.24492410519945
71.1806505666796,374.666555678214,3.90093660924916
227.602821071953,412.084396740387,3.80499265430679
426.452868406955,13.6149950868593,3.41117604940419
360.590099207123,292.47609787801,2.95945600218769
606.424148686213,103.890972359285,4.20910039684907
392.691117395566,234.879942598104,4.24557195365265
570.633411526236,410.010838854129,4.7414107294827
138.612420653046,280.627603590686,4.4978022544438
205.182787829394,367.289141207997,4.06737996891742
127.576996560166,407.476662180681,3.44649987878246
628.233111485476,309.236465081187,4.54445113938715
0.450542326207813,146.140563417951,4.29561304450365
544.138590844194,206.05615650835,4.19827055858734
34.8753944758722,492.361436372562,2.92975483781434
278.375801475801,26.4527654528125,3.96698151449022
533.223621325505,395.861606930118,3.12123844731811
70.6433104954342,81.8781549944573,5.31444191223542
4.96745028814883,75.586124203893,3.69664406860655
588.390143505321,225.446531551369,3.99709602706446
444.601668232187,466.842192831104,4.76239077543568
659.130746728807,373.686132470706,3.230584140249
103.25837115039,488.118133946985,4.24092825520143
628.607144662201,93.5954948570891,4.05165194041095
419.72432186796,260.223541046723,3.73883248890911
10.8825139231511,185.72431552814,3.2385755759563
80.2764097320485,107.445306655839,4.31283462950899
626.597913636436,181.563839055655,4.21930941167934
253.757330975793,216.869495435182,3.96012980648301
571.270582569729,429.55983114465,3.80638087088716
300.320624273284,134.268364255613,3.84595350144072
531.11976787938,457.276798437687,3.52950438417449
63.14653175043,423.798969862451,4.02157873899729
195.902262797514,287.773779065933,3.72819246722936
552.968518602671,255.798892881971,3.55933285542982
166.537187562021,38.3975054376455,4.38370201758917
494.047209466852,349.539054186411,4.37966349102291
45.9433941386302,48.9693443190489,3.57563244123243
540.415821222738,158.762654189764,4.77625623214136
NA,NA,NA
665.190839986926,331.257177818316,3.52993940751091
455.053759012655,298.762712400684,3.62309033644291
12.1851676093361,493.425107400213,3.55214299557556
561.069525142835,51.7114913522076,4.24492410519945
71.1806505666796,374.666555678214,3.90093660924916
227.602821071953,412.084396740387,3.80499265430679
426.452868406955,13.6149950868593,3.41117604940419
360.590099207123,292.47609787801,2.95945600218769
606.424148686213,103.890972359285,4.20910039684907
392.691117395566,234.879942598104,4.24557195365265
570.633411526236,410.010838854129,4.7414107294827
138.612420653046,280.627603590686,4.4978022544438
205.182787829394,367.289141207997,4.06737996891742
127.576996560166,407.476662180681,3.44649987878246
628.233111485476,309.236465081187,4.54445113938715
0.450542326207813,146.140563417951,4.29561304450365
544.138590844194,206.05615650835,4.19827055858734
34.8753944758722,492.361436372562,2.92975483781434
278.375801475801,26.4527654528125,3.96698151449022
533.223621325505,395.861606930118,3.12123844731811
70.6433104954342,81.8781549944573,5.31444191223542
4.96745028814883,75.586124203893,3.69664406860655
588.390143505321,225.446531551369,3.99709602706446
444.601668232187,466.842192831104,4.76239077543568
659.130746728807,373.686132470706,3.230584140249
103.25837115039,488.118133946985,4.24092825520143
628.607144662201,93.5954948570891,4.05165194041095
419.72432186796,260.223541046723,3.73883248890911
10.8825139231511,185.72431552814,3.2385755759563
80.2764097320485,107.445306655839,4.31283462950899
626.597913636436,181.563839055655,4.21930941167934
253.757330975793,216.869495435182,3.96012980648301
571.270582569729,429.55983114465,3.80638087088716
300.320624273284,134.268364255613,3.84595350144072
531.11976787938,457.276798437687,3.52950438417449
63.14653175043,423.798969862451,4.02157873899729
195.902262797514,287.773779065933,3.72819246722936
552.968518602671,255.798892881971,3.55933285542982
166.537187562021,38.3975054376455,4.38370201758917
494.047209466852,349.539054186411,4.37966349102291
45.9433941386302,48.9693443190489,3.57563244123243
540.415821222738,158.762654189764,4.77625623214136
NA,NA,NA
662.97212820622,331.962743036754,3.49059216924951
455.413476507348,300.237999356435,3.56637162890364
11.3264246524645,492.059998170489,3.65190273909356
563.129729107529,52.157312299046,4.13744912390705
73.4198558027472,375.034119177011,3.90404707699413
228.412949271509,416.319899125591,3.8180062954036
428.383770810894,12.5683147359517,3.44304879411144
363.17229353801,292.547192459021,3.07093721388072
603.695870955222,104.281891304443,4.14026805681997
397.743309572169,226.879527531959,4.1966576334024
572.737731923457,407.48118416275,4.74479486262646
140.798325082681,284.587725035846,4.6686862572018
198.954654447463,372.449492806956,4.00920598972349
123.933102840066,412.158975221297,3.46203672611949
631.689165894715,310.315887490711,4.52771792743903
8.61380432866913,141.997801121556,4.29378646558218
541.129357245728,202.960607274239,4.18763789053389
32.3175660555108,491.188531268192,2.87501637105752
281.057220552666,20.0729340927308,3.89286351994768
529.688571954044,391.659065226243,3.3465462140005
73.4643609102906,71.6786308548464,5.17791236005954
8.49635874912561,76.024340055834,3.65019224898418
586.641175124464,226.258472950551,4.10822068481484
441.073331488442,464.000590258175,4.78226628687087
661.421880442172,372.665815838137,3.21108378429319
111.099307363683,489.485609286235,4.33797055826721
624.778584955508,87.5344135907905,4.07209734206166
419.380443866705,258.828863725143,3.66451493335908
11.4201172945255,182.550363408812,3.12475546296958
51.787570773678,119.496068838728,4.32827346740851
613.832192966458,197.955397048621,4.63458764540578
253.51591315361,219.263346602216,3.60139162513614
572.195262540773,438.742821657001,3.77328987022469
300.168566536091,131.779385924711,3.7433457732666
533.584096777076,458.261426202063,3.63555704594032
46.9051706333544,417.445181196979,4.05864252022141
193.873537358334,293.99042549838,4.38951394149806
561.490569583958,254.594932022053,3.97883856544473
156.242448246633,34.556407593408,4.29777156537008
488.363052760284,339.720888824389,4.61468974369868
27.884504200617,49.0327252541136,4.01000597906804
527.510174246642,137.254426122127,4.49644986738259
NA,NA,NA
662.97212820622,331.962743036754,3.49059216924951
455.413476507348,300.237999356435,3.56637162890364
11.3264246524645,492.059998170489,3.65190273909356
563.129729107529,52.157312299046,4.13744912390705
73.4198558027472,375.034119177011,3.90404707699413
228.412949271509,416.319899125591,3.8180062954036
428.383770810894,12.5683147359517,3.44304879411144
363.17229353801,292.547192459021,3.07093721388072
603.695870955222,104.281891304443,4.14026805681997
397.743309572169,226.879527531959,4.1966576334024
572.737731923457,407.48118416275,4.74479486262646
140.798325082681,284.587725035846,4.6686862572018
198.954654447463,372.449492806956,4.00920598972349
123.933102840066,412.158975221297,3.46203672611949
631.689165894715,310.315887490711,4.52771792743903
8.61380432866913,141.997801121556,4.29378646558218
541.129357245728,202.960607274239,4.18763789053389
32.3175660555108,491.188531268192,2.87501637105752
281.057220552666,20.0729340927308,3.89286351994768
529.688571954044,391.659065226243,3.3465462140005
73.4643609102906,71.6786308548464,5.17791236005954
8.49635874912561,76.024340055834,3.65019224898418
586.641175124464,226.258472950551,4.10822068481484
441.073331488442,464.000590258175,4.78226628687087
661.421880442172,372.665815838137,3.21108378429319
111.099307363683,489.485609286235,4.33797055826721
624.778584955508,87.5344135907905,4.07209734206166
419.380443866705,258.828863725143,3.66451493335908
11.4201172945255,182.550363408812,3.12475546296958
51.787570773678,119.496068838728,4.32827346740851
613.832192966458,197.955397048621,4.63458764540578
253.51591315361,219.263346602216,3.60139162513614
572.195262540773,438.742821657001,3.77328987022469
300.168566536091,131.779385924711,3.7433457732666
533.584096777076,458.261426202063,3.63555704594032
46.9051706333544,417.445181196979,4.05864252022141
193.873537358334,293.99042549838,4.38951394149806
561.490569583958,254.594932022053,3.97883856544473
156.242448246633,34.556407593408,4.29777156537008
488.363052760284,339.720888824389,4.61468974369868
27.884504200617,49.0327252541136,4.01000597906804
527.510174246642,137.254426122127,4.49644986738259
NA,NA,NA
662.97212820622,331.962743036754,3.49059216924951
455.413476507348,300.237999356435,3.56637162890364
11.3264246524645,492.059998170489,3.65190273909356
563.129729107529,52.157312299046,4.13744912390705
73.4198558027472,375.034119177011,3.90404707699413
228.412949271509,416.319899125591,3.8180062954036
428.383770810894,12.5683147359517,3.44304879411144
363.17229353801,292.547192459021,3.07093721388072
603.695870955222,104.281891304443,4.14026805681997
397.743309572169,226.879527531959,4.1966576334024
572.737731923457,407.48118416275,4.74479486262646
140.798325082681,284.587725035846,4.6686862572018
198.954654447463,372.449492806956,4.00920598972349
123.933102840066,412.158975221297,3.46203672611949
631.689165894715,310.315887490711,4.52771792743903
8.61380432866913,141.997801121556,4.29378646558218
541.129357245728,202.960607274239,4.18763789053389
32.3175660555108,491.188531268192,2.87501637105752
281.057220552666,20.0729340927308,3.89286351994768
529.688571954044,391.659065226243,3.3465462140005
73.4643609102906,71.6786308548464,5.17791236005954
8.49635874912561,76.024340055834,3.65019224898418
586.641175124464,226.258472950551,4.10822068481484
441.073331488442,464.000590258175,4.78226628687087
661.421880442172,372.665815838137,3.21108378429319
111.099307363683,489.485609286235,4.33797055826721
624.778584955508,87.5344135907905,4.07209734206166
419.380443866705,258.828863725143,3.66451493335908
11.4201172945255,182.550363408812,3.12475546296958
51.787570773678,119.496068838728,4.32827346740851
613.832192966458,197.955397048621,4.63458764540578
253.51591315361,219.263346602216,3.60139162513614
572.195262540773,438.742821657001,3.77328987022469
300.168566536091,131.779385924711,3.7433457732666
533.584096777076,458.261426202063,3.63555704594032
46.9051706333544,417.445181196979,4.05864252022141
193.873537358334,293.99042549838,4.38951394149806
561.490569583958,254.594932022053,3.97883856544473
156.242448246633,34.556407593408,4.29777156537008
488.363052760284,339.720888824389,4.61468974369868
27.884504200617,49.0327252541136,4.01000597906804
527.510174246642,137.254426122127,4.49644986738259
NA,NA,NA
662.97212820622,331.962743036754,3.49059216924951
455.413476507348,300.237999356435,3.56637162890364
11.3264246524645,492.059998170489,3.65190273909356
563.129729107529,52.157312299046,4.13744912390705
73.4198558027472,375.034119177011,3.90404707699413
228.412949271509,416.319899125591,3.8180062954036
428.383770810894,12.5683147359517,3.44304879411144
363.17229353801,292.547192459021,3.07093721388072
603.695870955222,104.281891304443,4.14026805681997
397.743309572169,226.879527531959,4.1966576334024
572.737731923457,407.48118416275,4.74479486262646
140.798325082681,284.587725035846,4.6686862572018
198.954654447463,372.449492806956,4.00920598972349
123.933102840066,412.158975221297,3.46203672611949
631.689165894715,310.315887490711,4.52771792743903
8.61380432866913,141.997801121556,4.29378646558218
541.129357245728,202.960607274239,4.18763789053389
32.3175660555108,491.188531268192,2.87501637105752
281.057220552666,20.0729340927308,3.89286351994768
529.688571954044,391.659065226243,3.3465462140005
73.4643609102906,71.6786308548464,5.17791236005954
8.49635874912561,76.024340055834,3.65019224898418
586.641175124464,226.258472950551,4.10822068481484
441.073331488442,464.000590258175,4.78226628687087
661.421880442172,372.665815838137,3.21108378429319
111.099307363683,489.485609286235,4.33797055826721
624.778584955508,87.5344135907905,4.07209734206166
419.380443866705,258.828863725143,3.66451493335908
11.4201172945255,182.550363408812,3.12475546296958
51.787570773678,119.496068838728,4.32827346740851
613.832192966458,197.955397048621,4.63458764540578
253.51591315361,219.263346602216,3.60139162513614
572.195262540773,438.742821657001,3.77328987022469
300.168566536091,131.779385924711,3.7433457732666
533.584096777076,458.261426202063,3.63555704594032
46.9051706333544,417.445181196979,4.05864252022141
193.873537358334,293.99042549838,4.38951394149806
561.490569583958,254.594932022053,3.97883856544473
156.242448246633,34.556407593408,4.29777156537008
488.363052760284,339.720888824389,4.61468974369868
27.884504200617,49.0327252541136,4.01000597906804
527.510174246642,137.254426122127,4.49644986738259
NA,NA,NA
662.97212820622,331.962743036754,3.49059216924951
455.413476507348,300.237999356435,3.56637162890364
11.3264246524645,492.059998170489,3.65190273909356
563.129729107529,52.157312299046,4.13744912390705
73.4198558027472,375.034119177011,3.90404707699413
228.412949271509,416.319899125591,3.8180062954036
428.383770810894,12.5683147359517,3.44304879411144
363.17229353801,292.547192459021,3.07093721388072
603.695870955222,104.281891304443,4.14026805681997
397.743309572169,226.879527531959,4.1966576334024
572.737731923457,407.48118416275,4.74479486262646
140.798325082681,284.587725035846,4.6686862572018
198.954654447463,372.449492806956,4.00920598972349
123.933102840066,412.158975221297,3.46203672611949
631.689165894715,310.315887490711,4.52771792743903
8.61380432866913,141.997801121556,4.29378646558218
541.129357245728,202.960607274239,4.18763789053389
32.3175660555108,491.188531268192,2.87501637105752
281.057220552666,20.0729340927308,3.89286351994768
529.688571954044,391.659065226243,3.3465462140005
73.4643609102906,71.6786308548464,5.17791236005954
8.49635874912561,76.024340055834,3.65019224898418
586.641175124464,226.258472950551,4.10822068481484
441.073331488442,464.000590258175,4.78226628687087
661.421880442172,372.665815838137,3.21108378429319
111.099307363683,489.485609286235,4.33797055826721
624.778584955508,87.5344135907905,4.07209734206166
419.380443866705,258.828863725143,3.66451493335908
11.4201172945255,182.550363408812,3.12475546296958
51.787570773678,119.496068838728,4.32827346740851
613.832192966458,197.955397048621,4.63458764540578
253.51591315361,219.263346602216,3.60139162513614
572.195262540773,438.742821657001,3.77328987022469
300.168566536091,131.779385924711,3.7433457732666
533.584096777076,458.261426202063,3.63555704594032
46.9051706333544,417.445181196979,4.05864252022141
193.873537358334,293.99042549838,4.38951394149806
561.490569583958,254.594932022053,3.97883856544473
156.242448246633,34.556407593408,4.29777156537008
488.363052760284,339.720888824389,4.61468974369868
27.884504200617,49.0327252541136,4.01000597906804
527.510174246642,137.254426122127,4.49644986738259
NA,NA,NA
662.97212820622,331.962743036754,3.49059216924951
455.413476507348,300.237999356435,3.56637162890364
11.3264246524645,492.059998170489,3.65190273909356
563.129729107529,52.157312299046,4.13744912390705
73.4198558027472,375.034119177011,3.90404707699413
228.412949271509,416.319899125591,3.8180062954036
428.383770810894,12.5683147359517,3.44304879411144
363.17229353801,292.547192459021,3.07093721388072
603.695870955222,104.281891304443,4.14026805681997
397.743309572169,226.879527531959,4.1966576334024
572.737731923457,407.48118416275,4.74479486262646
140.798325082681,284.587725035846,4.6686862572018
198.954654447463,372.449492806956,4.00920598972349
123.933102840066,412.158975221297,3.46203672611949
631.689165894715,310.315887490711,4.52771792743903
8.61380432866913,141.997801121556,4.29378646558218
541.129357245728,202.960607274239,4.18763789053389
32.3175660555108,491.188531268192,2.87501637105752
281.057220552666,20.0729340927308,3.89286351994768
529.688571954044,391.659065226243,3.3465462140005
73.4643609102906,71.6786308548464,5.17791236005954
8.49635874912561,76.024340055834,3.65019224898418
586.641175124464,226.258472950551,4.10822068481484
441.073331488442,464.000590258175,4.78226628687087
661.421880442172,372.665815838137,3.21108378429319
111.099307363683,489.485609286235,4.33797055826721
624.778584955508,87.5344135907905,4.07209734206166
419.380443866705,258.828863725143,3.66451493335908
11.4201172945255,182.550363408812,3.12475546296958
51.787570773678,119.496068838728,4.32827346740851
613.832192966458,197.955397048621,4.63458764540578
253.51591315361,219.263346602216,3.60139162513614
572.195262540773,438.742821657001,3.77328987022469
300.168566536091,131.779385924711,3.7433457732666
533.584096777076,458.261426202063,3.63555704594032
46.9051706333544,417.445181196979,4.05864252022141
193.873537358334,293.99042549838,4.38951394149806
561.490569583958,254.594932022053,3.97883856544473
156.242448246633,34.556407593408,4.29777156537008
488.363052760284,339.720888824389,4.61468974369868
27.884504200617,49.0327252541136,4.01000597906804
527.510174246642,137.254426122127,4.49644986738259
NA,NA,NA
662.459553729871,336.444754794017,3.47840771919734
456.008856102644,297.179898131058,3.58724672635983
12.5849572430222,488.832769412637,3.73507366701996
562.969121666609,48.6315370908876,4.25186248893757
73.4366032877259,372.622830030032,3.91110971469837
228.658203522155,409.548595021332,3.83478632298859
428.158676488954,11.67360246419,3.33144553871598
361.549572331282,295.85868075204,3.05435386172993
604.360609154611,107.853568299101,4.2463942666257
394.399241579019,231.110621752029,4.21847652563121
564.459103458739,416.306414371691,4.78216519654252
138.952087434797,293.591302579157,4.49794629862542
200.668969360681,368.657297257478,4.02599793359568
126.103581126847,409.470836011001,3.44299516608765
630.051080965033,313.567841516951,4.52319392203741
1.75572681167192,142.192830006203,4.27801953254787
545.330341309672,198.703314642344,4.13778521397747
32.0710074176719,491.398310384594,3.00614535351316
280.205529986913,21.0804068301003,3.78403711619102
532.315799824003,393.286789881765,3.42434562279709
80.2299529779048,75.6379171462444,5.27404072622363
3.91797134787026,79.6788280089436,3.51153273225419
588.339323566869,226.32264593261,3.98475087523047
441.912114050801,459.528684151425,4.71988689809137
660.58452982358,375.08846777522,3.18392729366185
109.885398383435,491.313645189173,4.42314630874363
625.369045283553,86.5214561122986,4.02804916640058
421.012493482351,261.080806252824,3.58653673741006
11.1371111626815,181.12505311481,3.24471331778226
75.5796383835896,98.8485664721962,4.69764021575178
621.289436328428,205.829366278367,4.39958703563083
259.602107848077,218.294264724341,3.83745545611606
576.346462901227,439.582751271835,3.72003074429816
298.603352251519,136.122976589672,3.78417485177662
525.937330108011,459.994930396268,3.69908283689349
55.4794764653076,419.721841470488,3.82784686008394
197.577934252954,280.580997556559,4.34847850249126
554.563042450638,263.58094682523,3.74602868616918
174.599476320313,18.1569441579103,4.22890028282105
507.911594110517,346.334131388039,4.55633650462993
38.1918439803906,50.7503532255125,3.70439658525254
545.062158151256,148.201933851835,4.95472350398015
NA,NA,NA
662.459553729871,336.444754794017,3.47840771919734
456.008856102644,297.179898131058,3.58724672635983
12.5849572430222,488.832769412637,3.73507366701996
562.969121666609,48.6315370908876,4.25186248893757
73.4366032877259,372.622830030032,3.91110971469837
228.658203522155,409.548595021332,3.83478632298859
428.158676488954,11.67360246419,3.33144553871598
361.549572331282,295.85868075204,3.05435386172993
604.360609154611,107.853568299101,4.2463942666257
394.399241579019,231.110621752029,4.21847652563121
564.459103458739,416.306414371691,4.78216519654252
138.952087434797,293.591302579157,4.49794629862542
200.668969360681,368.657297257478,4.02599793359568
126.103581126847,409.470836011001,3.44299516608765
630.051080965033,313.567841516951,4.52319392203741
1.75572681167192,142.192830006203,4.27801953254787
545.330341309672,198.703314642344,4.13778521397747
32.0710074176719,491.398310384594,3.00614535351316
280.205529986913,21.0804068301003,3.78403711619102
532.315799824003,393.286789881765,3.42434562279709
80.2299529779048,75.6379171462444,5.27404072622363
3.91797134787026,79.6788280089436,3.51153273225419
588.339323566869,226.32264593261,3.98475087523047
441.912114050801,459.528684151425,4.71988689809137
660.58452982358,375.08846777522,3.18392729366185
109.885398383435,491.313645189173,4.42314630874363
625.369045283553,86.5214561122986,4.02804916640058
421.012493482351,261.080806252824,3.58653673741006
11.1371111626815,181.12505311481,3.24471331778226
75.5796383835896,98.8485664721962,4.69764021575178
621.289436328428,205.829366278367,4.39958703563083
259.602107848077,218.294264724341,3.83745545611606
576.346462901227,439.582751271835,3.72003074429816
298.603352251519,136.122976589672,3.78417485177662
525.937330108011,459.994930396268,3.69908283689349
55.4794764653076,419.721841470488,3.82784686008394
197.577934252954,280.580997556559,4.34847850249126
554.563042450638,263.58094682523,3.74602868616918
174.599476320313,18.1569441579103,4.22890028282105
507.911594110517,346.334131388039,4.55633650462993
38.1918439803906,50.7503532255125,3.70439658525254
545.062158151256,148.201933851835,4.95472350398015
NA,NA,NA
662.459553729871,336.444754794017,3.47840771919734
456.008856102644,297.179898131058,3.58724672635983
12.5849572430222,488.832769412637,3.73507366701996
562.969121666609,48.6315370908876,4.25186248893757
73.4366032877259,372.622830030032,3.91110971469837
228.658203522155,409.548595021332,3.83478632298859
428.158676488954,11.67360246419,3.33144553871598
361.549572331282,295.85868075204,3.05435386172993
604.360609154611,107.853568299101,4.2463942666257
394.399241579019,231.110621752029,4.21847652563121
564.459103458739,416.306414371691,4.78216519654252
138.952087434797,293.591302579157,4.49794629862542
200.668969360681,368.657297257478,4.02599793359568
126.103581126847,409.470836011001,3.44299516608765
630.051080965033,313.567841516951,4.52319392203741
1.75572681167192,142.192830006203,4.27801953254787
545.330341309672,198.703314642344,4.13778521397747
32.0710074176719,491.398310384594,3.00614535351316
280.205529986913,21.0804068301003,3.78403711619102
532.315799824003,393.286789881765,3.42434562279709
80.2299529779048,75.6379171462444,5.27404072622363
3.91797134787026,79.6788280089436,3.51153273225419
588.339323566869,226.32264593261,3.98475087523047
441.912114050801,459.528684151425,4.71988689809137
660.58452982358,375.08846777522,3.18392729366185
109.885398383435,491.313645189173,4.42314630874363
625.369045283553,86.5214561122986,4.02804916640058
421.012493482351,261.080806252824,3.58653673741006
11.1371111626815,181.12505311481,3.24471331778226
75.5796383835896,98.8485664721962,4.69764021575178
621.289436328428,205.829366278367,4.39958703563083
259.602107848077,218.294264724341,3.83745545611606
576.346462901227,439.582751271835,3.72003074429816
298.603352251519,136.122976589672,3.78417485177662
525.937330108011,459.994930396268,3.69908283689349
55.4794764653076,419.721841470488,3.82784686008394
197.577934252954,280.580997556559,4.34847850249126
554.563042450638,263.58094682523,3.74602868616918
174.599476320313,18.1569441579103,4.22890028282105
507.911594110517,346.334131388039,4.55633650462993
38.1918439803906,50.7503532255125,3.70439658525254
545.062158151256,148.201933851835,4.95472350398015
NA,NA,NA
662.459553729871,336.444754794017,3.47840771919734
456.008856102644,297.179898131058,3.58724672635983
12.5849572430222,488.832769412637,3.73507366701996
562.969121666609,48.6315370908876,4.25186248893757
73.4366032877259,372.622830030032,3.91110971469837
228.658203522155,409.548595021332,3.83478632298859
428.158676488954,11.67360246419,3.33144553871598
361.549572331282,295.85868075204,3.05435386172993
604.360609154611,107.853568299101,4.2463942666257
394.399241579019,231.110621752029,4.21847652563121
564.459103458739,416.306414371691,4.78216519654252
138.952087434797,293.591302579157,4.49794629862542
200.668969360681,368.657297257478,4.02599793359568
126.103581126847,409.470836011001,3.44299516608765
630.051080965033,313.567841516951,4.52319392203741
1.75572681167192,142.192830006203,4.27801953254787
545.330341309672,198.703314642344,4.13778521397747
32.0710074176719,491.398310384594,3.00614535351316
280.205529986913,21.0804068301003,3.78403711619102
532.315799824003,393.286789881765,3.42434562279709
80.2299529779048,75.6379171462444,5.27404072622363
3.91797134787026,79.6788280089436,3.51153273225419
588.339323566869,226.32264593261,3.98475087523047
441.912114050801,459.528684151425,4.71988689809137
660.58452982358,375.08846777522,3.18392729366185
109.885398383435,491.313645189173,4.42314630874363
625.369045283553,86.5214561122986,4.02804916640058
421.012493482351,261.080806252824,3.58653673741006
11.1371111626815,181.12505311481,3.24471331778226
75.5796383835896,98.8485664721962,4.69764021575178
621.289436328428,205.829366278367,4.39958703563083
259.602107848077,218.294264724341,3.83745545611606
576.346462901227,439.582751271835,3.72003074429816
298.603352251519,136.122976589672,3.78417485177662
525.937330108011,459.994930396268,3.69908283689349
55.4794764653076,419.721841470488,3.82784686008394
197.577934252954,280.580997556559,4.34847850249126
554.563042450638,263.58094682523,3.74602868616918
174.599476320313,18.1569441579103,4.22890028282105
507.911594110517,346.334131388039,4.55633650462993
38.1918439803906,50.7503532255125,3.70439658525254
545.062158151256,148.201933851835,4.95472350398015
NA,NA,NA
662.459553729871,336.444754794017,3.47840771919734
456.008856102644,297.179898131058,3.58724672635983
12.5849572430222,488.832769412637,3.73507366701996
562.969121666609,48.6315370908876,4.25186248893757
73.4366032877259,372.622830030032,3.91110971469837
228.658203522155,409.548595021332,3.83478632298859
428.158676488954,11.67360246419,3.33144553871598
361.549572331282,295.85868075204,3.05435386172993
604.360609154611,107.853568299101,4.2463942666257
394.399241579019,231.110621752029,4.21847652563121
564.459103458739,416.306414371691,4.78216519654252
138.952087434797,293.591302579157,4.49794629862542
200.668969360681,368.657297257478,4.02599793359568
126.103581126847,409.470836011001,3.44299516608765
630.051080965033,313.567841516951,4.52319392203741
1.75572681167192,142.192830006203,4.27801953254787
545.330341309672,198.703314642344,4.13778521397747
32.0710074176719,491.398310384594,3.00614535351316
280.205529986913,21.0804068301003,3.78403711619102
532.315799824003,393.286789881765,3.42434562279709
80.2299529779048,75.6379171462444,5.27404072622363
3.91797134787026,79.6788280089436,3.51153273225419
588.339323566869,226.32264593261,3.98475087523047
441.912114050801,459.528684151425,4.71988689809137
660.58452982358,375.08846777522,3.18392729366185
109.885398383435,491.313645189173,4.42314630874363
625.369045283553,86.5214561122986,4.02804916640058
421.012493482351,261.080806252824,3.58653673741006
11.1371111626815,181.12505311481,3.24471331778226
75.5796383835896,98.8485664721962,4.69764021575178
621.289436328428,205.829366278367,4.39958703563083
259.602107848077,218.294264724341,3.83745545611606
576.346462901227,439.582751271835,3.72003074429816
298.603352251519,136.122976589672,3.78417485177662
525.937330108011,459.994930396268,3.69908283689349
55.4794764653076,419.721841470488,3.82784686008394
197.577934252954,280.580997556559,4.34847850249126
554.563042450638,263.58094682523,3.74602868616918
174.599476320313,18.1569441579103,4.22890028282105
507.911594110517,346.334131388039,4.55633650462993
38.1918439803906,50.7503532255125,3.70439658525254
545.062158151256,148.201933851835,4.95472350398015
NA,NA,NA
662.459553729871,336.444754794017,3.47840771919734
456.008856102644,297.179898131058,3.58724672635983
12.5849572430222,488.832769412637,3.73507366701996
562.969121666609,48.6315370908876,4.25186248893757
73.4366032877259,372.622830030032,3.91110971469837
228.658203522155,409.548595021332,3.83478632298859
428.158676488954,11.67360246419,3.33144553871598
361.549572331282,295.85868075204,3.05435386172993
604.360609154611,107.853568299101,4.2463942666257
394.399241579019,231.110621752029,4.21847652563121
564.459103458739,416.306414371691,4.78216519654252
138.952087434797,293.591302579157,4.49794629862542
200.668969360681,368.657297257478,4.02599793359568
126.103581126847,409.470836011001,3.44299516608765
630.051080965033,313.567841516951,4.52319392203741
1.75572681167192,142.192830006203,4.27801953254787
545.330341309672,198.703314642344,4.13778521397747
32.0710074176719,491.398310384594,3.00614535351316
280.205529986913,21.0804068301003,3.78403711619102
532.315799824003,393.286789881765,3.42434562279709
80.2299529779048,75.6379171462444,5.27404072622363
3.91797134787026,79.6788280089436,3.51153273225419
588.339323566869,226.32264593261,3.98475087523047
441.912114050801,459.528684151425,4.71988689809137
660.58452982358,375.08846777522,3.18392729366185
109.885398383435,491.313645189173,4.42314630874363
625.369045283553,86.5214561122986,4.02804916640058
421.012493482351,261.080806252824,3.58653673741006
11.1371111626815,181.12505311481,3.24471331778226
75.5796383835896,98.8485664721962,4.69764021575178
621.289436328428,205.829366278367,4.39958703563083
259.602107848077,218.294264724341,3.83745545611606
576.346462901227,439.582751271835,3.72003074429816
298.603352251519,136.122976589672,3.78417485177662
525.937330108011,459.994930396268,3.69908283689349
55.4794764653076,419.721841470488,3.82784686008394
197.577934252954,280.580997556559,4.34847850249126
554.563042450638,263.58094682523,3.74602868616918
174.599476320313,18.1569441579103,4.22890028282105
507.911594110517,346.334131388039,4.55633650462993
38.1918439803906,50.7503532255125,3.70439658525254
545.062158151256,148.201933851835,4.95472350398015
NA,NA,NA
661.451140985417,331.559826285109,3.44753050896227
456.030916300797,301.120876171264,3.64491307415613
12.4190544743899,497.507315280848,3.47338617553531
559.766915437986,50.5614752412098,4.16867189091766
67.7749833713009,373.238364721497,3.91496932753006
234.160238835179,412.026042885917,3.90918874196561
425.726166528868,16.2586555539519,3.19149648918999
362.100475400862,294.622127045367,3.21023887578848
601.982478503105,105.187121864296,4.32428589915168
387.793278467955,229.159535799916,4.10671812734011
563.608306559355,405.757789784956,4.7255487386024
138.873399208923,288.831301272635,4.41179229648618
201.213824624571,367.703353979604,4.11065939179441
121.489443229874,411.345307661169,3.45824729688042
622.083441870825,307.870340148884,4.66701409135925
-0.968172979073792,153.63655832736,4.30673888695126
538.330513951424,202.182987389562,4.30667814795433
36.4651749366911,492.743268604261,3.04871530842944
280.210864279078,22.1003455627293,3.87286973499366
533.777722188364,391.71345520926,3.40742510446868
65.8844743943058,64.1427486695456,5.34968345028258
3.72715336603095,77.7492125009301,3.29511311934668
584.250326263034,226.843075832075,3.96842016592347
442.774889007089,459.041025283739,4.75724712076901
657.909186728735,374.831617110652,3.23754611532238
105.499648254638,486.871411897641,4.37732498772276
623.82120246851,90.7863801050031,4.16151980246364
419.517016214946,256.457486571074,3.6530093395253
13.0886159336091,183.361202203066,3.09428685403735
55.2481249500875,138.154364054969,4.46632811238109
615.254459226117,214.382069674798,4.17129191800957
257.182853675683,220.165404024475,4.03608791657698
571.509525677742,436.367042740277,3.74934088397133
298.148124310834,135.723101777603,4.01175595888385
529.039379541968,454.435602374714,3.65639542938946
59.7466605568655,421.804769199144,4.02261528628032
191.139182719208,291.133906183595,3.95676348757772
553.808567015827,266.207381413538,3.79621555536368
189.271116198571,31.5639920595586,4.45217206559244
504.884854429096,347.140717278973,4.86848915568985
45.6488956089006,49.1476804364598,3.78944846172118
522.619581565562,157.850454367867,4.49105005494688
NA,NA,NA
661.451140985417,331.559826285109,3.44753050896227
456.030916300797,301.120876171264,3.64491307415613
12.4190544743899,497.507315280848,3.47338617553531
559.766915437986,50.5614752412098,4.16867189091766
67.7749833713009,373.238364721497,3.91496932753006
234.160238835179,412.026042885917,3.90918874196561
425.726166528868,16.2586555539519,3.19149648918999
362.100475400862,294.622127045367,3.21023887578848
601.982478503105,105.187121864296,4.32428589915168
387.793278467955,229.159535799916,4.10671812734011
563.608306559355,405.757789784956,4.7255487386024
138.873399208923,288.831301272635,4.41179229648618
201.213824624571,367.703353979604,4.11065939179441
121.489443229874,411.345307661169,3.45824729688042
622.083441870825,307.870340148884,4.66701409135925
-0.968172979073792,153.63655832736,4.30673888695126
538.330513951424,202.182987389562,4.30667814795433
36.4651749366911,492.743268604261,3.04871530842944
280.210864279078,22.1003455627293,3.87286973499366
533.777722188364,391.71345520926,3.40742510446868
65.8844743943058,64.1427486695456,5.34968345028258
3.72715336603095,77.7492125009301,3.29511311934668
584.250326263034,226.843075832075,3.96842016592347
442.774889007089,459.041025283739,4.75724712076901
657.909186728735,374.831617110652,3.23754611532238
105.499648254638,486.871411897641,4.37732498772276
623.82120246851,90.7863801050031,4.16151980246364
419.517016214946,256.457486571074,3.6530093395253
13.0886159336091,183.361202203066,3.09428685403735
55.2481249500875,138.154364054969,4.46632811238109
615.254459226117,214.382069674798,4.17129191800957
257.182853675683,220.165404024475,4.03608791657698
571.509525677742,436.367042740277,3.74934088397133
298.148124310834,135.723101777603,4.01175595888385
529.039379541968,454.435602374714,3.65639542938946
59.7466605568655,421.804769199144,4.02261528628032
191.139182719208,291.133906183595,3.95676348757772
553.808567015827,266.207381413538,3.79621555536368
189.271116198571,31.5639920595586,4.45217206559244
504.884854429096,347.140717278973,4.86848915568985
45.6488956089006,49.1476804364598,3.78944846172118
522.619581565562,157.850454367867,4.49105005494688
NA,NA,NA
661.451140985417,331.559826285109,3.44753050896227
456.030916300797,301.120876171264,3.64491307415613
12.4190544743899,497.507315280848,3.47338617553531
559.766915437986,50.5614752412098,4.16867189091766
67.7749833713009,373.238364721497,3.91496932753006
234.160238835179,412.026042885917,3.90918874196561
425.726166528868,16.2586555539519,3.19149648918999
362.100475400862,294.622127045367,3.21023887578848
601.982478503105,105.187121864296,4.32428589915168
387.793278467955,229.159535799916,4.10671812734011
563.608306559355,405.757789784956,4.7255487386024
138.873399208923,288.831301272635,4.41179229648618
201.213824624571,367.703353979604,4.11065939179441
121.489443229874,411.345307661169,3.45824729688042
622.083441870825,307.870340148884,4.66701409135925
-0.968172979073792,153.63655832736,4.30673888695126
538.330513951424,202.182987389562,4.30667814795433
36.4651749366911,492.743268604261,3.04871530842944
280.210864279078,22.1003455627293,3.87286973499366
533.777722188364,391.71345520926,3.40742510446868
65.8844743943058,64.1427486695456,5.34968345028258
3.72715336603095,77.7492125009301,3.29511311934668
584.250326263034,226.843075832075,3.96842016592347
442.774889007089,459.041025283739,4.75724712076901
657.909186728735,374.831617110652,3.23754611532238
105.499648254638,486.871411897641,4.37732498772276
623.82120246851,90.7863801050031,4.16151980246364
419.517016214946,256.457486571074,3.6530093395253
13.0886159336091,183.361202203066,3.09428685403735
55.2481249500875,138.154364054969,4.46632811238109
615.254459226117,214.382069674798,4.17129191800957
257.182853675683,220.165404024475,4.03608791657698
571.509525677742,436.367042740277,3.74934088397133
298.148124310834,135.723101777603,4.01175595888385
529.039379541968,454.435602374714,3.65639542938946
59.7466605568655,421.804769199144,4.02261528628032
191.139182719208,291.133906183595,3.95676348757772
553.808567015827,266.207381413538,3.79621555536368
189.271116198571,31.5639920595586,4.45217206559244
504.884854429096,347.140717278973,4.86848915568985
45.6488956089006,49.1476804364598,3.78944846172118
522.619581565562,157.850454367867,4.49105005494688
NA,NA,NA
661.451140985417,331.559826285109,3.44753050896227
456.030916300797,301.120876171264,3.64491307415613
12.4190544743899,497.507315280848,3.47338617553531
559.766915437986,50.5614752412098,4.16867189091766
67.7749833713009,373.238364721497,3.91496932753006
234.160238835179,412.026042885917,3.90918874196561
425.726166528868,16.2586555539519,3.19149648918999
362.100475400862,294.622127045367,3.21023887578848
601.982478503105,105.187121864296,4.32428589915168
387.793278467955,229.159535799916,4.10671812734011
563.608306559355,405.757789784956,4.7255487386024
138.873399208923,288.831301272635,4.41179229648618
201.213824624571,367.703353979604,4.11065939179441
121.489443229874,411.345307661169,3.45824729688042
622.083441870825,307.870340148884,4.66701409135925
-0.968172979073792,153.63655832736,4.30673888695126
538.330513951424,202.182987389562,4.30667814795433
36.4651749366911,492.743268604261,3.04871530842944
280.210864279078,22.1003455627293,3.87286973499366
533.777722188364,391.71345520926,3.40742510446868
65.8844743943058,64.1427486695456,5.34968345028258
3.72715336603095,77.7492125009301,3.29511311934668
584.250326263034,226.843075832075,3.96842016592347
442.774889007089,459.041025283739,4.75724712076901
657.909186728735,374.831617110652,3.23754611532238
105.499648254638,486.871411897641,4.37732498772276
623.82120246851,90.7863801050031,4.16151980246364
419.517016214946,256.457486571074,3.6530093395253
13.0886159336091,183.361202203066,3.09428685403735
55.2481249500875,138.154364054969,4.46632811238109
615.254459226117,214.382069674798,4.17129191800957
257.182853675683,220.165404024475,4.03608791657698
571.509525677742,436.367042740277,3.74934088397133
298.148124310834,135.723101777603,4.01175595888385
529.039379541968,454.435602374714,3.65639542938946
59.7466605568655,421.804769199144,4.02261528628032
191.139182719208,291.133906183595,3.95676348757772
553.808567015827,266.207381413538,3.79621555536368
189.271116198571,31.5639920595586,4.45217206559244
504.884854429096,347.140717278973,4.86848915568985
45.6488956089006,49.1476804364598,3.78944846172118
522.619581565562,157.850454367867,4.49105005494688
NA,NA,NA
661.451140985417,331.559826285109,3.44753050896227
456.030916300797,301.120876171264,3.64491307415613
12.4190544743899,497.507315280848,3.47338617553531
559.766915437986,50.5614752412098,4.16867189091766
67.7749833713009,373.238364721497,3.91496932753006
234.160238835179,412.026042885917,3.90918874196561
425.726166528868,16.2586555539519,3.19149648918999
362.100475400862,294.622127045367,3.21023887578848
601.982478503105,105.187121864296,4.32428589915168
387.793278467955,229.159535799916,4.10671812734011
563.608306559355,405.757789784956,4.7255487386024
138.873399208923,288.831301272635,4.41179229648618
201.213824624571,367.703353979604,4.11065939179441
121.489443229874,411.345307661169,3.45824729688042
622.083441870825,307.870340148884,4.66701409135925
-0.968172979073792,153.63655832736,4.30673888695126
538.330513951424,202.182987389562,4.30667814795433
36.4651749366911,492.743268604261,3.04871530842944
280.210864279078,22.1003455627293,3.87286973499366
533.777722188364,391.71345520926,3.40742510446868
65.8844743943058,64.1427486695456,5.34968345028258
3.72715336603095,77.7492125009301,3.29511311934668
584.250326263034,226.843075832075,3.96842016592347
442.774889007089,459.041025283739,4.75724712076901
657.909186728735,374.831617110652,3.23754611532238
105.499648254638,486.871411897641,4.37732498772276
623.82120246851,90.7863801050031,4.16151980246364
419.517016214946,256.457486571074,3.6530093395253
13.0886159336091,183.361202203066,3.09428685403735
55.2481249500875,138.154364054969,4.46632811238109
615.254459226117,214.382069674798,4.17129191800957
257.182853675683,220.165404024475,4.03608791657698
571.509525677742,436.367042740277,3.74934088397133
298.148124310834,135.723101777603,4.01175595888385
529.039379541968,454.435602374714,3.65639542938946
59.7466605568655,421.804769199144,4.02261528628032
191.139182719208,291.133906183595,3.95676348757772
553.808567015827,266.207381413538,3.79621555536368
189.271116198571,31.5639920595586,4.45217206559244
504.884854429096,347.140717278973,4.86848915568985
45.6488956089006,49.1476804364598,3.78944846172118
522.619581565562,157.850454367867,4.49105005494688
NA,NA,NA
661.451140985417,331.559826285109,3.44753050896227
456.030916300797,301.120876171264,3.64491307415613
12.4190544743899,497.507315280848,3.47338617553531
559.766915437986,50.5614752412098,4.16867189091766
67.7749833713009,373.238364721497,3.91496932753006
234.160238835179,412.026042885917,3.90918874196561
425.726166528868,16.2586555539519,3.19149648918999
362.100475400862,294.622127045367,3.21023887578848
601.982478503105,105.187121864296,4.32428589915168
387.793278467955,229.159535799916,4.10671812734011
563.608306559355,405.757789784956,4.7255487386024
138.873399208923,288.831301272635,4.41179229648618
201.213824624571,367.703353979604,4.11065939179441
121.489443229874,411.345307661169,3.45824729688042
622.083441870825,307.870340148884,4.66701409135925
-0.968172979073792,153.63655832736,4.30673888695126
538.330513951424,202.182987389562,4.30667814795433
36.4651749366911,492.743268604261,3.04871530842944
280.210864279078,22.1003455627293,3.87286973499366
533.777722188364,391.71345520926,3.40742510446868
65.8844743943058,64.1427486695456,5.34968345028258
3.72715336603095,77.7492125009301,3.29511311934668
584.250326263034,226.843075832075,3.96842016592347
442.774889007089,459.041025283739,4.75724712076901
657.909186728735,374.831617110652,3.23754611532238
105.499648254638,486.871411897641,4.37732498772276
623.82120246851,90.7863801050031,4.16151980246364
419.517016214946,256.457486571074,3.6530093395253
13.0886159336091,183.361202203066,3.09428685403735
55.2481249500875,138.154364054969,4.46632811238109
615.254459226117,214.382069674798,4.17129191800957
257.182853675683,220.165404024475,4.03608791657698
571.509525677742,436.367042740277,3.74934088397133
298.148124310834,135.723101777603,4.01175595888385
529.039379541968,454.435602374714,3.65639542938946
59.7466605568655,421.804769199144,4.02261528628032
191.139182719208,291.133906183595,3.95676348757772
553.808567015827,266.207381413538,3.79621555536368
189.271116198571,31.5639920595586,4.45217206559244
504.884854429096,347.140717278973,4.86848915568985
45.6488956089006,49.1476804364598,3.78944846172118
522.619581565562,157.850454367867,4.49105005494688
NA,NA,NA
659.091382920275,333.879418941178,3.50776533560849
458.339154832444,297.362859979729,3.52267446807527
10.3173230501763,491.452367494102,3.55619928589544
558.468560294007,50.5325987637014,4.25206553824986
70.4938337005685,370.6966661412,4.07922812700356
225.980891195624,416.51078745193,3.95205853502232
428.879972631911,12.9655649511945,3.35280428695494
362.253320575165,290.816075177779,3.0135964153442
604.453057918973,103.281559103831,4.25755219782746
387.993530614086,228.440699942159,4.19907451584785
578.648415595735,405.375925027888,4.66282183099299
144.487098438176,279.824917565952,4.63869234356091
205.06293727353,372.152002858003,3.9387051138708
122.515518081348,409.346870533493,3.39462388985017
621.89709790778,307.064748108218,4.58806659122617
-1.81022743617663,147.405160699952,4.35801873582487
543.710619293221,203.41216458447,4.17102388938911
33.5570330094021,491.119098396199,3.20780077437735
281.797008492991,25.3933121271394,3.87458775824593
532.030604357911,390.527939401841,3.3914441547892
75.225192306507,74.6348787275409,5.37943397061562
5.47993621942839,71.4076826497659,3.56071171074855
588.196659384951,229.49198913631,3.95872238353553
437.571767384735,460.8691399667,4.7071694677832
658.888362664894,371.024024805076,3.0361697649318
106.955498995367,485.087929922031,4.2858572188831
626.640731358315,92.1711116082298,4.0538515188662
418.625685899158,258.112731266711,3.71105747125107
10.7675398571588,183.034263818045,3.18456244060887
64.8306383263002,104.146385606397,4.30235137781444
605.954108239476,208.473406114594,4.23232149821944
252.498287001498,221.104139390159,3.79004612421995
582.754019713369,433.58204128765,3.91655705471184
298.864968868817,134.441774168178,3.9686968047813
524.397448635694,462.737814059062,3.6071910595109
42.1251733397851,412.7396096192,3.79886567177412
195.921158229519,277.838541437622,4.15509572417852
550.573000642548,267.521289856923,3.78394245023899
175.890586924335,25.4662490728574,4.16599145417653
499.203109995842,351.146658687536,4.50263767867246
33.3265453813432,43.5747597626093,3.52141216188691
551.070821929067,143.327552551507,4.43623989550107
NA,NA,NA
659.091382920275,333.879418941178,3.50776533560849
458.339154832444,297.362859979729,3.52267446807527
10.3173230501763,491.452367494102,3.55619928589544
558.468560294007,50.5325987637014,4.25206553824986
70.4938337005685,370.6966661412,4.07922812700356
225.980891195624,416.51078745193,3.95205853502232
428.879972631911,12.9655649511945,3.35280428695494
362.253320575165,290.816075177779,3.0135964153442
604.453057918973,103.281559103831,4.25755219782746
387.993530614086,228.440699942159,4.19907451584785
578.648415595735,405.375925027888,4.66282183099299
144.487098438176,279.824917565952,4.63869234356091
205.06293727353,372.152002858003,3.9387051138708
122.515518081348,409.346870533493,3.39462388985017
621.89709790778,307.064748108218,4.58806659122617
-1.81022743617663,147.405160699952,4.35801873582487
543.710619293221,203.41216458447,4.17102388938911
33.5570330094021,491.119098396199,3.20780077437735
281.797008492991,25.3933121271394,3.87458775824593
532.030604357911,390.527939401841,3.3914441547892
75.225192306507,74.6348787275409,5.37943397061562
5.47993621942839,71.4076826497659,3.56071171074855
588.196659384951,229.49198913631,3.95872238353553
437.571767384735,460.8691399667,4.7071694677832
658.888362664894,371.024024805076,3.0361697649318
106.955498995367,485.087929922031,4.2858572188831
626.640731358315,92.1711116082298,4.0538515188662
418.625685899158,258.112731266711,3.71105747125107
10.7675398571588,183.034263818045,3.18456244060887
64.8306383263002,104.146385606397,4.30235137781444
605.954108239476,208.473406114594,4.23232149821944
252.498287001498,221.104139390159,3.79004612421995
582.754019713369,433.58204128765,3.91655705471184
298.864968868817,134.441774168178,3.9686968047813
524.397448635694,462.737814059062,3.6071910595109
42.1251733397851,412.7396096192,3.79886567177412
195.921158229519,277.838541437622,4.15509572417852
550.573000642548,267.521289856923,3.78394245023899
175.890586924335,25.4662490728574,4.16599145417653
499.203109995842,351.146658687536,4.50263767867246
33.3265453813432,43.5747597626093,3.52141216188691
551.070821929067,143.327552551507,4.43623989550107
NA,NA,NA
659.091382920275,333.879418941178,3.50776533560849
458.339154832444,297.362859979729,3.52267446807527
10.3173230501763,491.452367494102,3.55619928589544
558.468560294007,50.5325987637014,4.25206553824986
70.4938337005685,370.6966661412,4.07922812700356
225.980891195624,416.51078745193,3.95205853502232
428.879972631911,12.9655649511945,3.35280428695494
362.253320575165,290.816075177779,3.0135964153442
604.453057918973,103.281559103831,4.25755219782746
387.993530614086,228.440699942159,4.19907451584785
578.648415595735,405.375925027888,4.66282183099299
144.487098438176,279.824917565952,4.63869234356091
205.06293727353,372.152002858003,3.9387051138708
122.515518081348,409.346870533493,3.39462388985017
621.89709790778,307.064748108218,4.58806659122617
-1.81022743617663,147.405160699952,4.35801873582487
543.710619293221,203.41216458447,4.17102388938911
33.5570330094021,491.119098396199,3.20780077437735
281.797008492991,25.3933121271394,3.87458775824593
532.030604357911,390.527939401841,3.3914441547892
75.225192306507,74.6348787275409,5.37943397061562
5.47993621942839,71.4076826497659,3.56071171074855
588.196659384951,229.49198913631,3.95872238353553
437.571767384735,460.8691399667,4.7071694677832
658.888362664894,371.024024805076,3.0361697649318
106.955498995367,485.087929922031,4.2858572188831
626.640731358315,92.1711116082298,4.0538515188662
418.625685899158,258.112731266711,3.71105747125107
10.7675398571588,183.034263818045,3.18456244060887
64.8306383263002,104.146385606397,4.30235137781444
605.954108239476,208.473406114594,4.23232149821944
252.498287001498,221.104139390159,3.79004612421995
582.754019713369,433.58204128765,3.91655705471184
298.864968868817,134.441774168178,3.9686968047813
524.397448635694,462.737814059062,3.6071910595109
42.1251733397851,412.7396096192,3.79886567177412
195.921158229519,277.838541437622,4.15509572417852
550.573000642548,267.521289856923,3.78394245023899
175.890586924335,25.4662490728574,4.16599145417653
499.203109995842,351.146658687536,4.50263767867246
33.3265453813432,43.5747597626093,3.52141216188691
551.070821929067,143.327552551507,4.43623989550107
NA,NA,NA
659.091382920275,333.879418941178,3.50776533560849
458.339154832444,297.362859979729,3.52267446807527
10.3173230501763,491.452367494102,3.55619928589544
558.468560294007,50.5325987637014,4.25206553824986
70.4938337005685,370.6966661412,4.07922812700356
225.980891195624,416.51078745193,3.95205853502232
428.879972631911,12.9655649511945,3.35280428695494
362.253320575165,290.816075177779,3.0135964153442
604.453057918973,103.281559103831,4.25755219782746
387.993530614086,228.440699942159,4.19907451584785
578.648415595735,405.375925027888,4.66282183099299
144.487098438176,279.824917565952,4.63869234356091
205.06293727353,372.152002858003,3.9387051138708
122.515518081348,409.346870533493,3.39462388985017
621.89709790778,307.064748108218,4.58806659122617
-1.81022743617663,147.405160699952,4.35801873582487
543.710619293221,203.41216458447,4.17102388938911
33.5570330094021,491.119098396199,3.20780077437735
281.797008492991,25.3933121271394,3.87458775824593
532.030604357911,390.527939401841,3.3914441547892
75.225192306507,74.6348787275409,5.37943397061562
5.47993621942839,71.4076826497659,3.56071171074855
588.196659384951,229.49198913631,3.95872238353553
437.571767384735,460.8691399667,4.7071694677832
658.888362664894,371.024024805076,3.0361697649318
106.955498995367,485.087929922031,4.2858572188831
626.640731358315,92.1711116082298,4.0538515188662
418.625685899158,258.112731266711,3.71105747125107
10.7675398571588,183.034263818045,3.18456244060887
64.8306383263002,104.146385606397,4.30235137781444
605.954108239476,208.473406114594,4.23232149821944
252.498287001498,221.104139390159,3.79004612421995
582.754019713369,433.58204128765,3.91655705471184
298.864968868817,134.441774168178,3.9686968047813
524.397448635694,462.737814059062,3.6071910595109
42.1251733397851,412.7396096192,3.79886567177412
195.921158229519,277.838541437622,4.15509572417852
550.573000642548,267.521289856923,3.78394245023899
175.890586924335,25.4662490728574,4.16599145417653
499.203109995842,351.146658687536,4.50263767867246
33.3265453813432,43.5747597626093,3.52141216188691
551.070821929067,143.327552551507,4.43623989550107
NA,NA,NA
659.091382920275,333.879418941178,3.50776533560849
458.339154832444,297.362859979729,3.52267446807527
10.3173230501763,491.452367494102,3.55619928589544
558.468560294007,50.5325987637014,4.25206553824986
70.4938337005685,370.6966661412,4.07922812700356
225.980891195624,416.51078745193,3.95205853502232
428.879972631911,12.9655649511945,3.35280428695494
362.253320575165,290.816075177779,3.0135964153442
604.453057918973,103.281559103831,4.25755219782746
387.993530614086,228.440699942159,4.19907451584785
578.648415595735,405.375925027888,4.66282183099299
144.487098438176,279.824917565952,4.63869234356091
205.06293727353,372.152002858003,3.9387051138708
122.515518081348,409.346870533493,3.39462388985017
621.89709790778,307.064748108218,4.58806659122617
-1.81022743617663,147.405160699952,4.35801873582487
543.710619293221,203.41216458447,4.17102388938911
33.5570330094021,491.119098396199,3.20780077437735
281.797008492991,25.3933121271394,3.87458775824593
532.030604357911,390.527939401841,3.3914441547892
75.225192306507,74.6348787275409,5.37943397061562
5.47993621942839,71.4076826497659,3.56071171074855
588.196659384951,229.49198913631,3.95872238353553
437.571767384735,460.8691399667,4.7071694677832
658.888362664894,371.024024805076,3.0361697649318
106.955498995367,485.087929922031,4.2858572188831
626.640731358315,92.1711116082298,4.0538515188662
418.625685899158,258.112731266711,3.71105747125107
10.7675398571588,183.034263818045,3.18456244060887
64.8306383263002,104.146385606397,4.30235137781444
605.954108239476,208.473406114594,4.23232149821944
252.498287001498,221.104139390159,3.79004612421995
582.754019713369,433.58204128765,3.91655705471184
298.864968868817,134.441774168178,3.9686968047813
524.397448635694,462.737814059062,3.6071910595109
42.1251733397851,412.7396096192,3.79886567177412
195.921158229519,277.838541437622,4.15509572417852
550.573000642548,267.521289856923,3.78394245023899
175.890586924335,25.4662490728574,4.16599145417653
499.203109995842,351.146658687536,4.50263767867246
33.3265453813432,43.5747597626093,3.52141216188691
551.070821929067,143.327552551507,4.43623989550107
NA,NA,NA
659.091382920275,333.879418941178,3.50776533560849
458.339154832444,297.362859979729,3.52267446807527
10.3173230501763,491.452367494102,3.55619928589544
558.468560294007,50.5325987637014,4.25206553824986
70.4938337005685,370.6966661412,4.07922812700356
225.980891195624,416.51078745193,3.95205853502232
428.879972631911,12.9655649511945,3.35280428695494
362.253320575165,290.816075177779,3.0135964153442
604.453057918973,103.281559103831,4.25755219782746
387.993530614086,228.440699942159,4.19907451584785
578.648415595735,405.375925027888,4.66282183099299
144.487098438176,279.824917565952,4.63869234356091
205.06293727353,372.152002858003,3.9387051138708
122.515518081348,409.346870533493,3.39462388985017
621.89709790778,307.064748108218,4.58806659122617
-1.81022743617663,147.405160699952,4.35801873582487
543.710619293221,203.41216458447,4.17102388938911
33.5570330094021,491.119098396199,3.20780077437735
281.797008492991,25.3933121271394,3.87458775824593
532.030604357911,390.527939401841,3.3914441547892
75.225192306507,74.6348787275409,5.37943397061562
5.47993621942839,71.4076826497659,3.56071171074855
588.196659384951,229.49198913631,3.95872238353553
437.571767384735,460.8691399667,4.7071694677832
658.888362664894,371.024024805076,3.0361697649318
106.955498995367,485.087929922031,4.2858572188831
626.640731358315,92.1711116082298,4.0538515188662
418.625685899158,258.112731266711,3.71105747125107
10.7675398571588,183.034263818045,3.18456244060887
64.8306383263002,104.146385606397,4.30235137781444
605.954108239476,208.473406114594,4.23232149821944
252.498287001498,221.104139390159,3.79004612421995
582.754019713369,433.58204128765,3.91655705471184
298.864968868817,134.441774168178,3.9686968047813
524.397448635694,462.737814059062,3.6071910595109
42.1251733397851,412.7396096192,3.79886567177412
195.921158229519,277.838541437622,4.15509572417852
550.573000642548,267.521289856923,3.78394245023899
175.890586924335,25.4662490728574,4.16599145417653
499.203109995842,351.146658687536,4.50263767867246
33.3265453813432,43.5747597626093,3.52141216188691
551.070821929067,143.327552551507,4.43623989550107
NA,NA,NA
663.509171555927,334.600590027229,3.47885217258464
459.848519535547,296.488818653851,3.71348459073438
15.2700570316853,490.426287398517,3.58920819661219
559.036642614397,46.6649462758061,4.15741750191405
70.2419611023703,377.372590335177,3.91393927846087
223.878306135957,413.54817801205,3.88274399961766
428.050167012683,13.5482517017878,3.32795319879137
361.68009156876,292.742714962437,3.12110520455866
601.885962507937,103.4568822202,4.2111896097068
389.584011235598,230.773990603408,4.2235185345324
566.965271776844,411.011567943369,4.74665524337663
132.581342464681,284.165668209959,4.5426602664045
200.474798506629,365.008864550486,4.01923369472178
125.813098059093,409.910724888962,3.40362150395798
628.324365643556,314.343244715267,4.67954256600004
2.69950675992739,154.922943458307,4.34143923239777
542.18519325464,204.637503116978,4.1807204539878
33.5398835428843,491.052830994441,3.14326714044144
275.921429265115,18.5888970263084,3.86715073389171
535.767284502057,391.958630870538,3.4543139829144
67.4330337915422,71.8139121805795,5.24835187452513
4.60834180456943,74.022671504957,3.61827021629233
588.881272351088,222.938124903335,4.10076077612129
447.475745913003,463.153774645779,4.73998082123676
660.103763402007,373.83035838927,3.16746245934334
104.752424678934,481.035981331764,4.36866103756943
622.65286515685,89.0727894095798,4.08794464310138
423.197474342332,259.306873843559,3.58820452812587
11.5293372544173,179.32754549057,3.31334231576413
59.7378054669065,121.535276772684,4.61949853896856
606.368806064733,193.720962287603,4.32003060987321
248.748177082014,218.501657632535,3.81872726442428
585.295296619349,426.559211000839,3.89482905760191
300.818538754766,135.260598603058,3.86943831564794
529.427966689179,462.593116839849,3.88070186200075
48.5074528028369,421.33122491509,3.59184915268836
198.437168570432,296.97231429683,4.16622796607441
549.768192689195,266.207820097883,3.61457055523403
174.619119291575,30.9650928539296,4.38751630892564
496.280594721653,353.943042559147,4.45806263692774
43.0759697974255,48.8071512162618,3.85093647690202
501.768468009515,149.927466660864,4.76501811160328
NA,NA,NA
663.509171555927,334.600590027229,3.47885217258464
459.848519535547,296.488818653851,3.71348459073438
15.2700570316853,490.426287398517,3.58920819661219
559.036642614397,46.6649462758061,4.15741750191405
70.2419611023703,377.372590335177,3.91393927846087
223.878306135957,413.54817801205,3.88274399961766
428.050167012683,13.5482517017878,3.32795319879137
361.68009156876,292.742714962437,3.12110520455866
601.885962507937,103.4568822202,4.2111896097068
389.584011235598,230.773990603408,4.2235185345324
566.965271776844,411.011567943369,4.74665524337663
132.581342464681,284.165668209959,4.5426602664045
200.474798506629,365.008864550486,4.01923369472178
125.813098059093,409.910724888962,3.40362150395798
628.324365643556,314.343244715267,4.67954256600004
2.69950675992739,154.922943458307,4.34143923239777
542.18519325464,204.637503116978,4.1807204539878
33.5398835428843,491.052830994441,3.14326714044144
275.921429265115,18.5888970263084,3.86715073389171
535.767284502057,391.958630870538,3.4543139829144
67.4330337915422,71.8139121805795,5.24835187452513
4.60834180456943,74.022671504957,3.61827021629233
588.881272351088,222.938124903335,4.10076077612129
447.475745913003,463.153774645779,4.73998082123676
660.103763402007,373.83035838927,3.16746245934334
104.752424678934,481.035981331764,4.36866103756943
622.65286515685,89.0727894095798,4.08794464310138
423.197474342332,259.306873843559,3.58820452812587
11.5293372544173,179.32754549057,3.31334231576413
59.7378054669065,121.535276772684,4.61949853896856
606.368806064733,193.720962287603,4.32003060987321
248.748177082014,218.501657632535,3.81872726442428
585.295296619349,426.559211000839,3.89482905760191
300.818538754766,135.260598603058,3.86943831564794
529.427966689179,462.593116839849,3.88070186200075
48.5074528028369,421.33122491509,3.59184915268836
198.437168570432,296.97231429683,4.16622796607441
549.768192689195,266.207820097883,3.61457055523403
174.619119291575,30.9650928539296,4.38751630892564
496.280594721653,353.943042559147,4.45806263692774
43.0759697974255,48.8071512162618,3.85093647690202
501.768468009515,149.927466660864,4.76501811160328
NA,NA,NA
663.509171555927,334.600590027229,3.47885217258464
459.848519535547,296.488818653851,3.71348459073438
15.2700570316853,490.426287398517,3.58920819661219
559.036642614397,46.6649462758061,4.15741750191405
70.2419611023703,377.372590335177,3.91393927846087
223.878306135957,413.54817801205,3.88274399961766
428.050167012683,13.5482517017878,3.32795319879137
361.68009156876,292.742714962437,3.12110520455866
601.885962507937,103.4568822202,4.2111896097068
389.584011235598,230.773990603408,4.2235185345324
566.965271776844,411.011567943369,4.74665524337663
132.581342464681,284.165668209959,4.5426602664045
200.474798506629,365.008864550486,4.01923369472178
125.813098059093,409.910724888962,3.40362150395798
628.324365643556,314.343244715267,4.67954256600004
2.69950675992739,154.922943458307,4.34143923239777
542.18519325464,204.637503116978,4.1807204539878
33.5398835428843,491.052830994441,3.14326714044144
275.921429265115,18.5888970263084,3.86715073389171
535.767284502057,391.958630870538,3.4543139829144
67.4330337915422,71.8139121805795,5.24835187452513
4.60834180456943,74.022671504957,3.61827021629233
588.881272351088,222.938124903335,4.10076077612129
447.475745913003,463.153774645779,4.73998082123676
660.103763402007,373.83035838927,3.16746245934334
104.752424678934,481.035981331764,4.36866103756943
622.65286515685,89.0727894095798,4.08794464310138
423.197474342332,259.306873843559,3.58820452812587
11.5293372544173,179.32754549057,3.31334231576413
59.7378054669065,121.535276772684,4.61949853896856
606.368806064733,193.720962287603,4.32003060987321
248.748177082014,218.501657632535,3.81872726442428
585.295296619349,426.559211000839,3.89482905760191
300.818538754766,135.260598603058,3.86943831564794
529.427966689179,462.593116839849,3.88070186200075
48.5074528028369,421.33122491509,3.59184915268836
198.437168570432,296.97231429683,4.16622796607441
549.768192689195,266.207820097883,3.61457055523403
174.619119291575,30.9650928539296,4.38751630892564
496.280594721653,353.943042559147,4.45806263692774
43.0759697974255,48.8071512162618,3.85093647690202
501.768468009515,149.927466660864,4.76501811160328
NA,NA,NA
663.509171555927,334.600590027229,3.47885217258464
459.848519535547,296.488818653851,3.71348459073438
15.2700570316853,490.426287398517,3.58920819661219
559.036642614397,46.6649462758061,4.15741750191405
70.2419611023703,377.372590335177,3.91393927846087
223.878306135957,413.54817801205,3.88274399961766
428.050167012683,13.5482517017878,3.32795319879137
361.68009156876,292.742714962437,3.12110520455866
601.885962507937,103.4568822202,4.2111896097068
389.584011235598,230.773990603408,4.2235185345324
566.965271776844,411.011567943369,4.74665524337663
132.581342464681,284.165668209959,4.5426602664045
200.474798506629,365.008864550486,4.01923369472178
125.813098059093,409.910724888962,3.40362150395798
628.324365643556,314.343244715267,4.67954256600004
2.69950675992739,154.922943458307,4.34143923239777
542.18519325464,204.637503116978,4.1807204539878
33.5398835428843,491.052830994441,3.14326714044144
275.921429265115,18.5888970263084,3.86715073389171
535.767284502057,391.958630870538,3.4543139829144
67.4330337915422,71.8139121805795,5.24835187452513
4.60834180456943,74.022671504957,3.61827021629233
588.881272351088,222.938124903335,4.10076077612129
447.475745913003,463.153774645779,4.73998082123676
660.103763402007,373.83035838927,3.16746245934334
104.752424678934,481.035981331764,4.36866103756943
622.65286515685,89.0727894095798,4.08794464310138
423.197474342332,259.306873843559,3.58820452812587
11.5293372544173,179.32754549057,3.31334231576413
59.7378054669065,121.535276772684,4.61949853896856
606.368806064733,193.720962287603,4.32003060987321
248.748177082014,218.501657632535,3.81872726442428
585.295296619349,426.559211000839,3.89482905760191
300.818538754766,135.260598603058,3.86943831564794
529.427966689179,462.593116839849,3.88070186200075
48.5074528028369,421.33122491509,3.59184915268836
198.437168570432,296.97231429683,4.16622796607441
549.768192689195,266.207820097883,3.61457055523403
174.619119291575,30.9650928539296,4.38751630892564
496.280594721653,353.943042559147,4.45806263692774
43.0759697974255,48.8071512162618,3.85093647690202
501.768468009515,149.927466660864,4.76501811160328
NA,NA,NA
663.509171555927,334.600590027229,3.47885217258464
459.848519535547,296.488818653851,3.71348459073438
15.2700570316853,490.426287398517,3.58920819661219
559.036642614397,46.6649462758061,4.15741750191405
70.2419611023703,377.372590335177,3.91393927846087
223.878306135957,413.54817801205,3.88274399961766
428.050167012683,13.5482517017878,3.32795319879137
361.68009156876,292.742714962437,3.12110520455866
601.885962507937,103.4568822202,4.2111896097068
389.584011235598,230.773990603408,4.2235185345324
566.965271776844,411.011567943369,4.74665524337663
132.581342464681,284.165668209959,4.5426602664045
200.474798506629,365.008864550486,4.01923369472178
125.813098059093,409.910724888962,3.40362150395798
628.324365643556,314.343244715267,4.67954256600004
2.69950675992739,154.922943458307,4.34143923239777
542.18519325464,204.637503116978,4.1807204539878
33.5398835428843,491.052830994441,3.14326714044144
275.921429265115,18.5888970263084,3.86715073389171
535.767284502057,391.958630870538,3.4543139829144
67.4330337915422,71.8139121805795,5.24835187452513
4.60834180456943,74.022671504957,3.61827021629233
588.881272351088,222.938124903335,4.10076077612129
447.475745913003,463.153774645779,4.73998082123676
660.103763402007,373.83035838927,3.16746245934334
104.752424678934,481.035981331764,4.36866103756943
622.65286515685,89.0727894095798,4.08794464310138
423.197474342332,259.306873843559,3.58820452812587
11.5293372544173,179.32754549057,3.31334231576413
59.7378054669065,121.535276772684,4.61949853896856
606.368806064733,193.720962287603,4.32003060987321
248.748177082014,218.501657632535,3.81872726442428
585.295296619349,426.559211000839,3.89482905760191
300.818538754766,135.260598603058,3.86943831564794
529.427966689179,462.593116839849,3.88070186200075
48.5074528028369,421.33122491509,3.59184915268836
198.437168570432,296.97231429683,4.16622796607441
549.768192689195,266.207820097883,3.61457055523403
174.619119291575,30.9650928539296,4.38751630892564
496.280594721653,353.943042559147,4.45806263692774
43.0759697974255,48.8071512162618,3.85093647690202
501.768468009515,149.927466660864,4.76501811160328
NA,NA,NA
663.509171555927,334.600590027229,3.47885217258464
459.848519535547,296.488818653851,3.71348459073438
15.2700570316853,490.426287398517,3.58920819661219
559.036642614397,46.6649462758061,4.15741750191405
70.2419611023703,377.372590335177,3.91393927846087
223.878306135957,413.54817801205,3.88274399961766
428.050167012683,13.5482517017878,3.32795319879137
361.68009156876,292.742714962437,3.12110520455866
601.885962507937,103.4568822202,4.2111896097068
389.584011235598,230.773990603408,4.2235185345324
566.965271776844,411.011567943369,4.74665524337663
132.581342464681,284.165668209959,4.5426602664045
200.474798506629,365.008864550486,4.01923369472178
125.813098059093,409.910724888962,3.40362150395798
628.324365643556,314.343244715267,4.67954256600004
2.69950675992739,154.922943458307,4.34143923239777
542.18519325464,204.637503116978,4.1807204539878
33.5398835428843,491.052830994441,3.14326714044144
275.921429265115,18.5888970263084,3.86715073389171
535.767284502057,391.958630870538,3.4543139829144
67.4330337915422,71.8139121805795,5.24835187452513
4.60834180456943,74.022671504957,3.61827021629233
588.881272351088,222.938124903335,4.10076077612129
447.475745913003,463.153774645779,4.73998082123676
660.103763402007,373.83035838927,3.16746245934334
104.752424678934,481.035981331764,4.36866103756943
622.65286515685,89.0727894095798,4.08794464310138
423.197474342332,259.306873843559,3.58820452812587
11.5293372544173,179.32754549057,3.31334231576413
59.7378054669065,121.535276772684,4.61949853896856
606.368806064733,193.720962287603,4.32003060987321
248.748177082014,218.501657632535,3.81872726442428
585.295296619349,426.559211000839,3.89482905760191
300.818538754766,135.260598603058,3.86943831564794
529.427966689179,462.593116839849,3.88070186200075
48.5074528028369,421.33122491509,3.59184915268836
198.437168570432,296.97231429683,4.16622796607441
549.768192689195,266.207820097883,3.61457055523403
174.619119291575,30.9650928539296,4.38751630892564
496.280594721653,353.943042559147,4.45806263692774
43.0759697974255,48.8071512162618,3.85093647690202
501.768468009515,149.927466660864,4.76501811160328
NA,NA,NA
663.58547100614,331.619552628782,3.5430807537356
453.658973780832,297.48645617821,3.51982130670794
12.3241506105795,497.473764781086,3.71010810150162
566.623406874784,49.6350583268094,4.2093876198996
75.6163091190625,371.793392761747,3.98460455366288
222.029536267993,419.644593490037,3.92187751049318
429.626636493486,14.5040873053064,3.45150729318457
364.038321986218,293.914322536306,3.05965689315322
604.317029005717,104.78529455103,4.25935420652819
396.017607256101,228.211788517028,4.20104727402297
571.53875301182,406.183697721534,4.76687767738695
150.292329259069,283.0961570189,4.55432235036902
202.539954133856,371.992908725613,4.06368519180568
124.119482167084,414.495978243822,3.4764823518592
629.588507797699,312.130934214278,4.53055205451469
4.64130868158602,146.249945484603,4.25275755889036
543.060315019296,199.940068219652,4.18100034541209
33.6470756780056,491.145135394545,3.00198888361054
278.741367722244,29.1559580826081,4.14646491025128
533.853069335648,390.028264384171,3.28584865710088
78.3763549258715,76.9578807832347,5.3550842207908
5.77815061676751,77.0012699074389,3.54790057916939
588.340754335475,228.491156998867,3.96301573563312
438.966627232071,460.216636465956,4.77846138125181
659.545897560639,372.575706971962,3.02486633270887
101.972930921322,485.612371739359,4.35518796066923
625.262143175457,91.2355131339362,4.0518553446161
418.494259487799,254.637698269606,3.60269234621521
11.0919094338398,181.759707448232,3.21797234614896
62.3933379871804,125.053044347048,4.38652280931468
618.748041014078,195.558712735605,4.34695393989866
263.213547266988,222.443584728692,3.86160975364302
574.425476741504,442.126091398728,3.91566177944053
300.758237685661,138.573223941192,3.91818284905936
527.411062214051,458.163215630707,3.5305424077485
47.4484843981497,424.917093033389,3.72695094682756
191.734233654641,297.136186245666,3.85405000324206
555.330122755618,264.50503640707,3.90793395775055
177.559871678109,27.5302303419966,4.35635679247642
499.726378280423,343.859226037247,4.53608476397479
46.65601845832,47.8031943054981,4.6004449720815
530.641841119451,149.664179366485,4.61050291389729
NA,NA,NA
663.58547100614,331.619552628782,3.5430807537356
453.658973780832,297.48645617821,3.51982130670794
12.3241506105795,497.473764781086,3.71010810150162
566.623406874784,49.6350583268094,4.2093876198996
75.6163091190625,371.793392761747,3.98460455366288
222.029536267993,419.644593490037,3.92187751049318
429.626636493486,14.5040873053064,3.45150729318457
364.038321986218,293.914322536306,3.05965689315322
604.317029005717,104.78529455103,4.25935420652819
396.017607256101,228.211788517028,4.20104727402297
571.53875301182,406.183697721534,4.76687767738695
150.292329259069,283.0961570189,4.55432235036902
202.539954133856,371.992908725613,4.06368519180568
124.119482167084,414.495978243822,3.4764823518592
629.588507797699,312.130934214278,4.53055205451469
4.64130868158602,146.249945484603,4.25275755889036
543.060315019296,199.940068219652,4.18100034541209
33.6470756780056,491.145135394545,3.00198888361054
278.741367722244,29.1559580826081,4.14646491025128
533.853069335648,390.028264384171,3.28584865710088
78.3763549258715,76.9578807832347,5.3550842207908
5.77815061676751,77.0012699074389,3.54790057916939
588.340754335475,228.491156998867,3.96301573563312
438.966627232071,460.216636465956,4.77846138125181
659.545897560639,372.575706971962,3.02486633270887
101.972930921322,485.612371739359,4.35518796066923
625.262143175457,91.2355131339362,4.0518553446161
418.494259487799,254.637698269606,3.60269234621521
11.0919094338398,181.759707448232,3.21797234614896
62.3933379871804,125.053044347048,4.38652280931468
618.748041014078,195.558712735605,4.34695393989866
263.213547266988,222.443584728692,3.86160975364302
574.425476741504,442.126091398728,3.91566177944053
300.758237685661,138.573223941192,3.91818284905936
527.411062214051,458.163215630707,3.5305424077485
47.4484843981497,424.917093033389,3.72695094682756
191.734233654641,297.136186245666,3.85405000324206
555.330122755618,264.50503640707,3.90793395775055
177.559871678109,27.5302303419966,4.35635679247642
499.726378280423,343.859226037247,4.53608476397479
46.65601845832,47.8031943054981,4.6004449720815
530.641841119451,149.664179366485,4.61050291389729
NA,NA,NA
663.58547100614,331.619552628782,3.5430807537356
453.658973780832,297.48645617821,3.51982130670794
12.3241506105795,497.473764781086,3.71010810150162
566.623406874784,49.6350583268094,4.2093876198996
75.6163091190625,371.793392761747,3.98460455366288
222.029536267993,419.644593490037,3.92187751049318
429.626636493486,14.5040873053064,3.45150729318457
364.038321986218,293.914322536306,3.05965689315322
604.317029005717,104.78529455103,4.25935420652819
396.017607256101,228.211788517028,4.20104727402297
571.53875301182,406.183697721534,4.76687767738695
150.292329259069,283.0961570189,4.55432235036902
202.539954133856,371.992908725613,4.06368519180568
124.119482167084,414.495978243822,3.4764823518592
629.588507797699,312.130934214278,4.53055205451469
4.64130868158602,146.249945484603,4.25275755889036
543.060315019296,199.940068219652,4.18100034541209
33.6470756780056,491.145135394545,3.00198888361054
278.741367722244,29.1559580826081,4.14646491025128
533.853069335648,390.028264384171,3.28584865710088
78.3763549258715,76.9578807832347,5.3550842207908
5.77815061676751,77.0012699074389,3.54790057916939
588.340754335475,228.491156998867,3.96301573563312
438.966627232071,460.216636465956,4.77846138125181
659.545897560639,372.575706971962,3.02486633270887
101.972930921322,485.612371739359,4.35518796066923
625.262143175457,91.2355131339362,4.0518553446161
418.494259487799,254.637698269606,3.60269234621521
11.0919094338398,181.759707448232,3.21797234614896
62.3933379871804,125.053044347048,4.38652280931468
618.748041014078,195.558712735605,4.34695393989866
263.213547266988,222.443584728692,3.86160975364302
574.425476741504,442.126091398728,3.91566177944053
300.758237685661,138.573223941192,3.91818284905936
527.411062214051,458.163215630707,3.5305424077485
47.4484843981497,424.917093033389,3.72695094682756
191.734233654641,297.136186245666,3.85405000324206
555.330122755618,264.50503640707,3.90793395775055
177.559871678109,27.5302303419966,4.35635679247642
499.726378280423,343.859226037247,4.53608476397479
46.65601845832,47.8031943054981,4.6004449720815
530.641841119451,149.664179366485,4.61050291389729
NA,NA,NA
663.58547100614,331.619552628782,3.5430807537356
453.658973780832,297.48645617821,3.51982130670794
12.3241506105795,497.473764781086,3.71010810150162
566.623406874784,49.6350583268094,4.2093876198996
75.6163091190625,371.793392761747,3.98460455366288
222.029536267993,419.644593490037,3.92187751049318
429.626636493486,14.5040873053064,3.45150729318457
364.038321986218,293.914322536306,3.05965689315322
604.317029005717,104.78529455103,4.25935420652819
396.017607256101,228.211788517028,4.20104727402297
571.53875301182,406.183697721534,4.76687767738695
150.292329259069,283.0961570189,4.55432235036902
202.539954133856,371.992908725613,4.06368519180568
124.119482167084,414.495978243822,3.4764823518592
629.588507797699,312.130934214278,4.53055205451469
4.64130868158602,146.249945484603,4.25275755889036
543.060315019296,199.940068219652,4.18100034541209
33.6470756780056,491.145135394545,3.00198888361054
278.741367722244,29.1559580826081,4.14646491025128
533.853069335648,390.028264384171,3.28584865710088
78.3763549258715,76.9578807832347,5.3550842207908
5.77815061676751,77.0012699074389,3.54790057916939
588.340754335475,228.491156998867,3.96301573563312
438.966627232071,460.216636465956,4.77846138125181
659.545897560639,372.575706971962,3.02486633270887
101.972930921322,485.612371739359,4.35518796066923
625.262143175457,91.2355131339362,4.0518553446161
418.494259487799,254.637698269606,3.60269234621521
11.0919094338398,181.759707448232,3.21797234614896
62.3933379871804,125.053044347048,4.38652280931468
618.748041014078,195.558712735605,4.34695393989866
263.213547266988,222.443584728692,3.86160975364302
574.425476741504,442.126091398728,3.91566177944053
300.758237685661,138.573223941192,3.91818284905936
527.411062214051,458.163215630707,3.5305424077485
47.4484843981497,424.917093033389,3.72695094682756
191.734233654641,297.136186245666,3.85405000324206
555.330122755618,264.50503640707,3.90793395775055
177.559871678109,27.5302303419966,4.35635679247642
499.726378280423,343.859226037247,4.53608476397479
46.65601845832,47.8031943054981,4.6004449720815
530.641841119451,149.664179366485,4.61050291389729
NA,NA,NA
663.58547100614,331.619552628782,3.5430807537356
453.658973780832,297.48645617821,3.51982130670794
12.3241506105795,497.473764781086,3.71010810150162
566.623406874784,49.6350583268094,4.2093876198996
75.6163091190625,371.793392761747,3.98460455366288
222.029536267993,419.644593490037,3.92187751049318
429.626636493486,14.5040873053064,3.45150729318457
364.038321986218,293.914322536306,3.05965689315322
604.317029005717,104.78529455103,4.25935420652819
396.017607256101,228.211788517028,4.20104727402297
571.53875301182,406.183697721534,4.76687767738695
150.292329259069,283.0961570189,4.55432235036902
202.539954133856,371.992908725613,4.06368519180568
124.119482167084,414.495978243822,3.4764823518592
629.588507797699,312.130934214278,4.53055205451469
4.64130868158602,146.249945484603,4.25275755889036
543.060315019296,199.940068219652,4.18100034541209
33.6470756780056,491.145135394545,3.00198888361054
278.741367722244,29.1559580826081,4.14646491025128
533.853069335648,390.028264384171,3.28584865710088
78.3763549258715,76.9578807832347,5.3550842207908
5.77815061676751,77.0012699074389,3.54790057916939
588.340754335475,228.491156998867,3.96301573563312
438.966627232071,460.216636465956,4.77846138125181
659.545897560639,372.575706971962,3.02486633270887
101.972930921322,485.612371739359,4.35518796066923
625.262143175457,91.2355131339362,4.0518553446161
418.494259487799,254.637698269606,3.60269234621521
11.0919094338398,181.759707448232,3.21797234614896
62.3933379871804,125.053044347048,4.38652280931468
618.748041014078,195.558712735605,4.34695393989866
263.213547266988,222.443584728692,3.86160975364302
574.425476741504,442.126091398728,3.91566177944053
300.758237685661,138.573223941192,3.91818284905936
527.411062214051,458.163215630707,3.5305424077485
47.4484843981497,424.917093033389,3.72695094682756
191.734233654641,297.136186245666,3.85405000324206
555.330122755618,264.50503640707,3.90793395775055
177.559871678109,27.5302303419966,4.35635679247642
499.726378280423,343.859226037247,4.53608476397479
46.65601845832,47.8031943054981,4.6004449720815
530.641841119451,149.664179366485,4.61050291389729
NA,NA,NA
663.58547100614,331.619552628782,3.5430807537356
453.658973780832,297.48645617821,3.51982130670794
12.3241506105795,497.473764781086,3.71010810150162
566.623406874784,49.6350583268094,4.2093876198996
75.6163091190625,371.793392761747,3.98460455366288
222.029536267993,419.644593490037,3.92187751049318
429.626636493486,14.5040873053064,3.45150729318457
364.038321986218,293.914322536306,3.05965689315322
604.317029005717,104.78529455103,4.25935420652819
396.017607256101,228.211788517028,4.20104727402297
571.53875301182,406.183697721534,4.76687767738695
150.292329259069,283.0961570189,4.55432235036902
202.539954133856,371.992908725613,4.06368519180568
124.119482167084,414.495978243822,3.4764823518592
629.588507797699,312.130934214278,4.53055205451469
4.64130868158602,146.249945484603,4.25275755889036
543.060315019296,199.940068219652,4.18100034541209
33.6470756780056,491.145135394545,3.00198888361054
278.741367722244,29.1559580826081,4.14646491025128
533.853069335648,390.028264384171,3.28584865710088
78.3763549258715,76.9578807832347,5.3550842207908
5.77815061676751,77.0012699074389,3.54790057916939
588.340754335475,228.491156998867,3.96301573563312
438.966627232071,460.216636465956,4.77846138125181
659.545897560639,372.575706971962,3.02486633270887
101.972930921322,485.612371739359,4.35518796066923
625.262143175457,91.2355131339362,4.0518553446161
418.494259487799,254.637698269606,3.60269234621521
11.0919094338398,181.759707448232,3.21797234614896
62.3933379871804,125.053044347048,4.38652280931468
618.748041014078,195.558712735605,4.34695393989866
263.213547266988,222.443584728692,3.86160975364302
574.425476741504,442.126091398728,3.91566177944053
300.758237685661,138.573223941192,3.91818284905936
527.411062214051,458.163215630707,3.5305424077485
47.4484843981497,424.917093033389,3.72695094682756
191.734233654641,297.136186245666,3.85405000324206
555.330122755618,264.50503640707,3.90793395775055
177.559871678109,27.5302303419966,4.35635679247642
499.726378280423,343.859226037247,4.53608476397479
46.65601845832,47.8031943054981,4.6004449720815
530.641841119451,149.664179366485,4.61050291389729
NA,NA,NA
663.214902817111,334.570847921429,3.41614930948233
457.07680533467,297.374472051039,3.54004828646728
5.33574884331836,499.295353535997,3.63618364864865
557.281649391913,52.9590986463405,4.2887177798417
71.9794351353723,372.178641636487,3.91945834613544
232.375631757222,415.580943735934,3.8773353196555
427.666797652004,11.5190863685209,3.40803465708318
363.296699999011,291.846283044032,3.04814266121709
603.917271686063,106.206547518496,4.13158338650363
398.604076709951,226.59919929455,4.22525340712032
576.892601039002,405.666663576761,4.73555688432377
139.209066608915,281.195954194758,4.60016925101946
197.251333065201,371.301265629911,3.993974736919
128.088329208469,408.579100752185,3.42494347557308
624.478881675539,311.939306162041,4.64168608632789
-2.1317249673879,146.419910600873,4.20742672437436
540.393758266719,200.973478054417,4.17892464986639
35.8034512031053,492.155724765554,2.91983939841707
275.73954563595,24.7836487831519,3.96961500772606
533.738551694369,394.057186471682,3.28689244443762
74.9299082477629,75.3200231875602,5.33555717150137
5.04966227454015,74.4604188216578,3.4697171797857
587.167830799322,226.299784801299,4.06427612626324
432.449644899028,459.955597145347,4.80814540848379
660.988180342472,373.230740230636,3.04823332044916
105.938843922917,492.24044527039,4.38832155348655
624.887562623429,84.5472459844157,4.0466675202201
420.428425907915,260.013094724689,3.67340839841522
9.83501863552428,182.650870383153,3.24382279025829
59.950806435795,106.88771778323,4.66654502722236
605.621473281539,205.025196807947,4.62541884477144
263.178519846992,220.41837997642,3.87282544920579
578.839626641244,425.817540962432,3.95904002911933
299.718067541873,134.645349353851,3.83182273485887
531.559894353143,449.889813725319,3.56443436312169
43.5547532064281,418.700125433729,3.84930175252137
199.14268259947,282.973643719494,4.06137138062902
547.801788182442,261.79103562835,3.81757905830611
187.950642883194,24.243836577504,4.5567795238385
509.055809244021,345.876293284984,4.53920271759664
31.5674201180571,51.4473011707971,3.57558615129608
520.824655588646,141.864734743875,4.57036567623985
NA,NA,NA
663.214902817111,334.570847921429,3.41614930948233
457.07680533467,297.374472051039,3.54004828646728
5.33574884331836,499.295353535997,3.63618364864865
557.281649391913,52.9590986463405,4.2887177798417
71.9794351353723,372.178641636487,3.91945834613544
232.375631757222,415.580943735934,3.8773353196555
427.666797652004,11.5190863685209,3.40803465708318
363.296699999011,291.846283044032,3.04814266121709
603.917271686063,106.206547518496,4.13158338650363
398.604076709951,226.59919929455,4.22525340712032
576.892601039002,405.666663576761,4.73555688432377
139.209066608915,281.195954194758,4.60016925101946
197.251333065201,371.301265629911,3.993974736919
128.088329208469,408.579100752185,3.42494347557308
624.478881675539,311.939306162041,4.64168608632789
-2.1317249673879,146.419910600873,4.20742672437436
540.393758266719,200.973478054417,4.17892464986639
35.8034512031053,492.155724765554,2.91983939841707
275.73954563595,24.7836487831519,3.96961500772606
533.738551694369,394.057186471682,3.28689244443762
74.9299082477629,75.3200231875602,5.33555717150137
5.04966227454015,74.4604188216578,3.4697171797857
587.167830799322,226.299784801299,4.06427612626324
432.449644899028,459.955597145347,4.80814540848379
660.988180342472,373.230740230636,3.04823332044916
105.938843922917,492.24044527039,4.38832155348655
624.887562623429,84.5472459844157,4.0466675202201
420.428425907915,260.013094724689,3.67340839841522
9.83501863552428,182.650870383153,3.24382279025829
59.950806435795,106.88771778323,4.66654502722236
605.621473281539,205.025196807947,4.62541884477144
263.178519846992,220.41837997642,3.87282544920579
578.839626641244,425.817540962432,3.95904002911933
299.718067541873,134.645349353851,3.83182273485887
531.559894353143,449.889813725319,3.56443436312169
43.5547532064281,418.700125433729,3.84930175252137
199.14268259947,282.973643719494,4.06137138062902
547.801788182442,261.79103562835,3.81757905830611
187.950642883194,24.243836577504,4.5567795238385
509.055809244021,345.876293284984,4.53920271759664
31.5674201180571,51.4473011707971,3.57558615129608
520.824655588646,141.864734743875,4.57036567623985
NA,NA,NA
663.214902817111,334.570847921429,3.41614930948233
457.07680533467,297.374472051039,3.54004828646728
5.33574884331836,499.295353535997,3.63618364864865
557.281649391913,52.9590986463405,4.2887177798417
71.9794351353723,372.178641636487,3.91945834613544
232.375631757222,415.580943735934,3.8773353196555
427.666797652004,11.5190863685209,3.40803465708318
363.296699999011,291.846283044032,3.04814266121709
603.917271686063,106.206547518496,4.13158338650363
398.604076709951,226.59919929455,4.22525340712032
576.892601039002,405.666663576761,4.73555688432377
139.209066608915,281.195954194758,4.60016925101946
197.251333065201,371.301265629911,3.993974736919
128.088329208469,408.579100752185,3.42494347557308
624.478881675539,311.939306162041,4.64168608632789
-2.1317249673879,146.419910600873,4.20742672437436
540.393758266719,200.973478054417,4.17892464986639
35.8034512031053,492.155724765554,2.91983939841707
275.73954563595,24.7836487831519,3.96961500772606
533.738551694369,394.057186471682,3.28689244443762
74.9299082477629,75.3200231875602,5.33555717150137
5.04966227454015,74.4604188216578,3.4697171797857
587.167830799322,226.299784801299,4.06427612626324
432.449644899028,459.955597145347,4.80814540848379
660.988180342472,373.230740230636,3.04823332044916
105.938843922917,492.24044527039,4.38832155348655
624.887562623429,84.5472459844157,4.0466675202201
420.428425907915,260.013094724689,3.67340839841522
9.83501863552428,182.650870383153,3.24382279025829
59.950806435795,106.88771778323,4.66654502722236
605.621473281539,205.025196807947,4.62541884477144
263.178519846992,220.41837997642,3.87282544920579
578.839626641244,425.817540962432,3.95904002911933
299.718067541873,134.645349353851,3.83182273485887
531.559894353143,449.889813725319,3.56443436312169
43.5547532064281,418.700125433729,3.84930175252137
199.14268259947,282.973643719494,4.06137138062902
547.801788182442,261.79103562835,3.81757905830611
187.950642883194,24.243836577504,4.5567795238385
509.055809244021,345.876293284984,4.53920271759664
31.5674201180571,51.4473011707971,3.57558615129608
520.824655588646,141.864734743875,4.57036567623985
NA,NA,NA
663.214902817111,334.570847921429,3.41614930948233
457.07680533467,297.374472051039,3.54004828646728
5.33574884331836,499.295353535997,3.63618364864865
557.281649391913,52.9590986463405,4.2887177798417
71.9794351353723,372.178641636487,3.91945834613544
232.375631757222,415.580943735934,3.8773353196555
427.666797652004,11.5190863685209,3.40803465708318
363.296699999011,291.846283044032,3.04814266121709
603.917271686063,106.206547518496,4.13158338650363
398.604076709951,226.59919929455,4.22525340712032
576.892601039002,405.666663576761,4.73555688432377
139.209066608915,281.195954194758,4.60016925101946
197.251333065201,371.301265629911,3.993974736919
128.088329208469,408.579100752185,3.42494347557308
624.478881675539,311.939306162041,4.64168608632789
-2.1317249673879,146.419910600873,4.20742672437436
540.393758266719,200.973478054417,4.17892464986639
35.8034512031053,492.155724765554,2.91983939841707
275.73954563595,24.7836487831519,3.96961500772606
533.738551694369,394.057186471682,3.28689244443762
74.9299082477629,75.3200231875602,5.33555717150137
5.04966227454015,74.4604188216578,3.4697171797857
587.167830799322,226.299784801299,4.06427612626324
432.449644899028,459.955597145347,4.80814540848379
660.988180342472,373.230740230636,3.04823332044916
105.938843922917,492.24044527039,4.38832155348655
624.887562623429,84.5472459844157,4.0466675202201
420.428425907915,260.013094724689,3.67340839841522
9.83501863552428,182.650870383153,3.24382279025829
59.950806435795,106.88771778323,4.66654502722236
605.621473281539,205.025196807947,4.62541884477144
263.178519846992,220.41837997642,3.87282544920579
578.839626641244,425.817540962432,3.95904002911933
299.718067541873,134.645349353851,3.83182273485887
531.559894353143,449.889813725319,3.56443436312169
43.5547532064281,418.700125433729,3.84930175252137
199.14268259947,282.973643719494,4.06137138062902
547.801788182442,261.79103562835,3.81757905830611
187.950642883194,24.243836577504,4.5567795238385
509.055809244021,345.876293284984,4.53920271759664
31.5674201180571,51.4473011707971,3.57558615129608
520.824655588646,141.864734743875,4.57036567623985
NA,NA,NA
663.214902817111,334.570847921429,3.41614930948233
457.07680533467,297.374472051039,3.54004828646728
5.33574884331836,499.295353535997,3.63618364864865
557.281649391913,52.9590986463405,4.2887177798417
71.9794351353723,372.178641636487,3.91945834613544
232.375631757222,415.580943735934,3.8773353196555
427.666797652004,11.5190863685209,3.40803465708318
363.296699999011,291.846283044032,3.04814266121709
603.917271686063,106.206547518496,4.13158338650363
398.604076709951,226.59919929455,4.22525340712032
576.892601039002,405.666663576761,4.73555688432377
139.209066608915,281.195954194758,4.60016925101946
197.251333065201,371.301265629911,3.993974736919
128.088329208469,408.579100752185,3.42494347557308
624.478881675539,311.939306162041,4.64168608632789
-2.1317249673879,146.419910600873,4.20742672437436
540.393758266719,200.973478054417,4.17892464986639
35.8034512031053,492.155724765554,2.91983939841707
275.73954563595,24.7836487831519,3.96961500772606
533.738551694369,394.057186471682,3.28689244443762
74.9299082477629,75.3200231875602,5.33555717150137
5.04966227454015,74.4604188216578,3.4697171797857
587.167830799322,226.299784801299,4.06427612626324
432.449644899028,459.955597145347,4.80814540848379
660.988180342472,373.230740230636,3.04823332044916
105.938843922917,492.24044527039,4.38832155348655
624.887562623429,84.5472459844157,4.0466675202201
420.428425907915,260.013094724689,3.67340839841522
9.83501863552428,182.650870383153,3.24382279025829
59.950806435795,106.88771778323,4.66654502722236
605.621473281539,205.025196807947,4.62541884477144
263.178519846992,220.41837997642,3.87282544920579
578.839626641244,425.817540962432,3.95904002911933
299.718067541873,134.645349353851,3.83182273485887
531.559894353143,449.889813725319,3.56443436312169
43.5547532064281,418.700125433729,3.84930175252137
199.14268259947,282.973643719494,4.06137138062902
547.801788182442,261.79103562835,3.81757905830611
187.950642883194,24.243836577504,4.5567795238385
509.055809244021,345.876293284984,4.53920271759664
31.5674201180571,51.4473011707971,3.57558615129608
520.824655588646,141.864734743875,4.57036567623985
NA,NA,NA
663.214902817111,334.570847921429,3.41614930948233
457.07680533467,297.374472051039,3.54004828646728
5.33574884331836,499.295353535997,3.63618364864865
557.281649391913,52.9590986463405,4.2887177798417
71.9794351353723,372.178641636487,3.91945834613544
232.375631757222,415.580943735934,3.8773353196555
427.666797652004,11.5190863685209,3.40803465708318
363.296699999011,291.846283044032,3.04814266121709
603.917271686063,106.206547518496,4.13158338650363
398.604076709951,226.59919929455,4.22525340712032
576.892601039002,405.666663576761,4.73555688432377
139.209066608915,281.195954194758,4.60016925101946
197.251333065201,371.301265629911,3.993974736919
128.088329208469,408.579100752185,3.42494347557308
624.478881675539,311.939306162041,4.64168608632789
-2.1317249673879,146.419910600873,4.20742672437436
540.393758266719,200.973478054417,4.17892464986639
35.8034512031053,492.155724765554,2.91983939841707
275.73954563595,24.7836487831519,3.96961500772606
533.738551694369,394.057186471682,3.28689244443762
74.9299082477629,75.3200231875602,5.33555717150137
5.04966227454015,74.4604188216578,3.4697171797857
587.167830799322,226.299784801299,4.06427612626324
432.449644899028,459.955597145347,4.80814540848379
660.988180342472,373.230740230636,3.04823332044916
105.938843922917,492.24044527039,4.38832155348655
624.887562623429,84.5472459844157,4.0466675202201
420.428425907915,260.013094724689,3.67340839841522
9.83501863552428,182.650870383153,3.24382279025829
59.950806435795,106.88771778323,4.66654502722236
605.621473281539,205.025196807947,4.62541884477144
263.178519846992,220.41837997642,3.87282544920579
578.839626641244,425.817540962432,3.95904002911933
299.718067541873,134.645349353851,3.83182273485887
531.559894353143,449.889813725319,3.56443436312169
43.5547532064281,418.700125433729,3.84930175252137
199.14268259947,282.973643719494,4.06137138062902
547.801788182442,261.79103562835,3.81757905830611
187.950642883194,24.243836577504,4.5567795238385
509.055809244021,345.876293284984,4.53920271759664
31.5674201180571,51.4473011707971,3.57558615129608
520.824655588646,141.864734743875,4.57036567623985
NA,NA,NA
660.655554228948,330.96725037645,3.53045936918211
455.19349045402,298.223135320825,3.60296445464675
10.5569894418546,495.891281930268,3.68710088480314
558.828670185273,48.7767835013844,4.20010367801362
73.1136999001598,374.819892850588,4.0559825137882
226.95177541781,418.067074413978,3.84733193554903
426.640528240496,13.4183485889235,3.45692640216395
365.474948179357,290.217786808723,3.12900717091263
610.600186373571,105.932527346597,4.27719176345025
395.586188404402,228.59265868279,4.17688849329687
569.050728226013,412.070702645932,4.752274135952
139.905399613806,287.175505767342,4.43984969231067
199.115830272099,371.921917092108,3.98959515653378
126.260281814008,408.875266290867,3.38778469213527
629.185300972627,305.258691061705,4.51242723648468
2.28023713743562,152.806953545534,4.14909612542173
541.648028972699,205.162415880148,4.27123086795405
33.5243577098298,491.691177803513,2.93614943480649
277.642874521897,22.6808241114446,3.87191558291727
534.281643581511,388.277397300388,3.4588406526857
70.4511789485349,78.2371304373307,5.22624098996795
6.70171184508337,75.365522975656,3.6975968026119
586.04716591207,229.688078221937,4.07358676029134
437.509747086045,463.386479885361,4.80479490363096
659.579213606621,372.813717442475,3.07157352184854
106.918497521408,487.366088924346,4.38155748413594
626.084410160156,87.787213049934,4.05423277001088
420.042664604042,254.483948987712,3.62815581050111
10.5338651084625,180.693489462182,3.16303958754615
56.1345157164128,108.224642508996,4.58663824158664
610.02013803402,205.434415213874,3.94882048181853
255.878240384711,229.715356679686,4.00499488153301
581.776196291367,438.270563995598,3.81245942257797
296.552282863363,140.287612741187,3.87878713008269
523.410844928378,455.110987359042,3.7062583518321
37.0536458969162,427.947445794705,4.10610142196311
191.312428663783,283.394830432386,4.07591468558855
544.081304374075,264.553123978957,3.50980809030711
176.99915457799,32.074689346902,4.05526519765454
491.890748733925,332.244782758004,4.47680924139015
46.5669273191279,49.081882936671,3.69696302318231
530.898235279256,137.489151897139,4.39308454572946
NA,NA,NA
660.655554228948,330.96725037645,3.53045936918211
455.19349045402,298.223135320825,3.60296445464675
10.5569894418546,495.891281930268,3.68710088480314
558.828670185273,48.7767835013844,4.20010367801362
73.1136999001598,374.819892850588,4.0559825137882
226.95177541781,418.067074413978,3.84733193554903
426.640528240496,13.4183485889235,3.45692640216395
365.474948179357,290.217786808723,3.12900717091263
610.600186373571,105.932527346597,4.27719176345025
395.586188404402,228.59265868279,4.17688849329687
569.050728226013,412.070702645932,4.752274135952
139.905399613806,287.175505767342,4.43984969231067
199.115830272099,371.921917092108,3.98959515653378
126.260281814008,408.875266290867,3.38778469213527
629.185300972627,305.258691061705,4.51242723648468
2.28023713743562,152.806953545534,4.14909612542173
541.648028972699,205.162415880148,4.27123086795405
33.5243577098298,491.691177803513,2.93614943480649
277.642874521897,22.6808241114446,3.87191558291727
534.281643581511,388.277397300388,3.4588406526857
70.4511789485349,78.2371304373307,5.22624098996795
6.70171184508337,75.365522975656,3.6975968026119
586.04716591207,229.688078221937,4.07358676029134
437.509747086045,463.386479885361,4.80479490363096
659.579213606621,372.813717442475,3.07157352184854
106.918497521408,487.366088924346,4.38155748413594
626.084410160156,87.787213049934,4.05423277001088
420.042664604042,254.483948987712,3.62815581050111
10.5338651084625,180.693489462182,3.16303958754615
56.1345157164128,108.224642508996,4.58663824158664
610.02013803402,205.434415213874,3.94882048181853
255.878240384711,229.715356679686,4.00499488153301
581.776196291367,438.270563995598,3.81245942257797
296.552282863363,140.287612741187,3.87878713008269
523.410844928378,455.110987359042,3.7062583518321
37.0536458969162,427.947445794705,4.10610142196311
191.312428663783,283.394830432386,4.07591468558855
544.081304374075,264.553123978957,3.50980809030711
176.99915457799,32.074689346902,4.05526519765454
491.890748733925,332.244782758004,4.47680924139015
46.5669273191279,49.081882936671,3.69696302318231
530.898235279256,137.489151897139,4.39308454572946
NA,NA,NA
660.655554228948,330.96725037645,3.53045936918211
455.19349045402,298.223135320825,3.60296445464675
10.5569894418546,495.891281930268,3.68710088480314
558.828670185273,48.7767835013844,4.20010367801362
73.1136999001598,374.819892850588,4.0559825137882
226.95177541781,418.067074413978,3.84733193554903
426.640528240496,13.4183485889235,3.45692640216395
365.474948179357,290.217786808723,3.12900717091263
610.600186373571,105.932527346597,4.27719176345025
395.586188404402,228.59265868279,4.17688849329687
569.050728226013,412.070702645932,4.752274135952
139.905399613806,287.175505767342,4.43984969231067
199.115830272099,371.921917092108,3.98959515653378
126.260281814008,408.875266290867,3.38778469213527
629.185300972627,305.258691061705,4.51242723648468
2.28023713743562,152.806953545534,4.14909612542173
541.648028972699,205.162415880148,4.27123086795405
33.5243577098298,491.691177803513,2.93614943480649
277.642874521897,22.6808241114446,3.87191558291727
534.281643581511,388.277397300388,3.4588406526857
70.4511789485349,78.2371304373307,5.22624098996795
6.70171184508337,75.365522975656,3.6975968026119
586.04716591207,229.688078221937,4.07358676029134
437.509747086045,463.386479885361,4.80479490363096
659.579213606621,372.813717442475,3.07157352184854
106.918497521408,487.366088924346,4.38155748413594
626.084410160156,87.787213049934,4.05423277001088
420.042664604042,254.483948987712,3.62815581050111
10.5338651084625,180.693489462182,3.16303958754615
56.1345157164128,108.224642508996,4.58663824158664
610.02013803402,205.434415213874,3.94882048181853
255.878240384711,229.715356679686,4.00499488153301
581.776196291367,438.270563995598,3.81245942257797
296.552282863363,140.287612741187,3.87878713008269
523.410844928378,455.110987359042,3.7062583518321
37.0536458969162,427.947445794705,4.10610142196311
191.312428663783,283.394830432386,4.07591468558855
544.081304374075,264.553123978957,3.50980809030711
176.99915457799,32.074689346902,4.05526519765454
491.890748733925,332.244782758004,4.47680924139015
46.5669273191279,49.081882936671,3.69696302318231
530.898235279256,137.489151897139,4.39308454572946
NA,NA,NA
660.655554228948,330.96725037645,3.53045936918211
455.19349045402,298.223135320825,3.60296445464675
10.5569894418546,495.891281930268,3.68710088480314
558.828670185273,48.7767835013844,4.20010367801362
73.1136999001598,374.819892850588,4.0559825137882
226.95177541781,418.067074413978,3.84733193554903
426.640528240496,13.4183485889235,3.45692640216395
365.474948179357,290.217786808723,3.12900717091263
610.600186373571,105.932527346597,4.27719176345025
395.586188404402,228.59265868279,4.17688849329687
569.050728226013,412.070702645932,4.752274135952
139.905399613806,287.175505767342,4.43984969231067
199.115830272099,371.921917092108,3.98959515653378
126.260281814008,408.875266290867,3.38778469213527
629.185300972627,305.258691061705,4.51242723648468
2.28023713743562,152.806953545534,4.14909612542173
541.648028972699,205.162415880148,4.27123086795405
33.5243577098298,491.691177803513,2.93614943480649
277.642874521897,22.6808241114446,3.87191558291727
534.281643581511,388.277397300388,3.4588406526857
70.4511789485349,78.2371304373307,5.22624098996795
6.70171184508337,75.365522975656,3.6975968026119
586.04716591207,229.688078221937,4.07358676029134
437.509747086045,463.386479885361,4.80479490363096
659.579213606621,372.813717442475,3.07157352184854
106.918497521408,487.366088924346,4.38155748413594
626.084410160156,87.787213049934,4.05423277001088
420.042664604042,254.483948987712,3.62815581050111
10.5338651084625,180.693489462182,3.16303958754615
56.1345157164128,108.224642508996,4.58663824158664
610.02013803402,205.434415213874,3.94882048181853
255.878240384711,229.715356679686,4.00499488153301
581.776196291367,438.270563995598,3.81245942257797
296.552282863363,140.287612741187,3.87878713008269
523.410844928378,455.110987359042,3.7062583518321
37.0536458969162,427.947445794705,4.10610142196311
191.312428663783,283.394830432386,4.07591468558855
544.081304374075,264.553123978957,3.50980809030711
176.99915457799,32.074689346902,4.05526519765454
491.890748733925,332.244782758004,4.47680924139015
46.5669273191279,49.081882936671,3.69696302318231
530.898235279256,137.489151897139,4.39308454572946
NA,NA,NA
660.655554228948,330.96725037645,3.53045936918211
455.19349045402,298.223135320825,3.60296445464675
10.5569894418546,495.891281930268,3.68710088480314
558.828670185273,48.7767835013844,4.20010367801362
73.1136999001598,374.819892850588,4.0559825137882
226.95177541781,418.067074413978,3.84733193554903
426.640528240496,13.4183485889235,3.45692640216395
365.474948179357,290.217786808723,3.12900717091263
610.600186373571,105.932527346597,4.27719176345025
395.586188404402,228.59265868279,4.17688849329687
569.050728226013,412.070702645932,4.752274135952
139.905399613806,287.175505767342,4.43984969231067
199.115830272099,371.921917092108,3.98959515653378
126.260281814008,408.875266290867,3.38778469213527
629.185300972627,305.258691061705,4.51242723648468
2.28023713743562,152.806953545534,4.14909612542173
541.648028972699,205.162415880148,4.27123086795405
33.5243577098298,491.691177803513,2.93614943480649
277.642874521897,22.6808241114446,3.87191558291727
534.281643581511,388.277397300388,3.4588406526857
70.4511789485349,78.2371304373307,5.22624098996795
6.70171184508337,75.365522975656,3.6975968026119
586.04716591207,229.688078221937,4.07358676029134
437.509747086045,463.386479885361,4.80479490363096
659.579213606621,372.813717442475,3.07157352184854
106.918497521408,487.366088924346,4.38155748413594
626.084410160156,87.787213049934,4.05423277001088
420.042664604042,254.483948987712,3.62815581050111
10.5338651084625,180.693489462182,3.16303958754615
56.1345157164128,108.224642508996,4.58663824158664
610.02013803402,205.434415213874,3.94882048181853
255.878240384711,229.715356679686,4.00499488153301
581.776196291367,438.270563995598,3.81245942257797
296.552282863363,140.287612741187,3.87878713008269
523.410844928378,455.110987359042,3.7062583518321
37.0536458969162,427.947445794705,4.10610142196311
191.312428663783,283.394830432386,4.07591468558855
544.081304374075,264.553123978957,3.50980809030711
176.99915457799,32.074689346902,4.05526519765454
491.890748733925,332.244782758004,4.47680924139015
46.5669273191279,49.081882936671,3.69696302318231
530.898235279256,137.489151897139,4.39308454572946
NA,NA,NA
660.655554228948,330.96725037645,3.53045936918211
455.19349045402,298.223135320825,3.60296445464675
10.5569894418546,495.891281930268,3.68710088480314
558.828670185273,48.7767835013844,4.20010367801362
73.1136999001598,374.819892850588,4.0559825137882
226.95177541781,418.067074413978,3.84733193554903
426.640528240496,13.4183485889235,3.45692640216395
365.474948179357,290.217786808723,3.12900717091263
610.600186373571,105.932527346597,4.27719176345025
395.586188404402,228.59265868279,4.17688849329687
569.050728226013,412.070702645932,4.752274135952
139.905399613806,287.175505767342,4.43984969231067
199.115830272099,371.921917092108,3.98959515653378
126.260281814008,408.875266290867,3.38778469213527
629.185300972627,305.258691061705,4.51242723648468
2.28023713743562,152.806953545534,4.14909612542173
541.648028972699,205.162415880148,4.27123086795405
33.5243577098298,491.691177803513,2.93614943480649
277.642874521897,22.6808241114446,3.87191558291727
534.281643581511,388.277397300388,3.4588406526857
70.4511789485349,78.2371304373307,5.22624098996795
6.70171184508337,75.365522975656,3.6975968026119
586.04716591207,229.688078221937,4.07358676029134
437.509747086045,463.386479885361,4.80479490363096
659.579213606621,372.813717442475,3.07157352184854
106.918497521408,487.366088924346,4.38155748413594
626.084410160156,87.787213049934,4.05423277001088
420.042664604042,254.483948987712,3.62815581050111
10.5338651084625,180.693489462182,3.16303958754615
56.1345157164128,108.224642508996,4.58663824158664
610.02013803402,205.434415213874,3.94882048181853
255.878240384711,229.715356679686,4.00499488153301
581.776196291367,438.270563995598,3.81245942257797
296.552282863363,140.287612741187,3.87878713008269
523.410844928378,455.110987359042,3.7062583518321
37.0536458969162,427.947445794705,4.10610142196311
191.312428663783,283.394830432386,4.07591468558855
544.081304374075,264.553123978957,3.50980809030711
176.99915457799,32.074689346902,4.05526519765454
491.890748733925,332.244782758004,4.47680924139015
46.5669273191279,49.081882936671,3.69696302318231
530.898235279256,137.489151897139,4.39308454572946
NA,NA,NA
664.669515221838,335.034876840183,3.64099567758533
455.741406950506,297.089709442839,3.6816759238382
11.0278776087465,496.399532581665,3.462970578099
558.878675600517,50.3470627742724,4.18300920128769
74.8530825937087,374.602009913861,3.95729626865358
228.847023303388,410.505442671169,3.91309448129615
425.339326629072,10.9751179867444,3.42741697398315
362.414377622217,293.196080500244,3.09846955474373
604.275917574617,111.549751301177,4.27680657536349
392.616342562125,231.458772171792,4.21464637333633
569.357715131538,405.391186002323,4.67954557115669
141.434708254778,280.739732500058,4.58719429547285
195.357550176585,370.555769317008,4.05464859465669
125.120591968033,410.869984658206,3.27040609838068
621.290503873501,314.028574199465,4.40118097563886
0.544704984931325,150.628394599208,4.18451632025097
542.871767596794,199.342962647273,4.18497883302683
36.4379570316692,492.822818548423,3.04013697961362
280.999584668941,23.4095055078107,3.61089165361403
533.834998883673,393.916499901306,3.26410218611034
72.6926565677195,80.1627057463926,5.2562090521054
4.05928953827828,76.3290343037918,3.41685879430662
587.480381925243,227.305239273896,4.07229303291958
441.855768469342,462.274509357792,4.74515402138991
659.790942345829,372.591484736765,3.17921888149634
108.351582916321,489.919782127299,4.4053659910531
625.44008456626,89.7298139112217,4.05324226271445
423.420665145168,256.888908670651,3.66066680551067
11.8582125541355,179.579517169262,3.28424966485001
61.957914423637,132.596034970281,4.63079283233357
614.570161703397,186.630742624047,4.00284436214791
262.470355898594,221.994282179862,3.70223225944201
570.000644287765,440.998754752686,3.76386694588375
298.790598219035,134.620425923765,3.91978348685733
528.935341125402,455.76436128903,3.69730300248241
43.612343192752,413.274892491887,3.85166587862287
203.160265649084,291.702912878489,4.30671474290401
557.818713614582,261.813812074027,3.72653199718573
181.190201680951,36.9825205855352,4.63149101716818
504.764592193509,331.461037262906,4.54686714529354
37.4207968153771,49.1051350544397,3.73948453362007
542.868439260609,143.307748929521,4.3208937797789
NA,NA,NA
664.669515221838,335.034876840183,3.64099567758533
455.741406950506,297.089709442839,3.6816759238382
11.0278776087465,496.399532581665,3.462970578099
558.878675600517,50.3470627742724,4.18300920128769
74.8530825937087,374.602009913861,3.95729626865358
228.847023303388,410.505442671169,3.91309448129615
425.339326629072,10.9751179867444,3.42741697398315
362.414377622217,293.196080500244,3.09846955474373
604.275917574617,111.549751301177,4.27680657536349
392.616342562125,231.458772171792,4.21464637333633
569.357715131538,405.391186002323,4.67954557115669
141.434708254778,280.739732500058,4.58719429547285
195.357550176585,370.555769317008,4.05464859465669
125.120591968033,410.869984658206,3.27040609838068
621.290503873501,314.028574199465,4.40118097563886
0.544704984931325,150.628394599208,4.18451632025097
542.871767596794,199.342962647273,4.18497883302683
36.4379570316692,492.822818548423,3.04013697961362
280.999584668941,23.4095055078107,3.61089165361403
533.834998883673,393.916499901306,3.26410218611034
72.6926565677195,80.1627057463926,5.2562090521054
4.05928953827828,76.3290343037918,3.41685879430662
587.480381925243,227.305239273896,4.07229303291958
441.855768469342,462.274509357792,4.74515402138991
659.790942345829,372.591484736765,3.17921888149634
108.351582916321,489.919782127299,4.4053659910531
625.44008456626,89.7298139112217,4.05324226271445
423.420665145168,256.888908670651,3.66066680551067
11.8582125541355,179.579517169262,3.28424966485001
61.957914423637,132.596034970281,4.63079283233357
614.570161703397,186.630742624047,4.00284436214791
262.470355898594,221.994282179862,3.70223225944201
570.000644287765,440.998754752686,3.76386694588375
298.790598219035,134.620425923765,3.91978348685733
528.935341125402,455.76436128903,3.69730300248241
43.612343192752,413.274892491887,3.85166587862287
203.160265649084,291.702912878489,4.30671474290401
557.818713614582,261.813812074027,3.72653199718573
181.190201680951,36.9825205855352,4.63149101716818
504.764592193509,331.461037262906,4.54686714529354
37.4207968153771,49.1051350544397,3.73948453362007
542.868439260609,143.307748929521,4.3208937797789
NA,NA,NA
664.669515221838,335.034876840183,3.64099567758533
455.741406950506,297.089709442839,3.6816759238382
11.0278776087465,496.399532581665,3.462970578099
558.878675600517,50.3470627742724,4.18300920128769
74.8530825937087,374.602009913861,3.95729626865358
228.847023303388,410.505442671169,3.91309448129615
425.339326629072,10.9751179867444,3.42741697398315
362.414377622217,293.196080500244,3.09846955474373
604.275917574617,111.549751301177,4.27680657536349
392.616342562125,231.458772171792,4.21464637333633
569.357715131538,405.391186002323,4.67954557115669
141.434708254778,280.739732500058,4.58719429547285
195.357550176585,370.555769317008,4.05464859465669
125.120591968033,410.869984658206,3.27040609838068
621.290503873501,314.028574199465,4.40118097563886
0.544704984931325,150.628394599208,4.18451632025097
542.871767596794,199.342962647273,4.18497883302683
36.4379570316692,492.822818548423,3.04013697961362
280.999584668941,23.4095055078107,3.61089165361403
533.834998883673,393.916499901306,3.26410218611034
72.6926565677195,80.1627057463926,5.2562090521054
4.05928953827828,76.3290343037918,3.41685879430662
587.480381925243,227.305239273896,4.07229303291958
441.855768469342,462.274509357792,4.74515402138991
659.790942345829,372.591484736765,3.17921888149634
108.351582916321,489.919782127299,4.4053659910531
625.44008456626,89.7298139112217,4.05324226271445
423.420665145168,256.888908670651,3.66066680551067
11.8582125541355,179.579517169262,3.28424966485001
61.957914423637,132.596034970281,4.63079283233357
614.570161703397,186.630742624047,4.00284436214791
262.470355898594,221.994282179862,3.70223225944201
570.000644287765,440.998754752686,3.76386694588375
298.790598219035,134.620425923765,3.91978348685733
528.935341125402,455.76436128903,3.69730300248241
43.612343192752,413.274892491887,3.85166587862287
203.160265649084,291.702912878489,4.30671474290401
557.818713614582,261.813812074027,3.72653199718573
181.190201680951,36.9825205855352,4.63149101716818
504.764592193509,331.461037262906,4.54686714529354
37.4207968153771,49.1051350544397,3.73948453362007
542.868439260609,143.307748929521,4.3208937797789
NA,NA,NA
664.669515221838,335.034876840183,3.64099567758533
455.741406950506,297.089709442839,3.6816759238382
11.0278776087465,496.399532581665,3.462970578099
558.878675600517,50.3470627742724,4.18300920128769
74.8530825937087,374.602009913861,3.95729626865358
228.847023303388,410.505442671169,3.91309448129615
425.339326629072,10.9751179867444,3.42741697398315
362.414377622217,293.196080500244,3.09846955474373
604.275917574617,111.549751301177,4.27680657536349
392.616342562125,231.458772171792,4.21464637333633
569.357715131538,405.391186002323,4.67954557115669
141.434708254778,280.739732500058,4.58719429547285
195.357550176585,370.555769317008,4.05464859465669
125.120591968033,410.869984658206,3.27040609838068
621.290503873501,314.028574199465,4.40118097563886
0.544704984931325,150.628394599208,4.18451632025097
542.871767596794,199.342962647273,4.18497883302683
36.4379570316692,492.822818548423,3.04013697961362
280.999584668941,23.4095055078107,3.61089165361403
533.834998883673,393.916499901306,3.26410218611034
72.6926565677195,80.1627057463926,5.2562090521054
4.05928953827828,76.3290343037918,3.41685879430662
587.480381925243,227.305239273896,4.07229303291958
441.855768469342,462.274509357792,4.74515402138991
659.790942345829,372.591484736765,3.17921888149634
108.351582916321,489.919782127299,4.4053659910531
625.44008456626,89.7298139112217,4.05324226271445
423.420665145168,256.888908670651,3.66066680551067
11.8582125541355,179.579517169262,3.28424966485001
61.957914423637,132.596034970281,4.63079283233357
614.570161703397,186.630742624047,4.00284436214791
262.470355898594,221.994282179862,3.70223225944201
570.000644287765,440.998754752686,3.76386694588375
298.790598219035,134.620425923765,3.91978348685733
528.935341125402,455.76436128903,3.69730300248241
43.612343192752,413.274892491887,3.85166587862287
203.160265649084,291.702912878489,4.30671474290401
557.818713614582,261.813812074027,3.72653199718573
181.190201680951,36.9825205855352,4.63149101716818
504.764592193509,331.461037262906,4.54686714529354
37.4207968153771,49.1051350544397,3.73948453362007
542.868439260609,143.307748929521,4.3208937797789
NA,NA,NA
664.669515221838,335.034876840183,3.64099567758533
455.741406950506,297.089709442839,3.6816759238382
11.0278776087465,496.399532581665,3.462970578099
558.878675600517,50.3470627742724,4.18300920128769
74.8530825937087,374.602009913861,3.95729626865358
228.847023303388,410.505442671169,3.91309448129615
425.339326629072,10.9751179867444,3.42741697398315
362.414377622217,293.196080500244,3.09846955474373
604.275917574617,111.549751301177,4.27680657536349
392.616342562125,231.458772171792,4.21464637333633
569.357715131538,405.391186002323,4.67954557115669
141.434708254778,280.739732500058,4.58719429547285
195.357550176585,370.555769317008,4.05464859465669
125.120591968033,410.869984658206,3.27040609838068
621.290503873501,314.028574199465,4.40118097563886
0.544704984931325,150.628394599208,4.18451632025097
542.871767596794,199.342962647273,4.18497883302683
36.4379570316692,492.822818548423,3.04013697961362
280.999584668941,23.4095055078107,3.61089165361403
533.834998883673,393.916499901306,3.26410218611034
72.6926565677195,80.1627057463926,5.2562090521054
4.05928953827828,76.3290343037918,3.41685879430662
587.480381925243,227.305239273896,4.07229303291958
441.855768469342,462.274509357792,4.74515402138991
659.790942345829,372.591484736765,3.17921888149634
108.351582916321,489.919782127299,4.4053659910531
625.44008456626,89.7298139112217,4.05324226271445
423.420665145168,256.888908670651,3.66066680551067
11.8582125541355,179.579517169262,3.28424966485001
61.957914423637,132.596034970281,4.63079283233357
614.570161703397,186.630742624047,4.00284436214791
262.470355898594,221.994282179862,3.70223225944201
570.000644287765,440.998754752686,3.76386694588375
298.790598219035,134.620425923765,3.91978348685733
528.935341125402,455.76436128903,3.69730300248241
43.612343192752,413.274892491887,3.85166587862287
203.160265649084,291.702912878489,4.30671474290401
557.818713614582,261.813812074027,3.72653199718573
181.190201680951,36.9825205855352,4.63149101716818
504.764592193509,331.461037262906,4.54686714529354
37.4207968153771,49.1051350544397,3.73948453362007
542.868439260609,143.307748929521,4.3208937797789
NA,NA,NA
664.669515221838,335.034876840183,3.64099567758533
455.741406950506,297.089709442839,3.6816759238382
11.0278776087465,496.399532581665,3.462970578099
558.878675600517,50.3470627742724,4.18300920128769
74.8530825937087,374.602009913861,3.95729626865358
228.847023303388,410.505442671169,3.91309448129615
425.339326629072,10.9751179867444,3.42741697398315
362.414377622217,293.196080500244,3.09846955474373
604.275917574617,111.549751301177,4.27680657536349
392.616342562125,231.458772171792,4.21464637333633
569.357715131538,405.391186002323,4.67954557115669
141.434708254778,280.739732500058,4.58719429547285
195.357550176585,370.555769317008,4.05464859465669
125.120591968033,410.869984658206,3.27040609838068
621.290503873501,314.028574199465,4.40118097563886
0.544704984931325,150.628394599208,4.18451632025097
542.871767596794,199.342962647273,4.18497883302683
36.4379570316692,492.822818548423,3.04013697961362
280.999584668941,23.4095055078107,3.61089165361403
533.834998883673,393.916499901306,3.26410218611034
72.6926565677195,80.1627057463926,5.2562090521054
4.05928953827828,76.3290343037918,3.41685879430662
587.480381925243,227.305239273896,4.07229303291958
441.855768469342,462.274509357792,4.74515402138991
659.790942345829,372.591484736765,3.17921888149634
108.351582916321,489.919782127299,4.4053659910531
625.44008456626,89.7298139112217,4.05324226271445
423.420665145168,256.888908670651,3.66066680551067
11.8582125541355,179.579517169262,3.28424966485001
61.957914423637,132.596034970281,4.63079283233357
614.570161703397,186.630742624047,4.00284436214791
262.470355898594,221.994282179862,3.70223225944201
570.000644287765,440.998754752686,3.76386694588375
298.790598219035,134.620425923765,3.91978348685733
528.935341125402,455.76436128903,3.69730300248241
43.612343192752,413.274892491887,3.85166587862287
203.160265649084,291.702912878489,4.30671474290401
557.818713614582,261.813812074027,3.72653199718573
181.190201680951,36.9825205855352,4.63149101716818
504.764592193509,331.461037262906,4.54686714529354
37.4207968153771,49.1051350544397,3.73948453362007
542.868439260609,143.307748929521,4.3208937797789
NA,NA,NA
664.883170122656,336.792835060852,3.56494124082816
455.10440392559,302.031278036411,3.71328491928255
6.1578742034471,497.097999792778,3.61140911059654
560.687815663559,49.9516989945333,4.16805366673273
79.2592899471419,377.810387216353,3.94419255098754
228.056089352321,413.376821370358,3.78109786838328
428.393948348183,9.85270109817343,3.24141938390905
362.995516452156,291.886802467191,2.93404461076914
607.440902341487,109.143181976301,4.25884693333612
391.642132764194,228.432096327443,4.2189454131976
569.955200235007,411.825366141757,4.73940911840953
139.149833663863,287.395254594892,4.57118062695167
203.312628221174,369.22475263055,4.06360375286269
125.741067265885,411.761361448136,3.31206254915304
623.330440135466,310.929664186234,4.59419054723316
1.57110409650945,150.666392857922,4.31905747060888
540.850696146868,198.881950602833,4.10792714223865
33.7910103113331,491.240444446711,2.9553298143772
279.342298571968,21.4333155204454,3.93521321342021
533.078036806824,392.175214646106,3.34317027104381
66.6320288201425,72.2465569841557,5.25675198845133
3.85413349327278,78.6665199220357,3.47315309429258
588.382478210936,226.217491007006,4.06012467713303
441.081088887106,468.348597011383,4.73744207576287
657.350780326957,375.820631227254,2.94274334087917
106.881473676264,485.063637956127,4.41249921124009
618.955782877254,88.5577414619141,4.06567322697834
418.235286081561,256.688356587847,3.60183018634428
12.1750183165094,182.118697945906,3.10879164034443
60.8115093403422,110.34888416501,4.59434197173036
606.058555673236,201.937736768806,3.98615458681523
252.92375460587,218.181787560301,3.64443452564492
577.879203440046,424.424234142287,3.84997170882303
302.675625401928,132.355726846926,3.78885777203067
528.732362706167,460.685102455791,3.60917809343653
41.1330961099887,415.532508304487,4.00898852795411
201.986560395858,286.384315444873,3.85640502261944
553.450572100245,253.829069083434,3.44584169278546
166.66852349113,12.5366238983224,4.24195119177371
502.428446700769,356.545716803347,4.63112466233276
41.1738178927193,54.858105348219,3.70871478695557
548.147749001899,145.239015304074,4.57475311608099
NA,NA,NA
664.883170122656,336.792835060852,3.56494124082816
455.10440392559,302.031278036411,3.71328491928255
6.1578742034471,497.097999792778,3.61140911059654
560.687815663559,49.9516989945333,4.16805366673273
79.2592899471419,377.810387216353,3.94419255098754
228.056089352321,413.376821370358,3.78109786838328
428.393948348183,9.85270109817343,3.24141938390905
362.995516452156,291.886802467191,2.93404461076914
607.440902341487,109.143181976301,4.25884693333612
391.642132764194,228.432096327443,4.2189454131976
569.955200235007,411.825366141757,4.73940911840953
139.149833663863,287.395254594892,4.57118062695167
203.312628221174,369.22475263055,4.06360375286269
125.741067265885,411.761361448136,3.31206254915304
623.330440135466,310.929664186234,4.59419054723316
1.57110409650945,150.666392857922,4.31905747060888
540.850696146868,198.881950602833,4.10792714223865
33.7910103113331,491.240444446711,2.9553298143772
279.342298571968,21.4333155204454,3.93521321342021
533.078036806824,392.175214646106,3.34317027104381
66.6320288201425,72.2465569841557,5.25675198845133
3.85413349327278,78.6665199220357,3.47315309429258
588.382478210936,226.217491007006,4.06012467713303
441.081088887106,468.348597011383,4.73744207576287
657.350780326957,375.820631227254,2.94274334087917
106.881473676264,485.063637956127,4.41249921124009
618.955782877254,88.5577414619141,4.06567322697834
418.235286081561,256.688356587847,3.60183018634428
12.1750183165094,182.118697945906,3.10879164034443
60.8115093403422,110.34888416501,4.59434197173036
606.058555673236,201.937736768806,3.98615458681523
252.92375460587,218.181787560301,3.64443452564492
577.879203440046,424.424234142287,3.84997170882303
302.675625401928,132.355726846926,3.78885777203067
528.732362706167,460.685102455791,3.60917809343653
41.1330961099887,415.532508304487,4.00898852795411
201.986560395858,286.384315444873,3.85640502261944
553.450572100245,253.829069083434,3.44584169278546
166.66852349113,12.5366238983224,4.24195119177371
502.428446700769,356.545716803347,4.63112466233276
41.1738178927193,54.858105348219,3.70871478695557
548.147749001899,145.239015304074,4.57475311608099
NA,NA,NA
664.883170122656,336.792835060852,3.56494124082816
455.10440392559,302.031278036411,3.71328491928255
6.1578742034471,497.097999792778,3.61140911059654
560.687815663559,49.9516989945333,4.16805366673273
79.2592899471419,377.810387216353,3.94419255098754
228.056089352321,413.376821370358,3.78109786838328
428.393948348183,9.85270109817343,3.24141938390905
362.995516452156,291.886802467191,2.93404461076914
607.440902341487,109.143181976301,4.25884693333612
391.642132764194,228.432096327443,4.2189454131976
569.955200235007,411.825366141757,4.73940911840953
139.149833663863,287.395254594892,4.57118062695167
203.312628221174,369.22475263055,4.06360375286269
125.741067265885,411.761361448136,3.31206254915304
623.330440135466,310.929664186234,4.59419054723316
1.57110409650945,150.666392857922,4.31905747060888
540.850696146868,198.881950602833,4.10792714223865
33.7910103113331,491.240444446711,2.9553298143772
279.342298571968,21.4333155204454,3.93521321342021
533.078036806824,392.175214646106,3.34317027104381
66.6320288201425,72.2465569841557,5.25675198845133
3.85413349327278,78.6665199220357,3.47315309429258
588.382478210936,226.217491007006,4.06012467713303
441.081088887106,468.348597011383,4.73744207576287
657.350780326957,375.820631227254,2.94274334087917
106.881473676264,485.063637956127,4.41249921124009
618.955782877254,88.5577414619141,4.06567322697834
418.235286081561,256.688356587847,3.60183018634428
12.1750183165094,182.118697945906,3.10879164034443
60.8115093403422,110.34888416501,4.59434197173036
606.058555673236,201.937736768806,3.98615458681523
252.92375460587,218.181787560301,3.64443452564492
577.879203440046,424.424234142287,3.84997170882303
302.675625401928,132.355726846926,3.78885777203067
528.732362706167,460.685102455791,3.60917809343653
41.1330961099887,415.532508304487,4.00898852795411
201.986560395858,286.384315444873,3.85640502261944
553.450572100245,253.829069083434,3.44584169278546
166.66852349113,12.5366238983224,4.24195119177371
502.428446700769,356.545716803347,4.63112466233276
41.1738178927193,54.858105348219,3.70871478695557
548.147749001899,145.239015304074,4.57475311608099
NA,NA,NA
664.883170122656,336.792835060852,3.56494124082816
455.10440392559,302.031278036411,3.71328491928255
6.1578742034471,497.097999792778,3.61140911059654
560.687815663559,49.9516989945333,4.16805366673273
79.2592899471419,377.810387216353,3.94419255098754
228.056089352321,413.376821370358,3.78109786838328
428.393948348183,9.85270109817343,3.24141938390905
362.995516452156,291.886802467191,2.93404461076914
607.440902341487,109.143181976301,4.25884693333612
391.642132764194,228.432096327443,4.2189454131976
569.955200235007,411.825366141757,4.73940911840953
139.149833663863,287.395254594892,4.57118062695167
203.312628221174,369.22475263055,4.06360375286269
125.741067265885,411.761361448136,3.31206254915304
623.330440135466,310.929664186234,4.59419054723316
1.57110409650945,150.666392857922,4.31905747060888
540.850696146868,198.881950602833,4.10792714223865
33.7910103113331,491.240444446711,2.9553298143772
279.342298571968,21.4333155204454,3.93521321342021
533.078036806824,392.175214646106,3.34317027104381
66.6320288201425,72.2465569841557,5.25675198845133
3.85413349327278,78.6665199220357,3.47315309429258
588.382478210936,226.217491007006,4.06012467713303
441.081088887106,468.348597011383,4.73744207576287
657.350780326957,375.820631227254,2.94274334087917
106.881473676264,485.063637956127,4.41249921124009
618.955782877254,88.5577414619141,4.06567322697834
418.235286081561,256.688356587847,3.60183018634428
12.1750183165094,182.118697945906,3.10879164034443
60.8115093403422,110.34888416501,4.59434197173036
606.058555673236,201.937736768806,3.98615458681523
252.92375460587,218.181787560301,3.64443452564492
577.879203440046,424.424234142287,3.84997170882303
302.675625401928,132.355726846926,3.78885777203067
528.732362706167,460.685102455791,3.60917809343653
41.1330961099887,415.532508304487,4.00898852795411
201.986560395858,286.384315444873,3.85640502261944
553.450572100245,253.829069083434,3.44584169278546
166.66852349113,12.5366238983224,4.24195119177371
502.428446700769,356.545716803347,4.63112466233276
41.1738178927193,54.858105348219,3.70871478695557
548.147749001899,145.239015304074,4.57475311608099
NA,NA,NA
664.883170122656,336.792835060852,3.56494124082816
455.10440392559,302.031278036411,3.71328491928255
6.1578742034471,497.097999792778,3.61140911059654
560.687815663559,49.9516989945333,4.16805366673273
79.2592899471419,377.810387216353,3.94419255098754
228.056089352321,413.376821370358,3.78109786838328
428.393948348183,9.85270109817343,3.24141938390905
362.995516452156,291.886802467191,2.93404461076914
607.440902341487,109.143181976301,4.25884693333612
391.642132764194,228.432096327443,4.2189454131976
569.955200235007,411.825366141757,4.73940911840953
139.149833663863,287.395254594892,4.57118062695167
203.312628221174,369.22475263055,4.06360375286269
125.741067265885,411.761361448136,3.31206254915304
623.330440135466,310.929664186234,4.59419054723316
1.57110409650945,150.666392857922,4.31905747060888
540.850696146868,198.881950602833,4.10792714223865
33.7910103113331,491.240444446711,2.9553298143772
279.342298571968,21.4333155204454,3.93521321342021
533.078036806824,392.175214646106,3.34317027104381
66.6320288201425,72.2465569841557,5.25675198845133
3.85413349327278,78.6665199220357,3.47315309429258
588.382478210936,226.217491007006,4.06012467713303
441.081088887106,468.348597011383,4.73744207576287
657.350780326957,375.820631227254,2.94274334087917
106.881473676264,485.063637956127,4.41249921124009
618.955782877254,88.5577414619141,4.06567322697834
418.235286081561,256.688356587847,3.60183018634428
12.1750183165094,182.118697945906,3.10879164034443
60.8115093403422,110.34888416501,4.59434197173036
606.058555673236,201.937736768806,3.98615458681523
252.92375460587,218.181787560301,3.64443452564492
577.879203440046,424.424234142287,3.84997170882303
302.675625401928,132.355726846926,3.78885777203067
528.732362706167,460.685102455791,3.60917809343653
41.1330961099887,415.532508304487,4.00898852795411
201.986560395858,286.384315444873,3.85640502261944
553.450572100245,253.829069083434,3.44584169278546
166.66852349113,12.5366238983224,4.24195119177371
502.428446700769,356.545716803347,4.63112466233276
41.1738178927193,54.858105348219,3.70871478695557
548.147749001899,145.239015304074,4.57475311608099
NA,NA,NA
664.883170122656,336.792835060852,3.56494124082816
455.10440392559,302.031278036411,3.71328491928255
6.1578742034471,497.097999792778,3.61140911059654
560.687815663559,49.9516989945333,4.16805366673273
79.2592899471419,377.810387216353,3.94419255098754
228.056089352321,413.376821370358,3.78109786838328
428.393948348183,9.85270109817343,3.24141938390905
362.995516452156,291.886802467191,2.93404461076914
607.440902341487,109.143181976301,4.25884693333612
391.642132764194,228.432096327443,4.2189454131976
569.955200235007,411.825366141757,4.73940911840953
139.149833663863,287.395254594892,4.57118062695167
203.312628221174,369.22475263055,4.06360375286269
125.741067265885,411.761361448136,3.31206254915304
623.330440135466,310.929664186234,4.59419054723316
1.57110409650945,150.666392857922,4.31905747060888
540.850696146868,198.881950602833,4.10792714223865
33.7910103113331,491.240444446711,2.9553298143772
279.342298571968,21.4333155204454,3.93521321342021
533.078036806824,392.175214646106,3.34317027104381
66.6320288201425,72.2465569841557,5.25675198845133
3.85413349327278,78.6665199220357,3.47315309429258
588.382478210936,226.217491007006,4.06012467713303
441.081088887106,468.348597011383,4.73744207576287
657.350780326957,375.820631227254,2.94274334087917
106.881473676264,485.063637956127,4.41249921124009
618.955782877254,88.5577414619141,4.06567322697834
418.235286081561,256.688356587847,3.60183018634428
12.1750183165094,182.118697945906,3.10879164034443
60.8115093403422,110.34888416501,4.59434197173036
606.058555673236,201.937736768806,3.98615458681523
252.92375460587,218.181787560301,3.64443452564492
577.879203440046,424.424234142287,3.84997170882303
302.675625401928,132.355726846926,3.78885777203067
528.732362706167,460.685102455791,3.60917809343653
41.1330961099887,415.532508304487,4.00898852795411
201.986560395858,286.384315444873,3.85640502261944
553.450572100245,253.829069083434,3.44584169278546
166.66852349113,12.5366238983224,4.24195119177371
502.428446700769,356.545716803347,4.63112466233276
41.1738178927193,54.858105348219,3.70871478695557
548.147749001899,145.239015304074,4.57475311608099
NA,NA,NA
660.678245856105,331.58202737515,3.55080397635796
456.812914668017,300.137237547149,3.5627562433006
9.39467166527441,494.940132656302,3.53578221351636
563.226429497118,49.2827801001354,4.22000068599164
69.7867842083969,379.00172330797,3.90470167728974
223.653793490488,414.883598476397,3.84230985229406
431.15064425087,11.6065985841086,3.29988009767879
364.585455833691,290.874321822615,3.09012683440023
603.857570405543,106.570755802262,4.19643730998246
391.76212961936,226.432185237223,4.18252911650373
567.390423877061,412.194003173646,4.66193786024058
132.362677046932,284.23108894103,4.589851113932
202.217693967565,371.008897944593,3.91756435425214
126.629683956533,408.930680979376,3.33583477933526
622.861465536501,315.092250007457,4.69383772002148
0.854357745347983,149.183968824263,4.29196840308187
539.60341109971,202.583653811634,4.14157645895021
33.1783790247289,490.610997186786,3.03890036106588
279.020923559073,21.0785299126351,3.81866380138712
535.510855927942,392.113068229547,3.61147696549913
71.0637037667747,83.3439334834928,5.39346619688939
5.93959484056208,76.7718690479779,3.38989382495144
587.797136783875,226.680990673707,4.05450861085299
439.398053393418,450.985599168485,4.76386118540275
659.68248763221,371.687192950718,3.09648475067221
104.293116113503,492.452503031955,4.42210941626331
621.457876690577,88.8997320269978,4.08831627702057
420.98939054787,259.580578559211,3.61731537206261
11.6408284328446,182.404224358332,3.1574124500003
64.895350074379,127.830181354304,4.59190105022752
607.074895104547,215.791065178506,4.32877585347775
257.158179300217,215.312944433099,3.47373430048629
576.819243571647,434.687178674021,3.96491559799305
299.864118252578,134.64650532684,3.93046071637517
529.201094641989,456.200270911881,3.50430734508871
39.2152304732191,433.467160508703,4.15957826054126
197.372185513804,284.287697185752,3.98942086369126
562.740322139029,260.423451806029,3.52149782206766
183.452636156196,29.9637756756566,4.26769445573666
502.630898127485,337.044084808669,4.3381329046531
40.9049682225575,49.4345139896633,3.81534651008851
526.855272764876,153.260879597093,4.69682560152296
NA,NA,NA
660.678245856105,331.58202737515,3.55080397635796
456.812914668017,300.137237547149,3.5627562433006
9.39467166527441,494.940132656302,3.53578221351636
563.226429497118,49.2827801001354,4.22000068599164
69.7867842083969,379.00172330797,3.90470167728974
223.653793490488,414.883598476397,3.84230985229406
431.15064425087,11.6065985841086,3.29988009767879
364.585455833691,290.874321822615,3.09012683440023
603.857570405543,106.570755802262,4.19643730998246
391.76212961936,226.432185237223,4.18252911650373
567.390423877061,412.194003173646,4.66193786024058
132.362677046932,284.23108894103,4.589851113932
202.217693967565,371.008897944593,3.91756435425214
126.629683956533,408.930680979376,3.33583477933526
622.861465536501,315.092250007457,4.69383772002148
0.854357745347983,149.183968824263,4.29196840308187
539.60341109971,202.583653811634,4.14157645895021
33.1783790247289,490.610997186786,3.03890036106588
279.020923559073,21.0785299126351,3.81866380138712
535.510855927942,392.113068229547,3.61147696549913
71.0637037667747,83.3439334834928,5.39346619688939
5.93959484056208,76.7718690479779,3.38989382495144
587.797136783875,226.680990673707,4.05450861085299
439.398053393418,450.985599168485,4.76386118540275
659.68248763221,371.687192950718,3.09648475067221
104.293116113503,492.452503031955,4.42210941626331
621.457876690577,88.8997320269978,4.08831627702057
420.98939054787,259.580578559211,3.61731537206261
11.6408284328446,182.404224358332,3.1574124500003
64.895350074379,127.830181354304,4.59190105022752
607.074895104547,215.791065178506,4.32877585347775
257.158179300217,215.312944433099,3.47373430048629
576.819243571647,434.687178674021,3.96491559799305
299.864118252578,134.64650532684,3.93046071637517
529.201094641989,456.200270911881,3.50430734508871
39.2152304732191,433.467160508703,4.15957826054126
197.372185513804,284.287697185752,3.98942086369126
562.740322139029,260.423451806029,3.52149782206766
183.452636156196,29.9637756756566,4.26769445573666
502.630898127485,337.044084808669,4.3381329046531
40.9049682225575,49.4345139896633,3.81534651008851
526.855272764876,153.260879597093,4.69682560152296
NA,NA,NA
660.678245856105,331.58202737515,3.55080397635796
456.812914668017,300.137237547149,3.5627562433006
9.39467166527441,494.940132656302,3.53578221351636
563.226429497118,49.2827801001354,4.22000068599164
69.7867842083969,379.00172330797,3.90470167728974
223.653793490488,414.883598476397,3.84230985229406
431.15064425087,11.6065985841086,3.29988009767879
364.585455833691,290.874321822615,3.09012683440023
603.857570405543,106.570755802262,4.19643730998246
391.76212961936,226.432185237223,4.18252911650373
567.390423877061,412.194003173646,4.66193786024058
132.362677046932,284.23108894103,4.589851113932
202.217693967565,371.008897944593,3.91756435425214
126.629683956533,408.930680979376,3.33583477933526
622.861465536501,315.092250007457,4.69383772002148
0.854357745347983,149.183968824263,4.29196840308187
539.60341109971,202.583653811634,4.14157645895021
33.1783790247289,490.610997186786,3.03890036106588
279.020923559073,21.0785299126351,3.81866380138712
535.510855927942,392.113068229547,3.61147696549913
71.0637037667747,83.3439334834928,5.39346619688939
5.93959484056208,76.7718690479779,3.38989382495144
587.797136783875,226.680990673707,4.05450861085299
439.398053393418,450.985599168485,4.76386118540275
659.68248763221,371.687192950718,3.09648475067221
104.293116113503,492.452503031955,4.42210941626331
621.457876690577,88.8997320269978,4.08831627702057
420.98939054787,259.580578559211,3.61731537206261
11.6408284328446,182.404224358332,3.1574124500003
64.895350074379,127.830181354304,4.59190105022752
607.074895104547,215.791065178506,4.32877585347775
257.158179300217,215.312944433099,3.47373430048629
576.819243571647,434.687178674021,3.96491559799305
299.864118252578,134.64650532684,3.93046071637517
529.201094641989,456.200270911881,3.50430734508871
39.2152304732191,433.467160508703,4.15957826054126
197.372185513804,284.287697185752,3.98942086369126
562.740322139029,260.423451806029,3.52149782206766
183.452636156196,29.9637756756566,4.26769445573666
502.630898127485,337.044084808669,4.3381329046531
40.9049682225575,49.4345139896633,3.81534651008851
526.855272764876,153.260879597093,4.69682560152296
NA,NA,NA
660.678245856105,331.58202737515,3.55080397635796
456.812914668017,300.137237547149,3.5627562433006
9.39467166527441,494.940132656302,3.53578221351636
563.226429497118,49.2827801001354,4.22000068599164
69.7867842083969,379.00172330797,3.90470167728974
223.653793490488,414.883598476397,3.84230985229406
431.15064425087,11.6065985841086,3.29988009767879
364.585455833691,290.874321822615,3.09012683440023
603.857570405543,106.570755802262,4.19643730998246
391.76212961936,226.432185237223,4.18252911650373
567.390423877061,412.194003173646,4.66193786024058
132.362677046932,284.23108894103,4.589851113932
202.217693967565,371.008897944593,3.91756435425214
126.629683956533,408.930680979376,3.33583477933526
622.861465536501,315.092250007457,4.69383772002148
0.854357745347983,149.183968824263,4.29196840308187
539.60341109971,202.583653811634,4.14157645895021
33.1783790247289,490.610997186786,3.03890036106588
279.020923559073,21.0785299126351,3.81866380138712
535.510855927942,392.113068229547,3.61147696549913
71.0637037667747,83.3439334834928,5.39346619688939
5.93959484056208,76.7718690479779,3.38989382495144
587.797136783875,226.680990673707,4.05450861085299
439.398053393418,450.985599168485,4.76386118540275
659.68248763221,371.687192950718,3.09648475067221
104.293116113503,492.452503031955,4.42210941626331
621.457876690577,88.8997320269978,4.08831627702057
420.98939054787,259.580578559211,3.61731537206261
11.6408284328446,182.404224358332,3.1574124500003
64.895350074379,127.830181354304,4.59190105022752
607.074895104547,215.791065178506,4.32877585347775
257.158179300217,215.312944433099,3.47373430048629
576.819243571647,434.687178674021,3.96491559799305
299.864118252578,134.64650532684,3.93046071637517
529.201094641989,456.200270911881,3.50430734508871
39.2152304732191,433.467160508703,4.15957826054126
197.372185513804,284.287697185752,3.98942086369126
562.740322139029,260.423451806029,3.52149782206766
183.452636156196,29.9637756756566,4.26769445573666
502.630898127485,337.044084808669,4.3381329046531
40.9049682225575,49.4345139896633,3.81534651008851
526.855272764876,153.260879597093,4.69682560152296
NA,NA,NA
660.678245856105,331.58202737515,3.55080397635796
456.812914668017,300.137237547149,3.5627562433006
9.39467166527441,494.940132656302,3.53578221351636
563.226429497118,49.2827801001354,4.22000068599164
69.7867842083969,379.00172330797,3.90470167728974
223.653793490488,414.883598476397,3.84230985229406
431.15064425087,11.6065985841086,3.29988009767879
364.585455833691,290.874321822615,3.09012683440023
603.857570405543,106.570755802262,4.19643730998246
391.76212961936,226.432185237223,4.18252911650373
567.390423877061,412.194003173646,4.66193786024058
132.362677046932,284.23108894103,4.589851113932
202.217693967565,371.008897944593,3.91756435425214
126.629683956533,408.930680979376,3.33583477933526
622.861465536501,315.092250007457,4.69383772002148
0.854357745347983,149.183968824263,4.29196840308187
539.60341109971,202.583653811634,4.14157645895021
33.1783790247289,490.610997186786,3.03890036106588
279.020923559073,21.0785299126351,3.81866380138712
535.510855927942,392.113068229547,3.61147696549913
71.0637037667747,83.3439334834928,5.39346619688939
5.93959484056208,76.7718690479779,3.38989382495144
587.797136783875,226.680990673707,4.05450861085299
439.398053393418,450.985599168485,4.76386118540275
659.68248763221,371.687192950718,3.09648475067221
104.293116113503,492.452503031955,4.42210941626331
621.457876690577,88.8997320269978,4.08831627702057
420.98939054787,259.580578559211,3.61731537206261
11.6408284328446,182.404224358332,3.1574124500003
64.895350074379,127.830181354304,4.59190105022752
607.074895104547,215.791065178506,4.32877585347775
257.158179300217,215.312944433099,3.47373430048629
576.819243571647,434.687178674021,3.96491559799305
299.864118252578,134.64650532684,3.93046071637517
529.201094641989,456.200270911881,3.50430734508871
39.2152304732191,433.467160508703,4.15957826054126
197.372185513804,284.287697185752,3.98942086369126
562.740322139029,260.423451806029,3.52149782206766
183.452636156196,29.9637756756566,4.26769445573666
502.630898127485,337.044084808669,4.3381329046531
40.9049682225575,49.4345139896633,3.81534651008851
526.855272764876,153.260879597093,4.69682560152296
NA,NA,NA
660.678245856105,331.58202737515,3.55080397635796
456.812914668017,300.137237547149,3.5627562433006
9.39467166527441,494.940132656302,3.53578221351636
563.226429497118,49.2827801001354,4.22000068599164
69.7867842083969,379.00172330797,3.90470167728974
223.653793490488,414.883598476397,3.84230985229406
431.15064425087,11.6065985841086,3.29988009767879
364.585455833691,290.874321822615,3.09012683440023
603.857570405543,106.570755802262,4.19643730998246
391.76212961936,226.432185237223,4.18252911650373
567.390423877061,412.194003173646,4.66193786024058
132.362677046932,284.23108894103,4.589851113932
202.217693967565,371.008897944593,3.91756435425214
126.629683956533,408.930680979376,3.33583477933526
622.861465536501,315.092250007457,4.69383772002148
0.854357745347983,149.183968824263,4.29196840308187
539.60341109971,202.583653811634,4.14157645895021
33.1783790247289,490.610997186786,3.03890036106588
279.020923559073,21.0785299126351,3.81866380138712
535.510855927942,392.113068229547,3.61147696549913
71.0637037667747,83.3439334834928,5.39346619688939
5.93959484056208,76.7718690479779,3.38989382495144
587.797136783875,226.680990673707,4.05450861085299
439.398053393418,450.985599168485,4.76386118540275
659.68248763221,371.687192950718,3.09648475067221
104.293116113503,492.452503031955,4.42210941626331
621.457876690577,88.8997320269978,4.08831627702057
420.98939054787,259.580578559211,3.61731537206261
11.6408284328446,182.404224358332,3.1574124500003
64.895350074379,127.830181354304,4.59190105022752
607.074895104547,215.791065178506,4.32877585347775
257.158179300217,215.312944433099,3.47373430048629
576.819243571647,434.687178674021,3.96491559799305
299.864118252578,134.64650532684,3.93046071637517
529.201094641989,456.200270911881,3.50430734508871
39.2152304732191,433.467160508703,4.15957826054126
197.372185513804,284.287697185752,3.98942086369126
562.740322139029,260.423451806029,3.52149782206766
183.452636156196,29.9637756756566,4.26769445573666
502.630898127485,337.044084808669,4.3381329046531
40.9049682225575,49.4345139896633,3.81534651008851
526.855272764876,153.260879597093,4.69682560152296
NA,NA,NA
660.029631144537,336.298232687669,3.47927979280784
454.574665632491,298.069142995697,3.77771738752663
14.5935201827018,492.522558587609,3.52039229466815
558.726365968591,49.2934826871779,4.24729387597066
71.4718427583936,377.767404130468,4.08331753035541
230.429105648192,417.404833233817,3.88424715440279
427.282269263259,15.3188853311034,3.22830855791577
362.276421555971,293.656758758805,2.96110838438564
605.779210043624,106.325367565242,4.27578046879976
391.141324465022,231.625566572552,4.25247376950194
567.60497346667,413.235644897491,4.72609823963296
135.135941550069,279.568917514024,4.71091567933915
199.597047401609,372.674790526353,4.07518597059043
125.70689261761,413.022335670358,3.50029997852204
626.099079079336,311.168580958292,4.4901192684906
4.82145963401774,146.880343527715,4.25794518661958
546.09971890866,202.785059319095,4.13983375835959
36.8176471842752,490.155780001783,2.98716299539991
278.073740939609,25.4886240289437,3.93576362826375
530.954399286738,391.304335671829,3.41825892381248
75.6573116526197,72.5667678102047,5.3000366089856
4.29875682405255,75.9446290201921,3.60091456216378
585.152958801563,227.433362485308,4.01925566290939
441.322524015281,460.640082480222,4.8134002702285
659.026803283018,372.818314999267,2.99440688406232
102.875177641072,484.69819996989,4.36780819036672
629.142696568329,89.8800606941115,4.11948693236353
422.909137859537,258.315217334896,3.55732289799904
12.8470111114953,182.531569180071,3.24216247410866
59.8470198771087,123.230329000026,4.13835139226105
620.038903954894,198.609887411614,4.38520323637717
251.976904633885,224.223663981671,3.80488079620764
568.201181634375,437.357832730713,3.7875469604817
302.490833351714,136.487046796574,3.8694515149212
526.547932419955,457.841661318883,3.54910853994701
38.2576996255431,411.432316389427,4.06139961297569
202.860523615103,293.971397466063,3.92915272147207
553.810554692407,255.405835606606,3.67375420054533
180.156606891658,19.7317076595201,4.25456448705355
502.571021661664,341.939039034343,4.62988264448204
40.5337700171207,54.0462470779372,3.78523236688695
537.344029357962,136.345646374585,4.72887994391432
NA,NA,NA
660.029631144537,336.298232687669,3.47927979280784
454.574665632491,298.069142995697,3.77771738752663
14.5935201827018,492.522558587609,3.52039229466815
558.726365968591,49.2934826871779,4.24729387597066
71.4718427583936,377.767404130468,4.08331753035541
230.429105648192,417.404833233817,3.88424715440279
427.282269263259,15.3188853311034,3.22830855791577
362.276421555971,293.656758758805,2.96110838438564
605.779210043624,106.325367565242,4.27578046879976
391.141324465022,231.625566572552,4.25247376950194
567.60497346667,413.235644897491,4.72609823963296
135.135941550069,279.568917514024,4.71091567933915
199.597047401609,372.674790526353,4.07518597059043
125.70689261761,413.022335670358,3.50029997852204
626.099079079336,311.168580958292,4.4901192684906
4.82145963401774,146.880343527715,4.25794518661958
546.09971890866,202.785059319095,4.13983375835959
36.8176471842752,490.155780001783,2.98716299539991
278.073740939609,25.4886240289437,3.93576362826375
530.954399286738,391.304335671829,3.41825892381248
75.6573116526197,72.5667678102047,5.3000366089856
4.29875682405255,75.9446290201921,3.60091456216378
585.152958801563,227.433362485308,4.01925566290939
441.322524015281,460.640082480222,4.8134002702285
659.026803283018,372.818314999267,2.99440688406232
102.875177641072,484.69819996989,4.36780819036672
629.142696568329,89.8800606941115,4.11948693236353
422.909137859537,258.315217334896,3.55732289799904
12.8470111114953,182.531569180071,3.24216247410866
59.8470198771087,123.230329000026,4.13835139226105
620.038903954894,198.609887411614,4.38520323637717
251.976904633885,224.223663981671,3.80488079620764
568.201181634375,437.357832730713,3.7875469604817
302.490833351714,136.487046796574,3.8694515149212
526.547932419955,457.841661318883,3.54910853994701
38.2576996255431,411.432316389427,4.06139961297569
202.860523615103,293.971397466063,3.92915272147207
553.810554692407,255.405835606606,3.67375420054533
180.156606891658,19.7317076595201,4.25456448705355
502.571021661664,341.939039034343,4.62988264448204
40.5337700171207,54.0462470779372,3.78523236688695
537.344029357962,136.345646374585,4.72887994391432
NA,NA,NA
660.029631144537,336.298232687669,3.47927979280784
454.574665632491,298.069142995697,3.77771738752663
14.5935201827018,492.522558587609,3.52039229466815
558.726365968591,49.2934826871779,4.24729387597066
71.4718427583936,377.767404130468,4.08331753035541
230.429105648192,417.404833233817,3.88424715440279
427.282269263259,15.3188853311034,3.22830855791577
362.276421555971,293.656758758805,2.96110838438564
605.779210043624,106.325367565242,4.27578046879976
391.141324465022,231.625566572552,4.25247376950194
567.60497346667,413.235644897491,4.72609823963296
135.135941550069,279.568917514024,4.71091567933915
199.597047401609,372.674790526353,4.07518597059043
125.70689261761,413.022335670358,3.50029997852204
626.099079079336,311.168580958292,4.4901192684906
4.82145963401774,146.880343527715,4.25794518661958
546.09971890866,202.785059319095,4.13983375835959
36.8176471842752,490.155780001783,2.98716299539991
278.073740939609,25.4886240289437,3.93576362826375
530.954399286738,391.304335671829,3.41825892381248
75.6573116526197,72.5667678102047,5.3000366089856
4.29875682405255,75.9446290201921,3.60091456216378
585.152958801563,227.433362485308,4.01925566290939
441.322524015281,460.640082480222,4.8134002702285
659.026803283018,372.818314999267,2.99440688406232
102.875177641072,484.69819996989,4.36780819036672
629.142696568329,89.8800606941115,4.11948693236353
422.909137859537,258.315217334896,3.55732289799904
12.8470111114953,182.531569180071,3.24216247410866
59.8470198771087,123.230329000026,4.13835139226105
620.038903954894,198.609887411614,4.38520323637717
251.976904633885,224.223663981671,3.80488079620764
568.201181634375,437.357832730713,3.7875469604817
302.490833351714,136.487046796574,3.8694515149212
526.547932419955,457.841661318883,3.54910853994701
38.2576996255431,411.432316389427,4.06139961297569
202.860523615103,293.971397466063,3.92915272147207
553.810554692407,255.405835606606,3.67375420054533
180.156606891658,19.7317076595201,4.25456448705355
502.571021661664,341.939039034343,4.62988264448204
40.5337700171207,54.0462470779372,3.78523236688695
537.344029357962,136.345646374585,4.72887994391432
NA,NA,NA
660.029631144537,336.298232687669,3.47927979280784
454.574665632491,298.069142995697,3.77771738752663
14.5935201827018,492.522558587609,3.52039229466815
558.726365968591,49.2934826871779,4.24729387597066
71.4718427583936,377.767404130468,4.08331753035541
230.429105648192,417.404833233817,3.88424715440279
427.282269263259,15.3188853311034,3.22830855791577
362.276421555971,293.656758758805,2.96110838438564
605.779210043624,106.325367565242,4.27578046879976
391.141324465022,231.625566572552,4.25247376950194
567.60497346667,413.235644897491,4.72609823963296
135.135941550069,279.568917514024,4.71091567933915
199.597047401609,372.674790526353,4.07518597059043
125.70689261761,413.022335670358,3.50029997852204
626.099079079336,311.168580958292,4.4901192684906
4.82145963401774,146.880343527715,4.25794518661958
546.09971890866,202.785059319095,4.13983375835959
36.8176471842752,490.155780001783,2.98716299539991
278.073740939609,25.4886240289437,3.93576362826375
530.954399286738,391.304335671829,3.41825892381248
75.6573116526197,72.5667678102047,5.3000366089856
4.29875682405255,75.9446290201921,3.60091456216378
585.152958801563,227.433362485308,4.01925566290939
441.322524015281,460.640082480222,4.8134002702285
659.026803283018,372.818314999267,2.99440688406232
102.875177641072,484.69819996989,4.36780819036672
629.142696568329,89.8800606941115,4.11948693236353
422.909137859537,258.315217334896,3.55732289799904
12.8470111114953,182.531569180071,3.24216247410866
59.8470198771087,123.230329000026,4.13835139226105
620.038903954894,198.609887411614,4.38520323637717
251.976904633885,224.223663981671,3.80488079620764
568.201181634375,437.357832730713,3.7875469604817
302.490833351714,136.487046796574,3.8694515149212
526.547932419955,457.841661318883,3.54910853994701
38.2576996255431,411.432316389427,4.06139961297569
202.860523615103,293.971397466063,3.92915272147207
553.810554692407,255.405835606606,3.67375420054533
180.156606891658,19.7317076595201,4.25456448705355
502.571021661664,341.939039034343,4.62988264448204
40.5337700171207,54.0462470779372,3.78523236688695
537.344029357962,136.345646374585,4.72887994391432
NA,NA,NA
660.029631144537,336.298232687669,3.47927979280784
454.574665632491,298.069142995697,3.77771738752663
14.5935201827018,492.522558587609,3.52039229466815
558.726365968591,49.2934826871779,4.24729387597066
71.4718427583936,377.767404130468,4.08331753035541
230.429105648192,417.404833233817,3.88424715440279
427.282269263259,15.3188853311034,3.22830855791577
362.276421555971,293.656758758805,2.96110838438564
605.779210043624,106.325367565242,4.27578046879976
391.141324465022,231.625566572552,4.25247376950194
567.60497346667,413.235644897491,4.72609823963296
135.135941550069,279.568917514024,4.71091567933915
199.597047401609,372.674790526353,4.07518597059043
125.70689261761,413.022335670358,3.50029997852204
626.099079079336,311.168580958292,4.4901192684906
4.82145963401774,146.880343527715,4.25794518661958
546.09971890866,202.785059319095,4.13983375835959
36.8176471842752,490.155780001783,2.98716299539991
278.073740939609,25.4886240289437,3.93576362826375
530.954399286738,391.304335671829,3.41825892381248
75.6573116526197,72.5667678102047,5.3000366089856
4.29875682405255,75.9446290201921,3.60091456216378
585.152958801563,227.433362485308,4.01925566290939
441.322524015281,460.640082480222,4.8134002702285
659.026803283018,372.818314999267,2.99440688406232
102.875177641072,484.69819996989,4.36780819036672
629.142696568329,89.8800606941115,4.11948693236353
422.909137859537,258.315217334896,3.55732289799904
12.8470111114953,182.531569180071,3.24216247410866
59.8470198771087,123.230329000026,4.13835139226105
620.038903954894,198.609887411614,4.38520323637717
251.976904633885,224.223663981671,3.80488079620764
568.201181634375,437.357832730713,3.7875469604817
302.490833351714,136.487046796574,3.8694515149212
526.547932419955,457.841661318883,3.54910853994701
38.2576996255431,411.432316389427,4.06139961297569
202.860523615103,293.971397466063,3.92915272147207
553.810554692407,255.405835606606,3.67375420054533
180.156606891658,19.7317076595201,4.25456448705355
502.571021661664,341.939039034343,4.62988264448204
40.5337700171207,54.0462470779372,3.78523236688695
537.344029357962,136.345646374585,4.72887994391432
NA,NA,NA
660.029631144537,336.298232687669,3.47927979280784
454.574665632491,298.069142995697,3.77771738752663
14.5935201827018,492.522558587609,3.52039229466815
558.726365968591,49.2934826871779,4.24729387597066
71.4718427583936,377.767404130468,4.08331753035541
230.429105648192,417.404833233817,3.88424715440279
427.282269263259,15.3188853311034,3.22830855791577
362.276421555971,293.656758758805,2.96110838438564
605.779210043624,106.325367565242,4.27578046879976
391.141324465022,231.625566572552,4.25247376950194
567.60497346667,413.235644897491,4.72609823963296
135.135941550069,279.568917514024,4.71091567933915
199.597047401609,372.674790526353,4.07518597059043
125.70689261761,413.022335670358,3.50029997852204
626.099079079336,311.168580958292,4.4901192684906
4.82145963401774,146.880343527715,4.25794518661958
546.09971890866,202.785059319095,4.13983375835959
36.8176471842752,490.155780001783,2.98716299539991
278.073740939609,25.4886240289437,3.93576362826375
530.954399286738,391.304335671829,3.41825892381248
75.6573116526197,72.5667678102047,5.3000366089856
4.29875682405255,75.9446290201921,3.60091456216378
585.152958801563,227.433362485308,4.01925566290939
441.322524015281,460.640082480222,4.8134002702285
659.026803283018,372.818314999267,2.99440688406232
102.875177641072,484.69819996989,4.36780819036672
629.142696568329,89.8800606941115,4.11948693236353
422.909137859537,258.315217334896,3.55732289799904
12.8470111114953,182.531569180071,3.24216247410866
59.8470198771087,123.230329000026,4.13835139226105
620.038903954894,198.609887411614,4.38520323637717
251.976904633885,224.223663981671,3.80488079620764
568.201181634375,437.357832730713,3.7875469604817
302.490833351714,136.487046796574,3.8694515149212
526.547932419955,457.841661318883,3.54910853994701
38.2576996255431,411.432316389427,4.06139961297569
202.860523615103,293.971397466063,3.92915272147207
553.810554692407,255.405835606606,3.67375420054533
180.156606891658,19.7317076595201,4.25456448705355
502.571021661664,341.939039034343,4.62988264448204
40.5337700171207,54.0462470779372,3.78523236688695
537.344029357962,136.345646374585,4.72887994391432
NA,NA,NA
657.742555097811,333.934348825988,3.53417216598856
453.89824396583,297.560535835672,3.74415131237333
10.0924838478353,495.017302992751,3.53172704793679
561.289378975004,50.1422342051464,4.21334970230569
69.8225290111555,373.873939961467,3.88261944021611
233.282728608003,414.30636550786,3.8673229132291
428.105974319209,11.9781867910051,3.36007701680126
361.892942020466,292.805809185952,3.09625603610041
604.780820642381,102.470433350116,4.30056778468105
394.676399725496,232.470386976569,4.15129713944304
560.36437243534,409.185663169564,4.71556646179033
141.668928337936,279.837312290271,4.62502535703664
200.245927682106,367.240376504683,3.95619859922884
125.846912297715,412.775971444468,3.37097795740586
624.41289314934,307.204007715792,4.4664555841262
-0.691002290346891,150.330442432855,4.30647073013676
545.161314093127,204.507214278451,4.11489809310546
32.9777838450029,490.778387853191,3.08394550431832
276.202307541376,19.2931543473011,3.68375086693039
534.415594890414,390.746718618349,3.40154567899608
72.7632140635838,73.9484072654578,5.28397190629066
4.62026042264869,77.5846054452191,3.46193033449823
592.824701918143,230.667529970283,4.01837384050428
440.92572366122,461.749038220308,4.83889697653788
659.048452833114,373.275840585343,2.84718561953573
103.593914382311,484.621991641424,4.30318470452542
622.18161012503,89.2619486448077,4.11150500612956
421.099446568129,255.169623121131,3.62665435436473
12.6563288045329,181.28811947,3.28322739699025
67.2316169444464,136.35370249152,4.39066468205175
609.903613699282,212.301744372436,3.94701473437041
248.895196008991,217.567805879337,3.80333268209698
573.97912151017,444.52586137288,3.92346031794226
301.054647664839,136.527330939835,3.89752936112861
527.437065339314,457.738185608099,3.50925199670703
46.9460461952551,418.142460394639,4.10174933421716
196.762786230296,284.034316487805,4.21526822591344
556.942203350768,262.601054987286,3.79742210841884
186.881514344998,24.7787726563588,4.33237454942278
498.245829919191,345.053762926887,4.65026158168854
42.8467758791729,44.147436893749,3.58827093206966
533.518022152522,145.534129467646,4.51045839398557
NA,NA,NA
657.742555097811,333.934348825988,3.53417216598856
453.89824396583,297.560535835672,3.74415131237333
10.0924838478353,495.017302992751,3.53172704793679
561.289378975004,50.1422342051464,4.21334970230569
69.8225290111555,373.873939961467,3.88261944021611
233.282728608003,414.30636550786,3.8673229132291
428.105974319209,11.9781867910051,3.36007701680126
361.892942020466,292.805809185952,3.09625603610041
604.780820642381,102.470433350116,4.30056778468105
394.676399725496,232.470386976569,4.15129713944304
560.36437243534,409.185663169564,4.71556646179033
141.668928337936,279.837312290271,4.62502535703664
200.245927682106,367.240376504683,3.95619859922884
125.846912297715,412.775971444468,3.37097795740586
624.41289314934,307.204007715792,4.4664555841262
-0.691002290346891,150.330442432855,4.30647073013676
545.161314093127,204.507214278451,4.11489809310546
32.9777838450029,490.778387853191,3.08394550431832
276.202307541376,19.2931543473011,3.68375086693039
534.415594890414,390.746718618349,3.40154567899608
72.7632140635838,73.9484072654578,5.28397190629066
4.62026042264869,77.5846054452191,3.46193033449823
592.824701918143,230.667529970283,4.01837384050428
440.92572366122,461.749038220308,4.83889697653788
659.048452833114,373.275840585343,2.84718561953573
103.593914382311,484.621991641424,4.30318470452542
622.18161012503,89.2619486448077,4.11150500612956
421.099446568129,255.169623121131,3.62665435436473
12.6563288045329,181.28811947,3.28322739699025
67.2316169444464,136.35370249152,4.39066468205175
609.903613699282,212.301744372436,3.94701473437041
248.895196008991,217.567805879337,3.80333268209698
573.97912151017,444.52586137288,3.92346031794226
301.054647664839,136.527330939835,3.89752936112861
527.437065339314,457.738185608099,3.50925199670703
46.9460461952551,418.142460394639,4.10174933421716
196.762786230296,284.034316487805,4.21526822591344
556.942203350768,262.601054987286,3.79742210841884
186.881514344998,24.7787726563588,4.33237454942278
498.245829919191,345.053762926887,4.65026158168854
42.8467758791729,44.147436893749,3.58827093206966
533.518022152522,145.534129467646,4.51045839398557
NA,NA,NA
657.742555097811,333.934348825988,3.53417216598856
453.89824396583,297.560535835672,3.74415131237333
10.0924838478353,495.017302992751,3.53172704793679
561.289378975004,50.1422342051464,4.21334970230569
69.8225290111555,373.873939961467,3.88261944021611
233.282728608003,414.30636550786,3.8673229132291
428.105974319209,11.9781867910051,3.36007701680126
361.892942020466,292.805809185952,3.09625603610041
604.780820642381,102.470433350116,4.30056778468105
394.676399725496,232.470386976569,4.15129713944304
560.36437243534,409.185663169564,4.71556646179033
141.668928337936,279.837312290271,4.62502535703664
200.245927682106,367.240376504683,3.95619859922884
125.846912297715,412.775971444468,3.37097795740586
624.41289314934,307.204007715792,4.4664555841262
-0.691002290346891,150.330442432855,4.30647073013676
545.161314093127,204.507214278451,4.11489809310546
32.9777838450029,490.778387853191,3.08394550431832
276.202307541376,19.2931543473011,3.68375086693039
534.415594890414,390.746718618349,3.40154567899608
72.7632140635838,73.9484072654578,5.28397190629066
4.62026042264869,77.5846054452191,3.46193033449823
592.824701918143,230.667529970283,4.01837384050428
440.92572366122,461.749038220308,4.83889697653788
659.048452833114,373.275840585343,2.84718561953573
103.593914382311,484.621991641424,4.30318470452542
622.18161012503,89.2619486448077,4.11150500612956
421.099446568129,255.169623121131,3.62665435436473
12.6563288045329,181.28811947,3.28322739699025
67.2316169444464,136.35370249152,4.39066468205175
609.903613699282,212.301744372436,3.94701473437041
248.895196008991,217.567805879337,3.80333268209698
573.97912151017,444.52586137288,3.92346031794226
301.054647664839,136.527330939835,3.89752936112861
527.437065339314,457.738185608099,3.50925199670703
46.9460461952551,418.142460394639,4.10174933421716
196.762786230296,284.034316487805,4.21526822591344
556.942203350768,262.601054987286,3.79742210841884
186.881514344998,24.7787726563588,4.33237454942278
498.245829919191,345.053762926887,4.65026158168854
42.8467758791729,44.147436893749,3.58827093206966
533.518022152522,145.534129467646,4.51045839398557
NA,NA,NA
657.742555097811,333.934348825988,3.53417216598856
453.89824396583,297.560535835672,3.74415131237333
10.0924838478353,495.017302992751,3.53172704793679
561.289378975004,50.1422342051464,4.21334970230569
69.8225290111555,373.873939961467,3.88261944021611
233.282728608003,414.30636550786,3.8673229132291
428.105974319209,11.9781867910051,3.36007701680126
361.892942020466,292.805809185952,3.09625603610041
604.780820642381,102.470433350116,4.30056778468105
394.676399725496,232.470386976569,4.15129713944304
560.36437243534,409.185663169564,4.71556646179033
141.668928337936,279.837312290271,4.62502535703664
200.245927682106,367.240376504683,3.95619859922884
125.846912297715,412.775971444468,3.37097795740586
624.41289314934,307.204007715792,4.4664555841262
-0.691002290346891,150.330442432855,4.30647073013676
545.161314093127,204.507214278451,4.11489809310546
32.9777838450029,490.778387853191,3.08394550431832
276.202307541376,19.2931543473011,3.68375086693039
534.415594890414,390.746718618349,3.40154567899608
72.7632140635838,73.9484072654578,5.28397190629066
4.62026042264869,77.5846054452191,3.46193033449823
592.824701918143,230.667529970283,4.01837384050428
440.92572366122,461.749038220308,4.83889697653788
659.048452833114,373.275840585343,2.84718561953573
103.593914382311,484.621991641424,4.30318470452542
622.18161012503,89.2619486448077,4.11150500612956
421.099446568129,255.169623121131,3.62665435436473
12.6563288045329,181.28811947,3.28322739699025
67.2316169444464,136.35370249152,4.39066468205175
609.903613699282,212.301744372436,3.94701473437041
248.895196008991,217.567805879337,3.80333268209698
573.97912151017,444.52586137288,3.92346031794226
301.054647664839,136.527330939835,3.89752936112861
527.437065339314,457.738185608099,3.50925199670703
46.9460461952551,418.142460394639,4.10174933421716
196.762786230296,284.034316487805,4.21526822591344
556.942203350768,262.601054987286,3.79742210841884
186.881514344998,24.7787726563588,4.33237454942278
498.245829919191,345.053762926887,4.65026158168854
42.8467758791729,44.147436893749,3.58827093206966
533.518022152522,145.534129467646,4.51045839398557
NA,NA,NA
657.742555097811,333.934348825988,3.53417216598856
453.89824396583,297.560535835672,3.74415131237333
10.0924838478353,495.017302992751,3.53172704793679
561.289378975004,50.1422342051464,4.21334970230569
69.8225290111555,373.873939961467,3.88261944021611
233.282728608003,414.30636550786,3.8673229132291
428.105974319209,11.9781867910051,3.36007701680126
361.892942020466,292.805809185952,3.09625603610041
604.780820642381,102.470433350116,4.30056778468105
394.676399725496,232.470386976569,4.15129713944304
560.36437243534,409.185663169564,4.71556646179033
141.668928337936,279.837312290271,4.62502535703664
200.245927682106,367.240376504683,3.95619859922884
125.846912297715,412.775971444468,3.37097795740586
624.41289314934,307.204007715792,4.4664555841262
-0.691002290346891,150.330442432855,4.30647073013676
545.161314093127,204.507214278451,4.11489809310546
32.9777838450029,490.778387853191,3.08394550431832
276.202307541376,19.2931543473011,3.68375086693039
534.415594890414,390.746718618349,3.40154567899608
72.7632140635838,73.9484072654578,5.28397190629066
4.62026042264869,77.5846054452191,3.46193033449823
592.824701918143,230.667529970283,4.01837384050428
440.92572366122,461.749038220308,4.83889697653788
659.048452833114,373.275840585343,2.84718561953573
103.593914382311,484.621991641424,4.30318470452542
622.18161012503,89.2619486448077,4.11150500612956
421.099446568129,255.169623121131,3.62665435436473
12.6563288045329,181.28811947,3.28322739699025
67.2316169444464,136.35370249152,4.39066468205175
609.903613699282,212.301744372436,3.94701473437041
248.895196008991,217.567805879337,3.80333268209698
573.97912151017,444.52586137288,3.92346031794226
301.054647664839,136.527330939835,3.89752936112861
527.437065339314,457.738185608099,3.50925199670703
46.9460461952551,418.142460394639,4.10174933421716
196.762786230296,284.034316487805,4.21526822591344
556.942203350768,262.601054987286,3.79742210841884
186.881514344998,24.7787726563588,4.33237454942278
498.245829919191,345.053762926887,4.65026158168854
42.8467758791729,44.147436893749,3.58827093206966
533.518022152522,145.534129467646,4.51045839398557
NA,NA,NA
657.742555097811,333.934348825988,3.53417216598856
453.89824396583,297.560535835672,3.74415131237333
10.0924838478353,495.017302992751,3.53172704793679
561.289378975004,50.1422342051464,4.21334970230569
69.8225290111555,373.873939961467,3.88261944021611
233.282728608003,414.30636550786,3.8673229132291
428.105974319209,11.9781867910051,3.36007701680126
361.892942020466,292.805809185952,3.09625603610041
604.780820642381,102.470433350116,4.30056778468105
394.676399725496,232.470386976569,4.15129713944304
560.36437243534,409.185663169564,4.71556646179033
141.668928337936,279.837312290271,4.62502535703664
200.245927682106,367.240376504683,3.95619859922884
125.846912297715,412.775971444468,3.37097795740586
624.41289314934,307.204007715792,4.4664555841262
-0.691002290346891,150.330442432855,4.30647073013676
545.161314093127,204.507214278451,4.11489809310546
32.9777838450029,490.778387853191,3.08394550431832
276.202307541376,19.2931543473011,3.68375086693039
534.415594890414,390.746718618349,3.40154567899608
72.7632140635838,73.9484072654578,5.28397190629066
4.62026042264869,77.5846054452191,3.46193033449823
592.824701918143,230.667529970283,4.01837384050428
440.92572366122,461.749038220308,4.83889697653788
659.048452833114,373.275840585343,2.84718561953573
103.593914382311,484.621991641424,4.30318470452542
622.18161012503,89.2619486448077,4.11150500612956
421.099446568129,255.169623121131,3.62665435436473
12.6563288045329,181.28811947,3.28322739699025
67.2316169444464,136.35370249152,4.39066468205175
609.903613699282,212.301744372436,3.94701473437041
248.895196008991,217.567805879337,3.80333268209698
573.97912151017,444.52586137288,3.92346031794226
301.054647664839,136.527330939835,3.89752936112861
527.437065339314,457.738185608099,3.50925199670703
46.9460461952551,418.142460394639,4.10174933421716
196.762786230296,284.034316487805,4.21526822591344
556.942203350768,262.601054987286,3.79742210841884
186.881514344998,24.7787726563588,4.33237454942278
498.245829919191,345.053762926887,4.65026158168854
42.8467758791729,44.147436893749,3.58827093206966
533.518022152522,145.534129467646,4.51045839398557
NA,NA,NA
661.882855223312,331.787458559747,3.57153843593539
460.361576916951,301.341428224348,3.73815861831447
10.825568980948,496.72745762367,3.64230377771899
562.852251594121,55.0688067676492,4.26107617779798
73.1408852069128,373.915676774565,4.04274146496854
227.770244969782,416.647990535174,3.87726659229718
428.921074439568,15.4310825745945,3.37546281732495
360.47650533473,293.471391513715,3.14640693873656
604.794929549997,103.127956201641,4.16557938574982
392.666632967052,226.046422587058,4.28075204695683
571.023415618089,409.128087066566,4.74266721956412
137.563139195104,279.725167372521,4.53979066362018
194.838522776596,371.132090375922,3.95284448051115
124.476408908853,406.880117199845,3.38255149882371
629.680275215129,317.161569376414,4.4983059200322
-1.63053137574038,146.606207572386,4.29416872734764
547.068812239324,198.915784339162,4.2544957026421
33.2707957412828,491.189598389768,2.99486277546347
278.625166663268,23.7953069538046,3.79235734578822
534.758790345707,390.870157738904,3.38825487114703
71.9617629450872,73.0165992145953,5.18619952612036
4.66664219706233,78.1168873533371,3.6515297466412
586.714115395814,225.388090659498,4.02277712926543
437.291553297876,455.353172584253,4.72836104716868
659.239305251566,372.97061340203,2.98775518252419
108.824544219766,489.478970459489,4.32478948995726
623.527285787248,93.6281618625339,4.08578169905375
417.837204072641,260.837267359566,3.66420404867958
11.7585044751197,181.371600448585,3.26200327761954
76.2221209506499,117.955236262251,4.44765102387306
607.50334319282,200.858603987799,4.38468684769173
266.871297058386,209.480266124456,3.69311479710654
570.33144619955,430.911574430552,3.98907530717523
293.326427872215,136.172796266279,3.96536277647832
532.198429362669,458.067266706074,3.69851748847448
55.5848848674628,410.544402648522,3.78641527382167
210.102570099239,301.328888991871,4.28764535221315
550.235327914344,255.863678739743,3.76584637590534
175.691436077472,16.0520081646381,4.21038454515566
504.112545852876,343.657562082831,4.3470893327384
33.2105483634707,47.6648116218131,3.83379291029054
526.427417636825,146.987720068263,4.37495311612731
NA,NA,NA
661.882855223312,331.787458559747,3.57153843593539
460.361576916951,301.341428224348,3.73815861831447
10.825568980948,496.72745762367,3.64230377771899
562.852251594121,55.0688067676492,4.26107617779798
73.1408852069128,373.915676774565,4.04274146496854
227.770244969782,416.647990535174,3.87726659229718
428.921074439568,15.4310825745945,3.37546281732495
360.47650533473,293.471391513715,3.14640693873656
604.794929549997,103.127956201641,4.16557938574982
392.666632967052,226.046422587058,4.28075204695683
571.023415618089,409.128087066566,4.74266721956412
137.563139195104,279.725167372521,4.53979066362018
194.838522776596,371.132090375922,3.95284448051115
124.476408908853,406.880117199845,3.38255149882371
629.680275215129,317.161569376414,4.4983059200322
-1.63053137574038,146.606207572386,4.29416872734764
547.068812239324,198.915784339162,4.2544957026421
33.2707957412828,491.189598389768,2.99486277546347
278.625166663268,23.7953069538046,3.79235734578822
534.758790345707,390.870157738904,3.38825487114703
71.9617629450872,73.0165992145953,5.18619952612036
4.66664219706233,78.1168873533371,3.6515297466412
586.714115395814,225.388090659498,4.02277712926543
437.291553297876,455.353172584253,4.72836104716868
659.239305251566,372.97061340203,2.98775518252419
108.824544219766,489.478970459489,4.32478948995726
623.527285787248,93.6281618625339,4.08578169905375
417.837204072641,260.837267359566,3.66420404867958
11.7585044751197,181.371600448585,3.26200327761954
76.2221209506499,117.955236262251,4.44765102387306
607.50334319282,200.858603987799,4.38468684769173
266.871297058386,209.480266124456,3.69311479710654
570.33144619955,430.911574430552,3.98907530717523
293.326427872215,136.172796266279,3.96536277647832
532.198429362669,458.067266706074,3.69851748847448
55.5848848674628,410.544402648522,3.78641527382167
210.102570099239,301.328888991871,4.28764535221315
550.235327914344,255.863678739743,3.76584637590534
175.691436077472,16.0520081646381,4.21038454515566
504.112545852876,343.657562082831,4.3470893327384
33.2105483634707,47.6648116218131,3.83379291029054
526.427417636825,146.987720068263,4.37495311612731
NA,NA,NA
661.882855223312,331.787458559747,3.57153843593539
460.361576916951,301.341428224348,3.73815861831447
10.825568980948,496.72745762367,3.64230377771899
562.852251594121,55.0688067676492,4.26107617779798
73.1408852069128,373.915676774565,4.04274146496854
227.770244969782,416.647990535174,3.87726659229718
428.921074439568,15.4310825745945,3.37546281732495
360.47650533473,293.471391513715,3.14640693873656
604.794929549997,103.127956201641,4.16557938574982
392.666632967052,226.046422587058,4.28075204695683
571.023415618089,409.128087066566,4.74266721956412
137.563139195104,279.725167372521,4.53979066362018
194.838522776596,371.132090375922,3.95284448051115
124.476408908853,406.880117199845,3.38255149882371
629.680275215129,317.161569376414,4.4983059200322
-1.63053137574038,146.606207572386,4.29416872734764
547.068812239324,198.915784339162,4.2544957026421
33.2707957412828,491.189598389768,2.99486277546347
278.625166663268,23.7953069538046,3.79235734578822
534.758790345707,390.870157738904,3.38825487114703
71.9617629450872,73.0165992145953,5.18619952612036
4.66664219706233,78.1168873533371,3.6515297466412
586.714115395814,225.388090659498,4.02277712926543
437.291553297876,455.353172584253,4.72836104716868
659.239305251566,372.97061340203,2.98775518252419
108.824544219766,489.478970459489,4.32478948995726
623.527285787248,93.6281618625339,4.08578169905375
417.837204072641,260.837267359566,3.66420404867958
11.7585044751197,181.371600448585,3.26200327761954
76.2221209506499,117.955236262251,4.44765102387306
607.50334319282,200.858603987799,4.38468684769173
266.871297058386,209.480266124456,3.69311479710654
570.33144619955,430.911574430552,3.98907530717523
293.326427872215,136.172796266279,3.96536277647832
532.198429362669,458.067266706074,3.69851748847448
55.5848848674628,410.544402648522,3.78641527382167
210.102570099239,301.328888991871,4.28764535221315
550.235327914344,255.863678739743,3.76584637590534
175.691436077472,16.0520081646381,4.21038454515566
504.112545852876,343.657562082831,4.3470893327384
33.2105483634707,47.6648116218131,3.83379291029054
526.427417636825,146.987720068263,4.37495311612731
NA,NA,NA
661.882855223312,331.787458559747,3.57153843593539
460.361576916951,301.341428224348,3.73815861831447
10.825568980948,496.72745762367,3.64230377771899
562.852251594121,55.0688067676492,4.26107617779798
73.1408852069128,373.915676774565,4.04274146496854
227.770244969782,416.647990535174,3.87726659229718
428.921074439568,15.4310825745945,3.37546281732495
360.47650533473,293.471391513715,3.14640693873656
604.794929549997,103.127956201641,4.16557938574982
392.666632967052,226.046422587058,4.28075204695683
571.023415618089,409.128087066566,4.74266721956412
137.563139195104,279.725167372521,4.53979066362018
194.838522776596,371.132090375922,3.95284448051115
124.476408908853,406.880117199845,3.38255149882371
629.680275215129,317.161569376414,4.4983059200322
-1.63053137574038,146.606207572386,4.29416872734764
547.068812239324,198.915784339162,4.2544957026421
33.2707957412828,491.189598389768,2.99486277546347
278.625166663268,23.7953069538046,3.79235734578822
534.758790345707,390.870157738904,3.38825487114703
71.9617629450872,73.0165992145953,5.18619952612036
4.66664219706233,78.1168873533371,3.6515297466412
586.714115395814,225.388090659498,4.02277712926543
437.291553297876,455.353172584253,4.72836104716868
659.239305251566,372.97061340203,2.98775518252419
108.824544219766,489.478970459489,4.32478948995726
623.527285787248,93.6281618625339,4.08578169905375
417.837204072641,260.837267359566,3.66420404867958
11.7585044751197,181.371600448585,3.26200327761954
76.2221209506499,117.955236262251,4.44765102387306
607.50334319282,200.858603987799,4.38468684769173
266.871297058386,209.480266124456,3.69311479710654
570.33144619955,430.911574430552,3.98907530717523
293.326427872215,136.172796266279,3.96536277647832
532.198429362669,458.067266706074,3.69851748847448
55.5848848674628,410.544402648522,3.78641527382167
210.102570099239,301.328888991871,4.28764535221315
550.235327914344,255.863678739743,3.76584637590534
175.691436077472,16.0520081646381,4.21038454515566
504.112545852876,343.657562082831,4.3470893327384
33.2105483634707,47.6648116218131,3.83379291029054
526.427417636825,146.987720068263,4.37495311612731
NA,NA,NA
661.882855223312,331.787458559747,3.57153843593539
460.361576916951,301.341428224348,3.73815861831447
10.825568980948,496.72745762367,3.64230377771899
562.852251594121,55.0688067676492,4.26107617779798
73.1408852069128,373.915676774565,4.04274146496854
227.770244969782,416.647990535174,3.87726659229718
428.921074439568,15.4310825745945,3.37546281732495
360.47650533473,293.471391513715,3.14640693873656
604.794929549997,103.127956201641,4.16557938574982
392.666632967052,226.046422587058,4.28075204695683
571.023415618089,409.128087066566,4.74266721956412
137.563139195104,279.725167372521,4.53979066362018
194.838522776596,371.132090375922,3.95284448051115
124.476408908853,406.880117199845,3.38255149882371
629.680275215129,317.161569376414,4.4983059200322
-1.63053137574038,146.606207572386,4.29416872734764
547.068812239324,198.915784339162,4.2544957026421
33.2707957412828,491.189598389768,2.99486277546347
278.625166663268,23.7953069538046,3.79235734578822
534.758790345707,390.870157738904,3.38825487114703
71.9617629450872,73.0165992145953,5.18619952612036
4.66664219706233,78.1168873533371,3.6515297466412
586.714115395814,225.388090659498,4.02277712926543
437.291553297876,455.353172584253,4.72836104716868
659.239305251566,372.97061340203,2.98775518252419
108.824544219766,489.478970459489,4.32478948995726
623.527285787248,93.6281618625339,4.08578169905375
417.837204072641,260.837267359566,3.66420404867958
11.7585044751197,181.371600448585,3.26200327761954
76.2221209506499,117.955236262251,4.44765102387306
607.50334319282,200.858603987799,4.38468684769173
266.871297058386,209.480266124456,3.69311479710654
570.33144619955,430.911574430552,3.98907530717523
293.326427872215,136.172796266279,3.96536277647832
532.198429362669,458.067266706074,3.69851748847448
55.5848848674628,410.544402648522,3.78641527382167
210.102570099239,301.328888991871,4.28764535221315
550.235327914344,255.863678739743,3.76584637590534
175.691436077472,16.0520081646381,4.21038454515566
504.112545852876,343.657562082831,4.3470893327384
33.2105483634707,47.6648116218131,3.83379291029054
526.427417636825,146.987720068263,4.37495311612731
NA,NA,NA
661.882855223312,331.787458559747,3.57153843593539
460.361576916951,301.341428224348,3.73815861831447
10.825568980948,496.72745762367,3.64230377771899
562.852251594121,55.0688067676492,4.26107617779798
73.1408852069128,373.915676774565,4.04274146496854
227.770244969782,416.647990535174,3.87726659229718
428.921074439568,15.4310825745945,3.37546281732495
360.47650533473,293.471391513715,3.14640693873656
604.794929549997,103.127956201641,4.16557938574982
392.666632967052,226.046422587058,4.28075204695683
571.023415618089,409.128087066566,4.74266721956412
137.563139195104,279.725167372521,4.53979066362018
194.838522776596,371.132090375922,3.95284448051115
124.476408908853,406.880117199845,3.38255149882371
629.680275215129,317.161569376414,4.4983059200322
-1.63053137574038,146.606207572386,4.29416872734764
547.068812239324,198.915784339162,4.2544957026421
33.2707957412828,491.189598389768,2.99486277546347
278.625166663268,23.7953069538046,3.79235734578822
534.758790345707,390.870157738904,3.38825487114703
71.9617629450872,73.0165992145953,5.18619952612036
4.66664219706233,78.1168873533371,3.6515297466412
586.714115395814,225.388090659498,4.02277712926543
437.291553297876,455.353172584253,4.72836104716868
659.239305251566,372.97061340203,2.98775518252419
108.824544219766,489.478970459489,4.32478948995726
623.527285787248,93.6281618625339,4.08578169905375
417.837204072641,260.837267359566,3.66420404867958
11.7585044751197,181.371600448585,3.26200327761954
76.2221209506499,117.955236262251,4.44765102387306
607.50334319282,200.858603987799,4.38468684769173
266.871297058386,209.480266124456,3.69311479710654
570.33144619955,430.911574430552,3.98907530717523
293.326427872215,136.172796266279,3.96536277647832
532.198429362669,458.067266706074,3.69851748847448
55.5848848674628,410.544402648522,3.78641527382167
210.102570099239,301.328888991871,4.28764535221315
550.235327914344,255.863678739743,3.76584637590534
175.691436077472,16.0520081646381,4.21038454515566
504.112545852876,343.657562082831,4.3470893327384
33.2105483634707,47.6648116218131,3.83379291029054
526.427417636825,146.987720068263,4.37495311612731
NA,NA,NA
657.974392727058,331.671246913303,3.50793316057764
455.954959171028,298.763461659849,3.61295034875979
10.6953691643389,495.917433684744,3.64332812307453
565.949466016466,52.4751488205379,4.15599953278339
72.8562406697717,381.053494897906,3.80184632759031
230.1115870691,416.908597996689,3.81784727264934
428.18119158583,12.5265154167624,3.25835621718004
362.276294643067,290.484609990992,3.10229203848952
604.736269798241,103.195289066571,4.12457219592239
397.873774272621,228.714849645143,4.18492233943043
569.53047349291,408.822528882507,4.73698010062565
144.437170595561,290.501621088979,4.51155613143521
201.368771572649,374.198640114765,4.12080669459723
128.646006825816,408.476559318044,3.33028552544593
625.691761580466,314.362893879917,4.605288560869
4.2092176549908,146.173258962004,4.3343662431805
544.369770930991,208.314684529456,4.12190052807811
34.6640102431432,490.574014556846,3.03081728817414
280.885730113453,22.2928488284707,3.84157610338275
538.286602235219,393.640961105558,3.68803183742845
78.285378826157,89.2523963803003,5.35033500769682
1.72831478856793,76.5191547237566,3.56291251879899
588.52959084406,226.195026604514,4.01792313984942
437.001425137115,457.352448376107,4.81153392295182
659.4029445996,373.622777278545,3.05406146183638
104.370572738207,485.369146216704,4.4120263511011
625.656380010056,90.5390651269003,4.07877897797471
419.308406460959,260.822384607671,3.60156544790621
11.5302938603572,182.156294100773,3.01691291472831
73.9243602747895,128.782373046524,4.6853123636083
603.891421030003,203.603762580176,4.22475202132271
255.697193943223,223.180382573019,3.58731031011502
564.078877699222,436.434550870515,3.94636196803729
302.294356221761,139.376174057178,3.77970691837755
525.278364899208,460.007175167855,3.57792627678378
42.724902221087,426.563280697242,3.86370527718125
194.824132536975,281.217700619198,4.1100045065261
537.828866714547,257.733243246588,3.58930768743355
168.366519317036,35.1739978137864,3.98497026959613
502.049729787438,352.092483582613,4.88316370823391
30.2996864712946,53.4641329935676,4.22174245730918
546.242702421561,168.233303284843,4.71502036533752
NA,NA,NA
657.974392727058,331.671246913303,3.50793316057764
455.954959171028,298.763461659849,3.61295034875979
10.6953691643389,495.917433684744,3.64332812307453
565.949466016466,52.4751488205379,4.15599953278339
72.8562406697717,381.053494897906,3.80184632759031
230.1115870691,416.908597996689,3.81784727264934
428.18119158583,12.5265154167624,3.25835621718004
362.276294643067,290.484609990992,3.10229203848952
604.736269798241,103.195289066571,4.12457219592239
397.873774272621,228.714849645143,4.18492233943043
569.53047349291,408.822528882507,4.73698010062565
144.437170595561,290.501621088979,4.51155613143521
201.368771572649,374.198640114765,4.12080669459723
128.646006825816,408.476559318044,3.33028552544593
625.691761580466,314.362893879917,4.605288560869
4.2092176549908,146.173258962004,4.3343662431805
544.369770930991,208.314684529456,4.12190052807811
34.6640102431432,490.574014556846,3.03081728817414
280.885730113453,22.2928488284707,3.84157610338275
538.286602235219,393.640961105558,3.68803183742845
78.285378826157,89.2523963803003,5.35033500769682
1.72831478856793,76.5191547237566,3.56291251879899
588.52959084406,226.195026604514,4.01792313984942
437.001425137115,457.352448376107,4.81153392295182
659.4029445996,373.622777278545,3.05406146183638
104.370572738207,485.369146216704,4.4120263511011
625.656380010056,90.5390651269003,4.07877897797471
419.308406460959,260.822384607671,3.60156544790621
11.5302938603572,182.156294100773,3.01691291472831
73.9243602747895,128.782373046524,4.6853123636083
603.891421030003,203.603762580176,4.22475202132271
255.697193943223,223.180382573019,3.58731031011502
564.078877699222,436.434550870515,3.94636196803729
302.294356221761,139.376174057178,3.77970691837755
525.278364899208,460.007175167855,3.57792627678378
42.724902221087,426.563280697242,3.86370527718125
194.824132536975,281.217700619198,4.1100045065261
537.828866714547,257.733243246588,3.58930768743355
168.366519317036,35.1739978137864,3.98497026959613
502.049729787438,352.092483582613,4.88316370823391
30.2996864712946,53.4641329935676,4.22174245730918
546.242702421561,168.233303284843,4.71502036533752
NA,NA,NA
657.974392727058,331.671246913303,3.50793316057764
455.954959171028,298.763461659849,3.61295034875979
10.6953691643389,495.917433684744,3.64332812307453
565.949466016466,52.4751488205379,4.15599953278339
72.8562406697717,381.053494897906,3.80184632759031
230.1115870691,416.908597996689,3.81784727264934
428.18119158583,12.5265154167624,3.25835621718004
362.276294643067,290.484609990992,3.10229203848952
604.736269798241,103.195289066571,4.12457219592239
397.873774272621,228.714849645143,4.18492233943043
569.53047349291,408.822528882507,4.73698010062565
144.437170595561,290.501621088979,4.51155613143521
201.368771572649,374.198640114765,4.12080669459723
128.646006825816,408.476559318044,3.33028552544593
625.691761580466,314.362893879917,4.605288560869
4.2092176549908,146.173258962004,4.3343662431805
544.369770930991,208.314684529456,4.12190052807811
34.6640102431432,490.574014556846,3.03081728817414
280.885730113453,22.2928488284707,3.84157610338275
538.286602235219,393.640961105558,3.68803183742845
78.285378826157,89.2523963803003,5.35033500769682
1.72831478856793,76.5191547237566,3.56291251879899
588.52959084406,226.195026604514,4.01792313984942
437.001425137115,457.352448376107,4.81153392295182
659.4029445996,373.622777278545,3.05406146183638
104.370572738207,485.369146216704,4.4120263511011
625.656380010056,90.5390651269003,4.07877897797471
419.308406460959,260.822384607671,3.60156544790621
11.5302938603572,182.156294100773,3.01691291472831
73.9243602747895,128.782373046524,4.6853123636083
603.891421030003,203.603762580176,4.22475202132271
255.697193943223,223.180382573019,3.58731031011502
564.078877699222,436.434550870515,3.94636196803729
302.294356221761,139.376174057178,3.77970691837755
525.278364899208,460.007175167855,3.57792627678378
42.724902221087,426.563280697242,3.86370527718125
194.824132536975,281.217700619198,4.1100045065261
537.828866714547,257.733243246588,3.58930768743355
168.366519317036,35.1739978137864,3.98497026959613
502.049729787438,352.092483582613,4.88316370823391
30.2996864712946,53.4641329935676,4.22174245730918
546.242702421561,168.233303284843,4.71502036533752
NA,NA,NA
657.974392727058,331.671246913303,3.50793316057764
455.954959171028,298.763461659849,3.61295034875979
10.6953691643389,495.917433684744,3.64332812307453
565.949466016466,52.4751488205379,4.15599953278339
72.8562406697717,381.053494897906,3.80184632759031
230.1115870691,416.908597996689,3.81784727264934
428.18119158583,12.5265154167624,3.25835621718004
362.276294643067,290.484609990992,3.10229203848952
604.736269798241,103.195289066571,4.12457219592239
397.873774272621,228.714849645143,4.18492233943043
569.53047349291,408.822528882507,4.73698010062565
144.437170595561,290.501621088979,4.51155613143521
201.368771572649,374.198640114765,4.12080669459723
128.646006825816,408.476559318044,3.33028552544593
625.691761580466,314.362893879917,4.605288560869
4.2092176549908,146.173258962004,4.3343662431805
544.369770930991,208.314684529456,4.12190052807811
34.6640102431432,490.574014556846,3.03081728817414
280.885730113453,22.2928488284707,3.84157610338275
538.286602235219,393.640961105558,3.68803183742845
78.285378826157,89.2523963803003,5.35033500769682
1.72831478856793,76.5191547237566,3.56291251879899
588.52959084406,226.195026604514,4.01792313984942
437.001425137115,457.352448376107,4.81153392295182
659.4029445996,373.622777278545,3.05406146183638
104.370572738207,485.369146216704,4.4120263511011
625.656380010056,90.5390651269003,4.07877897797471
419.308406460959,260.822384607671,3.60156544790621
11.5302938603572,182.156294100773,3.01691291472831
73.9243602747895,128.782373046524,4.6853123636083
603.891421030003,203.603762580176,4.22475202132271
255.697193943223,223.180382573019,3.58731031011502
564.078877699222,436.434550870515,3.94636196803729
302.294356221761,139.376174057178,3.77970691837755
525.278364899208,460.007175167855,3.57792627678378
42.724902221087,426.563280697242,3.86370527718125
194.824132536975,281.217700619198,4.1100045065261
537.828866714547,257.733243246588,3.58930768743355
168.366519317036,35.1739978137864,3.98497026959613
502.049729787438,352.092483582613,4.88316370823391
30.2996864712946,53.4641329935676,4.22174245730918
546.242702421561,168.233303284843,4.71502036533752
NA,NA,NA
657.974392727058,331.671246913303,3.50793316057764
455.954959171028,298.763461659849,3.61295034875979
10.6953691643389,495.917433684744,3.64332812307453
565.949466016466,52.4751488205379,4.15599953278339
72.8562406697717,381.053494897906,3.80184632759031
230.1115870691,416.908597996689,3.81784727264934
428.18119158583,12.5265154167624,3.25835621718004
362.276294643067,290.484609990992,3.10229203848952
604.736269798241,103.195289066571,4.12457219592239
397.873774272621,228.714849645143,4.18492233943043
569.53047349291,408.822528882507,4.73698010062565
144.437170595561,290.501621088979,4.51155613143521
201.368771572649,374.198640114765,4.12080669459723
128.646006825816,408.476559318044,3.33028552544593
625.691761580466,314.362893879917,4.605288560869
4.2092176549908,146.173258962004,4.3343662431805
544.369770930991,208.314684529456,4.12190052807811
34.6640102431432,490.574014556846,3.03081728817414
280.885730113453,22.2928488284707,3.84157610338275
538.286602235219,393.640961105558,3.68803183742845
78.285378826157,89.2523963803003,5.35033500769682
1.72831478856793,76.5191547237566,3.56291251879899
588.52959084406,226.195026604514,4.01792313984942
437.001425137115,457.352448376107,4.81153392295182
659.4029445996,373.622777278545,3.05406146183638
104.370572738207,485.369146216704,4.4120263511011
625.656380010056,90.5390651269003,4.07877897797471
419.308406460959,260.822384607671,3.60156544790621
11.5302938603572,182.156294100773,3.01691291472831
73.9243602747895,128.782373046524,4.6853123636083
603.891421030003,203.603762580176,4.22475202132271
255.697193943223,223.180382573019,3.58731031011502
564.078877699222,436.434550870515,3.94636196803729
302.294356221761,139.376174057178,3.77970691837755
525.278364899208,460.007175167855,3.57792627678378
42.724902221087,426.563280697242,3.86370527718125
194.824132536975,281.217700619198,4.1100045065261
537.828866714547,257.733243246588,3.58930768743355
168.366519317036,35.1739978137864,3.98497026959613
502.049729787438,352.092483582613,4.88316370823391
30.2996864712946,53.4641329935676,4.22174245730918
546.242702421561,168.233303284843,4.71502036533752
NA,NA,NA
657.974392727058,331.671246913303,3.50793316057764
455.954959171028,298.763461659849,3.61295034875979
10.6953691643389,495.917433684744,3.64332812307453
565.949466016466,52.4751488205379,4.15599953278339
72.8562406697717,381.053494897906,3.80184632759031
230.1115870691,416.908597996689,3.81784727264934
428.18119158583,12.5265154167624,3.25835621718004
362.276294643067,290.484609990992,3.10229203848952
604.736269798241,103.195289066571,4.12457219592239
397.873774272621,228.714849645143,4.18492233943043
569.53047349291,408.822528882507,4.73698010062565
144.437170595561,290.501621088979,4.51155613143521
201.368771572649,374.198640114765,4.12080669459723
128.646006825816,408.476559318044,3.33028552544593
625.691761580466,314.362893879917,4.605288560869
4.2092176549908,146.173258962004,4.3343662431805
544.369770930991,208.314684529456,4.12190052807811
34.6640102431432,490.574014556846,3.03081728817414
280.885730113453,22.2928488284707,3.84157610338275
538.286602235219,393.640961105558,3.68803183742845
78.285378826157,89.2523963803003,5.35033500769682
1.72831478856793,76.5191547237566,3.56291251879899
588.52959084406,226.195026604514,4.01792313984942
437.001425137115,457.352448376107,4.81153392295182
659.4029445996,373.622777278545,3.05406146183638
104.370572738207,485.369146216704,4.4120263511011
625.656380010056,90.5390651269003,4.07877897797471
419.308406460959,260.822384607671,3.60156544790621
11.5302938603572,182.156294100773,3.01691291472831
73.9243602747895,128.782373046524,4.6853123636083
603.891421030003,203.603762580176,4.22475202132271
255.697193943223,223.180382573019,3.58731031011502
564.078877699222,436.434550870515,3.94636196803729
302.294356221761,139.376174057178,3.77970691837755
525.278364899208,460.007175167855,3.57792627678378
42.724902221087,426.563280697242,3.86370527718125
194.824132536975,281.217700619198,4.1100045065261
537.828866714547,257.733243246588,3.58930768743355
168.366519317036,35.1739978137864,3.98497026959613
502.049729787438,352.092483582613,4.88316370823391
30.2996864712946,53.4641329935676,4.22174245730918
546.242702421561,168.233303284843,4.71502036533752
NA,NA,NA
663.364890867973,337.096730783591,3.39579058570881
452.686807970563,297.179761245115,3.7339680963135
10.935243234434,494.412297995534,3.52282812278243
558.699572483736,56.2916076672444,4.31298922332437
70.8540055826593,376.393548184843,3.93334009007856
223.774103476467,414.924581258186,3.95549289631537
428.318636404053,12.6890100956924,3.29598180425546
362.855340134146,292.808521722654,3.04849864391701
605.672150094655,104.272621682156,4.28355158137589
392.85980799149,227.761565357048,4.13390912798445
566.276870040736,416.075471334909,4.73231419596803
141.660368878439,280.583504695914,4.57455249869476
200.380991041811,371.168073933579,4.09226396427954
125.400264276861,413.728554394786,3.37754075321193
632.755176085164,318.938426127744,4.59230757766953
1.29476137339245,148.97785735173,4.31412557695292
543.282355600592,206.769127830137,4.00265941400694
33.6288884017935,490.90337956067,2.94691827901192
280.521495881562,23.1767040854402,4.12414410805305
532.851477423669,395.056907737937,3.51175307667153
71.9803493123886,79.6570295455122,5.28800866614441
6.75188575553276,77.2251779821434,3.50697573058706
588.397863358081,222.815211593186,3.94624999461623
439.791835935772,456.159513480339,4.80069938883658
658.20951019379,373.754927053422,3.09477541503531
104.969205579753,488.138956388138,4.44967776283665
622.860522442321,89.0605180014516,4.01726195400935
420.358593226599,258.467436340816,3.60459958287123
13.1466431230878,181.63224889593,3.10585893650537
65.4485755138245,126.617866206523,4.47618965172729
609.554710668478,202.27582764359,4.35658991816074
253.3709940204,219.557200255899,3.91203904772454
574.315812069456,432.218079555471,3.84394362556439
302.260969776042,142.358532116028,3.83761533453869
531.192559911302,449.070559626172,3.59735054755572
46.9628364468558,420.339517876852,3.69789827462428
191.821550509035,288.012007657292,4.08852899057701
554.030907719399,258.327435391652,3.79704546256665
170.463157653066,15.5415102288357,4.14247577129124
504.958799086628,344.287155934745,4.4167453158602
50.6796832487969,53.3109994241401,3.99221196312193
529.772999026643,140.094019720194,4.76092727587103
NA,NA,NA
663.364890867973,337.096730783591,3.39579058570881
452.686807970563,297.179761245115,3.7339680963135
10.935243234434,494.412297995534,3.52282812278243
558.699572483736,56.2916076672444,4.31298922332437
70.8540055826593,376.393548184843,3.93334009007856
223.774103476467,414.924581258186,3.95549289631537
428.318636404053,12.6890100956924,3.29598180425546
362.855340134146,292.808521722654,3.04849864391701
605.672150094655,104.272621682156,4.28355158137589
392.85980799149,227.761565357048,4.13390912798445
566.276870040736,416.075471334909,4.73231419596803
141.660368878439,280.583504695914,4.57455249869476
200.380991041811,371.168073933579,4.09226396427954
125.400264276861,413.728554394786,3.37754075321193
632.755176085164,318.938426127744,4.59230757766953
1.29476137339245,148.97785735173,4.31412557695292
543.282355600592,206.769127830137,4.00265941400694
33.6288884017935,490.90337956067,2.94691827901192
280.521495881562,23.1767040854402,4.12414410805305
532.851477423669,395.056907737937,3.51175307667153
71.9803493123886,79.6570295455122,5.28800866614441
6.75188575553276,77.2251779821434,3.50697573058706
588.397863358081,222.815211593186,3.94624999461623
439.791835935772,456.159513480339,4.80069938883658
658.20951019379,373.754927053422,3.09477541503531
104.969205579753,488.138956388138,4.44967776283665
622.860522442321,89.0605180014516,4.01726195400935
420.358593226599,258.467436340816,3.60459958287123
13.1466431230878,181.63224889593,3.10585893650537
65.4485755138245,126.617866206523,4.47618965172729
609.554710668478,202.27582764359,4.35658991816074
253.3709940204,219.557200255899,3.91203904772454
574.315812069456,432.218079555471,3.84394362556439
302.260969776042,142.358532116028,3.83761533453869
531.192559911302,449.070559626172,3.59735054755572
46.9628364468558,420.339517876852,3.69789827462428
191.821550509035,288.012007657292,4.08852899057701
554.030907719399,258.327435391652,3.79704546256665
170.463157653066,15.5415102288357,4.14247577129124
504.958799086628,344.287155934745,4.4167453158602
50.6796832487969,53.3109994241401,3.99221196312193
529.772999026643,140.094019720194,4.76092727587103
NA,NA,NA
663.364890867973,337.096730783591,3.39579058570881
452.686807970563,297.179761245115,3.7339680963135
10.935243234434,494.412297995534,3.52282812278243
558.699572483736,56.2916076672444,4.31298922332437
70.8540055826593,376.393548184843,3.93334009007856
223.774103476467,414.924581258186,3.95549289631537
428.318636404053,12.6890100956924,3.29598180425546
362.855340134146,292.808521722654,3.04849864391701
605.672150094655,104.272621682156,4.28355158137589
392.85980799149,227.761565357048,4.13390912798445
566.276870040736,416.075471334909,4.73231419596803
141.660368878439,280.583504695914,4.57455249869476
200.380991041811,371.168073933579,4.09226396427954
125.400264276861,413.728554394786,3.37754075321193
632.755176085164,318.938426127744,4.59230757766953
1.29476137339245,148.97785735173,4.31412557695292
543.282355600592,206.769127830137,4.00265941400694
33.6288884017935,490.90337956067,2.94691827901192
280.521495881562,23.1767040854402,4.12414410805305
532.851477423669,395.056907737937,3.51175307667153
71.9803493123886,79.6570295455122,5.28800866614441
6.75188575553276,77.2251779821434,3.50697573058706
588.397863358081,222.815211593186,3.94624999461623
439.791835935772,456.159513480339,4.80069938883658
658.20951019379,373.754927053422,3.09477541503531
104.969205579753,488.138956388138,4.44967776283665
622.860522442321,89.0605180014516,4.01726195400935
420.358593226599,258.467436340816,3.60459958287123
13.1466431230878,181.63224889593,3.10585893650537
65.4485755138245,126.617866206523,4.47618965172729
609.554710668478,202.27582764359,4.35658991816074
253.3709940204,219.557200255899,3.91203904772454
574.315812069456,432.218079555471,3.84394362556439
302.260969776042,142.358532116028,3.83761533453869
531.192559911302,449.070559626172,3.59735054755572
46.9628364468558,420.339517876852,3.69789827462428
191.821550509035,288.012007657292,4.08852899057701
554.030907719399,258.327435391652,3.79704546256665
170.463157653066,15.5415102288357,4.14247577129124
504.958799086628,344.287155934745,4.4167453158602
50.6796832487969,53.3109994241401,3.99221196312193
529.772999026643,140.094019720194,4.76092727587103
NA,NA,NA
663.364890867973,337.096730783591,3.39579058570881
452.686807970563,297.179761245115,3.7339680963135
10.935243234434,494.412297995534,3.52282812278243
558.699572483736,56.2916076672444,4.31298922332437
70.8540055826593,376.393548184843,3.93334009007856
223.774103476467,414.924581258186,3.95549289631537
428.318636404053,12.6890100956924,3.29598180425546
362.855340134146,292.808521722654,3.04849864391701
605.672150094655,104.272621682156,4.28355158137589
392.85980799149,227.761565357048,4.13390912798445
566.276870040736,416.075471334909,4.73231419596803
141.660368878439,280.583504695914,4.57455249869476
200.380991041811,371.168073933579,4.09226396427954
125.400264276861,413.728554394786,3.37754075321193
632.755176085164,318.938426127744,4.59230757766953
1.29476137339245,148.97785735173,4.31412557695292
543.282355600592,206.769127830137,4.00265941400694
33.6288884017935,490.90337956067,2.94691827901192
280.521495881562,23.1767040854402,4.12414410805305
532.851477423669,395.056907737937,3.51175307667153
71.9803493123886,79.6570295455122,5.28800866614441
6.75188575553276,77.2251779821434,3.50697573058706
588.397863358081,222.815211593186,3.94624999461623
439.791835935772,456.159513480339,4.80069938883658
658.20951019379,373.754927053422,3.09477541503531
104.969205579753,488.138956388138,4.44967776283665
622.860522442321,89.0605180014516,4.01726195400935
420.358593226599,258.467436340816,3.60459958287123
13.1466431230878,181.63224889593,3.10585893650537
65.4485755138245,126.617866206523,4.47618965172729
609.554710668478,202.27582764359,4.35658991816074
253.3709940204,219.557200255899,3.91203904772454
574.315812069456,432.218079555471,3.84394362556439
302.260969776042,142.358532116028,3.83761533453869
531.192559911302,449.070559626172,3.59735054755572
46.9628364468558,420.339517876852,3.69789827462428
191.821550509035,288.012007657292,4.08852899057701
554.030907719399,258.327435391652,3.79704546256665
170.463157653066,15.5415102288357,4.14247577129124
504.958799086628,344.287155934745,4.4167453158602
50.6796832487969,53.3109994241401,3.99221196312193
529.772999026643,140.094019720194,4.76092727587103
NA,NA,NA
663.364890867973,337.096730783591,3.39579058570881
452.686807970563,297.179761245115,3.7339680963135
10.935243234434,494.412297995534,3.52282812278243
558.699572483736,56.2916076672444,4.31298922332437
70.8540055826593,376.393548184843,3.93334009007856
223.774103476467,414.924581258186,3.95549289631537
428.318636404053,12.6890100956924,3.29598180425546
362.855340134146,292.808521722654,3.04849864391701
605.672150094655,104.272621682156,4.28355158137589
392.85980799149,227.761565357048,4.13390912798445
566.276870040736,416.075471334909,4.73231419596803
141.660368878439,280.583504695914,4.57455249869476
200.380991041811,371.168073933579,4.09226396427954
125.400264276861,413.728554394786,3.37754075321193
632.755176085164,318.938426127744,4.59230757766953
1.29476137339245,148.97785735173,4.31412557695292
543.282355600592,206.769127830137,4.00265941400694
33.6288884017935,490.90337956067,2.94691827901192
280.521495881562,23.1767040854402,4.12414410805305
532.851477423669,395.056907737937,3.51175307667153
71.9803493123886,79.6570295455122,5.28800866614441
6.75188575553276,77.2251779821434,3.50697573058706
588.397863358081,222.815211593186,3.94624999461623
439.791835935772,456.159513480339,4.80069938883658
658.20951019379,373.754927053422,3.09477541503531
104.969205579753,488.138956388138,4.44967776283665
622.860522442321,89.0605180014516,4.01726195400935
420.358593226599,258.467436340816,3.60459958287123
13.1466431230878,181.63224889593,3.10585893650537
65.4485755138245,126.617866206523,4.47618965172729
609.554710668478,202.27582764359,4.35658991816074
253.3709940204,219.557200255899,3.91203904772454
574.315812069456,432.218079555471,3.84394362556439
302.260969776042,142.358532116028,3.83761533453869
531.192559911302,449.070559626172,3.59735054755572
46.9628364468558,420.339517876852,3.69789827462428
191.821550509035,288.012007657292,4.08852899057701
554.030907719399,258.327435391652,3.79704546256665
170.463157653066,15.5415102288357,4.14247577129124
504.958799086628,344.287155934745,4.4167453158602
50.6796832487969,53.3109994241401,3.99221196312193
529.772999026643,140.094019720194,4.76092727587103
NA,NA,NA
663.364890867973,337.096730783591,3.39579058570881
452.686807970563,297.179761245115,3.7339680963135
10.935243234434,494.412297995534,3.52282812278243
558.699572483736,56.2916076672444,4.31298922332437
70.8540055826593,376.393548184843,3.93334009007856
223.774103476467,414.924581258186,3.95549289631537
428.318636404053,12.6890100956924,3.29598180425546
362.855340134146,292.808521722654,3.04849864391701
605.672150094655,104.272621682156,4.28355158137589
392.85980799149,227.761565357048,4.13390912798445
566.276870040736,416.075471334909,4.73231419596803
141.660368878439,280.583504695914,4.57455249869476
200.380991041811,371.168073933579,4.09226396427954
125.400264276861,413.728554394786,3.37754075321193
632.755176085164,318.938426127744,4.59230757766953
1.29476137339245,148.97785735173,4.31412557695292
543.282355600592,206.769127830137,4.00265941400694
33.6288884017935,490.90337956067,2.94691827901192
280.521495881562,23.1767040854402,4.12414410805305
532.851477423669,395.056907737937,3.51175307667153
71.9803493123886,79.6570295455122,5.28800866614441
6.75188575553276,77.2251779821434,3.50697573058706
588.397863358081,222.815211593186,3.94624999461623
439.791835935772,456.159513480339,4.80069938883658
658.20951019379,373.754927053422,3.09477541503531
104.969205579753,488.138956388138,4.44967776283665
622.860522442321,89.0605180014516,4.01726195400935
420.358593226599,258.467436340816,3.60459958287123
13.1466431230878,181.63224889593,3.10585893650537
65.4485755138245,126.617866206523,4.47618965172729
609.554710668478,202.27582764359,4.35658991816074
253.3709940204,219.557200255899,3.91203904772454
574.315812069456,432.218079555471,3.84394362556439
302.260969776042,142.358532116028,3.83761533453869
531.192559911302,449.070559626172,3.59735054755572
46.9628364468558,420.339517876852,3.69789827462428
191.821550509035,288.012007657292,4.08852899057701
554.030907719399,258.327435391652,3.79704546256665
170.463157653066,15.5415102288357,4.14247577129124
504.958799086628,344.287155934745,4.4167453158602
50.6796832487969,53.3109994241401,3.99221196312193
529.772999026643,140.094019720194,4.76092727587103
NA,NA,NA
660.413585810657,333.868115006828,3.58226965544366
455.788064884923,299.645643360233,3.56996936020592
8.32810541603902,491.338074309286,3.58215132007931
563.169400465164,59.3637586702651,4.24050754167823
67.7976766806761,372.898263050269,3.9846248393064
229.094289317052,414.139968045358,3.82833292791017
428.276037529989,12.0522211194463,3.27048465269189
362.309102289704,294.230263849354,2.96249530172065
603.15972065309,107.494685206506,4.09076729785839
385.754831027165,230.854253222033,4.13644721421602
573.660821661119,411.813562457427,4.68723075745884
140.526098741204,281.210105288896,4.5868653258706
201.616643896594,371.35566704626,3.95890299485552
124.08038277941,411.932311763052,3.47111348880257
629.090111033178,313.753732697616,4.56363200643531
4.61660669836313,144.312980606777,4.27866479679451
541.363757021895,205.557672037257,4.10593699698101
34.4621241294395,492.764840631557,3.01865582307556
283.244231751584,22.107784874183,3.95495648443079
534.090675534955,393.412866263492,3.33275224616235
66.8188719340286,74.9194155106015,5.15434018444502
5.01442924582048,79.4651847703839,3.41443866017349
585.661607885859,226.809562758268,3.88908934652602
445.406442277314,457.571024119307,4.75183733004922
658.204845444544,373.632400000402,3.18193061121181
112.028640759106,487.315168537664,4.294263803936
621.077412520508,88.0444855289177,4.08594286887589
417.473545833701,259.222278189619,3.52692455400723
11.930934897019,180.19104640521,3.27155281908947
62.0703312088835,107.77322344844,4.56329808236856
611.022219218602,212.467183455031,4.29865747113602
250.102182239866,216.561736226229,3.57019078901892
573.965520060417,443.300830438844,3.81456169623778
308.900524707044,138.333871156039,3.93962330791662
526.861027480139,457.797480568745,3.51347517071913
45.8510642346637,410.691464081311,4.16754089060799
199.204869903733,284.191565288017,4.33609368592963
550.364533142001,261.583722548456,3.81088673298674
171.203823951987,16.8401044548276,4.19723804794522
495.797716142552,337.36635602511,4.4419246095387
36.6844621640688,47.5794382196516,3.38395739682964
532.778959193074,155.001462083803,4.67173252225743
NA,NA,NA
660.413585810657,333.868115006828,3.58226965544366
455.788064884923,299.645643360233,3.56996936020592
8.32810541603902,491.338074309286,3.58215132007931
563.169400465164,59.3637586702651,4.24050754167823
67.7976766806761,372.898263050269,3.9846248393064
229.094289317052,414.139968045358,3.82833292791017
428.276037529989,12.0522211194463,3.27048465269189
362.309102289704,294.230263849354,2.96249530172065
603.15972065309,107.494685206506,4.09076729785839
385.754831027165,230.854253222033,4.13644721421602
573.660821661119,411.813562457427,4.68723075745884
140.526098741204,281.210105288896,4.5868653258706
201.616643896594,371.35566704626,3.95890299485552
124.08038277941,411.932311763052,3.47111348880257
629.090111033178,313.753732697616,4.56363200643531
4.61660669836313,144.312980606777,4.27866479679451
541.363757021895,205.557672037257,4.10593699698101
34.4621241294395,492.764840631557,3.01865582307556
283.244231751584,22.107784874183,3.95495648443079
534.090675534955,393.412866263492,3.33275224616235
66.8188719340286,74.9194155106015,5.15434018444502
5.01442924582048,79.4651847703839,3.41443866017349
585.661607885859,226.809562758268,3.88908934652602
445.406442277314,457.571024119307,4.75183733004922
658.204845444544,373.632400000402,3.18193061121181
112.028640759106,487.315168537664,4.294263803936
621.077412520508,88.0444855289177,4.08594286887589
417.473545833701,259.222278189619,3.52692455400723
11.930934897019,180.19104640521,3.27155281908947
62.0703312088835,107.77322344844,4.56329808236856
611.022219218602,212.467183455031,4.29865747113602
250.102182239866,216.561736226229,3.57019078901892
573.965520060417,443.300830438844,3.81456169623778
308.900524707044,138.333871156039,3.93962330791662
526.861027480139,457.797480568745,3.51347517071913
45.8510642346637,410.691464081311,4.16754089060799
199.204869903733,284.191565288017,4.33609368592963
550.364533142001,261.583722548456,3.81088673298674
171.203823951987,16.8401044548276,4.19723804794522
495.797716142552,337.36635602511,4.4419246095387
36.6844621640688,47.5794382196516,3.38395739682964
532.778959193074,155.001462083803,4.67173252225743
NA,NA,NA
660.413585810657,333.868115006828,3.58226965544366
455.788064884923,299.645643360233,3.56996936020592
8.32810541603902,491.338074309286,3.58215132007931
563.169400465164,59.3637586702651,4.24050754167823
67.7976766806761,372.898263050269,3.9846248393064
229.094289317052,414.139968045358,3.82833292791017
428.276037529989,12.0522211194463,3.27048465269189
362.309102289704,294.230263849354,2.96249530172065
603.15972065309,107.494685206506,4.09076729785839
385.754831027165,230.854253222033,4.13644721421602
573.660821661119,411.813562457427,4.68723075745884
140.526098741204,281.210105288896,4.5868653258706
201.616643896594,371.35566704626,3.95890299485552
124.08038277941,411.932311763052,3.47111348880257
629.090111033178,313.753732697616,4.56363200643531
4.61660669836313,144.312980606777,4.27866479679451
541.363757021895,205.557672037257,4.10593699698101
34.4621241294395,492.764840631557,3.01865582307556
283.244231751584,22.107784874183,3.95495648443079
534.090675534955,393.412866263492,3.33275224616235
66.8188719340286,74.9194155106015,5.15434018444502
5.01442924582048,79.4651847703839,3.41443866017349
585.661607885859,226.809562758268,3.88908934652602
445.406442277314,457.571024119307,4.75183733004922
658.204845444544,373.632400000402,3.18193061121181
112.028640759106,487.315168537664,4.294263803936
621.077412520508,88.0444855289177,4.08594286887589
417.473545833701,259.222278189619,3.52692455400723
11.930934897019,180.19104640521,3.27155281908947
62.0703312088835,107.77322344844,4.56329808236856
611.022219218602,212.467183455031,4.29865747113602
250.102182239866,216.561736226229,3.57019078901892
573.965520060417,443.300830438844,3.81456169623778
308.900524707044,138.333871156039,3.93962330791662
526.861027480139,457.797480568745,3.51347517071913
45.8510642346637,410.691464081311,4.16754089060799
199.204869903733,284.191565288017,4.33609368592963
550.364533142001,261.583722548456,3.81088673298674
171.203823951987,16.8401044548276,4.19723804794522
495.797716142552,337.36635602511,4.4419246095387
36.6844621640688,47.5794382196516,3.38395739682964
532.778959193074,155.001462083803,4.67173252225743
NA,NA,NA
660.413585810657,333.868115006828,3.58226965544366
455.788064884923,299.645643360233,3.56996936020592
8.32810541603902,491.338074309286,3.58215132007931
563.169400465164,59.3637586702651,4.24050754167823
67.7976766806761,372.898263050269,3.9846248393064
229.094289317052,414.139968045358,3.82833292791017
428.276037529989,12.0522211194463,3.27048465269189
362.309102289704,294.230263849354,2.96249530172065
603.15972065309,107.494685206506,4.09076729785839
385.754831027165,230.854253222033,4.13644721421602
573.660821661119,411.813562457427,4.68723075745884
140.526098741204,281.210105288896,4.5868653258706
201.616643896594,371.35566704626,3.95890299485552
124.08038277941,411.932311763052,3.47111348880257
629.090111033178,313.753732697616,4.56363200643531
4.61660669836313,144.312980606777,4.27866479679451
541.363757021895,205.557672037257,4.10593699698101
34.4621241294395,492.764840631557,3.01865582307556
283.244231751584,22.107784874183,3.95495648443079
534.090675534955,393.412866263492,3.33275224616235
66.8188719340286,74.9194155106015,5.15434018444502
5.01442924582048,79.4651847703839,3.41443866017349
585.661607885859,226.809562758268,3.88908934652602
445.406442277314,457.571024119307,4.75183733004922
658.204845444544,373.632400000402,3.18193061121181
112.028640759106,487.315168537664,4.294263803936
621.077412520508,88.0444855289177,4.08594286887589
417.473545833701,259.222278189619,3.52692455400723
11.930934897019,180.19104640521,3.27155281908947
62.0703312088835,107.77322344844,4.56329808236856
611.022219218602,212.467183455031,4.29865747113602
250.102182239866,216.561736226229,3.57019078901892
573.965520060417,443.300830438844,3.81456169623778
308.900524707044,138.333871156039,3.93962330791662
526.861027480139,457.797480568745,3.51347517071913
45.8510642346637,410.691464081311,4.16754089060799
199.204869903733,284.191565288017,4.33609368592963
550.364533142001,261.583722548456,3.81088673298674
171.203823951987,16.8401044548276,4.19723804794522
495.797716142552,337.36635602511,4.4419246095387
36.6844621640688,47.5794382196516,3.38395739682964
532.778959193074,155.001462083803,4.67173252225743
NA,NA,NA
660.413585810657,333.868115006828,3.58226965544366
455.788064884923,299.645643360233,3.56996936020592
8.32810541603902,491.338074309286,3.58215132007931
563.169400465164,59.3637586702651,4.24050754167823
67.7976766806761,372.898263050269,3.9846248393064
229.094289317052,414.139968045358,3.82833292791017
428.276037529989,12.0522211194463,3.27048465269189
362.309102289704,294.230263849354,2.96249530172065
603.15972065309,107.494685206506,4.09076729785839
385.754831027165,230.854253222033,4.13644721421602
573.660821661119,411.813562457427,4.68723075745884
140.526098741204,281.210105288896,4.5868653258706
201.616643896594,371.35566704626,3.95890299485552
124.08038277941,411.932311763052,3.47111348880257
629.090111033178,313.753732697616,4.56363200643531
4.61660669836313,144.312980606777,4.27866479679451
541.363757021895,205.557672037257,4.10593699698101
34.4621241294395,492.764840631557,3.01865582307556
283.244231751584,22.107784874183,3.95495648443079
534.090675534955,393.412866263492,3.33275224616235
66.8188719340286,74.9194155106015,5.15434018444502
5.01442924582048,79.4651847703839,3.41443866017349
585.661607885859,226.809562758268,3.88908934652602
445.406442277314,457.571024119307,4.75183733004922
658.204845444544,373.632400000402,3.18193061121181
112.028640759106,487.315168537664,4.294263803936
621.077412520508,88.0444855289177,4.08594286887589
417.473545833701,259.222278189619,3.52692455400723
11.930934897019,180.19104640521,3.27155281908947
62.0703312088835,107.77322344844,4.56329808236856
611.022219218602,212.467183455031,4.29865747113602
250.102182239866,216.561736226229,3.57019078901892
573.965520060417,443.300830438844,3.81456169623778
308.900524707044,138.333871156039,3.93962330791662
526.861027480139,457.797480568745,3.51347517071913
45.8510642346637,410.691464081311,4.16754089060799
199.204869903733,284.191565288017,4.33609368592963
550.364533142001,261.583722548456,3.81088673298674
171.203823951987,16.8401044548276,4.19723804794522
495.797716142552,337.36635602511,4.4419246095387
36.6844621640688,47.5794382196516,3.38395739682964
532.778959193074,155.001462083803,4.67173252225743
NA,NA,NA
660.413585810657,333.868115006828,3.58226965544366
455.788064884923,299.645643360233,3.56996936020592
8.32810541603902,491.338074309286,3.58215132007931
563.169400465164,59.3637586702651,4.24050754167823
67.7976766806761,372.898263050269,3.9846248393064
229.094289317052,414.139968045358,3.82833292791017
428.276037529989,12.0522211194463,3.27048465269189
362.309102289704,294.230263849354,2.96249530172065
603.15972065309,107.494685206506,4.09076729785839
385.754831027165,230.854253222033,4.13644721421602
573.660821661119,411.813562457427,4.68723075745884
140.526098741204,281.210105288896,4.5868653258706
201.616643896594,371.35566704626,3.95890299485552
124.08038277941,411.932311763052,3.47111348880257
629.090111033178,313.753732697616,4.56363200643531
4.61660669836313,144.312980606777,4.27866479679451
541.363757021895,205.557672037257,4.10593699698101
34.4621241294395,492.764840631557,3.01865582307556
283.244231751584,22.107784874183,3.95495648443079
534.090675534955,393.412866263492,3.33275224616235
66.8188719340286,74.9194155106015,5.15434018444502
5.01442924582048,79.4651847703839,3.41443866017349
585.661607885859,226.809562758268,3.88908934652602
445.406442277314,457.571024119307,4.75183733004922
658.204845444544,373.632400000402,3.18193061121181
112.028640759106,487.315168537664,4.294263803936
621.077412520508,88.0444855289177,4.08594286887589
417.473545833701,259.222278189619,3.52692455400723
11.930934897019,180.19104640521,3.27155281908947
62.0703312088835,107.77322344844,4.56329808236856
611.022219218602,212.467183455031,4.29865747113602
250.102182239866,216.561736226229,3.57019078901892
573.965520060417,443.300830438844,3.81456169623778
308.900524707044,138.333871156039,3.93962330791662
526.861027480139,457.797480568745,3.51347517071913
45.8510642346637,410.691464081311,4.16754089060799
199.204869903733,284.191565288017,4.33609368592963
550.364533142001,261.583722548456,3.81088673298674
171.203823951987,16.8401044548276,4.19723804794522
495.797716142552,337.36635602511,4.4419246095387
36.6844621640688,47.5794382196516,3.38395739682964
532.778959193074,155.001462083803,4.67173252225743
NA,NA,NA
660.930116370665,333.620654479281,3.47125938768989
457.703839471208,296.558344374426,3.44390326038933
14.0857501432865,496.567024007056,3.49358218152897
561.104289401533,54.1609604465158,4.05957875235442
75.8915754180526,377.523724887386,4.06344799595933
228.848092804123,415.016758477962,3.89001880913708
425.989307222054,10.9129774083775,3.23813836751001
361.786035523857,293.024557888793,3.12259507419134
605.012902708226,106.494467349323,4.13849136013865
394.944118040485,232.005964880622,4.33675568742363
575.29558250225,410.254166369314,4.70083934256359
136.901906416901,285.165521819264,4.53317309017955
202.845230466287,369.96466594559,4.02780229735249
123.137087959971,409.089175528903,3.46577429482597
629.972651980659,307.283422246689,4.61271296818956
2.18485081371288,150.845421326709,4.19831846993352
544.085242004097,199.674632230657,4.19540100575135
34.699362571905,493.204885740864,2.89441177977571
283.237857334494,23.2171174139917,4.03726195995576
536.0063239758,393.552566116319,3.36074849585576
77.4120510204639,86.8380973820046,5.20777355283324
7.77018454902091,76.1247318453455,3.52221202249527
589.783501802591,225.670072683563,4.03191444583144
445.112146799488,455.865833640103,4.81702122977139
657.825278172981,375.038905003566,3.18837928161877
111.786058456978,486.930478590242,4.34619245041366
621.024401267125,88.2793447717793,4.06588639501934
422.895036758745,257.207970605508,3.60674138171263
12.1429569640668,182.628442451841,3.00306252242834
66.3015091498177,122.217027456782,4.41182115107493
607.802258161317,203.718296899473,4.26292472578514
254.161762507,212.934470226873,3.57070150871892
573.462313129448,432.183381850601,3.79523857178019
300.953580106394,142.900589920956,3.87507387110458
523.440335102167,465.012513685246,3.78271227528105
37.9834071797291,409.911931738992,4.11307159049533
196.513383645631,281.691012136647,3.93400864855847
551.753655795494,271.348034384241,3.86346778081038
173.446114392162,19.7019670215247,4.34759628089332
507.557919040587,337.093220976677,4.36923771915593
45.2475499682711,48.2294512725933,3.60307206363156
517.568891426014,137.558904355969,4.42176079981073
NA,NA,NA
660.930116370665,333.620654479281,3.47125938768989
457.703839471208,296.558344374426,3.44390326038933
14.0857501432865,496.567024007056,3.49358218152897
561.104289401533,54.1609604465158,4.05957875235442
75.8915754180526,377.523724887386,4.06344799595933
228.848092804123,415.016758477962,3.89001880913708
425.989307222054,10.9129774083775,3.23813836751001
361.786035523857,293.024557888793,3.12259507419134
605.012902708226,106.494467349323,4.13849136013865
394.944118040485,232.005964880622,4.33675568742363
575.29558250225,410.254166369314,4.70083934256359
136.901906416901,285.165521819264,4.53317309017955
202.845230466287,369.96466594559,4.02780229735249
123.137087959971,409.089175528903,3.46577429482597
629.972651980659,307.283422246689,4.61271296818956
2.18485081371288,150.845421326709,4.19831846993352
544.085242004097,199.674632230657,4.19540100575135
34.699362571905,493.204885740864,2.89441177977571
283.237857334494,23.2171174139917,4.03726195995576
536.0063239758,393.552566116319,3.36074849585576
77.4120510204639,86.8380973820046,5.20777355283324
7.77018454902091,76.1247318453455,3.52221202249527
589.783501802591,225.670072683563,4.03191444583144
445.112146799488,455.865833640103,4.81702122977139
657.825278172981,375.038905003566,3.18837928161877
111.786058456978,486.930478590242,4.34619245041366
621.024401267125,88.2793447717793,4.06588639501934
422.895036758745,257.207970605508,3.60674138171263
12.1429569640668,182.628442451841,3.00306252242834
66.3015091498177,122.217027456782,4.41182115107493
607.802258161317,203.718296899473,4.26292472578514
254.161762507,212.934470226873,3.57070150871892
573.462313129448,432.183381850601,3.79523857178019
300.953580106394,142.900589920956,3.87507387110458
523.440335102167,465.012513685246,3.78271227528105
37.9834071797291,409.911931738992,4.11307159049533
196.513383645631,281.691012136647,3.93400864855847
551.753655795494,271.348034384241,3.86346778081038
173.446114392162,19.7019670215247,4.34759628089332
507.557919040587,337.093220976677,4.36923771915593
45.2475499682711,48.2294512725933,3.60307206363156
517.568891426014,137.558904355969,4.42176079981073
NA,NA,NA
660.930116370665,333.620654479281,3.47125938768989
457.703839471208,296.558344374426,3.44390326038933
14.0857501432865,496.567024007056,3.49358218152897
561.104289401533,54.1609604465158,4.05957875235442
75.8915754180526,377.523724887386,4.06344799595933
228.848092804123,415.016758477962,3.89001880913708
425.989307222054,10.9129774083775,3.23813836751001
361.786035523857,293.024557888793,3.12259507419134
605.012902708226,106.494467349323,4.13849136013865
394.944118040485,232.005964880622,4.33675568742363
575.29558250225,410.254166369314,4.70083934256359
136.901906416901,285.165521819264,4.53317309017955
202.845230466287,369.96466594559,4.02780229735249
123.137087959971,409.089175528903,3.46577429482597
629.972651980659,307.283422246689,4.61271296818956
2.18485081371288,150.845421326709,4.19831846993352
544.085242004097,199.674632230657,4.19540100575135
34.699362571905,493.204885740864,2.89441177977571
283.237857334494,23.2171174139917,4.03726195995576
536.0063239758,393.552566116319,3.36074849585576
77.4120510204639,86.8380973820046,5.20777355283324
7.77018454902091,76.1247318453455,3.52221202249527
589.783501802591,225.670072683563,4.03191444583144
445.112146799488,455.865833640103,4.81702122977139
657.825278172981,375.038905003566,3.18837928161877
111.786058456978,486.930478590242,4.34619245041366
621.024401267125,88.2793447717793,4.06588639501934
422.895036758745,257.207970605508,3.60674138171263
12.1429569640668,182.628442451841,3.00306252242834
66.3015091498177,122.217027456782,4.41182115107493
607.802258161317,203.718296899473,4.26292472578514
254.161762507,212.934470226873,3.57070150871892
573.462313129448,432.183381850601,3.79523857178019
300.953580106394,142.900589920956,3.87507387110458
523.440335102167,465.012513685246,3.78271227528105
37.9834071797291,409.911931738992,4.11307159049533
196.513383645631,281.691012136647,3.93400864855847
551.753655795494,271.348034384241,3.86346778081038
173.446114392162,19.7019670215247,4.34759628089332
507.557919040587,337.093220976677,4.36923771915593
45.2475499682711,48.2294512725933,3.60307206363156
517.568891426014,137.558904355969,4.42176079981073
NA,NA,NA
660.930116370665,333.620654479281,3.47125938768989
457.703839471208,296.558344374426,3.44390326038933
14.0857501432865,496.567024007056,3.49358218152897
561.104289401533,54.1609604465158,4.05957875235442
75.8915754180526,377.523724887386,4.06344799595933
228.848092804123,415.016758477962,3.89001880913708
425.989307222054,10.9129774083775,3.23813836751001
361.786035523857,293.024557888793,3.12259507419134
605.012902708226,106.494467349323,4.13849136013865
394.944118040485,232.005964880622,4.33675568742363
575.29558250225,410.254166369314,4.70083934256359
136.901906416901,285.165521819264,4.53317309017955
202.845230466287,369.96466594559,4.02780229735249
123.137087959971,409.089175528903,3.46577429482597
629.972651980659,307.283422246689,4.61271296818956
2.18485081371288,150.845421326709,4.19831846993352
544.085242004097,199.674632230657,4.19540100575135
34.699362571905,493.204885740864,2.89441177977571
283.237857334494,23.2171174139917,4.03726195995576
536.0063239758,393.552566116319,3.36074849585576
77.4120510204639,86.8380973820046,5.20777355283324
7.77018454902091,76.1247318453455,3.52221202249527
589.783501802591,225.670072683563,4.03191444583144
445.112146799488,455.865833640103,4.81702122977139
657.825278172981,375.038905003566,3.18837928161877
111.786058456978,486.930478590242,4.34619245041366
621.024401267125,88.2793447717793,4.06588639501934
422.895036758745,257.207970605508,3.60674138171263
12.1429569640668,182.628442451841,3.00306252242834
66.3015091498177,122.217027456782,4.41182115107493
607.802258161317,203.718296899473,4.26292472578514
254.161762507,212.934470226873,3.57070150871892
573.462313129448,432.183381850601,3.79523857178019
300.953580106394,142.900589920956,3.87507387110458
523.440335102167,465.012513685246,3.78271227528105
37.9834071797291,409.911931738992,4.11307159049533
196.513383645631,281.691012136647,3.93400864855847
551.753655795494,271.348034384241,3.86346778081038
173.446114392162,19.7019670215247,4.34759628089332
507.557919040587,337.093220976677,4.36923771915593
45.2475499682711,48.2294512725933,3.60307206363156
517.568891426014,137.558904355969,4.42176079981073
NA,NA,NA
660.930116370665,333.620654479281,3.47125938768989
457.703839471208,296.558344374426,3.44390326038933
14.0857501432865,496.567024007056,3.49358218152897
561.104289401533,54.1609604465158,4.05957875235442
75.8915754180526,377.523724887386,4.06344799595933
228.848092804123,415.016758477962,3.89001880913708
425.989307222054,10.9129774083775,3.23813836751001
361.786035523857,293.024557888793,3.12259507419134
605.012902708226,106.494467349323,4.13849136013865
394.944118040485,232.005964880622,4.33675568742363
575.29558250225,410.254166369314,4.70083934256359
136.901906416901,285.165521819264,4.53317309017955
202.845230466287,369.96466594559,4.02780229735249
123.137087959971,409.089175528903,3.46577429482597
629.972651980659,307.283422246689,4.61271296818956
2.18485081371288,150.845421326709,4.19831846993352
544.085242004097,199.674632230657,4.19540100575135
34.699362571905,493.204885740864,2.89441177977571
283.237857334494,23.2171174139917,4.03726195995576
536.0063239758,393.552566116319,3.36074849585576
77.4120510204639,86.8380973820046,5.20777355283324
7.77018454902091,76.1247318453455,3.52221202249527
589.783501802591,225.670072683563,4.03191444583144
445.112146799488,455.865833640103,4.81702122977139
657.825278172981,375.038905003566,3.18837928161877
111.786058456978,486.930478590242,4.34619245041366
621.024401267125,88.2793447717793,4.06588639501934
422.895036758745,257.207970605508,3.60674138171263
12.1429569640668,182.628442451841,3.00306252242834
66.3015091498177,122.217027456782,4.41182115107493
607.802258161317,203.718296899473,4.26292472578514
254.161762507,212.934470226873,3.57070150871892
573.462313129448,432.183381850601,3.79523857178019
300.953580106394,142.900589920956,3.87507387110458
523.440335102167,465.012513685246,3.78271227528105
37.9834071797291,409.911931738992,4.11307159049533
196.513383645631,281.691012136647,3.93400864855847
551.753655795494,271.348034384241,3.86346778081038
173.446114392162,19.7019670215247,4.34759628089332
507.557919040587,337.093220976677,4.36923771915593
45.2475499682711,48.2294512725933,3.60307206363156
517.568891426014,137.558904355969,4.42176079981073
NA,NA,NA
660.930116370665,333.620654479281,3.47125938768989
457.703839471208,296.558344374426,3.44390326038933
14.0857501432865,496.567024007056,3.49358218152897
561.104289401533,54.1609604465158,4.05957875235442
75.8915754180526,377.523724887386,4.06344799595933
228.848092804123,415.016758477962,3.89001880913708
425.989307222054,10.9129774083775,3.23813836751001
361.786035523857,293.024557888793,3.12259507419134
605.012902708226,106.494467349323,4.13849136013865
394.944118040485,232.005964880622,4.33675568742363
575.29558250225,410.254166369314,4.70083934256359
136.901906416901,285.165521819264,4.53317309017955
202.845230466287,369.96466594559,4.02780229735249
123.137087959971,409.089175528903,3.46577429482597
629.972651980659,307.283422246689,4.61271296818956
2.18485081371288,150.845421326709,4.19831846993352
544.085242004097,199.674632230657,4.19540100575135
34.699362571905,493.204885740864,2.89441177977571
283.237857334494,23.2171174139917,4.03726195995576
536.0063239758,393.552566116319,3.36074849585576
77.4120510204639,86.8380973820046,5.20777355283324
7.77018454902091,76.1247318453455,3.52221202249527
589.783501802591,225.670072683563,4.03191444583144
445.112146799488,455.865833640103,4.81702122977139
657.825278172981,375.038905003566,3.18837928161877
111.786058456978,486.930478590242,4.34619245041366
621.024401267125,88.2793447717793,4.06588639501934
422.895036758745,257.207970605508,3.60674138171263
12.1429569640668,182.628442451841,3.00306252242834
66.3015091498177,122.217027456782,4.41182115107493
607.802258161317,203.718296899473,4.26292472578514
254.161762507,212.934470226873,3.57070150871892
573.462313129448,432.183381850601,3.79523857178019
300.953580106394,142.900589920956,3.87507387110458
523.440335102167,465.012513685246,3.78271227528105
37.9834071797291,409.911931738992,4.11307159049533
196.513383645631,281.691012136647,3.93400864855847
551.753655795494,271.348034384241,3.86346778081038
173.446114392162,19.7019670215247,4.34759628089332
507.557919040587,337.093220976677,4.36923771915593
45.2475499682711,48.2294512725933,3.60307206363156
517.568891426014,137.558904355969,4.42176079981073
NA,NA,NA
661.173227217009,334.96697433704,3.62891858807948
455.60511583679,295.634474213428,3.67937929785677
12.6209694442753,494.463842154936,3.57060814160952
555.706761352217,50.4081473397284,4.0696015643153
69.5072798935447,368.913711321821,3.99053532564749
228.974276788252,414.901883427828,3.92711566937811
424.88406870325,11.6630333035206,3.36222201783643
360.091821922842,294.667630179113,2.91945054495433
606.069515405848,102.677470877795,4.40885737243473
391.125353231093,227.51232661687,4.10740423201976
571.060383389108,408.494649189622,4.73164382595251
144.016621653234,281.657712489354,4.50903534798188
200.295694072694,368.215440260067,4.01006199592066
126.378744688147,410.526147973008,3.45466438421899
625.612232760521,315.190600392259,4.52862781693615
6.25923559324749,143.544328029139,4.2567673043555
543.457247163823,203.963333743668,4.08724148391403
33.8586587889046,490.710740035047,3.00163507844449
281.661852909198,20.431102335304,3.97478376732899
536.359772114508,393.188065165491,3.46290106123078
73.0112992648452,80.5209998177127,5.288816052199
6.41642973137576,75.011397953274,3.53200711950961
589.376330296001,226.773791320457,4.11639430989403
441.882277794782,456.996053564145,4.78378656826262
657.644456469922,373.073196676452,3.03752013980002
101.793857251143,482.778762710775,4.36231139477006
627.18322301472,93.1954217808524,4.10202571628188
415.964454950028,256.057012831678,3.61627950659088
13.2041864926641,182.518879764172,3.27193575412286
58.5233724179057,103.472994810718,4.39109510548292
610.4317840128,182.723714187504,4.26492023992605
254.151464621134,225.314908112036,3.84482777338211
569.671037825544,439.648338141107,3.87155766996743
301.727043152328,134.14618699847,3.89751596698489
529.55580251719,456.858534160312,3.43808184582964
44.1131533282049,412.452600270754,3.8955592903607
190.483610347211,290.414041433858,4.02516750539275
543.461516375485,266.912154831549,3.62009015236211
164.774682734991,33.7961061028443,3.91009288275135
492.009401224322,337.955371283403,4.56027073851267
32.8545803113949,52.5255327556842,3.30699758603232
533.694278172343,145.729529289765,4.8620639374532
NA,NA,NA
661.173227217009,334.96697433704,3.62891858807948
455.60511583679,295.634474213428,3.67937929785677
12.6209694442753,494.463842154936,3.57060814160952
555.706761352217,50.4081473397284,4.0696015643153
69.5072798935447,368.913711321821,3.99053532564749
228.974276788252,414.901883427828,3.92711566937811
424.88406870325,11.6630333035206,3.36222201783643
360.091821922842,294.667630179113,2.91945054495433
606.069515405848,102.677470877795,4.40885737243473
391.125353231093,227.51232661687,4.10740423201976
571.060383389108,408.494649189622,4.73164382595251
144.016621653234,281.657712489354,4.50903534798188
200.295694072694,368.215440260067,4.01006199592066
126.378744688147,410.526147973008,3.45466438421899
625.612232760521,315.190600392259,4.52862781693615
6.25923559324749,143.544328029139,4.2567673043555
543.457247163823,203.963333743668,4.08724148391403
33.8586587889046,490.710740035047,3.00163507844449
281.661852909198,20.431102335304,3.97478376732899
536.359772114508,393.188065165491,3.46290106123078
73.0112992648452,80.5209998177127,5.288816052199
6.41642973137576,75.011397953274,3.53200711950961
589.376330296001,226.773791320457,4.11639430989403
441.882277794782,456.996053564145,4.78378656826262
657.644456469922,373.073196676452,3.03752013980002
101.793857251143,482.778762710775,4.36231139477006
627.18322301472,93.1954217808524,4.10202571628188
415.964454950028,256.057012831678,3.61627950659088
13.2041864926641,182.518879764172,3.27193575412286
58.5233724179057,103.472994810718,4.39109510548292
610.4317840128,182.723714187504,4.26492023992605
254.151464621134,225.314908112036,3.84482777338211
569.671037825544,439.648338141107,3.87155766996743
301.727043152328,134.14618699847,3.89751596698489
529.55580251719,456.858534160312,3.43808184582964
44.1131533282049,412.452600270754,3.8955592903607
190.483610347211,290.414041433858,4.02516750539275
543.461516375485,266.912154831549,3.62009015236211
164.774682734991,33.7961061028443,3.91009288275135
492.009401224322,337.955371283403,4.56027073851267
32.8545803113949,52.5255327556842,3.30699758603232
533.694278172343,145.729529289765,4.8620639374532
NA,NA,NA
661.173227217009,334.96697433704,3.62891858807948
455.60511583679,295.634474213428,3.67937929785677
12.6209694442753,494.463842154936,3.57060814160952
555.706761352217,50.4081473397284,4.0696015643153
69.5072798935447,368.913711321821,3.99053532564749
228.974276788252,414.901883427828,3.92711566937811
424.88406870325,11.6630333035206,3.36222201783643
360.091821922842,294.667630179113,2.91945054495433
606.069515405848,102.677470877795,4.40885737243473
391.125353231093,227.51232661687,4.10740423201976
571.060383389108,408.494649189622,4.73164382595251
144.016621653234,281.657712489354,4.50903534798188
200.295694072694,368.215440260067,4.01006199592066
126.378744688147,410.526147973008,3.45466438421899
625.612232760521,315.190600392259,4.52862781693615
6.25923559324749,143.544328029139,4.2567673043555
543.457247163823,203.963333743668,4.08724148391403
33.8586587889046,490.710740035047,3.00163507844449
281.661852909198,20.431102335304,3.97478376732899
536.359772114508,393.188065165491,3.46290106123078
73.0112992648452,80.5209998177127,5.288816052199
6.41642973137576,75.011397953274,3.53200711950961
589.376330296001,226.773791320457,4.11639430989403
441.882277794782,456.996053564145,4.78378656826262
657.644456469922,373.073196676452,3.03752013980002
101.793857251143,482.778762710775,4.36231139477006
627.18322301472,93.1954217808524,4.10202571628188
415.964454950028,256.057012831678,3.61627950659088
13.2041864926641,182.518879764172,3.27193575412286
58.5233724179057,103.472994810718,4.39109510548292
610.4317840128,182.723714187504,4.26492023992605
254.151464621134,225.314908112036,3.84482777338211
569.671037825544,439.648338141107,3.87155766996743
301.727043152328,134.14618699847,3.89751596698489
529.55580251719,456.858534160312,3.43808184582964
44.1131533282049,412.452600270754,3.8955592903607
190.483610347211,290.414041433858,4.02516750539275
543.461516375485,266.912154831549,3.62009015236211
164.774682734991,33.7961061028443,3.91009288275135
492.009401224322,337.955371283403,4.56027073851267
32.8545803113949,52.5255327556842,3.30699758603232
533.694278172343,145.729529289765,4.8620639374532
NA,NA,NA
661.173227217009,334.96697433704,3.62891858807948
455.60511583679,295.634474213428,3.67937929785677
12.6209694442753,494.463842154936,3.57060814160952
555.706761352217,50.4081473397284,4.0696015643153
69.5072798935447,368.913711321821,3.99053532564749
228.974276788252,414.901883427828,3.92711566937811
424.88406870325,11.6630333035206,3.36222201783643
360.091821922842,294.667630179113,2.91945054495433
606.069515405848,102.677470877795,4.40885737243473
391.125353231093,227.51232661687,4.10740423201976
571.060383389108,408.494649189622,4.73164382595251
144.016621653234,281.657712489354,4.50903534798188
200.295694072694,368.215440260067,4.01006199592066
126.378744688147,410.526147973008,3.45466438421899
625.612232760521,315.190600392259,4.52862781693615
6.25923559324749,143.544328029139,4.2567673043555
543.457247163823,203.963333743668,4.08724148391403
33.8586587889046,490.710740035047,3.00163507844449
281.661852909198,20.431102335304,3.97478376732899
536.359772114508,393.188065165491,3.46290106123078
73.0112992648452,80.5209998177127,5.288816052199
6.41642973137576,75.011397953274,3.53200711950961
589.376330296001,226.773791320457,4.11639430989403
441.882277794782,456.996053564145,4.78378656826262
657.644456469922,373.073196676452,3.03752013980002
101.793857251143,482.778762710775,4.36231139477006
627.18322301472,93.1954217808524,4.10202571628188
415.964454950028,256.057012831678,3.61627950659088
13.2041864926641,182.518879764172,3.27193575412286
58.5233724179057,103.472994810718,4.39109510548292
610.4317840128,182.723714187504,4.26492023992605
254.151464621134,225.314908112036,3.84482777338211
569.671037825544,439.648338141107,3.87155766996743
301.727043152328,134.14618699847,3.89751596698489
529.55580251719,456.858534160312,3.43808184582964
44.1131533282049,412.452600270754,3.8955592903607
190.483610347211,290.414041433858,4.02516750539275
543.461516375485,266.912154831549,3.62009015236211
164.774682734991,33.7961061028443,3.91009288275135
492.009401224322,337.955371283403,4.56027073851267
32.8545803113949,52.5255327556842,3.30699758603232
533.694278172343,145.729529289765,4.8620639374532
NA,NA,NA
661.173227217009,334.96697433704,3.62891858807948
455.60511583679,295.634474213428,3.67937929785677
12.6209694442753,494.463842154936,3.57060814160952
555.706761352217,50.4081473397284,4.0696015643153
69.5072798935447,368.913711321821,3.99053532564749
228.974276788252,414.901883427828,3.92711566937811
424.88406870325,11.6630333035206,3.36222201783643
360.091821922842,294.667630179113,2.91945054495433
606.069515405848,102.677470877795,4.40885737243473
391.125353231093,227.51232661687,4.10740423201976
571.060383389108,408.494649189622,4.73164382595251
144.016621653234,281.657712489354,4.50903534798188
200.295694072694,368.215440260067,4.01006199592066
126.378744688147,410.526147973008,3.45466438421899
625.612232760521,315.190600392259,4.52862781693615
6.25923559324749,143.544328029139,4.2567673043555
543.457247163823,203.963333743668,4.08724148391403
33.8586587889046,490.710740035047,3.00163507844449
281.661852909198,20.431102335304,3.97478376732899
536.359772114508,393.188065165491,3.46290106123078
73.0112992648452,80.5209998177127,5.288816052199
6.41642973137576,75.011397953274,3.53200711950961
589.376330296001,226.773791320457,4.11639430989403
441.882277794782,456.996053564145,4.78378656826262
657.644456469922,373.073196676452,3.03752013980002
101.793857251143,482.778762710775,4.36231139477006
627.18322301472,93.1954217808524,4.10202571628188
415.964454950028,256.057012831678,3.61627950659088
13.2041864926641,182.518879764172,3.27193575412286
58.5233724179057,103.472994810718,4.39109510548292
610.4317840128,182.723714187504,4.26492023992605
254.151464621134,225.314908112036,3.84482777338211
569.671037825544,439.648338141107,3.87155766996743
301.727043152328,134.14618699847,3.89751596698489
529.55580251719,456.858534160312,3.43808184582964
44.1131533282049,412.452600270754,3.8955592903607
190.483610347211,290.414041433858,4.02516750539275
543.461516375485,266.912154831549,3.62009015236211
164.774682734991,33.7961061028443,3.91009288275135
492.009401224322,337.955371283403,4.56027073851267
32.8545803113949,52.5255327556842,3.30699758603232
533.694278172343,145.729529289765,4.8620639374532
NA,NA,NA
661.173227217009,334.96697433704,3.62891858807948
455.60511583679,295.634474213428,3.67937929785677
12.6209694442753,494.463842154936,3.57060814160952
555.706761352217,50.4081473397284,4.0696015643153
69.5072798935447,368.913711321821,3.99053532564749
228.974276788252,414.901883427828,3.92711566937811
424.88406870325,11.6630333035206,3.36222201783643
360.091821922842,294.667630179113,2.91945054495433
606.069515405848,102.677470877795,4.40885737243473
391.125353231093,227.51232661687,4.10740423201976
571.060383389108,408.494649189622,4.73164382595251
144.016621653234,281.657712489354,4.50903534798188
200.295694072694,368.215440260067,4.01006199592066
126.378744688147,410.526147973008,3.45466438421899
625.612232760521,315.190600392259,4.52862781693615
6.25923559324749,143.544328029139,4.2567673043555
543.457247163823,203.963333743668,4.08724148391403
33.8586587889046,490.710740035047,3.00163507844449
281.661852909198,20.431102335304,3.97478376732899
536.359772114508,393.188065165491,3.46290106123078
73.0112992648452,80.5209998177127,5.288816052199
6.41642973137576,75.011397953274,3.53200711950961
589.376330296001,226.773791320457,4.11639430989403
441.882277794782,456.996053564145,4.78378656826262
657.644456469922,373.073196676452,3.03752013980002
101.793857251143,482.778762710775,4.36231139477006
627.18322301472,93.1954217808524,4.10202571628188
415.964454950028,256.057012831678,3.61627950659088
13.2041864926641,182.518879764172,3.27193575412286
58.5233724179057,103.472994810718,4.39109510548292
610.4317840128,182.723714187504,4.26492023992605
254.151464621134,225.314908112036,3.84482777338211
569.671037825544,439.648338141107,3.87155766996743
301.727043152328,134.14618699847,3.89751596698489
529.55580251719,456.858534160312,3.43808184582964
44.1131533282049,412.452600270754,3.8955592903607
190.483610347211,290.414041433858,4.02516750539275
543.461516375485,266.912154831549,3.62009015236211
164.774682734991,33.7961061028443,3.91009288275135
492.009401224322,337.955371283403,4.56027073851267
32.8545803113949,52.5255327556842,3.30699758603232
533.694278172343,145.729529289765,4.8620639374532
NA,NA,NA
662.27091668428,336.761136199545,3.46803534077808
455.126431414756,299.331650029601,3.78433768549548
13.8983472461622,493.01458373509,3.59200352447741
560.324538159143,54.1540101135135,4.26291020346539
67.4113272844745,376.996474488203,4.01377890321639
226.096276174798,413.937879099416,3.86290314024331
426.163769639128,10.3131315125066,3.29782932985854
360.427174877325,292.177725557284,3.18002457619492
607.511084801536,104.338646942658,4.12744013039599
394.959093875857,227.582811406818,4.06832152246344
569.610389154536,412.041079922856,4.78487051407759
138.636403240323,277.418878068602,4.78159825538058
204.36657530439,371.273517080229,4.06925741846935
123.230036668454,412.246827333724,3.39924906551361
628.937623564379,315.844960813577,4.62905062344438
0.830963017356752,149.571603984344,4.26120192948021
546.218259359281,202.229579207393,4.05199702576312
32.0053936042553,491.54822729417,2.90714285395353
281.920287702249,23.1428554946894,3.96733158914189
535.551883013282,388.934215479386,3.46974215246684
79.6845091408408,76.4060075752063,5.24754047111009
2.61892252228051,77.7617046649309,3.59534632303511
586.044372771285,224.014840701303,3.98760785680886
444.248409839919,458.377287195185,4.82907839164452
661.039739242481,374.699192632688,3.26983103649316
106.615687824486,485.396794130049,4.35485242147665
627.094162875722,89.5498847163896,4.08050166628097
425.446857397364,262.144436295725,3.56568765845634
10.4691994175346,181.734941476468,3.17390202566882
68.1947465888062,110.140868671607,4.69211888560088
593.124805127916,205.062421046199,3.9678890993092
252.727759756409,218.163899077385,3.88306676900946
563.487201296371,436.98721889569,3.67620601411316
298.764274455674,136.53151897591,3.88993430865329
529.455335767252,465.015478071737,3.99674465357184
46.542440742925,418.110358360702,3.87953277144358
189.722689073086,284.724867101877,3.95647235305268
549.877771629631,273.145538791368,3.67471040859062
165.014051718034,22.1550475694557,4.14996606118742
499.069586798704,336.3179714489,4.68785417802343
42.0554720448122,45.8868379667899,4.20040189327591
532.06859473435,161.92081028149,4.65647692298121
NA,NA,NA
662.27091668428,336.761136199545,3.46803534077808
455.126431414756,299.331650029601,3.78433768549548
13.8983472461622,493.01458373509,3.59200352447741
560.324538159143,54.1540101135135,4.26291020346539
67.4113272844745,376.996474488203,4.01377890321639
226.096276174798,413.937879099416,3.86290314024331
426.163769639128,10.3131315125066,3.29782932985854
360.427174877325,292.177725557284,3.18002457619492
607.511084801536,104.338646942658,4.12744013039599
394.959093875857,227.582811406818,4.06832152246344
569.610389154536,412.041079922856,4.78487051407759
138.636403240323,277.418878068602,4.78159825538058
204.36657530439,371.273517080229,4.06925741846935
123.230036668454,412.246827333724,3.39924906551361
628.937623564379,315.844960813577,4.62905062344438
0.830963017356752,149.571603984344,4.26120192948021
546.218259359281,202.229579207393,4.05199702576312
32.0053936042553,491.54822729417,2.90714285395353
281.920287702249,23.1428554946894,3.96733158914189
535.551883013282,388.934215479386,3.46974215246684
79.6845091408408,76.4060075752063,5.24754047111009
2.61892252228051,77.7617046649309,3.59534632303511
586.044372771285,224.014840701303,3.98760785680886
444.248409839919,458.377287195185,4.82907839164452
661.039739242481,374.699192632688,3.26983103649316
106.615687824486,485.396794130049,4.35485242147665
627.094162875722,89.5498847163896,4.08050166628097
425.446857397364,262.144436295725,3.56568765845634
10.4691994175346,181.734941476468,3.17390202566882
68.1947465888062,110.140868671607,4.69211888560088
593.124805127916,205.062421046199,3.9678890993092
252.727759756409,218.163899077385,3.88306676900946
563.487201296371,436.98721889569,3.67620601411316
298.764274455674,136.53151897591,3.88993430865329
529.455335767252,465.015478071737,3.99674465357184
46.542440742925,418.110358360702,3.87953277144358
189.722689073086,284.724867101877,3.95647235305268
549.877771629631,273.145538791368,3.67471040859062
165.014051718034,22.1550475694557,4.14996606118742
499.069586798704,336.3179714489,4.68785417802343
42.0554720448122,45.8868379667899,4.20040189327591
532.06859473435,161.92081028149,4.65647692298121
NA,NA,NA
662.27091668428,336.761136199545,3.46803534077808
455.126431414756,299.331650029601,3.78433768549548
13.8983472461622,493.01458373509,3.59200352447741
560.324538159143,54.1540101135135,4.26291020346539
67.4113272844745,376.996474488203,4.01377890321639
226.096276174798,413.937879099416,3.86290314024331
426.163769639128,10.3131315125066,3.29782932985854
360.427174877325,292.177725557284,3.18002457619492
607.511084801536,104.338646942658,4.12744013039599
394.959093875857,227.582811406818,4.06832152246344
569.610389154536,412.041079922856,4.78487051407759
138.636403240323,277.418878068602,4.78159825538058
204.36657530439,371.273517080229,4.06925741846935
123.230036668454,412.246827333724,3.39924906551361
628.937623564379,315.844960813577,4.62905062344438
0.830963017356752,149.571603984344,4.26120192948021
546.218259359281,202.229579207393,4.05199702576312
32.0053936042553,491.54822729417,2.90714285395353
281.920287702249,23.1428554946894,3.96733158914189
535.551883013282,388.934215479386,3.46974215246684
79.6845091408408,76.4060075752063,5.24754047111009
2.61892252228051,77.7617046649309,3.59534632303511
586.044372771285,224.014840701303,3.98760785680886
444.248409839919,458.377287195185,4.82907839164452
661.039739242481,374.699192632688,3.26983103649316
106.615687824486,485.396794130049,4.35485242147665
627.094162875722,89.5498847163896,4.08050166628097
425.446857397364,262.144436295725,3.56568765845634
10.4691994175346,181.734941476468,3.17390202566882
68.1947465888062,110.140868671607,4.69211888560088
593.124805127916,205.062421046199,3.9678890993092
252.727759756409,218.163899077385,3.88306676900946
563.487201296371,436.98721889569,3.67620601411316
298.764274455674,136.53151897591,3.88993430865329
529.455335767252,465.015478071737,3.99674465357184
46.542440742925,418.110358360702,3.87953277144358
189.722689073086,284.724867101877,3.95647235305268
549.877771629631,273.145538791368,3.67471040859062
165.014051718034,22.1550475694557,4.14996606118742
499.069586798704,336.3179714489,4.68785417802343
42.0554720448122,45.8868379667899,4.20040189327591
532.06859473435,161.92081028149,4.65647692298121
NA,NA,NA
662.27091668428,336.761136199545,3.46803534077808
455.126431414756,299.331650029601,3.78433768549548
13.8983472461622,493.01458373509,3.59200352447741
560.324538159143,54.1540101135135,4.26291020346539
67.4113272844745,376.996474488203,4.01377890321639
226.096276174798,413.937879099416,3.86290314024331
426.163769639128,10.3131315125066,3.29782932985854
360.427174877325,292.177725557284,3.18002457619492
607.511084801536,104.338646942658,4.12744013039599
394.959093875857,227.582811406818,4.06832152246344
569.610389154536,412.041079922856,4.78487051407759
138.636403240323,277.418878068602,4.78159825538058
204.36657530439,371.273517080229,4.06925741846935
123.230036668454,412.246827333724,3.39924906551361
628.937623564379,315.844960813577,4.62905062344438
0.830963017356752,149.571603984344,4.26120192948021
546.218259359281,202.229579207393,4.05199702576312
32.0053936042553,491.54822729417,2.90714285395353
281.920287702249,23.1428554946894,3.96733158914189
535.551883013282,388.934215479386,3.46974215246684
79.6845091408408,76.4060075752063,5.24754047111009
2.61892252228051,77.7617046649309,3.59534632303511
586.044372771285,224.014840701303,3.98760785680886
444.248409839919,458.377287195185,4.82907839164452
661.039739242481,374.699192632688,3.26983103649316
106.615687824486,485.396794130049,4.35485242147665
627.094162875722,89.5498847163896,4.08050166628097
425.446857397364,262.144436295725,3.56568765845634
10.4691994175346,181.734941476468,3.17390202566882
68.1947465888062,110.140868671607,4.69211888560088
593.124805127916,205.062421046199,3.9678890993092
252.727759756409,218.163899077385,3.88306676900946
563.487201296371,436.98721889569,3.67620601411316
298.764274455674,136.53151897591,3.88993430865329
529.455335767252,465.015478071737,3.99674465357184
46.542440742925,418.110358360702,3.87953277144358
189.722689073086,284.724867101877,3.95647235305268
549.877771629631,273.145538791368,3.67471040859062
165.014051718034,22.1550475694557,4.14996606118742
499.069586798704,336.3179714489,4.68785417802343
42.0554720448122,45.8868379667899,4.20040189327591
532.06859473435,161.92081028149,4.65647692298121
NA,NA,NA
662.27091668428,336.761136199545,3.46803534077808
455.126431414756,299.331650029601,3.78433768549548
13.8983472461622,493.01458373509,3.59200352447741
560.324538159143,54.1540101135135,4.26291020346539
67.4113272844745,376.996474488203,4.01377890321639
226.096276174798,413.937879099416,3.86290314024331
426.163769639128,10.3131315125066,3.29782932985854
360.427174877325,292.177725557284,3.18002457619492
607.511084801536,104.338646942658,4.12744013039599
394.959093875857,227.582811406818,4.06832152246344
569.610389154536,412.041079922856,4.78487051407759
138.636403240323,277.418878068602,4.78159825538058
204.36657530439,371.273517080229,4.06925741846935
123.230036668454,412.246827333724,3.39924906551361
628.937623564379,315.844960813577,4.62905062344438
0.830963017356752,149.571603984344,4.26120192948021
546.218259359281,202.229579207393,4.05199702576312
32.0053936042553,491.54822729417,2.90714285395353
281.920287702249,23.1428554946894,3.96733158914189
535.551883013282,388.934215479386,3.46974215246684
79.6845091408408,76.4060075752063,5.24754047111009
2.61892252228051,77.7617046649309,3.59534632303511
586.044372771285,224.014840701303,3.98760785680886
444.248409839919,458.377287195185,4.82907839164452
661.039739242481,374.699192632688,3.26983103649316
106.615687824486,485.396794130049,4.35485242147665
627.094162875722,89.5498847163896,4.08050166628097
425.446857397364,262.144436295725,3.56568765845634
10.4691994175346,181.734941476468,3.17390202566882
68.1947465888062,110.140868671607,4.69211888560088
593.124805127916,205.062421046199,3.9678890993092
252.727759756409,218.163899077385,3.88306676900946
563.487201296371,436.98721889569,3.67620601411316
298.764274455674,136.53151897591,3.88993430865329
529.455335767252,465.015478071737,3.99674465357184
46.542440742925,418.110358360702,3.87953277144358
189.722689073086,284.724867101877,3.95647235305268
549.877771629631,273.145538791368,3.67471040859062
165.014051718034,22.1550475694557,4.14996606118742
499.069586798704,336.3179714489,4.68785417802343
42.0554720448122,45.8868379667899,4.20040189327591
532.06859473435,161.92081028149,4.65647692298121
NA,NA,NA
662.27091668428,336.761136199545,3.46803534077808
455.126431414756,299.331650029601,3.78433768549548
13.8983472461622,493.01458373509,3.59200352447741
560.324538159143,54.1540101135135,4.26291020346539
67.4113272844745,376.996474488203,4.01377890321639
226.096276174798,413.937879099416,3.86290314024331
426.163769639128,10.3131315125066,3.29782932985854
360.427174877325,292.177725557284,3.18002457619492
607.511084801536,104.338646942658,4.12744013039599
394.959093875857,227.582811406818,4.06832152246344
569.610389154536,412.041079922856,4.78487051407759
138.636403240323,277.418878068602,4.78159825538058
204.36657530439,371.273517080229,4.06925741846935
123.230036668454,412.246827333724,3.39924906551361
628.937623564379,315.844960813577,4.62905062344438
0.830963017356752,149.571603984344,4.26120192948021
546.218259359281,202.229579207393,4.05199702576312
32.0053936042553,491.54822729417,2.90714285395353
281.920287702249,23.1428554946894,3.96733158914189
535.551883013282,388.934215479386,3.46974215246684
79.6845091408408,76.4060075752063,5.24754047111009
2.61892252228051,77.7617046649309,3.59534632303511
586.044372771285,224.014840701303,3.98760785680886
444.248409839919,458.377287195185,4.82907839164452
661.039739242481,374.699192632688,3.26983103649316
106.615687824486,485.396794130049,4.35485242147665
627.094162875722,89.5498847163896,4.08050166628097
425.446857397364,262.144436295725,3.56568765845634
10.4691994175346,181.734941476468,3.17390202566882
68.1947465888062,110.140868671607,4.69211888560088
593.124805127916,205.062421046199,3.9678890993092
252.727759756409,218.163899077385,3.88306676900946
563.487201296371,436.98721889569,3.67620601411316
298.764274455674,136.53151897591,3.88993430865329
529.455335767252,465.015478071737,3.99674465357184
46.542440742925,418.110358360702,3.87953277144358
189.722689073086,284.724867101877,3.95647235305268
549.877771629631,273.145538791368,3.67471040859062
165.014051718034,22.1550475694557,4.14996606118742
499.069586798704,336.3179714489,4.68785417802343
42.0554720448122,45.8868379667899,4.20040189327591
532.06859473435,161.92081028149,4.65647692298121
NA,NA,NA
663.266137232903,333.066878685629,3.52530838135574
455.583648927693,301.697984158515,3.7556999038145
12.6374736883778,495.481869503024,3.61158260412595
559.234993703402,52.9007420457502,4.30626997675656
71.2586021647277,377.901580317398,3.98327447875587
222.679057290279,414.151590637688,4.01903438447293
427.555899384187,12.3504329406143,3.28026198193421
361.674280318102,294.482297707137,2.97305233157439
604.057280204012,104.454832918244,4.24010641371624
392.201011633656,232.198458630917,4.34381402949181
574.708429261902,407.273508699149,4.84141878661243
143.697279050191,280.593652700327,4.71024634226931
191.29165799859,370.937828421724,4.00701859273762
123.461279622861,407.897195438986,3.4733162035548
624.841342578566,313.891935470648,4.66491977823484
10.3716466788504,150.527919904889,4.27357080331849
545.508310968856,202.352368571017,4.19876550030553
34.9538635966419,493.650871262056,2.91309032757251
278.830465644893,21.0662175927496,3.89928232761272
534.65949210999,392.622839365463,3.23088332785786
71.1061802807547,79.1802278790959,5.26118739584825
7.09593277834477,73.0738566777172,3.31757001824692
589.018874549605,227.179347016414,4.03429467143393
442.909364833253,452.006875570153,4.76205515409801
660.951406357753,373.75132037166,2.95332373094416
106.532895460023,487.068620061921,4.3405983723926
626.665425631899,92.2970162465462,4.09797766486963
417.431332483559,259.047082466039,3.64521633306626
10.5110994572394,181.784959251862,3.16349434880347
60.9047269427979,112.751381107137,4.42694427532182
607.540948465578,204.422717720397,4.24320606178861
259.221238912167,215.917870046199,3.77128497371954
577.134259330929,433.505960139401,3.94136678762184
299.888319456923,134.509194506697,3.98288366116057
525.5623643275,459.359731989319,3.33796042909557
34.2026583850611,426.799740641917,3.88653380346913
202.034123747383,276.115623033425,4.36285892657044
547.586603741058,265.527292161901,3.73465398281252
177.655478178484,33.6807447285078,4.38403080028679
498.03433461548,359.008398867563,4.81862537765737
26.7628928730915,57.1088670068936,3.84925387373373
547.084901029958,154.247113804262,4.79977954213487
NA,NA,NA
663.266137232903,333.066878685629,3.52530838135574
455.583648927693,301.697984158515,3.7556999038145
12.6374736883778,495.481869503024,3.61158260412595
559.234993703402,52.9007420457502,4.30626997675656
71.2586021647277,377.901580317398,3.98327447875587
222.679057290279,414.151590637688,4.01903438447293
427.555899384187,12.3504329406143,3.28026198193421
361.674280318102,294.482297707137,2.97305233157439
604.057280204012,104.454832918244,4.24010641371624
392.201011633656,232.198458630917,4.34381402949181
574.708429261902,407.273508699149,4.84141878661243
143.697279050191,280.593652700327,4.71024634226931
191.29165799859,370.937828421724,4.00701859273762
123.461279622861,407.897195438986,3.4733162035548
624.841342578566,313.891935470648,4.66491977823484
10.3716466788504,150.527919904889,4.27357080331849
545.508310968856,202.352368571017,4.19876550030553
34.9538635966419,493.650871262056,2.91309032757251
278.830465644893,21.0662175927496,3.89928232761272
534.65949210999,392.622839365463,3.23088332785786
71.1061802807547,79.1802278790959,5.26118739584825
7.09593277834477,73.0738566777172,3.31757001824692
589.018874549605,227.179347016414,4.03429467143393
442.909364833253,452.006875570153,4.76205515409801
660.951406357753,373.75132037166,2.95332373094416
106.532895460023,487.068620061921,4.3405983723926
626.665425631899,92.2970162465462,4.09797766486963
417.431332483559,259.047082466039,3.64521633306626
10.5110994572394,181.784959251862,3.16349434880347
60.9047269427979,112.751381107137,4.42694427532182
607.540948465578,204.422717720397,4.24320606178861
259.221238912167,215.917870046199,3.77128497371954
577.134259330929,433.505960139401,3.94136678762184
299.888319456923,134.509194506697,3.98288366116057
525.5623643275,459.359731989319,3.33796042909557
34.2026583850611,426.799740641917,3.88653380346913
202.034123747383,276.115623033425,4.36285892657044
547.586603741058,265.527292161901,3.73465398281252
177.655478178484,33.6807447285078,4.38403080028679
498.03433461548,359.008398867563,4.81862537765737
26.7628928730915,57.1088670068936,3.84925387373373
547.084901029958,154.247113804262,4.79977954213487
NA,NA,NA
663.266137232903,333.066878685629,3.52530838135574
455.583648927693,301.697984158515,3.7556999038145
12.6374736883778,495.481869503024,3.61158260412595
559.234993703402,52.9007420457502,4.30626997675656
71.2586021647277,377.901580317398,3.98327447875587
222.679057290279,414.151590637688,4.01903438447293
427.555899384187,12.3504329406143,3.28026198193421
361.674280318102,294.482297707137,2.97305233157439
604.057280204012,104.454832918244,4.24010641371624
392.201011633656,232.198458630917,4.34381402949181
574.708429261902,407.273508699149,4.84141878661243
143.697279050191,280.593652700327,4.71024634226931
191.29165799859,370.937828421724,4.00701859273762
123.461279622861,407.897195438986,3.4733162035548
624.841342578566,313.891935470648,4.66491977823484
10.3716466788504,150.527919904889,4.27357080331849
545.508310968856,202.352368571017,4.19876550030553
34.9538635966419,493.650871262056,2.91309032757251
278.830465644893,21.0662175927496,3.89928232761272
534.65949210999,392.622839365463,3.23088332785786
71.1061802807547,79.1802278790959,5.26118739584825
7.09593277834477,73.0738566777172,3.31757001824692
589.018874549605,227.179347016414,4.03429467143393
442.909364833253,452.006875570153,4.76205515409801
660.951406357753,373.75132037166,2.95332373094416
106.532895460023,487.068620061921,4.3405983723926
626.665425631899,92.2970162465462,4.09797766486963
417.431332483559,259.047082466039,3.64521633306626
10.5110994572394,181.784959251862,3.16349434880347
60.9047269427979,112.751381107137,4.42694427532182
607.540948465578,204.422717720397,4.24320606178861
259.221238912167,215.917870046199,3.77128497371954
577.134259330929,433.505960139401,3.94136678762184
299.888319456923,134.509194506697,3.98288366116057
525.5623643275,459.359731989319,3.33796042909557
34.2026583850611,426.799740641917,3.88653380346913
202.034123747383,276.115623033425,4.36285892657044
547.586603741058,265.527292161901,3.73465398281252
177.655478178484,33.6807447285078,4.38403080028679
498.03433461548,359.008398867563,4.81862537765737
26.7628928730915,57.1088670068936,3.84925387373373
547.084901029958,154.247113804262,4.79977954213487
NA,NA,NA
663.266137232903,333.066878685629,3.52530838135574
455.583648927693,301.697984158515,3.7556999038145
12.6374736883778,495.481869503024,3.61158260412595
559.234993703402,52.9007420457502,4.30626997675656
71.2586021647277,377.901580317398,3.98327447875587
222.679057290279,414.151590637688,4.01903438447293
427.555899384187,12.3504329406143,3.28026198193421
361.674280318102,294.482297707137,2.97305233157439
604.057280204012,104.454832918244,4.24010641371624
392.201011633656,232.198458630917,4.34381402949181
574.708429261902,407.273508699149,4.84141878661243
143.697279050191,280.593652700327,4.71024634226931
191.29165799859,370.937828421724,4.00701859273762
123.461279622861,407.897195438986,3.4733162035548
624.841342578566,313.891935470648,4.66491977823484
10.3716466788504,150.527919904889,4.27357080331849
545.508310968856,202.352368571017,4.19876550030553
34.9538635966419,493.650871262056,2.91309032757251
278.830465644893,21.0662175927496,3.89928232761272
534.65949210999,392.622839365463,3.23088332785786
71.1061802807547,79.1802278790959,5.26118739584825
7.09593277834477,73.0738566777172,3.31757001824692
589.018874549605,227.179347016414,4.03429467143393
442.909364833253,452.006875570153,4.76205515409801
660.951406357753,373.75132037166,2.95332373094416
106.532895460023,487.068620061921,4.3405983723926
626.665425631899,92.2970162465462,4.09797766486963
417.431332483559,259.047082466039,3.64521633306626
10.5110994572394,181.784959251862,3.16349434880347
60.9047269427979,112.751381107137,4.42694427532182
607.540948465578,204.422717720397,4.24320606178861
259.221238912167,215.917870046199,3.77128497371954
577.134259330929,433.505960139401,3.94136678762184
299.888319456923,134.509194506697,3.98288366116057
525.5623643275,459.359731989319,3.33796042909557
34.2026583850611,426.799740641917,3.88653380346913
202.034123747383,276.115623033425,4.36285892657044
547.586603741058,265.527292161901,3.73465398281252
177.655478178484,33.6807447285078,4.38403080028679
498.03433461548,359.008398867563,4.81862537765737
26.7628928730915,57.1088670068936,3.84925387373373
547.084901029958,154.247113804262,4.79977954213487
NA,NA,NA
663.266137232903,333.066878685629,3.52530838135574
455.583648927693,301.697984158515,3.7556999038145
12.6374736883778,495.481869503024,3.61158260412595
559.234993703402,52.9007420457502,4.30626997675656
71.2586021647277,377.901580317398,3.98327447875587
222.679057290279,414.151590637688,4.01903438447293
427.555899384187,12.3504329406143,3.28026198193421
361.674280318102,294.482297707137,2.97305233157439
604.057280204012,104.454832918244,4.24010641371624
392.201011633656,232.198458630917,4.34381402949181
574.708429261902,407.273508699149,4.84141878661243
143.697279050191,280.593652700327,4.71024634226931
191.29165799859,370.937828421724,4.00701859273762
123.461279622861,407.897195438986,3.4733162035548
624.841342578566,313.891935470648,4.66491977823484
10.3716466788504,150.527919904889,4.27357080331849
545.508310968856,202.352368571017,4.19876550030553
34.9538635966419,493.650871262056,2.91309032757251
278.830465644893,21.0662175927496,3.89928232761272
534.65949210999,392.622839365463,3.23088332785786
71.1061802807547,79.1802278790959,5.26118739584825
7.09593277834477,73.0738566777172,3.31757001824692
589.018874549605,227.179347016414,4.03429467143393
442.909364833253,452.006875570153,4.76205515409801
660.951406357753,373.75132037166,2.95332373094416
106.532895460023,487.068620061921,4.3405983723926
626.665425631899,92.2970162465462,4.09797766486963
417.431332483559,259.047082466039,3.64521633306626
10.5110994572394,181.784959251862,3.16349434880347
60.9047269427979,112.751381107137,4.42694427532182
607.540948465578,204.422717720397,4.24320606178861
259.221238912167,215.917870046199,3.77128497371954
577.134259330929,433.505960139401,3.94136678762184
299.888319456923,134.509194506697,3.98288366116057
525.5623643275,459.359731989319,3.33796042909557
34.2026583850611,426.799740641917,3.88653380346913
202.034123747383,276.115623033425,4.36285892657044
547.586603741058,265.527292161901,3.73465398281252
177.655478178484,33.6807447285078,4.38403080028679
498.03433461548,359.008398867563,4.81862537765737
26.7628928730915,57.1088670068936,3.84925387373373
547.084901029958,154.247113804262,4.79977954213487
NA,NA,NA
663.266137232903,333.066878685629,3.52530838135574
455.583648927693,301.697984158515,3.7556999038145
12.6374736883778,495.481869503024,3.61158260412595
559.234993703402,52.9007420457502,4.30626997675656
71.2586021647277,377.901580317398,3.98327447875587
222.679057290279,414.151590637688,4.01903438447293
427.555899384187,12.3504329406143,3.28026198193421
361.674280318102,294.482297707137,2.97305233157439
604.057280204012,104.454832918244,4.24010641371624
392.201011633656,232.198458630917,4.34381402949181
574.708429261902,407.273508699149,4.84141878661243
143.697279050191,280.593652700327,4.71024634226931
191.29165799859,370.937828421724,4.00701859273762
123.461279622861,407.897195438986,3.4733162035548
624.841342578566,313.891935470648,4.66491977823484
10.3716466788504,150.527919904889,4.27357080331849
545.508310968856,202.352368571017,4.19876550030553
34.9538635966419,493.650871262056,2.91309032757251
278.830465644893,21.0662175927496,3.89928232761272
534.65949210999,392.622839365463,3.23088332785786
71.1061802807547,79.1802278790959,5.26118739584825
7.09593277834477,73.0738566777172,3.31757001824692
589.018874549605,227.179347016414,4.03429467143393
442.909364833253,452.006875570153,4.76205515409801
660.951406357753,373.75132037166,2.95332373094416
106.532895460023,487.068620061921,4.3405983723926
626.665425631899,92.2970162465462,4.09797766486963
417.431332483559,259.047082466039,3.64521633306626
10.5110994572394,181.784959251862,3.16349434880347
60.9047269427979,112.751381107137,4.42694427532182
607.540948465578,204.422717720397,4.24320606178861
259.221238912167,215.917870046199,3.77128497371954
577.134259330929,433.505960139401,3.94136678762184
299.888319456923,134.509194506697,3.98288366116057
525.5623643275,459.359731989319,3.33796042909557
34.2026583850611,426.799740641917,3.88653380346913
202.034123747383,276.115623033425,4.36285892657044
547.586603741058,265.527292161901,3.73465398281252
177.655478178484,33.6807447285078,4.38403080028679
498.03433461548,359.008398867563,4.81862537765737
26.7628928730915,57.1088670068936,3.84925387373373
547.084901029958,154.247113804262,4.79977954213487
NA,NA,NA
662.00057576078,331.755345088173,3.49569816215404
456.046815130693,298.197061210158,3.71737786712967
13.6369920196084,495.160395231075,3.51310299146726
560.729735415576,53.9485021630112,4.09195839286495
74.6503373679499,381.999611184605,3.94245189447078
222.520351285113,408.082581921688,3.94877438500205
429.411267432244,10.3220330680616,3.67244391871029
359.66794849944,291.370891385869,3.19721669951935
603.449345483276,108.605455472619,4.24057938200592
393.028601257572,234.443739350164,4.38181140817037
574.554202879095,404.107719495286,4.7669951055699
134.357781419182,277.819840804571,4.45701242808748
199.414128021485,365.268542196296,3.99117427618087
124.071651714007,409.55305086474,3.35276225869486
629.396946636271,316.039716676374,4.55526168513781
1.20776526094135,150.16251869202,4.29523902782443
541.564021643949,198.658950695051,4.25536192394929
33.5531799641445,492.386869514427,2.95166897990011
277.930987767987,23.0972621070439,3.8508463188071
533.988591681582,391.002838948923,3.50798786480781
75.8157361539245,83.1906502383364,5.25800653605948
3.59800724097092,73.9624455932031,3.43566890802819
587.610695263734,225.94044699562,4.03634583183447
441.663023596319,461.671319582775,4.83900119408932
657.607888943075,372.378600600769,3.09433802846304
106.120728325879,483.821331653387,4.34251583435569
619.937843843342,91.6181438908867,4.14789093028551
422.253554046015,255.170249755846,3.65516669134626
13.7536189598875,180.792000296738,3.16461351805897
55.0916962004935,127.643071127075,4.39386224778977
613.677206466446,201.557206510715,4.3345553546408
259.502956987913,219.534752252295,3.7796529779163
565.829804017359,439.568716841913,3.59680369870628
299.739995871345,134.468678656628,3.87710416077502
521.310155880999,462.477923106941,3.39648502915005
47.5040354761487,418.623697410301,3.78950011858813
205.932007015163,292.222216357776,3.5508268874299
547.802689383862,260.289120736958,3.70613888532729
177.300860017906,35.7133737462885,4.1626052835236
487.250590694709,336.622341860349,4.50734858224495
34.7069063419382,53.215579790983,3.98707833471389
524.739536186486,153.840348867711,4.53343730134042
NA,NA,NA
662.00057576078,331.755345088173,3.49569816215404
456.046815130693,298.197061210158,3.71737786712967
13.6369920196084,495.160395231075,3.51310299146726
560.729735415576,53.9485021630112,4.09195839286495
74.6503373679499,381.999611184605,3.94245189447078
222.520351285113,408.082581921688,3.94877438500205
429.411267432244,10.3220330680616,3.67244391871029
359.66794849944,291.370891385869,3.19721669951935
603.449345483276,108.605455472619,4.24057938200592
393.028601257572,234.443739350164,4.38181140817037
574.554202879095,404.107719495286,4.7669951055699
134.357781419182,277.819840804571,4.45701242808748
199.414128021485,365.268542196296,3.99117427618087
124.071651714007,409.55305086474,3.35276225869486
629.396946636271,316.039716676374,4.55526168513781
1.20776526094135,150.16251869202,4.29523902782443
541.564021643949,198.658950695051,4.25536192394929
33.5531799641445,492.386869514427,2.95166897990011
277.930987767987,23.0972621070439,3.8508463188071
533.988591681582,391.002838948923,3.50798786480781
75.8157361539245,83.1906502383364,5.25800653605948
3.59800724097092,73.9624455932031,3.43566890802819
587.610695263734,225.94044699562,4.03634583183447
441.663023596319,461.671319582775,4.83900119408932
657.607888943075,372.378600600769,3.09433802846304
106.120728325879,483.821331653387,4.34251583435569
619.937843843342,91.6181438908867,4.14789093028551
422.253554046015,255.170249755846,3.65516669134626
13.7536189598875,180.792000296738,3.16461351805897
55.0916962004935,127.643071127075,4.39386224778977
613.677206466446,201.557206510715,4.3345553546408
259.502956987913,219.534752252295,3.7796529779163
565.829804017359,439.568716841913,3.59680369870628
299.739995871345,134.468678656628,3.87710416077502
521.310155880999,462.477923106941,3.39648502915005
47.5040354761487,418.623697410301,3.78950011858813
205.932007015163,292.222216357776,3.5508268874299
547.802689383862,260.289120736958,3.70613888532729
177.300860017906,35.7133737462885,4.1626052835236
487.250590694709,336.622341860349,4.50734858224495
34.7069063419382,53.215579790983,3.98707833471389
524.739536186486,153.840348867711,4.53343730134042
NA,NA,NA
662.00057576078,331.755345088173,3.49569816215404
456.046815130693,298.197061210158,3.71737786712967
13.6369920196084,495.160395231075,3.51310299146726
560.729735415576,53.9485021630112,4.09195839286495
74.6503373679499,381.999611184605,3.94245189447078
222.520351285113,408.082581921688,3.94877438500205
429.411267432244,10.3220330680616,3.67244391871029
359.66794849944,291.370891385869,3.19721669951935
603.449345483276,108.605455472619,4.24057938200592
393.028601257572,234.443739350164,4.38181140817037
574.554202879095,404.107719495286,4.7669951055699
134.357781419182,277.819840804571,4.45701242808748
199.414128021485,365.268542196296,3.99117427618087
124.071651714007,409.55305086474,3.35276225869486
629.396946636271,316.039716676374,4.55526168513781
1.20776526094135,150.16251869202,4.29523902782443
541.564021643949,198.658950695051,4.25536192394929
33.5531799641445,492.386869514427,2.95166897990011
277.930987767987,23.0972621070439,3.8508463188071
533.988591681582,391.002838948923,3.50798786480781
75.8157361539245,83.1906502383364,5.25800653605948
3.59800724097092,73.9624455932031,3.43566890802819
587.610695263734,225.94044699562,4.03634583183447
441.663023596319,461.671319582775,4.83900119408932
657.607888943075,372.378600600769,3.09433802846304
106.120728325879,483.821331653387,4.34251583435569
619.937843843342,91.6181438908867,4.14789093028551
422.253554046015,255.170249755846,3.65516669134626
13.7536189598875,180.792000296738,3.16461351805897
55.0916962004935,127.643071127075,4.39386224778977
613.677206466446,201.557206510715,4.3345553546408
259.502956987913,219.534752252295,3.7796529779163
565.829804017359,439.568716841913,3.59680369870628
299.739995871345,134.468678656628,3.87710416077502
521.310155880999,462.477923106941,3.39648502915005
47.5040354761487,418.623697410301,3.78950011858813
205.932007015163,292.222216357776,3.5508268874299
547.802689383862,260.289120736958,3.70613888532729
177.300860017906,35.7133737462885,4.1626052835236
487.250590694709,336.622341860349,4.50734858224495
34.7069063419382,53.215579790983,3.98707833471389
524.739536186486,153.840348867711,4.53343730134042
NA,NA,NA
662.00057576078,331.755345088173,3.49569816215404
456.046815130693,298.197061210158,3.71737786712967
13.6369920196084,495.160395231075,3.51310299146726
560.729735415576,53.9485021630112,4.09195839286495
74.6503373679499,381.999611184605,3.94245189447078
222.520351285113,408.082581921688,3.94877438500205
429.411267432244,10.3220330680616,3.67244391871029
359.66794849944,291.370891385869,3.19721669951935
603.449345483276,108.605455472619,4.24057938200592
393.028601257572,234.443739350164,4.38181140817037
574.554202879095,404.107719495286,4.7669951055699
134.357781419182,277.819840804571,4.45701242808748
199.414128021485,365.268542196296,3.99117427618087
124.071651714007,409.55305086474,3.35276225869486
629.396946636271,316.039716676374,4.55526168513781
1.20776526094135,150.16251869202,4.29523902782443
541.564021643949,198.658950695051,4.25536192394929
33.5531799641445,492.386869514427,2.95166897990011
277.930987767987,23.0972621070439,3.8508463188071
533.988591681582,391.002838948923,3.50798786480781
75.8157361539245,83.1906502383364,5.25800653605948
3.59800724097092,73.9624455932031,3.43566890802819
587.610695263734,225.94044699562,4.03634583183447
441.663023596319,461.671319582775,4.83900119408932
657.607888943075,372.378600600769,3.09433802846304
106.120728325879,483.821331653387,4.34251583435569
619.937843843342,91.6181438908867,4.14789093028551
422.253554046015,255.170249755846,3.65516669134626
13.7536189598875,180.792000296738,3.16461351805897
55.0916962004935,127.643071127075,4.39386224778977
613.677206466446,201.557206510715,4.3345553546408
259.502956987913,219.534752252295,3.7796529779163
565.829804017359,439.568716841913,3.59680369870628
299.739995871345,134.468678656628,3.87710416077502
521.310155880999,462.477923106941,3.39648502915005
47.5040354761487,418.623697410301,3.78950011858813
205.932007015163,292.222216357776,3.5508268874299
547.802689383862,260.289120736958,3.70613888532729
177.300860017906,35.7133737462885,4.1626052835236
487.250590694709,336.622341860349,4.50734858224495
34.7069063419382,53.215579790983,3.98707833471389
524.739536186486,153.840348867711,4.53343730134042
NA,NA,NA
662.00057576078,331.755345088173,3.49569816215404
456.046815130693,298.197061210158,3.71737786712967
13.6369920196084,495.160395231075,3.51310299146726
560.729735415576,53.9485021630112,4.09195839286495
74.6503373679499,381.999611184605,3.94245189447078
222.520351285113,408.082581921688,3.94877438500205
429.411267432244,10.3220330680616,3.67244391871029
359.66794849944,291.370891385869,3.19721669951935
603.449345483276,108.605455472619,4.24057938200592
393.028601257572,234.443739350164,4.38181140817037
574.554202879095,404.107719495286,4.7669951055699
134.357781419182,277.819840804571,4.45701242808748
199.414128021485,365.268542196296,3.99117427618087
124.071651714007,409.55305086474,3.35276225869486
629.396946636271,316.039716676374,4.55526168513781
1.20776526094135,150.16251869202,4.29523902782443
541.564021643949,198.658950695051,4.25536192394929
33.5531799641445,492.386869514427,2.95166897990011
277.930987767987,23.0972621070439,3.8508463188071
533.988591681582,391.002838948923,3.50798786480781
75.8157361539245,83.1906502383364,5.25800653605948
3.59800724097092,73.9624455932031,3.43566890802819
587.610695263734,225.94044699562,4.03634583183447
441.663023596319,461.671319582775,4.83900119408932
657.607888943075,372.378600600769,3.09433802846304
106.120728325879,483.821331653387,4.34251583435569
619.937843843342,91.6181438908867,4.14789093028551
422.253554046015,255.170249755846,3.65516669134626
13.7536189598875,180.792000296738,3.16461351805897
55.0916962004935,127.643071127075,4.39386224778977
613.677206466446,201.557206510715,4.3345553546408
259.502956987913,219.534752252295,3.7796529779163
565.829804017359,439.568716841913,3.59680369870628
299.739995871345,134.468678656628,3.87710416077502
521.310155880999,462.477923106941,3.39648502915005
47.5040354761487,418.623697410301,3.78950011858813
205.932007015163,292.222216357776,3.5508268874299
547.802689383862,260.289120736958,3.70613888532729
177.300860017906,35.7133737462885,4.1626052835236
487.250590694709,336.622341860349,4.50734858224495
34.7069063419382,53.215579790983,3.98707833471389
524.739536186486,153.840348867711,4.53343730134042
NA,NA,NA
662.00057576078,331.755345088173,3.49569816215404
456.046815130693,298.197061210158,3.71737786712967
13.6369920196084,495.160395231075,3.51310299146726
560.729735415576,53.9485021630112,4.09195839286495
74.6503373679499,381.999611184605,3.94245189447078
222.520351285113,408.082581921688,3.94877438500205
429.411267432244,10.3220330680616,3.67244391871029
359.66794849944,291.370891385869,3.19721669951935
603.449345483276,108.605455472619,4.24057938200592
393.028601257572,234.443739350164,4.38181140817037
574.554202879095,404.107719495286,4.7669951055699
134.357781419182,277.819840804571,4.45701242808748
199.414128021485,365.268542196296,3.99117427618087
124.071651714007,409.55305086474,3.35276225869486
629.396946636271,316.039716676374,4.55526168513781
1.20776526094135,150.16251869202,4.29523902782443
541.564021643949,198.658950695051,4.25536192394929
33.5531799641445,492.386869514427,2.95166897990011
277.930987767987,23.0972621070439,3.8508463188071
533.988591681582,391.002838948923,3.50798786480781
75.8157361539245,83.1906502383364,5.25800653605948
3.59800724097092,73.9624455932031,3.43566890802819
587.610695263734,225.94044699562,4.03634583183447
441.663023596319,461.671319582775,4.83900119408932
657.607888943075,372.378600600769,3.09433802846304
106.120728325879,483.821331653387,4.34251583435569
619.937843843342,91.6181438908867,4.14789093028551
422.253554046015,255.170249755846,3.65516669134626
13.7536189598875,180.792000296738,3.16461351805897
55.0916962004935,127.643071127075,4.39386224778977
613.677206466446,201.557206510715,4.3345553546408
259.502956987913,219.534752252295,3.7796529779163
565.829804017359,439.568716841913,3.59680369870628
299.739995871345,134.468678656628,3.87710416077502
521.310155880999,462.477923106941,3.39648502915005
47.5040354761487,418.623697410301,3.78950011858813
205.932007015163,292.222216357776,3.5508268874299
547.802689383862,260.289120736958,3.70613888532729
177.300860017906,35.7133737462885,4.1626052835236
487.250590694709,336.622341860349,4.50734858224495
34.7069063419382,53.215579790983,3.98707833471389
524.739536186486,153.840348867711,4.53343730134042
NA,NA,NA
659.837539712942,332.013464068402,3.38722952476707
457.252423691536,298.255245776189,3.50615481768672
14.9449666653192,494.25448321669,3.51856257383892
559.766688302822,52.7951019300208,4.18469081954353
72.3267999465219,373.542577874341,3.97191364017298
231.193173928448,416.022786366338,3.94655764871023
430.826368642064,7.40860652103561,3.372805015704
361.45537214053,290.034710731823,3.05994335614776
603.228336543239,110.655220669948,4.1327518428501
397.56124720228,223.701032143794,4.14778887856519
569.33917733816,405.865168636786,4.80936509511731
137.480721243188,285.30099645399,4.56273091371993
201.936707633772,371.632361574564,3.98569460073017
127.05143220077,413.637099022674,3.36944511991569
628.81608823536,310.394642891529,4.62189373700902
-5.61070467857558,150.395715192499,4.26410503480214
546.185341401082,203.031116901535,4.23430929655119
35.170352853598,493.618732905614,2.93989301355497
277.82257763393,23.2054740323258,3.81562118286466
534.195598131006,388.757727592024,3.27893074163488
76.5892054851476,84.026341477595,5.30481286157512
4.76070086768474,75.6916709093118,3.70717058444815
589.666660328092,230.638311426399,4.04509323980547
441.877360353459,463.969481480419,4.85304333623691
660.089053118325,374.24173375985,3.10812496306161
106.637486013456,481.892509097094,4.37630239232235
626.058742830998,88.3827006687166,4.06333106229482
420.047293087617,257.566455515741,3.69281548545922
10.2700934156752,182.041281878239,3.23089135038595
72.0287337705292,120.15024677947,4.38422478725446
607.699657112437,191.775050650577,4.39507949126331
247.70884441086,219.920999986312,3.91302525470861
564.510097847339,436.813749244137,3.85705963705139
301.367369721748,142.033021542888,3.94171012066891
534.663720937526,458.160690049405,3.80748357377095
56.2293918697611,420.510025225226,4.08695564801475
197.201059641385,282.898762295486,4.04509990240345
551.884741224767,259.109908891814,3.96462977744967
165.496737938903,47.751837172652,4.11765020063078
499.297685703485,344.934673557971,4.32993004762563
31.6134528727017,53.8159704687093,3.8234320526059
535.745241133124,145.945308873258,4.68659838879687
NA,NA,NA
659.837539712942,332.013464068402,3.38722952476707
457.252423691536,298.255245776189,3.50615481768672
14.9449666653192,494.25448321669,3.51856257383892
559.766688302822,52.7951019300208,4.18469081954353
72.3267999465219,373.542577874341,3.97191364017298
231.193173928448,416.022786366338,3.94655764871023
430.826368642064,7.40860652103561,3.372805015704
361.45537214053,290.034710731823,3.05994335614776
603.228336543239,110.655220669948,4.1327518428501
397.56124720228,223.701032143794,4.14778887856519
569.33917733816,405.865168636786,4.80936509511731
137.480721243188,285.30099645399,4.56273091371993
201.936707633772,371.632361574564,3.98569460073017
127.05143220077,413.637099022674,3.36944511991569
628.81608823536,310.394642891529,4.62189373700902
-5.61070467857558,150.395715192499,4.26410503480214
546.185341401082,203.031116901535,4.23430929655119
35.170352853598,493.618732905614,2.93989301355497
277.82257763393,23.2054740323258,3.81562118286466
534.195598131006,388.757727592024,3.27893074163488
76.5892054851476,84.026341477595,5.30481286157512
4.76070086768474,75.6916709093118,3.70717058444815
589.666660328092,230.638311426399,4.04509323980547
441.877360353459,463.969481480419,4.85304333623691
660.089053118325,374.24173375985,3.10812496306161
106.637486013456,481.892509097094,4.37630239232235
626.058742830998,88.3827006687166,4.06333106229482
420.047293087617,257.566455515741,3.69281548545922
10.2700934156752,182.041281878239,3.23089135038595
72.0287337705292,120.15024677947,4.38422478725446
607.699657112437,191.775050650577,4.39507949126331
247.70884441086,219.920999986312,3.91302525470861
564.510097847339,436.813749244137,3.85705963705139
301.367369721748,142.033021542888,3.94171012066891
534.663720937526,458.160690049405,3.80748357377095
56.2293918697611,420.510025225226,4.08695564801475
197.201059641385,282.898762295486,4.04509990240345
551.884741224767,259.109908891814,3.96462977744967
165.496737938903,47.751837172652,4.11765020063078
499.297685703485,344.934673557971,4.32993004762563
31.6134528727017,53.8159704687093,3.8234320526059
535.745241133124,145.945308873258,4.68659838879687
NA,NA,NA
659.837539712942,332.013464068402,3.38722952476707
457.252423691536,298.255245776189,3.50615481768672
14.9449666653192,494.25448321669,3.51856257383892
559.766688302822,52.7951019300208,4.18469081954353
72.3267999465219,373.542577874341,3.97191364017298
231.193173928448,416.022786366338,3.94655764871023
430.826368642064,7.40860652103561,3.372805015704
361.45537214053,290.034710731823,3.05994335614776
603.228336543239,110.655220669948,4.1327518428501
397.56124720228,223.701032143794,4.14778887856519
569.33917733816,405.865168636786,4.80936509511731
137.480721243188,285.30099645399,4.56273091371993
201.936707633772,371.632361574564,3.98569460073017
127.05143220077,413.637099022674,3.36944511991569
628.81608823536,310.394642891529,4.62189373700902
-5.61070467857558,150.395715192499,4.26410503480214
546.185341401082,203.031116901535,4.23430929655119
35.170352853598,493.618732905614,2.93989301355497
277.82257763393,23.2054740323258,3.81562118286466
534.195598131006,388.757727592024,3.27893074163488
76.5892054851476,84.026341477595,5.30481286157512
4.76070086768474,75.6916709093118,3.70717058444815
589.666660328092,230.638311426399,4.04509323980547
441.877360353459,463.969481480419,4.85304333623691
660.089053118325,374.24173375985,3.10812496306161
106.637486013456,481.892509097094,4.37630239232235
626.058742830998,88.3827006687166,4.06333106229482
420.047293087617,257.566455515741,3.69281548545922
10.2700934156752,182.041281878239,3.23089135038595
72.0287337705292,120.15024677947,4.38422478725446
607.699657112437,191.775050650577,4.39507949126331
247.70884441086,219.920999986312,3.91302525470861
564.510097847339,436.813749244137,3.85705963705139
301.367369721748,142.033021542888,3.94171012066891
534.663720937526,458.160690049405,3.80748357377095
56.2293918697611,420.510025225226,4.08695564801475
197.201059641385,282.898762295486,4.04509990240345
551.884741224767,259.109908891814,3.96462977744967
165.496737938903,47.751837172652,4.11765020063078
499.297685703485,344.934673557971,4.32993004762563
31.6134528727017,53.8159704687093,3.8234320526059
535.745241133124,145.945308873258,4.68659838879687
NA,NA,NA
659.837539712942,332.013464068402,3.38722952476707
457.252423691536,298.255245776189,3.50615481768672
14.9449666653192,494.25448321669,3.51856257383892
559.766688302822,52.7951019300208,4.18469081954353
72.3267999465219,373.542577874341,3.97191364017298
231.193173928448,416.022786366338,3.94655764871023
430.826368642064,7.40860652103561,3.372805015704
361.45537214053,290.034710731823,3.05994335614776
603.228336543239,110.655220669948,4.1327518428501
397.56124720228,223.701032143794,4.14778887856519
569.33917733816,405.865168636786,4.80936509511731
137.480721243188,285.30099645399,4.56273091371993
201.936707633772,371.632361574564,3.98569460073017
127.05143220077,413.637099022674,3.36944511991569
628.81608823536,310.394642891529,4.62189373700902
-5.61070467857558,150.395715192499,4.26410503480214
546.185341401082,203.031116901535,4.23430929655119
35.170352853598,493.618732905614,2.93989301355497
277.82257763393,23.2054740323258,3.81562118286466
534.195598131006,388.757727592024,3.27893074163488
76.5892054851476,84.026341477595,5.30481286157512
4.76070086768474,75.6916709093118,3.70717058444815
589.666660328092,230.638311426399,4.04509323980547
441.877360353459,463.969481480419,4.85304333623691
660.089053118325,374.24173375985,3.10812496306161
106.637486013456,481.892509097094,4.37630239232235
626.058742830998,88.3827006687166,4.06333106229482
420.047293087617,257.566455515741,3.69281548545922
10.2700934156752,182.041281878239,3.23089135038595
72.0287337705292,120.15024677947,4.38422478725446
607.699657112437,191.775050650577,4.39507949126331
247.70884441086,219.920999986312,3.91302525470861
564.510097847339,436.813749244137,3.85705963705139
301.367369721748,142.033021542888,3.94171012066891
534.663720937526,458.160690049405,3.80748357377095
56.2293918697611,420.510025225226,4.08695564801475
197.201059641385,282.898762295486,4.04509990240345
551.884741224767,259.109908891814,3.96462977744967
165.496737938903,47.751837172652,4.11765020063078
499.297685703485,344.934673557971,4.32993004762563
31.6134528727017,53.8159704687093,3.8234320526059
535.745241133124,145.945308873258,4.68659838879687
NA,NA,NA
659.837539712942,332.013464068402,3.38722952476707
457.252423691536,298.255245776189,3.50615481768672
14.9449666653192,494.25448321669,3.51856257383892
559.766688302822,52.7951019300208,4.18469081954353
72.3267999465219,373.542577874341,3.97191364017298
231.193173928448,416.022786366338,3.94655764871023
430.826368642064,7.40860652103561,3.372805015704
361.45537214053,290.034710731823,3.05994335614776
603.228336543239,110.655220669948,4.1327518428501
397.56124720228,223.701032143794,4.14778887856519
569.33917733816,405.865168636786,4.80936509511731
137.480721243188,285.30099645399,4.56273091371993
201.936707633772,371.632361574564,3.98569460073017
127.05143220077,413.637099022674,3.36944511991569
628.81608823536,310.394642891529,4.62189373700902
-5.61070467857558,150.395715192499,4.26410503480214
546.185341401082,203.031116901535,4.23430929655119
35.170352853598,493.618732905614,2.93989301355497
277.82257763393,23.2054740323258,3.81562118286466
534.195598131006,388.757727592024,3.27893074163488
76.5892054851476,84.026341477595,5.30481286157512
4.76070086768474,75.6916709093118,3.70717058444815
589.666660328092,230.638311426399,4.04509323980547
441.877360353459,463.969481480419,4.85304333623691
660.089053118325,374.24173375985,3.10812496306161
106.637486013456,481.892509097094,4.37630239232235
626.058742830998,88.3827006687166,4.06333106229482
420.047293087617,257.566455515741,3.69281548545922
10.2700934156752,182.041281878239,3.23089135038595
72.0287337705292,120.15024677947,4.38422478725446
607.699657112437,191.775050650577,4.39507949126331
247.70884441086,219.920999986312,3.91302525470861
564.510097847339,436.813749244137,3.85705963705139
301.367369721748,142.033021542888,3.94171012066891
534.663720937526,458.160690049405,3.80748357377095
56.2293918697611,420.510025225226,4.08695564801475
197.201059641385,282.898762295486,4.04509990240345
551.884741224767,259.109908891814,3.96462977744967
165.496737938903,47.751837172652,4.11765020063078
499.297685703485,344.934673557971,4.32993004762563
31.6134528727017,53.8159704687093,3.8234320526059
535.745241133124,145.945308873258,4.68659838879687
NA,NA,NA
659.837539712942,332.013464068402,3.38722952476707
457.252423691536,298.255245776189,3.50615481768672
14.9449666653192,494.25448321669,3.51856257383892
559.766688302822,52.7951019300208,4.18469081954353
72.3267999465219,373.542577874341,3.97191364017298
231.193173928448,416.022786366338,3.94655764871023
430.826368642064,7.40860652103561,3.372805015704
361.45537214053,290.034710731823,3.05994335614776
603.228336543239,110.655220669948,4.1327518428501
397.56124720228,223.701032143794,4.14778887856519
569.33917733816,405.865168636786,4.80936509511731
137.480721243188,285.30099645399,4.56273091371993
201.936707633772,371.632361574564,3.98569460073017
127.05143220077,413.637099022674,3.36944511991569
628.81608823536,310.394642891529,4.62189373700902
-5.61070467857558,150.395715192499,4.26410503480214
546.185341401082,203.031116901535,4.23430929655119
35.170352853598,493.618732905614,2.93989301355497
277.82257763393,23.2054740323258,3.81562118286466
534.195598131006,388.757727592024,3.27893074163488
76.5892054851476,84.026341477595,5.30481286157512
4.76070086768474,75.6916709093118,3.70717058444815
589.666660328092,230.638311426399,4.04509323980547
441.877360353459,463.969481480419,4.85304333623691
660.089053118325,374.24173375985,3.10812496306161
106.637486013456,481.892509097094,4.37630239232235
626.058742830998,88.3827006687166,4.06333106229482
420.047293087617,257.566455515741,3.69281548545922
10.2700934156752,182.041281878239,3.23089135038595
72.0287337705292,120.15024677947,4.38422478725446
607.699657112437,191.775050650577,4.39507949126331
247.70884441086,219.920999986312,3.91302525470861
564.510097847339,436.813749244137,3.85705963705139
301.367369721748,142.033021542888,3.94171012066891
534.663720937526,458.160690049405,3.80748357377095
56.2293918697611,420.510025225226,4.08695564801475
197.201059641385,282.898762295486,4.04509990240345
551.884741224767,259.109908891814,3.96462977744967
165.496737938903,47.751837172652,4.11765020063078
499.297685703485,344.934673557971,4.32993004762563
31.6134528727017,53.8159704687093,3.8234320526059
535.745241133124,145.945308873258,4.68659838879687
NA,NA,NA
659.79850488519,335.780350809197,3.62805958323223
458.465108315396,299.014644802989,3.51773026720228
7.33921717659431,494.980911004347,3.63254320208028
558.249357742072,51.3346933660004,4.23838844831568
69.9654677266152,371.793118122253,3.94173471875694
226.982965198194,412.233880849618,3.94629906529312
429.032192915105,12.5065975399117,3.27652380704086
363.985504518982,294.748708624325,2.98371678153946
608.352388451816,106.382654592125,4.19454769992264
392.163811055165,231.236164989902,4.22304657182783
578.119229044072,407.387881882505,4.76685995030547
137.701150080776,291.873469243855,4.41890858968026
207.360568756749,373.99949594513,3.96194579802715
126.640037742579,409.673943139605,3.37136125609267
627.451065185944,300.641857500665,4.49048979606459
-0.0672230715875881,150.426588559146,4.29760505831584
540.745217110336,203.504377161715,4.27500009950317
34.3294798492489,492.064332547314,2.96100215925952
279.593110962529,17.7636126932037,3.81697939354356
535.814018533254,394.258750403755,3.40825700329612
62.0077654088918,78.4917071857273,5.29924622488742
6.33187168575426,75.9944651807669,3.34707102643854
586.791539640293,228.062885461208,4.0808317223152
445.502181564442,455.435858322957,4.85316663078282
658.923081112866,374.442554857538,3.26255625231734
105.928558366989,490.121486432886,4.39801463454091
620.134399968987,90.8761186378009,4.02313689088904
418.366290789923,258.340873291635,3.73939544738018
9.08242797930892,182.708631691,3.26968574138847
71.9446676663019,120.612228740719,4.26939227446086
605.094554277583,191.831676468254,4.09984107509451
253.641202571171,213.663960685451,3.675867048735
568.816141551077,439.280333092233,3.8137528032433
297.073665643185,137.165646479833,3.87275813679454
527.667111352595,450.428969515026,3.45282189822789
50.6168381490761,427.200165480482,4.02462719884085
204.926718453712,274.954768863319,4.31179423980113
555.833155976043,248.914560700598,3.67855055295977
179.439376108154,34.2334522210772,4.07365766962295
497.213324616421,342.623387812959,4.60026913029881
42.4152290541889,55.0473152400976,3.91482598854547
538.412883140902,143.746265058425,4.87597483020989
NA,NA,NA
659.79850488519,335.780350809197,3.62805958323223
458.465108315396,299.014644802989,3.51773026720228
7.33921717659431,494.980911004347,3.63254320208028
558.249357742072,51.3346933660004,4.23838844831568
69.9654677266152,371.793118122253,3.94173471875694
226.982965198194,412.233880849618,3.94629906529312
429.032192915105,12.5065975399117,3.27652380704086
363.985504518982,294.748708624325,2.98371678153946
608.352388451816,106.382654592125,4.19454769992264
392.163811055165,231.236164989902,4.22304657182783
578.119229044072,407.387881882505,4.76685995030547
137.701150080776,291.873469243855,4.41890858968026
207.360568756749,373.99949594513,3.96194579802715
126.640037742579,409.673943139605,3.37136125609267
627.451065185944,300.641857500665,4.49048979606459
-0.0672230715875881,150.426588559146,4.29760505831584
540.745217110336,203.504377161715,4.27500009950317
34.3294798492489,492.064332547314,2.96100215925952
279.593110962529,17.7636126932037,3.81697939354356
535.814018533254,394.258750403755,3.40825700329612
62.0077654088918,78.4917071857273,5.29924622488742
6.33187168575426,75.9944651807669,3.34707102643854
586.791539640293,228.062885461208,4.0808317223152
445.502181564442,455.435858322957,4.85316663078282
658.923081112866,374.442554857538,3.26255625231734
105.928558366989,490.121486432886,4.39801463454091
620.134399968987,90.8761186378009,4.02313689088904
418.366290789923,258.340873291635,3.73939544738018
9.08242797930892,182.708631691,3.26968574138847
71.9446676663019,120.612228740719,4.26939227446086
605.094554277583,191.831676468254,4.09984107509451
253.641202571171,213.663960685451,3.675867048735
568.816141551077,439.280333092233,3.8137528032433
297.073665643185,137.165646479833,3.87275813679454
527.667111352595,450.428969515026,3.45282189822789
50.6168381490761,427.200165480482,4.02462719884085
204.926718453712,274.954768863319,4.31179423980113
555.833155976043,248.914560700598,3.67855055295977
179.439376108154,34.2334522210772,4.07365766962295
497.213324616421,342.623387812959,4.60026913029881
42.4152290541889,55.0473152400976,3.91482598854547
538.412883140902,143.746265058425,4.87597483020989
NA,NA,NA
659.79850488519,335.780350809197,3.62805958323223
458.465108315396,299.014644802989,3.51773026720228
7.33921717659431,494.980911004347,3.63254320208028
558.249357742072,51.3346933660004,4.23838844831568
69.9654677266152,371.793118122253,3.94173471875694
226.982965198194,412.233880849618,3.94629906529312
429.032192915105,12.5065975399117,3.27652380704086
363.985504518982,294.748708624325,2.98371678153946
608.352388451816,106.382654592125,4.19454769992264
392.163811055165,231.236164989902,4.22304657182783
578.119229044072,407.387881882505,4.76685995030547
137.701150080776,291.873469243855,4.41890858968026
207.360568756749,373.99949594513,3.96194579802715
126.640037742579,409.673943139605,3.37136125609267
627.451065185944,300.641857500665,4.49048979606459
-0.0672230715875881,150.426588559146,4.29760505831584
540.745217110336,203.504377161715,4.27500009950317
34.3294798492489,492.064332547314,2.96100215925952
279.593110962529,17.7636126932037,3.81697939354356
535.814018533254,394.258750403755,3.40825700329612
62.0077654088918,78.4917071857273,5.29924622488742
6.33187168575426,75.9944651807669,3.34707102643854
586.791539640293,228.062885461208,4.0808317223152
445.502181564442,455.435858322957,4.85316663078282
658.923081112866,374.442554857538,3.26255625231734
105.928558366989,490.121486432886,4.39801463454091
620.134399968987,90.8761186378009,4.02313689088904
418.366290789923,258.340873291635,3.73939544738018
9.08242797930892,182.708631691,3.26968574138847
71.9446676663019,120.612228740719,4.26939227446086
605.094554277583,191.831676468254,4.09984107509451
253.641202571171,213.663960685451,3.675867048735
568.816141551077,439.280333092233,3.8137528032433
297.073665643185,137.165646479833,3.87275813679454
527.667111352595,450.428969515026,3.45282189822789
50.6168381490761,427.200165480482,4.02462719884085
204.926718453712,274.954768863319,4.31179423980113
555.833155976043,248.914560700598,3.67855055295977
179.439376108154,34.2334522210772,4.07365766962295
497.213324616421,342.623387812959,4.60026913029881
42.4152290541889,55.0473152400976,3.91482598854547
538.412883140902,143.746265058425,4.87597483020989
NA,NA,NA
659.79850488519,335.780350809197,3.62805958323223
458.465108315396,299.014644802989,3.51773026720228
7.33921717659431,494.980911004347,3.63254320208028
558.249357742072,51.3346933660004,4.23838844831568
69.9654677266152,371.793118122253,3.94173471875694
226.982965198194,412.233880849618,3.94629906529312
429.032192915105,12.5065975399117,3.27652380704086
363.985504518982,294.748708624325,2.98371678153946
608.352388451816,106.382654592125,4.19454769992264
392.163811055165,231.236164989902,4.22304657182783
578.119229044072,407.387881882505,4.76685995030547
137.701150080776,291.873469243855,4.41890858968026
207.360568756749,373.99949594513,3.96194579802715
126.640037742579,409.673943139605,3.37136125609267
627.451065185944,300.641857500665,4.49048979606459
-0.0672230715875881,150.426588559146,4.29760505831584
540.745217110336,203.504377161715,4.27500009950317
34.3294798492489,492.064332547314,2.96100215925952
279.593110962529,17.7636126932037,3.81697939354356
535.814018533254,394.258750403755,3.40825700329612
62.0077654088918,78.4917071857273,5.29924622488742
6.33187168575426,75.9944651807669,3.34707102643854
586.791539640293,228.062885461208,4.0808317223152
445.502181564442,455.435858322957,4.85316663078282
658.923081112866,374.442554857538,3.26255625231734
105.928558366989,490.121486432886,4.39801463454091
620.134399968987,90.8761186378009,4.02313689088904
418.366290789923,258.340873291635,3.73939544738018
9.08242797930892,182.708631691,3.26968574138847
71.9446676663019,120.612228740719,4.26939227446086
605.094554277583,191.831676468254,4.09984107509451
253.641202571171,213.663960685451,3.675867048735
568.816141551077,439.280333092233,3.8137528032433
297.073665643185,137.165646479833,3.87275813679454
527.667111352595,450.428969515026,3.45282189822789
50.6168381490761,427.200165480482,4.02462719884085
204.926718453712,274.954768863319,4.31179423980113
555.833155976043,248.914560700598,3.67855055295977
179.439376108154,34.2334522210772,4.07365766962295
497.213324616421,342.623387812959,4.60026913029881
42.4152290541889,55.0473152400976,3.91482598854547
538.412883140902,143.746265058425,4.87597483020989
NA,NA,NA
659.79850488519,335.780350809197,3.62805958323223
458.465108315396,299.014644802989,3.51773026720228
7.33921717659431,494.980911004347,3.63254320208028
558.249357742072,51.3346933660004,4.23838844831568
69.9654677266152,371.793118122253,3.94173471875694
226.982965198194,412.233880849618,3.94629906529312
429.032192915105,12.5065975399117,3.27652380704086
363.985504518982,294.748708624325,2.98371678153946
608.352388451816,106.382654592125,4.19454769992264
392.163811055165,231.236164989902,4.22304657182783
578.119229044072,407.387881882505,4.76685995030547
137.701150080776,291.873469243855,4.41890858968026
207.360568756749,373.99949594513,3.96194579802715
126.640037742579,409.673943139605,3.37136125609267
627.451065185944,300.641857500665,4.49048979606459
-0.0672230715875881,150.426588559146,4.29760505831584
540.745217110336,203.504377161715,4.27500009950317
34.3294798492489,492.064332547314,2.96100215925952
279.593110962529,17.7636126932037,3.81697939354356
535.814018533254,394.258750403755,3.40825700329612
62.0077654088918,78.4917071857273,5.29924622488742
6.33187168575426,75.9944651807669,3.34707102643854
586.791539640293,228.062885461208,4.0808317223152
445.502181564442,455.435858322957,4.85316663078282
658.923081112866,374.442554857538,3.26255625231734
105.928558366989,490.121486432886,4.39801463454091
620.134399968987,90.8761186378009,4.02313689088904
418.366290789923,258.340873291635,3.73939544738018
9.08242797930892,182.708631691,3.26968574138847
71.9446676663019,120.612228740719,4.26939227446086
605.094554277583,191.831676468254,4.09984107509451
253.641202571171,213.663960685451,3.675867048735
568.816141551077,439.280333092233,3.8137528032433
297.073665643185,137.165646479833,3.87275813679454
527.667111352595,450.428969515026,3.45282189822789
50.6168381490761,427.200165480482,4.02462719884085
204.926718453712,274.954768863319,4.31179423980113
555.833155976043,248.914560700598,3.67855055295977
179.439376108154,34.2334522210772,4.07365766962295
497.213324616421,342.623387812959,4.60026913029881
42.4152290541889,55.0473152400976,3.91482598854547
538.412883140902,143.746265058425,4.87597483020989
NA,NA,NA
659.79850488519,335.780350809197,3.62805958323223
458.465108315396,299.014644802989,3.51773026720228
7.33921717659431,494.980911004347,3.63254320208028
558.249357742072,51.3346933660004,4.23838844831568
69.9654677266152,371.793118122253,3.94173471875694
226.982965198194,412.233880849618,3.94629906529312
429.032192915105,12.5065975399117,3.27652380704086
363.985504518982,294.748708624325,2.98371678153946
608.352388451816,106.382654592125,4.19454769992264
392.163811055165,231.236164989902,4.22304657182783
578.119229044072,407.387881882505,4.76685995030547
137.701150080776,291.873469243855,4.41890858968026
207.360568756749,373.99949594513,3.96194579802715
126.640037742579,409.673943139605,3.37136125609267
627.451065185944,300.641857500665,4.49048979606459
-0.0672230715875881,150.426588559146,4.29760505831584
540.745217110336,203.504377161715,4.27500009950317
34.3294798492489,492.064332547314,2.96100215925952
279.593110962529,17.7636126932037,3.81697939354356
535.814018533254,394.258750403755,3.40825700329612
62.0077654088918,78.4917071857273,5.29924622488742
6.33187168575426,75.9944651807669,3.34707102643854
586.791539640293,228.062885461208,4.0808317223152
445.502181564442,455.435858322957,4.85316663078282
658.923081112866,374.442554857538,3.26255625231734
105.928558366989,490.121486432886,4.39801463454091
620.134399968987,90.8761186378009,4.02313689088904
418.366290789923,258.340873291635,3.73939544738018
9.08242797930892,182.708631691,3.26968574138847
71.9446676663019,120.612228740719,4.26939227446086
605.094554277583,191.831676468254,4.09984107509451
253.641202571171,213.663960685451,3.675867048735
568.816141551077,439.280333092233,3.8137528032433
297.073665643185,137.165646479833,3.87275813679454
527.667111352595,450.428969515026,3.45282189822789
50.6168381490761,427.200165480482,4.02462719884085
204.926718453712,274.954768863319,4.31179423980113
555.833155976043,248.914560700598,3.67855055295977
179.439376108154,34.2334522210772,4.07365766962295
497.213324616421,342.623387812959,4.60026913029881
42.4152290541889,55.0473152400976,3.91482598854547
538.412883140902,143.746265058425,4.87597483020989
NA,NA,NA
661.256692819487,334.021838819625,3.54998304719079
451.810390684555,302.157094471113,3.44597093642641
10.2405692769851,494.021485079418,3.67836147429464
559.91591660331,47.0420210678747,4.19807081738524
71.3157140758602,370.924247606092,3.97815721431229
229.998377986897,417.042951917493,3.92414672622905
428.311603307919,14.3703672066253,3.32072908364004
363.476421222881,292.221863032445,2.90207383888139
602.670745582889,105.274792252682,4.17087402978887
390.698824960615,233.058526893733,4.21058136070379
567.727563328842,406.760034168222,4.74856226199406
141.507216400513,279.858685896011,4.56715774970589
199.091185764565,370.255457348921,3.97802299268403
118.720808923529,412.601988492295,3.52612306159274
626.88393400009,317.13792878452,4.62552615672912
1.041555151501,145.450825791635,4.290871316719
538.626786828329,205.229135215749,4.18322557045876
33.6047260267715,493.471641145777,3.09517728669215
279.05414700135,23.6784771799506,4.04968082707916
535.118790200871,390.479544944488,3.45475682363609
69.3800975748443,74.7385092548546,5.15338095659608
4.9683455499102,74.4323871061349,3.57065213276021
590.619806749636,228.507862085791,4.03138580940289
441.224314468655,459.350755993349,4.79666171038644
658.874767414071,371.924053788505,3.06839620903804
104.339657002279,482.806000418045,4.26060693157917
618.440468174327,91.0364977986899,4.04209598866454
419.155998139369,257.055895112612,3.60600259577661
11.1985481340649,181.016610152381,3.07672037717377
43.9797306616789,116.279047465338,4.23463850450096
612.194925562261,190.291140619991,4.27567664706228
248.820738904065,215.394108414066,3.81302462116918
571.171105052532,433.230972787138,3.55151960740285
299.537608074169,137.719462655321,4.07022229377217
531.580256973678,463.666159912897,3.77692625017186
44.9528755778766,420.939728467216,3.5922039975252
195.133607494766,295.303205641559,3.98250395970245
542.738381067501,266.134701309539,3.59126828780747
177.36655851845,33.0530129257431,4.27094106910894
506.256115689368,345.516545574947,4.60812326996431
42.4717916940265,47.5224686418545,3.9041204947759
528.415163551664,142.537872156828,4.6015711672464
NA,NA,NA
661.256692819487,334.021838819625,3.54998304719079
451.810390684555,302.157094471113,3.44597093642641
10.2405692769851,494.021485079418,3.67836147429464
559.91591660331,47.0420210678747,4.19807081738524
71.3157140758602,370.924247606092,3.97815721431229
229.998377986897,417.042951917493,3.92414672622905
428.311603307919,14.3703672066253,3.32072908364004
363.476421222881,292.221863032445,2.90207383888139
602.670745582889,105.274792252682,4.17087402978887
390.698824960615,233.058526893733,4.21058136070379
567.727563328842,406.760034168222,4.74856226199406
141.507216400513,279.858685896011,4.56715774970589
199.091185764565,370.255457348921,3.97802299268403
118.720808923529,412.601988492295,3.52612306159274
626.88393400009,317.13792878452,4.62552615672912
1.041555151501,145.450825791635,4.290871316719
538.626786828329,205.229135215749,4.18322557045876
33.6047260267715,493.471641145777,3.09517728669215
279.05414700135,23.6784771799506,4.04968082707916
535.118790200871,390.479544944488,3.45475682363609
69.3800975748443,74.7385092548546,5.15338095659608
4.9683455499102,74.4323871061349,3.57065213276021
590.619806749636,228.507862085791,4.03138580940289
441.224314468655,459.350755993349,4.79666171038644
658.874767414071,371.924053788505,3.06839620903804
104.339657002279,482.806000418045,4.26060693157917
618.440468174327,91.0364977986899,4.04209598866454
419.155998139369,257.055895112612,3.60600259577661
11.1985481340649,181.016610152381,3.07672037717377
43.9797306616789,116.279047465338,4.23463850450096
612.194925562261,190.291140619991,4.27567664706228
248.820738904065,215.394108414066,3.81302462116918
571.171105052532,433.230972787138,3.55151960740285
299.537608074169,137.719462655321,4.07022229377217
531.580256973678,463.666159912897,3.77692625017186
44.9528755778766,420.939728467216,3.5922039975252
195.133607494766,295.303205641559,3.98250395970245
542.738381067501,266.134701309539,3.59126828780747
177.36655851845,33.0530129257431,4.27094106910894
506.256115689368,345.516545574947,4.60812326996431
42.4717916940265,47.5224686418545,3.9041204947759
528.415163551664,142.537872156828,4.6015711672464
NA,NA,NA
661.256692819487,334.021838819625,3.54998304719079
451.810390684555,302.157094471113,3.44597093642641
10.2405692769851,494.021485079418,3.67836147429464
559.91591660331,47.0420210678747,4.19807081738524
71.3157140758602,370.924247606092,3.97815721431229
229.998377986897,417.042951917493,3.92414672622905
428.311603307919,14.3703672066253,3.32072908364004
363.476421222881,292.221863032445,2.90207383888139
602.670745582889,105.274792252682,4.17087402978887
390.698824960615,233.058526893733,4.21058136070379
567.727563328842,406.760034168222,4.74856226199406
141.507216400513,279.858685896011,4.56715774970589
199.091185764565,370.255457348921,3.97802299268403
118.720808923529,412.601988492295,3.52612306159274
626.88393400009,317.13792878452,4.62552615672912
1.041555151501,145.450825791635,4.290871316719
538.626786828329,205.229135215749,4.18322557045876
33.6047260267715,493.471641145777,3.09517728669215
279.05414700135,23.6784771799506,4.04968082707916
535.118790200871,390.479544944488,3.45475682363609
69.3800975748443,74.7385092548546,5.15338095659608
4.9683455499102,74.4323871061349,3.57065213276021
590.619806749636,228.507862085791,4.03138580940289
441.224314468655,459.350755993349,4.79666171038644
658.874767414071,371.924053788505,3.06839620903804
104.339657002279,482.806000418045,4.26060693157917
618.440468174327,91.0364977986899,4.04209598866454
419.155998139369,257.055895112612,3.60600259577661
11.1985481340649,181.016610152381,3.07672037717377
43.9797306616789,116.279047465338,4.23463850450096
612.194925562261,190.291140619991,4.27567664706228
248.820738904065,215.394108414066,3.81302462116918
571.171105052532,433.230972787138,3.55151960740285
299.537608074169,137.719462655321,4.07022229377217
531.580256973678,463.666159912897,3.77692625017186
44.9528755778766,420.939728467216,3.5922039975252
195.133607494766,295.303205641559,3.98250395970245
542.738381067501,266.134701309539,3.59126828780747
177.36655851845,33.0530129257431,4.27094106910894
506.256115689368,345.516545574947,4.60812326996431
42.4717916940265,47.5224686418545,3.9041204947759
528.415163551664,142.537872156828,4.6015711672464
NA,NA,NA
661.256692819487,334.021838819625,3.54998304719079
451.810390684555,302.157094471113,3.44597093642641
10.2405692769851,494.021485079418,3.67836147429464
559.91591660331,47.0420210678747,4.19807081738524
71.3157140758602,370.924247606092,3.97815721431229
229.998377986897,417.042951917493,3.92414672622905
428.311603307919,14.3703672066253,3.32072908364004
363.476421222881,292.221863032445,2.90207383888139
602.670745582889,105.274792252682,4.17087402978887
390.698824960615,233.058526893733,4.21058136070379
567.727563328842,406.760034168222,4.74856226199406
141.507216400513,279.858685896011,4.56715774970589
199.091185764565,370.255457348921,3.97802299268403
118.720808923529,412.601988492295,3.52612306159274
626.88393400009,317.13792878452,4.62552615672912
1.041555151501,145.450825791635,4.290871316719
538.626786828329,205.229135215749,4.18322557045876
33.6047260267715,493.471641145777,3.09517728669215
279.05414700135,23.6784771799506,4.04968082707916
535.118790200871,390.479544944488,3.45475682363609
69.3800975748443,74.7385092548546,5.15338095659608
4.9683455499102,74.4323871061349,3.57065213276021
590.619806749636,228.507862085791,4.03138580940289
441.224314468655,459.350755993349,4.79666171038644
658.874767414071,371.924053788505,3.06839620903804
104.339657002279,482.806000418045,4.26060693157917
618.440468174327,91.0364977986899,4.04209598866454
419.155998139369,257.055895112612,3.60600259577661
11.1985481340649,181.016610152381,3.07672037717377
43.9797306616789,116.279047465338,4.23463850450096
612.194925562261,190.291140619991,4.27567664706228
248.820738904065,215.394108414066,3.81302462116918
571.171105052532,433.230972787138,3.55151960740285
299.537608074169,137.719462655321,4.07022229377217
531.580256973678,463.666159912897,3.77692625017186
44.9528755778766,420.939728467216,3.5922039975252
195.133607494766,295.303205641559,3.98250395970245
542.738381067501,266.134701309539,3.59126828780747
177.36655851845,33.0530129257431,4.27094106910894
506.256115689368,345.516545574947,4.60812326996431
42.4717916940265,47.5224686418545,3.9041204947759
528.415163551664,142.537872156828,4.6015711672464
NA,NA,NA
661.256692819487,334.021838819625,3.54998304719079
451.810390684555,302.157094471113,3.44597093642641
10.2405692769851,494.021485079418,3.67836147429464
559.91591660331,47.0420210678747,4.19807081738524
71.3157140758602,370.924247606092,3.97815721431229
229.998377986897,417.042951917493,3.92414672622905
428.311603307919,14.3703672066253,3.32072908364004
363.476421222881,292.221863032445,2.90207383888139
602.670745582889,105.274792252682,4.17087402978887
390.698824960615,233.058526893733,4.21058136070379
567.727563328842,406.760034168222,4.74856226199406
141.507216400513,279.858685896011,4.56715774970589
199.091185764565,370.255457348921,3.97802299268403
118.720808923529,412.601988492295,3.52612306159274
626.88393400009,317.13792878452,4.62552615672912
1.041555151501,145.450825791635,4.290871316719
538.626786828329,205.229135215749,4.18322557045876
33.6047260267715,493.471641145777,3.09517728669215
279.05414700135,23.6784771799506,4.04968082707916
535.118790200871,390.479544944488,3.45475682363609
69.3800975748443,74.7385092548546,5.15338095659608
4.9683455499102,74.4323871061349,3.57065213276021
590.619806749636,228.507862085791,4.03138580940289
441.224314468655,459.350755993349,4.79666171038644
658.874767414071,371.924053788505,3.06839620903804
104.339657002279,482.806000418045,4.26060693157917
618.440468174327,91.0364977986899,4.04209598866454
419.155998139369,257.055895112612,3.60600259577661
11.1985481340649,181.016610152381,3.07672037717377
43.9797306616789,116.279047465338,4.23463850450096
612.194925562261,190.291140619991,4.27567664706228
248.820738904065,215.394108414066,3.81302462116918
571.171105052532,433.230972787138,3.55151960740285
299.537608074169,137.719462655321,4.07022229377217
531.580256973678,463.666159912897,3.77692625017186
44.9528755778766,420.939728467216,3.5922039975252
195.133607494766,295.303205641559,3.98250395970245
542.738381067501,266.134701309539,3.59126828780747
177.36655851845,33.0530129257431,4.27094106910894
506.256115689368,345.516545574947,4.60812326996431
42.4717916940265,47.5224686418545,3.9041204947759
528.415163551664,142.537872156828,4.6015711672464
NA,NA,NA
661.256692819487,334.021838819625,3.54998304719079
451.810390684555,302.157094471113,3.44597093642641
10.2405692769851,494.021485079418,3.67836147429464
559.91591660331,47.0420210678747,4.19807081738524
71.3157140758602,370.924247606092,3.97815721431229
229.998377986897,417.042951917493,3.92414672622905
428.311603307919,14.3703672066253,3.32072908364004
363.476421222881,292.221863032445,2.90207383888139
602.670745582889,105.274792252682,4.17087402978887
390.698824960615,233.058526893733,4.21058136070379
567.727563328842,406.760034168222,4.74856226199406
141.507216400513,279.858685896011,4.56715774970589
199.091185764565,370.255457348921,3.97802299268403
118.720808923529,412.601988492295,3.52612306159274
626.88393400009,317.13792878452,4.62552615672912
1.041555151501,145.450825791635,4.290871316719
538.626786828329,205.229135215749,4.18322557045876
33.6047260267715,493.471641145777,3.09517728669215
279.05414700135,23.6784771799506,4.04968082707916
535.118790200871,390.479544944488,3.45475682363609
69.3800975748443,74.7385092548546,5.15338095659608
4.9683455499102,74.4323871061349,3.57065213276021
590.619806749636,228.507862085791,4.03138580940289
441.224314468655,459.350755993349,4.79666171038644
658.874767414071,371.924053788505,3.06839620903804
104.339657002279,482.806000418045,4.26060693157917
618.440468174327,91.0364977986899,4.04209598866454
419.155998139369,257.055895112612,3.60600259577661
11.1985481340649,181.016610152381,3.07672037717377
43.9797306616789,116.279047465338,4.23463850450096
612.194925562261,190.291140619991,4.27567664706228
248.820738904065,215.394108414066,3.81302462116918
571.171105052532,433.230972787138,3.55151960740285
299.537608074169,137.719462655321,4.07022229377217
531.580256973678,463.666159912897,3.77692625017186
44.9528755778766,420.939728467216,3.5922039975252
195.133607494766,295.303205641559,3.98250395970245
542.738381067501,266.134701309539,3.59126828780747
177.36655851845,33.0530129257431,4.27094106910894
506.256115689368,345.516545574947,4.60812326996431
42.4717916940265,47.5224686418545,3.9041204947759
528.415163551664,142.537872156828,4.6015711672464
NA,NA,NA
660.68506921148,333.621785525239,3.47765133918232
453.019282306641,302.158184395304,3.54351514379407
12.3959282302217,495.344876114612,3.57207151534623
558.530163483954,53.0760949958683,4.20352809196288
74.8252127995823,368.041002222433,3.87153358688314
220.007610839119,414.823671324219,3.88293044100087
427.626040094245,13.6702797273652,3.43345657110274
362.886671712187,292.172148888275,3.07256476923616
608.919632553875,98.5714612822667,4.19820580561002
393.846870338672,231.882256617321,4.22225371774748
568.839819712913,417.253477760162,4.69904419235558
141.161302374393,285.200509993573,4.61085189163073
201.917100861053,372.603167152146,4.01546038244107
123.683436410514,411.998377725713,3.43212796231608
624.467644436282,316.467051669508,4.58826777139073
-0.0256673167945694,144.537530481697,4.23934298740765
542.594938568812,204.381068759019,4.21209757853045
35.938549623383,491.336200383728,2.91080366700046
277.861308034378,22.2822142560145,3.88194123420856
532.143806022443,391.668523133078,3.36910235082613
70.4463135420677,75.7299834949507,5.16072095991049
4.7712217279703,78.3629714074699,3.54282749408063
586.08876508751,226.445680468549,3.98000414615709
438.646956070448,462.282528617976,4.75875625291648
659.802644152011,374.923528334092,3.09993607900269
99.099006602112,488.792421895235,4.38922135372775
620.915789404661,88.4071314954284,4.07007808875712
422.399353516189,256.752439611141,3.65770839805934
10.7857289850916,184.77488166598,3.23064380980981
72.1910273627541,123.144365049944,4.67014376472993
609.865939662344,205.809059225667,4.16039705186304
262.819091872007,220.022007407333,3.58089557142655
572.433866402465,444.421548233965,3.73863923400639
299.542673257337,135.463174311274,3.95565690079581
531.679216343382,463.475128925222,3.4919788114906
52.2757029171879,423.96755395851,3.97667998234479
194.791366693659,280.936098061469,4.20133133077915
556.369314143792,263.899698944797,3.69985435705566
181.538110571318,24.75921900069,3.93687894920158
501.095032943904,353.389510302917,4.51025185530133
28.9780426109732,53.5108028741995,4.43674236180465
540.186336764723,151.586664830596,4.51646186181558
NA,NA,NA
660.68506921148,333.621785525239,3.47765133918232
453.019282306641,302.158184395304,3.54351514379407
12.3959282302217,495.344876114612,3.57207151534623
558.530163483954,53.0760949958683,4.20352809196288
74.8252127995823,368.041002222433,3.87153358688314
220.007610839119,414.823671324219,3.88293044100087
427.626040094245,13.6702797273652,3.43345657110274
362.886671712187,292.172148888275,3.07256476923616
608.919632553875,98.5714612822667,4.19820580561002
393.846870338672,231.882256617321,4.22225371774748
568.839819712913,417.253477760162,4.69904419235558
141.161302374393,285.200509993573,4.61085189163073
201.917100861053,372.603167152146,4.01546038244107
123.683436410514,411.998377725713,3.43212796231608
624.467644436282,316.467051669508,4.58826777139073
-0.0256673167945694,144.537530481697,4.23934298740765
542.594938568812,204.381068759019,4.21209757853045
35.938549623383,491.336200383728,2.91080366700046
277.861308034378,22.2822142560145,3.88194123420856
532.143806022443,391.668523133078,3.36910235082613
70.4463135420677,75.7299834949507,5.16072095991049
4.7712217279703,78.3629714074699,3.54282749408063
586.08876508751,226.445680468549,3.98000414615709
438.646956070448,462.282528617976,4.75875625291648
659.802644152011,374.923528334092,3.09993607900269
99.099006602112,488.792421895235,4.38922135372775
620.915789404661,88.4071314954284,4.07007808875712
422.399353516189,256.752439611141,3.65770839805934
10.7857289850916,184.77488166598,3.23064380980981
72.1910273627541,123.144365049944,4.67014376472993
609.865939662344,205.809059225667,4.16039705186304
262.819091872007,220.022007407333,3.58089557142655
572.433866402465,444.421548233965,3.73863923400639
299.542673257337,135.463174311274,3.95565690079581
531.679216343382,463.475128925222,3.4919788114906
52.2757029171879,423.96755395851,3.97667998234479
194.791366693659,280.936098061469,4.20133133077915
556.369314143792,263.899698944797,3.69985435705566
181.538110571318,24.75921900069,3.93687894920158
501.095032943904,353.389510302917,4.51025185530133
28.9780426109732,53.5108028741995,4.43674236180465
540.186336764723,151.586664830596,4.51646186181558
NA,NA,NA
660.68506921148,333.621785525239,3.47765133918232
453.019282306641,302.158184395304,3.54351514379407
12.3959282302217,495.344876114612,3.57207151534623
558.530163483954,53.0760949958683,4.20352809196288
74.8252127995823,368.041002222433,3.87153358688314
220.007610839119,414.823671324219,3.88293044100087
427.626040094245,13.6702797273652,3.43345657110274
362.886671712187,292.172148888275,3.07256476923616
608.919632553875,98.5714612822667,4.19820580561002
393.846870338672,231.882256617321,4.22225371774748
568.839819712913,417.253477760162,4.69904419235558
141.161302374393,285.200509993573,4.61085189163073
201.917100861053,372.603167152146,4.01546038244107
123.683436410514,411.998377725713,3.43212796231608
624.467644436282,316.467051669508,4.58826777139073
-0.0256673167945694,144.537530481697,4.23934298740765
542.594938568812,204.381068759019,4.21209757853045
35.938549623383,491.336200383728,2.91080366700046
277.861308034378,22.2822142560145,3.88194123420856
532.143806022443,391.668523133078,3.36910235082613
70.4463135420677,75.7299834949507,5.16072095991049
4.7712217279703,78.3629714074699,3.54282749408063
586.08876508751,226.445680468549,3.98000414615709
438.646956070448,462.282528617976,4.75875625291648
659.802644152011,374.923528334092,3.09993607900269
99.099006602112,488.792421895235,4.38922135372775
620.915789404661,88.4071314954284,4.07007808875712
422.399353516189,256.752439611141,3.65770839805934
10.7857289850916,184.77488166598,3.23064380980981
72.1910273627541,123.144365049944,4.67014376472993
609.865939662344,205.809059225667,4.16039705186304
262.819091872007,220.022007407333,3.58089557142655
572.433866402465,444.421548233965,3.73863923400639
299.542673257337,135.463174311274,3.95565690079581
531.679216343382,463.475128925222,3.4919788114906
52.2757029171879,423.96755395851,3.97667998234479
194.791366693659,280.936098061469,4.20133133077915
556.369314143792,263.899698944797,3.69985435705566
181.538110571318,24.75921900069,3.93687894920158
501.095032943904,353.389510302917,4.51025185530133
28.9780426109732,53.5108028741995,4.43674236180465
540.186336764723,151.586664830596,4.51646186181558
NA,NA,NA
660.68506921148,333.621785525239,3.47765133918232
453.019282306641,302.158184395304,3.54351514379407
12.3959282302217,495.344876114612,3.57207151534623
558.530163483954,53.0760949958683,4.20352809196288
74.8252127995823,368.041002222433,3.87153358688314
220.007610839119,414.823671324219,3.88293044100087
427.626040094245,13.6702797273652,3.43345657110274
362.886671712187,292.172148888275,3.07256476923616
608.919632553875,98.5714612822667,4.19820580561002
393.846870338672,231.882256617321,4.22225371774748
568.839819712913,417.253477760162,4.69904419235558
141.161302374393,285.200509993573,4.61085189163073
201.917100861053,372.603167152146,4.01546038244107
123.683436410514,411.998377725713,3.43212796231608
624.467644436282,316.467051669508,4.58826777139073
-0.0256673167945694,144.537530481697,4.23934298740765
542.594938568812,204.381068759019,4.21209757853045
35.938549623383,491.336200383728,2.91080366700046
277.861308034378,22.2822142560145,3.88194123420856
532.143806022443,391.668523133078,3.36910235082613
70.4463135420677,75.7299834949507,5.16072095991049
4.7712217279703,78.3629714074699,3.54282749408063
586.08876508751,226.445680468549,3.98000414615709
438.646956070448,462.282528617976,4.75875625291648
659.802644152011,374.923528334092,3.09993607900269
99.099006602112,488.792421895235,4.38922135372775
620.915789404661,88.4071314954284,4.07007808875712
422.399353516189,256.752439611141,3.65770839805934
10.7857289850916,184.77488166598,3.23064380980981
72.1910273627541,123.144365049944,4.67014376472993
609.865939662344,205.809059225667,4.16039705186304
262.819091872007,220.022007407333,3.58089557142655
572.433866402465,444.421548233965,3.73863923400639
299.542673257337,135.463174311274,3.95565690079581
531.679216343382,463.475128925222,3.4919788114906
52.2757029171879,423.96755395851,3.97667998234479
194.791366693659,280.936098061469,4.20133133077915
556.369314143792,263.899698944797,3.69985435705566
181.538110571318,24.75921900069,3.93687894920158
501.095032943904,353.389510302917,4.51025185530133
28.9780426109732,53.5108028741995,4.43674236180465
540.186336764723,151.586664830596,4.51646186181558
NA,NA,NA
660.68506921148,333.621785525239,3.47765133918232
453.019282306641,302.158184395304,3.54351514379407
12.3959282302217,495.344876114612,3.57207151534623
558.530163483954,53.0760949958683,4.20352809196288
74.8252127995823,368.041002222433,3.87153358688314
220.007610839119,414.823671324219,3.88293044100087
427.626040094245,13.6702797273652,3.43345657110274
362.886671712187,292.172148888275,3.07256476923616
608.919632553875,98.5714612822667,4.19820580561002
393.846870338672,231.882256617321,4.22225371774748
568.839819712913,417.253477760162,4.69904419235558
141.161302374393,285.200509993573,4.61085189163073
201.917100861053,372.603167152146,4.01546038244107
123.683436410514,411.998377725713,3.43212796231608
624.467644436282,316.467051669508,4.58826777139073
-0.0256673167945694,144.537530481697,4.23934298740765
542.594938568812,204.381068759019,4.21209757853045
35.938549623383,491.336200383728,2.91080366700046
277.861308034378,22.2822142560145,3.88194123420856
532.143806022443,391.668523133078,3.36910235082613
70.4463135420677,75.7299834949507,5.16072095991049
4.7712217279703,78.3629714074699,3.54282749408063
586.08876508751,226.445680468549,3.98000414615709
438.646956070448,462.282528617976,4.75875625291648
659.802644152011,374.923528334092,3.09993607900269
99.099006602112,488.792421895235,4.38922135372775
620.915789404661,88.4071314954284,4.07007808875712
422.399353516189,256.752439611141,3.65770839805934
10.7857289850916,184.77488166598,3.23064380980981
72.1910273627541,123.144365049944,4.67014376472993
609.865939662344,205.809059225667,4.16039705186304
262.819091872007,220.022007407333,3.58089557142655
572.433866402465,444.421548233965,3.73863923400639
299.542673257337,135.463174311274,3.95565690079581
531.679216343382,463.475128925222,3.4919788114906
52.2757029171879,423.96755395851,3.97667998234479
194.791366693659,280.936098061469,4.20133133077915
556.369314143792,263.899698944797,3.69985435705566
181.538110571318,24.75921900069,3.93687894920158
501.095032943904,353.389510302917,4.51025185530133
28.9780426109732,53.5108028741995,4.43674236180465
540.186336764723,151.586664830596,4.51646186181558
NA,NA,NA
660.68506921148,333.621785525239,3.47765133918232
453.019282306641,302.158184395304,3.54351514379407
12.3959282302217,495.344876114612,3.57207151534623
558.530163483954,53.0760949958683,4.20352809196288
74.8252127995823,368.041002222433,3.87153358688314
220.007610839119,414.823671324219,3.88293044100087
427.626040094245,13.6702797273652,3.43345657110274
362.886671712187,292.172148888275,3.07256476923616
608.919632553875,98.5714612822667,4.19820580561002
393.846870338672,231.882256617321,4.22225371774748
568.839819712913,417.253477760162,4.69904419235558
141.161302374393,285.200509993573,4.61085189163073
201.917100861053,372.603167152146,4.01546038244107
123.683436410514,411.998377725713,3.43212796231608
624.467644436282,316.467051669508,4.58826777139073
-0.0256673167945694,144.537530481697,4.23934298740765
542.594938568812,204.381068759019,4.21209757853045
35.938549623383,491.336200383728,2.91080366700046
277.861308034378,22.2822142560145,3.88194123420856
532.143806022443,391.668523133078,3.36910235082613
70.4463135420677,75.7299834949507,5.16072095991049
4.7712217279703,78.3629714074699,3.54282749408063
586.08876508751,226.445680468549,3.98000414615709
438.646956070448,462.282528617976,4.75875625291648
659.802644152011,374.923528334092,3.09993607900269
99.099006602112,488.792421895235,4.38922135372775
620.915789404661,88.4071314954284,4.07007808875712
422.399353516189,256.752439611141,3.65770839805934
10.7857289850916,184.77488166598,3.23064380980981
72.1910273627541,123.144365049944,4.67014376472993
609.865939662344,205.809059225667,4.16039705186304
262.819091872007,220.022007407333,3.58089557142655
572.433866402465,444.421548233965,3.73863923400639
299.542673257337,135.463174311274,3.95565690079581
531.679216343382,463.475128925222,3.4919788114906
52.2757029171879,423.96755395851,3.97667998234479
194.791366693659,280.936098061469,4.20133133077915
556.369314143792,263.899698944797,3.69985435705566
181.538110571318,24.75921900069,3.93687894920158
501.095032943904,353.389510302917,4.51025185530133
28.9780426109732,53.5108028741995,4.43674236180465
540.186336764723,151.586664830596,4.51646186181558
NA,NA,NA
659.291484956865,333.100161870078,3.43162386151916
455.519492128785,300.402041476305,3.60304714411051
4.76890943047007,492.177741704638,3.72830241731836
561.127589523488,49.0021423831117,4.09444388188173
72.4767021786234,377.308264471774,3.92017189956188
233.56385603273,414.130207177691,3.87466674206874
429.465354333728,10.2028338862035,3.2717530870112
361.983631381342,293.314808460933,3.12821637478906
603.988014454656,105.526417847741,4.14276148435064
393.571729342083,237.927093838868,4.14255683424489
566.902654687999,413.923221933627,4.78009245206347
141.942046243116,284.317100724354,4.61199954489293
198.782536703894,372.041353041422,3.97457676487806
127.14376189987,417.294188841564,3.42302792869506
617.446741850757,309.896670690344,4.55025773137419
-0.23460504329276,149.33299183497,4.2529418544431
546.198258173237,203.012858375308,4.12632922849362
33.6968219045394,490.911317799801,3.0833250213683
277.012142555248,25.441640786905,3.92994715852295
535.246363950521,394.936726460067,3.44754278230941
66.8979761289054,74.5138157053159,5.19733576038475
5.10239343825007,78.279926425399,3.56092001410231
585.780893022687,229.070800671015,4.04014633912699
435.025708630558,456.336135025467,4.82988692456742
659.862853262269,373.518093599921,2.88286221872154
105.49443471112,487.757628321949,4.18111068766176
625.777996418235,87.2572090947334,4.06607797438679
422.200337255936,257.887553809875,3.72130983516727
11.9936575671081,179.461270076524,3.19454813691745
63.4083156665654,109.034999236187,4.7097055078407
594.971096382519,213.313270636787,4.19006533512338
253.448812742107,222.988448052112,3.94320620060949
579.524055436177,435.502558315493,3.77299519615847
296.27773955074,136.157472648268,3.80009349267013
530.968211217575,460.42066555278,3.66855481784566
43.4163059293632,421.112276202813,3.9456265572838
191.159338166982,289.562209659543,3.59718365744427
550.395395596654,258.422023189027,3.78643793449123
179.420757444033,27.2778893745909,4.1939777498869
503.720830693231,347.729766874191,4.25749098931415
28.6668054549962,43.8333083784223,3.88907686162612
509.577651120536,150.035577320968,4.48457335318171
NA,NA,NA
659.291484956865,333.100161870078,3.43162386151916
455.519492128785,300.402041476305,3.60304714411051
4.76890943047007,492.177741704638,3.72830241731836
561.127589523488,49.0021423831117,4.09444388188173
72.4767021786234,377.308264471774,3.92017189956188
233.56385603273,414.130207177691,3.87466674206874
429.465354333728,10.2028338862035,3.2717530870112
361.983631381342,293.314808460933,3.12821637478906
603.988014454656,105.526417847741,4.14276148435064
393.571729342083,237.927093838868,4.14255683424489
566.902654687999,413.923221933627,4.78009245206347
141.942046243116,284.317100724354,4.61199954489293
198.782536703894,372.041353041422,3.97457676487806
127.14376189987,417.294188841564,3.42302792869506
617.446741850757,309.896670690344,4.55025773137419
-0.23460504329276,149.33299183497,4.2529418544431
546.198258173237,203.012858375308,4.12632922849362
33.6968219045394,490.911317799801,3.0833250213683
277.012142555248,25.441640786905,3.92994715852295
535.246363950521,394.936726460067,3.44754278230941
66.8979761289054,74.5138157053159,5.19733576038475
5.10239343825007,78.279926425399,3.56092001410231
585.780893022687,229.070800671015,4.04014633912699
435.025708630558,456.336135025467,4.82988692456742
659.862853262269,373.518093599921,2.88286221872154
105.49443471112,487.757628321949,4.18111068766176
625.777996418235,87.2572090947334,4.06607797438679
422.200337255936,257.887553809875,3.72130983516727
11.9936575671081,179.461270076524,3.19454813691745
63.4083156665654,109.034999236187,4.7097055078407
594.971096382519,213.313270636787,4.19006533512338
253.448812742107,222.988448052112,3.94320620060949
579.524055436177,435.502558315493,3.77299519615847
296.27773955074,136.157472648268,3.80009349267013
530.968211217575,460.42066555278,3.66855481784566
43.4163059293632,421.112276202813,3.9456265572838
191.159338166982,289.562209659543,3.59718365744427
550.395395596654,258.422023189027,3.78643793449123
179.420757444033,27.2778893745909,4.1939777498869
503.720830693231,347.729766874191,4.25749098931415
28.6668054549962,43.8333083784223,3.88907686162612
509.577651120536,150.035577320968,4.48457335318171
NA,NA,NA
659.291484956865,333.100161870078,3.43162386151916
455.519492128785,300.402041476305,3.60304714411051
4.76890943047007,492.177741704638,3.72830241731836
561.127589523488,49.0021423831117,4.09444388188173
72.4767021786234,377.308264471774,3.92017189956188
233.56385603273,414.130207177691,3.87466674206874
429.465354333728,10.2028338862035,3.2717530870112
361.983631381342,293.314808460933,3.12821637478906
603.988014454656,105.526417847741,4.14276148435064
393.571729342083,237.927093838868,4.14255683424489
566.902654687999,413.923221933627,4.78009245206347
141.942046243116,284.317100724354,4.61199954489293
198.782536703894,372.041353041422,3.97457676487806
127.14376189987,417.294188841564,3.42302792869506
617.446741850757,309.896670690344,4.55025773137419
-0.23460504329276,149.33299183497,4.2529418544431
546.198258173237,203.012858375308,4.12632922849362
33.6968219045394,490.911317799801,3.0833250213683
277.012142555248,25.441640786905,3.92994715852295
535.246363950521,394.936726460067,3.44754278230941
66.8979761289054,74.5138157053159,5.19733576038475
5.10239343825007,78.279926425399,3.56092001410231
585.780893022687,229.070800671015,4.04014633912699
435.025708630558,456.336135025467,4.82988692456742
659.862853262269,373.518093599921,2.88286221872154
105.49443471112,487.757628321949,4.18111068766176
625.777996418235,87.2572090947334,4.06607797438679
422.200337255936,257.887553809875,3.72130983516727
11.9936575671081,179.461270076524,3.19454813691745
63.4083156665654,109.034999236187,4.7097055078407
594.971096382519,213.313270636787,4.19006533512338
253.448812742107,222.988448052112,3.94320620060949
579.524055436177,435.502558315493,3.77299519615847
296.27773955074,136.157472648268,3.80009349267013
530.968211217575,460.42066555278,3.66855481784566
43.4163059293632,421.112276202813,3.9456265572838
191.159338166982,289.562209659543,3.59718365744427
550.395395596654,258.422023189027,3.78643793449123
179.420757444033,27.2778893745909,4.1939777498869
503.720830693231,347.729766874191,4.25749098931415
28.6668054549962,43.8333083784223,3.88907686162612
509.577651120536,150.035577320968,4.48457335318171
NA,NA,NA
659.291484956865,333.100161870078,3.43162386151916
455.519492128785,300.402041476305,3.60304714411051
4.76890943047007,492.177741704638,3.72830241731836
561.127589523488,49.0021423831117,4.09444388188173
72.4767021786234,377.308264471774,3.92017189956188
233.56385603273,414.130207177691,3.87466674206874
429.465354333728,10.2028338862035,3.2717530870112
361.983631381342,293.314808460933,3.12821637478906
603.988014454656,105.526417847741,4.14276148435064
393.571729342083,237.927093838868,4.14255683424489
566.902654687999,413.923221933627,4.78009245206347
141.942046243116,284.317100724354,4.61199954489293
198.782536703894,372.041353041422,3.97457676487806
127.14376189987,417.294188841564,3.42302792869506
617.446741850757,309.896670690344,4.55025773137419
-0.23460504329276,149.33299183497,4.2529418544431
546.198258173237,203.012858375308,4.12632922849362
33.6968219045394,490.911317799801,3.0833250213683
277.012142555248,25.441640786905,3.92994715852295
535.246363950521,394.936726460067,3.44754278230941
66.8979761289054,74.5138157053159,5.19733576038475
5.10239343825007,78.279926425399,3.56092001410231
585.780893022687,229.070800671015,4.04014633912699
435.025708630558,456.336135025467,4.82988692456742
659.862853262269,373.518093599921,2.88286221872154
105.49443471112,487.757628321949,4.18111068766176
625.777996418235,87.2572090947334,4.06607797438679
422.200337255936,257.887553809875,3.72130983516727
11.9936575671081,179.461270076524,3.19454813691745
63.4083156665654,109.034999236187,4.7097055078407
594.971096382519,213.313270636787,4.19006533512338
253.448812742107,222.988448052112,3.94320620060949
579.524055436177,435.502558315493,3.77299519615847
296.27773955074,136.157472648268,3.80009349267013
530.968211217575,460.42066555278,3.66855481784566
43.4163059293632,421.112276202813,3.9456265572838
191.159338166982,289.562209659543,3.59718365744427
550.395395596654,258.422023189027,3.78643793449123
179.420757444033,27.2778893745909,4.1939777498869
503.720830693231,347.729766874191,4.25749098931415
28.6668054549962,43.8333083784223,3.88907686162612
509.577651120536,150.035577320968,4.48457335318171
NA,NA,NA
659.291484956865,333.100161870078,3.43162386151916
455.519492128785,300.402041476305,3.60304714411051
4.76890943047007,492.177741704638,3.72830241731836
561.127589523488,49.0021423831117,4.09444388188173
72.4767021786234,377.308264471774,3.92017189956188
233.56385603273,414.130207177691,3.87466674206874
429.465354333728,10.2028338862035,3.2717530870112
361.983631381342,293.314808460933,3.12821637478906
603.988014454656,105.526417847741,4.14276148435064
393.571729342083,237.927093838868,4.14255683424489
566.902654687999,413.923221933627,4.78009245206347
141.942046243116,284.317100724354,4.61199954489293
198.782536703894,372.041353041422,3.97457676487806
127.14376189987,417.294188841564,3.42302792869506
617.446741850757,309.896670690344,4.55025773137419
-0.23460504329276,149.33299183497,4.2529418544431
546.198258173237,203.012858375308,4.12632922849362
33.6968219045394,490.911317799801,3.0833250213683
277.012142555248,25.441640786905,3.92994715852295
535.246363950521,394.936726460067,3.44754278230941
66.8979761289054,74.5138157053159,5.19733576038475
5.10239343825007,78.279926425399,3.56092001410231
585.780893022687,229.070800671015,4.04014633912699
435.025708630558,456.336135025467,4.82988692456742
659.862853262269,373.518093599921,2.88286221872154
105.49443471112,487.757628321949,4.18111068766176
625.777996418235,87.2572090947334,4.06607797438679
422.200337255936,257.887553809875,3.72130983516727
11.9936575671081,179.461270076524,3.19454813691745
63.4083156665654,109.034999236187,4.7097055078407
594.971096382519,213.313270636787,4.19006533512338
253.448812742107,222.988448052112,3.94320620060949
579.524055436177,435.502558315493,3.77299519615847
296.27773955074,136.157472648268,3.80009349267013
530.968211217575,460.42066555278,3.66855481784566
43.4163059293632,421.112276202813,3.9456265572838
191.159338166982,289.562209659543,3.59718365744427
550.395395596654,258.422023189027,3.78643793449123
179.420757444033,27.2778893745909,4.1939777498869
503.720830693231,347.729766874191,4.25749098931415
28.6668054549962,43.8333083784223,3.88907686162612
509.577651120536,150.035577320968,4.48457335318171
NA,NA,NA
659.291484956865,333.100161870078,3.43162386151916
455.519492128785,300.402041476305,3.60304714411051
4.76890943047007,492.177741704638,3.72830241731836
561.127589523488,49.0021423831117,4.09444388188173
72.4767021786234,377.308264471774,3.92017189956188
233.56385603273,414.130207177691,3.87466674206874
429.465354333728,10.2028338862035,3.2717530870112
361.983631381342,293.314808460933,3.12821637478906
603.988014454656,105.526417847741,4.14276148435064
393.571729342083,237.927093838868,4.14255683424489
566.902654687999,413.923221933627,4.78009245206347
141.942046243116,284.317100724354,4.61199954489293
198.782536703894,372.041353041422,3.97457676487806
127.14376189987,417.294188841564,3.42302792869506
617.446741850757,309.896670690344,4.55025773137419
-0.23460504329276,149.33299183497,4.2529418544431
546.198258173237,203.012858375308,4.12632922849362
33.6968219045394,490.911317799801,3.0833250213683
277.012142555248,25.441640786905,3.92994715852295
535.246363950521,394.936726460067,3.44754278230941
66.8979761289054,74.5138157053159,5.19733576038475
5.10239343825007,78.279926425399,3.56092001410231
585.780893022687,229.070800671015,4.04014633912699
435.025708630558,456.336135025467,4.82988692456742
659.862853262269,373.518093599921,2.88286221872154
105.49443471112,487.757628321949,4.18111068766176
625.777996418235,87.2572090947334,4.06607797438679
422.200337255936,257.887553809875,3.72130983516727
11.9936575671081,179.461270076524,3.19454813691745
63.4083156665654,109.034999236187,4.7097055078407
594.971096382519,213.313270636787,4.19006533512338
253.448812742107,222.988448052112,3.94320620060949
579.524055436177,435.502558315493,3.77299519615847
296.27773955074,136.157472648268,3.80009349267013
530.968211217575,460.42066555278,3.66855481784566
43.4163059293632,421.112276202813,3.9456265572838
191.159338166982,289.562209659543,3.59718365744427
550.395395596654,258.422023189027,3.78643793449123
179.420757444033,27.2778893745909,4.1939777498869
503.720830693231,347.729766874191,4.25749098931415
28.6668054549962,43.8333083784223,3.88907686162612
509.577651120536,150.035577320968,4.48457335318171
NA,NA,NA
660.741630455904,330.639327095565,3.37735697676887
459.102097477848,299.358108468566,3.61484944890243
9.98970812363838,494.439304900959,3.76354867528275
563.456580589105,51.8801183956165,4.08794023676599
69.8455448280457,377.39865055923,3.94646958932047
226.113913834991,417.956859385867,3.91293193344882
426.786061287559,13.3724062763507,3.32725256320562
364.977319880744,292.933203070155,3.0836031295029
605.437887494444,96.6599644138709,4.24975888978502
396.096682160318,230.62743278675,4.10572363086634
571.06467358485,399.135412545547,4.69639945368088
136.621611314187,284.982092449111,4.47595533397884
198.677088941196,368.632285984663,4.01019436877694
124.360758630808,412.701989744864,3.27345838929384
625.369694212806,306.990977393221,4.72338697579761
-2.08008385076062,155.50301781044,4.31199271994449
544.74592217196,205.662137871164,4.16225059533293
32.6434300789489,494.144026470035,2.99653646409418
278.058137492251,22.1676011871126,3.95232195362331
533.574391927398,392.670521321812,3.2632115010743
69.9704364069962,77.181857275722,5.27120000082295
4.73656501562602,76.3506748835567,3.59565550361352
587.144984060461,225.865883382405,4.02329269000541
434.280108256828,454.761721229789,4.83677881157018
658.371525412674,371.850613319617,3.04407898517801
101.659912607709,482.930883333989,4.30759218238928
628.345719195781,95.5705775798515,4.09014496781297
418.521287839143,260.561437864828,3.69027642036495
9.81274038134162,183.169823814037,3.06455068871433
66.1674622192913,123.35921115869,4.55231495832288
622.321281158134,203.059835084376,4.20870480082498
253.419986257763,212.903815961273,3.4467373627765
575.987367015036,436.000569371699,3.73223863950294
295.050666199682,136.424193351494,3.87777648446226
530.970029349453,461.274713281552,3.39333979232171
50.7752504557144,417.310232821311,4.39361697177245
198.963063691463,291.199036315888,4.15886688946163
560.10508514231,255.721586911205,3.98176751270346
171.263587942821,31.6167207390013,4.31331229527006
504.829472613209,350.382490081572,4.64142804778806
25.9567203168675,49.7571572682293,3.80999086140777
535.222423803573,150.29361647441,4.49179176640928
NA,NA,NA
660.741630455904,330.639327095565,3.37735697676887
459.102097477848,299.358108468566,3.61484944890243
9.98970812363838,494.439304900959,3.76354867528275
563.456580589105,51.8801183956165,4.08794023676599
69.8455448280457,377.39865055923,3.94646958932047
226.113913834991,417.956859385867,3.91293193344882
426.786061287559,13.3724062763507,3.32725256320562
364.977319880744,292.933203070155,3.0836031295029
605.437887494444,96.6599644138709,4.24975888978502
396.096682160318,230.62743278675,4.10572363086634
571.06467358485,399.135412545547,4.69639945368088
136.621611314187,284.982092449111,4.47595533397884
198.677088941196,368.632285984663,4.01019436877694
124.360758630808,412.701989744864,3.27345838929384
625.369694212806,306.990977393221,4.72338697579761
-2.08008385076062,155.50301781044,4.31199271994449
544.74592217196,205.662137871164,4.16225059533293
32.6434300789489,494.144026470035,2.99653646409418
278.058137492251,22.1676011871126,3.95232195362331
533.574391927398,392.670521321812,3.2632115010743
69.9704364069962,77.181857275722,5.27120000082295
4.73656501562602,76.3506748835567,3.59565550361352
587.144984060461,225.865883382405,4.02329269000541
434.280108256828,454.761721229789,4.83677881157018
658.371525412674,371.850613319617,3.04407898517801
101.659912607709,482.930883333989,4.30759218238928
628.345719195781,95.5705775798515,4.09014496781297
418.521287839143,260.561437864828,3.69027642036495
9.81274038134162,183.169823814037,3.06455068871433
66.1674622192913,123.35921115869,4.55231495832288
622.321281158134,203.059835084376,4.20870480082498
253.419986257763,212.903815961273,3.4467373627765
575.987367015036,436.000569371699,3.73223863950294
295.050666199682,136.424193351494,3.87777648446226
530.970029349453,461.274713281552,3.39333979232171
50.7752504557144,417.310232821311,4.39361697177245
198.963063691463,291.199036315888,4.15886688946163
560.10508514231,255.721586911205,3.98176751270346
171.263587942821,31.6167207390013,4.31331229527006
504.829472613209,350.382490081572,4.64142804778806
25.9567203168675,49.7571572682293,3.80999086140777
535.222423803573,150.29361647441,4.49179176640928
NA,NA,NA
660.741630455904,330.639327095565,3.37735697676887
459.102097477848,299.358108468566,3.61484944890243
9.98970812363838,494.439304900959,3.76354867528275
563.456580589105,51.8801183956165,4.08794023676599
69.8455448280457,377.39865055923,3.94646958932047
226.113913834991,417.956859385867,3.91293193344882
426.786061287559,13.3724062763507,3.32725256320562
364.977319880744,292.933203070155,3.0836031295029
605.437887494444,96.6599644138709,4.24975888978502
396.096682160318,230.62743278675,4.10572363086634
571.06467358485,399.135412545547,4.69639945368088
136.621611314187,284.982092449111,4.47595533397884
198.677088941196,368.632285984663,4.01019436877694
124.360758630808,412.701989744864,3.27345838929384
625.369694212806,306.990977393221,4.72338697579761
-2.08008385076062,155.50301781044,4.31199271994449
544.74592217196,205.662137871164,4.16225059533293
32.6434300789489,494.144026470035,2.99653646409418
278.058137492251,22.1676011871126,3.95232195362331
533.574391927398,392.670521321812,3.2632115010743
69.9704364069962,77.181857275722,5.27120000082295
4.73656501562602,76.3506748835567,3.59565550361352
587.144984060461,225.865883382405,4.02329269000541
434.280108256828,454.761721229789,4.83677881157018
658.371525412674,371.850613319617,3.04407898517801
101.659912607709,482.930883333989,4.30759218238928
628.345719195781,95.5705775798515,4.09014496781297
418.521287839143,260.561437864828,3.69027642036495
9.81274038134162,183.169823814037,3.06455068871433
66.1674622192913,123.35921115869,4.55231495832288
622.321281158134,203.059835084376,4.20870480082498
253.419986257763,212.903815961273,3.4467373627765
575.987367015036,436.000569371699,3.73223863950294
295.050666199682,136.424193351494,3.87777648446226
530.970029349453,461.274713281552,3.39333979232171
50.7752504557144,417.310232821311,4.39361697177245
198.963063691463,291.199036315888,4.15886688946163
560.10508514231,255.721586911205,3.98176751270346
171.263587942821,31.6167207390013,4.31331229527006
504.829472613209,350.382490081572,4.64142804778806
25.9567203168675,49.7571572682293,3.80999086140777
535.222423803573,150.29361647441,4.49179176640928
NA,NA,NA
660.741630455904,330.639327095565,3.37735697676887
459.102097477848,299.358108468566,3.61484944890243
9.98970812363838,494.439304900959,3.76354867528275
563.456580589105,51.8801183956165,4.08794023676599
69.8455448280457,377.39865055923,3.94646958932047
226.113913834991,417.956859385867,3.91293193344882
426.786061287559,13.3724062763507,3.32725256320562
364.977319880744,292.933203070155,3.0836031295029
605.437887494444,96.6599644138709,4.24975888978502
396.096682160318,230.62743278675,4.10572363086634
571.06467358485,399.135412545547,4.69639945368088
136.621611314187,284.982092449111,4.47595533397884
198.677088941196,368.632285984663,4.01019436877694
124.360758630808,412.701989744864,3.27345838929384
625.369694212806,306.990977393221,4.72338697579761
-2.08008385076062,155.50301781044,4.31199271994449
544.74592217196,205.662137871164,4.16225059533293
32.6434300789489,494.144026470035,2.99653646409418
278.058137492251,22.1676011871126,3.95232195362331
533.574391927398,392.670521321812,3.2632115010743
69.9704364069962,77.181857275722,5.27120000082295
4.73656501562602,76.3506748835567,3.59565550361352
587.144984060461,225.865883382405,4.02329269000541
434.280108256828,454.761721229789,4.83677881157018
658.371525412674,371.850613319617,3.04407898517801
101.659912607709,482.930883333989,4.30759218238928
628.345719195781,95.5705775798515,4.09014496781297
418.521287839143,260.561437864828,3.69027642036495
9.81274038134162,183.169823814037,3.06455068871433
66.1674622192913,123.35921115869,4.55231495832288
622.321281158134,203.059835084376,4.20870480082498
253.419986257763,212.903815961273,3.4467373627765
575.987367015036,436.000569371699,3.73223863950294
295.050666199682,136.424193351494,3.87777648446226
530.970029349453,461.274713281552,3.39333979232171
50.7752504557144,417.310232821311,4.39361697177245
198.963063691463,291.199036315888,4.15886688946163
560.10508514231,255.721586911205,3.98176751270346
171.263587942821,31.6167207390013,4.31331229527006
504.829472613209,350.382490081572,4.64142804778806
25.9567203168675,49.7571572682293,3.80999086140777
535.222423803573,150.29361647441,4.49179176640928
NA,NA,NA
660.741630455904,330.639327095565,3.37735697676887
459.102097477848,299.358108468566,3.61484944890243
9.98970812363838,494.439304900959,3.76354867528275
563.456580589105,51.8801183956165,4.08794023676599
69.8455448280457,377.39865055923,3.94646958932047
226.113913834991,417.956859385867,3.91293193344882
426.786061287559,13.3724062763507,3.32725256320562
364.977319880744,292.933203070155,3.0836031295029
605.437887494444,96.6599644138709,4.24975888978502
396.096682160318,230.62743278675,4.10572363086634
571.06467358485,399.135412545547,4.69639945368088
136.621611314187,284.982092449111,4.47595533397884
198.677088941196,368.632285984663,4.01019436877694
124.360758630808,412.701989744864,3.27345838929384
625.369694212806,306.990977393221,4.72338697579761
-2.08008385076062,155.50301781044,4.31199271994449
544.74592217196,205.662137871164,4.16225059533293
32.6434300789489,494.144026470035,2.99653646409418
278.058137492251,22.1676011871126,3.95232195362331
533.574391927398,392.670521321812,3.2632115010743
69.9704364069962,77.181857275722,5.27120000082295
4.73656501562602,76.3506748835567,3.59565550361352
587.144984060461,225.865883382405,4.02329269000541
434.280108256828,454.761721229789,4.83677881157018
658.371525412674,371.850613319617,3.04407898517801
101.659912607709,482.930883333989,4.30759218238928
628.345719195781,95.5705775798515,4.09014496781297
418.521287839143,260.561437864828,3.69027642036495
9.81274038134162,183.169823814037,3.06455068871433
66.1674622192913,123.35921115869,4.55231495832288
622.321281158134,203.059835084376,4.20870480082498
253.419986257763,212.903815961273,3.4467373627765
575.987367015036,436.000569371699,3.73223863950294
295.050666199682,136.424193351494,3.87777648446226
530.970029349453,461.274713281552,3.39333979232171
50.7752504557144,417.310232821311,4.39361697177245
198.963063691463,291.199036315888,4.15886688946163
560.10508514231,255.721586911205,3.98176751270346
171.263587942821,31.6167207390013,4.31331229527006
504.829472613209,350.382490081572,4.64142804778806
25.9567203168675,49.7571572682293,3.80999086140777
535.222423803573,150.29361647441,4.49179176640928
NA,NA,NA
660.741630455904,330.639327095565,3.37735697676887
459.102097477848,299.358108468566,3.61484944890243
9.98970812363838,494.439304900959,3.76354867528275
563.456580589105,51.8801183956165,4.08794023676599
69.8455448280457,377.39865055923,3.94646958932047
226.113913834991,417.956859385867,3.91293193344882
426.786061287559,13.3724062763507,3.32725256320562
364.977319880744,292.933203070155,3.0836031295029
605.437887494444,96.6599644138709,4.24975888978502
396.096682160318,230.62743278675,4.10572363086634
571.06467358485,399.135412545547,4.69639945368088
136.621611314187,284.982092449111,4.47595533397884
198.677088941196,368.632285984663,4.01019436877694
124.360758630808,412.701989744864,3.27345838929384
625.369694212806,306.990977393221,4.72338697579761
-2.08008385076062,155.50301781044,4.31199271994449
544.74592217196,205.662137871164,4.16225059533293
32.6434300789489,494.144026470035,2.99653646409418
278.058137492251,22.1676011871126,3.95232195362331
533.574391927398,392.670521321812,3.2632115010743
69.9704364069962,77.181857275722,5.27120000082295
4.73656501562602,76.3506748835567,3.59565550361352
587.144984060461,225.865883382405,4.02329269000541
434.280108256828,454.761721229789,4.83677881157018
658.371525412674,371.850613319617,3.04407898517801
101.659912607709,482.930883333989,4.30759218238928
628.345719195781,95.5705775798515,4.09014496781297
418.521287839143,260.561437864828,3.69027642036495
9.81274038134162,183.169823814037,3.06455068871433
66.1674622192913,123.35921115869,4.55231495832288
622.321281158134,203.059835084376,4.20870480082498
253.419986257763,212.903815961273,3.4467373627765
575.987367015036,436.000569371699,3.73223863950294
295.050666199682,136.424193351494,3.87777648446226
530.970029349453,461.274713281552,3.39333979232171
50.7752504557144,417.310232821311,4.39361697177245
198.963063691463,291.199036315888,4.15886688946163
560.10508514231,255.721586911205,3.98176751270346
171.263587942821,31.6167207390013,4.31331229527006
504.829472613209,350.382490081572,4.64142804778806
25.9567203168675,49.7571572682293,3.80999086140777
535.222423803573,150.29361647441,4.49179176640928
NA,NA,NA
661.592874260749,332.484163225758,3.49176166669359
455.857685373676,300.571040177764,3.72954711472227
11.2760110220431,493.718157290804,3.74731160756522
562.523089582184,45.9307855660479,4.17912165362268
73.4212717120298,372.410295109443,4.00349145306003
226.440910915943,417.334009749149,3.84513414506151
427.540649300894,12.1865243767082,3.45718406607249
360.454144523951,290.647190168925,2.96896525996581
609.657600710644,104.18416388172,4.1310371921619
388.919958384365,228.781834817342,4.11228729655592
568.32805610428,406.739410969903,4.68993363999302
139.492136541319,280.260084739959,4.63194170462961
199.019134782888,368.640159307798,3.99457229589255
126.665690781368,408.006941237108,3.42327985789505
631.645623172371,307.935270624326,4.46265532256388
-0.653155268050765,150.768822562426,4.20004396663906
543.502895454645,198.361149554008,4.22488391860684
32.9671962519111,492.258167132049,3.13420598413063
277.864172674769,21.1250552777983,3.91345802660014
532.482308449544,394.240017166724,3.28978503930947
72.5405802932006,74.5806317003632,5.2937136148741
2.02871264487918,77.9364357485012,3.47931982315499
586.314894341857,228.872008995079,3.98698672250484
436.51640080561,460.27430249095,4.7104979382628
658.774427876818,373.17081081663,3.11383377655837
103.912553672233,487.948752948562,4.3261345104557
622.255901723527,90.1034247530737,4.10006303851357
419.059448462823,258.249317155921,3.56264849835282
12.8681820148583,180.591143086711,3.08650072250585
62.9213955845243,109.023605851485,4.46936263540275
606.720658371028,194.620601190423,3.94973520060717
257.215930373388,219.893928628042,4.02167221591862
570.691459466861,440.154071022197,4.10644206094196
297.973935957526,134.250396850427,3.95517728541339
528.614999462315,451.935475631667,3.71403023353862
45.2740428767547,416.140123434251,3.96763162269558
192.384811754334,295.207919480717,4.0293909786359
552.078924440108,266.01584994281,3.79535673257661
181.04032511342,34.9067294183915,4.3889720178174
503.314151341788,345.899799241871,4.67493008357894
32.2128698236519,48.279443016008,4.04383640660617
527.19379675711,149.893536636987,4.48001321465934
NA,NA,NA
661.592874260749,332.484163225758,3.49176166669359
455.857685373676,300.571040177764,3.72954711472227
11.2760110220431,493.718157290804,3.74731160756522
562.523089582184,45.9307855660479,4.17912165362268
73.4212717120298,372.410295109443,4.00349145306003
226.440910915943,417.334009749149,3.84513414506151
427.540649300894,12.1865243767082,3.45718406607249
360.454144523951,290.647190168925,2.96896525996581
609.657600710644,104.18416388172,4.1310371921619
388.919958384365,228.781834817342,4.11228729655592
568.32805610428,406.739410969903,4.68993363999302
139.492136541319,280.260084739959,4.63194170462961
199.019134782888,368.640159307798,3.99457229589255
126.665690781368,408.006941237108,3.42327985789505
631.645623172371,307.935270624326,4.46265532256388
-0.653155268050765,150.768822562426,4.20004396663906
543.502895454645,198.361149554008,4.22488391860684
32.9671962519111,492.258167132049,3.13420598413063
277.864172674769,21.1250552777983,3.91345802660014
532.482308449544,394.240017166724,3.28978503930947
72.5405802932006,74.5806317003632,5.2937136148741
2.02871264487918,77.9364357485012,3.47931982315499
586.314894341857,228.872008995079,3.98698672250484
436.51640080561,460.27430249095,4.7104979382628
658.774427876818,373.17081081663,3.11383377655837
103.912553672233,487.948752948562,4.3261345104557
622.255901723527,90.1034247530737,4.10006303851357
419.059448462823,258.249317155921,3.56264849835282
12.8681820148583,180.591143086711,3.08650072250585
62.9213955845243,109.023605851485,4.46936263540275
606.720658371028,194.620601190423,3.94973520060717
257.215930373388,219.893928628042,4.02167221591862
570.691459466861,440.154071022197,4.10644206094196
297.973935957526,134.250396850427,3.95517728541339
528.614999462315,451.935475631667,3.71403023353862
45.2740428767547,416.140123434251,3.96763162269558
192.384811754334,295.207919480717,4.0293909786359
552.078924440108,266.01584994281,3.79535673257661
181.04032511342,34.9067294183915,4.3889720178174
503.314151341788,345.899799241871,4.67493008357894
32.2128698236519,48.279443016008,4.04383640660617
527.19379675711,149.893536636987,4.48001321465934
NA,NA,NA
661.592874260749,332.484163225758,3.49176166669359
455.857685373676,300.571040177764,3.72954711472227
11.2760110220431,493.718157290804,3.74731160756522
562.523089582184,45.9307855660479,4.17912165362268
73.4212717120298,372.410295109443,4.00349145306003
226.440910915943,417.334009749149,3.84513414506151
427.540649300894,12.1865243767082,3.45718406607249
360.454144523951,290.647190168925,2.96896525996581
609.657600710644,104.18416388172,4.1310371921619
388.919958384365,228.781834817342,4.11228729655592
568.32805610428,406.739410969903,4.68993363999302
139.492136541319,280.260084739959,4.63194170462961
199.019134782888,368.640159307798,3.99457229589255
126.665690781368,408.006941237108,3.42327985789505
631.645623172371,307.935270624326,4.46265532256388
-0.653155268050765,150.768822562426,4.20004396663906
543.502895454645,198.361149554008,4.22488391860684
32.9671962519111,492.258167132049,3.13420598413063
277.864172674769,21.1250552777983,3.91345802660014
532.482308449544,394.240017166724,3.28978503930947
72.5405802932006,74.5806317003632,5.2937136148741
2.02871264487918,77.9364357485012,3.47931982315499
586.314894341857,228.872008995079,3.98698672250484
436.51640080561,460.27430249095,4.7104979382628
658.774427876818,373.17081081663,3.11383377655837
103.912553672233,487.948752948562,4.3261345104557
622.255901723527,90.1034247530737,4.10006303851357
419.059448462823,258.249317155921,3.56264849835282
12.8681820148583,180.591143086711,3.08650072250585
62.9213955845243,109.023605851485,4.46936263540275
606.720658371028,194.620601190423,3.94973520060717
257.215930373388,219.893928628042,4.02167221591862
570.691459466861,440.154071022197,4.10644206094196
297.973935957526,134.250396850427,3.95517728541339
528.614999462315,451.935475631667,3.71403023353862
45.2740428767547,416.140123434251,3.96763162269558
192.384811754334,295.207919480717,4.0293909786359
552.078924440108,266.01584994281,3.79535673257661
181.04032511342,34.9067294183915,4.3889720178174
503.314151341788,345.899799241871,4.67493008357894
32.2128698236519,48.279443016008,4.04383640660617
527.19379675711,149.893536636987,4.48001321465934
NA,NA,NA
661.592874260749,332.484163225758,3.49176166669359
455.857685373676,300.571040177764,3.72954711472227
11.2760110220431,493.718157290804,3.74731160756522
562.523089582184,45.9307855660479,4.17912165362268
73.4212717120298,372.410295109443,4.00349145306003
226.440910915943,417.334009749149,3.84513414506151
427.540649300894,12.1865243767082,3.45718406607249
360.454144523951,290.647190168925,2.96896525996581
609.657600710644,104.18416388172,4.1310371921619
388.919958384365,228.781834817342,4.11228729655592
568.32805610428,406.739410969903,4.68993363999302
139.492136541319,280.260084739959,4.63194170462961
199.019134782888,368.640159307798,3.99457229589255
126.665690781368,408.006941237108,3.42327985789505
631.645623172371,307.935270624326,4.46265532256388
-0.653155268050765,150.768822562426,4.20004396663906
543.502895454645,198.361149554008,4.22488391860684
32.9671962519111,492.258167132049,3.13420598413063
277.864172674769,21.1250552777983,3.91345802660014
532.482308449544,394.240017166724,3.28978503930947
72.5405802932006,74.5806317003632,5.2937136148741
2.02871264487918,77.9364357485012,3.47931982315499
586.314894341857,228.872008995079,3.98698672250484
436.51640080561,460.27430249095,4.7104979382628
658.774427876818,373.17081081663,3.11383377655837
103.912553672233,487.948752948562,4.3261345104557
622.255901723527,90.1034247530737,4.10006303851357
419.059448462823,258.249317155921,3.56264849835282
12.8681820148583,180.591143086711,3.08650072250585
62.9213955845243,109.023605851485,4.46936263540275
606.720658371028,194.620601190423,3.94973520060717
257.215930373388,219.893928628042,4.02167221591862
570.691459466861,440.154071022197,4.10644206094196
297.973935957526,134.250396850427,3.95517728541339
528.614999462315,451.935475631667,3.71403023353862
45.2740428767547,416.140123434251,3.96763162269558
192.384811754334,295.207919480717,4.0293909786359
552.078924440108,266.01584994281,3.79535673257661
181.04032511342,34.9067294183915,4.3889720178174
503.314151341788,345.899799241871,4.67493008357894
32.2128698236519,48.279443016008,4.04383640660617
527.19379675711,149.893536636987,4.48001321465934
NA,NA,NA
661.592874260749,332.484163225758,3.49176166669359
455.857685373676,300.571040177764,3.72954711472227
11.2760110220431,493.718157290804,3.74731160756522
562.523089582184,45.9307855660479,4.17912165362268
73.4212717120298,372.410295109443,4.00349145306003
226.440910915943,417.334009749149,3.84513414506151
427.540649300894,12.1865243767082,3.45718406607249
360.454144523951,290.647190168925,2.96896525996581
609.657600710644,104.18416388172,4.1310371921619
388.919958384365,228.781834817342,4.11228729655592
568.32805610428,406.739410969903,4.68993363999302
139.492136541319,280.260084739959,4.63194170462961
199.019134782888,368.640159307798,3.99457229589255
126.665690781368,408.006941237108,3.42327985789505
631.645623172371,307.935270624326,4.46265532256388
-0.653155268050765,150.768822562426,4.20004396663906
543.502895454645,198.361149554008,4.22488391860684
32.9671962519111,492.258167132049,3.13420598413063
277.864172674769,21.1250552777983,3.91345802660014
532.482308449544,394.240017166724,3.28978503930947
72.5405802932006,74.5806317003632,5.2937136148741
2.02871264487918,77.9364357485012,3.47931982315499
586.314894341857,228.872008995079,3.98698672250484
436.51640080561,460.27430249095,4.7104979382628
658.774427876818,373.17081081663,3.11383377655837
103.912553672233,487.948752948562,4.3261345104557
622.255901723527,90.1034247530737,4.10006303851357
419.059448462823,258.249317155921,3.56264849835282
12.8681820148583,180.591143086711,3.08650072250585
62.9213955845243,109.023605851485,4.46936263540275
606.720658371028,194.620601190423,3.94973520060717
257.215930373388,219.893928628042,4.02167221591862
570.691459466861,440.154071022197,4.10644206094196
297.973935957526,134.250396850427,3.95517728541339
528.614999462315,451.935475631667,3.71403023353862
45.2740428767547,416.140123434251,3.96763162269558
192.384811754334,295.207919480717,4.0293909786359
552.078924440108,266.01584994281,3.79535673257661
181.04032511342,34.9067294183915,4.3889720178174
503.314151341788,345.899799241871,4.67493008357894
32.2128698236519,48.279443016008,4.04383640660617
527.19379675711,149.893536636987,4.48001321465934
NA,NA,NA
661.592874260749,332.484163225758,3.49176166669359
455.857685373676,300.571040177764,3.72954711472227
11.2760110220431,493.718157290804,3.74731160756522
562.523089582184,45.9307855660479,4.17912165362268
73.4212717120298,372.410295109443,4.00349145306003
226.440910915943,417.334009749149,3.84513414506151
427.540649300894,12.1865243767082,3.45718406607249
360.454144523951,290.647190168925,2.96896525996581
609.657600710644,104.18416388172,4.1310371921619
388.919958384365,228.781834817342,4.11228729655592
568.32805610428,406.739410969903,4.68993363999302
139.492136541319,280.260084739959,4.63194170462961
199.019134782888,368.640159307798,3.99457229589255
126.665690781368,408.006941237108,3.42327985789505
631.645623172371,307.935270624326,4.46265532256388
-0.653155268050765,150.768822562426,4.20004396663906
543.502895454645,198.361149554008,4.22488391860684
32.9671962519111,492.258167132049,3.13420598413063
277.864172674769,21.1250552777983,3.91345802660014
532.482308449544,394.240017166724,3.28978503930947
72.5405802932006,74.5806317003632,5.2937136148741
2.02871264487918,77.9364357485012,3.47931982315499
586.314894341857,228.872008995079,3.98698672250484
436.51640080561,460.27430249095,4.7104979382628
658.774427876818,373.17081081663,3.11383377655837
103.912553672233,487.948752948562,4.3261345104557
622.255901723527,90.1034247530737,4.10006303851357
419.059448462823,258.249317155921,3.56264849835282
12.8681820148583,180.591143086711,3.08650072250585
62.9213955845243,109.023605851485,4.46936263540275
606.720658371028,194.620601190423,3.94973520060717
257.215930373388,219.893928628042,4.02167221591862
570.691459466861,440.154071022197,4.10644206094196
297.973935957526,134.250396850427,3.95517728541339
528.614999462315,451.935475631667,3.71403023353862
45.2740428767547,416.140123434251,3.96763162269558
192.384811754334,295.207919480717,4.0293909786359
552.078924440108,266.01584994281,3.79535673257661
181.04032511342,34.9067294183915,4.3889720178174
503.314151341788,345.899799241871,4.67493008357894
32.2128698236519,48.279443016008,4.04383640660617
527.19379675711,149.893536636987,4.48001321465934
NA,NA,NA
661.551347536953,338.680294289967,3.41663603068995
457.605698250784,300.285208339594,3.61527672346926
9.00906498153025,493.462743596484,3.6340987791116
562.105218664616,55.1707909553092,4.15224533402668
71.9527567999112,375.382222826615,3.9770143256103
237.888223478956,416.448075715201,3.78658495521459
428.340505524608,12.2472551166019,3.29840456020828
361.664293322076,291.141648903106,3.05291608766773
607.778681801316,105.891227979263,4.13267142697011
390.167487238711,231.697003197882,4.30837473808876
570.094110347389,408.317680906818,4.68869758674807
147.55876788582,280.374466343259,4.44500230270406
199.505880885973,366.818324383765,3.93461325087327
124.563046126696,413.860736585346,3.51874672851187
625.764912198899,311.551255579992,4.68654936403218
1.49409876165774,150.595449782962,4.3034419495624
538.250441701697,202.8380544334,4.11528737185667
33.3905140939925,491.968253670952,2.99432232189694
277.410086427809,24.2127146008609,3.80474310126052
534.575497244135,393.542880659174,3.31360059885444
80.0370265680253,70.0345802970881,5.18895359902787
2.58156423304213,76.6418289251237,3.44998860556095
587.840420344038,228.845950576537,3.97340621716129
440.89763107,461.566718833632,4.82722063255841
658.171670564469,372.6898450138,3.04460130516578
106.862868185512,480.311153921023,4.41191921626724
620.855483042856,90.7016434493262,4.07534634564662
421.756698756909,259.88135925696,3.7841826968219
9.59400138234636,179.617906568783,3.43062970345923
61.1170405058646,116.32307933904,4.5381735422771
616.95014820882,191.810021492904,3.94771578383363
242.427769645415,217.926192929717,3.36089351913833
565.880953813442,443.287628161198,3.88198284097974
302.79294183078,141.058943896824,3.80921100332014
530.700231943037,455.529372014755,3.57020118825419
42.1599382904181,422.180970746754,3.83955812876276
207.78190803542,292.94465795126,4.00810584652639
551.370687430702,261.859799738975,3.65966713902064
173.182816202228,17.4612744593435,4.57351257626889
509.699289339579,333.463884111256,4.38933719218542
47.635498551702,56.1284692057263,3.55667871862368
538.356354680492,152.682970274329,5.12514307502913
NA,NA,NA
661.551347536953,338.680294289967,3.41663603068995
457.605698250784,300.285208339594,3.61527672346926
9.00906498153025,493.462743596484,3.6340987791116
562.105218664616,55.1707909553092,4.15224533402668
71.9527567999112,375.382222826615,3.9770143256103
237.888223478956,416.448075715201,3.78658495521459
428.340505524608,12.2472551166019,3.29840456020828
361.664293322076,291.141648903106,3.05291608766773
607.778681801316,105.891227979263,4.13267142697011
390.167487238711,231.697003197882,4.30837473808876
570.094110347389,408.317680906818,4.68869758674807
147.55876788582,280.374466343259,4.44500230270406
199.505880885973,366.818324383765,3.93461325087327
124.563046126696,413.860736585346,3.51874672851187
625.764912198899,311.551255579992,4.68654936403218
1.49409876165774,150.595449782962,4.3034419495624
538.250441701697,202.8380544334,4.11528737185667
33.3905140939925,491.968253670952,2.99432232189694
277.410086427809,24.2127146008609,3.80474310126052
534.575497244135,393.542880659174,3.31360059885444
80.0370265680253,70.0345802970881,5.18895359902787
2.58156423304213,76.6418289251237,3.44998860556095
587.840420344038,228.845950576537,3.97340621716129
440.89763107,461.566718833632,4.82722063255841
658.171670564469,372.6898450138,3.04460130516578
106.862868185512,480.311153921023,4.41191921626724
620.855483042856,90.7016434493262,4.07534634564662
421.756698756909,259.88135925696,3.7841826968219
9.59400138234636,179.617906568783,3.43062970345923
61.1170405058646,116.32307933904,4.5381735422771
616.95014820882,191.810021492904,3.94771578383363
242.427769645415,217.926192929717,3.36089351913833
565.880953813442,443.287628161198,3.88198284097974
302.79294183078,141.058943896824,3.80921100332014
530.700231943037,455.529372014755,3.57020118825419
42.1599382904181,422.180970746754,3.83955812876276
207.78190803542,292.94465795126,4.00810584652639
551.370687430702,261.859799738975,3.65966713902064
173.182816202228,17.4612744593435,4.57351257626889
509.699289339579,333.463884111256,4.38933719218542
47.635498551702,56.1284692057263,3.55667871862368
538.356354680492,152.682970274329,5.12514307502913
NA,NA,NA
661.551347536953,338.680294289967,3.41663603068995
457.605698250784,300.285208339594,3.61527672346926
9.00906498153025,493.462743596484,3.6340987791116
562.105218664616,55.1707909553092,4.15224533402668
71.9527567999112,375.382222826615,3.9770143256103
237.888223478956,416.448075715201,3.78658495521459
428.340505524608,12.2472551166019,3.29840456020828
361.664293322076,291.141648903106,3.05291608766773
607.778681801316,105.891227979263,4.13267142697011
390.167487238711,231.697003197882,4.30837473808876
570.094110347389,408.317680906818,4.68869758674807
147.55876788582,280.374466343259,4.44500230270406
199.505880885973,366.818324383765,3.93461325087327
124.563046126696,413.860736585346,3.51874672851187
625.764912198899,311.551255579992,4.68654936403218
1.49409876165774,150.595449782962,4.3034419495624
538.250441701697,202.8380544334,4.11528737185667
33.3905140939925,491.968253670952,2.99432232189694
277.410086427809,24.2127146008609,3.80474310126052
534.575497244135,393.542880659174,3.31360059885444
80.0370265680253,70.0345802970881,5.18895359902787
2.58156423304213,76.6418289251237,3.44998860556095
587.840420344038,228.845950576537,3.97340621716129
440.89763107,461.566718833632,4.82722063255841
658.171670564469,372.6898450138,3.04460130516578
106.862868185512,480.311153921023,4.41191921626724
620.855483042856,90.7016434493262,4.07534634564662
421.756698756909,259.88135925696,3.7841826968219
9.59400138234636,179.617906568783,3.43062970345923
61.1170405058646,116.32307933904,4.5381735422771
616.95014820882,191.810021492904,3.94771578383363
242.427769645415,217.926192929717,3.36089351913833
565.880953813442,443.287628161198,3.88198284097974
302.79294183078,141.058943896824,3.80921100332014
530.700231943037,455.529372014755,3.57020118825419
42.1599382904181,422.180970746754,3.83955812876276
207.78190803542,292.94465795126,4.00810584652639
551.370687430702,261.859799738975,3.65966713902064
173.182816202228,17.4612744593435,4.57351257626889
509.699289339579,333.463884111256,4.38933719218542
47.635498551702,56.1284692057263,3.55667871862368
538.356354680492,152.682970274329,5.12514307502913
NA,NA,NA
661.551347536953,338.680294289967,3.41663603068995
457.605698250784,300.285208339594,3.61527672346926
9.00906498153025,493.462743596484,3.6340987791116
562.105218664616,55.1707909553092,4.15224533402668
71.9527567999112,375.382222826615,3.9770143256103
237.888223478956,416.448075715201,3.78658495521459
428.340505524608,12.2472551166019,3.29840456020828
361.664293322076,291.141648903106,3.05291608766773
607.778681801316,105.891227979263,4.13267142697011
390.167487238711,231.697003197882,4.30837473808876
570.094110347389,408.317680906818,4.68869758674807
147.55876788582,280.374466343259,4.44500230270406
199.505880885973,366.818324383765,3.93461325087327
124.563046126696,413.860736585346,3.51874672851187
625.764912198899,311.551255579992,4.68654936403218
1.49409876165774,150.595449782962,4.3034419495624
538.250441701697,202.8380544334,4.11528737185667
33.3905140939925,491.968253670952,2.99432232189694
277.410086427809,24.2127146008609,3.80474310126052
534.575497244135,393.542880659174,3.31360059885444
80.0370265680253,70.0345802970881,5.18895359902787
2.58156423304213,76.6418289251237,3.44998860556095
587.840420344038,228.845950576537,3.97340621716129
440.89763107,461.566718833632,4.82722063255841
658.171670564469,372.6898450138,3.04460130516578
106.862868185512,480.311153921023,4.41191921626724
620.855483042856,90.7016434493262,4.07534634564662
421.756698756909,259.88135925696,3.7841826968219
9.59400138234636,179.617906568783,3.43062970345923
61.1170405058646,116.32307933904,4.5381735422771
616.95014820882,191.810021492904,3.94771578383363
242.427769645415,217.926192929717,3.36089351913833
565.880953813442,443.287628161198,3.88198284097974
302.79294183078,141.058943896824,3.80921100332014
530.700231943037,455.529372014755,3.57020118825419
42.1599382904181,422.180970746754,3.83955812876276
207.78190803542,292.94465795126,4.00810584652639
551.370687430702,261.859799738975,3.65966713902064
173.182816202228,17.4612744593435,4.57351257626889
509.699289339579,333.463884111256,4.38933719218542
47.635498551702,56.1284692057263,3.55667871862368
538.356354680492,152.682970274329,5.12514307502913
NA,NA,NA
661.551347536953,338.680294289967,3.41663603068995
457.605698250784,300.285208339594,3.61527672346926
9.00906498153025,493.462743596484,3.6340987791116
562.105218664616,55.1707909553092,4.15224533402668
71.9527567999112,375.382222826615,3.9770143256103
237.888223478956,416.448075715201,3.78658495521459
428.340505524608,12.2472551166019,3.29840456020828
361.664293322076,291.141648903106,3.05291608766773
607.778681801316,105.891227979263,4.13267142697011
390.167487238711,231.697003197882,4.30837473808876
570.094110347389,408.317680906818,4.68869758674807
147.55876788582,280.374466343259,4.44500230270406
199.505880885973,366.818324383765,3.93461325087327
124.563046126696,413.860736585346,3.51874672851187
625.764912198899,311.551255579992,4.68654936403218
1.49409876165774,150.595449782962,4.3034419495624
538.250441701697,202.8380544334,4.11528737185667
33.3905140939925,491.968253670952,2.99432232189694
277.410086427809,24.2127146008609,3.80474310126052
534.575497244135,393.542880659174,3.31360059885444
80.0370265680253,70.0345802970881,5.18895359902787
2.58156423304213,76.6418289251237,3.44998860556095
587.840420344038,228.845950576537,3.97340621716129
440.89763107,461.566718833632,4.82722063255841
658.171670564469,372.6898450138,3.04460130516578
106.862868185512,480.311153921023,4.41191921626724
620.855483042856,90.7016434493262,4.07534634564662
421.756698756909,259.88135925696,3.7841826968219
9.59400138234636,179.617906568783,3.43062970345923
61.1170405058646,116.32307933904,4.5381735422771
616.95014820882,191.810021492904,3.94771578383363
242.427769645415,217.926192929717,3.36089351913833
565.880953813442,443.287628161198,3.88198284097974
302.79294183078,141.058943896824,3.80921100332014
530.700231943037,455.529372014755,3.57020118825419
42.1599382904181,422.180970746754,3.83955812876276
207.78190803542,292.94465795126,4.00810584652639
551.370687430702,261.859799738975,3.65966713902064
173.182816202228,17.4612744593435,4.57351257626889
509.699289339579,333.463884111256,4.38933719218542
47.635498551702,56.1284692057263,3.55667871862368
538.356354680492,152.682970274329,5.12514307502913
NA,NA,NA
661.551347536953,338.680294289967,3.41663603068995
457.605698250784,300.285208339594,3.61527672346926
9.00906498153025,493.462743596484,3.6340987791116
562.105218664616,55.1707909553092,4.15224533402668
71.9527567999112,375.382222826615,3.9770143256103
237.888223478956,416.448075715201,3.78658495521459
428.340505524608,12.2472551166019,3.29840456020828
361.664293322076,291.141648903106,3.05291608766773
607.778681801316,105.891227979263,4.13267142697011
390.167487238711,231.697003197882,4.30837473808876
570.094110347389,408.317680906818,4.68869758674807
147.55876788582,280.374466343259,4.44500230270406
199.505880885973,366.818324383765,3.93461325087327
124.563046126696,413.860736585346,3.51874672851187
625.764912198899,311.551255579992,4.68654936403218
1.49409876165774,150.595449782962,4.3034419495624
538.250441701697,202.8380544334,4.11528737185667
33.3905140939925,491.968253670952,2.99432232189694
277.410086427809,24.2127146008609,3.80474310126052
534.575497244135,393.542880659174,3.31360059885444
80.0370265680253,70.0345802970881,5.18895359902787
2.58156423304213,76.6418289251237,3.44998860556095
587.840420344038,228.845950576537,3.97340621716129
440.89763107,461.566718833632,4.82722063255841
658.171670564469,372.6898450138,3.04460130516578
106.862868185512,480.311153921023,4.41191921626724
620.855483042856,90.7016434493262,4.07534634564662
421.756698756909,259.88135925696,3.7841826968219
9.59400138234636,179.617906568783,3.43062970345923
61.1170405058646,116.32307933904,4.5381735422771
616.95014820882,191.810021492904,3.94771578383363
242.427769645415,217.926192929717,3.36089351913833
565.880953813442,443.287628161198,3.88198284097974
302.79294183078,141.058943896824,3.80921100332014
530.700231943037,455.529372014755,3.57020118825419
42.1599382904181,422.180970746754,3.83955812876276
207.78190803542,292.94465795126,4.00810584652639
551.370687430702,261.859799738975,3.65966713902064
173.182816202228,17.4612744593435,4.57351257626889
509.699289339579,333.463884111256,4.38933719218542
47.635498551702,56.1284692057263,3.55667871862368
538.356354680492,152.682970274329,5.12514307502913
NA,NA,NA
661.66853459278,338.857095078007,3.55681208721088
455.644822072034,301.07019180442,3.71143523290769
10.3989167114258,495.057333743985,3.63849226525753
558.226214903298,48.2710240432396,4.24230622781705
68.3533727058486,372.888634238959,3.97546603658508
229.099508688389,418.339891881985,3.87268961112674
429.583467422674,12.6171690034378,3.36304565743204
358.343672776077,297.083721492177,2.86849480045644
603.629233606368,106.648524441054,4.20972303645641
395.23500833905,228.944400483987,4.32369010167138
571.22026201531,405.746141015901,4.74681430769898
138.201432950175,278.386051585902,4.62804225162069
200.742972515544,365.266012581071,4.08698756985889
126.885047412541,408.423065604249,3.44851367925384
625.698270945602,310.5247741073,4.56280054364752
-3.55085452642702,146.222176321099,4.38457357654448
541.368830915342,201.558837272336,4.16346550703765
36.6053370995623,490.97037954083,2.89357767558818
280.844479322345,21.2961386378732,3.85961319729835
532.005457039816,392.940304750439,3.41234072067683
79.9727489781887,82.2700404675382,5.26955071245944
3.56230078506902,76.1770257646255,3.36902847726133
592.614018002341,224.866583981326,3.87005339984873
445.415068832836,460.53408756704,4.73552936732598
654.726728788672,374.784097427145,3.04880764441399
109.867195642496,493.760264431115,4.4307515923579
627.909109605583,86.9140650436257,4.06234939815034
419.624971652251,257.987255251327,3.6313498457436
11.9162629086006,179.893602098502,3.33763934503632
61.8884727228696,116.68068437427,4.36014753292833
596.388570521461,199.099858717953,4.32229659974751
252.918975303322,216.908872765748,3.53563290612846
565.781136219,431.59039766833,3.91382474950556
296.307022099071,133.59646486513,3.9257472466566
529.830380508924,451.511506851325,3.72316299271515
53.8192512094639,418.021167187327,3.91696059485393
194.113035059337,283.458406374312,4.32355156091303
549.414523854123,264.678631648884,3.7875754111469
170.315037107437,36.8590778137204,4.13027201461128
501.935222259362,343.107600915301,4.45096490791278
44.3287807078104,48.9339368085961,3.53808046549401
504.044239673121,156.835497678679,4.72990067842078
NA,NA,NA
661.66853459278,338.857095078007,3.55681208721088
455.644822072034,301.07019180442,3.71143523290769
10.3989167114258,495.057333743985,3.63849226525753
558.226214903298,48.2710240432396,4.24230622781705
68.3533727058486,372.888634238959,3.97546603658508
229.099508688389,418.339891881985,3.87268961112674
429.583467422674,12.6171690034378,3.36304565743204
358.343672776077,297.083721492177,2.86849480045644
603.629233606368,106.648524441054,4.20972303645641
395.23500833905,228.944400483987,4.32369010167138
571.22026201531,405.746141015901,4.74681430769898
138.201432950175,278.386051585902,4.62804225162069
200.742972515544,365.266012581071,4.08698756985889
126.885047412541,408.423065604249,3.44851367925384
625.698270945602,310.5247741073,4.56280054364752
-3.55085452642702,146.222176321099,4.38457357654448
541.368830915342,201.558837272336,4.16346550703765
36.6053370995623,490.97037954083,2.89357767558818
280.844479322345,21.2961386378732,3.85961319729835
532.005457039816,392.940304750439,3.41234072067683
79.9727489781887,82.2700404675382,5.26955071245944
3.56230078506902,76.1770257646255,3.36902847726133
592.614018002341,224.866583981326,3.87005339984873
445.415068832836,460.53408756704,4.73552936732598
654.726728788672,374.784097427145,3.04880764441399
109.867195642496,493.760264431115,4.4307515923579
627.909109605583,86.9140650436257,4.06234939815034
419.624971652251,257.987255251327,3.6313498457436
11.9162629086006,179.893602098502,3.33763934503632
61.8884727228696,116.68068437427,4.36014753292833
596.388570521461,199.099858717953,4.32229659974751
252.918975303322,216.908872765748,3.53563290612846
565.781136219,431.59039766833,3.91382474950556
296.307022099071,133.59646486513,3.9257472466566
529.830380508924,451.511506851325,3.72316299271515
53.8192512094639,418.021167187327,3.91696059485393
194.113035059337,283.458406374312,4.32355156091303
549.414523854123,264.678631648884,3.7875754111469
170.315037107437,36.8590778137204,4.13027201461128
501.935222259362,343.107600915301,4.45096490791278
44.3287807078104,48.9339368085961,3.53808046549401
504.044239673121,156.835497678679,4.72990067842078
NA,NA,NA
661.66853459278,338.857095078007,3.55681208721088
455.644822072034,301.07019180442,3.71143523290769
10.3989167114258,495.057333743985,3.63849226525753
558.226214903298,48.2710240432396,4.24230622781705
68.3533727058486,372.888634238959,3.97546603658508
229.099508688389,418.339891881985,3.87268961112674
429.583467422674,12.6171690034378,3.36304565743204
358.343672776077,297.083721492177,2.86849480045644
603.629233606368,106.648524441054,4.20972303645641
395.23500833905,228.944400483987,4.32369010167138
571.22026201531,405.746141015901,4.74681430769898
138.201432950175,278.386051585902,4.62804225162069
200.742972515544,365.266012581071,4.08698756985889
126.885047412541,408.423065604249,3.44851367925384
625.698270945602,310.5247741073,4.56280054364752
-3.55085452642702,146.222176321099,4.38457357654448
541.368830915342,201.558837272336,4.16346550703765
36.6053370995623,490.97037954083,2.89357767558818
280.844479322345,21.2961386378732,3.85961319729835
532.005457039816,392.940304750439,3.41234072067683
79.9727489781887,82.2700404675382,5.26955071245944
3.56230078506902,76.1770257646255,3.36902847726133
592.614018002341,224.866583981326,3.87005339984873
445.415068832836,460.53408756704,4.73552936732598
654.726728788672,374.784097427145,3.04880764441399
109.867195642496,493.760264431115,4.4307515923579
627.909109605583,86.9140650436257,4.06234939815034
419.624971652251,257.987255251327,3.6313498457436
11.9162629086006,179.893602098502,3.33763934503632
61.8884727228696,116.68068437427,4.36014753292833
596.388570521461,199.099858717953,4.32229659974751
252.918975303322,216.908872765748,3.53563290612846
565.781136219,431.59039766833,3.91382474950556
296.307022099071,133.59646486513,3.9257472466566
529.830380508924,451.511506851325,3.72316299271515
53.8192512094639,418.021167187327,3.91696059485393
194.113035059337,283.458406374312,4.32355156091303
549.414523854123,264.678631648884,3.7875754111469
170.315037107437,36.8590778137204,4.13027201461128
501.935222259362,343.107600915301,4.45096490791278
44.3287807078104,48.9339368085961,3.53808046549401
504.044239673121,156.835497678679,4.72990067842078
NA,NA,NA
661.66853459278,338.857095078007,3.55681208721088
455.644822072034,301.07019180442,3.71143523290769
10.3989167114258,495.057333743985,3.63849226525753
558.226214903298,48.2710240432396,4.24230622781705
68.3533727058486,372.888634238959,3.97546603658508
229.099508688389,418.339891881985,3.87268961112674
429.583467422674,12.6171690034378,3.36304565743204
358.343672776077,297.083721492177,2.86849480045644
603.629233606368,106.648524441054,4.20972303645641
395.23500833905,228.944400483987,4.32369010167138
571.22026201531,405.746141015901,4.74681430769898
138.201432950175,278.386051585902,4.62804225162069
200.742972515544,365.266012581071,4.08698756985889
126.885047412541,408.423065604249,3.44851367925384
625.698270945602,310.5247741073,4.56280054364752
-3.55085452642702,146.222176321099,4.38457357654448
541.368830915342,201.558837272336,4.16346550703765
36.6053370995623,490.97037954083,2.89357767558818
280.844479322345,21.2961386378732,3.85961319729835
532.005457039816,392.940304750439,3.41234072067683
79.9727489781887,82.2700404675382,5.26955071245944
3.56230078506902,76.1770257646255,3.36902847726133
592.614018002341,224.866583981326,3.87005339984873
445.415068832836,460.53408756704,4.73552936732598
654.726728788672,374.784097427145,3.04880764441399
109.867195642496,493.760264431115,4.4307515923579
627.909109605583,86.9140650436257,4.06234939815034
419.624971652251,257.987255251327,3.6313498457436
11.9162629086006,179.893602098502,3.33763934503632
61.8884727228696,116.68068437427,4.36014753292833
596.388570521461,199.099858717953,4.32229659974751
252.918975303322,216.908872765748,3.53563290612846
565.781136219,431.59039766833,3.91382474950556
296.307022099071,133.59646486513,3.9257472466566
529.830380508924,451.511506851325,3.72316299271515
53.8192512094639,418.021167187327,3.91696059485393
194.113035059337,283.458406374312,4.32355156091303
549.414523854123,264.678631648884,3.7875754111469
170.315037107437,36.8590778137204,4.13027201461128
501.935222259362,343.107600915301,4.45096490791278
44.3287807078104,48.9339368085961,3.53808046549401
504.044239673121,156.835497678679,4.72990067842078
NA,NA,NA
661.66853459278,338.857095078007,3.55681208721088
455.644822072034,301.07019180442,3.71143523290769
10.3989167114258,495.057333743985,3.63849226525753
558.226214903298,48.2710240432396,4.24230622781705
68.3533727058486,372.888634238959,3.97546603658508
229.099508688389,418.339891881985,3.87268961112674
429.583467422674,12.6171690034378,3.36304565743204
358.343672776077,297.083721492177,2.86849480045644
603.629233606368,106.648524441054,4.20972303645641
395.23500833905,228.944400483987,4.32369010167138
571.22026201531,405.746141015901,4.74681430769898
138.201432950175,278.386051585902,4.62804225162069
200.742972515544,365.266012581071,4.08698756985889
126.885047412541,408.423065604249,3.44851367925384
625.698270945602,310.5247741073,4.56280054364752
-3.55085452642702,146.222176321099,4.38457357654448
541.368830915342,201.558837272336,4.16346550703765
36.6053370995623,490.97037954083,2.89357767558818
280.844479322345,21.2961386378732,3.85961319729835
532.005457039816,392.940304750439,3.41234072067683
79.9727489781887,82.2700404675382,5.26955071245944
3.56230078506902,76.1770257646255,3.36902847726133
592.614018002341,224.866583981326,3.87005339984873
445.415068832836,460.53408756704,4.73552936732598
654.726728788672,374.784097427145,3.04880764441399
109.867195642496,493.760264431115,4.4307515923579
627.909109605583,86.9140650436257,4.06234939815034
419.624971652251,257.987255251327,3.6313498457436
11.9162629086006,179.893602098502,3.33763934503632
61.8884727228696,116.68068437427,4.36014753292833
596.388570521461,199.099858717953,4.32229659974751
252.918975303322,216.908872765748,3.53563290612846
565.781136219,431.59039766833,3.91382474950556
296.307022099071,133.59646486513,3.9257472466566
529.830380508924,451.511506851325,3.72316299271515
53.8192512094639,418.021167187327,3.91696059485393
194.113035059337,283.458406374312,4.32355156091303
549.414523854123,264.678631648884,3.7875754111469
170.315037107437,36.8590778137204,4.13027201461128
501.935222259362,343.107600915301,4.45096490791278
44.3287807078104,48.9339368085961,3.53808046549401
504.044239673121,156.835497678679,4.72990067842078
NA,NA,NA
661.66853459278,338.857095078007,3.55681208721088
455.644822072034,301.07019180442,3.71143523290769
10.3989167114258,495.057333743985,3.63849226525753
558.226214903298,48.2710240432396,4.24230622781705
68.3533727058486,372.888634238959,3.97546603658508
229.099508688389,418.339891881985,3.87268961112674
429.583467422674,12.6171690034378,3.36304565743204
358.343672776077,297.083721492177,2.86849480045644
603.629233606368,106.648524441054,4.20972303645641
395.23500833905,228.944400483987,4.32369010167138
571.22026201531,405.746141015901,4.74681430769898
138.201432950175,278.386051585902,4.62804225162069
200.742972515544,365.266012581071,4.08698756985889
126.885047412541,408.423065604249,3.44851367925384
625.698270945602,310.5247741073,4.56280054364752
-3.55085452642702,146.222176321099,4.38457357654448
541.368830915342,201.558837272336,4.16346550703765
36.6053370995623,490.97037954083,2.89357767558818
280.844479322345,21.2961386378732,3.85961319729835
532.005457039816,392.940304750439,3.41234072067683
79.9727489781887,82.2700404675382,5.26955071245944
3.56230078506902,76.1770257646255,3.36902847726133
592.614018002341,224.866583981326,3.87005339984873
445.415068832836,460.53408756704,4.73552936732598
654.726728788672,374.784097427145,3.04880764441399
109.867195642496,493.760264431115,4.4307515923579
627.909109605583,86.9140650436257,4.06234939815034
419.624971652251,257.987255251327,3.6313498457436
11.9162629086006,179.893602098502,3.33763934503632
61.8884727228696,116.68068437427,4.36014753292833
596.388570521461,199.099858717953,4.32229659974751
252.918975303322,216.908872765748,3.53563290612846
565.781136219,431.59039766833,3.91382474950556
296.307022099071,133.59646486513,3.9257472466566
529.830380508924,451.511506851325,3.72316299271515
53.8192512094639,418.021167187327,3.91696059485393
194.113035059337,283.458406374312,4.32355156091303
549.414523854123,264.678631648884,3.7875754111469
170.315037107437,36.8590778137204,4.13027201461128
501.935222259362,343.107600915301,4.45096490791278
44.3287807078104,48.9339368085961,3.53808046549401
504.044239673121,156.835497678679,4.72990067842078
NA,NA,NA
660.081178914903,333.09855790014,3.53353213141241
456.33722665,297.785406532071,3.62335493317062
9.85443787650923,496.404593021973,3.56796655118512
557.128029423066,53.7019350905166,4.13248748608832
68.9196331891571,378.087381943349,3.92392878398266
229.235005594876,412.946577122144,3.88679090981736
425.81232064759,14.1430743573478,3.34681739806779
362.621004892231,292.494593258546,3.01547164299657
603.129647237097,106.923751197469,4.21931492792306
392.633366638491,231.992531089339,4.18886830268709
568.956345711752,406.464501683935,4.7733886002347
139.428629214135,283.903365171454,4.55236765786973
199.198408122724,366.758583076435,4.0393033246648
123.422890032958,411.010178461849,3.39744947444042
628.410358776821,308.917866013781,4.66047025733904
3.39708016134174,146.228302743867,4.25798528142099
545.251543587883,205.018499629244,4.31292923118223
35.3257655498786,493.191224334058,2.97103805559804
277.995109650778,23.0570180525289,3.89714465337879
533.298999207997,392.867723712641,3.41484865619823
67.222162568565,72.4517652028055,5.132931774866
3.39374655718111,75.3388252260729,3.53932302653995
584.099786837305,231.729451912689,4.03127064700496
440.207744740143,458.907678661193,4.76866507201339
659.97594155774,375.857997342604,2.9319162111857
103.789712735718,482.848841695524,4.33325434694439
621.740015715996,87.2426549074204,4.09329495567542
417.995220332979,259.848265705792,3.55341447039751
11.0030568809269,181.151201591277,3.34762142947516
46.5982308316209,113.982574904879,4.64844121625021
605.307791834252,185.397931104885,4.16587238968428
248.252316418254,219.713097581536,3.71374262301982
571.854687354074,433.142965033306,3.83277568245755
302.954748021752,140.781981544204,3.93435911971105
527.660334734826,470.263524138469,3.69699479252767
50.3551412119691,415.367915668906,3.72811728040114
204.700410962008,287.326335238416,3.86538869370665
549.397052139226,267.705426930283,3.80870866108667
163.172321074924,23.0308577123252,4.1650854808319
494.60336491416,344.54945816635,4.27376274195047
26.3514070122538,58.4455981045783,3.54251597081051
541.380126829258,139.304356390048,4.4251245449673
NA,NA,NA
660.081178914903,333.09855790014,3.53353213141241
456.33722665,297.785406532071,3.62335493317062
9.85443787650923,496.404593021973,3.56796655118512
557.128029423066,53.7019350905166,4.13248748608832
68.9196331891571,378.087381943349,3.92392878398266
229.235005594876,412.946577122144,3.88679090981736
425.81232064759,14.1430743573478,3.34681739806779
362.621004892231,292.494593258546,3.01547164299657
603.129647237097,106.923751197469,4.21931492792306
392.633366638491,231.992531089339,4.18886830268709
568.956345711752,406.464501683935,4.7733886002347
139.428629214135,283.903365171454,4.55236765786973
199.198408122724,366.758583076435,4.0393033246648
123.422890032958,411.010178461849,3.39744947444042
628.410358776821,308.917866013781,4.66047025733904
3.39708016134174,146.228302743867,4.25798528142099
545.251543587883,205.018499629244,4.31292923118223
35.3257655498786,493.191224334058,2.97103805559804
277.995109650778,23.0570180525289,3.89714465337879
533.298999207997,392.867723712641,3.41484865619823
67.222162568565,72.4517652028055,5.132931774866
3.39374655718111,75.3388252260729,3.53932302653995
584.099786837305,231.729451912689,4.03127064700496
440.207744740143,458.907678661193,4.76866507201339
659.97594155774,375.857997342604,2.9319162111857
103.789712735718,482.848841695524,4.33325434694439
621.740015715996,87.2426549074204,4.09329495567542
417.995220332979,259.848265705792,3.55341447039751
11.0030568809269,181.151201591277,3.34762142947516
46.5982308316209,113.982574904879,4.64844121625021
605.307791834252,185.397931104885,4.16587238968428
248.252316418254,219.713097581536,3.71374262301982
571.854687354074,433.142965033306,3.83277568245755
302.954748021752,140.781981544204,3.93435911971105
527.660334734826,470.263524138469,3.69699479252767
50.3551412119691,415.367915668906,3.72811728040114
204.700410962008,287.326335238416,3.86538869370665
549.397052139226,267.705426930283,3.80870866108667
163.172321074924,23.0308577123252,4.1650854808319
494.60336491416,344.54945816635,4.27376274195047
26.3514070122538,58.4455981045783,3.54251597081051
541.380126829258,139.304356390048,4.4251245449673
NA,NA,NA
660.081178914903,333.09855790014,3.53353213141241
456.33722665,297.785406532071,3.62335493317062
9.85443787650923,496.404593021973,3.56796655118512
557.128029423066,53.7019350905166,4.13248748608832
68.9196331891571,378.087381943349,3.92392878398266
229.235005594876,412.946577122144,3.88679090981736
425.81232064759,14.1430743573478,3.34681739806779
362.621004892231,292.494593258546,3.01547164299657
603.129647237097,106.923751197469,4.21931492792306
392.633366638491,231.992531089339,4.18886830268709
568.956345711752,406.464501683935,4.7733886002347
139.428629214135,283.903365171454,4.55236765786973
199.198408122724,366.758583076435,4.0393033246648
123.422890032958,411.010178461849,3.39744947444042
628.410358776821,308.917866013781,4.66047025733904
3.39708016134174,146.228302743867,4.25798528142099
545.251543587883,205.018499629244,4.31292923118223
35.3257655498786,493.191224334058,2.97103805559804
277.995109650778,23.0570180525289,3.89714465337879
533.298999207997,392.867723712641,3.41484865619823
67.222162568565,72.4517652028055,5.132931774866
3.39374655718111,75.3388252260729,3.53932302653995
584.099786837305,231.729451912689,4.03127064700496
440.207744740143,458.907678661193,4.76866507201339
659.97594155774,375.857997342604,2.9319162111857
103.789712735718,482.848841695524,4.33325434694439
621.740015715996,87.2426549074204,4.09329495567542
417.995220332979,259.848265705792,3.55341447039751
11.0030568809269,181.151201591277,3.34762142947516
46.5982308316209,113.982574904879,4.64844121625021
605.307791834252,185.397931104885,4.16587238968428
248.252316418254,219.713097581536,3.71374262301982
571.854687354074,433.142965033306,3.83277568245755
302.954748021752,140.781981544204,3.93435911971105
527.660334734826,470.263524138469,3.69699479252767
50.3551412119691,415.367915668906,3.72811728040114
204.700410962008,287.326335238416,3.86538869370665
549.397052139226,267.705426930283,3.80870866108667
163.172321074924,23.0308577123252,4.1650854808319
494.60336491416,344.54945816635,4.27376274195047
26.3514070122538,58.4455981045783,3.54251597081051
541.380126829258,139.304356390048,4.4251245449673
NA,NA,NA
660.081178914903,333.09855790014,3.53353213141241
456.33722665,297.785406532071,3.62335493317062
9.85443787650923,496.404593021973,3.56796655118512
557.128029423066,53.7019350905166,4.13248748608832
68.9196331891571,378.087381943349,3.92392878398266
229.235005594876,412.946577122144,3.88679090981736
425.81232064759,14.1430743573478,3.34681739806779
362.621004892231,292.494593258546,3.01547164299657
603.129647237097,106.923751197469,4.21931492792306
392.633366638491,231.992531089339,4.18886830268709
568.956345711752,406.464501683935,4.7733886002347
139.428629214135,283.903365171454,4.55236765786973
199.198408122724,366.758583076435,4.0393033246648
123.422890032958,411.010178461849,3.39744947444042
628.410358776821,308.917866013781,4.66047025733904
3.39708016134174,146.228302743867,4.25798528142099
545.251543587883,205.018499629244,4.31292923118223
35.3257655498786,493.191224334058,2.97103805559804
277.995109650778,23.0570180525289,3.89714465337879
533.298999207997,392.867723712641,3.41484865619823
67.222162568565,72.4517652028055,5.132931774866
3.39374655718111,75.3388252260729,3.53932302653995
584.099786837305,231.729451912689,4.03127064700496
440.207744740143,458.907678661193,4.76866507201339
659.97594155774,375.857997342604,2.9319162111857
103.789712735718,482.848841695524,4.33325434694439
621.740015715996,87.2426549074204,4.09329495567542
417.995220332979,259.848265705792,3.55341447039751
11.0030568809269,181.151201591277,3.34762142947516
46.5982308316209,113.982574904879,4.64844121625021
605.307791834252,185.397931104885,4.16587238968428
248.252316418254,219.713097581536,3.71374262301982
571.854687354074,433.142965033306,3.83277568245755
302.954748021752,140.781981544204,3.93435911971105
527.660334734826,470.263524138469,3.69699479252767
50.3551412119691,415.367915668906,3.72811728040114
204.700410962008,287.326335238416,3.86538869370665
549.397052139226,267.705426930283,3.80870866108667
163.172321074924,23.0308577123252,4.1650854808319
494.60336491416,344.54945816635,4.27376274195047
26.3514070122538,58.4455981045783,3.54251597081051
541.380126829258,139.304356390048,4.4251245449673
NA,NA,NA
660.081178914903,333.09855790014,3.53353213141241
456.33722665,297.785406532071,3.62335493317062
9.85443787650923,496.404593021973,3.56796655118512
557.128029423066,53.7019350905166,4.13248748608832
68.9196331891571,378.087381943349,3.92392878398266
229.235005594876,412.946577122144,3.88679090981736
425.81232064759,14.1430743573478,3.34681739806779
362.621004892231,292.494593258546,3.01547164299657
603.129647237097,106.923751197469,4.21931492792306
392.633366638491,231.992531089339,4.18886830268709
568.956345711752,406.464501683935,4.7733886002347
139.428629214135,283.903365171454,4.55236765786973
199.198408122724,366.758583076435,4.0393033246648
123.422890032958,411.010178461849,3.39744947444042
628.410358776821,308.917866013781,4.66047025733904
3.39708016134174,146.228302743867,4.25798528142099
545.251543587883,205.018499629244,4.31292923118223
35.3257655498786,493.191224334058,2.97103805559804
277.995109650778,23.0570180525289,3.89714465337879
533.298999207997,392.867723712641,3.41484865619823
67.222162568565,72.4517652028055,5.132931774866
3.39374655718111,75.3388252260729,3.53932302653995
584.099786837305,231.729451912689,4.03127064700496
440.207744740143,458.907678661193,4.76866507201339
659.97594155774,375.857997342604,2.9319162111857
103.789712735718,482.848841695524,4.33325434694439
621.740015715996,87.2426549074204,4.09329495567542
417.995220332979,259.848265705792,3.55341447039751
11.0030568809269,181.151201591277,3.34762142947516
46.5982308316209,113.982574904879,4.64844121625021
605.307791834252,185.397931104885,4.16587238968428
248.252316418254,219.713097581536,3.71374262301982
571.854687354074,433.142965033306,3.83277568245755
302.954748021752,140.781981544204,3.93435911971105
527.660334734826,470.263524138469,3.69699479252767
50.3551412119691,415.367915668906,3.72811728040114
204.700410962008,287.326335238416,3.86538869370665
549.397052139226,267.705426930283,3.80870866108667
163.172321074924,23.0308577123252,4.1650854808319
494.60336491416,344.54945816635,4.27376274195047
26.3514070122538,58.4455981045783,3.54251597081051
541.380126829258,139.304356390048,4.4251245449673
NA,NA,NA
660.081178914903,333.09855790014,3.53353213141241
456.33722665,297.785406532071,3.62335493317062
9.85443787650923,496.404593021973,3.56796655118512
557.128029423066,53.7019350905166,4.13248748608832
68.9196331891571,378.087381943349,3.92392878398266
229.235005594876,412.946577122144,3.88679090981736
425.81232064759,14.1430743573478,3.34681739806779
362.621004892231,292.494593258546,3.01547164299657
603.129647237097,106.923751197469,4.21931492792306
392.633366638491,231.992531089339,4.18886830268709
568.956345711752,406.464501683935,4.7733886002347
139.428629214135,283.903365171454,4.55236765786973
199.198408122724,366.758583076435,4.0393033246648
123.422890032958,411.010178461849,3.39744947444042
628.410358776821,308.917866013781,4.66047025733904
3.39708016134174,146.228302743867,4.25798528142099
545.251543587883,205.018499629244,4.31292923118223
35.3257655498786,493.191224334058,2.97103805559804
277.995109650778,23.0570180525289,3.89714465337879
533.298999207997,392.867723712641,3.41484865619823
67.222162568565,72.4517652028055,5.132931774866
3.39374655718111,75.3388252260729,3.53932302653995
584.099786837305,231.729451912689,4.03127064700496
440.207744740143,458.907678661193,4.76866507201339
659.97594155774,375.857997342604,2.9319162111857
103.789712735718,482.848841695524,4.33325434694439
621.740015715996,87.2426549074204,4.09329495567542
417.995220332979,259.848265705792,3.55341447039751
11.0030568809269,181.151201591277,3.34762142947516
46.5982308316209,113.982574904879,4.64844121625021
605.307791834252,185.397931104885,4.16587238968428
248.252316418254,219.713097581536,3.71374262301982
571.854687354074,433.142965033306,3.83277568245755
302.954748021752,140.781981544204,3.93435911971105
527.660334734826,470.263524138469,3.69699479252767
50.3551412119691,415.367915668906,3.72811728040114
204.700410962008,287.326335238416,3.86538869370665
549.397052139226,267.705426930283,3.80870866108667
163.172321074924,23.0308577123252,4.1650854808319
494.60336491416,344.54945816635,4.27376274195047
26.3514070122538,58.4455981045783,3.54251597081051
541.380126829258,139.304356390048,4.4251245449673
NA,NA,NA
663.572753271124,331.211695563618,3.47071124857789
456.905641224294,299.089699276092,3.84259525443872
9.54488040290548,490.050679462505,3.73649566999613
564.420924338917,52.6005910145493,4.11605568741641
75.3508241127271,375.922873193873,3.96817554535588
228.047151930771,410.266677464536,3.88552552467957
428.017142128526,13.6264534359145,3.37914529964509
361.491746231393,291.242547687946,3.13455500641492
608.650768927349,108.001802241159,4.25931009288836
389.015163683423,228.405176246343,4.2283548106952
570.308511862939,411.719944866308,4.70535913721701
145.807200313899,278.800550593485,4.64002106125534
201.281430289563,371.595899932921,3.96330689954693
125.59912289877,411.228587573018,3.57292014809108
634.180458022259,314.262613820202,4.48974866561529
-1.85122749527567,144.387475043353,4.30261365986587
541.84658927851,202.357314383805,4.11964688803147
35.2527329486846,492.29004444598,3.03503140932695
277.347817688758,22.9949165219117,3.95738138977043
534.946548326438,393.408719721858,3.30869030668403
70.0882418357408,74.6055157183898,5.24651700108858
8.0048685588729,75.2490539443947,3.3782626163972
588.161103286583,226.937855428101,4.05915404405708
444.789752243556,466.186530218969,4.78174904514612
658.979583283343,372.717935907457,2.98168641044659
105.721170238136,492.376469072375,4.42669482050251
627.60295414639,92.0775626996084,4.08467344540166
418.452989642749,258.131260403403,3.58393998542781
9.3057826841937,180.018367024838,3.42077927171193
67.8243576823135,119.55808439784,4.43262751845042
606.829712914162,188.848765237977,4.39058383873023
261.261298641234,219.558845872395,3.8673610035105
570.628691383031,431.514332239802,3.68671692687797
299.805049031023,132.381745045434,3.87076664365413
533.786665787573,455.510393586819,3.51336256840766
48.6606636688736,412.316429358984,3.60081862407982
205.951766711936,286.52390041151,4.06409794965978
549.848762346007,260.930882305795,3.85566647200609
181.350328585535,37.0147275575944,4.29038801864558
509.791631723594,344.589632342806,4.67385958546403
36.164173791654,51.9878625277265,3.77989942383344
538.438527811206,150.623033433246,4.75591985629723
NA,NA,NA
663.572753271124,331.211695563618,3.47071124857789
456.905641224294,299.089699276092,3.84259525443872
9.54488040290548,490.050679462505,3.73649566999613
564.420924338917,52.6005910145493,4.11605568741641
75.3508241127271,375.922873193873,3.96817554535588
228.047151930771,410.266677464536,3.88552552467957
428.017142128526,13.6264534359145,3.37914529964509
361.491746231393,291.242547687946,3.13455500641492
608.650768927349,108.001802241159,4.25931009288836
389.015163683423,228.405176246343,4.2283548106952
570.308511862939,411.719944866308,4.70535913721701
145.807200313899,278.800550593485,4.64002106125534
201.281430289563,371.595899932921,3.96330689954693
125.59912289877,411.228587573018,3.57292014809108
634.180458022259,314.262613820202,4.48974866561529
-1.85122749527567,144.387475043353,4.30261365986587
541.84658927851,202.357314383805,4.11964688803147
35.2527329486846,492.29004444598,3.03503140932695
277.347817688758,22.9949165219117,3.95738138977043
534.946548326438,393.408719721858,3.30869030668403
70.0882418357408,74.6055157183898,5.24651700108858
8.0048685588729,75.2490539443947,3.3782626163972
588.161103286583,226.937855428101,4.05915404405708
444.789752243556,466.186530218969,4.78174904514612
658.979583283343,372.717935907457,2.98168641044659
105.721170238136,492.376469072375,4.42669482050251
627.60295414639,92.0775626996084,4.08467344540166
418.452989642749,258.131260403403,3.58393998542781
9.3057826841937,180.018367024838,3.42077927171193
67.8243576823135,119.55808439784,4.43262751845042
606.829712914162,188.848765237977,4.39058383873023
261.261298641234,219.558845872395,3.8673610035105
570.628691383031,431.514332239802,3.68671692687797
299.805049031023,132.381745045434,3.87076664365413
533.786665787573,455.510393586819,3.51336256840766
48.6606636688736,412.316429358984,3.60081862407982
205.951766711936,286.52390041151,4.06409794965978
549.848762346007,260.930882305795,3.85566647200609
181.350328585535,37.0147275575944,4.29038801864558
509.791631723594,344.589632342806,4.67385958546403
36.164173791654,51.9878625277265,3.77989942383344
538.438527811206,150.623033433246,4.75591985629723
NA,NA,NA
663.572753271124,331.211695563618,3.47071124857789
456.905641224294,299.089699276092,3.84259525443872
9.54488040290548,490.050679462505,3.73649566999613
564.420924338917,52.6005910145493,4.11605568741641
75.3508241127271,375.922873193873,3.96817554535588
228.047151930771,410.266677464536,3.88552552467957
428.017142128526,13.6264534359145,3.37914529964509
361.491746231393,291.242547687946,3.13455500641492
608.650768927349,108.001802241159,4.25931009288836
389.015163683423,228.405176246343,4.2283548106952
570.308511862939,411.719944866308,4.70535913721701
145.807200313899,278.800550593485,4.64002106125534
201.281430289563,371.595899932921,3.96330689954693
125.59912289877,411.228587573018,3.57292014809108
634.180458022259,314.262613820202,4.48974866561529
-1.85122749527567,144.387475043353,4.30261365986587
541.84658927851,202.357314383805,4.11964688803147
35.2527329486846,492.29004444598,3.03503140932695
277.347817688758,22.9949165219117,3.95738138977043
534.946548326438,393.408719721858,3.30869030668403
70.0882418357408,74.6055157183898,5.24651700108858
8.0048685588729,75.2490539443947,3.3782626163972
588.161103286583,226.937855428101,4.05915404405708
444.789752243556,466.186530218969,4.78174904514612
658.979583283343,372.717935907457,2.98168641044659
105.721170238136,492.376469072375,4.42669482050251
627.60295414639,92.0775626996084,4.08467344540166
418.452989642749,258.131260403403,3.58393998542781
9.3057826841937,180.018367024838,3.42077927171193
67.8243576823135,119.55808439784,4.43262751845042
606.829712914162,188.848765237977,4.39058383873023
261.261298641234,219.558845872395,3.8673610035105
570.628691383031,431.514332239802,3.68671692687797
299.805049031023,132.381745045434,3.87076664365413
533.786665787573,455.510393586819,3.51336256840766
48.6606636688736,412.316429358984,3.60081862407982
205.951766711936,286.52390041151,4.06409794965978
549.848762346007,260.930882305795,3.85566647200609
181.350328585535,37.0147275575944,4.29038801864558
509.791631723594,344.589632342806,4.67385958546403
36.164173791654,51.9878625277265,3.77989942383344
538.438527811206,150.623033433246,4.75591985629723
NA,NA,NA
663.572753271124,331.211695563618,3.47071124857789
456.905641224294,299.089699276092,3.84259525443872
9.54488040290548,490.050679462505,3.73649566999613
564.420924338917,52.6005910145493,4.11605568741641
75.3508241127271,375.922873193873,3.96817554535588
228.047151930771,410.266677464536,3.88552552467957
428.017142128526,13.6264534359145,3.37914529964509
361.491746231393,291.242547687946,3.13455500641492
608.650768927349,108.001802241159,4.25931009288836
389.015163683423,228.405176246343,4.2283548106952
570.308511862939,411.719944866308,4.70535913721701
145.807200313899,278.800550593485,4.64002106125534
201.281430289563,371.595899932921,3.96330689954693
125.59912289877,411.228587573018,3.57292014809108
634.180458022259,314.262613820202,4.48974866561529
-1.85122749527567,144.387475043353,4.30261365986587
541.84658927851,202.357314383805,4.11964688803147
35.2527329486846,492.29004444598,3.03503140932695
277.347817688758,22.9949165219117,3.95738138977043
534.946548326438,393.408719721858,3.30869030668403
70.0882418357408,74.6055157183898,5.24651700108858
8.0048685588729,75.2490539443947,3.3782626163972
588.161103286583,226.937855428101,4.05915404405708
444.789752243556,466.186530218969,4.78174904514612
658.979583283343,372.717935907457,2.98168641044659
105.721170238136,492.376469072375,4.42669482050251
627.60295414639,92.0775626996084,4.08467344540166
418.452989642749,258.131260403403,3.58393998542781
9.3057826841937,180.018367024838,3.42077927171193
67.8243576823135,119.55808439784,4.43262751845042
606.829712914162,188.848765237977,4.39058383873023
261.261298641234,219.558845872395,3.8673610035105
570.628691383031,431.514332239802,3.68671692687797
299.805049031023,132.381745045434,3.87076664365413
533.786665787573,455.510393586819,3.51336256840766
48.6606636688736,412.316429358984,3.60081862407982
205.951766711936,286.52390041151,4.06409794965978
549.848762346007,260.930882305795,3.85566647200609
181.350328585535,37.0147275575944,4.29038801864558
509.791631723594,344.589632342806,4.67385958546403
36.164173791654,51.9878625277265,3.77989942383344
538.438527811206,150.623033433246,4.75591985629723
NA,NA,NA
663.572753271124,331.211695563618,3.47071124857789
456.905641224294,299.089699276092,3.84259525443872
9.54488040290548,490.050679462505,3.73649566999613
564.420924338917,52.6005910145493,4.11605568741641
75.3508241127271,375.922873193873,3.96817554535588
228.047151930771,410.266677464536,3.88552552467957
428.017142128526,13.6264534359145,3.37914529964509
361.491746231393,291.242547687946,3.13455500641492
608.650768927349,108.001802241159,4.25931009288836
389.015163683423,228.405176246343,4.2283548106952
570.308511862939,411.719944866308,4.70535913721701
145.807200313899,278.800550593485,4.64002106125534
201.281430289563,371.595899932921,3.96330689954693
125.59912289877,411.228587573018,3.57292014809108
634.180458022259,314.262613820202,4.48974866561529
-1.85122749527567,144.387475043353,4.30261365986587
541.84658927851,202.357314383805,4.11964688803147
35.2527329486846,492.29004444598,3.03503140932695
277.347817688758,22.9949165219117,3.95738138977043
534.946548326438,393.408719721858,3.30869030668403
70.0882418357408,74.6055157183898,5.24651700108858
8.0048685588729,75.2490539443947,3.3782626163972
588.161103286583,226.937855428101,4.05915404405708
444.789752243556,466.186530218969,4.78174904514612
658.979583283343,372.717935907457,2.98168641044659
105.721170238136,492.376469072375,4.42669482050251
627.60295414639,92.0775626996084,4.08467344540166
418.452989642749,258.131260403403,3.58393998542781
9.3057826841937,180.018367024838,3.42077927171193
67.8243576823135,119.55808439784,4.43262751845042
606.829712914162,188.848765237977,4.39058383873023
261.261298641234,219.558845872395,3.8673610035105
570.628691383031,431.514332239802,3.68671692687797
299.805049031023,132.381745045434,3.87076664365413
533.786665787573,455.510393586819,3.51336256840766
48.6606636688736,412.316429358984,3.60081862407982
205.951766711936,286.52390041151,4.06409794965978
549.848762346007,260.930882305795,3.85566647200609
181.350328585535,37.0147275575944,4.29038801864558
509.791631723594,344.589632342806,4.67385958546403
36.164173791654,51.9878625277265,3.77989942383344
538.438527811206,150.623033433246,4.75591985629723
NA,NA,NA
663.572753271124,331.211695563618,3.47071124857789
456.905641224294,299.089699276092,3.84259525443872
9.54488040290548,490.050679462505,3.73649566999613
564.420924338917,52.6005910145493,4.11605568741641
75.3508241127271,375.922873193873,3.96817554535588
228.047151930771,410.266677464536,3.88552552467957
428.017142128526,13.6264534359145,3.37914529964509
361.491746231393,291.242547687946,3.13455500641492
608.650768927349,108.001802241159,4.25931009288836
389.015163683423,228.405176246343,4.2283548106952
570.308511862939,411.719944866308,4.70535913721701
145.807200313899,278.800550593485,4.64002106125534
201.281430289563,371.595899932921,3.96330689954693
125.59912289877,411.228587573018,3.57292014809108
634.180458022259,314.262613820202,4.48974866561529
-1.85122749527567,144.387475043353,4.30261365986587
541.84658927851,202.357314383805,4.11964688803147
35.2527329486846,492.29004444598,3.03503140932695
277.347817688758,22.9949165219117,3.95738138977043
534.946548326438,393.408719721858,3.30869030668403
70.0882418357408,74.6055157183898,5.24651700108858
8.0048685588729,75.2490539443947,3.3782626163972
588.161103286583,226.937855428101,4.05915404405708
444.789752243556,466.186530218969,4.78174904514612
658.979583283343,372.717935907457,2.98168641044659
105.721170238136,492.376469072375,4.42669482050251
627.60295414639,92.0775626996084,4.08467344540166
418.452989642749,258.131260403403,3.58393998542781
9.3057826841937,180.018367024838,3.42077927171193
67.8243576823135,119.55808439784,4.43262751845042
606.829712914162,188.848765237977,4.39058383873023
261.261298641234,219.558845872395,3.8673610035105
570.628691383031,431.514332239802,3.68671692687797
299.805049031023,132.381745045434,3.87076664365413
533.786665787573,455.510393586819,3.51336256840766
48.6606636688736,412.316429358984,3.60081862407982
205.951766711936,286.52390041151,4.06409794965978
549.848762346007,260.930882305795,3.85566647200609
181.350328585535,37.0147275575944,4.29038801864558
509.791631723594,344.589632342806,4.67385958546403
36.164173791654,51.9878625277265,3.77989942383344
538.438527811206,150.623033433246,4.75591985629723
NA,NA,NA
661.295632502079,338.036277129406,3.52055562301895
456.86381318297,302.544769382029,3.66161612835545
8.46096481099838,491.714467948513,3.5802710641832
564.348868477075,53.3055571518375,4.14099607779555
71.7816758932981,375.525736820911,4.01432501310351
227.202771718089,415.369901828012,3.91189529557178
429.309832169727,13.5656378965374,3.40869052660654
362.786780993933,296.920212377245,2.96846684432928
606.391492097894,107.375169506437,4.3254645582484
391.942571221536,226.785498037706,4.2552604464223
573.583685411736,412.804179381361,4.73509055510893
140.147209139799,284.213906369002,4.55217319615851
200.55230712791,370.978424493936,4.01265923328426
127.429079011181,416.717714528602,3.43039330543827
627.757399287051,314.826705247059,4.60769118421037
4.5945056961508,145.412831925721,4.20370382118624
540.686730048833,202.539225548963,4.08829869140411
34.4910791889603,491.71257598437,3.10078561882857
276.477349029329,24.3479235218482,3.93133470902454
533.730217552929,394.118273716501,3.26607211601893
74.4833007523722,86.6716161789974,5.32022597414874
5.49850798902425,74.4751830743831,3.32532595076615
590.706849346226,229.163616020518,3.99288164130238
444.478322894576,459.687377550913,4.73316148451332
658.659603638073,372.947351007623,3.11782796692351
101.026177723854,489.443534934173,4.37788261946145
626.163854838726,90.4134727341185,4.09134218197882
419.806443699753,255.746868240899,3.57941650349894
10.4178760252208,184.193404540751,3.21531489302817
74.5567994110499,124.120244561234,4.28999646183444
610.422189969299,205.311699891009,3.92877403313863
241.99982898126,226.248215289833,3.53556879266168
562.628841441576,437.192699758541,3.86742043737981
301.977098912344,138.742101600485,3.88863293626592
532.858162614501,464.779700879938,3.77763748563487
43.7390584290146,428.448476359841,3.65914028202002
199.352679947656,292.522107157675,4.14321211832694
540.386459854589,262.67922548616,3.81541366959815
164.689575525659,28.1862889162565,4.16467415590573
503.799690932097,353.86103409038,4.76361961669322
29.369670395811,46.4186930744459,3.34424742289999
534.527546933046,134.133346272046,4.86237379729021
NA,NA,NA
661.295632502079,338.036277129406,3.52055562301895
456.86381318297,302.544769382029,3.66161612835545
8.46096481099838,491.714467948513,3.5802710641832
564.348868477075,53.3055571518375,4.14099607779555
71.7816758932981,375.525736820911,4.01432501310351
227.202771718089,415.369901828012,3.91189529557178
429.309832169727,13.5656378965374,3.40869052660654
362.786780993933,296.920212377245,2.96846684432928
606.391492097894,107.375169506437,4.3254645582484
391.942571221536,226.785498037706,4.2552604464223
573.583685411736,412.804179381361,4.73509055510893
140.147209139799,284.213906369002,4.55217319615851
200.55230712791,370.978424493936,4.01265923328426
127.429079011181,416.717714528602,3.43039330543827
627.757399287051,314.826705247059,4.60769118421037
4.5945056961508,145.412831925721,4.20370382118624
540.686730048833,202.539225548963,4.08829869140411
34.4910791889603,491.71257598437,3.10078561882857
276.477349029329,24.3479235218482,3.93133470902454
533.730217552929,394.118273716501,3.26607211601893
74.4833007523722,86.6716161789974,5.32022597414874
5.49850798902425,74.4751830743831,3.32532595076615
590.706849346226,229.163616020518,3.99288164130238
444.478322894576,459.687377550913,4.73316148451332
658.659603638073,372.947351007623,3.11782796692351
101.026177723854,489.443534934173,4.37788261946145
626.163854838726,90.4134727341185,4.09134218197882
419.806443699753,255.746868240899,3.57941650349894
10.4178760252208,184.193404540751,3.21531489302817
74.5567994110499,124.120244561234,4.28999646183444
610.422189969299,205.311699891009,3.92877403313863
241.99982898126,226.248215289833,3.53556879266168
562.628841441576,437.192699758541,3.86742043737981
301.977098912344,138.742101600485,3.88863293626592
532.858162614501,464.779700879938,3.77763748563487
43.7390584290146,428.448476359841,3.65914028202002
199.352679947656,292.522107157675,4.14321211832694
540.386459854589,262.67922548616,3.81541366959815
164.689575525659,28.1862889162565,4.16467415590573
503.799690932097,353.86103409038,4.76361961669322
29.369670395811,46.4186930744459,3.34424742289999
534.527546933046,134.133346272046,4.86237379729021
NA,NA,NA
661.295632502079,338.036277129406,3.52055562301895
456.86381318297,302.544769382029,3.66161612835545
8.46096481099838,491.714467948513,3.5802710641832
564.348868477075,53.3055571518375,4.14099607779555
71.7816758932981,375.525736820911,4.01432501310351
227.202771718089,415.369901828012,3.91189529557178
429.309832169727,13.5656378965374,3.40869052660654
362.786780993933,296.920212377245,2.96846684432928
606.391492097894,107.375169506437,4.3254645582484
391.942571221536,226.785498037706,4.2552604464223
573.583685411736,412.804179381361,4.73509055510893
140.147209139799,284.213906369002,4.55217319615851
200.55230712791,370.978424493936,4.01265923328426
127.429079011181,416.717714528602,3.43039330543827
627.757399287051,314.826705247059,4.60769118421037
4.5945056961508,145.412831925721,4.20370382118624
540.686730048833,202.539225548963,4.08829869140411
34.4910791889603,491.71257598437,3.10078561882857
276.477349029329,24.3479235218482,3.93133470902454
533.730217552929,394.118273716501,3.26607211601893
74.4833007523722,86.6716161789974,5.32022597414874
5.49850798902425,74.4751830743831,3.32532595076615
590.706849346226,229.163616020518,3.99288164130238
444.478322894576,459.687377550913,4.73316148451332
658.659603638073,372.947351007623,3.11782796692351
101.026177723854,489.443534934173,4.37788261946145
626.163854838726,90.4134727341185,4.09134218197882
419.806443699753,255.746868240899,3.57941650349894
10.4178760252208,184.193404540751,3.21531489302817
74.5567994110499,124.120244561234,4.28999646183444
610.422189969299,205.311699891009,3.92877403313863
241.99982898126,226.248215289833,3.53556879266168
562.628841441576,437.192699758541,3.86742043737981
301.977098912344,138.742101600485,3.88863293626592
532.858162614501,464.779700879938,3.77763748563487
43.7390584290146,428.448476359841,3.65914028202002
199.352679947656,292.522107157675,4.14321211832694
540.386459854589,262.67922548616,3.81541366959815
164.689575525659,28.1862889162565,4.16467415590573
503.799690932097,353.86103409038,4.76361961669322
29.369670395811,46.4186930744459,3.34424742289999
534.527546933046,134.133346272046,4.86237379729021
NA,NA,NA
661.295632502079,338.036277129406,3.52055562301895
456.86381318297,302.544769382029,3.66161612835545
8.46096481099838,491.714467948513,3.5802710641832
564.348868477075,53.3055571518375,4.14099607779555
71.7816758932981,375.525736820911,4.01432501310351
227.202771718089,415.369901828012,3.91189529557178
429.309832169727,13.5656378965374,3.40869052660654
362.786780993933,296.920212377245,2.96846684432928
606.391492097894,107.375169506437,4.3254645582484
391.942571221536,226.785498037706,4.2552604464223
573.583685411736,412.804179381361,4.73509055510893
140.147209139799,284.213906369002,4.55217319615851
200.55230712791,370.978424493936,4.01265923328426
127.429079011181,416.717714528602,3.43039330543827
627.757399287051,314.826705247059,4.60769118421037
4.5945056961508,145.412831925721,4.20370382118624
540.686730048833,202.539225548963,4.08829869140411
34.4910791889603,491.71257598437,3.10078561882857
276.477349029329,24.3479235218482,3.93133470902454
533.730217552929,394.118273716501,3.26607211601893
74.4833007523722,86.6716161789974,5.32022597414874
5.49850798902425,74.4751830743831,3.32532595076615
590.706849346226,229.163616020518,3.99288164130238
444.478322894576,459.687377550913,4.73316148451332
658.659603638073,372.947351007623,3.11782796692351
101.026177723854,489.443534934173,4.37788261946145
626.163854838726,90.4134727341185,4.09134218197882
419.806443699753,255.746868240899,3.57941650349894
10.4178760252208,184.193404540751,3.21531489302817
74.5567994110499,124.120244561234,4.28999646183444
610.422189969299,205.311699891009,3.92877403313863
241.99982898126,226.248215289833,3.53556879266168
562.628841441576,437.192699758541,3.86742043737981
301.977098912344,138.742101600485,3.88863293626592
532.858162614501,464.779700879938,3.77763748563487
43.7390584290146,428.448476359841,3.65914028202002
199.352679947656,292.522107157675,4.14321211832694
540.386459854589,262.67922548616,3.81541366959815
164.689575525659,28.1862889162565,4.16467415590573
503.799690932097,353.86103409038,4.76361961669322
29.369670395811,46.4186930744459,3.34424742289999
534.527546933046,134.133346272046,4.86237379729021
NA,NA,NA
661.295632502079,338.036277129406,3.52055562301895
456.86381318297,302.544769382029,3.66161612835545
8.46096481099838,491.714467948513,3.5802710641832
564.348868477075,53.3055571518375,4.14099607779555
71.7816758932981,375.525736820911,4.01432501310351
227.202771718089,415.369901828012,3.91189529557178
429.309832169727,13.5656378965374,3.40869052660654
362.786780993933,296.920212377245,2.96846684432928
606.391492097894,107.375169506437,4.3254645582484
391.942571221536,226.785498037706,4.2552604464223
573.583685411736,412.804179381361,4.73509055510893
140.147209139799,284.213906369002,4.55217319615851
200.55230712791,370.978424493936,4.01265923328426
127.429079011181,416.717714528602,3.43039330543827
627.757399287051,314.826705247059,4.60769118421037
4.5945056961508,145.412831925721,4.20370382118624
540.686730048833,202.539225548963,4.08829869140411
34.4910791889603,491.71257598437,3.10078561882857
276.477349029329,24.3479235218482,3.93133470902454
533.730217552929,394.118273716501,3.26607211601893
74.4833007523722,86.6716161789974,5.32022597414874
5.49850798902425,74.4751830743831,3.32532595076615
590.706849346226,229.163616020518,3.99288164130238
444.478322894576,459.687377550913,4.73316148451332
658.659603638073,372.947351007623,3.11782796692351
101.026177723854,489.443534934173,4.37788261946145
626.163854838726,90.4134727341185,4.09134218197882
419.806443699753,255.746868240899,3.57941650349894
10.4178760252208,184.193404540751,3.21531489302817
74.5567994110499,124.120244561234,4.28999646183444
610.422189969299,205.311699891009,3.92877403313863
241.99982898126,226.248215289833,3.53556879266168
562.628841441576,437.192699758541,3.86742043737981
301.977098912344,138.742101600485,3.88863293626592
532.858162614501,464.779700879938,3.77763748563487
43.7390584290146,428.448476359841,3.65914028202002
199.352679947656,292.522107157675,4.14321211832694
540.386459854589,262.67922548616,3.81541366959815
164.689575525659,28.1862889162565,4.16467415590573
503.799690932097,353.86103409038,4.76361961669322
29.369670395811,46.4186930744459,3.34424742289999
534.527546933046,134.133346272046,4.86237379729021
NA,NA,NA
661.295632502079,338.036277129406,3.52055562301895
456.86381318297,302.544769382029,3.66161612835545
8.46096481099838,491.714467948513,3.5802710641832
564.348868477075,53.3055571518375,4.14099607779555
71.7816758932981,375.525736820911,4.01432501310351
227.202771718089,415.369901828012,3.91189529557178
429.309832169727,13.5656378965374,3.40869052660654
362.786780993933,296.920212377245,2.96846684432928
606.391492097894,107.375169506437,4.3254645582484
391.942571221536,226.785498037706,4.2552604464223
573.583685411736,412.804179381361,4.73509055510893
140.147209139799,284.213906369002,4.55217319615851
200.55230712791,370.978424493936,4.01265923328426
127.429079011181,416.717714528602,3.43039330543827
627.757399287051,314.826705247059,4.60769118421037
4.5945056961508,145.412831925721,4.20370382118624
540.686730048833,202.539225548963,4.08829869140411
34.4910791889603,491.71257598437,3.10078561882857
276.477349029329,24.3479235218482,3.93133470902454
533.730217552929,394.118273716501,3.26607211601893
74.4833007523722,86.6716161789974,5.32022597414874
5.49850798902425,74.4751830743831,3.32532595076615
590.706849346226,229.163616020518,3.99288164130238
444.478322894576,459.687377550913,4.73316148451332
658.659603638073,372.947351007623,3.11782796692351
101.026177723854,489.443534934173,4.37788261946145
626.163854838726,90.4134727341185,4.09134218197882
419.806443699753,255.746868240899,3.57941650349894
10.4178760252208,184.193404540751,3.21531489302817
74.5567994110499,124.120244561234,4.28999646183444
610.422189969299,205.311699891009,3.92877403313863
241.99982898126,226.248215289833,3.53556879266168
562.628841441576,437.192699758541,3.86742043737981
301.977098912344,138.742101600485,3.88863293626592
532.858162614501,464.779700879938,3.77763748563487
43.7390584290146,428.448476359841,3.65914028202002
199.352679947656,292.522107157675,4.14321211832694
540.386459854589,262.67922548616,3.81541366959815
164.689575525659,28.1862889162565,4.16467415590573
503.799690932097,353.86103409038,4.76361961669322
29.369670395811,46.4186930744459,3.34424742289999
534.527546933046,134.133346272046,4.86237379729021
NA,NA,NA
662.337676580447,331.821944226997,3.51322140918553
457.405208243343,301.443669247845,3.75000677270746
10.6489814262446,495.370966156976,3.63847340415251
563.130952128534,51.1681686229254,4.20632600583558
67.0107565989787,374.299199846259,4.01418010947811
231.46727037686,417.139295626965,3.9127108438688
428.457967681927,12.2304388002249,3.37477595372038
363.954153691175,293.763304682954,3.04957719372555
605.795213854138,109.925572595436,4.19430786723946
395.482726106419,232.623713697304,4.39480474489016
575.103050474506,402.371549050614,4.82573495673547
137.951643086236,279.884933128445,4.5348901050409
200.341172612279,364.359599626539,3.96457932902341
124.049025220807,413.013408772488,3.37741964399299
626.865840889168,311.868277586921,4.46322344704609
2.557644548847,141.798064538572,4.31350242274791
544.717181806904,204.384363038165,4.17243896867987
32.9008254144686,491.097620059263,3.04105915720339
279.317679100217,25.6044082534434,3.70106012899766
535.709463077063,392.058216325718,3.405543583708
79.8028327474684,81.6702116904873,5.27031653175547
0.901962919082181,76.4338251822689,3.54722034402995
588.19513154218,226.585812253171,4.00385533099052
443.462577074256,455.698028722858,4.82611183201762
658.088175983636,373.998565820549,2.94784603142265
109.779439126326,490.831119431872,4.3438488757351
625.161137660418,92.664596067709,4.14635608318896
419.72962716496,259.805965467903,3.69132754832207
11.82734378275,181.802642418569,3.29773257947032
43.39218480459,113.750044881824,4.61772806417707
610.003267508697,207.415384923595,4.48866161676505
250.279790676497,221.549274223928,4.30025665180941
576.250339792496,431.14294771243,4.03735407068168
299.217808705702,139.966467330312,3.7313022930219
525.926500166851,448.234967360659,3.46335260764262
49.9868865036658,413.411876180652,3.89311352622881
199.542297195866,278.975284194037,4.01544050527067
559.998153455595,260.977612083137,3.54243683808467
169.265385799256,28.3072541116843,4.52682869445688
505.205421441054,342.338500139372,4.30168222521113
37.9396550599991,48.3479302057104,3.6343638424876
524.770894021001,135.085779350858,4.35605193591334
NA,NA,NA
662.337676580447,331.821944226997,3.51322140918553
457.405208243343,301.443669247845,3.75000677270746
10.6489814262446,495.370966156976,3.63847340415251
563.130952128534,51.1681686229254,4.20632600583558
67.0107565989787,374.299199846259,4.01418010947811
231.46727037686,417.139295626965,3.9127108438688
428.457967681927,12.2304388002249,3.37477595372038
363.954153691175,293.763304682954,3.04957719372555
605.795213854138,109.925572595436,4.19430786723946
395.482726106419,232.623713697304,4.39480474489016
575.103050474506,402.371549050614,4.82573495673547
137.951643086236,279.884933128445,4.5348901050409
200.341172612279,364.359599626539,3.96457932902341
124.049025220807,413.013408772488,3.37741964399299
626.865840889168,311.868277586921,4.46322344704609
2.557644548847,141.798064538572,4.31350242274791
544.717181806904,204.384363038165,4.17243896867987
32.9008254144686,491.097620059263,3.04105915720339
279.317679100217,25.6044082534434,3.70106012899766
535.709463077063,392.058216325718,3.405543583708
79.8028327474684,81.6702116904873,5.27031653175547
0.901962919082181,76.4338251822689,3.54722034402995
588.19513154218,226.585812253171,4.00385533099052
443.462577074256,455.698028722858,4.82611183201762
658.088175983636,373.998565820549,2.94784603142265
109.779439126326,490.831119431872,4.3438488757351
625.161137660418,92.664596067709,4.14635608318896
419.72962716496,259.805965467903,3.69132754832207
11.82734378275,181.802642418569,3.29773257947032
43.39218480459,113.750044881824,4.61772806417707
610.003267508697,207.415384923595,4.48866161676505
250.279790676497,221.549274223928,4.30025665180941
576.250339792496,431.14294771243,4.03735407068168
299.217808705702,139.966467330312,3.7313022930219
525.926500166851,448.234967360659,3.46335260764262
49.9868865036658,413.411876180652,3.89311352622881
199.542297195866,278.975284194037,4.01544050527067
559.998153455595,260.977612083137,3.54243683808467
169.265385799256,28.3072541116843,4.52682869445688
505.205421441054,342.338500139372,4.30168222521113
37.9396550599991,48.3479302057104,3.6343638424876
524.770894021001,135.085779350858,4.35605193591334
NA,NA,NA
662.337676580447,331.821944226997,3.51322140918553
457.405208243343,301.443669247845,3.75000677270746
10.6489814262446,495.370966156976,3.63847340415251
563.130952128534,51.1681686229254,4.20632600583558
67.0107565989787,374.299199846259,4.01418010947811
231.46727037686,417.139295626965,3.9127108438688
428.457967681927,12.2304388002249,3.37477595372038
363.954153691175,293.763304682954,3.04957719372555
605.795213854138,109.925572595436,4.19430786723946
395.482726106419,232.623713697304,4.39480474489016
575.103050474506,402.371549050614,4.82573495673547
137.951643086236,279.884933128445,4.5348901050409
200.341172612279,364.359599626539,3.96457932902341
124.049025220807,413.013408772488,3.37741964399299
626.865840889168,311.868277586921,4.46322344704609
2.557644548847,141.798064538572,4.31350242274791
544.717181806904,204.384363038165,4.17243896867987
32.9008254144686,491.097620059263,3.04105915720339
279.317679100217,25.6044082534434,3.70106012899766
535.709463077063,392.058216325718,3.405543583708
79.8028327474684,81.6702116904873,5.27031653175547
0.901962919082181,76.4338251822689,3.54722034402995
588.19513154218,226.585812253171,4.00385533099052
443.462577074256,455.698028722858,4.82611183201762
658.088175983636,373.998565820549,2.94784603142265
109.779439126326,490.831119431872,4.3438488757351
625.161137660418,92.664596067709,4.14635608318896
419.72962716496,259.805965467903,3.69132754832207
11.82734378275,181.802642418569,3.29773257947032
43.39218480459,113.750044881824,4.61772806417707
610.003267508697,207.415384923595,4.48866161676505
250.279790676497,221.549274223928,4.30025665180941
576.250339792496,431.14294771243,4.03735407068168
299.217808705702,139.966467330312,3.7313022930219
525.926500166851,448.234967360659,3.46335260764262
49.9868865036658,413.411876180652,3.89311352622881
199.542297195866,278.975284194037,4.01544050527067
559.998153455595,260.977612083137,3.54243683808467
169.265385799256,28.3072541116843,4.52682869445688
505.205421441054,342.338500139372,4.30168222521113
37.9396550599991,48.3479302057104,3.6343638424876
524.770894021001,135.085779350858,4.35605193591334
NA,NA,NA
662.337676580447,331.821944226997,3.51322140918553
457.405208243343,301.443669247845,3.75000677270746
10.6489814262446,495.370966156976,3.63847340415251
563.130952128534,51.1681686229254,4.20632600583558
67.0107565989787,374.299199846259,4.01418010947811
231.46727037686,417.139295626965,3.9127108438688
428.457967681927,12.2304388002249,3.37477595372038
363.954153691175,293.763304682954,3.04957719372555
605.795213854138,109.925572595436,4.19430786723946
395.482726106419,232.623713697304,4.39480474489016
575.103050474506,402.371549050614,4.82573495673547
137.951643086236,279.884933128445,4.5348901050409
200.341172612279,364.359599626539,3.96457932902341
124.049025220807,413.013408772488,3.37741964399299
626.865840889168,311.868277586921,4.46322344704609
2.557644548847,141.798064538572,4.31350242274791
544.717181806904,204.384363038165,4.17243896867987
32.9008254144686,491.097620059263,3.04105915720339
279.317679100217,25.6044082534434,3.70106012899766
535.709463077063,392.058216325718,3.405543583708
79.8028327474684,81.6702116904873,5.27031653175547
0.901962919082181,76.4338251822689,3.54722034402995
588.19513154218,226.585812253171,4.00385533099052
443.462577074256,455.698028722858,4.82611183201762
658.088175983636,373.998565820549,2.94784603142265
109.779439126326,490.831119431872,4.3438488757351
625.161137660418,92.664596067709,4.14635608318896
419.72962716496,259.805965467903,3.69132754832207
11.82734378275,181.802642418569,3.29773257947032
43.39218480459,113.750044881824,4.61772806417707
610.003267508697,207.415384923595,4.48866161676505
250.279790676497,221.549274223928,4.30025665180941
576.250339792496,431.14294771243,4.03735407068168
299.217808705702,139.966467330312,3.7313022930219
525.926500166851,448.234967360659,3.46335260764262
49.9868865036658,413.411876180652,3.89311352622881
199.542297195866,278.975284194037,4.01544050527067
559.998153455595,260.977612083137,3.54243683808467
169.265385799256,28.3072541116843,4.52682869445688
505.205421441054,342.338500139372,4.30168222521113
37.9396550599991,48.3479302057104,3.6343638424876
524.770894021001,135.085779350858,4.35605193591334
NA,NA,NA
662.337676580447,331.821944226997,3.51322140918553
457.405208243343,301.443669247845,3.75000677270746
10.6489814262446,495.370966156976,3.63847340415251
563.130952128534,51.1681686229254,4.20632600583558
67.0107565989787,374.299199846259,4.01418010947811
231.46727037686,417.139295626965,3.9127108438688
428.457967681927,12.2304388002249,3.37477595372038
363.954153691175,293.763304682954,3.04957719372555
605.795213854138,109.925572595436,4.19430786723946
395.482726106419,232.623713697304,4.39480474489016
575.103050474506,402.371549050614,4.82573495673547
137.951643086236,279.884933128445,4.5348901050409
200.341172612279,364.359599626539,3.96457932902341
124.049025220807,413.013408772488,3.37741964399299
626.865840889168,311.868277586921,4.46322344704609
2.557644548847,141.798064538572,4.31350242274791
544.717181806904,204.384363038165,4.17243896867987
32.9008254144686,491.097620059263,3.04105915720339
279.317679100217,25.6044082534434,3.70106012899766
535.709463077063,392.058216325718,3.405543583708
79.8028327474684,81.6702116904873,5.27031653175547
0.901962919082181,76.4338251822689,3.54722034402995
588.19513154218,226.585812253171,4.00385533099052
443.462577074256,455.698028722858,4.82611183201762
658.088175983636,373.998565820549,2.94784603142265
109.779439126326,490.831119431872,4.3438488757351
625.161137660418,92.664596067709,4.14635608318896
419.72962716496,259.805965467903,3.69132754832207
11.82734378275,181.802642418569,3.29773257947032
43.39218480459,113.750044881824,4.61772806417707
610.003267508697,207.415384923595,4.48866161676505
250.279790676497,221.549274223928,4.30025665180941
576.250339792496,431.14294771243,4.03735407068168
299.217808705702,139.966467330312,3.7313022930219
525.926500166851,448.234967360659,3.46335260764262
49.9868865036658,413.411876180652,3.89311352622881
199.542297195866,278.975284194037,4.01544050527067
559.998153455595,260.977612083137,3.54243683808467
169.265385799256,28.3072541116843,4.52682869445688
505.205421441054,342.338500139372,4.30168222521113
37.9396550599991,48.3479302057104,3.6343638424876
524.770894021001,135.085779350858,4.35605193591334
NA,NA,NA
662.337676580447,331.821944226997,3.51322140918553
457.405208243343,301.443669247845,3.75000677270746
10.6489814262446,495.370966156976,3.63847340415251
563.130952128534,51.1681686229254,4.20632600583558
67.0107565989787,374.299199846259,4.01418010947811
231.46727037686,417.139295626965,3.9127108438688
428.457967681927,12.2304388002249,3.37477595372038
363.954153691175,293.763304682954,3.04957719372555
605.795213854138,109.925572595436,4.19430786723946
395.482726106419,232.623713697304,4.39480474489016
575.103050474506,402.371549050614,4.82573495673547
137.951643086236,279.884933128445,4.5348901050409
200.341172612279,364.359599626539,3.96457932902341
124.049025220807,413.013408772488,3.37741964399299
626.865840889168,311.868277586921,4.46322344704609
2.557644548847,141.798064538572,4.31350242274791
544.717181806904,204.384363038165,4.17243896867987
32.9008254144686,491.097620059263,3.04105915720339
279.317679100217,25.6044082534434,3.70106012899766
535.709463077063,392.058216325718,3.405543583708
79.8028327474684,81.6702116904873,5.27031653175547
0.901962919082181,76.4338251822689,3.54722034402995
588.19513154218,226.585812253171,4.00385533099052
443.462577074256,455.698028722858,4.82611183201762
658.088175983636,373.998565820549,2.94784603142265
109.779439126326,490.831119431872,4.3438488757351
625.161137660418,92.664596067709,4.14635608318896
419.72962716496,259.805965467903,3.69132754832207
11.82734378275,181.802642418569,3.29773257947032
43.39218480459,113.750044881824,4.61772806417707
610.003267508697,207.415384923595,4.48866161676505
250.279790676497,221.549274223928,4.30025665180941
576.250339792496,431.14294771243,4.03735407068168
299.217808705702,139.966467330312,3.7313022930219
525.926500166851,448.234967360659,3.46335260764262
49.9868865036658,413.411876180652,3.89311352622881
199.542297195866,278.975284194037,4.01544050527067
559.998153455595,260.977612083137,3.54243683808467
169.265385799256,28.3072541116843,4.52682869445688
505.205421441054,342.338500139372,4.30168222521113
37.9396550599991,48.3479302057104,3.6343638424876
524.770894021001,135.085779350858,4.35605193591334
NA,NA,NA
661.300944315055,332.994472502777,3.48272753684811
457.238584408974,294.946354238045,3.85270627717388
4.80649223856735,494.663692546719,3.77681883420514
563.098106248656,53.4817059485828,4.12951607159223
70.6172187026526,372.727694540176,4.05175926698791
226.932727516296,419.765581507094,3.85170691860005
429.052183638589,12.6711359384976,3.30598097874594
363.57068385202,292.927690356632,2.98143684458313
603.483647811649,102.172397570969,4.03421247974068
394.916826158903,228.716285082851,4.35836136766529
565.079174618584,408.67383151418,4.7753397925791
143.639773615411,284.082971281973,4.70404233159497
201.175347878423,366.509173334669,4.0613781266892
124.851742058992,411.084293403178,3.46382331147842
629.986262546495,311.639046905626,4.53252197966633
1.72130414375135,145.992358540671,4.29512903435833
542.436834189618,203.085949649818,4.17302063947217
34.1080752271349,491.972424854347,2.89659177574501
276.106967670494,27.4027853563615,3.72052733053725
534.398416472203,394.287104770587,3.41459945719428
83.842253675799,73.7097203516856,5.24028638213819
5.38165633233309,75.1953845976718,3.43215811524045
585.179310977469,229.166601781828,3.98694360795022
445.993398793716,468.849477650583,4.82925032387973
659.191477969983,373.306847821935,3.02957402931344
105.428977158506,486.429062358376,4.39571580518706
625.412606959882,90.4301413742101,4.08158468843234
420.984309665726,256.790184447208,3.68273002584344
11.3222917363328,182.981861845055,3.11281711466347
70.8850689675381,117.949548530217,4.31132758909277
616.39404788006,179.766905162861,4.34855763753501
255.050782969273,217.274993758373,3.78845677264377
569.768288235036,439.630766800471,3.82842493419615
299.298247584842,138.164885963229,3.78802533481615
531.121793801186,458.738600289878,3.56382200264933
45.9567144978177,412.610145808829,3.78661616786406
198.067026065522,281.739701007458,3.85680557336683
550.853911594372,263.105606289561,3.63390636774932
179.347104417158,33.9445862928866,4.57323156618357
496.724054062909,341.531881969859,4.60176834237959
35.3278418802919,50.6675016828063,3.7385226780335
538.541505488936,151.225771310194,4.44730466454626
NA,NA,NA
661.300944315055,332.994472502777,3.48272753684811
457.238584408974,294.946354238045,3.85270627717388
4.80649223856735,494.663692546719,3.77681883420514
563.098106248656,53.4817059485828,4.12951607159223
70.6172187026526,372.727694540176,4.05175926698791
226.932727516296,419.765581507094,3.85170691860005
429.052183638589,12.6711359384976,3.30598097874594
363.57068385202,292.927690356632,2.98143684458313
603.483647811649,102.172397570969,4.03421247974068
394.916826158903,228.716285082851,4.35836136766529
565.079174618584,408.67383151418,4.7753397925791
143.639773615411,284.082971281973,4.70404233159497
201.175347878423,366.509173334669,4.0613781266892
124.851742058992,411.084293403178,3.46382331147842
629.986262546495,311.639046905626,4.53252197966633
1.72130414375135,145.992358540671,4.29512903435833
542.436834189618,203.085949649818,4.17302063947217
34.1080752271349,491.972424854347,2.89659177574501
276.106967670494,27.4027853563615,3.72052733053725
534.398416472203,394.287104770587,3.41459945719428
83.842253675799,73.7097203516856,5.24028638213819
5.38165633233309,75.1953845976718,3.43215811524045
585.179310977469,229.166601781828,3.98694360795022
445.993398793716,468.849477650583,4.82925032387973
659.191477969983,373.306847821935,3.02957402931344
105.428977158506,486.429062358376,4.39571580518706
625.412606959882,90.4301413742101,4.08158468843234
420.984309665726,256.790184447208,3.68273002584344
11.3222917363328,182.981861845055,3.11281711466347
70.8850689675381,117.949548530217,4.31132758909277
616.39404788006,179.766905162861,4.34855763753501
255.050782969273,217.274993758373,3.78845677264377
569.768288235036,439.630766800471,3.82842493419615
299.298247584842,138.164885963229,3.78802533481615
531.121793801186,458.738600289878,3.56382200264933
45.9567144978177,412.610145808829,3.78661616786406
198.067026065522,281.739701007458,3.85680557336683
550.853911594372,263.105606289561,3.63390636774932
179.347104417158,33.9445862928866,4.57323156618357
496.724054062909,341.531881969859,4.60176834237959
35.3278418802919,50.6675016828063,3.7385226780335
538.541505488936,151.225771310194,4.44730466454626
NA,NA,NA
661.300944315055,332.994472502777,3.48272753684811
457.238584408974,294.946354238045,3.85270627717388
4.80649223856735,494.663692546719,3.77681883420514
563.098106248656,53.4817059485828,4.12951607159223
70.6172187026526,372.727694540176,4.05175926698791
226.932727516296,419.765581507094,3.85170691860005
429.052183638589,12.6711359384976,3.30598097874594
363.57068385202,292.927690356632,2.98143684458313
603.483647811649,102.172397570969,4.03421247974068
394.916826158903,228.716285082851,4.35836136766529
565.079174618584,408.67383151418,4.7753397925791
143.639773615411,284.082971281973,4.70404233159497
201.175347878423,366.509173334669,4.0613781266892
124.851742058992,411.084293403178,3.46382331147842
629.986262546495,311.639046905626,4.53252197966633
1.72130414375135,145.992358540671,4.29512903435833
542.436834189618,203.085949649818,4.17302063947217
34.1080752271349,491.972424854347,2.89659177574501
276.106967670494,27.4027853563615,3.72052733053725
534.398416472203,394.287104770587,3.41459945719428
83.842253675799,73.7097203516856,5.24028638213819
5.38165633233309,75.1953845976718,3.43215811524045
585.179310977469,229.166601781828,3.98694360795022
445.993398793716,468.849477650583,4.82925032387973
659.191477969983,373.306847821935,3.02957402931344
105.428977158506,486.429062358376,4.39571580518706
625.412606959882,90.4301413742101,4.08158468843234
420.984309665726,256.790184447208,3.68273002584344
11.3222917363328,182.981861845055,3.11281711466347
70.8850689675381,117.949548530217,4.31132758909277
616.39404788006,179.766905162861,4.34855763753501
255.050782969273,217.274993758373,3.78845677264377
569.768288235036,439.630766800471,3.82842493419615
299.298247584842,138.164885963229,3.78802533481615
531.121793801186,458.738600289878,3.56382200264933
45.9567144978177,412.610145808829,3.78661616786406
198.067026065522,281.739701007458,3.85680557336683
550.853911594372,263.105606289561,3.63390636774932
179.347104417158,33.9445862928866,4.57323156618357
496.724054062909,341.531881969859,4.60176834237959
35.3278418802919,50.6675016828063,3.7385226780335
538.541505488936,151.225771310194,4.44730466454626
NA,NA,NA
661.300944315055,332.994472502777,3.48272753684811
457.238584408974,294.946354238045,3.85270627717388
4.80649223856735,494.663692546719,3.77681883420514
563.098106248656,53.4817059485828,4.12951607159223
70.6172187026526,372.727694540176,4.05175926698791
226.932727516296,419.765581507094,3.85170691860005
429.052183638589,12.6711359384976,3.30598097874594
363.57068385202,292.927690356632,2.98143684458313
603.483647811649,102.172397570969,4.03421247974068
394.916826158903,228.716285082851,4.35836136766529
565.079174618584,408.67383151418,4.7753397925791
143.639773615411,284.082971281973,4.70404233159497
201.175347878423,366.509173334669,4.0613781266892
124.851742058992,411.084293403178,3.46382331147842
629.986262546495,311.639046905626,4.53252197966633
1.72130414375135,145.992358540671,4.29512903435833
542.436834189618,203.085949649818,4.17302063947217
34.1080752271349,491.972424854347,2.89659177574501
276.106967670494,27.4027853563615,3.72052733053725
534.398416472203,394.287104770587,3.41459945719428
83.842253675799,73.7097203516856,5.24028638213819
5.38165633233309,75.1953845976718,3.43215811524045
585.179310977469,229.166601781828,3.98694360795022
445.993398793716,468.849477650583,4.82925032387973
659.191477969983,373.306847821935,3.02957402931344
105.428977158506,486.429062358376,4.39571580518706
625.412606959882,90.4301413742101,4.08158468843234
420.984309665726,256.790184447208,3.68273002584344
11.3222917363328,182.981861845055,3.11281711466347
70.8850689675381,117.949548530217,4.31132758909277
616.39404788006,179.766905162861,4.34855763753501
255.050782969273,217.274993758373,3.78845677264377
569.768288235036,439.630766800471,3.82842493419615
299.298247584842,138.164885963229,3.78802533481615
531.121793801186,458.738600289878,3.56382200264933
45.9567144978177,412.610145808829,3.78661616786406
198.067026065522,281.739701007458,3.85680557336683
550.853911594372,263.105606289561,3.63390636774932
179.347104417158,33.9445862928866,4.57323156618357
496.724054062909,341.531881969859,4.60176834237959
35.3278418802919,50.6675016828063,3.7385226780335
538.541505488936,151.225771310194,4.44730466454626
NA,NA,NA
661.300944315055,332.994472502777,3.48272753684811
457.238584408974,294.946354238045,3.85270627717388
4.80649223856735,494.663692546719,3.77681883420514
563.098106248656,53.4817059485828,4.12951607159223
70.6172187026526,372.727694540176,4.05175926698791
226.932727516296,419.765581507094,3.85170691860005
429.052183638589,12.6711359384976,3.30598097874594
363.57068385202,292.927690356632,2.98143684458313
603.483647811649,102.172397570969,4.03421247974068
394.916826158903,228.716285082851,4.35836136766529
565.079174618584,408.67383151418,4.7753397925791
143.639773615411,284.082971281973,4.70404233159497
201.175347878423,366.509173334669,4.0613781266892
124.851742058992,411.084293403178,3.46382331147842
629.986262546495,311.639046905626,4.53252197966633
1.72130414375135,145.992358540671,4.29512903435833
542.436834189618,203.085949649818,4.17302063947217
34.1080752271349,491.972424854347,2.89659177574501
276.106967670494,27.4027853563615,3.72052733053725
534.398416472203,394.287104770587,3.41459945719428
83.842253675799,73.7097203516856,5.24028638213819
5.38165633233309,75.1953845976718,3.43215811524045
585.179310977469,229.166601781828,3.98694360795022
445.993398793716,468.849477650583,4.82925032387973
659.191477969983,373.306847821935,3.02957402931344
105.428977158506,486.429062358376,4.39571580518706
625.412606959882,90.4301413742101,4.08158468843234
420.984309665726,256.790184447208,3.68273002584344
11.3222917363328,182.981861845055,3.11281711466347
70.8850689675381,117.949548530217,4.31132758909277
616.39404788006,179.766905162861,4.34855763753501
255.050782969273,217.274993758373,3.78845677264377
569.768288235036,439.630766800471,3.82842493419615
299.298247584842,138.164885963229,3.78802533481615
531.121793801186,458.738600289878,3.56382200264933
45.9567144978177,412.610145808829,3.78661616786406
198.067026065522,281.739701007458,3.85680557336683
550.853911594372,263.105606289561,3.63390636774932
179.347104417158,33.9445862928866,4.57323156618357
496.724054062909,341.531881969859,4.60176834237959
35.3278418802919,50.6675016828063,3.7385226780335
538.541505488936,151.225771310194,4.44730466454626
NA,NA,NA
661.300944315055,332.994472502777,3.48272753684811
457.238584408974,294.946354238045,3.85270627717388
4.80649223856735,494.663692546719,3.77681883420514
563.098106248656,53.4817059485828,4.12951607159223
70.6172187026526,372.727694540176,4.05175926698791
226.932727516296,419.765581507094,3.85170691860005
429.052183638589,12.6711359384976,3.30598097874594
363.57068385202,292.927690356632,2.98143684458313
603.483647811649,102.172397570969,4.03421247974068
394.916826158903,228.716285082851,4.35836136766529
565.079174618584,408.67383151418,4.7753397925791
143.639773615411,284.082971281973,4.70404233159497
201.175347878423,366.509173334669,4.0613781266892
124.851742058992,411.084293403178,3.46382331147842
629.986262546495,311.639046905626,4.53252197966633
1.72130414375135,145.992358540671,4.29512903435833
542.436834189618,203.085949649818,4.17302063947217
34.1080752271349,491.972424854347,2.89659177574501
276.106967670494,27.4027853563615,3.72052733053725
534.398416472203,394.287104770587,3.41459945719428
83.842253675799,73.7097203516856,5.24028638213819
5.38165633233309,75.1953845976718,3.43215811524045
585.179310977469,229.166601781828,3.98694360795022
445.993398793716,468.849477650583,4.82925032387973
659.191477969983,373.306847821935,3.02957402931344
105.428977158506,486.429062358376,4.39571580518706
625.412606959882,90.4301413742101,4.08158468843234
420.984309665726,256.790184447208,3.68273002584344
11.3222917363328,182.981861845055,3.11281711466347
70.8850689675381,117.949548530217,4.31132758909277
616.39404788006,179.766905162861,4.34855763753501
255.050782969273,217.274993758373,3.78845677264377
569.768288235036,439.630766800471,3.82842493419615
299.298247584842,138.164885963229,3.78802533481615
531.121793801186,458.738600289878,3.56382200264933
45.9567144978177,412.610145808829,3.78661616786406
198.067026065522,281.739701007458,3.85680557336683
550.853911594372,263.105606289561,3.63390636774932
179.347104417158,33.9445862928866,4.57323156618357
496.724054062909,341.531881969859,4.60176834237959
35.3278418802919,50.6675016828063,3.7385226780335
538.541505488936,151.225771310194,4.44730466454626
NA,NA,NA
663.570672184113,333.802599985019,3.42305625063309
452.612078493632,301.601181749771,3.76848603762926
9.81310971045306,494.250774732429,3.84870613191296
557.608602972448,50.1144254313645,4.19613200908817
69.7183126744173,376.752434497727,4.07456539986559
227.502416708577,416.23192366612,3.95888812276416
427.87524031094,13.0614273161274,3.19237762947178
364.408633037983,292.903239893604,2.98293567663412
601.952722698404,104.920614223177,4.47899244704879
391.663399224927,230.156001546847,4.20501545555113
570.963672847058,415.691655102297,4.71111390342675
137.686329051882,280.638909284597,4.78534916801228
197.725973033832,373.245706815009,3.96127316529998
128.61212761185,412.003496373412,3.34610955737618
624.775023541015,314.236848867691,4.44160805996873
4.14069336560546,146.253410481762,4.28126357898877
544.5614513522,205.989555889946,4.17820869429337
34.9894981056225,491.836980343849,3.05203204827804
277.345790574216,28.1495711772063,3.83975508301826
533.4502469127,391.858473345286,3.52089934220295
78.1838137947665,83.227859613443,5.26822591814608
3.68829562453741,75.5573543262246,3.35836116696283
588.456402438921,224.709856586976,4.04972874946654
439.2732383405,457.844075595407,4.80972081146785
661.567274200574,373.051321285541,3.03892613674347
105.465858621406,491.329694511322,4.25982755029913
628.433632517137,92.6629878426126,4.08432251279913
417.932472603238,260.494428561712,3.60722818709144
13.5991015750509,182.240798606011,3.20731384616343
69.7495345514667,127.185046523291,4.4524290922621
609.347578721515,209.25906957942,4.28562752378494
247.723605372012,217.270104968944,3.37814236025688
571.040824637994,432.631615887095,3.78034101136792
301.113266866019,144.868319518872,3.80492830330216
533.718428534013,461.280191056334,3.37775483083679
59.5390526559244,414.494139981562,3.82243650362931
190.623720914704,286.775075969468,4.2789361910536
554.196102484915,265.051676641453,3.56853642115772
179.631319941567,33.0018696419195,4.1251415845802
496.907066785494,342.454992321489,4.4458512323043
40.0941352449182,55.7708085416165,4.2782347188782
547.663136409114,153.153294056486,4.58957055016771
NA,NA,NA
663.570672184113,333.802599985019,3.42305625063309
452.612078493632,301.601181749771,3.76848603762926
9.81310971045306,494.250774732429,3.84870613191296
557.608602972448,50.1144254313645,4.19613200908817
69.7183126744173,376.752434497727,4.07456539986559
227.502416708577,416.23192366612,3.95888812276416
427.87524031094,13.0614273161274,3.19237762947178
364.408633037983,292.903239893604,2.98293567663412
601.952722698404,104.920614223177,4.47899244704879
391.663399224927,230.156001546847,4.20501545555113
570.963672847058,415.691655102297,4.71111390342675
137.686329051882,280.638909284597,4.78534916801228
197.725973033832,373.245706815009,3.96127316529998
128.61212761185,412.003496373412,3.34610955737618
624.775023541015,314.236848867691,4.44160805996873
4.14069336560546,146.253410481762,4.28126357898877
544.5614513522,205.989555889946,4.17820869429337
34.9894981056225,491.836980343849,3.05203204827804
277.345790574216,28.1495711772063,3.83975508301826
533.4502469127,391.858473345286,3.52089934220295
78.1838137947665,83.227859613443,5.26822591814608
3.68829562453741,75.5573543262246,3.35836116696283
588.456402438921,224.709856586976,4.04972874946654
439.2732383405,457.844075595407,4.80972081146785
661.567274200574,373.051321285541,3.03892613674347
105.465858621406,491.329694511322,4.25982755029913
628.433632517137,92.6629878426126,4.08432251279913
417.932472603238,260.494428561712,3.60722818709144
13.5991015750509,182.240798606011,3.20731384616343
69.7495345514667,127.185046523291,4.4524290922621
609.347578721515,209.25906957942,4.28562752378494
247.723605372012,217.270104968944,3.37814236025688
571.040824637994,432.631615887095,3.78034101136792
301.113266866019,144.868319518872,3.80492830330216
533.718428534013,461.280191056334,3.37775483083679
59.5390526559244,414.494139981562,3.82243650362931
190.623720914704,286.775075969468,4.2789361910536
554.196102484915,265.051676641453,3.56853642115772
179.631319941567,33.0018696419195,4.1251415845802
496.907066785494,342.454992321489,4.4458512323043
40.0941352449182,55.7708085416165,4.2782347188782
547.663136409114,153.153294056486,4.58957055016771
NA,NA,NA
663.570672184113,333.802599985019,3.42305625063309
452.612078493632,301.601181749771,3.76848603762926
9.81310971045306,494.250774732429,3.84870613191296
557.608602972448,50.1144254313645,4.19613200908817
69.7183126744173,376.752434497727,4.07456539986559
227.502416708577,416.23192366612,3.95888812276416
427.87524031094,13.0614273161274,3.19237762947178
364.408633037983,292.903239893604,2.98293567663412
601.952722698404,104.920614223177,4.47899244704879
391.663399224927,230.156001546847,4.20501545555113
570.963672847058,415.691655102297,4.71111390342675
137.686329051882,280.638909284597,4.78534916801228
197.725973033832,373.245706815009,3.96127316529998
128.61212761185,412.003496373412,3.34610955737618
624.775023541015,314.236848867691,4.44160805996873
4.14069336560546,146.253410481762,4.28126357898877
544.5614513522,205.989555889946,4.17820869429337
34.9894981056225,491.836980343849,3.05203204827804
277.345790574216,28.1495711772063,3.83975508301826
533.4502469127,391.858473345286,3.52089934220295
78.1838137947665,83.227859613443,5.26822591814608
3.68829562453741,75.5573543262246,3.35836116696283
588.456402438921,224.709856586976,4.04972874946654
439.2732383405,457.844075595407,4.80972081146785
661.567274200574,373.051321285541,3.03892613674347
105.465858621406,491.329694511322,4.25982755029913
628.433632517137,92.6629878426126,4.08432251279913
417.932472603238,260.494428561712,3.60722818709144
13.5991015750509,182.240798606011,3.20731384616343
69.7495345514667,127.185046523291,4.4524290922621
609.347578721515,209.25906957942,4.28562752378494
247.723605372012,217.270104968944,3.37814236025688
571.040824637994,432.631615887095,3.78034101136792
301.113266866019,144.868319518872,3.80492830330216
533.718428534013,461.280191056334,3.37775483083679
59.5390526559244,414.494139981562,3.82243650362931
190.623720914704,286.775075969468,4.2789361910536
554.196102484915,265.051676641453,3.56853642115772
179.631319941567,33.0018696419195,4.1251415845802
496.907066785494,342.454992321489,4.4458512323043
40.0941352449182,55.7708085416165,4.2782347188782
547.663136409114,153.153294056486,4.58957055016771
NA,NA,NA
663.570672184113,333.802599985019,3.42305625063309
452.612078493632,301.601181749771,3.76848603762926
9.81310971045306,494.250774732429,3.84870613191296
557.608602972448,50.1144254313645,4.19613200908817
69.7183126744173,376.752434497727,4.07456539986559
227.502416708577,416.23192366612,3.95888812276416
427.87524031094,13.0614273161274,3.19237762947178
364.408633037983,292.903239893604,2.98293567663412
601.952722698404,104.920614223177,4.47899244704879
391.663399224927,230.156001546847,4.20501545555113
570.963672847058,415.691655102297,4.71111390342675
137.686329051882,280.638909284597,4.78534916801228
197.725973033832,373.245706815009,3.96127316529998
128.61212761185,412.003496373412,3.34610955737618
624.775023541015,314.236848867691,4.44160805996873
4.14069336560546,146.253410481762,4.28126357898877
544.5614513522,205.989555889946,4.17820869429337
34.9894981056225,491.836980343849,3.05203204827804
277.345790574216,28.1495711772063,3.83975508301826
533.4502469127,391.858473345286,3.52089934220295
78.1838137947665,83.227859613443,5.26822591814608
3.68829562453741,75.5573543262246,3.35836116696283
588.456402438921,224.709856586976,4.04972874946654
439.2732383405,457.844075595407,4.80972081146785
661.567274200574,373.051321285541,3.03892613674347
105.465858621406,491.329694511322,4.25982755029913
628.433632517137,92.6629878426126,4.08432251279913
417.932472603238,260.494428561712,3.60722818709144
13.5991015750509,182.240798606011,3.20731384616343
69.7495345514667,127.185046523291,4.4524290922621
609.347578721515,209.25906957942,4.28562752378494
247.723605372012,217.270104968944,3.37814236025688
571.040824637994,432.631615887095,3.78034101136792
301.113266866019,144.868319518872,3.80492830330216
533.718428534013,461.280191056334,3.37775483083679
59.5390526559244,414.494139981562,3.82243650362931
190.623720914704,286.775075969468,4.2789361910536
554.196102484915,265.051676641453,3.56853642115772
179.631319941567,33.0018696419195,4.1251415845802
496.907066785494,342.454992321489,4.4458512323043
40.0941352449182,55.7708085416165,4.2782347188782
547.663136409114,153.153294056486,4.58957055016771
NA,NA,NA
663.570672184113,333.802599985019,3.42305625063309
452.612078493632,301.601181749771,3.76848603762926
9.81310971045306,494.250774732429,3.84870613191296
557.608602972448,50.1144254313645,4.19613200908817
69.7183126744173,376.752434497727,4.07456539986559
227.502416708577,416.23192366612,3.95888812276416
427.87524031094,13.0614273161274,3.19237762947178
364.408633037983,292.903239893604,2.98293567663412
601.952722698404,104.920614223177,4.47899244704879
391.663399224927,230.156001546847,4.20501545555113
570.963672847058,415.691655102297,4.71111390342675
137.686329051882,280.638909284597,4.78534916801228
197.725973033832,373.245706815009,3.96127316529998
128.61212761185,412.003496373412,3.34610955737618
624.775023541015,314.236848867691,4.44160805996873
4.14069336560546,146.253410481762,4.28126357898877
544.5614513522,205.989555889946,4.17820869429337
34.9894981056225,491.836980343849,3.05203204827804
277.345790574216,28.1495711772063,3.83975508301826
533.4502469127,391.858473345286,3.52089934220295
78.1838137947665,83.227859613443,5.26822591814608
3.68829562453741,75.5573543262246,3.35836116696283
588.456402438921,224.709856586976,4.04972874946654
439.2732383405,457.844075595407,4.80972081146785
661.567274200574,373.051321285541,3.03892613674347
105.465858621406,491.329694511322,4.25982755029913
628.433632517137,92.6629878426126,4.08432251279913
417.932472603238,260.494428561712,3.60722818709144
13.5991015750509,182.240798606011,3.20731384616343
69.7495345514667,127.185046523291,4.4524290922621
609.347578721515,209.25906957942,4.28562752378494
247.723605372012,217.270104968944,3.37814236025688
571.040824637994,432.631615887095,3.78034101136792
301.113266866019,144.868319518872,3.80492830330216
533.718428534013,461.280191056334,3.37775483083679
59.5390526559244,414.494139981562,3.82243650362931
190.623720914704,286.775075969468,4.2789361910536
554.196102484915,265.051676641453,3.56853642115772
179.631319941567,33.0018696419195,4.1251415845802
115.691850039848,486.636951028735,4.29880389002967
496.907066785494,342.454992321489,4.4458512323043
40.0941352449182,55.7708085416165,4.2782347188782
547.663136409114,153.153294056486,4.58957055016771
NA,NA,NA
663.570672184113,333.802599985019,3.42305625063309
452.612078493632,301.601181749771,3.76848603762926
9.81310971045306,494.250774732429,3.84870613191296
557.608602972448,50.1144254313645,4.19613200908817
69.7183126744173,376.752434497727,4.07456539986559
227.502416708577,416.23192366612,3.95888812276416
427.87524031094,13.0614273161274,3.19237762947178
364.408633037983,292.903239893604,2.98293567663412
601.952722698404,104.920614223177,4.47899244704879
391.663399224927,230.156001546847,4.20501545555113
570.963672847058,415.691655102297,4.71111390342675
137.686329051882,280.638909284597,4.78534916801228
197.725973033832,373.245706815009,3.96127316529998
128.61212761185,412.003496373412,3.34610955737618
624.775023541015,314.236848867691,4.44160805996873
4.14069336560546,146.253410481762,4.28126357898877
544.5614513522,205.989555889946,4.17820869429337
34.9894981056225,491.836980343849,3.05203204827804
277.345790574216,28.1495711772063,3.83975508301826
533.4502469127,391.858473345286,3.52089934220295
78.1838137947665,83.227859613443,5.26822591814608
3.68829562453741,75.5573543262246,3.35836116696283
588.456402438921,224.709856586976,4.04972874946654
439.2732383405,457.844075595407,4.80972081146785
661.567274200574,373.051321285541,3.03892613674347
105.465858621406,491.329694511322,4.25982755029913
628.433632517137,92.6629878426126,4.08432251279913
417.932472603238,260.494428561712,3.60722818709144
13.5991015750509,182.240798606011,3.20731384616343
69.7495345514667,127.185046523291,4.4524290922621
609.347578721515,209.25906957942,4.28562752378494
247.723605372012,217.270104968944,3.37814236025688
571.040824637994,432.631615887095,3.78034101136792
301.113266866019,144.868319518872,3.80492830330216
533.718428534013,461.280191056334,3.37775483083679
59.5390526559244,414.494139981562,3.82243650362931
190.623720914704,286.775075969468,4.2789361910536
554.196102484915,265.051676641453,3.56853642115772
179.631319941567,33.0018696419195,4.1251415845802
496.907066785494,342.454992321489,4.4458512323043
40.0941352449182,55.7708085416165,4.2782347188782
547.663136409114,153.153294056486,4.58957055016771
NA,NA,NA
660.36787188385,334.005027450225,3.56734679719645
456.871982380502,302.640158673485,3.51773303579181
13.5832354748818,497.605665080572,3.72683052397933
556.978583525933,50.9032124803361,4.11742344517586
71.0816939805906,371.648475224553,3.96553176400177
227.504412350934,415.212994216052,3.82123976560133
430.447563501306,12.8360694678859,3.31842102452904
358.476418158907,292.046926682087,3.01441030039881
607.247803033889,107.854228482028,4.16589401764045
388.898996144714,228.350247456596,4.13120975909676
574.216963544048,405.295479676559,4.72603202721152
142.78870856415,278.869435464651,4.59166264496278
198.949752046431,369.676764885,4.03918346123788
124.147434993102,413.489179454053,3.50785510175051
627.450745481473,310.642074534106,4.43959048894885
1.99478053311514,147.992441055263,4.15049417065685
540.613463501035,199.33679416912,4.26728737810295
35.547083735415,490.789704442511,3.15912372329555
279.494447557793,21.9005548745914,3.93169251282724
531.668943127952,391.428222130724,3.41060616070728
66.6668138901307,76.0379773145487,5.30769505109845
3.28943851143246,77.4654495770194,3.45991418159911
587.601717828485,225.641372862569,4.00166175697492
446.279473719703,464.084635668437,4.72712803080298
657.438956202238,374.158119990171,3.27769487694174
108.067743330873,488.621257032619,4.37391116002936
625.588685763448,89.3761705420573,4.08566595605054
419.527772880426,260.521793847422,3.71156086743061
10.6867298344812,180.967678638164,3.29445364985468
72.2671278807157,127.195031274511,4.45959826233017
617.770184023604,211.673884984307,4.24552472267212
264.785809152653,218.838559690884,4.07698094281585
573.840352155068,431.643373318034,3.96758299750491
303.642016193923,141.000206104058,3.85849942512968
527.137545948391,456.147937846925,3.60431295420864
61.4028749619419,423.2917095303,3.92466004764935
191.405100136788,298.385462768151,3.91092517000923
542.874368860695,266.113216921856,3.79552012204256
182.701114956152,21.0093361622671,4.03294553458367
496.106190375125,344.061851459101,4.84040964312401
31.0217085057937,57.3396767112816,3.84185032997551
537.569107135223,146.123453804237,4.75688265691195
NA,NA,NA
660.36787188385,334.005027450225,3.56734679719645
456.871982380502,302.640158673485,3.51773303579181
13.5832354748818,497.605665080572,3.72683052397933
556.978583525933,50.9032124803361,4.11742344517586
71.0816939805906,371.648475224553,3.96553176400177
227.504412350934,415.212994216052,3.82123976560133
430.447563501306,12.8360694678859,3.31842102452904
358.476418158907,292.046926682087,3.01441030039881
607.247803033889,107.854228482028,4.16589401764045
388.898996144714,228.350247456596,4.13120975909676
574.216963544048,405.295479676559,4.72603202721152
142.78870856415,278.869435464651,4.59166264496278
198.949752046431,369.676764885,4.03918346123788
124.147434993102,413.489179454053,3.50785510175051
627.450745481473,310.642074534106,4.43959048894885
1.99478053311514,147.992441055263,4.15049417065685
540.613463501035,199.33679416912,4.26728737810295
35.547083735415,490.789704442511,3.15912372329555
279.494447557793,21.9005548745914,3.93169251282724
531.668943127952,391.428222130724,3.41060616070728
66.6668138901307,76.0379773145487,5.30769505109845
3.28943851143246,77.4654495770194,3.45991418159911
587.601717828485,225.641372862569,4.00166175697492
446.279473719703,464.084635668437,4.72712803080298
657.438956202238,374.158119990171,3.27769487694174
108.067743330873,488.621257032619,4.37391116002936
625.588685763448,89.3761705420573,4.08566595605054
419.527772880426,260.521793847422,3.71156086743061
10.6867298344812,180.967678638164,3.29445364985468
72.2671278807157,127.195031274511,4.45959826233017
617.770184023604,211.673884984307,4.24552472267212
264.785809152653,218.838559690884,4.07698094281585
573.840352155068,431.643373318034,3.96758299750491
303.642016193923,141.000206104058,3.85849942512968
527.137545948391,456.147937846925,3.60431295420864
61.4028749619419,423.2917095303,3.92466004764935
191.405100136788,298.385462768151,3.91092517000923
542.874368860695,266.113216921856,3.79552012204256
182.701114956152,21.0093361622671,4.03294553458367
496.106190375125,344.061851459101,4.84040964312401
31.0217085057937,57.3396767112816,3.84185032997551
537.569107135223,146.123453804237,4.75688265691195
NA,NA,NA
660.36787188385,334.005027450225,3.56734679719645
456.871982380502,302.640158673485,3.51773303579181
13.5832354748818,497.605665080572,3.72683052397933
556.978583525933,50.9032124803361,4.11742344517586
71.0816939805906,371.648475224553,3.96553176400177
227.504412350934,415.212994216052,3.82123976560133
430.447563501306,12.8360694678859,3.31842102452904
358.476418158907,292.046926682087,3.01441030039881
607.247803033889,107.854228482028,4.16589401764045
388.898996144714,228.350247456596,4.13120975909676
574.216963544048,405.295479676559,4.72603202721152
142.78870856415,278.869435464651,4.59166264496278
198.949752046431,369.676764885,4.03918346123788
124.147434993102,413.489179454053,3.50785510175051
627.450745481473,310.642074534106,4.43959048894885
1.99478053311514,147.992441055263,4.15049417065685
540.613463501035,199.33679416912,4.26728737810295
35.547083735415,490.789704442511,3.15912372329555
279.494447557793,21.9005548745914,3.93169251282724
531.668943127952,391.428222130724,3.41060616070728
66.6668138901307,76.0379773145487,5.30769505109845
3.28943851143246,77.4654495770194,3.45991418159911
587.601717828485,225.641372862569,4.00166175697492
446.279473719703,464.084635668437,4.72712803080298
657.438956202238,374.158119990171,3.27769487694174
108.067743330873,488.621257032619,4.37391116002936
625.588685763448,89.3761705420573,4.08566595605054
419.527772880426,260.521793847422,3.71156086743061
10.6867298344812,180.967678638164,3.29445364985468
72.2671278807157,127.195031274511,4.45959826233017
617.770184023604,211.673884984307,4.24552472267212
264.785809152653,218.838559690884,4.07698094281585
573.840352155068,431.643373318034,3.96758299750491
303.642016193923,141.000206104058,3.85849942512968
527.137545948391,456.147937846925,3.60431295420864
61.4028749619419,423.2917095303,3.92466004764935
191.405100136788,298.385462768151,3.91092517000923
542.874368860695,266.113216921856,3.79552012204256
182.701114956152,21.0093361622671,4.03294553458367
496.106190375125,344.061851459101,4.84040964312401
31.0217085057937,57.3396767112816,3.84185032997551
537.569107135223,146.123453804237,4.75688265691195
NA,NA,NA
660.36787188385,334.005027450225,3.56734679719645
456.871982380502,302.640158673485,3.51773303579181
13.5832354748818,497.605665080572,3.72683052397933
556.978583525933,50.9032124803361,4.11742344517586
71.0816939805906,371.648475224553,3.96553176400177
227.504412350934,415.212994216052,3.82123976560133
430.447563501306,12.8360694678859,3.31842102452904
358.476418158907,292.046926682087,3.01441030039881
607.247803033889,107.854228482028,4.16589401764045
388.898996144714,228.350247456596,4.13120975909676
574.216963544048,405.295479676559,4.72603202721152
142.78870856415,278.869435464651,4.59166264496278
198.949752046431,369.676764885,4.03918346123788
124.147434993102,413.489179454053,3.50785510175051
627.450745481473,310.642074534106,4.43959048894885
1.99478053311514,147.992441055263,4.15049417065685
540.613463501035,199.33679416912,4.26728737810295
35.547083735415,490.789704442511,3.15912372329555
279.494447557793,21.9005548745914,3.93169251282724
531.668943127952,391.428222130724,3.41060616070728
66.6668138901307,76.0379773145487,5.30769505109845
3.28943851143246,77.4654495770194,3.45991418159911
587.601717828485,225.641372862569,4.00166175697492
446.279473719703,464.084635668437,4.72712803080298
657.438956202238,374.158119990171,3.27769487694174
108.067743330873,488.621257032619,4.37391116002936
625.588685763448,89.3761705420573,4.08566595605054
419.527772880426,260.521793847422,3.71156086743061
10.6867298344812,180.967678638164,3.29445364985468
72.2671278807157,127.195031274511,4.45959826233017
617.770184023604,211.673884984307,4.24552472267212
264.785809152653,218.838559690884,4.07698094281585
573.840352155068,431.643373318034,3.96758299750491
303.642016193923,141.000206104058,3.85849942512968
527.137545948391,456.147937846925,3.60431295420864
61.4028749619419,423.2917095303,3.92466004764935
191.405100136788,298.385462768151,3.91092517000923
542.874368860695,266.113216921856,3.79552012204256
182.701114956152,21.0093361622671,4.03294553458367
496.106190375125,344.061851459101,4.84040964312401
31.0217085057937,57.3396767112816,3.84185032997551
537.569107135223,146.123453804237,4.75688265691195
NA,NA,NA
660.36787188385,334.005027450225,3.56734679719645
456.871982380502,302.640158673485,3.51773303579181
13.5832354748818,497.605665080572,3.72683052397933
556.978583525933,50.9032124803361,4.11742344517586
71.0816939805906,371.648475224553,3.96553176400177
227.504412350934,415.212994216052,3.82123976560133
430.447563501306,12.8360694678859,3.31842102452904
358.476418158907,292.046926682087,3.01441030039881
607.247803033889,107.854228482028,4.16589401764045
388.898996144714,228.350247456596,4.13120975909676
574.216963544048,405.295479676559,4.72603202721152
142.78870856415,278.869435464651,4.59166264496278
198.949752046431,369.676764885,4.03918346123788
124.147434993102,413.489179454053,3.50785510175051
627.450745481473,310.642074534106,4.43959048894885
1.99478053311514,147.992441055263,4.15049417065685
540.613463501035,199.33679416912,4.26728737810295
35.547083735415,490.789704442511,3.15912372329555
279.494447557793,21.9005548745914,3.93169251282724
531.668943127952,391.428222130724,3.41060616070728
66.6668138901307,76.0379773145487,5.30769505109845
3.28943851143246,77.4654495770194,3.45991418159911
587.601717828485,225.641372862569,4.00166175697492
446.279473719703,464.084635668437,4.72712803080298
657.438956202238,374.158119990171,3.27769487694174
108.067743330873,488.621257032619,4.37391116002936
625.588685763448,89.3761705420573,4.08566595605054
419.527772880426,260.521793847422,3.71156086743061
10.6867298344812,180.967678638164,3.29445364985468
72.2671278807157,127.195031274511,4.45959826233017
617.770184023604,211.673884984307,4.24552472267212
264.785809152653,218.838559690884,4.07698094281585
573.840352155068,431.643373318034,3.96758299750491
303.642016193923,141.000206104058,3.85849942512968
527.137545948391,456.147937846925,3.60431295420864
61.4028749619419,423.2917095303,3.92466004764935
191.405100136788,298.385462768151,3.91092517000923
542.874368860695,266.113216921856,3.79552012204256
182.701114956152,21.0093361622671,4.03294553458367
496.106190375125,344.061851459101,4.84040964312401
31.0217085057937,57.3396767112816,3.84185032997551
537.569107135223,146.123453804237,4.75688265691195
NA,NA,NA
660.36787188385,334.005027450225,3.56734679719645
456.871982380502,302.640158673485,3.51773303579181
13.5832354748818,497.605665080572,3.72683052397933
556.978583525933,50.9032124803361,4.11742344517586
71.0816939805906,371.648475224553,3.96553176400177
227.504412350934,415.212994216052,3.82123976560133
430.447563501306,12.8360694678859,3.31842102452904
358.476418158907,292.046926682087,3.01441030039881
607.247803033889,107.854228482028,4.16589401764045
388.898996144714,228.350247456596,4.13120975909676
574.216963544048,405.295479676559,4.72603202721152
142.78870856415,278.869435464651,4.59166264496278
198.949752046431,369.676764885,4.03918346123788
124.147434993102,413.489179454053,3.50785510175051
627.450745481473,310.642074534106,4.43959048894885
1.99478053311514,147.992441055263,4.15049417065685
540.613463501035,199.33679416912,4.26728737810295
35.547083735415,490.789704442511,3.15912372329555
279.494447557793,21.9005548745914,3.93169251282724
531.668943127952,391.428222130724,3.41060616070728
66.6668138901307,76.0379773145487,5.30769505109845
3.28943851143246,77.4654495770194,3.45991418159911
587.601717828485,225.641372862569,4.00166175697492
446.279473719703,464.084635668437,4.72712803080298
657.438956202238,374.158119990171,3.27769487694174
108.067743330873,488.621257032619,4.37391116002936
625.588685763448,89.3761705420573,4.08566595605054
419.527772880426,260.521793847422,3.71156086743061
10.6867298344812,180.967678638164,3.29445364985468
72.2671278807157,127.195031274511,4.45959826233017
617.770184023604,211.673884984307,4.24552472267212
264.785809152653,218.838559690884,4.07698094281585
573.840352155068,431.643373318034,3.96758299750491
303.642016193923,141.000206104058,3.85849942512968
527.137545948391,456.147937846925,3.60431295420864
61.4028749619419,423.2917095303,3.92466004764935
191.405100136788,298.385462768151,3.91092517000923
542.874368860695,266.113216921856,3.79552012204256
182.701114956152,21.0093361622671,4.03294553458367
496.106190375125,344.061851459101,4.84040964312401
31.0217085057937,57.3396767112816,3.84185032997551
537.569107135223,146.123453804237,4.75688265691195
NA,NA,NA
662.703537742551,338.476497643856,3.53322355770769
455.438937152463,303.463025193438,3.67762075818738
12.4413743331431,496.815522351433,3.69603593120394
566.456330920622,47.8626089290788,4.31384761186919
69.0944716559028,373.806848864546,3.94602837331786
229.789651827855,415.274280075041,3.89580645540603
427.204935051265,14.037895498033,3.29423445357141
360.992906446255,293.376873965971,3.11363732200056
604.258250116559,104.334733323399,4.32684091582395
398.221850001081,224.393102316606,4.31104849176858
568.346009753867,413.673799695757,4.73528000076033
141.956486837087,282.108155509542,4.54460688213961
202.788152461221,376.408226729994,4.09857960476786
124.338479557936,410.637452839268,3.37510430889368
625.093066598212,314.906831722273,4.52176824016172
1.13270793800348,144.405660283988,4.29887246121129
544.270404839954,202.835979152846,4.19326425360771
35.0984129458005,491.069425055403,3.08800515251978
282.230759432051,19.497891186622,3.70906164431055
533.293045881194,392.679114599246,3.51075803824932
63.4457682866547,89.2913521541334,5.19817508127699
4.09378890691206,74.4777252382575,3.54432908905545
590.514774532147,225.658498854284,3.89730594136427
439.857575376375,455.750788579984,4.77053131006335
659.131933469039,372.531838476207,2.95209981622169
104.431986659291,483.237082652006,4.39297537114269
623.08427472285,89.7872610451652,4.10906371892735
421.786350301974,258.996474022372,3.55766148688238
11.3848096593322,181.997382387676,3.15085864643222
64.8591798400369,113.988183392575,4.44060481466578
602.11246382158,201.373425214238,4.20010304359726
252.82597188637,212.703463242206,4.00277459134796
573.693895797283,431.118697285078,3.90795601967242
299.021295836962,132.802522668634,3.96771882346521
527.241510618327,461.059354115242,3.69267236003527
50.821204728746,416.492178344665,4.02394021661796
190.801795670543,276.162519424505,3.92923700703816
553.513664600436,258.142077430346,3.58112361691982
178.656903813004,52.0623222040524,4.46763221897945
495.749898007404,347.677156348418,4.5776110696847
31.8530625153487,48.6890876636321,3.53344929265317
523.21541702889,139.920278613565,4.65753139934528
NA,NA,NA
662.703537742551,338.476497643856,3.53322355770769
455.438937152463,303.463025193438,3.67762075818738
12.4413743331431,496.815522351433,3.69603593120394
566.456330920622,47.8626089290788,4.31384761186919
69.0944716559028,373.806848864546,3.94602837331786
229.789651827855,415.274280075041,3.89580645540603
427.204935051265,14.037895498033,3.29423445357141
360.992906446255,293.376873965971,3.11363732200056
604.258250116559,104.334733323399,4.32684091582395
398.221850001081,224.393102316606,4.31104849176858
568.346009753867,413.673799695757,4.73528000076033
141.956486837087,282.108155509542,4.54460688213961
202.788152461221,376.408226729994,4.09857960476786
124.338479557936,410.637452839268,3.37510430889368
625.093066598212,314.906831722273,4.52176824016172
1.13270793800348,144.405660283988,4.29887246121129
544.270404839954,202.835979152846,4.19326425360771
35.0984129458005,491.069425055403,3.08800515251978
282.230759432051,19.497891186622,3.70906164431055
533.293045881194,392.679114599246,3.51075803824932
63.4457682866547,89.2913521541334,5.19817508127699
4.09378890691206,74.4777252382575,3.54432908905545
590.514774532147,225.658498854284,3.89730594136427
439.857575376375,455.750788579984,4.77053131006335
659.131933469039,372.531838476207,2.95209981622169
104.431986659291,483.237082652006,4.39297537114269
623.08427472285,89.7872610451652,4.10906371892735
421.786350301974,258.996474022372,3.55766148688238
11.3848096593322,181.997382387676,3.15085864643222
64.8591798400369,113.988183392575,4.44060481466578
602.11246382158,201.373425214238,4.20010304359726
252.82597188637,212.703463242206,4.00277459134796
573.693895797283,431.118697285078,3.90795601967242
299.021295836962,132.802522668634,3.96771882346521
527.241510618327,461.059354115242,3.69267236003527
50.821204728746,416.492178344665,4.02394021661796
190.801795670543,276.162519424505,3.92923700703816
553.513664600436,258.142077430346,3.58112361691982
178.656903813004,52.0623222040524,4.46763221897945
495.749898007404,347.677156348418,4.5776110696847
31.8530625153487,48.6890876636321,3.53344929265317
523.21541702889,139.920278613565,4.65753139934528
NA,NA,NA
662.703537742551,338.476497643856,3.53322355770769
455.438937152463,303.463025193438,3.67762075818738
12.4413743331431,496.815522351433,3.69603593120394
566.456330920622,47.8626089290788,4.31384761186919
69.0944716559028,373.806848864546,3.94602837331786
229.789651827855,415.274280075041,3.89580645540603
427.204935051265,14.037895498033,3.29423445357141
360.992906446255,293.376873965971,3.11363732200056
604.258250116559,104.334733323399,4.32684091582395
398.221850001081,224.393102316606,4.31104849176858
568.346009753867,413.673799695757,4.73528000076033
141.956486837087,282.108155509542,4.54460688213961
202.788152461221,376.408226729994,4.09857960476786
124.338479557936,410.637452839268,3.37510430889368
625.093066598212,314.906831722273,4.52176824016172
1.13270793800348,144.405660283988,4.29887246121129
544.270404839954,202.835979152846,4.19326425360771
35.0984129458005,491.069425055403,3.08800515251978
282.230759432051,19.497891186622,3.70906164431055
533.293045881194,392.679114599246,3.51075803824932
63.4457682866547,89.2913521541334,5.19817508127699
4.09378890691206,74.4777252382575,3.54432908905545
590.514774532147,225.658498854284,3.89730594136427
439.857575376375,455.750788579984,4.77053131006335
659.131933469039,372.531838476207,2.95209981622169
104.431986659291,483.237082652006,4.39297537114269
623.08427472285,89.7872610451652,4.10906371892735
421.786350301974,258.996474022372,3.55766148688238
11.3848096593322,181.997382387676,3.15085864643222
64.8591798400369,113.988183392575,4.44060481466578
602.11246382158,201.373425214238,4.20010304359726
252.82597188637,212.703463242206,4.00277459134796
573.693895797283,431.118697285078,3.90795601967242
299.021295836962,132.802522668634,3.96771882346521
527.241510618327,461.059354115242,3.69267236003527
50.821204728746,416.492178344665,4.02394021661796
190.801795670543,276.162519424505,3.92923700703816
553.513664600436,258.142077430346,3.58112361691982
178.656903813004,52.0623222040524,4.46763221897945
495.749898007404,347.677156348418,4.5776110696847
31.8530625153487,48.6890876636321,3.53344929265317
523.21541702889,139.920278613565,4.65753139934528
NA,NA,NA
662.703537742551,338.476497643856,3.53322355770769
455.438937152463,303.463025193438,3.67762075818738
12.4413743331431,496.815522351433,3.69603593120394
566.456330920622,47.8626089290788,4.31384761186919
69.0944716559028,373.806848864546,3.94602837331786
229.789651827855,415.274280075041,3.89580645540603
427.204935051265,14.037895498033,3.29423445357141
360.992906446255,293.376873965971,3.11363732200056
604.258250116559,104.334733323399,4.32684091582395
398.221850001081,224.393102316606,4.31104849176858
568.346009753867,413.673799695757,4.73528000076033
141.956486837087,282.108155509542,4.54460688213961
202.788152461221,376.408226729994,4.09857960476786
124.338479557936,410.637452839268,3.37510430889368
625.093066598212,314.906831722273,4.52176824016172
1.13270793800348,144.405660283988,4.29887246121129
544.270404839954,202.835979152846,4.19326425360771
35.0984129458005,491.069425055403,3.08800515251978
282.230759432051,19.497891186622,3.70906164431055
533.293045881194,392.679114599246,3.51075803824932
63.4457682866547,89.2913521541334,5.19817508127699
4.09378890691206,74.4777252382575,3.54432908905545
590.514774532147,225.658498854284,3.89730594136427
439.857575376375,455.750788579984,4.77053131006335
659.131933469039,372.531838476207,2.95209981622169
104.431986659291,483.237082652006,4.39297537114269
623.08427472285,89.7872610451652,4.10906371892735
421.786350301974,258.996474022372,3.55766148688238
11.3848096593322,181.997382387676,3.15085864643222
64.8591798400369,113.988183392575,4.44060481466578
602.11246382158,201.373425214238,4.20010304359726
252.82597188637,212.703463242206,4.00277459134796
573.693895797283,431.118697285078,3.90795601967242
299.021295836962,132.802522668634,3.96771882346521
527.241510618327,461.059354115242,3.69267236003527
50.821204728746,416.492178344665,4.02394021661796
190.801795670543,276.162519424505,3.92923700703816
553.513664600436,258.142077430346,3.58112361691982
178.656903813004,52.0623222040524,4.46763221897945
495.749898007404,347.677156348418,4.5776110696847
31.8530625153487,48.6890876636321,3.53344929265317
523.21541702889,139.920278613565,4.65753139934528
NA,NA,NA
662.703537742551,338.476497643856,3.53322355770769
455.438937152463,303.463025193438,3.67762075818738
12.4413743331431,496.815522351433,3.69603593120394
566.456330920622,47.8626089290788,4.31384761186919
69.0944716559028,373.806848864546,3.94602837331786
229.789651827855,415.274280075041,3.89580645540603
427.204935051265,14.037895498033,3.29423445357141
360.992906446255,293.376873965971,3.11363732200056
604.258250116559,104.334733323399,4.32684091582395
398.221850001081,224.393102316606,4.31104849176858
568.346009753867,413.673799695757,4.73528000076033
141.956486837087,282.108155509542,4.54460688213961
202.788152461221,376.408226729994,4.09857960476786
124.338479557936,410.637452839268,3.37510430889368
625.093066598212,314.906831722273,4.52176824016172
1.13270793800348,144.405660283988,4.29887246121129
544.270404839954,202.835979152846,4.19326425360771
35.0984129458005,491.069425055403,3.08800515251978
282.230759432051,19.497891186622,3.70906164431055
533.293045881194,392.679114599246,3.51075803824932
63.4457682866547,89.2913521541334,5.19817508127699
4.09378890691206,74.4777252382575,3.54432908905545
590.514774532147,225.658498854284,3.89730594136427
439.857575376375,455.750788579984,4.77053131006335
659.131933469039,372.531838476207,2.95209981622169
104.431986659291,483.237082652006,4.39297537114269
623.08427472285,89.7872610451652,4.10906371892735
421.786350301974,258.996474022372,3.55766148688238
11.3848096593322,181.997382387676,3.15085864643222
64.8591798400369,113.988183392575,4.44060481466578
602.11246382158,201.373425214238,4.20010304359726
252.82597188637,212.703463242206,4.00277459134796
573.693895797283,431.118697285078,3.90795601967242
299.021295836962,132.802522668634,3.96771882346521
527.241510618327,461.059354115242,3.69267236003527
50.821204728746,416.492178344665,4.02394021661796
190.801795670543,276.162519424505,3.92923700703816
553.513664600436,258.142077430346,3.58112361691982
178.656903813004,52.0623222040524,4.46763221897945
495.749898007404,347.677156348418,4.5776110696847
31.8530625153487,48.6890876636321,3.53344929265317
523.21541702889,139.920278613565,4.65753139934528
NA,NA,NA
662.703537742551,338.476497643856,3.53322355770769
455.438937152463,303.463025193438,3.67762075818738
12.4413743331431,496.815522351433,3.69603593120394
566.456330920622,47.8626089290788,4.31384761186919
69.0944716559028,373.806848864546,3.94602837331786
229.789651827855,415.274280075041,3.89580645540603
427.204935051265,14.037895498033,3.29423445357141
360.992906446255,293.376873965971,3.11363732200056
604.258250116559,104.334733323399,4.32684091582395
398.221850001081,224.393102316606,4.31104849176858
568.346009753867,413.673799695757,4.73528000076033
141.956486837087,282.108155509542,4.54460688213961
202.788152461221,376.408226729994,4.09857960476786
124.338479557936,410.637452839268,3.37510430889368
625.093066598212,314.906831722273,4.52176824016172
1.13270793800348,144.405660283988,4.29887246121129
544.270404839954,202.835979152846,4.19326425360771
35.0984129458005,491.069425055403,3.08800515251978
282.230759432051,19.497891186622,3.70906164431055
533.293045881194,392.679114599246,3.51075803824932
63.4457682866547,89.2913521541334,5.19817508127699
4.09378890691206,74.4777252382575,3.54432908905545
590.514774532147,225.658498854284,3.89730594136427
439.857575376375,455.750788579984,4.77053131006335
659.131933469039,372.531838476207,2.95209981622169
104.431986659291,483.237082652006,4.39297537114269
623.08427472285,89.7872610451652,4.10906371892735
421.786350301974,258.996474022372,3.55766148688238
11.3848096593322,181.997382387676,3.15085864643222
64.8591798400369,113.988183392575,4.44060481466578
602.11246382158,201.373425214238,4.20010304359726
252.82597188637,212.703463242206,4.00277459134796
573.693895797283,431.118697285078,3.90795601967242
299.021295836962,132.802522668634,3.96771882346521
527.241510618327,461.059354115242,3.69267236003527
50.821204728746,416.492178344665,4.02394021661796
190.801795670543,276.162519424505,3.92923700703816
553.513664600436,258.142077430346,3.58112361691982
178.656903813004,52.0623222040524,4.46763221897945
495.749898007404,347.677156348418,4.5776110696847
31.8530625153487,48.6890876636321,3.53344929265317
523.21541702889,139.920278613565,4.65753139934528
NA,NA,NA
663.559582641447,332.330490072843,3.56720832123301
458.327947945627,301.933043808442,3.64849181684174
12.7197446585482,488.612811248621,3.62499664464551
563.038064366807,52.4286927242832,4.10814308322988
72.9387498629992,372.745511296178,3.92517713202928
234.90809011326,411.191301517526,3.9378022338732
428.057192074076,12.2407724647963,3.1708659473592
363.124524578567,291.252432907018,3.05087316250768
597.52822351108,106.625978461996,4.16787232988022
392.775678182827,232.503345527554,4.26912475363847
565.032175900475,403.754825569658,4.72812986253497
137.347978752987,281.014498919732,4.56864127858306
196.922929692409,366.18557889263,4.05915731577981
125.316948257247,412.910477926254,3.61033596852644
629.51395546549,316.355833967213,4.59622433421612
6.72582442179978,146.866223774089,4.26385805300036
541.872227275464,205.125338954052,4.28908080145319
32.1941013162554,489.254798123322,2.96544150245508
277.229076032075,23.4527488864467,3.87242433480337
530.678914676746,391.849838554548,3.47877321393141
71.4400306176274,75.3660135651387,5.14510488211019
3.19447086415833,79.0258672871733,3.63064181875565
583.161990107045,226.869141345901,3.96724004611291
440.208276391908,460.324293739761,4.7201700323366
659.578698518215,373.707018598719,3.05041552069174
100.872950587075,484.192889212015,4.18477017292256
620.8091194072,94.0927481461016,4.01575003816132
419.250251547537,257.867293971788,3.61868974841964
10.8954350542403,179.820425340951,3.14588460241163
62.8705880073453,101.365477885255,4.50463073480287
611.704267649552,193.509519520332,3.6078064092277
258.836703799242,214.849622509587,3.67829029427562
577.748704204306,436.042029437524,3.91892750026482
296.412820756817,132.052787929952,3.81795132873652
530.69260052634,460.760550290129,3.6653448078424
50.7465159042205,421.594740688732,3.83945595219861
202.785199013083,288.688980258624,4.13133064067793
542.089293373056,262.077641778866,4.004958874804
180.178031163874,32.7822864529873,4.23107205844602
497.74549533898,336.212669189439,4.62936642345601
39.8836874320194,49.5538874974744,4.04370225953415
529.913351225874,141.647102856465,4.46019039243076
NA,NA,NA
663.559582641447,332.330490072843,3.56720832123301
458.327947945627,301.933043808442,3.64849181684174
12.7197446585482,488.612811248621,3.62499664464551
563.038064366807,52.4286927242832,4.10814308322988
72.9387498629992,372.745511296178,3.92517713202928
234.90809011326,411.191301517526,3.9378022338732
428.057192074076,12.2407724647963,3.1708659473592
363.124524578567,291.252432907018,3.05087316250768
597.52822351108,106.625978461996,4.16787232988022
392.775678182827,232.503345527554,4.26912475363847
565.032175900475,403.754825569658,4.72812986253497
137.347978752987,281.014498919732,4.56864127858306
196.922929692409,366.18557889263,4.05915731577981
125.316948257247,412.910477926254,3.61033596852644
629.51395546549,316.355833967213,4.59622433421612
6.72582442179978,146.866223774089,4.26385805300036
541.872227275464,205.125338954052,4.28908080145319
32.1941013162554,489.254798123322,2.96544150245508
277.229076032075,23.4527488864467,3.87242433480337
530.678914676746,391.849838554548,3.47877321393141
71.4400306176274,75.3660135651387,5.14510488211019
3.19447086415833,79.0258672871733,3.63064181875565
583.161990107045,226.869141345901,3.96724004611291
440.208276391908,460.324293739761,4.7201700323366
659.578698518215,373.707018598719,3.05041552069174
100.872950587075,484.192889212015,4.18477017292256
620.8091194072,94.0927481461016,4.01575003816132
419.250251547537,257.867293971788,3.61868974841964
10.8954350542403,179.820425340951,3.14588460241163
62.8705880073453,101.365477885255,4.50463073480287
611.704267649552,193.509519520332,3.6078064092277
258.836703799242,214.849622509587,3.67829029427562
577.748704204306,436.042029437524,3.91892750026482
296.412820756817,132.052787929952,3.81795132873652
530.69260052634,460.760550290129,3.6653448078424
50.7465159042205,421.594740688732,3.83945595219861
202.785199013083,288.688980258624,4.13133064067793
542.089293373056,262.077641778866,4.004958874804
180.178031163874,32.7822864529873,4.23107205844602
497.74549533898,336.212669189439,4.62936642345601
39.8836874320194,49.5538874974744,4.04370225953415
529.913351225874,141.647102856465,4.46019039243076
NA,NA,NA
663.559582641447,332.330490072843,3.56720832123301
458.327947945627,301.933043808442,3.64849181684174
12.7197446585482,488.612811248621,3.62499664464551
563.038064366807,52.4286927242832,4.10814308322988
72.9387498629992,372.745511296178,3.92517713202928
234.90809011326,411.191301517526,3.9378022338732
428.057192074076,12.2407724647963,3.1708659473592
363.124524578567,291.252432907018,3.05087316250768
597.52822351108,106.625978461996,4.16787232988022
392.775678182827,232.503345527554,4.26912475363847
565.032175900475,403.754825569658,4.72812986253497
137.347978752987,281.014498919732,4.56864127858306
196.922929692409,366.18557889263,4.05915731577981
125.316948257247,412.910477926254,3.61033596852644
629.51395546549,316.355833967213,4.59622433421612
6.72582442179978,146.866223774089,4.26385805300036
541.872227275464,205.125338954052,4.28908080145319
32.1941013162554,489.254798123322,2.96544150245508
277.229076032075,23.4527488864467,3.87242433480337
530.678914676746,391.849838554548,3.47877321393141
71.4400306176274,75.3660135651387,5.14510488211019
3.19447086415833,79.0258672871733,3.63064181875565
583.161990107045,226.869141345901,3.96724004611291
440.208276391908,460.324293739761,4.7201700323366
659.578698518215,373.707018598719,3.05041552069174
100.872950587075,484.192889212015,4.18477017292256
620.8091194072,94.0927481461016,4.01575003816132
419.250251547537,257.867293971788,3.61868974841964
10.8954350542403,179.820425340951,3.14588460241163
62.8705880073453,101.365477885255,4.50463073480287
611.704267649552,193.509519520332,3.6078064092277
258.836703799242,214.849622509587,3.67829029427562
577.748704204306,436.042029437524,3.91892750026482
296.412820756817,132.052787929952,3.81795132873652
530.69260052634,460.760550290129,3.6653448078424
50.7465159042205,421.594740688732,3.83945595219861
202.785199013083,288.688980258624,4.13133064067793
542.089293373056,262.077641778866,4.004958874804
180.178031163874,32.7822864529873,4.23107205844602
497.74549533898,336.212669189439,4.62936642345601
39.8836874320194,49.5538874974744,4.04370225953415
529.913351225874,141.647102856465,4.46019039243076
NA,NA,NA
663.559582641447,332.330490072843,3.56720832123301
458.327947945627,301.933043808442,3.64849181684174
12.7197446585482,488.612811248621,3.62499664464551
563.038064366807,52.4286927242832,4.10814308322988
72.9387498629992,372.745511296178,3.92517713202928
234.90809011326,411.191301517526,3.9378022338732
428.057192074076,12.2407724647963,3.1708659473592
363.124524578567,291.252432907018,3.05087316250768
597.52822351108,106.625978461996,4.16787232988022
392.775678182827,232.503345527554,4.26912475363847
565.032175900475,403.754825569658,4.72812986253497
137.347978752987,281.014498919732,4.56864127858306
196.922929692409,366.18557889263,4.05915731577981
125.316948257247,412.910477926254,3.61033596852644
629.51395546549,316.355833967213,4.59622433421612
6.72582442179978,146.866223774089,4.26385805300036
541.872227275464,205.125338954052,4.28908080145319
32.1941013162554,489.254798123322,2.96544150245508
277.229076032075,23.4527488864467,3.87242433480337
530.678914676746,391.849838554548,3.47877321393141
71.4400306176274,75.3660135651387,5.14510488211019
3.19447086415833,79.0258672871733,3.63064181875565
583.161990107045,226.869141345901,3.96724004611291
440.208276391908,460.324293739761,4.7201700323366
659.578698518215,373.707018598719,3.05041552069174
100.872950587075,484.192889212015,4.18477017292256
620.8091194072,94.0927481461016,4.01575003816132
419.250251547537,257.867293971788,3.61868974841964
10.8954350542403,179.820425340951,3.14588460241163
62.8705880073453,101.365477885255,4.50463073480287
611.704267649552,193.509519520332,3.6078064092277
258.836703799242,214.849622509587,3.67829029427562
577.748704204306,436.042029437524,3.91892750026482
296.412820756817,132.052787929952,3.81795132873652
530.69260052634,460.760550290129,3.6653448078424
50.7465159042205,421.594740688732,3.83945595219861
202.785199013083,288.688980258624,4.13133064067793
542.089293373056,262.077641778866,4.004958874804
180.178031163874,32.7822864529873,4.23107205844602
497.74549533898,336.212669189439,4.62936642345601
39.8836874320194,49.5538874974744,4.04370225953415
529.913351225874,141.647102856465,4.46019039243076
NA,NA,NA
663.559582641447,332.330490072843,3.56720832123301
458.327947945627,301.933043808442,3.64849181684174
12.7197446585482,488.612811248621,3.62499664464551
563.038064366807,52.4286927242832,4.10814308322988
72.9387498629992,372.745511296178,3.92517713202928
234.90809011326,411.191301517526,3.9378022338732
428.057192074076,12.2407724647963,3.1708659473592
363.124524578567,291.252432907018,3.05087316250768
597.52822351108,106.625978461996,4.16787232988022
392.775678182827,232.503345527554,4.26912475363847
565.032175900475,403.754825569658,4.72812986253497
137.347978752987,281.014498919732,4.56864127858306
196.922929692409,366.18557889263,4.05915731577981
125.316948257247,412.910477926254,3.61033596852644
629.51395546549,316.355833967213,4.59622433421612
6.72582442179978,146.866223774089,4.26385805300036
541.872227275464,205.125338954052,4.28908080145319
32.1941013162554,489.254798123322,2.96544150245508
277.229076032075,23.4527488864467,3.87242433480337
530.678914676746,391.849838554548,3.47877321393141
71.4400306176274,75.3660135651387,5.14510488211019
3.19447086415833,79.0258672871733,3.63064181875565
583.161990107045,226.869141345901,3.96724004611291
440.208276391908,460.324293739761,4.7201700323366
659.578698518215,373.707018598719,3.05041552069174
100.872950587075,484.192889212015,4.18477017292256
620.8091194072,94.0927481461016,4.01575003816132
419.250251547537,257.867293971788,3.61868974841964
10.8954350542403,179.820425340951,3.14588460241163
62.8705880073453,101.365477885255,4.50463073480287
611.704267649552,193.509519520332,3.6078064092277
258.836703799242,214.849622509587,3.67829029427562
577.748704204306,436.042029437524,3.91892750026482
296.412820756817,132.052787929952,3.81795132873652
530.69260052634,460.760550290129,3.6653448078424
50.7465159042205,421.594740688732,3.83945595219861
202.785199013083,288.688980258624,4.13133064067793
542.089293373056,262.077641778866,4.004958874804
180.178031163874,32.7822864529873,4.23107205844602
497.74549533898,336.212669189439,4.62936642345601
39.8836874320194,49.5538874974744,4.04370225953415
529.913351225874,141.647102856465,4.46019039243076
NA,NA,NA
663.559582641447,332.330490072843,3.56720832123301
458.327947945627,301.933043808442,3.64849181684174
12.7197446585482,488.612811248621,3.62499664464551
563.038064366807,52.4286927242832,4.10814308322988
72.9387498629992,372.745511296178,3.92517713202928
234.90809011326,411.191301517526,3.9378022338732
428.057192074076,12.2407724647963,3.1708659473592
363.124524578567,291.252432907018,3.05087316250768
597.52822351108,106.625978461996,4.16787232988022
392.775678182827,232.503345527554,4.26912475363847
565.032175900475,403.754825569658,4.72812986253497
137.347978752987,281.014498919732,4.56864127858306
196.922929692409,366.18557889263,4.05915731577981
125.316948257247,412.910477926254,3.61033596852644
629.51395546549,316.355833967213,4.59622433421612
6.72582442179978,146.866223774089,4.26385805300036
541.872227275464,205.125338954052,4.28908080145319
32.1941013162554,489.254798123322,2.96544150245508
277.229076032075,23.4527488864467,3.87242433480337
530.678914676746,391.849838554548,3.47877321393141
71.4400306176274,75.3660135651387,5.14510488211019
3.19447086415833,79.0258672871733,3.63064181875565
583.161990107045,226.869141345901,3.96724004611291
440.208276391908,460.324293739761,4.7201700323366
659.578698518215,373.707018598719,3.05041552069174
100.872950587075,484.192889212015,4.18477017292256
620.8091194072,94.0927481461016,4.01575003816132
419.250251547537,257.867293971788,3.61868974841964
10.8954350542403,179.820425340951,3.14588460241163
62.8705880073453,101.365477885255,4.50463073480287
611.704267649552,193.509519520332,3.6078064092277
258.836703799242,214.849622509587,3.67829029427562
577.748704204306,436.042029437524,3.91892750026482
296.412820756817,132.052787929952,3.81795132873652
530.69260052634,460.760550290129,3.6653448078424
50.7465159042205,421.594740688732,3.83945595219861
202.785199013083,288.688980258624,4.13133064067793
542.089293373056,262.077641778866,4.004958874804
180.178031163874,32.7822864529873,4.23107205844602
497.74549533898,336.212669189439,4.62936642345601
39.8836874320194,49.5538874974744,4.04370225953415
529.913351225874,141.647102856465,4.46019039243076
NA,NA,NA
661.148633245081,331.638800162579,3.60179576309731
458.862040367525,302.334211035182,3.36563526682396
10.5294748512944,492.131061926219,3.59619163857895
559.958007051019,50.628257462898,4.2841618157476
71.9860260090739,376.698427032464,4.10775229336722
225.167100987151,415.049702989348,4.09848548918642
427.769594335957,16.1125080603046,3.37334534723649
361.109834192988,292.637886172743,3.00633015636062
604.360699545387,104.701927421166,4.17713466003944
387.602690855278,228.348320593124,4.04397627379956
566.160824370946,410.406886031452,4.79652406255114
141.463882741595,277.430853410472,4.66453102570316
199.781719742061,370.205289877374,4.01720057521843
124.722773320127,411.813007488476,3.48509221693335
627.156312045556,310.692654363591,4.41571858988181
-0.234798932970258,152.925768626273,4.3644310307872
540.981473509358,203.608971240295,4.05808821128598
32.8800751781417,492.348823876593,3.07741024530382
280.277932083082,18.4337368542033,3.7927470194502
533.796567597156,393.60246173988,3.43260340336587
70.0076951495008,77.335638212007,5.28051749800936
3.90340821119551,72.084181734244,3.46213027424215
588.634438192114,226.81996713833,3.97306818973153
434.957146886432,455.997535486081,4.77848800569878
657.966422318739,373.479413424728,3.04775139349697
104.567670142247,486.924873749006,4.3613354721228
625.996418493183,94.6081415494637,4.10833570344491
418.534478352681,255.196799888299,3.62608145949201
11.3404876833008,181.6991347017,3.22983580257488
60.0949676448516,117.785369360719,4.32076097491299
606.05169273486,197.860449026706,4.00064577331258
250.368190590351,218.170290656228,3.67267321530328
577.359839729805,425.657350853634,3.91484459658277
298.575030993098,137.906953289672,3.9584084569701
534.437557023382,456.257300471424,3.63243050699455
55.6754327691045,414.310342734186,3.8809010649032
194.218376308533,281.807234726438,4.11425427126219
543.858154425145,275.195205772722,3.6043335239654
178.089420438584,33.8454498325306,4.40942639354448
502.70630842445,342.270895856921,4.13497565969337
36.4728272297148,47.067271027542,3.9724482810353
515.359490999743,139.178101483189,4.86446162794524
NA,NA,NA
661.148633245081,331.638800162579,3.60179576309731
458.862040367525,302.334211035182,3.36563526682396
10.5294748512944,492.131061926219,3.59619163857895
559.958007051019,50.628257462898,4.2841618157476
71.9860260090739,376.698427032464,4.10775229336722
225.167100987151,415.049702989348,4.09848548918642
427.769594335957,16.1125080603046,3.37334534723649
361.109834192988,292.637886172743,3.00633015636062
604.360699545387,104.701927421166,4.17713466003944
387.602690855278,228.348320593124,4.04397627379956
566.160824370946,410.406886031452,4.79652406255114
141.463882741595,277.430853410472,4.66453102570316
199.781719742061,370.205289877374,4.01720057521843
124.722773320127,411.813007488476,3.48509221693335
627.156312045556,310.692654363591,4.41571858988181
-0.234798932970258,152.925768626273,4.3644310307872
540.981473509358,203.608971240295,4.05808821128598
32.8800751781417,492.348823876593,3.07741024530382
280.277932083082,18.4337368542033,3.7927470194502
533.796567597156,393.60246173988,3.43260340336587
70.0076951495008,77.335638212007,5.28051749800936
3.90340821119551,72.084181734244,3.46213027424215
588.634438192114,226.81996713833,3.97306818973153
434.957146886432,455.997535486081,4.77848800569878
657.966422318739,373.479413424728,3.04775139349697
104.567670142247,486.924873749006,4.3613354721228
625.996418493183,94.6081415494637,4.10833570344491
418.534478352681,255.196799888299,3.62608145949201
11.3404876833008,181.6991347017,3.22983580257488
60.0949676448516,117.785369360719,4.32076097491299
606.05169273486,197.860449026706,4.00064577331258
250.368190590351,218.170290656228,3.67267321530328
577.359839729805,425.657350853634,3.91484459658277
298.575030993098,137.906953289672,3.9584084569701
534.437557023382,456.257300471424,3.63243050699455
55.6754327691045,414.310342734186,3.8809010649032
194.218376308533,281.807234726438,4.11425427126219
543.858154425145,275.195205772722,3.6043335239654
178.089420438584,33.8454498325306,4.40942639354448
502.70630842445,342.270895856921,4.13497565969337
36.4728272297148,47.067271027542,3.9724482810353
515.359490999743,139.178101483189,4.86446162794524
NA,NA,NA
661.148633245081,331.638800162579,3.60179576309731
458.862040367525,302.334211035182,3.36563526682396
10.5294748512944,492.131061926219,3.59619163857895
559.958007051019,50.628257462898,4.2841618157476
71.9860260090739,376.698427032464,4.10775229336722
225.167100987151,415.049702989348,4.09848548918642
427.769594335957,16.1125080603046,3.37334534723649
361.109834192988,292.637886172743,3.00633015636062
604.360699545387,104.701927421166,4.17713466003944
387.602690855278,228.348320593124,4.04397627379956
566.160824370946,410.406886031452,4.79652406255114
141.463882741595,277.430853410472,4.66453102570316
199.781719742061,370.205289877374,4.01720057521843
124.722773320127,411.813007488476,3.48509221693335
627.156312045556,310.692654363591,4.41571858988181
-0.234798932970258,152.925768626273,4.3644310307872
540.981473509358,203.608971240295,4.05808821128598
32.8800751781417,492.348823876593,3.07741024530382
280.277932083082,18.4337368542033,3.7927470194502
533.796567597156,393.60246173988,3.43260340336587
70.0076951495008,77.335638212007,5.28051749800936
3.90340821119551,72.084181734244,3.46213027424215
588.634438192114,226.81996713833,3.97306818973153
434.957146886432,455.997535486081,4.77848800569878
657.966422318739,373.479413424728,3.04775139349697
104.567670142247,486.924873749006,4.3613354721228
625.996418493183,94.6081415494637,4.10833570344491
418.534478352681,255.196799888299,3.62608145949201
11.3404876833008,181.6991347017,3.22983580257488
60.0949676448516,117.785369360719,4.32076097491299
606.05169273486,197.860449026706,4.00064577331258
250.368190590351,218.170290656228,3.67267321530328
577.359839729805,425.657350853634,3.91484459658277
298.575030993098,137.906953289672,3.9584084569701
534.437557023382,456.257300471424,3.63243050699455
55.6754327691045,414.310342734186,3.8809010649032
194.218376308533,281.807234726438,4.11425427126219
543.858154425145,275.195205772722,3.6043335239654
178.089420438584,33.8454498325306,4.40942639354448
502.70630842445,342.270895856921,4.13497565969337
36.4728272297148,47.067271027542,3.9724482810353
515.359490999743,139.178101483189,4.86446162794524
NA,NA,NA
661.148633245081,331.638800162579,3.60179576309731
458.862040367525,302.334211035182,3.36563526682396
10.5294748512944,492.131061926219,3.59619163857895
559.958007051019,50.628257462898,4.2841618157476
71.9860260090739,376.698427032464,4.10775229336722
225.167100987151,415.049702989348,4.09848548918642
427.769594335957,16.1125080603046,3.37334534723649
361.109834192988,292.637886172743,3.00633015636062
604.360699545387,104.701927421166,4.17713466003944
387.602690855278,228.348320593124,4.04397627379956
566.160824370946,410.406886031452,4.79652406255114
141.463882741595,277.430853410472,4.66453102570316
199.781719742061,370.205289877374,4.01720057521843
124.722773320127,411.813007488476,3.48509221693335
627.156312045556,310.692654363591,4.41571858988181
-0.234798932970258,152.925768626273,4.3644310307872
540.981473509358,203.608971240295,4.05808821128598
32.8800751781417,492.348823876593,3.07741024530382
280.277932083082,18.4337368542033,3.7927470194502
533.796567597156,393.60246173988,3.43260340336587
70.0076951495008,77.335638212007,5.28051749800936
3.90340821119551,72.084181734244,3.46213027424215
588.634438192114,226.81996713833,3.97306818973153
434.957146886432,455.997535486081,4.77848800569878
657.966422318739,373.479413424728,3.04775139349697
104.567670142247,486.924873749006,4.3613354721228
625.996418493183,94.6081415494637,4.10833570344491
418.534478352681,255.196799888299,3.62608145949201
11.3404876833008,181.6991347017,3.22983580257488
60.0949676448516,117.785369360719,4.32076097491299
606.05169273486,197.860449026706,4.00064577331258
250.368190590351,218.170290656228,3.67267321530328
577.359839729805,425.657350853634,3.91484459658277
298.575030993098,137.906953289672,3.9584084569701
534.437557023382,456.257300471424,3.63243050699455
55.6754327691045,414.310342734186,3.8809010649032
194.218376308533,281.807234726438,4.11425427126219
543.858154425145,275.195205772722,3.6043335239654
178.089420438584,33.8454498325306,4.40942639354448
502.70630842445,342.270895856921,4.13497565969337
36.4728272297148,47.067271027542,3.9724482810353
515.359490999743,139.178101483189,4.86446162794524
NA,NA,NA
661.148633245081,331.638800162579,3.60179576309731
458.862040367525,302.334211035182,3.36563526682396
10.5294748512944,492.131061926219,3.59619163857895
559.958007051019,50.628257462898,4.2841618157476
71.9860260090739,376.698427032464,4.10775229336722
225.167100987151,415.049702989348,4.09848548918642
427.769594335957,16.1125080603046,3.37334534723649
361.109834192988,292.637886172743,3.00633015636062
604.360699545387,104.701927421166,4.17713466003944
387.602690855278,228.348320593124,4.04397627379956
566.160824370946,410.406886031452,4.79652406255114
141.463882741595,277.430853410472,4.66453102570316
199.781719742061,370.205289877374,4.01720057521843
124.722773320127,411.813007488476,3.48509221693335
627.156312045556,310.692654363591,4.41571858988181
-0.234798932970258,152.925768626273,4.3644310307872
540.981473509358,203.608971240295,4.05808821128598
32.8800751781417,492.348823876593,3.07741024530382
280.277932083082,18.4337368542033,3.7927470194502
533.796567597156,393.60246173988,3.43260340336587
70.0076951495008,77.335638212007,5.28051749800936
3.90340821119551,72.084181734244,3.46213027424215
588.634438192114,226.81996713833,3.97306818973153
434.957146886432,455.997535486081,4.77848800569878
657.966422318739,373.479413424728,3.04775139349697
104.567670142247,486.924873749006,4.3613354721228
625.996418493183,94.6081415494637,4.10833570344491
418.534478352681,255.196799888299,3.62608145949201
11.3404876833008,181.6991347017,3.22983580257488
60.0949676448516,117.785369360719,4.32076097491299
606.05169273486,197.860449026706,4.00064577331258
250.368190590351,218.170290656228,3.67267321530328
577.359839729805,425.657350853634,3.91484459658277
298.575030993098,137.906953289672,3.9584084569701
534.437557023382,456.257300471424,3.63243050699455
55.6754327691045,414.310342734186,3.8809010649032
194.218376308533,281.807234726438,4.11425427126219
543.858154425145,275.195205772722,3.6043335239654
178.089420438584,33.8454498325306,4.40942639354448
502.70630842445,342.270895856921,4.13497565969337
36.4728272297148,47.067271027542,3.9724482810353
515.359490999743,139.178101483189,4.86446162794524
NA,NA,NA
661.148633245081,331.638800162579,3.60179576309731
458.862040367525,302.334211035182,3.36563526682396
10.5294748512944,492.131061926219,3.59619163857895
559.958007051019,50.628257462898,4.2841618157476
71.9860260090739,376.698427032464,4.10775229336722
225.167100987151,415.049702989348,4.09848548918642
427.769594335957,16.1125080603046,3.37334534723649
361.109834192988,292.637886172743,3.00633015636062
604.360699545387,104.701927421166,4.17713466003944
387.602690855278,228.348320593124,4.04397627379956
566.160824370946,410.406886031452,4.79652406255114
141.463882741595,277.430853410472,4.66453102570316
199.781719742061,370.205289877374,4.01720057521843
124.722773320127,411.813007488476,3.48509221693335
627.156312045556,310.692654363591,4.41571858988181
-0.234798932970258,152.925768626273,4.3644310307872
540.981473509358,203.608971240295,4.05808821128598
32.8800751781417,492.348823876593,3.07741024530382
280.277932083082,18.4337368542033,3.7927470194502
533.796567597156,393.60246173988,3.43260340336587
70.0076951495008,77.335638212007,5.28051749800936
3.90340821119551,72.084181734244,3.46213027424215
588.634438192114,226.81996713833,3.97306818973153
434.957146886432,455.997535486081,4.77848800569878
657.966422318739,373.479413424728,3.04775139349697
104.567670142247,486.924873749006,4.3613354721228
625.996418493183,94.6081415494637,4.10833570344491
418.534478352681,255.196799888299,3.62608145949201
11.3404876833008,181.6991347017,3.22983580257488
60.0949676448516,117.785369360719,4.32076097491299
606.05169273486,197.860449026706,4.00064577331258
250.368190590351,218.170290656228,3.67267321530328
577.359839729805,425.657350853634,3.91484459658277
298.575030993098,137.906953289672,3.9584084569701
534.437557023382,456.257300471424,3.63243050699455
55.6754327691045,414.310342734186,3.8809010649032
194.218376308533,281.807234726438,4.11425427126219
543.858154425145,275.195205772722,3.6043335239654
178.089420438584,33.8454498325306,4.40942639354448
502.70630842445,342.270895856921,4.13497565969337
36.4728272297148,47.067271027542,3.9724482810353
515.359490999743,139.178101483189,4.86446162794524
NA,NA,NA
659.644960018781,337.637447399604,3.46902676863682
455.11692713238,299.665266786176,3.53309787895493
10.6725230896346,493.895379170222,3.66376038411075
564.579847638355,48.853033553889,4.28450565032188
73.0386299264676,377.391170290467,3.97282126427511
228.915255026783,414.931092957078,3.91415061544276
428.50931797181,13.3367891015924,3.33715364853985
360.500312727931,290.701191326981,2.96511620783307
608.119342878835,111.427438737232,4.27531133189252
386.351977158545,233.035149928405,4.19932602441709
567.752829880981,415.255578423218,4.78808371620327
148.661863587152,280.235641543037,4.68000932276992
197.657909446067,367.001842872915,3.97865005079847
124.94880211388,408.780707500994,3.41509302027146
628.749370575848,310.402682144523,4.59423871539591
2.40844779640888,149.276262899899,4.32552594455519
544.127865418174,211.640370182219,4.20468479548352
33.8561027849574,492.294634904767,3.04555409753624
274.016538773163,18.4640034878788,3.80785067901274
532.77054546933,391.368981525927,3.44061075630888
75.6526766515467,81.2652853014732,5.21889202855611
1.11238323447353,77.6149176772371,3.27133476705833
584.590231052417,228.007959523857,3.85692457243318
438.473053582968,464.915285613131,4.80351539148984
659.589792883005,374.310950684983,3.07527746093542
107.629703864636,487.611672074891,4.35543814677548
622.228739583557,91.9711651348186,4.05551776715229
418.401836021743,257.355146734759,3.61816544398236
12.5662570333421,182.776844167931,3.21562004992494
71.2582210434072,124.333787616453,4.50943012476874
612.9735174352,203.066522388509,4.5248596520137
257.224411119664,218.077740915921,3.94371071132855
572.65748177042,437.449495773583,3.99899162131613
299.660521073476,132.604250816011,3.89747755128086
528.59230243524,462.264283540466,3.6078203591516
46.4172587314959,422.529039838985,3.90299775293247
203.441218253474,287.11396738151,3.71475174651836
542.969539086112,258.895124717564,3.84269070680875
189.704854554458,36.3549860408502,4.22066288833704
498.580086690141,351.329528947492,4.46084981335329
37.1416110789319,52.5823183169375,3.77304073343671
527.996685026534,133.999683241917,5.07073176177221
NA,NA,NA
659.644960018781,337.637447399604,3.46902676863682
455.11692713238,299.665266786176,3.53309787895493
10.6725230896346,493.895379170222,3.66376038411075
564.579847638355,48.853033553889,4.28450565032188
73.0386299264676,377.391170290467,3.97282126427511
228.915255026783,414.931092957078,3.91415061544276
428.50931797181,13.3367891015924,3.33715364853985
360.500312727931,290.701191326981,2.96511620783307
608.119342878835,111.427438737232,4.27531133189252
386.351977158545,233.035149928405,4.19932602441709
567.752829880981,415.255578423218,4.78808371620327
148.661863587152,280.235641543037,4.68000932276992
197.657909446067,367.001842872915,3.97865005079847
124.94880211388,408.780707500994,3.41509302027146
628.749370575848,310.402682144523,4.59423871539591
2.40844779640888,149.276262899899,4.32552594455519
544.127865418174,211.640370182219,4.20468479548352
33.8561027849574,492.294634904767,3.04555409753624
274.016538773163,18.4640034878788,3.80785067901274
532.77054546933,391.368981525927,3.44061075630888
75.6526766515467,81.2652853014732,5.21889202855611
1.11238323447353,77.6149176772371,3.27133476705833
584.590231052417,228.007959523857,3.85692457243318
438.473053582968,464.915285613131,4.80351539148984
659.589792883005,374.310950684983,3.07527746093542
107.629703864636,487.611672074891,4.35543814677548
622.228739583557,91.9711651348186,4.05551776715229
418.401836021743,257.355146734759,3.61816544398236
12.5662570333421,182.776844167931,3.21562004992494
71.2582210434072,124.333787616453,4.50943012476874
612.9735174352,203.066522388509,4.5248596520137
257.224411119664,218.077740915921,3.94371071132855
572.65748177042,437.449495773583,3.99899162131613
299.660521073476,132.604250816011,3.89747755128086
528.59230243524,462.264283540466,3.6078203591516
46.4172587314959,422.529039838985,3.90299775293247
203.441218253474,287.11396738151,3.71475174651836
542.969539086112,258.895124717564,3.84269070680875
189.704854554458,36.3549860408502,4.22066288833704
498.580086690141,351.329528947492,4.46084981335329
37.1416110789319,52.5823183169375,3.77304073343671
527.996685026534,133.999683241917,5.07073176177221
NA,NA,NA
659.644960018781,337.637447399604,3.46902676863682
455.11692713238,299.665266786176,3.53309787895493
10.6725230896346,493.895379170222,3.66376038411075
564.579847638355,48.853033553889,4.28450565032188
73.0386299264676,377.391170290467,3.97282126427511
228.915255026783,414.931092957078,3.91415061544276
428.50931797181,13.3367891015924,3.33715364853985
360.500312727931,290.701191326981,2.96511620783307
608.119342878835,111.427438737232,4.27531133189252
386.351977158545,233.035149928405,4.19932602441709
567.752829880981,415.255578423218,4.78808371620327
148.661863587152,280.235641543037,4.68000932276992
197.657909446067,367.001842872915,3.97865005079847
124.94880211388,408.780707500994,3.41509302027146
628.749370575848,310.402682144523,4.59423871539591
2.40844779640888,149.276262899899,4.32552594455519
544.127865418174,211.640370182219,4.20468479548352
33.8561027849574,492.294634904767,3.04555409753624
274.016538773163,18.4640034878788,3.80785067901274
532.77054546933,391.368981525927,3.44061075630888
75.6526766515467,81.2652853014732,5.21889202855611
1.11238323447353,77.6149176772371,3.27133476705833
584.590231052417,228.007959523857,3.85692457243318
438.473053582968,464.915285613131,4.80351539148984
659.589792883005,374.310950684983,3.07527746093542
107.629703864636,487.611672074891,4.35543814677548
622.228739583557,91.9711651348186,4.05551776715229
418.401836021743,257.355146734759,3.61816544398236
12.5662570333421,182.776844167931,3.21562004992494
71.2582210434072,124.333787616453,4.50943012476874
612.9735174352,203.066522388509,4.5248596520137
257.224411119664,218.077740915921,3.94371071132855
572.65748177042,437.449495773583,3.99899162131613
299.660521073476,132.604250816011,3.89747755128086
528.59230243524,462.264283540466,3.6078203591516
46.4172587314959,422.529039838985,3.90299775293247
203.441218253474,287.11396738151,3.71475174651836
542.969539086112,258.895124717564,3.84269070680875
189.704854554458,36.3549860408502,4.22066288833704
498.580086690141,351.329528947492,4.46084981335329
37.1416110789319,52.5823183169375,3.77304073343671
527.996685026534,133.999683241917,5.07073176177221
NA,NA,NA
659.644960018781,337.637447399604,3.46902676863682
455.11692713238,299.665266786176,3.53309787895493
10.6725230896346,493.895379170222,3.66376038411075
564.579847638355,48.853033553889,4.28450565032188
73.0386299264676,377.391170290467,3.97282126427511
228.915255026783,414.931092957078,3.91415061544276
428.50931797181,13.3367891015924,3.33715364853985
360.500312727931,290.701191326981,2.96511620783307
608.119342878835,111.427438737232,4.27531133189252
386.351977158545,233.035149928405,4.19932602441709
567.752829880981,415.255578423218,4.78808371620327
148.661863587152,280.235641543037,4.68000932276992
197.657909446067,367.001842872915,3.97865005079847
124.94880211388,408.780707500994,3.41509302027146
628.749370575848,310.402682144523,4.59423871539591
2.40844779640888,149.276262899899,4.32552594455519
544.127865418174,211.640370182219,4.20468479548352
33.8561027849574,492.294634904767,3.04555409753624
274.016538773163,18.4640034878788,3.80785067901274
532.77054546933,391.368981525927,3.44061075630888
75.6526766515467,81.2652853014732,5.21889202855611
1.11238323447353,77.6149176772371,3.27133476705833
584.590231052417,228.007959523857,3.85692457243318
438.473053582968,464.915285613131,4.80351539148984
659.589792883005,374.310950684983,3.07527746093542
107.629703864636,487.611672074891,4.35543814677548
622.228739583557,91.9711651348186,4.05551776715229
418.401836021743,257.355146734759,3.61816544398236
12.5662570333421,182.776844167931,3.21562004992494
71.2582210434072,124.333787616453,4.50943012476874
612.9735174352,203.066522388509,4.5248596520137
257.224411119664,218.077740915921,3.94371071132855
572.65748177042,437.449495773583,3.99899162131613
299.660521073476,132.604250816011,3.89747755128086
528.59230243524,462.264283540466,3.6078203591516
46.4172587314959,422.529039838985,3.90299775293247
203.441218253474,287.11396738151,3.71475174651836
542.969539086112,258.895124717564,3.84269070680875
189.704854554458,36.3549860408502,4.22066288833704
498.580086690141,351.329528947492,4.46084981335329
37.1416110789319,52.5823183169375,3.77304073343671
527.996685026534,133.999683241917,5.07073176177221
NA,NA,NA
659.644960018781,337.637447399604,3.46902676863682
455.11692713238,299.665266786176,3.53309787895493
10.6725230896346,493.895379170222,3.66376038411075
564.579847638355,48.853033553889,4.28450565032188
73.0386299264676,377.391170290467,3.97282126427511
228.915255026783,414.931092957078,3.91415061544276
428.50931797181,13.3367891015924,3.33715364853985
360.500312727931,290.701191326981,2.96511620783307
608.119342878835,111.427438737232,4.27531133189252
386.351977158545,233.035149928405,4.19932602441709
567.752829880981,415.255578423218,4.78808371620327
148.661863587152,280.235641543037,4.68000932276992
197.657909446067,367.001842872915,3.97865005079847
124.94880211388,408.780707500994,3.41509302027146
628.749370575848,310.402682144523,4.59423871539591
2.40844779640888,149.276262899899,4.32552594455519
544.127865418174,211.640370182219,4.20468479548352
33.8561027849574,492.294634904767,3.04555409753624
274.016538773163,18.4640034878788,3.80785067901274
532.77054546933,391.368981525927,3.44061075630888
75.6526766515467,81.2652853014732,5.21889202855611
1.11238323447353,77.6149176772371,3.27133476705833
584.590231052417,228.007959523857,3.85692457243318
438.473053582968,464.915285613131,4.80351539148984
659.589792883005,374.310950684983,3.07527746093542
107.629703864636,487.611672074891,4.35543814677548
622.228739583557,91.9711651348186,4.05551776715229
418.401836021743,257.355146734759,3.61816544398236
12.5662570333421,182.776844167931,3.21562004992494
71.2582210434072,124.333787616453,4.50943012476874
612.9735174352,203.066522388509,4.5248596520137
257.224411119664,218.077740915921,3.94371071132855
572.65748177042,437.449495773583,3.99899162131613
299.660521073476,132.604250816011,3.89747755128086
528.59230243524,462.264283540466,3.6078203591516
46.4172587314959,422.529039838985,3.90299775293247
203.441218253474,287.11396738151,3.71475174651836
542.969539086112,258.895124717564,3.84269070680875
189.704854554458,36.3549860408502,4.22066288833704
498.580086690141,351.329528947492,4.46084981335329
37.1416110789319,52.5823183169375,3.77304073343671
527.996685026534,133.999683241917,5.07073176177221
NA,NA,NA
659.644960018781,337.637447399604,3.46902676863682
455.11692713238,299.665266786176,3.53309787895493
10.6725230896346,493.895379170222,3.66376038411075
564.579847638355,48.853033553889,4.28450565032188
73.0386299264676,377.391170290467,3.97282126427511
228.915255026783,414.931092957078,3.91415061544276
428.50931797181,13.3367891015924,3.33715364853985
360.500312727931,290.701191326981,2.96511620783307
608.119342878835,111.427438737232,4.27531133189252
386.351977158545,233.035149928405,4.19932602441709
567.752829880981,415.255578423218,4.78808371620327
148.661863587152,280.235641543037,4.68000932276992
197.657909446067,367.001842872915,3.97865005079847
124.94880211388,408.780707500994,3.41509302027146
628.749370575848,310.402682144523,4.59423871539591
2.40844779640888,149.276262899899,4.32552594455519
544.127865418174,211.640370182219,4.20468479548352
33.8561027849574,492.294634904767,3.04555409753624
274.016538773163,18.4640034878788,3.80785067901274
532.77054546933,391.368981525927,3.44061075630888
75.6526766515467,81.2652853014732,5.21889202855611
1.11238323447353,77.6149176772371,3.27133476705833
584.590231052417,228.007959523857,3.85692457243318
438.473053582968,464.915285613131,4.80351539148984
659.589792883005,374.310950684983,3.07527746093542
107.629703864636,487.611672074891,4.35543814677548
622.228739583557,91.9711651348186,4.05551776715229
418.401836021743,257.355146734759,3.61816544398236
12.5662570333421,182.776844167931,3.21562004992494
71.2582210434072,124.333787616453,4.50943012476874
612.9735174352,203.066522388509,4.5248596520137
257.224411119664,218.077740915921,3.94371071132855
572.65748177042,437.449495773583,3.99899162131613
299.660521073476,132.604250816011,3.89747755128086
528.59230243524,462.264283540466,3.6078203591516
46.4172587314959,422.529039838985,3.90299775293247
203.441218253474,287.11396738151,3.71475174651836
542.969539086112,258.895124717564,3.84269070680875
189.704854554458,36.3549860408502,4.22066288833704
498.580086690141,351.329528947492,4.46084981335329
37.1416110789319,52.5823183169375,3.77304073343671
527.996685026534,133.999683241917,5.07073176177221
NA,NA,NA
663.793607641711,334.091470713633,3.54235200655711
459.396255410654,299.291987023536,3.61231482714975
11.1796493238579,496.105032421083,3.71182105985153
558.007656896698,51.5982892655915,4.29577090838723
67.7367320712546,375.010450727718,3.90907653930776
231.107824364421,414.805859416452,3.87854188564235
428.369682649725,11.6919969637992,3.232430790552
361.333007481474,291.926877820063,2.95652024048751
604.4821366913,109.729087940172,4.29437907873845
395.54798577245,233.133897164031,4.14470942214477
572.684738454659,405.336646304594,4.80874509081029
142.27202968572,290.714465992458,4.66546439300957
195.566568669325,369.912798999989,3.94713052427529
123.276961896856,410.29559381129,3.31893064102556
623.082040953211,312.736664163435,4.69768587917328
-5.08139566667322,146.948099900178,4.21371498013702
540.572101709301,203.448895934623,4.25612412486103
34.9373568729502,492.307577423964,2.85374884132737
278.73431107885,20.092726044961,3.83736116686431
532.77801854112,390.965518310586,3.39134285541969
76.509717548993,82.609809088226,5.20929005182942
5.75983928028456,79.7591177809096,3.47709899193226
586.049039631269,229.830401099334,3.98042081389498
440.563784484346,457.662292794303,4.82667837454583
659.264026263159,373.661093351791,2.8993666091325
104.631288195239,488.231798125932,4.37097421866088
625.287222425612,88.2658799897247,4.0339163029973
421.819006761061,261.199231294773,3.51912018646052
11.0913015880594,184.966348762201,3.209425079205
66.6803255016344,130.62321866608,4.42607776214276
605.983116470114,205.585132373288,4.26763596500628
247.576970389136,219.745992853512,3.82325224931665
581.757648174958,433.498763704661,3.6415635466241
304.34220435789,134.824766573933,3.87176660169025
529.417027583652,457.404484495229,3.38837620907014
44.9410279008353,411.991506343475,3.79435063071954
203.79361642654,305.429428452887,4.11717422302686
551.728000174347,258.477568928317,3.92403453891768
178.466152867706,40.0734574612677,4.21536545396372
499.032738000803,345.862668970545,4.90306966646571
44.5666273884626,57.1469013699514,3.906067686817
540.622570375766,149.655325505153,4.45484342792748
NA,NA,NA
663.793607641711,334.091470713633,3.54235200655711
459.396255410654,299.291987023536,3.61231482714975
11.1796493238579,496.105032421083,3.71182105985153
558.007656896698,51.5982892655915,4.29577090838723
67.7367320712546,375.010450727718,3.90907653930776
231.107824364421,414.805859416452,3.87854188564235
428.369682649725,11.6919969637992,3.232430790552
361.333007481474,291.926877820063,2.95652024048751
604.4821366913,109.729087940172,4.29437907873845
395.54798577245,233.133897164031,4.14470942214477
572.684738454659,405.336646304594,4.80874509081029
142.27202968572,290.714465992458,4.66546439300957
195.566568669325,369.912798999989,3.94713052427529
123.276961896856,410.29559381129,3.31893064102556
623.082040953211,312.736664163435,4.69768587917328
-5.08139566667322,146.948099900178,4.21371498013702
540.572101709301,203.448895934623,4.25612412486103
34.9373568729502,492.307577423964,2.85374884132737
278.73431107885,20.092726044961,3.83736116686431
532.77801854112,390.965518310586,3.39134285541969
76.509717548993,82.609809088226,5.20929005182942
5.75983928028456,79.7591177809096,3.47709899193226
586.049039631269,229.830401099334,3.98042081389498
440.563784484346,457.662292794303,4.82667837454583
659.264026263159,373.661093351791,2.8993666091325
104.631288195239,488.231798125932,4.37097421866088
625.287222425612,88.2658799897247,4.0339163029973
421.819006761061,261.199231294773,3.51912018646052
11.0913015880594,184.966348762201,3.209425079205
66.6803255016344,130.62321866608,4.42607776214276
605.983116470114,205.585132373288,4.26763596500628
247.576970389136,219.745992853512,3.82325224931665
581.757648174958,433.498763704661,3.6415635466241
304.34220435789,134.824766573933,3.87176660169025
529.417027583652,457.404484495229,3.38837620907014
44.9410279008353,411.991506343475,3.79435063071954
203.79361642654,305.429428452887,4.11717422302686
551.728000174347,258.477568928317,3.92403453891768
178.466152867706,40.0734574612677,4.21536545396372
499.032738000803,345.862668970545,4.90306966646571
44.5666273884626,57.1469013699514,3.906067686817
540.622570375766,149.655325505153,4.45484342792748
NA,NA,NA
663.793607641711,334.091470713633,3.54235200655711
459.396255410654,299.291987023536,3.61231482714975
11.1796493238579,496.105032421083,3.71182105985153
558.007656896698,51.5982892655915,4.29577090838723
67.7367320712546,375.010450727718,3.90907653930776
231.107824364421,414.805859416452,3.87854188564235
428.369682649725,11.6919969637992,3.232430790552
361.333007481474,291.926877820063,2.95652024048751
604.4821366913,109.729087940172,4.29437907873845
395.54798577245,233.133897164031,4.14470942214477
572.684738454659,405.336646304594,4.80874509081029
142.27202968572,290.714465992458,4.66546439300957
195.566568669325,369.912798999989,3.94713052427529
123.276961896856,410.29559381129,3.31893064102556
623.082040953211,312.736664163435,4.69768587917328
-5.08139566667322,146.948099900178,4.21371498013702
540.572101709301,203.448895934623,4.25612412486103
34.9373568729502,492.307577423964,2.85374884132737
278.73431107885,20.092726044961,3.83736116686431
532.77801854112,390.965518310586,3.39134285541969
76.509717548993,82.609809088226,5.20929005182942
5.75983928028456,79.7591177809096,3.47709899193226
586.049039631269,229.830401099334,3.98042081389498
440.563784484346,457.662292794303,4.82667837454583
659.264026263159,373.661093351791,2.8993666091325
104.631288195239,488.231798125932,4.37097421866088
625.287222425612,88.2658799897247,4.0339163029973
421.819006761061,261.199231294773,3.51912018646052
11.0913015880594,184.966348762201,3.209425079205
66.6803255016344,130.62321866608,4.42607776214276
605.983116470114,205.585132373288,4.26763596500628
247.576970389136,219.745992853512,3.82325224931665
581.757648174958,433.498763704661,3.6415635466241
304.34220435789,134.824766573933,3.87176660169025
529.417027583652,457.404484495229,3.38837620907014
44.9410279008353,411.991506343475,3.79435063071954
203.79361642654,305.429428452887,4.11717422302686
551.728000174347,258.477568928317,3.92403453891768
178.466152867706,40.0734574612677,4.21536545396372
499.032738000803,345.862668970545,4.90306966646571
44.5666273884626,57.1469013699514,3.906067686817
540.622570375766,149.655325505153,4.45484342792748
NA,NA,NA
663.793607641711,334.091470713633,3.54235200655711
459.396255410654,299.291987023536,3.61231482714975
11.1796493238579,496.105032421083,3.71182105985153
558.007656896698,51.5982892655915,4.29577090838723
67.7367320712546,375.010450727718,3.90907653930776
231.107824364421,414.805859416452,3.87854188564235
428.369682649725,11.6919969637992,3.232430790552
361.333007481474,291.926877820063,2.95652024048751
604.4821366913,109.729087940172,4.29437907873845
395.54798577245,233.133897164031,4.14470942214477
572.684738454659,405.336646304594,4.80874509081029
142.27202968572,290.714465992458,4.66546439300957
195.566568669325,369.912798999989,3.94713052427529
123.276961896856,410.29559381129,3.31893064102556
623.082040953211,312.736664163435,4.69768587917328
-5.08139566667322,146.948099900178,4.21371498013702
540.572101709301,203.448895934623,4.25612412486103
34.9373568729502,492.307577423964,2.85374884132737
278.73431107885,20.092726044961,3.83736116686431
532.77801854112,390.965518310586,3.39134285541969
76.509717548993,82.609809088226,5.20929005182942
5.75983928028456,79.7591177809096,3.47709899193226
586.049039631269,229.830401099334,3.98042081389498
440.563784484346,457.662292794303,4.82667837454583
659.264026263159,373.661093351791,2.8993666091325
104.631288195239,488.231798125932,4.37097421866088
625.287222425612,88.2658799897247,4.0339163029973
421.819006761061,261.199231294773,3.51912018646052
11.0913015880594,184.966348762201,3.209425079205
66.6803255016344,130.62321866608,4.42607776214276
605.983116470114,205.585132373288,4.26763596500628
247.576970389136,219.745992853512,3.82325224931665
581.757648174958,433.498763704661,3.6415635466241
304.34220435789,134.824766573933,3.87176660169025
529.417027583652,457.404484495229,3.38837620907014
44.9410279008353,411.991506343475,3.79435063071954
203.79361642654,305.429428452887,4.11717422302686
551.728000174347,258.477568928317,3.92403453891768
178.466152867706,40.0734574612677,4.21536545396372
499.032738000803,345.862668970545,4.90306966646571
44.5666273884626,57.1469013699514,3.906067686817
540.622570375766,149.655325505153,4.45484342792748
NA,NA,NA
663.793607641711,334.091470713633,3.54235200655711
459.396255410654,299.291987023536,3.61231482714975
11.1796493238579,496.105032421083,3.71182105985153
558.007656896698,51.5982892655915,4.29577090838723
67.7367320712546,375.010450727718,3.90907653930776
231.107824364421,414.805859416452,3.87854188564235
428.369682649725,11.6919969637992,3.232430790552
361.333007481474,291.926877820063,2.95652024048751
604.4821366913,109.729087940172,4.29437907873845
395.54798577245,233.133897164031,4.14470942214477
572.684738454659,405.336646304594,4.80874509081029
142.27202968572,290.714465992458,4.66546439300957
195.566568669325,369.912798999989,3.94713052427529
123.276961896856,410.29559381129,3.31893064102556
623.082040953211,312.736664163435,4.69768587917328
-5.08139566667322,146.948099900178,4.21371498013702
540.572101709301,203.448895934623,4.25612412486103
34.9373568729502,492.307577423964,2.85374884132737
278.73431107885,20.092726044961,3.83736116686431
532.77801854112,390.965518310586,3.39134285541969
76.509717548993,82.609809088226,5.20929005182942
5.75983928028456,79.7591177809096,3.47709899193226
586.049039631269,229.830401099334,3.98042081389498
440.563784484346,457.662292794303,4.82667837454583
659.264026263159,373.661093351791,2.8993666091325
104.631288195239,488.231798125932,4.37097421866088
625.287222425612,88.2658799897247,4.0339163029973
421.819006761061,261.199231294773,3.51912018646052
11.0913015880594,184.966348762201,3.209425079205
66.6803255016344,130.62321866608,4.42607776214276
605.983116470114,205.585132373288,4.26763596500628
247.576970389136,219.745992853512,3.82325224931665
581.757648174958,433.498763704661,3.6415635466241
304.34220435789,134.824766573933,3.87176660169025
529.417027583652,457.404484495229,3.38837620907014
44.9410279008353,411.991506343475,3.79435063071954
203.79361642654,305.429428452887,4.11717422302686
551.728000174347,258.477568928317,3.92403453891768
178.466152867706,40.0734574612677,4.21536545396372
499.032738000803,345.862668970545,4.90306966646571
44.5666273884626,57.1469013699514,3.906067686817
540.622570375766,149.655325505153,4.45484342792748
NA,NA,NA
663.793607641711,334.091470713633,3.54235200655711
459.396255410654,299.291987023536,3.61231482714975
11.1796493238579,496.105032421083,3.71182105985153
558.007656896698,51.5982892655915,4.29577090838723
67.7367320712546,375.010450727718,3.90907653930776
231.107824364421,414.805859416452,3.87854188564235
428.369682649725,11.6919969637992,3.232430790552
361.333007481474,291.926877820063,2.95652024048751
604.4821366913,109.729087940172,4.29437907873845
395.54798577245,233.133897164031,4.14470942214477
572.684738454659,405.336646304594,4.80874509081029
142.27202968572,290.714465992458,4.66546439300957
195.566568669325,369.912798999989,3.94713052427529
123.276961896856,410.29559381129,3.31893064102556
623.082040953211,312.736664163435,4.69768587917328
-5.08139566667322,146.948099900178,4.21371498013702
540.572101709301,203.448895934623,4.25612412486103
34.9373568729502,492.307577423964,2.85374884132737
278.73431107885,20.092726044961,3.83736116686431
532.77801854112,390.965518310586,3.39134285541969
76.509717548993,82.609809088226,5.20929005182942
5.75983928028456,79.7591177809096,3.47709899193226
586.049039631269,229.830401099334,3.98042081389498
440.563784484346,457.662292794303,4.82667837454583
659.264026263159,373.661093351791,2.8993666091325
104.631288195239,488.231798125932,4.37097421866088
625.287222425612,88.2658799897247,4.0339163029973
421.819006761061,261.199231294773,3.51912018646052
11.0913015880594,184.966348762201,3.209425079205
66.6803255016344,130.62321866608,4.42607776214276
605.983116470114,205.585132373288,4.26763596500628
247.576970389136,219.745992853512,3.82325224931665
581.757648174958,433.498763704661,3.6415635466241
304.34220435789,134.824766573933,3.87176660169025
529.417027583652,457.404484495229,3.38837620907014
44.9410279008353,411.991506343475,3.79435063071954
203.79361642654,305.429428452887,4.11717422302686
551.728000174347,258.477568928317,3.92403453891768
178.466152867706,40.0734574612677,4.21536545396372
499.032738000803,345.862668970545,4.90306966646571
44.5666273884626,57.1469013699514,3.906067686817
540.622570375766,149.655325505153,4.45484342792748
NA,NA,NA
665.115504058544,331.167835539586,3.59175574762052
458.179710091691,300.931968510142,3.40380107090414
9.3643007349952,494.217205766403,3.57404473256594
565.21347056097,53.2871078682604,4.09292835698214
71.3461134010035,374.639095250854,4.01029963047935
231.006720670511,411.605269399557,3.79664487553086
427.633259344097,11.3967723984289,3.37896231620132
361.077250941162,291.575591805467,3.05572204053108
603.2725249452,106.150446157509,4.18847965146594
393.442979622553,233.433963511908,4.27895791847896
567.803928257081,406.317847087684,4.77579865694746
140.670129211558,275.93387751352,4.50667712926732
199.685747005592,370.477916176912,4.06179609575407
125.703669152389,410.585758656022,3.33735386414803
626.562927340571,312.400995475805,4.61539894427782
-0.943374744842465,154.839535006856,4.28726796959387
540.127230875708,203.039499093178,4.24790583867861
34.8139235172254,490.598104633067,3.01905677801488
278.326806572581,20.2409930243861,3.93222201634093
535.307704406995,393.281387153303,3.44529067127988
72.9387607584888,73.71642515561,5.27242007762345
5.55064672470376,79.0581142596918,3.46865743175871
588.552527148575,224.449551695757,4.01669121459448
441.143518569261,463.649142635137,4.75608195307914
658.60693084628,373.297323874673,3.03563347937493
103.130863125332,489.934875128202,4.35354186587082
623.598173007041,93.0921448838186,4.09104751748586
419.671932462287,258.315579297649,3.60693591279527
10.0151874262662,182.487607983472,3.26488944155532
66.2943706245741,118.513822388205,4.46400881051876
605.643181132751,199.352476144146,4.2214937278112
260.072408902299,219.139124397463,3.82757044178249
577.68875636166,428.803471625702,4.02703557843069
298.159292248853,139.720191685367,3.93508061662287
527.969233291324,459.433632165539,3.25377926571784
52.0231118434396,404.757858267981,3.83929248543343
191.314296823932,293.239456317085,4.24602218643151
550.91314324686,257.735781018,3.94212449715027
168.585811066588,29.4335803131214,4.42548970588475
508.783138107862,345.782359069302,4.50963453579221
40.4289796997216,55.7931756478103,3.77992114553005
540.928104711703,142.445034219127,4.46973632179298
NA,NA,NA
665.115504058544,331.167835539586,3.59175574762052
458.179710091691,300.931968510142,3.40380107090414
9.3643007349952,494.217205766403,3.57404473256594
565.21347056097,53.2871078682604,4.09292835698214
71.3461134010035,374.639095250854,4.01029963047935
231.006720670511,411.605269399557,3.79664487553086
427.633259344097,11.3967723984289,3.37896231620132
361.077250941162,291.575591805467,3.05572204053108
603.2725249452,106.150446157509,4.18847965146594
393.442979622553,233.433963511908,4.27895791847896
567.803928257081,406.317847087684,4.77579865694746
140.670129211558,275.93387751352,4.50667712926732
199.685747005592,370.477916176912,4.06179609575407
125.703669152389,410.585758656022,3.33735386414803
626.562927340571,312.400995475805,4.61539894427782
-0.943374744842465,154.839535006856,4.28726796959387
540.127230875708,203.039499093178,4.24790583867861
34.8139235172254,490.598104633067,3.01905677801488
278.326806572581,20.2409930243861,3.93222201634093
535.307704406995,393.281387153303,3.44529067127988
72.9387607584888,73.71642515561,5.27242007762345
5.55064672470376,79.0581142596918,3.46865743175871
588.552527148575,224.449551695757,4.01669121459448
441.143518569261,463.649142635137,4.75608195307914
658.60693084628,373.297323874673,3.03563347937493
103.130863125332,489.934875128202,4.35354186587082
623.598173007041,93.0921448838186,4.09104751748586
419.671932462287,258.315579297649,3.60693591279527
10.0151874262662,182.487607983472,3.26488944155532
66.2943706245741,118.513822388205,4.46400881051876
605.643181132751,199.352476144146,4.2214937278112
260.072408902299,219.139124397463,3.82757044178249
577.68875636166,428.803471625702,4.02703557843069
298.159292248853,139.720191685367,3.93508061662287
527.969233291324,459.433632165539,3.25377926571784
52.0231118434396,404.757858267981,3.83929248543343
191.314296823932,293.239456317085,4.24602218643151
550.91314324686,257.735781018,3.94212449715027
168.585811066588,29.4335803131214,4.42548970588475
508.783138107862,345.782359069302,4.50963453579221
40.4289796997216,55.7931756478103,3.77992114553005
540.928104711703,142.445034219127,4.46973632179298
NA,NA,NA
665.115504058544,331.167835539586,3.59175574762052
458.179710091691,300.931968510142,3.40380107090414
9.3643007349952,494.217205766403,3.57404473256594
565.21347056097,53.2871078682604,4.09292835698214
71.3461134010035,374.639095250854,4.01029963047935
231.006720670511,411.605269399557,3.79664487553086
427.633259344097,11.3967723984289,3.37896231620132
361.077250941162,291.575591805467,3.05572204053108
603.2725249452,106.150446157509,4.18847965146594
393.442979622553,233.433963511908,4.27895791847896
567.803928257081,406.317847087684,4.77579865694746
140.670129211558,275.93387751352,4.50667712926732
199.685747005592,370.477916176912,4.06179609575407
125.703669152389,410.585758656022,3.33735386414803
626.562927340571,312.400995475805,4.61539894427782
-0.943374744842465,154.839535006856,4.28726796959387
540.127230875708,203.039499093178,4.24790583867861
34.8139235172254,490.598104633067,3.01905677801488
278.326806572581,20.2409930243861,3.93222201634093
535.307704406995,393.281387153303,3.44529067127988
72.9387607584888,73.71642515561,5.27242007762345
5.55064672470376,79.0581142596918,3.46865743175871
588.552527148575,224.449551695757,4.01669121459448
441.143518569261,463.649142635137,4.75608195307914
658.60693084628,373.297323874673,3.03563347937493
103.130863125332,489.934875128202,4.35354186587082
623.598173007041,93.0921448838186,4.09104751748586
419.671932462287,258.315579297649,3.60693591279527
10.0151874262662,182.487607983472,3.26488944155532
66.2943706245741,118.513822388205,4.46400881051876
605.643181132751,199.352476144146,4.2214937278112
260.072408902299,219.139124397463,3.82757044178249
577.68875636166,428.803471625702,4.02703557843069
298.159292248853,139.720191685367,3.93508061662287
527.969233291324,459.433632165539,3.25377926571784
52.0231118434396,404.757858267981,3.83929248543343
191.314296823932,293.239456317085,4.24602218643151
550.91314324686,257.735781018,3.94212449715027
168.585811066588,29.4335803131214,4.42548970588475
508.783138107862,345.782359069302,4.50963453579221
40.4289796997216,55.7931756478103,3.77992114553005
540.928104711703,142.445034219127,4.46973632179298
NA,NA,NA
665.115504058544,331.167835539586,3.59175574762052
458.179710091691,300.931968510142,3.40380107090414
9.3643007349952,494.217205766403,3.57404473256594
565.21347056097,53.2871078682604,4.09292835698214
71.3461134010035,374.639095250854,4.01029963047935
231.006720670511,411.605269399557,3.79664487553086
427.633259344097,11.3967723984289,3.37896231620132
361.077250941162,291.575591805467,3.05572204053108
603.2725249452,106.150446157509,4.18847965146594
393.442979622553,233.433963511908,4.27895791847896
567.803928257081,406.317847087684,4.77579865694746
140.670129211558,275.93387751352,4.50667712926732
199.685747005592,370.477916176912,4.06179609575407
125.703669152389,410.585758656022,3.33735386414803
626.562927340571,312.400995475805,4.61539894427782
-0.943374744842465,154.839535006856,4.28726796959387
540.127230875708,203.039499093178,4.24790583867861
34.8139235172254,490.598104633067,3.01905677801488
278.326806572581,20.2409930243861,3.93222201634093
535.307704406995,393.281387153303,3.44529067127988
72.9387607584888,73.71642515561,5.27242007762345
5.55064672470376,79.0581142596918,3.46865743175871
588.552527148575,224.449551695757,4.01669121459448
441.143518569261,463.649142635137,4.75608195307914
658.60693084628,373.297323874673,3.03563347937493
103.130863125332,489.934875128202,4.35354186587082
623.598173007041,93.0921448838186,4.09104751748586
419.671932462287,258.315579297649,3.60693591279527
10.0151874262662,182.487607983472,3.26488944155532
66.2943706245741,118.513822388205,4.46400881051876
605.643181132751,199.352476144146,4.2214937278112
260.072408902299,219.139124397463,3.82757044178249
577.68875636166,428.803471625702,4.02703557843069
298.159292248853,139.720191685367,3.93508061662287
527.969233291324,459.433632165539,3.25377926571784
52.0231118434396,404.757858267981,3.83929248543343
191.314296823932,293.239456317085,4.24602218643151
550.91314324686,257.735781018,3.94212449715027
168.585811066588,29.4335803131214,4.42548970588475
508.783138107862,345.782359069302,4.50963453579221
40.4289796997216,55.7931756478103,3.77992114553005
540.928104711703,142.445034219127,4.46973632179298
NA,NA,NA
665.115504058544,331.167835539586,3.59175574762052
458.179710091691,300.931968510142,3.40380107090414
9.3643007349952,494.217205766403,3.57404473256594
565.21347056097,53.2871078682604,4.09292835698214
71.3461134010035,374.639095250854,4.01029963047935
231.006720670511,411.605269399557,3.79664487553086
427.633259344097,11.3967723984289,3.37896231620132
361.077250941162,291.575591805467,3.05572204053108
603.2725249452,106.150446157509,4.18847965146594
393.442979622553,233.433963511908,4.27895791847896
567.803928257081,406.317847087684,4.77579865694746
140.670129211558,275.93387751352,4.50667712926732
199.685747005592,370.477916176912,4.06179609575407
125.703669152389,410.585758656022,3.33735386414803
626.562927340571,312.400995475805,4.61539894427782
-0.943374744842465,154.839535006856,4.28726796959387
540.127230875708,203.039499093178,4.24790583867861
34.8139235172254,490.598104633067,3.01905677801488
278.326806572581,20.2409930243861,3.93222201634093
535.307704406995,393.281387153303,3.44529067127988
72.9387607584888,73.71642515561,5.27242007762345
5.55064672470376,79.0581142596918,3.46865743175871
588.552527148575,224.449551695757,4.01669121459448
441.143518569261,463.649142635137,4.75608195307914
658.60693084628,373.297323874673,3.03563347937493
103.130863125332,489.934875128202,4.35354186587082
623.598173007041,93.0921448838186,4.09104751748586
419.671932462287,258.315579297649,3.60693591279527
10.0151874262662,182.487607983472,3.26488944155532
66.2943706245741,118.513822388205,4.46400881051876
605.643181132751,199.352476144146,4.2214937278112
260.072408902299,219.139124397463,3.82757044178249
577.68875636166,428.803471625702,4.02703557843069
298.159292248853,139.720191685367,3.93508061662287
527.969233291324,459.433632165539,3.25377926571784
52.0231118434396,404.757858267981,3.83929248543343
191.314296823932,293.239456317085,4.24602218643151
550.91314324686,257.735781018,3.94212449715027
168.585811066588,29.4335803131214,4.42548970588475
508.783138107862,345.782359069302,4.50963453579221
40.4289796997216,55.7931756478103,3.77992114553005
540.928104711703,142.445034219127,4.46973632179298
NA,NA,NA
665.115504058544,331.167835539586,3.59175574762052
458.179710091691,300.931968510142,3.40380107090414
9.3643007349952,494.217205766403,3.57404473256594
565.21347056097,53.2871078682604,4.09292835698214
71.3461134010035,374.639095250854,4.01029963047935
231.006720670511,411.605269399557,3.79664487553086
427.633259344097,11.3967723984289,3.37896231620132
361.077250941162,291.575591805467,3.05572204053108
603.2725249452,106.150446157509,4.18847965146594
393.442979622553,233.433963511908,4.27895791847896
567.803928257081,406.317847087684,4.77579865694746
140.670129211558,275.93387751352,4.50667712926732
199.685747005592,370.477916176912,4.06179609575407
125.703669152389,410.585758656022,3.33735386414803
626.562927340571,312.400995475805,4.61539894427782
-0.943374744842465,154.839535006856,4.28726796959387
540.127230875708,203.039499093178,4.24790583867861
34.8139235172254,490.598104633067,3.01905677801488
278.326806572581,20.2409930243861,3.93222201634093
535.307704406995,393.281387153303,3.44529067127988
72.9387607584888,73.71642515561,5.27242007762345
5.55064672470376,79.0581142596918,3.46865743175871
588.552527148575,224.449551695757,4.01669121459448
441.143518569261,463.649142635137,4.75608195307914
658.60693084628,373.297323874673,3.03563347937493
103.130863125332,489.934875128202,4.35354186587082
623.598173007041,93.0921448838186,4.09104751748586
419.671932462287,258.315579297649,3.60693591279527
10.0151874262662,182.487607983472,3.26488944155532
66.2943706245741,118.513822388205,4.46400881051876
605.643181132751,199.352476144146,4.2214937278112
260.072408902299,219.139124397463,3.82757044178249
577.68875636166,428.803471625702,4.02703557843069
298.159292248853,139.720191685367,3.93508061662287
527.969233291324,459.433632165539,3.25377926571784
52.0231118434396,404.757858267981,3.83929248543343
191.314296823932,293.239456317085,4.24602218643151
550.91314324686,257.735781018,3.94212449715027
168.585811066588,29.4335803131214,4.42548970588475
508.783138107862,345.782359069302,4.50963453579221
40.4289796997216,55.7931756478103,3.77992114553005
540.928104711703,142.445034219127,4.46973632179298
NA,NA,NA
656.303630333468,332.488827613109,3.5286244122799
455.553946412567,298.395431723738,3.39427498266847
11.6207591349708,496.728939507482,3.54687195358206
561.116207018163,48.0083922027387,4.1414063156972
72.2276473888281,373.632848724561,3.95110521871903
229.792935644073,418.599036872895,3.8612072600899
429.261024459193,14.2780167029424,3.34997522212877
360.121975449358,292.751338597084,3.00343261901953
603.711517777165,104.655811079105,4.22489234753367
388.948756875859,229.526877108341,4.22849055396708
577.609514918493,401.7156671649,4.71561726623347
142.277154423242,277.361528456581,4.48272667125995
200.852258151574,372.495352191224,3.98773263569288
126.706380728864,411.203989086307,3.51826270298995
620.151568777494,313.931771819266,4.44720821482218
-1.51242970984589,152.250330244678,4.28799856569889
543.796776090857,202.042051181774,4.09685282381536
34.9883570252856,489.057276415412,2.99167192139131
282.195471853577,18.6986577546885,3.83199248852303
535.208588251807,391.322878317971,3.48651586482465
83.7812391759379,76.706487103392,5.25132973115228
9.28703441875101,79.0230347489183,3.58398747559142
589.187643317444,224.938719557257,4.04461591514737
444.675251021178,461.450979026464,4.64524533974532
660.737682563705,371.540748562242,3.10446574269789
103.484318387468,488.376727087769,4.24316153721118
624.706175119374,93.6039894529966,4.08397897830661
416.700604027887,260.364184704156,3.51741072960018
10.5099369175616,179.566858937143,3.14980333894248
62.4375509851352,119.779132820228,4.57145403088426
601.052955201834,200.360896621124,4.65071743937221
260.189902893277,223.38369331248,4.07531203054123
577.993416455854,439.722883753483,3.78702820212457
306.55574759863,137.238952165454,3.85144205761633
526.10113776941,456.015496014814,3.87707941973945
41.6357716014535,410.358386867683,3.87833274587557
198.613726297273,296.541799297318,4.00586364422902
553.391265307606,262.326475837067,3.76085955521106
156.878650247785,21.7220066343162,4.25814574321778
502.660121913705,334.63129690055,4.20347313399684
34.3461880410563,48.1756538622032,3.97260223240143
537.713902304337,158.386077853244,4.97252142647282
NA,NA,NA
656.303630333468,332.488827613109,3.5286244122799
455.553946412567,298.395431723738,3.39427498266847
11.6207591349708,496.728939507482,3.54687195358206
561.116207018163,48.0083922027387,4.1414063156972
72.2276473888281,373.632848724561,3.95110521871903
229.792935644073,418.599036872895,3.8612072600899
429.261024459193,14.2780167029424,3.34997522212877
360.121975449358,292.751338597084,3.00343261901953
603.711517777165,104.655811079105,4.22489234753367
388.948756875859,229.526877108341,4.22849055396708
577.609514918493,401.7156671649,4.71561726623347
142.277154423242,277.361528456581,4.48272667125995
200.852258151574,372.495352191224,3.98773263569288
126.706380728864,411.203989086307,3.51826270298995
620.151568777494,313.931771819266,4.44720821482218
-1.51242970984589,152.250330244678,4.28799856569889
543.796776090857,202.042051181774,4.09685282381536
34.9883570252856,489.057276415412,2.99167192139131
282.195471853577,18.6986577546885,3.83199248852303
535.208588251807,391.322878317971,3.48651586482465
83.7812391759379,76.706487103392,5.25132973115228
9.28703441875101,79.0230347489183,3.58398747559142
589.187643317444,224.938719557257,4.04461591514737
444.675251021178,461.450979026464,4.64524533974532
660.737682563705,371.540748562242,3.10446574269789
103.484318387468,488.376727087769,4.24316153721118
624.706175119374,93.6039894529966,4.08397897830661
416.700604027887,260.364184704156,3.51741072960018
10.5099369175616,179.566858937143,3.14980333894248
62.4375509851352,119.779132820228,4.57145403088426
601.052955201834,200.360896621124,4.65071743937221
260.189902893277,223.38369331248,4.07531203054123
577.993416455854,439.722883753483,3.78702820212457
306.55574759863,137.238952165454,3.85144205761633
526.10113776941,456.015496014814,3.87707941973945
41.6357716014535,410.358386867683,3.87833274587557
198.613726297273,296.541799297318,4.00586364422902
553.391265307606,262.326475837067,3.76085955521106
156.878650247785,21.7220066343162,4.25814574321778
502.660121913705,334.63129690055,4.20347313399684
34.3461880410563,48.1756538622032,3.97260223240143
537.713902304337,158.386077853244,4.97252142647282
NA,NA,NA
656.303630333468,332.488827613109,3.5286244122799
455.553946412567,298.395431723738,3.39427498266847
11.6207591349708,496.728939507482,3.54687195358206
561.116207018163,48.0083922027387,4.1414063156972
72.2276473888281,373.632848724561,3.95110521871903
229.792935644073,418.599036872895,3.8612072600899
429.261024459193,14.2780167029424,3.34997522212877
360.121975449358,292.751338597084,3.00343261901953
603.711517777165,104.655811079105,4.22489234753367
388.948756875859,229.526877108341,4.22849055396708
577.609514918493,401.7156671649,4.71561726623347
142.277154423242,277.361528456581,4.48272667125995
200.852258151574,372.495352191224,3.98773263569288
126.706380728864,411.203989086307,3.51826270298995
620.151568777494,313.931771819266,4.44720821482218
-1.51242970984589,152.250330244678,4.28799856569889
543.796776090857,202.042051181774,4.09685282381536
34.9883570252856,489.057276415412,2.99167192139131
282.195471853577,18.6986577546885,3.83199248852303
535.208588251807,391.322878317971,3.48651586482465
83.7812391759379,76.706487103392,5.25132973115228
9.28703441875101,79.0230347489183,3.58398747559142
589.187643317444,224.938719557257,4.04461591514737
444.675251021178,461.450979026464,4.64524533974532
660.737682563705,371.540748562242,3.10446574269789
103.484318387468,488.376727087769,4.24316153721118
624.706175119374,93.6039894529966,4.08397897830661
416.700604027887,260.364184704156,3.51741072960018
10.5099369175616,179.566858937143,3.14980333894248
62.4375509851352,119.779132820228,4.57145403088426
601.052955201834,200.360896621124,4.65071743937221
260.189902893277,223.38369331248,4.07531203054123
577.993416455854,439.722883753483,3.78702820212457
306.55574759863,137.238952165454,3.85144205761633
526.10113776941,456.015496014814,3.87707941973945
41.6357716014535,410.358386867683,3.87833274587557
198.613726297273,296.541799297318,4.00586364422902
553.391265307606,262.326475837067,3.76085955521106
156.878650247785,21.7220066343162,4.25814574321778
502.660121913705,334.63129690055,4.20347313399684
34.3461880410563,48.1756538622032,3.97260223240143
537.713902304337,158.386077853244,4.97252142647282
NA,NA,NA
656.303630333468,332.488827613109,3.5286244122799
455.553946412567,298.395431723738,3.39427498266847
11.6207591349708,496.728939507482,3.54687195358206
561.116207018163,48.0083922027387,4.1414063156972
72.2276473888281,373.632848724561,3.95110521871903
229.792935644073,418.599036872895,3.8612072600899
429.261024459193,14.2780167029424,3.34997522212877
360.121975449358,292.751338597084,3.00343261901953
603.711517777165,104.655811079105,4.22489234753367
388.948756875859,229.526877108341,4.22849055396708
577.609514918493,401.7156671649,4.71561726623347
142.277154423242,277.361528456581,4.48272667125995
200.852258151574,372.495352191224,3.98773263569288
126.706380728864,411.203989086307,3.51826270298995
620.151568777494,313.931771819266,4.44720821482218
-1.51242970984589,152.250330244678,4.28799856569889
543.796776090857,202.042051181774,4.09685282381536
34.9883570252856,489.057276415412,2.99167192139131
282.195471853577,18.6986577546885,3.83199248852303
535.208588251807,391.322878317971,3.48651586482465
83.7812391759379,76.706487103392,5.25132973115228
9.28703441875101,79.0230347489183,3.58398747559142
589.187643317444,224.938719557257,4.04461591514737
444.675251021178,461.450979026464,4.64524533974532
660.737682563705,371.540748562242,3.10446574269789
103.484318387468,488.376727087769,4.24316153721118
624.706175119374,93.6039894529966,4.08397897830661
416.700604027887,260.364184704156,3.51741072960018
10.5099369175616,179.566858937143,3.14980333894248
62.4375509851352,119.779132820228,4.57145403088426
601.052955201834,200.360896621124,4.65071743937221
260.189902893277,223.38369331248,4.07531203054123
577.993416455854,439.722883753483,3.78702820212457
306.55574759863,137.238952165454,3.85144205761633
526.10113776941,456.015496014814,3.87707941973945
41.6357716014535,410.358386867683,3.87833274587557
198.613726297273,296.541799297318,4.00586364422902
553.391265307606,262.326475837067,3.76085955521106
156.878650247785,21.7220066343162,4.25814574321778
502.660121913705,334.63129690055,4.20347313399684
34.3461880410563,48.1756538622032,3.97260223240143
537.713902304337,158.386077853244,4.97252142647282
NA,NA,NA
656.303630333468,332.488827613109,3.5286244122799
455.553946412567,298.395431723738,3.39427498266847
11.6207591349708,496.728939507482,3.54687195358206
561.116207018163,48.0083922027387,4.1414063156972
72.2276473888281,373.632848724561,3.95110521871903
229.792935644073,418.599036872895,3.8612072600899
429.261024459193,14.2780167029424,3.34997522212877
360.121975449358,292.751338597084,3.00343261901953
603.711517777165,104.655811079105,4.22489234753367
388.948756875859,229.526877108341,4.22849055396708
577.609514918493,401.7156671649,4.71561726623347
142.277154423242,277.361528456581,4.48272667125995
200.852258151574,372.495352191224,3.98773263569288
126.706380728864,411.203989086307,3.51826270298995
620.151568777494,313.931771819266,4.44720821482218
-1.51242970984589,152.250330244678,4.28799856569889
543.796776090857,202.042051181774,4.09685282381536
34.9883570252856,489.057276415412,2.99167192139131
282.195471853577,18.6986577546885,3.83199248852303
535.208588251807,391.322878317971,3.48651586482465
83.7812391759379,76.706487103392,5.25132973115228
9.28703441875101,79.0230347489183,3.58398747559142
589.187643317444,224.938719557257,4.04461591514737
444.675251021178,461.450979026464,4.64524533974532
660.737682563705,371.540748562242,3.10446574269789
103.484318387468,488.376727087769,4.24316153721118
624.706175119374,93.6039894529966,4.08397897830661
416.700604027887,260.364184704156,3.51741072960018
10.5099369175616,179.566858937143,3.14980333894248
62.4375509851352,119.779132820228,4.57145403088426
601.052955201834,200.360896621124,4.65071743937221
260.189902893277,223.38369331248,4.07531203054123
577.993416455854,439.722883753483,3.78702820212457
306.55574759863,137.238952165454,3.85144205761633
526.10113776941,456.015496014814,3.87707941973945
41.6357716014535,410.358386867683,3.87833274587557
198.613726297273,296.541799297318,4.00586364422902
553.391265307606,262.326475837067,3.76085955521106
156.878650247785,21.7220066343162,4.25814574321778
502.660121913705,334.63129690055,4.20347313399684
34.3461880410563,48.1756538622032,3.97260223240143
537.713902304337,158.386077853244,4.97252142647282
NA,NA,NA
656.303630333468,332.488827613109,3.5286244122799
455.553946412567,298.395431723738,3.39427498266847
11.6207591349708,496.728939507482,3.54687195358206
561.116207018163,48.0083922027387,4.1414063156972
72.2276473888281,373.632848724561,3.95110521871903
229.792935644073,418.599036872895,3.8612072600899
429.261024459193,14.2780167029424,3.34997522212877
360.121975449358,292.751338597084,3.00343261901953
603.711517777165,104.655811079105,4.22489234753367
388.948756875859,229.526877108341,4.22849055396708
577.609514918493,401.7156671649,4.71561726623347
142.277154423242,277.361528456581,4.48272667125995
200.852258151574,372.495352191224,3.98773263569288
126.706380728864,411.203989086307,3.51826270298995
620.151568777494,313.931771819266,4.44720821482218
-1.51242970984589,152.250330244678,4.28799856569889
543.796776090857,202.042051181774,4.09685282381536
34.9883570252856,489.057276415412,2.99167192139131
282.195471853577,18.6986577546885,3.83199248852303
535.208588251807,391.322878317971,3.48651586482465
83.7812391759379,76.706487103392,5.25132973115228
9.28703441875101,79.0230347489183,3.58398747559142
589.187643317444,224.938719557257,4.04461591514737
444.675251021178,461.450979026464,4.64524533974532
660.737682563705,371.540748562242,3.10446574269789
103.484318387468,488.376727087769,4.24316153721118
624.706175119374,93.6039894529966,4.08397897830661
416.700604027887,260.364184704156,3.51741072960018
10.5099369175616,179.566858937143,3.14980333894248
62.4375509851352,119.779132820228,4.57145403088426
601.052955201834,200.360896621124,4.65071743937221
260.189902893277,223.38369331248,4.07531203054123
577.993416455854,439.722883753483,3.78702820212457
306.55574759863,137.238952165454,3.85144205761633
526.10113776941,456.015496014814,3.87707941973945
41.6357716014535,410.358386867683,3.87833274587557
198.613726297273,296.541799297318,4.00586364422902
553.391265307606,262.326475837067,3.76085955521106
156.878650247785,21.7220066343162,4.25814574321778
502.660121913705,334.63129690055,4.20347313399684
34.3461880410563,48.1756538622032,3.97260223240143
537.713902304337,158.386077853244,4.97252142647282
NA,NA,NA
659.891094327191,332.009518995893,3.51093508995089
458.367654647294,295.192518754402,3.7355585009993
5.82391589046702,496.57532561085,3.56955026109573
561.35054254362,43.9932615103901,4.21026075724548
70.2215333625443,376.274897454696,3.90905895568078
226.540197441381,416.585460937542,3.91090834828903
426.428979644418,14.6658915230648,3.44396661562514
361.308661943052,294.973809748834,2.94403900865196
600.919908363002,104.768771775136,4.0627261777433
391.881976047595,230.584601331795,4.18396608218204
569.127813816157,405.75589140523,4.76027523818733
136.510935261002,287.827905770159,4.4434484511204
197.844269572242,371.287245071609,4.0052435824539
126.024576404756,406.999697325691,3.48568013165084
621.07183810089,313.548576849987,4.49193558356687
-3.48207810767204,144.656864148534,4.25284303519022
540.131360265468,202.889654458604,4.202053650697
33.7034402862205,492.552211791047,2.97338072082212
279.266342995537,19.1431046484604,3.88877623376389
533.275023333103,392.934021297152,3.49058807598115
68.6578553205896,79.0499033127619,5.19707005164318
3.51601916774903,75.1081583287106,3.49245438040342
586.104102713254,225.189298987539,4.00517351555217
438.978656560401,458.857264847742,4.78833877788426
656.636790157326,375.074914214625,3.23132818564844
103.430141299407,492.067682514753,4.28439773152287
631.633347315796,87.877673540611,4.07455086374652
422.902269136439,256.706890301625,3.63731135338218
9.88933506095591,179.035831490542,3.34143623332889
63.5955116462237,120.483220789311,4.38992455329994
609.794157497762,195.842190867662,3.90732749576039
251.860592867377,213.297512786939,3.86991096930404
566.010909410962,438.462961514996,3.72261472717409
301.934436882709,139.897211326367,3.99862629311129
525.121890663627,451.171845801869,3.43666760615212
51.0069938113025,413.670759262945,3.935132645238
196.267722514827,292.834946357214,4.10815538993253
551.438480807637,260.52060600831,3.54279036665794
166.204457394195,45.0994465466198,4.31787902174214
502.955090019884,353.382494308536,4.38366901781071
33.6543871926079,45.0204843378264,3.75649217699766
532.549582798451,160.617152680656,4.64081799227376
NA,NA,NA
659.891094327191,332.009518995893,3.51093508995089
458.367654647294,295.192518754402,3.7355585009993
5.82391589046702,496.57532561085,3.56955026109573
561.35054254362,43.9932615103901,4.21026075724548
70.2215333625443,376.274897454696,3.90905895568078
226.540197441381,416.585460937542,3.91090834828903
426.428979644418,14.6658915230648,3.44396661562514
361.308661943052,294.973809748834,2.94403900865196
600.919908363002,104.768771775136,4.0627261777433
391.881976047595,230.584601331795,4.18396608218204
569.127813816157,405.75589140523,4.76027523818733
136.510935261002,287.827905770159,4.4434484511204
197.844269572242,371.287245071609,4.0052435824539
126.024576404756,406.999697325691,3.48568013165084
621.07183810089,313.548576849987,4.49193558356687
-3.48207810767204,144.656864148534,4.25284303519022
540.131360265468,202.889654458604,4.202053650697
33.7034402862205,492.552211791047,2.97338072082212
279.266342995537,19.1431046484604,3.88877623376389
533.275023333103,392.934021297152,3.49058807598115
68.6578553205896,79.0499033127619,5.19707005164318
3.51601916774903,75.1081583287106,3.49245438040342
586.104102713254,225.189298987539,4.00517351555217
438.978656560401,458.857264847742,4.78833877788426
656.636790157326,375.074914214625,3.23132818564844
103.430141299407,492.067682514753,4.28439773152287
631.633347315796,87.877673540611,4.07455086374652
422.902269136439,256.706890301625,3.63731135338218
9.88933506095591,179.035831490542,3.34143623332889
63.5955116462237,120.483220789311,4.38992455329994
609.794157497762,195.842190867662,3.90732749576039
251.860592867377,213.297512786939,3.86991096930404
566.010909410962,438.462961514996,3.72261472717409
301.934436882709,139.897211326367,3.99862629311129
525.121890663627,451.171845801869,3.43666760615212
51.0069938113025,413.670759262945,3.935132645238
196.267722514827,292.834946357214,4.10815538993253
551.438480807637,260.52060600831,3.54279036665794
166.204457394195,45.0994465466198,4.31787902174214
502.955090019884,353.382494308536,4.38366901781071
33.6543871926079,45.0204843378264,3.75649217699766
532.549582798451,160.617152680656,4.64081799227376
NA,NA,NA
659.891094327191,332.009518995893,3.51093508995089
458.367654647294,295.192518754402,3.7355585009993
5.82391589046702,496.57532561085,3.56955026109573
561.35054254362,43.9932615103901,4.21026075724548
70.2215333625443,376.274897454696,3.90905895568078
226.540197441381,416.585460937542,3.91090834828903
426.428979644418,14.6658915230648,3.44396661562514
361.308661943052,294.973809748834,2.94403900865196
600.919908363002,104.768771775136,4.0627261777433
391.881976047595,230.584601331795,4.18396608218204
569.127813816157,405.75589140523,4.76027523818733
136.510935261002,287.827905770159,4.4434484511204
197.844269572242,371.287245071609,4.0052435824539
126.024576404756,406.999697325691,3.48568013165084
621.07183810089,313.548576849987,4.49193558356687
-3.48207810767204,144.656864148534,4.25284303519022
540.131360265468,202.889654458604,4.202053650697
33.7034402862205,492.552211791047,2.97338072082212
279.266342995537,19.1431046484604,3.88877623376389
533.275023333103,392.934021297152,3.49058807598115
68.6578553205896,79.0499033127619,5.19707005164318
3.51601916774903,75.1081583287106,3.49245438040342
586.104102713254,225.189298987539,4.00517351555217
438.978656560401,458.857264847742,4.78833877788426
656.636790157326,375.074914214625,3.23132818564844
103.430141299407,492.067682514753,4.28439773152287
631.633347315796,87.877673540611,4.07455086374652
422.902269136439,256.706890301625,3.63731135338218
9.88933506095591,179.035831490542,3.34143623332889
63.5955116462237,120.483220789311,4.38992455329994
609.794157497762,195.842190867662,3.90732749576039
251.860592867377,213.297512786939,3.86991096930404
566.010909410962,438.462961514996,3.72261472717409
301.934436882709,139.897211326367,3.99862629311129
525.121890663627,451.171845801869,3.43666760615212
51.0069938113025,413.670759262945,3.935132645238
196.267722514827,292.834946357214,4.10815538993253
551.438480807637,260.52060600831,3.54279036665794
166.204457394195,45.0994465466198,4.31787902174214
502.955090019884,353.382494308536,4.38366901781071
33.6543871926079,45.0204843378264,3.75649217699766
532.549582798451,160.617152680656,4.64081799227376
NA,NA,NA
659.891094327191,332.009518995893,3.51093508995089
458.367654647294,295.192518754402,3.7355585009993
5.82391589046702,496.57532561085,3.56955026109573
561.35054254362,43.9932615103901,4.21026075724548
70.2215333625443,376.274897454696,3.90905895568078
226.540197441381,416.585460937542,3.91090834828903
426.428979644418,14.6658915230648,3.44396661562514
361.308661943052,294.973809748834,2.94403900865196
600.919908363002,104.768771775136,4.0627261777433
391.881976047595,230.584601331795,4.18396608218204
569.127813816157,405.75589140523,4.76027523818733
136.510935261002,287.827905770159,4.4434484511204
197.844269572242,371.287245071609,4.0052435824539
126.024576404756,406.999697325691,3.48568013165084
621.07183810089,313.548576849987,4.49193558356687
-3.48207810767204,144.656864148534,4.25284303519022
540.131360265468,202.889654458604,4.202053650697
33.7034402862205,492.552211791047,2.97338072082212
279.266342995537,19.1431046484604,3.88877623376389
533.275023333103,392.934021297152,3.49058807598115
68.6578553205896,79.0499033127619,5.19707005164318
3.51601916774903,75.1081583287106,3.49245438040342
586.104102713254,225.189298987539,4.00517351555217
438.978656560401,458.857264847742,4.78833877788426
656.636790157326,375.074914214625,3.23132818564844
103.430141299407,492.067682514753,4.28439773152287
631.633347315796,87.877673540611,4.07455086374652
422.902269136439,256.706890301625,3.63731135338218
9.88933506095591,179.035831490542,3.34143623332889
63.5955116462237,120.483220789311,4.38992455329994
609.794157497762,195.842190867662,3.90732749576039
251.860592867377,213.297512786939,3.86991096930404
566.010909410962,438.462961514996,3.72261472717409
301.934436882709,139.897211326367,3.99862629311129
525.121890663627,451.171845801869,3.43666760615212
51.0069938113025,413.670759262945,3.935132645238
196.267722514827,292.834946357214,4.10815538993253
551.438480807637,260.52060600831,3.54279036665794
166.204457394195,45.0994465466198,4.31787902174214
502.955090019884,353.382494308536,4.38366901781071
33.6543871926079,45.0204843378264,3.75649217699766
532.549582798451,160.617152680656,4.64081799227376
NA,NA,NA
659.891094327191,332.009518995893,3.51093508995089
458.367654647294,295.192518754402,3.7355585009993
5.82391589046702,496.57532561085,3.56955026109573
561.35054254362,43.9932615103901,4.21026075724548
70.2215333625443,376.274897454696,3.90905895568078
226.540197441381,416.585460937542,3.91090834828903
426.428979644418,14.6658915230648,3.44396661562514
361.308661943052,294.973809748834,2.94403900865196
600.919908363002,104.768771775136,4.0627261777433
391.881976047595,230.584601331795,4.18396608218204
569.127813816157,405.75589140523,4.76027523818733
136.510935261002,287.827905770159,4.4434484511204
197.844269572242,371.287245071609,4.0052435824539
126.024576404756,406.999697325691,3.48568013165084
621.07183810089,313.548576849987,4.49193558356687
-3.48207810767204,144.656864148534,4.25284303519022
540.131360265468,202.889654458604,4.202053650697
33.7034402862205,492.552211791047,2.97338072082212
279.266342995537,19.1431046484604,3.88877623376389
533.275023333103,392.934021297152,3.49058807598115
68.6578553205896,79.0499033127619,5.19707005164318
3.51601916774903,75.1081583287106,3.49245438040342
586.104102713254,225.189298987539,4.00517351555217
438.978656560401,458.857264847742,4.78833877788426
656.636790157326,375.074914214625,3.23132818564844
103.430141299407,492.067682514753,4.28439773152287
631.633347315796,87.877673540611,4.07455086374652
422.902269136439,256.706890301625,3.63731135338218
9.88933506095591,179.035831490542,3.34143623332889
63.5955116462237,120.483220789311,4.38992455329994
609.794157497762,195.842190867662,3.90732749576039
251.860592867377,213.297512786939,3.86991096930404
566.010909410962,438.462961514996,3.72261472717409
301.934436882709,139.897211326367,3.99862629311129
525.121890663627,451.171845801869,3.43666760615212
51.0069938113025,413.670759262945,3.935132645238
196.267722514827,292.834946357214,4.10815538993253
551.438480807637,260.52060600831,3.54279036665794
166.204457394195,45.0994465466198,4.31787902174214
502.955090019884,353.382494308536,4.38366901781071
33.6543871926079,45.0204843378264,3.75649217699766
532.549582798451,160.617152680656,4.64081799227376
NA,NA,NA
659.891094327191,332.009518995893,3.51093508995089
458.367654647294,295.192518754402,3.7355585009993
5.82391589046702,496.57532561085,3.56955026109573
561.35054254362,43.9932615103901,4.21026075724548
70.2215333625443,376.274897454696,3.90905895568078
226.540197441381,416.585460937542,3.91090834828903
426.428979644418,14.6658915230648,3.44396661562514
361.308661943052,294.973809748834,2.94403900865196
600.919908363002,104.768771775136,4.0627261777433
391.881976047595,230.584601331795,4.18396608218204
569.127813816157,405.75589140523,4.76027523818733
136.510935261002,287.827905770159,4.4434484511204
197.844269572242,371.287245071609,4.0052435824539
126.024576404756,406.999697325691,3.48568013165084
621.07183810089,313.548576849987,4.49193558356687
-3.48207810767204,144.656864148534,4.25284303519022
540.131360265468,202.889654458604,4.202053650697
33.7034402862205,492.552211791047,2.97338072082212
279.266342995537,19.1431046484604,3.88877623376389
533.275023333103,392.934021297152,3.49058807598115
68.6578553205896,79.0499033127619,5.19707005164318
3.51601916774903,75.1081583287106,3.49245438040342
586.104102713254,225.189298987539,4.00517351555217
438.978656560401,458.857264847742,4.78833877788426
656.636790157326,375.074914214625,3.23132818564844
103.430141299407,492.067682514753,4.28439773152287
631.633347315796,87.877673540611,4.07455086374652
422.902269136439,256.706890301625,3.63731135338218
9.88933506095591,179.035831490542,3.34143623332889
63.5955116462237,120.483220789311,4.38992455329994
609.794157497762,195.842190867662,3.90732749576039
251.860592867377,213.297512786939,3.86991096930404
566.010909410962,438.462961514996,3.72261472717409
301.934436882709,139.897211326367,3.99862629311129
525.121890663627,451.171845801869,3.43666760615212
51.0069938113025,413.670759262945,3.935132645238
196.267722514827,292.834946357214,4.10815538993253
551.438480807637,260.52060600831,3.54279036665794
166.204457394195,45.0994465466198,4.31787902174214
502.955090019884,353.382494308536,4.38366901781071
33.6543871926079,45.0204843378264,3.75649217699766
532.549582798451,160.617152680656,4.64081799227376
NA,NA,NA
657.601572990563,337.551121740437,3.57733284038625
454.699005945157,298.020298311331,3.70044823712003
16.9374813692178,496.209089365463,3.53041172759688
557.086340826317,52.9416229132667,4.16849741221947
71.3107591281302,378.155419781255,4.05109823374098
226.520273473201,412.538657336571,3.94212413279815
426.880548576564,10.8448182667752,3.30704011444622
361.849743190557,292.911246111001,2.94158455829972
602.635493605802,105.797277977856,4.34487539421013
396.004873205565,228.78402571297,4.25790532638798
569.1085095646,413.916594335922,4.78959924328629
139.754932359151,280.954629621711,4.59652482160482
199.067949544926,374.293987159579,4.05587591323094
127.8427676885,409.749641305756,3.36751849868444
623.2163136823,312.329549521821,4.57183039064299
1.86477579060026,142.660673655536,4.26547916659369
542.105986635788,202.083759168047,4.16143111922015
34.9387029283976,492.871926677363,2.98275627306341
278.030994890966,24.0278564053339,4.09056633760213
533.56928877998,389.203468265115,3.46317145244873
81.2342397961753,79.803734478342,5.28855473177541
5.38665881614473,74.5969578850578,3.48056232725921
586.862224314014,230.042610568661,4.08739045464011
437.79791632407,453.267255172648,4.80441178603506
658.700596645515,373.431018202931,3.09730356334088
108.852330010421,491.032710924686,4.33158869390185
620.351723914309,88.4277526989459,4.03933411058003
420.524436115146,258.67570495578,3.59860784065719
11.2764941754343,178.64584071978,3.23970918801936
67.2574951673299,107.63896264347,4.46966034801012
603.624073585197,201.044946217549,3.95477662763748
254.785396465375,217.86842135102,3.99291681496906
581.604173707185,431.508496562032,3.99493243132714
298.616551971278,139.022225686526,3.93632425897502
524.60737449924,459.535568569132,3.57873997995842
42.2585641986579,422.950517620608,4.08521504813539
199.42177786528,282.722739822202,3.68990114328085
548.689631320699,271.678074684388,3.90228052051117
167.44933110879,29.5791053313891,4.56949836596347
495.358455196198,346.124075671412,4.18243680360384
36.8576745374791,45.35071042704,4.18873728437597
531.469257504282,138.065610967353,4.54927569820549
NA,NA,NA
657.601572990563,337.551121740437,3.57733284038625
454.699005945157,298.020298311331,3.70044823712003
16.9374813692178,496.209089365463,3.53041172759688
557.086340826317,52.9416229132667,4.16849741221947
71.3107591281302,378.155419781255,4.05109823374098
226.520273473201,412.538657336571,3.94212413279815
426.880548576564,10.8448182667752,3.30704011444622
361.849743190557,292.911246111001,2.94158455829972
602.635493605802,105.797277977856,4.34487539421013
396.004873205565,228.78402571297,4.25790532638798
569.1085095646,413.916594335922,4.78959924328629
139.754932359151,280.954629621711,4.59652482160482
199.067949544926,374.293987159579,4.05587591323094
127.8427676885,409.749641305756,3.36751849868444
623.2163136823,312.329549521821,4.57183039064299
1.86477579060026,142.660673655536,4.26547916659369
542.105986635788,202.083759168047,4.16143111922015
34.9387029283976,492.871926677363,2.98275627306341
278.030994890966,24.0278564053339,4.09056633760213
533.56928877998,389.203468265115,3.46317145244873
81.2342397961753,79.803734478342,5.28855473177541
5.38665881614473,74.5969578850578,3.48056232725921
586.862224314014,230.042610568661,4.08739045464011
437.79791632407,453.267255172648,4.80441178603506
658.700596645515,373.431018202931,3.09730356334088
108.852330010421,491.032710924686,4.33158869390185
620.351723914309,88.4277526989459,4.03933411058003
420.524436115146,258.67570495578,3.59860784065719
11.2764941754343,178.64584071978,3.23970918801936
67.2574951673299,107.63896264347,4.46966034801012
603.624073585197,201.044946217549,3.95477662763748
254.785396465375,217.86842135102,3.99291681496906
581.604173707185,431.508496562032,3.99493243132714
298.616551971278,139.022225686526,3.93632425897502
524.60737449924,459.535568569132,3.57873997995842
42.2585641986579,422.950517620608,4.08521504813539
199.42177786528,282.722739822202,3.68990114328085
548.689631320699,271.678074684388,3.90228052051117
167.44933110879,29.5791053313891,4.56949836596347
495.358455196198,346.124075671412,4.18243680360384
36.8576745374791,45.35071042704,4.18873728437597
531.469257504282,138.065610967353,4.54927569820549
NA,NA,NA
657.601572990563,337.551121740437,3.57733284038625
454.699005945157,298.020298311331,3.70044823712003
16.9374813692178,496.209089365463,3.53041172759688
557.086340826317,52.9416229132667,4.16849741221947
71.3107591281302,378.155419781255,4.05109823374098
226.520273473201,412.538657336571,3.94212413279815
426.880548576564,10.8448182667752,3.30704011444622
361.849743190557,292.911246111001,2.94158455829972
602.635493605802,105.797277977856,4.34487539421013
396.004873205565,228.78402571297,4.25790532638798
569.1085095646,413.916594335922,4.78959924328629
139.754932359151,280.954629621711,4.59652482160482
199.067949544926,374.293987159579,4.05587591323094
127.8427676885,409.749641305756,3.36751849868444
623.2163136823,312.329549521821,4.57183039064299
1.86477579060026,142.660673655536,4.26547916659369
542.105986635788,202.083759168047,4.16143111922015
34.9387029283976,492.871926677363,2.98275627306341
278.030994890966,24.0278564053339,4.09056633760213
533.56928877998,389.203468265115,3.46317145244873
81.2342397961753,79.803734478342,5.28855473177541
5.38665881614473,74.5969578850578,3.48056232725921
586.862224314014,230.042610568661,4.08739045464011
437.79791632407,453.267255172648,4.80441178603506
658.700596645515,373.431018202931,3.09730356334088
108.852330010421,491.032710924686,4.33158869390185
620.351723914309,88.4277526989459,4.03933411058003
420.524436115146,258.67570495578,3.59860784065719
11.2764941754343,178.64584071978,3.23970918801936
67.2574951673299,107.63896264347,4.46966034801012
603.624073585197,201.044946217549,3.95477662763748
254.785396465375,217.86842135102,3.99291681496906
581.604173707185,431.508496562032,3.99493243132714
298.616551971278,139.022225686526,3.93632425897502
524.60737449924,459.535568569132,3.57873997995842
42.2585641986579,422.950517620608,4.08521504813539
199.42177786528,282.722739822202,3.68990114328085
548.689631320699,271.678074684388,3.90228052051117
167.44933110879,29.5791053313891,4.56949836596347
495.358455196198,346.124075671412,4.18243680360384
36.8576745374791,45.35071042704,4.18873728437597
531.469257504282,138.065610967353,4.54927569820549
NA,NA,NA
657.601572990563,337.551121740437,3.57733284038625
454.699005945157,298.020298311331,3.70044823712003
16.9374813692178,496.209089365463,3.53041172759688
557.086340826317,52.9416229132667,4.16849741221947
71.3107591281302,378.155419781255,4.05109823374098
226.520273473201,412.538657336571,3.94212413279815
426.880548576564,10.8448182667752,3.30704011444622
361.849743190557,292.911246111001,2.94158455829972
602.635493605802,105.797277977856,4.34487539421013
396.004873205565,228.78402571297,4.25790532638798
569.1085095646,413.916594335922,4.78959924328629
139.754932359151,280.954629621711,4.59652482160482
199.067949544926,374.293987159579,4.05587591323094
127.8427676885,409.749641305756,3.36751849868444
623.2163136823,312.329549521821,4.57183039064299
1.86477579060026,142.660673655536,4.26547916659369
542.105986635788,202.083759168047,4.16143111922015
34.9387029283976,492.871926677363,2.98275627306341
278.030994890966,24.0278564053339,4.09056633760213
533.56928877998,389.203468265115,3.46317145244873
81.2342397961753,79.803734478342,5.28855473177541
5.38665881614473,74.5969578850578,3.48056232725921
586.862224314014,230.042610568661,4.08739045464011
437.79791632407,453.267255172648,4.80441178603506
658.700596645515,373.431018202931,3.09730356334088
108.852330010421,491.032710924686,4.33158869390185
620.351723914309,88.4277526989459,4.03933411058003
420.524436115146,258.67570495578,3.59860784065719
11.2764941754343,178.64584071978,3.23970918801936
67.2574951673299,107.63896264347,4.46966034801012
603.624073585197,201.044946217549,3.95477662763748
254.785396465375,217.86842135102,3.99291681496906
581.604173707185,431.508496562032,3.99493243132714
298.616551971278,139.022225686526,3.93632425897502
524.60737449924,459.535568569132,3.57873997995842
42.2585641986579,422.950517620608,4.08521504813539
199.42177786528,282.722739822202,3.68990114328085
548.689631320699,271.678074684388,3.90228052051117
167.44933110879,29.5791053313891,4.56949836596347
495.358455196198,346.124075671412,4.18243680360384
36.8576745374791,45.35071042704,4.18873728437597
531.469257504282,138.065610967353,4.54927569820549
NA,NA,NA
657.601572990563,337.551121740437,3.57733284038625
454.699005945157,298.020298311331,3.70044823712003
16.9374813692178,496.209089365463,3.53041172759688
557.086340826317,52.9416229132667,4.16849741221947
71.3107591281302,378.155419781255,4.05109823374098
226.520273473201,412.538657336571,3.94212413279815
426.880548576564,10.8448182667752,3.30704011444622
361.849743190557,292.911246111001,2.94158455829972
602.635493605802,105.797277977856,4.34487539421013
396.004873205565,228.78402571297,4.25790532638798
569.1085095646,413.916594335922,4.78959924328629
139.754932359151,280.954629621711,4.59652482160482
199.067949544926,374.293987159579,4.05587591323094
127.8427676885,409.749641305756,3.36751849868444
623.2163136823,312.329549521821,4.57183039064299
1.86477579060026,142.660673655536,4.26547916659369
542.105986635788,202.083759168047,4.16143111922015
34.9387029283976,492.871926677363,2.98275627306341
278.030994890966,24.0278564053339,4.09056633760213
533.56928877998,389.203468265115,3.46317145244873
81.2342397961753,79.803734478342,5.28855473177541
5.38665881614473,74.5969578850578,3.48056232725921
586.862224314014,230.042610568661,4.08739045464011
437.79791632407,453.267255172648,4.80441178603506
658.700596645515,373.431018202931,3.09730356334088
108.852330010421,491.032710924686,4.33158869390185
620.351723914309,88.4277526989459,4.03933411058003
420.524436115146,258.67570495578,3.59860784065719
11.2764941754343,178.64584071978,3.23970918801936
67.2574951673299,107.63896264347,4.46966034801012
603.624073585197,201.044946217549,3.95477662763748
254.785396465375,217.86842135102,3.99291681496906
581.604173707185,431.508496562032,3.99493243132714
298.616551971278,139.022225686526,3.93632425897502
524.60737449924,459.535568569132,3.57873997995842
42.2585641986579,422.950517620608,4.08521504813539
199.42177786528,282.722739822202,3.68990114328085
548.689631320699,271.678074684388,3.90228052051117
167.44933110879,29.5791053313891,4.56949836596347
495.358455196198,346.124075671412,4.18243680360384
36.8576745374791,45.35071042704,4.18873728437597
531.469257504282,138.065610967353,4.54927569820549
NA,NA,NA
657.601572990563,337.551121740437,3.57733284038625
454.699005945157,298.020298311331,3.70044823712003
16.9374813692178,496.209089365463,3.53041172759688
557.086340826317,52.9416229132667,4.16849741221947
71.3107591281302,378.155419781255,4.05109823374098
226.520273473201,412.538657336571,3.94212413279815
426.880548576564,10.8448182667752,3.30704011444622
361.849743190557,292.911246111001,2.94158455829972
602.635493605802,105.797277977856,4.34487539421013
396.004873205565,228.78402571297,4.25790532638798
569.1085095646,413.916594335922,4.78959924328629
139.754932359151,280.954629621711,4.59652482160482
199.067949544926,374.293987159579,4.05587591323094
127.8427676885,409.749641305756,3.36751849868444
623.2163136823,312.329549521821,4.57183039064299
1.86477579060026,142.660673655536,4.26547916659369
542.105986635788,202.083759168047,4.16143111922015
34.9387029283976,492.871926677363,2.98275627306341
278.030994890966,24.0278564053339,4.09056633760213
533.56928877998,389.203468265115,3.46317145244873
81.2342397961753,79.803734478342,5.28855473177541
5.38665881614473,74.5969578850578,3.48056232725921
586.862224314014,230.042610568661,4.08739045464011
437.79791632407,453.267255172648,4.80441178603506
658.700596645515,373.431018202931,3.09730356334088
108.852330010421,491.032710924686,4.33158869390185
620.351723914309,88.4277526989459,4.03933411058003
420.524436115146,258.67570495578,3.59860784065719
11.2764941754343,178.64584071978,3.23970918801936
67.2574951673299,107.63896264347,4.46966034801012
603.624073585197,201.044946217549,3.95477662763748
254.785396465375,217.86842135102,3.99291681496906
581.604173707185,431.508496562032,3.99493243132714
298.616551971278,139.022225686526,3.93632425897502
524.60737449924,459.535568569132,3.57873997995842
42.2585641986579,422.950517620608,4.08521504813539
199.42177786528,282.722739822202,3.68990114328085
548.689631320699,271.678074684388,3.90228052051117
167.44933110879,29.5791053313891,4.56949836596347
495.358455196198,346.124075671412,4.18243680360384
36.8576745374791,45.35071042704,4.18873728437597
531.469257504282,138.065610967353,4.54927569820549
NA,NA,NA
660.038762319118,333.696048243769,3.59709158392692
452.487147838616,300.08707011552,3.60375630388975
8.63125594304041,493.725048431448,3.57594553139298
561.423900568757,50.5221317848927,4.11198431064659
69.5749991862771,376.525850910915,3.96648769432724
229.011730898792,413.098531437334,3.87627907926818
430.729246963328,13.5685128113885,3.33541984644905
360.19800911223,290.063146744497,3.15508993091767
605.582947737772,101.586007698967,4.22155019777543
391.549375921711,229.568134393534,4.11120468491596
563.699969064148,410.75990505908,4.73334181567818
137.465752312768,287.085740483671,4.61174642334916
194.60565706484,370.788741536548,4.06492218700387
127.774345185236,408.85312408287,3.42732509961656
628.155096962639,315.985243463625,4.5881295759418
-0.725996875479285,153.49635886938,4.36240319041486
540.391267991383,204.204660290131,3.98229823410224
36.5428659764121,493.411006083271,3.08493578165084
281.977377340153,21.6565844860027,4.06064661028102
532.136081443249,392.175340310131,3.46211712083718
80.2506252417056,70.2126278569956,5.24489418522862
4.88526154373825,73.0216646557481,3.67526504195914
580.688447092748,225.800987036366,4.06116606580292
441.488902474144,461.691633118154,4.77096028109389
658.632165428866,373.846339456238,3.06454563446877
104.974332036171,490.979914852428,4.36476920887774
623.036533438594,94.055534034824,4.07102182264805
419.31969063523,259.508158125691,3.56880982822699
10.3472180557104,179.951563817925,3.30386255787814
63.8237588326445,114.356684318363,4.56166848541898
627.229499097229,204.07316641945,4.33729648110204
245.507728486188,212.979827717612,3.77539227317971
566.492099714972,436.384893326598,3.83873416602985
298.276615767733,134.688966994254,3.80026224096058
525.294700156138,454.696893203817,3.40651042281429
40.1682825463029,404.562600096042,4.00230054960754
200.990592960871,282.310711279816,4.39894264003723
545.893569716986,263.763913618314,3.79226513957474
180.25161958413,17.2224213049672,4.60610792345899
496.141346890289,347.6326378967,4.57599474966702
37.0353595983891,48.7790941413484,3.93050000018389
536.381038704589,156.031408459549,4.48593257427055
NA,NA,NA
660.038762319118,333.696048243769,3.59709158392692
452.487147838616,300.08707011552,3.60375630388975
8.63125594304041,493.725048431448,3.57594553139298
561.423900568757,50.5221317848927,4.11198431064659
69.5749991862771,376.525850910915,3.96648769432724
229.011730898792,413.098531437334,3.87627907926818
430.729246963328,13.5685128113885,3.33541984644905
360.19800911223,290.063146744497,3.15508993091767
605.582947737772,101.586007698967,4.22155019777543
391.549375921711,229.568134393534,4.11120468491596
563.699969064148,410.75990505908,4.73334181567818
137.465752312768,287.085740483671,4.61174642334916
194.60565706484,370.788741536548,4.06492218700387
127.774345185236,408.85312408287,3.42732509961656
628.155096962639,315.985243463625,4.5881295759418
-0.725996875479285,153.49635886938,4.36240319041486
540.391267991383,204.204660290131,3.98229823410224
36.5428659764121,493.411006083271,3.08493578165084
281.977377340153,21.6565844860027,4.06064661028102
532.136081443249,392.175340310131,3.46211712083718
80.2506252417056,70.2126278569956,5.24489418522862
4.88526154373825,73.0216646557481,3.67526504195914
580.688447092748,225.800987036366,4.06116606580292
441.488902474144,461.691633118154,4.77096028109389
658.632165428866,373.846339456238,3.06454563446877
104.974332036171,490.979914852428,4.36476920887774
623.036533438594,94.055534034824,4.07102182264805
419.31969063523,259.508158125691,3.56880982822699
10.3472180557104,179.951563817925,3.30386255787814
63.8237588326445,114.356684318363,4.56166848541898
627.229499097229,204.07316641945,4.33729648110204
245.507728486188,212.979827717612,3.77539227317971
566.492099714972,436.384893326598,3.83873416602985
298.276615767733,134.688966994254,3.80026224096058
525.294700156138,454.696893203817,3.40651042281429
40.1682825463029,404.562600096042,4.00230054960754
200.990592960871,282.310711279816,4.39894264003723
545.893569716986,263.763913618314,3.79226513957474
180.25161958413,17.2224213049672,4.60610792345899
496.141346890289,347.6326378967,4.57599474966702
37.0353595983891,48.7790941413484,3.93050000018389
536.381038704589,156.031408459549,4.48593257427055
NA,NA,NA
660.038762319118,333.696048243769,3.59709158392692
452.487147838616,300.08707011552,3.60375630388975
8.63125594304041,493.725048431448,3.57594553139298
561.423900568757,50.5221317848927,4.11198431064659
69.5749991862771,376.525850910915,3.96648769432724
229.011730898792,413.098531437334,3.87627907926818
430.729246963328,13.5685128113885,3.33541984644905
360.19800911223,290.063146744497,3.15508993091767
605.582947737772,101.586007698967,4.22155019777543
391.549375921711,229.568134393534,4.11120468491596
563.699969064148,410.75990505908,4.73334181567818
137.465752312768,287.085740483671,4.61174642334916
194.60565706484,370.788741536548,4.06492218700387
127.774345185236,408.85312408287,3.42732509961656
628.155096962639,315.985243463625,4.5881295759418
-0.725996875479285,153.49635886938,4.36240319041486
540.391267991383,204.204660290131,3.98229823410224
36.5428659764121,493.411006083271,3.08493578165084
281.977377340153,21.6565844860027,4.06064661028102
532.136081443249,392.175340310131,3.46211712083718
80.2506252417056,70.2126278569956,5.24489418522862
4.88526154373825,73.0216646557481,3.67526504195914
580.688447092748,225.800987036366,4.06116606580292
441.488902474144,461.691633118154,4.77096028109389
658.632165428866,373.846339456238,3.06454563446877
104.974332036171,490.979914852428,4.36476920887774
623.036533438594,94.055534034824,4.07102182264805
419.31969063523,259.508158125691,3.56880982822699
10.3472180557104,179.951563817925,3.30386255787814
63.8237588326445,114.356684318363,4.56166848541898
627.229499097229,204.07316641945,4.33729648110204
245.507728486188,212.979827717612,3.77539227317971
566.492099714972,436.384893326598,3.83873416602985
298.276615767733,134.688966994254,3.80026224096058
525.294700156138,454.696893203817,3.40651042281429
40.1682825463029,404.562600096042,4.00230054960754
200.990592960871,282.310711279816,4.39894264003723
545.893569716986,263.763913618314,3.79226513957474
180.25161958413,17.2224213049672,4.60610792345899
496.141346890289,347.6326378967,4.57599474966702
37.0353595983891,48.7790941413484,3.93050000018389
536.381038704589,156.031408459549,4.48593257427055
NA,NA,NA
660.038762319118,333.696048243769,3.59709158392692
452.487147838616,300.08707011552,3.60375630388975
8.63125594304041,493.725048431448,3.57594553139298
561.423900568757,50.5221317848927,4.11198431064659
69.5749991862771,376.525850910915,3.96648769432724
229.011730898792,413.098531437334,3.87627907926818
430.729246963328,13.5685128113885,3.33541984644905
360.19800911223,290.063146744497,3.15508993091767
605.582947737772,101.586007698967,4.22155019777543
391.549375921711,229.568134393534,4.11120468491596
563.699969064148,410.75990505908,4.73334181567818
137.465752312768,287.085740483671,4.61174642334916
194.60565706484,370.788741536548,4.06492218700387
127.774345185236,408.85312408287,3.42732509961656
628.155096962639,315.985243463625,4.5881295759418
-0.725996875479285,153.49635886938,4.36240319041486
540.391267991383,204.204660290131,3.98229823410224
36.5428659764121,493.411006083271,3.08493578165084
281.977377340153,21.6565844860027,4.06064661028102
532.136081443249,392.175340310131,3.46211712083718
80.2506252417056,70.2126278569956,5.24489418522862
4.88526154373825,73.0216646557481,3.67526504195914
580.688447092748,225.800987036366,4.06116606580292
441.488902474144,461.691633118154,4.77096028109389
658.632165428866,373.846339456238,3.06454563446877
104.974332036171,490.979914852428,4.36476920887774
623.036533438594,94.055534034824,4.07102182264805
419.31969063523,259.508158125691,3.56880982822699
10.3472180557104,179.951563817925,3.30386255787814
63.8237588326445,114.356684318363,4.56166848541898
627.229499097229,204.07316641945,4.33729648110204
245.507728486188,212.979827717612,3.77539227317971
566.492099714972,436.384893326598,3.83873416602985
298.276615767733,134.688966994254,3.80026224096058
525.294700156138,454.696893203817,3.40651042281429
40.1682825463029,404.562600096042,4.00230054960754
200.990592960871,282.310711279816,4.39894264003723
545.893569716986,263.763913618314,3.79226513957474
180.25161958413,17.2224213049672,4.60610792345899
496.141346890289,347.6326378967,4.57599474966702
37.0353595983891,48.7790941413484,3.93050000018389
536.381038704589,156.031408459549,4.48593257427055
NA,NA,NA
660.038762319118,333.696048243769,3.59709158392692
452.487147838616,300.08707011552,3.60375630388975
8.63125594304041,493.725048431448,3.57594553139298
561.423900568757,50.5221317848927,4.11198431064659
69.5749991862771,376.525850910915,3.96648769432724
229.011730898792,413.098531437334,3.87627907926818
430.729246963328,13.5685128113885,3.33541984644905
360.19800911223,290.063146744497,3.15508993091767
605.582947737772,101.586007698967,4.22155019777543
391.549375921711,229.568134393534,4.11120468491596
563.699969064148,410.75990505908,4.73334181567818
137.465752312768,287.085740483671,4.61174642334916
194.60565706484,370.788741536548,4.06492218700387
127.774345185236,408.85312408287,3.42732509961656
628.155096962639,315.985243463625,4.5881295759418
-0.725996875479285,153.49635886938,4.36240319041486
540.391267991383,204.204660290131,3.98229823410224
36.5428659764121,493.411006083271,3.08493578165084
281.977377340153,21.6565844860027,4.06064661028102
532.136081443249,392.175340310131,3.46211712083718
80.2506252417056,70.2126278569956,5.24489418522862
4.88526154373825,73.0216646557481,3.67526504195914
580.688447092748,225.800987036366,4.06116606580292
441.488902474144,461.691633118154,4.77096028109389
658.632165428866,373.846339456238,3.06454563446877
104.974332036171,490.979914852428,4.36476920887774
623.036533438594,94.055534034824,4.07102182264805
419.31969063523,259.508158125691,3.56880982822699
10.3472180557104,179.951563817925,3.30386255787814
63.8237588326445,114.356684318363,4.56166848541898
627.229499097229,204.07316641945,4.33729648110204
245.507728486188,212.979827717612,3.77539227317971
566.492099714972,436.384893326598,3.83873416602985
298.276615767733,134.688966994254,3.80026224096058
525.294700156138,454.696893203817,3.40651042281429
40.1682825463029,404.562600096042,4.00230054960754
200.990592960871,282.310711279816,4.39894264003723
545.893569716986,263.763913618314,3.79226513957474
180.25161958413,17.2224213049672,4.60610792345899
496.141346890289,347.6326378967,4.57599474966702
37.0353595983891,48.7790941413484,3.93050000018389
536.381038704589,156.031408459549,4.48593257427055
NA,NA,NA
660.038762319118,333.696048243769,3.59709158392692
452.487147838616,300.08707011552,3.60375630388975
8.63125594304041,493.725048431448,3.57594553139298
561.423900568757,50.5221317848927,4.11198431064659
69.5749991862771,376.525850910915,3.96648769432724
229.011730898792,413.098531437334,3.87627907926818
430.729246963328,13.5685128113885,3.33541984644905
360.19800911223,290.063146744497,3.15508993091767
605.582947737772,101.586007698967,4.22155019777543
391.549375921711,229.568134393534,4.11120468491596
563.699969064148,410.75990505908,4.73334181567818
137.465752312768,287.085740483671,4.61174642334916
194.60565706484,370.788741536548,4.06492218700387
127.774345185236,408.85312408287,3.42732509961656
628.155096962639,315.985243463625,4.5881295759418
-0.725996875479285,153.49635886938,4.36240319041486
540.391267991383,204.204660290131,3.98229823410224
36.5428659764121,493.411006083271,3.08493578165084
281.977377340153,21.6565844860027,4.06064661028102
532.136081443249,392.175340310131,3.46211712083718
80.2506252417056,70.2126278569956,5.24489418522862
4.88526154373825,73.0216646557481,3.67526504195914
580.688447092748,225.800987036366,4.06116606580292
441.488902474144,461.691633118154,4.77096028109389
658.632165428866,373.846339456238,3.06454563446877
104.974332036171,490.979914852428,4.36476920887774
623.036533438594,94.055534034824,4.07102182264805
419.31969063523,259.508158125691,3.56880982822699
10.3472180557104,179.951563817925,3.30386255787814
63.8237588326445,114.356684318363,4.56166848541898
627.229499097229,204.07316641945,4.33729648110204
245.507728486188,212.979827717612,3.77539227317971
566.492099714972,436.384893326598,3.83873416602985
298.276615767733,134.688966994254,3.80026224096058
525.294700156138,454.696893203817,3.40651042281429
40.1682825463029,404.562600096042,4.00230054960754
200.990592960871,282.310711279816,4.39894264003723
545.893569716986,263.763913618314,3.79226513957474
180.25161958413,17.2224213049672,4.60610792345899
496.141346890289,347.6326378967,4.57599474966702
37.0353595983891,48.7790941413484,3.93050000018389
536.381038704589,156.031408459549,4.48593257427055
NA,NA,NA
659.179136546243,333.27180177499,3.49782262642648
454.481373998042,297.569436701109,3.81449722793126
10.3882569957335,494.352368031262,3.63739555241046
560.727169521115,47.6516569214085,4.1972786215344
72.9724384641841,375.251212599832,4.09903432491573
228.553467776996,412.311209681503,3.81499451853789
429.046247422954,13.3275656589253,3.38262433462267
362.113918197411,291.906581095601,3.09883320028734
601.803743817688,106.829794937054,4.09414768989588
390.030511935798,231.756860544829,4.11940276202083
568.779147387152,406.446749280354,4.7648261002889
141.440371697883,280.17548908215,4.55411054223809
197.849898318729,366.81209719691,3.95306834799233
125.572541609326,407.63333185411,3.43803839332867
629.233875509219,317.01748015738,4.53981467609778
-0.921847567745192,145.997826721894,4.26435507347989
538.91603940813,203.599914108549,4.25340237024595
34.7910915622703,492.845116820569,3.0542961125143
277.55786308959,21.178253440224,3.85182638285097
531.422334001988,394.863086296375,3.33892735403436
71.5341308982541,76.5261338373404,5.22277541811919
7.61709081768094,75.912760957731,3.51031909952594
586.609121419404,230.994166306276,3.98836550711385
437.993709094411,452.377331586158,4.8314336218364
657.24351401848,374.274221962871,3.13235598940748
102.437587674474,488.824392682548,4.32886191115758
622.490895206136,87.1135328328879,4.0959559780835
418.458692125638,261.527389980669,3.61162069171169
12.2453639482257,182.181828299831,3.17313335812083
73.6989783480522,118.191733606046,4.39831255916274
629.33141094385,192.718184443901,4.35956524174636
257.056992905343,224.954758352947,3.90899369849098
574.983955047282,435.08973702878,4.05769713438871
303.337541212399,136.325247338609,3.89527055673236
529.408257052945,455.062306190762,3.69677779599787
50.4258332539551,418.351475913584,3.99972859672577
206.641799219295,283.794138363858,3.92258451387525
564.617235881285,257.028739117827,3.86635871911648
167.507806993569,27.6601401576734,4.48419316643036
492.460894045592,339.977592103986,4.45838843668118
55.4127990417759,61.6367362098493,3.65148913693798
513.43663513516,140.498965559134,4.43102409528122
NA,NA,NA
659.179136546243,333.27180177499,3.49782262642648
454.481373998042,297.569436701109,3.81449722793126
10.3882569957335,494.352368031262,3.63739555241046
560.727169521115,47.6516569214085,4.1972786215344
72.9724384641841,375.251212599832,4.09903432491573
228.553467776996,412.311209681503,3.81499451853789
429.046247422954,13.3275656589253,3.38262433462267
362.113918197411,291.906581095601,3.09883320028734
601.803743817688,106.829794937054,4.09414768989588
390.030511935798,231.756860544829,4.11940276202083
568.779147387152,406.446749280354,4.7648261002889
141.440371697883,280.17548908215,4.55411054223809
197.849898318729,366.81209719691,3.95306834799233
125.572541609326,407.63333185411,3.43803839332867
629.233875509219,317.01748015738,4.53981467609778
-0.921847567745192,145.997826721894,4.26435507347989
538.91603940813,203.599914108549,4.25340237024595
34.7910915622703,492.845116820569,3.0542961125143
277.55786308959,21.178253440224,3.85182638285097
531.422334001988,394.863086296375,3.33892735403436
71.5341308982541,76.5261338373404,5.22277541811919
7.61709081768094,75.912760957731,3.51031909952594
586.609121419404,230.994166306276,3.98836550711385
437.993709094411,452.377331586158,4.8314336218364
657.24351401848,374.274221962871,3.13235598940748
102.437587674474,488.824392682548,4.32886191115758
622.490895206136,87.1135328328879,4.0959559780835
418.458692125638,261.527389980669,3.61162069171169
12.2453639482257,182.181828299831,3.17313335812083
73.6989783480522,118.191733606046,4.39831255916274
629.33141094385,192.718184443901,4.35956524174636
257.056992905343,224.954758352947,3.90899369849098
574.983955047282,435.08973702878,4.05769713438871
303.337541212399,136.325247338609,3.89527055673236
529.408257052945,455.062306190762,3.69677779599787
50.4258332539551,418.351475913584,3.99972859672577
206.641799219295,283.794138363858,3.92258451387525
564.617235881285,257.028739117827,3.86635871911648
167.507806993569,27.6601401576734,4.48419316643036
492.460894045592,339.977592103986,4.45838843668118
55.4127990417759,61.6367362098493,3.65148913693798
513.43663513516,140.498965559134,4.43102409528122
NA,NA,NA
659.179136546243,333.27180177499,3.49782262642648
454.481373998042,297.569436701109,3.81449722793126
10.3882569957335,494.352368031262,3.63739555241046
560.727169521115,47.6516569214085,4.1972786215344
72.9724384641841,375.251212599832,4.09903432491573
228.553467776996,412.311209681503,3.81499451853789
429.046247422954,13.3275656589253,3.38262433462267
362.113918197411,291.906581095601,3.09883320028734
601.803743817688,106.829794937054,4.09414768989588
390.030511935798,231.756860544829,4.11940276202083
568.779147387152,406.446749280354,4.7648261002889
141.440371697883,280.17548908215,4.55411054223809
197.849898318729,366.81209719691,3.95306834799233
125.572541609326,407.63333185411,3.43803839332867
629.233875509219,317.01748015738,4.53981467609778
-0.921847567745192,145.997826721894,4.26435507347989
538.91603940813,203.599914108549,4.25340237024595
34.7910915622703,492.845116820569,3.0542961125143
277.55786308959,21.178253440224,3.85182638285097
531.422334001988,394.863086296375,3.33892735403436
71.5341308982541,76.5261338373404,5.22277541811919
7.61709081768094,75.912760957731,3.51031909952594
586.609121419404,230.994166306276,3.98836550711385
437.993709094411,452.377331586158,4.8314336218364
657.24351401848,374.274221962871,3.13235598940748
102.437587674474,488.824392682548,4.32886191115758
622.490895206136,87.1135328328879,4.0959559780835
418.458692125638,261.527389980669,3.61162069171169
12.2453639482257,182.181828299831,3.17313335812083
73.6989783480522,118.191733606046,4.39831255916274
629.33141094385,192.718184443901,4.35956524174636
257.056992905343,224.954758352947,3.90899369849098
574.983955047282,435.08973702878,4.05769713438871
303.337541212399,136.325247338609,3.89527055673236
529.408257052945,455.062306190762,3.69677779599787
50.4258332539551,418.351475913584,3.99972859672577
206.641799219295,283.794138363858,3.92258451387525
564.617235881285,257.028739117827,3.86635871911648
167.507806993569,27.6601401576734,4.48419316643036
492.460894045592,339.977592103986,4.45838843668118
55.4127990417759,61.6367362098493,3.65148913693798
513.43663513516,140.498965559134,4.43102409528122
NA,NA,NA
659.179136546243,333.27180177499,3.49782262642648
454.481373998042,297.569436701109,3.81449722793126
10.3882569957335,494.352368031262,3.63739555241046
560.727169521115,47.6516569214085,4.1972786215344
72.9724384641841,375.251212599832,4.09903432491573
228.553467776996,412.311209681503,3.81499451853789
429.046247422954,13.3275656589253,3.38262433462267
362.113918197411,291.906581095601,3.09883320028734
601.803743817688,106.829794937054,4.09414768989588
390.030511935798,231.756860544829,4.11940276202083
568.779147387152,406.446749280354,4.7648261002889
141.440371697883,280.17548908215,4.55411054223809
197.849898318729,366.81209719691,3.95306834799233
125.572541609326,407.63333185411,3.43803839332867
629.233875509219,317.01748015738,4.53981467609778
-0.921847567745192,145.997826721894,4.26435507347989
538.91603940813,203.599914108549,4.25340237024595
34.7910915622703,492.845116820569,3.0542961125143
277.55786308959,21.178253440224,3.85182638285097
531.422334001988,394.863086296375,3.33892735403436
71.5341308982541,76.5261338373404,5.22277541811919
7.61709081768094,75.912760957731,3.51031909952594
586.609121419404,230.994166306276,3.98836550711385
437.993709094411,452.377331586158,4.8314336218364
657.24351401848,374.274221962871,3.13235598940748
102.437587674474,488.824392682548,4.32886191115758
622.490895206136,87.1135328328879,4.0959559780835
418.458692125638,261.527389980669,3.61162069171169
12.2453639482257,182.181828299831,3.17313335812083
73.6989783480522,118.191733606046,4.39831255916274
629.33141094385,192.718184443901,4.35956524174636
257.056992905343,224.954758352947,3.90899369849098
574.983955047282,435.08973702878,4.05769713438871
303.337541212399,136.325247338609,3.89527055673236
529.408257052945,455.062306190762,3.69677779599787
50.4258332539551,418.351475913584,3.99972859672577
206.641799219295,283.794138363858,3.92258451387525
564.617235881285,257.028739117827,3.86635871911648
167.507806993569,27.6601401576734,4.48419316643036
492.460894045592,339.977592103986,4.45838843668118
55.4127990417759,61.6367362098493,3.65148913693798
513.43663513516,140.498965559134,4.43102409528122
NA,NA,NA
659.179136546243,333.27180177499,3.49782262642648
454.481373998042,297.569436701109,3.81449722793126
10.3882569957335,494.352368031262,3.63739555241046
560.727169521115,47.6516569214085,4.1972786215344
72.9724384641841,375.251212599832,4.09903432491573
228.553467776996,412.311209681503,3.81499451853789
429.046247422954,13.3275656589253,3.38262433462267
362.113918197411,291.906581095601,3.09883320028734
601.803743817688,106.829794937054,4.09414768989588
390.030511935798,231.756860544829,4.11940276202083
568.779147387152,406.446749280354,4.7648261002889
141.440371697883,280.17548908215,4.55411054223809
197.849898318729,366.81209719691,3.95306834799233
125.572541609326,407.63333185411,3.43803839332867
629.233875509219,317.01748015738,4.53981467609778
-0.921847567745192,145.997826721894,4.26435507347989
538.91603940813,203.599914108549,4.25340237024595
34.7910915622703,492.845116820569,3.0542961125143
277.55786308959,21.178253440224,3.85182638285097
531.422334001988,394.863086296375,3.33892735403436
71.5341308982541,76.5261338373404,5.22277541811919
7.61709081768094,75.912760957731,3.51031909952594
586.609121419404,230.994166306276,3.98836550711385
437.993709094411,452.377331586158,4.8314336218364
657.24351401848,374.274221962871,3.13235598940748
102.437587674474,488.824392682548,4.32886191115758
622.490895206136,87.1135328328879,4.0959559780835
418.458692125638,261.527389980669,3.61162069171169
12.2453639482257,182.181828299831,3.17313335812083
73.6989783480522,118.191733606046,4.39831255916274
629.33141094385,192.718184443901,4.35956524174636
257.056992905343,224.954758352947,3.90899369849098
574.983955047282,435.08973702878,4.05769713438871
303.337541212399,136.325247338609,3.89527055673236
529.408257052945,455.062306190762,3.69677779599787
50.4258332539551,418.351475913584,3.99972859672577
206.641799219295,283.794138363858,3.92258451387525
564.617235881285,257.028739117827,3.86635871911648
167.507806993569,27.6601401576734,4.48419316643036
492.460894045592,339.977592103986,4.45838843668118
55.4127990417759,61.6367362098493,3.65148913693798
513.43663513516,140.498965559134,4.43102409528122
NA,NA,NA
659.179136546243,333.27180177499,3.49782262642648
454.481373998042,297.569436701109,3.81449722793126
10.3882569957335,494.352368031262,3.63739555241046
560.727169521115,47.6516569214085,4.1972786215344
72.9724384641841,375.251212599832,4.09903432491573
228.553467776996,412.311209681503,3.81499451853789
429.046247422954,13.3275656589253,3.38262433462267
362.113918197411,291.906581095601,3.09883320028734
601.803743817688,106.829794937054,4.09414768989588
390.030511935798,231.756860544829,4.11940276202083
568.779147387152,406.446749280354,4.7648261002889
141.440371697883,280.17548908215,4.55411054223809
197.849898318729,366.81209719691,3.95306834799233
125.572541609326,407.63333185411,3.43803839332867
629.233875509219,317.01748015738,4.53981467609778
-0.921847567745192,145.997826721894,4.26435507347989
538.91603940813,203.599914108549,4.25340237024595
34.7910915622703,492.845116820569,3.0542961125143
277.55786308959,21.178253440224,3.85182638285097
531.422334001988,394.863086296375,3.33892735403436
71.5341308982541,76.5261338373404,5.22277541811919
7.61709081768094,75.912760957731,3.51031909952594
586.609121419404,230.994166306276,3.98836550711385
437.993709094411,452.377331586158,4.8314336218364
657.24351401848,374.274221962871,3.13235598940748
102.437587674474,488.824392682548,4.32886191115758
622.490895206136,87.1135328328879,4.0959559780835
418.458692125638,261.527389980669,3.61162069171169
12.2453639482257,182.181828299831,3.17313335812083
73.6989783480522,118.191733606046,4.39831255916274
629.33141094385,192.718184443901,4.35956524174636
257.056992905343,224.954758352947,3.90899369849098
574.983955047282,435.08973702878,4.05769713438871
303.337541212399,136.325247338609,3.89527055673236
529.408257052945,455.062306190762,3.69677779599787
50.4258332539551,418.351475913584,3.99972859672577
206.641799219295,283.794138363858,3.92258451387525
564.617235881285,257.028739117827,3.86635871911648
167.507806993569,27.6601401576734,4.48419316643036
492.460894045592,339.977592103986,4.45838843668118
55.4127990417759,61.6367362098493,3.65148913693798
513.43663513516,140.498965559134,4.43102409528122
NA,NA,NA
663.108968833174,336.332684452926,3.5110847505947
455.617877319599,298.667581360048,3.55896291707988
9.55347934908041,491.734452964132,3.66319182036664
562.436412456894,53.4692648712665,4.28579686439542
71.9669399533892,377.015750901026,3.99924667885114
229.125626746143,418.347406427769,3.82597051102856
431.739658332723,12.2608581011996,3.47980830335112
359.797629141866,295.2369260542,3.06763664099206
602.531973327309,103.815328420078,4.2537231395184
391.181128473372,234.603838179269,4.28846290904058
570.258392565847,409.82238487771,4.74734228930726
137.855142008852,276.772107103508,4.56306387468942
200.859016968085,369.6239940245,4.03694364882088
119.075800800172,408.725884402994,3.51296211825926
630.781148830143,316.518090284815,4.64802600594111
1.45256396113572,147.955356143128,4.26313081302038
537.57290535477,193.871369136521,4.18389500665954
34.4786493973419,491.860855936354,2.99073895206955
279.835928139456,21.3375681087975,3.93848377528002
534.468899437323,393.544381081915,3.35416173003991
73.9065337173676,80.6795276912302,5.15769532509535
2.91836519196253,76.9198398081492,3.56334527084901
591.525120140185,227.948078127274,4.10285414643888
438.412585299292,458.615427661385,4.78767297779498
658.150328460275,375.96467818514,3.04523952257818
103.924812157853,483.702582499749,4.29997541972431
618.793797373542,95.1333722418069,4.03108610581626
417.517682439844,258.441169604143,3.67570702999793
8.43324127391231,182.083596239998,3.3281281111673
71.0089230263412,112.885848338779,4.40907572661515
611.958748683312,197.578820939779,3.90116949047437
252.543075137202,219.362000028399,4.04504963851091
569.814011733085,438.08575756051,3.90766230355338
303.040218862018,139.077365837894,3.79975362296935
530.224054493486,458.100432995713,3.52439082804377
35.0783729592212,412.638541674838,3.96193192652113
203.658334890043,305.024221447507,3.74248770426131
548.19179416389,257.165634872684,3.76555128213258
159.069680766287,28.575521597903,4.1279829174092
500.409772443266,340.846719393776,4.38258739978766
31.26170485731,52.1631849836673,4.25013946017369
530.067097866634,142.768893108581,4.52262219521343
NA,NA,NA
663.108968833174,336.332684452926,3.5110847505947
455.617877319599,298.667581360048,3.55896291707988
9.55347934908041,491.734452964132,3.66319182036664
562.436412456894,53.4692648712665,4.28579686439542
71.9669399533892,377.015750901026,3.99924667885114
229.125626746143,418.347406427769,3.82597051102856
431.739658332723,12.2608581011996,3.47980830335112
359.797629141866,295.2369260542,3.06763664099206
602.531973327309,103.815328420078,4.2537231395184
391.181128473372,234.603838179269,4.28846290904058
570.258392565847,409.82238487771,4.74734228930726
137.855142008852,276.772107103508,4.56306387468942
200.859016968085,369.6239940245,4.03694364882088
119.075800800172,408.725884402994,3.51296211825926
630.781148830143,316.518090284815,4.64802600594111
1.45256396113572,147.955356143128,4.26313081302038
537.57290535477,193.871369136521,4.18389500665954
34.4786493973419,491.860855936354,2.99073895206955
279.835928139456,21.3375681087975,3.93848377528002
534.468899437323,393.544381081915,3.35416173003991
73.9065337173676,80.6795276912302,5.15769532509535
2.91836519196253,76.9198398081492,3.56334527084901
591.525120140185,227.948078127274,4.10285414643888
438.412585299292,458.615427661385,4.78767297779498
658.150328460275,375.96467818514,3.04523952257818
103.924812157853,483.702582499749,4.29997541972431
618.793797373542,95.1333722418069,4.03108610581626
417.517682439844,258.441169604143,3.67570702999793
8.43324127391231,182.083596239998,3.3281281111673
71.0089230263412,112.885848338779,4.40907572661515
611.958748683312,197.578820939779,3.90116949047437
252.543075137202,219.362000028399,4.04504963851091
569.814011733085,438.08575756051,3.90766230355338
303.040218862018,139.077365837894,3.79975362296935
530.224054493486,458.100432995713,3.52439082804377
35.0783729592212,412.638541674838,3.96193192652113
203.658334890043,305.024221447507,3.74248770426131
548.19179416389,257.165634872684,3.76555128213258
159.069680766287,28.575521597903,4.1279829174092
500.409772443266,340.846719393776,4.38258739978766
31.26170485731,52.1631849836673,4.25013946017369
530.067097866634,142.768893108581,4.52262219521343
NA,NA,NA
663.108968833174,336.332684452926,3.5110847505947
455.617877319599,298.667581360048,3.55896291707988
9.55347934908041,491.734452964132,3.66319182036664
562.436412456894,53.4692648712665,4.28579686439542
71.9669399533892,377.015750901026,3.99924667885114
229.125626746143,418.347406427769,3.82597051102856
431.739658332723,12.2608581011996,3.47980830335112
359.797629141866,295.2369260542,3.06763664099206
602.531973327309,103.815328420078,4.2537231395184
391.181128473372,234.603838179269,4.28846290904058
570.258392565847,409.82238487771,4.74734228930726
137.855142008852,276.772107103508,4.56306387468942
200.859016968085,369.6239940245,4.03694364882088
119.075800800172,408.725884402994,3.51296211825926
630.781148830143,316.518090284815,4.64802600594111
1.45256396113572,147.955356143128,4.26313081302038
537.57290535477,193.871369136521,4.18389500665954
34.4786493973419,491.860855936354,2.99073895206955
279.835928139456,21.3375681087975,3.93848377528002
534.468899437323,393.544381081915,3.35416173003991
73.9065337173676,80.6795276912302,5.15769532509535
2.91836519196253,76.9198398081492,3.56334527084901
591.525120140185,227.948078127274,4.10285414643888
438.412585299292,458.615427661385,4.78767297779498
658.150328460275,375.96467818514,3.04523952257818
103.924812157853,483.702582499749,4.29997541972431
618.793797373542,95.1333722418069,4.03108610581626
417.517682439844,258.441169604143,3.67570702999793
8.43324127391231,182.083596239998,3.3281281111673
71.0089230263412,112.885848338779,4.40907572661515
611.958748683312,197.578820939779,3.90116949047437
252.543075137202,219.362000028399,4.04504963851091
569.814011733085,438.08575756051,3.90766230355338
303.040218862018,139.077365837894,3.79975362296935
530.224054493486,458.100432995713,3.52439082804377
35.0783729592212,412.638541674838,3.96193192652113
203.658334890043,305.024221447507,3.74248770426131
548.19179416389,257.165634872684,3.76555128213258
159.069680766287,28.575521597903,4.1279829174092
500.409772443266,340.846719393776,4.38258739978766
31.26170485731,52.1631849836673,4.25013946017369
530.067097866634,142.768893108581,4.52262219521343
NA,NA,NA
663.108968833174,336.332684452926,3.5110847505947
455.617877319599,298.667581360048,3.55896291707988
9.55347934908041,491.734452964132,3.66319182036664
562.436412456894,53.4692648712665,4.28579686439542
71.9669399533892,377.015750901026,3.99924667885114
229.125626746143,418.347406427769,3.82597051102856
431.739658332723,12.2608581011996,3.47980830335112
359.797629141866,295.2369260542,3.06763664099206
602.531973327309,103.815328420078,4.2537231395184
391.181128473372,234.603838179269,4.28846290904058
570.258392565847,409.82238487771,4.74734228930726
137.855142008852,276.772107103508,4.56306387468942
200.859016968085,369.6239940245,4.03694364882088
119.075800800172,408.725884402994,3.51296211825926
630.781148830143,316.518090284815,4.64802600594111
1.45256396113572,147.955356143128,4.26313081302038
537.57290535477,193.871369136521,4.18389500665954
34.4786493973419,491.860855936354,2.99073895206955
279.835928139456,21.3375681087975,3.93848377528002
534.468899437323,393.544381081915,3.35416173003991
73.9065337173676,80.6795276912302,5.15769532509535
2.91836519196253,76.9198398081492,3.56334527084901
591.525120140185,227.948078127274,4.10285414643888
438.412585299292,458.615427661385,4.78767297779498
658.150328460275,375.96467818514,3.04523952257818
103.924812157853,483.702582499749,4.29997541972431
618.793797373542,95.1333722418069,4.03108610581626
417.517682439844,258.441169604143,3.67570702999793
8.43324127391231,182.083596239998,3.3281281111673
71.0089230263412,112.885848338779,4.40907572661515
611.958748683312,197.578820939779,3.90116949047437
252.543075137202,219.362000028399,4.04504963851091
569.814011733085,438.08575756051,3.90766230355338
303.040218862018,139.077365837894,3.79975362296935
530.224054493486,458.100432995713,3.52439082804377
35.0783729592212,412.638541674838,3.96193192652113
203.658334890043,305.024221447507,3.74248770426131
548.19179416389,257.165634872684,3.76555128213258
159.069680766287,28.575521597903,4.1279829174092
500.409772443266,340.846719393776,4.38258739978766
31.26170485731,52.1631849836673,4.25013946017369
530.067097866634,142.768893108581,4.52262219521343
NA,NA,NA
663.108968833174,336.332684452926,3.5110847505947
455.617877319599,298.667581360048,3.55896291707988
9.55347934908041,491.734452964132,3.66319182036664
562.436412456894,53.4692648712665,4.28579686439542
71.9669399533892,377.015750901026,3.99924667885114
229.125626746143,418.347406427769,3.82597051102856
431.739658332723,12.2608581011996,3.47980830335112
359.797629141866,295.2369260542,3.06763664099206
602.531973327309,103.815328420078,4.2537231395184
391.181128473372,234.603838179269,4.28846290904058
570.258392565847,409.82238487771,4.74734228930726
137.855142008852,276.772107103508,4.56306387468942
200.859016968085,369.6239940245,4.03694364882088
119.075800800172,408.725884402994,3.51296211825926
630.781148830143,316.518090284815,4.64802600594111
1.45256396113572,147.955356143128,4.26313081302038
537.57290535477,193.871369136521,4.18389500665954
34.4786493973419,491.860855936354,2.99073895206955
279.835928139456,21.3375681087975,3.93848377528002
534.468899437323,393.544381081915,3.35416173003991
73.9065337173676,80.6795276912302,5.15769532509535
2.91836519196253,76.9198398081492,3.56334527084901
591.525120140185,227.948078127274,4.10285414643888
438.412585299292,458.615427661385,4.78767297779498
658.150328460275,375.96467818514,3.04523952257818
103.924812157853,483.702582499749,4.29997541972431
618.793797373542,95.1333722418069,4.03108610581626
417.517682439844,258.441169604143,3.67570702999793
8.43324127391231,182.083596239998,3.3281281111673
71.0089230263412,112.885848338779,4.40907572661515
611.958748683312,197.578820939779,3.90116949047437
252.543075137202,219.362000028399,4.04504963851091
569.814011733085,438.08575756051,3.90766230355338
303.040218862018,139.077365837894,3.79975362296935
530.224054493486,458.100432995713,3.52439082804377
35.0783729592212,412.638541674838,3.96193192652113
203.658334890043,305.024221447507,3.74248770426131
548.19179416389,257.165634872684,3.76555128213258
159.069680766287,28.575521597903,4.1279829174092
500.409772443266,340.846719393776,4.38258739978766
31.26170485731,52.1631849836673,4.25013946017369
530.067097866634,142.768893108581,4.52262219521343
NA,NA,NA
663.108968833174,336.332684452926,3.5110847505947
455.617877319599,298.667581360048,3.55896291707988
9.55347934908041,491.734452964132,3.66319182036664
562.436412456894,53.4692648712665,4.28579686439542
71.9669399533892,377.015750901026,3.99924667885114
229.125626746143,418.347406427769,3.82597051102856
431.739658332723,12.2608581011996,3.47980830335112
359.797629141866,295.2369260542,3.06763664099206
602.531973327309,103.815328420078,4.2537231395184
391.181128473372,234.603838179269,4.28846290904058
570.258392565847,409.82238487771,4.74734228930726
137.855142008852,276.772107103508,4.56306387468942
200.859016968085,369.6239940245,4.03694364882088
119.075800800172,408.725884402994,3.51296211825926
630.781148830143,316.518090284815,4.64802600594111
1.45256396113572,147.955356143128,4.26313081302038
537.57290535477,193.871369136521,4.18389500665954
34.4786493973419,491.860855936354,2.99073895206955
279.835928139456,21.3375681087975,3.93848377528002
534.468899437323,393.544381081915,3.35416173003991
73.9065337173676,80.6795276912302,5.15769532509535
2.91836519196253,76.9198398081492,3.56334527084901
591.525120140185,227.948078127274,4.10285414643888
438.412585299292,458.615427661385,4.78767297779498
658.150328460275,375.96467818514,3.04523952257818
103.924812157853,483.702582499749,4.29997541972431
618.793797373542,95.1333722418069,4.03108610581626
417.517682439844,258.441169604143,3.67570702999793
8.43324127391231,182.083596239998,3.3281281111673
71.0089230263412,112.885848338779,4.40907572661515
611.958748683312,197.578820939779,3.90116949047437
252.543075137202,219.362000028399,4.04504963851091
569.814011733085,438.08575756051,3.90766230355338
303.040218862018,139.077365837894,3.79975362296935
530.224054493486,458.100432995713,3.52439082804377
35.0783729592212,412.638541674838,3.96193192652113
203.658334890043,305.024221447507,3.74248770426131
548.19179416389,257.165634872684,3.76555128213258
159.069680766287,28.575521597903,4.1279829174092
500.409772443266,340.846719393776,4.38258739978766
31.26170485731,52.1631849836673,4.25013946017369
530.067097866634,142.768893108581,4.52262219521343
NA,NA,NA
657.244263735695,336.325587319689,3.45765583590153
459.017649184077,300.283031308614,3.75210913746524
6.93478175698649,497.032777489579,3.73052275232323
558.147178430543,48.2341146414568,4.14554219394517
69.1648763119747,372.716331386637,4.0030375174256
227.566407309271,414.929727706493,3.70454488138794
428.963425142972,15.0262305267808,3.15964553142013
361.197209909384,292.374454796713,2.99910081772943
603.491391958146,104.224358901887,4.40268269530727
398.671196494878,227.523375492749,4.26916147872006
563.914730676221,407.508547314656,4.7470088801884
136.908051924707,285.062510891334,4.49997653874446
194.320869961056,369.233991915803,4.01112484036253
125.904203384491,411.173780021064,3.37160789967428
622.647760741656,316.418660163791,4.60003412219014
-3.2317404746276,150.16548726257,4.31881396686694
540.551418362628,200.557069327754,4.13735966146971
32.7797892058686,489.773661341972,3.06590278989045
281.47159086049,26.8192413909574,3.89712124117384
530.296682533214,394.563753679537,3.35391135107159
78.0039951275213,81.2781800888356,5.28633036722166
6.77554982269515,73.3672421977641,3.45044509169607
591.190977282447,225.810620958039,4.00600510055993
440.068067500596,453.471334185545,4.81006104686322
659.464628288627,372.013954768492,3.08320475035412
102.916270690454,489.400594669766,4.44193887505646
623.045666824452,96.3274000930961,4.0991996526761
418.991271017989,257.894704838272,3.71930277876118
12.9158426074446,179.85953647621,3.2341458722662
60.1485426567348,97.114115771267,4.41280278280979
621.300623497332,203.312996312848,4.56058920285045
253.601445425538,219.25701722763,3.92694164288481
573.843457450448,437.848839533048,3.62200720628549
298.424875735795,140.108156262489,3.81232369024383
522.54936745442,454.085944316409,3.54084015843
50.8855304002733,419.735889609609,4.13945905273834
189.612654659853,282.687344371807,4.25020574169858
548.991195407835,259.86649316833,3.54982628420281
172.737099932376,25.9666634564865,4.24441008212767
503.262919596154,349.291351641365,4.88246382341889
40.2443843164739,61.4903699146128,3.7133500681129
533.505341286773,149.74890629843,4.93283828911849
NA,NA,NA
657.244263735695,336.325587319689,3.45765583590153
459.017649184077,300.283031308614,3.75210913746524
6.93478175698649,497.032777489579,3.73052275232323
558.147178430543,48.2341146414568,4.14554219394517
69.1648763119747,372.716331386637,4.0030375174256
227.566407309271,414.929727706493,3.70454488138794
428.963425142972,15.0262305267808,3.15964553142013
361.197209909384,292.374454796713,2.99910081772943
603.491391958146,104.224358901887,4.40268269530727
398.671196494878,227.523375492749,4.26916147872006
563.914730676221,407.508547314656,4.7470088801884
136.908051924707,285.062510891334,4.49997653874446
194.320869961056,369.233991915803,4.01112484036253
125.904203384491,411.173780021064,3.37160789967428
622.647760741656,316.418660163791,4.60003412219014
-3.2317404746276,150.16548726257,4.31881396686694
540.551418362628,200.557069327754,4.13735966146971
32.7797892058686,489.773661341972,3.06590278989045
281.47159086049,26.8192413909574,3.89712124117384
530.296682533214,394.563753679537,3.35391135107159
78.0039951275213,81.2781800888356,5.28633036722166
6.77554982269515,73.3672421977641,3.45044509169607
591.190977282447,225.810620958039,4.00600510055993
440.068067500596,453.471334185545,4.81006104686322
659.464628288627,372.013954768492,3.08320475035412
102.916270690454,489.400594669766,4.44193887505646
623.045666824452,96.3274000930961,4.0991996526761
418.991271017989,257.894704838272,3.71930277876118
12.9158426074446,179.85953647621,3.2341458722662
60.1485426567348,97.114115771267,4.41280278280979
621.300623497332,203.312996312848,4.56058920285045
253.601445425538,219.25701722763,3.92694164288481
573.843457450448,437.848839533048,3.62200720628549
298.424875735795,140.108156262489,3.81232369024383
522.54936745442,454.085944316409,3.54084015843
50.8855304002733,419.735889609609,4.13945905273834
189.612654659853,282.687344371807,4.25020574169858
548.991195407835,259.86649316833,3.54982628420281
172.737099932376,25.9666634564865,4.24441008212767
503.262919596154,349.291351641365,4.88246382341889
40.2443843164739,61.4903699146128,3.7133500681129
533.505341286773,149.74890629843,4.93283828911849
NA,NA,NA
657.244263735695,336.325587319689,3.45765583590153
459.017649184077,300.283031308614,3.75210913746524
6.93478175698649,497.032777489579,3.73052275232323
558.147178430543,48.2341146414568,4.14554219394517
69.1648763119747,372.716331386637,4.0030375174256
227.566407309271,414.929727706493,3.70454488138794
428.963425142972,15.0262305267808,3.15964553142013
361.197209909384,292.374454796713,2.99910081772943
603.491391958146,104.224358901887,4.40268269530727
398.671196494878,227.523375492749,4.26916147872006
563.914730676221,407.508547314656,4.7470088801884
136.908051924707,285.062510891334,4.49997653874446
194.320869961056,369.233991915803,4.01112484036253
125.904203384491,411.173780021064,3.37160789967428
622.647760741656,316.418660163791,4.60003412219014
-3.2317404746276,150.16548726257,4.31881396686694
540.551418362628,200.557069327754,4.13735966146971
32.7797892058686,489.773661341972,3.06590278989045
281.47159086049,26.8192413909574,3.89712124117384
530.296682533214,394.563753679537,3.35391135107159
78.0039951275213,81.2781800888356,5.28633036722166
6.77554982269515,73.3672421977641,3.45044509169607
591.190977282447,225.810620958039,4.00600510055993
440.068067500596,453.471334185545,4.81006104686322
659.464628288627,372.013954768492,3.08320475035412
102.916270690454,489.400594669766,4.44193887505646
623.045666824452,96.3274000930961,4.0991996526761
418.991271017989,257.894704838272,3.71930277876118
12.9158426074446,179.85953647621,3.2341458722662
60.1485426567348,97.114115771267,4.41280278280979
621.300623497332,203.312996312848,4.56058920285045
253.601445425538,219.25701722763,3.92694164288481
573.843457450448,437.848839533048,3.62200720628549
298.424875735795,140.108156262489,3.81232369024383
522.54936745442,454.085944316409,3.54084015843
50.8855304002733,419.735889609609,4.13945905273834
189.612654659853,282.687344371807,4.25020574169858
548.991195407835,259.86649316833,3.54982628420281
172.737099932376,25.9666634564865,4.24441008212767
503.262919596154,349.291351641365,4.88246382341889
40.2443843164739,61.4903699146128,3.7133500681129
533.505341286773,149.74890629843,4.93283828911849
NA,NA,NA
657.244263735695,336.325587319689,3.45765583590153
459.017649184077,300.283031308614,3.75210913746524
6.93478175698649,497.032777489579,3.73052275232323
558.147178430543,48.2341146414568,4.14554219394517
69.1648763119747,372.716331386637,4.0030375174256
227.566407309271,414.929727706493,3.70454488138794
428.963425142972,15.0262305267808,3.15964553142013
361.197209909384,292.374454796713,2.99910081772943
603.491391958146,104.224358901887,4.40268269530727
398.671196494878,227.523375492749,4.26916147872006
563.914730676221,407.508547314656,4.7470088801884
136.908051924707,285.062510891334,4.49997653874446
194.320869961056,369.233991915803,4.01112484036253
125.904203384491,411.173780021064,3.37160789967428
622.647760741656,316.418660163791,4.60003412219014
-3.2317404746276,150.16548726257,4.31881396686694
540.551418362628,200.557069327754,4.13735966146971
32.7797892058686,489.773661341972,3.06590278989045
281.47159086049,26.8192413909574,3.89712124117384
530.296682533214,394.563753679537,3.35391135107159
78.0039951275213,81.2781800888356,5.28633036722166
6.77554982269515,73.3672421977641,3.45044509169607
591.190977282447,225.810620958039,4.00600510055993
440.068067500596,453.471334185545,4.81006104686322
659.464628288627,372.013954768492,3.08320475035412
102.916270690454,489.400594669766,4.44193887505646
623.045666824452,96.3274000930961,4.0991996526761
418.991271017989,257.894704838272,3.71930277876118
12.9158426074446,179.85953647621,3.2341458722662
60.1485426567348,97.114115771267,4.41280278280979
621.300623497332,203.312996312848,4.56058920285045
253.601445425538,219.25701722763,3.92694164288481
573.843457450448,437.848839533048,3.62200720628549
298.424875735795,140.108156262489,3.81232369024383
522.54936745442,454.085944316409,3.54084015843
50.8855304002733,419.735889609609,4.13945905273834
189.612654659853,282.687344371807,4.25020574169858
548.991195407835,259.86649316833,3.54982628420281
172.737099932376,25.9666634564865,4.24441008212767
503.262919596154,349.291351641365,4.88246382341889
40.2443843164739,61.4903699146128,3.7133500681129
533.505341286773,149.74890629843,4.93283828911849
NA,NA,NA
657.244263735695,336.325587319689,3.45765583590153
459.017649184077,300.283031308614,3.75210913746524
6.93478175698649,497.032777489579,3.73052275232323
558.147178430543,48.2341146414568,4.14554219394517
69.1648763119747,372.716331386637,4.0030375174256
227.566407309271,414.929727706493,3.70454488138794
428.963425142972,15.0262305267808,3.15964553142013
361.197209909384,292.374454796713,2.99910081772943
603.491391958146,104.224358901887,4.40268269530727
398.671196494878,227.523375492749,4.26916147872006
563.914730676221,407.508547314656,4.7470088801884
136.908051924707,285.062510891334,4.49997653874446
194.320869961056,369.233991915803,4.01112484036253
125.904203384491,411.173780021064,3.37160789967428
622.647760741656,316.418660163791,4.60003412219014
-3.2317404746276,150.16548726257,4.31881396686694
540.551418362628,200.557069327754,4.13735966146971
32.7797892058686,489.773661341972,3.06590278989045
281.47159086049,26.8192413909574,3.89712124117384
530.296682533214,394.563753679537,3.35391135107159
78.0039951275213,81.2781800888356,5.28633036722166
6.77554982269515,73.3672421977641,3.45044509169607
591.190977282447,225.810620958039,4.00600510055993
440.068067500596,453.471334185545,4.81006104686322
659.464628288627,372.013954768492,3.08320475035412
102.916270690454,489.400594669766,4.44193887505646
623.045666824452,96.3274000930961,4.0991996526761
418.991271017989,257.894704838272,3.71930277876118
12.9158426074446,179.85953647621,3.2341458722662
60.1485426567348,97.114115771267,4.41280278280979
621.300623497332,203.312996312848,4.56058920285045
253.601445425538,219.25701722763,3.92694164288481
573.843457450448,437.848839533048,3.62200720628549
298.424875735795,140.108156262489,3.81232369024383
522.54936745442,454.085944316409,3.54084015843
50.8855304002733,419.735889609609,4.13945905273834
189.612654659853,282.687344371807,4.25020574169858
548.991195407835,259.86649316833,3.54982628420281
172.737099932376,25.9666634564865,4.24441008212767
503.262919596154,349.291351641365,4.88246382341889
40.2443843164739,61.4903699146128,3.7133500681129
533.505341286773,149.74890629843,4.93283828911849
NA,NA,NA
657.244263735695,336.325587319689,3.45765583590153
459.017649184077,300.283031308614,3.75210913746524
6.93478175698649,497.032777489579,3.73052275232323
558.147178430543,48.2341146414568,4.14554219394517
69.1648763119747,372.716331386637,4.0030375174256
227.566407309271,414.929727706493,3.70454488138794
428.963425142972,15.0262305267808,3.15964553142013
361.197209909384,292.374454796713,2.99910081772943
603.491391958146,104.224358901887,4.40268269530727
398.671196494878,227.523375492749,4.26916147872006
563.914730676221,407.508547314656,4.7470088801884
136.908051924707,285.062510891334,4.49997653874446
194.320869961056,369.233991915803,4.01112484036253
125.904203384491,411.173780021064,3.37160789967428
622.647760741656,316.418660163791,4.60003412219014
-3.2317404746276,150.16548726257,4.31881396686694
540.551418362628,200.557069327754,4.13735966146971
32.7797892058686,489.773661341972,3.06590278989045
281.47159086049,26.8192413909574,3.89712124117384
530.296682533214,394.563753679537,3.35391135107159
78.0039951275213,81.2781800888356,5.28633036722166
6.77554982269515,73.3672421977641,3.45044509169607
591.190977282447,225.810620958039,4.00600510055993
440.068067500596,453.471334185545,4.81006104686322
659.464628288627,372.013954768492,3.08320475035412
102.916270690454,489.400594669766,4.44193887505646
623.045666824452,96.3274000930961,4.0991996526761
418.991271017989,257.894704838272,3.71930277876118
12.9158426074446,179.85953647621,3.2341458722662
60.1485426567348,97.114115771267,4.41280278280979
621.300623497332,203.312996312848,4.56058920285045
253.601445425538,219.25701722763,3.92694164288481
573.843457450448,437.848839533048,3.62200720628549
298.424875735795,140.108156262489,3.81232369024383
522.54936745442,454.085944316409,3.54084015843
50.8855304002733,419.735889609609,4.13945905273834
189.612654659853,282.687344371807,4.25020574169858
548.991195407835,259.86649316833,3.54982628420281
172.737099932376,25.9666634564865,4.24441008212767
503.262919596154,349.291351641365,4.88246382341889
40.2443843164739,61.4903699146128,3.7133500681129
533.505341286773,149.74890629843,4.93283828911849
NA,NA,NA
656.786956453945,334.680125474989,3.44786490564105
456.672000652054,295.666766116669,3.56300678352128
11.7080744201784,492.732061135324,3.74018991124045
560.835334987734,50.9099669450875,4.12814589630384
74.1267911849615,374.507058850342,4.06128960131052
228.691726964075,412.568834956916,3.83646462734909
429.618963815217,12.2285073623223,3.48524562729418
363.831528089672,295.393471855819,3.21943115123247
602.881247459915,103.39924994495,4.10726671670341
390.124441615544,232.394763132908,4.18934917524644
566.676379659253,409.273188368903,4.74941909769034
141.228552366602,278.21468930996,4.39927299675146
198.887289652104,366.383806711543,3.97172724303117
126.65562383932,411.261569269829,3.37370808506107
623.020783888541,309.784183264986,4.53487883540518
6.71148668555507,150.047486551586,4.19753741925616
547.33976583942,199.80264552385,4.25841525836404
32.6562810762044,489.393832654863,3.04528736512371
279.931499343031,23.4102466596954,3.77601208112067
534.454206470477,395.139930765157,3.27505806326323
69.7372138176787,75.9882201624325,5.30789079459352
4.33328814938239,78.4071262304381,3.35947449869989
589.444955220331,232.690228514658,4.01461086144246
447.203151979543,459.662014561229,4.7697314158185
656.991726418037,371.440686052618,3.1114187330463
103.025020626983,487.872848129367,4.3027424428156
626.928313492603,87.9806624906259,4.09699934217099
419.293965508389,259.728909943293,3.72141860236201
10.4269569613342,181.713281870176,3.46054467876109
63.6607518623926,100.376630936025,4.56586133714555
620.672332089923,199.343409277365,4.45426682940208
251.756245090022,220.84218637877,3.63586495748492
581.437468325761,443.149216977854,4.13653395651858
303.351543079442,139.670681558866,3.70570014396502
533.846061549634,453.074845891604,3.43923324885817
49.7790609116888,417.251896033709,3.57569325835665
198.808003689458,281.91835709352,4.05253920136865
546.788011932496,252.019276489533,3.74438853059833
177.433465621178,20.912221640706,4.39185415643717
498.677294510049,343.021773693207,4.7980924739133
40.932320741504,47.7598575313163,3.99984112789304
539.50431475819,164.253613421584,4.79986374309861
NA,NA,NA
656.786956453945,334.680125474989,3.44786490564105
456.672000652054,295.666766116669,3.56300678352128
11.7080744201784,492.732061135324,3.74018991124045
560.835334987734,50.9099669450875,4.12814589630384
74.1267911849615,374.507058850342,4.06128960131052
228.691726964075,412.568834956916,3.83646462734909
429.618963815217,12.2285073623223,3.48524562729418
363.831528089672,295.393471855819,3.21943115123247
602.881247459915,103.39924994495,4.10726671670341
390.124441615544,232.394763132908,4.18934917524644
566.676379659253,409.273188368903,4.74941909769034
141.228552366602,278.21468930996,4.39927299675146
198.887289652104,366.383806711543,3.97172724303117
126.65562383932,411.261569269829,3.37370808506107
623.020783888541,309.784183264986,4.53487883540518
6.71148668555507,150.047486551586,4.19753741925616
547.33976583942,199.80264552385,4.25841525836404
32.6562810762044,489.393832654863,3.04528736512371
279.931499343031,23.4102466596954,3.77601208112067
534.454206470477,395.139930765157,3.27505806326323
69.7372138176787,75.9882201624325,5.30789079459352
4.33328814938239,78.4071262304381,3.35947449869989
589.444955220331,232.690228514658,4.01461086144246
447.203151979543,459.662014561229,4.7697314158185
656.991726418037,371.440686052618,3.1114187330463
103.025020626983,487.872848129367,4.3027424428156
626.928313492603,87.9806624906259,4.09699934217099
419.293965508389,259.728909943293,3.72141860236201
10.4269569613342,181.713281870176,3.46054467876109
63.6607518623926,100.376630936025,4.56586133714555
620.672332089923,199.343409277365,4.45426682940208
251.756245090022,220.84218637877,3.63586495748492
581.437468325761,443.149216977854,4.13653395651858
303.351543079442,139.670681558866,3.70570014396502
533.846061549634,453.074845891604,3.43923324885817
49.7790609116888,417.251896033709,3.57569325835665
198.808003689458,281.91835709352,4.05253920136865
546.788011932496,252.019276489533,3.74438853059833
177.433465621178,20.912221640706,4.39185415643717
498.677294510049,343.021773693207,4.7980924739133
40.932320741504,47.7598575313163,3.99984112789304
539.50431475819,164.253613421584,4.79986374309861
NA,NA,NA
656.786956453945,334.680125474989,3.44786490564105
456.672000652054,295.666766116669,3.56300678352128
11.7080744201784,492.732061135324,3.74018991124045
560.835334987734,50.9099669450875,4.12814589630384
74.1267911849615,374.507058850342,4.06128960131052
228.691726964075,412.568834956916,3.83646462734909
429.618963815217,12.2285073623223,3.48524562729418
363.831528089672,295.393471855819,3.21943115123247
602.881247459915,103.39924994495,4.10726671670341
390.124441615544,232.394763132908,4.18934917524644
566.676379659253,409.273188368903,4.74941909769034
141.228552366602,278.21468930996,4.39927299675146
198.887289652104,366.383806711543,3.97172724303117
126.65562383932,411.261569269829,3.37370808506107
623.020783888541,309.784183264986,4.53487883540518
6.71148668555507,150.047486551586,4.19753741925616
547.33976583942,199.80264552385,4.25841525836404
32.6562810762044,489.393832654863,3.04528736512371
279.931499343031,23.4102466596954,3.77601208112067
534.454206470477,395.139930765157,3.27505806326323
69.7372138176787,75.9882201624325,5.30789079459352
4.33328814938239,78.4071262304381,3.35947449869989
589.444955220331,232.690228514658,4.01461086144246
447.203151979543,459.662014561229,4.7697314158185
656.991726418037,371.440686052618,3.1114187330463
103.025020626983,487.872848129367,4.3027424428156
626.928313492603,87.9806624906259,4.09699934217099
419.293965508389,259.728909943293,3.72141860236201
10.4269569613342,181.713281870176,3.46054467876109
63.6607518623926,100.376630936025,4.56586133714555
620.672332089923,199.343409277365,4.45426682940208
251.756245090022,220.84218637877,3.63586495748492
581.437468325761,443.149216977854,4.13653395651858
303.351543079442,139.670681558866,3.70570014396502
533.846061549634,453.074845891604,3.43923324885817
49.7790609116888,417.251896033709,3.57569325835665
198.808003689458,281.91835709352,4.05253920136865
546.788011932496,252.019276489533,3.74438853059833
177.433465621178,20.912221640706,4.39185415643717
498.677294510049,343.021773693207,4.7980924739133
40.932320741504,47.7598575313163,3.99984112789304
539.50431475819,164.253613421584,4.79986374309861
NA,NA,NA
656.786956453945,334.680125474989,3.44786490564105
456.672000652054,295.666766116669,3.56300678352128
11.7080744201784,492.732061135324,3.74018991124045
560.835334987734,50.9099669450875,4.12814589630384
74.1267911849615,374.507058850342,4.06128960131052
228.691726964075,412.568834956916,3.83646462734909
429.618963815217,12.2285073623223,3.48524562729418
363.831528089672,295.393471855819,3.21943115123247
602.881247459915,103.39924994495,4.10726671670341
390.124441615544,232.394763132908,4.18934917524644
566.676379659253,409.273188368903,4.74941909769034
141.228552366602,278.21468930996,4.39927299675146
198.887289652104,366.383806711543,3.97172724303117
126.65562383932,411.261569269829,3.37370808506107
623.020783888541,309.784183264986,4.53487883540518
6.71148668555507,150.047486551586,4.19753741925616
547.33976583942,199.80264552385,4.25841525836404
32.6562810762044,489.393832654863,3.04528736512371
279.931499343031,23.4102466596954,3.77601208112067
534.454206470477,395.139930765157,3.27505806326323
69.7372138176787,75.9882201624325,5.30789079459352
4.33328814938239,78.4071262304381,3.35947449869989
589.444955220331,232.690228514658,4.01461086144246
447.203151979543,459.662014561229,4.7697314158185
656.991726418037,371.440686052618,3.1114187330463
103.025020626983,487.872848129367,4.3027424428156
626.928313492603,87.9806624906259,4.09699934217099
419.293965508389,259.728909943293,3.72141860236201
10.4269569613342,181.713281870176,3.46054467876109
63.6607518623926,100.376630936025,4.56586133714555
620.672332089923,199.343409277365,4.45426682940208
251.756245090022,220.84218637877,3.63586495748492
581.437468325761,443.149216977854,4.13653395651858
303.351543079442,139.670681558866,3.70570014396502
533.846061549634,453.074845891604,3.43923324885817
49.7790609116888,417.251896033709,3.57569325835665
198.808003689458,281.91835709352,4.05253920136865
546.788011932496,252.019276489533,3.74438853059833
177.433465621178,20.912221640706,4.39185415643717
498.677294510049,343.021773693207,4.7980924739133
40.932320741504,47.7598575313163,3.99984112789304
539.50431475819,164.253613421584,4.79986374309861
NA,NA,NA
656.786956453945,334.680125474989,3.44786490564105
456.672000652054,295.666766116669,3.56300678352128
11.7080744201784,492.732061135324,3.74018991124045
560.835334987734,50.9099669450875,4.12814589630384
74.1267911849615,374.507058850342,4.06128960131052
228.691726964075,412.568834956916,3.83646462734909
429.618963815217,12.2285073623223,3.48524562729418
363.831528089672,295.393471855819,3.21943115123247
602.881247459915,103.39924994495,4.10726671670341
390.124441615544,232.394763132908,4.18934917524644
566.676379659253,409.273188368903,4.74941909769034
141.228552366602,278.21468930996,4.39927299675146
198.887289652104,366.383806711543,3.97172724303117
126.65562383932,411.261569269829,3.37370808506107
623.020783888541,309.784183264986,4.53487883540518
6.71148668555507,150.047486551586,4.19753741925616
547.33976583942,199.80264552385,4.25841525836404
32.6562810762044,489.393832654863,3.04528736512371
279.931499343031,23.4102466596954,3.77601208112067
534.454206470477,395.139930765157,3.27505806326323
69.7372138176787,75.9882201624325,5.30789079459352
4.33328814938239,78.4071262304381,3.35947449869989
589.444955220331,232.690228514658,4.01461086144246
447.203151979543,459.662014561229,4.7697314158185
656.991726418037,371.440686052618,3.1114187330463
103.025020626983,487.872848129367,4.3027424428156
626.928313492603,87.9806624906259,4.09699934217099
419.293965508389,259.728909943293,3.72141860236201
10.4269569613342,181.713281870176,3.46054467876109
63.6607518623926,100.376630936025,4.56586133714555
620.672332089923,199.343409277365,4.45426682940208
251.756245090022,220.84218637877,3.63586495748492
581.437468325761,443.149216977854,4.13653395651858
303.351543079442,139.670681558866,3.70570014396502
533.846061549634,453.074845891604,3.43923324885817
49.7790609116888,417.251896033709,3.57569325835665
198.808003689458,281.91835709352,4.05253920136865
546.788011932496,252.019276489533,3.74438853059833
177.433465621178,20.912221640706,4.39185415643717
498.677294510049,343.021773693207,4.7980924739133
40.932320741504,47.7598575313163,3.99984112789304
539.50431475819,164.253613421584,4.79986374309861
NA,NA,NA
656.786956453945,334.680125474989,3.44786490564105
456.672000652054,295.666766116669,3.56300678352128
11.7080744201784,492.732061135324,3.74018991124045
560.835334987734,50.9099669450875,4.12814589630384
74.1267911849615,374.507058850342,4.06128960131052
228.691726964075,412.568834956916,3.83646462734909
429.618963815217,12.2285073623223,3.48524562729418
363.831528089672,295.393471855819,3.21943115123247
602.881247459915,103.39924994495,4.10726671670341
390.124441615544,232.394763132908,4.18934917524644
566.676379659253,409.273188368903,4.74941909769034
141.228552366602,278.21468930996,4.39927299675146
198.887289652104,366.383806711543,3.97172724303117
126.65562383932,411.261569269829,3.37370808506107
623.020783888541,309.784183264986,4.53487883540518
6.71148668555507,150.047486551586,4.19753741925616
547.33976583942,199.80264552385,4.25841525836404
32.6562810762044,489.393832654863,3.04528736512371
279.931499343031,23.4102466596954,3.77601208112067
534.454206470477,395.139930765157,3.27505806326323
69.7372138176787,75.9882201624325,5.30789079459352
4.33328814938239,78.4071262304381,3.35947449869989
589.444955220331,232.690228514658,4.01461086144246
447.203151979543,459.662014561229,4.7697314158185
656.991726418037,371.440686052618,3.1114187330463
103.025020626983,487.872848129367,4.3027424428156
626.928313492603,87.9806624906259,4.09699934217099
419.293965508389,259.728909943293,3.72141860236201
10.4269569613342,181.713281870176,3.46054467876109
63.6607518623926,100.376630936025,4.56586133714555
620.672332089923,199.343409277365,4.45426682940208
251.756245090022,220.84218637877,3.63586495748492
581.437468325761,443.149216977854,4.13653395651858
303.351543079442,139.670681558866,3.70570014396502
533.846061549634,453.074845891604,3.43923324885817
49.7790609116888,417.251896033709,3.57569325835665
198.808003689458,281.91835709352,4.05253920136865
546.788011932496,252.019276489533,3.74438853059833
177.433465621178,20.912221640706,4.39185415643717
498.677294510049,343.021773693207,4.7980924739133
40.932320741504,47.7598575313163,3.99984112789304
539.50431475819,164.253613421584,4.79986374309861
NA,NA,NA
663.090435564811,337.375484821511,3.54177473184338
456.090682554878,300.545804801223,3.79344428665229
7.52309945934658,495.174750057812,3.78881919710761
560.773709735979,48.3079159021275,4.1217347006931
73.5377245410126,375.359104515992,3.99819303047644
233.586048071792,419.627834716376,3.94486728784623
429.384497623348,12.8590969652538,3.29687043797714
364.06568874479,292.48144922075,2.89625328821952
602.208387777358,106.214117875974,4.24020920369665
392.125981374818,233.68765739503,4.1946945007042
573.202939474983,406.568607017969,4.76294518784006
148.346305459654,279.829394064062,4.67044866882958
201.011597598537,366.038395801956,3.97808574321314
125.215098126153,410.977840734858,3.33366031544864
636.880166069434,315.177105111894,4.4647445342075
3.54225034997605,148.404973328733,4.21026674744128
543.324328546053,198.84230567501,4.13221861578007
34.7447450917712,491.229250130626,3.0060065139128
277.528366431298,21.3632798211586,4.07918622184343
532.570597403308,394.346138096547,3.42659046132401
75.0022577398224,77.3474056033729,5.21535814601314
6.60952071055626,77.0345111537323,3.36756227597323
587.522685043299,225.663714385016,4.09507871912946
442.171642118958,462.710743097402,4.81602079269559
658.12055913502,372.989411590217,3.11091831409235
110.864392641681,492.32642401556,4.37122179217085
626.151098201894,85.8716575803369,4.07394800397642
417.786468218443,259.451524393854,3.58798307173423
11.2671556516006,183.289048810424,3.03550618233267
64.8438214267498,106.288892592408,4.29701706357842
614.847788894325,211.123509802453,4.06676260563373
258.038581075001,212.258329229732,3.98976005399778
575.913613586024,429.53621010926,3.76194073407403
296.960831218712,134.072963135238,3.91515900564514
534.21837195245,464.157496964194,3.62671728700018
57.4427319772663,422.368401778598,3.57437644143909
187.383420582518,290.558693448196,4.28705315451618
555.642678936288,266.262411051188,3.84746802222594
171.889534235715,27.7016709382047,4.11899769884431
511.010127289945,340.994971225718,4.36465501989413
39.3109362321822,43.9081475723875,4.03518860644274
543.629105981286,158.151883737301,5.25114308567337
NA,NA,NA
663.090435564811,337.375484821511,3.54177473184338
456.090682554878,300.545804801223,3.79344428665229
7.52309945934658,495.174750057812,3.78881919710761
560.773709735979,48.3079159021275,4.1217347006931
73.5377245410126,375.359104515992,3.99819303047644
233.586048071792,419.627834716376,3.94486728784623
429.384497623348,12.8590969652538,3.29687043797714
364.06568874479,292.48144922075,2.89625328821952
602.208387777358,106.214117875974,4.24020920369665
392.125981374818,233.68765739503,4.1946945007042
573.202939474983,406.568607017969,4.76294518784006
148.346305459654,279.829394064062,4.67044866882958
201.011597598537,366.038395801956,3.97808574321314
125.215098126153,410.977840734858,3.33366031544864
636.880166069434,315.177105111894,4.4647445342075
3.54225034997605,148.404973328733,4.21026674744128
543.324328546053,198.84230567501,4.13221861578007
34.7447450917712,491.229250130626,3.0060065139128
277.528366431298,21.3632798211586,4.07918622184343
532.570597403308,394.346138096547,3.42659046132401
75.0022577398224,77.3474056033729,5.21535814601314
6.60952071055626,77.0345111537323,3.36756227597323
587.522685043299,225.663714385016,4.09507871912946
442.171642118958,462.710743097402,4.81602079269559
658.12055913502,372.989411590217,3.11091831409235
110.864392641681,492.32642401556,4.37122179217085
626.151098201894,85.8716575803369,4.07394800397642
417.786468218443,259.451524393854,3.58798307173423
11.2671556516006,183.289048810424,3.03550618233267
64.8438214267498,106.288892592408,4.29701706357842
614.847788894325,211.123509802453,4.06676260563373
258.038581075001,212.258329229732,3.98976005399778
575.913613586024,429.53621010926,3.76194073407403
296.960831218712,134.072963135238,3.91515900564514
534.21837195245,464.157496964194,3.62671728700018
57.4427319772663,422.368401778598,3.57437644143909
187.383420582518,290.558693448196,4.28705315451618
555.642678936288,266.262411051188,3.84746802222594
171.889534235715,27.7016709382047,4.11899769884431
511.010127289945,340.994971225718,4.36465501989413
39.3109362321822,43.9081475723875,4.03518860644274
543.629105981286,158.151883737301,5.25114308567337
NA,NA,NA
663.090435564811,337.375484821511,3.54177473184338
456.090682554878,300.545804801223,3.79344428665229
7.52309945934658,495.174750057812,3.78881919710761
560.773709735979,48.3079159021275,4.1217347006931
73.5377245410126,375.359104515992,3.99819303047644
233.586048071792,419.627834716376,3.94486728784623
429.384497623348,12.8590969652538,3.29687043797714
364.06568874479,292.48144922075,2.89625328821952
602.208387777358,106.214117875974,4.24020920369665
392.125981374818,233.68765739503,4.1946945007042
573.202939474983,406.568607017969,4.76294518784006
148.346305459654,279.829394064062,4.67044866882958
201.011597598537,366.038395801956,3.97808574321314
125.215098126153,410.977840734858,3.33366031544864
636.880166069434,315.177105111894,4.4647445342075
3.54225034997605,148.404973328733,4.21026674744128
543.324328546053,198.84230567501,4.13221861578007
34.7447450917712,491.229250130626,3.0060065139128
277.528366431298,21.3632798211586,4.07918622184343
532.570597403308,394.346138096547,3.42659046132401
75.0022577398224,77.3474056033729,5.21535814601314
6.60952071055626,77.0345111537323,3.36756227597323
587.522685043299,225.663714385016,4.09507871912946
442.171642118958,462.710743097402,4.81602079269559
658.12055913502,372.989411590217,3.11091831409235
110.864392641681,492.32642401556,4.37122179217085
626.151098201894,85.8716575803369,4.07394800397642
417.786468218443,259.451524393854,3.58798307173423
11.2671556516006,183.289048810424,3.03550618233267
64.8438214267498,106.288892592408,4.29701706357842
614.847788894325,211.123509802453,4.06676260563373
258.038581075001,212.258329229732,3.98976005399778
575.913613586024,429.53621010926,3.76194073407403
296.960831218712,134.072963135238,3.91515900564514
534.21837195245,464.157496964194,3.62671728700018
57.4427319772663,422.368401778598,3.57437644143909
187.383420582518,290.558693448196,4.28705315451618
555.642678936288,266.262411051188,3.84746802222594
171.889534235715,27.7016709382047,4.11899769884431
511.010127289945,340.994971225718,4.36465501989413
39.3109362321822,43.9081475723875,4.03518860644274
543.629105981286,158.151883737301,5.25114308567337
NA,NA,NA
663.090435564811,337.375484821511,3.54177473184338
456.090682554878,300.545804801223,3.79344428665229
7.52309945934658,495.174750057812,3.78881919710761
560.773709735979,48.3079159021275,4.1217347006931
73.5377245410126,375.359104515992,3.99819303047644
233.586048071792,419.627834716376,3.94486728784623
429.384497623348,12.8590969652538,3.29687043797714
364.06568874479,292.48144922075,2.89625328821952
602.208387777358,106.214117875974,4.24020920369665
392.125981374818,233.68765739503,4.1946945007042
573.202939474983,406.568607017969,4.76294518784006
148.346305459654,279.829394064062,4.67044866882958
201.011597598537,366.038395801956,3.97808574321314
125.215098126153,410.977840734858,3.33366031544864
636.880166069434,315.177105111894,4.4647445342075
3.54225034997605,148.404973328733,4.21026674744128
543.324328546053,198.84230567501,4.13221861578007
34.7447450917712,491.229250130626,3.0060065139128
277.528366431298,21.3632798211586,4.07918622184343
532.570597403308,394.346138096547,3.42659046132401
75.0022577398224,77.3474056033729,5.21535814601314
6.60952071055626,77.0345111537323,3.36756227597323
587.522685043299,225.663714385016,4.09507871912946
442.171642118958,462.710743097402,4.81602079269559
658.12055913502,372.989411590217,3.11091831409235
110.864392641681,492.32642401556,4.37122179217085
626.151098201894,85.8716575803369,4.07394800397642
417.786468218443,259.451524393854,3.58798307173423
11.2671556516006,183.289048810424,3.03550618233267
64.8438214267498,106.288892592408,4.29701706357842
614.847788894325,211.123509802453,4.06676260563373
258.038581075001,212.258329229732,3.98976005399778
575.913613586024,429.53621010926,3.76194073407403
296.960831218712,134.072963135238,3.91515900564514
534.21837195245,464.157496964194,3.62671728700018
57.4427319772663,422.368401778598,3.57437644143909
187.383420582518,290.558693448196,4.28705315451618
555.642678936288,266.262411051188,3.84746802222594
171.889534235715,27.7016709382047,4.11899769884431
511.010127289945,340.994971225718,4.36465501989413
39.3109362321822,43.9081475723875,4.03518860644274
543.629105981286,158.151883737301,5.25114308567337
NA,NA,NA
663.090435564811,337.375484821511,3.54177473184338
456.090682554878,300.545804801223,3.79344428665229
7.52309945934658,495.174750057812,3.78881919710761
560.773709735979,48.3079159021275,4.1217347006931
73.5377245410126,375.359104515992,3.99819303047644
233.586048071792,419.627834716376,3.94486728784623
429.384497623348,12.8590969652538,3.29687043797714
364.06568874479,292.48144922075,2.89625328821952
602.208387777358,106.214117875974,4.24020920369665
392.125981374818,233.68765739503,4.1946945007042
573.202939474983,406.568607017969,4.76294518784006
148.346305459654,279.829394064062,4.67044866882958
201.011597598537,366.038395801956,3.97808574321314
125.215098126153,410.977840734858,3.33366031544864
636.880166069434,315.177105111894,4.4647445342075
3.54225034997605,148.404973328733,4.21026674744128
543.324328546053,198.84230567501,4.13221861578007
34.7447450917712,491.229250130626,3.0060065139128
277.528366431298,21.3632798211586,4.07918622184343
532.570597403308,394.346138096547,3.42659046132401
75.0022577398224,77.3474056033729,5.21535814601314
6.60952071055626,77.0345111537323,3.36756227597323
587.522685043299,225.663714385016,4.09507871912946
442.171642118958,462.710743097402,4.81602079269559
658.12055913502,372.989411590217,3.11091831409235
110.864392641681,492.32642401556,4.37122179217085
626.151098201894,85.8716575803369,4.07394800397642
417.786468218443,259.451524393854,3.58798307173423
11.2671556516006,183.289048810424,3.03550618233267
64.8438214267498,106.288892592408,4.29701706357842
614.847788894325,211.123509802453,4.06676260563373
258.038581075001,212.258329229732,3.98976005399778
575.913613586024,429.53621010926,3.76194073407403
296.960831218712,134.072963135238,3.91515900564514
534.21837195245,464.157496964194,3.62671728700018
57.4427319772663,422.368401778598,3.57437644143909
187.383420582518,290.558693448196,4.28705315451618
555.642678936288,266.262411051188,3.84746802222594
171.889534235715,27.7016709382047,4.11899769884431
511.010127289945,340.994971225718,4.36465501989413
39.3109362321822,43.9081475723875,4.03518860644274
543.629105981286,158.151883737301,5.25114308567337
NA,NA,NA
663.090435564811,337.375484821511,3.54177473184338
456.090682554878,300.545804801223,3.79344428665229
7.52309945934658,495.174750057812,3.78881919710761
560.773709735979,48.3079159021275,4.1217347006931
73.5377245410126,375.359104515992,3.99819303047644
233.586048071792,419.627834716376,3.94486728784623
429.384497623348,12.8590969652538,3.29687043797714
364.06568874479,292.48144922075,2.89625328821952
602.208387777358,106.214117875974,4.24020920369665
392.125981374818,233.68765739503,4.1946945007042
573.202939474983,406.568607017969,4.76294518784006
148.346305459654,279.829394064062,4.67044866882958
201.011597598537,366.038395801956,3.97808574321314
125.215098126153,410.977840734858,3.33366031544864
636.880166069434,315.177105111894,4.4647445342075
3.54225034997605,148.404973328733,4.21026674744128
543.324328546053,198.84230567501,4.13221861578007
34.7447450917712,491.229250130626,3.0060065139128
277.528366431298,21.3632798211586,4.07918622184343
532.570597403308,394.346138096547,3.42659046132401
75.0022577398224,77.3474056033729,5.21535814601314
6.60952071055626,77.0345111537323,3.36756227597323
587.522685043299,225.663714385016,4.09507871912946
442.171642118958,462.710743097402,4.81602079269559
658.12055913502,372.989411590217,3.11091831409235
110.864392641681,492.32642401556,4.37122179217085
626.151098201894,85.8716575803369,4.07394800397642
417.786468218443,259.451524393854,3.58798307173423
11.2671556516006,183.289048810424,3.03550618233267
64.8438214267498,106.288892592408,4.29701706357842
614.847788894325,211.123509802453,4.06676260563373
258.038581075001,212.258329229732,3.98976005399778
575.913613586024,429.53621010926,3.76194073407403
296.960831218712,134.072963135238,3.91515900564514
534.21837195245,464.157496964194,3.62671728700018
57.4427319772663,422.368401778598,3.57437644143909
187.383420582518,290.558693448196,4.28705315451618
555.642678936288,266.262411051188,3.84746802222594
171.889534235715,27.7016709382047,4.11899769884431
511.010127289945,340.994971225718,4.36465501989413
39.3109362321822,43.9081475723875,4.03518860644274
543.629105981286,158.151883737301,5.25114308567337
NA,NA,NA
662.575662494875,334.904372089068,3.52757968327647
455.121869957686,301.541430324356,3.51627985663268
15.5883067196192,498.254452344997,3.641046714064
560.993104038785,48.2330452518339,4.20660933431263
73.5819713588955,376.097090201832,4.1396587462537
228.612050066315,414.018957301819,3.93882671387489
427.672975531207,13.3176865948733,3.2619370203264
363.687255682409,293.53100917578,3.01910235485696
603.805341725687,104.484438095743,4.05193055188848
395.165793394206,232.562788253881,4.31300901947002
564.799591674649,409.06045726016,4.74180138298006
136.077936444077,282.914144959131,4.52926575267952
199.905595262226,375.88315103967,4.00182417176201
125.184294593047,413.489152151006,3.2629783813773
616.57156388019,318.801999583184,4.44022337609265
0.837626153637393,152.224618278223,4.2477343797556
542.90344402379,201.519116595867,4.22586688090878
35.0078132407339,494.036591669083,2.99870085586802
279.0432263635,24.8169308209867,4.11898120262486
531.806760002823,395.813263965854,3.29923637346035
64.0872001509593,78.3139449235995,5.26537254127257
6.44306173219771,76.8715593241819,3.31683718948222
589.630859588309,224.812424083375,4.07536667554067
435.01548165911,457.162220254868,4.79127947054698
657.739826848908,373.190659773053,3.22061996432411
108.512500821309,488.166664245847,4.45104576199561
622.158332801202,87.5609773009787,4.07980532915156
420.443853499246,257.551435706569,3.66774906046459
11.854114976247,179.976491561765,3.37187361263285
79.3867107540406,117.532138769926,4.43429916746349
618.456731206482,207.135615593128,4.30040884313815
254.538047149886,217.372320931928,3.72909354783844
578.259199239906,432.17378319531,3.85638179107886
297.846231053411,140.09268843501,3.89764219882174
536.200962187869,463.611912312643,3.6107304467578
47.2207833240226,410.406746022464,3.86139231783338
195.499010992551,295.55130230052,4.06138443970086
555.142679078143,269.374795365306,3.59076601274242
164.711609038464,44.3842758485978,4.39581511809988
503.650460064576,348.245274763753,4.49886170793453
30.7736312952793,43.8600106484398,3.77524245344696
535.669643231775,151.41330377188,4.31259361865777
NA,NA,NA
662.575662494875,334.904372089068,3.52757968327647
455.121869957686,301.541430324356,3.51627985663268
15.5883067196192,498.254452344997,3.641046714064
560.993104038785,48.2330452518339,4.20660933431263
73.5819713588955,376.097090201832,4.1396587462537
228.612050066315,414.018957301819,3.93882671387489
427.672975531207,13.3176865948733,3.2619370203264
363.687255682409,293.53100917578,3.01910235485696
603.805341725687,104.484438095743,4.05193055188848
395.165793394206,232.562788253881,4.31300901947002
564.799591674649,409.06045726016,4.74180138298006
136.077936444077,282.914144959131,4.52926575267952
199.905595262226,375.88315103967,4.00182417176201
125.184294593047,413.489152151006,3.2629783813773
616.57156388019,318.801999583184,4.44022337609265
0.837626153637393,152.224618278223,4.2477343797556
542.90344402379,201.519116595867,4.22586688090878
35.0078132407339,494.036591669083,2.99870085586802
279.0432263635,24.8169308209867,4.11898120262486
531.806760002823,395.813263965854,3.29923637346035
64.0872001509593,78.3139449235995,5.26537254127257
6.44306173219771,76.8715593241819,3.31683718948222
589.630859588309,224.812424083375,4.07536667554067
435.01548165911,457.162220254868,4.79127947054698
657.739826848908,373.190659773053,3.22061996432411
108.512500821309,488.166664245847,4.45104576199561
622.158332801202,87.5609773009787,4.07980532915156
420.443853499246,257.551435706569,3.66774906046459
11.854114976247,179.976491561765,3.37187361263285
79.3867107540406,117.532138769926,4.43429916746349
618.456731206482,207.135615593128,4.30040884313815
254.538047149886,217.372320931928,3.72909354783844
578.259199239906,432.17378319531,3.85638179107886
297.846231053411,140.09268843501,3.89764219882174
536.200962187869,463.611912312643,3.6107304467578
47.2207833240226,410.406746022464,3.86139231783338
195.499010992551,295.55130230052,4.06138443970086
555.142679078143,269.374795365306,3.59076601274242
164.711609038464,44.3842758485978,4.39581511809988
503.650460064576,348.245274763753,4.49886170793453
30.7736312952793,43.8600106484398,3.77524245344696
535.669643231775,151.41330377188,4.31259361865777
NA,NA,NA
662.575662494875,334.904372089068,3.52757968327647
455.121869957686,301.541430324356,3.51627985663268
15.5883067196192,498.254452344997,3.641046714064
560.993104038785,48.2330452518339,4.20660933431263
73.5819713588955,376.097090201832,4.1396587462537
228.612050066315,414.018957301819,3.93882671387489
427.672975531207,13.3176865948733,3.2619370203264
363.687255682409,293.53100917578,3.01910235485696
603.805341725687,104.484438095743,4.05193055188848
395.165793394206,232.562788253881,4.31300901947002
564.799591674649,409.06045726016,4.74180138298006
136.077936444077,282.914144959131,4.52926575267952
199.905595262226,375.88315103967,4.00182417176201
125.184294593047,413.489152151006,3.2629783813773
616.57156388019,318.801999583184,4.44022337609265
0.837626153637393,152.224618278223,4.2477343797556
542.90344402379,201.519116595867,4.22586688090878
35.0078132407339,494.036591669083,2.99870085586802
279.0432263635,24.8169308209867,4.11898120262486
531.806760002823,395.813263965854,3.29923637346035
64.0872001509593,78.3139449235995,5.26537254127257
6.44306173219771,76.8715593241819,3.31683718948222
589.630859588309,224.812424083375,4.07536667554067
435.01548165911,457.162220254868,4.79127947054698
657.739826848908,373.190659773053,3.22061996432411
108.512500821309,488.166664245847,4.45104576199561
622.158332801202,87.5609773009787,4.07980532915156
420.443853499246,257.551435706569,3.66774906046459
11.854114976247,179.976491561765,3.37187361263285
79.3867107540406,117.532138769926,4.43429916746349
618.456731206482,207.135615593128,4.30040884313815
254.538047149886,217.372320931928,3.72909354783844
578.259199239906,432.17378319531,3.85638179107886
297.846231053411,140.09268843501,3.89764219882174
536.200962187869,463.611912312643,3.6107304467578
47.2207833240226,410.406746022464,3.86139231783338
195.499010992551,295.55130230052,4.06138443970086
555.142679078143,269.374795365306,3.59076601274242
164.711609038464,44.3842758485978,4.39581511809988
503.650460064576,348.245274763753,4.49886170793453
30.7736312952793,43.8600106484398,3.77524245344696
535.669643231775,151.41330377188,4.31259361865777
NA,NA,NA
662.575662494875,334.904372089068,3.52757968327647
455.121869957686,301.541430324356,3.51627985663268
15.5883067196192,498.254452344997,3.641046714064
560.993104038785,48.2330452518339,4.20660933431263
73.5819713588955,376.097090201832,4.1396587462537
228.612050066315,414.018957301819,3.93882671387489
427.672975531207,13.3176865948733,3.2619370203264
363.687255682409,293.53100917578,3.01910235485696
603.805341725687,104.484438095743,4.05193055188848
395.165793394206,232.562788253881,4.31300901947002
564.799591674649,409.06045726016,4.74180138298006
136.077936444077,282.914144959131,4.52926575267952
199.905595262226,375.88315103967,4.00182417176201
125.184294593047,413.489152151006,3.2629783813773
616.57156388019,318.801999583184,4.44022337609265
0.837626153637393,152.224618278223,4.2477343797556
542.90344402379,201.519116595867,4.22586688090878
35.0078132407339,494.036591669083,2.99870085586802
279.0432263635,24.8169308209867,4.11898120262486
531.806760002823,395.813263965854,3.29923637346035
64.0872001509593,78.3139449235995,5.26537254127257
6.44306173219771,76.8715593241819,3.31683718948222
589.630859588309,224.812424083375,4.07536667554067
435.01548165911,457.162220254868,4.79127947054698
657.739826848908,373.190659773053,3.22061996432411
108.512500821309,488.166664245847,4.45104576199561
622.158332801202,87.5609773009787,4.07980532915156
420.443853499246,257.551435706569,3.66774906046459
11.854114976247,179.976491561765,3.37187361263285
79.3867107540406,117.532138769926,4.43429916746349
618.456731206482,207.135615593128,4.30040884313815
254.538047149886,217.372320931928,3.72909354783844
578.259199239906,432.17378319531,3.85638179107886
297.846231053411,140.09268843501,3.89764219882174
536.200962187869,463.611912312643,3.6107304467578
47.2207833240226,410.406746022464,3.86139231783338
195.499010992551,295.55130230052,4.06138443970086
555.142679078143,269.374795365306,3.59076601274242
164.711609038464,44.3842758485978,4.39581511809988
503.650460064576,348.245274763753,4.49886170793453
30.7736312952793,43.8600106484398,3.77524245344696
535.669643231775,151.41330377188,4.31259361865777
NA,NA,NA
662.575662494875,334.904372089068,3.52757968327647
455.121869957686,301.541430324356,3.51627985663268
15.5883067196192,498.254452344997,3.641046714064
560.993104038785,48.2330452518339,4.20660933431263
73.5819713588955,376.097090201832,4.1396587462537
228.612050066315,414.018957301819,3.93882671387489
427.672975531207,13.3176865948733,3.2619370203264
363.687255682409,293.53100917578,3.01910235485696
603.805341725687,104.484438095743,4.05193055188848
395.165793394206,232.562788253881,4.31300901947002
564.799591674649,409.06045726016,4.74180138298006
136.077936444077,282.914144959131,4.52926575267952
199.905595262226,375.88315103967,4.00182417176201
125.184294593047,413.489152151006,3.2629783813773
616.57156388019,318.801999583184,4.44022337609265
0.837626153637393,152.224618278223,4.2477343797556
542.90344402379,201.519116595867,4.22586688090878
35.0078132407339,494.036591669083,2.99870085586802
279.0432263635,24.8169308209867,4.11898120262486
531.806760002823,395.813263965854,3.29923637346035
64.0872001509593,78.3139449235995,5.26537254127257
6.44306173219771,76.8715593241819,3.31683718948222
589.630859588309,224.812424083375,4.07536667554067
435.01548165911,457.162220254868,4.79127947054698
657.739826848908,373.190659773053,3.22061996432411
108.512500821309,488.166664245847,4.45104576199561
622.158332801202,87.5609773009787,4.07980532915156
420.443853499246,257.551435706569,3.66774906046459
11.854114976247,179.976491561765,3.37187361263285
79.3867107540406,117.532138769926,4.43429916746349
618.456731206482,207.135615593128,4.30040884313815
254.538047149886,217.372320931928,3.72909354783844
578.259199239906,432.17378319531,3.85638179107886
297.846231053411,140.09268843501,3.89764219882174
536.200962187869,463.611912312643,3.6107304467578
47.2207833240226,410.406746022464,3.86139231783338
195.499010992551,295.55130230052,4.06138443970086
555.142679078143,269.374795365306,3.59076601274242
164.711609038464,44.3842758485978,4.39581511809988
503.650460064576,348.245274763753,4.49886170793453
30.7736312952793,43.8600106484398,3.77524245344696
535.669643231775,151.41330377188,4.31259361865777
NA,NA,NA
662.575662494875,334.904372089068,3.52757968327647
455.121869957686,301.541430324356,3.51627985663268
15.5883067196192,498.254452344997,3.641046714064
560.993104038785,48.2330452518339,4.20660933431263
73.5819713588955,376.097090201832,4.1396587462537
228.612050066315,414.018957301819,3.93882671387489
427.672975531207,13.3176865948733,3.2619370203264
363.687255682409,293.53100917578,3.01910235485696
603.805341725687,104.484438095743,4.05193055188848
395.165793394206,232.562788253881,4.31300901947002
564.799591674649,409.06045726016,4.74180138298006
136.077936444077,282.914144959131,4.52926575267952
199.905595262226,375.88315103967,4.00182417176201
125.184294593047,413.489152151006,3.2629783813773
616.57156388019,318.801999583184,4.44022337609265
0.837626153637393,152.224618278223,4.2477343797556
542.90344402379,201.519116595867,4.22586688090878
35.0078132407339,494.036591669083,2.99870085586802
279.0432263635,24.8169308209867,4.11898120262486
531.806760002823,395.813263965854,3.29923637346035
64.0872001509593,78.3139449235995,5.26537254127257
6.44306173219771,76.8715593241819,3.31683718948222
589.630859588309,224.812424083375,4.07536667554067
435.01548165911,457.162220254868,4.79127947054698
657.739826848908,373.190659773053,3.22061996432411
108.512500821309,488.166664245847,4.45104576199561
622.158332801202,87.5609773009787,4.07980532915156
420.443853499246,257.551435706569,3.66774906046459
11.854114976247,179.976491561765,3.37187361263285
79.3867107540406,117.532138769926,4.43429916746349
618.456731206482,207.135615593128,4.30040884313815
254.538047149886,217.372320931928,3.72909354783844
578.259199239906,432.17378319531,3.85638179107886
297.846231053411,140.09268843501,3.89764219882174
536.200962187869,463.611912312643,3.6107304467578
47.2207833240226,410.406746022464,3.86139231783338
195.499010992551,295.55130230052,4.06138443970086
555.142679078143,269.374795365306,3.59076601274242
164.711609038464,44.3842758485978,4.39581511809988
503.650460064576,348.245274763753,4.49886170793453
30.7736312952793,43.8600106484398,3.77524245344696
535.669643231775,151.41330377188,4.31259361865777
NA,NA,NA
659.613861920103,337.504882097308,3.41662833915933
455.803729220805,296.634066483657,3.47587222520375
13.0030679931095,495.490202832094,3.53902670422895
559.504694806521,49.5162280105894,4.25369210708523
72.7383078792127,372.052977365296,4.01492275837225
229.933242930554,415.258730787162,3.8738022104302
428.807723805385,11.7121936673991,3.25683590849035
360.60145830502,292.155239928485,3.06785860863272
604.932327935816,102.786759338803,4.19920949397893
394.631304760386,229.061719293794,4.18293504295863
572.215326937781,411.760897224596,4.76147185088714
140.63624312736,278.105928718672,4.55965142587888
197.212182158999,370.01042651663,3.98865807565121
124.859758520603,409.761910645462,3.32916958173882
621.487979891123,313.243565295786,4.36147025692845
-2.1582204833825,147.588546467009,4.22113585594802
543.861620370513,204.589203895451,4.19748431283246
35.8806911448149,492.738286420221,2.99513415156598
279.779092445232,29.91739913662,3.85163856989125
533.511279439703,391.762560134789,3.36537087426238
71.3376759695932,77.2241121676304,5.27689551557874
6.70255352743192,78.3177626321618,3.60954110789839
586.458754461141,224.467361329655,4.07553274580993
431.815433940485,455.853310409407,4.79040923771175
660.043125522831,373.0262486802,3.16770952031146
103.665118567089,488.110568605513,4.25669742385201
619.202929647321,89.6012330849634,4.05408931754255
419.354408645531,256.434710296835,3.5964860986483
12.0748144024133,180.004342059506,3.24821770172638
70.0642282958372,121.846492620981,4.50059121019091
615.554655156648,193.739026842265,4.08626450123709
249.220917197147,214.279879362009,3.71624282554005
573.683799062451,434.660492652567,3.86207834885814
305.839976390712,140.909412949977,3.87891871344156
524.340015685861,453.42973993943,3.34435878770268
41.2802615570054,415.858678621186,3.78202007776059
197.80501745668,294.144447691737,3.97595279617913
548.223254201843,259.641457500286,3.90479937307505
174.027905750245,19.7312202891563,4.64879368697753
502.540885970677,341.75214385998,4.64340670234414
37.185810522457,55.0095559278454,3.62458470066085
528.676106701221,161.410583470023,4.35345201888776
NA,NA,NA
659.613861920103,337.504882097308,3.41662833915933
455.803729220805,296.634066483657,3.47587222520375
13.0030679931095,495.490202832094,3.53902670422895
559.504694806521,49.5162280105894,4.25369210708523
72.7383078792127,372.052977365296,4.01492275837225
229.933242930554,415.258730787162,3.8738022104302
428.807723805385,11.7121936673991,3.25683590849035
360.60145830502,292.155239928485,3.06785860863272
604.932327935816,102.786759338803,4.19920949397893
394.631304760386,229.061719293794,4.18293504295863
572.215326937781,411.760897224596,4.76147185088714
140.63624312736,278.105928718672,4.55965142587888
197.212182158999,370.01042651663,3.98865807565121
124.859758520603,409.761910645462,3.32916958173882
621.487979891123,313.243565295786,4.36147025692845
-2.1582204833825,147.588546467009,4.22113585594802
543.861620370513,204.589203895451,4.19748431283246
35.8806911448149,492.738286420221,2.99513415156598
279.779092445232,29.91739913662,3.85163856989125
533.511279439703,391.762560134789,3.36537087426238
71.3376759695932,77.2241121676304,5.27689551557874
6.70255352743192,78.3177626321618,3.60954110789839
586.458754461141,224.467361329655,4.07553274580993
431.815433940485,455.853310409407,4.79040923771175
660.043125522831,373.0262486802,3.16770952031146
103.665118567089,488.110568605513,4.25669742385201
619.202929647321,89.6012330849634,4.05408931754255
419.354408645531,256.434710296835,3.5964860986483
12.0748144024133,180.004342059506,3.24821770172638
70.0642282958372,121.846492620981,4.50059121019091
615.554655156648,193.739026842265,4.08626450123709
249.220917197147,214.279879362009,3.71624282554005
573.683799062451,434.660492652567,3.86207834885814
305.839976390712,140.909412949977,3.87891871344156
524.340015685861,453.42973993943,3.34435878770268
41.2802615570054,415.858678621186,3.78202007776059
197.80501745668,294.144447691737,3.97595279617913
548.223254201843,259.641457500286,3.90479937307505
174.027905750245,19.7312202891563,4.64879368697753
502.540885970677,341.75214385998,4.64340670234414
37.185810522457,55.0095559278454,3.62458470066085
528.676106701221,161.410583470023,4.35345201888776
NA,NA,NA
659.613861920103,337.504882097308,3.41662833915933
455.803729220805,296.634066483657,3.47587222520375
13.0030679931095,495.490202832094,3.53902670422895
559.504694806521,49.5162280105894,4.25369210708523
72.7383078792127,372.052977365296,4.01492275837225
229.933242930554,415.258730787162,3.8738022104302
428.807723805385,11.7121936673991,3.25683590849035
360.60145830502,292.155239928485,3.06785860863272
604.932327935816,102.786759338803,4.19920949397893
394.631304760386,229.061719293794,4.18293504295863
572.215326937781,411.760897224596,4.76147185088714
140.63624312736,278.105928718672,4.55965142587888
197.212182158999,370.01042651663,3.98865807565121
124.859758520603,409.761910645462,3.32916958173882
621.487979891123,313.243565295786,4.36147025692845
-2.1582204833825,147.588546467009,4.22113585594802
543.861620370513,204.589203895451,4.19748431283246
35.8806911448149,492.738286420221,2.99513415156598
279.779092445232,29.91739913662,3.85163856989125
533.511279439703,391.762560134789,3.36537087426238
71.3376759695932,77.2241121676304,5.27689551557874
6.70255352743192,78.3177626321618,3.60954110789839
586.458754461141,224.467361329655,4.07553274580993
431.815433940485,455.853310409407,4.79040923771175
660.043125522831,373.0262486802,3.16770952031146
103.665118567089,488.110568605513,4.25669742385201
619.202929647321,89.6012330849634,4.05408931754255
419.354408645531,256.434710296835,3.5964860986483
12.0748144024133,180.004342059506,3.24821770172638
70.0642282958372,121.846492620981,4.50059121019091
615.554655156648,193.739026842265,4.08626450123709
249.220917197147,214.279879362009,3.71624282554005
573.683799062451,434.660492652567,3.86207834885814
305.839976390712,140.909412949977,3.87891871344156
524.340015685861,453.42973993943,3.34435878770268
41.2802615570054,415.858678621186,3.78202007776059
197.80501745668,294.144447691737,3.97595279617913
548.223254201843,259.641457500286,3.90479937307505
174.027905750245,19.7312202891563,4.64879368697753
502.540885970677,341.75214385998,4.64340670234414
37.185810522457,55.0095559278454,3.62458470066085
528.676106701221,161.410583470023,4.35345201888776
NA,NA,NA
659.613861920103,337.504882097308,3.41662833915933
455.803729220805,296.634066483657,3.47587222520375
13.0030679931095,495.490202832094,3.53902670422895
559.504694806521,49.5162280105894,4.25369210708523
72.7383078792127,372.052977365296,4.01492275837225
229.933242930554,415.258730787162,3.8738022104302
428.807723805385,11.7121936673991,3.25683590849035
360.60145830502,292.155239928485,3.06785860863272
604.932327935816,102.786759338803,4.19920949397893
394.631304760386,229.061719293794,4.18293504295863
572.215326937781,411.760897224596,4.76147185088714
140.63624312736,278.105928718672,4.55965142587888
197.212182158999,370.01042651663,3.98865807565121
124.859758520603,409.761910645462,3.32916958173882
621.487979891123,313.243565295786,4.36147025692845
-2.1582204833825,147.588546467009,4.22113585594802
543.861620370513,204.589203895451,4.19748431283246
35.8806911448149,492.738286420221,2.99513415156598
279.779092445232,29.91739913662,3.85163856989125
533.511279439703,391.762560134789,3.36537087426238
71.3376759695932,77.2241121676304,5.27689551557874
6.70255352743192,78.3177626321618,3.60954110789839
586.458754461141,224.467361329655,4.07553274580993
431.815433940485,455.853310409407,4.79040923771175
660.043125522831,373.0262486802,3.16770952031146
103.665118567089,488.110568605513,4.25669742385201
619.202929647321,89.6012330849634,4.05408931754255
419.354408645531,256.434710296835,3.5964860986483
12.0748144024133,180.004342059506,3.24821770172638
70.0642282958372,121.846492620981,4.50059121019091
615.554655156648,193.739026842265,4.08626450123709
249.220917197147,214.279879362009,3.71624282554005
573.683799062451,434.660492652567,3.86207834885814
305.839976390712,140.909412949977,3.87891871344156
524.340015685861,453.42973993943,3.34435878770268
41.2802615570054,415.858678621186,3.78202007776059
197.80501745668,294.144447691737,3.97595279617913
548.223254201843,259.641457500286,3.90479937307505
174.027905750245,19.7312202891563,4.64879368697753
502.540885970677,341.75214385998,4.64340670234414
37.185810522457,55.0095559278454,3.62458470066085
528.676106701221,161.410583470023,4.35345201888776
NA,NA,NA
659.613861920103,337.504882097308,3.41662833915933
455.803729220805,296.634066483657,3.47587222520375
13.0030679931095,495.490202832094,3.53902670422895
559.504694806521,49.5162280105894,4.25369210708523
72.7383078792127,372.052977365296,4.01492275837225
229.933242930554,415.258730787162,3.8738022104302
428.807723805385,11.7121936673991,3.25683590849035
360.60145830502,292.155239928485,3.06785860863272
604.932327935816,102.786759338803,4.19920949397893
394.631304760386,229.061719293794,4.18293504295863
572.215326937781,411.760897224596,4.76147185088714
140.63624312736,278.105928718672,4.55965142587888
197.212182158999,370.01042651663,3.98865807565121
124.859758520603,409.761910645462,3.32916958173882
621.487979891123,313.243565295786,4.36147025692845
-2.1582204833825,147.588546467009,4.22113585594802
543.861620370513,204.589203895451,4.19748431283246
35.8806911448149,492.738286420221,2.99513415156598
279.779092445232,29.91739913662,3.85163856989125
533.511279439703,391.762560134789,3.36537087426238
71.3376759695932,77.2241121676304,5.27689551557874
6.70255352743192,78.3177626321618,3.60954110789839
586.458754461141,224.467361329655,4.07553274580993
431.815433940485,455.853310409407,4.79040923771175
660.043125522831,373.0262486802,3.16770952031146
103.665118567089,488.110568605513,4.25669742385201
619.202929647321,89.6012330849634,4.05408931754255
419.354408645531,256.434710296835,3.5964860986483
12.0748144024133,180.004342059506,3.24821770172638
70.0642282958372,121.846492620981,4.50059121019091
615.554655156648,193.739026842265,4.08626450123709
249.220917197147,214.279879362009,3.71624282554005
573.683799062451,434.660492652567,3.86207834885814
305.839976390712,140.909412949977,3.87891871344156
524.340015685861,453.42973993943,3.34435878770268
41.2802615570054,415.858678621186,3.78202007776059
197.80501745668,294.144447691737,3.97595279617913
548.223254201843,259.641457500286,3.90479937307505
174.027905750245,19.7312202891563,4.64879368697753
502.540885970677,341.75214385998,4.64340670234414
37.185810522457,55.0095559278454,3.62458470066085
528.676106701221,161.410583470023,4.35345201888776
NA,NA,NA
659.613861920103,337.504882097308,3.41662833915933
455.803729220805,296.634066483657,3.47587222520375
13.0030679931095,495.490202832094,3.53902670422895
559.504694806521,49.5162280105894,4.25369210708523
72.7383078792127,372.052977365296,4.01492275837225
229.933242930554,415.258730787162,3.8738022104302
428.807723805385,11.7121936673991,3.25683590849035
360.60145830502,292.155239928485,3.06785860863272
604.932327935816,102.786759338803,4.19920949397893
394.631304760386,229.061719293794,4.18293504295863
572.215326937781,411.760897224596,4.76147185088714
140.63624312736,278.105928718672,4.55965142587888
197.212182158999,370.01042651663,3.98865807565121
124.859758520603,409.761910645462,3.32916958173882
621.487979891123,313.243565295786,4.36147025692845
-2.1582204833825,147.588546467009,4.22113585594802
543.861620370513,204.589203895451,4.19748431283246
35.8806911448149,492.738286420221,2.99513415156598
279.779092445232,29.91739913662,3.85163856989125
533.511279439703,391.762560134789,3.36537087426238
71.3376759695932,77.2241121676304,5.27689551557874
6.70255352743192,78.3177626321618,3.60954110789839
586.458754461141,224.467361329655,4.07553274580993
431.815433940485,455.853310409407,4.79040923771175
660.043125522831,373.0262486802,3.16770952031146
103.665118567089,488.110568605513,4.25669742385201
619.202929647321,89.6012330849634,4.05408931754255
419.354408645531,256.434710296835,3.5964860986483
12.0748144024133,180.004342059506,3.24821770172638
70.0642282958372,121.846492620981,4.50059121019091
615.554655156648,193.739026842265,4.08626450123709
249.220917197147,214.279879362009,3.71624282554005
573.683799062451,434.660492652567,3.86207834885814
305.839976390712,140.909412949977,3.87891871344156
524.340015685861,453.42973993943,3.34435878770268
41.2802615570054,415.858678621186,3.78202007776059
197.80501745668,294.144447691737,3.97595279617913
548.223254201843,259.641457500286,3.90479937307505
174.027905750245,19.7312202891563,4.64879368697753
502.540885970677,341.75214385998,4.64340670234414
37.185810522457,55.0095559278454,3.62458470066085
528.676106701221,161.410583470023,4.35345201888776
NA,NA,NA
662.972930605015,331.831166523396,3.48826252531689
454.327755167182,298.381727515917,3.52992574049345
12.8301767838532,492.376626600285,3.49837715241698
560.058926475607,52.1773593931748,4.15728764875837
75.7028212588615,374.525630614576,3.97666297312597
233.029693559808,415.264703959815,3.85294328445245
429.321739165668,12.4910653855171,3.34274897315873
362.483687514754,290.967423542138,3.06596129740998
602.797816457949,103.412272293015,4.16408592952369
391.699353767015,228.194266998659,4.2504118949925
573.84503943574,411.54040043905,4.78510266874299
134.160018863524,282.848388153864,4.57814216800859
203.043174083005,368.712295971759,3.97711453578013
125.598798255678,414.556186502696,3.41533031544826
629.670048598663,312.88847014268,4.49525436660766
2.53576949268959,152.624829443275,4.30388409794751
540.414306179676,205.60226199687,4.18573083025526
32.3434207535334,490.503110156718,3.10383804552557
279.238633980169,23.5597020559698,4.09148003449801
534.254842874333,391.613705756021,3.42075324692318
76.534529951528,78.373821320544,5.32027000620319
6.01217979573371,75.2729880018983,3.52154668291129
588.16177752487,225.40520948794,4.03260913411448
444.479551240541,455.663341398422,4.75188997329973
658.315709203808,374.128343287477,3.03262617375366
101.463805938573,486.515776329695,4.41567611523679
625.857703531679,91.2964428785314,4.10613992803283
421.033649961348,262.10214211431,3.7535688005228
11.9573293178182,179.716096568577,3.08784743412752
76.5814194799868,133.880502012916,4.43563354397954
604.280675699699,184.486252028059,4.726950677293
257.949366438216,217.756540834679,3.85502776060066
573.503525891304,431.497027297103,3.60368626863272
302.498751171667,130.937488250608,3.88674995272803
523.704809449425,458.080592901753,3.82050517291908
46.4919219470545,415.243808348987,3.90756081941026
190.979016826067,277.545171785195,3.93614888497532
557.931986331128,255.956265856755,3.57857395921121
165.346263851082,28.1106025485937,4.25187944903254
502.232522089586,355.191548951132,4.77712909128578
42.2829162893897,56.4508618844778,4.14359815319467
545.520604235315,162.727401245482,5.02138495406766
NA,NA,NA
662.972930605015,331.831166523396,3.48826252531689
454.327755167182,298.381727515917,3.52992574049345
12.8301767838532,492.376626600285,3.49837715241698
560.058926475607,52.1773593931748,4.15728764875837
75.7028212588615,374.525630614576,3.97666297312597
233.029693559808,415.264703959815,3.85294328445245
429.321739165668,12.4910653855171,3.34274897315873
362.483687514754,290.967423542138,3.06596129740998
602.797816457949,103.412272293015,4.16408592952369
391.699353767015,228.194266998659,4.2504118949925
573.84503943574,411.54040043905,4.78510266874299
134.160018863524,282.848388153864,4.57814216800859
203.043174083005,368.712295971759,3.97711453578013
125.598798255678,414.556186502696,3.41533031544826
629.670048598663,312.88847014268,4.49525436660766
2.53576949268959,152.624829443275,4.30388409794751
540.414306179676,205.60226199687,4.18573083025526
32.3434207535334,490.503110156718,3.10383804552557
279.238633980169,23.5597020559698,4.09148003449801
534.254842874333,391.613705756021,3.42075324692318
76.534529951528,78.373821320544,5.32027000620319
6.01217979573371,75.2729880018983,3.52154668291129
588.16177752487,225.40520948794,4.03260913411448
444.479551240541,455.663341398422,4.75188997329973
658.315709203808,374.128343287477,3.03262617375366
101.463805938573,486.515776329695,4.41567611523679
625.857703531679,91.2964428785314,4.10613992803283
421.033649961348,262.10214211431,3.7535688005228
11.9573293178182,179.716096568577,3.08784743412752
76.5814194799868,133.880502012916,4.43563354397954
604.280675699699,184.486252028059,4.726950677293
257.949366438216,217.756540834679,3.85502776060066
573.503525891304,431.497027297103,3.60368626863272
302.498751171667,130.937488250608,3.88674995272803
523.704809449425,458.080592901753,3.82050517291908
46.4919219470545,415.243808348987,3.90756081941026
190.979016826067,277.545171785195,3.93614888497532
557.931986331128,255.956265856755,3.57857395921121
165.346263851082,28.1106025485937,4.25187944903254
502.232522089586,355.191548951132,4.77712909128578
42.2829162893897,56.4508618844778,4.14359815319467
545.520604235315,162.727401245482,5.02138495406766
NA,NA,NA
662.972930605015,331.831166523396,3.48826252531689
454.327755167182,298.381727515917,3.52992574049345
12.8301767838532,492.376626600285,3.49837715241698
560.058926475607,52.1773593931748,4.15728764875837
75.7028212588615,374.525630614576,3.97666297312597
233.029693559808,415.264703959815,3.85294328445245
429.321739165668,12.4910653855171,3.34274897315873
362.483687514754,290.967423542138,3.06596129740998
602.797816457949,103.412272293015,4.16408592952369
391.699353767015,228.194266998659,4.2504118949925
573.84503943574,411.54040043905,4.78510266874299
134.160018863524,282.848388153864,4.57814216800859
203.043174083005,368.712295971759,3.97711453578013
125.598798255678,414.556186502696,3.41533031544826
629.670048598663,312.88847014268,4.49525436660766
2.53576949268959,152.624829443275,4.30388409794751
540.414306179676,205.60226199687,4.18573083025526
32.3434207535334,490.503110156718,3.10383804552557
279.238633980169,23.5597020559698,4.09148003449801
534.254842874333,391.613705756021,3.42075324692318
76.534529951528,78.373821320544,5.32027000620319
6.01217979573371,75.2729880018983,3.52154668291129
588.16177752487,225.40520948794,4.03260913411448
444.479551240541,455.663341398422,4.75188997329973
658.315709203808,374.128343287477,3.03262617375366
101.463805938573,486.515776329695,4.41567611523679
625.857703531679,91.2964428785314,4.10613992803283
421.033649961348,262.10214211431,3.7535688005228
11.9573293178182,179.716096568577,3.08784743412752
76.5814194799868,133.880502012916,4.43563354397954
604.280675699699,184.486252028059,4.726950677293
257.949366438216,217.756540834679,3.85502776060066
573.503525891304,431.497027297103,3.60368626863272
302.498751171667,130.937488250608,3.88674995272803
523.704809449425,458.080592901753,3.82050517291908
46.4919219470545,415.243808348987,3.90756081941026
190.979016826067,277.545171785195,3.93614888497532
557.931986331128,255.956265856755,3.57857395921121
165.346263851082,28.1106025485937,4.25187944903254
502.232522089586,355.191548951132,4.77712909128578
42.2829162893897,56.4508618844778,4.14359815319467
545.520604235315,162.727401245482,5.02138495406766
NA,NA,NA
662.972930605015,331.831166523396,3.48826252531689
454.327755167182,298.381727515917,3.52992574049345
12.8301767838532,492.376626600285,3.49837715241698
560.058926475607,52.1773593931748,4.15728764875837
75.7028212588615,374.525630614576,3.97666297312597
233.029693559808,415.264703959815,3.85294328445245
429.321739165668,12.4910653855171,3.34274897315873
362.483687514754,290.967423542138,3.06596129740998
602.797816457949,103.412272293015,4.16408592952369
391.699353767015,228.194266998659,4.2504118949925
573.84503943574,411.54040043905,4.78510266874299
134.160018863524,282.848388153864,4.57814216800859
203.043174083005,368.712295971759,3.97711453578013
125.598798255678,414.556186502696,3.41533031544826
629.670048598663,312.88847014268,4.49525436660766
2.53576949268959,152.624829443275,4.30388409794751
540.414306179676,205.60226199687,4.18573083025526
32.3434207535334,490.503110156718,3.10383804552557
279.238633980169,23.5597020559698,4.09148003449801
534.254842874333,391.613705756021,3.42075324692318
76.534529951528,78.373821320544,5.32027000620319
6.01217979573371,75.2729880018983,3.52154668291129
588.16177752487,225.40520948794,4.03260913411448
444.479551240541,455.663341398422,4.75188997329973
658.315709203808,374.128343287477,3.03262617375366
101.463805938573,486.515776329695,4.41567611523679
625.857703531679,91.2964428785314,4.10613992803283
421.033649961348,262.10214211431,3.7535688005228
11.9573293178182,179.716096568577,3.08784743412752
76.5814194799868,133.880502012916,4.43563354397954
604.280675699699,184.486252028059,4.726950677293
257.949366438216,217.756540834679,3.85502776060066
573.503525891304,431.497027297103,3.60368626863272
302.498751171667,130.937488250608,3.88674995272803
523.704809449425,458.080592901753,3.82050517291908
46.4919219470545,415.243808348987,3.90756081941026
190.979016826067,277.545171785195,3.93614888497532
557.931986331128,255.956265856755,3.57857395921121
165.346263851082,28.1106025485937,4.25187944903254
502.232522089586,355.191548951132,4.77712909128578
42.2829162893897,56.4508618844778,4.14359815319467
545.520604235315,162.727401245482,5.02138495406766
NA,NA,NA
662.972930605015,331.831166523396,3.48826252531689
454.327755167182,298.381727515917,3.52992574049345
12.8301767838532,492.376626600285,3.49837715241698
560.058926475607,52.1773593931748,4.15728764875837
75.7028212588615,374.525630614576,3.97666297312597
233.029693559808,415.264703959815,3.85294328445245
429.321739165668,12.4910653855171,3.34274897315873
362.483687514754,290.967423542138,3.06596129740998
602.797816457949,103.412272293015,4.16408592952369
391.699353767015,228.194266998659,4.2504118949925
573.84503943574,411.54040043905,4.78510266874299
134.160018863524,282.848388153864,4.57814216800859
203.043174083005,368.712295971759,3.97711453578013
125.598798255678,414.556186502696,3.41533031544826
629.670048598663,312.88847014268,4.49525436660766
2.53576949268959,152.624829443275,4.30388409794751
540.414306179676,205.60226199687,4.18573083025526
32.3434207535334,490.503110156718,3.10383804552557
279.238633980169,23.5597020559698,4.09148003449801
534.254842874333,391.613705756021,3.42075324692318
76.534529951528,78.373821320544,5.32027000620319
6.01217979573371,75.2729880018983,3.52154668291129
588.16177752487,225.40520948794,4.03260913411448
444.479551240541,455.663341398422,4.75188997329973
658.315709203808,374.128343287477,3.03262617375366
101.463805938573,486.515776329695,4.41567611523679
625.857703531679,91.2964428785314,4.10613992803283
421.033649961348,262.10214211431,3.7535688005228
11.9573293178182,179.716096568577,3.08784743412752
76.5814194799868,133.880502012916,4.43563354397954
604.280675699699,184.486252028059,4.726950677293
257.949366438216,217.756540834679,3.85502776060066
573.503525891304,431.497027297103,3.60368626863272
302.498751171667,130.937488250608,3.88674995272803
523.704809449425,458.080592901753,3.82050517291908
46.4919219470545,415.243808348987,3.90756081941026
190.979016826067,277.545171785195,3.93614888497532
557.931986331128,255.956265856755,3.57857395921121
165.346263851082,28.1106025485937,4.25187944903254
502.232522089586,355.191548951132,4.77712909128578
42.2829162893897,56.4508618844778,4.14359815319467
545.520604235315,162.727401245482,5.02138495406766
NA,NA,NA
662.972930605015,331.831166523396,3.48826252531689
454.327755167182,298.381727515917,3.52992574049345
12.8301767838532,492.376626600285,3.49837715241698
560.058926475607,52.1773593931748,4.15728764875837
75.7028212588615,374.525630614576,3.97666297312597
233.029693559808,415.264703959815,3.85294328445245
429.321739165668,12.4910653855171,3.34274897315873
362.483687514754,290.967423542138,3.06596129740998
602.797816457949,103.412272293015,4.16408592952369
391.699353767015,228.194266998659,4.2504118949925
573.84503943574,411.54040043905,4.78510266874299
134.160018863524,282.848388153864,4.57814216800859
203.043174083005,368.712295971759,3.97711453578013
125.598798255678,414.556186502696,3.41533031544826
629.670048598663,312.88847014268,4.49525436660766
2.53576949268959,152.624829443275,4.30388409794751
540.414306179676,205.60226199687,4.18573083025526
32.3434207535334,490.503110156718,3.10383804552557
279.238633980169,23.5597020559698,4.09148003449801
534.254842874333,391.613705756021,3.42075324692318
76.534529951528,78.373821320544,5.32027000620319
6.01217979573371,75.2729880018983,3.52154668291129
588.16177752487,225.40520948794,4.03260913411448
444.479551240541,455.663341398422,4.75188997329973
658.315709203808,374.128343287477,3.03262617375366
101.463805938573,486.515776329695,4.41567611523679
625.857703531679,91.2964428785314,4.10613992803283
421.033649961348,262.10214211431,3.7535688005228
11.9573293178182,179.716096568577,3.08784743412752
76.5814194799868,133.880502012916,4.43563354397954
604.280675699699,184.486252028059,4.726950677293
257.949366438216,217.756540834679,3.85502776060066
573.503525891304,431.497027297103,3.60368626863272
302.498751171667,130.937488250608,3.88674995272803
523.704809449425,458.080592901753,3.82050517291908
46.4919219470545,415.243808348987,3.90756081941026
190.979016826067,277.545171785195,3.93614888497532
557.931986331128,255.956265856755,3.57857395921121
165.346263851082,28.1106025485937,4.25187944903254
502.232522089586,355.191548951132,4.77712909128578
42.2829162893897,56.4508618844778,4.14359815319467
545.520604235315,162.727401245482,5.02138495406766
NA,NA,NA
660.134095948555,329.52145641106,3.54146373182679
456.848738993881,294.565930590879,3.67989488933701
9.90445402401831,493.207806314203,3.52158189714803
559.478776230017,53.94499816055,4.21802391570336
70.4271284227921,376.205392541649,3.92424540696972
231.997968017719,409.589223097567,3.9373003919561
425.371468674134,13.5797561531147,3.28199510733855
362.337626038727,294.933395277249,3.06723928711575
603.467182711103,104.935599913668,4.12169850249932
392.690062661797,232.473209063357,4.27096552801999
571.818885731472,406.67410682588,4.76396630154353
137.270538029332,278.518268812965,4.62658709938679
199.515047171629,374.40008793115,4.07355241231177
125.388427681102,409.80529277484,3.58014993570706
630.320460005961,308.095567935021,4.68945910699139
1.45684550781653,150.788850701785,4.28487160649908
543.764182291314,204.899842769538,4.15452041468403
34.553664535875,491.256645715011,2.96125752234842
276.962808071003,21.1629990378581,3.94182337325243
533.859101239613,392.404546116066,3.59425162588586
70.7652884039075,83.0131726630503,5.18410680270502
4.13257771173097,74.4950081190581,3.43032671859745
586.875012172645,223.427821455091,4.06092477662789
439.010366333614,457.395599544821,4.73820965443571
659.294724984885,371.925796104204,3.04935587918333
108.986518881918,488.870064574973,4.43407151018202
620.109092791417,89.9280386076101,4.09579486059626
421.049307925856,261.359083359906,3.61290789334329
13.4466395296609,181.901577689303,3.02326646840068
83.3213368445874,110.981686033591,4.34540404730725
613.662790988647,208.742314235816,4.19488882352619
244.888143949647,219.945243074705,3.66016495725876
569.317569021416,441.869712474762,4.08538447893884
300.846725818607,134.668464065124,3.83380753798523
529.676038365217,455.045316189984,3.63296951712156
37.4905050760067,414.671984934489,4.00992078035588
205.394771783151,277.373603709466,3.79050723193072
550.820259995699,256.844706010282,3.62418230986934
175.07636072511,30.1251762483668,4.39322020228911
496.730696339134,337.45578802236,4.70355300057582
44.0020688831383,58.0689371536613,4.08026816997177
532.865254780474,142.838343690715,4.76387704854606
NA,NA,NA
660.134095948555,329.52145641106,3.54146373182679
456.848738993881,294.565930590879,3.67989488933701
9.90445402401831,493.207806314203,3.52158189714803
559.478776230017,53.94499816055,4.21802391570336
70.4271284227921,376.205392541649,3.92424540696972
231.997968017719,409.589223097567,3.9373003919561
425.371468674134,13.5797561531147,3.28199510733855
362.337626038727,294.933395277249,3.06723928711575
603.467182711103,104.935599913668,4.12169850249932
392.690062661797,232.473209063357,4.27096552801999
571.818885731472,406.67410682588,4.76396630154353
137.270538029332,278.518268812965,4.62658709938679
199.515047171629,374.40008793115,4.07355241231177
125.388427681102,409.80529277484,3.58014993570706
630.320460005961,308.095567935021,4.68945910699139
1.45684550781653,150.788850701785,4.28487160649908
543.764182291314,204.899842769538,4.15452041468403
34.553664535875,491.256645715011,2.96125752234842
276.962808071003,21.1629990378581,3.94182337325243
533.859101239613,392.404546116066,3.59425162588586
70.7652884039075,83.0131726630503,5.18410680270502
4.13257771173097,74.4950081190581,3.43032671859745
586.875012172645,223.427821455091,4.06092477662789
439.010366333614,457.395599544821,4.73820965443571
659.294724984885,371.925796104204,3.04935587918333
108.986518881918,488.870064574973,4.43407151018202
620.109092791417,89.9280386076101,4.09579486059626
421.049307925856,261.359083359906,3.61290789334329
13.4466395296609,181.901577689303,3.02326646840068
83.3213368445874,110.981686033591,4.34540404730725
613.662790988647,208.742314235816,4.19488882352619
244.888143949647,219.945243074705,3.66016495725876
569.317569021416,441.869712474762,4.08538447893884
300.846725818607,134.668464065124,3.83380753798523
529.676038365217,455.045316189984,3.63296951712156
37.4905050760067,414.671984934489,4.00992078035588
205.394771783151,277.373603709466,3.79050723193072
550.820259995699,256.844706010282,3.62418230986934
175.07636072511,30.1251762483668,4.39322020228911
496.730696339134,337.45578802236,4.70355300057582
44.0020688831383,58.0689371536613,4.08026816997177
532.865254780474,142.838343690715,4.76387704854606
NA,NA,NA
660.134095948555,329.52145641106,3.54146373182679
456.848738993881,294.565930590879,3.67989488933701
9.90445402401831,493.207806314203,3.52158189714803
559.478776230017,53.94499816055,4.21802391570336
70.4271284227921,376.205392541649,3.92424540696972
231.997968017719,409.589223097567,3.9373003919561
425.371468674134,13.5797561531147,3.28199510733855
362.337626038727,294.933395277249,3.06723928711575
603.467182711103,104.935599913668,4.12169850249932
392.690062661797,232.473209063357,4.27096552801999
571.818885731472,406.67410682588,4.76396630154353
137.270538029332,278.518268812965,4.62658709938679
199.515047171629,374.40008793115,4.07355241231177
125.388427681102,409.80529277484,3.58014993570706
630.320460005961,308.095567935021,4.68945910699139
1.45684550781653,150.788850701785,4.28487160649908
543.764182291314,204.899842769538,4.15452041468403
34.553664535875,491.256645715011,2.96125752234842
276.962808071003,21.1629990378581,3.94182337325243
533.859101239613,392.404546116066,3.59425162588586
70.7652884039075,83.0131726630503,5.18410680270502
4.13257771173097,74.4950081190581,3.43032671859745
586.875012172645,223.427821455091,4.06092477662789
439.010366333614,457.395599544821,4.73820965443571
659.294724984885,371.925796104204,3.04935587918333
108.986518881918,488.870064574973,4.43407151018202
620.109092791417,89.9280386076101,4.09579486059626
421.049307925856,261.359083359906,3.61290789334329
13.4466395296609,181.901577689303,3.02326646840068
83.3213368445874,110.981686033591,4.34540404730725
613.662790988647,208.742314235816,4.19488882352619
244.888143949647,219.945243074705,3.66016495725876
569.317569021416,441.869712474762,4.08538447893884
300.846725818607,134.668464065124,3.83380753798523
529.676038365217,455.045316189984,3.63296951712156
37.4905050760067,414.671984934489,4.00992078035588
205.394771783151,277.373603709466,3.79050723193072
550.820259995699,256.844706010282,3.62418230986934
175.07636072511,30.1251762483668,4.39322020228911
496.730696339134,337.45578802236,4.70355300057582
44.0020688831383,58.0689371536613,4.08026816997177
532.865254780474,142.838343690715,4.76387704854606
NA,NA,NA
660.134095948555,329.52145641106,3.54146373182679
456.848738993881,294.565930590879,3.67989488933701
9.90445402401831,493.207806314203,3.52158189714803
559.478776230017,53.94499816055,4.21802391570336
70.4271284227921,376.205392541649,3.92424540696972
231.997968017719,409.589223097567,3.9373003919561
425.371468674134,13.5797561531147,3.28199510733855
362.337626038727,294.933395277249,3.06723928711575
603.467182711103,104.935599913668,4.12169850249932
392.690062661797,232.473209063357,4.27096552801999
571.818885731472,406.67410682588,4.76396630154353
137.270538029332,278.518268812965,4.62658709938679
199.515047171629,374.40008793115,4.07355241231177
125.388427681102,409.80529277484,3.58014993570706
630.320460005961,308.095567935021,4.68945910699139
1.45684550781653,150.788850701785,4.28487160649908
543.764182291314,204.899842769538,4.15452041468403
34.553664535875,491.256645715011,2.96125752234842
276.962808071003,21.1629990378581,3.94182337325243
533.859101239613,392.404546116066,3.59425162588586
70.7652884039075,83.0131726630503,5.18410680270502
4.13257771173097,74.4950081190581,3.43032671859745
586.875012172645,223.427821455091,4.06092477662789
439.010366333614,457.395599544821,4.73820965443571
659.294724984885,371.925796104204,3.04935587918333
108.986518881918,488.870064574973,4.43407151018202
620.109092791417,89.9280386076101,4.09579486059626
421.049307925856,261.359083359906,3.61290789334329
13.4466395296609,181.901577689303,3.02326646840068
83.3213368445874,110.981686033591,4.34540404730725
613.662790988647,208.742314235816,4.19488882352619
244.888143949647,219.945243074705,3.66016495725876
569.317569021416,441.869712474762,4.08538447893884
300.846725818607,134.668464065124,3.83380753798523
529.676038365217,455.045316189984,3.63296951712156
37.4905050760067,414.671984934489,4.00992078035588
205.394771783151,277.373603709466,3.79050723193072
550.820259995699,256.844706010282,3.62418230986934
175.07636072511,30.1251762483668,4.39322020228911
496.730696339134,337.45578802236,4.70355300057582
44.0020688831383,58.0689371536613,4.08026816997177
532.865254780474,142.838343690715,4.76387704854606
NA,NA,NA
660.134095948555,329.52145641106,3.54146373182679
456.848738993881,294.565930590879,3.67989488933701
9.90445402401831,493.207806314203,3.52158189714803
559.478776230017,53.94499816055,4.21802391570336
70.4271284227921,376.205392541649,3.92424540696972
231.997968017719,409.589223097567,3.9373003919561
425.371468674134,13.5797561531147,3.28199510733855
362.337626038727,294.933395277249,3.06723928711575
603.467182711103,104.935599913668,4.12169850249932
392.690062661797,232.473209063357,4.27096552801999
571.818885731472,406.67410682588,4.76396630154353
137.270538029332,278.518268812965,4.62658709938679
199.515047171629,374.40008793115,4.07355241231177
125.388427681102,409.80529277484,3.58014993570706
630.320460005961,308.095567935021,4.68945910699139
1.45684550781653,150.788850701785,4.28487160649908
543.764182291314,204.899842769538,4.15452041468403
34.553664535875,491.256645715011,2.96125752234842
276.962808071003,21.1629990378581,3.94182337325243
533.859101239613,392.404546116066,3.59425162588586
70.7652884039075,83.0131726630503,5.18410680270502
4.13257771173097,74.4950081190581,3.43032671859745
586.875012172645,223.427821455091,4.06092477662789
439.010366333614,457.395599544821,4.73820965443571
659.294724984885,371.925796104204,3.04935587918333
108.986518881918,488.870064574973,4.43407151018202
620.109092791417,89.9280386076101,4.09579486059626
421.049307925856,261.359083359906,3.61290789334329
13.4466395296609,181.901577689303,3.02326646840068
83.3213368445874,110.981686033591,4.34540404730725
613.662790988647,208.742314235816,4.19488882352619
244.888143949647,219.945243074705,3.66016495725876
569.317569021416,441.869712474762,4.08538447893884
300.846725818607,134.668464065124,3.83380753798523
529.676038365217,455.045316189984,3.63296951712156
37.4905050760067,414.671984934489,4.00992078035588
205.394771783151,277.373603709466,3.79050723193072
550.820259995699,256.844706010282,3.62418230986934
175.07636072511,30.1251762483668,4.39322020228911
496.730696339134,337.45578802236,4.70355300057582
44.0020688831383,58.0689371536613,4.08026816997177
532.865254780474,142.838343690715,4.76387704854606
NA,NA,NA
660.134095948555,329.52145641106,3.54146373182679
456.848738993881,294.565930590879,3.67989488933701
9.90445402401831,493.207806314203,3.52158189714803
559.478776230017,53.94499816055,4.21802391570336
70.4271284227921,376.205392541649,3.92424540696972
231.997968017719,409.589223097567,3.9373003919561
425.371468674134,13.5797561531147,3.28199510733855
362.337626038727,294.933395277249,3.06723928711575
603.467182711103,104.935599913668,4.12169850249932
392.690062661797,232.473209063357,4.27096552801999
571.818885731472,406.67410682588,4.76396630154353
137.270538029332,278.518268812965,4.62658709938679
199.515047171629,374.40008793115,4.07355241231177
125.388427681102,409.80529277484,3.58014993570706
630.320460005961,308.095567935021,4.68945910699139
1.45684550781653,150.788850701785,4.28487160649908
543.764182291314,204.899842769538,4.15452041468403
34.553664535875,491.256645715011,2.96125752234842
276.962808071003,21.1629990378581,3.94182337325243
533.859101239613,392.404546116066,3.59425162588586
70.7652884039075,83.0131726630503,5.18410680270502
4.13257771173097,74.4950081190581,3.43032671859745
586.875012172645,223.427821455091,4.06092477662789
439.010366333614,457.395599544821,4.73820965443571
659.294724984885,371.925796104204,3.04935587918333
108.986518881918,488.870064574973,4.43407151018202
620.109092791417,89.9280386076101,4.09579486059626
421.049307925856,261.359083359906,3.61290789334329
13.4466395296609,181.901577689303,3.02326646840068
83.3213368445874,110.981686033591,4.34540404730725
613.662790988647,208.742314235816,4.19488882352619
244.888143949647,219.945243074705,3.66016495725876
569.317569021416,441.869712474762,4.08538447893884
300.846725818607,134.668464065124,3.83380753798523
529.676038365217,455.045316189984,3.63296951712156
37.4905050760067,414.671984934489,4.00992078035588
205.394771783151,277.373603709466,3.79050723193072
550.820259995699,256.844706010282,3.62418230986934
175.07636072511,30.1251762483668,4.39322020228911
496.730696339134,337.45578802236,4.70355300057582
44.0020688831383,58.0689371536613,4.08026816997177
532.865254780474,142.838343690715,4.76387704854606
NA,NA,NA
662.176582359241,335.599100482751,3.55124953782334
456.834081511661,299.426998604195,3.62649801923651
12.9211290339103,494.866978424759,3.63208125170145
563.492252673573,47.463426585,4.06562290369068
69.1456964631624,375.794927045068,4.02633670935122
230.041833203064,414.659641132117,3.91184118917848
425.125180498662,13.6940737169379,3.32885086136191
361.672393587906,291.893874738303,3.10967722960866
600.382725904589,106.494577418737,4.20045695770285
399.18744725407,223.43819019555,4.32794823898619
571.04491763812,412.78873105493,4.74395230621
138.3152025268,282.967623510624,4.58869853496641
200.356474302368,367.672813013324,4.10839881640425
122.589420493215,407.413797361018,3.53611863606385
633.555859654744,310.774616253917,4.57336639092017
5.34546909308053,151.404759490459,4.17832328936459
544.54596297049,202.031029098285,4.29683332469746
34.4251075594994,492.214989123649,3.0671528656928
277.674442799157,23.1782556550022,3.91759959089881
531.017438101986,393.443465696168,3.4148098906285
68.6181695271572,79.5830801544004,5.2143925439709
8.21264194682482,77.2603382947144,3.51378200938315
587.794995789249,227.242923840908,3.97307403403826
445.658367116822,462.34776721809,4.78051990859444
657.772136180787,370.669513054961,3.13911148977563
103.616839248474,486.370310608022,4.28932805828308
622.378033784853,89.3720612991708,4.0509771677886
417.714577769753,260.612966311181,3.56666927734479
11.1655478885556,180.391635227363,3.09855773978164
60.3867243889008,116.608601205082,4.57851551558634
602.879943980879,191.740881785624,4.07084882298499
249.604133997801,221.763274567633,3.67645940040064
574.791515022087,433.264708768308,3.86657980087767
299.019518806399,134.848109489773,3.83601440766525
201.582131853164,366.292822504657,3.98460860769306
526.453201276912,459.538596371539,3.4606762394421
45.141100396557,426.348108163999,3.47953382548287
206.908051585796,285.364497906613,3.74067415953781
547.865070779755,262.570894471111,3.66682606683745
181.454193640566,32.5083293414717,4.52590009887199
503.622116323698,340.896429515838,4.46037894644194
26.5775987819578,47.5747786605216,4.11975352981378
534.485795536291,144.724480526222,5.24402278041045
NA,NA,NA
662.176582359241,335.599100482751,3.55124953782334
456.834081511661,299.426998604195,3.62649801923651
12.9211290339103,494.866978424759,3.63208125170145
563.492252673573,47.463426585,4.06562290369068
69.1456964631624,375.794927045068,4.02633670935122
230.041833203064,414.659641132117,3.91184118917848
425.125180498662,13.6940737169379,3.32885086136191
361.672393587906,291.893874738303,3.10967722960866
600.382725904589,106.494577418737,4.20045695770285
399.18744725407,223.43819019555,4.32794823898619
571.04491763812,412.78873105493,4.74395230621
138.3152025268,282.967623510624,4.58869853496641
200.356474302368,367.672813013324,4.10839881640425
122.589420493215,407.413797361018,3.53611863606385
633.555859654744,310.774616253917,4.57336639092017
5.34546909308053,151.404759490459,4.17832328936459
544.54596297049,202.031029098285,4.29683332469746
34.4251075594994,492.214989123649,3.0671528656928
277.674442799157,23.1782556550022,3.91759959089881
531.017438101986,393.443465696168,3.4148098906285
68.6181695271572,79.5830801544004,5.2143925439709
8.21264194682482,77.2603382947144,3.51378200938315
587.794995789249,227.242923840908,3.97307403403826
445.658367116822,462.34776721809,4.78051990859444
657.772136180787,370.669513054961,3.13911148977563
103.616839248474,486.370310608022,4.28932805828308
622.378033784853,89.3720612991708,4.0509771677886
417.714577769753,260.612966311181,3.56666927734479
11.1655478885556,180.391635227363,3.09855773978164
60.3867243889008,116.608601205082,4.57851551558634
602.879943980879,191.740881785624,4.07084882298499
249.604133997801,221.763274567633,3.67645940040064
574.791515022087,433.264708768308,3.86657980087767
299.019518806399,134.848109489773,3.83601440766525
201.582131853164,366.292822504657,3.98460860769306
526.453201276912,459.538596371539,3.4606762394421
45.141100396557,426.348108163999,3.47953382548287
206.908051585796,285.364497906613,3.74067415953781
547.865070779755,262.570894471111,3.66682606683745
181.454193640566,32.5083293414717,4.52590009887199
503.622116323698,340.896429515838,4.46037894644194
26.5775987819578,47.5747786605216,4.11975352981378
534.485795536291,144.724480526222,5.24402278041045
NA,NA,NA
662.176582359241,335.599100482751,3.55124953782334
456.834081511661,299.426998604195,3.62649801923651
12.9211290339103,494.866978424759,3.63208125170145
563.492252673573,47.463426585,4.06562290369068
69.1456964631624,375.794927045068,4.02633670935122
230.041833203064,414.659641132117,3.91184118917848
425.125180498662,13.6940737169379,3.32885086136191
361.672393587906,291.893874738303,3.10967722960866
600.382725904589,106.494577418737,4.20045695770285
399.18744725407,223.43819019555,4.32794823898619
571.04491763812,412.78873105493,4.74395230621
138.3152025268,282.967623510624,4.58869853496641
200.356474302368,367.672813013324,4.10839881640425
122.589420493215,407.413797361018,3.53611863606385
633.555859654744,310.774616253917,4.57336639092017
5.34546909308053,151.404759490459,4.17832328936459
544.54596297049,202.031029098285,4.29683332469746
34.4251075594994,492.214989123649,3.0671528656928
277.674442799157,23.1782556550022,3.91759959089881
531.017438101986,393.443465696168,3.4148098906285
68.6181695271572,79.5830801544004,5.2143925439709
8.21264194682482,77.2603382947144,3.51378200938315
587.794995789249,227.242923840908,3.97307403403826
445.658367116822,462.34776721809,4.78051990859444
657.772136180787,370.669513054961,3.13911148977563
103.616839248474,486.370310608022,4.28932805828308
622.378033784853,89.3720612991708,4.0509771677886
417.714577769753,260.612966311181,3.56666927734479
11.1655478885556,180.391635227363,3.09855773978164
60.3867243889008,116.608601205082,4.57851551558634
602.879943980879,191.740881785624,4.07084882298499
249.604133997801,221.763274567633,3.67645940040064
574.791515022087,433.264708768308,3.86657980087767
299.019518806399,134.848109489773,3.83601440766525
201.582131853164,366.292822504657,3.98460860769306
526.453201276912,459.538596371539,3.4606762394421
45.141100396557,426.348108163999,3.47953382548287
206.908051585796,285.364497906613,3.74067415953781
547.865070779755,262.570894471111,3.66682606683745
181.454193640566,32.5083293414717,4.52590009887199
503.622116323698,340.896429515838,4.46037894644194
26.5775987819578,47.5747786605216,4.11975352981378
534.485795536291,144.724480526222,5.24402278041045
NA,NA,NA
662.176582359241,335.599100482751,3.55124953782334
456.834081511661,299.426998604195,3.62649801923651
12.9211290339103,494.866978424759,3.63208125170145
563.492252673573,47.463426585,4.06562290369068
69.1456964631624,375.794927045068,4.02633670935122
230.041833203064,414.659641132117,3.91184118917848
425.125180498662,13.6940737169379,3.32885086136191
361.672393587906,291.893874738303,3.10967722960866
600.382725904589,106.494577418737,4.20045695770285
399.18744725407,223.43819019555,4.32794823898619
571.04491763812,412.78873105493,4.74395230621
138.3152025268,282.967623510624,4.58869853496641
200.356474302368,367.672813013324,4.10839881640425
122.589420493215,407.413797361018,3.53611863606385
633.555859654744,310.774616253917,4.57336639092017
5.34546909308053,151.404759490459,4.17832328936459
544.54596297049,202.031029098285,4.29683332469746
34.4251075594994,492.214989123649,3.0671528656928
277.674442799157,23.1782556550022,3.91759959089881
531.017438101986,393.443465696168,3.4148098906285
68.6181695271572,79.5830801544004,5.2143925439709
8.21264194682482,77.2603382947144,3.51378200938315
587.794995789249,227.242923840908,3.97307403403826
445.658367116822,462.34776721809,4.78051990859444
657.772136180787,370.669513054961,3.13911148977563
103.616839248474,486.370310608022,4.28932805828308
622.378033784853,89.3720612991708,4.0509771677886
417.714577769753,260.612966311181,3.56666927734479
11.1655478885556,180.391635227363,3.09855773978164
60.3867243889008,116.608601205082,4.57851551558634
602.879943980879,191.740881785624,4.07084882298499
249.604133997801,221.763274567633,3.67645940040064
574.791515022087,433.264708768308,3.86657980087767
299.019518806399,134.848109489773,3.83601440766525
201.582131853164,366.292822504657,3.98460860769306
526.453201276912,459.538596371539,3.4606762394421
45.141100396557,426.348108163999,3.47953382548287
206.908051585796,285.364497906613,3.74067415953781
547.865070779755,262.570894471111,3.66682606683745
181.454193640566,32.5083293414717,4.52590009887199
503.622116323698,340.896429515838,4.46037894644194
26.5775987819578,47.5747786605216,4.11975352981378
534.485795536291,144.724480526222,5.24402278041045
NA,NA,NA
662.176582359241,335.599100482751,3.55124953782334
456.834081511661,299.426998604195,3.62649801923651
12.9211290339103,494.866978424759,3.63208125170145
563.492252673573,47.463426585,4.06562290369068
69.1456964631624,375.794927045068,4.02633670935122
230.041833203064,414.659641132117,3.91184118917848
425.125180498662,13.6940737169379,3.32885086136191
361.672393587906,291.893874738303,3.10967722960866
600.382725904589,106.494577418737,4.20045695770285
399.18744725407,223.43819019555,4.32794823898619
571.04491763812,412.78873105493,4.74395230621
138.3152025268,282.967623510624,4.58869853496641
200.356474302368,367.672813013324,4.10839881640425
122.589420493215,407.413797361018,3.53611863606385
633.555859654744,310.774616253917,4.57336639092017
5.34546909308053,151.404759490459,4.17832328936459
544.54596297049,202.031029098285,4.29683332469746
34.4251075594994,492.214989123649,3.0671528656928
277.674442799157,23.1782556550022,3.91759959089881
531.017438101986,393.443465696168,3.4148098906285
68.6181695271572,79.5830801544004,5.2143925439709
8.21264194682482,77.2603382947144,3.51378200938315
587.794995789249,227.242923840908,3.97307403403826
445.658367116822,462.34776721809,4.78051990859444
657.772136180787,370.669513054961,3.13911148977563
103.616839248474,486.370310608022,4.28932805828308
622.378033784853,89.3720612991708,4.0509771677886
417.714577769753,260.612966311181,3.56666927734479
11.1655478885556,180.391635227363,3.09855773978164
60.3867243889008,116.608601205082,4.57851551558634
602.879943980879,191.740881785624,4.07084882298499
249.604133997801,221.763274567633,3.67645940040064
574.791515022087,433.264708768308,3.86657980087767
299.019518806399,134.848109489773,3.83601440766525
201.582131853164,366.292822504657,3.98460860769306
526.453201276912,459.538596371539,3.4606762394421
45.141100396557,426.348108163999,3.47953382548287
206.908051585796,285.364497906613,3.74067415953781
547.865070779755,262.570894471111,3.66682606683745
181.454193640566,32.5083293414717,4.52590009887199
503.622116323698,340.896429515838,4.46037894644194
26.5775987819578,47.5747786605216,4.11975352981378
534.485795536291,144.724480526222,5.24402278041045
NA,NA,NA
662.176582359241,335.599100482751,3.55124953782334
456.834081511661,299.426998604195,3.62649801923651
12.9211290339103,494.866978424759,3.63208125170145
563.492252673573,47.463426585,4.06562290369068
69.1456964631624,375.794927045068,4.02633670935122
230.041833203064,414.659641132117,3.91184118917848
425.125180498662,13.6940737169379,3.32885086136191
361.672393587906,291.893874738303,3.10967722960866
600.382725904589,106.494577418737,4.20045695770285
399.18744725407,223.43819019555,4.32794823898619
571.04491763812,412.78873105493,4.74395230621
138.3152025268,282.967623510624,4.58869853496641
200.356474302368,367.672813013324,4.10839881640425
122.589420493215,407.413797361018,3.53611863606385
633.555859654744,310.774616253917,4.57336639092017
5.34546909308053,151.404759490459,4.17832328936459
544.54596297049,202.031029098285,4.29683332469746
34.4251075594994,492.214989123649,3.0671528656928
277.674442799157,23.1782556550022,3.91759959089881
531.017438101986,393.443465696168,3.4148098906285
68.6181695271572,79.5830801544004,5.2143925439709
8.21264194682482,77.2603382947144,3.51378200938315
587.794995789249,227.242923840908,3.97307403403826
445.658367116822,462.34776721809,4.78051990859444
657.772136180787,370.669513054961,3.13911148977563
103.616839248474,486.370310608022,4.28932805828308
622.378033784853,89.3720612991708,4.0509771677886
417.714577769753,260.612966311181,3.56666927734479
11.1655478885556,180.391635227363,3.09855773978164
60.3867243889008,116.608601205082,4.57851551558634
602.879943980879,191.740881785624,4.07084882298499
249.604133997801,221.763274567633,3.67645940040064
574.791515022087,433.264708768308,3.86657980087767
299.019518806399,134.848109489773,3.83601440766525
201.582131853164,366.292822504657,3.98460860769306
526.453201276912,459.538596371539,3.4606762394421
45.141100396557,426.348108163999,3.47953382548287
206.908051585796,285.364497906613,3.74067415953781
547.865070779755,262.570894471111,3.66682606683745
181.454193640566,32.5083293414717,4.52590009887199
503.622116323698,340.896429515838,4.46037894644194
26.5775987819578,47.5747786605216,4.11975352981378
534.485795536291,144.724480526222,5.24402278041045
NA,NA,NA
662.02964288674,330.626940723657,3.4098897443017
458.609616695168,297.579161272883,3.42794061768977
10.7679518003411,496.347897639521,3.41398591489673
561.897759996279,51.9627551410693,4.10622224777463
73.5732030369522,376.324724955992,4.06438597327688
227.81002342257,413.242489780671,3.8884852640169
426.174796307874,15.8432279848355,3.38001860126959
362.87526486315,293.139485210503,3.0443850357902
603.298293654832,104.830855740179,4.34138607348104
395.430360547421,230.252687147352,4.18932701686708
568.853732633832,399.749386285637,4.7599623730705
138.853331392723,280.310710458719,4.4820554290111
201.691420756325,367.172728995265,4.01485591773487
123.205252464317,410.165538353517,3.48129583270452
624.835173491717,311.488186785359,4.64562627724285
-0.591470264747575,145.592684683434,4.25499926321692
538.014219554747,198.675601428867,4.18245613974289
32.2007147773713,490.790242446243,2.96896518287697
274.846340563034,21.1833819287992,3.66999697092642
536.264931784185,391.011764220333,3.44265060814587
61.3465300827468,79.2190315012506,5.33281147349733
4.69820606916129,78.6501868527893,3.47573414477547
591.254148897303,228.103378992254,4.04356241982175
443.852856809728,463.633455310542,4.89931413107991
660.228210111179,373.506245134491,3.16793055518305
107.389747503026,483.513943508107,4.35027723327542
623.808635186352,90.3703885026609,4.10606136333214
421.045526402686,255.226019726151,3.67486811164221
9.77698088419272,184.506696634859,3.44954547760251
61.8809160147239,104.207343793962,4.48360107585492
616.038700514773,208.572170770034,4.21389442180921
255.652190498224,231.939042112922,3.79230606018229
579.007633814385,427.88196609005,3.97511691491934
297.575651489684,135.923367729851,4.03392757576839
527.023935958871,459.230367641354,3.94148319663249
50.6547020730851,411.386795560778,3.75975925369971
199.121385465476,277.420710770878,4.47507073144884
551.124395264916,260.199162193231,3.7344304994992
155.289439635544,26.6801222480813,4.00578879746905
498.932006933078,340.499733369123,4.5490053324904
38.3071630356632,45.592404128418,3.45046459578319
197.886901266368,361.851674975145,4.09195073372167
531.476447021196,146.893960195048,4.56952126009941
NA,NA,NA
662.02964288674,330.626940723657,3.4098897443017
458.609616695168,297.579161272883,3.42794061768977
10.7679518003411,496.347897639521,3.41398591489673
561.897759996279,51.9627551410693,4.10622224777463
73.5732030369522,376.324724955992,4.06438597327688
227.81002342257,413.242489780671,3.8884852640169
426.174796307874,15.8432279848355,3.38001860126959
362.87526486315,293.139485210503,3.0443850357902
603.298293654832,104.830855740179,4.34138607348104
395.430360547421,230.252687147352,4.18932701686708
568.853732633832,399.749386285637,4.7599623730705
138.853331392723,280.310710458719,4.4820554290111
201.691420756325,367.172728995265,4.01485591773487
123.205252464317,410.165538353517,3.48129583270452
624.835173491717,311.488186785359,4.64562627724285
-0.591470264747575,145.592684683434,4.25499926321692
538.014219554747,198.675601428867,4.18245613974289
32.2007147773713,490.790242446243,2.96896518287697
274.846340563034,21.1833819287992,3.66999697092642
536.264931784185,391.011764220333,3.44265060814587
61.3465300827468,79.2190315012506,5.33281147349733
4.69820606916129,78.6501868527893,3.47573414477547
591.254148897303,228.103378992254,4.04356241982175
443.852856809728,463.633455310542,4.89931413107991
660.228210111179,373.506245134491,3.16793055518305
107.389747503026,483.513943508107,4.35027723327542
623.808635186352,90.3703885026609,4.10606136333214
421.045526402686,255.226019726151,3.67486811164221
9.77698088419272,184.506696634859,3.44954547760251
61.8809160147239,104.207343793962,4.48360107585492
616.038700514773,208.572170770034,4.21389442180921
255.652190498224,231.939042112922,3.79230606018229
579.007633814385,427.88196609005,3.97511691491934
297.575651489684,135.923367729851,4.03392757576839
527.023935958871,459.230367641354,3.94148319663249
50.6547020730851,411.386795560778,3.75975925369971
199.121385465476,277.420710770878,4.47507073144884
551.124395264916,260.199162193231,3.7344304994992
155.289439635544,26.6801222480813,4.00578879746905
498.932006933078,340.499733369123,4.5490053324904
38.3071630356632,45.592404128418,3.45046459578319
197.886901266368,361.851674975145,4.09195073372167
531.476447021196,146.893960195048,4.56952126009941
NA,NA,NA
662.02964288674,330.626940723657,3.4098897443017
458.609616695168,297.579161272883,3.42794061768977
10.7679518003411,496.347897639521,3.41398591489673
561.897759996279,51.9627551410693,4.10622224777463
73.5732030369522,376.324724955992,4.06438597327688
227.81002342257,413.242489780671,3.8884852640169
426.174796307874,15.8432279848355,3.38001860126959
362.87526486315,293.139485210503,3.0443850357902
603.298293654832,104.830855740179,4.34138607348104
395.430360547421,230.252687147352,4.18932701686708
568.853732633832,399.749386285637,4.7599623730705
138.853331392723,280.310710458719,4.4820554290111
201.691420756325,367.172728995265,4.01485591773487
123.205252464317,410.165538353517,3.48129583270452
624.835173491717,311.488186785359,4.64562627724285
-0.591470264747575,145.592684683434,4.25499926321692
538.014219554747,198.675601428867,4.18245613974289
32.2007147773713,490.790242446243,2.96896518287697
274.846340563034,21.1833819287992,3.66999697092642
536.264931784185,391.011764220333,3.44265060814587
61.3465300827468,79.2190315012506,5.33281147349733
4.69820606916129,78.6501868527893,3.47573414477547
591.254148897303,228.103378992254,4.04356241982175
443.852856809728,463.633455310542,4.89931413107991
660.228210111179,373.506245134491,3.16793055518305
107.389747503026,483.513943508107,4.35027723327542
623.808635186352,90.3703885026609,4.10606136333214
421.045526402686,255.226019726151,3.67486811164221
9.77698088419272,184.506696634859,3.44954547760251
61.8809160147239,104.207343793962,4.48360107585492
616.038700514773,208.572170770034,4.21389442180921
255.652190498224,231.939042112922,3.79230606018229
579.007633814385,427.88196609005,3.97511691491934
297.575651489684,135.923367729851,4.03392757576839
527.023935958871,459.230367641354,3.94148319663249
50.6547020730851,411.386795560778,3.75975925369971
199.121385465476,277.420710770878,4.47507073144884
551.124395264916,260.199162193231,3.7344304994992
155.289439635544,26.6801222480813,4.00578879746905
498.932006933078,340.499733369123,4.5490053324904
38.3071630356632,45.592404128418,3.45046459578319
197.886901266368,361.851674975145,4.09195073372167
531.476447021196,146.893960195048,4.56952126009941
NA,NA,NA
662.02964288674,330.626940723657,3.4098897443017
458.609616695168,297.579161272883,3.42794061768977
10.7679518003411,496.347897639521,3.41398591489673
561.897759996279,51.9627551410693,4.10622224777463
73.5732030369522,376.324724955992,4.06438597327688
227.81002342257,413.242489780671,3.8884852640169
426.174796307874,15.8432279848355,3.38001860126959
362.87526486315,293.139485210503,3.0443850357902
603.298293654832,104.830855740179,4.34138607348104
395.430360547421,230.252687147352,4.18932701686708
568.853732633832,399.749386285637,4.7599623730705
138.853331392723,280.310710458719,4.4820554290111
201.691420756325,367.172728995265,4.01485591773487
123.205252464317,410.165538353517,3.48129583270452
624.835173491717,311.488186785359,4.64562627724285
-0.591470264747575,145.592684683434,4.25499926321692
538.014219554747,198.675601428867,4.18245613974289
32.2007147773713,490.790242446243,2.96896518287697
274.846340563034,21.1833819287992,3.66999697092642
536.264931784185,391.011764220333,3.44265060814587
61.3465300827468,79.2190315012506,5.33281147349733
4.69820606916129,78.6501868527893,3.47573414477547
591.254148897303,228.103378992254,4.04356241982175
443.852856809728,463.633455310542,4.89931413107991
660.228210111179,373.506245134491,3.16793055518305
107.389747503026,483.513943508107,4.35027723327542
623.808635186352,90.3703885026609,4.10606136333214
421.045526402686,255.226019726151,3.67486811164221
9.77698088419272,184.506696634859,3.44954547760251
61.8809160147239,104.207343793962,4.48360107585492
616.038700514773,208.572170770034,4.21389442180921
255.652190498224,231.939042112922,3.79230606018229
579.007633814385,427.88196609005,3.97511691491934
297.575651489684,135.923367729851,4.03392757576839
527.023935958871,459.230367641354,3.94148319663249
50.6547020730851,411.386795560778,3.75975925369971
199.121385465476,277.420710770878,4.47507073144884
551.124395264916,260.199162193231,3.7344304994992
155.289439635544,26.6801222480813,4.00578879746905
498.932006933078,340.499733369123,4.5490053324904
38.3071630356632,45.592404128418,3.45046459578319
197.886901266368,361.851674975145,4.09195073372167
531.476447021196,146.893960195048,4.56952126009941
NA,NA,NA
662.02964288674,330.626940723657,3.4098897443017
458.609616695168,297.579161272883,3.42794061768977
10.7679518003411,496.347897639521,3.41398591489673
561.897759996279,51.9627551410693,4.10622224777463
73.5732030369522,376.324724955992,4.06438597327688
227.81002342257,413.242489780671,3.8884852640169
426.174796307874,15.8432279848355,3.38001860126959
362.87526486315,293.139485210503,3.0443850357902
603.298293654832,104.830855740179,4.34138607348104
395.430360547421,230.252687147352,4.18932701686708
568.853732633832,399.749386285637,4.7599623730705
138.853331392723,280.310710458719,4.4820554290111
201.691420756325,367.172728995265,4.01485591773487
123.205252464317,410.165538353517,3.48129583270452
624.835173491717,311.488186785359,4.64562627724285
-0.591470264747575,145.592684683434,4.25499926321692
538.014219554747,198.675601428867,4.18245613974289
32.2007147773713,490.790242446243,2.96896518287697
274.846340563034,21.1833819287992,3.66999697092642
536.264931784185,391.011764220333,3.44265060814587
61.3465300827468,79.2190315012506,5.33281147349733
4.69820606916129,78.6501868527893,3.47573414477547
591.254148897303,228.103378992254,4.04356241982175
443.852856809728,463.633455310542,4.89931413107991
660.228210111179,373.506245134491,3.16793055518305
107.389747503026,483.513943508107,4.35027723327542
623.808635186352,90.3703885026609,4.10606136333214
421.045526402686,255.226019726151,3.67486811164221
9.77698088419272,184.506696634859,3.44954547760251
61.8809160147239,104.207343793962,4.48360107585492
616.038700514773,208.572170770034,4.21389442180921
255.652190498224,231.939042112922,3.79230606018229
579.007633814385,427.88196609005,3.97511691491934
297.575651489684,135.923367729851,4.03392757576839
527.023935958871,459.230367641354,3.94148319663249
50.6547020730851,411.386795560778,3.75975925369971
199.121385465476,277.420710770878,4.47507073144884
551.124395264916,260.199162193231,3.7344304994992
155.289439635544,26.6801222480813,4.00578879746905
498.932006933078,340.499733369123,4.5490053324904
38.3071630356632,45.592404128418,3.45046459578319
197.886901266368,361.851674975145,4.09195073372167
531.476447021196,146.893960195048,4.56952126009941
NA,NA,NA
662.02964288674,330.626940723657,3.4098897443017
458.609616695168,297.579161272883,3.42794061768977
10.7679518003411,496.347897639521,3.41398591489673
561.897759996279,51.9627551410693,4.10622224777463
73.5732030369522,376.324724955992,4.06438597327688
227.81002342257,413.242489780671,3.8884852640169
426.174796307874,15.8432279848355,3.38001860126959
362.87526486315,293.139485210503,3.0443850357902
603.298293654832,104.830855740179,4.34138607348104
395.430360547421,230.252687147352,4.18932701686708
568.853732633832,399.749386285637,4.7599623730705
138.853331392723,280.310710458719,4.4820554290111
201.691420756325,367.172728995265,4.01485591773487
123.205252464317,410.165538353517,3.48129583270452
624.835173491717,311.488186785359,4.64562627724285
-0.591470264747575,145.592684683434,4.25499926321692
538.014219554747,198.675601428867,4.18245613974289
32.2007147773713,490.790242446243,2.96896518287697
274.846340563034,21.1833819287992,3.66999697092642
536.264931784185,391.011764220333,3.44265060814587
61.3465300827468,79.2190315012506,5.33281147349733
4.69820606916129,78.6501868527893,3.47573414477547
591.254148897303,228.103378992254,4.04356241982175
443.852856809728,463.633455310542,4.89931413107991
660.228210111179,373.506245134491,3.16793055518305
107.389747503026,483.513943508107,4.35027723327542
623.808635186352,90.3703885026609,4.10606136333214
421.045526402686,255.226019726151,3.67486811164221
9.77698088419272,184.506696634859,3.44954547760251
61.8809160147239,104.207343793962,4.48360107585492
616.038700514773,208.572170770034,4.21389442180921
255.652190498224,231.939042112922,3.79230606018229
579.007633814385,427.88196609005,3.97511691491934
297.575651489684,135.923367729851,4.03392757576839
527.023935958871,459.230367641354,3.94148319663249
50.6547020730851,411.386795560778,3.75975925369971
199.121385465476,277.420710770878,4.47507073144884
551.124395264916,260.199162193231,3.7344304994992
155.289439635544,26.6801222480813,4.00578879746905
498.932006933078,340.499733369123,4.5490053324904
38.3071630356632,45.592404128418,3.45046459578319
197.886901266368,361.851674975145,4.09195073372167
531.476447021196,146.893960195048,4.56952126009941
NA,NA,NA
658.759152336849,333.183620228465,3.46777398266519
456.618701527638,300.707185278903,3.73461365272033
10.3192222442293,490.283759235894,3.82298150123022
561.209516851173,50.0314715973462,4.06303201067844
69.4179660638587,376.353239320326,4.00028899389839
229.928355901509,406.450806503767,3.85532266231069
430.793045456591,11.5461546173312,3.27897391571372
361.2668120772,290.511888379109,3.04919823935682
598.981155358062,109.075700604689,4.19342042065379
394.421280202713,233.707076014205,4.21658599246561
566.171390443185,407.698655086783,4.73788075664504
144.905119382901,288.278511424034,4.6607715312863
203.871335591744,372.349733334499,4.09809870230051
128.653423997661,417.12990298902,3.52609491247975
623.566053140849,312.520951307681,4.57425813512625
1.74602796010652,145.249538337153,4.2958093151618
540.374018087314,203.781899596221,3.95265441857289
34.7868882560751,493.736635301646,2.98734117135608
278.2978350297,23.3412805602527,3.97535745703041
535.013563824755,390.083758484309,3.31464627422648
75.9733818298591,73.9030389528796,5.32297796163937
6.33378190128252,75.2455883982718,3.45099772878164
589.829939798538,229.941055005802,3.94307910713026
439.107557482489,459.453141483136,4.75065308232449
660.285785953715,375.471575500328,3.08611384257572
104.378784806234,489.558012123625,4.29499435913519
626.406699201522,95.9403155769153,4.09100478019252
417.229028375197,258.439855375595,3.63367871807261
9.73622398790107,181.624867014154,3.06583213915783
53.4593822973745,108.621366200224,4.37805587107429
609.601694135397,195.964268351498,4.37181100719776
253.272472381164,221.662937142695,3.49210629993967
575.731738931615,432.574853566183,3.92641563570462
300.836006334986,134.749913834219,3.83439357326068
526.641607768286,454.155357407022,3.52965722852002
52.0647487100489,417.856669261072,3.77581636553873
201.621733150934,285.176552016061,3.91560035450928
564.314289670813,258.29141836871,3.77106395906904
177.745088642709,19.848618159756,4.21221862799934
487.984553476179,337.397977353591,4.69061453048943
34.90803560525,58.5542613273144,3.65937141058548
194.317216720807,363.852918334826,4.12898682524877
535.834287466483,140.020467887605,4.83774677273204
NA,NA,NA
658.759152336849,333.183620228465,3.46777398266519
456.618701527638,300.707185278903,3.73461365272033
10.3192222442293,490.283759235894,3.82298150123022
561.209516851173,50.0314715973462,4.06303201067844
69.4179660638587,376.353239320326,4.00028899389839
229.928355901509,406.450806503767,3.85532266231069
430.793045456591,11.5461546173312,3.27897391571372
361.2668120772,290.511888379109,3.04919823935682
598.981155358062,109.075700604689,4.19342042065379
394.421280202713,233.707076014205,4.21658599246561
566.171390443185,407.698655086783,4.73788075664504
144.905119382901,288.278511424034,4.6607715312863
203.871335591744,372.349733334499,4.09809870230051
128.653423997661,417.12990298902,3.52609491247975
623.566053140849,312.520951307681,4.57425813512625
1.74602796010652,145.249538337153,4.2958093151618
540.374018087314,203.781899596221,3.95265441857289
34.7868882560751,493.736635301646,2.98734117135608
278.2978350297,23.3412805602527,3.97535745703041
535.013563824755,390.083758484309,3.31464627422648
75.9733818298591,73.9030389528796,5.32297796163937
6.33378190128252,75.2455883982718,3.45099772878164
589.829939798538,229.941055005802,3.94307910713026
439.107557482489,459.453141483136,4.75065308232449
660.285785953715,375.471575500328,3.08611384257572
104.378784806234,489.558012123625,4.29499435913519
626.406699201522,95.9403155769153,4.09100478019252
417.229028375197,258.439855375595,3.63367871807261
9.73622398790107,181.624867014154,3.06583213915783
53.4593822973745,108.621366200224,4.37805587107429
609.601694135397,195.964268351498,4.37181100719776
253.272472381164,221.662937142695,3.49210629993967
575.731738931615,432.574853566183,3.92641563570462
300.836006334986,134.749913834219,3.83439357326068
526.641607768286,454.155357407022,3.52965722852002
52.0647487100489,417.856669261072,3.77581636553873
201.621733150934,285.176552016061,3.91560035450928
564.314289670813,258.29141836871,3.77106395906904
177.745088642709,19.848618159756,4.21221862799934
487.984553476179,337.397977353591,4.69061453048943
34.90803560525,58.5542613273144,3.65937141058548
194.317216720807,363.852918334826,4.12898682524877
535.834287466483,140.020467887605,4.83774677273204
NA,NA,NA
658.759152336849,333.183620228465,3.46777398266519
456.618701527638,300.707185278903,3.73461365272033
10.3192222442293,490.283759235894,3.82298150123022
561.209516851173,50.0314715973462,4.06303201067844
69.4179660638587,376.353239320326,4.00028899389839
229.928355901509,406.450806503767,3.85532266231069
430.793045456591,11.5461546173312,3.27897391571372
361.2668120772,290.511888379109,3.04919823935682
598.981155358062,109.075700604689,4.19342042065379
394.421280202713,233.707076014205,4.21658599246561
566.171390443185,407.698655086783,4.73788075664504
144.905119382901,288.278511424034,4.6607715312863
203.871335591744,372.349733334499,4.09809870230051
128.653423997661,417.12990298902,3.52609491247975
623.566053140849,312.520951307681,4.57425813512625
1.74602796010652,145.249538337153,4.2958093151618
540.374018087314,203.781899596221,3.95265441857289
34.7868882560751,493.736635301646,2.98734117135608
278.2978350297,23.3412805602527,3.97535745703041
535.013563824755,390.083758484309,3.31464627422648
75.9733818298591,73.9030389528796,5.32297796163937
6.33378190128252,75.2455883982718,3.45099772878164
589.829939798538,229.941055005802,3.94307910713026
439.107557482489,459.453141483136,4.75065308232449
660.285785953715,375.471575500328,3.08611384257572
104.378784806234,489.558012123625,4.29499435913519
626.406699201522,95.9403155769153,4.09100478019252
417.229028375197,258.439855375595,3.63367871807261
9.73622398790107,181.624867014154,3.06583213915783
53.4593822973745,108.621366200224,4.37805587107429
609.601694135397,195.964268351498,4.37181100719776
253.272472381164,221.662937142695,3.49210629993967
575.731738931615,432.574853566183,3.92641563570462
300.836006334986,134.749913834219,3.83439357326068
526.641607768286,454.155357407022,3.52965722852002
52.0647487100489,417.856669261072,3.77581636553873
201.621733150934,285.176552016061,3.91560035450928
564.314289670813,258.29141836871,3.77106395906904
177.745088642709,19.848618159756,4.21221862799934
487.984553476179,337.397977353591,4.69061453048943
34.90803560525,58.5542613273144,3.65937141058548
194.317216720807,363.852918334826,4.12898682524877
535.834287466483,140.020467887605,4.83774677273204
NA,NA,NA
658.759152336849,333.183620228465,3.46777398266519
456.618701527638,300.707185278903,3.73461365272033
10.3192222442293,490.283759235894,3.82298150123022
561.209516851173,50.0314715973462,4.06303201067844
69.4179660638587,376.353239320326,4.00028899389839
229.928355901509,406.450806503767,3.85532266231069
430.793045456591,11.5461546173312,3.27897391571372
361.2668120772,290.511888379109,3.04919823935682
598.981155358062,109.075700604689,4.19342042065379
394.421280202713,233.707076014205,4.21658599246561
566.171390443185,407.698655086783,4.73788075664504
144.905119382901,288.278511424034,4.6607715312863
203.871335591744,372.349733334499,4.09809870230051
128.653423997661,417.12990298902,3.52609491247975
623.566053140849,312.520951307681,4.57425813512625
1.74602796010652,145.249538337153,4.2958093151618
540.374018087314,203.781899596221,3.95265441857289
34.7868882560751,493.736635301646,2.98734117135608
278.2978350297,23.3412805602527,3.97535745703041
535.013563824755,390.083758484309,3.31464627422648
75.9733818298591,73.9030389528796,5.32297796163937
6.33378190128252,75.2455883982718,3.45099772878164
589.829939798538,229.941055005802,3.94307910713026
439.107557482489,459.453141483136,4.75065308232449
660.285785953715,375.471575500328,3.08611384257572
104.378784806234,489.558012123625,4.29499435913519
626.406699201522,95.9403155769153,4.09100478019252
417.229028375197,258.439855375595,3.63367871807261
9.73622398790107,181.624867014154,3.06583213915783
53.4593822973745,108.621366200224,4.37805587107429
609.601694135397,195.964268351498,4.37181100719776
253.272472381164,221.662937142695,3.49210629993967
575.731738931615,432.574853566183,3.92641563570462
300.836006334986,134.749913834219,3.83439357326068
526.641607768286,454.155357407022,3.52965722852002
52.0647487100489,417.856669261072,3.77581636553873
201.621733150934,285.176552016061,3.91560035450928
564.314289670813,258.29141836871,3.77106395906904
177.745088642709,19.848618159756,4.21221862799934
487.984553476179,337.397977353591,4.69061453048943
34.90803560525,58.5542613273144,3.65937141058548
194.317216720807,363.852918334826,4.12898682524877
535.834287466483,140.020467887605,4.83774677273204
NA,NA,NA
658.759152336849,333.183620228465,3.46777398266519
456.618701527638,300.707185278903,3.73461365272033
10.3192222442293,490.283759235894,3.82298150123022
561.209516851173,50.0314715973462,4.06303201067844
69.4179660638587,376.353239320326,4.00028899389839
229.928355901509,406.450806503767,3.85532266231069
430.793045456591,11.5461546173312,3.27897391571372
361.2668120772,290.511888379109,3.04919823935682
598.981155358062,109.075700604689,4.19342042065379
394.421280202713,233.707076014205,4.21658599246561
566.171390443185,407.698655086783,4.73788075664504
144.905119382901,288.278511424034,4.6607715312863
203.871335591744,372.349733334499,4.09809870230051
128.653423997661,417.12990298902,3.52609491247975
623.566053140849,312.520951307681,4.57425813512625
1.74602796010652,145.249538337153,4.2958093151618
540.374018087314,203.781899596221,3.95265441857289
34.7868882560751,493.736635301646,2.98734117135608
278.2978350297,23.3412805602527,3.97535745703041
535.013563824755,390.083758484309,3.31464627422648
75.9733818298591,73.9030389528796,5.32297796163937
6.33378190128252,75.2455883982718,3.45099772878164
589.829939798538,229.941055005802,3.94307910713026
439.107557482489,459.453141483136,4.75065308232449
660.285785953715,375.471575500328,3.08611384257572
104.378784806234,489.558012123625,4.29499435913519
626.406699201522,95.9403155769153,4.09100478019252
417.229028375197,258.439855375595,3.63367871807261
9.73622398790107,181.624867014154,3.06583213915783
53.4593822973745,108.621366200224,4.37805587107429
609.601694135397,195.964268351498,4.37181100719776
253.272472381164,221.662937142695,3.49210629993967
575.731738931615,432.574853566183,3.92641563570462
300.836006334986,134.749913834219,3.83439357326068
526.641607768286,454.155357407022,3.52965722852002
52.0647487100489,417.856669261072,3.77581636553873
201.621733150934,285.176552016061,3.91560035450928
564.314289670813,258.29141836871,3.77106395906904
177.745088642709,19.848618159756,4.21221862799934
487.984553476179,337.397977353591,4.69061453048943
34.90803560525,58.5542613273144,3.65937141058548
194.317216720807,363.852918334826,4.12898682524877
535.834287466483,140.020467887605,4.83774677273204
NA,NA,NA
658.759152336849,333.183620228465,3.46777398266519
456.618701527638,300.707185278903,3.73461365272033
10.3192222442293,490.283759235894,3.82298150123022
561.209516851173,50.0314715973462,4.06303201067844
69.4179660638587,376.353239320326,4.00028899389839
229.928355901509,406.450806503767,3.85532266231069
430.793045456591,11.5461546173312,3.27897391571372
361.2668120772,290.511888379109,3.04919823935682
598.981155358062,109.075700604689,4.19342042065379
394.421280202713,233.707076014205,4.21658599246561
566.171390443185,407.698655086783,4.73788075664504
144.905119382901,288.278511424034,4.6607715312863
203.871335591744,372.349733334499,4.09809870230051
128.653423997661,417.12990298902,3.52609491247975
623.566053140849,312.520951307681,4.57425813512625
1.74602796010652,145.249538337153,4.2958093151618
540.374018087314,203.781899596221,3.95265441857289
34.7868882560751,493.736635301646,2.98734117135608
278.2978350297,23.3412805602527,3.97535745703041
535.013563824755,390.083758484309,3.31464627422648
75.9733818298591,73.9030389528796,5.32297796163937
6.33378190128252,75.2455883982718,3.45099772878164
589.829939798538,229.941055005802,3.94307910713026
439.107557482489,459.453141483136,4.75065308232449
660.285785953715,375.471575500328,3.08611384257572
104.378784806234,489.558012123625,4.29499435913519
626.406699201522,95.9403155769153,4.09100478019252
417.229028375197,258.439855375595,3.63367871807261
9.73622398790107,181.624867014154,3.06583213915783
53.4593822973745,108.621366200224,4.37805587107429
609.601694135397,195.964268351498,4.37181100719776
253.272472381164,221.662937142695,3.49210629993967
575.731738931615,432.574853566183,3.92641563570462
300.836006334986,134.749913834219,3.83439357326068
526.641607768286,454.155357407022,3.52965722852002
52.0647487100489,417.856669261072,3.77581636553873
201.621733150934,285.176552016061,3.91560035450928
564.314289670813,258.29141836871,3.77106395906904
177.745088642709,19.848618159756,4.21221862799934
487.984553476179,337.397977353591,4.69061453048943
34.90803560525,58.5542613273144,3.65937141058548
535.834287466483,140.020467887605,4.83774677273204
NA,NA,NA
660.824925021945,333.278206465714,3.45875599732616
454.250809665131,297.444752106222,3.70857241248028
9.83263587852004,494.156432022158,3.56365076601497
556.732070939371,49.2372038885621,4.25955332472812
65.8168678660879,377.952763590153,3.98007798679531
225.238808028188,413.729621924945,3.94612920198678
427.31365799141,12.2093601080819,3.43617974048448
363.857100591381,293.056892771326,3.08748824401904
601.44941235105,108.293211572473,4.11660826539078
395.126221186401,234.362202594097,4.26975305112525
574.112800172295,410.855678186004,4.76577966204125
140.081669347774,279.624384932151,4.53701328855773
195.046252646798,369.310513846151,4.17417272147875
124.844605679417,409.848613088162,3.38570593545675
630.585110111781,316.077054312408,4.70981768126933
9.36145757196979,152.53414329498,4.36588191106348
547.707371182194,205.676002534248,4.17961607266869
34.6633878924038,492.67803366997,3.01128174830515
282.279701262679,21.7836464208956,4.00237934776904
531.012303408978,391.163222076795,3.44789850846162
73.3381131824672,77.4105290334279,5.20716049181279
6.31337877519396,77.1697653369345,3.38169727399102
588.67419901621,225.425109082565,3.97484703808179
445.738962321261,454.481369014762,4.80231502153323
658.690161902584,372.99658961675,3.04741851915859
104.24593210312,487.513231973807,4.40370072129456
625.174330071493,87.9136848843576,4.09861577100018
418.36873464475,259.45198040369,3.68997929707882
10.7668345361773,182.384228603795,3.10540658074963
62.7336959602254,120.199832183254,4.31567598216583
613.862647165162,196.125692987885,4.17788451818207
259.708114751726,212.834510761504,3.85832152680147
575.358627698296,441.816553049396,3.92565366077015
299.749582573465,138.897844054141,3.873192680141
522.057454199715,454.448187230762,3.59942661040296
52.4722980244549,419.324290619421,3.95298484863282
192.074745537057,292.045096480852,4.36359895275034
551.47521795566,271.748493053551,3.80995362700631
161.321058383497,31.8190529407339,4.55276470731015
498.061017856523,322.847086797888,4.41920978320275
35.2174994190554,53.1915832444706,3.80363917242467
529.747716914519,130.024349867552,4.65232868709931
NA,NA,NA
660.824925021945,333.278206465714,3.45875599732616
454.250809665131,297.444752106222,3.70857241248028
9.83263587852004,494.156432022158,3.56365076601497
556.732070939371,49.2372038885621,4.25955332472812
65.8168678660879,377.952763590153,3.98007798679531
225.238808028188,413.729621924945,3.94612920198678
427.31365799141,12.2093601080819,3.43617974048448
363.857100591381,293.056892771326,3.08748824401904
601.44941235105,108.293211572473,4.11660826539078
395.126221186401,234.362202594097,4.26975305112525
574.112800172295,410.855678186004,4.76577966204125
140.081669347774,279.624384932151,4.53701328855773
195.046252646798,369.310513846151,4.17417272147875
124.844605679417,409.848613088162,3.38570593545675
630.585110111781,316.077054312408,4.70981768126933
9.36145757196979,152.53414329498,4.36588191106348
547.707371182194,205.676002534248,4.17961607266869
34.6633878924038,492.67803366997,3.01128174830515
282.279701262679,21.7836464208956,4.00237934776904
531.012303408978,391.163222076795,3.44789850846162
73.3381131824672,77.4105290334279,5.20716049181279
6.31337877519396,77.1697653369345,3.38169727399102
588.67419901621,225.425109082565,3.97484703808179
445.738962321261,454.481369014762,4.80231502153323
658.690161902584,372.99658961675,3.04741851915859
104.24593210312,487.513231973807,4.40370072129456
625.174330071493,87.9136848843576,4.09861577100018
418.36873464475,259.45198040369,3.68997929707882
10.7668345361773,182.384228603795,3.10540658074963
62.7336959602254,120.199832183254,4.31567598216583
613.862647165162,196.125692987885,4.17788451818207
259.708114751726,212.834510761504,3.85832152680147
575.358627698296,441.816553049396,3.92565366077015
299.749582573465,138.897844054141,3.873192680141
522.057454199715,454.448187230762,3.59942661040296
52.4722980244549,419.324290619421,3.95298484863282
192.074745537057,292.045096480852,4.36359895275034
551.47521795566,271.748493053551,3.80995362700631
161.321058383497,31.8190529407339,4.55276470731015
498.061017856523,322.847086797888,4.41920978320275
35.2174994190554,53.1915832444706,3.80363917242467
529.747716914519,130.024349867552,4.65232868709931
NA,NA,NA
660.824925021945,333.278206465714,3.45875599732616
454.250809665131,297.444752106222,3.70857241248028
9.83263587852004,494.156432022158,3.56365076601497
556.732070939371,49.2372038885621,4.25955332472812
65.8168678660879,377.952763590153,3.98007798679531
225.238808028188,413.729621924945,3.94612920198678
427.31365799141,12.2093601080819,3.43617974048448
363.857100591381,293.056892771326,3.08748824401904
601.44941235105,108.293211572473,4.11660826539078
395.126221186401,234.362202594097,4.26975305112525
574.112800172295,410.855678186004,4.76577966204125
140.081669347774,279.624384932151,4.53701328855773
195.046252646798,369.310513846151,4.17417272147875
124.844605679417,409.848613088162,3.38570593545675
630.585110111781,316.077054312408,4.70981768126933
9.36145757196979,152.53414329498,4.36588191106348
547.707371182194,205.676002534248,4.17961607266869
34.6633878924038,492.67803366997,3.01128174830515
282.279701262679,21.7836464208956,4.00237934776904
531.012303408978,391.163222076795,3.44789850846162
73.3381131824672,77.4105290334279,5.20716049181279
6.31337877519396,77.1697653369345,3.38169727399102
588.67419901621,225.425109082565,3.97484703808179
445.738962321261,454.481369014762,4.80231502153323
658.690161902584,372.99658961675,3.04741851915859
104.24593210312,487.513231973807,4.40370072129456
625.174330071493,87.9136848843576,4.09861577100018
418.36873464475,259.45198040369,3.68997929707882
10.7668345361773,182.384228603795,3.10540658074963
62.7336959602254,120.199832183254,4.31567598216583
613.862647165162,196.125692987885,4.17788451818207
259.708114751726,212.834510761504,3.85832152680147
575.358627698296,441.816553049396,3.92565366077015
299.749582573465,138.897844054141,3.873192680141
522.057454199715,454.448187230762,3.59942661040296
52.4722980244549,419.324290619421,3.95298484863282
192.074745537057,292.045096480852,4.36359895275034
551.47521795566,271.748493053551,3.80995362700631
161.321058383497,31.8190529407339,4.55276470731015
498.061017856523,322.847086797888,4.41920978320275
35.2174994190554,53.1915832444706,3.80363917242467
529.747716914519,130.024349867552,4.65232868709931
NA,NA,NA
660.824925021945,333.278206465714,3.45875599732616
454.250809665131,297.444752106222,3.70857241248028
9.83263587852004,494.156432022158,3.56365076601497
556.732070939371,49.2372038885621,4.25955332472812
65.8168678660879,377.952763590153,3.98007798679531
225.238808028188,413.729621924945,3.94612920198678
427.31365799141,12.2093601080819,3.43617974048448
363.857100591381,293.056892771326,3.08748824401904
601.44941235105,108.293211572473,4.11660826539078
395.126221186401,234.362202594097,4.26975305112525
574.112800172295,410.855678186004,4.76577966204125
140.081669347774,279.624384932151,4.53701328855773
195.046252646798,369.310513846151,4.17417272147875
124.844605679417,409.848613088162,3.38570593545675
630.585110111781,316.077054312408,4.70981768126933
9.36145757196979,152.53414329498,4.36588191106348
547.707371182194,205.676002534248,4.17961607266869
34.6633878924038,492.67803366997,3.01128174830515
282.279701262679,21.7836464208956,4.00237934776904
531.012303408978,391.163222076795,3.44789850846162
73.3381131824672,77.4105290334279,5.20716049181279
6.31337877519396,77.1697653369345,3.38169727399102
588.67419901621,225.425109082565,3.97484703808179
445.738962321261,454.481369014762,4.80231502153323
658.690161902584,372.99658961675,3.04741851915859
104.24593210312,487.513231973807,4.40370072129456
625.174330071493,87.9136848843576,4.09861577100018
418.36873464475,259.45198040369,3.68997929707882
10.7668345361773,182.384228603795,3.10540658074963
62.7336959602254,120.199832183254,4.31567598216583
613.862647165162,196.125692987885,4.17788451818207
259.708114751726,212.834510761504,3.85832152680147
575.358627698296,441.816553049396,3.92565366077015
299.749582573465,138.897844054141,3.873192680141
522.057454199715,454.448187230762,3.59942661040296
52.4722980244549,419.324290619421,3.95298484863282
192.074745537057,292.045096480852,4.36359895275034
551.47521795566,271.748493053551,3.80995362700631
161.321058383497,31.8190529407339,4.55276470731015
498.061017856523,322.847086797888,4.41920978320275
35.2174994190554,53.1915832444706,3.80363917242467
529.747716914519,130.024349867552,4.65232868709931
NA,NA,NA
660.824925021945,333.278206465714,3.45875599732616
454.250809665131,297.444752106222,3.70857241248028
9.83263587852004,494.156432022158,3.56365076601497
556.732070939371,49.2372038885621,4.25955332472812
65.8168678660879,377.952763590153,3.98007798679531
225.238808028188,413.729621924945,3.94612920198678
427.31365799141,12.2093601080819,3.43617974048448
363.857100591381,293.056892771326,3.08748824401904
601.44941235105,108.293211572473,4.11660826539078
395.126221186401,234.362202594097,4.26975305112525
574.112800172295,410.855678186004,4.76577966204125
140.081669347774,279.624384932151,4.53701328855773
195.046252646798,369.310513846151,4.17417272147875
124.844605679417,409.848613088162,3.38570593545675
630.585110111781,316.077054312408,4.70981768126933
9.36145757196979,152.53414329498,4.36588191106348
547.707371182194,205.676002534248,4.17961607266869
34.6633878924038,492.67803366997,3.01128174830515
282.279701262679,21.7836464208956,4.00237934776904
531.012303408978,391.163222076795,3.44789850846162
73.3381131824672,77.4105290334279,5.20716049181279
6.31337877519396,77.1697653369345,3.38169727399102
588.67419901621,225.425109082565,3.97484703808179
445.738962321261,454.481369014762,4.80231502153323
658.690161902584,372.99658961675,3.04741851915859
104.24593210312,487.513231973807,4.40370072129456
625.174330071493,87.9136848843576,4.09861577100018
418.36873464475,259.45198040369,3.68997929707882
10.7668345361773,182.384228603795,3.10540658074963
62.7336959602254,120.199832183254,4.31567598216583
613.862647165162,196.125692987885,4.17788451818207
259.708114751726,212.834510761504,3.85832152680147
575.358627698296,441.816553049396,3.92565366077015
299.749582573465,138.897844054141,3.873192680141
522.057454199715,454.448187230762,3.59942661040296
52.4722980244549,419.324290619421,3.95298484863282
192.074745537057,292.045096480852,4.36359895275034
551.47521795566,271.748493053551,3.80995362700631
161.321058383497,31.8190529407339,4.55276470731015
498.061017856523,322.847086797888,4.41920978320275
35.2174994190554,53.1915832444706,3.80363917242467
529.747716914519,130.024349867552,4.65232868709931
NA,NA,NA
660.824925021945,333.278206465714,3.45875599732616
454.250809665131,297.444752106222,3.70857241248028
9.83263587852004,494.156432022158,3.56365076601497
556.732070939371,49.2372038885621,4.25955332472812
65.8168678660879,377.952763590153,3.98007798679531
225.238808028188,413.729621924945,3.94612920198678
427.31365799141,12.2093601080819,3.43617974048448
363.857100591381,293.056892771326,3.08748824401904
601.44941235105,108.293211572473,4.11660826539078
395.126221186401,234.362202594097,4.26975305112525
574.112800172295,410.855678186004,4.76577966204125
140.081669347774,279.624384932151,4.53701328855773
195.046252646798,369.310513846151,4.17417272147875
124.844605679417,409.848613088162,3.38570593545675
630.585110111781,316.077054312408,4.70981768126933
9.36145757196979,152.53414329498,4.36588191106348
547.707371182194,205.676002534248,4.17961607266869
34.6633878924038,492.67803366997,3.01128174830515
282.279701262679,21.7836464208956,4.00237934776904
531.012303408978,391.163222076795,3.44789850846162
73.3381131824672,77.4105290334279,5.20716049181279
6.31337877519396,77.1697653369345,3.38169727399102
588.67419901621,225.425109082565,3.97484703808179
445.738962321261,454.481369014762,4.80231502153323
658.690161902584,372.99658961675,3.04741851915859
104.24593210312,487.513231973807,4.40370072129456
625.174330071493,87.9136848843576,4.09861577100018
418.36873464475,259.45198040369,3.68997929707882
10.7668345361773,182.384228603795,3.10540658074963
62.7336959602254,120.199832183254,4.31567598216583
613.862647165162,196.125692987885,4.17788451818207
259.708114751726,212.834510761504,3.85832152680147
575.358627698296,441.816553049396,3.92565366077015
299.749582573465,138.897844054141,3.873192680141
522.057454199715,454.448187230762,3.59942661040296
52.4722980244549,419.324290619421,3.95298484863282
192.074745537057,292.045096480852,4.36359895275034
551.47521795566,271.748493053551,3.80995362700631
161.321058383497,31.8190529407339,4.55276470731015
498.061017856523,322.847086797888,4.41920978320275
35.2174994190554,53.1915832444706,3.80363917242467
529.747716914519,130.024349867552,4.65232868709931
NA,NA,NA
665.011650227036,332.595978904835,3.44893228420149
455.773370310848,296.446763658142,3.65068313022309
10.5295369797372,496.663418841509,3.71209439696091
560.885198093617,53.718392552255,4.19473156760224
70.5022416986675,369.337557812806,3.84840620510532
226.778719669505,415.109060444689,3.83933592137307
428.284989249878,12.0302676961145,3.36489357982772
364.282628418083,292.505341576996,3.13663691441906
599.354159515385,107.058647192105,4.17283389923117
392.876435859706,229.653633093596,4.26197301442224
568.476261844967,407.47884267785,4.69086443674511
146.795379895988,290.613303050929,4.56042989023391
200.71771334243,373.403117402572,4.11132769729341
120.167115907719,412.199223702436,3.40394458191616
630.267015179271,306.577801833646,4.56470492782902
3.74377192197769,149.630590722046,4.34568637162376
544.089896946581,206.574051620229,4.13270421547209
33.8713411320709,490.738139359805,3.05787473060711
279.793944993244,22.0311024856139,3.93764300475409
532.389178471165,392.685545083511,3.3181890462478
76.5857354059086,74.0662095795914,5.27983881005641
4.70721919936964,74.2353664996907,3.6865353024773
588.662519530467,226.451024360318,4.11155251689975
445.151396153429,459.32069571761,4.72410563448309
658.776426589149,374.635467565777,2.80405885868574
107.765685669938,485.683982381034,4.3899209550302
624.719609534185,89.158589584636,4.08127824812621
418.749600050443,255.595192927104,3.65742839873629
9.63427945362311,182.771876495132,3.19431953619676
72.3379722975447,120.695184713654,4.50040230129168
610.939535773389,209.348542777028,4.29360559838332
252.904712457786,223.562841181821,3.78625064404655
576.96407201259,430.545075098222,3.94785097045608
304.792517630359,139.219719321713,3.85917876374909
525.969378695593,459.413969908996,3.6557398609028
42.1979962389399,418.492075684695,4.08915014008938
198.434846283267,290.76642216302,4.23567117667063
545.094250594435,260.930348315044,3.784712598582
183.878005341816,25.6345563999401,4.36209426205352
496.835930429305,345.132314573867,4.42376751937026
42.1929951884456,58.6579535052428,3.85289738359877
527.776825584835,127.605362201928,4.68664429915661
NA,NA,NA
665.011650227036,332.595978904835,3.44893228420149
455.773370310848,296.446763658142,3.65068313022309
10.5295369797372,496.663418841509,3.71209439696091
560.885198093617,53.718392552255,4.19473156760224
70.5022416986675,369.337557812806,3.84840620510532
226.778719669505,415.109060444689,3.83933592137307
428.284989249878,12.0302676961145,3.36489357982772
364.282628418083,292.505341576996,3.13663691441906
599.354159515385,107.058647192105,4.17283389923117
392.876435859706,229.653633093596,4.26197301442224
568.476261844967,407.47884267785,4.69086443674511
146.795379895988,290.613303050929,4.56042989023391
200.71771334243,373.403117402572,4.11132769729341
120.167115907719,412.199223702436,3.40394458191616
630.267015179271,306.577801833646,4.56470492782902
3.74377192197769,149.630590722046,4.34568637162376
544.089896946581,206.574051620229,4.13270421547209
33.8713411320709,490.738139359805,3.05787473060711
279.793944993244,22.0311024856139,3.93764300475409
532.389178471165,392.685545083511,3.3181890462478
76.5857354059086,74.0662095795914,5.27983881005641
4.70721919936964,74.2353664996907,3.6865353024773
588.662519530467,226.451024360318,4.11155251689975
445.151396153429,459.32069571761,4.72410563448309
658.776426589149,374.635467565777,2.80405885868574
107.765685669938,485.683982381034,4.3899209550302
624.719609534185,89.158589584636,4.08127824812621
418.749600050443,255.595192927104,3.65742839873629
9.63427945362311,182.771876495132,3.19431953619676
72.3379722975447,120.695184713654,4.50040230129168
610.939535773389,209.348542777028,4.29360559838332
252.904712457786,223.562841181821,3.78625064404655
576.96407201259,430.545075098222,3.94785097045608
304.792517630359,139.219719321713,3.85917876374909
525.969378695593,459.413969908996,3.6557398609028
42.1979962389399,418.492075684695,4.08915014008938
198.434846283267,290.76642216302,4.23567117667063
545.094250594435,260.930348315044,3.784712598582
183.878005341816,25.6345563999401,4.36209426205352
496.835930429305,345.132314573867,4.42376751937026
42.1929951884456,58.6579535052428,3.85289738359877
527.776825584835,127.605362201928,4.68664429915661
NA,NA,NA
665.011650227036,332.595978904835,3.44893228420149
455.773370310848,296.446763658142,3.65068313022309
10.5295369797372,496.663418841509,3.71209439696091
560.885198093617,53.718392552255,4.19473156760224
70.5022416986675,369.337557812806,3.84840620510532
226.778719669505,415.109060444689,3.83933592137307
428.284989249878,12.0302676961145,3.36489357982772
364.282628418083,292.505341576996,3.13663691441906
599.354159515385,107.058647192105,4.17283389923117
392.876435859706,229.653633093596,4.26197301442224
568.476261844967,407.47884267785,4.69086443674511
146.795379895988,290.613303050929,4.56042989023391
200.71771334243,373.403117402572,4.11132769729341
120.167115907719,412.199223702436,3.40394458191616
630.267015179271,306.577801833646,4.56470492782902
3.74377192197769,149.630590722046,4.34568637162376
544.089896946581,206.574051620229,4.13270421547209
33.8713411320709,490.738139359805,3.05787473060711
279.793944993244,22.0311024856139,3.93764300475409
532.389178471165,392.685545083511,3.3181890462478
76.5857354059086,74.0662095795914,5.27983881005641
4.70721919936964,74.2353664996907,3.6865353024773
588.662519530467,226.451024360318,4.11155251689975
445.151396153429,459.32069571761,4.72410563448309
658.776426589149,374.635467565777,2.80405885868574
107.765685669938,485.683982381034,4.3899209550302
624.719609534185,89.158589584636,4.08127824812621
418.749600050443,255.595192927104,3.65742839873629
9.63427945362311,182.771876495132,3.19431953619676
72.3379722975447,120.695184713654,4.50040230129168
610.939535773389,209.348542777028,4.29360559838332
252.904712457786,223.562841181821,3.78625064404655
576.96407201259,430.545075098222,3.94785097045608
304.792517630359,139.219719321713,3.85917876374909
525.969378695593,459.413969908996,3.6557398609028
42.1979962389399,418.492075684695,4.08915014008938
198.434846283267,290.76642216302,4.23567117667063
545.094250594435,260.930348315044,3.784712598582
183.878005341816,25.6345563999401,4.36209426205352
496.835930429305,345.132314573867,4.42376751937026
42.1929951884456,58.6579535052428,3.85289738359877
527.776825584835,127.605362201928,4.68664429915661
NA,NA,NA
665.011650227036,332.595978904835,3.44893228420149
455.773370310848,296.446763658142,3.65068313022309
10.5295369797372,496.663418841509,3.71209439696091
560.885198093617,53.718392552255,4.19473156760224
70.5022416986675,369.337557812806,3.84840620510532
226.778719669505,415.109060444689,3.83933592137307
428.284989249878,12.0302676961145,3.36489357982772
364.282628418083,292.505341576996,3.13663691441906
599.354159515385,107.058647192105,4.17283389923117
392.876435859706,229.653633093596,4.26197301442224
568.476261844967,407.47884267785,4.69086443674511
146.795379895988,290.613303050929,4.56042989023391
200.71771334243,373.403117402572,4.11132769729341
120.167115907719,412.199223702436,3.40394458191616
630.267015179271,306.577801833646,4.56470492782902
3.74377192197769,149.630590722046,4.34568637162376
544.089896946581,206.574051620229,4.13270421547209
33.8713411320709,490.738139359805,3.05787473060711
279.793944993244,22.0311024856139,3.93764300475409
532.389178471165,392.685545083511,3.3181890462478
76.5857354059086,74.0662095795914,5.27983881005641
4.70721919936964,74.2353664996907,3.6865353024773
588.662519530467,226.451024360318,4.11155251689975
445.151396153429,459.32069571761,4.72410563448309
658.776426589149,374.635467565777,2.80405885868574
107.765685669938,485.683982381034,4.3899209550302
624.719609534185,89.158589584636,4.08127824812621
418.749600050443,255.595192927104,3.65742839873629
9.63427945362311,182.771876495132,3.19431953619676
72.3379722975447,120.695184713654,4.50040230129168
610.939535773389,209.348542777028,4.29360559838332
252.904712457786,223.562841181821,3.78625064404655
576.96407201259,430.545075098222,3.94785097045608
304.792517630359,139.219719321713,3.85917876374909
525.969378695593,459.413969908996,3.6557398609028
42.1979962389399,418.492075684695,4.08915014008938
198.434846283267,290.76642216302,4.23567117667063
545.094250594435,260.930348315044,3.784712598582
183.878005341816,25.6345563999401,4.36209426205352
496.835930429305,345.132314573867,4.42376751937026
42.1929951884456,58.6579535052428,3.85289738359877
527.776825584835,127.605362201928,4.68664429915661
NA,NA,NA
665.011650227036,332.595978904835,3.44893228420149
455.773370310848,296.446763658142,3.65068313022309
10.5295369797372,496.663418841509,3.71209439696091
560.885198093617,53.718392552255,4.19473156760224
70.5022416986675,369.337557812806,3.84840620510532
226.778719669505,415.109060444689,3.83933592137307
428.284989249878,12.0302676961145,3.36489357982772
364.282628418083,292.505341576996,3.13663691441906
599.354159515385,107.058647192105,4.17283389923117
392.876435859706,229.653633093596,4.26197301442224
568.476261844967,407.47884267785,4.69086443674511
146.795379895988,290.613303050929,4.56042989023391
200.71771334243,373.403117402572,4.11132769729341
120.167115907719,412.199223702436,3.40394458191616
630.267015179271,306.577801833646,4.56470492782902
3.74377192197769,149.630590722046,4.34568637162376
544.089896946581,206.574051620229,4.13270421547209
33.8713411320709,490.738139359805,3.05787473060711
279.793944993244,22.0311024856139,3.93764300475409
532.389178471165,392.685545083511,3.3181890462478
76.5857354059086,74.0662095795914,5.27983881005641
4.70721919936964,74.2353664996907,3.6865353024773
588.662519530467,226.451024360318,4.11155251689975
445.151396153429,459.32069571761,4.72410563448309
658.776426589149,374.635467565777,2.80405885868574
107.765685669938,485.683982381034,4.3899209550302
624.719609534185,89.158589584636,4.08127824812621
418.749600050443,255.595192927104,3.65742839873629
9.63427945362311,182.771876495132,3.19431953619676
72.3379722975447,120.695184713654,4.50040230129168
610.939535773389,209.348542777028,4.29360559838332
252.904712457786,223.562841181821,3.78625064404655
576.96407201259,430.545075098222,3.94785097045608
304.792517630359,139.219719321713,3.85917876374909
525.969378695593,459.413969908996,3.6557398609028
42.1979962389399,418.492075684695,4.08915014008938
198.434846283267,290.76642216302,4.23567117667063
545.094250594435,260.930348315044,3.784712598582
183.878005341816,25.6345563999401,4.36209426205352
496.835930429305,345.132314573867,4.42376751937026
42.1929951884456,58.6579535052428,3.85289738359877
527.776825584835,127.605362201928,4.68664429915661
NA,NA,NA
665.011650227036,332.595978904835,3.44893228420149
455.773370310848,296.446763658142,3.65068313022309
10.5295369797372,496.663418841509,3.71209439696091
560.885198093617,53.718392552255,4.19473156760224
70.5022416986675,369.337557812806,3.84840620510532
226.778719669505,415.109060444689,3.83933592137307
428.284989249878,12.0302676961145,3.36489357982772
364.282628418083,292.505341576996,3.13663691441906
599.354159515385,107.058647192105,4.17283389923117
392.876435859706,229.653633093596,4.26197301442224
568.476261844967,407.47884267785,4.69086443674511
146.795379895988,290.613303050929,4.56042989023391
200.71771334243,373.403117402572,4.11132769729341
120.167115907719,412.199223702436,3.40394458191616
630.267015179271,306.577801833646,4.56470492782902
3.74377192197769,149.630590722046,4.34568637162376
544.089896946581,206.574051620229,4.13270421547209
33.8713411320709,490.738139359805,3.05787473060711
279.793944993244,22.0311024856139,3.93764300475409
532.389178471165,392.685545083511,3.3181890462478
76.5857354059086,74.0662095795914,5.27983881005641
4.70721919936964,74.2353664996907,3.6865353024773
588.662519530467,226.451024360318,4.11155251689975
445.151396153429,459.32069571761,4.72410563448309
658.776426589149,374.635467565777,2.80405885868574
107.765685669938,485.683982381034,4.3899209550302
624.719609534185,89.158589584636,4.08127824812621
418.749600050443,255.595192927104,3.65742839873629
9.63427945362311,182.771876495132,3.19431953619676
72.3379722975447,120.695184713654,4.50040230129168
610.939535773389,209.348542777028,4.29360559838332
252.904712457786,223.562841181821,3.78625064404655
576.96407201259,430.545075098222,3.94785097045608
304.792517630359,139.219719321713,3.85917876374909
525.969378695593,459.413969908996,3.6557398609028
42.1979962389399,418.492075684695,4.08915014008938
198.434846283267,290.76642216302,4.23567117667063
545.094250594435,260.930348315044,3.784712598582
183.878005341816,25.6345563999401,4.36209426205352
496.835930429305,345.132314573867,4.42376751937026
42.1929951884456,58.6579535052428,3.85289738359877
527.776825584835,127.605362201928,4.68664429915661
NA,NA,NA
664.674755862138,337.794308890665,3.48907542931142
456.738174000005,296.317620610385,3.81230353426715
11.1067548797484,494.014965349105,3.66536563970052
560.819251544395,51.4837042701409,4.17047966277491
76.4745821417796,375.361120975594,3.97463033491752
227.011219262372,410.716719447853,3.91814287657411
427.857330352837,11.9038914894628,3.31431094594692
359.221478979476,288.285494247888,3.07785229918203
603.966041968302,102.958042530587,4.23286095950981
390.430502100435,227.365128208847,4.22923303166937
572.249296656994,412.898538223406,4.77798999892025
137.05784470606,284.784973011695,4.6216997839851
199.275497098449,366.198077598917,3.99468076294036
128.027395813195,413.537331507105,3.45393062453612
624.87048258385,311.842970375454,4.61051237251008
-1.66649434527977,150.055527775666,4.24846715018737
541.708080125901,199.215356164023,4.15880645486601
33.3365815263702,493.758486522261,2.92614376912526
278.417795095295,23.1482156846642,3.84155724021797
534.852905019148,390.621513173482,3.42212315905629
64.2884887249978,79.744032209642,5.27303860935102
3.5256947884877,80.7219664571352,3.52993234539391
586.224452091934,227.015512020086,4.11390875886159
439.794563268864,460.617440079609,4.75895977321124
658.993319457586,373.084104298741,3.08816730669694
113.858908925351,484.229288972774,4.34503258398877
624.743801700354,88.0214411146757,4.0692749526816
418.104794715611,255.435230510464,3.63290199523873
11.8258011313827,181.960947052293,3.27797598601457
56.2877841690663,114.599364755866,4.70347757967205
614.753863324155,200.510124543808,4.3074842067818
249.966179015115,220.79214959438,3.59522087837758
565.393131648678,429.865652858496,3.89288522167307
304.156178841454,141.644332263511,3.98304000755985
531.288407324297,459.174736427244,3.44126679536949
51.9371456241461,434.074555855223,3.78919239401758
200.126163688839,287.598174497351,4.44387793466
537.75762924645,261.825206675706,3.85893151022275
162.509318990176,26.3416251750284,4.12527360143955
506.28007645097,343.760011398341,4.4574152037468
30.2969767215748,55.5571310391462,3.3653043502986
524.119270135902,152.409725189502,4.94503399956296
NA,NA,NA
664.674755862138,337.794308890665,3.48907542931142
456.738174000005,296.317620610385,3.81230353426715
11.1067548797484,494.014965349105,3.66536563970052
560.819251544395,51.4837042701409,4.17047966277491
76.4745821417796,375.361120975594,3.97463033491752
227.011219262372,410.716719447853,3.91814287657411
427.857330352837,11.9038914894628,3.31431094594692
359.221478979476,288.285494247888,3.07785229918203
603.966041968302,102.958042530587,4.23286095950981
390.430502100435,227.365128208847,4.22923303166937
572.249296656994,412.898538223406,4.77798999892025
137.05784470606,284.784973011695,4.6216997839851
199.275497098449,366.198077598917,3.99468076294036
128.027395813195,413.537331507105,3.45393062453612
624.87048258385,311.842970375454,4.61051237251008
-1.66649434527977,150.055527775666,4.24846715018737
541.708080125901,199.215356164023,4.15880645486601
33.3365815263702,493.758486522261,2.92614376912526
278.417795095295,23.1482156846642,3.84155724021797
534.852905019148,390.621513173482,3.42212315905629
64.2884887249978,79.744032209642,5.27303860935102
3.5256947884877,80.7219664571352,3.52993234539391
586.224452091934,227.015512020086,4.11390875886159
439.794563268864,460.617440079609,4.75895977321124
658.993319457586,373.084104298741,3.08816730669694
113.858908925351,484.229288972774,4.34503258398877
624.743801700354,88.0214411146757,4.0692749526816
418.104794715611,255.435230510464,3.63290199523873
11.8258011313827,181.960947052293,3.27797598601457
56.2877841690663,114.599364755866,4.70347757967205
614.753863324155,200.510124543808,4.3074842067818
249.966179015115,220.79214959438,3.59522087837758
565.393131648678,429.865652858496,3.89288522167307
304.156178841454,141.644332263511,3.98304000755985
531.288407324297,459.174736427244,3.44126679536949
51.9371456241461,434.074555855223,3.78919239401758
200.126163688839,287.598174497351,4.44387793466
537.75762924645,261.825206675706,3.85893151022275
162.509318990176,26.3416251750284,4.12527360143955
506.28007645097,343.760011398341,4.4574152037468
30.2969767215748,55.5571310391462,3.3653043502986
524.119270135902,152.409725189502,4.94503399956296
NA,NA,NA
664.674755862138,337.794308890665,3.48907542931142
456.738174000005,296.317620610385,3.81230353426715
11.1067548797484,494.014965349105,3.66536563970052
560.819251544395,51.4837042701409,4.17047966277491
76.4745821417796,375.361120975594,3.97463033491752
227.011219262372,410.716719447853,3.91814287657411
427.857330352837,11.9038914894628,3.31431094594692
359.221478979476,288.285494247888,3.07785229918203
603.966041968302,102.958042530587,4.23286095950981
390.430502100435,227.365128208847,4.22923303166937
572.249296656994,412.898538223406,4.77798999892025
137.05784470606,284.784973011695,4.6216997839851
199.275497098449,366.198077598917,3.99468076294036
128.027395813195,413.537331507105,3.45393062453612
624.87048258385,311.842970375454,4.61051237251008
-1.66649434527977,150.055527775666,4.24846715018737
541.708080125901,199.215356164023,4.15880645486601
33.3365815263702,493.758486522261,2.92614376912526
278.417795095295,23.1482156846642,3.84155724021797
534.852905019148,390.621513173482,3.42212315905629
64.2884887249978,79.744032209642,5.27303860935102
3.5256947884877,80.7219664571352,3.52993234539391
586.224452091934,227.015512020086,4.11390875886159
439.794563268864,460.617440079609,4.75895977321124
658.993319457586,373.084104298741,3.08816730669694
113.858908925351,484.229288972774,4.34503258398877
624.743801700354,88.0214411146757,4.0692749526816
418.104794715611,255.435230510464,3.63290199523873
11.8258011313827,181.960947052293,3.27797598601457
56.2877841690663,114.599364755866,4.70347757967205
614.753863324155,200.510124543808,4.3074842067818
249.966179015115,220.79214959438,3.59522087837758
565.393131648678,429.865652858496,3.89288522167307
304.156178841454,141.644332263511,3.98304000755985
531.288407324297,459.174736427244,3.44126679536949
51.9371456241461,434.074555855223,3.78919239401758
200.126163688839,287.598174497351,4.44387793466
537.75762924645,261.825206675706,3.85893151022275
162.509318990176,26.3416251750284,4.12527360143955
506.28007645097,343.760011398341,4.4574152037468
30.2969767215748,55.5571310391462,3.3653043502986
524.119270135902,152.409725189502,4.94503399956296
NA,NA,NA
664.674755862138,337.794308890665,3.48907542931142
456.738174000005,296.317620610385,3.81230353426715
11.1067548797484,494.014965349105,3.66536563970052
560.819251544395,51.4837042701409,4.17047966277491
76.4745821417796,375.361120975594,3.97463033491752
227.011219262372,410.716719447853,3.91814287657411
427.857330352837,11.9038914894628,3.31431094594692
359.221478979476,288.285494247888,3.07785229918203
603.966041968302,102.958042530587,4.23286095950981
390.430502100435,227.365128208847,4.22923303166937
572.249296656994,412.898538223406,4.77798999892025
137.05784470606,284.784973011695,4.6216997839851
199.275497098449,366.198077598917,3.99468076294036
128.027395813195,413.537331507105,3.45393062453612
624.87048258385,311.842970375454,4.61051237251008
-1.66649434527977,150.055527775666,4.24846715018737
541.708080125901,199.215356164023,4.15880645486601
33.3365815263702,493.758486522261,2.92614376912526
278.417795095295,23.1482156846642,3.84155724021797
534.852905019148,390.621513173482,3.42212315905629
64.2884887249978,79.744032209642,5.27303860935102
3.5256947884877,80.7219664571352,3.52993234539391
586.224452091934,227.015512020086,4.11390875886159
439.794563268864,460.617440079609,4.75895977321124
658.993319457586,373.084104298741,3.08816730669694
113.858908925351,484.229288972774,4.34503258398877
624.743801700354,88.0214411146757,4.0692749526816
418.104794715611,255.435230510464,3.63290199523873
11.8258011313827,181.960947052293,3.27797598601457
56.2877841690663,114.599364755866,4.70347757967205
614.753863324155,200.510124543808,4.3074842067818
249.966179015115,220.79214959438,3.59522087837758
565.393131648678,429.865652858496,3.89288522167307
304.156178841454,141.644332263511,3.98304000755985
531.288407324297,459.174736427244,3.44126679536949
51.9371456241461,434.074555855223,3.78919239401758
200.126163688839,287.598174497351,4.44387793466
537.75762924645,261.825206675706,3.85893151022275
162.509318990176,26.3416251750284,4.12527360143955
506.28007645097,343.760011398341,4.4574152037468
30.2969767215748,55.5571310391462,3.3653043502986
524.119270135902,152.409725189502,4.94503399956296
NA,NA,NA
664.674755862138,337.794308890665,3.48907542931142
456.738174000005,296.317620610385,3.81230353426715
11.1067548797484,494.014965349105,3.66536563970052
560.819251544395,51.4837042701409,4.17047966277491
76.4745821417796,375.361120975594,3.97463033491752
227.011219262372,410.716719447853,3.91814287657411
427.857330352837,11.9038914894628,3.31431094594692
359.221478979476,288.285494247888,3.07785229918203
603.966041968302,102.958042530587,4.23286095950981
390.430502100435,227.365128208847,4.22923303166937
572.249296656994,412.898538223406,4.77798999892025
137.05784470606,284.784973011695,4.6216997839851
199.275497098449,366.198077598917,3.99468076294036
128.027395813195,413.537331507105,3.45393062453612
624.87048258385,311.842970375454,4.61051237251008
-1.66649434527977,150.055527775666,4.24846715018737
541.708080125901,199.215356164023,4.15880645486601
33.3365815263702,493.758486522261,2.92614376912526
278.417795095295,23.1482156846642,3.84155724021797
534.852905019148,390.621513173482,3.42212315905629
64.2884887249978,79.744032209642,5.27303860935102
3.5256947884877,80.7219664571352,3.52993234539391
586.224452091934,227.015512020086,4.11390875886159
439.794563268864,460.617440079609,4.75895977321124
658.993319457586,373.084104298741,3.08816730669694
113.858908925351,484.229288972774,4.34503258398877
624.743801700354,88.0214411146757,4.0692749526816
418.104794715611,255.435230510464,3.63290199523873
11.8258011313827,181.960947052293,3.27797598601457
56.2877841690663,114.599364755866,4.70347757967205
614.753863324155,200.510124543808,4.3074842067818
249.966179015115,220.79214959438,3.59522087837758
565.393131648678,429.865652858496,3.89288522167307
304.156178841454,141.644332263511,3.98304000755985
531.288407324297,459.174736427244,3.44126679536949
51.9371456241461,434.074555855223,3.78919239401758
200.126163688839,287.598174497351,4.44387793466
537.75762924645,261.825206675706,3.85893151022275
162.509318990176,26.3416251750284,4.12527360143955
506.28007645097,343.760011398341,4.4574152037468
30.2969767215748,55.5571310391462,3.3653043502986
524.119270135902,152.409725189502,4.94503399956296
NA,NA,NA
664.674755862138,337.794308890665,3.48907542931142
456.738174000005,296.317620610385,3.81230353426715
11.1067548797484,494.014965349105,3.66536563970052
560.819251544395,51.4837042701409,4.17047966277491
76.4745821417796,375.361120975594,3.97463033491752
227.011219262372,410.716719447853,3.91814287657411
427.857330352837,11.9038914894628,3.31431094594692
359.221478979476,288.285494247888,3.07785229918203
603.966041968302,102.958042530587,4.23286095950981
390.430502100435,227.365128208847,4.22923303166937
572.249296656994,412.898538223406,4.77798999892025
137.05784470606,284.784973011695,4.6216997839851
199.275497098449,366.198077598917,3.99468076294036
128.027395813195,413.537331507105,3.45393062453612
624.87048258385,311.842970375454,4.61051237251008
-1.66649434527977,150.055527775666,4.24846715018737
541.708080125901,199.215356164023,4.15880645486601
33.3365815263702,493.758486522261,2.92614376912526
278.417795095295,23.1482156846642,3.84155724021797
534.852905019148,390.621513173482,3.42212315905629
64.2884887249978,79.744032209642,5.27303860935102
3.5256947884877,80.7219664571352,3.52993234539391
586.224452091934,227.015512020086,4.11390875886159
439.794563268864,460.617440079609,4.75895977321124
658.993319457586,373.084104298741,3.08816730669694
113.858908925351,484.229288972774,4.34503258398877
624.743801700354,88.0214411146757,4.0692749526816
418.104794715611,255.435230510464,3.63290199523873
11.8258011313827,181.960947052293,3.27797598601457
56.2877841690663,114.599364755866,4.70347757967205
614.753863324155,200.510124543808,4.3074842067818
249.966179015115,220.79214959438,3.59522087837758
565.393131648678,429.865652858496,3.89288522167307
304.156178841454,141.644332263511,3.98304000755985
531.288407324297,459.174736427244,3.44126679536949
51.9371456241461,434.074555855223,3.78919239401758
200.126163688839,287.598174497351,4.44387793466
537.75762924645,261.825206675706,3.85893151022275
162.509318990176,26.3416251750284,4.12527360143955
506.28007645097,343.760011398341,4.4574152037468
30.2969767215748,55.5571310391462,3.3653043502986
524.119270135902,152.409725189502,4.94503399956296
NA,NA,NA
661.428029028628,336.987601504783,3.29072286667823
456.60606488785,300.95196551254,3.7420123316227
6.75731399750062,491.397940361015,3.69059414912287
561.510627956783,56.6831121572902,4.19547968156396
72.4631448753554,377.524768834817,3.96805523120766
229.350107454255,413.728495459069,3.83152404913292
425.692912457112,11.6887347251383,3.21509662397147
361.077792983924,294.271924075287,3.15464938899205
600.028272546001,103.3531027129,4.15047667935031
396.120376548344,228.767176702846,4.23367904036054
569.122039837621,409.951162313676,4.68871252107718
142.922296807279,273.979795253824,4.52488433634005
195.500839943516,370.135039948559,4.05927860763965
126.663725920342,413.20372277003,3.4410340699251
622.253116100241,317.287610403162,4.51586468762277
8.62175022712158,142.482614952575,4.2675510778704
538.75276953522,210.447324630757,4.15452485816021
32.781576916837,492.712685126993,3.03784987298245
280.402843885998,18.2428227406218,3.7912537808374
533.168854571906,392.923054605649,3.38898520200122
73.7167319110773,77.4096988652993,5.14686450630558
5.40511024048473,74.9286974494581,3.36216813280602
589.966377351759,227.239945915241,4.00978587548766
440.24134155071,458.272406389053,4.64437542787145
659.205945818629,373.62888034547,3.23985895831708
98.9458399298943,490.621103181024,4.33866512398273
625.12699094138,88.4780753214451,4.12374670924824
419.521866466141,258.869233480766,3.73808313379556
12.938685171087,183.000423941619,3.16654926332743
79.7074056768095,121.256195730899,4.29111523035018
612.28145498556,211.812308518626,4.10505015183441
262.129188993986,229.852412455721,3.85222551857454
574.922670322497,434.944612941969,3.76183313683223
298.643275749558,138.718312273431,3.74223596083566
530.293731880193,451.067305765344,3.90776293505327
43.2844899430938,420.320865976221,3.99459373227433
191.643921496864,290.137058348558,4.17250396871875
558.489248912857,258.537658619977,3.9354820273288
178.250537953554,21.2018229277292,4.20808884764793
507.933122433835,342.247590905062,4.16165318006294
26.1819559246379,58.253974600239,3.65939806447656
529.793904426788,141.584730707629,4.73736784286799
NA,NA,NA
661.428029028628,336.987601504783,3.29072286667823
456.60606488785,300.95196551254,3.7420123316227
6.75731399750062,491.397940361015,3.69059414912287
561.510627956783,56.6831121572902,4.19547968156396
72.4631448753554,377.524768834817,3.96805523120766
229.350107454255,413.728495459069,3.83152404913292
425.692912457112,11.6887347251383,3.21509662397147
361.077792983924,294.271924075287,3.15464938899205
600.028272546001,103.3531027129,4.15047667935031
396.120376548344,228.767176702846,4.23367904036054
569.122039837621,409.951162313676,4.68871252107718
142.922296807279,273.979795253824,4.52488433634005
195.500839943516,370.135039948559,4.05927860763965
126.663725920342,413.20372277003,3.4410340699251
622.253116100241,317.287610403162,4.51586468762277
8.62175022712158,142.482614952575,4.2675510778704
538.75276953522,210.447324630757,4.15452485816021
32.781576916837,492.712685126993,3.03784987298245
280.402843885998,18.2428227406218,3.7912537808374
533.168854571906,392.923054605649,3.38898520200122
73.7167319110773,77.4096988652993,5.14686450630558
5.40511024048473,74.9286974494581,3.36216813280602
589.966377351759,227.239945915241,4.00978587548766
440.24134155071,458.272406389053,4.64437542787145
659.205945818629,373.62888034547,3.23985895831708
98.9458399298943,490.621103181024,4.33866512398273
625.12699094138,88.4780753214451,4.12374670924824
419.521866466141,258.869233480766,3.73808313379556
12.938685171087,183.000423941619,3.16654926332743
79.7074056768095,121.256195730899,4.29111523035018
612.28145498556,211.812308518626,4.10505015183441
262.129188993986,229.852412455721,3.85222551857454
574.922670322497,434.944612941969,3.76183313683223
298.643275749558,138.718312273431,3.74223596083566
530.293731880193,451.067305765344,3.90776293505327
43.2844899430938,420.320865976221,3.99459373227433
191.643921496864,290.137058348558,4.17250396871875
558.489248912857,258.537658619977,3.9354820273288
178.250537953554,21.2018229277292,4.20808884764793
507.933122433835,342.247590905062,4.16165318006294
26.1819559246379,58.253974600239,3.65939806447656
529.793904426788,141.584730707629,4.73736784286799
NA,NA,NA
661.428029028628,336.987601504783,3.29072286667823
456.60606488785,300.95196551254,3.7420123316227
6.75731399750062,491.397940361015,3.69059414912287
561.510627956783,56.6831121572902,4.19547968156396
72.4631448753554,377.524768834817,3.96805523120766
229.350107454255,413.728495459069,3.83152404913292
425.692912457112,11.6887347251383,3.21509662397147
361.077792983924,294.271924075287,3.15464938899205
600.028272546001,103.3531027129,4.15047667935031
396.120376548344,228.767176702846,4.23367904036054
569.122039837621,409.951162313676,4.68871252107718
142.922296807279,273.979795253824,4.52488433634005
195.500839943516,370.135039948559,4.05927860763965
126.663725920342,413.20372277003,3.4410340699251
622.253116100241,317.287610403162,4.51586468762277
8.62175022712158,142.482614952575,4.2675510778704
538.75276953522,210.447324630757,4.15452485816021
32.781576916837,492.712685126993,3.03784987298245
280.402843885998,18.2428227406218,3.7912537808374
533.168854571906,392.923054605649,3.38898520200122
73.7167319110773,77.4096988652993,5.14686450630558
5.40511024048473,74.9286974494581,3.36216813280602
589.966377351759,227.239945915241,4.00978587548766
440.24134155071,458.272406389053,4.64437542787145
659.205945818629,373.62888034547,3.23985895831708
98.9458399298943,490.621103181024,4.33866512398273
625.12699094138,88.4780753214451,4.12374670924824
419.521866466141,258.869233480766,3.73808313379556
12.938685171087,183.000423941619,3.16654926332743
79.7074056768095,121.256195730899,4.29111523035018
612.28145498556,211.812308518626,4.10505015183441
262.129188993986,229.852412455721,3.85222551857454
574.922670322497,434.944612941969,3.76183313683223
298.643275749558,138.718312273431,3.74223596083566
530.293731880193,451.067305765344,3.90776293505327
43.2844899430938,420.320865976221,3.99459373227433
191.643921496864,290.137058348558,4.17250396871875
558.489248912857,258.537658619977,3.9354820273288
178.250537953554,21.2018229277292,4.20808884764793
507.933122433835,342.247590905062,4.16165318006294
26.1819559246379,58.253974600239,3.65939806447656
529.793904426788,141.584730707629,4.73736784286799
NA,NA,NA
661.428029028628,336.987601504783,3.29072286667823
456.60606488785,300.95196551254,3.7420123316227
6.75731399750062,491.397940361015,3.69059414912287
561.510627956783,56.6831121572902,4.19547968156396
72.4631448753554,377.524768834817,3.96805523120766
229.350107454255,413.728495459069,3.83152404913292
425.692912457112,11.6887347251383,3.21509662397147
361.077792983924,294.271924075287,3.15464938899205
600.028272546001,103.3531027129,4.15047667935031
396.120376548344,228.767176702846,4.23367904036054
569.122039837621,409.951162313676,4.68871252107718
142.922296807279,273.979795253824,4.52488433634005
195.500839943516,370.135039948559,4.05927860763965
126.663725920342,413.20372277003,3.4410340699251
622.253116100241,317.287610403162,4.51586468762277
8.62175022712158,142.482614952575,4.2675510778704
538.75276953522,210.447324630757,4.15452485816021
32.781576916837,492.712685126993,3.03784987298245
280.402843885998,18.2428227406218,3.7912537808374
533.168854571906,392.923054605649,3.38898520200122
73.7167319110773,77.4096988652993,5.14686450630558
5.40511024048473,74.9286974494581,3.36216813280602
589.966377351759,227.239945915241,4.00978587548766
440.24134155071,458.272406389053,4.64437542787145
659.205945818629,373.62888034547,3.23985895831708
98.9458399298943,490.621103181024,4.33866512398273
625.12699094138,88.4780753214451,4.12374670924824
419.521866466141,258.869233480766,3.73808313379556
12.938685171087,183.000423941619,3.16654926332743
79.7074056768095,121.256195730899,4.29111523035018
612.28145498556,211.812308518626,4.10505015183441
262.129188993986,229.852412455721,3.85222551857454
574.922670322497,434.944612941969,3.76183313683223
298.643275749558,138.718312273431,3.74223596083566
530.293731880193,451.067305765344,3.90776293505327
43.2844899430938,420.320865976221,3.99459373227433
191.643921496864,290.137058348558,4.17250396871875
558.489248912857,258.537658619977,3.9354820273288
178.250537953554,21.2018229277292,4.20808884764793
507.933122433835,342.247590905062,4.16165318006294
26.1819559246379,58.253974600239,3.65939806447656
529.793904426788,141.584730707629,4.73736784286799
NA,NA,NA
661.428029028628,336.987601504783,3.29072286667823
456.60606488785,300.95196551254,3.7420123316227
6.75731399750062,491.397940361015,3.69059414912287
561.510627956783,56.6831121572902,4.19547968156396
72.4631448753554,377.524768834817,3.96805523120766
229.350107454255,413.728495459069,3.83152404913292
425.692912457112,11.6887347251383,3.21509662397147
361.077792983924,294.271924075287,3.15464938899205
600.028272546001,103.3531027129,4.15047667935031
396.120376548344,228.767176702846,4.23367904036054
569.122039837621,409.951162313676,4.68871252107718
142.922296807279,273.979795253824,4.52488433634005
195.500839943516,370.135039948559,4.05927860763965
126.663725920342,413.20372277003,3.4410340699251
622.253116100241,317.287610403162,4.51586468762277
8.62175022712158,142.482614952575,4.2675510778704
538.75276953522,210.447324630757,4.15452485816021
32.781576916837,492.712685126993,3.03784987298245
280.402843885998,18.2428227406218,3.7912537808374
533.168854571906,392.923054605649,3.38898520200122
73.7167319110773,77.4096988652993,5.14686450630558
5.40511024048473,74.9286974494581,3.36216813280602
589.966377351759,227.239945915241,4.00978587548766
440.24134155071,458.272406389053,4.64437542787145
659.205945818629,373.62888034547,3.23985895831708
98.9458399298943,490.621103181024,4.33866512398273
625.12699094138,88.4780753214451,4.12374670924824
419.521866466141,258.869233480766,3.73808313379556
12.938685171087,183.000423941619,3.16654926332743
79.7074056768095,121.256195730899,4.29111523035018
612.28145498556,211.812308518626,4.10505015183441
262.129188993986,229.852412455721,3.85222551857454
574.922670322497,434.944612941969,3.76183313683223
298.643275749558,138.718312273431,3.74223596083566
530.293731880193,451.067305765344,3.90776293505327
43.2844899430938,420.320865976221,3.99459373227433
191.643921496864,290.137058348558,4.17250396871875
558.489248912857,258.537658619977,3.9354820273288
178.250537953554,21.2018229277292,4.20808884764793
507.933122433835,342.247590905062,4.16165318006294
26.1819559246379,58.253974600239,3.65939806447656
529.793904426788,141.584730707629,4.73736784286799
NA,NA,NA
661.428029028628,336.987601504783,3.29072286667823
456.60606488785,300.95196551254,3.7420123316227
6.75731399750062,491.397940361015,3.69059414912287
561.510627956783,56.6831121572902,4.19547968156396
72.4631448753554,377.524768834817,3.96805523120766
229.350107454255,413.728495459069,3.83152404913292
425.692912457112,11.6887347251383,3.21509662397147
361.077792983924,294.271924075287,3.15464938899205
600.028272546001,103.3531027129,4.15047667935031
396.120376548344,228.767176702846,4.23367904036054
569.122039837621,409.951162313676,4.68871252107718
142.922296807279,273.979795253824,4.52488433634005
195.500839943516,370.135039948559,4.05927860763965
126.663725920342,413.20372277003,3.4410340699251
622.253116100241,317.287610403162,4.51586468762277
8.62175022712158,142.482614952575,4.2675510778704
538.75276953522,210.447324630757,4.15452485816021
32.781576916837,492.712685126993,3.03784987298245
280.402843885998,18.2428227406218,3.7912537808374
533.168854571906,392.923054605649,3.38898520200122
73.7167319110773,77.4096988652993,5.14686450630558
5.40511024048473,74.9286974494581,3.36216813280602
589.966377351759,227.239945915241,4.00978587548766
440.24134155071,458.272406389053,4.64437542787145
659.205945818629,373.62888034547,3.23985895831708
98.9458399298943,490.621103181024,4.33866512398273
625.12699094138,88.4780753214451,4.12374670924824
419.521866466141,258.869233480766,3.73808313379556
12.938685171087,183.000423941619,3.16654926332743
79.7074056768095,121.256195730899,4.29111523035018
612.28145498556,211.812308518626,4.10505015183441
262.129188993986,229.852412455721,3.85222551857454
574.922670322497,434.944612941969,3.76183313683223
298.643275749558,138.718312273431,3.74223596083566
530.293731880193,451.067305765344,3.90776293505327
43.2844899430938,420.320865976221,3.99459373227433
191.643921496864,290.137058348558,4.17250396871875
558.489248912857,258.537658619977,3.9354820273288
178.250537953554,21.2018229277292,4.20808884764793
507.933122433835,342.247590905062,4.16165318006294
26.1819559246379,58.253974600239,3.65939806447656
529.793904426788,141.584730707629,4.73736784286799
NA,NA,NA
663.735411380967,333.054470300259,3.43158557115047
455.589275749634,298.416407582677,3.59930434965594
10.3193712043132,494.324837252874,3.77511605248213
564.825688348091,52.1182334293152,4.12895886092034
69.2883639392762,378.148000452421,3.92022459231619
230.849357955877,417.172761429555,3.80375186148201
430.053207309191,15.8852047308689,3.30168819277963
360.39047518745,294.247490720484,2.91222295016734
604.009473330787,104.122674198349,4.27829466012444
389.42364953353,227.505690682735,4.11495171745808
574.192976996395,408.71428946382,4.73223486090874
140.42839306174,279.154889546551,4.66493018441364
198.888360390092,367.00204847902,4.0029268533689
126.587412863364,408.461671889374,3.39661632614435
627.264804977779,310.459918875927,4.59475379410657
2.12490773877384,148.180402426687,4.31639755404002
540.958461570953,203.09549510173,4.19847569085083
32.7856360199466,490.756884648511,2.87506608490009
278.248821833396,28.6898463653265,3.93632705980905
532.032476646643,394.467533275164,3.442805624663
77.8578814827944,82.6082996609916,5.19912849641053
9.30512612240152,74.8789909276364,3.39282785135086
590.027388244927,225.271995204618,4.02022278757685
435.095365867683,453.74039176519,4.80746466193282
657.93054911111,374.937275411033,2.86999218774042
108.248771849022,488.57380784672,4.31618082142729
624.311424134229,91.4393648118319,4.10030796358193
422.447269803689,260.957377601145,3.66001269121987
10.3649691153074,182.028058790498,3.29552122747895
67.3208158770115,90.3389050595111,4.71315645545315
610.749039795053,200.133997534433,4.45275614049785
256.776051984623,222.884998145447,3.960149871161
563.436631607635,439.424302107841,3.58464604393013
303.567015608153,139.219474071959,3.95293512294271
523.947385601631,460.124945287507,3.69620568794338
52.6497382782382,419.917790570624,4.0223767822068
194.493175191368,283.059861068579,4.07161627907457
544.189810280594,262.77680251886,3.75471818893359
174.598432743491,18.4374329846169,4.07999926826184
498.858703832522,342.292001406325,4.5896204074792
41.5238766860351,47.3506817573108,3.71892896495302
517.790611257683,151.644081899233,4.74244362707607
NA,NA,NA
663.735411380967,333.054470300259,3.43158557115047
455.589275749634,298.416407582677,3.59930434965594
10.3193712043132,494.324837252874,3.77511605248213
564.825688348091,52.1182334293152,4.12895886092034
69.2883639392762,378.148000452421,3.92022459231619
230.849357955877,417.172761429555,3.80375186148201
430.053207309191,15.8852047308689,3.30168819277963
360.39047518745,294.247490720484,2.91222295016734
604.009473330787,104.122674198349,4.27829466012444
389.42364953353,227.505690682735,4.11495171745808
574.192976996395,408.71428946382,4.73223486090874
140.42839306174,279.154889546551,4.66493018441364
198.888360390092,367.00204847902,4.0029268533689
126.587412863364,408.461671889374,3.39661632614435
627.264804977779,310.459918875927,4.59475379410657
2.12490773877384,148.180402426687,4.31639755404002
540.958461570953,203.09549510173,4.19847569085083
32.7856360199466,490.756884648511,2.87506608490009
278.248821833396,28.6898463653265,3.93632705980905
532.032476646643,394.467533275164,3.442805624663
77.8578814827944,82.6082996609916,5.19912849641053
9.30512612240152,74.8789909276364,3.39282785135086
590.027388244927,225.271995204618,4.02022278757685
435.095365867683,453.74039176519,4.80746466193282
657.93054911111,374.937275411033,2.86999218774042
108.248771849022,488.57380784672,4.31618082142729
624.311424134229,91.4393648118319,4.10030796358193
422.447269803689,260.957377601145,3.66001269121987
10.3649691153074,182.028058790498,3.29552122747895
67.3208158770115,90.3389050595111,4.71315645545315
610.749039795053,200.133997534433,4.45275614049785
256.776051984623,222.884998145447,3.960149871161
563.436631607635,439.424302107841,3.58464604393013
303.567015608153,139.219474071959,3.95293512294271
523.947385601631,460.124945287507,3.69620568794338
52.6497382782382,419.917790570624,4.0223767822068
194.493175191368,283.059861068579,4.07161627907457
544.189810280594,262.77680251886,3.75471818893359
174.598432743491,18.4374329846169,4.07999926826184
498.858703832522,342.292001406325,4.5896204074792
41.5238766860351,47.3506817573108,3.71892896495302
517.790611257683,151.644081899233,4.74244362707607
NA,NA,NA
663.735411380967,333.054470300259,3.43158557115047
455.589275749634,298.416407582677,3.59930434965594
10.3193712043132,494.324837252874,3.77511605248213
564.825688348091,52.1182334293152,4.12895886092034
69.2883639392762,378.148000452421,3.92022459231619
230.849357955877,417.172761429555,3.80375186148201
430.053207309191,15.8852047308689,3.30168819277963
360.39047518745,294.247490720484,2.91222295016734
604.009473330787,104.122674198349,4.27829466012444
389.42364953353,227.505690682735,4.11495171745808
574.192976996395,408.71428946382,4.73223486090874
140.42839306174,279.154889546551,4.66493018441364
198.888360390092,367.00204847902,4.0029268533689
126.587412863364,408.461671889374,3.39661632614435
627.264804977779,310.459918875927,4.59475379410657
2.12490773877384,148.180402426687,4.31639755404002
540.958461570953,203.09549510173,4.19847569085083
32.7856360199466,490.756884648511,2.87506608490009
278.248821833396,28.6898463653265,3.93632705980905
532.032476646643,394.467533275164,3.442805624663
77.8578814827944,82.6082996609916,5.19912849641053
9.30512612240152,74.8789909276364,3.39282785135086
590.027388244927,225.271995204618,4.02022278757685
435.095365867683,453.74039176519,4.80746466193282
657.93054911111,374.937275411033,2.86999218774042
108.248771849022,488.57380784672,4.31618082142729
624.311424134229,91.4393648118319,4.10030796358193
422.447269803689,260.957377601145,3.66001269121987
10.3649691153074,182.028058790498,3.29552122747895
67.3208158770115,90.3389050595111,4.71315645545315
610.749039795053,200.133997534433,4.45275614049785
256.776051984623,222.884998145447,3.960149871161
563.436631607635,439.424302107841,3.58464604393013
303.567015608153,139.219474071959,3.95293512294271
523.947385601631,460.124945287507,3.69620568794338
52.6497382782382,419.917790570624,4.0223767822068
194.493175191368,283.059861068579,4.07161627907457
544.189810280594,262.77680251886,3.75471818893359
174.598432743491,18.4374329846169,4.07999926826184
498.858703832522,342.292001406325,4.5896204074792
41.5238766860351,47.3506817573108,3.71892896495302
517.790611257683,151.644081899233,4.74244362707607
NA,NA,NA
663.735411380967,333.054470300259,3.43158557115047
455.589275749634,298.416407582677,3.59930434965594
10.3193712043132,494.324837252874,3.77511605248213
564.825688348091,52.1182334293152,4.12895886092034
69.2883639392762,378.148000452421,3.92022459231619
230.849357955877,417.172761429555,3.80375186148201
430.053207309191,15.8852047308689,3.30168819277963
360.39047518745,294.247490720484,2.91222295016734
604.009473330787,104.122674198349,4.27829466012444
389.42364953353,227.505690682735,4.11495171745808
574.192976996395,408.71428946382,4.73223486090874
140.42839306174,279.154889546551,4.66493018441364
198.888360390092,367.00204847902,4.0029268533689
126.587412863364,408.461671889374,3.39661632614435
627.264804977779,310.459918875927,4.59475379410657
2.12490773877384,148.180402426687,4.31639755404002
540.958461570953,203.09549510173,4.19847569085083
32.7856360199466,490.756884648511,2.87506608490009
278.248821833396,28.6898463653265,3.93632705980905
532.032476646643,394.467533275164,3.442805624663
77.8578814827944,82.6082996609916,5.19912849641053
9.30512612240152,74.8789909276364,3.39282785135086
590.027388244927,225.271995204618,4.02022278757685
435.095365867683,453.74039176519,4.80746466193282
657.93054911111,374.937275411033,2.86999218774042
108.248771849022,488.57380784672,4.31618082142729
624.311424134229,91.4393648118319,4.10030796358193
422.447269803689,260.957377601145,3.66001269121987
10.3649691153074,182.028058790498,3.29552122747895
67.3208158770115,90.3389050595111,4.71315645545315
610.749039795053,200.133997534433,4.45275614049785
256.776051984623,222.884998145447,3.960149871161
563.436631607635,439.424302107841,3.58464604393013
303.567015608153,139.219474071959,3.95293512294271
523.947385601631,460.124945287507,3.69620568794338
52.6497382782382,419.917790570624,4.0223767822068
194.493175191368,283.059861068579,4.07161627907457
544.189810280594,262.77680251886,3.75471818893359
174.598432743491,18.4374329846169,4.07999926826184
498.858703832522,342.292001406325,4.5896204074792
41.5238766860351,47.3506817573108,3.71892896495302
517.790611257683,151.644081899233,4.74244362707607
NA,NA,NA
663.735411380967,333.054470300259,3.43158557115047
455.589275749634,298.416407582677,3.59930434965594
10.3193712043132,494.324837252874,3.77511605248213
564.825688348091,52.1182334293152,4.12895886092034
69.2883639392762,378.148000452421,3.92022459231619
230.849357955877,417.172761429555,3.80375186148201
430.053207309191,15.8852047308689,3.30168819277963
360.39047518745,294.247490720484,2.91222295016734
604.009473330787,104.122674198349,4.27829466012444
389.42364953353,227.505690682735,4.11495171745808
574.192976996395,408.71428946382,4.73223486090874
140.42839306174,279.154889546551,4.66493018441364
198.888360390092,367.00204847902,4.0029268533689
126.587412863364,408.461671889374,3.39661632614435
627.264804977779,310.459918875927,4.59475379410657
2.12490773877384,148.180402426687,4.31639755404002
540.958461570953,203.09549510173,4.19847569085083
32.7856360199466,490.756884648511,2.87506608490009
278.248821833396,28.6898463653265,3.93632705980905
532.032476646643,394.467533275164,3.442805624663
77.8578814827944,82.6082996609916,5.19912849641053
9.30512612240152,74.8789909276364,3.39282785135086
590.027388244927,225.271995204618,4.02022278757685
435.095365867683,453.74039176519,4.80746466193282
657.93054911111,374.937275411033,2.86999218774042
108.248771849022,488.57380784672,4.31618082142729
624.311424134229,91.4393648118319,4.10030796358193
422.447269803689,260.957377601145,3.66001269121987
10.3649691153074,182.028058790498,3.29552122747895
67.3208158770115,90.3389050595111,4.71315645545315
610.749039795053,200.133997534433,4.45275614049785
256.776051984623,222.884998145447,3.960149871161
563.436631607635,439.424302107841,3.58464604393013
303.567015608153,139.219474071959,3.95293512294271
523.947385601631,460.124945287507,3.69620568794338
52.6497382782382,419.917790570624,4.0223767822068
194.493175191368,283.059861068579,4.07161627907457
544.189810280594,262.77680251886,3.75471818893359
174.598432743491,18.4374329846169,4.07999926826184
498.858703832522,342.292001406325,4.5896204074792
41.5238766860351,47.3506817573108,3.71892896495302
517.790611257683,151.644081899233,4.74244362707607
NA,NA,NA
663.735411380967,333.054470300259,3.43158557115047
455.589275749634,298.416407582677,3.59930434965594
10.3193712043132,494.324837252874,3.77511605248213
564.825688348091,52.1182334293152,4.12895886092034
69.2883639392762,378.148000452421,3.92022459231619
230.849357955877,417.172761429555,3.80375186148201
430.053207309191,15.8852047308689,3.30168819277963
360.39047518745,294.247490720484,2.91222295016734
604.009473330787,104.122674198349,4.27829466012444
389.42364953353,227.505690682735,4.11495171745808
574.192976996395,408.71428946382,4.73223486090874
140.42839306174,279.154889546551,4.66493018441364
198.888360390092,367.00204847902,4.0029268533689
126.587412863364,408.461671889374,3.39661632614435
627.264804977779,310.459918875927,4.59475379410657
2.12490773877384,148.180402426687,4.31639755404002
540.958461570953,203.09549510173,4.19847569085083
32.7856360199466,490.756884648511,2.87506608490009
278.248821833396,28.6898463653265,3.93632705980905
532.032476646643,394.467533275164,3.442805624663
77.8578814827944,82.6082996609916,5.19912849641053
9.30512612240152,74.8789909276364,3.39282785135086
590.027388244927,225.271995204618,4.02022278757685
435.095365867683,453.74039176519,4.80746466193282
657.93054911111,374.937275411033,2.86999218774042
108.248771849022,488.57380784672,4.31618082142729
624.311424134229,91.4393648118319,4.10030796358193
422.447269803689,260.957377601145,3.66001269121987
10.3649691153074,182.028058790498,3.29552122747895
67.3208158770115,90.3389050595111,4.71315645545315
610.749039795053,200.133997534433,4.45275614049785
256.776051984623,222.884998145447,3.960149871161
563.436631607635,439.424302107841,3.58464604393013
303.567015608153,139.219474071959,3.95293512294271
523.947385601631,460.124945287507,3.69620568794338
52.6497382782382,419.917790570624,4.0223767822068
194.493175191368,283.059861068579,4.07161627907457
544.189810280594,262.77680251886,3.75471818893359
174.598432743491,18.4374329846169,4.07999926826184
498.858703832522,342.292001406325,4.5896204074792
41.5238766860351,47.3506817573108,3.71892896495302
517.790611257683,151.644081899233,4.74244362707607
NA,NA,NA
662.42707726093,334.309445849094,3.47136226840354
456.270712948434,300.931356255649,3.70842637592832
6.26086257623676,494.10414044122,3.68614561868569
561.285987555361,55.5556097390754,4.09743265982643
71.0991773275531,378.149414812317,4.0039287985348
232.266741033605,418.331783755984,3.9312899871552
425.867701865512,13.3523981346815,3.44281404254401
360.185493681264,292.748320718922,3.01781035579712
605.782424453005,112.075210434611,4.27417722635556
396.258523432987,230.03759754042,4.20740359059501
573.788556606603,402.704111408837,4.7428640906471
137.742536243691,276.805227723454,4.53994818097275
197.94359627103,366.003314682293,3.94871952207748
123.484978877233,410.681275301612,3.20043189637371
626.066397620089,313.779237673356,4.72427847909898
0.690646925541998,151.388019890453,4.21744241160311
540.068017880752,207.453371402641,4.2091336423715
34.4421216715008,493.553593915206,3.09443959299414
279.097301595476,22.3981952689706,3.94240375720563
533.498146597223,395.763369729997,3.34661692528033
80.2753040504241,65.0145355984703,5.28016823160443
3.67151662550602,76.5076867083862,3.51080122081102
587.178687977463,227.293547210118,4.05130301515201
438.373098867315,460.962375127298,4.72465699089159
657.940218787835,372.245467943822,3.09314434412943
104.871620667158,489.857159835487,4.32131221094763
623.834035223121,87.4773792072621,4.11840136758298
419.827376692304,258.86614896485,3.55397076076215
10.5620416414177,180.921220255829,3.15695475788205
81.0536114004186,117.049964226845,4.47468900268248
609.415254867014,207.664991523342,4.54608349408132
262.853889978443,220.477831320373,3.70443072667033
572.816972248796,429.453209360924,3.91983862094932
298.888705733148,144.203787804258,3.95126767930131
534.333182553916,455.842619626228,3.71106153418715
40.2333927191606,406.90808657853,4.05661710720075
195.122883961164,287.314195248281,3.97629443882231
546.488962371713,262.643910130338,3.97972553098755
178.497010865412,17.5131274497329,4.27290760095607
495.469993596304,348.029396735384,4.43088548659243
30.4556038458486,54.7656543925624,4.00147775644544
526.314267082072,140.132070315774,4.60325274160659
NA,NA,NA
662.42707726093,334.309445849094,3.47136226840354
456.270712948434,300.931356255649,3.70842637592832
6.26086257623676,494.10414044122,3.68614561868569
561.285987555361,55.5556097390754,4.09743265982643
71.0991773275531,378.149414812317,4.0039287985348
232.266741033605,418.331783755984,3.9312899871552
425.867701865512,13.3523981346815,3.44281404254401
360.185493681264,292.748320718922,3.01781035579712
605.782424453005,112.075210434611,4.27417722635556
396.258523432987,230.03759754042,4.20740359059501
573.788556606603,402.704111408837,4.7428640906471
137.742536243691,276.805227723454,4.53994818097275
197.94359627103,366.003314682293,3.94871952207748
123.484978877233,410.681275301612,3.20043189637371
626.066397620089,313.779237673356,4.72427847909898
0.690646925541998,151.388019890453,4.21744241160311
540.068017880752,207.453371402641,4.2091336423715
34.4421216715008,493.553593915206,3.09443959299414
279.097301595476,22.3981952689706,3.94240375720563
533.498146597223,395.763369729997,3.34661692528033
80.2753040504241,65.0145355984703,5.28016823160443
3.67151662550602,76.5076867083862,3.51080122081102
587.178687977463,227.293547210118,4.05130301515201
438.373098867315,460.962375127298,4.72465699089159
657.940218787835,372.245467943822,3.09314434412943
104.871620667158,489.857159835487,4.32131221094763
623.834035223121,87.4773792072621,4.11840136758298
419.827376692304,258.86614896485,3.55397076076215
10.5620416414177,180.921220255829,3.15695475788205
81.0536114004186,117.049964226845,4.47468900268248
609.415254867014,207.664991523342,4.54608349408132
262.853889978443,220.477831320373,3.70443072667033
572.816972248796,429.453209360924,3.91983862094932
298.888705733148,144.203787804258,3.95126767930131
534.333182553916,455.842619626228,3.71106153418715
40.2333927191606,406.90808657853,4.05661710720075
195.122883961164,287.314195248281,3.97629443882231
546.488962371713,262.643910130338,3.97972553098755
178.497010865412,17.5131274497329,4.27290760095607
495.469993596304,348.029396735384,4.43088548659243
30.4556038458486,54.7656543925624,4.00147775644544
526.314267082072,140.132070315774,4.60325274160659
NA,NA,NA
662.42707726093,334.309445849094,3.47136226840354
456.270712948434,300.931356255649,3.70842637592832
6.26086257623676,494.10414044122,3.68614561868569
561.285987555361,55.5556097390754,4.09743265982643
71.0991773275531,378.149414812317,4.0039287985348
232.266741033605,418.331783755984,3.9312899871552
425.867701865512,13.3523981346815,3.44281404254401
360.185493681264,292.748320718922,3.01781035579712
605.782424453005,112.075210434611,4.27417722635556
396.258523432987,230.03759754042,4.20740359059501
573.788556606603,402.704111408837,4.7428640906471
137.742536243691,276.805227723454,4.53994818097275
197.94359627103,366.003314682293,3.94871952207748
123.484978877233,410.681275301612,3.20043189637371
626.066397620089,313.779237673356,4.72427847909898
0.690646925541998,151.388019890453,4.21744241160311
540.068017880752,207.453371402641,4.2091336423715
34.4421216715008,493.553593915206,3.09443959299414
279.097301595476,22.3981952689706,3.94240375720563
533.498146597223,395.763369729997,3.34661692528033
80.2753040504241,65.0145355984703,5.28016823160443
3.67151662550602,76.5076867083862,3.51080122081102
587.178687977463,227.293547210118,4.05130301515201
438.373098867315,460.962375127298,4.72465699089159
657.940218787835,372.245467943822,3.09314434412943
104.871620667158,489.857159835487,4.32131221094763
623.834035223121,87.4773792072621,4.11840136758298
419.827376692304,258.86614896485,3.55397076076215
10.5620416414177,180.921220255829,3.15695475788205
81.0536114004186,117.049964226845,4.47468900268248
609.415254867014,207.664991523342,4.54608349408132
262.853889978443,220.477831320373,3.70443072667033
572.816972248796,429.453209360924,3.91983862094932
298.888705733148,144.203787804258,3.95126767930131
534.333182553916,455.842619626228,3.71106153418715
40.2333927191606,406.90808657853,4.05661710720075
195.122883961164,287.314195248281,3.97629443882231
546.488962371713,262.643910130338,3.97972553098755
178.497010865412,17.5131274497329,4.27290760095607
495.469993596304,348.029396735384,4.43088548659243
30.4556038458486,54.7656543925624,4.00147775644544
526.314267082072,140.132070315774,4.60325274160659
NA,NA,NA
662.42707726093,334.309445849094,3.47136226840354
456.270712948434,300.931356255649,3.70842637592832
6.26086257623676,494.10414044122,3.68614561868569
561.285987555361,55.5556097390754,4.09743265982643
71.0991773275531,378.149414812317,4.0039287985348
232.266741033605,418.331783755984,3.9312899871552
425.867701865512,13.3523981346815,3.44281404254401
360.185493681264,292.748320718922,3.01781035579712
605.782424453005,112.075210434611,4.27417722635556
396.258523432987,230.03759754042,4.20740359059501
573.788556606603,402.704111408837,4.7428640906471
137.742536243691,276.805227723454,4.53994818097275
197.94359627103,366.003314682293,3.94871952207748
123.484978877233,410.681275301612,3.20043189637371
626.066397620089,313.779237673356,4.72427847909898
0.690646925541998,151.388019890453,4.21744241160311
540.068017880752,207.453371402641,4.2091336423715
34.4421216715008,493.553593915206,3.09443959299414
279.097301595476,22.3981952689706,3.94240375720563
533.498146597223,395.763369729997,3.34661692528033
80.2753040504241,65.0145355984703,5.28016823160443
3.67151662550602,76.5076867083862,3.51080122081102
587.178687977463,227.293547210118,4.05130301515201
438.373098867315,460.962375127298,4.72465699089159
657.940218787835,372.245467943822,3.09314434412943
104.871620667158,489.857159835487,4.32131221094763
623.834035223121,87.4773792072621,4.11840136758298
419.827376692304,258.86614896485,3.55397076076215
10.5620416414177,180.921220255829,3.15695475788205
81.0536114004186,117.049964226845,4.47468900268248
609.415254867014,207.664991523342,4.54608349408132
262.853889978443,220.477831320373,3.70443072667033
572.816972248796,429.453209360924,3.91983862094932
298.888705733148,144.203787804258,3.95126767930131
534.333182553916,455.842619626228,3.71106153418715
40.2333927191606,406.90808657853,4.05661710720075
195.122883961164,287.314195248281,3.97629443882231
546.488962371713,262.643910130338,3.97972553098755
178.497010865412,17.5131274497329,4.27290760095607
495.469993596304,348.029396735384,4.43088548659243
30.4556038458486,54.7656543925624,4.00147775644544
526.314267082072,140.132070315774,4.60325274160659
NA,NA,NA
662.42707726093,334.309445849094,3.47136226840354
456.270712948434,300.931356255649,3.70842637592832
6.26086257623676,494.10414044122,3.68614561868569
561.285987555361,55.5556097390754,4.09743265982643
71.0991773275531,378.149414812317,4.0039287985348
232.266741033605,418.331783755984,3.9312899871552
425.867701865512,13.3523981346815,3.44281404254401
360.185493681264,292.748320718922,3.01781035579712
605.782424453005,112.075210434611,4.27417722635556
396.258523432987,230.03759754042,4.20740359059501
573.788556606603,402.704111408837,4.7428640906471
137.742536243691,276.805227723454,4.53994818097275
197.94359627103,366.003314682293,3.94871952207748
123.484978877233,410.681275301612,3.20043189637371
626.066397620089,313.779237673356,4.72427847909898
0.690646925541998,151.388019890453,4.21744241160311
540.068017880752,207.453371402641,4.2091336423715
34.4421216715008,493.553593915206,3.09443959299414
279.097301595476,22.3981952689706,3.94240375720563
533.498146597223,395.763369729997,3.34661692528033
80.2753040504241,65.0145355984703,5.28016823160443
3.67151662550602,76.5076867083862,3.51080122081102
587.178687977463,227.293547210118,4.05130301515201
438.373098867315,460.962375127298,4.72465699089159
657.940218787835,372.245467943822,3.09314434412943
104.871620667158,489.857159835487,4.32131221094763
623.834035223121,87.4773792072621,4.11840136758298
419.827376692304,258.86614896485,3.55397076076215
10.5620416414177,180.921220255829,3.15695475788205
81.0536114004186,117.049964226845,4.47468900268248
609.415254867014,207.664991523342,4.54608349408132
262.853889978443,220.477831320373,3.70443072667033
572.816972248796,429.453209360924,3.91983862094932
298.888705733148,144.203787804258,3.95126767930131
534.333182553916,455.842619626228,3.71106153418715
40.2333927191606,406.90808657853,4.05661710720075
195.122883961164,287.314195248281,3.97629443882231
546.488962371713,262.643910130338,3.97972553098755
178.497010865412,17.5131274497329,4.27290760095607
495.469993596304,348.029396735384,4.43088548659243
30.4556038458486,54.7656543925624,4.00147775644544
526.314267082072,140.132070315774,4.60325274160659
NA,NA,NA
662.42707726093,334.309445849094,3.47136226840354
456.270712948434,300.931356255649,3.70842637592832
6.26086257623676,494.10414044122,3.68614561868569
561.285987555361,55.5556097390754,4.09743265982643
71.0991773275531,378.149414812317,4.0039287985348
232.266741033605,418.331783755984,3.9312899871552
425.867701865512,13.3523981346815,3.44281404254401
360.185493681264,292.748320718922,3.01781035579712
605.782424453005,112.075210434611,4.27417722635556
396.258523432987,230.03759754042,4.20740359059501
573.788556606603,402.704111408837,4.7428640906471
137.742536243691,276.805227723454,4.53994818097275
197.94359627103,366.003314682293,3.94871952207748
123.484978877233,410.681275301612,3.20043189637371
626.066397620089,313.779237673356,4.72427847909898
0.690646925541998,151.388019890453,4.21744241160311
540.068017880752,207.453371402641,4.2091336423715
34.4421216715008,493.553593915206,3.09443959299414
279.097301595476,22.3981952689706,3.94240375720563
533.498146597223,395.763369729997,3.34661692528033
80.2753040504241,65.0145355984703,5.28016823160443
3.67151662550602,76.5076867083862,3.51080122081102
587.178687977463,227.293547210118,4.05130301515201
438.373098867315,460.962375127298,4.72465699089159
657.940218787835,372.245467943822,3.09314434412943
104.871620667158,489.857159835487,4.32131221094763
623.834035223121,87.4773792072621,4.11840136758298
419.827376692304,258.86614896485,3.55397076076215
10.5620416414177,180.921220255829,3.15695475788205
81.0536114004186,117.049964226845,4.47468900268248
609.415254867014,207.664991523342,4.54608349408132
262.853889978443,220.477831320373,3.70443072667033
572.816972248796,429.453209360924,3.91983862094932
298.888705733148,144.203787804258,3.95126767930131
534.333182553916,455.842619626228,3.71106153418715
40.2333927191606,406.90808657853,4.05661710720075
195.122883961164,287.314195248281,3.97629443882231
546.488962371713,262.643910130338,3.97972553098755
178.497010865412,17.5131274497329,4.27290760095607
495.469993596304,348.029396735384,4.43088548659243
30.4556038458486,54.7656543925624,4.00147775644544
526.314267082072,140.132070315774,4.60325274160659
NA,NA,NA
661.654332727148,333.247608822495,3.39596440954222
453.504857642338,299.3590338447,3.75542225268458
10.6950925906798,496.673900861788,3.6852069294188
560.049936606142,57.4882818576009,4.30100477670369
72.6942168438771,377.56527334409,4.00220755132415
224.178968372736,412.808424121622,3.9133718598447
431.743465999336,10.8768345399241,3.25009798504395
360.51360721302,292.554548537089,3.05055305231921
601.435660314007,101.021932421476,4.29568496946774
394.092637865766,228.547334554515,4.27536175238921
569.934957183753,412.240184058138,4.71894533942325
137.485525194308,276.24607553992,4.63313030926368
194.155572021632,367.999565506936,4.01810756185602
129.326097509061,411.088508195817,3.45927523948108
627.784325458083,309.9750592543,4.59019985667676
7.30377235706301,149.111071499115,4.26184334370591
543.124496181738,203.051906272292,4.11060108495066
32.0440697806162,494.985840459841,2.98689479213616
278.880946397426,25.188039518587,3.99872892917732
535.080012128792,393.015700569794,3.48622675347908
70.5185011896725,68.6982051038814,5.30808593336837
6.21891666030928,78.571326729411,3.53018480399793
586.854674817337,226.883917083885,4.0290449817605
431.122151330198,458.888129162723,4.7095549517177
658.06466881095,371.603532121253,3.06444080215882
113.549956975675,487.549770299991,4.36999054429525
622.114512572096,85.6417246204522,4.11679454405528
423.28134264121,261.158976631227,3.6638223479136
10.6969059287,182.053167037737,3.15676445735148
58.8306092423361,105.945083634579,4.66641054590558
610.275988127784,202.036012415077,4.75285792149731
263.068018633399,219.490671682707,4.04497423785296
577.972738623797,426.115792064581,3.96655804581568
301.596974028157,139.025021337673,3.91427079537183
532.679521631488,457.568023891281,3.79123739162214
38.6021022945007,420.272611042656,3.81181269773501
197.971162676608,287.331086125158,3.46379882247978
545.887665835637,257.930490609393,3.58799590628309
173.054871404158,32.318465504656,4.34491955971399
503.407231871981,351.570599190577,4.54243295682149
40.8970074674512,53.7845619695118,4.08738633299085
542.049434567842,136.336008472669,4.62784445989801
NA,NA,NA
661.654332727148,333.247608822495,3.39596440954222
453.504857642338,299.3590338447,3.75542225268458
10.6950925906798,496.673900861788,3.6852069294188
560.049936606142,57.4882818576009,4.30100477670369
72.6942168438771,377.56527334409,4.00220755132415
224.178968372736,412.808424121622,3.9133718598447
431.743465999336,10.8768345399241,3.25009798504395
360.51360721302,292.554548537089,3.05055305231921
601.435660314007,101.021932421476,4.29568496946774
394.092637865766,228.547334554515,4.27536175238921
569.934957183753,412.240184058138,4.71894533942325
137.485525194308,276.24607553992,4.63313030926368
194.155572021632,367.999565506936,4.01810756185602
129.326097509061,411.088508195817,3.45927523948108
627.784325458083,309.9750592543,4.59019985667676
7.30377235706301,149.111071499115,4.26184334370591
543.124496181738,203.051906272292,4.11060108495066
32.0440697806162,494.985840459841,2.98689479213616
278.880946397426,25.188039518587,3.99872892917732
535.080012128792,393.015700569794,3.48622675347908
70.5185011896725,68.6982051038814,5.30808593336837
6.21891666030928,78.571326729411,3.53018480399793
586.854674817337,226.883917083885,4.0290449817605
431.122151330198,458.888129162723,4.7095549517177
658.06466881095,371.603532121253,3.06444080215882
113.549956975675,487.549770299991,4.36999054429525
622.114512572096,85.6417246204522,4.11679454405528
423.28134264121,261.158976631227,3.6638223479136
10.6969059287,182.053167037737,3.15676445735148
58.8306092423361,105.945083634579,4.66641054590558
610.275988127784,202.036012415077,4.75285792149731
263.068018633399,219.490671682707,4.04497423785296
577.972738623797,426.115792064581,3.96655804581568
301.596974028157,139.025021337673,3.91427079537183
532.679521631488,457.568023891281,3.79123739162214
38.6021022945007,420.272611042656,3.81181269773501
197.971162676608,287.331086125158,3.46379882247978
545.887665835637,257.930490609393,3.58799590628309
173.054871404158,32.318465504656,4.34491955971399
503.407231871981,351.570599190577,4.54243295682149
40.8970074674512,53.7845619695118,4.08738633299085
542.049434567842,136.336008472669,4.62784445989801
NA,NA,NA
661.654332727148,333.247608822495,3.39596440954222
453.504857642338,299.3590338447,3.75542225268458
10.6950925906798,496.673900861788,3.6852069294188
560.049936606142,57.4882818576009,4.30100477670369
72.6942168438771,377.56527334409,4.00220755132415
224.178968372736,412.808424121622,3.9133718598447
431.743465999336,10.8768345399241,3.25009798504395
360.51360721302,292.554548537089,3.05055305231921
601.435660314007,101.021932421476,4.29568496946774
394.092637865766,228.547334554515,4.27536175238921
569.934957183753,412.240184058138,4.71894533942325
137.485525194308,276.24607553992,4.63313030926368
194.155572021632,367.999565506936,4.01810756185602
129.326097509061,411.088508195817,3.45927523948108
627.784325458083,309.9750592543,4.59019985667676
7.30377235706301,149.111071499115,4.26184334370591
543.124496181738,203.051906272292,4.11060108495066
32.0440697806162,494.985840459841,2.98689479213616
278.880946397426,25.188039518587,3.99872892917732
535.080012128792,393.015700569794,3.48622675347908
70.5185011896725,68.6982051038814,5.30808593336837
6.21891666030928,78.571326729411,3.53018480399793
586.854674817337,226.883917083885,4.0290449817605
431.122151330198,458.888129162723,4.7095549517177
658.06466881095,371.603532121253,3.06444080215882
113.549956975675,487.549770299991,4.36999054429525
622.114512572096,85.6417246204522,4.11679454405528
423.28134264121,261.158976631227,3.6638223479136
10.6969059287,182.053167037737,3.15676445735148
58.8306092423361,105.945083634579,4.66641054590558
610.275988127784,202.036012415077,4.75285792149731
263.068018633399,219.490671682707,4.04497423785296
577.972738623797,426.115792064581,3.96655804581568
301.596974028157,139.025021337673,3.91427079537183
532.679521631488,457.568023891281,3.79123739162214
38.6021022945007,420.272611042656,3.81181269773501
197.971162676608,287.331086125158,3.46379882247978
545.887665835637,257.930490609393,3.58799590628309
173.054871404158,32.318465504656,4.34491955971399
503.407231871981,351.570599190577,4.54243295682149
40.8970074674512,53.7845619695118,4.08738633299085
542.049434567842,136.336008472669,4.62784445989801
NA,NA,NA
661.654332727148,333.247608822495,3.39596440954222
453.504857642338,299.3590338447,3.75542225268458
10.6950925906798,496.673900861788,3.6852069294188
560.049936606142,57.4882818576009,4.30100477670369
72.6942168438771,377.56527334409,4.00220755132415
224.178968372736,412.808424121622,3.9133718598447
431.743465999336,10.8768345399241,3.25009798504395
360.51360721302,292.554548537089,3.05055305231921
601.435660314007,101.021932421476,4.29568496946774
394.092637865766,228.547334554515,4.27536175238921
569.934957183753,412.240184058138,4.71894533942325
137.485525194308,276.24607553992,4.63313030926368
194.155572021632,367.999565506936,4.01810756185602
129.326097509061,411.088508195817,3.45927523948108
627.784325458083,309.9750592543,4.59019985667676
7.30377235706301,149.111071499115,4.26184334370591
543.124496181738,203.051906272292,4.11060108495066
32.0440697806162,494.985840459841,2.98689479213616
278.880946397426,25.188039518587,3.99872892917732
535.080012128792,393.015700569794,3.48622675347908
70.5185011896725,68.6982051038814,5.30808593336837
6.21891666030928,78.571326729411,3.53018480399793
586.854674817337,226.883917083885,4.0290449817605
431.122151330198,458.888129162723,4.7095549517177
658.06466881095,371.603532121253,3.06444080215882
113.549956975675,487.549770299991,4.36999054429525
622.114512572096,85.6417246204522,4.11679454405528
423.28134264121,261.158976631227,3.6638223479136
10.6969059287,182.053167037737,3.15676445735148
58.8306092423361,105.945083634579,4.66641054590558
610.275988127784,202.036012415077,4.75285792149731
263.068018633399,219.490671682707,4.04497423785296
577.972738623797,426.115792064581,3.96655804581568
301.596974028157,139.025021337673,3.91427079537183
532.679521631488,457.568023891281,3.79123739162214
38.6021022945007,420.272611042656,3.81181269773501
197.971162676608,287.331086125158,3.46379882247978
545.887665835637,257.930490609393,3.58799590628309
173.054871404158,32.318465504656,4.34491955971399
503.407231871981,351.570599190577,4.54243295682149
40.8970074674512,53.7845619695118,4.08738633299085
542.049434567842,136.336008472669,4.62784445989801
NA,NA,NA
661.654332727148,333.247608822495,3.39596440954222
453.504857642338,299.3590338447,3.75542225268458
10.6950925906798,496.673900861788,3.6852069294188
560.049936606142,57.4882818576009,4.30100477670369
72.6942168438771,377.56527334409,4.00220755132415
224.178968372736,412.808424121622,3.9133718598447
431.743465999336,10.8768345399241,3.25009798504395
360.51360721302,292.554548537089,3.05055305231921
601.435660314007,101.021932421476,4.29568496946774
394.092637865766,228.547334554515,4.27536175238921
569.934957183753,412.240184058138,4.71894533942325
137.485525194308,276.24607553992,4.63313030926368
194.155572021632,367.999565506936,4.01810756185602
129.326097509061,411.088508195817,3.45927523948108
627.784325458083,309.9750592543,4.59019985667676
7.30377235706301,149.111071499115,4.26184334370591
543.124496181738,203.051906272292,4.11060108495066
32.0440697806162,494.985840459841,2.98689479213616
278.880946397426,25.188039518587,3.99872892917732
535.080012128792,393.015700569794,3.48622675347908
70.5185011896725,68.6982051038814,5.30808593336837
6.21891666030928,78.571326729411,3.53018480399793
586.854674817337,226.883917083885,4.0290449817605
431.122151330198,458.888129162723,4.7095549517177
658.06466881095,371.603532121253,3.06444080215882
113.549956975675,487.549770299991,4.36999054429525
622.114512572096,85.6417246204522,4.11679454405528
423.28134264121,261.158976631227,3.6638223479136
10.6969059287,182.053167037737,3.15676445735148
58.8306092423361,105.945083634579,4.66641054590558
610.275988127784,202.036012415077,4.75285792149731
263.068018633399,219.490671682707,4.04497423785296
577.972738623797,426.115792064581,3.96655804581568
301.596974028157,139.025021337673,3.91427079537183
532.679521631488,457.568023891281,3.79123739162214
38.6021022945007,420.272611042656,3.81181269773501
197.971162676608,287.331086125158,3.46379882247978
545.887665835637,257.930490609393,3.58799590628309
173.054871404158,32.318465504656,4.34491955971399
503.407231871981,351.570599190577,4.54243295682149
40.8970074674512,53.7845619695118,4.08738633299085
542.049434567842,136.336008472669,4.62784445989801
NA,NA,NA
661.654332727148,333.247608822495,3.39596440954222
453.504857642338,299.3590338447,3.75542225268458
10.6950925906798,496.673900861788,3.6852069294188
560.049936606142,57.4882818576009,4.30100477670369
72.6942168438771,377.56527334409,4.00220755132415
224.178968372736,412.808424121622,3.9133718598447
431.743465999336,10.8768345399241,3.25009798504395
360.51360721302,292.554548537089,3.05055305231921
601.435660314007,101.021932421476,4.29568496946774
394.092637865766,228.547334554515,4.27536175238921
569.934957183753,412.240184058138,4.71894533942325
137.485525194308,276.24607553992,4.63313030926368
194.155572021632,367.999565506936,4.01810756185602
129.326097509061,411.088508195817,3.45927523948108
627.784325458083,309.9750592543,4.59019985667676
7.30377235706301,149.111071499115,4.26184334370591
543.124496181738,203.051906272292,4.11060108495066
32.0440697806162,494.985840459841,2.98689479213616
278.880946397426,25.188039518587,3.99872892917732
535.080012128792,393.015700569794,3.48622675347908
70.5185011896725,68.6982051038814,5.30808593336837
6.21891666030928,78.571326729411,3.53018480399793
586.854674817337,226.883917083885,4.0290449817605
431.122151330198,458.888129162723,4.7095549517177
658.06466881095,371.603532121253,3.06444080215882
113.549956975675,487.549770299991,4.36999054429525
622.114512572096,85.6417246204522,4.11679454405528
423.28134264121,261.158976631227,3.6638223479136
10.6969059287,182.053167037737,3.15676445735148
58.8306092423361,105.945083634579,4.66641054590558
610.275988127784,202.036012415077,4.75285792149731
263.068018633399,219.490671682707,4.04497423785296
577.972738623797,426.115792064581,3.96655804581568
301.596974028157,139.025021337673,3.91427079537183
532.679521631488,457.568023891281,3.79123739162214
38.6021022945007,420.272611042656,3.81181269773501
197.971162676608,287.331086125158,3.46379882247978
545.887665835637,257.930490609393,3.58799590628309
173.054871404158,32.318465504656,4.34491955971399
503.407231871981,351.570599190577,4.54243295682149
40.8970074674512,53.7845619695118,4.08738633299085
542.049434567842,136.336008472669,4.62784445989801
NA,NA,NA
659.892580200883,333.014999479633,3.49332963768536
453.345006014775,298.504658055165,3.85194392066961
7.34415433646724,494.124874629111,3.58052480105459
564.067882398058,48.5859001299791,4.25941880605451
74.5614512406413,375.004917788627,4.00468029152902
225.778838989943,413.933085529762,3.9347100435321
426.847015379925,12.9424737969401,3.35442331789206
359.15714193321,295.165355135836,2.94746616615902
609.109286965918,108.578448681523,4.22683757895874
390.55234515742,233.045533254644,4.31460141213484
570.665151096062,410.380746373533,4.71864164209131
147.876701173963,278.125755372692,4.62404054126476
199.512798422497,373.127457904387,3.99053284822481
124.520545964016,409.265920243708,3.46685731119512
625.791047752351,308.373703358675,4.57238319670888
2.60444854677806,144.395460478535,4.22997908055799
543.130072210353,208.712933780679,4.12741387077514
33.2883429282178,492.256119592331,2.99424199463368
278.742528262484,20.1175450026275,3.69040715436388
531.00578488169,393.800670951036,3.42165336471105
77.3074346907333,79.7069404448317,5.26375116610322
6.44405685719236,75.3089505950262,3.56398446441052
588.465304107407,224.685520289543,4.06962610182101
440.090967330966,461.325897437581,4.76065125663743
659.659175418192,375.270424211409,2.85178700506524
103.148895731256,483.094611329742,4.35600700330643
626.457257128682,95.8664904344932,4.05395827838939
417.649454460707,257.200912742538,3.60993782820604
11.2227600093188,180.377146685607,3.06024046082039
73.3427497863195,117.700462335264,4.61943599317511
609.786685998979,216.049671550883,4.12787273246854
249.809995688071,221.466156148122,3.72066639535627
579.466299915412,439.261704905193,3.67116392825879
300.661013407488,139.18165563344,3.81485720342817
530.27556663902,449.818917338112,3.51486743179611
44.4018456096243,420.575816093973,3.73299185859726
189.201395158404,295.038341386633,3.64322358775534
556.145606762262,278.230351470584,4.03025421426762
170.145687562286,33.8247847359028,4.27445271538143
498.574964905516,339.376624261286,4.649440736421
47.45666910911,45.6994265697788,4.53675613758976
510.612036124304,156.413005857564,4.77801177736113
NA,NA,NA
659.892580200883,333.014999479633,3.49332963768536
453.345006014775,298.504658055165,3.85194392066961
7.34415433646724,494.124874629111,3.58052480105459
564.067882398058,48.5859001299791,4.25941880605451
74.5614512406413,375.004917788627,4.00468029152902
225.778838989943,413.933085529762,3.9347100435321
426.847015379925,12.9424737969401,3.35442331789206
359.15714193321,295.165355135836,2.94746616615902
609.109286965918,108.578448681523,4.22683757895874
390.55234515742,233.045533254644,4.31460141213484
570.665151096062,410.380746373533,4.71864164209131
147.876701173963,278.125755372692,4.62404054126476
199.512798422497,373.127457904387,3.99053284822481
124.520545964016,409.265920243708,3.46685731119512
625.791047752351,308.373703358675,4.57238319670888
2.60444854677806,144.395460478535,4.22997908055799
543.130072210353,208.712933780679,4.12741387077514
33.2883429282178,492.256119592331,2.99424199463368
278.742528262484,20.1175450026275,3.69040715436388
531.00578488169,393.800670951036,3.42165336471105
77.3074346907333,79.7069404448317,5.26375116610322
6.44405685719236,75.3089505950262,3.56398446441052
588.465304107407,224.685520289543,4.06962610182101
440.090967330966,461.325897437581,4.76065125663743
659.659175418192,375.270424211409,2.85178700506524
103.148895731256,483.094611329742,4.35600700330643
626.457257128682,95.8664904344932,4.05395827838939
417.649454460707,257.200912742538,3.60993782820604
11.2227600093188,180.377146685607,3.06024046082039
73.3427497863195,117.700462335264,4.61943599317511
609.786685998979,216.049671550883,4.12787273246854
249.809995688071,221.466156148122,3.72066639535627
579.466299915412,439.261704905193,3.67116392825879
300.661013407488,139.18165563344,3.81485720342817
530.27556663902,449.818917338112,3.51486743179611
44.4018456096243,420.575816093973,3.73299185859726
189.201395158404,295.038341386633,3.64322358775534
556.145606762262,278.230351470584,4.03025421426762
170.145687562286,33.8247847359028,4.27445271538143
498.574964905516,339.376624261286,4.649440736421
47.45666910911,45.6994265697788,4.53675613758976
510.612036124304,156.413005857564,4.77801177736113
NA,NA,NA
659.892580200883,333.014999479633,3.49332963768536
453.345006014775,298.504658055165,3.85194392066961
7.34415433646724,494.124874629111,3.58052480105459
564.067882398058,48.5859001299791,4.25941880605451
74.5614512406413,375.004917788627,4.00468029152902
225.778838989943,413.933085529762,3.9347100435321
426.847015379925,12.9424737969401,3.35442331789206
359.15714193321,295.165355135836,2.94746616615902
609.109286965918,108.578448681523,4.22683757895874
390.55234515742,233.045533254644,4.31460141213484
570.665151096062,410.380746373533,4.71864164209131
147.876701173963,278.125755372692,4.62404054126476
199.512798422497,373.127457904387,3.99053284822481
124.520545964016,409.265920243708,3.46685731119512
625.791047752351,308.373703358675,4.57238319670888
2.60444854677806,144.395460478535,4.22997908055799
543.130072210353,208.712933780679,4.12741387077514
33.2883429282178,492.256119592331,2.99424199463368
278.742528262484,20.1175450026275,3.69040715436388
531.00578488169,393.800670951036,3.42165336471105
77.3074346907333,79.7069404448317,5.26375116610322
6.44405685719236,75.3089505950262,3.56398446441052
588.465304107407,224.685520289543,4.06962610182101
440.090967330966,461.325897437581,4.76065125663743
659.659175418192,375.270424211409,2.85178700506524
103.148895731256,483.094611329742,4.35600700330643
626.457257128682,95.8664904344932,4.05395827838939
417.649454460707,257.200912742538,3.60993782820604
11.2227600093188,180.377146685607,3.06024046082039
73.3427497863195,117.700462335264,4.61943599317511
609.786685998979,216.049671550883,4.12787273246854
249.809995688071,221.466156148122,3.72066639535627
579.466299915412,439.261704905193,3.67116392825879
300.661013407488,139.18165563344,3.81485720342817
530.27556663902,449.818917338112,3.51486743179611
44.4018456096243,420.575816093973,3.73299185859726
189.201395158404,295.038341386633,3.64322358775534
556.145606762262,278.230351470584,4.03025421426762
170.145687562286,33.8247847359028,4.27445271538143
498.574964905516,339.376624261286,4.649440736421
47.45666910911,45.6994265697788,4.53675613758976
510.612036124304,156.413005857564,4.77801177736113
NA,NA,NA
659.892580200883,333.014999479633,3.49332963768536
453.345006014775,298.504658055165,3.85194392066961
7.34415433646724,494.124874629111,3.58052480105459
564.067882398058,48.5859001299791,4.25941880605451
74.5614512406413,375.004917788627,4.00468029152902
225.778838989943,413.933085529762,3.9347100435321
426.847015379925,12.9424737969401,3.35442331789206
359.15714193321,295.165355135836,2.94746616615902
609.109286965918,108.578448681523,4.22683757895874
390.55234515742,233.045533254644,4.31460141213484
570.665151096062,410.380746373533,4.71864164209131
147.876701173963,278.125755372692,4.62404054126476
199.512798422497,373.127457904387,3.99053284822481
124.520545964016,409.265920243708,3.46685731119512
625.791047752351,308.373703358675,4.57238319670888
2.60444854677806,144.395460478535,4.22997908055799
543.130072210353,208.712933780679,4.12741387077514
33.2883429282178,492.256119592331,2.99424199463368
278.742528262484,20.1175450026275,3.69040715436388
531.00578488169,393.800670951036,3.42165336471105
77.3074346907333,79.7069404448317,5.26375116610322
6.44405685719236,75.3089505950262,3.56398446441052
588.465304107407,224.685520289543,4.06962610182101
440.090967330966,461.325897437581,4.76065125663743
659.659175418192,375.270424211409,2.85178700506524
103.148895731256,483.094611329742,4.35600700330643
626.457257128682,95.8664904344932,4.05395827838939
417.649454460707,257.200912742538,3.60993782820604
11.2227600093188,180.377146685607,3.06024046082039
73.3427497863195,117.700462335264,4.61943599317511
609.786685998979,216.049671550883,4.12787273246854
249.809995688071,221.466156148122,3.72066639535627
579.466299915412,439.261704905193,3.67116392825879
300.661013407488,139.18165563344,3.81485720342817
530.27556663902,449.818917338112,3.51486743179611
44.4018456096243,420.575816093973,3.73299185859726
189.201395158404,295.038341386633,3.64322358775534
556.145606762262,278.230351470584,4.03025421426762
170.145687562286,33.8247847359028,4.27445271538143
498.574964905516,339.376624261286,4.649440736421
47.45666910911,45.6994265697788,4.53675613758976
510.612036124304,156.413005857564,4.77801177736113
NA,NA,NA
659.892580200883,333.014999479633,3.49332963768536
453.345006014775,298.504658055165,3.85194392066961
7.34415433646724,494.124874629111,3.58052480105459
564.067882398058,48.5859001299791,4.25941880605451
74.5614512406413,375.004917788627,4.00468029152902
225.778838989943,413.933085529762,3.9347100435321
426.847015379925,12.9424737969401,3.35442331789206
359.15714193321,295.165355135836,2.94746616615902
609.109286965918,108.578448681523,4.22683757895874
390.55234515742,233.045533254644,4.31460141213484
570.665151096062,410.380746373533,4.71864164209131
147.876701173963,278.125755372692,4.62404054126476
199.512798422497,373.127457904387,3.99053284822481
124.520545964016,409.265920243708,3.46685731119512
625.791047752351,308.373703358675,4.57238319670888
2.60444854677806,144.395460478535,4.22997908055799
543.130072210353,208.712933780679,4.12741387077514
33.2883429282178,492.256119592331,2.99424199463368
278.742528262484,20.1175450026275,3.69040715436388
531.00578488169,393.800670951036,3.42165336471105
77.3074346907333,79.7069404448317,5.26375116610322
6.44405685719236,75.3089505950262,3.56398446441052
588.465304107407,224.685520289543,4.06962610182101
440.090967330966,461.325897437581,4.76065125663743
659.659175418192,375.270424211409,2.85178700506524
103.148895731256,483.094611329742,4.35600700330643
626.457257128682,95.8664904344932,4.05395827838939
417.649454460707,257.200912742538,3.60993782820604
11.2227600093188,180.377146685607,3.06024046082039
73.3427497863195,117.700462335264,4.61943599317511
609.786685998979,216.049671550883,4.12787273246854
249.809995688071,221.466156148122,3.72066639535627
579.466299915412,439.261704905193,3.67116392825879
300.661013407488,139.18165563344,3.81485720342817
530.27556663902,449.818917338112,3.51486743179611
44.4018456096243,420.575816093973,3.73299185859726
189.201395158404,295.038341386633,3.64322358775534
556.145606762262,278.230351470584,4.03025421426762
170.145687562286,33.8247847359028,4.27445271538143
498.574964905516,339.376624261286,4.649440736421
47.45666910911,45.6994265697788,4.53675613758976
510.612036124304,156.413005857564,4.77801177736113
NA,NA,NA
659.892580200883,333.014999479633,3.49332963768536
453.345006014775,298.504658055165,3.85194392066961
7.34415433646724,494.124874629111,3.58052480105459
564.067882398058,48.5859001299791,4.25941880605451
74.5614512406413,375.004917788627,4.00468029152902
225.778838989943,413.933085529762,3.9347100435321
426.847015379925,12.9424737969401,3.35442331789206
359.15714193321,295.165355135836,2.94746616615902
609.109286965918,108.578448681523,4.22683757895874
390.55234515742,233.045533254644,4.31460141213484
570.665151096062,410.380746373533,4.71864164209131
147.876701173963,278.125755372692,4.62404054126476
199.512798422497,373.127457904387,3.99053284822481
124.520545964016,409.265920243708,3.46685731119512
625.791047752351,308.373703358675,4.57238319670888
2.60444854677806,144.395460478535,4.22997908055799
543.130072210353,208.712933780679,4.12741387077514
33.2883429282178,492.256119592331,2.99424199463368
278.742528262484,20.1175450026275,3.69040715436388
531.00578488169,393.800670951036,3.42165336471105
77.3074346907333,79.7069404448317,5.26375116610322
6.44405685719236,75.3089505950262,3.56398446441052
588.465304107407,224.685520289543,4.06962610182101
440.090967330966,461.325897437581,4.76065125663743
659.659175418192,375.270424211409,2.85178700506524
103.148895731256,483.094611329742,4.35600700330643
626.457257128682,95.8664904344932,4.05395827838939
417.649454460707,257.200912742538,3.60993782820604
11.2227600093188,180.377146685607,3.06024046082039
73.3427497863195,117.700462335264,4.61943599317511
609.786685998979,216.049671550883,4.12787273246854
249.809995688071,221.466156148122,3.72066639535627
579.466299915412,439.261704905193,3.67116392825879
300.661013407488,139.18165563344,3.81485720342817
530.27556663902,449.818917338112,3.51486743179611
44.4018456096243,420.575816093973,3.73299185859726
189.201395158404,295.038341386633,3.64322358775534
556.145606762262,278.230351470584,4.03025421426762
170.145687562286,33.8247847359028,4.27445271538143
498.574964905516,339.376624261286,4.649440736421
47.45666910911,45.6994265697788,4.53675613758976
510.612036124304,156.413005857564,4.77801177736113
NA,NA,NA
658.88907195976,336.121539070926,3.47886297664442
454.116377206143,296.892960405875,3.74530438711016
13.9682748070157,491.747610392452,3.62293189173559
559.625429026151,52.0197383000475,4.24923157325034
68.1801441184448,374.008687855541,3.94653546869343
230.882040936304,409.776438849692,3.93300803000792
426.184652765187,12.5944061603384,3.41082553578359
363.74361425082,292.095629598666,3.15229144897489
599.693040710756,103.872248133671,4.10724170884498
396.329046817256,230.32006728856,4.14606577108794
569.613874421817,407.759235083457,4.7450756808718
141.491012967666,278.442636182122,4.44876408838981
197.638271768365,365.24761546272,3.96771788459156
125.492025074408,411.440314240964,3.41168478494673
620.170064752959,318.864485888753,4.45763136581916
-2.46025585827984,148.44627835836,4.28753079036384
539.209190546322,199.964373897455,4.21132642488549
34.6471398368118,490.495204460474,2.87423424382631
284.544583589643,23.8375955961267,3.93207617176891
535.931784501027,391.385558676736,3.28469326780491
70.01799890523,70.5361043196065,5.18266843876249
5.10194906418045,78.4988896098111,3.59330978604202
589.813597375053,224.124527709396,3.98508703783009
438.112580282746,455.202269955518,4.78575957176924
658.475420506368,372.581254649342,3.19283043681537
106.923277272288,490.045119555212,4.31262492877074
623.010243576895,90.7049097986302,4.07280991744211
422.381764779294,258.029057763483,3.68576925408954
11.0492249326782,182.308572346934,3.40978571425543
70.1742847978863,108.250170008335,4.47264617340603
591.934980058345,199.85952804481,4.64157128333325
251.601916525411,226.223171107081,4.02465960543241
577.349366091007,435.192531250357,3.86423495781004
294.114573642023,137.954130356793,3.91819907144871
532.124432696816,456.22464080238,3.66546119452669
55.2603293584349,415.187555589516,3.99522371067964
197.486195951788,284.192510291815,3.95311478778244
551.935384832161,258.037467544838,3.64717821402275
171.614211207911,33.6889329498681,4.59730949338394
500.83611539004,342.067502978266,4.14433947497582
38.7157079709429,58.3222451615471,3.92897745779163
529.884589139535,141.879771008489,4.56789644633852
NA,NA,NA
658.88907195976,336.121539070926,3.47886297664442
454.116377206143,296.892960405875,3.74530438711016
13.9682748070157,491.747610392452,3.62293189173559
559.625429026151,52.0197383000475,4.24923157325034
68.1801441184448,374.008687855541,3.94653546869343
230.882040936304,409.776438849692,3.93300803000792
426.184652765187,12.5944061603384,3.41082553578359
363.74361425082,292.095629598666,3.15229144897489
599.693040710756,103.872248133671,4.10724170884498
396.329046817256,230.32006728856,4.14606577108794
569.613874421817,407.759235083457,4.7450756808718
141.491012967666,278.442636182122,4.44876408838981
197.638271768365,365.24761546272,3.96771788459156
125.492025074408,411.440314240964,3.41168478494673
620.170064752959,318.864485888753,4.45763136581916
-2.46025585827984,148.44627835836,4.28753079036384
539.209190546322,199.964373897455,4.21132642488549
34.6471398368118,490.495204460474,2.87423424382631
284.544583589643,23.8375955961267,3.93207617176891
535.931784501027,391.385558676736,3.28469326780491
70.01799890523,70.5361043196065,5.18266843876249
5.10194906418045,78.4988896098111,3.59330978604202
589.813597375053,224.124527709396,3.98508703783009
438.112580282746,455.202269955518,4.78575957176924
658.475420506368,372.581254649342,3.19283043681537
106.923277272288,490.045119555212,4.31262492877074
623.010243576895,90.7049097986302,4.07280991744211
422.381764779294,258.029057763483,3.68576925408954
11.0492249326782,182.308572346934,3.40978571425543
70.1742847978863,108.250170008335,4.47264617340603
591.934980058345,199.85952804481,4.64157128333325
251.601916525411,226.223171107081,4.02465960543241
577.349366091007,435.192531250357,3.86423495781004
294.114573642023,137.954130356793,3.91819907144871
532.124432696816,456.22464080238,3.66546119452669
55.2603293584349,415.187555589516,3.99522371067964
197.486195951788,284.192510291815,3.95311478778244
551.935384832161,258.037467544838,3.64717821402275
171.614211207911,33.6889329498681,4.59730949338394
500.83611539004,342.067502978266,4.14433947497582
38.7157079709429,58.3222451615471,3.92897745779163
529.884589139535,141.879771008489,4.56789644633852
NA,NA,NA
658.88907195976,336.121539070926,3.47886297664442
454.116377206143,296.892960405875,3.74530438711016
13.9682748070157,491.747610392452,3.62293189173559
559.625429026151,52.0197383000475,4.24923157325034
68.1801441184448,374.008687855541,3.94653546869343
230.882040936304,409.776438849692,3.93300803000792
426.184652765187,12.5944061603384,3.41082553578359
363.74361425082,292.095629598666,3.15229144897489
599.693040710756,103.872248133671,4.10724170884498
396.329046817256,230.32006728856,4.14606577108794
569.613874421817,407.759235083457,4.7450756808718
141.491012967666,278.442636182122,4.44876408838981
197.638271768365,365.24761546272,3.96771788459156
125.492025074408,411.440314240964,3.41168478494673
620.170064752959,318.864485888753,4.45763136581916
-2.46025585827984,148.44627835836,4.28753079036384
539.209190546322,199.964373897455,4.21132642488549
34.6471398368118,490.495204460474,2.87423424382631
284.544583589643,23.8375955961267,3.93207617176891
535.931784501027,391.385558676736,3.28469326780491
70.01799890523,70.5361043196065,5.18266843876249
5.10194906418045,78.4988896098111,3.59330978604202
589.813597375053,224.124527709396,3.98508703783009
438.112580282746,455.202269955518,4.78575957176924
658.475420506368,372.581254649342,3.19283043681537
106.923277272288,490.045119555212,4.31262492877074
623.010243576895,90.7049097986302,4.07280991744211
422.381764779294,258.029057763483,3.68576925408954
11.0492249326782,182.308572346934,3.40978571425543
70.1742847978863,108.250170008335,4.47264617340603
591.934980058345,199.85952804481,4.64157128333325
251.601916525411,226.223171107081,4.02465960543241
577.349366091007,435.192531250357,3.86423495781004
294.114573642023,137.954130356793,3.91819907144871
532.124432696816,456.22464080238,3.66546119452669
55.2603293584349,415.187555589516,3.99522371067964
197.486195951788,284.192510291815,3.95311478778244
551.935384832161,258.037467544838,3.64717821402275
171.614211207911,33.6889329498681,4.59730949338394
500.83611539004,342.067502978266,4.14433947497582
38.7157079709429,58.3222451615471,3.92897745779163
529.884589139535,141.879771008489,4.56789644633852
NA,NA,NA
658.88907195976,336.121539070926,3.47886297664442
454.116377206143,296.892960405875,3.74530438711016
13.9682748070157,491.747610392452,3.62293189173559
559.625429026151,52.0197383000475,4.24923157325034
68.1801441184448,374.008687855541,3.94653546869343
230.882040936304,409.776438849692,3.93300803000792
426.184652765187,12.5944061603384,3.41082553578359
363.74361425082,292.095629598666,3.15229144897489
599.693040710756,103.872248133671,4.10724170884498
396.329046817256,230.32006728856,4.14606577108794
569.613874421817,407.759235083457,4.7450756808718
141.491012967666,278.442636182122,4.44876408838981
197.638271768365,365.24761546272,3.96771788459156
125.492025074408,411.440314240964,3.41168478494673
620.170064752959,318.864485888753,4.45763136581916
-2.46025585827984,148.44627835836,4.28753079036384
539.209190546322,199.964373897455,4.21132642488549
34.6471398368118,490.495204460474,2.87423424382631
284.544583589643,23.8375955961267,3.93207617176891
535.931784501027,391.385558676736,3.28469326780491
70.01799890523,70.5361043196065,5.18266843876249
5.10194906418045,78.4988896098111,3.59330978604202
589.813597375053,224.124527709396,3.98508703783009
438.112580282746,455.202269955518,4.78575957176924
658.475420506368,372.581254649342,3.19283043681537
106.923277272288,490.045119555212,4.31262492877074
623.010243576895,90.7049097986302,4.07280991744211
422.381764779294,258.029057763483,3.68576925408954
11.0492249326782,182.308572346934,3.40978571425543
70.1742847978863,108.250170008335,4.47264617340603
591.934980058345,199.85952804481,4.64157128333325
251.601916525411,226.223171107081,4.02465960543241
577.349366091007,435.192531250357,3.86423495781004
294.114573642023,137.954130356793,3.91819907144871
532.124432696816,456.22464080238,3.66546119452669
55.2603293584349,415.187555589516,3.99522371067964
197.486195951788,284.192510291815,3.95311478778244
551.935384832161,258.037467544838,3.64717821402275
171.614211207911,33.6889329498681,4.59730949338394
500.83611539004,342.067502978266,4.14433947497582
38.7157079709429,58.3222451615471,3.92897745779163
529.884589139535,141.879771008489,4.56789644633852
NA,NA,NA
658.88907195976,336.121539070926,3.47886297664442
454.116377206143,296.892960405875,3.74530438711016
13.9682748070157,491.747610392452,3.62293189173559
559.625429026151,52.0197383000475,4.24923157325034
68.1801441184448,374.008687855541,3.94653546869343
230.882040936304,409.776438849692,3.93300803000792
426.184652765187,12.5944061603384,3.41082553578359
363.74361425082,292.095629598666,3.15229144897489
599.693040710756,103.872248133671,4.10724170884498
396.329046817256,230.32006728856,4.14606577108794
569.613874421817,407.759235083457,4.7450756808718
141.491012967666,278.442636182122,4.44876408838981
197.638271768365,365.24761546272,3.96771788459156
125.492025074408,411.440314240964,3.41168478494673
620.170064752959,318.864485888753,4.45763136581916
-2.46025585827984,148.44627835836,4.28753079036384
539.209190546322,199.964373897455,4.21132642488549
34.6471398368118,490.495204460474,2.87423424382631
284.544583589643,23.8375955961267,3.93207617176891
535.931784501027,391.385558676736,3.28469326780491
70.01799890523,70.5361043196065,5.18266843876249
5.10194906418045,78.4988896098111,3.59330978604202
589.813597375053,224.124527709396,3.98508703783009
438.112580282746,455.202269955518,4.78575957176924
658.475420506368,372.581254649342,3.19283043681537
106.923277272288,490.045119555212,4.31262492877074
623.010243576895,90.7049097986302,4.07280991744211
422.381764779294,258.029057763483,3.68576925408954
11.0492249326782,182.308572346934,3.40978571425543
70.1742847978863,108.250170008335,4.47264617340603
591.934980058345,199.85952804481,4.64157128333325
251.601916525411,226.223171107081,4.02465960543241
577.349366091007,435.192531250357,3.86423495781004
294.114573642023,137.954130356793,3.91819907144871
532.124432696816,456.22464080238,3.66546119452669
55.2603293584349,415.187555589516,3.99522371067964
197.486195951788,284.192510291815,3.95311478778244
551.935384832161,258.037467544838,3.64717821402275
171.614211207911,33.6889329498681,4.59730949338394
500.83611539004,342.067502978266,4.14433947497582
38.7157079709429,58.3222451615471,3.92897745779163
529.884589139535,141.879771008489,4.56789644633852
NA,NA,NA
658.88907195976,336.121539070926,3.47886297664442
454.116377206143,296.892960405875,3.74530438711016
13.9682748070157,491.747610392452,3.62293189173559
559.625429026151,52.0197383000475,4.24923157325034
68.1801441184448,374.008687855541,3.94653546869343
230.882040936304,409.776438849692,3.93300803000792
426.184652765187,12.5944061603384,3.41082553578359
363.74361425082,292.095629598666,3.15229144897489
599.693040710756,103.872248133671,4.10724170884498
396.329046817256,230.32006728856,4.14606577108794
569.613874421817,407.759235083457,4.7450756808718
141.491012967666,278.442636182122,4.44876408838981
197.638271768365,365.24761546272,3.96771788459156
125.492025074408,411.440314240964,3.41168478494673
620.170064752959,318.864485888753,4.45763136581916
-2.46025585827984,148.44627835836,4.28753079036384
539.209190546322,199.964373897455,4.21132642488549
34.6471398368118,490.495204460474,2.87423424382631
284.544583589643,23.8375955961267,3.93207617176891
535.931784501027,391.385558676736,3.28469326780491
70.01799890523,70.5361043196065,5.18266843876249
5.10194906418045,78.4988896098111,3.59330978604202
589.813597375053,224.124527709396,3.98508703783009
438.112580282746,455.202269955518,4.78575957176924
658.475420506368,372.581254649342,3.19283043681537
106.923277272288,490.045119555212,4.31262492877074
623.010243576895,90.7049097986302,4.07280991744211
422.381764779294,258.029057763483,3.68576925408954
11.0492249326782,182.308572346934,3.40978571425543
70.1742847978863,108.250170008335,4.47264617340603
591.934980058345,199.85952804481,4.64157128333325
251.601916525411,226.223171107081,4.02465960543241
577.349366091007,435.192531250357,3.86423495781004
294.114573642023,137.954130356793,3.91819907144871
532.124432696816,456.22464080238,3.66546119452669
55.2603293584349,415.187555589516,3.99522371067964
197.486195951788,284.192510291815,3.95311478778244
551.935384832161,258.037467544838,3.64717821402275
171.614211207911,33.6889329498681,4.59730949338394
500.83611539004,342.067502978266,4.14433947497582
38.7157079709429,58.3222451615471,3.92897745779163
529.884589139535,141.879771008489,4.56789644633852
NA,NA,NA
664.064913647574,333.149182593017,3.47273898786549
457.362308717815,299.512343293107,3.50568610713904
9.69983315807633,492.810149467319,3.47296759050449
567.570580622486,51.1227210227811,4.23061204740475
73.8349809584518,376.385968649852,4.01615630435639
226.900662264521,415.575828794221,3.91662410944853
428.777582533812,12.8916978935424,3.39750972187451
362.794610660601,293.083138872429,2.98245496083481
606.238638574944,104.681578314765,4.21263483398978
388.638255147904,233.167792382735,4.24240026283351
572.405803304214,409.496246711908,4.75083476254364
142.103992525242,284.671411095812,4.5549554078208
195.003786068571,372.036947825386,4.02033754068166
125.77727586178,413.735850828,3.4023464250919
624.26651427994,316.595318450281,4.54702591995716
8.5593362966855,148.795315022107,4.34343356036855
538.64204667487,202.526714276723,4.23081246593922
32.9817566931386,493.172711453625,3.145154289215
281.421997048874,21.7533718594488,3.98036457971943
538.23823256411,393.824140784614,3.49090826155743
72.4135437453434,86.4525032623689,5.28262722408295
1.61687885189077,78.9168113583789,3.52196975598608
587.789866053627,225.592422274534,4.00426619645218
434.871060208619,464.029832406784,4.76446979739498
658.530170608199,372.684320521008,3.20003933373431
104.573406836746,487.417276916941,4.35233379500812
628.205034128396,87.6288823720736,4.04323171994138
421.528017599052,256.922881431395,3.55481769442978
10.8592626081898,181.846905704516,3.20724966118887
68.8274546310631,111.618919048846,4.51845412641606
616.368086114804,199.246251179903,4.4222506315025
253.026157847747,217.076180050525,3.98726684215544
572.549071001073,437.842028245728,3.50991402865347
303.284669592833,133.155487032403,3.83398083378508
527.873919568672,456.16175213115,3.57234229269681
46.8208396692771,414.580393086154,4.05568185747524
190.790398834809,297.862790151265,4.01103579966789
551.754456860549,261.962292727649,3.62395352088788
175.000510923641,41.5587542912219,4.16739417125889
503.51100899604,338.764038904527,4.55416948192515
45.6001258541572,48.1062982975356,3.41217357765866
549.637327391611,140.991940490485,4.59285239918352
NA,NA,NA
664.064913647574,333.149182593017,3.47273898786549
457.362308717815,299.512343293107,3.50568610713904
9.69983315807633,492.810149467319,3.47296759050449
567.570580622486,51.1227210227811,4.23061204740475
73.8349809584518,376.385968649852,4.01615630435639
226.900662264521,415.575828794221,3.91662410944853
428.777582533812,12.8916978935424,3.39750972187451
362.794610660601,293.083138872429,2.98245496083481
606.238638574944,104.681578314765,4.21263483398978
388.638255147904,233.167792382735,4.24240026283351
572.405803304214,409.496246711908,4.75083476254364
142.103992525242,284.671411095812,4.5549554078208
195.003786068571,372.036947825386,4.02033754068166
125.77727586178,413.735850828,3.4023464250919
624.26651427994,316.595318450281,4.54702591995716
8.5593362966855,148.795315022107,4.34343356036855
538.64204667487,202.526714276723,4.23081246593922
32.9817566931386,493.172711453625,3.145154289215
281.421997048874,21.7533718594488,3.98036457971943
538.23823256411,393.824140784614,3.49090826155743
72.4135437453434,86.4525032623689,5.28262722408295
1.61687885189077,78.9168113583789,3.52196975598608
587.789866053627,225.592422274534,4.00426619645218
434.871060208619,464.029832406784,4.76446979739498
658.530170608199,372.684320521008,3.20003933373431
104.573406836746,487.417276916941,4.35233379500812
628.205034128396,87.6288823720736,4.04323171994138
421.528017599052,256.922881431395,3.55481769442978
10.8592626081898,181.846905704516,3.20724966118887
68.8274546310631,111.618919048846,4.51845412641606
616.368086114804,199.246251179903,4.4222506315025
253.026157847747,217.076180050525,3.98726684215544
572.549071001073,437.842028245728,3.50991402865347
303.284669592833,133.155487032403,3.83398083378508
527.873919568672,456.16175213115,3.57234229269681
46.8208396692771,414.580393086154,4.05568185747524
190.790398834809,297.862790151265,4.01103579966789
551.754456860549,261.962292727649,3.62395352088788
175.000510923641,41.5587542912219,4.16739417125889
503.51100899604,338.764038904527,4.55416948192515
45.6001258541572,48.1062982975356,3.41217357765866
549.637327391611,140.991940490485,4.59285239918352
NA,NA,NA
664.064913647574,333.149182593017,3.47273898786549
457.362308717815,299.512343293107,3.50568610713904
9.69983315807633,492.810149467319,3.47296759050449
567.570580622486,51.1227210227811,4.23061204740475
73.8349809584518,376.385968649852,4.01615630435639
226.900662264521,415.575828794221,3.91662410944853
428.777582533812,12.8916978935424,3.39750972187451
362.794610660601,293.083138872429,2.98245496083481
606.238638574944,104.681578314765,4.21263483398978
388.638255147904,233.167792382735,4.24240026283351
572.405803304214,409.496246711908,4.75083476254364
142.103992525242,284.671411095812,4.5549554078208
195.003786068571,372.036947825386,4.02033754068166
125.77727586178,413.735850828,3.4023464250919
624.26651427994,316.595318450281,4.54702591995716
8.5593362966855,148.795315022107,4.34343356036855
538.64204667487,202.526714276723,4.23081246593922
32.9817566931386,493.172711453625,3.145154289215
281.421997048874,21.7533718594488,3.98036457971943
538.23823256411,393.824140784614,3.49090826155743
72.4135437453434,86.4525032623689,5.28262722408295
1.61687885189077,78.9168113583789,3.52196975598608
587.789866053627,225.592422274534,4.00426619645218
434.871060208619,464.029832406784,4.76446979739498
658.530170608199,372.684320521008,3.20003933373431
104.573406836746,487.417276916941,4.35233379500812
628.205034128396,87.6288823720736,4.04323171994138
421.528017599052,256.922881431395,3.55481769442978
10.8592626081898,181.846905704516,3.20724966118887
68.8274546310631,111.618919048846,4.51845412641606
616.368086114804,199.246251179903,4.4222506315025
253.026157847747,217.076180050525,3.98726684215544
572.549071001073,437.842028245728,3.50991402865347
303.284669592833,133.155487032403,3.83398083378508
527.873919568672,456.16175213115,3.57234229269681
46.8208396692771,414.580393086154,4.05568185747524
190.790398834809,297.862790151265,4.01103579966789
551.754456860549,261.962292727649,3.62395352088788
175.000510923641,41.5587542912219,4.16739417125889
503.51100899604,338.764038904527,4.55416948192515
45.6001258541572,48.1062982975356,3.41217357765866
549.637327391611,140.991940490485,4.59285239918352
NA,NA,NA
664.064913647574,333.149182593017,3.47273898786549
457.362308717815,299.512343293107,3.50568610713904
9.69983315807633,492.810149467319,3.47296759050449
567.570580622486,51.1227210227811,4.23061204740475
73.8349809584518,376.385968649852,4.01615630435639
226.900662264521,415.575828794221,3.91662410944853
428.777582533812,12.8916978935424,3.39750972187451
362.794610660601,293.083138872429,2.98245496083481
606.238638574944,104.681578314765,4.21263483398978
388.638255147904,233.167792382735,4.24240026283351
572.405803304214,409.496246711908,4.75083476254364
142.103992525242,284.671411095812,4.5549554078208
195.003786068571,372.036947825386,4.02033754068166
125.77727586178,413.735850828,3.4023464250919
624.26651427994,316.595318450281,4.54702591995716
8.5593362966855,148.795315022107,4.34343356036855
538.64204667487,202.526714276723,4.23081246593922
32.9817566931386,493.172711453625,3.145154289215
281.421997048874,21.7533718594488,3.98036457971943
538.23823256411,393.824140784614,3.49090826155743
72.4135437453434,86.4525032623689,5.28262722408295
1.61687885189077,78.9168113583789,3.52196975598608
587.789866053627,225.592422274534,4.00426619645218
434.871060208619,464.029832406784,4.76446979739498
658.530170608199,372.684320521008,3.20003933373431
104.573406836746,487.417276916941,4.35233379500812
628.205034128396,87.6288823720736,4.04323171994138
421.528017599052,256.922881431395,3.55481769442978
10.8592626081898,181.846905704516,3.20724966118887
68.8274546310631,111.618919048846,4.51845412641606
616.368086114804,199.246251179903,4.4222506315025
253.026157847747,217.076180050525,3.98726684215544
572.549071001073,437.842028245728,3.50991402865347
303.284669592833,133.155487032403,3.83398083378508
527.873919568672,456.16175213115,3.57234229269681
46.8208396692771,414.580393086154,4.05568185747524
190.790398834809,297.862790151265,4.01103579966789
551.754456860549,261.962292727649,3.62395352088788
175.000510923641,41.5587542912219,4.16739417125889
503.51100899604,338.764038904527,4.55416948192515
45.6001258541572,48.1062982975356,3.41217357765866
549.637327391611,140.991940490485,4.59285239918352
NA,NA,NA
664.064913647574,333.149182593017,3.47273898786549
457.362308717815,299.512343293107,3.50568610713904
9.69983315807633,492.810149467319,3.47296759050449
567.570580622486,51.1227210227811,4.23061204740475
73.8349809584518,376.385968649852,4.01615630435639
226.900662264521,415.575828794221,3.91662410944853
428.777582533812,12.8916978935424,3.39750972187451
362.794610660601,293.083138872429,2.98245496083481
606.238638574944,104.681578314765,4.21263483398978
388.638255147904,233.167792382735,4.24240026283351
572.405803304214,409.496246711908,4.75083476254364
142.103992525242,284.671411095812,4.5549554078208
195.003786068571,372.036947825386,4.02033754068166
125.77727586178,413.735850828,3.4023464250919
624.26651427994,316.595318450281,4.54702591995716
8.5593362966855,148.795315022107,4.34343356036855
538.64204667487,202.526714276723,4.23081246593922
32.9817566931386,493.172711453625,3.145154289215
281.421997048874,21.7533718594488,3.98036457971943
538.23823256411,393.824140784614,3.49090826155743
72.4135437453434,86.4525032623689,5.28262722408295
1.61687885189077,78.9168113583789,3.52196975598608
587.789866053627,225.592422274534,4.00426619645218
434.871060208619,464.029832406784,4.76446979739498
658.530170608199,372.684320521008,3.20003933373431
104.573406836746,487.417276916941,4.35233379500812
628.205034128396,87.6288823720736,4.04323171994138
421.528017599052,256.922881431395,3.55481769442978
10.8592626081898,181.846905704516,3.20724966118887
68.8274546310631,111.618919048846,4.51845412641606
616.368086114804,199.246251179903,4.4222506315025
253.026157847747,217.076180050525,3.98726684215544
572.549071001073,437.842028245728,3.50991402865347
303.284669592833,133.155487032403,3.83398083378508
527.873919568672,456.16175213115,3.57234229269681
46.8208396692771,414.580393086154,4.05568185747524
190.790398834809,297.862790151265,4.01103579966789
551.754456860549,261.962292727649,3.62395352088788
175.000510923641,41.5587542912219,4.16739417125889
503.51100899604,338.764038904527,4.55416948192515
45.6001258541572,48.1062982975356,3.41217357765866
549.637327391611,140.991940490485,4.59285239918352
NA,NA,NA
664.064913647574,333.149182593017,3.47273898786549
457.362308717815,299.512343293107,3.50568610713904
9.69983315807633,492.810149467319,3.47296759050449
567.570580622486,51.1227210227811,4.23061204740475
73.8349809584518,376.385968649852,4.01615630435639
226.900662264521,415.575828794221,3.91662410944853
428.777582533812,12.8916978935424,3.39750972187451
362.794610660601,293.083138872429,2.98245496083481
606.238638574944,104.681578314765,4.21263483398978
388.638255147904,233.167792382735,4.24240026283351
572.405803304214,409.496246711908,4.75083476254364
142.103992525242,284.671411095812,4.5549554078208
195.003786068571,372.036947825386,4.02033754068166
125.77727586178,413.735850828,3.4023464250919
624.26651427994,316.595318450281,4.54702591995716
8.5593362966855,148.795315022107,4.34343356036855
538.64204667487,202.526714276723,4.23081246593922
32.9817566931386,493.172711453625,3.145154289215
281.421997048874,21.7533718594488,3.98036457971943
538.23823256411,393.824140784614,3.49090826155743
72.4135437453434,86.4525032623689,5.28262722408295
1.61687885189077,78.9168113583789,3.52196975598608
587.789866053627,225.592422274534,4.00426619645218
434.871060208619,464.029832406784,4.76446979739498
658.530170608199,372.684320521008,3.20003933373431
104.573406836746,487.417276916941,4.35233379500812
628.205034128396,87.6288823720736,4.04323171994138
421.528017599052,256.922881431395,3.55481769442978
10.8592626081898,181.846905704516,3.20724966118887
68.8274546310631,111.618919048846,4.51845412641606
616.368086114804,199.246251179903,4.4222506315025
253.026157847747,217.076180050525,3.98726684215544
572.549071001073,437.842028245728,3.50991402865347
303.284669592833,133.155487032403,3.83398083378508
527.873919568672,456.16175213115,3.57234229269681
46.8208396692771,414.580393086154,4.05568185747524
190.790398834809,297.862790151265,4.01103579966789
551.754456860549,261.962292727649,3.62395352088788
175.000510923641,41.5587542912219,4.16739417125889
503.51100899604,338.764038904527,4.55416948192515
45.6001258541572,48.1062982975356,3.41217357765866
549.637327391611,140.991940490485,4.59285239918352
NA,NA,NA
661.441528758461,335.256011351209,3.36897982423756
458.482983325375,296.339363917157,3.72296510603677
7.9198516159429,493.937262155889,3.68862700472304
558.280118834037,55.3300067415742,4.23722215023044
69.742394746082,372.671944710162,3.93076274489391
229.836493583493,412.32018507677,3.8228221781784
429.552664407234,14.871431973096,3.41970255911622
364.011199260419,293.110974710807,2.96911961381303
601.654545964993,105.891869190851,4.07427900476634
389.877027297586,228.64568105622,4.28223026382841
567.113048533214,403.722989364526,4.7668041041571
141.484611788907,287.13367104259,4.46329940500529
202.080588664144,367.544275909076,4.10014026980142
124.918981976487,412.076363675053,3.30723036859851
623.245440123123,317.327982929257,4.70102545465834
1.62788918984386,149.211553872401,4.27506950752109
543.001170792735,204.756206936595,4.28022373664371
34.6964836385357,491.559346954453,2.98597620087598
280.12601740373,20.9029473930454,3.86965433084919
536.445360225808,394.133186834556,3.33714408205917
69.753757325913,76.6242037395254,5.3175995477888
5.77838007169241,73.9544919506255,3.51571924788034
584.895697227763,226.242388647398,4.00077180608844
438.163893225023,463.374779281254,4.84658753459364
661.001294012461,372.122772419327,3.02173988303158
103.454535171873,489.856584836333,4.35265721177449
623.992412683202,85.6485640237408,4.03610917999878
418.773911009921,256.035289453797,3.72444847063545
10.2234103836099,180.485857972848,3.36797057311094
52.780294414134,123.672843097527,4.51716114179624
612.008024620094,205.804301946202,4.38902041711208
254.593765141244,221.387878397698,4.04302344156106
567.630880154499,426.395532076632,3.65913424647056
299.715282436426,135.466204956481,3.87777400799041
525.278141729186,456.062713345823,3.85952974797436
45.5758937220582,411.096080934141,4.12862550871024
192.522632754583,282.514131594053,4.12951373699987
554.758267070578,261.874561841781,3.62581395936887
173.197341155526,38.9051100256273,4.28303485598307
503.590969469228,348.515418206755,4.41091536389313
38.1349968970686,47.7689650979982,4.16439246859878
546.10118848104,153.620149696955,4.78301054730147
NA,NA,NA
661.441528758461,335.256011351209,3.36897982423756
458.482983325375,296.339363917157,3.72296510603677
7.9198516159429,493.937262155889,3.68862700472304
558.280118834037,55.3300067415742,4.23722215023044
69.742394746082,372.671944710162,3.93076274489391
229.836493583493,412.32018507677,3.8228221781784
429.552664407234,14.871431973096,3.41970255911622
364.011199260419,293.110974710807,2.96911961381303
601.654545964993,105.891869190851,4.07427900476634
389.877027297586,228.64568105622,4.28223026382841
567.113048533214,403.722989364526,4.7668041041571
141.484611788907,287.13367104259,4.46329940500529
202.080588664144,367.544275909076,4.10014026980142
124.918981976487,412.076363675053,3.30723036859851
623.245440123123,317.327982929257,4.70102545465834
1.62788918984386,149.211553872401,4.27506950752109
543.001170792735,204.756206936595,4.28022373664371
34.6964836385357,491.559346954453,2.98597620087598
280.12601740373,20.9029473930454,3.86965433084919
536.445360225808,394.133186834556,3.33714408205917
69.753757325913,76.6242037395254,5.3175995477888
5.77838007169241,73.9544919506255,3.51571924788034
584.895697227763,226.242388647398,4.00077180608844
438.163893225023,463.374779281254,4.84658753459364
661.001294012461,372.122772419327,3.02173988303158
103.454535171873,489.856584836333,4.35265721177449
623.992412683202,85.6485640237408,4.03610917999878
418.773911009921,256.035289453797,3.72444847063545
10.2234103836099,180.485857972848,3.36797057311094
52.780294414134,123.672843097527,4.51716114179624
612.008024620094,205.804301946202,4.38902041711208
254.593765141244,221.387878397698,4.04302344156106
567.630880154499,426.395532076632,3.65913424647056
299.715282436426,135.466204956481,3.87777400799041
525.278141729186,456.062713345823,3.85952974797436
45.5758937220582,411.096080934141,4.12862550871024
192.522632754583,282.514131594053,4.12951373699987
554.758267070578,261.874561841781,3.62581395936887
173.197341155526,38.9051100256273,4.28303485598307
503.590969469228,348.515418206755,4.41091536389313
38.1349968970686,47.7689650979982,4.16439246859878
546.10118848104,153.620149696955,4.78301054730147
NA,NA,NA
661.441528758461,335.256011351209,3.36897982423756
458.482983325375,296.339363917157,3.72296510603677
7.9198516159429,493.937262155889,3.68862700472304
558.280118834037,55.3300067415742,4.23722215023044
69.742394746082,372.671944710162,3.93076274489391
229.836493583493,412.32018507677,3.8228221781784
429.552664407234,14.871431973096,3.41970255911622
364.011199260419,293.110974710807,2.96911961381303
601.654545964993,105.891869190851,4.07427900476634
389.877027297586,228.64568105622,4.28223026382841
567.113048533214,403.722989364526,4.7668041041571
141.484611788907,287.13367104259,4.46329940500529
202.080588664144,367.544275909076,4.10014026980142
124.918981976487,412.076363675053,3.30723036859851
623.245440123123,317.327982929257,4.70102545465834
1.62788918984386,149.211553872401,4.27506950752109
543.001170792735,204.756206936595,4.28022373664371
34.6964836385357,491.559346954453,2.98597620087598
280.12601740373,20.9029473930454,3.86965433084919
536.445360225808,394.133186834556,3.33714408205917
69.753757325913,76.6242037395254,5.3175995477888
5.77838007169241,73.9544919506255,3.51571924788034
584.895697227763,226.242388647398,4.00077180608844
438.163893225023,463.374779281254,4.84658753459364
661.001294012461,372.122772419327,3.02173988303158
103.454535171873,489.856584836333,4.35265721177449
623.992412683202,85.6485640237408,4.03610917999878
418.773911009921,256.035289453797,3.72444847063545
10.2234103836099,180.485857972848,3.36797057311094
52.780294414134,123.672843097527,4.51716114179624
612.008024620094,205.804301946202,4.38902041711208
254.593765141244,221.387878397698,4.04302344156106
567.630880154499,426.395532076632,3.65913424647056
299.715282436426,135.466204956481,3.87777400799041
525.278141729186,456.062713345823,3.85952974797436
45.5758937220582,411.096080934141,4.12862550871024
192.522632754583,282.514131594053,4.12951373699987
554.758267070578,261.874561841781,3.62581395936887
173.197341155526,38.9051100256273,4.28303485598307
503.590969469228,348.515418206755,4.41091536389313
38.1349968970686,47.7689650979982,4.16439246859878
546.10118848104,153.620149696955,4.78301054730147
NA,NA,NA
661.441528758461,335.256011351209,3.36897982423756
458.482983325375,296.339363917157,3.72296510603677
7.9198516159429,493.937262155889,3.68862700472304
558.280118834037,55.3300067415742,4.23722215023044
69.742394746082,372.671944710162,3.93076274489391
229.836493583493,412.32018507677,3.8228221781784
429.552664407234,14.871431973096,3.41970255911622
364.011199260419,293.110974710807,2.96911961381303
601.654545964993,105.891869190851,4.07427900476634
389.877027297586,228.64568105622,4.28223026382841
567.113048533214,403.722989364526,4.7668041041571
141.484611788907,287.13367104259,4.46329940500529
202.080588664144,367.544275909076,4.10014026980142
124.918981976487,412.076363675053,3.30723036859851
623.245440123123,317.327982929257,4.70102545465834
1.62788918984386,149.211553872401,4.27506950752109
543.001170792735,204.756206936595,4.28022373664371
34.6964836385357,491.559346954453,2.98597620087598
280.12601740373,20.9029473930454,3.86965433084919
536.445360225808,394.133186834556,3.33714408205917
69.753757325913,76.6242037395254,5.3175995477888
5.77838007169241,73.9544919506255,3.51571924788034
584.895697227763,226.242388647398,4.00077180608844
438.163893225023,463.374779281254,4.84658753459364
661.001294012461,372.122772419327,3.02173988303158
103.454535171873,489.856584836333,4.35265721177449
623.992412683202,85.6485640237408,4.03610917999878
418.773911009921,256.035289453797,3.72444847063545
10.2234103836099,180.485857972848,3.36797057311094
52.780294414134,123.672843097527,4.51716114179624
612.008024620094,205.804301946202,4.38902041711208
254.593765141244,221.387878397698,4.04302344156106
567.630880154499,426.395532076632,3.65913424647056
299.715282436426,135.466204956481,3.87777400799041
525.278141729186,456.062713345823,3.85952974797436
45.5758937220582,411.096080934141,4.12862550871024
192.522632754583,282.514131594053,4.12951373699987
554.758267070578,261.874561841781,3.62581395936887
173.197341155526,38.9051100256273,4.28303485598307
503.590969469228,348.515418206755,4.41091536389313
38.1349968970686,47.7689650979982,4.16439246859878
546.10118848104,153.620149696955,4.78301054730147
NA,NA,NA
661.441528758461,335.256011351209,3.36897982423756
458.482983325375,296.339363917157,3.72296510603677
7.9198516159429,493.937262155889,3.68862700472304
558.280118834037,55.3300067415742,4.23722215023044
69.742394746082,372.671944710162,3.93076274489391
229.836493583493,412.32018507677,3.8228221781784
429.552664407234,14.871431973096,3.41970255911622
364.011199260419,293.110974710807,2.96911961381303
601.654545964993,105.891869190851,4.07427900476634
389.877027297586,228.64568105622,4.28223026382841
567.113048533214,403.722989364526,4.7668041041571
141.484611788907,287.13367104259,4.46329940500529
202.080588664144,367.544275909076,4.10014026980142
124.918981976487,412.076363675053,3.30723036859851
623.245440123123,317.327982929257,4.70102545465834
1.62788918984386,149.211553872401,4.27506950752109
543.001170792735,204.756206936595,4.28022373664371
34.6964836385357,491.559346954453,2.98597620087598
280.12601740373,20.9029473930454,3.86965433084919
536.445360225808,394.133186834556,3.33714408205917
69.753757325913,76.6242037395254,5.3175995477888
5.77838007169241,73.9544919506255,3.51571924788034
584.895697227763,226.242388647398,4.00077180608844
438.163893225023,463.374779281254,4.84658753459364
661.001294012461,372.122772419327,3.02173988303158
103.454535171873,489.856584836333,4.35265721177449
623.992412683202,85.6485640237408,4.03610917999878
418.773911009921,256.035289453797,3.72444847063545
10.2234103836099,180.485857972848,3.36797057311094
52.780294414134,123.672843097527,4.51716114179624
612.008024620094,205.804301946202,4.38902041711208
254.593765141244,221.387878397698,4.04302344156106
567.630880154499,426.395532076632,3.65913424647056
299.715282436426,135.466204956481,3.87777400799041
525.278141729186,456.062713345823,3.85952974797436
45.5758937220582,411.096080934141,4.12862550871024
192.522632754583,282.514131594053,4.12951373699987
554.758267070578,261.874561841781,3.62581395936887
173.197341155526,38.9051100256273,4.28303485598307
503.590969469228,348.515418206755,4.41091536389313
38.1349968970686,47.7689650979982,4.16439246859878
546.10118848104,153.620149696955,4.78301054730147
NA,NA,NA
661.441528758461,335.256011351209,3.36897982423756
458.482983325375,296.339363917157,3.72296510603677
7.9198516159429,493.937262155889,3.68862700472304
558.280118834037,55.3300067415742,4.23722215023044
69.742394746082,372.671944710162,3.93076274489391
229.836493583493,412.32018507677,3.8228221781784
429.552664407234,14.871431973096,3.41970255911622
364.011199260419,293.110974710807,2.96911961381303
601.654545964993,105.891869190851,4.07427900476634
389.877027297586,228.64568105622,4.28223026382841
567.113048533214,403.722989364526,4.7668041041571
141.484611788907,287.13367104259,4.46329940500529
202.080588664144,367.544275909076,4.10014026980142
124.918981976487,412.076363675053,3.30723036859851
623.245440123123,317.327982929257,4.70102545465834
1.62788918984386,149.211553872401,4.27506950752109
543.001170792735,204.756206936595,4.28022373664371
34.6964836385357,491.559346954453,2.98597620087598
280.12601740373,20.9029473930454,3.86965433084919
536.445360225808,394.133186834556,3.33714408205917
69.753757325913,76.6242037395254,5.3175995477888
5.77838007169241,73.9544919506255,3.51571924788034
584.895697227763,226.242388647398,4.00077180608844
438.163893225023,463.374779281254,4.84658753459364
661.001294012461,372.122772419327,3.02173988303158
103.454535171873,489.856584836333,4.35265721177449
623.992412683202,85.6485640237408,4.03610917999878
418.773911009921,256.035289453797,3.72444847063545
10.2234103836099,180.485857972848,3.36797057311094
52.780294414134,123.672843097527,4.51716114179624
612.008024620094,205.804301946202,4.38902041711208
254.593765141244,221.387878397698,4.04302344156106
567.630880154499,426.395532076632,3.65913424647056
299.715282436426,135.466204956481,3.87777400799041
525.278141729186,456.062713345823,3.85952974797436
45.5758937220582,411.096080934141,4.12862550871024
192.522632754583,282.514131594053,4.12951373699987
554.758267070578,261.874561841781,3.62581395936887
173.197341155526,38.9051100256273,4.28303485598307
503.590969469228,348.515418206755,4.41091536389313
38.1349968970686,47.7689650979982,4.16439246859878
546.10118848104,153.620149696955,4.78301054730147
NA,NA,NA
661.609684540272,329.80606743549,3.43651535686906
456.980654323076,293.683790391052,3.94233968572374
4.90538069611595,495.100253790422,3.71288247538705
557.467285949263,52.9369273578393,4.15097878926491
70.1087911844884,371.474450681302,4.04654097650991
228.972962911699,415.332097067139,3.89401209571937
425.491829849946,15.9170154857711,3.19033668127283
364.366508328294,292.322025101789,3.05723536053581
607.044657600638,102.600414153709,4.3202996904195
392.43177273424,234.27404546757,4.13658032237011
572.491386567239,416.798312267412,4.72016683835607
134.499917023854,283.819862187016,4.48617882598226
198.917819763902,370.811528172546,4.09839227572224
124.430126593599,411.2214233436,3.23643388091062
632.002899464367,313.495535517579,4.5968154693562
1.29414967939226,151.282733315061,4.14623648614184
545.498906066724,201.092353374324,4.29376928187173
33.3299641295794,488.955214681265,2.98347960502135
278.408609249186,23.5098605882016,3.90604681805511
533.337314523188,391.870839964834,3.46023981415223
65.1411875886327,82.7314119768187,5.29686465659861
2.93806524838874,75.8075604289621,3.56093822375306
586.036897262,225.039608512233,3.97513843981909
445.928343868195,462.403703982955,4.80313963961992
658.420807039486,373.335326331904,3.15640936370591
104.478254597293,486.121250110228,4.34615580059826
624.411174923176,85.022614725635,4.15755413569798
420.946023748436,257.7838378682,3.63238984413649
8.98437047416106,183.522496777313,3.19047768897067
69.8968771996516,117.59516899946,4.65450804048026
610.138104375137,214.519271295003,4.2615788743997
262.117715533632,226.712152480666,3.94967694071584
575.264085026502,435.710788008219,3.87187085880331
298.940403331845,138.159876892527,3.94229057960231
524.965667144194,459.66041858936,3.6676577513444
53.3902053670056,432.071913323419,4.19506238329324
205.895715996295,293.583153224928,4.37936295840373
550.739301470583,259.640690333825,3.5819196637725
169.514126344698,20.4545500506538,4.43665928861774
505.793670256873,347.9242750787,4.43801773591019
31.1164446150986,57.0809511442454,3.55085060298871
520.775468940112,134.984041900506,4.40195641999885
NA,NA,NA
661.609684540272,329.80606743549,3.43651535686906
456.980654323076,293.683790391052,3.94233968572374
4.90538069611595,495.100253790422,3.71288247538705
557.467285949263,52.9369273578393,4.15097878926491
70.1087911844884,371.474450681302,4.04654097650991
228.972962911699,415.332097067139,3.89401209571937
425.491829849946,15.9170154857711,3.19033668127283
364.366508328294,292.322025101789,3.05723536053581
607.044657600638,102.600414153709,4.3202996904195
392.43177273424,234.27404546757,4.13658032237011
572.491386567239,416.798312267412,4.72016683835607
134.499917023854,283.819862187016,4.48617882598226
198.917819763902,370.811528172546,4.09839227572224
124.430126593599,411.2214233436,3.23643388091062
632.002899464367,313.495535517579,4.5968154693562
1.29414967939226,151.282733315061,4.14623648614184
545.498906066724,201.092353374324,4.29376928187173
33.3299641295794,488.955214681265,2.98347960502135
278.408609249186,23.5098605882016,3.90604681805511
533.337314523188,391.870839964834,3.46023981415223
65.1411875886327,82.7314119768187,5.29686465659861
2.93806524838874,75.8075604289621,3.56093822375306
586.036897262,225.039608512233,3.97513843981909
445.928343868195,462.403703982955,4.80313963961992
658.420807039486,373.335326331904,3.15640936370591
104.478254597293,486.121250110228,4.34615580059826
624.411174923176,85.022614725635,4.15755413569798
420.946023748436,257.7838378682,3.63238984413649
8.98437047416106,183.522496777313,3.19047768897067
69.8968771996516,117.59516899946,4.65450804048026
610.138104375137,214.519271295003,4.2615788743997
262.117715533632,226.712152480666,3.94967694071584
575.264085026502,435.710788008219,3.87187085880331
298.940403331845,138.159876892527,3.94229057960231
524.965667144194,459.66041858936,3.6676577513444
53.3902053670056,432.071913323419,4.19506238329324
205.895715996295,293.583153224928,4.37936295840373
550.739301470583,259.640690333825,3.5819196637725
169.514126344698,20.4545500506538,4.43665928861774
505.793670256873,347.9242750787,4.43801773591019
31.1164446150986,57.0809511442454,3.55085060298871
520.775468940112,134.984041900506,4.40195641999885
NA,NA,NA
661.609684540272,329.80606743549,3.43651535686906
456.980654323076,293.683790391052,3.94233968572374
4.90538069611595,495.100253790422,3.71288247538705
557.467285949263,52.9369273578393,4.15097878926491
70.1087911844884,371.474450681302,4.04654097650991
228.972962911699,415.332097067139,3.89401209571937
425.491829849946,15.9170154857711,3.19033668127283
364.366508328294,292.322025101789,3.05723536053581
607.044657600638,102.600414153709,4.3202996904195
392.43177273424,234.27404546757,4.13658032237011
572.491386567239,416.798312267412,4.72016683835607
134.499917023854,283.819862187016,4.48617882598226
198.917819763902,370.811528172546,4.09839227572224
124.430126593599,411.2214233436,3.23643388091062
632.002899464367,313.495535517579,4.5968154693562
1.29414967939226,151.282733315061,4.14623648614184
545.498906066724,201.092353374324,4.29376928187173
33.3299641295794,488.955214681265,2.98347960502135
278.408609249186,23.5098605882016,3.90604681805511
533.337314523188,391.870839964834,3.46023981415223
65.1411875886327,82.7314119768187,5.29686465659861
2.93806524838874,75.8075604289621,3.56093822375306
586.036897262,225.039608512233,3.97513843981909
445.928343868195,462.403703982955,4.80313963961992
658.420807039486,373.335326331904,3.15640936370591
104.478254597293,486.121250110228,4.34615580059826
624.411174923176,85.022614725635,4.15755413569798
420.946023748436,257.7838378682,3.63238984413649
8.98437047416106,183.522496777313,3.19047768897067
69.8968771996516,117.59516899946,4.65450804048026
610.138104375137,214.519271295003,4.2615788743997
262.117715533632,226.712152480666,3.94967694071584
575.264085026502,435.710788008219,3.87187085880331
298.940403331845,138.159876892527,3.94229057960231
524.965667144194,459.66041858936,3.6676577513444
53.3902053670056,432.071913323419,4.19506238329324
205.895715996295,293.583153224928,4.37936295840373
550.739301470583,259.640690333825,3.5819196637725
169.514126344698,20.4545500506538,4.43665928861774
505.793670256873,347.9242750787,4.43801773591019
31.1164446150986,57.0809511442454,3.55085060298871
520.775468940112,134.984041900506,4.40195641999885
NA,NA,NA
661.609684540272,329.80606743549,3.43651535686906
456.980654323076,293.683790391052,3.94233968572374
4.90538069611595,495.100253790422,3.71288247538705
557.467285949263,52.9369273578393,4.15097878926491
70.1087911844884,371.474450681302,4.04654097650991
228.972962911699,415.332097067139,3.89401209571937
425.491829849946,15.9170154857711,3.19033668127283
364.366508328294,292.322025101789,3.05723536053581
607.044657600638,102.600414153709,4.3202996904195
392.43177273424,234.27404546757,4.13658032237011
572.491386567239,416.798312267412,4.72016683835607
134.499917023854,283.819862187016,4.48617882598226
198.917819763902,370.811528172546,4.09839227572224
124.430126593599,411.2214233436,3.23643388091062
632.002899464367,313.495535517579,4.5968154693562
1.29414967939226,151.282733315061,4.14623648614184
545.498906066724,201.092353374324,4.29376928187173
33.3299641295794,488.955214681265,2.98347960502135
278.408609249186,23.5098605882016,3.90604681805511
533.337314523188,391.870839964834,3.46023981415223
65.1411875886327,82.7314119768187,5.29686465659861
2.93806524838874,75.8075604289621,3.56093822375306
586.036897262,225.039608512233,3.97513843981909
445.928343868195,462.403703982955,4.80313963961992
658.420807039486,373.335326331904,3.15640936370591
104.478254597293,486.121250110228,4.34615580059826
624.411174923176,85.022614725635,4.15755413569798
420.946023748436,257.7838378682,3.63238984413649
8.98437047416106,183.522496777313,3.19047768897067
69.8968771996516,117.59516899946,4.65450804048026
610.138104375137,214.519271295003,4.2615788743997
262.117715533632,226.712152480666,3.94967694071584
575.264085026502,435.710788008219,3.87187085880331
298.940403331845,138.159876892527,3.94229057960231
524.965667144194,459.66041858936,3.6676577513444
53.3902053670056,432.071913323419,4.19506238329324
205.895715996295,293.583153224928,4.37936295840373
550.739301470583,259.640690333825,3.5819196637725
169.514126344698,20.4545500506538,4.43665928861774
505.793670256873,347.9242750787,4.43801773591019
31.1164446150986,57.0809511442454,3.55085060298871
520.775468940112,134.984041900506,4.40195641999885
NA,NA,NA
661.609684540272,329.80606743549,3.43651535686906
456.980654323076,293.683790391052,3.94233968572374
4.90538069611595,495.100253790422,3.71288247538705
557.467285949263,52.9369273578393,4.15097878926491
70.1087911844884,371.474450681302,4.04654097650991
228.972962911699,415.332097067139,3.89401209571937
425.491829849946,15.9170154857711,3.19033668127283
364.366508328294,292.322025101789,3.05723536053581
607.044657600638,102.600414153709,4.3202996904195
392.43177273424,234.27404546757,4.13658032237011
572.491386567239,416.798312267412,4.72016683835607
134.499917023854,283.819862187016,4.48617882598226
198.917819763902,370.811528172546,4.09839227572224
124.430126593599,411.2214233436,3.23643388091062
632.002899464367,313.495535517579,4.5968154693562
1.29414967939226,151.282733315061,4.14623648614184
545.498906066724,201.092353374324,4.29376928187173
33.3299641295794,488.955214681265,2.98347960502135
278.408609249186,23.5098605882016,3.90604681805511
533.337314523188,391.870839964834,3.46023981415223
65.1411875886327,82.7314119768187,5.29686465659861
2.93806524838874,75.8075604289621,3.56093822375306
586.036897262,225.039608512233,3.97513843981909
445.928343868195,462.403703982955,4.80313963961992
658.420807039486,373.335326331904,3.15640936370591
104.478254597293,486.121250110228,4.34615580059826
624.411174923176,85.022614725635,4.15755413569798
420.946023748436,257.7838378682,3.63238984413649
8.98437047416106,183.522496777313,3.19047768897067
69.8968771996516,117.59516899946,4.65450804048026
610.138104375137,214.519271295003,4.2615788743997
262.117715533632,226.712152480666,3.94967694071584
575.264085026502,435.710788008219,3.87187085880331
298.940403331845,138.159876892527,3.94229057960231
524.965667144194,459.66041858936,3.6676577513444
53.3902053670056,432.071913323419,4.19506238329324
205.895715996295,293.583153224928,4.37936295840373
550.739301470583,259.640690333825,3.5819196637725
169.514126344698,20.4545500506538,4.43665928861774
505.793670256873,347.9242750787,4.43801773591019
31.1164446150986,57.0809511442454,3.55085060298871
520.775468940112,134.984041900506,4.40195641999885
NA,NA,NA
661.609684540272,329.80606743549,3.43651535686906
456.980654323076,293.683790391052,3.94233968572374
4.90538069611595,495.100253790422,3.71288247538705
557.467285949263,52.9369273578393,4.15097878926491
70.1087911844884,371.474450681302,4.04654097650991
228.972962911699,415.332097067139,3.89401209571937
425.491829849946,15.9170154857711,3.19033668127283
364.366508328294,292.322025101789,3.05723536053581
607.044657600638,102.600414153709,4.3202996904195
392.43177273424,234.27404546757,4.13658032237011
572.491386567239,416.798312267412,4.72016683835607
134.499917023854,283.819862187016,4.48617882598226
198.917819763902,370.811528172546,4.09839227572224
124.430126593599,411.2214233436,3.23643388091062
632.002899464367,313.495535517579,4.5968154693562
1.29414967939226,151.282733315061,4.14623648614184
545.498906066724,201.092353374324,4.29376928187173
33.3299641295794,488.955214681265,2.98347960502135
278.408609249186,23.5098605882016,3.90604681805511
533.337314523188,391.870839964834,3.46023981415223
65.1411875886327,82.7314119768187,5.29686465659861
2.93806524838874,75.8075604289621,3.56093822375306
586.036897262,225.039608512233,3.97513843981909
445.928343868195,462.403703982955,4.80313963961992
658.420807039486,373.335326331904,3.15640936370591
104.478254597293,486.121250110228,4.34615580059826
624.411174923176,85.022614725635,4.15755413569798
420.946023748436,257.7838378682,3.63238984413649
8.98437047416106,183.522496777313,3.19047768897067
69.8968771996516,117.59516899946,4.65450804048026
610.138104375137,214.519271295003,4.2615788743997
262.117715533632,226.712152480666,3.94967694071584
575.264085026502,435.710788008219,3.87187085880331
298.940403331845,138.159876892527,3.94229057960231
524.965667144194,459.66041858936,3.6676577513444
53.3902053670056,432.071913323419,4.19506238329324
205.895715996295,293.583153224928,4.37936295840373
550.739301470583,259.640690333825,3.5819196637725
169.514126344698,20.4545500506538,4.43665928861774
505.793670256873,347.9242750787,4.43801773591019
31.1164446150986,57.0809511442454,3.55085060298871
520.775468940112,134.984041900506,4.40195641999885
NA,NA,NA
660.069374031823,332.211146965101,3.46632387952593
457.098122581598,300.736285866822,3.46130280321458
10.7286101790568,492.077211996019,3.54921711099885
563.322292932614,52.3350059388468,4.19098128535379
74.0183549176997,374.738640294292,3.95632604485547
228.281055006875,419.407916306586,3.8001027740199
429.791958824285,11.5384303340774,3.25217158981617
363.06404222313,294.828314612374,2.97348733106739
601.896509975285,107.849958920112,4.25366550788009
395.933466450812,229.557063591479,4.22527082559417
572.26740722958,408.124831334907,4.66934981388473
139.948522710162,278.038222743358,4.74691493751145
196.352891239989,371.66935717653,3.99452473610829
124.049705797412,408.85357544843,3.4195799901222
623.733222496896,308.079486539359,4.51820028290312
0.539111575429944,152.468640174297,4.27151048824121
539.743848308944,201.627221132301,4.10902951811231
34.5815521592389,493.009001625126,2.93037576473762
276.001809647001,23.6220059706416,3.76520970033761
534.037564821479,392.729290236665,3.32562657170941
72.7929450490522,78.044142884688,5.2603175619042
6.0613910701102,74.2841763735661,3.51295266703103
584.638298792199,227.209009355184,3.93967962938252
437.117845889099,460.038740148166,4.72314936818356
659.643743994575,372.746820086653,2.90191380460862
106.683372743383,491.170512744945,4.4354801302579
621.240431888396,92.1085218571889,4.12472393819446
418.98314350719,258.895571477791,3.72192520520728
13.3028032717778,182.203728256928,3.23345639481445
63.6328634397446,115.544325451875,4.39627840371898
607.737327894936,200.713733641492,4.45335318007189
251.945191331784,219.878751350268,3.9579721156525
579.331664215915,429.695843800345,3.69808157100532
301.961982675377,134.081059253978,3.75507476930467
528.508613314659,463.253368171062,3.55525017941829
42.5428046065807,417.091417464553,3.96667854139419
209.934970683411,284.409968347647,4.04879085512128
551.490840707192,259.210337367979,3.62418026418201
164.351080345214,38.0284159892437,4.32645850166903
501.289096216018,343.391067573479,4.64633079282446
36.1817366451905,44.4306060896066,3.94344304815517
533.905865051747,156.569499652107,4.55290674155915
NA,NA,NA
660.069374031823,332.211146965101,3.46632387952593
457.098122581598,300.736285866822,3.46130280321458
10.7286101790568,492.077211996019,3.54921711099885
563.322292932614,52.3350059388468,4.19098128535379
74.0183549176997,374.738640294292,3.95632604485547
228.281055006875,419.407916306586,3.8001027740199
429.791958824285,11.5384303340774,3.25217158981617
363.06404222313,294.828314612374,2.97348733106739
601.896509975285,107.849958920112,4.25366550788009
395.933466450812,229.557063591479,4.22527082559417
572.26740722958,408.124831334907,4.66934981388473
139.948522710162,278.038222743358,4.74691493751145
196.352891239989,371.66935717653,3.99452473610829
124.049705797412,408.85357544843,3.4195799901222
623.733222496896,308.079486539359,4.51820028290312
0.539111575429944,152.468640174297,4.27151048824121
539.743848308944,201.627221132301,4.10902951811231
34.5815521592389,493.009001625126,2.93037576473762
276.001809647001,23.6220059706416,3.76520970033761
534.037564821479,392.729290236665,3.32562657170941
72.7929450490522,78.044142884688,5.2603175619042
6.0613910701102,74.2841763735661,3.51295266703103
584.638298792199,227.209009355184,3.93967962938252
437.117845889099,460.038740148166,4.72314936818356
659.643743994575,372.746820086653,2.90191380460862
106.683372743383,491.170512744945,4.4354801302579
621.240431888396,92.1085218571889,4.12472393819446
418.98314350719,258.895571477791,3.72192520520728
13.3028032717778,182.203728256928,3.23345639481445
63.6328634397446,115.544325451875,4.39627840371898
607.737327894936,200.713733641492,4.45335318007189
251.945191331784,219.878751350268,3.9579721156525
579.331664215915,429.695843800345,3.69808157100532
301.961982675377,134.081059253978,3.75507476930467
528.508613314659,463.253368171062,3.55525017941829
42.5428046065807,417.091417464553,3.96667854139419
209.934970683411,284.409968347647,4.04879085512128
551.490840707192,259.210337367979,3.62418026418201
164.351080345214,38.0284159892437,4.32645850166903
501.289096216018,343.391067573479,4.64633079282446
36.1817366451905,44.4306060896066,3.94344304815517
533.905865051747,156.569499652107,4.55290674155915
NA,NA,NA
660.069374031823,332.211146965101,3.46632387952593
457.098122581598,300.736285866822,3.46130280321458
10.7286101790568,492.077211996019,3.54921711099885
563.322292932614,52.3350059388468,4.19098128535379
74.0183549176997,374.738640294292,3.95632604485547
228.281055006875,419.407916306586,3.8001027740199
429.791958824285,11.5384303340774,3.25217158981617
363.06404222313,294.828314612374,2.97348733106739
601.896509975285,107.849958920112,4.25366550788009
395.933466450812,229.557063591479,4.22527082559417
572.26740722958,408.124831334907,4.66934981388473
139.948522710162,278.038222743358,4.74691493751145
196.352891239989,371.66935717653,3.99452473610829
124.049705797412,408.85357544843,3.4195799901222
623.733222496896,308.079486539359,4.51820028290312
0.539111575429944,152.468640174297,4.27151048824121
539.743848308944,201.627221132301,4.10902951811231
34.5815521592389,493.009001625126,2.93037576473762
276.001809647001,23.6220059706416,3.76520970033761
534.037564821479,392.729290236665,3.32562657170941
72.7929450490522,78.044142884688,5.2603175619042
6.0613910701102,74.2841763735661,3.51295266703103
584.638298792199,227.209009355184,3.93967962938252
437.117845889099,460.038740148166,4.72314936818356
659.643743994575,372.746820086653,2.90191380460862
106.683372743383,491.170512744945,4.4354801302579
621.240431888396,92.1085218571889,4.12472393819446
418.98314350719,258.895571477791,3.72192520520728
13.3028032717778,182.203728256928,3.23345639481445
63.6328634397446,115.544325451875,4.39627840371898
607.737327894936,200.713733641492,4.45335318007189
251.945191331784,219.878751350268,3.9579721156525
579.331664215915,429.695843800345,3.69808157100532
301.961982675377,134.081059253978,3.75507476930467
528.508613314659,463.253368171062,3.55525017941829
42.5428046065807,417.091417464553,3.96667854139419
209.934970683411,284.409968347647,4.04879085512128
551.490840707192,259.210337367979,3.62418026418201
164.351080345214,38.0284159892437,4.32645850166903
501.289096216018,343.391067573479,4.64633079282446
36.1817366451905,44.4306060896066,3.94344304815517
533.905865051747,156.569499652107,4.55290674155915
NA,NA,NA
660.069374031823,332.211146965101,3.46632387952593
457.098122581598,300.736285866822,3.46130280321458
10.7286101790568,492.077211996019,3.54921711099885
563.322292932614,52.3350059388468,4.19098128535379
74.0183549176997,374.738640294292,3.95632604485547
228.281055006875,419.407916306586,3.8001027740199
429.791958824285,11.5384303340774,3.25217158981617
363.06404222313,294.828314612374,2.97348733106739
601.896509975285,107.849958920112,4.25366550788009
395.933466450812,229.557063591479,4.22527082559417
572.26740722958,408.124831334907,4.66934981388473
139.948522710162,278.038222743358,4.74691493751145
196.352891239989,371.66935717653,3.99452473610829
124.049705797412,408.85357544843,3.4195799901222
623.733222496896,308.079486539359,4.51820028290312
0.539111575429944,152.468640174297,4.27151048824121
539.743848308944,201.627221132301,4.10902951811231
34.5815521592389,493.009001625126,2.93037576473762
276.001809647001,23.6220059706416,3.76520970033761
534.037564821479,392.729290236665,3.32562657170941
72.7929450490522,78.044142884688,5.2603175619042
6.0613910701102,74.2841763735661,3.51295266703103
584.638298792199,227.209009355184,3.93967962938252
437.117845889099,460.038740148166,4.72314936818356
659.643743994575,372.746820086653,2.90191380460862
106.683372743383,491.170512744945,4.4354801302579
621.240431888396,92.1085218571889,4.12472393819446
418.98314350719,258.895571477791,3.72192520520728
13.3028032717778,182.203728256928,3.23345639481445
63.6328634397446,115.544325451875,4.39627840371898
607.737327894936,200.713733641492,4.45335318007189
251.945191331784,219.878751350268,3.9579721156525
579.331664215915,429.695843800345,3.69808157100532
301.961982675377,134.081059253978,3.75507476930467
528.508613314659,463.253368171062,3.55525017941829
42.5428046065807,417.091417464553,3.96667854139419
209.934970683411,284.409968347647,4.04879085512128
551.490840707192,259.210337367979,3.62418026418201
164.351080345214,38.0284159892437,4.32645850166903
501.289096216018,343.391067573479,4.64633079282446
36.1817366451905,44.4306060896066,3.94344304815517
533.905865051747,156.569499652107,4.55290674155915
NA,NA,NA
660.069374031823,332.211146965101,3.46632387952593
457.098122581598,300.736285866822,3.46130280321458
10.7286101790568,492.077211996019,3.54921711099885
563.322292932614,52.3350059388468,4.19098128535379
74.0183549176997,374.738640294292,3.95632604485547
228.281055006875,419.407916306586,3.8001027740199
429.791958824285,11.5384303340774,3.25217158981617
363.06404222313,294.828314612374,2.97348733106739
601.896509975285,107.849958920112,4.25366550788009
395.933466450812,229.557063591479,4.22527082559417
572.26740722958,408.124831334907,4.66934981388473
139.948522710162,278.038222743358,4.74691493751145
196.352891239989,371.66935717653,3.99452473610829
124.049705797412,408.85357544843,3.4195799901222
623.733222496896,308.079486539359,4.51820028290312
0.539111575429944,152.468640174297,4.27151048824121
539.743848308944,201.627221132301,4.10902951811231
34.5815521592389,493.009001625126,2.93037576473762
276.001809647001,23.6220059706416,3.76520970033761
534.037564821479,392.729290236665,3.32562657170941
72.7929450490522,78.044142884688,5.2603175619042
6.0613910701102,74.2841763735661,3.51295266703103
584.638298792199,227.209009355184,3.93967962938252
437.117845889099,460.038740148166,4.72314936818356
659.643743994575,372.746820086653,2.90191380460862
106.683372743383,491.170512744945,4.4354801302579
621.240431888396,92.1085218571889,4.12472393819446
418.98314350719,258.895571477791,3.72192520520728
13.3028032717778,182.203728256928,3.23345639481445
63.6328634397446,115.544325451875,4.39627840371898
607.737327894936,200.713733641492,4.45335318007189
251.945191331784,219.878751350268,3.9579721156525
579.331664215915,429.695843800345,3.69808157100532
301.961982675377,134.081059253978,3.75507476930467
528.508613314659,463.253368171062,3.55525017941829
42.5428046065807,417.091417464553,3.96667854139419
209.934970683411,284.409968347647,4.04879085512128
551.490840707192,259.210337367979,3.62418026418201
164.351080345214,38.0284159892437,4.32645850166903
501.289096216018,343.391067573479,4.64633079282446
36.1817366451905,44.4306060896066,3.94344304815517
533.905865051747,156.569499652107,4.55290674155915
NA,NA,NA
660.069374031823,332.211146965101,3.46632387952593
457.098122581598,300.736285866822,3.46130280321458
10.7286101790568,492.077211996019,3.54921711099885
563.322292932614,52.3350059388468,4.19098128535379
74.0183549176997,374.738640294292,3.95632604485547
228.281055006875,419.407916306586,3.8001027740199
429.791958824285,11.5384303340774,3.25217158981617
363.06404222313,294.828314612374,2.97348733106739
601.896509975285,107.849958920112,4.25366550788009
395.933466450812,229.557063591479,4.22527082559417
572.26740722958,408.124831334907,4.66934981388473
139.948522710162,278.038222743358,4.74691493751145
196.352891239989,371.66935717653,3.99452473610829
124.049705797412,408.85357544843,3.4195799901222
623.733222496896,308.079486539359,4.51820028290312
0.539111575429944,152.468640174297,4.27151048824121
539.743848308944,201.627221132301,4.10902951811231
34.5815521592389,493.009001625126,2.93037576473762
276.001809647001,23.6220059706416,3.76520970033761
534.037564821479,392.729290236665,3.32562657170941
72.7929450490522,78.044142884688,5.2603175619042
6.0613910701102,74.2841763735661,3.51295266703103
584.638298792199,227.209009355184,3.93967962938252
437.117845889099,460.038740148166,4.72314936818356
659.643743994575,372.746820086653,2.90191380460862
106.683372743383,491.170512744945,4.4354801302579
621.240431888396,92.1085218571889,4.12472393819446
418.98314350719,258.895571477791,3.72192520520728
13.3028032717778,182.203728256928,3.23345639481445
63.6328634397446,115.544325451875,4.39627840371898
607.737327894936,200.713733641492,4.45335318007189
251.945191331784,219.878751350268,3.9579721156525
579.331664215915,429.695843800345,3.69808157100532
301.961982675377,134.081059253978,3.75507476930467
528.508613314659,463.253368171062,3.55525017941829
42.5428046065807,417.091417464553,3.96667854139419
209.934970683411,284.409968347647,4.04879085512128
551.490840707192,259.210337367979,3.62418026418201
164.351080345214,38.0284159892437,4.32645850166903
501.289096216018,343.391067573479,4.64633079282446
36.1817366451905,44.4306060896066,3.94344304815517
533.905865051747,156.569499652107,4.55290674155915
NA,NA,NA
659.936973615774,331.520485486299,3.57207082529365
452.140477033397,296.724650788014,3.74029011146875
7.14460873035896,493.290821111932,3.63699440687325
557.666111968514,50.929465804262,4.2784178025675
70.7712639409614,375.646576083435,3.96619615770927
227.767544161604,416.70846270048,3.92212806893812
428.175113659201,10.9558980589119,3.26176309943391
362.250173394595,294.074490704294,3.14584341179441
600.988984645809,107.304211676462,4.20134100581615
390.25456676219,229.922585525227,4.07362003520135
570.521232984521,412.18696387867,4.70799781720543
135.47691643061,281.798835758693,4.64376946812347
198.290404299276,367.565560301931,4.01824661227728
125.087833480501,411.485873068866,3.43217709580516
629.369375580103,315.015925703821,4.5273669382785
1.83791620041285,146.187478198925,4.33587323119423
542.171429169746,198.249833676336,4.28401337522526
33.792535501636,491.29679337137,2.9264590804658
282.579702879071,19.9119181285906,3.86005246907137
530.317033594672,391.627178131214,3.55319059930746
67.327818354873,76.8141536659516,5.20894414079186
6.51079249626873,73.6664323876151,3.58513448223473
591.448391868014,223.03358143173,4.06022048281601
439.932812267973,461.975190604283,4.82585514869375
661.753092241805,372.852317172131,3.14050363312969
104.967228645749,487.217087138452,4.3738608036653
623.077165190956,96.4744869629272,4.13183637765416
420.038557631359,260.830638368223,3.67119426502981
12.7841379125727,183.537981387289,3.13306225816076
70.5583338507494,122.339961749029,4.53470730641712
617.848345111568,191.50164350013,4.41097212249273
256.786957795491,228.55686399898,3.85627601280922
570.487046122525,442.430333660725,3.81048887025938
295.295460644308,143.253669993777,3.98176465286748
526.75785367286,463.919885640901,3.49493032548977
51.0844581631911,410.881705730637,3.70776560291293
193.343393200445,287.461751242114,4.02381398799253
553.855038360966,253.222087827526,3.67615355372093
178.883234759845,19.6980468149996,4.47834467999878
491.979561156656,342.23811147787,4.65809311414019
29.9002353219304,48.4426949939097,3.91215642636167
538.193311735613,171.883944068496,5.0808198817438
NA,NA,NA
659.936973615774,331.520485486299,3.57207082529365
452.140477033397,296.724650788014,3.74029011146875
7.14460873035896,493.290821111932,3.63699440687325
557.666111968514,50.929465804262,4.2784178025675
70.7712639409614,375.646576083435,3.96619615770927
227.767544161604,416.70846270048,3.92212806893812
428.175113659201,10.9558980589119,3.26176309943391
362.250173394595,294.074490704294,3.14584341179441
600.988984645809,107.304211676462,4.20134100581615
390.25456676219,229.922585525227,4.07362003520135
570.521232984521,412.18696387867,4.70799781720543
135.47691643061,281.798835758693,4.64376946812347
198.290404299276,367.565560301931,4.01824661227728
125.087833480501,411.485873068866,3.43217709580516
629.369375580103,315.015925703821,4.5273669382785
1.83791620041285,146.187478198925,4.33587323119423
542.171429169746,198.249833676336,4.28401337522526
33.792535501636,491.29679337137,2.9264590804658
282.579702879071,19.9119181285906,3.86005246907137
530.317033594672,391.627178131214,3.55319059930746
67.327818354873,76.8141536659516,5.20894414079186
6.51079249626873,73.6664323876151,3.58513448223473
591.448391868014,223.03358143173,4.06022048281601
439.932812267973,461.975190604283,4.82585514869375
661.753092241805,372.852317172131,3.14050363312969
104.967228645749,487.217087138452,4.3738608036653
623.077165190956,96.4744869629272,4.13183637765416
420.038557631359,260.830638368223,3.67119426502981
12.7841379125727,183.537981387289,3.13306225816076
70.5583338507494,122.339961749029,4.53470730641712
617.848345111568,191.50164350013,4.41097212249273
256.786957795491,228.55686399898,3.85627601280922
570.487046122525,442.430333660725,3.81048887025938
295.295460644308,143.253669993777,3.98176465286748
526.75785367286,463.919885640901,3.49493032548977
51.0844581631911,410.881705730637,3.70776560291293
193.343393200445,287.461751242114,4.02381398799253
553.855038360966,253.222087827526,3.67615355372093
178.883234759845,19.6980468149996,4.47834467999878
491.979561156656,342.23811147787,4.65809311414019
29.9002353219304,48.4426949939097,3.91215642636167
538.193311735613,171.883944068496,5.0808198817438
NA,NA,NA
659.936973615774,331.520485486299,3.57207082529365
452.140477033397,296.724650788014,3.74029011146875
7.14460873035896,493.290821111932,3.63699440687325
557.666111968514,50.929465804262,4.2784178025675
70.7712639409614,375.646576083435,3.96619615770927
227.767544161604,416.70846270048,3.92212806893812
428.175113659201,10.9558980589119,3.26176309943391
362.250173394595,294.074490704294,3.14584341179441
600.988984645809,107.304211676462,4.20134100581615
390.25456676219,229.922585525227,4.07362003520135
570.521232984521,412.18696387867,4.70799781720543
135.47691643061,281.798835758693,4.64376946812347
198.290404299276,367.565560301931,4.01824661227728
125.087833480501,411.485873068866,3.43217709580516
629.369375580103,315.015925703821,4.5273669382785
1.83791620041285,146.187478198925,4.33587323119423
542.171429169746,198.249833676336,4.28401337522526
33.792535501636,491.29679337137,2.9264590804658
282.579702879071,19.9119181285906,3.86005246907137
530.317033594672,391.627178131214,3.55319059930746
67.327818354873,76.8141536659516,5.20894414079186
6.51079249626873,73.6664323876151,3.58513448223473
591.448391868014,223.03358143173,4.06022048281601
439.932812267973,461.975190604283,4.82585514869375
661.753092241805,372.852317172131,3.14050363312969
104.967228645749,487.217087138452,4.3738608036653
623.077165190956,96.4744869629272,4.13183637765416
420.038557631359,260.830638368223,3.67119426502981
12.7841379125727,183.537981387289,3.13306225816076
70.5583338507494,122.339961749029,4.53470730641712
617.848345111568,191.50164350013,4.41097212249273
256.786957795491,228.55686399898,3.85627601280922
570.487046122525,442.430333660725,3.81048887025938
295.295460644308,143.253669993777,3.98176465286748
526.75785367286,463.919885640901,3.49493032548977
51.0844581631911,410.881705730637,3.70776560291293
193.343393200445,287.461751242114,4.02381398799253
553.855038360966,253.222087827526,3.67615355372093
178.883234759845,19.6980468149996,4.47834467999878
491.979561156656,342.23811147787,4.65809311414019
29.9002353219304,48.4426949939097,3.91215642636167
538.193311735613,171.883944068496,5.0808198817438
NA,NA,NA
659.936973615774,331.520485486299,3.57207082529365
452.140477033397,296.724650788014,3.74029011146875
7.14460873035896,493.290821111932,3.63699440687325
557.666111968514,50.929465804262,4.2784178025675
70.7712639409614,375.646576083435,3.96619615770927
227.767544161604,416.70846270048,3.92212806893812
428.175113659201,10.9558980589119,3.26176309943391
362.250173394595,294.074490704294,3.14584341179441
600.988984645809,107.304211676462,4.20134100581615
390.25456676219,229.922585525227,4.07362003520135
570.521232984521,412.18696387867,4.70799781720543
135.47691643061,281.798835758693,4.64376946812347
198.290404299276,367.565560301931,4.01824661227728
125.087833480501,411.485873068866,3.43217709580516
629.369375580103,315.015925703821,4.5273669382785
1.83791620041285,146.187478198925,4.33587323119423
542.171429169746,198.249833676336,4.28401337522526
33.792535501636,491.29679337137,2.9264590804658
282.579702879071,19.9119181285906,3.86005246907137
530.317033594672,391.627178131214,3.55319059930746
67.327818354873,76.8141536659516,5.20894414079186
6.51079249626873,73.6664323876151,3.58513448223473
591.448391868014,223.03358143173,4.06022048281601
439.932812267973,461.975190604283,4.82585514869375
661.753092241805,372.852317172131,3.14050363312969
104.967228645749,487.217087138452,4.3738608036653
623.077165190956,96.4744869629272,4.13183637765416
420.038557631359,260.830638368223,3.67119426502981
12.7841379125727,183.537981387289,3.13306225816076
70.5583338507494,122.339961749029,4.53470730641712
617.848345111568,191.50164350013,4.41097212249273
256.786957795491,228.55686399898,3.85627601280922
570.487046122525,442.430333660725,3.81048887025938
295.295460644308,143.253669993777,3.98176465286748
526.75785367286,463.919885640901,3.49493032548977
51.0844581631911,410.881705730637,3.70776560291293
193.343393200445,287.461751242114,4.02381398799253
553.855038360966,253.222087827526,3.67615355372093
178.883234759845,19.6980468149996,4.47834467999878
491.979561156656,342.23811147787,4.65809311414019
29.9002353219304,48.4426949939097,3.91215642636167
538.193311735613,171.883944068496,5.0808198817438
NA,NA,NA
659.936973615774,331.520485486299,3.57207082529365
452.140477033397,296.724650788014,3.74029011146875
7.14460873035896,493.290821111932,3.63699440687325
557.666111968514,50.929465804262,4.2784178025675
70.7712639409614,375.646576083435,3.96619615770927
227.767544161604,416.70846270048,3.92212806893812
428.175113659201,10.9558980589119,3.26176309943391
362.250173394595,294.074490704294,3.14584341179441
600.988984645809,107.304211676462,4.20134100581615
390.25456676219,229.922585525227,4.07362003520135
570.521232984521,412.18696387867,4.70799781720543
135.47691643061,281.798835758693,4.64376946812347
198.290404299276,367.565560301931,4.01824661227728
125.087833480501,411.485873068866,3.43217709580516
629.369375580103,315.015925703821,4.5273669382785
1.83791620041285,146.187478198925,4.33587323119423
542.171429169746,198.249833676336,4.28401337522526
33.792535501636,491.29679337137,2.9264590804658
282.579702879071,19.9119181285906,3.86005246907137
530.317033594672,391.627178131214,3.55319059930746
67.327818354873,76.8141536659516,5.20894414079186
6.51079249626873,73.6664323876151,3.58513448223473
591.448391868014,223.03358143173,4.06022048281601
439.932812267973,461.975190604283,4.82585514869375
661.753092241805,372.852317172131,3.14050363312969
104.967228645749,487.217087138452,4.3738608036653
623.077165190956,96.4744869629272,4.13183637765416
420.038557631359,260.830638368223,3.67119426502981
12.7841379125727,183.537981387289,3.13306225816076
70.5583338507494,122.339961749029,4.53470730641712
617.848345111568,191.50164350013,4.41097212249273
256.786957795491,228.55686399898,3.85627601280922
570.487046122525,442.430333660725,3.81048887025938
295.295460644308,143.253669993777,3.98176465286748
526.75785367286,463.919885640901,3.49493032548977
51.0844581631911,410.881705730637,3.70776560291293
193.343393200445,287.461751242114,4.02381398799253
553.855038360966,253.222087827526,3.67615355372093
178.883234759845,19.6980468149996,4.47834467999878
491.979561156656,342.23811147787,4.65809311414019
29.9002353219304,48.4426949939097,3.91215642636167
538.193311735613,171.883944068496,5.0808198817438
NA,NA,NA
659.936973615774,331.520485486299,3.57207082529365
452.140477033397,296.724650788014,3.74029011146875
7.14460873035896,493.290821111932,3.63699440687325
557.666111968514,50.929465804262,4.2784178025675
70.7712639409614,375.646576083435,3.96619615770927
227.767544161604,416.70846270048,3.92212806893812
428.175113659201,10.9558980589119,3.26176309943391
362.250173394595,294.074490704294,3.14584341179441
600.988984645809,107.304211676462,4.20134100581615
390.25456676219,229.922585525227,4.07362003520135
570.521232984521,412.18696387867,4.70799781720543
135.47691643061,281.798835758693,4.64376946812347
198.290404299276,367.565560301931,4.01824661227728
125.087833480501,411.485873068866,3.43217709580516
629.369375580103,315.015925703821,4.5273669382785
1.83791620041285,146.187478198925,4.33587323119423
542.171429169746,198.249833676336,4.28401337522526
33.792535501636,491.29679337137,2.9264590804658
282.579702879071,19.9119181285906,3.86005246907137
530.317033594672,391.627178131214,3.55319059930746
67.327818354873,76.8141536659516,5.20894414079186
6.51079249626873,73.6664323876151,3.58513448223473
591.448391868014,223.03358143173,4.06022048281601
439.932812267973,461.975190604283,4.82585514869375
661.753092241805,372.852317172131,3.14050363312969
104.967228645749,487.217087138452,4.3738608036653
623.077165190956,96.4744869629272,4.13183637765416
420.038557631359,260.830638368223,3.67119426502981
12.7841379125727,183.537981387289,3.13306225816076
70.5583338507494,122.339961749029,4.53470730641712
617.848345111568,191.50164350013,4.41097212249273
256.786957795491,228.55686399898,3.85627601280922
570.487046122525,442.430333660725,3.81048887025938
295.295460644308,143.253669993777,3.98176465286748
526.75785367286,463.919885640901,3.49493032548977
51.0844581631911,410.881705730637,3.70776560291293
193.343393200445,287.461751242114,4.02381398799253
553.855038360966,253.222087827526,3.67615355372093
178.883234759845,19.6980468149996,4.47834467999878
491.979561156656,342.23811147787,4.65809311414019
29.9002353219304,48.4426949939097,3.91215642636167
538.193311735613,171.883944068496,5.0808198817438
NA,NA,NA
659.897803774058,338.126814939682,3.52666456908417
457.727230929835,298.375746733412,3.41147422626038
10.2758298519886,498.329533873215,3.70435744888784
559.415979350065,50.6468283243789,4.15140756613848
71.6994961410177,381.561442764966,3.95950178437863
225.840883523965,419.431596375891,3.98719545615152
427.159917236841,12.9084473291247,3.33928357413242
362.172460429727,289.60448637158,3.04951089849603
601.615604229833,101.269559452515,4.17708699932453
391.283735901309,230.742358387966,4.12449638560968
559.5722469563,409.405146360444,4.69692616239952
138.309971337876,281.678686682755,4.46579660744635
198.170841371569,370.977626854216,4.08300637752104
126.703151160912,415.110310409606,3.44431344507147
630.476517113589,317.164612302665,4.51565137483984
2.21113539968685,146.227914646828,4.22711373051858
540.708704762701,201.758882699501,4.15741659348958
33.1198594685023,491.714524186151,3.11031092443464
281.614581959763,21.8020823280862,3.81901820678302
535.172898710729,392.111153838328,3.34721963206665
68.602797419671,74.5109648735445,5.29313692247241
1.8269651825242,80.5013170498591,3.53553171537618
590.680093259368,227.940157394379,4.02832239508674
439.179722912696,464.216905482618,4.80427543122428
658.209133758592,371.255876023634,2.97127232405153
109.362312380965,484.397292258889,4.40292464977869
625.683798708253,91.4992094615837,4.12369462609165
417.578408953141,260.964873651346,3.67887248815267
11.9723679499222,178.009011998428,3.15243618260461
59.2600079062725,118.544175529418,4.58341816242367
604.545762792188,206.883830531058,4.08160115830035
249.962871285221,209.26743816342,3.51689749311158
574.509747805152,431.693153341526,3.78588641861179
305.825697564158,136.913860189572,3.80702499811711
532.07706495654,457.930872204235,3.32226595267241
49.4413460223262,417.82953316433,3.87211418536797
189.357217306602,293.869606425028,4.07020786537698
557.58923789219,265.925919923755,3.56320873963125
179.472886222747,23.8317482817061,3.94619193385448
501.99577221791,341.591733327763,4.72566508621635
45.7129131888798,50.109821728985,3.57827145987497
511.350416353517,143.973240574015,4.43542324731119
NA,NA,NA
659.897803774058,338.126814939682,3.52666456908417
457.727230929835,298.375746733412,3.41147422626038
10.2758298519886,498.329533873215,3.70435744888784
559.415979350065,50.6468283243789,4.15140756613848
71.6994961410177,381.561442764966,3.95950178437863
225.840883523965,419.431596375891,3.98719545615152
427.159917236841,12.9084473291247,3.33928357413242
362.172460429727,289.60448637158,3.04951089849603
601.615604229833,101.269559452515,4.17708699932453
391.283735901309,230.742358387966,4.12449638560968
559.5722469563,409.405146360444,4.69692616239952
138.309971337876,281.678686682755,4.46579660744635
198.170841371569,370.977626854216,4.08300637752104
126.703151160912,415.110310409606,3.44431344507147
630.476517113589,317.164612302665,4.51565137483984
2.21113539968685,146.227914646828,4.22711373051858
540.708704762701,201.758882699501,4.15741659348958
33.1198594685023,491.714524186151,3.11031092443464
281.614581959763,21.8020823280862,3.81901820678302
535.172898710729,392.111153838328,3.34721963206665
68.602797419671,74.5109648735445,5.29313692247241
1.8269651825242,80.5013170498591,3.53553171537618
590.680093259368,227.940157394379,4.02832239508674
439.179722912696,464.216905482618,4.80427543122428
658.209133758592,371.255876023634,2.97127232405153
109.362312380965,484.397292258889,4.40292464977869
625.683798708253,91.4992094615837,4.12369462609165
417.578408953141,260.964873651346,3.67887248815267
11.9723679499222,178.009011998428,3.15243618260461
59.2600079062725,118.544175529418,4.58341816242367
604.545762792188,206.883830531058,4.08160115830035
249.962871285221,209.26743816342,3.51689749311158
574.509747805152,431.693153341526,3.78588641861179
305.825697564158,136.913860189572,3.80702499811711
532.07706495654,457.930872204235,3.32226595267241
49.4413460223262,417.82953316433,3.87211418536797
189.357217306602,293.869606425028,4.07020786537698
557.58923789219,265.925919923755,3.56320873963125
179.472886222747,23.8317482817061,3.94619193385448
501.99577221791,341.591733327763,4.72566508621635
45.7129131888798,50.109821728985,3.57827145987497
511.350416353517,143.973240574015,4.43542324731119
NA,NA,NA
659.897803774058,338.126814939682,3.52666456908417
457.727230929835,298.375746733412,3.41147422626038
10.2758298519886,498.329533873215,3.70435744888784
559.415979350065,50.6468283243789,4.15140756613848
71.6994961410177,381.561442764966,3.95950178437863
225.840883523965,419.431596375891,3.98719545615152
427.159917236841,12.9084473291247,3.33928357413242
362.172460429727,289.60448637158,3.04951089849603
601.615604229833,101.269559452515,4.17708699932453
391.283735901309,230.742358387966,4.12449638560968
559.5722469563,409.405146360444,4.69692616239952
138.309971337876,281.678686682755,4.46579660744635
198.170841371569,370.977626854216,4.08300637752104
126.703151160912,415.110310409606,3.44431344507147
630.476517113589,317.164612302665,4.51565137483984
2.21113539968685,146.227914646828,4.22711373051858
540.708704762701,201.758882699501,4.15741659348958
33.1198594685023,491.714524186151,3.11031092443464
281.614581959763,21.8020823280862,3.81901820678302
535.172898710729,392.111153838328,3.34721963206665
68.602797419671,74.5109648735445,5.29313692247241
1.8269651825242,80.5013170498591,3.53553171537618
590.680093259368,227.940157394379,4.02832239508674
439.179722912696,464.216905482618,4.80427543122428
658.209133758592,371.255876023634,2.97127232405153
109.362312380965,484.397292258889,4.40292464977869
625.683798708253,91.4992094615837,4.12369462609165
417.578408953141,260.964873651346,3.67887248815267
11.9723679499222,178.009011998428,3.15243618260461
59.2600079062725,118.544175529418,4.58341816242367
604.545762792188,206.883830531058,4.08160115830035
249.962871285221,209.26743816342,3.51689749311158
574.509747805152,431.693153341526,3.78588641861179
305.825697564158,136.913860189572,3.80702499811711
532.07706495654,457.930872204235,3.32226595267241
49.4413460223262,417.82953316433,3.87211418536797
189.357217306602,293.869606425028,4.07020786537698
557.58923789219,265.925919923755,3.56320873963125
179.472886222747,23.8317482817061,3.94619193385448
501.99577221791,341.591733327763,4.72566508621635
45.7129131888798,50.109821728985,3.57827145987497
511.350416353517,143.973240574015,4.43542324731119
NA,NA,NA
659.897803774058,338.126814939682,3.52666456908417
457.727230929835,298.375746733412,3.41147422626038
10.2758298519886,498.329533873215,3.70435744888784
559.415979350065,50.6468283243789,4.15140756613848
71.6994961410177,381.561442764966,3.95950178437863
225.840883523965,419.431596375891,3.98719545615152
427.159917236841,12.9084473291247,3.33928357413242
362.172460429727,289.60448637158,3.04951089849603
601.615604229833,101.269559452515,4.17708699932453
391.283735901309,230.742358387966,4.12449638560968
559.5722469563,409.405146360444,4.69692616239952
138.309971337876,281.678686682755,4.46579660744635
198.170841371569,370.977626854216,4.08300637752104
126.703151160912,415.110310409606,3.44431344507147
630.476517113589,317.164612302665,4.51565137483984
2.21113539968685,146.227914646828,4.22711373051858
540.708704762701,201.758882699501,4.15741659348958
33.1198594685023,491.714524186151,3.11031092443464
281.614581959763,21.8020823280862,3.81901820678302
535.172898710729,392.111153838328,3.34721963206665
68.602797419671,74.5109648735445,5.29313692247241
1.8269651825242,80.5013170498591,3.53553171537618
590.680093259368,227.940157394379,4.02832239508674
439.179722912696,464.216905482618,4.80427543122428
658.209133758592,371.255876023634,2.97127232405153
109.362312380965,484.397292258889,4.40292464977869
625.683798708253,91.4992094615837,4.12369462609165
417.578408953141,260.964873651346,3.67887248815267
11.9723679499222,178.009011998428,3.15243618260461
59.2600079062725,118.544175529418,4.58341816242367
604.545762792188,206.883830531058,4.08160115830035
249.962871285221,209.26743816342,3.51689749311158
574.509747805152,431.693153341526,3.78588641861179
305.825697564158,136.913860189572,3.80702499811711
532.07706495654,457.930872204235,3.32226595267241
49.4413460223262,417.82953316433,3.87211418536797
189.357217306602,293.869606425028,4.07020786537698
557.58923789219,265.925919923755,3.56320873963125
179.472886222747,23.8317482817061,3.94619193385448
501.99577221791,341.591733327763,4.72566508621635
45.7129131888798,50.109821728985,3.57827145987497
511.350416353517,143.973240574015,4.43542324731119
NA,NA,NA
659.897803774058,338.126814939682,3.52666456908417
457.727230929835,298.375746733412,3.41147422626038
10.2758298519886,498.329533873215,3.70435744888784
559.415979350065,50.6468283243789,4.15140756613848
71.6994961410177,381.561442764966,3.95950178437863
225.840883523965,419.431596375891,3.98719545615152
427.159917236841,12.9084473291247,3.33928357413242
362.172460429727,289.60448637158,3.04951089849603
601.615604229833,101.269559452515,4.17708699932453
391.283735901309,230.742358387966,4.12449638560968
559.5722469563,409.405146360444,4.69692616239952
138.309971337876,281.678686682755,4.46579660744635
198.170841371569,370.977626854216,4.08300637752104
126.703151160912,415.110310409606,3.44431344507147
630.476517113589,317.164612302665,4.51565137483984
2.21113539968685,146.227914646828,4.22711373051858
540.708704762701,201.758882699501,4.15741659348958
33.1198594685023,491.714524186151,3.11031092443464
281.614581959763,21.8020823280862,3.81901820678302
535.172898710729,392.111153838328,3.34721963206665
68.602797419671,74.5109648735445,5.29313692247241
1.8269651825242,80.5013170498591,3.53553171537618
590.680093259368,227.940157394379,4.02832239508674
439.179722912696,464.216905482618,4.80427543122428
658.209133758592,371.255876023634,2.97127232405153
109.362312380965,484.397292258889,4.40292464977869
625.683798708253,91.4992094615837,4.12369462609165
417.578408953141,260.964873651346,3.67887248815267
11.9723679499222,178.009011998428,3.15243618260461
59.2600079062725,118.544175529418,4.58341816242367
604.545762792188,206.883830531058,4.08160115830035
249.962871285221,209.26743816342,3.51689749311158
574.509747805152,431.693153341526,3.78588641861179
305.825697564158,136.913860189572,3.80702499811711
532.07706495654,457.930872204235,3.32226595267241
49.4413460223262,417.82953316433,3.87211418536797
189.357217306602,293.869606425028,4.07020786537698
557.58923789219,265.925919923755,3.56320873963125
179.472886222747,23.8317482817061,3.94619193385448
501.99577221791,341.591733327763,4.72566508621635
45.7129131888798,50.109821728985,3.57827145987497
511.350416353517,143.973240574015,4.43542324731119
NA,NA,NA
659.897803774058,338.126814939682,3.52666456908417
457.727230929835,298.375746733412,3.41147422626038
10.2758298519886,498.329533873215,3.70435744888784
559.415979350065,50.6468283243789,4.15140756613848
71.6994961410177,381.561442764966,3.95950178437863
225.840883523965,419.431596375891,3.98719545615152
427.159917236841,12.9084473291247,3.33928357413242
362.172460429727,289.60448637158,3.04951089849603
601.615604229833,101.269559452515,4.17708699932453
391.283735901309,230.742358387966,4.12449638560968
559.5722469563,409.405146360444,4.69692616239952
138.309971337876,281.678686682755,4.46579660744635
198.170841371569,370.977626854216,4.08300637752104
126.703151160912,415.110310409606,3.44431344507147
630.476517113589,317.164612302665,4.51565137483984
2.21113539968685,146.227914646828,4.22711373051858
540.708704762701,201.758882699501,4.15741659348958
33.1198594685023,491.714524186151,3.11031092443464
281.614581959763,21.8020823280862,3.81901820678302
535.172898710729,392.111153838328,3.34721963206665
68.602797419671,74.5109648735445,5.29313692247241
1.8269651825242,80.5013170498591,3.53553171537618
590.680093259368,227.940157394379,4.02832239508674
439.179722912696,464.216905482618,4.80427543122428
658.209133758592,371.255876023634,2.97127232405153
109.362312380965,484.397292258889,4.40292464977869
625.683798708253,91.4992094615837,4.12369462609165
417.578408953141,260.964873651346,3.67887248815267
11.9723679499222,178.009011998428,3.15243618260461
59.2600079062725,118.544175529418,4.58341816242367
604.545762792188,206.883830531058,4.08160115830035
249.962871285221,209.26743816342,3.51689749311158
574.509747805152,431.693153341526,3.78588641861179
305.825697564158,136.913860189572,3.80702499811711
532.07706495654,457.930872204235,3.32226595267241
49.4413460223262,417.82953316433,3.87211418536797
189.357217306602,293.869606425028,4.07020786537698
557.58923789219,265.925919923755,3.56320873963125
179.472886222747,23.8317482817061,3.94619193385448
501.99577221791,341.591733327763,4.72566508621635
45.7129131888798,50.109821728985,3.57827145987497
511.350416353517,143.973240574015,4.43542324731119
NA,NA,NA
662.755742582887,336.278816605183,3.59414639015686
458.496340004558,294.799395068968,3.63635262567588
10.722034248841,494.922034850458,3.63684148879897
562.59978303385,55.3583302163876,4.25305365316863
69.6934645183006,371.879801471827,4.0973381561299
229.683241027772,408.437115467796,3.8655917222973
428.891323900284,12.3278893136979,3.18679117568786
360.917286959809,293.663518199552,2.99800237895799
611.520184623905,103.512179358089,4.21064438798093
392.72791829147,233.626931431506,4.20438311428077
569.924852750862,408.104291910439,4.71899224511322
142.374794149033,291.282865981843,4.65572598987226
198.491900989484,372.252390755417,3.93356568451354
124.144502998048,413.250811535281,3.45460867854987
626.205292335356,313.73289706025,4.5827664609087
2.07798789402237,152.0375886037,4.16352869028524
544.350850852245,202.657578501911,4.03918569681221
33.3269275553625,492.787225976473,3.0875106575766
275.137309751929,28.525080942094,3.88967759281402
533.597077842007,392.478366856945,3.40549560998437
77.7012621047211,85.8531646307242,5.12236338923998
5.56284911177275,74.7698760632815,3.37343904647683
591.346029115561,226.979927966516,4.04870023571419
441.435837831366,460.648539816654,4.77430451044596
658.571423349748,372.92191563297,3.17389972041197
101.126424367517,491.875870863191,4.39727046593923
618.40190238388,86.2755329690546,4.0873139615982
423.246570928851,259.475202612712,3.62321752243282
12.0079155412759,183.095553084427,3.13456847788774
58.2537151855961,111.597939947384,4.67030065918821
606.479406867953,204.778550328563,4.59893688728002
254.97264139223,217.120506376294,3.96856421067287
561.29326929513,431.883488078661,3.86336367843504
296.992657843326,136.304691157173,3.87272272236227
533.428855921132,462.044302479555,3.51683451752729
53.4372547252227,416.956276474957,4.12118121951808
193.034539562611,278.036792409261,4.45799656499159
549.766295330891,254.76669933566,3.62341912999133
180.269160888903,27.3184716240851,4.32376536755591
495.734619081363,351.338496346302,4.74204701544804
48.2882811291431,50.0486910371851,3.98434854117767
537.250776334941,141.899023660751,4.55657434214949
NA,NA,NA
662.755742582887,336.278816605183,3.59414639015686
458.496340004558,294.799395068968,3.63635262567588
10.722034248841,494.922034850458,3.63684148879897
562.59978303385,55.3583302163876,4.25305365316863
69.6934645183006,371.879801471827,4.0973381561299
229.683241027772,408.437115467796,3.8655917222973
428.891323900284,12.3278893136979,3.18679117568786
360.917286959809,293.663518199552,2.99800237895799
611.520184623905,103.512179358089,4.21064438798093
392.72791829147,233.626931431506,4.20438311428077
569.924852750862,408.104291910439,4.71899224511322
142.374794149033,291.282865981843,4.65572598987226
198.491900989484,372.252390755417,3.93356568451354
124.144502998048,413.250811535281,3.45460867854987
626.205292335356,313.73289706025,4.5827664609087
2.07798789402237,152.0375886037,4.16352869028524
544.350850852245,202.657578501911,4.03918569681221
33.3269275553625,492.787225976473,3.0875106575766
275.137309751929,28.525080942094,3.88967759281402
533.597077842007,392.478366856945,3.40549560998437
77.7012621047211,85.8531646307242,5.12236338923998
5.56284911177275,74.7698760632815,3.37343904647683
591.346029115561,226.979927966516,4.04870023571419
441.435837831366,460.648539816654,4.77430451044596
658.571423349748,372.92191563297,3.17389972041197
101.126424367517,491.875870863191,4.39727046593923
618.40190238388,86.2755329690546,4.0873139615982
423.246570928851,259.475202612712,3.62321752243282
12.0079155412759,183.095553084427,3.13456847788774
58.2537151855961,111.597939947384,4.67030065918821
606.479406867953,204.778550328563,4.59893688728002
254.97264139223,217.120506376294,3.96856421067287
561.29326929513,431.883488078661,3.86336367843504
296.992657843326,136.304691157173,3.87272272236227
533.428855921132,462.044302479555,3.51683451752729
53.4372547252227,416.956276474957,4.12118121951808
193.034539562611,278.036792409261,4.45799656499159
549.766295330891,254.76669933566,3.62341912999133
180.269160888903,27.3184716240851,4.32376536755591
495.734619081363,351.338496346302,4.74204701544804
48.2882811291431,50.0486910371851,3.98434854117767
537.250776334941,141.899023660751,4.55657434214949
NA,NA,NA
662.755742582887,336.278816605183,3.59414639015686
458.496340004558,294.799395068968,3.63635262567588
10.722034248841,494.922034850458,3.63684148879897
562.59978303385,55.3583302163876,4.25305365316863
69.6934645183006,371.879801471827,4.0973381561299
229.683241027772,408.437115467796,3.8655917222973
428.891323900284,12.3278893136979,3.18679117568786
360.917286959809,293.663518199552,2.99800237895799
611.520184623905,103.512179358089,4.21064438798093
392.72791829147,233.626931431506,4.20438311428077
569.924852750862,408.104291910439,4.71899224511322
142.374794149033,291.282865981843,4.65572598987226
198.491900989484,372.252390755417,3.93356568451354
124.144502998048,413.250811535281,3.45460867854987
626.205292335356,313.73289706025,4.5827664609087
2.07798789402237,152.0375886037,4.16352869028524
544.350850852245,202.657578501911,4.03918569681221
33.3269275553625,492.787225976473,3.0875106575766
275.137309751929,28.525080942094,3.88967759281402
533.597077842007,392.478366856945,3.40549560998437
77.7012621047211,85.8531646307242,5.12236338923998
5.56284911177275,74.7698760632815,3.37343904647683
591.346029115561,226.979927966516,4.04870023571419
441.435837831366,460.648539816654,4.77430451044596
658.571423349748,372.92191563297,3.17389972041197
101.126424367517,491.875870863191,4.39727046593923
618.40190238388,86.2755329690546,4.0873139615982
423.246570928851,259.475202612712,3.62321752243282
12.0079155412759,183.095553084427,3.13456847788774
58.2537151855961,111.597939947384,4.67030065918821
606.479406867953,204.778550328563,4.59893688728002
254.97264139223,217.120506376294,3.96856421067287
561.29326929513,431.883488078661,3.86336367843504
296.992657843326,136.304691157173,3.87272272236227
533.428855921132,462.044302479555,3.51683451752729
53.4372547252227,416.956276474957,4.12118121951808
193.034539562611,278.036792409261,4.45799656499159
549.766295330891,254.76669933566,3.62341912999133
180.269160888903,27.3184716240851,4.32376536755591
495.734619081363,351.338496346302,4.74204701544804
48.2882811291431,50.0486910371851,3.98434854117767
537.250776334941,141.899023660751,4.55657434214949
NA,NA,NA
662.755742582887,336.278816605183,3.59414639015686
458.496340004558,294.799395068968,3.63635262567588
10.722034248841,494.922034850458,3.63684148879897
562.59978303385,55.3583302163876,4.25305365316863
69.6934645183006,371.879801471827,4.0973381561299
229.683241027772,408.437115467796,3.8655917222973
428.891323900284,12.3278893136979,3.18679117568786
360.917286959809,293.663518199552,2.99800237895799
611.520184623905,103.512179358089,4.21064438798093
392.72791829147,233.626931431506,4.20438311428077
569.924852750862,408.104291910439,4.71899224511322
142.374794149033,291.282865981843,4.65572598987226
198.491900989484,372.252390755417,3.93356568451354
124.144502998048,413.250811535281,3.45460867854987
626.205292335356,313.73289706025,4.5827664609087
2.07798789402237,152.0375886037,4.16352869028524
544.350850852245,202.657578501911,4.03918569681221
33.3269275553625,492.787225976473,3.0875106575766
275.137309751929,28.525080942094,3.88967759281402
533.597077842007,392.478366856945,3.40549560998437
77.7012621047211,85.8531646307242,5.12236338923998
5.56284911177275,74.7698760632815,3.37343904647683
591.346029115561,226.979927966516,4.04870023571419
441.435837831366,460.648539816654,4.77430451044596
658.571423349748,372.92191563297,3.17389972041197
101.126424367517,491.875870863191,4.39727046593923
618.40190238388,86.2755329690546,4.0873139615982
423.246570928851,259.475202612712,3.62321752243282
12.0079155412759,183.095553084427,3.13456847788774
58.2537151855961,111.597939947384,4.67030065918821
606.479406867953,204.778550328563,4.59893688728002
254.97264139223,217.120506376294,3.96856421067287
561.29326929513,431.883488078661,3.86336367843504
296.992657843326,136.304691157173,3.87272272236227
533.428855921132,462.044302479555,3.51683451752729
53.4372547252227,416.956276474957,4.12118121951808
193.034539562611,278.036792409261,4.45799656499159
549.766295330891,254.76669933566,3.62341912999133
180.269160888903,27.3184716240851,4.32376536755591
495.734619081363,351.338496346302,4.74204701544804
48.2882811291431,50.0486910371851,3.98434854117767
537.250776334941,141.899023660751,4.55657434214949
NA,NA,NA
662.755742582887,336.278816605183,3.59414639015686
458.496340004558,294.799395068968,3.63635262567588
10.722034248841,494.922034850458,3.63684148879897
562.59978303385,55.3583302163876,4.25305365316863
69.6934645183006,371.879801471827,4.0973381561299
229.683241027772,408.437115467796,3.8655917222973
428.891323900284,12.3278893136979,3.18679117568786
360.917286959809,293.663518199552,2.99800237895799
611.520184623905,103.512179358089,4.21064438798093
392.72791829147,233.626931431506,4.20438311428077
569.924852750862,408.104291910439,4.71899224511322
142.374794149033,291.282865981843,4.65572598987226
198.491900989484,372.252390755417,3.93356568451354
124.144502998048,413.250811535281,3.45460867854987
626.205292335356,313.73289706025,4.5827664609087
2.07798789402237,152.0375886037,4.16352869028524
544.350850852245,202.657578501911,4.03918569681221
33.3269275553625,492.787225976473,3.0875106575766
275.137309751929,28.525080942094,3.88967759281402
533.597077842007,392.478366856945,3.40549560998437
77.7012621047211,85.8531646307242,5.12236338923998
5.56284911177275,74.7698760632815,3.37343904647683
591.346029115561,226.979927966516,4.04870023571419
441.435837831366,460.648539816654,4.77430451044596
658.571423349748,372.92191563297,3.17389972041197
101.126424367517,491.875870863191,4.39727046593923
618.40190238388,86.2755329690546,4.0873139615982
423.246570928851,259.475202612712,3.62321752243282
12.0079155412759,183.095553084427,3.13456847788774
58.2537151855961,111.597939947384,4.67030065918821
606.479406867953,204.778550328563,4.59893688728002
254.97264139223,217.120506376294,3.96856421067287
561.29326929513,431.883488078661,3.86336367843504
296.992657843326,136.304691157173,3.87272272236227
533.428855921132,462.044302479555,3.51683451752729
53.4372547252227,416.956276474957,4.12118121951808
193.034539562611,278.036792409261,4.45799656499159
549.766295330891,254.76669933566,3.62341912999133
180.269160888903,27.3184716240851,4.32376536755591
495.734619081363,351.338496346302,4.74204701544804
48.2882811291431,50.0486910371851,3.98434854117767
537.250776334941,141.899023660751,4.55657434214949
NA,NA,NA
662.755742582887,336.278816605183,3.59414639015686
458.496340004558,294.799395068968,3.63635262567588
10.722034248841,494.922034850458,3.63684148879897
562.59978303385,55.3583302163876,4.25305365316863
69.6934645183006,371.879801471827,4.0973381561299
229.683241027772,408.437115467796,3.8655917222973
428.891323900284,12.3278893136979,3.18679117568786
360.917286959809,293.663518199552,2.99800237895799
611.520184623905,103.512179358089,4.21064438798093
392.72791829147,233.626931431506,4.20438311428077
569.924852750862,408.104291910439,4.71899224511322
142.374794149033,291.282865981843,4.65572598987226
198.491900989484,372.252390755417,3.93356568451354
124.144502998048,413.250811535281,3.45460867854987
626.205292335356,313.73289706025,4.5827664609087
2.07798789402237,152.0375886037,4.16352869028524
544.350850852245,202.657578501911,4.03918569681221
33.3269275553625,492.787225976473,3.0875106575766
275.137309751929,28.525080942094,3.88967759281402
533.597077842007,392.478366856945,3.40549560998437
77.7012621047211,85.8531646307242,5.12236338923998
5.56284911177275,74.7698760632815,3.37343904647683
591.346029115561,226.979927966516,4.04870023571419
441.435837831366,460.648539816654,4.77430451044596
658.571423349748,372.92191563297,3.17389972041197
101.126424367517,491.875870863191,4.39727046593923
618.40190238388,86.2755329690546,4.0873139615982
423.246570928851,259.475202612712,3.62321752243282
12.0079155412759,183.095553084427,3.13456847788774
58.2537151855961,111.597939947384,4.67030065918821
606.479406867953,204.778550328563,4.59893688728002
254.97264139223,217.120506376294,3.96856421067287
561.29326929513,431.883488078661,3.86336367843504
296.992657843326,136.304691157173,3.87272272236227
533.428855921132,462.044302479555,3.51683451752729
53.4372547252227,416.956276474957,4.12118121951808
193.034539562611,278.036792409261,4.45799656499159
549.766295330891,254.76669933566,3.62341912999133
180.269160888903,27.3184716240851,4.32376536755591
495.734619081363,351.338496346302,4.74204701544804
48.2882811291431,50.0486910371851,3.98434854117767
537.250776334941,141.899023660751,4.55657434214949
NA,NA,NA
659.230406442506,332.501270864877,3.49305613823958
459.679927564442,303.019052513579,3.6469943551091
6.22917431419081,493.084834636542,3.71066480558477
562.140762629862,50.449221318547,4.25236630631921
72.7925525063869,378.851891693568,3.93366260869307
228.300357255254,414.413646155975,3.86866932294169
430.32493801347,12.8445286778568,3.26474231965477
361.669863517584,294.293485447517,3.01313665532812
604.970318452551,101.839320498796,4.33192408712238
390.388101654863,234.653331132303,4.2856204439494
572.278460498901,411.927810443606,4.7354958542037
141.241611982136,276.49776903863,4.63425853675099
199.161169508359,365.610071297944,4.07076648921934
123.075121573782,414.153250692223,3.50979742391566
631.67400933577,313.399697958141,4.4693703472903
5.25288283584515,146.998505580893,4.23453762787336
547.484754820647,200.720257455676,4.17250839024572
36.4476050510641,492.766324960383,3.04844512407304
279.398563921777,23.9527188373237,3.84820044894191
534.872384843921,394.845726324106,3.43399307738287
80.4799659935076,81.7301541762232,5.23765607150786
7.07931119387793,73.5524197820104,3.54574095055427
590.975636123998,228.714116965865,3.98064681842212
432.315743655437,453.179438649402,4.79447995220897
659.371459121134,373.251891612121,2.84491126703446
106.251953091728,483.794645296148,4.26002648159565
626.641636542256,92.9698914783945,4.08866036260443
418.730741948862,255.834842868061,3.63058013174641
10.9133309258714,182.414987584954,3.34771979773007
61.532881463736,113.176058329741,4.64884709362849
608.55197434391,210.108915617067,4.35646453808873
259.810013412867,222.370316456652,3.44019771049146
578.483606445432,441.895428199988,3.78312334107764
300.799906271841,132.893801082942,3.81850616530383
525.817596790694,460.505771595556,3.59861743715423
48.1251348862005,420.1206040859,4.07153684078939
196.680577218826,287.452373259814,3.96057733837247
549.732792929013,258.41571868842,3.52819190380027
189.633769695386,21.6252622665319,4.40928523270032
500.417369999853,339.619474243117,4.48455492749266
34.3124053293394,43.1670732861074,3.8616935334093
531.850206702005,140.541090535218,4.53139876619221
NA,NA,NA
659.230406442506,332.501270864877,3.49305613823958
459.679927564442,303.019052513579,3.6469943551091
6.22917431419081,493.084834636542,3.71066480558477
562.140762629862,50.449221318547,4.25236630631921
72.7925525063869,378.851891693568,3.93366260869307
228.300357255254,414.413646155975,3.86866932294169
430.32493801347,12.8445286778568,3.26474231965477
361.669863517584,294.293485447517,3.01313665532812
604.970318452551,101.839320498796,4.33192408712238
390.388101654863,234.653331132303,4.2856204439494
572.278460498901,411.927810443606,4.7354958542037
141.241611982136,276.49776903863,4.63425853675099
199.161169508359,365.610071297944,4.07076648921934
123.075121573782,414.153250692223,3.50979742391566
631.67400933577,313.399697958141,4.4693703472903
5.25288283584515,146.998505580893,4.23453762787336
547.484754820647,200.720257455676,4.17250839024572
36.4476050510641,492.766324960383,3.04844512407304
279.398563921777,23.9527188373237,3.84820044894191
534.872384843921,394.845726324106,3.43399307738287
80.4799659935076,81.7301541762232,5.23765607150786
7.07931119387793,73.5524197820104,3.54574095055427
590.975636123998,228.714116965865,3.98064681842212
432.315743655437,453.179438649402,4.79447995220897
659.371459121134,373.251891612121,2.84491126703446
106.251953091728,483.794645296148,4.26002648159565
626.641636542256,92.9698914783945,4.08866036260443
418.730741948862,255.834842868061,3.63058013174641
10.9133309258714,182.414987584954,3.34771979773007
61.532881463736,113.176058329741,4.64884709362849
608.55197434391,210.108915617067,4.35646453808873
259.810013412867,222.370316456652,3.44019771049146
578.483606445432,441.895428199988,3.78312334107764
300.799906271841,132.893801082942,3.81850616530383
525.817596790694,460.505771595556,3.59861743715423
48.1251348862005,420.1206040859,4.07153684078939
196.680577218826,287.452373259814,3.96057733837247
549.732792929013,258.41571868842,3.52819190380027
189.633769695386,21.6252622665319,4.40928523270032
500.417369999853,339.619474243117,4.48455492749266
34.3124053293394,43.1670732861074,3.8616935334093
531.850206702005,140.541090535218,4.53139876619221
NA,NA,NA
659.230406442506,332.501270864877,3.49305613823958
459.679927564442,303.019052513579,3.6469943551091
6.22917431419081,493.084834636542,3.71066480558477
562.140762629862,50.449221318547,4.25236630631921
72.7925525063869,378.851891693568,3.93366260869307
228.300357255254,414.413646155975,3.86866932294169
430.32493801347,12.8445286778568,3.26474231965477
361.669863517584,294.293485447517,3.01313665532812
604.970318452551,101.839320498796,4.33192408712238
390.388101654863,234.653331132303,4.2856204439494
572.278460498901,411.927810443606,4.7354958542037
141.241611982136,276.49776903863,4.63425853675099
199.161169508359,365.610071297944,4.07076648921934
123.075121573782,414.153250692223,3.50979742391566
631.67400933577,313.399697958141,4.4693703472903
5.25288283584515,146.998505580893,4.23453762787336
547.484754820647,200.720257455676,4.17250839024572
36.4476050510641,492.766324960383,3.04844512407304
279.398563921777,23.9527188373237,3.84820044894191
534.872384843921,394.845726324106,3.43399307738287
80.4799659935076,81.7301541762232,5.23765607150786
7.07931119387793,73.5524197820104,3.54574095055427
590.975636123998,228.714116965865,3.98064681842212
432.315743655437,453.179438649402,4.79447995220897
659.371459121134,373.251891612121,2.84491126703446
106.251953091728,483.794645296148,4.26002648159565
626.641636542256,92.9698914783945,4.08866036260443
418.730741948862,255.834842868061,3.63058013174641
10.9133309258714,182.414987584954,3.34771979773007
61.532881463736,113.176058329741,4.64884709362849
608.55197434391,210.108915617067,4.35646453808873
259.810013412867,222.370316456652,3.44019771049146
578.483606445432,441.895428199988,3.78312334107764
300.799906271841,132.893801082942,3.81850616530383
525.817596790694,460.505771595556,3.59861743715423
48.1251348862005,420.1206040859,4.07153684078939
196.680577218826,287.452373259814,3.96057733837247
549.732792929013,258.41571868842,3.52819190380027
189.633769695386,21.6252622665319,4.40928523270032
500.417369999853,339.619474243117,4.48455492749266
34.3124053293394,43.1670732861074,3.8616935334093
531.850206702005,140.541090535218,4.53139876619221
NA,NA,NA
659.230406442506,332.501270864877,3.49305613823958
459.679927564442,303.019052513579,3.6469943551091
6.22917431419081,493.084834636542,3.71066480558477
562.140762629862,50.449221318547,4.25236630631921
72.7925525063869,378.851891693568,3.93366260869307
228.300357255254,414.413646155975,3.86866932294169
430.32493801347,12.8445286778568,3.26474231965477
361.669863517584,294.293485447517,3.01313665532812
604.970318452551,101.839320498796,4.33192408712238
390.388101654863,234.653331132303,4.2856204439494
572.278460498901,411.927810443606,4.7354958542037
141.241611982136,276.49776903863,4.63425853675099
199.161169508359,365.610071297944,4.07076648921934
123.075121573782,414.153250692223,3.50979742391566
631.67400933577,313.399697958141,4.4693703472903
5.25288283584515,146.998505580893,4.23453762787336
547.484754820647,200.720257455676,4.17250839024572
36.4476050510641,492.766324960383,3.04844512407304
279.398563921777,23.9527188373237,3.84820044894191
534.872384843921,394.845726324106,3.43399307738287
80.4799659935076,81.7301541762232,5.23765607150786
7.07931119387793,73.5524197820104,3.54574095055427
590.975636123998,228.714116965865,3.98064681842212
432.315743655437,453.179438649402,4.79447995220897
659.371459121134,373.251891612121,2.84491126703446
106.251953091728,483.794645296148,4.26002648159565
626.641636542256,92.9698914783945,4.08866036260443
418.730741948862,255.834842868061,3.63058013174641
10.9133309258714,182.414987584954,3.34771979773007
61.532881463736,113.176058329741,4.64884709362849
608.55197434391,210.108915617067,4.35646453808873
259.810013412867,222.370316456652,3.44019771049146
578.483606445432,441.895428199988,3.78312334107764
300.799906271841,132.893801082942,3.81850616530383
525.817596790694,460.505771595556,3.59861743715423
48.1251348862005,420.1206040859,4.07153684078939
196.680577218826,287.452373259814,3.96057733837247
549.732792929013,258.41571868842,3.52819190380027
189.633769695386,21.6252622665319,4.40928523270032
500.417369999853,339.619474243117,4.48455492749266
34.3124053293394,43.1670732861074,3.8616935334093
531.850206702005,140.541090535218,4.53139876619221
NA,NA,NA
659.230406442506,332.501270864877,3.49305613823958
459.679927564442,303.019052513579,3.6469943551091
6.22917431419081,493.084834636542,3.71066480558477
562.140762629862,50.449221318547,4.25236630631921
72.7925525063869,378.851891693568,3.93366260869307
228.300357255254,414.413646155975,3.86866932294169
430.32493801347,12.8445286778568,3.26474231965477
361.669863517584,294.293485447517,3.01313665532812
604.970318452551,101.839320498796,4.33192408712238
390.388101654863,234.653331132303,4.2856204439494
572.278460498901,411.927810443606,4.7354958542037
141.241611982136,276.49776903863,4.63425853675099
199.161169508359,365.610071297944,4.07076648921934
123.075121573782,414.153250692223,3.50979742391566
631.67400933577,313.399697958141,4.4693703472903
5.25288283584515,146.998505580893,4.23453762787336
547.484754820647,200.720257455676,4.17250839024572
36.4476050510641,492.766324960383,3.04844512407304
279.398563921777,23.9527188373237,3.84820044894191
534.872384843921,394.845726324106,3.43399307738287
80.4799659935076,81.7301541762232,5.23765607150786
7.07931119387793,73.5524197820104,3.54574095055427
590.975636123998,228.714116965865,3.98064681842212
432.315743655437,453.179438649402,4.79447995220897
659.371459121134,373.251891612121,2.84491126703446
106.251953091728,483.794645296148,4.26002648159565
626.641636542256,92.9698914783945,4.08866036260443
418.730741948862,255.834842868061,3.63058013174641
10.9133309258714,182.414987584954,3.34771979773007
61.532881463736,113.176058329741,4.64884709362849
608.55197434391,210.108915617067,4.35646453808873
259.810013412867,222.370316456652,3.44019771049146
578.483606445432,441.895428199988,3.78312334107764
300.799906271841,132.893801082942,3.81850616530383
525.817596790694,460.505771595556,3.59861743715423
48.1251348862005,420.1206040859,4.07153684078939
196.680577218826,287.452373259814,3.96057733837247
549.732792929013,258.41571868842,3.52819190380027
189.633769695386,21.6252622665319,4.40928523270032
500.417369999853,339.619474243117,4.48455492749266
34.3124053293394,43.1670732861074,3.8616935334093
531.850206702005,140.541090535218,4.53139876619221
NA,NA,NA
659.230406442506,332.501270864877,3.49305613823958
459.679927564442,303.019052513579,3.6469943551091
6.22917431419081,493.084834636542,3.71066480558477
562.140762629862,50.449221318547,4.25236630631921
72.7925525063869,378.851891693568,3.93366260869307
228.300357255254,414.413646155975,3.86866932294169
430.32493801347,12.8445286778568,3.26474231965477
361.669863517584,294.293485447517,3.01313665532812
604.970318452551,101.839320498796,4.33192408712238
390.388101654863,234.653331132303,4.2856204439494
572.278460498901,411.927810443606,4.7354958542037
141.241611982136,276.49776903863,4.63425853675099
199.161169508359,365.610071297944,4.07076648921934
123.075121573782,414.153250692223,3.50979742391566
631.67400933577,313.399697958141,4.4693703472903
5.25288283584515,146.998505580893,4.23453762787336
547.484754820647,200.720257455676,4.17250839024572
36.4476050510641,492.766324960383,3.04844512407304
279.398563921777,23.9527188373237,3.84820044894191
534.872384843921,394.845726324106,3.43399307738287
80.4799659935076,81.7301541762232,5.23765607150786
7.07931119387793,73.5524197820104,3.54574095055427
590.975636123998,228.714116965865,3.98064681842212
432.315743655437,453.179438649402,4.79447995220897
659.371459121134,373.251891612121,2.84491126703446
106.251953091728,483.794645296148,4.26002648159565
626.641636542256,92.9698914783945,4.08866036260443
418.730741948862,255.834842868061,3.63058013174641
10.9133309258714,182.414987584954,3.34771979773007
61.532881463736,113.176058329741,4.64884709362849
608.55197434391,210.108915617067,4.35646453808873
259.810013412867,222.370316456652,3.44019771049146
578.483606445432,441.895428199988,3.78312334107764
300.799906271841,132.893801082942,3.81850616530383
525.817596790694,460.505771595556,3.59861743715423
48.1251348862005,420.1206040859,4.07153684078939
196.680577218826,287.452373259814,3.96057733837247
549.732792929013,258.41571868842,3.52819190380027
189.633769695386,21.6252622665319,4.40928523270032
500.417369999853,339.619474243117,4.48455492749266
34.3124053293394,43.1670732861074,3.8616935334093
531.850206702005,140.541090535218,4.53139876619221
NA,NA,NA
660.825237448938,335.056648456742,3.53893086506565
461.00691383508,301.325970758804,3.41357755456929
5.41615278568428,499.003335612235,3.62923876549224
564.518273979854,50.0942454942547,4.23104464143995
70.0005266298125,371.472396093881,4.03895255128836
226.273576078525,412.194192248683,3.84401030315487
428.111934173143,13.2636937583538,3.47566576483387
362.39905631287,293.615036984467,2.88516991866856
603.352886148053,106.896007364052,4.04131064938467
389.668133236529,225.171803162376,4.12801119663088
567.864837952398,411.393379956808,4.76396918180557
138.821940039172,286.367670218639,4.61739395301898
198.33290982374,370.577164739255,4.10963743541456
127.899848366727,410.594467282236,3.42435296509599
620.591868393101,315.936207531525,4.71333015043115
11.1822146799989,150.66411919364,4.28345520142365
537.11520061434,201.750005373591,4.04953091338683
35.8093955097557,493.127342467162,3.03511660266348
283.906964551414,26.3493854028074,3.92338398584675
536.100181865822,392.689452119899,3.21129005721426
81.3487739055563,74.6451285923232,5.2713420935953
3.45994720043541,75.7061389357353,3.41859386234839
588.109738738049,222.503250747499,3.99728459932881
432.709331219782,461.931958977762,4.77864141142184
659.149853231318,370.434746229998,2.80740690071056
101.512152998166,490.5897238739,4.49117042787369
623.595081500331,90.3706184526329,4.07766766301539
420.927374200039,258.595342506116,3.64635904437109
12.3635884709258,182.525795243859,3.1486160195284
74.1172460816737,100.763561951711,4.62606411897673
612.231138341142,205.503371708076,4.617150287765
251.049157326989,218.774092470235,3.74258054402008
574.475626808806,441.383340608149,3.90599402989582
301.802607206595,136.611885130519,3.85102261310484
523.793240071766,455.734002057062,3.53346598522127
45.3724602947345,419.970929809404,3.96745298188211
208.313666192188,294.442763942009,4.31731881921104
544.290836443789,263.58097802343,3.80718221212152
167.20071765647,40.1241394317774,4.12888454268175
491.165685585577,348.950915181488,4.5443884194478
45.8533754837862,46.380002636464,3.79005126650688
528.839073281259,147.322681883508,4.79552857309646
NA,NA,NA
660.825237448938,335.056648456742,3.53893086506565
461.00691383508,301.325970758804,3.41357755456929
5.41615278568428,499.003335612235,3.62923876549224
564.518273979854,50.0942454942547,4.23104464143995
70.0005266298125,371.472396093881,4.03895255128836
226.273576078525,412.194192248683,3.84401030315487
428.111934173143,13.2636937583538,3.47566576483387
362.39905631287,293.615036984467,2.88516991866856
603.352886148053,106.896007364052,4.04131064938467
389.668133236529,225.171803162376,4.12801119663088
567.864837952398,411.393379956808,4.76396918180557
138.821940039172,286.367670218639,4.61739395301898
198.33290982374,370.577164739255,4.10963743541456
127.899848366727,410.594467282236,3.42435296509599
620.591868393101,315.936207531525,4.71333015043115
11.1822146799989,150.66411919364,4.28345520142365
537.11520061434,201.750005373591,4.04953091338683
35.8093955097557,493.127342467162,3.03511660266348
283.906964551414,26.3493854028074,3.92338398584675
536.100181865822,392.689452119899,3.21129005721426
81.3487739055563,74.6451285923232,5.2713420935953
3.45994720043541,75.7061389357353,3.41859386234839
588.109738738049,222.503250747499,3.99728459932881
432.709331219782,461.931958977762,4.77864141142184
659.149853231318,370.434746229998,2.80740690071056
101.512152998166,490.5897238739,4.49117042787369
623.595081500331,90.3706184526329,4.07766766301539
420.927374200039,258.595342506116,3.64635904437109
12.3635884709258,182.525795243859,3.1486160195284
74.1172460816737,100.763561951711,4.62606411897673
612.231138341142,205.503371708076,4.617150287765
251.049157326989,218.774092470235,3.74258054402008
574.475626808806,441.383340608149,3.90599402989582
301.802607206595,136.611885130519,3.85102261310484
523.793240071766,455.734002057062,3.53346598522127
45.3724602947345,419.970929809404,3.96745298188211
208.313666192188,294.442763942009,4.31731881921104
544.290836443789,263.58097802343,3.80718221212152
167.20071765647,40.1241394317774,4.12888454268175
491.165685585577,348.950915181488,4.5443884194478
45.8533754837862,46.380002636464,3.79005126650688
528.839073281259,147.322681883508,4.79552857309646
NA,NA,NA
660.825237448938,335.056648456742,3.53893086506565
461.00691383508,301.325970758804,3.41357755456929
5.41615278568428,499.003335612235,3.62923876549224
564.518273979854,50.0942454942547,4.23104464143995
70.0005266298125,371.472396093881,4.03895255128836
226.273576078525,412.194192248683,3.84401030315487
428.111934173143,13.2636937583538,3.47566576483387
362.39905631287,293.615036984467,2.88516991866856
603.352886148053,106.896007364052,4.04131064938467
389.668133236529,225.171803162376,4.12801119663088
567.864837952398,411.393379956808,4.76396918180557
138.821940039172,286.367670218639,4.61739395301898
198.33290982374,370.577164739255,4.10963743541456
127.899848366727,410.594467282236,3.42435296509599
620.591868393101,315.936207531525,4.71333015043115
11.1822146799989,150.66411919364,4.28345520142365
537.11520061434,201.750005373591,4.04953091338683
35.8093955097557,493.127342467162,3.03511660266348
283.906964551414,26.3493854028074,3.92338398584675
536.100181865822,392.689452119899,3.21129005721426
81.3487739055563,74.6451285923232,5.2713420935953
3.45994720043541,75.7061389357353,3.41859386234839
588.109738738049,222.503250747499,3.99728459932881
432.709331219782,461.931958977762,4.77864141142184
659.149853231318,370.434746229998,2.80740690071056
101.512152998166,490.5897238739,4.49117042787369
623.595081500331,90.3706184526329,4.07766766301539
420.927374200039,258.595342506116,3.64635904437109
12.3635884709258,182.525795243859,3.1486160195284
74.1172460816737,100.763561951711,4.62606411897673
612.231138341142,205.503371708076,4.617150287765
251.049157326989,218.774092470235,3.74258054402008
574.475626808806,441.383340608149,3.90599402989582
301.802607206595,136.611885130519,3.85102261310484
523.793240071766,455.734002057062,3.53346598522127
45.3724602947345,419.970929809404,3.96745298188211
208.313666192188,294.442763942009,4.31731881921104
544.290836443789,263.58097802343,3.80718221212152
167.20071765647,40.1241394317774,4.12888454268175
491.165685585577,348.950915181488,4.5443884194478
45.8533754837862,46.380002636464,3.79005126650688
528.839073281259,147.322681883508,4.79552857309646
NA,NA,NA
660.825237448938,335.056648456742,3.53893086506565
461.00691383508,301.325970758804,3.41357755456929
5.41615278568428,499.003335612235,3.62923876549224
564.518273979854,50.0942454942547,4.23104464143995
70.0005266298125,371.472396093881,4.03895255128836
226.273576078525,412.194192248683,3.84401030315487
428.111934173143,13.2636937583538,3.47566576483387
362.39905631287,293.615036984467,2.88516991866856
603.352886148053,106.896007364052,4.04131064938467
389.668133236529,225.171803162376,4.12801119663088
567.864837952398,411.393379956808,4.76396918180557
138.821940039172,286.367670218639,4.61739395301898
198.33290982374,370.577164739255,4.10963743541456
127.899848366727,410.594467282236,3.42435296509599
620.591868393101,315.936207531525,4.71333015043115
11.1822146799989,150.66411919364,4.28345520142365
537.11520061434,201.750005373591,4.04953091338683
35.8093955097557,493.127342467162,3.03511660266348
283.906964551414,26.3493854028074,3.92338398584675
536.100181865822,392.689452119899,3.21129005721426
81.3487739055563,74.6451285923232,5.2713420935953
3.45994720043541,75.7061389357353,3.41859386234839
588.109738738049,222.503250747499,3.99728459932881
432.709331219782,461.931958977762,4.77864141142184
659.149853231318,370.434746229998,2.80740690071056
101.512152998166,490.5897238739,4.49117042787369
623.595081500331,90.3706184526329,4.07766766301539
420.927374200039,258.595342506116,3.64635904437109
12.3635884709258,182.525795243859,3.1486160195284
74.1172460816737,100.763561951711,4.62606411897673
612.231138341142,205.503371708076,4.617150287765
251.049157326989,218.774092470235,3.74258054402008
574.475626808806,441.383340608149,3.90599402989582
301.802607206595,136.611885130519,3.85102261310484
523.793240071766,455.734002057062,3.53346598522127
45.3724602947345,419.970929809404,3.96745298188211
208.313666192188,294.442763942009,4.31731881921104
544.290836443789,263.58097802343,3.80718221212152
167.20071765647,40.1241394317774,4.12888454268175
491.165685585577,348.950915181488,4.5443884194478
45.8533754837862,46.380002636464,3.79005126650688
528.839073281259,147.322681883508,4.79552857309646
NA,NA,NA
660.825237448938,335.056648456742,3.53893086506565
461.00691383508,301.325970758804,3.41357755456929
5.41615278568428,499.003335612235,3.62923876549224
564.518273979854,50.0942454942547,4.23104464143995
70.0005266298125,371.472396093881,4.03895255128836
226.273576078525,412.194192248683,3.84401030315487
428.111934173143,13.2636937583538,3.47566576483387
362.39905631287,293.615036984467,2.88516991866856
603.352886148053,106.896007364052,4.04131064938467
389.668133236529,225.171803162376,4.12801119663088
567.864837952398,411.393379956808,4.76396918180557
138.821940039172,286.367670218639,4.61739395301898
198.33290982374,370.577164739255,4.10963743541456
127.899848366727,410.594467282236,3.42435296509599
620.591868393101,315.936207531525,4.71333015043115
11.1822146799989,150.66411919364,4.28345520142365
537.11520061434,201.750005373591,4.04953091338683
35.8093955097557,493.127342467162,3.03511660266348
283.906964551414,26.3493854028074,3.92338398584675
536.100181865822,392.689452119899,3.21129005721426
81.3487739055563,74.6451285923232,5.2713420935953
3.45994720043541,75.7061389357353,3.41859386234839
588.109738738049,222.503250747499,3.99728459932881
432.709331219782,461.931958977762,4.77864141142184
659.149853231318,370.434746229998,2.80740690071056
101.512152998166,490.5897238739,4.49117042787369
623.595081500331,90.3706184526329,4.07766766301539
420.927374200039,258.595342506116,3.64635904437109
12.3635884709258,182.525795243859,3.1486160195284
74.1172460816737,100.763561951711,4.62606411897673
612.231138341142,205.503371708076,4.617150287765
251.049157326989,218.774092470235,3.74258054402008
574.475626808806,441.383340608149,3.90599402989582
301.802607206595,136.611885130519,3.85102261310484
523.793240071766,455.734002057062,3.53346598522127
45.3724602947345,419.970929809404,3.96745298188211
208.313666192188,294.442763942009,4.31731881921104
544.290836443789,263.58097802343,3.80718221212152
167.20071765647,40.1241394317774,4.12888454268175
491.165685585577,348.950915181488,4.5443884194478
45.8533754837862,46.380002636464,3.79005126650688
528.839073281259,147.322681883508,4.79552857309646
NA,NA,NA
660.825237448938,335.056648456742,3.53893086506565
461.00691383508,301.325970758804,3.41357755456929
5.41615278568428,499.003335612235,3.62923876549224
564.518273979854,50.0942454942547,4.23104464143995
70.0005266298125,371.472396093881,4.03895255128836
226.273576078525,412.194192248683,3.84401030315487
428.111934173143,13.2636937583538,3.47566576483387
362.39905631287,293.615036984467,2.88516991866856
603.352886148053,106.896007364052,4.04131064938467
389.668133236529,225.171803162376,4.12801119663088
567.864837952398,411.393379956808,4.76396918180557
138.821940039172,286.367670218639,4.61739395301898
198.33290982374,370.577164739255,4.10963743541456
127.899848366727,410.594467282236,3.42435296509599
620.591868393101,315.936207531525,4.71333015043115
11.1822146799989,150.66411919364,4.28345520142365
537.11520061434,201.750005373591,4.04953091338683
35.8093955097557,493.127342467162,3.03511660266348
283.906964551414,26.3493854028074,3.92338398584675
536.100181865822,392.689452119899,3.21129005721426
81.3487739055563,74.6451285923232,5.2713420935953
3.45994720043541,75.7061389357353,3.41859386234839
588.109738738049,222.503250747499,3.99728459932881
432.709331219782,461.931958977762,4.77864141142184
659.149853231318,370.434746229998,2.80740690071056
101.512152998166,490.5897238739,4.49117042787369
623.595081500331,90.3706184526329,4.07766766301539
420.927374200039,258.595342506116,3.64635904437109
12.3635884709258,182.525795243859,3.1486160195284
74.1172460816737,100.763561951711,4.62606411897673
612.231138341142,205.503371708076,4.617150287765
251.049157326989,218.774092470235,3.74258054402008
574.475626808806,441.383340608149,3.90599402989582
301.802607206595,136.611885130519,3.85102261310484
523.793240071766,455.734002057062,3.53346598522127
45.3724602947345,419.970929809404,3.96745298188211
208.313666192188,294.442763942009,4.31731881921104
544.290836443789,263.58097802343,3.80718221212152
167.20071765647,40.1241394317774,4.12888454268175
491.165685585577,348.950915181488,4.5443884194478
45.8533754837862,46.380002636464,3.79005126650688
528.839073281259,147.322681883508,4.79552857309646
NA,NA,NA
663.411969060353,336.887232252384,3.5645582895041
455.208277271034,299.676352002045,3.60126491634205
13.8736968230709,494.784512173967,3.63059151966371
564.371522295118,51.1518729260295,4.21128044578939
67.2478217727315,372.775323224331,3.98797741380791
234.937037670355,417.336105853422,3.84531275297769
428.006919206181,16.1960283622354,3.29063753922028
361.283106582112,294.247209813262,3.06598264321154
604.571850053572,106.810949429047,4.25309011005661
385.522110669673,232.135411526531,4.15794948466204
572.816318033656,404.053669006154,4.72851447591191
142.118764157849,280.407468412472,4.59197618859765
201.299273160997,361.821013822686,4.01022089720805
127.017080888897,409.001216390301,3.35109139726893
633.350189994388,312.021495253527,4.61678775782751
-1.18895453679267,149.053079571029,4.26497859291388
547.953845712273,201.403089248319,4.08605761916971
32.4114783528264,491.193705840562,3.03205316121218
274.631438612665,21.2690480742291,3.89148491948899
534.830177600337,394.252104323653,3.37008682128333
64.4732487979846,65.8357385191539,5.16688016920011
3.6594672446607,75.7031969595675,3.5778551807158
590.853465911086,222.53004695096,3.97248979555811
439.11173850899,463.535945668391,4.74750211490435
659.125697493756,372.664421813015,3.04398689717353
105.00288381986,484.850426923029,4.28024656888759
622.010384719556,89.2059990706654,4.05116666192884
419.554389401595,257.741348454334,3.61700248737727
10.9409778975881,181.399790096484,3.14881103614386
68.2623490657011,120.181727829602,4.41178746839972
605.430678521321,197.422203020902,4.1575838404486
256.536762143651,209.869792783289,3.84596901729175
571.539880528094,437.937273594101,3.79472474971543
300.651537748667,138.532211792571,3.78473619111075
528.340766064508,457.43055205842,3.60764875970979
44.7856792254893,415.921628409493,3.70312816293744
199.784253039269,296.917552510337,3.38141034000533
545.581051180694,262.570041012349,3.870944586975
163.317214434612,35.8255005581004,3.97544137425667
494.20888104783,346.022374530116,4.33834152615747
34.0879693394418,42.2143836857562,3.74976535355394
547.014964943806,145.619177100369,4.77665728350247
NA,NA,NA
663.411969060353,336.887232252384,3.5645582895041
455.208277271034,299.676352002045,3.60126491634205
13.8736968230709,494.784512173967,3.63059151966371
564.371522295118,51.1518729260295,4.21128044578939
67.2478217727315,372.775323224331,3.98797741380791
234.937037670355,417.336105853422,3.84531275297769
428.006919206181,16.1960283622354,3.29063753922028
361.283106582112,294.247209813262,3.06598264321154
604.571850053572,106.810949429047,4.25309011005661
385.522110669673,232.135411526531,4.15794948466204
572.816318033656,404.053669006154,4.72851447591191
142.118764157849,280.407468412472,4.59197618859765
201.299273160997,361.821013822686,4.01022089720805
127.017080888897,409.001216390301,3.35109139726893
633.350189994388,312.021495253527,4.61678775782751
-1.18895453679267,149.053079571029,4.26497859291388
547.953845712273,201.403089248319,4.08605761916971
32.4114783528264,491.193705840562,3.03205316121218
274.631438612665,21.2690480742291,3.89148491948899
534.830177600337,394.252104323653,3.37008682128333
64.4732487979846,65.8357385191539,5.16688016920011
3.6594672446607,75.7031969595675,3.5778551807158
590.853465911086,222.53004695096,3.97248979555811
439.11173850899,463.535945668391,4.74750211490435
659.125697493756,372.664421813015,3.04398689717353
105.00288381986,484.850426923029,4.28024656888759
622.010384719556,89.2059990706654,4.05116666192884
419.554389401595,257.741348454334,3.61700248737727
10.9409778975881,181.399790096484,3.14881103614386
68.2623490657011,120.181727829602,4.41178746839972
605.430678521321,197.422203020902,4.1575838404486
256.536762143651,209.869792783289,3.84596901729175
571.539880528094,437.937273594101,3.79472474971543
300.651537748667,138.532211792571,3.78473619111075
528.340766064508,457.43055205842,3.60764875970979
44.7856792254893,415.921628409493,3.70312816293744
199.784253039269,296.917552510337,3.38141034000533
545.581051180694,262.570041012349,3.870944586975
163.317214434612,35.8255005581004,3.97544137425667
494.20888104783,346.022374530116,4.33834152615747
34.0879693394418,42.2143836857562,3.74976535355394
547.014964943806,145.619177100369,4.77665728350247
NA,NA,NA
663.411969060353,336.887232252384,3.5645582895041
455.208277271034,299.676352002045,3.60126491634205
13.8736968230709,494.784512173967,3.63059151966371
564.371522295118,51.1518729260295,4.21128044578939
67.2478217727315,372.775323224331,3.98797741380791
234.937037670355,417.336105853422,3.84531275297769
428.006919206181,16.1960283622354,3.29063753922028
361.283106582112,294.247209813262,3.06598264321154
604.571850053572,106.810949429047,4.25309011005661
385.522110669673,232.135411526531,4.15794948466204
572.816318033656,404.053669006154,4.72851447591191
142.118764157849,280.407468412472,4.59197618859765
201.299273160997,361.821013822686,4.01022089720805
127.017080888897,409.001216390301,3.35109139726893
633.350189994388,312.021495253527,4.61678775782751
-1.18895453679267,149.053079571029,4.26497859291388
547.953845712273,201.403089248319,4.08605761916971
32.4114783528264,491.193705840562,3.03205316121218
274.631438612665,21.2690480742291,3.89148491948899
534.830177600337,394.252104323653,3.37008682128333
64.4732487979846,65.8357385191539,5.16688016920011
3.6594672446607,75.7031969595675,3.5778551807158
590.853465911086,222.53004695096,3.97248979555811
439.11173850899,463.535945668391,4.74750211490435
659.125697493756,372.664421813015,3.04398689717353
105.00288381986,484.850426923029,4.28024656888759
622.010384719556,89.2059990706654,4.05116666192884
419.554389401595,257.741348454334,3.61700248737727
10.9409778975881,181.399790096484,3.14881103614386
68.2623490657011,120.181727829602,4.41178746839972
605.430678521321,197.422203020902,4.1575838404486
256.536762143651,209.869792783289,3.84596901729175
571.539880528094,437.937273594101,3.79472474971543
300.651537748667,138.532211792571,3.78473619111075
528.340766064508,457.43055205842,3.60764875970979
44.7856792254893,415.921628409493,3.70312816293744
199.784253039269,296.917552510337,3.38141034000533
545.581051180694,262.570041012349,3.870944586975
163.317214434612,35.8255005581004,3.97544137425667
494.20888104783,346.022374530116,4.33834152615747
34.0879693394418,42.2143836857562,3.74976535355394
547.014964943806,145.619177100369,4.77665728350247
NA,NA,NA
663.411969060353,336.887232252384,3.5645582895041
455.208277271034,299.676352002045,3.60126491634205
13.8736968230709,494.784512173967,3.63059151966371
564.371522295118,51.1518729260295,4.21128044578939
67.2478217727315,372.775323224331,3.98797741380791
234.937037670355,417.336105853422,3.84531275297769
428.006919206181,16.1960283622354,3.29063753922028
361.283106582112,294.247209813262,3.06598264321154
604.571850053572,106.810949429047,4.25309011005661
385.522110669673,232.135411526531,4.15794948466204
572.816318033656,404.053669006154,4.72851447591191
142.118764157849,280.407468412472,4.59197618859765
201.299273160997,361.821013822686,4.01022089720805
127.017080888897,409.001216390301,3.35109139726893
633.350189994388,312.021495253527,4.61678775782751
-1.18895453679267,149.053079571029,4.26497859291388
547.953845712273,201.403089248319,4.08605761916971
32.4114783528264,491.193705840562,3.03205316121218
274.631438612665,21.2690480742291,3.89148491948899
534.830177600337,394.252104323653,3.37008682128333
64.4732487979846,65.8357385191539,5.16688016920011
3.6594672446607,75.7031969595675,3.5778551807158
590.853465911086,222.53004695096,3.97248979555811
439.11173850899,463.535945668391,4.74750211490435
659.125697493756,372.664421813015,3.04398689717353
105.00288381986,484.850426923029,4.28024656888759
622.010384719556,89.2059990706654,4.05116666192884
419.554389401595,257.741348454334,3.61700248737727
10.9409778975881,181.399790096484,3.14881103614386
68.2623490657011,120.181727829602,4.41178746839972
605.430678521321,197.422203020902,4.1575838404486
256.536762143651,209.869792783289,3.84596901729175
571.539880528094,437.937273594101,3.79472474971543
300.651537748667,138.532211792571,3.78473619111075
528.340766064508,457.43055205842,3.60764875970979
44.7856792254893,415.921628409493,3.70312816293744
199.784253039269,296.917552510337,3.38141034000533
545.581051180694,262.570041012349,3.870944586975
163.317214434612,35.8255005581004,3.97544137425667
494.20888104783,346.022374530116,4.33834152615747
34.0879693394418,42.2143836857562,3.74976535355394
547.014964943806,145.619177100369,4.77665728350247
NA,NA,NA
663.411969060353,336.887232252384,3.5645582895041
455.208277271034,299.676352002045,3.60126491634205
13.8736968230709,494.784512173967,3.63059151966371
564.371522295118,51.1518729260295,4.21128044578939
67.2478217727315,372.775323224331,3.98797741380791
234.937037670355,417.336105853422,3.84531275297769
428.006919206181,16.1960283622354,3.29063753922028
361.283106582112,294.247209813262,3.06598264321154
604.571850053572,106.810949429047,4.25309011005661
385.522110669673,232.135411526531,4.15794948466204
572.816318033656,404.053669006154,4.72851447591191
142.118764157849,280.407468412472,4.59197618859765
201.299273160997,361.821013822686,4.01022089720805
127.017080888897,409.001216390301,3.35109139726893
633.350189994388,312.021495253527,4.61678775782751
-1.18895453679267,149.053079571029,4.26497859291388
547.953845712273,201.403089248319,4.08605761916971
32.4114783528264,491.193705840562,3.03205316121218
274.631438612665,21.2690480742291,3.89148491948899
534.830177600337,394.252104323653,3.37008682128333
64.4732487979846,65.8357385191539,5.16688016920011
3.6594672446607,75.7031969595675,3.5778551807158
590.853465911086,222.53004695096,3.97248979555811
439.11173850899,463.535945668391,4.74750211490435
659.125697493756,372.664421813015,3.04398689717353
105.00288381986,484.850426923029,4.28024656888759
622.010384719556,89.2059990706654,4.05116666192884
419.554389401595,257.741348454334,3.61700248737727
10.9409778975881,181.399790096484,3.14881103614386
68.2623490657011,120.181727829602,4.41178746839972
605.430678521321,197.422203020902,4.1575838404486
256.536762143651,209.869792783289,3.84596901729175
571.539880528094,437.937273594101,3.79472474971543
300.651537748667,138.532211792571,3.78473619111075
528.340766064508,457.43055205842,3.60764875970979
44.7856792254893,415.921628409493,3.70312816293744
199.784253039269,296.917552510337,3.38141034000533
545.581051180694,262.570041012349,3.870944586975
163.317214434612,35.8255005581004,3.97544137425667
494.20888104783,346.022374530116,4.33834152615747
34.0879693394418,42.2143836857562,3.74976535355394
547.014964943806,145.619177100369,4.77665728350247
NA,NA,NA
663.411969060353,336.887232252384,3.5645582895041
455.208277271034,299.676352002045,3.60126491634205
13.8736968230709,494.784512173967,3.63059151966371
564.371522295118,51.1518729260295,4.21128044578939
67.2478217727315,372.775323224331,3.98797741380791
234.937037670355,417.336105853422,3.84531275297769
428.006919206181,16.1960283622354,3.29063753922028
361.283106582112,294.247209813262,3.06598264321154
604.571850053572,106.810949429047,4.25309011005661
385.522110669673,232.135411526531,4.15794948466204
572.816318033656,404.053669006154,4.72851447591191
142.118764157849,280.407468412472,4.59197618859765
201.299273160997,361.821013822686,4.01022089720805
127.017080888897,409.001216390301,3.35109139726893
633.350189994388,312.021495253527,4.61678775782751
-1.18895453679267,149.053079571029,4.26497859291388
547.953845712273,201.403089248319,4.08605761916971
32.4114783528264,491.193705840562,3.03205316121218
274.631438612665,21.2690480742291,3.89148491948899
534.830177600337,394.252104323653,3.37008682128333
64.4732487979846,65.8357385191539,5.16688016920011
3.6594672446607,75.7031969595675,3.5778551807158
590.853465911086,222.53004695096,3.97248979555811
439.11173850899,463.535945668391,4.74750211490435
659.125697493756,372.664421813015,3.04398689717353
105.00288381986,484.850426923029,4.28024656888759
622.010384719556,89.2059990706654,4.05116666192884
419.554389401595,257.741348454334,3.61700248737727
10.9409778975881,181.399790096484,3.14881103614386
68.2623490657011,120.181727829602,4.41178746839972
605.430678521321,197.422203020902,4.1575838404486
256.536762143651,209.869792783289,3.84596901729175
571.539880528094,437.937273594101,3.79472474971543
300.651537748667,138.532211792571,3.78473619111075
528.340766064508,457.43055205842,3.60764875970979
44.7856792254893,415.921628409493,3.70312816293744
199.784253039269,296.917552510337,3.38141034000533
545.581051180694,262.570041012349,3.870944586975
163.317214434612,35.8255005581004,3.97544137425667
494.20888104783,346.022374530116,4.33834152615747
34.0879693394418,42.2143836857562,3.74976535355394
547.014964943806,145.619177100369,4.77665728350247
NA,NA,NA
659.272997255395,334.939717998332,3.50248004506951
457.358787972525,301.287880628931,3.63547802333956
12.7728686526483,493.13502627978,3.61215202103606
558.819867254265,54.530432730906,4.12998271074266
72.4060432622064,379.059885729984,4.05952980959742
224.348992308769,417.07437097274,3.86522805261165
427.074066681412,10.5862344596157,3.25645395905044
360.061795742319,292.473531369218,3.04388840650568
605.900776754674,103.022511246755,4.06693704360695
392.043020428749,230.377677557299,4.24019498095952
562.596233212959,407.506120113887,4.77467897464874
135.972669750594,284.617118631872,4.69142136859513
199.702930040561,369.843214077439,4.05491472319718
119.450798483072,413.737473194871,3.4269063946216
626.247023026903,320.715327079483,4.56927166673659
-0.108976012158545,143.963286292327,4.27249877839717
538.476885637437,211.1818781819,4.26384843465522
34.7945245169066,491.882567865101,3.01509709999569
278.705485147872,20.6946237820461,3.69304051431694
534.31822561294,393.974231257113,3.39736241139508
68.0280706986648,75.3397869954135,5.17126253969023
2.86373817396499,74.9020510655361,3.61858859542921
587.854863066617,223.017000579313,3.96173068609396
443.946198328875,462.896796279176,4.83031229179847
659.899460403376,372.008939923723,2.92454486935559
111.580273523574,485.56311478681,4.32763178038956
627.35229059596,93.3690079540038,4.1220897167651
420.608562498176,258.95535053326,3.72908539170534
10.9702100069156,183.232398367094,3.51056278750823
65.5740613225147,121.987421723304,4.37216330976239
612.906494225604,202.748710185618,4.67866781297333
252.128837659432,220.751469383378,4.06100472172552
580.995452192528,426.982264770359,3.68998115173464
299.898775725125,138.716853723456,3.97120291919389
521.742201171881,455.8774632585,3.55431596398188
49.7935031620708,417.103085943424,4.18738537243796
198.203952641046,279.788874981134,4.02756843692555
552.908157575094,253.930731481853,3.66081482561382
174.870910892775,27.5330090439776,3.91112519419933
499.796696944266,342.824828736831,4.31158783933765
45.1284248246811,58.8296543592102,3.85162015919295
533.478207224918,149.165822855456,4.32253167802391
NA,NA,NA
659.272997255395,334.939717998332,3.50248004506951
457.358787972525,301.287880628931,3.63547802333956
12.7728686526483,493.13502627978,3.61215202103606
558.819867254265,54.530432730906,4.12998271074266
72.4060432622064,379.059885729984,4.05952980959742
224.348992308769,417.07437097274,3.86522805261165
427.074066681412,10.5862344596157,3.25645395905044
360.061795742319,292.473531369218,3.04388840650568
605.900776754674,103.022511246755,4.06693704360695
392.043020428749,230.377677557299,4.24019498095952
562.596233212959,407.506120113887,4.77467897464874
135.972669750594,284.617118631872,4.69142136859513
199.702930040561,369.843214077439,4.05491472319718
119.450798483072,413.737473194871,3.4269063946216
626.247023026903,320.715327079483,4.56927166673659
-0.108976012158545,143.963286292327,4.27249877839717
538.476885637437,211.1818781819,4.26384843465522
34.7945245169066,491.882567865101,3.01509709999569
278.705485147872,20.6946237820461,3.69304051431694
534.31822561294,393.974231257113,3.39736241139508
68.0280706986648,75.3397869954135,5.17126253969023
2.86373817396499,74.9020510655361,3.61858859542921
587.854863066617,223.017000579313,3.96173068609396
443.946198328875,462.896796279176,4.83031229179847
659.899460403376,372.008939923723,2.92454486935559
111.580273523574,485.56311478681,4.32763178038956
627.35229059596,93.3690079540038,4.1220897167651
420.608562498176,258.95535053326,3.72908539170534
10.9702100069156,183.232398367094,3.51056278750823
65.5740613225147,121.987421723304,4.37216330976239
612.906494225604,202.748710185618,4.67866781297333
252.128837659432,220.751469383378,4.06100472172552
580.995452192528,426.982264770359,3.68998115173464
299.898775725125,138.716853723456,3.97120291919389
521.742201171881,455.8774632585,3.55431596398188
49.7935031620708,417.103085943424,4.18738537243796
198.203952641046,279.788874981134,4.02756843692555
552.908157575094,253.930731481853,3.66081482561382
174.870910892775,27.5330090439776,3.91112519419933
499.796696944266,342.824828736831,4.31158783933765
45.1284248246811,58.8296543592102,3.85162015919295
533.478207224918,149.165822855456,4.32253167802391
NA,NA,NA
659.272997255395,334.939717998332,3.50248004506951
457.358787972525,301.287880628931,3.63547802333956
12.7728686526483,493.13502627978,3.61215202103606
558.819867254265,54.530432730906,4.12998271074266
72.4060432622064,379.059885729984,4.05952980959742
224.348992308769,417.07437097274,3.86522805261165
427.074066681412,10.5862344596157,3.25645395905044
360.061795742319,292.473531369218,3.04388840650568
605.900776754674,103.022511246755,4.06693704360695
392.043020428749,230.377677557299,4.24019498095952
562.596233212959,407.506120113887,4.77467897464874
135.972669750594,284.617118631872,4.69142136859513
199.702930040561,369.843214077439,4.05491472319718
119.450798483072,413.737473194871,3.4269063946216
626.247023026903,320.715327079483,4.56927166673659
-0.108976012158545,143.963286292327,4.27249877839717
538.476885637437,211.1818781819,4.26384843465522
34.7945245169066,491.882567865101,3.01509709999569
278.705485147872,20.6946237820461,3.69304051431694
534.31822561294,393.974231257113,3.39736241139508
68.0280706986648,75.3397869954135,5.17126253969023
2.86373817396499,74.9020510655361,3.61858859542921
587.854863066617,223.017000579313,3.96173068609396
443.946198328875,462.896796279176,4.83031229179847
659.899460403376,372.008939923723,2.92454486935559
111.580273523574,485.56311478681,4.32763178038956
627.35229059596,93.3690079540038,4.1220897167651
420.608562498176,258.95535053326,3.72908539170534
10.9702100069156,183.232398367094,3.51056278750823
65.5740613225147,121.987421723304,4.37216330976239
612.906494225604,202.748710185618,4.67866781297333
252.128837659432,220.751469383378,4.06100472172552
580.995452192528,426.982264770359,3.68998115173464
299.898775725125,138.716853723456,3.97120291919389
521.742201171881,455.8774632585,3.55431596398188
49.7935031620708,417.103085943424,4.18738537243796
198.203952641046,279.788874981134,4.02756843692555
552.908157575094,253.930731481853,3.66081482561382
174.870910892775,27.5330090439776,3.91112519419933
499.796696944266,342.824828736831,4.31158783933765
45.1284248246811,58.8296543592102,3.85162015919295
533.478207224918,149.165822855456,4.32253167802391
NA,NA,NA
659.272997255395,334.939717998332,3.50248004506951
457.358787972525,301.287880628931,3.63547802333956
12.7728686526483,493.13502627978,3.61215202103606
558.819867254265,54.530432730906,4.12998271074266
72.4060432622064,379.059885729984,4.05952980959742
224.348992308769,417.07437097274,3.86522805261165
427.074066681412,10.5862344596157,3.25645395905044
360.061795742319,292.473531369218,3.04388840650568
605.900776754674,103.022511246755,4.06693704360695
392.043020428749,230.377677557299,4.24019498095952
562.596233212959,407.506120113887,4.77467897464874
135.972669750594,284.617118631872,4.69142136859513
199.702930040561,369.843214077439,4.05491472319718
119.450798483072,413.737473194871,3.4269063946216
626.247023026903,320.715327079483,4.56927166673659
-0.108976012158545,143.963286292327,4.27249877839717
538.476885637437,211.1818781819,4.26384843465522
34.7945245169066,491.882567865101,3.01509709999569
278.705485147872,20.6946237820461,3.69304051431694
534.31822561294,393.974231257113,3.39736241139508
68.0280706986648,75.3397869954135,5.17126253969023
2.86373817396499,74.9020510655361,3.61858859542921
587.854863066617,223.017000579313,3.96173068609396
443.946198328875,462.896796279176,4.83031229179847
659.899460403376,372.008939923723,2.92454486935559
111.580273523574,485.56311478681,4.32763178038956
627.35229059596,93.3690079540038,4.1220897167651
420.608562498176,258.95535053326,3.72908539170534
10.9702100069156,183.232398367094,3.51056278750823
65.5740613225147,121.987421723304,4.37216330976239
612.906494225604,202.748710185618,4.67866781297333
252.128837659432,220.751469383378,4.06100472172552
580.995452192528,426.982264770359,3.68998115173464
299.898775725125,138.716853723456,3.97120291919389
521.742201171881,455.8774632585,3.55431596398188
49.7935031620708,417.103085943424,4.18738537243796
198.203952641046,279.788874981134,4.02756843692555
552.908157575094,253.930731481853,3.66081482561382
174.870910892775,27.5330090439776,3.91112519419933
499.796696944266,342.824828736831,4.31158783933765
45.1284248246811,58.8296543592102,3.85162015919295
533.478207224918,149.165822855456,4.32253167802391
NA,NA,NA
659.272997255395,334.939717998332,3.50248004506951
457.358787972525,301.287880628931,3.63547802333956
12.7728686526483,493.13502627978,3.61215202103606
558.819867254265,54.530432730906,4.12998271074266
72.4060432622064,379.059885729984,4.05952980959742
224.348992308769,417.07437097274,3.86522805261165
427.074066681412,10.5862344596157,3.25645395905044
360.061795742319,292.473531369218,3.04388840650568
605.900776754674,103.022511246755,4.06693704360695
392.043020428749,230.377677557299,4.24019498095952
562.596233212959,407.506120113887,4.77467897464874
135.972669750594,284.617118631872,4.69142136859513
199.702930040561,369.843214077439,4.05491472319718
119.450798483072,413.737473194871,3.4269063946216
626.247023026903,320.715327079483,4.56927166673659
-0.108976012158545,143.963286292327,4.27249877839717
538.476885637437,211.1818781819,4.26384843465522
34.7945245169066,491.882567865101,3.01509709999569
278.705485147872,20.6946237820461,3.69304051431694
534.31822561294,393.974231257113,3.39736241139508
68.0280706986648,75.3397869954135,5.17126253969023
2.86373817396499,74.9020510655361,3.61858859542921
587.854863066617,223.017000579313,3.96173068609396
443.946198328875,462.896796279176,4.83031229179847
659.899460403376,372.008939923723,2.92454486935559
111.580273523574,485.56311478681,4.32763178038956
627.35229059596,93.3690079540038,4.1220897167651
420.608562498176,258.95535053326,3.72908539170534
10.9702100069156,183.232398367094,3.51056278750823
65.5740613225147,121.987421723304,4.37216330976239
612.906494225604,202.748710185618,4.67866781297333
252.128837659432,220.751469383378,4.06100472172552
580.995452192528,426.982264770359,3.68998115173464
299.898775725125,138.716853723456,3.97120291919389
521.742201171881,455.8774632585,3.55431596398188
49.7935031620708,417.103085943424,4.18738537243796
198.203952641046,279.788874981134,4.02756843692555
552.908157575094,253.930731481853,3.66081482561382
174.870910892775,27.5330090439776,3.91112519419933
499.796696944266,342.824828736831,4.31158783933765
45.1284248246811,58.8296543592102,3.85162015919295
533.478207224918,149.165822855456,4.32253167802391
NA,NA,NA
659.272997255395,334.939717998332,3.50248004506951
457.358787972525,301.287880628931,3.63547802333956
12.7728686526483,493.13502627978,3.61215202103606
558.819867254265,54.530432730906,4.12998271074266
72.4060432622064,379.059885729984,4.05952980959742
224.348992308769,417.07437097274,3.86522805261165
427.074066681412,10.5862344596157,3.25645395905044
360.061795742319,292.473531369218,3.04388840650568
605.900776754674,103.022511246755,4.06693704360695
392.043020428749,230.377677557299,4.24019498095952
562.596233212959,407.506120113887,4.77467897464874
135.972669750594,284.617118631872,4.69142136859513
199.702930040561,369.843214077439,4.05491472319718
119.450798483072,413.737473194871,3.4269063946216
626.247023026903,320.715327079483,4.56927166673659
-0.108976012158545,143.963286292327,4.27249877839717
538.476885637437,211.1818781819,4.26384843465522
34.7945245169066,491.882567865101,3.01509709999569
278.705485147872,20.6946237820461,3.69304051431694
534.31822561294,393.974231257113,3.39736241139508
68.0280706986648,75.3397869954135,5.17126253969023
2.86373817396499,74.9020510655361,3.61858859542921
587.854863066617,223.017000579313,3.96173068609396
443.946198328875,462.896796279176,4.83031229179847
659.899460403376,372.008939923723,2.92454486935559
111.580273523574,485.56311478681,4.32763178038956
627.35229059596,93.3690079540038,4.1220897167651
420.608562498176,258.95535053326,3.72908539170534
10.9702100069156,183.232398367094,3.51056278750823
65.5740613225147,121.987421723304,4.37216330976239
612.906494225604,202.748710185618,4.67866781297333
252.128837659432,220.751469383378,4.06100472172552
580.995452192528,426.982264770359,3.68998115173464
299.898775725125,138.716853723456,3.97120291919389
521.742201171881,455.8774632585,3.55431596398188
49.7935031620708,417.103085943424,4.18738537243796
198.203952641046,279.788874981134,4.02756843692555
552.908157575094,253.930731481853,3.66081482561382
174.870910892775,27.5330090439776,3.91112519419933
499.796696944266,342.824828736831,4.31158783933765
45.1284248246811,58.8296543592102,3.85162015919295
533.478207224918,149.165822855456,4.32253167802391
NA,NA,NA
658.895104278302,336.229511884611,3.54986016875385
458.386480224375,300.37807925194,3.72091218157646
9.50135963916152,492.88313587578,3.66827228935997
562.295630837899,47.647497751885,4.26174134351447
77.3160911896496,370.781700865375,3.93442793614735
227.072888433492,418.365895849472,4.02796229058135
430.571012162789,15.7897786815427,3.40950641557759
365.066497718748,292.393753438978,3.08939140516054
605.039244982612,106.805274099953,4.17364036067959
396.119940024317,228.875888501243,4.17501771481079
577.143645912113,408.689994548968,4.73723797314336
145.299477840612,281.339478288121,4.61313969710379
194.916366418602,371.943123635916,3.92729009598468
126.012182338169,413.311570371016,3.34024584126749
623.657218487349,313.75846559096,4.55265260139378
0.419731525181659,154.363079996861,4.30523264965543
541.926224539658,208.08143800142,4.0652627669402
30.8499012251035,491.446626478261,2.861085705143
279.829565575709,23.2148135202716,4.10751539834217
538.656263644164,391.146407946055,3.28518208334173
74.9822922857683,82.6241517802098,5.31492069098627
3.24258120274481,75.5298480530251,3.45556065978391
592.621710669341,229.96865420014,4.06754606195245
443.327757162096,456.118691975417,4.73796191363444
657.330557115666,373.731314441737,3.27445537084653
101.876683151792,488.210510778598,4.42420504046827
623.843803471694,88.7747998387926,4.07145557823475
418.955011671942,262.155509598622,3.74746699355414
10.0852930126448,180.431354337103,3.29917724524599
57.7500417564225,116.716153075226,4.52767159671406
610.449084015708,195.668502085539,4.38027885901835
260.127684637487,217.076464356805,3.68451114171097
579.564336807067,423.073938253756,3.66211100822105
298.39156897931,134.731838808441,3.95089605755142
530.652852844101,457.05835770679,3.55321873125015
42.8508124247424,420.547966161772,3.76623285689664
197.452411833204,282.677599987557,4.52845193645617
547.147012343232,267.211691155668,3.7365419255578
170.516527065415,28.9182308289286,3.8210859875982
495.891382998298,335.343370343855,4.53486012585813
31.2365066677881,48.5069733036196,3.82301260967357
524.88711384206,160.464812036079,4.41294764174269
NA,NA,NA
658.895104278302,336.229511884611,3.54986016875385
458.386480224375,300.37807925194,3.72091218157646
9.50135963916152,492.88313587578,3.66827228935997
562.295630837899,47.647497751885,4.26174134351447
77.3160911896496,370.781700865375,3.93442793614735
227.072888433492,418.365895849472,4.02796229058135
430.571012162789,15.7897786815427,3.40950641557759
365.066497718748,292.393753438978,3.08939140516054
605.039244982612,106.805274099953,4.17364036067959
396.119940024317,228.875888501243,4.17501771481079
577.143645912113,408.689994548968,4.73723797314336
145.299477840612,281.339478288121,4.61313969710379
194.916366418602,371.943123635916,3.92729009598468
126.012182338169,413.311570371016,3.34024584126749
623.657218487349,313.75846559096,4.55265260139378
0.419731525181659,154.363079996861,4.30523264965543
541.926224539658,208.08143800142,4.0652627669402
30.8499012251035,491.446626478261,2.861085705143
279.829565575709,23.2148135202716,4.10751539834217
538.656263644164,391.146407946055,3.28518208334173
74.9822922857683,82.6241517802098,5.31492069098627
3.24258120274481,75.5298480530251,3.45556065978391
592.621710669341,229.96865420014,4.06754606195245
443.327757162096,456.118691975417,4.73796191363444
657.330557115666,373.731314441737,3.27445537084653
101.876683151792,488.210510778598,4.42420504046827
623.843803471694,88.7747998387926,4.07145557823475
418.955011671942,262.155509598622,3.74746699355414
10.0852930126448,180.431354337103,3.29917724524599
57.7500417564225,116.716153075226,4.52767159671406
610.449084015708,195.668502085539,4.38027885901835
260.127684637487,217.076464356805,3.68451114171097
579.564336807067,423.073938253756,3.66211100822105
298.39156897931,134.731838808441,3.95089605755142
530.652852844101,457.05835770679,3.55321873125015
42.8508124247424,420.547966161772,3.76623285689664
197.452411833204,282.677599987557,4.52845193645617
547.147012343232,267.211691155668,3.7365419255578
170.516527065415,28.9182308289286,3.8210859875982
495.891382998298,335.343370343855,4.53486012585813
31.2365066677881,48.5069733036196,3.82301260967357
524.88711384206,160.464812036079,4.41294764174269
NA,NA,NA
658.895104278302,336.229511884611,3.54986016875385
458.386480224375,300.37807925194,3.72091218157646
9.50135963916152,492.88313587578,3.66827228935997
562.295630837899,47.647497751885,4.26174134351447
77.3160911896496,370.781700865375,3.93442793614735
227.072888433492,418.365895849472,4.02796229058135
430.571012162789,15.7897786815427,3.40950641557759
365.066497718748,292.393753438978,3.08939140516054
605.039244982612,106.805274099953,4.17364036067959
396.119940024317,228.875888501243,4.17501771481079
577.143645912113,408.689994548968,4.73723797314336
145.299477840612,281.339478288121,4.61313969710379
194.916366418602,371.943123635916,3.92729009598468
126.012182338169,413.311570371016,3.34024584126749
623.657218487349,313.75846559096,4.55265260139378
0.419731525181659,154.363079996861,4.30523264965543
541.926224539658,208.08143800142,4.0652627669402
30.8499012251035,491.446626478261,2.861085705143
279.829565575709,23.2148135202716,4.10751539834217
538.656263644164,391.146407946055,3.28518208334173
74.9822922857683,82.6241517802098,5.31492069098627
3.24258120274481,75.5298480530251,3.45556065978391
592.621710669341,229.96865420014,4.06754606195245
443.327757162096,456.118691975417,4.73796191363444
657.330557115666,373.731314441737,3.27445537084653
101.876683151792,488.210510778598,4.42420504046827
623.843803471694,88.7747998387926,4.07145557823475
418.955011671942,262.155509598622,3.74746699355414
10.0852930126448,180.431354337103,3.29917724524599
57.7500417564225,116.716153075226,4.52767159671406
610.449084015708,195.668502085539,4.38027885901835
260.127684637487,217.076464356805,3.68451114171097
579.564336807067,423.073938253756,3.66211100822105
298.39156897931,134.731838808441,3.95089605755142
530.652852844101,457.05835770679,3.55321873125015
42.8508124247424,420.547966161772,3.76623285689664
197.452411833204,282.677599987557,4.52845193645617
547.147012343232,267.211691155668,3.7365419255578
170.516527065415,28.9182308289286,3.8210859875982
495.891382998298,335.343370343855,4.53486012585813
31.2365066677881,48.5069733036196,3.82301260967357
524.88711384206,160.464812036079,4.41294764174269
NA,NA,NA
658.895104278302,336.229511884611,3.54986016875385
458.386480224375,300.37807925194,3.72091218157646
9.50135963916152,492.88313587578,3.66827228935997
562.295630837899,47.647497751885,4.26174134351447
77.3160911896496,370.781700865375,3.93442793614735
227.072888433492,418.365895849472,4.02796229058135
430.571012162789,15.7897786815427,3.40950641557759
365.066497718748,292.393753438978,3.08939140516054
605.039244982612,106.805274099953,4.17364036067959
396.119940024317,228.875888501243,4.17501771481079
577.143645912113,408.689994548968,4.73723797314336
145.299477840612,281.339478288121,4.61313969710379
194.916366418602,371.943123635916,3.92729009598468
126.012182338169,413.311570371016,3.34024584126749
623.657218487349,313.75846559096,4.55265260139378
0.419731525181659,154.363079996861,4.30523264965543
541.926224539658,208.08143800142,4.0652627669402
30.8499012251035,491.446626478261,2.861085705143
279.829565575709,23.2148135202716,4.10751539834217
538.656263644164,391.146407946055,3.28518208334173
74.9822922857683,82.6241517802098,5.31492069098627
3.24258120274481,75.5298480530251,3.45556065978391
592.621710669341,229.96865420014,4.06754606195245
443.327757162096,456.118691975417,4.73796191363444
657.330557115666,373.731314441737,3.27445537084653
101.876683151792,488.210510778598,4.42420504046827
623.843803471694,88.7747998387926,4.07145557823475
418.955011671942,262.155509598622,3.74746699355414
10.0852930126448,180.431354337103,3.29917724524599
57.7500417564225,116.716153075226,4.52767159671406
610.449084015708,195.668502085539,4.38027885901835
260.127684637487,217.076464356805,3.68451114171097
579.564336807067,423.073938253756,3.66211100822105
298.39156897931,134.731838808441,3.95089605755142
530.652852844101,457.05835770679,3.55321873125015
42.8508124247424,420.547966161772,3.76623285689664
197.452411833204,282.677599987557,4.52845193645617
547.147012343232,267.211691155668,3.7365419255578
170.516527065415,28.9182308289286,3.8210859875982
495.891382998298,335.343370343855,4.53486012585813
31.2365066677881,48.5069733036196,3.82301260967357
524.88711384206,160.464812036079,4.41294764174269
NA,NA,NA
658.895104278302,336.229511884611,3.54986016875385
458.386480224375,300.37807925194,3.72091218157646
9.50135963916152,492.88313587578,3.66827228935997
562.295630837899,47.647497751885,4.26174134351447
77.3160911896496,370.781700865375,3.93442793614735
227.072888433492,418.365895849472,4.02796229058135
430.571012162789,15.7897786815427,3.40950641557759
365.066497718748,292.393753438978,3.08939140516054
605.039244982612,106.805274099953,4.17364036067959
396.119940024317,228.875888501243,4.17501771481079
577.143645912113,408.689994548968,4.73723797314336
145.299477840612,281.339478288121,4.61313969710379
194.916366418602,371.943123635916,3.92729009598468
126.012182338169,413.311570371016,3.34024584126749
623.657218487349,313.75846559096,4.55265260139378
0.419731525181659,154.363079996861,4.30523264965543
541.926224539658,208.08143800142,4.0652627669402
30.8499012251035,491.446626478261,2.861085705143
279.829565575709,23.2148135202716,4.10751539834217
538.656263644164,391.146407946055,3.28518208334173
74.9822922857683,82.6241517802098,5.31492069098627
3.24258120274481,75.5298480530251,3.45556065978391
592.621710669341,229.96865420014,4.06754606195245
443.327757162096,456.118691975417,4.73796191363444
657.330557115666,373.731314441737,3.27445537084653
101.876683151792,488.210510778598,4.42420504046827
623.843803471694,88.7747998387926,4.07145557823475
418.955011671942,262.155509598622,3.74746699355414
10.0852930126448,180.431354337103,3.29917724524599
57.7500417564225,116.716153075226,4.52767159671406
610.449084015708,195.668502085539,4.38027885901835
260.127684637487,217.076464356805,3.68451114171097
579.564336807067,423.073938253756,3.66211100822105
298.39156897931,134.731838808441,3.95089605755142
530.652852844101,457.05835770679,3.55321873125015
42.8508124247424,420.547966161772,3.76623285689664
197.452411833204,282.677599987557,4.52845193645617
547.147012343232,267.211691155668,3.7365419255578
170.516527065415,28.9182308289286,3.8210859875982
495.891382998298,335.343370343855,4.53486012585813
31.2365066677881,48.5069733036196,3.82301260967357
524.88711384206,160.464812036079,4.41294764174269
NA,NA,NA
658.895104278302,336.229511884611,3.54986016875385
458.386480224375,300.37807925194,3.72091218157646
9.50135963916152,492.88313587578,3.66827228935997
562.295630837899,47.647497751885,4.26174134351447
77.3160911896496,370.781700865375,3.93442793614735
227.072888433492,418.365895849472,4.02796229058135
430.571012162789,15.7897786815427,3.40950641557759
365.066497718748,292.393753438978,3.08939140516054
605.039244982612,106.805274099953,4.17364036067959
396.119940024317,228.875888501243,4.17501771481079
577.143645912113,408.689994548968,4.73723797314336
145.299477840612,281.339478288121,4.61313969710379
194.916366418602,371.943123635916,3.92729009598468
126.012182338169,413.311570371016,3.34024584126749
623.657218487349,313.75846559096,4.55265260139378
0.419731525181659,154.363079996861,4.30523264965543
541.926224539658,208.08143800142,4.0652627669402
30.8499012251035,491.446626478261,2.861085705143
279.829565575709,23.2148135202716,4.10751539834217
538.656263644164,391.146407946055,3.28518208334173
74.9822922857683,82.6241517802098,5.31492069098627
3.24258120274481,75.5298480530251,3.45556065978391
592.621710669341,229.96865420014,4.06754606195245
443.327757162096,456.118691975417,4.73796191363444
657.330557115666,373.731314441737,3.27445537084653
101.876683151792,488.210510778598,4.42420504046827
623.843803471694,88.7747998387926,4.07145557823475
418.955011671942,262.155509598622,3.74746699355414
10.0852930126448,180.431354337103,3.29917724524599
57.7500417564225,116.716153075226,4.52767159671406
610.449084015708,195.668502085539,4.38027885901835
260.127684637487,217.076464356805,3.68451114171097
579.564336807067,423.073938253756,3.66211100822105
298.39156897931,134.731838808441,3.95089605755142
530.652852844101,457.05835770679,3.55321873125015
42.8508124247424,420.547966161772,3.76623285689664
197.452411833204,282.677599987557,4.52845193645617
547.147012343232,267.211691155668,3.7365419255578
170.516527065415,28.9182308289286,3.8210859875982
495.891382998298,335.343370343855,4.53486012585813
31.2365066677881,48.5069733036196,3.82301260967357
524.88711384206,160.464812036079,4.41294764174269
NA,NA,NA
665.144293301733,333.986068534141,3.50600608822694
455.546819002572,297.443054087833,3.49754175763556
11.9012864469961,492.310386292292,3.58316020708761
561.740555684496,48.3513434171428,4.26926976405183
75.0314185049327,375.292521973147,3.94071887648429
227.327684693013,413.674771379665,3.94791533764371
427.611977570234,14.452581685723,3.5298484247611
360.951580644771,293.304226886684,3.10175103539044
605.64308765167,106.058883699909,4.30776258448757
397.050117777723,229.637895826596,4.31345730687433
563.903714420324,410.69084692435,4.71138204025533
134.990914547191,290.243926000221,4.53709838989529
197.577838384682,372.033768030431,4.05381150670564
120.987526950519,409.904828115132,3.35772539839854
626.785040339755,312.424751373515,4.48017085170773
2.69735638610358,144.049925228107,4.21727560154877
545.474333977368,203.302985159871,4.11817195938783
33.0531181123633,492.289830876515,2.99241778580184
282.549745927878,20.9413526793142,3.76380583777483
532.463168644181,392.119094107899,3.34192677151394
75.0962386830214,79.3228639006543,5.32615480203587
4.26776486237204,74.3230608993181,3.61429397250752
588.32777475478,229.284291242615,4.02442584105202
433.780275277929,457.840435478958,4.75411477124145
660.095402092191,372.219022534035,3.16846914426471
106.697782926825,491.199609337776,4.38707938384444
624.081160657884,87.8834808903247,4.06194246668043
417.807727804009,259.341502283825,3.65447075194746
11.2206024499955,181.293861902447,3.16984859150049
81.7430454886753,102.301937840021,4.34156436121379
615.286239166322,194.162436037601,4.50322768847271
255.44282856054,224.856673425938,4.10289822591917
573.050389408165,431.866158006938,3.89193333197766
302.687159934919,133.41305002179,3.99748546295619
533.32345466728,450.976033686386,3.78760575422824
59.1009763118077,423.354747085378,3.91245212773313
197.975691591139,286.685870631192,3.93486688106815
552.801011220346,259.083224207895,3.75496290002127
181.661234229893,30.5607146775218,4.38616903729927
499.141569208212,336.882122708243,4.46464440826357
25.2912855823593,49.460603550146,4.11412939570299
528.080190263277,140.364723882604,4.32146697518102
NA,NA,NA
665.144293301733,333.986068534141,3.50600608822694
455.546819002572,297.443054087833,3.49754175763556
11.9012864469961,492.310386292292,3.58316020708761
561.740555684496,48.3513434171428,4.26926976405183
75.0314185049327,375.292521973147,3.94071887648429
227.327684693013,413.674771379665,3.94791533764371
427.611977570234,14.452581685723,3.5298484247611
360.951580644771,293.304226886684,3.10175103539044
605.64308765167,106.058883699909,4.30776258448757
397.050117777723,229.637895826596,4.31345730687433
563.903714420324,410.69084692435,4.71138204025533
134.990914547191,290.243926000221,4.53709838989529
197.577838384682,372.033768030431,4.05381150670564
120.987526950519,409.904828115132,3.35772539839854
626.785040339755,312.424751373515,4.48017085170773
2.69735638610358,144.049925228107,4.21727560154877
545.474333977368,203.302985159871,4.11817195938783
33.0531181123633,492.289830876515,2.99241778580184
282.549745927878,20.9413526793142,3.76380583777483
532.463168644181,392.119094107899,3.34192677151394
75.0962386830214,79.3228639006543,5.32615480203587
4.26776486237204,74.3230608993181,3.61429397250752
588.32777475478,229.284291242615,4.02442584105202
433.780275277929,457.840435478958,4.75411477124145
660.095402092191,372.219022534035,3.16846914426471
106.697782926825,491.199609337776,4.38707938384444
624.081160657884,87.8834808903247,4.06194246668043
417.807727804009,259.341502283825,3.65447075194746
11.2206024499955,181.293861902447,3.16984859150049
81.7430454886753,102.301937840021,4.34156436121379
615.286239166322,194.162436037601,4.50322768847271
255.44282856054,224.856673425938,4.10289822591917
573.050389408165,431.866158006938,3.89193333197766
302.687159934919,133.41305002179,3.99748546295619
533.32345466728,450.976033686386,3.78760575422824
59.1009763118077,423.354747085378,3.91245212773313
197.975691591139,286.685870631192,3.93486688106815
552.801011220346,259.083224207895,3.75496290002127
181.661234229893,30.5607146775218,4.38616903729927
499.141569208212,336.882122708243,4.46464440826357
25.2912855823593,49.460603550146,4.11412939570299
528.080190263277,140.364723882604,4.32146697518102
NA,NA,NA
665.144293301733,333.986068534141,3.50600608822694
455.546819002572,297.443054087833,3.49754175763556
11.9012864469961,492.310386292292,3.58316020708761
561.740555684496,48.3513434171428,4.26926976405183
75.0314185049327,375.292521973147,3.94071887648429
227.327684693013,413.674771379665,3.94791533764371
427.611977570234,14.452581685723,3.5298484247611
360.951580644771,293.304226886684,3.10175103539044
605.64308765167,106.058883699909,4.30776258448757
397.050117777723,229.637895826596,4.31345730687433
563.903714420324,410.69084692435,4.71138204025533
134.990914547191,290.243926000221,4.53709838989529
197.577838384682,372.033768030431,4.05381150670564
120.987526950519,409.904828115132,3.35772539839854
626.785040339755,312.424751373515,4.48017085170773
2.69735638610358,144.049925228107,4.21727560154877
545.474333977368,203.302985159871,4.11817195938783
33.0531181123633,492.289830876515,2.99241778580184
282.549745927878,20.9413526793142,3.76380583777483
532.463168644181,392.119094107899,3.34192677151394
75.0962386830214,79.3228639006543,5.32615480203587
4.26776486237204,74.3230608993181,3.61429397250752
588.32777475478,229.284291242615,4.02442584105202
433.780275277929,457.840435478958,4.75411477124145
660.095402092191,372.219022534035,3.16846914426471
106.697782926825,491.199609337776,4.38707938384444
624.081160657884,87.8834808903247,4.06194246668043
417.807727804009,259.341502283825,3.65447075194746
11.2206024499955,181.293861902447,3.16984859150049
81.7430454886753,102.301937840021,4.34156436121379
615.286239166322,194.162436037601,4.50322768847271
255.44282856054,224.856673425938,4.10289822591917
573.050389408165,431.866158006938,3.89193333197766
302.687159934919,133.41305002179,3.99748546295619
533.32345466728,450.976033686386,3.78760575422824
59.1009763118077,423.354747085378,3.91245212773313
197.975691591139,286.685870631192,3.93486688106815
552.801011220346,259.083224207895,3.75496290002127
181.661234229893,30.5607146775218,4.38616903729927
499.141569208212,336.882122708243,4.46464440826357
25.2912855823593,49.460603550146,4.11412939570299
528.080190263277,140.364723882604,4.32146697518102
NA,NA,NA
665.144293301733,333.986068534141,3.50600608822694
455.546819002572,297.443054087833,3.49754175763556
11.9012864469961,492.310386292292,3.58316020708761
561.740555684496,48.3513434171428,4.26926976405183
75.0314185049327,375.292521973147,3.94071887648429
227.327684693013,413.674771379665,3.94791533764371
427.611977570234,14.452581685723,3.5298484247611
360.951580644771,293.304226886684,3.10175103539044
605.64308765167,106.058883699909,4.30776258448757
397.050117777723,229.637895826596,4.31345730687433
563.903714420324,410.69084692435,4.71138204025533
134.990914547191,290.243926000221,4.53709838989529
197.577838384682,372.033768030431,4.05381150670564
120.987526950519,409.904828115132,3.35772539839854
626.785040339755,312.424751373515,4.48017085170773
2.69735638610358,144.049925228107,4.21727560154877
545.474333977368,203.302985159871,4.11817195938783
33.0531181123633,492.289830876515,2.99241778580184
282.549745927878,20.9413526793142,3.76380583777483
532.463168644181,392.119094107899,3.34192677151394
75.0962386830214,79.3228639006543,5.32615480203587
4.26776486237204,74.3230608993181,3.61429397250752
588.32777475478,229.284291242615,4.02442584105202
433.780275277929,457.840435478958,4.75411477124145
660.095402092191,372.219022534035,3.16846914426471
106.697782926825,491.199609337776,4.38707938384444
624.081160657884,87.8834808903247,4.06194246668043
417.807727804009,259.341502283825,3.65447075194746
11.2206024499955,181.293861902447,3.16984859150049
81.7430454886753,102.301937840021,4.34156436121379
615.286239166322,194.162436037601,4.50322768847271
255.44282856054,224.856673425938,4.10289822591917
573.050389408165,431.866158006938,3.89193333197766
302.687159934919,133.41305002179,3.99748546295619
533.32345466728,450.976033686386,3.78760575422824
59.1009763118077,423.354747085378,3.91245212773313
197.975691591139,286.685870631192,3.93486688106815
552.801011220346,259.083224207895,3.75496290002127
181.661234229893,30.5607146775218,4.38616903729927
499.141569208212,336.882122708243,4.46464440826357
25.2912855823593,49.460603550146,4.11412939570299
528.080190263277,140.364723882604,4.32146697518102
NA,NA,NA
665.144293301733,333.986068534141,3.50600608822694
455.546819002572,297.443054087833,3.49754175763556
11.9012864469961,492.310386292292,3.58316020708761
561.740555684496,48.3513434171428,4.26926976405183
75.0314185049327,375.292521973147,3.94071887648429
227.327684693013,413.674771379665,3.94791533764371
427.611977570234,14.452581685723,3.5298484247611
360.951580644771,293.304226886684,3.10175103539044
605.64308765167,106.058883699909,4.30776258448757
397.050117777723,229.637895826596,4.31345730687433
563.903714420324,410.69084692435,4.71138204025533
134.990914547191,290.243926000221,4.53709838989529
197.577838384682,372.033768030431,4.05381150670564
120.987526950519,409.904828115132,3.35772539839854
626.785040339755,312.424751373515,4.48017085170773
2.69735638610358,144.049925228107,4.21727560154877
545.474333977368,203.302985159871,4.11817195938783
33.0531181123633,492.289830876515,2.99241778580184
282.549745927878,20.9413526793142,3.76380583777483
532.463168644181,392.119094107899,3.34192677151394
75.0962386830214,79.3228639006543,5.32615480203587
4.26776486237204,74.3230608993181,3.61429397250752
588.32777475478,229.284291242615,4.02442584105202
433.780275277929,457.840435478958,4.75411477124145
660.095402092191,372.219022534035,3.16846914426471
106.697782926825,491.199609337776,4.38707938384444
624.081160657884,87.8834808903247,4.06194246668043
417.807727804009,259.341502283825,3.65447075194746
11.2206024499955,181.293861902447,3.16984859150049
81.7430454886753,102.301937840021,4.34156436121379
615.286239166322,194.162436037601,4.50322768847271
255.44282856054,224.856673425938,4.10289822591917
573.050389408165,431.866158006938,3.89193333197766
302.687159934919,133.41305002179,3.99748546295619
533.32345466728,450.976033686386,3.78760575422824
59.1009763118077,423.354747085378,3.91245212773313
197.975691591139,286.685870631192,3.93486688106815
552.801011220346,259.083224207895,3.75496290002127
181.661234229893,30.5607146775218,4.38616903729927
499.141569208212,336.882122708243,4.46464440826357
25.2912855823593,49.460603550146,4.11412939570299
528.080190263277,140.364723882604,4.32146697518102
NA,NA,NA
665.144293301733,333.986068534141,3.50600608822694
455.546819002572,297.443054087833,3.49754175763556
11.9012864469961,492.310386292292,3.58316020708761
561.740555684496,48.3513434171428,4.26926976405183
75.0314185049327,375.292521973147,3.94071887648429
227.327684693013,413.674771379665,3.94791533764371
427.611977570234,14.452581685723,3.5298484247611
360.951580644771,293.304226886684,3.10175103539044
605.64308765167,106.058883699909,4.30776258448757
397.050117777723,229.637895826596,4.31345730687433
563.903714420324,410.69084692435,4.71138204025533
134.990914547191,290.243926000221,4.53709838989529
197.577838384682,372.033768030431,4.05381150670564
120.987526950519,409.904828115132,3.35772539839854
626.785040339755,312.424751373515,4.48017085170773
2.69735638610358,144.049925228107,4.21727560154877
545.474333977368,203.302985159871,4.11817195938783
33.0531181123633,492.289830876515,2.99241778580184
282.549745927878,20.9413526793142,3.76380583777483
532.463168644181,392.119094107899,3.34192677151394
75.0962386830214,79.3228639006543,5.32615480203587
4.26776486237204,74.3230608993181,3.61429397250752
588.32777475478,229.284291242615,4.02442584105202
433.780275277929,457.840435478958,4.75411477124145
660.095402092191,372.219022534035,3.16846914426471
106.697782926825,491.199609337776,4.38707938384444
624.081160657884,87.8834808903247,4.06194246668043
417.807727804009,259.341502283825,3.65447075194746
11.2206024499955,181.293861902447,3.16984859150049
81.7430454886753,102.301937840021,4.34156436121379
615.286239166322,194.162436037601,4.50322768847271
255.44282856054,224.856673425938,4.10289822591917
573.050389408165,431.866158006938,3.89193333197766
302.687159934919,133.41305002179,3.99748546295619
533.32345466728,450.976033686386,3.78760575422824
59.1009763118077,423.354747085378,3.91245212773313
197.975691591139,286.685870631192,3.93486688106815
552.801011220346,259.083224207895,3.75496290002127
181.661234229893,30.5607146775218,4.38616903729927
499.141569208212,336.882122708243,4.46464440826357
25.2912855823593,49.460603550146,4.11412939570299
528.080190263277,140.364723882604,4.32146697518102
NA,NA,NA
663.425952787143,337.758136647141,3.45918323997915
458.408542235972,297.950877952623,3.57259569253042
11.1409678033205,493.304571974462,3.61573527709093
556.697865829692,45.3456183466692,4.17342194398447
70.1239474287585,375.38316589092,3.96762522485914
228.02816613333,417.922074578246,3.89745054862479
434.099813032757,12.890549514939,3.42138004065312
361.488182890124,289.843272339616,3.08450249762446
604.088854917609,100.877593594907,4.19779717265337
392.819246939421,228.987003605031,4.26307215291102
567.562566575472,417.302862798902,4.74915208716159
137.903013990423,279.778948180177,4.54201957409594
195.53742332904,372.660200805681,4.07033471058424
122.51102516956,409.126714097243,3.43447723444395
625.203891581744,309.756538594578,4.5481099838159
6.23854959732893,150.750012724894,4.23022981154169
543.047735502886,204.390343850265,4.22456981916591
32.8491447438893,490.539401846808,2.99321702845619
281.329824743437,23.3641321902247,3.92433404243835
533.35804079147,392.922032059442,3.57121126187413
70.8708160925566,76.066750720982,5.10499631725386
5.06952601813958,75.8892704601274,3.37780191498388
590.496149364002,224.945285725863,4.10064930277238
440.823822270023,459.355971467855,4.904660861494
659.358773684498,373.306399696983,3.4070942723868
105.888063897035,486.341380102195,4.36755413532254
622.163666069629,88.8105123180844,4.06043803604113
423.22881326834,258.4209026104,3.69493962681906
12.3631845415737,183.01159174134,3.17523748390779
51.8343229716032,102.775859215692,4.61036079094236
628.223354013075,194.298309236828,4.15442861841512
252.27615485261,224.885360284002,3.88362456237519
575.059049785762,434.617147452917,3.87191612810884
298.167162141172,132.369081265205,3.91489271220731
524.258386327539,461.124101238918,3.49130213895394
35.6633738764131,422.460913081652,4.10636685598463
192.544579120886,290.070323573214,3.75805264882927
544.737050567222,256.927710567881,3.6332178052363
173.104642911421,37.3841072856864,4.23336846178016
497.071150859688,350.301244824171,4.52978223063978
29.4211473724763,57.6070754370414,3.51651488396464
517.186222252582,163.413966499315,4.17083143132483
NA,NA,NA
663.425952787143,337.758136647141,3.45918323997915
458.408542235972,297.950877952623,3.57259569253042
11.1409678033205,493.304571974462,3.61573527709093
556.697865829692,45.3456183466692,4.17342194398447
70.1239474287585,375.38316589092,3.96762522485914
228.02816613333,417.922074578246,3.89745054862479
434.099813032757,12.890549514939,3.42138004065312
361.488182890124,289.843272339616,3.08450249762446
604.088854917609,100.877593594907,4.19779717265337
392.819246939421,228.987003605031,4.26307215291102
567.562566575472,417.302862798902,4.74915208716159
137.903013990423,279.778948180177,4.54201957409594
195.53742332904,372.660200805681,4.07033471058424
122.51102516956,409.126714097243,3.43447723444395
625.203891581744,309.756538594578,4.5481099838159
6.23854959732893,150.750012724894,4.23022981154169
543.047735502886,204.390343850265,4.22456981916591
32.8491447438893,490.539401846808,2.99321702845619
281.329824743437,23.3641321902247,3.92433404243835
533.35804079147,392.922032059442,3.57121126187413
70.8708160925566,76.066750720982,5.10499631725386
5.06952601813958,75.8892704601274,3.37780191498388
590.496149364002,224.945285725863,4.10064930277238
440.823822270023,459.355971467855,4.904660861494
659.358773684498,373.306399696983,3.4070942723868
105.888063897035,486.341380102195,4.36755413532254
622.163666069629,88.8105123180844,4.06043803604113
423.22881326834,258.4209026104,3.69493962681906
12.3631845415737,183.01159174134,3.17523748390779
51.8343229716032,102.775859215692,4.61036079094236
628.223354013075,194.298309236828,4.15442861841512
252.27615485261,224.885360284002,3.88362456237519
575.059049785762,434.617147452917,3.87191612810884
298.167162141172,132.369081265205,3.91489271220731
524.258386327539,461.124101238918,3.49130213895394
35.6633738764131,422.460913081652,4.10636685598463
192.544579120886,290.070323573214,3.75805264882927
544.737050567222,256.927710567881,3.6332178052363
173.104642911421,37.3841072856864,4.23336846178016
497.071150859688,350.301244824171,4.52978223063978
29.4211473724763,57.6070754370414,3.51651488396464
517.186222252582,163.413966499315,4.17083143132483
NA,NA,NA
663.425952787143,337.758136647141,3.45918323997915
458.408542235972,297.950877952623,3.57259569253042
11.1409678033205,493.304571974462,3.61573527709093
556.697865829692,45.3456183466692,4.17342194398447
70.1239474287585,375.38316589092,3.96762522485914
228.02816613333,417.922074578246,3.89745054862479
434.099813032757,12.890549514939,3.42138004065312
361.488182890124,289.843272339616,3.08450249762446
604.088854917609,100.877593594907,4.19779717265337
392.819246939421,228.987003605031,4.26307215291102
567.562566575472,417.302862798902,4.74915208716159
137.903013990423,279.778948180177,4.54201957409594
195.53742332904,372.660200805681,4.07033471058424
122.51102516956,409.126714097243,3.43447723444395
625.203891581744,309.756538594578,4.5481099838159
6.23854959732893,150.750012724894,4.23022981154169
543.047735502886,204.390343850265,4.22456981916591
32.8491447438893,490.539401846808,2.99321702845619
281.329824743437,23.3641321902247,3.92433404243835
533.35804079147,392.922032059442,3.57121126187413
70.8708160925566,76.066750720982,5.10499631725386
5.06952601813958,75.8892704601274,3.37780191498388
590.496149364002,224.945285725863,4.10064930277238
440.823822270023,459.355971467855,4.904660861494
659.358773684498,373.306399696983,3.4070942723868
105.888063897035,486.341380102195,4.36755413532254
622.163666069629,88.8105123180844,4.06043803604113
423.22881326834,258.4209026104,3.69493962681906
12.3631845415737,183.01159174134,3.17523748390779
51.8343229716032,102.775859215692,4.61036079094236
628.223354013075,194.298309236828,4.15442861841512
252.27615485261,224.885360284002,3.88362456237519
575.059049785762,434.617147452917,3.87191612810884
298.167162141172,132.369081265205,3.91489271220731
524.258386327539,461.124101238918,3.49130213895394
35.6633738764131,422.460913081652,4.10636685598463
192.544579120886,290.070323573214,3.75805264882927
544.737050567222,256.927710567881,3.6332178052363
173.104642911421,37.3841072856864,4.23336846178016
497.071150859688,350.301244824171,4.52978223063978
29.4211473724763,57.6070754370414,3.51651488396464
517.186222252582,163.413966499315,4.17083143132483
NA,NA,NA
663.425952787143,337.758136647141,3.45918323997915
458.408542235972,297.950877952623,3.57259569253042
11.1409678033205,493.304571974462,3.61573527709093
556.697865829692,45.3456183466692,4.17342194398447
70.1239474287585,375.38316589092,3.96762522485914
228.02816613333,417.922074578246,3.89745054862479
434.099813032757,12.890549514939,3.42138004065312
361.488182890124,289.843272339616,3.08450249762446
604.088854917609,100.877593594907,4.19779717265337
392.819246939421,228.987003605031,4.26307215291102
567.562566575472,417.302862798902,4.74915208716159
137.903013990423,279.778948180177,4.54201957409594
195.53742332904,372.660200805681,4.07033471058424
122.51102516956,409.126714097243,3.43447723444395
625.203891581744,309.756538594578,4.5481099838159
6.23854959732893,150.750012724894,4.23022981154169
543.047735502886,204.390343850265,4.22456981916591
32.8491447438893,490.539401846808,2.99321702845619
281.329824743437,23.3641321902247,3.92433404243835
533.35804079147,392.922032059442,3.57121126187413
70.8708160925566,76.066750720982,5.10499631725386
5.06952601813958,75.8892704601274,3.37780191498388
590.496149364002,224.945285725863,4.10064930277238
440.823822270023,459.355971467855,4.904660861494
659.358773684498,373.306399696983,3.4070942723868
105.888063897035,486.341380102195,4.36755413532254
622.163666069629,88.8105123180844,4.06043803604113
423.22881326834,258.4209026104,3.69493962681906
12.3631845415737,183.01159174134,3.17523748390779
51.8343229716032,102.775859215692,4.61036079094236
628.223354013075,194.298309236828,4.15442861841512
252.27615485261,224.885360284002,3.88362456237519
575.059049785762,434.617147452917,3.87191612810884
298.167162141172,132.369081265205,3.91489271220731
524.258386327539,461.124101238918,3.49130213895394
35.6633738764131,422.460913081652,4.10636685598463
192.544579120886,290.070323573214,3.75805264882927
544.737050567222,256.927710567881,3.6332178052363
173.104642911421,37.3841072856864,4.23336846178016
497.071150859688,350.301244824171,4.52978223063978
29.4211473724763,57.6070754370414,3.51651488396464
517.186222252582,163.413966499315,4.17083143132483
NA,NA,NA
663.425952787143,337.758136647141,3.45918323997915
458.408542235972,297.950877952623,3.57259569253042
11.1409678033205,493.304571974462,3.61573527709093
556.697865829692,45.3456183466692,4.17342194398447
70.1239474287585,375.38316589092,3.96762522485914
228.02816613333,417.922074578246,3.89745054862479
434.099813032757,12.890549514939,3.42138004065312
361.488182890124,289.843272339616,3.08450249762446
604.088854917609,100.877593594907,4.19779717265337
392.819246939421,228.987003605031,4.26307215291102
567.562566575472,417.302862798902,4.74915208716159
137.903013990423,279.778948180177,4.54201957409594
195.53742332904,372.660200805681,4.07033471058424
122.51102516956,409.126714097243,3.43447723444395
625.203891581744,309.756538594578,4.5481099838159
6.23854959732893,150.750012724894,4.23022981154169
543.047735502886,204.390343850265,4.22456981916591
32.8491447438893,490.539401846808,2.99321702845619
281.329824743437,23.3641321902247,3.92433404243835
533.35804079147,392.922032059442,3.57121126187413
70.8708160925566,76.066750720982,5.10499631725386
5.06952601813958,75.8892704601274,3.37780191498388
590.496149364002,224.945285725863,4.10064930277238
440.823822270023,459.355971467855,4.904660861494
659.358773684498,373.306399696983,3.4070942723868
105.888063897035,486.341380102195,4.36755413532254
622.163666069629,88.8105123180844,4.06043803604113
423.22881326834,258.4209026104,3.69493962681906
12.3631845415737,183.01159174134,3.17523748390779
51.8343229716032,102.775859215692,4.61036079094236
628.223354013075,194.298309236828,4.15442861841512
252.27615485261,224.885360284002,3.88362456237519
575.059049785762,434.617147452917,3.87191612810884
298.167162141172,132.369081265205,3.91489271220731
524.258386327539,461.124101238918,3.49130213895394
35.6633738764131,422.460913081652,4.10636685598463
192.544579120886,290.070323573214,3.75805264882927
544.737050567222,256.927710567881,3.6332178052363
173.104642911421,37.3841072856864,4.23336846178016
497.071150859688,350.301244824171,4.52978223063978
29.4211473724763,57.6070754370414,3.51651488396464
517.186222252582,163.413966499315,4.17083143132483
NA,NA,NA
663.425952787143,337.758136647141,3.45918323997915
458.408542235972,297.950877952623,3.57259569253042
11.1409678033205,493.304571974462,3.61573527709093
556.697865829692,45.3456183466692,4.17342194398447
70.1239474287585,375.38316589092,3.96762522485914
228.02816613333,417.922074578246,3.89745054862479
434.099813032757,12.890549514939,3.42138004065312
361.488182890124,289.843272339616,3.08450249762446
604.088854917609,100.877593594907,4.19779717265337
392.819246939421,228.987003605031,4.26307215291102
567.562566575472,417.302862798902,4.74915208716159
137.903013990423,279.778948180177,4.54201957409594
195.53742332904,372.660200805681,4.07033471058424
122.51102516956,409.126714097243,3.43447723444395
625.203891581744,309.756538594578,4.5481099838159
6.23854959732893,150.750012724894,4.23022981154169
543.047735502886,204.390343850265,4.22456981916591
32.8491447438893,490.539401846808,2.99321702845619
281.329824743437,23.3641321902247,3.92433404243835
533.35804079147,392.922032059442,3.57121126187413
70.8708160925566,76.066750720982,5.10499631725386
5.06952601813958,75.8892704601274,3.37780191498388
590.496149364002,224.945285725863,4.10064930277238
440.823822270023,459.355971467855,4.904660861494
659.358773684498,373.306399696983,3.4070942723868
105.888063897035,486.341380102195,4.36755413532254
622.163666069629,88.8105123180844,4.06043803604113
423.22881326834,258.4209026104,3.69493962681906
12.3631845415737,183.01159174134,3.17523748390779
51.8343229716032,102.775859215692,4.61036079094236
628.223354013075,194.298309236828,4.15442861841512
252.27615485261,224.885360284002,3.88362456237519
575.059049785762,434.617147452917,3.87191612810884
298.167162141172,132.369081265205,3.91489271220731
524.258386327539,461.124101238918,3.49130213895394
35.6633738764131,422.460913081652,4.10636685598463
192.544579120886,290.070323573214,3.75805264882927
544.737050567222,256.927710567881,3.6332178052363
173.104642911421,37.3841072856864,4.23336846178016
497.071150859688,350.301244824171,4.52978223063978
29.4211473724763,57.6070754370414,3.51651488396464
517.186222252582,163.413966499315,4.17083143132483
NA,NA,NA
662.515113264935,334.737618388517,3.57529358042678
454.687655253853,299.878461761432,3.60968126344599
9.02136179783694,495.577151123051,3.58934458386939
561.490842195462,46.5295128355573,4.02566319550857
72.9088429222101,379.427268982806,4.04922338811118
227.319202377393,416.070036739701,3.99504018946513
428.891635836695,14.3625121448223,3.05479156856207
362.052614856984,295.680617678425,3.07115135789361
603.031287428225,108.928736285665,4.14753277616167
387.291599240658,232.158194609439,4.26930824143423
565.691993204105,405.303395470526,4.68830537013718
144.661187602373,288.967917857085,4.56408708249335
201.90554994571,365.527123197521,4.05106906954434
124.69823927482,408.906667357004,3.3609631922442
630.837793001881,311.083515533738,4.64621167127554
-1.24532025591763,145.566765003872,4.19754573035254
542.11393522621,202.615457155921,4.14552800697711
35.0028555237348,491.437483909415,3.07553949352726
278.667657199835,18.9821878685357,3.76906697424398
534.82100520922,392.193877542203,3.37435530275648
81.9307822181844,71.5607004650287,5.20630208208413
5.97557605403975,76.0156080549315,3.48736453025876
586.920248314632,226.889006690402,3.99772073338612
439.004741512551,465.54810039544,4.80453769416912
657.544790174783,372.413585529296,3.01681486652303
103.808365035981,487.612574551112,4.36770847210082
625.914383536709,91.2336906926044,4.08963161839214
417.408453482974,260.071298182815,3.61519784850566
12.7478308664952,182.563502895269,3.15775344004183
74.7710136360672,106.994325583947,4.50036543261725
606.408851049279,205.528399824148,4.21306496626228
261.806470564189,229.540090283304,3.92502636941433
580.367631385344,437.100244387008,3.74500820500563
299.250436418185,137.62928614422,4.03966369095319
525.193925623643,451.560711268659,3.43839466514843
50.5145534459814,427.798797374522,3.74417504336047
195.065482855658,285.444443758549,4.15184439782106
544.501924980297,277.451229955672,3.58331288006444
170.703276898713,22.4137557646277,4.1043566598951
498.834215797775,348.255194489831,4.49974850242497
36.1719135414065,46.4663495856453,3.39715843598298
539.936224736583,159.369833915926,4.40528974980466
NA,NA,NA
662.515113264935,334.737618388517,3.57529358042678
454.687655253853,299.878461761432,3.60968126344599
9.02136179783694,495.577151123051,3.58934458386939
561.490842195462,46.5295128355573,4.02566319550857
72.9088429222101,379.427268982806,4.04922338811118
227.319202377393,416.070036739701,3.99504018946513
428.891635836695,14.3625121448223,3.05479156856207
362.052614856984,295.680617678425,3.07115135789361
603.031287428225,108.928736285665,4.14753277616167
387.291599240658,232.158194609439,4.26930824143423
565.691993204105,405.303395470526,4.68830537013718
144.661187602373,288.967917857085,4.56408708249335
201.90554994571,365.527123197521,4.05106906954434
124.69823927482,408.906667357004,3.3609631922442
630.837793001881,311.083515533738,4.64621167127554
-1.24532025591763,145.566765003872,4.19754573035254
542.11393522621,202.615457155921,4.14552800697711
35.0028555237348,491.437483909415,3.07553949352726
278.667657199835,18.9821878685357,3.76906697424398
534.82100520922,392.193877542203,3.37435530275648
81.9307822181844,71.5607004650287,5.20630208208413
5.97557605403975,76.0156080549315,3.48736453025876
586.920248314632,226.889006690402,3.99772073338612
439.004741512551,465.54810039544,4.80453769416912
657.544790174783,372.413585529296,3.01681486652303
103.808365035981,487.612574551112,4.36770847210082
625.914383536709,91.2336906926044,4.08963161839214
417.408453482974,260.071298182815,3.61519784850566
12.7478308664952,182.563502895269,3.15775344004183
74.7710136360672,106.994325583947,4.50036543261725
606.408851049279,205.528399824148,4.21306496626228
261.806470564189,229.540090283304,3.92502636941433
580.367631385344,437.100244387008,3.74500820500563
299.250436418185,137.62928614422,4.03966369095319
525.193925623643,451.560711268659,3.43839466514843
50.5145534459814,427.798797374522,3.74417504336047
195.065482855658,285.444443758549,4.15184439782106
544.501924980297,277.451229955672,3.58331288006444
170.703276898713,22.4137557646277,4.1043566598951
498.834215797775,348.255194489831,4.49974850242497
36.1719135414065,46.4663495856453,3.39715843598298
539.936224736583,159.369833915926,4.40528974980466
NA,NA,NA
662.515113264935,334.737618388517,3.57529358042678
454.687655253853,299.878461761432,3.60968126344599
9.02136179783694,495.577151123051,3.58934458386939
561.490842195462,46.5295128355573,4.02566319550857
72.9088429222101,379.427268982806,4.04922338811118
227.319202377393,416.070036739701,3.99504018946513
428.891635836695,14.3625121448223,3.05479156856207
362.052614856984,295.680617678425,3.07115135789361
603.031287428225,108.928736285665,4.14753277616167
387.291599240658,232.158194609439,4.26930824143423
565.691993204105,405.303395470526,4.68830537013718
144.661187602373,288.967917857085,4.56408708249335
201.90554994571,365.527123197521,4.05106906954434
124.69823927482,408.906667357004,3.3609631922442
630.837793001881,311.083515533738,4.64621167127554
-1.24532025591763,145.566765003872,4.19754573035254
542.11393522621,202.615457155921,4.14552800697711
35.0028555237348,491.437483909415,3.07553949352726
278.667657199835,18.9821878685357,3.76906697424398
534.82100520922,392.193877542203,3.37435530275648
81.9307822181844,71.5607004650287,5.20630208208413
5.97557605403975,76.0156080549315,3.48736453025876
586.920248314632,226.889006690402,3.99772073338612
439.004741512551,465.54810039544,4.80453769416912
657.544790174783,372.413585529296,3.01681486652303
103.808365035981,487.612574551112,4.36770847210082
625.914383536709,91.2336906926044,4.08963161839214
417.408453482974,260.071298182815,3.61519784850566
12.7478308664952,182.563502895269,3.15775344004183
74.7710136360672,106.994325583947,4.50036543261725
606.408851049279,205.528399824148,4.21306496626228
261.806470564189,229.540090283304,3.92502636941433
580.367631385344,437.100244387008,3.74500820500563
299.250436418185,137.62928614422,4.03966369095319
525.193925623643,451.560711268659,3.43839466514843
50.5145534459814,427.798797374522,3.74417504336047
195.065482855658,285.444443758549,4.15184439782106
544.501924980297,277.451229955672,3.58331288006444
170.703276898713,22.4137557646277,4.1043566598951
498.834215797775,348.255194489831,4.49974850242497
36.1719135414065,46.4663495856453,3.39715843598298
539.936224736583,159.369833915926,4.40528974980466
NA,NA,NA
662.515113264935,334.737618388517,3.57529358042678
454.687655253853,299.878461761432,3.60968126344599
9.02136179783694,495.577151123051,3.58934458386939
561.490842195462,46.5295128355573,4.02566319550857
72.9088429222101,379.427268982806,4.04922338811118
227.319202377393,416.070036739701,3.99504018946513
428.891635836695,14.3625121448223,3.05479156856207
362.052614856984,295.680617678425,3.07115135789361
603.031287428225,108.928736285665,4.14753277616167
387.291599240658,232.158194609439,4.26930824143423
565.691993204105,405.303395470526,4.68830537013718
144.661187602373,288.967917857085,4.56408708249335
201.90554994571,365.527123197521,4.05106906954434
124.69823927482,408.906667357004,3.3609631922442
630.837793001881,311.083515533738,4.64621167127554
-1.24532025591763,145.566765003872,4.19754573035254
542.11393522621,202.615457155921,4.14552800697711
35.0028555237348,491.437483909415,3.07553949352726
278.667657199835,18.9821878685357,3.76906697424398
534.82100520922,392.193877542203,3.37435530275648
81.9307822181844,71.5607004650287,5.20630208208413
5.97557605403975,76.0156080549315,3.48736453025876
586.920248314632,226.889006690402,3.99772073338612
439.004741512551,465.54810039544,4.80453769416912
657.544790174783,372.413585529296,3.01681486652303
103.808365035981,487.612574551112,4.36770847210082
625.914383536709,91.2336906926044,4.08963161839214
417.408453482974,260.071298182815,3.61519784850566
12.7478308664952,182.563502895269,3.15775344004183
74.7710136360672,106.994325583947,4.50036543261725
606.408851049279,205.528399824148,4.21306496626228
261.806470564189,229.540090283304,3.92502636941433
580.367631385344,437.100244387008,3.74500820500563
299.250436418185,137.62928614422,4.03966369095319
525.193925623643,451.560711268659,3.43839466514843
50.5145534459814,427.798797374522,3.74417504336047
195.065482855658,285.444443758549,4.15184439782106
544.501924980297,277.451229955672,3.58331288006444
170.703276898713,22.4137557646277,4.1043566598951
498.834215797775,348.255194489831,4.49974850242497
36.1719135414065,46.4663495856453,3.39715843598298
539.936224736583,159.369833915926,4.40528974980466
NA,NA,NA
662.515113264935,334.737618388517,3.57529358042678
454.687655253853,299.878461761432,3.60968126344599
9.02136179783694,495.577151123051,3.58934458386939
561.490842195462,46.5295128355573,4.02566319550857
72.9088429222101,379.427268982806,4.04922338811118
227.319202377393,416.070036739701,3.99504018946513
428.891635836695,14.3625121448223,3.05479156856207
362.052614856984,295.680617678425,3.07115135789361
603.031287428225,108.928736285665,4.14753277616167
387.291599240658,232.158194609439,4.26930824143423
565.691993204105,405.303395470526,4.68830537013718
144.661187602373,288.967917857085,4.56408708249335
201.90554994571,365.527123197521,4.05106906954434
124.69823927482,408.906667357004,3.3609631922442
630.837793001881,311.083515533738,4.64621167127554
-1.24532025591763,145.566765003872,4.19754573035254
542.11393522621,202.615457155921,4.14552800697711
35.0028555237348,491.437483909415,3.07553949352726
278.667657199835,18.9821878685357,3.76906697424398
534.82100520922,392.193877542203,3.37435530275648
81.9307822181844,71.5607004650287,5.20630208208413
5.97557605403975,76.0156080549315,3.48736453025876
586.920248314632,226.889006690402,3.99772073338612
439.004741512551,465.54810039544,4.80453769416912
657.544790174783,372.413585529296,3.01681486652303
103.808365035981,487.612574551112,4.36770847210082
625.914383536709,91.2336906926044,4.08963161839214
417.408453482974,260.071298182815,3.61519784850566
12.7478308664952,182.563502895269,3.15775344004183
74.7710136360672,106.994325583947,4.50036543261725
606.408851049279,205.528399824148,4.21306496626228
261.806470564189,229.540090283304,3.92502636941433
580.367631385344,437.100244387008,3.74500820500563
299.250436418185,137.62928614422,4.03966369095319
525.193925623643,451.560711268659,3.43839466514843
50.5145534459814,427.798797374522,3.74417504336047
195.065482855658,285.444443758549,4.15184439782106
544.501924980297,277.451229955672,3.58331288006444
170.703276898713,22.4137557646277,4.1043566598951
498.834215797775,348.255194489831,4.49974850242497
36.1719135414065,46.4663495856453,3.39715843598298
539.936224736583,159.369833915926,4.40528974980466
NA,NA,NA
662.515113264935,334.737618388517,3.57529358042678
454.687655253853,299.878461761432,3.60968126344599
9.02136179783694,495.577151123051,3.58934458386939
561.490842195462,46.5295128355573,4.02566319550857
72.9088429222101,379.427268982806,4.04922338811118
227.319202377393,416.070036739701,3.99504018946513
428.891635836695,14.3625121448223,3.05479156856207
362.052614856984,295.680617678425,3.07115135789361
603.031287428225,108.928736285665,4.14753277616167
387.291599240658,232.158194609439,4.26930824143423
565.691993204105,405.303395470526,4.68830537013718
144.661187602373,288.967917857085,4.56408708249335
201.90554994571,365.527123197521,4.05106906954434
124.69823927482,408.906667357004,3.3609631922442
630.837793001881,311.083515533738,4.64621167127554
-1.24532025591763,145.566765003872,4.19754573035254
542.11393522621,202.615457155921,4.14552800697711
35.0028555237348,491.437483909415,3.07553949352726
278.667657199835,18.9821878685357,3.76906697424398
534.82100520922,392.193877542203,3.37435530275648
81.9307822181844,71.5607004650287,5.20630208208413
5.97557605403975,76.0156080549315,3.48736453025876
586.920248314632,226.889006690402,3.99772073338612
439.004741512551,465.54810039544,4.80453769416912
657.544790174783,372.413585529296,3.01681486652303
103.808365035981,487.612574551112,4.36770847210082
625.914383536709,91.2336906926044,4.08963161839214
417.408453482974,260.071298182815,3.61519784850566
12.7478308664952,182.563502895269,3.15775344004183
74.7710136360672,106.994325583947,4.50036543261725
606.408851049279,205.528399824148,4.21306496626228
261.806470564189,229.540090283304,3.92502636941433
580.367631385344,437.100244387008,3.74500820500563
299.250436418185,137.62928614422,4.03966369095319
525.193925623643,451.560711268659,3.43839466514843
50.5145534459814,427.798797374522,3.74417504336047
195.065482855658,285.444443758549,4.15184439782106
544.501924980297,277.451229955672,3.58331288006444
170.703276898713,22.4137557646277,4.1043566598951
498.834215797775,348.255194489831,4.49974850242497
36.1719135414065,46.4663495856453,3.39715843598298
539.936224736583,159.369833915926,4.40528974980466
NA,NA,NA
660.953689187124,333.175226197664,3.50963206888791
460.58798695362,298.495688159493,3.75371721908211
10.7246741684739,493.222154788056,3.62345092774409
558.177251268965,56.267783956787,4.01822216472197
71.6029011675987,374.762904113762,3.99900088591719
225.469110977299,414.621420879393,3.86086746697177
429.601406858553,11.7146863832551,3.20224536456347
363.42137155904,294.15633418939,3.12571412168146
601.666551733434,104.782579318656,4.3515971184486
397.690815559168,230.306063715584,4.06796508671328
566.825497581569,413.223590694444,4.70123110364055
143.899629843506,287.774894778566,4.55235409722436
198.1287601165,373.082367715968,4.00174281364287
125.430682092438,409.327678448301,3.30252694580719
627.703286852975,315.060137365509,4.54656762906755
-1.58541127718515,145.833403730858,4.26646636694523
542.504417076572,202.088345168159,4.16418193188945
32.9119736124383,491.039772017066,2.91582620102264
280.048929142291,20.8098597137783,4.06166828815991
534.414057556427,389.205207969378,3.27621228758721
79.8738424325787,82.0214647768991,5.24685900570875
8.08700972578904,78.0254469912594,3.54272905088655
582.796674746084,226.432309602795,3.95772765158831
439.821567814572,458.967001946018,4.8045651520238
660.954181647334,372.619802182701,2.88315434919319
102.635100381098,487.950870347987,4.34961860279515
625.151843875126,88.9821312925667,4.12093593622984
417.375363129671,258.056489689404,3.65737266886595
11.528179064941,180.067646743896,3.30836580177173
62.553572230115,116.993319728014,4.51317375891888
610.443116256318,201.805440892254,3.89810252008892
254.727529235248,221.134748838918,3.71329601329529
575.852377606144,439.024595770699,3.8483751154248
300.378423809162,136.798782694744,3.99182290221067
522.063090107821,456.235450118598,3.48845133655115
43.6211009036719,418.505380739083,3.91391789781998
192.219719730545,290.709167492705,4.07175372876293
557.338802110657,253.168065522392,3.82987246327234
181.765390992804,17.8059024331989,4.49748039843078
511.183742082681,341.51614124297,4.24261081294274
29.7757027515707,51.1698488298124,3.77715906093396
534.667424975621,163.647119833908,4.97208710555289
NA,NA,NA
660.953689187124,333.175226197664,3.50963206888791
460.58798695362,298.495688159493,3.75371721908211
10.7246741684739,493.222154788056,3.62345092774409
558.177251268965,56.267783956787,4.01822216472197
71.6029011675987,374.762904113762,3.99900088591719
225.469110977299,414.621420879393,3.86086746697177
429.601406858553,11.7146863832551,3.20224536456347
363.42137155904,294.15633418939,3.12571412168146
601.666551733434,104.782579318656,4.3515971184486
397.690815559168,230.306063715584,4.06796508671328
566.825497581569,413.223590694444,4.70123110364055
143.899629843506,287.774894778566,4.55235409722436
198.1287601165,373.082367715968,4.00174281364287
125.430682092438,409.327678448301,3.30252694580719
627.703286852975,315.060137365509,4.54656762906755
-1.58541127718515,145.833403730858,4.26646636694523
542.504417076572,202.088345168159,4.16418193188945
32.9119736124383,491.039772017066,2.91582620102264
280.048929142291,20.8098597137783,4.06166828815991
534.414057556427,389.205207969378,3.27621228758721
79.8738424325787,82.0214647768991,5.24685900570875
8.08700972578904,78.0254469912594,3.54272905088655
582.796674746084,226.432309602795,3.95772765158831
439.821567814572,458.967001946018,4.8045651520238
660.954181647334,372.619802182701,2.88315434919319
102.635100381098,487.950870347987,4.34961860279515
625.151843875126,88.9821312925667,4.12093593622984
417.375363129671,258.056489689404,3.65737266886595
11.528179064941,180.067646743896,3.30836580177173
62.553572230115,116.993319728014,4.51317375891888
610.443116256318,201.805440892254,3.89810252008892
254.727529235248,221.134748838918,3.71329601329529
575.852377606144,439.024595770699,3.8483751154248
300.378423809162,136.798782694744,3.99182290221067
522.063090107821,456.235450118598,3.48845133655115
43.6211009036719,418.505380739083,3.91391789781998
192.219719730545,290.709167492705,4.07175372876293
557.338802110657,253.168065522392,3.82987246327234
181.765390992804,17.8059024331989,4.49748039843078
511.183742082681,341.51614124297,4.24261081294274
29.7757027515707,51.1698488298124,3.77715906093396
534.667424975621,163.647119833908,4.97208710555289
NA,NA,NA
660.953689187124,333.175226197664,3.50963206888791
460.58798695362,298.495688159493,3.75371721908211
10.7246741684739,493.222154788056,3.62345092774409
558.177251268965,56.267783956787,4.01822216472197
71.6029011675987,374.762904113762,3.99900088591719
225.469110977299,414.621420879393,3.86086746697177
429.601406858553,11.7146863832551,3.20224536456347
363.42137155904,294.15633418939,3.12571412168146
601.666551733434,104.782579318656,4.3515971184486
397.690815559168,230.306063715584,4.06796508671328
566.825497581569,413.223590694444,4.70123110364055
143.899629843506,287.774894778566,4.55235409722436
198.1287601165,373.082367715968,4.00174281364287
125.430682092438,409.327678448301,3.30252694580719
627.703286852975,315.060137365509,4.54656762906755
-1.58541127718515,145.833403730858,4.26646636694523
542.504417076572,202.088345168159,4.16418193188945
32.9119736124383,491.039772017066,2.91582620102264
280.048929142291,20.8098597137783,4.06166828815991
534.414057556427,389.205207969378,3.27621228758721
79.8738424325787,82.0214647768991,5.24685900570875
8.08700972578904,78.0254469912594,3.54272905088655
582.796674746084,226.432309602795,3.95772765158831
439.821567814572,458.967001946018,4.8045651520238
660.954181647334,372.619802182701,2.88315434919319
102.635100381098,487.950870347987,4.34961860279515
625.151843875126,88.9821312925667,4.12093593622984
417.375363129671,258.056489689404,3.65737266886595
11.528179064941,180.067646743896,3.30836580177173
62.553572230115,116.993319728014,4.51317375891888
610.443116256318,201.805440892254,3.89810252008892
254.727529235248,221.134748838918,3.71329601329529
575.852377606144,439.024595770699,3.8483751154248
300.378423809162,136.798782694744,3.99182290221067
522.063090107821,456.235450118598,3.48845133655115
43.6211009036719,418.505380739083,3.91391789781998
192.219719730545,290.709167492705,4.07175372876293
557.338802110657,253.168065522392,3.82987246327234
181.765390992804,17.8059024331989,4.49748039843078
511.183742082681,341.51614124297,4.24261081294274
29.7757027515707,51.1698488298124,3.77715906093396
534.667424975621,163.647119833908,4.97208710555289
NA,NA,NA
660.953689187124,333.175226197664,3.50963206888791
460.58798695362,298.495688159493,3.75371721908211
10.7246741684739,493.222154788056,3.62345092774409
558.177251268965,56.267783956787,4.01822216472197
71.6029011675987,374.762904113762,3.99900088591719
225.469110977299,414.621420879393,3.86086746697177
429.601406858553,11.7146863832551,3.20224536456347
363.42137155904,294.15633418939,3.12571412168146
601.666551733434,104.782579318656,4.3515971184486
397.690815559168,230.306063715584,4.06796508671328
566.825497581569,413.223590694444,4.70123110364055
143.899629843506,287.774894778566,4.55235409722436
198.1287601165,373.082367715968,4.00174281364287
125.430682092438,409.327678448301,3.30252694580719
627.703286852975,315.060137365509,4.54656762906755
-1.58541127718515,145.833403730858,4.26646636694523
542.504417076572,202.088345168159,4.16418193188945
32.9119736124383,491.039772017066,2.91582620102264
280.048929142291,20.8098597137783,4.06166828815991
534.414057556427,389.205207969378,3.27621228758721
79.8738424325787,82.0214647768991,5.24685900570875
8.08700972578904,78.0254469912594,3.54272905088655
582.796674746084,226.432309602795,3.95772765158831
439.821567814572,458.967001946018,4.8045651520238
660.954181647334,372.619802182701,2.88315434919319
102.635100381098,487.950870347987,4.34961860279515
625.151843875126,88.9821312925667,4.12093593622984
417.375363129671,258.056489689404,3.65737266886595
11.528179064941,180.067646743896,3.30836580177173
62.553572230115,116.993319728014,4.51317375891888
610.443116256318,201.805440892254,3.89810252008892
254.727529235248,221.134748838918,3.71329601329529
575.852377606144,439.024595770699,3.8483751154248
300.378423809162,136.798782694744,3.99182290221067
522.063090107821,456.235450118598,3.48845133655115
43.6211009036719,418.505380739083,3.91391789781998
192.219719730545,290.709167492705,4.07175372876293
557.338802110657,253.168065522392,3.82987246327234
181.765390992804,17.8059024331989,4.49748039843078
511.183742082681,341.51614124297,4.24261081294274
29.7757027515707,51.1698488298124,3.77715906093396
534.667424975621,163.647119833908,4.97208710555289
NA,NA,NA
660.953689187124,333.175226197664,3.50963206888791
460.58798695362,298.495688159493,3.75371721908211
10.7246741684739,493.222154788056,3.62345092774409
558.177251268965,56.267783956787,4.01822216472197
71.6029011675987,374.762904113762,3.99900088591719
225.469110977299,414.621420879393,3.86086746697177
429.601406858553,11.7146863832551,3.20224536456347
363.42137155904,294.15633418939,3.12571412168146
601.666551733434,104.782579318656,4.3515971184486
397.690815559168,230.306063715584,4.06796508671328
566.825497581569,413.223590694444,4.70123110364055
143.899629843506,287.774894778566,4.55235409722436
198.1287601165,373.082367715968,4.00174281364287
125.430682092438,409.327678448301,3.30252694580719
627.703286852975,315.060137365509,4.54656762906755
-1.58541127718515,145.833403730858,4.26646636694523
542.504417076572,202.088345168159,4.16418193188945
32.9119736124383,491.039772017066,2.91582620102264
280.048929142291,20.8098597137783,4.06166828815991
534.414057556427,389.205207969378,3.27621228758721
79.8738424325787,82.0214647768991,5.24685900570875
8.08700972578904,78.0254469912594,3.54272905088655
582.796674746084,226.432309602795,3.95772765158831
439.821567814572,458.967001946018,4.8045651520238
660.954181647334,372.619802182701,2.88315434919319
102.635100381098,487.950870347987,4.34961860279515
625.151843875126,88.9821312925667,4.12093593622984
417.375363129671,258.056489689404,3.65737266886595
11.528179064941,180.067646743896,3.30836580177173
62.553572230115,116.993319728014,4.51317375891888
610.443116256318,201.805440892254,3.89810252008892
254.727529235248,221.134748838918,3.71329601329529
575.852377606144,439.024595770699,3.8483751154248
300.378423809162,136.798782694744,3.99182290221067
522.063090107821,456.235450118598,3.48845133655115
43.6211009036719,418.505380739083,3.91391789781998
192.219719730545,290.709167492705,4.07175372876293
557.338802110657,253.168065522392,3.82987246327234
181.765390992804,17.8059024331989,4.49748039843078
511.183742082681,341.51614124297,4.24261081294274
29.7757027515707,51.1698488298124,3.77715906093396
534.667424975621,163.647119833908,4.97208710555289
NA,NA,NA
660.953689187124,333.175226197664,3.50963206888791
460.58798695362,298.495688159493,3.75371721908211
10.7246741684739,493.222154788056,3.62345092774409
558.177251268965,56.267783956787,4.01822216472197
71.6029011675987,374.762904113762,3.99900088591719
225.469110977299,414.621420879393,3.86086746697177
429.601406858553,11.7146863832551,3.20224536456347
363.42137155904,294.15633418939,3.12571412168146
601.666551733434,104.782579318656,4.3515971184486
397.690815559168,230.306063715584,4.06796508671328
566.825497581569,413.223590694444,4.70123110364055
143.899629843506,287.774894778566,4.55235409722436
198.1287601165,373.082367715968,4.00174281364287
125.430682092438,409.327678448301,3.30252694580719
627.703286852975,315.060137365509,4.54656762906755
-1.58541127718515,145.833403730858,4.26646636694523
542.504417076572,202.088345168159,4.16418193188945
32.9119736124383,491.039772017066,2.91582620102264
280.048929142291,20.8098597137783,4.06166828815991
534.414057556427,389.205207969378,3.27621228758721
79.8738424325787,82.0214647768991,5.24685900570875
8.08700972578904,78.0254469912594,3.54272905088655
582.796674746084,226.432309602795,3.95772765158831
439.821567814572,458.967001946018,4.8045651520238
660.954181647334,372.619802182701,2.88315434919319
102.635100381098,487.950870347987,4.34961860279515
625.151843875126,88.9821312925667,4.12093593622984
417.375363129671,258.056489689404,3.65737266886595
11.528179064941,180.067646743896,3.30836580177173
62.553572230115,116.993319728014,4.51317375891888
610.443116256318,201.805440892254,3.89810252008892
254.727529235248,221.134748838918,3.71329601329529
575.852377606144,439.024595770699,3.8483751154248
300.378423809162,136.798782694744,3.99182290221067
522.063090107821,456.235450118598,3.48845133655115
43.6211009036719,418.505380739083,3.91391789781998
192.219719730545,290.709167492705,4.07175372876293
557.338802110657,253.168065522392,3.82987246327234
181.765390992804,17.8059024331989,4.49748039843078
511.183742082681,341.51614124297,4.24261081294274
29.7757027515707,51.1698488298124,3.77715906093396
534.667424975621,163.647119833908,4.97208710555289
NA,NA,NA
660.713823505061,333.098248978566,3.51621615517684
455.095676949329,299.825160431306,3.60299634622767
8.46166294178341,496.347216088153,3.64457964268422
556.875349806059,48.1926837842585,4.1389083092078
71.0419665045858,377.193242781727,3.89551242504387
226.316815543322,412.286049278505,3.96437191579697
426.653351573731,12.8148803609366,3.23725063832338
362.879204477102,291.620530214572,3.07024086210214
604.395333999797,105.133673917202,4.14899619341278
392.162621989575,231.513973744059,4.21908700487957
567.182217058323,419.596295967336,4.69837762127273
135.296755245199,289.389707925721,4.61575246425869
196.706535246245,373.456378666041,3.99654804209562
126.714242754762,410.0817870548,3.54859324840935
630.318554486116,306.406400734237,4.66534873924639
3.76982643525065,148.295208972711,4.14760349369763
543.409822767104,201.399285637788,4.11717450384017
33.5110825247541,491.244468504474,2.93897043397609
276.293411016012,19.7160438621057,3.85979139424466
535.084056135478,395.106141404339,3.19293264841122
78.4160341162491,82.7174410491354,5.20103275503017
6.14688472250546,77.6619522706052,3.40607185637645
586.661802752281,225.395748437079,3.99924909075553
446.196385296218,460.841979718491,4.79052513890827
660.777453330439,373.919411201646,3.05782176439429
103.844066704666,486.856003297345,4.36918940170896
628.702727404653,91.0001370620272,4.03966745278007
419.550445561479,264.040207599898,3.50033103459
11.0881111137733,180.950646584303,3.17060421324651
74.0830747152146,123.190970231538,4.60191257201487
609.854160785728,203.537516792928,4.4051981080326
259.774598139762,218.443902347798,3.93678404518462
569.694936812799,429.437441620596,3.96570135937089
302.250728081333,135.407740486849,3.89830893863476
535.03136184598,463.586550846958,3.4900387674074
51.6696096550186,420.377618712784,4.14879825182861
196.388294745602,285.807143663173,4.1823067017807
554.709551634788,270.134934686903,3.72889415797023
161.175101353717,35.8928638161717,4.47241452395302
490.981977654932,341.87073444304,4.73260730239969
35.5226327188393,51.8104797499264,3.71932105260006
534.664679347584,134.979600766288,4.61974547341934
NA,NA,NA
660.713823505061,333.098248978566,3.51621615517684
455.095676949329,299.825160431306,3.60299634622767
8.46166294178341,496.347216088153,3.64457964268422
556.875349806059,48.1926837842585,4.1389083092078
71.0419665045858,377.193242781727,3.89551242504387
226.316815543322,412.286049278505,3.96437191579697
426.653351573731,12.8148803609366,3.23725063832338
362.879204477102,291.620530214572,3.07024086210214
604.395333999797,105.133673917202,4.14899619341278
392.162621989575,231.513973744059,4.21908700487957
567.182217058323,419.596295967336,4.69837762127273
135.296755245199,289.389707925721,4.61575246425869
196.706535246245,373.456378666041,3.99654804209562
126.714242754762,410.0817870548,3.54859324840935
630.318554486116,306.406400734237,4.66534873924639
3.76982643525065,148.295208972711,4.14760349369763
543.409822767104,201.399285637788,4.11717450384017
33.5110825247541,491.244468504474,2.93897043397609
276.293411016012,19.7160438621057,3.85979139424466
535.084056135478,395.106141404339,3.19293264841122
78.4160341162491,82.7174410491354,5.20103275503017
6.14688472250546,77.6619522706052,3.40607185637645
586.661802752281,225.395748437079,3.99924909075553
446.196385296218,460.841979718491,4.79052513890827
660.777453330439,373.919411201646,3.05782176439429
103.844066704666,486.856003297345,4.36918940170896
628.702727404653,91.0001370620272,4.03966745278007
419.550445561479,264.040207599898,3.50033103459
11.0881111137733,180.950646584303,3.17060421324651
74.0830747152146,123.190970231538,4.60191257201487
609.854160785728,203.537516792928,4.4051981080326
259.774598139762,218.443902347798,3.93678404518462
569.694936812799,429.437441620596,3.96570135937089
302.250728081333,135.407740486849,3.89830893863476
535.03136184598,463.586550846958,3.4900387674074
51.6696096550186,420.377618712784,4.14879825182861
196.388294745602,285.807143663173,4.1823067017807
554.709551634788,270.134934686903,3.72889415797023
161.175101353717,35.8928638161717,4.47241452395302
490.981977654932,341.87073444304,4.73260730239969
35.5226327188393,51.8104797499264,3.71932105260006
534.664679347584,134.979600766288,4.61974547341934
NA,NA,NA
660.713823505061,333.098248978566,3.51621615517684
455.095676949329,299.825160431306,3.60299634622767
8.46166294178341,496.347216088153,3.64457964268422
556.875349806059,48.1926837842585,4.1389083092078
71.0419665045858,377.193242781727,3.89551242504387
226.316815543322,412.286049278505,3.96437191579697
426.653351573731,12.8148803609366,3.23725063832338
362.879204477102,291.620530214572,3.07024086210214
604.395333999797,105.133673917202,4.14899619341278
392.162621989575,231.513973744059,4.21908700487957
567.182217058323,419.596295967336,4.69837762127273
135.296755245199,289.389707925721,4.61575246425869
196.706535246245,373.456378666041,3.99654804209562
126.714242754762,410.0817870548,3.54859324840935
630.318554486116,306.406400734237,4.66534873924639
3.76982643525065,148.295208972711,4.14760349369763
543.409822767104,201.399285637788,4.11717450384017
33.5110825247541,491.244468504474,2.93897043397609
276.293411016012,19.7160438621057,3.85979139424466
535.084056135478,395.106141404339,3.19293264841122
78.4160341162491,82.7174410491354,5.20103275503017
6.14688472250546,77.6619522706052,3.40607185637645
586.661802752281,225.395748437079,3.99924909075553
446.196385296218,460.841979718491,4.79052513890827
660.777453330439,373.919411201646,3.05782176439429
103.844066704666,486.856003297345,4.36918940170896
628.702727404653,91.0001370620272,4.03966745278007
419.550445561479,264.040207599898,3.50033103459
11.0881111137733,180.950646584303,3.17060421324651
74.0830747152146,123.190970231538,4.60191257201487
609.854160785728,203.537516792928,4.4051981080326
259.774598139762,218.443902347798,3.93678404518462
569.694936812799,429.437441620596,3.96570135937089
302.250728081333,135.407740486849,3.89830893863476
535.03136184598,463.586550846958,3.4900387674074
51.6696096550186,420.377618712784,4.14879825182861
196.388294745602,285.807143663173,4.1823067017807
554.709551634788,270.134934686903,3.72889415797023
161.175101353717,35.8928638161717,4.47241452395302
490.981977654932,341.87073444304,4.73260730239969
35.5226327188393,51.8104797499264,3.71932105260006
534.664679347584,134.979600766288,4.61974547341934
NA,NA,NA
660.713823505061,333.098248978566,3.51621615517684
455.095676949329,299.825160431306,3.60299634622767
8.46166294178341,496.347216088153,3.64457964268422
556.875349806059,48.1926837842585,4.1389083092078
71.0419665045858,377.193242781727,3.89551242504387
226.316815543322,412.286049278505,3.96437191579697
426.653351573731,12.8148803609366,3.23725063832338
362.879204477102,291.620530214572,3.07024086210214
604.395333999797,105.133673917202,4.14899619341278
392.162621989575,231.513973744059,4.21908700487957
567.182217058323,419.596295967336,4.69837762127273
135.296755245199,289.389707925721,4.61575246425869
196.706535246245,373.456378666041,3.99654804209562
126.714242754762,410.0817870548,3.54859324840935
630.318554486116,306.406400734237,4.66534873924639
3.76982643525065,148.295208972711,4.14760349369763
543.409822767104,201.399285637788,4.11717450384017
33.5110825247541,491.244468504474,2.93897043397609
276.293411016012,19.7160438621057,3.85979139424466
535.084056135478,395.106141404339,3.19293264841122
78.4160341162491,82.7174410491354,5.20103275503017
6.14688472250546,77.6619522706052,3.40607185637645
586.661802752281,225.395748437079,3.99924909075553
446.196385296218,460.841979718491,4.79052513890827
660.777453330439,373.919411201646,3.05782176439429
103.844066704666,486.856003297345,4.36918940170896
628.702727404653,91.0001370620272,4.03966745278007
419.550445561479,264.040207599898,3.50033103459
11.0881111137733,180.950646584303,3.17060421324651
74.0830747152146,123.190970231538,4.60191257201487
609.854160785728,203.537516792928,4.4051981080326
259.774598139762,218.443902347798,3.93678404518462
569.694936812799,429.437441620596,3.96570135937089
302.250728081333,135.407740486849,3.89830893863476
535.03136184598,463.586550846958,3.4900387674074
51.6696096550186,420.377618712784,4.14879825182861
196.388294745602,285.807143663173,4.1823067017807
554.709551634788,270.134934686903,3.72889415797023
161.175101353717,35.8928638161717,4.47241452395302
490.981977654932,341.87073444304,4.73260730239969
35.5226327188393,51.8104797499264,3.71932105260006
534.664679347584,134.979600766288,4.61974547341934
NA,NA,NA
660.713823505061,333.098248978566,3.51621615517684
455.095676949329,299.825160431306,3.60299634622767
8.46166294178341,496.347216088153,3.64457964268422
556.875349806059,48.1926837842585,4.1389083092078
71.0419665045858,377.193242781727,3.89551242504387
226.316815543322,412.286049278505,3.96437191579697
426.653351573731,12.8148803609366,3.23725063832338
362.879204477102,291.620530214572,3.07024086210214
604.395333999797,105.133673917202,4.14899619341278
392.162621989575,231.513973744059,4.21908700487957
567.182217058323,419.596295967336,4.69837762127273
135.296755245199,289.389707925721,4.61575246425869
196.706535246245,373.456378666041,3.99654804209562
126.714242754762,410.0817870548,3.54859324840935
630.318554486116,306.406400734237,4.66534873924639
3.76982643525065,148.295208972711,4.14760349369763
543.409822767104,201.399285637788,4.11717450384017
33.5110825247541,491.244468504474,2.93897043397609
276.293411016012,19.7160438621057,3.85979139424466
535.084056135478,395.106141404339,3.19293264841122
78.4160341162491,82.7174410491354,5.20103275503017
6.14688472250546,77.6619522706052,3.40607185637645
586.661802752281,225.395748437079,3.99924909075553
446.196385296218,460.841979718491,4.79052513890827
660.777453330439,373.919411201646,3.05782176439429
103.844066704666,486.856003297345,4.36918940170896
628.702727404653,91.0001370620272,4.03966745278007
419.550445561479,264.040207599898,3.50033103459
11.0881111137733,180.950646584303,3.17060421324651
74.0830747152146,123.190970231538,4.60191257201487
609.854160785728,203.537516792928,4.4051981080326
259.774598139762,218.443902347798,3.93678404518462
569.694936812799,429.437441620596,3.96570135937089
302.250728081333,135.407740486849,3.89830893863476
535.03136184598,463.586550846958,3.4900387674074
51.6696096550186,420.377618712784,4.14879825182861
196.388294745602,285.807143663173,4.1823067017807
554.709551634788,270.134934686903,3.72889415797023
161.175101353717,35.8928638161717,4.47241452395302
490.981977654932,341.87073444304,4.73260730239969
35.5226327188393,51.8104797499264,3.71932105260006
534.664679347584,134.979600766288,4.61974547341934
NA,NA,NA
660.713823505061,333.098248978566,3.51621615517684
455.095676949329,299.825160431306,3.60299634622767
8.46166294178341,496.347216088153,3.64457964268422
556.875349806059,48.1926837842585,4.1389083092078
71.0419665045858,377.193242781727,3.89551242504387
226.316815543322,412.286049278505,3.96437191579697
426.653351573731,12.8148803609366,3.23725063832338
362.879204477102,291.620530214572,3.07024086210214
604.395333999797,105.133673917202,4.14899619341278
392.162621989575,231.513973744059,4.21908700487957
567.182217058323,419.596295967336,4.69837762127273
135.296755245199,289.389707925721,4.61575246425869
196.706535246245,373.456378666041,3.99654804209562
126.714242754762,410.0817870548,3.54859324840935
630.318554486116,306.406400734237,4.66534873924639
3.76982643525065,148.295208972711,4.14760349369763
543.409822767104,201.399285637788,4.11717450384017
33.5110825247541,491.244468504474,2.93897043397609
276.293411016012,19.7160438621057,3.85979139424466
535.084056135478,395.106141404339,3.19293264841122
78.4160341162491,82.7174410491354,5.20103275503017
6.14688472250546,77.6619522706052,3.40607185637645
586.661802752281,225.395748437079,3.99924909075553
446.196385296218,460.841979718491,4.79052513890827
660.777453330439,373.919411201646,3.05782176439429
103.844066704666,486.856003297345,4.36918940170896
628.702727404653,91.0001370620272,4.03966745278007
419.550445561479,264.040207599898,3.50033103459
11.0881111137733,180.950646584303,3.17060421324651
74.0830747152146,123.190970231538,4.60191257201487
609.854160785728,203.537516792928,4.4051981080326
259.774598139762,218.443902347798,3.93678404518462
569.694936812799,429.437441620596,3.96570135937089
302.250728081333,135.407740486849,3.89830893863476
535.03136184598,463.586550846958,3.4900387674074
51.6696096550186,420.377618712784,4.14879825182861
196.388294745602,285.807143663173,4.1823067017807
554.709551634788,270.134934686903,3.72889415797023
161.175101353717,35.8928638161717,4.47241452395302
490.981977654932,341.87073444304,4.73260730239969
35.5226327188393,51.8104797499264,3.71932105260006
534.664679347584,134.979600766288,4.61974547341934
NA,NA,NA
657.15203560595,336.631301053346,3.56335582746401
454.837298291883,297.31535034746,3.5924552742741
10.8990201354719,494.882071865768,3.47093196222988
558.423241844277,50.8487282040775,4.18721973681707
69.8031983003687,374.765114839716,4.04527956368461
230.084423339854,415.225419595752,3.96429703022756
429.87308538216,15.9712838385201,3.42600272294215
361.690557797195,289.756661378651,3.07776747556386
606.480530658287,103.816433429856,4.15299889874183
393.169618059852,230.148112517989,4.18159565037076
566.324389576731,409.790508826581,4.78073271673101
142.494844389098,272.622698701207,4.60605562216015
194.72475424464,370.836214730799,4.04616819112798
124.059370962324,408.961795371424,3.64598909475142
625.253244317917,313.585751820228,4.61048185830552
4.28068434857247,149.790808821107,4.25650448123323
541.080913240981,207.339755564652,4.18788073778176
33.5005146773012,492.727534082356,3.08481244903436
280.986985882649,21.9126473893626,3.65537937664421
536.903180402694,388.507127662271,3.30367482798079
75.1666274662185,88.8139441363959,5.19966270037625
6.56370965026362,75.0786796690182,3.43928991921067
590.20133711121,227.796268503342,4.0458448895366
443.031478630953,462.111781513812,4.82169643170929
660.085675124136,372.763392747074,3.14325503848042
106.731887295099,484.696611376022,4.28778723660104
619.72896741807,89.6695073748966,4.08919638889216
421.430424846748,260.972818107192,3.62789735736359
12.268206937644,182.634525019071,3.19350766127446
74.2329950160211,116.772498511935,4.4813447891929
615.161802736629,202.511012483298,4.38674909477194
247.57747346609,221.576606028397,3.64971632540305
579.788643387038,436.967563573107,3.68852246510593
293.752056745239,137.117411784827,3.99099485341499
532.994163902319,457.715622583272,3.6172449131747
48.8082152691238,413.812747407659,3.84919905047496
210.048740940221,286.257123424649,3.7954404245053
552.715273924761,266.642541982173,3.77863694529567
177.897912487708,26.3108063205454,4.22423019556087
506.760549475922,348.859305350172,4.55007200572635
48.6209787540258,50.7397270711393,3.52040680942328
514.301262465528,154.027033864968,4.59640301172578
NA,NA,NA
657.15203560595,336.631301053346,3.56335582746401
454.837298291883,297.31535034746,3.5924552742741
10.8990201354719,494.882071865768,3.47093196222988
558.423241844277,50.8487282040775,4.18721973681707
69.8031983003687,374.765114839716,4.04527956368461
230.084423339854,415.225419595752,3.96429703022756
429.87308538216,15.9712838385201,3.42600272294215
361.690557797195,289.756661378651,3.07776747556386
606.480530658287,103.816433429856,4.15299889874183
393.169618059852,230.148112517989,4.18159565037076
566.324389576731,409.790508826581,4.78073271673101
142.494844389098,272.622698701207,4.60605562216015
194.72475424464,370.836214730799,4.04616819112798
124.059370962324,408.961795371424,3.64598909475142
625.253244317917,313.585751820228,4.61048185830552
4.28068434857247,149.790808821107,4.25650448123323
541.080913240981,207.339755564652,4.18788073778176
33.5005146773012,492.727534082356,3.08481244903436
280.986985882649,21.9126473893626,3.65537937664421
536.903180402694,388.507127662271,3.30367482798079
75.1666274662185,88.8139441363959,5.19966270037625
6.56370965026362,75.0786796690182,3.43928991921067
590.20133711121,227.796268503342,4.0458448895366
443.031478630953,462.111781513812,4.82169643170929
660.085675124136,372.763392747074,3.14325503848042
106.731887295099,484.696611376022,4.28778723660104
619.72896741807,89.6695073748966,4.08919638889216
421.430424846748,260.972818107192,3.62789735736359
12.268206937644,182.634525019071,3.19350766127446
74.2329950160211,116.772498511935,4.4813447891929
615.161802736629,202.511012483298,4.38674909477194
247.57747346609,221.576606028397,3.64971632540305
579.788643387038,436.967563573107,3.68852246510593
293.752056745239,137.117411784827,3.99099485341499
532.994163902319,457.715622583272,3.6172449131747
48.8082152691238,413.812747407659,3.84919905047496
210.048740940221,286.257123424649,3.7954404245053
552.715273924761,266.642541982173,3.77863694529567
177.897912487708,26.3108063205454,4.22423019556087
506.760549475922,348.859305350172,4.55007200572635
48.6209787540258,50.7397270711393,3.52040680942328
514.301262465528,154.027033864968,4.59640301172578
NA,NA,NA
657.15203560595,336.631301053346,3.56335582746401
454.837298291883,297.31535034746,3.5924552742741
10.8990201354719,494.882071865768,3.47093196222988
558.423241844277,50.8487282040775,4.18721973681707
69.8031983003687,374.765114839716,4.04527956368461
230.084423339854,415.225419595752,3.96429703022756
429.87308538216,15.9712838385201,3.42600272294215
361.690557797195,289.756661378651,3.07776747556386
606.480530658287,103.816433429856,4.15299889874183
393.169618059852,230.148112517989,4.18159565037076
566.324389576731,409.790508826581,4.78073271673101
142.494844389098,272.622698701207,4.60605562216015
194.72475424464,370.836214730799,4.04616819112798
124.059370962324,408.961795371424,3.64598909475142
625.253244317917,313.585751820228,4.61048185830552
4.28068434857247,149.790808821107,4.25650448123323
541.080913240981,207.339755564652,4.18788073778176
33.5005146773012,492.727534082356,3.08481244903436
280.986985882649,21.9126473893626,3.65537937664421
536.903180402694,388.507127662271,3.30367482798079
75.1666274662185,88.8139441363959,5.19966270037625
6.56370965026362,75.0786796690182,3.43928991921067
590.20133711121,227.796268503342,4.0458448895366
443.031478630953,462.111781513812,4.82169643170929
660.085675124136,372.763392747074,3.14325503848042
106.731887295099,484.696611376022,4.28778723660104
619.72896741807,89.6695073748966,4.08919638889216
421.430424846748,260.972818107192,3.62789735736359
12.268206937644,182.634525019071,3.19350766127446
74.2329950160211,116.772498511935,4.4813447891929
615.161802736629,202.511012483298,4.38674909477194
247.57747346609,221.576606028397,3.64971632540305
579.788643387038,436.967563573107,3.68852246510593
293.752056745239,137.117411784827,3.99099485341499
532.994163902319,457.715622583272,3.6172449131747
48.8082152691238,413.812747407659,3.84919905047496
210.048740940221,286.257123424649,3.7954404245053
552.715273924761,266.642541982173,3.77863694529567
177.897912487708,26.3108063205454,4.22423019556087
506.760549475922,348.859305350172,4.55007200572635
48.6209787540258,50.7397270711393,3.52040680942328
514.301262465528,154.027033864968,4.59640301172578
NA,NA,NA
657.15203560595,336.631301053346,3.56335582746401
454.837298291883,297.31535034746,3.5924552742741
10.8990201354719,494.882071865768,3.47093196222988
558.423241844277,50.8487282040775,4.18721973681707
69.8031983003687,374.765114839716,4.04527956368461
230.084423339854,415.225419595752,3.96429703022756
429.87308538216,15.9712838385201,3.42600272294215
361.690557797195,289.756661378651,3.07776747556386
606.480530658287,103.816433429856,4.15299889874183
393.169618059852,230.148112517989,4.18159565037076
566.324389576731,409.790508826581,4.78073271673101
142.494844389098,272.622698701207,4.60605562216015
194.72475424464,370.836214730799,4.04616819112798
124.059370962324,408.961795371424,3.64598909475142
625.253244317917,313.585751820228,4.61048185830552
4.28068434857247,149.790808821107,4.25650448123323
541.080913240981,207.339755564652,4.18788073778176
33.5005146773012,492.727534082356,3.08481244903436
280.986985882649,21.9126473893626,3.65537937664421
536.903180402694,388.507127662271,3.30367482798079
75.1666274662185,88.8139441363959,5.19966270037625
6.56370965026362,75.0786796690182,3.43928991921067
590.20133711121,227.796268503342,4.0458448895366
443.031478630953,462.111781513812,4.82169643170929
660.085675124136,372.763392747074,3.14325503848042
106.731887295099,484.696611376022,4.28778723660104
619.72896741807,89.6695073748966,4.08919638889216
421.430424846748,260.972818107192,3.62789735736359
12.268206937644,182.634525019071,3.19350766127446
74.2329950160211,116.772498511935,4.4813447891929
615.161802736629,202.511012483298,4.38674909477194
247.57747346609,221.576606028397,3.64971632540305
579.788643387038,436.967563573107,3.68852246510593
293.752056745239,137.117411784827,3.99099485341499
532.994163902319,457.715622583272,3.6172449131747
48.8082152691238,413.812747407659,3.84919905047496
210.048740940221,286.257123424649,3.7954404245053
552.715273924761,266.642541982173,3.77863694529567
177.897912487708,26.3108063205454,4.22423019556087
506.760549475922,348.859305350172,4.55007200572635
48.6209787540258,50.7397270711393,3.52040680942328
514.301262465528,154.027033864968,4.59640301172578
NA,NA,NA
657.15203560595,336.631301053346,3.56335582746401
454.837298291883,297.31535034746,3.5924552742741
10.8990201354719,494.882071865768,3.47093196222988
558.423241844277,50.8487282040775,4.18721973681707
69.8031983003687,374.765114839716,4.04527956368461
230.084423339854,415.225419595752,3.96429703022756
429.87308538216,15.9712838385201,3.42600272294215
361.690557797195,289.756661378651,3.07776747556386
606.480530658287,103.816433429856,4.15299889874183
393.169618059852,230.148112517989,4.18159565037076
566.324389576731,409.790508826581,4.78073271673101
142.494844389098,272.622698701207,4.60605562216015
194.72475424464,370.836214730799,4.04616819112798
124.059370962324,408.961795371424,3.64598909475142
625.253244317917,313.585751820228,4.61048185830552
4.28068434857247,149.790808821107,4.25650448123323
541.080913240981,207.339755564652,4.18788073778176
33.5005146773012,492.727534082356,3.08481244903436
280.986985882649,21.9126473893626,3.65537937664421
536.903180402694,388.507127662271,3.30367482798079
75.1666274662185,88.8139441363959,5.19966270037625
6.56370965026362,75.0786796690182,3.43928991921067
590.20133711121,227.796268503342,4.0458448895366
443.031478630953,462.111781513812,4.82169643170929
660.085675124136,372.763392747074,3.14325503848042
106.731887295099,484.696611376022,4.28778723660104
619.72896741807,89.6695073748966,4.08919638889216
421.430424846748,260.972818107192,3.62789735736359
12.268206937644,182.634525019071,3.19350766127446
74.2329950160211,116.772498511935,4.4813447891929
615.161802736629,202.511012483298,4.38674909477194
247.57747346609,221.576606028397,3.64971632540305
579.788643387038,436.967563573107,3.68852246510593
293.752056745239,137.117411784827,3.99099485341499
532.994163902319,457.715622583272,3.6172449131747
48.8082152691238,413.812747407659,3.84919905047496
210.048740940221,286.257123424649,3.7954404245053
552.715273924761,266.642541982173,3.77863694529567
177.897912487708,26.3108063205454,4.22423019556087
506.760549475922,348.859305350172,4.55007200572635
48.6209787540258,50.7397270711393,3.52040680942328
514.301262465528,154.027033864968,4.59640301172578
NA,NA,NA
657.15203560595,336.631301053346,3.56335582746401
454.837298291883,297.31535034746,3.5924552742741
10.8990201354719,494.882071865768,3.47093196222988
558.423241844277,50.8487282040775,4.18721973681707
69.8031983003687,374.765114839716,4.04527956368461
230.084423339854,415.225419595752,3.96429703022756
429.87308538216,15.9712838385201,3.42600272294215
361.690557797195,289.756661378651,3.07776747556386
606.480530658287,103.816433429856,4.15299889874183
393.169618059852,230.148112517989,4.18159565037076
566.324389576731,409.790508826581,4.78073271673101
142.494844389098,272.622698701207,4.60605562216015
194.72475424464,370.836214730799,4.04616819112798
124.059370962324,408.961795371424,3.64598909475142
625.253244317917,313.585751820228,4.61048185830552
4.28068434857247,149.790808821107,4.25650448123323
541.080913240981,207.339755564652,4.18788073778176
33.5005146773012,492.727534082356,3.08481244903436
280.986985882649,21.9126473893626,3.65537937664421
536.903180402694,388.507127662271,3.30367482798079
75.1666274662185,88.8139441363959,5.19966270037625
6.56370965026362,75.0786796690182,3.43928991921067
590.20133711121,227.796268503342,4.0458448895366
443.031478630953,462.111781513812,4.82169643170929
660.085675124136,372.763392747074,3.14325503848042
106.731887295099,484.696611376022,4.28778723660104
619.72896741807,89.6695073748966,4.08919638889216
421.430424846748,260.972818107192,3.62789735736359
12.268206937644,182.634525019071,3.19350766127446
74.2329950160211,116.772498511935,4.4813447891929
615.161802736629,202.511012483298,4.38674909477194
247.57747346609,221.576606028397,3.64971632540305
579.788643387038,436.967563573107,3.68852246510593
293.752056745239,137.117411784827,3.99099485341499
532.994163902319,457.715622583272,3.6172449131747
48.8082152691238,413.812747407659,3.84919905047496
210.048740940221,286.257123424649,3.7954404245053
552.715273924761,266.642541982173,3.77863694529567
177.897912487708,26.3108063205454,4.22423019556087
506.760549475922,348.859305350172,4.55007200572635
48.6209787540258,50.7397270711393,3.52040680942328
514.301262465528,154.027033864968,4.59640301172578
NA,NA,NA
664.424351425564,336.902800523684,3.6135666639421
457.228970807023,299.074851455462,3.58398524953461
12.2364390310225,493.770234564331,3.72929042681204
561.561318303123,52.0091972193092,4.15664640896961
70.7536924697076,378.223552705173,3.88612457144381
225.181096988412,416.848280366088,3.88789974880477
430.02015326421,16.9042829185578,3.33341842017495
362.367718147318,290.928597743485,2.84905477004082
605.959866160651,100.942644916695,4.22426196600918
389.838391445043,230.72919776932,4.18438834195038
574.629993504863,412.138686450355,4.70899715778348
141.240446338277,279.289766083115,4.5839798104701
201.151329340502,366.581164227272,3.98085768635381
121.684889906625,413.060096664709,3.46997494754049
629.750662442073,316.530806620392,4.53250457310148
-0.461197426949534,145.68891170564,4.28841627576926
542.49300789399,205.180313146103,4.27827983038646
36.1102542670185,490.072112724712,3.01624226499249
280.365929508757,19.1072264773573,3.81226471063313
536.168730803329,392.574802075865,3.24301483065383
70.2946971008998,74.1954397399542,5.29380319250078
5.27782416124671,76.5240080097649,3.44517626569753
589.287717000306,225.589722967058,3.97395173398109
435.950610170049,458.240636905633,4.81172634888414
660.385922088292,373.718130365506,2.89186471045203
102.329852942396,485.371289468949,4.37555735471848
624.274236561072,88.7452638603714,4.05881905427692
421.142468689183,259.574137008855,3.57440578515767
12.6353031451604,181.719625344672,3.06546949747224
72.8597130852178,105.686624961138,4.47765430982737
600.797491742741,198.395853084864,4.2724533948871
248.39258540891,219.561884852836,3.86617908827569
571.800541750662,432.929347237944,4.02081904636633
302.929281931443,137.405577473295,3.90335160348242
529.461923102757,449.750876720782,3.81418393014315
46.1070082209781,421.083031034347,3.91102346049958
192.834198541748,290.378984803675,3.96067101561335
558.8008063205,256.993555646322,3.54685184348136
166.020898491187,23.2916322147578,4.22572474521734
497.407117805023,335.401973785053,4.83326450361946
31.0612659698685,59.8040837867962,3.70841140764849
540.18668613436,141.349484779974,4.87954539092177
NA,NA,NA
664.424351425564,336.902800523684,3.6135666639421
457.228970807023,299.074851455462,3.58398524953461
12.2364390310225,493.770234564331,3.72929042681204
561.561318303123,52.0091972193092,4.15664640896961
70.7536924697076,378.223552705173,3.88612457144381
225.181096988412,416.848280366088,3.88789974880477
430.02015326421,16.9042829185578,3.33341842017495
362.367718147318,290.928597743485,2.84905477004082
605.959866160651,100.942644916695,4.22426196600918
389.838391445043,230.72919776932,4.18438834195038
574.629993504863,412.138686450355,4.70899715778348
141.240446338277,279.289766083115,4.5839798104701
201.151329340502,366.581164227272,3.98085768635381
121.684889906625,413.060096664709,3.46997494754049
629.750662442073,316.530806620392,4.53250457310148
-0.461197426949534,145.68891170564,4.28841627576926
542.49300789399,205.180313146103,4.27827983038646
36.1102542670185,490.072112724712,3.01624226499249
280.365929508757,19.1072264773573,3.81226471063313
536.168730803329,392.574802075865,3.24301483065383
70.2946971008998,74.1954397399542,5.29380319250078
5.27782416124671,76.5240080097649,3.44517626569753
589.287717000306,225.589722967058,3.97395173398109
435.950610170049,458.240636905633,4.81172634888414
660.385922088292,373.718130365506,2.89186471045203
102.329852942396,485.371289468949,4.37555735471848
624.274236561072,88.7452638603714,4.05881905427692
421.142468689183,259.574137008855,3.57440578515767
12.6353031451604,181.719625344672,3.06546949747224
72.8597130852178,105.686624961138,4.47765430982737
600.797491742741,198.395853084864,4.2724533948871
248.39258540891,219.561884852836,3.86617908827569
571.800541750662,432.929347237944,4.02081904636633
302.929281931443,137.405577473295,3.90335160348242
529.461923102757,449.750876720782,3.81418393014315
46.1070082209781,421.083031034347,3.91102346049958
192.834198541748,290.378984803675,3.96067101561335
558.8008063205,256.993555646322,3.54685184348136
166.020898491187,23.2916322147578,4.22572474521734
497.407117805023,335.401973785053,4.83326450361946
31.0612659698685,59.8040837867962,3.70841140764849
540.18668613436,141.349484779974,4.87954539092177
NA,NA,NA
664.424351425564,336.902800523684,3.6135666639421
457.228970807023,299.074851455462,3.58398524953461
12.2364390310225,493.770234564331,3.72929042681204
561.561318303123,52.0091972193092,4.15664640896961
70.7536924697076,378.223552705173,3.88612457144381
225.181096988412,416.848280366088,3.88789974880477
430.02015326421,16.9042829185578,3.33341842017495
362.367718147318,290.928597743485,2.84905477004082
605.959866160651,100.942644916695,4.22426196600918
389.838391445043,230.72919776932,4.18438834195038
574.629993504863,412.138686450355,4.70899715778348
141.240446338277,279.289766083115,4.5839798104701
201.151329340502,366.581164227272,3.98085768635381
121.684889906625,413.060096664709,3.46997494754049
629.750662442073,316.530806620392,4.53250457310148
-0.461197426949534,145.68891170564,4.28841627576926
542.49300789399,205.180313146103,4.27827983038646
36.1102542670185,490.072112724712,3.01624226499249
280.365929508757,19.1072264773573,3.81226471063313
536.168730803329,392.574802075865,3.24301483065383
70.2946971008998,74.1954397399542,5.29380319250078
5.27782416124671,76.5240080097649,3.44517626569753
589.287717000306,225.589722967058,3.97395173398109
435.950610170049,458.240636905633,4.81172634888414
660.385922088292,373.718130365506,2.89186471045203
102.329852942396,485.371289468949,4.37555735471848
624.274236561072,88.7452638603714,4.05881905427692
421.142468689183,259.574137008855,3.57440578515767
12.6353031451604,181.719625344672,3.06546949747224
72.8597130852178,105.686624961138,4.47765430982737
600.797491742741,198.395853084864,4.2724533948871
248.39258540891,219.561884852836,3.86617908827569
571.800541750662,432.929347237944,4.02081904636633
302.929281931443,137.405577473295,3.90335160348242
529.461923102757,449.750876720782,3.81418393014315
46.1070082209781,421.083031034347,3.91102346049958
192.834198541748,290.378984803675,3.96067101561335
558.8008063205,256.993555646322,3.54685184348136
166.020898491187,23.2916322147578,4.22572474521734
497.407117805023,335.401973785053,4.83326450361946
31.0612659698685,59.8040837867962,3.70841140764849
540.18668613436,141.349484779974,4.87954539092177
NA,NA,NA
664.424351425564,336.902800523684,3.6135666639421
457.228970807023,299.074851455462,3.58398524953461
12.2364390310225,493.770234564331,3.72929042681204
561.561318303123,52.0091972193092,4.15664640896961
70.7536924697076,378.223552705173,3.88612457144381
225.181096988412,416.848280366088,3.88789974880477
430.02015326421,16.9042829185578,3.33341842017495
362.367718147318,290.928597743485,2.84905477004082
605.959866160651,100.942644916695,4.22426196600918
389.838391445043,230.72919776932,4.18438834195038
574.629993504863,412.138686450355,4.70899715778348
141.240446338277,279.289766083115,4.5839798104701
201.151329340502,366.581164227272,3.98085768635381
121.684889906625,413.060096664709,3.46997494754049
629.750662442073,316.530806620392,4.53250457310148
-0.461197426949534,145.68891170564,4.28841627576926
542.49300789399,205.180313146103,4.27827983038646
36.1102542670185,490.072112724712,3.01624226499249
280.365929508757,19.1072264773573,3.81226471063313
536.168730803329,392.574802075865,3.24301483065383
70.2946971008998,74.1954397399542,5.29380319250078
5.27782416124671,76.5240080097649,3.44517626569753
589.287717000306,225.589722967058,3.97395173398109
435.950610170049,458.240636905633,4.81172634888414
660.385922088292,373.718130365506,2.89186471045203
102.329852942396,485.371289468949,4.37555735471848
624.274236561072,88.7452638603714,4.05881905427692
421.142468689183,259.574137008855,3.57440578515767
12.6353031451604,181.719625344672,3.06546949747224
72.8597130852178,105.686624961138,4.47765430982737
600.797491742741,198.395853084864,4.2724533948871
248.39258540891,219.561884852836,3.86617908827569
571.800541750662,432.929347237944,4.02081904636633
302.929281931443,137.405577473295,3.90335160348242
529.461923102757,449.750876720782,3.81418393014315
46.1070082209781,421.083031034347,3.91102346049958
192.834198541748,290.378984803675,3.96067101561335
558.8008063205,256.993555646322,3.54685184348136
166.020898491187,23.2916322147578,4.22572474521734
497.407117805023,335.401973785053,4.83326450361946
31.0612659698685,59.8040837867962,3.70841140764849
540.18668613436,141.349484779974,4.87954539092177
NA,NA,NA
664.424351425564,336.902800523684,3.6135666639421
457.228970807023,299.074851455462,3.58398524953461
12.2364390310225,493.770234564331,3.72929042681204
561.561318303123,52.0091972193092,4.15664640896961
70.7536924697076,378.223552705173,3.88612457144381
225.181096988412,416.848280366088,3.88789974880477
430.02015326421,16.9042829185578,3.33341842017495
362.367718147318,290.928597743485,2.84905477004082
605.959866160651,100.942644916695,4.22426196600918
389.838391445043,230.72919776932,4.18438834195038
574.629993504863,412.138686450355,4.70899715778348
141.240446338277,279.289766083115,4.5839798104701
201.151329340502,366.581164227272,3.98085768635381
121.684889906625,413.060096664709,3.46997494754049
629.750662442073,316.530806620392,4.53250457310148
-0.461197426949534,145.68891170564,4.28841627576926
542.49300789399,205.180313146103,4.27827983038646
36.1102542670185,490.072112724712,3.01624226499249
280.365929508757,19.1072264773573,3.81226471063313
536.168730803329,392.574802075865,3.24301483065383
70.2946971008998,74.1954397399542,5.29380319250078
5.27782416124671,76.5240080097649,3.44517626569753
589.287717000306,225.589722967058,3.97395173398109
435.950610170049,458.240636905633,4.81172634888414
660.385922088292,373.718130365506,2.89186471045203
102.329852942396,485.371289468949,4.37555735471848
624.274236561072,88.7452638603714,4.05881905427692
421.142468689183,259.574137008855,3.57440578515767
12.6353031451604,181.719625344672,3.06546949747224
72.8597130852178,105.686624961138,4.47765430982737
600.797491742741,198.395853084864,4.2724533948871
248.39258540891,219.561884852836,3.86617908827569
571.800541750662,432.929347237944,4.02081904636633
302.929281931443,137.405577473295,3.90335160348242
529.461923102757,449.750876720782,3.81418393014315
46.1070082209781,421.083031034347,3.91102346049958
192.834198541748,290.378984803675,3.96067101561335
558.8008063205,256.993555646322,3.54685184348136
166.020898491187,23.2916322147578,4.22572474521734
497.407117805023,335.401973785053,4.83326450361946
31.0612659698685,59.8040837867962,3.70841140764849
540.18668613436,141.349484779974,4.87954539092177
NA,NA,NA
664.424351425564,336.902800523684,3.6135666639421
457.228970807023,299.074851455462,3.58398524953461
12.2364390310225,493.770234564331,3.72929042681204
561.561318303123,52.0091972193092,4.15664640896961
70.7536924697076,378.223552705173,3.88612457144381
225.181096988412,416.848280366088,3.88789974880477
430.02015326421,16.9042829185578,3.33341842017495
362.367718147318,290.928597743485,2.84905477004082
605.959866160651,100.942644916695,4.22426196600918
389.838391445043,230.72919776932,4.18438834195038
574.629993504863,412.138686450355,4.70899715778348
141.240446338277,279.289766083115,4.5839798104701
201.151329340502,366.581164227272,3.98085768635381
121.684889906625,413.060096664709,3.46997494754049
629.750662442073,316.530806620392,4.53250457310148
-0.461197426949534,145.68891170564,4.28841627576926
542.49300789399,205.180313146103,4.27827983038646
36.1102542670185,490.072112724712,3.01624226499249
280.365929508757,19.1072264773573,3.81226471063313
536.168730803329,392.574802075865,3.24301483065383
70.2946971008998,74.1954397399542,5.29380319250078
5.27782416124671,76.5240080097649,3.44517626569753
589.287717000306,225.589722967058,3.97395173398109
435.950610170049,458.240636905633,4.81172634888414
660.385922088292,373.718130365506,2.89186471045203
102.329852942396,485.371289468949,4.37555735471848
624.274236561072,88.7452638603714,4.05881905427692
421.142468689183,259.574137008855,3.57440578515767
12.6353031451604,181.719625344672,3.06546949747224
72.8597130852178,105.686624961138,4.47765430982737
600.797491742741,198.395853084864,4.2724533948871
248.39258540891,219.561884852836,3.86617908827569
571.800541750662,432.929347237944,4.02081904636633
302.929281931443,137.405577473295,3.90335160348242
529.461923102757,449.750876720782,3.81418393014315
46.1070082209781,421.083031034347,3.91102346049958
192.834198541748,290.378984803675,3.96067101561335
558.8008063205,256.993555646322,3.54685184348136
166.020898491187,23.2916322147578,4.22572474521734
497.407117805023,335.401973785053,4.83326450361946
31.0612659698685,59.8040837867962,3.70841140764849
540.18668613436,141.349484779974,4.87954539092177
NA,NA,NA
662.923613869117,340.122161187812,3.61623663332144
457.590103452711,295.236365944522,3.70882930984253
12.6353329202148,494.730791523279,3.72855980415926
562.683265814633,51.3027871605361,4.11549269363068
73.8858556003606,373.806427504165,4.08453827927497
224.132521902468,408.92379545089,3.91857391199082
425.827627354758,14.5293818130495,3.38281464382322
362.639915804528,293.209492343476,3.07983439238843
605.659000066859,104.007340294175,4.38993542903395
393.042614830532,227.13821969219,4.21724309600481
568.544197155342,411.280849680307,4.73000421086478
142.329930251754,287.323164445145,4.47234712168783
196.363416739109,377.175425125078,4.0787318327212
124.113132284938,412.313430439541,3.46811259072684
621.971853919764,313.240945586009,4.58411005163565
1.80781124696307,145.169865139342,4.20094918389918
548.140065976699,208.457721496024,4.16130149425302
34.9127627103407,492.460871549938,3.09730984404317
277.965526254667,25.8340885696884,4.03021101899953
534.577223274316,390.674597726441,3.55073649938188
72.0869598134724,72.9695839802956,5.12373222654406
5.83402537522331,76.2645509797383,3.50344604121311
588.567065027587,230.432721671821,4.09070537068776
445.629548558333,463.352089490858,4.69976901138661
658.128047208971,371.715528036192,2.98806628504503
112.523443669584,482.326295422755,4.32068032153775
622.724577603708,81.6447883441751,4.13689848865929
420.190545466429,259.391296797299,3.57093728992405
10.5246127539903,182.837927153851,3.08244072730774
61.4791660304559,115.320290457289,4.19540296251121
622.067581440784,198.207193128097,4.29633757732108
251.555001826252,218.226455792481,3.75042434237699
578.535838488342,420.645768071412,3.94165363199529
299.794506991867,138.852554461927,3.93618387249726
526.459244982537,460.273212652171,3.40701413625742
42.743592092063,425.844052536387,3.98110440580429
202.972595859944,292.188247065274,4.21811360872855
551.197996394503,269.706779900266,3.48650759359045
176.444236691133,40.5030671792898,4.28705349372649
506.047453655202,347.646911225055,4.6716496368531
37.9583532657517,45.2489454850789,4.1010456832914
528.737704991298,139.176547936243,4.49460042034017
NA,NA,NA
662.923613869117,340.122161187812,3.61623663332144
457.590103452711,295.236365944522,3.70882930984253
12.6353329202148,494.730791523279,3.72855980415926
562.683265814633,51.3027871605361,4.11549269363068
73.8858556003606,373.806427504165,4.08453827927497
224.132521902468,408.92379545089,3.91857391199082
425.827627354758,14.5293818130495,3.38281464382322
362.639915804528,293.209492343476,3.07983439238843
605.659000066859,104.007340294175,4.38993542903395
393.042614830532,227.13821969219,4.21724309600481
568.544197155342,411.280849680307,4.73000421086478
142.329930251754,287.323164445145,4.47234712168783
196.363416739109,377.175425125078,4.0787318327212
124.113132284938,412.313430439541,3.46811259072684
621.971853919764,313.240945586009,4.58411005163565
1.80781124696307,145.169865139342,4.20094918389918
548.140065976699,208.457721496024,4.16130149425302
34.9127627103407,492.460871549938,3.09730984404317
277.965526254667,25.8340885696884,4.03021101899953
534.577223274316,390.674597726441,3.55073649938188
72.0869598134724,72.9695839802956,5.12373222654406
5.83402537522331,76.2645509797383,3.50344604121311
588.567065027587,230.432721671821,4.09070537068776
445.629548558333,463.352089490858,4.69976901138661
658.128047208971,371.715528036192,2.98806628504503
112.523443669584,482.326295422755,4.32068032153775
622.724577603708,81.6447883441751,4.13689848865929
420.190545466429,259.391296797299,3.57093728992405
10.5246127539903,182.837927153851,3.08244072730774
61.4791660304559,115.320290457289,4.19540296251121
622.067581440784,198.207193128097,4.29633757732108
251.555001826252,218.226455792481,3.75042434237699
578.535838488342,420.645768071412,3.94165363199529
299.794506991867,138.852554461927,3.93618387249726
526.459244982537,460.273212652171,3.40701413625742
42.743592092063,425.844052536387,3.98110440580429
202.972595859944,292.188247065274,4.21811360872855
551.197996394503,269.706779900266,3.48650759359045
176.444236691133,40.5030671792898,4.28705349372649
506.047453655202,347.646911225055,4.6716496368531
37.9583532657517,45.2489454850789,4.1010456832914
528.737704991298,139.176547936243,4.49460042034017
NA,NA,NA
662.923613869117,340.122161187812,3.61623663332144
457.590103452711,295.236365944522,3.70882930984253
12.6353329202148,494.730791523279,3.72855980415926
562.683265814633,51.3027871605361,4.11549269363068
73.8858556003606,373.806427504165,4.08453827927497
224.132521902468,408.92379545089,3.91857391199082
425.827627354758,14.5293818130495,3.38281464382322
362.639915804528,293.209492343476,3.07983439238843
605.659000066859,104.007340294175,4.38993542903395
393.042614830532,227.13821969219,4.21724309600481
568.544197155342,411.280849680307,4.73000421086478
142.329930251754,287.323164445145,4.47234712168783
196.363416739109,377.175425125078,4.0787318327212
124.113132284938,412.313430439541,3.46811259072684
621.971853919764,313.240945586009,4.58411005163565
1.80781124696307,145.169865139342,4.20094918389918
548.140065976699,208.457721496024,4.16130149425302
34.9127627103407,492.460871549938,3.09730984404317
277.965526254667,25.8340885696884,4.03021101899953
534.577223274316,390.674597726441,3.55073649938188
72.0869598134724,72.9695839802956,5.12373222654406
5.83402537522331,76.2645509797383,3.50344604121311
588.567065027587,230.432721671821,4.09070537068776
445.629548558333,463.352089490858,4.69976901138661
658.128047208971,371.715528036192,2.98806628504503
112.523443669584,482.326295422755,4.32068032153775
622.724577603708,81.6447883441751,4.13689848865929
420.190545466429,259.391296797299,3.57093728992405
10.5246127539903,182.837927153851,3.08244072730774
61.4791660304559,115.320290457289,4.19540296251121
622.067581440784,198.207193128097,4.29633757732108
251.555001826252,218.226455792481,3.75042434237699
578.535838488342,420.645768071412,3.94165363199529
299.794506991867,138.852554461927,3.93618387249726
526.459244982537,460.273212652171,3.40701413625742
42.743592092063,425.844052536387,3.98110440580429
202.972595859944,292.188247065274,4.21811360872855
551.197996394503,269.706779900266,3.48650759359045
176.444236691133,40.5030671792898,4.28705349372649
506.047453655202,347.646911225055,4.6716496368531
37.9583532657517,45.2489454850789,4.1010456832914
528.737704991298,139.176547936243,4.49460042034017
NA,NA,NA
662.923613869117,340.122161187812,3.61623663332144
457.590103452711,295.236365944522,3.70882930984253
12.6353329202148,494.730791523279,3.72855980415926
562.683265814633,51.3027871605361,4.11549269363068
73.8858556003606,373.806427504165,4.08453827927497
224.132521902468,408.92379545089,3.91857391199082
425.827627354758,14.5293818130495,3.38281464382322
362.639915804528,293.209492343476,3.07983439238843
605.659000066859,104.007340294175,4.38993542903395
393.042614830532,227.13821969219,4.21724309600481
568.544197155342,411.280849680307,4.73000421086478
142.329930251754,287.323164445145,4.47234712168783
196.363416739109,377.175425125078,4.0787318327212
124.113132284938,412.313430439541,3.46811259072684
621.971853919764,313.240945586009,4.58411005163565
1.80781124696307,145.169865139342,4.20094918389918
548.140065976699,208.457721496024,4.16130149425302
34.9127627103407,492.460871549938,3.09730984404317
277.965526254667,25.8340885696884,4.03021101899953
534.577223274316,390.674597726441,3.55073649938188
72.0869598134724,72.9695839802956,5.12373222654406
5.83402537522331,76.2645509797383,3.50344604121311
588.567065027587,230.432721671821,4.09070537068776
445.629548558333,463.352089490858,4.69976901138661
658.128047208971,371.715528036192,2.98806628504503
112.523443669584,482.326295422755,4.32068032153775
622.724577603708,81.6447883441751,4.13689848865929
420.190545466429,259.391296797299,3.57093728992405
10.5246127539903,182.837927153851,3.08244072730774
61.4791660304559,115.320290457289,4.19540296251121
622.067581440784,198.207193128097,4.29633757732108
251.555001826252,218.226455792481,3.75042434237699
578.535838488342,420.645768071412,3.94165363199529
299.794506991867,138.852554461927,3.93618387249726
526.459244982537,460.273212652171,3.40701413625742
42.743592092063,425.844052536387,3.98110440580429
202.972595859944,292.188247065274,4.21811360872855
551.197996394503,269.706779900266,3.48650759359045
176.444236691133,40.5030671792898,4.28705349372649
506.047453655202,347.646911225055,4.6716496368531
37.9583532657517,45.2489454850789,4.1010456832914
528.737704991298,139.176547936243,4.49460042034017
NA,NA,NA
662.923613869117,340.122161187812,3.61623663332144
457.590103452711,295.236365944522,3.70882930984253
12.6353329202148,494.730791523279,3.72855980415926
562.683265814633,51.3027871605361,4.11549269363068
73.8858556003606,373.806427504165,4.08453827927497
224.132521902468,408.92379545089,3.91857391199082
425.827627354758,14.5293818130495,3.38281464382322
362.639915804528,293.209492343476,3.07983439238843
605.659000066859,104.007340294175,4.38993542903395
393.042614830532,227.13821969219,4.21724309600481
568.544197155342,411.280849680307,4.73000421086478
142.329930251754,287.323164445145,4.47234712168783
196.363416739109,377.175425125078,4.0787318327212
124.113132284938,412.313430439541,3.46811259072684
621.971853919764,313.240945586009,4.58411005163565
1.80781124696307,145.169865139342,4.20094918389918
548.140065976699,208.457721496024,4.16130149425302
34.9127627103407,492.460871549938,3.09730984404317
277.965526254667,25.8340885696884,4.03021101899953
534.577223274316,390.674597726441,3.55073649938188
72.0869598134724,72.9695839802956,5.12373222654406
5.83402537522331,76.2645509797383,3.50344604121311
588.567065027587,230.432721671821,4.09070537068776
445.629548558333,463.352089490858,4.69976901138661
658.128047208971,371.715528036192,2.98806628504503
112.523443669584,482.326295422755,4.32068032153775
622.724577603708,81.6447883441751,4.13689848865929
420.190545466429,259.391296797299,3.57093728992405
10.5246127539903,182.837927153851,3.08244072730774
61.4791660304559,115.320290457289,4.19540296251121
622.067581440784,198.207193128097,4.29633757732108
251.555001826252,218.226455792481,3.75042434237699
578.535838488342,420.645768071412,3.94165363199529
299.794506991867,138.852554461927,3.93618387249726
526.459244982537,460.273212652171,3.40701413625742
42.743592092063,425.844052536387,3.98110440580429
202.972595859944,292.188247065274,4.21811360872855
551.197996394503,269.706779900266,3.48650759359045
176.444236691133,40.5030671792898,4.28705349372649
506.047453655202,347.646911225055,4.6716496368531
37.9583532657517,45.2489454850789,4.1010456832914
528.737704991298,139.176547936243,4.49460042034017
NA,NA,NA
662.923613869117,340.122161187812,3.61623663332144
457.590103452711,295.236365944522,3.70882930984253
12.6353329202148,494.730791523279,3.72855980415926
562.683265814633,51.3027871605361,4.11549269363068
73.8858556003606,373.806427504165,4.08453827927497
224.132521902468,408.92379545089,3.91857391199082
425.827627354758,14.5293818130495,3.38281464382322
362.639915804528,293.209492343476,3.07983439238843
605.659000066859,104.007340294175,4.38993542903395
393.042614830532,227.13821969219,4.21724309600481
568.544197155342,411.280849680307,4.73000421086478
142.329930251754,287.323164445145,4.47234712168783
196.363416739109,377.175425125078,4.0787318327212
124.113132284938,412.313430439541,3.46811259072684
621.971853919764,313.240945586009,4.58411005163565
1.80781124696307,145.169865139342,4.20094918389918
548.140065976699,208.457721496024,4.16130149425302
34.9127627103407,492.460871549938,3.09730984404317
277.965526254667,25.8340885696884,4.03021101899953
534.577223274316,390.674597726441,3.55073649938188
72.0869598134724,72.9695839802956,5.12373222654406
5.83402537522331,76.2645509797383,3.50344604121311
588.567065027587,230.432721671821,4.09070537068776
445.629548558333,463.352089490858,4.69976901138661
658.128047208971,371.715528036192,2.98806628504503
112.523443669584,482.326295422755,4.32068032153775
622.724577603708,81.6447883441751,4.13689848865929
420.190545466429,259.391296797299,3.57093728992405
10.5246127539903,182.837927153851,3.08244072730774
61.4791660304559,115.320290457289,4.19540296251121
622.067581440784,198.207193128097,4.29633757732108
251.555001826252,218.226455792481,3.75042434237699
578.535838488342,420.645768071412,3.94165363199529
299.794506991867,138.852554461927,3.93618387249726
526.459244982537,460.273212652171,3.40701413625742
42.743592092063,425.844052536387,3.98110440580429
202.972595859944,292.188247065274,4.21811360872855
551.197996394503,269.706779900266,3.48650759359045
176.444236691133,40.5030671792898,4.28705349372649
506.047453655202,347.646911225055,4.6716496368531
37.9583532657517,45.2489454850789,4.1010456832914
528.737704991298,139.176547936243,4.49460042034017
NA,NA,NA
662.430912086269,335.616556759542,3.43145312100083
459.287872596913,298.739136534385,3.52338381900481
15.3348856311354,497.619357077928,3.48252564666412
561.812253341656,46.6413516821834,4.36051167877322
67.8808353134197,372.86434981269,3.9479704926284
230.987243476267,413.38410817203,3.95016669942564
425.96699094883,13.032579313269,3.21838616832145
360.096566343993,293.113968496771,3.08450806988388
603.043101286643,103.816073084704,4.17006752839906
393.597550832851,226.869843380796,4.11950273862137
574.982010549346,406.429302443507,4.69926082517421
142.158939502652,286.385415192232,4.44915543704757
199.567623117976,368.735778993099,4.16649532653493
121.844182417371,413.424913022497,3.42742039424817
625.457810977648,310.255928167926,4.49125386878036
3.17362807287305,146.221030495922,4.39482501813786
542.275726262794,206.090311543971,4.14802045350348
33.3258217551552,491.666614293392,3.03721265924649
275.985932792369,20.5975211599035,4.10511109371479
533.908483524099,392.018191375836,3.28991172747081
80.4550446935708,83.1215183345747,5.12647222226122
3.76907456557388,79.382533210044,3.58769656542166
591.250068316155,228.860979834847,4.02445108014363
442.413232553559,462.267685329272,4.71901931881556
661.420123382454,374.918223049681,2.95563032708001
109.569061223865,484.263652463276,4.39603098909186
627.897276895878,88.9431927545461,4.0798289483526
419.884051143101,259.554302488055,3.65149988794867
10.5431612459826,181.784014298295,3.0616790797599
65.5775768214903,110.627091842854,4.29011167348334
602.751517943459,205.818167836838,4.28410671835656
249.237107673617,218.929734844436,4.09396211839591
572.03555516716,437.164250540853,3.96439971124376
304.029842021536,137.275215070407,3.99030385485727
525.542445451868,457.48215983336,3.43550910914547
45.0296006154519,419.012732999779,3.69795414751243
207.924145101764,292.215652581724,4.31013902652048
546.319932951574,265.461972343221,3.74033359508379
168.256975256029,18.3874747089441,4.16630096742921
508.823028562714,343.432113946485,4.80508481698103
41.1224953113095,45.163756711429,3.87393536516993
535.39343317208,166.016633642377,4.47145803703262
NA,NA,NA
662.430912086269,335.616556759542,3.43145312100083
459.287872596913,298.739136534385,3.52338381900481
15.3348856311354,497.619357077928,3.48252564666412
561.812253341656,46.6413516821834,4.36051167877322
67.8808353134197,372.86434981269,3.9479704926284
230.987243476267,413.38410817203,3.95016669942564
425.96699094883,13.032579313269,3.21838616832145
360.096566343993,293.113968496771,3.08450806988388
603.043101286643,103.816073084704,4.17006752839906
393.597550832851,226.869843380796,4.11950273862137
574.982010549346,406.429302443507,4.69926082517421
142.158939502652,286.385415192232,4.44915543704757
199.567623117976,368.735778993099,4.16649532653493
121.844182417371,413.424913022497,3.42742039424817
625.457810977648,310.255928167926,4.49125386878036
3.17362807287305,146.221030495922,4.39482501813786
542.275726262794,206.090311543971,4.14802045350348
33.3258217551552,491.666614293392,3.03721265924649
275.985932792369,20.5975211599035,4.10511109371479
533.908483524099,392.018191375836,3.28991172747081
80.4550446935708,83.1215183345747,5.12647222226122
3.76907456557388,79.382533210044,3.58769656542166
591.250068316155,228.860979834847,4.02445108014363
442.413232553559,462.267685329272,4.71901931881556
661.420123382454,374.918223049681,2.95563032708001
109.569061223865,484.263652463276,4.39603098909186
627.897276895878,88.9431927545461,4.0798289483526
419.884051143101,259.554302488055,3.65149988794867
10.5431612459826,181.784014298295,3.0616790797599
65.5775768214903,110.627091842854,4.29011167348334
602.751517943459,205.818167836838,4.28410671835656
249.237107673617,218.929734844436,4.09396211839591
572.03555516716,437.164250540853,3.96439971124376
304.029842021536,137.275215070407,3.99030385485727
525.542445451868,457.48215983336,3.43550910914547
45.0296006154519,419.012732999779,3.69795414751243
207.924145101764,292.215652581724,4.31013902652048
546.319932951574,265.461972343221,3.74033359508379
168.256975256029,18.3874747089441,4.16630096742921
508.823028562714,343.432113946485,4.80508481698103
41.1224953113095,45.163756711429,3.87393536516993
535.39343317208,166.016633642377,4.47145803703262
NA,NA,NA
662.430912086269,335.616556759542,3.43145312100083
459.287872596913,298.739136534385,3.52338381900481
15.3348856311354,497.619357077928,3.48252564666412
561.812253341656,46.6413516821834,4.36051167877322
67.8808353134197,372.86434981269,3.9479704926284
230.987243476267,413.38410817203,3.95016669942564
425.96699094883,13.032579313269,3.21838616832145
360.096566343993,293.113968496771,3.08450806988388
603.043101286643,103.816073084704,4.17006752839906
393.597550832851,226.869843380796,4.11950273862137
574.982010549346,406.429302443507,4.69926082517421
142.158939502652,286.385415192232,4.44915543704757
199.567623117976,368.735778993099,4.16649532653493
121.844182417371,413.424913022497,3.42742039424817
625.457810977648,310.255928167926,4.49125386878036
3.17362807287305,146.221030495922,4.39482501813786
542.275726262794,206.090311543971,4.14802045350348
33.3258217551552,491.666614293392,3.03721265924649
275.985932792369,20.5975211599035,4.10511109371479
533.908483524099,392.018191375836,3.28991172747081
80.4550446935708,83.1215183345747,5.12647222226122
3.76907456557388,79.382533210044,3.58769656542166
591.250068316155,228.860979834847,4.02445108014363
442.413232553559,462.267685329272,4.71901931881556
661.420123382454,374.918223049681,2.95563032708001
109.569061223865,484.263652463276,4.39603098909186
627.897276895878,88.9431927545461,4.0798289483526
419.884051143101,259.554302488055,3.65149988794867
10.5431612459826,181.784014298295,3.0616790797599
65.5775768214903,110.627091842854,4.29011167348334
602.751517943459,205.818167836838,4.28410671835656
249.237107673617,218.929734844436,4.09396211839591
572.03555516716,437.164250540853,3.96439971124376
304.029842021536,137.275215070407,3.99030385485727
525.542445451868,457.48215983336,3.43550910914547
45.0296006154519,419.012732999779,3.69795414751243
207.924145101764,292.215652581724,4.31013902652048
546.319932951574,265.461972343221,3.74033359508379
168.256975256029,18.3874747089441,4.16630096742921
508.823028562714,343.432113946485,4.80508481698103
41.1224953113095,45.163756711429,3.87393536516993
535.39343317208,166.016633642377,4.47145803703262
NA,NA,NA
662.430912086269,335.616556759542,3.43145312100083
459.287872596913,298.739136534385,3.52338381900481
15.3348856311354,497.619357077928,3.48252564666412
561.812253341656,46.6413516821834,4.36051167877322
67.8808353134197,372.86434981269,3.9479704926284
230.987243476267,413.38410817203,3.95016669942564
425.96699094883,13.032579313269,3.21838616832145
360.096566343993,293.113968496771,3.08450806988388
603.043101286643,103.816073084704,4.17006752839906
393.597550832851,226.869843380796,4.11950273862137
574.982010549346,406.429302443507,4.69926082517421
142.158939502652,286.385415192232,4.44915543704757
199.567623117976,368.735778993099,4.16649532653493
121.844182417371,413.424913022497,3.42742039424817
625.457810977648,310.255928167926,4.49125386878036
3.17362807287305,146.221030495922,4.39482501813786
542.275726262794,206.090311543971,4.14802045350348
33.3258217551552,491.666614293392,3.03721265924649
275.985932792369,20.5975211599035,4.10511109371479
533.908483524099,392.018191375836,3.28991172747081
80.4550446935708,83.1215183345747,5.12647222226122
3.76907456557388,79.382533210044,3.58769656542166
591.250068316155,228.860979834847,4.02445108014363
442.413232553559,462.267685329272,4.71901931881556
661.420123382454,374.918223049681,2.95563032708001
109.569061223865,484.263652463276,4.39603098909186
627.897276895878,88.9431927545461,4.0798289483526
419.884051143101,259.554302488055,3.65149988794867
10.5431612459826,181.784014298295,3.0616790797599
65.5775768214903,110.627091842854,4.29011167348334
602.751517943459,205.818167836838,4.28410671835656
249.237107673617,218.929734844436,4.09396211839591
572.03555516716,437.164250540853,3.96439971124376
304.029842021536,137.275215070407,3.99030385485727
525.542445451868,457.48215983336,3.43550910914547
45.0296006154519,419.012732999779,3.69795414751243
207.924145101764,292.215652581724,4.31013902652048
546.319932951574,265.461972343221,3.74033359508379
168.256975256029,18.3874747089441,4.16630096742921
508.823028562714,343.432113946485,4.80508481698103
41.1224953113095,45.163756711429,3.87393536516993
535.39343317208,166.016633642377,4.47145803703262
NA,NA,NA
662.430912086269,335.616556759542,3.43145312100083
459.287872596913,298.739136534385,3.52338381900481
15.3348856311354,497.619357077928,3.48252564666412
561.812253341656,46.6413516821834,4.36051167877322
67.8808353134197,372.86434981269,3.9479704926284
230.987243476267,413.38410817203,3.95016669942564
425.96699094883,13.032579313269,3.21838616832145
360.096566343993,293.113968496771,3.08450806988388
603.043101286643,103.816073084704,4.17006752839906
393.597550832851,226.869843380796,4.11950273862137
574.982010549346,406.429302443507,4.69926082517421
142.158939502652,286.385415192232,4.44915543704757
199.567623117976,368.735778993099,4.16649532653493
121.844182417371,413.424913022497,3.42742039424817
625.457810977648,310.255928167926,4.49125386878036
3.17362807287305,146.221030495922,4.39482501813786
542.275726262794,206.090311543971,4.14802045350348
33.3258217551552,491.666614293392,3.03721265924649
275.985932792369,20.5975211599035,4.10511109371479
533.908483524099,392.018191375836,3.28991172747081
80.4550446935708,83.1215183345747,5.12647222226122
3.76907456557388,79.382533210044,3.58769656542166
591.250068316155,228.860979834847,4.02445108014363
442.413232553559,462.267685329272,4.71901931881556
661.420123382454,374.918223049681,2.95563032708001
109.569061223865,484.263652463276,4.39603098909186
627.897276895878,88.9431927545461,4.0798289483526
419.884051143101,259.554302488055,3.65149988794867
10.5431612459826,181.784014298295,3.0616790797599
65.5775768214903,110.627091842854,4.29011167348334
602.751517943459,205.818167836838,4.28410671835656
249.237107673617,218.929734844436,4.09396211839591
572.03555516716,437.164250540853,3.96439971124376
304.029842021536,137.275215070407,3.99030385485727
525.542445451868,457.48215983336,3.43550910914547
45.0296006154519,419.012732999779,3.69795414751243
207.924145101764,292.215652581724,4.31013902652048
546.319932951574,265.461972343221,3.74033359508379
168.256975256029,18.3874747089441,4.16630096742921
508.823028562714,343.432113946485,4.80508481698103
41.1224953113095,45.163756711429,3.87393536516993
535.39343317208,166.016633642377,4.47145803703262
NA,NA,NA
662.430912086269,335.616556759542,3.43145312100083
459.287872596913,298.739136534385,3.52338381900481
15.3348856311354,497.619357077928,3.48252564666412
561.812253341656,46.6413516821834,4.36051167877322
67.8808353134197,372.86434981269,3.9479704926284
230.987243476267,413.38410817203,3.95016669942564
425.96699094883,13.032579313269,3.21838616832145
360.096566343993,293.113968496771,3.08450806988388
603.043101286643,103.816073084704,4.17006752839906
393.597550832851,226.869843380796,4.11950273862137
574.982010549346,406.429302443507,4.69926082517421
142.158939502652,286.385415192232,4.44915543704757
199.567623117976,368.735778993099,4.16649532653493
121.844182417371,413.424913022497,3.42742039424817
625.457810977648,310.255928167926,4.49125386878036
3.17362807287305,146.221030495922,4.39482501813786
542.275726262794,206.090311543971,4.14802045350348
33.3258217551552,491.666614293392,3.03721265924649
275.985932792369,20.5975211599035,4.10511109371479
533.908483524099,392.018191375836,3.28991172747081
80.4550446935708,83.1215183345747,5.12647222226122
3.76907456557388,79.382533210044,3.58769656542166
591.250068316155,228.860979834847,4.02445108014363
442.413232553559,462.267685329272,4.71901931881556
661.420123382454,374.918223049681,2.95563032708001
109.569061223865,484.263652463276,4.39603098909186
627.897276895878,88.9431927545461,4.0798289483526
419.884051143101,259.554302488055,3.65149988794867
10.5431612459826,181.784014298295,3.0616790797599
65.5775768214903,110.627091842854,4.29011167348334
602.751517943459,205.818167836838,4.28410671835656
249.237107673617,218.929734844436,4.09396211839591
572.03555516716,437.164250540853,3.96439971124376
304.029842021536,137.275215070407,3.99030385485727
525.542445451868,457.48215983336,3.43550910914547
45.0296006154519,419.012732999779,3.69795414751243
207.924145101764,292.215652581724,4.31013902652048
546.319932951574,265.461972343221,3.74033359508379
168.256975256029,18.3874747089441,4.16630096742921
508.823028562714,343.432113946485,4.80508481698103
41.1224953113095,45.163756711429,3.87393536516993
535.39343317208,166.016633642377,4.47145803703262
NA,NA,NA
661.684327487346,335.939400848527,3.59749837414969
457.761487201561,296.797944537239,3.60153053273902
6.37650571671863,494.335728720938,3.82849732867475
560.197024378163,56.229253095617,4.12311425325288
70.3006243732875,376.166675035054,3.90891520222348
227.002376212397,410.974035140527,3.93047814209098
427.465926687509,14.2016075526794,3.31817265393019
363.732697723572,290.052273429734,3.17863814988537
600.020382605105,105.609434973972,4.25626204140909
394.921619507911,223.785779789547,4.18536878707131
570.618822497626,401.775842627442,4.78742102931245
148.151661289724,282.854783727122,4.49863981976069
203.062179946602,370.090323261823,4.06356668344774
125.741516823258,411.289989011159,3.48617565096447
631.301601757517,318.909032593891,4.52017136179342
1.96191996401372,146.841441572016,4.33785776825575
544.181123561977,205.135196430438,4.19573078137674
34.0183034535584,490.350279105451,2.90025152079791
281.01267862975,20.0594557298664,3.62980409765219
532.185270560659,390.408226964532,3.37274662870209
73.0022332467995,84.1237871526911,5.253319219999
6.69329009966557,75.8397171847756,3.45748988919683
591.683374334216,223.366797303346,4.0264124010589
442.301557948189,460.422513721914,4.82508586665718
659.37166691599,375.518583428476,3.00228873596784
102.227446168766,489.395222845992,4.38260012698555
621.125326917239,92.5338811841268,4.09936503418438
420.78461039067,258.451813901758,3.65869129979482
10.617732341686,180.929135627365,3.38509105992085
71.4344437734114,117.591979208601,4.37369019023933
616.018137386942,206.222071110734,4.41452816416543
255.526729174656,224.864532001336,3.82517182810589
575.850411272959,436.411411124481,3.55618522486475
300.403744835519,140.11263535248,3.84140586971481
534.209077983413,451.287460315817,3.57510799846321
37.4309880693073,419.885285592049,4.12019686269822
193.052740581143,288.603446263258,3.79233405540252
565.582049781047,259.524406298664,4.15048749644708
162.866196994757,37.6818860881413,4.35745871506416
500.942367439219,328.693447374229,4.19200562165356
39.5700369620688,46.8313596145732,3.90436522017359
533.739490024509,152.17608073758,4.65572572917188
NA,NA,NA
661.684327487346,335.939400848527,3.59749837414969
457.761487201561,296.797944537239,3.60153053273902
6.37650571671863,494.335728720938,3.82849732867475
560.197024378163,56.229253095617,4.12311425325288
70.3006243732875,376.166675035054,3.90891520222348
227.002376212397,410.974035140527,3.93047814209098
427.465926687509,14.2016075526794,3.31817265393019
363.732697723572,290.052273429734,3.17863814988537
600.020382605105,105.609434973972,4.25626204140909
394.921619507911,223.785779789547,4.18536878707131
570.618822497626,401.775842627442,4.78742102931245
148.151661289724,282.854783727122,4.49863981976069
203.062179946602,370.090323261823,4.06356668344774
125.741516823258,411.289989011159,3.48617565096447
631.301601757517,318.909032593891,4.52017136179342
1.96191996401372,146.841441572016,4.33785776825575
544.181123561977,205.135196430438,4.19573078137674
34.0183034535584,490.350279105451,2.90025152079791
281.01267862975,20.0594557298664,3.62980409765219
532.185270560659,390.408226964532,3.37274662870209
73.0022332467995,84.1237871526911,5.253319219999
6.69329009966557,75.8397171847756,3.45748988919683
591.683374334216,223.366797303346,4.0264124010589
442.301557948189,460.422513721914,4.82508586665718
659.37166691599,375.518583428476,3.00228873596784
102.227446168766,489.395222845992,4.38260012698555
621.125326917239,92.5338811841268,4.09936503418438
420.78461039067,258.451813901758,3.65869129979482
10.617732341686,180.929135627365,3.38509105992085
71.4344437734114,117.591979208601,4.37369019023933
616.018137386942,206.222071110734,4.41452816416543
255.526729174656,224.864532001336,3.82517182810589
575.850411272959,436.411411124481,3.55618522486475
300.403744835519,140.11263535248,3.84140586971481
534.209077983413,451.287460315817,3.57510799846321
37.4309880693073,419.885285592049,4.12019686269822
193.052740581143,288.603446263258,3.79233405540252
565.582049781047,259.524406298664,4.15048749644708
162.866196994757,37.6818860881413,4.35745871506416
500.942367439219,328.693447374229,4.19200562165356
39.5700369620688,46.8313596145732,3.90436522017359
533.739490024509,152.17608073758,4.65572572917188
NA,NA,NA
661.684327487346,335.939400848527,3.59749837414969
457.761487201561,296.797944537239,3.60153053273902
6.37650571671863,494.335728720938,3.82849732867475
560.197024378163,56.229253095617,4.12311425325288
70.3006243732875,376.166675035054,3.90891520222348
227.002376212397,410.974035140527,3.93047814209098
427.465926687509,14.2016075526794,3.31817265393019
363.732697723572,290.052273429734,3.17863814988537
600.020382605105,105.609434973972,4.25626204140909
394.921619507911,223.785779789547,4.18536878707131
570.618822497626,401.775842627442,4.78742102931245
148.151661289724,282.854783727122,4.49863981976069
203.062179946602,370.090323261823,4.06356668344774
125.741516823258,411.289989011159,3.48617565096447
631.301601757517,318.909032593891,4.52017136179342
1.96191996401372,146.841441572016,4.33785776825575
544.181123561977,205.135196430438,4.19573078137674
34.0183034535584,490.350279105451,2.90025152079791
281.01267862975,20.0594557298664,3.62980409765219
532.185270560659,390.408226964532,3.37274662870209
73.0022332467995,84.1237871526911,5.253319219999
6.69329009966557,75.8397171847756,3.45748988919683
591.683374334216,223.366797303346,4.0264124010589
442.301557948189,460.422513721914,4.82508586665718
659.37166691599,375.518583428476,3.00228873596784
102.227446168766,489.395222845992,4.38260012698555
621.125326917239,92.5338811841268,4.09936503418438
420.78461039067,258.451813901758,3.65869129979482
10.617732341686,180.929135627365,3.38509105992085
71.4344437734114,117.591979208601,4.37369019023933
616.018137386942,206.222071110734,4.41452816416543
255.526729174656,224.864532001336,3.82517182810589
575.850411272959,436.411411124481,3.55618522486475
300.403744835519,140.11263535248,3.84140586971481
534.209077983413,451.287460315817,3.57510799846321
37.4309880693073,419.885285592049,4.12019686269822
193.052740581143,288.603446263258,3.79233405540252
565.582049781047,259.524406298664,4.15048749644708
162.866196994757,37.6818860881413,4.35745871506416
500.942367439219,328.693447374229,4.19200562165356
39.5700369620688,46.8313596145732,3.90436522017359
533.739490024509,152.17608073758,4.65572572917188
NA,NA,NA
661.684327487346,335.939400848527,3.59749837414969
457.761487201561,296.797944537239,3.60153053273902
6.37650571671863,494.335728720938,3.82849732867475
560.197024378163,56.229253095617,4.12311425325288
70.3006243732875,376.166675035054,3.90891520222348
227.002376212397,410.974035140527,3.93047814209098
427.465926687509,14.2016075526794,3.31817265393019
363.732697723572,290.052273429734,3.17863814988537
600.020382605105,105.609434973972,4.25626204140909
394.921619507911,223.785779789547,4.18536878707131
570.618822497626,401.775842627442,4.78742102931245
148.151661289724,282.854783727122,4.49863981976069
203.062179946602,370.090323261823,4.06356668344774
125.741516823258,411.289989011159,3.48617565096447
631.301601757517,318.909032593891,4.52017136179342
1.96191996401372,146.841441572016,4.33785776825575
544.181123561977,205.135196430438,4.19573078137674
34.0183034535584,490.350279105451,2.90025152079791
281.01267862975,20.0594557298664,3.62980409765219
532.185270560659,390.408226964532,3.37274662870209
73.0022332467995,84.1237871526911,5.253319219999
6.69329009966557,75.8397171847756,3.45748988919683
591.683374334216,223.366797303346,4.0264124010589
442.301557948189,460.422513721914,4.82508586665718
659.37166691599,375.518583428476,3.00228873596784
102.227446168766,489.395222845992,4.38260012698555
621.125326917239,92.5338811841268,4.09936503418438
420.78461039067,258.451813901758,3.65869129979482
10.617732341686,180.929135627365,3.38509105992085
71.4344437734114,117.591979208601,4.37369019023933
616.018137386942,206.222071110734,4.41452816416543
255.526729174656,224.864532001336,3.82517182810589
575.850411272959,436.411411124481,3.55618522486475
300.403744835519,140.11263535248,3.84140586971481
534.209077983413,451.287460315817,3.57510799846321
37.4309880693073,419.885285592049,4.12019686269822
193.052740581143,288.603446263258,3.79233405540252
565.582049781047,259.524406298664,4.15048749644708
162.866196994757,37.6818860881413,4.35745871506416
500.942367439219,328.693447374229,4.19200562165356
39.5700369620688,46.8313596145732,3.90436522017359
533.739490024509,152.17608073758,4.65572572917188
NA,NA,NA
661.684327487346,335.939400848527,3.59749837414969
457.761487201561,296.797944537239,3.60153053273902
6.37650571671863,494.335728720938,3.82849732867475
560.197024378163,56.229253095617,4.12311425325288
70.3006243732875,376.166675035054,3.90891520222348
227.002376212397,410.974035140527,3.93047814209098
427.465926687509,14.2016075526794,3.31817265393019
363.732697723572,290.052273429734,3.17863814988537
600.020382605105,105.609434973972,4.25626204140909
394.921619507911,223.785779789547,4.18536878707131
570.618822497626,401.775842627442,4.78742102931245
148.151661289724,282.854783727122,4.49863981976069
203.062179946602,370.090323261823,4.06356668344774
125.741516823258,411.289989011159,3.48617565096447
631.301601757517,318.909032593891,4.52017136179342
1.96191996401372,146.841441572016,4.33785776825575
544.181123561977,205.135196430438,4.19573078137674
34.0183034535584,490.350279105451,2.90025152079791
281.01267862975,20.0594557298664,3.62980409765219
532.185270560659,390.408226964532,3.37274662870209
73.0022332467995,84.1237871526911,5.253319219999
6.69329009966557,75.8397171847756,3.45748988919683
591.683374334216,223.366797303346,4.0264124010589
442.301557948189,460.422513721914,4.82508586665718
659.37166691599,375.518583428476,3.00228873596784
102.227446168766,489.395222845992,4.38260012698555
621.125326917239,92.5338811841268,4.09936503418438
420.78461039067,258.451813901758,3.65869129979482
10.617732341686,180.929135627365,3.38509105992085
71.4344437734114,117.591979208601,4.37369019023933
616.018137386942,206.222071110734,4.41452816416543
255.526729174656,224.864532001336,3.82517182810589
575.850411272959,436.411411124481,3.55618522486475
300.403744835519,140.11263535248,3.84140586971481
534.209077983413,451.287460315817,3.57510799846321
37.4309880693073,419.885285592049,4.12019686269822
193.052740581143,288.603446263258,3.79233405540252
565.582049781047,259.524406298664,4.15048749644708
162.866196994757,37.6818860881413,4.35745871506416
500.942367439219,328.693447374229,4.19200562165356
39.5700369620688,46.8313596145732,3.90436522017359
533.739490024509,152.17608073758,4.65572572917188
NA,NA,NA
661.684327487346,335.939400848527,3.59749837414969
457.761487201561,296.797944537239,3.60153053273902
6.37650571671863,494.335728720938,3.82849732867475
560.197024378163,56.229253095617,4.12311425325288
70.3006243732875,376.166675035054,3.90891520222348
227.002376212397,410.974035140527,3.93047814209098
427.465926687509,14.2016075526794,3.31817265393019
363.732697723572,290.052273429734,3.17863814988537
600.020382605105,105.609434973972,4.25626204140909
394.921619507911,223.785779789547,4.18536878707131
570.618822497626,401.775842627442,4.78742102931245
148.151661289724,282.854783727122,4.49863981976069
203.062179946602,370.090323261823,4.06356668344774
125.741516823258,411.289989011159,3.48617565096447
631.301601757517,318.909032593891,4.52017136179342
1.96191996401372,146.841441572016,4.33785776825575
544.181123561977,205.135196430438,4.19573078137674
34.0183034535584,490.350279105451,2.90025152079791
281.01267862975,20.0594557298664,3.62980409765219
532.185270560659,390.408226964532,3.37274662870209
73.0022332467995,84.1237871526911,5.253319219999
6.69329009966557,75.8397171847756,3.45748988919683
591.683374334216,223.366797303346,4.0264124010589
442.301557948189,460.422513721914,4.82508586665718
659.37166691599,375.518583428476,3.00228873596784
102.227446168766,489.395222845992,4.38260012698555
621.125326917239,92.5338811841268,4.09936503418438
420.78461039067,258.451813901758,3.65869129979482
10.617732341686,180.929135627365,3.38509105992085
71.4344437734114,117.591979208601,4.37369019023933
616.018137386942,206.222071110734,4.41452816416543
255.526729174656,224.864532001336,3.82517182810589
575.850411272959,436.411411124481,3.55618522486475
300.403744835519,140.11263535248,3.84140586971481
534.209077983413,451.287460315817,3.57510799846321
37.4309880693073,419.885285592049,4.12019686269822
193.052740581143,288.603446263258,3.79233405540252
565.582049781047,259.524406298664,4.15048749644708
162.866196994757,37.6818860881413,4.35745871506416
500.942367439219,328.693447374229,4.19200562165356
39.5700369620688,46.8313596145732,3.90436522017359
533.739490024509,152.17608073758,4.65572572917188
NA,NA,NA
664.191323147392,333.216701671253,3.44346995156317
454.17182932806,296.561059037534,3.60944985803439
9.43697723370828,491.082145908888,3.69497593096515
562.217821996645,58.1683579516339,4.21682576648844
69.3413203305804,372.903157972404,4.01265842252331
228.619191220259,410.115946508129,3.89671091795846
429.811353013355,10.6952129435723,3.25934344244435
362.754371311518,292.079108417771,3.09410470715877
605.754012480395,106.323012343376,4.10500619030705
389.849735643611,229.43103417534,4.13905580768258
572.974815390693,407.915102471743,4.702922469048
136.765474343958,287.989505949305,4.59669789959378
200.309241503582,373.99402656121,4.01338985303444
122.136687891674,409.651571339757,3.44453204492687
625.315083671373,318.616629214122,4.63472501204216
5.10840233504335,146.329515191071,4.30203538782571
550.612930885895,202.213183713132,4.0404405211118
35.1054843988865,490.732354147771,3.04438944678442
278.044598129511,24.9917109866595,3.8255230124782
532.899565031606,393.469625262048,3.48020384202411
76.5611809343789,90.0112489106355,5.17071107483426
3.04022953970542,76.0006556820746,3.32624549981801
588.730175912848,231.233667105974,4.06834436771344
436.589052972338,459.047922232766,4.84595655122761
659.182160869193,373.014299379401,3.10552130486094
104.443484962228,486.035649370577,4.22176687118972
622.76588097367,90.0241399435739,4.03155648298307
421.927513543412,260.325314786857,3.60692204820073
11.8126515446698,178.216690293526,3.25816880458299
56.2537894936843,114.766288792121,4.60431451767281
616.590893124801,201.793216634206,4.26752421034335
256.609049252859,217.988426289494,3.81025893515589
577.278486849743,439.853973080737,4.00784068337651
304.502247526708,137.785494614452,3.93841790465091
534.420143372405,455.863278488068,3.49231996613313
41.7708285870435,418.760743133106,3.6115506243134
206.112650575457,283.019056647593,3.82621938828536
560.435954533339,269.707727918765,3.80021039253095
175.124860773725,28.6827097617036,4.12649067229786
495.666876284535,344.809797078171,4.30131018739719
38.8506043141411,53.5361622265558,3.84005626785379
527.410053845212,130.065964091149,4.66678939284265
NA,NA,NA
664.191323147392,333.216701671253,3.44346995156317
454.17182932806,296.561059037534,3.60944985803439
9.43697723370828,491.082145908888,3.69497593096515
562.217821996645,58.1683579516339,4.21682576648844
69.3413203305804,372.903157972404,4.01265842252331
228.619191220259,410.115946508129,3.89671091795846
429.811353013355,10.6952129435723,3.25934344244435
362.754371311518,292.079108417771,3.09410470715877
605.754012480395,106.323012343376,4.10500619030705
389.849735643611,229.43103417534,4.13905580768258
572.974815390693,407.915102471743,4.702922469048
136.765474343958,287.989505949305,4.59669789959378
200.309241503582,373.99402656121,4.01338985303444
122.136687891674,409.651571339757,3.44453204492687
625.315083671373,318.616629214122,4.63472501204216
5.10840233504335,146.329515191071,4.30203538782571
550.612930885895,202.213183713132,4.0404405211118
35.1054843988865,490.732354147771,3.04438944678442
278.044598129511,24.9917109866595,3.8255230124782
532.899565031606,393.469625262048,3.48020384202411
76.5611809343789,90.0112489106355,5.17071107483426
3.04022953970542,76.0006556820746,3.32624549981801
588.730175912848,231.233667105974,4.06834436771344
436.589052972338,459.047922232766,4.84595655122761
659.182160869193,373.014299379401,3.10552130486094
104.443484962228,486.035649370577,4.22176687118972
622.76588097367,90.0241399435739,4.03155648298307
421.927513543412,260.325314786857,3.60692204820073
11.8126515446698,178.216690293526,3.25816880458299
56.2537894936843,114.766288792121,4.60431451767281
616.590893124801,201.793216634206,4.26752421034335
256.609049252859,217.988426289494,3.81025893515589
577.278486849743,439.853973080737,4.00784068337651
304.502247526708,137.785494614452,3.93841790465091
534.420143372405,455.863278488068,3.49231996613313
41.7708285870435,418.760743133106,3.6115506243134
206.112650575457,283.019056647593,3.82621938828536
560.435954533339,269.707727918765,3.80021039253095
175.124860773725,28.6827097617036,4.12649067229786
495.666876284535,344.809797078171,4.30131018739719
38.8506043141411,53.5361622265558,3.84005626785379
527.410053845212,130.065964091149,4.66678939284265
NA,NA,NA
664.191323147392,333.216701671253,3.44346995156317
454.17182932806,296.561059037534,3.60944985803439
9.43697723370828,491.082145908888,3.69497593096515
562.217821996645,58.1683579516339,4.21682576648844
69.3413203305804,372.903157972404,4.01265842252331
228.619191220259,410.115946508129,3.89671091795846
429.811353013355,10.6952129435723,3.25934344244435
362.754371311518,292.079108417771,3.09410470715877
605.754012480395,106.323012343376,4.10500619030705
389.849735643611,229.43103417534,4.13905580768258
572.974815390693,407.915102471743,4.702922469048
136.765474343958,287.989505949305,4.59669789959378
200.309241503582,373.99402656121,4.01338985303444
122.136687891674,409.651571339757,3.44453204492687
625.315083671373,318.616629214122,4.63472501204216
5.10840233504335,146.329515191071,4.30203538782571
550.612930885895,202.213183713132,4.0404405211118
35.1054843988865,490.732354147771,3.04438944678442
278.044598129511,24.9917109866595,3.8255230124782
532.899565031606,393.469625262048,3.48020384202411
76.5611809343789,90.0112489106355,5.17071107483426
3.04022953970542,76.0006556820746,3.32624549981801
588.730175912848,231.233667105974,4.06834436771344
436.589052972338,459.047922232766,4.84595655122761
659.182160869193,373.014299379401,3.10552130486094
104.443484962228,486.035649370577,4.22176687118972
622.76588097367,90.0241399435739,4.03155648298307
421.927513543412,260.325314786857,3.60692204820073
11.8126515446698,178.216690293526,3.25816880458299
56.2537894936843,114.766288792121,4.60431451767281
616.590893124801,201.793216634206,4.26752421034335
256.609049252859,217.988426289494,3.81025893515589
577.278486849743,439.853973080737,4.00784068337651
304.502247526708,137.785494614452,3.93841790465091
534.420143372405,455.863278488068,3.49231996613313
41.7708285870435,418.760743133106,3.6115506243134
206.112650575457,283.019056647593,3.82621938828536
560.435954533339,269.707727918765,3.80021039253095
175.124860773725,28.6827097617036,4.12649067229786
495.666876284535,344.809797078171,4.30131018739719
38.8506043141411,53.5361622265558,3.84005626785379
527.410053845212,130.065964091149,4.66678939284265
NA,NA,NA
664.191323147392,333.216701671253,3.44346995156317
454.17182932806,296.561059037534,3.60944985803439
9.43697723370828,491.082145908888,3.69497593096515
562.217821996645,58.1683579516339,4.21682576648844
69.3413203305804,372.903157972404,4.01265842252331
228.619191220259,410.115946508129,3.89671091795846
429.811353013355,10.6952129435723,3.25934344244435
362.754371311518,292.079108417771,3.09410470715877
605.754012480395,106.323012343376,4.10500619030705
389.849735643611,229.43103417534,4.13905580768258
572.974815390693,407.915102471743,4.702922469048
136.765474343958,287.989505949305,4.59669789959378
200.309241503582,373.99402656121,4.01338985303444
122.136687891674,409.651571339757,3.44453204492687
625.315083671373,318.616629214122,4.63472501204216
5.10840233504335,146.329515191071,4.30203538782571
550.612930885895,202.213183713132,4.0404405211118
35.1054843988865,490.732354147771,3.04438944678442
278.044598129511,24.9917109866595,3.8255230124782
532.899565031606,393.469625262048,3.48020384202411
76.5611809343789,90.0112489106355,5.17071107483426
3.04022953970542,76.0006556820746,3.32624549981801
588.730175912848,231.233667105974,4.06834436771344
436.589052972338,459.047922232766,4.84595655122761
659.182160869193,373.014299379401,3.10552130486094
104.443484962228,486.035649370577,4.22176687118972
622.76588097367,90.0241399435739,4.03155648298307
421.927513543412,260.325314786857,3.60692204820073
11.8126515446698,178.216690293526,3.25816880458299
56.2537894936843,114.766288792121,4.60431451767281
616.590893124801,201.793216634206,4.26752421034335
256.609049252859,217.988426289494,3.81025893515589
577.278486849743,439.853973080737,4.00784068337651
304.502247526708,137.785494614452,3.93841790465091
534.420143372405,455.863278488068,3.49231996613313
41.7708285870435,418.760743133106,3.6115506243134
206.112650575457,283.019056647593,3.82621938828536
560.435954533339,269.707727918765,3.80021039253095
175.124860773725,28.6827097617036,4.12649067229786
495.666876284535,344.809797078171,4.30131018739719
38.8506043141411,53.5361622265558,3.84005626785379
527.410053845212,130.065964091149,4.66678939284265
NA,NA,NA
664.191323147392,333.216701671253,3.44346995156317
454.17182932806,296.561059037534,3.60944985803439
9.43697723370828,491.082145908888,3.69497593096515
562.217821996645,58.1683579516339,4.21682576648844
69.3413203305804,372.903157972404,4.01265842252331
228.619191220259,410.115946508129,3.89671091795846
429.811353013355,10.6952129435723,3.25934344244435
362.754371311518,292.079108417771,3.09410470715877
605.754012480395,106.323012343376,4.10500619030705
389.849735643611,229.43103417534,4.13905580768258
572.974815390693,407.915102471743,4.702922469048
136.765474343958,287.989505949305,4.59669789959378
200.309241503582,373.99402656121,4.01338985303444
122.136687891674,409.651571339757,3.44453204492687
625.315083671373,318.616629214122,4.63472501204216
5.10840233504335,146.329515191071,4.30203538782571
550.612930885895,202.213183713132,4.0404405211118
35.1054843988865,490.732354147771,3.04438944678442
278.044598129511,24.9917109866595,3.8255230124782
532.899565031606,393.469625262048,3.48020384202411
76.5611809343789,90.0112489106355,5.17071107483426
3.04022953970542,76.0006556820746,3.32624549981801
588.730175912848,231.233667105974,4.06834436771344
436.589052972338,459.047922232766,4.84595655122761
659.182160869193,373.014299379401,3.10552130486094
104.443484962228,486.035649370577,4.22176687118972
622.76588097367,90.0241399435739,4.03155648298307
421.927513543412,260.325314786857,3.60692204820073
11.8126515446698,178.216690293526,3.25816880458299
56.2537894936843,114.766288792121,4.60431451767281
616.590893124801,201.793216634206,4.26752421034335
256.609049252859,217.988426289494,3.81025893515589
577.278486849743,439.853973080737,4.00784068337651
304.502247526708,137.785494614452,3.93841790465091
534.420143372405,455.863278488068,3.49231996613313
41.7708285870435,418.760743133106,3.6115506243134
206.112650575457,283.019056647593,3.82621938828536
560.435954533339,269.707727918765,3.80021039253095
175.124860773725,28.6827097617036,4.12649067229786
495.666876284535,344.809797078171,4.30131018739719
38.8506043141411,53.5361622265558,3.84005626785379
527.410053845212,130.065964091149,4.66678939284265
NA,NA,NA
664.191323147392,333.216701671253,3.44346995156317
454.17182932806,296.561059037534,3.60944985803439
9.43697723370828,491.082145908888,3.69497593096515
562.217821996645,58.1683579516339,4.21682576648844
69.3413203305804,372.903157972404,4.01265842252331
228.619191220259,410.115946508129,3.89671091795846
429.811353013355,10.6952129435723,3.25934344244435
362.754371311518,292.079108417771,3.09410470715877
605.754012480395,106.323012343376,4.10500619030705
389.849735643611,229.43103417534,4.13905580768258
572.974815390693,407.915102471743,4.702922469048
136.765474343958,287.989505949305,4.59669789959378
200.309241503582,373.99402656121,4.01338985303444
122.136687891674,409.651571339757,3.44453204492687
625.315083671373,318.616629214122,4.63472501204216
5.10840233504335,146.329515191071,4.30203538782571
550.612930885895,202.213183713132,4.0404405211118
35.1054843988865,490.732354147771,3.04438944678442
278.044598129511,24.9917109866595,3.8255230124782
532.899565031606,393.469625262048,3.48020384202411
76.5611809343789,90.0112489106355,5.17071107483426
3.04022953970542,76.0006556820746,3.32624549981801
588.730175912848,231.233667105974,4.06834436771344
436.589052972338,459.047922232766,4.84595655122761
659.182160869193,373.014299379401,3.10552130486094
104.443484962228,486.035649370577,4.22176687118972
622.76588097367,90.0241399435739,4.03155648298307
421.927513543412,260.325314786857,3.60692204820073
11.8126515446698,178.216690293526,3.25816880458299
56.2537894936843,114.766288792121,4.60431451767281
616.590893124801,201.793216634206,4.26752421034335
256.609049252859,217.988426289494,3.81025893515589
577.278486849743,439.853973080737,4.00784068337651
304.502247526708,137.785494614452,3.93841790465091
534.420143372405,455.863278488068,3.49231996613313
41.7708285870435,418.760743133106,3.6115506243134
206.112650575457,283.019056647593,3.82621938828536
560.435954533339,269.707727918765,3.80021039253095
175.124860773725,28.6827097617036,4.12649067229786
495.666876284535,344.809797078171,4.30131018739719
38.8506043141411,53.5361622265558,3.84005626785379
527.410053845212,130.065964091149,4.66678939284265
NA,NA,NA
661.035870859024,336.240724140903,3.45771249892947
456.109681169097,298.42648099096,3.73802917273082
9.59829566379233,494.418489726716,3.6162868218276
558.989940147984,52.0967082844465,4.24583458158626
74.83573880334,372.087254169144,4.075306335394
229.25945560318,410.468761738619,3.83703574237669
426.335069307693,11.4329333162666,3.29843809315747
363.090984082204,294.38780722155,2.90773960749995
602.132707206674,103.90184298777,3.9833476454128
395.035923662796,223.190660816606,4.13866513141418
572.3827717928,410.061505069083,4.71157094965035
141.082294203479,282.67083235168,4.74453709599363
199.484000889274,370.27204349276,3.98207689500786
124.021389130038,411.29364927659,3.4948865624114
627.715145559318,316.04054170743,4.57069015879264
-1.89484401593808,150.386358312649,4.21869768450836
542.952862344629,202.785873027906,4.23881202696857
32.0791655449605,492.04369081058,3.10648469579504
277.651231151093,21.9750635488295,3.72322499412629
532.780195623246,390.939181530584,3.46130693595564
74.9434449986144,70.1450230690013,5.17476968182572
3.43345295102519,75.2354437750326,3.48092150945337
584.203996115251,226.338469948648,4.02597492229925
435.968069138373,457.540914135236,4.75276906108229
657.366528183053,372.604735286507,2.87132156757347
103.244904928837,489.639437924943,4.3297592273532
624.079509946047,90.7142801613626,4.11822262629308
415.226487305932,258.946272554517,3.6957893199149
11.4585606041822,182.513496851917,3.47016172660818
60.4867406293398,129.743050108446,4.25672848389894
623.094400459411,215.565148306837,4.29973887151387
254.323116369891,217.608234598791,3.88016219029485
576.535259917188,426.276784447947,3.84126411039644
303.246002471176,134.372819597743,3.82576755272863
530.99553023403,458.530046760864,3.50029977571438
47.5603615810348,427.898897923159,4.01931394370784
197.213989626763,283.108786505458,4.30684804433466
559.530431441327,262.821352584174,4.01808466487814
161.95370232918,20.1146873590361,4.23041964310234
496.070843817922,338.166867780028,4.65681541417694
43.0073121464803,64.4130424213735,4.25295330827279
525.115094131038,152.816249812328,4.61629647800209
NA,NA,NA
661.035870859024,336.240724140903,3.45771249892947
456.109681169097,298.42648099096,3.73802917273082
9.59829566379233,494.418489726716,3.6162868218276
558.989940147984,52.0967082844465,4.24583458158626
74.83573880334,372.087254169144,4.075306335394
229.25945560318,410.468761738619,3.83703574237669
426.335069307693,11.4329333162666,3.29843809315747
363.090984082204,294.38780722155,2.90773960749995
602.132707206674,103.90184298777,3.9833476454128
395.035923662796,223.190660816606,4.13866513141418
572.3827717928,410.061505069083,4.71157094965035
141.082294203479,282.67083235168,4.74453709599363
199.484000889274,370.27204349276,3.98207689500786
124.021389130038,411.29364927659,3.4948865624114
627.715145559318,316.04054170743,4.57069015879264
-1.89484401593808,150.386358312649,4.21869768450836
542.952862344629,202.785873027906,4.23881202696857
32.0791655449605,492.04369081058,3.10648469579504
277.651231151093,21.9750635488295,3.72322499412629
532.780195623246,390.939181530584,3.46130693595564
74.9434449986144,70.1450230690013,5.17476968182572
3.43345295102519,75.2354437750326,3.48092150945337
584.203996115251,226.338469948648,4.02597492229925
435.968069138373,457.540914135236,4.75276906108229
657.366528183053,372.604735286507,2.87132156757347
103.244904928837,489.639437924943,4.3297592273532
624.079509946047,90.7142801613626,4.11822262629308
415.226487305932,258.946272554517,3.6957893199149
11.4585606041822,182.513496851917,3.47016172660818
60.4867406293398,129.743050108446,4.25672848389894
623.094400459411,215.565148306837,4.29973887151387
254.323116369891,217.608234598791,3.88016219029485
576.535259917188,426.276784447947,3.84126411039644
303.246002471176,134.372819597743,3.82576755272863
530.99553023403,458.530046760864,3.50029977571438
47.5603615810348,427.898897923159,4.01931394370784
197.213989626763,283.108786505458,4.30684804433466
559.530431441327,262.821352584174,4.01808466487814
161.95370232918,20.1146873590361,4.23041964310234
496.070843817922,338.166867780028,4.65681541417694
43.0073121464803,64.4130424213735,4.25295330827279
525.115094131038,152.816249812328,4.61629647800209
NA,NA,NA
661.035870859024,336.240724140903,3.45771249892947
456.109681169097,298.42648099096,3.73802917273082
9.59829566379233,494.418489726716,3.6162868218276
558.989940147984,52.0967082844465,4.24583458158626
74.83573880334,372.087254169144,4.075306335394
229.25945560318,410.468761738619,3.83703574237669
426.335069307693,11.4329333162666,3.29843809315747
363.090984082204,294.38780722155,2.90773960749995
602.132707206674,103.90184298777,3.9833476454128
395.035923662796,223.190660816606,4.13866513141418
572.3827717928,410.061505069083,4.71157094965035
141.082294203479,282.67083235168,4.74453709599363
199.484000889274,370.27204349276,3.98207689500786
124.021389130038,411.29364927659,3.4948865624114
627.715145559318,316.04054170743,4.57069015879264
-1.89484401593808,150.386358312649,4.21869768450836
542.952862344629,202.785873027906,4.23881202696857
32.0791655449605,492.04369081058,3.10648469579504
277.651231151093,21.9750635488295,3.72322499412629
532.780195623246,390.939181530584,3.46130693595564
74.9434449986144,70.1450230690013,5.17476968182572
3.43345295102519,75.2354437750326,3.48092150945337
584.203996115251,226.338469948648,4.02597492229925
435.968069138373,457.540914135236,4.75276906108229
657.366528183053,372.604735286507,2.87132156757347
103.244904928837,489.639437924943,4.3297592273532
624.079509946047,90.7142801613626,4.11822262629308
415.226487305932,258.946272554517,3.6957893199149
11.4585606041822,182.513496851917,3.47016172660818
60.4867406293398,129.743050108446,4.25672848389894
623.094400459411,215.565148306837,4.29973887151387
254.323116369891,217.608234598791,3.88016219029485
576.535259917188,426.276784447947,3.84126411039644
303.246002471176,134.372819597743,3.82576755272863
530.99553023403,458.530046760864,3.50029977571438
47.5603615810348,427.898897923159,4.01931394370784
197.213989626763,283.108786505458,4.30684804433466
559.530431441327,262.821352584174,4.01808466487814
161.95370232918,20.1146873590361,4.23041964310234
496.070843817922,338.166867780028,4.65681541417694
43.0073121464803,64.4130424213735,4.25295330827279
525.115094131038,152.816249812328,4.61629647800209
NA,NA,NA
661.035870859024,336.240724140903,3.45771249892947
456.109681169097,298.42648099096,3.73802917273082
9.59829566379233,494.418489726716,3.6162868218276
558.989940147984,52.0967082844465,4.24583458158626
74.83573880334,372.087254169144,4.075306335394
229.25945560318,410.468761738619,3.83703574237669
426.335069307693,11.4329333162666,3.29843809315747
363.090984082204,294.38780722155,2.90773960749995
602.132707206674,103.90184298777,3.9833476454128
395.035923662796,223.190660816606,4.13866513141418
572.3827717928,410.061505069083,4.71157094965035
141.082294203479,282.67083235168,4.74453709599363
199.484000889274,370.27204349276,3.98207689500786
124.021389130038,411.29364927659,3.4948865624114
627.715145559318,316.04054170743,4.57069015879264
-1.89484401593808,150.386358312649,4.21869768450836
542.952862344629,202.785873027906,4.23881202696857
32.0791655449605,492.04369081058,3.10648469579504
277.651231151093,21.9750635488295,3.72322499412629
532.780195623246,390.939181530584,3.46130693595564
74.9434449986144,70.1450230690013,5.17476968182572
3.43345295102519,75.2354437750326,3.48092150945337
584.203996115251,226.338469948648,4.02597492229925
435.968069138373,457.540914135236,4.75276906108229
657.366528183053,372.604735286507,2.87132156757347
103.244904928837,489.639437924943,4.3297592273532
624.079509946047,90.7142801613626,4.11822262629308
415.226487305932,258.946272554517,3.6957893199149
11.4585606041822,182.513496851917,3.47016172660818
60.4867406293398,129.743050108446,4.25672848389894
623.094400459411,215.565148306837,4.29973887151387
254.323116369891,217.608234598791,3.88016219029485
576.535259917188,426.276784447947,3.84126411039644
303.246002471176,134.372819597743,3.82576755272863
530.99553023403,458.530046760864,3.50029977571438
47.5603615810348,427.898897923159,4.01931394370784
197.213989626763,283.108786505458,4.30684804433466
559.530431441327,262.821352584174,4.01808466487814
161.95370232918,20.1146873590361,4.23041964310234
496.070843817922,338.166867780028,4.65681541417694
43.0073121464803,64.4130424213735,4.25295330827279
525.115094131038,152.816249812328,4.61629647800209
NA,NA,NA
661.035870859024,336.240724140903,3.45771249892947
456.109681169097,298.42648099096,3.73802917273082
9.59829566379233,494.418489726716,3.6162868218276
558.989940147984,52.0967082844465,4.24583458158626
74.83573880334,372.087254169144,4.075306335394
229.25945560318,410.468761738619,3.83703574237669
426.335069307693,11.4329333162666,3.29843809315747
363.090984082204,294.38780722155,2.90773960749995
602.132707206674,103.90184298777,3.9833476454128
395.035923662796,223.190660816606,4.13866513141418
572.3827717928,410.061505069083,4.71157094965035
141.082294203479,282.67083235168,4.74453709599363
199.484000889274,370.27204349276,3.98207689500786
124.021389130038,411.29364927659,3.4948865624114
627.715145559318,316.04054170743,4.57069015879264
-1.89484401593808,150.386358312649,4.21869768450836
542.952862344629,202.785873027906,4.23881202696857
32.0791655449605,492.04369081058,3.10648469579504
277.651231151093,21.9750635488295,3.72322499412629
532.780195623246,390.939181530584,3.46130693595564
74.9434449986144,70.1450230690013,5.17476968182572
3.43345295102519,75.2354437750326,3.48092150945337
584.203996115251,226.338469948648,4.02597492229925
435.968069138373,457.540914135236,4.75276906108229
657.366528183053,372.604735286507,2.87132156757347
103.244904928837,489.639437924943,4.3297592273532
624.079509946047,90.7142801613626,4.11822262629308
415.226487305932,258.946272554517,3.6957893199149
11.4585606041822,182.513496851917,3.47016172660818
60.4867406293398,129.743050108446,4.25672848389894
623.094400459411,215.565148306837,4.29973887151387
254.323116369891,217.608234598791,3.88016219029485
576.535259917188,426.276784447947,3.84126411039644
303.246002471176,134.372819597743,3.82576755272863
530.99553023403,458.530046760864,3.50029977571438
47.5603615810348,427.898897923159,4.01931394370784
197.213989626763,283.108786505458,4.30684804433466
559.530431441327,262.821352584174,4.01808466487814
161.95370232918,20.1146873590361,4.23041964310234
496.070843817922,338.166867780028,4.65681541417694
43.0073121464803,64.4130424213735,4.25295330827279
525.115094131038,152.816249812328,4.61629647800209
NA,NA,NA
661.035870859024,336.240724140903,3.45771249892947
456.109681169097,298.42648099096,3.73802917273082
9.59829566379233,494.418489726716,3.6162868218276
558.989940147984,52.0967082844465,4.24583458158626
74.83573880334,372.087254169144,4.075306335394
229.25945560318,410.468761738619,3.83703574237669
426.335069307693,11.4329333162666,3.29843809315747
363.090984082204,294.38780722155,2.90773960749995
602.132707206674,103.90184298777,3.9833476454128
395.035923662796,223.190660816606,4.13866513141418
572.3827717928,410.061505069083,4.71157094965035
141.082294203479,282.67083235168,4.74453709599363
199.484000889274,370.27204349276,3.98207689500786
124.021389130038,411.29364927659,3.4948865624114
627.715145559318,316.04054170743,4.57069015879264
-1.89484401593808,150.386358312649,4.21869768450836
542.952862344629,202.785873027906,4.23881202696857
32.0791655449605,492.04369081058,3.10648469579504
277.651231151093,21.9750635488295,3.72322499412629
532.780195623246,390.939181530584,3.46130693595564
74.9434449986144,70.1450230690013,5.17476968182572
3.43345295102519,75.2354437750326,3.48092150945337
584.203996115251,226.338469948648,4.02597492229925
435.968069138373,457.540914135236,4.75276906108229
657.366528183053,372.604735286507,2.87132156757347
103.244904928837,489.639437924943,4.3297592273532
624.079509946047,90.7142801613626,4.11822262629308
415.226487305932,258.946272554517,3.6957893199149
11.4585606041822,182.513496851917,3.47016172660818
60.4867406293398,129.743050108446,4.25672848389894
623.094400459411,215.565148306837,4.29973887151387
254.323116369891,217.608234598791,3.88016219029485
576.535259917188,426.276784447947,3.84126411039644
303.246002471176,134.372819597743,3.82576755272863
530.99553023403,458.530046760864,3.50029977571438
47.5603615810348,427.898897923159,4.01931394370784
197.213989626763,283.108786505458,4.30684804433466
559.530431441327,262.821352584174,4.01808466487814
161.95370232918,20.1146873590361,4.23041964310234
496.070843817922,338.166867780028,4.65681541417694
43.0073121464803,64.4130424213735,4.25295330827279
525.115094131038,152.816249812328,4.61629647800209
NA,NA,NA
660.556218980065,334.478136448453,3.38982065401051
461.122608007493,295.860820074334,3.76031903103981
7.75353966608927,498.596764887183,3.62317122552196
561.00119560694,48.0981194002748,4.24609317270586
72.688692931283,372.925810139862,4.16547364868904
230.093661711975,415.70304904406,3.83539678927027
426.446376379861,10.1210181058903,3.45559079365757
363.200543112192,290.688938577442,2.9689565625648
605.039790014593,103.303399820316,4.24261057987467
391.432475476129,231.295635482774,4.22907961404703
562.272632171847,403.059580561059,4.7289105599281
140.249736214718,285.556378006715,4.51986897007709
195.241453588313,375.449346830193,4.16378228221336
124.918729020445,413.338721505655,3.4795946326835
629.867497291825,315.384312583625,4.47619900589079
3.706139252608,145.788839360617,4.356630795699
545.954313390168,204.17511335114,4.26356716011812
34.063083992457,492.792978718457,3.12597527649388
279.434556966738,21.4518516499049,4.00760185823286
532.021949641597,392.552803467148,3.34593957128714
76.3609053231769,78.7014858215832,5.28755721914625
7.75329675609282,78.6632763722076,3.43854677345265
592.456561795757,225.209730976867,4.08486182077895
444.051744877515,463.215340022953,4.78470838225401
659.915076344643,374.180815378749,3.06284450952892
101.729117411785,482.708643042419,4.40559325888031
625.473182279075,86.6973162767895,4.07385469408168
421.424482878332,261.239874966893,3.60467066764649
11.4429433441394,181.103172754491,3.19594924472541
61.7630029578297,120.522537606205,4.27411848028562
603.01055469407,210.42270448769,4.08989124831996
261.349670120675,221.582813345408,4.04128971988671
572.45999556064,437.036427175229,3.80558086599533
300.874570177416,136.778086747904,3.79103248459646
522.533463472455,461.896904847757,3.46410323166604
44.4579755560406,416.284680050614,3.45298415778977
199.097353680446,284.767645556051,3.99922373646072
550.167947730443,257.743780212229,3.32865732696303
160.141124855446,33.2261850144835,4.39614715517815
498.334006295203,351.224619900716,4.54562342082036
38.1007690753552,54.0724790219093,3.71554644995392
538.701041623102,151.28703790057,4.91484750816285
NA,NA,NA
660.556218980065,334.478136448453,3.38982065401051
461.122608007493,295.860820074334,3.76031903103981
7.75353966608927,498.596764887183,3.62317122552196
561.00119560694,48.0981194002748,4.24609317270586
72.688692931283,372.925810139862,4.16547364868904
230.093661711975,415.70304904406,3.83539678927027
426.446376379861,10.1210181058903,3.45559079365757
363.200543112192,290.688938577442,2.9689565625648
605.039790014593,103.303399820316,4.24261057987467
391.432475476129,231.295635482774,4.22907961404703
562.272632171847,403.059580561059,4.7289105599281
140.249736214718,285.556378006715,4.51986897007709
195.241453588313,375.449346830193,4.16378228221336
124.918729020445,413.338721505655,3.4795946326835
629.867497291825,315.384312583625,4.47619900589079
3.706139252608,145.788839360617,4.356630795699
545.954313390168,204.17511335114,4.26356716011812
34.063083992457,492.792978718457,3.12597527649388
279.434556966738,21.4518516499049,4.00760185823286
532.021949641597,392.552803467148,3.34593957128714
76.3609053231769,78.7014858215832,5.28755721914625
7.75329675609282,78.6632763722076,3.43854677345265
592.456561795757,225.209730976867,4.08486182077895
444.051744877515,463.215340022953,4.78470838225401
659.915076344643,374.180815378749,3.06284450952892
101.729117411785,482.708643042419,4.40559325888031
625.473182279075,86.6973162767895,4.07385469408168
421.424482878332,261.239874966893,3.60467066764649
11.4429433441394,181.103172754491,3.19594924472541
61.7630029578297,120.522537606205,4.27411848028562
603.01055469407,210.42270448769,4.08989124831996
261.349670120675,221.582813345408,4.04128971988671
572.45999556064,437.036427175229,3.80558086599533
300.874570177416,136.778086747904,3.79103248459646
522.533463472455,461.896904847757,3.46410323166604
44.4579755560406,416.284680050614,3.45298415778977
199.097353680446,284.767645556051,3.99922373646072
550.167947730443,257.743780212229,3.32865732696303
160.141124855446,33.2261850144835,4.39614715517815
498.334006295203,351.224619900716,4.54562342082036
38.1007690753552,54.0724790219093,3.71554644995392
538.701041623102,151.28703790057,4.91484750816285
NA,NA,NA
660.556218980065,334.478136448453,3.38982065401051
461.122608007493,295.860820074334,3.76031903103981
7.75353966608927,498.596764887183,3.62317122552196
561.00119560694,48.0981194002748,4.24609317270586
72.688692931283,372.925810139862,4.16547364868904
230.093661711975,415.70304904406,3.83539678927027
426.446376379861,10.1210181058903,3.45559079365757
363.200543112192,290.688938577442,2.9689565625648
605.039790014593,103.303399820316,4.24261057987467
391.432475476129,231.295635482774,4.22907961404703
562.272632171847,403.059580561059,4.7289105599281
140.249736214718,285.556378006715,4.51986897007709
195.241453588313,375.449346830193,4.16378228221336
124.918729020445,413.338721505655,3.4795946326835
629.867497291825,315.384312583625,4.47619900589079
3.706139252608,145.788839360617,4.356630795699
545.954313390168,204.17511335114,4.26356716011812
34.063083992457,492.792978718457,3.12597527649388
279.434556966738,21.4518516499049,4.00760185823286
532.021949641597,392.552803467148,3.34593957128714
76.3609053231769,78.7014858215832,5.28755721914625
7.75329675609282,78.6632763722076,3.43854677345265
592.456561795757,225.209730976867,4.08486182077895
444.051744877515,463.215340022953,4.78470838225401
659.915076344643,374.180815378749,3.06284450952892
101.729117411785,482.708643042419,4.40559325888031
625.473182279075,86.6973162767895,4.07385469408168
421.424482878332,261.239874966893,3.60467066764649
11.4429433441394,181.103172754491,3.19594924472541
61.7630029578297,120.522537606205,4.27411848028562
603.01055469407,210.42270448769,4.08989124831996
261.349670120675,221.582813345408,4.04128971988671
572.45999556064,437.036427175229,3.80558086599533
300.874570177416,136.778086747904,3.79103248459646
522.533463472455,461.896904847757,3.46410323166604
44.4579755560406,416.284680050614,3.45298415778977
199.097353680446,284.767645556051,3.99922373646072
550.167947730443,257.743780212229,3.32865732696303
160.141124855446,33.2261850144835,4.39614715517815
498.334006295203,351.224619900716,4.54562342082036
38.1007690753552,54.0724790219093,3.71554644995392
538.701041623102,151.28703790057,4.91484750816285
NA,NA,NA
660.556218980065,334.478136448453,3.38982065401051
461.122608007493,295.860820074334,3.76031903103981
7.75353966608927,498.596764887183,3.62317122552196
561.00119560694,48.0981194002748,4.24609317270586
72.688692931283,372.925810139862,4.16547364868904
230.093661711975,415.70304904406,3.83539678927027
426.446376379861,10.1210181058903,3.45559079365757
363.200543112192,290.688938577442,2.9689565625648
605.039790014593,103.303399820316,4.24261057987467
391.432475476129,231.295635482774,4.22907961404703
562.272632171847,403.059580561059,4.7289105599281
140.249736214718,285.556378006715,4.51986897007709
195.241453588313,375.449346830193,4.16378228221336
124.918729020445,413.338721505655,3.4795946326835
629.867497291825,315.384312583625,4.47619900589079
3.706139252608,145.788839360617,4.356630795699
545.954313390168,204.17511335114,4.26356716011812
34.063083992457,492.792978718457,3.12597527649388
279.434556966738,21.4518516499049,4.00760185823286
532.021949641597,392.552803467148,3.34593957128714
76.3609053231769,78.7014858215832,5.28755721914625
7.75329675609282,78.6632763722076,3.43854677345265
592.456561795757,225.209730976867,4.08486182077895
444.051744877515,463.215340022953,4.78470838225401
659.915076344643,374.180815378749,3.06284450952892
101.729117411785,482.708643042419,4.40559325888031
625.473182279075,86.6973162767895,4.07385469408168
421.424482878332,261.239874966893,3.60467066764649
11.4429433441394,181.103172754491,3.19594924472541
61.7630029578297,120.522537606205,4.27411848028562
603.01055469407,210.42270448769,4.08989124831996
261.349670120675,221.582813345408,4.04128971988671
572.45999556064,437.036427175229,3.80558086599533
300.874570177416,136.778086747904,3.79103248459646
522.533463472455,461.896904847757,3.46410323166604
44.4579755560406,416.284680050614,3.45298415778977
199.097353680446,284.767645556051,3.99922373646072
550.167947730443,257.743780212229,3.32865732696303
160.141124855446,33.2261850144835,4.39614715517815
498.334006295203,351.224619900716,4.54562342082036
38.1007690753552,54.0724790219093,3.71554644995392
538.701041623102,151.28703790057,4.91484750816285
NA,NA,NA
660.556218980065,334.478136448453,3.38982065401051
461.122608007493,295.860820074334,3.76031903103981
7.75353966608927,498.596764887183,3.62317122552196
561.00119560694,48.0981194002748,4.24609317270586
72.688692931283,372.925810139862,4.16547364868904
230.093661711975,415.70304904406,3.83539678927027
426.446376379861,10.1210181058903,3.45559079365757
363.200543112192,290.688938577442,2.9689565625648
605.039790014593,103.303399820316,4.24261057987467
391.432475476129,231.295635482774,4.22907961404703
562.272632171847,403.059580561059,4.7289105599281
140.249736214718,285.556378006715,4.51986897007709
195.241453588313,375.449346830193,4.16378228221336
124.918729020445,413.338721505655,3.4795946326835
629.867497291825,315.384312583625,4.47619900589079
3.706139252608,145.788839360617,4.356630795699
545.954313390168,204.17511335114,4.26356716011812
34.063083992457,492.792978718457,3.12597527649388
279.434556966738,21.4518516499049,4.00760185823286
532.021949641597,392.552803467148,3.34593957128714
76.3609053231769,78.7014858215832,5.28755721914625
7.75329675609282,78.6632763722076,3.43854677345265
592.456561795757,225.209730976867,4.08486182077895
444.051744877515,463.215340022953,4.78470838225401
659.915076344643,374.180815378749,3.06284450952892
101.729117411785,482.708643042419,4.40559325888031
625.473182279075,86.6973162767895,4.07385469408168
421.424482878332,261.239874966893,3.60467066764649
11.4429433441394,181.103172754491,3.19594924472541
61.7630029578297,120.522537606205,4.27411848028562
603.01055469407,210.42270448769,4.08989124831996
261.349670120675,221.582813345408,4.04128971988671
572.45999556064,437.036427175229,3.80558086599533
300.874570177416,136.778086747904,3.79103248459646
522.533463472455,461.896904847757,3.46410323166604
44.4579755560406,416.284680050614,3.45298415778977
199.097353680446,284.767645556051,3.99922373646072
550.167947730443,257.743780212229,3.32865732696303
160.141124855446,33.2261850144835,4.39614715517815
498.334006295203,351.224619900716,4.54562342082036
38.1007690753552,54.0724790219093,3.71554644995392
538.701041623102,151.28703790057,4.91484750816285
NA,NA,NA
660.556218980065,334.478136448453,3.38982065401051
461.122608007493,295.860820074334,3.76031903103981
7.75353966608927,498.596764887183,3.62317122552196
561.00119560694,48.0981194002748,4.24609317270586
72.688692931283,372.925810139862,4.16547364868904
230.093661711975,415.70304904406,3.83539678927027
426.446376379861,10.1210181058903,3.45559079365757
363.200543112192,290.688938577442,2.9689565625648
605.039790014593,103.303399820316,4.24261057987467
391.432475476129,231.295635482774,4.22907961404703
562.272632171847,403.059580561059,4.7289105599281
140.249736214718,285.556378006715,4.51986897007709
195.241453588313,375.449346830193,4.16378228221336
124.918729020445,413.338721505655,3.4795946326835
629.867497291825,315.384312583625,4.47619900589079
3.706139252608,145.788839360617,4.356630795699
545.954313390168,204.17511335114,4.26356716011812
34.063083992457,492.792978718457,3.12597527649388
279.434556966738,21.4518516499049,4.00760185823286
532.021949641597,392.552803467148,3.34593957128714
76.3609053231769,78.7014858215832,5.28755721914625
7.75329675609282,78.6632763722076,3.43854677345265
592.456561795757,225.209730976867,4.08486182077895
444.051744877515,463.215340022953,4.78470838225401
659.915076344643,374.180815378749,3.06284450952892
101.729117411785,482.708643042419,4.40559325888031
625.473182279075,86.6973162767895,4.07385469408168
421.424482878332,261.239874966893,3.60467066764649
11.4429433441394,181.103172754491,3.19594924472541
61.7630029578297,120.522537606205,4.27411848028562
603.01055469407,210.42270448769,4.08989124831996
261.349670120675,221.582813345408,4.04128971988671
572.45999556064,437.036427175229,3.80558086599533
300.874570177416,136.778086747904,3.79103248459646
522.533463472455,461.896904847757,3.46410323166604
44.4579755560406,416.284680050614,3.45298415778977
199.097353680446,284.767645556051,3.99922373646072
550.167947730443,257.743780212229,3.32865732696303
160.141124855446,33.2261850144835,4.39614715517815
498.334006295203,351.224619900716,4.54562342082036
38.1007690753552,54.0724790219093,3.71554644995392
538.701041623102,151.28703790057,4.91484750816285
NA,NA,NA
660.111184839168,330.693793836195,3.56738371165973
451.847775200095,299.083586999477,3.63287141094907
13.6911531725584,486.497871294048,3.65946083529032
558.640260777344,54.7019452170299,4.12277488418521
77.68768900442,376.56961308213,3.97352406272879
225.840396290165,412.970803291519,3.98165928557493
429.348378349824,9.68501535516367,3.31767940310464
363.878486270728,290.773908076376,2.98756697344362
606.057903842695,107.458433581554,3.94073235794496
390.982095542164,231.539773360816,4.12655591767295
564.003132816355,408.250216656396,4.70639411030007
136.490966912842,280.324883019969,4.44998679457308
201.477669560339,371.407578957206,3.99572040217706
126.016830828449,413.764232800164,3.26704546457568
633.058521116004,318.711457313135,4.45279149768131
1.02240718573987,147.796888733384,4.20171617527149
544.431796307902,199.073242883649,4.21316951966816
30.7156296157962,491.87762307503,3.02421205887097
278.012816926727,26.5057299995254,3.97418253776088
532.70127877262,392.062281735431,3.42007255910648
73.1822677783707,82.0899005254096,5.24793027584238
5.37661217376387,80.687466371768,3.69202221406133
588.736324337083,224.010661937655,4.04146133561615
437.514613929439,461.045950884309,4.76977718429349
657.487125038879,372.299311501705,3.06121250067445
100.75708283265,490.955486715132,4.40260290267078
624.550726637437,87.2514572849017,4.13739658976958
420.965278999177,262.588167345687,3.61630156964482
11.6160306464019,180.990412027802,3.22691636287332
47.7351282999858,110.964403941344,4.45020031620195
604.538834301495,187.446249644213,3.93006267114125
250.882842192593,222.912808955846,3.86435970307315
584.211762781391,434.456336497234,3.82174345981838
301.909631024628,132.38474381791,3.97969815888467
525.404657946439,455.466583753647,3.61324906584778
44.5637504855639,426.831497863449,3.85257265172208
207.632496486425,284.536747942093,3.86368170339837
541.97878194171,255.357359995043,3.9723691199097
177.021154333363,36.4849747202498,4.09510560331539
498.285937253138,341.891496154788,4.58560621820879
41.2241741416917,41.7728601178251,4.00314017234276
530.997036934709,152.628070839719,4.5336154803451
NA,NA,NA
660.111184839168,330.693793836195,3.56738371165973
451.847775200095,299.083586999477,3.63287141094907
13.6911531725584,486.497871294048,3.65946083529032
558.640260777344,54.7019452170299,4.12277488418521
77.68768900442,376.56961308213,3.97352406272879
225.840396290165,412.970803291519,3.98165928557493
429.348378349824,9.68501535516367,3.31767940310464
363.878486270728,290.773908076376,2.98756697344362
606.057903842695,107.458433581554,3.94073235794496
390.982095542164,231.539773360816,4.12655591767295
564.003132816355,408.250216656396,4.70639411030007
136.490966912842,280.324883019969,4.44998679457308
201.477669560339,371.407578957206,3.99572040217706
126.016830828449,413.764232800164,3.26704546457568
633.058521116004,318.711457313135,4.45279149768131
1.02240718573987,147.796888733384,4.20171617527149
544.431796307902,199.073242883649,4.21316951966816
30.7156296157962,491.87762307503,3.02421205887097
278.012816926727,26.5057299995254,3.97418253776088
532.70127877262,392.062281735431,3.42007255910648
73.1822677783707,82.0899005254096,5.24793027584238
5.37661217376387,80.687466371768,3.69202221406133
588.736324337083,224.010661937655,4.04146133561615
437.514613929439,461.045950884309,4.76977718429349
657.487125038879,372.299311501705,3.06121250067445
100.75708283265,490.955486715132,4.40260290267078
624.550726637437,87.2514572849017,4.13739658976958
420.965278999177,262.588167345687,3.61630156964482
11.6160306464019,180.990412027802,3.22691636287332
47.7351282999858,110.964403941344,4.45020031620195
604.538834301495,187.446249644213,3.93006267114125
250.882842192593,222.912808955846,3.86435970307315
584.211762781391,434.456336497234,3.82174345981838
301.909631024628,132.38474381791,3.97969815888467
525.404657946439,455.466583753647,3.61324906584778
44.5637504855639,426.831497863449,3.85257265172208
207.632496486425,284.536747942093,3.86368170339837
541.97878194171,255.357359995043,3.9723691199097
177.021154333363,36.4849747202498,4.09510560331539
498.285937253138,341.891496154788,4.58560621820879
41.2241741416917,41.7728601178251,4.00314017234276
530.997036934709,152.628070839719,4.5336154803451
NA,NA,NA
660.111184839168,330.693793836195,3.56738371165973
451.847775200095,299.083586999477,3.63287141094907
13.6911531725584,486.497871294048,3.65946083529032
558.640260777344,54.7019452170299,4.12277488418521
77.68768900442,376.56961308213,3.97352406272879
225.840396290165,412.970803291519,3.98165928557493
429.348378349824,9.68501535516367,3.31767940310464
363.878486270728,290.773908076376,2.98756697344362
606.057903842695,107.458433581554,3.94073235794496
390.982095542164,231.539773360816,4.12655591767295
564.003132816355,408.250216656396,4.70639411030007
136.490966912842,280.324883019969,4.44998679457308
201.477669560339,371.407578957206,3.99572040217706
126.016830828449,413.764232800164,3.26704546457568
633.058521116004,318.711457313135,4.45279149768131
1.02240718573987,147.796888733384,4.20171617527149
544.431796307902,199.073242883649,4.21316951966816
30.7156296157962,491.87762307503,3.02421205887097
278.012816926727,26.5057299995254,3.97418253776088
532.70127877262,392.062281735431,3.42007255910648
73.1822677783707,82.0899005254096,5.24793027584238
5.37661217376387,80.687466371768,3.69202221406133
588.736324337083,224.010661937655,4.04146133561615
437.514613929439,461.045950884309,4.76977718429349
657.487125038879,372.299311501705,3.06121250067445
100.75708283265,490.955486715132,4.40260290267078
624.550726637437,87.2514572849017,4.13739658976958
420.965278999177,262.588167345687,3.61630156964482
11.6160306464019,180.990412027802,3.22691636287332
47.7351282999858,110.964403941344,4.45020031620195
604.538834301495,187.446249644213,3.93006267114125
250.882842192593,222.912808955846,3.86435970307315
584.211762781391,434.456336497234,3.82174345981838
301.909631024628,132.38474381791,3.97969815888467
525.404657946439,455.466583753647,3.61324906584778
44.5637504855639,426.831497863449,3.85257265172208
207.632496486425,284.536747942093,3.86368170339837
541.97878194171,255.357359995043,3.9723691199097
177.021154333363,36.4849747202498,4.09510560331539
498.285937253138,341.891496154788,4.58560621820879
41.2241741416917,41.7728601178251,4.00314017234276
530.997036934709,152.628070839719,4.5336154803451
NA,NA,NA
660.111184839168,330.693793836195,3.56738371165973
451.847775200095,299.083586999477,3.63287141094907
13.6911531725584,486.497871294048,3.65946083529032
558.640260777344,54.7019452170299,4.12277488418521
77.68768900442,376.56961308213,3.97352406272879
225.840396290165,412.970803291519,3.98165928557493
429.348378349824,9.68501535516367,3.31767940310464
363.878486270728,290.773908076376,2.98756697344362
606.057903842695,107.458433581554,3.94073235794496
390.982095542164,231.539773360816,4.12655591767295
564.003132816355,408.250216656396,4.70639411030007
136.490966912842,280.324883019969,4.44998679457308
201.477669560339,371.407578957206,3.99572040217706
126.016830828449,413.764232800164,3.26704546457568
633.058521116004,318.711457313135,4.45279149768131
1.02240718573987,147.796888733384,4.20171617527149
544.431796307902,199.073242883649,4.21316951966816
30.7156296157962,491.87762307503,3.02421205887097
278.012816926727,26.5057299995254,3.97418253776088
532.70127877262,392.062281735431,3.42007255910648
73.1822677783707,82.0899005254096,5.24793027584238
5.37661217376387,80.687466371768,3.69202221406133
588.736324337083,224.010661937655,4.04146133561615
437.514613929439,461.045950884309,4.76977718429349
657.487125038879,372.299311501705,3.06121250067445
100.75708283265,490.955486715132,4.40260290267078
624.550726637437,87.2514572849017,4.13739658976958
420.965278999177,262.588167345687,3.61630156964482
11.6160306464019,180.990412027802,3.22691636287332
47.7351282999858,110.964403941344,4.45020031620195
604.538834301495,187.446249644213,3.93006267114125
250.882842192593,222.912808955846,3.86435970307315
584.211762781391,434.456336497234,3.82174345981838
301.909631024628,132.38474381791,3.97969815888467
525.404657946439,455.466583753647,3.61324906584778
44.5637504855639,426.831497863449,3.85257265172208
207.632496486425,284.536747942093,3.86368170339837
541.97878194171,255.357359995043,3.9723691199097
177.021154333363,36.4849747202498,4.09510560331539
498.285937253138,341.891496154788,4.58560621820879
41.2241741416917,41.7728601178251,4.00314017234276
530.997036934709,152.628070839719,4.5336154803451
NA,NA,NA
660.111184839168,330.693793836195,3.56738371165973
451.847775200095,299.083586999477,3.63287141094907
13.6911531725584,486.497871294048,3.65946083529032
558.640260777344,54.7019452170299,4.12277488418521
77.68768900442,376.56961308213,3.97352406272879
225.840396290165,412.970803291519,3.98165928557493
429.348378349824,9.68501535516367,3.31767940310464
363.878486270728,290.773908076376,2.98756697344362
606.057903842695,107.458433581554,3.94073235794496
390.982095542164,231.539773360816,4.12655591767295
564.003132816355,408.250216656396,4.70639411030007
136.490966912842,280.324883019969,4.44998679457308
201.477669560339,371.407578957206,3.99572040217706
126.016830828449,413.764232800164,3.26704546457568
633.058521116004,318.711457313135,4.45279149768131
1.02240718573987,147.796888733384,4.20171617527149
544.431796307902,199.073242883649,4.21316951966816
30.7156296157962,491.87762307503,3.02421205887097
278.012816926727,26.5057299995254,3.97418253776088
532.70127877262,392.062281735431,3.42007255910648
73.1822677783707,82.0899005254096,5.24793027584238
5.37661217376387,80.687466371768,3.69202221406133
588.736324337083,224.010661937655,4.04146133561615
437.514613929439,461.045950884309,4.76977718429349
657.487125038879,372.299311501705,3.06121250067445
100.75708283265,490.955486715132,4.40260290267078
624.550726637437,87.2514572849017,4.13739658976958
420.965278999177,262.588167345687,3.61630156964482
11.6160306464019,180.990412027802,3.22691636287332
47.7351282999858,110.964403941344,4.45020031620195
604.538834301495,187.446249644213,3.93006267114125
250.882842192593,222.912808955846,3.86435970307315
584.211762781391,434.456336497234,3.82174345981838
301.909631024628,132.38474381791,3.97969815888467
525.404657946439,455.466583753647,3.61324906584778
44.5637504855639,426.831497863449,3.85257265172208
207.632496486425,284.536747942093,3.86368170339837
541.97878194171,255.357359995043,3.9723691199097
177.021154333363,36.4849747202498,4.09510560331539
498.285937253138,341.891496154788,4.58560621820879
41.2241741416917,41.7728601178251,4.00314017234276
530.997036934709,152.628070839719,4.5336154803451
NA,NA,NA
660.111184839168,330.693793836195,3.56738371165973
451.847775200095,299.083586999477,3.63287141094907
13.6911531725584,486.497871294048,3.65946083529032
558.640260777344,54.7019452170299,4.12277488418521
77.68768900442,376.56961308213,3.97352406272879
225.840396290165,412.970803291519,3.98165928557493
429.348378349824,9.68501535516367,3.31767940310464
363.878486270728,290.773908076376,2.98756697344362
606.057903842695,107.458433581554,3.94073235794496
390.982095542164,231.539773360816,4.12655591767295
564.003132816355,408.250216656396,4.70639411030007
136.490966912842,280.324883019969,4.44998679457308
201.477669560339,371.407578957206,3.99572040217706
126.016830828449,413.764232800164,3.26704546457568
633.058521116004,318.711457313135,4.45279149768131
1.02240718573987,147.796888733384,4.20171617527149
544.431796307902,199.073242883649,4.21316951966816
30.7156296157962,491.87762307503,3.02421205887097
278.012816926727,26.5057299995254,3.97418253776088
532.70127877262,392.062281735431,3.42007255910648
73.1822677783707,82.0899005254096,5.24793027584238
5.37661217376387,80.687466371768,3.69202221406133
588.736324337083,224.010661937655,4.04146133561615
437.514613929439,461.045950884309,4.76977718429349
657.487125038879,372.299311501705,3.06121250067445
100.75708283265,490.955486715132,4.40260290267078
624.550726637437,87.2514572849017,4.13739658976958
420.965278999177,262.588167345687,3.61630156964482
11.6160306464019,180.990412027802,3.22691636287332
47.7351282999858,110.964403941344,4.45020031620195
604.538834301495,187.446249644213,3.93006267114125
250.882842192593,222.912808955846,3.86435970307315
584.211762781391,434.456336497234,3.82174345981838
301.909631024628,132.38474381791,3.97969815888467
525.404657946439,455.466583753647,3.61324906584778
44.5637504855639,426.831497863449,3.85257265172208
207.632496486425,284.536747942093,3.86368170339837
541.97878194171,255.357359995043,3.9723691199097
177.021154333363,36.4849747202498,4.09510560331539
498.285937253138,341.891496154788,4.58560621820879
41.2241741416917,41.7728601178251,4.00314017234276
530.997036934709,152.628070839719,4.5336154803451
NA,NA,NA
661.401217041363,335.385173401109,3.47235720275328
456.812155485827,296.17285042076,3.68970067068725
13.0564782922156,493.946780884408,3.61399373452171
555.089739567479,54.3039000625386,4.18692192507652
69.1775741278555,377.880113588907,4.00636948142283
228.011888289217,416.523942308754,3.90338044664205
427.623065171904,13.3761349130678,3.25545985245554
361.474328803056,293.454686149717,3.22589444611885
604.042236134581,101.857689783677,4.26617267887736
394.004100157759,227.537815818896,4.19536159032009
571.228969904305,412.184916937954,4.78330689504732
144.05620767052,286.612997262604,4.58395947487442
197.504020146441,370.957407711189,4.059438438311
127.033536629603,410.945034984456,3.54784827119769
630.066931884895,318.564917200363,4.61675916575625
1.94779151244859,151.703916209937,4.2892264507007
535.230781595833,205.225976425931,4.27077667097343
34.4235698228829,492.777434228539,2.91428904690393
277.511975698294,22.8729689509538,3.68525334309528
529.88298526689,392.739184399554,3.4666300229383
68.5064542296223,77.366413980422,5.13299931343735
5.12970685953522,74.129604682338,3.32897803572517
587.683576525684,228.516820802308,4.01511805552495
438.22513115966,459.801723461761,4.8636487751788
659.858253254949,372.500688189047,2.9634666761474
108.237804024237,484.283605269543,4.39473242287752
622.493062569188,92.70841558879,4.1030311033736
421.405067776022,255.74552424001,3.63423192728409
11.1332428001188,180.239970770582,3.21552637603235
71.5192359420188,117.328053259057,4.43026199359674
603.316954696634,196.689459042067,4.71847787250924
254.677941599484,214.488491126698,3.77769195697956
571.385131266141,437.283158712677,3.65435866581172
304.283253851168,133.334214692911,3.88217221051054
529.352465433648,456.295090945884,3.67636895459579
35.519760069759,414.26627026134,3.95274654085591
195.320338779767,289.976940389123,4.58871235407985
556.454699043148,261.010730335312,3.69869692667971
176.25678648308,32.0907130267185,4.13904976985017
500.782539444984,337.242174962528,4.5569843755065
40.2581756723619,61.2180353018982,3.5629027731614
543.552555466749,143.834496788262,4.89880675886749
NA,NA,NA
661.401217041363,335.385173401109,3.47235720275328
456.812155485827,296.17285042076,3.68970067068725
13.0564782922156,493.946780884408,3.61399373452171
555.089739567479,54.3039000625386,4.18692192507652
69.1775741278555,377.880113588907,4.00636948142283
228.011888289217,416.523942308754,3.90338044664205
427.623065171904,13.3761349130678,3.25545985245554
361.474328803056,293.454686149717,3.22589444611885
604.042236134581,101.857689783677,4.26617267887736
394.004100157759,227.537815818896,4.19536159032009
571.228969904305,412.184916937954,4.78330689504732
144.05620767052,286.612997262604,4.58395947487442
197.504020146441,370.957407711189,4.059438438311
127.033536629603,410.945034984456,3.54784827119769
630.066931884895,318.564917200363,4.61675916575625
1.94779151244859,151.703916209937,4.2892264507007
535.230781595833,205.225976425931,4.27077667097343
34.4235698228829,492.777434228539,2.91428904690393
277.511975698294,22.8729689509538,3.68525334309528
529.88298526689,392.739184399554,3.4666300229383
68.5064542296223,77.366413980422,5.13299931343735
5.12970685953522,74.129604682338,3.32897803572517
587.683576525684,228.516820802308,4.01511805552495
438.22513115966,459.801723461761,4.8636487751788
659.858253254949,372.500688189047,2.9634666761474
108.237804024237,484.283605269543,4.39473242287752
622.493062569188,92.70841558879,4.1030311033736
421.405067776022,255.74552424001,3.63423192728409
11.1332428001188,180.239970770582,3.21552637603235
71.5192359420188,117.328053259057,4.43026199359674
603.316954696634,196.689459042067,4.71847787250924
254.677941599484,214.488491126698,3.77769195697956
571.385131266141,437.283158712677,3.65435866581172
304.283253851168,133.334214692911,3.88217221051054
529.352465433648,456.295090945884,3.67636895459579
35.519760069759,414.26627026134,3.95274654085591
195.320338779767,289.976940389123,4.58871235407985
556.454699043148,261.010730335312,3.69869692667971
176.25678648308,32.0907130267185,4.13904976985017
500.782539444984,337.242174962528,4.5569843755065
40.2581756723619,61.2180353018982,3.5629027731614
543.552555466749,143.834496788262,4.89880675886749
NA,NA,NA
661.401217041363,335.385173401109,3.47235720275328
456.812155485827,296.17285042076,3.68970067068725
13.0564782922156,493.946780884408,3.61399373452171
555.089739567479,54.3039000625386,4.18692192507652
69.1775741278555,377.880113588907,4.00636948142283
228.011888289217,416.523942308754,3.90338044664205
427.623065171904,13.3761349130678,3.25545985245554
361.474328803056,293.454686149717,3.22589444611885
604.042236134581,101.857689783677,4.26617267887736
394.004100157759,227.537815818896,4.19536159032009
571.228969904305,412.184916937954,4.78330689504732
144.05620767052,286.612997262604,4.58395947487442
197.504020146441,370.957407711189,4.059438438311
127.033536629603,410.945034984456,3.54784827119769
630.066931884895,318.564917200363,4.61675916575625
1.94779151244859,151.703916209937,4.2892264507007
535.230781595833,205.225976425931,4.27077667097343
34.4235698228829,492.777434228539,2.91428904690393
277.511975698294,22.8729689509538,3.68525334309528
529.88298526689,392.739184399554,3.4666300229383
68.5064542296223,77.366413980422,5.13299931343735
5.12970685953522,74.129604682338,3.32897803572517
587.683576525684,228.516820802308,4.01511805552495
438.22513115966,459.801723461761,4.8636487751788
659.858253254949,372.500688189047,2.9634666761474
108.237804024237,484.283605269543,4.39473242287752
622.493062569188,92.70841558879,4.1030311033736
421.405067776022,255.74552424001,3.63423192728409
11.1332428001188,180.239970770582,3.21552637603235
71.5192359420188,117.328053259057,4.43026199359674
603.316954696634,196.689459042067,4.71847787250924
254.677941599484,214.488491126698,3.77769195697956
571.385131266141,437.283158712677,3.65435866581172
304.283253851168,133.334214692911,3.88217221051054
529.352465433648,456.295090945884,3.67636895459579
35.519760069759,414.26627026134,3.95274654085591
195.320338779767,289.976940389123,4.58871235407985
556.454699043148,261.010730335312,3.69869692667971
176.25678648308,32.0907130267185,4.13904976985017
500.782539444984,337.242174962528,4.5569843755065
40.2581756723619,61.2180353018982,3.5629027731614
543.552555466749,143.834496788262,4.89880675886749
NA,NA,NA
661.401217041363,335.385173401109,3.47235720275328
456.812155485827,296.17285042076,3.68970067068725
13.0564782922156,493.946780884408,3.61399373452171
555.089739567479,54.3039000625386,4.18692192507652
69.1775741278555,377.880113588907,4.00636948142283
228.011888289217,416.523942308754,3.90338044664205
427.623065171904,13.3761349130678,3.25545985245554
361.474328803056,293.454686149717,3.22589444611885
604.042236134581,101.857689783677,4.26617267887736
394.004100157759,227.537815818896,4.19536159032009
571.228969904305,412.184916937954,4.78330689504732
144.05620767052,286.612997262604,4.58395947487442
197.504020146441,370.957407711189,4.059438438311
127.033536629603,410.945034984456,3.54784827119769
630.066931884895,318.564917200363,4.61675916575625
1.94779151244859,151.703916209937,4.2892264507007
535.230781595833,205.225976425931,4.27077667097343
34.4235698228829,492.777434228539,2.91428904690393
277.511975698294,22.8729689509538,3.68525334309528
529.88298526689,392.739184399554,3.4666300229383
68.5064542296223,77.366413980422,5.13299931343735
5.12970685953522,74.129604682338,3.32897803572517
587.683576525684,228.516820802308,4.01511805552495
438.22513115966,459.801723461761,4.8636487751788
659.858253254949,372.500688189047,2.9634666761474
108.237804024237,484.283605269543,4.39473242287752
622.493062569188,92.70841558879,4.1030311033736
421.405067776022,255.74552424001,3.63423192728409
11.1332428001188,180.239970770582,3.21552637603235
71.5192359420188,117.328053259057,4.43026199359674
603.316954696634,196.689459042067,4.71847787250924
254.677941599484,214.488491126698,3.77769195697956
571.385131266141,437.283158712677,3.65435866581172
304.283253851168,133.334214692911,3.88217221051054
529.352465433648,456.295090945884,3.67636895459579
35.519760069759,414.26627026134,3.95274654085591
195.320338779767,289.976940389123,4.58871235407985
556.454699043148,261.010730335312,3.69869692667971
176.25678648308,32.0907130267185,4.13904976985017
500.782539444984,337.242174962528,4.5569843755065
40.2581756723619,61.2180353018982,3.5629027731614
543.552555466749,143.834496788262,4.89880675886749
NA,NA,NA
661.401217041363,335.385173401109,3.47235720275328
456.812155485827,296.17285042076,3.68970067068725
13.0564782922156,493.946780884408,3.61399373452171
555.089739567479,54.3039000625386,4.18692192507652
69.1775741278555,377.880113588907,4.00636948142283
228.011888289217,416.523942308754,3.90338044664205
427.623065171904,13.3761349130678,3.25545985245554
361.474328803056,293.454686149717,3.22589444611885
604.042236134581,101.857689783677,4.26617267887736
394.004100157759,227.537815818896,4.19536159032009
571.228969904305,412.184916937954,4.78330689504732
144.05620767052,286.612997262604,4.58395947487442
197.504020146441,370.957407711189,4.059438438311
127.033536629603,410.945034984456,3.54784827119769
630.066931884895,318.564917200363,4.61675916575625
1.94779151244859,151.703916209937,4.2892264507007
535.230781595833,205.225976425931,4.27077667097343
34.4235698228829,492.777434228539,2.91428904690393
277.511975698294,22.8729689509538,3.68525334309528
529.88298526689,392.739184399554,3.4666300229383
68.5064542296223,77.366413980422,5.13299931343735
5.12970685953522,74.129604682338,3.32897803572517
587.683576525684,228.516820802308,4.01511805552495
438.22513115966,459.801723461761,4.8636487751788
659.858253254949,372.500688189047,2.9634666761474
108.237804024237,484.283605269543,4.39473242287752
622.493062569188,92.70841558879,4.1030311033736
421.405067776022,255.74552424001,3.63423192728409
11.1332428001188,180.239970770582,3.21552637603235
71.5192359420188,117.328053259057,4.43026199359674
603.316954696634,196.689459042067,4.71847787250924
254.677941599484,214.488491126698,3.77769195697956
571.385131266141,437.283158712677,3.65435866581172
304.283253851168,133.334214692911,3.88217221051054
529.352465433648,456.295090945884,3.67636895459579
35.519760069759,414.26627026134,3.95274654085591
195.320338779767,289.976940389123,4.58871235407985
556.454699043148,261.010730335312,3.69869692667971
176.25678648308,32.0907130267185,4.13904976985017
500.782539444984,337.242174962528,4.5569843755065
40.2581756723619,61.2180353018982,3.5629027731614
543.552555466749,143.834496788262,4.89880675886749
NA,NA,NA
661.401217041363,335.385173401109,3.47235720275328
456.812155485827,296.17285042076,3.68970067068725
13.0564782922156,493.946780884408,3.61399373452171
555.089739567479,54.3039000625386,4.18692192507652
69.1775741278555,377.880113588907,4.00636948142283
228.011888289217,416.523942308754,3.90338044664205
427.623065171904,13.3761349130678,3.25545985245554
361.474328803056,293.454686149717,3.22589444611885
604.042236134581,101.857689783677,4.26617267887736
394.004100157759,227.537815818896,4.19536159032009
571.228969904305,412.184916937954,4.78330689504732
144.05620767052,286.612997262604,4.58395947487442
197.504020146441,370.957407711189,4.059438438311
127.033536629603,410.945034984456,3.54784827119769
630.066931884895,318.564917200363,4.61675916575625
1.94779151244859,151.703916209937,4.2892264507007
535.230781595833,205.225976425931,4.27077667097343
34.4235698228829,492.777434228539,2.91428904690393
277.511975698294,22.8729689509538,3.68525334309528
529.88298526689,392.739184399554,3.4666300229383
68.5064542296223,77.366413980422,5.13299931343735
5.12970685953522,74.129604682338,3.32897803572517
587.683576525684,228.516820802308,4.01511805552495
438.22513115966,459.801723461761,4.8636487751788
659.858253254949,372.500688189047,2.9634666761474
108.237804024237,484.283605269543,4.39473242287752
622.493062569188,92.70841558879,4.1030311033736
421.405067776022,255.74552424001,3.63423192728409
11.1332428001188,180.239970770582,3.21552637603235
71.5192359420188,117.328053259057,4.43026199359674
603.316954696634,196.689459042067,4.71847787250924
254.677941599484,214.488491126698,3.77769195697956
571.385131266141,437.283158712677,3.65435866581172
304.283253851168,133.334214692911,3.88217221051054
529.352465433648,456.295090945884,3.67636895459579
35.519760069759,414.26627026134,3.95274654085591
195.320338779767,289.976940389123,4.58871235407985
556.454699043148,261.010730335312,3.69869692667971
176.25678648308,32.0907130267185,4.13904976985017
500.782539444984,337.242174962528,4.5569843755065
40.2581756723619,61.2180353018982,3.5629027731614
543.552555466749,143.834496788262,4.89880675886749
NA,NA,NA
660.642308189759,334.349064333057,3.5424315565462
456.883040554116,295.231114258403,3.75568192238433
7.50606258790903,495.126966639688,3.65343303644271
563.863254973568,48.4558638107119,4.29034394379772
71.4408328531165,369.551553903537,3.92323645671531
234.103423964864,412.399051018673,3.84898294420051
431.734355527193,13.2228682698962,3.2736322901534
361.060275282098,292.680552332441,3.13029199142729
600.840602951442,107.685457596953,4.1516778313255
391.180984620569,226.288536945359,4.19561343326956
569.95831511796,408.867062539321,4.72810817572859
140.375355790352,285.878501444571,4.48633139752537
196.001678238321,373.705741430672,4.1657063763168
123.669659413182,414.190829821344,3.45117087985785
621.322421647801,314.039303531297,4.56205028498475
-0.775092835453623,143.293447569676,4.34238923176626
545.427386376152,202.165041911313,4.04119944743718
33.1254952394816,492.543548992571,2.92654229536318
278.145319833393,22.8702452536262,4.0061266895899
534.394639107409,390.197770873197,3.56299529139556
69.4980287791113,81.0294777705857,5.35204988368081
4.61072842674051,74.9337122434232,3.51827270692954
586.209244796038,227.663876683272,4.0832717065193
441.062889003857,458.413654064071,4.8253189146111
660.855361903983,373.644578695201,3.01157760602148
109.322263582199,489.300150758398,4.36911332500143
622.349006064403,90.1854267260663,4.13277380867133
419.528550630774,261.792290137032,3.59797586389877
12.2853046381892,182.967739715585,3.02852678900134
56.7703167154925,129.180583092456,4.45245449811986
615.573714510288,212.9893160833,3.91973788679409
256.495464828944,215.221280944048,4.12944009036014
574.675238133341,436.31035861626,3.83177294479732
304.737786486356,138.68934979686,3.89628185458993
522.948377203772,459.79798746462,3.62908768428656
52.6574251492532,422.307564717751,4.10482952410812
191.746643034665,289.473388937907,4.21357051258205
553.223638375868,272.407755381071,3.68938776424778
185.148259285647,19.1841887350436,4.47278659682694
497.149714400471,354.965710094157,4.60342690576686
24.7729694202329,45.9098162032761,3.75626451610566
525.330653095133,135.418425737647,4.72305221977458
NA,NA,NA
660.642308189759,334.349064333057,3.5424315565462
456.883040554116,295.231114258403,3.75568192238433
7.50606258790903,495.126966639688,3.65343303644271
563.863254973568,48.4558638107119,4.29034394379772
71.4408328531165,369.551553903537,3.92323645671531
234.103423964864,412.399051018673,3.84898294420051
431.734355527193,13.2228682698962,3.2736322901534
361.060275282098,292.680552332441,3.13029199142729
600.840602951442,107.685457596953,4.1516778313255
391.180984620569,226.288536945359,4.19561343326956
569.95831511796,408.867062539321,4.72810817572859
140.375355790352,285.878501444571,4.48633139752537
196.001678238321,373.705741430672,4.1657063763168
123.669659413182,414.190829821344,3.45117087985785
621.322421647801,314.039303531297,4.56205028498475
-0.775092835453623,143.293447569676,4.34238923176626
545.427386376152,202.165041911313,4.04119944743718
33.1254952394816,492.543548992571,2.92654229536318
278.145319833393,22.8702452536262,4.0061266895899
534.394639107409,390.197770873197,3.56299529139556
69.4980287791113,81.0294777705857,5.35204988368081
4.61072842674051,74.9337122434232,3.51827270692954
586.209244796038,227.663876683272,4.0832717065193
441.062889003857,458.413654064071,4.8253189146111
660.855361903983,373.644578695201,3.01157760602148
109.322263582199,489.300150758398,4.36911332500143
622.349006064403,90.1854267260663,4.13277380867133
419.528550630774,261.792290137032,3.59797586389877
12.2853046381892,182.967739715585,3.02852678900134
56.7703167154925,129.180583092456,4.45245449811986
615.573714510288,212.9893160833,3.91973788679409
256.495464828944,215.221280944048,4.12944009036014
574.675238133341,436.31035861626,3.83177294479732
304.737786486356,138.68934979686,3.89628185458993
522.948377203772,459.79798746462,3.62908768428656
52.6574251492532,422.307564717751,4.10482952410812
191.746643034665,289.473388937907,4.21357051258205
553.223638375868,272.407755381071,3.68938776424778
185.148259285647,19.1841887350436,4.47278659682694
497.149714400471,354.965710094157,4.60342690576686
24.7729694202329,45.9098162032761,3.75626451610566
525.330653095133,135.418425737647,4.72305221977458
NA,NA,NA
660.642308189759,334.349064333057,3.5424315565462
456.883040554116,295.231114258403,3.75568192238433
7.50606258790903,495.126966639688,3.65343303644271
563.863254973568,48.4558638107119,4.29034394379772
71.4408328531165,369.551553903537,3.92323645671531
234.103423964864,412.399051018673,3.84898294420051
431.734355527193,13.2228682698962,3.2736322901534
361.060275282098,292.680552332441,3.13029199142729
600.840602951442,107.685457596953,4.1516778313255
391.180984620569,226.288536945359,4.19561343326956
569.95831511796,408.867062539321,4.72810817572859
140.375355790352,285.878501444571,4.48633139752537
196.001678238321,373.705741430672,4.1657063763168
123.669659413182,414.190829821344,3.45117087985785
621.322421647801,314.039303531297,4.56205028498475
-0.775092835453623,143.293447569676,4.34238923176626
545.427386376152,202.165041911313,4.04119944743718
33.1254952394816,492.543548992571,2.92654229536318
278.145319833393,22.8702452536262,4.0061266895899
534.394639107409,390.197770873197,3.56299529139556
69.4980287791113,81.0294777705857,5.35204988368081
4.61072842674051,74.9337122434232,3.51827270692954
586.209244796038,227.663876683272,4.0832717065193
441.062889003857,458.413654064071,4.8253189146111
660.855361903983,373.644578695201,3.01157760602148
109.322263582199,489.300150758398,4.36911332500143
622.349006064403,90.1854267260663,4.13277380867133
419.528550630774,261.792290137032,3.59797586389877
12.2853046381892,182.967739715585,3.02852678900134
56.7703167154925,129.180583092456,4.45245449811986
615.573714510288,212.9893160833,3.91973788679409
256.495464828944,215.221280944048,4.12944009036014
574.675238133341,436.31035861626,3.83177294479732
304.737786486356,138.68934979686,3.89628185458993
522.948377203772,459.79798746462,3.62908768428656
52.6574251492532,422.307564717751,4.10482952410812
191.746643034665,289.473388937907,4.21357051258205
553.223638375868,272.407755381071,3.68938776424778
185.148259285647,19.1841887350436,4.47278659682694
497.149714400471,354.965710094157,4.60342690576686
24.7729694202329,45.9098162032761,3.75626451610566
525.330653095133,135.418425737647,4.72305221977458
NA,NA,NA
660.642308189759,334.349064333057,3.5424315565462
456.883040554116,295.231114258403,3.75568192238433
7.50606258790903,495.126966639688,3.65343303644271
563.863254973568,48.4558638107119,4.29034394379772
71.4408328531165,369.551553903537,3.92323645671531
234.103423964864,412.399051018673,3.84898294420051
431.734355527193,13.2228682698962,3.2736322901534
361.060275282098,292.680552332441,3.13029199142729
600.840602951442,107.685457596953,4.1516778313255
391.180984620569,226.288536945359,4.19561343326956
569.95831511796,408.867062539321,4.72810817572859
140.375355790352,285.878501444571,4.48633139752537
196.001678238321,373.705741430672,4.1657063763168
123.669659413182,414.190829821344,3.45117087985785
621.322421647801,314.039303531297,4.56205028498475
-0.775092835453623,143.293447569676,4.34238923176626
545.427386376152,202.165041911313,4.04119944743718
33.1254952394816,492.543548992571,2.92654229536318
278.145319833393,22.8702452536262,4.0061266895899
534.394639107409,390.197770873197,3.56299529139556
69.4980287791113,81.0294777705857,5.35204988368081
4.61072842674051,74.9337122434232,3.51827270692954
586.209244796038,227.663876683272,4.0832717065193
441.062889003857,458.413654064071,4.8253189146111
660.855361903983,373.644578695201,3.01157760602148
109.322263582199,489.300150758398,4.36911332500143
622.349006064403,90.1854267260663,4.13277380867133
419.528550630774,261.792290137032,3.59797586389877
12.2853046381892,182.967739715585,3.02852678900134
56.7703167154925,129.180583092456,4.45245449811986
615.573714510288,212.9893160833,3.91973788679409
256.495464828944,215.221280944048,4.12944009036014
574.675238133341,436.31035861626,3.83177294479732
304.737786486356,138.68934979686,3.89628185458993
522.948377203772,459.79798746462,3.62908768428656
52.6574251492532,422.307564717751,4.10482952410812
191.746643034665,289.473388937907,4.21357051258205
553.223638375868,272.407755381071,3.68938776424778
185.148259285647,19.1841887350436,4.47278659682694
497.149714400471,354.965710094157,4.60342690576686
24.7729694202329,45.9098162032761,3.75626451610566
525.330653095133,135.418425737647,4.72305221977458
NA,NA,NA
660.642308189759,334.349064333057,3.5424315565462
456.883040554116,295.231114258403,3.75568192238433
7.50606258790903,495.126966639688,3.65343303644271
563.863254973568,48.4558638107119,4.29034394379772
71.4408328531165,369.551553903537,3.92323645671531
234.103423964864,412.399051018673,3.84898294420051
431.734355527193,13.2228682698962,3.2736322901534
361.060275282098,292.680552332441,3.13029199142729
600.840602951442,107.685457596953,4.1516778313255
391.180984620569,226.288536945359,4.19561343326956
569.95831511796,408.867062539321,4.72810817572859
140.375355790352,285.878501444571,4.48633139752537
196.001678238321,373.705741430672,4.1657063763168
123.669659413182,414.190829821344,3.45117087985785
621.322421647801,314.039303531297,4.56205028498475
-0.775092835453623,143.293447569676,4.34238923176626
545.427386376152,202.165041911313,4.04119944743718
33.1254952394816,492.543548992571,2.92654229536318
278.145319833393,22.8702452536262,4.0061266895899
534.394639107409,390.197770873197,3.56299529139556
69.4980287791113,81.0294777705857,5.35204988368081
4.61072842674051,74.9337122434232,3.51827270692954
586.209244796038,227.663876683272,4.0832717065193
441.062889003857,458.413654064071,4.8253189146111
660.855361903983,373.644578695201,3.01157760602148
109.322263582199,489.300150758398,4.36911332500143
622.349006064403,90.1854267260663,4.13277380867133
419.528550630774,261.792290137032,3.59797586389877
12.2853046381892,182.967739715585,3.02852678900134
56.7703167154925,129.180583092456,4.45245449811986
615.573714510288,212.9893160833,3.91973788679409
256.495464828944,215.221280944048,4.12944009036014
574.675238133341,436.31035861626,3.83177294479732
304.737786486356,138.68934979686,3.89628185458993
522.948377203772,459.79798746462,3.62908768428656
52.6574251492532,422.307564717751,4.10482952410812
191.746643034665,289.473388937907,4.21357051258205
553.223638375868,272.407755381071,3.68938776424778
185.148259285647,19.1841887350436,4.47278659682694
497.149714400471,354.965710094157,4.60342690576686
24.7729694202329,45.9098162032761,3.75626451610566
525.330653095133,135.418425737647,4.72305221977458
NA,NA,NA
660.642308189759,334.349064333057,3.5424315565462
456.883040554116,295.231114258403,3.75568192238433
7.50606258790903,495.126966639688,3.65343303644271
563.863254973568,48.4558638107119,4.29034394379772
71.4408328531165,369.551553903537,3.92323645671531
234.103423964864,412.399051018673,3.84898294420051
431.734355527193,13.2228682698962,3.2736322901534
361.060275282098,292.680552332441,3.13029199142729
600.840602951442,107.685457596953,4.1516778313255
391.180984620569,226.288536945359,4.19561343326956
569.95831511796,408.867062539321,4.72810817572859
140.375355790352,285.878501444571,4.48633139752537
196.001678238321,373.705741430672,4.1657063763168
123.669659413182,414.190829821344,3.45117087985785
621.322421647801,314.039303531297,4.56205028498475
-0.775092835453623,143.293447569676,4.34238923176626
545.427386376152,202.165041911313,4.04119944743718
33.1254952394816,492.543548992571,2.92654229536318
278.145319833393,22.8702452536262,4.0061266895899
534.394639107409,390.197770873197,3.56299529139556
69.4980287791113,81.0294777705857,5.35204988368081
4.61072842674051,74.9337122434232,3.51827270692954
586.209244796038,227.663876683272,4.0832717065193
441.062889003857,458.413654064071,4.8253189146111
660.855361903983,373.644578695201,3.01157760602148
109.322263582199,489.300150758398,4.36911332500143
622.349006064403,90.1854267260663,4.13277380867133
419.528550630774,261.792290137032,3.59797586389877
12.2853046381892,182.967739715585,3.02852678900134
56.7703167154925,129.180583092456,4.45245449811986
615.573714510288,212.9893160833,3.91973788679409
256.495464828944,215.221280944048,4.12944009036014
574.675238133341,436.31035861626,3.83177294479732
304.737786486356,138.68934979686,3.89628185458993
522.948377203772,459.79798746462,3.62908768428656
52.6574251492532,422.307564717751,4.10482952410812
191.746643034665,289.473388937907,4.21357051258205
553.223638375868,272.407755381071,3.68938776424778
185.148259285647,19.1841887350436,4.47278659682694
497.149714400471,354.965710094157,4.60342690576686
24.7729694202329,45.9098162032761,3.75626451610566
525.330653095133,135.418425737647,4.72305221977458
NA,NA,NA
660.388945074472,336.19878172213,3.45529635359671
457.767452413748,300.831763466315,3.57127961650709
10.704452099137,491.345696760985,3.62323489818993
565.025225149632,48.0874747001549,4.17023233760996
70.6869246916628,379.186986034941,4.02863963079191
230.912949660457,412.872627494963,3.90563024621205
426.711438430053,10.1910399063411,3.31410111776873
365.896018435429,292.166593409603,2.87903650678126
603.823589288361,106.237315798858,4.01231914732645
392.874202708456,232.336385444188,4.22881966944236
567.269210726633,407.361492260413,4.68816178176175
138.404938685124,290.164088253409,4.66533143096853
204.532606679158,362.559520142472,4.04828065466749
124.634963840737,409.630645889728,3.23911139840967
624.605867818479,312.486249265797,4.47655050016865
3.76127199558246,146.641985587812,4.2808105313167
545.880093828183,201.265474086966,4.1983551762555
35.4500563684215,490.341977994121,3.0917047549218
277.561666796358,22.9246247649875,3.81487458208246
534.4965124603,390.779874012646,3.31931640520154
72.8924716955616,76.6322108306775,5.24347374645479
6.35963167532286,76.1795540019421,3.46175048280746
587.994954361122,227.695225713966,3.96651774126297
440.942782789716,462.048188518253,4.75807458315795
656.325031935369,372.867792026382,2.90334555711341
104.881245641568,483.033083584983,4.38410735915745
624.019301413448,94.1062082703093,4.14496892395729
419.732398947583,257.67953335636,3.72344414685257
12.9173731027997,180.976481936966,3.23609688009704
53.4407003300678,103.590964696062,4.37650227209697
604.298936377711,208.629695114155,4.28132201080903
252.680797876445,221.28428436979,3.65236299313813
577.629241234261,427.986035286046,3.59640863076565
299.52466353256,139.848409590032,3.81346615706625
533.009595953405,463.010937127548,3.59684110773431
48.3873911064809,415.699915304417,4.02153455814517
196.081903493694,288.593271097477,3.38383398191724
548.105719251391,273.064124325267,3.77368373467056
181.484487072464,18.8295482165109,4.39658230092891
503.289840912596,348.576485944208,4.49198589698976
35.6214561764325,46.5259730586912,3.54387725202375
542.282220650893,142.045583177304,4.51451624506893
NA,NA,NA
660.388945074472,336.19878172213,3.45529635359671
457.767452413748,300.831763466315,3.57127961650709
10.704452099137,491.345696760985,3.62323489818993
565.025225149632,48.0874747001549,4.17023233760996
70.6869246916628,379.186986034941,4.02863963079191
230.912949660457,412.872627494963,3.90563024621205
426.711438430053,10.1910399063411,3.31410111776873
365.896018435429,292.166593409603,2.87903650678126
603.823589288361,106.237315798858,4.01231914732645
392.874202708456,232.336385444188,4.22881966944236
567.269210726633,407.361492260413,4.68816178176175
138.404938685124,290.164088253409,4.66533143096853
204.532606679158,362.559520142472,4.04828065466749
124.634963840737,409.630645889728,3.23911139840967
624.605867818479,312.486249265797,4.47655050016865
3.76127199558246,146.641985587812,4.2808105313167
545.880093828183,201.265474086966,4.1983551762555
35.4500563684215,490.341977994121,3.0917047549218
277.561666796358,22.9246247649875,3.81487458208246
534.4965124603,390.779874012646,3.31931640520154
72.8924716955616,76.6322108306775,5.24347374645479
6.35963167532286,76.1795540019421,3.46175048280746
587.994954361122,227.695225713966,3.96651774126297
440.942782789716,462.048188518253,4.75807458315795
656.325031935369,372.867792026382,2.90334555711341
104.881245641568,483.033083584983,4.38410735915745
624.019301413448,94.1062082703093,4.14496892395729
419.732398947583,257.67953335636,3.72344414685257
12.9173731027997,180.976481936966,3.23609688009704
53.4407003300678,103.590964696062,4.37650227209697
604.298936377711,208.629695114155,4.28132201080903
252.680797876445,221.28428436979,3.65236299313813
577.629241234261,427.986035286046,3.59640863076565
299.52466353256,139.848409590032,3.81346615706625
533.009595953405,463.010937127548,3.59684110773431
48.3873911064809,415.699915304417,4.02153455814517
196.081903493694,288.593271097477,3.38383398191724
548.105719251391,273.064124325267,3.77368373467056
181.484487072464,18.8295482165109,4.39658230092891
503.289840912596,348.576485944208,4.49198589698976
35.6214561764325,46.5259730586912,3.54387725202375
542.282220650893,142.045583177304,4.51451624506893
NA,NA,NA
660.388945074472,336.19878172213,3.45529635359671
457.767452413748,300.831763466315,3.57127961650709
10.704452099137,491.345696760985,3.62323489818993
565.025225149632,48.0874747001549,4.17023233760996
70.6869246916628,379.186986034941,4.02863963079191
230.912949660457,412.872627494963,3.90563024621205
426.711438430053,10.1910399063411,3.31410111776873
365.896018435429,292.166593409603,2.87903650678126
603.823589288361,106.237315798858,4.01231914732645
392.874202708456,232.336385444188,4.22881966944236
567.269210726633,407.361492260413,4.68816178176175
138.404938685124,290.164088253409,4.66533143096853
204.532606679158,362.559520142472,4.04828065466749
124.634963840737,409.630645889728,3.23911139840967
624.605867818479,312.486249265797,4.47655050016865
3.76127199558246,146.641985587812,4.2808105313167
545.880093828183,201.265474086966,4.1983551762555
35.4500563684215,490.341977994121,3.0917047549218
277.561666796358,22.9246247649875,3.81487458208246
534.4965124603,390.779874012646,3.31931640520154
72.8924716955616,76.6322108306775,5.24347374645479
6.35963167532286,76.1795540019421,3.46175048280746
587.994954361122,227.695225713966,3.96651774126297
440.942782789716,462.048188518253,4.75807458315795
656.325031935369,372.867792026382,2.90334555711341
104.881245641568,483.033083584983,4.38410735915745
624.019301413448,94.1062082703093,4.14496892395729
419.732398947583,257.67953335636,3.72344414685257
12.9173731027997,180.976481936966,3.23609688009704
53.4407003300678,103.590964696062,4.37650227209697
604.298936377711,208.629695114155,4.28132201080903
252.680797876445,221.28428436979,3.65236299313813
577.629241234261,427.986035286046,3.59640863076565
299.52466353256,139.848409590032,3.81346615706625
533.009595953405,463.010937127548,3.59684110773431
48.3873911064809,415.699915304417,4.02153455814517
196.081903493694,288.593271097477,3.38383398191724
548.105719251391,273.064124325267,3.77368373467056
181.484487072464,18.8295482165109,4.39658230092891
503.289840912596,348.576485944208,4.49198589698976
35.6214561764325,46.5259730586912,3.54387725202375
542.282220650893,142.045583177304,4.51451624506893
NA,NA,NA
660.388945074472,336.19878172213,3.45529635359671
457.767452413748,300.831763466315,3.57127961650709
10.704452099137,491.345696760985,3.62323489818993
565.025225149632,48.0874747001549,4.17023233760996
70.6869246916628,379.186986034941,4.02863963079191
230.912949660457,412.872627494963,3.90563024621205
426.711438430053,10.1910399063411,3.31410111776873
365.896018435429,292.166593409603,2.87903650678126
603.823589288361,106.237315798858,4.01231914732645
392.874202708456,232.336385444188,4.22881966944236
567.269210726633,407.361492260413,4.68816178176175
138.404938685124,290.164088253409,4.66533143096853
204.532606679158,362.559520142472,4.04828065466749
124.634963840737,409.630645889728,3.23911139840967
624.605867818479,312.486249265797,4.47655050016865
3.76127199558246,146.641985587812,4.2808105313167
545.880093828183,201.265474086966,4.1983551762555
35.4500563684215,490.341977994121,3.0917047549218
277.561666796358,22.9246247649875,3.81487458208246
534.4965124603,390.779874012646,3.31931640520154
72.8924716955616,76.6322108306775,5.24347374645479
6.35963167532286,76.1795540019421,3.46175048280746
587.994954361122,227.695225713966,3.96651774126297
440.942782789716,462.048188518253,4.75807458315795
656.325031935369,372.867792026382,2.90334555711341
104.881245641568,483.033083584983,4.38410735915745
624.019301413448,94.1062082703093,4.14496892395729
419.732398947583,257.67953335636,3.72344414685257
12.9173731027997,180.976481936966,3.23609688009704
53.4407003300678,103.590964696062,4.37650227209697
604.298936377711,208.629695114155,4.28132201080903
252.680797876445,221.28428436979,3.65236299313813
577.629241234261,427.986035286046,3.59640863076565
299.52466353256,139.848409590032,3.81346615706625
533.009595953405,463.010937127548,3.59684110773431
48.3873911064809,415.699915304417,4.02153455814517
196.081903493694,288.593271097477,3.38383398191724
548.105719251391,273.064124325267,3.77368373467056
181.484487072464,18.8295482165109,4.39658230092891
503.289840912596,348.576485944208,4.49198589698976
35.6214561764325,46.5259730586912,3.54387725202375
542.282220650893,142.045583177304,4.51451624506893
NA,NA,NA
660.388945074472,336.19878172213,3.45529635359671
457.767452413748,300.831763466315,3.57127961650709
10.704452099137,491.345696760985,3.62323489818993
565.025225149632,48.0874747001549,4.17023233760996
70.6869246916628,379.186986034941,4.02863963079191
230.912949660457,412.872627494963,3.90563024621205
426.711438430053,10.1910399063411,3.31410111776873
365.896018435429,292.166593409603,2.87903650678126
603.823589288361,106.237315798858,4.01231914732645
392.874202708456,232.336385444188,4.22881966944236
567.269210726633,407.361492260413,4.68816178176175
138.404938685124,290.164088253409,4.66533143096853
204.532606679158,362.559520142472,4.04828065466749
124.634963840737,409.630645889728,3.23911139840967
624.605867818479,312.486249265797,4.47655050016865
3.76127199558246,146.641985587812,4.2808105313167
545.880093828183,201.265474086966,4.1983551762555
35.4500563684215,490.341977994121,3.0917047549218
277.561666796358,22.9246247649875,3.81487458208246
534.4965124603,390.779874012646,3.31931640520154
72.8924716955616,76.6322108306775,5.24347374645479
6.35963167532286,76.1795540019421,3.46175048280746
587.994954361122,227.695225713966,3.96651774126297
440.942782789716,462.048188518253,4.75807458315795
656.325031935369,372.867792026382,2.90334555711341
104.881245641568,483.033083584983,4.38410735915745
624.019301413448,94.1062082703093,4.14496892395729
419.732398947583,257.67953335636,3.72344414685257
12.9173731027997,180.976481936966,3.23609688009704
53.4407003300678,103.590964696062,4.37650227209697
604.298936377711,208.629695114155,4.28132201080903
252.680797876445,221.28428436979,3.65236299313813
577.629241234261,427.986035286046,3.59640863076565
299.52466353256,139.848409590032,3.81346615706625
533.009595953405,463.010937127548,3.59684110773431
48.3873911064809,415.699915304417,4.02153455814517
196.081903493694,288.593271097477,3.38383398191724
548.105719251391,273.064124325267,3.77368373467056
181.484487072464,18.8295482165109,4.39658230092891
503.289840912596,348.576485944208,4.49198589698976
35.6214561764325,46.5259730586912,3.54387725202375
542.282220650893,142.045583177304,4.51451624506893
NA,NA,NA
660.388945074472,336.19878172213,3.45529635359671
457.767452413748,300.831763466315,3.57127961650709
10.704452099137,491.345696760985,3.62323489818993
565.025225149632,48.0874747001549,4.17023233760996
70.6869246916628,379.186986034941,4.02863963079191
230.912949660457,412.872627494963,3.90563024621205
426.711438430053,10.1910399063411,3.31410111776873
365.896018435429,292.166593409603,2.87903650678126
603.823589288361,106.237315798858,4.01231914732645
392.874202708456,232.336385444188,4.22881966944236
567.269210726633,407.361492260413,4.68816178176175
138.404938685124,290.164088253409,4.66533143096853
204.532606679158,362.559520142472,4.04828065466749
124.634963840737,409.630645889728,3.23911139840967
624.605867818479,312.486249265797,4.47655050016865
3.76127199558246,146.641985587812,4.2808105313167
545.880093828183,201.265474086966,4.1983551762555
35.4500563684215,490.341977994121,3.0917047549218
277.561666796358,22.9246247649875,3.81487458208246
534.4965124603,390.779874012646,3.31931640520154
72.8924716955616,76.6322108306775,5.24347374645479
6.35963167532286,76.1795540019421,3.46175048280746
587.994954361122,227.695225713966,3.96651774126297
440.942782789716,462.048188518253,4.75807458315795
656.325031935369,372.867792026382,2.90334555711341
104.881245641568,483.033083584983,4.38410735915745
624.019301413448,94.1062082703093,4.14496892395729
419.732398947583,257.67953335636,3.72344414685257
12.9173731027997,180.976481936966,3.23609688009704
53.4407003300678,103.590964696062,4.37650227209697
604.298936377711,208.629695114155,4.28132201080903
252.680797876445,221.28428436979,3.65236299313813
577.629241234261,427.986035286046,3.59640863076565
299.52466353256,139.848409590032,3.81346615706625
533.009595953405,463.010937127548,3.59684110773431
48.3873911064809,415.699915304417,4.02153455814517
196.081903493694,288.593271097477,3.38383398191724
548.105719251391,273.064124325267,3.77368373467056
181.484487072464,18.8295482165109,4.39658230092891
503.289840912596,348.576485944208,4.49198589698976
35.6214561764325,46.5259730586912,3.54387725202375
542.282220650893,142.045583177304,4.51451624506893
NA,NA,NA
659.332977888853,335.657422387787,3.5510152493153
455.71110470734,294.17685955915,3.71149846521899
8.16029772560054,497.7879306856,3.84229332676778
562.21972936836,48.6305351175634,4.19348861005214
70.9782870250439,375.324762107739,4.22194717943816
223.930672360502,412.34282045019,4.03394302931262
428.268288638544,12.189103923582,3.35511910129219
364.090053711139,297.357934186695,3.00326330490321
602.492410646032,104.525572286621,4.28119106464144
390.484520402706,227.552758626712,4.20661681784231
569.70439305237,409.211119836487,4.76960308152651
144.065722442812,275.070900914454,4.4141393242086
195.540545906458,367.755543316849,4.05674008291553
125.790629393302,410.500056275697,3.38993248942147
630.954309448757,313.400329713081,4.61513739278136
0.22480157179022,150.917786428798,4.24615603309317
541.475163688948,202.085957190383,4.09659154265386
34.8783235923853,493.610100877029,2.95966621010807
280.912469774009,22.3155302220258,3.83618704965304
534.822116464,390.924188313144,3.25450145881054
67.1147151220162,84.05694051577,5.25790950540152
-0.196972706413724,81.1545228171874,3.59005323023738
590.844412807775,232.277281294264,4.03336505586958
447.164487465586,461.25913125554,4.81418380417628
660.000185657919,374.81744192103,3.12184164082408
103.595158767795,495.648278562459,4.336542180083
627.03094238415,86.1938326396545,4.12061111112665
419.989032486451,260.745540004551,3.5943982299875
11.7100338583761,182.163519587859,3.42013334976712
71.9825036187525,113.886994097106,4.69021991619354
608.89266230083,196.618937359579,4.09397515189308
251.552444168046,217.229388834606,3.62938075727323
572.445776173252,435.955425266655,3.78041882019214
299.845671593303,134.002814037161,3.77265831791233
524.517993462599,453.295343111592,3.43547334310087
50.1913196401872,432.832168815342,4.25782348150107
191.490738892024,289.820624729858,3.87704155212004
546.116993993414,265.300738602514,3.53012156513948
160.994990549006,29.7277350969679,4.15754517871661
493.829516691095,343.469724128739,4.28998616747826
40.9488136932151,54.486980648662,3.96871171505119
516.155845968685,142.573028384791,4.2466553709396
NA,NA,NA
659.332977888853,335.657422387787,3.5510152493153
455.71110470734,294.17685955915,3.71149846521899
8.16029772560054,497.7879306856,3.84229332676778
562.21972936836,48.6305351175634,4.19348861005214
70.9782870250439,375.324762107739,4.22194717943816
223.930672360502,412.34282045019,4.03394302931262
428.268288638544,12.189103923582,3.35511910129219
364.090053711139,297.357934186695,3.00326330490321
602.492410646032,104.525572286621,4.28119106464144
390.484520402706,227.552758626712,4.20661681784231
569.70439305237,409.211119836487,4.76960308152651
144.065722442812,275.070900914454,4.4141393242086
195.540545906458,367.755543316849,4.05674008291553
125.790629393302,410.500056275697,3.38993248942147
630.954309448757,313.400329713081,4.61513739278136
0.22480157179022,150.917786428798,4.24615603309317
541.475163688948,202.085957190383,4.09659154265386
34.8783235923853,493.610100877029,2.95966621010807
280.912469774009,22.3155302220258,3.83618704965304
534.822116464,390.924188313144,3.25450145881054
67.1147151220162,84.05694051577,5.25790950540152
-0.196972706413724,81.1545228171874,3.59005323023738
590.844412807775,232.277281294264,4.03336505586958
447.164487465586,461.25913125554,4.81418380417628
660.000185657919,374.81744192103,3.12184164082408
103.595158767795,495.648278562459,4.336542180083
627.03094238415,86.1938326396545,4.12061111112665
419.989032486451,260.745540004551,3.5943982299875
11.7100338583761,182.163519587859,3.42013334976712
71.9825036187525,113.886994097106,4.69021991619354
608.89266230083,196.618937359579,4.09397515189308
251.552444168046,217.229388834606,3.62938075727323
572.445776173252,435.955425266655,3.78041882019214
299.845671593303,134.002814037161,3.77265831791233
524.517993462599,453.295343111592,3.43547334310087
50.1913196401872,432.832168815342,4.25782348150107
191.490738892024,289.820624729858,3.87704155212004
546.116993993414,265.300738602514,3.53012156513948
160.994990549006,29.7277350969679,4.15754517871661
493.829516691095,343.469724128739,4.28998616747826
40.9488136932151,54.486980648662,3.96871171505119
516.155845968685,142.573028384791,4.2466553709396
NA,NA,NA
659.332977888853,335.657422387787,3.5510152493153
455.71110470734,294.17685955915,3.71149846521899
8.16029772560054,497.7879306856,3.84229332676778
562.21972936836,48.6305351175634,4.19348861005214
70.9782870250439,375.324762107739,4.22194717943816
223.930672360502,412.34282045019,4.03394302931262
428.268288638544,12.189103923582,3.35511910129219
364.090053711139,297.357934186695,3.00326330490321
602.492410646032,104.525572286621,4.28119106464144
390.484520402706,227.552758626712,4.20661681784231
569.70439305237,409.211119836487,4.76960308152651
144.065722442812,275.070900914454,4.4141393242086
195.540545906458,367.755543316849,4.05674008291553
125.790629393302,410.500056275697,3.38993248942147
630.954309448757,313.400329713081,4.61513739278136
0.22480157179022,150.917786428798,4.24615603309317
541.475163688948,202.085957190383,4.09659154265386
34.8783235923853,493.610100877029,2.95966621010807
280.912469774009,22.3155302220258,3.83618704965304
534.822116464,390.924188313144,3.25450145881054
67.1147151220162,84.05694051577,5.25790950540152
-0.196972706413724,81.1545228171874,3.59005323023738
590.844412807775,232.277281294264,4.03336505586958
447.164487465586,461.25913125554,4.81418380417628
660.000185657919,374.81744192103,3.12184164082408
103.595158767795,495.648278562459,4.336542180083
627.03094238415,86.1938326396545,4.12061111112665
419.989032486451,260.745540004551,3.5943982299875
11.7100338583761,182.163519587859,3.42013334976712
71.9825036187525,113.886994097106,4.69021991619354
608.89266230083,196.618937359579,4.09397515189308
251.552444168046,217.229388834606,3.62938075727323
572.445776173252,435.955425266655,3.78041882019214
299.845671593303,134.002814037161,3.77265831791233
524.517993462599,453.295343111592,3.43547334310087
50.1913196401872,432.832168815342,4.25782348150107
191.490738892024,289.820624729858,3.87704155212004
546.116993993414,265.300738602514,3.53012156513948
160.994990549006,29.7277350969679,4.15754517871661
493.829516691095,343.469724128739,4.28998616747826
40.9488136932151,54.486980648662,3.96871171505119
516.155845968685,142.573028384791,4.2466553709396
NA,NA,NA
659.332977888853,335.657422387787,3.5510152493153
455.71110470734,294.17685955915,3.71149846521899
8.16029772560054,497.7879306856,3.84229332676778
562.21972936836,48.6305351175634,4.19348861005214
70.9782870250439,375.324762107739,4.22194717943816
223.930672360502,412.34282045019,4.03394302931262
428.268288638544,12.189103923582,3.35511910129219
364.090053711139,297.357934186695,3.00326330490321
602.492410646032,104.525572286621,4.28119106464144
390.484520402706,227.552758626712,4.20661681784231
569.70439305237,409.211119836487,4.76960308152651
144.065722442812,275.070900914454,4.4141393242086
195.540545906458,367.755543316849,4.05674008291553
125.790629393302,410.500056275697,3.38993248942147
630.954309448757,313.400329713081,4.61513739278136
0.22480157179022,150.917786428798,4.24615603309317
541.475163688948,202.085957190383,4.09659154265386
34.8783235923853,493.610100877029,2.95966621010807
280.912469774009,22.3155302220258,3.83618704965304
534.822116464,390.924188313144,3.25450145881054
67.1147151220162,84.05694051577,5.25790950540152
-0.196972706413724,81.1545228171874,3.59005323023738
590.844412807775,232.277281294264,4.03336505586958
447.164487465586,461.25913125554,4.81418380417628
660.000185657919,374.81744192103,3.12184164082408
103.595158767795,495.648278562459,4.336542180083
627.03094238415,86.1938326396545,4.12061111112665
419.989032486451,260.745540004551,3.5943982299875
11.7100338583761,182.163519587859,3.42013334976712
71.9825036187525,113.886994097106,4.69021991619354
608.89266230083,196.618937359579,4.09397515189308
251.552444168046,217.229388834606,3.62938075727323
572.445776173252,435.955425266655,3.78041882019214
299.845671593303,134.002814037161,3.77265831791233
524.517993462599,453.295343111592,3.43547334310087
50.1913196401872,432.832168815342,4.25782348150107
191.490738892024,289.820624729858,3.87704155212004
546.116993993414,265.300738602514,3.53012156513948
160.994990549006,29.7277350969679,4.15754517871661
493.829516691095,343.469724128739,4.28998616747826
40.9488136932151,54.486980648662,3.96871171505119
516.155845968685,142.573028384791,4.2466553709396
NA,NA,NA
659.332977888853,335.657422387787,3.5510152493153
455.71110470734,294.17685955915,3.71149846521899
8.16029772560054,497.7879306856,3.84229332676778
562.21972936836,48.6305351175634,4.19348861005214
70.9782870250439,375.324762107739,4.22194717943816
223.930672360502,412.34282045019,4.03394302931262
428.268288638544,12.189103923582,3.35511910129219
364.090053711139,297.357934186695,3.00326330490321
602.492410646032,104.525572286621,4.28119106464144
390.484520402706,227.552758626712,4.20661681784231
569.70439305237,409.211119836487,4.76960308152651
144.065722442812,275.070900914454,4.4141393242086
195.540545906458,367.755543316849,4.05674008291553
125.790629393302,410.500056275697,3.38993248942147
630.954309448757,313.400329713081,4.61513739278136
0.22480157179022,150.917786428798,4.24615603309317
541.475163688948,202.085957190383,4.09659154265386
34.8783235923853,493.610100877029,2.95966621010807
280.912469774009,22.3155302220258,3.83618704965304
534.822116464,390.924188313144,3.25450145881054
67.1147151220162,84.05694051577,5.25790950540152
-0.196972706413724,81.1545228171874,3.59005323023738
590.844412807775,232.277281294264,4.03336505586958
447.164487465586,461.25913125554,4.81418380417628
660.000185657919,374.81744192103,3.12184164082408
103.595158767795,495.648278562459,4.336542180083
627.03094238415,86.1938326396545,4.12061111112665
419.989032486451,260.745540004551,3.5943982299875
11.7100338583761,182.163519587859,3.42013334976712
71.9825036187525,113.886994097106,4.69021991619354
608.89266230083,196.618937359579,4.09397515189308
251.552444168046,217.229388834606,3.62938075727323
572.445776173252,435.955425266655,3.78041882019214
299.845671593303,134.002814037161,3.77265831791233
524.517993462599,453.295343111592,3.43547334310087
50.1913196401872,432.832168815342,4.25782348150107
191.490738892024,289.820624729858,3.87704155212004
546.116993993414,265.300738602514,3.53012156513948
160.994990549006,29.7277350969679,4.15754517871661
493.829516691095,343.469724128739,4.28998616747826
40.9488136932151,54.486980648662,3.96871171505119
516.155845968685,142.573028384791,4.2466553709396
NA,NA,NA
659.332977888853,335.657422387787,3.5510152493153
455.71110470734,294.17685955915,3.71149846521899
8.16029772560054,497.7879306856,3.84229332676778
562.21972936836,48.6305351175634,4.19348861005214
70.9782870250439,375.324762107739,4.22194717943816
223.930672360502,412.34282045019,4.03394302931262
428.268288638544,12.189103923582,3.35511910129219
364.090053711139,297.357934186695,3.00326330490321
602.492410646032,104.525572286621,4.28119106464144
390.484520402706,227.552758626712,4.20661681784231
569.70439305237,409.211119836487,4.76960308152651
144.065722442812,275.070900914454,4.4141393242086
195.540545906458,367.755543316849,4.05674008291553
125.790629393302,410.500056275697,3.38993248942147
630.954309448757,313.400329713081,4.61513739278136
0.22480157179022,150.917786428798,4.24615603309317
541.475163688948,202.085957190383,4.09659154265386
34.8783235923853,493.610100877029,2.95966621010807
280.912469774009,22.3155302220258,3.83618704965304
534.822116464,390.924188313144,3.25450145881054
67.1147151220162,84.05694051577,5.25790950540152
-0.196972706413724,81.1545228171874,3.59005323023738
590.844412807775,232.277281294264,4.03336505586958
447.164487465586,461.25913125554,4.81418380417628
660.000185657919,374.81744192103,3.12184164082408
103.595158767795,495.648278562459,4.336542180083
627.03094238415,86.1938326396545,4.12061111112665
419.989032486451,260.745540004551,3.5943982299875
11.7100338583761,182.163519587859,3.42013334976712
71.9825036187525,113.886994097106,4.69021991619354
608.89266230083,196.618937359579,4.09397515189308
251.552444168046,217.229388834606,3.62938075727323
572.445776173252,435.955425266655,3.78041882019214
299.845671593303,134.002814037161,3.77265831791233
524.517993462599,453.295343111592,3.43547334310087
50.1913196401872,432.832168815342,4.25782348150107
191.490738892024,289.820624729858,3.87704155212004
546.116993993414,265.300738602514,3.53012156513948
160.994990549006,29.7277350969679,4.15754517871661
493.829516691095,343.469724128739,4.28998616747826
40.9488136932151,54.486980648662,3.96871171505119
516.155845968685,142.573028384791,4.2466553709396
NA,NA,NA
661.288716709811,339.857202328768,3.54099800029501
455.818784514272,300.157835400291,3.7426403401335
11.6789378084429,495.914382818328,3.54920655863114
560.968233268655,54.4023855290284,4.17951479084785
72.7588200000343,380.049279996705,4.01596450846518
221.86803696586,413.520328328407,3.93253359664366
426.451173447857,14.6307527627948,3.44615176920199
364.221957719917,292.712221686282,3.04748775420627
605.239899739903,105.823638112685,4.21337508759262
393.744029884766,225.807717479779,4.18167544617295
569.301765382491,407.425538379249,4.65034272770956
149.600603842063,287.03770853497,4.44216702059484
199.995518182789,369.796513145686,3.98077503507203
126.429602109751,412.69361273103,3.44531841558877
628.928059788815,312.391502465162,4.50013184171268
3.76618582967608,147.927692144917,4.18922271124357
546.388581576793,201.366972702341,4.27123833349435
34.2964711879078,492.029187588033,3.02243961189148
280.605503948649,20.8682267549969,4.03962759682902
531.999328621702,390.282722040654,3.18161752423943
69.1416040055017,78.2144441687824,5.15567634962892
4.604451228305,77.4125877367881,3.53528339358874
587.658313680326,224.361579831581,4.08822948953188
439.752223170695,455.35799605569,4.87254906259617
657.040980858704,373.52221750038,3.10935032554488
102.910379916195,483.296236633263,4.37722730351415
626.377185386349,87.8877743964113,4.11667270788749
418.126139159834,260.810513417196,3.50814719993814
12.4641602364435,183.889884102565,3.29460772372359
84.1301194675156,95.2589177416354,4.35037591956493
610.606905946628,213.650108279986,4.1159739940901
257.103235791885,217.619430767146,3.96453859158975
565.673063949892,427.460091340133,4.26214050762357
303.429127632342,141.917474152065,3.76024307620765
527.413402175123,458.780072166584,3.46322824584932
43.6689726346035,424.727275170341,3.70916686340246
208.742013936282,281.97409081429,3.67362166964976
542.607763959666,264.998648260163,3.73758691840593
159.234073756369,38.2167628386144,3.83513398725536
508.164557867968,335.532369467618,4.66239297480822
44.8128839813855,43.5198160274376,3.54390984185675
523.674952709307,138.187505962473,5.00954733848051
NA,NA,NA
661.288716709811,339.857202328768,3.54099800029501
455.818784514272,300.157835400291,3.7426403401335
11.6789378084429,495.914382818328,3.54920655863114
560.968233268655,54.4023855290284,4.17951479084785
72.7588200000343,380.049279996705,4.01596450846518
221.86803696586,413.520328328407,3.93253359664366
426.451173447857,14.6307527627948,3.44615176920199
364.221957719917,292.712221686282,3.04748775420627
605.239899739903,105.823638112685,4.21337508759262
393.744029884766,225.807717479779,4.18167544617295
569.301765382491,407.425538379249,4.65034272770956
149.600603842063,287.03770853497,4.44216702059484
199.995518182789,369.796513145686,3.98077503507203
126.429602109751,412.69361273103,3.44531841558877
628.928059788815,312.391502465162,4.50013184171268
3.76618582967608,147.927692144917,4.18922271124357
546.388581576793,201.366972702341,4.27123833349435
34.2964711879078,492.029187588033,3.02243961189148
280.605503948649,20.8682267549969,4.03962759682902
531.999328621702,390.282722040654,3.18161752423943
69.1416040055017,78.2144441687824,5.15567634962892
4.604451228305,77.4125877367881,3.53528339358874
587.658313680326,224.361579831581,4.08822948953188
439.752223170695,455.35799605569,4.87254906259617
657.040980858704,373.52221750038,3.10935032554488
102.910379916195,483.296236633263,4.37722730351415
626.377185386349,87.8877743964113,4.11667270788749
418.126139159834,260.810513417196,3.50814719993814
12.4641602364435,183.889884102565,3.29460772372359
84.1301194675156,95.2589177416354,4.35037591956493
610.606905946628,213.650108279986,4.1159739940901
257.103235791885,217.619430767146,3.96453859158975
565.673063949892,427.460091340133,4.26214050762357
303.429127632342,141.917474152065,3.76024307620765
527.413402175123,458.780072166584,3.46322824584932
43.6689726346035,424.727275170341,3.70916686340246
208.742013936282,281.97409081429,3.67362166964976
542.607763959666,264.998648260163,3.73758691840593
159.234073756369,38.2167628386144,3.83513398725536
508.164557867968,335.532369467618,4.66239297480822
44.8128839813855,43.5198160274376,3.54390984185675
523.674952709307,138.187505962473,5.00954733848051
NA,NA,NA
661.288716709811,339.857202328768,3.54099800029501
455.818784514272,300.157835400291,3.7426403401335
11.6789378084429,495.914382818328,3.54920655863114
560.968233268655,54.4023855290284,4.17951479084785
72.7588200000343,380.049279996705,4.01596450846518
221.86803696586,413.520328328407,3.93253359664366
426.451173447857,14.6307527627948,3.44615176920199
364.221957719917,292.712221686282,3.04748775420627
605.239899739903,105.823638112685,4.21337508759262
393.744029884766,225.807717479779,4.18167544617295
569.301765382491,407.425538379249,4.65034272770956
149.600603842063,287.03770853497,4.44216702059484
199.995518182789,369.796513145686,3.98077503507203
126.429602109751,412.69361273103,3.44531841558877
628.928059788815,312.391502465162,4.50013184171268
3.76618582967608,147.927692144917,4.18922271124357
546.388581576793,201.366972702341,4.27123833349435
34.2964711879078,492.029187588033,3.02243961189148
280.605503948649,20.8682267549969,4.03962759682902
531.999328621702,390.282722040654,3.18161752423943
69.1416040055017,78.2144441687824,5.15567634962892
4.604451228305,77.4125877367881,3.53528339358874
587.658313680326,224.361579831581,4.08822948953188
439.752223170695,455.35799605569,4.87254906259617
657.040980858704,373.52221750038,3.10935032554488
102.910379916195,483.296236633263,4.37722730351415
626.377185386349,87.8877743964113,4.11667270788749
418.126139159834,260.810513417196,3.50814719993814
12.4641602364435,183.889884102565,3.29460772372359
84.1301194675156,95.2589177416354,4.35037591956493
610.606905946628,213.650108279986,4.1159739940901
257.103235791885,217.619430767146,3.96453859158975
565.673063949892,427.460091340133,4.26214050762357
303.429127632342,141.917474152065,3.76024307620765
527.413402175123,458.780072166584,3.46322824584932
43.6689726346035,424.727275170341,3.70916686340246
208.742013936282,281.97409081429,3.67362166964976
542.607763959666,264.998648260163,3.73758691840593
159.234073756369,38.2167628386144,3.83513398725536
508.164557867968,335.532369467618,4.66239297480822
44.8128839813855,43.5198160274376,3.54390984185675
523.674952709307,138.187505962473,5.00954733848051
NA,NA,NA
661.288716709811,339.857202328768,3.54099800029501
455.818784514272,300.157835400291,3.7426403401335
11.6789378084429,495.914382818328,3.54920655863114
560.968233268655,54.4023855290284,4.17951479084785
72.7588200000343,380.049279996705,4.01596450846518
221.86803696586,413.520328328407,3.93253359664366
426.451173447857,14.6307527627948,3.44615176920199
364.221957719917,292.712221686282,3.04748775420627
605.239899739903,105.823638112685,4.21337508759262
393.744029884766,225.807717479779,4.18167544617295
569.301765382491,407.425538379249,4.65034272770956
149.600603842063,287.03770853497,4.44216702059484
199.995518182789,369.796513145686,3.98077503507203
126.429602109751,412.69361273103,3.44531841558877
628.928059788815,312.391502465162,4.50013184171268
3.76618582967608,147.927692144917,4.18922271124357
546.388581576793,201.366972702341,4.27123833349435
34.2964711879078,492.029187588033,3.02243961189148
280.605503948649,20.8682267549969,4.03962759682902
531.999328621702,390.282722040654,3.18161752423943
69.1416040055017,78.2144441687824,5.15567634962892
4.604451228305,77.4125877367881,3.53528339358874
587.658313680326,224.361579831581,4.08822948953188
439.752223170695,455.35799605569,4.87254906259617
657.040980858704,373.52221750038,3.10935032554488
102.910379916195,483.296236633263,4.37722730351415
626.377185386349,87.8877743964113,4.11667270788749
418.126139159834,260.810513417196,3.50814719993814
12.4641602364435,183.889884102565,3.29460772372359
84.1301194675156,95.2589177416354,4.35037591956493
610.606905946628,213.650108279986,4.1159739940901
257.103235791885,217.619430767146,3.96453859158975
565.673063949892,427.460091340133,4.26214050762357
303.429127632342,141.917474152065,3.76024307620765
527.413402175123,458.780072166584,3.46322824584932
43.6689726346035,424.727275170341,3.70916686340246
208.742013936282,281.97409081429,3.67362166964976
542.607763959666,264.998648260163,3.73758691840593
159.234073756369,38.2167628386144,3.83513398725536
508.164557867968,335.532369467618,4.66239297480822
44.8128839813855,43.5198160274376,3.54390984185675
523.674952709307,138.187505962473,5.00954733848051
NA,NA,NA
661.288716709811,339.857202328768,3.54099800029501
455.818784514272,300.157835400291,3.7426403401335
11.6789378084429,495.914382818328,3.54920655863114
560.968233268655,54.4023855290284,4.17951479084785
72.7588200000343,380.049279996705,4.01596450846518
221.86803696586,413.520328328407,3.93253359664366
426.451173447857,14.6307527627948,3.44615176920199
364.221957719917,292.712221686282,3.04748775420627
605.239899739903,105.823638112685,4.21337508759262
393.744029884766,225.807717479779,4.18167544617295
569.301765382491,407.425538379249,4.65034272770956
149.600603842063,287.03770853497,4.44216702059484
199.995518182789,369.796513145686,3.98077503507203
126.429602109751,412.69361273103,3.44531841558877
628.928059788815,312.391502465162,4.50013184171268
3.76618582967608,147.927692144917,4.18922271124357
546.388581576793,201.366972702341,4.27123833349435
34.2964711879078,492.029187588033,3.02243961189148
280.605503948649,20.8682267549969,4.03962759682902
531.999328621702,390.282722040654,3.18161752423943
69.1416040055017,78.2144441687824,5.15567634962892
4.604451228305,77.4125877367881,3.53528339358874
587.658313680326,224.361579831581,4.08822948953188
439.752223170695,455.35799605569,4.87254906259617
657.040980858704,373.52221750038,3.10935032554488
102.910379916195,483.296236633263,4.37722730351415
626.377185386349,87.8877743964113,4.11667270788749
418.126139159834,260.810513417196,3.50814719993814
12.4641602364435,183.889884102565,3.29460772372359
84.1301194675156,95.2589177416354,4.35037591956493
610.606905946628,213.650108279986,4.1159739940901
257.103235791885,217.619430767146,3.96453859158975
565.673063949892,427.460091340133,4.26214050762357
303.429127632342,141.917474152065,3.76024307620765
527.413402175123,458.780072166584,3.46322824584932
43.6689726346035,424.727275170341,3.70916686340246
208.742013936282,281.97409081429,3.67362166964976
542.607763959666,264.998648260163,3.73758691840593
159.234073756369,38.2167628386144,3.83513398725536
508.164557867968,335.532369467618,4.66239297480822
44.8128839813855,43.5198160274376,3.54390984185675
523.674952709307,138.187505962473,5.00954733848051
NA,NA,NA
661.288716709811,339.857202328768,3.54099800029501
455.818784514272,300.157835400291,3.7426403401335
11.6789378084429,495.914382818328,3.54920655863114
560.968233268655,54.4023855290284,4.17951479084785
72.7588200000343,380.049279996705,4.01596450846518
221.86803696586,413.520328328407,3.93253359664366
426.451173447857,14.6307527627948,3.44615176920199
364.221957719917,292.712221686282,3.04748775420627
605.239899739903,105.823638112685,4.21337508759262
393.744029884766,225.807717479779,4.18167544617295
569.301765382491,407.425538379249,4.65034272770956
149.600603842063,287.03770853497,4.44216702059484
199.995518182789,369.796513145686,3.98077503507203
126.429602109751,412.69361273103,3.44531841558877
628.928059788815,312.391502465162,4.50013184171268
3.76618582967608,147.927692144917,4.18922271124357
546.388581576793,201.366972702341,4.27123833349435
34.2964711879078,492.029187588033,3.02243961189148
280.605503948649,20.8682267549969,4.03962759682902
531.999328621702,390.282722040654,3.18161752423943
69.1416040055017,78.2144441687824,5.15567634962892
4.604451228305,77.4125877367881,3.53528339358874
587.658313680326,224.361579831581,4.08822948953188
439.752223170695,455.35799605569,4.87254906259617
657.040980858704,373.52221750038,3.10935032554488
102.910379916195,483.296236633263,4.37722730351415
626.377185386349,87.8877743964113,4.11667270788749
418.126139159834,260.810513417196,3.50814719993814
12.4641602364435,183.889884102565,3.29460772372359
84.1301194675156,95.2589177416354,4.35037591956493
610.606905946628,213.650108279986,4.1159739940901
257.103235791885,217.619430767146,3.96453859158975
565.673063949892,427.460091340133,4.26214050762357
303.429127632342,141.917474152065,3.76024307620765
527.413402175123,458.780072166584,3.46322824584932
43.6689726346035,424.727275170341,3.70916686340246
208.742013936282,281.97409081429,3.67362166964976
542.607763959666,264.998648260163,3.73758691840593
159.234073756369,38.2167628386144,3.83513398725536
508.164557867968,335.532369467618,4.66239297480822
44.8128839813855,43.5198160274376,3.54390984185675
523.674952709307,138.187505962473,5.00954733848051
NA,NA,NA
662.835422941334,333.293503140394,3.48945299602301
459.112719960857,297.892737768648,3.72887279533855
11.9972593573761,492.178954804629,3.570404080566
559.379859834962,52.1738857940358,4.09730304417162
70.7221248752342,371.557765682853,3.88766433725322
230.008271466901,412.242270647715,3.76718204628836
428.151826220857,12.9432552380918,3.29760065540289
361.298855163302,292.612628075711,3.14301553660774
602.825764706776,104.014917525363,4.22857997662708
391.518601020247,236.302890828129,4.27299516275022
578.898594064204,413.551933387106,4.90073542759758
146.940193492845,280.072315558095,4.51506414827334
194.591587401494,374.216385243647,4.09489097247932
125.213151113802,410.948186538221,3.37599540258673
629.750481168425,312.884268685616,4.56387929941793
3.29416114683925,144.580253400736,4.37008222085322
540.151105986385,203.258002805377,4.18587677591494
33.4676330363672,493.250910233757,2.97801268598551
281.307728880972,26.8135179906329,3.86665778901741
532.710229985594,394.711370591907,3.40456695435806
67.8414331907239,74.8548154481871,5.2439400043277
1.77954290388254,77.5699139380177,3.5525122847886
583.946613269059,227.420355328739,4.03445844076266
439.213723453484,458.468043478623,4.90323855943273
657.292882094427,372.757030426845,3.14219873637347
106.50189004181,489.44046966465,4.35421891386481
622.196486511612,92.1935633292843,4.00638515599747
418.026636412543,260.665874201542,3.51768651551265
10.5020880874778,183.266823227832,3.14822065024422
62.1516221066392,128.319355350607,4.3880247400128
631.222721998663,193.587492694471,4.19949083871171
246.392146743623,222.503909166023,3.76351868246057
579.173956213674,441.484453181914,3.78348951351026
301.800283617964,138.372010993575,3.92503206936648
532.296353524485,462.077013035183,3.58518166423289
32.4843992961985,416.441252841314,3.83578890168053
198.655915025439,286.43158450422,4.06503675152137
555.743425754934,260.130810893009,3.74864642728053
163.257796774429,40.5588887474078,4.09518371156786
495.384642638825,353.082933911957,4.47237143725321
38.5502657789728,65.0894943682655,4.01537754174536
520.959567068614,146.135991358202,4.59588896058152
NA,NA,NA
662.835422941334,333.293503140394,3.48945299602301
459.112719960857,297.892737768648,3.72887279533855
11.9972593573761,492.178954804629,3.570404080566
559.379859834962,52.1738857940358,4.09730304417162
70.7221248752342,371.557765682853,3.88766433725322
230.008271466901,412.242270647715,3.76718204628836
428.151826220857,12.9432552380918,3.29760065540289
361.298855163302,292.612628075711,3.14301553660774
602.825764706776,104.014917525363,4.22857997662708
391.518601020247,236.302890828129,4.27299516275022
578.898594064204,413.551933387106,4.90073542759758
146.940193492845,280.072315558095,4.51506414827334
194.591587401494,374.216385243647,4.09489097247932
125.213151113802,410.948186538221,3.37599540258673
629.750481168425,312.884268685616,4.56387929941793
3.29416114683925,144.580253400736,4.37008222085322
540.151105986385,203.258002805377,4.18587677591494
33.4676330363672,493.250910233757,2.97801268598551
281.307728880972,26.8135179906329,3.86665778901741
532.710229985594,394.711370591907,3.40456695435806
67.8414331907239,74.8548154481871,5.2439400043277
1.77954290388254,77.5699139380177,3.5525122847886
583.946613269059,227.420355328739,4.03445844076266
439.213723453484,458.468043478623,4.90323855943273
657.292882094427,372.757030426845,3.14219873637347
106.50189004181,489.44046966465,4.35421891386481
622.196486511612,92.1935633292843,4.00638515599747
418.026636412543,260.665874201542,3.51768651551265
10.5020880874778,183.266823227832,3.14822065024422
62.1516221066392,128.319355350607,4.3880247400128
631.222721998663,193.587492694471,4.19949083871171
246.392146743623,222.503909166023,3.76351868246057
579.173956213674,441.484453181914,3.78348951351026
301.800283617964,138.372010993575,3.92503206936648
532.296353524485,462.077013035183,3.58518166423289
32.4843992961985,416.441252841314,3.83578890168053
198.655915025439,286.43158450422,4.06503675152137
555.743425754934,260.130810893009,3.74864642728053
163.257796774429,40.5588887474078,4.09518371156786
495.384642638825,353.082933911957,4.47237143725321
38.5502657789728,65.0894943682655,4.01537754174536
520.959567068614,146.135991358202,4.59588896058152
NA,NA,NA
662.835422941334,333.293503140394,3.48945299602301
459.112719960857,297.892737768648,3.72887279533855
11.9972593573761,492.178954804629,3.570404080566
559.379859834962,52.1738857940358,4.09730304417162
70.7221248752342,371.557765682853,3.88766433725322
230.008271466901,412.242270647715,3.76718204628836
428.151826220857,12.9432552380918,3.29760065540289
361.298855163302,292.612628075711,3.14301553660774
602.825764706776,104.014917525363,4.22857997662708
391.518601020247,236.302890828129,4.27299516275022
578.898594064204,413.551933387106,4.90073542759758
146.940193492845,280.072315558095,4.51506414827334
194.591587401494,374.216385243647,4.09489097247932
125.213151113802,410.948186538221,3.37599540258673
629.750481168425,312.884268685616,4.56387929941793
3.29416114683925,144.580253400736,4.37008222085322
540.151105986385,203.258002805377,4.18587677591494
33.4676330363672,493.250910233757,2.97801268598551
281.307728880972,26.8135179906329,3.86665778901741
532.710229985594,394.711370591907,3.40456695435806
67.8414331907239,74.8548154481871,5.2439400043277
1.77954290388254,77.5699139380177,3.5525122847886
583.946613269059,227.420355328739,4.03445844076266
439.213723453484,458.468043478623,4.90323855943273
657.292882094427,372.757030426845,3.14219873637347
106.50189004181,489.44046966465,4.35421891386481
622.196486511612,92.1935633292843,4.00638515599747
418.026636412543,260.665874201542,3.51768651551265
10.5020880874778,183.266823227832,3.14822065024422
62.1516221066392,128.319355350607,4.3880247400128
631.222721998663,193.587492694471,4.19949083871171
246.392146743623,222.503909166023,3.76351868246057
579.173956213674,441.484453181914,3.78348951351026
301.800283617964,138.372010993575,3.92503206936648
532.296353524485,462.077013035183,3.58518166423289
32.4843992961985,416.441252841314,3.83578890168053
198.655915025439,286.43158450422,4.06503675152137
555.743425754934,260.130810893009,3.74864642728053
163.257796774429,40.5588887474078,4.09518371156786
495.384642638825,353.082933911957,4.47237143725321
38.5502657789728,65.0894943682655,4.01537754174536
520.959567068614,146.135991358202,4.59588896058152
NA,NA,NA
662.835422941334,333.293503140394,3.48945299602301
459.112719960857,297.892737768648,3.72887279533855
11.9972593573761,492.178954804629,3.570404080566
559.379859834962,52.1738857940358,4.09730304417162
70.7221248752342,371.557765682853,3.88766433725322
230.008271466901,412.242270647715,3.76718204628836
428.151826220857,12.9432552380918,3.29760065540289
361.298855163302,292.612628075711,3.14301553660774
602.825764706776,104.014917525363,4.22857997662708
391.518601020247,236.302890828129,4.27299516275022
578.898594064204,413.551933387106,4.90073542759758
146.940193492845,280.072315558095,4.51506414827334
194.591587401494,374.216385243647,4.09489097247932
125.213151113802,410.948186538221,3.37599540258673
629.750481168425,312.884268685616,4.56387929941793
3.29416114683925,144.580253400736,4.37008222085322
540.151105986385,203.258002805377,4.18587677591494
33.4676330363672,493.250910233757,2.97801268598551
281.307728880972,26.8135179906329,3.86665778901741
532.710229985594,394.711370591907,3.40456695435806
67.8414331907239,74.8548154481871,5.2439400043277
1.77954290388254,77.5699139380177,3.5525122847886
583.946613269059,227.420355328739,4.03445844076266
439.213723453484,458.468043478623,4.90323855943273
657.292882094427,372.757030426845,3.14219873637347
106.50189004181,489.44046966465,4.35421891386481
622.196486511612,92.1935633292843,4.00638515599747
418.026636412543,260.665874201542,3.51768651551265
10.5020880874778,183.266823227832,3.14822065024422
62.1516221066392,128.319355350607,4.3880247400128
631.222721998663,193.587492694471,4.19949083871171
246.392146743623,222.503909166023,3.76351868246057
579.173956213674,441.484453181914,3.78348951351026
301.800283617964,138.372010993575,3.92503206936648
532.296353524485,462.077013035183,3.58518166423289
32.4843992961985,416.441252841314,3.83578890168053
198.655915025439,286.43158450422,4.06503675152137
555.743425754934,260.130810893009,3.74864642728053
163.257796774429,40.5588887474078,4.09518371156786
495.384642638825,353.082933911957,4.47237143725321
38.5502657789728,65.0894943682655,4.01537754174536
520.959567068614,146.135991358202,4.59588896058152
NA,NA,NA
662.835422941334,333.293503140394,3.48945299602301
459.112719960857,297.892737768648,3.72887279533855
11.9972593573761,492.178954804629,3.570404080566
559.379859834962,52.1738857940358,4.09730304417162
70.7221248752342,371.557765682853,3.88766433725322
230.008271466901,412.242270647715,3.76718204628836
428.151826220857,12.9432552380918,3.29760065540289
361.298855163302,292.612628075711,3.14301553660774
602.825764706776,104.014917525363,4.22857997662708
391.518601020247,236.302890828129,4.27299516275022
578.898594064204,413.551933387106,4.90073542759758
146.940193492845,280.072315558095,4.51506414827334
194.591587401494,374.216385243647,4.09489097247932
125.213151113802,410.948186538221,3.37599540258673
629.750481168425,312.884268685616,4.56387929941793
3.29416114683925,144.580253400736,4.37008222085322
540.151105986385,203.258002805377,4.18587677591494
33.4676330363672,493.250910233757,2.97801268598551
281.307728880972,26.8135179906329,3.86665778901741
532.710229985594,394.711370591907,3.40456695435806
67.8414331907239,74.8548154481871,5.2439400043277
1.77954290388254,77.5699139380177,3.5525122847886
583.946613269059,227.420355328739,4.03445844076266
439.213723453484,458.468043478623,4.90323855943273
657.292882094427,372.757030426845,3.14219873637347
106.50189004181,489.44046966465,4.35421891386481
622.196486511612,92.1935633292843,4.00638515599747
418.026636412543,260.665874201542,3.51768651551265
10.5020880874778,183.266823227832,3.14822065024422
62.1516221066392,128.319355350607,4.3880247400128
631.222721998663,193.587492694471,4.19949083871171
246.392146743623,222.503909166023,3.76351868246057
579.173956213674,441.484453181914,3.78348951351026
301.800283617964,138.372010993575,3.92503206936648
532.296353524485,462.077013035183,3.58518166423289
32.4843992961985,416.441252841314,3.83578890168053
198.655915025439,286.43158450422,4.06503675152137
555.743425754934,260.130810893009,3.74864642728053
163.257796774429,40.5588887474078,4.09518371156786
495.384642638825,353.082933911957,4.47237143725321
38.5502657789728,65.0894943682655,4.01537754174536
520.959567068614,146.135991358202,4.59588896058152
NA,NA,NA
662.835422941334,333.293503140394,3.48945299602301
459.112719960857,297.892737768648,3.72887279533855
11.9972593573761,492.178954804629,3.570404080566
559.379859834962,52.1738857940358,4.09730304417162
70.7221248752342,371.557765682853,3.88766433725322
230.008271466901,412.242270647715,3.76718204628836
428.151826220857,12.9432552380918,3.29760065540289
361.298855163302,292.612628075711,3.14301553660774
602.825764706776,104.014917525363,4.22857997662708
391.518601020247,236.302890828129,4.27299516275022
578.898594064204,413.551933387106,4.90073542759758
146.940193492845,280.072315558095,4.51506414827334
194.591587401494,374.216385243647,4.09489097247932
125.213151113802,410.948186538221,3.37599540258673
629.750481168425,312.884268685616,4.56387929941793
3.29416114683925,144.580253400736,4.37008222085322
540.151105986385,203.258002805377,4.18587677591494
33.4676330363672,493.250910233757,2.97801268598551
281.307728880972,26.8135179906329,3.86665778901741
532.710229985594,394.711370591907,3.40456695435806
67.8414331907239,74.8548154481871,5.2439400043277
1.77954290388254,77.5699139380177,3.5525122847886
583.946613269059,227.420355328739,4.03445844076266
439.213723453484,458.468043478623,4.90323855943273
657.292882094427,372.757030426845,3.14219873637347
106.50189004181,489.44046966465,4.35421891386481
622.196486511612,92.1935633292843,4.00638515599747
418.026636412543,260.665874201542,3.51768651551265
10.5020880874778,183.266823227832,3.14822065024422
62.1516221066392,128.319355350607,4.3880247400128
631.222721998663,193.587492694471,4.19949083871171
246.392146743623,222.503909166023,3.76351868246057
579.173956213674,441.484453181914,3.78348951351026
301.800283617964,138.372010993575,3.92503206936648
532.296353524485,462.077013035183,3.58518166423289
32.4843992961985,416.441252841314,3.83578890168053
198.655915025439,286.43158450422,4.06503675152137
555.743425754934,260.130810893009,3.74864642728053
163.257796774429,40.5588887474078,4.09518371156786
495.384642638825,353.082933911957,4.47237143725321
38.5502657789728,65.0894943682655,4.01537754174536
520.959567068614,146.135991358202,4.59588896058152
NA,NA,NA
660.72355328265,333.152570971058,3.39140729032992
454.863457011539,302.557570217606,3.63618649013375
7.72129516317591,493.078352276842,3.64614667568243
557.702993304063,51.8792118789715,4.21136750803636
70.241181551417,374.866075952038,3.91351457231486
230.215781456801,409.774720975351,3.89464747998802
430.869769341698,14.7594565126355,3.23678681508576
362.72532913816,292.375145194563,3.01339564300702
601.514137219292,102.641740383339,4.24720342900653
393.103328548666,226.969534045722,4.19138166795818
564.179889198173,411.066475494216,4.6739948013453
135.292252741179,281.22143019071,4.57694685717967
201.763588312441,371.495279265682,3.92598589602233
122.692556300703,410.690263457673,3.44755925134145
631.847701481794,306.732376289559,4.62111645161263
-2.54870745189727,145.7951497401,4.29725568970559
542.907631501197,203.945667260832,4.04997949941206
33.550519744575,490.648643692761,3.07383238150779
279.621619568044,29.1529803956154,3.85754216506808
535.648087199749,394.170645828576,3.32710869099639
77.9159081668519,73.5342418753642,5.35937422744314
6.82855255916302,70.7985787966671,3.59982597113986
590.61986660227,228.089421249969,4.03200696416109
437.576915114857,459.451575437282,4.7679207991181
657.692972055537,375.767113862871,3.15080866511395
105.565766386902,490.75091168907,4.34697167049421
619.058036283512,90.7534946244815,4.04320778641512
421.447190126617,258.419739752898,3.6249123751896
11.110991718701,182.128749585875,3.23896029127835
75.0414231936642,123.629406592353,4.42541135356899
605.484397823384,200.850530760467,4.4384715211178
245.40760957923,223.384988098258,3.54969171063716
570.459315004153,438.613579955848,3.77625259725462
303.314778566493,140.051531386647,3.70735355835236
535.91289583996,454.446405784794,3.37891755927278
45.1042049338376,416.389437347959,4.03516173439867
202.071714775512,282.837707669756,3.67592192395631
546.724559876723,266.1071562846,3.90820296567469
169.689268014187,22.4581550870856,4.28626344191135
497.161046197559,351.618936388588,4.28285377683399
48.3426911961772,50.8046982536842,4.0179863251993
515.002877294876,145.6599120925,4.84220180159335
NA,NA,NA
660.72355328265,333.152570971058,3.39140729032992
454.863457011539,302.557570217606,3.63618649013375
7.72129516317591,493.078352276842,3.64614667568243
557.702993304063,51.8792118789715,4.21136750803636
70.241181551417,374.866075952038,3.91351457231486
230.215781456801,409.774720975351,3.89464747998802
430.869769341698,14.7594565126355,3.23678681508576
362.72532913816,292.375145194563,3.01339564300702
601.514137219292,102.641740383339,4.24720342900653
393.103328548666,226.969534045722,4.19138166795818
564.179889198173,411.066475494216,4.6739948013453
135.292252741179,281.22143019071,4.57694685717967
201.763588312441,371.495279265682,3.92598589602233
122.692556300703,410.690263457673,3.44755925134145
631.847701481794,306.732376289559,4.62111645161263
-2.54870745189727,145.7951497401,4.29725568970559
542.907631501197,203.945667260832,4.04997949941206
33.550519744575,490.648643692761,3.07383238150779
279.621619568044,29.1529803956154,3.85754216506808
535.648087199749,394.170645828576,3.32710869099639
77.9159081668519,73.5342418753642,5.35937422744314
6.82855255916302,70.7985787966671,3.59982597113986
590.61986660227,228.089421249969,4.03200696416109
437.576915114857,459.451575437282,4.7679207991181
657.692972055537,375.767113862871,3.15080866511395
105.565766386902,490.75091168907,4.34697167049421
619.058036283512,90.7534946244815,4.04320778641512
421.447190126617,258.419739752898,3.6249123751896
11.110991718701,182.128749585875,3.23896029127835
75.0414231936642,123.629406592353,4.42541135356899
605.484397823384,200.850530760467,4.4384715211178
245.40760957923,223.384988098258,3.54969171063716
570.459315004153,438.613579955848,3.77625259725462
303.314778566493,140.051531386647,3.70735355835236
535.91289583996,454.446405784794,3.37891755927278
45.1042049338376,416.389437347959,4.03516173439867
202.071714775512,282.837707669756,3.67592192395631
546.724559876723,266.1071562846,3.90820296567469
169.689268014187,22.4581550870856,4.28626344191135
497.161046197559,351.618936388588,4.28285377683399
48.3426911961772,50.8046982536842,4.0179863251993
515.002877294876,145.6599120925,4.84220180159335
NA,NA,NA
660.72355328265,333.152570971058,3.39140729032992
454.863457011539,302.557570217606,3.63618649013375
7.72129516317591,493.078352276842,3.64614667568243
557.702993304063,51.8792118789715,4.21136750803636
70.241181551417,374.866075952038,3.91351457231486
230.215781456801,409.774720975351,3.89464747998802
430.869769341698,14.7594565126355,3.23678681508576
362.72532913816,292.375145194563,3.01339564300702
601.514137219292,102.641740383339,4.24720342900653
393.103328548666,226.969534045722,4.19138166795818
564.179889198173,411.066475494216,4.6739948013453
135.292252741179,281.22143019071,4.57694685717967
201.763588312441,371.495279265682,3.92598589602233
122.692556300703,410.690263457673,3.44755925134145
631.847701481794,306.732376289559,4.62111645161263
-2.54870745189727,145.7951497401,4.29725568970559
542.907631501197,203.945667260832,4.04997949941206
33.550519744575,490.648643692761,3.07383238150779
279.621619568044,29.1529803956154,3.85754216506808
535.648087199749,394.170645828576,3.32710869099639
77.9159081668519,73.5342418753642,5.35937422744314
6.82855255916302,70.7985787966671,3.59982597113986
590.61986660227,228.089421249969,4.03200696416109
437.576915114857,459.451575437282,4.7679207991181
657.692972055537,375.767113862871,3.15080866511395
105.565766386902,490.75091168907,4.34697167049421
619.058036283512,90.7534946244815,4.04320778641512
421.447190126617,258.419739752898,3.6249123751896
11.110991718701,182.128749585875,3.23896029127835
75.0414231936642,123.629406592353,4.42541135356899
605.484397823384,200.850530760467,4.4384715211178
245.40760957923,223.384988098258,3.54969171063716
570.459315004153,438.613579955848,3.77625259725462
303.314778566493,140.051531386647,3.70735355835236
535.91289583996,454.446405784794,3.37891755927278
45.1042049338376,416.389437347959,4.03516173439867
202.071714775512,282.837707669756,3.67592192395631
546.724559876723,266.1071562846,3.90820296567469
169.689268014187,22.4581550870856,4.28626344191135
497.161046197559,351.618936388588,4.28285377683399
48.3426911961772,50.8046982536842,4.0179863251993
515.002877294876,145.6599120925,4.84220180159335
NA,NA,NA
660.72355328265,333.152570971058,3.39140729032992
454.863457011539,302.557570217606,3.63618649013375
7.72129516317591,493.078352276842,3.64614667568243
557.702993304063,51.8792118789715,4.21136750803636
70.241181551417,374.866075952038,3.91351457231486
230.215781456801,409.774720975351,3.89464747998802
430.869769341698,14.7594565126355,3.23678681508576
362.72532913816,292.375145194563,3.01339564300702
601.514137219292,102.641740383339,4.24720342900653
393.103328548666,226.969534045722,4.19138166795818
564.179889198173,411.066475494216,4.6739948013453
135.292252741179,281.22143019071,4.57694685717967
201.763588312441,371.495279265682,3.92598589602233
122.692556300703,410.690263457673,3.44755925134145
631.847701481794,306.732376289559,4.62111645161263
-2.54870745189727,145.7951497401,4.29725568970559
542.907631501197,203.945667260832,4.04997949941206
33.550519744575,490.648643692761,3.07383238150779
279.621619568044,29.1529803956154,3.85754216506808
535.648087199749,394.170645828576,3.32710869099639
77.9159081668519,73.5342418753642,5.35937422744314
6.82855255916302,70.7985787966671,3.59982597113986
590.61986660227,228.089421249969,4.03200696416109
437.576915114857,459.451575437282,4.7679207991181
657.692972055537,375.767113862871,3.15080866511395
105.565766386902,490.75091168907,4.34697167049421
619.058036283512,90.7534946244815,4.04320778641512
421.447190126617,258.419739752898,3.6249123751896
11.110991718701,182.128749585875,3.23896029127835
75.0414231936642,123.629406592353,4.42541135356899
605.484397823384,200.850530760467,4.4384715211178
245.40760957923,223.384988098258,3.54969171063716
570.459315004153,438.613579955848,3.77625259725462
303.314778566493,140.051531386647,3.70735355835236
535.91289583996,454.446405784794,3.37891755927278
45.1042049338376,416.389437347959,4.03516173439867
202.071714775512,282.837707669756,3.67592192395631
546.724559876723,266.1071562846,3.90820296567469
169.689268014187,22.4581550870856,4.28626344191135
497.161046197559,351.618936388588,4.28285377683399
48.3426911961772,50.8046982536842,4.0179863251993
515.002877294876,145.6599120925,4.84220180159335
NA,NA,NA
660.72355328265,333.152570971058,3.39140729032992
454.863457011539,302.557570217606,3.63618649013375
7.72129516317591,493.078352276842,3.64614667568243
557.702993304063,51.8792118789715,4.21136750803636
70.241181551417,374.866075952038,3.91351457231486
230.215781456801,409.774720975351,3.89464747998802
430.869769341698,14.7594565126355,3.23678681508576
362.72532913816,292.375145194563,3.01339564300702
601.514137219292,102.641740383339,4.24720342900653
393.103328548666,226.969534045722,4.19138166795818
564.179889198173,411.066475494216,4.6739948013453
135.292252741179,281.22143019071,4.57694685717967
201.763588312441,371.495279265682,3.92598589602233
122.692556300703,410.690263457673,3.44755925134145
631.847701481794,306.732376289559,4.62111645161263
-2.54870745189727,145.7951497401,4.29725568970559
542.907631501197,203.945667260832,4.04997949941206
33.550519744575,490.648643692761,3.07383238150779
279.621619568044,29.1529803956154,3.85754216506808
535.648087199749,394.170645828576,3.32710869099639
77.9159081668519,73.5342418753642,5.35937422744314
6.82855255916302,70.7985787966671,3.59982597113986
590.61986660227,228.089421249969,4.03200696416109
437.576915114857,459.451575437282,4.7679207991181
657.692972055537,375.767113862871,3.15080866511395
105.565766386902,490.75091168907,4.34697167049421
619.058036283512,90.7534946244815,4.04320778641512
421.447190126617,258.419739752898,3.6249123751896
11.110991718701,182.128749585875,3.23896029127835
75.0414231936642,123.629406592353,4.42541135356899
605.484397823384,200.850530760467,4.4384715211178
245.40760957923,223.384988098258,3.54969171063716
570.459315004153,438.613579955848,3.77625259725462
303.314778566493,140.051531386647,3.70735355835236
535.91289583996,454.446405784794,3.37891755927278
45.1042049338376,416.389437347959,4.03516173439867
202.071714775512,282.837707669756,3.67592192395631
546.724559876723,266.1071562846,3.90820296567469
169.689268014187,22.4581550870856,4.28626344191135
497.161046197559,351.618936388588,4.28285377683399
48.3426911961772,50.8046982536842,4.0179863251993
515.002877294876,145.6599120925,4.84220180159335
NA,NA,NA
660.72355328265,333.152570971058,3.39140729032992
454.863457011539,302.557570217606,3.63618649013375
7.72129516317591,493.078352276842,3.64614667568243
557.702993304063,51.8792118789715,4.21136750803636
70.241181551417,374.866075952038,3.91351457231486
230.215781456801,409.774720975351,3.89464747998802
430.869769341698,14.7594565126355,3.23678681508576
362.72532913816,292.375145194563,3.01339564300702
601.514137219292,102.641740383339,4.24720342900653
393.103328548666,226.969534045722,4.19138166795818
564.179889198173,411.066475494216,4.6739948013453
135.292252741179,281.22143019071,4.57694685717967
201.763588312441,371.495279265682,3.92598589602233
122.692556300703,410.690263457673,3.44755925134145
631.847701481794,306.732376289559,4.62111645161263
-2.54870745189727,145.7951497401,4.29725568970559
542.907631501197,203.945667260832,4.04997949941206
33.550519744575,490.648643692761,3.07383238150779
279.621619568044,29.1529803956154,3.85754216506808
535.648087199749,394.170645828576,3.32710869099639
77.9159081668519,73.5342418753642,5.35937422744314
6.82855255916302,70.7985787966671,3.59982597113986
590.61986660227,228.089421249969,4.03200696416109
437.576915114857,459.451575437282,4.7679207991181
657.692972055537,375.767113862871,3.15080866511395
105.565766386902,490.75091168907,4.34697167049421
619.058036283512,90.7534946244815,4.04320778641512
421.447190126617,258.419739752898,3.6249123751896
11.110991718701,182.128749585875,3.23896029127835
75.0414231936642,123.629406592353,4.42541135356899
605.484397823384,200.850530760467,4.4384715211178
245.40760957923,223.384988098258,3.54969171063716
570.459315004153,438.613579955848,3.77625259725462
303.314778566493,140.051531386647,3.70735355835236
535.91289583996,454.446405784794,3.37891755927278
45.1042049338376,416.389437347959,4.03516173439867
202.071714775512,282.837707669756,3.67592192395631
546.724559876723,266.1071562846,3.90820296567469
169.689268014187,22.4581550870856,4.28626344191135
497.161046197559,351.618936388588,4.28285377683399
48.3426911961772,50.8046982536842,4.0179863251993
515.002877294876,145.6599120925,4.84220180159335
NA,NA,NA
659.536156846258,333.970846487467,3.48036123632226
458.547893974836,297.357171014585,3.67158616060698
7.9868060380709,494.754035580459,3.59268324191959
565.051896290056,55.9716930602599,4.1046388449698
76.6562489652417,375.06599123604,4.0296080527757
227.877701705928,412.859565131108,3.91624751178005
428.300909377516,14.2310765625047,3.37292752993089
362.032973727836,291.409145829461,2.95910627439642
607.636074706359,106.427035814913,4.0760430051909
392.498013521265,231.303705573953,4.14173601193189
576.418745765427,415.566360272457,4.72079365411299
144.708518556436,277.872496018402,4.6268990167448
195.960433227193,369.873642135196,3.97136111189062
126.66215133896,408.622718144263,3.23769804781191
622.373944832914,318.450900932934,4.4471982943997
9.48231933161427,145.489785210398,4.31494004355198
540.115609876136,203.247656874532,4.1445661851127
30.9715718812481,491.542515200554,3.04196928485299
277.825323752264,23.2646887725051,3.94526497330646
533.580338644248,390.872359877291,3.4562104554586
69.0511511697613,87.8812776782062,5.38998277780069
6.27103433234733,78.4245317066477,3.59333941221685
593.787907860899,226.823976190742,4.14501124075471
439.532953921667,460.101217136302,4.65545708524362
656.37971515156,371.982379209535,3.147629738079
107.208553995126,485.900566562111,4.38539480406472
624.353192935756,90.5051044734075,4.10474527221467
419.035741242513,262.740575730031,3.53091263735211
11.6929321005272,182.891890479498,3.3559021495909
67.6851121697972,98.3411736108847,4.33391967424644
608.01588224125,195.739957697777,4.52022122813031
263.190340770359,221.267688168979,3.79064508496612
567.917512134943,435.472317278475,3.7543590040477
300.540652203766,136.34654983096,3.7484462197771
526.449889928882,462.571132291656,3.32390479064801
42.2207936202756,424.422854446498,3.89308968517624
193.53387615585,280.038082488094,4.35080892872656
550.712134376415,265.000714963103,3.52640226458041
172.565801061107,48.6964482482685,4.29997196622388
492.548268757731,341.702551518819,4.6911937369947
42.6145979061469,48.184398280671,3.76106215350332
530.525826064584,152.637670146782,4.5442597124277
NA,NA,NA
659.536156846258,333.970846487467,3.48036123632226
458.547893974836,297.357171014585,3.67158616060698
7.9868060380709,494.754035580459,3.59268324191959
565.051896290056,55.9716930602599,4.1046388449698
76.6562489652417,375.06599123604,4.0296080527757
227.877701705928,412.859565131108,3.91624751178005
428.300909377516,14.2310765625047,3.37292752993089
362.032973727836,291.409145829461,2.95910627439642
607.636074706359,106.427035814913,4.0760430051909
392.498013521265,231.303705573953,4.14173601193189
576.418745765427,415.566360272457,4.72079365411299
144.708518556436,277.872496018402,4.6268990167448
195.960433227193,369.873642135196,3.97136111189062
126.66215133896,408.622718144263,3.23769804781191
622.373944832914,318.450900932934,4.4471982943997
9.48231933161427,145.489785210398,4.31494004355198
540.115609876136,203.247656874532,4.1445661851127
30.9715718812481,491.542515200554,3.04196928485299
277.825323752264,23.2646887725051,3.94526497330646
533.580338644248,390.872359877291,3.4562104554586
69.0511511697613,87.8812776782062,5.38998277780069
6.27103433234733,78.4245317066477,3.59333941221685
593.787907860899,226.823976190742,4.14501124075471
439.532953921667,460.101217136302,4.65545708524362
656.37971515156,371.982379209535,3.147629738079
107.208553995126,485.900566562111,4.38539480406472
624.353192935756,90.5051044734075,4.10474527221467
419.035741242513,262.740575730031,3.53091263735211
11.6929321005272,182.891890479498,3.3559021495909
67.6851121697972,98.3411736108847,4.33391967424644
608.01588224125,195.739957697777,4.52022122813031
263.190340770359,221.267688168979,3.79064508496612
567.917512134943,435.472317278475,3.7543590040477
300.540652203766,136.34654983096,3.7484462197771
526.449889928882,462.571132291656,3.32390479064801
42.2207936202756,424.422854446498,3.89308968517624
193.53387615585,280.038082488094,4.35080892872656
550.712134376415,265.000714963103,3.52640226458041
172.565801061107,48.6964482482685,4.29997196622388
492.548268757731,341.702551518819,4.6911937369947
42.6145979061469,48.184398280671,3.76106215350332
530.525826064584,152.637670146782,4.5442597124277
NA,NA,NA
659.536156846258,333.970846487467,3.48036123632226
458.547893974836,297.357171014585,3.67158616060698
7.9868060380709,494.754035580459,3.59268324191959
565.051896290056,55.9716930602599,4.1046388449698
76.6562489652417,375.06599123604,4.0296080527757
227.877701705928,412.859565131108,3.91624751178005
428.300909377516,14.2310765625047,3.37292752993089
362.032973727836,291.409145829461,2.95910627439642
607.636074706359,106.427035814913,4.0760430051909
392.498013521265,231.303705573953,4.14173601193189
576.418745765427,415.566360272457,4.72079365411299
144.708518556436,277.872496018402,4.6268990167448
195.960433227193,369.873642135196,3.97136111189062
126.66215133896,408.622718144263,3.23769804781191
622.373944832914,318.450900932934,4.4471982943997
9.48231933161427,145.489785210398,4.31494004355198
540.115609876136,203.247656874532,4.1445661851127
30.9715718812481,491.542515200554,3.04196928485299
277.825323752264,23.2646887725051,3.94526497330646
533.580338644248,390.872359877291,3.4562104554586
69.0511511697613,87.8812776782062,5.38998277780069
6.27103433234733,78.4245317066477,3.59333941221685
593.787907860899,226.823976190742,4.14501124075471
439.532953921667,460.101217136302,4.65545708524362
656.37971515156,371.982379209535,3.147629738079
107.208553995126,485.900566562111,4.38539480406472
624.353192935756,90.5051044734075,4.10474527221467
419.035741242513,262.740575730031,3.53091263735211
11.6929321005272,182.891890479498,3.3559021495909
67.6851121697972,98.3411736108847,4.33391967424644
608.01588224125,195.739957697777,4.52022122813031
263.190340770359,221.267688168979,3.79064508496612
567.917512134943,435.472317278475,3.7543590040477
300.540652203766,136.34654983096,3.7484462197771
526.449889928882,462.571132291656,3.32390479064801
42.2207936202756,424.422854446498,3.89308968517624
193.53387615585,280.038082488094,4.35080892872656
550.712134376415,265.000714963103,3.52640226458041
172.565801061107,48.6964482482685,4.29997196622388
492.548268757731,341.702551518819,4.6911937369947
42.6145979061469,48.184398280671,3.76106215350332
530.525826064584,152.637670146782,4.5442597124277
NA,NA,NA
659.536156846258,333.970846487467,3.48036123632226
458.547893974836,297.357171014585,3.67158616060698
7.9868060380709,494.754035580459,3.59268324191959
565.051896290056,55.9716930602599,4.1046388449698
76.6562489652417,375.06599123604,4.0296080527757
227.877701705928,412.859565131108,3.91624751178005
428.300909377516,14.2310765625047,3.37292752993089
362.032973727836,291.409145829461,2.95910627439642
607.636074706359,106.427035814913,4.0760430051909
392.498013521265,231.303705573953,4.14173601193189
576.418745765427,415.566360272457,4.72079365411299
144.708518556436,277.872496018402,4.6268990167448
195.960433227193,369.873642135196,3.97136111189062
126.66215133896,408.622718144263,3.23769804781191
622.373944832914,318.450900932934,4.4471982943997
9.48231933161427,145.489785210398,4.31494004355198
540.115609876136,203.247656874532,4.1445661851127
30.9715718812481,491.542515200554,3.04196928485299
277.825323752264,23.2646887725051,3.94526497330646
533.580338644248,390.872359877291,3.4562104554586
69.0511511697613,87.8812776782062,5.38998277780069
6.27103433234733,78.4245317066477,3.59333941221685
593.787907860899,226.823976190742,4.14501124075471
439.532953921667,460.101217136302,4.65545708524362
656.37971515156,371.982379209535,3.147629738079
107.208553995126,485.900566562111,4.38539480406472
624.353192935756,90.5051044734075,4.10474527221467
419.035741242513,262.740575730031,3.53091263735211
11.6929321005272,182.891890479498,3.3559021495909
67.6851121697972,98.3411736108847,4.33391967424644
608.01588224125,195.739957697777,4.52022122813031
263.190340770359,221.267688168979,3.79064508496612
567.917512134943,435.472317278475,3.7543590040477
300.540652203766,136.34654983096,3.7484462197771
526.449889928882,462.571132291656,3.32390479064801
42.2207936202756,424.422854446498,3.89308968517624
193.53387615585,280.038082488094,4.35080892872656
550.712134376415,265.000714963103,3.52640226458041
172.565801061107,48.6964482482685,4.29997196622388
492.548268757731,341.702551518819,4.6911937369947
42.6145979061469,48.184398280671,3.76106215350332
530.525826064584,152.637670146782,4.5442597124277
NA,NA,NA
659.536156846258,333.970846487467,3.48036123632226
458.547893974836,297.357171014585,3.67158616060698
7.9868060380709,494.754035580459,3.59268324191959
565.051896290056,55.9716930602599,4.1046388449698
76.6562489652417,375.06599123604,4.0296080527757
227.877701705928,412.859565131108,3.91624751178005
428.300909377516,14.2310765625047,3.37292752993089
362.032973727836,291.409145829461,2.95910627439642
607.636074706359,106.427035814913,4.0760430051909
392.498013521265,231.303705573953,4.14173601193189
576.418745765427,415.566360272457,4.72079365411299
144.708518556436,277.872496018402,4.6268990167448
195.960433227193,369.873642135196,3.97136111189062
126.66215133896,408.622718144263,3.23769804781191
622.373944832914,318.450900932934,4.4471982943997
9.48231933161427,145.489785210398,4.31494004355198
540.115609876136,203.247656874532,4.1445661851127
30.9715718812481,491.542515200554,3.04196928485299
277.825323752264,23.2646887725051,3.94526497330646
533.580338644248,390.872359877291,3.4562104554586
69.0511511697613,87.8812776782062,5.38998277780069
6.27103433234733,78.4245317066477,3.59333941221685
593.787907860899,226.823976190742,4.14501124075471
439.532953921667,460.101217136302,4.65545708524362
656.37971515156,371.982379209535,3.147629738079
107.208553995126,485.900566562111,4.38539480406472
624.353192935756,90.5051044734075,4.10474527221467
419.035741242513,262.740575730031,3.53091263735211
11.6929321005272,182.891890479498,3.3559021495909
67.6851121697972,98.3411736108847,4.33391967424644
608.01588224125,195.739957697777,4.52022122813031
263.190340770359,221.267688168979,3.79064508496612
567.917512134943,435.472317278475,3.7543590040477
300.540652203766,136.34654983096,3.7484462197771
526.449889928882,462.571132291656,3.32390479064801
42.2207936202756,424.422854446498,3.89308968517624
193.53387615585,280.038082488094,4.35080892872656
550.712134376415,265.000714963103,3.52640226458041
172.565801061107,48.6964482482685,4.29997196622388
492.548268757731,341.702551518819,4.6911937369947
42.6145979061469,48.184398280671,3.76106215350332
530.525826064584,152.637670146782,4.5442597124277
NA,NA,NA
659.536156846258,333.970846487467,3.48036123632226
458.547893974836,297.357171014585,3.67158616060698
7.9868060380709,494.754035580459,3.59268324191959
565.051896290056,55.9716930602599,4.1046388449698
76.6562489652417,375.06599123604,4.0296080527757
227.877701705928,412.859565131108,3.91624751178005
428.300909377516,14.2310765625047,3.37292752993089
362.032973727836,291.409145829461,2.95910627439642
607.636074706359,106.427035814913,4.0760430051909
392.498013521265,231.303705573953,4.14173601193189
576.418745765427,415.566360272457,4.72079365411299
144.708518556436,277.872496018402,4.6268990167448
195.960433227193,369.873642135196,3.97136111189062
126.66215133896,408.622718144263,3.23769804781191
622.373944832914,318.450900932934,4.4471982943997
9.48231933161427,145.489785210398,4.31494004355198
540.115609876136,203.247656874532,4.1445661851127
30.9715718812481,491.542515200554,3.04196928485299
277.825323752264,23.2646887725051,3.94526497330646
533.580338644248,390.872359877291,3.4562104554586
69.0511511697613,87.8812776782062,5.38998277780069
6.27103433234733,78.4245317066477,3.59333941221685
593.787907860899,226.823976190742,4.14501124075471
439.532953921667,460.101217136302,4.65545708524362
656.37971515156,371.982379209535,3.147629738079
107.208553995126,485.900566562111,4.38539480406472
624.353192935756,90.5051044734075,4.10474527221467
419.035741242513,262.740575730031,3.53091263735211
11.6929321005272,182.891890479498,3.3559021495909
67.6851121697972,98.3411736108847,4.33391967424644
608.01588224125,195.739957697777,4.52022122813031
263.190340770359,221.267688168979,3.79064508496612
567.917512134943,435.472317278475,3.7543590040477
300.540652203766,136.34654983096,3.7484462197771
526.449889928882,462.571132291656,3.32390479064801
42.2207936202756,424.422854446498,3.89308968517624
193.53387615585,280.038082488094,4.35080892872656
550.712134376415,265.000714963103,3.52640226458041
172.565801061107,48.6964482482685,4.29997196622388
492.548268757731,341.702551518819,4.6911937369947
42.6145979061469,48.184398280671,3.76106215350332
530.525826064584,152.637670146782,4.5442597124277
NA,NA,NA
665.139431878722,336.384037971092,3.53903804545391
459.118706867001,299.802783373212,3.73526845421529
8.58686293598566,492.966143604659,3.67900526021162
558.221975196241,46.1372238797693,4.38280292711977
66.7261077033034,375.05114459493,4.00235736971404
232.004501465701,411.753337886857,3.94535033086642
425.132611028798,12.0570432986073,3.21045710238693
359.164772275341,291.597605109549,2.98106976274637
609.981489033152,108.230092776152,4.29175473011249
395.643324271444,231.27785890881,4.1860873851192
570.162311393784,402.798640024715,4.75905126440808
139.687531765926,277.972326746738,4.52335012737947
200.791580881482,362.623005431765,4.10328742134165
129.018397458851,411.670884125533,3.35320434009169
631.295424835402,314.847225026966,4.51343269324834
1.75397013365935,146.733272698162,4.33042752988559
543.019464062036,202.82315230523,4.24995450141268
35.0283704853821,491.822293122101,3.05204087220287
278.349141423245,21.6832580383368,3.808314473167
534.157214250096,394.805556897819,3.33762175765486
69.6189630638027,77.0046996636646,5.36870887308286
4.68410575263842,75.2778511968444,3.36362268617651
585.662910375369,227.454992724293,4.0103920130009
440.620382214629,456.770166154379,4.74095122229978
658.153221115575,374.740067328863,3.04484373391588
106.02787679875,486.876546841656,4.34580841199106
621.45296606658,88.8315763264804,4.10361570105813
421.445610494399,261.149211256301,3.60523972162065
9.57396873023364,180.587970552213,2.93413148281175
69.0421578597672,126.515591276307,4.48716474935148
607.444034862169,198.488782802461,4.1270251272626
243.541255131243,217.026902344083,3.89949544388758
572.838824303983,425.598788480266,4.15717941898888
297.364913021728,138.30938780079,3.74474040628875
525.196161927473,457.184449873523,3.4547694576675
40.2927455071127,418.310254014283,4.17712040795207
200.637847925646,276.428946197175,3.88349787539567
554.103540163057,264.809380927788,3.83785531806816
173.341151900511,30.4790604879254,4.37407454322465
492.281051681155,338.734277511932,4.47741914711545
44.0579153692024,49.1813042918826,3.49820196315577
515.586053491169,163.418495510176,4.75646911405498
NA,NA,NA
665.139431878722,336.384037971092,3.53903804545391
459.118706867001,299.802783373212,3.73526845421529
8.58686293598566,492.966143604659,3.67900526021162
558.221975196241,46.1372238797693,4.38280292711977
66.7261077033034,375.05114459493,4.00235736971404
232.004501465701,411.753337886857,3.94535033086642
425.132611028798,12.0570432986073,3.21045710238693
359.164772275341,291.597605109549,2.98106976274637
609.981489033152,108.230092776152,4.29175473011249
395.643324271444,231.27785890881,4.1860873851192
570.162311393784,402.798640024715,4.75905126440808
139.687531765926,277.972326746738,4.52335012737947
200.791580881482,362.623005431765,4.10328742134165
129.018397458851,411.670884125533,3.35320434009169
631.295424835402,314.847225026966,4.51343269324834
1.75397013365935,146.733272698162,4.33042752988559
543.019464062036,202.82315230523,4.24995450141268
35.0283704853821,491.822293122101,3.05204087220287
278.349141423245,21.6832580383368,3.808314473167
534.157214250096,394.805556897819,3.33762175765486
69.6189630638027,77.0046996636646,5.36870887308286
4.68410575263842,75.2778511968444,3.36362268617651
585.662910375369,227.454992724293,4.0103920130009
440.620382214629,456.770166154379,4.74095122229978
658.153221115575,374.740067328863,3.04484373391588
106.02787679875,486.876546841656,4.34580841199106
621.45296606658,88.8315763264804,4.10361570105813
421.445610494399,261.149211256301,3.60523972162065
9.57396873023364,180.587970552213,2.93413148281175
69.0421578597672,126.515591276307,4.48716474935148
607.444034862169,198.488782802461,4.1270251272626
243.541255131243,217.026902344083,3.89949544388758
572.838824303983,425.598788480266,4.15717941898888
297.364913021728,138.30938780079,3.74474040628875
525.196161927473,457.184449873523,3.4547694576675
40.2927455071127,418.310254014283,4.17712040795207
200.637847925646,276.428946197175,3.88349787539567
554.103540163057,264.809380927788,3.83785531806816
173.341151900511,30.4790604879254,4.37407454322465
492.281051681155,338.734277511932,4.47741914711545
44.0579153692024,49.1813042918826,3.49820196315577
515.586053491169,163.418495510176,4.75646911405498
NA,NA,NA
665.139431878722,336.384037971092,3.53903804545391
459.118706867001,299.802783373212,3.73526845421529
8.58686293598566,492.966143604659,3.67900526021162
558.221975196241,46.1372238797693,4.38280292711977
66.7261077033034,375.05114459493,4.00235736971404
232.004501465701,411.753337886857,3.94535033086642
425.132611028798,12.0570432986073,3.21045710238693
359.164772275341,291.597605109549,2.98106976274637
609.981489033152,108.230092776152,4.29175473011249
395.643324271444,231.27785890881,4.1860873851192
570.162311393784,402.798640024715,4.75905126440808
139.687531765926,277.972326746738,4.52335012737947
200.791580881482,362.623005431765,4.10328742134165
129.018397458851,411.670884125533,3.35320434009169
631.295424835402,314.847225026966,4.51343269324834
1.75397013365935,146.733272698162,4.33042752988559
543.019464062036,202.82315230523,4.24995450141268
35.0283704853821,491.822293122101,3.05204087220287
278.349141423245,21.6832580383368,3.808314473167
534.157214250096,394.805556897819,3.33762175765486
69.6189630638027,77.0046996636646,5.36870887308286
4.68410575263842,75.2778511968444,3.36362268617651
585.662910375369,227.454992724293,4.0103920130009
440.620382214629,456.770166154379,4.74095122229978
658.153221115575,374.740067328863,3.04484373391588
106.02787679875,486.876546841656,4.34580841199106
621.45296606658,88.8315763264804,4.10361570105813
421.445610494399,261.149211256301,3.60523972162065
9.57396873023364,180.587970552213,2.93413148281175
69.0421578597672,126.515591276307,4.48716474935148
607.444034862169,198.488782802461,4.1270251272626
243.541255131243,217.026902344083,3.89949544388758
572.838824303983,425.598788480266,4.15717941898888
297.364913021728,138.30938780079,3.74474040628875
525.196161927473,457.184449873523,3.4547694576675
40.2927455071127,418.310254014283,4.17712040795207
200.637847925646,276.428946197175,3.88349787539567
554.103540163057,264.809380927788,3.83785531806816
173.341151900511,30.4790604879254,4.37407454322465
492.281051681155,338.734277511932,4.47741914711545
44.0579153692024,49.1813042918826,3.49820196315577
515.586053491169,163.418495510176,4.75646911405498
NA,NA,NA
665.139431878722,336.384037971092,3.53903804545391
459.118706867001,299.802783373212,3.73526845421529
8.58686293598566,492.966143604659,3.67900526021162
558.221975196241,46.1372238797693,4.38280292711977
66.7261077033034,375.05114459493,4.00235736971404
232.004501465701,411.753337886857,3.94535033086642
425.132611028798,12.0570432986073,3.21045710238693
359.164772275341,291.597605109549,2.98106976274637
609.981489033152,108.230092776152,4.29175473011249
395.643324271444,231.27785890881,4.1860873851192
570.162311393784,402.798640024715,4.75905126440808
139.687531765926,277.972326746738,4.52335012737947
200.791580881482,362.623005431765,4.10328742134165
129.018397458851,411.670884125533,3.35320434009169
631.295424835402,314.847225026966,4.51343269324834
1.75397013365935,146.733272698162,4.33042752988559
543.019464062036,202.82315230523,4.24995450141268
35.0283704853821,491.822293122101,3.05204087220287
278.349141423245,21.6832580383368,3.808314473167
534.157214250096,394.805556897819,3.33762175765486
69.6189630638027,77.0046996636646,5.36870887308286
4.68410575263842,75.2778511968444,3.36362268617651
585.662910375369,227.454992724293,4.0103920130009
440.620382214629,456.770166154379,4.74095122229978
658.153221115575,374.740067328863,3.04484373391588
106.02787679875,486.876546841656,4.34580841199106
621.45296606658,88.8315763264804,4.10361570105813
421.445610494399,261.149211256301,3.60523972162065
9.57396873023364,180.587970552213,2.93413148281175
69.0421578597672,126.515591276307,4.48716474935148
607.444034862169,198.488782802461,4.1270251272626
243.541255131243,217.026902344083,3.89949544388758
572.838824303983,425.598788480266,4.15717941898888
297.364913021728,138.30938780079,3.74474040628875
525.196161927473,457.184449873523,3.4547694576675
40.2927455071127,418.310254014283,4.17712040795207
200.637847925646,276.428946197175,3.88349787539567
554.103540163057,264.809380927788,3.83785531806816
173.341151900511,30.4790604879254,4.37407454322465
492.281051681155,338.734277511932,4.47741914711545
44.0579153692024,49.1813042918826,3.49820196315577
515.586053491169,163.418495510176,4.75646911405498
NA,NA,NA
665.139431878722,336.384037971092,3.53903804545391
459.118706867001,299.802783373212,3.73526845421529
8.58686293598566,492.966143604659,3.67900526021162
558.221975196241,46.1372238797693,4.38280292711977
66.7261077033034,375.05114459493,4.00235736971404
232.004501465701,411.753337886857,3.94535033086642
425.132611028798,12.0570432986073,3.21045710238693
359.164772275341,291.597605109549,2.98106976274637
609.981489033152,108.230092776152,4.29175473011249
395.643324271444,231.27785890881,4.1860873851192
570.162311393784,402.798640024715,4.75905126440808
139.687531765926,277.972326746738,4.52335012737947
200.791580881482,362.623005431765,4.10328742134165
129.018397458851,411.670884125533,3.35320434009169
631.295424835402,314.847225026966,4.51343269324834
1.75397013365935,146.733272698162,4.33042752988559
543.019464062036,202.82315230523,4.24995450141268
35.0283704853821,491.822293122101,3.05204087220287
278.349141423245,21.6832580383368,3.808314473167
534.157214250096,394.805556897819,3.33762175765486
69.6189630638027,77.0046996636646,5.36870887308286
4.68410575263842,75.2778511968444,3.36362268617651
585.662910375369,227.454992724293,4.0103920130009
440.620382214629,456.770166154379,4.74095122229978
658.153221115575,374.740067328863,3.04484373391588
106.02787679875,486.876546841656,4.34580841199106
621.45296606658,88.8315763264804,4.10361570105813
421.445610494399,261.149211256301,3.60523972162065
9.57396873023364,180.587970552213,2.93413148281175
69.0421578597672,126.515591276307,4.48716474935148
607.444034862169,198.488782802461,4.1270251272626
243.541255131243,217.026902344083,3.89949544388758
572.838824303983,425.598788480266,4.15717941898888
297.364913021728,138.30938780079,3.74474040628875
525.196161927473,457.184449873523,3.4547694576675
40.2927455071127,418.310254014283,4.17712040795207
200.637847925646,276.428946197175,3.88349787539567
554.103540163057,264.809380927788,3.83785531806816
173.341151900511,30.4790604879254,4.37407454322465
492.281051681155,338.734277511932,4.47741914711545
44.0579153692024,49.1813042918826,3.49820196315577
515.586053491169,163.418495510176,4.75646911405498
NA,NA,NA
665.139431878722,336.384037971092,3.53903804545391
459.118706867001,299.802783373212,3.73526845421529
8.58686293598566,492.966143604659,3.67900526021162
558.221975196241,46.1372238797693,4.38280292711977
66.7261077033034,375.05114459493,4.00235736971404
232.004501465701,411.753337886857,3.94535033086642
425.132611028798,12.0570432986073,3.21045710238693
359.164772275341,291.597605109549,2.98106976274637
609.981489033152,108.230092776152,4.29175473011249
395.643324271444,231.27785890881,4.1860873851192
570.162311393784,402.798640024715,4.75905126440808
139.687531765926,277.972326746738,4.52335012737947
200.791580881482,362.623005431765,4.10328742134165
129.018397458851,411.670884125533,3.35320434009169
631.295424835402,314.847225026966,4.51343269324834
1.75397013365935,146.733272698162,4.33042752988559
543.019464062036,202.82315230523,4.24995450141268
35.0283704853821,491.822293122101,3.05204087220287
278.349141423245,21.6832580383368,3.808314473167
534.157214250096,394.805556897819,3.33762175765486
69.6189630638027,77.0046996636646,5.36870887308286
4.68410575263842,75.2778511968444,3.36362268617651
585.662910375369,227.454992724293,4.0103920130009
440.620382214629,456.770166154379,4.74095122229978
658.153221115575,374.740067328863,3.04484373391588
106.02787679875,486.876546841656,4.34580841199106
621.45296606658,88.8315763264804,4.10361570105813
421.445610494399,261.149211256301,3.60523972162065
9.57396873023364,180.587970552213,2.93413148281175
69.0421578597672,126.515591276307,4.48716474935148
607.444034862169,198.488782802461,4.1270251272626
243.541255131243,217.026902344083,3.89949544388758
572.838824303983,425.598788480266,4.15717941898888
297.364913021728,138.30938780079,3.74474040628875
525.196161927473,457.184449873523,3.4547694576675
40.2927455071127,418.310254014283,4.17712040795207
200.637847925646,276.428946197175,3.88349787539567
554.103540163057,264.809380927788,3.83785531806816
173.341151900511,30.4790604879254,4.37407454322465
492.281051681155,338.734277511932,4.47741914711545
44.0579153692024,49.1813042918826,3.49820196315577
515.586053491169,163.418495510176,4.75646911405498
NA,NA,NA
661.478412351109,329.914210852659,3.51343340118544
456.47135637268,296.171109012769,3.65046856675813
7.84516194973136,494.447796578732,3.57048922497761
556.858432315933,53.687548015162,4.22030520386435
73.6414893132177,374.45951471203,4.01897395130069
228.931327270305,413.610300834747,3.92646101563978
429.434709837786,15.1894835065717,3.33474374175997
361.959958926792,291.279278903145,2.99008449772893
608.447900092234,105.862295188777,4.19325967779467
393.90348846892,230.189204176775,4.16642256201853
573.049092639133,412.814968656694,4.74447158011705
138.644727647909,280.092168763456,4.5007453709592
193.484753537055,373.304826239508,4.0930949837671
123.31065753525,410.82851060361,3.32478827058041
623.982683563277,302.786465348666,4.59106808901991
1.70162073748857,154.483224729485,4.27495303640616
545.252439669235,203.167494046312,4.13716298175351
31.4858358619689,493.281968734267,2.96316814717796
284.12660667639,23.4924796268976,3.76533507295777
531.273450038023,389.367112443376,3.45194834462074
79.4614189629732,72.9238051868259,5.21813235505946
5.95715988961978,77.1241588386532,3.54426854810371
587.578817209399,222.943926092904,3.86798840962028
441.617456395664,460.192285712451,4.81124160193229
658.477448918143,375.059601215138,3.12677698501037
101.517926914431,489.518995888224,4.35926765309551
625.289202138648,89.3393850810596,4.11105664112012
421.500321384668,259.132882304071,3.59606837969499
12.8683252899195,178.276670380472,3.16004679550004
67.4926446333254,125.107866884544,4.49388831603349
605.268312699539,202.470285898443,4.17305464165506
261.984240585727,220.494545981309,3.88375800966881
573.572124030114,425.291111700743,3.7853338579761
302.378001230752,135.33311274942,3.96180216429742
523.518190403564,454.547966256097,3.61199106497141
52.4586966982424,421.711029207499,3.85087485106262
195.52877310761,287.471391523164,4.21635229820278
549.539904788351,261.077444760948,3.82177453867753
173.92949207319,19.3709228550913,4.30893535624718
516.060468004528,352.3669738228,4.60876626587535
34.5994161383938,58.2234611159691,3.26224972558363
545.594374345739,132.605816013449,4.54553758143638
NA,NA,NA
661.478412351109,329.914210852659,3.51343340118544
456.47135637268,296.171109012769,3.65046856675813
7.84516194973136,494.447796578732,3.57048922497761
556.858432315933,53.687548015162,4.22030520386435
73.6414893132177,374.45951471203,4.01897395130069
228.931327270305,413.610300834747,3.92646101563978
429.434709837786,15.1894835065717,3.33474374175997
361.959958926792,291.279278903145,2.99008449772893
608.447900092234,105.862295188777,4.19325967779467
393.90348846892,230.189204176775,4.16642256201853
573.049092639133,412.814968656694,4.74447158011705
138.644727647909,280.092168763456,4.5007453709592
193.484753537055,373.304826239508,4.0930949837671
123.31065753525,410.82851060361,3.32478827058041
623.982683563277,302.786465348666,4.59106808901991
1.70162073748857,154.483224729485,4.27495303640616
545.252439669235,203.167494046312,4.13716298175351
31.4858358619689,493.281968734267,2.96316814717796
284.12660667639,23.4924796268976,3.76533507295777
531.273450038023,389.367112443376,3.45194834462074
79.4614189629732,72.9238051868259,5.21813235505946
5.95715988961978,77.1241588386532,3.54426854810371
587.578817209399,222.943926092904,3.86798840962028
441.617456395664,460.192285712451,4.81124160193229
658.477448918143,375.059601215138,3.12677698501037
101.517926914431,489.518995888224,4.35926765309551
625.289202138648,89.3393850810596,4.11105664112012
421.500321384668,259.132882304071,3.59606837969499
12.8683252899195,178.276670380472,3.16004679550004
67.4926446333254,125.107866884544,4.49388831603349
605.268312699539,202.470285898443,4.17305464165506
261.984240585727,220.494545981309,3.88375800966881
573.572124030114,425.291111700743,3.7853338579761
302.378001230752,135.33311274942,3.96180216429742
523.518190403564,454.547966256097,3.61199106497141
52.4586966982424,421.711029207499,3.85087485106262
195.52877310761,287.471391523164,4.21635229820278
549.539904788351,261.077444760948,3.82177453867753
173.92949207319,19.3709228550913,4.30893535624718
516.060468004528,352.3669738228,4.60876626587535
34.5994161383938,58.2234611159691,3.26224972558363
545.594374345739,132.605816013449,4.54553758143638
NA,NA,NA
661.478412351109,329.914210852659,3.51343340118544
456.47135637268,296.171109012769,3.65046856675813
7.84516194973136,494.447796578732,3.57048922497761
556.858432315933,53.687548015162,4.22030520386435
73.6414893132177,374.45951471203,4.01897395130069
228.931327270305,413.610300834747,3.92646101563978
429.434709837786,15.1894835065717,3.33474374175997
361.959958926792,291.279278903145,2.99008449772893
608.447900092234,105.862295188777,4.19325967779467
393.90348846892,230.189204176775,4.16642256201853
573.049092639133,412.814968656694,4.74447158011705
138.644727647909,280.092168763456,4.5007453709592
193.484753537055,373.304826239508,4.0930949837671
123.31065753525,410.82851060361,3.32478827058041
623.982683563277,302.786465348666,4.59106808901991
1.70162073748857,154.483224729485,4.27495303640616
545.252439669235,203.167494046312,4.13716298175351
31.4858358619689,493.281968734267,2.96316814717796
284.12660667639,23.4924796268976,3.76533507295777
531.273450038023,389.367112443376,3.45194834462074
79.4614189629732,72.9238051868259,5.21813235505946
5.95715988961978,77.1241588386532,3.54426854810371
587.578817209399,222.943926092904,3.86798840962028
441.617456395664,460.192285712451,4.81124160193229
658.477448918143,375.059601215138,3.12677698501037
101.517926914431,489.518995888224,4.35926765309551
625.289202138648,89.3393850810596,4.11105664112012
421.500321384668,259.132882304071,3.59606837969499
12.8683252899195,178.276670380472,3.16004679550004
67.4926446333254,125.107866884544,4.49388831603349
605.268312699539,202.470285898443,4.17305464165506
261.984240585727,220.494545981309,3.88375800966881
573.572124030114,425.291111700743,3.7853338579761
302.378001230752,135.33311274942,3.96180216429742
523.518190403564,454.547966256097,3.61199106497141
52.4586966982424,421.711029207499,3.85087485106262
195.52877310761,287.471391523164,4.21635229820278
549.539904788351,261.077444760948,3.82177453867753
173.92949207319,19.3709228550913,4.30893535624718
516.060468004528,352.3669738228,4.60876626587535
34.5994161383938,58.2234611159691,3.26224972558363
545.594374345739,132.605816013449,4.54553758143638
NA,NA,NA
661.478412351109,329.914210852659,3.51343340118544
456.47135637268,296.171109012769,3.65046856675813
7.84516194973136,494.447796578732,3.57048922497761
556.858432315933,53.687548015162,4.22030520386435
73.6414893132177,374.45951471203,4.01897395130069
228.931327270305,413.610300834747,3.92646101563978
429.434709837786,15.1894835065717,3.33474374175997
361.959958926792,291.279278903145,2.99008449772893
608.447900092234,105.862295188777,4.19325967779467
393.90348846892,230.189204176775,4.16642256201853
573.049092639133,412.814968656694,4.74447158011705
138.644727647909,280.092168763456,4.5007453709592
193.484753537055,373.304826239508,4.0930949837671
123.31065753525,410.82851060361,3.32478827058041
623.982683563277,302.786465348666,4.59106808901991
1.70162073748857,154.483224729485,4.27495303640616
545.252439669235,203.167494046312,4.13716298175351
31.4858358619689,493.281968734267,2.96316814717796
284.12660667639,23.4924796268976,3.76533507295777
531.273450038023,389.367112443376,3.45194834462074
79.4614189629732,72.9238051868259,5.21813235505946
5.95715988961978,77.1241588386532,3.54426854810371
587.578817209399,222.943926092904,3.86798840962028
441.617456395664,460.192285712451,4.81124160193229
658.477448918143,375.059601215138,3.12677698501037
101.517926914431,489.518995888224,4.35926765309551
625.289202138648,89.3393850810596,4.11105664112012
421.500321384668,259.132882304071,3.59606837969499
12.8683252899195,178.276670380472,3.16004679550004
67.4926446333254,125.107866884544,4.49388831603349
605.268312699539,202.470285898443,4.17305464165506
261.984240585727,220.494545981309,3.88375800966881
573.572124030114,425.291111700743,3.7853338579761
302.378001230752,135.33311274942,3.96180216429742
523.518190403564,454.547966256097,3.61199106497141
52.4586966982424,421.711029207499,3.85087485106262
195.52877310761,287.471391523164,4.21635229820278
549.539904788351,261.077444760948,3.82177453867753
173.92949207319,19.3709228550913,4.30893535624718
516.060468004528,352.3669738228,4.60876626587535
34.5994161383938,58.2234611159691,3.26224972558363
545.594374345739,132.605816013449,4.54553758143638
NA,NA,NA
661.478412351109,329.914210852659,3.51343340118544
456.47135637268,296.171109012769,3.65046856675813
7.84516194973136,494.447796578732,3.57048922497761
556.858432315933,53.687548015162,4.22030520386435
73.6414893132177,374.45951471203,4.01897395130069
228.931327270305,413.610300834747,3.92646101563978
429.434709837786,15.1894835065717,3.33474374175997
361.959958926792,291.279278903145,2.99008449772893
608.447900092234,105.862295188777,4.19325967779467
393.90348846892,230.189204176775,4.16642256201853
573.049092639133,412.814968656694,4.74447158011705
138.644727647909,280.092168763456,4.5007453709592
193.484753537055,373.304826239508,4.0930949837671
123.31065753525,410.82851060361,3.32478827058041
623.982683563277,302.786465348666,4.59106808901991
1.70162073748857,154.483224729485,4.27495303640616
545.252439669235,203.167494046312,4.13716298175351
31.4858358619689,493.281968734267,2.96316814717796
284.12660667639,23.4924796268976,3.76533507295777
531.273450038023,389.367112443376,3.45194834462074
79.4614189629732,72.9238051868259,5.21813235505946
5.95715988961978,77.1241588386532,3.54426854810371
587.578817209399,222.943926092904,3.86798840962028
441.617456395664,460.192285712451,4.81124160193229
658.477448918143,375.059601215138,3.12677698501037
101.517926914431,489.518995888224,4.35926765309551
625.289202138648,89.3393850810596,4.11105664112012
421.500321384668,259.132882304071,3.59606837969499
12.8683252899195,178.276670380472,3.16004679550004
67.4926446333254,125.107866884544,4.49388831603349
605.268312699539,202.470285898443,4.17305464165506
261.984240585727,220.494545981309,3.88375800966881
573.572124030114,425.291111700743,3.7853338579761
302.378001230752,135.33311274942,3.96180216429742
523.518190403564,454.547966256097,3.61199106497141
52.4586966982424,421.711029207499,3.85087485106262
195.52877310761,287.471391523164,4.21635229820278
549.539904788351,261.077444760948,3.82177453867753
173.92949207319,19.3709228550913,4.30893535624718
516.060468004528,352.3669738228,4.60876626587535
34.5994161383938,58.2234611159691,3.26224972558363
545.594374345739,132.605816013449,4.54553758143638
NA,NA,NA
661.478412351109,329.914210852659,3.51343340118544
456.47135637268,296.171109012769,3.65046856675813
7.84516194973136,494.447796578732,3.57048922497761
556.858432315933,53.687548015162,4.22030520386435
73.6414893132177,374.45951471203,4.01897395130069
228.931327270305,413.610300834747,3.92646101563978
429.434709837786,15.1894835065717,3.33474374175997
361.959958926792,291.279278903145,2.99008449772893
608.447900092234,105.862295188777,4.19325967779467
393.90348846892,230.189204176775,4.16642256201853
573.049092639133,412.814968656694,4.74447158011705
138.644727647909,280.092168763456,4.5007453709592
193.484753537055,373.304826239508,4.0930949837671
123.31065753525,410.82851060361,3.32478827058041
623.982683563277,302.786465348666,4.59106808901991
1.70162073748857,154.483224729485,4.27495303640616
545.252439669235,203.167494046312,4.13716298175351
31.4858358619689,493.281968734267,2.96316814717796
284.12660667639,23.4924796268976,3.76533507295777
531.273450038023,389.367112443376,3.45194834462074
79.4614189629732,72.9238051868259,5.21813235505946
5.95715988961978,77.1241588386532,3.54426854810371
587.578817209399,222.943926092904,3.86798840962028
441.617456395664,460.192285712451,4.81124160193229
658.477448918143,375.059601215138,3.12677698501037
101.517926914431,489.518995888224,4.35926765309551
625.289202138648,89.3393850810596,4.11105664112012
421.500321384668,259.132882304071,3.59606837969499
12.8683252899195,178.276670380472,3.16004679550004
67.4926446333254,125.107866884544,4.49388831603349
605.268312699539,202.470285898443,4.17305464165506
261.984240585727,220.494545981309,3.88375800966881
573.572124030114,425.291111700743,3.7853338579761
302.378001230752,135.33311274942,3.96180216429742
523.518190403564,454.547966256097,3.61199106497141
52.4586966982424,421.711029207499,3.85087485106262
195.52877310761,287.471391523164,4.21635229820278
549.539904788351,261.077444760948,3.82177453867753
173.92949207319,19.3709228550913,4.30893535624718
516.060468004528,352.3669738228,4.60876626587535
34.5994161383938,58.2234611159691,3.26224972558363
545.594374345739,132.605816013449,4.54553758143638
NA,NA,NA
658.560224353126,338.123208295279,3.46066409941986
460.412920818617,298.743461017787,3.71469073962378
5.26100778703393,492.969039483094,3.57235094654721
558.588071499608,53.224009492823,4.09389181690491
75.0694765087244,374.343594116611,4.03266730657665
228.46892065484,418.518061227185,3.86763752590694
428.402047281945,11.1829522979964,3.23673823815254
362.698363655428,291.880110829801,3.13444827187678
604.977129003295,109.422703438414,4.2570356372954
396.665867744696,233.481922253048,3.98042798282426
577.520774200349,408.382699983234,4.73261913447739
138.921412917551,288.986190181836,4.33709963170669
198.485830623535,371.445278776853,4.0888307727805
124.051148098186,411.613316684339,3.55427573062718
631.180094312203,314.315821927244,4.46756124835878
1.18002975034479,145.612107271268,4.41094010623192
536.822923543604,204.073566867428,4.17152972619744
35.1673091014263,492.713341380307,3.09349235219365
281.643496317766,20.0890118892759,3.77932577342137
536.323791157938,392.252530309058,3.39485249666787
70.6164954386052,72.0866295460752,5.24387591076999
7.39796837960539,76.2346623375883,3.59716729559519
587.767193327534,226.421034502478,3.98723682722324
446.497949699797,460.028933665018,4.76314447084338
657.693577104235,374.607083919191,3.32851456959248
107.024498274831,488.897970459845,4.34493748114634
626.438239490924,87.9087942543124,4.13738679595215
422.875351521948,259.456066743207,3.63374748147167
10.6478281686713,180.947967964588,3.348211318598
69.0791164042537,111.870976407685,4.55543400219567
611.102173951082,196.926337401643,4.47786351318789
251.881937236658,228.350361257546,3.65674455570794
575.320518067931,435.087567597589,3.76431657549502
299.801649715475,138.843449602601,3.85346944549417
534.986000771785,454.465045674664,3.9758850506237
53.7631305459958,408.495080819819,4.48466931035633
195.299667835903,281.23512464824,3.79701364579123
551.063798612415,251.6978646886,3.55170957702469
170.381861355066,16.1737943796059,4.03885360614064
506.672979450901,348.264249819888,4.46286391896241
41.3853222344268,43.3092382916119,3.7897001016669
541.128528272307,138.458385473658,4.69139379271717
NA,NA,NA
658.560224353126,338.123208295279,3.46066409941986
460.412920818617,298.743461017787,3.71469073962378
5.26100778703393,492.969039483094,3.57235094654721
558.588071499608,53.224009492823,4.09389181690491
75.0694765087244,374.343594116611,4.03266730657665
228.46892065484,418.518061227185,3.86763752590694
428.402047281945,11.1829522979964,3.23673823815254
362.698363655428,291.880110829801,3.13444827187678
604.977129003295,109.422703438414,4.2570356372954
396.665867744696,233.481922253048,3.98042798282426
577.520774200349,408.382699983234,4.73261913447739
138.921412917551,288.986190181836,4.33709963170669
198.485830623535,371.445278776853,4.0888307727805
124.051148098186,411.613316684339,3.55427573062718
631.180094312203,314.315821927244,4.46756124835878
1.18002975034479,145.612107271268,4.41094010623192
536.822923543604,204.073566867428,4.17152972619744
35.1673091014263,492.713341380307,3.09349235219365
281.643496317766,20.0890118892759,3.77932577342137
536.323791157938,392.252530309058,3.39485249666787
70.6164954386052,72.0866295460752,5.24387591076999
7.39796837960539,76.2346623375883,3.59716729559519
587.767193327534,226.421034502478,3.98723682722324
446.497949699797,460.028933665018,4.76314447084338
657.693577104235,374.607083919191,3.32851456959248
107.024498274831,488.897970459845,4.34493748114634
626.438239490924,87.9087942543124,4.13738679595215
422.875351521948,259.456066743207,3.63374748147167
10.6478281686713,180.947967964588,3.348211318598
69.0791164042537,111.870976407685,4.55543400219567
611.102173951082,196.926337401643,4.47786351318789
251.881937236658,228.350361257546,3.65674455570794
575.320518067931,435.087567597589,3.76431657549502
299.801649715475,138.843449602601,3.85346944549417
534.986000771785,454.465045674664,3.9758850506237
53.7631305459958,408.495080819819,4.48466931035633
195.299667835903,281.23512464824,3.79701364579123
551.063798612415,251.6978646886,3.55170957702469
170.381861355066,16.1737943796059,4.03885360614064
506.672979450901,348.264249819888,4.46286391896241
41.3853222344268,43.3092382916119,3.7897001016669
541.128528272307,138.458385473658,4.69139379271717
NA,NA,NA
658.560224353126,338.123208295279,3.46066409941986
460.412920818617,298.743461017787,3.71469073962378
5.26100778703393,492.969039483094,3.57235094654721
558.588071499608,53.224009492823,4.09389181690491
75.0694765087244,374.343594116611,4.03266730657665
228.46892065484,418.518061227185,3.86763752590694
428.402047281945,11.1829522979964,3.23673823815254
362.698363655428,291.880110829801,3.13444827187678
604.977129003295,109.422703438414,4.2570356372954
396.665867744696,233.481922253048,3.98042798282426
577.520774200349,408.382699983234,4.73261913447739
138.921412917551,288.986190181836,4.33709963170669
198.485830623535,371.445278776853,4.0888307727805
124.051148098186,411.613316684339,3.55427573062718
631.180094312203,314.315821927244,4.46756124835878
1.18002975034479,145.612107271268,4.41094010623192
536.822923543604,204.073566867428,4.17152972619744
35.1673091014263,492.713341380307,3.09349235219365
281.643496317766,20.0890118892759,3.77932577342137
536.323791157938,392.252530309058,3.39485249666787
70.6164954386052,72.0866295460752,5.24387591076999
7.39796837960539,76.2346623375883,3.59716729559519
587.767193327534,226.421034502478,3.98723682722324
446.497949699797,460.028933665018,4.76314447084338
657.693577104235,374.607083919191,3.32851456959248
107.024498274831,488.897970459845,4.34493748114634
626.438239490924,87.9087942543124,4.13738679595215
422.875351521948,259.456066743207,3.63374748147167
10.6478281686713,180.947967964588,3.348211318598
69.0791164042537,111.870976407685,4.55543400219567
611.102173951082,196.926337401643,4.47786351318789
251.881937236658,228.350361257546,3.65674455570794
575.320518067931,435.087567597589,3.76431657549502
299.801649715475,138.843449602601,3.85346944549417
534.986000771785,454.465045674664,3.9758850506237
53.7631305459958,408.495080819819,4.48466931035633
195.299667835903,281.23512464824,3.79701364579123
551.063798612415,251.6978646886,3.55170957702469
170.381861355066,16.1737943796059,4.03885360614064
506.672979450901,348.264249819888,4.46286391896241
41.3853222344268,43.3092382916119,3.7897001016669
541.128528272307,138.458385473658,4.69139379271717
NA,NA,NA
658.560224353126,338.123208295279,3.46066409941986
460.412920818617,298.743461017787,3.71469073962378
5.26100778703393,492.969039483094,3.57235094654721
558.588071499608,53.224009492823,4.09389181690491
75.0694765087244,374.343594116611,4.03266730657665
228.46892065484,418.518061227185,3.86763752590694
428.402047281945,11.1829522979964,3.23673823815254
362.698363655428,291.880110829801,3.13444827187678
604.977129003295,109.422703438414,4.2570356372954
396.665867744696,233.481922253048,3.98042798282426
577.520774200349,408.382699983234,4.73261913447739
138.921412917551,288.986190181836,4.33709963170669
198.485830623535,371.445278776853,4.0888307727805
124.051148098186,411.613316684339,3.55427573062718
631.180094312203,314.315821927244,4.46756124835878
1.18002975034479,145.612107271268,4.41094010623192
536.822923543604,204.073566867428,4.17152972619744
35.1673091014263,492.713341380307,3.09349235219365
281.643496317766,20.0890118892759,3.77932577342137
536.323791157938,392.252530309058,3.39485249666787
70.6164954386052,72.0866295460752,5.24387591076999
7.39796837960539,76.2346623375883,3.59716729559519
587.767193327534,226.421034502478,3.98723682722324
446.497949699797,460.028933665018,4.76314447084338
657.693577104235,374.607083919191,3.32851456959248
107.024498274831,488.897970459845,4.34493748114634
626.438239490924,87.9087942543124,4.13738679595215
422.875351521948,259.456066743207,3.63374748147167
10.6478281686713,180.947967964588,3.348211318598
69.0791164042537,111.870976407685,4.55543400219567
611.102173951082,196.926337401643,4.47786351318789
251.881937236658,228.350361257546,3.65674455570794
575.320518067931,435.087567597589,3.76431657549502
299.801649715475,138.843449602601,3.85346944549417
534.986000771785,454.465045674664,3.9758850506237
53.7631305459958,408.495080819819,4.48466931035633
195.299667835903,281.23512464824,3.79701364579123
551.063798612415,251.6978646886,3.55170957702469
170.381861355066,16.1737943796059,4.03885360614064
506.672979450901,348.264249819888,4.46286391896241
41.3853222344268,43.3092382916119,3.7897001016669
541.128528272307,138.458385473658,4.69139379271717
NA,NA,NA
658.560224353126,338.123208295279,3.46066409941986
460.412920818617,298.743461017787,3.71469073962378
5.26100778703393,492.969039483094,3.57235094654721
558.588071499608,53.224009492823,4.09389181690491
75.0694765087244,374.343594116611,4.03266730657665
228.46892065484,418.518061227185,3.86763752590694
428.402047281945,11.1829522979964,3.23673823815254
362.698363655428,291.880110829801,3.13444827187678
604.977129003295,109.422703438414,4.2570356372954
396.665867744696,233.481922253048,3.98042798282426
577.520774200349,408.382699983234,4.73261913447739
138.921412917551,288.986190181836,4.33709963170669
198.485830623535,371.445278776853,4.0888307727805
124.051148098186,411.613316684339,3.55427573062718
631.180094312203,314.315821927244,4.46756124835878
1.18002975034479,145.612107271268,4.41094010623192
536.822923543604,204.073566867428,4.17152972619744
35.1673091014263,492.713341380307,3.09349235219365
281.643496317766,20.0890118892759,3.77932577342137
536.323791157938,392.252530309058,3.39485249666787
70.6164954386052,72.0866295460752,5.24387591076999
7.39796837960539,76.2346623375883,3.59716729559519
587.767193327534,226.421034502478,3.98723682722324
446.497949699797,460.028933665018,4.76314447084338
657.693577104235,374.607083919191,3.32851456959248
107.024498274831,488.897970459845,4.34493748114634
626.438239490924,87.9087942543124,4.13738679595215
422.875351521948,259.456066743207,3.63374748147167
10.6478281686713,180.947967964588,3.348211318598
69.0791164042537,111.870976407685,4.55543400219567
611.102173951082,196.926337401643,4.47786351318789
251.881937236658,228.350361257546,3.65674455570794
575.320518067931,435.087567597589,3.76431657549502
299.801649715475,138.843449602601,3.85346944549417
534.986000771785,454.465045674664,3.9758850506237
53.7631305459958,408.495080819819,4.48466931035633
195.299667835903,281.23512464824,3.79701364579123
551.063798612415,251.6978646886,3.55170957702469
170.381861355066,16.1737943796059,4.03885360614064
506.672979450901,348.264249819888,4.46286391896241
41.3853222344268,43.3092382916119,3.7897001016669
541.128528272307,138.458385473658,4.69139379271717
NA,NA,NA
658.560224353126,338.123208295279,3.46066409941986
460.412920818617,298.743461017787,3.71469073962378
5.26100778703393,492.969039483094,3.57235094654721
558.588071499608,53.224009492823,4.09389181690491
75.0694765087244,374.343594116611,4.03266730657665
228.46892065484,418.518061227185,3.86763752590694
428.402047281945,11.1829522979964,3.23673823815254
362.698363655428,291.880110829801,3.13444827187678
604.977129003295,109.422703438414,4.2570356372954
396.665867744696,233.481922253048,3.98042798282426
577.520774200349,408.382699983234,4.73261913447739
138.921412917551,288.986190181836,4.33709963170669
198.485830623535,371.445278776853,4.0888307727805
124.051148098186,411.613316684339,3.55427573062718
631.180094312203,314.315821927244,4.46756124835878
1.18002975034479,145.612107271268,4.41094010623192
536.822923543604,204.073566867428,4.17152972619744
35.1673091014263,492.713341380307,3.09349235219365
281.643496317766,20.0890118892759,3.77932577342137
536.323791157938,392.252530309058,3.39485249666787
70.6164954386052,72.0866295460752,5.24387591076999
7.39796837960539,76.2346623375883,3.59716729559519
587.767193327534,226.421034502478,3.98723682722324
446.497949699797,460.028933665018,4.76314447084338
657.693577104235,374.607083919191,3.32851456959248
107.024498274831,488.897970459845,4.34493748114634
626.438239490924,87.9087942543124,4.13738679595215
422.875351521948,259.456066743207,3.63374748147167
10.6478281686713,180.947967964588,3.348211318598
69.0791164042537,111.870976407685,4.55543400219567
611.102173951082,196.926337401643,4.47786351318789
251.881937236658,228.350361257546,3.65674455570794
575.320518067931,435.087567597589,3.76431657549502
299.801649715475,138.843449602601,3.85346944549417
534.986000771785,454.465045674664,3.9758850506237
53.7631305459958,408.495080819819,4.48466931035633
195.299667835903,281.23512464824,3.79701364579123
551.063798612415,251.6978646886,3.55170957702469
170.381861355066,16.1737943796059,4.03885360614064
506.672979450901,348.264249819888,4.46286391896241
41.3853222344268,43.3092382916119,3.7897001016669
541.128528272307,138.458385473658,4.69139379271717
NA,NA,NA
658.961522268633,338.149452952717,3.48436945624052
458.942719583988,299.089302573965,3.66134715520041
8.44937588379312,494.781904457109,3.62896009640834
560.469352045135,49.9288199791114,4.08739999311388
70.3472699018247,374.364925587271,4.03841791112062
227.549963787424,412.957906098404,3.95199999439232
428.41938793745,12.324385799443,3.35181650994293
359.82051500712,292.18925160849,2.85190542967993
600.907104549379,105.943195674033,4.29684856966838
396.293769349802,232.240485073389,4.14928518502544
568.223729234329,410.539000176025,4.69987553742681
135.719630457733,284.977770187431,4.47292778150041
198.261064662593,369.183666578336,4.0853743578449
129.087689521118,408.801551487003,3.54190821539396
624.866066319564,309.469076991642,4.48801826482606
2.92622854775052,146.98517397484,4.33319458003419
542.476412228341,201.773321461207,4.21065599114283
36.1302626234477,490.988673042399,2.90224586465142
282.038176700213,23.1828824842506,3.81543004712955
534.304371939155,392.965131215266,3.46326938707355
74.9556384334,80.2686595811365,5.23698817075976
7.89477550964768,76.1919175240173,3.38373163856834
588.932155990079,225.397094858459,4.03256913512268
436.810489499888,460.247161005228,4.7749822257757
657.537820291995,373.380275030137,3.16348605168373
99.4564072624112,488.159169474164,4.46446725215521
623.023034213679,93.3014746928164,4.11597145791178
420.571866900662,258.860926978534,3.62738960449703
11.2806933232982,182.621836924914,2.99587594001311
74.6272464077941,127.041613159748,4.55093906022475
605.381766847158,200.56877601125,4.21021590769399
255.282448750325,231.065676640458,3.75675938337538
585.715494673433,440.912194258649,3.91594466440253
300.6885482927,137.690933954564,4.00825486042924
523.776398459138,444.357732040566,3.79075205167777
51.5002265256314,423.378157815378,4.22313116622663
198.348757474413,276.61486181985,4.10751065413967
550.156419512214,261.443292974066,3.4799707884154
186.577680903229,18.7362345881821,3.93935836903847
501.611056316102,351.567150316641,4.43111887224085
32.5438847389298,51.6078095068065,3.84177556067825
532.64021236236,144.183835861354,4.43187018370273
NA,NA,NA
658.961522268633,338.149452952717,3.48436945624052
458.942719583988,299.089302573965,3.66134715520041
8.44937588379312,494.781904457109,3.62896009640834
560.469352045135,49.9288199791114,4.08739999311388
70.3472699018247,374.364925587271,4.03841791112062
227.549963787424,412.957906098404,3.95199999439232
428.41938793745,12.324385799443,3.35181650994293
359.82051500712,292.18925160849,2.85190542967993
600.907104549379,105.943195674033,4.29684856966838
396.293769349802,232.240485073389,4.14928518502544
568.223729234329,410.539000176025,4.69987553742681
135.719630457733,284.977770187431,4.47292778150041
198.261064662593,369.183666578336,4.0853743578449
129.087689521118,408.801551487003,3.54190821539396
624.866066319564,309.469076991642,4.48801826482606
2.92622854775052,146.98517397484,4.33319458003419
542.476412228341,201.773321461207,4.21065599114283
36.1302626234477,490.988673042399,2.90224586465142
282.038176700213,23.1828824842506,3.81543004712955
534.304371939155,392.965131215266,3.46326938707355
74.9556384334,80.2686595811365,5.23698817075976
7.89477550964768,76.1919175240173,3.38373163856834
588.932155990079,225.397094858459,4.03256913512268
436.810489499888,460.247161005228,4.7749822257757
657.537820291995,373.380275030137,3.16348605168373
99.4564072624112,488.159169474164,4.46446725215521
623.023034213679,93.3014746928164,4.11597145791178
420.571866900662,258.860926978534,3.62738960449703
11.2806933232982,182.621836924914,2.99587594001311
74.6272464077941,127.041613159748,4.55093906022475
605.381766847158,200.56877601125,4.21021590769399
255.282448750325,231.065676640458,3.75675938337538
585.715494673433,440.912194258649,3.91594466440253
300.6885482927,137.690933954564,4.00825486042924
523.776398459138,444.357732040566,3.79075205167777
51.5002265256314,423.378157815378,4.22313116622663
198.348757474413,276.61486181985,4.10751065413967
550.156419512214,261.443292974066,3.4799707884154
186.577680903229,18.7362345881821,3.93935836903847
501.611056316102,351.567150316641,4.43111887224085
32.5438847389298,51.6078095068065,3.84177556067825
532.64021236236,144.183835861354,4.43187018370273
NA,NA,NA
658.961522268633,338.149452952717,3.48436945624052
458.942719583988,299.089302573965,3.66134715520041
8.44937588379312,494.781904457109,3.62896009640834
560.469352045135,49.9288199791114,4.08739999311388
70.3472699018247,374.364925587271,4.03841791112062
227.549963787424,412.957906098404,3.95199999439232
428.41938793745,12.324385799443,3.35181650994293
359.82051500712,292.18925160849,2.85190542967993
600.907104549379,105.943195674033,4.29684856966838
396.293769349802,232.240485073389,4.14928518502544
568.223729234329,410.539000176025,4.69987553742681
135.719630457733,284.977770187431,4.47292778150041
198.261064662593,369.183666578336,4.0853743578449
129.087689521118,408.801551487003,3.54190821539396
624.866066319564,309.469076991642,4.48801826482606
2.92622854775052,146.98517397484,4.33319458003419
542.476412228341,201.773321461207,4.21065599114283
36.1302626234477,490.988673042399,2.90224586465142
282.038176700213,23.1828824842506,3.81543004712955
534.304371939155,392.965131215266,3.46326938707355
74.9556384334,80.2686595811365,5.23698817075976
7.89477550964768,76.1919175240173,3.38373163856834
588.932155990079,225.397094858459,4.03256913512268
436.810489499888,460.247161005228,4.7749822257757
657.537820291995,373.380275030137,3.16348605168373
99.4564072624112,488.159169474164,4.46446725215521
623.023034213679,93.3014746928164,4.11597145791178
420.571866900662,258.860926978534,3.62738960449703
11.2806933232982,182.621836924914,2.99587594001311
74.6272464077941,127.041613159748,4.55093906022475
605.381766847158,200.56877601125,4.21021590769399
255.282448750325,231.065676640458,3.75675938337538
585.715494673433,440.912194258649,3.91594466440253
300.6885482927,137.690933954564,4.00825486042924
523.776398459138,444.357732040566,3.79075205167777
51.5002265256314,423.378157815378,4.22313116622663
198.348757474413,276.61486181985,4.10751065413967
550.156419512214,261.443292974066,3.4799707884154
186.577680903229,18.7362345881821,3.93935836903847
501.611056316102,351.567150316641,4.43111887224085
32.5438847389298,51.6078095068065,3.84177556067825
532.64021236236,144.183835861354,4.43187018370273
NA,NA,NA
658.961522268633,338.149452952717,3.48436945624052
458.942719583988,299.089302573965,3.66134715520041
8.44937588379312,494.781904457109,3.62896009640834
560.469352045135,49.9288199791114,4.08739999311388
70.3472699018247,374.364925587271,4.03841791112062
227.549963787424,412.957906098404,3.95199999439232
428.41938793745,12.324385799443,3.35181650994293
359.82051500712,292.18925160849,2.85190542967993
600.907104549379,105.943195674033,4.29684856966838
396.293769349802,232.240485073389,4.14928518502544
568.223729234329,410.539000176025,4.69987553742681
135.719630457733,284.977770187431,4.47292778150041
198.261064662593,369.183666578336,4.0853743578449
129.087689521118,408.801551487003,3.54190821539396
624.866066319564,309.469076991642,4.48801826482606
2.92622854775052,146.98517397484,4.33319458003419
542.476412228341,201.773321461207,4.21065599114283
36.1302626234477,490.988673042399,2.90224586465142
282.038176700213,23.1828824842506,3.81543004712955
534.304371939155,392.965131215266,3.46326938707355
74.9556384334,80.2686595811365,5.23698817075976
7.89477550964768,76.1919175240173,3.38373163856834
588.932155990079,225.397094858459,4.03256913512268
436.810489499888,460.247161005228,4.7749822257757
657.537820291995,373.380275030137,3.16348605168373
99.4564072624112,488.159169474164,4.46446725215521
623.023034213679,93.3014746928164,4.11597145791178
420.571866900662,258.860926978534,3.62738960449703
11.2806933232982,182.621836924914,2.99587594001311
74.6272464077941,127.041613159748,4.55093906022475
605.381766847158,200.56877601125,4.21021590769399
255.282448750325,231.065676640458,3.75675938337538
585.715494673433,440.912194258649,3.91594466440253
300.6885482927,137.690933954564,4.00825486042924
523.776398459138,444.357732040566,3.79075205167777
51.5002265256314,423.378157815378,4.22313116622663
198.348757474413,276.61486181985,4.10751065413967
550.156419512214,261.443292974066,3.4799707884154
186.577680903229,18.7362345881821,3.93935836903847
501.611056316102,351.567150316641,4.43111887224085
32.5438847389298,51.6078095068065,3.84177556067825
532.64021236236,144.183835861354,4.43187018370273
NA,NA,NA
658.961522268633,338.149452952717,3.48436945624052
458.942719583988,299.089302573965,3.66134715520041
8.44937588379312,494.781904457109,3.62896009640834
560.469352045135,49.9288199791114,4.08739999311388
70.3472699018247,374.364925587271,4.03841791112062
227.549963787424,412.957906098404,3.95199999439232
428.41938793745,12.324385799443,3.35181650994293
359.82051500712,292.18925160849,2.85190542967993
600.907104549379,105.943195674033,4.29684856966838
396.293769349802,232.240485073389,4.14928518502544
568.223729234329,410.539000176025,4.69987553742681
135.719630457733,284.977770187431,4.47292778150041
198.261064662593,369.183666578336,4.0853743578449
129.087689521118,408.801551487003,3.54190821539396
624.866066319564,309.469076991642,4.48801826482606
2.92622854775052,146.98517397484,4.33319458003419
542.476412228341,201.773321461207,4.21065599114283
36.1302626234477,490.988673042399,2.90224586465142
282.038176700213,23.1828824842506,3.81543004712955
534.304371939155,392.965131215266,3.46326938707355
74.9556384334,80.2686595811365,5.23698817075976
7.89477550964768,76.1919175240173,3.38373163856834
588.932155990079,225.397094858459,4.03256913512268
436.810489499888,460.247161005228,4.7749822257757
657.537820291995,373.380275030137,3.16348605168373
99.4564072624112,488.159169474164,4.46446725215521
623.023034213679,93.3014746928164,4.11597145791178
420.571866900662,258.860926978534,3.62738960449703
11.2806933232982,182.621836924914,2.99587594001311
74.6272464077941,127.041613159748,4.55093906022475
605.381766847158,200.56877601125,4.21021590769399
255.282448750325,231.065676640458,3.75675938337538
585.715494673433,440.912194258649,3.91594466440253
300.6885482927,137.690933954564,4.00825486042924
523.776398459138,444.357732040566,3.79075205167777
51.5002265256314,423.378157815378,4.22313116622663
198.348757474413,276.61486181985,4.10751065413967
550.156419512214,261.443292974066,3.4799707884154
186.577680903229,18.7362345881821,3.93935836903847
501.611056316102,351.567150316641,4.43111887224085
32.5438847389298,51.6078095068065,3.84177556067825
532.64021236236,144.183835861354,4.43187018370273
NA,NA,NA
658.961522268633,338.149452952717,3.48436945624052
458.942719583988,299.089302573965,3.66134715520041
8.44937588379312,494.781904457109,3.62896009640834
560.469352045135,49.9288199791114,4.08739999311388
70.3472699018247,374.364925587271,4.03841791112062
227.549963787424,412.957906098404,3.95199999439232
428.41938793745,12.324385799443,3.35181650994293
359.82051500712,292.18925160849,2.85190542967993
600.907104549379,105.943195674033,4.29684856966838
396.293769349802,232.240485073389,4.14928518502544
568.223729234329,410.539000176025,4.69987553742681
135.719630457733,284.977770187431,4.47292778150041
198.261064662593,369.183666578336,4.0853743578449
129.087689521118,408.801551487003,3.54190821539396
624.866066319564,309.469076991642,4.48801826482606
2.92622854775052,146.98517397484,4.33319458003419
542.476412228341,201.773321461207,4.21065599114283
36.1302626234477,490.988673042399,2.90224586465142
282.038176700213,23.1828824842506,3.81543004712955
534.304371939155,392.965131215266,3.46326938707355
74.9556384334,80.2686595811365,5.23698817075976
7.89477550964768,76.1919175240173,3.38373163856834
588.932155990079,225.397094858459,4.03256913512268
436.810489499888,460.247161005228,4.7749822257757
657.537820291995,373.380275030137,3.16348605168373
99.4564072624112,488.159169474164,4.46446725215521
623.023034213679,93.3014746928164,4.11597145791178
420.571866900662,258.860926978534,3.62738960449703
11.2806933232982,182.621836924914,2.99587594001311
74.6272464077941,127.041613159748,4.55093906022475
605.381766847158,200.56877601125,4.21021590769399
255.282448750325,231.065676640458,3.75675938337538
585.715494673433,440.912194258649,3.91594466440253
300.6885482927,137.690933954564,4.00825486042924
523.776398459138,444.357732040566,3.79075205167777
51.5002265256314,423.378157815378,4.22313116622663
198.348757474413,276.61486181985,4.10751065413967
550.156419512214,261.443292974066,3.4799707884154
186.577680903229,18.7362345881821,3.93935836903847
501.611056316102,351.567150316641,4.43111887224085
32.5438847389298,51.6078095068065,3.84177556067825
532.64021236236,144.183835861354,4.43187018370273
NA,NA,NA
664.581134988065,335.676314455607,3.36221891606715
452.519618834929,298.291043224783,3.55033081361081
11.5155978248748,497.692711538553,3.52624491629694
560.41006195731,52.8068877436809,4.1827183059973
73.1872410893364,376.042791750284,3.97827944143232
227.064710704446,416.127959457562,3.87843121360717
428.101583324385,13.9127823614783,3.29670665945911
363.363948822164,292.26695267414,3.09972240550994
604.086557646338,103.726526695835,4.15092898050777
387.391616740626,233.020681830372,4.20629600459148
569.461504703845,407.544033752071,4.70926266560076
139.711679058378,279.062548800553,4.61717593533978
197.930713230799,372.317926920584,3.86911865545738
127.157755724558,412.840654041324,3.40926905280365
621.779685215167,316.59429952925,4.47303980258903
0.107544473192151,148.411989244706,4.26368156207178
538.869111796025,208.820881476738,4.25098578785172
36.35734136388,491.268468422749,2.89257675235582
282.951089256348,25.6311292866655,4.0028337648933
535.223542211823,392.684844455597,3.49362212103488
76.3558562746114,73.7086852211024,5.30819348793406
6.78604109499462,74.07482985775,3.54502583077433
587.670668529224,228.735378712006,4.00615121461095
437.449993252526,460.344993299348,4.77793448124196
660.784116994682,372.649913752793,3.24270202306679
107.400956618791,491.868285687574,4.37744884167723
625.667162383324,93.0205688524029,4.04875536648089
420.618019056448,260.375841824329,3.63887566781964
12.5183756781352,182.295726547406,3.27173381011321
67.5090725736183,107.720897087559,4.44804871277475
603.460053464412,205.18351046451,4.20224824628667
257.600511652602,218.785637531818,4.09214202185923
575.661516244213,444.638023876265,3.86632943790165
302.174605270003,135.275886862456,3.79676332418837
525.629877856249,457.044736856941,3.51927026564319
38.6302955656382,426.608370931392,4.02670282516006
207.160110591632,295.745001545679,4.26490261031717
547.389874393663,261.54954876893,3.68908214769208
167.976588903158,20.0997103716253,4.28431882845771
505.294253160405,347.9126829542,4.58531627763164
39.4252647203167,42.749808340773,3.86129397809052
534.142905967878,150.479030302058,4.50917582811065
NA,NA,NA
664.581134988065,335.676314455607,3.36221891606715
452.519618834929,298.291043224783,3.55033081361081
11.5155978248748,497.692711538553,3.52624491629694
560.41006195731,52.8068877436809,4.1827183059973
73.1872410893364,376.042791750284,3.97827944143232
227.064710704446,416.127959457562,3.87843121360717
428.101583324385,13.9127823614783,3.29670665945911
363.363948822164,292.26695267414,3.09972240550994
604.086557646338,103.726526695835,4.15092898050777
387.391616740626,233.020681830372,4.20629600459148
569.461504703845,407.544033752071,4.70926266560076
139.711679058378,279.062548800553,4.61717593533978
197.930713230799,372.317926920584,3.86911865545738
127.157755724558,412.840654041324,3.40926905280365
621.779685215167,316.59429952925,4.47303980258903
0.107544473192151,148.411989244706,4.26368156207178
538.869111796025,208.820881476738,4.25098578785172
36.35734136388,491.268468422749,2.89257675235582
282.951089256348,25.6311292866655,4.0028337648933
535.223542211823,392.684844455597,3.49362212103488
76.3558562746114,73.7086852211024,5.30819348793406
6.78604109499462,74.07482985775,3.54502583077433
587.670668529224,228.735378712006,4.00615121461095
437.449993252526,460.344993299348,4.77793448124196
660.784116994682,372.649913752793,3.24270202306679
107.400956618791,491.868285687574,4.37744884167723
625.667162383324,93.0205688524029,4.04875536648089
420.618019056448,260.375841824329,3.63887566781964
12.5183756781352,182.295726547406,3.27173381011321
67.5090725736183,107.720897087559,4.44804871277475
603.460053464412,205.18351046451,4.20224824628667
257.600511652602,218.785637531818,4.09214202185923
575.661516244213,444.638023876265,3.86632943790165
302.174605270003,135.275886862456,3.79676332418837
525.629877856249,457.044736856941,3.51927026564319
38.6302955656382,426.608370931392,4.02670282516006
207.160110591632,295.745001545679,4.26490261031717
547.389874393663,261.54954876893,3.68908214769208
167.976588903158,20.0997103716253,4.28431882845771
505.294253160405,347.9126829542,4.58531627763164
39.4252647203167,42.749808340773,3.86129397809052
534.142905967878,150.479030302058,4.50917582811065
NA,NA,NA
664.581134988065,335.676314455607,3.36221891606715
452.519618834929,298.291043224783,3.55033081361081
11.5155978248748,497.692711538553,3.52624491629694
560.41006195731,52.8068877436809,4.1827183059973
73.1872410893364,376.042791750284,3.97827944143232
227.064710704446,416.127959457562,3.87843121360717
428.101583324385,13.9127823614783,3.29670665945911
363.363948822164,292.26695267414,3.09972240550994
604.086557646338,103.726526695835,4.15092898050777
387.391616740626,233.020681830372,4.20629600459148
569.461504703845,407.544033752071,4.70926266560076
139.711679058378,279.062548800553,4.61717593533978
197.930713230799,372.317926920584,3.86911865545738
127.157755724558,412.840654041324,3.40926905280365
621.779685215167,316.59429952925,4.47303980258903
0.107544473192151,148.411989244706,4.26368156207178
538.869111796025,208.820881476738,4.25098578785172
36.35734136388,491.268468422749,2.89257675235582
282.951089256348,25.6311292866655,4.0028337648933
535.223542211823,392.684844455597,3.49362212103488
76.3558562746114,73.7086852211024,5.30819348793406
6.78604109499462,74.07482985775,3.54502583077433
587.670668529224,228.735378712006,4.00615121461095
437.449993252526,460.344993299348,4.77793448124196
660.784116994682,372.649913752793,3.24270202306679
107.400956618791,491.868285687574,4.37744884167723
625.667162383324,93.0205688524029,4.04875536648089
420.618019056448,260.375841824329,3.63887566781964
12.5183756781352,182.295726547406,3.27173381011321
67.5090725736183,107.720897087559,4.44804871277475
603.460053464412,205.18351046451,4.20224824628667
257.600511652602,218.785637531818,4.09214202185923
575.661516244213,444.638023876265,3.86632943790165
302.174605270003,135.275886862456,3.79676332418837
525.629877856249,457.044736856941,3.51927026564319
38.6302955656382,426.608370931392,4.02670282516006
207.160110591632,295.745001545679,4.26490261031717
547.389874393663,261.54954876893,3.68908214769208
167.976588903158,20.0997103716253,4.28431882845771
505.294253160405,347.9126829542,4.58531627763164
39.4252647203167,42.749808340773,3.86129397809052
534.142905967878,150.479030302058,4.50917582811065
NA,NA,NA
664.581134988065,335.676314455607,3.36221891606715
452.519618834929,298.291043224783,3.55033081361081
11.5155978248748,497.692711538553,3.52624491629694
560.41006195731,52.8068877436809,4.1827183059973
73.1872410893364,376.042791750284,3.97827944143232
227.064710704446,416.127959457562,3.87843121360717
428.101583324385,13.9127823614783,3.29670665945911
363.363948822164,292.26695267414,3.09972240550994
604.086557646338,103.726526695835,4.15092898050777
387.391616740626,233.020681830372,4.20629600459148
569.461504703845,407.544033752071,4.70926266560076
139.711679058378,279.062548800553,4.61717593533978
197.930713230799,372.317926920584,3.86911865545738
127.157755724558,412.840654041324,3.40926905280365
621.779685215167,316.59429952925,4.47303980258903
0.107544473192151,148.411989244706,4.26368156207178
538.869111796025,208.820881476738,4.25098578785172
36.35734136388,491.268468422749,2.89257675235582
282.951089256348,25.6311292866655,4.0028337648933
535.223542211823,392.684844455597,3.49362212103488
76.3558562746114,73.7086852211024,5.30819348793406
6.78604109499462,74.07482985775,3.54502583077433
587.670668529224,228.735378712006,4.00615121461095
437.449993252526,460.344993299348,4.77793448124196
660.784116994682,372.649913752793,3.24270202306679
107.400956618791,491.868285687574,4.37744884167723
625.667162383324,93.0205688524029,4.04875536648089
420.618019056448,260.375841824329,3.63887566781964
12.5183756781352,182.295726547406,3.27173381011321
67.5090725736183,107.720897087559,4.44804871277475
603.460053464412,205.18351046451,4.20224824628667
257.600511652602,218.785637531818,4.09214202185923
575.661516244213,444.638023876265,3.86632943790165
302.174605270003,135.275886862456,3.79676332418837
525.629877856249,457.044736856941,3.51927026564319
38.6302955656382,426.608370931392,4.02670282516006
207.160110591632,295.745001545679,4.26490261031717
547.389874393663,261.54954876893,3.68908214769208
167.976588903158,20.0997103716253,4.28431882845771
505.294253160405,347.9126829542,4.58531627763164
39.4252647203167,42.749808340773,3.86129397809052
534.142905967878,150.479030302058,4.50917582811065
NA,NA,NA
664.581134988065,335.676314455607,3.36221891606715
452.519618834929,298.291043224783,3.55033081361081
11.5155978248748,497.692711538553,3.52624491629694
560.41006195731,52.8068877436809,4.1827183059973
73.1872410893364,376.042791750284,3.97827944143232
227.064710704446,416.127959457562,3.87843121360717
428.101583324385,13.9127823614783,3.29670665945911
363.363948822164,292.26695267414,3.09972240550994
604.086557646338,103.726526695835,4.15092898050777
387.391616740626,233.020681830372,4.20629600459148
569.461504703845,407.544033752071,4.70926266560076
139.711679058378,279.062548800553,4.61717593533978
197.930713230799,372.317926920584,3.86911865545738
127.157755724558,412.840654041324,3.40926905280365
621.779685215167,316.59429952925,4.47303980258903
0.107544473192151,148.411989244706,4.26368156207178
538.869111796025,208.820881476738,4.25098578785172
36.35734136388,491.268468422749,2.89257675235582
282.951089256348,25.6311292866655,4.0028337648933
535.223542211823,392.684844455597,3.49362212103488
76.3558562746114,73.7086852211024,5.30819348793406
6.78604109499462,74.07482985775,3.54502583077433
587.670668529224,228.735378712006,4.00615121461095
437.449993252526,460.344993299348,4.77793448124196
660.784116994682,372.649913752793,3.24270202306679
107.400956618791,491.868285687574,4.37744884167723
625.667162383324,93.0205688524029,4.04875536648089
420.618019056448,260.375841824329,3.63887566781964
12.5183756781352,182.295726547406,3.27173381011321
67.5090725736183,107.720897087559,4.44804871277475
603.460053464412,205.18351046451,4.20224824628667
257.600511652602,218.785637531818,4.09214202185923
575.661516244213,444.638023876265,3.86632943790165
302.174605270003,135.275886862456,3.79676332418837
525.629877856249,457.044736856941,3.51927026564319
38.6302955656382,426.608370931392,4.02670282516006
207.160110591632,295.745001545679,4.26490261031717
547.389874393663,261.54954876893,3.68908214769208
167.976588903158,20.0997103716253,4.28431882845771
505.294253160405,347.9126829542,4.58531627763164
39.4252647203167,42.749808340773,3.86129397809052
534.142905967878,150.479030302058,4.50917582811065
NA,NA,NA
664.581134988065,335.676314455607,3.36221891606715
452.519618834929,298.291043224783,3.55033081361081
11.5155978248748,497.692711538553,3.52624491629694
560.41006195731,52.8068877436809,4.1827183059973
73.1872410893364,376.042791750284,3.97827944143232
227.064710704446,416.127959457562,3.87843121360717
428.101583324385,13.9127823614783,3.29670665945911
363.363948822164,292.26695267414,3.09972240550994
604.086557646338,103.726526695835,4.15092898050777
387.391616740626,233.020681830372,4.20629600459148
569.461504703845,407.544033752071,4.70926266560076
139.711679058378,279.062548800553,4.61717593533978
197.930713230799,372.317926920584,3.86911865545738
127.157755724558,412.840654041324,3.40926905280365
621.779685215167,316.59429952925,4.47303980258903
0.107544473192151,148.411989244706,4.26368156207178
538.869111796025,208.820881476738,4.25098578785172
36.35734136388,491.268468422749,2.89257675235582
282.951089256348,25.6311292866655,4.0028337648933
535.223542211823,392.684844455597,3.49362212103488
76.3558562746114,73.7086852211024,5.30819348793406
6.78604109499462,74.07482985775,3.54502583077433
587.670668529224,228.735378712006,4.00615121461095
437.449993252526,460.344993299348,4.77793448124196
660.784116994682,372.649913752793,3.24270202306679
107.400956618791,491.868285687574,4.37744884167723
625.667162383324,93.0205688524029,4.04875536648089
420.618019056448,260.375841824329,3.63887566781964
12.5183756781352,182.295726547406,3.27173381011321
67.5090725736183,107.720897087559,4.44804871277475
603.460053464412,205.18351046451,4.20224824628667
257.600511652602,218.785637531818,4.09214202185923
575.661516244213,444.638023876265,3.86632943790165
302.174605270003,135.275886862456,3.79676332418837
525.629877856249,457.044736856941,3.51927026564319
38.6302955656382,426.608370931392,4.02670282516006
207.160110591632,295.745001545679,4.26490261031717
547.389874393663,261.54954876893,3.68908214769208
167.976588903158,20.0997103716253,4.28431882845771
505.294253160405,347.9126829542,4.58531627763164
39.4252647203167,42.749808340773,3.86129397809052
534.142905967878,150.479030302058,4.50917582811065
NA,NA,NA
661.30286732603,332.594837986247,3.63914602064962
455.163359378405,297.189015598517,3.51314243113932
9.40899473191315,496.588730078842,3.77809698538134
558.02690424112,46.644079543122,4.30815511697836
69.5438568316866,374.148817933007,4.02625127367499
227.291621494985,416.678456762956,3.90754185097637
427.079590815442,10.4008527295972,3.27641217749789
361.120029437564,290.928672076032,3.14763633112171
603.816098440226,103.035016464612,4.27826605350255
390.687065251101,229.426366340253,4.27666709414216
569.112683855585,403.690352894272,4.78216111632461
143.598104689831,279.44833325747,4.59021676122053
195.534939639637,362.374388042827,3.98484023630635
125.228827323145,408.680752824441,3.43188684813542
622.021936064604,312.204143460309,4.46909431179185
-0.584326592755094,154.052515804069,4.23448693762475
542.30471911821,206.053152515246,4.13272736748775
34.1113516742196,492.538039479175,2.94553675598655
277.592947207331,24.0169733759375,4.00378496706086
535.291043621345,394.84417740487,3.25289425890669
63.4375586353152,80.8499424588718,5.21556971381703
1.45050967652211,74.6630534605056,3.62414700032259
588.433089790841,228.562226935558,4.07262686976836
438.642542402586,455.836072080691,4.76880836412021
661.41991136307,375.366823683691,3.30785980690991
104.708171957654,483.902823847146,4.41802438792983
620.246361581808,92.1047109898555,4.07156180984524
420.82367477937,259.502546822973,3.72358432186088
11.8875975355449,180.668155076749,3.32564654217212
51.3568022300237,116.033246937617,4.73171583231883
609.348884146052,211.958557371528,4.59293492463247
251.100881209518,222.900868203891,3.90562690338436
576.086518265843,432.756906677955,3.59238929469213
294.894334982687,137.698100381665,3.83516135761199
529.558825996421,461.171540591382,3.45996328997557
46.4281179463776,426.619976743698,3.93713448342575
196.165831081803,290.969054431778,4.18893289825269
548.422609186908,259.161759052013,3.61431096974439
167.753932851436,13.3140161897546,4.00229361457603
500.615363225431,346.375076591873,4.42482117112772
37.6475245255489,41.2488188077207,4.45479811927624
531.744704565495,163.107023956128,4.8864316489151
NA,NA,NA
661.30286732603,332.594837986247,3.63914602064962
455.163359378405,297.189015598517,3.51314243113932
9.40899473191315,496.588730078842,3.77809698538134
558.02690424112,46.644079543122,4.30815511697836
69.5438568316866,374.148817933007,4.02625127367499
227.291621494985,416.678456762956,3.90754185097637
427.079590815442,10.4008527295972,3.27641217749789
361.120029437564,290.928672076032,3.14763633112171
603.816098440226,103.035016464612,4.27826605350255
390.687065251101,229.426366340253,4.27666709414216
569.112683855585,403.690352894272,4.78216111632461
143.598104689831,279.44833325747,4.59021676122053
195.534939639637,362.374388042827,3.98484023630635
125.228827323145,408.680752824441,3.43188684813542
622.021936064604,312.204143460309,4.46909431179185
-0.584326592755094,154.052515804069,4.23448693762475
542.30471911821,206.053152515246,4.13272736748775
34.1113516742196,492.538039479175,2.94553675598655
277.592947207331,24.0169733759375,4.00378496706086
535.291043621345,394.84417740487,3.25289425890669
63.4375586353152,80.8499424588718,5.21556971381703
1.45050967652211,74.6630534605056,3.62414700032259
588.433089790841,228.562226935558,4.07262686976836
438.642542402586,455.836072080691,4.76880836412021
661.41991136307,375.366823683691,3.30785980690991
104.708171957654,483.902823847146,4.41802438792983
620.246361581808,92.1047109898555,4.07156180984524
420.82367477937,259.502546822973,3.72358432186088
11.8875975355449,180.668155076749,3.32564654217212
51.3568022300237,116.033246937617,4.73171583231883
609.348884146052,211.958557371528,4.59293492463247
251.100881209518,222.900868203891,3.90562690338436
576.086518265843,432.756906677955,3.59238929469213
294.894334982687,137.698100381665,3.83516135761199
529.558825996421,461.171540591382,3.45996328997557
46.4281179463776,426.619976743698,3.93713448342575
196.165831081803,290.969054431778,4.18893289825269
548.422609186908,259.161759052013,3.61431096974439
167.753932851436,13.3140161897546,4.00229361457603
500.615363225431,346.375076591873,4.42482117112772
37.6475245255489,41.2488188077207,4.45479811927624
531.744704565495,163.107023956128,4.8864316489151
NA,NA,NA
661.30286732603,332.594837986247,3.63914602064962
455.163359378405,297.189015598517,3.51314243113932
9.40899473191315,496.588730078842,3.77809698538134
558.02690424112,46.644079543122,4.30815511697836
69.5438568316866,374.148817933007,4.02625127367499
227.291621494985,416.678456762956,3.90754185097637
427.079590815442,10.4008527295972,3.27641217749789
361.120029437564,290.928672076032,3.14763633112171
603.816098440226,103.035016464612,4.27826605350255
390.687065251101,229.426366340253,4.27666709414216
569.112683855585,403.690352894272,4.78216111632461
143.598104689831,279.44833325747,4.59021676122053
195.534939639637,362.374388042827,3.98484023630635
125.228827323145,408.680752824441,3.43188684813542
622.021936064604,312.204143460309,4.46909431179185
-0.584326592755094,154.052515804069,4.23448693762475
542.30471911821,206.053152515246,4.13272736748775
34.1113516742196,492.538039479175,2.94553675598655
277.592947207331,24.0169733759375,4.00378496706086
535.291043621345,394.84417740487,3.25289425890669
63.4375586353152,80.8499424588718,5.21556971381703
1.45050967652211,74.6630534605056,3.62414700032259
588.433089790841,228.562226935558,4.07262686976836
438.642542402586,455.836072080691,4.76880836412021
661.41991136307,375.366823683691,3.30785980690991
104.708171957654,483.902823847146,4.41802438792983
620.246361581808,92.1047109898555,4.07156180984524
420.82367477937,259.502546822973,3.72358432186088
11.8875975355449,180.668155076749,3.32564654217212
51.3568022300237,116.033246937617,4.73171583231883
609.348884146052,211.958557371528,4.59293492463247
251.100881209518,222.900868203891,3.90562690338436
576.086518265843,432.756906677955,3.59238929469213
294.894334982687,137.698100381665,3.83516135761199
529.558825996421,461.171540591382,3.45996328997557
46.4281179463776,426.619976743698,3.93713448342575
196.165831081803,290.969054431778,4.18893289825269
548.422609186908,259.161759052013,3.61431096974439
167.753932851436,13.3140161897546,4.00229361457603
500.615363225431,346.375076591873,4.42482117112772
37.6475245255489,41.2488188077207,4.45479811927624
531.744704565495,163.107023956128,4.8864316489151
NA,NA,NA
661.30286732603,332.594837986247,3.63914602064962
455.163359378405,297.189015598517,3.51314243113932
9.40899473191315,496.588730078842,3.77809698538134
558.02690424112,46.644079543122,4.30815511697836
69.5438568316866,374.148817933007,4.02625127367499
227.291621494985,416.678456762956,3.90754185097637
427.079590815442,10.4008527295972,3.27641217749789
361.120029437564,290.928672076032,3.14763633112171
603.816098440226,103.035016464612,4.27826605350255
390.687065251101,229.426366340253,4.27666709414216
569.112683855585,403.690352894272,4.78216111632461
143.598104689831,279.44833325747,4.59021676122053
195.534939639637,362.374388042827,3.98484023630635
125.228827323145,408.680752824441,3.43188684813542
622.021936064604,312.204143460309,4.46909431179185
-0.584326592755094,154.052515804069,4.23448693762475
542.30471911821,206.053152515246,4.13272736748775
34.1113516742196,492.538039479175,2.94553675598655
277.592947207331,24.0169733759375,4.00378496706086
535.291043621345,394.84417740487,3.25289425890669
63.4375586353152,80.8499424588718,5.21556971381703
1.45050967652211,74.6630534605056,3.62414700032259
588.433089790841,228.562226935558,4.07262686976836
438.642542402586,455.836072080691,4.76880836412021
661.41991136307,375.366823683691,3.30785980690991
104.708171957654,483.902823847146,4.41802438792983
620.246361581808,92.1047109898555,4.07156180984524
420.82367477937,259.502546822973,3.72358432186088
11.8875975355449,180.668155076749,3.32564654217212
51.3568022300237,116.033246937617,4.73171583231883
609.348884146052,211.958557371528,4.59293492463247
251.100881209518,222.900868203891,3.90562690338436
576.086518265843,432.756906677955,3.59238929469213
294.894334982687,137.698100381665,3.83516135761199
529.558825996421,461.171540591382,3.45996328997557
46.4281179463776,426.619976743698,3.93713448342575
196.165831081803,290.969054431778,4.18893289825269
548.422609186908,259.161759052013,3.61431096974439
167.753932851436,13.3140161897546,4.00229361457603
500.615363225431,346.375076591873,4.42482117112772
37.6475245255489,41.2488188077207,4.45479811927624
531.744704565495,163.107023956128,4.8864316489151
NA,NA,NA
661.30286732603,332.594837986247,3.63914602064962
455.163359378405,297.189015598517,3.51314243113932
9.40899473191315,496.588730078842,3.77809698538134
558.02690424112,46.644079543122,4.30815511697836
69.5438568316866,374.148817933007,4.02625127367499
227.291621494985,416.678456762956,3.90754185097637
427.079590815442,10.4008527295972,3.27641217749789
361.120029437564,290.928672076032,3.14763633112171
603.816098440226,103.035016464612,4.27826605350255
390.687065251101,229.426366340253,4.27666709414216
569.112683855585,403.690352894272,4.78216111632461
143.598104689831,279.44833325747,4.59021676122053
195.534939639637,362.374388042827,3.98484023630635
125.228827323145,408.680752824441,3.43188684813542
622.021936064604,312.204143460309,4.46909431179185
-0.584326592755094,154.052515804069,4.23448693762475
542.30471911821,206.053152515246,4.13272736748775
34.1113516742196,492.538039479175,2.94553675598655
277.592947207331,24.0169733759375,4.00378496706086
535.291043621345,394.84417740487,3.25289425890669
63.4375586353152,80.8499424588718,5.21556971381703
1.45050967652211,74.6630534605056,3.62414700032259
588.433089790841,228.562226935558,4.07262686976836
438.642542402586,455.836072080691,4.76880836412021
661.41991136307,375.366823683691,3.30785980690991
104.708171957654,483.902823847146,4.41802438792983
620.246361581808,92.1047109898555,4.07156180984524
420.82367477937,259.502546822973,3.72358432186088
11.8875975355449,180.668155076749,3.32564654217212
51.3568022300237,116.033246937617,4.73171583231883
609.348884146052,211.958557371528,4.59293492463247
251.100881209518,222.900868203891,3.90562690338436
576.086518265843,432.756906677955,3.59238929469213
294.894334982687,137.698100381665,3.83516135761199
529.558825996421,461.171540591382,3.45996328997557
46.4281179463776,426.619976743698,3.93713448342575
196.165831081803,290.969054431778,4.18893289825269
548.422609186908,259.161759052013,3.61431096974439
167.753932851436,13.3140161897546,4.00229361457603
500.615363225431,346.375076591873,4.42482117112772
37.6475245255489,41.2488188077207,4.45479811927624
531.744704565495,163.107023956128,4.8864316489151
NA,NA,NA
661.30286732603,332.594837986247,3.63914602064962
455.163359378405,297.189015598517,3.51314243113932
9.40899473191315,496.588730078842,3.77809698538134
558.02690424112,46.644079543122,4.30815511697836
69.5438568316866,374.148817933007,4.02625127367499
227.291621494985,416.678456762956,3.90754185097637
427.079590815442,10.4008527295972,3.27641217749789
361.120029437564,290.928672076032,3.14763633112171
603.816098440226,103.035016464612,4.27826605350255
390.687065251101,229.426366340253,4.27666709414216
569.112683855585,403.690352894272,4.78216111632461
143.598104689831,279.44833325747,4.59021676122053
195.534939639637,362.374388042827,3.98484023630635
125.228827323145,408.680752824441,3.43188684813542
622.021936064604,312.204143460309,4.46909431179185
-0.584326592755094,154.052515804069,4.23448693762475
542.30471911821,206.053152515246,4.13272736748775
34.1113516742196,492.538039479175,2.94553675598655
277.592947207331,24.0169733759375,4.00378496706086
535.291043621345,394.84417740487,3.25289425890669
63.4375586353152,80.8499424588718,5.21556971381703
1.45050967652211,74.6630534605056,3.62414700032259
588.433089790841,228.562226935558,4.07262686976836
438.642542402586,455.836072080691,4.76880836412021
661.41991136307,375.366823683691,3.30785980690991
104.708171957654,483.902823847146,4.41802438792983
620.246361581808,92.1047109898555,4.07156180984524
420.82367477937,259.502546822973,3.72358432186088
11.8875975355449,180.668155076749,3.32564654217212
51.3568022300237,116.033246937617,4.73171583231883
609.348884146052,211.958557371528,4.59293492463247
251.100881209518,222.900868203891,3.90562690338436
576.086518265843,432.756906677955,3.59238929469213
294.894334982687,137.698100381665,3.83516135761199
529.558825996421,461.171540591382,3.45996328997557
46.4281179463776,426.619976743698,3.93713448342575
196.165831081803,290.969054431778,4.18893289825269
548.422609186908,259.161759052013,3.61431096974439
167.753932851436,13.3140161897546,4.00229361457603
500.615363225431,346.375076591873,4.42482117112772
37.6475245255489,41.2488188077207,4.45479811927624
531.744704565495,163.107023956128,4.8864316489151
NA,NA,NA
664.74757962104,334.602440148391,3.37802822500249
458.045882384264,297.323677878387,3.62870896982816
14.4526305185179,494.684371861457,3.60478961043208
554.312201853062,51.4207890145856,4.33668153652932
72.455967224873,375.544896010754,3.88742525344424
232.042513948311,415.500703157004,3.94308187433854
428.357333933225,10.1042501890236,3.34125760022828
364.558572199965,292.099156742033,3.11193600353359
606.387668522265,107.069718586425,4.37403443772279
391.274241745469,231.977296185631,4.24108887915938
568.161222797742,408.326949622919,4.7521757402151
146.609682609595,283.989674773298,4.63740509629835
198.197670897237,365.306848309836,4.05357623037974
128.021808441864,412.964807139953,3.50025436085975
628.495992607932,313.405807427959,4.61115408914926
5.82028815279443,145.51767729402,4.20227926697529
541.170409234391,201.527650529747,4.08853017193462
35.6719175278648,492.956564227461,2.98722940653657
281.173942421538,24.94590384304,4.02556251742927
533.64854810271,391.464287953618,3.35018429094961
72.583041307307,87.627373069343,5.25952552025078
6.2431242538457,79.8927106020315,3.39192370918562
586.218650556445,230.630558623726,3.97812570089659
441.186195875448,456.919535803001,4.86022137673271
660.844680828304,373.283705558139,3.11744611595096
105.015227659021,491.766771497501,4.2758626646767
621.906153754942,92.2039024914152,4.08882755182942
423.112046914434,259.910425122145,3.76086685357053
11.4723203743685,183.096472883987,3.2149340753066
64.0234083370234,112.24061708889,4.35517360080686
613.064051797949,194.221963186865,3.96158318169818
263.360488971956,219.315972688604,3.54290604216763
567.071522674858,432.838552283908,3.90851647723622
293.090099274661,136.574544411575,3.75700821671081
532.851128009405,453.361116774254,3.64811405614535
48.3799070567153,414.234337484438,3.5311817282532
188.668982422517,289.323805797597,3.91877610162505
557.858907906007,259.099965073491,3.72191963095845
177.22564658125,27.3034126994867,4.27694095384317
501.550831849543,345.274385170495,4.59367628270685
40.5815266939717,57.2035517119092,3.60036891139985
523.848873816557,145.852102749916,4.92788856038097
NA,NA,NA
664.74757962104,334.602440148391,3.37802822500249
458.045882384264,297.323677878387,3.62870896982816
14.4526305185179,494.684371861457,3.60478961043208
554.312201853062,51.4207890145856,4.33668153652932
72.455967224873,375.544896010754,3.88742525344424
232.042513948311,415.500703157004,3.94308187433854
428.357333933225,10.1042501890236,3.34125760022828
364.558572199965,292.099156742033,3.11193600353359
606.387668522265,107.069718586425,4.37403443772279
391.274241745469,231.977296185631,4.24108887915938
568.161222797742,408.326949622919,4.7521757402151
146.609682609595,283.989674773298,4.63740509629835
198.197670897237,365.306848309836,4.05357623037974
128.021808441864,412.964807139953,3.50025436085975
628.495992607932,313.405807427959,4.61115408914926
5.82028815279443,145.51767729402,4.20227926697529
541.170409234391,201.527650529747,4.08853017193462
35.6719175278648,492.956564227461,2.98722940653657
281.173942421538,24.94590384304,4.02556251742927
533.64854810271,391.464287953618,3.35018429094961
72.583041307307,87.627373069343,5.25952552025078
6.2431242538457,79.8927106020315,3.39192370918562
586.218650556445,230.630558623726,3.97812570089659
441.186195875448,456.919535803001,4.86022137673271
660.844680828304,373.283705558139,3.11744611595096
105.015227659021,491.766771497501,4.2758626646767
621.906153754942,92.2039024914152,4.08882755182942
423.112046914434,259.910425122145,3.76086685357053
11.4723203743685,183.096472883987,3.2149340753066
64.0234083370234,112.24061708889,4.35517360080686
613.064051797949,194.221963186865,3.96158318169818
263.360488971956,219.315972688604,3.54290604216763
567.071522674858,432.838552283908,3.90851647723622
293.090099274661,136.574544411575,3.75700821671081
532.851128009405,453.361116774254,3.64811405614535
48.3799070567153,414.234337484438,3.5311817282532
188.668982422517,289.323805797597,3.91877610162505
557.858907906007,259.099965073491,3.72191963095845
177.22564658125,27.3034126994867,4.27694095384317
501.550831849543,345.274385170495,4.59367628270685
40.5815266939717,57.2035517119092,3.60036891139985
523.848873816557,145.852102749916,4.92788856038097
NA,NA,NA
664.74757962104,334.602440148391,3.37802822500249
458.045882384264,297.323677878387,3.62870896982816
14.4526305185179,494.684371861457,3.60478961043208
554.312201853062,51.4207890145856,4.33668153652932
72.455967224873,375.544896010754,3.88742525344424
232.042513948311,415.500703157004,3.94308187433854
428.357333933225,10.1042501890236,3.34125760022828
364.558572199965,292.099156742033,3.11193600353359
606.387668522265,107.069718586425,4.37403443772279
391.274241745469,231.977296185631,4.24108887915938
568.161222797742,408.326949622919,4.7521757402151
146.609682609595,283.989674773298,4.63740509629835
198.197670897237,365.306848309836,4.05357623037974
128.021808441864,412.964807139953,3.50025436085975
628.495992607932,313.405807427959,4.61115408914926
5.82028815279443,145.51767729402,4.20227926697529
541.170409234391,201.527650529747,4.08853017193462
35.6719175278648,492.956564227461,2.98722940653657
281.173942421538,24.94590384304,4.02556251742927
533.64854810271,391.464287953618,3.35018429094961
72.583041307307,87.627373069343,5.25952552025078
6.2431242538457,79.8927106020315,3.39192370918562
586.218650556445,230.630558623726,3.97812570089659
441.186195875448,456.919535803001,4.86022137673271
660.844680828304,373.283705558139,3.11744611595096
105.015227659021,491.766771497501,4.2758626646767
621.906153754942,92.2039024914152,4.08882755182942
423.112046914434,259.910425122145,3.76086685357053
11.4723203743685,183.096472883987,3.2149340753066
64.0234083370234,112.24061708889,4.35517360080686
613.064051797949,194.221963186865,3.96158318169818
263.360488971956,219.315972688604,3.54290604216763
567.071522674858,432.838552283908,3.90851647723622
293.090099274661,136.574544411575,3.75700821671081
532.851128009405,453.361116774254,3.64811405614535
48.3799070567153,414.234337484438,3.5311817282532
188.668982422517,289.323805797597,3.91877610162505
557.858907906007,259.099965073491,3.72191963095845
177.22564658125,27.3034126994867,4.27694095384317
501.550831849543,345.274385170495,4.59367628270685
40.5815266939717,57.2035517119092,3.60036891139985
523.848873816557,145.852102749916,4.92788856038097
NA,NA,NA
664.74757962104,334.602440148391,3.37802822500249
458.045882384264,297.323677878387,3.62870896982816
14.4526305185179,494.684371861457,3.60478961043208
554.312201853062,51.4207890145856,4.33668153652932
72.455967224873,375.544896010754,3.88742525344424
232.042513948311,415.500703157004,3.94308187433854
428.357333933225,10.1042501890236,3.34125760022828
364.558572199965,292.099156742033,3.11193600353359
606.387668522265,107.069718586425,4.37403443772279
391.274241745469,231.977296185631,4.24108887915938
568.161222797742,408.326949622919,4.7521757402151
146.609682609595,283.989674773298,4.63740509629835
198.197670897237,365.306848309836,4.05357623037974
128.021808441864,412.964807139953,3.50025436085975
628.495992607932,313.405807427959,4.61115408914926
5.82028815279443,145.51767729402,4.20227926697529
541.170409234391,201.527650529747,4.08853017193462
35.6719175278648,492.956564227461,2.98722940653657
281.173942421538,24.94590384304,4.02556251742927
533.64854810271,391.464287953618,3.35018429094961
72.583041307307,87.627373069343,5.25952552025078
6.2431242538457,79.8927106020315,3.39192370918562
586.218650556445,230.630558623726,3.97812570089659
441.186195875448,456.919535803001,4.86022137673271
660.844680828304,373.283705558139,3.11744611595096
105.015227659021,491.766771497501,4.2758626646767
621.906153754942,92.2039024914152,4.08882755182942
423.112046914434,259.910425122145,3.76086685357053
11.4723203743685,183.096472883987,3.2149340753066
64.0234083370234,112.24061708889,4.35517360080686
613.064051797949,194.221963186865,3.96158318169818
263.360488971956,219.315972688604,3.54290604216763
567.071522674858,432.838552283908,3.90851647723622
293.090099274661,136.574544411575,3.75700821671081
532.851128009405,453.361116774254,3.64811405614535
48.3799070567153,414.234337484438,3.5311817282532
188.668982422517,289.323805797597,3.91877610162505
557.858907906007,259.099965073491,3.72191963095845
177.22564658125,27.3034126994867,4.27694095384317
501.550831849543,345.274385170495,4.59367628270685
40.5815266939717,57.2035517119092,3.60036891139985
523.848873816557,145.852102749916,4.92788856038097
NA,NA,NA
664.74757962104,334.602440148391,3.37802822500249
458.045882384264,297.323677878387,3.62870896982816
14.4526305185179,494.684371861457,3.60478961043208
554.312201853062,51.4207890145856,4.33668153652932
72.455967224873,375.544896010754,3.88742525344424
232.042513948311,415.500703157004,3.94308187433854
428.357333933225,10.1042501890236,3.34125760022828
364.558572199965,292.099156742033,3.11193600353359
606.387668522265,107.069718586425,4.37403443772279
391.274241745469,231.977296185631,4.24108887915938
568.161222797742,408.326949622919,4.7521757402151
146.609682609595,283.989674773298,4.63740509629835
198.197670897237,365.306848309836,4.05357623037974
128.021808441864,412.964807139953,3.50025436085975
628.495992607932,313.405807427959,4.61115408914926
5.82028815279443,145.51767729402,4.20227926697529
541.170409234391,201.527650529747,4.08853017193462
35.6719175278648,492.956564227461,2.98722940653657
281.173942421538,24.94590384304,4.02556251742927
533.64854810271,391.464287953618,3.35018429094961
72.583041307307,87.627373069343,5.25952552025078
6.2431242538457,79.8927106020315,3.39192370918562
586.218650556445,230.630558623726,3.97812570089659
441.186195875448,456.919535803001,4.86022137673271
660.844680828304,373.283705558139,3.11744611595096
105.015227659021,491.766771497501,4.2758626646767
621.906153754942,92.2039024914152,4.08882755182942
423.112046914434,259.910425122145,3.76086685357053
11.4723203743685,183.096472883987,3.2149340753066
64.0234083370234,112.24061708889,4.35517360080686
613.064051797949,194.221963186865,3.96158318169818
263.360488971956,219.315972688604,3.54290604216763
567.071522674858,432.838552283908,3.90851647723622
293.090099274661,136.574544411575,3.75700821671081
532.851128009405,453.361116774254,3.64811405614535
48.3799070567153,414.234337484438,3.5311817282532
188.668982422517,289.323805797597,3.91877610162505
557.858907906007,259.099965073491,3.72191963095845
177.22564658125,27.3034126994867,4.27694095384317
501.550831849543,345.274385170495,4.59367628270685
40.5815266939717,57.2035517119092,3.60036891139985
523.848873816557,145.852102749916,4.92788856038097
NA,NA,NA
664.74757962104,334.602440148391,3.37802822500249
458.045882384264,297.323677878387,3.62870896982816
14.4526305185179,494.684371861457,3.60478961043208
554.312201853062,51.4207890145856,4.33668153652932
72.455967224873,375.544896010754,3.88742525344424
232.042513948311,415.500703157004,3.94308187433854
428.357333933225,10.1042501890236,3.34125760022828
364.558572199965,292.099156742033,3.11193600353359
606.387668522265,107.069718586425,4.37403443772279
391.274241745469,231.977296185631,4.24108887915938
568.161222797742,408.326949622919,4.7521757402151
146.609682609595,283.989674773298,4.63740509629835
198.197670897237,365.306848309836,4.05357623037974
128.021808441864,412.964807139953,3.50025436085975
628.495992607932,313.405807427959,4.61115408914926
5.82028815279443,145.51767729402,4.20227926697529
541.170409234391,201.527650529747,4.08853017193462
35.6719175278648,492.956564227461,2.98722940653657
281.173942421538,24.94590384304,4.02556251742927
533.64854810271,391.464287953618,3.35018429094961
72.583041307307,87.627373069343,5.25952552025078
6.2431242538457,79.8927106020315,3.39192370918562
586.218650556445,230.630558623726,3.97812570089659
441.186195875448,456.919535803001,4.86022137673271
660.844680828304,373.283705558139,3.11744611595096
105.015227659021,491.766771497501,4.2758626646767
621.906153754942,92.2039024914152,4.08882755182942
423.112046914434,259.910425122145,3.76086685357053
11.4723203743685,183.096472883987,3.2149340753066
64.0234083370234,112.24061708889,4.35517360080686
613.064051797949,194.221963186865,3.96158318169818
263.360488971956,219.315972688604,3.54290604216763
567.071522674858,432.838552283908,3.90851647723622
293.090099274661,136.574544411575,3.75700821671081
532.851128009405,453.361116774254,3.64811405614535
48.3799070567153,414.234337484438,3.5311817282532
188.668982422517,289.323805797597,3.91877610162505
557.858907906007,259.099965073491,3.72191963095845
177.22564658125,27.3034126994867,4.27694095384317
501.550831849543,345.274385170495,4.59367628270685
40.5815266939717,57.2035517119092,3.60036891139985
523.848873816557,145.852102749916,4.92788856038097
NA,NA,NA
661.468989407493,331.669072993988,3.48759475226771
456.824744538954,299.879850021449,3.62458172792258
5.48613389223992,496.116794839597,3.67383931982231
567.731425645025,49.3336909079718,4.16027071424228
73.8421257755679,375.740227479989,4.07779872295256
229.500234449706,416.124171219171,3.99238843251684
426.962439038244,12.3594884452179,3.21803358396894
361.168472887218,293.488113971859,2.89073897819918
604.831038880995,102.34560747698,4.2527760735001
391.759198481325,228.446377751156,4.18923573852907
567.482951238909,411.276595525209,4.78148478223171
139.539444831877,285.531190762483,4.42385377383395
197.513620925467,370.428076678936,3.96663898672074
126.227985651934,411.540828913548,3.40150676495457
624.029876250773,311.868757997311,4.59619442225243
2.18971519639366,147.926857633264,4.19543495575898
544.528624315284,204.236772798087,4.05995287825149
35.7335884289616,490.728795704132,2.96254169318818
280.827777565452,19.8303096403032,3.70090441920765
532.976823080919,390.654580364311,3.44756992502173
65.0945273864279,84.138366220682,5.22419119400575
9.84223933453094,76.6194488742295,3.40615022966273
589.541550890377,224.269103278466,4.00945775128493
436.862487381722,451.163642344554,4.71572465588999
659.208697928367,373.32305751606,3.06208375617089
108.424447529269,485.588987208894,4.39331978137606
621.139119030134,87.5202591582202,4.09648908614055
419.001445067172,261.578035304078,3.61901577707022
13.5178658961199,179.859362050669,3.23239338880816
68.9955658694719,116.451331166797,4.81685857838523
596.718153396741,197.66338299145,4.36122148811765
251.121603938513,218.96369708433,3.71900538625545
573.633273607584,427.279570144348,3.70794280292508
301.731772512097,131.550234420712,3.75247092752946
531.559543149612,463.69509255729,3.29354725502695
41.909906260587,426.514411701627,3.80050671694672
190.10829836706,283.905751907112,4.1202361571437
544.093682243889,263.111056446309,3.53959038925904
187.843053119895,20.5982834207611,4.38499976178332
495.192206533192,346.134197315631,4.66431685142428
36.5617438418996,39.0895280583903,3.7865566438341
540.366147721056,163.351247678281,5.33932022433935
NA,NA,NA
661.468989407493,331.669072993988,3.48759475226771
456.824744538954,299.879850021449,3.62458172792258
5.48613389223992,496.116794839597,3.67383931982231
567.731425645025,49.3336909079718,4.16027071424228
73.8421257755679,375.740227479989,4.07779872295256
229.500234449706,416.124171219171,3.99238843251684
426.962439038244,12.3594884452179,3.21803358396894
361.168472887218,293.488113971859,2.89073897819918
604.831038880995,102.34560747698,4.2527760735001
391.759198481325,228.446377751156,4.18923573852907
567.482951238909,411.276595525209,4.78148478223171
139.539444831877,285.531190762483,4.42385377383395
197.513620925467,370.428076678936,3.96663898672074
126.227985651934,411.540828913548,3.40150676495457
624.029876250773,311.868757997311,4.59619442225243
2.18971519639366,147.926857633264,4.19543495575898
544.528624315284,204.236772798087,4.05995287825149
35.7335884289616,490.728795704132,2.96254169318818
280.827777565452,19.8303096403032,3.70090441920765
532.976823080919,390.654580364311,3.44756992502173
65.0945273864279,84.138366220682,5.22419119400575
9.84223933453094,76.6194488742295,3.40615022966273
589.541550890377,224.269103278466,4.00945775128493
436.862487381722,451.163642344554,4.71572465588999
659.208697928367,373.32305751606,3.06208375617089
108.424447529269,485.588987208894,4.39331978137606
621.139119030134,87.5202591582202,4.09648908614055
419.001445067172,261.578035304078,3.61901577707022
13.5178658961199,179.859362050669,3.23239338880816
68.9955658694719,116.451331166797,4.81685857838523
596.718153396741,197.66338299145,4.36122148811765
251.121603938513,218.96369708433,3.71900538625545
573.633273607584,427.279570144348,3.70794280292508
301.731772512097,131.550234420712,3.75247092752946
531.559543149612,463.69509255729,3.29354725502695
41.909906260587,426.514411701627,3.80050671694672
190.10829836706,283.905751907112,4.1202361571437
544.093682243889,263.111056446309,3.53959038925904
187.843053119895,20.5982834207611,4.38499976178332
495.192206533192,346.134197315631,4.66431685142428
36.5617438418996,39.0895280583903,3.7865566438341
540.366147721056,163.351247678281,5.33932022433935
NA,NA,NA
661.468989407493,331.669072993988,3.48759475226771
456.824744538954,299.879850021449,3.62458172792258
5.48613389223992,496.116794839597,3.67383931982231
567.731425645025,49.3336909079718,4.16027071424228
73.8421257755679,375.740227479989,4.07779872295256
229.500234449706,416.124171219171,3.99238843251684
426.962439038244,12.3594884452179,3.21803358396894
361.168472887218,293.488113971859,2.89073897819918
604.831038880995,102.34560747698,4.2527760735001
391.759198481325,228.446377751156,4.18923573852907
567.482951238909,411.276595525209,4.78148478223171
139.539444831877,285.531190762483,4.42385377383395
197.513620925467,370.428076678936,3.96663898672074
126.227985651934,411.540828913548,3.40150676495457
624.029876250773,311.868757997311,4.59619442225243
2.18971519639366,147.926857633264,4.19543495575898
544.528624315284,204.236772798087,4.05995287825149
35.7335884289616,490.728795704132,2.96254169318818
280.827777565452,19.8303096403032,3.70090441920765
532.976823080919,390.654580364311,3.44756992502173
65.0945273864279,84.138366220682,5.22419119400575
9.84223933453094,76.6194488742295,3.40615022966273
589.541550890377,224.269103278466,4.00945775128493
436.862487381722,451.163642344554,4.71572465588999
659.208697928367,373.32305751606,3.06208375617089
108.424447529269,485.588987208894,4.39331978137606
621.139119030134,87.5202591582202,4.09648908614055
419.001445067172,261.578035304078,3.61901577707022
13.5178658961199,179.859362050669,3.23239338880816
68.9955658694719,116.451331166797,4.81685857838523
596.718153396741,197.66338299145,4.36122148811765
251.121603938513,218.96369708433,3.71900538625545
573.633273607584,427.279570144348,3.70794280292508
301.731772512097,131.550234420712,3.75247092752946
531.559543149612,463.69509255729,3.29354725502695
41.909906260587,426.514411701627,3.80050671694672
190.10829836706,283.905751907112,4.1202361571437
544.093682243889,263.111056446309,3.53959038925904
187.843053119895,20.5982834207611,4.38499976178332
495.192206533192,346.134197315631,4.66431685142428
36.5617438418996,39.0895280583903,3.7865566438341
540.366147721056,163.351247678281,5.33932022433935
NA,NA,NA
661.468989407493,331.669072993988,3.48759475226771
456.824744538954,299.879850021449,3.62458172792258
5.48613389223992,496.116794839597,3.67383931982231
567.731425645025,49.3336909079718,4.16027071424228
73.8421257755679,375.740227479989,4.07779872295256
229.500234449706,416.124171219171,3.99238843251684
426.962439038244,12.3594884452179,3.21803358396894
361.168472887218,293.488113971859,2.89073897819918
604.831038880995,102.34560747698,4.2527760735001
391.759198481325,228.446377751156,4.18923573852907
567.482951238909,411.276595525209,4.78148478223171
139.539444831877,285.531190762483,4.42385377383395
197.513620925467,370.428076678936,3.96663898672074
126.227985651934,411.540828913548,3.40150676495457
624.029876250773,311.868757997311,4.59619442225243
2.18971519639366,147.926857633264,4.19543495575898
544.528624315284,204.236772798087,4.05995287825149
35.7335884289616,490.728795704132,2.96254169318818
280.827777565452,19.8303096403032,3.70090441920765
532.976823080919,390.654580364311,3.44756992502173
65.0945273864279,84.138366220682,5.22419119400575
9.84223933453094,76.6194488742295,3.40615022966273
589.541550890377,224.269103278466,4.00945775128493
436.862487381722,451.163642344554,4.71572465588999
659.208697928367,373.32305751606,3.06208375617089
108.424447529269,485.588987208894,4.39331978137606
621.139119030134,87.5202591582202,4.09648908614055
419.001445067172,261.578035304078,3.61901577707022
13.5178658961199,179.859362050669,3.23239338880816
68.9955658694719,116.451331166797,4.81685857838523
596.718153396741,197.66338299145,4.36122148811765
251.121603938513,218.96369708433,3.71900538625545
573.633273607584,427.279570144348,3.70794280292508
301.731772512097,131.550234420712,3.75247092752946
531.559543149612,463.69509255729,3.29354725502695
41.909906260587,426.514411701627,3.80050671694672
190.10829836706,283.905751907112,4.1202361571437
544.093682243889,263.111056446309,3.53959038925904
187.843053119895,20.5982834207611,4.38499976178332
495.192206533192,346.134197315631,4.66431685142428
36.5617438418996,39.0895280583903,3.7865566438341
540.366147721056,163.351247678281,5.33932022433935
NA,NA,NA
661.468989407493,331.669072993988,3.48759475226771
456.824744538954,299.879850021449,3.62458172792258
5.48613389223992,496.116794839597,3.67383931982231
567.731425645025,49.3336909079718,4.16027071424228
73.8421257755679,375.740227479989,4.07779872295256
229.500234449706,416.124171219171,3.99238843251684
426.962439038244,12.3594884452179,3.21803358396894
361.168472887218,293.488113971859,2.89073897819918
604.831038880995,102.34560747698,4.2527760735001
391.759198481325,228.446377751156,4.18923573852907
567.482951238909,411.276595525209,4.78148478223171
139.539444831877,285.531190762483,4.42385377383395
197.513620925467,370.428076678936,3.96663898672074
126.227985651934,411.540828913548,3.40150676495457
624.029876250773,311.868757997311,4.59619442225243
2.18971519639366,147.926857633264,4.19543495575898
544.528624315284,204.236772798087,4.05995287825149
35.7335884289616,490.728795704132,2.96254169318818
280.827777565452,19.8303096403032,3.70090441920765
532.976823080919,390.654580364311,3.44756992502173
65.0945273864279,84.138366220682,5.22419119400575
9.84223933453094,76.6194488742295,3.40615022966273
589.541550890377,224.269103278466,4.00945775128493
436.862487381722,451.163642344554,4.71572465588999
659.208697928367,373.32305751606,3.06208375617089
108.424447529269,485.588987208894,4.39331978137606
621.139119030134,87.5202591582202,4.09648908614055
419.001445067172,261.578035304078,3.61901577707022
13.5178658961199,179.859362050669,3.23239338880816
68.9955658694719,116.451331166797,4.81685857838523
596.718153396741,197.66338299145,4.36122148811765
251.121603938513,218.96369708433,3.71900538625545
573.633273607584,427.279570144348,3.70794280292508
301.731772512097,131.550234420712,3.75247092752946
531.559543149612,463.69509255729,3.29354725502695
41.909906260587,426.514411701627,3.80050671694672
190.10829836706,283.905751907112,4.1202361571437
544.093682243889,263.111056446309,3.53959038925904
187.843053119895,20.5982834207611,4.38499976178332
495.192206533192,346.134197315631,4.66431685142428
36.5617438418996,39.0895280583903,3.7865566438341
540.366147721056,163.351247678281,5.33932022433935
NA,NA,NA
661.468989407493,331.669072993988,3.48759475226771
456.824744538954,299.879850021449,3.62458172792258
5.48613389223992,496.116794839597,3.67383931982231
567.731425645025,49.3336909079718,4.16027071424228
73.8421257755679,375.740227479989,4.07779872295256
229.500234449706,416.124171219171,3.99238843251684
426.962439038244,12.3594884452179,3.21803358396894
361.168472887218,293.488113971859,2.89073897819918
604.831038880995,102.34560747698,4.2527760735001
391.759198481325,228.446377751156,4.18923573852907
567.482951238909,411.276595525209,4.78148478223171
139.539444831877,285.531190762483,4.42385377383395
197.513620925467,370.428076678936,3.96663898672074
126.227985651934,411.540828913548,3.40150676495457
624.029876250773,311.868757997311,4.59619442225243
2.18971519639366,147.926857633264,4.19543495575898
544.528624315284,204.236772798087,4.05995287825149
35.7335884289616,490.728795704132,2.96254169318818
280.827777565452,19.8303096403032,3.70090441920765
532.976823080919,390.654580364311,3.44756992502173
65.0945273864279,84.138366220682,5.22419119400575
9.84223933453094,76.6194488742295,3.40615022966273
589.541550890377,224.269103278466,4.00945775128493
436.862487381722,451.163642344554,4.71572465588999
659.208697928367,373.32305751606,3.06208375617089
108.424447529269,485.588987208894,4.39331978137606
621.139119030134,87.5202591582202,4.09648908614055
419.001445067172,261.578035304078,3.61901577707022
13.5178658961199,179.859362050669,3.23239338880816
68.9955658694719,116.451331166797,4.81685857838523
596.718153396741,197.66338299145,4.36122148811765
251.121603938513,218.96369708433,3.71900538625545
573.633273607584,427.279570144348,3.70794280292508
301.731772512097,131.550234420712,3.75247092752946
531.559543149612,463.69509255729,3.29354725502695
41.909906260587,426.514411701627,3.80050671694672
190.10829836706,283.905751907112,4.1202361571437
544.093682243889,263.111056446309,3.53959038925904
187.843053119895,20.5982834207611,4.38499976178332
495.192206533192,346.134197315631,4.66431685142428
36.5617438418996,39.0895280583903,3.7865566438341
540.366147721056,163.351247678281,5.33932022433935
NA,NA,NA
665.655463582946,332.168584665434,3.43916131693984
454.843072952931,298.343459403777,3.67010896042204
13.1454643022861,497.122420120852,3.46206661029442
563.783453807171,47.8435075498547,4.24733793689616
69.5638005361055,380.938111665119,4.11571002245111
228.053388787379,411.681783845405,3.84227953283415
429.680233315876,13.527488276539,3.33821132173095
361.226425063257,291.307992241678,3.16645991276845
603.147087543327,101.888162974428,4.19603055838196
392.772462296067,230.47815881585,4.22120291640467
572.070904445493,408.125603204677,4.72256018568998
137.957005419824,277.192685002683,4.56377273917024
197.747677276328,366.047740254816,3.98241763360282
128.336755248628,409.771226813015,3.48126564307246
625.642199805004,317.098742302701,4.57357204463479
3.39441104567362,146.818601951903,4.2896327232042
540.988901721669,199.91307409039,4.13169149849285
35.4511133850186,493.411484115266,3.02184191300861
279.151971273888,21.9106888421212,3.93160813716051
532.697441793437,395.385746621488,3.36893150071081
66.0394645547508,78.76552155454,5.12486758720395
5.76790430374845,76.5387081360191,3.35439499854884
587.546682629517,225.756421853447,4.14353546862052
437.747929017008,455.974765773454,4.80694671806325
658.270327541547,373.703717598137,3.1205843546813
108.109671998162,486.504555849129,4.39818860548725
623.65265549495,89.9977000418526,4.05213207057931
418.174283856119,262.431872065455,3.63284332679748
10.5165607238105,181.010395355879,3.06566657133295
64.9807723036414,116.199624310124,4.51992187042476
595.79808058666,194.041324060134,4.45125730765515
253.097386350069,222.2356239568,3.71364778235202
569.576177873098,436.462821639549,3.88328390239634
302.412552546211,134.974993710642,3.843964498914
522.211775108958,460.901650270938,3.65555879620822
44.5432449585151,413.519408321389,4.07105804428994
193.985478939812,290.945553595944,3.93470689513119
552.416367920923,266.360371849351,3.63395344189987
176.487838689873,23.0757125374318,3.9355386453818
508.954903672292,350.415547135467,4.5026758931086
41.5371805419253,52.6927389367982,4.11150833474507
526.876538857471,155.570292384278,4.7914570535435
NA,NA,NA
665.655463582946,332.168584665434,3.43916131693984
454.843072952931,298.343459403777,3.67010896042204
13.1454643022861,497.122420120852,3.46206661029442
563.783453807171,47.8435075498547,4.24733793689616
69.5638005361055,380.938111665119,4.11571002245111
228.053388787379,411.681783845405,3.84227953283415
429.680233315876,13.527488276539,3.33821132173095
361.226425063257,291.307992241678,3.16645991276845
603.147087543327,101.888162974428,4.19603055838196
392.772462296067,230.47815881585,4.22120291640467
572.070904445493,408.125603204677,4.72256018568998
137.957005419824,277.192685002683,4.56377273917024
197.747677276328,366.047740254816,3.98241763360282
128.336755248628,409.771226813015,3.48126564307246
625.642199805004,317.098742302701,4.57357204463479
3.39441104567362,146.818601951903,4.2896327232042
540.988901721669,199.91307409039,4.13169149849285
35.4511133850186,493.411484115266,3.02184191300861
279.151971273888,21.9106888421212,3.93160813716051
532.697441793437,395.385746621488,3.36893150071081
66.0394645547508,78.76552155454,5.12486758720395
5.76790430374845,76.5387081360191,3.35439499854884
587.546682629517,225.756421853447,4.14353546862052
437.747929017008,455.974765773454,4.80694671806325
658.270327541547,373.703717598137,3.1205843546813
108.109671998162,486.504555849129,4.39818860548725
623.65265549495,89.9977000418526,4.05213207057931
418.174283856119,262.431872065455,3.63284332679748
10.5165607238105,181.010395355879,3.06566657133295
64.9807723036414,116.199624310124,4.51992187042476
595.79808058666,194.041324060134,4.45125730765515
253.097386350069,222.2356239568,3.71364778235202
569.576177873098,436.462821639549,3.88328390239634
302.412552546211,134.974993710642,3.843964498914
522.211775108958,460.901650270938,3.65555879620822
44.5432449585151,413.519408321389,4.07105804428994
193.985478939812,290.945553595944,3.93470689513119
552.416367920923,266.360371849351,3.63395344189987
176.487838689873,23.0757125374318,3.9355386453818
508.954903672292,350.415547135467,4.5026758931086
41.5371805419253,52.6927389367982,4.11150833474507
526.876538857471,155.570292384278,4.7914570535435
NA,NA,NA
665.655463582946,332.168584665434,3.43916131693984
454.843072952931,298.343459403777,3.67010896042204
13.1454643022861,497.122420120852,3.46206661029442
563.783453807171,47.8435075498547,4.24733793689616
69.5638005361055,380.938111665119,4.11571002245111
228.053388787379,411.681783845405,3.84227953283415
429.680233315876,13.527488276539,3.33821132173095
361.226425063257,291.307992241678,3.16645991276845
603.147087543327,101.888162974428,4.19603055838196
392.772462296067,230.47815881585,4.22120291640467
572.070904445493,408.125603204677,4.72256018568998
137.957005419824,277.192685002683,4.56377273917024
197.747677276328,366.047740254816,3.98241763360282
128.336755248628,409.771226813015,3.48126564307246
625.642199805004,317.098742302701,4.57357204463479
3.39441104567362,146.818601951903,4.2896327232042
540.988901721669,199.91307409039,4.13169149849285
35.4511133850186,493.411484115266,3.02184191300861
279.151971273888,21.9106888421212,3.93160813716051
532.697441793437,395.385746621488,3.36893150071081
66.0394645547508,78.76552155454,5.12486758720395
5.76790430374845,76.5387081360191,3.35439499854884
587.546682629517,225.756421853447,4.14353546862052
437.747929017008,455.974765773454,4.80694671806325
658.270327541547,373.703717598137,3.1205843546813
108.109671998162,486.504555849129,4.39818860548725
623.65265549495,89.9977000418526,4.05213207057931
418.174283856119,262.431872065455,3.63284332679748
10.5165607238105,181.010395355879,3.06566657133295
64.9807723036414,116.199624310124,4.51992187042476
595.79808058666,194.041324060134,4.45125730765515
253.097386350069,222.2356239568,3.71364778235202
569.576177873098,436.462821639549,3.88328390239634
302.412552546211,134.974993710642,3.843964498914
522.211775108958,460.901650270938,3.65555879620822
44.5432449585151,413.519408321389,4.07105804428994
193.985478939812,290.945553595944,3.93470689513119
552.416367920923,266.360371849351,3.63395344189987
176.487838689873,23.0757125374318,3.9355386453818
508.954903672292,350.415547135467,4.5026758931086
41.5371805419253,52.6927389367982,4.11150833474507
526.876538857471,155.570292384278,4.7914570535435
NA,NA,NA
665.655463582946,332.168584665434,3.43916131693984
454.843072952931,298.343459403777,3.67010896042204
13.1454643022861,497.122420120852,3.46206661029442
563.783453807171,47.8435075498547,4.24733793689616
69.5638005361055,380.938111665119,4.11571002245111
228.053388787379,411.681783845405,3.84227953283415
429.680233315876,13.527488276539,3.33821132173095
361.226425063257,291.307992241678,3.16645991276845
603.147087543327,101.888162974428,4.19603055838196
392.772462296067,230.47815881585,4.22120291640467
572.070904445493,408.125603204677,4.72256018568998
137.957005419824,277.192685002683,4.56377273917024
197.747677276328,366.047740254816,3.98241763360282
128.336755248628,409.771226813015,3.48126564307246
625.642199805004,317.098742302701,4.57357204463479
3.39441104567362,146.818601951903,4.2896327232042
540.988901721669,199.91307409039,4.13169149849285
35.4511133850186,493.411484115266,3.02184191300861
279.151971273888,21.9106888421212,3.93160813716051
532.697441793437,395.385746621488,3.36893150071081
66.0394645547508,78.76552155454,5.12486758720395
5.76790430374845,76.5387081360191,3.35439499854884
587.546682629517,225.756421853447,4.14353546862052
437.747929017008,455.974765773454,4.80694671806325
658.270327541547,373.703717598137,3.1205843546813
108.109671998162,486.504555849129,4.39818860548725
623.65265549495,89.9977000418526,4.05213207057931
418.174283856119,262.431872065455,3.63284332679748
10.5165607238105,181.010395355879,3.06566657133295
64.9807723036414,116.199624310124,4.51992187042476
595.79808058666,194.041324060134,4.45125730765515
253.097386350069,222.2356239568,3.71364778235202
569.576177873098,436.462821639549,3.88328390239634
302.412552546211,134.974993710642,3.843964498914
522.211775108958,460.901650270938,3.65555879620822
44.5432449585151,413.519408321389,4.07105804428994
193.985478939812,290.945553595944,3.93470689513119
552.416367920923,266.360371849351,3.63395344189987
176.487838689873,23.0757125374318,3.9355386453818
508.954903672292,350.415547135467,4.5026758931086
41.5371805419253,52.6927389367982,4.11150833474507
526.876538857471,155.570292384278,4.7914570535435
NA,NA,NA
665.655463582946,332.168584665434,3.43916131693984
454.843072952931,298.343459403777,3.67010896042204
13.1454643022861,497.122420120852,3.46206661029442
563.783453807171,47.8435075498547,4.24733793689616
69.5638005361055,380.938111665119,4.11571002245111
228.053388787379,411.681783845405,3.84227953283415
429.680233315876,13.527488276539,3.33821132173095
361.226425063257,291.307992241678,3.16645991276845
603.147087543327,101.888162974428,4.19603055838196
392.772462296067,230.47815881585,4.22120291640467
572.070904445493,408.125603204677,4.72256018568998
137.957005419824,277.192685002683,4.56377273917024
197.747677276328,366.047740254816,3.98241763360282
128.336755248628,409.771226813015,3.48126564307246
625.642199805004,317.098742302701,4.57357204463479
3.39441104567362,146.818601951903,4.2896327232042
540.988901721669,199.91307409039,4.13169149849285
35.4511133850186,493.411484115266,3.02184191300861
279.151971273888,21.9106888421212,3.93160813716051
532.697441793437,395.385746621488,3.36893150071081
66.0394645547508,78.76552155454,5.12486758720395
5.76790430374845,76.5387081360191,3.35439499854884
587.546682629517,225.756421853447,4.14353546862052
437.747929017008,455.974765773454,4.80694671806325
658.270327541547,373.703717598137,3.1205843546813
108.109671998162,486.504555849129,4.39818860548725
623.65265549495,89.9977000418526,4.05213207057931
418.174283856119,262.431872065455,3.63284332679748
10.5165607238105,181.010395355879,3.06566657133295
64.9807723036414,116.199624310124,4.51992187042476
595.79808058666,194.041324060134,4.45125730765515
253.097386350069,222.2356239568,3.71364778235202
569.576177873098,436.462821639549,3.88328390239634
302.412552546211,134.974993710642,3.843964498914
522.211775108958,460.901650270938,3.65555879620822
44.5432449585151,413.519408321389,4.07105804428994
193.985478939812,290.945553595944,3.93470689513119
552.416367920923,266.360371849351,3.63395344189987
176.487838689873,23.0757125374318,3.9355386453818
508.954903672292,350.415547135467,4.5026758931086
41.5371805419253,52.6927389367982,4.11150833474507
526.876538857471,155.570292384278,4.7914570535435
NA,NA,NA
665.655463582946,332.168584665434,3.43916131693984
454.843072952931,298.343459403777,3.67010896042204
13.1454643022861,497.122420120852,3.46206661029442
563.783453807171,47.8435075498547,4.24733793689616
69.5638005361055,380.938111665119,4.11571002245111
228.053388787379,411.681783845405,3.84227953283415
429.680233315876,13.527488276539,3.33821132173095
361.226425063257,291.307992241678,3.16645991276845
603.147087543327,101.888162974428,4.19603055838196
392.772462296067,230.47815881585,4.22120291640467
572.070904445493,408.125603204677,4.72256018568998
137.957005419824,277.192685002683,4.56377273917024
197.747677276328,366.047740254816,3.98241763360282
128.336755248628,409.771226813015,3.48126564307246
625.642199805004,317.098742302701,4.57357204463479
3.39441104567362,146.818601951903,4.2896327232042
540.988901721669,199.91307409039,4.13169149849285
35.4511133850186,493.411484115266,3.02184191300861
279.151971273888,21.9106888421212,3.93160813716051
532.697441793437,395.385746621488,3.36893150071081
66.0394645547508,78.76552155454,5.12486758720395
5.76790430374845,76.5387081360191,3.35439499854884
587.546682629517,225.756421853447,4.14353546862052
437.747929017008,455.974765773454,4.80694671806325
658.270327541547,373.703717598137,3.1205843546813
108.109671998162,486.504555849129,4.39818860548725
623.65265549495,89.9977000418526,4.05213207057931
418.174283856119,262.431872065455,3.63284332679748
10.5165607238105,181.010395355879,3.06566657133295
64.9807723036414,116.199624310124,4.51992187042476
595.79808058666,194.041324060134,4.45125730765515
253.097386350069,222.2356239568,3.71364778235202
569.576177873098,436.462821639549,3.88328390239634
302.412552546211,134.974993710642,3.843964498914
522.211775108958,460.901650270938,3.65555879620822
44.5432449585151,413.519408321389,4.07105804428994
193.985478939812,290.945553595944,3.93470689513119
552.416367920923,266.360371849351,3.63395344189987
176.487838689873,23.0757125374318,3.9355386453818
508.954903672292,350.415547135467,4.5026758931086
41.5371805419253,52.6927389367982,4.11150833474507
526.876538857471,155.570292384278,4.7914570535435
NA,NA,NA
658.789914427953,336.967713670756,3.55054997313672
455.606981577781,298.938065547983,3.81838778284229
8.90389183906396,495.362191001622,3.63956626864406
564.776064252796,52.1348599822234,4.30912895737527
72.7851290056499,375.60564593685,4.00036097548562
226.422841422144,415.164419210807,3.87874060911764
432.225956781417,14.2037353157345,3.26998885078507
363.13313720914,291.152534147767,3.07033054988556
605.402407356222,107.659624635052,4.30049451510317
393.568132041724,228.909227754732,4.21863130810432
569.516061386672,404.369071817213,4.62648919430295
140.255298432841,281.2667556978,4.70132455166679
198.586862989058,364.887274481599,4.14377784089056
124.145943821452,412.663491741399,3.41952980640594
630.66554675342,313.763502635623,4.54944900795524
3.34269657382753,145.117362834465,4.19319988171537
545.197663468072,203.922160878401,3.98244060203622
33.1145821855861,492.237563738285,2.92824090040214
278.932259927158,21.5316032800649,3.79792239413732
534.312652124717,391.746002059611,3.48546968932672
67.3180478349093,72.0725642796853,5.34860357621755
6.17841443846179,79.4961376498034,3.33447348820431
589.81099427435,222.854730204998,4.08870554781205
439.313661127521,460.367413141754,4.83630971229598
659.621580555737,374.149216811736,3.10995781232054
108.336479181767,484.961278379588,4.33031617286341
625.142134607142,91.7911227018089,4.08945053699706
421.410714283665,257.233424586558,3.65116594760576
13.2272575388456,182.54195251397,3.166034936073
56.5914198372211,116.39569595546,4.26971344056199
590.435622178666,191.606977686256,4.1850671405122
252.584093385079,220.498443846477,4.20691383236597
573.569598710917,437.633837262958,3.96627614527644
301.413785009036,135.616105626052,3.89492410726754
527.931676709481,457.604491547302,3.77266999878092
46.306898241095,424.850616184566,3.66133265814694
196.708467810992,280.035578690072,3.71466868117281
535.060666096451,260.748006565462,3.73973239369376
164.571984960772,25.8218522326539,4.08801258763244
494.99583293554,343.57123557386,4.68853869662363
42.1145171046164,46.1656534396879,4.08116144073389
531.113653418955,163.698499556459,4.53292864231034
NA,NA,NA
658.789914427953,336.967713670756,3.55054997313672
455.606981577781,298.938065547983,3.81838778284229
8.90389183906396,495.362191001622,3.63956626864406
564.776064252796,52.1348599822234,4.30912895737527
72.7851290056499,375.60564593685,4.00036097548562
226.422841422144,415.164419210807,3.87874060911764
432.225956781417,14.2037353157345,3.26998885078507
363.13313720914,291.152534147767,3.07033054988556
605.402407356222,107.659624635052,4.30049451510317
393.568132041724,228.909227754732,4.21863130810432
569.516061386672,404.369071817213,4.62648919430295
140.255298432841,281.2667556978,4.70132455166679
198.586862989058,364.887274481599,4.14377784089056
124.145943821452,412.663491741399,3.41952980640594
630.66554675342,313.763502635623,4.54944900795524
3.34269657382753,145.117362834465,4.19319988171537
545.197663468072,203.922160878401,3.98244060203622
33.1145821855861,492.237563738285,2.92824090040214
278.932259927158,21.5316032800649,3.79792239413732
534.312652124717,391.746002059611,3.48546968932672
67.3180478349093,72.0725642796853,5.34860357621755
6.17841443846179,79.4961376498034,3.33447348820431
589.81099427435,222.854730204998,4.08870554781205
439.313661127521,460.367413141754,4.83630971229598
659.621580555737,374.149216811736,3.10995781232054
108.336479181767,484.961278379588,4.33031617286341
625.142134607142,91.7911227018089,4.08945053699706
421.410714283665,257.233424586558,3.65116594760576
13.2272575388456,182.54195251397,3.166034936073
56.5914198372211,116.39569595546,4.26971344056199
590.435622178666,191.606977686256,4.1850671405122
252.584093385079,220.498443846477,4.20691383236597
573.569598710917,437.633837262958,3.96627614527644
301.413785009036,135.616105626052,3.89492410726754
527.931676709481,457.604491547302,3.77266999878092
46.306898241095,424.850616184566,3.66133265814694
196.708467810992,280.035578690072,3.71466868117281
535.060666096451,260.748006565462,3.73973239369376
164.571984960772,25.8218522326539,4.08801258763244
494.99583293554,343.57123557386,4.68853869662363
42.1145171046164,46.1656534396879,4.08116144073389
531.113653418955,163.698499556459,4.53292864231034
NA,NA,NA
658.789914427953,336.967713670756,3.55054997313672
455.606981577781,298.938065547983,3.81838778284229
8.90389183906396,495.362191001622,3.63956626864406
564.776064252796,52.1348599822234,4.30912895737527
72.7851290056499,375.60564593685,4.00036097548562
226.422841422144,415.164419210807,3.87874060911764
432.225956781417,14.2037353157345,3.26998885078507
363.13313720914,291.152534147767,3.07033054988556
605.402407356222,107.659624635052,4.30049451510317
393.568132041724,228.909227754732,4.21863130810432
569.516061386672,404.369071817213,4.62648919430295
140.255298432841,281.2667556978,4.70132455166679
198.586862989058,364.887274481599,4.14377784089056
124.145943821452,412.663491741399,3.41952980640594
630.66554675342,313.763502635623,4.54944900795524
3.34269657382753,145.117362834465,4.19319988171537
545.197663468072,203.922160878401,3.98244060203622
33.1145821855861,492.237563738285,2.92824090040214
278.932259927158,21.5316032800649,3.79792239413732
534.312652124717,391.746002059611,3.48546968932672
67.3180478349093,72.0725642796853,5.34860357621755
6.17841443846179,79.4961376498034,3.33447348820431
589.81099427435,222.854730204998,4.08870554781205
439.313661127521,460.367413141754,4.83630971229598
659.621580555737,374.149216811736,3.10995781232054
108.336479181767,484.961278379588,4.33031617286341
625.142134607142,91.7911227018089,4.08945053699706
421.410714283665,257.233424586558,3.65116594760576
13.2272575388456,182.54195251397,3.166034936073
56.5914198372211,116.39569595546,4.26971344056199
590.435622178666,191.606977686256,4.1850671405122
252.584093385079,220.498443846477,4.20691383236597
573.569598710917,437.633837262958,3.96627614527644
301.413785009036,135.616105626052,3.89492410726754
527.931676709481,457.604491547302,3.77266999878092
46.306898241095,424.850616184566,3.66133265814694
196.708467810992,280.035578690072,3.71466868117281
535.060666096451,260.748006565462,3.73973239369376
164.571984960772,25.8218522326539,4.08801258763244
494.99583293554,343.57123557386,4.68853869662363
42.1145171046164,46.1656534396879,4.08116144073389
531.113653418955,163.698499556459,4.53292864231034
NA,NA,NA
658.789914427953,336.967713670756,3.55054997313672
455.606981577781,298.938065547983,3.81838778284229
8.90389183906396,495.362191001622,3.63956626864406
564.776064252796,52.1348599822234,4.30912895737527
72.7851290056499,375.60564593685,4.00036097548562
226.422841422144,415.164419210807,3.87874060911764
432.225956781417,14.2037353157345,3.26998885078507
363.13313720914,291.152534147767,3.07033054988556
605.402407356222,107.659624635052,4.30049451510317
393.568132041724,228.909227754732,4.21863130810432
569.516061386672,404.369071817213,4.62648919430295
140.255298432841,281.2667556978,4.70132455166679
198.586862989058,364.887274481599,4.14377784089056
124.145943821452,412.663491741399,3.41952980640594
630.66554675342,313.763502635623,4.54944900795524
3.34269657382753,145.117362834465,4.19319988171537
545.197663468072,203.922160878401,3.98244060203622
33.1145821855861,492.237563738285,2.92824090040214
278.932259927158,21.5316032800649,3.79792239413732
534.312652124717,391.746002059611,3.48546968932672
67.3180478349093,72.0725642796853,5.34860357621755
6.17841443846179,79.4961376498034,3.33447348820431
589.81099427435,222.854730204998,4.08870554781205
439.313661127521,460.367413141754,4.83630971229598
659.621580555737,374.149216811736,3.10995781232054
108.336479181767,484.961278379588,4.33031617286341
625.142134607142,91.7911227018089,4.08945053699706
421.410714283665,257.233424586558,3.65116594760576
13.2272575388456,182.54195251397,3.166034936073
56.5914198372211,116.39569595546,4.26971344056199
590.435622178666,191.606977686256,4.1850671405122
252.584093385079,220.498443846477,4.20691383236597
573.569598710917,437.633837262958,3.96627614527644
301.413785009036,135.616105626052,3.89492410726754
527.931676709481,457.604491547302,3.77266999878092
46.306898241095,424.850616184566,3.66133265814694
196.708467810992,280.035578690072,3.71466868117281
535.060666096451,260.748006565462,3.73973239369376
164.571984960772,25.8218522326539,4.08801258763244
494.99583293554,343.57123557386,4.68853869662363
42.1145171046164,46.1656534396879,4.08116144073389
531.113653418955,163.698499556459,4.53292864231034
NA,NA,NA
658.789914427953,336.967713670756,3.55054997313672
455.606981577781,298.938065547983,3.81838778284229
8.90389183906396,495.362191001622,3.63956626864406
564.776064252796,52.1348599822234,4.30912895737527
72.7851290056499,375.60564593685,4.00036097548562
226.422841422144,415.164419210807,3.87874060911764
432.225956781417,14.2037353157345,3.26998885078507
363.13313720914,291.152534147767,3.07033054988556
605.402407356222,107.659624635052,4.30049451510317
393.568132041724,228.909227754732,4.21863130810432
569.516061386672,404.369071817213,4.62648919430295
140.255298432841,281.2667556978,4.70132455166679
198.586862989058,364.887274481599,4.14377784089056
124.145943821452,412.663491741399,3.41952980640594
630.66554675342,313.763502635623,4.54944900795524
3.34269657382753,145.117362834465,4.19319988171537
545.197663468072,203.922160878401,3.98244060203622
33.1145821855861,492.237563738285,2.92824090040214
278.932259927158,21.5316032800649,3.79792239413732
534.312652124717,391.746002059611,3.48546968932672
67.3180478349093,72.0725642796853,5.34860357621755
6.17841443846179,79.4961376498034,3.33447348820431
589.81099427435,222.854730204998,4.08870554781205
439.313661127521,460.367413141754,4.83630971229598
659.621580555737,374.149216811736,3.10995781232054
108.336479181767,484.961278379588,4.33031617286341
625.142134607142,91.7911227018089,4.08945053699706
421.410714283665,257.233424586558,3.65116594760576
13.2272575388456,182.54195251397,3.166034936073
56.5914198372211,116.39569595546,4.26971344056199
590.435622178666,191.606977686256,4.1850671405122
252.584093385079,220.498443846477,4.20691383236597
573.569598710917,437.633837262958,3.96627614527644
301.413785009036,135.616105626052,3.89492410726754
527.931676709481,457.604491547302,3.77266999878092
46.306898241095,424.850616184566,3.66133265814694
196.708467810992,280.035578690072,3.71466868117281
535.060666096451,260.748006565462,3.73973239369376
164.571984960772,25.8218522326539,4.08801258763244
494.99583293554,343.57123557386,4.68853869662363
42.1145171046164,46.1656534396879,4.08116144073389
531.113653418955,163.698499556459,4.53292864231034
NA,NA,NA
658.789914427953,336.967713670756,3.55054997313672
455.606981577781,298.938065547983,3.81838778284229
8.90389183906396,495.362191001622,3.63956626864406
564.776064252796,52.1348599822234,4.30912895737527
72.7851290056499,375.60564593685,4.00036097548562
226.422841422144,415.164419210807,3.87874060911764
432.225956781417,14.2037353157345,3.26998885078507
363.13313720914,291.152534147767,3.07033054988556
605.402407356222,107.659624635052,4.30049451510317
393.568132041724,228.909227754732,4.21863130810432
569.516061386672,404.369071817213,4.62648919430295
140.255298432841,281.2667556978,4.70132455166679
198.586862989058,364.887274481599,4.14377784089056
124.145943821452,412.663491741399,3.41952980640594
630.66554675342,313.763502635623,4.54944900795524
3.34269657382753,145.117362834465,4.19319988171537
545.197663468072,203.922160878401,3.98244060203622
33.1145821855861,492.237563738285,2.92824090040214
278.932259927158,21.5316032800649,3.79792239413732
534.312652124717,391.746002059611,3.48546968932672
67.3180478349093,72.0725642796853,5.34860357621755
6.17841443846179,79.4961376498034,3.33447348820431
589.81099427435,222.854730204998,4.08870554781205
439.313661127521,460.367413141754,4.83630971229598
659.621580555737,374.149216811736,3.10995781232054
108.336479181767,484.961278379588,4.33031617286341
625.142134607142,91.7911227018089,4.08945053699706
421.410714283665,257.233424586558,3.65116594760576
13.2272575388456,182.54195251397,3.166034936073
56.5914198372211,116.39569595546,4.26971344056199
590.435622178666,191.606977686256,4.1850671405122
252.584093385079,220.498443846477,4.20691383236597
573.569598710917,437.633837262958,3.96627614527644
301.413785009036,135.616105626052,3.89492410726754
527.931676709481,457.604491547302,3.77266999878092
46.306898241095,424.850616184566,3.66133265814694
196.708467810992,280.035578690072,3.71466868117281
535.060666096451,260.748006565462,3.73973239369376
164.571984960772,25.8218522326539,4.08801258763244
494.99583293554,343.57123557386,4.68853869662363
42.1145171046164,46.1656534396879,4.08116144073389
531.113653418955,163.698499556459,4.53292864231034
NA,NA,NA
664.218642040962,332.833990875078,3.52362751331727
452.691608660494,298.250950587209,3.35682322229012
10.0068015695453,495.407642267736,3.61647174937748
560.43738903864,48.0892552614118,4.27116400391331
72.0154733555703,371.648099932908,4.06348411673514
231.517243032094,410.231356213326,3.95164242668485
427.022141346552,11.3205386826355,3.29791226328056
361.338484317709,293.125297007169,3.07567881548507
601.15338726532,108.470320088416,4.34496281391371
394.630559588357,234.00449905578,4.22645029911147
574.890738584989,406.516608513176,4.71000117089338
144.617185400138,281.165209523667,4.52405070947682
200.652449092398,368.182593502951,3.9344064653488
124.034977793278,411.17720929729,3.51939031009126
628.652417216275,315.764104452642,4.62843834449495
2.65286927055484,151.081058048834,4.23887543404876
544.04355076075,199.765228090112,4.36041030601047
33.4347170619284,491.605364181955,2.98619728157742
279.562826187444,25.6224437939127,3.79349582154047
535.70623918013,392.499951032711,3.45906481682617
76.0933357796801,76.9395683039443,5.28054422324472
4.64182025649063,76.1946482854533,3.4455465092321
585.972579291227,228.865866295213,3.94153995786443
444.088047684689,457.164973949458,4.7556342182896
657.228550552679,375.12674454052,2.962323531866
108.267661045411,488.479055489144,4.37531400945336
621.508882207151,93.1408542679883,4.07610763562583
421.913905294872,254.746765756773,3.61536072480547
12.8583198899569,181.031598273754,3.03447331193575
75.3222194564981,117.693995915497,4.6636070746125
609.799983676665,208.851553824063,3.90832823370597
253.024194693041,220.821660409793,3.87785200490103
569.302945888224,422.744611153965,3.8979282029521
301.146933097942,137.972988824853,4.0081489576136
533.574020944303,462.071219772681,3.64750371917988
49.283305672223,426.035743755309,4.12690009883677
185.625564470833,276.440649062137,4.42368758939632
555.031438104548,258.771549260523,3.72503933197619
177.306059666092,35.9006364808134,4.21296056096126
501.751627106279,343.211450560952,4.60500533104631
34.7337657129121,51.1204872571053,4.41586849345571
543.071960957873,140.014703606362,4.53657665654774
NA,NA,NA
664.218642040962,332.833990875078,3.52362751331727
452.691608660494,298.250950587209,3.35682322229012
10.0068015695453,495.407642267736,3.61647174937748
560.43738903864,48.0892552614118,4.27116400391331
72.0154733555703,371.648099932908,4.06348411673514
231.517243032094,410.231356213326,3.95164242668485
427.022141346552,11.3205386826355,3.29791226328056
361.338484317709,293.125297007169,3.07567881548507
601.15338726532,108.470320088416,4.34496281391371
394.630559588357,234.00449905578,4.22645029911147
574.890738584989,406.516608513176,4.71000117089338
144.617185400138,281.165209523667,4.52405070947682
200.652449092398,368.182593502951,3.9344064653488
124.034977793278,411.17720929729,3.51939031009126
628.652417216275,315.764104452642,4.62843834449495
2.65286927055484,151.081058048834,4.23887543404876
544.04355076075,199.765228090112,4.36041030601047
33.4347170619284,491.605364181955,2.98619728157742
279.562826187444,25.6224437939127,3.79349582154047
535.70623918013,392.499951032711,3.45906481682617
76.0933357796801,76.9395683039443,5.28054422324472
4.64182025649063,76.1946482854533,3.4455465092321
585.972579291227,228.865866295213,3.94153995786443
444.088047684689,457.164973949458,4.7556342182896
657.228550552679,375.12674454052,2.962323531866
108.267661045411,488.479055489144,4.37531400945336
621.508882207151,93.1408542679883,4.07610763562583
421.913905294872,254.746765756773,3.61536072480547
12.8583198899569,181.031598273754,3.03447331193575
75.3222194564981,117.693995915497,4.6636070746125
609.799983676665,208.851553824063,3.90832823370597
253.024194693041,220.821660409793,3.87785200490103
569.302945888224,422.744611153965,3.8979282029521
301.146933097942,137.972988824853,4.0081489576136
533.574020944303,462.071219772681,3.64750371917988
49.283305672223,426.035743755309,4.12690009883677
185.625564470833,276.440649062137,4.42368758939632
555.031438104548,258.771549260523,3.72503933197619
177.306059666092,35.9006364808134,4.21296056096126
501.751627106279,343.211450560952,4.60500533104631
34.7337657129121,51.1204872571053,4.41586849345571
543.071960957873,140.014703606362,4.53657665654774
NA,NA,NA
664.218642040962,332.833990875078,3.52362751331727
452.691608660494,298.250950587209,3.35682322229012
10.0068015695453,495.407642267736,3.61647174937748
560.43738903864,48.0892552614118,4.27116400391331
72.0154733555703,371.648099932908,4.06348411673514
231.517243032094,410.231356213326,3.95164242668485
427.022141346552,11.3205386826355,3.29791226328056
361.338484317709,293.125297007169,3.07567881548507
601.15338726532,108.470320088416,4.34496281391371
394.630559588357,234.00449905578,4.22645029911147
574.890738584989,406.516608513176,4.71000117089338
144.617185400138,281.165209523667,4.52405070947682
200.652449092398,368.182593502951,3.9344064653488
124.034977793278,411.17720929729,3.51939031009126
628.652417216275,315.764104452642,4.62843834449495
2.65286927055484,151.081058048834,4.23887543404876
544.04355076075,199.765228090112,4.36041030601047
33.4347170619284,491.605364181955,2.98619728157742
279.562826187444,25.6224437939127,3.79349582154047
535.70623918013,392.499951032711,3.45906481682617
76.0933357796801,76.9395683039443,5.28054422324472
4.64182025649063,76.1946482854533,3.4455465092321
585.972579291227,228.865866295213,3.94153995786443
444.088047684689,457.164973949458,4.7556342182896
657.228550552679,375.12674454052,2.962323531866
108.267661045411,488.479055489144,4.37531400945336
621.508882207151,93.1408542679883,4.07610763562583
421.913905294872,254.746765756773,3.61536072480547
12.8583198899569,181.031598273754,3.03447331193575
75.3222194564981,117.693995915497,4.6636070746125
609.799983676665,208.851553824063,3.90832823370597
253.024194693041,220.821660409793,3.87785200490103
569.302945888224,422.744611153965,3.8979282029521
301.146933097942,137.972988824853,4.0081489576136
533.574020944303,462.071219772681,3.64750371917988
49.283305672223,426.035743755309,4.12690009883677
185.625564470833,276.440649062137,4.42368758939632
555.031438104548,258.771549260523,3.72503933197619
177.306059666092,35.9006364808134,4.21296056096126
501.751627106279,343.211450560952,4.60500533104631
34.7337657129121,51.1204872571053,4.41586849345571
543.071960957873,140.014703606362,4.53657665654774
NA,NA,NA
664.218642040962,332.833990875078,3.52362751331727
452.691608660494,298.250950587209,3.35682322229012
10.0068015695453,495.407642267736,3.61647174937748
560.43738903864,48.0892552614118,4.27116400391331
72.0154733555703,371.648099932908,4.06348411673514
231.517243032094,410.231356213326,3.95164242668485
427.022141346552,11.3205386826355,3.29791226328056
361.338484317709,293.125297007169,3.07567881548507
601.15338726532,108.470320088416,4.34496281391371
394.630559588357,234.00449905578,4.22645029911147
574.890738584989,406.516608513176,4.71000117089338
144.617185400138,281.165209523667,4.52405070947682
200.652449092398,368.182593502951,3.9344064653488
124.034977793278,411.17720929729,3.51939031009126
628.652417216275,315.764104452642,4.62843834449495
2.65286927055484,151.081058048834,4.23887543404876
544.04355076075,199.765228090112,4.36041030601047
33.4347170619284,491.605364181955,2.98619728157742
279.562826187444,25.6224437939127,3.79349582154047
535.70623918013,392.499951032711,3.45906481682617
76.0933357796801,76.9395683039443,5.28054422324472
4.64182025649063,76.1946482854533,3.4455465092321
585.972579291227,228.865866295213,3.94153995786443
444.088047684689,457.164973949458,4.7556342182896
657.228550552679,375.12674454052,2.962323531866
108.267661045411,488.479055489144,4.37531400945336
621.508882207151,93.1408542679883,4.07610763562583
421.913905294872,254.746765756773,3.61536072480547
12.8583198899569,181.031598273754,3.03447331193575
75.3222194564981,117.693995915497,4.6636070746125
609.799983676665,208.851553824063,3.90832823370597
253.024194693041,220.821660409793,3.87785200490103
569.302945888224,422.744611153965,3.8979282029521
301.146933097942,137.972988824853,4.0081489576136
533.574020944303,462.071219772681,3.64750371917988
49.283305672223,426.035743755309,4.12690009883677
185.625564470833,276.440649062137,4.42368758939632
555.031438104548,258.771549260523,3.72503933197619
177.306059666092,35.9006364808134,4.21296056096126
501.751627106279,343.211450560952,4.60500533104631
34.7337657129121,51.1204872571053,4.41586849345571
543.071960957873,140.014703606362,4.53657665654774
NA,NA,NA
664.218642040962,332.833990875078,3.52362751331727
452.691608660494,298.250950587209,3.35682322229012
10.0068015695453,495.407642267736,3.61647174937748
560.43738903864,48.0892552614118,4.27116400391331
72.0154733555703,371.648099932908,4.06348411673514
231.517243032094,410.231356213326,3.95164242668485
427.022141346552,11.3205386826355,3.29791226328056
361.338484317709,293.125297007169,3.07567881548507
601.15338726532,108.470320088416,4.34496281391371
394.630559588357,234.00449905578,4.22645029911147
574.890738584989,406.516608513176,4.71000117089338
144.617185400138,281.165209523667,4.52405070947682
200.652449092398,368.182593502951,3.9344064653488
124.034977793278,411.17720929729,3.51939031009126
628.652417216275,315.764104452642,4.62843834449495
2.65286927055484,151.081058048834,4.23887543404876
544.04355076075,199.765228090112,4.36041030601047
33.4347170619284,491.605364181955,2.98619728157742
279.562826187444,25.6224437939127,3.79349582154047
535.70623918013,392.499951032711,3.45906481682617
76.0933357796801,76.9395683039443,5.28054422324472
4.64182025649063,76.1946482854533,3.4455465092321
585.972579291227,228.865866295213,3.94153995786443
444.088047684689,457.164973949458,4.7556342182896
657.228550552679,375.12674454052,2.962323531866
108.267661045411,488.479055489144,4.37531400945336
621.508882207151,93.1408542679883,4.07610763562583
421.913905294872,254.746765756773,3.61536072480547
12.8583198899569,181.031598273754,3.03447331193575
75.3222194564981,117.693995915497,4.6636070746125
609.799983676665,208.851553824063,3.90832823370597
253.024194693041,220.821660409793,3.87785200490103
569.302945888224,422.744611153965,3.8979282029521
301.146933097942,137.972988824853,4.0081489576136
533.574020944303,462.071219772681,3.64750371917988
49.283305672223,426.035743755309,4.12690009883677
185.625564470833,276.440649062137,4.42368758939632
555.031438104548,258.771549260523,3.72503933197619
177.306059666092,35.9006364808134,4.21296056096126
501.751627106279,343.211450560952,4.60500533104631
34.7337657129121,51.1204872571053,4.41586849345571
543.071960957873,140.014703606362,4.53657665654774
NA,NA,NA
664.218642040962,332.833990875078,3.52362751331727
452.691608660494,298.250950587209,3.35682322229012
10.0068015695453,495.407642267736,3.61647174937748
560.43738903864,48.0892552614118,4.27116400391331
72.0154733555703,371.648099932908,4.06348411673514
231.517243032094,410.231356213326,3.95164242668485
427.022141346552,11.3205386826355,3.29791226328056
361.338484317709,293.125297007169,3.07567881548507
601.15338726532,108.470320088416,4.34496281391371
394.630559588357,234.00449905578,4.22645029911147
574.890738584989,406.516608513176,4.71000117089338
144.617185400138,281.165209523667,4.52405070947682
200.652449092398,368.182593502951,3.9344064653488
124.034977793278,411.17720929729,3.51939031009126
628.652417216275,315.764104452642,4.62843834449495
2.65286927055484,151.081058048834,4.23887543404876
544.04355076075,199.765228090112,4.36041030601047
33.4347170619284,491.605364181955,2.98619728157742
279.562826187444,25.6224437939127,3.79349582154047
535.70623918013,392.499951032711,3.45906481682617
76.0933357796801,76.9395683039443,5.28054422324472
4.64182025649063,76.1946482854533,3.4455465092321
585.972579291227,228.865866295213,3.94153995786443
444.088047684689,457.164973949458,4.7556342182896
657.228550552679,375.12674454052,2.962323531866
108.267661045411,488.479055489144,4.37531400945336
621.508882207151,93.1408542679883,4.07610763562583
421.913905294872,254.746765756773,3.61536072480547
12.8583198899569,181.031598273754,3.03447331193575
75.3222194564981,117.693995915497,4.6636070746125
609.799983676665,208.851553824063,3.90832823370597
253.024194693041,220.821660409793,3.87785200490103
569.302945888224,422.744611153965,3.8979282029521
301.146933097942,137.972988824853,4.0081489576136
533.574020944303,462.071219772681,3.64750371917988
49.283305672223,426.035743755309,4.12690009883677
185.625564470833,276.440649062137,4.42368758939632
555.031438104548,258.771549260523,3.72503933197619
177.306059666092,35.9006364808134,4.21296056096126
501.751627106279,343.211450560952,4.60500533104631
34.7337657129121,51.1204872571053,4.41586849345571
543.071960957873,140.014703606362,4.53657665654774
NA,NA,NA
660.739006394653,336.142959848672,3.38002227636908
456.431758546722,297.805515315033,3.69917584685827
11.088453183547,495.494233840017,3.64007574077357
561.383852925016,49.4747379406634,4.09036939439309
68.4960921669772,376.737640099888,3.92556314488874
231.520982724424,415.298129399922,3.89233053629049
428.07297601583,12.637129827741,3.27012701300641
360.129145737895,293.957786111378,3.20703551574634
602.172189113664,107.477111269782,4.28627893454876
394.421313347496,227.318563010599,4.20217165923767
568.189276085455,411.945504866532,4.75522415992184
142.43756849516,278.978948163698,4.48340216088149
200.366148989883,374.079886485733,4.05777440062042
122.889754290565,408.046847945966,3.35154749608185
624.805942693884,319.933841779475,4.63405055218032
-0.475307071089503,147.995925655094,4.24210487993273
541.69844036146,203.417043048348,4.04154625161524
33.3680843761481,492.124657722297,3.07374473564858
283.858628595565,21.7369938935317,3.81503946642923
535.01322951451,391.773806278895,3.27561295692817
66.9380927389588,80.7618331945243,5.19559409839021
2.44113701705681,74.77531259223,3.54880492131934
586.128739105407,228.242656554784,4.07034283496638
438.523655629156,458.59020980858,4.80090536933051
657.154882563723,373.349498923472,2.97979714897415
105.802149280678,493.60611137499,4.50978507937799
617.571303459904,91.1865560470573,4.08228260324904
420.048865602082,258.196427922517,3.67164082672466
13.5344956751386,182.688758809576,3.22482417051498
74.2336931207444,117.256833204015,4.36719980392478
591.937050691135,198.336724080596,4.15969080544293
254.718160643679,222.191464880457,4.11315365456298
577.910129693744,433.082725388779,3.71508568929477
301.796651377058,137.543058766514,3.89068279371037
528.372647040599,463.502716614634,3.65497632930533
47.5024278128313,414.103179339404,3.89817759848172
205.624885082808,282.951072982816,4.06569024635729
553.32888553365,271.721648856638,3.68933381914345
162.27763175727,36.4015222457223,4.3909745353565
507.621807798786,342.269224641668,4.72519247794632
33.3599874734404,52.3457216048185,3.47546520396803
529.353486383985,144.082741282941,4.45712306854122
NA,NA,NA
660.739006394653,336.142959848672,3.38002227636908
456.431758546722,297.805515315033,3.69917584685827
11.088453183547,495.494233840017,3.64007574077357
561.383852925016,49.4747379406634,4.09036939439309
68.4960921669772,376.737640099888,3.92556314488874
231.520982724424,415.298129399922,3.89233053629049
428.07297601583,12.637129827741,3.27012701300641
360.129145737895,293.957786111378,3.20703551574634
602.172189113664,107.477111269782,4.28627893454876
394.421313347496,227.318563010599,4.20217165923767
568.189276085455,411.945504866532,4.75522415992184
142.43756849516,278.978948163698,4.48340216088149
200.366148989883,374.079886485733,4.05777440062042
122.889754290565,408.046847945966,3.35154749608185
624.805942693884,319.933841779475,4.63405055218032
-0.475307071089503,147.995925655094,4.24210487993273
541.69844036146,203.417043048348,4.04154625161524
33.3680843761481,492.124657722297,3.07374473564858
283.858628595565,21.7369938935317,3.81503946642923
535.01322951451,391.773806278895,3.27561295692817
66.9380927389588,80.7618331945243,5.19559409839021
2.44113701705681,74.77531259223,3.54880492131934
586.128739105407,228.242656554784,4.07034283496638
438.523655629156,458.59020980858,4.80090536933051
657.154882563723,373.349498923472,2.97979714897415
105.802149280678,493.60611137499,4.50978507937799
617.571303459904,91.1865560470573,4.08228260324904
420.048865602082,258.196427922517,3.67164082672466
13.5344956751386,182.688758809576,3.22482417051498
74.2336931207444,117.256833204015,4.36719980392478
591.937050691135,198.336724080596,4.15969080544293
254.718160643679,222.191464880457,4.11315365456298
577.910129693744,433.082725388779,3.71508568929477
301.796651377058,137.543058766514,3.89068279371037
528.372647040599,463.502716614634,3.65497632930533
47.5024278128313,414.103179339404,3.89817759848172
205.624885082808,282.951072982816,4.06569024635729
553.32888553365,271.721648856638,3.68933381914345
162.27763175727,36.4015222457223,4.3909745353565
507.621807798786,342.269224641668,4.72519247794632
33.3599874734404,52.3457216048185,3.47546520396803
529.353486383985,144.082741282941,4.45712306854122
NA,NA,NA
660.739006394653,336.142959848672,3.38002227636908
456.431758546722,297.805515315033,3.69917584685827
11.088453183547,495.494233840017,3.64007574077357
561.383852925016,49.4747379406634,4.09036939439309
68.4960921669772,376.737640099888,3.92556314488874
231.520982724424,415.298129399922,3.89233053629049
428.07297601583,12.637129827741,3.27012701300641
360.129145737895,293.957786111378,3.20703551574634
602.172189113664,107.477111269782,4.28627893454876
394.421313347496,227.318563010599,4.20217165923767
568.189276085455,411.945504866532,4.75522415992184
142.43756849516,278.978948163698,4.48340216088149
200.366148989883,374.079886485733,4.05777440062042
122.889754290565,408.046847945966,3.35154749608185
624.805942693884,319.933841779475,4.63405055218032
-0.475307071089503,147.995925655094,4.24210487993273
541.69844036146,203.417043048348,4.04154625161524
33.3680843761481,492.124657722297,3.07374473564858
283.858628595565,21.7369938935317,3.81503946642923
535.01322951451,391.773806278895,3.27561295692817
66.9380927389588,80.7618331945243,5.19559409839021
2.44113701705681,74.77531259223,3.54880492131934
586.128739105407,228.242656554784,4.07034283496638
438.523655629156,458.59020980858,4.80090536933051
657.154882563723,373.349498923472,2.97979714897415
105.802149280678,493.60611137499,4.50978507937799
617.571303459904,91.1865560470573,4.08228260324904
420.048865602082,258.196427922517,3.67164082672466
13.5344956751386,182.688758809576,3.22482417051498
74.2336931207444,117.256833204015,4.36719980392478
591.937050691135,198.336724080596,4.15969080544293
254.718160643679,222.191464880457,4.11315365456298
577.910129693744,433.082725388779,3.71508568929477
301.796651377058,137.543058766514,3.89068279371037
528.372647040599,463.502716614634,3.65497632930533
47.5024278128313,414.103179339404,3.89817759848172
205.624885082808,282.951072982816,4.06569024635729
553.32888553365,271.721648856638,3.68933381914345
162.27763175727,36.4015222457223,4.3909745353565
507.621807798786,342.269224641668,4.72519247794632
33.3599874734404,52.3457216048185,3.47546520396803
529.353486383985,144.082741282941,4.45712306854122
NA,NA,NA
660.739006394653,336.142959848672,3.38002227636908
456.431758546722,297.805515315033,3.69917584685827
11.088453183547,495.494233840017,3.64007574077357
561.383852925016,49.4747379406634,4.09036939439309
68.4960921669772,376.737640099888,3.92556314488874
231.520982724424,415.298129399922,3.89233053629049
428.07297601583,12.637129827741,3.27012701300641
360.129145737895,293.957786111378,3.20703551574634
602.172189113664,107.477111269782,4.28627893454876
394.421313347496,227.318563010599,4.20217165923767
568.189276085455,411.945504866532,4.75522415992184
142.43756849516,278.978948163698,4.48340216088149
200.366148989883,374.079886485733,4.05777440062042
122.889754290565,408.046847945966,3.35154749608185
624.805942693884,319.933841779475,4.63405055218032
-0.475307071089503,147.995925655094,4.24210487993273
541.69844036146,203.417043048348,4.04154625161524
33.3680843761481,492.124657722297,3.07374473564858
283.858628595565,21.7369938935317,3.81503946642923
535.01322951451,391.773806278895,3.27561295692817
66.9380927389588,80.7618331945243,5.19559409839021
2.44113701705681,74.77531259223,3.54880492131934
586.128739105407,228.242656554784,4.07034283496638
438.523655629156,458.59020980858,4.80090536933051
657.154882563723,373.349498923472,2.97979714897415
105.802149280678,493.60611137499,4.50978507937799
617.571303459904,91.1865560470573,4.08228260324904
420.048865602082,258.196427922517,3.67164082672466
13.5344956751386,182.688758809576,3.22482417051498
74.2336931207444,117.256833204015,4.36719980392478
591.937050691135,198.336724080596,4.15969080544293
254.718160643679,222.191464880457,4.11315365456298
577.910129693744,433.082725388779,3.71508568929477
301.796651377058,137.543058766514,3.89068279371037
528.372647040599,463.502716614634,3.65497632930533
47.5024278128313,414.103179339404,3.89817759848172
205.624885082808,282.951072982816,4.06569024635729
553.32888553365,271.721648856638,3.68933381914345
162.27763175727,36.4015222457223,4.3909745353565
507.621807798786,342.269224641668,4.72519247794632
33.3599874734404,52.3457216048185,3.47546520396803
529.353486383985,144.082741282941,4.45712306854122
NA,NA,NA
660.739006394653,336.142959848672,3.38002227636908
456.431758546722,297.805515315033,3.69917584685827
11.088453183547,495.494233840017,3.64007574077357
561.383852925016,49.4747379406634,4.09036939439309
68.4960921669772,376.737640099888,3.92556314488874
231.520982724424,415.298129399922,3.89233053629049
428.07297601583,12.637129827741,3.27012701300641
360.129145737895,293.957786111378,3.20703551574634
602.172189113664,107.477111269782,4.28627893454876
394.421313347496,227.318563010599,4.20217165923767
568.189276085455,411.945504866532,4.75522415992184
142.43756849516,278.978948163698,4.48340216088149
200.366148989883,374.079886485733,4.05777440062042
122.889754290565,408.046847945966,3.35154749608185
624.805942693884,319.933841779475,4.63405055218032
-0.475307071089503,147.995925655094,4.24210487993273
541.69844036146,203.417043048348,4.04154625161524
33.3680843761481,492.124657722297,3.07374473564858
283.858628595565,21.7369938935317,3.81503946642923
535.01322951451,391.773806278895,3.27561295692817
66.9380927389588,80.7618331945243,5.19559409839021
2.44113701705681,74.77531259223,3.54880492131934
586.128739105407,228.242656554784,4.07034283496638
438.523655629156,458.59020980858,4.80090536933051
657.154882563723,373.349498923472,2.97979714897415
105.802149280678,493.60611137499,4.50978507937799
617.571303459904,91.1865560470573,4.08228260324904
420.048865602082,258.196427922517,3.67164082672466
13.5344956751386,182.688758809576,3.22482417051498
74.2336931207444,117.256833204015,4.36719980392478
591.937050691135,198.336724080596,4.15969080544293
254.718160643679,222.191464880457,4.11315365456298
577.910129693744,433.082725388779,3.71508568929477
301.796651377058,137.543058766514,3.89068279371037
528.372647040599,463.502716614634,3.65497632930533
47.5024278128313,414.103179339404,3.89817759848172
205.624885082808,282.951072982816,4.06569024635729
553.32888553365,271.721648856638,3.68933381914345
162.27763175727,36.4015222457223,4.3909745353565
507.621807798786,342.269224641668,4.72519247794632
33.3599874734404,52.3457216048185,3.47546520396803
529.353486383985,144.082741282941,4.45712306854122
NA,NA,NA
660.739006394653,336.142959848672,3.38002227636908
456.431758546722,297.805515315033,3.69917584685827
11.088453183547,495.494233840017,3.64007574077357
561.383852925016,49.4747379406634,4.09036939439309
68.4960921669772,376.737640099888,3.92556314488874
231.520982724424,415.298129399922,3.89233053629049
428.07297601583,12.637129827741,3.27012701300641
360.129145737895,293.957786111378,3.20703551574634
602.172189113664,107.477111269782,4.28627893454876
394.421313347496,227.318563010599,4.20217165923767
568.189276085455,411.945504866532,4.75522415992184
142.43756849516,278.978948163698,4.48340216088149
200.366148989883,374.079886485733,4.05777440062042
122.889754290565,408.046847945966,3.35154749608185
624.805942693884,319.933841779475,4.63405055218032
-0.475307071089503,147.995925655094,4.24210487993273
541.69844036146,203.417043048348,4.04154625161524
33.3680843761481,492.124657722297,3.07374473564858
283.858628595565,21.7369938935317,3.81503946642923
535.01322951451,391.773806278895,3.27561295692817
66.9380927389588,80.7618331945243,5.19559409839021
2.44113701705681,74.77531259223,3.54880492131934
586.128739105407,228.242656554784,4.07034283496638
438.523655629156,458.59020980858,4.80090536933051
657.154882563723,373.349498923472,2.97979714897415
105.802149280678,493.60611137499,4.50978507937799
617.571303459904,91.1865560470573,4.08228260324904
420.048865602082,258.196427922517,3.67164082672466
13.5344956751386,182.688758809576,3.22482417051498
74.2336931207444,117.256833204015,4.36719980392478
591.937050691135,198.336724080596,4.15969080544293
254.718160643679,222.191464880457,4.11315365456298
577.910129693744,433.082725388779,3.71508568929477
301.796651377058,137.543058766514,3.89068279371037
528.372647040599,463.502716614634,3.65497632930533
47.5024278128313,414.103179339404,3.89817759848172
205.624885082808,282.951072982816,4.06569024635729
553.32888553365,271.721648856638,3.68933381914345
162.27763175727,36.4015222457223,4.3909745353565
507.621807798786,342.269224641668,4.72519247794632
33.3599874734404,52.3457216048185,3.47546520396803
529.353486383985,144.082741282941,4.45712306854122
NA,NA,NA
661.314759591453,329.761923363531,3.42958672269281
457.386102439789,296.041591061849,3.60644413981594
12.5266789823541,493.160646481953,3.64185649009721
560.217885776872,49.633872471729,3.94013178834878
72.9788611076752,368.919020868498,4.03829706482947
231.767979056604,415.085648241513,3.89419359320655
429.393677926878,12.0026037697465,3.32289728942859
360.992129005638,292.724347668786,3.18117247603681
604.3437034878,103.429105521418,4.32870970472234
388.499044150135,238.236437448794,4.15418752674999
567.150948092096,411.27379104606,4.65311709492695
143.406976994992,285.536220119465,4.62606694923884
194.077769020355,371.508130919965,3.99775426773685
123.95424387602,412.624937008167,3.47508163899877
626.890449834459,314.135666083402,4.56422031428367
4.52880957891195,150.826135861589,4.29277195913268
540.980323627925,204.20435618038,4.03389905289535
32.5879489099071,494.277715486857,2.94042371596791
278.316325834886,22.3378109104227,3.85207053779919
535.261081153635,392.478976402736,3.34552887069725
69.9407460350346,75.4392896613747,5.28372710831671
3.36319892657972,77.8413600631862,3.38342239689517
592.103881317945,227.711163506457,3.95733671548108
438.08672278162,455.535888258284,4.81233633362471
658.436449040792,373.686616304715,3.11748244433692
105.668340607576,489.6831026858,4.36261245054078
623.162334408489,91.5384017595598,4.09362821960525
416.674509074631,256.829201414914,3.59443768808389
10.6941944248028,181.739872954705,3.27099818888017
76.262751632366,112.164944133903,4.46393199411864
608.55320196979,197.558426435432,3.90482563310937
245.276572298484,212.154234527616,4.33238872293069
571.431846834574,428.344555638277,3.86304450145407
303.107443399872,136.465777224775,3.83124734221167
534.944056144118,457.908605907853,3.42497330592702
55.8510259002819,421.994017427828,3.80971558069914
194.561385875736,293.848851919206,3.64004098953253
555.666562296005,264.232667369055,3.99773525116406
166.905922966992,25.0029938819997,3.83961518741446
496.10988913606,342.694486557454,4.24688861957599
44.8816258358805,48.5997732098582,3.86381860859838
517.684193978758,142.620551364415,4.38727436626944
NA,NA,NA
661.314759591453,329.761923363531,3.42958672269281
457.386102439789,296.041591061849,3.60644413981594
12.5266789823541,493.160646481953,3.64185649009721
560.217885776872,49.633872471729,3.94013178834878
72.9788611076752,368.919020868498,4.03829706482947
231.767979056604,415.085648241513,3.89419359320655
429.393677926878,12.0026037697465,3.32289728942859
360.992129005638,292.724347668786,3.18117247603681
604.3437034878,103.429105521418,4.32870970472234
388.499044150135,238.236437448794,4.15418752674999
567.150948092096,411.27379104606,4.65311709492695
143.406976994992,285.536220119465,4.62606694923884
194.077769020355,371.508130919965,3.99775426773685
123.95424387602,412.624937008167,3.47508163899877
626.890449834459,314.135666083402,4.56422031428367
4.52880957891195,150.826135861589,4.29277195913268
540.980323627925,204.20435618038,4.03389905289535
32.5879489099071,494.277715486857,2.94042371596791
278.316325834886,22.3378109104227,3.85207053779919
535.261081153635,392.478976402736,3.34552887069725
69.9407460350346,75.4392896613747,5.28372710831671
3.36319892657972,77.8413600631862,3.38342239689517
592.103881317945,227.711163506457,3.95733671548108
438.08672278162,455.535888258284,4.81233633362471
658.436449040792,373.686616304715,3.11748244433692
105.668340607576,489.6831026858,4.36261245054078
623.162334408489,91.5384017595598,4.09362821960525
416.674509074631,256.829201414914,3.59443768808389
10.6941944248028,181.739872954705,3.27099818888017
76.262751632366,112.164944133903,4.46393199411864
608.55320196979,197.558426435432,3.90482563310937
245.276572298484,212.154234527616,4.33238872293069
571.431846834574,428.344555638277,3.86304450145407
303.107443399872,136.465777224775,3.83124734221167
534.944056144118,457.908605907853,3.42497330592702
55.8510259002819,421.994017427828,3.80971558069914
194.561385875736,293.848851919206,3.64004098953253
555.666562296005,264.232667369055,3.99773525116406
166.905922966992,25.0029938819997,3.83961518741446
496.10988913606,342.694486557454,4.24688861957599
44.8816258358805,48.5997732098582,3.86381860859838
517.684193978758,142.620551364415,4.38727436626944
NA,NA,NA
661.314759591453,329.761923363531,3.42958672269281
457.386102439789,296.041591061849,3.60644413981594
12.5266789823541,493.160646481953,3.64185649009721
560.217885776872,49.633872471729,3.94013178834878
72.9788611076752,368.919020868498,4.03829706482947
231.767979056604,415.085648241513,3.89419359320655
429.393677926878,12.0026037697465,3.32289728942859
360.992129005638,292.724347668786,3.18117247603681
604.3437034878,103.429105521418,4.32870970472234
388.499044150135,238.236437448794,4.15418752674999
567.150948092096,411.27379104606,4.65311709492695
143.406976994992,285.536220119465,4.62606694923884
194.077769020355,371.508130919965,3.99775426773685
123.95424387602,412.624937008167,3.47508163899877
626.890449834459,314.135666083402,4.56422031428367
4.52880957891195,150.826135861589,4.29277195913268
540.980323627925,204.20435618038,4.03389905289535
32.5879489099071,494.277715486857,2.94042371596791
278.316325834886,22.3378109104227,3.85207053779919
535.261081153635,392.478976402736,3.34552887069725
69.9407460350346,75.4392896613747,5.28372710831671
3.36319892657972,77.8413600631862,3.38342239689517
592.103881317945,227.711163506457,3.95733671548108
438.08672278162,455.535888258284,4.81233633362471
658.436449040792,373.686616304715,3.11748244433692
105.668340607576,489.6831026858,4.36261245054078
623.162334408489,91.5384017595598,4.09362821960525
416.674509074631,256.829201414914,3.59443768808389
10.6941944248028,181.739872954705,3.27099818888017
76.262751632366,112.164944133903,4.46393199411864
608.55320196979,197.558426435432,3.90482563310937
245.276572298484,212.154234527616,4.33238872293069
571.431846834574,428.344555638277,3.86304450145407
303.107443399872,136.465777224775,3.83124734221167
534.944056144118,457.908605907853,3.42497330592702
55.8510259002819,421.994017427828,3.80971558069914
194.561385875736,293.848851919206,3.64004098953253
555.666562296005,264.232667369055,3.99773525116406
166.905922966992,25.0029938819997,3.83961518741446
496.10988913606,342.694486557454,4.24688861957599
44.8816258358805,48.5997732098582,3.86381860859838
517.684193978758,142.620551364415,4.38727436626944
NA,NA,NA
661.314759591453,329.761923363531,3.42958672269281
457.386102439789,296.041591061849,3.60644413981594
12.5266789823541,493.160646481953,3.64185649009721
560.217885776872,49.633872471729,3.94013178834878
72.9788611076752,368.919020868498,4.03829706482947
231.767979056604,415.085648241513,3.89419359320655
429.393677926878,12.0026037697465,3.32289728942859
360.992129005638,292.724347668786,3.18117247603681
604.3437034878,103.429105521418,4.32870970472234
388.499044150135,238.236437448794,4.15418752674999
567.150948092096,411.27379104606,4.65311709492695
143.406976994992,285.536220119465,4.62606694923884
194.077769020355,371.508130919965,3.99775426773685
123.95424387602,412.624937008167,3.47508163899877
626.890449834459,314.135666083402,4.56422031428367
4.52880957891195,150.826135861589,4.29277195913268
540.980323627925,204.20435618038,4.03389905289535
32.5879489099071,494.277715486857,2.94042371596791
278.316325834886,22.3378109104227,3.85207053779919
535.261081153635,392.478976402736,3.34552887069725
69.9407460350346,75.4392896613747,5.28372710831671
3.36319892657972,77.8413600631862,3.38342239689517
592.103881317945,227.711163506457,3.95733671548108
438.08672278162,455.535888258284,4.81233633362471
658.436449040792,373.686616304715,3.11748244433692
105.668340607576,489.6831026858,4.36261245054078
623.162334408489,91.5384017595598,4.09362821960525
416.674509074631,256.829201414914,3.59443768808389
10.6941944248028,181.739872954705,3.27099818888017
76.262751632366,112.164944133903,4.46393199411864
608.55320196979,197.558426435432,3.90482563310937
245.276572298484,212.154234527616,4.33238872293069
571.431846834574,428.344555638277,3.86304450145407
303.107443399872,136.465777224775,3.83124734221167
534.944056144118,457.908605907853,3.42497330592702
55.8510259002819,421.994017427828,3.80971558069914
194.561385875736,293.848851919206,3.64004098953253
555.666562296005,264.232667369055,3.99773525116406
166.905922966992,25.0029938819997,3.83961518741446
496.10988913606,342.694486557454,4.24688861957599
44.8816258358805,48.5997732098582,3.86381860859838
517.684193978758,142.620551364415,4.38727436626944
NA,NA,NA
661.314759591453,329.761923363531,3.42958672269281
457.386102439789,296.041591061849,3.60644413981594
12.5266789823541,493.160646481953,3.64185649009721
560.217885776872,49.633872471729,3.94013178834878
72.9788611076752,368.919020868498,4.03829706482947
231.767979056604,415.085648241513,3.89419359320655
429.393677926878,12.0026037697465,3.32289728942859
360.992129005638,292.724347668786,3.18117247603681
604.3437034878,103.429105521418,4.32870970472234
388.499044150135,238.236437448794,4.15418752674999
567.150948092096,411.27379104606,4.65311709492695
143.406976994992,285.536220119465,4.62606694923884
194.077769020355,371.508130919965,3.99775426773685
123.95424387602,412.624937008167,3.47508163899877
626.890449834459,314.135666083402,4.56422031428367
4.52880957891195,150.826135861589,4.29277195913268
540.980323627925,204.20435618038,4.03389905289535
32.5879489099071,494.277715486857,2.94042371596791
278.316325834886,22.3378109104227,3.85207053779919
535.261081153635,392.478976402736,3.34552887069725
69.9407460350346,75.4392896613747,5.28372710831671
3.36319892657972,77.8413600631862,3.38342239689517
592.103881317945,227.711163506457,3.95733671548108
438.08672278162,455.535888258284,4.81233633362471
658.436449040792,373.686616304715,3.11748244433692
105.668340607576,489.6831026858,4.36261245054078
623.162334408489,91.5384017595598,4.09362821960525
416.674509074631,256.829201414914,3.59443768808389
10.6941944248028,181.739872954705,3.27099818888017
76.262751632366,112.164944133903,4.46393199411864
608.55320196979,197.558426435432,3.90482563310937
245.276572298484,212.154234527616,4.33238872293069
571.431846834574,428.344555638277,3.86304450145407
303.107443399872,136.465777224775,3.83124734221167
534.944056144118,457.908605907853,3.42497330592702
55.8510259002819,421.994017427828,3.80971558069914
194.561385875736,293.848851919206,3.64004098953253
555.666562296005,264.232667369055,3.99773525116406
166.905922966992,25.0029938819997,3.83961518741446
496.10988913606,342.694486557454,4.24688861957599
44.8816258358805,48.5997732098582,3.86381860859838
517.684193978758,142.620551364415,4.38727436626944
NA,NA,NA
661.314759591453,329.761923363531,3.42958672269281
457.386102439789,296.041591061849,3.60644413981594
12.5266789823541,493.160646481953,3.64185649009721
560.217885776872,49.633872471729,3.94013178834878
72.9788611076752,368.919020868498,4.03829706482947
231.767979056604,415.085648241513,3.89419359320655
429.393677926878,12.0026037697465,3.32289728942859
360.992129005638,292.724347668786,3.18117247603681
604.3437034878,103.429105521418,4.32870970472234
388.499044150135,238.236437448794,4.15418752674999
567.150948092096,411.27379104606,4.65311709492695
143.406976994992,285.536220119465,4.62606694923884
194.077769020355,371.508130919965,3.99775426773685
123.95424387602,412.624937008167,3.47508163899877
626.890449834459,314.135666083402,4.56422031428367
4.52880957891195,150.826135861589,4.29277195913268
540.980323627925,204.20435618038,4.03389905289535
32.5879489099071,494.277715486857,2.94042371596791
278.316325834886,22.3378109104227,3.85207053779919
535.261081153635,392.478976402736,3.34552887069725
69.9407460350346,75.4392896613747,5.28372710831671
3.36319892657972,77.8413600631862,3.38342239689517
592.103881317945,227.711163506457,3.95733671548108
438.08672278162,455.535888258284,4.81233633362471
658.436449040792,373.686616304715,3.11748244433692
105.668340607576,489.6831026858,4.36261245054078
623.162334408489,91.5384017595598,4.09362821960525
416.674509074631,256.829201414914,3.59443768808389
10.6941944248028,181.739872954705,3.27099818888017
76.262751632366,112.164944133903,4.46393199411864
608.55320196979,197.558426435432,3.90482563310937
245.276572298484,212.154234527616,4.33238872293069
571.431846834574,428.344555638277,3.86304450145407
303.107443399872,136.465777224775,3.83124734221167
534.944056144118,457.908605907853,3.42497330592702
55.8510259002819,421.994017427828,3.80971558069914
194.561385875736,293.848851919206,3.64004098953253
555.666562296005,264.232667369055,3.99773525116406
166.905922966992,25.0029938819997,3.83961518741446
496.10988913606,342.694486557454,4.24688861957599
44.8816258358805,48.5997732098582,3.86381860859838
517.684193978758,142.620551364415,4.38727436626944
NA,NA,NA
663.337264489101,333.181595916458,3.51548169376604
455.787343673649,301.00756362424,3.66231265339685
9.57840622305681,491.309228804233,3.59994416659435
559.738611929255,51.3499481862234,4.20517779856599
68.3965737321376,375.118973910791,4.05766779227741
231.730612797593,413.106134548642,3.82060646322546
427.736333770728,15.2610932814426,3.54489653023753
363.483048489492,292.203102906827,3.06820930622136
604.325142680359,104.796767016439,4.28749233022749
394.476074963903,229.479483070121,4.22271101557338
567.856602394034,405.616331985004,4.70621128306528
141.006303373172,278.531383627569,4.60335111543901
202.810559450888,369.903940321386,3.84157241360419
126.369586542938,409.626584654744,3.36906482340734
624.16242557987,313.106255066793,4.50964963666542
1.23113486618432,149.01322886263,4.16647253379024
544.582559789099,201.651467915739,4.07219767975942
33.1081413702991,492.283274319524,3.0904607216765
280.090737986348,24.2225929926381,3.80883018981138
533.1734530563,391.84742416184,3.30417040266572
76.1105242828509,78.7589457592998,5.31718803242497
5.57195438960476,77.3971856800417,3.51316924321467
588.523584254002,231.683049350404,4.1182823158425
439.225837608936,466.924110768962,4.72637898676459
659.835417927712,375.884227514388,3.06746143759818
105.901853578417,490.047851501507,4.32185131936576
625.732986229817,91.5977320291088,4.00613359340598
420.581342752821,258.715874105773,3.65029999016095
10.0663879168033,181.403649836768,3.2682652115474
63.7181726337661,104.023996876407,4.69399496543882
619.011276008112,200.377882404713,4.01168916594059
249.488239312186,219.286532213929,3.85129705265676
566.696514942533,437.676259423358,3.71948339969664
298.334778970622,132.075803769491,3.96730888217512
534.7724314997,450.567729634321,3.71357225219555
51.7208214998922,411.519012632289,3.79992369075025
189.554858939302,280.766436399318,3.89179089437599
550.333739174396,270.357457503857,3.67631007445848
153.462204431438,21.1385341797092,4.22801177871506
499.080965192406,355.360978342508,4.50111476187953
42.9665184308859,58.6047824645798,4.29628172487134
542.099411215235,146.783092799412,4.3963099395809
NA,NA,NA
663.337264489101,333.181595916458,3.51548169376604
455.787343673649,301.00756362424,3.66231265339685
9.57840622305681,491.309228804233,3.59994416659435
559.738611929255,51.3499481862234,4.20517779856599
68.3965737321376,375.118973910791,4.05766779227741
231.730612797593,413.106134548642,3.82060646322546
427.736333770728,15.2610932814426,3.54489653023753
363.483048489492,292.203102906827,3.06820930622136
604.325142680359,104.796767016439,4.28749233022749
394.476074963903,229.479483070121,4.22271101557338
567.856602394034,405.616331985004,4.70621128306528
141.006303373172,278.531383627569,4.60335111543901
202.810559450888,369.903940321386,3.84157241360419
126.369586542938,409.626584654744,3.36906482340734
624.16242557987,313.106255066793,4.50964963666542
1.23113486618432,149.01322886263,4.16647253379024
544.582559789099,201.651467915739,4.07219767975942
33.1081413702991,492.283274319524,3.0904607216765
280.090737986348,24.2225929926381,3.80883018981138
533.1734530563,391.84742416184,3.30417040266572
76.1105242828509,78.7589457592998,5.31718803242497
5.57195438960476,77.3971856800417,3.51316924321467
588.523584254002,231.683049350404,4.1182823158425
439.225837608936,466.924110768962,4.72637898676459
659.835417927712,375.884227514388,3.06746143759818
105.901853578417,490.047851501507,4.32185131936576
625.732986229817,91.5977320291088,4.00613359340598
420.581342752821,258.715874105773,3.65029999016095
10.0663879168033,181.403649836768,3.2682652115474
63.7181726337661,104.023996876407,4.69399496543882
619.011276008112,200.377882404713,4.01168916594059
249.488239312186,219.286532213929,3.85129705265676
566.696514942533,437.676259423358,3.71948339969664
298.334778970622,132.075803769491,3.96730888217512
534.7724314997,450.567729634321,3.71357225219555
51.7208214998922,411.519012632289,3.79992369075025
189.554858939302,280.766436399318,3.89179089437599
550.333739174396,270.357457503857,3.67631007445848
153.462204431438,21.1385341797092,4.22801177871506
499.080965192406,355.360978342508,4.50111476187953
42.9665184308859,58.6047824645798,4.29628172487134
542.099411215235,146.783092799412,4.3963099395809
NA,NA,NA
663.337264489101,333.181595916458,3.51548169376604
455.787343673649,301.00756362424,3.66231265339685
9.57840622305681,491.309228804233,3.59994416659435
559.738611929255,51.3499481862234,4.20517779856599
68.3965737321376,375.118973910791,4.05766779227741
231.730612797593,413.106134548642,3.82060646322546
427.736333770728,15.2610932814426,3.54489653023753
363.483048489492,292.203102906827,3.06820930622136
604.325142680359,104.796767016439,4.28749233022749
394.476074963903,229.479483070121,4.22271101557338
567.856602394034,405.616331985004,4.70621128306528
141.006303373172,278.531383627569,4.60335111543901
202.810559450888,369.903940321386,3.84157241360419
126.369586542938,409.626584654744,3.36906482340734
624.16242557987,313.106255066793,4.50964963666542
1.23113486618432,149.01322886263,4.16647253379024
544.582559789099,201.651467915739,4.07219767975942
33.1081413702991,492.283274319524,3.0904607216765
280.090737986348,24.2225929926381,3.80883018981138
533.1734530563,391.84742416184,3.30417040266572
76.1105242828509,78.7589457592998,5.31718803242497
5.57195438960476,77.3971856800417,3.51316924321467
588.523584254002,231.683049350404,4.1182823158425
439.225837608936,466.924110768962,4.72637898676459
659.835417927712,375.884227514388,3.06746143759818
105.901853578417,490.047851501507,4.32185131936576
625.732986229817,91.5977320291088,4.00613359340598
420.581342752821,258.715874105773,3.65029999016095
10.0663879168033,181.403649836768,3.2682652115474
63.7181726337661,104.023996876407,4.69399496543882
619.011276008112,200.377882404713,4.01168916594059
249.488239312186,219.286532213929,3.85129705265676
566.696514942533,437.676259423358,3.71948339969664
298.334778970622,132.075803769491,3.96730888217512
534.7724314997,450.567729634321,3.71357225219555
51.7208214998922,411.519012632289,3.79992369075025
189.554858939302,280.766436399318,3.89179089437599
550.333739174396,270.357457503857,3.67631007445848
153.462204431438,21.1385341797092,4.22801177871506
499.080965192406,355.360978342508,4.50111476187953
42.9665184308859,58.6047824645798,4.29628172487134
542.099411215235,146.783092799412,4.3963099395809
NA,NA,NA
663.337264489101,333.181595916458,3.51548169376604
455.787343673649,301.00756362424,3.66231265339685
9.57840622305681,491.309228804233,3.59994416659435
559.738611929255,51.3499481862234,4.20517779856599
68.3965737321376,375.118973910791,4.05766779227741
231.730612797593,413.106134548642,3.82060646322546
427.736333770728,15.2610932814426,3.54489653023753
363.483048489492,292.203102906827,3.06820930622136
604.325142680359,104.796767016439,4.28749233022749
394.476074963903,229.479483070121,4.22271101557338
567.856602394034,405.616331985004,4.70621128306528
141.006303373172,278.531383627569,4.60335111543901
202.810559450888,369.903940321386,3.84157241360419
126.369586542938,409.626584654744,3.36906482340734
624.16242557987,313.106255066793,4.50964963666542
1.23113486618432,149.01322886263,4.16647253379024
544.582559789099,201.651467915739,4.07219767975942
33.1081413702991,492.283274319524,3.0904607216765
280.090737986348,24.2225929926381,3.80883018981138
533.1734530563,391.84742416184,3.30417040266572
76.1105242828509,78.7589457592998,5.31718803242497
5.57195438960476,77.3971856800417,3.51316924321467
588.523584254002,231.683049350404,4.1182823158425
439.225837608936,466.924110768962,4.72637898676459
659.835417927712,375.884227514388,3.06746143759818
105.901853578417,490.047851501507,4.32185131936576
625.732986229817,91.5977320291088,4.00613359340598
420.581342752821,258.715874105773,3.65029999016095
10.0663879168033,181.403649836768,3.2682652115474
63.7181726337661,104.023996876407,4.69399496543882
619.011276008112,200.377882404713,4.01168916594059
249.488239312186,219.286532213929,3.85129705265676
566.696514942533,437.676259423358,3.71948339969664
298.334778970622,132.075803769491,3.96730888217512
534.7724314997,450.567729634321,3.71357225219555
51.7208214998922,411.519012632289,3.79992369075025
189.554858939302,280.766436399318,3.89179089437599
550.333739174396,270.357457503857,3.67631007445848
153.462204431438,21.1385341797092,4.22801177871506
499.080965192406,355.360978342508,4.50111476187953
42.9665184308859,58.6047824645798,4.29628172487134
542.099411215235,146.783092799412,4.3963099395809
NA,NA,NA
663.337264489101,333.181595916458,3.51548169376604
455.787343673649,301.00756362424,3.66231265339685
9.57840622305681,491.309228804233,3.59994416659435
559.738611929255,51.3499481862234,4.20517779856599
68.3965737321376,375.118973910791,4.05766779227741
231.730612797593,413.106134548642,3.82060646322546
427.736333770728,15.2610932814426,3.54489653023753
363.483048489492,292.203102906827,3.06820930622136
604.325142680359,104.796767016439,4.28749233022749
394.476074963903,229.479483070121,4.22271101557338
567.856602394034,405.616331985004,4.70621128306528
141.006303373172,278.531383627569,4.60335111543901
202.810559450888,369.903940321386,3.84157241360419
126.369586542938,409.626584654744,3.36906482340734
624.16242557987,313.106255066793,4.50964963666542
1.23113486618432,149.01322886263,4.16647253379024
544.582559789099,201.651467915739,4.07219767975942
33.1081413702991,492.283274319524,3.0904607216765
280.090737986348,24.2225929926381,3.80883018981138
533.1734530563,391.84742416184,3.30417040266572
76.1105242828509,78.7589457592998,5.31718803242497
5.57195438960476,77.3971856800417,3.51316924321467
588.523584254002,231.683049350404,4.1182823158425
439.225837608936,466.924110768962,4.72637898676459
659.835417927712,375.884227514388,3.06746143759818
105.901853578417,490.047851501507,4.32185131936576
625.732986229817,91.5977320291088,4.00613359340598
420.581342752821,258.715874105773,3.65029999016095
10.0663879168033,181.403649836768,3.2682652115474
63.7181726337661,104.023996876407,4.69399496543882
619.011276008112,200.377882404713,4.01168916594059
249.488239312186,219.286532213929,3.85129705265676
566.696514942533,437.676259423358,3.71948339969664
298.334778970622,132.075803769491,3.96730888217512
534.7724314997,450.567729634321,3.71357225219555
51.7208214998922,411.519012632289,3.79992369075025
189.554858939302,280.766436399318,3.89179089437599
550.333739174396,270.357457503857,3.67631007445848
153.462204431438,21.1385341797092,4.22801177871506
499.080965192406,355.360978342508,4.50111476187953
42.9665184308859,58.6047824645798,4.29628172487134
542.099411215235,146.783092799412,4.3963099395809
NA,NA,NA
663.337264489101,333.181595916458,3.51548169376604
455.787343673649,301.00756362424,3.66231265339685
9.57840622305681,491.309228804233,3.59994416659435
559.738611929255,51.3499481862234,4.20517779856599
68.3965737321376,375.118973910791,4.05766779227741
231.730612797593,413.106134548642,3.82060646322546
427.736333770728,15.2610932814426,3.54489653023753
363.483048489492,292.203102906827,3.06820930622136
604.325142680359,104.796767016439,4.28749233022749
394.476074963903,229.479483070121,4.22271101557338
567.856602394034,405.616331985004,4.70621128306528
141.006303373172,278.531383627569,4.60335111543901
202.810559450888,369.903940321386,3.84157241360419
126.369586542938,409.626584654744,3.36906482340734
624.16242557987,313.106255066793,4.50964963666542
1.23113486618432,149.01322886263,4.16647253379024
544.582559789099,201.651467915739,4.07219767975942
33.1081413702991,492.283274319524,3.0904607216765
280.090737986348,24.2225929926381,3.80883018981138
533.1734530563,391.84742416184,3.30417040266572
76.1105242828509,78.7589457592998,5.31718803242497
5.57195438960476,77.3971856800417,3.51316924321467
588.523584254002,231.683049350404,4.1182823158425
439.225837608936,466.924110768962,4.72637898676459
659.835417927712,375.884227514388,3.06746143759818
105.901853578417,490.047851501507,4.32185131936576
625.732986229817,91.5977320291088,4.00613359340598
420.581342752821,258.715874105773,3.65029999016095
10.0663879168033,181.403649836768,3.2682652115474
63.7181726337661,104.023996876407,4.69399496543882
619.011276008112,200.377882404713,4.01168916594059
249.488239312186,219.286532213929,3.85129705265676
566.696514942533,437.676259423358,3.71948339969664
298.334778970622,132.075803769491,3.96730888217512
534.7724314997,450.567729634321,3.71357225219555
51.7208214998922,411.519012632289,3.79992369075025
189.554858939302,280.766436399318,3.89179089437599
550.333739174396,270.357457503857,3.67631007445848
153.462204431438,21.1385341797092,4.22801177871506
499.080965192406,355.360978342508,4.50111476187953
42.9665184308859,58.6047824645798,4.29628172487134
542.099411215235,146.783092799412,4.3963099395809
NA,NA,NA
659.26750645646,332.844683042868,3.58367182149774
456.516677891728,294.174715174375,3.70442868751675
9.07443686240288,498.179097934493,3.65602124368461
562.204423263539,46.437702335004,4.0400323211234
67.0998607610468,373.833473599357,3.89342335456626
230.694565634565,417.988754074639,3.77907803717741
431.180336422353,13.5737343393723,3.25153536654742
359.289222399659,291.506583880301,2.99555500111851
603.090150556109,102.699640907157,4.19315077891443
391.092757999153,231.777383573567,4.14856510061844
569.965990357499,408.17331279146,4.73127541946274
141.781471166152,280.997723066314,4.6062488973446
198.441713823789,367.162885963007,4.0780756029249
121.782373322605,410.276585612822,3.38141550362681
626.681493512735,311.54990065284,4.49731736807893
-4.0641943742261,145.715483166493,4.23516689637527
542.757833967559,198.141935105146,4.18486075983109
32.7777694207497,492.551624315146,2.98509483314199
276.357420880316,24.0969461986687,3.97164029764555
533.910583466929,390.076244276535,3.61643619985203
74.8425302421815,73.2379654950886,5.42405477942246
4.72787636547549,75.4489556357183,3.48902813348214
587.890247369347,226.803471990762,3.98847873998585
434.019413861585,458.326102353572,4.77183122176392
659.26854573779,377.155636893883,2.91557618052335
106.690116068199,484.969048367315,4.39538235554922
627.538512752599,92.3562839147879,4.1090463270861
424.310858195907,257.088499082125,3.70987087302262
11.6503513667593,181.15841914385,3.37545500465308
61.3097688098323,124.113095062871,4.37594874111282
619.70993910116,208.151006682081,4.56970455867955
250.477463819843,225.427361523886,4.05217510337144
579.749909902401,438.228994994785,3.73478373055522
297.474941553535,137.738340552954,3.77264358484516
528.275431146444,453.929803277967,3.51734624298317
47.7818639264492,414.140530817171,3.89257710934719
203.597602905904,288.748335946234,3.53119134348807
546.56212401862,265.622923528448,3.78957707030934
181.683406469456,10.8987947185925,4.48154564366451
504.288339175752,355.808840185718,4.17576103255623
37.110173548961,47.8773948299334,4.18143203370891
542.688884180027,141.187146239716,4.60593009576159
NA,NA,NA
659.26750645646,332.844683042868,3.58367182149774
456.516677891728,294.174715174375,3.70442868751675
9.07443686240288,498.179097934493,3.65602124368461
562.204423263539,46.437702335004,4.0400323211234
67.0998607610468,373.833473599357,3.89342335456626
230.694565634565,417.988754074639,3.77907803717741
431.180336422353,13.5737343393723,3.25153536654742
359.289222399659,291.506583880301,2.99555500111851
603.090150556109,102.699640907157,4.19315077891443
391.092757999153,231.777383573567,4.14856510061844
569.965990357499,408.17331279146,4.73127541946274
141.781471166152,280.997723066314,4.6062488973446
198.441713823789,367.162885963007,4.0780756029249
121.782373322605,410.276585612822,3.38141550362681
626.681493512735,311.54990065284,4.49731736807893
-4.0641943742261,145.715483166493,4.23516689637527
542.757833967559,198.141935105146,4.18486075983109
32.7777694207497,492.551624315146,2.98509483314199
276.357420880316,24.0969461986687,3.97164029764555
533.910583466929,390.076244276535,3.61643619985203
74.8425302421815,73.2379654950886,5.42405477942246
4.72787636547549,75.4489556357183,3.48902813348214
587.890247369347,226.803471990762,3.98847873998585
434.019413861585,458.326102353572,4.77183122176392
659.26854573779,377.155636893883,2.91557618052335
106.690116068199,484.969048367315,4.39538235554922
627.538512752599,92.3562839147879,4.1090463270861
424.310858195907,257.088499082125,3.70987087302262
11.6503513667593,181.15841914385,3.37545500465308
61.3097688098323,124.113095062871,4.37594874111282
619.70993910116,208.151006682081,4.56970455867955
250.477463819843,225.427361523886,4.05217510337144
579.749909902401,438.228994994785,3.73478373055522
297.474941553535,137.738340552954,3.77264358484516
528.275431146444,453.929803277967,3.51734624298317
47.7818639264492,414.140530817171,3.89257710934719
203.597602905904,288.748335946234,3.53119134348807
546.56212401862,265.622923528448,3.78957707030934
181.683406469456,10.8987947185925,4.48154564366451
504.288339175752,355.808840185718,4.17576103255623
37.110173548961,47.8773948299334,4.18143203370891
542.688884180027,141.187146239716,4.60593009576159
NA,NA,NA
659.26750645646,332.844683042868,3.58367182149774
456.516677891728,294.174715174375,3.70442868751675
9.07443686240288,498.179097934493,3.65602124368461
562.204423263539,46.437702335004,4.0400323211234
67.0998607610468,373.833473599357,3.89342335456626
230.694565634565,417.988754074639,3.77907803717741
431.180336422353,13.5737343393723,3.25153536654742
359.289222399659,291.506583880301,2.99555500111851
603.090150556109,102.699640907157,4.19315077891443
391.092757999153,231.777383573567,4.14856510061844
569.965990357499,408.17331279146,4.73127541946274
141.781471166152,280.997723066314,4.6062488973446
198.441713823789,367.162885963007,4.0780756029249
121.782373322605,410.276585612822,3.38141550362681
626.681493512735,311.54990065284,4.49731736807893
-4.0641943742261,145.715483166493,4.23516689637527
542.757833967559,198.141935105146,4.18486075983109
32.7777694207497,492.551624315146,2.98509483314199
276.357420880316,24.0969461986687,3.97164029764555
533.910583466929,390.076244276535,3.61643619985203
74.8425302421815,73.2379654950886,5.42405477942246
4.72787636547549,75.4489556357183,3.48902813348214
587.890247369347,226.803471990762,3.98847873998585
434.019413861585,458.326102353572,4.77183122176392
659.26854573779,377.155636893883,2.91557618052335
106.690116068199,484.969048367315,4.39538235554922
627.538512752599,92.3562839147879,4.1090463270861
424.310858195907,257.088499082125,3.70987087302262
11.6503513667593,181.15841914385,3.37545500465308
61.3097688098323,124.113095062871,4.37594874111282
619.70993910116,208.151006682081,4.56970455867955
250.477463819843,225.427361523886,4.05217510337144
579.749909902401,438.228994994785,3.73478373055522
297.474941553535,137.738340552954,3.77264358484516
528.275431146444,453.929803277967,3.51734624298317
47.7818639264492,414.140530817171,3.89257710934719
203.597602905904,288.748335946234,3.53119134348807
546.56212401862,265.622923528448,3.78957707030934
181.683406469456,10.8987947185925,4.48154564366451
504.288339175752,355.808840185718,4.17576103255623
37.110173548961,47.8773948299334,4.18143203370891
542.688884180027,141.187146239716,4.60593009576159
NA,NA,NA
659.26750645646,332.844683042868,3.58367182149774
456.516677891728,294.174715174375,3.70442868751675
9.07443686240288,498.179097934493,3.65602124368461
562.204423263539,46.437702335004,4.0400323211234
67.0998607610468,373.833473599357,3.89342335456626
230.694565634565,417.988754074639,3.77907803717741
431.180336422353,13.5737343393723,3.25153536654742
359.289222399659,291.506583880301,2.99555500111851
603.090150556109,102.699640907157,4.19315077891443
391.092757999153,231.777383573567,4.14856510061844
569.965990357499,408.17331279146,4.73127541946274
141.781471166152,280.997723066314,4.6062488973446
198.441713823789,367.162885963007,4.0780756029249
121.782373322605,410.276585612822,3.38141550362681
626.681493512735,311.54990065284,4.49731736807893
-4.0641943742261,145.715483166493,4.23516689637527
542.757833967559,198.141935105146,4.18486075983109
32.7777694207497,492.551624315146,2.98509483314199
276.357420880316,24.0969461986687,3.97164029764555
533.910583466929,390.076244276535,3.61643619985203
74.8425302421815,73.2379654950886,5.42405477942246
4.72787636547549,75.4489556357183,3.48902813348214
587.890247369347,226.803471990762,3.98847873998585
434.019413861585,458.326102353572,4.77183122176392
659.26854573779,377.155636893883,2.91557618052335
106.690116068199,484.969048367315,4.39538235554922
627.538512752599,92.3562839147879,4.1090463270861
424.310858195907,257.088499082125,3.70987087302262
11.6503513667593,181.15841914385,3.37545500465308
61.3097688098323,124.113095062871,4.37594874111282
619.70993910116,208.151006682081,4.56970455867955
250.477463819843,225.427361523886,4.05217510337144
579.749909902401,438.228994994785,3.73478373055522
297.474941553535,137.738340552954,3.77264358484516
528.275431146444,453.929803277967,3.51734624298317
47.7818639264492,414.140530817171,3.89257710934719
203.597602905904,288.748335946234,3.53119134348807
546.56212401862,265.622923528448,3.78957707030934
181.683406469456,10.8987947185925,4.48154564366451
504.288339175752,355.808840185718,4.17576103255623
37.110173548961,47.8773948299334,4.18143203370891
542.688884180027,141.187146239716,4.60593009576159
NA,NA,NA
659.26750645646,332.844683042868,3.58367182149774
456.516677891728,294.174715174375,3.70442868751675
9.07443686240288,498.179097934493,3.65602124368461
562.204423263539,46.437702335004,4.0400323211234
67.0998607610468,373.833473599357,3.89342335456626
230.694565634565,417.988754074639,3.77907803717741
431.180336422353,13.5737343393723,3.25153536654742
359.289222399659,291.506583880301,2.99555500111851
603.090150556109,102.699640907157,4.19315077891443
391.092757999153,231.777383573567,4.14856510061844
569.965990357499,408.17331279146,4.73127541946274
141.781471166152,280.997723066314,4.6062488973446
198.441713823789,367.162885963007,4.0780756029249
121.782373322605,410.276585612822,3.38141550362681
626.681493512735,311.54990065284,4.49731736807893
-4.0641943742261,145.715483166493,4.23516689637527
542.757833967559,198.141935105146,4.18486075983109
32.7777694207497,492.551624315146,2.98509483314199
276.357420880316,24.0969461986687,3.97164029764555
533.910583466929,390.076244276535,3.61643619985203
74.8425302421815,73.2379654950886,5.42405477942246
4.72787636547549,75.4489556357183,3.48902813348214
587.890247369347,226.803471990762,3.98847873998585
434.019413861585,458.326102353572,4.77183122176392
659.26854573779,377.155636893883,2.91557618052335
106.690116068199,484.969048367315,4.39538235554922
627.538512752599,92.3562839147879,4.1090463270861
424.310858195907,257.088499082125,3.70987087302262
11.6503513667593,181.15841914385,3.37545500465308
61.3097688098323,124.113095062871,4.37594874111282
619.70993910116,208.151006682081,4.56970455867955
250.477463819843,225.427361523886,4.05217510337144
579.749909902401,438.228994994785,3.73478373055522
297.474941553535,137.738340552954,3.77264358484516
528.275431146444,453.929803277967,3.51734624298317
47.7818639264492,414.140530817171,3.89257710934719
203.597602905904,288.748335946234,3.53119134348807
546.56212401862,265.622923528448,3.78957707030934
181.683406469456,10.8987947185925,4.48154564366451
504.288339175752,355.808840185718,4.17576103255623
37.110173548961,47.8773948299334,4.18143203370891
542.688884180027,141.187146239716,4.60593009576159
NA,NA,NA
659.26750645646,332.844683042868,3.58367182149774
456.516677891728,294.174715174375,3.70442868751675
9.07443686240288,498.179097934493,3.65602124368461
562.204423263539,46.437702335004,4.0400323211234
67.0998607610468,373.833473599357,3.89342335456626
230.694565634565,417.988754074639,3.77907803717741
431.180336422353,13.5737343393723,3.25153536654742
359.289222399659,291.506583880301,2.99555500111851
603.090150556109,102.699640907157,4.19315077891443
391.092757999153,231.777383573567,4.14856510061844
569.965990357499,408.17331279146,4.73127541946274
141.781471166152,280.997723066314,4.6062488973446
198.441713823789,367.162885963007,4.0780756029249
121.782373322605,410.276585612822,3.38141550362681
626.681493512735,311.54990065284,4.49731736807893
-4.0641943742261,145.715483166493,4.23516689637527
542.757833967559,198.141935105146,4.18486075983109
32.7777694207497,492.551624315146,2.98509483314199
276.357420880316,24.0969461986687,3.97164029764555
533.910583466929,390.076244276535,3.61643619985203
74.8425302421815,73.2379654950886,5.42405477942246
4.72787636547549,75.4489556357183,3.48902813348214
587.890247369347,226.803471990762,3.98847873998585
434.019413861585,458.326102353572,4.77183122176392
659.26854573779,377.155636893883,2.91557618052335
106.690116068199,484.969048367315,4.39538235554922
627.538512752599,92.3562839147879,4.1090463270861
424.310858195907,257.088499082125,3.70987087302262
11.6503513667593,181.15841914385,3.37545500465308
61.3097688098323,124.113095062871,4.37594874111282
619.70993910116,208.151006682081,4.56970455867955
250.477463819843,225.427361523886,4.05217510337144
579.749909902401,438.228994994785,3.73478373055522
297.474941553535,137.738340552954,3.77264358484516
528.275431146444,453.929803277967,3.51734624298317
47.7818639264492,414.140530817171,3.89257710934719
203.597602905904,288.748335946234,3.53119134348807
546.56212401862,265.622923528448,3.78957707030934
181.683406469456,10.8987947185925,4.48154564366451
504.288339175752,355.808840185718,4.17576103255623
37.110173548961,47.8773948299334,4.18143203370891
542.688884180027,141.187146239716,4.60593009576159
NA,NA,NA
660.146931336126,332.834202177472,3.52261935730319
457.011402144085,298.744928904616,3.53688658047542
9.41929189370462,492.707012699746,3.66353309489382
564.846216992365,54.8392590186026,4.1471471615679
71.2751716738581,378.304115059466,3.76319617696076
230.184835186681,410.913947421127,3.85203042255011
428.247670968782,13.6668122057586,3.26764467337266
363.364038531237,294.415862515782,3.09974732662057
604.368738465184,105.335887212544,4.13842626719022
393.051297975949,231.858429150535,4.30695219925254
568.814893943222,415.118173511978,4.7139045498074
144.836005370201,282.009642886751,4.62273504076795
197.540714255083,371.46854174741,4.13963635935682
126.691201215398,410.87171578512,3.42590199548804
629.750102321107,315.066907878897,4.46891683505864
5.61442037599381,146.066595218079,4.22723340894146
545.413738648763,201.647530850057,4.0532812311874
34.4295179293034,492.008323800273,2.97997655894005
280.687236295127,20.5379854657626,3.9449440476628
535.323680663452,392.912761000713,3.57494226086025
77.0645374091501,78.573976350276,5.27155010869417
3.57877057800604,78.0038139903437,3.23885718623929
591.05469314265,225.059403781641,4.04030771250344
447.140007403541,457.399967490564,4.76215250142918
657.394639787234,374.638585448535,3.07656875610639
103.017562021655,487.714171028373,4.40073233429216
623.820190905721,91.6739284121257,4.1489189339199
420.420644124841,260.21452707767,3.56316748407973
10.5147848193976,182.468155436555,3.06319738170056
62.6596577512694,118.469287716205,4.28125105615136
606.876871974315,189.721295469268,4.67199372756
247.286707476933,219.910992397426,3.90769416968345
561.879315784343,437.596704673722,3.77938947817369
297.992266382551,137.409749014829,3.78445586359956
524.932766823068,454.868527461031,3.4914663265457
41.8001188830235,416.869429669142,3.92681998190723
199.386562470831,278.146413503407,4.03601148325433
554.700011893724,266.144658282328,3.8241040917665
191.848062329424,18.2598312551091,4.22169512331604
511.757256668493,337.880166824739,4.57639810935804
41.8878941297826,50.6523861612819,3.60271324938146
522.729310832113,162.829472604373,4.53511116314497
NA,NA,NA
660.146931336126,332.834202177472,3.52261935730319
457.011402144085,298.744928904616,3.53688658047542
9.41929189370462,492.707012699746,3.66353309489382
564.846216992365,54.8392590186026,4.1471471615679
71.2751716738581,378.304115059466,3.76319617696076
230.184835186681,410.913947421127,3.85203042255011
428.247670968782,13.6668122057586,3.26764467337266
363.364038531237,294.415862515782,3.09974732662057
604.368738465184,105.335887212544,4.13842626719022
393.051297975949,231.858429150535,4.30695219925254
568.814893943222,415.118173511978,4.7139045498074
144.836005370201,282.009642886751,4.62273504076795
197.540714255083,371.46854174741,4.13963635935682
126.691201215398,410.87171578512,3.42590199548804
629.750102321107,315.066907878897,4.46891683505864
5.61442037599381,146.066595218079,4.22723340894146
545.413738648763,201.647530850057,4.0532812311874
34.4295179293034,492.008323800273,2.97997655894005
280.687236295127,20.5379854657626,3.9449440476628
535.323680663452,392.912761000713,3.57494226086025
77.0645374091501,78.573976350276,5.27155010869417
3.57877057800604,78.0038139903437,3.23885718623929
591.05469314265,225.059403781641,4.04030771250344
447.140007403541,457.399967490564,4.76215250142918
657.394639787234,374.638585448535,3.07656875610639
103.017562021655,487.714171028373,4.40073233429216
623.820190905721,91.6739284121257,4.1489189339199
420.420644124841,260.21452707767,3.56316748407973
10.5147848193976,182.468155436555,3.06319738170056
62.6596577512694,118.469287716205,4.28125105615136
606.876871974315,189.721295469268,4.67199372756
247.286707476933,219.910992397426,3.90769416968345
561.879315784343,437.596704673722,3.77938947817369
297.992266382551,137.409749014829,3.78445586359956
524.932766823068,454.868527461031,3.4914663265457
41.8001188830235,416.869429669142,3.92681998190723
199.386562470831,278.146413503407,4.03601148325433
554.700011893724,266.144658282328,3.8241040917665
191.848062329424,18.2598312551091,4.22169512331604
511.757256668493,337.880166824739,4.57639810935804
41.8878941297826,50.6523861612819,3.60271324938146
522.729310832113,162.829472604373,4.53511116314497
NA,NA,NA
660.146931336126,332.834202177472,3.52261935730319
457.011402144085,298.744928904616,3.53688658047542
9.41929189370462,492.707012699746,3.66353309489382
564.846216992365,54.8392590186026,4.1471471615679
71.2751716738581,378.304115059466,3.76319617696076
230.184835186681,410.913947421127,3.85203042255011
428.247670968782,13.6668122057586,3.26764467337266
363.364038531237,294.415862515782,3.09974732662057
604.368738465184,105.335887212544,4.13842626719022
393.051297975949,231.858429150535,4.30695219925254
568.814893943222,415.118173511978,4.7139045498074
144.836005370201,282.009642886751,4.62273504076795
197.540714255083,371.46854174741,4.13963635935682
126.691201215398,410.87171578512,3.42590199548804
629.750102321107,315.066907878897,4.46891683505864
5.61442037599381,146.066595218079,4.22723340894146
545.413738648763,201.647530850057,4.0532812311874
34.4295179293034,492.008323800273,2.97997655894005
280.687236295127,20.5379854657626,3.9449440476628
535.323680663452,392.912761000713,3.57494226086025
77.0645374091501,78.573976350276,5.27155010869417
3.57877057800604,78.0038139903437,3.23885718623929
591.05469314265,225.059403781641,4.04030771250344
447.140007403541,457.399967490564,4.76215250142918
657.394639787234,374.638585448535,3.07656875610639
103.017562021655,487.714171028373,4.40073233429216
623.820190905721,91.6739284121257,4.1489189339199
420.420644124841,260.21452707767,3.56316748407973
10.5147848193976,182.468155436555,3.06319738170056
62.6596577512694,118.469287716205,4.28125105615136
606.876871974315,189.721295469268,4.67199372756
247.286707476933,219.910992397426,3.90769416968345
561.879315784343,437.596704673722,3.77938947817369
297.992266382551,137.409749014829,3.78445586359956
524.932766823068,454.868527461031,3.4914663265457
41.8001188830235,416.869429669142,3.92681998190723
199.386562470831,278.146413503407,4.03601148325433
554.700011893724,266.144658282328,3.8241040917665
191.848062329424,18.2598312551091,4.22169512331604
511.757256668493,337.880166824739,4.57639810935804
41.8878941297826,50.6523861612819,3.60271324938146
522.729310832113,162.829472604373,4.53511116314497
NA,NA,NA
660.146931336126,332.834202177472,3.52261935730319
457.011402144085,298.744928904616,3.53688658047542
9.41929189370462,492.707012699746,3.66353309489382
564.846216992365,54.8392590186026,4.1471471615679
71.2751716738581,378.304115059466,3.76319617696076
230.184835186681,410.913947421127,3.85203042255011
428.247670968782,13.6668122057586,3.26764467337266
363.364038531237,294.415862515782,3.09974732662057
604.368738465184,105.335887212544,4.13842626719022
393.051297975949,231.858429150535,4.30695219925254
568.814893943222,415.118173511978,4.7139045498074
144.836005370201,282.009642886751,4.62273504076795
197.540714255083,371.46854174741,4.13963635935682
126.691201215398,410.87171578512,3.42590199548804
629.750102321107,315.066907878897,4.46891683505864
5.61442037599381,146.066595218079,4.22723340894146
545.413738648763,201.647530850057,4.0532812311874
34.4295179293034,492.008323800273,2.97997655894005
280.687236295127,20.5379854657626,3.9449440476628
535.323680663452,392.912761000713,3.57494226086025
77.0645374091501,78.573976350276,5.27155010869417
3.57877057800604,78.0038139903437,3.23885718623929
591.05469314265,225.059403781641,4.04030771250344
447.140007403541,457.399967490564,4.76215250142918
657.394639787234,374.638585448535,3.07656875610639
103.017562021655,487.714171028373,4.40073233429216
623.820190905721,91.6739284121257,4.1489189339199
420.420644124841,260.21452707767,3.56316748407973
10.5147848193976,182.468155436555,3.06319738170056
62.6596577512694,118.469287716205,4.28125105615136
606.876871974315,189.721295469268,4.67199372756
247.286707476933,219.910992397426,3.90769416968345
561.879315784343,437.596704673722,3.77938947817369
297.992266382551,137.409749014829,3.78445586359956
524.932766823068,454.868527461031,3.4914663265457
41.8001188830235,416.869429669142,3.92681998190723
199.386562470831,278.146413503407,4.03601148325433
554.700011893724,266.144658282328,3.8241040917665
191.848062329424,18.2598312551091,4.22169512331604
511.757256668493,337.880166824739,4.57639810935804
41.8878941297826,50.6523861612819,3.60271324938146
522.729310832113,162.829472604373,4.53511116314497
NA,NA,NA
660.146931336126,332.834202177472,3.52261935730319
457.011402144085,298.744928904616,3.53688658047542
9.41929189370462,492.707012699746,3.66353309489382
564.846216992365,54.8392590186026,4.1471471615679
71.2751716738581,378.304115059466,3.76319617696076
230.184835186681,410.913947421127,3.85203042255011
428.247670968782,13.6668122057586,3.26764467337266
363.364038531237,294.415862515782,3.09974732662057
604.368738465184,105.335887212544,4.13842626719022
393.051297975949,231.858429150535,4.30695219925254
568.814893943222,415.118173511978,4.7139045498074
144.836005370201,282.009642886751,4.62273504076795
197.540714255083,371.46854174741,4.13963635935682
126.691201215398,410.87171578512,3.42590199548804
629.750102321107,315.066907878897,4.46891683505864
5.61442037599381,146.066595218079,4.22723340894146
545.413738648763,201.647530850057,4.0532812311874
34.4295179293034,492.008323800273,2.97997655894005
280.687236295127,20.5379854657626,3.9449440476628
535.323680663452,392.912761000713,3.57494226086025
77.0645374091501,78.573976350276,5.27155010869417
3.57877057800604,78.0038139903437,3.23885718623929
591.05469314265,225.059403781641,4.04030771250344
447.140007403541,457.399967490564,4.76215250142918
657.394639787234,374.638585448535,3.07656875610639
103.017562021655,487.714171028373,4.40073233429216
623.820190905721,91.6739284121257,4.1489189339199
420.420644124841,260.21452707767,3.56316748407973
10.5147848193976,182.468155436555,3.06319738170056
62.6596577512694,118.469287716205,4.28125105615136
606.876871974315,189.721295469268,4.67199372756
247.286707476933,219.910992397426,3.90769416968345
561.879315784343,437.596704673722,3.77938947817369
297.992266382551,137.409749014829,3.78445586359956
524.932766823068,454.868527461031,3.4914663265457
41.8001188830235,416.869429669142,3.92681998190723
199.386562470831,278.146413503407,4.03601148325433
554.700011893724,266.144658282328,3.8241040917665
191.848062329424,18.2598312551091,4.22169512331604
511.757256668493,337.880166824739,4.57639810935804
41.8878941297826,50.6523861612819,3.60271324938146
522.729310832113,162.829472604373,4.53511116314497
NA,NA,NA
660.146931336126,332.834202177472,3.52261935730319
457.011402144085,298.744928904616,3.53688658047542
9.41929189370462,492.707012699746,3.66353309489382
564.846216992365,54.8392590186026,4.1471471615679
71.2751716738581,378.304115059466,3.76319617696076
230.184835186681,410.913947421127,3.85203042255011
428.247670968782,13.6668122057586,3.26764467337266
363.364038531237,294.415862515782,3.09974732662057
604.368738465184,105.335887212544,4.13842626719022
393.051297975949,231.858429150535,4.30695219925254
568.814893943222,415.118173511978,4.7139045498074
144.836005370201,282.009642886751,4.62273504076795
197.540714255083,371.46854174741,4.13963635935682
126.691201215398,410.87171578512,3.42590199548804
629.750102321107,315.066907878897,4.46891683505864
5.61442037599381,146.066595218079,4.22723340894146
545.413738648763,201.647530850057,4.0532812311874
34.4295179293034,492.008323800273,2.97997655894005
280.687236295127,20.5379854657626,3.9449440476628
535.323680663452,392.912761000713,3.57494226086025
77.0645374091501,78.573976350276,5.27155010869417
3.57877057800604,78.0038139903437,3.23885718623929
591.05469314265,225.059403781641,4.04030771250344
447.140007403541,457.399967490564,4.76215250142918
657.394639787234,374.638585448535,3.07656875610639
103.017562021655,487.714171028373,4.40073233429216
623.820190905721,91.6739284121257,4.1489189339199
420.420644124841,260.21452707767,3.56316748407973
10.5147848193976,182.468155436555,3.06319738170056
62.6596577512694,118.469287716205,4.28125105615136
606.876871974315,189.721295469268,4.67199372756
247.286707476933,219.910992397426,3.90769416968345
561.879315784343,437.596704673722,3.77938947817369
297.992266382551,137.409749014829,3.78445586359956
524.932766823068,454.868527461031,3.4914663265457
41.8001188830235,416.869429669142,3.92681998190723
199.386562470831,278.146413503407,4.03601148325433
554.700011893724,266.144658282328,3.8241040917665
191.848062329424,18.2598312551091,4.22169512331604
511.757256668493,337.880166824739,4.57639810935804
41.8878941297826,50.6523861612819,3.60271324938146
522.729310832113,162.829472604373,4.53511116314497
NA,NA,NA
659.925249591419,335.400005412219,3.55319343185834
457.506162744184,298.645111272747,3.79227858906667
12.5967551688132,496.66512891151,3.75172397757897
562.678166167354,54.8256321584282,4.27944363975463
70.724520551719,374.40053515227,4.0777034090131
228.063166954976,413.207854832846,3.91097360017738
428.496559578299,15.3538509664894,3.34314723201833
359.328651127208,294.439508717356,3.1203300485835
602.898828090232,107.090329515268,4.27371775993842
398.290639688278,228.54891979122,4.15940068213007
576.979094272661,408.910146968678,4.7599637653843
142.717563648544,283.80015723798,4.61473324555766
200.512787831759,367.073948997147,4.17740929568051
126.025209593217,413.273617870487,3.53533865061307
620.843388579428,315.617848178669,4.5389743395505
2.87166704502901,147.159673066811,4.25268808608157
545.273488713005,206.758791627582,4.14353300187568
34.8623210764478,490.014253814191,2.936934478399
279.223377944159,23.5320768671677,3.96186025051985
533.369772661156,390.281140103284,3.4519373044945
65.5984151234452,73.7527387409999,5.16254384176632
6.2688605954472,74.7676348078465,3.53625433456205
588.22397601073,226.776454015491,4.05428612374885
437.515336631946,460.813672829365,4.83214225796279
658.703594549024,374.776780049925,2.99782728196204
105.906354973178,485.364862656315,4.34936284990145
623.152960555199,95.5073089281625,4.05536744349545
418.165861677459,262.110578087198,3.55660508011041
10.6623142907857,182.15147362567,3.23179466766997
69.3603080290373,109.251958139002,4.46916446899512
622.302476584607,194.789342833596,4.33864952481549
253.70648780532,213.209535615966,3.52991649881131
567.220342890078,437.525462346163,3.82737264905049
297.891662127843,136.368479387466,3.86696457495435
524.280041782896,453.08571937172,3.73625352204123
52.4067664347073,414.250978932923,3.67742177652308
195.75106069218,292.512934105727,4.06572048130323
558.158638552166,252.24605072785,3.84549827885197
175.362738310581,28.0255922689058,4.36309956907943
501.942872706549,340.401056109074,4.18254781798052
35.459106590711,43.7669394356297,3.87826301713589
529.611559177236,158.214200130878,5.10213963159521
NA,NA,NA
659.925249591419,335.400005412219,3.55319343185834
457.506162744184,298.645111272747,3.79227858906667
12.5967551688132,496.66512891151,3.75172397757897
562.678166167354,54.8256321584282,4.27944363975463
70.724520551719,374.40053515227,4.0777034090131
228.063166954976,413.207854832846,3.91097360017738
428.496559578299,15.3538509664894,3.34314723201833
359.328651127208,294.439508717356,3.1203300485835
602.898828090232,107.090329515268,4.27371775993842
398.290639688278,228.54891979122,4.15940068213007
576.979094272661,408.910146968678,4.7599637653843
142.717563648544,283.80015723798,4.61473324555766
200.512787831759,367.073948997147,4.17740929568051
126.025209593217,413.273617870487,3.53533865061307
620.843388579428,315.617848178669,4.5389743395505
2.87166704502901,147.159673066811,4.25268808608157
545.273488713005,206.758791627582,4.14353300187568
34.8623210764478,490.014253814191,2.936934478399
279.223377944159,23.5320768671677,3.96186025051985
533.369772661156,390.281140103284,3.4519373044945
65.5984151234452,73.7527387409999,5.16254384176632
6.2688605954472,74.7676348078465,3.53625433456205
588.22397601073,226.776454015491,4.05428612374885
437.515336631946,460.813672829365,4.83214225796279
658.703594549024,374.776780049925,2.99782728196204
105.906354973178,485.364862656315,4.34936284990145
623.152960555199,95.5073089281625,4.05536744349545
418.165861677459,262.110578087198,3.55660508011041
10.6623142907857,182.15147362567,3.23179466766997
69.3603080290373,109.251958139002,4.46916446899512
622.302476584607,194.789342833596,4.33864952481549
253.70648780532,213.209535615966,3.52991649881131
567.220342890078,437.525462346163,3.82737264905049
297.891662127843,136.368479387466,3.86696457495435
524.280041782896,453.08571937172,3.73625352204123
52.4067664347073,414.250978932923,3.67742177652308
195.75106069218,292.512934105727,4.06572048130323
558.158638552166,252.24605072785,3.84549827885197
175.362738310581,28.0255922689058,4.36309956907943
501.942872706549,340.401056109074,4.18254781798052
35.459106590711,43.7669394356297,3.87826301713589
529.611559177236,158.214200130878,5.10213963159521
NA,NA,NA
659.925249591419,335.400005412219,3.55319343185834
457.506162744184,298.645111272747,3.79227858906667
12.5967551688132,496.66512891151,3.75172397757897
562.678166167354,54.8256321584282,4.27944363975463
70.724520551719,374.40053515227,4.0777034090131
228.063166954976,413.207854832846,3.91097360017738
428.496559578299,15.3538509664894,3.34314723201833
359.328651127208,294.439508717356,3.1203300485835
602.898828090232,107.090329515268,4.27371775993842
398.290639688278,228.54891979122,4.15940068213007
576.979094272661,408.910146968678,4.7599637653843
142.717563648544,283.80015723798,4.61473324555766
200.512787831759,367.073948997147,4.17740929568051
126.025209593217,413.273617870487,3.53533865061307
620.843388579428,315.617848178669,4.5389743395505
2.87166704502901,147.159673066811,4.25268808608157
545.273488713005,206.758791627582,4.14353300187568
34.8623210764478,490.014253814191,2.936934478399
279.223377944159,23.5320768671677,3.96186025051985
533.369772661156,390.281140103284,3.4519373044945
65.5984151234452,73.7527387409999,5.16254384176632
6.2688605954472,74.7676348078465,3.53625433456205
588.22397601073,226.776454015491,4.05428612374885
437.515336631946,460.813672829365,4.83214225796279
658.703594549024,374.776780049925,2.99782728196204
105.906354973178,485.364862656315,4.34936284990145
623.152960555199,95.5073089281625,4.05536744349545
418.165861677459,262.110578087198,3.55660508011041
10.6623142907857,182.15147362567,3.23179466766997
69.3603080290373,109.251958139002,4.46916446899512
622.302476584607,194.789342833596,4.33864952481549
253.70648780532,213.209535615966,3.52991649881131
567.220342890078,437.525462346163,3.82737264905049
297.891662127843,136.368479387466,3.86696457495435
524.280041782896,453.08571937172,3.73625352204123
52.4067664347073,414.250978932923,3.67742177652308
195.75106069218,292.512934105727,4.06572048130323
558.158638552166,252.24605072785,3.84549827885197
175.362738310581,28.0255922689058,4.36309956907943
501.942872706549,340.401056109074,4.18254781798052
35.459106590711,43.7669394356297,3.87826301713589
529.611559177236,158.214200130878,5.10213963159521
NA,NA,NA
659.925249591419,335.400005412219,3.55319343185834
457.506162744184,298.645111272747,3.79227858906667
12.5967551688132,496.66512891151,3.75172397757897
562.678166167354,54.8256321584282,4.27944363975463
70.724520551719,374.40053515227,4.0777034090131
228.063166954976,413.207854832846,3.91097360017738
428.496559578299,15.3538509664894,3.34314723201833
359.328651127208,294.439508717356,3.1203300485835
602.898828090232,107.090329515268,4.27371775993842
398.290639688278,228.54891979122,4.15940068213007
576.979094272661,408.910146968678,4.7599637653843
142.717563648544,283.80015723798,4.61473324555766
200.512787831759,367.073948997147,4.17740929568051
126.025209593217,413.273617870487,3.53533865061307
620.843388579428,315.617848178669,4.5389743395505
2.87166704502901,147.159673066811,4.25268808608157
545.273488713005,206.758791627582,4.14353300187568
34.8623210764478,490.014253814191,2.936934478399
279.223377944159,23.5320768671677,3.96186025051985
533.369772661156,390.281140103284,3.4519373044945
65.5984151234452,73.7527387409999,5.16254384176632
6.2688605954472,74.7676348078465,3.53625433456205
588.22397601073,226.776454015491,4.05428612374885
437.515336631946,460.813672829365,4.83214225796279
658.703594549024,374.776780049925,2.99782728196204
105.906354973178,485.364862656315,4.34936284990145
623.152960555199,95.5073089281625,4.05536744349545
418.165861677459,262.110578087198,3.55660508011041
10.6623142907857,182.15147362567,3.23179466766997
69.3603080290373,109.251958139002,4.46916446899512
622.302476584607,194.789342833596,4.33864952481549
253.70648780532,213.209535615966,3.52991649881131
567.220342890078,437.525462346163,3.82737264905049
297.891662127843,136.368479387466,3.86696457495435
524.280041782896,453.08571937172,3.73625352204123
52.4067664347073,414.250978932923,3.67742177652308
195.75106069218,292.512934105727,4.06572048130323
558.158638552166,252.24605072785,3.84549827885197
175.362738310581,28.0255922689058,4.36309956907943
501.942872706549,340.401056109074,4.18254781798052
35.459106590711,43.7669394356297,3.87826301713589
529.611559177236,158.214200130878,5.10213963159521
NA,NA,NA
659.925249591419,335.400005412219,3.55319343185834
457.506162744184,298.645111272747,3.79227858906667
12.5967551688132,496.66512891151,3.75172397757897
562.678166167354,54.8256321584282,4.27944363975463
70.724520551719,374.40053515227,4.0777034090131
228.063166954976,413.207854832846,3.91097360017738
428.496559578299,15.3538509664894,3.34314723201833
359.328651127208,294.439508717356,3.1203300485835
602.898828090232,107.090329515268,4.27371775993842
398.290639688278,228.54891979122,4.15940068213007
576.979094272661,408.910146968678,4.7599637653843
142.717563648544,283.80015723798,4.61473324555766
200.512787831759,367.073948997147,4.17740929568051
126.025209593217,413.273617870487,3.53533865061307
620.843388579428,315.617848178669,4.5389743395505
2.87166704502901,147.159673066811,4.25268808608157
545.273488713005,206.758791627582,4.14353300187568
34.8623210764478,490.014253814191,2.936934478399
279.223377944159,23.5320768671677,3.96186025051985
533.369772661156,390.281140103284,3.4519373044945
65.5984151234452,73.7527387409999,5.16254384176632
6.2688605954472,74.7676348078465,3.53625433456205
588.22397601073,226.776454015491,4.05428612374885
437.515336631946,460.813672829365,4.83214225796279
658.703594549024,374.776780049925,2.99782728196204
105.906354973178,485.364862656315,4.34936284990145
623.152960555199,95.5073089281625,4.05536744349545
418.165861677459,262.110578087198,3.55660508011041
10.6623142907857,182.15147362567,3.23179466766997
69.3603080290373,109.251958139002,4.46916446899512
622.302476584607,194.789342833596,4.33864952481549
253.70648780532,213.209535615966,3.52991649881131
567.220342890078,437.525462346163,3.82737264905049
297.891662127843,136.368479387466,3.86696457495435
524.280041782896,453.08571937172,3.73625352204123
52.4067664347073,414.250978932923,3.67742177652308
195.75106069218,292.512934105727,4.06572048130323
558.158638552166,252.24605072785,3.84549827885197
175.362738310581,28.0255922689058,4.36309956907943
501.942872706549,340.401056109074,4.18254781798052
35.459106590711,43.7669394356297,3.87826301713589
529.611559177236,158.214200130878,5.10213963159521
NA,NA,NA
659.925249591419,335.400005412219,3.55319343185834
457.506162744184,298.645111272747,3.79227858906667
12.5967551688132,496.66512891151,3.75172397757897
562.678166167354,54.8256321584282,4.27944363975463
70.724520551719,374.40053515227,4.0777034090131
228.063166954976,413.207854832846,3.91097360017738
428.496559578299,15.3538509664894,3.34314723201833
359.328651127208,294.439508717356,3.1203300485835
602.898828090232,107.090329515268,4.27371775993842
398.290639688278,228.54891979122,4.15940068213007
576.979094272661,408.910146968678,4.7599637653843
142.717563648544,283.80015723798,4.61473324555766
200.512787831759,367.073948997147,4.17740929568051
126.025209593217,413.273617870487,3.53533865061307
620.843388579428,315.617848178669,4.5389743395505
2.87166704502901,147.159673066811,4.25268808608157
545.273488713005,206.758791627582,4.14353300187568
34.8623210764478,490.014253814191,2.936934478399
279.223377944159,23.5320768671677,3.96186025051985
533.369772661156,390.281140103284,3.4519373044945
65.5984151234452,73.7527387409999,5.16254384176632
6.2688605954472,74.7676348078465,3.53625433456205
588.22397601073,226.776454015491,4.05428612374885
437.515336631946,460.813672829365,4.83214225796279
658.703594549024,374.776780049925,2.99782728196204
105.906354973178,485.364862656315,4.34936284990145
623.152960555199,95.5073089281625,4.05536744349545
418.165861677459,262.110578087198,3.55660508011041
10.6623142907857,182.15147362567,3.23179466766997
69.3603080290373,109.251958139002,4.46916446899512
622.302476584607,194.789342833596,4.33864952481549
253.70648780532,213.209535615966,3.52991649881131
567.220342890078,437.525462346163,3.82737264905049
297.891662127843,136.368479387466,3.86696457495435
524.280041782896,453.08571937172,3.73625352204123
52.4067664347073,414.250978932923,3.67742177652308
195.75106069218,292.512934105727,4.06572048130323
558.158638552166,252.24605072785,3.84549827885197
175.362738310581,28.0255922689058,4.36309956907943
501.942872706549,340.401056109074,4.18254781798052
35.459106590711,43.7669394356297,3.87826301713589
529.611559177236,158.214200130878,5.10213963159521
NA,NA,NA
661.904373400255,337.372988373404,3.48398915842308
457.718796580203,301.838791465736,3.62350695091776
8.42949935408669,502.559657369589,3.59910787360018
563.026583098543,52.8444090752352,4.16421021263162
69.3580305401097,371.493141899089,3.97504533100667
225.347358625645,411.256633218893,3.88591077605423
425.81144959012,13.4906507250829,3.20555567898818
360.526192854563,292.82614347935,3.15476125361783
604.534015764709,108.81586079648,4.13650836046014
390.409162216852,232.822334320702,4.13142418696342
576.56502327989,402.153382773618,4.744632166864
142.058291978563,280.403238953797,4.59778809774496
202.970961033587,376.00397916831,3.95004594257574
124.974720218692,409.864362989233,3.4794584906097
631.35929532694,320.198717358997,4.65266752763296
-0.259555023979397,150.700291819665,4.35265285657681
544.422246971119,203.207951906148,4.22828319334329
34.9161576914967,492.831202267293,3.01967344773213
283.459625694831,23.7859965819751,3.84721760088812
531.689685747312,395.228551108363,3.47065171229003
72.2153474257338,82.1528001210058,5.26519640991354
4.61283361643184,73.7181585487019,3.73828256668718
585.205462867554,226.174931905503,4.04168803434588
441.629116002343,463.3721196361,4.86851115585351
657.657123840125,374.038588659385,3.25793126261604
99.9424719976458,489.180293323059,4.30208776586147
627.432880744692,87.5844662262784,4.07784719602826
422.085271577055,259.758653371707,3.58043145378962
10.0781230548758,181.344663766448,3.29038456669477
73.7684650585736,122.375827758892,4.40601749378923
609.56004139299,187.260104970195,4.20756142682928
251.38658783026,214.959445249154,3.70946422447468
569.474876809343,426.439154611377,3.75628955892729
298.863460424976,132.667048773919,3.89026509332693
532.929595348635,454.541859540531,3.94099870593859
47.4906161240645,413.90273592222,3.83336643645371
184.810712739263,292.132010405796,4.22461858524375
550.154851925166,263.019931818412,3.65732329203649
192.812105783367,32.8151579058716,4.36942258324263
508.61378533479,348.838750651354,4.43582316095799
39.6073923261136,51.6128741729706,3.66218108463636
538.240894977374,163.633791975238,4.77048906386764
NA,NA,NA
661.904373400255,337.372988373404,3.48398915842308
457.718796580203,301.838791465736,3.62350695091776
8.42949935408669,502.559657369589,3.59910787360018
563.026583098543,52.8444090752352,4.16421021263162
69.3580305401097,371.493141899089,3.97504533100667
225.347358625645,411.256633218893,3.88591077605423
425.81144959012,13.4906507250829,3.20555567898818
360.526192854563,292.82614347935,3.15476125361783
604.534015764709,108.81586079648,4.13650836046014
390.409162216852,232.822334320702,4.13142418696342
576.56502327989,402.153382773618,4.744632166864
142.058291978563,280.403238953797,4.59778809774496
202.970961033587,376.00397916831,3.95004594257574
124.974720218692,409.864362989233,3.4794584906097
631.35929532694,320.198717358997,4.65266752763296
-0.259555023979397,150.700291819665,4.35265285657681
544.422246971119,203.207951906148,4.22828319334329
34.9161576914967,492.831202267293,3.01967344773213
283.459625694831,23.7859965819751,3.84721760088812
531.689685747312,395.228551108363,3.47065171229003
72.2153474257338,82.1528001210058,5.26519640991354
4.61283361643184,73.7181585487019,3.73828256668718
585.205462867554,226.174931905503,4.04168803434588
441.629116002343,463.3721196361,4.86851115585351
657.657123840125,374.038588659385,3.25793126261604
99.9424719976458,489.180293323059,4.30208776586147
627.432880744692,87.5844662262784,4.07784719602826
422.085271577055,259.758653371707,3.58043145378962
10.0781230548758,181.344663766448,3.29038456669477
73.7684650585736,122.375827758892,4.40601749378923
609.56004139299,187.260104970195,4.20756142682928
251.38658783026,214.959445249154,3.70946422447468
569.474876809343,426.439154611377,3.75628955892729
298.863460424976,132.667048773919,3.89026509332693
532.929595348635,454.541859540531,3.94099870593859
47.4906161240645,413.90273592222,3.83336643645371
184.810712739263,292.132010405796,4.22461858524375
550.154851925166,263.019931818412,3.65732329203649
192.812105783367,32.8151579058716,4.36942258324263
508.61378533479,348.838750651354,4.43582316095799
39.6073923261136,51.6128741729706,3.66218108463636
538.240894977374,163.633791975238,4.77048906386764
NA,NA,NA
661.904373400255,337.372988373404,3.48398915842308
457.718796580203,301.838791465736,3.62350695091776
8.42949935408669,502.559657369589,3.59910787360018
563.026583098543,52.8444090752352,4.16421021263162
69.3580305401097,371.493141899089,3.97504533100667
225.347358625645,411.256633218893,3.88591077605423
425.81144959012,13.4906507250829,3.20555567898818
360.526192854563,292.82614347935,3.15476125361783
604.534015764709,108.81586079648,4.13650836046014
390.409162216852,232.822334320702,4.13142418696342
576.56502327989,402.153382773618,4.744632166864
142.058291978563,280.403238953797,4.59778809774496
202.970961033587,376.00397916831,3.95004594257574
124.974720218692,409.864362989233,3.4794584906097
631.35929532694,320.198717358997,4.65266752763296
-0.259555023979397,150.700291819665,4.35265285657681
544.422246971119,203.207951906148,4.22828319334329
34.9161576914967,492.831202267293,3.01967344773213
283.459625694831,23.7859965819751,3.84721760088812
531.689685747312,395.228551108363,3.47065171229003
72.2153474257338,82.1528001210058,5.26519640991354
4.61283361643184,73.7181585487019,3.73828256668718
585.205462867554,226.174931905503,4.04168803434588
441.629116002343,463.3721196361,4.86851115585351
657.657123840125,374.038588659385,3.25793126261604
99.9424719976458,489.180293323059,4.30208776586147
627.432880744692,87.5844662262784,4.07784719602826
422.085271577055,259.758653371707,3.58043145378962
10.0781230548758,181.344663766448,3.29038456669477
73.7684650585736,122.375827758892,4.40601749378923
609.56004139299,187.260104970195,4.20756142682928
251.38658783026,214.959445249154,3.70946422447468
569.474876809343,426.439154611377,3.75628955892729
298.863460424976,132.667048773919,3.89026509332693
532.929595348635,454.541859540531,3.94099870593859
47.4906161240645,413.90273592222,3.83336643645371
184.810712739263,292.132010405796,4.22461858524375
550.154851925166,263.019931818412,3.65732329203649
192.812105783367,32.8151579058716,4.36942258324263
508.61378533479,348.838750651354,4.43582316095799
39.6073923261136,51.6128741729706,3.66218108463636
538.240894977374,163.633791975238,4.77048906386764
NA,NA,NA
661.904373400255,337.372988373404,3.48398915842308
457.718796580203,301.838791465736,3.62350695091776
8.42949935408669,502.559657369589,3.59910787360018
563.026583098543,52.8444090752352,4.16421021263162
69.3580305401097,371.493141899089,3.97504533100667
225.347358625645,411.256633218893,3.88591077605423
425.81144959012,13.4906507250829,3.20555567898818
360.526192854563,292.82614347935,3.15476125361783
604.534015764709,108.81586079648,4.13650836046014
390.409162216852,232.822334320702,4.13142418696342
576.56502327989,402.153382773618,4.744632166864
142.058291978563,280.403238953797,4.59778809774496
202.970961033587,376.00397916831,3.95004594257574
124.974720218692,409.864362989233,3.4794584906097
631.35929532694,320.198717358997,4.65266752763296
-0.259555023979397,150.700291819665,4.35265285657681
544.422246971119,203.207951906148,4.22828319334329
34.9161576914967,492.831202267293,3.01967344773213
283.459625694831,23.7859965819751,3.84721760088812
531.689685747312,395.228551108363,3.47065171229003
72.2153474257338,82.1528001210058,5.26519640991354
4.61283361643184,73.7181585487019,3.73828256668718
585.205462867554,226.174931905503,4.04168803434588
441.629116002343,463.3721196361,4.86851115585351
657.657123840125,374.038588659385,3.25793126261604
99.9424719976458,489.180293323059,4.30208776586147
627.432880744692,87.5844662262784,4.07784719602826
422.085271577055,259.758653371707,3.58043145378962
10.0781230548758,181.344663766448,3.29038456669477
73.7684650585736,122.375827758892,4.40601749378923
609.56004139299,187.260104970195,4.20756142682928
251.38658783026,214.959445249154,3.70946422447468
569.474876809343,426.439154611377,3.75628955892729
298.863460424976,132.667048773919,3.89026509332693
532.929595348635,454.541859540531,3.94099870593859
47.4906161240645,413.90273592222,3.83336643645371
184.810712739263,292.132010405796,4.22461858524375
550.154851925166,263.019931818412,3.65732329203649
192.812105783367,32.8151579058716,4.36942258324263
508.61378533479,348.838750651354,4.43582316095799
39.6073923261136,51.6128741729706,3.66218108463636
538.240894977374,163.633791975238,4.77048906386764
NA,NA,NA
661.904373400255,337.372988373404,3.48398915842308
457.718796580203,301.838791465736,3.62350695091776
8.42949935408669,502.559657369589,3.59910787360018
563.026583098543,52.8444090752352,4.16421021263162
69.3580305401097,371.493141899089,3.97504533100667
225.347358625645,411.256633218893,3.88591077605423
425.81144959012,13.4906507250829,3.20555567898818
360.526192854563,292.82614347935,3.15476125361783
604.534015764709,108.81586079648,4.13650836046014
390.409162216852,232.822334320702,4.13142418696342
576.56502327989,402.153382773618,4.744632166864
142.058291978563,280.403238953797,4.59778809774496
202.970961033587,376.00397916831,3.95004594257574
124.974720218692,409.864362989233,3.4794584906097
631.35929532694,320.198717358997,4.65266752763296
-0.259555023979397,150.700291819665,4.35265285657681
544.422246971119,203.207951906148,4.22828319334329
34.9161576914967,492.831202267293,3.01967344773213
283.459625694831,23.7859965819751,3.84721760088812
531.689685747312,395.228551108363,3.47065171229003
72.2153474257338,82.1528001210058,5.26519640991354
4.61283361643184,73.7181585487019,3.73828256668718
585.205462867554,226.174931905503,4.04168803434588
441.629116002343,463.3721196361,4.86851115585351
657.657123840125,374.038588659385,3.25793126261604
99.9424719976458,489.180293323059,4.30208776586147
627.432880744692,87.5844662262784,4.07784719602826
422.085271577055,259.758653371707,3.58043145378962
10.0781230548758,181.344663766448,3.29038456669477
73.7684650585736,122.375827758892,4.40601749378923
609.56004139299,187.260104970195,4.20756142682928
251.38658783026,214.959445249154,3.70946422447468
569.474876809343,426.439154611377,3.75628955892729
298.863460424976,132.667048773919,3.89026509332693
532.929595348635,454.541859540531,3.94099870593859
47.4906161240645,413.90273592222,3.83336643645371
184.810712739263,292.132010405796,4.22461858524375
550.154851925166,263.019931818412,3.65732329203649
192.812105783367,32.8151579058716,4.36942258324263
508.61378533479,348.838750651354,4.43582316095799
39.6073923261136,51.6128741729706,3.66218108463636
538.240894977374,163.633791975238,4.77048906386764
NA,NA,NA
661.904373400255,337.372988373404,3.48398915842308
457.718796580203,301.838791465736,3.62350695091776
8.42949935408669,502.559657369589,3.59910787360018
563.026583098543,52.8444090752352,4.16421021263162
69.3580305401097,371.493141899089,3.97504533100667
225.347358625645,411.256633218893,3.88591077605423
425.81144959012,13.4906507250829,3.20555567898818
360.526192854563,292.82614347935,3.15476125361783
604.534015764709,108.81586079648,4.13650836046014
390.409162216852,232.822334320702,4.13142418696342
576.56502327989,402.153382773618,4.744632166864
142.058291978563,280.403238953797,4.59778809774496
202.970961033587,376.00397916831,3.95004594257574
124.974720218692,409.864362989233,3.4794584906097
631.35929532694,320.198717358997,4.65266752763296
-0.259555023979397,150.700291819665,4.35265285657681
544.422246971119,203.207951906148,4.22828319334329
34.9161576914967,492.831202267293,3.01967344773213
283.459625694831,23.7859965819751,3.84721760088812
531.689685747312,395.228551108363,3.47065171229003
72.2153474257338,82.1528001210058,5.26519640991354
4.61283361643184,73.7181585487019,3.73828256668718
585.205462867554,226.174931905503,4.04168803434588
441.629116002343,463.3721196361,4.86851115585351
657.657123840125,374.038588659385,3.25793126261604
99.9424719976458,489.180293323059,4.30208776586147
627.432880744692,87.5844662262784,4.07784719602826
422.085271577055,259.758653371707,3.58043145378962
10.0781230548758,181.344663766448,3.29038456669477
73.7684650585736,122.375827758892,4.40601749378923
609.56004139299,187.260104970195,4.20756142682928
251.38658783026,214.959445249154,3.70946422447468
569.474876809343,426.439154611377,3.75628955892729
298.863460424976,132.667048773919,3.89026509332693
532.929595348635,454.541859540531,3.94099870593859
47.4906161240645,413.90273592222,3.83336643645371
184.810712739263,292.132010405796,4.22461858524375
550.154851925166,263.019931818412,3.65732329203649
192.812105783367,32.8151579058716,4.36942258324263
508.61378533479,348.838750651354,4.43582316095799
39.6073923261136,51.6128741729706,3.66218108463636
538.240894977374,163.633791975238,4.77048906386764
NA,NA,NA
661.946299223945,332.044821042386,3.48561262100212
456.862446634957,295.669037358626,3.70774666934027
11.7906296069573,494.750200119565,3.52310977865016
558.771464288175,53.482295677711,4.09200189691552
74.4747190461828,372.622388174695,3.9511809511312
228.888299557993,413.608376300419,3.86943453469133
427.266479861895,11.697360597493,3.28306291269995
359.780157625786,289.43964698811,3.03312840662448
605.96910145809,106.969101769278,4.18207522736932
392.966688727553,233.028047867979,4.21714794976885
568.884898595225,415.191234161765,4.77735706410277
145.964256766004,282.418055854309,4.76135807910987
201.961869653069,373.427689733442,3.94604681310012
128.420243633085,410.402683593133,3.36275174050281
628.180560509489,313.29742232077,4.66484123892891
2.09190001397065,149.826654107683,4.4555845234291
544.397051048629,202.416723141732,4.23492887861545
34.4462050607285,491.878479817046,3.05450357254477
276.634690472555,20.4362624947317,3.78461847144311
530.103284401084,391.060157391166,3.5026682700975
79.3508965689767,78.7702091356374,5.36034871159571
4.0147650243145,78.6373038396149,3.62885126553245
587.002270714549,222.264535222099,4.01228185666105
432.408464948946,458.013128872768,4.78172262545807
658.346966195896,372.265971891943,2.98158724171618
105.192047245676,482.303580769153,4.33349163401402
617.821403822519,87.6753874868538,4.0064318512484
421.431010001675,260.520233951668,3.68855110057322
10.0454575302256,181.697106149093,3.21065887774845
67.8925510183413,129.549729829107,4.63558256596825
608.754381950891,196.269190808683,4.24870599736502
256.468555645686,221.914787924064,3.8576226185569
571.044636425137,429.044192881216,3.83951727591333
298.655659623033,137.896899521916,3.92197709532126
526.073013081356,451.310266373243,3.74165510854787
44.1400683854531,424.502212821766,4.19460010311336
198.144558229997,282.192919176159,3.38173431943459
553.244302897278,255.317962340701,4.02746744260828
172.243488017571,16.8198890433357,4.49374704346844
513.080863745733,336.706890398307,4.46865956646473
44.1261017518858,46.0029862274474,3.55741913651761
536.609096818988,125.507279258165,4.63703838718351
NA,NA,NA
661.946299223945,332.044821042386,3.48561262100212
456.862446634957,295.669037358626,3.70774666934027
11.7906296069573,494.750200119565,3.52310977865016
558.771464288175,53.482295677711,4.09200189691552
74.4747190461828,372.622388174695,3.9511809511312
228.888299557993,413.608376300419,3.86943453469133
427.266479861895,11.697360597493,3.28306291269995
359.780157625786,289.43964698811,3.03312840662448
605.96910145809,106.969101769278,4.18207522736932
392.966688727553,233.028047867979,4.21714794976885
568.884898595225,415.191234161765,4.77735706410277
145.964256766004,282.418055854309,4.76135807910987
201.961869653069,373.427689733442,3.94604681310012
128.420243633085,410.402683593133,3.36275174050281
628.180560509489,313.29742232077,4.66484123892891
2.09190001397065,149.826654107683,4.4555845234291
544.397051048629,202.416723141732,4.23492887861545
34.4462050607285,491.878479817046,3.05450357254477
276.634690472555,20.4362624947317,3.78461847144311
530.103284401084,391.060157391166,3.5026682700975
79.3508965689767,78.7702091356374,5.36034871159571
4.0147650243145,78.6373038396149,3.62885126553245
587.002270714549,222.264535222099,4.01228185666105
432.408464948946,458.013128872768,4.78172262545807
658.346966195896,372.265971891943,2.98158724171618
105.192047245676,482.303580769153,4.33349163401402
617.821403822519,87.6753874868538,4.0064318512484
421.431010001675,260.520233951668,3.68855110057322
10.0454575302256,181.697106149093,3.21065887774845
67.8925510183413,129.549729829107,4.63558256596825
608.754381950891,196.269190808683,4.24870599736502
256.468555645686,221.914787924064,3.8576226185569
571.044636425137,429.044192881216,3.83951727591333
298.655659623033,137.896899521916,3.92197709532126
526.073013081356,451.310266373243,3.74165510854787
44.1400683854531,424.502212821766,4.19460010311336
198.144558229997,282.192919176159,3.38173431943459
553.244302897278,255.317962340701,4.02746744260828
172.243488017571,16.8198890433357,4.49374704346844
513.080863745733,336.706890398307,4.46865956646473
44.1261017518858,46.0029862274474,3.55741913651761
536.609096818988,125.507279258165,4.63703838718351
NA,NA,NA
661.946299223945,332.044821042386,3.48561262100212
456.862446634957,295.669037358626,3.70774666934027
11.7906296069573,494.750200119565,3.52310977865016
558.771464288175,53.482295677711,4.09200189691552
74.4747190461828,372.622388174695,3.9511809511312
228.888299557993,413.608376300419,3.86943453469133
427.266479861895,11.697360597493,3.28306291269995
359.780157625786,289.43964698811,3.03312840662448
605.96910145809,106.969101769278,4.18207522736932
392.966688727553,233.028047867979,4.21714794976885
568.884898595225,415.191234161765,4.77735706410277
145.964256766004,282.418055854309,4.76135807910987
201.961869653069,373.427689733442,3.94604681310012
128.420243633085,410.402683593133,3.36275174050281
628.180560509489,313.29742232077,4.66484123892891
2.09190001397065,149.826654107683,4.4555845234291
544.397051048629,202.416723141732,4.23492887861545
34.4462050607285,491.878479817046,3.05450357254477
276.634690472555,20.4362624947317,3.78461847144311
530.103284401084,391.060157391166,3.5026682700975
79.3508965689767,78.7702091356374,5.36034871159571
4.0147650243145,78.6373038396149,3.62885126553245
587.002270714549,222.264535222099,4.01228185666105
432.408464948946,458.013128872768,4.78172262545807
658.346966195896,372.265971891943,2.98158724171618
105.192047245676,482.303580769153,4.33349163401402
617.821403822519,87.6753874868538,4.0064318512484
421.431010001675,260.520233951668,3.68855110057322
10.0454575302256,181.697106149093,3.21065887774845
67.8925510183413,129.549729829107,4.63558256596825
608.754381950891,196.269190808683,4.24870599736502
256.468555645686,221.914787924064,3.8576226185569
571.044636425137,429.044192881216,3.83951727591333
298.655659623033,137.896899521916,3.92197709532126
526.073013081356,451.310266373243,3.74165510854787
44.1400683854531,424.502212821766,4.19460010311336
198.144558229997,282.192919176159,3.38173431943459
553.244302897278,255.317962340701,4.02746744260828
172.243488017571,16.8198890433357,4.49374704346844
513.080863745733,336.706890398307,4.46865956646473
44.1261017518858,46.0029862274474,3.55741913651761
536.609096818988,125.507279258165,4.63703838718351
NA,NA,NA
661.946299223945,332.044821042386,3.48561262100212
456.862446634957,295.669037358626,3.70774666934027
11.7906296069573,494.750200119565,3.52310977865016
558.771464288175,53.482295677711,4.09200189691552
74.4747190461828,372.622388174695,3.9511809511312
228.888299557993,413.608376300419,3.86943453469133
427.266479861895,11.697360597493,3.28306291269995
359.780157625786,289.43964698811,3.03312840662448
605.96910145809,106.969101769278,4.18207522736932
392.966688727553,233.028047867979,4.21714794976885
568.884898595225,415.191234161765,4.77735706410277
145.964256766004,282.418055854309,4.76135807910987
201.961869653069,373.427689733442,3.94604681310012
128.420243633085,410.402683593133,3.36275174050281
628.180560509489,313.29742232077,4.66484123892891
2.09190001397065,149.826654107683,4.4555845234291
544.397051048629,202.416723141732,4.23492887861545
34.4462050607285,491.878479817046,3.05450357254477
276.634690472555,20.4362624947317,3.78461847144311
530.103284401084,391.060157391166,3.5026682700975
79.3508965689767,78.7702091356374,5.36034871159571
4.0147650243145,78.6373038396149,3.62885126553245
587.002270714549,222.264535222099,4.01228185666105
432.408464948946,458.013128872768,4.78172262545807
658.346966195896,372.265971891943,2.98158724171618
105.192047245676,482.303580769153,4.33349163401402
617.821403822519,87.6753874868538,4.0064318512484
421.431010001675,260.520233951668,3.68855110057322
10.0454575302256,181.697106149093,3.21065887774845
67.8925510183413,129.549729829107,4.63558256596825
608.754381950891,196.269190808683,4.24870599736502
256.468555645686,221.914787924064,3.8576226185569
571.044636425137,429.044192881216,3.83951727591333
298.655659623033,137.896899521916,3.92197709532126
526.073013081356,451.310266373243,3.74165510854787
44.1400683854531,424.502212821766,4.19460010311336
198.144558229997,282.192919176159,3.38173431943459
553.244302897278,255.317962340701,4.02746744260828
172.243488017571,16.8198890433357,4.49374704346844
513.080863745733,336.706890398307,4.46865956646473
44.1261017518858,46.0029862274474,3.55741913651761
536.609096818988,125.507279258165,4.63703838718351
NA,NA,NA
661.946299223945,332.044821042386,3.48561262100212
456.862446634957,295.669037358626,3.70774666934027
11.7906296069573,494.750200119565,3.52310977865016
558.771464288175,53.482295677711,4.09200189691552
74.4747190461828,372.622388174695,3.9511809511312
228.888299557993,413.608376300419,3.86943453469133
427.266479861895,11.697360597493,3.28306291269995
359.780157625786,289.43964698811,3.03312840662448
605.96910145809,106.969101769278,4.18207522736932
392.966688727553,233.028047867979,4.21714794976885
568.884898595225,415.191234161765,4.77735706410277
145.964256766004,282.418055854309,4.76135807910987
201.961869653069,373.427689733442,3.94604681310012
128.420243633085,410.402683593133,3.36275174050281
628.180560509489,313.29742232077,4.66484123892891
2.09190001397065,149.826654107683,4.4555845234291
544.397051048629,202.416723141732,4.23492887861545
34.4462050607285,491.878479817046,3.05450357254477
276.634690472555,20.4362624947317,3.78461847144311
530.103284401084,391.060157391166,3.5026682700975
79.3508965689767,78.7702091356374,5.36034871159571
4.0147650243145,78.6373038396149,3.62885126553245
587.002270714549,222.264535222099,4.01228185666105
432.408464948946,458.013128872768,4.78172262545807
658.346966195896,372.265971891943,2.98158724171618
105.192047245676,482.303580769153,4.33349163401402
617.821403822519,87.6753874868538,4.0064318512484
421.431010001675,260.520233951668,3.68855110057322
10.0454575302256,181.697106149093,3.21065887774845
67.8925510183413,129.549729829107,4.63558256596825
608.754381950891,196.269190808683,4.24870599736502
256.468555645686,221.914787924064,3.8576226185569
571.044636425137,429.044192881216,3.83951727591333
298.655659623033,137.896899521916,3.92197709532126
526.073013081356,451.310266373243,3.74165510854787
44.1400683854531,424.502212821766,4.19460010311336
198.144558229997,282.192919176159,3.38173431943459
553.244302897278,255.317962340701,4.02746744260828
172.243488017571,16.8198890433357,4.49374704346844
513.080863745733,336.706890398307,4.46865956646473
44.1261017518858,46.0029862274474,3.55741913651761
536.609096818988,125.507279258165,4.63703838718351
NA,NA,NA
661.946299223945,332.044821042386,3.48561262100212
456.862446634957,295.669037358626,3.70774666934027
11.7906296069573,494.750200119565,3.52310977865016
558.771464288175,53.482295677711,4.09200189691552
74.4747190461828,372.622388174695,3.9511809511312
228.888299557993,413.608376300419,3.86943453469133
427.266479861895,11.697360597493,3.28306291269995
359.780157625786,289.43964698811,3.03312840662448
605.96910145809,106.969101769278,4.18207522736932
392.966688727553,233.028047867979,4.21714794976885
568.884898595225,415.191234161765,4.77735706410277
145.964256766004,282.418055854309,4.76135807910987
201.961869653069,373.427689733442,3.94604681310012
128.420243633085,410.402683593133,3.36275174050281
628.180560509489,313.29742232077,4.66484123892891
2.09190001397065,149.826654107683,4.4555845234291
544.397051048629,202.416723141732,4.23492887861545
34.4462050607285,491.878479817046,3.05450357254477
276.634690472555,20.4362624947317,3.78461847144311
530.103284401084,391.060157391166,3.5026682700975
79.3508965689767,78.7702091356374,5.36034871159571
4.0147650243145,78.6373038396149,3.62885126553245
587.002270714549,222.264535222099,4.01228185666105
432.408464948946,458.013128872768,4.78172262545807
658.346966195896,372.265971891943,2.98158724171618
105.192047245676,482.303580769153,4.33349163401402
617.821403822519,87.6753874868538,4.0064318512484
421.431010001675,260.520233951668,3.68855110057322
10.0454575302256,181.697106149093,3.21065887774845
67.8925510183413,129.549729829107,4.63558256596825
608.754381950891,196.269190808683,4.24870599736502
256.468555645686,221.914787924064,3.8576226185569
571.044636425137,429.044192881216,3.83951727591333
298.655659623033,137.896899521916,3.92197709532126
526.073013081356,451.310266373243,3.74165510854787
44.1400683854531,424.502212821766,4.19460010311336
198.144558229997,282.192919176159,3.38173431943459
553.244302897278,255.317962340701,4.02746744260828
172.243488017571,16.8198890433357,4.49374704346844
513.080863745733,336.706890398307,4.46865956646473
44.1261017518858,46.0029862274474,3.55741913651761
536.609096818988,125.507279258165,4.63703838718351
NA,NA,NA
659.723497683115,338.109243106759,3.47974534295112
455.498197686896,297.01381506509,3.63165516840723
12.6638933516756,494.457368130946,3.63503104541373
560.392852560328,48.1294900534122,4.00611677616784
76.049118220933,373.573677461859,4.05612096914535
221.679953468956,413.971675466331,3.89420350349346
427.296593617878,11.8411182666334,3.42341709266021
360.541346918194,290.024111747682,2.91332989513195
605.544832361111,98.666409769647,4.28264961314006
394.683499581906,230.632247651836,4.28267714220879
570.64366538829,408.034633952481,4.6487950767651
135.512138458033,286.518948320085,4.64214158838953
195.966934577229,365.705782063733,4.00231832788296
129.497487855806,413.383848986286,3.50155873007959
624.916584286291,311.588626320428,4.70786012810894
1.40982230514447,144.871028443886,4.26367596173501
545.655139182812,201.519830435963,4.23171237667474
32.0549083957075,491.128910760376,3.13776461836093
278.174811435205,22.9114482053699,3.80671660478892
532.889859703885,393.981530120353,3.19478460344721
80.1293295439776,85.0569555000335,5.18911095639841
3.2982643253743,73.5694865607166,3.40583315220848
592.476544949619,224.49464240791,4.0567695536803
438.144928001159,457.755365358275,4.8647576058206
661.450761505458,371.468108129529,3.16772738483682
103.372315228687,485.084288498439,4.38567135840834
627.796249241042,90.7397355399238,4.0673347714962
423.884838083452,255.208501702904,3.6559684477222
11.6459547695082,182.530701035463,3.37976946862589
64.994860613845,122.325685082954,4.81415537156341
611.154697621017,202.553246279156,4.13089158914751
241.398836265223,219.990766052067,3.82341709661903
576.48814211321,437.472203672404,3.90256103338484
298.318561732384,133.070270635574,3.82526148433499
525.652483534324,466.6642973507,3.62154750012589
44.1119529016174,423.059428048296,3.88791328724087
205.347674619249,295.12169708847,4.22387014385903
557.46338776815,260.953836346751,4.00157672090274
177.550197274874,33.6096249504739,4.56970801574545
494.344501065542,346.543792241008,4.75690732566703
39.9444040749852,56.1752387132661,3.83085855098718
517.917578405426,154.777390517573,4.5581155470208
NA,NA,NA
659.723497683115,338.109243106759,3.47974534295112
455.498197686896,297.01381506509,3.63165516840723
12.6638933516756,494.457368130946,3.63503104541373
560.392852560328,48.1294900534122,4.00611677616784
76.049118220933,373.573677461859,4.05612096914535
221.679953468956,413.971675466331,3.89420350349346
427.296593617878,11.8411182666334,3.42341709266021
360.541346918194,290.024111747682,2.91332989513195
605.544832361111,98.666409769647,4.28264961314006
394.683499581906,230.632247651836,4.28267714220879
570.64366538829,408.034633952481,4.6487950767651
135.512138458033,286.518948320085,4.64214158838953
195.966934577229,365.705782063733,4.00231832788296
129.497487855806,413.383848986286,3.50155873007959
624.916584286291,311.588626320428,4.70786012810894
1.40982230514447,144.871028443886,4.26367596173501
545.655139182812,201.519830435963,4.23171237667474
32.0549083957075,491.128910760376,3.13776461836093
278.174811435205,22.9114482053699,3.80671660478892
532.889859703885,393.981530120353,3.19478460344721
80.1293295439776,85.0569555000335,5.18911095639841
3.2982643253743,73.5694865607166,3.40583315220848
592.476544949619,224.49464240791,4.0567695536803
438.144928001159,457.755365358275,4.8647576058206
661.450761505458,371.468108129529,3.16772738483682
103.372315228687,485.084288498439,4.38567135840834
627.796249241042,90.7397355399238,4.0673347714962
423.884838083452,255.208501702904,3.6559684477222
11.6459547695082,182.530701035463,3.37976946862589
64.994860613845,122.325685082954,4.81415537156341
611.154697621017,202.553246279156,4.13089158914751
241.398836265223,219.990766052067,3.82341709661903
576.48814211321,437.472203672404,3.90256103338484
298.318561732384,133.070270635574,3.82526148433499
525.652483534324,466.6642973507,3.62154750012589
44.1119529016174,423.059428048296,3.88791328724087
205.347674619249,295.12169708847,4.22387014385903
557.46338776815,260.953836346751,4.00157672090274
177.550197274874,33.6096249504739,4.56970801574545
494.344501065542,346.543792241008,4.75690732566703
39.9444040749852,56.1752387132661,3.83085855098718
517.917578405426,154.777390517573,4.5581155470208
NA,NA,NA
659.723497683115,338.109243106759,3.47974534295112
455.498197686896,297.01381506509,3.63165516840723
12.6638933516756,494.457368130946,3.63503104541373
560.392852560328,48.1294900534122,4.00611677616784
76.049118220933,373.573677461859,4.05612096914535
221.679953468956,413.971675466331,3.89420350349346
427.296593617878,11.8411182666334,3.42341709266021
360.541346918194,290.024111747682,2.91332989513195
605.544832361111,98.666409769647,4.28264961314006
394.683499581906,230.632247651836,4.28267714220879
570.64366538829,408.034633952481,4.6487950767651
135.512138458033,286.518948320085,4.64214158838953
195.966934577229,365.705782063733,4.00231832788296
129.497487855806,413.383848986286,3.50155873007959
624.916584286291,311.588626320428,4.70786012810894
1.40982230514447,144.871028443886,4.26367596173501
545.655139182812,201.519830435963,4.23171237667474
32.0549083957075,491.128910760376,3.13776461836093
278.174811435205,22.9114482053699,3.80671660478892
532.889859703885,393.981530120353,3.19478460344721
80.1293295439776,85.0569555000335,5.18911095639841
3.2982643253743,73.5694865607166,3.40583315220848
592.476544949619,224.49464240791,4.0567695536803
438.144928001159,457.755365358275,4.8647576058206
661.450761505458,371.468108129529,3.16772738483682
103.372315228687,485.084288498439,4.38567135840834
627.796249241042,90.7397355399238,4.0673347714962
423.884838083452,255.208501702904,3.6559684477222
11.6459547695082,182.530701035463,3.37976946862589
64.994860613845,122.325685082954,4.81415537156341
611.154697621017,202.553246279156,4.13089158914751
241.398836265223,219.990766052067,3.82341709661903
576.48814211321,437.472203672404,3.90256103338484
298.318561732384,133.070270635574,3.82526148433499
525.652483534324,466.6642973507,3.62154750012589
44.1119529016174,423.059428048296,3.88791328724087
205.347674619249,295.12169708847,4.22387014385903
557.46338776815,260.953836346751,4.00157672090274
177.550197274874,33.6096249504739,4.56970801574545
494.344501065542,346.543792241008,4.75690732566703
39.9444040749852,56.1752387132661,3.83085855098718
517.917578405426,154.777390517573,4.5581155470208
NA,NA,NA
659.723497683115,338.109243106759,3.47974534295112
455.498197686896,297.01381506509,3.63165516840723
12.6638933516756,494.457368130946,3.63503104541373
560.392852560328,48.1294900534122,4.00611677616784
76.049118220933,373.573677461859,4.05612096914535
221.679953468956,413.971675466331,3.89420350349346
427.296593617878,11.8411182666334,3.42341709266021
360.541346918194,290.024111747682,2.91332989513195
605.544832361111,98.666409769647,4.28264961314006
394.683499581906,230.632247651836,4.28267714220879
570.64366538829,408.034633952481,4.6487950767651
135.512138458033,286.518948320085,4.64214158838953
195.966934577229,365.705782063733,4.00231832788296
129.497487855806,413.383848986286,3.50155873007959
624.916584286291,311.588626320428,4.70786012810894
1.40982230514447,144.871028443886,4.26367596173501
545.655139182812,201.519830435963,4.23171237667474
32.0549083957075,491.128910760376,3.13776461836093
278.174811435205,22.9114482053699,3.80671660478892
532.889859703885,393.981530120353,3.19478460344721
80.1293295439776,85.0569555000335,5.18911095639841
3.2982643253743,73.5694865607166,3.40583315220848
592.476544949619,224.49464240791,4.0567695536803
438.144928001159,457.755365358275,4.8647576058206
661.450761505458,371.468108129529,3.16772738483682
103.372315228687,485.084288498439,4.38567135840834
627.796249241042,90.7397355399238,4.0673347714962
423.884838083452,255.208501702904,3.6559684477222
11.6459547695082,182.530701035463,3.37976946862589
64.994860613845,122.325685082954,4.81415537156341
611.154697621017,202.553246279156,4.13089158914751
241.398836265223,219.990766052067,3.82341709661903
576.48814211321,437.472203672404,3.90256103338484
298.318561732384,133.070270635574,3.82526148433499
525.652483534324,466.6642973507,3.62154750012589
44.1119529016174,423.059428048296,3.88791328724087
205.347674619249,295.12169708847,4.22387014385903
557.46338776815,260.953836346751,4.00157672090274
177.550197274874,33.6096249504739,4.56970801574545
494.344501065542,346.543792241008,4.75690732566703
39.9444040749852,56.1752387132661,3.83085855098718
517.917578405426,154.777390517573,4.5581155470208
NA,NA,NA
659.723497683115,338.109243106759,3.47974534295112
455.498197686896,297.01381506509,3.63165516840723
12.6638933516756,494.457368130946,3.63503104541373
560.392852560328,48.1294900534122,4.00611677616784
76.049118220933,373.573677461859,4.05612096914535
221.679953468956,413.971675466331,3.89420350349346
427.296593617878,11.8411182666334,3.42341709266021
360.541346918194,290.024111747682,2.91332989513195
605.544832361111,98.666409769647,4.28264961314006
394.683499581906,230.632247651836,4.28267714220879
570.64366538829,408.034633952481,4.6487950767651
135.512138458033,286.518948320085,4.64214158838953
195.966934577229,365.705782063733,4.00231832788296
129.497487855806,413.383848986286,3.50155873007959
624.916584286291,311.588626320428,4.70786012810894
1.40982230514447,144.871028443886,4.26367596173501
545.655139182812,201.519830435963,4.23171237667474
32.0549083957075,491.128910760376,3.13776461836093
278.174811435205,22.9114482053699,3.80671660478892
532.889859703885,393.981530120353,3.19478460344721
80.1293295439776,85.0569555000335,5.18911095639841
3.2982643253743,73.5694865607166,3.40583315220848
592.476544949619,224.49464240791,4.0567695536803
438.144928001159,457.755365358275,4.8647576058206
661.450761505458,371.468108129529,3.16772738483682
103.372315228687,485.084288498439,4.38567135840834
627.796249241042,90.7397355399238,4.0673347714962
423.884838083452,255.208501702904,3.6559684477222
11.6459547695082,182.530701035463,3.37976946862589
64.994860613845,122.325685082954,4.81415537156341
611.154697621017,202.553246279156,4.13089158914751
241.398836265223,219.990766052067,3.82341709661903
576.48814211321,437.472203672404,3.90256103338484
298.318561732384,133.070270635574,3.82526148433499
525.652483534324,466.6642973507,3.62154750012589
44.1119529016174,423.059428048296,3.88791328724087
205.347674619249,295.12169708847,4.22387014385903
557.46338776815,260.953836346751,4.00157672090274
177.550197274874,33.6096249504739,4.56970801574545
494.344501065542,346.543792241008,4.75690732566703
39.9444040749852,56.1752387132661,3.83085855098718
517.917578405426,154.777390517573,4.5581155470208
NA,NA,NA
659.723497683115,338.109243106759,3.47974534295112
455.498197686896,297.01381506509,3.63165516840723
12.6638933516756,494.457368130946,3.63503104541373
560.392852560328,48.1294900534122,4.00611677616784
76.049118220933,373.573677461859,4.05612096914535
221.679953468956,413.971675466331,3.89420350349346
427.296593617878,11.8411182666334,3.42341709266021
360.541346918194,290.024111747682,2.91332989513195
605.544832361111,98.666409769647,4.28264961314006
394.683499581906,230.632247651836,4.28267714220879
570.64366538829,408.034633952481,4.6487950767651
135.512138458033,286.518948320085,4.64214158838953
195.966934577229,365.705782063733,4.00231832788296
129.497487855806,413.383848986286,3.50155873007959
624.916584286291,311.588626320428,4.70786012810894
1.40982230514447,144.871028443886,4.26367596173501
545.655139182812,201.519830435963,4.23171237667474
32.0549083957075,491.128910760376,3.13776461836093
278.174811435205,22.9114482053699,3.80671660478892
532.889859703885,393.981530120353,3.19478460344721
80.1293295439776,85.0569555000335,5.18911095639841
3.2982643253743,73.5694865607166,3.40583315220848
592.476544949619,224.49464240791,4.0567695536803
438.144928001159,457.755365358275,4.8647576058206
661.450761505458,371.468108129529,3.16772738483682
103.372315228687,485.084288498439,4.38567135840834
627.796249241042,90.7397355399238,4.0673347714962
423.884838083452,255.208501702904,3.6559684477222
11.6459547695082,182.530701035463,3.37976946862589
64.994860613845,122.325685082954,4.81415537156341
611.154697621017,202.553246279156,4.13089158914751
241.398836265223,219.990766052067,3.82341709661903
576.48814211321,437.472203672404,3.90256103338484
298.318561732384,133.070270635574,3.82526148433499
525.652483534324,466.6642973507,3.62154750012589
44.1119529016174,423.059428048296,3.88791328724087
205.347674619249,295.12169708847,4.22387014385903
557.46338776815,260.953836346751,4.00157672090274
177.550197274874,33.6096249504739,4.56970801574545
494.344501065542,346.543792241008,4.75690732566703
39.9444040749852,56.1752387132661,3.83085855098718
517.917578405426,154.777390517573,4.5581155470208
NA,NA,NA
661.338168322086,338.657036106491,3.48304322918741
458.346346855294,302.637120461108,3.33346787040813
9.83907191731112,493.532509887313,3.57484321226083
556.155152757297,53.7397907984423,4.2593171213967
70.9069122006937,374.351492319822,3.91562595526631
230.21328281448,410.479498904774,3.96372977961678
427.801935547033,14.1452686084432,3.19491993695553
360.50741781472,291.32466554951,3.14414067659721
602.855202314291,107.75690501188,4.19539780927082
393.951679090737,227.111984439579,4.20979817384488
579.339867950246,408.434520631302,4.71552010694867
134.079519125969,284.128576380571,4.61310328272814
196.851181134047,367.530641362045,3.97218869862041
126.549663949857,413.108078772736,3.51369821734954
619.134943909379,317.965197088807,4.45595595816371
0.0439024131963717,153.022516426306,4.24387373503395
543.857917849677,205.136517073889,4.16450819948754
36.9872081588967,492.665354750824,3.09236399356401
282.375854550736,21.0029525458745,3.68855256897558
535.943358900994,394.128973447077,3.30853938034557
78.6208025513418,71.4349773490743,5.24124265823092
4.9318337400167,77.1229047792679,3.54036535771239
585.747677891816,225.642892264297,3.90475443401192
444.137632116347,455.394056562927,4.7455296805456
659.319200022522,370.965290099723,3.1610643133833
109.572297734913,489.731578777187,4.30947765862298
623.901466741929,94.7166675138433,4.09087032197196
423.286125322625,254.660691606819,3.66017823923158
8.46960061060976,180.71626720269,3.2206467860241
70.3084831967575,116.173757784913,4.42360994315953
616.896793786965,187.468710701775,4.32441391792682
256.943998084122,218.242917032471,4.09148004164593
562.407667483409,426.54792153707,3.76129225494142
304.732830072456,139.166832891254,3.65980366720055
528.659035363161,456.006022623343,3.65593368358525
44.9146111516234,415.027032422633,3.92104105263254
191.995061308258,300.401935466422,4.33597311475241
547.22664720317,255.557478298733,3.79480502281284
166.401037750196,24.635150419862,4.23968811245088
504.377330360744,333.410009753587,4.46320272000715
49.1946091766448,45.0967690574514,3.51467249482101
542.474999481073,144.18143962786,4.38896789196929
NA,NA,NA
661.338168322086,338.657036106491,3.48304322918741
458.346346855294,302.637120461108,3.33346787040813
9.83907191731112,493.532509887313,3.57484321226083
556.155152757297,53.7397907984423,4.2593171213967
70.9069122006937,374.351492319822,3.91562595526631
230.21328281448,410.479498904774,3.96372977961678
427.801935547033,14.1452686084432,3.19491993695553
360.50741781472,291.32466554951,3.14414067659721
602.855202314291,107.75690501188,4.19539780927082
393.951679090737,227.111984439579,4.20979817384488
579.339867950246,408.434520631302,4.71552010694867
134.079519125969,284.128576380571,4.61310328272814
196.851181134047,367.530641362045,3.97218869862041
126.549663949857,413.108078772736,3.51369821734954
619.134943909379,317.965197088807,4.45595595816371
0.0439024131963717,153.022516426306,4.24387373503395
543.857917849677,205.136517073889,4.16450819948754
36.9872081588967,492.665354750824,3.09236399356401
282.375854550736,21.0029525458745,3.68855256897558
535.943358900994,394.128973447077,3.30853938034557
78.6208025513418,71.4349773490743,5.24124265823092
4.9318337400167,77.1229047792679,3.54036535771239
585.747677891816,225.642892264297,3.90475443401192
444.137632116347,455.394056562927,4.7455296805456
659.319200022522,370.965290099723,3.1610643133833
109.572297734913,489.731578777187,4.30947765862298
623.901466741929,94.7166675138433,4.09087032197196
423.286125322625,254.660691606819,3.66017823923158
8.46960061060976,180.71626720269,3.2206467860241
70.3084831967575,116.173757784913,4.42360994315953
616.896793786965,187.468710701775,4.32441391792682
256.943998084122,218.242917032471,4.09148004164593
562.407667483409,426.54792153707,3.76129225494142
304.732830072456,139.166832891254,3.65980366720055
528.659035363161,456.006022623343,3.65593368358525
44.9146111516234,415.027032422633,3.92104105263254
191.995061308258,300.401935466422,4.33597311475241
547.22664720317,255.557478298733,3.79480502281284
166.401037750196,24.635150419862,4.23968811245088
504.377330360744,333.410009753587,4.46320272000715
49.1946091766448,45.0967690574514,3.51467249482101
542.474999481073,144.18143962786,4.38896789196929
NA,NA,NA
661.338168322086,338.657036106491,3.48304322918741
458.346346855294,302.637120461108,3.33346787040813
9.83907191731112,493.532509887313,3.57484321226083
556.155152757297,53.7397907984423,4.2593171213967
70.9069122006937,374.351492319822,3.91562595526631
230.21328281448,410.479498904774,3.96372977961678
427.801935547033,14.1452686084432,3.19491993695553
360.50741781472,291.32466554951,3.14414067659721
602.855202314291,107.75690501188,4.19539780927082
393.951679090737,227.111984439579,4.20979817384488
579.339867950246,408.434520631302,4.71552010694867
134.079519125969,284.128576380571,4.61310328272814
196.851181134047,367.530641362045,3.97218869862041
126.549663949857,413.108078772736,3.51369821734954
619.134943909379,317.965197088807,4.45595595816371
0.0439024131963717,153.022516426306,4.24387373503395
543.857917849677,205.136517073889,4.16450819948754
36.9872081588967,492.665354750824,3.09236399356401
282.375854550736,21.0029525458745,3.68855256897558
535.943358900994,394.128973447077,3.30853938034557
78.6208025513418,71.4349773490743,5.24124265823092
4.9318337400167,77.1229047792679,3.54036535771239
585.747677891816,225.642892264297,3.90475443401192
444.137632116347,455.394056562927,4.7455296805456
659.319200022522,370.965290099723,3.1610643133833
109.572297734913,489.731578777187,4.30947765862298
623.901466741929,94.7166675138433,4.09087032197196
423.286125322625,254.660691606819,3.66017823923158
8.46960061060976,180.71626720269,3.2206467860241
70.3084831967575,116.173757784913,4.42360994315953
616.896793786965,187.468710701775,4.32441391792682
256.943998084122,218.242917032471,4.09148004164593
562.407667483409,426.54792153707,3.76129225494142
304.732830072456,139.166832891254,3.65980366720055
528.659035363161,456.006022623343,3.65593368358525
44.9146111516234,415.027032422633,3.92104105263254
191.995061308258,300.401935466422,4.33597311475241
547.22664720317,255.557478298733,3.79480502281284
166.401037750196,24.635150419862,4.23968811245088
504.377330360744,333.410009753587,4.46320272000715
49.1946091766448,45.0967690574514,3.51467249482101
542.474999481073,144.18143962786,4.38896789196929
NA,NA,NA
661.338168322086,338.657036106491,3.48304322918741
458.346346855294,302.637120461108,3.33346787040813
9.83907191731112,493.532509887313,3.57484321226083
556.155152757297,53.7397907984423,4.2593171213967
70.9069122006937,374.351492319822,3.91562595526631
230.21328281448,410.479498904774,3.96372977961678
427.801935547033,14.1452686084432,3.19491993695553
360.50741781472,291.32466554951,3.14414067659721
602.855202314291,107.75690501188,4.19539780927082
393.951679090737,227.111984439579,4.20979817384488
579.339867950246,408.434520631302,4.71552010694867
134.079519125969,284.128576380571,4.61310328272814
196.851181134047,367.530641362045,3.97218869862041
126.549663949857,413.108078772736,3.51369821734954
619.134943909379,317.965197088807,4.45595595816371
0.0439024131963717,153.022516426306,4.24387373503395
543.857917849677,205.136517073889,4.16450819948754
36.9872081588967,492.665354750824,3.09236399356401
282.375854550736,21.0029525458745,3.68855256897558
535.943358900994,394.128973447077,3.30853938034557
78.6208025513418,71.4349773490743,5.24124265823092
4.9318337400167,77.1229047792679,3.54036535771239
585.747677891816,225.642892264297,3.90475443401192
444.137632116347,455.394056562927,4.7455296805456
659.319200022522,370.965290099723,3.1610643133833
109.572297734913,489.731578777187,4.30947765862298
623.901466741929,94.7166675138433,4.09087032197196
423.286125322625,254.660691606819,3.66017823923158
8.46960061060976,180.71626720269,3.2206467860241
70.3084831967575,116.173757784913,4.42360994315953
616.896793786965,187.468710701775,4.32441391792682
256.943998084122,218.242917032471,4.09148004164593
562.407667483409,426.54792153707,3.76129225494142
304.732830072456,139.166832891254,3.65980366720055
528.659035363161,456.006022623343,3.65593368358525
44.9146111516234,415.027032422633,3.92104105263254
191.995061308258,300.401935466422,4.33597311475241
547.22664720317,255.557478298733,3.79480502281284
166.401037750196,24.635150419862,4.23968811245088
504.377330360744,333.410009753587,4.46320272000715
49.1946091766448,45.0967690574514,3.51467249482101
542.474999481073,144.18143962786,4.38896789196929
NA,NA,NA
661.338168322086,338.657036106491,3.48304322918741
458.346346855294,302.637120461108,3.33346787040813
9.83907191731112,493.532509887313,3.57484321226083
556.155152757297,53.7397907984423,4.2593171213967
70.9069122006937,374.351492319822,3.91562595526631
230.21328281448,410.479498904774,3.96372977961678
427.801935547033,14.1452686084432,3.19491993695553
360.50741781472,291.32466554951,3.14414067659721
602.855202314291,107.75690501188,4.19539780927082
393.951679090737,227.111984439579,4.20979817384488
579.339867950246,408.434520631302,4.71552010694867
134.079519125969,284.128576380571,4.61310328272814
196.851181134047,367.530641362045,3.97218869862041
126.549663949857,413.108078772736,3.51369821734954
619.134943909379,317.965197088807,4.45595595816371
0.0439024131963717,153.022516426306,4.24387373503395
543.857917849677,205.136517073889,4.16450819948754
36.9872081588967,492.665354750824,3.09236399356401
282.375854550736,21.0029525458745,3.68855256897558
535.943358900994,394.128973447077,3.30853938034557
78.6208025513418,71.4349773490743,5.24124265823092
4.9318337400167,77.1229047792679,3.54036535771239
585.747677891816,225.642892264297,3.90475443401192
444.137632116347,455.394056562927,4.7455296805456
659.319200022522,370.965290099723,3.1610643133833
109.572297734913,489.731578777187,4.30947765862298
623.901466741929,94.7166675138433,4.09087032197196
423.286125322625,254.660691606819,3.66017823923158
8.46960061060976,180.71626720269,3.2206467860241
70.3084831967575,116.173757784913,4.42360994315953
616.896793786965,187.468710701775,4.32441391792682
256.943998084122,218.242917032471,4.09148004164593
562.407667483409,426.54792153707,3.76129225494142
304.732830072456,139.166832891254,3.65980366720055
528.659035363161,456.006022623343,3.65593368358525
44.9146111516234,415.027032422633,3.92104105263254
191.995061308258,300.401935466422,4.33597311475241
547.22664720317,255.557478298733,3.79480502281284
166.401037750196,24.635150419862,4.23968811245088
504.377330360744,333.410009753587,4.46320272000715
49.1946091766448,45.0967690574514,3.51467249482101
542.474999481073,144.18143962786,4.38896789196929
NA,NA,NA
661.338168322086,338.657036106491,3.48304322918741
458.346346855294,302.637120461108,3.33346787040813
9.83907191731112,493.532509887313,3.57484321226083
556.155152757297,53.7397907984423,4.2593171213967
70.9069122006937,374.351492319822,3.91562595526631
230.21328281448,410.479498904774,3.96372977961678
427.801935547033,14.1452686084432,3.19491993695553
360.50741781472,291.32466554951,3.14414067659721
602.855202314291,107.75690501188,4.19539780927082
393.951679090737,227.111984439579,4.20979817384488
579.339867950246,408.434520631302,4.71552010694867
134.079519125969,284.128576380571,4.61310328272814
196.851181134047,367.530641362045,3.97218869862041
126.549663949857,413.108078772736,3.51369821734954
619.134943909379,317.965197088807,4.45595595816371
0.0439024131963717,153.022516426306,4.24387373503395
543.857917849677,205.136517073889,4.16450819948754
36.9872081588967,492.665354750824,3.09236399356401
282.375854550736,21.0029525458745,3.68855256897558
535.943358900994,394.128973447077,3.30853938034557
78.6208025513418,71.4349773490743,5.24124265823092
4.9318337400167,77.1229047792679,3.54036535771239
585.747677891816,225.642892264297,3.90475443401192
444.137632116347,455.394056562927,4.7455296805456
659.319200022522,370.965290099723,3.1610643133833
109.572297734913,489.731578777187,4.30947765862298
623.901466741929,94.7166675138433,4.09087032197196
423.286125322625,254.660691606819,3.66017823923158
8.46960061060976,180.71626720269,3.2206467860241
70.3084831967575,116.173757784913,4.42360994315953
616.896793786965,187.468710701775,4.32441391792682
256.943998084122,218.242917032471,4.09148004164593
562.407667483409,426.54792153707,3.76129225494142
304.732830072456,139.166832891254,3.65980366720055
528.659035363161,456.006022623343,3.65593368358525
44.9146111516234,415.027032422633,3.92104105263254
191.995061308258,300.401935466422,4.33597311475241
547.22664720317,255.557478298733,3.79480502281284
166.401037750196,24.635150419862,4.23968811245088
504.377330360744,333.410009753587,4.46320272000715
49.1946091766448,45.0967690574514,3.51467249482101
542.474999481073,144.18143962786,4.38896789196929
NA,NA,NA
658.867902457361,335.577715016528,3.51070589785311
457.046670772515,299.911864674578,3.43441836426265
12.0857962019725,496.745581321708,3.47789775459155
562.924834497991,46.4893134387882,4.12186546550879
69.9571031209947,374.039653260983,4.0367124869132
228.499613833646,409.881442031877,3.91841372707394
427.811385523922,15.3146432908348,3.38779553748152
361.588576752903,292.315065714665,3.07317611942639
604.345023315253,100.556440124744,4.19624567444741
395.246546578493,227.196204185546,4.19404773029937
563.744471852469,404.010184830335,4.7507431323978
140.971636735132,285.097800665955,4.38665282684619
200.219002009626,378.304778001266,4.05231082150523
126.588635816104,412.81436514322,3.37566717354023
625.599021643374,315.632516335006,4.49316494607417
6.39339404160889,147.015870841964,4.3240466045255
547.167980562552,204.501982454161,4.07485544899745
35.5718799660725,491.065843783082,2.98747761408971
274.205361080151,19.3167193005028,3.69258295344691
535.255196178074,390.710637431532,3.44401187746728
75.0460442797711,74.8600991850174,5.11833908393532
8.28095546795833,76.5530207428404,3.26508845804807
585.142449652155,222.762106126213,3.97044914441824
440.028280763231,456.933097281637,4.8238790864991
661.47498168326,374.79234141476,3.20183225176519
106.656738087239,487.318701928111,4.25763408500846
620.545223211563,90.9745550848463,4.06491809410381
422.477758701108,263.205751627689,3.6199154948761
12.4177121960508,180.925294779266,3.22636949921287
69.5293220303543,121.437028659107,4.69083897144414
602.188943220133,189.765015955679,4.52439784623003
260.567857619223,225.164041111534,3.99586369516803
569.481756106389,438.476476581128,3.69773862260654
294.694203151122,133.533196666805,3.96248038797185
526.903038083102,459.669005189604,3.72274195318912
45.4542258099731,413.43557682291,3.8626215751709
188.863764048677,278.640445573764,4.33549628920843
556.18301487053,258.269520728023,3.78756074397361
183.854623180107,38.0243269446573,3.99022041296883
508.373838086919,351.506514359921,4.55800617298334
46.3827986785207,50.0458138913841,3.71060077133636
524.478259794288,149.520372670185,4.51154536914314
NA,NA,NA
658.867902457361,335.577715016528,3.51070589785311
457.046670772515,299.911864674578,3.43441836426265
12.0857962019725,496.745581321708,3.47789775459155
562.924834497991,46.4893134387882,4.12186546550879
69.9571031209947,374.039653260983,4.0367124869132
228.499613833646,409.881442031877,3.91841372707394
427.811385523922,15.3146432908348,3.38779553748152
361.588576752903,292.315065714665,3.07317611942639
604.345023315253,100.556440124744,4.19624567444741
395.246546578493,227.196204185546,4.19404773029937
563.744471852469,404.010184830335,4.7507431323978
140.971636735132,285.097800665955,4.38665282684619
200.219002009626,378.304778001266,4.05231082150523
126.588635816104,412.81436514322,3.37566717354023
625.599021643374,315.632516335006,4.49316494607417
6.39339404160889,147.015870841964,4.3240466045255
547.167980562552,204.501982454161,4.07485544899745
35.5718799660725,491.065843783082,2.98747761408971
274.205361080151,19.3167193005028,3.69258295344691
535.255196178074,390.710637431532,3.44401187746728
75.0460442797711,74.8600991850174,5.11833908393532
8.28095546795833,76.5530207428404,3.26508845804807
585.142449652155,222.762106126213,3.97044914441824
440.028280763231,456.933097281637,4.8238790864991
661.47498168326,374.79234141476,3.20183225176519
106.656738087239,487.318701928111,4.25763408500846
620.545223211563,90.9745550848463,4.06491809410381
422.477758701108,263.205751627689,3.6199154948761
12.4177121960508,180.925294779266,3.22636949921287
69.5293220303543,121.437028659107,4.69083897144414
602.188943220133,189.765015955679,4.52439784623003
260.567857619223,225.164041111534,3.99586369516803
569.481756106389,438.476476581128,3.69773862260654
294.694203151122,133.533196666805,3.96248038797185
526.903038083102,459.669005189604,3.72274195318912
45.4542258099731,413.43557682291,3.8626215751709
188.863764048677,278.640445573764,4.33549628920843
556.18301487053,258.269520728023,3.78756074397361
183.854623180107,38.0243269446573,3.99022041296883
508.373838086919,351.506514359921,4.55800617298334
46.3827986785207,50.0458138913841,3.71060077133636
524.478259794288,149.520372670185,4.51154536914314
NA,NA,NA
658.867902457361,335.577715016528,3.51070589785311
457.046670772515,299.911864674578,3.43441836426265
12.0857962019725,496.745581321708,3.47789775459155
562.924834497991,46.4893134387882,4.12186546550879
69.9571031209947,374.039653260983,4.0367124869132
228.499613833646,409.881442031877,3.91841372707394
427.811385523922,15.3146432908348,3.38779553748152
361.588576752903,292.315065714665,3.07317611942639
604.345023315253,100.556440124744,4.19624567444741
395.246546578493,227.196204185546,4.19404773029937
563.744471852469,404.010184830335,4.7507431323978
140.971636735132,285.097800665955,4.38665282684619
200.219002009626,378.304778001266,4.05231082150523
126.588635816104,412.81436514322,3.37566717354023
625.599021643374,315.632516335006,4.49316494607417
6.39339404160889,147.015870841964,4.3240466045255
547.167980562552,204.501982454161,4.07485544899745
35.5718799660725,491.065843783082,2.98747761408971
274.205361080151,19.3167193005028,3.69258295344691
535.255196178074,390.710637431532,3.44401187746728
75.0460442797711,74.8600991850174,5.11833908393532
8.28095546795833,76.5530207428404,3.26508845804807
585.142449652155,222.762106126213,3.97044914441824
440.028280763231,456.933097281637,4.8238790864991
661.47498168326,374.79234141476,3.20183225176519
106.656738087239,487.318701928111,4.25763408500846
620.545223211563,90.9745550848463,4.06491809410381
422.477758701108,263.205751627689,3.6199154948761
12.4177121960508,180.925294779266,3.22636949921287
69.5293220303543,121.437028659107,4.69083897144414
602.188943220133,189.765015955679,4.52439784623003
260.567857619223,225.164041111534,3.99586369516803
569.481756106389,438.476476581128,3.69773862260654
294.694203151122,133.533196666805,3.96248038797185
526.903038083102,459.669005189604,3.72274195318912
45.4542258099731,413.43557682291,3.8626215751709
188.863764048677,278.640445573764,4.33549628920843
556.18301487053,258.269520728023,3.78756074397361
183.854623180107,38.0243269446573,3.99022041296883
508.373838086919,351.506514359921,4.55800617298334
46.3827986785207,50.0458138913841,3.71060077133636
524.478259794288,149.520372670185,4.51154536914314
NA,NA,NA
658.867902457361,335.577715016528,3.51070589785311
457.046670772515,299.911864674578,3.43441836426265
12.0857962019725,496.745581321708,3.47789775459155
562.924834497991,46.4893134387882,4.12186546550879
69.9571031209947,374.039653260983,4.0367124869132
228.499613833646,409.881442031877,3.91841372707394
427.811385523922,15.3146432908348,3.38779553748152
361.588576752903,292.315065714665,3.07317611942639
604.345023315253,100.556440124744,4.19624567444741
395.246546578493,227.196204185546,4.19404773029937
563.744471852469,404.010184830335,4.7507431323978
140.971636735132,285.097800665955,4.38665282684619
200.219002009626,378.304778001266,4.05231082150523
126.588635816104,412.81436514322,3.37566717354023
625.599021643374,315.632516335006,4.49316494607417
6.39339404160889,147.015870841964,4.3240466045255
547.167980562552,204.501982454161,4.07485544899745
35.5718799660725,491.065843783082,2.98747761408971
274.205361080151,19.3167193005028,3.69258295344691
535.255196178074,390.710637431532,3.44401187746728
75.0460442797711,74.8600991850174,5.11833908393532
8.28095546795833,76.5530207428404,3.26508845804807
585.142449652155,222.762106126213,3.97044914441824
440.028280763231,456.933097281637,4.8238790864991
661.47498168326,374.79234141476,3.20183225176519
106.656738087239,487.318701928111,4.25763408500846
620.545223211563,90.9745550848463,4.06491809410381
422.477758701108,263.205751627689,3.6199154948761
12.4177121960508,180.925294779266,3.22636949921287
69.5293220303543,121.437028659107,4.69083897144414
602.188943220133,189.765015955679,4.52439784623003
260.567857619223,225.164041111534,3.99586369516803
569.481756106389,438.476476581128,3.69773862260654
294.694203151122,133.533196666805,3.96248038797185
526.903038083102,459.669005189604,3.72274195318912
45.4542258099731,413.43557682291,3.8626215751709
188.863764048677,278.640445573764,4.33549628920843
556.18301487053,258.269520728023,3.78756074397361
183.854623180107,38.0243269446573,3.99022041296883
508.373838086919,351.506514359921,4.55800617298334
46.3827986785207,50.0458138913841,3.71060077133636
524.478259794288,149.520372670185,4.51154536914314
NA,NA,NA
658.867902457361,335.577715016528,3.51070589785311
457.046670772515,299.911864674578,3.43441836426265
12.0857962019725,496.745581321708,3.47789775459155
562.924834497991,46.4893134387882,4.12186546550879
69.9571031209947,374.039653260983,4.0367124869132
228.499613833646,409.881442031877,3.91841372707394
427.811385523922,15.3146432908348,3.38779553748152
361.588576752903,292.315065714665,3.07317611942639
604.345023315253,100.556440124744,4.19624567444741
395.246546578493,227.196204185546,4.19404773029937
563.744471852469,404.010184830335,4.7507431323978
140.971636735132,285.097800665955,4.38665282684619
200.219002009626,378.304778001266,4.05231082150523
126.588635816104,412.81436514322,3.37566717354023
625.599021643374,315.632516335006,4.49316494607417
6.39339404160889,147.015870841964,4.3240466045255
547.167980562552,204.501982454161,4.07485544899745
35.5718799660725,491.065843783082,2.98747761408971
274.205361080151,19.3167193005028,3.69258295344691
535.255196178074,390.710637431532,3.44401187746728
75.0460442797711,74.8600991850174,5.11833908393532
8.28095546795833,76.5530207428404,3.26508845804807
585.142449652155,222.762106126213,3.97044914441824
440.028280763231,456.933097281637,4.8238790864991
661.47498168326,374.79234141476,3.20183225176519
106.656738087239,487.318701928111,4.25763408500846
620.545223211563,90.9745550848463,4.06491809410381
422.477758701108,263.205751627689,3.6199154948761
12.4177121960508,180.925294779266,3.22636949921287
69.5293220303543,121.437028659107,4.69083897144414
602.188943220133,189.765015955679,4.52439784623003
260.567857619223,225.164041111534,3.99586369516803
569.481756106389,438.476476581128,3.69773862260654
294.694203151122,133.533196666805,3.96248038797185
526.903038083102,459.669005189604,3.72274195318912
45.4542258099731,413.43557682291,3.8626215751709
188.863764048677,278.640445573764,4.33549628920843
556.18301487053,258.269520728023,3.78756074397361
183.854623180107,38.0243269446573,3.99022041296883
508.373838086919,351.506514359921,4.55800617298334
46.3827986785207,50.0458138913841,3.71060077133636
524.478259794288,149.520372670185,4.51154536914314
NA,NA,NA
658.867902457361,335.577715016528,3.51070589785311
457.046670772515,299.911864674578,3.43441836426265
12.0857962019725,496.745581321708,3.47789775459155
562.924834497991,46.4893134387882,4.12186546550879
69.9571031209947,374.039653260983,4.0367124869132
228.499613833646,409.881442031877,3.91841372707394
427.811385523922,15.3146432908348,3.38779553748152
361.588576752903,292.315065714665,3.07317611942639
604.345023315253,100.556440124744,4.19624567444741
395.246546578493,227.196204185546,4.19404773029937
563.744471852469,404.010184830335,4.7507431323978
140.971636735132,285.097800665955,4.38665282684619
200.219002009626,378.304778001266,4.05231082150523
126.588635816104,412.81436514322,3.37566717354023
625.599021643374,315.632516335006,4.49316494607417
6.39339404160889,147.015870841964,4.3240466045255
547.167980562552,204.501982454161,4.07485544899745
35.5718799660725,491.065843783082,2.98747761408971
274.205361080151,19.3167193005028,3.69258295344691
535.255196178074,390.710637431532,3.44401187746728
75.0460442797711,74.8600991850174,5.11833908393532
8.28095546795833,76.5530207428404,3.26508845804807
585.142449652155,222.762106126213,3.97044914441824
440.028280763231,456.933097281637,4.8238790864991
661.47498168326,374.79234141476,3.20183225176519
106.656738087239,487.318701928111,4.25763408500846
620.545223211563,90.9745550848463,4.06491809410381
422.477758701108,263.205751627689,3.6199154948761
12.4177121960508,180.925294779266,3.22636949921287
69.5293220303543,121.437028659107,4.69083897144414
602.188943220133,189.765015955679,4.52439784623003
260.567857619223,225.164041111534,3.99586369516803
569.481756106389,438.476476581128,3.69773862260654
294.694203151122,133.533196666805,3.96248038797185
526.903038083102,459.669005189604,3.72274195318912
45.4542258099731,413.43557682291,3.8626215751709
188.863764048677,278.640445573764,4.33549628920843
556.18301487053,258.269520728023,3.78756074397361
183.854623180107,38.0243269446573,3.99022041296883
508.373838086919,351.506514359921,4.55800617298334
46.3827986785207,50.0458138913841,3.71060077133636
524.478259794288,149.520372670185,4.51154536914314
NA,NA,NA
659.459309772906,335.578983193055,3.51378448255281
452.435874240132,298.039189507735,3.5812182903238
11.2804773074322,492.515348354065,3.38887026746951
560.029341963636,46.0175864677723,4.20579656722353
75.1637849455081,374.533469751872,4.00429879070224
225.408280543261,412.789063296271,3.91602221413938
429.067069753064,13.9290231748122,3.40775923736578
362.990361201206,291.690419933075,2.99023531472634
600.925887701697,103.645453839724,4.08639665542265
396.582894461988,229.6775965777,4.23315815062446
572.083167495384,413.194879545634,4.74414895033577
138.445939879871,289.816912590879,4.40216470507229
202.396299912358,371.758616693024,3.96941626074979
125.021881756191,411.225237844582,3.54101534056518
620.491075337887,318.69845093434,4.59198284473655
-2.32692967290646,147.898213029088,4.23520154141533
536.895686861133,203.134051496774,4.15215493915847
31.4190632952868,490.630643818525,3.05722192373682
278.641807400302,22.1097433609887,3.93980951165488
535.580367449112,394.017949953823,3.2682039679974
77.9170781668487,78.4257068534654,5.31380224354903
2.22959812679943,73.0669411444334,3.38489086342424
585.599808232651,226.104223715188,3.9970138360505
438.178063264251,454.946271745759,4.73522439860486
657.144152749493,374.35057793091,3.16210494216083
104.201352095208,486.925843749671,4.21154116455188
621.099187032829,89.6357526469661,4.09321839423636
420.93416699555,259.435356437073,3.63708054827467
11.3133801367716,182.43028544868,3.04891758636626
79.1829576936141,127.195655584113,4.53950933410658
604.818690610486,200.900650239621,4.43776356890016
249.339200593556,215.307294736198,4.05999128598708
563.235401711311,432.362013428331,4.04550425469549
300.058499857998,132.923613628441,3.8848775996969
528.62612887048,456.081712345587,3.54580172245863
49.454431377679,421.151618730701,3.90279225181089
199.282133006762,295.24154778425,4.31303192718911
549.535905263952,262.792355967792,3.87421428121929
172.362776761968,35.6429318073181,3.8472498284091
499.082564392252,341.533127446079,4.26904081089059
43.2140226636375,45.9755920109625,4.18335250181227
527.517751822359,151.370030200013,4.69448538187239
NA,NA,NA
659.459309772906,335.578983193055,3.51378448255281
452.435874240132,298.039189507735,3.5812182903238
11.2804773074322,492.515348354065,3.38887026746951
560.029341963636,46.0175864677723,4.20579656722353
75.1637849455081,374.533469751872,4.00429879070224
225.408280543261,412.789063296271,3.91602221413938
429.067069753064,13.9290231748122,3.40775923736578
362.990361201206,291.690419933075,2.99023531472634
600.925887701697,103.645453839724,4.08639665542265
396.582894461988,229.6775965777,4.23315815062446
572.083167495384,413.194879545634,4.74414895033577
138.445939879871,289.816912590879,4.40216470507229
202.396299912358,371.758616693024,3.96941626074979
125.021881756191,411.225237844582,3.54101534056518
620.491075337887,318.69845093434,4.59198284473655
-2.32692967290646,147.898213029088,4.23520154141533
536.895686861133,203.134051496774,4.15215493915847
31.4190632952868,490.630643818525,3.05722192373682
278.641807400302,22.1097433609887,3.93980951165488
535.580367449112,394.017949953823,3.2682039679974
77.9170781668487,78.4257068534654,5.31380224354903
2.22959812679943,73.0669411444334,3.38489086342424
585.599808232651,226.104223715188,3.9970138360505
438.178063264251,454.946271745759,4.73522439860486
657.144152749493,374.35057793091,3.16210494216083
104.201352095208,486.925843749671,4.21154116455188
621.099187032829,89.6357526469661,4.09321839423636
420.93416699555,259.435356437073,3.63708054827467
11.3133801367716,182.43028544868,3.04891758636626
79.1829576936141,127.195655584113,4.53950933410658
604.818690610486,200.900650239621,4.43776356890016
249.339200593556,215.307294736198,4.05999128598708
563.235401711311,432.362013428331,4.04550425469549
300.058499857998,132.923613628441,3.8848775996969
528.62612887048,456.081712345587,3.54580172245863
49.454431377679,421.151618730701,3.90279225181089
199.282133006762,295.24154778425,4.31303192718911
549.535905263952,262.792355967792,3.87421428121929
172.362776761968,35.6429318073181,3.8472498284091
499.082564392252,341.533127446079,4.26904081089059
43.2140226636375,45.9755920109625,4.18335250181227
527.517751822359,151.370030200013,4.69448538187239
NA,NA,NA
659.459309772906,335.578983193055,3.51378448255281
452.435874240132,298.039189507735,3.5812182903238
11.2804773074322,492.515348354065,3.38887026746951
560.029341963636,46.0175864677723,4.20579656722353
75.1637849455081,374.533469751872,4.00429879070224
225.408280543261,412.789063296271,3.91602221413938
429.067069753064,13.9290231748122,3.40775923736578
362.990361201206,291.690419933075,2.99023531472634
600.925887701697,103.645453839724,4.08639665542265
396.582894461988,229.6775965777,4.23315815062446
572.083167495384,413.194879545634,4.74414895033577
138.445939879871,289.816912590879,4.40216470507229
202.396299912358,371.758616693024,3.96941626074979
125.021881756191,411.225237844582,3.54101534056518
620.491075337887,318.69845093434,4.59198284473655
-2.32692967290646,147.898213029088,4.23520154141533
536.895686861133,203.134051496774,4.15215493915847
31.4190632952868,490.630643818525,3.05722192373682
278.641807400302,22.1097433609887,3.93980951165488
535.580367449112,394.017949953823,3.2682039679974
77.9170781668487,78.4257068534654,5.31380224354903
2.22959812679943,73.0669411444334,3.38489086342424
585.599808232651,226.104223715188,3.9970138360505
438.178063264251,454.946271745759,4.73522439860486
657.144152749493,374.35057793091,3.16210494216083
104.201352095208,486.925843749671,4.21154116455188
621.099187032829,89.6357526469661,4.09321839423636
420.93416699555,259.435356437073,3.63708054827467
11.3133801367716,182.43028544868,3.04891758636626
79.1829576936141,127.195655584113,4.53950933410658
604.818690610486,200.900650239621,4.43776356890016
249.339200593556,215.307294736198,4.05999128598708
563.235401711311,432.362013428331,4.04550425469549
300.058499857998,132.923613628441,3.8848775996969
528.62612887048,456.081712345587,3.54580172245863
49.454431377679,421.151618730701,3.90279225181089
199.282133006762,295.24154778425,4.31303192718911
549.535905263952,262.792355967792,3.87421428121929
172.362776761968,35.6429318073181,3.8472498284091
499.082564392252,341.533127446079,4.26904081089059
43.2140226636375,45.9755920109625,4.18335250181227
527.517751822359,151.370030200013,4.69448538187239
NA,NA,NA
659.459309772906,335.578983193055,3.51378448255281
452.435874240132,298.039189507735,3.5812182903238
11.2804773074322,492.515348354065,3.38887026746951
560.029341963636,46.0175864677723,4.20579656722353
75.1637849455081,374.533469751872,4.00429879070224
225.408280543261,412.789063296271,3.91602221413938
429.067069753064,13.9290231748122,3.40775923736578
362.990361201206,291.690419933075,2.99023531472634
600.925887701697,103.645453839724,4.08639665542265
396.582894461988,229.6775965777,4.23315815062446
572.083167495384,413.194879545634,4.74414895033577
138.445939879871,289.816912590879,4.40216470507229
202.396299912358,371.758616693024,3.96941626074979
125.021881756191,411.225237844582,3.54101534056518
620.491075337887,318.69845093434,4.59198284473655
-2.32692967290646,147.898213029088,4.23520154141533
536.895686861133,203.134051496774,4.15215493915847
31.4190632952868,490.630643818525,3.05722192373682
278.641807400302,22.1097433609887,3.93980951165488
535.580367449112,394.017949953823,3.2682039679974
77.9170781668487,78.4257068534654,5.31380224354903
2.22959812679943,73.0669411444334,3.38489086342424
585.599808232651,226.104223715188,3.9970138360505
438.178063264251,454.946271745759,4.73522439860486
657.144152749493,374.35057793091,3.16210494216083
104.201352095208,486.925843749671,4.21154116455188
621.099187032829,89.6357526469661,4.09321839423636
420.93416699555,259.435356437073,3.63708054827467
11.3133801367716,182.43028544868,3.04891758636626
79.1829576936141,127.195655584113,4.53950933410658
604.818690610486,200.900650239621,4.43776356890016
249.339200593556,215.307294736198,4.05999128598708
563.235401711311,432.362013428331,4.04550425469549
300.058499857998,132.923613628441,3.8848775996969
528.62612887048,456.081712345587,3.54580172245863
49.454431377679,421.151618730701,3.90279225181089
199.282133006762,295.24154778425,4.31303192718911
549.535905263952,262.792355967792,3.87421428121929
172.362776761968,35.6429318073181,3.8472498284091
499.082564392252,341.533127446079,4.26904081089059
43.2140226636375,45.9755920109625,4.18335250181227
527.517751822359,151.370030200013,4.69448538187239
NA,NA,NA
659.459309772906,335.578983193055,3.51378448255281
452.435874240132,298.039189507735,3.5812182903238
11.2804773074322,492.515348354065,3.38887026746951
560.029341963636,46.0175864677723,4.20579656722353
75.1637849455081,374.533469751872,4.00429879070224
225.408280543261,412.789063296271,3.91602221413938
429.067069753064,13.9290231748122,3.40775923736578
362.990361201206,291.690419933075,2.99023531472634
600.925887701697,103.645453839724,4.08639665542265
396.582894461988,229.6775965777,4.23315815062446
572.083167495384,413.194879545634,4.74414895033577
138.445939879871,289.816912590879,4.40216470507229
202.396299912358,371.758616693024,3.96941626074979
125.021881756191,411.225237844582,3.54101534056518
620.491075337887,318.69845093434,4.59198284473655
-2.32692967290646,147.898213029088,4.23520154141533
536.895686861133,203.134051496774,4.15215493915847
31.4190632952868,490.630643818525,3.05722192373682
278.641807400302,22.1097433609887,3.93980951165488
535.580367449112,394.017949953823,3.2682039679974
77.9170781668487,78.4257068534654,5.31380224354903
2.22959812679943,73.0669411444334,3.38489086342424
585.599808232651,226.104223715188,3.9970138360505
438.178063264251,454.946271745759,4.73522439860486
657.144152749493,374.35057793091,3.16210494216083
104.201352095208,486.925843749671,4.21154116455188
621.099187032829,89.6357526469661,4.09321839423636
420.93416699555,259.435356437073,3.63708054827467
11.3133801367716,182.43028544868,3.04891758636626
79.1829576936141,127.195655584113,4.53950933410658
604.818690610486,200.900650239621,4.43776356890016
249.339200593556,215.307294736198,4.05999128598708
563.235401711311,432.362013428331,4.04550425469549
300.058499857998,132.923613628441,3.8848775996969
528.62612887048,456.081712345587,3.54580172245863
49.454431377679,421.151618730701,3.90279225181089
199.282133006762,295.24154778425,4.31303192718911
549.535905263952,262.792355967792,3.87421428121929
172.362776761968,35.6429318073181,3.8472498284091
499.082564392252,341.533127446079,4.26904081089059
43.2140226636375,45.9755920109625,4.18335250181227
527.517751822359,151.370030200013,4.69448538187239
NA,NA,NA
659.459309772906,335.578983193055,3.51378448255281
452.435874240132,298.039189507735,3.5812182903238
11.2804773074322,492.515348354065,3.38887026746951
560.029341963636,46.0175864677723,4.20579656722353
75.1637849455081,374.533469751872,4.00429879070224
225.408280543261,412.789063296271,3.91602221413938
429.067069753064,13.9290231748122,3.40775923736578
362.990361201206,291.690419933075,2.99023531472634
600.925887701697,103.645453839724,4.08639665542265
396.582894461988,229.6775965777,4.23315815062446
572.083167495384,413.194879545634,4.74414895033577
138.445939879871,289.816912590879,4.40216470507229
202.396299912358,371.758616693024,3.96941626074979
125.021881756191,411.225237844582,3.54101534056518
620.491075337887,318.69845093434,4.59198284473655
-2.32692967290646,147.898213029088,4.23520154141533
536.895686861133,203.134051496774,4.15215493915847
31.4190632952868,490.630643818525,3.05722192373682
278.641807400302,22.1097433609887,3.93980951165488
535.580367449112,394.017949953823,3.2682039679974
77.9170781668487,78.4257068534654,5.31380224354903
2.22959812679943,73.0669411444334,3.38489086342424
585.599808232651,226.104223715188,3.9970138360505
438.178063264251,454.946271745759,4.73522439860486
657.144152749493,374.35057793091,3.16210494216083
104.201352095208,486.925843749671,4.21154116455188
621.099187032829,89.6357526469661,4.09321839423636
420.93416699555,259.435356437073,3.63708054827467
11.3133801367716,182.43028544868,3.04891758636626
79.1829576936141,127.195655584113,4.53950933410658
604.818690610486,200.900650239621,4.43776356890016
249.339200593556,215.307294736198,4.05999128598708
563.235401711311,432.362013428331,4.04550425469549
300.058499857998,132.923613628441,3.8848775996969
528.62612887048,456.081712345587,3.54580172245863
49.454431377679,421.151618730701,3.90279225181089
199.282133006762,295.24154778425,4.31303192718911
549.535905263952,262.792355967792,3.87421428121929
172.362776761968,35.6429318073181,3.8472498284091
499.082564392252,341.533127446079,4.26904081089059
43.2140226636375,45.9755920109625,4.18335250181227
527.517751822359,151.370030200013,4.69448538187239
NA,NA,NA
660.870519739439,333.703565748297,3.40432486585385
454.909124259098,298.859331361339,3.55729197147001
9.94086614565943,497.031823731785,3.69367753695251
560.143465278167,49.6187905916511,4.09372105645382
69.8594897484541,373.01630785317,4.00729187171002
227.642408781826,412.081744342773,3.93927858308365
429.554949492403,12.1838176505877,3.42750528543635
362.712699714989,292.401281907722,3.04928105909164
602.510234280122,108.924035096648,4.19423824635396
388.787714127052,231.195534915483,4.2975913178908
567.159708906121,409.863987225536,4.68065857068247
135.339558153887,289.1930621509,4.53997401350106
195.245660953351,368.827813988162,4.10653987135469
126.252341505076,410.85164504041,3.51849057519064
616.589812797186,315.466160044966,4.52542593666654
-1.89351356472945,144.736390283296,4.31541875181378
541.992157847903,205.052200674281,4.273775083085
32.8215090941567,492.352690491081,2.89416323830805
281.946919738842,19.1799355873653,3.71339455882789
534.685587157268,392.045815036885,3.41588132800282
74.0268060547095,81.3175694052263,5.19751845797213
4.07906305440261,75.8838758239505,3.39923318103896
591.222406244191,228.661929137699,4.02879383497739
445.989867724388,455.678210344648,4.87001650740083
658.864483830286,373.273948745193,2.8527092424823
112.217598484028,491.293529667602,4.2524050753387
623.082675990438,93.9538094393175,4.13986823123262
420.452478752132,259.080408231266,3.62546117129299
10.2479221251062,179.149348034499,3.17674385543054
70.0125004975234,117.094326151229,4.66661119276324
610.204665716646,205.405448637131,3.94232668430049
252.940429680582,217.742317334015,3.74573584274723
577.006118201668,435.741470407153,4.1052405421065
299.845600035979,137.630090684781,3.79138208132187
523.185253320522,456.027595425743,3.72412720816183
51.9499167850272,419.190988343367,3.96939208180041
200.209722445766,282.307528480024,4.14144035965241
551.255259861122,271.809541674438,3.40745010072916
175.675446133718,28.2899240749213,3.91033150053388
504.521258400496,340.642332828001,4.40846124616679
35.6512109852305,54.2804101535818,3.52737692572174
540.382766723766,157.138420207899,4.61774357649954
NA,NA,NA
660.870519739439,333.703565748297,3.40432486585385
454.909124259098,298.859331361339,3.55729197147001
9.94086614565943,497.031823731785,3.69367753695251
560.143465278167,49.6187905916511,4.09372105645382
69.8594897484541,373.01630785317,4.00729187171002
227.642408781826,412.081744342773,3.93927858308365
429.554949492403,12.1838176505877,3.42750528543635
362.712699714989,292.401281907722,3.04928105909164
602.510234280122,108.924035096648,4.19423824635396
388.787714127052,231.195534915483,4.2975913178908
567.159708906121,409.863987225536,4.68065857068247
135.339558153887,289.1930621509,4.53997401350106
195.245660953351,368.827813988162,4.10653987135469
126.252341505076,410.85164504041,3.51849057519064
616.589812797186,315.466160044966,4.52542593666654
-1.89351356472945,144.736390283296,4.31541875181378
541.992157847903,205.052200674281,4.273775083085
32.8215090941567,492.352690491081,2.89416323830805
281.946919738842,19.1799355873653,3.71339455882789
534.685587157268,392.045815036885,3.41588132800282
74.0268060547095,81.3175694052263,5.19751845797213
4.07906305440261,75.8838758239505,3.39923318103896
591.222406244191,228.661929137699,4.02879383497739
445.989867724388,455.678210344648,4.87001650740083
658.864483830286,373.273948745193,2.8527092424823
112.217598484028,491.293529667602,4.2524050753387
623.082675990438,93.9538094393175,4.13986823123262
420.452478752132,259.080408231266,3.62546117129299
10.2479221251062,179.149348034499,3.17674385543054
70.0125004975234,117.094326151229,4.66661119276324
610.204665716646,205.405448637131,3.94232668430049
252.940429680582,217.742317334015,3.74573584274723
577.006118201668,435.741470407153,4.1052405421065
299.845600035979,137.630090684781,3.79138208132187
523.185253320522,456.027595425743,3.72412720816183
51.9499167850272,419.190988343367,3.96939208180041
200.209722445766,282.307528480024,4.14144035965241
551.255259861122,271.809541674438,3.40745010072916
175.675446133718,28.2899240749213,3.91033150053388
504.521258400496,340.642332828001,4.40846124616679
35.6512109852305,54.2804101535818,3.52737692572174
540.382766723766,157.138420207899,4.61774357649954
NA,NA,NA
660.870519739439,333.703565748297,3.40432486585385
454.909124259098,298.859331361339,3.55729197147001
9.94086614565943,497.031823731785,3.69367753695251
560.143465278167,49.6187905916511,4.09372105645382
69.8594897484541,373.01630785317,4.00729187171002
227.642408781826,412.081744342773,3.93927858308365
429.554949492403,12.1838176505877,3.42750528543635
362.712699714989,292.401281907722,3.04928105909164
602.510234280122,108.924035096648,4.19423824635396
388.787714127052,231.195534915483,4.2975913178908
567.159708906121,409.863987225536,4.68065857068247
135.339558153887,289.1930621509,4.53997401350106
195.245660953351,368.827813988162,4.10653987135469
126.252341505076,410.85164504041,3.51849057519064
616.589812797186,315.466160044966,4.52542593666654
-1.89351356472945,144.736390283296,4.31541875181378
541.992157847903,205.052200674281,4.273775083085
32.8215090941567,492.352690491081,2.89416323830805
281.946919738842,19.1799355873653,3.71339455882789
534.685587157268,392.045815036885,3.41588132800282
74.0268060547095,81.3175694052263,5.19751845797213
4.07906305440261,75.8838758239505,3.39923318103896
591.222406244191,228.661929137699,4.02879383497739
445.989867724388,455.678210344648,4.87001650740083
658.864483830286,373.273948745193,2.8527092424823
112.217598484028,491.293529667602,4.2524050753387
623.082675990438,93.9538094393175,4.13986823123262
420.452478752132,259.080408231266,3.62546117129299
10.2479221251062,179.149348034499,3.17674385543054
70.0125004975234,117.094326151229,4.66661119276324
610.204665716646,205.405448637131,3.94232668430049
252.940429680582,217.742317334015,3.74573584274723
577.006118201668,435.741470407153,4.1052405421065
299.845600035979,137.630090684781,3.79138208132187
523.185253320522,456.027595425743,3.72412720816183
51.9499167850272,419.190988343367,3.96939208180041
200.209722445766,282.307528480024,4.14144035965241
551.255259861122,271.809541674438,3.40745010072916
175.675446133718,28.2899240749213,3.91033150053388
504.521258400496,340.642332828001,4.40846124616679
35.6512109852305,54.2804101535818,3.52737692572174
540.382766723766,157.138420207899,4.61774357649954
NA,NA,NA
660.870519739439,333.703565748297,3.40432486585385
454.909124259098,298.859331361339,3.55729197147001
9.94086614565943,497.031823731785,3.69367753695251
560.143465278167,49.6187905916511,4.09372105645382
69.8594897484541,373.01630785317,4.00729187171002
227.642408781826,412.081744342773,3.93927858308365
429.554949492403,12.1838176505877,3.42750528543635
362.712699714989,292.401281907722,3.04928105909164
602.510234280122,108.924035096648,4.19423824635396
388.787714127052,231.195534915483,4.2975913178908
567.159708906121,409.863987225536,4.68065857068247
135.339558153887,289.1930621509,4.53997401350106
195.245660953351,368.827813988162,4.10653987135469
126.252341505076,410.85164504041,3.51849057519064
616.589812797186,315.466160044966,4.52542593666654
-1.89351356472945,144.736390283296,4.31541875181378
541.992157847903,205.052200674281,4.273775083085
32.8215090941567,492.352690491081,2.89416323830805
281.946919738842,19.1799355873653,3.71339455882789
534.685587157268,392.045815036885,3.41588132800282
74.0268060547095,81.3175694052263,5.19751845797213
4.07906305440261,75.8838758239505,3.39923318103896
591.222406244191,228.661929137699,4.02879383497739
445.989867724388,455.678210344648,4.87001650740083
658.864483830286,373.273948745193,2.8527092424823
112.217598484028,491.293529667602,4.2524050753387
623.082675990438,93.9538094393175,4.13986823123262
420.452478752132,259.080408231266,3.62546117129299
10.2479221251062,179.149348034499,3.17674385543054
70.0125004975234,117.094326151229,4.66661119276324
610.204665716646,205.405448637131,3.94232668430049
252.940429680582,217.742317334015,3.74573584274723
577.006118201668,435.741470407153,4.1052405421065
299.845600035979,137.630090684781,3.79138208132187
523.185253320522,456.027595425743,3.72412720816183
51.9499167850272,419.190988343367,3.96939208180041
200.209722445766,282.307528480024,4.14144035965241
551.255259861122,271.809541674438,3.40745010072916
175.675446133718,28.2899240749213,3.91033150053388
504.521258400496,340.642332828001,4.40846124616679
35.6512109852305,54.2804101535818,3.52737692572174
540.382766723766,157.138420207899,4.61774357649954
NA,NA,NA
660.870519739439,333.703565748297,3.40432486585385
454.909124259098,298.859331361339,3.55729197147001
9.94086614565943,497.031823731785,3.69367753695251
560.143465278167,49.6187905916511,4.09372105645382
69.8594897484541,373.01630785317,4.00729187171002
227.642408781826,412.081744342773,3.93927858308365
429.554949492403,12.1838176505877,3.42750528543635
362.712699714989,292.401281907722,3.04928105909164
602.510234280122,108.924035096648,4.19423824635396
388.787714127052,231.195534915483,4.2975913178908
567.159708906121,409.863987225536,4.68065857068247
135.339558153887,289.1930621509,4.53997401350106
195.245660953351,368.827813988162,4.10653987135469
126.252341505076,410.85164504041,3.51849057519064
616.589812797186,315.466160044966,4.52542593666654
-1.89351356472945,144.736390283296,4.31541875181378
541.992157847903,205.052200674281,4.273775083085
32.8215090941567,492.352690491081,2.89416323830805
281.946919738842,19.1799355873653,3.71339455882789
534.685587157268,392.045815036885,3.41588132800282
74.0268060547095,81.3175694052263,5.19751845797213
4.07906305440261,75.8838758239505,3.39923318103896
591.222406244191,228.661929137699,4.02879383497739
445.989867724388,455.678210344648,4.87001650740083
658.864483830286,373.273948745193,2.8527092424823
112.217598484028,491.293529667602,4.2524050753387
623.082675990438,93.9538094393175,4.13986823123262
420.452478752132,259.080408231266,3.62546117129299
10.2479221251062,179.149348034499,3.17674385543054
70.0125004975234,117.094326151229,4.66661119276324
610.204665716646,205.405448637131,3.94232668430049
252.940429680582,217.742317334015,3.74573584274723
577.006118201668,435.741470407153,4.1052405421065
299.845600035979,137.630090684781,3.79138208132187
523.185253320522,456.027595425743,3.72412720816183
51.9499167850272,419.190988343367,3.96939208180041
200.209722445766,282.307528480024,4.14144035965241
551.255259861122,271.809541674438,3.40745010072916
175.675446133718,28.2899240749213,3.91033150053388
504.521258400496,340.642332828001,4.40846124616679
35.6512109852305,54.2804101535818,3.52737692572174
540.382766723766,157.138420207899,4.61774357649954
NA,NA,NA
660.870519739439,333.703565748297,3.40432486585385
454.909124259098,298.859331361339,3.55729197147001
9.94086614565943,497.031823731785,3.69367753695251
560.143465278167,49.6187905916511,4.09372105645382
69.8594897484541,373.01630785317,4.00729187171002
227.642408781826,412.081744342773,3.93927858308365
429.554949492403,12.1838176505877,3.42750528543635
362.712699714989,292.401281907722,3.04928105909164
602.510234280122,108.924035096648,4.19423824635396
388.787714127052,231.195534915483,4.2975913178908
567.159708906121,409.863987225536,4.68065857068247
135.339558153887,289.1930621509,4.53997401350106
195.245660953351,368.827813988162,4.10653987135469
126.252341505076,410.85164504041,3.51849057519064
616.589812797186,315.466160044966,4.52542593666654
-1.89351356472945,144.736390283296,4.31541875181378
541.992157847903,205.052200674281,4.273775083085
32.8215090941567,492.352690491081,2.89416323830805
281.946919738842,19.1799355873653,3.71339455882789
534.685587157268,392.045815036885,3.41588132800282
74.0268060547095,81.3175694052263,5.19751845797213
4.07906305440261,75.8838758239505,3.39923318103896
591.222406244191,228.661929137699,4.02879383497739
445.989867724388,455.678210344648,4.87001650740083
658.864483830286,373.273948745193,2.8527092424823
112.217598484028,491.293529667602,4.2524050753387
623.082675990438,93.9538094393175,4.13986823123262
420.452478752132,259.080408231266,3.62546117129299
10.2479221251062,179.149348034499,3.17674385543054
70.0125004975234,117.094326151229,4.66661119276324
610.204665716646,205.405448637131,3.94232668430049
252.940429680582,217.742317334015,3.74573584274723
577.006118201668,435.741470407153,4.1052405421065
299.845600035979,137.630090684781,3.79138208132187
523.185253320522,456.027595425743,3.72412720816183
51.9499167850272,419.190988343367,3.96939208180041
200.209722445766,282.307528480024,4.14144035965241
551.255259861122,271.809541674438,3.40745010072916
175.675446133718,28.2899240749213,3.91033150053388
504.521258400496,340.642332828001,4.40846124616679
35.6512109852305,54.2804101535818,3.52737692572174
540.382766723766,157.138420207899,4.61774357649954
NA,NA,NA
662.925741653668,336.862569771068,3.54866309562951
456.513723113263,302.01752557251,3.86156810501905
14.1125991200285,498.441183474601,3.49753826100517
559.939095995896,45.0939083215397,4.16335486998815
72.2214853389693,374.177847328806,4.02713663903578
228.062859828432,416.913104596123,4.01506132589399
430.714956416238,15.9775583866059,3.23678209839079
363.398111457543,294.931742971981,2.97613131359971
601.810457865015,101.457798829556,4.16999615768646
393.986118898252,232.421790915153,4.26628574591135
574.15986882524,411.033992288222,4.7122976425817
139.699816207097,278.88424380489,4.59788929282764
195.110436120526,365.739129670919,4.0696487510208
125.410283822117,408.678711499507,3.4755209181671
624.527695876805,310.038807921247,4.4737789186546
2.25839574236088,152.153792462681,4.29255550979761
539.389271170792,201.504938718919,4.20031010012719
33.0311633869427,490.009170087761,3.04146669537629
280.504298566121,15.0637822494232,3.95704121245401
533.00295429388,392.353418688786,3.48439813514235
65.2236952115275,79.9312007812634,5.36006944106376
4.25750011498803,71.8597886915952,3.47918053523951
584.176633922195,225.481116138511,3.96973581048108
441.632491228386,463.064426642103,4.85225483350959
659.625884922752,373.95040798313,2.9524428691518
104.205541523895,486.00709592283,4.38973421317274
625.005677084597,85.9919166643322,4.09484308796845
420.527750884268,257.076730734584,3.74352691341411
12.2774761131399,180.78047319146,3.23947194950559
71.2074323325951,125.153896765584,4.44955496863912
591.51168976303,200.735918399755,3.85878368906999
262.383923567397,219.132792610136,3.7521355667873
574.730503710258,436.001121244583,3.68953822201815
302.28039973444,135.648159888376,3.8888727054225
527.655534072087,458.962847449109,3.67469192343499
46.5519304797304,413.425825627849,3.64427302929229
203.176163765186,284.752632594424,3.90455113833229
550.773835689165,264.258195658549,3.84020282042049
183.874153632758,27.2578877125355,4.48483912921976
495.188500997225,339.702024205752,4.5715449138457
45.7535277414761,43.1962349266841,3.89379696895477
528.574710073677,150.800489333885,4.55602485109906
NA,NA,NA
662.925741653668,336.862569771068,3.54866309562951
456.513723113263,302.01752557251,3.86156810501905
14.1125991200285,498.441183474601,3.49753826100517
559.939095995896,45.0939083215397,4.16335486998815
72.2214853389693,374.177847328806,4.02713663903578
228.062859828432,416.913104596123,4.01506132589399
430.714956416238,15.9775583866059,3.23678209839079
363.398111457543,294.931742971981,2.97613131359971
601.810457865015,101.457798829556,4.16999615768646
393.986118898252,232.421790915153,4.26628574591135
574.15986882524,411.033992288222,4.7122976425817
139.699816207097,278.88424380489,4.59788929282764
195.110436120526,365.739129670919,4.0696487510208
125.410283822117,408.678711499507,3.4755209181671
624.527695876805,310.038807921247,4.4737789186546
2.25839574236088,152.153792462681,4.29255550979761
539.389271170792,201.504938718919,4.20031010012719
33.0311633869427,490.009170087761,3.04146669537629
280.504298566121,15.0637822494232,3.95704121245401
533.00295429388,392.353418688786,3.48439813514235
65.2236952115275,79.9312007812634,5.36006944106376
4.25750011498803,71.8597886915952,3.47918053523951
584.176633922195,225.481116138511,3.96973581048108
441.632491228386,463.064426642103,4.85225483350959
659.625884922752,373.95040798313,2.9524428691518
104.205541523895,486.00709592283,4.38973421317274
625.005677084597,85.9919166643322,4.09484308796845
420.527750884268,257.076730734584,3.74352691341411
12.2774761131399,180.78047319146,3.23947194950559
71.2074323325951,125.153896765584,4.44955496863912
591.51168976303,200.735918399755,3.85878368906999
262.383923567397,219.132792610136,3.7521355667873
574.730503710258,436.001121244583,3.68953822201815
302.28039973444,135.648159888376,3.8888727054225
527.655534072087,458.962847449109,3.67469192343499
46.5519304797304,413.425825627849,3.64427302929229
203.176163765186,284.752632594424,3.90455113833229
550.773835689165,264.258195658549,3.84020282042049
183.874153632758,27.2578877125355,4.48483912921976
495.188500997225,339.702024205752,4.5715449138457
45.7535277414761,43.1962349266841,3.89379696895477
528.574710073677,150.800489333885,4.55602485109906
NA,NA,NA
662.925741653668,336.862569771068,3.54866309562951
456.513723113263,302.01752557251,3.86156810501905
14.1125991200285,498.441183474601,3.49753826100517
559.939095995896,45.0939083215397,4.16335486998815
72.2214853389693,374.177847328806,4.02713663903578
228.062859828432,416.913104596123,4.01506132589399
430.714956416238,15.9775583866059,3.23678209839079
363.398111457543,294.931742971981,2.97613131359971
601.810457865015,101.457798829556,4.16999615768646
393.986118898252,232.421790915153,4.26628574591135
574.15986882524,411.033992288222,4.7122976425817
139.699816207097,278.88424380489,4.59788929282764
195.110436120526,365.739129670919,4.0696487510208
125.410283822117,408.678711499507,3.4755209181671
624.527695876805,310.038807921247,4.4737789186546
2.25839574236088,152.153792462681,4.29255550979761
539.389271170792,201.504938718919,4.20031010012719
33.0311633869427,490.009170087761,3.04146669537629
280.504298566121,15.0637822494232,3.95704121245401
533.00295429388,392.353418688786,3.48439813514235
65.2236952115275,79.9312007812634,5.36006944106376
4.25750011498803,71.8597886915952,3.47918053523951
584.176633922195,225.481116138511,3.96973581048108
441.632491228386,463.064426642103,4.85225483350959
659.625884922752,373.95040798313,2.9524428691518
104.205541523895,486.00709592283,4.38973421317274
625.005677084597,85.9919166643322,4.09484308796845
420.527750884268,257.076730734584,3.74352691341411
12.2774761131399,180.78047319146,3.23947194950559
71.2074323325951,125.153896765584,4.44955496863912
591.51168976303,200.735918399755,3.85878368906999
262.383923567397,219.132792610136,3.7521355667873
574.730503710258,436.001121244583,3.68953822201815
302.28039973444,135.648159888376,3.8888727054225
527.655534072087,458.962847449109,3.67469192343499
46.5519304797304,413.425825627849,3.64427302929229
203.176163765186,284.752632594424,3.90455113833229
550.773835689165,264.258195658549,3.84020282042049
183.874153632758,27.2578877125355,4.48483912921976
495.188500997225,339.702024205752,4.5715449138457
45.7535277414761,43.1962349266841,3.89379696895477
528.574710073677,150.800489333885,4.55602485109906
NA,NA,NA
662.925741653668,336.862569771068,3.54866309562951
456.513723113263,302.01752557251,3.86156810501905
14.1125991200285,498.441183474601,3.49753826100517
559.939095995896,45.0939083215397,4.16335486998815
72.2214853389693,374.177847328806,4.02713663903578
228.062859828432,416.913104596123,4.01506132589399
430.714956416238,15.9775583866059,3.23678209839079
363.398111457543,294.931742971981,2.97613131359971
601.810457865015,101.457798829556,4.16999615768646
393.986118898252,232.421790915153,4.26628574591135
574.15986882524,411.033992288222,4.7122976425817
139.699816207097,278.88424380489,4.59788929282764
195.110436120526,365.739129670919,4.0696487510208
125.410283822117,408.678711499507,3.4755209181671
624.527695876805,310.038807921247,4.4737789186546
2.25839574236088,152.153792462681,4.29255550979761
539.389271170792,201.504938718919,4.20031010012719
33.0311633869427,490.009170087761,3.04146669537629
280.504298566121,15.0637822494232,3.95704121245401
533.00295429388,392.353418688786,3.48439813514235
65.2236952115275,79.9312007812634,5.36006944106376
4.25750011498803,71.8597886915952,3.47918053523951
584.176633922195,225.481116138511,3.96973581048108
441.632491228386,463.064426642103,4.85225483350959
659.625884922752,373.95040798313,2.9524428691518
104.205541523895,486.00709592283,4.38973421317274
625.005677084597,85.9919166643322,4.09484308796845
420.527750884268,257.076730734584,3.74352691341411
12.2774761131399,180.78047319146,3.23947194950559
71.2074323325951,125.153896765584,4.44955496863912
591.51168976303,200.735918399755,3.85878368906999
262.383923567397,219.132792610136,3.7521355667873
574.730503710258,436.001121244583,3.68953822201815
302.28039973444,135.648159888376,3.8888727054225
527.655534072087,458.962847449109,3.67469192343499
46.5519304797304,413.425825627849,3.64427302929229
203.176163765186,284.752632594424,3.90455113833229
550.773835689165,264.258195658549,3.84020282042049
183.874153632758,27.2578877125355,4.48483912921976
495.188500997225,339.702024205752,4.5715449138457
45.7535277414761,43.1962349266841,3.89379696895477
528.574710073677,150.800489333885,4.55602485109906
NA,NA,NA
662.925741653668,336.862569771068,3.54866309562951
456.513723113263,302.01752557251,3.86156810501905
14.1125991200285,498.441183474601,3.49753826100517
559.939095995896,45.0939083215397,4.16335486998815
72.2214853389693,374.177847328806,4.02713663903578
228.062859828432,416.913104596123,4.01506132589399
430.714956416238,15.9775583866059,3.23678209839079
363.398111457543,294.931742971981,2.97613131359971
601.810457865015,101.457798829556,4.16999615768646
393.986118898252,232.421790915153,4.26628574591135
574.15986882524,411.033992288222,4.7122976425817
139.699816207097,278.88424380489,4.59788929282764
195.110436120526,365.739129670919,4.0696487510208
125.410283822117,408.678711499507,3.4755209181671
624.527695876805,310.038807921247,4.4737789186546
2.25839574236088,152.153792462681,4.29255550979761
539.389271170792,201.504938718919,4.20031010012719
33.0311633869427,490.009170087761,3.04146669537629
280.504298566121,15.0637822494232,3.95704121245401
533.00295429388,392.353418688786,3.48439813514235
65.2236952115275,79.9312007812634,5.36006944106376
4.25750011498803,71.8597886915952,3.47918053523951
584.176633922195,225.481116138511,3.96973581048108
441.632491228386,463.064426642103,4.85225483350959
659.625884922752,373.95040798313,2.9524428691518
104.205541523895,486.00709592283,4.38973421317274
625.005677084597,85.9919166643322,4.09484308796845
420.527750884268,257.076730734584,3.74352691341411
12.2774761131399,180.78047319146,3.23947194950559
71.2074323325951,125.153896765584,4.44955496863912
591.51168976303,200.735918399755,3.85878368906999
262.383923567397,219.132792610136,3.7521355667873
574.730503710258,436.001121244583,3.68953822201815
302.28039973444,135.648159888376,3.8888727054225
527.655534072087,458.962847449109,3.67469192343499
46.5519304797304,413.425825627849,3.64427302929229
203.176163765186,284.752632594424,3.90455113833229
550.773835689165,264.258195658549,3.84020282042049
183.874153632758,27.2578877125355,4.48483912921976
495.188500997225,339.702024205752,4.5715449138457
45.7535277414761,43.1962349266841,3.89379696895477
528.574710073677,150.800489333885,4.55602485109906
NA,NA,NA
662.925741653668,336.862569771068,3.54866309562951
456.513723113263,302.01752557251,3.86156810501905
14.1125991200285,498.441183474601,3.49753826100517
559.939095995896,45.0939083215397,4.16335486998815
72.2214853389693,374.177847328806,4.02713663903578
228.062859828432,416.913104596123,4.01506132589399
430.714956416238,15.9775583866059,3.23678209839079
363.398111457543,294.931742971981,2.97613131359971
601.810457865015,101.457798829556,4.16999615768646
393.986118898252,232.421790915153,4.26628574591135
574.15986882524,411.033992288222,4.7122976425817
139.699816207097,278.88424380489,4.59788929282764
195.110436120526,365.739129670919,4.0696487510208
125.410283822117,408.678711499507,3.4755209181671
624.527695876805,310.038807921247,4.4737789186546
2.25839574236088,152.153792462681,4.29255550979761
539.389271170792,201.504938718919,4.20031010012719
33.0311633869427,490.009170087761,3.04146669537629
280.504298566121,15.0637822494232,3.95704121245401
533.00295429388,392.353418688786,3.48439813514235
65.2236952115275,79.9312007812634,5.36006944106376
4.25750011498803,71.8597886915952,3.47918053523951
584.176633922195,225.481116138511,3.96973581048108
441.632491228386,463.064426642103,4.85225483350959
659.625884922752,373.95040798313,2.9524428691518
104.205541523895,486.00709592283,4.38973421317274
625.005677084597,85.9919166643322,4.09484308796845
420.527750884268,257.076730734584,3.74352691341411
12.2774761131399,180.78047319146,3.23947194950559
71.2074323325951,125.153896765584,4.44955496863912
591.51168976303,200.735918399755,3.85878368906999
262.383923567397,219.132792610136,3.7521355667873
574.730503710258,436.001121244583,3.68953822201815
302.28039973444,135.648159888376,3.8888727054225
527.655534072087,458.962847449109,3.67469192343499
46.5519304797304,413.425825627849,3.64427302929229
203.176163765186,284.752632594424,3.90455113833229
550.773835689165,264.258195658549,3.84020282042049
183.874153632758,27.2578877125355,4.48483912921976
495.188500997225,339.702024205752,4.5715449138457
45.7535277414761,43.1962349266841,3.89379696895477
528.574710073677,150.800489333885,4.55602485109906
NA,NA,NA
662.248433608124,331.472657488513,3.60675253339495
457.124260316136,303.468976039674,3.59375920159162
9.74585810554111,496.416567010908,3.50312646961951
561.593520852638,55.3815248962083,4.24848125133413
72.3500372303182,373.267782160694,3.97119138547751
226.76288843467,408.326706592803,3.86116280338153
428.105106969,13.8361260949041,3.31125861253745
361.326038325155,292.709403175596,2.98875137822533
605.923640698971,104.658705976773,4.37461642756734
395.464102111456,231.935731937394,4.33346416872709
567.947164395056,408.662817357593,4.7207007118742
136.897645951549,284.890710671208,4.60294676733823
198.866246036091,364.349405248144,3.92973601781297
126.844002154683,411.530948075186,3.39293005787874
626.889676255884,316.070591783541,4.56518982556975
1.64278009532511,149.222198982587,4.18684218265392
542.331708976042,205.785734144108,4.21674276516272
34.2919258490705,491.739859125957,2.83576710480171
276.791598646859,23.9447049028087,3.73459783671836
533.301853451916,393.116634224464,3.31431493475585
75.2780624613596,75.6114416933419,5.37353494553025
5.70423634974308,76.7912059876766,3.39982136365245
588.270859148174,229.335727495873,4.00056920779784
435.299610956671,460.515724796604,4.71275772566498
659.180433088129,373.192641764459,3.02207052740742
106.181916608172,488.567090365874,4.34313420546882
624.038037182746,90.3295303853371,4.04648375375945
420.07611609503,255.495626386743,3.65129740092093
13.1473175015619,180.442853356473,3.13204706721353
63.0659417254773,107.963510730769,4.38641290142251
595.317033544033,191.819386227359,4.35273626388341
251.058937079072,222.115848155432,3.76110012314561
569.314649518987,441.380083626036,3.99280072618023
302.852843634222,137.282453676234,3.92003825757864
528.933960317975,463.54113628888,3.71313850264929
37.6859693046548,412.571589614623,3.91261529028605
199.08382847779,290.685219293059,4.09999495528175
554.447749306567,261.5589808658,3.67495937526742
165.071659325808,43.1088728375951,4.18511310585014
500.992783867236,338.207792291347,4.71613362588629
36.8246341253032,40.8771255164323,3.57888718452979
541.690772003573,151.9137600527,4.79415134074996
NA,NA,NA
662.248433608124,331.472657488513,3.60675253339495
457.124260316136,303.468976039674,3.59375920159162
9.74585810554111,496.416567010908,3.50312646961951
561.593520852638,55.3815248962083,4.24848125133413
72.3500372303182,373.267782160694,3.97119138547751
226.76288843467,408.326706592803,3.86116280338153
428.105106969,13.8361260949041,3.31125861253745
361.326038325155,292.709403175596,2.98875137822533
605.923640698971,104.658705976773,4.37461642756734
395.464102111456,231.935731937394,4.33346416872709
567.947164395056,408.662817357593,4.7207007118742
136.897645951549,284.890710671208,4.60294676733823
198.866246036091,364.349405248144,3.92973601781297
126.844002154683,411.530948075186,3.39293005787874
626.889676255884,316.070591783541,4.56518982556975
1.64278009532511,149.222198982587,4.18684218265392
542.331708976042,205.785734144108,4.21674276516272
34.2919258490705,491.739859125957,2.83576710480171
276.791598646859,23.9447049028087,3.73459783671836
533.301853451916,393.116634224464,3.31431493475585
75.2780624613596,75.6114416933419,5.37353494553025
5.70423634974308,76.7912059876766,3.39982136365245
588.270859148174,229.335727495873,4.00056920779784
435.299610956671,460.515724796604,4.71275772566498
659.180433088129,373.192641764459,3.02207052740742
106.181916608172,488.567090365874,4.34313420546882
624.038037182746,90.3295303853371,4.04648375375945
420.07611609503,255.495626386743,3.65129740092093
13.1473175015619,180.442853356473,3.13204706721353
63.0659417254773,107.963510730769,4.38641290142251
595.317033544033,191.819386227359,4.35273626388341
251.058937079072,222.115848155432,3.76110012314561
569.314649518987,441.380083626036,3.99280072618023
302.852843634222,137.282453676234,3.92003825757864
528.933960317975,463.54113628888,3.71313850264929
37.6859693046548,412.571589614623,3.91261529028605
199.08382847779,290.685219293059,4.09999495528175
554.447749306567,261.5589808658,3.67495937526742
165.071659325808,43.1088728375951,4.18511310585014
500.992783867236,338.207792291347,4.71613362588629
36.8246341253032,40.8771255164323,3.57888718452979
541.690772003573,151.9137600527,4.79415134074996
NA,NA,NA
662.248433608124,331.472657488513,3.60675253339495
457.124260316136,303.468976039674,3.59375920159162
9.74585810554111,496.416567010908,3.50312646961951
561.593520852638,55.3815248962083,4.24848125133413
72.3500372303182,373.267782160694,3.97119138547751
226.76288843467,408.326706592803,3.86116280338153
428.105106969,13.8361260949041,3.31125861253745
361.326038325155,292.709403175596,2.98875137822533
605.923640698971,104.658705976773,4.37461642756734
395.464102111456,231.935731937394,4.33346416872709
567.947164395056,408.662817357593,4.7207007118742
136.897645951549,284.890710671208,4.60294676733823
198.866246036091,364.349405248144,3.92973601781297
126.844002154683,411.530948075186,3.39293005787874
626.889676255884,316.070591783541,4.56518982556975
1.64278009532511,149.222198982587,4.18684218265392
542.331708976042,205.785734144108,4.21674276516272
34.2919258490705,491.739859125957,2.83576710480171
276.791598646859,23.9447049028087,3.73459783671836
533.301853451916,393.116634224464,3.31431493475585
75.2780624613596,75.6114416933419,5.37353494553025
5.70423634974308,76.7912059876766,3.39982136365245
588.270859148174,229.335727495873,4.00056920779784
435.299610956671,460.515724796604,4.71275772566498
659.180433088129,373.192641764459,3.02207052740742
106.181916608172,488.567090365874,4.34313420546882
624.038037182746,90.3295303853371,4.04648375375945
420.07611609503,255.495626386743,3.65129740092093
13.1473175015619,180.442853356473,3.13204706721353
63.0659417254773,107.963510730769,4.38641290142251
595.317033544033,191.819386227359,4.35273626388341
251.058937079072,222.115848155432,3.76110012314561
569.314649518987,441.380083626036,3.99280072618023
302.852843634222,137.282453676234,3.92003825757864
528.933960317975,463.54113628888,3.71313850264929
37.6859693046548,412.571589614623,3.91261529028605
199.08382847779,290.685219293059,4.09999495528175
554.447749306567,261.5589808658,3.67495937526742
165.071659325808,43.1088728375951,4.18511310585014
500.992783867236,338.207792291347,4.71613362588629
36.8246341253032,40.8771255164323,3.57888718452979
541.690772003573,151.9137600527,4.79415134074996
NA,NA,NA
662.248433608124,331.472657488513,3.60675253339495
457.124260316136,303.468976039674,3.59375920159162
9.74585810554111,496.416567010908,3.50312646961951
561.593520852638,55.3815248962083,4.24848125133413
72.3500372303182,373.267782160694,3.97119138547751
226.76288843467,408.326706592803,3.86116280338153
428.105106969,13.8361260949041,3.31125861253745
361.326038325155,292.709403175596,2.98875137822533
605.923640698971,104.658705976773,4.37461642756734
395.464102111456,231.935731937394,4.33346416872709
567.947164395056,408.662817357593,4.7207007118742
136.897645951549,284.890710671208,4.60294676733823
198.866246036091,364.349405248144,3.92973601781297
126.844002154683,411.530948075186,3.39293005787874
626.889676255884,316.070591783541,4.56518982556975
1.64278009532511,149.222198982587,4.18684218265392
542.331708976042,205.785734144108,4.21674276516272
34.2919258490705,491.739859125957,2.83576710480171
276.791598646859,23.9447049028087,3.73459783671836
533.301853451916,393.116634224464,3.31431493475585
75.2780624613596,75.6114416933419,5.37353494553025
5.70423634974308,76.7912059876766,3.39982136365245
588.270859148174,229.335727495873,4.00056920779784
435.299610956671,460.515724796604,4.71275772566498
659.180433088129,373.192641764459,3.02207052740742
106.181916608172,488.567090365874,4.34313420546882
624.038037182746,90.3295303853371,4.04648375375945
420.07611609503,255.495626386743,3.65129740092093
13.1473175015619,180.442853356473,3.13204706721353
63.0659417254773,107.963510730769,4.38641290142251
595.317033544033,191.819386227359,4.35273626388341
251.058937079072,222.115848155432,3.76110012314561
569.314649518987,441.380083626036,3.99280072618023
302.852843634222,137.282453676234,3.92003825757864
528.933960317975,463.54113628888,3.71313850264929
37.6859693046548,412.571589614623,3.91261529028605
199.08382847779,290.685219293059,4.09999495528175
554.447749306567,261.5589808658,3.67495937526742
165.071659325808,43.1088728375951,4.18511310585014
500.992783867236,338.207792291347,4.71613362588629
36.8246341253032,40.8771255164323,3.57888718452979
541.690772003573,151.9137600527,4.79415134074996
NA,NA,NA
662.248433608124,331.472657488513,3.60675253339495
457.124260316136,303.468976039674,3.59375920159162
9.74585810554111,496.416567010908,3.50312646961951
561.593520852638,55.3815248962083,4.24848125133413
72.3500372303182,373.267782160694,3.97119138547751
226.76288843467,408.326706592803,3.86116280338153
428.105106969,13.8361260949041,3.31125861253745
361.326038325155,292.709403175596,2.98875137822533
605.923640698971,104.658705976773,4.37461642756734
395.464102111456,231.935731937394,4.33346416872709
567.947164395056,408.662817357593,4.7207007118742
136.897645951549,284.890710671208,4.60294676733823
198.866246036091,364.349405248144,3.92973601781297
126.844002154683,411.530948075186,3.39293005787874
626.889676255884,316.070591783541,4.56518982556975
1.64278009532511,149.222198982587,4.18684218265392
542.331708976042,205.785734144108,4.21674276516272
34.2919258490705,491.739859125957,2.83576710480171
276.791598646859,23.9447049028087,3.73459783671836
533.301853451916,393.116634224464,3.31431493475585
75.2780624613596,75.6114416933419,5.37353494553025
5.70423634974308,76.7912059876766,3.39982136365245
588.270859148174,229.335727495873,4.00056920779784
435.299610956671,460.515724796604,4.71275772566498
659.180433088129,373.192641764459,3.02207052740742
106.181916608172,488.567090365874,4.34313420546882
624.038037182746,90.3295303853371,4.04648375375945
420.07611609503,255.495626386743,3.65129740092093
13.1473175015619,180.442853356473,3.13204706721353
63.0659417254773,107.963510730769,4.38641290142251
595.317033544033,191.819386227359,4.35273626388341
251.058937079072,222.115848155432,3.76110012314561
569.314649518987,441.380083626036,3.99280072618023
302.852843634222,137.282453676234,3.92003825757864
528.933960317975,463.54113628888,3.71313850264929
37.6859693046548,412.571589614623,3.91261529028605
199.08382847779,290.685219293059,4.09999495528175
554.447749306567,261.5589808658,3.67495937526742
165.071659325808,43.1088728375951,4.18511310585014
500.992783867236,338.207792291347,4.71613362588629
36.8246341253032,40.8771255164323,3.57888718452979
541.690772003573,151.9137600527,4.79415134074996
NA,NA,NA
662.248433608124,331.472657488513,3.60675253339495
457.124260316136,303.468976039674,3.59375920159162
9.74585810554111,496.416567010908,3.50312646961951
561.593520852638,55.3815248962083,4.24848125133413
72.3500372303182,373.267782160694,3.97119138547751
226.76288843467,408.326706592803,3.86116280338153
428.105106969,13.8361260949041,3.31125861253745
361.326038325155,292.709403175596,2.98875137822533
605.923640698971,104.658705976773,4.37461642756734
395.464102111456,231.935731937394,4.33346416872709
567.947164395056,408.662817357593,4.7207007118742
136.897645951549,284.890710671208,4.60294676733823
198.866246036091,364.349405248144,3.92973601781297
126.844002154683,411.530948075186,3.39293005787874
626.889676255884,316.070591783541,4.56518982556975
1.64278009532511,149.222198982587,4.18684218265392
542.331708976042,205.785734144108,4.21674276516272
34.2919258490705,491.739859125957,2.83576710480171
276.791598646859,23.9447049028087,3.73459783671836
533.301853451916,393.116634224464,3.31431493475585
75.2780624613596,75.6114416933419,5.37353494553025
5.70423634974308,76.7912059876766,3.39982136365245
588.270859148174,229.335727495873,4.00056920779784
435.299610956671,460.515724796604,4.71275772566498
659.180433088129,373.192641764459,3.02207052740742
106.181916608172,488.567090365874,4.34313420546882
624.038037182746,90.3295303853371,4.04648375375945
420.07611609503,255.495626386743,3.65129740092093
13.1473175015619,180.442853356473,3.13204706721353
63.0659417254773,107.963510730769,4.38641290142251
595.317033544033,191.819386227359,4.35273626388341
251.058937079072,222.115848155432,3.76110012314561
569.314649518987,441.380083626036,3.99280072618023
302.852843634222,137.282453676234,3.92003825757864
528.933960317975,463.54113628888,3.71313850264929
37.6859693046548,412.571589614623,3.91261529028605
199.08382847779,290.685219293059,4.09999495528175
554.447749306567,261.5589808658,3.67495937526742
165.071659325808,43.1088728375951,4.18511310585014
500.992783867236,338.207792291347,4.71613362588629
36.8246341253032,40.8771255164323,3.57888718452979
541.690772003573,151.9137600527,4.79415134074996
NA,NA,NA
662.492601359779,334.819646886955,3.37345486559103
456.605297338932,299.34667297513,3.61231890396534
6.84109454969178,494.181441900745,3.6382379147975
565.571900368715,50.6043718422084,4.0711759362958
73.6588806722175,374.054086272134,3.91568475836789
226.91045486082,415.610414529914,3.84839715052104
425.401238780325,12.805023220265,3.37641915955172
362.923975016461,293.380400726879,3.02602335535652
605.196816162916,98.5956816880335,4.22256078303453
390.495692714784,229.027102511864,4.09128278822655
568.882216096624,411.307171408668,4.78606576138836
145.067127642905,281.539676030414,4.4752020087178
206.049500313375,366.898139447969,4.18564149060639
125.105642943054,411.441982846113,3.35253176858978
629.091866031161,306.146198776115,4.54113640239487
6.9386791809415,149.75380009332,4.28517184571045
542.001542860053,202.904200919094,4.19745943378148
35.393541020278,493.546053384358,3.06535516972845
278.892565378037,22.6630286599828,3.98723323502676
531.467233899438,392.232558480625,3.67928288747856
70.4472966092495,88.3284584040314,5.33595718149127
5.26573454210392,77.8038035147505,3.337304541563
588.933282875584,225.766066329378,4.00934412730206
442.336810618771,457.184182421855,4.75120878932536
658.968975053685,371.57390303953,3.00948047583245
102.530440661639,490.023098376009,4.39532852134771
626.049964042646,95.558724974719,4.05945225992195
417.933408124013,258.409530826118,3.63633033066314
12.9428604332377,182.209161170952,3.10237636452086
69.5198184714577,121.227135777252,4.75652100299785
610.698543704609,212.369626466177,4.36030445128954
264.591244636051,220.766890002502,4.08338775560806
577.970915686059,431.52022678451,4.02190812178203
298.293420717651,136.295874144307,3.86854862255341
536.832926321104,452.051522486032,3.55585756390265
48.5356267267321,419.341369518226,3.87574087685819
197.947230572543,281.76519506759,4.01688357015372
549.285486038105,261.333624639082,3.83018728628535
190.410247462075,23.7815750235957,4.30017004380337
491.524211546415,338.033334720361,4.51019495174018
35.8558870363554,54.6574590072428,4.14315944722955
538.38922281015,147.748874582459,4.90472280899701
NA,NA,NA
662.492601359779,334.819646886955,3.37345486559103
456.605297338932,299.34667297513,3.61231890396534
6.84109454969178,494.181441900745,3.6382379147975
565.571900368715,50.6043718422084,4.0711759362958
73.6588806722175,374.054086272134,3.91568475836789
226.91045486082,415.610414529914,3.84839715052104
425.401238780325,12.805023220265,3.37641915955172
362.923975016461,293.380400726879,3.02602335535652
605.196816162916,98.5956816880335,4.22256078303453
390.495692714784,229.027102511864,4.09128278822655
568.882216096624,411.307171408668,4.78606576138836
145.067127642905,281.539676030414,4.4752020087178
206.049500313375,366.898139447969,4.18564149060639
125.105642943054,411.441982846113,3.35253176858978
629.091866031161,306.146198776115,4.54113640239487
6.9386791809415,149.75380009332,4.28517184571045
542.001542860053,202.904200919094,4.19745943378148
35.393541020278,493.546053384358,3.06535516972845
278.892565378037,22.6630286599828,3.98723323502676
531.467233899438,392.232558480625,3.67928288747856
70.4472966092495,88.3284584040314,5.33595718149127
5.26573454210392,77.8038035147505,3.337304541563
588.933282875584,225.766066329378,4.00934412730206
442.336810618771,457.184182421855,4.75120878932536
658.968975053685,371.57390303953,3.00948047583245
102.530440661639,490.023098376009,4.39532852134771
626.049964042646,95.558724974719,4.05945225992195
417.933408124013,258.409530826118,3.63633033066314
12.9428604332377,182.209161170952,3.10237636452086
69.5198184714577,121.227135777252,4.75652100299785
610.698543704609,212.369626466177,4.36030445128954
264.591244636051,220.766890002502,4.08338775560806
577.970915686059,431.52022678451,4.02190812178203
298.293420717651,136.295874144307,3.86854862255341
536.832926321104,452.051522486032,3.55585756390265
48.5356267267321,419.341369518226,3.87574087685819
197.947230572543,281.76519506759,4.01688357015372
549.285486038105,261.333624639082,3.83018728628535
190.410247462075,23.7815750235957,4.30017004380337
491.524211546415,338.033334720361,4.51019495174018
35.8558870363554,54.6574590072428,4.14315944722955
538.38922281015,147.748874582459,4.90472280899701
NA,NA,NA
662.492601359779,334.819646886955,3.37345486559103
456.605297338932,299.34667297513,3.61231890396534
6.84109454969178,494.181441900745,3.6382379147975
565.571900368715,50.6043718422084,4.0711759362958
73.6588806722175,374.054086272134,3.91568475836789
226.91045486082,415.610414529914,3.84839715052104
425.401238780325,12.805023220265,3.37641915955172
362.923975016461,293.380400726879,3.02602335535652
605.196816162916,98.5956816880335,4.22256078303453
390.495692714784,229.027102511864,4.09128278822655
568.882216096624,411.307171408668,4.78606576138836
145.067127642905,281.539676030414,4.4752020087178
206.049500313375,366.898139447969,4.18564149060639
125.105642943054,411.441982846113,3.35253176858978
629.091866031161,306.146198776115,4.54113640239487
6.9386791809415,149.75380009332,4.28517184571045
542.001542860053,202.904200919094,4.19745943378148
35.393541020278,493.546053384358,3.06535516972845
278.892565378037,22.6630286599828,3.98723323502676
531.467233899438,392.232558480625,3.67928288747856
70.4472966092495,88.3284584040314,5.33595718149127
5.26573454210392,77.8038035147505,3.337304541563
588.933282875584,225.766066329378,4.00934412730206
442.336810618771,457.184182421855,4.75120878932536
658.968975053685,371.57390303953,3.00948047583245
102.530440661639,490.023098376009,4.39532852134771
626.049964042646,95.558724974719,4.05945225992195
417.933408124013,258.409530826118,3.63633033066314
12.9428604332377,182.209161170952,3.10237636452086
69.5198184714577,121.227135777252,4.75652100299785
610.698543704609,212.369626466177,4.36030445128954
264.591244636051,220.766890002502,4.08338775560806
577.970915686059,431.52022678451,4.02190812178203
298.293420717651,136.295874144307,3.86854862255341
536.832926321104,452.051522486032,3.55585756390265
48.5356267267321,419.341369518226,3.87574087685819
197.947230572543,281.76519506759,4.01688357015372
549.285486038105,261.333624639082,3.83018728628535
190.410247462075,23.7815750235957,4.30017004380337
491.524211546415,338.033334720361,4.51019495174018
35.8558870363554,54.6574590072428,4.14315944722955
538.38922281015,147.748874582459,4.90472280899701
NA,NA,NA
662.492601359779,334.819646886955,3.37345486559103
456.605297338932,299.34667297513,3.61231890396534
6.84109454969178,494.181441900745,3.6382379147975
565.571900368715,50.6043718422084,4.0711759362958
73.6588806722175,374.054086272134,3.91568475836789
226.91045486082,415.610414529914,3.84839715052104
425.401238780325,12.805023220265,3.37641915955172
362.923975016461,293.380400726879,3.02602335535652
605.196816162916,98.5956816880335,4.22256078303453
390.495692714784,229.027102511864,4.09128278822655
568.882216096624,411.307171408668,4.78606576138836
145.067127642905,281.539676030414,4.4752020087178
206.049500313375,366.898139447969,4.18564149060639
125.105642943054,411.441982846113,3.35253176858978
629.091866031161,306.146198776115,4.54113640239487
6.9386791809415,149.75380009332,4.28517184571045
542.001542860053,202.904200919094,4.19745943378148
35.393541020278,493.546053384358,3.06535516972845
278.892565378037,22.6630286599828,3.98723323502676
531.467233899438,392.232558480625,3.67928288747856
70.4472966092495,88.3284584040314,5.33595718149127
5.26573454210392,77.8038035147505,3.337304541563
588.933282875584,225.766066329378,4.00934412730206
442.336810618771,457.184182421855,4.75120878932536
658.968975053685,371.57390303953,3.00948047583245
102.530440661639,490.023098376009,4.39532852134771
626.049964042646,95.558724974719,4.05945225992195
417.933408124013,258.409530826118,3.63633033066314
12.9428604332377,182.209161170952,3.10237636452086
69.5198184714577,121.227135777252,4.75652100299785
610.698543704609,212.369626466177,4.36030445128954
264.591244636051,220.766890002502,4.08338775560806
577.970915686059,431.52022678451,4.02190812178203
298.293420717651,136.295874144307,3.86854862255341
536.832926321104,452.051522486032,3.55585756390265
48.5356267267321,419.341369518226,3.87574087685819
197.947230572543,281.76519506759,4.01688357015372
549.285486038105,261.333624639082,3.83018728628535
190.410247462075,23.7815750235957,4.30017004380337
491.524211546415,338.033334720361,4.51019495174018
35.8558870363554,54.6574590072428,4.14315944722955
538.38922281015,147.748874582459,4.90472280899701
NA,NA,NA
662.492601359779,334.819646886955,3.37345486559103
456.605297338932,299.34667297513,3.61231890396534
6.84109454969178,494.181441900745,3.6382379147975
565.571900368715,50.6043718422084,4.0711759362958
73.6588806722175,374.054086272134,3.91568475836789
226.91045486082,415.610414529914,3.84839715052104
425.401238780325,12.805023220265,3.37641915955172
362.923975016461,293.380400726879,3.02602335535652
605.196816162916,98.5956816880335,4.22256078303453
390.495692714784,229.027102511864,4.09128278822655
568.882216096624,411.307171408668,4.78606576138836
145.067127642905,281.539676030414,4.4752020087178
206.049500313375,366.898139447969,4.18564149060639
125.105642943054,411.441982846113,3.35253176858978
629.091866031161,306.146198776115,4.54113640239487
6.9386791809415,149.75380009332,4.28517184571045
542.001542860053,202.904200919094,4.19745943378148
35.393541020278,493.546053384358,3.06535516972845
278.892565378037,22.6630286599828,3.98723323502676
531.467233899438,392.232558480625,3.67928288747856
70.4472966092495,88.3284584040314,5.33595718149127
5.26573454210392,77.8038035147505,3.337304541563
588.933282875584,225.766066329378,4.00934412730206
442.336810618771,457.184182421855,4.75120878932536
658.968975053685,371.57390303953,3.00948047583245
102.530440661639,490.023098376009,4.39532852134771
626.049964042646,95.558724974719,4.05945225992195
417.933408124013,258.409530826118,3.63633033066314
12.9428604332377,182.209161170952,3.10237636452086
69.5198184714577,121.227135777252,4.75652100299785
610.698543704609,212.369626466177,4.36030445128954
264.591244636051,220.766890002502,4.08338775560806
577.970915686059,431.52022678451,4.02190812178203
298.293420717651,136.295874144307,3.86854862255341
536.832926321104,452.051522486032,3.55585756390265
48.5356267267321,419.341369518226,3.87574087685819
197.947230572543,281.76519506759,4.01688357015372
549.285486038105,261.333624639082,3.83018728628535
190.410247462075,23.7815750235957,4.30017004380337
491.524211546415,338.033334720361,4.51019495174018
35.8558870363554,54.6574590072428,4.14315944722955
538.38922281015,147.748874582459,4.90472280899701
NA,NA,NA
662.492601359779,334.819646886955,3.37345486559103
456.605297338932,299.34667297513,3.61231890396534
6.84109454969178,494.181441900745,3.6382379147975
565.571900368715,50.6043718422084,4.0711759362958
73.6588806722175,374.054086272134,3.91568475836789
226.91045486082,415.610414529914,3.84839715052104
425.401238780325,12.805023220265,3.37641915955172
362.923975016461,293.380400726879,3.02602335535652
605.196816162916,98.5956816880335,4.22256078303453
390.495692714784,229.027102511864,4.09128278822655
568.882216096624,411.307171408668,4.78606576138836
145.067127642905,281.539676030414,4.4752020087178
206.049500313375,366.898139447969,4.18564149060639
125.105642943054,411.441982846113,3.35253176858978
629.091866031161,306.146198776115,4.54113640239487
6.9386791809415,149.75380009332,4.28517184571045
542.001542860053,202.904200919094,4.19745943378148
35.393541020278,493.546053384358,3.06535516972845
278.892565378037,22.6630286599828,3.98723323502676
531.467233899438,392.232558480625,3.67928288747856
70.4472966092495,88.3284584040314,5.33595718149127
5.26573454210392,77.8038035147505,3.337304541563
588.933282875584,225.766066329378,4.00934412730206
442.336810618771,457.184182421855,4.75120878932536
658.968975053685,371.57390303953,3.00948047583245
102.530440661639,490.023098376009,4.39532852134771
626.049964042646,95.558724974719,4.05945225992195
417.933408124013,258.409530826118,3.63633033066314
12.9428604332377,182.209161170952,3.10237636452086
69.5198184714577,121.227135777252,4.75652100299785
610.698543704609,212.369626466177,4.36030445128954
264.591244636051,220.766890002502,4.08338775560806
577.970915686059,431.52022678451,4.02190812178203
298.293420717651,136.295874144307,3.86854862255341
536.832926321104,452.051522486032,3.55585756390265
48.5356267267321,419.341369518226,3.87574087685819
197.947230572543,281.76519506759,4.01688357015372
549.285486038105,261.333624639082,3.83018728628535
190.410247462075,23.7815750235957,4.30017004380337
491.524211546415,338.033334720361,4.51019495174018
35.8558870363554,54.6574590072428,4.14315944722955
538.38922281015,147.748874582459,4.90472280899701
NA,NA,NA
657.385743626358,334.458748660677,3.51471943759381
451.940757979698,300.831725861924,3.61606575260017
13.0627810048037,493.73298631086,3.57222277659293
560.204124501752,49.1411054096105,4.26235011259375
73.6366945733728,373.992591758288,3.93868737792249
224.164366576262,410.642240351993,3.8764142185528
428.16336525665,11.3844786960738,3.29099803582937
362.880553925557,292.454851423338,3.03075858594627
602.544138793526,99.766755210573,4.27218589149476
396.876326592654,232.669725234991,4.2445371549806
567.392338965622,410.611405950519,4.75035198360703
139.630559732782,283.788615404881,4.42271234833472
200.760972617576,371.918233625188,4.07841357708866
127.708589525769,413.759375441572,3.38118736448222
621.256819426828,309.990283091342,4.46408884637356
2.28195907734239,150.41229620871,4.23704039823618
539.870875268134,202.971613534642,4.19189628697988
35.4346484966575,490.939069111026,3.00318479004272
283.15470437074,23.917329448207,4.04961774287338
535.923039918475,393.629363318991,3.4182414474608
79.7879680605252,76.1629130018484,5.14576431860233
3.48944184169129,75.185313261093,3.57071023238129
587.881633153694,226.051956242713,4.09692502737799
442.113452787656,451.701961708795,4.76713076086651
659.139354917723,374.901278127248,3.05004878038217
104.362285351901,481.915132440018,4.42718391942551
623.289875150535,90.7387897668135,4.04080261134516
421.470289036066,259.165449850859,3.58551824958451
10.9973693185636,180.166457916652,3.04404261658263
79.5450108405907,117.662607944404,4.67362984601614
602.599925656105,194.881096649309,4.25538443149649
256.23463710639,219.326420976586,4.21988857439797
583.09940873794,439.146272119723,3.79219850891567
298.410836020781,137.81613543902,3.89672282306725
531.836276956389,447.236779024025,3.68298806652532
51.5338805524153,429.560482952214,4.14407657402449
212.058053033776,299.744468222575,3.53248575843261
548.823635741724,254.844547284937,3.89554200822734
160.754094724274,36.3382347492265,4.44120896779426
507.304966191123,344.705950093909,4.72451601390046
41.2328828747377,49.6477077260814,3.96260804164219
527.66394905263,132.107850744879,4.50472231827293
NA,NA,NA
657.385743626358,334.458748660677,3.51471943759381
451.940757979698,300.831725861924,3.61606575260017
13.0627810048037,493.73298631086,3.57222277659293
560.204124501752,49.1411054096105,4.26235011259375
73.6366945733728,373.992591758288,3.93868737792249
224.164366576262,410.642240351993,3.8764142185528
428.16336525665,11.3844786960738,3.29099803582937
362.880553925557,292.454851423338,3.03075858594627
602.544138793526,99.766755210573,4.27218589149476
396.876326592654,232.669725234991,4.2445371549806
567.392338965622,410.611405950519,4.75035198360703
139.630559732782,283.788615404881,4.42271234833472
200.760972617576,371.918233625188,4.07841357708866
127.708589525769,413.759375441572,3.38118736448222
621.256819426828,309.990283091342,4.46408884637356
2.28195907734239,150.41229620871,4.23704039823618
539.870875268134,202.971613534642,4.19189628697988
35.4346484966575,490.939069111026,3.00318479004272
283.15470437074,23.917329448207,4.04961774287338
535.923039918475,393.629363318991,3.4182414474608
79.7879680605252,76.1629130018484,5.14576431860233
3.48944184169129,75.185313261093,3.57071023238129
587.881633153694,226.051956242713,4.09692502737799
442.113452787656,451.701961708795,4.76713076086651
659.139354917723,374.901278127248,3.05004878038217
104.362285351901,481.915132440018,4.42718391942551
623.289875150535,90.7387897668135,4.04080261134516
421.470289036066,259.165449850859,3.58551824958451
10.9973693185636,180.166457916652,3.04404261658263
79.5450108405907,117.662607944404,4.67362984601614
602.599925656105,194.881096649309,4.25538443149649
256.23463710639,219.326420976586,4.21988857439797
583.09940873794,439.146272119723,3.79219850891567
298.410836020781,137.81613543902,3.89672282306725
531.836276956389,447.236779024025,3.68298806652532
51.5338805524153,429.560482952214,4.14407657402449
212.058053033776,299.744468222575,3.53248575843261
548.823635741724,254.844547284937,3.89554200822734
160.754094724274,36.3382347492265,4.44120896779426
507.304966191123,344.705950093909,4.72451601390046
41.2328828747377,49.6477077260814,3.96260804164219
527.66394905263,132.107850744879,4.50472231827293
NA,NA,NA
657.385743626358,334.458748660677,3.51471943759381
451.940757979698,300.831725861924,3.61606575260017
13.0627810048037,493.73298631086,3.57222277659293
560.204124501752,49.1411054096105,4.26235011259375
73.6366945733728,373.992591758288,3.93868737792249
224.164366576262,410.642240351993,3.8764142185528
428.16336525665,11.3844786960738,3.29099803582937
362.880553925557,292.454851423338,3.03075858594627
602.544138793526,99.766755210573,4.27218589149476
396.876326592654,232.669725234991,4.2445371549806
567.392338965622,410.611405950519,4.75035198360703
139.630559732782,283.788615404881,4.42271234833472
200.760972617576,371.918233625188,4.07841357708866
127.708589525769,413.759375441572,3.38118736448222
621.256819426828,309.990283091342,4.46408884637356
2.28195907734239,150.41229620871,4.23704039823618
539.870875268134,202.971613534642,4.19189628697988
35.4346484966575,490.939069111026,3.00318479004272
283.15470437074,23.917329448207,4.04961774287338
535.923039918475,393.629363318991,3.4182414474608
79.7879680605252,76.1629130018484,5.14576431860233
3.48944184169129,75.185313261093,3.57071023238129
587.881633153694,226.051956242713,4.09692502737799
442.113452787656,451.701961708795,4.76713076086651
659.139354917723,374.901278127248,3.05004878038217
104.362285351901,481.915132440018,4.42718391942551
623.289875150535,90.7387897668135,4.04080261134516
421.470289036066,259.165449850859,3.58551824958451
10.9973693185636,180.166457916652,3.04404261658263
79.5450108405907,117.662607944404,4.67362984601614
602.599925656105,194.881096649309,4.25538443149649
256.23463710639,219.326420976586,4.21988857439797
583.09940873794,439.146272119723,3.79219850891567
298.410836020781,137.81613543902,3.89672282306725
531.836276956389,447.236779024025,3.68298806652532
51.5338805524153,429.560482952214,4.14407657402449
212.058053033776,299.744468222575,3.53248575843261
548.823635741724,254.844547284937,3.89554200822734
160.754094724274,36.3382347492265,4.44120896779426
507.304966191123,344.705950093909,4.72451601390046
41.2328828747377,49.6477077260814,3.96260804164219
527.66394905263,132.107850744879,4.50472231827293
NA,NA,NA
657.385743626358,334.458748660677,3.51471943759381
451.940757979698,300.831725861924,3.61606575260017
13.0627810048037,493.73298631086,3.57222277659293
560.204124501752,49.1411054096105,4.26235011259375
73.6366945733728,373.992591758288,3.93868737792249
224.164366576262,410.642240351993,3.8764142185528
428.16336525665,11.3844786960738,3.29099803582937
362.880553925557,292.454851423338,3.03075858594627
602.544138793526,99.766755210573,4.27218589149476
396.876326592654,232.669725234991,4.2445371549806
567.392338965622,410.611405950519,4.75035198360703
139.630559732782,283.788615404881,4.42271234833472
200.760972617576,371.918233625188,4.07841357708866
127.708589525769,413.759375441572,3.38118736448222
621.256819426828,309.990283091342,4.46408884637356
2.28195907734239,150.41229620871,4.23704039823618
539.870875268134,202.971613534642,4.19189628697988
35.4346484966575,490.939069111026,3.00318479004272
283.15470437074,23.917329448207,4.04961774287338
535.923039918475,393.629363318991,3.4182414474608
79.7879680605252,76.1629130018484,5.14576431860233
3.48944184169129,75.185313261093,3.57071023238129
587.881633153694,226.051956242713,4.09692502737799
442.113452787656,451.701961708795,4.76713076086651
659.139354917723,374.901278127248,3.05004878038217
104.362285351901,481.915132440018,4.42718391942551
623.289875150535,90.7387897668135,4.04080261134516
421.470289036066,259.165449850859,3.58551824958451
10.9973693185636,180.166457916652,3.04404261658263
79.5450108405907,117.662607944404,4.67362984601614
602.599925656105,194.881096649309,4.25538443149649
256.23463710639,219.326420976586,4.21988857439797
583.09940873794,439.146272119723,3.79219850891567
298.410836020781,137.81613543902,3.89672282306725
531.836276956389,447.236779024025,3.68298806652532
51.5338805524153,429.560482952214,4.14407657402449
212.058053033776,299.744468222575,3.53248575843261
548.823635741724,254.844547284937,3.89554200822734
160.754094724274,36.3382347492265,4.44120896779426
507.304966191123,344.705950093909,4.72451601390046
41.2328828747377,49.6477077260814,3.96260804164219
527.66394905263,132.107850744879,4.50472231827293
NA,NA,NA
657.385743626358,334.458748660677,3.51471943759381
451.940757979698,300.831725861924,3.61606575260017
13.0627810048037,493.73298631086,3.57222277659293
560.204124501752,49.1411054096105,4.26235011259375
73.6366945733728,373.992591758288,3.93868737792249
224.164366576262,410.642240351993,3.8764142185528
428.16336525665,11.3844786960738,3.29099803582937
362.880553925557,292.454851423338,3.03075858594627
602.544138793526,99.766755210573,4.27218589149476
396.876326592654,232.669725234991,4.2445371549806
567.392338965622,410.611405950519,4.75035198360703
139.630559732782,283.788615404881,4.42271234833472
200.760972617576,371.918233625188,4.07841357708866
127.708589525769,413.759375441572,3.38118736448222
621.256819426828,309.990283091342,4.46408884637356
2.28195907734239,150.41229620871,4.23704039823618
539.870875268134,202.971613534642,4.19189628697988
35.4346484966575,490.939069111026,3.00318479004272
283.15470437074,23.917329448207,4.04961774287338
535.923039918475,393.629363318991,3.4182414474608
79.7879680605252,76.1629130018484,5.14576431860233
3.48944184169129,75.185313261093,3.57071023238129
587.881633153694,226.051956242713,4.09692502737799
442.113452787656,451.701961708795,4.76713076086651
659.139354917723,374.901278127248,3.05004878038217
104.362285351901,481.915132440018,4.42718391942551
623.289875150535,90.7387897668135,4.04080261134516
421.470289036066,259.165449850859,3.58551824958451
10.9973693185636,180.166457916652,3.04404261658263
79.5450108405907,117.662607944404,4.67362984601614
602.599925656105,194.881096649309,4.25538443149649
256.23463710639,219.326420976586,4.21988857439797
583.09940873794,439.146272119723,3.79219850891567
298.410836020781,137.81613543902,3.89672282306725
531.836276956389,447.236779024025,3.68298806652532
51.5338805524153,429.560482952214,4.14407657402449
212.058053033776,299.744468222575,3.53248575843261
548.823635741724,254.844547284937,3.89554200822734
160.754094724274,36.3382347492265,4.44120896779426
507.304966191123,344.705950093909,4.72451601390046
41.2328828747377,49.6477077260814,3.96260804164219
527.66394905263,132.107850744879,4.50472231827293
NA,NA,NA
657.385743626358,334.458748660677,3.51471943759381
451.940757979698,300.831725861924,3.61606575260017
13.0627810048037,493.73298631086,3.57222277659293
560.204124501752,49.1411054096105,4.26235011259375
73.6366945733728,373.992591758288,3.93868737792249
224.164366576262,410.642240351993,3.8764142185528
428.16336525665,11.3844786960738,3.29099803582937
362.880553925557,292.454851423338,3.03075858594627
602.544138793526,99.766755210573,4.27218589149476
396.876326592654,232.669725234991,4.2445371549806
567.392338965622,410.611405950519,4.75035198360703
139.630559732782,283.788615404881,4.42271234833472
200.760972617576,371.918233625188,4.07841357708866
127.708589525769,413.759375441572,3.38118736448222
621.256819426828,309.990283091342,4.46408884637356
2.28195907734239,150.41229620871,4.23704039823618
539.870875268134,202.971613534642,4.19189628697988
35.4346484966575,490.939069111026,3.00318479004272
283.15470437074,23.917329448207,4.04961774287338
535.923039918475,393.629363318991,3.4182414474608
79.7879680605252,76.1629130018484,5.14576431860233
3.48944184169129,75.185313261093,3.57071023238129
587.881633153694,226.051956242713,4.09692502737799
442.113452787656,451.701961708795,4.76713076086651
659.139354917723,374.901278127248,3.05004878038217
104.362285351901,481.915132440018,4.42718391942551
623.289875150535,90.7387897668135,4.04080261134516
421.470289036066,259.165449850859,3.58551824958451
10.9973693185636,180.166457916652,3.04404261658263
79.5450108405907,117.662607944404,4.67362984601614
602.599925656105,194.881096649309,4.25538443149649
256.23463710639,219.326420976586,4.21988857439797
583.09940873794,439.146272119723,3.79219850891567
298.410836020781,137.81613543902,3.89672282306725
531.836276956389,447.236779024025,3.68298806652532
51.5338805524153,429.560482952214,4.14407657402449
212.058053033776,299.744468222575,3.53248575843261
548.823635741724,254.844547284937,3.89554200822734
160.754094724274,36.3382347492265,4.44120896779426
507.304966191123,344.705950093909,4.72451601390046
41.2328828747377,49.6477077260814,3.96260804164219
527.66394905263,132.107850744879,4.50472231827293
NA,NA,NA
661.056910686394,336.077718425687,3.68564378446333
456.731405445355,297.493582367603,3.48808685617228
11.7404863217224,494.192317994473,3.67548926145813
561.094457727445,46.6955074770615,4.32733424335018
67.734694956528,376.420032562829,4.09345305502294
229.890873999323,413.561885836811,3.93640855581028
429.644545734708,11.404170725741,3.36623096118338
363.290242082736,292.153872195979,3.10210428242835
605.269019131334,102.390471796885,4.07909962688706
395.313624427982,230.717300969338,4.15991067610729
568.703604265971,409.359717970342,4.69852737150412
134.623798779511,281.906538329756,4.57732021007015
198.422571040113,367.227112180736,4.04081576959994
121.935849251301,413.158862715055,3.40350625308851
626.80373915245,314.401908573999,4.51691772200949
5.27774880071696,149.743104046431,4.24726695749338
541.785415992816,201.930852837423,4.18239886603772
34.4642180552611,492.732876223416,2.9286347391708
282.800061935426,21.3000854583676,3.75908906933858
532.055494398405,390.35867903066,3.38890243556689
76.4518719268548,83.8486358737798,5.23459939550244
2.99458105376823,75.4323708728099,3.56085464345754
588.631863136494,220.582662136186,4.02168397308618
434.6572517656,462.744065231535,4.85221092045377
657.920449009829,374.403717885673,3.2185422741598
106.18888933748,492.670249895916,4.31505661628371
624.581492832996,93.0910697102898,4.12300520645174
421.077313660461,258.844325453943,3.64910852372009
12.7781463408495,182.351739528843,3.0120401308968
69.4386492167947,113.174726339393,4.44156746323257
612.067432371252,211.078189149824,4.47969696631465
250.106063222962,216.495559555922,3.76319764144801
574.206205603683,440.145932743286,3.90229085977655
299.807076344249,137.644861126905,3.91479786061672
526.969680889623,467.453608644664,3.84499039692888
38.5465825774189,412.680390511424,3.71557751537714
211.332120349805,291.383910753905,4.09459691921322
549.531061518491,267.508114384523,3.81714421638342
159.777943234218,21.1873314997078,3.88168400032459
508.655552428972,351.78595722088,4.60029756950051
26.9056916568349,55.8306913810855,3.84833284241633
530.888418272389,157.677987194957,4.50875817421809
NA,NA,NA
661.056910686394,336.077718425687,3.68564378446333
456.731405445355,297.493582367603,3.48808685617228
11.7404863217224,494.192317994473,3.67548926145813
561.094457727445,46.6955074770615,4.32733424335018
67.734694956528,376.420032562829,4.09345305502294
229.890873999323,413.561885836811,3.93640855581028
429.644545734708,11.404170725741,3.36623096118338
363.290242082736,292.153872195979,3.10210428242835
605.269019131334,102.390471796885,4.07909962688706
395.313624427982,230.717300969338,4.15991067610729
568.703604265971,409.359717970342,4.69852737150412
134.623798779511,281.906538329756,4.57732021007015
198.422571040113,367.227112180736,4.04081576959994
121.935849251301,413.158862715055,3.40350625308851
626.80373915245,314.401908573999,4.51691772200949
5.27774880071696,149.743104046431,4.24726695749338
541.785415992816,201.930852837423,4.18239886603772
34.4642180552611,492.732876223416,2.9286347391708
282.800061935426,21.3000854583676,3.75908906933858
532.055494398405,390.35867903066,3.38890243556689
76.4518719268548,83.8486358737798,5.23459939550244
2.99458105376823,75.4323708728099,3.56085464345754
588.631863136494,220.582662136186,4.02168397308618
434.6572517656,462.744065231535,4.85221092045377
657.920449009829,374.403717885673,3.2185422741598
106.18888933748,492.670249895916,4.31505661628371
624.581492832996,93.0910697102898,4.12300520645174
421.077313660461,258.844325453943,3.64910852372009
12.7781463408495,182.351739528843,3.0120401308968
69.4386492167947,113.174726339393,4.44156746323257
612.067432371252,211.078189149824,4.47969696631465
250.106063222962,216.495559555922,3.76319764144801
574.206205603683,440.145932743286,3.90229085977655
299.807076344249,137.644861126905,3.91479786061672
526.969680889623,467.453608644664,3.84499039692888
38.5465825774189,412.680390511424,3.71557751537714
211.332120349805,291.383910753905,4.09459691921322
549.531061518491,267.508114384523,3.81714421638342
159.777943234218,21.1873314997078,3.88168400032459
508.655552428972,351.78595722088,4.60029756950051
26.9056916568349,55.8306913810855,3.84833284241633
530.888418272389,157.677987194957,4.50875817421809
NA,NA,NA
661.056910686394,336.077718425687,3.68564378446333
456.731405445355,297.493582367603,3.48808685617228
11.7404863217224,494.192317994473,3.67548926145813
561.094457727445,46.6955074770615,4.32733424335018
67.734694956528,376.420032562829,4.09345305502294
229.890873999323,413.561885836811,3.93640855581028
429.644545734708,11.404170725741,3.36623096118338
363.290242082736,292.153872195979,3.10210428242835
605.269019131334,102.390471796885,4.07909962688706
395.313624427982,230.717300969338,4.15991067610729
568.703604265971,409.359717970342,4.69852737150412
134.623798779511,281.906538329756,4.57732021007015
198.422571040113,367.227112180736,4.04081576959994
121.935849251301,413.158862715055,3.40350625308851
626.80373915245,314.401908573999,4.51691772200949
5.27774880071696,149.743104046431,4.24726695749338
541.785415992816,201.930852837423,4.18239886603772
34.4642180552611,492.732876223416,2.9286347391708
282.800061935426,21.3000854583676,3.75908906933858
532.055494398405,390.35867903066,3.38890243556689
76.4518719268548,83.8486358737798,5.23459939550244
2.99458105376823,75.4323708728099,3.56085464345754
588.631863136494,220.582662136186,4.02168397308618
434.6572517656,462.744065231535,4.85221092045377
657.920449009829,374.403717885673,3.2185422741598
106.18888933748,492.670249895916,4.31505661628371
624.581492832996,93.0910697102898,4.12300520645174
421.077313660461,258.844325453943,3.64910852372009
12.7781463408495,182.351739528843,3.0120401308968
69.4386492167947,113.174726339393,4.44156746323257
612.067432371252,211.078189149824,4.47969696631465
250.106063222962,216.495559555922,3.76319764144801
574.206205603683,440.145932743286,3.90229085977655
299.807076344249,137.644861126905,3.91479786061672
526.969680889623,467.453608644664,3.84499039692888
38.5465825774189,412.680390511424,3.71557751537714
211.332120349805,291.383910753905,4.09459691921322
549.531061518491,267.508114384523,3.81714421638342
159.777943234218,21.1873314997078,3.88168400032459
508.655552428972,351.78595722088,4.60029756950051
26.9056916568349,55.8306913810855,3.84833284241633
530.888418272389,157.677987194957,4.50875817421809
NA,NA,NA
661.056910686394,336.077718425687,3.68564378446333
456.731405445355,297.493582367603,3.48808685617228
11.7404863217224,494.192317994473,3.67548926145813
561.094457727445,46.6955074770615,4.32733424335018
67.734694956528,376.420032562829,4.09345305502294
229.890873999323,413.561885836811,3.93640855581028
429.644545734708,11.404170725741,3.36623096118338
363.290242082736,292.153872195979,3.10210428242835
605.269019131334,102.390471796885,4.07909962688706
395.313624427982,230.717300969338,4.15991067610729
568.703604265971,409.359717970342,4.69852737150412
134.623798779511,281.906538329756,4.57732021007015
198.422571040113,367.227112180736,4.04081576959994
121.935849251301,413.158862715055,3.40350625308851
626.80373915245,314.401908573999,4.51691772200949
5.27774880071696,149.743104046431,4.24726695749338
541.785415992816,201.930852837423,4.18239886603772
34.4642180552611,492.732876223416,2.9286347391708
282.800061935426,21.3000854583676,3.75908906933858
532.055494398405,390.35867903066,3.38890243556689
76.4518719268548,83.8486358737798,5.23459939550244
2.99458105376823,75.4323708728099,3.56085464345754
588.631863136494,220.582662136186,4.02168397308618
434.6572517656,462.744065231535,4.85221092045377
657.920449009829,374.403717885673,3.2185422741598
106.18888933748,492.670249895916,4.31505661628371
624.581492832996,93.0910697102898,4.12300520645174
421.077313660461,258.844325453943,3.64910852372009
12.7781463408495,182.351739528843,3.0120401308968
69.4386492167947,113.174726339393,4.44156746323257
612.067432371252,211.078189149824,4.47969696631465
250.106063222962,216.495559555922,3.76319764144801
574.206205603683,440.145932743286,3.90229085977655
299.807076344249,137.644861126905,3.91479786061672
526.969680889623,467.453608644664,3.84499039692888
38.5465825774189,412.680390511424,3.71557751537714
211.332120349805,291.383910753905,4.09459691921322
549.531061518491,267.508114384523,3.81714421638342
159.777943234218,21.1873314997078,3.88168400032459
508.655552428972,351.78595722088,4.60029756950051
26.9056916568349,55.8306913810855,3.84833284241633
530.888418272389,157.677987194957,4.50875817421809
NA,NA,NA
661.056910686394,336.077718425687,3.68564378446333
456.731405445355,297.493582367603,3.48808685617228
11.7404863217224,494.192317994473,3.67548926145813
561.094457727445,46.6955074770615,4.32733424335018
67.734694956528,376.420032562829,4.09345305502294
229.890873999323,413.561885836811,3.93640855581028
429.644545734708,11.404170725741,3.36623096118338
363.290242082736,292.153872195979,3.10210428242835
605.269019131334,102.390471796885,4.07909962688706
395.313624427982,230.717300969338,4.15991067610729
568.703604265971,409.359717970342,4.69852737150412
134.623798779511,281.906538329756,4.57732021007015
198.422571040113,367.227112180736,4.04081576959994
121.935849251301,413.158862715055,3.40350625308851
626.80373915245,314.401908573999,4.51691772200949
5.27774880071696,149.743104046431,4.24726695749338
541.785415992816,201.930852837423,4.18239886603772
34.4642180552611,492.732876223416,2.9286347391708
282.800061935426,21.3000854583676,3.75908906933858
532.055494398405,390.35867903066,3.38890243556689
76.4518719268548,83.8486358737798,5.23459939550244
2.99458105376823,75.4323708728099,3.56085464345754
588.631863136494,220.582662136186,4.02168397308618
434.6572517656,462.744065231535,4.85221092045377
657.920449009829,374.403717885673,3.2185422741598
106.18888933748,492.670249895916,4.31505661628371
624.581492832996,93.0910697102898,4.12300520645174
421.077313660461,258.844325453943,3.64910852372009
12.7781463408495,182.351739528843,3.0120401308968
69.4386492167947,113.174726339393,4.44156746323257
612.067432371252,211.078189149824,4.47969696631465
250.106063222962,216.495559555922,3.76319764144801
574.206205603683,440.145932743286,3.90229085977655
299.807076344249,137.644861126905,3.91479786061672
526.969680889623,467.453608644664,3.84499039692888
38.5465825774189,412.680390511424,3.71557751537714
211.332120349805,291.383910753905,4.09459691921322
549.531061518491,267.508114384523,3.81714421638342
159.777943234218,21.1873314997078,3.88168400032459
508.655552428972,351.78595722088,4.60029756950051
26.9056916568349,55.8306913810855,3.84833284241633
530.888418272389,157.677987194957,4.50875817421809
NA,NA,NA
661.056910686394,336.077718425687,3.68564378446333
456.731405445355,297.493582367603,3.48808685617228
11.7404863217224,494.192317994473,3.67548926145813
561.094457727445,46.6955074770615,4.32733424335018
67.734694956528,376.420032562829,4.09345305502294
229.890873999323,413.561885836811,3.93640855581028
429.644545734708,11.404170725741,3.36623096118338
363.290242082736,292.153872195979,3.10210428242835
605.269019131334,102.390471796885,4.07909962688706
395.313624427982,230.717300969338,4.15991067610729
568.703604265971,409.359717970342,4.69852737150412
134.623798779511,281.906538329756,4.57732021007015
198.422571040113,367.227112180736,4.04081576959994
121.935849251301,413.158862715055,3.40350625308851
626.80373915245,314.401908573999,4.51691772200949
5.27774880071696,149.743104046431,4.24726695749338
541.785415992816,201.930852837423,4.18239886603772
34.4642180552611,492.732876223416,2.9286347391708
282.800061935426,21.3000854583676,3.75908906933858
532.055494398405,390.35867903066,3.38890243556689
76.4518719268548,83.8486358737798,5.23459939550244
2.99458105376823,75.4323708728099,3.56085464345754
588.631863136494,220.582662136186,4.02168397308618
434.6572517656,462.744065231535,4.85221092045377
657.920449009829,374.403717885673,3.2185422741598
106.18888933748,492.670249895916,4.31505661628371
624.581492832996,93.0910697102898,4.12300520645174
421.077313660461,258.844325453943,3.64910852372009
12.7781463408495,182.351739528843,3.0120401308968
69.4386492167947,113.174726339393,4.44156746323257
612.067432371252,211.078189149824,4.47969696631465
250.106063222962,216.495559555922,3.76319764144801
574.206205603683,440.145932743286,3.90229085977655
299.807076344249,137.644861126905,3.91479786061672
526.969680889623,467.453608644664,3.84499039692888
38.5465825774189,412.680390511424,3.71557751537714
211.332120349805,291.383910753905,4.09459691921322
549.531061518491,267.508114384523,3.81714421638342
159.777943234218,21.1873314997078,3.88168400032459
508.655552428972,351.78595722088,4.60029756950051
26.9056916568349,55.8306913810855,3.84833284241633
530.888418272389,157.677987194957,4.50875817421809
NA,NA,NA
664.389974700415,332.634269240961,3.48195264136415
452.542332519249,298.162796402626,3.62942825254935
11.8588785616765,493.650287586914,3.60788187482503
557.90073514844,47.9701796661372,4.20465600778098
72.2663013239663,373.370627886209,3.92239456262543
225.926623131008,415.584070265881,3.85744922787045
427.099411597143,13.6094845871601,3.49026728910062
359.486105145351,293.204858141717,3.05160214990928
602.857631274262,103.309927465985,4.25570636992549
393.082166825534,230.239206117103,4.24731058303494
576.953864106059,412.047205172273,4.68057676353204
141.41660856134,284.411486595395,4.60715634006202
202.622754791374,368.615338212948,3.96042254092326
125.360159613514,410.22007216709,3.46271588911757
630.253463706955,314.855844267301,4.64870595549839
2.25102963579817,150.220274531448,4.37385943763236
544.663331364245,201.364920684957,4.22344590302256
35.5745855976687,492.524616516205,2.93082513540199
278.560233073985,23.8306908899973,3.96182336701524
533.949302852266,388.771149080668,3.41301407041762
78.434497981795,76.1867028749503,5.24229688282011
4.45793098939886,74.2924683681047,3.53254203541674
590.433928755013,224.309696372245,4.05025777586669
442.591220380985,453.258364252592,4.73306318421224
658.75400102838,373.164864138165,3.05287525157052
102.453925951285,488.96987093541,4.3321808309761
625.840412632253,90.2836959530498,4.12269641464656
418.230744499129,260.73823457322,3.60239868362687
12.123280793499,180.205255285024,3.18204919162157
61.8720732336574,114.049536188751,4.46392702756708
606.209421213263,203.435332663888,4.19313502957879
250.796165385588,215.156629266638,3.70443357932469
581.340652151219,431.234838413197,3.58285201565196
301.365124222482,134.549492327239,3.95233312736474
533.278536617435,460.12702742409,3.53896756176771
51.3713271173245,422.021888510246,3.58317444220121
189.089006123759,280.817125842215,4.19049209311485
555.528457784943,263.902201971836,3.82325534628332
174.149038107865,35.1986885424568,4.2432335689856
496.409697707489,338.048086761692,4.58546444938723
31.4726603793039,49.2829869764762,3.52209655710578
529.444656480991,144.089712062027,4.61012706285087
NA,NA,NA
664.389974700415,332.634269240961,3.48195264136415
452.542332519249,298.162796402626,3.62942825254935
11.8588785616765,493.650287586914,3.60788187482503
557.90073514844,47.9701796661372,4.20465600778098
72.2663013239663,373.370627886209,3.92239456262543
225.926623131008,415.584070265881,3.85744922787045
427.099411597143,13.6094845871601,3.49026728910062
359.486105145351,293.204858141717,3.05160214990928
602.857631274262,103.309927465985,4.25570636992549
393.082166825534,230.239206117103,4.24731058303494
576.953864106059,412.047205172273,4.68057676353204
141.41660856134,284.411486595395,4.60715634006202
202.622754791374,368.615338212948,3.96042254092326
125.360159613514,410.22007216709,3.46271588911757
630.253463706955,314.855844267301,4.64870595549839
2.25102963579817,150.220274531448,4.37385943763236
544.663331364245,201.364920684957,4.22344590302256
35.5745855976687,492.524616516205,2.93082513540199
278.560233073985,23.8306908899973,3.96182336701524
533.949302852266,388.771149080668,3.41301407041762
78.434497981795,76.1867028749503,5.24229688282011
4.45793098939886,74.2924683681047,3.53254203541674
590.433928755013,224.309696372245,4.05025777586669
442.591220380985,453.258364252592,4.73306318421224
658.75400102838,373.164864138165,3.05287525157052
102.453925951285,488.96987093541,4.3321808309761
625.840412632253,90.2836959530498,4.12269641464656
418.230744499129,260.73823457322,3.60239868362687
12.123280793499,180.205255285024,3.18204919162157
61.8720732336574,114.049536188751,4.46392702756708
606.209421213263,203.435332663888,4.19313502957879
250.796165385588,215.156629266638,3.70443357932469
581.340652151219,431.234838413197,3.58285201565196
301.365124222482,134.549492327239,3.95233312736474
533.278536617435,460.12702742409,3.53896756176771
51.3713271173245,422.021888510246,3.58317444220121
189.089006123759,280.817125842215,4.19049209311485
555.528457784943,263.902201971836,3.82325534628332
174.149038107865,35.1986885424568,4.2432335689856
496.409697707489,338.048086761692,4.58546444938723
31.4726603793039,49.2829869764762,3.52209655710578
529.444656480991,144.089712062027,4.61012706285087
NA,NA,NA
664.389974700415,332.634269240961,3.48195264136415
452.542332519249,298.162796402626,3.62942825254935
11.8588785616765,493.650287586914,3.60788187482503
557.90073514844,47.9701796661372,4.20465600778098
72.2663013239663,373.370627886209,3.92239456262543
225.926623131008,415.584070265881,3.85744922787045
427.099411597143,13.6094845871601,3.49026728910062
359.486105145351,293.204858141717,3.05160214990928
602.857631274262,103.309927465985,4.25570636992549
393.082166825534,230.239206117103,4.24731058303494
576.953864106059,412.047205172273,4.68057676353204
141.41660856134,284.411486595395,4.60715634006202
202.622754791374,368.615338212948,3.96042254092326
125.360159613514,410.22007216709,3.46271588911757
630.253463706955,314.855844267301,4.64870595549839
2.25102963579817,150.220274531448,4.37385943763236
544.663331364245,201.364920684957,4.22344590302256
35.5745855976687,492.524616516205,2.93082513540199
278.560233073985,23.8306908899973,3.96182336701524
533.949302852266,388.771149080668,3.41301407041762
78.434497981795,76.1867028749503,5.24229688282011
4.45793098939886,74.2924683681047,3.53254203541674
590.433928755013,224.309696372245,4.05025777586669
442.591220380985,453.258364252592,4.73306318421224
658.75400102838,373.164864138165,3.05287525157052
102.453925951285,488.96987093541,4.3321808309761
625.840412632253,90.2836959530498,4.12269641464656
418.230744499129,260.73823457322,3.60239868362687
12.123280793499,180.205255285024,3.18204919162157
61.8720732336574,114.049536188751,4.46392702756708
606.209421213263,203.435332663888,4.19313502957879
250.796165385588,215.156629266638,3.70443357932469
581.340652151219,431.234838413197,3.58285201565196
301.365124222482,134.549492327239,3.95233312736474
533.278536617435,460.12702742409,3.53896756176771
51.3713271173245,422.021888510246,3.58317444220121
189.089006123759,280.817125842215,4.19049209311485
555.528457784943,263.902201971836,3.82325534628332
174.149038107865,35.1986885424568,4.2432335689856
496.409697707489,338.048086761692,4.58546444938723
31.4726603793039,49.2829869764762,3.52209655710578
529.444656480991,144.089712062027,4.61012706285087
NA,NA,NA
664.389974700415,332.634269240961,3.48195264136415
452.542332519249,298.162796402626,3.62942825254935
11.8588785616765,493.650287586914,3.60788187482503
557.90073514844,47.9701796661372,4.20465600778098
72.2663013239663,373.370627886209,3.92239456262543
225.926623131008,415.584070265881,3.85744922787045
427.099411597143,13.6094845871601,3.49026728910062
359.486105145351,293.204858141717,3.05160214990928
602.857631274262,103.309927465985,4.25570636992549
393.082166825534,230.239206117103,4.24731058303494
576.953864106059,412.047205172273,4.68057676353204
141.41660856134,284.411486595395,4.60715634006202
202.622754791374,368.615338212948,3.96042254092326
125.360159613514,410.22007216709,3.46271588911757
630.253463706955,314.855844267301,4.64870595549839
2.25102963579817,150.220274531448,4.37385943763236
544.663331364245,201.364920684957,4.22344590302256
35.5745855976687,492.524616516205,2.93082513540199
278.560233073985,23.8306908899973,3.96182336701524
533.949302852266,388.771149080668,3.41301407041762
78.434497981795,76.1867028749503,5.24229688282011
4.45793098939886,74.2924683681047,3.53254203541674
590.433928755013,224.309696372245,4.05025777586669
442.591220380985,453.258364252592,4.73306318421224
658.75400102838,373.164864138165,3.05287525157052
102.453925951285,488.96987093541,4.3321808309761
625.840412632253,90.2836959530498,4.12269641464656
418.230744499129,260.73823457322,3.60239868362687
12.123280793499,180.205255285024,3.18204919162157
61.8720732336574,114.049536188751,4.46392702756708
606.209421213263,203.435332663888,4.19313502957879
250.796165385588,215.156629266638,3.70443357932469
581.340652151219,431.234838413197,3.58285201565196
301.365124222482,134.549492327239,3.95233312736474
533.278536617435,460.12702742409,3.53896756176771
51.3713271173245,422.021888510246,3.58317444220121
189.089006123759,280.817125842215,4.19049209311485
555.528457784943,263.902201971836,3.82325534628332
174.149038107865,35.1986885424568,4.2432335689856
496.409697707489,338.048086761692,4.58546444938723
31.4726603793039,49.2829869764762,3.52209655710578
529.444656480991,144.089712062027,4.61012706285087
NA,NA,NA
664.389974700415,332.634269240961,3.48195264136415
452.542332519249,298.162796402626,3.62942825254935
11.8588785616765,493.650287586914,3.60788187482503
557.90073514844,47.9701796661372,4.20465600778098
72.2663013239663,373.370627886209,3.92239456262543
225.926623131008,415.584070265881,3.85744922787045
427.099411597143,13.6094845871601,3.49026728910062
359.486105145351,293.204858141717,3.05160214990928
602.857631274262,103.309927465985,4.25570636992549
393.082166825534,230.239206117103,4.24731058303494
576.953864106059,412.047205172273,4.68057676353204
141.41660856134,284.411486595395,4.60715634006202
202.622754791374,368.615338212948,3.96042254092326
125.360159613514,410.22007216709,3.46271588911757
630.253463706955,314.855844267301,4.64870595549839
2.25102963579817,150.220274531448,4.37385943763236
544.663331364245,201.364920684957,4.22344590302256
35.5745855976687,492.524616516205,2.93082513540199
278.560233073985,23.8306908899973,3.96182336701524
533.949302852266,388.771149080668,3.41301407041762
78.434497981795,76.1867028749503,5.24229688282011
4.45793098939886,74.2924683681047,3.53254203541674
590.433928755013,224.309696372245,4.05025777586669
442.591220380985,453.258364252592,4.73306318421224
658.75400102838,373.164864138165,3.05287525157052
102.453925951285,488.96987093541,4.3321808309761
625.840412632253,90.2836959530498,4.12269641464656
418.230744499129,260.73823457322,3.60239868362687
12.123280793499,180.205255285024,3.18204919162157
61.8720732336574,114.049536188751,4.46392702756708
606.209421213263,203.435332663888,4.19313502957879
250.796165385588,215.156629266638,3.70443357932469
581.340652151219,431.234838413197,3.58285201565196
301.365124222482,134.549492327239,3.95233312736474
533.278536617435,460.12702742409,3.53896756176771
51.3713271173245,422.021888510246,3.58317444220121
189.089006123759,280.817125842215,4.19049209311485
555.528457784943,263.902201971836,3.82325534628332
174.149038107865,35.1986885424568,4.2432335689856
496.409697707489,338.048086761692,4.58546444938723
31.4726603793039,49.2829869764762,3.52209655710578
529.444656480991,144.089712062027,4.61012706285087
NA,NA,NA
664.389974700415,332.634269240961,3.48195264136415
452.542332519249,298.162796402626,3.62942825254935
11.8588785616765,493.650287586914,3.60788187482503
557.90073514844,47.9701796661372,4.20465600778098
72.2663013239663,373.370627886209,3.92239456262543
225.926623131008,415.584070265881,3.85744922787045
427.099411597143,13.6094845871601,3.49026728910062
359.486105145351,293.204858141717,3.05160214990928
602.857631274262,103.309927465985,4.25570636992549
393.082166825534,230.239206117103,4.24731058303494
576.953864106059,412.047205172273,4.68057676353204
141.41660856134,284.411486595395,4.60715634006202
202.622754791374,368.615338212948,3.96042254092326
125.360159613514,410.22007216709,3.46271588911757
630.253463706955,314.855844267301,4.64870595549839
2.25102963579817,150.220274531448,4.37385943763236
544.663331364245,201.364920684957,4.22344590302256
35.5745855976687,492.524616516205,2.93082513540199
278.560233073985,23.8306908899973,3.96182336701524
533.949302852266,388.771149080668,3.41301407041762
78.434497981795,76.1867028749503,5.24229688282011
4.45793098939886,74.2924683681047,3.53254203541674
590.433928755013,224.309696372245,4.05025777586669
442.591220380985,453.258364252592,4.73306318421224
658.75400102838,373.164864138165,3.05287525157052
102.453925951285,488.96987093541,4.3321808309761
625.840412632253,90.2836959530498,4.12269641464656
418.230744499129,260.73823457322,3.60239868362687
12.123280793499,180.205255285024,3.18204919162157
61.8720732336574,114.049536188751,4.46392702756708
606.209421213263,203.435332663888,4.19313502957879
250.796165385588,215.156629266638,3.70443357932469
581.340652151219,431.234838413197,3.58285201565196
301.365124222482,134.549492327239,3.95233312736474
533.278536617435,460.12702742409,3.53896756176771
51.3713271173245,422.021888510246,3.58317444220121
189.089006123759,280.817125842215,4.19049209311485
555.528457784943,263.902201971836,3.82325534628332
174.149038107865,35.1986885424568,4.2432335689856
496.409697707489,338.048086761692,4.58546444938723
31.4726603793039,49.2829869764762,3.52209655710578
529.444656480991,144.089712062027,4.61012706285087
NA,NA,NA
662.14932244881,335.615785360868,3.41372608177879
453.725226502933,301.560308023592,3.67309676559532
12.4539017613438,492.966745593608,3.61929252790567
562.037105356189,45.9960622974972,4.09595054598041
69.1105559224966,372.234356899067,3.86966069041342
229.138534434375,412.070785520773,3.93523483121551
428.199267685335,11.8360360309899,3.38218963383767
360.565912703041,291.523710595775,3.08688910478566
604.641935011907,101.973519101748,4.11775653914656
390.913115301994,230.578925347355,4.12132684134809
568.976845686703,414.261248209242,4.7700138936997
147.284223711645,281.988462594631,4.54662738830278
195.710818756102,362.018408739625,4.08673696128029
125.392415157175,411.430397336008,3.44685109753362
624.031572892084,319.012539837142,4.70726390156246
5.36787286727371,150.957469011409,4.29803989064221
536.567085805369,201.109362318162,4.18101208469562
33.2050820334834,490.739669043962,3.04583949823996
279.633035386175,20.1272347879821,3.79644889999688
535.935722819359,392.620503861446,3.383573090263
74.2488091776777,80.0786212430313,5.25926695731616
5.51161634566078,76.0110669936359,3.48747526975382
589.024672835826,223.701613460635,4.07277831827548
444.602750426017,458.086052812807,4.82370459618226
657.068147040247,374.560086910812,2.95958185334787
111.574161189765,488.04909136436,4.33397711465807
623.31938141237,94.7767049557667,4.04244703130745
421.990600840563,256.662252316604,3.45278633552418
13.24379659937,180.765849305479,3.30838109774296
85.0744246442636,116.987707032247,4.50222770247112
625.022297746368,208.419343129392,4.40715414534232
251.653294461582,224.619683446615,3.78168422221148
567.583823268579,439.297392525076,3.81428552482945
297.82980809322,139.436749046115,3.90015386884821
526.992830780469,461.906060235419,3.41141370288914
47.1779274412363,419.944735874656,3.70587043647069
200.372607975596,283.381371700096,4.17381967597118
538.812496857077,260.459353840911,3.78157340847403
185.014850306959,33.3809821444918,4.17305920236424
494.502892532385,345.988858519168,4.24966612208665
35.1062786114674,44.291689432745,3.72084375483341
531.506523772589,135.26449843402,4.63414198414614
NA,NA,NA
662.14932244881,335.615785360868,3.41372608177879
453.725226502933,301.560308023592,3.67309676559532
12.4539017613438,492.966745593608,3.61929252790567
562.037105356189,45.9960622974972,4.09595054598041
69.1105559224966,372.234356899067,3.86966069041342
229.138534434375,412.070785520773,3.93523483121551
428.199267685335,11.8360360309899,3.38218963383767
360.565912703041,291.523710595775,3.08688910478566
604.641935011907,101.973519101748,4.11775653914656
390.913115301994,230.578925347355,4.12132684134809
568.976845686703,414.261248209242,4.7700138936997
147.284223711645,281.988462594631,4.54662738830278
195.710818756102,362.018408739625,4.08673696128029
125.392415157175,411.430397336008,3.44685109753362
624.031572892084,319.012539837142,4.70726390156246
5.36787286727371,150.957469011409,4.29803989064221
536.567085805369,201.109362318162,4.18101208469562
33.2050820334834,490.739669043962,3.04583949823996
279.633035386175,20.1272347879821,3.79644889999688
535.935722819359,392.620503861446,3.383573090263
74.2488091776777,80.0786212430313,5.25926695731616
5.51161634566078,76.0110669936359,3.48747526975382
589.024672835826,223.701613460635,4.07277831827548
444.602750426017,458.086052812807,4.82370459618226
657.068147040247,374.560086910812,2.95958185334787
111.574161189765,488.04909136436,4.33397711465807
623.31938141237,94.7767049557667,4.04244703130745
421.990600840563,256.662252316604,3.45278633552418
13.24379659937,180.765849305479,3.30838109774296
85.0744246442636,116.987707032247,4.50222770247112
625.022297746368,208.419343129392,4.40715414534232
251.653294461582,224.619683446615,3.78168422221148
567.583823268579,439.297392525076,3.81428552482945
297.82980809322,139.436749046115,3.90015386884821
526.992830780469,461.906060235419,3.41141370288914
47.1779274412363,419.944735874656,3.70587043647069
200.372607975596,283.381371700096,4.17381967597118
538.812496857077,260.459353840911,3.78157340847403
185.014850306959,33.3809821444918,4.17305920236424
494.502892532385,345.988858519168,4.24966612208665
35.1062786114674,44.291689432745,3.72084375483341
531.506523772589,135.26449843402,4.63414198414614
NA,NA,NA
662.14932244881,335.615785360868,3.41372608177879
453.725226502933,301.560308023592,3.67309676559532
12.4539017613438,492.966745593608,3.61929252790567
562.037105356189,45.9960622974972,4.09595054598041
69.1105559224966,372.234356899067,3.86966069041342
229.138534434375,412.070785520773,3.93523483121551
428.199267685335,11.8360360309899,3.38218963383767
360.565912703041,291.523710595775,3.08688910478566
604.641935011907,101.973519101748,4.11775653914656
390.913115301994,230.578925347355,4.12132684134809
568.976845686703,414.261248209242,4.7700138936997
147.284223711645,281.988462594631,4.54662738830278
195.710818756102,362.018408739625,4.08673696128029
125.392415157175,411.430397336008,3.44685109753362
624.031572892084,319.012539837142,4.70726390156246
5.36787286727371,150.957469011409,4.29803989064221
536.567085805369,201.109362318162,4.18101208469562
33.2050820334834,490.739669043962,3.04583949823996
279.633035386175,20.1272347879821,3.79644889999688
535.935722819359,392.620503861446,3.383573090263
74.2488091776777,80.0786212430313,5.25926695731616
5.51161634566078,76.0110669936359,3.48747526975382
589.024672835826,223.701613460635,4.07277831827548
444.602750426017,458.086052812807,4.82370459618226
657.068147040247,374.560086910812,2.95958185334787
111.574161189765,488.04909136436,4.33397711465807
623.31938141237,94.7767049557667,4.04244703130745
421.990600840563,256.662252316604,3.45278633552418
13.24379659937,180.765849305479,3.30838109774296
85.0744246442636,116.987707032247,4.50222770247112
625.022297746368,208.419343129392,4.40715414534232
251.653294461582,224.619683446615,3.78168422221148
567.583823268579,439.297392525076,3.81428552482945
297.82980809322,139.436749046115,3.90015386884821
526.992830780469,461.906060235419,3.41141370288914
47.1779274412363,419.944735874656,3.70587043647069
200.372607975596,283.381371700096,4.17381967597118
538.812496857077,260.459353840911,3.78157340847403
185.014850306959,33.3809821444918,4.17305920236424
494.502892532385,345.988858519168,4.24966612208665
35.1062786114674,44.291689432745,3.72084375483341
531.506523772589,135.26449843402,4.63414198414614
NA,NA,NA
662.14932244881,335.615785360868,3.41372608177879
453.725226502933,301.560308023592,3.67309676559532
12.4539017613438,492.966745593608,3.61929252790567
562.037105356189,45.9960622974972,4.09595054598041
69.1105559224966,372.234356899067,3.86966069041342
229.138534434375,412.070785520773,3.93523483121551
428.199267685335,11.8360360309899,3.38218963383767
360.565912703041,291.523710595775,3.08688910478566
604.641935011907,101.973519101748,4.11775653914656
390.913115301994,230.578925347355,4.12132684134809
568.976845686703,414.261248209242,4.7700138936997
147.284223711645,281.988462594631,4.54662738830278
195.710818756102,362.018408739625,4.08673696128029
125.392415157175,411.430397336008,3.44685109753362
624.031572892084,319.012539837142,4.70726390156246
5.36787286727371,150.957469011409,4.29803989064221
536.567085805369,201.109362318162,4.18101208469562
33.2050820334834,490.739669043962,3.04583949823996
279.633035386175,20.1272347879821,3.79644889999688
535.935722819359,392.620503861446,3.383573090263
74.2488091776777,80.0786212430313,5.25926695731616
5.51161634566078,76.0110669936359,3.48747526975382
589.024672835826,223.701613460635,4.07277831827548
444.602750426017,458.086052812807,4.82370459618226
657.068147040247,374.560086910812,2.95958185334787
111.574161189765,488.04909136436,4.33397711465807
623.31938141237,94.7767049557667,4.04244703130745
421.990600840563,256.662252316604,3.45278633552418
13.24379659937,180.765849305479,3.30838109774296
85.0744246442636,116.987707032247,4.50222770247112
625.022297746368,208.419343129392,4.40715414534232
251.653294461582,224.619683446615,3.78168422221148
567.583823268579,439.297392525076,3.81428552482945
297.82980809322,139.436749046115,3.90015386884821
526.992830780469,461.906060235419,3.41141370288914
47.1779274412363,419.944735874656,3.70587043647069
200.372607975596,283.381371700096,4.17381967597118
538.812496857077,260.459353840911,3.78157340847403
185.014850306959,33.3809821444918,4.17305920236424
494.502892532385,345.988858519168,4.24966612208665
35.1062786114674,44.291689432745,3.72084375483341
531.506523772589,135.26449843402,4.63414198414614
NA,NA,NA
662.14932244881,335.615785360868,3.41372608177879
453.725226502933,301.560308023592,3.67309676559532
12.4539017613438,492.966745593608,3.61929252790567
562.037105356189,45.9960622974972,4.09595054598041
69.1105559224966,372.234356899067,3.86966069041342
229.138534434375,412.070785520773,3.93523483121551
428.199267685335,11.8360360309899,3.38218963383767
360.565912703041,291.523710595775,3.08688910478566
604.641935011907,101.973519101748,4.11775653914656
390.913115301994,230.578925347355,4.12132684134809
568.976845686703,414.261248209242,4.7700138936997
147.284223711645,281.988462594631,4.54662738830278
195.710818756102,362.018408739625,4.08673696128029
125.392415157175,411.430397336008,3.44685109753362
624.031572892084,319.012539837142,4.70726390156246
5.36787286727371,150.957469011409,4.29803989064221
536.567085805369,201.109362318162,4.18101208469562
33.2050820334834,490.739669043962,3.04583949823996
279.633035386175,20.1272347879821,3.79644889999688
535.935722819359,392.620503861446,3.383573090263
74.2488091776777,80.0786212430313,5.25926695731616
5.51161634566078,76.0110669936359,3.48747526975382
589.024672835826,223.701613460635,4.07277831827548
444.602750426017,458.086052812807,4.82370459618226
657.068147040247,374.560086910812,2.95958185334787
111.574161189765,488.04909136436,4.33397711465807
623.31938141237,94.7767049557667,4.04244703130745
421.990600840563,256.662252316604,3.45278633552418
13.24379659937,180.765849305479,3.30838109774296
85.0744246442636,116.987707032247,4.50222770247112
625.022297746368,208.419343129392,4.40715414534232
251.653294461582,224.619683446615,3.78168422221148
567.583823268579,439.297392525076,3.81428552482945
297.82980809322,139.436749046115,3.90015386884821
526.992830780469,461.906060235419,3.41141370288914
47.1779274412363,419.944735874656,3.70587043647069
200.372607975596,283.381371700096,4.17381967597118
538.812496857077,260.459353840911,3.78157340847403
185.014850306959,33.3809821444918,4.17305920236424
494.502892532385,345.988858519168,4.24966612208665
35.1062786114674,44.291689432745,3.72084375483341
531.506523772589,135.26449843402,4.63414198414614
NA,NA,NA
662.14932244881,335.615785360868,3.41372608177879
453.725226502933,301.560308023592,3.67309676559532
12.4539017613438,492.966745593608,3.61929252790567
562.037105356189,45.9960622974972,4.09595054598041
69.1105559224966,372.234356899067,3.86966069041342
229.138534434375,412.070785520773,3.93523483121551
428.199267685335,11.8360360309899,3.38218963383767
360.565912703041,291.523710595775,3.08688910478566
604.641935011907,101.973519101748,4.11775653914656
390.913115301994,230.578925347355,4.12132684134809
568.976845686703,414.261248209242,4.7700138936997
147.284223711645,281.988462594631,4.54662738830278
195.710818756102,362.018408739625,4.08673696128029
125.392415157175,411.430397336008,3.44685109753362
624.031572892084,319.012539837142,4.70726390156246
5.36787286727371,150.957469011409,4.29803989064221
536.567085805369,201.109362318162,4.18101208469562
33.2050820334834,490.739669043962,3.04583949823996
279.633035386175,20.1272347879821,3.79644889999688
535.935722819359,392.620503861446,3.383573090263
74.2488091776777,80.0786212430313,5.25926695731616
5.51161634566078,76.0110669936359,3.48747526975382
589.024672835826,223.701613460635,4.07277831827548
444.602750426017,458.086052812807,4.82370459618226
657.068147040247,374.560086910812,2.95958185334787
111.574161189765,488.04909136436,4.33397711465807
623.31938141237,94.7767049557667,4.04244703130745
421.990600840563,256.662252316604,3.45278633552418
13.24379659937,180.765849305479,3.30838109774296
85.0744246442636,116.987707032247,4.50222770247112
625.022297746368,208.419343129392,4.40715414534232
251.653294461582,224.619683446615,3.78168422221148
567.583823268579,439.297392525076,3.81428552482945
297.82980809322,139.436749046115,3.90015386884821
526.992830780469,461.906060235419,3.41141370288914
47.1779274412363,419.944735874656,3.70587043647069
200.372607975596,283.381371700096,4.17381967597118
538.812496857077,260.459353840911,3.78157340847403
185.014850306959,33.3809821444918,4.17305920236424
494.502892532385,345.988858519168,4.24966612208665
35.1062786114674,44.291689432745,3.72084375483341
531.506523772589,135.26449843402,4.63414198414614
NA,NA,NA
659.535373354242,336.861608501923,3.43927720775701
457.179538602922,298.887848094146,3.70157133653123
11.3933463949323,499.38880657671,3.55020790948487
561.30967983261,51.8900696802656,4.22066368430523
72.8499532152304,375.725200947518,4.02895634482439
229.793705193083,415.092199586669,3.89411332241782
428.661105112595,14.7338707407299,3.3801416120814
361.73119184879,290.730483655306,3.12082961653423
605.173433490871,107.875782334092,4.23928370940124
391.011759910093,230.313823344595,4.11936140234115
563.371207396564,410.606274644784,4.71786475087945
137.313319486449,282.874123632277,4.74106082191809
195.465143668995,368.857268774755,4.01962386487377
124.407318515269,410.834587333692,3.40367563138064
621.679105921103,307.552106864092,4.51064682150701
1.09908160616184,147.866993197414,4.32260854765321
547.177742728547,205.08880534229,4.0814544540267
33.3372673144735,490.839655833648,3.0325940593405
281.988324376411,20.6220864323111,3.9255761748572
534.054987215695,392.095370128941,3.46274580865665
69.9825055489741,79.745223297252,5.28943757310158
4.7672840118925,74.3415131129184,3.37494837536528
588.799641748946,225.459110336814,3.98602303644919
438.681564964966,454.704128073243,4.83291884238801
659.523095985198,372.280662052548,2.81296461137152
105.287714089747,484.938894892638,4.43973935904266
627.295475165964,92.2762078651617,4.11382415936341
423.110862354301,259.412349399939,3.64936263939027
9.56268473689424,180.98784725343,3.09039208616252
74.9984003658957,118.404769317743,4.41811455099848
616.834268789414,194.318950255951,4.426348015597
252.117602778074,225.114804748634,4.01870179475234
574.265236953882,426.403972049423,3.89401092893933
296.716132331029,139.779457016223,4.03724626119535
528.224200397547,456.673648219944,3.54584454732008
44.6321476057419,414.393789965641,3.84949046325321
189.700422877114,281.54364383677,4.19070111174085
548.588973179787,277.470084477185,3.6821788304649
176.928775858521,18.6013698995554,4.3633344272228
504.921625542521,353.301163864153,4.66248290927512
45.1720067496801,65.1588282759662,3.797775817918
522.876923678673,144.771117753599,4.60971886383814
NA,NA,NA
659.535373354242,336.861608501923,3.43927720775701
457.179538602922,298.887848094146,3.70157133653123
11.3933463949323,499.38880657671,3.55020790948487
561.30967983261,51.8900696802656,4.22066368430523
72.8499532152304,375.725200947518,4.02895634482439
229.793705193083,415.092199586669,3.89411332241782
428.661105112595,14.7338707407299,3.3801416120814
361.73119184879,290.730483655306,3.12082961653423
605.173433490871,107.875782334092,4.23928370940124
391.011759910093,230.313823344595,4.11936140234115
563.371207396564,410.606274644784,4.71786475087945
137.313319486449,282.874123632277,4.74106082191809
195.465143668995,368.857268774755,4.01962386487377
124.407318515269,410.834587333692,3.40367563138064
621.679105921103,307.552106864092,4.51064682150701
1.09908160616184,147.866993197414,4.32260854765321
547.177742728547,205.08880534229,4.0814544540267
33.3372673144735,490.839655833648,3.0325940593405
281.988324376411,20.6220864323111,3.9255761748572
534.054987215695,392.095370128941,3.46274580865665
69.9825055489741,79.745223297252,5.28943757310158
4.7672840118925,74.3415131129184,3.37494837536528
588.799641748946,225.459110336814,3.98602303644919
438.681564964966,454.704128073243,4.83291884238801
659.523095985198,372.280662052548,2.81296461137152
105.287714089747,484.938894892638,4.43973935904266
627.295475165964,92.2762078651617,4.11382415936341
423.110862354301,259.412349399939,3.64936263939027
9.56268473689424,180.98784725343,3.09039208616252
74.9984003658957,118.404769317743,4.41811455099848
616.834268789414,194.318950255951,4.426348015597
252.117602778074,225.114804748634,4.01870179475234
574.265236953882,426.403972049423,3.89401092893933
296.716132331029,139.779457016223,4.03724626119535
528.224200397547,456.673648219944,3.54584454732008
44.6321476057419,414.393789965641,3.84949046325321
189.700422877114,281.54364383677,4.19070111174085
548.588973179787,277.470084477185,3.6821788304649
176.928775858521,18.6013698995554,4.3633344272228
504.921625542521,353.301163864153,4.66248290927512
45.1720067496801,65.1588282759662,3.797775817918
522.876923678673,144.771117753599,4.60971886383814
NA,NA,NA
659.535373354242,336.861608501923,3.43927720775701
457.179538602922,298.887848094146,3.70157133653123
11.3933463949323,499.38880657671,3.55020790948487
561.30967983261,51.8900696802656,4.22066368430523
72.8499532152304,375.725200947518,4.02895634482439
229.793705193083,415.092199586669,3.89411332241782
428.661105112595,14.7338707407299,3.3801416120814
361.73119184879,290.730483655306,3.12082961653423
605.173433490871,107.875782334092,4.23928370940124
391.011759910093,230.313823344595,4.11936140234115
563.371207396564,410.606274644784,4.71786475087945
137.313319486449,282.874123632277,4.74106082191809
195.465143668995,368.857268774755,4.01962386487377
124.407318515269,410.834587333692,3.40367563138064
621.679105921103,307.552106864092,4.51064682150701
1.09908160616184,147.866993197414,4.32260854765321
547.177742728547,205.08880534229,4.0814544540267
33.3372673144735,490.839655833648,3.0325940593405
281.988324376411,20.6220864323111,3.9255761748572
534.054987215695,392.095370128941,3.46274580865665
69.9825055489741,79.745223297252,5.28943757310158
4.7672840118925,74.3415131129184,3.37494837536528
588.799641748946,225.459110336814,3.98602303644919
438.681564964966,454.704128073243,4.83291884238801
659.523095985198,372.280662052548,2.81296461137152
105.287714089747,484.938894892638,4.43973935904266
627.295475165964,92.2762078651617,4.11382415936341
423.110862354301,259.412349399939,3.64936263939027
9.56268473689424,180.98784725343,3.09039208616252
74.9984003658957,118.404769317743,4.41811455099848
616.834268789414,194.318950255951,4.426348015597
252.117602778074,225.114804748634,4.01870179475234
574.265236953882,426.403972049423,3.89401092893933
296.716132331029,139.779457016223,4.03724626119535
528.224200397547,456.673648219944,3.54584454732008
44.6321476057419,414.393789965641,3.84949046325321
189.700422877114,281.54364383677,4.19070111174085
548.588973179787,277.470084477185,3.6821788304649
176.928775858521,18.6013698995554,4.3633344272228
504.921625542521,353.301163864153,4.66248290927512
45.1720067496801,65.1588282759662,3.797775817918
522.876923678673,144.771117753599,4.60971886383814
NA,NA,NA
659.535373354242,336.861608501923,3.43927720775701
457.179538602922,298.887848094146,3.70157133653123
11.3933463949323,499.38880657671,3.55020790948487
561.30967983261,51.8900696802656,4.22066368430523
72.8499532152304,375.725200947518,4.02895634482439
229.793705193083,415.092199586669,3.89411332241782
428.661105112595,14.7338707407299,3.3801416120814
361.73119184879,290.730483655306,3.12082961653423
605.173433490871,107.875782334092,4.23928370940124
391.011759910093,230.313823344595,4.11936140234115
563.371207396564,410.606274644784,4.71786475087945
137.313319486449,282.874123632277,4.74106082191809
195.465143668995,368.857268774755,4.01962386487377
124.407318515269,410.834587333692,3.40367563138064
621.679105921103,307.552106864092,4.51064682150701
1.09908160616184,147.866993197414,4.32260854765321
547.177742728547,205.08880534229,4.0814544540267
33.3372673144735,490.839655833648,3.0325940593405
281.988324376411,20.6220864323111,3.9255761748572
534.054987215695,392.095370128941,3.46274580865665
69.9825055489741,79.745223297252,5.28943757310158
4.7672840118925,74.3415131129184,3.37494837536528
588.799641748946,225.459110336814,3.98602303644919
438.681564964966,454.704128073243,4.83291884238801
659.523095985198,372.280662052548,2.81296461137152
105.287714089747,484.938894892638,4.43973935904266
627.295475165964,92.2762078651617,4.11382415936341
423.110862354301,259.412349399939,3.64936263939027
9.56268473689424,180.98784725343,3.09039208616252
74.9984003658957,118.404769317743,4.41811455099848
616.834268789414,194.318950255951,4.426348015597
252.117602778074,225.114804748634,4.01870179475234
574.265236953882,426.403972049423,3.89401092893933
296.716132331029,139.779457016223,4.03724626119535
528.224200397547,456.673648219944,3.54584454732008
44.6321476057419,414.393789965641,3.84949046325321
189.700422877114,281.54364383677,4.19070111174085
548.588973179787,277.470084477185,3.6821788304649
176.928775858521,18.6013698995554,4.3633344272228
504.921625542521,353.301163864153,4.66248290927512
45.1720067496801,65.1588282759662,3.797775817918
522.876923678673,144.771117753599,4.60971886383814
NA,NA,NA
659.535373354242,336.861608501923,3.43927720775701
457.179538602922,298.887848094146,3.70157133653123
11.3933463949323,499.38880657671,3.55020790948487
561.30967983261,51.8900696802656,4.22066368430523
72.8499532152304,375.725200947518,4.02895634482439
229.793705193083,415.092199586669,3.89411332241782
428.661105112595,14.7338707407299,3.3801416120814
361.73119184879,290.730483655306,3.12082961653423
605.173433490871,107.875782334092,4.23928370940124
391.011759910093,230.313823344595,4.11936140234115
563.371207396564,410.606274644784,4.71786475087945
137.313319486449,282.874123632277,4.74106082191809
195.465143668995,368.857268774755,4.01962386487377
124.407318515269,410.834587333692,3.40367563138064
621.679105921103,307.552106864092,4.51064682150701
1.09908160616184,147.866993197414,4.32260854765321
547.177742728547,205.08880534229,4.0814544540267
33.3372673144735,490.839655833648,3.0325940593405
281.988324376411,20.6220864323111,3.9255761748572
534.054987215695,392.095370128941,3.46274580865665
69.9825055489741,79.745223297252,5.28943757310158
4.7672840118925,74.3415131129184,3.37494837536528
588.799641748946,225.459110336814,3.98602303644919
438.681564964966,454.704128073243,4.83291884238801
659.523095985198,372.280662052548,2.81296461137152
105.287714089747,484.938894892638,4.43973935904266
627.295475165964,92.2762078651617,4.11382415936341
423.110862354301,259.412349399939,3.64936263939027
9.56268473689424,180.98784725343,3.09039208616252
74.9984003658957,118.404769317743,4.41811455099848
616.834268789414,194.318950255951,4.426348015597
252.117602778074,225.114804748634,4.01870179475234
574.265236953882,426.403972049423,3.89401092893933
296.716132331029,139.779457016223,4.03724626119535
528.224200397547,456.673648219944,3.54584454732008
44.6321476057419,414.393789965641,3.84949046325321
189.700422877114,281.54364383677,4.19070111174085
548.588973179787,277.470084477185,3.6821788304649
176.928775858521,18.6013698995554,4.3633344272228
504.921625542521,353.301163864153,4.66248290927512
45.1720067496801,65.1588282759662,3.797775817918
522.876923678673,144.771117753599,4.60971886383814
NA,NA,NA
659.535373354242,336.861608501923,3.43927720775701
457.179538602922,298.887848094146,3.70157133653123
11.3933463949323,499.38880657671,3.55020790948487
561.30967983261,51.8900696802656,4.22066368430523
72.8499532152304,375.725200947518,4.02895634482439
229.793705193083,415.092199586669,3.89411332241782
428.661105112595,14.7338707407299,3.3801416120814
361.73119184879,290.730483655306,3.12082961653423
605.173433490871,107.875782334092,4.23928370940124
391.011759910093,230.313823344595,4.11936140234115
563.371207396564,410.606274644784,4.71786475087945
137.313319486449,282.874123632277,4.74106082191809
195.465143668995,368.857268774755,4.01962386487377
124.407318515269,410.834587333692,3.40367563138064
621.679105921103,307.552106864092,4.51064682150701
1.09908160616184,147.866993197414,4.32260854765321
547.177742728547,205.08880534229,4.0814544540267
33.3372673144735,490.839655833648,3.0325940593405
281.988324376411,20.6220864323111,3.9255761748572
534.054987215695,392.095370128941,3.46274580865665
69.9825055489741,79.745223297252,5.28943757310158
4.7672840118925,74.3415131129184,3.37494837536528
588.799641748946,225.459110336814,3.98602303644919
438.681564964966,454.704128073243,4.83291884238801
659.523095985198,372.280662052548,2.81296461137152
105.287714089747,484.938894892638,4.43973935904266
627.295475165964,92.2762078651617,4.11382415936341
423.110862354301,259.412349399939,3.64936263939027
9.56268473689424,180.98784725343,3.09039208616252
74.9984003658957,118.404769317743,4.41811455099848
616.834268789414,194.318950255951,4.426348015597
252.117602778074,225.114804748634,4.01870179475234
574.265236953882,426.403972049423,3.89401092893933
296.716132331029,139.779457016223,4.03724626119535
528.224200397547,456.673648219944,3.54584454732008
44.6321476057419,414.393789965641,3.84949046325321
189.700422877114,281.54364383677,4.19070111174085
548.588973179787,277.470084477185,3.6821788304649
176.928775858521,18.6013698995554,4.3633344272228
504.921625542521,353.301163864153,4.66248290927512
45.1720067496801,65.1588282759662,3.797775817918
522.876923678673,144.771117753599,4.60971886383814
NA,NA,NA
664.122107980643,333.943309200009,3.39911848095569
461.633236563839,297.643075623754,3.6690189849783
11.1433370226495,495.169679847712,3.56743816811742
560.127866684436,50.5966266606188,4.26230596357981
73.3348835371416,373.651146783582,3.92153149854533
231.856581981439,414.278058392703,3.86463182908102
427.636056456998,12.7606477381865,3.36232270600548
361.558772256367,293.955278213085,2.92351267099785
604.8426875945,109.366999110462,4.26037577733316
390.147104484297,228.613967355715,4.2001690479589
563.269229738603,407.828161226391,4.76935468524036
143.067885077764,282.257749873492,4.54002004243803
200.088309461286,375.82462990547,4.10907625411446
125.260691674038,412.591588078484,3.50771229846998
624.454966070614,309.173622043763,4.51238661817892
0.881454955415747,148.591593881331,4.27656827454379
541.508085706834,202.513088734221,4.25981317747839
36.7807832022935,493.039324852153,2.97680690390537
282.106570995233,25.1658563659152,3.83249526484727
531.3931548297,396.262150146256,3.60746347186317
70.132653375974,80.326995232829,5.13113580708563
7.28121378532909,78.6808850102939,3.54009644217871
590.724110494381,227.206612483719,4.07191204247766
443.364819604097,457.469794838824,4.7936450064782
657.865782431984,371.994454162992,3.07711218302695
104.159299773623,491.859256448539,4.3813907429302
625.943291079168,90.818147190269,4.1019578024966
419.596669463966,260.94309254962,3.59432305929169
12.9446809760364,181.279515289603,3.23244668424641
68.4229360843014,124.935303701093,4.4104136732973
614.119665451536,203.869182780649,4.20020050902397
260.206861846608,217.945597846827,3.97980842553056
579.116244049897,426.681529118676,3.78069572195959
298.617549448152,135.825702216965,3.97346431932171
532.344680409143,460.796117877704,3.44938554882919
33.3262074783923,415.837130747391,4.26243807152556
198.583623753891,277.425296934899,3.92742731322853
548.163878749637,255.097444501577,3.69202101944264
177.034852671062,28.8876499236513,4.26468766334852
504.068720401463,350.013983032959,4.30056830956942
36.3562732825577,58.9053683183173,4.2758947624459
538.33391365046,162.324379739616,4.60756908137661
NA,NA,NA
664.122107980643,333.943309200009,3.39911848095569
461.633236563839,297.643075623754,3.6690189849783
11.1433370226495,495.169679847712,3.56743816811742
560.127866684436,50.5966266606188,4.26230596357981
73.3348835371416,373.651146783582,3.92153149854533
231.856581981439,414.278058392703,3.86463182908102
427.636056456998,12.7606477381865,3.36232270600548
361.558772256367,293.955278213085,2.92351267099785
604.8426875945,109.366999110462,4.26037577733316
390.147104484297,228.613967355715,4.2001690479589
563.269229738603,407.828161226391,4.76935468524036
143.067885077764,282.257749873492,4.54002004243803
200.088309461286,375.82462990547,4.10907625411446
125.260691674038,412.591588078484,3.50771229846998
624.454966070614,309.173622043763,4.51238661817892
0.881454955415747,148.591593881331,4.27656827454379
541.508085706834,202.513088734221,4.25981317747839
36.7807832022935,493.039324852153,2.97680690390537
282.106570995233,25.1658563659152,3.83249526484727
531.3931548297,396.262150146256,3.60746347186317
70.132653375974,80.326995232829,5.13113580708563
7.28121378532909,78.6808850102939,3.54009644217871
590.724110494381,227.206612483719,4.07191204247766
443.364819604097,457.469794838824,4.7936450064782
657.865782431984,371.994454162992,3.07711218302695
104.159299773623,491.859256448539,4.3813907429302
625.943291079168,90.818147190269,4.1019578024966
419.596669463966,260.94309254962,3.59432305929169
12.9446809760364,181.279515289603,3.23244668424641
68.4229360843014,124.935303701093,4.4104136732973
614.119665451536,203.869182780649,4.20020050902397
260.206861846608,217.945597846827,3.97980842553056
579.116244049897,426.681529118676,3.78069572195959
298.617549448152,135.825702216965,3.97346431932171
532.344680409143,460.796117877704,3.44938554882919
33.3262074783923,415.837130747391,4.26243807152556
198.583623753891,277.425296934899,3.92742731322853
548.163878749637,255.097444501577,3.69202101944264
177.034852671062,28.8876499236513,4.26468766334852
504.068720401463,350.013983032959,4.30056830956942
36.3562732825577,58.9053683183173,4.2758947624459
538.33391365046,162.324379739616,4.60756908137661
NA,NA,NA
664.122107980643,333.943309200009,3.39911848095569
461.633236563839,297.643075623754,3.6690189849783
11.1433370226495,495.169679847712,3.56743816811742
560.127866684436,50.5966266606188,4.26230596357981
73.3348835371416,373.651146783582,3.92153149854533
231.856581981439,414.278058392703,3.86463182908102
427.636056456998,12.7606477381865,3.36232270600548
361.558772256367,293.955278213085,2.92351267099785
604.8426875945,109.366999110462,4.26037577733316
390.147104484297,228.613967355715,4.2001690479589
563.269229738603,407.828161226391,4.76935468524036
143.067885077764,282.257749873492,4.54002004243803
200.088309461286,375.82462990547,4.10907625411446
125.260691674038,412.591588078484,3.50771229846998
624.454966070614,309.173622043763,4.51238661817892
0.881454955415747,148.591593881331,4.27656827454379
541.508085706834,202.513088734221,4.25981317747839
36.7807832022935,493.039324852153,2.97680690390537
282.106570995233,25.1658563659152,3.83249526484727
531.3931548297,396.262150146256,3.60746347186317
70.132653375974,80.326995232829,5.13113580708563
7.28121378532909,78.6808850102939,3.54009644217871
590.724110494381,227.206612483719,4.07191204247766
443.364819604097,457.469794838824,4.7936450064782
657.865782431984,371.994454162992,3.07711218302695
104.159299773623,491.859256448539,4.3813907429302
625.943291079168,90.818147190269,4.1019578024966
419.596669463966,260.94309254962,3.59432305929169
12.9446809760364,181.279515289603,3.23244668424641
68.4229360843014,124.935303701093,4.4104136732973
614.119665451536,203.869182780649,4.20020050902397
260.206861846608,217.945597846827,3.97980842553056
579.116244049897,426.681529118676,3.78069572195959
298.617549448152,135.825702216965,3.97346431932171
532.344680409143,460.796117877704,3.44938554882919
33.3262074783923,415.837130747391,4.26243807152556
198.583623753891,277.425296934899,3.92742731322853
548.163878749637,255.097444501577,3.69202101944264
177.034852671062,28.8876499236513,4.26468766334852
504.068720401463,350.013983032959,4.30056830956942
36.3562732825577,58.9053683183173,4.2758947624459
538.33391365046,162.324379739616,4.60756908137661
NA,NA,NA
664.122107980643,333.943309200009,3.39911848095569
461.633236563839,297.643075623754,3.6690189849783
11.1433370226495,495.169679847712,3.56743816811742
560.127866684436,50.5966266606188,4.26230596357981
73.3348835371416,373.651146783582,3.92153149854533
231.856581981439,414.278058392703,3.86463182908102
427.636056456998,12.7606477381865,3.36232270600548
361.558772256367,293.955278213085,2.92351267099785
604.8426875945,109.366999110462,4.26037577733316
390.147104484297,228.613967355715,4.2001690479589
563.269229738603,407.828161226391,4.76935468524036
143.067885077764,282.257749873492,4.54002004243803
200.088309461286,375.82462990547,4.10907625411446
125.260691674038,412.591588078484,3.50771229846998
624.454966070614,309.173622043763,4.51238661817892
0.881454955415747,148.591593881331,4.27656827454379
541.508085706834,202.513088734221,4.25981317747839
36.7807832022935,493.039324852153,2.97680690390537
282.106570995233,25.1658563659152,3.83249526484727
531.3931548297,396.262150146256,3.60746347186317
70.132653375974,80.326995232829,5.13113580708563
7.28121378532909,78.6808850102939,3.54009644217871
590.724110494381,227.206612483719,4.07191204247766
443.364819604097,457.469794838824,4.7936450064782
657.865782431984,371.994454162992,3.07711218302695
104.159299773623,491.859256448539,4.3813907429302
625.943291079168,90.818147190269,4.1019578024966
419.596669463966,260.94309254962,3.59432305929169
12.9446809760364,181.279515289603,3.23244668424641
68.4229360843014,124.935303701093,4.4104136732973
614.119665451536,203.869182780649,4.20020050902397
260.206861846608,217.945597846827,3.97980842553056
579.116244049897,426.681529118676,3.78069572195959
298.617549448152,135.825702216965,3.97346431932171
532.344680409143,460.796117877704,3.44938554882919
33.3262074783923,415.837130747391,4.26243807152556
198.583623753891,277.425296934899,3.92742731322853
548.163878749637,255.097444501577,3.69202101944264
177.034852671062,28.8876499236513,4.26468766334852
504.068720401463,350.013983032959,4.30056830956942
36.3562732825577,58.9053683183173,4.2758947624459
538.33391365046,162.324379739616,4.60756908137661
NA,NA,NA
664.122107980643,333.943309200009,3.39911848095569
461.633236563839,297.643075623754,3.6690189849783
11.1433370226495,495.169679847712,3.56743816811742
560.127866684436,50.5966266606188,4.26230596357981
73.3348835371416,373.651146783582,3.92153149854533
231.856581981439,414.278058392703,3.86463182908102
427.636056456998,12.7606477381865,3.36232270600548
361.558772256367,293.955278213085,2.92351267099785
604.8426875945,109.366999110462,4.26037577733316
390.147104484297,228.613967355715,4.2001690479589
563.269229738603,407.828161226391,4.76935468524036
143.067885077764,282.257749873492,4.54002004243803
200.088309461286,375.82462990547,4.10907625411446
125.260691674038,412.591588078484,3.50771229846998
624.454966070614,309.173622043763,4.51238661817892
0.881454955415747,148.591593881331,4.27656827454379
541.508085706834,202.513088734221,4.25981317747839
36.7807832022935,493.039324852153,2.97680690390537
282.106570995233,25.1658563659152,3.83249526484727
531.3931548297,396.262150146256,3.60746347186317
70.132653375974,80.326995232829,5.13113580708563
7.28121378532909,78.6808850102939,3.54009644217871
590.724110494381,227.206612483719,4.07191204247766
443.364819604097,457.469794838824,4.7936450064782
657.865782431984,371.994454162992,3.07711218302695
104.159299773623,491.859256448539,4.3813907429302
625.943291079168,90.818147190269,4.1019578024966
419.596669463966,260.94309254962,3.59432305929169
12.9446809760364,181.279515289603,3.23244668424641
68.4229360843014,124.935303701093,4.4104136732973
614.119665451536,203.869182780649,4.20020050902397
260.206861846608,217.945597846827,3.97980842553056
579.116244049897,426.681529118676,3.78069572195959
298.617549448152,135.825702216965,3.97346431932171
532.344680409143,460.796117877704,3.44938554882919
33.3262074783923,415.837130747391,4.26243807152556
198.583623753891,277.425296934899,3.92742731322853
548.163878749637,255.097444501577,3.69202101944264
177.034852671062,28.8876499236513,4.26468766334852
504.068720401463,350.013983032959,4.30056830956942
36.3562732825577,58.9053683183173,4.2758947624459
538.33391365046,162.324379739616,4.60756908137661
NA,NA,NA
664.122107980643,333.943309200009,3.39911848095569
461.633236563839,297.643075623754,3.6690189849783
11.1433370226495,495.169679847712,3.56743816811742
560.127866684436,50.5966266606188,4.26230596357981
73.3348835371416,373.651146783582,3.92153149854533
231.856581981439,414.278058392703,3.86463182908102
427.636056456998,12.7606477381865,3.36232270600548
361.558772256367,293.955278213085,2.92351267099785
604.8426875945,109.366999110462,4.26037577733316
390.147104484297,228.613967355715,4.2001690479589
563.269229738603,407.828161226391,4.76935468524036
143.067885077764,282.257749873492,4.54002004243803
200.088309461286,375.82462990547,4.10907625411446
125.260691674038,412.591588078484,3.50771229846998
624.454966070614,309.173622043763,4.51238661817892
0.881454955415747,148.591593881331,4.27656827454379
541.508085706834,202.513088734221,4.25981317747839
36.7807832022935,493.039324852153,2.97680690390537
282.106570995233,25.1658563659152,3.83249526484727
531.3931548297,396.262150146256,3.60746347186317
70.132653375974,80.326995232829,5.13113580708563
7.28121378532909,78.6808850102939,3.54009644217871
590.724110494381,227.206612483719,4.07191204247766
443.364819604097,457.469794838824,4.7936450064782
657.865782431984,371.994454162992,3.07711218302695
104.159299773623,491.859256448539,4.3813907429302
625.943291079168,90.818147190269,4.1019578024966
419.596669463966,260.94309254962,3.59432305929169
12.9446809760364,181.279515289603,3.23244668424641
68.4229360843014,124.935303701093,4.4104136732973
614.119665451536,203.869182780649,4.20020050902397
260.206861846608,217.945597846827,3.97980842553056
579.116244049897,426.681529118676,3.78069572195959
298.617549448152,135.825702216965,3.97346431932171
532.344680409143,460.796117877704,3.44938554882919
33.3262074783923,415.837130747391,4.26243807152556
198.583623753891,277.425296934899,3.92742731322853
548.163878749637,255.097444501577,3.69202101944264
177.034852671062,28.8876499236513,4.26468766334852
504.068720401463,350.013983032959,4.30056830956942
36.3562732825577,58.9053683183173,4.2758947624459
538.33391365046,162.324379739616,4.60756908137661
NA,NA,NA
659.294040977569,335.902379121108,3.47525588332273
456.80905259509,299.323009356085,3.47758097719523
11.1515733344743,496.233463621851,3.60337408639956
563.640659086358,54.8860771693061,4.35780087008624
73.8983461241239,377.823316108028,3.9017036637971
227.979173620657,409.86662726211,3.8893789047705
429.228771794997,11.6276847076453,3.36548383509359
363.924696116172,292.572494118217,2.94396176959243
604.550940563476,106.251423632859,4.125293237136
394.843232336344,228.868434266718,4.06645349759347
572.110524482295,403.777454984314,4.72326389826319
139.981186377696,289.13538775221,4.5642397227275
198.01361133337,365.429144862417,3.92988791837898
125.807919560756,411.497753617758,3.47787162098835
628.810468482221,307.031834241671,4.57786178943424
3.55535352592958,151.229527419391,4.23262719807389
542.694278518639,206.658135754604,4.22468270353862
33.5216716948092,491.494259736627,2.91587491149658
286.306251107554,25.3521992924197,4.00436885035129
537.764315568179,392.369697572482,3.39898882467817
74.9677564418595,74.82243048943,5.27888840380027
3.18248420430814,74.3592464461555,3.40463449959219
588.322716398206,223.956138915811,3.99739076780562
447.158044002565,458.840797986832,4.81183498324974
659.838385356738,373.980507513802,3.01726796547338
106.276084866922,482.772129592125,4.34464249247158
624.566695913899,93.1009274430243,4.06616049061934
419.129152470382,257.691832182231,3.61343468772498
13.7474414635185,181.771448588299,3.32180316184635
60.3444876690616,115.333848067471,4.47195278054618
600.28828272035,206.375964554343,4.43987162572834
252.369014523448,217.585143826243,3.70231251659729
576.744582759785,429.774983628233,3.68929404696607
300.215817914194,135.520783508156,3.81131462771322
527.097114422047,450.71686332991,3.58814439784306
42.9245081114335,418.531155446609,4.2882410637158
190.098365613236,294.876116783129,4.28967214666279
555.736050024828,257.677975257493,3.71142789202668
172.510368005759,16.9896181023228,4.16676693061486
497.995245056562,344.002858460594,4.43255107593105
40.6410340341434,51.0929446946216,3.98303201450221
540.885870184403,162.96492432814,4.460109372828
NA,NA,NA
659.294040977569,335.902379121108,3.47525588332273
456.80905259509,299.323009356085,3.47758097719523
11.1515733344743,496.233463621851,3.60337408639956
563.640659086358,54.8860771693061,4.35780087008624
73.8983461241239,377.823316108028,3.9017036637971
227.979173620657,409.86662726211,3.8893789047705
429.228771794997,11.6276847076453,3.36548383509359
363.924696116172,292.572494118217,2.94396176959243
604.550940563476,106.251423632859,4.125293237136
394.843232336344,228.868434266718,4.06645349759347
572.110524482295,403.777454984314,4.72326389826319
139.981186377696,289.13538775221,4.5642397227275
198.01361133337,365.429144862417,3.92988791837898
125.807919560756,411.497753617758,3.47787162098835
628.810468482221,307.031834241671,4.57786178943424
3.55535352592958,151.229527419391,4.23262719807389
542.694278518639,206.658135754604,4.22468270353862
33.5216716948092,491.494259736627,2.91587491149658
286.306251107554,25.3521992924197,4.00436885035129
537.764315568179,392.369697572482,3.39898882467817
74.9677564418595,74.82243048943,5.27888840380027
3.18248420430814,74.3592464461555,3.40463449959219
588.322716398206,223.956138915811,3.99739076780562
447.158044002565,458.840797986832,4.81183498324974
659.838385356738,373.980507513802,3.01726796547338
106.276084866922,482.772129592125,4.34464249247158
624.566695913899,93.1009274430243,4.06616049061934
419.129152470382,257.691832182231,3.61343468772498
13.7474414635185,181.771448588299,3.32180316184635
60.3444876690616,115.333848067471,4.47195278054618
600.28828272035,206.375964554343,4.43987162572834
252.369014523448,217.585143826243,3.70231251659729
576.744582759785,429.774983628233,3.68929404696607
300.215817914194,135.520783508156,3.81131462771322
527.097114422047,450.71686332991,3.58814439784306
42.9245081114335,418.531155446609,4.2882410637158
190.098365613236,294.876116783129,4.28967214666279
555.736050024828,257.677975257493,3.71142789202668
172.510368005759,16.9896181023228,4.16676693061486
497.995245056562,344.002858460594,4.43255107593105
40.6410340341434,51.0929446946216,3.98303201450221
540.885870184403,162.96492432814,4.460109372828
NA,NA,NA
659.294040977569,335.902379121108,3.47525588332273
456.80905259509,299.323009356085,3.47758097719523
11.1515733344743,496.233463621851,3.60337408639956
563.640659086358,54.8860771693061,4.35780087008624
73.8983461241239,377.823316108028,3.9017036637971
227.979173620657,409.86662726211,3.8893789047705
429.228771794997,11.6276847076453,3.36548383509359
363.924696116172,292.572494118217,2.94396176959243
604.550940563476,106.251423632859,4.125293237136
394.843232336344,228.868434266718,4.06645349759347
572.110524482295,403.777454984314,4.72326389826319
139.981186377696,289.13538775221,4.5642397227275
198.01361133337,365.429144862417,3.92988791837898
125.807919560756,411.497753617758,3.47787162098835
628.810468482221,307.031834241671,4.57786178943424
3.55535352592958,151.229527419391,4.23262719807389
542.694278518639,206.658135754604,4.22468270353862
33.5216716948092,491.494259736627,2.91587491149658
286.306251107554,25.3521992924197,4.00436885035129
537.764315568179,392.369697572482,3.39898882467817
74.9677564418595,74.82243048943,5.27888840380027
3.18248420430814,74.3592464461555,3.40463449959219
588.322716398206,223.956138915811,3.99739076780562
447.158044002565,458.840797986832,4.81183498324974
659.838385356738,373.980507513802,3.01726796547338
106.276084866922,482.772129592125,4.34464249247158
624.566695913899,93.1009274430243,4.06616049061934
419.129152470382,257.691832182231,3.61343468772498
13.7474414635185,181.771448588299,3.32180316184635
60.3444876690616,115.333848067471,4.47195278054618
600.28828272035,206.375964554343,4.43987162572834
252.369014523448,217.585143826243,3.70231251659729
576.744582759785,429.774983628233,3.68929404696607
300.215817914194,135.520783508156,3.81131462771322
527.097114422047,450.71686332991,3.58814439784306
42.9245081114335,418.531155446609,4.2882410637158
190.098365613236,294.876116783129,4.28967214666279
555.736050024828,257.677975257493,3.71142789202668
172.510368005759,16.9896181023228,4.16676693061486
497.995245056562,344.002858460594,4.43255107593105
40.6410340341434,51.0929446946216,3.98303201450221
540.885870184403,162.96492432814,4.460109372828
NA,NA,NA
659.294040977569,335.902379121108,3.47525588332273
456.80905259509,299.323009356085,3.47758097719523
11.1515733344743,496.233463621851,3.60337408639956
563.640659086358,54.8860771693061,4.35780087008624
73.8983461241239,377.823316108028,3.9017036637971
227.979173620657,409.86662726211,3.8893789047705
429.228771794997,11.6276847076453,3.36548383509359
363.924696116172,292.572494118217,2.94396176959243
604.550940563476,106.251423632859,4.125293237136
394.843232336344,228.868434266718,4.06645349759347
572.110524482295,403.777454984314,4.72326389826319
139.981186377696,289.13538775221,4.5642397227275
198.01361133337,365.429144862417,3.92988791837898
125.807919560756,411.497753617758,3.47787162098835
628.810468482221,307.031834241671,4.57786178943424
3.55535352592958,151.229527419391,4.23262719807389
542.694278518639,206.658135754604,4.22468270353862
33.5216716948092,491.494259736627,2.91587491149658
286.306251107554,25.3521992924197,4.00436885035129
537.764315568179,392.369697572482,3.39898882467817
74.9677564418595,74.82243048943,5.27888840380027
3.18248420430814,74.3592464461555,3.40463449959219
588.322716398206,223.956138915811,3.99739076780562
447.158044002565,458.840797986832,4.81183498324974
659.838385356738,373.980507513802,3.01726796547338
106.276084866922,482.772129592125,4.34464249247158
624.566695913899,93.1009274430243,4.06616049061934
419.129152470382,257.691832182231,3.61343468772498
13.7474414635185,181.771448588299,3.32180316184635
60.3444876690616,115.333848067471,4.47195278054618
600.28828272035,206.375964554343,4.43987162572834
252.369014523448,217.585143826243,3.70231251659729
576.744582759785,429.774983628233,3.68929404696607
300.215817914194,135.520783508156,3.81131462771322
527.097114422047,450.71686332991,3.58814439784306
42.9245081114335,418.531155446609,4.2882410637158
190.098365613236,294.876116783129,4.28967214666279
555.736050024828,257.677975257493,3.71142789202668
172.510368005759,16.9896181023228,4.16676693061486
497.995245056562,344.002858460594,4.43255107593105
40.6410340341434,51.0929446946216,3.98303201450221
540.885870184403,162.96492432814,4.460109372828
NA,NA,NA
659.294040977569,335.902379121108,3.47525588332273
456.80905259509,299.323009356085,3.47758097719523
11.1515733344743,496.233463621851,3.60337408639956
563.640659086358,54.8860771693061,4.35780087008624
73.8983461241239,377.823316108028,3.9017036637971
227.979173620657,409.86662726211,3.8893789047705
429.228771794997,11.6276847076453,3.36548383509359
363.924696116172,292.572494118217,2.94396176959243
604.550940563476,106.251423632859,4.125293237136
394.843232336344,228.868434266718,4.06645349759347
572.110524482295,403.777454984314,4.72326389826319
139.981186377696,289.13538775221,4.5642397227275
198.01361133337,365.429144862417,3.92988791837898
125.807919560756,411.497753617758,3.47787162098835
628.810468482221,307.031834241671,4.57786178943424
3.55535352592958,151.229527419391,4.23262719807389
542.694278518639,206.658135754604,4.22468270353862
33.5216716948092,491.494259736627,2.91587491149658
286.306251107554,25.3521992924197,4.00436885035129
537.764315568179,392.369697572482,3.39898882467817
74.9677564418595,74.82243048943,5.27888840380027
3.18248420430814,74.3592464461555,3.40463449959219
588.322716398206,223.956138915811,3.99739076780562
447.158044002565,458.840797986832,4.81183498324974
659.838385356738,373.980507513802,3.01726796547338
106.276084866922,482.772129592125,4.34464249247158
624.566695913899,93.1009274430243,4.06616049061934
419.129152470382,257.691832182231,3.61343468772498
13.7474414635185,181.771448588299,3.32180316184635
60.3444876690616,115.333848067471,4.47195278054618
600.28828272035,206.375964554343,4.43987162572834
252.369014523448,217.585143826243,3.70231251659729
576.744582759785,429.774983628233,3.68929404696607
300.215817914194,135.520783508156,3.81131462771322
527.097114422047,450.71686332991,3.58814439784306
42.9245081114335,418.531155446609,4.2882410637158
190.098365613236,294.876116783129,4.28967214666279
555.736050024828,257.677975257493,3.71142789202668
172.510368005759,16.9896181023228,4.16676693061486
497.995245056562,344.002858460594,4.43255107593105
40.6410340341434,51.0929446946216,3.98303201450221
540.885870184403,162.96492432814,4.460109372828
NA,NA,NA
659.294040977569,335.902379121108,3.47525588332273
456.80905259509,299.323009356085,3.47758097719523
11.1515733344743,496.233463621851,3.60337408639956
563.640659086358,54.8860771693061,4.35780087008624
73.8983461241239,377.823316108028,3.9017036637971
227.979173620657,409.86662726211,3.8893789047705
429.228771794997,11.6276847076453,3.36548383509359
363.924696116172,292.572494118217,2.94396176959243
604.550940563476,106.251423632859,4.125293237136
394.843232336344,228.868434266718,4.06645349759347
572.110524482295,403.777454984314,4.72326389826319
139.981186377696,289.13538775221,4.5642397227275
198.01361133337,365.429144862417,3.92988791837898
125.807919560756,411.497753617758,3.47787162098835
628.810468482221,307.031834241671,4.57786178943424
3.55535352592958,151.229527419391,4.23262719807389
542.694278518639,206.658135754604,4.22468270353862
33.5216716948092,491.494259736627,2.91587491149658
286.306251107554,25.3521992924197,4.00436885035129
537.764315568179,392.369697572482,3.39898882467817
74.9677564418595,74.82243048943,5.27888840380027
3.18248420430814,74.3592464461555,3.40463449959219
588.322716398206,223.956138915811,3.99739076780562
447.158044002565,458.840797986832,4.81183498324974
659.838385356738,373.980507513802,3.01726796547338
106.276084866922,482.772129592125,4.34464249247158
624.566695913899,93.1009274430243,4.06616049061934
419.129152470382,257.691832182231,3.61343468772498
13.7474414635185,181.771448588299,3.32180316184635
60.3444876690616,115.333848067471,4.47195278054618
600.28828272035,206.375964554343,4.43987162572834
252.369014523448,217.585143826243,3.70231251659729
576.744582759785,429.774983628233,3.68929404696607
300.215817914194,135.520783508156,3.81131462771322
527.097114422047,450.71686332991,3.58814439784306
42.9245081114335,418.531155446609,4.2882410637158
190.098365613236,294.876116783129,4.28967214666279
555.736050024828,257.677975257493,3.71142789202668
172.510368005759,16.9896181023228,4.16676693061486
497.995245056562,344.002858460594,4.43255107593105
40.6410340341434,51.0929446946216,3.98303201450221
540.885870184403,162.96492432814,4.460109372828
NA,NA,NA
661.890164272353,335.910228183825,3.43771171110892
454.028345922812,293.47475512934,3.68044374807021
7.02015600654417,492.684920621917,3.74909274339306
558.996149286409,54.74413249707,4.21875036709473
72.3367490757751,374.279612812383,3.91754342537286
228.722888291819,409.088653334924,3.9497306454411
427.37219909914,11.7475657828729,3.44248724398304
360.830362878642,292.947831282504,3.12773693817411
605.546178481483,111.029372110869,4.21798150992275
392.033735707164,232.575543123036,4.11712179736993
567.334193702323,407.572642730736,4.72864364751848
136.723441476963,280.735242568048,4.46233651255292
204.46230816155,371.20977488502,3.93918872060413
126.763183047104,411.54811787539,3.59042920882504
628.752671349759,316.980757861459,4.47695974918661
3.99193475685048,144.728724618167,4.26740475950839
543.297965124903,205.403457982137,4.19926179869365
33.087997917484,492.900938235586,2.96342679790296
280.096727516924,22.871586817085,3.92477855785918
535.091326801373,391.944747615443,3.37959572144814
76.1555437720429,86.3363678583303,5.21352762945563
4.94738532440849,75.9006685248675,3.5126470299591
585.322717186749,230.549614673874,4.01937534450122
452.863088547844,454.780352811325,4.7771334322772
657.908542356576,371.965397236064,3.15155292765288
104.209573104059,489.036476941798,4.32758614507455
620.497718283399,89.8133666882696,4.09609112878623
423.393923975315,259.662661458397,3.64288455904019
11.9639493436175,183.499003566637,3.1689676541904
49.672460031652,113.865331793326,4.50664266856201
617.307117385284,200.141908969058,4.38586644461923
259.328961817472,229.416190557045,4.15071557061174
568.049986545161,435.147068555402,3.88090693185969
298.994062791665,136.645898790032,3.79357244085994
522.654283471718,458.499766477268,3.54642692317203
38.9074395347136,413.398881874471,3.69189927932251
192.830760026356,302.541561037771,4.45434241567106
543.600934994959,262.28206094233,3.81938886889954
173.002894032548,24.0938221866745,4.12561973095525
505.847779964914,351.739910070476,4.83797457167102
42.3203130879064,51.5881905023334,4.04883786874855
540.671006324152,161.002099436664,4.81819751131746
NA,NA,NA
661.890164272353,335.910228183825,3.43771171110892
454.028345922812,293.47475512934,3.68044374807021
7.02015600654417,492.684920621917,3.74909274339306
558.996149286409,54.74413249707,4.21875036709473
72.3367490757751,374.279612812383,3.91754342537286
228.722888291819,409.088653334924,3.9497306454411
427.37219909914,11.7475657828729,3.44248724398304
360.830362878642,292.947831282504,3.12773693817411
605.546178481483,111.029372110869,4.21798150992275
392.033735707164,232.575543123036,4.11712179736993
567.334193702323,407.572642730736,4.72864364751848
136.723441476963,280.735242568048,4.46233651255292
204.46230816155,371.20977488502,3.93918872060413
126.763183047104,411.54811787539,3.59042920882504
628.752671349759,316.980757861459,4.47695974918661
3.99193475685048,144.728724618167,4.26740475950839
543.297965124903,205.403457982137,4.19926179869365
33.087997917484,492.900938235586,2.96342679790296
280.096727516924,22.871586817085,3.92477855785918
535.091326801373,391.944747615443,3.37959572144814
76.1555437720429,86.3363678583303,5.21352762945563
4.94738532440849,75.9006685248675,3.5126470299591
585.322717186749,230.549614673874,4.01937534450122
452.863088547844,454.780352811325,4.7771334322772
657.908542356576,371.965397236064,3.15155292765288
104.209573104059,489.036476941798,4.32758614507455
620.497718283399,89.8133666882696,4.09609112878623
423.393923975315,259.662661458397,3.64288455904019
11.9639493436175,183.499003566637,3.1689676541904
49.672460031652,113.865331793326,4.50664266856201
617.307117385284,200.141908969058,4.38586644461923
259.328961817472,229.416190557045,4.15071557061174
568.049986545161,435.147068555402,3.88090693185969
298.994062791665,136.645898790032,3.79357244085994
522.654283471718,458.499766477268,3.54642692317203
38.9074395347136,413.398881874471,3.69189927932251
192.830760026356,302.541561037771,4.45434241567106
543.600934994959,262.28206094233,3.81938886889954
173.002894032548,24.0938221866745,4.12561973095525
505.847779964914,351.739910070476,4.83797457167102
42.3203130879064,51.5881905023334,4.04883786874855
540.671006324152,161.002099436664,4.81819751131746
NA,NA,NA
661.890164272353,335.910228183825,3.43771171110892
454.028345922812,293.47475512934,3.68044374807021
7.02015600654417,492.684920621917,3.74909274339306
558.996149286409,54.74413249707,4.21875036709473
72.3367490757751,374.279612812383,3.91754342537286
228.722888291819,409.088653334924,3.9497306454411
427.37219909914,11.7475657828729,3.44248724398304
360.830362878642,292.947831282504,3.12773693817411
605.546178481483,111.029372110869,4.21798150992275
392.033735707164,232.575543123036,4.11712179736993
567.334193702323,407.572642730736,4.72864364751848
136.723441476963,280.735242568048,4.46233651255292
204.46230816155,371.20977488502,3.93918872060413
126.763183047104,411.54811787539,3.59042920882504
628.752671349759,316.980757861459,4.47695974918661
3.99193475685048,144.728724618167,4.26740475950839
543.297965124903,205.403457982137,4.19926179869365
33.087997917484,492.900938235586,2.96342679790296
280.096727516924,22.871586817085,3.92477855785918
535.091326801373,391.944747615443,3.37959572144814
76.1555437720429,86.3363678583303,5.21352762945563
4.94738532440849,75.9006685248675,3.5126470299591
585.322717186749,230.549614673874,4.01937534450122
452.863088547844,454.780352811325,4.7771334322772
657.908542356576,371.965397236064,3.15155292765288
104.209573104059,489.036476941798,4.32758614507455
620.497718283399,89.8133666882696,4.09609112878623
423.393923975315,259.662661458397,3.64288455904019
11.9639493436175,183.499003566637,3.1689676541904
49.672460031652,113.865331793326,4.50664266856201
617.307117385284,200.141908969058,4.38586644461923
259.328961817472,229.416190557045,4.15071557061174
568.049986545161,435.147068555402,3.88090693185969
298.994062791665,136.645898790032,3.79357244085994
522.654283471718,458.499766477268,3.54642692317203
38.9074395347136,413.398881874471,3.69189927932251
192.830760026356,302.541561037771,4.45434241567106
543.600934994959,262.28206094233,3.81938886889954
173.002894032548,24.0938221866745,4.12561973095525
505.847779964914,351.739910070476,4.83797457167102
42.3203130879064,51.5881905023334,4.04883786874855
540.671006324152,161.002099436664,4.81819751131746
NA,NA,NA
661.890164272353,335.910228183825,3.43771171110892
454.028345922812,293.47475512934,3.68044374807021
7.02015600654417,492.684920621917,3.74909274339306
558.996149286409,54.74413249707,4.21875036709473
72.3367490757751,374.279612812383,3.91754342537286
228.722888291819,409.088653334924,3.9497306454411
427.37219909914,11.7475657828729,3.44248724398304
360.830362878642,292.947831282504,3.12773693817411
605.546178481483,111.029372110869,4.21798150992275
392.033735707164,232.575543123036,4.11712179736993
567.334193702323,407.572642730736,4.72864364751848
136.723441476963,280.735242568048,4.46233651255292
204.46230816155,371.20977488502,3.93918872060413
126.763183047104,411.54811787539,3.59042920882504
628.752671349759,316.980757861459,4.47695974918661
3.99193475685048,144.728724618167,4.26740475950839
543.297965124903,205.403457982137,4.19926179869365
33.087997917484,492.900938235586,2.96342679790296
280.096727516924,22.871586817085,3.92477855785918
535.091326801373,391.944747615443,3.37959572144814
76.1555437720429,86.3363678583303,5.21352762945563
4.94738532440849,75.9006685248675,3.5126470299591
585.322717186749,230.549614673874,4.01937534450122
452.863088547844,454.780352811325,4.7771334322772
657.908542356576,371.965397236064,3.15155292765288
104.209573104059,489.036476941798,4.32758614507455
620.497718283399,89.8133666882696,4.09609112878623
423.393923975315,259.662661458397,3.64288455904019
11.9639493436175,183.499003566637,3.1689676541904
49.672460031652,113.865331793326,4.50664266856201
617.307117385284,200.141908969058,4.38586644461923
259.328961817472,229.416190557045,4.15071557061174
568.049986545161,435.147068555402,3.88090693185969
298.994062791665,136.645898790032,3.79357244085994
522.654283471718,458.499766477268,3.54642692317203
38.9074395347136,413.398881874471,3.69189927932251
192.830760026356,302.541561037771,4.45434241567106
543.600934994959,262.28206094233,3.81938886889954
173.002894032548,24.0938221866745,4.12561973095525
505.847779964914,351.739910070476,4.83797457167102
42.3203130879064,51.5881905023334,4.04883786874855
540.671006324152,161.002099436664,4.81819751131746
NA,NA,NA
661.890164272353,335.910228183825,3.43771171110892
454.028345922812,293.47475512934,3.68044374807021
7.02015600654417,492.684920621917,3.74909274339306
558.996149286409,54.74413249707,4.21875036709473
72.3367490757751,374.279612812383,3.91754342537286
228.722888291819,409.088653334924,3.9497306454411
427.37219909914,11.7475657828729,3.44248724398304
360.830362878642,292.947831282504,3.12773693817411
605.546178481483,111.029372110869,4.21798150992275
392.033735707164,232.575543123036,4.11712179736993
567.334193702323,407.572642730736,4.72864364751848
136.723441476963,280.735242568048,4.46233651255292
204.46230816155,371.20977488502,3.93918872060413
126.763183047104,411.54811787539,3.59042920882504
628.752671349759,316.980757861459,4.47695974918661
3.99193475685048,144.728724618167,4.26740475950839
543.297965124903,205.403457982137,4.19926179869365
33.087997917484,492.900938235586,2.96342679790296
280.096727516924,22.871586817085,3.92477855785918
535.091326801373,391.944747615443,3.37959572144814
76.1555437720429,86.3363678583303,5.21352762945563
4.94738532440849,75.9006685248675,3.5126470299591
585.322717186749,230.549614673874,4.01937534450122
452.863088547844,454.780352811325,4.7771334322772
657.908542356576,371.965397236064,3.15155292765288
104.209573104059,489.036476941798,4.32758614507455
620.497718283399,89.8133666882696,4.09609112878623
423.393923975315,259.662661458397,3.64288455904019
11.9639493436175,183.499003566637,3.1689676541904
49.672460031652,113.865331793326,4.50664266856201
617.307117385284,200.141908969058,4.38586644461923
259.328961817472,229.416190557045,4.15071557061174
568.049986545161,435.147068555402,3.88090693185969
298.994062791665,136.645898790032,3.79357244085994
522.654283471718,458.499766477268,3.54642692317203
38.9074395347136,413.398881874471,3.69189927932251
192.830760026356,302.541561037771,4.45434241567106
543.600934994959,262.28206094233,3.81938886889954
173.002894032548,24.0938221866745,4.12561973095525
505.847779964914,351.739910070476,4.83797457167102
42.3203130879064,51.5881905023334,4.04883786874855
540.671006324152,161.002099436664,4.81819751131746
NA,NA,NA
661.890164272353,335.910228183825,3.43771171110892
454.028345922812,293.47475512934,3.68044374807021
7.02015600654417,492.684920621917,3.74909274339306
558.996149286409,54.74413249707,4.21875036709473
72.3367490757751,374.279612812383,3.91754342537286
228.722888291819,409.088653334924,3.9497306454411
427.37219909914,11.7475657828729,3.44248724398304
360.830362878642,292.947831282504,3.12773693817411
605.546178481483,111.029372110869,4.21798150992275
392.033735707164,232.575543123036,4.11712179736993
567.334193702323,407.572642730736,4.72864364751848
136.723441476963,280.735242568048,4.46233651255292
204.46230816155,371.20977488502,3.93918872060413
126.763183047104,411.54811787539,3.59042920882504
628.752671349759,316.980757861459,4.47695974918661
3.99193475685048,144.728724618167,4.26740475950839
543.297965124903,205.403457982137,4.19926179869365
33.087997917484,492.900938235586,2.96342679790296
280.096727516924,22.871586817085,3.92477855785918
535.091326801373,391.944747615443,3.37959572144814
76.1555437720429,86.3363678583303,5.21352762945563
4.94738532440849,75.9006685248675,3.5126470299591
585.322717186749,230.549614673874,4.01937534450122
452.863088547844,454.780352811325,4.7771334322772
657.908542356576,371.965397236064,3.15155292765288
104.209573104059,489.036476941798,4.32758614507455
620.497718283399,89.8133666882696,4.09609112878623
423.393923975315,259.662661458397,3.64288455904019
11.9639493436175,183.499003566637,3.1689676541904
49.672460031652,113.865331793326,4.50664266856201
617.307117385284,200.141908969058,4.38586644461923
259.328961817472,229.416190557045,4.15071557061174
568.049986545161,435.147068555402,3.88090693185969
298.994062791665,136.645898790032,3.79357244085994
522.654283471718,458.499766477268,3.54642692317203
38.9074395347136,413.398881874471,3.69189927932251
192.830760026356,302.541561037771,4.45434241567106
543.600934994959,262.28206094233,3.81938886889954
173.002894032548,24.0938221866745,4.12561973095525
505.847779964914,351.739910070476,4.83797457167102
42.3203130879064,51.5881905023334,4.04883786874855
540.671006324152,161.002099436664,4.81819751131746
NA,NA,NA
661.404097918561,333.920054147636,3.54563254312963
455.798815879718,297.734244591594,3.66607238008171
11.7397440670503,493.505329817715,3.5366059213864
558.540248143081,48.5299078378346,4.2561684361006
73.2565832484767,373.90411904314,3.99851768182245
229.862963611328,415.360559146313,3.82905048098356
426.352259085629,10.8848649692756,3.4790399055075
360.702650220325,290.297853133387,3.12126173130325
602.706358969956,105.470535977567,4.05573069769069
394.978940511069,227.94803669153,4.27098880302354
565.914334053024,409.621234147198,4.75459105227427
141.076613456786,280.393701460765,4.6335877807521
198.682625290115,366.324496364022,4.07645745730646
124.855613859294,411.523128445365,3.57993182956598
630.941657324047,313.203796029101,4.51709217639352
3.8763114461979,147.868951848018,4.26357607622603
544.35704884174,200.765440326257,4.240057375051
35.9671724146088,490.156347946833,3.03717776764044
279.185969971661,21.7538526435997,3.79889112323756
531.890910081922,396.373435608928,3.4157516148284
82.9225593899015,87.0050408376046,5.20331499945869
3.56589119414328,78.1108382269963,3.50110068328814
585.827864050016,226.899689873863,3.98796990781395
434.73079521257,460.345457521713,4.70452480865433
659.885640961018,372.587515628639,3.09476306721905
104.419286342338,485.495536086411,4.33973312325181
627.01100680168,87.3070904761691,4.10082694221002
418.595873697291,258.714097774774,3.75015757907115
9.76376803721581,180.189586553081,3.20592525481439
60.6470303958466,111.449404309391,4.31853763686552
616.011490771595,204.844494469602,4.25988033405602
258.668439302211,219.742409249802,3.77910294605409
575.862288153401,422.742036338774,4.06849567914698
298.246894082685,136.035796391115,3.70675433783952
532.562983499587,455.383530590314,3.58731269181525
46.4995643513568,428.821740415838,3.96002114513473
205.434453592332,287.128754904907,3.30972808163161
561.262119144202,253.577159480966,3.57701370097101
177.382644020614,25.5619891401284,4.39306769714059
505.069510943037,343.777538431476,4.62313657805918
41.8086581887876,51.9730681262135,3.68582861138175
503.651449340296,157.136107635397,4.7311922079823
NA,NA,NA
661.404097918561,333.920054147636,3.54563254312963
455.798815879718,297.734244591594,3.66607238008171
11.7397440670503,493.505329817715,3.5366059213864
558.540248143081,48.5299078378346,4.2561684361006
73.2565832484767,373.90411904314,3.99851768182245
229.862963611328,415.360559146313,3.82905048098356
426.352259085629,10.8848649692756,3.4790399055075
360.702650220325,290.297853133387,3.12126173130325
602.706358969956,105.470535977567,4.05573069769069
394.978940511069,227.94803669153,4.27098880302354
565.914334053024,409.621234147198,4.75459105227427
141.076613456786,280.393701460765,4.6335877807521
198.682625290115,366.324496364022,4.07645745730646
124.855613859294,411.523128445365,3.57993182956598
630.941657324047,313.203796029101,4.51709217639352
3.8763114461979,147.868951848018,4.26357607622603
544.35704884174,200.765440326257,4.240057375051
35.9671724146088,490.156347946833,3.03717776764044
279.185969971661,21.7538526435997,3.79889112323756
531.890910081922,396.373435608928,3.4157516148284
82.9225593899015,87.0050408376046,5.20331499945869
3.56589119414328,78.1108382269963,3.50110068328814
585.827864050016,226.899689873863,3.98796990781395
434.73079521257,460.345457521713,4.70452480865433
659.885640961018,372.587515628639,3.09476306721905
104.419286342338,485.495536086411,4.33973312325181
627.01100680168,87.3070904761691,4.10082694221002
418.595873697291,258.714097774774,3.75015757907115
9.76376803721581,180.189586553081,3.20592525481439
60.6470303958466,111.449404309391,4.31853763686552
616.011490771595,204.844494469602,4.25988033405602
258.668439302211,219.742409249802,3.77910294605409
575.862288153401,422.742036338774,4.06849567914698
298.246894082685,136.035796391115,3.70675433783952
532.562983499587,455.383530590314,3.58731269181525
46.4995643513568,428.821740415838,3.96002114513473
205.434453592332,287.128754904907,3.30972808163161
561.262119144202,253.577159480966,3.57701370097101
177.382644020614,25.5619891401284,4.39306769714059
505.069510943037,343.777538431476,4.62313657805918
41.8086581887876,51.9730681262135,3.68582861138175
503.651449340296,157.136107635397,4.7311922079823
NA,NA,NA
661.404097918561,333.920054147636,3.54563254312963
455.798815879718,297.734244591594,3.66607238008171
11.7397440670503,493.505329817715,3.5366059213864
558.540248143081,48.5299078378346,4.2561684361006
73.2565832484767,373.90411904314,3.99851768182245
229.862963611328,415.360559146313,3.82905048098356
426.352259085629,10.8848649692756,3.4790399055075
360.702650220325,290.297853133387,3.12126173130325
602.706358969956,105.470535977567,4.05573069769069
394.978940511069,227.94803669153,4.27098880302354
565.914334053024,409.621234147198,4.75459105227427
141.076613456786,280.393701460765,4.6335877807521
198.682625290115,366.324496364022,4.07645745730646
124.855613859294,411.523128445365,3.57993182956598
630.941657324047,313.203796029101,4.51709217639352
3.8763114461979,147.868951848018,4.26357607622603
544.35704884174,200.765440326257,4.240057375051
35.9671724146088,490.156347946833,3.03717776764044
279.185969971661,21.7538526435997,3.79889112323756
531.890910081922,396.373435608928,3.4157516148284
82.9225593899015,87.0050408376046,5.20331499945869
3.56589119414328,78.1108382269963,3.50110068328814
585.827864050016,226.899689873863,3.98796990781395
434.73079521257,460.345457521713,4.70452480865433
659.885640961018,372.587515628639,3.09476306721905
104.419286342338,485.495536086411,4.33973312325181
627.01100680168,87.3070904761691,4.10082694221002
418.595873697291,258.714097774774,3.75015757907115
9.76376803721581,180.189586553081,3.20592525481439
60.6470303958466,111.449404309391,4.31853763686552
616.011490771595,204.844494469602,4.25988033405602
258.668439302211,219.742409249802,3.77910294605409
575.862288153401,422.742036338774,4.06849567914698
298.246894082685,136.035796391115,3.70675433783952
532.562983499587,455.383530590314,3.58731269181525
46.4995643513568,428.821740415838,3.96002114513473
205.434453592332,287.128754904907,3.30972808163161
561.262119144202,253.577159480966,3.57701370097101
177.382644020614,25.5619891401284,4.39306769714059
505.069510943037,343.777538431476,4.62313657805918
41.8086581887876,51.9730681262135,3.68582861138175
503.651449340296,157.136107635397,4.7311922079823
NA,NA,NA
661.404097918561,333.920054147636,3.54563254312963
455.798815879718,297.734244591594,3.66607238008171
11.7397440670503,493.505329817715,3.5366059213864
558.540248143081,48.5299078378346,4.2561684361006
73.2565832484767,373.90411904314,3.99851768182245
229.862963611328,415.360559146313,3.82905048098356
426.352259085629,10.8848649692756,3.4790399055075
360.702650220325,290.297853133387,3.12126173130325
602.706358969956,105.470535977567,4.05573069769069
394.978940511069,227.94803669153,4.27098880302354
565.914334053024,409.621234147198,4.75459105227427
141.076613456786,280.393701460765,4.6335877807521
198.682625290115,366.324496364022,4.07645745730646
124.855613859294,411.523128445365,3.57993182956598
630.941657324047,313.203796029101,4.51709217639352
3.8763114461979,147.868951848018,4.26357607622603
544.35704884174,200.765440326257,4.240057375051
35.9671724146088,490.156347946833,3.03717776764044
279.185969971661,21.7538526435997,3.79889112323756
531.890910081922,396.373435608928,3.4157516148284
82.9225593899015,87.0050408376046,5.20331499945869
3.56589119414328,78.1108382269963,3.50110068328814
585.827864050016,226.899689873863,3.98796990781395
434.73079521257,460.345457521713,4.70452480865433
659.885640961018,372.587515628639,3.09476306721905
104.419286342338,485.495536086411,4.33973312325181
627.01100680168,87.3070904761691,4.10082694221002
418.595873697291,258.714097774774,3.75015757907115
9.76376803721581,180.189586553081,3.20592525481439
60.6470303958466,111.449404309391,4.31853763686552
616.011490771595,204.844494469602,4.25988033405602
258.668439302211,219.742409249802,3.77910294605409
575.862288153401,422.742036338774,4.06849567914698
298.246894082685,136.035796391115,3.70675433783952
532.562983499587,455.383530590314,3.58731269181525
46.4995643513568,428.821740415838,3.96002114513473
205.434453592332,287.128754904907,3.30972808163161
561.262119144202,253.577159480966,3.57701370097101
177.382644020614,25.5619891401284,4.39306769714059
505.069510943037,343.777538431476,4.62313657805918
41.8086581887876,51.9730681262135,3.68582861138175
503.651449340296,157.136107635397,4.7311922079823
NA,NA,NA
661.404097918561,333.920054147636,3.54563254312963
455.798815879718,297.734244591594,3.66607238008171
11.7397440670503,493.505329817715,3.5366059213864
558.540248143081,48.5299078378346,4.2561684361006
73.2565832484767,373.90411904314,3.99851768182245
229.862963611328,415.360559146313,3.82905048098356
426.352259085629,10.8848649692756,3.4790399055075
360.702650220325,290.297853133387,3.12126173130325
602.706358969956,105.470535977567,4.05573069769069
394.978940511069,227.94803669153,4.27098880302354
565.914334053024,409.621234147198,4.75459105227427
141.076613456786,280.393701460765,4.6335877807521
198.682625290115,366.324496364022,4.07645745730646
124.855613859294,411.523128445365,3.57993182956598
630.941657324047,313.203796029101,4.51709217639352
3.8763114461979,147.868951848018,4.26357607622603
544.35704884174,200.765440326257,4.240057375051
35.9671724146088,490.156347946833,3.03717776764044
279.185969971661,21.7538526435997,3.79889112323756
531.890910081922,396.373435608928,3.4157516148284
82.9225593899015,87.0050408376046,5.20331499945869
3.56589119414328,78.1108382269963,3.50110068328814
585.827864050016,226.899689873863,3.98796990781395
434.73079521257,460.345457521713,4.70452480865433
659.885640961018,372.587515628639,3.09476306721905
104.419286342338,485.495536086411,4.33973312325181
627.01100680168,87.3070904761691,4.10082694221002
418.595873697291,258.714097774774,3.75015757907115
9.76376803721581,180.189586553081,3.20592525481439
60.6470303958466,111.449404309391,4.31853763686552
616.011490771595,204.844494469602,4.25988033405602
258.668439302211,219.742409249802,3.77910294605409
575.862288153401,422.742036338774,4.06849567914698
298.246894082685,136.035796391115,3.70675433783952
532.562983499587,455.383530590314,3.58731269181525
46.4995643513568,428.821740415838,3.96002114513473
205.434453592332,287.128754904907,3.30972808163161
561.262119144202,253.577159480966,3.57701370097101
177.382644020614,25.5619891401284,4.39306769714059
505.069510943037,343.777538431476,4.62313657805918
41.8086581887876,51.9730681262135,3.68582861138175
503.651449340296,157.136107635397,4.7311922079823
NA,NA,NA
661.404097918561,333.920054147636,3.54563254312963
455.798815879718,297.734244591594,3.66607238008171
11.7397440670503,493.505329817715,3.5366059213864
558.540248143081,48.5299078378346,4.2561684361006
73.2565832484767,373.90411904314,3.99851768182245
229.862963611328,415.360559146313,3.82905048098356
426.352259085629,10.8848649692756,3.4790399055075
360.702650220325,290.297853133387,3.12126173130325
602.706358969956,105.470535977567,4.05573069769069
394.978940511069,227.94803669153,4.27098880302354
565.914334053024,409.621234147198,4.75459105227427
141.076613456786,280.393701460765,4.6335877807521
198.682625290115,366.324496364022,4.07645745730646
124.855613859294,411.523128445365,3.57993182956598
630.941657324047,313.203796029101,4.51709217639352
3.8763114461979,147.868951848018,4.26357607622603
544.35704884174,200.765440326257,4.240057375051
35.9671724146088,490.156347946833,3.03717776764044
279.185969971661,21.7538526435997,3.79889112323756
531.890910081922,396.373435608928,3.4157516148284
82.9225593899015,87.0050408376046,5.20331499945869
3.56589119414328,78.1108382269963,3.50110068328814
585.827864050016,226.899689873863,3.98796990781395
434.73079521257,460.345457521713,4.70452480865433
659.885640961018,372.587515628639,3.09476306721905
104.419286342338,485.495536086411,4.33973312325181
627.01100680168,87.3070904761691,4.10082694221002
418.595873697291,258.714097774774,3.75015757907115
9.76376803721581,180.189586553081,3.20592525481439
60.6470303958466,111.449404309391,4.31853763686552
616.011490771595,204.844494469602,4.25988033405602
258.668439302211,219.742409249802,3.77910294605409
575.862288153401,422.742036338774,4.06849567914698
298.246894082685,136.035796391115,3.70675433783952
532.562983499587,455.383530590314,3.58731269181525
46.4995643513568,428.821740415838,3.96002114513473
205.434453592332,287.128754904907,3.30972808163161
561.262119144202,253.577159480966,3.57701370097101
177.382644020614,25.5619891401284,4.39306769714059
505.069510943037,343.777538431476,4.62313657805918
41.8086581887876,51.9730681262135,3.68582861138175
503.651449340296,157.136107635397,4.7311922079823
NA,NA,NA
658.692220475996,336.561558173404,3.51420418542261
454.788272345512,296.927215834089,3.64215033307469
11.4612910077043,500.212121960195,3.72465890945183
559.522597671054,48.2104966572983,4.19637892827251
74.5355471039519,370.822347322103,3.98729777567166
226.322678057496,417.298828266709,3.89671936532482
429.856903874786,12.0310187303539,3.1296394103229
362.743967655772,294.973284598901,3.15020366476413
604.858706050704,102.815365706982,4.10621210958457
391.797252187617,225.461457551599,4.24901943585949
572.283434417219,419.145596856966,4.76754132541758
135.536067441709,283.750931051553,4.64742913433172
197.004879188336,372.709898587115,4.17551905062967
124.769965767125,412.508867918176,3.42334937526863
624.378895746482,313.932097832953,4.60105639249957
-4.49728119805542,150.881002334894,4.23898914138701
538.455009192726,202.125852514788,4.20615390984186
36.1636771202652,492.043266135222,3.0284211365084
280.330722471587,22.415254596624,3.79020358215176
535.426905158502,389.374919871866,3.44386235983623
75.511520562451,77.0188694248818,5.28203006486866
3.93084976291278,75.509208333725,3.61140191632998
590.124052801167,232.5442793809,4.07490444857025
440.024336451759,461.780363070068,4.65631570047257
657.168137039443,371.368702910927,2.96417309558125
97.1704317430652,486.271739255971,4.32916324548498
625.095017012669,89.9280192508155,4.05366374837394
421.982776959005,262.495573832912,3.53818226279967
11.7062408543922,181.514196255143,3.28511483173045
62.4043220990736,111.698461376458,4.44368635594687
619.47793196269,184.691418026182,4.26344544201419
261.787085683069,224.566235522562,3.99035392636565
581.52139266621,440.078128533763,3.60459772236897
295.551368225465,137.932592254045,3.95252860141206
531.95745264833,461.539775304986,3.61674178116765
39.5136990159247,414.906751075131,3.65258233995537
191.880656930012,283.863564384883,3.7334839463309
547.701826487299,263.613309700159,3.89536491041567
179.614993918763,26.6369191798876,4.34995559502491
501.461223276607,342.58455285683,4.70906681964115
42.270869708751,45.4507313560529,3.95691348607125
539.285239603277,137.461356232833,4.64601064592226
NA,NA,NA
658.692220475996,336.561558173404,3.51420418542261
454.788272345512,296.927215834089,3.64215033307469
11.4612910077043,500.212121960195,3.72465890945183
559.522597671054,48.2104966572983,4.19637892827251
74.5355471039519,370.822347322103,3.98729777567166
226.322678057496,417.298828266709,3.89671936532482
429.856903874786,12.0310187303539,3.1296394103229
362.743967655772,294.973284598901,3.15020366476413
604.858706050704,102.815365706982,4.10621210958457
391.797252187617,225.461457551599,4.24901943585949
572.283434417219,419.145596856966,4.76754132541758
135.536067441709,283.750931051553,4.64742913433172
197.004879188336,372.709898587115,4.17551905062967
124.769965767125,412.508867918176,3.42334937526863
624.378895746482,313.932097832953,4.60105639249957
-4.49728119805542,150.881002334894,4.23898914138701
538.455009192726,202.125852514788,4.20615390984186
36.1636771202652,492.043266135222,3.0284211365084
280.330722471587,22.415254596624,3.79020358215176
535.426905158502,389.374919871866,3.44386235983623
75.511520562451,77.0188694248818,5.28203006486866
3.93084976291278,75.509208333725,3.61140191632998
590.124052801167,232.5442793809,4.07490444857025
440.024336451759,461.780363070068,4.65631570047257
657.168137039443,371.368702910927,2.96417309558125
97.1704317430652,486.271739255971,4.32916324548498
625.095017012669,89.9280192508155,4.05366374837394
421.982776959005,262.495573832912,3.53818226279967
11.7062408543922,181.514196255143,3.28511483173045
62.4043220990736,111.698461376458,4.44368635594687
619.47793196269,184.691418026182,4.26344544201419
261.787085683069,224.566235522562,3.99035392636565
581.52139266621,440.078128533763,3.60459772236897
295.551368225465,137.932592254045,3.95252860141206
531.95745264833,461.539775304986,3.61674178116765
39.5136990159247,414.906751075131,3.65258233995537
191.880656930012,283.863564384883,3.7334839463309
547.701826487299,263.613309700159,3.89536491041567
179.614993918763,26.6369191798876,4.34995559502491
501.461223276607,342.58455285683,4.70906681964115
42.270869708751,45.4507313560529,3.95691348607125
539.285239603277,137.461356232833,4.64601064592226
NA,NA,NA
658.692220475996,336.561558173404,3.51420418542261
454.788272345512,296.927215834089,3.64215033307469
11.4612910077043,500.212121960195,3.72465890945183
559.522597671054,48.2104966572983,4.19637892827251
74.5355471039519,370.822347322103,3.98729777567166
226.322678057496,417.298828266709,3.89671936532482
429.856903874786,12.0310187303539,3.1296394103229
362.743967655772,294.973284598901,3.15020366476413
604.858706050704,102.815365706982,4.10621210958457
391.797252187617,225.461457551599,4.24901943585949
572.283434417219,419.145596856966,4.76754132541758
135.536067441709,283.750931051553,4.64742913433172
197.004879188336,372.709898587115,4.17551905062967
124.769965767125,412.508867918176,3.42334937526863
624.378895746482,313.932097832953,4.60105639249957
-4.49728119805542,150.881002334894,4.23898914138701
538.455009192726,202.125852514788,4.20615390984186
36.1636771202652,492.043266135222,3.0284211365084
280.330722471587,22.415254596624,3.79020358215176
535.426905158502,389.374919871866,3.44386235983623
75.511520562451,77.0188694248818,5.28203006486866
3.93084976291278,75.509208333725,3.61140191632998
590.124052801167,232.5442793809,4.07490444857025
440.024336451759,461.780363070068,4.65631570047257
657.168137039443,371.368702910927,2.96417309558125
97.1704317430652,486.271739255971,4.32916324548498
625.095017012669,89.9280192508155,4.05366374837394
421.982776959005,262.495573832912,3.53818226279967
11.7062408543922,181.514196255143,3.28511483173045
62.4043220990736,111.698461376458,4.44368635594687
619.47793196269,184.691418026182,4.26344544201419
261.787085683069,224.566235522562,3.99035392636565
581.52139266621,440.078128533763,3.60459772236897
295.551368225465,137.932592254045,3.95252860141206
531.95745264833,461.539775304986,3.61674178116765
39.5136990159247,414.906751075131,3.65258233995537
191.880656930012,283.863564384883,3.7334839463309
547.701826487299,263.613309700159,3.89536491041567
179.614993918763,26.6369191798876,4.34995559502491
501.461223276607,342.58455285683,4.70906681964115
42.270869708751,45.4507313560529,3.95691348607125
539.285239603277,137.461356232833,4.64601064592226
NA,NA,NA
658.692220475996,336.561558173404,3.51420418542261
454.788272345512,296.927215834089,3.64215033307469
11.4612910077043,500.212121960195,3.72465890945183
559.522597671054,48.2104966572983,4.19637892827251
74.5355471039519,370.822347322103,3.98729777567166
226.322678057496,417.298828266709,3.89671936532482
429.856903874786,12.0310187303539,3.1296394103229
362.743967655772,294.973284598901,3.15020366476413
604.858706050704,102.815365706982,4.10621210958457
391.797252187617,225.461457551599,4.24901943585949
572.283434417219,419.145596856966,4.76754132541758
135.536067441709,283.750931051553,4.64742913433172
197.004879188336,372.709898587115,4.17551905062967
124.769965767125,412.508867918176,3.42334937526863
624.378895746482,313.932097832953,4.60105639249957
-4.49728119805542,150.881002334894,4.23898914138701
538.455009192726,202.125852514788,4.20615390984186
36.1636771202652,492.043266135222,3.0284211365084
280.330722471587,22.415254596624,3.79020358215176
535.426905158502,389.374919871866,3.44386235983623
75.511520562451,77.0188694248818,5.28203006486866
3.93084976291278,75.509208333725,3.61140191632998
590.124052801167,232.5442793809,4.07490444857025
440.024336451759,461.780363070068,4.65631570047257
657.168137039443,371.368702910927,2.96417309558125
97.1704317430652,486.271739255971,4.32916324548498
625.095017012669,89.9280192508155,4.05366374837394
421.982776959005,262.495573832912,3.53818226279967
11.7062408543922,181.514196255143,3.28511483173045
62.4043220990736,111.698461376458,4.44368635594687
619.47793196269,184.691418026182,4.26344544201419
261.787085683069,224.566235522562,3.99035392636565
581.52139266621,440.078128533763,3.60459772236897
295.551368225465,137.932592254045,3.95252860141206
531.95745264833,461.539775304986,3.61674178116765
39.5136990159247,414.906751075131,3.65258233995537
191.880656930012,283.863564384883,3.7334839463309
547.701826487299,263.613309700159,3.89536491041567
179.614993918763,26.6369191798876,4.34995559502491
501.461223276607,342.58455285683,4.70906681964115
42.270869708751,45.4507313560529,3.95691348607125
539.285239603277,137.461356232833,4.64601064592226
NA,NA,NA
658.692220475996,336.561558173404,3.51420418542261
454.788272345512,296.927215834089,3.64215033307469
11.4612910077043,500.212121960195,3.72465890945183
559.522597671054,48.2104966572983,4.19637892827251
74.5355471039519,370.822347322103,3.98729777567166
226.322678057496,417.298828266709,3.89671936532482
429.856903874786,12.0310187303539,3.1296394103229
362.743967655772,294.973284598901,3.15020366476413
604.858706050704,102.815365706982,4.10621210958457
391.797252187617,225.461457551599,4.24901943585949
572.283434417219,419.145596856966,4.76754132541758
135.536067441709,283.750931051553,4.64742913433172
197.004879188336,372.709898587115,4.17551905062967
124.769965767125,412.508867918176,3.42334937526863
624.378895746482,313.932097832953,4.60105639249957
-4.49728119805542,150.881002334894,4.23898914138701
538.455009192726,202.125852514788,4.20615390984186
36.1636771202652,492.043266135222,3.0284211365084
280.330722471587,22.415254596624,3.79020358215176
535.426905158502,389.374919871866,3.44386235983623
75.511520562451,77.0188694248818,5.28203006486866
3.93084976291278,75.509208333725,3.61140191632998
590.124052801167,232.5442793809,4.07490444857025
440.024336451759,461.780363070068,4.65631570047257
657.168137039443,371.368702910927,2.96417309558125
97.1704317430652,486.271739255971,4.32916324548498
625.095017012669,89.9280192508155,4.05366374837394
421.982776959005,262.495573832912,3.53818226279967
11.7062408543922,181.514196255143,3.28511483173045
62.4043220990736,111.698461376458,4.44368635594687
619.47793196269,184.691418026182,4.26344544201419
261.787085683069,224.566235522562,3.99035392636565
581.52139266621,440.078128533763,3.60459772236897
295.551368225465,137.932592254045,3.95252860141206
531.95745264833,461.539775304986,3.61674178116765
39.5136990159247,414.906751075131,3.65258233995537
191.880656930012,283.863564384883,3.7334839463309
547.701826487299,263.613309700159,3.89536491041567
179.614993918763,26.6369191798876,4.34995559502491
501.461223276607,342.58455285683,4.70906681964115
42.270869708751,45.4507313560529,3.95691348607125
539.285239603277,137.461356232833,4.64601064592226
NA,NA,NA
658.692220475996,336.561558173404,3.51420418542261
454.788272345512,296.927215834089,3.64215033307469
11.4612910077043,500.212121960195,3.72465890945183
559.522597671054,48.2104966572983,4.19637892827251
74.5355471039519,370.822347322103,3.98729777567166
226.322678057496,417.298828266709,3.89671936532482
429.856903874786,12.0310187303539,3.1296394103229
362.743967655772,294.973284598901,3.15020366476413
604.858706050704,102.815365706982,4.10621210958457
391.797252187617,225.461457551599,4.24901943585949
572.283434417219,419.145596856966,4.76754132541758
135.536067441709,283.750931051553,4.64742913433172
197.004879188336,372.709898587115,4.17551905062967
124.769965767125,412.508867918176,3.42334937526863
624.378895746482,313.932097832953,4.60105639249957
-4.49728119805542,150.881002334894,4.23898914138701
538.455009192726,202.125852514788,4.20615390984186
36.1636771202652,492.043266135222,3.0284211365084
280.330722471587,22.415254596624,3.79020358215176
535.426905158502,389.374919871866,3.44386235983623
75.511520562451,77.0188694248818,5.28203006486866
3.93084976291278,75.509208333725,3.61140191632998
590.124052801167,232.5442793809,4.07490444857025
440.024336451759,461.780363070068,4.65631570047257
657.168137039443,371.368702910927,2.96417309558125
97.1704317430652,486.271739255971,4.32916324548498
625.095017012669,89.9280192508155,4.05366374837394
421.982776959005,262.495573832912,3.53818226279967
11.7062408543922,181.514196255143,3.28511483173045
62.4043220990736,111.698461376458,4.44368635594687
619.47793196269,184.691418026182,4.26344544201419
261.787085683069,224.566235522562,3.99035392636565
581.52139266621,440.078128533763,3.60459772236897
295.551368225465,137.932592254045,3.95252860141206
531.95745264833,461.539775304986,3.61674178116765
39.5136990159247,414.906751075131,3.65258233995537
191.880656930012,283.863564384883,3.7334839463309
547.701826487299,263.613309700159,3.89536491041567
179.614993918763,26.6369191798876,4.34995559502491
501.461223276607,342.58455285683,4.70906681964115
42.270869708751,45.4507313560529,3.95691348607125
539.285239603277,137.461356232833,4.64601064592226
NA,NA,NA
662.012367221893,334.780559339083,3.50752373114964
449.369469583326,301.856694420937,3.59677116350817
8.79704233425443,494.292083188495,3.72788210897803
558.824237930754,53.0308051785079,4.32947876848022
71.5282082414616,380.39798608969,3.94774873585062
228.279100432995,419.223128162789,3.84468936610043
428.367316954002,13.4978019027516,3.36709076270139
363.2999070725,291.260375649058,3.08045418556472
601.02171560987,100.511796031471,4.32873472798533
394.449400568828,228.096528028372,4.27731498321279
577.132101002318,402.805729987615,4.69056374296572
138.809000182417,284.108763908293,4.63780818487149
204.392619102027,371.931962600751,4.09419946077535
125.293098746266,410.412749072431,3.39423284994925
628.34568715719,312.187753463031,4.71029915711323
1.62601799062188,148.251145975754,4.30867205118641
542.885444947897,210.913051591101,4.21020196944319
34.6984013818391,492.05171525165,2.96074322910558
275.68274290822,24.0785076732304,4.0883998242313
530.911554255219,392.481586571608,3.44716082451044
70.2343390656093,76.6311947124964,5.21049004285844
6.4892960346811,77.5506478861095,3.40963216386387
584.561116621664,223.955209210436,3.96927499529275
441.853512604373,457.539931361148,4.73838106645587
655.698853911592,373.89948208881,3.07196544100064
110.121793162454,489.226108255922,4.26701829505645
626.707945882644,90.8396492611114,4.09571289098913
418.522330082805,259.734892085657,3.66394443805193
12.8202272670179,180.689565765742,3.34950442841404
66.4410719741009,105.997456902951,4.47155729702098
621.765609647336,197.327569380704,4.60154083302064
253.15687461897,213.900265810159,3.53636360813571
585.525483630136,441.216221935017,3.70455439969821
300.580710243261,134.745604494906,4.05652483052802
530.745817635011,460.82975965068,3.33366469084379
52.2076895033989,419.869714535733,3.94142821374428
199.106597794864,291.860588677064,3.85048328416719
556.811530600994,267.444042069156,3.79616278606488
169.147586560534,45.6053087049478,3.94790430751008
502.154967251669,340.025979904386,4.89344147808985
28.4845468024699,52.7252314847841,3.65349873116166
533.271086363406,154.680196592508,4.60400887177002
NA,NA,NA
662.012367221893,334.780559339083,3.50752373114964
449.369469583326,301.856694420937,3.59677116350817
8.79704233425443,494.292083188495,3.72788210897803
558.824237930754,53.0308051785079,4.32947876848022
71.5282082414616,380.39798608969,3.94774873585062
228.279100432995,419.223128162789,3.84468936610043
428.367316954002,13.4978019027516,3.36709076270139
363.2999070725,291.260375649058,3.08045418556472
601.02171560987,100.511796031471,4.32873472798533
394.449400568828,228.096528028372,4.27731498321279
577.132101002318,402.805729987615,4.69056374296572
138.809000182417,284.108763908293,4.63780818487149
204.392619102027,371.931962600751,4.09419946077535
125.293098746266,410.412749072431,3.39423284994925
628.34568715719,312.187753463031,4.71029915711323
1.62601799062188,148.251145975754,4.30867205118641
542.885444947897,210.913051591101,4.21020196944319
34.6984013818391,492.05171525165,2.96074322910558
275.68274290822,24.0785076732304,4.0883998242313
530.911554255219,392.481586571608,3.44716082451044
70.2343390656093,76.6311947124964,5.21049004285844
6.4892960346811,77.5506478861095,3.40963216386387
584.561116621664,223.955209210436,3.96927499529275
441.853512604373,457.539931361148,4.73838106645587
655.698853911592,373.89948208881,3.07196544100064
110.121793162454,489.226108255922,4.26701829505645
626.707945882644,90.8396492611114,4.09571289098913
418.522330082805,259.734892085657,3.66394443805193
12.8202272670179,180.689565765742,3.34950442841404
66.4410719741009,105.997456902951,4.47155729702098
621.765609647336,197.327569380704,4.60154083302064
253.15687461897,213.900265810159,3.53636360813571
585.525483630136,441.216221935017,3.70455439969821
300.580710243261,134.745604494906,4.05652483052802
530.745817635011,460.82975965068,3.33366469084379
52.2076895033989,419.869714535733,3.94142821374428
199.106597794864,291.860588677064,3.85048328416719
556.811530600994,267.444042069156,3.79616278606488
169.147586560534,45.6053087049478,3.94790430751008
502.154967251669,340.025979904386,4.89344147808985
28.4845468024699,52.7252314847841,3.65349873116166
533.271086363406,154.680196592508,4.60400887177002
NA,NA,NA
662.012367221893,334.780559339083,3.50752373114964
449.369469583326,301.856694420937,3.59677116350817
8.79704233425443,494.292083188495,3.72788210897803
558.824237930754,53.0308051785079,4.32947876848022
71.5282082414616,380.39798608969,3.94774873585062
228.279100432995,419.223128162789,3.84468936610043
428.367316954002,13.4978019027516,3.36709076270139
363.2999070725,291.260375649058,3.08045418556472
601.02171560987,100.511796031471,4.32873472798533
394.449400568828,228.096528028372,4.27731498321279
577.132101002318,402.805729987615,4.69056374296572
138.809000182417,284.108763908293,4.63780818487149
204.392619102027,371.931962600751,4.09419946077535
125.293098746266,410.412749072431,3.39423284994925
628.34568715719,312.187753463031,4.71029915711323
1.62601799062188,148.251145975754,4.30867205118641
542.885444947897,210.913051591101,4.21020196944319
34.6984013818391,492.05171525165,2.96074322910558
275.68274290822,24.0785076732304,4.0883998242313
530.911554255219,392.481586571608,3.44716082451044
70.2343390656093,76.6311947124964,5.21049004285844
6.4892960346811,77.5506478861095,3.40963216386387
584.561116621664,223.955209210436,3.96927499529275
441.853512604373,457.539931361148,4.73838106645587
655.698853911592,373.89948208881,3.07196544100064
110.121793162454,489.226108255922,4.26701829505645
626.707945882644,90.8396492611114,4.09571289098913
418.522330082805,259.734892085657,3.66394443805193
12.8202272670179,180.689565765742,3.34950442841404
66.4410719741009,105.997456902951,4.47155729702098
621.765609647336,197.327569380704,4.60154083302064
253.15687461897,213.900265810159,3.53636360813571
585.525483630136,441.216221935017,3.70455439969821
300.580710243261,134.745604494906,4.05652483052802
530.745817635011,460.82975965068,3.33366469084379
52.2076895033989,419.869714535733,3.94142821374428
199.106597794864,291.860588677064,3.85048328416719
556.811530600994,267.444042069156,3.79616278606488
169.147586560534,45.6053087049478,3.94790430751008
502.154967251669,340.025979904386,4.89344147808985
28.4845468024699,52.7252314847841,3.65349873116166
533.271086363406,154.680196592508,4.60400887177002
NA,NA,NA
662.012367221893,334.780559339083,3.50752373114964
449.369469583326,301.856694420937,3.59677116350817
8.79704233425443,494.292083188495,3.72788210897803
558.824237930754,53.0308051785079,4.32947876848022
71.5282082414616,380.39798608969,3.94774873585062
228.279100432995,419.223128162789,3.84468936610043
428.367316954002,13.4978019027516,3.36709076270139
363.2999070725,291.260375649058,3.08045418556472
601.02171560987,100.511796031471,4.32873472798533
394.449400568828,228.096528028372,4.27731498321279
577.132101002318,402.805729987615,4.69056374296572
138.809000182417,284.108763908293,4.63780818487149
204.392619102027,371.931962600751,4.09419946077535
125.293098746266,410.412749072431,3.39423284994925
628.34568715719,312.187753463031,4.71029915711323
1.62601799062188,148.251145975754,4.30867205118641
542.885444947897,210.913051591101,4.21020196944319
34.6984013818391,492.05171525165,2.96074322910558
275.68274290822,24.0785076732304,4.0883998242313
530.911554255219,392.481586571608,3.44716082451044
70.2343390656093,76.6311947124964,5.21049004285844
6.4892960346811,77.5506478861095,3.40963216386387
584.561116621664,223.955209210436,3.96927499529275
441.853512604373,457.539931361148,4.73838106645587
655.698853911592,373.89948208881,3.07196544100064
110.121793162454,489.226108255922,4.26701829505645
626.707945882644,90.8396492611114,4.09571289098913
418.522330082805,259.734892085657,3.66394443805193
12.8202272670179,180.689565765742,3.34950442841404
66.4410719741009,105.997456902951,4.47155729702098
621.765609647336,197.327569380704,4.60154083302064
253.15687461897,213.900265810159,3.53636360813571
585.525483630136,441.216221935017,3.70455439969821
300.580710243261,134.745604494906,4.05652483052802
530.745817635011,460.82975965068,3.33366469084379
52.2076895033989,419.869714535733,3.94142821374428
199.106597794864,291.860588677064,3.85048328416719
556.811530600994,267.444042069156,3.79616278606488
169.147586560534,45.6053087049478,3.94790430751008
502.154967251669,340.025979904386,4.89344147808985
28.4845468024699,52.7252314847841,3.65349873116166
533.271086363406,154.680196592508,4.60400887177002
NA,NA,NA
662.012367221893,334.780559339083,3.50752373114964
449.369469583326,301.856694420937,3.59677116350817
8.79704233425443,494.292083188495,3.72788210897803
558.824237930754,53.0308051785079,4.32947876848022
71.5282082414616,380.39798608969,3.94774873585062
228.279100432995,419.223128162789,3.84468936610043
428.367316954002,13.4978019027516,3.36709076270139
363.2999070725,291.260375649058,3.08045418556472
601.02171560987,100.511796031471,4.32873472798533
394.449400568828,228.096528028372,4.27731498321279
577.132101002318,402.805729987615,4.69056374296572
138.809000182417,284.108763908293,4.63780818487149
204.392619102027,371.931962600751,4.09419946077535
125.293098746266,410.412749072431,3.39423284994925
628.34568715719,312.187753463031,4.71029915711323
1.62601799062188,148.251145975754,4.30867205118641
542.885444947897,210.913051591101,4.21020196944319
34.6984013818391,492.05171525165,2.96074322910558
275.68274290822,24.0785076732304,4.0883998242313
530.911554255219,392.481586571608,3.44716082451044
70.2343390656093,76.6311947124964,5.21049004285844
6.4892960346811,77.5506478861095,3.40963216386387
584.561116621664,223.955209210436,3.96927499529275
441.853512604373,457.539931361148,4.73838106645587
655.698853911592,373.89948208881,3.07196544100064
110.121793162454,489.226108255922,4.26701829505645
626.707945882644,90.8396492611114,4.09571289098913
418.522330082805,259.734892085657,3.66394443805193
12.8202272670179,180.689565765742,3.34950442841404
66.4410719741009,105.997456902951,4.47155729702098
621.765609647336,197.327569380704,4.60154083302064
253.15687461897,213.900265810159,3.53636360813571
585.525483630136,441.216221935017,3.70455439969821
300.580710243261,134.745604494906,4.05652483052802
530.745817635011,460.82975965068,3.33366469084379
52.2076895033989,419.869714535733,3.94142821374428
199.106597794864,291.860588677064,3.85048328416719
556.811530600994,267.444042069156,3.79616278606488
169.147586560534,45.6053087049478,3.94790430751008
502.154967251669,340.025979904386,4.89344147808985
28.4845468024699,52.7252314847841,3.65349873116166
533.271086363406,154.680196592508,4.60400887177002
NA,NA,NA
662.012367221893,334.780559339083,3.50752373114964
449.369469583326,301.856694420937,3.59677116350817
8.79704233425443,494.292083188495,3.72788210897803
558.824237930754,53.0308051785079,4.32947876848022
71.5282082414616,380.39798608969,3.94774873585062
228.279100432995,419.223128162789,3.84468936610043
428.367316954002,13.4978019027516,3.36709076270139
363.2999070725,291.260375649058,3.08045418556472
601.02171560987,100.511796031471,4.32873472798533
394.449400568828,228.096528028372,4.27731498321279
577.132101002318,402.805729987615,4.69056374296572
138.809000182417,284.108763908293,4.63780818487149
204.392619102027,371.931962600751,4.09419946077535
125.293098746266,410.412749072431,3.39423284994925
628.34568715719,312.187753463031,4.71029915711323
1.62601799062188,148.251145975754,4.30867205118641
542.885444947897,210.913051591101,4.21020196944319
34.6984013818391,492.05171525165,2.96074322910558
275.68274290822,24.0785076732304,4.0883998242313
530.911554255219,392.481586571608,3.44716082451044
70.2343390656093,76.6311947124964,5.21049004285844
6.4892960346811,77.5506478861095,3.40963216386387
584.561116621664,223.955209210436,3.96927499529275
441.853512604373,457.539931361148,4.73838106645587
655.698853911592,373.89948208881,3.07196544100064
110.121793162454,489.226108255922,4.26701829505645
626.707945882644,90.8396492611114,4.09571289098913
418.522330082805,259.734892085657,3.66394443805193
12.8202272670179,180.689565765742,3.34950442841404
66.4410719741009,105.997456902951,4.47155729702098
621.765609647336,197.327569380704,4.60154083302064
253.15687461897,213.900265810159,3.53636360813571
585.525483630136,441.216221935017,3.70455439969821
300.580710243261,134.745604494906,4.05652483052802
530.745817635011,460.82975965068,3.33366469084379
52.2076895033989,419.869714535733,3.94142821374428
199.106597794864,291.860588677064,3.85048328416719
556.811530600994,267.444042069156,3.79616278606488
169.147586560534,45.6053087049478,3.94790430751008
502.154967251669,340.025979904386,4.89344147808985
28.4845468024699,52.7252314847841,3.65349873116166
533.271086363406,154.680196592508,4.60400887177002
NA,NA,NA
660.829076097319,333.921558568593,3.3886184441683
454.741313624745,295.159027339916,3.52710202371248
8.64909862418234,500.150008153725,3.63469950593417
560.139209515828,50.6382677720425,4.21676639444636
75.6089376942226,379.065654950275,3.9684369386766
230.103202850282,415.999611451151,3.94934186027892
427.806159497861,14.0656256530548,3.23790355445345
363.239052555578,292.595162528581,2.96384155972854
604.356129307861,103.059713727739,4.11128614651172
385.367794916956,227.235244841392,4.00398680552462
569.223758511625,406.480132767876,4.66659979458812
139.072156911222,275.682299361768,4.57853542100768
199.137085018161,369.314217458356,4.04025643792166
125.157680210065,412.550817932488,3.4118536585796
622.358063635033,310.498495838002,4.38279813678347
-0.837864442604618,144.060741991608,4.24024728560353
541.646582779196,202.855130063092,4.13553120888262
34.5866608683629,492.079687985964,2.98319336336816
282.721380119404,23.6577587524949,4.01989848700197
533.326337655477,395.600422191768,3.40219644749477
76.0488488693813,80.1579418576833,5.16034769002119
2.59326449388178,76.0650446908355,3.35699473759881
590.342284995231,226.505213730294,4.10455028744383
436.247929733479,457.680510408642,4.83902474527021
660.158741985768,373.480769682043,2.95379982847979
106.00009256379,483.007042869918,4.30316855698329
622.961437129976,89.2010424457331,4.10957387105908
420.175934118845,257.69244865137,3.73132262646154
10.0888716425592,181.952616839421,3.44550883788251
50.8719249022325,109.650039204817,4.46295258265085
612.082060987584,189.443713623678,4.33664149521486
259.395890410462,219.12307742338,3.74867133110423
577.150835236141,439.837570585568,3.95065294777964
301.529272321979,132.320305762824,3.97431386535723
525.012025581034,465.806853819609,3.4286399051144
49.9886469699187,417.602722840432,3.8388618051869
199.693943751384,294.213159946486,4.10885765941994
559.629421205574,264.077127365943,3.80235515470401
186.961585432358,18.5792761515757,3.95855267195773
506.15551511597,336.56366553252,4.60114573701775
41.4174451135561,50.9015970718231,3.82002067904354
538.271183530695,147.185471954372,4.3846216445257
NA,NA,NA
660.829076097319,333.921558568593,3.3886184441683
454.741313624745,295.159027339916,3.52710202371248
8.64909862418234,500.150008153725,3.63469950593417
560.139209515828,50.6382677720425,4.21676639444636
75.6089376942226,379.065654950275,3.9684369386766
230.103202850282,415.999611451151,3.94934186027892
427.806159497861,14.0656256530548,3.23790355445345
363.239052555578,292.595162528581,2.96384155972854
604.356129307861,103.059713727739,4.11128614651172
385.367794916956,227.235244841392,4.00398680552462
569.223758511625,406.480132767876,4.66659979458812
139.072156911222,275.682299361768,4.57853542100768
199.137085018161,369.314217458356,4.04025643792166
125.157680210065,412.550817932488,3.4118536585796
622.358063635033,310.498495838002,4.38279813678347
-0.837864442604618,144.060741991608,4.24024728560353
541.646582779196,202.855130063092,4.13553120888262
34.5866608683629,492.079687985964,2.98319336336816
282.721380119404,23.6577587524949,4.01989848700197
533.326337655477,395.600422191768,3.40219644749477
76.0488488693813,80.1579418576833,5.16034769002119
2.59326449388178,76.0650446908355,3.35699473759881
590.342284995231,226.505213730294,4.10455028744383
436.247929733479,457.680510408642,4.83902474527021
660.158741985768,373.480769682043,2.95379982847979
106.00009256379,483.007042869918,4.30316855698329
622.961437129976,89.2010424457331,4.10957387105908
420.175934118845,257.69244865137,3.73132262646154
10.0888716425592,181.952616839421,3.44550883788251
50.8719249022325,109.650039204817,4.46295258265085
612.082060987584,189.443713623678,4.33664149521486
259.395890410462,219.12307742338,3.74867133110423
577.150835236141,439.837570585568,3.95065294777964
301.529272321979,132.320305762824,3.97431386535723
525.012025581034,465.806853819609,3.4286399051144
49.9886469699187,417.602722840432,3.8388618051869
199.693943751384,294.213159946486,4.10885765941994
559.629421205574,264.077127365943,3.80235515470401
186.961585432358,18.5792761515757,3.95855267195773
506.15551511597,336.56366553252,4.60114573701775
41.4174451135561,50.9015970718231,3.82002067904354
538.271183530695,147.185471954372,4.3846216445257
NA,NA,NA
660.829076097319,333.921558568593,3.3886184441683
454.741313624745,295.159027339916,3.52710202371248
8.64909862418234,500.150008153725,3.63469950593417
560.139209515828,50.6382677720425,4.21676639444636
75.6089376942226,379.065654950275,3.9684369386766
230.103202850282,415.999611451151,3.94934186027892
427.806159497861,14.0656256530548,3.23790355445345
363.239052555578,292.595162528581,2.96384155972854
604.356129307861,103.059713727739,4.11128614651172
385.367794916956,227.235244841392,4.00398680552462
569.223758511625,406.480132767876,4.66659979458812
139.072156911222,275.682299361768,4.57853542100768
199.137085018161,369.314217458356,4.04025643792166
125.157680210065,412.550817932488,3.4118536585796
622.358063635033,310.498495838002,4.38279813678347
-0.837864442604618,144.060741991608,4.24024728560353
541.646582779196,202.855130063092,4.13553120888262
34.5866608683629,492.079687985964,2.98319336336816
282.721380119404,23.6577587524949,4.01989848700197
533.326337655477,395.600422191768,3.40219644749477
76.0488488693813,80.1579418576833,5.16034769002119
2.59326449388178,76.0650446908355,3.35699473759881
590.342284995231,226.505213730294,4.10455028744383
436.247929733479,457.680510408642,4.83902474527021
660.158741985768,373.480769682043,2.95379982847979
106.00009256379,483.007042869918,4.30316855698329
622.961437129976,89.2010424457331,4.10957387105908
420.175934118845,257.69244865137,3.73132262646154
10.0888716425592,181.952616839421,3.44550883788251
50.8719249022325,109.650039204817,4.46295258265085
612.082060987584,189.443713623678,4.33664149521486
259.395890410462,219.12307742338,3.74867133110423
577.150835236141,439.837570585568,3.95065294777964
301.529272321979,132.320305762824,3.97431386535723
525.012025581034,465.806853819609,3.4286399051144
49.9886469699187,417.602722840432,3.8388618051869
199.693943751384,294.213159946486,4.10885765941994
559.629421205574,264.077127365943,3.80235515470401
186.961585432358,18.5792761515757,3.95855267195773
506.15551511597,336.56366553252,4.60114573701775
41.4174451135561,50.9015970718231,3.82002067904354
538.271183530695,147.185471954372,4.3846216445257
NA,NA,NA
660.829076097319,333.921558568593,3.3886184441683
454.741313624745,295.159027339916,3.52710202371248
8.64909862418234,500.150008153725,3.63469950593417
560.139209515828,50.6382677720425,4.21676639444636
75.6089376942226,379.065654950275,3.9684369386766
230.103202850282,415.999611451151,3.94934186027892
427.806159497861,14.0656256530548,3.23790355445345
363.239052555578,292.595162528581,2.96384155972854
604.356129307861,103.059713727739,4.11128614651172
385.367794916956,227.235244841392,4.00398680552462
569.223758511625,406.480132767876,4.66659979458812
139.072156911222,275.682299361768,4.57853542100768
199.137085018161,369.314217458356,4.04025643792166
125.157680210065,412.550817932488,3.4118536585796
622.358063635033,310.498495838002,4.38279813678347
-0.837864442604618,144.060741991608,4.24024728560353
541.646582779196,202.855130063092,4.13553120888262
34.5866608683629,492.079687985964,2.98319336336816
282.721380119404,23.6577587524949,4.01989848700197
533.326337655477,395.600422191768,3.40219644749477
76.0488488693813,80.1579418576833,5.16034769002119
2.59326449388178,76.0650446908355,3.35699473759881
590.342284995231,226.505213730294,4.10455028744383
436.247929733479,457.680510408642,4.83902474527021
660.158741985768,373.480769682043,2.95379982847979
106.00009256379,483.007042869918,4.30316855698329
622.961437129976,89.2010424457331,4.10957387105908
420.175934118845,257.69244865137,3.73132262646154
10.0888716425592,181.952616839421,3.44550883788251
50.8719249022325,109.650039204817,4.46295258265085
612.082060987584,189.443713623678,4.33664149521486
259.395890410462,219.12307742338,3.74867133110423
577.150835236141,439.837570585568,3.95065294777964
301.529272321979,132.320305762824,3.97431386535723
525.012025581034,465.806853819609,3.4286399051144
49.9886469699187,417.602722840432,3.8388618051869
199.693943751384,294.213159946486,4.10885765941994
559.629421205574,264.077127365943,3.80235515470401
186.961585432358,18.5792761515757,3.95855267195773
506.15551511597,336.56366553252,4.60114573701775
41.4174451135561,50.9015970718231,3.82002067904354
538.271183530695,147.185471954372,4.3846216445257
NA,NA,NA
660.829076097319,333.921558568593,3.3886184441683
454.741313624745,295.159027339916,3.52710202371248
8.64909862418234,500.150008153725,3.63469950593417
560.139209515828,50.6382677720425,4.21676639444636
75.6089376942226,379.065654950275,3.9684369386766
230.103202850282,415.999611451151,3.94934186027892
427.806159497861,14.0656256530548,3.23790355445345
363.239052555578,292.595162528581,2.96384155972854
604.356129307861,103.059713727739,4.11128614651172
385.367794916956,227.235244841392,4.00398680552462
569.223758511625,406.480132767876,4.66659979458812
139.072156911222,275.682299361768,4.57853542100768
199.137085018161,369.314217458356,4.04025643792166
125.157680210065,412.550817932488,3.4118536585796
622.358063635033,310.498495838002,4.38279813678347
-0.837864442604618,144.060741991608,4.24024728560353
541.646582779196,202.855130063092,4.13553120888262
34.5866608683629,492.079687985964,2.98319336336816
282.721380119404,23.6577587524949,4.01989848700197
533.326337655477,395.600422191768,3.40219644749477
76.0488488693813,80.1579418576833,5.16034769002119
2.59326449388178,76.0650446908355,3.35699473759881
590.342284995231,226.505213730294,4.10455028744383
436.247929733479,457.680510408642,4.83902474527021
660.158741985768,373.480769682043,2.95379982847979
106.00009256379,483.007042869918,4.30316855698329
622.961437129976,89.2010424457331,4.10957387105908
420.175934118845,257.69244865137,3.73132262646154
10.0888716425592,181.952616839421,3.44550883788251
50.8719249022325,109.650039204817,4.46295258265085
612.082060987584,189.443713623678,4.33664149521486
259.395890410462,219.12307742338,3.74867133110423
577.150835236141,439.837570585568,3.95065294777964
301.529272321979,132.320305762824,3.97431386535723
525.012025581034,465.806853819609,3.4286399051144
49.9886469699187,417.602722840432,3.8388618051869
199.693943751384,294.213159946486,4.10885765941994
559.629421205574,264.077127365943,3.80235515470401
186.961585432358,18.5792761515757,3.95855267195773
506.15551511597,336.56366553252,4.60114573701775
41.4174451135561,50.9015970718231,3.82002067904354
538.271183530695,147.185471954372,4.3846216445257
NA,NA,NA
660.829076097319,333.921558568593,3.3886184441683
454.741313624745,295.159027339916,3.52710202371248
8.64909862418234,500.150008153725,3.63469950593417
560.139209515828,50.6382677720425,4.21676639444636
75.6089376942226,379.065654950275,3.9684369386766
230.103202850282,415.999611451151,3.94934186027892
427.806159497861,14.0656256530548,3.23790355445345
363.239052555578,292.595162528581,2.96384155972854
604.356129307861,103.059713727739,4.11128614651172
385.367794916956,227.235244841392,4.00398680552462
569.223758511625,406.480132767876,4.66659979458812
139.072156911222,275.682299361768,4.57853542100768
199.137085018161,369.314217458356,4.04025643792166
125.157680210065,412.550817932488,3.4118536585796
622.358063635033,310.498495838002,4.38279813678347
-0.837864442604618,144.060741991608,4.24024728560353
541.646582779196,202.855130063092,4.13553120888262
34.5866608683629,492.079687985964,2.98319336336816
282.721380119404,23.6577587524949,4.01989848700197
533.326337655477,395.600422191768,3.40219644749477
76.0488488693813,80.1579418576833,5.16034769002119
2.59326449388178,76.0650446908355,3.35699473759881
590.342284995231,226.505213730294,4.10455028744383
436.247929733479,457.680510408642,4.83902474527021
660.158741985768,373.480769682043,2.95379982847979
106.00009256379,483.007042869918,4.30316855698329
622.961437129976,89.2010424457331,4.10957387105908
420.175934118845,257.69244865137,3.73132262646154
10.0888716425592,181.952616839421,3.44550883788251
50.8719249022325,109.650039204817,4.46295258265085
612.082060987584,189.443713623678,4.33664149521486
259.395890410462,219.12307742338,3.74867133110423
577.150835236141,439.837570585568,3.95065294777964
301.529272321979,132.320305762824,3.97431386535723
525.012025581034,465.806853819609,3.4286399051144
49.9886469699187,417.602722840432,3.8388618051869
199.693943751384,294.213159946486,4.10885765941994
559.629421205574,264.077127365943,3.80235515470401
186.961585432358,18.5792761515757,3.95855267195773
506.15551511597,336.56366553252,4.60114573701775
41.4174451135561,50.9015970718231,3.82002067904354
538.271183530695,147.185471954372,4.3846216445257
NA,NA,NA
660.145045771071,337.038647270491,3.5544186658041
457.281149796726,296.99771650935,3.63919837737189
10.3133614818624,496.471406552865,3.50296501360106
562.080859045659,48.8421018595879,4.10851762972668
69.5928081219099,374.053908087796,3.94412013583028
226.984145068662,413.195060853182,3.82326639287782
427.588063926501,13.9355915915891,3.35742748384067
362.61385414916,290.393648295657,3.18061779434211
606.842729090981,107.156724734634,4.18885995780862
392.081870407514,229.764921033357,4.16425418543013
571.582225405907,413.024057231182,4.68952193577256
137.265259776192,277.308695777481,4.68072529679691
202.982117727766,363.860665142234,3.90346816395919
123.99271649227,411.812227829392,3.36714559009752
619.911064925829,310.674127495807,4.62163615548807
7.12870635188846,146.602957457048,4.24830912433578
545.914150956479,202.137561187405,4.13692224291311
33.4875508888144,491.884085469549,3.09717640553836
280.308242384924,21.476555906018,3.7222830798727
532.922666534239,391.749981318943,3.48500347599822
79.0203138348264,82.183214435855,5.24208288466922
2.38483962007553,75.4700086697413,3.36661635482395
586.568884441169,230.377588345954,4.00877494931273
442.868581553245,456.285618597309,4.78560904479541
660.410289536867,374.028103863,3.05634015467518
105.335774573001,485.610476668665,4.35967666758055
621.024376963818,89.4412858497614,4.06673777047998
418.595129568959,257.199987565097,3.68590050275784
11.780181671028,183.251238615754,3.00138243497555
60.8113323120534,122.194230312133,4.70204732147847
601.452936871464,186.401231339925,4.34937357450937
258.093385251686,209.519793816093,3.66619010776859
581.597644020828,423.495356426253,3.89685459642145
301.142053688766,136.024864066045,3.88112337123729
523.881844442267,459.864741495566,3.40947812457573
43.5881113495542,419.813763984259,3.9295670080984
207.738467428987,285.221007554499,4.09524016303296
554.417034575281,266.748788936976,3.59039346708687
170.024013667407,32.1682205100348,4.13418799983381
498.112428617076,334.372612758185,4.70261806238109
39.7468468093234,57.9625444441485,3.72656315193734
528.37326491647,152.719003982491,4.57318479639179
NA,NA,NA
660.145045771071,337.038647270491,3.5544186658041
457.281149796726,296.99771650935,3.63919837737189
10.3133614818624,496.471406552865,3.50296501360106
562.080859045659,48.8421018595879,4.10851762972668
69.5928081219099,374.053908087796,3.94412013583028
226.984145068662,413.195060853182,3.82326639287782
427.588063926501,13.9355915915891,3.35742748384067
362.61385414916,290.393648295657,3.18061779434211
606.842729090981,107.156724734634,4.18885995780862
392.081870407514,229.764921033357,4.16425418543013
571.582225405907,413.024057231182,4.68952193577256
137.265259776192,277.308695777481,4.68072529679691
202.982117727766,363.860665142234,3.90346816395919
123.99271649227,411.812227829392,3.36714559009752
619.911064925829,310.674127495807,4.62163615548807
7.12870635188846,146.602957457048,4.24830912433578
545.914150956479,202.137561187405,4.13692224291311
33.4875508888144,491.884085469549,3.09717640553836
280.308242384924,21.476555906018,3.7222830798727
532.922666534239,391.749981318943,3.48500347599822
79.0203138348264,82.183214435855,5.24208288466922
2.38483962007553,75.4700086697413,3.36661635482395
586.568884441169,230.377588345954,4.00877494931273
442.868581553245,456.285618597309,4.78560904479541
660.410289536867,374.028103863,3.05634015467518
105.335774573001,485.610476668665,4.35967666758055
621.024376963818,89.4412858497614,4.06673777047998
418.595129568959,257.199987565097,3.68590050275784
11.780181671028,183.251238615754,3.00138243497555
60.8113323120534,122.194230312133,4.70204732147847
601.452936871464,186.401231339925,4.34937357450937
258.093385251686,209.519793816093,3.66619010776859
581.597644020828,423.495356426253,3.89685459642145
301.142053688766,136.024864066045,3.88112337123729
523.881844442267,459.864741495566,3.40947812457573
43.5881113495542,419.813763984259,3.9295670080984
207.738467428987,285.221007554499,4.09524016303296
554.417034575281,266.748788936976,3.59039346708687
170.024013667407,32.1682205100348,4.13418799983381
498.112428617076,334.372612758185,4.70261806238109
39.7468468093234,57.9625444441485,3.72656315193734
528.37326491647,152.719003982491,4.57318479639179
NA,NA,NA
660.145045771071,337.038647270491,3.5544186658041
457.281149796726,296.99771650935,3.63919837737189
10.3133614818624,496.471406552865,3.50296501360106
562.080859045659,48.8421018595879,4.10851762972668
69.5928081219099,374.053908087796,3.94412013583028
226.984145068662,413.195060853182,3.82326639287782
427.588063926501,13.9355915915891,3.35742748384067
362.61385414916,290.393648295657,3.18061779434211
606.842729090981,107.156724734634,4.18885995780862
392.081870407514,229.764921033357,4.16425418543013
571.582225405907,413.024057231182,4.68952193577256
137.265259776192,277.308695777481,4.68072529679691
202.982117727766,363.860665142234,3.90346816395919
123.99271649227,411.812227829392,3.36714559009752
619.911064925829,310.674127495807,4.62163615548807
7.12870635188846,146.602957457048,4.24830912433578
545.914150956479,202.137561187405,4.13692224291311
33.4875508888144,491.884085469549,3.09717640553836
280.308242384924,21.476555906018,3.7222830798727
532.922666534239,391.749981318943,3.48500347599822
79.0203138348264,82.183214435855,5.24208288466922
2.38483962007553,75.4700086697413,3.36661635482395
586.568884441169,230.377588345954,4.00877494931273
442.868581553245,456.285618597309,4.78560904479541
660.410289536867,374.028103863,3.05634015467518
105.335774573001,485.610476668665,4.35967666758055
621.024376963818,89.4412858497614,4.06673777047998
418.595129568959,257.199987565097,3.68590050275784
11.780181671028,183.251238615754,3.00138243497555
60.8113323120534,122.194230312133,4.70204732147847
601.452936871464,186.401231339925,4.34937357450937
258.093385251686,209.519793816093,3.66619010776859
581.597644020828,423.495356426253,3.89685459642145
301.142053688766,136.024864066045,3.88112337123729
523.881844442267,459.864741495566,3.40947812457573
43.5881113495542,419.813763984259,3.9295670080984
207.738467428987,285.221007554499,4.09524016303296
554.417034575281,266.748788936976,3.59039346708687
170.024013667407,32.1682205100348,4.13418799983381
498.112428617076,334.372612758185,4.70261806238109
39.7468468093234,57.9625444441485,3.72656315193734
528.37326491647,152.719003982491,4.57318479639179
NA,NA,NA
660.145045771071,337.038647270491,3.5544186658041
457.281149796726,296.99771650935,3.63919837737189
10.3133614818624,496.471406552865,3.50296501360106
562.080859045659,48.8421018595879,4.10851762972668
69.5928081219099,374.053908087796,3.94412013583028
226.984145068662,413.195060853182,3.82326639287782
427.588063926501,13.9355915915891,3.35742748384067
362.61385414916,290.393648295657,3.18061779434211
606.842729090981,107.156724734634,4.18885995780862
392.081870407514,229.764921033357,4.16425418543013
571.582225405907,413.024057231182,4.68952193577256
137.265259776192,277.308695777481,4.68072529679691
202.982117727766,363.860665142234,3.90346816395919
123.99271649227,411.812227829392,3.36714559009752
619.911064925829,310.674127495807,4.62163615548807
7.12870635188846,146.602957457048,4.24830912433578
545.914150956479,202.137561187405,4.13692224291311
33.4875508888144,491.884085469549,3.09717640553836
280.308242384924,21.476555906018,3.7222830798727
532.922666534239,391.749981318943,3.48500347599822
79.0203138348264,82.183214435855,5.24208288466922
2.38483962007553,75.4700086697413,3.36661635482395
586.568884441169,230.377588345954,4.00877494931273
442.868581553245,456.285618597309,4.78560904479541
660.410289536867,374.028103863,3.05634015467518
105.335774573001,485.610476668665,4.35967666758055
621.024376963818,89.4412858497614,4.06673777047998
418.595129568959,257.199987565097,3.68590050275784
11.780181671028,183.251238615754,3.00138243497555
60.8113323120534,122.194230312133,4.70204732147847
601.452936871464,186.401231339925,4.34937357450937
258.093385251686,209.519793816093,3.66619010776859
581.597644020828,423.495356426253,3.89685459642145
301.142053688766,136.024864066045,3.88112337123729
523.881844442267,459.864741495566,3.40947812457573
43.5881113495542,419.813763984259,3.9295670080984
207.738467428987,285.221007554499,4.09524016303296
554.417034575281,266.748788936976,3.59039346708687
170.024013667407,32.1682205100348,4.13418799983381
498.112428617076,334.372612758185,4.70261806238109
39.7468468093234,57.9625444441485,3.72656315193734
528.37326491647,152.719003982491,4.57318479639179
NA,NA,NA
660.145045771071,337.038647270491,3.5544186658041
457.281149796726,296.99771650935,3.63919837737189
10.3133614818624,496.471406552865,3.50296501360106
562.080859045659,48.8421018595879,4.10851762972668
69.5928081219099,374.053908087796,3.94412013583028
226.984145068662,413.195060853182,3.82326639287782
427.588063926501,13.9355915915891,3.35742748384067
362.61385414916,290.393648295657,3.18061779434211
606.842729090981,107.156724734634,4.18885995780862
392.081870407514,229.764921033357,4.16425418543013
571.582225405907,413.024057231182,4.68952193577256
137.265259776192,277.308695777481,4.68072529679691
202.982117727766,363.860665142234,3.90346816395919
123.99271649227,411.812227829392,3.36714559009752
619.911064925829,310.674127495807,4.62163615548807
7.12870635188846,146.602957457048,4.24830912433578
545.914150956479,202.137561187405,4.13692224291311
33.4875508888144,491.884085469549,3.09717640553836
280.308242384924,21.476555906018,3.7222830798727
532.922666534239,391.749981318943,3.48500347599822
79.0203138348264,82.183214435855,5.24208288466922
2.38483962007553,75.4700086697413,3.36661635482395
586.568884441169,230.377588345954,4.00877494931273
442.868581553245,456.285618597309,4.78560904479541
660.410289536867,374.028103863,3.05634015467518
105.335774573001,485.610476668665,4.35967666758055
621.024376963818,89.4412858497614,4.06673777047998
418.595129568959,257.199987565097,3.68590050275784
11.780181671028,183.251238615754,3.00138243497555
60.8113323120534,122.194230312133,4.70204732147847
601.452936871464,186.401231339925,4.34937357450937
258.093385251686,209.519793816093,3.66619010776859
581.597644020828,423.495356426253,3.89685459642145
301.142053688766,136.024864066045,3.88112337123729
523.881844442267,459.864741495566,3.40947812457573
43.5881113495542,419.813763984259,3.9295670080984
207.738467428987,285.221007554499,4.09524016303296
554.417034575281,266.748788936976,3.59039346708687
170.024013667407,32.1682205100348,4.13418799983381
498.112428617076,334.372612758185,4.70261806238109
39.7468468093234,57.9625444441485,3.72656315193734
528.37326491647,152.719003982491,4.57318479639179
NA,NA,NA
660.145045771071,337.038647270491,3.5544186658041
457.281149796726,296.99771650935,3.63919837737189
10.3133614818624,496.471406552865,3.50296501360106
562.080859045659,48.8421018595879,4.10851762972668
69.5928081219099,374.053908087796,3.94412013583028
226.984145068662,413.195060853182,3.82326639287782
427.588063926501,13.9355915915891,3.35742748384067
362.61385414916,290.393648295657,3.18061779434211
606.842729090981,107.156724734634,4.18885995780862
392.081870407514,229.764921033357,4.16425418543013
571.582225405907,413.024057231182,4.68952193577256
137.265259776192,277.308695777481,4.68072529679691
202.982117727766,363.860665142234,3.90346816395919
123.99271649227,411.812227829392,3.36714559009752
619.911064925829,310.674127495807,4.62163615548807
7.12870635188846,146.602957457048,4.24830912433578
545.914150956479,202.137561187405,4.13692224291311
33.4875508888144,491.884085469549,3.09717640553836
280.308242384924,21.476555906018,3.7222830798727
532.922666534239,391.749981318943,3.48500347599822
79.0203138348264,82.183214435855,5.24208288466922
2.38483962007553,75.4700086697413,3.36661635482395
586.568884441169,230.377588345954,4.00877494931273
442.868581553245,456.285618597309,4.78560904479541
660.410289536867,374.028103863,3.05634015467518
105.335774573001,485.610476668665,4.35967666758055
621.024376963818,89.4412858497614,4.06673777047998
418.595129568959,257.199987565097,3.68590050275784
11.780181671028,183.251238615754,3.00138243497555
60.8113323120534,122.194230312133,4.70204732147847
601.452936871464,186.401231339925,4.34937357450937
258.093385251686,209.519793816093,3.66619010776859
581.597644020828,423.495356426253,3.89685459642145
301.142053688766,136.024864066045,3.88112337123729
523.881844442267,459.864741495566,3.40947812457573
43.5881113495542,419.813763984259,3.9295670080984
207.738467428987,285.221007554499,4.09524016303296
554.417034575281,266.748788936976,3.59039346708687
170.024013667407,32.1682205100348,4.13418799983381
498.112428617076,334.372612758185,4.70261806238109
39.7468468093234,57.9625444441485,3.72656315193734
528.37326491647,152.719003982491,4.57318479639179
NA,NA,NA
660.627154999139,334.236215796263,3.43442949424952
455.576457548009,299.872666011732,3.63283687210048
10.5126742397967,490.342988091639,3.68854115229249
562.055211516491,51.5759065119521,4.33939370472624
75.7695162122102,372.731881025148,3.96050620335987
228.890427307972,411.210363664074,3.95594178639662
430.809642166193,16.4880001989522,3.45031987759938
360.19437559937,292.248981725521,3.06645146718569
606.059170396727,106.8005819571,4.27204965887439
396.063875768053,230.463734135632,4.11490354329518
575.844457438257,408.655830952215,4.7563460619505
143.932473104766,285.220703348838,4.5519170781196
197.879074687244,372.168279653493,3.97229951069949
125.002818816807,404.830159116003,3.48444898985619
627.781661693747,308.962463835545,4.59587129334849
0.280358653002603,144.331100337004,4.20437531018539
543.562355692354,204.515163158539,4.15069118918558
33.8752989037924,491.77608819739,3.04210752768177
281.055837899536,24.1992456803204,3.76198447607299
532.335388556611,392.136840058399,3.40559363435118
70.7230861240748,88.0867773991571,5.18092415587974
6.43440049662902,74.710769269795,3.33681047574912
591.48030689087,223.685378817618,3.98955595163519
435.752669462974,460.455014955348,4.76311549589001
658.041827032994,372.531748290713,2.99661713457464
105.104053483771,486.098288160597,4.31573601423371
623.777599004709,89.9350935919582,4.02108334792096
421.417408477494,261.600577152136,3.71884046625131
10.3659721819672,180.785653188674,3.19185824111044
72.6517623570109,106.109656927721,4.38205612227447
601.483960593867,197.068915343903,4.37598314973763
264.544321983188,217.27996525395,3.74700617748527
574.839618980208,431.290507001594,3.88939153598775
298.812862696082,139.215561152199,3.88397050902997
535.051720480646,459.508618898107,3.42754793570121
41.6860935030731,405.505945774043,4.27206859151936
190.679754211955,294.76781130991,4.20793502543889
556.457500272603,264.906677947849,3.62936691361516
171.620583688204,22.4142706441775,4.58869688437663
504.22323735325,342.828402140197,4.56456696191654
35.2369928888889,64.8830669133862,3.88723599072508
540.849462264642,141.721406771117,4.28798100070337
NA,NA,NA
660.627154999139,334.236215796263,3.43442949424952
455.576457548009,299.872666011732,3.63283687210048
10.5126742397967,490.342988091639,3.68854115229249
562.055211516491,51.5759065119521,4.33939370472624
75.7695162122102,372.731881025148,3.96050620335987
228.890427307972,411.210363664074,3.95594178639662
430.809642166193,16.4880001989522,3.45031987759938
360.19437559937,292.248981725521,3.06645146718569
606.059170396727,106.8005819571,4.27204965887439
396.063875768053,230.463734135632,4.11490354329518
575.844457438257,408.655830952215,4.7563460619505
143.932473104766,285.220703348838,4.5519170781196
197.879074687244,372.168279653493,3.97229951069949
125.002818816807,404.830159116003,3.48444898985619
627.781661693747,308.962463835545,4.59587129334849
0.280358653002603,144.331100337004,4.20437531018539
543.562355692354,204.515163158539,4.15069118918558
33.8752989037924,491.77608819739,3.04210752768177
281.055837899536,24.1992456803204,3.76198447607299
532.335388556611,392.136840058399,3.40559363435118
70.7230861240748,88.0867773991571,5.18092415587974
6.43440049662902,74.710769269795,3.33681047574912
591.48030689087,223.685378817618,3.98955595163519
435.752669462974,460.455014955348,4.76311549589001
658.041827032994,372.531748290713,2.99661713457464
105.104053483771,486.098288160597,4.31573601423371
623.777599004709,89.9350935919582,4.02108334792096
421.417408477494,261.600577152136,3.71884046625131
10.3659721819672,180.785653188674,3.19185824111044
72.6517623570109,106.109656927721,4.38205612227447
601.483960593867,197.068915343903,4.37598314973763
264.544321983188,217.27996525395,3.74700617748527
574.839618980208,431.290507001594,3.88939153598775
298.812862696082,139.215561152199,3.88397050902997
535.051720480646,459.508618898107,3.42754793570121
41.6860935030731,405.505945774043,4.27206859151936
190.679754211955,294.76781130991,4.20793502543889
556.457500272603,264.906677947849,3.62936691361516
171.620583688204,22.4142706441775,4.58869688437663
504.22323735325,342.828402140197,4.56456696191654
35.2369928888889,64.8830669133862,3.88723599072508
540.849462264642,141.721406771117,4.28798100070337
NA,NA,NA
660.627154999139,334.236215796263,3.43442949424952
455.576457548009,299.872666011732,3.63283687210048
10.5126742397967,490.342988091639,3.68854115229249
562.055211516491,51.5759065119521,4.33939370472624
75.7695162122102,372.731881025148,3.96050620335987
228.890427307972,411.210363664074,3.95594178639662
430.809642166193,16.4880001989522,3.45031987759938
360.19437559937,292.248981725521,3.06645146718569
606.059170396727,106.8005819571,4.27204965887439
396.063875768053,230.463734135632,4.11490354329518
575.844457438257,408.655830952215,4.7563460619505
143.932473104766,285.220703348838,4.5519170781196
197.879074687244,372.168279653493,3.97229951069949
125.002818816807,404.830159116003,3.48444898985619
627.781661693747,308.962463835545,4.59587129334849
0.280358653002603,144.331100337004,4.20437531018539
543.562355692354,204.515163158539,4.15069118918558
33.8752989037924,491.77608819739,3.04210752768177
281.055837899536,24.1992456803204,3.76198447607299
532.335388556611,392.136840058399,3.40559363435118
70.7230861240748,88.0867773991571,5.18092415587974
6.43440049662902,74.710769269795,3.33681047574912
591.48030689087,223.685378817618,3.98955595163519
435.752669462974,460.455014955348,4.76311549589001
658.041827032994,372.531748290713,2.99661713457464
105.104053483771,486.098288160597,4.31573601423371
623.777599004709,89.9350935919582,4.02108334792096
421.417408477494,261.600577152136,3.71884046625131
10.3659721819672,180.785653188674,3.19185824111044
72.6517623570109,106.109656927721,4.38205612227447
601.483960593867,197.068915343903,4.37598314973763
264.544321983188,217.27996525395,3.74700617748527
574.839618980208,431.290507001594,3.88939153598775
298.812862696082,139.215561152199,3.88397050902997
535.051720480646,459.508618898107,3.42754793570121
41.6860935030731,405.505945774043,4.27206859151936
190.679754211955,294.76781130991,4.20793502543889
556.457500272603,264.906677947849,3.62936691361516
171.620583688204,22.4142706441775,4.58869688437663
504.22323735325,342.828402140197,4.56456696191654
35.2369928888889,64.8830669133862,3.88723599072508
540.849462264642,141.721406771117,4.28798100070337
NA,NA,NA
660.627154999139,334.236215796263,3.43442949424952
455.576457548009,299.872666011732,3.63283687210048
10.5126742397967,490.342988091639,3.68854115229249
562.055211516491,51.5759065119521,4.33939370472624
75.7695162122102,372.731881025148,3.96050620335987
228.890427307972,411.210363664074,3.95594178639662
430.809642166193,16.4880001989522,3.45031987759938
360.19437559937,292.248981725521,3.06645146718569
606.059170396727,106.8005819571,4.27204965887439
396.063875768053,230.463734135632,4.11490354329518
575.844457438257,408.655830952215,4.7563460619505
143.932473104766,285.220703348838,4.5519170781196
197.879074687244,372.168279653493,3.97229951069949
125.002818816807,404.830159116003,3.48444898985619
627.781661693747,308.962463835545,4.59587129334849
0.280358653002603,144.331100337004,4.20437531018539
543.562355692354,204.515163158539,4.15069118918558
33.8752989037924,491.77608819739,3.04210752768177
281.055837899536,24.1992456803204,3.76198447607299
532.335388556611,392.136840058399,3.40559363435118
70.7230861240748,88.0867773991571,5.18092415587974
6.43440049662902,74.710769269795,3.33681047574912
591.48030689087,223.685378817618,3.98955595163519
435.752669462974,460.455014955348,4.76311549589001
658.041827032994,372.531748290713,2.99661713457464
105.104053483771,486.098288160597,4.31573601423371
623.777599004709,89.9350935919582,4.02108334792096
421.417408477494,261.600577152136,3.71884046625131
10.3659721819672,180.785653188674,3.19185824111044
72.6517623570109,106.109656927721,4.38205612227447
601.483960593867,197.068915343903,4.37598314973763
264.544321983188,217.27996525395,3.74700617748527
574.839618980208,431.290507001594,3.88939153598775
298.812862696082,139.215561152199,3.88397050902997
535.051720480646,459.508618898107,3.42754793570121
41.6860935030731,405.505945774043,4.27206859151936
190.679754211955,294.76781130991,4.20793502543889
556.457500272603,264.906677947849,3.62936691361516
171.620583688204,22.4142706441775,4.58869688437663
504.22323735325,342.828402140197,4.56456696191654
35.2369928888889,64.8830669133862,3.88723599072508
540.849462264642,141.721406771117,4.28798100070337
NA,NA,NA
660.627154999139,334.236215796263,3.43442949424952
455.576457548009,299.872666011732,3.63283687210048
10.5126742397967,490.342988091639,3.68854115229249
562.055211516491,51.5759065119521,4.33939370472624
75.7695162122102,372.731881025148,3.96050620335987
228.890427307972,411.210363664074,3.95594178639662
430.809642166193,16.4880001989522,3.45031987759938
360.19437559937,292.248981725521,3.06645146718569
606.059170396727,106.8005819571,4.27204965887439
396.063875768053,230.463734135632,4.11490354329518
575.844457438257,408.655830952215,4.7563460619505
143.932473104766,285.220703348838,4.5519170781196
197.879074687244,372.168279653493,3.97229951069949
125.002818816807,404.830159116003,3.48444898985619
627.781661693747,308.962463835545,4.59587129334849
0.280358653002603,144.331100337004,4.20437531018539
543.562355692354,204.515163158539,4.15069118918558
33.8752989037924,491.77608819739,3.04210752768177
281.055837899536,24.1992456803204,3.76198447607299
532.335388556611,392.136840058399,3.40559363435118
70.7230861240748,88.0867773991571,5.18092415587974
6.43440049662902,74.710769269795,3.33681047574912
591.48030689087,223.685378817618,3.98955595163519
435.752669462974,460.455014955348,4.76311549589001
658.041827032994,372.531748290713,2.99661713457464
105.104053483771,486.098288160597,4.31573601423371
623.777599004709,89.9350935919582,4.02108334792096
421.417408477494,261.600577152136,3.71884046625131
10.3659721819672,180.785653188674,3.19185824111044
72.6517623570109,106.109656927721,4.38205612227447
601.483960593867,197.068915343903,4.37598314973763
264.544321983188,217.27996525395,3.74700617748527
574.839618980208,431.290507001594,3.88939153598775
298.812862696082,139.215561152199,3.88397050902997
535.051720480646,459.508618898107,3.42754793570121
41.6860935030731,405.505945774043,4.27206859151936
190.679754211955,294.76781130991,4.20793502543889
556.457500272603,264.906677947849,3.62936691361516
171.620583688204,22.4142706441775,4.58869688437663
504.22323735325,342.828402140197,4.56456696191654
35.2369928888889,64.8830669133862,3.88723599072508
540.849462264642,141.721406771117,4.28798100070337
NA,NA,NA
660.627154999139,334.236215796263,3.43442949424952
455.576457548009,299.872666011732,3.63283687210048
10.5126742397967,490.342988091639,3.68854115229249
562.055211516491,51.5759065119521,4.33939370472624
75.7695162122102,372.731881025148,3.96050620335987
228.890427307972,411.210363664074,3.95594178639662
430.809642166193,16.4880001989522,3.45031987759938
360.19437559937,292.248981725521,3.06645146718569
606.059170396727,106.8005819571,4.27204965887439
396.063875768053,230.463734135632,4.11490354329518
575.844457438257,408.655830952215,4.7563460619505
143.932473104766,285.220703348838,4.5519170781196
197.879074687244,372.168279653493,3.97229951069949
125.002818816807,404.830159116003,3.48444898985619
627.781661693747,308.962463835545,4.59587129334849
0.280358653002603,144.331100337004,4.20437531018539
543.562355692354,204.515163158539,4.15069118918558
33.8752989037924,491.77608819739,3.04210752768177
281.055837899536,24.1992456803204,3.76198447607299
532.335388556611,392.136840058399,3.40559363435118
70.7230861240748,88.0867773991571,5.18092415587974
6.43440049662902,74.710769269795,3.33681047574912
591.48030689087,223.685378817618,3.98955595163519
435.752669462974,460.455014955348,4.76311549589001
658.041827032994,372.531748290713,2.99661713457464
105.104053483771,486.098288160597,4.31573601423371
623.777599004709,89.9350935919582,4.02108334792096
421.417408477494,261.600577152136,3.71884046625131
10.3659721819672,180.785653188674,3.19185824111044
72.6517623570109,106.109656927721,4.38205612227447
601.483960593867,197.068915343903,4.37598314973763
264.544321983188,217.27996525395,3.74700617748527
574.839618980208,431.290507001594,3.88939153598775
298.812862696082,139.215561152199,3.88397050902997
535.051720480646,459.508618898107,3.42754793570121
41.6860935030731,405.505945774043,4.27206859151936
190.679754211955,294.76781130991,4.20793502543889
556.457500272603,264.906677947849,3.62936691361516
171.620583688204,22.4142706441775,4.58869688437663
504.22323735325,342.828402140197,4.56456696191654
35.2369928888889,64.8830669133862,3.88723599072508
540.849462264642,141.721406771117,4.28798100070337
NA,NA,NA
660.281207856846,334.192930311447,3.58133460921035
454.325547496148,298.412329575333,3.43890803325758
14.1203929997444,494.236901803257,3.58895625172281
559.051275678503,50.1171657585932,4.12390828905099
73.0183478096232,375.915318010161,3.88321084767338
227.065327920446,414.230117881231,3.85529310538301
426.190767918436,12.208531532106,3.4041668159738
361.660714851672,291.832593229902,3.06945109589599
603.221547652473,103.275226281938,4.1667896314441
395.152727126337,231.398339904955,4.25551975019193
569.290315330705,403.187244673992,4.70415090599413
139.797733648635,286.049869116608,4.53907267667774
201.762300556604,365.552556472944,4.03937061286788
121.92993168933,410.562408175399,3.45080815225713
627.119038611337,308.384796267544,4.49960410413783
0.878408388463448,145.371918225348,4.15401558956461
544.66461412679,204.751185590028,4.03015541918634
36.9109509264563,490.744961343795,2.99899490834091
275.760975838587,22.7443392104358,4.00289603513787
533.079257757172,392.697530711653,3.53981912027205
68.623850963197,77.2222185889961,5.32074682832938
7.52496088068382,74.9511430120068,3.28537820059354
594.056275084309,228.995292258619,4.06217965138294
440.13609796241,460.677821177687,4.74427745184489
658.990322969583,371.571861430407,2.87743143539692
103.409682788375,493.12012259189,4.41573332815105
620.809818211144,89.2761762666844,4.09432371023081
420.403832851731,258.477092191009,3.63556860278322
12.6776788473912,182.36077893942,3.32543300017656
64.5933265767166,116.978024026106,4.445359440439
612.569821558575,198.653060249447,4.27368523224801
254.507642509359,221.534323233118,3.63472748570402
576.62018673034,439.938019471603,3.94228827471816
295.805046072661,140.083811321197,3.84940238124591
529.903789815541,457.382673928893,3.559588432208
39.573105713378,417.275676822025,4.05680716875333
208.825595870159,291.100687959482,4.15566772957007
546.896949501021,271.679543726329,3.81884989211801
171.937376175157,37.4998028918867,4.21398932087122
506.522755258319,350.278774773027,4.50483699490748
41.3301747210157,59.9578918860641,3.83000906340311
528.119370782329,157.619383276317,4.67028755383314
NA,NA,NA
660.281207856846,334.192930311447,3.58133460921035
454.325547496148,298.412329575333,3.43890803325758
14.1203929997444,494.236901803257,3.58895625172281
559.051275678503,50.1171657585932,4.12390828905099
73.0183478096232,375.915318010161,3.88321084767338
227.065327920446,414.230117881231,3.85529310538301
426.190767918436,12.208531532106,3.4041668159738
361.660714851672,291.832593229902,3.06945109589599
603.221547652473,103.275226281938,4.1667896314441
395.152727126337,231.398339904955,4.25551975019193
569.290315330705,403.187244673992,4.70415090599413
139.797733648635,286.049869116608,4.53907267667774
201.762300556604,365.552556472944,4.03937061286788
121.92993168933,410.562408175399,3.45080815225713
627.119038611337,308.384796267544,4.49960410413783
0.878408388463448,145.371918225348,4.15401558956461
544.66461412679,204.751185590028,4.03015541918634
36.9109509264563,490.744961343795,2.99899490834091
275.760975838587,22.7443392104358,4.00289603513787
533.079257757172,392.697530711653,3.53981912027205
68.623850963197,77.2222185889961,5.32074682832938
7.52496088068382,74.9511430120068,3.28537820059354
594.056275084309,228.995292258619,4.06217965138294
440.13609796241,460.677821177687,4.74427745184489
658.990322969583,371.571861430407,2.87743143539692
103.409682788375,493.12012259189,4.41573332815105
620.809818211144,89.2761762666844,4.09432371023081
420.403832851731,258.477092191009,3.63556860278322
12.6776788473912,182.36077893942,3.32543300017656
64.5933265767166,116.978024026106,4.445359440439
612.569821558575,198.653060249447,4.27368523224801
254.507642509359,221.534323233118,3.63472748570402
576.62018673034,439.938019471603,3.94228827471816
295.805046072661,140.083811321197,3.84940238124591
529.903789815541,457.382673928893,3.559588432208
39.573105713378,417.275676822025,4.05680716875333
208.825595870159,291.100687959482,4.15566772957007
546.896949501021,271.679543726329,3.81884989211801
171.937376175157,37.4998028918867,4.21398932087122
506.522755258319,350.278774773027,4.50483699490748
41.3301747210157,59.9578918860641,3.83000906340311
528.119370782329,157.619383276317,4.67028755383314
NA,NA,NA
660.281207856846,334.192930311447,3.58133460921035
454.325547496148,298.412329575333,3.43890803325758
14.1203929997444,494.236901803257,3.58895625172281
559.051275678503,50.1171657585932,4.12390828905099
73.0183478096232,375.915318010161,3.88321084767338
227.065327920446,414.230117881231,3.85529310538301
426.190767918436,12.208531532106,3.4041668159738
361.660714851672,291.832593229902,3.06945109589599
603.221547652473,103.275226281938,4.1667896314441
395.152727126337,231.398339904955,4.25551975019193
569.290315330705,403.187244673992,4.70415090599413
139.797733648635,286.049869116608,4.53907267667774
201.762300556604,365.552556472944,4.03937061286788
121.92993168933,410.562408175399,3.45080815225713
627.119038611337,308.384796267544,4.49960410413783
0.878408388463448,145.371918225348,4.15401558956461
544.66461412679,204.751185590028,4.03015541918634
36.9109509264563,490.744961343795,2.99899490834091
275.760975838587,22.7443392104358,4.00289603513787
533.079257757172,392.697530711653,3.53981912027205
68.623850963197,77.2222185889961,5.32074682832938
7.52496088068382,74.9511430120068,3.28537820059354
594.056275084309,228.995292258619,4.06217965138294
440.13609796241,460.677821177687,4.74427745184489
658.990322969583,371.571861430407,2.87743143539692
103.409682788375,493.12012259189,4.41573332815105
620.809818211144,89.2761762666844,4.09432371023081
420.403832851731,258.477092191009,3.63556860278322
12.6776788473912,182.36077893942,3.32543300017656
64.5933265767166,116.978024026106,4.445359440439
612.569821558575,198.653060249447,4.27368523224801
254.507642509359,221.534323233118,3.63472748570402
576.62018673034,439.938019471603,3.94228827471816
295.805046072661,140.083811321197,3.84940238124591
529.903789815541,457.382673928893,3.559588432208
39.573105713378,417.275676822025,4.05680716875333
208.825595870159,291.100687959482,4.15566772957007
546.896949501021,271.679543726329,3.81884989211801
171.937376175157,37.4998028918867,4.21398932087122
506.522755258319,350.278774773027,4.50483699490748
41.3301747210157,59.9578918860641,3.83000906340311
528.119370782329,157.619383276317,4.67028755383314
NA,NA,NA
660.281207856846,334.192930311447,3.58133460921035
454.325547496148,298.412329575333,3.43890803325758
14.1203929997444,494.236901803257,3.58895625172281
559.051275678503,50.1171657585932,4.12390828905099
73.0183478096232,375.915318010161,3.88321084767338
227.065327920446,414.230117881231,3.85529310538301
426.190767918436,12.208531532106,3.4041668159738
361.660714851672,291.832593229902,3.06945109589599
603.221547652473,103.275226281938,4.1667896314441
395.152727126337,231.398339904955,4.25551975019193
569.290315330705,403.187244673992,4.70415090599413
139.797733648635,286.049869116608,4.53907267667774
201.762300556604,365.552556472944,4.03937061286788
121.92993168933,410.562408175399,3.45080815225713
627.119038611337,308.384796267544,4.49960410413783
0.878408388463448,145.371918225348,4.15401558956461
544.66461412679,204.751185590028,4.03015541918634
36.9109509264563,490.744961343795,2.99899490834091
275.760975838587,22.7443392104358,4.00289603513787
533.079257757172,392.697530711653,3.53981912027205
68.623850963197,77.2222185889961,5.32074682832938
7.52496088068382,74.9511430120068,3.28537820059354
594.056275084309,228.995292258619,4.06217965138294
440.13609796241,460.677821177687,4.74427745184489
658.990322969583,371.571861430407,2.87743143539692
103.409682788375,493.12012259189,4.41573332815105
620.809818211144,89.2761762666844,4.09432371023081
420.403832851731,258.477092191009,3.63556860278322
12.6776788473912,182.36077893942,3.32543300017656
64.5933265767166,116.978024026106,4.445359440439
612.569821558575,198.653060249447,4.27368523224801
254.507642509359,221.534323233118,3.63472748570402
576.62018673034,439.938019471603,3.94228827471816
295.805046072661,140.083811321197,3.84940238124591
529.903789815541,457.382673928893,3.559588432208
39.573105713378,417.275676822025,4.05680716875333
208.825595870159,291.100687959482,4.15566772957007
546.896949501021,271.679543726329,3.81884989211801
171.937376175157,37.4998028918867,4.21398932087122
506.522755258319,350.278774773027,4.50483699490748
41.3301747210157,59.9578918860641,3.83000906340311
528.119370782329,157.619383276317,4.67028755383314
NA,NA,NA
660.281207856846,334.192930311447,3.58133460921035
454.325547496148,298.412329575333,3.43890803325758
14.1203929997444,494.236901803257,3.58895625172281
559.051275678503,50.1171657585932,4.12390828905099
73.0183478096232,375.915318010161,3.88321084767338
227.065327920446,414.230117881231,3.85529310538301
426.190767918436,12.208531532106,3.4041668159738
361.660714851672,291.832593229902,3.06945109589599
603.221547652473,103.275226281938,4.1667896314441
395.152727126337,231.398339904955,4.25551975019193
569.290315330705,403.187244673992,4.70415090599413
139.797733648635,286.049869116608,4.53907267667774
201.762300556604,365.552556472944,4.03937061286788
121.92993168933,410.562408175399,3.45080815225713
627.119038611337,308.384796267544,4.49960410413783
0.878408388463448,145.371918225348,4.15401558956461
544.66461412679,204.751185590028,4.03015541918634
36.9109509264563,490.744961343795,2.99899490834091
275.760975838587,22.7443392104358,4.00289603513787
533.079257757172,392.697530711653,3.53981912027205
68.623850963197,77.2222185889961,5.32074682832938
7.52496088068382,74.9511430120068,3.28537820059354
594.056275084309,228.995292258619,4.06217965138294
440.13609796241,460.677821177687,4.74427745184489
658.990322969583,371.571861430407,2.87743143539692
103.409682788375,493.12012259189,4.41573332815105
620.809818211144,89.2761762666844,4.09432371023081
420.403832851731,258.477092191009,3.63556860278322
12.6776788473912,182.36077893942,3.32543300017656
64.5933265767166,116.978024026106,4.445359440439
612.569821558575,198.653060249447,4.27368523224801
254.507642509359,221.534323233118,3.63472748570402
576.62018673034,439.938019471603,3.94228827471816
295.805046072661,140.083811321197,3.84940238124591
529.903789815541,457.382673928893,3.559588432208
39.573105713378,417.275676822025,4.05680716875333
208.825595870159,291.100687959482,4.15566772957007
546.896949501021,271.679543726329,3.81884989211801
171.937376175157,37.4998028918867,4.21398932087122
506.522755258319,350.278774773027,4.50483699490748
41.3301747210157,59.9578918860641,3.83000906340311
528.119370782329,157.619383276317,4.67028755383314
NA,NA,NA
660.281207856846,334.192930311447,3.58133460921035
454.325547496148,298.412329575333,3.43890803325758
14.1203929997444,494.236901803257,3.58895625172281
559.051275678503,50.1171657585932,4.12390828905099
73.0183478096232,375.915318010161,3.88321084767338
227.065327920446,414.230117881231,3.85529310538301
426.190767918436,12.208531532106,3.4041668159738
361.660714851672,291.832593229902,3.06945109589599
603.221547652473,103.275226281938,4.1667896314441
395.152727126337,231.398339904955,4.25551975019193
569.290315330705,403.187244673992,4.70415090599413
139.797733648635,286.049869116608,4.53907267667774
201.762300556604,365.552556472944,4.03937061286788
121.92993168933,410.562408175399,3.45080815225713
627.119038611337,308.384796267544,4.49960410413783
0.878408388463448,145.371918225348,4.15401558956461
544.66461412679,204.751185590028,4.03015541918634
36.9109509264563,490.744961343795,2.99899490834091
275.760975838587,22.7443392104358,4.00289603513787
533.079257757172,392.697530711653,3.53981912027205
68.623850963197,77.2222185889961,5.32074682832938
7.52496088068382,74.9511430120068,3.28537820059354
594.056275084309,228.995292258619,4.06217965138294
440.13609796241,460.677821177687,4.74427745184489
658.990322969583,371.571861430407,2.87743143539692
103.409682788375,493.12012259189,4.41573332815105
620.809818211144,89.2761762666844,4.09432371023081
420.403832851731,258.477092191009,3.63556860278322
12.6776788473912,182.36077893942,3.32543300017656
64.5933265767166,116.978024026106,4.445359440439
612.569821558575,198.653060249447,4.27368523224801
254.507642509359,221.534323233118,3.63472748570402
576.62018673034,439.938019471603,3.94228827471816
295.805046072661,140.083811321197,3.84940238124591
529.903789815541,457.382673928893,3.559588432208
39.573105713378,417.275676822025,4.05680716875333
208.825595870159,291.100687959482,4.15566772957007
546.896949501021,271.679543726329,3.81884989211801
171.937376175157,37.4998028918867,4.21398932087122
506.522755258319,350.278774773027,4.50483699490748
41.3301747210157,59.9578918860641,3.83000906340311
528.119370782329,157.619383276317,4.67028755383314
NA,NA,NA
661.126584573942,332.715131185987,3.44962672282484
455.767552727419,300.245376004149,3.59065922055619
12.0647220635745,496.111165618317,3.56337069585636
559.22794965053,49.5258784838099,4.28976406437672
70.7676118921501,376.270849411842,3.96003889241043
233.309115795586,416.419414701379,3.85365031727265
428.401248804341,9.10592919962813,3.30045496900381
360.789627945725,292.332289684345,3.16665707159641
605.754785057893,103.771463683155,4.15168672239458
388.770151674999,226.320254553961,4.17205098664723
574.85043115671,409.82973017402,4.76640937888552
140.717551578155,276.491545932344,4.42945206825725
201.187407740112,371.493931812462,4.04182218829837
125.224208124894,409.448563370407,3.33309931174868
635.538087335858,309.469670516501,4.41848352000047
-0.22009663823527,146.068262917449,4.22800480529234
546.614807271613,207.782906930115,4.17701551161048
33.7686741662561,492.216169084885,2.98614629431607
280.846734460599,21.1670909489686,3.97709641950052
533.894725775955,391.134582156004,3.35581055839353
80.2587586677399,76.8130289201909,5.1909454353962
4.60085388253983,78.5800981500329,3.4810459462252
590.304102603057,227.349488314509,4.04161805327587
436.535147761049,460.872926876769,4.79311101097853
658.983662931772,375.08488007542,3.0519920648743
111.020290782133,488.017668037811,4.33726494739726
625.697305411159,92.8669518713049,4.12500757052956
421.261936532629,259.352845632569,3.57358974159499
14.5959914435524,184.828932460821,3.33419061050337
69.5481291918989,110.970240832843,4.43600055311383
620.567308703666,201.862087487278,4.35533789098961
253.761394654117,220.872169202109,3.80940528385391
570.876034533914,426.902856702147,3.71580557427842
300.569453681624,132.338129773785,3.95485165993816
530.17374475522,463.153737461868,3.48533654113723
58.7870190630837,423.333532752612,4.24338540687093
196.293379525439,281.291456487744,3.97233516486362
549.797608878584,262.798426759676,3.46107421526127
166.04807394875,35.3881867063258,4.57331605629768
505.372998052455,349.691944974212,4.53696224711788
47.5923824055897,50.7679021514839,4.12691512484636
546.391021123233,138.845949295224,4.64720554506104
NA,NA,NA
661.126584573942,332.715131185987,3.44962672282484
455.767552727419,300.245376004149,3.59065922055619
12.0647220635745,496.111165618317,3.56337069585636
559.22794965053,49.5258784838099,4.28976406437672
70.7676118921501,376.270849411842,3.96003889241043
233.309115795586,416.419414701379,3.85365031727265
428.401248804341,9.10592919962813,3.30045496900381
360.789627945725,292.332289684345,3.16665707159641
605.754785057893,103.771463683155,4.15168672239458
388.770151674999,226.320254553961,4.17205098664723
574.85043115671,409.82973017402,4.76640937888552
140.717551578155,276.491545932344,4.42945206825725
201.187407740112,371.493931812462,4.04182218829837
125.224208124894,409.448563370407,3.33309931174868
635.538087335858,309.469670516501,4.41848352000047
-0.22009663823527,146.068262917449,4.22800480529234
546.614807271613,207.782906930115,4.17701551161048
33.7686741662561,492.216169084885,2.98614629431607
280.846734460599,21.1670909489686,3.97709641950052
533.894725775955,391.134582156004,3.35581055839353
80.2587586677399,76.8130289201909,5.1909454353962
4.60085388253983,78.5800981500329,3.4810459462252
590.304102603057,227.349488314509,4.04161805327587
436.535147761049,460.872926876769,4.79311101097853
658.983662931772,375.08488007542,3.0519920648743
111.020290782133,488.017668037811,4.33726494739726
625.697305411159,92.8669518713049,4.12500757052956
421.261936532629,259.352845632569,3.57358974159499
14.5959914435524,184.828932460821,3.33419061050337
69.5481291918989,110.970240832843,4.43600055311383
620.567308703666,201.862087487278,4.35533789098961
253.761394654117,220.872169202109,3.80940528385391
570.876034533914,426.902856702147,3.71580557427842
300.569453681624,132.338129773785,3.95485165993816
530.17374475522,463.153737461868,3.48533654113723
58.7870190630837,423.333532752612,4.24338540687093
196.293379525439,281.291456487744,3.97233516486362
549.797608878584,262.798426759676,3.46107421526127
166.04807394875,35.3881867063258,4.57331605629768
505.372998052455,349.691944974212,4.53696224711788
47.5923824055897,50.7679021514839,4.12691512484636
546.391021123233,138.845949295224,4.64720554506104
NA,NA,NA
661.126584573942,332.715131185987,3.44962672282484
455.767552727419,300.245376004149,3.59065922055619
12.0647220635745,496.111165618317,3.56337069585636
559.22794965053,49.5258784838099,4.28976406437672
70.7676118921501,376.270849411842,3.96003889241043
233.309115795586,416.419414701379,3.85365031727265
428.401248804341,9.10592919962813,3.30045496900381
360.789627945725,292.332289684345,3.16665707159641
605.754785057893,103.771463683155,4.15168672239458
388.770151674999,226.320254553961,4.17205098664723
574.85043115671,409.82973017402,4.76640937888552
140.717551578155,276.491545932344,4.42945206825725
201.187407740112,371.493931812462,4.04182218829837
125.224208124894,409.448563370407,3.33309931174868
635.538087335858,309.469670516501,4.41848352000047
-0.22009663823527,146.068262917449,4.22800480529234
546.614807271613,207.782906930115,4.17701551161048
33.7686741662561,492.216169084885,2.98614629431607
280.846734460599,21.1670909489686,3.97709641950052
533.894725775955,391.134582156004,3.35581055839353
80.2587586677399,76.8130289201909,5.1909454353962
4.60085388253983,78.5800981500329,3.4810459462252
590.304102603057,227.349488314509,4.04161805327587
436.535147761049,460.872926876769,4.79311101097853
658.983662931772,375.08488007542,3.0519920648743
111.020290782133,488.017668037811,4.33726494739726
625.697305411159,92.8669518713049,4.12500757052956
421.261936532629,259.352845632569,3.57358974159499
14.5959914435524,184.828932460821,3.33419061050337
69.5481291918989,110.970240832843,4.43600055311383
620.567308703666,201.862087487278,4.35533789098961
253.761394654117,220.872169202109,3.80940528385391
570.876034533914,426.902856702147,3.71580557427842
300.569453681624,132.338129773785,3.95485165993816
530.17374475522,463.153737461868,3.48533654113723
58.7870190630837,423.333532752612,4.24338540687093
196.293379525439,281.291456487744,3.97233516486362
549.797608878584,262.798426759676,3.46107421526127
166.04807394875,35.3881867063258,4.57331605629768
505.372998052455,349.691944974212,4.53696224711788
47.5923824055897,50.7679021514839,4.12691512484636
546.391021123233,138.845949295224,4.64720554506104
NA,NA,NA
661.126584573942,332.715131185987,3.44962672282484
455.767552727419,300.245376004149,3.59065922055619
12.0647220635745,496.111165618317,3.56337069585636
559.22794965053,49.5258784838099,4.28976406437672
70.7676118921501,376.270849411842,3.96003889241043
233.309115795586,416.419414701379,3.85365031727265
428.401248804341,9.10592919962813,3.30045496900381
360.789627945725,292.332289684345,3.16665707159641
605.754785057893,103.771463683155,4.15168672239458
388.770151674999,226.320254553961,4.17205098664723
574.85043115671,409.82973017402,4.76640937888552
140.717551578155,276.491545932344,4.42945206825725
201.187407740112,371.493931812462,4.04182218829837
125.224208124894,409.448563370407,3.33309931174868
635.538087335858,309.469670516501,4.41848352000047
-0.22009663823527,146.068262917449,4.22800480529234
546.614807271613,207.782906930115,4.17701551161048
33.7686741662561,492.216169084885,2.98614629431607
280.846734460599,21.1670909489686,3.97709641950052
533.894725775955,391.134582156004,3.35581055839353
80.2587586677399,76.8130289201909,5.1909454353962
4.60085388253983,78.5800981500329,3.4810459462252
590.304102603057,227.349488314509,4.04161805327587
436.535147761049,460.872926876769,4.79311101097853
658.983662931772,375.08488007542,3.0519920648743
111.020290782133,488.017668037811,4.33726494739726
625.697305411159,92.8669518713049,4.12500757052956
421.261936532629,259.352845632569,3.57358974159499
14.5959914435524,184.828932460821,3.33419061050337
69.5481291918989,110.970240832843,4.43600055311383
620.567308703666,201.862087487278,4.35533789098961
253.761394654117,220.872169202109,3.80940528385391
570.876034533914,426.902856702147,3.71580557427842
300.569453681624,132.338129773785,3.95485165993816
530.17374475522,463.153737461868,3.48533654113723
58.7870190630837,423.333532752612,4.24338540687093
196.293379525439,281.291456487744,3.97233516486362
549.797608878584,262.798426759676,3.46107421526127
166.04807394875,35.3881867063258,4.57331605629768
505.372998052455,349.691944974212,4.53696224711788
47.5923824055897,50.7679021514839,4.12691512484636
546.391021123233,138.845949295224,4.64720554506104
NA,NA,NA
661.126584573942,332.715131185987,3.44962672282484
455.767552727419,300.245376004149,3.59065922055619
12.0647220635745,496.111165618317,3.56337069585636
559.22794965053,49.5258784838099,4.28976406437672
70.7676118921501,376.270849411842,3.96003889241043
233.309115795586,416.419414701379,3.85365031727265
428.401248804341,9.10592919962813,3.30045496900381
360.789627945725,292.332289684345,3.16665707159641
605.754785057893,103.771463683155,4.15168672239458
388.770151674999,226.320254553961,4.17205098664723
574.85043115671,409.82973017402,4.76640937888552
140.717551578155,276.491545932344,4.42945206825725
201.187407740112,371.493931812462,4.04182218829837
125.224208124894,409.448563370407,3.33309931174868
635.538087335858,309.469670516501,4.41848352000047
-0.22009663823527,146.068262917449,4.22800480529234
546.614807271613,207.782906930115,4.17701551161048
33.7686741662561,492.216169084885,2.98614629431607
280.846734460599,21.1670909489686,3.97709641950052
533.894725775955,391.134582156004,3.35581055839353
80.2587586677399,76.8130289201909,5.1909454353962
4.60085388253983,78.5800981500329,3.4810459462252
590.304102603057,227.349488314509,4.04161805327587
436.535147761049,460.872926876769,4.79311101097853
658.983662931772,375.08488007542,3.0519920648743
111.020290782133,488.017668037811,4.33726494739726
625.697305411159,92.8669518713049,4.12500757052956
421.261936532629,259.352845632569,3.57358974159499
14.5959914435524,184.828932460821,3.33419061050337
69.5481291918989,110.970240832843,4.43600055311383
620.567308703666,201.862087487278,4.35533789098961
253.761394654117,220.872169202109,3.80940528385391
570.876034533914,426.902856702147,3.71580557427842
300.569453681624,132.338129773785,3.95485165993816
530.17374475522,463.153737461868,3.48533654113723
58.7870190630837,423.333532752612,4.24338540687093
196.293379525439,281.291456487744,3.97233516486362
549.797608878584,262.798426759676,3.46107421526127
166.04807394875,35.3881867063258,4.57331605629768
505.372998052455,349.691944974212,4.53696224711788
47.5923824055897,50.7679021514839,4.12691512484636
546.391021123233,138.845949295224,4.64720554506104
NA,NA,NA
661.126584573942,332.715131185987,3.44962672282484
455.767552727419,300.245376004149,3.59065922055619
12.0647220635745,496.111165618317,3.56337069585636
559.22794965053,49.5258784838099,4.28976406437672
70.7676118921501,376.270849411842,3.96003889241043
233.309115795586,416.419414701379,3.85365031727265
428.401248804341,9.10592919962813,3.30045496900381
360.789627945725,292.332289684345,3.16665707159641
605.754785057893,103.771463683155,4.15168672239458
388.770151674999,226.320254553961,4.17205098664723
574.85043115671,409.82973017402,4.76640937888552
140.717551578155,276.491545932344,4.42945206825725
201.187407740112,371.493931812462,4.04182218829837
125.224208124894,409.448563370407,3.33309931174868
635.538087335858,309.469670516501,4.41848352000047
-0.22009663823527,146.068262917449,4.22800480529234
546.614807271613,207.782906930115,4.17701551161048
33.7686741662561,492.216169084885,2.98614629431607
280.846734460599,21.1670909489686,3.97709641950052
533.894725775955,391.134582156004,3.35581055839353
80.2587586677399,76.8130289201909,5.1909454353962
4.60085388253983,78.5800981500329,3.4810459462252
590.304102603057,227.349488314509,4.04161805327587
436.535147761049,460.872926876769,4.79311101097853
658.983662931772,375.08488007542,3.0519920648743
111.020290782133,488.017668037811,4.33726494739726
625.697305411159,92.8669518713049,4.12500757052956
421.261936532629,259.352845632569,3.57358974159499
14.5959914435524,184.828932460821,3.33419061050337
69.5481291918989,110.970240832843,4.43600055311383
620.567308703666,201.862087487278,4.35533789098961
253.761394654117,220.872169202109,3.80940528385391
570.876034533914,426.902856702147,3.71580557427842
300.569453681624,132.338129773785,3.95485165993816
530.17374475522,463.153737461868,3.48533654113723
58.7870190630837,423.333532752612,4.24338540687093
196.293379525439,281.291456487744,3.97233516486362
549.797608878584,262.798426759676,3.46107421526127
166.04807394875,35.3881867063258,4.57331605629768
505.372998052455,349.691944974212,4.53696224711788
47.5923824055897,50.7679021514839,4.12691512484636
546.391021123233,138.845949295224,4.64720554506104
NA,NA,NA
665.598154713113,331.207947808195,3.4926624246713
454.564467750845,299.368462125691,3.61719285143864
12.9950486621555,493.517403099296,3.56232856516936
567.767351039112,51.4095374504582,4.24673147319893
73.0008940164108,378.979292863594,3.95853524933122
227.513796246589,412.598396365006,3.82317406779505
429.966638932692,12.2102922881278,3.42564259601166
362.938373333367,293.938253252876,3.1833250422368
601.899986415475,101.475136360348,4.19085171016511
391.502914604967,231.137058129901,4.17950778168607
566.712498491198,413.295982271185,4.72556155906731
141.344106727213,283.256054350758,4.58541739010904
199.950730565089,368.609357897599,3.96971744783523
126.896108545647,409.758035231303,3.36691244356334
627.385933503779,309.200155448479,4.64179458843784
3.10976088812749,148.289479812119,4.28745649534377
546.005065106119,204.135339252924,3.99123620167508
33.8343210924435,491.470834544808,2.98263032538043
275.785003560868,24.219592984333,4.0473984873814
533.658888748453,392.277677796812,3.41316600394848
75.0253139119017,69.0393821217884,5.23397461297581
5.82229244536583,77.3475774906482,3.5509631871068
585.794767307484,223.623014400293,3.88259087033691
441.577928537151,465.532182080861,4.67636041629405
658.234810199755,372.885197964932,3.05746254525097
103.250766959237,487.285010203741,4.43768045395379
621.439602796662,86.9513207019457,4.06841551028586
420.523287737563,256.239852477463,3.62138704107985
11.7620196258033,181.807760833324,3.22017857170863
61.9684533597167,126.481391362435,4.53929040161735
605.831060415752,191.79664219496,4.38495507890424
263.530358835056,214.536874204237,3.79009578418199
583.766918895409,438.603287997004,3.67605921657845
304.619733275599,137.34462487671,3.82602120655108
531.837732591655,448.087698515394,3.73572001278791
36.6428682895107,418.215697730705,3.93144540911334
189.522299612982,285.386864792632,3.98675872793997
546.966692290944,267.235783909816,3.58768907263827
167.481473395439,28.7635766840338,3.93433994701055
501.481326099214,344.545726998213,4.57126319183876
48.2299047790008,50.2470160264241,3.52169094044363
532.912134086383,135.18023392015,4.84703647648588
NA,NA,NA
665.598154713113,331.207947808195,3.4926624246713
454.564467750845,299.368462125691,3.61719285143864
12.9950486621555,493.517403099296,3.56232856516936
567.767351039112,51.4095374504582,4.24673147319893
73.0008940164108,378.979292863594,3.95853524933122
227.513796246589,412.598396365006,3.82317406779505
429.966638932692,12.2102922881278,3.42564259601166
362.938373333367,293.938253252876,3.1833250422368
601.899986415475,101.475136360348,4.19085171016511
391.502914604967,231.137058129901,4.17950778168607
566.712498491198,413.295982271185,4.72556155906731
141.344106727213,283.256054350758,4.58541739010904
199.950730565089,368.609357897599,3.96971744783523
126.896108545647,409.758035231303,3.36691244356334
627.385933503779,309.200155448479,4.64179458843784
3.10976088812749,148.289479812119,4.28745649534377
546.005065106119,204.135339252924,3.99123620167508
33.8343210924435,491.470834544808,2.98263032538043
275.785003560868,24.219592984333,4.0473984873814
533.658888748453,392.277677796812,3.41316600394848
75.0253139119017,69.0393821217884,5.23397461297581
5.82229244536583,77.3475774906482,3.5509631871068
585.794767307484,223.623014400293,3.88259087033691
441.577928537151,465.532182080861,4.67636041629405
658.234810199755,372.885197964932,3.05746254525097
103.250766959237,487.285010203741,4.43768045395379
621.439602796662,86.9513207019457,4.06841551028586
420.523287737563,256.239852477463,3.62138704107985
11.7620196258033,181.807760833324,3.22017857170863
61.9684533597167,126.481391362435,4.53929040161735
605.831060415752,191.79664219496,4.38495507890424
263.530358835056,214.536874204237,3.79009578418199
583.766918895409,438.603287997004,3.67605921657845
304.619733275599,137.34462487671,3.82602120655108
531.837732591655,448.087698515394,3.73572001278791
36.6428682895107,418.215697730705,3.93144540911334
189.522299612982,285.386864792632,3.98675872793997
546.966692290944,267.235783909816,3.58768907263827
167.481473395439,28.7635766840338,3.93433994701055
501.481326099214,344.545726998213,4.57126319183876
48.2299047790008,50.2470160264241,3.52169094044363
532.912134086383,135.18023392015,4.84703647648588
NA,NA,NA
665.598154713113,331.207947808195,3.4926624246713
454.564467750845,299.368462125691,3.61719285143864
12.9950486621555,493.517403099296,3.56232856516936
567.767351039112,51.4095374504582,4.24673147319893
73.0008940164108,378.979292863594,3.95853524933122
227.513796246589,412.598396365006,3.82317406779505
429.966638932692,12.2102922881278,3.42564259601166
362.938373333367,293.938253252876,3.1833250422368
601.899986415475,101.475136360348,4.19085171016511
391.502914604967,231.137058129901,4.17950778168607
566.712498491198,413.295982271185,4.72556155906731
141.344106727213,283.256054350758,4.58541739010904
199.950730565089,368.609357897599,3.96971744783523
126.896108545647,409.758035231303,3.36691244356334
627.385933503779,309.200155448479,4.64179458843784
3.10976088812749,148.289479812119,4.28745649534377
546.005065106119,204.135339252924,3.99123620167508
33.8343210924435,491.470834544808,2.98263032538043
275.785003560868,24.219592984333,4.0473984873814
533.658888748453,392.277677796812,3.41316600394848
75.0253139119017,69.0393821217884,5.23397461297581
5.82229244536583,77.3475774906482,3.5509631871068
585.794767307484,223.623014400293,3.88259087033691
441.577928537151,465.532182080861,4.67636041629405
658.234810199755,372.885197964932,3.05746254525097
103.250766959237,487.285010203741,4.43768045395379
621.439602796662,86.9513207019457,4.06841551028586
420.523287737563,256.239852477463,3.62138704107985
11.7620196258033,181.807760833324,3.22017857170863
61.9684533597167,126.481391362435,4.53929040161735
605.831060415752,191.79664219496,4.38495507890424
263.530358835056,214.536874204237,3.79009578418199
583.766918895409,438.603287997004,3.67605921657845
304.619733275599,137.34462487671,3.82602120655108
531.837732591655,448.087698515394,3.73572001278791
36.6428682895107,418.215697730705,3.93144540911334
189.522299612982,285.386864792632,3.98675872793997
546.966692290944,267.235783909816,3.58768907263827
167.481473395439,28.7635766840338,3.93433994701055
501.481326099214,344.545726998213,4.57126319183876
48.2299047790008,50.2470160264241,3.52169094044363
532.912134086383,135.18023392015,4.84703647648588
NA,NA,NA
665.598154713113,331.207947808195,3.4926624246713
454.564467750845,299.368462125691,3.61719285143864
12.9950486621555,493.517403099296,3.56232856516936
567.767351039112,51.4095374504582,4.24673147319893
73.0008940164108,378.979292863594,3.95853524933122
227.513796246589,412.598396365006,3.82317406779505
429.966638932692,12.2102922881278,3.42564259601166
362.938373333367,293.938253252876,3.1833250422368
601.899986415475,101.475136360348,4.19085171016511
391.502914604967,231.137058129901,4.17950778168607
566.712498491198,413.295982271185,4.72556155906731
141.344106727213,283.256054350758,4.58541739010904
199.950730565089,368.609357897599,3.96971744783523
126.896108545647,409.758035231303,3.36691244356334
627.385933503779,309.200155448479,4.64179458843784
3.10976088812749,148.289479812119,4.28745649534377
546.005065106119,204.135339252924,3.99123620167508
33.8343210924435,491.470834544808,2.98263032538043
275.785003560868,24.219592984333,4.0473984873814
533.658888748453,392.277677796812,3.41316600394848
75.0253139119017,69.0393821217884,5.23397461297581
5.82229244536583,77.3475774906482,3.5509631871068
585.794767307484,223.623014400293,3.88259087033691
441.577928537151,465.532182080861,4.67636041629405
658.234810199755,372.885197964932,3.05746254525097
103.250766959237,487.285010203741,4.43768045395379
621.439602796662,86.9513207019457,4.06841551028586
420.523287737563,256.239852477463,3.62138704107985
11.7620196258033,181.807760833324,3.22017857170863
61.9684533597167,126.481391362435,4.53929040161735
605.831060415752,191.79664219496,4.38495507890424
263.530358835056,214.536874204237,3.79009578418199
583.766918895409,438.603287997004,3.67605921657845
304.619733275599,137.34462487671,3.82602120655108
531.837732591655,448.087698515394,3.73572001278791
36.6428682895107,418.215697730705,3.93144540911334
189.522299612982,285.386864792632,3.98675872793997
546.966692290944,267.235783909816,3.58768907263827
167.481473395439,28.7635766840338,3.93433994701055
501.481326099214,344.545726998213,4.57126319183876
48.2299047790008,50.2470160264241,3.52169094044363
532.912134086383,135.18023392015,4.84703647648588
NA,NA,NA
665.598154713113,331.207947808195,3.4926624246713
454.564467750845,299.368462125691,3.61719285143864
12.9950486621555,493.517403099296,3.56232856516936
567.767351039112,51.4095374504582,4.24673147319893
73.0008940164108,378.979292863594,3.95853524933122
227.513796246589,412.598396365006,3.82317406779505
429.966638932692,12.2102922881278,3.42564259601166
362.938373333367,293.938253252876,3.1833250422368
601.899986415475,101.475136360348,4.19085171016511
391.502914604967,231.137058129901,4.17950778168607
566.712498491198,413.295982271185,4.72556155906731
141.344106727213,283.256054350758,4.58541739010904
199.950730565089,368.609357897599,3.96971744783523
126.896108545647,409.758035231303,3.36691244356334
627.385933503779,309.200155448479,4.64179458843784
3.10976088812749,148.289479812119,4.28745649534377
546.005065106119,204.135339252924,3.99123620167508
33.8343210924435,491.470834544808,2.98263032538043
275.785003560868,24.219592984333,4.0473984873814
533.658888748453,392.277677796812,3.41316600394848
75.0253139119017,69.0393821217884,5.23397461297581
5.82229244536583,77.3475774906482,3.5509631871068
585.794767307484,223.623014400293,3.88259087033691
441.577928537151,465.532182080861,4.67636041629405
658.234810199755,372.885197964932,3.05746254525097
103.250766959237,487.285010203741,4.43768045395379
621.439602796662,86.9513207019457,4.06841551028586
420.523287737563,256.239852477463,3.62138704107985
11.7620196258033,181.807760833324,3.22017857170863
61.9684533597167,126.481391362435,4.53929040161735
605.831060415752,191.79664219496,4.38495507890424
263.530358835056,214.536874204237,3.79009578418199
583.766918895409,438.603287997004,3.67605921657845
304.619733275599,137.34462487671,3.82602120655108
531.837732591655,448.087698515394,3.73572001278791
36.6428682895107,418.215697730705,3.93144540911334
189.522299612982,285.386864792632,3.98675872793997
546.966692290944,267.235783909816,3.58768907263827
167.481473395439,28.7635766840338,3.93433994701055
501.481326099214,344.545726998213,4.57126319183876
48.2299047790008,50.2470160264241,3.52169094044363
532.912134086383,135.18023392015,4.84703647648588
NA,NA,NA
665.598154713113,331.207947808195,3.4926624246713
454.564467750845,299.368462125691,3.61719285143864
12.9950486621555,493.517403099296,3.56232856516936
567.767351039112,51.4095374504582,4.24673147319893
73.0008940164108,378.979292863594,3.95853524933122
227.513796246589,412.598396365006,3.82317406779505
429.966638932692,12.2102922881278,3.42564259601166
362.938373333367,293.938253252876,3.1833250422368
601.899986415475,101.475136360348,4.19085171016511
391.502914604967,231.137058129901,4.17950778168607
566.712498491198,413.295982271185,4.72556155906731
141.344106727213,283.256054350758,4.58541739010904
199.950730565089,368.609357897599,3.96971744783523
126.896108545647,409.758035231303,3.36691244356334
627.385933503779,309.200155448479,4.64179458843784
3.10976088812749,148.289479812119,4.28745649534377
546.005065106119,204.135339252924,3.99123620167508
33.8343210924435,491.470834544808,2.98263032538043
275.785003560868,24.219592984333,4.0473984873814
533.658888748453,392.277677796812,3.41316600394848
75.0253139119017,69.0393821217884,5.23397461297581
5.82229244536583,77.3475774906482,3.5509631871068
585.794767307484,223.623014400293,3.88259087033691
441.577928537151,465.532182080861,4.67636041629405
658.234810199755,372.885197964932,3.05746254525097
103.250766959237,487.285010203741,4.43768045395379
621.439602796662,86.9513207019457,4.06841551028586
420.523287737563,256.239852477463,3.62138704107985
11.7620196258033,181.807760833324,3.22017857170863
61.9684533597167,126.481391362435,4.53929040161735
605.831060415752,191.79664219496,4.38495507890424
263.530358835056,214.536874204237,3.79009578418199
583.766918895409,438.603287997004,3.67605921657845
304.619733275599,137.34462487671,3.82602120655108
531.837732591655,448.087698515394,3.73572001278791
36.6428682895107,418.215697730705,3.93144540911334
189.522299612982,285.386864792632,3.98675872793997
546.966692290944,267.235783909816,3.58768907263827
167.481473395439,28.7635766840338,3.93433994701055
501.481326099214,344.545726998213,4.57126319183876
48.2299047790008,50.2470160264241,3.52169094044363
532.912134086383,135.18023392015,4.84703647648588
NA,NA,NA
662.765011645018,337.924378281939,3.53717966927762
456.962497403686,298.305836514795,3.67818556305533
10.2706158122324,497.520780695879,3.64860172891423
560.684487246406,52.1406526961488,4.03004885242428
71.5692857873696,380.39882180959,4.02213475694478
226.344079540196,412.085063839072,3.83577072261025
427.189289549357,11.4708465217334,3.38865431703951
362.59153330344,292.905659562456,3.12695458499501
610.969271796531,107.675888628923,4.24808429362264
393.530478472313,227.914015854212,4.20926690562699
570.734975509341,405.865527583253,4.75182114314334
142.722189267152,280.195025836549,4.5839771322186
202.71697791667,368.371379232072,3.97713189740537
123.175194690327,411.738394994874,3.44127146644194
625.501906671382,309.340058457971,4.59933291619988
-1.4850768956557,152.020126951844,4.27743775879298
542.667029235732,202.590641715392,4.04164995691744
34.8549651320225,493.701682270436,2.94220562981506
278.631070830303,21.9233693881012,3.84587543508487
532.980069021424,393.959635083589,3.6535965283037
77.6237211928135,78.4134806697543,5.21802070757009
6.76325973643928,75.3847452758124,3.58519278331287
586.846554528232,225.437440154437,3.97924444687962
436.040030981795,460.381232797622,4.69386270973222
658.699455125037,372.171854358582,3.11634827792308
104.875803991142,483.619526409586,4.33924357151308
625.449594966411,90.894799877668,4.14025511313863
417.784089704357,261.310704973411,3.65009873404233
11.2832605316318,182.808096505297,3.17603686786118
52.0710030160079,105.532304522564,4.41199963878831
614.754799402372,185.812744305152,4.26473401130139
257.440875534416,218.085494332698,3.78003784823517
570.073735173896,438.061878837159,3.86531154315298
302.050262920562,136.789163114008,3.80637240851533
526.469244093264,455.343281928562,3.42756136118717
42.903538062605,421.648295910477,3.77027456923674
196.99026140289,289.618584483262,3.48602733524974
545.39211078952,263.15003113234,3.76497022852859
168.169632696225,49.1266887778215,4.22597690157601
504.86370548485,348.122745678725,4.27506585563014
45.3728112343906,41.4512083330733,4.72475223626092
526.783771865788,149.042060653838,4.60370086035029
NA,NA,NA
662.765011645018,337.924378281939,3.53717966927762
456.962497403686,298.305836514795,3.67818556305533
10.2706158122324,497.520780695879,3.64860172891423
560.684487246406,52.1406526961488,4.03004885242428
71.5692857873696,380.39882180959,4.02213475694478
226.344079540196,412.085063839072,3.83577072261025
427.189289549357,11.4708465217334,3.38865431703951
362.59153330344,292.905659562456,3.12695458499501
610.969271796531,107.675888628923,4.24808429362264
393.530478472313,227.914015854212,4.20926690562699
570.734975509341,405.865527583253,4.75182114314334
142.722189267152,280.195025836549,4.5839771322186
202.71697791667,368.371379232072,3.97713189740537
123.175194690327,411.738394994874,3.44127146644194
625.501906671382,309.340058457971,4.59933291619988
-1.4850768956557,152.020126951844,4.27743775879298
542.667029235732,202.590641715392,4.04164995691744
34.8549651320225,493.701682270436,2.94220562981506
278.631070830303,21.9233693881012,3.84587543508487
532.980069021424,393.959635083589,3.6535965283037
77.6237211928135,78.4134806697543,5.21802070757009
6.76325973643928,75.3847452758124,3.58519278331287
586.846554528232,225.437440154437,3.97924444687962
436.040030981795,460.381232797622,4.69386270973222
658.699455125037,372.171854358582,3.11634827792308
104.875803991142,483.619526409586,4.33924357151308
625.449594966411,90.894799877668,4.14025511313863
417.784089704357,261.310704973411,3.65009873404233
11.2832605316318,182.808096505297,3.17603686786118
52.0710030160079,105.532304522564,4.41199963878831
614.754799402372,185.812744305152,4.26473401130139
257.440875534416,218.085494332698,3.78003784823517
570.073735173896,438.061878837159,3.86531154315298
302.050262920562,136.789163114008,3.80637240851533
526.469244093264,455.343281928562,3.42756136118717
42.903538062605,421.648295910477,3.77027456923674
196.99026140289,289.618584483262,3.48602733524974
545.39211078952,263.15003113234,3.76497022852859
168.169632696225,49.1266887778215,4.22597690157601
504.86370548485,348.122745678725,4.27506585563014
45.3728112343906,41.4512083330733,4.72475223626092
526.783771865788,149.042060653838,4.60370086035029
NA,NA,NA
662.765011645018,337.924378281939,3.53717966927762
456.962497403686,298.305836514795,3.67818556305533
10.2706158122324,497.520780695879,3.64860172891423
560.684487246406,52.1406526961488,4.03004885242428
71.5692857873696,380.39882180959,4.02213475694478
226.344079540196,412.085063839072,3.83577072261025
427.189289549357,11.4708465217334,3.38865431703951
362.59153330344,292.905659562456,3.12695458499501
610.969271796531,107.675888628923,4.24808429362264
393.530478472313,227.914015854212,4.20926690562699
570.734975509341,405.865527583253,4.75182114314334
142.722189267152,280.195025836549,4.5839771322186
202.71697791667,368.371379232072,3.97713189740537
123.175194690327,411.738394994874,3.44127146644194
625.501906671382,309.340058457971,4.59933291619988
-1.4850768956557,152.020126951844,4.27743775879298
542.667029235732,202.590641715392,4.04164995691744
34.8549651320225,493.701682270436,2.94220562981506
278.631070830303,21.9233693881012,3.84587543508487
532.980069021424,393.959635083589,3.6535965283037
77.6237211928135,78.4134806697543,5.21802070757009
6.76325973643928,75.3847452758124,3.58519278331287
586.846554528232,225.437440154437,3.97924444687962
436.040030981795,460.381232797622,4.69386270973222
658.699455125037,372.171854358582,3.11634827792308
104.875803991142,483.619526409586,4.33924357151308
625.449594966411,90.894799877668,4.14025511313863
417.784089704357,261.310704973411,3.65009873404233
11.2832605316318,182.808096505297,3.17603686786118
52.0710030160079,105.532304522564,4.41199963878831
614.754799402372,185.812744305152,4.26473401130139
257.440875534416,218.085494332698,3.78003784823517
570.073735173896,438.061878837159,3.86531154315298
302.050262920562,136.789163114008,3.80637240851533
526.469244093264,455.343281928562,3.42756136118717
42.903538062605,421.648295910477,3.77027456923674
196.99026140289,289.618584483262,3.48602733524974
545.39211078952,263.15003113234,3.76497022852859
168.169632696225,49.1266887778215,4.22597690157601
504.86370548485,348.122745678725,4.27506585563014
45.3728112343906,41.4512083330733,4.72475223626092
526.783771865788,149.042060653838,4.60370086035029
NA,NA,NA
662.765011645018,337.924378281939,3.53717966927762
456.962497403686,298.305836514795,3.67818556305533
10.2706158122324,497.520780695879,3.64860172891423
560.684487246406,52.1406526961488,4.03004885242428
71.5692857873696,380.39882180959,4.02213475694478
226.344079540196,412.085063839072,3.83577072261025
427.189289549357,11.4708465217334,3.38865431703951
362.59153330344,292.905659562456,3.12695458499501
610.969271796531,107.675888628923,4.24808429362264
393.530478472313,227.914015854212,4.20926690562699
570.734975509341,405.865527583253,4.75182114314334
142.722189267152,280.195025836549,4.5839771322186
202.71697791667,368.371379232072,3.97713189740537
123.175194690327,411.738394994874,3.44127146644194
625.501906671382,309.340058457971,4.59933291619988
-1.4850768956557,152.020126951844,4.27743775879298
542.667029235732,202.590641715392,4.04164995691744
34.8549651320225,493.701682270436,2.94220562981506
278.631070830303,21.9233693881012,3.84587543508487
532.980069021424,393.959635083589,3.6535965283037
77.6237211928135,78.4134806697543,5.21802070757009
6.76325973643928,75.3847452758124,3.58519278331287
586.846554528232,225.437440154437,3.97924444687962
436.040030981795,460.381232797622,4.69386270973222
658.699455125037,372.171854358582,3.11634827792308
104.875803991142,483.619526409586,4.33924357151308
625.449594966411,90.894799877668,4.14025511313863
417.784089704357,261.310704973411,3.65009873404233
11.2832605316318,182.808096505297,3.17603686786118
52.0710030160079,105.532304522564,4.41199963878831
614.754799402372,185.812744305152,4.26473401130139
257.440875534416,218.085494332698,3.78003784823517
570.073735173896,438.061878837159,3.86531154315298
302.050262920562,136.789163114008,3.80637240851533
526.469244093264,455.343281928562,3.42756136118717
42.903538062605,421.648295910477,3.77027456923674
196.99026140289,289.618584483262,3.48602733524974
545.39211078952,263.15003113234,3.76497022852859
168.169632696225,49.1266887778215,4.22597690157601
504.86370548485,348.122745678725,4.27506585563014
45.3728112343906,41.4512083330733,4.72475223626092
526.783771865788,149.042060653838,4.60370086035029
NA,NA,NA
662.765011645018,337.924378281939,3.53717966927762
456.962497403686,298.305836514795,3.67818556305533
10.2706158122324,497.520780695879,3.64860172891423
560.684487246406,52.1406526961488,4.03004885242428
71.5692857873696,380.39882180959,4.02213475694478
226.344079540196,412.085063839072,3.83577072261025
427.189289549357,11.4708465217334,3.38865431703951
362.59153330344,292.905659562456,3.12695458499501
610.969271796531,107.675888628923,4.24808429362264
393.530478472313,227.914015854212,4.20926690562699
570.734975509341,405.865527583253,4.75182114314334
142.722189267152,280.195025836549,4.5839771322186
202.71697791667,368.371379232072,3.97713189740537
123.175194690327,411.738394994874,3.44127146644194
625.501906671382,309.340058457971,4.59933291619988
-1.4850768956557,152.020126951844,4.27743775879298
542.667029235732,202.590641715392,4.04164995691744
34.8549651320225,493.701682270436,2.94220562981506
278.631070830303,21.9233693881012,3.84587543508487
532.980069021424,393.959635083589,3.6535965283037
77.6237211928135,78.4134806697543,5.21802070757009
6.76325973643928,75.3847452758124,3.58519278331287
586.846554528232,225.437440154437,3.97924444687962
436.040030981795,460.381232797622,4.69386270973222
658.699455125037,372.171854358582,3.11634827792308
104.875803991142,483.619526409586,4.33924357151308
625.449594966411,90.894799877668,4.14025511313863
417.784089704357,261.310704973411,3.65009873404233
11.2832605316318,182.808096505297,3.17603686786118
52.0710030160079,105.532304522564,4.41199963878831
614.754799402372,185.812744305152,4.26473401130139
257.440875534416,218.085494332698,3.78003784823517
570.073735173896,438.061878837159,3.86531154315298
302.050262920562,136.789163114008,3.80637240851533
526.469244093264,455.343281928562,3.42756136118717
42.903538062605,421.648295910477,3.77027456923674
196.99026140289,289.618584483262,3.48602733524974
545.39211078952,263.15003113234,3.76497022852859
168.169632696225,49.1266887778215,4.22597690157601
504.86370548485,348.122745678725,4.27506585563014
45.3728112343906,41.4512083330733,4.72475223626092
526.783771865788,149.042060653838,4.60370086035029
NA,NA,NA
662.765011645018,337.924378281939,3.53717966927762
456.962497403686,298.305836514795,3.67818556305533
10.2706158122324,497.520780695879,3.64860172891423
560.684487246406,52.1406526961488,4.03004885242428
71.5692857873696,380.39882180959,4.02213475694478
226.344079540196,412.085063839072,3.83577072261025
427.189289549357,11.4708465217334,3.38865431703951
362.59153330344,292.905659562456,3.12695458499501
610.969271796531,107.675888628923,4.24808429362264
393.530478472313,227.914015854212,4.20926690562699
570.734975509341,405.865527583253,4.75182114314334
142.722189267152,280.195025836549,4.5839771322186
202.71697791667,368.371379232072,3.97713189740537
123.175194690327,411.738394994874,3.44127146644194
625.501906671382,309.340058457971,4.59933291619988
-1.4850768956557,152.020126951844,4.27743775879298
542.667029235732,202.590641715392,4.04164995691744
34.8549651320225,493.701682270436,2.94220562981506
278.631070830303,21.9233693881012,3.84587543508487
532.980069021424,393.959635083589,3.6535965283037
77.6237211928135,78.4134806697543,5.21802070757009
6.76325973643928,75.3847452758124,3.58519278331287
586.846554528232,225.437440154437,3.97924444687962
436.040030981795,460.381232797622,4.69386270973222
658.699455125037,372.171854358582,3.11634827792308
104.875803991142,483.619526409586,4.33924357151308
625.449594966411,90.894799877668,4.14025511313863
417.784089704357,261.310704973411,3.65009873404233
11.2832605316318,182.808096505297,3.17603686786118
52.0710030160079,105.532304522564,4.41199963878831
614.754799402372,185.812744305152,4.26473401130139
257.440875534416,218.085494332698,3.78003784823517
570.073735173896,438.061878837159,3.86531154315298
302.050262920562,136.789163114008,3.80637240851533
526.469244093264,455.343281928562,3.42756136118717
42.903538062605,421.648295910477,3.77027456923674
196.99026140289,289.618584483262,3.48602733524974
545.39211078952,263.15003113234,3.76497022852859
168.169632696225,49.1266887778215,4.22597690157601
504.86370548485,348.122745678725,4.27506585563014
45.3728112343906,41.4512083330733,4.72475223626092
526.783771865788,149.042060653838,4.60370086035029
NA,NA,NA
661.962244036831,338.063866957072,3.64507915414571
455.532865539142,296.495599810449,3.69777207223192
14.243363159136,495.57271913904,3.56464554945202
561.211344818872,46.2066119637708,4.21019765624013
72.8076368261136,375.162935174122,3.92969300361942
228.792702283253,413.109234120625,3.84747264720758
428.431703923756,15.629440101507,3.55415436725002
363.018298514118,293.446022040634,2.9459599588445
603.657759371007,107.232615594783,4.31665067145334
397.12985382893,233.669790807685,4.37476273580917
572.323648007383,412.488896898308,4.60286914191801
137.173415241968,282.749834459994,4.52699619761995
201.031993540599,367.932931894677,4.05440421766708
126.618730097934,413.011472684416,3.48067075541019
624.655142594623,315.75309688915,4.61698260295588
0.318252040317546,145.482187105152,4.35631076115462
541.830250236713,202.256521829056,4.16583108346356
34.2837910519505,492.41169060982,3.03124569557817
279.527975139787,23.9136386477164,3.89228669157343
532.393855117406,392.519264483854,3.48495617758073
69.2581334637061,77.9862632404377,5.25611937915668
3.90598265826958,73.0584448224757,3.58461950238942
587.098316808331,228.994893265904,3.99732463211238
444.997013534693,462.91204963018,4.7613429966514
658.055675733419,375.773680631701,3.00738736174866
106.501450317688,488.74090243629,4.3241838981572
620.058732520181,95.6073247576848,4.07234911812418
417.637282500211,257.318042199743,3.57763738531476
11.2418413274403,182.044285353716,3.11827916770696
57.4077831047661,111.305898916255,4.76846436646401
605.798714919226,200.618255346115,4.65904322554084
256.959809024857,224.798469251032,3.74148466481412
571.685889915109,431.740372228931,3.76731255167246
301.417571284638,137.963114574668,3.85918870588171
529.086049985311,457.866360424357,3.75601592634781
40.9843768030233,418.377653559621,3.99625512267728
189.071547296762,291.560211233668,4.30418061046699
549.320438444948,264.508486601635,3.70915725038569
154.818957802793,38.33147742742,4.26579475635313
515.029496821447,355.58882096207,4.56985626081652
45.4873576801296,47.0759991167474,4.00708783085584
518.362072407275,144.970517218795,4.41320076264106
NA,NA,NA
661.962244036831,338.063866957072,3.64507915414571
455.532865539142,296.495599810449,3.69777207223192
14.243363159136,495.57271913904,3.56464554945202
561.211344818872,46.2066119637708,4.21019765624013
72.8076368261136,375.162935174122,3.92969300361942
228.792702283253,413.109234120625,3.84747264720758
428.431703923756,15.629440101507,3.55415436725002
363.018298514118,293.446022040634,2.9459599588445
603.657759371007,107.232615594783,4.31665067145334
397.12985382893,233.669790807685,4.37476273580917
572.323648007383,412.488896898308,4.60286914191801
137.173415241968,282.749834459994,4.52699619761995
201.031993540599,367.932931894677,4.05440421766708
126.618730097934,413.011472684416,3.48067075541019
624.655142594623,315.75309688915,4.61698260295588
0.318252040317546,145.482187105152,4.35631076115462
541.830250236713,202.256521829056,4.16583108346356
34.2837910519505,492.41169060982,3.03124569557817
279.527975139787,23.9136386477164,3.89228669157343
532.393855117406,392.519264483854,3.48495617758073
69.2581334637061,77.9862632404377,5.25611937915668
3.90598265826958,73.0584448224757,3.58461950238942
587.098316808331,228.994893265904,3.99732463211238
444.997013534693,462.91204963018,4.7613429966514
658.055675733419,375.773680631701,3.00738736174866
106.501450317688,488.74090243629,4.3241838981572
620.058732520181,95.6073247576848,4.07234911812418
417.637282500211,257.318042199743,3.57763738531476
11.2418413274403,182.044285353716,3.11827916770696
57.4077831047661,111.305898916255,4.76846436646401
605.798714919226,200.618255346115,4.65904322554084
256.959809024857,224.798469251032,3.74148466481412
571.685889915109,431.740372228931,3.76731255167246
301.417571284638,137.963114574668,3.85918870588171
529.086049985311,457.866360424357,3.75601592634781
40.9843768030233,418.377653559621,3.99625512267728
189.071547296762,291.560211233668,4.30418061046699
549.320438444948,264.508486601635,3.70915725038569
154.818957802793,38.33147742742,4.26579475635313
515.029496821447,355.58882096207,4.56985626081652
45.4873576801296,47.0759991167474,4.00708783085584
518.362072407275,144.970517218795,4.41320076264106
NA,NA,NA
661.962244036831,338.063866957072,3.64507915414571
455.532865539142,296.495599810449,3.69777207223192
14.243363159136,495.57271913904,3.56464554945202
561.211344818872,46.2066119637708,4.21019765624013
72.8076368261136,375.162935174122,3.92969300361942
228.792702283253,413.109234120625,3.84747264720758
428.431703923756,15.629440101507,3.55415436725002
363.018298514118,293.446022040634,2.9459599588445
603.657759371007,107.232615594783,4.31665067145334
397.12985382893,233.669790807685,4.37476273580917
572.323648007383,412.488896898308,4.60286914191801
137.173415241968,282.749834459994,4.52699619761995
201.031993540599,367.932931894677,4.05440421766708
126.618730097934,413.011472684416,3.48067075541019
624.655142594623,315.75309688915,4.61698260295588
0.318252040317546,145.482187105152,4.35631076115462
541.830250236713,202.256521829056,4.16583108346356
34.2837910519505,492.41169060982,3.03124569557817
279.527975139787,23.9136386477164,3.89228669157343
532.393855117406,392.519264483854,3.48495617758073
69.2581334637061,77.9862632404377,5.25611937915668
3.90598265826958,73.0584448224757,3.58461950238942
587.098316808331,228.994893265904,3.99732463211238
444.997013534693,462.91204963018,4.7613429966514
658.055675733419,375.773680631701,3.00738736174866
106.501450317688,488.74090243629,4.3241838981572
620.058732520181,95.6073247576848,4.07234911812418
417.637282500211,257.318042199743,3.57763738531476
11.2418413274403,182.044285353716,3.11827916770696
57.4077831047661,111.305898916255,4.76846436646401
605.798714919226,200.618255346115,4.65904322554084
256.959809024857,224.798469251032,3.74148466481412
571.685889915109,431.740372228931,3.76731255167246
301.417571284638,137.963114574668,3.85918870588171
529.086049985311,457.866360424357,3.75601592634781
40.9843768030233,418.377653559621,3.99625512267728
189.071547296762,291.560211233668,4.30418061046699
549.320438444948,264.508486601635,3.70915725038569
154.818957802793,38.33147742742,4.26579475635313
515.029496821447,355.58882096207,4.56985626081652
45.4873576801296,47.0759991167474,4.00708783085584
518.362072407275,144.970517218795,4.41320076264106
NA,NA,NA
661.962244036831,338.063866957072,3.64507915414571
455.532865539142,296.495599810449,3.69777207223192
14.243363159136,495.57271913904,3.56464554945202
561.211344818872,46.2066119637708,4.21019765624013
72.8076368261136,375.162935174122,3.92969300361942
228.792702283253,413.109234120625,3.84747264720758
428.431703923756,15.629440101507,3.55415436725002
363.018298514118,293.446022040634,2.9459599588445
603.657759371007,107.232615594783,4.31665067145334
397.12985382893,233.669790807685,4.37476273580917
572.323648007383,412.488896898308,4.60286914191801
137.173415241968,282.749834459994,4.52699619761995
201.031993540599,367.932931894677,4.05440421766708
126.618730097934,413.011472684416,3.48067075541019
624.655142594623,315.75309688915,4.61698260295588
0.318252040317546,145.482187105152,4.35631076115462
541.830250236713,202.256521829056,4.16583108346356
34.2837910519505,492.41169060982,3.03124569557817
279.527975139787,23.9136386477164,3.89228669157343
532.393855117406,392.519264483854,3.48495617758073
69.2581334637061,77.9862632404377,5.25611937915668
3.90598265826958,73.0584448224757,3.58461950238942
587.098316808331,228.994893265904,3.99732463211238
444.997013534693,462.91204963018,4.7613429966514
658.055675733419,375.773680631701,3.00738736174866
106.501450317688,488.74090243629,4.3241838981572
620.058732520181,95.6073247576848,4.07234911812418
417.637282500211,257.318042199743,3.57763738531476
11.2418413274403,182.044285353716,3.11827916770696
57.4077831047661,111.305898916255,4.76846436646401
605.798714919226,200.618255346115,4.65904322554084
256.959809024857,224.798469251032,3.74148466481412
571.685889915109,431.740372228931,3.76731255167246
301.417571284638,137.963114574668,3.85918870588171
529.086049985311,457.866360424357,3.75601592634781
40.9843768030233,418.377653559621,3.99625512267728
189.071547296762,291.560211233668,4.30418061046699
549.320438444948,264.508486601635,3.70915725038569
154.818957802793,38.33147742742,4.26579475635313
515.029496821447,355.58882096207,4.56985626081652
45.4873576801296,47.0759991167474,4.00708783085584
518.362072407275,144.970517218795,4.41320076264106
NA,NA,NA
661.962244036831,338.063866957072,3.64507915414571
455.532865539142,296.495599810449,3.69777207223192
14.243363159136,495.57271913904,3.56464554945202
561.211344818872,46.2066119637708,4.21019765624013
72.8076368261136,375.162935174122,3.92969300361942
228.792702283253,413.109234120625,3.84747264720758
428.431703923756,15.629440101507,3.55415436725002
363.018298514118,293.446022040634,2.9459599588445
603.657759371007,107.232615594783,4.31665067145334
397.12985382893,233.669790807685,4.37476273580917
572.323648007383,412.488896898308,4.60286914191801
137.173415241968,282.749834459994,4.52699619761995
201.031993540599,367.932931894677,4.05440421766708
126.618730097934,413.011472684416,3.48067075541019
624.655142594623,315.75309688915,4.61698260295588
0.318252040317546,145.482187105152,4.35631076115462
541.830250236713,202.256521829056,4.16583108346356
34.2837910519505,492.41169060982,3.03124569557817
279.527975139787,23.9136386477164,3.89228669157343
532.393855117406,392.519264483854,3.48495617758073
69.2581334637061,77.9862632404377,5.25611937915668
3.90598265826958,73.0584448224757,3.58461950238942
587.098316808331,228.994893265904,3.99732463211238
444.997013534693,462.91204963018,4.7613429966514
658.055675733419,375.773680631701,3.00738736174866
106.501450317688,488.74090243629,4.3241838981572
620.058732520181,95.6073247576848,4.07234911812418
417.637282500211,257.318042199743,3.57763738531476
11.2418413274403,182.044285353716,3.11827916770696
57.4077831047661,111.305898916255,4.76846436646401
605.798714919226,200.618255346115,4.65904322554084
256.959809024857,224.798469251032,3.74148466481412
571.685889915109,431.740372228931,3.76731255167246
301.417571284638,137.963114574668,3.85918870588171
529.086049985311,457.866360424357,3.75601592634781
40.9843768030233,418.377653559621,3.99625512267728
189.071547296762,291.560211233668,4.30418061046699
549.320438444948,264.508486601635,3.70915725038569
154.818957802793,38.33147742742,4.26579475635313
515.029496821447,355.58882096207,4.56985626081652
45.4873576801296,47.0759991167474,4.00708783085584
518.362072407275,144.970517218795,4.41320076264106
NA,NA,NA
661.962244036831,338.063866957072,3.64507915414571
455.532865539142,296.495599810449,3.69777207223192
14.243363159136,495.57271913904,3.56464554945202
561.211344818872,46.2066119637708,4.21019765624013
72.8076368261136,375.162935174122,3.92969300361942
228.792702283253,413.109234120625,3.84747264720758
428.431703923756,15.629440101507,3.55415436725002
363.018298514118,293.446022040634,2.9459599588445
603.657759371007,107.232615594783,4.31665067145334
397.12985382893,233.669790807685,4.37476273580917
572.323648007383,412.488896898308,4.60286914191801
137.173415241968,282.749834459994,4.52699619761995
201.031993540599,367.932931894677,4.05440421766708
126.618730097934,413.011472684416,3.48067075541019
624.655142594623,315.75309688915,4.61698260295588
0.318252040317546,145.482187105152,4.35631076115462
541.830250236713,202.256521829056,4.16583108346356
34.2837910519505,492.41169060982,3.03124569557817
279.527975139787,23.9136386477164,3.89228669157343
532.393855117406,392.519264483854,3.48495617758073
69.2581334637061,77.9862632404377,5.25611937915668
3.90598265826958,73.0584448224757,3.58461950238942
587.098316808331,228.994893265904,3.99732463211238
444.997013534693,462.91204963018,4.7613429966514
658.055675733419,375.773680631701,3.00738736174866
106.501450317688,488.74090243629,4.3241838981572
620.058732520181,95.6073247576848,4.07234911812418
417.637282500211,257.318042199743,3.57763738531476
11.2418413274403,182.044285353716,3.11827916770696
57.4077831047661,111.305898916255,4.76846436646401
605.798714919226,200.618255346115,4.65904322554084
256.959809024857,224.798469251032,3.74148466481412
571.685889915109,431.740372228931,3.76731255167246
301.417571284638,137.963114574668,3.85918870588171
529.086049985311,457.866360424357,3.75601592634781
40.9843768030233,418.377653559621,3.99625512267728
189.071547296762,291.560211233668,4.30418061046699
549.320438444948,264.508486601635,3.70915725038569
154.818957802793,38.33147742742,4.26579475635313
515.029496821447,355.58882096207,4.56985626081652
45.4873576801296,47.0759991167474,4.00708783085584
518.362072407275,144.970517218795,4.41320076264106
NA,NA,NA
661.261227784552,335.811149093787,3.44739949611199
457.781463130419,300.250462446642,3.83409553656028
8.58734262321411,493.632918788231,3.68651700226959
555.3921992158,49.3624228697128,4.17756494908535
69.7550977798206,376.23631526869,3.91714350658794
226.992298483709,412.641665298363,3.90899500088269
424.590728042881,14.043451737544,3.50090000865756
362.234935605973,294.098010535639,3.18715554480923
609.376187784694,107.135214082636,4.0950436651234
394.02254372399,228.502076094548,4.23182595564183
565.331736215499,408.24196628102,4.79706355415872
138.8194855441,285.303399765296,4.48430930692719
198.866591288709,367.311018203847,4.08939903394753
124.879471226176,411.694734491586,3.33134568433291
626.554155858395,316.875344703796,4.58338200460106
5.32208126887247,148.699044901619,4.28032500556136
539.103931113031,206.441240025545,4.22533209862015
34.5566346884322,492.97317826918,2.92444585108867
276.970748893782,20.8427239420663,3.88283360236872
532.161346024187,390.683625019479,3.47561874800963
74.8745234605765,77.2242641389163,5.23585741503843
2.82259931767282,76.6251033173368,3.55665027273012
581.27459879659,224.638459695985,4.10421226817865
441.211887505649,464.638131269818,4.8208983596149
658.990768396144,374.752489638375,3.03698516127631
109.542404783337,490.358856987812,4.32850779960351
625.31227320548,91.6108007721781,4.06687257524475
423.481036452768,261.166310079777,3.67848963783121
12.1067106013497,182.67441095305,3.18070384019379
74.5003585505776,123.063971838108,4.33314030698747
610.069250374952,210.658104688528,4.33671208336635
254.853995366195,220.824050248757,3.79489521520566
574.636495061013,429.494518160972,4.05105038196379
299.189040222894,136.005305555743,3.90939705423815
529.439927004216,457.819166037188,3.43227410674144
45.1355892630854,421.799708720311,3.59764844943797
200.508683357363,289.239849418536,4.19746433866836
551.622949661873,257.104365744867,3.70552267709692
178.850451546258,25.1452690936309,4.21493733990332
499.037157891067,341.47594074287,4.39814390443524
40.4119778534553,59.5436965893638,4.63548613507897
534.711128815786,150.137975691473,4.2728510420015
NA,NA,NA
661.261227784552,335.811149093787,3.44739949611199
457.781463130419,300.250462446642,3.83409553656028
8.58734262321411,493.632918788231,3.68651700226959
555.3921992158,49.3624228697128,4.17756494908535
69.7550977798206,376.23631526869,3.91714350658794
226.992298483709,412.641665298363,3.90899500088269
424.590728042881,14.043451737544,3.50090000865756
362.234935605973,294.098010535639,3.18715554480923
609.376187784694,107.135214082636,4.0950436651234
394.02254372399,228.502076094548,4.23182595564183
565.331736215499,408.24196628102,4.79706355415872
138.8194855441,285.303399765296,4.48430930692719
198.866591288709,367.311018203847,4.08939903394753
124.879471226176,411.694734491586,3.33134568433291
626.554155858395,316.875344703796,4.58338200460106
5.32208126887247,148.699044901619,4.28032500556136
539.103931113031,206.441240025545,4.22533209862015
34.5566346884322,492.97317826918,2.92444585108867
276.970748893782,20.8427239420663,3.88283360236872
532.161346024187,390.683625019479,3.47561874800963
74.8745234605765,77.2242641389163,5.23585741503843
2.82259931767282,76.6251033173368,3.55665027273012
581.27459879659,224.638459695985,4.10421226817865
441.211887505649,464.638131269818,4.8208983596149
658.990768396144,374.752489638375,3.03698516127631
109.542404783337,490.358856987812,4.32850779960351
625.31227320548,91.6108007721781,4.06687257524475
423.481036452768,261.166310079777,3.67848963783121
12.1067106013497,182.67441095305,3.18070384019379
74.5003585505776,123.063971838108,4.33314030698747
610.069250374952,210.658104688528,4.33671208336635
254.853995366195,220.824050248757,3.79489521520566
574.636495061013,429.494518160972,4.05105038196379
299.189040222894,136.005305555743,3.90939705423815
529.439927004216,457.819166037188,3.43227410674144
45.1355892630854,421.799708720311,3.59764844943797
200.508683357363,289.239849418536,4.19746433866836
551.622949661873,257.104365744867,3.70552267709692
178.850451546258,25.1452690936309,4.21493733990332
499.037157891067,341.47594074287,4.39814390443524
40.4119778534553,59.5436965893638,4.63548613507897
534.711128815786,150.137975691473,4.2728510420015
NA,NA,NA
661.261227784552,335.811149093787,3.44739949611199
457.781463130419,300.250462446642,3.83409553656028
8.58734262321411,493.632918788231,3.68651700226959
555.3921992158,49.3624228697128,4.17756494908535
69.7550977798206,376.23631526869,3.91714350658794
226.992298483709,412.641665298363,3.90899500088269
424.590728042881,14.043451737544,3.50090000865756
362.234935605973,294.098010535639,3.18715554480923
609.376187784694,107.135214082636,4.0950436651234
394.02254372399,228.502076094548,4.23182595564183
565.331736215499,408.24196628102,4.79706355415872
138.8194855441,285.303399765296,4.48430930692719
198.866591288709,367.311018203847,4.08939903394753
124.879471226176,411.694734491586,3.33134568433291
626.554155858395,316.875344703796,4.58338200460106
5.32208126887247,148.699044901619,4.28032500556136
539.103931113031,206.441240025545,4.22533209862015
34.5566346884322,492.97317826918,2.92444585108867
276.970748893782,20.8427239420663,3.88283360236872
532.161346024187,390.683625019479,3.47561874800963
74.8745234605765,77.2242641389163,5.23585741503843
2.82259931767282,76.6251033173368,3.55665027273012
581.27459879659,224.638459695985,4.10421226817865
441.211887505649,464.638131269818,4.8208983596149
658.990768396144,374.752489638375,3.03698516127631
109.542404783337,490.358856987812,4.32850779960351
625.31227320548,91.6108007721781,4.06687257524475
423.481036452768,261.166310079777,3.67848963783121
12.1067106013497,182.67441095305,3.18070384019379
74.5003585505776,123.063971838108,4.33314030698747
610.069250374952,210.658104688528,4.33671208336635
254.853995366195,220.824050248757,3.79489521520566
574.636495061013,429.494518160972,4.05105038196379
299.189040222894,136.005305555743,3.90939705423815
529.439927004216,457.819166037188,3.43227410674144
45.1355892630854,421.799708720311,3.59764844943797
200.508683357363,289.239849418536,4.19746433866836
551.622949661873,257.104365744867,3.70552267709692
178.850451546258,25.1452690936309,4.21493733990332
499.037157891067,341.47594074287,4.39814390443524
40.4119778534553,59.5436965893638,4.63548613507897
534.711128815786,150.137975691473,4.2728510420015
NA,NA,NA
661.261227784552,335.811149093787,3.44739949611199
457.781463130419,300.250462446642,3.83409553656028
8.58734262321411,493.632918788231,3.68651700226959
555.3921992158,49.3624228697128,4.17756494908535
69.7550977798206,376.23631526869,3.91714350658794
226.992298483709,412.641665298363,3.90899500088269
424.590728042881,14.043451737544,3.50090000865756
362.234935605973,294.098010535639,3.18715554480923
609.376187784694,107.135214082636,4.0950436651234
394.02254372399,228.502076094548,4.23182595564183
565.331736215499,408.24196628102,4.79706355415872
138.8194855441,285.303399765296,4.48430930692719
198.866591288709,367.311018203847,4.08939903394753
124.879471226176,411.694734491586,3.33134568433291
626.554155858395,316.875344703796,4.58338200460106
5.32208126887247,148.699044901619,4.28032500556136
539.103931113031,206.441240025545,4.22533209862015
34.5566346884322,492.97317826918,2.92444585108867
276.970748893782,20.8427239420663,3.88283360236872
532.161346024187,390.683625019479,3.47561874800963
74.8745234605765,77.2242641389163,5.23585741503843
2.82259931767282,76.6251033173368,3.55665027273012
581.27459879659,224.638459695985,4.10421226817865
441.211887505649,464.638131269818,4.8208983596149
658.990768396144,374.752489638375,3.03698516127631
109.542404783337,490.358856987812,4.32850779960351
625.31227320548,91.6108007721781,4.06687257524475
423.481036452768,261.166310079777,3.67848963783121
12.1067106013497,182.67441095305,3.18070384019379
74.5003585505776,123.063971838108,4.33314030698747
610.069250374952,210.658104688528,4.33671208336635
254.853995366195,220.824050248757,3.79489521520566
574.636495061013,429.494518160972,4.05105038196379
299.189040222894,136.005305555743,3.90939705423815
529.439927004216,457.819166037188,3.43227410674144
45.1355892630854,421.799708720311,3.59764844943797
200.508683357363,289.239849418536,4.19746433866836
551.622949661873,257.104365744867,3.70552267709692
178.850451546258,25.1452690936309,4.21493733990332
499.037157891067,341.47594074287,4.39814390443524
40.4119778534553,59.5436965893638,4.63548613507897
534.711128815786,150.137975691473,4.2728510420015
NA,NA,NA
661.261227784552,335.811149093787,3.44739949611199
457.781463130419,300.250462446642,3.83409553656028
8.58734262321411,493.632918788231,3.68651700226959
555.3921992158,49.3624228697128,4.17756494908535
69.7550977798206,376.23631526869,3.91714350658794
226.992298483709,412.641665298363,3.90899500088269
424.590728042881,14.043451737544,3.50090000865756
362.234935605973,294.098010535639,3.18715554480923
609.376187784694,107.135214082636,4.0950436651234
394.02254372399,228.502076094548,4.23182595564183
565.331736215499,408.24196628102,4.79706355415872
138.8194855441,285.303399765296,4.48430930692719
198.866591288709,367.311018203847,4.08939903394753
124.879471226176,411.694734491586,3.33134568433291
626.554155858395,316.875344703796,4.58338200460106
5.32208126887247,148.699044901619,4.28032500556136
539.103931113031,206.441240025545,4.22533209862015
34.5566346884322,492.97317826918,2.92444585108867
276.970748893782,20.8427239420663,3.88283360236872
532.161346024187,390.683625019479,3.47561874800963
74.8745234605765,77.2242641389163,5.23585741503843
2.82259931767282,76.6251033173368,3.55665027273012
581.27459879659,224.638459695985,4.10421226817865
441.211887505649,464.638131269818,4.8208983596149
658.990768396144,374.752489638375,3.03698516127631
109.542404783337,490.358856987812,4.32850779960351
625.31227320548,91.6108007721781,4.06687257524475
423.481036452768,261.166310079777,3.67848963783121
12.1067106013497,182.67441095305,3.18070384019379
74.5003585505776,123.063971838108,4.33314030698747
610.069250374952,210.658104688528,4.33671208336635
254.853995366195,220.824050248757,3.79489521520566
574.636495061013,429.494518160972,4.05105038196379
299.189040222894,136.005305555743,3.90939705423815
529.439927004216,457.819166037188,3.43227410674144
45.1355892630854,421.799708720311,3.59764844943797
200.508683357363,289.239849418536,4.19746433866836
551.622949661873,257.104365744867,3.70552267709692
178.850451546258,25.1452690936309,4.21493733990332
499.037157891067,341.47594074287,4.39814390443524
40.4119778534553,59.5436965893638,4.63548613507897
534.711128815786,150.137975691473,4.2728510420015
NA,NA,NA
661.261227784552,335.811149093787,3.44739949611199
457.781463130419,300.250462446642,3.83409553656028
8.58734262321411,493.632918788231,3.68651700226959
555.3921992158,49.3624228697128,4.17756494908535
69.7550977798206,376.23631526869,3.91714350658794
226.992298483709,412.641665298363,3.90899500088269
424.590728042881,14.043451737544,3.50090000865756
362.234935605973,294.098010535639,3.18715554480923
609.376187784694,107.135214082636,4.0950436651234
394.02254372399,228.502076094548,4.23182595564183
565.331736215499,408.24196628102,4.79706355415872
138.8194855441,285.303399765296,4.48430930692719
198.866591288709,367.311018203847,4.08939903394753
124.879471226176,411.694734491586,3.33134568433291
626.554155858395,316.875344703796,4.58338200460106
5.32208126887247,148.699044901619,4.28032500556136
539.103931113031,206.441240025545,4.22533209862015
34.5566346884322,492.97317826918,2.92444585108867
276.970748893782,20.8427239420663,3.88283360236872
532.161346024187,390.683625019479,3.47561874800963
74.8745234605765,77.2242641389163,5.23585741503843
2.82259931767282,76.6251033173368,3.55665027273012
581.27459879659,224.638459695985,4.10421226817865
441.211887505649,464.638131269818,4.8208983596149
658.990768396144,374.752489638375,3.03698516127631
109.542404783337,490.358856987812,4.32850779960351
625.31227320548,91.6108007721781,4.06687257524475
423.481036452768,261.166310079777,3.67848963783121
12.1067106013497,182.67441095305,3.18070384019379
74.5003585505776,123.063971838108,4.33314030698747
610.069250374952,210.658104688528,4.33671208336635
254.853995366195,220.824050248757,3.79489521520566
574.636495061013,429.494518160972,4.05105038196379
299.189040222894,136.005305555743,3.90939705423815
529.439927004216,457.819166037188,3.43227410674144
45.1355892630854,421.799708720311,3.59764844943797
200.508683357363,289.239849418536,4.19746433866836
551.622949661873,257.104365744867,3.70552267709692
178.850451546258,25.1452690936309,4.21493733990332
499.037157891067,341.47594074287,4.39814390443524
40.4119778534553,59.5436965893638,4.63548613507897
534.711128815786,150.137975691473,4.2728510420015
NA,NA,NA
659.898474668092,334.026886060939,3.41147384816099
456.989803975193,295.905620596827,3.50143328098335
11.0128801199994,496.531040031236,3.53448688446832
562.080821737389,55.1464918888347,4.24809876474577
79.6083840836146,371.586917982089,4.06542158601023
225.341252346001,415.753383300981,3.92606623130356
428.149820034937,13.2394416751938,3.26381072643754
361.616563938255,293.950639104674,3.04078015473443
607.399479834019,103.425480084685,4.26382908798556
395.801962136401,230.417256931468,4.35301179779296
569.186845792906,405.798961649401,4.77477492207064
138.191595158759,279.114983417212,4.64786331147037
201.173533454192,375.600789165697,4.0844552450716
121.955571692309,408.697589186441,3.46492618829453
630.852371523956,308.242744538533,4.4574789024326
-0.192675241998856,146.202769161868,4.20496563528994
544.017000033344,200.048843229451,4.08216763436238
35.4135739679397,493.354417247679,3.0540702195867
278.665031293215,24.6272171183771,4.05178426115561
534.719165306968,394.797820289723,3.40749244608788
79.0084744935735,77.7211321441605,5.25906106596339
8.99331117599443,78.151345519637,3.53122736365314
585.380800674569,230.081270519993,3.96681155883963
443.103660087302,456.811826423656,4.84296796976278
658.294092939857,375.242842983164,3.04120514509853
108.809186701553,492.217023931455,4.44817477322748
625.283200939568,87.5726220465436,4.08090203468184
420.444630311044,259.030714220187,3.78658182574154
12.5576430922584,182.723402559309,3.17199136425213
80.055868675192,126.464411386922,4.43253578535801
597.756451020368,195.523428231525,4.42826310289383
248.771341439761,215.517606608807,4.10542139557746
572.47497836883,430.223631143348,3.69712403656736
297.554289308653,135.762824014359,3.93054026768266
524.665462649584,454.530719280651,3.64790925464864
51.4131782707658,413.875848679475,3.46000599490042
196.520922167074,295.477549292197,4.24241989560654
544.600570286517,259.242410689449,3.60858601488013
168.259076234878,22.4835916258252,4.34339111513792
496.987867002001,339.620436078513,4.31832146911223
39.6493446097049,57.3054596356192,4.09391478908209
543.924478711485,149.285038944893,4.53410601888225
NA,NA,NA
659.898474668092,334.026886060939,3.41147384816099
456.989803975193,295.905620596827,3.50143328098335
11.0128801199994,496.531040031236,3.53448688446832
562.080821737389,55.1464918888347,4.24809876474577
79.6083840836146,371.586917982089,4.06542158601023
225.341252346001,415.753383300981,3.92606623130356
428.149820034937,13.2394416751938,3.26381072643754
361.616563938255,293.950639104674,3.04078015473443
607.399479834019,103.425480084685,4.26382908798556
395.801962136401,230.417256931468,4.35301179779296
569.186845792906,405.798961649401,4.77477492207064
138.191595158759,279.114983417212,4.64786331147037
201.173533454192,375.600789165697,4.0844552450716
121.955571692309,408.697589186441,3.46492618829453
630.852371523956,308.242744538533,4.4574789024326
-0.192675241998856,146.202769161868,4.20496563528994
544.017000033344,200.048843229451,4.08216763436238
35.4135739679397,493.354417247679,3.0540702195867
278.665031293215,24.6272171183771,4.05178426115561
534.719165306968,394.797820289723,3.40749244608788
79.0084744935735,77.7211321441605,5.25906106596339
8.99331117599443,78.151345519637,3.53122736365314
585.380800674569,230.081270519993,3.96681155883963
443.103660087302,456.811826423656,4.84296796976278
658.294092939857,375.242842983164,3.04120514509853
108.809186701553,492.217023931455,4.44817477322748
625.283200939568,87.5726220465436,4.08090203468184
420.444630311044,259.030714220187,3.78658182574154
12.5576430922584,182.723402559309,3.17199136425213
80.055868675192,126.464411386922,4.43253578535801
597.756451020368,195.523428231525,4.42826310289383
248.771341439761,215.517606608807,4.10542139557746
572.47497836883,430.223631143348,3.69712403656736
297.554289308653,135.762824014359,3.93054026768266
524.665462649584,454.530719280651,3.64790925464864
51.4131782707658,413.875848679475,3.46000599490042
196.520922167074,295.477549292197,4.24241989560654
544.600570286517,259.242410689449,3.60858601488013
168.259076234878,22.4835916258252,4.34339111513792
496.987867002001,339.620436078513,4.31832146911223
39.6493446097049,57.3054596356192,4.09391478908209
543.924478711485,149.285038944893,4.53410601888225
NA,NA,NA
659.898474668092,334.026886060939,3.41147384816099
456.989803975193,295.905620596827,3.50143328098335
11.0128801199994,496.531040031236,3.53448688446832
562.080821737389,55.1464918888347,4.24809876474577
79.6083840836146,371.586917982089,4.06542158601023
225.341252346001,415.753383300981,3.92606623130356
428.149820034937,13.2394416751938,3.26381072643754
361.616563938255,293.950639104674,3.04078015473443
607.399479834019,103.425480084685,4.26382908798556
395.801962136401,230.417256931468,4.35301179779296
569.186845792906,405.798961649401,4.77477492207064
138.191595158759,279.114983417212,4.64786331147037
201.173533454192,375.600789165697,4.0844552450716
121.955571692309,408.697589186441,3.46492618829453
630.852371523956,308.242744538533,4.4574789024326
-0.192675241998856,146.202769161868,4.20496563528994
544.017000033344,200.048843229451,4.08216763436238
35.4135739679397,493.354417247679,3.0540702195867
278.665031293215,24.6272171183771,4.05178426115561
534.719165306968,394.797820289723,3.40749244608788
79.0084744935735,77.7211321441605,5.25906106596339
8.99331117599443,78.151345519637,3.53122736365314
585.380800674569,230.081270519993,3.96681155883963
443.103660087302,456.811826423656,4.84296796976278
658.294092939857,375.242842983164,3.04120514509853
108.809186701553,492.217023931455,4.44817477322748
625.283200939568,87.5726220465436,4.08090203468184
420.444630311044,259.030714220187,3.78658182574154
12.5576430922584,182.723402559309,3.17199136425213
80.055868675192,126.464411386922,4.43253578535801
597.756451020368,195.523428231525,4.42826310289383
248.771341439761,215.517606608807,4.10542139557746
572.47497836883,430.223631143348,3.69712403656736
297.554289308653,135.762824014359,3.93054026768266
524.665462649584,454.530719280651,3.64790925464864
51.4131782707658,413.875848679475,3.46000599490042
196.520922167074,295.477549292197,4.24241989560654
544.600570286517,259.242410689449,3.60858601488013
168.259076234878,22.4835916258252,4.34339111513792
496.987867002001,339.620436078513,4.31832146911223
39.6493446097049,57.3054596356192,4.09391478908209
543.924478711485,149.285038944893,4.53410601888225
NA,NA,NA
659.898474668092,334.026886060939,3.41147384816099
456.989803975193,295.905620596827,3.50143328098335
11.0128801199994,496.531040031236,3.53448688446832
562.080821737389,55.1464918888347,4.24809876474577
79.6083840836146,371.586917982089,4.06542158601023
225.341252346001,415.753383300981,3.92606623130356
428.149820034937,13.2394416751938,3.26381072643754
361.616563938255,293.950639104674,3.04078015473443
607.399479834019,103.425480084685,4.26382908798556
395.801962136401,230.417256931468,4.35301179779296
569.186845792906,405.798961649401,4.77477492207064
138.191595158759,279.114983417212,4.64786331147037
201.173533454192,375.600789165697,4.0844552450716
121.955571692309,408.697589186441,3.46492618829453
630.852371523956,308.242744538533,4.4574789024326
-0.192675241998856,146.202769161868,4.20496563528994
544.017000033344,200.048843229451,4.08216763436238
35.4135739679397,493.354417247679,3.0540702195867
278.665031293215,24.6272171183771,4.05178426115561
534.719165306968,394.797820289723,3.40749244608788
79.0084744935735,77.7211321441605,5.25906106596339
8.99331117599443,78.151345519637,3.53122736365314
585.380800674569,230.081270519993,3.96681155883963
443.103660087302,456.811826423656,4.84296796976278
658.294092939857,375.242842983164,3.04120514509853
108.809186701553,492.217023931455,4.44817477322748
625.283200939568,87.5726220465436,4.08090203468184
420.444630311044,259.030714220187,3.78658182574154
12.5576430922584,182.723402559309,3.17199136425213
80.055868675192,126.464411386922,4.43253578535801
597.756451020368,195.523428231525,4.42826310289383
248.771341439761,215.517606608807,4.10542139557746
572.47497836883,430.223631143348,3.69712403656736
297.554289308653,135.762824014359,3.93054026768266
524.665462649584,454.530719280651,3.64790925464864
51.4131782707658,413.875848679475,3.46000599490042
196.520922167074,295.477549292197,4.24241989560654
544.600570286517,259.242410689449,3.60858601488013
168.259076234878,22.4835916258252,4.34339111513792
496.987867002001,339.620436078513,4.31832146911223
39.6493446097049,57.3054596356192,4.09391478908209
543.924478711485,149.285038944893,4.53410601888225
NA,NA,NA
659.898474668092,334.026886060939,3.41147384816099
456.989803975193,295.905620596827,3.50143328098335
11.0128801199994,496.531040031236,3.53448688446832
562.080821737389,55.1464918888347,4.24809876474577
79.6083840836146,371.586917982089,4.06542158601023
225.341252346001,415.753383300981,3.92606623130356
428.149820034937,13.2394416751938,3.26381072643754
361.616563938255,293.950639104674,3.04078015473443
607.399479834019,103.425480084685,4.26382908798556
395.801962136401,230.417256931468,4.35301179779296
569.186845792906,405.798961649401,4.77477492207064
138.191595158759,279.114983417212,4.64786331147037
201.173533454192,375.600789165697,4.0844552450716
121.955571692309,408.697589186441,3.46492618829453
630.852371523956,308.242744538533,4.4574789024326
-0.192675241998856,146.202769161868,4.20496563528994
544.017000033344,200.048843229451,4.08216763436238
35.4135739679397,493.354417247679,3.0540702195867
278.665031293215,24.6272171183771,4.05178426115561
534.719165306968,394.797820289723,3.40749244608788
79.0084744935735,77.7211321441605,5.25906106596339
8.99331117599443,78.151345519637,3.53122736365314
585.380800674569,230.081270519993,3.96681155883963
443.103660087302,456.811826423656,4.84296796976278
658.294092939857,375.242842983164,3.04120514509853
108.809186701553,492.217023931455,4.44817477322748
625.283200939568,87.5726220465436,4.08090203468184
420.444630311044,259.030714220187,3.78658182574154
12.5576430922584,182.723402559309,3.17199136425213
80.055868675192,126.464411386922,4.43253578535801
597.756451020368,195.523428231525,4.42826310289383
248.771341439761,215.517606608807,4.10542139557746
572.47497836883,430.223631143348,3.69712403656736
297.554289308653,135.762824014359,3.93054026768266
524.665462649584,454.530719280651,3.64790925464864
51.4131782707658,413.875848679475,3.46000599490042
196.520922167074,295.477549292197,4.24241989560654
544.600570286517,259.242410689449,3.60858601488013
168.259076234878,22.4835916258252,4.34339111513792
496.987867002001,339.620436078513,4.31832146911223
39.6493446097049,57.3054596356192,4.09391478908209
543.924478711485,149.285038944893,4.53410601888225
NA,NA,NA
659.898474668092,334.026886060939,3.41147384816099
456.989803975193,295.905620596827,3.50143328098335
11.0128801199994,496.531040031236,3.53448688446832
562.080821737389,55.1464918888347,4.24809876474577
79.6083840836146,371.586917982089,4.06542158601023
225.341252346001,415.753383300981,3.92606623130356
428.149820034937,13.2394416751938,3.26381072643754
361.616563938255,293.950639104674,3.04078015473443
607.399479834019,103.425480084685,4.26382908798556
395.801962136401,230.417256931468,4.35301179779296
569.186845792906,405.798961649401,4.77477492207064
138.191595158759,279.114983417212,4.64786331147037
201.173533454192,375.600789165697,4.0844552450716
121.955571692309,408.697589186441,3.46492618829453
630.852371523956,308.242744538533,4.4574789024326
-0.192675241998856,146.202769161868,4.20496563528994
544.017000033344,200.048843229451,4.08216763436238
35.4135739679397,493.354417247679,3.0540702195867
278.665031293215,24.6272171183771,4.05178426115561
534.719165306968,394.797820289723,3.40749244608788
79.0084744935735,77.7211321441605,5.25906106596339
8.99331117599443,78.151345519637,3.53122736365314
585.380800674569,230.081270519993,3.96681155883963
443.103660087302,456.811826423656,4.84296796976278
658.294092939857,375.242842983164,3.04120514509853
108.809186701553,492.217023931455,4.44817477322748
625.283200939568,87.5726220465436,4.08090203468184
420.444630311044,259.030714220187,3.78658182574154
12.5576430922584,182.723402559309,3.17199136425213
80.055868675192,126.464411386922,4.43253578535801
597.756451020368,195.523428231525,4.42826310289383
248.771341439761,215.517606608807,4.10542139557746
572.47497836883,430.223631143348,3.69712403656736
297.554289308653,135.762824014359,3.93054026768266
524.665462649584,454.530719280651,3.64790925464864
51.4131782707658,413.875848679475,3.46000599490042
196.520922167074,295.477549292197,4.24241989560654
544.600570286517,259.242410689449,3.60858601488013
168.259076234878,22.4835916258252,4.34339111513792
496.987867002001,339.620436078513,4.31832146911223
39.6493446097049,57.3054596356192,4.09391478908209
543.924478711485,149.285038944893,4.53410601888225
NA,NA,NA
661.438345268964,328.387776328445,3.5475025596663
456.433956343348,298.533699119302,3.67407472300393
17.2306364695461,492.964738182364,3.61194471253681
559.386579691556,48.695607092627,4.06289678804622
72.3688311602597,372.32986288139,4.07841994092769
226.062209268698,409.788985716824,3.98263529335014
428.930509794569,16.3189344380819,3.40032665771753
360.209752850921,292.240434503765,3.24896765296476
599.345672495391,102.947945221307,4.1566870781426
392.135869995186,221.609684242172,4.21093557467091
572.171018471472,403.636197606808,4.75127135941273
137.48226858593,283.15900867091,4.55999934984893
197.95198646529,371.941328324808,4.139732294403
125.688573255457,407.330592578324,3.49213953962361
625.738920233841,310.899442252225,4.61429169996395
4.93543824906116,147.551929408562,4.21784490626898
541.763223079985,200.708332949941,4.10344203840436
31.7158870629512,492.743140403932,3.09994784749992
279.378497018611,18.617805851095,3.91213198594292
537.398514225434,395.13767284859,3.36881478036144
73.6074269048973,73.0429831213543,5.21887842865986
3.77082767091314,76.9975186862233,3.44790729856033
582.788786234384,231.139175095546,4.01182855597143
440.385597854478,467.570197210365,4.71091967949968
658.471650265701,371.429470522364,3.07517928452903
110.11660686727,482.102866477575,4.32683567247259
625.987945642172,92.7412437401871,4.09428686818241
419.696129257413,260.184505796294,3.64955482811317
12.369275632671,180.854230617215,3.09935018428508
65.2677137922554,135.975810612162,4.51274156107151
603.238448619058,199.341577671492,4.46934114403541
253.024496733157,225.338346348201,3.94408280597236
573.62524569298,439.143077992498,3.8956055640506
297.564171969487,143.215338142142,3.9288140819349
525.897794087602,454.206232882981,3.60451430982403
40.3150767642203,419.547832770595,3.87047760039354
197.822731761895,286.054946842131,4.04687050196808
548.000690326446,259.177567451791,4.01171649767267
174.450896339282,26.0533389595876,4.11385474135401
504.578980441266,342.687653614908,4.42084012833135
38.832870692625,57.7885089645559,4.16793518636499
528.421268132554,149.599220693951,4.26666365736832
NA,NA,NA
661.438345268964,328.387776328445,3.5475025596663
456.433956343348,298.533699119302,3.67407472300393
17.2306364695461,492.964738182364,3.61194471253681
559.386579691556,48.695607092627,4.06289678804622
72.3688311602597,372.32986288139,4.07841994092769
226.062209268698,409.788985716824,3.98263529335014
428.930509794569,16.3189344380819,3.40032665771753
360.209752850921,292.240434503765,3.24896765296476
599.345672495391,102.947945221307,4.1566870781426
392.135869995186,221.609684242172,4.21093557467091
572.171018471472,403.636197606808,4.75127135941273
137.48226858593,283.15900867091,4.55999934984893
197.95198646529,371.941328324808,4.139732294403
125.688573255457,407.330592578324,3.49213953962361
625.738920233841,310.899442252225,4.61429169996395
4.93543824906116,147.551929408562,4.21784490626898
541.763223079985,200.708332949941,4.10344203840436
31.7158870629512,492.743140403932,3.09994784749992
279.378497018611,18.617805851095,3.91213198594292
537.398514225434,395.13767284859,3.36881478036144
73.6074269048973,73.0429831213543,5.21887842865986
3.77082767091314,76.9975186862233,3.44790729856033
582.788786234384,231.139175095546,4.01182855597143
440.385597854478,467.570197210365,4.71091967949968
658.471650265701,371.429470522364,3.07517928452903
110.11660686727,482.102866477575,4.32683567247259
625.987945642172,92.7412437401871,4.09428686818241
419.696129257413,260.184505796294,3.64955482811317
12.369275632671,180.854230617215,3.09935018428508
65.2677137922554,135.975810612162,4.51274156107151
603.238448619058,199.341577671492,4.46934114403541
253.024496733157,225.338346348201,3.94408280597236
573.62524569298,439.143077992498,3.8956055640506
297.564171969487,143.215338142142,3.9288140819349
525.897794087602,454.206232882981,3.60451430982403
40.3150767642203,419.547832770595,3.87047760039354
197.822731761895,286.054946842131,4.04687050196808
548.000690326446,259.177567451791,4.01171649767267
174.450896339282,26.0533389595876,4.11385474135401
504.578980441266,342.687653614908,4.42084012833135
38.832870692625,57.7885089645559,4.16793518636499
528.421268132554,149.599220693951,4.26666365736832
NA,NA,NA
661.438345268964,328.387776328445,3.5475025596663
456.433956343348,298.533699119302,3.67407472300393
17.2306364695461,492.964738182364,3.61194471253681
559.386579691556,48.695607092627,4.06289678804622
72.3688311602597,372.32986288139,4.07841994092769
226.062209268698,409.788985716824,3.98263529335014
428.930509794569,16.3189344380819,3.40032665771753
360.209752850921,292.240434503765,3.24896765296476
599.345672495391,102.947945221307,4.1566870781426
392.135869995186,221.609684242172,4.21093557467091
572.171018471472,403.636197606808,4.75127135941273
137.48226858593,283.15900867091,4.55999934984893
197.95198646529,371.941328324808,4.139732294403
125.688573255457,407.330592578324,3.49213953962361
625.738920233841,310.899442252225,4.61429169996395
4.93543824906116,147.551929408562,4.21784490626898
541.763223079985,200.708332949941,4.10344203840436
31.7158870629512,492.743140403932,3.09994784749992
279.378497018611,18.617805851095,3.91213198594292
537.398514225434,395.13767284859,3.36881478036144
73.6074269048973,73.0429831213543,5.21887842865986
3.77082767091314,76.9975186862233,3.44790729856033
582.788786234384,231.139175095546,4.01182855597143
440.385597854478,467.570197210365,4.71091967949968
658.471650265701,371.429470522364,3.07517928452903
110.11660686727,482.102866477575,4.32683567247259
625.987945642172,92.7412437401871,4.09428686818241
419.696129257413,260.184505796294,3.64955482811317
12.369275632671,180.854230617215,3.09935018428508
65.2677137922554,135.975810612162,4.51274156107151
603.238448619058,199.341577671492,4.46934114403541
253.024496733157,225.338346348201,3.94408280597236
573.62524569298,439.143077992498,3.8956055640506
297.564171969487,143.215338142142,3.9288140819349
525.897794087602,454.206232882981,3.60451430982403
40.3150767642203,419.547832770595,3.87047760039354
197.822731761895,286.054946842131,4.04687050196808
548.000690326446,259.177567451791,4.01171649767267
174.450896339282,26.0533389595876,4.11385474135401
504.578980441266,342.687653614908,4.42084012833135
38.832870692625,57.7885089645559,4.16793518636499
528.421268132554,149.599220693951,4.26666365736832
NA,NA,NA
661.438345268964,328.387776328445,3.5475025596663
456.433956343348,298.533699119302,3.67407472300393
17.2306364695461,492.964738182364,3.61194471253681
559.386579691556,48.695607092627,4.06289678804622
72.3688311602597,372.32986288139,4.07841994092769
226.062209268698,409.788985716824,3.98263529335014
428.930509794569,16.3189344380819,3.40032665771753
360.209752850921,292.240434503765,3.24896765296476
599.345672495391,102.947945221307,4.1566870781426
392.135869995186,221.609684242172,4.21093557467091
572.171018471472,403.636197606808,4.75127135941273
137.48226858593,283.15900867091,4.55999934984893
197.95198646529,371.941328324808,4.139732294403
125.688573255457,407.330592578324,3.49213953962361
625.738920233841,310.899442252225,4.61429169996395
4.93543824906116,147.551929408562,4.21784490626898
541.763223079985,200.708332949941,4.10344203840436
31.7158870629512,492.743140403932,3.09994784749992
279.378497018611,18.617805851095,3.91213198594292
537.398514225434,395.13767284859,3.36881478036144
73.6074269048973,73.0429831213543,5.21887842865986
3.77082767091314,76.9975186862233,3.44790729856033
582.788786234384,231.139175095546,4.01182855597143
440.385597854478,467.570197210365,4.71091967949968
658.471650265701,371.429470522364,3.07517928452903
110.11660686727,482.102866477575,4.32683567247259
625.987945642172,92.7412437401871,4.09428686818241
419.696129257413,260.184505796294,3.64955482811317
12.369275632671,180.854230617215,3.09935018428508
65.2677137922554,135.975810612162,4.51274156107151
603.238448619058,199.341577671492,4.46934114403541
253.024496733157,225.338346348201,3.94408280597236
573.62524569298,439.143077992498,3.8956055640506
297.564171969487,143.215338142142,3.9288140819349
525.897794087602,454.206232882981,3.60451430982403
40.3150767642203,419.547832770595,3.87047760039354
197.822731761895,286.054946842131,4.04687050196808
548.000690326446,259.177567451791,4.01171649767267
174.450896339282,26.0533389595876,4.11385474135401
504.578980441266,342.687653614908,4.42084012833135
38.832870692625,57.7885089645559,4.16793518636499
528.421268132554,149.599220693951,4.26666365736832
NA,NA,NA
661.438345268964,328.387776328445,3.5475025596663
456.433956343348,298.533699119302,3.67407472300393
17.2306364695461,492.964738182364,3.61194471253681
559.386579691556,48.695607092627,4.06289678804622
72.3688311602597,372.32986288139,4.07841994092769
226.062209268698,409.788985716824,3.98263529335014
428.930509794569,16.3189344380819,3.40032665771753
360.209752850921,292.240434503765,3.24896765296476
599.345672495391,102.947945221307,4.1566870781426
392.135869995186,221.609684242172,4.21093557467091
572.171018471472,403.636197606808,4.75127135941273
137.48226858593,283.15900867091,4.55999934984893
197.95198646529,371.941328324808,4.139732294403
125.688573255457,407.330592578324,3.49213953962361
625.738920233841,310.899442252225,4.61429169996395
4.93543824906116,147.551929408562,4.21784490626898
541.763223079985,200.708332949941,4.10344203840436
31.7158870629512,492.743140403932,3.09994784749992
279.378497018611,18.617805851095,3.91213198594292
537.398514225434,395.13767284859,3.36881478036144
73.6074269048973,73.0429831213543,5.21887842865986
3.77082767091314,76.9975186862233,3.44790729856033
582.788786234384,231.139175095546,4.01182855597143
440.385597854478,467.570197210365,4.71091967949968
658.471650265701,371.429470522364,3.07517928452903
110.11660686727,482.102866477575,4.32683567247259
625.987945642172,92.7412437401871,4.09428686818241
419.696129257413,260.184505796294,3.64955482811317
12.369275632671,180.854230617215,3.09935018428508
65.2677137922554,135.975810612162,4.51274156107151
603.238448619058,199.341577671492,4.46934114403541
253.024496733157,225.338346348201,3.94408280597236
573.62524569298,439.143077992498,3.8956055640506
297.564171969487,143.215338142142,3.9288140819349
525.897794087602,454.206232882981,3.60451430982403
40.3150767642203,419.547832770595,3.87047760039354
197.822731761895,286.054946842131,4.04687050196808
548.000690326446,259.177567451791,4.01171649767267
174.450896339282,26.0533389595876,4.11385474135401
504.578980441266,342.687653614908,4.42084012833135
38.832870692625,57.7885089645559,4.16793518636499
528.421268132554,149.599220693951,4.26666365736832
NA,NA,NA
661.438345268964,328.387776328445,3.5475025596663
456.433956343348,298.533699119302,3.67407472300393
17.2306364695461,492.964738182364,3.61194471253681
559.386579691556,48.695607092627,4.06289678804622
72.3688311602597,372.32986288139,4.07841994092769
226.062209268698,409.788985716824,3.98263529335014
428.930509794569,16.3189344380819,3.40032665771753
360.209752850921,292.240434503765,3.24896765296476
599.345672495391,102.947945221307,4.1566870781426
392.135869995186,221.609684242172,4.21093557467091
572.171018471472,403.636197606808,4.75127135941273
137.48226858593,283.15900867091,4.55999934984893
197.95198646529,371.941328324808,4.139732294403
125.688573255457,407.330592578324,3.49213953962361
625.738920233841,310.899442252225,4.61429169996395
4.93543824906116,147.551929408562,4.21784490626898
541.763223079985,200.708332949941,4.10344203840436
31.7158870629512,492.743140403932,3.09994784749992
279.378497018611,18.617805851095,3.91213198594292
537.398514225434,395.13767284859,3.36881478036144
73.6074269048973,73.0429831213543,5.21887842865986
3.77082767091314,76.9975186862233,3.44790729856033
582.788786234384,231.139175095546,4.01182855597143
440.385597854478,467.570197210365,4.71091967949968
658.471650265701,371.429470522364,3.07517928452903
110.11660686727,482.102866477575,4.32683567247259
625.987945642172,92.7412437401871,4.09428686818241
419.696129257413,260.184505796294,3.64955482811317
12.369275632671,180.854230617215,3.09935018428508
65.2677137922554,135.975810612162,4.51274156107151
603.238448619058,199.341577671492,4.46934114403541
253.024496733157,225.338346348201,3.94408280597236
573.62524569298,439.143077992498,3.8956055640506
297.564171969487,143.215338142142,3.9288140819349
525.897794087602,454.206232882981,3.60451430982403
40.3150767642203,419.547832770595,3.87047760039354
197.822731761895,286.054946842131,4.04687050196808
548.000690326446,259.177567451791,4.01171649767267
174.450896339282,26.0533389595876,4.11385474135401
504.578980441266,342.687653614908,4.42084012833135
38.832870692625,57.7885089645559,4.16793518636499
528.421268132554,149.599220693951,4.26666365736832
NA,NA,NA
660.806116169863,334.722466081493,3.38690548210203
459.840379568437,299.775190118431,3.65422675410708
14.2860847059482,495.234168513897,3.6078107301971
564.852160393247,57.4903160705976,4.16298072626473
69.3150038607373,373.130713129186,3.96078291636063
229.004781687256,408.753595752608,3.93906111420103
430.70770947347,14.5571831819732,3.25786989990418
362.267586327876,291.822445894687,3.03132785518997
604.987362881969,99.8475172361512,4.12979898689556
391.89515458197,232.221479309218,4.2761815716387
568.434976753536,410.515012590847,4.70394276290605
137.882077996778,284.400196900099,4.61905186722899
200.751020789369,375.446643808252,4.06712672903542
125.395272270887,411.237272204988,3.56458429184059
628.705631977188,318.37962406081,4.53723445394796
2.70571900944222,152.270836723115,4.43542113673372
540.134419184298,197.946646761207,4.11540271537575
32.7114036168464,490.986795914722,2.86227162268536
278.828603552948,23.3166223047305,3.92343847473266
534.14700141103,393.525220650623,3.52011992907342
85.3138440705155,78.814875426739,5.34530564603764
2.39414235797315,74.221493169151,3.48958898512832
586.415830921846,223.934406880602,4.0514018191433
438.094091483097,466.127068460409,4.65079701840236
658.374022118243,373.848170247185,3.13944667647951
101.205605646824,492.631341637936,4.46251398693558
622.894994394194,85.1758940575636,4.0477281946421
417.171517953755,257.673929815499,3.68224140280599
14.1559901859498,181.24717312906,3.13386690188213
77.1369143446045,127.617323974041,4.55858843281366
605.008438995352,204.141307632799,4.18773711929358
253.510332252262,230.140600571128,4.09259142181434
570.298872765172,429.614608661029,3.99805172673451
300.108332594735,137.158059259942,3.87780751236606
532.161891830078,459.990060253761,3.41787140903405
50.8003703903874,412.851936749843,4.02255992430937
201.994754427361,291.537636512062,3.99227479004827
544.464230430612,270.409973151309,3.78902244749653
188.40942231389,23.4795762833463,4.29385991213262
500.101602629831,351.757359033379,4.6355208970994
52.3320086006889,51.6933391583752,3.98919781426536
514.65956134924,146.365945153265,4.4478936190279
NA,NA,NA
660.806116169863,334.722466081493,3.38690548210203
459.840379568437,299.775190118431,3.65422675410708
14.2860847059482,495.234168513897,3.6078107301971
564.852160393247,57.4903160705976,4.16298072626473
69.3150038607373,373.130713129186,3.96078291636063
229.004781687256,408.753595752608,3.93906111420103
430.70770947347,14.5571831819732,3.25786989990418
362.267586327876,291.822445894687,3.03132785518997
604.987362881969,99.8475172361512,4.12979898689556
391.89515458197,232.221479309218,4.2761815716387
568.434976753536,410.515012590847,4.70394276290605
137.882077996778,284.400196900099,4.61905186722899
200.751020789369,375.446643808252,4.06712672903542
125.395272270887,411.237272204988,3.56458429184059
628.705631977188,318.37962406081,4.53723445394796
2.70571900944222,152.270836723115,4.43542113673372
540.134419184298,197.946646761207,4.11540271537575
32.7114036168464,490.986795914722,2.86227162268536
278.828603552948,23.3166223047305,3.92343847473266
534.14700141103,393.525220650623,3.52011992907342
85.3138440705155,78.814875426739,5.34530564603764
2.39414235797315,74.221493169151,3.48958898512832
586.415830921846,223.934406880602,4.0514018191433
438.094091483097,466.127068460409,4.65079701840236
658.374022118243,373.848170247185,3.13944667647951
101.205605646824,492.631341637936,4.46251398693558
622.894994394194,85.1758940575636,4.0477281946421
417.171517953755,257.673929815499,3.68224140280599
14.1559901859498,181.24717312906,3.13386690188213
77.1369143446045,127.617323974041,4.55858843281366
605.008438995352,204.141307632799,4.18773711929358
253.510332252262,230.140600571128,4.09259142181434
570.298872765172,429.614608661029,3.99805172673451
300.108332594735,137.158059259942,3.87780751236606
532.161891830078,459.990060253761,3.41787140903405
50.8003703903874,412.851936749843,4.02255992430937
201.994754427361,291.537636512062,3.99227479004827
544.464230430612,270.409973151309,3.78902244749653
188.40942231389,23.4795762833463,4.29385991213262
500.101602629831,351.757359033379,4.6355208970994
52.3320086006889,51.6933391583752,3.98919781426536
514.65956134924,146.365945153265,4.4478936190279
NA,NA,NA
660.806116169863,334.722466081493,3.38690548210203
459.840379568437,299.775190118431,3.65422675410708
14.2860847059482,495.234168513897,3.6078107301971
564.852160393247,57.4903160705976,4.16298072626473
69.3150038607373,373.130713129186,3.96078291636063
229.004781687256,408.753595752608,3.93906111420103
430.70770947347,14.5571831819732,3.25786989990418
362.267586327876,291.822445894687,3.03132785518997
604.987362881969,99.8475172361512,4.12979898689556
391.89515458197,232.221479309218,4.2761815716387
568.434976753536,410.515012590847,4.70394276290605
137.882077996778,284.400196900099,4.61905186722899
200.751020789369,375.446643808252,4.06712672903542
125.395272270887,411.237272204988,3.56458429184059
628.705631977188,318.37962406081,4.53723445394796
2.70571900944222,152.270836723115,4.43542113673372
540.134419184298,197.946646761207,4.11540271537575
32.7114036168464,490.986795914722,2.86227162268536
278.828603552948,23.3166223047305,3.92343847473266
534.14700141103,393.525220650623,3.52011992907342
85.3138440705155,78.814875426739,5.34530564603764
2.39414235797315,74.221493169151,3.48958898512832
586.415830921846,223.934406880602,4.0514018191433
438.094091483097,466.127068460409,4.65079701840236
658.374022118243,373.848170247185,3.13944667647951
101.205605646824,492.631341637936,4.46251398693558
622.894994394194,85.1758940575636,4.0477281946421
417.171517953755,257.673929815499,3.68224140280599
14.1559901859498,181.24717312906,3.13386690188213
77.1369143446045,127.617323974041,4.55858843281366
605.008438995352,204.141307632799,4.18773711929358
253.510332252262,230.140600571128,4.09259142181434
570.298872765172,429.614608661029,3.99805172673451
300.108332594735,137.158059259942,3.87780751236606
532.161891830078,459.990060253761,3.41787140903405
50.8003703903874,412.851936749843,4.02255992430937
201.994754427361,291.537636512062,3.99227479004827
544.464230430612,270.409973151309,3.78902244749653
188.40942231389,23.4795762833463,4.29385991213262
500.101602629831,351.757359033379,4.6355208970994
52.3320086006889,51.6933391583752,3.98919781426536
514.65956134924,146.365945153265,4.4478936190279
NA,NA,NA
660.806116169863,334.722466081493,3.38690548210203
459.840379568437,299.775190118431,3.65422675410708
14.2860847059482,495.234168513897,3.6078107301971
564.852160393247,57.4903160705976,4.16298072626473
69.3150038607373,373.130713129186,3.96078291636063
229.004781687256,408.753595752608,3.93906111420103
430.70770947347,14.5571831819732,3.25786989990418
362.267586327876,291.822445894687,3.03132785518997
604.987362881969,99.8475172361512,4.12979898689556
391.89515458197,232.221479309218,4.2761815716387
568.434976753536,410.515012590847,4.70394276290605
137.882077996778,284.400196900099,4.61905186722899
200.751020789369,375.446643808252,4.06712672903542
125.395272270887,411.237272204988,3.56458429184059
628.705631977188,318.37962406081,4.53723445394796
2.70571900944222,152.270836723115,4.43542113673372
540.134419184298,197.946646761207,4.11540271537575
32.7114036168464,490.986795914722,2.86227162268536
278.828603552948,23.3166223047305,3.92343847473266
534.14700141103,393.525220650623,3.52011992907342
85.3138440705155,78.814875426739,5.34530564603764
2.39414235797315,74.221493169151,3.48958898512832
586.415830921846,223.934406880602,4.0514018191433
438.094091483097,466.127068460409,4.65079701840236
658.374022118243,373.848170247185,3.13944667647951
101.205605646824,492.631341637936,4.46251398693558
622.894994394194,85.1758940575636,4.0477281946421
417.171517953755,257.673929815499,3.68224140280599
14.1559901859498,181.24717312906,3.13386690188213
77.1369143446045,127.617323974041,4.55858843281366
605.008438995352,204.141307632799,4.18773711929358
253.510332252262,230.140600571128,4.09259142181434
570.298872765172,429.614608661029,3.99805172673451
300.108332594735,137.158059259942,3.87780751236606
532.161891830078,459.990060253761,3.41787140903405
50.8003703903874,412.851936749843,4.02255992430937
201.994754427361,291.537636512062,3.99227479004827
544.464230430612,270.409973151309,3.78902244749653
188.40942231389,23.4795762833463,4.29385991213262
500.101602629831,351.757359033379,4.6355208970994
52.3320086006889,51.6933391583752,3.98919781426536
514.65956134924,146.365945153265,4.4478936190279
NA,NA,NA
660.806116169863,334.722466081493,3.38690548210203
459.840379568437,299.775190118431,3.65422675410708
14.2860847059482,495.234168513897,3.6078107301971
564.852160393247,57.4903160705976,4.16298072626473
69.3150038607373,373.130713129186,3.96078291636063
229.004781687256,408.753595752608,3.93906111420103
430.70770947347,14.5571831819732,3.25786989990418
362.267586327876,291.822445894687,3.03132785518997
604.987362881969,99.8475172361512,4.12979898689556
391.89515458197,232.221479309218,4.2761815716387
568.434976753536,410.515012590847,4.70394276290605
137.882077996778,284.400196900099,4.61905186722899
200.751020789369,375.446643808252,4.06712672903542
125.395272270887,411.237272204988,3.56458429184059
628.705631977188,318.37962406081,4.53723445394796
2.70571900944222,152.270836723115,4.43542113673372
540.134419184298,197.946646761207,4.11540271537575
32.7114036168464,490.986795914722,2.86227162268536
278.828603552948,23.3166223047305,3.92343847473266
534.14700141103,393.525220650623,3.52011992907342
85.3138440705155,78.814875426739,5.34530564603764
2.39414235797315,74.221493169151,3.48958898512832
586.415830921846,223.934406880602,4.0514018191433
438.094091483097,466.127068460409,4.65079701840236
658.374022118243,373.848170247185,3.13944667647951
101.205605646824,492.631341637936,4.46251398693558
622.894994394194,85.1758940575636,4.0477281946421
417.171517953755,257.673929815499,3.68224140280599
14.1559901859498,181.24717312906,3.13386690188213
77.1369143446045,127.617323974041,4.55858843281366
605.008438995352,204.141307632799,4.18773711929358
253.510332252262,230.140600571128,4.09259142181434
570.298872765172,429.614608661029,3.99805172673451
300.108332594735,137.158059259942,3.87780751236606
532.161891830078,459.990060253761,3.41787140903405
50.8003703903874,412.851936749843,4.02255992430937
201.994754427361,291.537636512062,3.99227479004827
544.464230430612,270.409973151309,3.78902244749653
188.40942231389,23.4795762833463,4.29385991213262
500.101602629831,351.757359033379,4.6355208970994
52.3320086006889,51.6933391583752,3.98919781426536
514.65956134924,146.365945153265,4.4478936190279
NA,NA,NA
660.806116169863,334.722466081493,3.38690548210203
459.840379568437,299.775190118431,3.65422675410708
14.2860847059482,495.234168513897,3.6078107301971
564.852160393247,57.4903160705976,4.16298072626473
69.3150038607373,373.130713129186,3.96078291636063
229.004781687256,408.753595752608,3.93906111420103
430.70770947347,14.5571831819732,3.25786989990418
362.267586327876,291.822445894687,3.03132785518997
604.987362881969,99.8475172361512,4.12979898689556
391.89515458197,232.221479309218,4.2761815716387
568.434976753536,410.515012590847,4.70394276290605
137.882077996778,284.400196900099,4.61905186722899
200.751020789369,375.446643808252,4.06712672903542
125.395272270887,411.237272204988,3.56458429184059
628.705631977188,318.37962406081,4.53723445394796
2.70571900944222,152.270836723115,4.43542113673372
540.134419184298,197.946646761207,4.11540271537575
32.7114036168464,490.986795914722,2.86227162268536
278.828603552948,23.3166223047305,3.92343847473266
534.14700141103,393.525220650623,3.52011992907342
85.3138440705155,78.814875426739,5.34530564603764
2.39414235797315,74.221493169151,3.48958898512832
586.415830921846,223.934406880602,4.0514018191433
438.094091483097,466.127068460409,4.65079701840236
658.374022118243,373.848170247185,3.13944667647951
101.205605646824,492.631341637936,4.46251398693558
622.894994394194,85.1758940575636,4.0477281946421
417.171517953755,257.673929815499,3.68224140280599
14.1559901859498,181.24717312906,3.13386690188213
77.1369143446045,127.617323974041,4.55858843281366
605.008438995352,204.141307632799,4.18773711929358
253.510332252262,230.140600571128,4.09259142181434
570.298872765172,429.614608661029,3.99805172673451
300.108332594735,137.158059259942,3.87780751236606
532.161891830078,459.990060253761,3.41787140903405
50.8003703903874,412.851936749843,4.02255992430937
201.994754427361,291.537636512062,3.99227479004827
544.464230430612,270.409973151309,3.78902244749653
188.40942231389,23.4795762833463,4.29385991213262
500.101602629831,351.757359033379,4.6355208970994
52.3320086006889,51.6933391583752,3.98919781426536
514.65956134924,146.365945153265,4.4478936190279
NA,NA,NA
657.63301390077,331.248015273823,3.48699351469186
456.603329275582,300.276761260916,3.45639821637739
12.1797566930722,492.49160393377,3.77818664966056
556.817715679531,49.6795679171074,4.07948025917399
75.165557711945,374.486496077272,3.92893318226149
229.788766601253,416.882010491733,3.83073438743893
428.243935311152,11.1333633384447,3.41400555679116
360.009464622551,292.923174425793,3.06826088057401
600.163105671243,100.702996343237,4.21352956546405
393.004052877225,234.92817950477,4.14265541682322
563.244272750086,412.077868862618,4.75835134912691
137.02720578223,278.391269347921,4.61555674145804
195.243689961961,374.670736623232,3.96685767702702
128.434145490271,410.256297863282,3.44684333266207
635.249625546151,313.851626466469,4.35167620758278
-3.67171470058087,153.334240355376,4.33610420485491
543.340213597488,202.444773974763,4.13814399490877
31.7221969061037,489.541078072446,3.02505832425068
280.662322168363,19.897552599205,3.69119408362102
533.861133066249,395.066855751585,3.43149914156645
74.5352032542896,75.5976972910321,5.28511394196917
0.709608111462328,77.0894546595069,3.58864402200789
584.904147821823,225.369789772244,4.01873189261466
446.183756361011,465.344630658684,4.81969275630371
658.185454853238,373.685034612173,3.17408056990088
104.311696825527,480.12079361159,4.3916211571388
624.048004900135,88.7507040526323,4.08555699468431
420.719386925798,255.431596560043,3.55997534316037
7.62269437571943,182.712268341898,3.28523597128194
62.6345034455403,109.729406599225,4.51860226683203
601.425763613153,203.383157223724,4.33323823367251
255.091770084068,220.163456099796,3.47377950583205
564.710805035382,437.730020594855,3.83319327215311
301.690281510694,137.306325395918,3.87174329351759
528.305960840307,450.351599058396,3.84724435297941
41.9755510083526,410.279023261582,3.52529908699733
202.262955740984,288.322950311605,3.93237388714111
547.686148888986,263.298505603298,3.73404172426619
160.828956699852,25.0650837588226,4.35620121576258
496.706739411864,335.6194779813,4.66079188706072
35.4633360076444,58.5717233781265,3.93474560305752
525.186107863716,148.155450612864,4.53944460828906
NA,NA,NA
657.63301390077,331.248015273823,3.48699351469186
456.603329275582,300.276761260916,3.45639821637739
12.1797566930722,492.49160393377,3.77818664966056
556.817715679531,49.6795679171074,4.07948025917399
75.165557711945,374.486496077272,3.92893318226149
229.788766601253,416.882010491733,3.83073438743893
428.243935311152,11.1333633384447,3.41400555679116
360.009464622551,292.923174425793,3.06826088057401
600.163105671243,100.702996343237,4.21352956546405
393.004052877225,234.92817950477,4.14265541682322
563.244272750086,412.077868862618,4.75835134912691
137.02720578223,278.391269347921,4.61555674145804
195.243689961961,374.670736623232,3.96685767702702
128.434145490271,410.256297863282,3.44684333266207
635.249625546151,313.851626466469,4.35167620758278
-3.67171470058087,153.334240355376,4.33610420485491
543.340213597488,202.444773974763,4.13814399490877
31.7221969061037,489.541078072446,3.02505832425068
280.662322168363,19.897552599205,3.69119408362102
533.861133066249,395.066855751585,3.43149914156645
74.5352032542896,75.5976972910321,5.28511394196917
0.709608111462328,77.0894546595069,3.58864402200789
584.904147821823,225.369789772244,4.01873189261466
446.183756361011,465.344630658684,4.81969275630371
658.185454853238,373.685034612173,3.17408056990088
104.311696825527,480.12079361159,4.3916211571388
624.048004900135,88.7507040526323,4.08555699468431
420.719386925798,255.431596560043,3.55997534316037
7.62269437571943,182.712268341898,3.28523597128194
62.6345034455403,109.729406599225,4.51860226683203
601.425763613153,203.383157223724,4.33323823367251
255.091770084068,220.163456099796,3.47377950583205
564.710805035382,437.730020594855,3.83319327215311
301.690281510694,137.306325395918,3.87174329351759
528.305960840307,450.351599058396,3.84724435297941
41.9755510083526,410.279023261582,3.52529908699733
202.262955740984,288.322950311605,3.93237388714111
547.686148888986,263.298505603298,3.73404172426619
160.828956699852,25.0650837588226,4.35620121576258
496.706739411864,335.6194779813,4.66079188706072
35.4633360076444,58.5717233781265,3.93474560305752
525.186107863716,148.155450612864,4.53944460828906
NA,NA,NA
657.63301390077,331.248015273823,3.48699351469186
456.603329275582,300.276761260916,3.45639821637739
12.1797566930722,492.49160393377,3.77818664966056
556.817715679531,49.6795679171074,4.07948025917399
75.165557711945,374.486496077272,3.92893318226149
229.788766601253,416.882010491733,3.83073438743893
428.243935311152,11.1333633384447,3.41400555679116
360.009464622551,292.923174425793,3.06826088057401
600.163105671243,100.702996343237,4.21352956546405
393.004052877225,234.92817950477,4.14265541682322
563.244272750086,412.077868862618,4.75835134912691
137.02720578223,278.391269347921,4.61555674145804
195.243689961961,374.670736623232,3.96685767702702
128.434145490271,410.256297863282,3.44684333266207
635.249625546151,313.851626466469,4.35167620758278
-3.67171470058087,153.334240355376,4.33610420485491
543.340213597488,202.444773974763,4.13814399490877
31.7221969061037,489.541078072446,3.02505832425068
280.662322168363,19.897552599205,3.69119408362102
533.861133066249,395.066855751585,3.43149914156645
74.5352032542896,75.5976972910321,5.28511394196917
0.709608111462328,77.0894546595069,3.58864402200789
584.904147821823,225.369789772244,4.01873189261466
446.183756361011,465.344630658684,4.81969275630371
658.185454853238,373.685034612173,3.17408056990088
104.311696825527,480.12079361159,4.3916211571388
624.048004900135,88.7507040526323,4.08555699468431
420.719386925798,255.431596560043,3.55997534316037
7.62269437571943,182.712268341898,3.28523597128194
62.6345034455403,109.729406599225,4.51860226683203
601.425763613153,203.383157223724,4.33323823367251
255.091770084068,220.163456099796,3.47377950583205
564.710805035382,437.730020594855,3.83319327215311
301.690281510694,137.306325395918,3.87174329351759
528.305960840307,450.351599058396,3.84724435297941
41.9755510083526,410.279023261582,3.52529908699733
202.262955740984,288.322950311605,3.93237388714111
547.686148888986,263.298505603298,3.73404172426619
160.828956699852,25.0650837588226,4.35620121576258
496.706739411864,335.6194779813,4.66079188706072
35.4633360076444,58.5717233781265,3.93474560305752
525.186107863716,148.155450612864,4.53944460828906
NA,NA,NA
657.63301390077,331.248015273823,3.48699351469186
456.603329275582,300.276761260916,3.45639821637739
12.1797566930722,492.49160393377,3.77818664966056
556.817715679531,49.6795679171074,4.07948025917399
75.165557711945,374.486496077272,3.92893318226149
229.788766601253,416.882010491733,3.83073438743893
428.243935311152,11.1333633384447,3.41400555679116
360.009464622551,292.923174425793,3.06826088057401
600.163105671243,100.702996343237,4.21352956546405
393.004052877225,234.92817950477,4.14265541682322
563.244272750086,412.077868862618,4.75835134912691
137.02720578223,278.391269347921,4.61555674145804
195.243689961961,374.670736623232,3.96685767702702
128.434145490271,410.256297863282,3.44684333266207
635.249625546151,313.851626466469,4.35167620758278
-3.67171470058087,153.334240355376,4.33610420485491
543.340213597488,202.444773974763,4.13814399490877
31.7221969061037,489.541078072446,3.02505832425068
280.662322168363,19.897552599205,3.69119408362102
533.861133066249,395.066855751585,3.43149914156645
74.5352032542896,75.5976972910321,5.28511394196917
0.709608111462328,77.0894546595069,3.58864402200789
584.904147821823,225.369789772244,4.01873189261466
446.183756361011,465.344630658684,4.81969275630371
658.185454853238,373.685034612173,3.17408056990088
104.311696825527,480.12079361159,4.3916211571388
624.048004900135,88.7507040526323,4.08555699468431
420.719386925798,255.431596560043,3.55997534316037
7.62269437571943,182.712268341898,3.28523597128194
62.6345034455403,109.729406599225,4.51860226683203
601.425763613153,203.383157223724,4.33323823367251
255.091770084068,220.163456099796,3.47377950583205
564.710805035382,437.730020594855,3.83319327215311
301.690281510694,137.306325395918,3.87174329351759
528.305960840307,450.351599058396,3.84724435297941
41.9755510083526,410.279023261582,3.52529908699733
202.262955740984,288.322950311605,3.93237388714111
547.686148888986,263.298505603298,3.73404172426619
160.828956699852,25.0650837588226,4.35620121576258
496.706739411864,335.6194779813,4.66079188706072
35.4633360076444,58.5717233781265,3.93474560305752
525.186107863716,148.155450612864,4.53944460828906
NA,NA,NA
657.63301390077,331.248015273823,3.48699351469186
456.603329275582,300.276761260916,3.45639821637739
12.1797566930722,492.49160393377,3.77818664966056
556.817715679531,49.6795679171074,4.07948025917399
75.165557711945,374.486496077272,3.92893318226149
229.788766601253,416.882010491733,3.83073438743893
428.243935311152,11.1333633384447,3.41400555679116
360.009464622551,292.923174425793,3.06826088057401
600.163105671243,100.702996343237,4.21352956546405
393.004052877225,234.92817950477,4.14265541682322
563.244272750086,412.077868862618,4.75835134912691
137.02720578223,278.391269347921,4.61555674145804
195.243689961961,374.670736623232,3.96685767702702
128.434145490271,410.256297863282,3.44684333266207
635.249625546151,313.851626466469,4.35167620758278
-3.67171470058087,153.334240355376,4.33610420485491
543.340213597488,202.444773974763,4.13814399490877
31.7221969061037,489.541078072446,3.02505832425068
280.662322168363,19.897552599205,3.69119408362102
533.861133066249,395.066855751585,3.43149914156645
74.5352032542896,75.5976972910321,5.28511394196917
0.709608111462328,77.0894546595069,3.58864402200789
584.904147821823,225.369789772244,4.01873189261466
446.183756361011,465.344630658684,4.81969275630371
658.185454853238,373.685034612173,3.17408056990088
104.311696825527,480.12079361159,4.3916211571388
624.048004900135,88.7507040526323,4.08555699468431
420.719386925798,255.431596560043,3.55997534316037
7.62269437571943,182.712268341898,3.28523597128194
62.6345034455403,109.729406599225,4.51860226683203
601.425763613153,203.383157223724,4.33323823367251
255.091770084068,220.163456099796,3.47377950583205
564.710805035382,437.730020594855,3.83319327215311
301.690281510694,137.306325395918,3.87174329351759
528.305960840307,450.351599058396,3.84724435297941
41.9755510083526,410.279023261582,3.52529908699733
202.262955740984,288.322950311605,3.93237388714111
547.686148888986,263.298505603298,3.73404172426619
160.828956699852,25.0650837588226,4.35620121576258
496.706739411864,335.6194779813,4.66079188706072
35.4633360076444,58.5717233781265,3.93474560305752
525.186107863716,148.155450612864,4.53944460828906
NA,NA,NA
657.63301390077,331.248015273823,3.48699351469186
456.603329275582,300.276761260916,3.45639821637739
12.1797566930722,492.49160393377,3.77818664966056
556.817715679531,49.6795679171074,4.07948025917399
75.165557711945,374.486496077272,3.92893318226149
229.788766601253,416.882010491733,3.83073438743893
428.243935311152,11.1333633384447,3.41400555679116
360.009464622551,292.923174425793,3.06826088057401
600.163105671243,100.702996343237,4.21352956546405
393.004052877225,234.92817950477,4.14265541682322
563.244272750086,412.077868862618,4.75835134912691
137.02720578223,278.391269347921,4.61555674145804
195.243689961961,374.670736623232,3.96685767702702
128.434145490271,410.256297863282,3.44684333266207
635.249625546151,313.851626466469,4.35167620758278
-3.67171470058087,153.334240355376,4.33610420485491
543.340213597488,202.444773974763,4.13814399490877
31.7221969061037,489.541078072446,3.02505832425068
280.662322168363,19.897552599205,3.69119408362102
533.861133066249,395.066855751585,3.43149914156645
74.5352032542896,75.5976972910321,5.28511394196917
0.709608111462328,77.0894546595069,3.58864402200789
584.904147821823,225.369789772244,4.01873189261466
446.183756361011,465.344630658684,4.81969275630371
658.185454853238,373.685034612173,3.17408056990088
104.311696825527,480.12079361159,4.3916211571388
624.048004900135,88.7507040526323,4.08555699468431
420.719386925798,255.431596560043,3.55997534316037
7.62269437571943,182.712268341898,3.28523597128194
62.6345034455403,109.729406599225,4.51860226683203
601.425763613153,203.383157223724,4.33323823367251
255.091770084068,220.163456099796,3.47377950583205
564.710805035382,437.730020594855,3.83319327215311
301.690281510694,137.306325395918,3.87174329351759
528.305960840307,450.351599058396,3.84724435297941
41.9755510083526,410.279023261582,3.52529908699733
202.262955740984,288.322950311605,3.93237388714111
547.686148888986,263.298505603298,3.73404172426619
160.828956699852,25.0650837588226,4.35620121576258
496.706739411864,335.6194779813,4.66079188706072
35.4633360076444,58.5717233781265,3.93474560305752
525.186107863716,148.155450612864,4.53944460828906
NA,NA,NA
660.122867840132,335.28222336875,3.44961489340099
455.122263310044,295.81849944281,3.8482445053337
9.97094128307078,493.401222017501,3.57102598272642
564.751601582203,50.4432923194246,4.2558426190925
71.8344351740882,377.021391362973,4.00372605499771
231.317857924517,416.507208750285,3.86055966282301
431.804148127204,14.1194566011449,3.41774152692546
360.626849845828,293.471204625978,2.97389949369618
606.838867959951,105.546216313696,4.20391672479678
389.57521072425,235.431245222857,4.23014902234153
570.013252382735,408.876368566009,4.72499758698179
136.49255436828,285.620331232378,4.58250832708699
202.120170625658,369.611304036579,3.95146205555618
124.254698034895,412.094080856369,3.43490901368823
629.481846138837,310.105046056306,4.6253710508647
6.94445190670599,150.627147397407,4.29371763911131
539.727547045456,202.418362185607,4.21027134861079
35.4964003939354,490.079415395785,3.06206763505097
280.969243355034,24.528514931153,3.95248213413174
533.22898933753,393.380966915782,3.36350954260295
64.1598249179859,78.3099510176126,5.1504379645069
5.10378244946729,75.9664839978085,3.52053457551805
587.678487472209,228.703069896739,4.07046040537267
444.629511858379,458.123386452349,4.82894944096449
660.41215228607,370.69979305744,3.04034558944039
104.439336291462,493.549570672365,4.32303436397729
623.610870695557,87.0270443830764,4.11684235273388
421.782193077909,259.357170540263,3.67587704864532
11.6827142842433,182.410973692392,3.2443467417261
54.572687086507,114.486560189982,4.49367387188775
609.392531910992,207.287830384208,4.30860318709545
246.7326636533,216.537910932441,3.66039579834612
566.900361675609,430.537336195002,3.6832954148397
299.015675901112,144.158160637135,3.97545324323235
527.404129521378,443.340081842834,3.66220085022279
55.6891544943386,422.883998779668,3.86138591689305
199.389590486629,294.471035666975,4.35494960973455
551.795125991255,260.769015821921,3.6892105599467
168.65673907752,36.8942882484625,4.21030431854564
511.036056182179,348.396181911158,4.57402449923955
30.4684095516649,58.5036872285807,3.92762244727358
539.072805568684,152.959999331673,5.07187421762104
NA,NA,NA
660.122867840132,335.28222336875,3.44961489340099
455.122263310044,295.81849944281,3.8482445053337
9.97094128307078,493.401222017501,3.57102598272642
564.751601582203,50.4432923194246,4.2558426190925
71.8344351740882,377.021391362973,4.00372605499771
231.317857924517,416.507208750285,3.86055966282301
431.804148127204,14.1194566011449,3.41774152692546
360.626849845828,293.471204625978,2.97389949369618
606.838867959951,105.546216313696,4.20391672479678
389.57521072425,235.431245222857,4.23014902234153
570.013252382735,408.876368566009,4.72499758698179
136.49255436828,285.620331232378,4.58250832708699
202.120170625658,369.611304036579,3.95146205555618
124.254698034895,412.094080856369,3.43490901368823
629.481846138837,310.105046056306,4.6253710508647
6.94445190670599,150.627147397407,4.29371763911131
539.727547045456,202.418362185607,4.21027134861079
35.4964003939354,490.079415395785,3.06206763505097
280.969243355034,24.528514931153,3.95248213413174
533.22898933753,393.380966915782,3.36350954260295
64.1598249179859,78.3099510176126,5.1504379645069
5.10378244946729,75.9664839978085,3.52053457551805
587.678487472209,228.703069896739,4.07046040537267
444.629511858379,458.123386452349,4.82894944096449
660.41215228607,370.69979305744,3.04034558944039
104.439336291462,493.549570672365,4.32303436397729
623.610870695557,87.0270443830764,4.11684235273388
421.782193077909,259.357170540263,3.67587704864532
11.6827142842433,182.410973692392,3.2443467417261
54.572687086507,114.486560189982,4.49367387188775
609.392531910992,207.287830384208,4.30860318709545
246.7326636533,216.537910932441,3.66039579834612
566.900361675609,430.537336195002,3.6832954148397
299.015675901112,144.158160637135,3.97545324323235
527.404129521378,443.340081842834,3.66220085022279
55.6891544943386,422.883998779668,3.86138591689305
199.389590486629,294.471035666975,4.35494960973455
551.795125991255,260.769015821921,3.6892105599467
168.65673907752,36.8942882484625,4.21030431854564
511.036056182179,348.396181911158,4.57402449923955
30.4684095516649,58.5036872285807,3.92762244727358
539.072805568684,152.959999331673,5.07187421762104
NA,NA,NA
660.122867840132,335.28222336875,3.44961489340099
455.122263310044,295.81849944281,3.8482445053337
9.97094128307078,493.401222017501,3.57102598272642
564.751601582203,50.4432923194246,4.2558426190925
71.8344351740882,377.021391362973,4.00372605499771
231.317857924517,416.507208750285,3.86055966282301
431.804148127204,14.1194566011449,3.41774152692546
360.626849845828,293.471204625978,2.97389949369618
606.838867959951,105.546216313696,4.20391672479678
389.57521072425,235.431245222857,4.23014902234153
570.013252382735,408.876368566009,4.72499758698179
136.49255436828,285.620331232378,4.58250832708699
202.120170625658,369.611304036579,3.95146205555618
124.254698034895,412.094080856369,3.43490901368823
629.481846138837,310.105046056306,4.6253710508647
6.94445190670599,150.627147397407,4.29371763911131
539.727547045456,202.418362185607,4.21027134861079
35.4964003939354,490.079415395785,3.06206763505097
280.969243355034,24.528514931153,3.95248213413174
533.22898933753,393.380966915782,3.36350954260295
64.1598249179859,78.3099510176126,5.1504379645069
5.10378244946729,75.9664839978085,3.52053457551805
587.678487472209,228.703069896739,4.07046040537267
444.629511858379,458.123386452349,4.82894944096449
660.41215228607,370.69979305744,3.04034558944039
104.439336291462,493.549570672365,4.32303436397729
623.610870695557,87.0270443830764,4.11684235273388
421.782193077909,259.357170540263,3.67587704864532
11.6827142842433,182.410973692392,3.2443467417261
54.572687086507,114.486560189982,4.49367387188775
609.392531910992,207.287830384208,4.30860318709545
246.7326636533,216.537910932441,3.66039579834612
566.900361675609,430.537336195002,3.6832954148397
299.015675901112,144.158160637135,3.97545324323235
527.404129521378,443.340081842834,3.66220085022279
55.6891544943386,422.883998779668,3.86138591689305
199.389590486629,294.471035666975,4.35494960973455
551.795125991255,260.769015821921,3.6892105599467
168.65673907752,36.8942882484625,4.21030431854564
511.036056182179,348.396181911158,4.57402449923955
30.4684095516649,58.5036872285807,3.92762244727358
539.072805568684,152.959999331673,5.07187421762104
NA,NA,NA
660.122867840132,335.28222336875,3.44961489340099
455.122263310044,295.81849944281,3.8482445053337
9.97094128307078,493.401222017501,3.57102598272642
564.751601582203,50.4432923194246,4.2558426190925
71.8344351740882,377.021391362973,4.00372605499771
231.317857924517,416.507208750285,3.86055966282301
431.804148127204,14.1194566011449,3.41774152692546
360.626849845828,293.471204625978,2.97389949369618
606.838867959951,105.546216313696,4.20391672479678
389.57521072425,235.431245222857,4.23014902234153
570.013252382735,408.876368566009,4.72499758698179
136.49255436828,285.620331232378,4.58250832708699
202.120170625658,369.611304036579,3.95146205555618
124.254698034895,412.094080856369,3.43490901368823
629.481846138837,310.105046056306,4.6253710508647
6.94445190670599,150.627147397407,4.29371763911131
539.727547045456,202.418362185607,4.21027134861079
35.4964003939354,490.079415395785,3.06206763505097
280.969243355034,24.528514931153,3.95248213413174
533.22898933753,393.380966915782,3.36350954260295
64.1598249179859,78.3099510176126,5.1504379645069
5.10378244946729,75.9664839978085,3.52053457551805
587.678487472209,228.703069896739,4.07046040537267
444.629511858379,458.123386452349,4.82894944096449
660.41215228607,370.69979305744,3.04034558944039
104.439336291462,493.549570672365,4.32303436397729
623.610870695557,87.0270443830764,4.11684235273388
421.782193077909,259.357170540263,3.67587704864532
11.6827142842433,182.410973692392,3.2443467417261
54.572687086507,114.486560189982,4.49367387188775
609.392531910992,207.287830384208,4.30860318709545
246.7326636533,216.537910932441,3.66039579834612
566.900361675609,430.537336195002,3.6832954148397
299.015675901112,144.158160637135,3.97545324323235
527.404129521378,443.340081842834,3.66220085022279
55.6891544943386,422.883998779668,3.86138591689305
199.389590486629,294.471035666975,4.35494960973455
551.795125991255,260.769015821921,3.6892105599467
168.65673907752,36.8942882484625,4.21030431854564
511.036056182179,348.396181911158,4.57402449923955
30.4684095516649,58.5036872285807,3.92762244727358
539.072805568684,152.959999331673,5.07187421762104
NA,NA,NA
660.122867840132,335.28222336875,3.44961489340099
455.122263310044,295.81849944281,3.8482445053337
9.97094128307078,493.401222017501,3.57102598272642
564.751601582203,50.4432923194246,4.2558426190925
71.8344351740882,377.021391362973,4.00372605499771
231.317857924517,416.507208750285,3.86055966282301
431.804148127204,14.1194566011449,3.41774152692546
360.626849845828,293.471204625978,2.97389949369618
606.838867959951,105.546216313696,4.20391672479678
389.57521072425,235.431245222857,4.23014902234153
570.013252382735,408.876368566009,4.72499758698179
136.49255436828,285.620331232378,4.58250832708699
202.120170625658,369.611304036579,3.95146205555618
124.254698034895,412.094080856369,3.43490901368823
629.481846138837,310.105046056306,4.6253710508647
6.94445190670599,150.627147397407,4.29371763911131
539.727547045456,202.418362185607,4.21027134861079
35.4964003939354,490.079415395785,3.06206763505097
280.969243355034,24.528514931153,3.95248213413174
533.22898933753,393.380966915782,3.36350954260295
64.1598249179859,78.3099510176126,5.1504379645069
5.10378244946729,75.9664839978085,3.52053457551805
587.678487472209,228.703069896739,4.07046040537267
444.629511858379,458.123386452349,4.82894944096449
660.41215228607,370.69979305744,3.04034558944039
104.439336291462,493.549570672365,4.32303436397729
623.610870695557,87.0270443830764,4.11684235273388
421.782193077909,259.357170540263,3.67587704864532
11.6827142842433,182.410973692392,3.2443467417261
54.572687086507,114.486560189982,4.49367387188775
609.392531910992,207.287830384208,4.30860318709545
246.7326636533,216.537910932441,3.66039579834612
566.900361675609,430.537336195002,3.6832954148397
299.015675901112,144.158160637135,3.97545324323235
527.404129521378,443.340081842834,3.66220085022279
55.6891544943386,422.883998779668,3.86138591689305
199.389590486629,294.471035666975,4.35494960973455
551.795125991255,260.769015821921,3.6892105599467
168.65673907752,36.8942882484625,4.21030431854564
511.036056182179,348.396181911158,4.57402449923955
30.4684095516649,58.5036872285807,3.92762244727358
539.072805568684,152.959999331673,5.07187421762104
NA,NA,NA
660.122867840132,335.28222336875,3.44961489340099
455.122263310044,295.81849944281,3.8482445053337
9.97094128307078,493.401222017501,3.57102598272642
564.751601582203,50.4432923194246,4.2558426190925
71.8344351740882,377.021391362973,4.00372605499771
231.317857924517,416.507208750285,3.86055966282301
431.804148127204,14.1194566011449,3.41774152692546
360.626849845828,293.471204625978,2.97389949369618
606.838867959951,105.546216313696,4.20391672479678
389.57521072425,235.431245222857,4.23014902234153
570.013252382735,408.876368566009,4.72499758698179
136.49255436828,285.620331232378,4.58250832708699
202.120170625658,369.611304036579,3.95146205555618
124.254698034895,412.094080856369,3.43490901368823
629.481846138837,310.105046056306,4.6253710508647
6.94445190670599,150.627147397407,4.29371763911131
539.727547045456,202.418362185607,4.21027134861079
35.4964003939354,490.079415395785,3.06206763505097
280.969243355034,24.528514931153,3.95248213413174
533.22898933753,393.380966915782,3.36350954260295
64.1598249179859,78.3099510176126,5.1504379645069
5.10378244946729,75.9664839978085,3.52053457551805
587.678487472209,228.703069896739,4.07046040537267
444.629511858379,458.123386452349,4.82894944096449
660.41215228607,370.69979305744,3.04034558944039
104.439336291462,493.549570672365,4.32303436397729
623.610870695557,87.0270443830764,4.11684235273388
421.782193077909,259.357170540263,3.67587704864532
11.6827142842433,182.410973692392,3.2443467417261
54.572687086507,114.486560189982,4.49367387188775
609.392531910992,207.287830384208,4.30860318709545
246.7326636533,216.537910932441,3.66039579834612
566.900361675609,430.537336195002,3.6832954148397
299.015675901112,144.158160637135,3.97545324323235
527.404129521378,443.340081842834,3.66220085022279
55.6891544943386,422.883998779668,3.86138591689305
199.389590486629,294.471035666975,4.35494960973455
551.795125991255,260.769015821921,3.6892105599467
168.65673907752,36.8942882484625,4.21030431854564
511.036056182179,348.396181911158,4.57402449923955
30.4684095516649,58.5036872285807,3.92762244727358
539.072805568684,152.959999331673,5.07187421762104
NA,NA,NA
661.227376131201,332.92798675371,3.44300368366024
457.641853723673,301.849637084304,3.61957965180432
11.4370214038591,488.754313896246,3.66648619255245
564.948062338228,52.0591729585501,4.16821019066885
68.220841699369,372.557159465215,4.05292104880449
228.39848610317,415.007135320589,3.86524923146753
428.289028442475,11.5690383246975,3.06227022953825
360.486547908894,290.142821626849,3.16218631393799
601.348143110408,102.58040558599,4.25007653635199
395.456690134671,227.454464669669,4.24529232313417
573.037817277354,403.139895295096,4.69891299593342
140.012270091065,280.425764113642,4.60723958778644
199.379441417173,367.021889792711,3.96773886714246
129.720234847832,414.754083286986,3.42720225166261
624.704096582645,315.440861734823,4.69364501923979
-2.16447763087886,147.453254190725,4.22606689737743
546.097468047678,207.085927632461,4.18502381518108
32.6426119433542,492.262456846408,3.05654477461411
282.652540308917,21.8471467565868,3.91820776737068
535.713856923737,393.947109411496,3.43675117026631
82.4156175111297,79.0839912812808,5.24284908539567
4.9096155268067,75.8690985268683,3.64874347639598
589.153255111231,228.820215591515,3.97142190328403
436.455004476658,462.113951869138,4.8428499692957
659.872882493772,374.324150043635,3.09559962286557
105.000498842522,491.732443474036,4.27371806778185
622.282721792004,89.2438953047573,4.12108717880985
418.489501199118,257.607221657133,3.69847415953454
9.63653417870005,181.271971579728,3.13310558524112
59.7872914353446,126.905057165952,4.29480031988784
607.693341157864,194.455026029985,4.41274078394235
255.632835187462,220.760844049111,3.85968772613272
568.459634202406,431.86228954283,3.96520673863788
303.117984458349,138.583789986639,3.9443745087162
528.23747082675,461.727262504152,3.89561230142112
44.8029392148907,417.144589917933,3.89497952408177
200.257426356117,287.146192950156,4.67314497004469
547.715877528591,259.96647905846,3.71050784246106
166.121727355912,26.9320621105859,4.58868191318208
496.920582139562,343.867300796399,4.73527283351774
32.1203741727816,52.1069165199393,3.92660117573411
523.240123355096,169.709084073338,4.51351746097232
NA,NA,NA
661.227376131201,332.92798675371,3.44300368366024
457.641853723673,301.849637084304,3.61957965180432
11.4370214038591,488.754313896246,3.66648619255245
564.948062338228,52.0591729585501,4.16821019066885
68.220841699369,372.557159465215,4.05292104880449
228.39848610317,415.007135320589,3.86524923146753
428.289028442475,11.5690383246975,3.06227022953825
360.486547908894,290.142821626849,3.16218631393799
601.348143110408,102.58040558599,4.25007653635199
395.456690134671,227.454464669669,4.24529232313417
573.037817277354,403.139895295096,4.69891299593342
140.012270091065,280.425764113642,4.60723958778644
199.379441417173,367.021889792711,3.96773886714246
129.720234847832,414.754083286986,3.42720225166261
624.704096582645,315.440861734823,4.69364501923979
-2.16447763087886,147.453254190725,4.22606689737743
546.097468047678,207.085927632461,4.18502381518108
32.6426119433542,492.262456846408,3.05654477461411
282.652540308917,21.8471467565868,3.91820776737068
535.713856923737,393.947109411496,3.43675117026631
82.4156175111297,79.0839912812808,5.24284908539567
4.9096155268067,75.8690985268683,3.64874347639598
589.153255111231,228.820215591515,3.97142190328403
436.455004476658,462.113951869138,4.8428499692957
659.872882493772,374.324150043635,3.09559962286557
105.000498842522,491.732443474036,4.27371806778185
622.282721792004,89.2438953047573,4.12108717880985
418.489501199118,257.607221657133,3.69847415953454
9.63653417870005,181.271971579728,3.13310558524112
59.7872914353446,126.905057165952,4.29480031988784
607.693341157864,194.455026029985,4.41274078394235
255.632835187462,220.760844049111,3.85968772613272
568.459634202406,431.86228954283,3.96520673863788
303.117984458349,138.583789986639,3.9443745087162
528.23747082675,461.727262504152,3.89561230142112
44.8029392148907,417.144589917933,3.89497952408177
200.257426356117,287.146192950156,4.67314497004469
547.715877528591,259.96647905846,3.71050784246106
166.121727355912,26.9320621105859,4.58868191318208
496.920582139562,343.867300796399,4.73527283351774
32.1203741727816,52.1069165199393,3.92660117573411
523.240123355096,169.709084073338,4.51351746097232
NA,NA,NA
661.227376131201,332.92798675371,3.44300368366024
457.641853723673,301.849637084304,3.61957965180432
11.4370214038591,488.754313896246,3.66648619255245
564.948062338228,52.0591729585501,4.16821019066885
68.220841699369,372.557159465215,4.05292104880449
228.39848610317,415.007135320589,3.86524923146753
428.289028442475,11.5690383246975,3.06227022953825
360.486547908894,290.142821626849,3.16218631393799
601.348143110408,102.58040558599,4.25007653635199
395.456690134671,227.454464669669,4.24529232313417
573.037817277354,403.139895295096,4.69891299593342
140.012270091065,280.425764113642,4.60723958778644
199.379441417173,367.021889792711,3.96773886714246
129.720234847832,414.754083286986,3.42720225166261
624.704096582645,315.440861734823,4.69364501923979
-2.16447763087886,147.453254190725,4.22606689737743
546.097468047678,207.085927632461,4.18502381518108
32.6426119433542,492.262456846408,3.05654477461411
282.652540308917,21.8471467565868,3.91820776737068
535.713856923737,393.947109411496,3.43675117026631
82.4156175111297,79.0839912812808,5.24284908539567
4.9096155268067,75.8690985268683,3.64874347639598
589.153255111231,228.820215591515,3.97142190328403
436.455004476658,462.113951869138,4.8428499692957
659.872882493772,374.324150043635,3.09559962286557
105.000498842522,491.732443474036,4.27371806778185
622.282721792004,89.2438953047573,4.12108717880985
418.489501199118,257.607221657133,3.69847415953454
9.63653417870005,181.271971579728,3.13310558524112
59.7872914353446,126.905057165952,4.29480031988784
607.693341157864,194.455026029985,4.41274078394235
255.632835187462,220.760844049111,3.85968772613272
568.459634202406,431.86228954283,3.96520673863788
303.117984458349,138.583789986639,3.9443745087162
528.23747082675,461.727262504152,3.89561230142112
44.8029392148907,417.144589917933,3.89497952408177
200.257426356117,287.146192950156,4.67314497004469
547.715877528591,259.96647905846,3.71050784246106
166.121727355912,26.9320621105859,4.58868191318208
496.920582139562,343.867300796399,4.73527283351774
32.1203741727816,52.1069165199393,3.92660117573411
523.240123355096,169.709084073338,4.51351746097232
NA,NA,NA
661.227376131201,332.92798675371,3.44300368366024
457.641853723673,301.849637084304,3.61957965180432
11.4370214038591,488.754313896246,3.66648619255245
564.948062338228,52.0591729585501,4.16821019066885
68.220841699369,372.557159465215,4.05292104880449
228.39848610317,415.007135320589,3.86524923146753
428.289028442475,11.5690383246975,3.06227022953825
360.486547908894,290.142821626849,3.16218631393799
601.348143110408,102.58040558599,4.25007653635199
395.456690134671,227.454464669669,4.24529232313417
573.037817277354,403.139895295096,4.69891299593342
140.012270091065,280.425764113642,4.60723958778644
199.379441417173,367.021889792711,3.96773886714246
129.720234847832,414.754083286986,3.42720225166261
624.704096582645,315.440861734823,4.69364501923979
-2.16447763087886,147.453254190725,4.22606689737743
546.097468047678,207.085927632461,4.18502381518108
32.6426119433542,492.262456846408,3.05654477461411
282.652540308917,21.8471467565868,3.91820776737068
535.713856923737,393.947109411496,3.43675117026631
82.4156175111297,79.0839912812808,5.24284908539567
4.9096155268067,75.8690985268683,3.64874347639598
589.153255111231,228.820215591515,3.97142190328403
436.455004476658,462.113951869138,4.8428499692957
659.872882493772,374.324150043635,3.09559962286557
105.000498842522,491.732443474036,4.27371806778185
622.282721792004,89.2438953047573,4.12108717880985
418.489501199118,257.607221657133,3.69847415953454
9.63653417870005,181.271971579728,3.13310558524112
59.7872914353446,126.905057165952,4.29480031988784
607.693341157864,194.455026029985,4.41274078394235
255.632835187462,220.760844049111,3.85968772613272
568.459634202406,431.86228954283,3.96520673863788
303.117984458349,138.583789986639,3.9443745087162
528.23747082675,461.727262504152,3.89561230142112
44.8029392148907,417.144589917933,3.89497952408177
200.257426356117,287.146192950156,4.67314497004469
547.715877528591,259.96647905846,3.71050784246106
166.121727355912,26.9320621105859,4.58868191318208
496.920582139562,343.867300796399,4.73527283351774
32.1203741727816,52.1069165199393,3.92660117573411
523.240123355096,169.709084073338,4.51351746097232
NA,NA,NA
661.227376131201,332.92798675371,3.44300368366024
457.641853723673,301.849637084304,3.61957965180432
11.4370214038591,488.754313896246,3.66648619255245
564.948062338228,52.0591729585501,4.16821019066885
68.220841699369,372.557159465215,4.05292104880449
228.39848610317,415.007135320589,3.86524923146753
428.289028442475,11.5690383246975,3.06227022953825
360.486547908894,290.142821626849,3.16218631393799
601.348143110408,102.58040558599,4.25007653635199
395.456690134671,227.454464669669,4.24529232313417
573.037817277354,403.139895295096,4.69891299593342
140.012270091065,280.425764113642,4.60723958778644
199.379441417173,367.021889792711,3.96773886714246
129.720234847832,414.754083286986,3.42720225166261
624.704096582645,315.440861734823,4.69364501923979
-2.16447763087886,147.453254190725,4.22606689737743
546.097468047678,207.085927632461,4.18502381518108
32.6426119433542,492.262456846408,3.05654477461411
282.652540308917,21.8471467565868,3.91820776737068
535.713856923737,393.947109411496,3.43675117026631
82.4156175111297,79.0839912812808,5.24284908539567
4.9096155268067,75.8690985268683,3.64874347639598
589.153255111231,228.820215591515,3.97142190328403
436.455004476658,462.113951869138,4.8428499692957
659.872882493772,374.324150043635,3.09559962286557
105.000498842522,491.732443474036,4.27371806778185
622.282721792004,89.2438953047573,4.12108717880985
418.489501199118,257.607221657133,3.69847415953454
9.63653417870005,181.271971579728,3.13310558524112
59.7872914353446,126.905057165952,4.29480031988784
607.693341157864,194.455026029985,4.41274078394235
255.632835187462,220.760844049111,3.85968772613272
568.459634202406,431.86228954283,3.96520673863788
303.117984458349,138.583789986639,3.9443745087162
528.23747082675,461.727262504152,3.89561230142112
44.8029392148907,417.144589917933,3.89497952408177
200.257426356117,287.146192950156,4.67314497004469
547.715877528591,259.96647905846,3.71050784246106
166.121727355912,26.9320621105859,4.58868191318208
496.920582139562,343.867300796399,4.73527283351774
32.1203741727816,52.1069165199393,3.92660117573411
523.240123355096,169.709084073338,4.51351746097232
NA,NA,NA
661.227376131201,332.92798675371,3.44300368366024
457.641853723673,301.849637084304,3.61957965180432
11.4370214038591,488.754313896246,3.66648619255245
564.948062338228,52.0591729585501,4.16821019066885
68.220841699369,372.557159465215,4.05292104880449
228.39848610317,415.007135320589,3.86524923146753
428.289028442475,11.5690383246975,3.06227022953825
360.486547908894,290.142821626849,3.16218631393799
601.348143110408,102.58040558599,4.25007653635199
395.456690134671,227.454464669669,4.24529232313417
573.037817277354,403.139895295096,4.69891299593342
140.012270091065,280.425764113642,4.60723958778644
199.379441417173,367.021889792711,3.96773886714246
129.720234847832,414.754083286986,3.42720225166261
624.704096582645,315.440861734823,4.69364501923979
-2.16447763087886,147.453254190725,4.22606689737743
546.097468047678,207.085927632461,4.18502381518108
32.6426119433542,492.262456846408,3.05654477461411
282.652540308917,21.8471467565868,3.91820776737068
535.713856923737,393.947109411496,3.43675117026631
82.4156175111297,79.0839912812808,5.24284908539567
4.9096155268067,75.8690985268683,3.64874347639598
589.153255111231,228.820215591515,3.97142190328403
436.455004476658,462.113951869138,4.8428499692957
659.872882493772,374.324150043635,3.09559962286557
105.000498842522,491.732443474036,4.27371806778185
622.282721792004,89.2438953047573,4.12108717880985
418.489501199118,257.607221657133,3.69847415953454
9.63653417870005,181.271971579728,3.13310558524112
59.7872914353446,126.905057165952,4.29480031988784
607.693341157864,194.455026029985,4.41274078394235
255.632835187462,220.760844049111,3.85968772613272
568.459634202406,431.86228954283,3.96520673863788
303.117984458349,138.583789986639,3.9443745087162
528.23747082675,461.727262504152,3.89561230142112
44.8029392148907,417.144589917933,3.89497952408177
200.257426356117,287.146192950156,4.67314497004469
547.715877528591,259.96647905846,3.71050784246106
166.121727355912,26.9320621105859,4.58868191318208
496.920582139562,343.867300796399,4.73527283351774
32.1203741727816,52.1069165199393,3.92660117573411
523.240123355096,169.709084073338,4.51351746097232
NA,NA,NA
664.731767151667,333.750939048076,3.45248172814122
457.042794094005,296.471650605234,3.57615308021267
11.9723101573036,493.055153101446,3.53666594777848
559.876522899871,50.7871260910229,4.22266043123603
69.5171836095215,373.200849546349,3.91884417329528
231.105839697294,417.426045942447,3.88925607314499
427.661169217377,13.409636182849,3.27110205330105
361.57781301287,290.940014970229,2.95727395395793
606.414883430139,111.017239324175,4.27189903924474
391.160517204087,230.70136846911,4.24396586080323
571.725886518261,406.775324196945,4.72632910612409
142.644181533834,282.797662006953,4.51120695808033
198.12502719413,367.599333219276,4.0998350035302
123.772246926394,413.10160913916,3.46925451439596
634.227540413314,311.085443682593,4.71513921308617
6.27657716329217,146.807781370444,4.25808230784911
538.669991816954,204.337093304414,4.24826714264747
35.7552543844514,492.826796636094,3.03067409618658
280.746095456191,24.239375513824,3.75587060429309
536.73166330093,392.340395128518,3.44780541045681
75.7540208206803,76.1831617320495,5.13827056298571
3.28657363048784,74.2471333163908,3.46089304072445
583.58758381029,228.164044988255,4.02274451191064
436.132310214437,455.115563225982,4.68931879548272
657.84486934961,373.171136356854,2.75624951618287
107.674687761522,483.859125625476,4.4417484604604
625.010889427682,89.6570335256201,4.06689321518181
417.76368010559,259.565986170576,3.57809906468334
13.3452971871053,179.948753465623,3.07740725437471
82.6080466365499,112.150078952472,4.45076599938993
610.669719044987,207.621917903675,4.0614094991954
256.791321393153,228.896703406596,3.85764168395112
576.789843493404,435.350128476661,3.9370444717617
300.971690738273,138.665749980086,3.93998926291941
525.44001183673,451.561893769982,3.7896609090821
42.5545030227821,410.817777917099,3.80995037145883
190.423168427627,292.182244432907,4.09012116723772
549.015547581792,268.230115246928,3.80920542950472
176.570336913269,27.7780293090402,4.29883347671622
501.750867474835,341.711439541227,4.1580411678461
32.6204509435257,45.2729384301093,3.99624145179865
540.53533935948,161.190154766019,4.64534506563753
NA,NA,NA
664.731767151667,333.750939048076,3.45248172814122
457.042794094005,296.471650605234,3.57615308021267
11.9723101573036,493.055153101446,3.53666594777848
559.876522899871,50.7871260910229,4.22266043123603
69.5171836095215,373.200849546349,3.91884417329528
231.105839697294,417.426045942447,3.88925607314499
427.661169217377,13.409636182849,3.27110205330105
361.57781301287,290.940014970229,2.95727395395793
606.414883430139,111.017239324175,4.27189903924474
391.160517204087,230.70136846911,4.24396586080323
571.725886518261,406.775324196945,4.72632910612409
142.644181533834,282.797662006953,4.51120695808033
198.12502719413,367.599333219276,4.0998350035302
123.772246926394,413.10160913916,3.46925451439596
634.227540413314,311.085443682593,4.71513921308617
6.27657716329217,146.807781370444,4.25808230784911
538.669991816954,204.337093304414,4.24826714264747
35.7552543844514,492.826796636094,3.03067409618658
280.746095456191,24.239375513824,3.75587060429309
536.73166330093,392.340395128518,3.44780541045681
75.7540208206803,76.1831617320495,5.13827056298571
3.28657363048784,74.2471333163908,3.46089304072445
583.58758381029,228.164044988255,4.02274451191064
436.132310214437,455.115563225982,4.68931879548272
657.84486934961,373.171136356854,2.75624951618287
107.674687761522,483.859125625476,4.4417484604604
625.010889427682,89.6570335256201,4.06689321518181
417.76368010559,259.565986170576,3.57809906468334
13.3452971871053,179.948753465623,3.07740725437471
82.6080466365499,112.150078952472,4.45076599938993
610.669719044987,207.621917903675,4.0614094991954
256.791321393153,228.896703406596,3.85764168395112
576.789843493404,435.350128476661,3.9370444717617
300.971690738273,138.665749980086,3.93998926291941
525.44001183673,451.561893769982,3.7896609090821
42.5545030227821,410.817777917099,3.80995037145883
190.423168427627,292.182244432907,4.09012116723772
549.015547581792,268.230115246928,3.80920542950472
176.570336913269,27.7780293090402,4.29883347671622
501.750867474835,341.711439541227,4.1580411678461
32.6204509435257,45.2729384301093,3.99624145179865
540.53533935948,161.190154766019,4.64534506563753
NA,NA,NA
664.731767151667,333.750939048076,3.45248172814122
457.042794094005,296.471650605234,3.57615308021267
11.9723101573036,493.055153101446,3.53666594777848
559.876522899871,50.7871260910229,4.22266043123603
69.5171836095215,373.200849546349,3.91884417329528
231.105839697294,417.426045942447,3.88925607314499
427.661169217377,13.409636182849,3.27110205330105
361.57781301287,290.940014970229,2.95727395395793
606.414883430139,111.017239324175,4.27189903924474
391.160517204087,230.70136846911,4.24396586080323
571.725886518261,406.775324196945,4.72632910612409
142.644181533834,282.797662006953,4.51120695808033
198.12502719413,367.599333219276,4.0998350035302
123.772246926394,413.10160913916,3.46925451439596
634.227540413314,311.085443682593,4.71513921308617
6.27657716329217,146.807781370444,4.25808230784911
538.669991816954,204.337093304414,4.24826714264747
35.7552543844514,492.826796636094,3.03067409618658
280.746095456191,24.239375513824,3.75587060429309
536.73166330093,392.340395128518,3.44780541045681
75.7540208206803,76.1831617320495,5.13827056298571
3.28657363048784,74.2471333163908,3.46089304072445
583.58758381029,228.164044988255,4.02274451191064
436.132310214437,455.115563225982,4.68931879548272
657.84486934961,373.171136356854,2.75624951618287
107.674687761522,483.859125625476,4.4417484604604
625.010889427682,89.6570335256201,4.06689321518181
417.76368010559,259.565986170576,3.57809906468334
13.3452971871053,179.948753465623,3.07740725437471
82.6080466365499,112.150078952472,4.45076599938993
610.669719044987,207.621917903675,4.0614094991954
256.791321393153,228.896703406596,3.85764168395112
576.789843493404,435.350128476661,3.9370444717617
300.971690738273,138.665749980086,3.93998926291941
525.44001183673,451.561893769982,3.7896609090821
42.5545030227821,410.817777917099,3.80995037145883
190.423168427627,292.182244432907,4.09012116723772
549.015547581792,268.230115246928,3.80920542950472
176.570336913269,27.7780293090402,4.29883347671622
501.750867474835,341.711439541227,4.1580411678461
32.6204509435257,45.2729384301093,3.99624145179865
540.53533935948,161.190154766019,4.64534506563753
NA,NA,NA
664.731767151667,333.750939048076,3.45248172814122
457.042794094005,296.471650605234,3.57615308021267
11.9723101573036,493.055153101446,3.53666594777848
559.876522899871,50.7871260910229,4.22266043123603
69.5171836095215,373.200849546349,3.91884417329528
231.105839697294,417.426045942447,3.88925607314499
427.661169217377,13.409636182849,3.27110205330105
361.57781301287,290.940014970229,2.95727395395793
606.414883430139,111.017239324175,4.27189903924474
391.160517204087,230.70136846911,4.24396586080323
571.725886518261,406.775324196945,4.72632910612409
142.644181533834,282.797662006953,4.51120695808033
198.12502719413,367.599333219276,4.0998350035302
123.772246926394,413.10160913916,3.46925451439596
634.227540413314,311.085443682593,4.71513921308617
6.27657716329217,146.807781370444,4.25808230784911
538.669991816954,204.337093304414,4.24826714264747
35.7552543844514,492.826796636094,3.03067409618658
280.746095456191,24.239375513824,3.75587060429309
536.73166330093,392.340395128518,3.44780541045681
75.7540208206803,76.1831617320495,5.13827056298571
3.28657363048784,74.2471333163908,3.46089304072445
583.58758381029,228.164044988255,4.02274451191064
436.132310214437,455.115563225982,4.68931879548272
657.84486934961,373.171136356854,2.75624951618287
107.674687761522,483.859125625476,4.4417484604604
625.010889427682,89.6570335256201,4.06689321518181
417.76368010559,259.565986170576,3.57809906468334
13.3452971871053,179.948753465623,3.07740725437471
82.6080466365499,112.150078952472,4.45076599938993
610.669719044987,207.621917903675,4.0614094991954
256.791321393153,228.896703406596,3.85764168395112
576.789843493404,435.350128476661,3.9370444717617
300.971690738273,138.665749980086,3.93998926291941
525.44001183673,451.561893769982,3.7896609090821
42.5545030227821,410.817777917099,3.80995037145883
190.423168427627,292.182244432907,4.09012116723772
549.015547581792,268.230115246928,3.80920542950472
176.570336913269,27.7780293090402,4.29883347671622
501.750867474835,341.711439541227,4.1580411678461
32.6204509435257,45.2729384301093,3.99624145179865
540.53533935948,161.190154766019,4.64534506563753
NA,NA,NA
664.731767151667,333.750939048076,3.45248172814122
457.042794094005,296.471650605234,3.57615308021267
11.9723101573036,493.055153101446,3.53666594777848
559.876522899871,50.7871260910229,4.22266043123603
69.5171836095215,373.200849546349,3.91884417329528
231.105839697294,417.426045942447,3.88925607314499
427.661169217377,13.409636182849,3.27110205330105
361.57781301287,290.940014970229,2.95727395395793
606.414883430139,111.017239324175,4.27189903924474
391.160517204087,230.70136846911,4.24396586080323
571.725886518261,406.775324196945,4.72632910612409
142.644181533834,282.797662006953,4.51120695808033
198.12502719413,367.599333219276,4.0998350035302
123.772246926394,413.10160913916,3.46925451439596
634.227540413314,311.085443682593,4.71513921308617
6.27657716329217,146.807781370444,4.25808230784911
538.669991816954,204.337093304414,4.24826714264747
35.7552543844514,492.826796636094,3.03067409618658
280.746095456191,24.239375513824,3.75587060429309
536.73166330093,392.340395128518,3.44780541045681
75.7540208206803,76.1831617320495,5.13827056298571
3.28657363048784,74.2471333163908,3.46089304072445
583.58758381029,228.164044988255,4.02274451191064
436.132310214437,455.115563225982,4.68931879548272
657.84486934961,373.171136356854,2.75624951618287
107.674687761522,483.859125625476,4.4417484604604
625.010889427682,89.6570335256201,4.06689321518181
417.76368010559,259.565986170576,3.57809906468334
13.3452971871053,179.948753465623,3.07740725437471
82.6080466365499,112.150078952472,4.45076599938993
610.669719044987,207.621917903675,4.0614094991954
256.791321393153,228.896703406596,3.85764168395112
576.789843493404,435.350128476661,3.9370444717617
300.971690738273,138.665749980086,3.93998926291941
525.44001183673,451.561893769982,3.7896609090821
42.5545030227821,410.817777917099,3.80995037145883
190.423168427627,292.182244432907,4.09012116723772
549.015547581792,268.230115246928,3.80920542950472
176.570336913269,27.7780293090402,4.29883347671622
501.750867474835,341.711439541227,4.1580411678461
32.6204509435257,45.2729384301093,3.99624145179865
540.53533935948,161.190154766019,4.64534506563753
NA,NA,NA
664.731767151667,333.750939048076,3.45248172814122
457.042794094005,296.471650605234,3.57615308021267
11.9723101573036,493.055153101446,3.53666594777848
559.876522899871,50.7871260910229,4.22266043123603
69.5171836095215,373.200849546349,3.91884417329528
231.105839697294,417.426045942447,3.88925607314499
427.661169217377,13.409636182849,3.27110205330105
361.57781301287,290.940014970229,2.95727395395793
606.414883430139,111.017239324175,4.27189903924474
391.160517204087,230.70136846911,4.24396586080323
571.725886518261,406.775324196945,4.72632910612409
142.644181533834,282.797662006953,4.51120695808033
198.12502719413,367.599333219276,4.0998350035302
123.772246926394,413.10160913916,3.46925451439596
634.227540413314,311.085443682593,4.71513921308617
6.27657716329217,146.807781370444,4.25808230784911
538.669991816954,204.337093304414,4.24826714264747
35.7552543844514,492.826796636094,3.03067409618658
280.746095456191,24.239375513824,3.75587060429309
536.73166330093,392.340395128518,3.44780541045681
75.7540208206803,76.1831617320495,5.13827056298571
3.28657363048784,74.2471333163908,3.46089304072445
583.58758381029,228.164044988255,4.02274451191064
436.132310214437,455.115563225982,4.68931879548272
657.84486934961,373.171136356854,2.75624951618287
107.674687761522,483.859125625476,4.4417484604604
625.010889427682,89.6570335256201,4.06689321518181
417.76368010559,259.565986170576,3.57809906468334
13.3452971871053,179.948753465623,3.07740725437471
82.6080466365499,112.150078952472,4.45076599938993
610.669719044987,207.621917903675,4.0614094991954
256.791321393153,228.896703406596,3.85764168395112
576.789843493404,435.350128476661,3.9370444717617
300.971690738273,138.665749980086,3.93998926291941
525.44001183673,451.561893769982,3.7896609090821
42.5545030227821,410.817777917099,3.80995037145883
190.423168427627,292.182244432907,4.09012116723772
549.015547581792,268.230115246928,3.80920542950472
176.570336913269,27.7780293090402,4.29883347671622
501.750867474835,341.711439541227,4.1580411678461
32.6204509435257,45.2729384301093,3.99624145179865
540.53533935948,161.190154766019,4.64534506563753
NA,NA,NA
663.489783707634,335.295685087694,3.51152349410597
455.841890392884,297.249548957824,3.54873766851967
7.84406547501593,493.184910597727,3.5508198641485
562.900709657344,51.1549822490348,4.08438905661084
73.4058730977775,377.098656978649,4.04348897626766
226.176493205447,412.833274146562,3.87239503201223
427.602036261716,14.3693149234577,3.35864011245708
360.638017865078,295.088499007132,3.12410852575576
608.710721218412,104.680804068118,4.3710431164025
388.806412831747,228.812945678179,4.22201637988519
567.639025925427,406.991593576671,4.7551096971161
144.500385471019,282.739516541326,4.67404072715903
200.874706876275,371.40346089718,4.0518380749002
125.785214494509,413.15791254324,3.42891104800656
625.253788579537,311.54578876389,4.71691672960029
3.85902996038271,146.940407929678,4.30187462560831
539.182124808514,202.165522735645,4.1951328293248
33.1393611465006,491.7019824824,3.01897169023784
280.190877979565,20.3948575146488,3.88941809276234
534.903472542573,393.019297203553,3.40526623468414
69.4242125698945,79.4971323189323,5.30606382433312
6.19686478119657,79.7577585320522,3.21838385627196
586.996990559778,224.186936017262,4.0331738382428
437.830421756452,462.695407157526,4.85390804137552
660.717898051006,376.016405335744,3.11238557489522
102.021096172191,486.170589298597,4.39724022703652
625.368993035212,91.0006537140511,4.03892941579815
422.806305765472,256.968953117908,3.65945856355174
10.6538121051882,180.488335019068,3.45078833193553
56.156814301107,111.548713344797,4.70906659698387
604.335474191763,191.372963064921,4.26246439532723
257.879693529259,214.509385643787,3.51735280786073
567.724380611816,429.286604054005,3.97765512869852
300.647621455999,138.381394969232,3.90622117477691
536.565881717818,458.32317343953,3.74451992360127
36.8182015506793,418.814442783228,3.90137522272929
208.623915039231,288.33765430755,3.96994297515719
547.323990927706,261.030508872747,3.82965746004424
176.16573104376,19.0914475292586,3.92690321986515
500.922341492084,343.276885267499,4.79641244758049
24.9206986273706,46.9962543482915,4.07709350973638
528.404336019096,149.253516879475,4.72670199416195
NA,NA,NA
663.489783707634,335.295685087694,3.51152349410597
455.841890392884,297.249548957824,3.54873766851967
7.84406547501593,493.184910597727,3.5508198641485
562.900709657344,51.1549822490348,4.08438905661084
73.4058730977775,377.098656978649,4.04348897626766
226.176493205447,412.833274146562,3.87239503201223
427.602036261716,14.3693149234577,3.35864011245708
360.638017865078,295.088499007132,3.12410852575576
608.710721218412,104.680804068118,4.3710431164025
388.806412831747,228.812945678179,4.22201637988519
567.639025925427,406.991593576671,4.7551096971161
144.500385471019,282.739516541326,4.67404072715903
200.874706876275,371.40346089718,4.0518380749002
125.785214494509,413.15791254324,3.42891104800656
625.253788579537,311.54578876389,4.71691672960029
3.85902996038271,146.940407929678,4.30187462560831
539.182124808514,202.165522735645,4.1951328293248
33.1393611465006,491.7019824824,3.01897169023784
280.190877979565,20.3948575146488,3.88941809276234
534.903472542573,393.019297203553,3.40526623468414
69.4242125698945,79.4971323189323,5.30606382433312
6.19686478119657,79.7577585320522,3.21838385627196
586.996990559778,224.186936017262,4.0331738382428
437.830421756452,462.695407157526,4.85390804137552
660.717898051006,376.016405335744,3.11238557489522
102.021096172191,486.170589298597,4.39724022703652
625.368993035212,91.0006537140511,4.03892941579815
422.806305765472,256.968953117908,3.65945856355174
10.6538121051882,180.488335019068,3.45078833193553
56.156814301107,111.548713344797,4.70906659698387
604.335474191763,191.372963064921,4.26246439532723
257.879693529259,214.509385643787,3.51735280786073
567.724380611816,429.286604054005,3.97765512869852
300.647621455999,138.381394969232,3.90622117477691
536.565881717818,458.32317343953,3.74451992360127
36.8182015506793,418.814442783228,3.90137522272929
208.623915039231,288.33765430755,3.96994297515719
547.323990927706,261.030508872747,3.82965746004424
176.16573104376,19.0914475292586,3.92690321986515
500.922341492084,343.276885267499,4.79641244758049
24.9206986273706,46.9962543482915,4.07709350973638
528.404336019096,149.253516879475,4.72670199416195
NA,NA,NA
663.489783707634,335.295685087694,3.51152349410597
455.841890392884,297.249548957824,3.54873766851967
7.84406547501593,493.184910597727,3.5508198641485
562.900709657344,51.1549822490348,4.08438905661084
73.4058730977775,377.098656978649,4.04348897626766
226.176493205447,412.833274146562,3.87239503201223
427.602036261716,14.3693149234577,3.35864011245708
360.638017865078,295.088499007132,3.12410852575576
608.710721218412,104.680804068118,4.3710431164025
388.806412831747,228.812945678179,4.22201637988519
567.639025925427,406.991593576671,4.7551096971161
144.500385471019,282.739516541326,4.67404072715903
200.874706876275,371.40346089718,4.0518380749002
125.785214494509,413.15791254324,3.42891104800656
625.253788579537,311.54578876389,4.71691672960029
3.85902996038271,146.940407929678,4.30187462560831
539.182124808514,202.165522735645,4.1951328293248
33.1393611465006,491.7019824824,3.01897169023784
280.190877979565,20.3948575146488,3.88941809276234
534.903472542573,393.019297203553,3.40526623468414
69.4242125698945,79.4971323189323,5.30606382433312
6.19686478119657,79.7577585320522,3.21838385627196
586.996990559778,224.186936017262,4.0331738382428
437.830421756452,462.695407157526,4.85390804137552
660.717898051006,376.016405335744,3.11238557489522
102.021096172191,486.170589298597,4.39724022703652
625.368993035212,91.0006537140511,4.03892941579815
422.806305765472,256.968953117908,3.65945856355174
10.6538121051882,180.488335019068,3.45078833193553
56.156814301107,111.548713344797,4.70906659698387
604.335474191763,191.372963064921,4.26246439532723
257.879693529259,214.509385643787,3.51735280786073
567.724380611816,429.286604054005,3.97765512869852
300.647621455999,138.381394969232,3.90622117477691
536.565881717818,458.32317343953,3.74451992360127
36.8182015506793,418.814442783228,3.90137522272929
208.623915039231,288.33765430755,3.96994297515719
547.323990927706,261.030508872747,3.82965746004424
176.16573104376,19.0914475292586,3.92690321986515
500.922341492084,343.276885267499,4.79641244758049
24.9206986273706,46.9962543482915,4.07709350973638
528.404336019096,149.253516879475,4.72670199416195
NA,NA,NA
663.489783707634,335.295685087694,3.51152349410597
455.841890392884,297.249548957824,3.54873766851967
7.84406547501593,493.184910597727,3.5508198641485
562.900709657344,51.1549822490348,4.08438905661084
73.4058730977775,377.098656978649,4.04348897626766
226.176493205447,412.833274146562,3.87239503201223
427.602036261716,14.3693149234577,3.35864011245708
360.638017865078,295.088499007132,3.12410852575576
608.710721218412,104.680804068118,4.3710431164025
388.806412831747,228.812945678179,4.22201637988519
567.639025925427,406.991593576671,4.7551096971161
144.500385471019,282.739516541326,4.67404072715903
200.874706876275,371.40346089718,4.0518380749002
125.785214494509,413.15791254324,3.42891104800656
625.253788579537,311.54578876389,4.71691672960029
3.85902996038271,146.940407929678,4.30187462560831
539.182124808514,202.165522735645,4.1951328293248
33.1393611465006,491.7019824824,3.01897169023784
280.190877979565,20.3948575146488,3.88941809276234
534.903472542573,393.019297203553,3.40526623468414
69.4242125698945,79.4971323189323,5.30606382433312
6.19686478119657,79.7577585320522,3.21838385627196
586.996990559778,224.186936017262,4.0331738382428
437.830421756452,462.695407157526,4.85390804137552
660.717898051006,376.016405335744,3.11238557489522
102.021096172191,486.170589298597,4.39724022703652
625.368993035212,91.0006537140511,4.03892941579815
422.806305765472,256.968953117908,3.65945856355174
10.6538121051882,180.488335019068,3.45078833193553
56.156814301107,111.548713344797,4.70906659698387
604.335474191763,191.372963064921,4.26246439532723
257.879693529259,214.509385643787,3.51735280786073
567.724380611816,429.286604054005,3.97765512869852
300.647621455999,138.381394969232,3.90622117477691
536.565881717818,458.32317343953,3.74451992360127
36.8182015506793,418.814442783228,3.90137522272929
208.623915039231,288.33765430755,3.96994297515719
547.323990927706,261.030508872747,3.82965746004424
176.16573104376,19.0914475292586,3.92690321986515
500.922341492084,343.276885267499,4.79641244758049
24.9206986273706,46.9962543482915,4.07709350973638
528.404336019096,149.253516879475,4.72670199416195
NA,NA,NA
663.489783707634,335.295685087694,3.51152349410597
455.841890392884,297.249548957824,3.54873766851967
7.84406547501593,493.184910597727,3.5508198641485
562.900709657344,51.1549822490348,4.08438905661084
73.4058730977775,377.098656978649,4.04348897626766
226.176493205447,412.833274146562,3.87239503201223
427.602036261716,14.3693149234577,3.35864011245708
360.638017865078,295.088499007132,3.12410852575576
608.710721218412,104.680804068118,4.3710431164025
388.806412831747,228.812945678179,4.22201637988519
567.639025925427,406.991593576671,4.7551096971161
144.500385471019,282.739516541326,4.67404072715903
200.874706876275,371.40346089718,4.0518380749002
125.785214494509,413.15791254324,3.42891104800656
625.253788579537,311.54578876389,4.71691672960029
3.85902996038271,146.940407929678,4.30187462560831
539.182124808514,202.165522735645,4.1951328293248
33.1393611465006,491.7019824824,3.01897169023784
280.190877979565,20.3948575146488,3.88941809276234
534.903472542573,393.019297203553,3.40526623468414
69.4242125698945,79.4971323189323,5.30606382433312
6.19686478119657,79.7577585320522,3.21838385627196
586.996990559778,224.186936017262,4.0331738382428
437.830421756452,462.695407157526,4.85390804137552
660.717898051006,376.016405335744,3.11238557489522
102.021096172191,486.170589298597,4.39724022703652
625.368993035212,91.0006537140511,4.03892941579815
422.806305765472,256.968953117908,3.65945856355174
10.6538121051882,180.488335019068,3.45078833193553
56.156814301107,111.548713344797,4.70906659698387
604.335474191763,191.372963064921,4.26246439532723
257.879693529259,214.509385643787,3.51735280786073
567.724380611816,429.286604054005,3.97765512869852
300.647621455999,138.381394969232,3.90622117477691
536.565881717818,458.32317343953,3.74451992360127
36.8182015506793,418.814442783228,3.90137522272929
208.623915039231,288.33765430755,3.96994297515719
547.323990927706,261.030508872747,3.82965746004424
176.16573104376,19.0914475292586,3.92690321986515
500.922341492084,343.276885267499,4.79641244758049
24.9206986273706,46.9962543482915,4.07709350973638
528.404336019096,149.253516879475,4.72670199416195
NA,NA,NA
663.489783707634,335.295685087694,3.51152349410597
455.841890392884,297.249548957824,3.54873766851967
7.84406547501593,493.184910597727,3.5508198641485
562.900709657344,51.1549822490348,4.08438905661084
73.4058730977775,377.098656978649,4.04348897626766
226.176493205447,412.833274146562,3.87239503201223
427.602036261716,14.3693149234577,3.35864011245708
360.638017865078,295.088499007132,3.12410852575576
608.710721218412,104.680804068118,4.3710431164025
388.806412831747,228.812945678179,4.22201637988519
567.639025925427,406.991593576671,4.7551096971161
144.500385471019,282.739516541326,4.67404072715903
200.874706876275,371.40346089718,4.0518380749002
125.785214494509,413.15791254324,3.42891104800656
625.253788579537,311.54578876389,4.71691672960029
3.85902996038271,146.940407929678,4.30187462560831
539.182124808514,202.165522735645,4.1951328293248
33.1393611465006,491.7019824824,3.01897169023784
280.190877979565,20.3948575146488,3.88941809276234
534.903472542573,393.019297203553,3.40526623468414
69.4242125698945,79.4971323189323,5.30606382433312
6.19686478119657,79.7577585320522,3.21838385627196
586.996990559778,224.186936017262,4.0331738382428
437.830421756452,462.695407157526,4.85390804137552
660.717898051006,376.016405335744,3.11238557489522
102.021096172191,486.170589298597,4.39724022703652
625.368993035212,91.0006537140511,4.03892941579815
422.806305765472,256.968953117908,3.65945856355174
10.6538121051882,180.488335019068,3.45078833193553
56.156814301107,111.548713344797,4.70906659698387
604.335474191763,191.372963064921,4.26246439532723
257.879693529259,214.509385643787,3.51735280786073
567.724380611816,429.286604054005,3.97765512869852
300.647621455999,138.381394969232,3.90622117477691
536.565881717818,458.32317343953,3.74451992360127
36.8182015506793,418.814442783228,3.90137522272929
208.623915039231,288.33765430755,3.96994297515719
547.323990927706,261.030508872747,3.82965746004424
176.16573104376,19.0914475292586,3.92690321986515
500.922341492084,343.276885267499,4.79641244758049
24.9206986273706,46.9962543482915,4.07709350973638
528.404336019096,149.253516879475,4.72670199416195
NA,NA,NA
660.510784043325,337.262894987048,3.48186769913663
457.278055721176,298.546741934139,3.66056013928839
14.8157925873005,492.857127406914,3.61174786920017
563.91964285526,52.8461357850707,4.2693050795383
70.397933371227,371.438157064064,3.96250000131632
227.2229381654,409.947888490633,3.89268275225722
426.327795950616,14.8256643872117,3.46173144255924
359.041068463749,294.526228740733,3.10323035443788
606.176703808401,100.524441517704,4.14070013230486
391.857735181205,229.764071994352,4.2221889550745
576.653003349734,411.242898612347,4.70890134394727
143.717291827384,288.730802117707,4.4558522468649
202.11555759645,371.427785261133,4.00468731910602
123.942767534666,413.23169193315,3.51684812974454
629.075008443534,312.760215456986,4.63454988492925
3.03927432984335,148.022676368137,4.31383967734617
544.773816295507,200.895193229095,4.23762301250628
36.1402313715984,492.459694470428,3.03226851542059
277.436492220772,25.6941964305805,3.98248424066968
534.706986718943,392.216673319537,3.23356840663645
88.3961268292264,76.6178705878645,5.43425847671418
0.967238148004182,74.5336389149887,3.7383670259712
587.138342645034,228.005336422233,4.01063485338632
447.123145634202,455.92783667584,4.79070383645475
657.332597508279,375.113149742439,3.00882247072778
104.944651234275,487.030821831742,4.3460954142952
620.653491787046,91.4825680840583,4.11696020944609
418.989997623197,257.33088019557,3.67774521424346
9.28128182318132,180.270812397859,3.26597540663265
66.6959506016558,125.712401565009,4.42752487230014
604.77359431555,196.707818721128,4.18516979216338
258.132166513576,222.464402350374,3.93175213036119
572.570068694505,437.267519296661,3.83404901651072
302.284163242718,136.672943944811,3.8890863613895
529.890737669798,462.74599361467,3.51584211236236
40.1486263134103,417.106472481256,3.78403619895983
196.157674190632,282.38426680753,4.44856416078186
554.422922565903,260.218588950615,3.76347321421263
181.582640897898,30.1391077013851,4.12347817923917
495.314463921549,350.19894503981,4.66679706400204
36.4780095218638,45.5026323933559,3.42702383526314
519.772224133579,134.531538361102,4.37567158426125
NA,NA,NA
660.510784043325,337.262894987048,3.48186769913663
457.278055721176,298.546741934139,3.66056013928839
14.8157925873005,492.857127406914,3.61174786920017
563.91964285526,52.8461357850707,4.2693050795383
70.397933371227,371.438157064064,3.96250000131632
227.2229381654,409.947888490633,3.89268275225722
426.327795950616,14.8256643872117,3.46173144255924
359.041068463749,294.526228740733,3.10323035443788
606.176703808401,100.524441517704,4.14070013230486
391.857735181205,229.764071994352,4.2221889550745
576.653003349734,411.242898612347,4.70890134394727
143.717291827384,288.730802117707,4.4558522468649
202.11555759645,371.427785261133,4.00468731910602
123.942767534666,413.23169193315,3.51684812974454
629.075008443534,312.760215456986,4.63454988492925
3.03927432984335,148.022676368137,4.31383967734617
544.773816295507,200.895193229095,4.23762301250628
36.1402313715984,492.459694470428,3.03226851542059
277.436492220772,25.6941964305805,3.98248424066968
534.706986718943,392.216673319537,3.23356840663645
88.3961268292264,76.6178705878645,5.43425847671418
0.967238148004182,74.5336389149887,3.7383670259712
587.138342645034,228.005336422233,4.01063485338632
447.123145634202,455.92783667584,4.79070383645475
657.332597508279,375.113149742439,3.00882247072778
104.944651234275,487.030821831742,4.3460954142952
620.653491787046,91.4825680840583,4.11696020944609
418.989997623197,257.33088019557,3.67774521424346
9.28128182318132,180.270812397859,3.26597540663265
66.6959506016558,125.712401565009,4.42752487230014
604.77359431555,196.707818721128,4.18516979216338
258.132166513576,222.464402350374,3.93175213036119
572.570068694505,437.267519296661,3.83404901651072
302.284163242718,136.672943944811,3.8890863613895
529.890737669798,462.74599361467,3.51584211236236
40.1486263134103,417.106472481256,3.78403619895983
196.157674190632,282.38426680753,4.44856416078186
554.422922565903,260.218588950615,3.76347321421263
181.582640897898,30.1391077013851,4.12347817923917
495.314463921549,350.19894503981,4.66679706400204
36.4780095218638,45.5026323933559,3.42702383526314
519.772224133579,134.531538361102,4.37567158426125
NA,NA,NA
660.510784043325,337.262894987048,3.48186769913663
457.278055721176,298.546741934139,3.66056013928839
14.8157925873005,492.857127406914,3.61174786920017
563.91964285526,52.8461357850707,4.2693050795383
70.397933371227,371.438157064064,3.96250000131632
227.2229381654,409.947888490633,3.89268275225722
426.327795950616,14.8256643872117,3.46173144255924
359.041068463749,294.526228740733,3.10323035443788
606.176703808401,100.524441517704,4.14070013230486
391.857735181205,229.764071994352,4.2221889550745
576.653003349734,411.242898612347,4.70890134394727
143.717291827384,288.730802117707,4.4558522468649
202.11555759645,371.427785261133,4.00468731910602
123.942767534666,413.23169193315,3.51684812974454
629.075008443534,312.760215456986,4.63454988492925
3.03927432984335,148.022676368137,4.31383967734617
544.773816295507,200.895193229095,4.23762301250628
36.1402313715984,492.459694470428,3.03226851542059
277.436492220772,25.6941964305805,3.98248424066968
534.706986718943,392.216673319537,3.23356840663645
88.3961268292264,76.6178705878645,5.43425847671418
0.967238148004182,74.5336389149887,3.7383670259712
587.138342645034,228.005336422233,4.01063485338632
447.123145634202,455.92783667584,4.79070383645475
657.332597508279,375.113149742439,3.00882247072778
104.944651234275,487.030821831742,4.3460954142952
620.653491787046,91.4825680840583,4.11696020944609
418.989997623197,257.33088019557,3.67774521424346
9.28128182318132,180.270812397859,3.26597540663265
66.6959506016558,125.712401565009,4.42752487230014
604.77359431555,196.707818721128,4.18516979216338
258.132166513576,222.464402350374,3.93175213036119
572.570068694505,437.267519296661,3.83404901651072
302.284163242718,136.672943944811,3.8890863613895
529.890737669798,462.74599361467,3.51584211236236
40.1486263134103,417.106472481256,3.78403619895983
196.157674190632,282.38426680753,4.44856416078186
554.422922565903,260.218588950615,3.76347321421263
181.582640897898,30.1391077013851,4.12347817923917
495.314463921549,350.19894503981,4.66679706400204
36.4780095218638,45.5026323933559,3.42702383526314
519.772224133579,134.531538361102,4.37567158426125
NA,NA,NA
660.510784043325,337.262894987048,3.48186769913663
457.278055721176,298.546741934139,3.66056013928839
14.8157925873005,492.857127406914,3.61174786920017
563.91964285526,52.8461357850707,4.2693050795383
70.397933371227,371.438157064064,3.96250000131632
227.2229381654,409.947888490633,3.89268275225722
426.327795950616,14.8256643872117,3.46173144255924
359.041068463749,294.526228740733,3.10323035443788
606.176703808401,100.524441517704,4.14070013230486
391.857735181205,229.764071994352,4.2221889550745
576.653003349734,411.242898612347,4.70890134394727
143.717291827384,288.730802117707,4.4558522468649
202.11555759645,371.427785261133,4.00468731910602
123.942767534666,413.23169193315,3.51684812974454
629.075008443534,312.760215456986,4.63454988492925
3.03927432984335,148.022676368137,4.31383967734617
544.773816295507,200.895193229095,4.23762301250628
36.1402313715984,492.459694470428,3.03226851542059
277.436492220772,25.6941964305805,3.98248424066968
534.706986718943,392.216673319537,3.23356840663645
88.3961268292264,76.6178705878645,5.43425847671418
0.967238148004182,74.5336389149887,3.7383670259712
587.138342645034,228.005336422233,4.01063485338632
447.123145634202,455.92783667584,4.79070383645475
657.332597508279,375.113149742439,3.00882247072778
104.944651234275,487.030821831742,4.3460954142952
620.653491787046,91.4825680840583,4.11696020944609
418.989997623197,257.33088019557,3.67774521424346
9.28128182318132,180.270812397859,3.26597540663265
66.6959506016558,125.712401565009,4.42752487230014
604.77359431555,196.707818721128,4.18516979216338
258.132166513576,222.464402350374,3.93175213036119
572.570068694505,437.267519296661,3.83404901651072
302.284163242718,136.672943944811,3.8890863613895
529.890737669798,462.74599361467,3.51584211236236
40.1486263134103,417.106472481256,3.78403619895983
196.157674190632,282.38426680753,4.44856416078186
554.422922565903,260.218588950615,3.76347321421263
181.582640897898,30.1391077013851,4.12347817923917
495.314463921549,350.19894503981,4.66679706400204
36.4780095218638,45.5026323933559,3.42702383526314
519.772224133579,134.531538361102,4.37567158426125
NA,NA,NA
660.510784043325,337.262894987048,3.48186769913663
457.278055721176,298.546741934139,3.66056013928839
14.8157925873005,492.857127406914,3.61174786920017
563.91964285526,52.8461357850707,4.2693050795383
70.397933371227,371.438157064064,3.96250000131632
227.2229381654,409.947888490633,3.89268275225722
426.327795950616,14.8256643872117,3.46173144255924
359.041068463749,294.526228740733,3.10323035443788
606.176703808401,100.524441517704,4.14070013230486
391.857735181205,229.764071994352,4.2221889550745
576.653003349734,411.242898612347,4.70890134394727
143.717291827384,288.730802117707,4.4558522468649
202.11555759645,371.427785261133,4.00468731910602
123.942767534666,413.23169193315,3.51684812974454
629.075008443534,312.760215456986,4.63454988492925
3.03927432984335,148.022676368137,4.31383967734617
544.773816295507,200.895193229095,4.23762301250628
36.1402313715984,492.459694470428,3.03226851542059
277.436492220772,25.6941964305805,3.98248424066968
534.706986718943,392.216673319537,3.23356840663645
88.3961268292264,76.6178705878645,5.43425847671418
0.967238148004182,74.5336389149887,3.7383670259712
587.138342645034,228.005336422233,4.01063485338632
447.123145634202,455.92783667584,4.79070383645475
657.332597508279,375.113149742439,3.00882247072778
104.944651234275,487.030821831742,4.3460954142952
620.653491787046,91.4825680840583,4.11696020944609
418.989997623197,257.33088019557,3.67774521424346
9.28128182318132,180.270812397859,3.26597540663265
66.6959506016558,125.712401565009,4.42752487230014
604.77359431555,196.707818721128,4.18516979216338
258.132166513576,222.464402350374,3.93175213036119
572.570068694505,437.267519296661,3.83404901651072
302.284163242718,136.672943944811,3.8890863613895
529.890737669798,462.74599361467,3.51584211236236
40.1486263134103,417.106472481256,3.78403619895983
196.157674190632,282.38426680753,4.44856416078186
554.422922565903,260.218588950615,3.76347321421263
181.582640897898,30.1391077013851,4.12347817923917
495.314463921549,350.19894503981,4.66679706400204
36.4780095218638,45.5026323933559,3.42702383526314
519.772224133579,134.531538361102,4.37567158426125
NA,NA,NA
660.510784043325,337.262894987048,3.48186769913663
457.278055721176,298.546741934139,3.66056013928839
14.8157925873005,492.857127406914,3.61174786920017
563.91964285526,52.8461357850707,4.2693050795383
70.397933371227,371.438157064064,3.96250000131632
227.2229381654,409.947888490633,3.89268275225722
426.327795950616,14.8256643872117,3.46173144255924
359.041068463749,294.526228740733,3.10323035443788
606.176703808401,100.524441517704,4.14070013230486
391.857735181205,229.764071994352,4.2221889550745
576.653003349734,411.242898612347,4.70890134394727
143.717291827384,288.730802117707,4.4558522468649
202.11555759645,371.427785261133,4.00468731910602
123.942767534666,413.23169193315,3.51684812974454
629.075008443534,312.760215456986,4.63454988492925
3.03927432984335,148.022676368137,4.31383967734617
544.773816295507,200.895193229095,4.23762301250628
36.1402313715984,492.459694470428,3.03226851542059
277.436492220772,25.6941964305805,3.98248424066968
534.706986718943,392.216673319537,3.23356840663645
88.3961268292264,76.6178705878645,5.43425847671418
0.967238148004182,74.5336389149887,3.7383670259712
587.138342645034,228.005336422233,4.01063485338632
447.123145634202,455.92783667584,4.79070383645475
657.332597508279,375.113149742439,3.00882247072778
104.944651234275,487.030821831742,4.3460954142952
620.653491787046,91.4825680840583,4.11696020944609
418.989997623197,257.33088019557,3.67774521424346
9.28128182318132,180.270812397859,3.26597540663265
66.6959506016558,125.712401565009,4.42752487230014
604.77359431555,196.707818721128,4.18516979216338
258.132166513576,222.464402350374,3.93175213036119
572.570068694505,437.267519296661,3.83404901651072
302.284163242718,136.672943944811,3.8890863613895
529.890737669798,462.74599361467,3.51584211236236
40.1486263134103,417.106472481256,3.78403619895983
196.157674190632,282.38426680753,4.44856416078186
554.422922565903,260.218588950615,3.76347321421263
181.582640897898,30.1391077013851,4.12347817923917
495.314463921549,350.19894503981,4.66679706400204
36.4780095218638,45.5026323933559,3.42702383526314
519.772224133579,134.531538361102,4.37567158426125
NA,NA,NA
660.606058058303,336.182147139232,3.4134497514489
456.445409966778,299.490992246133,3.50820067719285
13.1037304528547,497.557377522869,3.44198267237058
563.165619767029,53.2979161567356,4.1483302952799
69.9968559647918,377.445717826193,4.16324925358117
231.908737321356,415.352763002013,3.93401790300215
425.266063892549,13.0899330717875,3.286423921054
362.251663960235,294.064684625901,3.05262443243608
600.81839218649,102.443400357101,4.27275691972864
393.971547567643,230.831033549269,4.26412470046728
577.681219201417,416.858634570582,4.73323571925238
143.828782188471,283.255509874665,4.42766963736993
198.361506556105,368.585938249065,4.05492700610917
129.216000496332,407.369098175341,3.37929996769896
624.797567837822,314.589705165119,4.5273797323072
2.33230187175041,141.805829170434,4.28323854228947
541.877537100786,206.960954822846,4.216509756791
35.1730591761249,489.847386648648,2.91329407966881
279.116572293064,23.2561151254566,3.96937042800186
533.738608930058,392.059491854237,3.28342135436552
71.8520686784549,75.5655869684098,5.20823167160223
5.97682413838142,75.1607399858437,3.46980633494554
591.257665486381,223.75579902634,3.98703929238562
446.082916107478,457.584312084732,4.83970776200704
658.767327884284,375.018481542569,3.07144007202423
101.02810368826,483.108473677786,4.37021977161592
621.125846227352,86.13517880939,4.13382241169946
419.557764699955,257.036325478413,3.61558885830386
10.6167877130676,183.86409271302,3.36063669321035
85.3764564636106,116.23329189111,4.62833835361866
614.982149537037,212.790104559646,4.20619183844459
250.507862256249,220.065231206121,3.96161070192249
576.018491074427,446.231008217859,4.07622811886369
303.232308377991,131.113610533281,3.85987891336239
528.301065459416,463.490100544049,3.25653739185578
50.1207804953117,413.783898100553,4.0761157234052
200.181420279028,285.649775851844,3.72731708720574
537.937664139309,260.557454706698,3.61797477594524
178.715295963785,16.3723224807474,4.27599044288261
500.770476481505,344.344544982592,4.6938163699044
26.1396745593374,51.1520171369879,3.72090941680515
540.293957254391,135.81698721632,4.29991931875812
NA,NA,NA
660.606058058303,336.182147139232,3.4134497514489
456.445409966778,299.490992246133,3.50820067719285
13.1037304528547,497.557377522869,3.44198267237058
563.165619767029,53.2979161567356,4.1483302952799
69.9968559647918,377.445717826193,4.16324925358117
231.908737321356,415.352763002013,3.93401790300215
425.266063892549,13.0899330717875,3.286423921054
362.251663960235,294.064684625901,3.05262443243608
600.81839218649,102.443400357101,4.27275691972864
393.971547567643,230.831033549269,4.26412470046728
577.681219201417,416.858634570582,4.73323571925238
143.828782188471,283.255509874665,4.42766963736993
198.361506556105,368.585938249065,4.05492700610917
129.216000496332,407.369098175341,3.37929996769896
624.797567837822,314.589705165119,4.5273797323072
2.33230187175041,141.805829170434,4.28323854228947
541.877537100786,206.960954822846,4.216509756791
35.1730591761249,489.847386648648,2.91329407966881
279.116572293064,23.2561151254566,3.96937042800186
533.738608930058,392.059491854237,3.28342135436552
71.8520686784549,75.5655869684098,5.20823167160223
5.97682413838142,75.1607399858437,3.46980633494554
591.257665486381,223.75579902634,3.98703929238562
446.082916107478,457.584312084732,4.83970776200704
658.767327884284,375.018481542569,3.07144007202423
101.02810368826,483.108473677786,4.37021977161592
621.125846227352,86.13517880939,4.13382241169946
419.557764699955,257.036325478413,3.61558885830386
10.6167877130676,183.86409271302,3.36063669321035
85.3764564636106,116.23329189111,4.62833835361866
614.982149537037,212.790104559646,4.20619183844459
250.507862256249,220.065231206121,3.96161070192249
576.018491074427,446.231008217859,4.07622811886369
303.232308377991,131.113610533281,3.85987891336239
528.301065459416,463.490100544049,3.25653739185578
50.1207804953117,413.783898100553,4.0761157234052
200.181420279028,285.649775851844,3.72731708720574
537.937664139309,260.557454706698,3.61797477594524
178.715295963785,16.3723224807474,4.27599044288261
500.770476481505,344.344544982592,4.6938163699044
26.1396745593374,51.1520171369879,3.72090941680515
540.293957254391,135.81698721632,4.29991931875812
NA,NA,NA
660.606058058303,336.182147139232,3.4134497514489
456.445409966778,299.490992246133,3.50820067719285
13.1037304528547,497.557377522869,3.44198267237058
563.165619767029,53.2979161567356,4.1483302952799
69.9968559647918,377.445717826193,4.16324925358117
231.908737321356,415.352763002013,3.93401790300215
425.266063892549,13.0899330717875,3.286423921054
362.251663960235,294.064684625901,3.05262443243608
600.81839218649,102.443400357101,4.27275691972864
393.971547567643,230.831033549269,4.26412470046728
577.681219201417,416.858634570582,4.73323571925238
143.828782188471,283.255509874665,4.42766963736993
198.361506556105,368.585938249065,4.05492700610917
129.216000496332,407.369098175341,3.37929996769896
624.797567837822,314.589705165119,4.5273797323072
2.33230187175041,141.805829170434,4.28323854228947
541.877537100786,206.960954822846,4.216509756791
35.1730591761249,489.847386648648,2.91329407966881
279.116572293064,23.2561151254566,3.96937042800186
533.738608930058,392.059491854237,3.28342135436552
71.8520686784549,75.5655869684098,5.20823167160223
5.97682413838142,75.1607399858437,3.46980633494554
591.257665486381,223.75579902634,3.98703929238562
446.082916107478,457.584312084732,4.83970776200704
658.767327884284,375.018481542569,3.07144007202423
101.02810368826,483.108473677786,4.37021977161592
621.125846227352,86.13517880939,4.13382241169946
419.557764699955,257.036325478413,3.61558885830386
10.6167877130676,183.86409271302,3.36063669321035
85.3764564636106,116.23329189111,4.62833835361866
614.982149537037,212.790104559646,4.20619183844459
250.507862256249,220.065231206121,3.96161070192249
576.018491074427,446.231008217859,4.07622811886369
303.232308377991,131.113610533281,3.85987891336239
528.301065459416,463.490100544049,3.25653739185578
50.1207804953117,413.783898100553,4.0761157234052
200.181420279028,285.649775851844,3.72731708720574
537.937664139309,260.557454706698,3.61797477594524
178.715295963785,16.3723224807474,4.27599044288261
500.770476481505,344.344544982592,4.6938163699044
26.1396745593374,51.1520171369879,3.72090941680515
540.293957254391,135.81698721632,4.29991931875812
NA,NA,NA
660.606058058303,336.182147139232,3.4134497514489
456.445409966778,299.490992246133,3.50820067719285
13.1037304528547,497.557377522869,3.44198267237058
563.165619767029,53.2979161567356,4.1483302952799
69.9968559647918,377.445717826193,4.16324925358117
231.908737321356,415.352763002013,3.93401790300215
425.266063892549,13.0899330717875,3.286423921054
362.251663960235,294.064684625901,3.05262443243608
600.81839218649,102.443400357101,4.27275691972864
393.971547567643,230.831033549269,4.26412470046728
577.681219201417,416.858634570582,4.73323571925238
143.828782188471,283.255509874665,4.42766963736993
198.361506556105,368.585938249065,4.05492700610917
129.216000496332,407.369098175341,3.37929996769896
624.797567837822,314.589705165119,4.5273797323072
2.33230187175041,141.805829170434,4.28323854228947
541.877537100786,206.960954822846,4.216509756791
35.1730591761249,489.847386648648,2.91329407966881
279.116572293064,23.2561151254566,3.96937042800186
533.738608930058,392.059491854237,3.28342135436552
71.8520686784549,75.5655869684098,5.20823167160223
5.97682413838142,75.1607399858437,3.46980633494554
591.257665486381,223.75579902634,3.98703929238562
446.082916107478,457.584312084732,4.83970776200704
658.767327884284,375.018481542569,3.07144007202423
101.02810368826,483.108473677786,4.37021977161592
621.125846227352,86.13517880939,4.13382241169946
419.557764699955,257.036325478413,3.61558885830386
10.6167877130676,183.86409271302,3.36063669321035
85.3764564636106,116.23329189111,4.62833835361866
614.982149537037,212.790104559646,4.20619183844459
250.507862256249,220.065231206121,3.96161070192249
576.018491074427,446.231008217859,4.07622811886369
303.232308377991,131.113610533281,3.85987891336239
528.301065459416,463.490100544049,3.25653739185578
50.1207804953117,413.783898100553,4.0761157234052
200.181420279028,285.649775851844,3.72731708720574
537.937664139309,260.557454706698,3.61797477594524
178.715295963785,16.3723224807474,4.27599044288261
500.770476481505,344.344544982592,4.6938163699044
26.1396745593374,51.1520171369879,3.72090941680515
540.293957254391,135.81698721632,4.29991931875812
NA,NA,NA
660.606058058303,336.182147139232,3.4134497514489
456.445409966778,299.490992246133,3.50820067719285
13.1037304528547,497.557377522869,3.44198267237058
563.165619767029,53.2979161567356,4.1483302952799
69.9968559647918,377.445717826193,4.16324925358117
231.908737321356,415.352763002013,3.93401790300215
425.266063892549,13.0899330717875,3.286423921054
362.251663960235,294.064684625901,3.05262443243608
600.81839218649,102.443400357101,4.27275691972864
393.971547567643,230.831033549269,4.26412470046728
577.681219201417,416.858634570582,4.73323571925238
143.828782188471,283.255509874665,4.42766963736993
198.361506556105,368.585938249065,4.05492700610917
129.216000496332,407.369098175341,3.37929996769896
624.797567837822,314.589705165119,4.5273797323072
2.33230187175041,141.805829170434,4.28323854228947
541.877537100786,206.960954822846,4.216509756791
35.1730591761249,489.847386648648,2.91329407966881
279.116572293064,23.2561151254566,3.96937042800186
533.738608930058,392.059491854237,3.28342135436552
71.8520686784549,75.5655869684098,5.20823167160223
5.97682413838142,75.1607399858437,3.46980633494554
591.257665486381,223.75579902634,3.98703929238562
446.082916107478,457.584312084732,4.83970776200704
658.767327884284,375.018481542569,3.07144007202423
101.02810368826,483.108473677786,4.37021977161592
621.125846227352,86.13517880939,4.13382241169946
419.557764699955,257.036325478413,3.61558885830386
10.6167877130676,183.86409271302,3.36063669321035
85.3764564636106,116.23329189111,4.62833835361866
614.982149537037,212.790104559646,4.20619183844459
250.507862256249,220.065231206121,3.96161070192249
576.018491074427,446.231008217859,4.07622811886369
303.232308377991,131.113610533281,3.85987891336239
528.301065459416,463.490100544049,3.25653739185578
50.1207804953117,413.783898100553,4.0761157234052
200.181420279028,285.649775851844,3.72731708720574
537.937664139309,260.557454706698,3.61797477594524
178.715295963785,16.3723224807474,4.27599044288261
500.770476481505,344.344544982592,4.6938163699044
26.1396745593374,51.1520171369879,3.72090941680515
540.293957254391,135.81698721632,4.29991931875812
NA,NA,NA
660.606058058303,336.182147139232,3.4134497514489
456.445409966778,299.490992246133,3.50820067719285
13.1037304528547,497.557377522869,3.44198267237058
563.165619767029,53.2979161567356,4.1483302952799
69.9968559647918,377.445717826193,4.16324925358117
231.908737321356,415.352763002013,3.93401790300215
425.266063892549,13.0899330717875,3.286423921054
362.251663960235,294.064684625901,3.05262443243608
600.81839218649,102.443400357101,4.27275691972864
393.971547567643,230.831033549269,4.26412470046728
577.681219201417,416.858634570582,4.73323571925238
143.828782188471,283.255509874665,4.42766963736993
198.361506556105,368.585938249065,4.05492700610917
129.216000496332,407.369098175341,3.37929996769896
624.797567837822,314.589705165119,4.5273797323072
2.33230187175041,141.805829170434,4.28323854228947
541.877537100786,206.960954822846,4.216509756791
35.1730591761249,489.847386648648,2.91329407966881
279.116572293064,23.2561151254566,3.96937042800186
533.738608930058,392.059491854237,3.28342135436552
71.8520686784549,75.5655869684098,5.20823167160223
5.97682413838142,75.1607399858437,3.46980633494554
591.257665486381,223.75579902634,3.98703929238562
446.082916107478,457.584312084732,4.83970776200704
658.767327884284,375.018481542569,3.07144007202423
101.02810368826,483.108473677786,4.37021977161592
621.125846227352,86.13517880939,4.13382241169946
419.557764699955,257.036325478413,3.61558885830386
10.6167877130676,183.86409271302,3.36063669321035
85.3764564636106,116.23329189111,4.62833835361866
614.982149537037,212.790104559646,4.20619183844459
250.507862256249,220.065231206121,3.96161070192249
576.018491074427,446.231008217859,4.07622811886369
303.232308377991,131.113610533281,3.85987891336239
528.301065459416,463.490100544049,3.25653739185578
50.1207804953117,413.783898100553,4.0761157234052
200.181420279028,285.649775851844,3.72731708720574
537.937664139309,260.557454706698,3.61797477594524
178.715295963785,16.3723224807474,4.27599044288261
500.770476481505,344.344544982592,4.6938163699044
26.1396745593374,51.1520171369879,3.72090941680515
540.293957254391,135.81698721632,4.29991931875812
NA,NA,NA
661.29303977468,335.565382255493,3.50586696968689
455.034846692456,295.766311612234,3.67419086797652
13.2843695244371,494.649621231076,3.55282202688357
560.178985708266,43.5811372545361,4.12838535567984
69.7576006936048,372.975237520561,3.94244135993726
234.107630260644,413.52376769656,3.88627850316774
427.015539516191,13.245647126214,3.46448513464489
362.268266690735,294.688171926103,3.02856600307325
603.041380380997,108.689182617038,4.26616957930307
396.36017335082,234.676064726266,4.21903243109811
574.276926062361,410.456359761547,4.748753496933
132.124540158254,279.417007071885,4.62560986989033
198.178004640313,371.519516188487,3.94208216566316
125.711090335809,409.885887636409,3.5052869278303
623.925749701766,311.849276211899,4.56024451866215
0.0440760155714428,151.459444445346,4.31285468005552
545.071218796374,203.077209160882,4.05009505180547
34.0682492543451,492.202795034874,2.95352042643278
276.696543965466,27.4987281302899,3.73816248291778
532.589165498684,390.928948326486,3.45747877231186
71.8064711554632,76.7746762348703,5.33850424376276
3.88187416713586,76.0564546514935,3.63757976627515
586.150763934786,223.298760845253,4.01504535882362
443.251518403406,463.628947753631,4.85725781590493
657.698474141905,372.027775820501,2.97212210239516
104.003155674873,492.562062770127,4.34428332747097
625.858676674746,93.6502392496746,4.01259011436834
418.752746666786,258.011598414862,3.69094859199771
11.337717415455,181.858183166132,3.26928067879947
69.5442760262835,112.22044357055,4.75447437370362
612.924443673158,201.717670528235,4.40158510028335
255.628404054466,214.861139153582,3.98282913401884
571.043129204942,444.54879125209,3.83456606261485
302.355596922424,130.196734574336,3.79640023191997
529.784864777425,462.32048087042,3.61724361617886
55.0559106621864,412.364246664921,3.88357572006317
206.043835005319,296.84131585738,3.92191153904204
559.218856224411,259.419199163008,3.80012146043539
186.447658021739,24.5626182115896,4.02450565802427
501.933795503173,340.450522021114,4.59882132170322
36.3348876946086,54.1234864144931,3.87011476825317
525.035615070837,139.862111654729,4.81509599244357
NA,NA,NA
661.29303977468,335.565382255493,3.50586696968689
455.034846692456,295.766311612234,3.67419086797652
13.2843695244371,494.649621231076,3.55282202688357
560.178985708266,43.5811372545361,4.12838535567984
69.7576006936048,372.975237520561,3.94244135993726
234.107630260644,413.52376769656,3.88627850316774
427.015539516191,13.245647126214,3.46448513464489
362.268266690735,294.688171926103,3.02856600307325
603.041380380997,108.689182617038,4.26616957930307
396.36017335082,234.676064726266,4.21903243109811
574.276926062361,410.456359761547,4.748753496933
132.124540158254,279.417007071885,4.62560986989033
198.178004640313,371.519516188487,3.94208216566316
125.711090335809,409.885887636409,3.5052869278303
623.925749701766,311.849276211899,4.56024451866215
0.0440760155714428,151.459444445346,4.31285468005552
545.071218796374,203.077209160882,4.05009505180547
34.0682492543451,492.202795034874,2.95352042643278
276.696543965466,27.4987281302899,3.73816248291778
532.589165498684,390.928948326486,3.45747877231186
71.8064711554632,76.7746762348703,5.33850424376276
3.88187416713586,76.0564546514935,3.63757976627515
586.150763934786,223.298760845253,4.01504535882362
443.251518403406,463.628947753631,4.85725781590493
657.698474141905,372.027775820501,2.97212210239516
104.003155674873,492.562062770127,4.34428332747097
625.858676674746,93.6502392496746,4.01259011436834
418.752746666786,258.011598414862,3.69094859199771
11.337717415455,181.858183166132,3.26928067879947
69.5442760262835,112.22044357055,4.75447437370362
612.924443673158,201.717670528235,4.40158510028335
255.628404054466,214.861139153582,3.98282913401884
571.043129204942,444.54879125209,3.83456606261485
302.355596922424,130.196734574336,3.79640023191997
529.784864777425,462.32048087042,3.61724361617886
55.0559106621864,412.364246664921,3.88357572006317
206.043835005319,296.84131585738,3.92191153904204
559.218856224411,259.419199163008,3.80012146043539
186.447658021739,24.5626182115896,4.02450565802427
501.933795503173,340.450522021114,4.59882132170322
36.3348876946086,54.1234864144931,3.87011476825317
525.035615070837,139.862111654729,4.81509599244357
NA,NA,NA
661.29303977468,335.565382255493,3.50586696968689
455.034846692456,295.766311612234,3.67419086797652
13.2843695244371,494.649621231076,3.55282202688357
560.178985708266,43.5811372545361,4.12838535567984
69.7576006936048,372.975237520561,3.94244135993726
234.107630260644,413.52376769656,3.88627850316774
427.015539516191,13.245647126214,3.46448513464489
362.268266690735,294.688171926103,3.02856600307325
603.041380380997,108.689182617038,4.26616957930307
396.36017335082,234.676064726266,4.21903243109811
574.276926062361,410.456359761547,4.748753496933
132.124540158254,279.417007071885,4.62560986989033
198.178004640313,371.519516188487,3.94208216566316
125.711090335809,409.885887636409,3.5052869278303
623.925749701766,311.849276211899,4.56024451866215
0.0440760155714428,151.459444445346,4.31285468005552
545.071218796374,203.077209160882,4.05009505180547
34.0682492543451,492.202795034874,2.95352042643278
276.696543965466,27.4987281302899,3.73816248291778
532.589165498684,390.928948326486,3.45747877231186
71.8064711554632,76.7746762348703,5.33850424376276
3.88187416713586,76.0564546514935,3.63757976627515
586.150763934786,223.298760845253,4.01504535882362
443.251518403406,463.628947753631,4.85725781590493
657.698474141905,372.027775820501,2.97212210239516
104.003155674873,492.562062770127,4.34428332747097
625.858676674746,93.6502392496746,4.01259011436834
418.752746666786,258.011598414862,3.69094859199771
11.337717415455,181.858183166132,3.26928067879947
69.5442760262835,112.22044357055,4.75447437370362
612.924443673158,201.717670528235,4.40158510028335
255.628404054466,214.861139153582,3.98282913401884
571.043129204942,444.54879125209,3.83456606261485
302.355596922424,130.196734574336,3.79640023191997
529.784864777425,462.32048087042,3.61724361617886
55.0559106621864,412.364246664921,3.88357572006317
206.043835005319,296.84131585738,3.92191153904204
559.218856224411,259.419199163008,3.80012146043539
186.447658021739,24.5626182115896,4.02450565802427
501.933795503173,340.450522021114,4.59882132170322
36.3348876946086,54.1234864144931,3.87011476825317
525.035615070837,139.862111654729,4.81509599244357
NA,NA,NA
661.29303977468,335.565382255493,3.50586696968689
455.034846692456,295.766311612234,3.67419086797652
13.2843695244371,494.649621231076,3.55282202688357
560.178985708266,43.5811372545361,4.12838535567984
69.7576006936048,372.975237520561,3.94244135993726
234.107630260644,413.52376769656,3.88627850316774
427.015539516191,13.245647126214,3.46448513464489
362.268266690735,294.688171926103,3.02856600307325
603.041380380997,108.689182617038,4.26616957930307
396.36017335082,234.676064726266,4.21903243109811
574.276926062361,410.456359761547,4.748753496933
132.124540158254,279.417007071885,4.62560986989033
198.178004640313,371.519516188487,3.94208216566316
125.711090335809,409.885887636409,3.5052869278303
623.925749701766,311.849276211899,4.56024451866215
0.0440760155714428,151.459444445346,4.31285468005552
545.071218796374,203.077209160882,4.05009505180547
34.0682492543451,492.202795034874,2.95352042643278
276.696543965466,27.4987281302899,3.73816248291778
532.589165498684,390.928948326486,3.45747877231186
71.8064711554632,76.7746762348703,5.33850424376276
3.88187416713586,76.0564546514935,3.63757976627515
586.150763934786,223.298760845253,4.01504535882362
443.251518403406,463.628947753631,4.85725781590493
657.698474141905,372.027775820501,2.97212210239516
104.003155674873,492.562062770127,4.34428332747097
625.858676674746,93.6502392496746,4.01259011436834
418.752746666786,258.011598414862,3.69094859199771
11.337717415455,181.858183166132,3.26928067879947
69.5442760262835,112.22044357055,4.75447437370362
612.924443673158,201.717670528235,4.40158510028335
255.628404054466,214.861139153582,3.98282913401884
571.043129204942,444.54879125209,3.83456606261485
302.355596922424,130.196734574336,3.79640023191997
529.784864777425,462.32048087042,3.61724361617886
55.0559106621864,412.364246664921,3.88357572006317
206.043835005319,296.84131585738,3.92191153904204
559.218856224411,259.419199163008,3.80012146043539
186.447658021739,24.5626182115896,4.02450565802427
501.933795503173,340.450522021114,4.59882132170322
36.3348876946086,54.1234864144931,3.87011476825317
525.035615070837,139.862111654729,4.81509599244357
NA,NA,NA
661.29303977468,335.565382255493,3.50586696968689
455.034846692456,295.766311612234,3.67419086797652
13.2843695244371,494.649621231076,3.55282202688357
560.178985708266,43.5811372545361,4.12838535567984
69.7576006936048,372.975237520561,3.94244135993726
234.107630260644,413.52376769656,3.88627850316774
427.015539516191,13.245647126214,3.46448513464489
362.268266690735,294.688171926103,3.02856600307325
603.041380380997,108.689182617038,4.26616957930307
396.36017335082,234.676064726266,4.21903243109811
574.276926062361,410.456359761547,4.748753496933
132.124540158254,279.417007071885,4.62560986989033
198.178004640313,371.519516188487,3.94208216566316
125.711090335809,409.885887636409,3.5052869278303
623.925749701766,311.849276211899,4.56024451866215
0.0440760155714428,151.459444445346,4.31285468005552
545.071218796374,203.077209160882,4.05009505180547
34.0682492543451,492.202795034874,2.95352042643278
276.696543965466,27.4987281302899,3.73816248291778
532.589165498684,390.928948326486,3.45747877231186
71.8064711554632,76.7746762348703,5.33850424376276
3.88187416713586,76.0564546514935,3.63757976627515
586.150763934786,223.298760845253,4.01504535882362
443.251518403406,463.628947753631,4.85725781590493
657.698474141905,372.027775820501,2.97212210239516
104.003155674873,492.562062770127,4.34428332747097
625.858676674746,93.6502392496746,4.01259011436834
418.752746666786,258.011598414862,3.69094859199771
11.337717415455,181.858183166132,3.26928067879947
69.5442760262835,112.22044357055,4.75447437370362
612.924443673158,201.717670528235,4.40158510028335
255.628404054466,214.861139153582,3.98282913401884
571.043129204942,444.54879125209,3.83456606261485
302.355596922424,130.196734574336,3.79640023191997
529.784864777425,462.32048087042,3.61724361617886
55.0559106621864,412.364246664921,3.88357572006317
206.043835005319,296.84131585738,3.92191153904204
559.218856224411,259.419199163008,3.80012146043539
186.447658021739,24.5626182115896,4.02450565802427
501.933795503173,340.450522021114,4.59882132170322
36.3348876946086,54.1234864144931,3.87011476825317
525.035615070837,139.862111654729,4.81509599244357
NA,NA,NA
661.29303977468,335.565382255493,3.50586696968689
455.034846692456,295.766311612234,3.67419086797652
13.2843695244371,494.649621231076,3.55282202688357
560.178985708266,43.5811372545361,4.12838535567984
69.7576006936048,372.975237520561,3.94244135993726
234.107630260644,413.52376769656,3.88627850316774
427.015539516191,13.245647126214,3.46448513464489
362.268266690735,294.688171926103,3.02856600307325
603.041380380997,108.689182617038,4.26616957930307
396.36017335082,234.676064726266,4.21903243109811
574.276926062361,410.456359761547,4.748753496933
132.124540158254,279.417007071885,4.62560986989033
198.178004640313,371.519516188487,3.94208216566316
125.711090335809,409.885887636409,3.5052869278303
623.925749701766,311.849276211899,4.56024451866215
0.0440760155714428,151.459444445346,4.31285468005552
545.071218796374,203.077209160882,4.05009505180547
34.0682492543451,492.202795034874,2.95352042643278
276.696543965466,27.4987281302899,3.73816248291778
532.589165498684,390.928948326486,3.45747877231186
71.8064711554632,76.7746762348703,5.33850424376276
3.88187416713586,76.0564546514935,3.63757976627515
586.150763934786,223.298760845253,4.01504535882362
443.251518403406,463.628947753631,4.85725781590493
657.698474141905,372.027775820501,2.97212210239516
104.003155674873,492.562062770127,4.34428332747097
625.858676674746,93.6502392496746,4.01259011436834
418.752746666786,258.011598414862,3.69094859199771
11.337717415455,181.858183166132,3.26928067879947
69.5442760262835,112.22044357055,4.75447437370362
612.924443673158,201.717670528235,4.40158510028335
255.628404054466,214.861139153582,3.98282913401884
571.043129204942,444.54879125209,3.83456606261485
302.355596922424,130.196734574336,3.79640023191997
529.784864777425,462.32048087042,3.61724361617886
55.0559106621864,412.364246664921,3.88357572006317
206.043835005319,296.84131585738,3.92191153904204
559.218856224411,259.419199163008,3.80012146043539
186.447658021739,24.5626182115896,4.02450565802427
501.933795503173,340.450522021114,4.59882132170322
36.3348876946086,54.1234864144931,3.87011476825317
525.035615070837,139.862111654729,4.81509599244357
NA,NA,NA
664.181719658764,333.294972439292,3.5450618696236
455.946359212812,296.374256383255,3.77742412804776
9.85580853849741,494.635212785849,3.65491387314733
554.761517886068,52.9653377801258,4.30509292060479
73.3873636176738,374.394976990798,3.95758173345177
229.6168307392,418.150238233873,3.96692231224813
427.823196518079,13.6758101437582,3.27443268481718
362.532048155753,290.277873707398,3.14908948003985
601.460214982975,101.58570849516,4.2443127616197
394.728656149195,231.133175260031,4.25397107289178
565.706222580766,419.953722816967,4.7532028730734
138.108934085259,286.839422040263,4.6555548228305
199.191410635205,363.7470768922,4.1011719021889
124.121931095218,412.546328467936,3.55108914982356
627.72867389391,314.955101258127,4.5065199453227
-0.198157548687339,147.078070896094,4.27453658714117
537.629285748221,204.832578743666,4.2431293447042
32.6851125546557,490.571604117619,3.10338570049357
285.016271416516,22.7660169817585,3.95351385859562
532.972372350052,392.472394978746,3.52392068942772
70.1354793302838,77.7745111395883,5.252251812296
4.96732070707352,75.7682663325255,3.546377079837
583.717660256988,227.231554261965,4.0599665058368
443.590630356954,455.294354147535,4.79412614227488
658.040097672598,373.994884169611,3.15646704567657
103.598943273952,488.516235286964,4.43520314279813
625.77495261791,88.358793878832,4.07184793969316
420.30502471774,260.171007724154,3.69280342585919
12.0678430282669,181.629201189932,3.04557471333834
71.1121744443039,120.86498992923,4.43618218553571
605.677394865151,198.824238517182,4.4310207482482
253.268389071492,214.869687007074,3.8106082689677
561.109369425534,438.873892144049,3.83817218438992
303.225702345695,136.852270172247,3.81536168508481
534.031260224011,463.746206579505,3.58524393971875
61.8478141981233,431.778230109927,4.01942541445488
193.173210851689,291.187757730704,3.77913014236102
556.066744700987,266.841058007308,3.8937411991465
168.863534710375,31.4737740369369,4.46663254550537
504.252372443252,336.117217214695,4.41110999987103
29.1160449874139,41.9758001752271,4.26342330945567
557.852424076166,154.120646888729,4.77296687850201
NA,NA,NA
664.181719658764,333.294972439292,3.5450618696236
455.946359212812,296.374256383255,3.77742412804776
9.85580853849741,494.635212785849,3.65491387314733
554.761517886068,52.9653377801258,4.30509292060479
73.3873636176738,374.394976990798,3.95758173345177
229.6168307392,418.150238233873,3.96692231224813
427.823196518079,13.6758101437582,3.27443268481718
362.532048155753,290.277873707398,3.14908948003985
601.460214982975,101.58570849516,4.2443127616197
394.728656149195,231.133175260031,4.25397107289178
565.706222580766,419.953722816967,4.7532028730734
138.108934085259,286.839422040263,4.6555548228305
199.191410635205,363.7470768922,4.1011719021889
124.121931095218,412.546328467936,3.55108914982356
627.72867389391,314.955101258127,4.5065199453227
-0.198157548687339,147.078070896094,4.27453658714117
537.629285748221,204.832578743666,4.2431293447042
32.6851125546557,490.571604117619,3.10338570049357
285.016271416516,22.7660169817585,3.95351385859562
532.972372350052,392.472394978746,3.52392068942772
70.1354793302838,77.7745111395883,5.252251812296
4.96732070707352,75.7682663325255,3.546377079837
583.717660256988,227.231554261965,4.0599665058368
443.590630356954,455.294354147535,4.79412614227488
658.040097672598,373.994884169611,3.15646704567657
103.598943273952,488.516235286964,4.43520314279813
625.77495261791,88.358793878832,4.07184793969316
420.30502471774,260.171007724154,3.69280342585919
12.0678430282669,181.629201189932,3.04557471333834
71.1121744443039,120.86498992923,4.43618218553571
605.677394865151,198.824238517182,4.4310207482482
253.268389071492,214.869687007074,3.8106082689677
561.109369425534,438.873892144049,3.83817218438992
303.225702345695,136.852270172247,3.81536168508481
534.031260224011,463.746206579505,3.58524393971875
61.8478141981233,431.778230109927,4.01942541445488
193.173210851689,291.187757730704,3.77913014236102
556.066744700987,266.841058007308,3.8937411991465
168.863534710375,31.4737740369369,4.46663254550537
504.252372443252,336.117217214695,4.41110999987103
29.1160449874139,41.9758001752271,4.26342330945567
557.852424076166,154.120646888729,4.77296687850201
NA,NA,NA
664.181719658764,333.294972439292,3.5450618696236
455.946359212812,296.374256383255,3.77742412804776
9.85580853849741,494.635212785849,3.65491387314733
554.761517886068,52.9653377801258,4.30509292060479
73.3873636176738,374.394976990798,3.95758173345177
229.6168307392,418.150238233873,3.96692231224813
427.823196518079,13.6758101437582,3.27443268481718
362.532048155753,290.277873707398,3.14908948003985
601.460214982975,101.58570849516,4.2443127616197
394.728656149195,231.133175260031,4.25397107289178
565.706222580766,419.953722816967,4.7532028730734
138.108934085259,286.839422040263,4.6555548228305
199.191410635205,363.7470768922,4.1011719021889
124.121931095218,412.546328467936,3.55108914982356
627.72867389391,314.955101258127,4.5065199453227
-0.198157548687339,147.078070896094,4.27453658714117
537.629285748221,204.832578743666,4.2431293447042
32.6851125546557,490.571604117619,3.10338570049357
285.016271416516,22.7660169817585,3.95351385859562
532.972372350052,392.472394978746,3.52392068942772
70.1354793302838,77.7745111395883,5.252251812296
4.96732070707352,75.7682663325255,3.546377079837
583.717660256988,227.231554261965,4.0599665058368
443.590630356954,455.294354147535,4.79412614227488
658.040097672598,373.994884169611,3.15646704567657
103.598943273952,488.516235286964,4.43520314279813
625.77495261791,88.358793878832,4.07184793969316
420.30502471774,260.171007724154,3.69280342585919
12.0678430282669,181.629201189932,3.04557471333834
71.1121744443039,120.86498992923,4.43618218553571
605.677394865151,198.824238517182,4.4310207482482
253.268389071492,214.869687007074,3.8106082689677
561.109369425534,438.873892144049,3.83817218438992
303.225702345695,136.852270172247,3.81536168508481
534.031260224011,463.746206579505,3.58524393971875
61.8478141981233,431.778230109927,4.01942541445488
193.173210851689,291.187757730704,3.77913014236102
556.066744700987,266.841058007308,3.8937411991465
168.863534710375,31.4737740369369,4.46663254550537
504.252372443252,336.117217214695,4.41110999987103
29.1160449874139,41.9758001752271,4.26342330945567
557.852424076166,154.120646888729,4.77296687850201
NA,NA,NA
664.181719658764,333.294972439292,3.5450618696236
455.946359212812,296.374256383255,3.77742412804776
9.85580853849741,494.635212785849,3.65491387314733
554.761517886068,52.9653377801258,4.30509292060479
73.3873636176738,374.394976990798,3.95758173345177
229.6168307392,418.150238233873,3.96692231224813
427.823196518079,13.6758101437582,3.27443268481718
362.532048155753,290.277873707398,3.14908948003985
601.460214982975,101.58570849516,4.2443127616197
394.728656149195,231.133175260031,4.25397107289178
565.706222580766,419.953722816967,4.7532028730734
138.108934085259,286.839422040263,4.6555548228305
199.191410635205,363.7470768922,4.1011719021889
124.121931095218,412.546328467936,3.55108914982356
627.72867389391,314.955101258127,4.5065199453227
-0.198157548687339,147.078070896094,4.27453658714117
537.629285748221,204.832578743666,4.2431293447042
32.6851125546557,490.571604117619,3.10338570049357
285.016271416516,22.7660169817585,3.95351385859562
532.972372350052,392.472394978746,3.52392068942772
70.1354793302838,77.7745111395883,5.252251812296
4.96732070707352,75.7682663325255,3.546377079837
583.717660256988,227.231554261965,4.0599665058368
443.590630356954,455.294354147535,4.79412614227488
658.040097672598,373.994884169611,3.15646704567657
103.598943273952,488.516235286964,4.43520314279813
625.77495261791,88.358793878832,4.07184793969316
420.30502471774,260.171007724154,3.69280342585919
12.0678430282669,181.629201189932,3.04557471333834
71.1121744443039,120.86498992923,4.43618218553571
605.677394865151,198.824238517182,4.4310207482482
253.268389071492,214.869687007074,3.8106082689677
561.109369425534,438.873892144049,3.83817218438992
303.225702345695,136.852270172247,3.81536168508481
534.031260224011,463.746206579505,3.58524393971875
61.8478141981233,431.778230109927,4.01942541445488
193.173210851689,291.187757730704,3.77913014236102
556.066744700987,266.841058007308,3.8937411991465
168.863534710375,31.4737740369369,4.46663254550537
504.252372443252,336.117217214695,4.41110999987103
29.1160449874139,41.9758001752271,4.26342330945567
557.852424076166,154.120646888729,4.77296687850201
NA,NA,NA
664.181719658764,333.294972439292,3.5450618696236
455.946359212812,296.374256383255,3.77742412804776
9.85580853849741,494.635212785849,3.65491387314733
554.761517886068,52.9653377801258,4.30509292060479
73.3873636176738,374.394976990798,3.95758173345177
229.6168307392,418.150238233873,3.96692231224813
427.823196518079,13.6758101437582,3.27443268481718
362.532048155753,290.277873707398,3.14908948003985
601.460214982975,101.58570849516,4.2443127616197
394.728656149195,231.133175260031,4.25397107289178
565.706222580766,419.953722816967,4.7532028730734
138.108934085259,286.839422040263,4.6555548228305
199.191410635205,363.7470768922,4.1011719021889
124.121931095218,412.546328467936,3.55108914982356
627.72867389391,314.955101258127,4.5065199453227
-0.198157548687339,147.078070896094,4.27453658714117
537.629285748221,204.832578743666,4.2431293447042
32.6851125546557,490.571604117619,3.10338570049357
285.016271416516,22.7660169817585,3.95351385859562
532.972372350052,392.472394978746,3.52392068942772
70.1354793302838,77.7745111395883,5.252251812296
4.96732070707352,75.7682663325255,3.546377079837
583.717660256988,227.231554261965,4.0599665058368
443.590630356954,455.294354147535,4.79412614227488
658.040097672598,373.994884169611,3.15646704567657
103.598943273952,488.516235286964,4.43520314279813
625.77495261791,88.358793878832,4.07184793969316
420.30502471774,260.171007724154,3.69280342585919
12.0678430282669,181.629201189932,3.04557471333834
71.1121744443039,120.86498992923,4.43618218553571
605.677394865151,198.824238517182,4.4310207482482
253.268389071492,214.869687007074,3.8106082689677
561.109369425534,438.873892144049,3.83817218438992
303.225702345695,136.852270172247,3.81536168508481
534.031260224011,463.746206579505,3.58524393971875
61.8478141981233,431.778230109927,4.01942541445488
193.173210851689,291.187757730704,3.77913014236102
556.066744700987,266.841058007308,3.8937411991465
168.863534710375,31.4737740369369,4.46663254550537
504.252372443252,336.117217214695,4.41110999987103
29.1160449874139,41.9758001752271,4.26342330945567
557.852424076166,154.120646888729,4.77296687850201
NA,NA,NA
664.181719658764,333.294972439292,3.5450618696236
455.946359212812,296.374256383255,3.77742412804776
9.85580853849741,494.635212785849,3.65491387314733
554.761517886068,52.9653377801258,4.30509292060479
73.3873636176738,374.394976990798,3.95758173345177
229.6168307392,418.150238233873,3.96692231224813
427.823196518079,13.6758101437582,3.27443268481718
362.532048155753,290.277873707398,3.14908948003985
601.460214982975,101.58570849516,4.2443127616197
394.728656149195,231.133175260031,4.25397107289178
565.706222580766,419.953722816967,4.7532028730734
138.108934085259,286.839422040263,4.6555548228305
199.191410635205,363.7470768922,4.1011719021889
124.121931095218,412.546328467936,3.55108914982356
627.72867389391,314.955101258127,4.5065199453227
-0.198157548687339,147.078070896094,4.27453658714117
537.629285748221,204.832578743666,4.2431293447042
32.6851125546557,490.571604117619,3.10338570049357
285.016271416516,22.7660169817585,3.95351385859562
532.972372350052,392.472394978746,3.52392068942772
70.1354793302838,77.7745111395883,5.252251812296
4.96732070707352,75.7682663325255,3.546377079837
583.717660256988,227.231554261965,4.0599665058368
443.590630356954,455.294354147535,4.79412614227488
658.040097672598,373.994884169611,3.15646704567657
103.598943273952,488.516235286964,4.43520314279813
625.77495261791,88.358793878832,4.07184793969316
420.30502471774,260.171007724154,3.69280342585919
12.0678430282669,181.629201189932,3.04557471333834
71.1121744443039,120.86498992923,4.43618218553571
605.677394865151,198.824238517182,4.4310207482482
253.268389071492,214.869687007074,3.8106082689677
561.109369425534,438.873892144049,3.83817218438992
303.225702345695,136.852270172247,3.81536168508481
534.031260224011,463.746206579505,3.58524393971875
61.8478141981233,431.778230109927,4.01942541445488
193.173210851689,291.187757730704,3.77913014236102
556.066744700987,266.841058007308,3.8937411991465
168.863534710375,31.4737740369369,4.46663254550537
504.252372443252,336.117217214695,4.41110999987103
29.1160449874139,41.9758001752271,4.26342330945567
557.852424076166,154.120646888729,4.77296687850201
NA,NA,NA
661.326829393926,334.806171121891,3.53543866481824
456.772760389108,297.506627480703,3.69808489636265
10.9270020508197,492.214693522486,3.64856390141517
564.00970466445,54.378403734721,4.19546055831648
70.5069539339202,374.077730533065,3.95750723260617
228.969941359794,410.594528500547,3.92954655374025
427.688430385392,13.6155923709822,3.38792500935143
362.843347097474,290.886100947711,3.20508094464693
601.016191547334,106.99144159109,4.14928825566171
391.914639922561,231.908494480191,4.2325989207934
569.828088120894,411.636062581224,4.80982972362619
137.462079865444,278.956713325973,4.45751375423374
202.206372633834,369.447178810675,4.05209286320856
125.850266046589,409.168524320944,3.39814117976828
631.37632079719,311.862988035018,4.6345571305405
3.12425614490012,151.060193904356,4.32583533239715
539.671880285127,201.653665610682,4.08336467034086
34.5567730527041,490.03674579883,3.03900465100475
277.232768294064,22.628025177529,3.93908433181082
534.763152371481,392.134618975305,3.37988310806426
69.1266952621136,81.7603884607854,5.23580901582769
-0.631298083309483,74.02872721323,3.62281478555683
586.356548827812,228.733118558531,3.95440172200175
443.343941239564,460.718091806307,4.89315150271835
657.432304116683,370.713710580312,2.80346236903404
101.600627553255,486.512983096289,4.38771865893053
625.612368945706,92.0401118006132,4.10989369327569
419.230103127699,257.618101983266,3.57497382829591
13.1234944103948,179.98220688134,3.29227506836637
71.0677642311698,101.999544366195,4.50707423740316
601.029492332408,204.438861653518,4.3981179035468
253.55424906297,231.081217236975,3.84062842470705
562.002664220055,434.989924322341,3.68050467471136
300.307933607739,138.384121364956,3.92618242326659
529.201154219543,457.025546700503,3.51398909491736
52.2319991196441,422.89271954453,4.11576336201026
187.990974728518,277.123707379157,4.36235536772787
556.184845155153,258.327453425707,3.97027495941383
175.833456162803,38.9708383982733,4.71610565862116
503.348114519124,333.421563287367,4.67613810315635
44.3235874739179,50.2908510550098,3.67871159141633
519.701293735221,161.494489001818,4.8261395117173
NA,NA,NA
661.326829393926,334.806171121891,3.53543866481824
456.772760389108,297.506627480703,3.69808489636265
10.9270020508197,492.214693522486,3.64856390141517
564.00970466445,54.378403734721,4.19546055831648
70.5069539339202,374.077730533065,3.95750723260617
228.969941359794,410.594528500547,3.92954655374025
427.688430385392,13.6155923709822,3.38792500935143
362.843347097474,290.886100947711,3.20508094464693
601.016191547334,106.99144159109,4.14928825566171
391.914639922561,231.908494480191,4.2325989207934
569.828088120894,411.636062581224,4.80982972362619
137.462079865444,278.956713325973,4.45751375423374
202.206372633834,369.447178810675,4.05209286320856
125.850266046589,409.168524320944,3.39814117976828
631.37632079719,311.862988035018,4.6345571305405
3.12425614490012,151.060193904356,4.32583533239715
539.671880285127,201.653665610682,4.08336467034086
34.5567730527041,490.03674579883,3.03900465100475
277.232768294064,22.628025177529,3.93908433181082
534.763152371481,392.134618975305,3.37988310806426
69.1266952621136,81.7603884607854,5.23580901582769
-0.631298083309483,74.02872721323,3.62281478555683
586.356548827812,228.733118558531,3.95440172200175
443.343941239564,460.718091806307,4.89315150271835
657.432304116683,370.713710580312,2.80346236903404
101.600627553255,486.512983096289,4.38771865893053
625.612368945706,92.0401118006132,4.10989369327569
419.230103127699,257.618101983266,3.57497382829591
13.1234944103948,179.98220688134,3.29227506836637
71.0677642311698,101.999544366195,4.50707423740316
601.029492332408,204.438861653518,4.3981179035468
253.55424906297,231.081217236975,3.84062842470705
562.002664220055,434.989924322341,3.68050467471136
300.307933607739,138.384121364956,3.92618242326659
529.201154219543,457.025546700503,3.51398909491736
52.2319991196441,422.89271954453,4.11576336201026
187.990974728518,277.123707379157,4.36235536772787
556.184845155153,258.327453425707,3.97027495941383
175.833456162803,38.9708383982733,4.71610565862116
503.348114519124,333.421563287367,4.67613810315635
44.3235874739179,50.2908510550098,3.67871159141633
519.701293735221,161.494489001818,4.8261395117173
NA,NA,NA
661.326829393926,334.806171121891,3.53543866481824
456.772760389108,297.506627480703,3.69808489636265
10.9270020508197,492.214693522486,3.64856390141517
564.00970466445,54.378403734721,4.19546055831648
70.5069539339202,374.077730533065,3.95750723260617
228.969941359794,410.594528500547,3.92954655374025
427.688430385392,13.6155923709822,3.38792500935143
362.843347097474,290.886100947711,3.20508094464693
601.016191547334,106.99144159109,4.14928825566171
391.914639922561,231.908494480191,4.2325989207934
569.828088120894,411.636062581224,4.80982972362619
137.462079865444,278.956713325973,4.45751375423374
202.206372633834,369.447178810675,4.05209286320856
125.850266046589,409.168524320944,3.39814117976828
631.37632079719,311.862988035018,4.6345571305405
3.12425614490012,151.060193904356,4.32583533239715
539.671880285127,201.653665610682,4.08336467034086
34.5567730527041,490.03674579883,3.03900465100475
277.232768294064,22.628025177529,3.93908433181082
534.763152371481,392.134618975305,3.37988310806426
69.1266952621136,81.7603884607854,5.23580901582769
-0.631298083309483,74.02872721323,3.62281478555683
586.356548827812,228.733118558531,3.95440172200175
443.343941239564,460.718091806307,4.89315150271835
657.432304116683,370.713710580312,2.80346236903404
101.600627553255,486.512983096289,4.38771865893053
625.612368945706,92.0401118006132,4.10989369327569
419.230103127699,257.618101983266,3.57497382829591
13.1234944103948,179.98220688134,3.29227506836637
71.0677642311698,101.999544366195,4.50707423740316
601.029492332408,204.438861653518,4.3981179035468
253.55424906297,231.081217236975,3.84062842470705
562.002664220055,434.989924322341,3.68050467471136
300.307933607739,138.384121364956,3.92618242326659
529.201154219543,457.025546700503,3.51398909491736
52.2319991196441,422.89271954453,4.11576336201026
187.990974728518,277.123707379157,4.36235536772787
556.184845155153,258.327453425707,3.97027495941383
175.833456162803,38.9708383982733,4.71610565862116
503.348114519124,333.421563287367,4.67613810315635
44.3235874739179,50.2908510550098,3.67871159141633
519.701293735221,161.494489001818,4.8261395117173
NA,NA,NA
661.326829393926,334.806171121891,3.53543866481824
456.772760389108,297.506627480703,3.69808489636265
10.9270020508197,492.214693522486,3.64856390141517
564.00970466445,54.378403734721,4.19546055831648
70.5069539339202,374.077730533065,3.95750723260617
228.969941359794,410.594528500547,3.92954655374025
427.688430385392,13.6155923709822,3.38792500935143
362.843347097474,290.886100947711,3.20508094464693
601.016191547334,106.99144159109,4.14928825566171
391.914639922561,231.908494480191,4.2325989207934
569.828088120894,411.636062581224,4.80982972362619
137.462079865444,278.956713325973,4.45751375423374
202.206372633834,369.447178810675,4.05209286320856
125.850266046589,409.168524320944,3.39814117976828
631.37632079719,311.862988035018,4.6345571305405
3.12425614490012,151.060193904356,4.32583533239715
539.671880285127,201.653665610682,4.08336467034086
34.5567730527041,490.03674579883,3.03900465100475
277.232768294064,22.628025177529,3.93908433181082
534.763152371481,392.134618975305,3.37988310806426
69.1266952621136,81.7603884607854,5.23580901582769
-0.631298083309483,74.02872721323,3.62281478555683
586.356548827812,228.733118558531,3.95440172200175
443.343941239564,460.718091806307,4.89315150271835
657.432304116683,370.713710580312,2.80346236903404
101.600627553255,486.512983096289,4.38771865893053
625.612368945706,92.0401118006132,4.10989369327569
419.230103127699,257.618101983266,3.57497382829591
13.1234944103948,179.98220688134,3.29227506836637
71.0677642311698,101.999544366195,4.50707423740316
601.029492332408,204.438861653518,4.3981179035468
253.55424906297,231.081217236975,3.84062842470705
562.002664220055,434.989924322341,3.68050467471136
300.307933607739,138.384121364956,3.92618242326659
529.201154219543,457.025546700503,3.51398909491736
52.2319991196441,422.89271954453,4.11576336201026
187.990974728518,277.123707379157,4.36235536772787
556.184845155153,258.327453425707,3.97027495941383
175.833456162803,38.9708383982733,4.71610565862116
503.348114519124,333.421563287367,4.67613810315635
44.3235874739179,50.2908510550098,3.67871159141633
519.701293735221,161.494489001818,4.8261395117173
NA,NA,NA
661.326829393926,334.806171121891,3.53543866481824
456.772760389108,297.506627480703,3.69808489636265
10.9270020508197,492.214693522486,3.64856390141517
564.00970466445,54.378403734721,4.19546055831648
70.5069539339202,374.077730533065,3.95750723260617
228.969941359794,410.594528500547,3.92954655374025
427.688430385392,13.6155923709822,3.38792500935143
362.843347097474,290.886100947711,3.20508094464693
601.016191547334,106.99144159109,4.14928825566171
391.914639922561,231.908494480191,4.2325989207934
569.828088120894,411.636062581224,4.80982972362619
137.462079865444,278.956713325973,4.45751375423374
202.206372633834,369.447178810675,4.05209286320856
125.850266046589,409.168524320944,3.39814117976828
631.37632079719,311.862988035018,4.6345571305405
3.12425614490012,151.060193904356,4.32583533239715
539.671880285127,201.653665610682,4.08336467034086
34.5567730527041,490.03674579883,3.03900465100475
277.232768294064,22.628025177529,3.93908433181082
534.763152371481,392.134618975305,3.37988310806426
69.1266952621136,81.7603884607854,5.23580901582769
-0.631298083309483,74.02872721323,3.62281478555683
586.356548827812,228.733118558531,3.95440172200175
443.343941239564,460.718091806307,4.89315150271835
657.432304116683,370.713710580312,2.80346236903404
101.600627553255,486.512983096289,4.38771865893053
625.612368945706,92.0401118006132,4.10989369327569
419.230103127699,257.618101983266,3.57497382829591
13.1234944103948,179.98220688134,3.29227506836637
71.0677642311698,101.999544366195,4.50707423740316
601.029492332408,204.438861653518,4.3981179035468
253.55424906297,231.081217236975,3.84062842470705
562.002664220055,434.989924322341,3.68050467471136
300.307933607739,138.384121364956,3.92618242326659
529.201154219543,457.025546700503,3.51398909491736
52.2319991196441,422.89271954453,4.11576336201026
187.990974728518,277.123707379157,4.36235536772787
556.184845155153,258.327453425707,3.97027495941383
175.833456162803,38.9708383982733,4.71610565862116
503.348114519124,333.421563287367,4.67613810315635
44.3235874739179,50.2908510550098,3.67871159141633
519.701293735221,161.494489001818,4.8261395117173
NA,NA,NA
661.326829393926,334.806171121891,3.53543866481824
456.772760389108,297.506627480703,3.69808489636265
10.9270020508197,492.214693522486,3.64856390141517
564.00970466445,54.378403734721,4.19546055831648
70.5069539339202,374.077730533065,3.95750723260617
228.969941359794,410.594528500547,3.92954655374025
427.688430385392,13.6155923709822,3.38792500935143
362.843347097474,290.886100947711,3.20508094464693
601.016191547334,106.99144159109,4.14928825566171
391.914639922561,231.908494480191,4.2325989207934
569.828088120894,411.636062581224,4.80982972362619
137.462079865444,278.956713325973,4.45751375423374
202.206372633834,369.447178810675,4.05209286320856
125.850266046589,409.168524320944,3.39814117976828
631.37632079719,311.862988035018,4.6345571305405
3.12425614490012,151.060193904356,4.32583533239715
539.671880285127,201.653665610682,4.08336467034086
34.5567730527041,490.03674579883,3.03900465100475
277.232768294064,22.628025177529,3.93908433181082
534.763152371481,392.134618975305,3.37988310806426
69.1266952621136,81.7603884607854,5.23580901582769
-0.631298083309483,74.02872721323,3.62281478555683
586.356548827812,228.733118558531,3.95440172200175
443.343941239564,460.718091806307,4.89315150271835
657.432304116683,370.713710580312,2.80346236903404
101.600627553255,486.512983096289,4.38771865893053
625.612368945706,92.0401118006132,4.10989369327569
419.230103127699,257.618101983266,3.57497382829591
13.1234944103948,179.98220688134,3.29227506836637
71.0677642311698,101.999544366195,4.50707423740316
601.029492332408,204.438861653518,4.3981179035468
253.55424906297,231.081217236975,3.84062842470705
562.002664220055,434.989924322341,3.68050467471136
300.307933607739,138.384121364956,3.92618242326659
529.201154219543,457.025546700503,3.51398909491736
52.2319991196441,422.89271954453,4.11576336201026
187.990974728518,277.123707379157,4.36235536772787
556.184845155153,258.327453425707,3.97027495941383
175.833456162803,38.9708383982733,4.71610565862116
503.348114519124,333.421563287367,4.67613810315635
44.3235874739179,50.2908510550098,3.67871159141633
519.701293735221,161.494489001818,4.8261395117173
NA,NA,NA
662.688809130481,334.942297662565,3.61017447812764
457.090512831625,294.765304319523,3.60785201383787
11.1235626381954,497.965762288445,3.57044546939814
563.45813485657,52.7292521974489,4.16611454651341
71.5653587025521,375.718825325736,3.87596637786762
231.896406302882,416.893947014376,3.86532543619909
427.519617611398,12.8833107570828,3.38490318825488
364.231649178853,293.143651032368,3.0889329446406
607.509107416055,109.967873931202,4.28353416369179
394.896055612633,230.425068939142,4.04463988347686
565.486325307037,407.587331819919,4.74214366381003
146.544801146844,283.874900590612,4.48609191430069
201.239017526395,367.665629483681,4.01392557936173
124.322189118259,407.736466019133,3.27746470391309
627.947104207995,317.682711332412,4.57532109921066
3.88513342403926,148.638762135292,4.20294374793317
538.400588333964,208.445390033975,4.12591380363063
32.899399127281,491.901553032293,3.03409529702773
277.353425524321,20.529042965644,3.88649566497013
534.463192422593,392.205349809287,3.35489643212018
71.9360312477882,74.8370019981682,5.2326211824095
2.92146058894134,75.2795200858794,3.33582629010081
587.895830041794,230.758866051691,4.05191094831713
443.509651066334,460.338320889371,4.7617623750418
659.829505615498,375.116140182044,2.92543829239427
104.801823604415,487.93500972664,4.3302738727196
620.890858480503,89.1896627482006,4.06461016873741
417.040187435386,259.596085355867,3.61862165149198
10.1745865880378,181.842101549199,3.23044444847705
66.7944332392883,117.600900171442,4.62780827957285
610.189483967116,193.790277445909,4.29313755124083
260.806550902388,220.864183827408,3.90220982797404
578.863584304897,436.445341741917,3.86539599758269
301.451184724402,138.646264335254,3.96527060197967
523.761310392874,465.83761033396,4.02565811096549
41.8701796631125,423.1474633554,3.70145560553999
189.506424061238,288.047232193868,4.53713320338697
547.726940896812,256.68188640326,3.71188896243481
174.491870887819,18.1438302642628,4.60750577840602
499.67138748442,353.147976187321,4.58122307540531
31.9430362963285,60.4760996752824,3.8737476380026
528.113136384256,130.908070210508,4.86273770274253
NA,NA,NA
662.688809130481,334.942297662565,3.61017447812764
457.090512831625,294.765304319523,3.60785201383787
11.1235626381954,497.965762288445,3.57044546939814
563.45813485657,52.7292521974489,4.16611454651341
71.5653587025521,375.718825325736,3.87596637786762
231.896406302882,416.893947014376,3.86532543619909
427.519617611398,12.8833107570828,3.38490318825488
364.231649178853,293.143651032368,3.0889329446406
607.509107416055,109.967873931202,4.28353416369179
394.896055612633,230.425068939142,4.04463988347686
565.486325307037,407.587331819919,4.74214366381003
146.544801146844,283.874900590612,4.48609191430069
201.239017526395,367.665629483681,4.01392557936173
124.322189118259,407.736466019133,3.27746470391309
627.947104207995,317.682711332412,4.57532109921066
3.88513342403926,148.638762135292,4.20294374793317
538.400588333964,208.445390033975,4.12591380363063
32.899399127281,491.901553032293,3.03409529702773
277.353425524321,20.529042965644,3.88649566497013
534.463192422593,392.205349809287,3.35489643212018
71.9360312477882,74.8370019981682,5.2326211824095
2.92146058894134,75.2795200858794,3.33582629010081
587.895830041794,230.758866051691,4.05191094831713
443.509651066334,460.338320889371,4.7617623750418
659.829505615498,375.116140182044,2.92543829239427
104.801823604415,487.93500972664,4.3302738727196
620.890858480503,89.1896627482006,4.06461016873741
417.040187435386,259.596085355867,3.61862165149198
10.1745865880378,181.842101549199,3.23044444847705
66.7944332392883,117.600900171442,4.62780827957285
610.189483967116,193.790277445909,4.29313755124083
260.806550902388,220.864183827408,3.90220982797404
578.863584304897,436.445341741917,3.86539599758269
301.451184724402,138.646264335254,3.96527060197967
523.761310392874,465.83761033396,4.02565811096549
41.8701796631125,423.1474633554,3.70145560553999
189.506424061238,288.047232193868,4.53713320338697
547.726940896812,256.68188640326,3.71188896243481
174.491870887819,18.1438302642628,4.60750577840602
499.67138748442,353.147976187321,4.58122307540531
31.9430362963285,60.4760996752824,3.8737476380026
528.113136384256,130.908070210508,4.86273770274253
NA,NA,NA
662.688809130481,334.942297662565,3.61017447812764
457.090512831625,294.765304319523,3.60785201383787
11.1235626381954,497.965762288445,3.57044546939814
563.45813485657,52.7292521974489,4.16611454651341
71.5653587025521,375.718825325736,3.87596637786762
231.896406302882,416.893947014376,3.86532543619909
427.519617611398,12.8833107570828,3.38490318825488
364.231649178853,293.143651032368,3.0889329446406
607.509107416055,109.967873931202,4.28353416369179
394.896055612633,230.425068939142,4.04463988347686
565.486325307037,407.587331819919,4.74214366381003
146.544801146844,283.874900590612,4.48609191430069
201.239017526395,367.665629483681,4.01392557936173
124.322189118259,407.736466019133,3.27746470391309
627.947104207995,317.682711332412,4.57532109921066
3.88513342403926,148.638762135292,4.20294374793317
538.400588333964,208.445390033975,4.12591380363063
32.899399127281,491.901553032293,3.03409529702773
277.353425524321,20.529042965644,3.88649566497013
534.463192422593,392.205349809287,3.35489643212018
71.9360312477882,74.8370019981682,5.2326211824095
2.92146058894134,75.2795200858794,3.33582629010081
587.895830041794,230.758866051691,4.05191094831713
443.509651066334,460.338320889371,4.7617623750418
659.829505615498,375.116140182044,2.92543829239427
104.801823604415,487.93500972664,4.3302738727196
620.890858480503,89.1896627482006,4.06461016873741
417.040187435386,259.596085355867,3.61862165149198
10.1745865880378,181.842101549199,3.23044444847705
66.7944332392883,117.600900171442,4.62780827957285
610.189483967116,193.790277445909,4.29313755124083
260.806550902388,220.864183827408,3.90220982797404
578.863584304897,436.445341741917,3.86539599758269
301.451184724402,138.646264335254,3.96527060197967
523.761310392874,465.83761033396,4.02565811096549
41.8701796631125,423.1474633554,3.70145560553999
189.506424061238,288.047232193868,4.53713320338697
547.726940896812,256.68188640326,3.71188896243481
174.491870887819,18.1438302642628,4.60750577840602
499.67138748442,353.147976187321,4.58122307540531
31.9430362963285,60.4760996752824,3.8737476380026
528.113136384256,130.908070210508,4.86273770274253
NA,NA,NA
662.688809130481,334.942297662565,3.61017447812764
457.090512831625,294.765304319523,3.60785201383787
11.1235626381954,497.965762288445,3.57044546939814
563.45813485657,52.7292521974489,4.16611454651341
71.5653587025521,375.718825325736,3.87596637786762
231.896406302882,416.893947014376,3.86532543619909
427.519617611398,12.8833107570828,3.38490318825488
364.231649178853,293.143651032368,3.0889329446406
607.509107416055,109.967873931202,4.28353416369179
394.896055612633,230.425068939142,4.04463988347686
565.486325307037,407.587331819919,4.74214366381003
146.544801146844,283.874900590612,4.48609191430069
201.239017526395,367.665629483681,4.01392557936173
124.322189118259,407.736466019133,3.27746470391309
627.947104207995,317.682711332412,4.57532109921066
3.88513342403926,148.638762135292,4.20294374793317
538.400588333964,208.445390033975,4.12591380363063
32.899399127281,491.901553032293,3.03409529702773
277.353425524321,20.529042965644,3.88649566497013
534.463192422593,392.205349809287,3.35489643212018
71.9360312477882,74.8370019981682,5.2326211824095
2.92146058894134,75.2795200858794,3.33582629010081
587.895830041794,230.758866051691,4.05191094831713
443.509651066334,460.338320889371,4.7617623750418
659.829505615498,375.116140182044,2.92543829239427
104.801823604415,487.93500972664,4.3302738727196
620.890858480503,89.1896627482006,4.06461016873741
417.040187435386,259.596085355867,3.61862165149198
10.1745865880378,181.842101549199,3.23044444847705
66.7944332392883,117.600900171442,4.62780827957285
610.189483967116,193.790277445909,4.29313755124083
260.806550902388,220.864183827408,3.90220982797404
578.863584304897,436.445341741917,3.86539599758269
301.451184724402,138.646264335254,3.96527060197967
523.761310392874,465.83761033396,4.02565811096549
41.8701796631125,423.1474633554,3.70145560553999
189.506424061238,288.047232193868,4.53713320338697
547.726940896812,256.68188640326,3.71188896243481
174.491870887819,18.1438302642628,4.60750577840602
499.67138748442,353.147976187321,4.58122307540531
31.9430362963285,60.4760996752824,3.8737476380026
528.113136384256,130.908070210508,4.86273770274253
NA,NA,NA
662.688809130481,334.942297662565,3.61017447812764
457.090512831625,294.765304319523,3.60785201383787
11.1235626381954,497.965762288445,3.57044546939814
563.45813485657,52.7292521974489,4.16611454651341
71.5653587025521,375.718825325736,3.87596637786762
231.896406302882,416.893947014376,3.86532543619909
427.519617611398,12.8833107570828,3.38490318825488
364.231649178853,293.143651032368,3.0889329446406
607.509107416055,109.967873931202,4.28353416369179
394.896055612633,230.425068939142,4.04463988347686
565.486325307037,407.587331819919,4.74214366381003
146.544801146844,283.874900590612,4.48609191430069
201.239017526395,367.665629483681,4.01392557936173
124.322189118259,407.736466019133,3.27746470391309
627.947104207995,317.682711332412,4.57532109921066
3.88513342403926,148.638762135292,4.20294374793317
538.400588333964,208.445390033975,4.12591380363063
32.899399127281,491.901553032293,3.03409529702773
277.353425524321,20.529042965644,3.88649566497013
534.463192422593,392.205349809287,3.35489643212018
71.9360312477882,74.8370019981682,5.2326211824095
2.92146058894134,75.2795200858794,3.33582629010081
587.895830041794,230.758866051691,4.05191094831713
443.509651066334,460.338320889371,4.7617623750418
659.829505615498,375.116140182044,2.92543829239427
104.801823604415,487.93500972664,4.3302738727196
620.890858480503,89.1896627482006,4.06461016873741
417.040187435386,259.596085355867,3.61862165149198
10.1745865880378,181.842101549199,3.23044444847705
66.7944332392883,117.600900171442,4.62780827957285
610.189483967116,193.790277445909,4.29313755124083
260.806550902388,220.864183827408,3.90220982797404
578.863584304897,436.445341741917,3.86539599758269
301.451184724402,138.646264335254,3.96527060197967
523.761310392874,465.83761033396,4.02565811096549
41.8701796631125,423.1474633554,3.70145560553999
189.506424061238,288.047232193868,4.53713320338697
547.726940896812,256.68188640326,3.71188896243481
174.491870887819,18.1438302642628,4.60750577840602
499.67138748442,353.147976187321,4.58122307540531
31.9430362963285,60.4760996752824,3.8737476380026
528.113136384256,130.908070210508,4.86273770274253
NA,NA,NA
662.688809130481,334.942297662565,3.61017447812764
457.090512831625,294.765304319523,3.60785201383787
11.1235626381954,497.965762288445,3.57044546939814
563.45813485657,52.7292521974489,4.16611454651341
71.5653587025521,375.718825325736,3.87596637786762
231.896406302882,416.893947014376,3.86532543619909
427.519617611398,12.8833107570828,3.38490318825488
364.231649178853,293.143651032368,3.0889329446406
607.509107416055,109.967873931202,4.28353416369179
394.896055612633,230.425068939142,4.04463988347686
565.486325307037,407.587331819919,4.74214366381003
146.544801146844,283.874900590612,4.48609191430069
201.239017526395,367.665629483681,4.01392557936173
124.322189118259,407.736466019133,3.27746470391309
627.947104207995,317.682711332412,4.57532109921066
3.88513342403926,148.638762135292,4.20294374793317
538.400588333964,208.445390033975,4.12591380363063
32.899399127281,491.901553032293,3.03409529702773
277.353425524321,20.529042965644,3.88649566497013
534.463192422593,392.205349809287,3.35489643212018
71.9360312477882,74.8370019981682,5.2326211824095
2.92146058894134,75.2795200858794,3.33582629010081
587.895830041794,230.758866051691,4.05191094831713
443.509651066334,460.338320889371,4.7617623750418
659.829505615498,375.116140182044,2.92543829239427
104.801823604415,487.93500972664,4.3302738727196
620.890858480503,89.1896627482006,4.06461016873741
417.040187435386,259.596085355867,3.61862165149198
10.1745865880378,181.842101549199,3.23044444847705
66.7944332392883,117.600900171442,4.62780827957285
610.189483967116,193.790277445909,4.29313755124083
260.806550902388,220.864183827408,3.90220982797404
578.863584304897,436.445341741917,3.86539599758269
301.451184724402,138.646264335254,3.96527060197967
523.761310392874,465.83761033396,4.02565811096549
41.8701796631125,423.1474633554,3.70145560553999
189.506424061238,288.047232193868,4.53713320338697
547.726940896812,256.68188640326,3.71188896243481
174.491870887819,18.1438302642628,4.60750577840602
499.67138748442,353.147976187321,4.58122307540531
31.9430362963285,60.4760996752824,3.8737476380026
528.113136384256,130.908070210508,4.86273770274253
NA,NA,NA
660.324487694387,334.254045552687,3.51599363024371
456.90482639485,299.939481534957,3.76999299205219
9.02658124121563,492.313640359971,3.75138277003153
557.481351221037,50.7143627920644,4.26734965681542
76.1156126271921,372.389594641832,3.99734067821872
232.23672964096,412.275305292794,3.86405152674969
424.959231926082,11.7534732623572,3.4674894281885
361.460744228771,290.057453942783,3.11354109219774
603.475190185738,105.888485493568,4.20917863764583
392.647766321426,233.883961003336,4.18589732752728
566.03941182583,409.649504780418,4.74101979257044
138.866906542562,279.669545188784,4.51472296027539
204.063170679443,373.45827639893,4.12901450976163
124.232137722305,407.194432690473,3.48838193610688
625.314677336704,314.558441981349,4.60388613425325
0.703600382219254,142.79132436665,4.27891116616835
537.259839145129,202.213453944146,4.13858756084588
35.9029552062769,490.304336175014,2.96749114587871
278.208188045279,24.4430059979282,3.82614187404361
533.073132362437,391.761081509472,3.48327978573681
69.9426734678743,80.7581515786578,5.27215217838106
0.382372531199289,77.0458813730873,3.50637930080295
590.607010825421,225.787390824823,3.96629480313015
437.949945406498,457.192030610517,4.87922373292974
658.510002449062,372.541444029241,3.0329541766021
104.930392590223,489.273035278113,4.36057338527174
621.522696800516,89.6860391060967,4.07452486164204
420.095793999723,257.9229117075,3.65590775942383
11.748707255009,183.581431888402,3.35465046039306
68.37674250244,125.262302572327,4.28166998939939
604.13058846682,204.379432587788,4.3985869212655
266.564887908994,217.192308917985,3.82455214781607
564.204773378211,428.547283443895,3.88940398410088
302.497764496145,136.72947383582,3.90970225391739
523.539335651892,457.550015304288,3.37174843619163
32.883851186399,422.362229477491,3.97918910319159
194.634411068187,280.786808241862,3.94009156966537
551.682634656198,260.841417518223,3.70346862582675
152.361137298119,35.4766106644097,4.36449595841586
513.327330016692,351.868168037226,4.2272681871205
37.9101790125421,44.2382868517227,4.09933764689283
531.638345471758,172.394615273213,4.2702380746087
NA,NA,NA
660.324487694387,334.254045552687,3.51599363024371
456.90482639485,299.939481534957,3.76999299205219
9.02658124121563,492.313640359971,3.75138277003153
557.481351221037,50.7143627920644,4.26734965681542
76.1156126271921,372.389594641832,3.99734067821872
232.23672964096,412.275305292794,3.86405152674969
424.959231926082,11.7534732623572,3.4674894281885
361.460744228771,290.057453942783,3.11354109219774
603.475190185738,105.888485493568,4.20917863764583
392.647766321426,233.883961003336,4.18589732752728
566.03941182583,409.649504780418,4.74101979257044
138.866906542562,279.669545188784,4.51472296027539
204.063170679443,373.45827639893,4.12901450976163
124.232137722305,407.194432690473,3.48838193610688
625.314677336704,314.558441981349,4.60388613425325
0.703600382219254,142.79132436665,4.27891116616835
537.259839145129,202.213453944146,4.13858756084588
35.9029552062769,490.304336175014,2.96749114587871
278.208188045279,24.4430059979282,3.82614187404361
533.073132362437,391.761081509472,3.48327978573681
69.9426734678743,80.7581515786578,5.27215217838106
0.382372531199289,77.0458813730873,3.50637930080295
590.607010825421,225.787390824823,3.96629480313015
437.949945406498,457.192030610517,4.87922373292974
658.510002449062,372.541444029241,3.0329541766021
104.930392590223,489.273035278113,4.36057338527174
621.522696800516,89.6860391060967,4.07452486164204
420.095793999723,257.9229117075,3.65590775942383
11.748707255009,183.581431888402,3.35465046039306
68.37674250244,125.262302572327,4.28166998939939
604.13058846682,204.379432587788,4.3985869212655
266.564887908994,217.192308917985,3.82455214781607
564.204773378211,428.547283443895,3.88940398410088
302.497764496145,136.72947383582,3.90970225391739
523.539335651892,457.550015304288,3.37174843619163
32.883851186399,422.362229477491,3.97918910319159
194.634411068187,280.786808241862,3.94009156966537
551.682634656198,260.841417518223,3.70346862582675
152.361137298119,35.4766106644097,4.36449595841586
513.327330016692,351.868168037226,4.2272681871205
37.9101790125421,44.2382868517227,4.09933764689283
531.638345471758,172.394615273213,4.2702380746087
NA,NA,NA
660.324487694387,334.254045552687,3.51599363024371
456.90482639485,299.939481534957,3.76999299205219
9.02658124121563,492.313640359971,3.75138277003153
557.481351221037,50.7143627920644,4.26734965681542
76.1156126271921,372.389594641832,3.99734067821872
232.23672964096,412.275305292794,3.86405152674969
424.959231926082,11.7534732623572,3.4674894281885
361.460744228771,290.057453942783,3.11354109219774
603.475190185738,105.888485493568,4.20917863764583
392.647766321426,233.883961003336,4.18589732752728
566.03941182583,409.649504780418,4.74101979257044
138.866906542562,279.669545188784,4.51472296027539
204.063170679443,373.45827639893,4.12901450976163
124.232137722305,407.194432690473,3.48838193610688
625.314677336704,314.558441981349,4.60388613425325
0.703600382219254,142.79132436665,4.27891116616835
537.259839145129,202.213453944146,4.13858756084588
35.9029552062769,490.304336175014,2.96749114587871
278.208188045279,24.4430059979282,3.82614187404361
533.073132362437,391.761081509472,3.48327978573681
69.9426734678743,80.7581515786578,5.27215217838106
0.382372531199289,77.0458813730873,3.50637930080295
590.607010825421,225.787390824823,3.96629480313015
437.949945406498,457.192030610517,4.87922373292974
658.510002449062,372.541444029241,3.0329541766021
104.930392590223,489.273035278113,4.36057338527174
621.522696800516,89.6860391060967,4.07452486164204
420.095793999723,257.9229117075,3.65590775942383
11.748707255009,183.581431888402,3.35465046039306
68.37674250244,125.262302572327,4.28166998939939
604.13058846682,204.379432587788,4.3985869212655
266.564887908994,217.192308917985,3.82455214781607
564.204773378211,428.547283443895,3.88940398410088
302.497764496145,136.72947383582,3.90970225391739
523.539335651892,457.550015304288,3.37174843619163
32.883851186399,422.362229477491,3.97918910319159
194.634411068187,280.786808241862,3.94009156966537
551.682634656198,260.841417518223,3.70346862582675
152.361137298119,35.4766106644097,4.36449595841586
513.327330016692,351.868168037226,4.2272681871205
37.9101790125421,44.2382868517227,4.09933764689283
531.638345471758,172.394615273213,4.2702380746087
NA,NA,NA
660.324487694387,334.254045552687,3.51599363024371
456.90482639485,299.939481534957,3.76999299205219
9.02658124121563,492.313640359971,3.75138277003153
557.481351221037,50.7143627920644,4.26734965681542
76.1156126271921,372.389594641832,3.99734067821872
232.23672964096,412.275305292794,3.86405152674969
424.959231926082,11.7534732623572,3.4674894281885
361.460744228771,290.057453942783,3.11354109219774
603.475190185738,105.888485493568,4.20917863764583
392.647766321426,233.883961003336,4.18589732752728
566.03941182583,409.649504780418,4.74101979257044
138.866906542562,279.669545188784,4.51472296027539
204.063170679443,373.45827639893,4.12901450976163
124.232137722305,407.194432690473,3.48838193610688
625.314677336704,314.558441981349,4.60388613425325
0.703600382219254,142.79132436665,4.27891116616835
537.259839145129,202.213453944146,4.13858756084588
35.9029552062769,490.304336175014,2.96749114587871
278.208188045279,24.4430059979282,3.82614187404361
533.073132362437,391.761081509472,3.48327978573681
69.9426734678743,80.7581515786578,5.27215217838106
0.382372531199289,77.0458813730873,3.50637930080295
590.607010825421,225.787390824823,3.96629480313015
437.949945406498,457.192030610517,4.87922373292974
658.510002449062,372.541444029241,3.0329541766021
104.930392590223,489.273035278113,4.36057338527174
621.522696800516,89.6860391060967,4.07452486164204
420.095793999723,257.9229117075,3.65590775942383
11.748707255009,183.581431888402,3.35465046039306
68.37674250244,125.262302572327,4.28166998939939
604.13058846682,204.379432587788,4.3985869212655
266.564887908994,217.192308917985,3.82455214781607
564.204773378211,428.547283443895,3.88940398410088
302.497764496145,136.72947383582,3.90970225391739
523.539335651892,457.550015304288,3.37174843619163
32.883851186399,422.362229477491,3.97918910319159
194.634411068187,280.786808241862,3.94009156966537
551.682634656198,260.841417518223,3.70346862582675
152.361137298119,35.4766106644097,4.36449595841586
513.327330016692,351.868168037226,4.2272681871205
37.9101790125421,44.2382868517227,4.09933764689283
531.638345471758,172.394615273213,4.2702380746087
NA,NA,NA
660.324487694387,334.254045552687,3.51599363024371
456.90482639485,299.939481534957,3.76999299205219
9.02658124121563,492.313640359971,3.75138277003153
557.481351221037,50.7143627920644,4.26734965681542
76.1156126271921,372.389594641832,3.99734067821872
232.23672964096,412.275305292794,3.86405152674969
424.959231926082,11.7534732623572,3.4674894281885
361.460744228771,290.057453942783,3.11354109219774
603.475190185738,105.888485493568,4.20917863764583
392.647766321426,233.883961003336,4.18589732752728
566.03941182583,409.649504780418,4.74101979257044
138.866906542562,279.669545188784,4.51472296027539
204.063170679443,373.45827639893,4.12901450976163
124.232137722305,407.194432690473,3.48838193610688
625.314677336704,314.558441981349,4.60388613425325
0.703600382219254,142.79132436665,4.27891116616835
537.259839145129,202.213453944146,4.13858756084588
35.9029552062769,490.304336175014,2.96749114587871
278.208188045279,24.4430059979282,3.82614187404361
533.073132362437,391.761081509472,3.48327978573681
69.9426734678743,80.7581515786578,5.27215217838106
0.382372531199289,77.0458813730873,3.50637930080295
590.607010825421,225.787390824823,3.96629480313015
437.949945406498,457.192030610517,4.87922373292974
658.510002449062,372.541444029241,3.0329541766021
104.930392590223,489.273035278113,4.36057338527174
621.522696800516,89.6860391060967,4.07452486164204
420.095793999723,257.9229117075,3.65590775942383
11.748707255009,183.581431888402,3.35465046039306
68.37674250244,125.262302572327,4.28166998939939
604.13058846682,204.379432587788,4.3985869212655
266.564887908994,217.192308917985,3.82455214781607
564.204773378211,428.547283443895,3.88940398410088
302.497764496145,136.72947383582,3.90970225391739
523.539335651892,457.550015304288,3.37174843619163
32.883851186399,422.362229477491,3.97918910319159
194.634411068187,280.786808241862,3.94009156966537
551.682634656198,260.841417518223,3.70346862582675
152.361137298119,35.4766106644097,4.36449595841586
513.327330016692,351.868168037226,4.2272681871205
37.9101790125421,44.2382868517227,4.09933764689283
531.638345471758,172.394615273213,4.2702380746087
NA,NA,NA
660.324487694387,334.254045552687,3.51599363024371
456.90482639485,299.939481534957,3.76999299205219
9.02658124121563,492.313640359971,3.75138277003153
557.481351221037,50.7143627920644,4.26734965681542
76.1156126271921,372.389594641832,3.99734067821872
232.23672964096,412.275305292794,3.86405152674969
424.959231926082,11.7534732623572,3.4674894281885
361.460744228771,290.057453942783,3.11354109219774
603.475190185738,105.888485493568,4.20917863764583
392.647766321426,233.883961003336,4.18589732752728
566.03941182583,409.649504780418,4.74101979257044
138.866906542562,279.669545188784,4.51472296027539
204.063170679443,373.45827639893,4.12901450976163
124.232137722305,407.194432690473,3.48838193610688
625.314677336704,314.558441981349,4.60388613425325
0.703600382219254,142.79132436665,4.27891116616835
537.259839145129,202.213453944146,4.13858756084588
35.9029552062769,490.304336175014,2.96749114587871
278.208188045279,24.4430059979282,3.82614187404361
533.073132362437,391.761081509472,3.48327978573681
69.9426734678743,80.7581515786578,5.27215217838106
0.382372531199289,77.0458813730873,3.50637930080295
590.607010825421,225.787390824823,3.96629480313015
437.949945406498,457.192030610517,4.87922373292974
658.510002449062,372.541444029241,3.0329541766021
104.930392590223,489.273035278113,4.36057338527174
621.522696800516,89.6860391060967,4.07452486164204
420.095793999723,257.9229117075,3.65590775942383
11.748707255009,183.581431888402,3.35465046039306
68.37674250244,125.262302572327,4.28166998939939
604.13058846682,204.379432587788,4.3985869212655
266.564887908994,217.192308917985,3.82455214781607
564.204773378211,428.547283443895,3.88940398410088
302.497764496145,136.72947383582,3.90970225391739
523.539335651892,457.550015304288,3.37174843619163
32.883851186399,422.362229477491,3.97918910319159
194.634411068187,280.786808241862,3.94009156966537
551.682634656198,260.841417518223,3.70346862582675
152.361137298119,35.4766106644097,4.36449595841586
513.327330016692,351.868168037226,4.2272681871205
37.9101790125421,44.2382868517227,4.09933764689283
531.638345471758,172.394615273213,4.2702380746087
NA,NA,NA
658.204592510089,332.867656351061,3.45641936345105
455.3273902492,296.096734488867,3.70925013036061
8.3197695644711,493.533859174042,3.54120762617185
563.425998328516,49.7079743577073,4.042047142689
74.3174980130806,377.74934034156,4.07755995888755
228.430447210104,411.028943129262,4.02839168035156
427.352327940872,16.6457501932879,3.36259668581631
361.852333521811,290.584407942052,3.04674177441741
604.579320293642,104.757039332191,4.21765527327179
395.074292788841,232.709301987514,4.14563490139328
558.499970720167,414.743191718167,4.77540992829794
143.96007209021,282.140042709342,4.42423406599376
200.205026493838,364.785047051752,3.91110506215267
124.165009307033,411.112379209824,3.51021354595841
630.334704036744,313.317459505956,4.5518379148925
4.0806536749552,146.798090232609,4.32267023845591
544.608586468563,199.232401063194,4.09508455229555
33.9322749844048,488.742732501165,2.96146222198759
279.63396268992,21.3556667210578,3.85148852967806
532.657796284123,395.167483905837,3.23599748562556
73.3972436025089,84.3685529024235,5.23328487456432
6.53444695237813,77.1817255343979,3.5059033211674
585.915812173677,227.427954071509,4.06099329407696
437.299711609057,459.68221286736,4.82468813675294
656.355610577518,374.441827573431,3.28501302577147
107.601063006906,482.204782096885,4.29951732790858
625.936376069873,89.5001196046887,4.06997361274338
419.201779155732,256.570664135336,3.62577752205777
10.0444215773046,179.903589734687,3.16595291999278
74.3534618052273,132.427076249467,4.37060128379211
602.064505898204,193.591015877488,4.24334232887463
256.238743959985,219.610453154233,3.99923442451124
574.203158873021,432.426209447487,3.66903309725268
295.99474651401,135.889095786212,3.90682946791783
531.754631668905,455.625271115335,3.73337218665467
54.847190823417,424.664928330946,4.02991140712484
206.637557232997,290.267457126338,3.79045959793894
551.69191287576,260.748767593405,3.60309100079717
169.269272805617,21.7530005182558,4.44375690328034
500.35543917679,353.457844249451,4.55632006994315
52.9189142641722,49.9394528960535,3.74783260882887
513.15920027934,140.087458300244,4.5591180946738
NA,NA,NA
658.204592510089,332.867656351061,3.45641936345105
455.3273902492,296.096734488867,3.70925013036061
8.3197695644711,493.533859174042,3.54120762617185
563.425998328516,49.7079743577073,4.042047142689
74.3174980130806,377.74934034156,4.07755995888755
228.430447210104,411.028943129262,4.02839168035156
427.352327940872,16.6457501932879,3.36259668581631
361.852333521811,290.584407942052,3.04674177441741
604.579320293642,104.757039332191,4.21765527327179
395.074292788841,232.709301987514,4.14563490139328
558.499970720167,414.743191718167,4.77540992829794
143.96007209021,282.140042709342,4.42423406599376
200.205026493838,364.785047051752,3.91110506215267
124.165009307033,411.112379209824,3.51021354595841
630.334704036744,313.317459505956,4.5518379148925
4.0806536749552,146.798090232609,4.32267023845591
544.608586468563,199.232401063194,4.09508455229555
33.9322749844048,488.742732501165,2.96146222198759
279.63396268992,21.3556667210578,3.85148852967806
532.657796284123,395.167483905837,3.23599748562556
73.3972436025089,84.3685529024235,5.23328487456432
6.53444695237813,77.1817255343979,3.5059033211674
585.915812173677,227.427954071509,4.06099329407696
437.299711609057,459.68221286736,4.82468813675294
656.355610577518,374.441827573431,3.28501302577147
107.601063006906,482.204782096885,4.29951732790858
625.936376069873,89.5001196046887,4.06997361274338
419.201779155732,256.570664135336,3.62577752205777
10.0444215773046,179.903589734687,3.16595291999278
74.3534618052273,132.427076249467,4.37060128379211
602.064505898204,193.591015877488,4.24334232887463
256.238743959985,219.610453154233,3.99923442451124
574.203158873021,432.426209447487,3.66903309725268
295.99474651401,135.889095786212,3.90682946791783
531.754631668905,455.625271115335,3.73337218665467
54.847190823417,424.664928330946,4.02991140712484
206.637557232997,290.267457126338,3.79045959793894
551.69191287576,260.748767593405,3.60309100079717
169.269272805617,21.7530005182558,4.44375690328034
500.35543917679,353.457844249451,4.55632006994315
52.9189142641722,49.9394528960535,3.74783260882887
513.15920027934,140.087458300244,4.5591180946738
NA,NA,NA
658.204592510089,332.867656351061,3.45641936345105
455.3273902492,296.096734488867,3.70925013036061
8.3197695644711,493.533859174042,3.54120762617185
563.425998328516,49.7079743577073,4.042047142689
74.3174980130806,377.74934034156,4.07755995888755
228.430447210104,411.028943129262,4.02839168035156
427.352327940872,16.6457501932879,3.36259668581631
361.852333521811,290.584407942052,3.04674177441741
604.579320293642,104.757039332191,4.21765527327179
395.074292788841,232.709301987514,4.14563490139328
558.499970720167,414.743191718167,4.77540992829794
143.96007209021,282.140042709342,4.42423406599376
200.205026493838,364.785047051752,3.91110506215267
124.165009307033,411.112379209824,3.51021354595841
630.334704036744,313.317459505956,4.5518379148925
4.0806536749552,146.798090232609,4.32267023845591
544.608586468563,199.232401063194,4.09508455229555
33.9322749844048,488.742732501165,2.96146222198759
279.63396268992,21.3556667210578,3.85148852967806
532.657796284123,395.167483905837,3.23599748562556
73.3972436025089,84.3685529024235,5.23328487456432
6.53444695237813,77.1817255343979,3.5059033211674
585.915812173677,227.427954071509,4.06099329407696
437.299711609057,459.68221286736,4.82468813675294
656.355610577518,374.441827573431,3.28501302577147
107.601063006906,482.204782096885,4.29951732790858
625.936376069873,89.5001196046887,4.06997361274338
419.201779155732,256.570664135336,3.62577752205777
10.0444215773046,179.903589734687,3.16595291999278
74.3534618052273,132.427076249467,4.37060128379211
602.064505898204,193.591015877488,4.24334232887463
256.238743959985,219.610453154233,3.99923442451124
574.203158873021,432.426209447487,3.66903309725268
295.99474651401,135.889095786212,3.90682946791783
531.754631668905,455.625271115335,3.73337218665467
54.847190823417,424.664928330946,4.02991140712484
206.637557232997,290.267457126338,3.79045959793894
551.69191287576,260.748767593405,3.60309100079717
169.269272805617,21.7530005182558,4.44375690328034
500.35543917679,353.457844249451,4.55632006994315
52.9189142641722,49.9394528960535,3.74783260882887
513.15920027934,140.087458300244,4.5591180946738
NA,NA,NA
658.204592510089,332.867656351061,3.45641936345105
455.3273902492,296.096734488867,3.70925013036061
8.3197695644711,493.533859174042,3.54120762617185
563.425998328516,49.7079743577073,4.042047142689
74.3174980130806,377.74934034156,4.07755995888755
228.430447210104,411.028943129262,4.02839168035156
427.352327940872,16.6457501932879,3.36259668581631
361.852333521811,290.584407942052,3.04674177441741
604.579320293642,104.757039332191,4.21765527327179
395.074292788841,232.709301987514,4.14563490139328
558.499970720167,414.743191718167,4.77540992829794
143.96007209021,282.140042709342,4.42423406599376
200.205026493838,364.785047051752,3.91110506215267
124.165009307033,411.112379209824,3.51021354595841
630.334704036744,313.317459505956,4.5518379148925
4.0806536749552,146.798090232609,4.32267023845591
544.608586468563,199.232401063194,4.09508455229555
33.9322749844048,488.742732501165,2.96146222198759
279.63396268992,21.3556667210578,3.85148852967806
532.657796284123,395.167483905837,3.23599748562556
73.3972436025089,84.3685529024235,5.23328487456432
6.53444695237813,77.1817255343979,3.5059033211674
585.915812173677,227.427954071509,4.06099329407696
437.299711609057,459.68221286736,4.82468813675294
656.355610577518,374.441827573431,3.28501302577147
107.601063006906,482.204782096885,4.29951732790858
625.936376069873,89.5001196046887,4.06997361274338
419.201779155732,256.570664135336,3.62577752205777
10.0444215773046,179.903589734687,3.16595291999278
74.3534618052273,132.427076249467,4.37060128379211
602.064505898204,193.591015877488,4.24334232887463
256.238743959985,219.610453154233,3.99923442451124
574.203158873021,432.426209447487,3.66903309725268
295.99474651401,135.889095786212,3.90682946791783
531.754631668905,455.625271115335,3.73337218665467
54.847190823417,424.664928330946,4.02991140712484
206.637557232997,290.267457126338,3.79045959793894
551.69191287576,260.748767593405,3.60309100079717
169.269272805617,21.7530005182558,4.44375690328034
500.35543917679,353.457844249451,4.55632006994315
52.9189142641722,49.9394528960535,3.74783260882887
513.15920027934,140.087458300244,4.5591180946738
NA,NA,NA
658.204592510089,332.867656351061,3.45641936345105
455.3273902492,296.096734488867,3.70925013036061
8.3197695644711,493.533859174042,3.54120762617185
563.425998328516,49.7079743577073,4.042047142689
74.3174980130806,377.74934034156,4.07755995888755
228.430447210104,411.028943129262,4.02839168035156
427.352327940872,16.6457501932879,3.36259668581631
361.852333521811,290.584407942052,3.04674177441741
604.579320293642,104.757039332191,4.21765527327179
395.074292788841,232.709301987514,4.14563490139328
558.499970720167,414.743191718167,4.77540992829794
143.96007209021,282.140042709342,4.42423406599376
200.205026493838,364.785047051752,3.91110506215267
124.165009307033,411.112379209824,3.51021354595841
630.334704036744,313.317459505956,4.5518379148925
4.0806536749552,146.798090232609,4.32267023845591
544.608586468563,199.232401063194,4.09508455229555
33.9322749844048,488.742732501165,2.96146222198759
279.63396268992,21.3556667210578,3.85148852967806
532.657796284123,395.167483905837,3.23599748562556
73.3972436025089,84.3685529024235,5.23328487456432
6.53444695237813,77.1817255343979,3.5059033211674
585.915812173677,227.427954071509,4.06099329407696
437.299711609057,459.68221286736,4.82468813675294
656.355610577518,374.441827573431,3.28501302577147
107.601063006906,482.204782096885,4.29951732790858
625.936376069873,89.5001196046887,4.06997361274338
419.201779155732,256.570664135336,3.62577752205777
10.0444215773046,179.903589734687,3.16595291999278
74.3534618052273,132.427076249467,4.37060128379211
602.064505898204,193.591015877488,4.24334232887463
256.238743959985,219.610453154233,3.99923442451124
574.203158873021,432.426209447487,3.66903309725268
295.99474651401,135.889095786212,3.90682946791783
531.754631668905,455.625271115335,3.73337218665467
54.847190823417,424.664928330946,4.02991140712484
206.637557232997,290.267457126338,3.79045959793894
551.69191287576,260.748767593405,3.60309100079717
169.269272805617,21.7530005182558,4.44375690328034
500.35543917679,353.457844249451,4.55632006994315
52.9189142641722,49.9394528960535,3.74783260882887
513.15920027934,140.087458300244,4.5591180946738
NA,NA,NA
658.204592510089,332.867656351061,3.45641936345105
455.3273902492,296.096734488867,3.70925013036061
8.3197695644711,493.533859174042,3.54120762617185
563.425998328516,49.7079743577073,4.042047142689
74.3174980130806,377.74934034156,4.07755995888755
228.430447210104,411.028943129262,4.02839168035156
427.352327940872,16.6457501932879,3.36259668581631
361.852333521811,290.584407942052,3.04674177441741
604.579320293642,104.757039332191,4.21765527327179
395.074292788841,232.709301987514,4.14563490139328
558.499970720167,414.743191718167,4.77540992829794
143.96007209021,282.140042709342,4.42423406599376
200.205026493838,364.785047051752,3.91110506215267
124.165009307033,411.112379209824,3.51021354595841
630.334704036744,313.317459505956,4.5518379148925
4.0806536749552,146.798090232609,4.32267023845591
544.608586468563,199.232401063194,4.09508455229555
33.9322749844048,488.742732501165,2.96146222198759
279.63396268992,21.3556667210578,3.85148852967806
532.657796284123,395.167483905837,3.23599748562556
73.3972436025089,84.3685529024235,5.23328487456432
6.53444695237813,77.1817255343979,3.5059033211674
585.915812173677,227.427954071509,4.06099329407696
437.299711609057,459.68221286736,4.82468813675294
656.355610577518,374.441827573431,3.28501302577147
107.601063006906,482.204782096885,4.29951732790858
625.936376069873,89.5001196046887,4.06997361274338
419.201779155732,256.570664135336,3.62577752205777
10.0444215773046,179.903589734687,3.16595291999278
74.3534618052273,132.427076249467,4.37060128379211
602.064505898204,193.591015877488,4.24334232887463
256.238743959985,219.610453154233,3.99923442451124
574.203158873021,432.426209447487,3.66903309725268
295.99474651401,135.889095786212,3.90682946791783
531.754631668905,455.625271115335,3.73337218665467
54.847190823417,424.664928330946,4.02991140712484
206.637557232997,290.267457126338,3.79045959793894
551.69191287576,260.748767593405,3.60309100079717
169.269272805617,21.7530005182558,4.44375690328034
500.35543917679,353.457844249451,4.55632006994315
52.9189142641722,49.9394528960535,3.74783260882887
513.15920027934,140.087458300244,4.5591180946738
NA,NA,NA
661.088584436342,338.929297517869,3.41007356668638
456.736286114958,297.162397048903,3.73260081720211
11.7840335188273,495.920172730579,3.63871327006766
558.857418426046,48.1926397552245,4.33202570613536
78.2162875110158,375.950750194138,3.99016179914939
230.116083041858,409.935537103701,3.98110509080634
428.071822702115,12.1840951408832,3.40214003013299
360.053033126742,290.353992374967,3.19409212052583
610.690735523167,105.996724935762,4.06706642209392
390.82678908516,228.707474935861,4.20799907940402
566.836815579005,414.636160004874,4.70979678482454
142.002243339163,281.125856593719,4.42090966009137
198.665453164407,369.709649699576,4.09852950827196
125.29057720686,409.522581813117,3.38432290143113
625.756425195786,312.374421234546,4.49824184732507
0.623857722913365,147.969538855793,4.2462332110298
544.142188985018,207.591689563611,4.15772441278797
35.3630591922012,491.446813620359,2.96208247356772
279.782799637368,24.4850201259902,3.81478135131151
531.290722990346,393.042982489313,3.5727551996572
72.5776796570893,79.7618076357695,5.27531475234536
5.21623008158104,77.088943518783,3.48615824216068
590.135969056185,229.082787199598,4.07398837454325
443.008246787595,464.433410021631,4.73303129940574
658.282985842448,374.79056336503,3.0356159240063
104.325505910059,485.310100646894,4.29613718664889
623.668281788426,90.1273187527387,4.02724117786712
422.094547657651,255.882622539926,3.60896864002219
11.089897733859,183.211755223661,3.28888631714537
73.855913222519,125.793682281677,4.32358267152282
603.566157719814,199.32140340878,4.26590117040701
254.01607300782,215.007624701501,3.76299633946877
577.623254171549,432.947690573242,3.63874827208377
299.178966796168,137.384905493009,3.8826836287545
530.066668643174,455.824460176211,3.78942731701144
51.3213183841421,418.415156635498,3.69860597800094
199.588368435783,289.270186837306,4.48293845438856
549.489783942396,261.077752332018,3.95279200310656
172.120832239864,37.7072621834215,4.2993457663605
502.657909250781,353.67750282571,4.74434933520346
36.6532553547951,47.2997711035299,3.90489335384644
544.474497248601,126.796286737394,5.22479940099941
NA,NA,NA
661.088584436342,338.929297517869,3.41007356668638
456.736286114958,297.162397048903,3.73260081720211
11.7840335188273,495.920172730579,3.63871327006766
558.857418426046,48.1926397552245,4.33202570613536
78.2162875110158,375.950750194138,3.99016179914939
230.116083041858,409.935537103701,3.98110509080634
428.071822702115,12.1840951408832,3.40214003013299
360.053033126742,290.353992374967,3.19409212052583
610.690735523167,105.996724935762,4.06706642209392
390.82678908516,228.707474935861,4.20799907940402
566.836815579005,414.636160004874,4.70979678482454
142.002243339163,281.125856593719,4.42090966009137
198.665453164407,369.709649699576,4.09852950827196
125.29057720686,409.522581813117,3.38432290143113
625.756425195786,312.374421234546,4.49824184732507
0.623857722913365,147.969538855793,4.2462332110298
544.142188985018,207.591689563611,4.15772441278797
35.3630591922012,491.446813620359,2.96208247356772
279.782799637368,24.4850201259902,3.81478135131151
531.290722990346,393.042982489313,3.5727551996572
72.5776796570893,79.7618076357695,5.27531475234536
5.21623008158104,77.088943518783,3.48615824216068
590.135969056185,229.082787199598,4.07398837454325
443.008246787595,464.433410021631,4.73303129940574
658.282985842448,374.79056336503,3.0356159240063
104.325505910059,485.310100646894,4.29613718664889
623.668281788426,90.1273187527387,4.02724117786712
422.094547657651,255.882622539926,3.60896864002219
11.089897733859,183.211755223661,3.28888631714537
73.855913222519,125.793682281677,4.32358267152282
603.566157719814,199.32140340878,4.26590117040701
254.01607300782,215.007624701501,3.76299633946877
577.623254171549,432.947690573242,3.63874827208377
299.178966796168,137.384905493009,3.8826836287545
530.066668643174,455.824460176211,3.78942731701144
51.3213183841421,418.415156635498,3.69860597800094
199.588368435783,289.270186837306,4.48293845438856
549.489783942396,261.077752332018,3.95279200310656
172.120832239864,37.7072621834215,4.2993457663605
502.657909250781,353.67750282571,4.74434933520346
36.6532553547951,47.2997711035299,3.90489335384644
544.474497248601,126.796286737394,5.22479940099941
NA,NA,NA
661.088584436342,338.929297517869,3.41007356668638
456.736286114958,297.162397048903,3.73260081720211
11.7840335188273,495.920172730579,3.63871327006766
558.857418426046,48.1926397552245,4.33202570613536
78.2162875110158,375.950750194138,3.99016179914939
230.116083041858,409.935537103701,3.98110509080634
428.071822702115,12.1840951408832,3.40214003013299
360.053033126742,290.353992374967,3.19409212052583
610.690735523167,105.996724935762,4.06706642209392
390.82678908516,228.707474935861,4.20799907940402
566.836815579005,414.636160004874,4.70979678482454
142.002243339163,281.125856593719,4.42090966009137
198.665453164407,369.709649699576,4.09852950827196
125.29057720686,409.522581813117,3.38432290143113
625.756425195786,312.374421234546,4.49824184732507
0.623857722913365,147.969538855793,4.2462332110298
544.142188985018,207.591689563611,4.15772441278797
35.3630591922012,491.446813620359,2.96208247356772
279.782799637368,24.4850201259902,3.81478135131151
531.290722990346,393.042982489313,3.5727551996572
72.5776796570893,79.7618076357695,5.27531475234536
5.21623008158104,77.088943518783,3.48615824216068
590.135969056185,229.082787199598,4.07398837454325
443.008246787595,464.433410021631,4.73303129940574
658.282985842448,374.79056336503,3.0356159240063
104.325505910059,485.310100646894,4.29613718664889
623.668281788426,90.1273187527387,4.02724117786712
422.094547657651,255.882622539926,3.60896864002219
11.089897733859,183.211755223661,3.28888631714537
73.855913222519,125.793682281677,4.32358267152282
603.566157719814,199.32140340878,4.26590117040701
254.01607300782,215.007624701501,3.76299633946877
577.623254171549,432.947690573242,3.63874827208377
299.178966796168,137.384905493009,3.8826836287545
530.066668643174,455.824460176211,3.78942731701144
51.3213183841421,418.415156635498,3.69860597800094
199.588368435783,289.270186837306,4.48293845438856
549.489783942396,261.077752332018,3.95279200310656
172.120832239864,37.7072621834215,4.2993457663605
502.657909250781,353.67750282571,4.74434933520346
36.6532553547951,47.2997711035299,3.90489335384644
544.474497248601,126.796286737394,5.22479940099941
NA,NA,NA
661.088584436342,338.929297517869,3.41007356668638
456.736286114958,297.162397048903,3.73260081720211
11.7840335188273,495.920172730579,3.63871327006766
558.857418426046,48.1926397552245,4.33202570613536
78.2162875110158,375.950750194138,3.99016179914939
230.116083041858,409.935537103701,3.98110509080634
428.071822702115,12.1840951408832,3.40214003013299
360.053033126742,290.353992374967,3.19409212052583
610.690735523167,105.996724935762,4.06706642209392
390.82678908516,228.707474935861,4.20799907940402
566.836815579005,414.636160004874,4.70979678482454
142.002243339163,281.125856593719,4.42090966009137
198.665453164407,369.709649699576,4.09852950827196
125.29057720686,409.522581813117,3.38432290143113
625.756425195786,312.374421234546,4.49824184732507
0.623857722913365,147.969538855793,4.2462332110298
544.142188985018,207.591689563611,4.15772441278797
35.3630591922012,491.446813620359,2.96208247356772
279.782799637368,24.4850201259902,3.81478135131151
531.290722990346,393.042982489313,3.5727551996572
72.5776796570893,79.7618076357695,5.27531475234536
5.21623008158104,77.088943518783,3.48615824216068
590.135969056185,229.082787199598,4.07398837454325
443.008246787595,464.433410021631,4.73303129940574
658.282985842448,374.79056336503,3.0356159240063
104.325505910059,485.310100646894,4.29613718664889
623.668281788426,90.1273187527387,4.02724117786712
422.094547657651,255.882622539926,3.60896864002219
11.089897733859,183.211755223661,3.28888631714537
73.855913222519,125.793682281677,4.32358267152282
603.566157719814,199.32140340878,4.26590117040701
254.01607300782,215.007624701501,3.76299633946877
577.623254171549,432.947690573242,3.63874827208377
299.178966796168,137.384905493009,3.8826836287545
530.066668643174,455.824460176211,3.78942731701144
51.3213183841421,418.415156635498,3.69860597800094
199.588368435783,289.270186837306,4.48293845438856
549.489783942396,261.077752332018,3.95279200310656
172.120832239864,37.7072621834215,4.2993457663605
502.657909250781,353.67750282571,4.74434933520346
36.6532553547951,47.2997711035299,3.90489335384644
544.474497248601,126.796286737394,5.22479940099941
NA,NA,NA
661.088584436342,338.929297517869,3.41007356668638
456.736286114958,297.162397048903,3.73260081720211
11.7840335188273,495.920172730579,3.63871327006766
558.857418426046,48.1926397552245,4.33202570613536
78.2162875110158,375.950750194138,3.99016179914939
230.116083041858,409.935537103701,3.98110509080634
428.071822702115,12.1840951408832,3.40214003013299
360.053033126742,290.353992374967,3.19409212052583
610.690735523167,105.996724935762,4.06706642209392
390.82678908516,228.707474935861,4.20799907940402
566.836815579005,414.636160004874,4.70979678482454
142.002243339163,281.125856593719,4.42090966009137
198.665453164407,369.709649699576,4.09852950827196
125.29057720686,409.522581813117,3.38432290143113
625.756425195786,312.374421234546,4.49824184732507
0.623857722913365,147.969538855793,4.2462332110298
544.142188985018,207.591689563611,4.15772441278797
35.3630591922012,491.446813620359,2.96208247356772
279.782799637368,24.4850201259902,3.81478135131151
531.290722990346,393.042982489313,3.5727551996572
72.5776796570893,79.7618076357695,5.27531475234536
5.21623008158104,77.088943518783,3.48615824216068
590.135969056185,229.082787199598,4.07398837454325
443.008246787595,464.433410021631,4.73303129940574
658.282985842448,374.79056336503,3.0356159240063
104.325505910059,485.310100646894,4.29613718664889
623.668281788426,90.1273187527387,4.02724117786712
422.094547657651,255.882622539926,3.60896864002219
11.089897733859,183.211755223661,3.28888631714537
73.855913222519,125.793682281677,4.32358267152282
603.566157719814,199.32140340878,4.26590117040701
254.01607300782,215.007624701501,3.76299633946877
577.623254171549,432.947690573242,3.63874827208377
299.178966796168,137.384905493009,3.8826836287545
530.066668643174,455.824460176211,3.78942731701144
51.3213183841421,418.415156635498,3.69860597800094
199.588368435783,289.270186837306,4.48293845438856
549.489783942396,261.077752332018,3.95279200310656
172.120832239864,37.7072621834215,4.2993457663605
502.657909250781,353.67750282571,4.74434933520346
36.6532553547951,47.2997711035299,3.90489335384644
544.474497248601,126.796286737394,5.22479940099941
NA,NA,NA
661.088584436342,338.929297517869,3.41007356668638
456.736286114958,297.162397048903,3.73260081720211
11.7840335188273,495.920172730579,3.63871327006766
558.857418426046,48.1926397552245,4.33202570613536
78.2162875110158,375.950750194138,3.99016179914939
230.116083041858,409.935537103701,3.98110509080634
428.071822702115,12.1840951408832,3.40214003013299
360.053033126742,290.353992374967,3.19409212052583
610.690735523167,105.996724935762,4.06706642209392
390.82678908516,228.707474935861,4.20799907940402
566.836815579005,414.636160004874,4.70979678482454
142.002243339163,281.125856593719,4.42090966009137
198.665453164407,369.709649699576,4.09852950827196
125.29057720686,409.522581813117,3.38432290143113
625.756425195786,312.374421234546,4.49824184732507
0.623857722913365,147.969538855793,4.2462332110298
544.142188985018,207.591689563611,4.15772441278797
35.3630591922012,491.446813620359,2.96208247356772
279.782799637368,24.4850201259902,3.81478135131151
531.290722990346,393.042982489313,3.5727551996572
72.5776796570893,79.7618076357695,5.27531475234536
5.21623008158104,77.088943518783,3.48615824216068
590.135969056185,229.082787199598,4.07398837454325
443.008246787595,464.433410021631,4.73303129940574
658.282985842448,374.79056336503,3.0356159240063
104.325505910059,485.310100646894,4.29613718664889
623.668281788426,90.1273187527387,4.02724117786712
422.094547657651,255.882622539926,3.60896864002219
11.089897733859,183.211755223661,3.28888631714537
73.855913222519,125.793682281677,4.32358267152282
603.566157719814,199.32140340878,4.26590117040701
254.01607300782,215.007624701501,3.76299633946877
577.623254171549,432.947690573242,3.63874827208377
299.178966796168,137.384905493009,3.8826836287545
530.066668643174,455.824460176211,3.78942731701144
51.3213183841421,418.415156635498,3.69860597800094
199.588368435783,289.270186837306,4.48293845438856
549.489783942396,261.077752332018,3.95279200310656
172.120832239864,37.7072621834215,4.2993457663605
502.657909250781,353.67750282571,4.74434933520346
36.6532553547951,47.2997711035299,3.90489335384644
544.474497248601,126.796286737394,5.22479940099941
NA,NA,NA
662.562382498974,330.236889947661,3.52106871082789
454.10356335631,299.053249266543,3.4027057345662
7.06626605864951,496.575839323087,3.63564827048635
563.284150224271,54.91979317214,4.13662970710303
74.3978881048447,377.93161901623,4.05859685036986
225.360111185912,412.052259452016,3.8918938342596
429.641286039077,15.1294579636716,3.40326140508823
361.704521913852,293.381097626002,2.93958036282237
605.47849671312,101.165792612953,4.22217275021424
396.46856536652,227.441154685887,4.21160447938848
565.131046084679,407.084543289064,4.76215574319395
135.595829908727,288.79195010677,4.65001641433965
196.634176885559,365.442682537015,4.10766422396078
124.996686869282,411.286026842153,3.37422354478897
628.921749769487,314.668817110481,4.67363419507508
1.46041409820469,147.294463696128,4.24355429599798
542.491995200343,201.11133848031,4.07185901196362
35.9023952579044,491.009391003594,3.01673855256884
277.128526907593,21.3307537959922,3.92724363699675
533.148113514626,391.76427942896,3.37883220013237
70.702312094029,75.8541911182427,5.30989426591936
3.0383976184135,75.8448777135238,3.57527500724374
587.667061254308,223.788717030993,4.05097667026219
442.227685126111,458.583526813753,4.80835313061874
656.657644929002,376.36626546724,3.08902606167781
101.529650278819,484.905909696058,4.33834483562624
619.685714730789,88.8184180675336,4.03224852178959
417.390718089163,257.559652494631,3.62604997699466
11.427392649853,180.279535540069,3.18481557238083
79.2990026090216,107.361300278302,4.56203150499584
609.591345862889,206.080617282325,4.58023790384778
256.876661471262,214.453834000569,3.65671233538463
568.137510229504,432.135291423432,3.99435272320212
302.092422723577,134.814243397236,3.91667909245392
526.703866511693,455.512582209456,3.85000674638646
47.8457652811572,422.722195073562,4.02342115181636
201.81720365964,288.332710968219,4.19717300716128
554.302478420786,262.51329360802,3.77692860763217
161.758864543912,38.9310390099757,4.43345570050765
495.860359271742,353.200706232341,4.440090073235
39.1369058704253,50.3588240875461,3.96323004315184
509.407258757756,140.337447023329,4.6113396202238
NA,NA,NA
662.562382498974,330.236889947661,3.52106871082789
454.10356335631,299.053249266543,3.4027057345662
7.06626605864951,496.575839323087,3.63564827048635
563.284150224271,54.91979317214,4.13662970710303
74.3978881048447,377.93161901623,4.05859685036986
225.360111185912,412.052259452016,3.8918938342596
429.641286039077,15.1294579636716,3.40326140508823
361.704521913852,293.381097626002,2.93958036282237
605.47849671312,101.165792612953,4.22217275021424
396.46856536652,227.441154685887,4.21160447938848
565.131046084679,407.084543289064,4.76215574319395
135.595829908727,288.79195010677,4.65001641433965
196.634176885559,365.442682537015,4.10766422396078
124.996686869282,411.286026842153,3.37422354478897
628.921749769487,314.668817110481,4.67363419507508
1.46041409820469,147.294463696128,4.24355429599798
542.491995200343,201.11133848031,4.07185901196362
35.9023952579044,491.009391003594,3.01673855256884
277.128526907593,21.3307537959922,3.92724363699675
533.148113514626,391.76427942896,3.37883220013237
70.702312094029,75.8541911182427,5.30989426591936
3.0383976184135,75.8448777135238,3.57527500724374
587.667061254308,223.788717030993,4.05097667026219
442.227685126111,458.583526813753,4.80835313061874
656.657644929002,376.36626546724,3.08902606167781
101.529650278819,484.905909696058,4.33834483562624
619.685714730789,88.8184180675336,4.03224852178959
417.390718089163,257.559652494631,3.62604997699466
11.427392649853,180.279535540069,3.18481557238083
79.2990026090216,107.361300278302,4.56203150499584
609.591345862889,206.080617282325,4.58023790384778
256.876661471262,214.453834000569,3.65671233538463
568.137510229504,432.135291423432,3.99435272320212
302.092422723577,134.814243397236,3.91667909245392
526.703866511693,455.512582209456,3.85000674638646
47.8457652811572,422.722195073562,4.02342115181636
201.81720365964,288.332710968219,4.19717300716128
554.302478420786,262.51329360802,3.77692860763217
161.758864543912,38.9310390099757,4.43345570050765
495.860359271742,353.200706232341,4.440090073235
39.1369058704253,50.3588240875461,3.96323004315184
509.407258757756,140.337447023329,4.6113396202238
NA,NA,NA
662.562382498974,330.236889947661,3.52106871082789
454.10356335631,299.053249266543,3.4027057345662
7.06626605864951,496.575839323087,3.63564827048635
563.284150224271,54.91979317214,4.13662970710303
74.3978881048447,377.93161901623,4.05859685036986
225.360111185912,412.052259452016,3.8918938342596
429.641286039077,15.1294579636716,3.40326140508823
361.704521913852,293.381097626002,2.93958036282237
605.47849671312,101.165792612953,4.22217275021424
396.46856536652,227.441154685887,4.21160447938848
565.131046084679,407.084543289064,4.76215574319395
135.595829908727,288.79195010677,4.65001641433965
196.634176885559,365.442682537015,4.10766422396078
124.996686869282,411.286026842153,3.37422354478897
628.921749769487,314.668817110481,4.67363419507508
1.46041409820469,147.294463696128,4.24355429599798
542.491995200343,201.11133848031,4.07185901196362
35.9023952579044,491.009391003594,3.01673855256884
277.128526907593,21.3307537959922,3.92724363699675
533.148113514626,391.76427942896,3.37883220013237
70.702312094029,75.8541911182427,5.30989426591936
3.0383976184135,75.8448777135238,3.57527500724374
587.667061254308,223.788717030993,4.05097667026219
442.227685126111,458.583526813753,4.80835313061874
656.657644929002,376.36626546724,3.08902606167781
101.529650278819,484.905909696058,4.33834483562624
619.685714730789,88.8184180675336,4.03224852178959
417.390718089163,257.559652494631,3.62604997699466
11.427392649853,180.279535540069,3.18481557238083
79.2990026090216,107.361300278302,4.56203150499584
609.591345862889,206.080617282325,4.58023790384778
256.876661471262,214.453834000569,3.65671233538463
568.137510229504,432.135291423432,3.99435272320212
302.092422723577,134.814243397236,3.91667909245392
526.703866511693,455.512582209456,3.85000674638646
47.8457652811572,422.722195073562,4.02342115181636
201.81720365964,288.332710968219,4.19717300716128
554.302478420786,262.51329360802,3.77692860763217
161.758864543912,38.9310390099757,4.43345570050765
495.860359271742,353.200706232341,4.440090073235
39.1369058704253,50.3588240875461,3.96323004315184
509.407258757756,140.337447023329,4.6113396202238
NA,NA,NA
662.562382498974,330.236889947661,3.52106871082789
454.10356335631,299.053249266543,3.4027057345662
7.06626605864951,496.575839323087,3.63564827048635
563.284150224271,54.91979317214,4.13662970710303
74.3978881048447,377.93161901623,4.05859685036986
225.360111185912,412.052259452016,3.8918938342596
429.641286039077,15.1294579636716,3.40326140508823
361.704521913852,293.381097626002,2.93958036282237
605.47849671312,101.165792612953,4.22217275021424
396.46856536652,227.441154685887,4.21160447938848
565.131046084679,407.084543289064,4.76215574319395
135.595829908727,288.79195010677,4.65001641433965
196.634176885559,365.442682537015,4.10766422396078
124.996686869282,411.286026842153,3.37422354478897
628.921749769487,314.668817110481,4.67363419507508
1.46041409820469,147.294463696128,4.24355429599798
542.491995200343,201.11133848031,4.07185901196362
35.9023952579044,491.009391003594,3.01673855256884
277.128526907593,21.3307537959922,3.92724363699675
533.148113514626,391.76427942896,3.37883220013237
70.702312094029,75.8541911182427,5.30989426591936
3.0383976184135,75.8448777135238,3.57527500724374
587.667061254308,223.788717030993,4.05097667026219
442.227685126111,458.583526813753,4.80835313061874
656.657644929002,376.36626546724,3.08902606167781
101.529650278819,484.905909696058,4.33834483562624
619.685714730789,88.8184180675336,4.03224852178959
417.390718089163,257.559652494631,3.62604997699466
11.427392649853,180.279535540069,3.18481557238083
79.2990026090216,107.361300278302,4.56203150499584
609.591345862889,206.080617282325,4.58023790384778
256.876661471262,214.453834000569,3.65671233538463
568.137510229504,432.135291423432,3.99435272320212
302.092422723577,134.814243397236,3.91667909245392
526.703866511693,455.512582209456,3.85000674638646
47.8457652811572,422.722195073562,4.02342115181636
201.81720365964,288.332710968219,4.19717300716128
554.302478420786,262.51329360802,3.77692860763217
161.758864543912,38.9310390099757,4.43345570050765
495.860359271742,353.200706232341,4.440090073235
39.1369058704253,50.3588240875461,3.96323004315184
509.407258757756,140.337447023329,4.6113396202238
NA,NA,NA
662.562382498974,330.236889947661,3.52106871082789
454.10356335631,299.053249266543,3.4027057345662
7.06626605864951,496.575839323087,3.63564827048635
563.284150224271,54.91979317214,4.13662970710303
74.3978881048447,377.93161901623,4.05859685036986
225.360111185912,412.052259452016,3.8918938342596
429.641286039077,15.1294579636716,3.40326140508823
361.704521913852,293.381097626002,2.93958036282237
605.47849671312,101.165792612953,4.22217275021424
396.46856536652,227.441154685887,4.21160447938848
565.131046084679,407.084543289064,4.76215574319395
135.595829908727,288.79195010677,4.65001641433965
196.634176885559,365.442682537015,4.10766422396078
124.996686869282,411.286026842153,3.37422354478897
628.921749769487,314.668817110481,4.67363419507508
1.46041409820469,147.294463696128,4.24355429599798
542.491995200343,201.11133848031,4.07185901196362
35.9023952579044,491.009391003594,3.01673855256884
277.128526907593,21.3307537959922,3.92724363699675
533.148113514626,391.76427942896,3.37883220013237
70.702312094029,75.8541911182427,5.30989426591936
3.0383976184135,75.8448777135238,3.57527500724374
587.667061254308,223.788717030993,4.05097667026219
442.227685126111,458.583526813753,4.80835313061874
656.657644929002,376.36626546724,3.08902606167781
101.529650278819,484.905909696058,4.33834483562624
619.685714730789,88.8184180675336,4.03224852178959
417.390718089163,257.559652494631,3.62604997699466
11.427392649853,180.279535540069,3.18481557238083
79.2990026090216,107.361300278302,4.56203150499584
609.591345862889,206.080617282325,4.58023790384778
256.876661471262,214.453834000569,3.65671233538463
568.137510229504,432.135291423432,3.99435272320212
302.092422723577,134.814243397236,3.91667909245392
526.703866511693,455.512582209456,3.85000674638646
47.8457652811572,422.722195073562,4.02342115181636
201.81720365964,288.332710968219,4.19717300716128
554.302478420786,262.51329360802,3.77692860763217
161.758864543912,38.9310390099757,4.43345570050765
495.860359271742,353.200706232341,4.440090073235
39.1369058704253,50.3588240875461,3.96323004315184
509.407258757756,140.337447023329,4.6113396202238
NA,NA,NA
662.562382498974,330.236889947661,3.52106871082789
454.10356335631,299.053249266543,3.4027057345662
7.06626605864951,496.575839323087,3.63564827048635
563.284150224271,54.91979317214,4.13662970710303
74.3978881048447,377.93161901623,4.05859685036986
225.360111185912,412.052259452016,3.8918938342596
429.641286039077,15.1294579636716,3.40326140508823
361.704521913852,293.381097626002,2.93958036282237
605.47849671312,101.165792612953,4.22217275021424
396.46856536652,227.441154685887,4.21160447938848
565.131046084679,407.084543289064,4.76215574319395
135.595829908727,288.79195010677,4.65001641433965
196.634176885559,365.442682537015,4.10766422396078
124.996686869282,411.286026842153,3.37422354478897
628.921749769487,314.668817110481,4.67363419507508
1.46041409820469,147.294463696128,4.24355429599798
542.491995200343,201.11133848031,4.07185901196362
35.9023952579044,491.009391003594,3.01673855256884
277.128526907593,21.3307537959922,3.92724363699675
533.148113514626,391.76427942896,3.37883220013237
70.702312094029,75.8541911182427,5.30989426591936
3.0383976184135,75.8448777135238,3.57527500724374
587.667061254308,223.788717030993,4.05097667026219
442.227685126111,458.583526813753,4.80835313061874
656.657644929002,376.36626546724,3.08902606167781
101.529650278819,484.905909696058,4.33834483562624
619.685714730789,88.8184180675336,4.03224852178959
417.390718089163,257.559652494631,3.62604997699466
11.427392649853,180.279535540069,3.18481557238083
79.2990026090216,107.361300278302,4.56203150499584
609.591345862889,206.080617282325,4.58023790384778
256.876661471262,214.453834000569,3.65671233538463
568.137510229504,432.135291423432,3.99435272320212
302.092422723577,134.814243397236,3.91667909245392
526.703866511693,455.512582209456,3.85000674638646
47.8457652811572,422.722195073562,4.02342115181636
201.81720365964,288.332710968219,4.19717300716128
554.302478420786,262.51329360802,3.77692860763217
161.758864543912,38.9310390099757,4.43345570050765
495.860359271742,353.200706232341,4.440090073235
39.1369058704253,50.3588240875461,3.96323004315184
509.407258757756,140.337447023329,4.6113396202238
NA,NA,NA
662.561081366622,334.177524206861,3.45722895821243
455.011383357126,297.446686100719,3.66021361585719
16.4923901151472,495.661653751403,3.58092911712336
561.021940583249,49.0550271158867,4.15854823561431
69.6527910886095,378.436837360447,3.99876248085781
226.898738708261,414.165194672497,3.88658537940489
427.989189313299,14.2341467421665,3.41710465091732
364.532807614159,291.25799095397,3.02112305993434
601.661749784295,107.810307342326,4.1352208960266
395.143483207603,228.544780041457,4.20295142702171
563.747995624805,408.807508131604,4.75812510552698
142.240756582526,289.221449757739,4.5752290253813
203.130665278374,372.07972620593,3.98738922928536
124.923364923329,410.039480475414,3.52838554699535
630.629470428122,310.138427111918,4.63907641696216
-0.927089630708232,144.684591278809,4.29629409804708
542.018946935231,199.241279360376,4.27073494755144
34.9893007386347,490.273463620743,3.05032680813699
285.34224190607,19.8266499325626,3.88562745900135
534.201083289499,392.735060250826,3.28028879054513
70.2804555122849,76.3846402323235,5.17617885874757
3.15747845878292,74.0965991364292,3.48501096572874
583.897646427893,222.468839164063,4.0313624422181
439.130247030739,454.203878716485,4.8039273873328
660.136849754834,371.123535911672,2.90255360275606
102.30112672327,481.928277635452,4.40359485491328
620.234902002269,90.4768601844999,4.09945363734768
422.453432825968,259.166773911718,3.72054011217229
10.7454578337862,182.112689613945,3.27299282565485
77.8778597534619,110.810040036366,4.42339779870425
601.69889988005,204.856479262428,4.07660090012668
253.73828883959,211.040601427552,3.93130061218408
576.463222798748,438.743139678834,3.77054858542117
300.244683987369,134.744439522126,3.89980018562992
526.84688065191,456.413962503131,3.67757600610078
49.7678271802818,410.055889987955,4.00853302901893
195.8336082299,280.318662228925,3.91136869426652
550.73174284799,261.811175858821,3.91515906865148
173.30689517554,40.9771325826992,4.0095672160322
502.090070828008,342.888938219643,4.30173712711354
34.0713112884894,50.5288419546743,3.75854428667566
525.806437533616,141.393418273031,4.76942635249126
NA,NA,NA
662.561081366622,334.177524206861,3.45722895821243
455.011383357126,297.446686100719,3.66021361585719
16.4923901151472,495.661653751403,3.58092911712336
561.021940583249,49.0550271158867,4.15854823561431
69.6527910886095,378.436837360447,3.99876248085781
226.898738708261,414.165194672497,3.88658537940489
427.989189313299,14.2341467421665,3.41710465091732
364.532807614159,291.25799095397,3.02112305993434
601.661749784295,107.810307342326,4.1352208960266
395.143483207603,228.544780041457,4.20295142702171
563.747995624805,408.807508131604,4.75812510552698
142.240756582526,289.221449757739,4.5752290253813
203.130665278374,372.07972620593,3.98738922928536
124.923364923329,410.039480475414,3.52838554699535
630.629470428122,310.138427111918,4.63907641696216
-0.927089630708232,144.684591278809,4.29629409804708
542.018946935231,199.241279360376,4.27073494755144
34.9893007386347,490.273463620743,3.05032680813699
285.34224190607,19.8266499325626,3.88562745900135
534.201083289499,392.735060250826,3.28028879054513
70.2804555122849,76.3846402323235,5.17617885874757
3.15747845878292,74.0965991364292,3.48501096572874
583.897646427893,222.468839164063,4.0313624422181
439.130247030739,454.203878716485,4.8039273873328
660.136849754834,371.123535911672,2.90255360275606
102.30112672327,481.928277635452,4.40359485491328
620.234902002269,90.4768601844999,4.09945363734768
422.453432825968,259.166773911718,3.72054011217229
10.7454578337862,182.112689613945,3.27299282565485
77.8778597534619,110.810040036366,4.42339779870425
601.69889988005,204.856479262428,4.07660090012668
253.73828883959,211.040601427552,3.93130061218408
576.463222798748,438.743139678834,3.77054858542117
300.244683987369,134.744439522126,3.89980018562992
526.84688065191,456.413962503131,3.67757600610078
49.7678271802818,410.055889987955,4.00853302901893
195.8336082299,280.318662228925,3.91136869426652
550.73174284799,261.811175858821,3.91515906865148
173.30689517554,40.9771325826992,4.0095672160322
502.090070828008,342.888938219643,4.30173712711354
34.0713112884894,50.5288419546743,3.75854428667566
525.806437533616,141.393418273031,4.76942635249126
NA,NA,NA
662.561081366622,334.177524206861,3.45722895821243
455.011383357126,297.446686100719,3.66021361585719
16.4923901151472,495.661653751403,3.58092911712336
561.021940583249,49.0550271158867,4.15854823561431
69.6527910886095,378.436837360447,3.99876248085781
226.898738708261,414.165194672497,3.88658537940489
427.989189313299,14.2341467421665,3.41710465091732
364.532807614159,291.25799095397,3.02112305993434
601.661749784295,107.810307342326,4.1352208960266
395.143483207603,228.544780041457,4.20295142702171
563.747995624805,408.807508131604,4.75812510552698
142.240756582526,289.221449757739,4.5752290253813
203.130665278374,372.07972620593,3.98738922928536
124.923364923329,410.039480475414,3.52838554699535
630.629470428122,310.138427111918,4.63907641696216
-0.927089630708232,144.684591278809,4.29629409804708
542.018946935231,199.241279360376,4.27073494755144
34.9893007386347,490.273463620743,3.05032680813699
285.34224190607,19.8266499325626,3.88562745900135
534.201083289499,392.735060250826,3.28028879054513
70.2804555122849,76.3846402323235,5.17617885874757
3.15747845878292,74.0965991364292,3.48501096572874
583.897646427893,222.468839164063,4.0313624422181
439.130247030739,454.203878716485,4.8039273873328
660.136849754834,371.123535911672,2.90255360275606
102.30112672327,481.928277635452,4.40359485491328
620.234902002269,90.4768601844999,4.09945363734768
422.453432825968,259.166773911718,3.72054011217229
10.7454578337862,182.112689613945,3.27299282565485
77.8778597534619,110.810040036366,4.42339779870425
601.69889988005,204.856479262428,4.07660090012668
253.73828883959,211.040601427552,3.93130061218408
576.463222798748,438.743139678834,3.77054858542117
300.244683987369,134.744439522126,3.89980018562992
526.84688065191,456.413962503131,3.67757600610078
49.7678271802818,410.055889987955,4.00853302901893
195.8336082299,280.318662228925,3.91136869426652
550.73174284799,261.811175858821,3.91515906865148
173.30689517554,40.9771325826992,4.0095672160322
502.090070828008,342.888938219643,4.30173712711354
34.0713112884894,50.5288419546743,3.75854428667566
525.806437533616,141.393418273031,4.76942635249126
NA,NA,NA
662.561081366622,334.177524206861,3.45722895821243
455.011383357126,297.446686100719,3.66021361585719
16.4923901151472,495.661653751403,3.58092911712336
561.021940583249,49.0550271158867,4.15854823561431
69.6527910886095,378.436837360447,3.99876248085781
226.898738708261,414.165194672497,3.88658537940489
427.989189313299,14.2341467421665,3.41710465091732
364.532807614159,291.25799095397,3.02112305993434
601.661749784295,107.810307342326,4.1352208960266
395.143483207603,228.544780041457,4.20295142702171
563.747995624805,408.807508131604,4.75812510552698
142.240756582526,289.221449757739,4.5752290253813
203.130665278374,372.07972620593,3.98738922928536
124.923364923329,410.039480475414,3.52838554699535
630.629470428122,310.138427111918,4.63907641696216
-0.927089630708232,144.684591278809,4.29629409804708
542.018946935231,199.241279360376,4.27073494755144
34.9893007386347,490.273463620743,3.05032680813699
285.34224190607,19.8266499325626,3.88562745900135
534.201083289499,392.735060250826,3.28028879054513
70.2804555122849,76.3846402323235,5.17617885874757
3.15747845878292,74.0965991364292,3.48501096572874
583.897646427893,222.468839164063,4.0313624422181
439.130247030739,454.203878716485,4.8039273873328
660.136849754834,371.123535911672,2.90255360275606
102.30112672327,481.928277635452,4.40359485491328
620.234902002269,90.4768601844999,4.09945363734768
422.453432825968,259.166773911718,3.72054011217229
10.7454578337862,182.112689613945,3.27299282565485
77.8778597534619,110.810040036366,4.42339779870425
601.69889988005,204.856479262428,4.07660090012668
253.73828883959,211.040601427552,3.93130061218408
576.463222798748,438.743139678834,3.77054858542117
300.244683987369,134.744439522126,3.89980018562992
526.84688065191,456.413962503131,3.67757600610078
49.7678271802818,410.055889987955,4.00853302901893
195.8336082299,280.318662228925,3.91136869426652
550.73174284799,261.811175858821,3.91515906865148
173.30689517554,40.9771325826992,4.0095672160322
502.090070828008,342.888938219643,4.30173712711354
34.0713112884894,50.5288419546743,3.75854428667566
525.806437533616,141.393418273031,4.76942635249126
NA,NA,NA
662.561081366622,334.177524206861,3.45722895821243
455.011383357126,297.446686100719,3.66021361585719
16.4923901151472,495.661653751403,3.58092911712336
561.021940583249,49.0550271158867,4.15854823561431
69.6527910886095,378.436837360447,3.99876248085781
226.898738708261,414.165194672497,3.88658537940489
427.989189313299,14.2341467421665,3.41710465091732
364.532807614159,291.25799095397,3.02112305993434
601.661749784295,107.810307342326,4.1352208960266
395.143483207603,228.544780041457,4.20295142702171
563.747995624805,408.807508131604,4.75812510552698
142.240756582526,289.221449757739,4.5752290253813
203.130665278374,372.07972620593,3.98738922928536
124.923364923329,410.039480475414,3.52838554699535
630.629470428122,310.138427111918,4.63907641696216
-0.927089630708232,144.684591278809,4.29629409804708
542.018946935231,199.241279360376,4.27073494755144
34.9893007386347,490.273463620743,3.05032680813699
285.34224190607,19.8266499325626,3.88562745900135
534.201083289499,392.735060250826,3.28028879054513
70.2804555122849,76.3846402323235,5.17617885874757
3.15747845878292,74.0965991364292,3.48501096572874
583.897646427893,222.468839164063,4.0313624422181
439.130247030739,454.203878716485,4.8039273873328
660.136849754834,371.123535911672,2.90255360275606
102.30112672327,481.928277635452,4.40359485491328
620.234902002269,90.4768601844999,4.09945363734768
422.453432825968,259.166773911718,3.72054011217229
10.7454578337862,182.112689613945,3.27299282565485
77.8778597534619,110.810040036366,4.42339779870425
601.69889988005,204.856479262428,4.07660090012668
253.73828883959,211.040601427552,3.93130061218408
576.463222798748,438.743139678834,3.77054858542117
300.244683987369,134.744439522126,3.89980018562992
526.84688065191,456.413962503131,3.67757600610078
49.7678271802818,410.055889987955,4.00853302901893
195.8336082299,280.318662228925,3.91136869426652
550.73174284799,261.811175858821,3.91515906865148
173.30689517554,40.9771325826992,4.0095672160322
502.090070828008,342.888938219643,4.30173712711354
34.0713112884894,50.5288419546743,3.75854428667566
525.806437533616,141.393418273031,4.76942635249126
NA,NA,NA
662.561081366622,334.177524206861,3.45722895821243
455.011383357126,297.446686100719,3.66021361585719
16.4923901151472,495.661653751403,3.58092911712336
561.021940583249,49.0550271158867,4.15854823561431
69.6527910886095,378.436837360447,3.99876248085781
226.898738708261,414.165194672497,3.88658537940489
427.989189313299,14.2341467421665,3.41710465091732
364.532807614159,291.25799095397,3.02112305993434
601.661749784295,107.810307342326,4.1352208960266
395.143483207603,228.544780041457,4.20295142702171
563.747995624805,408.807508131604,4.75812510552698
142.240756582526,289.221449757739,4.5752290253813
203.130665278374,372.07972620593,3.98738922928536
124.923364923329,410.039480475414,3.52838554699535
630.629470428122,310.138427111918,4.63907641696216
-0.927089630708232,144.684591278809,4.29629409804708
542.018946935231,199.241279360376,4.27073494755144
34.9893007386347,490.273463620743,3.05032680813699
285.34224190607,19.8266499325626,3.88562745900135
534.201083289499,392.735060250826,3.28028879054513
70.2804555122849,76.3846402323235,5.17617885874757
3.15747845878292,74.0965991364292,3.48501096572874
583.897646427893,222.468839164063,4.0313624422181
439.130247030739,454.203878716485,4.8039273873328
660.136849754834,371.123535911672,2.90255360275606
102.30112672327,481.928277635452,4.40359485491328
620.234902002269,90.4768601844999,4.09945363734768
422.453432825968,259.166773911718,3.72054011217229
10.7454578337862,182.112689613945,3.27299282565485
77.8778597534619,110.810040036366,4.42339779870425
601.69889988005,204.856479262428,4.07660090012668
253.73828883959,211.040601427552,3.93130061218408
576.463222798748,438.743139678834,3.77054858542117
300.244683987369,134.744439522126,3.89980018562992
526.84688065191,456.413962503131,3.67757600610078
49.7678271802818,410.055889987955,4.00853302901893
195.8336082299,280.318662228925,3.91136869426652
550.73174284799,261.811175858821,3.91515906865148
173.30689517554,40.9771325826992,4.0095672160322
502.090070828008,342.888938219643,4.30173712711354
34.0713112884894,50.5288419546743,3.75854428667566
525.806437533616,141.393418273031,4.76942635249126
NA,NA,NA
661.613831725785,336.644810499063,3.59886794430878
450.069851464583,297.439559726509,3.49644572400228
11.9715611866665,497.648796550185,3.59946793734614
556.126074227578,58.0378586669495,4.17615350217317
72.4686631309849,370.750933676314,4.01823736201494
225.752703544802,414.292865064271,3.93934457613013
429.005663363397,15.7666332717964,3.31277875762952
362.306622047064,294.050062186295,3.04263157269057
606.52152693524,100.609952547312,4.11108971618123
388.742216430257,229.17767343966,4.07236759030833
577.244411327409,409.604425918398,4.76984431988181
137.665901409932,286.356069526447,4.51337017749663
199.880205996675,370.891884328313,4.03379299172253
124.596248973643,406.428577076679,3.31605657567591
623.625890265253,315.199739905213,4.46461030475454
5.93838159844818,147.150810601575,4.37141836927617
542.604088309165,203.948709861574,4.19181557595706
33.0044256946586,490.863786317478,3.16167064719381
281.151093002828,21.4490412089302,3.87070884973207
533.731561702022,391.708374827506,3.54549830515832
68.435994168175,74.8176304610698,5.15214852218685
3.55891990595847,72.2801201393233,3.53177986490709
590.883295598703,223.084035896429,4.01673024819062
446.25546169692,460.318880212989,4.78345738753733
661.910919201919,374.552240796426,3.01553128599392
109.316850987202,483.878920593055,4.2979160888357
623.91671187314,89.9575396801531,4.0583696281047
420.633467108428,255.744756420627,3.5849019282982
11.1378422668319,181.627179264254,3.30276238635859
63.7965396350797,117.42142480179,4.33374491779829
607.488462914849,201.217225711949,4.21641681844569
266.708508649386,221.748055201186,3.52012308735644
579.974970891864,446.525381286329,3.75800804053458
303.00864443189,137.680607194443,3.99877807810124
531.239083844347,459.124588842626,3.61775022086348
42.0484270572889,418.80572461567,3.89551304945502
193.680516484245,285.889175084871,3.74624175962888
555.572196182704,253.486906226243,3.38838807949075
162.819342649036,28.2155623083174,4.31913271763412
499.233644885191,352.732201152218,4.52347212663277
38.7826097199144,56.803139921825,3.6803880132518
535.491678539623,158.189598706744,4.46802609907679
NA,NA,NA
661.613831725785,336.644810499063,3.59886794430878
450.069851464583,297.439559726509,3.49644572400228
11.9715611866665,497.648796550185,3.59946793734614
556.126074227578,58.0378586669495,4.17615350217317
72.4686631309849,370.750933676314,4.01823736201494
225.752703544802,414.292865064271,3.93934457613013
429.005663363397,15.7666332717964,3.31277875762952
362.306622047064,294.050062186295,3.04263157269057
606.52152693524,100.609952547312,4.11108971618123
388.742216430257,229.17767343966,4.07236759030833
577.244411327409,409.604425918398,4.76984431988181
137.665901409932,286.356069526447,4.51337017749663
199.880205996675,370.891884328313,4.03379299172253
124.596248973643,406.428577076679,3.31605657567591
623.625890265253,315.199739905213,4.46461030475454
5.93838159844818,147.150810601575,4.37141836927617
542.604088309165,203.948709861574,4.19181557595706
33.0044256946586,490.863786317478,3.16167064719381
281.151093002828,21.4490412089302,3.87070884973207
533.731561702022,391.708374827506,3.54549830515832
68.435994168175,74.8176304610698,5.15214852218685
3.55891990595847,72.2801201393233,3.53177986490709
590.883295598703,223.084035896429,4.01673024819062
446.25546169692,460.318880212989,4.78345738753733
661.910919201919,374.552240796426,3.01553128599392
109.316850987202,483.878920593055,4.2979160888357
623.91671187314,89.9575396801531,4.0583696281047
420.633467108428,255.744756420627,3.5849019282982
11.1378422668319,181.627179264254,3.30276238635859
63.7965396350797,117.42142480179,4.33374491779829
607.488462914849,201.217225711949,4.21641681844569
266.708508649386,221.748055201186,3.52012308735644
579.974970891864,446.525381286329,3.75800804053458
303.00864443189,137.680607194443,3.99877807810124
531.239083844347,459.124588842626,3.61775022086348
42.0484270572889,418.80572461567,3.89551304945502
193.680516484245,285.889175084871,3.74624175962888
555.572196182704,253.486906226243,3.38838807949075
162.819342649036,28.2155623083174,4.31913271763412
499.233644885191,352.732201152218,4.52347212663277
38.7826097199144,56.803139921825,3.6803880132518
535.491678539623,158.189598706744,4.46802609907679
NA,NA,NA
661.613831725785,336.644810499063,3.59886794430878
450.069851464583,297.439559726509,3.49644572400228
11.9715611866665,497.648796550185,3.59946793734614
556.126074227578,58.0378586669495,4.17615350217317
72.4686631309849,370.750933676314,4.01823736201494
225.752703544802,414.292865064271,3.93934457613013
429.005663363397,15.7666332717964,3.31277875762952
362.306622047064,294.050062186295,3.04263157269057
606.52152693524,100.609952547312,4.11108971618123
388.742216430257,229.17767343966,4.07236759030833
577.244411327409,409.604425918398,4.76984431988181
137.665901409932,286.356069526447,4.51337017749663
199.880205996675,370.891884328313,4.03379299172253
124.596248973643,406.428577076679,3.31605657567591
623.625890265253,315.199739905213,4.46461030475454
5.93838159844818,147.150810601575,4.37141836927617
542.604088309165,203.948709861574,4.19181557595706
33.0044256946586,490.863786317478,3.16167064719381
281.151093002828,21.4490412089302,3.87070884973207
533.731561702022,391.708374827506,3.54549830515832
68.435994168175,74.8176304610698,5.15214852218685
3.55891990595847,72.2801201393233,3.53177986490709
590.883295598703,223.084035896429,4.01673024819062
446.25546169692,460.318880212989,4.78345738753733
661.910919201919,374.552240796426,3.01553128599392
109.316850987202,483.878920593055,4.2979160888357
623.91671187314,89.9575396801531,4.0583696281047
420.633467108428,255.744756420627,3.5849019282982
11.1378422668319,181.627179264254,3.30276238635859
63.7965396350797,117.42142480179,4.33374491779829
607.488462914849,201.217225711949,4.21641681844569
266.708508649386,221.748055201186,3.52012308735644
579.974970891864,446.525381286329,3.75800804053458
303.00864443189,137.680607194443,3.99877807810124
531.239083844347,459.124588842626,3.61775022086348
42.0484270572889,418.80572461567,3.89551304945502
193.680516484245,285.889175084871,3.74624175962888
555.572196182704,253.486906226243,3.38838807949075
162.819342649036,28.2155623083174,4.31913271763412
499.233644885191,352.732201152218,4.52347212663277
38.7826097199144,56.803139921825,3.6803880132518
535.491678539623,158.189598706744,4.46802609907679
NA,NA,NA
661.613831725785,336.644810499063,3.59886794430878
450.069851464583,297.439559726509,3.49644572400228
11.9715611866665,497.648796550185,3.59946793734614
556.126074227578,58.0378586669495,4.17615350217317
72.4686631309849,370.750933676314,4.01823736201494
225.752703544802,414.292865064271,3.93934457613013
429.005663363397,15.7666332717964,3.31277875762952
362.306622047064,294.050062186295,3.04263157269057
606.52152693524,100.609952547312,4.11108971618123
388.742216430257,229.17767343966,4.07236759030833
577.244411327409,409.604425918398,4.76984431988181
137.665901409932,286.356069526447,4.51337017749663
199.880205996675,370.891884328313,4.03379299172253
124.596248973643,406.428577076679,3.31605657567591
623.625890265253,315.199739905213,4.46461030475454
5.93838159844818,147.150810601575,4.37141836927617
542.604088309165,203.948709861574,4.19181557595706
33.0044256946586,490.863786317478,3.16167064719381
281.151093002828,21.4490412089302,3.87070884973207
533.731561702022,391.708374827506,3.54549830515832
68.435994168175,74.8176304610698,5.15214852218685
3.55891990595847,72.2801201393233,3.53177986490709
590.883295598703,223.084035896429,4.01673024819062
446.25546169692,460.318880212989,4.78345738753733
661.910919201919,374.552240796426,3.01553128599392
109.316850987202,483.878920593055,4.2979160888357
623.91671187314,89.9575396801531,4.0583696281047
420.633467108428,255.744756420627,3.5849019282982
11.1378422668319,181.627179264254,3.30276238635859
63.7965396350797,117.42142480179,4.33374491779829
607.488462914849,201.217225711949,4.21641681844569
266.708508649386,221.748055201186,3.52012308735644
579.974970891864,446.525381286329,3.75800804053458
303.00864443189,137.680607194443,3.99877807810124
531.239083844347,459.124588842626,3.61775022086348
42.0484270572889,418.80572461567,3.89551304945502
193.680516484245,285.889175084871,3.74624175962888
555.572196182704,253.486906226243,3.38838807949075
162.819342649036,28.2155623083174,4.31913271763412
499.233644885191,352.732201152218,4.52347212663277
38.7826097199144,56.803139921825,3.6803880132518
535.491678539623,158.189598706744,4.46802609907679
NA,NA,NA
661.613831725785,336.644810499063,3.59886794430878
450.069851464583,297.439559726509,3.49644572400228
11.9715611866665,497.648796550185,3.59946793734614
556.126074227578,58.0378586669495,4.17615350217317
72.4686631309849,370.750933676314,4.01823736201494
225.752703544802,414.292865064271,3.93934457613013
429.005663363397,15.7666332717964,3.31277875762952
362.306622047064,294.050062186295,3.04263157269057
606.52152693524,100.609952547312,4.11108971618123
388.742216430257,229.17767343966,4.07236759030833
577.244411327409,409.604425918398,4.76984431988181
137.665901409932,286.356069526447,4.51337017749663
199.880205996675,370.891884328313,4.03379299172253
124.596248973643,406.428577076679,3.31605657567591
623.625890265253,315.199739905213,4.46461030475454
5.93838159844818,147.150810601575,4.37141836927617
542.604088309165,203.948709861574,4.19181557595706
33.0044256946586,490.863786317478,3.16167064719381
281.151093002828,21.4490412089302,3.87070884973207
533.731561702022,391.708374827506,3.54549830515832
68.435994168175,74.8176304610698,5.15214852218685
3.55891990595847,72.2801201393233,3.53177986490709
590.883295598703,223.084035896429,4.01673024819062
446.25546169692,460.318880212989,4.78345738753733
661.910919201919,374.552240796426,3.01553128599392
109.316850987202,483.878920593055,4.2979160888357
623.91671187314,89.9575396801531,4.0583696281047
420.633467108428,255.744756420627,3.5849019282982
11.1378422668319,181.627179264254,3.30276238635859
63.7965396350797,117.42142480179,4.33374491779829
607.488462914849,201.217225711949,4.21641681844569
266.708508649386,221.748055201186,3.52012308735644
579.974970891864,446.525381286329,3.75800804053458
303.00864443189,137.680607194443,3.99877807810124
531.239083844347,459.124588842626,3.61775022086348
42.0484270572889,418.80572461567,3.89551304945502
193.680516484245,285.889175084871,3.74624175962888
555.572196182704,253.486906226243,3.38838807949075
162.819342649036,28.2155623083174,4.31913271763412
499.233644885191,352.732201152218,4.52347212663277
38.7826097199144,56.803139921825,3.6803880132518
535.491678539623,158.189598706744,4.46802609907679
NA,NA,NA
661.613831725785,336.644810499063,3.59886794430878
450.069851464583,297.439559726509,3.49644572400228
11.9715611866665,497.648796550185,3.59946793734614
556.126074227578,58.0378586669495,4.17615350217317
72.4686631309849,370.750933676314,4.01823736201494
225.752703544802,414.292865064271,3.93934457613013
429.005663363397,15.7666332717964,3.31277875762952
362.306622047064,294.050062186295,3.04263157269057
606.52152693524,100.609952547312,4.11108971618123
388.742216430257,229.17767343966,4.07236759030833
577.244411327409,409.604425918398,4.76984431988181
137.665901409932,286.356069526447,4.51337017749663
199.880205996675,370.891884328313,4.03379299172253
124.596248973643,406.428577076679,3.31605657567591
623.625890265253,315.199739905213,4.46461030475454
5.93838159844818,147.150810601575,4.37141836927617
542.604088309165,203.948709861574,4.19181557595706
33.0044256946586,490.863786317478,3.16167064719381
281.151093002828,21.4490412089302,3.87070884973207
533.731561702022,391.708374827506,3.54549830515832
68.435994168175,74.8176304610698,5.15214852218685
3.55891990595847,72.2801201393233,3.53177986490709
590.883295598703,223.084035896429,4.01673024819062
446.25546169692,460.318880212989,4.78345738753733
661.910919201919,374.552240796426,3.01553128599392
109.316850987202,483.878920593055,4.2979160888357
623.91671187314,89.9575396801531,4.0583696281047
420.633467108428,255.744756420627,3.5849019282982
11.1378422668319,181.627179264254,3.30276238635859
63.7965396350797,117.42142480179,4.33374491779829
607.488462914849,201.217225711949,4.21641681844569
266.708508649386,221.748055201186,3.52012308735644
579.974970891864,446.525381286329,3.75800804053458
303.00864443189,137.680607194443,3.99877807810124
531.239083844347,459.124588842626,3.61775022086348
42.0484270572889,418.80572461567,3.89551304945502
193.680516484245,285.889175084871,3.74624175962888
555.572196182704,253.486906226243,3.38838807949075
162.819342649036,28.2155623083174,4.31913271763412
499.233644885191,352.732201152218,4.52347212663277
38.7826097199144,56.803139921825,3.6803880132518
535.491678539623,158.189598706744,4.46802609907679
NA,NA,NA
657.163006514396,331.452487626414,3.32591097954511
458.269725111986,297.368357446042,3.44786880529346
9.73281554571056,492.477364609176,3.61181071998637
558.412248529308,53.238821649447,4.16440812615103
73.4675726892456,376.976097584283,4.00413903732179
228.340649463523,415.609002114906,3.80324681052894
429.154917907277,12.3959472475061,3.24773052813159
362.542568196312,292.444472840312,3.07311518730015
603.799444506813,106.08543581867,4.09732193826974
390.049091093573,232.122239979597,4.25904679132648
578.172251173542,412.484895497593,4.71675132308487
138.522210649274,289.752715052944,4.40919601398644
197.119812858631,374.550328479036,4.17601635628168
123.861177321182,408.626355037832,3.4044277241116
629.352977461327,317.23581653263,4.50076347330633
-0.750704022928593,150.122586728173,4.24549928134089
540.352228003851,209.559242769039,4.12175092728636
34.8313089028952,490.200122856043,3.12280166539208
278.913381252388,24.054113653384,3.75797057177648
534.553788124029,392.654760780192,3.2302308612897
65.9612115756176,79.0966445259325,5.18430576279883
5.28776495393595,75.7456497802807,3.56355855617425
584.302417222351,229.229051389919,4.01297127555504
441.579182195612,458.350105539923,4.80134122600819
659.918925030754,373.726183253844,2.84322880236061
104.227298869987,484.934555532909,4.39451331156837
624.688081433301,91.5337826202469,4.09933939789171
416.810782533499,257.544419781266,3.62495279337966
11.3075517745848,180.894141659036,3.27760599636239
67.575297198731,103.504042410493,4.30311624227723
616.847051541635,195.393861548103,4.30571432212405
260.016820453009,215.212908234634,3.56693976500192
567.552656577131,438.167524938679,3.92918928092404
297.574157959676,136.974617185077,3.90745697001513
534.033711683502,458.179210846397,3.62834768407911
39.1501033693667,425.333820857589,3.74214928922813
198.644831005307,283.099010860853,4.01058941225023
549.336372990346,258.758174345891,3.87339569169043
169.575287445717,44.9708826592245,4.0701349368713
502.845577330051,350.904569743821,4.29293031210286
32.3419426237652,53.6747424344081,3.94055286397794
539.554032046014,132.584892806302,4.73667783690777
NA,NA,NA
657.163006514396,331.452487626414,3.32591097954511
458.269725111986,297.368357446042,3.44786880529346
9.73281554571056,492.477364609176,3.61181071998637
558.412248529308,53.238821649447,4.16440812615103
73.4675726892456,376.976097584283,4.00413903732179
228.340649463523,415.609002114906,3.80324681052894
429.154917907277,12.3959472475061,3.24773052813159
362.542568196312,292.444472840312,3.07311518730015
603.799444506813,106.08543581867,4.09732193826974
390.049091093573,232.122239979597,4.25904679132648
578.172251173542,412.484895497593,4.71675132308487
138.522210649274,289.752715052944,4.40919601398644
197.119812858631,374.550328479036,4.17601635628168
123.861177321182,408.626355037832,3.4044277241116
629.352977461327,317.23581653263,4.50076347330633
-0.750704022928593,150.122586728173,4.24549928134089
540.352228003851,209.559242769039,4.12175092728636
34.8313089028952,490.200122856043,3.12280166539208
278.913381252388,24.054113653384,3.75797057177648
534.553788124029,392.654760780192,3.2302308612897
65.9612115756176,79.0966445259325,5.18430576279883
5.28776495393595,75.7456497802807,3.56355855617425
584.302417222351,229.229051389919,4.01297127555504
441.579182195612,458.350105539923,4.80134122600819
659.918925030754,373.726183253844,2.84322880236061
104.227298869987,484.934555532909,4.39451331156837
624.688081433301,91.5337826202469,4.09933939789171
416.810782533499,257.544419781266,3.62495279337966
11.3075517745848,180.894141659036,3.27760599636239
67.575297198731,103.504042410493,4.30311624227723
616.847051541635,195.393861548103,4.30571432212405
260.016820453009,215.212908234634,3.56693976500192
567.552656577131,438.167524938679,3.92918928092404
297.574157959676,136.974617185077,3.90745697001513
534.033711683502,458.179210846397,3.62834768407911
39.1501033693667,425.333820857589,3.74214928922813
198.644831005307,283.099010860853,4.01058941225023
549.336372990346,258.758174345891,3.87339569169043
169.575287445717,44.9708826592245,4.0701349368713
502.845577330051,350.904569743821,4.29293031210286
32.3419426237652,53.6747424344081,3.94055286397794
539.554032046014,132.584892806302,4.73667783690777
NA,NA,NA
657.163006514396,331.452487626414,3.32591097954511
458.269725111986,297.368357446042,3.44786880529346
9.73281554571056,492.477364609176,3.61181071998637
558.412248529308,53.238821649447,4.16440812615103
73.4675726892456,376.976097584283,4.00413903732179
228.340649463523,415.609002114906,3.80324681052894
429.154917907277,12.3959472475061,3.24773052813159
362.542568196312,292.444472840312,3.07311518730015
603.799444506813,106.08543581867,4.09732193826974
390.049091093573,232.122239979597,4.25904679132648
578.172251173542,412.484895497593,4.71675132308487
138.522210649274,289.752715052944,4.40919601398644
197.119812858631,374.550328479036,4.17601635628168
123.861177321182,408.626355037832,3.4044277241116
629.352977461327,317.23581653263,4.50076347330633
-0.750704022928593,150.122586728173,4.24549928134089
540.352228003851,209.559242769039,4.12175092728636
34.8313089028952,490.200122856043,3.12280166539208
278.913381252388,24.054113653384,3.75797057177648
534.553788124029,392.654760780192,3.2302308612897
65.9612115756176,79.0966445259325,5.18430576279883
5.28776495393595,75.7456497802807,3.56355855617425
584.302417222351,229.229051389919,4.01297127555504
441.579182195612,458.350105539923,4.80134122600819
659.918925030754,373.726183253844,2.84322880236061
104.227298869987,484.934555532909,4.39451331156837
624.688081433301,91.5337826202469,4.09933939789171
416.810782533499,257.544419781266,3.62495279337966
11.3075517745848,180.894141659036,3.27760599636239
67.575297198731,103.504042410493,4.30311624227723
616.847051541635,195.393861548103,4.30571432212405
260.016820453009,215.212908234634,3.56693976500192
567.552656577131,438.167524938679,3.92918928092404
297.574157959676,136.974617185077,3.90745697001513
534.033711683502,458.179210846397,3.62834768407911
39.1501033693667,425.333820857589,3.74214928922813
198.644831005307,283.099010860853,4.01058941225023
549.336372990346,258.758174345891,3.87339569169043
169.575287445717,44.9708826592245,4.0701349368713
502.845577330051,350.904569743821,4.29293031210286
32.3419426237652,53.6747424344081,3.94055286397794
539.554032046014,132.584892806302,4.73667783690777
NA,NA,NA
657.163006514396,331.452487626414,3.32591097954511
458.269725111986,297.368357446042,3.44786880529346
9.73281554571056,492.477364609176,3.61181071998637
558.412248529308,53.238821649447,4.16440812615103
73.4675726892456,376.976097584283,4.00413903732179
228.340649463523,415.609002114906,3.80324681052894
429.154917907277,12.3959472475061,3.24773052813159
362.542568196312,292.444472840312,3.07311518730015
603.799444506813,106.08543581867,4.09732193826974
390.049091093573,232.122239979597,4.25904679132648
578.172251173542,412.484895497593,4.71675132308487
138.522210649274,289.752715052944,4.40919601398644
197.119812858631,374.550328479036,4.17601635628168
123.861177321182,408.626355037832,3.4044277241116
629.352977461327,317.23581653263,4.50076347330633
-0.750704022928593,150.122586728173,4.24549928134089
540.352228003851,209.559242769039,4.12175092728636
34.8313089028952,490.200122856043,3.12280166539208
278.913381252388,24.054113653384,3.75797057177648
534.553788124029,392.654760780192,3.2302308612897
65.9612115756176,79.0966445259325,5.18430576279883
5.28776495393595,75.7456497802807,3.56355855617425
584.302417222351,229.229051389919,4.01297127555504
441.579182195612,458.350105539923,4.80134122600819
659.918925030754,373.726183253844,2.84322880236061
104.227298869987,484.934555532909,4.39451331156837
624.688081433301,91.5337826202469,4.09933939789171
416.810782533499,257.544419781266,3.62495279337966
11.3075517745848,180.894141659036,3.27760599636239
67.575297198731,103.504042410493,4.30311624227723
616.847051541635,195.393861548103,4.30571432212405
260.016820453009,215.212908234634,3.56693976500192
567.552656577131,438.167524938679,3.92918928092404
297.574157959676,136.974617185077,3.90745697001513
534.033711683502,458.179210846397,3.62834768407911
39.1501033693667,425.333820857589,3.74214928922813
198.644831005307,283.099010860853,4.01058941225023
549.336372990346,258.758174345891,3.87339569169043
169.575287445717,44.9708826592245,4.0701349368713
502.845577330051,350.904569743821,4.29293031210286
32.3419426237652,53.6747424344081,3.94055286397794
539.554032046014,132.584892806302,4.73667783690777
NA,NA,NA
657.163006514396,331.452487626414,3.32591097954511
458.269725111986,297.368357446042,3.44786880529346
9.73281554571056,492.477364609176,3.61181071998637
558.412248529308,53.238821649447,4.16440812615103
73.4675726892456,376.976097584283,4.00413903732179
228.340649463523,415.609002114906,3.80324681052894
429.154917907277,12.3959472475061,3.24773052813159
362.542568196312,292.444472840312,3.07311518730015
603.799444506813,106.08543581867,4.09732193826974
390.049091093573,232.122239979597,4.25904679132648
578.172251173542,412.484895497593,4.71675132308487
138.522210649274,289.752715052944,4.40919601398644
197.119812858631,374.550328479036,4.17601635628168
123.861177321182,408.626355037832,3.4044277241116
629.352977461327,317.23581653263,4.50076347330633
-0.750704022928593,150.122586728173,4.24549928134089
540.352228003851,209.559242769039,4.12175092728636
34.8313089028952,490.200122856043,3.12280166539208
278.913381252388,24.054113653384,3.75797057177648
534.553788124029,392.654760780192,3.2302308612897
65.9612115756176,79.0966445259325,5.18430576279883
5.28776495393595,75.7456497802807,3.56355855617425
584.302417222351,229.229051389919,4.01297127555504
441.579182195612,458.350105539923,4.80134122600819
659.918925030754,373.726183253844,2.84322880236061
104.227298869987,484.934555532909,4.39451331156837
624.688081433301,91.5337826202469,4.09933939789171
416.810782533499,257.544419781266,3.62495279337966
11.3075517745848,180.894141659036,3.27760599636239
67.575297198731,103.504042410493,4.30311624227723
616.847051541635,195.393861548103,4.30571432212405
260.016820453009,215.212908234634,3.56693976500192
567.552656577131,438.167524938679,3.92918928092404
297.574157959676,136.974617185077,3.90745697001513
534.033711683502,458.179210846397,3.62834768407911
39.1501033693667,425.333820857589,3.74214928922813
198.644831005307,283.099010860853,4.01058941225023
549.336372990346,258.758174345891,3.87339569169043
169.575287445717,44.9708826592245,4.0701349368713
502.845577330051,350.904569743821,4.29293031210286
32.3419426237652,53.6747424344081,3.94055286397794
539.554032046014,132.584892806302,4.73667783690777
NA,NA,NA
657.163006514396,331.452487626414,3.32591097954511
458.269725111986,297.368357446042,3.44786880529346
9.73281554571056,492.477364609176,3.61181071998637
558.412248529308,53.238821649447,4.16440812615103
73.4675726892456,376.976097584283,4.00413903732179
228.340649463523,415.609002114906,3.80324681052894
429.154917907277,12.3959472475061,3.24773052813159
362.542568196312,292.444472840312,3.07311518730015
603.799444506813,106.08543581867,4.09732193826974
390.049091093573,232.122239979597,4.25904679132648
578.172251173542,412.484895497593,4.71675132308487
138.522210649274,289.752715052944,4.40919601398644
197.119812858631,374.550328479036,4.17601635628168
123.861177321182,408.626355037832,3.4044277241116
629.352977461327,317.23581653263,4.50076347330633
-0.750704022928593,150.122586728173,4.24549928134089
540.352228003851,209.559242769039,4.12175092728636
34.8313089028952,490.200122856043,3.12280166539208
278.913381252388,24.054113653384,3.75797057177648
534.553788124029,392.654760780192,3.2302308612897
65.9612115756176,79.0966445259325,5.18430576279883
5.28776495393595,75.7456497802807,3.56355855617425
584.302417222351,229.229051389919,4.01297127555504
441.579182195612,458.350105539923,4.80134122600819
659.918925030754,373.726183253844,2.84322880236061
104.227298869987,484.934555532909,4.39451331156837
624.688081433301,91.5337826202469,4.09933939789171
416.810782533499,257.544419781266,3.62495279337966
11.3075517745848,180.894141659036,3.27760599636239
67.575297198731,103.504042410493,4.30311624227723
616.847051541635,195.393861548103,4.30571432212405
260.016820453009,215.212908234634,3.56693976500192
567.552656577131,438.167524938679,3.92918928092404
297.574157959676,136.974617185077,3.90745697001513
534.033711683502,458.179210846397,3.62834768407911
39.1501033693667,425.333820857589,3.74214928922813
198.644831005307,283.099010860853,4.01058941225023
549.336372990346,258.758174345891,3.87339569169043
169.575287445717,44.9708826592245,4.0701349368713
502.845577330051,350.904569743821,4.29293031210286
32.3419426237652,53.6747424344081,3.94055286397794
539.554032046014,132.584892806302,4.73667783690777
NA,NA,NA
663.846228175294,334.516173782023,3.49611289050856
457.198554882233,297.332242589224,3.6027386994291
9.8678639089445,497.620298875907,3.66958527667546
559.576753613887,51.6393692074506,4.25359708842626
66.8905864454073,378.348888489133,3.86856074358351
230.481641928782,415.480561676993,3.94519668564281
428.064035612408,15.4035742530477,3.25269956445955
361.795225079253,292.030450477873,3.16848413427434
606.006975669769,105.951017163017,4.2051813723192
393.811484623498,225.286753348019,4.30910017303675
569.50840421706,418.081491956948,4.67408475438441
143.009403971335,284.276835861066,4.65095563250903
196.602299009772,370.330023037913,4.0335061644644
125.618471493714,412.043588075381,3.38120662831134
628.657890493941,308.142638745586,4.68859407141163
2.17838368675515,148.860464402408,4.27868025342064
541.392881217844,205.530199027669,4.11151317210101
34.8969799398292,492.954843163451,3.00552259421355
281.617287069408,21.0918785943921,3.87274153563002
532.735164362974,391.442313754817,3.42907504295578
75.7910467934937,75.1597146068811,5.23347957695058
5.24524955198106,78.3537529793914,3.40579012735766
585.228204931862,224.121166800391,3.90413679848713
442.076223890662,459.49190989088,4.7663877127366
659.902230144468,376.239422236071,3.12233198508823
105.133359655927,486.31410186501,4.39379111983966
624.743221738558,95.4832779726319,4.04409908401131
421.394562733385,264.040297003115,3.59553442898431
12.9127248989633,180.929943854171,3.28348166759274
79.3698655131187,115.795087487689,4.25300895559656
592.213600718655,206.633119427729,4.4584125237313
254.858656105328,218.04121103906,3.46087586080136
560.812490563039,436.775402576982,3.93306527167731
306.379017711155,140.829406272911,3.85345294828584
530.327718690487,455.007709304149,3.63144824379724
54.8952149528618,424.711869510456,3.70919657095538
199.440958652178,299.419006874964,4.03760440144912
538.962593246005,264.213363824053,3.76342332966686
171.813521833941,29.5795254532911,4.02191501430679
495.39187902732,338.82185926365,4.46414703056364
35.1378981110613,47.8580426407085,4.41170265050501
536.141900414878,132.212044242136,4.37053790508897
NA,NA,NA
663.846228175294,334.516173782023,3.49611289050856
457.198554882233,297.332242589224,3.6027386994291
9.8678639089445,497.620298875907,3.66958527667546
559.576753613887,51.6393692074506,4.25359708842626
66.8905864454073,378.348888489133,3.86856074358351
230.481641928782,415.480561676993,3.94519668564281
428.064035612408,15.4035742530477,3.25269956445955
361.795225079253,292.030450477873,3.16848413427434
606.006975669769,105.951017163017,4.2051813723192
393.811484623498,225.286753348019,4.30910017303675
569.50840421706,418.081491956948,4.67408475438441
143.009403971335,284.276835861066,4.65095563250903
196.602299009772,370.330023037913,4.0335061644644
125.618471493714,412.043588075381,3.38120662831134
628.657890493941,308.142638745586,4.68859407141163
2.17838368675515,148.860464402408,4.27868025342064
541.392881217844,205.530199027669,4.11151317210101
34.8969799398292,492.954843163451,3.00552259421355
281.617287069408,21.0918785943921,3.87274153563002
532.735164362974,391.442313754817,3.42907504295578
75.7910467934937,75.1597146068811,5.23347957695058
5.24524955198106,78.3537529793914,3.40579012735766
585.228204931862,224.121166800391,3.90413679848713
442.076223890662,459.49190989088,4.7663877127366
659.902230144468,376.239422236071,3.12233198508823
105.133359655927,486.31410186501,4.39379111983966
624.743221738558,95.4832779726319,4.04409908401131
421.394562733385,264.040297003115,3.59553442898431
12.9127248989633,180.929943854171,3.28348166759274
79.3698655131187,115.795087487689,4.25300895559656
592.213600718655,206.633119427729,4.4584125237313
254.858656105328,218.04121103906,3.46087586080136
560.812490563039,436.775402576982,3.93306527167731
306.379017711155,140.829406272911,3.85345294828584
530.327718690487,455.007709304149,3.63144824379724
54.8952149528618,424.711869510456,3.70919657095538
199.440958652178,299.419006874964,4.03760440144912
538.962593246005,264.213363824053,3.76342332966686
171.813521833941,29.5795254532911,4.02191501430679
495.39187902732,338.82185926365,4.46414703056364
35.1378981110613,47.8580426407085,4.41170265050501
536.141900414878,132.212044242136,4.37053790508897
NA,NA,NA
663.846228175294,334.516173782023,3.49611289050856
457.198554882233,297.332242589224,3.6027386994291
9.8678639089445,497.620298875907,3.66958527667546
559.576753613887,51.6393692074506,4.25359708842626
66.8905864454073,378.348888489133,3.86856074358351
230.481641928782,415.480561676993,3.94519668564281
428.064035612408,15.4035742530477,3.25269956445955
361.795225079253,292.030450477873,3.16848413427434
606.006975669769,105.951017163017,4.2051813723192
393.811484623498,225.286753348019,4.30910017303675
569.50840421706,418.081491956948,4.67408475438441
143.009403971335,284.276835861066,4.65095563250903
196.602299009772,370.330023037913,4.0335061644644
125.618471493714,412.043588075381,3.38120662831134
628.657890493941,308.142638745586,4.68859407141163
2.17838368675515,148.860464402408,4.27868025342064
541.392881217844,205.530199027669,4.11151317210101
34.8969799398292,492.954843163451,3.00552259421355
281.617287069408,21.0918785943921,3.87274153563002
532.735164362974,391.442313754817,3.42907504295578
75.7910467934937,75.1597146068811,5.23347957695058
5.24524955198106,78.3537529793914,3.40579012735766
585.228204931862,224.121166800391,3.90413679848713
442.076223890662,459.49190989088,4.7663877127366
659.902230144468,376.239422236071,3.12233198508823
105.133359655927,486.31410186501,4.39379111983966
624.743221738558,95.4832779726319,4.04409908401131
421.394562733385,264.040297003115,3.59553442898431
12.9127248989633,180.929943854171,3.28348166759274
79.3698655131187,115.795087487689,4.25300895559656
592.213600718655,206.633119427729,4.4584125237313
254.858656105328,218.04121103906,3.46087586080136
560.812490563039,436.775402576982,3.93306527167731
306.379017711155,140.829406272911,3.85345294828584
530.327718690487,455.007709304149,3.63144824379724
54.8952149528618,424.711869510456,3.70919657095538
199.440958652178,299.419006874964,4.03760440144912
538.962593246005,264.213363824053,3.76342332966686
171.813521833941,29.5795254532911,4.02191501430679
495.39187902732,338.82185926365,4.46414703056364
35.1378981110613,47.8580426407085,4.41170265050501
536.141900414878,132.212044242136,4.37053790508897
NA,NA,NA
663.846228175294,334.516173782023,3.49611289050856
457.198554882233,297.332242589224,3.6027386994291
9.8678639089445,497.620298875907,3.66958527667546
559.576753613887,51.6393692074506,4.25359708842626
66.8905864454073,378.348888489133,3.86856074358351
230.481641928782,415.480561676993,3.94519668564281
428.064035612408,15.4035742530477,3.25269956445955
361.795225079253,292.030450477873,3.16848413427434
606.006975669769,105.951017163017,4.2051813723192
393.811484623498,225.286753348019,4.30910017303675
569.50840421706,418.081491956948,4.67408475438441
143.009403971335,284.276835861066,4.65095563250903
196.602299009772,370.330023037913,4.0335061644644
125.618471493714,412.043588075381,3.38120662831134
628.657890493941,308.142638745586,4.68859407141163
2.17838368675515,148.860464402408,4.27868025342064
541.392881217844,205.530199027669,4.11151317210101
34.8969799398292,492.954843163451,3.00552259421355
281.617287069408,21.0918785943921,3.87274153563002
532.735164362974,391.442313754817,3.42907504295578
75.7910467934937,75.1597146068811,5.23347957695058
5.24524955198106,78.3537529793914,3.40579012735766
585.228204931862,224.121166800391,3.90413679848713
442.076223890662,459.49190989088,4.7663877127366
659.902230144468,376.239422236071,3.12233198508823
105.133359655927,486.31410186501,4.39379111983966
624.743221738558,95.4832779726319,4.04409908401131
421.394562733385,264.040297003115,3.59553442898431
12.9127248989633,180.929943854171,3.28348166759274
79.3698655131187,115.795087487689,4.25300895559656
592.213600718655,206.633119427729,4.4584125237313
254.858656105328,218.04121103906,3.46087586080136
560.812490563039,436.775402576982,3.93306527167731
306.379017711155,140.829406272911,3.85345294828584
530.327718690487,455.007709304149,3.63144824379724
54.8952149528618,424.711869510456,3.70919657095538
199.440958652178,299.419006874964,4.03760440144912
538.962593246005,264.213363824053,3.76342332966686
171.813521833941,29.5795254532911,4.02191501430679
495.39187902732,338.82185926365,4.46414703056364
35.1378981110613,47.8580426407085,4.41170265050501
536.141900414878,132.212044242136,4.37053790508897
NA,NA,NA
663.846228175294,334.516173782023,3.49611289050856
457.198554882233,297.332242589224,3.6027386994291
9.8678639089445,497.620298875907,3.66958527667546
559.576753613887,51.6393692074506,4.25359708842626
66.8905864454073,378.348888489133,3.86856074358351
230.481641928782,415.480561676993,3.94519668564281
428.064035612408,15.4035742530477,3.25269956445955
361.795225079253,292.030450477873,3.16848413427434
606.006975669769,105.951017163017,4.2051813723192
393.811484623498,225.286753348019,4.30910017303675
569.50840421706,418.081491956948,4.67408475438441
143.009403971335,284.276835861066,4.65095563250903
196.602299009772,370.330023037913,4.0335061644644
125.618471493714,412.043588075381,3.38120662831134
628.657890493941,308.142638745586,4.68859407141163
2.17838368675515,148.860464402408,4.27868025342064
541.392881217844,205.530199027669,4.11151317210101
34.8969799398292,492.954843163451,3.00552259421355
281.617287069408,21.0918785943921,3.87274153563002
532.735164362974,391.442313754817,3.42907504295578
75.7910467934937,75.1597146068811,5.23347957695058
5.24524955198106,78.3537529793914,3.40579012735766
585.228204931862,224.121166800391,3.90413679848713
442.076223890662,459.49190989088,4.7663877127366
659.902230144468,376.239422236071,3.12233198508823
105.133359655927,486.31410186501,4.39379111983966
624.743221738558,95.4832779726319,4.04409908401131
421.394562733385,264.040297003115,3.59553442898431
12.9127248989633,180.929943854171,3.28348166759274
79.3698655131187,115.795087487689,4.25300895559656
592.213600718655,206.633119427729,4.4584125237313
254.858656105328,218.04121103906,3.46087586080136
560.812490563039,436.775402576982,3.93306527167731
306.379017711155,140.829406272911,3.85345294828584
530.327718690487,455.007709304149,3.63144824379724
54.8952149528618,424.711869510456,3.70919657095538
199.440958652178,299.419006874964,4.03760440144912
538.962593246005,264.213363824053,3.76342332966686
171.813521833941,29.5795254532911,4.02191501430679
495.39187902732,338.82185926365,4.46414703056364
35.1378981110613,47.8580426407085,4.41170265050501
536.141900414878,132.212044242136,4.37053790508897
NA,NA,NA
663.846228175294,334.516173782023,3.49611289050856
457.198554882233,297.332242589224,3.6027386994291
9.8678639089445,497.620298875907,3.66958527667546
559.576753613887,51.6393692074506,4.25359708842626
66.8905864454073,378.348888489133,3.86856074358351
230.481641928782,415.480561676993,3.94519668564281
428.064035612408,15.4035742530477,3.25269956445955
361.795225079253,292.030450477873,3.16848413427434
606.006975669769,105.951017163017,4.2051813723192
393.811484623498,225.286753348019,4.30910017303675
569.50840421706,418.081491956948,4.67408475438441
143.009403971335,284.276835861066,4.65095563250903
196.602299009772,370.330023037913,4.0335061644644
125.618471493714,412.043588075381,3.38120662831134
628.657890493941,308.142638745586,4.68859407141163
2.17838368675515,148.860464402408,4.27868025342064
541.392881217844,205.530199027669,4.11151317210101
34.8969799398292,492.954843163451,3.00552259421355
281.617287069408,21.0918785943921,3.87274153563002
532.735164362974,391.442313754817,3.42907504295578
75.7910467934937,75.1597146068811,5.23347957695058
5.24524955198106,78.3537529793914,3.40579012735766
585.228204931862,224.121166800391,3.90413679848713
442.076223890662,459.49190989088,4.7663877127366
659.902230144468,376.239422236071,3.12233198508823
105.133359655927,486.31410186501,4.39379111983966
624.743221738558,95.4832779726319,4.04409908401131
421.394562733385,264.040297003115,3.59553442898431
12.9127248989633,180.929943854171,3.28348166759274
79.3698655131187,115.795087487689,4.25300895559656
592.213600718655,206.633119427729,4.4584125237313
254.858656105328,218.04121103906,3.46087586080136
560.812490563039,436.775402576982,3.93306527167731
306.379017711155,140.829406272911,3.85345294828584
530.327718690487,455.007709304149,3.63144824379724
54.8952149528618,424.711869510456,3.70919657095538
199.440958652178,299.419006874964,4.03760440144912
538.962593246005,264.213363824053,3.76342332966686
171.813521833941,29.5795254532911,4.02191501430679
495.39187902732,338.82185926365,4.46414703056364
35.1378981110613,47.8580426407085,4.41170265050501
536.141900414878,132.212044242136,4.37053790508897
NA,NA,NA
658.138278448534,335.620637476546,3.51627605966707
456.898335214499,298.320348863606,3.79536505637086
9.28149854578194,489.672968332127,3.6417620555193
562.79223687823,52.1612576036747,4.06054211559327
73.8104195526222,379.216845265888,4.08361870994034
230.330044869517,410.719183087707,3.76898568896054
426.766737867778,11.0618609711129,3.25915345728985
361.492924286604,291.334932254359,3.02458394159339
599.428797447112,106.197732521991,4.30937180809221
395.104414306995,227.890154845673,4.25815657771173
568.762239657543,409.575955368603,4.77118121833014
137.841740351948,276.935742676037,4.62378665775023
201.186228736758,368.089088382258,4.04681529564502
124.302529359183,415.278398231941,3.43668072026287
624.657056199057,312.040053824974,4.62780722285021
0.214123815578955,150.494203334831,4.19598707073261
540.648947366834,201.665045237884,4.31408634105275
34.8318324068502,491.042406753388,3.04379115255578
280.444150289754,22.3797504345265,3.96801044235579
532.358723974711,393.012672943177,3.49818017698105
75.1561587644373,87.9393133699968,5.27778704907277
3.29700202219486,77.9619859153399,3.57607373399547
589.547577034636,225.28932691626,4.10016314585986
439.779490930612,458.193215700673,4.77008027555956
658.563325016337,373.335980033589,3.03122042434433
103.710540025632,481.859252928688,4.34856254161673
622.073869996808,90.2134186093942,4.05118730938036
418.242183969796,259.46213334865,3.67671402617269
11.1258077016149,182.293032341529,3.3126765265566
61.7185976143866,111.649854362571,4.27915497801759
617.141876498529,205.903257012681,4.49378982889415
252.774526015663,222.744779629851,3.78634667187276
569.923517551448,419.313975300463,3.98161130358712
299.248829182521,133.139278961498,3.86832506937273
527.264065855386,449.943414437921,3.38467809795505
53.6642697437372,424.930016396196,3.76269438327781
202.416683040014,290.819029735462,4.09311165590225
554.585358688103,255.728052586698,3.8936724945553
183.3448986478,37.5690836445681,4.32096434190083
507.797803169542,351.521828283845,4.4829420462815
34.9443941691057,46.8589985784511,3.75616551962314
529.122656032078,162.827475678892,4.24902643742377
NA,NA,NA
658.138278448534,335.620637476546,3.51627605966707
456.898335214499,298.320348863606,3.79536505637086
9.28149854578194,489.672968332127,3.6417620555193
562.79223687823,52.1612576036747,4.06054211559327
73.8104195526222,379.216845265888,4.08361870994034
230.330044869517,410.719183087707,3.76898568896054
426.766737867778,11.0618609711129,3.25915345728985
361.492924286604,291.334932254359,3.02458394159339
599.428797447112,106.197732521991,4.30937180809221
395.104414306995,227.890154845673,4.25815657771173
568.762239657543,409.575955368603,4.77118121833014
137.841740351948,276.935742676037,4.62378665775023
201.186228736758,368.089088382258,4.04681529564502
124.302529359183,415.278398231941,3.43668072026287
624.657056199057,312.040053824974,4.62780722285021
0.214123815578955,150.494203334831,4.19598707073261
540.648947366834,201.665045237884,4.31408634105275
34.8318324068502,491.042406753388,3.04379115255578
280.444150289754,22.3797504345265,3.96801044235579
532.358723974711,393.012672943177,3.49818017698105
75.1561587644373,87.9393133699968,5.27778704907277
3.29700202219486,77.9619859153399,3.57607373399547
589.547577034636,225.28932691626,4.10016314585986
439.779490930612,458.193215700673,4.77008027555956
658.563325016337,373.335980033589,3.03122042434433
103.710540025632,481.859252928688,4.34856254161673
622.073869996808,90.2134186093942,4.05118730938036
418.242183969796,259.46213334865,3.67671402617269
11.1258077016149,182.293032341529,3.3126765265566
61.7185976143866,111.649854362571,4.27915497801759
617.141876498529,205.903257012681,4.49378982889415
252.774526015663,222.744779629851,3.78634667187276
569.923517551448,419.313975300463,3.98161130358712
299.248829182521,133.139278961498,3.86832506937273
527.264065855386,449.943414437921,3.38467809795505
53.6642697437372,424.930016396196,3.76269438327781
202.416683040014,290.819029735462,4.09311165590225
554.585358688103,255.728052586698,3.8936724945553
183.3448986478,37.5690836445681,4.32096434190083
507.797803169542,351.521828283845,4.4829420462815
34.9443941691057,46.8589985784511,3.75616551962314
529.122656032078,162.827475678892,4.24902643742377
NA,NA,NA
658.138278448534,335.620637476546,3.51627605966707
456.898335214499,298.320348863606,3.79536505637086
9.28149854578194,489.672968332127,3.6417620555193
562.79223687823,52.1612576036747,4.06054211559327
73.8104195526222,379.216845265888,4.08361870994034
230.330044869517,410.719183087707,3.76898568896054
426.766737867778,11.0618609711129,3.25915345728985
361.492924286604,291.334932254359,3.02458394159339
599.428797447112,106.197732521991,4.30937180809221
395.104414306995,227.890154845673,4.25815657771173
568.762239657543,409.575955368603,4.77118121833014
137.841740351948,276.935742676037,4.62378665775023
201.186228736758,368.089088382258,4.04681529564502
124.302529359183,415.278398231941,3.43668072026287
624.657056199057,312.040053824974,4.62780722285021
0.214123815578955,150.494203334831,4.19598707073261
540.648947366834,201.665045237884,4.31408634105275
34.8318324068502,491.042406753388,3.04379115255578
280.444150289754,22.3797504345265,3.96801044235579
532.358723974711,393.012672943177,3.49818017698105
75.1561587644373,87.9393133699968,5.27778704907277
3.29700202219486,77.9619859153399,3.57607373399547
589.547577034636,225.28932691626,4.10016314585986
439.779490930612,458.193215700673,4.77008027555956
658.563325016337,373.335980033589,3.03122042434433
103.710540025632,481.859252928688,4.34856254161673
622.073869996808,90.2134186093942,4.05118730938036
418.242183969796,259.46213334865,3.67671402617269
11.1258077016149,182.293032341529,3.3126765265566
61.7185976143866,111.649854362571,4.27915497801759
617.141876498529,205.903257012681,4.49378982889415
252.774526015663,222.744779629851,3.78634667187276
569.923517551448,419.313975300463,3.98161130358712
299.248829182521,133.139278961498,3.86832506937273
527.264065855386,449.943414437921,3.38467809795505
53.6642697437372,424.930016396196,3.76269438327781
202.416683040014,290.819029735462,4.09311165590225
554.585358688103,255.728052586698,3.8936724945553
183.3448986478,37.5690836445681,4.32096434190083
507.797803169542,351.521828283845,4.4829420462815
34.9443941691057,46.8589985784511,3.75616551962314
529.122656032078,162.827475678892,4.24902643742377
NA,NA,NA
658.138278448534,335.620637476546,3.51627605966707
456.898335214499,298.320348863606,3.79536505637086
9.28149854578194,489.672968332127,3.6417620555193
562.79223687823,52.1612576036747,4.06054211559327
73.8104195526222,379.216845265888,4.08361870994034
230.330044869517,410.719183087707,3.76898568896054
426.766737867778,11.0618609711129,3.25915345728985
361.492924286604,291.334932254359,3.02458394159339
599.428797447112,106.197732521991,4.30937180809221
395.104414306995,227.890154845673,4.25815657771173
568.762239657543,409.575955368603,4.77118121833014
137.841740351948,276.935742676037,4.62378665775023
201.186228736758,368.089088382258,4.04681529564502
124.302529359183,415.278398231941,3.43668072026287
624.657056199057,312.040053824974,4.62780722285021
0.214123815578955,150.494203334831,4.19598707073261
540.648947366834,201.665045237884,4.31408634105275
34.8318324068502,491.042406753388,3.04379115255578
280.444150289754,22.3797504345265,3.96801044235579
532.358723974711,393.012672943177,3.49818017698105
75.1561587644373,87.9393133699968,5.27778704907277
3.29700202219486,77.9619859153399,3.57607373399547
589.547577034636,225.28932691626,4.10016314585986
439.779490930612,458.193215700673,4.77008027555956
658.563325016337,373.335980033589,3.03122042434433
103.710540025632,481.859252928688,4.34856254161673
622.073869996808,90.2134186093942,4.05118730938036
418.242183969796,259.46213334865,3.67671402617269
11.1258077016149,182.293032341529,3.3126765265566
61.7185976143866,111.649854362571,4.27915497801759
617.141876498529,205.903257012681,4.49378982889415
252.774526015663,222.744779629851,3.78634667187276
569.923517551448,419.313975300463,3.98161130358712
299.248829182521,133.139278961498,3.86832506937273
527.264065855386,449.943414437921,3.38467809795505
53.6642697437372,424.930016396196,3.76269438327781
202.416683040014,290.819029735462,4.09311165590225
554.585358688103,255.728052586698,3.8936724945553
183.3448986478,37.5690836445681,4.32096434190083
507.797803169542,351.521828283845,4.4829420462815
34.9443941691057,46.8589985784511,3.75616551962314
529.122656032078,162.827475678892,4.24902643742377
NA,NA,NA
658.138278448534,335.620637476546,3.51627605966707
456.898335214499,298.320348863606,3.79536505637086
9.28149854578194,489.672968332127,3.6417620555193
562.79223687823,52.1612576036747,4.06054211559327
73.8104195526222,379.216845265888,4.08361870994034
230.330044869517,410.719183087707,3.76898568896054
426.766737867778,11.0618609711129,3.25915345728985
361.492924286604,291.334932254359,3.02458394159339
599.428797447112,106.197732521991,4.30937180809221
395.104414306995,227.890154845673,4.25815657771173
568.762239657543,409.575955368603,4.77118121833014
137.841740351948,276.935742676037,4.62378665775023
201.186228736758,368.089088382258,4.04681529564502
124.302529359183,415.278398231941,3.43668072026287
624.657056199057,312.040053824974,4.62780722285021
0.214123815578955,150.494203334831,4.19598707073261
540.648947366834,201.665045237884,4.31408634105275
34.8318324068502,491.042406753388,3.04379115255578
280.444150289754,22.3797504345265,3.96801044235579
532.358723974711,393.012672943177,3.49818017698105
75.1561587644373,87.9393133699968,5.27778704907277
3.29700202219486,77.9619859153399,3.57607373399547
589.547577034636,225.28932691626,4.10016314585986
439.779490930612,458.193215700673,4.77008027555956
658.563325016337,373.335980033589,3.03122042434433
103.710540025632,481.859252928688,4.34856254161673
622.073869996808,90.2134186093942,4.05118730938036
418.242183969796,259.46213334865,3.67671402617269
11.1258077016149,182.293032341529,3.3126765265566
61.7185976143866,111.649854362571,4.27915497801759
617.141876498529,205.903257012681,4.49378982889415
252.774526015663,222.744779629851,3.78634667187276
569.923517551448,419.313975300463,3.98161130358712
299.248829182521,133.139278961498,3.86832506937273
527.264065855386,449.943414437921,3.38467809795505
53.6642697437372,424.930016396196,3.76269438327781
202.416683040014,290.819029735462,4.09311165590225
554.585358688103,255.728052586698,3.8936724945553
183.3448986478,37.5690836445681,4.32096434190083
507.797803169542,351.521828283845,4.4829420462815
34.9443941691057,46.8589985784511,3.75616551962314
529.122656032078,162.827475678892,4.24902643742377
NA,NA,NA
658.138278448534,335.620637476546,3.51627605966707
456.898335214499,298.320348863606,3.79536505637086
9.28149854578194,489.672968332127,3.6417620555193
562.79223687823,52.1612576036747,4.06054211559327
73.8104195526222,379.216845265888,4.08361870994034
230.330044869517,410.719183087707,3.76898568896054
426.766737867778,11.0618609711129,3.25915345728985
361.492924286604,291.334932254359,3.02458394159339
599.428797447112,106.197732521991,4.30937180809221
395.104414306995,227.890154845673,4.25815657771173
568.762239657543,409.575955368603,4.77118121833014
137.841740351948,276.935742676037,4.62378665775023
201.186228736758,368.089088382258,4.04681529564502
124.302529359183,415.278398231941,3.43668072026287
624.657056199057,312.040053824974,4.62780722285021
0.214123815578955,150.494203334831,4.19598707073261
540.648947366834,201.665045237884,4.31408634105275
34.8318324068502,491.042406753388,3.04379115255578
280.444150289754,22.3797504345265,3.96801044235579
532.358723974711,393.012672943177,3.49818017698105
75.1561587644373,87.9393133699968,5.27778704907277
3.29700202219486,77.9619859153399,3.57607373399547
589.547577034636,225.28932691626,4.10016314585986
439.779490930612,458.193215700673,4.77008027555956
658.563325016337,373.335980033589,3.03122042434433
103.710540025632,481.859252928688,4.34856254161673
622.073869996808,90.2134186093942,4.05118730938036
418.242183969796,259.46213334865,3.67671402617269
11.1258077016149,182.293032341529,3.3126765265566
61.7185976143866,111.649854362571,4.27915497801759
617.141876498529,205.903257012681,4.49378982889415
252.774526015663,222.744779629851,3.78634667187276
569.923517551448,419.313975300463,3.98161130358712
299.248829182521,133.139278961498,3.86832506937273
527.264065855386,449.943414437921,3.38467809795505
53.6642697437372,424.930016396196,3.76269438327781
202.416683040014,290.819029735462,4.09311165590225
554.585358688103,255.728052586698,3.8936724945553
183.3448986478,37.5690836445681,4.32096434190083
507.797803169542,351.521828283845,4.4829420462815
34.9443941691057,46.8589985784511,3.75616551962314
529.122656032078,162.827475678892,4.24902643742377
NA,NA,NA
662.073477035811,332.624917011027,3.37687616990606
458.124276542706,297.568098715314,3.59125322189491
11.4132432911386,495.399238049564,3.51182308491841
561.52637145336,52.0637352803292,4.18286893307558
67.5586766523923,374.155404238069,3.99607888265871
226.518742219739,416.877815181854,3.79988400200135
427.754772780213,13.1683987132111,3.32911445053571
361.716994219017,292.355792830309,3.12605010688993
600.698104179643,104.041348879192,4.25585701080695
394.76026984755,227.788994383137,4.17770145484432
567.953964734478,408.421688913521,4.75347930303507
139.602551513263,287.9851675448,4.61896601766805
192.746736027106,372.422231118195,4.04936459978932
124.292829908731,406.600161183483,3.38117618461407
621.79524973411,315.531906022367,4.49141696933627
5.28676180239217,144.530022557956,4.26559189343771
539.041472257527,203.14868743614,4.17237098802159
35.2961012030399,488.485283647135,3.0716040323178
279.354984738046,22.2728030394308,4.1551201047724
534.039565408912,390.862761097884,3.41996860559949
69.5286427403015,81.0652891456976,5.21676376304261
4.48506944172054,75.4993451858178,3.51174437930522
588.567855107471,226.040533929509,4.08784364090966
443.812805714939,453.90301326616,4.76072923050049
660.925807040317,373.155687715323,2.74564724907584
104.937095447176,486.628962285511,4.31220560703511
624.441329702916,90.7472879866333,4.12709524888486
420.026477695197,257.539141113146,3.67133062636187
9.79013745955537,184.199540628459,3.16135619621487
81.5775091465816,116.94979898116,4.55377412286717
622.14939758145,195.425833010337,4.27576930548834
257.569737000269,225.170176316685,3.62567844115081
581.308483153774,435.711763690989,3.81124050068561
304.056821369243,133.19527447933,3.80739574940569
532.458349909297,459.680677984469,3.53300741385508
49.9559423807384,416.826898673994,3.65190648205082
197.583991870436,287.993318957389,4.1897954173993
549.506787102885,258.053397935491,3.73228489079989
165.364252655681,29.1944100500493,4.10553222294058
511.90399452501,342.281746490674,4.72022125520491
36.5348906207189,51.0975634473652,3.78814331937306
541.358008367092,131.992810053201,4.43551926873941
NA,NA,NA
662.073477035811,332.624917011027,3.37687616990606
458.124276542706,297.568098715314,3.59125322189491
11.4132432911386,495.399238049564,3.51182308491841
561.52637145336,52.0637352803292,4.18286893307558
67.5586766523923,374.155404238069,3.99607888265871
226.518742219739,416.877815181854,3.79988400200135
427.754772780213,13.1683987132111,3.32911445053571
361.716994219017,292.355792830309,3.12605010688993
600.698104179643,104.041348879192,4.25585701080695
394.76026984755,227.788994383137,4.17770145484432
567.953964734478,408.421688913521,4.75347930303507
139.602551513263,287.9851675448,4.61896601766805
192.746736027106,372.422231118195,4.04936459978932
124.292829908731,406.600161183483,3.38117618461407
621.79524973411,315.531906022367,4.49141696933627
5.28676180239217,144.530022557956,4.26559189343771
539.041472257527,203.14868743614,4.17237098802159
35.2961012030399,488.485283647135,3.0716040323178
279.354984738046,22.2728030394308,4.1551201047724
534.039565408912,390.862761097884,3.41996860559949
69.5286427403015,81.0652891456976,5.21676376304261
4.48506944172054,75.4993451858178,3.51174437930522
588.567855107471,226.040533929509,4.08784364090966
443.812805714939,453.90301326616,4.76072923050049
660.925807040317,373.155687715323,2.74564724907584
104.937095447176,486.628962285511,4.31220560703511
624.441329702916,90.7472879866333,4.12709524888486
420.026477695197,257.539141113146,3.67133062636187
9.79013745955537,184.199540628459,3.16135619621487
81.5775091465816,116.94979898116,4.55377412286717
622.14939758145,195.425833010337,4.27576930548834
257.569737000269,225.170176316685,3.62567844115081
581.308483153774,435.711763690989,3.81124050068561
304.056821369243,133.19527447933,3.80739574940569
532.458349909297,459.680677984469,3.53300741385508
49.9559423807384,416.826898673994,3.65190648205082
197.583991870436,287.993318957389,4.1897954173993
549.506787102885,258.053397935491,3.73228489079989
165.364252655681,29.1944100500493,4.10553222294058
511.90399452501,342.281746490674,4.72022125520491
36.5348906207189,51.0975634473652,3.78814331937306
541.358008367092,131.992810053201,4.43551926873941
NA,NA,NA
662.073477035811,332.624917011027,3.37687616990606
458.124276542706,297.568098715314,3.59125322189491
11.4132432911386,495.399238049564,3.51182308491841
561.52637145336,52.0637352803292,4.18286893307558
67.5586766523923,374.155404238069,3.99607888265871
226.518742219739,416.877815181854,3.79988400200135
427.754772780213,13.1683987132111,3.32911445053571
361.716994219017,292.355792830309,3.12605010688993
600.698104179643,104.041348879192,4.25585701080695
394.76026984755,227.788994383137,4.17770145484432
567.953964734478,408.421688913521,4.75347930303507
139.602551513263,287.9851675448,4.61896601766805
192.746736027106,372.422231118195,4.04936459978932
124.292829908731,406.600161183483,3.38117618461407
621.79524973411,315.531906022367,4.49141696933627
5.28676180239217,144.530022557956,4.26559189343771
539.041472257527,203.14868743614,4.17237098802159
35.2961012030399,488.485283647135,3.0716040323178
279.354984738046,22.2728030394308,4.1551201047724
534.039565408912,390.862761097884,3.41996860559949
69.5286427403015,81.0652891456976,5.21676376304261
4.48506944172054,75.4993451858178,3.51174437930522
588.567855107471,226.040533929509,4.08784364090966
443.812805714939,453.90301326616,4.76072923050049
660.925807040317,373.155687715323,2.74564724907584
104.937095447176,486.628962285511,4.31220560703511
624.441329702916,90.7472879866333,4.12709524888486
420.026477695197,257.539141113146,3.67133062636187
9.79013745955537,184.199540628459,3.16135619621487
81.5775091465816,116.94979898116,4.55377412286717
622.14939758145,195.425833010337,4.27576930548834
257.569737000269,225.170176316685,3.62567844115081
581.308483153774,435.711763690989,3.81124050068561
304.056821369243,133.19527447933,3.80739574940569
532.458349909297,459.680677984469,3.53300741385508
49.9559423807384,416.826898673994,3.65190648205082
197.583991870436,287.993318957389,4.1897954173993
549.506787102885,258.053397935491,3.73228489079989
165.364252655681,29.1944100500493,4.10553222294058
511.90399452501,342.281746490674,4.72022125520491
36.5348906207189,51.0975634473652,3.78814331937306
541.358008367092,131.992810053201,4.43551926873941
NA,NA,NA
662.073477035811,332.624917011027,3.37687616990606
458.124276542706,297.568098715314,3.59125322189491
11.4132432911386,495.399238049564,3.51182308491841
561.52637145336,52.0637352803292,4.18286893307558
67.5586766523923,374.155404238069,3.99607888265871
226.518742219739,416.877815181854,3.79988400200135
427.754772780213,13.1683987132111,3.32911445053571
361.716994219017,292.355792830309,3.12605010688993
600.698104179643,104.041348879192,4.25585701080695
394.76026984755,227.788994383137,4.17770145484432
567.953964734478,408.421688913521,4.75347930303507
139.602551513263,287.9851675448,4.61896601766805
192.746736027106,372.422231118195,4.04936459978932
124.292829908731,406.600161183483,3.38117618461407
621.79524973411,315.531906022367,4.49141696933627
5.28676180239217,144.530022557956,4.26559189343771
539.041472257527,203.14868743614,4.17237098802159
35.2961012030399,488.485283647135,3.0716040323178
279.354984738046,22.2728030394308,4.1551201047724
534.039565408912,390.862761097884,3.41996860559949
69.5286427403015,81.0652891456976,5.21676376304261
4.48506944172054,75.4993451858178,3.51174437930522
588.567855107471,226.040533929509,4.08784364090966
443.812805714939,453.90301326616,4.76072923050049
660.925807040317,373.155687715323,2.74564724907584
104.937095447176,486.628962285511,4.31220560703511
624.441329702916,90.7472879866333,4.12709524888486
420.026477695197,257.539141113146,3.67133062636187
9.79013745955537,184.199540628459,3.16135619621487
81.5775091465816,116.94979898116,4.55377412286717
622.14939758145,195.425833010337,4.27576930548834
257.569737000269,225.170176316685,3.62567844115081
581.308483153774,435.711763690989,3.81124050068561
304.056821369243,133.19527447933,3.80739574940569
532.458349909297,459.680677984469,3.53300741385508
49.9559423807384,416.826898673994,3.65190648205082
197.583991870436,287.993318957389,4.1897954173993
549.506787102885,258.053397935491,3.73228489079989
165.364252655681,29.1944100500493,4.10553222294058
511.90399452501,342.281746490674,4.72022125520491
36.5348906207189,51.0975634473652,3.78814331937306
541.358008367092,131.992810053201,4.43551926873941
NA,NA,NA
662.073477035811,332.624917011027,3.37687616990606
458.124276542706,297.568098715314,3.59125322189491
11.4132432911386,495.399238049564,3.51182308491841
561.52637145336,52.0637352803292,4.18286893307558
67.5586766523923,374.155404238069,3.99607888265871
226.518742219739,416.877815181854,3.79988400200135
427.754772780213,13.1683987132111,3.32911445053571
361.716994219017,292.355792830309,3.12605010688993
600.698104179643,104.041348879192,4.25585701080695
394.76026984755,227.788994383137,4.17770145484432
567.953964734478,408.421688913521,4.75347930303507
139.602551513263,287.9851675448,4.61896601766805
192.746736027106,372.422231118195,4.04936459978932
124.292829908731,406.600161183483,3.38117618461407
621.79524973411,315.531906022367,4.49141696933627
5.28676180239217,144.530022557956,4.26559189343771
539.041472257527,203.14868743614,4.17237098802159
35.2961012030399,488.485283647135,3.0716040323178
279.354984738046,22.2728030394308,4.1551201047724
534.039565408912,390.862761097884,3.41996860559949
69.5286427403015,81.0652891456976,5.21676376304261
4.48506944172054,75.4993451858178,3.51174437930522
588.567855107471,226.040533929509,4.08784364090966
443.812805714939,453.90301326616,4.76072923050049
660.925807040317,373.155687715323,2.74564724907584
104.937095447176,486.628962285511,4.31220560703511
624.441329702916,90.7472879866333,4.12709524888486
420.026477695197,257.539141113146,3.67133062636187
9.79013745955537,184.199540628459,3.16135619621487
81.5775091465816,116.94979898116,4.55377412286717
622.14939758145,195.425833010337,4.27576930548834
257.569737000269,225.170176316685,3.62567844115081
581.308483153774,435.711763690989,3.81124050068561
304.056821369243,133.19527447933,3.80739574940569
532.458349909297,459.680677984469,3.53300741385508
49.9559423807384,416.826898673994,3.65190648205082
197.583991870436,287.993318957389,4.1897954173993
549.506787102885,258.053397935491,3.73228489079989
165.364252655681,29.1944100500493,4.10553222294058
511.90399452501,342.281746490674,4.72022125520491
36.5348906207189,51.0975634473652,3.78814331937306
541.358008367092,131.992810053201,4.43551926873941
NA,NA,NA
662.073477035811,332.624917011027,3.37687616990606
458.124276542706,297.568098715314,3.59125322189491
11.4132432911386,495.399238049564,3.51182308491841
561.52637145336,52.0637352803292,4.18286893307558
67.5586766523923,374.155404238069,3.99607888265871
226.518742219739,416.877815181854,3.79988400200135
427.754772780213,13.1683987132111,3.32911445053571
361.716994219017,292.355792830309,3.12605010688993
600.698104179643,104.041348879192,4.25585701080695
394.76026984755,227.788994383137,4.17770145484432
567.953964734478,408.421688913521,4.75347930303507
139.602551513263,287.9851675448,4.61896601766805
192.746736027106,372.422231118195,4.04936459978932
124.292829908731,406.600161183483,3.38117618461407
621.79524973411,315.531906022367,4.49141696933627
5.28676180239217,144.530022557956,4.26559189343771
539.041472257527,203.14868743614,4.17237098802159
35.2961012030399,488.485283647135,3.0716040323178
279.354984738046,22.2728030394308,4.1551201047724
534.039565408912,390.862761097884,3.41996860559949
69.5286427403015,81.0652891456976,5.21676376304261
4.48506944172054,75.4993451858178,3.51174437930522
588.567855107471,226.040533929509,4.08784364090966
443.812805714939,453.90301326616,4.76072923050049
660.925807040317,373.155687715323,2.74564724907584
104.937095447176,486.628962285511,4.31220560703511
624.441329702916,90.7472879866333,4.12709524888486
420.026477695197,257.539141113146,3.67133062636187
9.79013745955537,184.199540628459,3.16135619621487
81.5775091465816,116.94979898116,4.55377412286717
622.14939758145,195.425833010337,4.27576930548834
257.569737000269,225.170176316685,3.62567844115081
581.308483153774,435.711763690989,3.81124050068561
304.056821369243,133.19527447933,3.80739574940569
532.458349909297,459.680677984469,3.53300741385508
49.9559423807384,416.826898673994,3.65190648205082
197.583991870436,287.993318957389,4.1897954173993
549.506787102885,258.053397935491,3.73228489079989
165.364252655681,29.1944100500493,4.10553222294058
511.90399452501,342.281746490674,4.72022125520491
36.5348906207189,51.0975634473652,3.78814331937306
541.358008367092,131.992810053201,4.43551926873941
NA,NA,NA
664.163336284957,331.636874693549,3.51823065654293
454.378529543579,299.280293364355,3.55428899359499
14.6870470460731,494.081408035858,3.65156157891102
556.27832406537,47.2218554001082,4.30897813724557
71.4448803764456,375.472615796379,3.79315204725674
225.443749229362,415.420482429355,3.9130243531299
427.134409000971,11.2920956777426,3.19420711195715
359.703633513735,292.397259275274,3.01418827283628
603.848651063122,102.916843825953,4.22591654588719
394.095208656172,230.011556566153,4.21340000060771
567.692185441541,405.499567091349,4.68121904738861
135.309041685186,284.873144316729,4.52191415853309
199.609315065987,369.219983283259,3.97531115910526
125.824055777969,409.161705028701,3.45845966108747
623.427022139694,311.003915140011,4.52967762559129
-2.6767952368606,146.448439259029,4.24155392312329
540.664273743229,202.21180896277,4.2638458890104
31.8632502355865,491.669061305516,2.94749750972277
281.416612260297,25.2025982240068,3.8568973443712
533.767779966587,394.956534657681,3.30600224468389
75.2706910568526,75.9610536606847,5.12229423481596
8.57963098638475,75.5844237061424,3.44470504193398
592.991917197171,228.006445220782,4.12399389258589
439.664200081291,466.840730718465,4.72181760876394
658.745161571603,375.911536552529,3.26155306656315
99.783293287,489.732190169329,4.34491309499002
620.691189985037,88.196789397788,4.08887519209664
420.685270864707,258.856547740936,3.63963337465576
12.101189780217,182.235204916707,3.27042903022523
73.3888520016011,119.228570276058,4.33026683703309
613.662981090182,191.800693151077,4.52445706525566
257.759996090828,220.412932565953,4.00043906204341
573.160967574358,426.930546374243,3.63002962313474
303.326425003773,142.067718073225,3.83972883640494
524.865469143538,458.184821884471,3.39003055722983
43.17535333148,413.165935515175,3.91231859059607
201.753528133229,297.852936155875,3.99240036426976
545.207086911708,263.368251796555,3.79509925345147
184.175770919916,36.025418476542,4.45476278889838
492.105985100493,343.116814676377,4.50620968744913
33.654895571565,53.5993988101898,3.78998548170169
536.38203746691,136.802657226876,4.53919783173398
NA,NA,NA
664.163336284957,331.636874693549,3.51823065654293
454.378529543579,299.280293364355,3.55428899359499
14.6870470460731,494.081408035858,3.65156157891102
556.27832406537,47.2218554001082,4.30897813724557
71.4448803764456,375.472615796379,3.79315204725674
225.443749229362,415.420482429355,3.9130243531299
427.134409000971,11.2920956777426,3.19420711195715
359.703633513735,292.397259275274,3.01418827283628
603.848651063122,102.916843825953,4.22591654588719
394.095208656172,230.011556566153,4.21340000060771
567.692185441541,405.499567091349,4.68121904738861
135.309041685186,284.873144316729,4.52191415853309
199.609315065987,369.219983283259,3.97531115910526
125.824055777969,409.161705028701,3.45845966108747
623.427022139694,311.003915140011,4.52967762559129
-2.6767952368606,146.448439259029,4.24155392312329
540.664273743229,202.21180896277,4.2638458890104
31.8632502355865,491.669061305516,2.94749750972277
281.416612260297,25.2025982240068,3.8568973443712
533.767779966587,394.956534657681,3.30600224468389
75.2706910568526,75.9610536606847,5.12229423481596
8.57963098638475,75.5844237061424,3.44470504193398
592.991917197171,228.006445220782,4.12399389258589
439.664200081291,466.840730718465,4.72181760876394
658.745161571603,375.911536552529,3.26155306656315
99.783293287,489.732190169329,4.34491309499002
620.691189985037,88.196789397788,4.08887519209664
420.685270864707,258.856547740936,3.63963337465576
12.101189780217,182.235204916707,3.27042903022523
73.3888520016011,119.228570276058,4.33026683703309
613.662981090182,191.800693151077,4.52445706525566
257.759996090828,220.412932565953,4.00043906204341
573.160967574358,426.930546374243,3.63002962313474
303.326425003773,142.067718073225,3.83972883640494
524.865469143538,458.184821884471,3.39003055722983
43.17535333148,413.165935515175,3.91231859059607
201.753528133229,297.852936155875,3.99240036426976
545.207086911708,263.368251796555,3.79509925345147
184.175770919916,36.025418476542,4.45476278889838
492.105985100493,343.116814676377,4.50620968744913
33.654895571565,53.5993988101898,3.78998548170169
536.38203746691,136.802657226876,4.53919783173398
NA,NA,NA
664.163336284957,331.636874693549,3.51823065654293
454.378529543579,299.280293364355,3.55428899359499
14.6870470460731,494.081408035858,3.65156157891102
556.27832406537,47.2218554001082,4.30897813724557
71.4448803764456,375.472615796379,3.79315204725674
225.443749229362,415.420482429355,3.9130243531299
427.134409000971,11.2920956777426,3.19420711195715
359.703633513735,292.397259275274,3.01418827283628
603.848651063122,102.916843825953,4.22591654588719
394.095208656172,230.011556566153,4.21340000060771
567.692185441541,405.499567091349,4.68121904738861
135.309041685186,284.873144316729,4.52191415853309
199.609315065987,369.219983283259,3.97531115910526
125.824055777969,409.161705028701,3.45845966108747
623.427022139694,311.003915140011,4.52967762559129
-2.6767952368606,146.448439259029,4.24155392312329
540.664273743229,202.21180896277,4.2638458890104
31.8632502355865,491.669061305516,2.94749750972277
281.416612260297,25.2025982240068,3.8568973443712
533.767779966587,394.956534657681,3.30600224468389
75.2706910568526,75.9610536606847,5.12229423481596
8.57963098638475,75.5844237061424,3.44470504193398
592.991917197171,228.006445220782,4.12399389258589
439.664200081291,466.840730718465,4.72181760876394
658.745161571603,375.911536552529,3.26155306656315
99.783293287,489.732190169329,4.34491309499002
620.691189985037,88.196789397788,4.08887519209664
420.685270864707,258.856547740936,3.63963337465576
12.101189780217,182.235204916707,3.27042903022523
73.3888520016011,119.228570276058,4.33026683703309
613.662981090182,191.800693151077,4.52445706525566
257.759996090828,220.412932565953,4.00043906204341
573.160967574358,426.930546374243,3.63002962313474
303.326425003773,142.067718073225,3.83972883640494
524.865469143538,458.184821884471,3.39003055722983
43.17535333148,413.165935515175,3.91231859059607
201.753528133229,297.852936155875,3.99240036426976
545.207086911708,263.368251796555,3.79509925345147
184.175770919916,36.025418476542,4.45476278889838
492.105985100493,343.116814676377,4.50620968744913
33.654895571565,53.5993988101898,3.78998548170169
536.38203746691,136.802657226876,4.53919783173398
NA,NA,NA
664.163336284957,331.636874693549,3.51823065654293
454.378529543579,299.280293364355,3.55428899359499
14.6870470460731,494.081408035858,3.65156157891102
556.27832406537,47.2218554001082,4.30897813724557
71.4448803764456,375.472615796379,3.79315204725674
225.443749229362,415.420482429355,3.9130243531299
427.134409000971,11.2920956777426,3.19420711195715
359.703633513735,292.397259275274,3.01418827283628
603.848651063122,102.916843825953,4.22591654588719
394.095208656172,230.011556566153,4.21340000060771
567.692185441541,405.499567091349,4.68121904738861
135.309041685186,284.873144316729,4.52191415853309
199.609315065987,369.219983283259,3.97531115910526
125.824055777969,409.161705028701,3.45845966108747
623.427022139694,311.003915140011,4.52967762559129
-2.6767952368606,146.448439259029,4.24155392312329
540.664273743229,202.21180896277,4.2638458890104
31.8632502355865,491.669061305516,2.94749750972277
281.416612260297,25.2025982240068,3.8568973443712
533.767779966587,394.956534657681,3.30600224468389
75.2706910568526,75.9610536606847,5.12229423481596
8.57963098638475,75.5844237061424,3.44470504193398
592.991917197171,228.006445220782,4.12399389258589
439.664200081291,466.840730718465,4.72181760876394
658.745161571603,375.911536552529,3.26155306656315
99.783293287,489.732190169329,4.34491309499002
620.691189985037,88.196789397788,4.08887519209664
420.685270864707,258.856547740936,3.63963337465576
12.101189780217,182.235204916707,3.27042903022523
73.3888520016011,119.228570276058,4.33026683703309
613.662981090182,191.800693151077,4.52445706525566
257.759996090828,220.412932565953,4.00043906204341
573.160967574358,426.930546374243,3.63002962313474
303.326425003773,142.067718073225,3.83972883640494
524.865469143538,458.184821884471,3.39003055722983
43.17535333148,413.165935515175,3.91231859059607
201.753528133229,297.852936155875,3.99240036426976
545.207086911708,263.368251796555,3.79509925345147
184.175770919916,36.025418476542,4.45476278889838
492.105985100493,343.116814676377,4.50620968744913
33.654895571565,53.5993988101898,3.78998548170169
536.38203746691,136.802657226876,4.53919783173398
NA,NA,NA
664.163336284957,331.636874693549,3.51823065654293
454.378529543579,299.280293364355,3.55428899359499
14.6870470460731,494.081408035858,3.65156157891102
556.27832406537,47.2218554001082,4.30897813724557
71.4448803764456,375.472615796379,3.79315204725674
225.443749229362,415.420482429355,3.9130243531299
427.134409000971,11.2920956777426,3.19420711195715
359.703633513735,292.397259275274,3.01418827283628
603.848651063122,102.916843825953,4.22591654588719
394.095208656172,230.011556566153,4.21340000060771
567.692185441541,405.499567091349,4.68121904738861
135.309041685186,284.873144316729,4.52191415853309
199.609315065987,369.219983283259,3.97531115910526
125.824055777969,409.161705028701,3.45845966108747
623.427022139694,311.003915140011,4.52967762559129
-2.6767952368606,146.448439259029,4.24155392312329
540.664273743229,202.21180896277,4.2638458890104
31.8632502355865,491.669061305516,2.94749750972277
281.416612260297,25.2025982240068,3.8568973443712
533.767779966587,394.956534657681,3.30600224468389
75.2706910568526,75.9610536606847,5.12229423481596
8.57963098638475,75.5844237061424,3.44470504193398
592.991917197171,228.006445220782,4.12399389258589
439.664200081291,466.840730718465,4.72181760876394
658.745161571603,375.911536552529,3.26155306656315
99.783293287,489.732190169329,4.34491309499002
620.691189985037,88.196789397788,4.08887519209664
420.685270864707,258.856547740936,3.63963337465576
12.101189780217,182.235204916707,3.27042903022523
73.3888520016011,119.228570276058,4.33026683703309
613.662981090182,191.800693151077,4.52445706525566
257.759996090828,220.412932565953,4.00043906204341
573.160967574358,426.930546374243,3.63002962313474
303.326425003773,142.067718073225,3.83972883640494
524.865469143538,458.184821884471,3.39003055722983
43.17535333148,413.165935515175,3.91231859059607
201.753528133229,297.852936155875,3.99240036426976
545.207086911708,263.368251796555,3.79509925345147
184.175770919916,36.025418476542,4.45476278889838
492.105985100493,343.116814676377,4.50620968744913
33.654895571565,53.5993988101898,3.78998548170169
536.38203746691,136.802657226876,4.53919783173398
NA,NA,NA
664.163336284957,331.636874693549,3.51823065654293
454.378529543579,299.280293364355,3.55428899359499
14.6870470460731,494.081408035858,3.65156157891102
556.27832406537,47.2218554001082,4.30897813724557
71.4448803764456,375.472615796379,3.79315204725674
225.443749229362,415.420482429355,3.9130243531299
427.134409000971,11.2920956777426,3.19420711195715
359.703633513735,292.397259275274,3.01418827283628
603.848651063122,102.916843825953,4.22591654588719
394.095208656172,230.011556566153,4.21340000060771
567.692185441541,405.499567091349,4.68121904738861
135.309041685186,284.873144316729,4.52191415853309
199.609315065987,369.219983283259,3.97531115910526
125.824055777969,409.161705028701,3.45845966108747
623.427022139694,311.003915140011,4.52967762559129
-2.6767952368606,146.448439259029,4.24155392312329
540.664273743229,202.21180896277,4.2638458890104
31.8632502355865,491.669061305516,2.94749750972277
281.416612260297,25.2025982240068,3.8568973443712
533.767779966587,394.956534657681,3.30600224468389
75.2706910568526,75.9610536606847,5.12229423481596
8.57963098638475,75.5844237061424,3.44470504193398
592.991917197171,228.006445220782,4.12399389258589
439.664200081291,466.840730718465,4.72181760876394
658.745161571603,375.911536552529,3.26155306656315
99.783293287,489.732190169329,4.34491309499002
620.691189985037,88.196789397788,4.08887519209664
420.685270864707,258.856547740936,3.63963337465576
12.101189780217,182.235204916707,3.27042903022523
73.3888520016011,119.228570276058,4.33026683703309
613.662981090182,191.800693151077,4.52445706525566
257.759996090828,220.412932565953,4.00043906204341
573.160967574358,426.930546374243,3.63002962313474
303.326425003773,142.067718073225,3.83972883640494
524.865469143538,458.184821884471,3.39003055722983
43.17535333148,413.165935515175,3.91231859059607
201.753528133229,297.852936155875,3.99240036426976
545.207086911708,263.368251796555,3.79509925345147
184.175770919916,36.025418476542,4.45476278889838
492.105985100493,343.116814676377,4.50620968744913
33.654895571565,53.5993988101898,3.78998548170169
536.38203746691,136.802657226876,4.53919783173398
NA,NA,NA
665.476214395004,336.198728493802,3.57677903044073
454.870094968843,298.418112062641,3.59635040783624
14.8730760269004,493.390940907511,3.56919682736345
563.518347166724,52.7592355546481,4.09730110669007
69.4441183831619,375.085168948528,3.8894902633252
229.87265791846,412.357953640529,3.86706232850955
428.578709105074,12.3523434238244,3.46686437943542
362.064329587386,294.56497802743,2.92211246127258
602.449787551107,107.179287503447,4.18835728530767
391.992757965905,229.272361353952,4.21591885020289
567.87786185623,413.705778584804,4.73604649648081
136.960551029804,275.561143185656,4.59603350763946
199.670602123111,371.861247066086,3.96118000790444
124.232588329428,411.50106678156,3.47493945924111
624.910917036222,302.331949770929,4.61473317372008
0.137081235322821,148.524674393973,4.29002770018243
541.596360214682,204.431045480082,4.22781357629019
33.342446559664,492.93691925011,3.01029645422112
278.850766250828,18.7130956052627,3.88231410657364
536.183477575139,391.311183754452,3.39368130452847
81.2755975974746,79.6327237395447,5.31657990693134
2.45847743725957,76.1845103488442,3.47489530018617
585.68441140094,230.526467839046,4.02707152360235
442.061427277366,456.774119052803,4.80526926613035
659.627934596452,374.431119013602,2.93777882177084
105.321755007637,489.818917837874,4.36218855863835
622.658586086449,91.5580915221811,4.08244698622086
424.008397254277,260.258123767394,3.62897776488838
10.6669131251748,182.378539247825,3.31183116138493
74.880686029517,132.994812664521,4.48407580042571
593.459103123772,195.455247848272,4.5007139191712
252.043791684443,222.371616678384,3.78520725205796
574.841397311452,444.252029197362,4.07040348221039
297.641744457255,135.81943556952,3.92185895064073
532.728264692751,452.474873716889,3.52738614275052
38.4282219684262,416.305438077016,3.75010517129633
196.400735307733,294.3906827657,3.96878846953636
554.228362284132,268.829505140945,3.84289419239759
171.81768649672,28.573372101361,4.02328434527636
503.755198515019,347.659253505958,4.42627081954903
41.987119093188,62.87069914436,3.35818871094543
524.91429014023,147.76500011774,4.43461887113788
NA,NA,NA
665.476214395004,336.198728493802,3.57677903044073
454.870094968843,298.418112062641,3.59635040783624
14.8730760269004,493.390940907511,3.56919682736345
563.518347166724,52.7592355546481,4.09730110669007
69.4441183831619,375.085168948528,3.8894902633252
229.87265791846,412.357953640529,3.86706232850955
428.578709105074,12.3523434238244,3.46686437943542
362.064329587386,294.56497802743,2.92211246127258
602.449787551107,107.179287503447,4.18835728530767
391.992757965905,229.272361353952,4.21591885020289
567.87786185623,413.705778584804,4.73604649648081
136.960551029804,275.561143185656,4.59603350763946
199.670602123111,371.861247066086,3.96118000790444
124.232588329428,411.50106678156,3.47493945924111
624.910917036222,302.331949770929,4.61473317372008
0.137081235322821,148.524674393973,4.29002770018243
541.596360214682,204.431045480082,4.22781357629019
33.342446559664,492.93691925011,3.01029645422112
278.850766250828,18.7130956052627,3.88231410657364
536.183477575139,391.311183754452,3.39368130452847
81.2755975974746,79.6327237395447,5.31657990693134
2.45847743725957,76.1845103488442,3.47489530018617
585.68441140094,230.526467839046,4.02707152360235
442.061427277366,456.774119052803,4.80526926613035
659.627934596452,374.431119013602,2.93777882177084
105.321755007637,489.818917837874,4.36218855863835
622.658586086449,91.5580915221811,4.08244698622086
424.008397254277,260.258123767394,3.62897776488838
10.6669131251748,182.378539247825,3.31183116138493
74.880686029517,132.994812664521,4.48407580042571
593.459103123772,195.455247848272,4.5007139191712
252.043791684443,222.371616678384,3.78520725205796
574.841397311452,444.252029197362,4.07040348221039
297.641744457255,135.81943556952,3.92185895064073
532.728264692751,452.474873716889,3.52738614275052
38.4282219684262,416.305438077016,3.75010517129633
196.400735307733,294.3906827657,3.96878846953636
554.228362284132,268.829505140945,3.84289419239759
171.81768649672,28.573372101361,4.02328434527636
503.755198515019,347.659253505958,4.42627081954903
41.987119093188,62.87069914436,3.35818871094543
524.91429014023,147.76500011774,4.43461887113788
NA,NA,NA
665.476214395004,336.198728493802,3.57677903044073
454.870094968843,298.418112062641,3.59635040783624
14.8730760269004,493.390940907511,3.56919682736345
563.518347166724,52.7592355546481,4.09730110669007
69.4441183831619,375.085168948528,3.8894902633252
229.87265791846,412.357953640529,3.86706232850955
428.578709105074,12.3523434238244,3.46686437943542
362.064329587386,294.56497802743,2.92211246127258
602.449787551107,107.179287503447,4.18835728530767
391.992757965905,229.272361353952,4.21591885020289
567.87786185623,413.705778584804,4.73604649648081
136.960551029804,275.561143185656,4.59603350763946
199.670602123111,371.861247066086,3.96118000790444
124.232588329428,411.50106678156,3.47493945924111
624.910917036222,302.331949770929,4.61473317372008
0.137081235322821,148.524674393973,4.29002770018243
541.596360214682,204.431045480082,4.22781357629019
33.342446559664,492.93691925011,3.01029645422112
278.850766250828,18.7130956052627,3.88231410657364
536.183477575139,391.311183754452,3.39368130452847
81.2755975974746,79.6327237395447,5.31657990693134
2.45847743725957,76.1845103488442,3.47489530018617
585.68441140094,230.526467839046,4.02707152360235
442.061427277366,456.774119052803,4.80526926613035
659.627934596452,374.431119013602,2.93777882177084
105.321755007637,489.818917837874,4.36218855863835
622.658586086449,91.5580915221811,4.08244698622086
424.008397254277,260.258123767394,3.62897776488838
10.6669131251748,182.378539247825,3.31183116138493
74.880686029517,132.994812664521,4.48407580042571
593.459103123772,195.455247848272,4.5007139191712
252.043791684443,222.371616678384,3.78520725205796
574.841397311452,444.252029197362,4.07040348221039
297.641744457255,135.81943556952,3.92185895064073
532.728264692751,452.474873716889,3.52738614275052
38.4282219684262,416.305438077016,3.75010517129633
196.400735307733,294.3906827657,3.96878846953636
554.228362284132,268.829505140945,3.84289419239759
171.81768649672,28.573372101361,4.02328434527636
503.755198515019,347.659253505958,4.42627081954903
41.987119093188,62.87069914436,3.35818871094543
524.91429014023,147.76500011774,4.43461887113788
NA,NA,NA
665.476214395004,336.198728493802,3.57677903044073
454.870094968843,298.418112062641,3.59635040783624
14.8730760269004,493.390940907511,3.56919682736345
563.518347166724,52.7592355546481,4.09730110669007
69.4441183831619,375.085168948528,3.8894902633252
229.87265791846,412.357953640529,3.86706232850955
428.578709105074,12.3523434238244,3.46686437943542
362.064329587386,294.56497802743,2.92211246127258
602.449787551107,107.179287503447,4.18835728530767
391.992757965905,229.272361353952,4.21591885020289
567.87786185623,413.705778584804,4.73604649648081
136.960551029804,275.561143185656,4.59603350763946
199.670602123111,371.861247066086,3.96118000790444
124.232588329428,411.50106678156,3.47493945924111
624.910917036222,302.331949770929,4.61473317372008
0.137081235322821,148.524674393973,4.29002770018243
541.596360214682,204.431045480082,4.22781357629019
33.342446559664,492.93691925011,3.01029645422112
278.850766250828,18.7130956052627,3.88231410657364
536.183477575139,391.311183754452,3.39368130452847
81.2755975974746,79.6327237395447,5.31657990693134
2.45847743725957,76.1845103488442,3.47489530018617
585.68441140094,230.526467839046,4.02707152360235
442.061427277366,456.774119052803,4.80526926613035
659.627934596452,374.431119013602,2.93777882177084
105.321755007637,489.818917837874,4.36218855863835
622.658586086449,91.5580915221811,4.08244698622086
424.008397254277,260.258123767394,3.62897776488838
10.6669131251748,182.378539247825,3.31183116138493
74.880686029517,132.994812664521,4.48407580042571
593.459103123772,195.455247848272,4.5007139191712
252.043791684443,222.371616678384,3.78520725205796
574.841397311452,444.252029197362,4.07040348221039
297.641744457255,135.81943556952,3.92185895064073
532.728264692751,452.474873716889,3.52738614275052
38.4282219684262,416.305438077016,3.75010517129633
196.400735307733,294.3906827657,3.96878846953636
554.228362284132,268.829505140945,3.84289419239759
171.81768649672,28.573372101361,4.02328434527636
503.755198515019,347.659253505958,4.42627081954903
41.987119093188,62.87069914436,3.35818871094543
524.91429014023,147.76500011774,4.43461887113788
NA,NA,NA
665.476214395004,336.198728493802,3.57677903044073
454.870094968843,298.418112062641,3.59635040783624
14.8730760269004,493.390940907511,3.56919682736345
563.518347166724,52.7592355546481,4.09730110669007
69.4441183831619,375.085168948528,3.8894902633252
229.87265791846,412.357953640529,3.86706232850955
428.578709105074,12.3523434238244,3.46686437943542
362.064329587386,294.56497802743,2.92211246127258
602.449787551107,107.179287503447,4.18835728530767
391.992757965905,229.272361353952,4.21591885020289
567.87786185623,413.705778584804,4.73604649648081
136.960551029804,275.561143185656,4.59603350763946
199.670602123111,371.861247066086,3.96118000790444
124.232588329428,411.50106678156,3.47493945924111
624.910917036222,302.331949770929,4.61473317372008
0.137081235322821,148.524674393973,4.29002770018243
541.596360214682,204.431045480082,4.22781357629019
33.342446559664,492.93691925011,3.01029645422112
278.850766250828,18.7130956052627,3.88231410657364
536.183477575139,391.311183754452,3.39368130452847
81.2755975974746,79.6327237395447,5.31657990693134
2.45847743725957,76.1845103488442,3.47489530018617
585.68441140094,230.526467839046,4.02707152360235
442.061427277366,456.774119052803,4.80526926613035
659.627934596452,374.431119013602,2.93777882177084
105.321755007637,489.818917837874,4.36218855863835
622.658586086449,91.5580915221811,4.08244698622086
424.008397254277,260.258123767394,3.62897776488838
10.6669131251748,182.378539247825,3.31183116138493
74.880686029517,132.994812664521,4.48407580042571
593.459103123772,195.455247848272,4.5007139191712
252.043791684443,222.371616678384,3.78520725205796
574.841397311452,444.252029197362,4.07040348221039
297.641744457255,135.81943556952,3.92185895064073
532.728264692751,452.474873716889,3.52738614275052
38.4282219684262,416.305438077016,3.75010517129633
196.400735307733,294.3906827657,3.96878846953636
554.228362284132,268.829505140945,3.84289419239759
171.81768649672,28.573372101361,4.02328434527636
503.755198515019,347.659253505958,4.42627081954903
41.987119093188,62.87069914436,3.35818871094543
524.91429014023,147.76500011774,4.43461887113788
NA,NA,NA
665.476214395004,336.198728493802,3.57677903044073
454.870094968843,298.418112062641,3.59635040783624
14.8730760269004,493.390940907511,3.56919682736345
563.518347166724,52.7592355546481,4.09730110669007
69.4441183831619,375.085168948528,3.8894902633252
229.87265791846,412.357953640529,3.86706232850955
428.578709105074,12.3523434238244,3.46686437943542
362.064329587386,294.56497802743,2.92211246127258
602.449787551107,107.179287503447,4.18835728530767
391.992757965905,229.272361353952,4.21591885020289
567.87786185623,413.705778584804,4.73604649648081
136.960551029804,275.561143185656,4.59603350763946
199.670602123111,371.861247066086,3.96118000790444
124.232588329428,411.50106678156,3.47493945924111
624.910917036222,302.331949770929,4.61473317372008
0.137081235322821,148.524674393973,4.29002770018243
541.596360214682,204.431045480082,4.22781357629019
33.342446559664,492.93691925011,3.01029645422112
278.850766250828,18.7130956052627,3.88231410657364
536.183477575139,391.311183754452,3.39368130452847
81.2755975974746,79.6327237395447,5.31657990693134
2.45847743725957,76.1845103488442,3.47489530018617
585.68441140094,230.526467839046,4.02707152360235
442.061427277366,456.774119052803,4.80526926613035
659.627934596452,374.431119013602,2.93777882177084
105.321755007637,489.818917837874,4.36218855863835
622.658586086449,91.5580915221811,4.08244698622086
424.008397254277,260.258123767394,3.62897776488838
10.6669131251748,182.378539247825,3.31183116138493
74.880686029517,132.994812664521,4.48407580042571
593.459103123772,195.455247848272,4.5007139191712
252.043791684443,222.371616678384,3.78520725205796
574.841397311452,444.252029197362,4.07040348221039
297.641744457255,135.81943556952,3.92185895064073
532.728264692751,452.474873716889,3.52738614275052
38.4282219684262,416.305438077016,3.75010517129633
196.400735307733,294.3906827657,3.96878846953636
554.228362284132,268.829505140945,3.84289419239759
171.81768649672,28.573372101361,4.02328434527636
503.755198515019,347.659253505958,4.42627081954903
41.987119093188,62.87069914436,3.35818871094543
524.91429014023,147.76500011774,4.43461887113788
NA,NA,NA
658.402395325817,332.753733872308,3.38952024740902
454.00988743367,297.071136466141,3.73542039192308
10.3959490508756,497.990162673927,3.49192770564349
562.66266788549,51.2685313943398,4.06147123900274
65.5812543265467,378.309975489144,3.89483899586613
227.021784847488,415.129400156611,3.80710475824975
429.611764611275,11.939657022265,3.35078511316349
361.676751228628,290.600695069285,3.08253003608098
600.23708610256,105.287589506338,3.93494121503764
390.709531666274,226.352255722933,4.23119168818874
575.517104820104,405.766256343096,4.74732591741823
140.351155551174,280.377971773985,4.59260104431337
196.770691355437,376.076553481466,3.94354457978249
124.168319557033,409.013116997335,3.43212470482682
624.239747410237,319.182221284897,4.50389522388579
0.503309382500939,147.409768787321,4.30688305538971
541.043595732194,202.278504823209,4.03239592478657
33.5117933031499,491.813818773558,3.05314135947719
280.726282105414,20.005307944604,3.79027218272566
532.855861713615,389.885636146179,3.38631559779559
78.0339207676165,76.1019457008141,5.40878744155333
2.96184315776606,74.3707044651951,3.55059194978876
589.152631385751,219.616417034326,4.02302405439308
436.716255411739,459.464614319792,4.85321983897988
659.882251990108,374.364951249773,2.82117051368308
100.666846894006,490.543737292084,4.42675808581978
622.551624381214,89.8446920313019,4.0807688041766
420.363023290519,260.552910090972,3.64365915235194
12.4862004618035,183.027681638751,3.2218243075845
56.0630354488141,111.665518076463,4.37276959312624
623.09007123294,209.412284053049,4.29538621780903
258.743275985114,222.593825237507,3.90024443302309
570.437258952099,436.575758191446,3.85022233003779
304.161531387549,138.343383686834,3.8465001665596
529.102797721783,458.521667009479,3.60580565475721
43.9314219056594,416.580572219524,4.23812111141987
194.042060783782,288.925820473669,3.85166591892716
546.51530219855,256.128308654048,3.55668995146332
176.185837670946,27.3636266660787,4.3106738443
510.66019057063,345.210262334981,4.52190905035151
46.3956833099664,54.9436130831937,3.45021485220958
538.146050326932,137.457210730426,4.93029975431473
NA,NA,NA
658.402395325817,332.753733872308,3.38952024740902
454.00988743367,297.071136466141,3.73542039192308
10.3959490508756,497.990162673927,3.49192770564349
562.66266788549,51.2685313943398,4.06147123900274
65.5812543265467,378.309975489144,3.89483899586613
227.021784847488,415.129400156611,3.80710475824975
429.611764611275,11.939657022265,3.35078511316349
361.676751228628,290.600695069285,3.08253003608098
600.23708610256,105.287589506338,3.93494121503764
390.709531666274,226.352255722933,4.23119168818874
575.517104820104,405.766256343096,4.74732591741823
140.351155551174,280.377971773985,4.59260104431337
196.770691355437,376.076553481466,3.94354457978249
124.168319557033,409.013116997335,3.43212470482682
624.239747410237,319.182221284897,4.50389522388579
0.503309382500939,147.409768787321,4.30688305538971
541.043595732194,202.278504823209,4.03239592478657
33.5117933031499,491.813818773558,3.05314135947719
280.726282105414,20.005307944604,3.79027218272566
532.855861713615,389.885636146179,3.38631559779559
78.0339207676165,76.1019457008141,5.40878744155333
2.96184315776606,74.3707044651951,3.55059194978876
589.152631385751,219.616417034326,4.02302405439308
436.716255411739,459.464614319792,4.85321983897988
659.882251990108,374.364951249773,2.82117051368308
100.666846894006,490.543737292084,4.42675808581978
622.551624381214,89.8446920313019,4.0807688041766
420.363023290519,260.552910090972,3.64365915235194
12.4862004618035,183.027681638751,3.2218243075845
56.0630354488141,111.665518076463,4.37276959312624
623.09007123294,209.412284053049,4.29538621780903
258.743275985114,222.593825237507,3.90024443302309
570.437258952099,436.575758191446,3.85022233003779
304.161531387549,138.343383686834,3.8465001665596
529.102797721783,458.521667009479,3.60580565475721
43.9314219056594,416.580572219524,4.23812111141987
194.042060783782,288.925820473669,3.85166591892716
546.51530219855,256.128308654048,3.55668995146332
176.185837670946,27.3636266660787,4.3106738443
510.66019057063,345.210262334981,4.52190905035151
46.3956833099664,54.9436130831937,3.45021485220958
538.146050326932,137.457210730426,4.93029975431473
NA,NA,NA
658.402395325817,332.753733872308,3.38952024740902
454.00988743367,297.071136466141,3.73542039192308
10.3959490508756,497.990162673927,3.49192770564349
562.66266788549,51.2685313943398,4.06147123900274
65.5812543265467,378.309975489144,3.89483899586613
227.021784847488,415.129400156611,3.80710475824975
429.611764611275,11.939657022265,3.35078511316349
361.676751228628,290.600695069285,3.08253003608098
600.23708610256,105.287589506338,3.93494121503764
390.709531666274,226.352255722933,4.23119168818874
575.517104820104,405.766256343096,4.74732591741823
140.351155551174,280.377971773985,4.59260104431337
196.770691355437,376.076553481466,3.94354457978249
124.168319557033,409.013116997335,3.43212470482682
624.239747410237,319.182221284897,4.50389522388579
0.503309382500939,147.409768787321,4.30688305538971
541.043595732194,202.278504823209,4.03239592478657
33.5117933031499,491.813818773558,3.05314135947719
280.726282105414,20.005307944604,3.79027218272566
532.855861713615,389.885636146179,3.38631559779559
78.0339207676165,76.1019457008141,5.40878744155333
2.96184315776606,74.3707044651951,3.55059194978876
589.152631385751,219.616417034326,4.02302405439308
436.716255411739,459.464614319792,4.85321983897988
659.882251990108,374.364951249773,2.82117051368308
100.666846894006,490.543737292084,4.42675808581978
622.551624381214,89.8446920313019,4.0807688041766
420.363023290519,260.552910090972,3.64365915235194
12.4862004618035,183.027681638751,3.2218243075845
56.0630354488141,111.665518076463,4.37276959312624
623.09007123294,209.412284053049,4.29538621780903
258.743275985114,222.593825237507,3.90024443302309
570.437258952099,436.575758191446,3.85022233003779
304.161531387549,138.343383686834,3.8465001665596
529.102797721783,458.521667009479,3.60580565475721
43.9314219056594,416.580572219524,4.23812111141987
194.042060783782,288.925820473669,3.85166591892716
546.51530219855,256.128308654048,3.55668995146332
176.185837670946,27.3636266660787,4.3106738443
510.66019057063,345.210262334981,4.52190905035151
46.3956833099664,54.9436130831937,3.45021485220958
538.146050326932,137.457210730426,4.93029975431473
NA,NA,NA
658.402395325817,332.753733872308,3.38952024740902
454.00988743367,297.071136466141,3.73542039192308
10.3959490508756,497.990162673927,3.49192770564349
562.66266788549,51.2685313943398,4.06147123900274
65.5812543265467,378.309975489144,3.89483899586613
227.021784847488,415.129400156611,3.80710475824975
429.611764611275,11.939657022265,3.35078511316349
361.676751228628,290.600695069285,3.08253003608098
600.23708610256,105.287589506338,3.93494121503764
390.709531666274,226.352255722933,4.23119168818874
575.517104820104,405.766256343096,4.74732591741823
140.351155551174,280.377971773985,4.59260104431337
196.770691355437,376.076553481466,3.94354457978249
124.168319557033,409.013116997335,3.43212470482682
624.239747410237,319.182221284897,4.50389522388579
0.503309382500939,147.409768787321,4.30688305538971
541.043595732194,202.278504823209,4.03239592478657
33.5117933031499,491.813818773558,3.05314135947719
280.726282105414,20.005307944604,3.79027218272566
532.855861713615,389.885636146179,3.38631559779559
78.0339207676165,76.1019457008141,5.40878744155333
2.96184315776606,74.3707044651951,3.55059194978876
589.152631385751,219.616417034326,4.02302405439308
436.716255411739,459.464614319792,4.85321983897988
659.882251990108,374.364951249773,2.82117051368308
100.666846894006,490.543737292084,4.42675808581978
622.551624381214,89.8446920313019,4.0807688041766
420.363023290519,260.552910090972,3.64365915235194
12.4862004618035,183.027681638751,3.2218243075845
56.0630354488141,111.665518076463,4.37276959312624
623.09007123294,209.412284053049,4.29538621780903
258.743275985114,222.593825237507,3.90024443302309
570.437258952099,436.575758191446,3.85022233003779
304.161531387549,138.343383686834,3.8465001665596
529.102797721783,458.521667009479,3.60580565475721
43.9314219056594,416.580572219524,4.23812111141987
194.042060783782,288.925820473669,3.85166591892716
546.51530219855,256.128308654048,3.55668995146332
176.185837670946,27.3636266660787,4.3106738443
510.66019057063,345.210262334981,4.52190905035151
46.3956833099664,54.9436130831937,3.45021485220958
538.146050326932,137.457210730426,4.93029975431473
NA,NA,NA
658.402395325817,332.753733872308,3.38952024740902
454.00988743367,297.071136466141,3.73542039192308
10.3959490508756,497.990162673927,3.49192770564349
562.66266788549,51.2685313943398,4.06147123900274
65.5812543265467,378.309975489144,3.89483899586613
227.021784847488,415.129400156611,3.80710475824975
429.611764611275,11.939657022265,3.35078511316349
361.676751228628,290.600695069285,3.08253003608098
600.23708610256,105.287589506338,3.93494121503764
390.709531666274,226.352255722933,4.23119168818874
575.517104820104,405.766256343096,4.74732591741823
140.351155551174,280.377971773985,4.59260104431337
196.770691355437,376.076553481466,3.94354457978249
124.168319557033,409.013116997335,3.43212470482682
624.239747410237,319.182221284897,4.50389522388579
0.503309382500939,147.409768787321,4.30688305538971
541.043595732194,202.278504823209,4.03239592478657
33.5117933031499,491.813818773558,3.05314135947719
280.726282105414,20.005307944604,3.79027218272566
532.855861713615,389.885636146179,3.38631559779559
78.0339207676165,76.1019457008141,5.40878744155333
2.96184315776606,74.3707044651951,3.55059194978876
589.152631385751,219.616417034326,4.02302405439308
436.716255411739,459.464614319792,4.85321983897988
659.882251990108,374.364951249773,2.82117051368308
100.666846894006,490.543737292084,4.42675808581978
622.551624381214,89.8446920313019,4.0807688041766
420.363023290519,260.552910090972,3.64365915235194
12.4862004618035,183.027681638751,3.2218243075845
56.0630354488141,111.665518076463,4.37276959312624
623.09007123294,209.412284053049,4.29538621780903
258.743275985114,222.593825237507,3.90024443302309
570.437258952099,436.575758191446,3.85022233003779
304.161531387549,138.343383686834,3.8465001665596
529.102797721783,458.521667009479,3.60580565475721
43.9314219056594,416.580572219524,4.23812111141987
194.042060783782,288.925820473669,3.85166591892716
546.51530219855,256.128308654048,3.55668995146332
176.185837670946,27.3636266660787,4.3106738443
510.66019057063,345.210262334981,4.52190905035151
46.3956833099664,54.9436130831937,3.45021485220958
538.146050326932,137.457210730426,4.93029975431473
NA,NA,NA
658.402395325817,332.753733872308,3.38952024740902
454.00988743367,297.071136466141,3.73542039192308
10.3959490508756,497.990162673927,3.49192770564349
562.66266788549,51.2685313943398,4.06147123900274
65.5812543265467,378.309975489144,3.89483899586613
227.021784847488,415.129400156611,3.80710475824975
429.611764611275,11.939657022265,3.35078511316349
361.676751228628,290.600695069285,3.08253003608098
600.23708610256,105.287589506338,3.93494121503764
390.709531666274,226.352255722933,4.23119168818874
575.517104820104,405.766256343096,4.74732591741823
140.351155551174,280.377971773985,4.59260104431337
196.770691355437,376.076553481466,3.94354457978249
124.168319557033,409.013116997335,3.43212470482682
624.239747410237,319.182221284897,4.50389522388579
0.503309382500939,147.409768787321,4.30688305538971
541.043595732194,202.278504823209,4.03239592478657
33.5117933031499,491.813818773558,3.05314135947719
280.726282105414,20.005307944604,3.79027218272566
532.855861713615,389.885636146179,3.38631559779559
78.0339207676165,76.1019457008141,5.40878744155333
2.96184315776606,74.3707044651951,3.55059194978876
589.152631385751,219.616417034326,4.02302405439308
436.716255411739,459.464614319792,4.85321983897988
659.882251990108,374.364951249773,2.82117051368308
100.666846894006,490.543737292084,4.42675808581978
622.551624381214,89.8446920313019,4.0807688041766
420.363023290519,260.552910090972,3.64365915235194
12.4862004618035,183.027681638751,3.2218243075845
56.0630354488141,111.665518076463,4.37276959312624
623.09007123294,209.412284053049,4.29538621780903
258.743275985114,222.593825237507,3.90024443302309
570.437258952099,436.575758191446,3.85022233003779
304.161531387549,138.343383686834,3.8465001665596
529.102797721783,458.521667009479,3.60580565475721
43.9314219056594,416.580572219524,4.23812111141987
194.042060783782,288.925820473669,3.85166591892716
546.51530219855,256.128308654048,3.55668995146332
176.185837670946,27.3636266660787,4.3106738443
510.66019057063,345.210262334981,4.52190905035151
46.3956833099664,54.9436130831937,3.45021485220958
538.146050326932,137.457210730426,4.93029975431473
NA,NA,NA
661.457530525919,334.340979127157,3.49527367959766
456.6262737053,299.253736260803,3.75657760290032
12.3193586329154,494.563522333583,3.59117620157603
556.800786398316,53.7317224996962,4.30850622111669
71.8003759184619,375.03266822854,3.99484988743729
227.444329462103,414.344581466461,3.85236973548758
429.60481432827,10.8584170006312,3.437549458219
359.198911872871,293.675838392396,3.01902430062837
605.136999417847,104.737616736325,4.2001145120929
391.981466844572,231.604018843756,4.25951067899052
568.744267897297,404.148946900884,4.71188020881322
143.62484266255,279.296921405383,4.53370828500518
197.70693316231,368.909350739956,3.98257785382187
124.178980297731,414.954912721857,3.26344651804041
625.753337139434,311.445513629657,4.63838937199925
4.45367117904197,144.547797161161,4.25486282439329
539.325837614063,202.884022704929,4.3408226905588
33.79383712611,494.629504788375,3.02498238603226
274.8213640209,16.4686678766362,3.87854069988926
537.198641707822,393.988037245854,3.40637696325909
64.8126359877142,71.1550366659011,5.26608210033948
1.63393796180166,72.5141934614981,3.42213062384361
588.930535823044,228.143505999997,4.08971421870892
434.443726991566,457.705092340335,4.84289279700627
657.665450917805,373.290694960269,2.96438023885308
106.280731792099,487.121649144799,4.32382432456564
623.737173934012,87.2250861087,4.0384331156167
421.678048873037,257.028981757505,3.63158250731157
10.0135755681098,182.104282300166,3.26259922525759
64.9214566454466,114.61404219775,4.21866261551995
610.460440400003,200.204025969805,4.40626737949082
260.559531403374,216.749393890676,3.92178761618548
572.307630689674,447.884811749589,3.79206064015304
298.45256279344,136.951031040595,3.86090677305491
534.926928425349,464.558927979769,3.72366841705307
39.1471279964918,417.592120552387,3.63628833369507
191.802786101425,281.936622681955,4.41472577233164
560.653885744956,261.867428456938,3.72208171688629
182.915018321698,27.9668261608097,3.90487473949818
499.300476989824,346.412555062849,4.65307667291926
35.3829008902322,48.9463063629607,4.33194277423504
529.095471081931,125.512697437963,4.59553136027398
NA,NA,NA
661.457530525919,334.340979127157,3.49527367959766
456.6262737053,299.253736260803,3.75657760290032
12.3193586329154,494.563522333583,3.59117620157603
556.800786398316,53.7317224996962,4.30850622111669
71.8003759184619,375.03266822854,3.99484988743729
227.444329462103,414.344581466461,3.85236973548758
429.60481432827,10.8584170006312,3.437549458219
359.198911872871,293.675838392396,3.01902430062837
605.136999417847,104.737616736325,4.2001145120929
391.981466844572,231.604018843756,4.25951067899052
568.744267897297,404.148946900884,4.71188020881322
143.62484266255,279.296921405383,4.53370828500518
197.70693316231,368.909350739956,3.98257785382187
124.178980297731,414.954912721857,3.26344651804041
625.753337139434,311.445513629657,4.63838937199925
4.45367117904197,144.547797161161,4.25486282439329
539.325837614063,202.884022704929,4.3408226905588
33.79383712611,494.629504788375,3.02498238603226
274.8213640209,16.4686678766362,3.87854069988926
537.198641707822,393.988037245854,3.40637696325909
64.8126359877142,71.1550366659011,5.26608210033948
1.63393796180166,72.5141934614981,3.42213062384361
588.930535823044,228.143505999997,4.08971421870892
434.443726991566,457.705092340335,4.84289279700627
657.665450917805,373.290694960269,2.96438023885308
106.280731792099,487.121649144799,4.32382432456564
623.737173934012,87.2250861087,4.0384331156167
421.678048873037,257.028981757505,3.63158250731157
10.0135755681098,182.104282300166,3.26259922525759
64.9214566454466,114.61404219775,4.21866261551995
610.460440400003,200.204025969805,4.40626737949082
260.559531403374,216.749393890676,3.92178761618548
572.307630689674,447.884811749589,3.79206064015304
298.45256279344,136.951031040595,3.86090677305491
534.926928425349,464.558927979769,3.72366841705307
39.1471279964918,417.592120552387,3.63628833369507
191.802786101425,281.936622681955,4.41472577233164
560.653885744956,261.867428456938,3.72208171688629
182.915018321698,27.9668261608097,3.90487473949818
499.300476989824,346.412555062849,4.65307667291926
35.3829008902322,48.9463063629607,4.33194277423504
529.095471081931,125.512697437963,4.59553136027398
NA,NA,NA
661.457530525919,334.340979127157,3.49527367959766
456.6262737053,299.253736260803,3.75657760290032
12.3193586329154,494.563522333583,3.59117620157603
556.800786398316,53.7317224996962,4.30850622111669
71.8003759184619,375.03266822854,3.99484988743729
227.444329462103,414.344581466461,3.85236973548758
429.60481432827,10.8584170006312,3.437549458219
359.198911872871,293.675838392396,3.01902430062837
605.136999417847,104.737616736325,4.2001145120929
391.981466844572,231.604018843756,4.25951067899052
568.744267897297,404.148946900884,4.71188020881322
143.62484266255,279.296921405383,4.53370828500518
197.70693316231,368.909350739956,3.98257785382187
124.178980297731,414.954912721857,3.26344651804041
625.753337139434,311.445513629657,4.63838937199925
4.45367117904197,144.547797161161,4.25486282439329
539.325837614063,202.884022704929,4.3408226905588
33.79383712611,494.629504788375,3.02498238603226
274.8213640209,16.4686678766362,3.87854069988926
537.198641707822,393.988037245854,3.40637696325909
64.8126359877142,71.1550366659011,5.26608210033948
1.63393796180166,72.5141934614981,3.42213062384361
588.930535823044,228.143505999997,4.08971421870892
434.443726991566,457.705092340335,4.84289279700627
657.665450917805,373.290694960269,2.96438023885308
106.280731792099,487.121649144799,4.32382432456564
623.737173934012,87.2250861087,4.0384331156167
421.678048873037,257.028981757505,3.63158250731157
10.0135755681098,182.104282300166,3.26259922525759
64.9214566454466,114.61404219775,4.21866261551995
610.460440400003,200.204025969805,4.40626737949082
260.559531403374,216.749393890676,3.92178761618548
572.307630689674,447.884811749589,3.79206064015304
298.45256279344,136.951031040595,3.86090677305491
534.926928425349,464.558927979769,3.72366841705307
39.1471279964918,417.592120552387,3.63628833369507
191.802786101425,281.936622681955,4.41472577233164
560.653885744956,261.867428456938,3.72208171688629
182.915018321698,27.9668261608097,3.90487473949818
499.300476989824,346.412555062849,4.65307667291926
35.3829008902322,48.9463063629607,4.33194277423504
529.095471081931,125.512697437963,4.59553136027398
NA,NA,NA
661.457530525919,334.340979127157,3.49527367959766
456.6262737053,299.253736260803,3.75657760290032
12.3193586329154,494.563522333583,3.59117620157603
556.800786398316,53.7317224996962,4.30850622111669
71.8003759184619,375.03266822854,3.99484988743729
227.444329462103,414.344581466461,3.85236973548758
429.60481432827,10.8584170006312,3.437549458219
359.198911872871,293.675838392396,3.01902430062837
605.136999417847,104.737616736325,4.2001145120929
391.981466844572,231.604018843756,4.25951067899052
568.744267897297,404.148946900884,4.71188020881322
143.62484266255,279.296921405383,4.53370828500518
197.70693316231,368.909350739956,3.98257785382187
124.178980297731,414.954912721857,3.26344651804041
625.753337139434,311.445513629657,4.63838937199925
4.45367117904197,144.547797161161,4.25486282439329
539.325837614063,202.884022704929,4.3408226905588
33.79383712611,494.629504788375,3.02498238603226
274.8213640209,16.4686678766362,3.87854069988926
537.198641707822,393.988037245854,3.40637696325909
64.8126359877142,71.1550366659011,5.26608210033948
1.63393796180166,72.5141934614981,3.42213062384361
588.930535823044,228.143505999997,4.08971421870892
434.443726991566,457.705092340335,4.84289279700627
657.665450917805,373.290694960269,2.96438023885308
106.280731792099,487.121649144799,4.32382432456564
623.737173934012,87.2250861087,4.0384331156167
421.678048873037,257.028981757505,3.63158250731157
10.0135755681098,182.104282300166,3.26259922525759
64.9214566454466,114.61404219775,4.21866261551995
610.460440400003,200.204025969805,4.40626737949082
260.559531403374,216.749393890676,3.92178761618548
572.307630689674,447.884811749589,3.79206064015304
298.45256279344,136.951031040595,3.86090677305491
534.926928425349,464.558927979769,3.72366841705307
39.1471279964918,417.592120552387,3.63628833369507
191.802786101425,281.936622681955,4.41472577233164
560.653885744956,261.867428456938,3.72208171688629
182.915018321698,27.9668261608097,3.90487473949818
499.300476989824,346.412555062849,4.65307667291926
35.3829008902322,48.9463063629607,4.33194277423504
529.095471081931,125.512697437963,4.59553136027398
NA,NA,NA
661.457530525919,334.340979127157,3.49527367959766
456.6262737053,299.253736260803,3.75657760290032
12.3193586329154,494.563522333583,3.59117620157603
556.800786398316,53.7317224996962,4.30850622111669
71.8003759184619,375.03266822854,3.99484988743729
227.444329462103,414.344581466461,3.85236973548758
429.60481432827,10.8584170006312,3.437549458219
359.198911872871,293.675838392396,3.01902430062837
605.136999417847,104.737616736325,4.2001145120929
391.981466844572,231.604018843756,4.25951067899052
568.744267897297,404.148946900884,4.71188020881322
143.62484266255,279.296921405383,4.53370828500518
197.70693316231,368.909350739956,3.98257785382187
124.178980297731,414.954912721857,3.26344651804041
625.753337139434,311.445513629657,4.63838937199925
4.45367117904197,144.547797161161,4.25486282439329
539.325837614063,202.884022704929,4.3408226905588
33.79383712611,494.629504788375,3.02498238603226
274.8213640209,16.4686678766362,3.87854069988926
537.198641707822,393.988037245854,3.40637696325909
64.8126359877142,71.1550366659011,5.26608210033948
1.63393796180166,72.5141934614981,3.42213062384361
588.930535823044,228.143505999997,4.08971421870892
434.443726991566,457.705092340335,4.84289279700627
657.665450917805,373.290694960269,2.96438023885308
106.280731792099,487.121649144799,4.32382432456564
623.737173934012,87.2250861087,4.0384331156167
421.678048873037,257.028981757505,3.63158250731157
10.0135755681098,182.104282300166,3.26259922525759
64.9214566454466,114.61404219775,4.21866261551995
610.460440400003,200.204025969805,4.40626737949082
260.559531403374,216.749393890676,3.92178761618548
572.307630689674,447.884811749589,3.79206064015304
298.45256279344,136.951031040595,3.86090677305491
534.926928425349,464.558927979769,3.72366841705307
39.1471279964918,417.592120552387,3.63628833369507
191.802786101425,281.936622681955,4.41472577233164
560.653885744956,261.867428456938,3.72208171688629
182.915018321698,27.9668261608097,3.90487473949818
499.300476989824,346.412555062849,4.65307667291926
35.3829008902322,48.9463063629607,4.33194277423504
529.095471081931,125.512697437963,4.59553136027398
NA,NA,NA
661.457530525919,334.340979127157,3.49527367959766
456.6262737053,299.253736260803,3.75657760290032
12.3193586329154,494.563522333583,3.59117620157603
556.800786398316,53.7317224996962,4.30850622111669
71.8003759184619,375.03266822854,3.99484988743729
227.444329462103,414.344581466461,3.85236973548758
429.60481432827,10.8584170006312,3.437549458219
359.198911872871,293.675838392396,3.01902430062837
605.136999417847,104.737616736325,4.2001145120929
391.981466844572,231.604018843756,4.25951067899052
568.744267897297,404.148946900884,4.71188020881322
143.62484266255,279.296921405383,4.53370828500518
197.70693316231,368.909350739956,3.98257785382187
124.178980297731,414.954912721857,3.26344651804041
625.753337139434,311.445513629657,4.63838937199925
4.45367117904197,144.547797161161,4.25486282439329
539.325837614063,202.884022704929,4.3408226905588
33.79383712611,494.629504788375,3.02498238603226
274.8213640209,16.4686678766362,3.87854069988926
537.198641707822,393.988037245854,3.40637696325909
64.8126359877142,71.1550366659011,5.26608210033948
1.63393796180166,72.5141934614981,3.42213062384361
588.930535823044,228.143505999997,4.08971421870892
434.443726991566,457.705092340335,4.84289279700627
657.665450917805,373.290694960269,2.96438023885308
106.280731792099,487.121649144799,4.32382432456564
623.737173934012,87.2250861087,4.0384331156167
421.678048873037,257.028981757505,3.63158250731157
10.0135755681098,182.104282300166,3.26259922525759
64.9214566454466,114.61404219775,4.21866261551995
610.460440400003,200.204025969805,4.40626737949082
260.559531403374,216.749393890676,3.92178761618548
572.307630689674,447.884811749589,3.79206064015304
298.45256279344,136.951031040595,3.86090677305491
534.926928425349,464.558927979769,3.72366841705307
39.1471279964918,417.592120552387,3.63628833369507
191.802786101425,281.936622681955,4.41472577233164
560.653885744956,261.867428456938,3.72208171688629
182.915018321698,27.9668261608097,3.90487473949818
499.300476989824,346.412555062849,4.65307667291926
35.3829008902322,48.9463063629607,4.33194277423504
529.095471081931,125.512697437963,4.59553136027398
NA,NA,NA
661.62803123587,334.118068098612,3.53687996264104
458.122890637822,298.179378288355,3.69558001268759
13.9260114518013,492.972345759835,3.51777882043043
562.933841660595,49.7395949157693,4.20134227115214
70.4811516362436,374.333828500108,4.03404134555501
228.006724523239,414.939299562625,3.89344227693734
427.323993662026,12.6673016764107,3.36892377019745
361.639967591072,291.122658151034,2.95678823176126
600.615009464765,105.827627670254,4.20920254148359
389.109055551552,230.873780482731,4.20024377909547
568.051286694523,407.415278056085,4.75229647496162
141.946620283732,283.318382587508,4.4933163642993
203.916636369495,366.681738383775,4.08169202281079
125.909707331089,412.393344650479,3.28101589769754
633.138765308652,312.365660746555,4.44322350423721
8.8934765289632,150.834073990249,4.23397893597706
536.395753408522,207.315709899603,4.17568641733604
35.3985944770299,490.512407396573,3.0556863279414
281.598599149519,21.6296620167525,3.88473418192296
536.508123134157,392.836854344786,3.37576193098605
85.0645300713636,81.4099373349136,5.24780774770843
5.87319042432288,77.398097088702,3.57627262669075
583.290942387946,226.523351224338,4.0165228939421
438.096158496143,460.167225990717,4.63151316537031
660.21022693552,372.661707338291,3.14822324743242
108.133199193772,486.785502062215,4.33592629376362
621.445698376291,91.58408727682,4.08002806656277
416.915292683034,258.109355534085,3.63610595623178
12.0623583132857,181.684153731169,3.18108390492602
68.8454921421896,117.076456863871,4.69476483368714
600.793068119458,211.539595501352,4.27674242023423
260.656421176208,210.402777426877,3.97763760409953
577.217200891985,434.998078968104,3.80152852268545
297.318524875544,136.048996826119,3.8064650484013
529.658672945029,456.789742871284,3.35483261403768
40.9272676975515,414.740671777822,4.06917565887974
197.598860801891,288.943757841838,4.16641231152627
547.042086167777,266.301993854828,3.59680216921041
178.139172685922,20.161196451342,3.95352749759231
497.482611309637,340.068187684923,4.63162298258919
46.1982721154201,50.2390831742387,3.87621116069785
527.481294226867,149.716419861165,4.68630597390568
NA,NA,NA
661.62803123587,334.118068098612,3.53687996264104
458.122890637822,298.179378288355,3.69558001268759
13.9260114518013,492.972345759835,3.51777882043043
562.933841660595,49.7395949157693,4.20134227115214
70.4811516362436,374.333828500108,4.03404134555501
228.006724523239,414.939299562625,3.89344227693734
427.323993662026,12.6673016764107,3.36892377019745
361.639967591072,291.122658151034,2.95678823176126
600.615009464765,105.827627670254,4.20920254148359
389.109055551552,230.873780482731,4.20024377909547
568.051286694523,407.415278056085,4.75229647496162
141.946620283732,283.318382587508,4.4933163642993
203.916636369495,366.681738383775,4.08169202281079
125.909707331089,412.393344650479,3.28101589769754
633.138765308652,312.365660746555,4.44322350423721
8.8934765289632,150.834073990249,4.23397893597706
536.395753408522,207.315709899603,4.17568641733604
35.3985944770299,490.512407396573,3.0556863279414
281.598599149519,21.6296620167525,3.88473418192296
536.508123134157,392.836854344786,3.37576193098605
85.0645300713636,81.4099373349136,5.24780774770843
5.87319042432288,77.398097088702,3.57627262669075
583.290942387946,226.523351224338,4.0165228939421
438.096158496143,460.167225990717,4.63151316537031
660.21022693552,372.661707338291,3.14822324743242
108.133199193772,486.785502062215,4.33592629376362
621.445698376291,91.58408727682,4.08002806656277
416.915292683034,258.109355534085,3.63610595623178
12.0623583132857,181.684153731169,3.18108390492602
68.8454921421896,117.076456863871,4.69476483368714
600.793068119458,211.539595501352,4.27674242023423
260.656421176208,210.402777426877,3.97763760409953
577.217200891985,434.998078968104,3.80152852268545
297.318524875544,136.048996826119,3.8064650484013
529.658672945029,456.789742871284,3.35483261403768
40.9272676975515,414.740671777822,4.06917565887974
197.598860801891,288.943757841838,4.16641231152627
547.042086167777,266.301993854828,3.59680216921041
178.139172685922,20.161196451342,3.95352749759231
497.482611309637,340.068187684923,4.63162298258919
46.1982721154201,50.2390831742387,3.87621116069785
527.481294226867,149.716419861165,4.68630597390568
NA,NA,NA
661.62803123587,334.118068098612,3.53687996264104
458.122890637822,298.179378288355,3.69558001268759
13.9260114518013,492.972345759835,3.51777882043043
562.933841660595,49.7395949157693,4.20134227115214
70.4811516362436,374.333828500108,4.03404134555501
228.006724523239,414.939299562625,3.89344227693734
427.323993662026,12.6673016764107,3.36892377019745
361.639967591072,291.122658151034,2.95678823176126
600.615009464765,105.827627670254,4.20920254148359
389.109055551552,230.873780482731,4.20024377909547
568.051286694523,407.415278056085,4.75229647496162
141.946620283732,283.318382587508,4.4933163642993
203.916636369495,366.681738383775,4.08169202281079
125.909707331089,412.393344650479,3.28101589769754
633.138765308652,312.365660746555,4.44322350423721
8.8934765289632,150.834073990249,4.23397893597706
536.395753408522,207.315709899603,4.17568641733604
35.3985944770299,490.512407396573,3.0556863279414
281.598599149519,21.6296620167525,3.88473418192296
536.508123134157,392.836854344786,3.37576193098605
85.0645300713636,81.4099373349136,5.24780774770843
5.87319042432288,77.398097088702,3.57627262669075
583.290942387946,226.523351224338,4.0165228939421
438.096158496143,460.167225990717,4.63151316537031
660.21022693552,372.661707338291,3.14822324743242
108.133199193772,486.785502062215,4.33592629376362
621.445698376291,91.58408727682,4.08002806656277
416.915292683034,258.109355534085,3.63610595623178
12.0623583132857,181.684153731169,3.18108390492602
68.8454921421896,117.076456863871,4.69476483368714
600.793068119458,211.539595501352,4.27674242023423
260.656421176208,210.402777426877,3.97763760409953
577.217200891985,434.998078968104,3.80152852268545
297.318524875544,136.048996826119,3.8064650484013
529.658672945029,456.789742871284,3.35483261403768
40.9272676975515,414.740671777822,4.06917565887974
197.598860801891,288.943757841838,4.16641231152627
547.042086167777,266.301993854828,3.59680216921041
178.139172685922,20.161196451342,3.95352749759231
497.482611309637,340.068187684923,4.63162298258919
46.1982721154201,50.2390831742387,3.87621116069785
527.481294226867,149.716419861165,4.68630597390568
NA,NA,NA
661.62803123587,334.118068098612,3.53687996264104
458.122890637822,298.179378288355,3.69558001268759
13.9260114518013,492.972345759835,3.51777882043043
562.933841660595,49.7395949157693,4.20134227115214
70.4811516362436,374.333828500108,4.03404134555501
228.006724523239,414.939299562625,3.89344227693734
427.323993662026,12.6673016764107,3.36892377019745
361.639967591072,291.122658151034,2.95678823176126
600.615009464765,105.827627670254,4.20920254148359
389.109055551552,230.873780482731,4.20024377909547
568.051286694523,407.415278056085,4.75229647496162
141.946620283732,283.318382587508,4.4933163642993
203.916636369495,366.681738383775,4.08169202281079
125.909707331089,412.393344650479,3.28101589769754
633.138765308652,312.365660746555,4.44322350423721
8.8934765289632,150.834073990249,4.23397893597706
536.395753408522,207.315709899603,4.17568641733604
35.3985944770299,490.512407396573,3.0556863279414
281.598599149519,21.6296620167525,3.88473418192296
536.508123134157,392.836854344786,3.37576193098605
85.0645300713636,81.4099373349136,5.24780774770843
5.87319042432288,77.398097088702,3.57627262669075
583.290942387946,226.523351224338,4.0165228939421
438.096158496143,460.167225990717,4.63151316537031
660.21022693552,372.661707338291,3.14822324743242
108.133199193772,486.785502062215,4.33592629376362
621.445698376291,91.58408727682,4.08002806656277
416.915292683034,258.109355534085,3.63610595623178
12.0623583132857,181.684153731169,3.18108390492602
68.8454921421896,117.076456863871,4.69476483368714
600.793068119458,211.539595501352,4.27674242023423
260.656421176208,210.402777426877,3.97763760409953
577.217200891985,434.998078968104,3.80152852268545
297.318524875544,136.048996826119,3.8064650484013
529.658672945029,456.789742871284,3.35483261403768
40.9272676975515,414.740671777822,4.06917565887974
197.598860801891,288.943757841838,4.16641231152627
547.042086167777,266.301993854828,3.59680216921041
178.139172685922,20.161196451342,3.95352749759231
497.482611309637,340.068187684923,4.63162298258919
46.1982721154201,50.2390831742387,3.87621116069785
527.481294226867,149.716419861165,4.68630597390568
NA,NA,NA
661.62803123587,334.118068098612,3.53687996264104
458.122890637822,298.179378288355,3.69558001268759
13.9260114518013,492.972345759835,3.51777882043043
562.933841660595,49.7395949157693,4.20134227115214
70.4811516362436,374.333828500108,4.03404134555501
228.006724523239,414.939299562625,3.89344227693734
427.323993662026,12.6673016764107,3.36892377019745
361.639967591072,291.122658151034,2.95678823176126
600.615009464765,105.827627670254,4.20920254148359
389.109055551552,230.873780482731,4.20024377909547
568.051286694523,407.415278056085,4.75229647496162
141.946620283732,283.318382587508,4.4933163642993
203.916636369495,366.681738383775,4.08169202281079
125.909707331089,412.393344650479,3.28101589769754
633.138765308652,312.365660746555,4.44322350423721
8.8934765289632,150.834073990249,4.23397893597706
536.395753408522,207.315709899603,4.17568641733604
35.3985944770299,490.512407396573,3.0556863279414
281.598599149519,21.6296620167525,3.88473418192296
536.508123134157,392.836854344786,3.37576193098605
85.0645300713636,81.4099373349136,5.24780774770843
5.87319042432288,77.398097088702,3.57627262669075
583.290942387946,226.523351224338,4.0165228939421
438.096158496143,460.167225990717,4.63151316537031
660.21022693552,372.661707338291,3.14822324743242
108.133199193772,486.785502062215,4.33592629376362
621.445698376291,91.58408727682,4.08002806656277
416.915292683034,258.109355534085,3.63610595623178
12.0623583132857,181.684153731169,3.18108390492602
68.8454921421896,117.076456863871,4.69476483368714
600.793068119458,211.539595501352,4.27674242023423
260.656421176208,210.402777426877,3.97763760409953
577.217200891985,434.998078968104,3.80152852268545
297.318524875544,136.048996826119,3.8064650484013
529.658672945029,456.789742871284,3.35483261403768
40.9272676975515,414.740671777822,4.06917565887974
197.598860801891,288.943757841838,4.16641231152627
547.042086167777,266.301993854828,3.59680216921041
178.139172685922,20.161196451342,3.95352749759231
497.482611309637,340.068187684923,4.63162298258919
46.1982721154201,50.2390831742387,3.87621116069785
527.481294226867,149.716419861165,4.68630597390568
NA,NA,NA
661.62803123587,334.118068098612,3.53687996264104
458.122890637822,298.179378288355,3.69558001268759
13.9260114518013,492.972345759835,3.51777882043043
562.933841660595,49.7395949157693,4.20134227115214
70.4811516362436,374.333828500108,4.03404134555501
228.006724523239,414.939299562625,3.89344227693734
427.323993662026,12.6673016764107,3.36892377019745
361.639967591072,291.122658151034,2.95678823176126
600.615009464765,105.827627670254,4.20920254148359
389.109055551552,230.873780482731,4.20024377909547
568.051286694523,407.415278056085,4.75229647496162
141.946620283732,283.318382587508,4.4933163642993
203.916636369495,366.681738383775,4.08169202281079
125.909707331089,412.393344650479,3.28101589769754
633.138765308652,312.365660746555,4.44322350423721
8.8934765289632,150.834073990249,4.23397893597706
536.395753408522,207.315709899603,4.17568641733604
35.3985944770299,490.512407396573,3.0556863279414
281.598599149519,21.6296620167525,3.88473418192296
536.508123134157,392.836854344786,3.37576193098605
85.0645300713636,81.4099373349136,5.24780774770843
5.87319042432288,77.398097088702,3.57627262669075
583.290942387946,226.523351224338,4.0165228939421
438.096158496143,460.167225990717,4.63151316537031
660.21022693552,372.661707338291,3.14822324743242
108.133199193772,486.785502062215,4.33592629376362
621.445698376291,91.58408727682,4.08002806656277
416.915292683034,258.109355534085,3.63610595623178
12.0623583132857,181.684153731169,3.18108390492602
68.8454921421896,117.076456863871,4.69476483368714
600.793068119458,211.539595501352,4.27674242023423
260.656421176208,210.402777426877,3.97763760409953
577.217200891985,434.998078968104,3.80152852268545
297.318524875544,136.048996826119,3.8064650484013
529.658672945029,456.789742871284,3.35483261403768
40.9272676975515,414.740671777822,4.06917565887974
197.598860801891,288.943757841838,4.16641231152627
547.042086167777,266.301993854828,3.59680216921041
178.139172685922,20.161196451342,3.95352749759231
497.482611309637,340.068187684923,4.63162298258919
46.1982721154201,50.2390831742387,3.87621116069785
527.481294226867,149.716419861165,4.68630597390568
NA,NA,NA
658.202011587465,332.908183050584,3.59780056246573
457.15521775699,296.585367631231,3.35737708415015
9.51273482565731,493.082316043249,3.65314924625342
560.777190777848,46.8021154414621,4.15882741159482
77.150796859241,376.11452423565,3.94571434125968
231.458166419551,414.652357617431,3.85441070843629
427.77504009093,11.9391295180765,3.1273495723498
360.482822614517,293.631306335943,3.10580599309185
607.474741157184,101.762520858397,4.1323393417666
390.656745895984,230.775143990829,4.18142831791529
565.418199877851,409.600336305166,4.75004617106433
135.268644890873,284.010951122085,4.43078703588288
198.011598169878,369.807410166794,4.00916569137013
123.247089299388,407.163945043315,3.28282540045911
627.891116821204,319.800323836581,4.4954092084742
1.51031867638383,148.7637100112,4.25448892793173
546.505805860189,201.646942800821,4.19575519316709
35.6571977136622,491.589641104799,3.00895175951084
280.918768963402,21.195869015192,3.74889398763441
534.283496880144,390.323444854392,3.43746227124408
72.0088125676955,79.9500130016673,5.15365647081668
3.49013069379238,75.841840298119,3.48485888733116
586.083606692958,229.219123726041,4.07287956681885
431.33834698677,466.145140497786,4.69880563024446
658.727207975561,373.788232751105,3.07568931912714
101.419023831159,486.134232732565,4.46060397300855
625.733853489977,88.2386226656096,4.10049253978246
422.241205472736,260.323389589396,3.60189417797143
11.825032527261,180.62453612687,3.17517202965817
89.4989434199005,118.219810524652,4.30497553586992
622.605962590865,194.697110721257,4.37427032970382
259.905137393511,227.199838577487,3.41227837032384
579.815592758477,423.596167973742,3.98252743629417
301.393153564197,143.136075188983,3.91189089639294
530.020140581157,454.532505497983,3.89698766468911
51.296611427606,421.374929543533,3.92741080938481
191.583408523597,283.240929762733,4.17654657005417
552.26866942263,256.155225247821,3.80421355078892
173.673303889735,30.3152962245989,4.26896771733923
490.874714833307,354.062435068649,4.27554250522947
38.8248240208943,44.561359526195,3.92161748630084
526.212840831015,156.952094214888,4.21547026846055
NA,NA,NA
658.202011587465,332.908183050584,3.59780056246573
457.15521775699,296.585367631231,3.35737708415015
9.51273482565731,493.082316043249,3.65314924625342
560.777190777848,46.8021154414621,4.15882741159482
77.150796859241,376.11452423565,3.94571434125968
231.458166419551,414.652357617431,3.85441070843629
427.77504009093,11.9391295180765,3.1273495723498
360.482822614517,293.631306335943,3.10580599309185
607.474741157184,101.762520858397,4.1323393417666
390.656745895984,230.775143990829,4.18142831791529
565.418199877851,409.600336305166,4.75004617106433
135.268644890873,284.010951122085,4.43078703588288
198.011598169878,369.807410166794,4.00916569137013
123.247089299388,407.163945043315,3.28282540045911
627.891116821204,319.800323836581,4.4954092084742
1.51031867638383,148.7637100112,4.25448892793173
546.505805860189,201.646942800821,4.19575519316709
35.6571977136622,491.589641104799,3.00895175951084
280.918768963402,21.195869015192,3.74889398763441
534.283496880144,390.323444854392,3.43746227124408
72.0088125676955,79.9500130016673,5.15365647081668
3.49013069379238,75.841840298119,3.48485888733116
586.083606692958,229.219123726041,4.07287956681885
431.33834698677,466.145140497786,4.69880563024446
658.727207975561,373.788232751105,3.07568931912714
101.419023831159,486.134232732565,4.46060397300855
625.733853489977,88.2386226656096,4.10049253978246
422.241205472736,260.323389589396,3.60189417797143
11.825032527261,180.62453612687,3.17517202965817
89.4989434199005,118.219810524652,4.30497553586992
622.605962590865,194.697110721257,4.37427032970382
259.905137393511,227.199838577487,3.41227837032384
579.815592758477,423.596167973742,3.98252743629417
301.393153564197,143.136075188983,3.91189089639294
530.020140581157,454.532505497983,3.89698766468911
51.296611427606,421.374929543533,3.92741080938481
191.583408523597,283.240929762733,4.17654657005417
552.26866942263,256.155225247821,3.80421355078892
173.673303889735,30.3152962245989,4.26896771733923
490.874714833307,354.062435068649,4.27554250522947
38.8248240208943,44.561359526195,3.92161748630084
526.212840831015,156.952094214888,4.21547026846055
NA,NA,NA
658.202011587465,332.908183050584,3.59780056246573
457.15521775699,296.585367631231,3.35737708415015
9.51273482565731,493.082316043249,3.65314924625342
560.777190777848,46.8021154414621,4.15882741159482
77.150796859241,376.11452423565,3.94571434125968
231.458166419551,414.652357617431,3.85441070843629
427.77504009093,11.9391295180765,3.1273495723498
360.482822614517,293.631306335943,3.10580599309185
607.474741157184,101.762520858397,4.1323393417666
390.656745895984,230.775143990829,4.18142831791529
565.418199877851,409.600336305166,4.75004617106433
135.268644890873,284.010951122085,4.43078703588288
198.011598169878,369.807410166794,4.00916569137013
123.247089299388,407.163945043315,3.28282540045911
627.891116821204,319.800323836581,4.4954092084742
1.51031867638383,148.7637100112,4.25448892793173
546.505805860189,201.646942800821,4.19575519316709
35.6571977136622,491.589641104799,3.00895175951084
280.918768963402,21.195869015192,3.74889398763441
534.283496880144,390.323444854392,3.43746227124408
72.0088125676955,79.9500130016673,5.15365647081668
3.49013069379238,75.841840298119,3.48485888733116
586.083606692958,229.219123726041,4.07287956681885
431.33834698677,466.145140497786,4.69880563024446
658.727207975561,373.788232751105,3.07568931912714
101.419023831159,486.134232732565,4.46060397300855
625.733853489977,88.2386226656096,4.10049253978246
422.241205472736,260.323389589396,3.60189417797143
11.825032527261,180.62453612687,3.17517202965817
89.4989434199005,118.219810524652,4.30497553586992
622.605962590865,194.697110721257,4.37427032970382
259.905137393511,227.199838577487,3.41227837032384
579.815592758477,423.596167973742,3.98252743629417
301.393153564197,143.136075188983,3.91189089639294
530.020140581157,454.532505497983,3.89698766468911
51.296611427606,421.374929543533,3.92741080938481
191.583408523597,283.240929762733,4.17654657005417
552.26866942263,256.155225247821,3.80421355078892
173.673303889735,30.3152962245989,4.26896771733923
490.874714833307,354.062435068649,4.27554250522947
38.8248240208943,44.561359526195,3.92161748630084
526.212840831015,156.952094214888,4.21547026846055
NA,NA,NA
658.202011587465,332.908183050584,3.59780056246573
457.15521775699,296.585367631231,3.35737708415015
9.51273482565731,493.082316043249,3.65314924625342
560.777190777848,46.8021154414621,4.15882741159482
77.150796859241,376.11452423565,3.94571434125968
231.458166419551,414.652357617431,3.85441070843629
427.77504009093,11.9391295180765,3.1273495723498
360.482822614517,293.631306335943,3.10580599309185
607.474741157184,101.762520858397,4.1323393417666
390.656745895984,230.775143990829,4.18142831791529
565.418199877851,409.600336305166,4.75004617106433
135.268644890873,284.010951122085,4.43078703588288
198.011598169878,369.807410166794,4.00916569137013
123.247089299388,407.163945043315,3.28282540045911
627.891116821204,319.800323836581,4.4954092084742
1.51031867638383,148.7637100112,4.25448892793173
546.505805860189,201.646942800821,4.19575519316709
35.6571977136622,491.589641104799,3.00895175951084
280.918768963402,21.195869015192,3.74889398763441
534.283496880144,390.323444854392,3.43746227124408
72.0088125676955,79.9500130016673,5.15365647081668
3.49013069379238,75.841840298119,3.48485888733116
586.083606692958,229.219123726041,4.07287956681885
431.33834698677,466.145140497786,4.69880563024446
658.727207975561,373.788232751105,3.07568931912714
101.419023831159,486.134232732565,4.46060397300855
625.733853489977,88.2386226656096,4.10049253978246
422.241205472736,260.323389589396,3.60189417797143
11.825032527261,180.62453612687,3.17517202965817
89.4989434199005,118.219810524652,4.30497553586992
622.605962590865,194.697110721257,4.37427032970382
259.905137393511,227.199838577487,3.41227837032384
579.815592758477,423.596167973742,3.98252743629417
301.393153564197,143.136075188983,3.91189089639294
530.020140581157,454.532505497983,3.89698766468911
51.296611427606,421.374929543533,3.92741080938481
191.583408523597,283.240929762733,4.17654657005417
552.26866942263,256.155225247821,3.80421355078892
173.673303889735,30.3152962245989,4.26896771733923
490.874714833307,354.062435068649,4.27554250522947
38.8248240208943,44.561359526195,3.92161748630084
526.212840831015,156.952094214888,4.21547026846055
NA,NA,NA
658.202011587465,332.908183050584,3.59780056246573
457.15521775699,296.585367631231,3.35737708415015
9.51273482565731,493.082316043249,3.65314924625342
560.777190777848,46.8021154414621,4.15882741159482
77.150796859241,376.11452423565,3.94571434125968
231.458166419551,414.652357617431,3.85441070843629
427.77504009093,11.9391295180765,3.1273495723498
360.482822614517,293.631306335943,3.10580599309185
607.474741157184,101.762520858397,4.1323393417666
390.656745895984,230.775143990829,4.18142831791529
565.418199877851,409.600336305166,4.75004617106433
135.268644890873,284.010951122085,4.43078703588288
198.011598169878,369.807410166794,4.00916569137013
123.247089299388,407.163945043315,3.28282540045911
627.891116821204,319.800323836581,4.4954092084742
1.51031867638383,148.7637100112,4.25448892793173
546.505805860189,201.646942800821,4.19575519316709
35.6571977136622,491.589641104799,3.00895175951084
280.918768963402,21.195869015192,3.74889398763441
534.283496880144,390.323444854392,3.43746227124408
72.0088125676955,79.9500130016673,5.15365647081668
3.49013069379238,75.841840298119,3.48485888733116
586.083606692958,229.219123726041,4.07287956681885
431.33834698677,466.145140497786,4.69880563024446
658.727207975561,373.788232751105,3.07568931912714
101.419023831159,486.134232732565,4.46060397300855
625.733853489977,88.2386226656096,4.10049253978246
422.241205472736,260.323389589396,3.60189417797143
11.825032527261,180.62453612687,3.17517202965817
89.4989434199005,118.219810524652,4.30497553586992
622.605962590865,194.697110721257,4.37427032970382
259.905137393511,227.199838577487,3.41227837032384
579.815592758477,423.596167973742,3.98252743629417
301.393153564197,143.136075188983,3.91189089639294
530.020140581157,454.532505497983,3.89698766468911
51.296611427606,421.374929543533,3.92741080938481
191.583408523597,283.240929762733,4.17654657005417
552.26866942263,256.155225247821,3.80421355078892
173.673303889735,30.3152962245989,4.26896771733923
490.874714833307,354.062435068649,4.27554250522947
38.8248240208943,44.561359526195,3.92161748630084
526.212840831015,156.952094214888,4.21547026846055
NA,NA,NA
658.202011587465,332.908183050584,3.59780056246573
457.15521775699,296.585367631231,3.35737708415015
9.51273482565731,493.082316043249,3.65314924625342
560.777190777848,46.8021154414621,4.15882741159482
77.150796859241,376.11452423565,3.94571434125968
231.458166419551,414.652357617431,3.85441070843629
427.77504009093,11.9391295180765,3.1273495723498
360.482822614517,293.631306335943,3.10580599309185
607.474741157184,101.762520858397,4.1323393417666
390.656745895984,230.775143990829,4.18142831791529
565.418199877851,409.600336305166,4.75004617106433
135.268644890873,284.010951122085,4.43078703588288
198.011598169878,369.807410166794,4.00916569137013
123.247089299388,407.163945043315,3.28282540045911
627.891116821204,319.800323836581,4.4954092084742
1.51031867638383,148.7637100112,4.25448892793173
546.505805860189,201.646942800821,4.19575519316709
35.6571977136622,491.589641104799,3.00895175951084
280.918768963402,21.195869015192,3.74889398763441
534.283496880144,390.323444854392,3.43746227124408
72.0088125676955,79.9500130016673,5.15365647081668
3.49013069379238,75.841840298119,3.48485888733116
586.083606692958,229.219123726041,4.07287956681885
431.33834698677,466.145140497786,4.69880563024446
658.727207975561,373.788232751105,3.07568931912714
101.419023831159,486.134232732565,4.46060397300855
625.733853489977,88.2386226656096,4.10049253978246
422.241205472736,260.323389589396,3.60189417797143
11.825032527261,180.62453612687,3.17517202965817
89.4989434199005,118.219810524652,4.30497553586992
622.605962590865,194.697110721257,4.37427032970382
259.905137393511,227.199838577487,3.41227837032384
579.815592758477,423.596167973742,3.98252743629417
301.393153564197,143.136075188983,3.91189089639294
530.020140581157,454.532505497983,3.89698766468911
51.296611427606,421.374929543533,3.92741080938481
191.583408523597,283.240929762733,4.17654657005417
552.26866942263,256.155225247821,3.80421355078892
173.673303889735,30.3152962245989,4.26896771733923
490.874714833307,354.062435068649,4.27554250522947
38.8248240208943,44.561359526195,3.92161748630084
526.212840831015,156.952094214888,4.21547026846055
NA,NA,NA
662.186988852536,333.3624420547,3.37803762223558
453.891160223242,296.729299091106,3.5522305330572
8.32363106783219,492.07829123469,3.70433620222797
560.83156506179,52.8203415046493,4.19652044630809
73.671996951034,372.950016324343,4.0098336301813
227.144848191614,414.779446274992,3.79396759371868
426.338799377407,10.9912589809873,3.40108604889177
358.373688180931,293.786726642285,3.12896119490154
606.173508383984,111.964124011024,4.44184304404924
391.82449852544,232.62036061999,4.26850291985576
562.813927032408,410.414449060569,4.73115468583597
139.567566375736,282.267960210175,4.66038990546886
199.532104623767,371.950772600651,4.0736344403951
126.57512261004,410.791779037901,3.54562112288576
621.462539135617,314.268161669291,4.59266005864302
0.0289919743817204,148.552903791394,4.30435401422489
544.018682193332,204.351802443698,4.23684951078137
33.7921471091207,492.079452609203,3.04460625922544
278.257363164278,24.9374594031127,3.81324150847772
533.228478842166,391.45074536869,3.29793023276377
68.3231923467498,82.189098631888,5.25134026117736
3.70073386873785,77.8737959348887,3.36411959260615
589.525637275823,225.363760820569,3.95263034880211
439.883861495348,457.657306151646,4.70383750078657
661.695447770628,372.400765866867,3.08830083329917
104.538477894491,488.883581118273,4.34328504583005
622.568150790368,88.4400997839492,4.12862677214926
420.78932137904,255.469363055249,3.58210690057269
12.1310448808357,180.339879614608,3.30842370511963
59.9209855781667,115.151065458862,4.47341807799646
605.175407973906,206.449588295692,4.11675110564864
249.975529654229,218.172245957199,3.63188031710644
577.867618627854,447.628787806474,3.93407476032735
300.284517325524,136.185021813947,3.85421062655671
532.237072482405,458.179089326906,3.59238937098467
52.399139797014,415.106862533826,3.92811151666641
187.154195975369,287.806737542386,3.58844250871296
564.520345120814,257.491199145879,3.83057420894388
175.755922130854,33.583523891583,4.49633964965858
511.882040799065,347.995223123329,4.62076820436481
36.5959768585673,45.7504181936368,3.9326299747933
538.914112373774,158.114765968029,4.48487238117088
NA,NA,NA
662.186988852536,333.3624420547,3.37803762223558
453.891160223242,296.729299091106,3.5522305330572
8.32363106783219,492.07829123469,3.70433620222797
560.83156506179,52.8203415046493,4.19652044630809
73.671996951034,372.950016324343,4.0098336301813
227.144848191614,414.779446274992,3.79396759371868
426.338799377407,10.9912589809873,3.40108604889177
358.373688180931,293.786726642285,3.12896119490154
606.173508383984,111.964124011024,4.44184304404924
391.82449852544,232.62036061999,4.26850291985576
562.813927032408,410.414449060569,4.73115468583597
139.567566375736,282.267960210175,4.66038990546886
199.532104623767,371.950772600651,4.0736344403951
126.57512261004,410.791779037901,3.54562112288576
621.462539135617,314.268161669291,4.59266005864302
0.0289919743817204,148.552903791394,4.30435401422489
544.018682193332,204.351802443698,4.23684951078137
33.7921471091207,492.079452609203,3.04460625922544
278.257363164278,24.9374594031127,3.81324150847772
533.228478842166,391.45074536869,3.29793023276377
68.3231923467498,82.189098631888,5.25134026117736
3.70073386873785,77.8737959348887,3.36411959260615
589.525637275823,225.363760820569,3.95263034880211
439.883861495348,457.657306151646,4.70383750078657
661.695447770628,372.400765866867,3.08830083329917
104.538477894491,488.883581118273,4.34328504583005
622.568150790368,88.4400997839492,4.12862677214926
420.78932137904,255.469363055249,3.58210690057269
12.1310448808357,180.339879614608,3.30842370511963
59.9209855781667,115.151065458862,4.47341807799646
605.175407973906,206.449588295692,4.11675110564864
249.975529654229,218.172245957199,3.63188031710644
577.867618627854,447.628787806474,3.93407476032735
300.284517325524,136.185021813947,3.85421062655671
532.237072482405,458.179089326906,3.59238937098467
52.399139797014,415.106862533826,3.92811151666641
187.154195975369,287.806737542386,3.58844250871296
564.520345120814,257.491199145879,3.83057420894388
175.755922130854,33.583523891583,4.49633964965858
511.882040799065,347.995223123329,4.62076820436481
36.5959768585673,45.7504181936368,3.9326299747933
538.914112373774,158.114765968029,4.48487238117088
NA,NA,NA
662.186988852536,333.3624420547,3.37803762223558
453.891160223242,296.729299091106,3.5522305330572
8.32363106783219,492.07829123469,3.70433620222797
560.83156506179,52.8203415046493,4.19652044630809
73.671996951034,372.950016324343,4.0098336301813
227.144848191614,414.779446274992,3.79396759371868
426.338799377407,10.9912589809873,3.40108604889177
358.373688180931,293.786726642285,3.12896119490154
606.173508383984,111.964124011024,4.44184304404924
391.82449852544,232.62036061999,4.26850291985576
562.813927032408,410.414449060569,4.73115468583597
139.567566375736,282.267960210175,4.66038990546886
199.532104623767,371.950772600651,4.0736344403951
126.57512261004,410.791779037901,3.54562112288576
621.462539135617,314.268161669291,4.59266005864302
0.0289919743817204,148.552903791394,4.30435401422489
544.018682193332,204.351802443698,4.23684951078137
33.7921471091207,492.079452609203,3.04460625922544
278.257363164278,24.9374594031127,3.81324150847772
533.228478842166,391.45074536869,3.29793023276377
68.3231923467498,82.189098631888,5.25134026117736
3.70073386873785,77.8737959348887,3.36411959260615
589.525637275823,225.363760820569,3.95263034880211
439.883861495348,457.657306151646,4.70383750078657
661.695447770628,372.400765866867,3.08830083329917
104.538477894491,488.883581118273,4.34328504583005
622.568150790368,88.4400997839492,4.12862677214926
420.78932137904,255.469363055249,3.58210690057269
12.1310448808357,180.339879614608,3.30842370511963
59.9209855781667,115.151065458862,4.47341807799646
605.175407973906,206.449588295692,4.11675110564864
249.975529654229,218.172245957199,3.63188031710644
577.867618627854,447.628787806474,3.93407476032735
300.284517325524,136.185021813947,3.85421062655671
532.237072482405,458.179089326906,3.59238937098467
52.399139797014,415.106862533826,3.92811151666641
187.154195975369,287.806737542386,3.58844250871296
564.520345120814,257.491199145879,3.83057420894388
175.755922130854,33.583523891583,4.49633964965858
511.882040799065,347.995223123329,4.62076820436481
36.5959768585673,45.7504181936368,3.9326299747933
538.914112373774,158.114765968029,4.48487238117088
NA,NA,NA
662.186988852536,333.3624420547,3.37803762223558
453.891160223242,296.729299091106,3.5522305330572
8.32363106783219,492.07829123469,3.70433620222797
560.83156506179,52.8203415046493,4.19652044630809
73.671996951034,372.950016324343,4.0098336301813
227.144848191614,414.779446274992,3.79396759371868
426.338799377407,10.9912589809873,3.40108604889177
358.373688180931,293.786726642285,3.12896119490154
606.173508383984,111.964124011024,4.44184304404924
391.82449852544,232.62036061999,4.26850291985576
562.813927032408,410.414449060569,4.73115468583597
139.567566375736,282.267960210175,4.66038990546886
199.532104623767,371.950772600651,4.0736344403951
126.57512261004,410.791779037901,3.54562112288576
621.462539135617,314.268161669291,4.59266005864302
0.0289919743817204,148.552903791394,4.30435401422489
544.018682193332,204.351802443698,4.23684951078137
33.7921471091207,492.079452609203,3.04460625922544
278.257363164278,24.9374594031127,3.81324150847772
533.228478842166,391.45074536869,3.29793023276377
68.3231923467498,82.189098631888,5.25134026117736
3.70073386873785,77.8737959348887,3.36411959260615
589.525637275823,225.363760820569,3.95263034880211
439.883861495348,457.657306151646,4.70383750078657
661.695447770628,372.400765866867,3.08830083329917
104.538477894491,488.883581118273,4.34328504583005
622.568150790368,88.4400997839492,4.12862677214926
420.78932137904,255.469363055249,3.58210690057269
12.1310448808357,180.339879614608,3.30842370511963
59.9209855781667,115.151065458862,4.47341807799646
605.175407973906,206.449588295692,4.11675110564864
249.975529654229,218.172245957199,3.63188031710644
577.867618627854,447.628787806474,3.93407476032735
300.284517325524,136.185021813947,3.85421062655671
532.237072482405,458.179089326906,3.59238937098467
52.399139797014,415.106862533826,3.92811151666641
187.154195975369,287.806737542386,3.58844250871296
564.520345120814,257.491199145879,3.83057420894388
175.755922130854,33.583523891583,4.49633964965858
511.882040799065,347.995223123329,4.62076820436481
36.5959768585673,45.7504181936368,3.9326299747933
538.914112373774,158.114765968029,4.48487238117088
NA,NA,NA
662.186988852536,333.3624420547,3.37803762223558
453.891160223242,296.729299091106,3.5522305330572
8.32363106783219,492.07829123469,3.70433620222797
560.83156506179,52.8203415046493,4.19652044630809
73.671996951034,372.950016324343,4.0098336301813
227.144848191614,414.779446274992,3.79396759371868
426.338799377407,10.9912589809873,3.40108604889177
358.373688180931,293.786726642285,3.12896119490154
606.173508383984,111.964124011024,4.44184304404924
391.82449852544,232.62036061999,4.26850291985576
562.813927032408,410.414449060569,4.73115468583597
139.567566375736,282.267960210175,4.66038990546886
199.532104623767,371.950772600651,4.0736344403951
126.57512261004,410.791779037901,3.54562112288576
621.462539135617,314.268161669291,4.59266005864302
0.0289919743817204,148.552903791394,4.30435401422489
544.018682193332,204.351802443698,4.23684951078137
33.7921471091207,492.079452609203,3.04460625922544
278.257363164278,24.9374594031127,3.81324150847772
533.228478842166,391.45074536869,3.29793023276377
68.3231923467498,82.189098631888,5.25134026117736
3.70073386873785,77.8737959348887,3.36411959260615
589.525637275823,225.363760820569,3.95263034880211
439.883861495348,457.657306151646,4.70383750078657
661.695447770628,372.400765866867,3.08830083329917
104.538477894491,488.883581118273,4.34328504583005
622.568150790368,88.4400997839492,4.12862677214926
420.78932137904,255.469363055249,3.58210690057269
12.1310448808357,180.339879614608,3.30842370511963
59.9209855781667,115.151065458862,4.47341807799646
605.175407973906,206.449588295692,4.11675110564864
249.975529654229,218.172245957199,3.63188031710644
577.867618627854,447.628787806474,3.93407476032735
300.284517325524,136.185021813947,3.85421062655671
532.237072482405,458.179089326906,3.59238937098467
52.399139797014,415.106862533826,3.92811151666641
187.154195975369,287.806737542386,3.58844250871296
564.520345120814,257.491199145879,3.83057420894388
175.755922130854,33.583523891583,4.49633964965858
511.882040799065,347.995223123329,4.62076820436481
36.5959768585673,45.7504181936368,3.9326299747933
538.914112373774,158.114765968029,4.48487238117088
NA,NA,NA
662.186988852536,333.3624420547,3.37803762223558
453.891160223242,296.729299091106,3.5522305330572
8.32363106783219,492.07829123469,3.70433620222797
560.83156506179,52.8203415046493,4.19652044630809
73.671996951034,372.950016324343,4.0098336301813
227.144848191614,414.779446274992,3.79396759371868
426.338799377407,10.9912589809873,3.40108604889177
358.373688180931,293.786726642285,3.12896119490154
606.173508383984,111.964124011024,4.44184304404924
391.82449852544,232.62036061999,4.26850291985576
562.813927032408,410.414449060569,4.73115468583597
139.567566375736,282.267960210175,4.66038990546886
199.532104623767,371.950772600651,4.0736344403951
126.57512261004,410.791779037901,3.54562112288576
621.462539135617,314.268161669291,4.59266005864302
0.0289919743817204,148.552903791394,4.30435401422489
544.018682193332,204.351802443698,4.23684951078137
33.7921471091207,492.079452609203,3.04460625922544
278.257363164278,24.9374594031127,3.81324150847772
533.228478842166,391.45074536869,3.29793023276377
68.3231923467498,82.189098631888,5.25134026117736
3.70073386873785,77.8737959348887,3.36411959260615
589.525637275823,225.363760820569,3.95263034880211
439.883861495348,457.657306151646,4.70383750078657
661.695447770628,372.400765866867,3.08830083329917
104.538477894491,488.883581118273,4.34328504583005
622.568150790368,88.4400997839492,4.12862677214926
420.78932137904,255.469363055249,3.58210690057269
12.1310448808357,180.339879614608,3.30842370511963
59.9209855781667,115.151065458862,4.47341807799646
605.175407973906,206.449588295692,4.11675110564864
249.975529654229,218.172245957199,3.63188031710644
577.867618627854,447.628787806474,3.93407476032735
300.284517325524,136.185021813947,3.85421062655671
532.237072482405,458.179089326906,3.59238937098467
52.399139797014,415.106862533826,3.92811151666641
187.154195975369,287.806737542386,3.58844250871296
564.520345120814,257.491199145879,3.83057420894388
175.755922130854,33.583523891583,4.49633964965858
511.882040799065,347.995223123329,4.62076820436481
36.5959768585673,45.7504181936368,3.9326299747933
538.914112373774,158.114765968029,4.48487238117088
NA,NA,NA
662.971217576879,337.508828670884,3.52450293830286
459.718514887834,296.325400729952,3.59754633363919
12.8160611340796,496.434068675474,3.60516163957858
554.422044455934,52.1147929816669,4.26523049410209
67.3312220273334,372.689872052285,4.02252376648273
227.03851008966,416.934924949769,3.88571832283786
428.244934828538,14.045820593192,3.29029636164119
359.124087559829,291.579763900112,2.91765813598788
601.115107150699,106.56150613171,4.25660634384241
394.104861273884,228.07202592276,4.34033021282879
573.320173825906,411.650760784342,4.70732834674406
130.119433489049,288.208430352579,4.4801408674011
201.226239576169,364.025382402969,4.15472162920621
126.568745623314,410.210963204778,3.39347455528378
631.16744181462,313.929474422559,4.64649260127802
4.82904325891058,148.948146207822,4.27557905296385
541.405034191324,206.289119280261,4.23935808552675
33.7665931047063,491.938756879664,3.12776752569679
280.151516037938,25.3475470715938,3.813579506427
530.531345799511,395.785232174478,3.45664672101493
74.3722941675146,81.6789534531506,5.29565261263641
5.53981522352069,72.8957310719136,3.39340452429315
586.250462433894,223.472753784381,4.11414107214767
445.877724908992,454.268089774959,4.75097979418751
660.453517472862,373.089053172587,3.10178196510623
107.858330607136,487.903404890229,4.4606451744146
624.303270248369,92.8728260079888,4.03520029479769
422.263270924126,262.486973959426,3.66102252712435
11.6355600982326,181.019986886282,3.17110216926407
43.3593666187067,110.700533033087,4.53179922975
623.623035472254,201.50230483101,4.28836657380668
254.584342571565,227.817992334734,3.82235768057272
573.754321712841,430.539163589025,3.77652393160111
298.253781981597,140.159247825871,3.99787648162811
529.05373638681,459.242887321127,3.60530990953369
42.4407105456705,417.825640401584,4.18296044081604
194.887079234684,285.551009536547,4.2418372797884
548.611214485958,253.729583084757,3.71491305659417
152.063478468557,24.7187356917065,4.00402011022484
492.816775275499,344.327278703188,4.55621614294574
38.1661485472437,49.2235574885437,4.0770871770829
528.281160844554,143.755685149935,4.64365636645364
NA,NA,NA
662.971217576879,337.508828670884,3.52450293830286
459.718514887834,296.325400729952,3.59754633363919
12.8160611340796,496.434068675474,3.60516163957858
554.422044455934,52.1147929816669,4.26523049410209
67.3312220273334,372.689872052285,4.02252376648273
227.03851008966,416.934924949769,3.88571832283786
428.244934828538,14.045820593192,3.29029636164119
359.124087559829,291.579763900112,2.91765813598788
601.115107150699,106.56150613171,4.25660634384241
394.104861273884,228.07202592276,4.34033021282879
573.320173825906,411.650760784342,4.70732834674406
130.119433489049,288.208430352579,4.4801408674011
201.226239576169,364.025382402969,4.15472162920621
126.568745623314,410.210963204778,3.39347455528378
631.16744181462,313.929474422559,4.64649260127802
4.82904325891058,148.948146207822,4.27557905296385
541.405034191324,206.289119280261,4.23935808552675
33.7665931047063,491.938756879664,3.12776752569679
280.151516037938,25.3475470715938,3.813579506427
530.531345799511,395.785232174478,3.45664672101493
74.3722941675146,81.6789534531506,5.29565261263641
5.53981522352069,72.8957310719136,3.39340452429315
586.250462433894,223.472753784381,4.11414107214767
445.877724908992,454.268089774959,4.75097979418751
660.453517472862,373.089053172587,3.10178196510623
107.858330607136,487.903404890229,4.4606451744146
624.303270248369,92.8728260079888,4.03520029479769
422.263270924126,262.486973959426,3.66102252712435
11.6355600982326,181.019986886282,3.17110216926407
43.3593666187067,110.700533033087,4.53179922975
623.623035472254,201.50230483101,4.28836657380668
254.584342571565,227.817992334734,3.82235768057272
573.754321712841,430.539163589025,3.77652393160111
298.253781981597,140.159247825871,3.99787648162811
529.05373638681,459.242887321127,3.60530990953369
42.4407105456705,417.825640401584,4.18296044081604
194.887079234684,285.551009536547,4.2418372797884
548.611214485958,253.729583084757,3.71491305659417
152.063478468557,24.7187356917065,4.00402011022484
492.816775275499,344.327278703188,4.55621614294574
38.1661485472437,49.2235574885437,4.0770871770829
528.281160844554,143.755685149935,4.64365636645364
NA,NA,NA
662.971217576879,337.508828670884,3.52450293830286
459.718514887834,296.325400729952,3.59754633363919
12.8160611340796,496.434068675474,3.60516163957858
554.422044455934,52.1147929816669,4.26523049410209
67.3312220273334,372.689872052285,4.02252376648273
227.03851008966,416.934924949769,3.88571832283786
428.244934828538,14.045820593192,3.29029636164119
359.124087559829,291.579763900112,2.91765813598788
601.115107150699,106.56150613171,4.25660634384241
394.104861273884,228.07202592276,4.34033021282879
573.320173825906,411.650760784342,4.70732834674406
130.119433489049,288.208430352579,4.4801408674011
201.226239576169,364.025382402969,4.15472162920621
126.568745623314,410.210963204778,3.39347455528378
631.16744181462,313.929474422559,4.64649260127802
4.82904325891058,148.948146207822,4.27557905296385
541.405034191324,206.289119280261,4.23935808552675
33.7665931047063,491.938756879664,3.12776752569679
280.151516037938,25.3475470715938,3.813579506427
530.531345799511,395.785232174478,3.45664672101493
74.3722941675146,81.6789534531506,5.29565261263641
5.53981522352069,72.8957310719136,3.39340452429315
586.250462433894,223.472753784381,4.11414107214767
445.877724908992,454.268089774959,4.75097979418751
660.453517472862,373.089053172587,3.10178196510623
107.858330607136,487.903404890229,4.4606451744146
624.303270248369,92.8728260079888,4.03520029479769
422.263270924126,262.486973959426,3.66102252712435
11.6355600982326,181.019986886282,3.17110216926407
43.3593666187067,110.700533033087,4.53179922975
623.623035472254,201.50230483101,4.28836657380668
254.584342571565,227.817992334734,3.82235768057272
573.754321712841,430.539163589025,3.77652393160111
298.253781981597,140.159247825871,3.99787648162811
529.05373638681,459.242887321127,3.60530990953369
42.4407105456705,417.825640401584,4.18296044081604
194.887079234684,285.551009536547,4.2418372797884
548.611214485958,253.729583084757,3.71491305659417
152.063478468557,24.7187356917065,4.00402011022484
492.816775275499,344.327278703188,4.55621614294574
38.1661485472437,49.2235574885437,4.0770871770829
528.281160844554,143.755685149935,4.64365636645364
NA,NA,NA
662.971217576879,337.508828670884,3.52450293830286
459.718514887834,296.325400729952,3.59754633363919
12.8160611340796,496.434068675474,3.60516163957858
554.422044455934,52.1147929816669,4.26523049410209
67.3312220273334,372.689872052285,4.02252376648273
227.03851008966,416.934924949769,3.88571832283786
428.244934828538,14.045820593192,3.29029636164119
359.124087559829,291.579763900112,2.91765813598788
601.115107150699,106.56150613171,4.25660634384241
394.104861273884,228.07202592276,4.34033021282879
573.320173825906,411.650760784342,4.70732834674406
130.119433489049,288.208430352579,4.4801408674011
201.226239576169,364.025382402969,4.15472162920621
126.568745623314,410.210963204778,3.39347455528378
631.16744181462,313.929474422559,4.64649260127802
4.82904325891058,148.948146207822,4.27557905296385
541.405034191324,206.289119280261,4.23935808552675
33.7665931047063,491.938756879664,3.12776752569679
280.151516037938,25.3475470715938,3.813579506427
530.531345799511,395.785232174478,3.45664672101493
74.3722941675146,81.6789534531506,5.29565261263641
5.53981522352069,72.8957310719136,3.39340452429315
586.250462433894,223.472753784381,4.11414107214767
445.877724908992,454.268089774959,4.75097979418751
660.453517472862,373.089053172587,3.10178196510623
107.858330607136,487.903404890229,4.4606451744146
624.303270248369,92.8728260079888,4.03520029479769
422.263270924126,262.486973959426,3.66102252712435
11.6355600982326,181.019986886282,3.17110216926407
43.3593666187067,110.700533033087,4.53179922975
623.623035472254,201.50230483101,4.28836657380668
254.584342571565,227.817992334734,3.82235768057272
573.754321712841,430.539163589025,3.77652393160111
298.253781981597,140.159247825871,3.99787648162811
529.05373638681,459.242887321127,3.60530990953369
42.4407105456705,417.825640401584,4.18296044081604
194.887079234684,285.551009536547,4.2418372797884
548.611214485958,253.729583084757,3.71491305659417
152.063478468557,24.7187356917065,4.00402011022484
492.816775275499,344.327278703188,4.55621614294574
38.1661485472437,49.2235574885437,4.0770871770829
528.281160844554,143.755685149935,4.64365636645364
NA,NA,NA
662.971217576879,337.508828670884,3.52450293830286
459.718514887834,296.325400729952,3.59754633363919
12.8160611340796,496.434068675474,3.60516163957858
554.422044455934,52.1147929816669,4.26523049410209
67.3312220273334,372.689872052285,4.02252376648273
227.03851008966,416.934924949769,3.88571832283786
428.244934828538,14.045820593192,3.29029636164119
359.124087559829,291.579763900112,2.91765813598788
601.115107150699,106.56150613171,4.25660634384241
394.104861273884,228.07202592276,4.34033021282879
573.320173825906,411.650760784342,4.70732834674406
130.119433489049,288.208430352579,4.4801408674011
201.226239576169,364.025382402969,4.15472162920621
126.568745623314,410.210963204778,3.39347455528378
631.16744181462,313.929474422559,4.64649260127802
4.82904325891058,148.948146207822,4.27557905296385
541.405034191324,206.289119280261,4.23935808552675
33.7665931047063,491.938756879664,3.12776752569679
280.151516037938,25.3475470715938,3.813579506427
530.531345799511,395.785232174478,3.45664672101493
74.3722941675146,81.6789534531506,5.29565261263641
5.53981522352069,72.8957310719136,3.39340452429315
586.250462433894,223.472753784381,4.11414107214767
445.877724908992,454.268089774959,4.75097979418751
660.453517472862,373.089053172587,3.10178196510623
107.858330607136,487.903404890229,4.4606451744146
624.303270248369,92.8728260079888,4.03520029479769
422.263270924126,262.486973959426,3.66102252712435
11.6355600982326,181.019986886282,3.17110216926407
43.3593666187067,110.700533033087,4.53179922975
623.623035472254,201.50230483101,4.28836657380668
254.584342571565,227.817992334734,3.82235768057272
573.754321712841,430.539163589025,3.77652393160111
298.253781981597,140.159247825871,3.99787648162811
529.05373638681,459.242887321127,3.60530990953369
42.4407105456705,417.825640401584,4.18296044081604
194.887079234684,285.551009536547,4.2418372797884
548.611214485958,253.729583084757,3.71491305659417
152.063478468557,24.7187356917065,4.00402011022484
492.816775275499,344.327278703188,4.55621614294574
38.1661485472437,49.2235574885437,4.0770871770829
528.281160844554,143.755685149935,4.64365636645364
NA,NA,NA
662.971217576879,337.508828670884,3.52450293830286
459.718514887834,296.325400729952,3.59754633363919
12.8160611340796,496.434068675474,3.60516163957858
554.422044455934,52.1147929816669,4.26523049410209
67.3312220273334,372.689872052285,4.02252376648273
227.03851008966,416.934924949769,3.88571832283786
428.244934828538,14.045820593192,3.29029636164119
359.124087559829,291.579763900112,2.91765813598788
601.115107150699,106.56150613171,4.25660634384241
394.104861273884,228.07202592276,4.34033021282879
573.320173825906,411.650760784342,4.70732834674406
130.119433489049,288.208430352579,4.4801408674011
201.226239576169,364.025382402969,4.15472162920621
126.568745623314,410.210963204778,3.39347455528378
631.16744181462,313.929474422559,4.64649260127802
4.82904325891058,148.948146207822,4.27557905296385
541.405034191324,206.289119280261,4.23935808552675
33.7665931047063,491.938756879664,3.12776752569679
280.151516037938,25.3475470715938,3.813579506427
530.531345799511,395.785232174478,3.45664672101493
74.3722941675146,81.6789534531506,5.29565261263641
5.53981522352069,72.8957310719136,3.39340452429315
586.250462433894,223.472753784381,4.11414107214767
445.877724908992,454.268089774959,4.75097979418751
660.453517472862,373.089053172587,3.10178196510623
107.858330607136,487.903404890229,4.4606451744146
624.303270248369,92.8728260079888,4.03520029479769
422.263270924126,262.486973959426,3.66102252712435
11.6355600982326,181.019986886282,3.17110216926407
43.3593666187067,110.700533033087,4.53179922975
623.623035472254,201.50230483101,4.28836657380668
254.584342571565,227.817992334734,3.82235768057272
573.754321712841,430.539163589025,3.77652393160111
298.253781981597,140.159247825871,3.99787648162811
529.05373638681,459.242887321127,3.60530990953369
42.4407105456705,417.825640401584,4.18296044081604
194.887079234684,285.551009536547,4.2418372797884
548.611214485958,253.729583084757,3.71491305659417
152.063478468557,24.7187356917065,4.00402011022484
492.816775275499,344.327278703188,4.55621614294574
38.1661485472437,49.2235574885437,4.0770871770829
528.281160844554,143.755685149935,4.64365636645364
NA,NA,NA
661.244160252763,334.611084473016,3.50833966198346
456.960208242244,298.754754525165,3.70964254477877
6.22095139159054,494.624782363758,3.58442499632406
558.497754214135,55.9873389465521,4.18311411294404
73.8546785819723,377.414206459227,3.9507921734505
229.686684086903,417.07913268735,3.83384959233238
428.381012036607,12.5267602161626,3.19491114167484
360.318755129736,292.495823417715,3.07507817325526
607.439620936294,99.4698976877355,4.281512260384
394.196012110974,226.450451430189,4.16967082500544
568.277529062246,408.789956033662,4.7233234766106
143.040023552738,281.515827061187,4.48452306058271
200.226416547321,369.091012451401,4.0590919354025
125.01277136335,410.656611221286,3.43420350842242
629.470723558417,311.591041214596,4.41560116132913
3.66432022214315,147.389159819039,4.19763017005914
542.339421195822,202.967713359844,4.31968231369082
33.9109291628358,492.178701005038,2.99632121746359
280.347025808733,18.8895049313676,3.83131454863067
534.116121772981,393.72882856659,3.44128924416094
77.8684651522514,73.7847680960844,5.17521476631947
3.24649584573124,76.3523554595678,3.45074877344164
588.013627720991,232.04730070034,3.99036900572196
438.41661826533,458.725923321588,4.7991654425469
659.533441786809,372.905944411998,2.94697853852112
103.935054835325,490.138255191865,4.42082414337806
624.072559224131,95.0152270888981,4.06416571240167
418.478724066402,259.853560900431,3.59565077320065
11.6024140914433,181.909897929752,3.14431809005375
58.4416476640077,117.619767441304,4.47724349612707
618.152316494901,219.117069750951,4.10954040966838
254.887661229467,216.395422392473,4.00306596693057
564.088407981741,435.732769770177,3.85829694151924
307.694920401975,134.320003583604,3.82840176870384
526.992969543142,460.884188048636,3.4158494338076
45.6104940608093,415.354568065309,4.03030678355069
195.927427169861,289.774050366557,4.07589443856146
548.083874174417,266.863137708247,3.51467156299947
183.098258470853,20.8929219669466,4.37684931588025
488.797832412631,352.141019216215,4.43894410322805
32.5872369568963,48.0944281711736,3.29973528597666
532.427200678766,148.047139109603,4.94042237471722
NA,NA,NA
661.244160252763,334.611084473016,3.50833966198346
456.960208242244,298.754754525165,3.70964254477877
6.22095139159054,494.624782363758,3.58442499632406
558.497754214135,55.9873389465521,4.18311411294404
73.8546785819723,377.414206459227,3.9507921734505
229.686684086903,417.07913268735,3.83384959233238
428.381012036607,12.5267602161626,3.19491114167484
360.318755129736,292.495823417715,3.07507817325526
607.439620936294,99.4698976877355,4.281512260384
394.196012110974,226.450451430189,4.16967082500544
568.277529062246,408.789956033662,4.7233234766106
143.040023552738,281.515827061187,4.48452306058271
200.226416547321,369.091012451401,4.0590919354025
125.01277136335,410.656611221286,3.43420350842242
629.470723558417,311.591041214596,4.41560116132913
3.66432022214315,147.389159819039,4.19763017005914
542.339421195822,202.967713359844,4.31968231369082
33.9109291628358,492.178701005038,2.99632121746359
280.347025808733,18.8895049313676,3.83131454863067
534.116121772981,393.72882856659,3.44128924416094
77.8684651522514,73.7847680960844,5.17521476631947
3.24649584573124,76.3523554595678,3.45074877344164
588.013627720991,232.04730070034,3.99036900572196
438.41661826533,458.725923321588,4.7991654425469
659.533441786809,372.905944411998,2.94697853852112
103.935054835325,490.138255191865,4.42082414337806
624.072559224131,95.0152270888981,4.06416571240167
418.478724066402,259.853560900431,3.59565077320065
11.6024140914433,181.909897929752,3.14431809005375
58.4416476640077,117.619767441304,4.47724349612707
618.152316494901,219.117069750951,4.10954040966838
254.887661229467,216.395422392473,4.00306596693057
564.088407981741,435.732769770177,3.85829694151924
307.694920401975,134.320003583604,3.82840176870384
526.992969543142,460.884188048636,3.4158494338076
45.6104940608093,415.354568065309,4.03030678355069
195.927427169861,289.774050366557,4.07589443856146
548.083874174417,266.863137708247,3.51467156299947
183.098258470853,20.8929219669466,4.37684931588025
488.797832412631,352.141019216215,4.43894410322805
32.5872369568963,48.0944281711736,3.29973528597666
532.427200678766,148.047139109603,4.94042237471722
NA,NA,NA
661.244160252763,334.611084473016,3.50833966198346
456.960208242244,298.754754525165,3.70964254477877
6.22095139159054,494.624782363758,3.58442499632406
558.497754214135,55.9873389465521,4.18311411294404
73.8546785819723,377.414206459227,3.9507921734505
229.686684086903,417.07913268735,3.83384959233238
428.381012036607,12.5267602161626,3.19491114167484
360.318755129736,292.495823417715,3.07507817325526
607.439620936294,99.4698976877355,4.281512260384
394.196012110974,226.450451430189,4.16967082500544
568.277529062246,408.789956033662,4.7233234766106
143.040023552738,281.515827061187,4.48452306058271
200.226416547321,369.091012451401,4.0590919354025
125.01277136335,410.656611221286,3.43420350842242
629.470723558417,311.591041214596,4.41560116132913
3.66432022214315,147.389159819039,4.19763017005914
542.339421195822,202.967713359844,4.31968231369082
33.9109291628358,492.178701005038,2.99632121746359
280.347025808733,18.8895049313676,3.83131454863067
534.116121772981,393.72882856659,3.44128924416094
77.8684651522514,73.7847680960844,5.17521476631947
3.24649584573124,76.3523554595678,3.45074877344164
588.013627720991,232.04730070034,3.99036900572196
438.41661826533,458.725923321588,4.7991654425469
659.533441786809,372.905944411998,2.94697853852112
103.935054835325,490.138255191865,4.42082414337806
624.072559224131,95.0152270888981,4.06416571240167
418.478724066402,259.853560900431,3.59565077320065
11.6024140914433,181.909897929752,3.14431809005375
58.4416476640077,117.619767441304,4.47724349612707
618.152316494901,219.117069750951,4.10954040966838
254.887661229467,216.395422392473,4.00306596693057
564.088407981741,435.732769770177,3.85829694151924
307.694920401975,134.320003583604,3.82840176870384
526.992969543142,460.884188048636,3.4158494338076
45.6104940608093,415.354568065309,4.03030678355069
195.927427169861,289.774050366557,4.07589443856146
548.083874174417,266.863137708247,3.51467156299947
183.098258470853,20.8929219669466,4.37684931588025
488.797832412631,352.141019216215,4.43894410322805
32.5872369568963,48.0944281711736,3.29973528597666
532.427200678766,148.047139109603,4.94042237471722
NA,NA,NA
661.244160252763,334.611084473016,3.50833966198346
456.960208242244,298.754754525165,3.70964254477877
6.22095139159054,494.624782363758,3.58442499632406
558.497754214135,55.9873389465521,4.18311411294404
73.8546785819723,377.414206459227,3.9507921734505
229.686684086903,417.07913268735,3.83384959233238
428.381012036607,12.5267602161626,3.19491114167484
360.318755129736,292.495823417715,3.07507817325526
607.439620936294,99.4698976877355,4.281512260384
394.196012110974,226.450451430189,4.16967082500544
568.277529062246,408.789956033662,4.7233234766106
143.040023552738,281.515827061187,4.48452306058271
200.226416547321,369.091012451401,4.0590919354025
125.01277136335,410.656611221286,3.43420350842242
629.470723558417,311.591041214596,4.41560116132913
3.66432022214315,147.389159819039,4.19763017005914
542.339421195822,202.967713359844,4.31968231369082
33.9109291628358,492.178701005038,2.99632121746359
280.347025808733,18.8895049313676,3.83131454863067
534.116121772981,393.72882856659,3.44128924416094
77.8684651522514,73.7847680960844,5.17521476631947
3.24649584573124,76.3523554595678,3.45074877344164
588.013627720991,232.04730070034,3.99036900572196
438.41661826533,458.725923321588,4.7991654425469
659.533441786809,372.905944411998,2.94697853852112
103.935054835325,490.138255191865,4.42082414337806
624.072559224131,95.0152270888981,4.06416571240167
418.478724066402,259.853560900431,3.59565077320065
11.6024140914433,181.909897929752,3.14431809005375
58.4416476640077,117.619767441304,4.47724349612707
618.152316494901,219.117069750951,4.10954040966838
254.887661229467,216.395422392473,4.00306596693057
564.088407981741,435.732769770177,3.85829694151924
307.694920401975,134.320003583604,3.82840176870384
526.992969543142,460.884188048636,3.4158494338076
45.6104940608093,415.354568065309,4.03030678355069
195.927427169861,289.774050366557,4.07589443856146
548.083874174417,266.863137708247,3.51467156299947
183.098258470853,20.8929219669466,4.37684931588025
488.797832412631,352.141019216215,4.43894410322805
32.5872369568963,48.0944281711736,3.29973528597666
532.427200678766,148.047139109603,4.94042237471722
NA,NA,NA
661.244160252763,334.611084473016,3.50833966198346
456.960208242244,298.754754525165,3.70964254477877
6.22095139159054,494.624782363758,3.58442499632406
558.497754214135,55.9873389465521,4.18311411294404
73.8546785819723,377.414206459227,3.9507921734505
229.686684086903,417.07913268735,3.83384959233238
428.381012036607,12.5267602161626,3.19491114167484
360.318755129736,292.495823417715,3.07507817325526
607.439620936294,99.4698976877355,4.281512260384
394.196012110974,226.450451430189,4.16967082500544
568.277529062246,408.789956033662,4.7233234766106
143.040023552738,281.515827061187,4.48452306058271
200.226416547321,369.091012451401,4.0590919354025
125.01277136335,410.656611221286,3.43420350842242
629.470723558417,311.591041214596,4.41560116132913
3.66432022214315,147.389159819039,4.19763017005914
542.339421195822,202.967713359844,4.31968231369082
33.9109291628358,492.178701005038,2.99632121746359
280.347025808733,18.8895049313676,3.83131454863067
534.116121772981,393.72882856659,3.44128924416094
77.8684651522514,73.7847680960844,5.17521476631947
3.24649584573124,76.3523554595678,3.45074877344164
588.013627720991,232.04730070034,3.99036900572196
438.41661826533,458.725923321588,4.7991654425469
659.533441786809,372.905944411998,2.94697853852112
103.935054835325,490.138255191865,4.42082414337806
624.072559224131,95.0152270888981,4.06416571240167
418.478724066402,259.853560900431,3.59565077320065
11.6024140914433,181.909897929752,3.14431809005375
58.4416476640077,117.619767441304,4.47724349612707
618.152316494901,219.117069750951,4.10954040966838
254.887661229467,216.395422392473,4.00306596693057
564.088407981741,435.732769770177,3.85829694151924
307.694920401975,134.320003583604,3.82840176870384
526.992969543142,460.884188048636,3.4158494338076
45.6104940608093,415.354568065309,4.03030678355069
195.927427169861,289.774050366557,4.07589443856146
548.083874174417,266.863137708247,3.51467156299947
183.098258470853,20.8929219669466,4.37684931588025
488.797832412631,352.141019216215,4.43894410322805
32.5872369568963,48.0944281711736,3.29973528597666
532.427200678766,148.047139109603,4.94042237471722
NA,NA,NA
661.244160252763,334.611084473016,3.50833966198346
456.960208242244,298.754754525165,3.70964254477877
6.22095139159054,494.624782363758,3.58442499632406
558.497754214135,55.9873389465521,4.18311411294404
73.8546785819723,377.414206459227,3.9507921734505
229.686684086903,417.07913268735,3.83384959233238
428.381012036607,12.5267602161626,3.19491114167484
360.318755129736,292.495823417715,3.07507817325526
607.439620936294,99.4698976877355,4.281512260384
394.196012110974,226.450451430189,4.16967082500544
568.277529062246,408.789956033662,4.7233234766106
143.040023552738,281.515827061187,4.48452306058271
200.226416547321,369.091012451401,4.0590919354025
125.01277136335,410.656611221286,3.43420350842242
629.470723558417,311.591041214596,4.41560116132913
3.66432022214315,147.389159819039,4.19763017005914
542.339421195822,202.967713359844,4.31968231369082
33.9109291628358,492.178701005038,2.99632121746359
280.347025808733,18.8895049313676,3.83131454863067
534.116121772981,393.72882856659,3.44128924416094
77.8684651522514,73.7847680960844,5.17521476631947
3.24649584573124,76.3523554595678,3.45074877344164
588.013627720991,232.04730070034,3.99036900572196
438.41661826533,458.725923321588,4.7991654425469
659.533441786809,372.905944411998,2.94697853852112
103.935054835325,490.138255191865,4.42082414337806
624.072559224131,95.0152270888981,4.06416571240167
418.478724066402,259.853560900431,3.59565077320065
11.6024140914433,181.909897929752,3.14431809005375
58.4416476640077,117.619767441304,4.47724349612707
618.152316494901,219.117069750951,4.10954040966838
254.887661229467,216.395422392473,4.00306596693057
564.088407981741,435.732769770177,3.85829694151924
307.694920401975,134.320003583604,3.82840176870384
526.992969543142,460.884188048636,3.4158494338076
45.6104940608093,415.354568065309,4.03030678355069
195.927427169861,289.774050366557,4.07589443856146
548.083874174417,266.863137708247,3.51467156299947
183.098258470853,20.8929219669466,4.37684931588025
488.797832412631,352.141019216215,4.43894410322805
32.5872369568963,48.0944281711736,3.29973528597666
532.427200678766,148.047139109603,4.94042237471722
NA,NA,NA
661.681925184217,330.262286868657,3.37717941578411
456.373429175715,297.198748410518,3.49604581150482
9.94137152011172,493.999800395206,3.57477539393532
556.267090391086,47.5546012341098,4.18263810965043
69.7458620630565,373.390995379056,3.84784517388737
231.267828959328,411.102402120501,3.89398655654977
428.116998834011,12.1073581740279,3.38878104147405
362.513042933033,295.485253092838,3.03806449885649
606.378530860933,107.79564561024,4.18360843825177
392.112922925753,234.969515837193,4.3569099891652
567.942191907528,408.152529645887,4.68449893625171
141.039075069311,286.458754074552,4.53449282733993
203.415295954641,367.28794098275,3.99441016533145
123.496720861627,407.918620621003,3.39594275051527
628.688100974656,320.163898430488,4.54840184611724
0.607402270305238,144.950052113114,4.20223278279711
542.170700129853,200.766669032449,4.23997705810301
32.1546048124702,492.156799943478,3.05524815687869
281.541089430911,23.138567702517,3.90804602790821
534.841551584686,392.519259547292,3.30354046201571
75.2431584794174,68.5533944757509,5.13344556208221
2.96545930094591,74.9044420045837,3.50755437708758
583.570171903709,227.058614389835,4.08577637850396
439.459820635416,456.932086720315,4.81886180098951
659.553619445107,375.876303488792,3.00519899856033
107.586808611101,484.070933495275,4.46277021837098
621.171023018912,91.2070961766163,4.08782093680471
421.474070302031,257.69164490596,3.61171018700483
10.2948857166687,181.870822117384,3.05879108824807
57.6871849691015,114.873599819789,4.36029458223898
611.950554607353,216.686177739589,4.41338528786337
246.617169741306,225.273620195554,3.82193465111876
577.560186244425,437.743848365582,3.77581150989489
300.971488862457,137.362907006341,4.03916046710024
526.384942668272,455.203912289949,3.64010361278857
42.1972200497453,425.485957342421,4.06391200555035
206.989143970931,292.258613915458,3.89168511846779
543.761511535632,270.331440222225,3.79284671430437
180.137816270582,45.4572462561857,3.82655072404726
504.451935053566,343.766162297744,4.59531180500619
42.3534230967898,43.863905109301,3.8439965279596
527.917259962021,158.667702524485,4.51268043700577
NA,NA,NA
661.681925184217,330.262286868657,3.37717941578411
456.373429175715,297.198748410518,3.49604581150482
9.94137152011172,493.999800395206,3.57477539393532
556.267090391086,47.5546012341098,4.18263810965043
69.7458620630565,373.390995379056,3.84784517388737
231.267828959328,411.102402120501,3.89398655654977
428.116998834011,12.1073581740279,3.38878104147405
362.513042933033,295.485253092838,3.03806449885649
606.378530860933,107.79564561024,4.18360843825177
392.112922925753,234.969515837193,4.3569099891652
567.942191907528,408.152529645887,4.68449893625171
141.039075069311,286.458754074552,4.53449282733993
203.415295954641,367.28794098275,3.99441016533145
123.496720861627,407.918620621003,3.39594275051527
628.688100974656,320.163898430488,4.54840184611724
0.607402270305238,144.950052113114,4.20223278279711
542.170700129853,200.766669032449,4.23997705810301
32.1546048124702,492.156799943478,3.05524815687869
281.541089430911,23.138567702517,3.90804602790821
534.841551584686,392.519259547292,3.30354046201571
75.2431584794174,68.5533944757509,5.13344556208221
2.96545930094591,74.9044420045837,3.50755437708758
583.570171903709,227.058614389835,4.08577637850396
439.459820635416,456.932086720315,4.81886180098951
659.553619445107,375.876303488792,3.00519899856033
107.586808611101,484.070933495275,4.46277021837098
621.171023018912,91.2070961766163,4.08782093680471
421.474070302031,257.69164490596,3.61171018700483
10.2948857166687,181.870822117384,3.05879108824807
57.6871849691015,114.873599819789,4.36029458223898
611.950554607353,216.686177739589,4.41338528786337
246.617169741306,225.273620195554,3.82193465111876
577.560186244425,437.743848365582,3.77581150989489
300.971488862457,137.362907006341,4.03916046710024
526.384942668272,455.203912289949,3.64010361278857
42.1972200497453,425.485957342421,4.06391200555035
206.989143970931,292.258613915458,3.89168511846779
543.761511535632,270.331440222225,3.79284671430437
180.137816270582,45.4572462561857,3.82655072404726
504.451935053566,343.766162297744,4.59531180500619
42.3534230967898,43.863905109301,3.8439965279596
527.917259962021,158.667702524485,4.51268043700577
NA,NA,NA
661.681925184217,330.262286868657,3.37717941578411
456.373429175715,297.198748410518,3.49604581150482
9.94137152011172,493.999800395206,3.57477539393532
556.267090391086,47.5546012341098,4.18263810965043
69.7458620630565,373.390995379056,3.84784517388737
231.267828959328,411.102402120501,3.89398655654977
428.116998834011,12.1073581740279,3.38878104147405
362.513042933033,295.485253092838,3.03806449885649
606.378530860933,107.79564561024,4.18360843825177
392.112922925753,234.969515837193,4.3569099891652
567.942191907528,408.152529645887,4.68449893625171
141.039075069311,286.458754074552,4.53449282733993
203.415295954641,367.28794098275,3.99441016533145
123.496720861627,407.918620621003,3.39594275051527
628.688100974656,320.163898430488,4.54840184611724
0.607402270305238,144.950052113114,4.20223278279711
542.170700129853,200.766669032449,4.23997705810301
32.1546048124702,492.156799943478,3.05524815687869
281.541089430911,23.138567702517,3.90804602790821
534.841551584686,392.519259547292,3.30354046201571
75.2431584794174,68.5533944757509,5.13344556208221
2.96545930094591,74.9044420045837,3.50755437708758
583.570171903709,227.058614389835,4.08577637850396
439.459820635416,456.932086720315,4.81886180098951
659.553619445107,375.876303488792,3.00519899856033
107.586808611101,484.070933495275,4.46277021837098
621.171023018912,91.2070961766163,4.08782093680471
421.474070302031,257.69164490596,3.61171018700483
10.2948857166687,181.870822117384,3.05879108824807
57.6871849691015,114.873599819789,4.36029458223898
611.950554607353,216.686177739589,4.41338528786337
246.617169741306,225.273620195554,3.82193465111876
577.560186244425,437.743848365582,3.77581150989489
300.971488862457,137.362907006341,4.03916046710024
526.384942668272,455.203912289949,3.64010361278857
42.1972200497453,425.485957342421,4.06391200555035
206.989143970931,292.258613915458,3.89168511846779
543.761511535632,270.331440222225,3.79284671430437
180.137816270582,45.4572462561857,3.82655072404726
504.451935053566,343.766162297744,4.59531180500619
42.3534230967898,43.863905109301,3.8439965279596
527.917259962021,158.667702524485,4.51268043700577
NA,NA,NA
661.681925184217,330.262286868657,3.37717941578411
456.373429175715,297.198748410518,3.49604581150482
9.94137152011172,493.999800395206,3.57477539393532
556.267090391086,47.5546012341098,4.18263810965043
69.7458620630565,373.390995379056,3.84784517388737
231.267828959328,411.102402120501,3.89398655654977
428.116998834011,12.1073581740279,3.38878104147405
362.513042933033,295.485253092838,3.03806449885649
606.378530860933,107.79564561024,4.18360843825177
392.112922925753,234.969515837193,4.3569099891652
567.942191907528,408.152529645887,4.68449893625171
141.039075069311,286.458754074552,4.53449282733993
203.415295954641,367.28794098275,3.99441016533145
123.496720861627,407.918620621003,3.39594275051527
628.688100974656,320.163898430488,4.54840184611724
0.607402270305238,144.950052113114,4.20223278279711
542.170700129853,200.766669032449,4.23997705810301
32.1546048124702,492.156799943478,3.05524815687869
281.541089430911,23.138567702517,3.90804602790821
534.841551584686,392.519259547292,3.30354046201571
75.2431584794174,68.5533944757509,5.13344556208221
2.96545930094591,74.9044420045837,3.50755437708758
583.570171903709,227.058614389835,4.08577637850396
439.459820635416,456.932086720315,4.81886180098951
659.553619445107,375.876303488792,3.00519899856033
107.586808611101,484.070933495275,4.46277021837098
621.171023018912,91.2070961766163,4.08782093680471
421.474070302031,257.69164490596,3.61171018700483
10.2948857166687,181.870822117384,3.05879108824807
57.6871849691015,114.873599819789,4.36029458223898
611.950554607353,216.686177739589,4.41338528786337
246.617169741306,225.273620195554,3.82193465111876
577.560186244425,437.743848365582,3.77581150989489
300.971488862457,137.362907006341,4.03916046710024
526.384942668272,455.203912289949,3.64010361278857
42.1972200497453,425.485957342421,4.06391200555035
206.989143970931,292.258613915458,3.89168511846779
543.761511535632,270.331440222225,3.79284671430437
180.137816270582,45.4572462561857,3.82655072404726
504.451935053566,343.766162297744,4.59531180500619
42.3534230967898,43.863905109301,3.8439965279596
527.917259962021,158.667702524485,4.51268043700577
NA,NA,NA
661.681925184217,330.262286868657,3.37717941578411
456.373429175715,297.198748410518,3.49604581150482
9.94137152011172,493.999800395206,3.57477539393532
556.267090391086,47.5546012341098,4.18263810965043
69.7458620630565,373.390995379056,3.84784517388737
231.267828959328,411.102402120501,3.89398655654977
428.116998834011,12.1073581740279,3.38878104147405
362.513042933033,295.485253092838,3.03806449885649
606.378530860933,107.79564561024,4.18360843825177
392.112922925753,234.969515837193,4.3569099891652
567.942191907528,408.152529645887,4.68449893625171
141.039075069311,286.458754074552,4.53449282733993
203.415295954641,367.28794098275,3.99441016533145
123.496720861627,407.918620621003,3.39594275051527
628.688100974656,320.163898430488,4.54840184611724
0.607402270305238,144.950052113114,4.20223278279711
542.170700129853,200.766669032449,4.23997705810301
32.1546048124702,492.156799943478,3.05524815687869
281.541089430911,23.138567702517,3.90804602790821
534.841551584686,392.519259547292,3.30354046201571
75.2431584794174,68.5533944757509,5.13344556208221
2.96545930094591,74.9044420045837,3.50755437708758
583.570171903709,227.058614389835,4.08577637850396
439.459820635416,456.932086720315,4.81886180098951
659.553619445107,375.876303488792,3.00519899856033
107.586808611101,484.070933495275,4.46277021837098
621.171023018912,91.2070961766163,4.08782093680471
421.474070302031,257.69164490596,3.61171018700483
10.2948857166687,181.870822117384,3.05879108824807
57.6871849691015,114.873599819789,4.36029458223898
611.950554607353,216.686177739589,4.41338528786337
246.617169741306,225.273620195554,3.82193465111876
577.560186244425,437.743848365582,3.77581150989489
300.971488862457,137.362907006341,4.03916046710024
526.384942668272,455.203912289949,3.64010361278857
42.1972200497453,425.485957342421,4.06391200555035
206.989143970931,292.258613915458,3.89168511846779
543.761511535632,270.331440222225,3.79284671430437
180.137816270582,45.4572462561857,3.82655072404726
504.451935053566,343.766162297744,4.59531180500619
42.3534230967898,43.863905109301,3.8439965279596
527.917259962021,158.667702524485,4.51268043700577
NA,NA,NA
661.681925184217,330.262286868657,3.37717941578411
456.373429175715,297.198748410518,3.49604581150482
9.94137152011172,493.999800395206,3.57477539393532
556.267090391086,47.5546012341098,4.18263810965043
69.7458620630565,373.390995379056,3.84784517388737
231.267828959328,411.102402120501,3.89398655654977
428.116998834011,12.1073581740279,3.38878104147405
362.513042933033,295.485253092838,3.03806449885649
606.378530860933,107.79564561024,4.18360843825177
392.112922925753,234.969515837193,4.3569099891652
567.942191907528,408.152529645887,4.68449893625171
141.039075069311,286.458754074552,4.53449282733993
203.415295954641,367.28794098275,3.99441016533145
123.496720861627,407.918620621003,3.39594275051527
628.688100974656,320.163898430488,4.54840184611724
0.607402270305238,144.950052113114,4.20223278279711
542.170700129853,200.766669032449,4.23997705810301
32.1546048124702,492.156799943478,3.05524815687869
281.541089430911,23.138567702517,3.90804602790821
534.841551584686,392.519259547292,3.30354046201571
75.2431584794174,68.5533944757509,5.13344556208221
2.96545930094591,74.9044420045837,3.50755437708758
583.570171903709,227.058614389835,4.08577637850396
439.459820635416,456.932086720315,4.81886180098951
659.553619445107,375.876303488792,3.00519899856033
107.586808611101,484.070933495275,4.46277021837098
621.171023018912,91.2070961766163,4.08782093680471
421.474070302031,257.69164490596,3.61171018700483
10.2948857166687,181.870822117384,3.05879108824807
57.6871849691015,114.873599819789,4.36029458223898
611.950554607353,216.686177739589,4.41338528786337
246.617169741306,225.273620195554,3.82193465111876
577.560186244425,437.743848365582,3.77581150989489
300.971488862457,137.362907006341,4.03916046710024
526.384942668272,455.203912289949,3.64010361278857
42.1972200497453,425.485957342421,4.06391200555035
206.989143970931,292.258613915458,3.89168511846779
543.761511535632,270.331440222225,3.79284671430437
180.137816270582,45.4572462561857,3.82655072404726
504.451935053566,343.766162297744,4.59531180500619
42.3534230967898,43.863905109301,3.8439965279596
527.917259962021,158.667702524485,4.51268043700577
NA,NA,NA
664.705273647853,334.160561317365,3.39687938678076
454.699081280431,298.106686282783,3.59496285711053
4.99060935058446,495.959493353959,3.68829100787936
559.424769496502,46.3346793998673,4.18692914799056
72.1737029393569,372.470702638334,3.98828789983433
229.746208479389,410.743126902463,3.91156175425245
427.381014990376,13.6595554523816,3.41445126819696
358.300587822806,293.59991829981,3.03492506017738
599.610022774731,105.55526556146,4.11266724670113
393.528823417532,232.490733021988,4.2353115116193
570.137572776459,402.026675437796,4.65809480581627
141.54472803544,281.000686245089,4.52746400063329
200.987476508324,374.38274747182,3.96065579886876
125.282285877033,408.147606504535,3.57556861731887
628.408984927806,313.55144407708,4.52692188874207
1.18394437277367,151.435080225455,4.3600404410168
543.316375471441,203.676450968569,4.11788793910108
35.7750503134667,490.282572483516,2.94741215306867
279.432396460641,24.2172727591392,3.69499779677676
534.601532121799,392.493914029392,3.41304262110634
69.0459197696138,77.1918919329179,5.31769999677559
5.69919705825892,74.2819236564837,3.55930457991246
589.12164403111,226.002954862481,4.06270143904172
442.735036532732,459.850995909619,4.86243216561317
660.955181738365,372.228011285237,3.06266973977727
106.075343158092,490.992278127876,4.37757744410833
624.501015690455,89.0311162433284,4.08833052766924
418.287606601942,256.295169147121,3.6068309909117
8.91210682889368,181.146226154312,3.24552526861334
71.4836696767466,120.379247767038,4.26800917523526
605.46439090997,197.643964191949,4.1904164049639
250.579723829794,215.66620523984,3.86378796372788
577.547908298655,439.226442391306,3.85194870781141
301.806841552388,138.708835367594,3.84023533814317
528.283553133634,461.474088085485,3.55523599733971
48.1139134926254,423.478378050126,4.00285909805902
204.336488802471,273.389558994244,4.03816372107003
544.764448243446,264.00178914993,3.90527591149883
175.342937022957,19.015587512896,4.28538275264189
494.692513077477,347.98201401341,4.3498474633449
44.0348514802956,56.3234662971169,3.78494924081794
511.273897393157,152.320516376622,4.71281425709864
NA,NA,NA
664.705273647853,334.160561317365,3.39687938678076
454.699081280431,298.106686282783,3.59496285711053
4.99060935058446,495.959493353959,3.68829100787936
559.424769496502,46.3346793998673,4.18692914799056
72.1737029393569,372.470702638334,3.98828789983433
229.746208479389,410.743126902463,3.91156175425245
427.381014990376,13.6595554523816,3.41445126819696
358.300587822806,293.59991829981,3.03492506017738
599.610022774731,105.55526556146,4.11266724670113
393.528823417532,232.490733021988,4.2353115116193
570.137572776459,402.026675437796,4.65809480581627
141.54472803544,281.000686245089,4.52746400063329
200.987476508324,374.38274747182,3.96065579886876
125.282285877033,408.147606504535,3.57556861731887
628.408984927806,313.55144407708,4.52692188874207
1.18394437277367,151.435080225455,4.3600404410168
543.316375471441,203.676450968569,4.11788793910108
35.7750503134667,490.282572483516,2.94741215306867
279.432396460641,24.2172727591392,3.69499779677676
534.601532121799,392.493914029392,3.41304262110634
69.0459197696138,77.1918919329179,5.31769999677559
5.69919705825892,74.2819236564837,3.55930457991246
589.12164403111,226.002954862481,4.06270143904172
442.735036532732,459.850995909619,4.86243216561317
660.955181738365,372.228011285237,3.06266973977727
106.075343158092,490.992278127876,4.37757744410833
624.501015690455,89.0311162433284,4.08833052766924
418.287606601942,256.295169147121,3.6068309909117
8.91210682889368,181.146226154312,3.24552526861334
71.4836696767466,120.379247767038,4.26800917523526
605.46439090997,197.643964191949,4.1904164049639
250.579723829794,215.66620523984,3.86378796372788
577.547908298655,439.226442391306,3.85194870781141
301.806841552388,138.708835367594,3.84023533814317
528.283553133634,461.474088085485,3.55523599733971
48.1139134926254,423.478378050126,4.00285909805902
204.336488802471,273.389558994244,4.03816372107003
544.764448243446,264.00178914993,3.90527591149883
175.342937022957,19.015587512896,4.28538275264189
494.692513077477,347.98201401341,4.3498474633449
44.0348514802956,56.3234662971169,3.78494924081794
511.273897393157,152.320516376622,4.71281425709864
NA,NA,NA
664.705273647853,334.160561317365,3.39687938678076
454.699081280431,298.106686282783,3.59496285711053
4.99060935058446,495.959493353959,3.68829100787936
559.424769496502,46.3346793998673,4.18692914799056
72.1737029393569,372.470702638334,3.98828789983433
229.746208479389,410.743126902463,3.91156175425245
427.381014990376,13.6595554523816,3.41445126819696
358.300587822806,293.59991829981,3.03492506017738
599.610022774731,105.55526556146,4.11266724670113
393.528823417532,232.490733021988,4.2353115116193
570.137572776459,402.026675437796,4.65809480581627
141.54472803544,281.000686245089,4.52746400063329
200.987476508324,374.38274747182,3.96065579886876
125.282285877033,408.147606504535,3.57556861731887
628.408984927806,313.55144407708,4.52692188874207
1.18394437277367,151.435080225455,4.3600404410168
543.316375471441,203.676450968569,4.11788793910108
35.7750503134667,490.282572483516,2.94741215306867
279.432396460641,24.2172727591392,3.69499779677676
534.601532121799,392.493914029392,3.41304262110634
69.0459197696138,77.1918919329179,5.31769999677559
5.69919705825892,74.2819236564837,3.55930457991246
589.12164403111,226.002954862481,4.06270143904172
442.735036532732,459.850995909619,4.86243216561317
660.955181738365,372.228011285237,3.06266973977727
106.075343158092,490.992278127876,4.37757744410833
624.501015690455,89.0311162433284,4.08833052766924
418.287606601942,256.295169147121,3.6068309909117
8.91210682889368,181.146226154312,3.24552526861334
71.4836696767466,120.379247767038,4.26800917523526
605.46439090997,197.643964191949,4.1904164049639
250.579723829794,215.66620523984,3.86378796372788
577.547908298655,439.226442391306,3.85194870781141
301.806841552388,138.708835367594,3.84023533814317
528.283553133634,461.474088085485,3.55523599733971
48.1139134926254,423.478378050126,4.00285909805902
204.336488802471,273.389558994244,4.03816372107003
544.764448243446,264.00178914993,3.90527591149883
175.342937022957,19.015587512896,4.28538275264189
494.692513077477,347.98201401341,4.3498474633449
44.0348514802956,56.3234662971169,3.78494924081794
511.273897393157,152.320516376622,4.71281425709864
NA,NA,NA
664.705273647853,334.160561317365,3.39687938678076
454.699081280431,298.106686282783,3.59496285711053
4.99060935058446,495.959493353959,3.68829100787936
559.424769496502,46.3346793998673,4.18692914799056
72.1737029393569,372.470702638334,3.98828789983433
229.746208479389,410.743126902463,3.91156175425245
427.381014990376,13.6595554523816,3.41445126819696
358.300587822806,293.59991829981,3.03492506017738
599.610022774731,105.55526556146,4.11266724670113
393.528823417532,232.490733021988,4.2353115116193
570.137572776459,402.026675437796,4.65809480581627
141.54472803544,281.000686245089,4.52746400063329
200.987476508324,374.38274747182,3.96065579886876
125.282285877033,408.147606504535,3.57556861731887
628.408984927806,313.55144407708,4.52692188874207
1.18394437277367,151.435080225455,4.3600404410168
543.316375471441,203.676450968569,4.11788793910108
35.7750503134667,490.282572483516,2.94741215306867
279.432396460641,24.2172727591392,3.69499779677676
534.601532121799,392.493914029392,3.41304262110634
69.0459197696138,77.1918919329179,5.31769999677559
5.69919705825892,74.2819236564837,3.55930457991246
589.12164403111,226.002954862481,4.06270143904172
442.735036532732,459.850995909619,4.86243216561317
660.955181738365,372.228011285237,3.06266973977727
106.075343158092,490.992278127876,4.37757744410833
624.501015690455,89.0311162433284,4.08833052766924
418.287606601942,256.295169147121,3.6068309909117
8.91210682889368,181.146226154312,3.24552526861334
71.4836696767466,120.379247767038,4.26800917523526
605.46439090997,197.643964191949,4.1904164049639
250.579723829794,215.66620523984,3.86378796372788
577.547908298655,439.226442391306,3.85194870781141
301.806841552388,138.708835367594,3.84023533814317
528.283553133634,461.474088085485,3.55523599733971
48.1139134926254,423.478378050126,4.00285909805902
204.336488802471,273.389558994244,4.03816372107003
544.764448243446,264.00178914993,3.90527591149883
175.342937022957,19.015587512896,4.28538275264189
494.692513077477,347.98201401341,4.3498474633449
44.0348514802956,56.3234662971169,3.78494924081794
511.273897393157,152.320516376622,4.71281425709864
NA,NA,NA
664.705273647853,334.160561317365,3.39687938678076
454.699081280431,298.106686282783,3.59496285711053
4.99060935058446,495.959493353959,3.68829100787936
559.424769496502,46.3346793998673,4.18692914799056
72.1737029393569,372.470702638334,3.98828789983433
229.746208479389,410.743126902463,3.91156175425245
427.381014990376,13.6595554523816,3.41445126819696
358.300587822806,293.59991829981,3.03492506017738
599.610022774731,105.55526556146,4.11266724670113
393.528823417532,232.490733021988,4.2353115116193
570.137572776459,402.026675437796,4.65809480581627
141.54472803544,281.000686245089,4.52746400063329
200.987476508324,374.38274747182,3.96065579886876
125.282285877033,408.147606504535,3.57556861731887
628.408984927806,313.55144407708,4.52692188874207
1.18394437277367,151.435080225455,4.3600404410168
543.316375471441,203.676450968569,4.11788793910108
35.7750503134667,490.282572483516,2.94741215306867
279.432396460641,24.2172727591392,3.69499779677676
534.601532121799,392.493914029392,3.41304262110634
69.0459197696138,77.1918919329179,5.31769999677559
5.69919705825892,74.2819236564837,3.55930457991246
589.12164403111,226.002954862481,4.06270143904172
442.735036532732,459.850995909619,4.86243216561317
660.955181738365,372.228011285237,3.06266973977727
106.075343158092,490.992278127876,4.37757744410833
624.501015690455,89.0311162433284,4.08833052766924
418.287606601942,256.295169147121,3.6068309909117
8.91210682889368,181.146226154312,3.24552526861334
71.4836696767466,120.379247767038,4.26800917523526
605.46439090997,197.643964191949,4.1904164049639
250.579723829794,215.66620523984,3.86378796372788
577.547908298655,439.226442391306,3.85194870781141
301.806841552388,138.708835367594,3.84023533814317
528.283553133634,461.474088085485,3.55523599733971
48.1139134926254,423.478378050126,4.00285909805902
204.336488802471,273.389558994244,4.03816372107003
544.764448243446,264.00178914993,3.90527591149883
175.342937022957,19.015587512896,4.28538275264189
494.692513077477,347.98201401341,4.3498474633449
44.0348514802956,56.3234662971169,3.78494924081794
511.273897393157,152.320516376622,4.71281425709864
NA,NA,NA
664.705273647853,334.160561317365,3.39687938678076
454.699081280431,298.106686282783,3.59496285711053
4.99060935058446,495.959493353959,3.68829100787936
559.424769496502,46.3346793998673,4.18692914799056
72.1737029393569,372.470702638334,3.98828789983433
229.746208479389,410.743126902463,3.91156175425245
427.381014990376,13.6595554523816,3.41445126819696
358.300587822806,293.59991829981,3.03492506017738
599.610022774731,105.55526556146,4.11266724670113
393.528823417532,232.490733021988,4.2353115116193
570.137572776459,402.026675437796,4.65809480581627
141.54472803544,281.000686245089,4.52746400063329
200.987476508324,374.38274747182,3.96065579886876
125.282285877033,408.147606504535,3.57556861731887
628.408984927806,313.55144407708,4.52692188874207
1.18394437277367,151.435080225455,4.3600404410168
543.316375471441,203.676450968569,4.11788793910108
35.7750503134667,490.282572483516,2.94741215306867
279.432396460641,24.2172727591392,3.69499779677676
534.601532121799,392.493914029392,3.41304262110634
69.0459197696138,77.1918919329179,5.31769999677559
5.69919705825892,74.2819236564837,3.55930457991246
589.12164403111,226.002954862481,4.06270143904172
442.735036532732,459.850995909619,4.86243216561317
660.955181738365,372.228011285237,3.06266973977727
106.075343158092,490.992278127876,4.37757744410833
624.501015690455,89.0311162433284,4.08833052766924
418.287606601942,256.295169147121,3.6068309909117
8.91210682889368,181.146226154312,3.24552526861334
71.4836696767466,120.379247767038,4.26800917523526
605.46439090997,197.643964191949,4.1904164049639
250.579723829794,215.66620523984,3.86378796372788
577.547908298655,439.226442391306,3.85194870781141
301.806841552388,138.708835367594,3.84023533814317
528.283553133634,461.474088085485,3.55523599733971
48.1139134926254,423.478378050126,4.00285909805902
204.336488802471,273.389558994244,4.03816372107003
544.764448243446,264.00178914993,3.90527591149883
175.342937022957,19.015587512896,4.28538275264189
494.692513077477,347.98201401341,4.3498474633449
44.0348514802956,56.3234662971169,3.78494924081794
511.273897393157,152.320516376622,4.71281425709864
NA,NA,NA
657.9894225762,333.719909269034,3.58828181847001
455.579051993878,300.354058122225,3.65085584204496
15.0518226776877,492.074386790414,3.57861740093704
558.58565114056,51.9906202576546,4.0503167826528
72.0671282580532,371.285781062336,4.10120158862582
226.028064324459,416.318744375912,4.00461281542537
427.145263702928,11.8738095245658,3.21775123181418
363.155139464121,292.242627752517,3.0698091655786
600.56444722501,105.137565641959,4.18742042388559
399.523918393751,230.340334543752,4.3057634146605
561.474759798248,407.300871391507,4.7318294130017
133.503878158933,283.005912603941,4.43756406651391
199.083183639513,364.502055541781,4.07797874760824
123.736232514662,410.140807038708,3.58336493054493
624.58515806207,314.174374539664,4.59289029231783
8.19760662361749,143.316332498384,4.3229728847044
540.051934956234,207.227861747015,4.26213264118836
34.69974126925,491.262577466394,3.10345153840111
279.939114193588,28.732086826668,3.96444100182123
532.585547631095,392.196169749434,3.33138584803172
78.2119033114508,73.9031936189767,5.12022840959694
6.4309183045806,76.1367966643256,3.56823804084112
586.502649054931,225.937243734199,3.98719644223363
442.665695403563,460.274171107747,4.74223691170482
658.675052208203,373.926014031961,3.09229525720688
105.03602214155,486.867914713021,4.32246277130843
624.836926464133,91.6638303380904,4.04648529793868
421.308216317532,260.132205515986,3.60325060337157
11.369155137253,180.050557133403,3.21959870714784
64.866956806763,123.57212680983,4.63908589980746
591.097884146484,208.485413217456,4.117673476414
258.366038935508,219.007711703048,4.18735812342806
574.147705145727,435.035693731584,3.96157757095832
300.503298511318,135.609087041997,3.80126209697722
535.841191097608,449.109162956304,3.77855309691675
44.6506436276701,426.030309412479,4.33029850119548
207.509731831785,291.118963367911,4.32738077320529
553.046769674762,268.060768451452,3.82700527889749
165.036009927765,23.1329184090774,4.40638988230095
505.166522715011,345.341686802182,4.39601301395811
43.6649167069071,54.9099465076296,3.84394621853687
524.884602913825,149.530912187445,4.41497210319886
NA,NA,NA
657.9894225762,333.719909269034,3.58828181847001
455.579051993878,300.354058122225,3.65085584204496
15.0518226776877,492.074386790414,3.57861740093704
558.58565114056,51.9906202576546,4.0503167826528
72.0671282580532,371.285781062336,4.10120158862582
226.028064324459,416.318744375912,4.00461281542537
427.145263702928,11.8738095245658,3.21775123181418
363.155139464121,292.242627752517,3.0698091655786
600.56444722501,105.137565641959,4.18742042388559
399.523918393751,230.340334543752,4.3057634146605
561.474759798248,407.300871391507,4.7318294130017
133.503878158933,283.005912603941,4.43756406651391
199.083183639513,364.502055541781,4.07797874760824
123.736232514662,410.140807038708,3.58336493054493
624.58515806207,314.174374539664,4.59289029231783
8.19760662361749,143.316332498384,4.3229728847044
540.051934956234,207.227861747015,4.26213264118836
34.69974126925,491.262577466394,3.10345153840111
279.939114193588,28.732086826668,3.96444100182123
532.585547631095,392.196169749434,3.33138584803172
78.2119033114508,73.9031936189767,5.12022840959694
6.4309183045806,76.1367966643256,3.56823804084112
586.502649054931,225.937243734199,3.98719644223363
442.665695403563,460.274171107747,4.74223691170482
658.675052208203,373.926014031961,3.09229525720688
105.03602214155,486.867914713021,4.32246277130843
624.836926464133,91.6638303380904,4.04648529793868
421.308216317532,260.132205515986,3.60325060337157
11.369155137253,180.050557133403,3.21959870714784
64.866956806763,123.57212680983,4.63908589980746
591.097884146484,208.485413217456,4.117673476414
258.366038935508,219.007711703048,4.18735812342806
574.147705145727,435.035693731584,3.96157757095832
300.503298511318,135.609087041997,3.80126209697722
535.841191097608,449.109162956304,3.77855309691675
44.6506436276701,426.030309412479,4.33029850119548
207.509731831785,291.118963367911,4.32738077320529
553.046769674762,268.060768451452,3.82700527889749
165.036009927765,23.1329184090774,4.40638988230095
505.166522715011,345.341686802182,4.39601301395811
43.6649167069071,54.9099465076296,3.84394621853687
524.884602913825,149.530912187445,4.41497210319886
NA,NA,NA
657.9894225762,333.719909269034,3.58828181847001
455.579051993878,300.354058122225,3.65085584204496
15.0518226776877,492.074386790414,3.57861740093704
558.58565114056,51.9906202576546,4.0503167826528
72.0671282580532,371.285781062336,4.10120158862582
226.028064324459,416.318744375912,4.00461281542537
427.145263702928,11.8738095245658,3.21775123181418
363.155139464121,292.242627752517,3.0698091655786
600.56444722501,105.137565641959,4.18742042388559
399.523918393751,230.340334543752,4.3057634146605
561.474759798248,407.300871391507,4.7318294130017
133.503878158933,283.005912603941,4.43756406651391
199.083183639513,364.502055541781,4.07797874760824
123.736232514662,410.140807038708,3.58336493054493
624.58515806207,314.174374539664,4.59289029231783
8.19760662361749,143.316332498384,4.3229728847044
540.051934956234,207.227861747015,4.26213264118836
34.69974126925,491.262577466394,3.10345153840111
279.939114193588,28.732086826668,3.96444100182123
532.585547631095,392.196169749434,3.33138584803172
78.2119033114508,73.9031936189767,5.12022840959694
6.4309183045806,76.1367966643256,3.56823804084112
586.502649054931,225.937243734199,3.98719644223363
442.665695403563,460.274171107747,4.74223691170482
658.675052208203,373.926014031961,3.09229525720688
105.03602214155,486.867914713021,4.32246277130843
624.836926464133,91.6638303380904,4.04648529793868
421.308216317532,260.132205515986,3.60325060337157
11.369155137253,180.050557133403,3.21959870714784
64.866956806763,123.57212680983,4.63908589980746
591.097884146484,208.485413217456,4.117673476414
258.366038935508,219.007711703048,4.18735812342806
574.147705145727,435.035693731584,3.96157757095832
300.503298511318,135.609087041997,3.80126209697722
535.841191097608,449.109162956304,3.77855309691675
44.6506436276701,426.030309412479,4.33029850119548
207.509731831785,291.118963367911,4.32738077320529
553.046769674762,268.060768451452,3.82700527889749
165.036009927765,23.1329184090774,4.40638988230095
505.166522715011,345.341686802182,4.39601301395811
43.6649167069071,54.9099465076296,3.84394621853687
524.884602913825,149.530912187445,4.41497210319886
NA,NA,NA
657.9894225762,333.719909269034,3.58828181847001
455.579051993878,300.354058122225,3.65085584204496
15.0518226776877,492.074386790414,3.57861740093704
558.58565114056,51.9906202576546,4.0503167826528
72.0671282580532,371.285781062336,4.10120158862582
226.028064324459,416.318744375912,4.00461281542537
427.145263702928,11.8738095245658,3.21775123181418
363.155139464121,292.242627752517,3.0698091655786
600.56444722501,105.137565641959,4.18742042388559
399.523918393751,230.340334543752,4.3057634146605
561.474759798248,407.300871391507,4.7318294130017
133.503878158933,283.005912603941,4.43756406651391
199.083183639513,364.502055541781,4.07797874760824
123.736232514662,410.140807038708,3.58336493054493
624.58515806207,314.174374539664,4.59289029231783
8.19760662361749,143.316332498384,4.3229728847044
540.051934956234,207.227861747015,4.26213264118836
34.69974126925,491.262577466394,3.10345153840111
279.939114193588,28.732086826668,3.96444100182123
532.585547631095,392.196169749434,3.33138584803172
78.2119033114508,73.9031936189767,5.12022840959694
6.4309183045806,76.1367966643256,3.56823804084112
586.502649054931,225.937243734199,3.98719644223363
442.665695403563,460.274171107747,4.74223691170482
658.675052208203,373.926014031961,3.09229525720688
105.03602214155,486.867914713021,4.32246277130843
624.836926464133,91.6638303380904,4.04648529793868
421.308216317532,260.132205515986,3.60325060337157
11.369155137253,180.050557133403,3.21959870714784
64.866956806763,123.57212680983,4.63908589980746
591.097884146484,208.485413217456,4.117673476414
258.366038935508,219.007711703048,4.18735812342806
574.147705145727,435.035693731584,3.96157757095832
300.503298511318,135.609087041997,3.80126209697722
535.841191097608,449.109162956304,3.77855309691675
44.6506436276701,426.030309412479,4.33029850119548
207.509731831785,291.118963367911,4.32738077320529
553.046769674762,268.060768451452,3.82700527889749
165.036009927765,23.1329184090774,4.40638988230095
505.166522715011,345.341686802182,4.39601301395811
43.6649167069071,54.9099465076296,3.84394621853687
524.884602913825,149.530912187445,4.41497210319886
NA,NA,NA
657.9894225762,333.719909269034,3.58828181847001
455.579051993878,300.354058122225,3.65085584204496
15.0518226776877,492.074386790414,3.57861740093704
558.58565114056,51.9906202576546,4.0503167826528
72.0671282580532,371.285781062336,4.10120158862582
226.028064324459,416.318744375912,4.00461281542537
427.145263702928,11.8738095245658,3.21775123181418
363.155139464121,292.242627752517,3.0698091655786
600.56444722501,105.137565641959,4.18742042388559
399.523918393751,230.340334543752,4.3057634146605
561.474759798248,407.300871391507,4.7318294130017
133.503878158933,283.005912603941,4.43756406651391
199.083183639513,364.502055541781,4.07797874760824
123.736232514662,410.140807038708,3.58336493054493
624.58515806207,314.174374539664,4.59289029231783
8.19760662361749,143.316332498384,4.3229728847044
540.051934956234,207.227861747015,4.26213264118836
34.69974126925,491.262577466394,3.10345153840111
279.939114193588,28.732086826668,3.96444100182123
532.585547631095,392.196169749434,3.33138584803172
78.2119033114508,73.9031936189767,5.12022840959694
6.4309183045806,76.1367966643256,3.56823804084112
586.502649054931,225.937243734199,3.98719644223363
442.665695403563,460.274171107747,4.74223691170482
658.675052208203,373.926014031961,3.09229525720688
105.03602214155,486.867914713021,4.32246277130843
624.836926464133,91.6638303380904,4.04648529793868
421.308216317532,260.132205515986,3.60325060337157
11.369155137253,180.050557133403,3.21959870714784
64.866956806763,123.57212680983,4.63908589980746
591.097884146484,208.485413217456,4.117673476414
258.366038935508,219.007711703048,4.18735812342806
574.147705145727,435.035693731584,3.96157757095832
300.503298511318,135.609087041997,3.80126209697722
535.841191097608,449.109162956304,3.77855309691675
44.6506436276701,426.030309412479,4.33029850119548
207.509731831785,291.118963367911,4.32738077320529
553.046769674762,268.060768451452,3.82700527889749
165.036009927765,23.1329184090774,4.40638988230095
505.166522715011,345.341686802182,4.39601301395811
43.6649167069071,54.9099465076296,3.84394621853687
524.884602913825,149.530912187445,4.41497210319886
NA,NA,NA
657.9894225762,333.719909269034,3.58828181847001
455.579051993878,300.354058122225,3.65085584204496
15.0518226776877,492.074386790414,3.57861740093704
558.58565114056,51.9906202576546,4.0503167826528
72.0671282580532,371.285781062336,4.10120158862582
226.028064324459,416.318744375912,4.00461281542537
427.145263702928,11.8738095245658,3.21775123181418
363.155139464121,292.242627752517,3.0698091655786
600.56444722501,105.137565641959,4.18742042388559
399.523918393751,230.340334543752,4.3057634146605
561.474759798248,407.300871391507,4.7318294130017
133.503878158933,283.005912603941,4.43756406651391
199.083183639513,364.502055541781,4.07797874760824
123.736232514662,410.140807038708,3.58336493054493
624.58515806207,314.174374539664,4.59289029231783
8.19760662361749,143.316332498384,4.3229728847044
540.051934956234,207.227861747015,4.26213264118836
34.69974126925,491.262577466394,3.10345153840111
279.939114193588,28.732086826668,3.96444100182123
532.585547631095,392.196169749434,3.33138584803172
78.2119033114508,73.9031936189767,5.12022840959694
6.4309183045806,76.1367966643256,3.56823804084112
586.502649054931,225.937243734199,3.98719644223363
442.665695403563,460.274171107747,4.74223691170482
658.675052208203,373.926014031961,3.09229525720688
105.03602214155,486.867914713021,4.32246277130843
624.836926464133,91.6638303380904,4.04648529793868
421.308216317532,260.132205515986,3.60325060337157
11.369155137253,180.050557133403,3.21959870714784
64.866956806763,123.57212680983,4.63908589980746
591.097884146484,208.485413217456,4.117673476414
258.366038935508,219.007711703048,4.18735812342806
574.147705145727,435.035693731584,3.96157757095832
300.503298511318,135.609087041997,3.80126209697722
535.841191097608,449.109162956304,3.77855309691675
44.6506436276701,426.030309412479,4.33029850119548
207.509731831785,291.118963367911,4.32738077320529
553.046769674762,268.060768451452,3.82700527889749
165.036009927765,23.1329184090774,4.40638988230095
505.166522715011,345.341686802182,4.39601301395811
43.6649167069071,54.9099465076296,3.84394621853687
524.884602913825,149.530912187445,4.41497210319886
NA,NA,NA
662.70365214327,331.060495528835,3.46459425238832
456.847074721419,300.27403202842,3.58220617497593
13.2398113199791,494.827271125415,3.68905413003768
558.205330073056,52.0102608622854,4.1934357213879
69.6241816500847,380.074850057638,3.96711243529648
230.86277355498,415.524536249133,3.87897838429636
427.472100941973,11.6161435822981,3.35897661562766
363.186439721765,294.886339784082,3.06754165047808
604.812239614426,106.13590762907,3.98151873956257
393.674288579748,228.377008035534,4.31171848066066
566.644400319146,405.627110494092,4.71238650750405
138.95586894608,284.028991644878,4.54851647465952
199.919981068974,369.549837796595,4.15009185728598
127.41168272387,413.795732189866,3.42029428064124
630.380399220998,316.101158195125,4.55019935774027
4.23939243988889,153.075338018428,4.20840457537241
540.107299835578,205.640303596709,4.12204023385892
35.9257149309416,493.046901519791,3.00190002057227
277.542770783561,22.4666318809405,3.9959803168502
532.770290440666,392.163822347259,3.3609303263361
70.6397294601338,80.4640145102639,5.30019888127208
6.3696447934022,76.8485467466083,3.48334298633816
587.462958022955,224.574635521884,3.96966218519614
440.942199997554,453.21808948351,4.68327363893946
658.664772815363,371.196467936541,2.95262907886474
106.224228295901,488.672246786186,4.42784249416962
622.316629074686,89.5122876113553,4.07428834644407
419.561553026749,258.015503118362,3.53426558078567
12.6470751881157,182.84657868702,3.05567235111575
66.0992994972822,129.669907542689,4.29709129759297
617.225042308964,197.708100825004,4.24128023402592
250.67418907129,217.56718662537,3.84813533925127
580.625694114807,441.881653710183,3.49086559413622
296.77942673314,136.73466058663,3.93838523943351
525.887039830887,453.502265045481,3.58038291448654
36.2278729399696,419.763621028606,4.32225421463549
194.860720926783,287.783233809106,3.96049928359381
556.4325252184,269.009621434689,3.91613897526471
188.859854122826,34.0636083128948,4.595359767836
499.562050863067,346.248648896087,4.51165257279749
45.9600106545636,46.5838560398142,3.90803545585754
539.463280944472,152.830844176104,5.08959462944778
NA,NA,NA
662.70365214327,331.060495528835,3.46459425238832
456.847074721419,300.27403202842,3.58220617497593
13.2398113199791,494.827271125415,3.68905413003768
558.205330073056,52.0102608622854,4.1934357213879
69.6241816500847,380.074850057638,3.96711243529648
230.86277355498,415.524536249133,3.87897838429636
427.472100941973,11.6161435822981,3.35897661562766
363.186439721765,294.886339784082,3.06754165047808
604.812239614426,106.13590762907,3.98151873956257
393.674288579748,228.377008035534,4.31171848066066
566.644400319146,405.627110494092,4.71238650750405
138.95586894608,284.028991644878,4.54851647465952
199.919981068974,369.549837796595,4.15009185728598
127.41168272387,413.795732189866,3.42029428064124
630.380399220998,316.101158195125,4.55019935774027
4.23939243988889,153.075338018428,4.20840457537241
540.107299835578,205.640303596709,4.12204023385892
35.9257149309416,493.046901519791,3.00190002057227
277.542770783561,22.4666318809405,3.9959803168502
532.770290440666,392.163822347259,3.3609303263361
70.6397294601338,80.4640145102639,5.30019888127208
6.3696447934022,76.8485467466083,3.48334298633816
587.462958022955,224.574635521884,3.96966218519614
440.942199997554,453.21808948351,4.68327363893946
658.664772815363,371.196467936541,2.95262907886474
106.224228295901,488.672246786186,4.42784249416962
622.316629074686,89.5122876113553,4.07428834644407
419.561553026749,258.015503118362,3.53426558078567
12.6470751881157,182.84657868702,3.05567235111575
66.0992994972822,129.669907542689,4.29709129759297
617.225042308964,197.708100825004,4.24128023402592
250.67418907129,217.56718662537,3.84813533925127
580.625694114807,441.881653710183,3.49086559413622
296.77942673314,136.73466058663,3.93838523943351
525.887039830887,453.502265045481,3.58038291448654
36.2278729399696,419.763621028606,4.32225421463549
194.860720926783,287.783233809106,3.96049928359381
556.4325252184,269.009621434689,3.91613897526471
188.859854122826,34.0636083128948,4.595359767836
499.562050863067,346.248648896087,4.51165257279749
45.9600106545636,46.5838560398142,3.90803545585754
539.463280944472,152.830844176104,5.08959462944778
NA,NA,NA
662.70365214327,331.060495528835,3.46459425238832
456.847074721419,300.27403202842,3.58220617497593
13.2398113199791,494.827271125415,3.68905413003768
558.205330073056,52.0102608622854,4.1934357213879
69.6241816500847,380.074850057638,3.96711243529648
230.86277355498,415.524536249133,3.87897838429636
427.472100941973,11.6161435822981,3.35897661562766
363.186439721765,294.886339784082,3.06754165047808
604.812239614426,106.13590762907,3.98151873956257
393.674288579748,228.377008035534,4.31171848066066
566.644400319146,405.627110494092,4.71238650750405
138.95586894608,284.028991644878,4.54851647465952
199.919981068974,369.549837796595,4.15009185728598
127.41168272387,413.795732189866,3.42029428064124
630.380399220998,316.101158195125,4.55019935774027
4.23939243988889,153.075338018428,4.20840457537241
540.107299835578,205.640303596709,4.12204023385892
35.9257149309416,493.046901519791,3.00190002057227
277.542770783561,22.4666318809405,3.9959803168502
532.770290440666,392.163822347259,3.3609303263361
70.6397294601338,80.4640145102639,5.30019888127208
6.3696447934022,76.8485467466083,3.48334298633816
587.462958022955,224.574635521884,3.96966218519614
440.942199997554,453.21808948351,4.68327363893946
658.664772815363,371.196467936541,2.95262907886474
106.224228295901,488.672246786186,4.42784249416962
622.316629074686,89.5122876113553,4.07428834644407
419.561553026749,258.015503118362,3.53426558078567
12.6470751881157,182.84657868702,3.05567235111575
66.0992994972822,129.669907542689,4.29709129759297
617.225042308964,197.708100825004,4.24128023402592
250.67418907129,217.56718662537,3.84813533925127
580.625694114807,441.881653710183,3.49086559413622
296.77942673314,136.73466058663,3.93838523943351
525.887039830887,453.502265045481,3.58038291448654
36.2278729399696,419.763621028606,4.32225421463549
194.860720926783,287.783233809106,3.96049928359381
556.4325252184,269.009621434689,3.91613897526471
188.859854122826,34.0636083128948,4.595359767836
499.562050863067,346.248648896087,4.51165257279749
45.9600106545636,46.5838560398142,3.90803545585754
539.463280944472,152.830844176104,5.08959462944778
NA,NA,NA
662.70365214327,331.060495528835,3.46459425238832
456.847074721419,300.27403202842,3.58220617497593
13.2398113199791,494.827271125415,3.68905413003768
558.205330073056,52.0102608622854,4.1934357213879
69.6241816500847,380.074850057638,3.96711243529648
230.86277355498,415.524536249133,3.87897838429636
427.472100941973,11.6161435822981,3.35897661562766
363.186439721765,294.886339784082,3.06754165047808
604.812239614426,106.13590762907,3.98151873956257
393.674288579748,228.377008035534,4.31171848066066
566.644400319146,405.627110494092,4.71238650750405
138.95586894608,284.028991644878,4.54851647465952
199.919981068974,369.549837796595,4.15009185728598
127.41168272387,413.795732189866,3.42029428064124
630.380399220998,316.101158195125,4.55019935774027
4.23939243988889,153.075338018428,4.20840457537241
540.107299835578,205.640303596709,4.12204023385892
35.9257149309416,493.046901519791,3.00190002057227
277.542770783561,22.4666318809405,3.9959803168502
532.770290440666,392.163822347259,3.3609303263361
70.6397294601338,80.4640145102639,5.30019888127208
6.3696447934022,76.8485467466083,3.48334298633816
587.462958022955,224.574635521884,3.96966218519614
440.942199997554,453.21808948351,4.68327363893946
658.664772815363,371.196467936541,2.95262907886474
106.224228295901,488.672246786186,4.42784249416962
622.316629074686,89.5122876113553,4.07428834644407
419.561553026749,258.015503118362,3.53426558078567
12.6470751881157,182.84657868702,3.05567235111575
66.0992994972822,129.669907542689,4.29709129759297
617.225042308964,197.708100825004,4.24128023402592
250.67418907129,217.56718662537,3.84813533925127
580.625694114807,441.881653710183,3.49086559413622
296.77942673314,136.73466058663,3.93838523943351
525.887039830887,453.502265045481,3.58038291448654
36.2278729399696,419.763621028606,4.32225421463549
194.860720926783,287.783233809106,3.96049928359381
556.4325252184,269.009621434689,3.91613897526471
188.859854122826,34.0636083128948,4.595359767836
499.562050863067,346.248648896087,4.51165257279749
45.9600106545636,46.5838560398142,3.90803545585754
539.463280944472,152.830844176104,5.08959462944778
NA,NA,NA
662.70365214327,331.060495528835,3.46459425238832
456.847074721419,300.27403202842,3.58220617497593
13.2398113199791,494.827271125415,3.68905413003768
558.205330073056,52.0102608622854,4.1934357213879
69.6241816500847,380.074850057638,3.96711243529648
230.86277355498,415.524536249133,3.87897838429636
427.472100941973,11.6161435822981,3.35897661562766
363.186439721765,294.886339784082,3.06754165047808
604.812239614426,106.13590762907,3.98151873956257
393.674288579748,228.377008035534,4.31171848066066
566.644400319146,405.627110494092,4.71238650750405
138.95586894608,284.028991644878,4.54851647465952
199.919981068974,369.549837796595,4.15009185728598
127.41168272387,413.795732189866,3.42029428064124
630.380399220998,316.101158195125,4.55019935774027
4.23939243988889,153.075338018428,4.20840457537241
540.107299835578,205.640303596709,4.12204023385892
35.9257149309416,493.046901519791,3.00190002057227
277.542770783561,22.4666318809405,3.9959803168502
532.770290440666,392.163822347259,3.3609303263361
70.6397294601338,80.4640145102639,5.30019888127208
6.3696447934022,76.8485467466083,3.48334298633816
587.462958022955,224.574635521884,3.96966218519614
440.942199997554,453.21808948351,4.68327363893946
658.664772815363,371.196467936541,2.95262907886474
106.224228295901,488.672246786186,4.42784249416962
622.316629074686,89.5122876113553,4.07428834644407
419.561553026749,258.015503118362,3.53426558078567
12.6470751881157,182.84657868702,3.05567235111575
66.0992994972822,129.669907542689,4.29709129759297
617.225042308964,197.708100825004,4.24128023402592
250.67418907129,217.56718662537,3.84813533925127
580.625694114807,441.881653710183,3.49086559413622
296.77942673314,136.73466058663,3.93838523943351
525.887039830887,453.502265045481,3.58038291448654
36.2278729399696,419.763621028606,4.32225421463549
194.860720926783,287.783233809106,3.96049928359381
556.4325252184,269.009621434689,3.91613897526471
188.859854122826,34.0636083128948,4.595359767836
499.562050863067,346.248648896087,4.51165257279749
45.9600106545636,46.5838560398142,3.90803545585754
539.463280944472,152.830844176104,5.08959462944778
NA,NA,NA
662.70365214327,331.060495528835,3.46459425238832
456.847074721419,300.27403202842,3.58220617497593
13.2398113199791,494.827271125415,3.68905413003768
558.205330073056,52.0102608622854,4.1934357213879
69.6241816500847,380.074850057638,3.96711243529648
230.86277355498,415.524536249133,3.87897838429636
427.472100941973,11.6161435822981,3.35897661562766
363.186439721765,294.886339784082,3.06754165047808
604.812239614426,106.13590762907,3.98151873956257
393.674288579748,228.377008035534,4.31171848066066
566.644400319146,405.627110494092,4.71238650750405
138.95586894608,284.028991644878,4.54851647465952
199.919981068974,369.549837796595,4.15009185728598
127.41168272387,413.795732189866,3.42029428064124
630.380399220998,316.101158195125,4.55019935774027
4.23939243988889,153.075338018428,4.20840457537241
540.107299835578,205.640303596709,4.12204023385892
35.9257149309416,493.046901519791,3.00190002057227
277.542770783561,22.4666318809405,3.9959803168502
532.770290440666,392.163822347259,3.3609303263361
70.6397294601338,80.4640145102639,5.30019888127208
6.3696447934022,76.8485467466083,3.48334298633816
587.462958022955,224.574635521884,3.96966218519614
440.942199997554,453.21808948351,4.68327363893946
658.664772815363,371.196467936541,2.95262907886474
106.224228295901,488.672246786186,4.42784249416962
622.316629074686,89.5122876113553,4.07428834644407
419.561553026749,258.015503118362,3.53426558078567
12.6470751881157,182.84657868702,3.05567235111575
66.0992994972822,129.669907542689,4.29709129759297
617.225042308964,197.708100825004,4.24128023402592
250.67418907129,217.56718662537,3.84813533925127
580.625694114807,441.881653710183,3.49086559413622
296.77942673314,136.73466058663,3.93838523943351
525.887039830887,453.502265045481,3.58038291448654
36.2278729399696,419.763621028606,4.32225421463549
194.860720926783,287.783233809106,3.96049928359381
556.4325252184,269.009621434689,3.91613897526471
188.859854122826,34.0636083128948,4.595359767836
499.562050863067,346.248648896087,4.51165257279749
45.9600106545636,46.5838560398142,3.90803545585754
539.463280944472,152.830844176104,5.08959462944778
NA,NA,NA
661.016361174914,333.187212827259,3.62084298891283
457.056926686711,300.322846008307,3.50236234001227
7.21864032664437,492.604853392795,3.52027283522277
559.301925408516,48.8032992811594,4.38381212486647
76.5718225655956,377.202751681904,3.84475203619187
229.388094282066,409.965212827813,3.90327763431432
430.54408190333,13.3945069858123,3.30287633771823
363.326301857785,292.457396933002,2.9751120702324
605.259617411977,106.84938988728,4.18282417283774
388.750437964548,227.84191334199,4.2090819528952
568.502509044871,405.889302339623,4.77280914255015
141.373105646098,280.783131991273,4.60923733557294
197.359296498061,371.3869907858,4.08386047016593
125.950409505459,408.305354467473,3.37003871659922
630.919680083222,313.679190123824,4.5396725065134
2.61992775339014,151.327187431997,4.26251991022865
541.748403574193,199.659784247664,4.38992519961481
33.1673789875941,492.366821672278,3.027633641885
281.20972492208,26.0547678739102,3.81320133640097
534.074860437238,392.814507754634,3.36559594412293
82.7736113589412,82.2649614219639,5.38346624081379
5.29092837853426,79.2087659509143,3.30420578225617
578.412103307969,227.044090948692,4.02457555634567
446.128562016839,455.497300357874,4.89090184537661
660.107337105661,373.088674241982,3.06368794134758
103.208591868276,484.454449791901,4.39079835364455
623.655960954624,89.9600165238872,4.11690868682998
420.292768924267,259.583469386576,3.5968257947206
11.0091136480025,180.821575029735,3.29596596446235
60.7945015103449,114.445291202848,4.36172477640397
598.107235172276,205.813054925524,4.34541934405553
257.250761682064,222.168596742726,3.65137569989814
566.641564327301,433.602949897941,3.77445222904552
298.421802228641,138.082862823015,3.8107205275098
534.471099047713,453.515125127799,3.62930438644707
59.1199874389062,415.494129352059,4.10234169997199
194.436959721355,289.440998532036,3.96859611175715
546.049082382568,258.966355718158,3.4754262562249
171.324497869916,35.2648590797718,4.38530448975311
500.806661547043,337.265240602199,4.54583063849069
42.2543829996895,55.3796736610225,4.00921830592851
527.517066191438,171.004366208939,4.57010675684527
NA,NA,NA
661.016361174914,333.187212827259,3.62084298891283
457.056926686711,300.322846008307,3.50236234001227
7.21864032664437,492.604853392795,3.52027283522277
559.301925408516,48.8032992811594,4.38381212486647
76.5718225655956,377.202751681904,3.84475203619187
229.388094282066,409.965212827813,3.90327763431432
430.54408190333,13.3945069858123,3.30287633771823
363.326301857785,292.457396933002,2.9751120702324
605.259617411977,106.84938988728,4.18282417283774
388.750437964548,227.84191334199,4.2090819528952
568.502509044871,405.889302339623,4.77280914255015
141.373105646098,280.783131991273,4.60923733557294
197.359296498061,371.3869907858,4.08386047016593
125.950409505459,408.305354467473,3.37003871659922
630.919680083222,313.679190123824,4.5396725065134
2.61992775339014,151.327187431997,4.26251991022865
541.748403574193,199.659784247664,4.38992519961481
33.1673789875941,492.366821672278,3.027633641885
281.20972492208,26.0547678739102,3.81320133640097
534.074860437238,392.814507754634,3.36559594412293
82.7736113589412,82.2649614219639,5.38346624081379
5.29092837853426,79.2087659509143,3.30420578225617
578.412103307969,227.044090948692,4.02457555634567
446.128562016839,455.497300357874,4.89090184537661
660.107337105661,373.088674241982,3.06368794134758
103.208591868276,484.454449791901,4.39079835364455
623.655960954624,89.9600165238872,4.11690868682998
420.292768924267,259.583469386576,3.5968257947206
11.0091136480025,180.821575029735,3.29596596446235
60.7945015103449,114.445291202848,4.36172477640397
598.107235172276,205.813054925524,4.34541934405553
257.250761682064,222.168596742726,3.65137569989814
566.641564327301,433.602949897941,3.77445222904552
298.421802228641,138.082862823015,3.8107205275098
534.471099047713,453.515125127799,3.62930438644707
59.1199874389062,415.494129352059,4.10234169997199
194.436959721355,289.440998532036,3.96859611175715
546.049082382568,258.966355718158,3.4754262562249
171.324497869916,35.2648590797718,4.38530448975311
500.806661547043,337.265240602199,4.54583063849069
42.2543829996895,55.3796736610225,4.00921830592851
527.517066191438,171.004366208939,4.57010675684527
NA,NA,NA
661.016361174914,333.187212827259,3.62084298891283
457.056926686711,300.322846008307,3.50236234001227
7.21864032664437,492.604853392795,3.52027283522277
559.301925408516,48.8032992811594,4.38381212486647
76.5718225655956,377.202751681904,3.84475203619187
229.388094282066,409.965212827813,3.90327763431432
430.54408190333,13.3945069858123,3.30287633771823
363.326301857785,292.457396933002,2.9751120702324
605.259617411977,106.84938988728,4.18282417283774
388.750437964548,227.84191334199,4.2090819528952
568.502509044871,405.889302339623,4.77280914255015
141.373105646098,280.783131991273,4.60923733557294
197.359296498061,371.3869907858,4.08386047016593
125.950409505459,408.305354467473,3.37003871659922
630.919680083222,313.679190123824,4.5396725065134
2.61992775339014,151.327187431997,4.26251991022865
541.748403574193,199.659784247664,4.38992519961481
33.1673789875941,492.366821672278,3.027633641885
281.20972492208,26.0547678739102,3.81320133640097
534.074860437238,392.814507754634,3.36559594412293
82.7736113589412,82.2649614219639,5.38346624081379
5.29092837853426,79.2087659509143,3.30420578225617
578.412103307969,227.044090948692,4.02457555634567
446.128562016839,455.497300357874,4.89090184537661
660.107337105661,373.088674241982,3.06368794134758
103.208591868276,484.454449791901,4.39079835364455
623.655960954624,89.9600165238872,4.11690868682998
420.292768924267,259.583469386576,3.5968257947206
11.0091136480025,180.821575029735,3.29596596446235
60.7945015103449,114.445291202848,4.36172477640397
598.107235172276,205.813054925524,4.34541934405553
257.250761682064,222.168596742726,3.65137569989814
566.641564327301,433.602949897941,3.77445222904552
298.421802228641,138.082862823015,3.8107205275098
534.471099047713,453.515125127799,3.62930438644707
59.1199874389062,415.494129352059,4.10234169997199
194.436959721355,289.440998532036,3.96859611175715
546.049082382568,258.966355718158,3.4754262562249
171.324497869916,35.2648590797718,4.38530448975311
500.806661547043,337.265240602199,4.54583063849069
42.2543829996895,55.3796736610225,4.00921830592851
527.517066191438,171.004366208939,4.57010675684527
NA,NA,NA
661.016361174914,333.187212827259,3.62084298891283
457.056926686711,300.322846008307,3.50236234001227
7.21864032664437,492.604853392795,3.52027283522277
559.301925408516,48.8032992811594,4.38381212486647
76.5718225655956,377.202751681904,3.84475203619187
229.388094282066,409.965212827813,3.90327763431432
430.54408190333,13.3945069858123,3.30287633771823
363.326301857785,292.457396933002,2.9751120702324
605.259617411977,106.84938988728,4.18282417283774
388.750437964548,227.84191334199,4.2090819528952
568.502509044871,405.889302339623,4.77280914255015
141.373105646098,280.783131991273,4.60923733557294
197.359296498061,371.3869907858,4.08386047016593
125.950409505459,408.305354467473,3.37003871659922
630.919680083222,313.679190123824,4.5396725065134
2.61992775339014,151.327187431997,4.26251991022865
541.748403574193,199.659784247664,4.38992519961481
33.1673789875941,492.366821672278,3.027633641885
281.20972492208,26.0547678739102,3.81320133640097
534.074860437238,392.814507754634,3.36559594412293
82.7736113589412,82.2649614219639,5.38346624081379
5.29092837853426,79.2087659509143,3.30420578225617
578.412103307969,227.044090948692,4.02457555634567
446.128562016839,455.497300357874,4.89090184537661
660.107337105661,373.088674241982,3.06368794134758
103.208591868276,484.454449791901,4.39079835364455
623.655960954624,89.9600165238872,4.11690868682998
420.292768924267,259.583469386576,3.5968257947206
11.0091136480025,180.821575029735,3.29596596446235
60.7945015103449,114.445291202848,4.36172477640397
598.107235172276,205.813054925524,4.34541934405553
257.250761682064,222.168596742726,3.65137569989814
566.641564327301,433.602949897941,3.77445222904552
298.421802228641,138.082862823015,3.8107205275098
534.471099047713,453.515125127799,3.62930438644707
59.1199874389062,415.494129352059,4.10234169997199
194.436959721355,289.440998532036,3.96859611175715
546.049082382568,258.966355718158,3.4754262562249
171.324497869916,35.2648590797718,4.38530448975311
500.806661547043,337.265240602199,4.54583063849069
42.2543829996895,55.3796736610225,4.00921830592851
527.517066191438,171.004366208939,4.57010675684527
NA,NA,NA
661.016361174914,333.187212827259,3.62084298891283
457.056926686711,300.322846008307,3.50236234001227
7.21864032664437,492.604853392795,3.52027283522277
559.301925408516,48.8032992811594,4.38381212486647
76.5718225655956,377.202751681904,3.84475203619187
229.388094282066,409.965212827813,3.90327763431432
430.54408190333,13.3945069858123,3.30287633771823
363.326301857785,292.457396933002,2.9751120702324
605.259617411977,106.84938988728,4.18282417283774
388.750437964548,227.84191334199,4.2090819528952
568.502509044871,405.889302339623,4.77280914255015
141.373105646098,280.783131991273,4.60923733557294
197.359296498061,371.3869907858,4.08386047016593
125.950409505459,408.305354467473,3.37003871659922
630.919680083222,313.679190123824,4.5396725065134
2.61992775339014,151.327187431997,4.26251991022865
541.748403574193,199.659784247664,4.38992519961481
33.1673789875941,492.366821672278,3.027633641885
281.20972492208,26.0547678739102,3.81320133640097
534.074860437238,392.814507754634,3.36559594412293
82.7736113589412,82.2649614219639,5.38346624081379
5.29092837853426,79.2087659509143,3.30420578225617
578.412103307969,227.044090948692,4.02457555634567
446.128562016839,455.497300357874,4.89090184537661
660.107337105661,373.088674241982,3.06368794134758
103.208591868276,484.454449791901,4.39079835364455
623.655960954624,89.9600165238872,4.11690868682998
420.292768924267,259.583469386576,3.5968257947206
11.0091136480025,180.821575029735,3.29596596446235
60.7945015103449,114.445291202848,4.36172477640397
598.107235172276,205.813054925524,4.34541934405553
257.250761682064,222.168596742726,3.65137569989814
566.641564327301,433.602949897941,3.77445222904552
298.421802228641,138.082862823015,3.8107205275098
534.471099047713,453.515125127799,3.62930438644707
59.1199874389062,415.494129352059,4.10234169997199
194.436959721355,289.440998532036,3.96859611175715
546.049082382568,258.966355718158,3.4754262562249
171.324497869916,35.2648590797718,4.38530448975311
500.806661547043,337.265240602199,4.54583063849069
42.2543829996895,55.3796736610225,4.00921830592851
527.517066191438,171.004366208939,4.57010675684527
NA,NA,NA
661.016361174914,333.187212827259,3.62084298891283
457.056926686711,300.322846008307,3.50236234001227
7.21864032664437,492.604853392795,3.52027283522277
559.301925408516,48.8032992811594,4.38381212486647
76.5718225655956,377.202751681904,3.84475203619187
229.388094282066,409.965212827813,3.90327763431432
430.54408190333,13.3945069858123,3.30287633771823
363.326301857785,292.457396933002,2.9751120702324
605.259617411977,106.84938988728,4.18282417283774
388.750437964548,227.84191334199,4.2090819528952
568.502509044871,405.889302339623,4.77280914255015
141.373105646098,280.783131991273,4.60923733557294
197.359296498061,371.3869907858,4.08386047016593
125.950409505459,408.305354467473,3.37003871659922
630.919680083222,313.679190123824,4.5396725065134
2.61992775339014,151.327187431997,4.26251991022865
541.748403574193,199.659784247664,4.38992519961481
33.1673789875941,492.366821672278,3.027633641885
281.20972492208,26.0547678739102,3.81320133640097
534.074860437238,392.814507754634,3.36559594412293
82.7736113589412,82.2649614219639,5.38346624081379
5.29092837853426,79.2087659509143,3.30420578225617
578.412103307969,227.044090948692,4.02457555634567
446.128562016839,455.497300357874,4.89090184537661
660.107337105661,373.088674241982,3.06368794134758
103.208591868276,484.454449791901,4.39079835364455
623.655960954624,89.9600165238872,4.11690868682998
420.292768924267,259.583469386576,3.5968257947206
11.0091136480025,180.821575029735,3.29596596446235
60.7945015103449,114.445291202848,4.36172477640397
598.107235172276,205.813054925524,4.34541934405553
257.250761682064,222.168596742726,3.65137569989814
566.641564327301,433.602949897941,3.77445222904552
298.421802228641,138.082862823015,3.8107205275098
534.471099047713,453.515125127799,3.62930438644707
59.1199874389062,415.494129352059,4.10234169997199
194.436959721355,289.440998532036,3.96859611175715
546.049082382568,258.966355718158,3.4754262562249
171.324497869916,35.2648590797718,4.38530448975311
500.806661547043,337.265240602199,4.54583063849069
42.2543829996895,55.3796736610225,4.00921830592851
527.517066191438,171.004366208939,4.57010675684527
NA,NA,NA
661.903730262378,334.327379608146,3.56520770672802
454.324457056072,301.494751199173,3.60996575711645
14.8474423234571,496.502525899281,3.47535351676155
558.606777860947,56.0898838803671,4.03283111435586
70.5939294339239,375.787668649268,4.07124857672953
223.590792786698,412.634651071014,3.89784987426169
429.145326702906,13.03260517721,3.2258660286344
361.194121899392,291.492449259207,3.11737873608085
600.80261246447,104.461147788306,4.29099240691615
390.9979537621,230.599399832071,4.25167695964478
568.835403438058,405.964702915967,4.76144495517353
139.200206767222,282.476836811255,4.45810924353698
199.629616348389,369.470021490172,4.01331769533331
124.872988123986,410.754218578874,3.46046556626594
626.989073497575,309.316395832377,4.56433414308761
3.07728537155429,150.734078166673,4.22473969158515
543.054286300717,202.677926094992,4.11298257202613
32.2896985799299,489.952348533269,3.05903325306666
277.413527038337,21.7472140119426,3.87256999444986
534.066033403935,392.442890730079,3.49493863101687
74.2537051727945,75.2205604452594,5.21019440060972
3.22720324448182,74.3478543036849,3.47038753489148
589.627343537085,224.563667410743,4.04637218597266
439.714916567841,461.408706568312,4.76099461782503
658.688983195634,373.980141274214,3.31523653158665
106.376409331392,484.732940899193,4.37468175156248
624.266604207976,90.691582234688,4.11394720384063
420.989081385255,260.97311735092,3.71334110659499
12.1912715288048,181.40656444972,3.26873336285789
59.1971426932191,116.827058072203,4.51258509472289
608.895912924302,193.487437144829,4.52556411690902
253.793703112865,217.834550360914,3.36093672869663
576.802484770579,428.333779829376,3.811905642582
300.925787562177,134.809024908888,4.0922232717701
523.546545606216,456.793296655622,3.56248242385673
50.7529683810259,418.856107711161,3.80343814817862
195.898728437474,282.763493925136,3.8416746384765
541.617840366016,265.851663635089,3.52185969948025
166.111188557037,15.7125639502343,4.02030743548668
498.612647611437,343.464893509787,4.63317462535818
40.5405104884702,56.8403360842546,3.8510936565325
540.976243020681,170.915384385475,4.78044526591022
NA,NA,NA
661.903730262378,334.327379608146,3.56520770672802
454.324457056072,301.494751199173,3.60996575711645
14.8474423234571,496.502525899281,3.47535351676155
558.606777860947,56.0898838803671,4.03283111435586
70.5939294339239,375.787668649268,4.07124857672953
223.590792786698,412.634651071014,3.89784987426169
429.145326702906,13.03260517721,3.2258660286344
361.194121899392,291.492449259207,3.11737873608085
600.80261246447,104.461147788306,4.29099240691615
390.9979537621,230.599399832071,4.25167695964478
568.835403438058,405.964702915967,4.76144495517353
139.200206767222,282.476836811255,4.45810924353698
199.629616348389,369.470021490172,4.01331769533331
124.872988123986,410.754218578874,3.46046556626594
626.989073497575,309.316395832377,4.56433414308761
3.07728537155429,150.734078166673,4.22473969158515
543.054286300717,202.677926094992,4.11298257202613
32.2896985799299,489.952348533269,3.05903325306666
277.413527038337,21.7472140119426,3.87256999444986
534.066033403935,392.442890730079,3.49493863101687
74.2537051727945,75.2205604452594,5.21019440060972
3.22720324448182,74.3478543036849,3.47038753489148
589.627343537085,224.563667410743,4.04637218597266
439.714916567841,461.408706568312,4.76099461782503
658.688983195634,373.980141274214,3.31523653158665
106.376409331392,484.732940899193,4.37468175156248
624.266604207976,90.691582234688,4.11394720384063
420.989081385255,260.97311735092,3.71334110659499
12.1912715288048,181.40656444972,3.26873336285789
59.1971426932191,116.827058072203,4.51258509472289
608.895912924302,193.487437144829,4.52556411690902
253.793703112865,217.834550360914,3.36093672869663
576.802484770579,428.333779829376,3.811905642582
300.925787562177,134.809024908888,4.0922232717701
523.546545606216,456.793296655622,3.56248242385673
50.7529683810259,418.856107711161,3.80343814817862
195.898728437474,282.763493925136,3.8416746384765
541.617840366016,265.851663635089,3.52185969948025
166.111188557037,15.7125639502343,4.02030743548668
498.612647611437,343.464893509787,4.63317462535818
40.5405104884702,56.8403360842546,3.8510936565325
540.976243020681,170.915384385475,4.78044526591022
NA,NA,NA
661.903730262378,334.327379608146,3.56520770672802
454.324457056072,301.494751199173,3.60996575711645
14.8474423234571,496.502525899281,3.47535351676155
558.606777860947,56.0898838803671,4.03283111435586
70.5939294339239,375.787668649268,4.07124857672953
223.590792786698,412.634651071014,3.89784987426169
429.145326702906,13.03260517721,3.2258660286344
361.194121899392,291.492449259207,3.11737873608085
600.80261246447,104.461147788306,4.29099240691615
390.9979537621,230.599399832071,4.25167695964478
568.835403438058,405.964702915967,4.76144495517353
139.200206767222,282.476836811255,4.45810924353698
199.629616348389,369.470021490172,4.01331769533331
124.872988123986,410.754218578874,3.46046556626594
626.989073497575,309.316395832377,4.56433414308761
3.07728537155429,150.734078166673,4.22473969158515
543.054286300717,202.677926094992,4.11298257202613
32.2896985799299,489.952348533269,3.05903325306666
277.413527038337,21.7472140119426,3.87256999444986
534.066033403935,392.442890730079,3.49493863101687
74.2537051727945,75.2205604452594,5.21019440060972
3.22720324448182,74.3478543036849,3.47038753489148
589.627343537085,224.563667410743,4.04637218597266
439.714916567841,461.408706568312,4.76099461782503
658.688983195634,373.980141274214,3.31523653158665
106.376409331392,484.732940899193,4.37468175156248
624.266604207976,90.691582234688,4.11394720384063
420.989081385255,260.97311735092,3.71334110659499
12.1912715288048,181.40656444972,3.26873336285789
59.1971426932191,116.827058072203,4.51258509472289
608.895912924302,193.487437144829,4.52556411690902
253.793703112865,217.834550360914,3.36093672869663
576.802484770579,428.333779829376,3.811905642582
300.925787562177,134.809024908888,4.0922232717701
523.546545606216,456.793296655622,3.56248242385673
50.7529683810259,418.856107711161,3.80343814817862
195.898728437474,282.763493925136,3.8416746384765
541.617840366016,265.851663635089,3.52185969948025
166.111188557037,15.7125639502343,4.02030743548668
498.612647611437,343.464893509787,4.63317462535818
40.5405104884702,56.8403360842546,3.8510936565325
540.976243020681,170.915384385475,4.78044526591022
NA,NA,NA
661.903730262378,334.327379608146,3.56520770672802
454.324457056072,301.494751199173,3.60996575711645
14.8474423234571,496.502525899281,3.47535351676155
558.606777860947,56.0898838803671,4.03283111435586
70.5939294339239,375.787668649268,4.07124857672953
223.590792786698,412.634651071014,3.89784987426169
429.145326702906,13.03260517721,3.2258660286344
361.194121899392,291.492449259207,3.11737873608085
600.80261246447,104.461147788306,4.29099240691615
390.9979537621,230.599399832071,4.25167695964478
568.835403438058,405.964702915967,4.76144495517353
139.200206767222,282.476836811255,4.45810924353698
199.629616348389,369.470021490172,4.01331769533331
124.872988123986,410.754218578874,3.46046556626594
626.989073497575,309.316395832377,4.56433414308761
3.07728537155429,150.734078166673,4.22473969158515
543.054286300717,202.677926094992,4.11298257202613
32.2896985799299,489.952348533269,3.05903325306666
277.413527038337,21.7472140119426,3.87256999444986
534.066033403935,392.442890730079,3.49493863101687
74.2537051727945,75.2205604452594,5.21019440060972
3.22720324448182,74.3478543036849,3.47038753489148
589.627343537085,224.563667410743,4.04637218597266
439.714916567841,461.408706568312,4.76099461782503
658.688983195634,373.980141274214,3.31523653158665
106.376409331392,484.732940899193,4.37468175156248
624.266604207976,90.691582234688,4.11394720384063
420.989081385255,260.97311735092,3.71334110659499
12.1912715288048,181.40656444972,3.26873336285789
59.1971426932191,116.827058072203,4.51258509472289
608.895912924302,193.487437144829,4.52556411690902
253.793703112865,217.834550360914,3.36093672869663
576.802484770579,428.333779829376,3.811905642582
300.925787562177,134.809024908888,4.0922232717701
523.546545606216,456.793296655622,3.56248242385673
50.7529683810259,418.856107711161,3.80343814817862
195.898728437474,282.763493925136,3.8416746384765
541.617840366016,265.851663635089,3.52185969948025
166.111188557037,15.7125639502343,4.02030743548668
498.612647611437,343.464893509787,4.63317462535818
40.5405104884702,56.8403360842546,3.8510936565325
540.976243020681,170.915384385475,4.78044526591022
NA,NA,NA
661.903730262378,334.327379608146,3.56520770672802
454.324457056072,301.494751199173,3.60996575711645
14.8474423234571,496.502525899281,3.47535351676155
558.606777860947,56.0898838803671,4.03283111435586
70.5939294339239,375.787668649268,4.07124857672953
223.590792786698,412.634651071014,3.89784987426169
429.145326702906,13.03260517721,3.2258660286344
361.194121899392,291.492449259207,3.11737873608085
600.80261246447,104.461147788306,4.29099240691615
390.9979537621,230.599399832071,4.25167695964478
568.835403438058,405.964702915967,4.76144495517353
139.200206767222,282.476836811255,4.45810924353698
199.629616348389,369.470021490172,4.01331769533331
124.872988123986,410.754218578874,3.46046556626594
626.989073497575,309.316395832377,4.56433414308761
3.07728537155429,150.734078166673,4.22473969158515
543.054286300717,202.677926094992,4.11298257202613
32.2896985799299,489.952348533269,3.05903325306666
277.413527038337,21.7472140119426,3.87256999444986
534.066033403935,392.442890730079,3.49493863101687
74.2537051727945,75.2205604452594,5.21019440060972
3.22720324448182,74.3478543036849,3.47038753489148
589.627343537085,224.563667410743,4.04637218597266
439.714916567841,461.408706568312,4.76099461782503
658.688983195634,373.980141274214,3.31523653158665
106.376409331392,484.732940899193,4.37468175156248
624.266604207976,90.691582234688,4.11394720384063
420.989081385255,260.97311735092,3.71334110659499
12.1912715288048,181.40656444972,3.26873336285789
59.1971426932191,116.827058072203,4.51258509472289
608.895912924302,193.487437144829,4.52556411690902
253.793703112865,217.834550360914,3.36093672869663
576.802484770579,428.333779829376,3.811905642582
300.925787562177,134.809024908888,4.0922232717701
523.546545606216,456.793296655622,3.56248242385673
50.7529683810259,418.856107711161,3.80343814817862
195.898728437474,282.763493925136,3.8416746384765
541.617840366016,265.851663635089,3.52185969948025
166.111188557037,15.7125639502343,4.02030743548668
498.612647611437,343.464893509787,4.63317462535818
40.5405104884702,56.8403360842546,3.8510936565325
540.976243020681,170.915384385475,4.78044526591022
NA,NA,NA
661.903730262378,334.327379608146,3.56520770672802
454.324457056072,301.494751199173,3.60996575711645
14.8474423234571,496.502525899281,3.47535351676155
558.606777860947,56.0898838803671,4.03283111435586
70.5939294339239,375.787668649268,4.07124857672953
223.590792786698,412.634651071014,3.89784987426169
429.145326702906,13.03260517721,3.2258660286344
361.194121899392,291.492449259207,3.11737873608085
600.80261246447,104.461147788306,4.29099240691615
390.9979537621,230.599399832071,4.25167695964478
568.835403438058,405.964702915967,4.76144495517353
139.200206767222,282.476836811255,4.45810924353698
199.629616348389,369.470021490172,4.01331769533331
124.872988123986,410.754218578874,3.46046556626594
626.989073497575,309.316395832377,4.56433414308761
3.07728537155429,150.734078166673,4.22473969158515
543.054286300717,202.677926094992,4.11298257202613
32.2896985799299,489.952348533269,3.05903325306666
277.413527038337,21.7472140119426,3.87256999444986
534.066033403935,392.442890730079,3.49493863101687
74.2537051727945,75.2205604452594,5.21019440060972
3.22720324448182,74.3478543036849,3.47038753489148
589.627343537085,224.563667410743,4.04637218597266
439.714916567841,461.408706568312,4.76099461782503
658.688983195634,373.980141274214,3.31523653158665
106.376409331392,484.732940899193,4.37468175156248
624.266604207976,90.691582234688,4.11394720384063
420.989081385255,260.97311735092,3.71334110659499
12.1912715288048,181.40656444972,3.26873336285789
59.1971426932191,116.827058072203,4.51258509472289
608.895912924302,193.487437144829,4.52556411690902
253.793703112865,217.834550360914,3.36093672869663
576.802484770579,428.333779829376,3.811905642582
300.925787562177,134.809024908888,4.0922232717701
523.546545606216,456.793296655622,3.56248242385673
50.7529683810259,418.856107711161,3.80343814817862
195.898728437474,282.763493925136,3.8416746384765
541.617840366016,265.851663635089,3.52185969948025
166.111188557037,15.7125639502343,4.02030743548668
498.612647611437,343.464893509787,4.63317462535818
40.5405104884702,56.8403360842546,3.8510936565325
540.976243020681,170.915384385475,4.78044526591022
NA,NA,NA
661.76718840037,341.301523593834,3.46031473176891
456.772561910667,298.832754484569,3.6447112679864
12.1542130129537,496.104012245181,3.65764587043417
558.286048231492,49.879718102731,4.19484675696235
67.272699002249,377.040920133711,3.89985580751393
225.302287566186,419.71547896866,3.92301548306872
427.943126171147,11.6950976452628,3.34696518802241
361.874048261042,295.003459770888,2.98760031169041
605.312843454087,105.009882697672,4.10114883875803
392.203049369983,230.619315370395,4.23280009584777
568.698874464965,411.524396862934,4.71959635652781
139.807302588163,285.148170652771,4.54902681890689
201.964586916018,368.722410422174,4.0198778160026
125.459007841124,415.487241483887,3.29745270910334
627.931032493054,313.113156843036,4.64491727459487
-0.108239676300781,150.03799250596,4.21274821842448
542.574203436475,201.788994071159,4.12764264298544
37.2228744677379,492.047817122587,2.98950163980404
279.878305152941,22.8662530463854,3.70511957823099
533.997196889057,392.66323668189,3.49734272938412
77.1950248050588,70.7284348689942,5.29397824610348
8.2161449041955,75.9191752150867,3.61538846557374
586.261367186379,227.386107685871,4.06687584846592
440.48171555761,457.168002560005,4.81357514946728
661.050612001765,375.220056819393,3.1856460127384
107.712942294367,486.753922410662,4.36592734066867
625.69237873585,91.344315657127,4.01878653674297
418.631631135884,255.126528357233,3.59901863868715
13.3486127868534,179.066327703595,3.19052498328066
61.743320404355,107.823247747785,4.36028431484976
615.345888488827,195.823076082264,4.27000906816975
260.567351768447,220.833724029873,4.13907255965903
573.230324959926,433.993355475167,3.85108758872731
300.670844275691,140.699746410269,3.87474314894892
523.309583714724,456.595494460667,3.43331040218293
51.8146549099213,422.492617368507,4.25800999850581
195.974883806552,290.874221218996,4.02013821354811
555.494273687148,261.436786548742,3.87775062787973
176.910603393513,24.1072622002679,4.48190746879675
495.813924951474,346.595193776847,4.43990193296799
31.1577218735254,43.1160167485865,3.98816475440288
518.25333283867,156.156477505015,4.56673800169496
NA,NA,NA
661.76718840037,341.301523593834,3.46031473176891
456.772561910667,298.832754484569,3.6447112679864
12.1542130129537,496.104012245181,3.65764587043417
558.286048231492,49.879718102731,4.19484675696235
67.272699002249,377.040920133711,3.89985580751393
225.302287566186,419.71547896866,3.92301548306872
427.943126171147,11.6950976452628,3.34696518802241
361.874048261042,295.003459770888,2.98760031169041
605.312843454087,105.009882697672,4.10114883875803
392.203049369983,230.619315370395,4.23280009584777
568.698874464965,411.524396862934,4.71959635652781
139.807302588163,285.148170652771,4.54902681890689
201.964586916018,368.722410422174,4.0198778160026
125.459007841124,415.487241483887,3.29745270910334
627.931032493054,313.113156843036,4.64491727459487
-0.108239676300781,150.03799250596,4.21274821842448
542.574203436475,201.788994071159,4.12764264298544
37.2228744677379,492.047817122587,2.98950163980404
279.878305152941,22.8662530463854,3.70511957823099
533.997196889057,392.66323668189,3.49734272938412
77.1950248050588,70.7284348689942,5.29397824610348
8.2161449041955,75.9191752150867,3.61538846557374
586.261367186379,227.386107685871,4.06687584846592
440.48171555761,457.168002560005,4.81357514946728
661.050612001765,375.220056819393,3.1856460127384
107.712942294367,486.753922410662,4.36592734066867
625.69237873585,91.344315657127,4.01878653674297
418.631631135884,255.126528357233,3.59901863868715
13.3486127868534,179.066327703595,3.19052498328066
61.743320404355,107.823247747785,4.36028431484976
615.345888488827,195.823076082264,4.27000906816975
260.567351768447,220.833724029873,4.13907255965903
573.230324959926,433.993355475167,3.85108758872731
300.670844275691,140.699746410269,3.87474314894892
523.309583714724,456.595494460667,3.43331040218293
51.8146549099213,422.492617368507,4.25800999850581
195.974883806552,290.874221218996,4.02013821354811
555.494273687148,261.436786548742,3.87775062787973
176.910603393513,24.1072622002679,4.48190746879675
495.813924951474,346.595193776847,4.43990193296799
31.1577218735254,43.1160167485865,3.98816475440288
518.25333283867,156.156477505015,4.56673800169496
NA,NA,NA
661.76718840037,341.301523593834,3.46031473176891
456.772561910667,298.832754484569,3.6447112679864
12.1542130129537,496.104012245181,3.65764587043417
558.286048231492,49.879718102731,4.19484675696235
67.272699002249,377.040920133711,3.89985580751393
225.302287566186,419.71547896866,3.92301548306872
427.943126171147,11.6950976452628,3.34696518802241
361.874048261042,295.003459770888,2.98760031169041
605.312843454087,105.009882697672,4.10114883875803
392.203049369983,230.619315370395,4.23280009584777
568.698874464965,411.524396862934,4.71959635652781
139.807302588163,285.148170652771,4.54902681890689
201.964586916018,368.722410422174,4.0198778160026
125.459007841124,415.487241483887,3.29745270910334
627.931032493054,313.113156843036,4.64491727459487
-0.108239676300781,150.03799250596,4.21274821842448
542.574203436475,201.788994071159,4.12764264298544
37.2228744677379,492.047817122587,2.98950163980404
279.878305152941,22.8662530463854,3.70511957823099
533.997196889057,392.66323668189,3.49734272938412
77.1950248050588,70.7284348689942,5.29397824610348
8.2161449041955,75.9191752150867,3.61538846557374
586.261367186379,227.386107685871,4.06687584846592
440.48171555761,457.168002560005,4.81357514946728
661.050612001765,375.220056819393,3.1856460127384
107.712942294367,486.753922410662,4.36592734066867
625.69237873585,91.344315657127,4.01878653674297
418.631631135884,255.126528357233,3.59901863868715
13.3486127868534,179.066327703595,3.19052498328066
61.743320404355,107.823247747785,4.36028431484976
615.345888488827,195.823076082264,4.27000906816975
260.567351768447,220.833724029873,4.13907255965903
573.230324959926,433.993355475167,3.85108758872731
300.670844275691,140.699746410269,3.87474314894892
523.309583714724,456.595494460667,3.43331040218293
51.8146549099213,422.492617368507,4.25800999850581
195.974883806552,290.874221218996,4.02013821354811
555.494273687148,261.436786548742,3.87775062787973
176.910603393513,24.1072622002679,4.48190746879675
495.813924951474,346.595193776847,4.43990193296799
31.1577218735254,43.1160167485865,3.98816475440288
518.25333283867,156.156477505015,4.56673800169496
NA,NA,NA
661.76718840037,341.301523593834,3.46031473176891
456.772561910667,298.832754484569,3.6447112679864
12.1542130129537,496.104012245181,3.65764587043417
558.286048231492,49.879718102731,4.19484675696235
67.272699002249,377.040920133711,3.89985580751393
225.302287566186,419.71547896866,3.92301548306872
427.943126171147,11.6950976452628,3.34696518802241
361.874048261042,295.003459770888,2.98760031169041
605.312843454087,105.009882697672,4.10114883875803
392.203049369983,230.619315370395,4.23280009584777
568.698874464965,411.524396862934,4.71959635652781
139.807302588163,285.148170652771,4.54902681890689
201.964586916018,368.722410422174,4.0198778160026
125.459007841124,415.487241483887,3.29745270910334
627.931032493054,313.113156843036,4.64491727459487
-0.108239676300781,150.03799250596,4.21274821842448
542.574203436475,201.788994071159,4.12764264298544
37.2228744677379,492.047817122587,2.98950163980404
279.878305152941,22.8662530463854,3.70511957823099
533.997196889057,392.66323668189,3.49734272938412
77.1950248050588,70.7284348689942,5.29397824610348
8.2161449041955,75.9191752150867,3.61538846557374
586.261367186379,227.386107685871,4.06687584846592
440.48171555761,457.168002560005,4.81357514946728
661.050612001765,375.220056819393,3.1856460127384
107.712942294367,486.753922410662,4.36592734066867
625.69237873585,91.344315657127,4.01878653674297
418.631631135884,255.126528357233,3.59901863868715
13.3486127868534,179.066327703595,3.19052498328066
61.743320404355,107.823247747785,4.36028431484976
615.345888488827,195.823076082264,4.27000906816975
260.567351768447,220.833724029873,4.13907255965903
573.230324959926,433.993355475167,3.85108758872731
300.670844275691,140.699746410269,3.87474314894892
523.309583714724,456.595494460667,3.43331040218293
51.8146549099213,422.492617368507,4.25800999850581
195.974883806552,290.874221218996,4.02013821354811
555.494273687148,261.436786548742,3.87775062787973
176.910603393513,24.1072622002679,4.48190746879675
495.813924951474,346.595193776847,4.43990193296799
31.1577218735254,43.1160167485865,3.98816475440288
518.25333283867,156.156477505015,4.56673800169496
NA,NA,NA
661.76718840037,341.301523593834,3.46031473176891
456.772561910667,298.832754484569,3.6447112679864
12.1542130129537,496.104012245181,3.65764587043417
558.286048231492,49.879718102731,4.19484675696235
67.272699002249,377.040920133711,3.89985580751393
225.302287566186,419.71547896866,3.92301548306872
427.943126171147,11.6950976452628,3.34696518802241
361.874048261042,295.003459770888,2.98760031169041
605.312843454087,105.009882697672,4.10114883875803
392.203049369983,230.619315370395,4.23280009584777
568.698874464965,411.524396862934,4.71959635652781
139.807302588163,285.148170652771,4.54902681890689
201.964586916018,368.722410422174,4.0198778160026
125.459007841124,415.487241483887,3.29745270910334
627.931032493054,313.113156843036,4.64491727459487
-0.108239676300781,150.03799250596,4.21274821842448
542.574203436475,201.788994071159,4.12764264298544
37.2228744677379,492.047817122587,2.98950163980404
279.878305152941,22.8662530463854,3.70511957823099
533.997196889057,392.66323668189,3.49734272938412
77.1950248050588,70.7284348689942,5.29397824610348
8.2161449041955,75.9191752150867,3.61538846557374
586.261367186379,227.386107685871,4.06687584846592
440.48171555761,457.168002560005,4.81357514946728
661.050612001765,375.220056819393,3.1856460127384
107.712942294367,486.753922410662,4.36592734066867
625.69237873585,91.344315657127,4.01878653674297
418.631631135884,255.126528357233,3.59901863868715
13.3486127868534,179.066327703595,3.19052498328066
61.743320404355,107.823247747785,4.36028431484976
615.345888488827,195.823076082264,4.27000906816975
260.567351768447,220.833724029873,4.13907255965903
573.230324959926,433.993355475167,3.85108758872731
300.670844275691,140.699746410269,3.87474314894892
523.309583714724,456.595494460667,3.43331040218293
51.8146549099213,422.492617368507,4.25800999850581
195.974883806552,290.874221218996,4.02013821354811
555.494273687148,261.436786548742,3.87775062787973
176.910603393513,24.1072622002679,4.48190746879675
495.813924951474,346.595193776847,4.43990193296799
31.1577218735254,43.1160167485865,3.98816475440288
518.25333283867,156.156477505015,4.56673800169496
NA,NA,NA
661.76718840037,341.301523593834,3.46031473176891
456.772561910667,298.832754484569,3.6447112679864
12.1542130129537,496.104012245181,3.65764587043417
558.286048231492,49.879718102731,4.19484675696235
67.272699002249,377.040920133711,3.89985580751393
225.302287566186,419.71547896866,3.92301548306872
427.943126171147,11.6950976452628,3.34696518802241
361.874048261042,295.003459770888,2.98760031169041
605.312843454087,105.009882697672,4.10114883875803
392.203049369983,230.619315370395,4.23280009584777
568.698874464965,411.524396862934,4.71959635652781
139.807302588163,285.148170652771,4.54902681890689
201.964586916018,368.722410422174,4.0198778160026
125.459007841124,415.487241483887,3.29745270910334
627.931032493054,313.113156843036,4.64491727459487
-0.108239676300781,150.03799250596,4.21274821842448
542.574203436475,201.788994071159,4.12764264298544
37.2228744677379,492.047817122587,2.98950163980404
279.878305152941,22.8662530463854,3.70511957823099
533.997196889057,392.66323668189,3.49734272938412
77.1950248050588,70.7284348689942,5.29397824610348
8.2161449041955,75.9191752150867,3.61538846557374
586.261367186379,227.386107685871,4.06687584846592
440.48171555761,457.168002560005,4.81357514946728
661.050612001765,375.220056819393,3.1856460127384
107.712942294367,486.753922410662,4.36592734066867
625.69237873585,91.344315657127,4.01878653674297
418.631631135884,255.126528357233,3.59901863868715
13.3486127868534,179.066327703595,3.19052498328066
61.743320404355,107.823247747785,4.36028431484976
615.345888488827,195.823076082264,4.27000906816975
260.567351768447,220.833724029873,4.13907255965903
573.230324959926,433.993355475167,3.85108758872731
300.670844275691,140.699746410269,3.87474314894892
523.309583714724,456.595494460667,3.43331040218293
51.8146549099213,422.492617368507,4.25800999850581
195.974883806552,290.874221218996,4.02013821354811
555.494273687148,261.436786548742,3.87775062787973
176.910603393513,24.1072622002679,4.48190746879675
495.813924951474,346.595193776847,4.43990193296799
31.1577218735254,43.1160167485865,3.98816475440288
518.25333283867,156.156477505015,4.56673800169496
NA,NA,NA
664.91176219146,333.365751979886,3.45593939076013
457.740685508829,299.543792179974,3.64716196901324
9.68756444299919,494.581035221361,3.5778640022602
564.662710942316,52.3202819324375,4.0432952270467
75.4125985573521,377.101845259693,4.1328125097595
227.21124857037,410.75781461644,4.00324401362987
428.692511679402,10.9829460100837,3.14933388427567
363.059056525799,292.730586346045,2.92932779467839
606.539215790893,107.508287916662,4.16424587203235
390.914736920904,228.769539050993,4.27234360969928
570.575024106849,411.023394927815,4.75659828344684
136.680858330908,284.015135714652,4.61301142246645
200.240874444142,371.276387187917,4.07918094364434
126.289379208836,412.288960027533,3.58119102971506
625.987775265394,314.117726146966,4.57799017809864
2.54299900127894,147.134138667124,4.33518955611315
543.064837109955,205.475285261163,4.13115762835119
34.1344155026789,493.374550602159,3.07682049539939
280.283173205655,24.7820528983592,3.91639500598727
532.513026027802,390.120463635957,3.50737189981626
65.2486576979629,74.7821855052365,5.20473355199985
8.23069108102954,73.7352145116967,3.50788752228994
589.546392045492,228.362844455465,4.01044901232307
441.424146210569,457.145606200465,4.72375085967499
658.221949383065,374.639302169285,3.19054890766648
107.158697196299,487.850701364878,4.30308994126418
620.198244007181,90.757799786304,4.09080201064923
416.607304507289,256.500287053621,3.60165350251192
11.1975794397102,179.604620864032,3.24473761154178
56.5352748181652,112.835224690247,4.63008775292553
614.270304925194,200.846583405104,4.2892628182336
260.97051466918,214.682388955368,3.24863941359311
577.048841799787,432.983672459559,3.88493712272756
303.248824748241,131.316396108798,3.88531788288281
530.64565406418,453.758440039691,3.8670039918742
51.3352437237687,423.263529809462,3.86505722174894
206.637373349435,283.198747839377,4.04037614613717
539.111334151017,267.82163380272,3.5023009317562
181.134026597981,26.2169299312692,4.23502294657811
496.485068463838,348.250060028952,4.46151168604416
20.3365711448667,41.7797166982022,3.1286843104907
510.935468571179,163.238172879121,4.98396097774795
NA,NA,NA
664.91176219146,333.365751979886,3.45593939076013
457.740685508829,299.543792179974,3.64716196901324
9.68756444299919,494.581035221361,3.5778640022602
564.662710942316,52.3202819324375,4.0432952270467
75.4125985573521,377.101845259693,4.1328125097595
227.21124857037,410.75781461644,4.00324401362987
428.692511679402,10.9829460100837,3.14933388427567
363.059056525799,292.730586346045,2.92932779467839
606.539215790893,107.508287916662,4.16424587203235
390.914736920904,228.769539050993,4.27234360969928
570.575024106849,411.023394927815,4.75659828344684
136.680858330908,284.015135714652,4.61301142246645
200.240874444142,371.276387187917,4.07918094364434
126.289379208836,412.288960027533,3.58119102971506
625.987775265394,314.117726146966,4.57799017809864
2.54299900127894,147.134138667124,4.33518955611315
543.064837109955,205.475285261163,4.13115762835119
34.1344155026789,493.374550602159,3.07682049539939
280.283173205655,24.7820528983592,3.91639500598727
532.513026027802,390.120463635957,3.50737189981626
65.2486576979629,74.7821855052365,5.20473355199985
8.23069108102954,73.7352145116967,3.50788752228994
589.546392045492,228.362844455465,4.01044901232307
441.424146210569,457.145606200465,4.72375085967499
658.221949383065,374.639302169285,3.19054890766648
107.158697196299,487.850701364878,4.30308994126418
620.198244007181,90.757799786304,4.09080201064923
416.607304507289,256.500287053621,3.60165350251192
11.1975794397102,179.604620864032,3.24473761154178
56.5352748181652,112.835224690247,4.63008775292553
614.270304925194,200.846583405104,4.2892628182336
260.97051466918,214.682388955368,3.24863941359311
577.048841799787,432.983672459559,3.88493712272756
303.248824748241,131.316396108798,3.88531788288281
530.64565406418,453.758440039691,3.8670039918742
51.3352437237687,423.263529809462,3.86505722174894
206.637373349435,283.198747839377,4.04037614613717
539.111334151017,267.82163380272,3.5023009317562
181.134026597981,26.2169299312692,4.23502294657811
496.485068463838,348.250060028952,4.46151168604416
20.3365711448667,41.7797166982022,3.1286843104907
510.935468571179,163.238172879121,4.98396097774795
NA,NA,NA
664.91176219146,333.365751979886,3.45593939076013
457.740685508829,299.543792179974,3.64716196901324
9.68756444299919,494.581035221361,3.5778640022602
564.662710942316,52.3202819324375,4.0432952270467
75.4125985573521,377.101845259693,4.1328125097595
227.21124857037,410.75781461644,4.00324401362987
428.692511679402,10.9829460100837,3.14933388427567
363.059056525799,292.730586346045,2.92932779467839
606.539215790893,107.508287916662,4.16424587203235
390.914736920904,228.769539050993,4.27234360969928
570.575024106849,411.023394927815,4.75659828344684
136.680858330908,284.015135714652,4.61301142246645
200.240874444142,371.276387187917,4.07918094364434
126.289379208836,412.288960027533,3.58119102971506
625.987775265394,314.117726146966,4.57799017809864
2.54299900127894,147.134138667124,4.33518955611315
543.064837109955,205.475285261163,4.13115762835119
34.1344155026789,493.374550602159,3.07682049539939
280.283173205655,24.7820528983592,3.91639500598727
532.513026027802,390.120463635957,3.50737189981626
65.2486576979629,74.7821855052365,5.20473355199985
8.23069108102954,73.7352145116967,3.50788752228994
589.546392045492,228.362844455465,4.01044901232307
441.424146210569,457.145606200465,4.72375085967499
658.221949383065,374.639302169285,3.19054890766648
107.158697196299,487.850701364878,4.30308994126418
620.198244007181,90.757799786304,4.09080201064923
416.607304507289,256.500287053621,3.60165350251192
11.1975794397102,179.604620864032,3.24473761154178
56.5352748181652,112.835224690247,4.63008775292553
614.270304925194,200.846583405104,4.2892628182336
260.97051466918,214.682388955368,3.24863941359311
577.048841799787,432.983672459559,3.88493712272756
303.248824748241,131.316396108798,3.88531788288281
530.64565406418,453.758440039691,3.8670039918742
51.3352437237687,423.263529809462,3.86505722174894
206.637373349435,283.198747839377,4.04037614613717
539.111334151017,267.82163380272,3.5023009317562
181.134026597981,26.2169299312692,4.23502294657811
496.485068463838,348.250060028952,4.46151168604416
20.3365711448667,41.7797166982022,3.1286843104907
510.935468571179,163.238172879121,4.98396097774795
NA,NA,NA
664.91176219146,333.365751979886,3.45593939076013
457.740685508829,299.543792179974,3.64716196901324
9.68756444299919,494.581035221361,3.5778640022602
564.662710942316,52.3202819324375,4.0432952270467
75.4125985573521,377.101845259693,4.1328125097595
227.21124857037,410.75781461644,4.00324401362987
428.692511679402,10.9829460100837,3.14933388427567
363.059056525799,292.730586346045,2.92932779467839
606.539215790893,107.508287916662,4.16424587203235
390.914736920904,228.769539050993,4.27234360969928
570.575024106849,411.023394927815,4.75659828344684
136.680858330908,284.015135714652,4.61301142246645
200.240874444142,371.276387187917,4.07918094364434
126.289379208836,412.288960027533,3.58119102971506
625.987775265394,314.117726146966,4.57799017809864
2.54299900127894,147.134138667124,4.33518955611315
543.064837109955,205.475285261163,4.13115762835119
34.1344155026789,493.374550602159,3.07682049539939
280.283173205655,24.7820528983592,3.91639500598727
532.513026027802,390.120463635957,3.50737189981626
65.2486576979629,74.7821855052365,5.20473355199985
8.23069108102954,73.7352145116967,3.50788752228994
589.546392045492,228.362844455465,4.01044901232307
441.424146210569,457.145606200465,4.72375085967499
658.221949383065,374.639302169285,3.19054890766648
107.158697196299,487.850701364878,4.30308994126418
620.198244007181,90.757799786304,4.09080201064923
416.607304507289,256.500287053621,3.60165350251192
11.1975794397102,179.604620864032,3.24473761154178
56.5352748181652,112.835224690247,4.63008775292553
614.270304925194,200.846583405104,4.2892628182336
260.97051466918,214.682388955368,3.24863941359311
577.048841799787,432.983672459559,3.88493712272756
303.248824748241,131.316396108798,3.88531788288281
530.64565406418,453.758440039691,3.8670039918742
51.3352437237687,423.263529809462,3.86505722174894
206.637373349435,283.198747839377,4.04037614613717
539.111334151017,267.82163380272,3.5023009317562
181.134026597981,26.2169299312692,4.23502294657811
496.485068463838,348.250060028952,4.46151168604416
20.3365711448667,41.7797166982022,3.1286843104907
510.935468571179,163.238172879121,4.98396097774795
NA,NA,NA
664.91176219146,333.365751979886,3.45593939076013
457.740685508829,299.543792179974,3.64716196901324
9.68756444299919,494.581035221361,3.5778640022602
564.662710942316,52.3202819324375,4.0432952270467
75.4125985573521,377.101845259693,4.1328125097595
227.21124857037,410.75781461644,4.00324401362987
428.692511679402,10.9829460100837,3.14933388427567
363.059056525799,292.730586346045,2.92932779467839
606.539215790893,107.508287916662,4.16424587203235
390.914736920904,228.769539050993,4.27234360969928
570.575024106849,411.023394927815,4.75659828344684
136.680858330908,284.015135714652,4.61301142246645
200.240874444142,371.276387187917,4.07918094364434
126.289379208836,412.288960027533,3.58119102971506
625.987775265394,314.117726146966,4.57799017809864
2.54299900127894,147.134138667124,4.33518955611315
543.064837109955,205.475285261163,4.13115762835119
34.1344155026789,493.374550602159,3.07682049539939
280.283173205655,24.7820528983592,3.91639500598727
532.513026027802,390.120463635957,3.50737189981626
65.2486576979629,74.7821855052365,5.20473355199985
8.23069108102954,73.7352145116967,3.50788752228994
589.546392045492,228.362844455465,4.01044901232307
441.424146210569,457.145606200465,4.72375085967499
658.221949383065,374.639302169285,3.19054890766648
107.158697196299,487.850701364878,4.30308994126418
620.198244007181,90.757799786304,4.09080201064923
416.607304507289,256.500287053621,3.60165350251192
11.1975794397102,179.604620864032,3.24473761154178
56.5352748181652,112.835224690247,4.63008775292553
614.270304925194,200.846583405104,4.2892628182336
260.97051466918,214.682388955368,3.24863941359311
577.048841799787,432.983672459559,3.88493712272756
303.248824748241,131.316396108798,3.88531788288281
530.64565406418,453.758440039691,3.8670039918742
51.3352437237687,423.263529809462,3.86505722174894
206.637373349435,283.198747839377,4.04037614613717
539.111334151017,267.82163380272,3.5023009317562
181.134026597981,26.2169299312692,4.23502294657811
496.485068463838,348.250060028952,4.46151168604416
20.3365711448667,41.7797166982022,3.1286843104907
510.935468571179,163.238172879121,4.98396097774795
NA,NA,NA
664.91176219146,333.365751979886,3.45593939076013
457.740685508829,299.543792179974,3.64716196901324
9.68756444299919,494.581035221361,3.5778640022602
564.662710942316,52.3202819324375,4.0432952270467
75.4125985573521,377.101845259693,4.1328125097595
227.21124857037,410.75781461644,4.00324401362987
428.692511679402,10.9829460100837,3.14933388427567
363.059056525799,292.730586346045,2.92932779467839
606.539215790893,107.508287916662,4.16424587203235
390.914736920904,228.769539050993,4.27234360969928
570.575024106849,411.023394927815,4.75659828344684
136.680858330908,284.015135714652,4.61301142246645
200.240874444142,371.276387187917,4.07918094364434
126.289379208836,412.288960027533,3.58119102971506
625.987775265394,314.117726146966,4.57799017809864
2.54299900127894,147.134138667124,4.33518955611315
543.064837109955,205.475285261163,4.13115762835119
34.1344155026789,493.374550602159,3.07682049539939
280.283173205655,24.7820528983592,3.91639500598727
532.513026027802,390.120463635957,3.50737189981626
65.2486576979629,74.7821855052365,5.20473355199985
8.23069108102954,73.7352145116967,3.50788752228994
589.546392045492,228.362844455465,4.01044901232307
441.424146210569,457.145606200465,4.72375085967499
658.221949383065,374.639302169285,3.19054890766648
107.158697196299,487.850701364878,4.30308994126418
620.198244007181,90.757799786304,4.09080201064923
416.607304507289,256.500287053621,3.60165350251192
11.1975794397102,179.604620864032,3.24473761154178
56.5352748181652,112.835224690247,4.63008775292553
614.270304925194,200.846583405104,4.2892628182336
260.97051466918,214.682388955368,3.24863941359311
577.048841799787,432.983672459559,3.88493712272756
303.248824748241,131.316396108798,3.88531788288281
530.64565406418,453.758440039691,3.8670039918742
51.3352437237687,423.263529809462,3.86505722174894
206.637373349435,283.198747839377,4.04037614613717
539.111334151017,267.82163380272,3.5023009317562
181.134026597981,26.2169299312692,4.23502294657811
496.485068463838,348.250060028952,4.46151168604416
20.3365711448667,41.7797166982022,3.1286843104907
510.935468571179,163.238172879121,4.98396097774795
NA,NA,NA
662.1731142045,333.847060674236,3.44946171848547
456.85437295151,301.675174413895,3.67322649986152
11.6605648227292,500.135634931621,3.48230747876174
562.04092445745,48.8061641451808,4.25718754567328
73.3773783045764,374.125789276134,3.9636264077763
227.354026188986,415.370739287621,3.88264093467257
431.115819489327,13.8018679674128,3.41507166110259
361.05453970207,292.028100987265,3.06641441554585
601.680913216476,102.369202381384,4.33745885481489
393.577171864823,228.465065440618,4.33699116230591
573.207105092616,411.738660999918,4.6797004995209
138.335609048028,280.617403947075,4.55382727887007
200.87471477842,369.300858262498,4.06476229389135
129.015488957706,411.142250148883,3.46378325562869
630.756274030288,309.952893052618,4.48950912952675
4.38066660323403,148.031780554677,4.1710312733384
541.083147445923,200.095585594777,4.17420380858954
33.7324836070513,490.751536611393,2.9553923955285
277.84022474613,21.7596480914212,3.62143430319788
533.3191191068,394.698154516468,3.46692568840345
70.0765437112505,70.7490679783591,5.25271798513287
4.97387012612667,74.1036137871023,3.44361597905975
585.265350480194,225.197372977862,4.02149655606861
441.164459383165,462.11809718932,4.77881667572025
660.13673267627,374.35642235944,2.95893564493724
107.168361604877,490.192938526298,4.25216492326477
622.132622741417,91.2038707465592,4.08068384477204
423.534934602963,260.705971058841,3.62486945402791
13.9040874475603,180.900089142276,3.09340682339914
64.4353584570206,129.9115759711,4.36215631822778
607.989369504852,205.712503853136,4.25919378156259
256.021048721796,214.897236968656,4.19932322291948
563.932774033212,435.480625565174,3.59658119814093
298.418712916212,140.481265617826,3.76976318257717
527.899702764569,467.960133431953,3.24169139296099
46.7194638004716,417.911135870279,3.68200513219023
189.553795267289,291.159035356483,4.08133308190341
540.404959292155,261.739559966644,3.67232512774344
162.041485944721,38.7035959910658,4.22663796867626
509.145725802008,345.992202898452,4.67353835097184
43.4514905697804,44.913761136612,4.48877862443629
522.369698003662,156.626937479931,4.88318156393311
NA,NA,NA
662.1731142045,333.847060674236,3.44946171848547
456.85437295151,301.675174413895,3.67322649986152
11.6605648227292,500.135634931621,3.48230747876174
562.04092445745,48.8061641451808,4.25718754567328
73.3773783045764,374.125789276134,3.9636264077763
227.354026188986,415.370739287621,3.88264093467257
431.115819489327,13.8018679674128,3.41507166110259
361.05453970207,292.028100987265,3.06641441554585
601.680913216476,102.369202381384,4.33745885481489
393.577171864823,228.465065440618,4.33699116230591
573.207105092616,411.738660999918,4.6797004995209
138.335609048028,280.617403947075,4.55382727887007
200.87471477842,369.300858262498,4.06476229389135
129.015488957706,411.142250148883,3.46378325562869
630.756274030288,309.952893052618,4.48950912952675
4.38066660323403,148.031780554677,4.1710312733384
541.083147445923,200.095585594777,4.17420380858954
33.7324836070513,490.751536611393,2.9553923955285
277.84022474613,21.7596480914212,3.62143430319788
533.3191191068,394.698154516468,3.46692568840345
70.0765437112505,70.7490679783591,5.25271798513287
4.97387012612667,74.1036137871023,3.44361597905975
585.265350480194,225.197372977862,4.02149655606861
441.164459383165,462.11809718932,4.77881667572025
660.13673267627,374.35642235944,2.95893564493724
107.168361604877,490.192938526298,4.25216492326477
622.132622741417,91.2038707465592,4.08068384477204
423.534934602963,260.705971058841,3.62486945402791
13.9040874475603,180.900089142276,3.09340682339914
64.4353584570206,129.9115759711,4.36215631822778
607.989369504852,205.712503853136,4.25919378156259
256.021048721796,214.897236968656,4.19932322291948
563.932774033212,435.480625565174,3.59658119814093
298.418712916212,140.481265617826,3.76976318257717
527.899702764569,467.960133431953,3.24169139296099
46.7194638004716,417.911135870279,3.68200513219023
189.553795267289,291.159035356483,4.08133308190341
540.404959292155,261.739559966644,3.67232512774344
162.041485944721,38.7035959910658,4.22663796867626
509.145725802008,345.992202898452,4.67353835097184
43.4514905697804,44.913761136612,4.48877862443629
522.369698003662,156.626937479931,4.88318156393311
NA,NA,NA
662.1731142045,333.847060674236,3.44946171848547
456.85437295151,301.675174413895,3.67322649986152
11.6605648227292,500.135634931621,3.48230747876174
562.04092445745,48.8061641451808,4.25718754567328
73.3773783045764,374.125789276134,3.9636264077763
227.354026188986,415.370739287621,3.88264093467257
431.115819489327,13.8018679674128,3.41507166110259
361.05453970207,292.028100987265,3.06641441554585
601.680913216476,102.369202381384,4.33745885481489
393.577171864823,228.465065440618,4.33699116230591
573.207105092616,411.738660999918,4.6797004995209
138.335609048028,280.617403947075,4.55382727887007
200.87471477842,369.300858262498,4.06476229389135
129.015488957706,411.142250148883,3.46378325562869
630.756274030288,309.952893052618,4.48950912952675
4.38066660323403,148.031780554677,4.1710312733384
541.083147445923,200.095585594777,4.17420380858954
33.7324836070513,490.751536611393,2.9553923955285
277.84022474613,21.7596480914212,3.62143430319788
533.3191191068,394.698154516468,3.46692568840345
70.0765437112505,70.7490679783591,5.25271798513287
4.97387012612667,74.1036137871023,3.44361597905975
585.265350480194,225.197372977862,4.02149655606861
441.164459383165,462.11809718932,4.77881667572025
660.13673267627,374.35642235944,2.95893564493724
107.168361604877,490.192938526298,4.25216492326477
622.132622741417,91.2038707465592,4.08068384477204
423.534934602963,260.705971058841,3.62486945402791
13.9040874475603,180.900089142276,3.09340682339914
64.4353584570206,129.9115759711,4.36215631822778
607.989369504852,205.712503853136,4.25919378156259
256.021048721796,214.897236968656,4.19932322291948
563.932774033212,435.480625565174,3.59658119814093
298.418712916212,140.481265617826,3.76976318257717
527.899702764569,467.960133431953,3.24169139296099
46.7194638004716,417.911135870279,3.68200513219023
189.553795267289,291.159035356483,4.08133308190341
540.404959292155,261.739559966644,3.67232512774344
162.041485944721,38.7035959910658,4.22663796867626
509.145725802008,345.992202898452,4.67353835097184
43.4514905697804,44.913761136612,4.48877862443629
522.369698003662,156.626937479931,4.88318156393311
NA,NA,NA
662.1731142045,333.847060674236,3.44946171848547
456.85437295151,301.675174413895,3.67322649986152
11.6605648227292,500.135634931621,3.48230747876174
562.04092445745,48.8061641451808,4.25718754567328
73.3773783045764,374.125789276134,3.9636264077763
227.354026188986,415.370739287621,3.88264093467257
431.115819489327,13.8018679674128,3.41507166110259
361.05453970207,292.028100987265,3.06641441554585
601.680913216476,102.369202381384,4.33745885481489
393.577171864823,228.465065440618,4.33699116230591
573.207105092616,411.738660999918,4.6797004995209
138.335609048028,280.617403947075,4.55382727887007
200.87471477842,369.300858262498,4.06476229389135
129.015488957706,411.142250148883,3.46378325562869
630.756274030288,309.952893052618,4.48950912952675
4.38066660323403,148.031780554677,4.1710312733384
541.083147445923,200.095585594777,4.17420380858954
33.7324836070513,490.751536611393,2.9553923955285
277.84022474613,21.7596480914212,3.62143430319788
533.3191191068,394.698154516468,3.46692568840345
70.0765437112505,70.7490679783591,5.25271798513287
4.97387012612667,74.1036137871023,3.44361597905975
585.265350480194,225.197372977862,4.02149655606861
441.164459383165,462.11809718932,4.77881667572025
660.13673267627,374.35642235944,2.95893564493724
107.168361604877,490.192938526298,4.25216492326477
622.132622741417,91.2038707465592,4.08068384477204
423.534934602963,260.705971058841,3.62486945402791
13.9040874475603,180.900089142276,3.09340682339914
64.4353584570206,129.9115759711,4.36215631822778
607.989369504852,205.712503853136,4.25919378156259
256.021048721796,214.897236968656,4.19932322291948
563.932774033212,435.480625565174,3.59658119814093
298.418712916212,140.481265617826,3.76976318257717
527.899702764569,467.960133431953,3.24169139296099
46.7194638004716,417.911135870279,3.68200513219023
189.553795267289,291.159035356483,4.08133308190341
540.404959292155,261.739559966644,3.67232512774344
162.041485944721,38.7035959910658,4.22663796867626
509.145725802008,345.992202898452,4.67353835097184
43.4514905697804,44.913761136612,4.48877862443629
522.369698003662,156.626937479931,4.88318156393311
NA,NA,NA
662.1731142045,333.847060674236,3.44946171848547
456.85437295151,301.675174413895,3.67322649986152
11.6605648227292,500.135634931621,3.48230747876174
562.04092445745,48.8061641451808,4.25718754567328
73.3773783045764,374.125789276134,3.9636264077763
227.354026188986,415.370739287621,3.88264093467257
431.115819489327,13.8018679674128,3.41507166110259
361.05453970207,292.028100987265,3.06641441554585
601.680913216476,102.369202381384,4.33745885481489
393.577171864823,228.465065440618,4.33699116230591
573.207105092616,411.738660999918,4.6797004995209
138.335609048028,280.617403947075,4.55382727887007
200.87471477842,369.300858262498,4.06476229389135
129.015488957706,411.142250148883,3.46378325562869
630.756274030288,309.952893052618,4.48950912952675
4.38066660323403,148.031780554677,4.1710312733384
541.083147445923,200.095585594777,4.17420380858954
33.7324836070513,490.751536611393,2.9553923955285
277.84022474613,21.7596480914212,3.62143430319788
533.3191191068,394.698154516468,3.46692568840345
70.0765437112505,70.7490679783591,5.25271798513287
4.97387012612667,74.1036137871023,3.44361597905975
585.265350480194,225.197372977862,4.02149655606861
441.164459383165,462.11809718932,4.77881667572025
660.13673267627,374.35642235944,2.95893564493724
107.168361604877,490.192938526298,4.25216492326477
622.132622741417,91.2038707465592,4.08068384477204
423.534934602963,260.705971058841,3.62486945402791
13.9040874475603,180.900089142276,3.09340682339914
64.4353584570206,129.9115759711,4.36215631822778
607.989369504852,205.712503853136,4.25919378156259
256.021048721796,214.897236968656,4.19932322291948
563.932774033212,435.480625565174,3.59658119814093
298.418712916212,140.481265617826,3.76976318257717
527.899702764569,467.960133431953,3.24169139296099
46.7194638004716,417.911135870279,3.68200513219023
189.553795267289,291.159035356483,4.08133308190341
540.404959292155,261.739559966644,3.67232512774344
162.041485944721,38.7035959910658,4.22663796867626
509.145725802008,345.992202898452,4.67353835097184
43.4514905697804,44.913761136612,4.48877862443629
522.369698003662,156.626937479931,4.88318156393311
NA,NA,NA
662.1731142045,333.847060674236,3.44946171848547
456.85437295151,301.675174413895,3.67322649986152
11.6605648227292,500.135634931621,3.48230747876174
562.04092445745,48.8061641451808,4.25718754567328
73.3773783045764,374.125789276134,3.9636264077763
227.354026188986,415.370739287621,3.88264093467257
431.115819489327,13.8018679674128,3.41507166110259
361.05453970207,292.028100987265,3.06641441554585
601.680913216476,102.369202381384,4.33745885481489
393.577171864823,228.465065440618,4.33699116230591
573.207105092616,411.738660999918,4.6797004995209
138.335609048028,280.617403947075,4.55382727887007
200.87471477842,369.300858262498,4.06476229389135
129.015488957706,411.142250148883,3.46378325562869
630.756274030288,309.952893052618,4.48950912952675
4.38066660323403,148.031780554677,4.1710312733384
541.083147445923,200.095585594777,4.17420380858954
33.7324836070513,490.751536611393,2.9553923955285
277.84022474613,21.7596480914212,3.62143430319788
533.3191191068,394.698154516468,3.46692568840345
70.0765437112505,70.7490679783591,5.25271798513287
4.97387012612667,74.1036137871023,3.44361597905975
585.265350480194,225.197372977862,4.02149655606861
441.164459383165,462.11809718932,4.77881667572025
660.13673267627,374.35642235944,2.95893564493724
107.168361604877,490.192938526298,4.25216492326477
622.132622741417,91.2038707465592,4.08068384477204
423.534934602963,260.705971058841,3.62486945402791
13.9040874475603,180.900089142276,3.09340682339914
64.4353584570206,129.9115759711,4.36215631822778
607.989369504852,205.712503853136,4.25919378156259
256.021048721796,214.897236968656,4.19932322291948
563.932774033212,435.480625565174,3.59658119814093
298.418712916212,140.481265617826,3.76976318257717
527.899702764569,467.960133431953,3.24169139296099
46.7194638004716,417.911135870279,3.68200513219023
189.553795267289,291.159035356483,4.08133308190341
540.404959292155,261.739559966644,3.67232512774344
162.041485944721,38.7035959910658,4.22663796867626
509.145725802008,345.992202898452,4.67353835097184
43.4514905697804,44.913761136612,4.48877862443629
522.369698003662,156.626937479931,4.88318156393311
NA,NA,NA
663.312387260236,336.185871954945,3.44694140909578
453.744368448813,298.894991218773,3.61746377046209
7.27935098499857,495.148458966506,3.5303232123761
558.713737150256,56.2029302946537,4.12687304448035
68.6813569010573,379.756773070846,4.02263082500154
224.095978394001,414.352669220114,3.9436040224247
427.079150026188,13.5830193147315,3.3578061594154
362.145219878445,291.001378821462,3.16567090020788
604.226305503463,103.412681662839,4.05140585829528
391.365349194375,227.775858093779,4.21347065979867
576.307691071473,406.315601840092,4.69676994828966
137.114184240964,283.874144011321,4.51136537777921
202.429539841489,371.509919978815,4.02818812414627
125.154497743667,410.601745719688,3.50214521302509
627.045925348498,318.385951285571,4.59029609606805
-0.565995187511864,147.544723328802,4.28616671662116
546.460368670135,205.133699782422,4.29579973979921
33.0629817291075,490.172946477594,2.95260835705096
280.677976805717,24.3179206859187,3.80723076357131
535.322708171326,396.006480552124,3.41257649062695
67.8809313302402,76.2071855578065,5.26846385105738
2.95960443649618,76.8520675425909,3.46202719607705
586.140138441501,226.752398460084,4.05131318443648
443.058227243457,456.180743819308,4.79546102925898
659.403125599218,375.151072760644,3.19383002758878
110.344048758813,489.780820538469,4.39458556441077
629.327831017558,88.4075648781112,4.08123842315466
421.10002235845,257.268173367311,3.69576913158057
9.29120807922034,181.479244184339,3.31716331256184
63.8062928559843,123.189343030143,4.38277518686856
613.411114413785,210.423277905156,4.38441779337878
249.762521186863,225.961340608598,3.73038520995375
572.388118721818,439.060791621012,3.88363868922339
301.904533619435,139.18207525233,3.73485027944011
541.480151042672,450.948611595971,3.42828806046424
42.8916195463582,421.672473738465,3.83033854347932
199.250182043854,287.922903005244,4.01091290152407
556.682410403656,257.128103867258,3.7181733676141
171.287015133347,40.4543944649371,4.2885562623535
499.147053036295,346.223998465116,4.65447110705189
37.4714069629119,39.4689462876049,3.84089924527459
547.575019829271,119.072212160198,4.72259298294534
NA,NA,NA
663.312387260236,336.185871954945,3.44694140909578
453.744368448813,298.894991218773,3.61746377046209
7.27935098499857,495.148458966506,3.5303232123761
558.713737150256,56.2029302946537,4.12687304448035
68.6813569010573,379.756773070846,4.02263082500154
224.095978394001,414.352669220114,3.9436040224247
427.079150026188,13.5830193147315,3.3578061594154
362.145219878445,291.001378821462,3.16567090020788
604.226305503463,103.412681662839,4.05140585829528
391.365349194375,227.775858093779,4.21347065979867
576.307691071473,406.315601840092,4.69676994828966
137.114184240964,283.874144011321,4.51136537777921
202.429539841489,371.509919978815,4.02818812414627
125.154497743667,410.601745719688,3.50214521302509
627.045925348498,318.385951285571,4.59029609606805
-0.565995187511864,147.544723328802,4.28616671662116
546.460368670135,205.133699782422,4.29579973979921
33.0629817291075,490.172946477594,2.95260835705096
280.677976805717,24.3179206859187,3.80723076357131
535.322708171326,396.006480552124,3.41257649062695
67.8809313302402,76.2071855578065,5.26846385105738
2.95960443649618,76.8520675425909,3.46202719607705
586.140138441501,226.752398460084,4.05131318443648
443.058227243457,456.180743819308,4.79546102925898
659.403125599218,375.151072760644,3.19383002758878
110.344048758813,489.780820538469,4.39458556441077
629.327831017558,88.4075648781112,4.08123842315466
421.10002235845,257.268173367311,3.69576913158057
9.29120807922034,181.479244184339,3.31716331256184
63.8062928559843,123.189343030143,4.38277518686856
613.411114413785,210.423277905156,4.38441779337878
249.762521186863,225.961340608598,3.73038520995375
572.388118721818,439.060791621012,3.88363868922339
301.904533619435,139.18207525233,3.73485027944011
541.480151042672,450.948611595971,3.42828806046424
42.8916195463582,421.672473738465,3.83033854347932
199.250182043854,287.922903005244,4.01091290152407
556.682410403656,257.128103867258,3.7181733676141
171.287015133347,40.4543944649371,4.2885562623535
499.147053036295,346.223998465116,4.65447110705189
37.4714069629119,39.4689462876049,3.84089924527459
547.575019829271,119.072212160198,4.72259298294534
NA,NA,NA
663.312387260236,336.185871954945,3.44694140909578
453.744368448813,298.894991218773,3.61746377046209
7.27935098499857,495.148458966506,3.5303232123761
558.713737150256,56.2029302946537,4.12687304448035
68.6813569010573,379.756773070846,4.02263082500154
224.095978394001,414.352669220114,3.9436040224247
427.079150026188,13.5830193147315,3.3578061594154
362.145219878445,291.001378821462,3.16567090020788
604.226305503463,103.412681662839,4.05140585829528
391.365349194375,227.775858093779,4.21347065979867
576.307691071473,406.315601840092,4.69676994828966
137.114184240964,283.874144011321,4.51136537777921
202.429539841489,371.509919978815,4.02818812414627
125.154497743667,410.601745719688,3.50214521302509
627.045925348498,318.385951285571,4.59029609606805
-0.565995187511864,147.544723328802,4.28616671662116
546.460368670135,205.133699782422,4.29579973979921
33.0629817291075,490.172946477594,2.95260835705096
280.677976805717,24.3179206859187,3.80723076357131
535.322708171326,396.006480552124,3.41257649062695
67.8809313302402,76.2071855578065,5.26846385105738
2.95960443649618,76.8520675425909,3.46202719607705
586.140138441501,226.752398460084,4.05131318443648
443.058227243457,456.180743819308,4.79546102925898
659.403125599218,375.151072760644,3.19383002758878
110.344048758813,489.780820538469,4.39458556441077
629.327831017558,88.4075648781112,4.08123842315466
421.10002235845,257.268173367311,3.69576913158057
9.29120807922034,181.479244184339,3.31716331256184
63.8062928559843,123.189343030143,4.38277518686856
613.411114413785,210.423277905156,4.38441779337878
249.762521186863,225.961340608598,3.73038520995375
572.388118721818,439.060791621012,3.88363868922339
301.904533619435,139.18207525233,3.73485027944011
541.480151042672,450.948611595971,3.42828806046424
42.8916195463582,421.672473738465,3.83033854347932
199.250182043854,287.922903005244,4.01091290152407
556.682410403656,257.128103867258,3.7181733676141
171.287015133347,40.4543944649371,4.2885562623535
499.147053036295,346.223998465116,4.65447110705189
37.4714069629119,39.4689462876049,3.84089924527459
547.575019829271,119.072212160198,4.72259298294534
NA,NA,NA
663.312387260236,336.185871954945,3.44694140909578
453.744368448813,298.894991218773,3.61746377046209
7.27935098499857,495.148458966506,3.5303232123761
558.713737150256,56.2029302946537,4.12687304448035
68.6813569010573,379.756773070846,4.02263082500154
224.095978394001,414.352669220114,3.9436040224247
427.079150026188,13.5830193147315,3.3578061594154
362.145219878445,291.001378821462,3.16567090020788
604.226305503463,103.412681662839,4.05140585829528
391.365349194375,227.775858093779,4.21347065979867
576.307691071473,406.315601840092,4.69676994828966
137.114184240964,283.874144011321,4.51136537777921
202.429539841489,371.509919978815,4.02818812414627
125.154497743667,410.601745719688,3.50214521302509
627.045925348498,318.385951285571,4.59029609606805
-0.565995187511864,147.544723328802,4.28616671662116
546.460368670135,205.133699782422,4.29579973979921
33.0629817291075,490.172946477594,2.95260835705096
280.677976805717,24.3179206859187,3.80723076357131
535.322708171326,396.006480552124,3.41257649062695
67.8809313302402,76.2071855578065,5.26846385105738
2.95960443649618,76.8520675425909,3.46202719607705
586.140138441501,226.752398460084,4.05131318443648
443.058227243457,456.180743819308,4.79546102925898
659.403125599218,375.151072760644,3.19383002758878
110.344048758813,489.780820538469,4.39458556441077
629.327831017558,88.4075648781112,4.08123842315466
421.10002235845,257.268173367311,3.69576913158057
9.29120807922034,181.479244184339,3.31716331256184
63.8062928559843,123.189343030143,4.38277518686856
613.411114413785,210.423277905156,4.38441779337878
249.762521186863,225.961340608598,3.73038520995375
572.388118721818,439.060791621012,3.88363868922339
301.904533619435,139.18207525233,3.73485027944011
541.480151042672,450.948611595971,3.42828806046424
42.8916195463582,421.672473738465,3.83033854347932
199.250182043854,287.922903005244,4.01091290152407
556.682410403656,257.128103867258,3.7181733676141
171.287015133347,40.4543944649371,4.2885562623535
499.147053036295,346.223998465116,4.65447110705189
37.4714069629119,39.4689462876049,3.84089924527459
547.575019829271,119.072212160198,4.72259298294534
NA,NA,NA
663.312387260236,336.185871954945,3.44694140909578
453.744368448813,298.894991218773,3.61746377046209
7.27935098499857,495.148458966506,3.5303232123761
558.713737150256,56.2029302946537,4.12687304448035
68.6813569010573,379.756773070846,4.02263082500154
224.095978394001,414.352669220114,3.9436040224247
427.079150026188,13.5830193147315,3.3578061594154
362.145219878445,291.001378821462,3.16567090020788
604.226305503463,103.412681662839,4.05140585829528
391.365349194375,227.775858093779,4.21347065979867
576.307691071473,406.315601840092,4.69676994828966
137.114184240964,283.874144011321,4.51136537777921
202.429539841489,371.509919978815,4.02818812414627
125.154497743667,410.601745719688,3.50214521302509
627.045925348498,318.385951285571,4.59029609606805
-0.565995187511864,147.544723328802,4.28616671662116
546.460368670135,205.133699782422,4.29579973979921
33.0629817291075,490.172946477594,2.95260835705096
280.677976805717,24.3179206859187,3.80723076357131
535.322708171326,396.006480552124,3.41257649062695
67.8809313302402,76.2071855578065,5.26846385105738
2.95960443649618,76.8520675425909,3.46202719607705
586.140138441501,226.752398460084,4.05131318443648
443.058227243457,456.180743819308,4.79546102925898
659.403125599218,375.151072760644,3.19383002758878
110.344048758813,489.780820538469,4.39458556441077
629.327831017558,88.4075648781112,4.08123842315466
421.10002235845,257.268173367311,3.69576913158057
9.29120807922034,181.479244184339,3.31716331256184
63.8062928559843,123.189343030143,4.38277518686856
613.411114413785,210.423277905156,4.38441779337878
249.762521186863,225.961340608598,3.73038520995375
572.388118721818,439.060791621012,3.88363868922339
301.904533619435,139.18207525233,3.73485027944011
541.480151042672,450.948611595971,3.42828806046424
42.8916195463582,421.672473738465,3.83033854347932
199.250182043854,287.922903005244,4.01091290152407
556.682410403656,257.128103867258,3.7181733676141
171.287015133347,40.4543944649371,4.2885562623535
499.147053036295,346.223998465116,4.65447110705189
37.4714069629119,39.4689462876049,3.84089924527459
547.575019829271,119.072212160198,4.72259298294534
NA,NA,NA
663.312387260236,336.185871954945,3.44694140909578
453.744368448813,298.894991218773,3.61746377046209
7.27935098499857,495.148458966506,3.5303232123761
558.713737150256,56.2029302946537,4.12687304448035
68.6813569010573,379.756773070846,4.02263082500154
224.095978394001,414.352669220114,3.9436040224247
427.079150026188,13.5830193147315,3.3578061594154
362.145219878445,291.001378821462,3.16567090020788
604.226305503463,103.412681662839,4.05140585829528
391.365349194375,227.775858093779,4.21347065979867
576.307691071473,406.315601840092,4.69676994828966
137.114184240964,283.874144011321,4.51136537777921
202.429539841489,371.509919978815,4.02818812414627
125.154497743667,410.601745719688,3.50214521302509
627.045925348498,318.385951285571,4.59029609606805
-0.565995187511864,147.544723328802,4.28616671662116
546.460368670135,205.133699782422,4.29579973979921
33.0629817291075,490.172946477594,2.95260835705096
280.677976805717,24.3179206859187,3.80723076357131
535.322708171326,396.006480552124,3.41257649062695
67.8809313302402,76.2071855578065,5.26846385105738
2.95960443649618,76.8520675425909,3.46202719607705
586.140138441501,226.752398460084,4.05131318443648
443.058227243457,456.180743819308,4.79546102925898
659.403125599218,375.151072760644,3.19383002758878
110.344048758813,489.780820538469,4.39458556441077
629.327831017558,88.4075648781112,4.08123842315466
421.10002235845,257.268173367311,3.69576913158057
9.29120807922034,181.479244184339,3.31716331256184
63.8062928559843,123.189343030143,4.38277518686856
613.411114413785,210.423277905156,4.38441779337878
249.762521186863,225.961340608598,3.73038520995375
572.388118721818,439.060791621012,3.88363868922339
301.904533619435,139.18207525233,3.73485027944011
541.480151042672,450.948611595971,3.42828806046424
42.8916195463582,421.672473738465,3.83033854347932
199.250182043854,287.922903005244,4.01091290152407
556.682410403656,257.128103867258,3.7181733676141
171.287015133347,40.4543944649371,4.2885562623535
499.147053036295,346.223998465116,4.65447110705189
37.4714069629119,39.4689462876049,3.84089924527459
547.575019829271,119.072212160198,4.72259298294534
NA,NA,NA
661.941917090896,339.949349634815,3.4844608952112
459.078156597401,300.534952944003,3.55610639768545
9.42593748807992,491.970798603366,3.64442538985652
561.486797118097,52.7821861754812,4.15226420128079
74.40532363573,378.241246323523,4.01887762313054
227.003611461785,416.879590599891,3.97123425079337
427.598992131283,11.3680508880948,3.33636777181125
361.65037473622,291.26755617296,3.08230807590891
605.614698073617,106.02489813445,4.14090161814705
389.700035704308,232.325538379076,4.27623116611827
571.877184904262,406.963425675278,4.73228826681021
139.522761492412,284.677035691411,4.60730243268134
204.104716550162,367.403794732008,3.99979933346166
125.198546954093,413.240358648486,3.4433708054215
628.717224943142,313.958479704167,4.62939224008071
1.75983035348846,148.082594351524,4.24922269092385
546.131786230237,205.64927712941,4.20595531424736
34.7647012670173,492.571789875652,3.02689410582159
278.102775161681,20.6366053209972,3.69078996394169
536.717107164697,389.872906671287,3.36767649766029
77.5933935424499,75.2499314346566,5.38232281441823
3.02066168845235,77.7369423223076,3.69761088041813
589.844855482682,229.354254377632,4.00045748909792
441.779971802693,452.939834376231,4.85010225522264
660.235947962416,371.820570967902,2.92005055357622
104.543548549152,482.195891395748,4.42826948611559
627.285249061104,94.5259804212847,4.07877086557741
421.822395215855,259.458333076638,3.62743340044343
9.88677729390353,179.908718547201,3.13522879892618
70.7300586135133,108.446270081474,4.37692597834012
603.490933756053,204.216222986786,4.16124148292162
254.66380786409,215.92036191008,3.88278258754326
570.343139064901,441.333820597185,3.517816793879
298.982756085771,135.593477395925,3.80514010951726
531.552699510246,455.535957666487,3.51501134273798
48.5366834153934,412.115842729424,3.95504175300775
201.638839507827,272.624970716378,4.15615597650597
556.106888709323,261.377605615666,3.7003553050349
175.274768079081,33.7894779464946,4.47927561299119
498.398551962605,344.186263497292,4.35977608928628
35.9121681264012,54.8493219746578,3.73428967871851
536.028592654184,149.365484609316,4.59563173264911
NA,NA,NA
661.941917090896,339.949349634815,3.4844608952112
459.078156597401,300.534952944003,3.55610639768545
9.42593748807992,491.970798603366,3.64442538985652
561.486797118097,52.7821861754812,4.15226420128079
74.40532363573,378.241246323523,4.01887762313054
227.003611461785,416.879590599891,3.97123425079337
427.598992131283,11.3680508880948,3.33636777181125
361.65037473622,291.26755617296,3.08230807590891
605.614698073617,106.02489813445,4.14090161814705
389.700035704308,232.325538379076,4.27623116611827
571.877184904262,406.963425675278,4.73228826681021
139.522761492412,284.677035691411,4.60730243268134
204.104716550162,367.403794732008,3.99979933346166
125.198546954093,413.240358648486,3.4433708054215
628.717224943142,313.958479704167,4.62939224008071
1.75983035348846,148.082594351524,4.24922269092385
546.131786230237,205.64927712941,4.20595531424736
34.7647012670173,492.571789875652,3.02689410582159
278.102775161681,20.6366053209972,3.69078996394169
536.717107164697,389.872906671287,3.36767649766029
77.5933935424499,75.2499314346566,5.38232281441823
3.02066168845235,77.7369423223076,3.69761088041813
589.844855482682,229.354254377632,4.00045748909792
441.779971802693,452.939834376231,4.85010225522264
660.235947962416,371.820570967902,2.92005055357622
104.543548549152,482.195891395748,4.42826948611559
627.285249061104,94.5259804212847,4.07877086557741
421.822395215855,259.458333076638,3.62743340044343
9.88677729390353,179.908718547201,3.13522879892618
70.7300586135133,108.446270081474,4.37692597834012
603.490933756053,204.216222986786,4.16124148292162
254.66380786409,215.92036191008,3.88278258754326
570.343139064901,441.333820597185,3.517816793879
298.982756085771,135.593477395925,3.80514010951726
531.552699510246,455.535957666487,3.51501134273798
48.5366834153934,412.115842729424,3.95504175300775
201.638839507827,272.624970716378,4.15615597650597
556.106888709323,261.377605615666,3.7003553050349
175.274768079081,33.7894779464946,4.47927561299119
498.398551962605,344.186263497292,4.35977608928628
35.9121681264012,54.8493219746578,3.73428967871851
536.028592654184,149.365484609316,4.59563173264911
NA,NA,NA
661.941917090896,339.949349634815,3.4844608952112
459.078156597401,300.534952944003,3.55610639768545
9.42593748807992,491.970798603366,3.64442538985652
561.486797118097,52.7821861754812,4.15226420128079
74.40532363573,378.241246323523,4.01887762313054
227.003611461785,416.879590599891,3.97123425079337
427.598992131283,11.3680508880948,3.33636777181125
361.65037473622,291.26755617296,3.08230807590891
605.614698073617,106.02489813445,4.14090161814705
389.700035704308,232.325538379076,4.27623116611827
571.877184904262,406.963425675278,4.73228826681021
139.522761492412,284.677035691411,4.60730243268134
204.104716550162,367.403794732008,3.99979933346166
125.198546954093,413.240358648486,3.4433708054215
628.717224943142,313.958479704167,4.62939224008071
1.75983035348846,148.082594351524,4.24922269092385
546.131786230237,205.64927712941,4.20595531424736
34.7647012670173,492.571789875652,3.02689410582159
278.102775161681,20.6366053209972,3.69078996394169
536.717107164697,389.872906671287,3.36767649766029
77.5933935424499,75.2499314346566,5.38232281441823
3.02066168845235,77.7369423223076,3.69761088041813
589.844855482682,229.354254377632,4.00045748909792
441.779971802693,452.939834376231,4.85010225522264
660.235947962416,371.820570967902,2.92005055357622
104.543548549152,482.195891395748,4.42826948611559
627.285249061104,94.5259804212847,4.07877086557741
421.822395215855,259.458333076638,3.62743340044343
9.88677729390353,179.908718547201,3.13522879892618
70.7300586135133,108.446270081474,4.37692597834012
603.490933756053,204.216222986786,4.16124148292162
254.66380786409,215.92036191008,3.88278258754326
570.343139064901,441.333820597185,3.517816793879
298.982756085771,135.593477395925,3.80514010951726
531.552699510246,455.535957666487,3.51501134273798
48.5366834153934,412.115842729424,3.95504175300775
201.638839507827,272.624970716378,4.15615597650597
556.106888709323,261.377605615666,3.7003553050349
175.274768079081,33.7894779464946,4.47927561299119
498.398551962605,344.186263497292,4.35977608928628
35.9121681264012,54.8493219746578,3.73428967871851
536.028592654184,149.365484609316,4.59563173264911
NA,NA,NA
661.941917090896,339.949349634815,3.4844608952112
459.078156597401,300.534952944003,3.55610639768545
9.42593748807992,491.970798603366,3.64442538985652
561.486797118097,52.7821861754812,4.15226420128079
74.40532363573,378.241246323523,4.01887762313054
227.003611461785,416.879590599891,3.97123425079337
427.598992131283,11.3680508880948,3.33636777181125
361.65037473622,291.26755617296,3.08230807590891
605.614698073617,106.02489813445,4.14090161814705
389.700035704308,232.325538379076,4.27623116611827
571.877184904262,406.963425675278,4.73228826681021
139.522761492412,284.677035691411,4.60730243268134
204.104716550162,367.403794732008,3.99979933346166
125.198546954093,413.240358648486,3.4433708054215
628.717224943142,313.958479704167,4.62939224008071
1.75983035348846,148.082594351524,4.24922269092385
546.131786230237,205.64927712941,4.20595531424736
34.7647012670173,492.571789875652,3.02689410582159
278.102775161681,20.6366053209972,3.69078996394169
536.717107164697,389.872906671287,3.36767649766029
77.5933935424499,75.2499314346566,5.38232281441823
3.02066168845235,77.7369423223076,3.69761088041813
589.844855482682,229.354254377632,4.00045748909792
441.779971802693,452.939834376231,4.85010225522264
660.235947962416,371.820570967902,2.92005055357622
104.543548549152,482.195891395748,4.42826948611559
627.285249061104,94.5259804212847,4.07877086557741
421.822395215855,259.458333076638,3.62743340044343
9.88677729390353,179.908718547201,3.13522879892618
70.7300586135133,108.446270081474,4.37692597834012
603.490933756053,204.216222986786,4.16124148292162
254.66380786409,215.92036191008,3.88278258754326
570.343139064901,441.333820597185,3.517816793879
298.982756085771,135.593477395925,3.80514010951726
531.552699510246,455.535957666487,3.51501134273798
48.5366834153934,412.115842729424,3.95504175300775
201.638839507827,272.624970716378,4.15615597650597
556.106888709323,261.377605615666,3.7003553050349
175.274768079081,33.7894779464946,4.47927561299119
498.398551962605,344.186263497292,4.35977608928628
35.9121681264012,54.8493219746578,3.73428967871851
536.028592654184,149.365484609316,4.59563173264911
NA,NA,NA
661.941917090896,339.949349634815,3.4844608952112
459.078156597401,300.534952944003,3.55610639768545
9.42593748807992,491.970798603366,3.64442538985652
561.486797118097,52.7821861754812,4.15226420128079
74.40532363573,378.241246323523,4.01887762313054
227.003611461785,416.879590599891,3.97123425079337
427.598992131283,11.3680508880948,3.33636777181125
361.65037473622,291.26755617296,3.08230807590891
605.614698073617,106.02489813445,4.14090161814705
389.700035704308,232.325538379076,4.27623116611827
571.877184904262,406.963425675278,4.73228826681021
139.522761492412,284.677035691411,4.60730243268134
204.104716550162,367.403794732008,3.99979933346166
125.198546954093,413.240358648486,3.4433708054215
628.717224943142,313.958479704167,4.62939224008071
1.75983035348846,148.082594351524,4.24922269092385
546.131786230237,205.64927712941,4.20595531424736
34.7647012670173,492.571789875652,3.02689410582159
278.102775161681,20.6366053209972,3.69078996394169
536.717107164697,389.872906671287,3.36767649766029
77.5933935424499,75.2499314346566,5.38232281441823
3.02066168845235,77.7369423223076,3.69761088041813
589.844855482682,229.354254377632,4.00045748909792
441.779971802693,452.939834376231,4.85010225522264
660.235947962416,371.820570967902,2.92005055357622
104.543548549152,482.195891395748,4.42826948611559
627.285249061104,94.5259804212847,4.07877086557741
421.822395215855,259.458333076638,3.62743340044343
9.88677729390353,179.908718547201,3.13522879892618
70.7300586135133,108.446270081474,4.37692597834012
603.490933756053,204.216222986786,4.16124148292162
254.66380786409,215.92036191008,3.88278258754326
570.343139064901,441.333820597185,3.517816793879
298.982756085771,135.593477395925,3.80514010951726
531.552699510246,455.535957666487,3.51501134273798
48.5366834153934,412.115842729424,3.95504175300775
201.638839507827,272.624970716378,4.15615597650597
556.106888709323,261.377605615666,3.7003553050349
175.274768079081,33.7894779464946,4.47927561299119
498.398551962605,344.186263497292,4.35977608928628
35.9121681264012,54.8493219746578,3.73428967871851
536.028592654184,149.365484609316,4.59563173264911
NA,NA,NA
661.941917090896,339.949349634815,3.4844608952112
459.078156597401,300.534952944003,3.55610639768545
9.42593748807992,491.970798603366,3.64442538985652
561.486797118097,52.7821861754812,4.15226420128079
74.40532363573,378.241246323523,4.01887762313054
227.003611461785,416.879590599891,3.97123425079337
427.598992131283,11.3680508880948,3.33636777181125
361.65037473622,291.26755617296,3.08230807590891
605.614698073617,106.02489813445,4.14090161814705
389.700035704308,232.325538379076,4.27623116611827
571.877184904262,406.963425675278,4.73228826681021
139.522761492412,284.677035691411,4.60730243268134
204.104716550162,367.403794732008,3.99979933346166
125.198546954093,413.240358648486,3.4433708054215
628.717224943142,313.958479704167,4.62939224008071
1.75983035348846,148.082594351524,4.24922269092385
546.131786230237,205.64927712941,4.20595531424736
34.7647012670173,492.571789875652,3.02689410582159
278.102775161681,20.6366053209972,3.69078996394169
536.717107164697,389.872906671287,3.36767649766029
77.5933935424499,75.2499314346566,5.38232281441823
3.02066168845235,77.7369423223076,3.69761088041813
589.844855482682,229.354254377632,4.00045748909792
441.779971802693,452.939834376231,4.85010225522264
660.235947962416,371.820570967902,2.92005055357622
104.543548549152,482.195891395748,4.42826948611559
627.285249061104,94.5259804212847,4.07877086557741
421.822395215855,259.458333076638,3.62743340044343
9.88677729390353,179.908718547201,3.13522879892618
70.7300586135133,108.446270081474,4.37692597834012
603.490933756053,204.216222986786,4.16124148292162
254.66380786409,215.92036191008,3.88278258754326
570.343139064901,441.333820597185,3.517816793879
298.982756085771,135.593477395925,3.80514010951726
531.552699510246,455.535957666487,3.51501134273798
48.5366834153934,412.115842729424,3.95504175300775
201.638839507827,272.624970716378,4.15615597650597
556.106888709323,261.377605615666,3.7003553050349
175.274768079081,33.7894779464946,4.47927561299119
498.398551962605,344.186263497292,4.35977608928628
35.9121681264012,54.8493219746578,3.73428967871851
536.028592654184,149.365484609316,4.59563173264911
NA,NA,NA
664.534271928508,335.757654771408,3.52275594919692
451.80801798714,297.031122945942,3.61489609168265
7.46444333356209,494.389121115195,3.59223152678658
561.8737536419,52.885400136294,4.13283763045659
72.4960592695965,376.901554112651,4.01909969074497
227.24654240555,418.360587904963,3.89419596429911
428.430889406875,13.0744944998761,3.16746603990283
363.973162256191,293.034601034467,3.0365673778937
604.800929990896,106.018008164295,4.11024632608058
390.782860750019,227.577831907342,4.21240672809107
566.579304650377,405.117126878293,4.73365615839652
142.811905479661,284.060013486403,4.59948027381211
199.813463358131,372.079401575953,4.02832066557711
125.455853782252,411.860061946352,3.24701284558222
628.024381224972,318.520406313144,4.60862524364647
1.46222780002541,151.357621281938,4.18323197549867
539.073303409184,205.415246723373,4.09705810327302
33.3848325459916,492.299853183113,2.99748255381068
279.559411991279,21.3683044226865,3.82628718985999
535.897978958679,390.621946704701,3.48329087490052
76.6573733630985,67.2147581015215,5.25595179362004
6.33639685254254,74.3067711682286,3.64629325555824
592.703604646801,225.450702878987,4.01621703699165
441.547943965871,459.535785208901,4.68377118333158
660.351744544311,373.536694132587,3.06894726978964
108.22392108801,492.394182134452,4.38786886186539
621.307164809267,91.2827901931272,4.10466861682774
417.707768322867,256.978171288412,3.67063661528175
10.6386594006516,180.799243404394,3.22931889452112
68.7114599931671,121.697967272134,4.49869833828763
617.622249734611,189.138637373626,4.33722088968416
253.231121832033,226.241928493021,3.51674027665384
565.344612522726,433.946220566813,3.79139398624554
298.913065403605,136.184770953708,3.84292589786743
533.102289949452,458.367467811212,3.42565236347751
39.393910473021,420.83583327398,4.07469348122076
191.734949141929,297.445704890688,3.68401165893562
547.519219510658,263.315398726303,3.90361939752458
164.372455775512,36.0105302193203,4.29156015038878
499.431442574538,334.944449250992,4.32471386832384
31.9960941970071,53.5376684993765,4.03202159457372
530.498498050811,132.62276565519,4.68128463469118
NA,NA,NA
664.534271928508,335.757654771408,3.52275594919692
451.80801798714,297.031122945942,3.61489609168265
7.46444333356209,494.389121115195,3.59223152678658
561.8737536419,52.885400136294,4.13283763045659
72.4960592695965,376.901554112651,4.01909969074497
227.24654240555,418.360587904963,3.89419596429911
428.430889406875,13.0744944998761,3.16746603990283
363.973162256191,293.034601034467,3.0365673778937
604.800929990896,106.018008164295,4.11024632608058
390.782860750019,227.577831907342,4.21240672809107
566.579304650377,405.117126878293,4.73365615839652
142.811905479661,284.060013486403,4.59948027381211
199.813463358131,372.079401575953,4.02832066557711
125.455853782252,411.860061946352,3.24701284558222
628.024381224972,318.520406313144,4.60862524364647
1.46222780002541,151.357621281938,4.18323197549867
539.073303409184,205.415246723373,4.09705810327302
33.3848325459916,492.299853183113,2.99748255381068
279.559411991279,21.3683044226865,3.82628718985999
535.897978958679,390.621946704701,3.48329087490052
76.6573733630985,67.2147581015215,5.25595179362004
6.33639685254254,74.3067711682286,3.64629325555824
592.703604646801,225.450702878987,4.01621703699165
441.547943965871,459.535785208901,4.68377118333158
660.351744544311,373.536694132587,3.06894726978964
108.22392108801,492.394182134452,4.38786886186539
621.307164809267,91.2827901931272,4.10466861682774
417.707768322867,256.978171288412,3.67063661528175
10.6386594006516,180.799243404394,3.22931889452112
68.7114599931671,121.697967272134,4.49869833828763
617.622249734611,189.138637373626,4.33722088968416
253.231121832033,226.241928493021,3.51674027665384
565.344612522726,433.946220566813,3.79139398624554
298.913065403605,136.184770953708,3.84292589786743
533.102289949452,458.367467811212,3.42565236347751
39.393910473021,420.83583327398,4.07469348122076
191.734949141929,297.445704890688,3.68401165893562
547.519219510658,263.315398726303,3.90361939752458
164.372455775512,36.0105302193203,4.29156015038878
499.431442574538,334.944449250992,4.32471386832384
31.9960941970071,53.5376684993765,4.03202159457372
530.498498050811,132.62276565519,4.68128463469118
NA,NA,NA
664.534271928508,335.757654771408,3.52275594919692
451.80801798714,297.031122945942,3.61489609168265
7.46444333356209,494.389121115195,3.59223152678658
561.8737536419,52.885400136294,4.13283763045659
72.4960592695965,376.901554112651,4.01909969074497
227.24654240555,418.360587904963,3.89419596429911
428.430889406875,13.0744944998761,3.16746603990283
363.973162256191,293.034601034467,3.0365673778937
604.800929990896,106.018008164295,4.11024632608058
390.782860750019,227.577831907342,4.21240672809107
566.579304650377,405.117126878293,4.73365615839652
142.811905479661,284.060013486403,4.59948027381211
199.813463358131,372.079401575953,4.02832066557711
125.455853782252,411.860061946352,3.24701284558222
628.024381224972,318.520406313144,4.60862524364647
1.46222780002541,151.357621281938,4.18323197549867
539.073303409184,205.415246723373,4.09705810327302
33.3848325459916,492.299853183113,2.99748255381068
279.559411991279,21.3683044226865,3.82628718985999
535.897978958679,390.621946704701,3.48329087490052
76.6573733630985,67.2147581015215,5.25595179362004
6.33639685254254,74.3067711682286,3.64629325555824
592.703604646801,225.450702878987,4.01621703699165
441.547943965871,459.535785208901,4.68377118333158
660.351744544311,373.536694132587,3.06894726978964
108.22392108801,492.394182134452,4.38786886186539
621.307164809267,91.2827901931272,4.10466861682774
417.707768322867,256.978171288412,3.67063661528175
10.6386594006516,180.799243404394,3.22931889452112
68.7114599931671,121.697967272134,4.49869833828763
617.622249734611,189.138637373626,4.33722088968416
253.231121832033,226.241928493021,3.51674027665384
565.344612522726,433.946220566813,3.79139398624554
298.913065403605,136.184770953708,3.84292589786743
533.102289949452,458.367467811212,3.42565236347751
39.393910473021,420.83583327398,4.07469348122076
191.734949141929,297.445704890688,3.68401165893562
547.519219510658,263.315398726303,3.90361939752458
164.372455775512,36.0105302193203,4.29156015038878
499.431442574538,334.944449250992,4.32471386832384
31.9960941970071,53.5376684993765,4.03202159457372
530.498498050811,132.62276565519,4.68128463469118
NA,NA,NA
664.534271928508,335.757654771408,3.52275594919692
451.80801798714,297.031122945942,3.61489609168265
7.46444333356209,494.389121115195,3.59223152678658
561.8737536419,52.885400136294,4.13283763045659
72.4960592695965,376.901554112651,4.01909969074497
227.24654240555,418.360587904963,3.89419596429911
428.430889406875,13.0744944998761,3.16746603990283
363.973162256191,293.034601034467,3.0365673778937
604.800929990896,106.018008164295,4.11024632608058
390.782860750019,227.577831907342,4.21240672809107
566.579304650377,405.117126878293,4.73365615839652
142.811905479661,284.060013486403,4.59948027381211
199.813463358131,372.079401575953,4.02832066557711
125.455853782252,411.860061946352,3.24701284558222
628.024381224972,318.520406313144,4.60862524364647
1.46222780002541,151.357621281938,4.18323197549867
539.073303409184,205.415246723373,4.09705810327302
33.3848325459916,492.299853183113,2.99748255381068
279.559411991279,21.3683044226865,3.82628718985999
535.897978958679,390.621946704701,3.48329087490052
76.6573733630985,67.2147581015215,5.25595179362004
6.33639685254254,74.3067711682286,3.64629325555824
592.703604646801,225.450702878987,4.01621703699165
441.547943965871,459.535785208901,4.68377118333158
660.351744544311,373.536694132587,3.06894726978964
108.22392108801,492.394182134452,4.38786886186539
621.307164809267,91.2827901931272,4.10466861682774
417.707768322867,256.978171288412,3.67063661528175
10.6386594006516,180.799243404394,3.22931889452112
68.7114599931671,121.697967272134,4.49869833828763
617.622249734611,189.138637373626,4.33722088968416
253.231121832033,226.241928493021,3.51674027665384
565.344612522726,433.946220566813,3.79139398624554
298.913065403605,136.184770953708,3.84292589786743
533.102289949452,458.367467811212,3.42565236347751
39.393910473021,420.83583327398,4.07469348122076
191.734949141929,297.445704890688,3.68401165893562
547.519219510658,263.315398726303,3.90361939752458
164.372455775512,36.0105302193203,4.29156015038878
499.431442574538,334.944449250992,4.32471386832384
31.9960941970071,53.5376684993765,4.03202159457372
530.498498050811,132.62276565519,4.68128463469118
NA,NA,NA
664.534271928508,335.757654771408,3.52275594919692
451.80801798714,297.031122945942,3.61489609168265
7.46444333356209,494.389121115195,3.59223152678658
561.8737536419,52.885400136294,4.13283763045659
72.4960592695965,376.901554112651,4.01909969074497
227.24654240555,418.360587904963,3.89419596429911
428.430889406875,13.0744944998761,3.16746603990283
363.973162256191,293.034601034467,3.0365673778937
604.800929990896,106.018008164295,4.11024632608058
390.782860750019,227.577831907342,4.21240672809107
566.579304650377,405.117126878293,4.73365615839652
142.811905479661,284.060013486403,4.59948027381211
199.813463358131,372.079401575953,4.02832066557711
125.455853782252,411.860061946352,3.24701284558222
628.024381224972,318.520406313144,4.60862524364647
1.46222780002541,151.357621281938,4.18323197549867
539.073303409184,205.415246723373,4.09705810327302
33.3848325459916,492.299853183113,2.99748255381068
279.559411991279,21.3683044226865,3.82628718985999
535.897978958679,390.621946704701,3.48329087490052
76.6573733630985,67.2147581015215,5.25595179362004
6.33639685254254,74.3067711682286,3.64629325555824
592.703604646801,225.450702878987,4.01621703699165
441.547943965871,459.535785208901,4.68377118333158
660.351744544311,373.536694132587,3.06894726978964
108.22392108801,492.394182134452,4.38786886186539
621.307164809267,91.2827901931272,4.10466861682774
417.707768322867,256.978171288412,3.67063661528175
10.6386594006516,180.799243404394,3.22931889452112
68.7114599931671,121.697967272134,4.49869833828763
617.622249734611,189.138637373626,4.33722088968416
253.231121832033,226.241928493021,3.51674027665384
565.344612522726,433.946220566813,3.79139398624554
298.913065403605,136.184770953708,3.84292589786743
533.102289949452,458.367467811212,3.42565236347751
39.393910473021,420.83583327398,4.07469348122076
191.734949141929,297.445704890688,3.68401165893562
547.519219510658,263.315398726303,3.90361939752458
164.372455775512,36.0105302193203,4.29156015038878
499.431442574538,334.944449250992,4.32471386832384
31.9960941970071,53.5376684993765,4.03202159457372
530.498498050811,132.62276565519,4.68128463469118
NA,NA,NA
664.534271928508,335.757654771408,3.52275594919692
451.80801798714,297.031122945942,3.61489609168265
7.46444333356209,494.389121115195,3.59223152678658
561.8737536419,52.885400136294,4.13283763045659
72.4960592695965,376.901554112651,4.01909969074497
227.24654240555,418.360587904963,3.89419596429911
428.430889406875,13.0744944998761,3.16746603990283
363.973162256191,293.034601034467,3.0365673778937
604.800929990896,106.018008164295,4.11024632608058
390.782860750019,227.577831907342,4.21240672809107
566.579304650377,405.117126878293,4.73365615839652
142.811905479661,284.060013486403,4.59948027381211
199.813463358131,372.079401575953,4.02832066557711
125.455853782252,411.860061946352,3.24701284558222
628.024381224972,318.520406313144,4.60862524364647
1.46222780002541,151.357621281938,4.18323197549867
539.073303409184,205.415246723373,4.09705810327302
33.3848325459916,492.299853183113,2.99748255381068
279.559411991279,21.3683044226865,3.82628718985999
535.897978958679,390.621946704701,3.48329087490052
76.6573733630985,67.2147581015215,5.25595179362004
6.33639685254254,74.3067711682286,3.64629325555824
592.703604646801,225.450702878987,4.01621703699165
441.547943965871,459.535785208901,4.68377118333158
660.351744544311,373.536694132587,3.06894726978964
108.22392108801,492.394182134452,4.38786886186539
621.307164809267,91.2827901931272,4.10466861682774
417.707768322867,256.978171288412,3.67063661528175
10.6386594006516,180.799243404394,3.22931889452112
68.7114599931671,121.697967272134,4.49869833828763
617.622249734611,189.138637373626,4.33722088968416
253.231121832033,226.241928493021,3.51674027665384
565.344612522726,433.946220566813,3.79139398624554
298.913065403605,136.184770953708,3.84292589786743
533.102289949452,458.367467811212,3.42565236347751
39.393910473021,420.83583327398,4.07469348122076
191.734949141929,297.445704890688,3.68401165893562
547.519219510658,263.315398726303,3.90361939752458
164.372455775512,36.0105302193203,4.29156015038878
499.431442574538,334.944449250992,4.32471386832384
31.9960941970071,53.5376684993765,4.03202159457372
530.498498050811,132.62276565519,4.68128463469118
NA,NA,NA
660.608923007121,333.916523708573,3.54415021253855
458.543938350883,298.7768239539,3.66263187590243
9.98372519765879,494.137842378407,3.67114041516233
561.173877728406,57.2467514732129,4.10752082627782
71.1373948761625,379.955517182577,3.79216376785948
228.498055124404,414.827988590715,3.7664430094366
427.400908319416,13.4594558015174,3.30689544567766
362.300903356473,292.162016266893,3.11195087270074
602.100438279989,99.9570566906919,4.29234538516894
393.859802871262,227.199625261847,4.08418590004085
558.417984773808,410.419103379792,4.68355114804186
142.243349918028,279.595202515428,4.48625732479996
200.291738113243,367.977407359465,4.06309828779884
124.324277908115,408.19084218597,3.49707477732489
620.767465996551,312.457908138103,4.44390450617367
-2.2493595250791,151.561621237832,4.24817243716483
541.720369928472,197.718761375027,4.09234841339823
33.8626180783222,488.363357743751,3.06301336436031
279.400568526211,21.8521358185203,3.77068121485524
532.8234836607,396.168180897883,3.50611585439961
63.9030359274287,82.8147693860187,5.12728196558507
6.16895573394411,75.7799756599779,3.693813677963
588.91935923691,229.915650210601,4.13538132880899
440.117365755871,458.590634558169,4.69899558459773
660.128284830079,375.801531679335,3.24754021138158
104.066912715779,485.513212743045,4.34660550173773
624.602046936593,90.869245837076,4.03115121617952
420.01876355933,258.819697065467,3.61926968023096
12.0506575098359,182.293773404992,3.22557721123873
77.6942651632132,120.453629148448,4.29566191439554
615.702610060204,223.844807794927,4.36261938149622
258.370670187466,221.342363667681,3.87298703877461
573.24536808486,431.950679278181,3.72094433876659
298.096869510376,135.051598066321,4.13763157212119
526.515141799086,464.481206242746,3.62393751851888
50.3244410058153,415.25096411535,3.87450062660485
200.001555702391,288.096257864136,3.81847698307485
545.011692803851,269.485751394299,3.67551459743228
152.196915826785,49.7035313054287,4.58036749650071
505.939957279336,353.556236599926,4.39853882247253
43.8433510503918,58.3276063846831,3.75494955804292
530.816227233106,153.188698613499,4.96149809386817
NA,NA,NA
660.608923007121,333.916523708573,3.54415021253855
458.543938350883,298.7768239539,3.66263187590243
9.98372519765879,494.137842378407,3.67114041516233
561.173877728406,57.2467514732129,4.10752082627782
71.1373948761625,379.955517182577,3.79216376785948
228.498055124404,414.827988590715,3.7664430094366
427.400908319416,13.4594558015174,3.30689544567766
362.300903356473,292.162016266893,3.11195087270074
602.100438279989,99.9570566906919,4.29234538516894
393.859802871262,227.199625261847,4.08418590004085
558.417984773808,410.419103379792,4.68355114804186
142.243349918028,279.595202515428,4.48625732479996
200.291738113243,367.977407359465,4.06309828779884
124.324277908115,408.19084218597,3.49707477732489
620.767465996551,312.457908138103,4.44390450617367
-2.2493595250791,151.561621237832,4.24817243716483
541.720369928472,197.718761375027,4.09234841339823
33.8626180783222,488.363357743751,3.06301336436031
279.400568526211,21.8521358185203,3.77068121485524
532.8234836607,396.168180897883,3.50611585439961
63.9030359274287,82.8147693860187,5.12728196558507
6.16895573394411,75.7799756599779,3.693813677963
588.91935923691,229.915650210601,4.13538132880899
440.117365755871,458.590634558169,4.69899558459773
660.128284830079,375.801531679335,3.24754021138158
104.066912715779,485.513212743045,4.34660550173773
624.602046936593,90.869245837076,4.03115121617952
420.01876355933,258.819697065467,3.61926968023096
12.0506575098359,182.293773404992,3.22557721123873
77.6942651632132,120.453629148448,4.29566191439554
615.702610060204,223.844807794927,4.36261938149622
258.370670187466,221.342363667681,3.87298703877461
573.24536808486,431.950679278181,3.72094433876659
298.096869510376,135.051598066321,4.13763157212119
526.515141799086,464.481206242746,3.62393751851888
50.3244410058153,415.25096411535,3.87450062660485
200.001555702391,288.096257864136,3.81847698307485
545.011692803851,269.485751394299,3.67551459743228
152.196915826785,49.7035313054287,4.58036749650071
505.939957279336,353.556236599926,4.39853882247253
43.8433510503918,58.3276063846831,3.75494955804292
530.816227233106,153.188698613499,4.96149809386817
NA,NA,NA
660.608923007121,333.916523708573,3.54415021253855
458.543938350883,298.7768239539,3.66263187590243
9.98372519765879,494.137842378407,3.67114041516233
561.173877728406,57.2467514732129,4.10752082627782
71.1373948761625,379.955517182577,3.79216376785948
228.498055124404,414.827988590715,3.7664430094366
427.400908319416,13.4594558015174,3.30689544567766
362.300903356473,292.162016266893,3.11195087270074
602.100438279989,99.9570566906919,4.29234538516894
393.859802871262,227.199625261847,4.08418590004085
558.417984773808,410.419103379792,4.68355114804186
142.243349918028,279.595202515428,4.48625732479996
200.291738113243,367.977407359465,4.06309828779884
124.324277908115,408.19084218597,3.49707477732489
620.767465996551,312.457908138103,4.44390450617367
-2.2493595250791,151.561621237832,4.24817243716483
541.720369928472,197.718761375027,4.09234841339823
33.8626180783222,488.363357743751,3.06301336436031
279.400568526211,21.8521358185203,3.77068121485524
532.8234836607,396.168180897883,3.50611585439961
63.9030359274287,82.8147693860187,5.12728196558507
6.16895573394411,75.7799756599779,3.693813677963
588.91935923691,229.915650210601,4.13538132880899
440.117365755871,458.590634558169,4.69899558459773
660.128284830079,375.801531679335,3.24754021138158
104.066912715779,485.513212743045,4.34660550173773
624.602046936593,90.869245837076,4.03115121617952
420.01876355933,258.819697065467,3.61926968023096
12.0506575098359,182.293773404992,3.22557721123873
77.6942651632132,120.453629148448,4.29566191439554
615.702610060204,223.844807794927,4.36261938149622
258.370670187466,221.342363667681,3.87298703877461
573.24536808486,431.950679278181,3.72094433876659
298.096869510376,135.051598066321,4.13763157212119
526.515141799086,464.481206242746,3.62393751851888
50.3244410058153,415.25096411535,3.87450062660485
200.001555702391,288.096257864136,3.81847698307485
545.011692803851,269.485751394299,3.67551459743228
152.196915826785,49.7035313054287,4.58036749650071
505.939957279336,353.556236599926,4.39853882247253
43.8433510503918,58.3276063846831,3.75494955804292
530.816227233106,153.188698613499,4.96149809386817
NA,NA,NA
660.608923007121,333.916523708573,3.54415021253855
458.543938350883,298.7768239539,3.66263187590243
9.98372519765879,494.137842378407,3.67114041516233
561.173877728406,57.2467514732129,4.10752082627782
71.1373948761625,379.955517182577,3.79216376785948
228.498055124404,414.827988590715,3.7664430094366
427.400908319416,13.4594558015174,3.30689544567766
362.300903356473,292.162016266893,3.11195087270074
602.100438279989,99.9570566906919,4.29234538516894
393.859802871262,227.199625261847,4.08418590004085
558.417984773808,410.419103379792,4.68355114804186
142.243349918028,279.595202515428,4.48625732479996
200.291738113243,367.977407359465,4.06309828779884
124.324277908115,408.19084218597,3.49707477732489
620.767465996551,312.457908138103,4.44390450617367
-2.2493595250791,151.561621237832,4.24817243716483
541.720369928472,197.718761375027,4.09234841339823
33.8626180783222,488.363357743751,3.06301336436031
279.400568526211,21.8521358185203,3.77068121485524
532.8234836607,396.168180897883,3.50611585439961
63.9030359274287,82.8147693860187,5.12728196558507
6.16895573394411,75.7799756599779,3.693813677963
588.91935923691,229.915650210601,4.13538132880899
440.117365755871,458.590634558169,4.69899558459773
660.128284830079,375.801531679335,3.24754021138158
104.066912715779,485.513212743045,4.34660550173773
624.602046936593,90.869245837076,4.03115121617952
420.01876355933,258.819697065467,3.61926968023096
12.0506575098359,182.293773404992,3.22557721123873
77.6942651632132,120.453629148448,4.29566191439554
615.702610060204,223.844807794927,4.36261938149622
258.370670187466,221.342363667681,3.87298703877461
573.24536808486,431.950679278181,3.72094433876659
298.096869510376,135.051598066321,4.13763157212119
526.515141799086,464.481206242746,3.62393751851888
50.3244410058153,415.25096411535,3.87450062660485
200.001555702391,288.096257864136,3.81847698307485
545.011692803851,269.485751394299,3.67551459743228
152.196915826785,49.7035313054287,4.58036749650071
505.939957279336,353.556236599926,4.39853882247253
43.8433510503918,58.3276063846831,3.75494955804292
530.816227233106,153.188698613499,4.96149809386817
NA,NA,NA
660.608923007121,333.916523708573,3.54415021253855
458.543938350883,298.7768239539,3.66263187590243
9.98372519765879,494.137842378407,3.67114041516233
561.173877728406,57.2467514732129,4.10752082627782
71.1373948761625,379.955517182577,3.79216376785948
228.498055124404,414.827988590715,3.7664430094366
427.400908319416,13.4594558015174,3.30689544567766
362.300903356473,292.162016266893,3.11195087270074
602.100438279989,99.9570566906919,4.29234538516894
393.859802871262,227.199625261847,4.08418590004085
558.417984773808,410.419103379792,4.68355114804186
142.243349918028,279.595202515428,4.48625732479996
200.291738113243,367.977407359465,4.06309828779884
124.324277908115,408.19084218597,3.49707477732489
620.767465996551,312.457908138103,4.44390450617367
-2.2493595250791,151.561621237832,4.24817243716483
541.720369928472,197.718761375027,4.09234841339823
33.8626180783222,488.363357743751,3.06301336436031
279.400568526211,21.8521358185203,3.77068121485524
532.8234836607,396.168180897883,3.50611585439961
63.9030359274287,82.8147693860187,5.12728196558507
6.16895573394411,75.7799756599779,3.693813677963
588.91935923691,229.915650210601,4.13538132880899
440.117365755871,458.590634558169,4.69899558459773
660.128284830079,375.801531679335,3.24754021138158
104.066912715779,485.513212743045,4.34660550173773
624.602046936593,90.869245837076,4.03115121617952
420.01876355933,258.819697065467,3.61926968023096
12.0506575098359,182.293773404992,3.22557721123873
77.6942651632132,120.453629148448,4.29566191439554
615.702610060204,223.844807794927,4.36261938149622
258.370670187466,221.342363667681,3.87298703877461
573.24536808486,431.950679278181,3.72094433876659
298.096869510376,135.051598066321,4.13763157212119
526.515141799086,464.481206242746,3.62393751851888
50.3244410058153,415.25096411535,3.87450062660485
200.001555702391,288.096257864136,3.81847698307485
545.011692803851,269.485751394299,3.67551459743228
152.196915826785,49.7035313054287,4.58036749650071
505.939957279336,353.556236599926,4.39853882247253
43.8433510503918,58.3276063846831,3.75494955804292
530.816227233106,153.188698613499,4.96149809386817
NA,NA,NA
660.608923007121,333.916523708573,3.54415021253855
458.543938350883,298.7768239539,3.66263187590243
9.98372519765879,494.137842378407,3.67114041516233
561.173877728406,57.2467514732129,4.10752082627782
71.1373948761625,379.955517182577,3.79216376785948
228.498055124404,414.827988590715,3.7664430094366
427.400908319416,13.4594558015174,3.30689544567766
362.300903356473,292.162016266893,3.11195087270074
602.100438279989,99.9570566906919,4.29234538516894
393.859802871262,227.199625261847,4.08418590004085
558.417984773808,410.419103379792,4.68355114804186
142.243349918028,279.595202515428,4.48625732479996
200.291738113243,367.977407359465,4.06309828779884
124.324277908115,408.19084218597,3.49707477732489
620.767465996551,312.457908138103,4.44390450617367
-2.2493595250791,151.561621237832,4.24817243716483
541.720369928472,197.718761375027,4.09234841339823
33.8626180783222,488.363357743751,3.06301336436031
279.400568526211,21.8521358185203,3.77068121485524
532.8234836607,396.168180897883,3.50611585439961
63.9030359274287,82.8147693860187,5.12728196558507
6.16895573394411,75.7799756599779,3.693813677963
588.91935923691,229.915650210601,4.13538132880899
440.117365755871,458.590634558169,4.69899558459773
660.128284830079,375.801531679335,3.24754021138158
104.066912715779,485.513212743045,4.34660550173773
624.602046936593,90.869245837076,4.03115121617952
420.01876355933,258.819697065467,3.61926968023096
12.0506575098359,182.293773404992,3.22557721123873
77.6942651632132,120.453629148448,4.29566191439554
615.702610060204,223.844807794927,4.36261938149622
258.370670187466,221.342363667681,3.87298703877461
573.24536808486,431.950679278181,3.72094433876659
298.096869510376,135.051598066321,4.13763157212119
526.515141799086,464.481206242746,3.62393751851888
50.3244410058153,415.25096411535,3.87450062660485
200.001555702391,288.096257864136,3.81847698307485
545.011692803851,269.485751394299,3.67551459743228
152.196915826785,49.7035313054287,4.58036749650071
505.939957279336,353.556236599926,4.39853882247253
43.8433510503918,58.3276063846831,3.75494955804292
530.816227233106,153.188698613499,4.96149809386817
NA,NA,NA
662.7606050401,334.826636009699,3.58871942205211
454.745415780346,294.629437343501,3.41821534569978
11.8423489842244,493.937035943734,3.65365820442584
559.574172025803,49.3750084297775,4.06574232071798
70.8226306202065,375.436360048269,3.84281392516296
233.031632415479,411.907302599134,3.882052679043
428.270123634422,12.2294560942234,3.25670473834876
362.278432189687,294.62366506167,3.01759694388336
604.329738419056,100.89269245924,4.08513064547113
394.084801183891,229.632823426463,4.16894571808952
567.391940035298,409.606188816075,4.71544456723574
141.60594173245,289.422809444152,4.47268391767043
197.533857505005,366.066364160671,3.90228927500329
127.560948256825,412.53176540833,3.47105473441612
627.205668983945,312.098996931212,4.51561333057797
4.77740878588748,145.312669197097,4.22758666382581
542.932784348544,203.689299735536,4.10225373581931
33.98489057061,491.257316534045,2.96002619576545
276.930343984331,27.0069445974947,3.93187214632792
534.758272630331,393.664273224245,3.43895967671691
83.8726696376025,74.4357487050267,5.20968759452116
8.57797006487414,74.1710377001744,3.49074319146175
585.73873637203,225.120779494622,4.03854413687432
444.77182316199,461.47346327834,4.78066758734429
658.09163022867,373.891399751869,3.27799533932875
110.071362120707,489.009135306388,4.36520377885445
619.862304780091,88.5769340584393,4.07866039621852
418.108345014332,257.002200854582,3.65270192158033
11.9784889846247,181.103676023857,3.31238240033005
61.5365206021132,111.614079882759,4.37325131063488
624.52368372529,201.194274749892,4.11624982880025
250.660454638277,214.673455691517,3.85533222802454
575.565546173083,433.08604418743,3.79979778775963
297.820415151543,134.836552395691,3.90787295525837
530.220904246253,458.070691552044,3.43131691082915
55.8339318732971,425.815604851462,4.17893167152288
184.833343904135,279.197909011802,4.08030881112319
548.438720097454,266.74469655998,3.72108040889352
172.564982814416,26.450182052958,4.11095321934403
503.508350514946,336.041015646157,4.5006774322417
30.3939856219738,44.4727161722014,3.94455914193083
552.146276257766,152.082674839863,4.8718040271751
NA,NA,NA
662.7606050401,334.826636009699,3.58871942205211
454.745415780346,294.629437343501,3.41821534569978
11.8423489842244,493.937035943734,3.65365820442584
559.574172025803,49.3750084297775,4.06574232071798
70.8226306202065,375.436360048269,3.84281392516296
233.031632415479,411.907302599134,3.882052679043
428.270123634422,12.2294560942234,3.25670473834876
362.278432189687,294.62366506167,3.01759694388336
604.329738419056,100.89269245924,4.08513064547113
394.084801183891,229.632823426463,4.16894571808952
567.391940035298,409.606188816075,4.71544456723574
141.60594173245,289.422809444152,4.47268391767043
197.533857505005,366.066364160671,3.90228927500329
127.560948256825,412.53176540833,3.47105473441612
627.205668983945,312.098996931212,4.51561333057797
4.77740878588748,145.312669197097,4.22758666382581
542.932784348544,203.689299735536,4.10225373581931
33.98489057061,491.257316534045,2.96002619576545
276.930343984331,27.0069445974947,3.93187214632792
534.758272630331,393.664273224245,3.43895967671691
83.8726696376025,74.4357487050267,5.20968759452116
8.57797006487414,74.1710377001744,3.49074319146175
585.73873637203,225.120779494622,4.03854413687432
444.77182316199,461.47346327834,4.78066758734429
658.09163022867,373.891399751869,3.27799533932875
110.071362120707,489.009135306388,4.36520377885445
619.862304780091,88.5769340584393,4.07866039621852
418.108345014332,257.002200854582,3.65270192158033
11.9784889846247,181.103676023857,3.31238240033005
61.5365206021132,111.614079882759,4.37325131063488
624.52368372529,201.194274749892,4.11624982880025
250.660454638277,214.673455691517,3.85533222802454
575.565546173083,433.08604418743,3.79979778775963
297.820415151543,134.836552395691,3.90787295525837
530.220904246253,458.070691552044,3.43131691082915
55.8339318732971,425.815604851462,4.17893167152288
184.833343904135,279.197909011802,4.08030881112319
548.438720097454,266.74469655998,3.72108040889352
172.564982814416,26.450182052958,4.11095321934403
503.508350514946,336.041015646157,4.5006774322417
30.3939856219738,44.4727161722014,3.94455914193083
552.146276257766,152.082674839863,4.8718040271751
NA,NA,NA
662.7606050401,334.826636009699,3.58871942205211
454.745415780346,294.629437343501,3.41821534569978
11.8423489842244,493.937035943734,3.65365820442584
559.574172025803,49.3750084297775,4.06574232071798
70.8226306202065,375.436360048269,3.84281392516296
233.031632415479,411.907302599134,3.882052679043
428.270123634422,12.2294560942234,3.25670473834876
362.278432189687,294.62366506167,3.01759694388336
604.329738419056,100.89269245924,4.08513064547113
394.084801183891,229.632823426463,4.16894571808952
567.391940035298,409.606188816075,4.71544456723574
141.60594173245,289.422809444152,4.47268391767043
197.533857505005,366.066364160671,3.90228927500329
127.560948256825,412.53176540833,3.47105473441612
627.205668983945,312.098996931212,4.51561333057797
4.77740878588748,145.312669197097,4.22758666382581
542.932784348544,203.689299735536,4.10225373581931
33.98489057061,491.257316534045,2.96002619576545
276.930343984331,27.0069445974947,3.93187214632792
534.758272630331,393.664273224245,3.43895967671691
83.8726696376025,74.4357487050267,5.20968759452116
8.57797006487414,74.1710377001744,3.49074319146175
585.73873637203,225.120779494622,4.03854413687432
444.77182316199,461.47346327834,4.78066758734429
658.09163022867,373.891399751869,3.27799533932875
110.071362120707,489.009135306388,4.36520377885445
619.862304780091,88.5769340584393,4.07866039621852
418.108345014332,257.002200854582,3.65270192158033
11.9784889846247,181.103676023857,3.31238240033005
61.5365206021132,111.614079882759,4.37325131063488
624.52368372529,201.194274749892,4.11624982880025
250.660454638277,214.673455691517,3.85533222802454
575.565546173083,433.08604418743,3.79979778775963
297.820415151543,134.836552395691,3.90787295525837
530.220904246253,458.070691552044,3.43131691082915
55.8339318732971,425.815604851462,4.17893167152288
184.833343904135,279.197909011802,4.08030881112319
548.438720097454,266.74469655998,3.72108040889352
172.564982814416,26.450182052958,4.11095321934403
503.508350514946,336.041015646157,4.5006774322417
30.3939856219738,44.4727161722014,3.94455914193083
552.146276257766,152.082674839863,4.8718040271751
NA,NA,NA
662.7606050401,334.826636009699,3.58871942205211
454.745415780346,294.629437343501,3.41821534569978
11.8423489842244,493.937035943734,3.65365820442584
559.574172025803,49.3750084297775,4.06574232071798
70.8226306202065,375.436360048269,3.84281392516296
233.031632415479,411.907302599134,3.882052679043
428.270123634422,12.2294560942234,3.25670473834876
362.278432189687,294.62366506167,3.01759694388336
604.329738419056,100.89269245924,4.08513064547113
394.084801183891,229.632823426463,4.16894571808952
567.391940035298,409.606188816075,4.71544456723574
141.60594173245,289.422809444152,4.47268391767043
197.533857505005,366.066364160671,3.90228927500329
127.560948256825,412.53176540833,3.47105473441612
627.205668983945,312.098996931212,4.51561333057797
4.77740878588748,145.312669197097,4.22758666382581
542.932784348544,203.689299735536,4.10225373581931
33.98489057061,491.257316534045,2.96002619576545
276.930343984331,27.0069445974947,3.93187214632792
534.758272630331,393.664273224245,3.43895967671691
83.8726696376025,74.4357487050267,5.20968759452116
8.57797006487414,74.1710377001744,3.49074319146175
585.73873637203,225.120779494622,4.03854413687432
444.77182316199,461.47346327834,4.78066758734429
658.09163022867,373.891399751869,3.27799533932875
110.071362120707,489.009135306388,4.36520377885445
619.862304780091,88.5769340584393,4.07866039621852
418.108345014332,257.002200854582,3.65270192158033
11.9784889846247,181.103676023857,3.31238240033005
61.5365206021132,111.614079882759,4.37325131063488
624.52368372529,201.194274749892,4.11624982880025
250.660454638277,214.673455691517,3.85533222802454
575.565546173083,433.08604418743,3.79979778775963
297.820415151543,134.836552395691,3.90787295525837
530.220904246253,458.070691552044,3.43131691082915
55.8339318732971,425.815604851462,4.17893167152288
184.833343904135,279.197909011802,4.08030881112319
548.438720097454,266.74469655998,3.72108040889352
172.564982814416,26.450182052958,4.11095321934403
503.508350514946,336.041015646157,4.5006774322417
30.3939856219738,44.4727161722014,3.94455914193083
552.146276257766,152.082674839863,4.8718040271751
NA,NA,NA
662.7606050401,334.826636009699,3.58871942205211
454.745415780346,294.629437343501,3.41821534569978
11.8423489842244,493.937035943734,3.65365820442584
559.574172025803,49.3750084297775,4.06574232071798
70.8226306202065,375.436360048269,3.84281392516296
233.031632415479,411.907302599134,3.882052679043
428.270123634422,12.2294560942234,3.25670473834876
362.278432189687,294.62366506167,3.01759694388336
604.329738419056,100.89269245924,4.08513064547113
394.084801183891,229.632823426463,4.16894571808952
567.391940035298,409.606188816075,4.71544456723574
141.60594173245,289.422809444152,4.47268391767043
197.533857505005,366.066364160671,3.90228927500329
127.560948256825,412.53176540833,3.47105473441612
627.205668983945,312.098996931212,4.51561333057797
4.77740878588748,145.312669197097,4.22758666382581
542.932784348544,203.689299735536,4.10225373581931
33.98489057061,491.257316534045,2.96002619576545
276.930343984331,27.0069445974947,3.93187214632792
534.758272630331,393.664273224245,3.43895967671691
83.8726696376025,74.4357487050267,5.20968759452116
8.57797006487414,74.1710377001744,3.49074319146175
585.73873637203,225.120779494622,4.03854413687432
444.77182316199,461.47346327834,4.78066758734429
658.09163022867,373.891399751869,3.27799533932875
110.071362120707,489.009135306388,4.36520377885445
619.862304780091,88.5769340584393,4.07866039621852
418.108345014332,257.002200854582,3.65270192158033
11.9784889846247,181.103676023857,3.31238240033005
61.5365206021132,111.614079882759,4.37325131063488
624.52368372529,201.194274749892,4.11624982880025
250.660454638277,214.673455691517,3.85533222802454
575.565546173083,433.08604418743,3.79979778775963
297.820415151543,134.836552395691,3.90787295525837
530.220904246253,458.070691552044,3.43131691082915
55.8339318732971,425.815604851462,4.17893167152288
184.833343904135,279.197909011802,4.08030881112319
548.438720097454,266.74469655998,3.72108040889352
172.564982814416,26.450182052958,4.11095321934403
503.508350514946,336.041015646157,4.5006774322417
30.3939856219738,44.4727161722014,3.94455914193083
552.146276257766,152.082674839863,4.8718040271751
NA,NA,NA
662.7606050401,334.826636009699,3.58871942205211
454.745415780346,294.629437343501,3.41821534569978
11.8423489842244,493.937035943734,3.65365820442584
559.574172025803,49.3750084297775,4.06574232071798
70.8226306202065,375.436360048269,3.84281392516296
233.031632415479,411.907302599134,3.882052679043
428.270123634422,12.2294560942234,3.25670473834876
362.278432189687,294.62366506167,3.01759694388336
604.329738419056,100.89269245924,4.08513064547113
394.084801183891,229.632823426463,4.16894571808952
567.391940035298,409.606188816075,4.71544456723574
141.60594173245,289.422809444152,4.47268391767043
197.533857505005,366.066364160671,3.90228927500329
127.560948256825,412.53176540833,3.47105473441612
627.205668983945,312.098996931212,4.51561333057797
4.77740878588748,145.312669197097,4.22758666382581
542.932784348544,203.689299735536,4.10225373581931
33.98489057061,491.257316534045,2.96002619576545
276.930343984331,27.0069445974947,3.93187214632792
534.758272630331,393.664273224245,3.43895967671691
83.8726696376025,74.4357487050267,5.20968759452116
8.57797006487414,74.1710377001744,3.49074319146175
585.73873637203,225.120779494622,4.03854413687432
444.77182316199,461.47346327834,4.78066758734429
658.09163022867,373.891399751869,3.27799533932875
110.071362120707,489.009135306388,4.36520377885445
619.862304780091,88.5769340584393,4.07866039621852
418.108345014332,257.002200854582,3.65270192158033
11.9784889846247,181.103676023857,3.31238240033005
61.5365206021132,111.614079882759,4.37325131063488
624.52368372529,201.194274749892,4.11624982880025
250.660454638277,214.673455691517,3.85533222802454
575.565546173083,433.08604418743,3.79979778775963
297.820415151543,134.836552395691,3.90787295525837
530.220904246253,458.070691552044,3.43131691082915
55.8339318732971,425.815604851462,4.17893167152288
184.833343904135,279.197909011802,4.08030881112319
548.438720097454,266.74469655998,3.72108040889352
172.564982814416,26.450182052958,4.11095321934403
503.508350514946,336.041015646157,4.5006774322417
30.3939856219738,44.4727161722014,3.94455914193083
552.146276257766,152.082674839863,4.8718040271751
NA,NA,NA
660.900588136768,331.859717214138,3.5750730929605
452.586898860683,300.803907187124,3.55020953193311
12.3346644735508,497.447381510488,3.75509577458703
558.882136445086,51.1647865588123,4.08325536250517
72.9046642439087,381.408623790758,4.07082425318897
230.072773155482,414.467325210166,3.93335854553712
428.031509793803,12.2976941738041,3.23457750010577
361.583304970358,296.017674430861,3.08985345289768
609.051265396842,108.247660990408,4.27345021838341
390.300074805881,225.709843574111,4.24230399330485
569.691352614686,401.932255183389,4.74109616521742
139.718885775142,285.772265673323,4.50496678182365
193.039355799473,366.88652262331,4.00910780485756
128.802297008081,412.844695630879,3.44672623308693
625.184298896348,314.486856961807,4.63812019123445
1.82660740260115,148.552299625197,4.3230087341502
543.231907771288,204.644455732924,4.03595979124779
34.6774482657287,490.882734204127,3.12210737086405
281.583390581081,24.0379787994155,4.18761918844515
535.513612622218,392.273653367982,3.36904401084252
70.8297248984613,71.3718800391531,5.23027478330517
7.33813202852851,77.2044132981684,3.51911406764284
588.871350305492,227.709965826769,4.03005569784961
443.438102862329,460.888273982979,4.80376411683612
658.280745268351,373.664538927027,3.23512679001806
102.91003563856,484.253047611303,4.46068966368307
624.659268480704,90.8989934974584,4.05519664418371
422.86283798858,259.050110214202,3.55893703200607
11.1430964051737,181.664665123636,3.24916359167866
58.7217288646887,124.387036178709,4.25797207972054
604.660759356142,208.727720367882,4.19009948798337
259.837195460461,217.568797097025,4.14516227983054
565.946480728258,438.41890410804,4.03586704140816
295.64075108684,143.231603912501,3.99915760483889
517.430112602194,456.905852219093,3.84921810655318
46.2539157758072,415.480712722369,3.90018471034323
189.18105734474,293.688284578209,4.12295485055779
543.050457858075,266.617893596577,3.62671660880872
157.245708357119,20.7552259256501,4.62513981514801
496.836248033478,345.282362899204,4.70135065142037
39.8472083820858,46.988138072382,3.69329854622874
544.087687050704,135.907285896229,4.62067046819646
NA,NA,NA
660.900588136768,331.859717214138,3.5750730929605
452.586898860683,300.803907187124,3.55020953193311
12.3346644735508,497.447381510488,3.75509577458703
558.882136445086,51.1647865588123,4.08325536250517
72.9046642439087,381.408623790758,4.07082425318897
230.072773155482,414.467325210166,3.93335854553712
428.031509793803,12.2976941738041,3.23457750010577
361.583304970358,296.017674430861,3.08985345289768
609.051265396842,108.247660990408,4.27345021838341
390.300074805881,225.709843574111,4.24230399330485
569.691352614686,401.932255183389,4.74109616521742
139.718885775142,285.772265673323,4.50496678182365
193.039355799473,366.88652262331,4.00910780485756
128.802297008081,412.844695630879,3.44672623308693
625.184298896348,314.486856961807,4.63812019123445
1.82660740260115,148.552299625197,4.3230087341502
543.231907771288,204.644455732924,4.03595979124779
34.6774482657287,490.882734204127,3.12210737086405
281.583390581081,24.0379787994155,4.18761918844515
535.513612622218,392.273653367982,3.36904401084252
70.8297248984613,71.3718800391531,5.23027478330517
7.33813202852851,77.2044132981684,3.51911406764284
588.871350305492,227.709965826769,4.03005569784961
443.438102862329,460.888273982979,4.80376411683612
658.280745268351,373.664538927027,3.23512679001806
102.91003563856,484.253047611303,4.46068966368307
624.659268480704,90.8989934974584,4.05519664418371
422.86283798858,259.050110214202,3.55893703200607
11.1430964051737,181.664665123636,3.24916359167866
58.7217288646887,124.387036178709,4.25797207972054
604.660759356142,208.727720367882,4.19009948798337
259.837195460461,217.568797097025,4.14516227983054
565.946480728258,438.41890410804,4.03586704140816
295.64075108684,143.231603912501,3.99915760483889
517.430112602194,456.905852219093,3.84921810655318
46.2539157758072,415.480712722369,3.90018471034323
189.18105734474,293.688284578209,4.12295485055779
543.050457858075,266.617893596577,3.62671660880872
157.245708357119,20.7552259256501,4.62513981514801
496.836248033478,345.282362899204,4.70135065142037
39.8472083820858,46.988138072382,3.69329854622874
544.087687050704,135.907285896229,4.62067046819646
NA,NA,NA
660.900588136768,331.859717214138,3.5750730929605
452.586898860683,300.803907187124,3.55020953193311
12.3346644735508,497.447381510488,3.75509577458703
558.882136445086,51.1647865588123,4.08325536250517
72.9046642439087,381.408623790758,4.07082425318897
230.072773155482,414.467325210166,3.93335854553712
428.031509793803,12.2976941738041,3.23457750010577
361.583304970358,296.017674430861,3.08985345289768
609.051265396842,108.247660990408,4.27345021838341
390.300074805881,225.709843574111,4.24230399330485
569.691352614686,401.932255183389,4.74109616521742
139.718885775142,285.772265673323,4.50496678182365
193.039355799473,366.88652262331,4.00910780485756
128.802297008081,412.844695630879,3.44672623308693
625.184298896348,314.486856961807,4.63812019123445
1.82660740260115,148.552299625197,4.3230087341502
543.231907771288,204.644455732924,4.03595979124779
34.6774482657287,490.882734204127,3.12210737086405
281.583390581081,24.0379787994155,4.18761918844515
535.513612622218,392.273653367982,3.36904401084252
70.8297248984613,71.3718800391531,5.23027478330517
7.33813202852851,77.2044132981684,3.51911406764284
588.871350305492,227.709965826769,4.03005569784961
443.438102862329,460.888273982979,4.80376411683612
658.280745268351,373.664538927027,3.23512679001806
102.91003563856,484.253047611303,4.46068966368307
624.659268480704,90.8989934974584,4.05519664418371
422.86283798858,259.050110214202,3.55893703200607
11.1430964051737,181.664665123636,3.24916359167866
58.7217288646887,124.387036178709,4.25797207972054
604.660759356142,208.727720367882,4.19009948798337
259.837195460461,217.568797097025,4.14516227983054
565.946480728258,438.41890410804,4.03586704140816
295.64075108684,143.231603912501,3.99915760483889
517.430112602194,456.905852219093,3.84921810655318
46.2539157758072,415.480712722369,3.90018471034323
189.18105734474,293.688284578209,4.12295485055779
543.050457858075,266.617893596577,3.62671660880872
157.245708357119,20.7552259256501,4.62513981514801
496.836248033478,345.282362899204,4.70135065142037
39.8472083820858,46.988138072382,3.69329854622874
544.087687050704,135.907285896229,4.62067046819646
NA,NA,NA
660.900588136768,331.859717214138,3.5750730929605
452.586898860683,300.803907187124,3.55020953193311
12.3346644735508,497.447381510488,3.75509577458703
558.882136445086,51.1647865588123,4.08325536250517
72.9046642439087,381.408623790758,4.07082425318897
230.072773155482,414.467325210166,3.93335854553712
428.031509793803,12.2976941738041,3.23457750010577
361.583304970358,296.017674430861,3.08985345289768
609.051265396842,108.247660990408,4.27345021838341
390.300074805881,225.709843574111,4.24230399330485
569.691352614686,401.932255183389,4.74109616521742
139.718885775142,285.772265673323,4.50496678182365
193.039355799473,366.88652262331,4.00910780485756
128.802297008081,412.844695630879,3.44672623308693
625.184298896348,314.486856961807,4.63812019123445
1.82660740260115,148.552299625197,4.3230087341502
543.231907771288,204.644455732924,4.03595979124779
34.6774482657287,490.882734204127,3.12210737086405
281.583390581081,24.0379787994155,4.18761918844515
535.513612622218,392.273653367982,3.36904401084252
70.8297248984613,71.3718800391531,5.23027478330517
7.33813202852851,77.2044132981684,3.51911406764284
588.871350305492,227.709965826769,4.03005569784961
443.438102862329,460.888273982979,4.80376411683612
658.280745268351,373.664538927027,3.23512679001806
102.91003563856,484.253047611303,4.46068966368307
624.659268480704,90.8989934974584,4.05519664418371
422.86283798858,259.050110214202,3.55893703200607
11.1430964051737,181.664665123636,3.24916359167866
58.7217288646887,124.387036178709,4.25797207972054
604.660759356142,208.727720367882,4.19009948798337
259.837195460461,217.568797097025,4.14516227983054
565.946480728258,438.41890410804,4.03586704140816
295.64075108684,143.231603912501,3.99915760483889
517.430112602194,456.905852219093,3.84921810655318
46.2539157758072,415.480712722369,3.90018471034323
189.18105734474,293.688284578209,4.12295485055779
543.050457858075,266.617893596577,3.62671660880872
157.245708357119,20.7552259256501,4.62513981514801
496.836248033478,345.282362899204,4.70135065142037
39.8472083820858,46.988138072382,3.69329854622874
544.087687050704,135.907285896229,4.62067046819646
NA,NA,NA
660.900588136768,331.859717214138,3.5750730929605
452.586898860683,300.803907187124,3.55020953193311
12.3346644735508,497.447381510488,3.75509577458703
558.882136445086,51.1647865588123,4.08325536250517
72.9046642439087,381.408623790758,4.07082425318897
230.072773155482,414.467325210166,3.93335854553712
428.031509793803,12.2976941738041,3.23457750010577
361.583304970358,296.017674430861,3.08985345289768
609.051265396842,108.247660990408,4.27345021838341
390.300074805881,225.709843574111,4.24230399330485
569.691352614686,401.932255183389,4.74109616521742
139.718885775142,285.772265673323,4.50496678182365
193.039355799473,366.88652262331,4.00910780485756
128.802297008081,412.844695630879,3.44672623308693
625.184298896348,314.486856961807,4.63812019123445
1.82660740260115,148.552299625197,4.3230087341502
543.231907771288,204.644455732924,4.03595979124779
34.6774482657287,490.882734204127,3.12210737086405
281.583390581081,24.0379787994155,4.18761918844515
535.513612622218,392.273653367982,3.36904401084252
70.8297248984613,71.3718800391531,5.23027478330517
7.33813202852851,77.2044132981684,3.51911406764284
588.871350305492,227.709965826769,4.03005569784961
443.438102862329,460.888273982979,4.80376411683612
658.280745268351,373.664538927027,3.23512679001806
102.91003563856,484.253047611303,4.46068966368307
624.659268480704,90.8989934974584,4.05519664418371
422.86283798858,259.050110214202,3.55893703200607
11.1430964051737,181.664665123636,3.24916359167866
58.7217288646887,124.387036178709,4.25797207972054
604.660759356142,208.727720367882,4.19009948798337
259.837195460461,217.568797097025,4.14516227983054
565.946480728258,438.41890410804,4.03586704140816
295.64075108684,143.231603912501,3.99915760483889
517.430112602194,456.905852219093,3.84921810655318
46.2539157758072,415.480712722369,3.90018471034323
189.18105734474,293.688284578209,4.12295485055779
543.050457858075,266.617893596577,3.62671660880872
157.245708357119,20.7552259256501,4.62513981514801
496.836248033478,345.282362899204,4.70135065142037
39.8472083820858,46.988138072382,3.69329854622874
544.087687050704,135.907285896229,4.62067046819646
NA,NA,NA
660.900588136768,331.859717214138,3.5750730929605
452.586898860683,300.803907187124,3.55020953193311
12.3346644735508,497.447381510488,3.75509577458703
558.882136445086,51.1647865588123,4.08325536250517
72.9046642439087,381.408623790758,4.07082425318897
230.072773155482,414.467325210166,3.93335854553712
428.031509793803,12.2976941738041,3.23457750010577
361.583304970358,296.017674430861,3.08985345289768
609.051265396842,108.247660990408,4.27345021838341
390.300074805881,225.709843574111,4.24230399330485
569.691352614686,401.932255183389,4.74109616521742
139.718885775142,285.772265673323,4.50496678182365
193.039355799473,366.88652262331,4.00910780485756
128.802297008081,412.844695630879,3.44672623308693
625.184298896348,314.486856961807,4.63812019123445
1.82660740260115,148.552299625197,4.3230087341502
543.231907771288,204.644455732924,4.03595979124779
34.6774482657287,490.882734204127,3.12210737086405
281.583390581081,24.0379787994155,4.18761918844515
535.513612622218,392.273653367982,3.36904401084252
70.8297248984613,71.3718800391531,5.23027478330517
7.33813202852851,77.2044132981684,3.51911406764284
588.871350305492,227.709965826769,4.03005569784961
443.438102862329,460.888273982979,4.80376411683612
658.280745268351,373.664538927027,3.23512679001806
102.91003563856,484.253047611303,4.46068966368307
624.659268480704,90.8989934974584,4.05519664418371
422.86283798858,259.050110214202,3.55893703200607
11.1430964051737,181.664665123636,3.24916359167866
58.7217288646887,124.387036178709,4.25797207972054
604.660759356142,208.727720367882,4.19009948798337
259.837195460461,217.568797097025,4.14516227983054
565.946480728258,438.41890410804,4.03586704140816
295.64075108684,143.231603912501,3.99915760483889
517.430112602194,456.905852219093,3.84921810655318
46.2539157758072,415.480712722369,3.90018471034323
189.18105734474,293.688284578209,4.12295485055779
543.050457858075,266.617893596577,3.62671660880872
157.245708357119,20.7552259256501,4.62513981514801
496.836248033478,345.282362899204,4.70135065142037
39.8472083820858,46.988138072382,3.69329854622874
544.087687050704,135.907285896229,4.62067046819646
NA,NA,NA
661.948981409165,337.45751344746,3.61886636968322
458.361392396293,300.159687996398,3.69950185948388
14.5054377450513,497.140839740938,3.57759593693084
561.997940166965,51.1761251546356,4.23981340813851
74.5123509183761,375.03024554477,3.91904688542459
226.508008378583,418.823424999915,3.93861727832746
428.604115046169,16.8524210992567,3.15907439973755
360.818069466342,291.463786855424,3.0760070998864
605.737256146471,100.734761007944,4.09490522308979
391.915307446408,228.466233347701,4.32474637371708
571.386363622032,404.761943164866,4.69758994106495
131.439996330374,280.320986716404,4.47758318109704
200.562602609921,371.963399059328,4.0344259670973
126.632418224115,407.494175018443,3.30228583461841
626.3389733934,315.815916413319,4.53358542592846
-0.406124665068617,144.625735172975,4.21894956441645
543.588440048186,195.741832351627,4.07186110571196
33.2108659812808,493.495362608228,3.05353836433344
278.009346486009,25.2713729937273,3.98628106285217
535.092050681456,394.302306974342,3.35043835952046
69.4745858433633,73.2125217032788,5.15873044801742
7.06497693227973,77.6375603004542,3.39456166226879
587.747078923102,228.882471681715,4.00514679893728
443.510566470736,459.480929471886,4.8001813252747
657.123812492273,373.641112871567,3.15339546025484
99.7997890112939,488.159282987659,4.33072726032151
623.377922159766,86.8460649794151,4.10126421178948
420.32563789551,259.066641578439,3.66500702050075
11.3913277420083,182.323187870195,3.14559836083427
69.0790319272936,114.953679185998,4.33518592100798
603.596106532056,191.638389546473,4.2472343928899
248.507112327827,223.264147700278,3.6741548178144
567.995078317582,436.582491147541,3.92278577093149
294.639649861886,142.234291225762,4.01836693762753
528.45905336521,461.283818519023,3.45409902492158
52.7332926299969,421.912884198599,4.04483791608896
199.875722750066,288.730143475385,4.05511271480064
550.031266207728,260.349328706306,3.53535522804975
171.423528801579,24.689434091755,4.5328369960379
505.790767015694,348.338660914372,4.82206356557998
38.3444998474095,44.2975784811046,3.55010777463705
534.452831743344,134.426764252775,4.4588050959101
NA,NA,NA
661.948981409165,337.45751344746,3.61886636968322
458.361392396293,300.159687996398,3.69950185948388
14.5054377450513,497.140839740938,3.57759593693084
561.997940166965,51.1761251546356,4.23981340813851
74.5123509183761,375.03024554477,3.91904688542459
226.508008378583,418.823424999915,3.93861727832746
428.604115046169,16.8524210992567,3.15907439973755
360.818069466342,291.463786855424,3.0760070998864
605.737256146471,100.734761007944,4.09490522308979
391.915307446408,228.466233347701,4.32474637371708
571.386363622032,404.761943164866,4.69758994106495
131.439996330374,280.320986716404,4.47758318109704
200.562602609921,371.963399059328,4.0344259670973
126.632418224115,407.494175018443,3.30228583461841
626.3389733934,315.815916413319,4.53358542592846
-0.406124665068617,144.625735172975,4.21894956441645
543.588440048186,195.741832351627,4.07186110571196
33.2108659812808,493.495362608228,3.05353836433344
278.009346486009,25.2713729937273,3.98628106285217
535.092050681456,394.302306974342,3.35043835952046
69.4745858433633,73.2125217032788,5.15873044801742
7.06497693227973,77.6375603004542,3.39456166226879
587.747078923102,228.882471681715,4.00514679893728
443.510566470736,459.480929471886,4.8001813252747
657.123812492273,373.641112871567,3.15339546025484
99.7997890112939,488.159282987659,4.33072726032151
623.377922159766,86.8460649794151,4.10126421178948
420.32563789551,259.066641578439,3.66500702050075
11.3913277420083,182.323187870195,3.14559836083427
69.0790319272936,114.953679185998,4.33518592100798
603.596106532056,191.638389546473,4.2472343928899
248.507112327827,223.264147700278,3.6741548178144
567.995078317582,436.582491147541,3.92278577093149
294.639649861886,142.234291225762,4.01836693762753
528.45905336521,461.283818519023,3.45409902492158
52.7332926299969,421.912884198599,4.04483791608896
199.875722750066,288.730143475385,4.05511271480064
550.031266207728,260.349328706306,3.53535522804975
171.423528801579,24.689434091755,4.5328369960379
505.790767015694,348.338660914372,4.82206356557998
38.3444998474095,44.2975784811046,3.55010777463705
534.452831743344,134.426764252775,4.4588050959101
NA,NA,NA
661.948981409165,337.45751344746,3.61886636968322
458.361392396293,300.159687996398,3.69950185948388
14.5054377450513,497.140839740938,3.57759593693084
561.997940166965,51.1761251546356,4.23981340813851
74.5123509183761,375.03024554477,3.91904688542459
226.508008378583,418.823424999915,3.93861727832746
428.604115046169,16.8524210992567,3.15907439973755
360.818069466342,291.463786855424,3.0760070998864
605.737256146471,100.734761007944,4.09490522308979
391.915307446408,228.466233347701,4.32474637371708
571.386363622032,404.761943164866,4.69758994106495
131.439996330374,280.320986716404,4.47758318109704
200.562602609921,371.963399059328,4.0344259670973
126.632418224115,407.494175018443,3.30228583461841
626.3389733934,315.815916413319,4.53358542592846
-0.406124665068617,144.625735172975,4.21894956441645
543.588440048186,195.741832351627,4.07186110571196
33.2108659812808,493.495362608228,3.05353836433344
278.009346486009,25.2713729937273,3.98628106285217
535.092050681456,394.302306974342,3.35043835952046
69.4745858433633,73.2125217032788,5.15873044801742
7.06497693227973,77.6375603004542,3.39456166226879
587.747078923102,228.882471681715,4.00514679893728
443.510566470736,459.480929471886,4.8001813252747
657.123812492273,373.641112871567,3.15339546025484
99.7997890112939,488.159282987659,4.33072726032151
623.377922159766,86.8460649794151,4.10126421178948
420.32563789551,259.066641578439,3.66500702050075
11.3913277420083,182.323187870195,3.14559836083427
69.0790319272936,114.953679185998,4.33518592100798
603.596106532056,191.638389546473,4.2472343928899
248.507112327827,223.264147700278,3.6741548178144
567.995078317582,436.582491147541,3.92278577093149
294.639649861886,142.234291225762,4.01836693762753
528.45905336521,461.283818519023,3.45409902492158
52.7332926299969,421.912884198599,4.04483791608896
199.875722750066,288.730143475385,4.05511271480064
550.031266207728,260.349328706306,3.53535522804975
171.423528801579,24.689434091755,4.5328369960379
505.790767015694,348.338660914372,4.82206356557998
38.3444998474095,44.2975784811046,3.55010777463705
534.452831743344,134.426764252775,4.4588050959101
NA,NA,NA
661.948981409165,337.45751344746,3.61886636968322
458.361392396293,300.159687996398,3.69950185948388
14.5054377450513,497.140839740938,3.57759593693084
561.997940166965,51.1761251546356,4.23981340813851
74.5123509183761,375.03024554477,3.91904688542459
226.508008378583,418.823424999915,3.93861727832746
428.604115046169,16.8524210992567,3.15907439973755
360.818069466342,291.463786855424,3.0760070998864
605.737256146471,100.734761007944,4.09490522308979
391.915307446408,228.466233347701,4.32474637371708
571.386363622032,404.761943164866,4.69758994106495
131.439996330374,280.320986716404,4.47758318109704
200.562602609921,371.963399059328,4.0344259670973
126.632418224115,407.494175018443,3.30228583461841
626.3389733934,315.815916413319,4.53358542592846
-0.406124665068617,144.625735172975,4.21894956441645
543.588440048186,195.741832351627,4.07186110571196
33.2108659812808,493.495362608228,3.05353836433344
278.009346486009,25.2713729937273,3.98628106285217
535.092050681456,394.302306974342,3.35043835952046
69.4745858433633,73.2125217032788,5.15873044801742
7.06497693227973,77.6375603004542,3.39456166226879
587.747078923102,228.882471681715,4.00514679893728
443.510566470736,459.480929471886,4.8001813252747
657.123812492273,373.641112871567,3.15339546025484
99.7997890112939,488.159282987659,4.33072726032151
623.377922159766,86.8460649794151,4.10126421178948
420.32563789551,259.066641578439,3.66500702050075
11.3913277420083,182.323187870195,3.14559836083427
69.0790319272936,114.953679185998,4.33518592100798
603.596106532056,191.638389546473,4.2472343928899
248.507112327827,223.264147700278,3.6741548178144
567.995078317582,436.582491147541,3.92278577093149
294.639649861886,142.234291225762,4.01836693762753
528.45905336521,461.283818519023,3.45409902492158
52.7332926299969,421.912884198599,4.04483791608896
199.875722750066,288.730143475385,4.05511271480064
550.031266207728,260.349328706306,3.53535522804975
171.423528801579,24.689434091755,4.5328369960379
505.790767015694,348.338660914372,4.82206356557998
38.3444998474095,44.2975784811046,3.55010777463705
534.452831743344,134.426764252775,4.4588050959101
NA,NA,NA
661.948981409165,337.45751344746,3.61886636968322
458.361392396293,300.159687996398,3.69950185948388
14.5054377450513,497.140839740938,3.57759593693084
561.997940166965,51.1761251546356,4.23981340813851
74.5123509183761,375.03024554477,3.91904688542459
226.508008378583,418.823424999915,3.93861727832746
428.604115046169,16.8524210992567,3.15907439973755
360.818069466342,291.463786855424,3.0760070998864
605.737256146471,100.734761007944,4.09490522308979
391.915307446408,228.466233347701,4.32474637371708
571.386363622032,404.761943164866,4.69758994106495
131.439996330374,280.320986716404,4.47758318109704
200.562602609921,371.963399059328,4.0344259670973
126.632418224115,407.494175018443,3.30228583461841
626.3389733934,315.815916413319,4.53358542592846
-0.406124665068617,144.625735172975,4.21894956441645
543.588440048186,195.741832351627,4.07186110571196
33.2108659812808,493.495362608228,3.05353836433344
278.009346486009,25.2713729937273,3.98628106285217
535.092050681456,394.302306974342,3.35043835952046
69.4745858433633,73.2125217032788,5.15873044801742
7.06497693227973,77.6375603004542,3.39456166226879
587.747078923102,228.882471681715,4.00514679893728
443.510566470736,459.480929471886,4.8001813252747
657.123812492273,373.641112871567,3.15339546025484
99.7997890112939,488.159282987659,4.33072726032151
623.377922159766,86.8460649794151,4.10126421178948
420.32563789551,259.066641578439,3.66500702050075
11.3913277420083,182.323187870195,3.14559836083427
69.0790319272936,114.953679185998,4.33518592100798
603.596106532056,191.638389546473,4.2472343928899
248.507112327827,223.264147700278,3.6741548178144
567.995078317582,436.582491147541,3.92278577093149
294.639649861886,142.234291225762,4.01836693762753
528.45905336521,461.283818519023,3.45409902492158
52.7332926299969,421.912884198599,4.04483791608896
199.875722750066,288.730143475385,4.05511271480064
550.031266207728,260.349328706306,3.53535522804975
171.423528801579,24.689434091755,4.5328369960379
505.790767015694,348.338660914372,4.82206356557998
38.3444998474095,44.2975784811046,3.55010777463705
534.452831743344,134.426764252775,4.4588050959101
NA,NA,NA
661.948981409165,337.45751344746,3.61886636968322
458.361392396293,300.159687996398,3.69950185948388
14.5054377450513,497.140839740938,3.57759593693084
561.997940166965,51.1761251546356,4.23981340813851
74.5123509183761,375.03024554477,3.91904688542459
226.508008378583,418.823424999915,3.93861727832746
428.604115046169,16.8524210992567,3.15907439973755
360.818069466342,291.463786855424,3.0760070998864
605.737256146471,100.734761007944,4.09490522308979
391.915307446408,228.466233347701,4.32474637371708
571.386363622032,404.761943164866,4.69758994106495
131.439996330374,280.320986716404,4.47758318109704
200.562602609921,371.963399059328,4.0344259670973
126.632418224115,407.494175018443,3.30228583461841
626.3389733934,315.815916413319,4.53358542592846
-0.406124665068617,144.625735172975,4.21894956441645
543.588440048186,195.741832351627,4.07186110571196
33.2108659812808,493.495362608228,3.05353836433344
278.009346486009,25.2713729937273,3.98628106285217
535.092050681456,394.302306974342,3.35043835952046
69.4745858433633,73.2125217032788,5.15873044801742
7.06497693227973,77.6375603004542,3.39456166226879
587.747078923102,228.882471681715,4.00514679893728
443.510566470736,459.480929471886,4.8001813252747
657.123812492273,373.641112871567,3.15339546025484
99.7997890112939,488.159282987659,4.33072726032151
623.377922159766,86.8460649794151,4.10126421178948
420.32563789551,259.066641578439,3.66500702050075
11.3913277420083,182.323187870195,3.14559836083427
69.0790319272936,114.953679185998,4.33518592100798
603.596106532056,191.638389546473,4.2472343928899
248.507112327827,223.264147700278,3.6741548178144
567.995078317582,436.582491147541,3.92278577093149
294.639649861886,142.234291225762,4.01836693762753
528.45905336521,461.283818519023,3.45409902492158
52.7332926299969,421.912884198599,4.04483791608896
199.875722750066,288.730143475385,4.05511271480064
550.031266207728,260.349328706306,3.53535522804975
171.423528801579,24.689434091755,4.5328369960379
505.790767015694,348.338660914372,4.82206356557998
38.3444998474095,44.2975784811046,3.55010777463705
534.452831743344,134.426764252775,4.4588050959101
NA,NA,NA
659.574153332083,334.165025575576,3.54864395233198
457.664776167638,301.899490823136,3.770000188293
10.8889939007456,493.920033829249,3.65570937353011
561.127305085104,53.1521413119781,4.10110065040407
67.571072329341,370.991988176169,4.02465327433838
227.096553813003,417.59113222241,3.93623068427476
430.017069856717,14.7042671703498,3.47807547745257
359.485207452826,294.785904037097,2.96995256601961
600.400226574757,100.551228128041,4.38245567344955
394.465612031701,233.010238059785,4.17581022863325
566.617800232596,414.536754164906,4.69569199753345
142.708181052701,285.754405370078,4.54866627918012
200.066783064609,369.032370755146,3.8892727925615
124.819847919369,413.435262398554,3.41060538882643
628.13709552202,308.303307788014,4.51502685346511
0.827059250731957,152.010554798559,4.16591089533049
542.833646334154,204.303556744938,4.12403117422653
33.8554124636371,491.685458672936,3.00458491841329
277.081049955983,22.0837657587925,3.94990081206774
534.544540950998,390.751428419181,3.3387921405578
65.5992689689894,76.2068459401173,5.25737540313017
3.42089930282988,75.2169862670168,3.42648530076276
589.094989690157,223.897505500983,3.99600012213603
436.453227997374,466.34995638848,4.79436819056323
657.520656016089,374.454617312018,3.03930642817631
109.492249217398,483.143286451926,4.43572527516457
622.872289250421,92.5002075883024,4.00883975976989
421.446114509601,256.535672321317,3.67344252650491
12.4063915036593,183.72171620855,3.29821768411537
60.4683598857874,120.247758778679,4.45091758879716
604.144764816867,198.147917083767,4.175293490917
261.721934264921,216.069390784454,3.75354311155958
588.035518010431,437.398052797726,3.89298845723577
295.657717568437,138.7396666378,4.02346564838063
534.994262561978,456.638301154834,3.3154736400474
37.4617738089553,418.875596473692,4.14106489007827
197.170008015502,293.5946923312,3.80363634729186
548.53498010912,254.190344789216,3.68749017789527
178.066986864859,35.26366765101,3.95253039969341
490.333350599727,344.899932144678,4.35854234508286
34.6750740142597,47.8581752878579,4.01367330191937
528.864632405111,181.091229430845,4.31690449524732
NA,NA,NA
659.574153332083,334.165025575576,3.54864395233198
457.664776167638,301.899490823136,3.770000188293
10.8889939007456,493.920033829249,3.65570937353011
561.127305085104,53.1521413119781,4.10110065040407
67.571072329341,370.991988176169,4.02465327433838
227.096553813003,417.59113222241,3.93623068427476
430.017069856717,14.7042671703498,3.47807547745257
359.485207452826,294.785904037097,2.96995256601961
600.400226574757,100.551228128041,4.38245567344955
394.465612031701,233.010238059785,4.17581022863325
566.617800232596,414.536754164906,4.69569199753345
142.708181052701,285.754405370078,4.54866627918012
200.066783064609,369.032370755146,3.8892727925615
124.819847919369,413.435262398554,3.41060538882643
628.13709552202,308.303307788014,4.51502685346511
0.827059250731957,152.010554798559,4.16591089533049
542.833646334154,204.303556744938,4.12403117422653
33.8554124636371,491.685458672936,3.00458491841329
277.081049955983,22.0837657587925,3.94990081206774
534.544540950998,390.751428419181,3.3387921405578
65.5992689689894,76.2068459401173,5.25737540313017
3.42089930282988,75.2169862670168,3.42648530076276
589.094989690157,223.897505500983,3.99600012213603
436.453227997374,466.34995638848,4.79436819056323
657.520656016089,374.454617312018,3.03930642817631
109.492249217398,483.143286451926,4.43572527516457
622.872289250421,92.5002075883024,4.00883975976989
421.446114509601,256.535672321317,3.67344252650491
12.4063915036593,183.72171620855,3.29821768411537
60.4683598857874,120.247758778679,4.45091758879716
604.144764816867,198.147917083767,4.175293490917
261.721934264921,216.069390784454,3.75354311155958
588.035518010431,437.398052797726,3.89298845723577
295.657717568437,138.7396666378,4.02346564838063
534.994262561978,456.638301154834,3.3154736400474
37.4617738089553,418.875596473692,4.14106489007827
197.170008015502,293.5946923312,3.80363634729186
548.53498010912,254.190344789216,3.68749017789527
178.066986864859,35.26366765101,3.95253039969341
490.333350599727,344.899932144678,4.35854234508286
34.6750740142597,47.8581752878579,4.01367330191937
528.864632405111,181.091229430845,4.31690449524732
NA,NA,NA
659.574153332083,334.165025575576,3.54864395233198
457.664776167638,301.899490823136,3.770000188293
10.8889939007456,493.920033829249,3.65570937353011
561.127305085104,53.1521413119781,4.10110065040407
67.571072329341,370.991988176169,4.02465327433838
227.096553813003,417.59113222241,3.93623068427476
430.017069856717,14.7042671703498,3.47807547745257
359.485207452826,294.785904037097,2.96995256601961
600.400226574757,100.551228128041,4.38245567344955
394.465612031701,233.010238059785,4.17581022863325
566.617800232596,414.536754164906,4.69569199753345
142.708181052701,285.754405370078,4.54866627918012
200.066783064609,369.032370755146,3.8892727925615
124.819847919369,413.435262398554,3.41060538882643
628.13709552202,308.303307788014,4.51502685346511
0.827059250731957,152.010554798559,4.16591089533049
542.833646334154,204.303556744938,4.12403117422653
33.8554124636371,491.685458672936,3.00458491841329
277.081049955983,22.0837657587925,3.94990081206774
534.544540950998,390.751428419181,3.3387921405578
65.5992689689894,76.2068459401173,5.25737540313017
3.42089930282988,75.2169862670168,3.42648530076276
589.094989690157,223.897505500983,3.99600012213603
436.453227997374,466.34995638848,4.79436819056323
657.520656016089,374.454617312018,3.03930642817631
109.492249217398,483.143286451926,4.43572527516457
622.872289250421,92.5002075883024,4.00883975976989
421.446114509601,256.535672321317,3.67344252650491
12.4063915036593,183.72171620855,3.29821768411537
60.4683598857874,120.247758778679,4.45091758879716
604.144764816867,198.147917083767,4.175293490917
261.721934264921,216.069390784454,3.75354311155958
588.035518010431,437.398052797726,3.89298845723577
295.657717568437,138.7396666378,4.02346564838063
534.994262561978,456.638301154834,3.3154736400474
37.4617738089553,418.875596473692,4.14106489007827
197.170008015502,293.5946923312,3.80363634729186
548.53498010912,254.190344789216,3.68749017789527
178.066986864859,35.26366765101,3.95253039969341
490.333350599727,344.899932144678,4.35854234508286
34.6750740142597,47.8581752878579,4.01367330191937
528.864632405111,181.091229430845,4.31690449524732
NA,NA,NA
659.574153332083,334.165025575576,3.54864395233198
457.664776167638,301.899490823136,3.770000188293
10.8889939007456,493.920033829249,3.65570937353011
561.127305085104,53.1521413119781,4.10110065040407
67.571072329341,370.991988176169,4.02465327433838
227.096553813003,417.59113222241,3.93623068427476
430.017069856717,14.7042671703498,3.47807547745257
359.485207452826,294.785904037097,2.96995256601961
600.400226574757,100.551228128041,4.38245567344955
394.465612031701,233.010238059785,4.17581022863325
566.617800232596,414.536754164906,4.69569199753345
142.708181052701,285.754405370078,4.54866627918012
200.066783064609,369.032370755146,3.8892727925615
124.819847919369,413.435262398554,3.41060538882643
628.13709552202,308.303307788014,4.51502685346511
0.827059250731957,152.010554798559,4.16591089533049
542.833646334154,204.303556744938,4.12403117422653
33.8554124636371,491.685458672936,3.00458491841329
277.081049955983,22.0837657587925,3.94990081206774
534.544540950998,390.751428419181,3.3387921405578
65.5992689689894,76.2068459401173,5.25737540313017
3.42089930282988,75.2169862670168,3.42648530076276
589.094989690157,223.897505500983,3.99600012213603
436.453227997374,466.34995638848,4.79436819056323
657.520656016089,374.454617312018,3.03930642817631
109.492249217398,483.143286451926,4.43572527516457
622.872289250421,92.5002075883024,4.00883975976989
421.446114509601,256.535672321317,3.67344252650491
12.4063915036593,183.72171620855,3.29821768411537
60.4683598857874,120.247758778679,4.45091758879716
604.144764816867,198.147917083767,4.175293490917
261.721934264921,216.069390784454,3.75354311155958
588.035518010431,437.398052797726,3.89298845723577
295.657717568437,138.7396666378,4.02346564838063
534.994262561978,456.638301154834,3.3154736400474
37.4617738089553,418.875596473692,4.14106489007827
197.170008015502,293.5946923312,3.80363634729186
548.53498010912,254.190344789216,3.68749017789527
178.066986864859,35.26366765101,3.95253039969341
490.333350599727,344.899932144678,4.35854234508286
34.6750740142597,47.8581752878579,4.01367330191937
528.864632405111,181.091229430845,4.31690449524732
NA,NA,NA
659.574153332083,334.165025575576,3.54864395233198
457.664776167638,301.899490823136,3.770000188293
10.8889939007456,493.920033829249,3.65570937353011
561.127305085104,53.1521413119781,4.10110065040407
67.571072329341,370.991988176169,4.02465327433838
227.096553813003,417.59113222241,3.93623068427476
430.017069856717,14.7042671703498,3.47807547745257
359.485207452826,294.785904037097,2.96995256601961
600.400226574757,100.551228128041,4.38245567344955
394.465612031701,233.010238059785,4.17581022863325
566.617800232596,414.536754164906,4.69569199753345
142.708181052701,285.754405370078,4.54866627918012
200.066783064609,369.032370755146,3.8892727925615
124.819847919369,413.435262398554,3.41060538882643
628.13709552202,308.303307788014,4.51502685346511
0.827059250731957,152.010554798559,4.16591089533049
542.833646334154,204.303556744938,4.12403117422653
33.8554124636371,491.685458672936,3.00458491841329
277.081049955983,22.0837657587925,3.94990081206774
534.544540950998,390.751428419181,3.3387921405578
65.5992689689894,76.2068459401173,5.25737540313017
3.42089930282988,75.2169862670168,3.42648530076276
589.094989690157,223.897505500983,3.99600012213603
436.453227997374,466.34995638848,4.79436819056323
657.520656016089,374.454617312018,3.03930642817631
109.492249217398,483.143286451926,4.43572527516457
622.872289250421,92.5002075883024,4.00883975976989
421.446114509601,256.535672321317,3.67344252650491
12.4063915036593,183.72171620855,3.29821768411537
60.4683598857874,120.247758778679,4.45091758879716
604.144764816867,198.147917083767,4.175293490917
261.721934264921,216.069390784454,3.75354311155958
588.035518010431,437.398052797726,3.89298845723577
295.657717568437,138.7396666378,4.02346564838063
534.994262561978,456.638301154834,3.3154736400474
37.4617738089553,418.875596473692,4.14106489007827
197.170008015502,293.5946923312,3.80363634729186
548.53498010912,254.190344789216,3.68749017789527
178.066986864859,35.26366765101,3.95253039969341
490.333350599727,344.899932144678,4.35854234508286
34.6750740142597,47.8581752878579,4.01367330191937
528.864632405111,181.091229430845,4.31690449524732
NA,NA,NA
659.574153332083,334.165025575576,3.54864395233198
457.664776167638,301.899490823136,3.770000188293
10.8889939007456,493.920033829249,3.65570937353011
561.127305085104,53.1521413119781,4.10110065040407
67.571072329341,370.991988176169,4.02465327433838
227.096553813003,417.59113222241,3.93623068427476
430.017069856717,14.7042671703498,3.47807547745257
359.485207452826,294.785904037097,2.96995256601961
600.400226574757,100.551228128041,4.38245567344955
394.465612031701,233.010238059785,4.17581022863325
566.617800232596,414.536754164906,4.69569199753345
142.708181052701,285.754405370078,4.54866627918012
200.066783064609,369.032370755146,3.8892727925615
124.819847919369,413.435262398554,3.41060538882643
628.13709552202,308.303307788014,4.51502685346511
0.827059250731957,152.010554798559,4.16591089533049
542.833646334154,204.303556744938,4.12403117422653
33.8554124636371,491.685458672936,3.00458491841329
277.081049955983,22.0837657587925,3.94990081206774
534.544540950998,390.751428419181,3.3387921405578
65.5992689689894,76.2068459401173,5.25737540313017
3.42089930282988,75.2169862670168,3.42648530076276
589.094989690157,223.897505500983,3.99600012213603
436.453227997374,466.34995638848,4.79436819056323
657.520656016089,374.454617312018,3.03930642817631
109.492249217398,483.143286451926,4.43572527516457
622.872289250421,92.5002075883024,4.00883975976989
421.446114509601,256.535672321317,3.67344252650491
12.4063915036593,183.72171620855,3.29821768411537
60.4683598857874,120.247758778679,4.45091758879716
604.144764816867,198.147917083767,4.175293490917
261.721934264921,216.069390784454,3.75354311155958
588.035518010431,437.398052797726,3.89298845723577
295.657717568437,138.7396666378,4.02346564838063
534.994262561978,456.638301154834,3.3154736400474
37.4617738089553,418.875596473692,4.14106489007827
197.170008015502,293.5946923312,3.80363634729186
548.53498010912,254.190344789216,3.68749017789527
178.066986864859,35.26366765101,3.95253039969341
490.333350599727,344.899932144678,4.35854234508286
34.6750740142597,47.8581752878579,4.01367330191937
528.864632405111,181.091229430845,4.31690449524732
NA,NA,NA
665.164198178146,332.463676714121,3.43863586590591
454.0773569186,298.608870002135,3.56463348165236
12.5382423456552,492.6090726679,3.63079179221075
563.427555187664,45.0033378568195,4.24354618059959
73.7885328346984,380.208478386429,4.10266889714915
225.585678458617,415.213364990021,3.98826089368079
429.608953048373,9.69166031378354,3.26212413554315
364.620036232768,294.30356073095,3.02217249293842
605.337754820445,106.034518833803,4.18650502234214
393.033133055588,227.827587661652,4.06389470092801
573.445224309348,400.335908254908,4.75816704682155
141.213405587164,287.749728340939,4.7258786188407
197.636918579798,369.200088607335,4.01091803202677
126.576024660354,411.194149427905,3.45101973189074
628.532573420846,316.928127587893,4.70416900203602
0.636045540782226,152.560198859403,4.31299478590978
542.329346722499,198.600624051046,4.10154334758532
33.9744181176524,489.552466395679,3.14940785131915
275.362112185705,26.2485055545564,3.91833039173136
530.980132011948,393.403979905299,3.34951530168977
73.8084416919521,83.8842126550327,5.26893111078222
6.62830160334071,75.3436892873204,3.56829503596407
588.943588617341,226.532657677675,4.00831945605085
433.554814889792,466.087860460265,4.77386047745531
656.160208164465,374.653220208101,2.92237513671446
104.445503325105,489.509610815598,4.27680878751153
623.555920112328,87.94262795026,4.07204646783324
420.168745644155,261.073490123894,3.73618063956479
10.1867440381977,181.45527167783,3.1720313472773
76.1798073103296,122.799239270221,4.49127985891347
617.112063023489,190.364300877619,4.33737930692157
254.857800779418,218.563280789781,3.61926080839236
585.661095890585,430.428104616875,3.96807360881685
298.604518707116,136.761448897572,3.87890893811319
531.632815933547,457.767848436912,3.34276411035934
46.9660748635978,412.817166608875,4.26925718146277
206.858562295688,292.456169698808,4.17219857344891
547.411275314403,251.968993811917,3.46545500652956
171.699017390139,32.7287866243348,4.36020281559096
492.201304222037,340.682056097053,4.35737854349407
38.7845964783522,38.3558783169496,3.73901338974616
517.871014971751,149.296865302519,4.73339633679615
NA,NA,NA
665.164198178146,332.463676714121,3.43863586590591
454.0773569186,298.608870002135,3.56463348165236
12.5382423456552,492.6090726679,3.63079179221075
563.427555187664,45.0033378568195,4.24354618059959
73.7885328346984,380.208478386429,4.10266889714915
225.585678458617,415.213364990021,3.98826089368079
429.608953048373,9.69166031378354,3.26212413554315
364.620036232768,294.30356073095,3.02217249293842
605.337754820445,106.034518833803,4.18650502234214
393.033133055588,227.827587661652,4.06389470092801
573.445224309348,400.335908254908,4.75816704682155
141.213405587164,287.749728340939,4.7258786188407
197.636918579798,369.200088607335,4.01091803202677
126.576024660354,411.194149427905,3.45101973189074
628.532573420846,316.928127587893,4.70416900203602
0.636045540782226,152.560198859403,4.31299478590978
542.329346722499,198.600624051046,4.10154334758532
33.9744181176524,489.552466395679,3.14940785131915
275.362112185705,26.2485055545564,3.91833039173136
530.980132011948,393.403979905299,3.34951530168977
73.8084416919521,83.8842126550327,5.26893111078222
6.62830160334071,75.3436892873204,3.56829503596407
588.943588617341,226.532657677675,4.00831945605085
433.554814889792,466.087860460265,4.77386047745531
656.160208164465,374.653220208101,2.92237513671446
104.445503325105,489.509610815598,4.27680878751153
623.555920112328,87.94262795026,4.07204646783324
420.168745644155,261.073490123894,3.73618063956479
10.1867440381977,181.45527167783,3.1720313472773
76.1798073103296,122.799239270221,4.49127985891347
617.112063023489,190.364300877619,4.33737930692157
254.857800779418,218.563280789781,3.61926080839236
585.661095890585,430.428104616875,3.96807360881685
298.604518707116,136.761448897572,3.87890893811319
531.632815933547,457.767848436912,3.34276411035934
46.9660748635978,412.817166608875,4.26925718146277
206.858562295688,292.456169698808,4.17219857344891
547.411275314403,251.968993811917,3.46545500652956
171.699017390139,32.7287866243348,4.36020281559096
492.201304222037,340.682056097053,4.35737854349407
38.7845964783522,38.3558783169496,3.73901338974616
517.871014971751,149.296865302519,4.73339633679615
NA,NA,NA
665.164198178146,332.463676714121,3.43863586590591
454.0773569186,298.608870002135,3.56463348165236
12.5382423456552,492.6090726679,3.63079179221075
563.427555187664,45.0033378568195,4.24354618059959
73.7885328346984,380.208478386429,4.10266889714915
225.585678458617,415.213364990021,3.98826089368079
429.608953048373,9.69166031378354,3.26212413554315
364.620036232768,294.30356073095,3.02217249293842
605.337754820445,106.034518833803,4.18650502234214
393.033133055588,227.827587661652,4.06389470092801
573.445224309348,400.335908254908,4.75816704682155
141.213405587164,287.749728340939,4.7258786188407
197.636918579798,369.200088607335,4.01091803202677
126.576024660354,411.194149427905,3.45101973189074
628.532573420846,316.928127587893,4.70416900203602
0.636045540782226,152.560198859403,4.31299478590978
542.329346722499,198.600624051046,4.10154334758532
33.9744181176524,489.552466395679,3.14940785131915
275.362112185705,26.2485055545564,3.91833039173136
530.980132011948,393.403979905299,3.34951530168977
73.8084416919521,83.8842126550327,5.26893111078222
6.62830160334071,75.3436892873204,3.56829503596407
588.943588617341,226.532657677675,4.00831945605085
433.554814889792,466.087860460265,4.77386047745531
656.160208164465,374.653220208101,2.92237513671446
104.445503325105,489.509610815598,4.27680878751153
623.555920112328,87.94262795026,4.07204646783324
420.168745644155,261.073490123894,3.73618063956479
10.1867440381977,181.45527167783,3.1720313472773
76.1798073103296,122.799239270221,4.49127985891347
617.112063023489,190.364300877619,4.33737930692157
254.857800779418,218.563280789781,3.61926080839236
585.661095890585,430.428104616875,3.96807360881685
298.604518707116,136.761448897572,3.87890893811319
531.632815933547,457.767848436912,3.34276411035934
46.9660748635978,412.817166608875,4.26925718146277
206.858562295688,292.456169698808,4.17219857344891
547.411275314403,251.968993811917,3.46545500652956
171.699017390139,32.7287866243348,4.36020281559096
492.201304222037,340.682056097053,4.35737854349407
38.7845964783522,38.3558783169496,3.73901338974616
517.871014971751,149.296865302519,4.73339633679615
NA,NA,NA
665.164198178146,332.463676714121,3.43863586590591
454.0773569186,298.608870002135,3.56463348165236
12.5382423456552,492.6090726679,3.63079179221075
563.427555187664,45.0033378568195,4.24354618059959
73.7885328346984,380.208478386429,4.10266889714915
225.585678458617,415.213364990021,3.98826089368079
429.608953048373,9.69166031378354,3.26212413554315
364.620036232768,294.30356073095,3.02217249293842
605.337754820445,106.034518833803,4.18650502234214
393.033133055588,227.827587661652,4.06389470092801
573.445224309348,400.335908254908,4.75816704682155
141.213405587164,287.749728340939,4.7258786188407
197.636918579798,369.200088607335,4.01091803202677
126.576024660354,411.194149427905,3.45101973189074
628.532573420846,316.928127587893,4.70416900203602
0.636045540782226,152.560198859403,4.31299478590978
542.329346722499,198.600624051046,4.10154334758532
33.9744181176524,489.552466395679,3.14940785131915
275.362112185705,26.2485055545564,3.91833039173136
530.980132011948,393.403979905299,3.34951530168977
73.8084416919521,83.8842126550327,5.26893111078222
6.62830160334071,75.3436892873204,3.56829503596407
588.943588617341,226.532657677675,4.00831945605085
433.554814889792,466.087860460265,4.77386047745531
656.160208164465,374.653220208101,2.92237513671446
104.445503325105,489.509610815598,4.27680878751153
623.555920112328,87.94262795026,4.07204646783324
420.168745644155,261.073490123894,3.73618063956479
10.1867440381977,181.45527167783,3.1720313472773
76.1798073103296,122.799239270221,4.49127985891347
617.112063023489,190.364300877619,4.33737930692157
254.857800779418,218.563280789781,3.61926080839236
585.661095890585,430.428104616875,3.96807360881685
298.604518707116,136.761448897572,3.87890893811319
531.632815933547,457.767848436912,3.34276411035934
46.9660748635978,412.817166608875,4.26925718146277
206.858562295688,292.456169698808,4.17219857344891
547.411275314403,251.968993811917,3.46545500652956
171.699017390139,32.7287866243348,4.36020281559096
492.201304222037,340.682056097053,4.35737854349407
38.7845964783522,38.3558783169496,3.73901338974616
517.871014971751,149.296865302519,4.73339633679615
NA,NA,NA
665.164198178146,332.463676714121,3.43863586590591
454.0773569186,298.608870002135,3.56463348165236
12.5382423456552,492.6090726679,3.63079179221075
563.427555187664,45.0033378568195,4.24354618059959
73.7885328346984,380.208478386429,4.10266889714915
225.585678458617,415.213364990021,3.98826089368079
429.608953048373,9.69166031378354,3.26212413554315
364.620036232768,294.30356073095,3.02217249293842
605.337754820445,106.034518833803,4.18650502234214
393.033133055588,227.827587661652,4.06389470092801
573.445224309348,400.335908254908,4.75816704682155
141.213405587164,287.749728340939,4.7258786188407
197.636918579798,369.200088607335,4.01091803202677
126.576024660354,411.194149427905,3.45101973189074
628.532573420846,316.928127587893,4.70416900203602
0.636045540782226,152.560198859403,4.31299478590978
542.329346722499,198.600624051046,4.10154334758532
33.9744181176524,489.552466395679,3.14940785131915
275.362112185705,26.2485055545564,3.91833039173136
530.980132011948,393.403979905299,3.34951530168977
73.8084416919521,83.8842126550327,5.26893111078222
6.62830160334071,75.3436892873204,3.56829503596407
588.943588617341,226.532657677675,4.00831945605085
433.554814889792,466.087860460265,4.77386047745531
656.160208164465,374.653220208101,2.92237513671446
104.445503325105,489.509610815598,4.27680878751153
623.555920112328,87.94262795026,4.07204646783324
420.168745644155,261.073490123894,3.73618063956479
10.1867440381977,181.45527167783,3.1720313472773
76.1798073103296,122.799239270221,4.49127985891347
617.112063023489,190.364300877619,4.33737930692157
254.857800779418,218.563280789781,3.61926080839236
585.661095890585,430.428104616875,3.96807360881685
298.604518707116,136.761448897572,3.87890893811319
531.632815933547,457.767848436912,3.34276411035934
46.9660748635978,412.817166608875,4.26925718146277
206.858562295688,292.456169698808,4.17219857344891
547.411275314403,251.968993811917,3.46545500652956
171.699017390139,32.7287866243348,4.36020281559096
492.201304222037,340.682056097053,4.35737854349407
38.7845964783522,38.3558783169496,3.73901338974616
517.871014971751,149.296865302519,4.73339633679615
NA,NA,NA
665.164198178146,332.463676714121,3.43863586590591
454.0773569186,298.608870002135,3.56463348165236
12.5382423456552,492.6090726679,3.63079179221075
563.427555187664,45.0033378568195,4.24354618059959
73.7885328346984,380.208478386429,4.10266889714915
225.585678458617,415.213364990021,3.98826089368079
429.608953048373,9.69166031378354,3.26212413554315
364.620036232768,294.30356073095,3.02217249293842
605.337754820445,106.034518833803,4.18650502234214
393.033133055588,227.827587661652,4.06389470092801
573.445224309348,400.335908254908,4.75816704682155
141.213405587164,287.749728340939,4.7258786188407
197.636918579798,369.200088607335,4.01091803202677
126.576024660354,411.194149427905,3.45101973189074
628.532573420846,316.928127587893,4.70416900203602
0.636045540782226,152.560198859403,4.31299478590978
542.329346722499,198.600624051046,4.10154334758532
33.9744181176524,489.552466395679,3.14940785131915
275.362112185705,26.2485055545564,3.91833039173136
530.980132011948,393.403979905299,3.34951530168977
73.8084416919521,83.8842126550327,5.26893111078222
6.62830160334071,75.3436892873204,3.56829503596407
588.943588617341,226.532657677675,4.00831945605085
433.554814889792,466.087860460265,4.77386047745531
656.160208164465,374.653220208101,2.92237513671446
104.445503325105,489.509610815598,4.27680878751153
623.555920112328,87.94262795026,4.07204646783324
420.168745644155,261.073490123894,3.73618063956479
10.1867440381977,181.45527167783,3.1720313472773
76.1798073103296,122.799239270221,4.49127985891347
617.112063023489,190.364300877619,4.33737930692157
254.857800779418,218.563280789781,3.61926080839236
585.661095890585,430.428104616875,3.96807360881685
298.604518707116,136.761448897572,3.87890893811319
531.632815933547,457.767848436912,3.34276411035934
46.9660748635978,412.817166608875,4.26925718146277
206.858562295688,292.456169698808,4.17219857344891
547.411275314403,251.968993811917,3.46545500652956
171.699017390139,32.7287866243348,4.36020281559096
492.201304222037,340.682056097053,4.35737854349407
38.7845964783522,38.3558783169496,3.73901338974616
517.871014971751,149.296865302519,4.73339633679615
NA,NA,NA
661.34184806614,335.410345381961,3.36743670569046
454.015916672266,295.830384678704,3.67415924115562
12.4014047753057,489.407821651146,3.69807395250786
551.462236629105,50.5211237203077,4.2409213048094
68.8173710238117,374.627864562806,3.84316783662713
228.960111619981,409.539670796122,3.85053438972523
428.144753924509,10.924486061034,3.27287782309201
363.859878453114,293.183415853535,3.09121934189943
607.666655482561,106.871066939861,4.18648460251045
391.784667845355,231.32089748808,4.11662901854354
563.125625117041,407.424342256552,4.70079745861154
139.972028232765,277.18791925307,4.48647922338565
198.394766171699,375.210889298218,3.9107450122391
125.219268535734,411.914992457141,3.4784890734636
627.560370345827,312.029372353771,4.53667505419907
0.0678270322987844,146.657940162056,4.28836669284089
540.310843134445,199.09595968893,4.10951192417626
35.7320237180828,492.730412588992,2.9929115746836
279.243094596679,21.8020320330482,3.97344236534283
531.689370481832,391.403000924355,3.4409012470954
75.5227491383258,77.1294202306479,5.35312578127532
2.42828314826051,76.4063294298176,3.26111957782503
591.963791013818,226.578813851551,3.99572469258461
439.490298538335,463.382904674902,4.82620853914748
657.484711177996,373.143101147078,3.21562837546078
109.857557756809,492.112963675357,4.30350492122763
629.146395168576,92.4603217081345,4.06981648448143
418.378514756513,255.035449576093,3.61515565745302
12.8330579854997,181.070110867529,3.37265333807096
76.8330994660058,117.888186315482,4.38212018126644
604.256708409069,189.809094419929,4.53500410051432
252.523787656644,220.380576218453,3.78648288523977
573.28320733013,423.272754644715,4.05748308462705
301.812958773495,140.436399559141,3.90484699515611
527.455880039924,455.029226098754,3.67679350478939
55.0052513323078,421.069920859302,3.84048977179509
204.954688154835,296.091386990038,4.27097654055031
544.039217681713,259.369354041335,3.70563817015504
167.828022717267,10.1570121783943,4.39204013450391
503.038546269589,343.275623482817,4.37236541551571
42.3122861956059,58.1902668330557,4.24038881578947
537.918805988476,134.848847779974,4.64451872810201
NA,NA,NA
661.34184806614,335.410345381961,3.36743670569046
454.015916672266,295.830384678704,3.67415924115562
12.4014047753057,489.407821651146,3.69807395250786
551.462236629105,50.5211237203077,4.2409213048094
68.8173710238117,374.627864562806,3.84316783662713
228.960111619981,409.539670796122,3.85053438972523
428.144753924509,10.924486061034,3.27287782309201
363.859878453114,293.183415853535,3.09121934189943
607.666655482561,106.871066939861,4.18648460251045
391.784667845355,231.32089748808,4.11662901854354
563.125625117041,407.424342256552,4.70079745861154
139.972028232765,277.18791925307,4.48647922338565
198.394766171699,375.210889298218,3.9107450122391
125.219268535734,411.914992457141,3.4784890734636
627.560370345827,312.029372353771,4.53667505419907
0.0678270322987844,146.657940162056,4.28836669284089
540.310843134445,199.09595968893,4.10951192417626
35.7320237180828,492.730412588992,2.9929115746836
279.243094596679,21.8020320330482,3.97344236534283
531.689370481832,391.403000924355,3.4409012470954
75.5227491383258,77.1294202306479,5.35312578127532
2.42828314826051,76.4063294298176,3.26111957782503
591.963791013818,226.578813851551,3.99572469258461
439.490298538335,463.382904674902,4.82620853914748
657.484711177996,373.143101147078,3.21562837546078
109.857557756809,492.112963675357,4.30350492122763
629.146395168576,92.4603217081345,4.06981648448143
418.378514756513,255.035449576093,3.61515565745302
12.8330579854997,181.070110867529,3.37265333807096
76.8330994660058,117.888186315482,4.38212018126644
604.256708409069,189.809094419929,4.53500410051432
252.523787656644,220.380576218453,3.78648288523977
573.28320733013,423.272754644715,4.05748308462705
301.812958773495,140.436399559141,3.90484699515611
527.455880039924,455.029226098754,3.67679350478939
55.0052513323078,421.069920859302,3.84048977179509
204.954688154835,296.091386990038,4.27097654055031
544.039217681713,259.369354041335,3.70563817015504
167.828022717267,10.1570121783943,4.39204013450391
503.038546269589,343.275623482817,4.37236541551571
42.3122861956059,58.1902668330557,4.24038881578947
537.918805988476,134.848847779974,4.64451872810201
NA,NA,NA
661.34184806614,335.410345381961,3.36743670569046
454.015916672266,295.830384678704,3.67415924115562
12.4014047753057,489.407821651146,3.69807395250786
551.462236629105,50.5211237203077,4.2409213048094
68.8173710238117,374.627864562806,3.84316783662713
228.960111619981,409.539670796122,3.85053438972523
428.144753924509,10.924486061034,3.27287782309201
363.859878453114,293.183415853535,3.09121934189943
607.666655482561,106.871066939861,4.18648460251045
391.784667845355,231.32089748808,4.11662901854354
563.125625117041,407.424342256552,4.70079745861154
139.972028232765,277.18791925307,4.48647922338565
198.394766171699,375.210889298218,3.9107450122391
125.219268535734,411.914992457141,3.4784890734636
627.560370345827,312.029372353771,4.53667505419907
0.0678270322987844,146.657940162056,4.28836669284089
540.310843134445,199.09595968893,4.10951192417626
35.7320237180828,492.730412588992,2.9929115746836
279.243094596679,21.8020320330482,3.97344236534283
531.689370481832,391.403000924355,3.4409012470954
75.5227491383258,77.1294202306479,5.35312578127532
2.42828314826051,76.4063294298176,3.26111957782503
591.963791013818,226.578813851551,3.99572469258461
439.490298538335,463.382904674902,4.82620853914748
657.484711177996,373.143101147078,3.21562837546078
109.857557756809,492.112963675357,4.30350492122763
629.146395168576,92.4603217081345,4.06981648448143
418.378514756513,255.035449576093,3.61515565745302
12.8330579854997,181.070110867529,3.37265333807096
76.8330994660058,117.888186315482,4.38212018126644
604.256708409069,189.809094419929,4.53500410051432
252.523787656644,220.380576218453,3.78648288523977
573.28320733013,423.272754644715,4.05748308462705
301.812958773495,140.436399559141,3.90484699515611
527.455880039924,455.029226098754,3.67679350478939
55.0052513323078,421.069920859302,3.84048977179509
204.954688154835,296.091386990038,4.27097654055031
544.039217681713,259.369354041335,3.70563817015504
167.828022717267,10.1570121783943,4.39204013450391
503.038546269589,343.275623482817,4.37236541551571
42.3122861956059,58.1902668330557,4.24038881578947
537.918805988476,134.848847779974,4.64451872810201
NA,NA,NA
661.34184806614,335.410345381961,3.36743670569046
454.015916672266,295.830384678704,3.67415924115562
12.4014047753057,489.407821651146,3.69807395250786
551.462236629105,50.5211237203077,4.2409213048094
68.8173710238117,374.627864562806,3.84316783662713
228.960111619981,409.539670796122,3.85053438972523
428.144753924509,10.924486061034,3.27287782309201
363.859878453114,293.183415853535,3.09121934189943
607.666655482561,106.871066939861,4.18648460251045
391.784667845355,231.32089748808,4.11662901854354
563.125625117041,407.424342256552,4.70079745861154
139.972028232765,277.18791925307,4.48647922338565
198.394766171699,375.210889298218,3.9107450122391
125.219268535734,411.914992457141,3.4784890734636
627.560370345827,312.029372353771,4.53667505419907
0.0678270322987844,146.657940162056,4.28836669284089
540.310843134445,199.09595968893,4.10951192417626
35.7320237180828,492.730412588992,2.9929115746836
279.243094596679,21.8020320330482,3.97344236534283
531.689370481832,391.403000924355,3.4409012470954
75.5227491383258,77.1294202306479,5.35312578127532
2.42828314826051,76.4063294298176,3.26111957782503
591.963791013818,226.578813851551,3.99572469258461
439.490298538335,463.382904674902,4.82620853914748
657.484711177996,373.143101147078,3.21562837546078
109.857557756809,492.112963675357,4.30350492122763
629.146395168576,92.4603217081345,4.06981648448143
418.378514756513,255.035449576093,3.61515565745302
12.8330579854997,181.070110867529,3.37265333807096
76.8330994660058,117.888186315482,4.38212018126644
604.256708409069,189.809094419929,4.53500410051432
252.523787656644,220.380576218453,3.78648288523977
573.28320733013,423.272754644715,4.05748308462705
301.812958773495,140.436399559141,3.90484699515611
527.455880039924,455.029226098754,3.67679350478939
55.0052513323078,421.069920859302,3.84048977179509
204.954688154835,296.091386990038,4.27097654055031
544.039217681713,259.369354041335,3.70563817015504
167.828022717267,10.1570121783943,4.39204013450391
503.038546269589,343.275623482817,4.37236541551571
42.3122861956059,58.1902668330557,4.24038881578947
537.918805988476,134.848847779974,4.64451872810201
NA,NA,NA
661.34184806614,335.410345381961,3.36743670569046
454.015916672266,295.830384678704,3.67415924115562
12.4014047753057,489.407821651146,3.69807395250786
551.462236629105,50.5211237203077,4.2409213048094
68.8173710238117,374.627864562806,3.84316783662713
228.960111619981,409.539670796122,3.85053438972523
428.144753924509,10.924486061034,3.27287782309201
363.859878453114,293.183415853535,3.09121934189943
607.666655482561,106.871066939861,4.18648460251045
391.784667845355,231.32089748808,4.11662901854354
563.125625117041,407.424342256552,4.70079745861154
139.972028232765,277.18791925307,4.48647922338565
198.394766171699,375.210889298218,3.9107450122391
125.219268535734,411.914992457141,3.4784890734636
627.560370345827,312.029372353771,4.53667505419907
0.0678270322987844,146.657940162056,4.28836669284089
540.310843134445,199.09595968893,4.10951192417626
35.7320237180828,492.730412588992,2.9929115746836
279.243094596679,21.8020320330482,3.97344236534283
531.689370481832,391.403000924355,3.4409012470954
75.5227491383258,77.1294202306479,5.35312578127532
2.42828314826051,76.4063294298176,3.26111957782503
591.963791013818,226.578813851551,3.99572469258461
439.490298538335,463.382904674902,4.82620853914748
657.484711177996,373.143101147078,3.21562837546078
109.857557756809,492.112963675357,4.30350492122763
629.146395168576,92.4603217081345,4.06981648448143
418.378514756513,255.035449576093,3.61515565745302
12.8330579854997,181.070110867529,3.37265333807096
76.8330994660058,117.888186315482,4.38212018126644
604.256708409069,189.809094419929,4.53500410051432
252.523787656644,220.380576218453,3.78648288523977
573.28320733013,423.272754644715,4.05748308462705
301.812958773495,140.436399559141,3.90484699515611
527.455880039924,455.029226098754,3.67679350478939
55.0052513323078,421.069920859302,3.84048977179509
204.954688154835,296.091386990038,4.27097654055031
544.039217681713,259.369354041335,3.70563817015504
167.828022717267,10.1570121783943,4.39204013450391
503.038546269589,343.275623482817,4.37236541551571
42.3122861956059,58.1902668330557,4.24038881578947
537.918805988476,134.848847779974,4.64451872810201
NA,NA,NA
661.34184806614,335.410345381961,3.36743670569046
454.015916672266,295.830384678704,3.67415924115562
12.4014047753057,489.407821651146,3.69807395250786
551.462236629105,50.5211237203077,4.2409213048094
68.8173710238117,374.627864562806,3.84316783662713
228.960111619981,409.539670796122,3.85053438972523
428.144753924509,10.924486061034,3.27287782309201
363.859878453114,293.183415853535,3.09121934189943
607.666655482561,106.871066939861,4.18648460251045
391.784667845355,231.32089748808,4.11662901854354
563.125625117041,407.424342256552,4.70079745861154
139.972028232765,277.18791925307,4.48647922338565
198.394766171699,375.210889298218,3.9107450122391
125.219268535734,411.914992457141,3.4784890734636
627.560370345827,312.029372353771,4.53667505419907
0.0678270322987844,146.657940162056,4.28836669284089
540.310843134445,199.09595968893,4.10951192417626
35.7320237180828,492.730412588992,2.9929115746836
279.243094596679,21.8020320330482,3.97344236534283
531.689370481832,391.403000924355,3.4409012470954
75.5227491383258,77.1294202306479,5.35312578127532
2.42828314826051,76.4063294298176,3.26111957782503
591.963791013818,226.578813851551,3.99572469258461
439.490298538335,463.382904674902,4.82620853914748
657.484711177996,373.143101147078,3.21562837546078
109.857557756809,492.112963675357,4.30350492122763
629.146395168576,92.4603217081345,4.06981648448143
418.378514756513,255.035449576093,3.61515565745302
12.8330579854997,181.070110867529,3.37265333807096
76.8330994660058,117.888186315482,4.38212018126644
604.256708409069,189.809094419929,4.53500410051432
252.523787656644,220.380576218453,3.78648288523977
573.28320733013,423.272754644715,4.05748308462705
301.812958773495,140.436399559141,3.90484699515611
527.455880039924,455.029226098754,3.67679350478939
55.0052513323078,421.069920859302,3.84048977179509
204.954688154835,296.091386990038,4.27097654055031
544.039217681713,259.369354041335,3.70563817015504
167.828022717267,10.1570121783943,4.39204013450391
503.038546269589,343.275623482817,4.37236541551571
42.3122861956059,58.1902668330557,4.24038881578947
537.918805988476,134.848847779974,4.64451872810201
NA,NA,NA
660.241168732251,338.745044299267,3.64249154561092
453.935573656943,300.133979400002,3.54415675515426
7.4623087762196,492.283318175295,3.56380245868346
553.876307030661,46.9220468311409,4.18034526791407
69.6510746600803,373.447064203624,3.87839004773853
230.547836065525,412.924442750799,3.89139461579311
428.210461615742,14.4786213384638,3.43340586873203
360.686239013923,294.223412911855,3.01232578914151
600.206305688582,101.870158878382,4.22114626501555
391.737759371323,225.969750637297,4.06394943394769
565.884552793304,402.918053315175,4.76328305260336
142.267482439128,276.867508920945,4.51200360747023
199.642908915611,373.000484144984,4.01106138952902
123.803573699062,411.530265874553,3.36499300453702
630.033847910117,315.137653065209,4.54004585839296
-0.17229854617768,147.958880686264,4.35157262611972
543.705753454736,208.090435196762,4.1375493694443
34.0354636087393,491.760582062939,3.11775392038909
280.851661402575,24.1509371009678,3.91790412225737
533.019637075699,390.701388009761,3.5407643844271
67.5471669630197,79.6480485907643,5.30388972844247
6.459870263276,75.129989485834,3.44712495369707
589.41656107548,229.59375829685,4.03708951309014
439.043671818803,457.299014182142,4.75053128291148
658.641991558274,374.297654822978,3.11683686774488
110.393310935267,484.734048965449,4.29005237197033
624.589022491623,92.1504742592918,4.08954813274279
422.207271013415,255.653568224999,3.52186474136036
10.73402432304,181.004362268657,3.24970038007043
69.3098767965806,115.017864995113,4.41636152446512
602.46049829458,198.275421568166,4.39957054826354
261.182017447105,212.359806011536,3.82240552542574
571.76054085046,434.338022084532,3.87072876438802
302.250026910692,138.389405954251,3.88591376691638
530.484135069682,459.968217552127,3.40908882133503
44.3614518933495,419.320275518986,3.93357723026498
188.783934351038,282.001945659753,3.53716287514836
554.556219924329,266.17188281639,3.71941942216658
180.09985044334,13.2939514910285,3.86890621962069
492.4655382261,341.264629907931,4.57551409971439
30.4524551797492,49.6602391333745,3.81115466780101
549.079771847043,168.211792868305,4.60034658795299
NA,NA,NA
660.241168732251,338.745044299267,3.64249154561092
453.935573656943,300.133979400002,3.54415675515426
7.4623087762196,492.283318175295,3.56380245868346
553.876307030661,46.9220468311409,4.18034526791407
69.6510746600803,373.447064203624,3.87839004773853
230.547836065525,412.924442750799,3.89139461579311
428.210461615742,14.4786213384638,3.43340586873203
360.686239013923,294.223412911855,3.01232578914151
600.206305688582,101.870158878382,4.22114626501555
391.737759371323,225.969750637297,4.06394943394769
565.884552793304,402.918053315175,4.76328305260336
142.267482439128,276.867508920945,4.51200360747023
199.642908915611,373.000484144984,4.01106138952902
123.803573699062,411.530265874553,3.36499300453702
630.033847910117,315.137653065209,4.54004585839296
-0.17229854617768,147.958880686264,4.35157262611972
543.705753454736,208.090435196762,4.1375493694443
34.0354636087393,491.760582062939,3.11775392038909
280.851661402575,24.1509371009678,3.91790412225737
533.019637075699,390.701388009761,3.5407643844271
67.5471669630197,79.6480485907643,5.30388972844247
6.459870263276,75.129989485834,3.44712495369707
589.41656107548,229.59375829685,4.03708951309014
439.043671818803,457.299014182142,4.75053128291148
658.641991558274,374.297654822978,3.11683686774488
110.393310935267,484.734048965449,4.29005237197033
624.589022491623,92.1504742592918,4.08954813274279
422.207271013415,255.653568224999,3.52186474136036
10.73402432304,181.004362268657,3.24970038007043
69.3098767965806,115.017864995113,4.41636152446512
602.46049829458,198.275421568166,4.39957054826354
261.182017447105,212.359806011536,3.82240552542574
571.76054085046,434.338022084532,3.87072876438802
302.250026910692,138.389405954251,3.88591376691638
530.484135069682,459.968217552127,3.40908882133503
44.3614518933495,419.320275518986,3.93357723026498
188.783934351038,282.001945659753,3.53716287514836
554.556219924329,266.17188281639,3.71941942216658
180.09985044334,13.2939514910285,3.86890621962069
492.4655382261,341.264629907931,4.57551409971439
30.4524551797492,49.6602391333745,3.81115466780101
549.079771847043,168.211792868305,4.60034658795299
NA,NA,NA
660.241168732251,338.745044299267,3.64249154561092
453.935573656943,300.133979400002,3.54415675515426
7.4623087762196,492.283318175295,3.56380245868346
553.876307030661,46.9220468311409,4.18034526791407
69.6510746600803,373.447064203624,3.87839004773853
230.547836065525,412.924442750799,3.89139461579311
428.210461615742,14.4786213384638,3.43340586873203
360.686239013923,294.223412911855,3.01232578914151
600.206305688582,101.870158878382,4.22114626501555
391.737759371323,225.969750637297,4.06394943394769
565.884552793304,402.918053315175,4.76328305260336
142.267482439128,276.867508920945,4.51200360747023
199.642908915611,373.000484144984,4.01106138952902
123.803573699062,411.530265874553,3.36499300453702
630.033847910117,315.137653065209,4.54004585839296
-0.17229854617768,147.958880686264,4.35157262611972
543.705753454736,208.090435196762,4.1375493694443
34.0354636087393,491.760582062939,3.11775392038909
280.851661402575,24.1509371009678,3.91790412225737
533.019637075699,390.701388009761,3.5407643844271
67.5471669630197,79.6480485907643,5.30388972844247
6.459870263276,75.129989485834,3.44712495369707
589.41656107548,229.59375829685,4.03708951309014
439.043671818803,457.299014182142,4.75053128291148
658.641991558274,374.297654822978,3.11683686774488
110.393310935267,484.734048965449,4.29005237197033
624.589022491623,92.1504742592918,4.08954813274279
422.207271013415,255.653568224999,3.52186474136036
10.73402432304,181.004362268657,3.24970038007043
69.3098767965806,115.017864995113,4.41636152446512
602.46049829458,198.275421568166,4.39957054826354
261.182017447105,212.359806011536,3.82240552542574
571.76054085046,434.338022084532,3.87072876438802
302.250026910692,138.389405954251,3.88591376691638
530.484135069682,459.968217552127,3.40908882133503
44.3614518933495,419.320275518986,3.93357723026498
188.783934351038,282.001945659753,3.53716287514836
554.556219924329,266.17188281639,3.71941942216658
180.09985044334,13.2939514910285,3.86890621962069
492.4655382261,341.264629907931,4.57551409971439
30.4524551797492,49.6602391333745,3.81115466780101
549.079771847043,168.211792868305,4.60034658795299
NA,NA,NA
660.241168732251,338.745044299267,3.64249154561092
453.935573656943,300.133979400002,3.54415675515426
7.4623087762196,492.283318175295,3.56380245868346
553.876307030661,46.9220468311409,4.18034526791407
69.6510746600803,373.447064203624,3.87839004773853
230.547836065525,412.924442750799,3.89139461579311
428.210461615742,14.4786213384638,3.43340586873203
360.686239013923,294.223412911855,3.01232578914151
600.206305688582,101.870158878382,4.22114626501555
391.737759371323,225.969750637297,4.06394943394769
565.884552793304,402.918053315175,4.76328305260336
142.267482439128,276.867508920945,4.51200360747023
199.642908915611,373.000484144984,4.01106138952902
123.803573699062,411.530265874553,3.36499300453702
630.033847910117,315.137653065209,4.54004585839296
-0.17229854617768,147.958880686264,4.35157262611972
543.705753454736,208.090435196762,4.1375493694443
34.0354636087393,491.760582062939,3.11775392038909
280.851661402575,24.1509371009678,3.91790412225737
533.019637075699,390.701388009761,3.5407643844271
67.5471669630197,79.6480485907643,5.30388972844247
6.459870263276,75.129989485834,3.44712495369707
589.41656107548,229.59375829685,4.03708951309014
439.043671818803,457.299014182142,4.75053128291148
658.641991558274,374.297654822978,3.11683686774488
110.393310935267,484.734048965449,4.29005237197033
624.589022491623,92.1504742592918,4.08954813274279
422.207271013415,255.653568224999,3.52186474136036
10.73402432304,181.004362268657,3.24970038007043
69.3098767965806,115.017864995113,4.41636152446512
602.46049829458,198.275421568166,4.39957054826354
261.182017447105,212.359806011536,3.82240552542574
571.76054085046,434.338022084532,3.87072876438802
302.250026910692,138.389405954251,3.88591376691638
530.484135069682,459.968217552127,3.40908882133503
44.3614518933495,419.320275518986,3.93357723026498
188.783934351038,282.001945659753,3.53716287514836
554.556219924329,266.17188281639,3.71941942216658
180.09985044334,13.2939514910285,3.86890621962069
492.4655382261,341.264629907931,4.57551409971439
30.4524551797492,49.6602391333745,3.81115466780101
549.079771847043,168.211792868305,4.60034658795299
NA,NA,NA
660.241168732251,338.745044299267,3.64249154561092
453.935573656943,300.133979400002,3.54415675515426
7.4623087762196,492.283318175295,3.56380245868346
553.876307030661,46.9220468311409,4.18034526791407
69.6510746600803,373.447064203624,3.87839004773853
230.547836065525,412.924442750799,3.89139461579311
428.210461615742,14.4786213384638,3.43340586873203
360.686239013923,294.223412911855,3.01232578914151
600.206305688582,101.870158878382,4.22114626501555
391.737759371323,225.969750637297,4.06394943394769
565.884552793304,402.918053315175,4.76328305260336
142.267482439128,276.867508920945,4.51200360747023
199.642908915611,373.000484144984,4.01106138952902
123.803573699062,411.530265874553,3.36499300453702
630.033847910117,315.137653065209,4.54004585839296
-0.17229854617768,147.958880686264,4.35157262611972
543.705753454736,208.090435196762,4.1375493694443
34.0354636087393,491.760582062939,3.11775392038909
280.851661402575,24.1509371009678,3.91790412225737
533.019637075699,390.701388009761,3.5407643844271
67.5471669630197,79.6480485907643,5.30388972844247
6.459870263276,75.129989485834,3.44712495369707
589.41656107548,229.59375829685,4.03708951309014
439.043671818803,457.299014182142,4.75053128291148
658.641991558274,374.297654822978,3.11683686774488
110.393310935267,484.734048965449,4.29005237197033
624.589022491623,92.1504742592918,4.08954813274279
422.207271013415,255.653568224999,3.52186474136036
10.73402432304,181.004362268657,3.24970038007043
69.3098767965806,115.017864995113,4.41636152446512
602.46049829458,198.275421568166,4.39957054826354
261.182017447105,212.359806011536,3.82240552542574
571.76054085046,434.338022084532,3.87072876438802
302.250026910692,138.389405954251,3.88591376691638
530.484135069682,459.968217552127,3.40908882133503
44.3614518933495,419.320275518986,3.93357723026498
188.783934351038,282.001945659753,3.53716287514836
554.556219924329,266.17188281639,3.71941942216658
180.09985044334,13.2939514910285,3.86890621962069
492.4655382261,341.264629907931,4.57551409971439
30.4524551797492,49.6602391333745,3.81115466780101
549.079771847043,168.211792868305,4.60034658795299
NA,NA,NA
660.241168732251,338.745044299267,3.64249154561092
453.935573656943,300.133979400002,3.54415675515426
7.4623087762196,492.283318175295,3.56380245868346
553.876307030661,46.9220468311409,4.18034526791407
69.6510746600803,373.447064203624,3.87839004773853
230.547836065525,412.924442750799,3.89139461579311
428.210461615742,14.4786213384638,3.43340586873203
360.686239013923,294.223412911855,3.01232578914151
600.206305688582,101.870158878382,4.22114626501555
391.737759371323,225.969750637297,4.06394943394769
565.884552793304,402.918053315175,4.76328305260336
142.267482439128,276.867508920945,4.51200360747023
199.642908915611,373.000484144984,4.01106138952902
123.803573699062,411.530265874553,3.36499300453702
630.033847910117,315.137653065209,4.54004585839296
-0.17229854617768,147.958880686264,4.35157262611972
543.705753454736,208.090435196762,4.1375493694443
34.0354636087393,491.760582062939,3.11775392038909
280.851661402575,24.1509371009678,3.91790412225737
533.019637075699,390.701388009761,3.5407643844271
67.5471669630197,79.6480485907643,5.30388972844247
6.459870263276,75.129989485834,3.44712495369707
589.41656107548,229.59375829685,4.03708951309014
439.043671818803,457.299014182142,4.75053128291148
658.641991558274,374.297654822978,3.11683686774488
110.393310935267,484.734048965449,4.29005237197033
624.589022491623,92.1504742592918,4.08954813274279
422.207271013415,255.653568224999,3.52186474136036
10.73402432304,181.004362268657,3.24970038007043
69.3098767965806,115.017864995113,4.41636152446512
602.46049829458,198.275421568166,4.39957054826354
261.182017447105,212.359806011536,3.82240552542574
571.76054085046,434.338022084532,3.87072876438802
302.250026910692,138.389405954251,3.88591376691638
530.484135069682,459.968217552127,3.40908882133503
44.3614518933495,419.320275518986,3.93357723026498
188.783934351038,282.001945659753,3.53716287514836
554.556219924329,266.17188281639,3.71941942216658
180.09985044334,13.2939514910285,3.86890621962069
492.4655382261,341.264629907931,4.57551409971439
30.4524551797492,49.6602391333745,3.81115466780101
549.079771847043,168.211792868305,4.60034658795299
NA,NA,NA
659.633453557792,337.7818111357,3.41112521367841
458.372630361996,298.028721968799,3.49078839142339
9.20940348682183,495.135362572229,3.48742711264862
559.628196008927,52.2553685067703,4.14751705305103
68.6306095945467,373.508092978882,3.94389360662356
229.42120130525,417.335730659146,3.89966059742163
428.6179400111,14.7881043864509,3.23071630094103
362.622832318875,294.638556389912,2.92473970963494
604.964808277376,105.357764159882,4.30599674086917
394.836831666497,226.989018805312,4.31709344386763
573.124945177021,404.871890225414,4.75496407711136
138.740089473489,284.555347705753,4.49879301063645
193.496175131947,368.834501222877,4.1467442108438
128.842271399009,410.906366262872,3.50745990541447
629.671888687903,318.331901676402,4.61343954841879
1.08973376922545,149.617363419803,4.32440194235897
541.28146722782,202.752802397169,4.08970937586505
34.4831573939334,491.803997720246,2.850498192417
282.597399995289,19.9236739659224,3.87590707421966
534.459331026092,393.903255723529,3.32561750013297
72.6265374035931,72.5675227581597,5.20946248650126
5.29273039454582,77.9142716342905,3.43617582042256
586.542012106334,229.902601823725,4.07785875454115
442.152766396432,460.994847631938,4.80105174270783
659.411942115663,372.338457172462,3.24792271684015
109.191105447039,483.867124309068,4.46939134998923
624.340332520421,91.3812090538797,4.08743779443562
416.978659493762,257.834249881786,3.60973597101012
12.5110218522014,183.347161824127,3.15105045863911
58.1769328622831,123.240787899379,4.27723286394511
623.360107156421,203.969221777567,4.35378254693
253.763493615853,218.566059520624,3.76847976375408
569.557901184906,437.516882826714,3.72455391210998
301.010537149164,138.008523941136,3.7451669870123
524.718028164733,461.75281536994,3.50302469060726
44.2863679320039,410.916420365406,4.0291262104901
204.96675367733,299.371199980819,3.98265505748492
555.530745381251,263.104825246565,3.83468120055958
176.908803831137,42.7620406049747,4.57034817097797
501.933767546881,344.678614334874,4.28561235562879
41.6689651458991,54.4777263448937,3.51076452457841
522.710158423688,137.974531321134,4.6115397646439
NA,NA,NA
659.633453557792,337.7818111357,3.41112521367841
458.372630361996,298.028721968799,3.49078839142339
9.20940348682183,495.135362572229,3.48742711264862
559.628196008927,52.2553685067703,4.14751705305103
68.6306095945467,373.508092978882,3.94389360662356
229.42120130525,417.335730659146,3.89966059742163
428.6179400111,14.7881043864509,3.23071630094103
362.622832318875,294.638556389912,2.92473970963494
604.964808277376,105.357764159882,4.30599674086917
394.836831666497,226.989018805312,4.31709344386763
573.124945177021,404.871890225414,4.75496407711136
138.740089473489,284.555347705753,4.49879301063645
193.496175131947,368.834501222877,4.1467442108438
128.842271399009,410.906366262872,3.50745990541447
629.671888687903,318.331901676402,4.61343954841879
1.08973376922545,149.617363419803,4.32440194235897
541.28146722782,202.752802397169,4.08970937586505
34.4831573939334,491.803997720246,2.850498192417
282.597399995289,19.9236739659224,3.87590707421966
534.459331026092,393.903255723529,3.32561750013297
72.6265374035931,72.5675227581597,5.20946248650126
5.29273039454582,77.9142716342905,3.43617582042256
586.542012106334,229.902601823725,4.07785875454115
442.152766396432,460.994847631938,4.80105174270783
659.411942115663,372.338457172462,3.24792271684015
109.191105447039,483.867124309068,4.46939134998923
624.340332520421,91.3812090538797,4.08743779443562
416.978659493762,257.834249881786,3.60973597101012
12.5110218522014,183.347161824127,3.15105045863911
58.1769328622831,123.240787899379,4.27723286394511
623.360107156421,203.969221777567,4.35378254693
253.763493615853,218.566059520624,3.76847976375408
569.557901184906,437.516882826714,3.72455391210998
301.010537149164,138.008523941136,3.7451669870123
524.718028164733,461.75281536994,3.50302469060726
44.2863679320039,410.916420365406,4.0291262104901
204.96675367733,299.371199980819,3.98265505748492
555.530745381251,263.104825246565,3.83468120055958
176.908803831137,42.7620406049747,4.57034817097797
501.933767546881,344.678614334874,4.28561235562879
41.6689651458991,54.4777263448937,3.51076452457841
522.710158423688,137.974531321134,4.6115397646439
NA,NA,NA
659.633453557792,337.7818111357,3.41112521367841
458.372630361996,298.028721968799,3.49078839142339
9.20940348682183,495.135362572229,3.48742711264862
559.628196008927,52.2553685067703,4.14751705305103
68.6306095945467,373.508092978882,3.94389360662356
229.42120130525,417.335730659146,3.89966059742163
428.6179400111,14.7881043864509,3.23071630094103
362.622832318875,294.638556389912,2.92473970963494
604.964808277376,105.357764159882,4.30599674086917
394.836831666497,226.989018805312,4.31709344386763
573.124945177021,404.871890225414,4.75496407711136
138.740089473489,284.555347705753,4.49879301063645
193.496175131947,368.834501222877,4.1467442108438
128.842271399009,410.906366262872,3.50745990541447
629.671888687903,318.331901676402,4.61343954841879
1.08973376922545,149.617363419803,4.32440194235897
541.28146722782,202.752802397169,4.08970937586505
34.4831573939334,491.803997720246,2.850498192417
282.597399995289,19.9236739659224,3.87590707421966
534.459331026092,393.903255723529,3.32561750013297
72.6265374035931,72.5675227581597,5.20946248650126
5.29273039454582,77.9142716342905,3.43617582042256
586.542012106334,229.902601823725,4.07785875454115
442.152766396432,460.994847631938,4.80105174270783
659.411942115663,372.338457172462,3.24792271684015
109.191105447039,483.867124309068,4.46939134998923
624.340332520421,91.3812090538797,4.08743779443562
416.978659493762,257.834249881786,3.60973597101012
12.5110218522014,183.347161824127,3.15105045863911
58.1769328622831,123.240787899379,4.27723286394511
623.360107156421,203.969221777567,4.35378254693
253.763493615853,218.566059520624,3.76847976375408
569.557901184906,437.516882826714,3.72455391210998
301.010537149164,138.008523941136,3.7451669870123
524.718028164733,461.75281536994,3.50302469060726
44.2863679320039,410.916420365406,4.0291262104901
204.96675367733,299.371199980819,3.98265505748492
555.530745381251,263.104825246565,3.83468120055958
176.908803831137,42.7620406049747,4.57034817097797
501.933767546881,344.678614334874,4.28561235562879
41.6689651458991,54.4777263448937,3.51076452457841
522.710158423688,137.974531321134,4.6115397646439
NA,NA,NA
659.633453557792,337.7818111357,3.41112521367841
458.372630361996,298.028721968799,3.49078839142339
9.20940348682183,495.135362572229,3.48742711264862
559.628196008927,52.2553685067703,4.14751705305103
68.6306095945467,373.508092978882,3.94389360662356
229.42120130525,417.335730659146,3.89966059742163
428.6179400111,14.7881043864509,3.23071630094103
362.622832318875,294.638556389912,2.92473970963494
604.964808277376,105.357764159882,4.30599674086917
394.836831666497,226.989018805312,4.31709344386763
573.124945177021,404.871890225414,4.75496407711136
138.740089473489,284.555347705753,4.49879301063645
193.496175131947,368.834501222877,4.1467442108438
128.842271399009,410.906366262872,3.50745990541447
629.671888687903,318.331901676402,4.61343954841879
1.08973376922545,149.617363419803,4.32440194235897
541.28146722782,202.752802397169,4.08970937586505
34.4831573939334,491.803997720246,2.850498192417
282.597399995289,19.9236739659224,3.87590707421966
534.459331026092,393.903255723529,3.32561750013297
72.6265374035931,72.5675227581597,5.20946248650126
5.29273039454582,77.9142716342905,3.43617582042256
586.542012106334,229.902601823725,4.07785875454115
442.152766396432,460.994847631938,4.80105174270783
659.411942115663,372.338457172462,3.24792271684015
109.191105447039,483.867124309068,4.46939134998923
624.340332520421,91.3812090538797,4.08743779443562
416.978659493762,257.834249881786,3.60973597101012
12.5110218522014,183.347161824127,3.15105045863911
58.1769328622831,123.240787899379,4.27723286394511
623.360107156421,203.969221777567,4.35378254693
253.763493615853,218.566059520624,3.76847976375408
569.557901184906,437.516882826714,3.72455391210998
301.010537149164,138.008523941136,3.7451669870123
524.718028164733,461.75281536994,3.50302469060726
44.2863679320039,410.916420365406,4.0291262104901
204.96675367733,299.371199980819,3.98265505748492
555.530745381251,263.104825246565,3.83468120055958
176.908803831137,42.7620406049747,4.57034817097797
501.933767546881,344.678614334874,4.28561235562879
41.6689651458991,54.4777263448937,3.51076452457841
522.710158423688,137.974531321134,4.6115397646439
NA,NA,NA
659.633453557792,337.7818111357,3.41112521367841
458.372630361996,298.028721968799,3.49078839142339
9.20940348682183,495.135362572229,3.48742711264862
559.628196008927,52.2553685067703,4.14751705305103
68.6306095945467,373.508092978882,3.94389360662356
229.42120130525,417.335730659146,3.89966059742163
428.6179400111,14.7881043864509,3.23071630094103
362.622832318875,294.638556389912,2.92473970963494
604.964808277376,105.357764159882,4.30599674086917
394.836831666497,226.989018805312,4.31709344386763
573.124945177021,404.871890225414,4.75496407711136
138.740089473489,284.555347705753,4.49879301063645
193.496175131947,368.834501222877,4.1467442108438
128.842271399009,410.906366262872,3.50745990541447
629.671888687903,318.331901676402,4.61343954841879
1.08973376922545,149.617363419803,4.32440194235897
541.28146722782,202.752802397169,4.08970937586505
34.4831573939334,491.803997720246,2.850498192417
282.597399995289,19.9236739659224,3.87590707421966
534.459331026092,393.903255723529,3.32561750013297
72.6265374035931,72.5675227581597,5.20946248650126
5.29273039454582,77.9142716342905,3.43617582042256
586.542012106334,229.902601823725,4.07785875454115
442.152766396432,460.994847631938,4.80105174270783
659.411942115663,372.338457172462,3.24792271684015
109.191105447039,483.867124309068,4.46939134998923
624.340332520421,91.3812090538797,4.08743779443562
416.978659493762,257.834249881786,3.60973597101012
12.5110218522014,183.347161824127,3.15105045863911
58.1769328622831,123.240787899379,4.27723286394511
623.360107156421,203.969221777567,4.35378254693
253.763493615853,218.566059520624,3.76847976375408
569.557901184906,437.516882826714,3.72455391210998
301.010537149164,138.008523941136,3.7451669870123
524.718028164733,461.75281536994,3.50302469060726
44.2863679320039,410.916420365406,4.0291262104901
204.96675367733,299.371199980819,3.98265505748492
555.530745381251,263.104825246565,3.83468120055958
176.908803831137,42.7620406049747,4.57034817097797
501.933767546881,344.678614334874,4.28561235562879
41.6689651458991,54.4777263448937,3.51076452457841
522.710158423688,137.974531321134,4.6115397646439
NA,NA,NA
659.633453557792,337.7818111357,3.41112521367841
458.372630361996,298.028721968799,3.49078839142339
9.20940348682183,495.135362572229,3.48742711264862
559.628196008927,52.2553685067703,4.14751705305103
68.6306095945467,373.508092978882,3.94389360662356
229.42120130525,417.335730659146,3.89966059742163
428.6179400111,14.7881043864509,3.23071630094103
362.622832318875,294.638556389912,2.92473970963494
604.964808277376,105.357764159882,4.30599674086917
394.836831666497,226.989018805312,4.31709344386763
573.124945177021,404.871890225414,4.75496407711136
138.740089473489,284.555347705753,4.49879301063645
193.496175131947,368.834501222877,4.1467442108438
128.842271399009,410.906366262872,3.50745990541447
629.671888687903,318.331901676402,4.61343954841879
1.08973376922545,149.617363419803,4.32440194235897
541.28146722782,202.752802397169,4.08970937586505
34.4831573939334,491.803997720246,2.850498192417
282.597399995289,19.9236739659224,3.87590707421966
534.459331026092,393.903255723529,3.32561750013297
72.6265374035931,72.5675227581597,5.20946248650126
5.29273039454582,77.9142716342905,3.43617582042256
586.542012106334,229.902601823725,4.07785875454115
442.152766396432,460.994847631938,4.80105174270783
659.411942115663,372.338457172462,3.24792271684015
109.191105447039,483.867124309068,4.46939134998923
624.340332520421,91.3812090538797,4.08743779443562
416.978659493762,257.834249881786,3.60973597101012
12.5110218522014,183.347161824127,3.15105045863911
58.1769328622831,123.240787899379,4.27723286394511
623.360107156421,203.969221777567,4.35378254693
253.763493615853,218.566059520624,3.76847976375408
569.557901184906,437.516882826714,3.72455391210998
301.010537149164,138.008523941136,3.7451669870123
524.718028164733,461.75281536994,3.50302469060726
44.2863679320039,410.916420365406,4.0291262104901
204.96675367733,299.371199980819,3.98265505748492
555.530745381251,263.104825246565,3.83468120055958
176.908803831137,42.7620406049747,4.57034817097797
501.933767546881,344.678614334874,4.28561235562879
41.6689651458991,54.4777263448937,3.51076452457841
522.710158423688,137.974531321134,4.6115397646439
NA,NA,NA
662.110682321584,335.002679857122,3.4780154480169
457.301480333885,302.599811968722,3.50906937343895
10.4773892529413,494.096004605946,3.78866698475846
557.632498462951,52.0219867840628,4.20206287486157
70.2732840368388,370.392320957536,4.02757346076247
228.125033494637,411.973203350637,3.94695437816511
429.267558262485,13.0989603649851,3.23818739890493
362.419237227694,291.400880648607,3.03661204766468
603.905666880664,109.252050217053,4.06985183298726
393.678679442439,233.587615266184,4.26189294742082
561.630547538715,412.96948041146,4.81407141779554
134.14279040991,276.572575706466,4.35687521309177
202.851754188758,366.936000467895,4.09163762864046
123.608116443843,414.49961903494,3.40243553250559
635.932603224342,306.915564400874,4.6561010416593
5.2300334355072,156.608118625467,4.26556582438317
548.370624112849,205.64263337382,4.19066214723123
32.7896770369478,491.42193463161,2.97183746109077
276.124419981032,19.1400608408531,3.91273383337417
535.319903575066,392.843056148021,3.43559773775433
70.1883669535047,77.3434957485269,5.28827797381733
3.50939909666768,74.428697328137,3.5883483214909
590.019753542636,227.51733544063,4.03082599349545
439.145719934514,462.654571941478,4.77489816037826
657.811851957798,373.382921916097,3.20758093264965
106.681689708546,488.372698230219,4.29263343354012
624.991602031606,89.8346722605527,4.09370807743652
420.049672300671,260.07762494499,3.51419825386624
13.0075210325624,183.417564149569,3.24957160528833
51.0440312565605,112.101087591626,4.38075517799779
609.37782427861,201.350229648464,4.24422103522714
249.440592912509,218.246889962668,3.69772835544886
566.393667665032,437.133065132107,3.78596678274876
294.908273481125,140.405612757336,3.83665554010588
526.834466874933,453.020923182631,3.59346388733581
47.9621625414131,420.28076238652,4.25981722818115
197.887014796665,286.743164092317,4.02489422174289
547.829854694187,252.983217514799,3.83407050753703
171.717425613091,39.6285061822589,4.25980082141168
496.475473705844,343.854330200405,4.81426032671268
33.2219226970948,52.7586225473247,3.89891027304833
540.79168562903,156.938422256293,4.84884879007432
NA,NA,NA
662.110682321584,335.002679857122,3.4780154480169
457.301480333885,302.599811968722,3.50906937343895
10.4773892529413,494.096004605946,3.78866698475846
557.632498462951,52.0219867840628,4.20206287486157
70.2732840368388,370.392320957536,4.02757346076247
228.125033494637,411.973203350637,3.94695437816511
429.267558262485,13.0989603649851,3.23818739890493
362.419237227694,291.400880648607,3.03661204766468
603.905666880664,109.252050217053,4.06985183298726
393.678679442439,233.587615266184,4.26189294742082
561.630547538715,412.96948041146,4.81407141779554
134.14279040991,276.572575706466,4.35687521309177
202.851754188758,366.936000467895,4.09163762864046
123.608116443843,414.49961903494,3.40243553250559
635.932603224342,306.915564400874,4.6561010416593
5.2300334355072,156.608118625467,4.26556582438317
548.370624112849,205.64263337382,4.19066214723123
32.7896770369478,491.42193463161,2.97183746109077
276.124419981032,19.1400608408531,3.91273383337417
535.319903575066,392.843056148021,3.43559773775433
70.1883669535047,77.3434957485269,5.28827797381733
3.50939909666768,74.428697328137,3.5883483214909
590.019753542636,227.51733544063,4.03082599349545
439.145719934514,462.654571941478,4.77489816037826
657.811851957798,373.382921916097,3.20758093264965
106.681689708546,488.372698230219,4.29263343354012
624.991602031606,89.8346722605527,4.09370807743652
420.049672300671,260.07762494499,3.51419825386624
13.0075210325624,183.417564149569,3.24957160528833
51.0440312565605,112.101087591626,4.38075517799779
609.37782427861,201.350229648464,4.24422103522714
249.440592912509,218.246889962668,3.69772835544886
566.393667665032,437.133065132107,3.78596678274876
294.908273481125,140.405612757336,3.83665554010588
526.834466874933,453.020923182631,3.59346388733581
47.9621625414131,420.28076238652,4.25981722818115
197.887014796665,286.743164092317,4.02489422174289
547.829854694187,252.983217514799,3.83407050753703
171.717425613091,39.6285061822589,4.25980082141168
496.475473705844,343.854330200405,4.81426032671268
33.2219226970948,52.7586225473247,3.89891027304833
540.79168562903,156.938422256293,4.84884879007432
NA,NA,NA
662.110682321584,335.002679857122,3.4780154480169
457.301480333885,302.599811968722,3.50906937343895
10.4773892529413,494.096004605946,3.78866698475846
557.632498462951,52.0219867840628,4.20206287486157
70.2732840368388,370.392320957536,4.02757346076247
228.125033494637,411.973203350637,3.94695437816511
429.267558262485,13.0989603649851,3.23818739890493
362.419237227694,291.400880648607,3.03661204766468
603.905666880664,109.252050217053,4.06985183298726
393.678679442439,233.587615266184,4.26189294742082
561.630547538715,412.96948041146,4.81407141779554
134.14279040991,276.572575706466,4.35687521309177
202.851754188758,366.936000467895,4.09163762864046
123.608116443843,414.49961903494,3.40243553250559
635.932603224342,306.915564400874,4.6561010416593
5.2300334355072,156.608118625467,4.26556582438317
548.370624112849,205.64263337382,4.19066214723123
32.7896770369478,491.42193463161,2.97183746109077
276.124419981032,19.1400608408531,3.91273383337417
535.319903575066,392.843056148021,3.43559773775433
70.1883669535047,77.3434957485269,5.28827797381733
3.50939909666768,74.428697328137,3.5883483214909
590.019753542636,227.51733544063,4.03082599349545
439.145719934514,462.654571941478,4.77489816037826
657.811851957798,373.382921916097,3.20758093264965
106.681689708546,488.372698230219,4.29263343354012
624.991602031606,89.8346722605527,4.09370807743652
420.049672300671,260.07762494499,3.51419825386624
13.0075210325624,183.417564149569,3.24957160528833
51.0440312565605,112.101087591626,4.38075517799779
609.37782427861,201.350229648464,4.24422103522714
249.440592912509,218.246889962668,3.69772835544886
566.393667665032,437.133065132107,3.78596678274876
294.908273481125,140.405612757336,3.83665554010588
526.834466874933,453.020923182631,3.59346388733581
47.9621625414131,420.28076238652,4.25981722818115
197.887014796665,286.743164092317,4.02489422174289
547.829854694187,252.983217514799,3.83407050753703
171.717425613091,39.6285061822589,4.25980082141168
496.475473705844,343.854330200405,4.81426032671268
33.2219226970948,52.7586225473247,3.89891027304833
540.79168562903,156.938422256293,4.84884879007432
NA,NA,NA
662.110682321584,335.002679857122,3.4780154480169
457.301480333885,302.599811968722,3.50906937343895
10.4773892529413,494.096004605946,3.78866698475846
557.632498462951,52.0219867840628,4.20206287486157
70.2732840368388,370.392320957536,4.02757346076247
228.125033494637,411.973203350637,3.94695437816511
429.267558262485,13.0989603649851,3.23818739890493
362.419237227694,291.400880648607,3.03661204766468
603.905666880664,109.252050217053,4.06985183298726
393.678679442439,233.587615266184,4.26189294742082
561.630547538715,412.96948041146,4.81407141779554
134.14279040991,276.572575706466,4.35687521309177
202.851754188758,366.936000467895,4.09163762864046
123.608116443843,414.49961903494,3.40243553250559
635.932603224342,306.915564400874,4.6561010416593
5.2300334355072,156.608118625467,4.26556582438317
548.370624112849,205.64263337382,4.19066214723123
32.7896770369478,491.42193463161,2.97183746109077
276.124419981032,19.1400608408531,3.91273383337417
535.319903575066,392.843056148021,3.43559773775433
70.1883669535047,77.3434957485269,5.28827797381733
3.50939909666768,74.428697328137,3.5883483214909
590.019753542636,227.51733544063,4.03082599349545
439.145719934514,462.654571941478,4.77489816037826
657.811851957798,373.382921916097,3.20758093264965
106.681689708546,488.372698230219,4.29263343354012
624.991602031606,89.8346722605527,4.09370807743652
420.049672300671,260.07762494499,3.51419825386624
13.0075210325624,183.417564149569,3.24957160528833
51.0440312565605,112.101087591626,4.38075517799779
609.37782427861,201.350229648464,4.24422103522714
249.440592912509,218.246889962668,3.69772835544886
566.393667665032,437.133065132107,3.78596678274876
294.908273481125,140.405612757336,3.83665554010588
526.834466874933,453.020923182631,3.59346388733581
47.9621625414131,420.28076238652,4.25981722818115
197.887014796665,286.743164092317,4.02489422174289
547.829854694187,252.983217514799,3.83407050753703
171.717425613091,39.6285061822589,4.25980082141168
496.475473705844,343.854330200405,4.81426032671268
33.2219226970948,52.7586225473247,3.89891027304833
540.79168562903,156.938422256293,4.84884879007432
NA,NA,NA
662.110682321584,335.002679857122,3.4780154480169
457.301480333885,302.599811968722,3.50906937343895
10.4773892529413,494.096004605946,3.78866698475846
557.632498462951,52.0219867840628,4.20206287486157
70.2732840368388,370.392320957536,4.02757346076247
228.125033494637,411.973203350637,3.94695437816511
429.267558262485,13.0989603649851,3.23818739890493
362.419237227694,291.400880648607,3.03661204766468
603.905666880664,109.252050217053,4.06985183298726
393.678679442439,233.587615266184,4.26189294742082
561.630547538715,412.96948041146,4.81407141779554
134.14279040991,276.572575706466,4.35687521309177
202.851754188758,366.936000467895,4.09163762864046
123.608116443843,414.49961903494,3.40243553250559
635.932603224342,306.915564400874,4.6561010416593
5.2300334355072,156.608118625467,4.26556582438317
548.370624112849,205.64263337382,4.19066214723123
32.7896770369478,491.42193463161,2.97183746109077
276.124419981032,19.1400608408531,3.91273383337417
535.319903575066,392.843056148021,3.43559773775433
70.1883669535047,77.3434957485269,5.28827797381733
3.50939909666768,74.428697328137,3.5883483214909
590.019753542636,227.51733544063,4.03082599349545
439.145719934514,462.654571941478,4.77489816037826
657.811851957798,373.382921916097,3.20758093264965
106.681689708546,488.372698230219,4.29263343354012
624.991602031606,89.8346722605527,4.09370807743652
420.049672300671,260.07762494499,3.51419825386624
13.0075210325624,183.417564149569,3.24957160528833
51.0440312565605,112.101087591626,4.38075517799779
609.37782427861,201.350229648464,4.24422103522714
249.440592912509,218.246889962668,3.69772835544886
566.393667665032,437.133065132107,3.78596678274876
294.908273481125,140.405612757336,3.83665554010588
526.834466874933,453.020923182631,3.59346388733581
47.9621625414131,420.28076238652,4.25981722818115
197.887014796665,286.743164092317,4.02489422174289
547.829854694187,252.983217514799,3.83407050753703
171.717425613091,39.6285061822589,4.25980082141168
496.475473705844,343.854330200405,4.81426032671268
33.2219226970948,52.7586225473247,3.89891027304833
540.79168562903,156.938422256293,4.84884879007432
NA,NA,NA
662.110682321584,335.002679857122,3.4780154480169
457.301480333885,302.599811968722,3.50906937343895
10.4773892529413,494.096004605946,3.78866698475846
557.632498462951,52.0219867840628,4.20206287486157
70.2732840368388,370.392320957536,4.02757346076247
228.125033494637,411.973203350637,3.94695437816511
429.267558262485,13.0989603649851,3.23818739890493
362.419237227694,291.400880648607,3.03661204766468
603.905666880664,109.252050217053,4.06985183298726
393.678679442439,233.587615266184,4.26189294742082
561.630547538715,412.96948041146,4.81407141779554
134.14279040991,276.572575706466,4.35687521309177
202.851754188758,366.936000467895,4.09163762864046
123.608116443843,414.49961903494,3.40243553250559
635.932603224342,306.915564400874,4.6561010416593
5.2300334355072,156.608118625467,4.26556582438317
548.370624112849,205.64263337382,4.19066214723123
32.7896770369478,491.42193463161,2.97183746109077
276.124419981032,19.1400608408531,3.91273383337417
535.319903575066,392.843056148021,3.43559773775433
70.1883669535047,77.3434957485269,5.28827797381733
3.50939909666768,74.428697328137,3.5883483214909
590.019753542636,227.51733544063,4.03082599349545
439.145719934514,462.654571941478,4.77489816037826
657.811851957798,373.382921916097,3.20758093264965
106.681689708546,488.372698230219,4.29263343354012
624.991602031606,89.8346722605527,4.09370807743652
420.049672300671,260.07762494499,3.51419825386624
13.0075210325624,183.417564149569,3.24957160528833
51.0440312565605,112.101087591626,4.38075517799779
609.37782427861,201.350229648464,4.24422103522714
249.440592912509,218.246889962668,3.69772835544886
566.393667665032,437.133065132107,3.78596678274876
294.908273481125,140.405612757336,3.83665554010588
526.834466874933,453.020923182631,3.59346388733581
47.9621625414131,420.28076238652,4.25981722818115
197.887014796665,286.743164092317,4.02489422174289
547.829854694187,252.983217514799,3.83407050753703
171.717425613091,39.6285061822589,4.25980082141168
496.475473705844,343.854330200405,4.81426032671268
33.2219226970948,52.7586225473247,3.89891027304833
540.79168562903,156.938422256293,4.84884879007432
NA,NA,NA
661.769902227176,335.551201790202,3.56574900352178
455.464999255913,301.261124745889,3.53304865922225
15.449002904624,493.370714839534,3.70427528530619
562.908963838361,50.5880187196031,3.98514328659887
73.1533542987227,375.442212705532,3.88916511518422
231.230794370838,412.262084628052,3.87274141560694
428.581658824647,15.4335279222474,3.2527429917459
363.52669784442,293.337244332744,3.06062520111919
604.246726334165,113.055513077288,4.24976134740747
394.061231631315,234.107362626187,4.23897622822905
570.410984752997,409.407054607193,4.75664335382724
140.816150903928,281.940499170742,4.67815903430184
204.188676897689,369.876520426272,4.03511718381052
124.353917388529,412.411249315244,3.31140772256436
629.216799941713,308.290017243182,4.57011618348955
1.58433655680852,144.795139411725,4.24117543374318
543.255207439006,206.202542901535,4.37895450133526
31.8751229344043,491.847125891258,2.92355665757679
281.971482626089,22.0586586454188,4.04837769702295
533.358769372549,394.897406146982,3.35873456164144
66.0308397978443,81.575045990816,5.09599723846084
1.6639332904342,76.6147824451941,3.46543272029773
586.533779900416,224.794957418303,4.03846473324129
436.13811240218,458.197133355316,4.69921311752437
658.579637283409,373.583640315759,2.92462488511798
101.387335656567,484.664789764085,4.27253185606555
623.785124597959,85.4048754026652,4.15291628111581
420.339724048429,258.049949567741,3.53352434345139
12.7642309430835,183.526417091228,3.19178312828906
68.0726865868345,108.305169180545,4.44516706710487
607.301247381267,191.876883235014,4.45144524519579
257.512520141358,213.491728419118,3.88253937316465
579.071246892168,425.844151764283,4.00730195116501
301.705192279186,139.205996688841,3.85026832321214
534.994639703234,456.943003190417,3.7099160763539
57.5751367502188,420.61675872003,3.75345911063619
204.319552793824,285.720524698785,4.26178293244224
547.349889881798,259.114388904749,3.61686649582495
169.27741782087,19.7906890624447,4.06899818884367
495.274261468849,344.284429185365,4.53257285949859
40.6671776543265,49.6575582210531,3.73923104841063
535.911078516712,144.045381574993,4.65320264207806
NA,NA,NA
661.769902227176,335.551201790202,3.56574900352178
455.464999255913,301.261124745889,3.53304865922225
15.449002904624,493.370714839534,3.70427528530619
562.908963838361,50.5880187196031,3.98514328659887
73.1533542987227,375.442212705532,3.88916511518422
231.230794370838,412.262084628052,3.87274141560694
428.581658824647,15.4335279222474,3.2527429917459
363.52669784442,293.337244332744,3.06062520111919
604.246726334165,113.055513077288,4.24976134740747
394.061231631315,234.107362626187,4.23897622822905
570.410984752997,409.407054607193,4.75664335382724
140.816150903928,281.940499170742,4.67815903430184
204.188676897689,369.876520426272,4.03511718381052
124.353917388529,412.411249315244,3.31140772256436
629.216799941713,308.290017243182,4.57011618348955
1.58433655680852,144.795139411725,4.24117543374318
543.255207439006,206.202542901535,4.37895450133526
31.8751229344043,491.847125891258,2.92355665757679
281.971482626089,22.0586586454188,4.04837769702295
533.358769372549,394.897406146982,3.35873456164144
66.0308397978443,81.575045990816,5.09599723846084
1.6639332904342,76.6147824451941,3.46543272029773
586.533779900416,224.794957418303,4.03846473324129
436.13811240218,458.197133355316,4.69921311752437
658.579637283409,373.583640315759,2.92462488511798
101.387335656567,484.664789764085,4.27253185606555
623.785124597959,85.4048754026652,4.15291628111581
420.339724048429,258.049949567741,3.53352434345139
12.7642309430835,183.526417091228,3.19178312828906
68.0726865868345,108.305169180545,4.44516706710487
607.301247381267,191.876883235014,4.45144524519579
257.512520141358,213.491728419118,3.88253937316465
579.071246892168,425.844151764283,4.00730195116501
301.705192279186,139.205996688841,3.85026832321214
534.994639703234,456.943003190417,3.7099160763539
57.5751367502188,420.61675872003,3.75345911063619
204.319552793824,285.720524698785,4.26178293244224
547.349889881798,259.114388904749,3.61686649582495
169.27741782087,19.7906890624447,4.06899818884367
495.274261468849,344.284429185365,4.53257285949859
40.6671776543265,49.6575582210531,3.73923104841063
535.911078516712,144.045381574993,4.65320264207806
NA,NA,NA
661.769902227176,335.551201790202,3.56574900352178
455.464999255913,301.261124745889,3.53304865922225
15.449002904624,493.370714839534,3.70427528530619
562.908963838361,50.5880187196031,3.98514328659887
73.1533542987227,375.442212705532,3.88916511518422
231.230794370838,412.262084628052,3.87274141560694
428.581658824647,15.4335279222474,3.2527429917459
363.52669784442,293.337244332744,3.06062520111919
604.246726334165,113.055513077288,4.24976134740747
394.061231631315,234.107362626187,4.23897622822905
570.410984752997,409.407054607193,4.75664335382724
140.816150903928,281.940499170742,4.67815903430184
204.188676897689,369.876520426272,4.03511718381052
124.353917388529,412.411249315244,3.31140772256436
629.216799941713,308.290017243182,4.57011618348955
1.58433655680852,144.795139411725,4.24117543374318
543.255207439006,206.202542901535,4.37895450133526
31.8751229344043,491.847125891258,2.92355665757679
281.971482626089,22.0586586454188,4.04837769702295
533.358769372549,394.897406146982,3.35873456164144
66.0308397978443,81.575045990816,5.09599723846084
1.6639332904342,76.6147824451941,3.46543272029773
586.533779900416,224.794957418303,4.03846473324129
436.13811240218,458.197133355316,4.69921311752437
658.579637283409,373.583640315759,2.92462488511798
101.387335656567,484.664789764085,4.27253185606555
623.785124597959,85.4048754026652,4.15291628111581
420.339724048429,258.049949567741,3.53352434345139
12.7642309430835,183.526417091228,3.19178312828906
68.0726865868345,108.305169180545,4.44516706710487
607.301247381267,191.876883235014,4.45144524519579
257.512520141358,213.491728419118,3.88253937316465
579.071246892168,425.844151764283,4.00730195116501
301.705192279186,139.205996688841,3.85026832321214
534.994639703234,456.943003190417,3.7099160763539
57.5751367502188,420.61675872003,3.75345911063619
204.319552793824,285.720524698785,4.26178293244224
547.349889881798,259.114388904749,3.61686649582495
169.27741782087,19.7906890624447,4.06899818884367
495.274261468849,344.284429185365,4.53257285949859
40.6671776543265,49.6575582210531,3.73923104841063
535.911078516712,144.045381574993,4.65320264207806
NA,NA,NA
661.769902227176,335.551201790202,3.56574900352178
455.464999255913,301.261124745889,3.53304865922225
15.449002904624,493.370714839534,3.70427528530619
562.908963838361,50.5880187196031,3.98514328659887
73.1533542987227,375.442212705532,3.88916511518422
231.230794370838,412.262084628052,3.87274141560694
428.581658824647,15.4335279222474,3.2527429917459
363.52669784442,293.337244332744,3.06062520111919
604.246726334165,113.055513077288,4.24976134740747
394.061231631315,234.107362626187,4.23897622822905
570.410984752997,409.407054607193,4.75664335382724
140.816150903928,281.940499170742,4.67815903430184
204.188676897689,369.876520426272,4.03511718381052
124.353917388529,412.411249315244,3.31140772256436
629.216799941713,308.290017243182,4.57011618348955
1.58433655680852,144.795139411725,4.24117543374318
543.255207439006,206.202542901535,4.37895450133526
31.8751229344043,491.847125891258,2.92355665757679
281.971482626089,22.0586586454188,4.04837769702295
533.358769372549,394.897406146982,3.35873456164144
66.0308397978443,81.575045990816,5.09599723846084
1.6639332904342,76.6147824451941,3.46543272029773
586.533779900416,224.794957418303,4.03846473324129
436.13811240218,458.197133355316,4.69921311752437
658.579637283409,373.583640315759,2.92462488511798
101.387335656567,484.664789764085,4.27253185606555
623.785124597959,85.4048754026652,4.15291628111581
420.339724048429,258.049949567741,3.53352434345139
12.7642309430835,183.526417091228,3.19178312828906
68.0726865868345,108.305169180545,4.44516706710487
607.301247381267,191.876883235014,4.45144524519579
257.512520141358,213.491728419118,3.88253937316465
579.071246892168,425.844151764283,4.00730195116501
301.705192279186,139.205996688841,3.85026832321214
534.994639703234,456.943003190417,3.7099160763539
57.5751367502188,420.61675872003,3.75345911063619
204.319552793824,285.720524698785,4.26178293244224
547.349889881798,259.114388904749,3.61686649582495
169.27741782087,19.7906890624447,4.06899818884367
495.274261468849,344.284429185365,4.53257285949859
40.6671776543265,49.6575582210531,3.73923104841063
535.911078516712,144.045381574993,4.65320264207806
NA,NA,NA
661.769902227176,335.551201790202,3.56574900352178
455.464999255913,301.261124745889,3.53304865922225
15.449002904624,493.370714839534,3.70427528530619
562.908963838361,50.5880187196031,3.98514328659887
73.1533542987227,375.442212705532,3.88916511518422
231.230794370838,412.262084628052,3.87274141560694
428.581658824647,15.4335279222474,3.2527429917459
363.52669784442,293.337244332744,3.06062520111919
604.246726334165,113.055513077288,4.24976134740747
394.061231631315,234.107362626187,4.23897622822905
570.410984752997,409.407054607193,4.75664335382724
140.816150903928,281.940499170742,4.67815903430184
204.188676897689,369.876520426272,4.03511718381052
124.353917388529,412.411249315244,3.31140772256436
629.216799941713,308.290017243182,4.57011618348955
1.58433655680852,144.795139411725,4.24117543374318
543.255207439006,206.202542901535,4.37895450133526
31.8751229344043,491.847125891258,2.92355665757679
281.971482626089,22.0586586454188,4.04837769702295
533.358769372549,394.897406146982,3.35873456164144
66.0308397978443,81.575045990816,5.09599723846084
1.6639332904342,76.6147824451941,3.46543272029773
586.533779900416,224.794957418303,4.03846473324129
436.13811240218,458.197133355316,4.69921311752437
658.579637283409,373.583640315759,2.92462488511798
101.387335656567,484.664789764085,4.27253185606555
623.785124597959,85.4048754026652,4.15291628111581
420.339724048429,258.049949567741,3.53352434345139
12.7642309430835,183.526417091228,3.19178312828906
68.0726865868345,108.305169180545,4.44516706710487
607.301247381267,191.876883235014,4.45144524519579
257.512520141358,213.491728419118,3.88253937316465
579.071246892168,425.844151764283,4.00730195116501
301.705192279186,139.205996688841,3.85026832321214
534.994639703234,456.943003190417,3.7099160763539
57.5751367502188,420.61675872003,3.75345911063619
204.319552793824,285.720524698785,4.26178293244224
547.349889881798,259.114388904749,3.61686649582495
169.27741782087,19.7906890624447,4.06899818884367
495.274261468849,344.284429185365,4.53257285949859
40.6671776543265,49.6575582210531,3.73923104841063
535.911078516712,144.045381574993,4.65320264207806
NA,NA,NA
661.769902227176,335.551201790202,3.56574900352178
455.464999255913,301.261124745889,3.53304865922225
15.449002904624,493.370714839534,3.70427528530619
562.908963838361,50.5880187196031,3.98514328659887
73.1533542987227,375.442212705532,3.88916511518422
231.230794370838,412.262084628052,3.87274141560694
428.581658824647,15.4335279222474,3.2527429917459
363.52669784442,293.337244332744,3.06062520111919
604.246726334165,113.055513077288,4.24976134740747
394.061231631315,234.107362626187,4.23897622822905
570.410984752997,409.407054607193,4.75664335382724
140.816150903928,281.940499170742,4.67815903430184
204.188676897689,369.876520426272,4.03511718381052
124.353917388529,412.411249315244,3.31140772256436
629.216799941713,308.290017243182,4.57011618348955
1.58433655680852,144.795139411725,4.24117543374318
543.255207439006,206.202542901535,4.37895450133526
31.8751229344043,491.847125891258,2.92355665757679
281.971482626089,22.0586586454188,4.04837769702295
533.358769372549,394.897406146982,3.35873456164144
66.0308397978443,81.575045990816,5.09599723846084
1.6639332904342,76.6147824451941,3.46543272029773
586.533779900416,224.794957418303,4.03846473324129
436.13811240218,458.197133355316,4.69921311752437
658.579637283409,373.583640315759,2.92462488511798
101.387335656567,484.664789764085,4.27253185606555
623.785124597959,85.4048754026652,4.15291628111581
420.339724048429,258.049949567741,3.53352434345139
12.7642309430835,183.526417091228,3.19178312828906
68.0726865868345,108.305169180545,4.44516706710487
607.301247381267,191.876883235014,4.45144524519579
257.512520141358,213.491728419118,3.88253937316465
579.071246892168,425.844151764283,4.00730195116501
301.705192279186,139.205996688841,3.85026832321214
534.994639703234,456.943003190417,3.7099160763539
57.5751367502188,420.61675872003,3.75345911063619
204.319552793824,285.720524698785,4.26178293244224
547.349889881798,259.114388904749,3.61686649582495
169.27741782087,19.7906890624447,4.06899818884367
495.274261468849,344.284429185365,4.53257285949859
40.6671776543265,49.6575582210531,3.73923104841063
535.911078516712,144.045381574993,4.65320264207806
NA,NA,NA
666.936955491277,333.085087916121,3.47045145963952
454.990234231603,299.032921902403,3.6535382883325
7.96485823164402,495.031047946993,3.63973389262483
558.885598784676,55.6060258761192,4.25379588940763
68.9277549685389,373.810504151265,3.99545664462191
230.029589280301,415.390854996902,3.90286141807021
427.881071990703,11.9116330305194,3.28517125924268
364.1147596477,295.324487506323,3.04254194510862
603.477551745885,104.403708339607,4.19803492902365
389.341138286692,233.414139122018,4.14863283011532
574.107240119798,399.392221688778,4.78685571353069
137.214500314354,281.969031135011,4.58493793065027
197.574339579896,366.902553731431,4.03330625800462
126.776800466325,409.517160059428,3.338122746692
631.136749795234,318.314415269976,4.61525499859482
-0.319911666490327,140.827243590247,4.1985620184643
541.255442026582,203.182480074137,4.22964355354516
33.8382621397563,491.806256274979,2.99782657608914
279.742535303242,23.6808405040491,3.89749321470067
530.817205996804,389.86633928585,3.31841919314915
71.5664237933196,78.4964882946135,5.28568529384953
7.12388290211654,79.2666409966621,3.34358194206538
586.085367330693,225.799186612231,4.03096258117298
434.374790646229,464.890652394758,4.78902010551459
658.782646770621,373.105394909796,2.98430195586727
102.38603321271,485.46836838686,4.37249624623814
627.168813155556,92.0533601794406,4.0595092492521
417.915006919173,258.255168352933,3.6028084648868
9.16319064444711,180.269307763842,3.22869878475792
69.2280720503295,118.614273826951,4.57673149825024
611.814638423037,207.76786892397,4.38643291899811
244.290639430161,216.719559739439,3.89332014102696
566.516319329147,432.988954852493,3.85641867782216
301.759614510955,135.941793081575,3.71914443551898
538.537032186281,457.347658134475,3.58252075801106
53.7713644458964,420.396782160006,3.81642682112938
197.954464930186,292.797443142259,3.79262124193049
557.382824126859,260.675851969918,3.77164452521858
178.110515085671,34.9947258376341,4.10727374335321
506.820624430787,347.44083192272,4.52247020457597
39.2292718906208,55.8207369434507,3.50053757572171
542.461116516695,140.146912506249,4.97834155023363
NA,NA,NA
666.936955491277,333.085087916121,3.47045145963952
454.990234231603,299.032921902403,3.6535382883325
7.96485823164402,495.031047946993,3.63973389262483
558.885598784676,55.6060258761192,4.25379588940763
68.9277549685389,373.810504151265,3.99545664462191
230.029589280301,415.390854996902,3.90286141807021
427.881071990703,11.9116330305194,3.28517125924268
364.1147596477,295.324487506323,3.04254194510862
603.477551745885,104.403708339607,4.19803492902365
389.341138286692,233.414139122018,4.14863283011532
574.107240119798,399.392221688778,4.78685571353069
137.214500314354,281.969031135011,4.58493793065027
197.574339579896,366.902553731431,4.03330625800462
126.776800466325,409.517160059428,3.338122746692
631.136749795234,318.314415269976,4.61525499859482
-0.319911666490327,140.827243590247,4.1985620184643
541.255442026582,203.182480074137,4.22964355354516
33.8382621397563,491.806256274979,2.99782657608914
279.742535303242,23.6808405040491,3.89749321470067
530.817205996804,389.86633928585,3.31841919314915
71.5664237933196,78.4964882946135,5.28568529384953
7.12388290211654,79.2666409966621,3.34358194206538
586.085367330693,225.799186612231,4.03096258117298
434.374790646229,464.890652394758,4.78902010551459
658.782646770621,373.105394909796,2.98430195586727
102.38603321271,485.46836838686,4.37249624623814
627.168813155556,92.0533601794406,4.0595092492521
417.915006919173,258.255168352933,3.6028084648868
9.16319064444711,180.269307763842,3.22869878475792
69.2280720503295,118.614273826951,4.57673149825024
611.814638423037,207.76786892397,4.38643291899811
244.290639430161,216.719559739439,3.89332014102696
566.516319329147,432.988954852493,3.85641867782216
301.759614510955,135.941793081575,3.71914443551898
538.537032186281,457.347658134475,3.58252075801106
53.7713644458964,420.396782160006,3.81642682112938
197.954464930186,292.797443142259,3.79262124193049
557.382824126859,260.675851969918,3.77164452521858
178.110515085671,34.9947258376341,4.10727374335321
506.820624430787,347.44083192272,4.52247020457597
39.2292718906208,55.8207369434507,3.50053757572171
542.461116516695,140.146912506249,4.97834155023363
NA,NA,NA
666.936955491277,333.085087916121,3.47045145963952
454.990234231603,299.032921902403,3.6535382883325
7.96485823164402,495.031047946993,3.63973389262483
558.885598784676,55.6060258761192,4.25379588940763
68.9277549685389,373.810504151265,3.99545664462191
230.029589280301,415.390854996902,3.90286141807021
427.881071990703,11.9116330305194,3.28517125924268
364.1147596477,295.324487506323,3.04254194510862
603.477551745885,104.403708339607,4.19803492902365
389.341138286692,233.414139122018,4.14863283011532
574.107240119798,399.392221688778,4.78685571353069
137.214500314354,281.969031135011,4.58493793065027
197.574339579896,366.902553731431,4.03330625800462
126.776800466325,409.517160059428,3.338122746692
631.136749795234,318.314415269976,4.61525499859482
-0.319911666490327,140.827243590247,4.1985620184643
541.255442026582,203.182480074137,4.22964355354516
33.8382621397563,491.806256274979,2.99782657608914
279.742535303242,23.6808405040491,3.89749321470067
530.817205996804,389.86633928585,3.31841919314915
71.5664237933196,78.4964882946135,5.28568529384953
7.12388290211654,79.2666409966621,3.34358194206538
586.085367330693,225.799186612231,4.03096258117298
434.374790646229,464.890652394758,4.78902010551459
658.782646770621,373.105394909796,2.98430195586727
102.38603321271,485.46836838686,4.37249624623814
627.168813155556,92.0533601794406,4.0595092492521
417.915006919173,258.255168352933,3.6028084648868
9.16319064444711,180.269307763842,3.22869878475792
69.2280720503295,118.614273826951,4.57673149825024
611.814638423037,207.76786892397,4.38643291899811
244.290639430161,216.719559739439,3.89332014102696
566.516319329147,432.988954852493,3.85641867782216
301.759614510955,135.941793081575,3.71914443551898
538.537032186281,457.347658134475,3.58252075801106
53.7713644458964,420.396782160006,3.81642682112938
197.954464930186,292.797443142259,3.79262124193049
557.382824126859,260.675851969918,3.77164452521858
178.110515085671,34.9947258376341,4.10727374335321
506.820624430787,347.44083192272,4.52247020457597
39.2292718906208,55.8207369434507,3.50053757572171
542.461116516695,140.146912506249,4.97834155023363
NA,NA,NA
666.936955491277,333.085087916121,3.47045145963952
454.990234231603,299.032921902403,3.6535382883325
7.96485823164402,495.031047946993,3.63973389262483
558.885598784676,55.6060258761192,4.25379588940763
68.9277549685389,373.810504151265,3.99545664462191
230.029589280301,415.390854996902,3.90286141807021
427.881071990703,11.9116330305194,3.28517125924268
364.1147596477,295.324487506323,3.04254194510862
603.477551745885,104.403708339607,4.19803492902365
389.341138286692,233.414139122018,4.14863283011532
574.107240119798,399.392221688778,4.78685571353069
137.214500314354,281.969031135011,4.58493793065027
197.574339579896,366.902553731431,4.03330625800462
126.776800466325,409.517160059428,3.338122746692
631.136749795234,318.314415269976,4.61525499859482
-0.319911666490327,140.827243590247,4.1985620184643
541.255442026582,203.182480074137,4.22964355354516
33.8382621397563,491.806256274979,2.99782657608914
279.742535303242,23.6808405040491,3.89749321470067
530.817205996804,389.86633928585,3.31841919314915
71.5664237933196,78.4964882946135,5.28568529384953
7.12388290211654,79.2666409966621,3.34358194206538
586.085367330693,225.799186612231,4.03096258117298
434.374790646229,464.890652394758,4.78902010551459
658.782646770621,373.105394909796,2.98430195586727
102.38603321271,485.46836838686,4.37249624623814
627.168813155556,92.0533601794406,4.0595092492521
417.915006919173,258.255168352933,3.6028084648868
9.16319064444711,180.269307763842,3.22869878475792
69.2280720503295,118.614273826951,4.57673149825024
611.814638423037,207.76786892397,4.38643291899811
244.290639430161,216.719559739439,3.89332014102696
566.516319329147,432.988954852493,3.85641867782216
301.759614510955,135.941793081575,3.71914443551898
538.537032186281,457.347658134475,3.58252075801106
53.7713644458964,420.396782160006,3.81642682112938
197.954464930186,292.797443142259,3.79262124193049
557.382824126859,260.675851969918,3.77164452521858
178.110515085671,34.9947258376341,4.10727374335321
506.820624430787,347.44083192272,4.52247020457597
39.2292718906208,55.8207369434507,3.50053757572171
542.461116516695,140.146912506249,4.97834155023363
NA,NA,NA
666.936955491277,333.085087916121,3.47045145963952
454.990234231603,299.032921902403,3.6535382883325
7.96485823164402,495.031047946993,3.63973389262483
558.885598784676,55.6060258761192,4.25379588940763
68.9277549685389,373.810504151265,3.99545664462191
230.029589280301,415.390854996902,3.90286141807021
427.881071990703,11.9116330305194,3.28517125924268
364.1147596477,295.324487506323,3.04254194510862
603.477551745885,104.403708339607,4.19803492902365
389.341138286692,233.414139122018,4.14863283011532
574.107240119798,399.392221688778,4.78685571353069
137.214500314354,281.969031135011,4.58493793065027
197.574339579896,366.902553731431,4.03330625800462
126.776800466325,409.517160059428,3.338122746692
631.136749795234,318.314415269976,4.61525499859482
-0.319911666490327,140.827243590247,4.1985620184643
541.255442026582,203.182480074137,4.22964355354516
33.8382621397563,491.806256274979,2.99782657608914
279.742535303242,23.6808405040491,3.89749321470067
530.817205996804,389.86633928585,3.31841919314915
71.5664237933196,78.4964882946135,5.28568529384953
7.12388290211654,79.2666409966621,3.34358194206538
586.085367330693,225.799186612231,4.03096258117298
434.374790646229,464.890652394758,4.78902010551459
658.782646770621,373.105394909796,2.98430195586727
102.38603321271,485.46836838686,4.37249624623814
627.168813155556,92.0533601794406,4.0595092492521
417.915006919173,258.255168352933,3.6028084648868
9.16319064444711,180.269307763842,3.22869878475792
69.2280720503295,118.614273826951,4.57673149825024
611.814638423037,207.76786892397,4.38643291899811
244.290639430161,216.719559739439,3.89332014102696
566.516319329147,432.988954852493,3.85641867782216
301.759614510955,135.941793081575,3.71914443551898
538.537032186281,457.347658134475,3.58252075801106
53.7713644458964,420.396782160006,3.81642682112938
197.954464930186,292.797443142259,3.79262124193049
557.382824126859,260.675851969918,3.77164452521858
178.110515085671,34.9947258376341,4.10727374335321
506.820624430787,347.44083192272,4.52247020457597
39.2292718906208,55.8207369434507,3.50053757572171
542.461116516695,140.146912506249,4.97834155023363
NA,NA,NA
666.936955491277,333.085087916121,3.47045145963952
454.990234231603,299.032921902403,3.6535382883325
7.96485823164402,495.031047946993,3.63973389262483
558.885598784676,55.6060258761192,4.25379588940763
68.9277549685389,373.810504151265,3.99545664462191
230.029589280301,415.390854996902,3.90286141807021
427.881071990703,11.9116330305194,3.28517125924268
364.1147596477,295.324487506323,3.04254194510862
603.477551745885,104.403708339607,4.19803492902365
389.341138286692,233.414139122018,4.14863283011532
574.107240119798,399.392221688778,4.78685571353069
137.214500314354,281.969031135011,4.58493793065027
197.574339579896,366.902553731431,4.03330625800462
126.776800466325,409.517160059428,3.338122746692
631.136749795234,318.314415269976,4.61525499859482
-0.319911666490327,140.827243590247,4.1985620184643
541.255442026582,203.182480074137,4.22964355354516
33.8382621397563,491.806256274979,2.99782657608914
279.742535303242,23.6808405040491,3.89749321470067
530.817205996804,389.86633928585,3.31841919314915
71.5664237933196,78.4964882946135,5.28568529384953
7.12388290211654,79.2666409966621,3.34358194206538
586.085367330693,225.799186612231,4.03096258117298
434.374790646229,464.890652394758,4.78902010551459
658.782646770621,373.105394909796,2.98430195586727
102.38603321271,485.46836838686,4.37249624623814
627.168813155556,92.0533601794406,4.0595092492521
417.915006919173,258.255168352933,3.6028084648868
9.16319064444711,180.269307763842,3.22869878475792
69.2280720503295,118.614273826951,4.57673149825024
611.814638423037,207.76786892397,4.38643291899811
244.290639430161,216.719559739439,3.89332014102696
566.516319329147,432.988954852493,3.85641867782216
301.759614510955,135.941793081575,3.71914443551898
538.537032186281,457.347658134475,3.58252075801106
53.7713644458964,420.396782160006,3.81642682112938
197.954464930186,292.797443142259,3.79262124193049
557.382824126859,260.675851969918,3.77164452521858
178.110515085671,34.9947258376341,4.10727374335321
506.820624430787,347.44083192272,4.52247020457597
39.2292718906208,55.8207369434507,3.50053757572171
542.461116516695,140.146912506249,4.97834155023363
NA,NA,NA
663.202895578263,335.889474106396,3.55700428501229
455.422504274932,299.064186717673,3.72875942455241
9.97653756804668,492.586485686641,3.58411230987201
558.188705280538,55.1383531787984,4.23487950556094
75.1786068797631,374.411405525958,3.99560244187085
225.764809703909,417.169083095441,3.87033107481677
428.925753146144,14.3164435829748,3.30237281005973
361.056414222107,294.383122710981,3.02137689351746
603.685596102297,103.908703664005,4.36364859236019
389.912960711151,227.454646379268,4.26511937529521
576.222652977338,405.768636401361,4.73928603345463
139.683031057912,281.216083553673,4.5729988455508
204.123126507284,369.991222824582,4.0760869892582
127.704049820324,412.592360874911,3.47294768222288
626.459312689077,311.512808492122,4.58203522263387
4.18705900825259,150.876750061031,4.25235980013158
540.820094237898,205.465898968752,4.20544021879156
33.6841847646533,489.806358400413,3.12353372640588
281.331758822782,18.0238247651419,3.96447708892813
532.67459948831,392.737881588575,3.30411443685446
68.1258551209947,79.3915526971425,5.32990753867601
6.43445778512876,74.2819792789519,3.34847160651237
583.938616115768,230.191225043824,4.00443934287567
442.023190303047,458.76664885299,4.84079768113649
659.766006703583,372.542091997912,2.92307502179125
99.2519583851447,488.200721131662,4.26213567520394
626.386100376262,91.4277419384017,4.06622663158905
415.629892591285,260.986424881356,3.66321750899935
10.7835073130215,180.459556580406,3.23282659651856
65.1164203773993,113.843485999409,4.40592288755491
610.261350445735,200.829514968769,4.54799788415653
259.493964392082,223.097028845258,3.69740026856616
570.083148237843,442.451231218953,3.85555228827458
305.435677039055,140.28548696179,3.84055608407109
533.416072448891,458.011453833936,3.40583559945384
39.949423874287,419.826081972426,3.94227430127065
202.209259708439,301.545576571531,4.03150872770734
545.772901628105,258.074493312164,3.73435890462145
185.791390062667,30.4218225631588,4.41036052499747
489.191211200051,346.272408090852,4.22077715376235
34.8734800512865,54.0447158018723,3.71116305801774
556.283733474532,148.752584715995,4.68207424709439
NA,NA,NA
663.202895578263,335.889474106396,3.55700428501229
455.422504274932,299.064186717673,3.72875942455241
9.97653756804668,492.586485686641,3.58411230987201
558.188705280538,55.1383531787984,4.23487950556094
75.1786068797631,374.411405525958,3.99560244187085
225.764809703909,417.169083095441,3.87033107481677
428.925753146144,14.3164435829748,3.30237281005973
361.056414222107,294.383122710981,3.02137689351746
603.685596102297,103.908703664005,4.36364859236019
389.912960711151,227.454646379268,4.26511937529521
576.222652977338,405.768636401361,4.73928603345463
139.683031057912,281.216083553673,4.5729988455508
204.123126507284,369.991222824582,4.0760869892582
127.704049820324,412.592360874911,3.47294768222288
626.459312689077,311.512808492122,4.58203522263387
4.18705900825259,150.876750061031,4.25235980013158
540.820094237898,205.465898968752,4.20544021879156
33.6841847646533,489.806358400413,3.12353372640588
281.331758822782,18.0238247651419,3.96447708892813
532.67459948831,392.737881588575,3.30411443685446
68.1258551209947,79.3915526971425,5.32990753867601
6.43445778512876,74.2819792789519,3.34847160651237
583.938616115768,230.191225043824,4.00443934287567
442.023190303047,458.76664885299,4.84079768113649
659.766006703583,372.542091997912,2.92307502179125
99.2519583851447,488.200721131662,4.26213567520394
626.386100376262,91.4277419384017,4.06622663158905
415.629892591285,260.986424881356,3.66321750899935
10.7835073130215,180.459556580406,3.23282659651856
65.1164203773993,113.843485999409,4.40592288755491
610.261350445735,200.829514968769,4.54799788415653
259.493964392082,223.097028845258,3.69740026856616
570.083148237843,442.451231218953,3.85555228827458
305.435677039055,140.28548696179,3.84055608407109
533.416072448891,458.011453833936,3.40583559945384
39.949423874287,419.826081972426,3.94227430127065
202.209259708439,301.545576571531,4.03150872770734
545.772901628105,258.074493312164,3.73435890462145
185.791390062667,30.4218225631588,4.41036052499747
489.191211200051,346.272408090852,4.22077715376235
34.8734800512865,54.0447158018723,3.71116305801774
556.283733474532,148.752584715995,4.68207424709439
NA,NA,NA
663.202895578263,335.889474106396,3.55700428501229
455.422504274932,299.064186717673,3.72875942455241
9.97653756804668,492.586485686641,3.58411230987201
558.188705280538,55.1383531787984,4.23487950556094
75.1786068797631,374.411405525958,3.99560244187085
225.764809703909,417.169083095441,3.87033107481677
428.925753146144,14.3164435829748,3.30237281005973
361.056414222107,294.383122710981,3.02137689351746
603.685596102297,103.908703664005,4.36364859236019
389.912960711151,227.454646379268,4.26511937529521
576.222652977338,405.768636401361,4.73928603345463
139.683031057912,281.216083553673,4.5729988455508
204.123126507284,369.991222824582,4.0760869892582
127.704049820324,412.592360874911,3.47294768222288
626.459312689077,311.512808492122,4.58203522263387
4.18705900825259,150.876750061031,4.25235980013158
540.820094237898,205.465898968752,4.20544021879156
33.6841847646533,489.806358400413,3.12353372640588
281.331758822782,18.0238247651419,3.96447708892813
532.67459948831,392.737881588575,3.30411443685446
68.1258551209947,79.3915526971425,5.32990753867601
6.43445778512876,74.2819792789519,3.34847160651237
583.938616115768,230.191225043824,4.00443934287567
442.023190303047,458.76664885299,4.84079768113649
659.766006703583,372.542091997912,2.92307502179125
99.2519583851447,488.200721131662,4.26213567520394
626.386100376262,91.4277419384017,4.06622663158905
415.629892591285,260.986424881356,3.66321750899935
10.7835073130215,180.459556580406,3.23282659651856
65.1164203773993,113.843485999409,4.40592288755491
610.261350445735,200.829514968769,4.54799788415653
259.493964392082,223.097028845258,3.69740026856616
570.083148237843,442.451231218953,3.85555228827458
305.435677039055,140.28548696179,3.84055608407109
533.416072448891,458.011453833936,3.40583559945384
39.949423874287,419.826081972426,3.94227430127065
202.209259708439,301.545576571531,4.03150872770734
545.772901628105,258.074493312164,3.73435890462145
185.791390062667,30.4218225631588,4.41036052499747
489.191211200051,346.272408090852,4.22077715376235
34.8734800512865,54.0447158018723,3.71116305801774
556.283733474532,148.752584715995,4.68207424709439
NA,NA,NA
663.202895578263,335.889474106396,3.55700428501229
455.422504274932,299.064186717673,3.72875942455241
9.97653756804668,492.586485686641,3.58411230987201
558.188705280538,55.1383531787984,4.23487950556094
75.1786068797631,374.411405525958,3.99560244187085
225.764809703909,417.169083095441,3.87033107481677
428.925753146144,14.3164435829748,3.30237281005973
361.056414222107,294.383122710981,3.02137689351746
603.685596102297,103.908703664005,4.36364859236019
389.912960711151,227.454646379268,4.26511937529521
576.222652977338,405.768636401361,4.73928603345463
139.683031057912,281.216083553673,4.5729988455508
204.123126507284,369.991222824582,4.0760869892582
127.704049820324,412.592360874911,3.47294768222288
626.459312689077,311.512808492122,4.58203522263387
4.18705900825259,150.876750061031,4.25235980013158
540.820094237898,205.465898968752,4.20544021879156
33.6841847646533,489.806358400413,3.12353372640588
281.331758822782,18.0238247651419,3.96447708892813
532.67459948831,392.737881588575,3.30411443685446
68.1258551209947,79.3915526971425,5.32990753867601
6.43445778512876,74.2819792789519,3.34847160651237
583.938616115768,230.191225043824,4.00443934287567
442.023190303047,458.76664885299,4.84079768113649
659.766006703583,372.542091997912,2.92307502179125
99.2519583851447,488.200721131662,4.26213567520394
626.386100376262,91.4277419384017,4.06622663158905
415.629892591285,260.986424881356,3.66321750899935
10.7835073130215,180.459556580406,3.23282659651856
65.1164203773993,113.843485999409,4.40592288755491
610.261350445735,200.829514968769,4.54799788415653
259.493964392082,223.097028845258,3.69740026856616
570.083148237843,442.451231218953,3.85555228827458
305.435677039055,140.28548696179,3.84055608407109
533.416072448891,458.011453833936,3.40583559945384
39.949423874287,419.826081972426,3.94227430127065
202.209259708439,301.545576571531,4.03150872770734
545.772901628105,258.074493312164,3.73435890462145
185.791390062667,30.4218225631588,4.41036052499747
489.191211200051,346.272408090852,4.22077715376235
34.8734800512865,54.0447158018723,3.71116305801774
556.283733474532,148.752584715995,4.68207424709439
NA,NA,NA
663.202895578263,335.889474106396,3.55700428501229
455.422504274932,299.064186717673,3.72875942455241
9.97653756804668,492.586485686641,3.58411230987201
558.188705280538,55.1383531787984,4.23487950556094
75.1786068797631,374.411405525958,3.99560244187085
225.764809703909,417.169083095441,3.87033107481677
428.925753146144,14.3164435829748,3.30237281005973
361.056414222107,294.383122710981,3.02137689351746
603.685596102297,103.908703664005,4.36364859236019
389.912960711151,227.454646379268,4.26511937529521
576.222652977338,405.768636401361,4.73928603345463
139.683031057912,281.216083553673,4.5729988455508
204.123126507284,369.991222824582,4.0760869892582
127.704049820324,412.592360874911,3.47294768222288
626.459312689077,311.512808492122,4.58203522263387
4.18705900825259,150.876750061031,4.25235980013158
540.820094237898,205.465898968752,4.20544021879156
33.6841847646533,489.806358400413,3.12353372640588
281.331758822782,18.0238247651419,3.96447708892813
532.67459948831,392.737881588575,3.30411443685446
68.1258551209947,79.3915526971425,5.32990753867601
6.43445778512876,74.2819792789519,3.34847160651237
583.938616115768,230.191225043824,4.00443934287567
442.023190303047,458.76664885299,4.84079768113649
659.766006703583,372.542091997912,2.92307502179125
99.2519583851447,488.200721131662,4.26213567520394
626.386100376262,91.4277419384017,4.06622663158905
415.629892591285,260.986424881356,3.66321750899935
10.7835073130215,180.459556580406,3.23282659651856
65.1164203773993,113.843485999409,4.40592288755491
610.261350445735,200.829514968769,4.54799788415653
259.493964392082,223.097028845258,3.69740026856616
570.083148237843,442.451231218953,3.85555228827458
305.435677039055,140.28548696179,3.84055608407109
533.416072448891,458.011453833936,3.40583559945384
39.949423874287,419.826081972426,3.94227430127065
202.209259708439,301.545576571531,4.03150872770734
545.772901628105,258.074493312164,3.73435890462145
185.791390062667,30.4218225631588,4.41036052499747
489.191211200051,346.272408090852,4.22077715376235
34.8734800512865,54.0447158018723,3.71116305801774
556.283733474532,148.752584715995,4.68207424709439
NA,NA,NA
663.202895578263,335.889474106396,3.55700428501229
455.422504274932,299.064186717673,3.72875942455241
9.97653756804668,492.586485686641,3.58411230987201
558.188705280538,55.1383531787984,4.23487950556094
75.1786068797631,374.411405525958,3.99560244187085
225.764809703909,417.169083095441,3.87033107481677
428.925753146144,14.3164435829748,3.30237281005973
361.056414222107,294.383122710981,3.02137689351746
603.685596102297,103.908703664005,4.36364859236019
389.912960711151,227.454646379268,4.26511937529521
576.222652977338,405.768636401361,4.73928603345463
139.683031057912,281.216083553673,4.5729988455508
204.123126507284,369.991222824582,4.0760869892582
127.704049820324,412.592360874911,3.47294768222288
626.459312689077,311.512808492122,4.58203522263387
4.18705900825259,150.876750061031,4.25235980013158
540.820094237898,205.465898968752,4.20544021879156
33.6841847646533,489.806358400413,3.12353372640588
281.331758822782,18.0238247651419,3.96447708892813
532.67459948831,392.737881588575,3.30411443685446
68.1258551209947,79.3915526971425,5.32990753867601
6.43445778512876,74.2819792789519,3.34847160651237
583.938616115768,230.191225043824,4.00443934287567
442.023190303047,458.76664885299,4.84079768113649
659.766006703583,372.542091997912,2.92307502179125
99.2519583851447,488.200721131662,4.26213567520394
626.386100376262,91.4277419384017,4.06622663158905
415.629892591285,260.986424881356,3.66321750899935
10.7835073130215,180.459556580406,3.23282659651856
65.1164203773993,113.843485999409,4.40592288755491
610.261350445735,200.829514968769,4.54799788415653
259.493964392082,223.097028845258,3.69740026856616
570.083148237843,442.451231218953,3.85555228827458
305.435677039055,140.28548696179,3.84055608407109
533.416072448891,458.011453833936,3.40583559945384
39.949423874287,419.826081972426,3.94227430127065
202.209259708439,301.545576571531,4.03150872770734
545.772901628105,258.074493312164,3.73435890462145
185.791390062667,30.4218225631588,4.41036052499747
489.191211200051,346.272408090852,4.22077715376235
34.8734800512865,54.0447158018723,3.71116305801774
556.283733474532,148.752584715995,4.68207424709439
NA,NA,NA
659.469013704993,336.616373794356,3.38374284003693
458.186129010987,298.689358675187,3.68243742825486
5.89161335044107,493.900964647277,3.54212987197037
563.83385098329,49.972756839238,4.078290676007
71.2728815971008,375.227802500416,3.89561980259243
228.70800903135,414.192346803272,3.95694824716023
426.757738425623,10.9599809071461,3.34371620043975
362.061939679431,290.734599428203,3.03380328842657
602.611822565532,101.638466593725,4.19784171759264
396.643610340291,229.674408428182,4.20719580871416
573.422127265472,400.210040950388,4.73465630464795
144.400132203734,280.994323726223,4.49209898574495
200.70528706882,372.094061675449,4.07457720971645
126.146514736053,409.782521440422,3.52084724420739
624.534196788435,311.537031797761,4.5622209100853
1.63837693350154,145.239710141323,4.39920090738693
539.986889115541,206.236559401964,4.41982108224758
32.9069417845902,491.163038747512,3.00771518117945
282.125865415241,21.4130895016804,3.99480737912004
531.400891847242,393.842545501767,3.3762146617376
73.3417479877273,84.6464304598437,5.21546269737904
3.64207053878042,76.6987071623938,3.67300338994178
590.611838471675,226.961421477507,4.11709945719623
439.213050106137,463.286351284327,4.77453657518022
659.879911483515,372.964788080648,3.1382209185577
104.634421832541,487.258104743959,4.35834325929586
624.687191585382,92.6475491859335,4.08121335486789
419.482442390001,257.244128259327,3.6515218091066
10.9148967578349,179.519692893011,3.22235564196345
75.247297565881,110.540864370222,4.21960368895393
615.767792906363,196.949357116722,4.23610759872177
260.720296024767,212.317645555361,3.9954040683205
572.209212103852,426.693098251363,3.83571417056027
301.496722268336,135.906313800409,3.80406826622597
526.49275873055,471.69490389475,3.65004817302178
39.9278708829519,418.667910651354,3.70532006946915
203.603394508168,293.109823796889,3.7326747087087
544.56187711025,264.316822582481,3.63445697018505
169.465337881217,29.0190640988076,4.38607637408559
498.631825622913,345.548004399284,4.36810638170124
30.3863244808771,42.7790709486542,3.88205488540548
540.290988103591,153.511418227705,4.36710050773869
NA,NA,NA
659.469013704993,336.616373794356,3.38374284003693
458.186129010987,298.689358675187,3.68243742825486
5.89161335044107,493.900964647277,3.54212987197037
563.83385098329,49.972756839238,4.078290676007
71.2728815971008,375.227802500416,3.89561980259243
228.70800903135,414.192346803272,3.95694824716023
426.757738425623,10.9599809071461,3.34371620043975
362.061939679431,290.734599428203,3.03380328842657
602.611822565532,101.638466593725,4.19784171759264
396.643610340291,229.674408428182,4.20719580871416
573.422127265472,400.210040950388,4.73465630464795
144.400132203734,280.994323726223,4.49209898574495
200.70528706882,372.094061675449,4.07457720971645
126.146514736053,409.782521440422,3.52084724420739
624.534196788435,311.537031797761,4.5622209100853
1.63837693350154,145.239710141323,4.39920090738693
539.986889115541,206.236559401964,4.41982108224758
32.9069417845902,491.163038747512,3.00771518117945
282.125865415241,21.4130895016804,3.99480737912004
531.400891847242,393.842545501767,3.3762146617376
73.3417479877273,84.6464304598437,5.21546269737904
3.64207053878042,76.6987071623938,3.67300338994178
590.611838471675,226.961421477507,4.11709945719623
439.213050106137,463.286351284327,4.77453657518022
659.879911483515,372.964788080648,3.1382209185577
104.634421832541,487.258104743959,4.35834325929586
624.687191585382,92.6475491859335,4.08121335486789
419.482442390001,257.244128259327,3.6515218091066
10.9148967578349,179.519692893011,3.22235564196345
75.247297565881,110.540864370222,4.21960368895393
615.767792906363,196.949357116722,4.23610759872177
260.720296024767,212.317645555361,3.9954040683205
572.209212103852,426.693098251363,3.83571417056027
301.496722268336,135.906313800409,3.80406826622597
526.49275873055,471.69490389475,3.65004817302178
39.9278708829519,418.667910651354,3.70532006946915
203.603394508168,293.109823796889,3.7326747087087
544.56187711025,264.316822582481,3.63445697018505
169.465337881217,29.0190640988076,4.38607637408559
498.631825622913,345.548004399284,4.36810638170124
30.3863244808771,42.7790709486542,3.88205488540548
540.290988103591,153.511418227705,4.36710050773869
NA,NA,NA
659.469013704993,336.616373794356,3.38374284003693
458.186129010987,298.689358675187,3.68243742825486
5.89161335044107,493.900964647277,3.54212987197037
563.83385098329,49.972756839238,4.078290676007
71.2728815971008,375.227802500416,3.89561980259243
228.70800903135,414.192346803272,3.95694824716023
426.757738425623,10.9599809071461,3.34371620043975
362.061939679431,290.734599428203,3.03380328842657
602.611822565532,101.638466593725,4.19784171759264
396.643610340291,229.674408428182,4.20719580871416
573.422127265472,400.210040950388,4.73465630464795
144.400132203734,280.994323726223,4.49209898574495
200.70528706882,372.094061675449,4.07457720971645
126.146514736053,409.782521440422,3.52084724420739
624.534196788435,311.537031797761,4.5622209100853
1.63837693350154,145.239710141323,4.39920090738693
539.986889115541,206.236559401964,4.41982108224758
32.9069417845902,491.163038747512,3.00771518117945
282.125865415241,21.4130895016804,3.99480737912004
531.400891847242,393.842545501767,3.3762146617376
73.3417479877273,84.6464304598437,5.21546269737904
3.64207053878042,76.6987071623938,3.67300338994178
590.611838471675,226.961421477507,4.11709945719623
439.213050106137,463.286351284327,4.77453657518022
659.879911483515,372.964788080648,3.1382209185577
104.634421832541,487.258104743959,4.35834325929586
624.687191585382,92.6475491859335,4.08121335486789
419.482442390001,257.244128259327,3.6515218091066
10.9148967578349,179.519692893011,3.22235564196345
75.247297565881,110.540864370222,4.21960368895393
615.767792906363,196.949357116722,4.23610759872177
260.720296024767,212.317645555361,3.9954040683205
572.209212103852,426.693098251363,3.83571417056027
301.496722268336,135.906313800409,3.80406826622597
526.49275873055,471.69490389475,3.65004817302178
39.9278708829519,418.667910651354,3.70532006946915
203.603394508168,293.109823796889,3.7326747087087
544.56187711025,264.316822582481,3.63445697018505
169.465337881217,29.0190640988076,4.38607637408559
498.631825622913,345.548004399284,4.36810638170124
30.3863244808771,42.7790709486542,3.88205488540548
540.290988103591,153.511418227705,4.36710050773869
NA,NA,NA
659.469013704993,336.616373794356,3.38374284003693
458.186129010987,298.689358675187,3.68243742825486
5.89161335044107,493.900964647277,3.54212987197037
563.83385098329,49.972756839238,4.078290676007
71.2728815971008,375.227802500416,3.89561980259243
228.70800903135,414.192346803272,3.95694824716023
426.757738425623,10.9599809071461,3.34371620043975
362.061939679431,290.734599428203,3.03380328842657
602.611822565532,101.638466593725,4.19784171759264
396.643610340291,229.674408428182,4.20719580871416
573.422127265472,400.210040950388,4.73465630464795
144.400132203734,280.994323726223,4.49209898574495
200.70528706882,372.094061675449,4.07457720971645
126.146514736053,409.782521440422,3.52084724420739
624.534196788435,311.537031797761,4.5622209100853
1.63837693350154,145.239710141323,4.39920090738693
539.986889115541,206.236559401964,4.41982108224758
32.9069417845902,491.163038747512,3.00771518117945
282.125865415241,21.4130895016804,3.99480737912004
531.400891847242,393.842545501767,3.3762146617376
73.3417479877273,84.6464304598437,5.21546269737904
3.64207053878042,76.6987071623938,3.67300338994178
590.611838471675,226.961421477507,4.11709945719623
439.213050106137,463.286351284327,4.77453657518022
659.879911483515,372.964788080648,3.1382209185577
104.634421832541,487.258104743959,4.35834325929586
624.687191585382,92.6475491859335,4.08121335486789
419.482442390001,257.244128259327,3.6515218091066
10.9148967578349,179.519692893011,3.22235564196345
75.247297565881,110.540864370222,4.21960368895393
615.767792906363,196.949357116722,4.23610759872177
260.720296024767,212.317645555361,3.9954040683205
572.209212103852,426.693098251363,3.83571417056027
301.496722268336,135.906313800409,3.80406826622597
526.49275873055,471.69490389475,3.65004817302178
39.9278708829519,418.667910651354,3.70532006946915
203.603394508168,293.109823796889,3.7326747087087
544.56187711025,264.316822582481,3.63445697018505
169.465337881217,29.0190640988076,4.38607637408559
498.631825622913,345.548004399284,4.36810638170124
30.3863244808771,42.7790709486542,3.88205488540548
540.290988103591,153.511418227705,4.36710050773869
NA,NA,NA
659.469013704993,336.616373794356,3.38374284003693
458.186129010987,298.689358675187,3.68243742825486
5.89161335044107,493.900964647277,3.54212987197037
563.83385098329,49.972756839238,4.078290676007
71.2728815971008,375.227802500416,3.89561980259243
228.70800903135,414.192346803272,3.95694824716023
426.757738425623,10.9599809071461,3.34371620043975
362.061939679431,290.734599428203,3.03380328842657
602.611822565532,101.638466593725,4.19784171759264
396.643610340291,229.674408428182,4.20719580871416
573.422127265472,400.210040950388,4.73465630464795
144.400132203734,280.994323726223,4.49209898574495
200.70528706882,372.094061675449,4.07457720971645
126.146514736053,409.782521440422,3.52084724420739
624.534196788435,311.537031797761,4.5622209100853
1.63837693350154,145.239710141323,4.39920090738693
539.986889115541,206.236559401964,4.41982108224758
32.9069417845902,491.163038747512,3.00771518117945
282.125865415241,21.4130895016804,3.99480737912004
531.400891847242,393.842545501767,3.3762146617376
73.3417479877273,84.6464304598437,5.21546269737904
3.64207053878042,76.6987071623938,3.67300338994178
590.611838471675,226.961421477507,4.11709945719623
439.213050106137,463.286351284327,4.77453657518022
659.879911483515,372.964788080648,3.1382209185577
104.634421832541,487.258104743959,4.35834325929586
624.687191585382,92.6475491859335,4.08121335486789
419.482442390001,257.244128259327,3.6515218091066
10.9148967578349,179.519692893011,3.22235564196345
75.247297565881,110.540864370222,4.21960368895393
615.767792906363,196.949357116722,4.23610759872177
260.720296024767,212.317645555361,3.9954040683205
572.209212103852,426.693098251363,3.83571417056027
301.496722268336,135.906313800409,3.80406826622597
526.49275873055,471.69490389475,3.65004817302178
39.9278708829519,418.667910651354,3.70532006946915
203.603394508168,293.109823796889,3.7326747087087
544.56187711025,264.316822582481,3.63445697018505
169.465337881217,29.0190640988076,4.38607637408559
498.631825622913,345.548004399284,4.36810638170124
30.3863244808771,42.7790709486542,3.88205488540548
540.290988103591,153.511418227705,4.36710050773869
NA,NA,NA
659.469013704993,336.616373794356,3.38374284003693
458.186129010987,298.689358675187,3.68243742825486
5.89161335044107,493.900964647277,3.54212987197037
563.83385098329,49.972756839238,4.078290676007
71.2728815971008,375.227802500416,3.89561980259243
228.70800903135,414.192346803272,3.95694824716023
426.757738425623,10.9599809071461,3.34371620043975
362.061939679431,290.734599428203,3.03380328842657
602.611822565532,101.638466593725,4.19784171759264
396.643610340291,229.674408428182,4.20719580871416
573.422127265472,400.210040950388,4.73465630464795
144.400132203734,280.994323726223,4.49209898574495
200.70528706882,372.094061675449,4.07457720971645
126.146514736053,409.782521440422,3.52084724420739
624.534196788435,311.537031797761,4.5622209100853
1.63837693350154,145.239710141323,4.39920090738693
539.986889115541,206.236559401964,4.41982108224758
32.9069417845902,491.163038747512,3.00771518117945
282.125865415241,21.4130895016804,3.99480737912004
531.400891847242,393.842545501767,3.3762146617376
73.3417479877273,84.6464304598437,5.21546269737904
3.64207053878042,76.6987071623938,3.67300338994178
590.611838471675,226.961421477507,4.11709945719623
439.213050106137,463.286351284327,4.77453657518022
659.879911483515,372.964788080648,3.1382209185577
104.634421832541,487.258104743959,4.35834325929586
624.687191585382,92.6475491859335,4.08121335486789
419.482442390001,257.244128259327,3.6515218091066
10.9148967578349,179.519692893011,3.22235564196345
75.247297565881,110.540864370222,4.21960368895393
615.767792906363,196.949357116722,4.23610759872177
260.720296024767,212.317645555361,3.9954040683205
572.209212103852,426.693098251363,3.83571417056027
301.496722268336,135.906313800409,3.80406826622597
526.49275873055,471.69490389475,3.65004817302178
39.9278708829519,418.667910651354,3.70532006946915
203.603394508168,293.109823796889,3.7326747087087
544.56187711025,264.316822582481,3.63445697018505
169.465337881217,29.0190640988076,4.38607637408559
498.631825622913,345.548004399284,4.36810638170124
30.3863244808771,42.7790709486542,3.88205488540548
540.290988103591,153.511418227705,4.36710050773869
NA,NA,NA
657.462966811064,336.498846464103,3.39784749510889
455.862252429556,295.351423699699,3.54062426621227
10.2079291282564,492.664490585348,3.70711482007736
557.549822920139,46.4790192167793,4.2909614670573
71.4766321478971,378.273482459083,4.01103894399841
230.951540008198,413.46309914333,3.95475432418551
427.348579255217,13.7352348676921,3.238980917766
363.561458191216,292.349968186136,3.109921691301
604.117268432707,107.936117020751,4.32205295219787
387.689408465438,227.358695497231,4.23248691883186
572.413039535316,406.6658647474,4.67862363731843
143.828596418667,282.08749372797,4.46912740658968
197.119000307859,372.59870676538,3.98985813009925
126.654927465243,410.571814671369,3.43361702512586
626.185107441696,308.518150794688,4.55795362703629
-2.49895690017017,156.95184809391,4.26137100542818
545.100804460667,205.222145973845,4.07386772141135
33.8348246567519,492.83337091156,3.03517578231111
282.798378693808,22.9282147959491,3.9186297298103
531.821133183577,391.804595397796,3.64049730025447
67.5980019647139,80.8292655683733,5.23679860120498
4.71295298431273,76.6932147629705,3.3388494216182
589.262216043071,226.088385719832,3.94182770135259
442.632305062388,462.191798903835,4.83673154233732
658.820097436766,372.784290644873,3.01515170569038
107.07838981011,488.506260582024,4.41524469567717
618.675206120406,90.0394289336799,4.12805202151736
416.465765678864,258.438292565109,3.60568459768418
13.2670605737639,180.801649052407,3.16612895647824
85.2220638304759,131.110865045732,4.33595194842722
603.33338562737,202.862250866157,4.30451597078565
253.122860211801,219.449118502723,3.68270393954367
579.314029883762,435.081431828542,3.6282311280977
298.406257724427,141.358558354643,3.9930709610588
530.093259438609,459.316201542635,3.60310038627212
45.5051797913738,418.722087031828,4.05904966591656
200.360128138326,282.541242634777,4.00251353079489
550.144953799494,262.545289296779,3.45600757272265
172.054542007136,32.0328823402617,4.34585057206997
490.234300406358,342.865962866971,4.07067497302305
35.9229831377289,53.3306666137859,3.79034614091482
534.120837522534,147.534165947827,4.46431515432896
NA,NA,NA
657.462966811064,336.498846464103,3.39784749510889
455.862252429556,295.351423699699,3.54062426621227
10.2079291282564,492.664490585348,3.70711482007736
557.549822920139,46.4790192167793,4.2909614670573
71.4766321478971,378.273482459083,4.01103894399841
230.951540008198,413.46309914333,3.95475432418551
427.348579255217,13.7352348676921,3.238980917766
363.561458191216,292.349968186136,3.109921691301
604.117268432707,107.936117020751,4.32205295219787
387.689408465438,227.358695497231,4.23248691883186
572.413039535316,406.6658647474,4.67862363731843
143.828596418667,282.08749372797,4.46912740658968
197.119000307859,372.59870676538,3.98985813009925
126.654927465243,410.571814671369,3.43361702512586
626.185107441696,308.518150794688,4.55795362703629
-2.49895690017017,156.95184809391,4.26137100542818
545.100804460667,205.222145973845,4.07386772141135
33.8348246567519,492.83337091156,3.03517578231111
282.798378693808,22.9282147959491,3.9186297298103
531.821133183577,391.804595397796,3.64049730025447
67.5980019647139,80.8292655683733,5.23679860120498
4.71295298431273,76.6932147629705,3.3388494216182
589.262216043071,226.088385719832,3.94182770135259
442.632305062388,462.191798903835,4.83673154233732
658.820097436766,372.784290644873,3.01515170569038
107.07838981011,488.506260582024,4.41524469567717
618.675206120406,90.0394289336799,4.12805202151736
416.465765678864,258.438292565109,3.60568459768418
13.2670605737639,180.801649052407,3.16612895647824
85.2220638304759,131.110865045732,4.33595194842722
603.33338562737,202.862250866157,4.30451597078565
253.122860211801,219.449118502723,3.68270393954367
579.314029883762,435.081431828542,3.6282311280977
298.406257724427,141.358558354643,3.9930709610588
530.093259438609,459.316201542635,3.60310038627212
45.5051797913738,418.722087031828,4.05904966591656
200.360128138326,282.541242634777,4.00251353079489
550.144953799494,262.545289296779,3.45600757272265
172.054542007136,32.0328823402617,4.34585057206997
490.234300406358,342.865962866971,4.07067497302305
35.9229831377289,53.3306666137859,3.79034614091482
534.120837522534,147.534165947827,4.46431515432896
NA,NA,NA
657.462966811064,336.498846464103,3.39784749510889
455.862252429556,295.351423699699,3.54062426621227
10.2079291282564,492.664490585348,3.70711482007736
557.549822920139,46.4790192167793,4.2909614670573
71.4766321478971,378.273482459083,4.01103894399841
230.951540008198,413.46309914333,3.95475432418551
427.348579255217,13.7352348676921,3.238980917766
363.561458191216,292.349968186136,3.109921691301
604.117268432707,107.936117020751,4.32205295219787
387.689408465438,227.358695497231,4.23248691883186
572.413039535316,406.6658647474,4.67862363731843
143.828596418667,282.08749372797,4.46912740658968
197.119000307859,372.59870676538,3.98985813009925
126.654927465243,410.571814671369,3.43361702512586
626.185107441696,308.518150794688,4.55795362703629
-2.49895690017017,156.95184809391,4.26137100542818
545.100804460667,205.222145973845,4.07386772141135
33.8348246567519,492.83337091156,3.03517578231111
282.798378693808,22.9282147959491,3.9186297298103
531.821133183577,391.804595397796,3.64049730025447
67.5980019647139,80.8292655683733,5.23679860120498
4.71295298431273,76.6932147629705,3.3388494216182
589.262216043071,226.088385719832,3.94182770135259
442.632305062388,462.191798903835,4.83673154233732
658.820097436766,372.784290644873,3.01515170569038
107.07838981011,488.506260582024,4.41524469567717
618.675206120406,90.0394289336799,4.12805202151736
416.465765678864,258.438292565109,3.60568459768418
13.2670605737639,180.801649052407,3.16612895647824
85.2220638304759,131.110865045732,4.33595194842722
603.33338562737,202.862250866157,4.30451597078565
253.122860211801,219.449118502723,3.68270393954367
579.314029883762,435.081431828542,3.6282311280977
298.406257724427,141.358558354643,3.9930709610588
530.093259438609,459.316201542635,3.60310038627212
45.5051797913738,418.722087031828,4.05904966591656
200.360128138326,282.541242634777,4.00251353079489
550.144953799494,262.545289296779,3.45600757272265
172.054542007136,32.0328823402617,4.34585057206997
490.234300406358,342.865962866971,4.07067497302305
35.9229831377289,53.3306666137859,3.79034614091482
534.120837522534,147.534165947827,4.46431515432896
NA,NA,NA
657.462966811064,336.498846464103,3.39784749510889
455.862252429556,295.351423699699,3.54062426621227
10.2079291282564,492.664490585348,3.70711482007736
557.549822920139,46.4790192167793,4.2909614670573
71.4766321478971,378.273482459083,4.01103894399841
230.951540008198,413.46309914333,3.95475432418551
427.348579255217,13.7352348676921,3.238980917766
363.561458191216,292.349968186136,3.109921691301
604.117268432707,107.936117020751,4.32205295219787
387.689408465438,227.358695497231,4.23248691883186
572.413039535316,406.6658647474,4.67862363731843
143.828596418667,282.08749372797,4.46912740658968
197.119000307859,372.59870676538,3.98985813009925
126.654927465243,410.571814671369,3.43361702512586
626.185107441696,308.518150794688,4.55795362703629
-2.49895690017017,156.95184809391,4.26137100542818
545.100804460667,205.222145973845,4.07386772141135
33.8348246567519,492.83337091156,3.03517578231111
282.798378693808,22.9282147959491,3.9186297298103
531.821133183577,391.804595397796,3.64049730025447
67.5980019647139,80.8292655683733,5.23679860120498
4.71295298431273,76.6932147629705,3.3388494216182
589.262216043071,226.088385719832,3.94182770135259
442.632305062388,462.191798903835,4.83673154233732
658.820097436766,372.784290644873,3.01515170569038
107.07838981011,488.506260582024,4.41524469567717
618.675206120406,90.0394289336799,4.12805202151736
416.465765678864,258.438292565109,3.60568459768418
13.2670605737639,180.801649052407,3.16612895647824
85.2220638304759,131.110865045732,4.33595194842722
603.33338562737,202.862250866157,4.30451597078565
253.122860211801,219.449118502723,3.68270393954367
579.314029883762,435.081431828542,3.6282311280977
298.406257724427,141.358558354643,3.9930709610588
530.093259438609,459.316201542635,3.60310038627212
45.5051797913738,418.722087031828,4.05904966591656
200.360128138326,282.541242634777,4.00251353079489
550.144953799494,262.545289296779,3.45600757272265
172.054542007136,32.0328823402617,4.34585057206997
490.234300406358,342.865962866971,4.07067497302305
35.9229831377289,53.3306666137859,3.79034614091482
534.120837522534,147.534165947827,4.46431515432896
NA,NA,NA
657.462966811064,336.498846464103,3.39784749510889
455.862252429556,295.351423699699,3.54062426621227
10.2079291282564,492.664490585348,3.70711482007736
557.549822920139,46.4790192167793,4.2909614670573
71.4766321478971,378.273482459083,4.01103894399841
230.951540008198,413.46309914333,3.95475432418551
427.348579255217,13.7352348676921,3.238980917766
363.561458191216,292.349968186136,3.109921691301
604.117268432707,107.936117020751,4.32205295219787
387.689408465438,227.358695497231,4.23248691883186
572.413039535316,406.6658647474,4.67862363731843
143.828596418667,282.08749372797,4.46912740658968
197.119000307859,372.59870676538,3.98985813009925
126.654927465243,410.571814671369,3.43361702512586
626.185107441696,308.518150794688,4.55795362703629
-2.49895690017017,156.95184809391,4.26137100542818
545.100804460667,205.222145973845,4.07386772141135
33.8348246567519,492.83337091156,3.03517578231111
282.798378693808,22.9282147959491,3.9186297298103
531.821133183577,391.804595397796,3.64049730025447
67.5980019647139,80.8292655683733,5.23679860120498
4.71295298431273,76.6932147629705,3.3388494216182
589.262216043071,226.088385719832,3.94182770135259
442.632305062388,462.191798903835,4.83673154233732
658.820097436766,372.784290644873,3.01515170569038
107.07838981011,488.506260582024,4.41524469567717
618.675206120406,90.0394289336799,4.12805202151736
416.465765678864,258.438292565109,3.60568459768418
13.2670605737639,180.801649052407,3.16612895647824
85.2220638304759,131.110865045732,4.33595194842722
603.33338562737,202.862250866157,4.30451597078565
253.122860211801,219.449118502723,3.68270393954367
579.314029883762,435.081431828542,3.6282311280977
298.406257724427,141.358558354643,3.9930709610588
530.093259438609,459.316201542635,3.60310038627212
45.5051797913738,418.722087031828,4.05904966591656
200.360128138326,282.541242634777,4.00251353079489
550.144953799494,262.545289296779,3.45600757272265
172.054542007136,32.0328823402617,4.34585057206997
490.234300406358,342.865962866971,4.07067497302305
35.9229831377289,53.3306666137859,3.79034614091482
534.120837522534,147.534165947827,4.46431515432896
NA,NA,NA
657.462966811064,336.498846464103,3.39784749510889
455.862252429556,295.351423699699,3.54062426621227
10.2079291282564,492.664490585348,3.70711482007736
557.549822920139,46.4790192167793,4.2909614670573
71.4766321478971,378.273482459083,4.01103894399841
230.951540008198,413.46309914333,3.95475432418551
427.348579255217,13.7352348676921,3.238980917766
363.561458191216,292.349968186136,3.109921691301
604.117268432707,107.936117020751,4.32205295219787
387.689408465438,227.358695497231,4.23248691883186
572.413039535316,406.6658647474,4.67862363731843
143.828596418667,282.08749372797,4.46912740658968
197.119000307859,372.59870676538,3.98985813009925
126.654927465243,410.571814671369,3.43361702512586
626.185107441696,308.518150794688,4.55795362703629
-2.49895690017017,156.95184809391,4.26137100542818
545.100804460667,205.222145973845,4.07386772141135
33.8348246567519,492.83337091156,3.03517578231111
282.798378693808,22.9282147959491,3.9186297298103
531.821133183577,391.804595397796,3.64049730025447
67.5980019647139,80.8292655683733,5.23679860120498
4.71295298431273,76.6932147629705,3.3388494216182
589.262216043071,226.088385719832,3.94182770135259
442.632305062388,462.191798903835,4.83673154233732
658.820097436766,372.784290644873,3.01515170569038
107.07838981011,488.506260582024,4.41524469567717
618.675206120406,90.0394289336799,4.12805202151736
416.465765678864,258.438292565109,3.60568459768418
13.2670605737639,180.801649052407,3.16612895647824
85.2220638304759,131.110865045732,4.33595194842722
603.33338562737,202.862250866157,4.30451597078565
253.122860211801,219.449118502723,3.68270393954367
579.314029883762,435.081431828542,3.6282311280977
298.406257724427,141.358558354643,3.9930709610588
530.093259438609,459.316201542635,3.60310038627212
45.5051797913738,418.722087031828,4.05904966591656
200.360128138326,282.541242634777,4.00251353079489
550.144953799494,262.545289296779,3.45600757272265
172.054542007136,32.0328823402617,4.34585057206997
490.234300406358,342.865962866971,4.07067497302305
35.9229831377289,53.3306666137859,3.79034614091482
534.120837522534,147.534165947827,4.46431515432896
NA,NA,NA
662.796048380647,332.985246921578,3.41446877998461
454.618482574121,299.761286691658,3.59747325051276
15.0681954270394,491.667602307566,3.53049145228096
560.548903481684,53.115322327143,4.17340848134477
69.7719883646075,370.761621250236,4.03555209995178
231.434847760642,419.172555376152,3.97768164792084
427.718746552949,14.0431872708481,3.2836798630407
362.059583712337,292.391238244208,3.06342432694722
604.234083145453,107.097493909814,4.28860644508062
393.417583042841,229.140016942897,4.2091685650499
571.425990087685,411.544226178566,4.73398946646463
144.663623274327,290.84144728643,4.60284914096191
199.695955161336,368.631416150568,3.92787617506046
125.041314474619,410.005139596501,3.37018738553515
626.879850733377,316.025468464783,4.54833230867482
-2.65225576402975,149.947009768885,4.23620527401191
543.884669860755,204.359923576896,4.2420019392318
35.2894893107511,491.620607931422,2.86380852107731
276.231358293677,21.786027188474,3.70206664596789
534.233911026377,391.143625278667,3.47499655350971
70.8842157950263,73.3205941141534,5.34943625918552
5.08331773088942,78.5141708615265,3.47778394041446
588.658956436986,222.344441181782,4.09028546058758
445.686710839372,460.221727157227,4.77262481807195
657.669162691183,376.439782515253,3.09246588921213
105.680253320188,485.018007391357,4.37637597259688
625.585751673036,89.1657977576168,4.01356368015603
419.711702385425,260.049273857122,3.69815415850805
11.5598708709517,181.494041717187,3.12738554932886
62.1448001774174,115.085841308443,4.4285890720843
607.922201412335,198.537286881117,4.24519661094616
252.628201422181,211.229558986211,3.69713684359766
577.258550480166,439.602134615493,3.90504395825749
297.175175875071,134.096695622346,3.87043698691416
530.527080632297,455.913430045284,3.77857428491259
37.7051647858945,413.341839985924,3.95538640496043
192.655836758753,290.232714938334,4.00432268131005
548.810416523864,266.843172419935,3.75977644070175
146.035300181154,34.7191249608323,4.09549573567956
499.152046323378,327.551739605093,4.2335928448882
46.6210765271763,59.5990922908988,3.72650501155038
532.923967944592,159.090459794892,4.65898470427997
NA,NA,NA
662.796048380647,332.985246921578,3.41446877998461
454.618482574121,299.761286691658,3.59747325051276
15.0681954270394,491.667602307566,3.53049145228096
560.548903481684,53.115322327143,4.17340848134477
69.7719883646075,370.761621250236,4.03555209995178
231.434847760642,419.172555376152,3.97768164792084
427.718746552949,14.0431872708481,3.2836798630407
362.059583712337,292.391238244208,3.06342432694722
604.234083145453,107.097493909814,4.28860644508062
393.417583042841,229.140016942897,4.2091685650499
571.425990087685,411.544226178566,4.73398946646463
144.663623274327,290.84144728643,4.60284914096191
199.695955161336,368.631416150568,3.92787617506046
125.041314474619,410.005139596501,3.37018738553515
626.879850733377,316.025468464783,4.54833230867482
-2.65225576402975,149.947009768885,4.23620527401191
543.884669860755,204.359923576896,4.2420019392318
35.2894893107511,491.620607931422,2.86380852107731
276.231358293677,21.786027188474,3.70206664596789
534.233911026377,391.143625278667,3.47499655350971
70.8842157950263,73.3205941141534,5.34943625918552
5.08331773088942,78.5141708615265,3.47778394041446
588.658956436986,222.344441181782,4.09028546058758
445.686710839372,460.221727157227,4.77262481807195
657.669162691183,376.439782515253,3.09246588921213
105.680253320188,485.018007391357,4.37637597259688
625.585751673036,89.1657977576168,4.01356368015603
419.711702385425,260.049273857122,3.69815415850805
11.5598708709517,181.494041717187,3.12738554932886
62.1448001774174,115.085841308443,4.4285890720843
607.922201412335,198.537286881117,4.24519661094616
252.628201422181,211.229558986211,3.69713684359766
577.258550480166,439.602134615493,3.90504395825749
297.175175875071,134.096695622346,3.87043698691416
530.527080632297,455.913430045284,3.77857428491259
37.7051647858945,413.341839985924,3.95538640496043
192.655836758753,290.232714938334,4.00432268131005
548.810416523864,266.843172419935,3.75977644070175
146.035300181154,34.7191249608323,4.09549573567956
499.152046323378,327.551739605093,4.2335928448882
46.6210765271763,59.5990922908988,3.72650501155038
532.923967944592,159.090459794892,4.65898470427997
NA,NA,NA
662.796048380647,332.985246921578,3.41446877998461
454.618482574121,299.761286691658,3.59747325051276
15.0681954270394,491.667602307566,3.53049145228096
560.548903481684,53.115322327143,4.17340848134477
69.7719883646075,370.761621250236,4.03555209995178
231.434847760642,419.172555376152,3.97768164792084
427.718746552949,14.0431872708481,3.2836798630407
362.059583712337,292.391238244208,3.06342432694722
604.234083145453,107.097493909814,4.28860644508062
393.417583042841,229.140016942897,4.2091685650499
571.425990087685,411.544226178566,4.73398946646463
144.663623274327,290.84144728643,4.60284914096191
199.695955161336,368.631416150568,3.92787617506046
125.041314474619,410.005139596501,3.37018738553515
626.879850733377,316.025468464783,4.54833230867482
-2.65225576402975,149.947009768885,4.23620527401191
543.884669860755,204.359923576896,4.2420019392318
35.2894893107511,491.620607931422,2.86380852107731
276.231358293677,21.786027188474,3.70206664596789
534.233911026377,391.143625278667,3.47499655350971
70.8842157950263,73.3205941141534,5.34943625918552
5.08331773088942,78.5141708615265,3.47778394041446
588.658956436986,222.344441181782,4.09028546058758
445.686710839372,460.221727157227,4.77262481807195
657.669162691183,376.439782515253,3.09246588921213
105.680253320188,485.018007391357,4.37637597259688
625.585751673036,89.1657977576168,4.01356368015603
419.711702385425,260.049273857122,3.69815415850805
11.5598708709517,181.494041717187,3.12738554932886
62.1448001774174,115.085841308443,4.4285890720843
607.922201412335,198.537286881117,4.24519661094616
252.628201422181,211.229558986211,3.69713684359766
577.258550480166,439.602134615493,3.90504395825749
297.175175875071,134.096695622346,3.87043698691416
530.527080632297,455.913430045284,3.77857428491259
37.7051647858945,413.341839985924,3.95538640496043
192.655836758753,290.232714938334,4.00432268131005
548.810416523864,266.843172419935,3.75977644070175
146.035300181154,34.7191249608323,4.09549573567956
499.152046323378,327.551739605093,4.2335928448882
46.6210765271763,59.5990922908988,3.72650501155038
532.923967944592,159.090459794892,4.65898470427997
NA,NA,NA
662.796048380647,332.985246921578,3.41446877998461
454.618482574121,299.761286691658,3.59747325051276
15.0681954270394,491.667602307566,3.53049145228096
560.548903481684,53.115322327143,4.17340848134477
69.7719883646075,370.761621250236,4.03555209995178
231.434847760642,419.172555376152,3.97768164792084
427.718746552949,14.0431872708481,3.2836798630407
362.059583712337,292.391238244208,3.06342432694722
604.234083145453,107.097493909814,4.28860644508062
393.417583042841,229.140016942897,4.2091685650499
571.425990087685,411.544226178566,4.73398946646463
144.663623274327,290.84144728643,4.60284914096191
199.695955161336,368.631416150568,3.92787617506046
125.041314474619,410.005139596501,3.37018738553515
626.879850733377,316.025468464783,4.54833230867482
-2.65225576402975,149.947009768885,4.23620527401191
543.884669860755,204.359923576896,4.2420019392318
35.2894893107511,491.620607931422,2.86380852107731
276.231358293677,21.786027188474,3.70206664596789
534.233911026377,391.143625278667,3.47499655350971
70.8842157950263,73.3205941141534,5.34943625918552
5.08331773088942,78.5141708615265,3.47778394041446
588.658956436986,222.344441181782,4.09028546058758
445.686710839372,460.221727157227,4.77262481807195
657.669162691183,376.439782515253,3.09246588921213
105.680253320188,485.018007391357,4.37637597259688
625.585751673036,89.1657977576168,4.01356368015603
419.711702385425,260.049273857122,3.69815415850805
11.5598708709517,181.494041717187,3.12738554932886
62.1448001774174,115.085841308443,4.4285890720843
607.922201412335,198.537286881117,4.24519661094616
252.628201422181,211.229558986211,3.69713684359766
577.258550480166,439.602134615493,3.90504395825749
297.175175875071,134.096695622346,3.87043698691416
530.527080632297,455.913430045284,3.77857428491259
37.7051647858945,413.341839985924,3.95538640496043
192.655836758753,290.232714938334,4.00432268131005
548.810416523864,266.843172419935,3.75977644070175
146.035300181154,34.7191249608323,4.09549573567956
499.152046323378,327.551739605093,4.2335928448882
46.6210765271763,59.5990922908988,3.72650501155038
532.923967944592,159.090459794892,4.65898470427997
NA,NA,NA
662.796048380647,332.985246921578,3.41446877998461
454.618482574121,299.761286691658,3.59747325051276
15.0681954270394,491.667602307566,3.53049145228096
560.548903481684,53.115322327143,4.17340848134477
69.7719883646075,370.761621250236,4.03555209995178
231.434847760642,419.172555376152,3.97768164792084
427.718746552949,14.0431872708481,3.2836798630407
362.059583712337,292.391238244208,3.06342432694722
604.234083145453,107.097493909814,4.28860644508062
393.417583042841,229.140016942897,4.2091685650499
571.425990087685,411.544226178566,4.73398946646463
144.663623274327,290.84144728643,4.60284914096191
199.695955161336,368.631416150568,3.92787617506046
125.041314474619,410.005139596501,3.37018738553515
626.879850733377,316.025468464783,4.54833230867482
-2.65225576402975,149.947009768885,4.23620527401191
543.884669860755,204.359923576896,4.2420019392318
35.2894893107511,491.620607931422,2.86380852107731
276.231358293677,21.786027188474,3.70206664596789
534.233911026377,391.143625278667,3.47499655350971
70.8842157950263,73.3205941141534,5.34943625918552
5.08331773088942,78.5141708615265,3.47778394041446
588.658956436986,222.344441181782,4.09028546058758
445.686710839372,460.221727157227,4.77262481807195
657.669162691183,376.439782515253,3.09246588921213
105.680253320188,485.018007391357,4.37637597259688
625.585751673036,89.1657977576168,4.01356368015603
419.711702385425,260.049273857122,3.69815415850805
11.5598708709517,181.494041717187,3.12738554932886
62.1448001774174,115.085841308443,4.4285890720843
607.922201412335,198.537286881117,4.24519661094616
252.628201422181,211.229558986211,3.69713684359766
577.258550480166,439.602134615493,3.90504395825749
297.175175875071,134.096695622346,3.87043698691416
530.527080632297,455.913430045284,3.77857428491259
37.7051647858945,413.341839985924,3.95538640496043
192.655836758753,290.232714938334,4.00432268131005
548.810416523864,266.843172419935,3.75977644070175
146.035300181154,34.7191249608323,4.09549573567956
499.152046323378,327.551739605093,4.2335928448882
46.6210765271763,59.5990922908988,3.72650501155038
532.923967944592,159.090459794892,4.65898470427997
NA,NA,NA
662.796048380647,332.985246921578,3.41446877998461
454.618482574121,299.761286691658,3.59747325051276
15.0681954270394,491.667602307566,3.53049145228096
560.548903481684,53.115322327143,4.17340848134477
69.7719883646075,370.761621250236,4.03555209995178
231.434847760642,419.172555376152,3.97768164792084
427.718746552949,14.0431872708481,3.2836798630407
362.059583712337,292.391238244208,3.06342432694722
604.234083145453,107.097493909814,4.28860644508062
393.417583042841,229.140016942897,4.2091685650499
571.425990087685,411.544226178566,4.73398946646463
144.663623274327,290.84144728643,4.60284914096191
199.695955161336,368.631416150568,3.92787617506046
125.041314474619,410.005139596501,3.37018738553515
626.879850733377,316.025468464783,4.54833230867482
-2.65225576402975,149.947009768885,4.23620527401191
543.884669860755,204.359923576896,4.2420019392318
35.2894893107511,491.620607931422,2.86380852107731
276.231358293677,21.786027188474,3.70206664596789
534.233911026377,391.143625278667,3.47499655350971
70.8842157950263,73.3205941141534,5.34943625918552
5.08331773088942,78.5141708615265,3.47778394041446
588.658956436986,222.344441181782,4.09028546058758
445.686710839372,460.221727157227,4.77262481807195
657.669162691183,376.439782515253,3.09246588921213
105.680253320188,485.018007391357,4.37637597259688
625.585751673036,89.1657977576168,4.01356368015603
419.711702385425,260.049273857122,3.69815415850805
11.5598708709517,181.494041717187,3.12738554932886
62.1448001774174,115.085841308443,4.4285890720843
607.922201412335,198.537286881117,4.24519661094616
252.628201422181,211.229558986211,3.69713684359766
577.258550480166,439.602134615493,3.90504395825749
297.175175875071,134.096695622346,3.87043698691416
530.527080632297,455.913430045284,3.77857428491259
37.7051647858945,413.341839985924,3.95538640496043
192.655836758753,290.232714938334,4.00432268131005
548.810416523864,266.843172419935,3.75977644070175
146.035300181154,34.7191249608323,4.09549573567956
499.152046323378,327.551739605093,4.2335928448882
46.6210765271763,59.5990922908988,3.72650501155038
532.923967944592,159.090459794892,4.65898470427997
NA,NA,NA
658.748151308342,334.979290855521,3.55540127598782
454.7326742545,298.14550496356,3.63722860986885
9.48727470653819,493.63302663102,3.66919615224357
561.67216363268,51.3082825508302,4.29544884991954
70.2429511107509,379.306391830499,4.00539736263564
229.811854166276,415.106333253924,3.83012422913451
425.576087893006,11.2105615830993,3.29353307831067
364.184666437324,292.634756038725,3.02066160722458
605.119102487157,103.718591464967,4.05147703056621
394.484520888836,229.499723143963,4.25105355136131
567.602278219126,416.419336031143,4.76527033438334
140.039905413828,284.674517195998,4.53032313797675
198.57909420709,367.947336732348,3.95240064050504
126.947923687108,412.950214029745,3.51542421584662
623.73769731262,314.916531132393,4.42520272440393
4.14132792354912,144.773229516811,4.21397287412343
543.979098340432,206.263557737876,4.33408239006807
33.2708959073969,493.016261170013,2.9986498473465
278.405685682686,22.6617857867866,3.94091610207544
535.780811593416,390.809077631998,3.30936191558422
68.6048166757717,79.8272687538991,5.34998172111455
7.80766325852978,74.3383161739078,3.44341674096151
590.935489013832,228.876327823275,4.05306619841107
433.049350088387,454.550874233628,4.86626782569028
661.200454643778,374.751662011016,2.97015523901961
105.936184711292,488.154886004098,4.37679350397656
623.67641074709,90.4791524388708,4.07448067985982
418.202668203341,256.195353105997,3.59279391705439
12.2947823801138,181.937747158514,3.30975280448507
66.6372128934211,118.908321511397,4.4177149449547
607.460508977667,212.257278076599,4.52708027776113
251.208632666062,210.949580282645,3.73214003076637
573.735848791222,422.594716441926,3.7927481096133
300.9561155441,138.774660888078,3.74852334900816
533.984523524482,454.055504083153,3.79764944158204
48.6386400855945,416.734038208232,3.76797088037918
200.883944345696,293.670981827703,3.97351369334369
548.065613435672,272.704796202544,3.96656501551327
176.987607807779,40.0656632410955,4.40454608814937
511.975053079675,349.862151991331,4.75391752150123
38.6611434956306,65.5647877717343,4.00052326047507
524.484361445289,164.149480996545,4.90947226019596
NA,NA,NA
658.748151308342,334.979290855521,3.55540127598782
454.7326742545,298.14550496356,3.63722860986885
9.48727470653819,493.63302663102,3.66919615224357
561.67216363268,51.3082825508302,4.29544884991954
70.2429511107509,379.306391830499,4.00539736263564
229.811854166276,415.106333253924,3.83012422913451
425.576087893006,11.2105615830993,3.29353307831067
364.184666437324,292.634756038725,3.02066160722458
605.119102487157,103.718591464967,4.05147703056621
394.484520888836,229.499723143963,4.25105355136131
567.602278219126,416.419336031143,4.76527033438334
140.039905413828,284.674517195998,4.53032313797675
198.57909420709,367.947336732348,3.95240064050504
126.947923687108,412.950214029745,3.51542421584662
623.73769731262,314.916531132393,4.42520272440393
4.14132792354912,144.773229516811,4.21397287412343
543.979098340432,206.263557737876,4.33408239006807
33.2708959073969,493.016261170013,2.9986498473465
278.405685682686,22.6617857867866,3.94091610207544
535.780811593416,390.809077631998,3.30936191558422
68.6048166757717,79.8272687538991,5.34998172111455
7.80766325852978,74.3383161739078,3.44341674096151
590.935489013832,228.876327823275,4.05306619841107
433.049350088387,454.550874233628,4.86626782569028
661.200454643778,374.751662011016,2.97015523901961
105.936184711292,488.154886004098,4.37679350397656
623.67641074709,90.4791524388708,4.07448067985982
418.202668203341,256.195353105997,3.59279391705439
12.2947823801138,181.937747158514,3.30975280448507
66.6372128934211,118.908321511397,4.4177149449547
607.460508977667,212.257278076599,4.52708027776113
251.208632666062,210.949580282645,3.73214003076637
573.735848791222,422.594716441926,3.7927481096133
300.9561155441,138.774660888078,3.74852334900816
533.984523524482,454.055504083153,3.79764944158204
48.6386400855945,416.734038208232,3.76797088037918
200.883944345696,293.670981827703,3.97351369334369
548.065613435672,272.704796202544,3.96656501551327
176.987607807779,40.0656632410955,4.40454608814937
511.975053079675,349.862151991331,4.75391752150123
38.6611434956306,65.5647877717343,4.00052326047507
524.484361445289,164.149480996545,4.90947226019596
NA,NA,NA
658.748151308342,334.979290855521,3.55540127598782
454.7326742545,298.14550496356,3.63722860986885
9.48727470653819,493.63302663102,3.66919615224357
561.67216363268,51.3082825508302,4.29544884991954
70.2429511107509,379.306391830499,4.00539736263564
229.811854166276,415.106333253924,3.83012422913451
425.576087893006,11.2105615830993,3.29353307831067
364.184666437324,292.634756038725,3.02066160722458
605.119102487157,103.718591464967,4.05147703056621
394.484520888836,229.499723143963,4.25105355136131
567.602278219126,416.419336031143,4.76527033438334
140.039905413828,284.674517195998,4.53032313797675
198.57909420709,367.947336732348,3.95240064050504
126.947923687108,412.950214029745,3.51542421584662
623.73769731262,314.916531132393,4.42520272440393
4.14132792354912,144.773229516811,4.21397287412343
543.979098340432,206.263557737876,4.33408239006807
33.2708959073969,493.016261170013,2.9986498473465
278.405685682686,22.6617857867866,3.94091610207544
535.780811593416,390.809077631998,3.30936191558422
68.6048166757717,79.8272687538991,5.34998172111455
7.80766325852978,74.3383161739078,3.44341674096151
590.935489013832,228.876327823275,4.05306619841107
433.049350088387,454.550874233628,4.86626782569028
661.200454643778,374.751662011016,2.97015523901961
105.936184711292,488.154886004098,4.37679350397656
623.67641074709,90.4791524388708,4.07448067985982
418.202668203341,256.195353105997,3.59279391705439
12.2947823801138,181.937747158514,3.30975280448507
66.6372128934211,118.908321511397,4.4177149449547
607.460508977667,212.257278076599,4.52708027776113
251.208632666062,210.949580282645,3.73214003076637
573.735848791222,422.594716441926,3.7927481096133
300.9561155441,138.774660888078,3.74852334900816
533.984523524482,454.055504083153,3.79764944158204
48.6386400855945,416.734038208232,3.76797088037918
200.883944345696,293.670981827703,3.97351369334369
548.065613435672,272.704796202544,3.96656501551327
176.987607807779,40.0656632410955,4.40454608814937
511.975053079675,349.862151991331,4.75391752150123
38.6611434956306,65.5647877717343,4.00052326047507
524.484361445289,164.149480996545,4.90947226019596
NA,NA,NA
658.748151308342,334.979290855521,3.55540127598782
454.7326742545,298.14550496356,3.63722860986885
9.48727470653819,493.63302663102,3.66919615224357
561.67216363268,51.3082825508302,4.29544884991954
70.2429511107509,379.306391830499,4.00539736263564
229.811854166276,415.106333253924,3.83012422913451
425.576087893006,11.2105615830993,3.29353307831067
364.184666437324,292.634756038725,3.02066160722458
605.119102487157,103.718591464967,4.05147703056621
394.484520888836,229.499723143963,4.25105355136131
567.602278219126,416.419336031143,4.76527033438334
140.039905413828,284.674517195998,4.53032313797675
198.57909420709,367.947336732348,3.95240064050504
126.947923687108,412.950214029745,3.51542421584662
623.73769731262,314.916531132393,4.42520272440393
4.14132792354912,144.773229516811,4.21397287412343
543.979098340432,206.263557737876,4.33408239006807
33.2708959073969,493.016261170013,2.9986498473465
278.405685682686,22.6617857867866,3.94091610207544
535.780811593416,390.809077631998,3.30936191558422
68.6048166757717,79.8272687538991,5.34998172111455
7.80766325852978,74.3383161739078,3.44341674096151
590.935489013832,228.876327823275,4.05306619841107
433.049350088387,454.550874233628,4.86626782569028
661.200454643778,374.751662011016,2.97015523901961
105.936184711292,488.154886004098,4.37679350397656
623.67641074709,90.4791524388708,4.07448067985982
418.202668203341,256.195353105997,3.59279391705439
12.2947823801138,181.937747158514,3.30975280448507
66.6372128934211,118.908321511397,4.4177149449547
607.460508977667,212.257278076599,4.52708027776113
251.208632666062,210.949580282645,3.73214003076637
573.735848791222,422.594716441926,3.7927481096133
300.9561155441,138.774660888078,3.74852334900816
533.984523524482,454.055504083153,3.79764944158204
48.6386400855945,416.734038208232,3.76797088037918
200.883944345696,293.670981827703,3.97351369334369
548.065613435672,272.704796202544,3.96656501551327
176.987607807779,40.0656632410955,4.40454608814937
511.975053079675,349.862151991331,4.75391752150123
38.6611434956306,65.5647877717343,4.00052326047507
524.484361445289,164.149480996545,4.90947226019596
NA,NA,NA
658.748151308342,334.979290855521,3.55540127598782
454.7326742545,298.14550496356,3.63722860986885
9.48727470653819,493.63302663102,3.66919615224357
561.67216363268,51.3082825508302,4.29544884991954
70.2429511107509,379.306391830499,4.00539736263564
229.811854166276,415.106333253924,3.83012422913451
425.576087893006,11.2105615830993,3.29353307831067
364.184666437324,292.634756038725,3.02066160722458
605.119102487157,103.718591464967,4.05147703056621
394.484520888836,229.499723143963,4.25105355136131
567.602278219126,416.419336031143,4.76527033438334
140.039905413828,284.674517195998,4.53032313797675
198.57909420709,367.947336732348,3.95240064050504
126.947923687108,412.950214029745,3.51542421584662
623.73769731262,314.916531132393,4.42520272440393
4.14132792354912,144.773229516811,4.21397287412343
543.979098340432,206.263557737876,4.33408239006807
33.2708959073969,493.016261170013,2.9986498473465
278.405685682686,22.6617857867866,3.94091610207544
535.780811593416,390.809077631998,3.30936191558422
68.6048166757717,79.8272687538991,5.34998172111455
7.80766325852978,74.3383161739078,3.44341674096151
590.935489013832,228.876327823275,4.05306619841107
433.049350088387,454.550874233628,4.86626782569028
661.200454643778,374.751662011016,2.97015523901961
105.936184711292,488.154886004098,4.37679350397656
623.67641074709,90.4791524388708,4.07448067985982
418.202668203341,256.195353105997,3.59279391705439
12.2947823801138,181.937747158514,3.30975280448507
66.6372128934211,118.908321511397,4.4177149449547
607.460508977667,212.257278076599,4.52708027776113
251.208632666062,210.949580282645,3.73214003076637
573.735848791222,422.594716441926,3.7927481096133
300.9561155441,138.774660888078,3.74852334900816
533.984523524482,454.055504083153,3.79764944158204
48.6386400855945,416.734038208232,3.76797088037918
200.883944345696,293.670981827703,3.97351369334369
548.065613435672,272.704796202544,3.96656501551327
176.987607807779,40.0656632410955,4.40454608814937
511.975053079675,349.862151991331,4.75391752150123
38.6611434956306,65.5647877717343,4.00052326047507
524.484361445289,164.149480996545,4.90947226019596
NA,NA,NA
658.748151308342,334.979290855521,3.55540127598782
454.7326742545,298.14550496356,3.63722860986885
9.48727470653819,493.63302663102,3.66919615224357
561.67216363268,51.3082825508302,4.29544884991954
70.2429511107509,379.306391830499,4.00539736263564
229.811854166276,415.106333253924,3.83012422913451
425.576087893006,11.2105615830993,3.29353307831067
364.184666437324,292.634756038725,3.02066160722458
605.119102487157,103.718591464967,4.05147703056621
394.484520888836,229.499723143963,4.25105355136131
567.602278219126,416.419336031143,4.76527033438334
140.039905413828,284.674517195998,4.53032313797675
198.57909420709,367.947336732348,3.95240064050504
126.947923687108,412.950214029745,3.51542421584662
623.73769731262,314.916531132393,4.42520272440393
4.14132792354912,144.773229516811,4.21397287412343
543.979098340432,206.263557737876,4.33408239006807
33.2708959073969,493.016261170013,2.9986498473465
278.405685682686,22.6617857867866,3.94091610207544
535.780811593416,390.809077631998,3.30936191558422
68.6048166757717,79.8272687538991,5.34998172111455
7.80766325852978,74.3383161739078,3.44341674096151
590.935489013832,228.876327823275,4.05306619841107
433.049350088387,454.550874233628,4.86626782569028
661.200454643778,374.751662011016,2.97015523901961
105.936184711292,488.154886004098,4.37679350397656
623.67641074709,90.4791524388708,4.07448067985982
418.202668203341,256.195353105997,3.59279391705439
12.2947823801138,181.937747158514,3.30975280448507
66.6372128934211,118.908321511397,4.4177149449547
607.460508977667,212.257278076599,4.52708027776113
251.208632666062,210.949580282645,3.73214003076637
573.735848791222,422.594716441926,3.7927481096133
300.9561155441,138.774660888078,3.74852334900816
533.984523524482,454.055504083153,3.79764944158204
48.6386400855945,416.734038208232,3.76797088037918
200.883944345696,293.670981827703,3.97351369334369
548.065613435672,272.704796202544,3.96656501551327
176.987607807779,40.0656632410955,4.40454608814937
511.975053079675,349.862151991331,4.75391752150123
38.6611434956306,65.5647877717343,4.00052326047507
524.484361445289,164.149480996545,4.90947226019596
NA,NA,NA
660.735966973692,334.777622802869,3.53697688365483
457.470396027346,299.555360756767,3.46975154552074
8.34289918333945,492.929372245019,3.73522749521579
561.248961907066,48.0490648516567,4.19192198697284
70.3882700828541,373.683015500966,3.98789579836101
227.846216226075,413.440319961969,3.88405246490337
428.610673840782,15.9277605020182,3.29928332053555
362.358460403014,292.98941130667,3.03174920095417
601.714376005432,101.989666983128,4.29943824997727
392.028458304169,230.593250798824,4.20190835230286
566.796492155924,407.348082540994,4.6947434861473
141.842010147329,283.426710549075,4.60589295043277
203.037542435197,369.206857783482,3.87699616714448
123.512412297682,409.610039660899,3.32112830215123
628.235414432582,313.251928850151,4.41602325632017
0.60818801381164,149.369806655464,4.23399590288123
541.982795601814,195.663392767914,4.30379063541749
34.9523759150418,493.15513521254,3.08962046797203
278.833985181252,24.3454637386303,3.7562134194834
533.059594837981,394.045823669025,3.49666181475113
69.9790338127446,76.1062331359594,5.23749613992408
2.19435845908811,77.2316317990922,3.5236619381751
586.724011582947,225.728734512162,4.03312863009141
448.119722850375,455.593050262106,4.79856476475772
658.879025588845,373.59241256718,3.19227194773894
104.917079723824,487.046377286039,4.38256514412909
624.842921771233,92.2873411172122,4.10206047693348
420.67805769609,259.489805295841,3.74599448853885
12.6866159081739,180.729326106579,3.22332535344746
64.5223487405987,114.978314616361,4.43274509306019
606.791680137468,189.109194620966,4.34669833745442
253.404459500407,225.806256650506,3.83411337473807
575.880784246518,430.437317290047,3.78875961489671
300.828602070263,137.638663725553,4.08777703194585
534.629063135168,460.217899431976,3.32272678150239
48.0975583327789,420.11257803153,3.98845900653493
194.30454873609,293.386686794473,3.68948294054683
556.732022517713,271.160902665613,3.87576914601121
164.834688066693,39.7513455613025,4.30886727722773
505.006126599785,347.875699456974,4.58068267299556
46.6287694161951,47.9699052057315,3.4569111628889
539.244422562435,162.219137311153,4.66285790128438
NA,NA,NA
660.735966973692,334.777622802869,3.53697688365483
457.470396027346,299.555360756767,3.46975154552074
8.34289918333945,492.929372245019,3.73522749521579
561.248961907066,48.0490648516567,4.19192198697284
70.3882700828541,373.683015500966,3.98789579836101
227.846216226075,413.440319961969,3.88405246490337
428.610673840782,15.9277605020182,3.29928332053555
362.358460403014,292.98941130667,3.03174920095417
601.714376005432,101.989666983128,4.29943824997727
392.028458304169,230.593250798824,4.20190835230286
566.796492155924,407.348082540994,4.6947434861473
141.842010147329,283.426710549075,4.60589295043277
203.037542435197,369.206857783482,3.87699616714448
123.512412297682,409.610039660899,3.32112830215123
628.235414432582,313.251928850151,4.41602325632017
0.60818801381164,149.369806655464,4.23399590288123
541.982795601814,195.663392767914,4.30379063541749
34.9523759150418,493.15513521254,3.08962046797203
278.833985181252,24.3454637386303,3.7562134194834
533.059594837981,394.045823669025,3.49666181475113
69.9790338127446,76.1062331359594,5.23749613992408
2.19435845908811,77.2316317990922,3.5236619381751
586.724011582947,225.728734512162,4.03312863009141
448.119722850375,455.593050262106,4.79856476475772
658.879025588845,373.59241256718,3.19227194773894
104.917079723824,487.046377286039,4.38256514412909
624.842921771233,92.2873411172122,4.10206047693348
420.67805769609,259.489805295841,3.74599448853885
12.6866159081739,180.729326106579,3.22332535344746
64.5223487405987,114.978314616361,4.43274509306019
606.791680137468,189.109194620966,4.34669833745442
253.404459500407,225.806256650506,3.83411337473807
575.880784246518,430.437317290047,3.78875961489671
300.828602070263,137.638663725553,4.08777703194585
534.629063135168,460.217899431976,3.32272678150239
48.0975583327789,420.11257803153,3.98845900653493
194.30454873609,293.386686794473,3.68948294054683
556.732022517713,271.160902665613,3.87576914601121
164.834688066693,39.7513455613025,4.30886727722773
505.006126599785,347.875699456974,4.58068267299556
46.6287694161951,47.9699052057315,3.4569111628889
539.244422562435,162.219137311153,4.66285790128438
NA,NA,NA
660.735966973692,334.777622802869,3.53697688365483
457.470396027346,299.555360756767,3.46975154552074
8.34289918333945,492.929372245019,3.73522749521579
561.248961907066,48.0490648516567,4.19192198697284
70.3882700828541,373.683015500966,3.98789579836101
227.846216226075,413.440319961969,3.88405246490337
428.610673840782,15.9277605020182,3.29928332053555
362.358460403014,292.98941130667,3.03174920095417
601.714376005432,101.989666983128,4.29943824997727
392.028458304169,230.593250798824,4.20190835230286
566.796492155924,407.348082540994,4.6947434861473
141.842010147329,283.426710549075,4.60589295043277
203.037542435197,369.206857783482,3.87699616714448
123.512412297682,409.610039660899,3.32112830215123
628.235414432582,313.251928850151,4.41602325632017
0.60818801381164,149.369806655464,4.23399590288123
541.982795601814,195.663392767914,4.30379063541749
34.9523759150418,493.15513521254,3.08962046797203
278.833985181252,24.3454637386303,3.7562134194834
533.059594837981,394.045823669025,3.49666181475113
69.9790338127446,76.1062331359594,5.23749613992408
2.19435845908811,77.2316317990922,3.5236619381751
586.724011582947,225.728734512162,4.03312863009141
448.119722850375,455.593050262106,4.79856476475772
658.879025588845,373.59241256718,3.19227194773894
104.917079723824,487.046377286039,4.38256514412909
624.842921771233,92.2873411172122,4.10206047693348
420.67805769609,259.489805295841,3.74599448853885
12.6866159081739,180.729326106579,3.22332535344746
64.5223487405987,114.978314616361,4.43274509306019
606.791680137468,189.109194620966,4.34669833745442
253.404459500407,225.806256650506,3.83411337473807
575.880784246518,430.437317290047,3.78875961489671
300.828602070263,137.638663725553,4.08777703194585
534.629063135168,460.217899431976,3.32272678150239
48.0975583327789,420.11257803153,3.98845900653493
194.30454873609,293.386686794473,3.68948294054683
556.732022517713,271.160902665613,3.87576914601121
164.834688066693,39.7513455613025,4.30886727722773
505.006126599785,347.875699456974,4.58068267299556
46.6287694161951,47.9699052057315,3.4569111628889
539.244422562435,162.219137311153,4.66285790128438
NA,NA,NA
660.735966973692,334.777622802869,3.53697688365483
457.470396027346,299.555360756767,3.46975154552074
8.34289918333945,492.929372245019,3.73522749521579
561.248961907066,48.0490648516567,4.19192198697284
70.3882700828541,373.683015500966,3.98789579836101
227.846216226075,413.440319961969,3.88405246490337
428.610673840782,15.9277605020182,3.29928332053555
362.358460403014,292.98941130667,3.03174920095417
601.714376005432,101.989666983128,4.29943824997727
392.028458304169,230.593250798824,4.20190835230286
566.796492155924,407.348082540994,4.6947434861473
141.842010147329,283.426710549075,4.60589295043277
203.037542435197,369.206857783482,3.87699616714448
123.512412297682,409.610039660899,3.32112830215123
628.235414432582,313.251928850151,4.41602325632017
0.60818801381164,149.369806655464,4.23399590288123
541.982795601814,195.663392767914,4.30379063541749
34.9523759150418,493.15513521254,3.08962046797203
278.833985181252,24.3454637386303,3.7562134194834
533.059594837981,394.045823669025,3.49666181475113
69.9790338127446,76.1062331359594,5.23749613992408
2.19435845908811,77.2316317990922,3.5236619381751
586.724011582947,225.728734512162,4.03312863009141
448.119722850375,455.593050262106,4.79856476475772
658.879025588845,373.59241256718,3.19227194773894
104.917079723824,487.046377286039,4.38256514412909
624.842921771233,92.2873411172122,4.10206047693348
420.67805769609,259.489805295841,3.74599448853885
12.6866159081739,180.729326106579,3.22332535344746
64.5223487405987,114.978314616361,4.43274509306019
606.791680137468,189.109194620966,4.34669833745442
253.404459500407,225.806256650506,3.83411337473807
575.880784246518,430.437317290047,3.78875961489671
300.828602070263,137.638663725553,4.08777703194585
534.629063135168,460.217899431976,3.32272678150239
48.0975583327789,420.11257803153,3.98845900653493
194.30454873609,293.386686794473,3.68948294054683
556.732022517713,271.160902665613,3.87576914601121
164.834688066693,39.7513455613025,4.30886727722773
505.006126599785,347.875699456974,4.58068267299556
46.6287694161951,47.9699052057315,3.4569111628889
539.244422562435,162.219137311153,4.66285790128438
NA,NA,NA
660.735966973692,334.777622802869,3.53697688365483
457.470396027346,299.555360756767,3.46975154552074
8.34289918333945,492.929372245019,3.73522749521579
561.248961907066,48.0490648516567,4.19192198697284
70.3882700828541,373.683015500966,3.98789579836101
227.846216226075,413.440319961969,3.88405246490337
428.610673840782,15.9277605020182,3.29928332053555
362.358460403014,292.98941130667,3.03174920095417
601.714376005432,101.989666983128,4.29943824997727
392.028458304169,230.593250798824,4.20190835230286
566.796492155924,407.348082540994,4.6947434861473
141.842010147329,283.426710549075,4.60589295043277
203.037542435197,369.206857783482,3.87699616714448
123.512412297682,409.610039660899,3.32112830215123
628.235414432582,313.251928850151,4.41602325632017
0.60818801381164,149.369806655464,4.23399590288123
541.982795601814,195.663392767914,4.30379063541749
34.9523759150418,493.15513521254,3.08962046797203
278.833985181252,24.3454637386303,3.7562134194834
533.059594837981,394.045823669025,3.49666181475113
69.9790338127446,76.1062331359594,5.23749613992408
2.19435845908811,77.2316317990922,3.5236619381751
586.724011582947,225.728734512162,4.03312863009141
448.119722850375,455.593050262106,4.79856476475772
658.879025588845,373.59241256718,3.19227194773894
104.917079723824,487.046377286039,4.38256514412909
624.842921771233,92.2873411172122,4.10206047693348
420.67805769609,259.489805295841,3.74599448853885
12.6866159081739,180.729326106579,3.22332535344746
64.5223487405987,114.978314616361,4.43274509306019
606.791680137468,189.109194620966,4.34669833745442
253.404459500407,225.806256650506,3.83411337473807
575.880784246518,430.437317290047,3.78875961489671
300.828602070263,137.638663725553,4.08777703194585
534.629063135168,460.217899431976,3.32272678150239
48.0975583327789,420.11257803153,3.98845900653493
194.30454873609,293.386686794473,3.68948294054683
556.732022517713,271.160902665613,3.87576914601121
164.834688066693,39.7513455613025,4.30886727722773
505.006126599785,347.875699456974,4.58068267299556
46.6287694161951,47.9699052057315,3.4569111628889
539.244422562435,162.219137311153,4.66285790128438
NA,NA,NA
660.735966973692,334.777622802869,3.53697688365483
457.470396027346,299.555360756767,3.46975154552074
8.34289918333945,492.929372245019,3.73522749521579
561.248961907066,48.0490648516567,4.19192198697284
70.3882700828541,373.683015500966,3.98789579836101
227.846216226075,413.440319961969,3.88405246490337
428.610673840782,15.9277605020182,3.29928332053555
362.358460403014,292.98941130667,3.03174920095417
601.714376005432,101.989666983128,4.29943824997727
392.028458304169,230.593250798824,4.20190835230286
566.796492155924,407.348082540994,4.6947434861473
141.842010147329,283.426710549075,4.60589295043277
203.037542435197,369.206857783482,3.87699616714448
123.512412297682,409.610039660899,3.32112830215123
628.235414432582,313.251928850151,4.41602325632017
0.60818801381164,149.369806655464,4.23399590288123
541.982795601814,195.663392767914,4.30379063541749
34.9523759150418,493.15513521254,3.08962046797203
278.833985181252,24.3454637386303,3.7562134194834
533.059594837981,394.045823669025,3.49666181475113
69.9790338127446,76.1062331359594,5.23749613992408
2.19435845908811,77.2316317990922,3.5236619381751
586.724011582947,225.728734512162,4.03312863009141
448.119722850375,455.593050262106,4.79856476475772
658.879025588845,373.59241256718,3.19227194773894
104.917079723824,487.046377286039,4.38256514412909
624.842921771233,92.2873411172122,4.10206047693348
420.67805769609,259.489805295841,3.74599448853885
12.6866159081739,180.729326106579,3.22332535344746
64.5223487405987,114.978314616361,4.43274509306019
606.791680137468,189.109194620966,4.34669833745442
253.404459500407,225.806256650506,3.83411337473807
575.880784246518,430.437317290047,3.78875961489671
300.828602070263,137.638663725553,4.08777703194585
534.629063135168,460.217899431976,3.32272678150239
48.0975583327789,420.11257803153,3.98845900653493
194.30454873609,293.386686794473,3.68948294054683
556.732022517713,271.160902665613,3.87576914601121
164.834688066693,39.7513455613025,4.30886727722773
505.006126599785,347.875699456974,4.58068267299556
46.6287694161951,47.9699052057315,3.4569111628889
539.244422562435,162.219137311153,4.66285790128438
NA,NA,NA
663.065706176056,331.628101044104,3.36902960435093
457.57863909348,297.991416444474,3.64231432221683
12.7919331245505,495.419936278084,3.79359535387228
562.233263578432,54.8742309795654,4.11715549678399
74.4710746259173,374.312851628876,4.03277498421428
231.69049117218,412.647448872144,3.84352155926156
426.903800467914,13.4653356175964,3.2863401379444
362.231872227924,293.952406955589,3.11554672609215
602.219043613088,107.934829933354,4.10519529889797
393.242147680781,232.883008950862,4.23762180002388
574.278899840179,414.070250264064,4.75090119713718
144.482674017541,278.889107548758,4.60577563286094
195.660091694208,366.276939766881,4.11371967802251
130.238577080403,409.994116225764,3.54269823240062
627.524426306136,314.301421560336,4.59627458349286
0.18002738080886,142.944171207729,4.23355179365886
542.162165341208,202.593201222486,4.27274655472525
34.8574144492825,490.736920504663,3.09504439079623
285.418916969966,24.9646057644287,3.75078705926717
534.189614134876,391.624697030903,3.44771961780422
70.1527730582303,72.8392202822377,5.13157188212535
2.54162568950303,77.053527546163,3.58174646490197
589.332990814859,230.946511859206,4.09916613741889
439.818604673972,458.64959507374,4.71457845516463
659.315134075861,375.264732532173,3.20217173703176
105.366511654018,490.822220876916,4.32458992618777
625.061038106492,88.1127619394488,4.10463614852576
416.797082652713,256.865586204313,3.64737175495472
12.3620327807003,181.495150430235,3.1312382988097
69.81476822293,119.0782403588,4.54208113397768
612.740114411956,191.104110246704,3.99770134553824
259.668060451452,224.077336064869,3.97742958845294
565.43597869401,432.996201522062,3.73167436956673
297.560396860098,135.661453539284,3.91583505503322
521.141541896291,455.906894310311,3.65316456759837
51.268849045998,422.601339940629,4.11459428703634
193.238920112817,288.984449180161,3.67054310787436
553.126347432343,262.35985148014,3.68537672742147
168.26221876476,30.9538115852663,4.38121622987411
499.311060891542,339.415329765811,4.43072860545361
42.1395239343115,46.0736191592152,3.39328621273929
520.420183889797,151.675861222919,4.75576343842357
NA,NA,NA
663.065706176056,331.628101044104,3.36902960435093
457.57863909348,297.991416444474,3.64231432221683
12.7919331245505,495.419936278084,3.79359535387228
562.233263578432,54.8742309795654,4.11715549678399
74.4710746259173,374.312851628876,4.03277498421428
231.69049117218,412.647448872144,3.84352155926156
426.903800467914,13.4653356175964,3.2863401379444
362.231872227924,293.952406955589,3.11554672609215
602.219043613088,107.934829933354,4.10519529889797
393.242147680781,232.883008950862,4.23762180002388
574.278899840179,414.070250264064,4.75090119713718
144.482674017541,278.889107548758,4.60577563286094
195.660091694208,366.276939766881,4.11371967802251
130.238577080403,409.994116225764,3.54269823240062
627.524426306136,314.301421560336,4.59627458349286
0.18002738080886,142.944171207729,4.23355179365886
542.162165341208,202.593201222486,4.27274655472525
34.8574144492825,490.736920504663,3.09504439079623
285.418916969966,24.9646057644287,3.75078705926717
534.189614134876,391.624697030903,3.44771961780422
70.1527730582303,72.8392202822377,5.13157188212535
2.54162568950303,77.053527546163,3.58174646490197
589.332990814859,230.946511859206,4.09916613741889
439.818604673972,458.64959507374,4.71457845516463
659.315134075861,375.264732532173,3.20217173703176
105.366511654018,490.822220876916,4.32458992618777
625.061038106492,88.1127619394488,4.10463614852576
416.797082652713,256.865586204313,3.64737175495472
12.3620327807003,181.495150430235,3.1312382988097
69.81476822293,119.0782403588,4.54208113397768
612.740114411956,191.104110246704,3.99770134553824
259.668060451452,224.077336064869,3.97742958845294
565.43597869401,432.996201522062,3.73167436956673
297.560396860098,135.661453539284,3.91583505503322
521.141541896291,455.906894310311,3.65316456759837
51.268849045998,422.601339940629,4.11459428703634
193.238920112817,288.984449180161,3.67054310787436
553.126347432343,262.35985148014,3.68537672742147
168.26221876476,30.9538115852663,4.38121622987411
499.311060891542,339.415329765811,4.43072860545361
42.1395239343115,46.0736191592152,3.39328621273929
520.420183889797,151.675861222919,4.75576343842357
NA,NA,NA
663.065706176056,331.628101044104,3.36902960435093
457.57863909348,297.991416444474,3.64231432221683
12.7919331245505,495.419936278084,3.79359535387228
562.233263578432,54.8742309795654,4.11715549678399
74.4710746259173,374.312851628876,4.03277498421428
231.69049117218,412.647448872144,3.84352155926156
426.903800467914,13.4653356175964,3.2863401379444
362.231872227924,293.952406955589,3.11554672609215
602.219043613088,107.934829933354,4.10519529889797
393.242147680781,232.883008950862,4.23762180002388
574.278899840179,414.070250264064,4.75090119713718
144.482674017541,278.889107548758,4.60577563286094
195.660091694208,366.276939766881,4.11371967802251
130.238577080403,409.994116225764,3.54269823240062
627.524426306136,314.301421560336,4.59627458349286
0.18002738080886,142.944171207729,4.23355179365886
542.162165341208,202.593201222486,4.27274655472525
34.8574144492825,490.736920504663,3.09504439079623
285.418916969966,24.9646057644287,3.75078705926717
534.189614134876,391.624697030903,3.44771961780422
70.1527730582303,72.8392202822377,5.13157188212535
2.54162568950303,77.053527546163,3.58174646490197
589.332990814859,230.946511859206,4.09916613741889
439.818604673972,458.64959507374,4.71457845516463
659.315134075861,375.264732532173,3.20217173703176
105.366511654018,490.822220876916,4.32458992618777
625.061038106492,88.1127619394488,4.10463614852576
416.797082652713,256.865586204313,3.64737175495472
12.3620327807003,181.495150430235,3.1312382988097
69.81476822293,119.0782403588,4.54208113397768
612.740114411956,191.104110246704,3.99770134553824
259.668060451452,224.077336064869,3.97742958845294
565.43597869401,432.996201522062,3.73167436956673
297.560396860098,135.661453539284,3.91583505503322
521.141541896291,455.906894310311,3.65316456759837
51.268849045998,422.601339940629,4.11459428703634
193.238920112817,288.984449180161,3.67054310787436
553.126347432343,262.35985148014,3.68537672742147
168.26221876476,30.9538115852663,4.38121622987411
499.311060891542,339.415329765811,4.43072860545361
42.1395239343115,46.0736191592152,3.39328621273929
520.420183889797,151.675861222919,4.75576343842357
NA,NA,NA
663.065706176056,331.628101044104,3.36902960435093
457.57863909348,297.991416444474,3.64231432221683
12.7919331245505,495.419936278084,3.79359535387228
562.233263578432,54.8742309795654,4.11715549678399
74.4710746259173,374.312851628876,4.03277498421428
231.69049117218,412.647448872144,3.84352155926156
426.903800467914,13.4653356175964,3.2863401379444
362.231872227924,293.952406955589,3.11554672609215
602.219043613088,107.934829933354,4.10519529889797
393.242147680781,232.883008950862,4.23762180002388
574.278899840179,414.070250264064,4.75090119713718
144.482674017541,278.889107548758,4.60577563286094
195.660091694208,366.276939766881,4.11371967802251
130.238577080403,409.994116225764,3.54269823240062
627.524426306136,314.301421560336,4.59627458349286
0.18002738080886,142.944171207729,4.23355179365886
542.162165341208,202.593201222486,4.27274655472525
34.8574144492825,490.736920504663,3.09504439079623
285.418916969966,24.9646057644287,3.75078705926717
534.189614134876,391.624697030903,3.44771961780422
70.1527730582303,72.8392202822377,5.13157188212535
2.54162568950303,77.053527546163,3.58174646490197
589.332990814859,230.946511859206,4.09916613741889
439.818604673972,458.64959507374,4.71457845516463
659.315134075861,375.264732532173,3.20217173703176
105.366511654018,490.822220876916,4.32458992618777
625.061038106492,88.1127619394488,4.10463614852576
416.797082652713,256.865586204313,3.64737175495472
12.3620327807003,181.495150430235,3.1312382988097
69.81476822293,119.0782403588,4.54208113397768
612.740114411956,191.104110246704,3.99770134553824
259.668060451452,224.077336064869,3.97742958845294
565.43597869401,432.996201522062,3.73167436956673
297.560396860098,135.661453539284,3.91583505503322
521.141541896291,455.906894310311,3.65316456759837
51.268849045998,422.601339940629,4.11459428703634
193.238920112817,288.984449180161,3.67054310787436
553.126347432343,262.35985148014,3.68537672742147
168.26221876476,30.9538115852663,4.38121622987411
499.311060891542,339.415329765811,4.43072860545361
42.1395239343115,46.0736191592152,3.39328621273929
520.420183889797,151.675861222919,4.75576343842357
NA,NA,NA
663.065706176056,331.628101044104,3.36902960435093
457.57863909348,297.991416444474,3.64231432221683
12.7919331245505,495.419936278084,3.79359535387228
562.233263578432,54.8742309795654,4.11715549678399
74.4710746259173,374.312851628876,4.03277498421428
231.69049117218,412.647448872144,3.84352155926156
426.903800467914,13.4653356175964,3.2863401379444
362.231872227924,293.952406955589,3.11554672609215
602.219043613088,107.934829933354,4.10519529889797
393.242147680781,232.883008950862,4.23762180002388
574.278899840179,414.070250264064,4.75090119713718
144.482674017541,278.889107548758,4.60577563286094
195.660091694208,366.276939766881,4.11371967802251
130.238577080403,409.994116225764,3.54269823240062
627.524426306136,314.301421560336,4.59627458349286
0.18002738080886,142.944171207729,4.23355179365886
542.162165341208,202.593201222486,4.27274655472525
34.8574144492825,490.736920504663,3.09504439079623
285.418916969966,24.9646057644287,3.75078705926717
534.189614134876,391.624697030903,3.44771961780422
70.1527730582303,72.8392202822377,5.13157188212535
2.54162568950303,77.053527546163,3.58174646490197
589.332990814859,230.946511859206,4.09916613741889
439.818604673972,458.64959507374,4.71457845516463
659.315134075861,375.264732532173,3.20217173703176
105.366511654018,490.822220876916,4.32458992618777
625.061038106492,88.1127619394488,4.10463614852576
416.797082652713,256.865586204313,3.64737175495472
12.3620327807003,181.495150430235,3.1312382988097
69.81476822293,119.0782403588,4.54208113397768
612.740114411956,191.104110246704,3.99770134553824
259.668060451452,224.077336064869,3.97742958845294
565.43597869401,432.996201522062,3.73167436956673
297.560396860098,135.661453539284,3.91583505503322
521.141541896291,455.906894310311,3.65316456759837
51.268849045998,422.601339940629,4.11459428703634
193.238920112817,288.984449180161,3.67054310787436
553.126347432343,262.35985148014,3.68537672742147
168.26221876476,30.9538115852663,4.38121622987411
499.311060891542,339.415329765811,4.43072860545361
42.1395239343115,46.0736191592152,3.39328621273929
520.420183889797,151.675861222919,4.75576343842357
NA,NA,NA
663.065706176056,331.628101044104,3.36902960435093
457.57863909348,297.991416444474,3.64231432221683
12.7919331245505,495.419936278084,3.79359535387228
562.233263578432,54.8742309795654,4.11715549678399
74.4710746259173,374.312851628876,4.03277498421428
231.69049117218,412.647448872144,3.84352155926156
426.903800467914,13.4653356175964,3.2863401379444
362.231872227924,293.952406955589,3.11554672609215
602.219043613088,107.934829933354,4.10519529889797
393.242147680781,232.883008950862,4.23762180002388
574.278899840179,414.070250264064,4.75090119713718
144.482674017541,278.889107548758,4.60577563286094
195.660091694208,366.276939766881,4.11371967802251
130.238577080403,409.994116225764,3.54269823240062
627.524426306136,314.301421560336,4.59627458349286
0.18002738080886,142.944171207729,4.23355179365886
542.162165341208,202.593201222486,4.27274655472525
34.8574144492825,490.736920504663,3.09504439079623
285.418916969966,24.9646057644287,3.75078705926717
534.189614134876,391.624697030903,3.44771961780422
70.1527730582303,72.8392202822377,5.13157188212535
2.54162568950303,77.053527546163,3.58174646490197
589.332990814859,230.946511859206,4.09916613741889
439.818604673972,458.64959507374,4.71457845516463
659.315134075861,375.264732532173,3.20217173703176
105.366511654018,490.822220876916,4.32458992618777
625.061038106492,88.1127619394488,4.10463614852576
416.797082652713,256.865586204313,3.64737175495472
12.3620327807003,181.495150430235,3.1312382988097
69.81476822293,119.0782403588,4.54208113397768
612.740114411956,191.104110246704,3.99770134553824
259.668060451452,224.077336064869,3.97742958845294
565.43597869401,432.996201522062,3.73167436956673
297.560396860098,135.661453539284,3.91583505503322
521.141541896291,455.906894310311,3.65316456759837
51.268849045998,422.601339940629,4.11459428703634
193.238920112817,288.984449180161,3.67054310787436
553.126347432343,262.35985148014,3.68537672742147
168.26221876476,30.9538115852663,4.38121622987411
499.311060891542,339.415329765811,4.43072860545361
42.1395239343115,46.0736191592152,3.39328621273929
520.420183889797,151.675861222919,4.75576343842357
NA,NA,NA
659.943950422657,330.981250373134,3.42293173742462
457.84000554303,298.09719283467,3.51830509040016
11.4237458013373,495.461126970664,3.71239129678734
558.163377270496,49.5275184146146,4.06094962314236
71.3216904123782,379.946444257298,4.05663907259236
228.008684438391,416.503285320143,3.85494938544116
426.591493938393,13.0133822580957,3.29359491691313
364.94985430271,293.498683249106,3.08110979445549
603.608929180517,104.583675608315,4.14716449450728
390.756228745667,225.775976622375,4.03410519660909
565.082046893376,411.594555928826,4.73163463631263
145.811143957494,285.546634076824,4.51218799185686
199.081345481349,368.064671170209,4.02972912957897
125.553805620207,409.479351081578,3.28590207148187
626.477397813379,314.711838381647,4.47520946272111
-0.65427610184347,149.708606012327,4.20025311390487
540.14770788859,205.317289706936,4.08686662162574
34.1586118957884,491.348536317746,3.06334893312816
282.051453911104,26.9953121128096,3.79693922800418
535.457001406021,392.911207637965,3.43886986285922
80.7420929449728,69.3538502315103,5.19481344692965
3.64138737096143,75.6547269087816,3.40189795297948
587.873677567835,231.416571644705,3.98370605222445
444.501059398202,460.401394183827,4.82129031408406
658.012153703459,375.375595997298,3.22625825586846
105.05525833046,486.788996801148,4.33843548768427
623.549948519699,90.2112546107404,4.06163947939729
418.819601963199,258.015462605817,3.71811293438635
11.4485088580093,181.287592329442,3.17237864237365
71.8042248767968,114.382775518098,4.34128968270903
618.890418216277,210.259776906389,4.30869455452439
257.110162599503,219.728710112641,4.14058648095602
573.365070546641,432.272257663854,3.99563437598098
298.146098092792,138.725167943683,3.83748640348655
536.193071618402,460.216961762483,3.59705107862938
47.4104825953065,412.862358890742,3.57306862620812
192.066127516197,293.042039034917,3.90136194067644
564.846065455958,267.383146580889,3.78522860699049
161.654330031783,32.1905538751879,4.20012572201327
502.701792556839,344.762749037857,4.68664972951769
38.9696124323198,50.7003502269637,3.83744246603514
529.690877532438,153.719039672288,4.93849629767544
NA,NA,NA
659.943950422657,330.981250373134,3.42293173742462
457.84000554303,298.09719283467,3.51830509040016
11.4237458013373,495.461126970664,3.71239129678734
558.163377270496,49.5275184146146,4.06094962314236
71.3216904123782,379.946444257298,4.05663907259236
228.008684438391,416.503285320143,3.85494938544116
426.591493938393,13.0133822580957,3.29359491691313
364.94985430271,293.498683249106,3.08110979445549
603.608929180517,104.583675608315,4.14716449450728
390.756228745667,225.775976622375,4.03410519660909
565.082046893376,411.594555928826,4.73163463631263
145.811143957494,285.546634076824,4.51218799185686
199.081345481349,368.064671170209,4.02972912957897
125.553805620207,409.479351081578,3.28590207148187
626.477397813379,314.711838381647,4.47520946272111
-0.65427610184347,149.708606012327,4.20025311390487
540.14770788859,205.317289706936,4.08686662162574
34.1586118957884,491.348536317746,3.06334893312816
282.051453911104,26.9953121128096,3.79693922800418
535.457001406021,392.911207637965,3.43886986285922
80.7420929449728,69.3538502315103,5.19481344692965
3.64138737096143,75.6547269087816,3.40189795297948
587.873677567835,231.416571644705,3.98370605222445
444.501059398202,460.401394183827,4.82129031408406
658.012153703459,375.375595997298,3.22625825586846
105.05525833046,486.788996801148,4.33843548768427
623.549948519699,90.2112546107404,4.06163947939729
418.819601963199,258.015462605817,3.71811293438635
11.4485088580093,181.287592329442,3.17237864237365
71.8042248767968,114.382775518098,4.34128968270903
618.890418216277,210.259776906389,4.30869455452439
257.110162599503,219.728710112641,4.14058648095602
573.365070546641,432.272257663854,3.99563437598098
298.146098092792,138.725167943683,3.83748640348655
536.193071618402,460.216961762483,3.59705107862938
47.4104825953065,412.862358890742,3.57306862620812
192.066127516197,293.042039034917,3.90136194067644
564.846065455958,267.383146580889,3.78522860699049
161.654330031783,32.1905538751879,4.20012572201327
502.701792556839,344.762749037857,4.68664972951769
38.9696124323198,50.7003502269637,3.83744246603514
529.690877532438,153.719039672288,4.93849629767544
NA,NA,NA
659.943950422657,330.981250373134,3.42293173742462
457.84000554303,298.09719283467,3.51830509040016
11.4237458013373,495.461126970664,3.71239129678734
558.163377270496,49.5275184146146,4.06094962314236
71.3216904123782,379.946444257298,4.05663907259236
228.008684438391,416.503285320143,3.85494938544116
426.591493938393,13.0133822580957,3.29359491691313
364.94985430271,293.498683249106,3.08110979445549
603.608929180517,104.583675608315,4.14716449450728
390.756228745667,225.775976622375,4.03410519660909
565.082046893376,411.594555928826,4.73163463631263
145.811143957494,285.546634076824,4.51218799185686
199.081345481349,368.064671170209,4.02972912957897
125.553805620207,409.479351081578,3.28590207148187
626.477397813379,314.711838381647,4.47520946272111
-0.65427610184347,149.708606012327,4.20025311390487
540.14770788859,205.317289706936,4.08686662162574
34.1586118957884,491.348536317746,3.06334893312816
282.051453911104,26.9953121128096,3.79693922800418
535.457001406021,392.911207637965,3.43886986285922
80.7420929449728,69.3538502315103,5.19481344692965
3.64138737096143,75.6547269087816,3.40189795297948
587.873677567835,231.416571644705,3.98370605222445
444.501059398202,460.401394183827,4.82129031408406
658.012153703459,375.375595997298,3.22625825586846
105.05525833046,486.788996801148,4.33843548768427
623.549948519699,90.2112546107404,4.06163947939729
418.819601963199,258.015462605817,3.71811293438635
11.4485088580093,181.287592329442,3.17237864237365
71.8042248767968,114.382775518098,4.34128968270903
618.890418216277,210.259776906389,4.30869455452439
257.110162599503,219.728710112641,4.14058648095602
573.365070546641,432.272257663854,3.99563437598098
298.146098092792,138.725167943683,3.83748640348655
536.193071618402,460.216961762483,3.59705107862938
47.4104825953065,412.862358890742,3.57306862620812
192.066127516197,293.042039034917,3.90136194067644
564.846065455958,267.383146580889,3.78522860699049
161.654330031783,32.1905538751879,4.20012572201327
502.701792556839,344.762749037857,4.68664972951769
38.9696124323198,50.7003502269637,3.83744246603514
529.690877532438,153.719039672288,4.93849629767544
NA,NA,NA
659.943950422657,330.981250373134,3.42293173742462
457.84000554303,298.09719283467,3.51830509040016
11.4237458013373,495.461126970664,3.71239129678734
558.163377270496,49.5275184146146,4.06094962314236
71.3216904123782,379.946444257298,4.05663907259236
228.008684438391,416.503285320143,3.85494938544116
426.591493938393,13.0133822580957,3.29359491691313
364.94985430271,293.498683249106,3.08110979445549
603.608929180517,104.583675608315,4.14716449450728
390.756228745667,225.775976622375,4.03410519660909
565.082046893376,411.594555928826,4.73163463631263
145.811143957494,285.546634076824,4.51218799185686
199.081345481349,368.064671170209,4.02972912957897
125.553805620207,409.479351081578,3.28590207148187
626.477397813379,314.711838381647,4.47520946272111
-0.65427610184347,149.708606012327,4.20025311390487
540.14770788859,205.317289706936,4.08686662162574
34.1586118957884,491.348536317746,3.06334893312816
282.051453911104,26.9953121128096,3.79693922800418
535.457001406021,392.911207637965,3.43886986285922
80.7420929449728,69.3538502315103,5.19481344692965
3.64138737096143,75.6547269087816,3.40189795297948
587.873677567835,231.416571644705,3.98370605222445
444.501059398202,460.401394183827,4.82129031408406
658.012153703459,375.375595997298,3.22625825586846
105.05525833046,486.788996801148,4.33843548768427
623.549948519699,90.2112546107404,4.06163947939729
418.819601963199,258.015462605817,3.71811293438635
11.4485088580093,181.287592329442,3.17237864237365
71.8042248767968,114.382775518098,4.34128968270903
618.890418216277,210.259776906389,4.30869455452439
257.110162599503,219.728710112641,4.14058648095602
573.365070546641,432.272257663854,3.99563437598098
298.146098092792,138.725167943683,3.83748640348655
536.193071618402,460.216961762483,3.59705107862938
47.4104825953065,412.862358890742,3.57306862620812
192.066127516197,293.042039034917,3.90136194067644
564.846065455958,267.383146580889,3.78522860699049
161.654330031783,32.1905538751879,4.20012572201327
502.701792556839,344.762749037857,4.68664972951769
38.9696124323198,50.7003502269637,3.83744246603514
529.690877532438,153.719039672288,4.93849629767544
NA,NA,NA
659.943950422657,330.981250373134,3.42293173742462
457.84000554303,298.09719283467,3.51830509040016
11.4237458013373,495.461126970664,3.71239129678734
558.163377270496,49.5275184146146,4.06094962314236
71.3216904123782,379.946444257298,4.05663907259236
228.008684438391,416.503285320143,3.85494938544116
426.591493938393,13.0133822580957,3.29359491691313
364.94985430271,293.498683249106,3.08110979445549
603.608929180517,104.583675608315,4.14716449450728
390.756228745667,225.775976622375,4.03410519660909
565.082046893376,411.594555928826,4.73163463631263
145.811143957494,285.546634076824,4.51218799185686
199.081345481349,368.064671170209,4.02972912957897
125.553805620207,409.479351081578,3.28590207148187
626.477397813379,314.711838381647,4.47520946272111
-0.65427610184347,149.708606012327,4.20025311390487
540.14770788859,205.317289706936,4.08686662162574
34.1586118957884,491.348536317746,3.06334893312816
282.051453911104,26.9953121128096,3.79693922800418
535.457001406021,392.911207637965,3.43886986285922
80.7420929449728,69.3538502315103,5.19481344692965
3.64138737096143,75.6547269087816,3.40189795297948
587.873677567835,231.416571644705,3.98370605222445
444.501059398202,460.401394183827,4.82129031408406
658.012153703459,375.375595997298,3.22625825586846
105.05525833046,486.788996801148,4.33843548768427
623.549948519699,90.2112546107404,4.06163947939729
418.819601963199,258.015462605817,3.71811293438635
11.4485088580093,181.287592329442,3.17237864237365
71.8042248767968,114.382775518098,4.34128968270903
618.890418216277,210.259776906389,4.30869455452439
257.110162599503,219.728710112641,4.14058648095602
573.365070546641,432.272257663854,3.99563437598098
298.146098092792,138.725167943683,3.83748640348655
536.193071618402,460.216961762483,3.59705107862938
47.4104825953065,412.862358890742,3.57306862620812
192.066127516197,293.042039034917,3.90136194067644
564.846065455958,267.383146580889,3.78522860699049
161.654330031783,32.1905538751879,4.20012572201327
502.701792556839,344.762749037857,4.68664972951769
38.9696124323198,50.7003502269637,3.83744246603514
529.690877532438,153.719039672288,4.93849629767544
NA,NA,NA
659.943950422657,330.981250373134,3.42293173742462
457.84000554303,298.09719283467,3.51830509040016
11.4237458013373,495.461126970664,3.71239129678734
558.163377270496,49.5275184146146,4.06094962314236
71.3216904123782,379.946444257298,4.05663907259236
228.008684438391,416.503285320143,3.85494938544116
426.591493938393,13.0133822580957,3.29359491691313
364.94985430271,293.498683249106,3.08110979445549
603.608929180517,104.583675608315,4.14716449450728
390.756228745667,225.775976622375,4.03410519660909
565.082046893376,411.594555928826,4.73163463631263
145.811143957494,285.546634076824,4.51218799185686
199.081345481349,368.064671170209,4.02972912957897
125.553805620207,409.479351081578,3.28590207148187
626.477397813379,314.711838381647,4.47520946272111
-0.65427610184347,149.708606012327,4.20025311390487
540.14770788859,205.317289706936,4.08686662162574
34.1586118957884,491.348536317746,3.06334893312816
282.051453911104,26.9953121128096,3.79693922800418
535.457001406021,392.911207637965,3.43886986285922
80.7420929449728,69.3538502315103,5.19481344692965
3.64138737096143,75.6547269087816,3.40189795297948
587.873677567835,231.416571644705,3.98370605222445
444.501059398202,460.401394183827,4.82129031408406
658.012153703459,375.375595997298,3.22625825586846
105.05525833046,486.788996801148,4.33843548768427
623.549948519699,90.2112546107404,4.06163947939729
418.819601963199,258.015462605817,3.71811293438635
11.4485088580093,181.287592329442,3.17237864237365
71.8042248767968,114.382775518098,4.34128968270903
618.890418216277,210.259776906389,4.30869455452439
257.110162599503,219.728710112641,4.14058648095602
573.365070546641,432.272257663854,3.99563437598098
298.146098092792,138.725167943683,3.83748640348655
536.193071618402,460.216961762483,3.59705107862938
47.4104825953065,412.862358890742,3.57306862620812
192.066127516197,293.042039034917,3.90136194067644
564.846065455958,267.383146580889,3.78522860699049
161.654330031783,32.1905538751879,4.20012572201327
502.701792556839,344.762749037857,4.68664972951769
38.9696124323198,50.7003502269637,3.83744246603514
529.690877532438,153.719039672288,4.93849629767544
NA,NA,NA
661.758467230076,331.771582832471,3.38244330460664
456.086868139936,296.698681460994,3.63536964505332
9.30098583761631,493.352904701702,3.60611915228203
563.743157329608,50.6357207236985,4.34246189368174
69.7597297164517,380.140385000399,3.91686580652625
224.220771702624,413.0247356339,3.88265646591646
426.632778795761,11.2694876179552,3.30928387938276
362.433561733642,291.901636098427,3.10380234521762
600.643533383056,103.834601983849,4.35969386008086
395.188627887243,233.554532844167,4.21539371751847
558.369130369468,405.922996342294,4.67642507492971
141.830031625387,284.938296970775,4.51930510646369
197.912935334681,369.923055296737,3.97648826518383
124.193363955273,411.713384995056,3.5203535056577
638.482078652344,315.865393798199,4.59547617726713
-2.11127622995237,151.668457920238,4.28566470520386
540.825440405681,200.562789808016,4.1807349337475
33.6584525025592,492.981900113829,2.9497983796317
279.488472537491,26.9514361378762,3.84575905231072
531.364929340565,393.806594748812,3.33136049398996
75.7411582655584,76.0979767517797,5.21482835227885
3.66070597777777,75.9599262017834,3.6597607279913
583.8642207038,226.555629585836,4.02621732442592
438.343743945388,462.790897366554,4.80281519138243
656.610424224971,373.305959333271,2.94187696366745
105.671134892079,487.294861981904,4.31111390987556
627.339894738572,90.6697124360771,4.04204152368646
419.652314905817,260.874015840431,3.71108837597612
10.8085169284716,183.260083312915,3.21035526424768
74.3454944228869,122.834702392932,4.78132471761377
598.213452603226,208.067102435818,4.30749421077734
271.881553646744,221.477006718528,3.64344921606917
570.672130706902,433.195079241017,3.92106284878027
298.527864696163,138.241735475129,3.92706273246845
523.843857833807,460.61167827878,3.55134161220539
53.162558907882,406.139063276703,3.82198477831921
203.956052499018,287.808291881422,3.70239941995785
551.051405237649,255.921248946206,3.57295951803402
180.659786262557,40.500253045718,3.97316729166958
511.697216533601,342.389631463225,4.51582878107712
39.804842451106,49.702069824795,3.5267721929168
527.454132131224,141.794876154277,5.02675115283653
NA,NA,NA
661.758467230076,331.771582832471,3.38244330460664
456.086868139936,296.698681460994,3.63536964505332
9.30098583761631,493.352904701702,3.60611915228203
563.743157329608,50.6357207236985,4.34246189368174
69.7597297164517,380.140385000399,3.91686580652625
224.220771702624,413.0247356339,3.88265646591646
426.632778795761,11.2694876179552,3.30928387938276
362.433561733642,291.901636098427,3.10380234521762
600.643533383056,103.834601983849,4.35969386008086
395.188627887243,233.554532844167,4.21539371751847
558.369130369468,405.922996342294,4.67642507492971
141.830031625387,284.938296970775,4.51930510646369
197.912935334681,369.923055296737,3.97648826518383
124.193363955273,411.713384995056,3.5203535056577
638.482078652344,315.865393798199,4.59547617726713
-2.11127622995237,151.668457920238,4.28566470520386
540.825440405681,200.562789808016,4.1807349337475
33.6584525025592,492.981900113829,2.9497983796317
279.488472537491,26.9514361378762,3.84575905231072
531.364929340565,393.806594748812,3.33136049398996
75.7411582655584,76.0979767517797,5.21482835227885
3.66070597777777,75.9599262017834,3.6597607279913
583.8642207038,226.555629585836,4.02621732442592
438.343743945388,462.790897366554,4.80281519138243
656.610424224971,373.305959333271,2.94187696366745
105.671134892079,487.294861981904,4.31111390987556
627.339894738572,90.6697124360771,4.04204152368646
419.652314905817,260.874015840431,3.71108837597612
10.8085169284716,183.260083312915,3.21035526424768
74.3454944228869,122.834702392932,4.78132471761377
598.213452603226,208.067102435818,4.30749421077734
271.881553646744,221.477006718528,3.64344921606917
570.672130706902,433.195079241017,3.92106284878027
298.527864696163,138.241735475129,3.92706273246845
523.843857833807,460.61167827878,3.55134161220539
53.162558907882,406.139063276703,3.82198477831921
203.956052499018,287.808291881422,3.70239941995785
551.051405237649,255.921248946206,3.57295951803402
180.659786262557,40.500253045718,3.97316729166958
511.697216533601,342.389631463225,4.51582878107712
39.804842451106,49.702069824795,3.5267721929168
527.454132131224,141.794876154277,5.02675115283653
NA,NA,NA
661.758467230076,331.771582832471,3.38244330460664
456.086868139936,296.698681460994,3.63536964505332
9.30098583761631,493.352904701702,3.60611915228203
563.743157329608,50.6357207236985,4.34246189368174
69.7597297164517,380.140385000399,3.91686580652625
224.220771702624,413.0247356339,3.88265646591646
426.632778795761,11.2694876179552,3.30928387938276
362.433561733642,291.901636098427,3.10380234521762
600.643533383056,103.834601983849,4.35969386008086
395.188627887243,233.554532844167,4.21539371751847
558.369130369468,405.922996342294,4.67642507492971
141.830031625387,284.938296970775,4.51930510646369
197.912935334681,369.923055296737,3.97648826518383
124.193363955273,411.713384995056,3.5203535056577
638.482078652344,315.865393798199,4.59547617726713
-2.11127622995237,151.668457920238,4.28566470520386
540.825440405681,200.562789808016,4.1807349337475
33.6584525025592,492.981900113829,2.9497983796317
279.488472537491,26.9514361378762,3.84575905231072
531.364929340565,393.806594748812,3.33136049398996
75.7411582655584,76.0979767517797,5.21482835227885
3.66070597777777,75.9599262017834,3.6597607279913
583.8642207038,226.555629585836,4.02621732442592
438.343743945388,462.790897366554,4.80281519138243
656.610424224971,373.305959333271,2.94187696366745
105.671134892079,487.294861981904,4.31111390987556
627.339894738572,90.6697124360771,4.04204152368646
419.652314905817,260.874015840431,3.71108837597612
10.8085169284716,183.260083312915,3.21035526424768
74.3454944228869,122.834702392932,4.78132471761377
598.213452603226,208.067102435818,4.30749421077734
271.881553646744,221.477006718528,3.64344921606917
570.672130706902,433.195079241017,3.92106284878027
298.527864696163,138.241735475129,3.92706273246845
523.843857833807,460.61167827878,3.55134161220539
53.162558907882,406.139063276703,3.82198477831921
203.956052499018,287.808291881422,3.70239941995785
551.051405237649,255.921248946206,3.57295951803402
180.659786262557,40.500253045718,3.97316729166958
511.697216533601,342.389631463225,4.51582878107712
39.804842451106,49.702069824795,3.5267721929168
527.454132131224,141.794876154277,5.02675115283653
NA,NA,NA
661.758467230076,331.771582832471,3.38244330460664
456.086868139936,296.698681460994,3.63536964505332
9.30098583761631,493.352904701702,3.60611915228203
563.743157329608,50.6357207236985,4.34246189368174
69.7597297164517,380.140385000399,3.91686580652625
224.220771702624,413.0247356339,3.88265646591646
426.632778795761,11.2694876179552,3.30928387938276
362.433561733642,291.901636098427,3.10380234521762
600.643533383056,103.834601983849,4.35969386008086
395.188627887243,233.554532844167,4.21539371751847
558.369130369468,405.922996342294,4.67642507492971
141.830031625387,284.938296970775,4.51930510646369
197.912935334681,369.923055296737,3.97648826518383
124.193363955273,411.713384995056,3.5203535056577
638.482078652344,315.865393798199,4.59547617726713
-2.11127622995237,151.668457920238,4.28566470520386
540.825440405681,200.562789808016,4.1807349337475
33.6584525025592,492.981900113829,2.9497983796317
279.488472537491,26.9514361378762,3.84575905231072
531.364929340565,393.806594748812,3.33136049398996
75.7411582655584,76.0979767517797,5.21482835227885
3.66070597777777,75.9599262017834,3.6597607279913
583.8642207038,226.555629585836,4.02621732442592
438.343743945388,462.790897366554,4.80281519138243
656.610424224971,373.305959333271,2.94187696366745
105.671134892079,487.294861981904,4.31111390987556
627.339894738572,90.6697124360771,4.04204152368646
419.652314905817,260.874015840431,3.71108837597612
10.8085169284716,183.260083312915,3.21035526424768
74.3454944228869,122.834702392932,4.78132471761377
598.213452603226,208.067102435818,4.30749421077734
271.881553646744,221.477006718528,3.64344921606917
570.672130706902,433.195079241017,3.92106284878027
298.527864696163,138.241735475129,3.92706273246845
523.843857833807,460.61167827878,3.55134161220539
53.162558907882,406.139063276703,3.82198477831921
203.956052499018,287.808291881422,3.70239941995785
551.051405237649,255.921248946206,3.57295951803402
180.659786262557,40.500253045718,3.97316729166958
511.697216533601,342.389631463225,4.51582878107712
39.804842451106,49.702069824795,3.5267721929168
527.454132131224,141.794876154277,5.02675115283653
NA,NA,NA
661.758467230076,331.771582832471,3.38244330460664
456.086868139936,296.698681460994,3.63536964505332
9.30098583761631,493.352904701702,3.60611915228203
563.743157329608,50.6357207236985,4.34246189368174
69.7597297164517,380.140385000399,3.91686580652625
224.220771702624,413.0247356339,3.88265646591646
426.632778795761,11.2694876179552,3.30928387938276
362.433561733642,291.901636098427,3.10380234521762
600.643533383056,103.834601983849,4.35969386008086
395.188627887243,233.554532844167,4.21539371751847
558.369130369468,405.922996342294,4.67642507492971
141.830031625387,284.938296970775,4.51930510646369
197.912935334681,369.923055296737,3.97648826518383
124.193363955273,411.713384995056,3.5203535056577
638.482078652344,315.865393798199,4.59547617726713
-2.11127622995237,151.668457920238,4.28566470520386
540.825440405681,200.562789808016,4.1807349337475
33.6584525025592,492.981900113829,2.9497983796317
279.488472537491,26.9514361378762,3.84575905231072
531.364929340565,393.806594748812,3.33136049398996
75.7411582655584,76.0979767517797,5.21482835227885
3.66070597777777,75.9599262017834,3.6597607279913
583.8642207038,226.555629585836,4.02621732442592
438.343743945388,462.790897366554,4.80281519138243
656.610424224971,373.305959333271,2.94187696366745
105.671134892079,487.294861981904,4.31111390987556
627.339894738572,90.6697124360771,4.04204152368646
419.652314905817,260.874015840431,3.71108837597612
10.8085169284716,183.260083312915,3.21035526424768
74.3454944228869,122.834702392932,4.78132471761377
598.213452603226,208.067102435818,4.30749421077734
271.881553646744,221.477006718528,3.64344921606917
570.672130706902,433.195079241017,3.92106284878027
298.527864696163,138.241735475129,3.92706273246845
523.843857833807,460.61167827878,3.55134161220539
53.162558907882,406.139063276703,3.82198477831921
203.956052499018,287.808291881422,3.70239941995785
551.051405237649,255.921248946206,3.57295951803402
180.659786262557,40.500253045718,3.97316729166958
511.697216533601,342.389631463225,4.51582878107712
39.804842451106,49.702069824795,3.5267721929168
527.454132131224,141.794876154277,5.02675115283653
NA,NA,NA
661.758467230076,331.771582832471,3.38244330460664
456.086868139936,296.698681460994,3.63536964505332
9.30098583761631,493.352904701702,3.60611915228203
563.743157329608,50.6357207236985,4.34246189368174
69.7597297164517,380.140385000399,3.91686580652625
224.220771702624,413.0247356339,3.88265646591646
426.632778795761,11.2694876179552,3.30928387938276
362.433561733642,291.901636098427,3.10380234521762
600.643533383056,103.834601983849,4.35969386008086
395.188627887243,233.554532844167,4.21539371751847
558.369130369468,405.922996342294,4.67642507492971
141.830031625387,284.938296970775,4.51930510646369
197.912935334681,369.923055296737,3.97648826518383
124.193363955273,411.713384995056,3.5203535056577
638.482078652344,315.865393798199,4.59547617726713
-2.11127622995237,151.668457920238,4.28566470520386
540.825440405681,200.562789808016,4.1807349337475
33.6584525025592,492.981900113829,2.9497983796317
279.488472537491,26.9514361378762,3.84575905231072
531.364929340565,393.806594748812,3.33136049398996
75.7411582655584,76.0979767517797,5.21482835227885
3.66070597777777,75.9599262017834,3.6597607279913
583.8642207038,226.555629585836,4.02621732442592
438.343743945388,462.790897366554,4.80281519138243
656.610424224971,373.305959333271,2.94187696366745
105.671134892079,487.294861981904,4.31111390987556
627.339894738572,90.6697124360771,4.04204152368646
419.652314905817,260.874015840431,3.71108837597612
10.8085169284716,183.260083312915,3.21035526424768
74.3454944228869,122.834702392932,4.78132471761377
598.213452603226,208.067102435818,4.30749421077734
271.881553646744,221.477006718528,3.64344921606917
570.672130706902,433.195079241017,3.92106284878027
298.527864696163,138.241735475129,3.92706273246845
523.843857833807,460.61167827878,3.55134161220539
53.162558907882,406.139063276703,3.82198477831921
203.956052499018,287.808291881422,3.70239941995785
551.051405237649,255.921248946206,3.57295951803402
180.659786262557,40.500253045718,3.97316729166958
511.697216533601,342.389631463225,4.51582878107712
39.804842451106,49.702069824795,3.5267721929168
527.454132131224,141.794876154277,5.02675115283653
NA,NA,NA
659.962951766188,336.1724699365,3.58570196638571
457.530668191298,299.44393462453,3.6796640088688
14.8782898064559,498.872223265659,3.53350950337384
567.399254454405,56.0358830852217,4.09308911312839
72.8642266868682,375.043391084466,3.91095246067606
222.444794481637,412.331599923176,3.92294956447654
424.216763086297,15.2056740118373,3.12130377169041
363.157515455148,291.593389505247,2.99034125779187
603.61925148156,107.079067008552,4.09916521340047
387.303714737966,226.301389183045,4.13856865204278
562.698624579042,409.410314471205,4.76745317491039
141.342398903038,279.799383610095,4.42837959258575
203.512846691741,370.224385540712,4.02961781438253
126.050040741019,412.649201434547,3.50469959559076
626.195169937824,315.992174287045,4.55653539283585
5.03653014564148,144.125738155942,4.29231471188863
542.220774399004,198.174548097031,4.02434257993399
33.1999786122909,490.430171840964,3.16321728404288
279.024859423096,17.9497941531718,3.86886594759574
533.891968480619,394.993144934725,3.38998227691133
71.0850289020495,74.6758217211956,5.19781062819456
3.90463140641836,75.5815701446578,3.47895819775466
585.750969773169,229.916044472993,3.91940167388071
435.582031657559,464.725596886019,4.77493763278503
657.957348129355,372.697289669266,3.04189174246602
100.384835239412,482.274880698121,4.38243429389583
627.53813341823,86.9005462931207,4.04122286541287
421.046772619451,258.65157074896,3.56066236711063
11.6319970798846,182.754062163954,3.26204542196507
63.0885657431798,125.639923602093,4.36948837861739
608.838441066562,199.263406670516,4.44586990877753
247.137901251029,219.809731633686,3.64008080984374
571.349091152996,437.561369483729,3.80200473422861
303.073181861042,134.865543707419,3.82394119414536
536.096060213554,455.723298898996,3.72343848225801
50.5641474695619,412.059514767787,3.83480363015557
206.601907824552,287.340880809601,4.179251474819
553.738024312461,260.874093753388,3.5644290261405
163.095042648241,33.1486161249934,4.27696856723948
499.64371477849,338.143469382805,4.58388919065611
36.5035205366687,45.7180969776563,4.34568703085024
540.863165489401,156.028724803349,4.58503487413421
NA,NA,NA
659.962951766188,336.1724699365,3.58570196638571
457.530668191298,299.44393462453,3.6796640088688
14.8782898064559,498.872223265659,3.53350950337384
567.399254454405,56.0358830852217,4.09308911312839
72.8642266868682,375.043391084466,3.91095246067606
222.444794481637,412.331599923176,3.92294956447654
424.216763086297,15.2056740118373,3.12130377169041
363.157515455148,291.593389505247,2.99034125779187
603.61925148156,107.079067008552,4.09916521340047
387.303714737966,226.301389183045,4.13856865204278
562.698624579042,409.410314471205,4.76745317491039
141.342398903038,279.799383610095,4.42837959258575
203.512846691741,370.224385540712,4.02961781438253
126.050040741019,412.649201434547,3.50469959559076
626.195169937824,315.992174287045,4.55653539283585
5.03653014564148,144.125738155942,4.29231471188863
542.220774399004,198.174548097031,4.02434257993399
33.1999786122909,490.430171840964,3.16321728404288
279.024859423096,17.9497941531718,3.86886594759574
533.891968480619,394.993144934725,3.38998227691133
71.0850289020495,74.6758217211956,5.19781062819456
3.90463140641836,75.5815701446578,3.47895819775466
585.750969773169,229.916044472993,3.91940167388071
435.582031657559,464.725596886019,4.77493763278503
657.957348129355,372.697289669266,3.04189174246602
100.384835239412,482.274880698121,4.38243429389583
627.53813341823,86.9005462931207,4.04122286541287
421.046772619451,258.65157074896,3.56066236711063
11.6319970798846,182.754062163954,3.26204542196507
63.0885657431798,125.639923602093,4.36948837861739
608.838441066562,199.263406670516,4.44586990877753
247.137901251029,219.809731633686,3.64008080984374
571.349091152996,437.561369483729,3.80200473422861
303.073181861042,134.865543707419,3.82394119414536
536.096060213554,455.723298898996,3.72343848225801
50.5641474695619,412.059514767787,3.83480363015557
206.601907824552,287.340880809601,4.179251474819
553.738024312461,260.874093753388,3.5644290261405
163.095042648241,33.1486161249934,4.27696856723948
499.64371477849,338.143469382805,4.58388919065611
36.5035205366687,45.7180969776563,4.34568703085024
540.863165489401,156.028724803349,4.58503487413421
NA,NA,NA
659.962951766188,336.1724699365,3.58570196638571
457.530668191298,299.44393462453,3.6796640088688
14.8782898064559,498.872223265659,3.53350950337384
567.399254454405,56.0358830852217,4.09308911312839
72.8642266868682,375.043391084466,3.91095246067606
222.444794481637,412.331599923176,3.92294956447654
424.216763086297,15.2056740118373,3.12130377169041
363.157515455148,291.593389505247,2.99034125779187
603.61925148156,107.079067008552,4.09916521340047
387.303714737966,226.301389183045,4.13856865204278
562.698624579042,409.410314471205,4.76745317491039
141.342398903038,279.799383610095,4.42837959258575
203.512846691741,370.224385540712,4.02961781438253
126.050040741019,412.649201434547,3.50469959559076
626.195169937824,315.992174287045,4.55653539283585
5.03653014564148,144.125738155942,4.29231471188863
542.220774399004,198.174548097031,4.02434257993399
33.1999786122909,490.430171840964,3.16321728404288
279.024859423096,17.9497941531718,3.86886594759574
533.891968480619,394.993144934725,3.38998227691133
71.0850289020495,74.6758217211956,5.19781062819456
3.90463140641836,75.5815701446578,3.47895819775466
585.750969773169,229.916044472993,3.91940167388071
435.582031657559,464.725596886019,4.77493763278503
657.957348129355,372.697289669266,3.04189174246602
100.384835239412,482.274880698121,4.38243429389583
627.53813341823,86.9005462931207,4.04122286541287
421.046772619451,258.65157074896,3.56066236711063
11.6319970798846,182.754062163954,3.26204542196507
63.0885657431798,125.639923602093,4.36948837861739
608.838441066562,199.263406670516,4.44586990877753
247.137901251029,219.809731633686,3.64008080984374
571.349091152996,437.561369483729,3.80200473422861
303.073181861042,134.865543707419,3.82394119414536
536.096060213554,455.723298898996,3.72343848225801
50.5641474695619,412.059514767787,3.83480363015557
206.601907824552,287.340880809601,4.179251474819
553.738024312461,260.874093753388,3.5644290261405
163.095042648241,33.1486161249934,4.27696856723948
499.64371477849,338.143469382805,4.58388919065611
36.5035205366687,45.7180969776563,4.34568703085024
540.863165489401,156.028724803349,4.58503487413421
NA,NA,NA
659.962951766188,336.1724699365,3.58570196638571
457.530668191298,299.44393462453,3.6796640088688
14.8782898064559,498.872223265659,3.53350950337384
567.399254454405,56.0358830852217,4.09308911312839
72.8642266868682,375.043391084466,3.91095246067606
222.444794481637,412.331599923176,3.92294956447654
424.216763086297,15.2056740118373,3.12130377169041
363.157515455148,291.593389505247,2.99034125779187
603.61925148156,107.079067008552,4.09916521340047
387.303714737966,226.301389183045,4.13856865204278
562.698624579042,409.410314471205,4.76745317491039
141.342398903038,279.799383610095,4.42837959258575
203.512846691741,370.224385540712,4.02961781438253
126.050040741019,412.649201434547,3.50469959559076
626.195169937824,315.992174287045,4.55653539283585
5.03653014564148,144.125738155942,4.29231471188863
542.220774399004,198.174548097031,4.02434257993399
33.1999786122909,490.430171840964,3.16321728404288
279.024859423096,17.9497941531718,3.86886594759574
533.891968480619,394.993144934725,3.38998227691133
71.0850289020495,74.6758217211956,5.19781062819456
3.90463140641836,75.5815701446578,3.47895819775466
585.750969773169,229.916044472993,3.91940167388071
435.582031657559,464.725596886019,4.77493763278503
657.957348129355,372.697289669266,3.04189174246602
100.384835239412,482.274880698121,4.38243429389583
627.53813341823,86.9005462931207,4.04122286541287
421.046772619451,258.65157074896,3.56066236711063
11.6319970798846,182.754062163954,3.26204542196507
63.0885657431798,125.639923602093,4.36948837861739
608.838441066562,199.263406670516,4.44586990877753
247.137901251029,219.809731633686,3.64008080984374
571.349091152996,437.561369483729,3.80200473422861
303.073181861042,134.865543707419,3.82394119414536
536.096060213554,455.723298898996,3.72343848225801
50.5641474695619,412.059514767787,3.83480363015557
206.601907824552,287.340880809601,4.179251474819
553.738024312461,260.874093753388,3.5644290261405
163.095042648241,33.1486161249934,4.27696856723948
499.64371477849,338.143469382805,4.58388919065611
36.5035205366687,45.7180969776563,4.34568703085024
540.863165489401,156.028724803349,4.58503487413421
NA,NA,NA
659.962951766188,336.1724699365,3.58570196638571
457.530668191298,299.44393462453,3.6796640088688
14.8782898064559,498.872223265659,3.53350950337384
567.399254454405,56.0358830852217,4.09308911312839
72.8642266868682,375.043391084466,3.91095246067606
222.444794481637,412.331599923176,3.92294956447654
424.216763086297,15.2056740118373,3.12130377169041
363.157515455148,291.593389505247,2.99034125779187
603.61925148156,107.079067008552,4.09916521340047
387.303714737966,226.301389183045,4.13856865204278
562.698624579042,409.410314471205,4.76745317491039
141.342398903038,279.799383610095,4.42837959258575
203.512846691741,370.224385540712,4.02961781438253
126.050040741019,412.649201434547,3.50469959559076
626.195169937824,315.992174287045,4.55653539283585
5.03653014564148,144.125738155942,4.29231471188863
542.220774399004,198.174548097031,4.02434257993399
33.1999786122909,490.430171840964,3.16321728404288
279.024859423096,17.9497941531718,3.86886594759574
533.891968480619,394.993144934725,3.38998227691133
71.0850289020495,74.6758217211956,5.19781062819456
3.90463140641836,75.5815701446578,3.47895819775466
585.750969773169,229.916044472993,3.91940167388071
435.582031657559,464.725596886019,4.77493763278503
657.957348129355,372.697289669266,3.04189174246602
100.384835239412,482.274880698121,4.38243429389583
627.53813341823,86.9005462931207,4.04122286541287
421.046772619451,258.65157074896,3.56066236711063
11.6319970798846,182.754062163954,3.26204542196507
63.0885657431798,125.639923602093,4.36948837861739
608.838441066562,199.263406670516,4.44586990877753
247.137901251029,219.809731633686,3.64008080984374
571.349091152996,437.561369483729,3.80200473422861
303.073181861042,134.865543707419,3.82394119414536
536.096060213554,455.723298898996,3.72343848225801
50.5641474695619,412.059514767787,3.83480363015557
206.601907824552,287.340880809601,4.179251474819
553.738024312461,260.874093753388,3.5644290261405
163.095042648241,33.1486161249934,4.27696856723948
499.64371477849,338.143469382805,4.58388919065611
36.5035205366687,45.7180969776563,4.34568703085024
540.863165489401,156.028724803349,4.58503487413421
NA,NA,NA
659.962951766188,336.1724699365,3.58570196638571
457.530668191298,299.44393462453,3.6796640088688
14.8782898064559,498.872223265659,3.53350950337384
567.399254454405,56.0358830852217,4.09308911312839
72.8642266868682,375.043391084466,3.91095246067606
222.444794481637,412.331599923176,3.92294956447654
424.216763086297,15.2056740118373,3.12130377169041
363.157515455148,291.593389505247,2.99034125779187
603.61925148156,107.079067008552,4.09916521340047
387.303714737966,226.301389183045,4.13856865204278
562.698624579042,409.410314471205,4.76745317491039
141.342398903038,279.799383610095,4.42837959258575
203.512846691741,370.224385540712,4.02961781438253
126.050040741019,412.649201434547,3.50469959559076
626.195169937824,315.992174287045,4.55653539283585
5.03653014564148,144.125738155942,4.29231471188863
542.220774399004,198.174548097031,4.02434257993399
33.1999786122909,490.430171840964,3.16321728404288
279.024859423096,17.9497941531718,3.86886594759574
533.891968480619,394.993144934725,3.38998227691133
71.0850289020495,74.6758217211956,5.19781062819456
3.90463140641836,75.5815701446578,3.47895819775466
585.750969773169,229.916044472993,3.91940167388071
435.582031657559,464.725596886019,4.77493763278503
657.957348129355,372.697289669266,3.04189174246602
100.384835239412,482.274880698121,4.38243429389583
627.53813341823,86.9005462931207,4.04122286541287
421.046772619451,258.65157074896,3.56066236711063
11.6319970798846,182.754062163954,3.26204542196507
63.0885657431798,125.639923602093,4.36948837861739
608.838441066562,199.263406670516,4.44586990877753
247.137901251029,219.809731633686,3.64008080984374
571.349091152996,437.561369483729,3.80200473422861
303.073181861042,134.865543707419,3.82394119414536
536.096060213554,455.723298898996,3.72343848225801
50.5641474695619,412.059514767787,3.83480363015557
206.601907824552,287.340880809601,4.179251474819
553.738024312461,260.874093753388,3.5644290261405
163.095042648241,33.1486161249934,4.27696856723948
499.64371477849,338.143469382805,4.58388919065611
36.5035205366687,45.7180969776563,4.34568703085024
540.863165489401,156.028724803349,4.58503487413421
NA,NA,NA
663.980991064742,339.956358879731,3.58537031819365
457.896500771875,298.43873261846,3.83076530966039
10.1540242687794,493.605200698201,3.73008351688178
562.298029258774,51.3966536106079,4.1274328593231
70.0997955629816,376.597784585614,3.83744071296576
228.510541993936,418.256360882715,3.7840024247277
429.568392461869,12.8776598671591,3.4626373990409
361.232213334615,292.476030747098,3.13276618864684
610.955636841307,106.077118563314,4.28730740886383
394.760286724132,231.936231510324,4.24242755097249
568.086627146319,404.460310021416,4.6918709662664
138.678417903219,285.481256396827,4.60360062420347
203.902887256218,370.960343110924,3.88473021826017
126.25789580758,408.789950376816,3.32845060700352
622.437122351399,305.523465428297,4.56121639472374
-2.11476359292879,148.921426232006,4.18780067499053
543.184757827287,202.731396207956,4.30683490407321
34.0603822809055,491.63050404419,2.97022188384846
280.154520478538,21.7371807134734,3.93184075950515
534.158856790089,392.789378615046,3.34605281436597
66.4226104320838,78.9519725581584,5.18604789713817
4.86702023578824,76.7196915849747,3.44527994825898
588.748071636802,228.52238106533,3.98210954523479
442.811396565038,460.347333336417,4.81232772149251
657.942211850539,371.042749435838,2.89079636804901
103.826977315852,486.511878016833,4.41025264289451
621.808904070922,96.0972860751556,4.06059105995207
418.97980134689,259.960562147331,3.70788135230363
10.26490343718,183.757102590809,3.07680755159971
69.9089299626457,102.205930372853,4.62446066477577
604.774708955817,188.456338017298,4.33705148647635
252.283787266954,218.200520097837,3.86107498274849
576.857061829451,425.745083642425,3.85724025158291
297.599158058831,142.189375521079,3.92964802219153
528.812698470108,459.227802941169,3.50802648943525
36.4236342680473,426.103430991783,3.87250778083698
190.980606112768,282.51689548975,4.10507504762599
553.678533225395,265.374349376237,3.5840881851503
166.795307032225,6.84567060202559,4.30098326717462
514.295742067334,352.568986013332,4.58543790404577
35.8348502929645,49.8073461338613,3.9718223469471
529.729042828331,152.049103604209,4.48799260373904
NA,NA,NA
663.980991064742,339.956358879731,3.58537031819365
457.896500771875,298.43873261846,3.83076530966039
10.1540242687794,493.605200698201,3.73008351688178
562.298029258774,51.3966536106079,4.1274328593231
70.0997955629816,376.597784585614,3.83744071296576
228.510541993936,418.256360882715,3.7840024247277
429.568392461869,12.8776598671591,3.4626373990409
361.232213334615,292.476030747098,3.13276618864684
610.955636841307,106.077118563314,4.28730740886383
394.760286724132,231.936231510324,4.24242755097249
568.086627146319,404.460310021416,4.6918709662664
138.678417903219,285.481256396827,4.60360062420347
203.902887256218,370.960343110924,3.88473021826017
126.25789580758,408.789950376816,3.32845060700352
622.437122351399,305.523465428297,4.56121639472374
-2.11476359292879,148.921426232006,4.18780067499053
543.184757827287,202.731396207956,4.30683490407321
34.0603822809055,491.63050404419,2.97022188384846
280.154520478538,21.7371807134734,3.93184075950515
534.158856790089,392.789378615046,3.34605281436597
66.4226104320838,78.9519725581584,5.18604789713817
4.86702023578824,76.7196915849747,3.44527994825898
588.748071636802,228.52238106533,3.98210954523479
442.811396565038,460.347333336417,4.81232772149251
657.942211850539,371.042749435838,2.89079636804901
103.826977315852,486.511878016833,4.41025264289451
621.808904070922,96.0972860751556,4.06059105995207
418.97980134689,259.960562147331,3.70788135230363
10.26490343718,183.757102590809,3.07680755159971
69.9089299626457,102.205930372853,4.62446066477577
604.774708955817,188.456338017298,4.33705148647635
252.283787266954,218.200520097837,3.86107498274849
576.857061829451,425.745083642425,3.85724025158291
297.599158058831,142.189375521079,3.92964802219153
528.812698470108,459.227802941169,3.50802648943525
36.4236342680473,426.103430991783,3.87250778083698
190.980606112768,282.51689548975,4.10507504762599
553.678533225395,265.374349376237,3.5840881851503
166.795307032225,6.84567060202559,4.30098326717462
514.295742067334,352.568986013332,4.58543790404577
35.8348502929645,49.8073461338613,3.9718223469471
529.729042828331,152.049103604209,4.48799260373904
NA,NA,NA
663.980991064742,339.956358879731,3.58537031819365
457.896500771875,298.43873261846,3.83076530966039
10.1540242687794,493.605200698201,3.73008351688178
562.298029258774,51.3966536106079,4.1274328593231
70.0997955629816,376.597784585614,3.83744071296576
228.510541993936,418.256360882715,3.7840024247277
429.568392461869,12.8776598671591,3.4626373990409
361.232213334615,292.476030747098,3.13276618864684
610.955636841307,106.077118563314,4.28730740886383
394.760286724132,231.936231510324,4.24242755097249
568.086627146319,404.460310021416,4.6918709662664
138.678417903219,285.481256396827,4.60360062420347
203.902887256218,370.960343110924,3.88473021826017
126.25789580758,408.789950376816,3.32845060700352
622.437122351399,305.523465428297,4.56121639472374
-2.11476359292879,148.921426232006,4.18780067499053
543.184757827287,202.731396207956,4.30683490407321
34.0603822809055,491.63050404419,2.97022188384846
280.154520478538,21.7371807134734,3.93184075950515
534.158856790089,392.789378615046,3.34605281436597
66.4226104320838,78.9519725581584,5.18604789713817
4.86702023578824,76.7196915849747,3.44527994825898
588.748071636802,228.52238106533,3.98210954523479
442.811396565038,460.347333336417,4.81232772149251
657.942211850539,371.042749435838,2.89079636804901
103.826977315852,486.511878016833,4.41025264289451
621.808904070922,96.0972860751556,4.06059105995207
418.97980134689,259.960562147331,3.70788135230363
10.26490343718,183.757102590809,3.07680755159971
69.9089299626457,102.205930372853,4.62446066477577
604.774708955817,188.456338017298,4.33705148647635
252.283787266954,218.200520097837,3.86107498274849
576.857061829451,425.745083642425,3.85724025158291
297.599158058831,142.189375521079,3.92964802219153
528.812698470108,459.227802941169,3.50802648943525
36.4236342680473,426.103430991783,3.87250778083698
190.980606112768,282.51689548975,4.10507504762599
553.678533225395,265.374349376237,3.5840881851503
166.795307032225,6.84567060202559,4.30098326717462
514.295742067334,352.568986013332,4.58543790404577
35.8348502929645,49.8073461338613,3.9718223469471
529.729042828331,152.049103604209,4.48799260373904
NA,NA,NA
663.980991064742,339.956358879731,3.58537031819365
457.896500771875,298.43873261846,3.83076530966039
10.1540242687794,493.605200698201,3.73008351688178
562.298029258774,51.3966536106079,4.1274328593231
70.0997955629816,376.597784585614,3.83744071296576
228.510541993936,418.256360882715,3.7840024247277
429.568392461869,12.8776598671591,3.4626373990409
361.232213334615,292.476030747098,3.13276618864684
610.955636841307,106.077118563314,4.28730740886383
394.760286724132,231.936231510324,4.24242755097249
568.086627146319,404.460310021416,4.6918709662664
138.678417903219,285.481256396827,4.60360062420347
203.902887256218,370.960343110924,3.88473021826017
126.25789580758,408.789950376816,3.32845060700352
622.437122351399,305.523465428297,4.56121639472374
-2.11476359292879,148.921426232006,4.18780067499053
543.184757827287,202.731396207956,4.30683490407321
34.0603822809055,491.63050404419,2.97022188384846
280.154520478538,21.7371807134734,3.93184075950515
534.158856790089,392.789378615046,3.34605281436597
66.4226104320838,78.9519725581584,5.18604789713817
4.86702023578824,76.7196915849747,3.44527994825898
588.748071636802,228.52238106533,3.98210954523479
442.811396565038,460.347333336417,4.81232772149251
657.942211850539,371.042749435838,2.89079636804901
103.826977315852,486.511878016833,4.41025264289451
621.808904070922,96.0972860751556,4.06059105995207
418.97980134689,259.960562147331,3.70788135230363
10.26490343718,183.757102590809,3.07680755159971
69.9089299626457,102.205930372853,4.62446066477577
604.774708955817,188.456338017298,4.33705148647635
252.283787266954,218.200520097837,3.86107498274849
576.857061829451,425.745083642425,3.85724025158291
297.599158058831,142.189375521079,3.92964802219153
528.812698470108,459.227802941169,3.50802648943525
36.4236342680473,426.103430991783,3.87250778083698
190.980606112768,282.51689548975,4.10507504762599
553.678533225395,265.374349376237,3.5840881851503
166.795307032225,6.84567060202559,4.30098326717462
514.295742067334,352.568986013332,4.58543790404577
35.8348502929645,49.8073461338613,3.9718223469471
529.729042828331,152.049103604209,4.48799260373904
NA,NA,NA
663.980991064742,339.956358879731,3.58537031819365
457.896500771875,298.43873261846,3.83076530966039
10.1540242687794,493.605200698201,3.73008351688178
562.298029258774,51.3966536106079,4.1274328593231
70.0997955629816,376.597784585614,3.83744071296576
228.510541993936,418.256360882715,3.7840024247277
429.568392461869,12.8776598671591,3.4626373990409
361.232213334615,292.476030747098,3.13276618864684
610.955636841307,106.077118563314,4.28730740886383
394.760286724132,231.936231510324,4.24242755097249
568.086627146319,404.460310021416,4.6918709662664
138.678417903219,285.481256396827,4.60360062420347
203.902887256218,370.960343110924,3.88473021826017
126.25789580758,408.789950376816,3.32845060700352
622.437122351399,305.523465428297,4.56121639472374
-2.11476359292879,148.921426232006,4.18780067499053
543.184757827287,202.731396207956,4.30683490407321
34.0603822809055,491.63050404419,2.97022188384846
280.154520478538,21.7371807134734,3.93184075950515
534.158856790089,392.789378615046,3.34605281436597
66.4226104320838,78.9519725581584,5.18604789713817
4.86702023578824,76.7196915849747,3.44527994825898
588.748071636802,228.52238106533,3.98210954523479
442.811396565038,460.347333336417,4.81232772149251
657.942211850539,371.042749435838,2.89079636804901
103.826977315852,486.511878016833,4.41025264289451
621.808904070922,96.0972860751556,4.06059105995207
418.97980134689,259.960562147331,3.70788135230363
10.26490343718,183.757102590809,3.07680755159971
69.9089299626457,102.205930372853,4.62446066477577
604.774708955817,188.456338017298,4.33705148647635
252.283787266954,218.200520097837,3.86107498274849
576.857061829451,425.745083642425,3.85724025158291
297.599158058831,142.189375521079,3.92964802219153
528.812698470108,459.227802941169,3.50802648943525
36.4236342680473,426.103430991783,3.87250778083698
190.980606112768,282.51689548975,4.10507504762599
553.678533225395,265.374349376237,3.5840881851503
166.795307032225,6.84567060202559,4.30098326717462
514.295742067334,352.568986013332,4.58543790404577
35.8348502929645,49.8073461338613,3.9718223469471
529.729042828331,152.049103604209,4.48799260373904
NA,NA,NA
663.980991064742,339.956358879731,3.58537031819365
457.896500771875,298.43873261846,3.83076530966039
10.1540242687794,493.605200698201,3.73008351688178
562.298029258774,51.3966536106079,4.1274328593231
70.0997955629816,376.597784585614,3.83744071296576
228.510541993936,418.256360882715,3.7840024247277
429.568392461869,12.8776598671591,3.4626373990409
361.232213334615,292.476030747098,3.13276618864684
610.955636841307,106.077118563314,4.28730740886383
394.760286724132,231.936231510324,4.24242755097249
568.086627146319,404.460310021416,4.6918709662664
138.678417903219,285.481256396827,4.60360062420347
203.902887256218,370.960343110924,3.88473021826017
126.25789580758,408.789950376816,3.32845060700352
622.437122351399,305.523465428297,4.56121639472374
-2.11476359292879,148.921426232006,4.18780067499053
543.184757827287,202.731396207956,4.30683490407321
34.0603822809055,491.63050404419,2.97022188384846
280.154520478538,21.7371807134734,3.93184075950515
534.158856790089,392.789378615046,3.34605281436597
66.4226104320838,78.9519725581584,5.18604789713817
4.86702023578824,76.7196915849747,3.44527994825898
588.748071636802,228.52238106533,3.98210954523479
442.811396565038,460.347333336417,4.81232772149251
657.942211850539,371.042749435838,2.89079636804901
103.826977315852,486.511878016833,4.41025264289451
621.808904070922,96.0972860751556,4.06059105995207
418.97980134689,259.960562147331,3.70788135230363
10.26490343718,183.757102590809,3.07680755159971
69.9089299626457,102.205930372853,4.62446066477577
604.774708955817,188.456338017298,4.33705148647635
252.283787266954,218.200520097837,3.86107498274849
576.857061829451,425.745083642425,3.85724025158291
297.599158058831,142.189375521079,3.92964802219153
528.812698470108,459.227802941169,3.50802648943525
36.4236342680473,426.103430991783,3.87250778083698
190.980606112768,282.51689548975,4.10507504762599
553.678533225395,265.374349376237,3.5840881851503
166.795307032225,6.84567060202559,4.30098326717462
514.295742067334,352.568986013332,4.58543790404577
35.8348502929645,49.8073461338613,3.9718223469471
529.729042828331,152.049103604209,4.48799260373904
NA,NA,NA
657.353771049368,333.036877656396,3.47760870377699
456.615037569936,298.476235508091,3.70393419300133
10.9843056915304,496.019532732331,3.48505047619025
560.193720745065,49.5904855134963,4.21856708918222
71.6514665149627,378.203350126051,4.09836898468605
229.215494479737,415.104241098658,3.81544210111832
425.491811937979,14.7263283865559,3.31712471809446
363.055691448738,292.400390945243,3.07063543843983
602.486775198133,107.897653764449,4.08606376026108
397.64365010523,229.644562156383,4.33562580216891
566.555676501421,413.278484541505,4.76716807021212
142.023306268097,286.852062106838,4.51584445179693
202.65113662101,372.019565427826,4.05711527623892
128.708820695536,412.763291652297,3.39113020448968
622.372154702633,319.065259193163,4.61606539560803
-0.257445385701794,153.753953391027,4.26201694924823
539.622588705965,203.209055926698,4.22177974836857
34.0178680922669,489.602605083711,2.9194091506899
281.750447115342,22.227822663577,3.91158476500539
534.182812532815,391.798047988014,3.39411563910172
82.3771343395674,72.1024515385277,5.28968495986421
3.17634866330174,75.7222435037601,3.46047745756046
586.399643338346,232.904182209313,4.01207333174062
440.683349381101,453.816870261282,4.82020824636002
658.687932475219,372.84792826752,2.89341061443197
108.13126859909,488.624798673032,4.35461428094596
626.028302276193,85.5763744288525,4.0981230561704
420.861384044611,257.502421078379,3.67846561579373
11.8908667466245,182.213560250996,3.05841626442132
69.5921170840138,120.74066725068,4.56501731462973
601.479978793051,189.96701853374,4.5300664995659
252.77887486038,208.858377094287,3.55284937505893
564.728823325803,427.723591086366,3.81446183966452
298.822729480645,137.677144432802,3.97389286234599
528.563295457679,462.025796812343,3.58195555172626
43.0544241023671,427.078243638039,3.89141391751924
201.243447109761,280.790688299357,4.70315975961322
555.8332304883,263.32468806612,3.62593219003321
177.44715202713,28.8999062006561,4.13904666544813
497.831719411671,337.775470298205,4.65300843714877
45.052118300527,49.5396456677938,3.66233105656499
534.593054548267,146.547919870094,4.69560443865606
NA,NA,NA
657.353771049368,333.036877656396,3.47760870377699
456.615037569936,298.476235508091,3.70393419300133
10.9843056915304,496.019532732331,3.48505047619025
560.193720745065,49.5904855134963,4.21856708918222
71.6514665149627,378.203350126051,4.09836898468605
229.215494479737,415.104241098658,3.81544210111832
425.491811937979,14.7263283865559,3.31712471809446
363.055691448738,292.400390945243,3.07063543843983
602.486775198133,107.897653764449,4.08606376026108
397.64365010523,229.644562156383,4.33562580216891
566.555676501421,413.278484541505,4.76716807021212
142.023306268097,286.852062106838,4.51584445179693
202.65113662101,372.019565427826,4.05711527623892
128.708820695536,412.763291652297,3.39113020448968
622.372154702633,319.065259193163,4.61606539560803
-0.257445385701794,153.753953391027,4.26201694924823
539.622588705965,203.209055926698,4.22177974836857
34.0178680922669,489.602605083711,2.9194091506899
281.750447115342,22.227822663577,3.91158476500539
534.182812532815,391.798047988014,3.39411563910172
82.3771343395674,72.1024515385277,5.28968495986421
3.17634866330174,75.7222435037601,3.46047745756046
586.399643338346,232.904182209313,4.01207333174062
440.683349381101,453.816870261282,4.82020824636002
658.687932475219,372.84792826752,2.89341061443197
108.13126859909,488.624798673032,4.35461428094596
626.028302276193,85.5763744288525,4.0981230561704
420.861384044611,257.502421078379,3.67846561579373
11.8908667466245,182.213560250996,3.05841626442132
69.5921170840138,120.74066725068,4.56501731462973
601.479978793051,189.96701853374,4.5300664995659
252.77887486038,208.858377094287,3.55284937505893
564.728823325803,427.723591086366,3.81446183966452
298.822729480645,137.677144432802,3.97389286234599
528.563295457679,462.025796812343,3.58195555172626
43.0544241023671,427.078243638039,3.89141391751924
201.243447109761,280.790688299357,4.70315975961322
555.8332304883,263.32468806612,3.62593219003321
177.44715202713,28.8999062006561,4.13904666544813
497.831719411671,337.775470298205,4.65300843714877
45.052118300527,49.5396456677938,3.66233105656499
534.593054548267,146.547919870094,4.69560443865606
NA,NA,NA
657.353771049368,333.036877656396,3.47760870377699
456.615037569936,298.476235508091,3.70393419300133
10.9843056915304,496.019532732331,3.48505047619025
560.193720745065,49.5904855134963,4.21856708918222
71.6514665149627,378.203350126051,4.09836898468605
229.215494479737,415.104241098658,3.81544210111832
425.491811937979,14.7263283865559,3.31712471809446
363.055691448738,292.400390945243,3.07063543843983
602.486775198133,107.897653764449,4.08606376026108
397.64365010523,229.644562156383,4.33562580216891
566.555676501421,413.278484541505,4.76716807021212
142.023306268097,286.852062106838,4.51584445179693
202.65113662101,372.019565427826,4.05711527623892
128.708820695536,412.763291652297,3.39113020448968
622.372154702633,319.065259193163,4.61606539560803
-0.257445385701794,153.753953391027,4.26201694924823
539.622588705965,203.209055926698,4.22177974836857
34.0178680922669,489.602605083711,2.9194091506899
281.750447115342,22.227822663577,3.91158476500539
534.182812532815,391.798047988014,3.39411563910172
82.3771343395674,72.1024515385277,5.28968495986421
3.17634866330174,75.7222435037601,3.46047745756046
586.399643338346,232.904182209313,4.01207333174062
440.683349381101,453.816870261282,4.82020824636002
658.687932475219,372.84792826752,2.89341061443197
108.13126859909,488.624798673032,4.35461428094596
626.028302276193,85.5763744288525,4.0981230561704
420.861384044611,257.502421078379,3.67846561579373
11.8908667466245,182.213560250996,3.05841626442132
69.5921170840138,120.74066725068,4.56501731462973
601.479978793051,189.96701853374,4.5300664995659
252.77887486038,208.858377094287,3.55284937505893
564.728823325803,427.723591086366,3.81446183966452
298.822729480645,137.677144432802,3.97389286234599
528.563295457679,462.025796812343,3.58195555172626
43.0544241023671,427.078243638039,3.89141391751924
201.243447109761,280.790688299357,4.70315975961322
555.8332304883,263.32468806612,3.62593219003321
177.44715202713,28.8999062006561,4.13904666544813
497.831719411671,337.775470298205,4.65300843714877
45.052118300527,49.5396456677938,3.66233105656499
534.593054548267,146.547919870094,4.69560443865606
NA,NA,NA
657.353771049368,333.036877656396,3.47760870377699
456.615037569936,298.476235508091,3.70393419300133
10.9843056915304,496.019532732331,3.48505047619025
560.193720745065,49.5904855134963,4.21856708918222
71.6514665149627,378.203350126051,4.09836898468605
229.215494479737,415.104241098658,3.81544210111832
425.491811937979,14.7263283865559,3.31712471809446
363.055691448738,292.400390945243,3.07063543843983
602.486775198133,107.897653764449,4.08606376026108
397.64365010523,229.644562156383,4.33562580216891
566.555676501421,413.278484541505,4.76716807021212
142.023306268097,286.852062106838,4.51584445179693
202.65113662101,372.019565427826,4.05711527623892
128.708820695536,412.763291652297,3.39113020448968
622.372154702633,319.065259193163,4.61606539560803
-0.257445385701794,153.753953391027,4.26201694924823
539.622588705965,203.209055926698,4.22177974836857
34.0178680922669,489.602605083711,2.9194091506899
281.750447115342,22.227822663577,3.91158476500539
534.182812532815,391.798047988014,3.39411563910172
82.3771343395674,72.1024515385277,5.28968495986421
3.17634866330174,75.7222435037601,3.46047745756046
586.399643338346,232.904182209313,4.01207333174062
440.683349381101,453.816870261282,4.82020824636002
658.687932475219,372.84792826752,2.89341061443197
108.13126859909,488.624798673032,4.35461428094596
626.028302276193,85.5763744288525,4.0981230561704
420.861384044611,257.502421078379,3.67846561579373
11.8908667466245,182.213560250996,3.05841626442132
69.5921170840138,120.74066725068,4.56501731462973
601.479978793051,189.96701853374,4.5300664995659
252.77887486038,208.858377094287,3.55284937505893
564.728823325803,427.723591086366,3.81446183966452
298.822729480645,137.677144432802,3.97389286234599
528.563295457679,462.025796812343,3.58195555172626
43.0544241023671,427.078243638039,3.89141391751924
201.243447109761,280.790688299357,4.70315975961322
555.8332304883,263.32468806612,3.62593219003321
177.44715202713,28.8999062006561,4.13904666544813
497.831719411671,337.775470298205,4.65300843714877
45.052118300527,49.5396456677938,3.66233105656499
534.593054548267,146.547919870094,4.69560443865606
NA,NA,NA
657.353771049368,333.036877656396,3.47760870377699
456.615037569936,298.476235508091,3.70393419300133
10.9843056915304,496.019532732331,3.48505047619025
560.193720745065,49.5904855134963,4.21856708918222
71.6514665149627,378.203350126051,4.09836898468605
229.215494479737,415.104241098658,3.81544210111832
425.491811937979,14.7263283865559,3.31712471809446
363.055691448738,292.400390945243,3.07063543843983
602.486775198133,107.897653764449,4.08606376026108
397.64365010523,229.644562156383,4.33562580216891
566.555676501421,413.278484541505,4.76716807021212
142.023306268097,286.852062106838,4.51584445179693
202.65113662101,372.019565427826,4.05711527623892
128.708820695536,412.763291652297,3.39113020448968
622.372154702633,319.065259193163,4.61606539560803
-0.257445385701794,153.753953391027,4.26201694924823
539.622588705965,203.209055926698,4.22177974836857
34.0178680922669,489.602605083711,2.9194091506899
281.750447115342,22.227822663577,3.91158476500539
534.182812532815,391.798047988014,3.39411563910172
82.3771343395674,72.1024515385277,5.28968495986421
3.17634866330174,75.7222435037601,3.46047745756046
586.399643338346,232.904182209313,4.01207333174062
440.683349381101,453.816870261282,4.82020824636002
658.687932475219,372.84792826752,2.89341061443197
108.13126859909,488.624798673032,4.35461428094596
626.028302276193,85.5763744288525,4.0981230561704
420.861384044611,257.502421078379,3.67846561579373
11.8908667466245,182.213560250996,3.05841626442132
69.5921170840138,120.74066725068,4.56501731462973
601.479978793051,189.96701853374,4.5300664995659
252.77887486038,208.858377094287,3.55284937505893
564.728823325803,427.723591086366,3.81446183966452
298.822729480645,137.677144432802,3.97389286234599
528.563295457679,462.025796812343,3.58195555172626
43.0544241023671,427.078243638039,3.89141391751924
201.243447109761,280.790688299357,4.70315975961322
555.8332304883,263.32468806612,3.62593219003321
177.44715202713,28.8999062006561,4.13904666544813
497.831719411671,337.775470298205,4.65300843714877
45.052118300527,49.5396456677938,3.66233105656499
534.593054548267,146.547919870094,4.69560443865606
NA,NA,NA
657.353771049368,333.036877656396,3.47760870377699
456.615037569936,298.476235508091,3.70393419300133
10.9843056915304,496.019532732331,3.48505047619025
560.193720745065,49.5904855134963,4.21856708918222
71.6514665149627,378.203350126051,4.09836898468605
229.215494479737,415.104241098658,3.81544210111832
425.491811937979,14.7263283865559,3.31712471809446
363.055691448738,292.400390945243,3.07063543843983
602.486775198133,107.897653764449,4.08606376026108
397.64365010523,229.644562156383,4.33562580216891
566.555676501421,413.278484541505,4.76716807021212
142.023306268097,286.852062106838,4.51584445179693
202.65113662101,372.019565427826,4.05711527623892
128.708820695536,412.763291652297,3.39113020448968
622.372154702633,319.065259193163,4.61606539560803
-0.257445385701794,153.753953391027,4.26201694924823
539.622588705965,203.209055926698,4.22177974836857
34.0178680922669,489.602605083711,2.9194091506899
281.750447115342,22.227822663577,3.91158476500539
534.182812532815,391.798047988014,3.39411563910172
82.3771343395674,72.1024515385277,5.28968495986421
3.17634866330174,75.7222435037601,3.46047745756046
586.399643338346,232.904182209313,4.01207333174062
440.683349381101,453.816870261282,4.82020824636002
658.687932475219,372.84792826752,2.89341061443197
108.13126859909,488.624798673032,4.35461428094596
626.028302276193,85.5763744288525,4.0981230561704
420.861384044611,257.502421078379,3.67846561579373
11.8908667466245,182.213560250996,3.05841626442132
69.5921170840138,120.74066725068,4.56501731462973
601.479978793051,189.96701853374,4.5300664995659
252.77887486038,208.858377094287,3.55284937505893
564.728823325803,427.723591086366,3.81446183966452
298.822729480645,137.677144432802,3.97389286234599
528.563295457679,462.025796812343,3.58195555172626
43.0544241023671,427.078243638039,3.89141391751924
201.243447109761,280.790688299357,4.70315975961322
555.8332304883,263.32468806612,3.62593219003321
177.44715202713,28.8999062006561,4.13904666544813
497.831719411671,337.775470298205,4.65300843714877
45.052118300527,49.5396456677938,3.66233105656499
534.593054548267,146.547919870094,4.69560443865606
NA,NA,NA
657.978194883705,333.193435465491,3.61857198724448
458.934486973168,298.921040870579,3.66171546619989
10.4752654450741,491.030020434004,3.61771963422565
563.458132695304,49.2955876594248,4.0725199653036
71.5128281963427,377.162823330125,4.01234853925167
227.680212340641,415.778062734901,4.00614645621128
427.086261077714,11.7205105181856,3.37059717849355
362.352938163345,291.311099225183,3.20281845531162
606.414733199287,101.640259525291,4.10707080051916
398.599864836023,227.590006595357,4.20064726649704
569.048800589615,403.737339423221,4.80343819576609
135.360918730346,281.075508374116,4.54965124648931
196.556345265862,366.988979121468,3.9472879414749
126.389765715615,412.134523995701,3.43521958546815
623.025033142588,314.630906971136,4.48013844299001
2.29983972807582,152.326900700318,4.25820874118619
542.344462944136,199.814152797778,4.24136061963049
35.2900982223282,490.454322540589,2.88177216885631
278.058023621958,22.9817238375579,3.89451616399602
533.960472411579,394.337228228048,3.33979151867931
67.355223772034,75.5883827355767,5.29980487419185
7.65785699042592,76.6915228474221,3.34659570465197
587.904254518653,224.061555588921,3.98687458261023
445.984639033666,455.345656382505,4.81037469136127
662.247588591539,374.827436338724,3.21861534074523
108.241892753373,485.672837550721,4.3766922272547
623.469517303468,91.7618450732336,4.07095514994106
422.109439211771,262.369087458133,3.54106485538662
11.9891558555061,180.466630279826,3.15164834713789
66.656320326745,123.145425117736,4.52257653155736
593.955320093511,196.226866261874,4.39088116176274
249.669149384859,213.201377401031,3.76238321439584
577.232720263714,445.336681403731,3.74958021058028
297.124286170495,137.237483508803,3.94918066088348
525.172945338632,456.552096790259,3.50991015023411
37.6660154354392,426.799949762484,3.85944796612749
204.604747332518,293.601795340801,3.71966463364258
555.537469995912,260.769247367461,3.70439450012312
173.073276954756,15.7750605828132,4.43900056436385
490.521959037033,346.960002747411,4.46994843695301
36.9472983451007,59.6089001125892,3.77344861308833
534.411619544603,141.797528117419,4.72036628438926
NA,NA,NA
657.978194883705,333.193435465491,3.61857198724448
458.934486973168,298.921040870579,3.66171546619989
10.4752654450741,491.030020434004,3.61771963422565
563.458132695304,49.2955876594248,4.0725199653036
71.5128281963427,377.162823330125,4.01234853925167
227.680212340641,415.778062734901,4.00614645621128
427.086261077714,11.7205105181856,3.37059717849355
362.352938163345,291.311099225183,3.20281845531162
606.414733199287,101.640259525291,4.10707080051916
398.599864836023,227.590006595357,4.20064726649704
569.048800589615,403.737339423221,4.80343819576609
135.360918730346,281.075508374116,4.54965124648931
196.556345265862,366.988979121468,3.9472879414749
126.389765715615,412.134523995701,3.43521958546815
623.025033142588,314.630906971136,4.48013844299001
2.29983972807582,152.326900700318,4.25820874118619
542.344462944136,199.814152797778,4.24136061963049
35.2900982223282,490.454322540589,2.88177216885631
278.058023621958,22.9817238375579,3.89451616399602
533.960472411579,394.337228228048,3.33979151867931
67.355223772034,75.5883827355767,5.29980487419185
7.65785699042592,76.6915228474221,3.34659570465197
587.904254518653,224.061555588921,3.98687458261023
445.984639033666,455.345656382505,4.81037469136127
662.247588591539,374.827436338724,3.21861534074523
108.241892753373,485.672837550721,4.3766922272547
623.469517303468,91.7618450732336,4.07095514994106
422.109439211771,262.369087458133,3.54106485538662
11.9891558555061,180.466630279826,3.15164834713789
66.656320326745,123.145425117736,4.52257653155736
593.955320093511,196.226866261874,4.39088116176274
249.669149384859,213.201377401031,3.76238321439584
577.232720263714,445.336681403731,3.74958021058028
297.124286170495,137.237483508803,3.94918066088348
525.172945338632,456.552096790259,3.50991015023411
37.6660154354392,426.799949762484,3.85944796612749
204.604747332518,293.601795340801,3.71966463364258
555.537469995912,260.769247367461,3.70439450012312
173.073276954756,15.7750605828132,4.43900056436385
490.521959037033,346.960002747411,4.46994843695301
36.9472983451007,59.6089001125892,3.77344861308833
534.411619544603,141.797528117419,4.72036628438926
NA,NA,NA
657.978194883705,333.193435465491,3.61857198724448
458.934486973168,298.921040870579,3.66171546619989
10.4752654450741,491.030020434004,3.61771963422565
563.458132695304,49.2955876594248,4.0725199653036
71.5128281963427,377.162823330125,4.01234853925167
227.680212340641,415.778062734901,4.00614645621128
427.086261077714,11.7205105181856,3.37059717849355
362.352938163345,291.311099225183,3.20281845531162
606.414733199287,101.640259525291,4.10707080051916
398.599864836023,227.590006595357,4.20064726649704
569.048800589615,403.737339423221,4.80343819576609
135.360918730346,281.075508374116,4.54965124648931
196.556345265862,366.988979121468,3.9472879414749
126.389765715615,412.134523995701,3.43521958546815
623.025033142588,314.630906971136,4.48013844299001
2.29983972807582,152.326900700318,4.25820874118619
542.344462944136,199.814152797778,4.24136061963049
35.2900982223282,490.454322540589,2.88177216885631
278.058023621958,22.9817238375579,3.89451616399602
533.960472411579,394.337228228048,3.33979151867931
67.355223772034,75.5883827355767,5.29980487419185
7.65785699042592,76.6915228474221,3.34659570465197
587.904254518653,224.061555588921,3.98687458261023
445.984639033666,455.345656382505,4.81037469136127
662.247588591539,374.827436338724,3.21861534074523
108.241892753373,485.672837550721,4.3766922272547
623.469517303468,91.7618450732336,4.07095514994106
422.109439211771,262.369087458133,3.54106485538662
11.9891558555061,180.466630279826,3.15164834713789
66.656320326745,123.145425117736,4.52257653155736
593.955320093511,196.226866261874,4.39088116176274
249.669149384859,213.201377401031,3.76238321439584
577.232720263714,445.336681403731,3.74958021058028
297.124286170495,137.237483508803,3.94918066088348
525.172945338632,456.552096790259,3.50991015023411
37.6660154354392,426.799949762484,3.85944796612749
204.604747332518,293.601795340801,3.71966463364258
555.537469995912,260.769247367461,3.70439450012312
173.073276954756,15.7750605828132,4.43900056436385
490.521959037033,346.960002747411,4.46994843695301
36.9472983451007,59.6089001125892,3.77344861308833
534.411619544603,141.797528117419,4.72036628438926
NA,NA,NA
657.978194883705,333.193435465491,3.61857198724448
458.934486973168,298.921040870579,3.66171546619989
10.4752654450741,491.030020434004,3.61771963422565
563.458132695304,49.2955876594248,4.0725199653036
71.5128281963427,377.162823330125,4.01234853925167
227.680212340641,415.778062734901,4.00614645621128
427.086261077714,11.7205105181856,3.37059717849355
362.352938163345,291.311099225183,3.20281845531162
606.414733199287,101.640259525291,4.10707080051916
398.599864836023,227.590006595357,4.20064726649704
569.048800589615,403.737339423221,4.80343819576609
135.360918730346,281.075508374116,4.54965124648931
196.556345265862,366.988979121468,3.9472879414749
126.389765715615,412.134523995701,3.43521958546815
623.025033142588,314.630906971136,4.48013844299001
2.29983972807582,152.326900700318,4.25820874118619
542.344462944136,199.814152797778,4.24136061963049
35.2900982223282,490.454322540589,2.88177216885631
278.058023621958,22.9817238375579,3.89451616399602
533.960472411579,394.337228228048,3.33979151867931
67.355223772034,75.5883827355767,5.29980487419185
7.65785699042592,76.6915228474221,3.34659570465197
587.904254518653,224.061555588921,3.98687458261023
445.984639033666,455.345656382505,4.81037469136127
662.247588591539,374.827436338724,3.21861534074523
108.241892753373,485.672837550721,4.3766922272547
623.469517303468,91.7618450732336,4.07095514994106
422.109439211771,262.369087458133,3.54106485538662
11.9891558555061,180.466630279826,3.15164834713789
66.656320326745,123.145425117736,4.52257653155736
593.955320093511,196.226866261874,4.39088116176274
249.669149384859,213.201377401031,3.76238321439584
577.232720263714,445.336681403731,3.74958021058028
297.124286170495,137.237483508803,3.94918066088348
525.172945338632,456.552096790259,3.50991015023411
37.6660154354392,426.799949762484,3.85944796612749
204.604747332518,293.601795340801,3.71966463364258
555.537469995912,260.769247367461,3.70439450012312
173.073276954756,15.7750605828132,4.43900056436385
490.521959037033,346.960002747411,4.46994843695301
36.9472983451007,59.6089001125892,3.77344861308833
534.411619544603,141.797528117419,4.72036628438926
NA,NA,NA
657.978194883705,333.193435465491,3.61857198724448
458.934486973168,298.921040870579,3.66171546619989
10.4752654450741,491.030020434004,3.61771963422565
563.458132695304,49.2955876594248,4.0725199653036
71.5128281963427,377.162823330125,4.01234853925167
227.680212340641,415.778062734901,4.00614645621128
427.086261077714,11.7205105181856,3.37059717849355
362.352938163345,291.311099225183,3.20281845531162
606.414733199287,101.640259525291,4.10707080051916
398.599864836023,227.590006595357,4.20064726649704
569.048800589615,403.737339423221,4.80343819576609
135.360918730346,281.075508374116,4.54965124648931
196.556345265862,366.988979121468,3.9472879414749
126.389765715615,412.134523995701,3.43521958546815
623.025033142588,314.630906971136,4.48013844299001
2.29983972807582,152.326900700318,4.25820874118619
542.344462944136,199.814152797778,4.24136061963049
35.2900982223282,490.454322540589,2.88177216885631
278.058023621958,22.9817238375579,3.89451616399602
533.960472411579,394.337228228048,3.33979151867931
67.355223772034,75.5883827355767,5.29980487419185
7.65785699042592,76.6915228474221,3.34659570465197
587.904254518653,224.061555588921,3.98687458261023
445.984639033666,455.345656382505,4.81037469136127
662.247588591539,374.827436338724,3.21861534074523
108.241892753373,485.672837550721,4.3766922272547
623.469517303468,91.7618450732336,4.07095514994106
422.109439211771,262.369087458133,3.54106485538662
11.9891558555061,180.466630279826,3.15164834713789
66.656320326745,123.145425117736,4.52257653155736
593.955320093511,196.226866261874,4.39088116176274
249.669149384859,213.201377401031,3.76238321439584
577.232720263714,445.336681403731,3.74958021058028
297.124286170495,137.237483508803,3.94918066088348
525.172945338632,456.552096790259,3.50991015023411
37.6660154354392,426.799949762484,3.85944796612749
204.604747332518,293.601795340801,3.71966463364258
555.537469995912,260.769247367461,3.70439450012312
173.073276954756,15.7750605828132,4.43900056436385
490.521959037033,346.960002747411,4.46994843695301
36.9472983451007,59.6089001125892,3.77344861308833
534.411619544603,141.797528117419,4.72036628438926
NA,NA,NA
657.978194883705,333.193435465491,3.61857198724448
458.934486973168,298.921040870579,3.66171546619989
10.4752654450741,491.030020434004,3.61771963422565
563.458132695304,49.2955876594248,4.0725199653036
71.5128281963427,377.162823330125,4.01234853925167
227.680212340641,415.778062734901,4.00614645621128
427.086261077714,11.7205105181856,3.37059717849355
362.352938163345,291.311099225183,3.20281845531162
606.414733199287,101.640259525291,4.10707080051916
398.599864836023,227.590006595357,4.20064726649704
569.048800589615,403.737339423221,4.80343819576609
135.360918730346,281.075508374116,4.54965124648931
196.556345265862,366.988979121468,3.9472879414749
126.389765715615,412.134523995701,3.43521958546815
623.025033142588,314.630906971136,4.48013844299001
2.29983972807582,152.326900700318,4.25820874118619
542.344462944136,199.814152797778,4.24136061963049
35.2900982223282,490.454322540589,2.88177216885631
278.058023621958,22.9817238375579,3.89451616399602
533.960472411579,394.337228228048,3.33979151867931
67.355223772034,75.5883827355767,5.29980487419185
7.65785699042592,76.6915228474221,3.34659570465197
587.904254518653,224.061555588921,3.98687458261023
445.984639033666,455.345656382505,4.81037469136127
662.247588591539,374.827436338724,3.21861534074523
108.241892753373,485.672837550721,4.3766922272547
623.469517303468,91.7618450732336,4.07095514994106
422.109439211771,262.369087458133,3.54106485538662
11.9891558555061,180.466630279826,3.15164834713789
66.656320326745,123.145425117736,4.52257653155736
593.955320093511,196.226866261874,4.39088116176274
249.669149384859,213.201377401031,3.76238321439584
577.232720263714,445.336681403731,3.74958021058028
297.124286170495,137.237483508803,3.94918066088348
525.172945338632,456.552096790259,3.50991015023411
37.6660154354392,426.799949762484,3.85944796612749
204.604747332518,293.601795340801,3.71966463364258
555.537469995912,260.769247367461,3.70439450012312
173.073276954756,15.7750605828132,4.43900056436385
490.521959037033,346.960002747411,4.46994843695301
36.9472983451007,59.6089001125892,3.77344861308833
534.411619544603,141.797528117419,4.72036628438926
NA,NA,NA
661.681479003224,333.658412263896,3.43894200807107
456.582915058583,300.993096779544,3.64260562837972
11.2098293708059,496.332015464425,3.64760753221734
563.587882713894,50.1602737729621,4.21752904548385
74.918925781057,373.540064605417,3.93230363602174
232.708458278461,413.667274390734,3.93786219967492
429.850087481463,12.9485963071789,3.16856492748419
365.336623391813,291.210472468684,2.93089867510902
605.550891474424,105.670993660799,4.17045818799922
385.909882459285,229.383382004524,4.14748579561818
570.722410472761,408.440618762889,4.74267697670622
142.663927297297,285.884613354356,4.49506483500998
195.091199179127,369.313161879029,3.99460108532361
123.992461853641,412.783602616094,3.54011046299281
632.340217923542,310.627833278944,4.502236472632
2.08597301482023,145.824803102728,4.27875760398722
543.817696454487,205.964356579623,4.23445807141799
32.6622585846431,493.038722767855,2.9052518965093
280.115902067499,23.263505151892,3.88970451970252
532.889020610193,393.978504908714,3.11240373773707
68.199364715935,74.9042233556763,5.24022199682162
4.99342950778167,74.7164748918532,3.37901540079348
586.216195843193,230.253924090944,4.09142393934173
439.652207900551,457.794494575264,4.7650604796688
658.94254044732,373.069673184525,3.23703038714365
106.685968435919,489.651933510944,4.44367191220189
625.123875183426,89.9443768538521,4.08761904800309
420.939669452638,264.143158506877,3.6213166655376
10.627799018052,180.676128779273,3.28922170859938
71.9923948505723,112.895345689939,4.62303969346141
600.521714137796,200.992476713904,4.30822140853575
247.1953163112,214.452067467072,4.05634660720243
573.479053953482,436.16490998549,3.7868414822097
297.570848425662,138.576152229924,3.70040658133766
537.021257781932,456.688405350102,3.49614969467688
54.5392200318207,424.162927462174,4.12659428560355
206.344078529715,287.097081600502,4.15983028810914
551.114451937374,250.599550757978,3.78768320800851
181.834409987359,30.028745191145,4.11818721339983
494.817109853608,347.657520012461,4.61128879332183
33.4429613931209,50.0408574197831,3.83402642340665
530.062813744042,167.065861342576,4.68548321194139
NA,NA,NA
661.681479003224,333.658412263896,3.43894200807107
456.582915058583,300.993096779544,3.64260562837972
11.2098293708059,496.332015464425,3.64760753221734
563.587882713894,50.1602737729621,4.21752904548385
74.918925781057,373.540064605417,3.93230363602174
232.708458278461,413.667274390734,3.93786219967492
429.850087481463,12.9485963071789,3.16856492748419
365.336623391813,291.210472468684,2.93089867510902
605.550891474424,105.670993660799,4.17045818799922
385.909882459285,229.383382004524,4.14748579561818
570.722410472761,408.440618762889,4.74267697670622
142.663927297297,285.884613354356,4.49506483500998
195.091199179127,369.313161879029,3.99460108532361
123.992461853641,412.783602616094,3.54011046299281
632.340217923542,310.627833278944,4.502236472632
2.08597301482023,145.824803102728,4.27875760398722
543.817696454487,205.964356579623,4.23445807141799
32.6622585846431,493.038722767855,2.9052518965093
280.115902067499,23.263505151892,3.88970451970252
532.889020610193,393.978504908714,3.11240373773707
68.199364715935,74.9042233556763,5.24022199682162
4.99342950778167,74.7164748918532,3.37901540079348
586.216195843193,230.253924090944,4.09142393934173
439.652207900551,457.794494575264,4.7650604796688
658.94254044732,373.069673184525,3.23703038714365
106.685968435919,489.651933510944,4.44367191220189
625.123875183426,89.9443768538521,4.08761904800309
420.939669452638,264.143158506877,3.6213166655376
10.627799018052,180.676128779273,3.28922170859938
71.9923948505723,112.895345689939,4.62303969346141
600.521714137796,200.992476713904,4.30822140853575
247.1953163112,214.452067467072,4.05634660720243
573.479053953482,436.16490998549,3.7868414822097
297.570848425662,138.576152229924,3.70040658133766
537.021257781932,456.688405350102,3.49614969467688
54.5392200318207,424.162927462174,4.12659428560355
206.344078529715,287.097081600502,4.15983028810914
551.114451937374,250.599550757978,3.78768320800851
181.834409987359,30.028745191145,4.11818721339983
494.817109853608,347.657520012461,4.61128879332183
33.4429613931209,50.0408574197831,3.83402642340665
530.062813744042,167.065861342576,4.68548321194139
NA,NA,NA
661.681479003224,333.658412263896,3.43894200807107
456.582915058583,300.993096779544,3.64260562837972
11.2098293708059,496.332015464425,3.64760753221734
563.587882713894,50.1602737729621,4.21752904548385
74.918925781057,373.540064605417,3.93230363602174
232.708458278461,413.667274390734,3.93786219967492
429.850087481463,12.9485963071789,3.16856492748419
365.336623391813,291.210472468684,2.93089867510902
605.550891474424,105.670993660799,4.17045818799922
385.909882459285,229.383382004524,4.14748579561818
570.722410472761,408.440618762889,4.74267697670622
142.663927297297,285.884613354356,4.49506483500998
195.091199179127,369.313161879029,3.99460108532361
123.992461853641,412.783602616094,3.54011046299281
632.340217923542,310.627833278944,4.502236472632
2.08597301482023,145.824803102728,4.27875760398722
543.817696454487,205.964356579623,4.23445807141799
32.6622585846431,493.038722767855,2.9052518965093
280.115902067499,23.263505151892,3.88970451970252
532.889020610193,393.978504908714,3.11240373773707
68.199364715935,74.9042233556763,5.24022199682162
4.99342950778167,74.7164748918532,3.37901540079348
586.216195843193,230.253924090944,4.09142393934173
439.652207900551,457.794494575264,4.7650604796688
658.94254044732,373.069673184525,3.23703038714365
106.685968435919,489.651933510944,4.44367191220189
625.123875183426,89.9443768538521,4.08761904800309
420.939669452638,264.143158506877,3.6213166655376
10.627799018052,180.676128779273,3.28922170859938
71.9923948505723,112.895345689939,4.62303969346141
600.521714137796,200.992476713904,4.30822140853575
247.1953163112,214.452067467072,4.05634660720243
573.479053953482,436.16490998549,3.7868414822097
297.570848425662,138.576152229924,3.70040658133766
537.021257781932,456.688405350102,3.49614969467688
54.5392200318207,424.162927462174,4.12659428560355
206.344078529715,287.097081600502,4.15983028810914
551.114451937374,250.599550757978,3.78768320800851
181.834409987359,30.028745191145,4.11818721339983
494.817109853608,347.657520012461,4.61128879332183
33.4429613931209,50.0408574197831,3.83402642340665
530.062813744042,167.065861342576,4.68548321194139
NA,NA,NA
661.681479003224,333.658412263896,3.43894200807107
456.582915058583,300.993096779544,3.64260562837972
11.2098293708059,496.332015464425,3.64760753221734
563.587882713894,50.1602737729621,4.21752904548385
74.918925781057,373.540064605417,3.93230363602174
232.708458278461,413.667274390734,3.93786219967492
429.850087481463,12.9485963071789,3.16856492748419
365.336623391813,291.210472468684,2.93089867510902
605.550891474424,105.670993660799,4.17045818799922
385.909882459285,229.383382004524,4.14748579561818
570.722410472761,408.440618762889,4.74267697670622
142.663927297297,285.884613354356,4.49506483500998
195.091199179127,369.313161879029,3.99460108532361
123.992461853641,412.783602616094,3.54011046299281
632.340217923542,310.627833278944,4.502236472632
2.08597301482023,145.824803102728,4.27875760398722
543.817696454487,205.964356579623,4.23445807141799
32.6622585846431,493.038722767855,2.9052518965093
280.115902067499,23.263505151892,3.88970451970252
532.889020610193,393.978504908714,3.11240373773707
68.199364715935,74.9042233556763,5.24022199682162
4.99342950778167,74.7164748918532,3.37901540079348
586.216195843193,230.253924090944,4.09142393934173
439.652207900551,457.794494575264,4.7650604796688
658.94254044732,373.069673184525,3.23703038714365
106.685968435919,489.651933510944,4.44367191220189
625.123875183426,89.9443768538521,4.08761904800309
420.939669452638,264.143158506877,3.6213166655376
10.627799018052,180.676128779273,3.28922170859938
71.9923948505723,112.895345689939,4.62303969346141
600.521714137796,200.992476713904,4.30822140853575
247.1953163112,214.452067467072,4.05634660720243
573.479053953482,436.16490998549,3.7868414822097
297.570848425662,138.576152229924,3.70040658133766
537.021257781932,456.688405350102,3.49614969467688
54.5392200318207,424.162927462174,4.12659428560355
206.344078529715,287.097081600502,4.15983028810914
551.114451937374,250.599550757978,3.78768320800851
181.834409987359,30.028745191145,4.11818721339983
494.817109853608,347.657520012461,4.61128879332183
33.4429613931209,50.0408574197831,3.83402642340665
530.062813744042,167.065861342576,4.68548321194139
NA,NA,NA
661.681479003224,333.658412263896,3.43894200807107
456.582915058583,300.993096779544,3.64260562837972
11.2098293708059,496.332015464425,3.64760753221734
563.587882713894,50.1602737729621,4.21752904548385
74.918925781057,373.540064605417,3.93230363602174
232.708458278461,413.667274390734,3.93786219967492
429.850087481463,12.9485963071789,3.16856492748419
365.336623391813,291.210472468684,2.93089867510902
605.550891474424,105.670993660799,4.17045818799922
385.909882459285,229.383382004524,4.14748579561818
570.722410472761,408.440618762889,4.74267697670622
142.663927297297,285.884613354356,4.49506483500998
195.091199179127,369.313161879029,3.99460108532361
123.992461853641,412.783602616094,3.54011046299281
632.340217923542,310.627833278944,4.502236472632
2.08597301482023,145.824803102728,4.27875760398722
543.817696454487,205.964356579623,4.23445807141799
32.6622585846431,493.038722767855,2.9052518965093
280.115902067499,23.263505151892,3.88970451970252
532.889020610193,393.978504908714,3.11240373773707
68.199364715935,74.9042233556763,5.24022199682162
4.99342950778167,74.7164748918532,3.37901540079348
586.216195843193,230.253924090944,4.09142393934173
439.652207900551,457.794494575264,4.7650604796688
658.94254044732,373.069673184525,3.23703038714365
106.685968435919,489.651933510944,4.44367191220189
625.123875183426,89.9443768538521,4.08761904800309
420.939669452638,264.143158506877,3.6213166655376
10.627799018052,180.676128779273,3.28922170859938
71.9923948505723,112.895345689939,4.62303969346141
600.521714137796,200.992476713904,4.30822140853575
247.1953163112,214.452067467072,4.05634660720243
573.479053953482,436.16490998549,3.7868414822097
297.570848425662,138.576152229924,3.70040658133766
537.021257781932,456.688405350102,3.49614969467688
54.5392200318207,424.162927462174,4.12659428560355
206.344078529715,287.097081600502,4.15983028810914
551.114451937374,250.599550757978,3.78768320800851
181.834409987359,30.028745191145,4.11818721339983
494.817109853608,347.657520012461,4.61128879332183
33.4429613931209,50.0408574197831,3.83402642340665
530.062813744042,167.065861342576,4.68548321194139
NA,NA,NA
661.681479003224,333.658412263896,3.43894200807107
456.582915058583,300.993096779544,3.64260562837972
11.2098293708059,496.332015464425,3.64760753221734
563.587882713894,50.1602737729621,4.21752904548385
74.918925781057,373.540064605417,3.93230363602174
232.708458278461,413.667274390734,3.93786219967492
429.850087481463,12.9485963071789,3.16856492748419
365.336623391813,291.210472468684,2.93089867510902
605.550891474424,105.670993660799,4.17045818799922
385.909882459285,229.383382004524,4.14748579561818
570.722410472761,408.440618762889,4.74267697670622
142.663927297297,285.884613354356,4.49506483500998
195.091199179127,369.313161879029,3.99460108532361
123.992461853641,412.783602616094,3.54011046299281
632.340217923542,310.627833278944,4.502236472632
2.08597301482023,145.824803102728,4.27875760398722
543.817696454487,205.964356579623,4.23445807141799
32.6622585846431,493.038722767855,2.9052518965093
280.115902067499,23.263505151892,3.88970451970252
532.889020610193,393.978504908714,3.11240373773707
68.199364715935,74.9042233556763,5.24022199682162
4.99342950778167,74.7164748918532,3.37901540079348
586.216195843193,230.253924090944,4.09142393934173
439.652207900551,457.794494575264,4.7650604796688
658.94254044732,373.069673184525,3.23703038714365
106.685968435919,489.651933510944,4.44367191220189
625.123875183426,89.9443768538521,4.08761904800309
420.939669452638,264.143158506877,3.6213166655376
10.627799018052,180.676128779273,3.28922170859938
71.9923948505723,112.895345689939,4.62303969346141
600.521714137796,200.992476713904,4.30822140853575
247.1953163112,214.452067467072,4.05634660720243
573.479053953482,436.16490998549,3.7868414822097
297.570848425662,138.576152229924,3.70040658133766
537.021257781932,456.688405350102,3.49614969467688
54.5392200318207,424.162927462174,4.12659428560355
206.344078529715,287.097081600502,4.15983028810914
551.114451937374,250.599550757978,3.78768320800851
181.834409987359,30.028745191145,4.11818721339983
494.817109853608,347.657520012461,4.61128879332183
33.4429613931209,50.0408574197831,3.83402642340665
530.062813744042,167.065861342576,4.68548321194139
NA,NA,NA
658.882876868142,335.830120410133,3.43851738063461
455.963131272655,297.029825876248,3.66603128600014
9.45820428370638,493.399373955342,3.67980726077025
565.511117854022,55.3786427440527,4.13273407559348
69.8638609255722,377.876638224348,3.97732088703596
226.235650903368,417.048101631158,3.80602801072334
429.846154731988,13.3302279811429,3.18449395685074
359.52033806364,292.782523973593,2.99709181466981
607.52925917307,104.411841300725,4.20807592748959
390.919900950466,227.867096633115,4.21068481105559
565.738735648747,410.291910579144,4.69949798872949
140.174112556839,278.322801374807,4.57257850210503
200.623252854418,372.078472739838,3.88205533340445
127.39958228019,410.118843499941,3.41850736433751
625.110265514057,317.258431642273,4.57785987951618
-2.7727449997146,146.466433448845,4.25298162373828
539.024345725523,201.006218888163,4.14095884364791
31.3590980057585,491.716008011462,3.07110878781443
278.021841474822,25.9530223057676,3.95148080900105
533.132440277898,391.046311069649,3.4858082988965
75.7442374395119,70.5359911983352,5.32496471368744
8.34609546475629,79.440401817368,3.51136349151831
588.665004265465,231.74062517016,4.09632468500693
445.813442121907,465.861728589665,4.81706758268202
658.5036147108,372.082919395605,2.8820957806521
104.699885571852,489.154557956067,4.37790796932566
621.728841010159,91.9227619011326,4.07158565120658
419.52465057294,261.121917252906,3.73121256978303
11.4703975837954,180.67454325436,3.22390835544099
71.6500679543011,111.769565045637,4.41727381014792
612.638978197259,204.621452415731,4.31173375496113
252.349842192326,217.217425822253,3.84146126619561
572.829025664919,431.060126682356,3.83068315148829
300.144166447482,136.975596530952,4.14412659495041
525.696073147936,459.017435078137,3.58184836209622
50.0824980418029,432.124573645535,4.38098767869376
198.585124320487,290.605759209152,4.02904431130843
557.577976415051,270.248413802494,3.84265735961641
176.208597053218,16.864881373627,4.16316198394533
500.146460174432,347.623608848356,4.57922363370621
49.7581973809203,42.6868728107949,3.89260414587768
533.186562121178,147.386522657599,4.96697457359575
NA,NA,NA
658.882876868142,335.830120410133,3.43851738063461
455.963131272655,297.029825876248,3.66603128600014
9.45820428370638,493.399373955342,3.67980726077025
565.511117854022,55.3786427440527,4.13273407559348
69.8638609255722,377.876638224348,3.97732088703596
226.235650903368,417.048101631158,3.80602801072334
429.846154731988,13.3302279811429,3.18449395685074
359.52033806364,292.782523973593,2.99709181466981
607.52925917307,104.411841300725,4.20807592748959
390.919900950466,227.867096633115,4.21068481105559
565.738735648747,410.291910579144,4.69949798872949
140.174112556839,278.322801374807,4.57257850210503
200.623252854418,372.078472739838,3.88205533340445
127.39958228019,410.118843499941,3.41850736433751
625.110265514057,317.258431642273,4.57785987951618
-2.7727449997146,146.466433448845,4.25298162373828
539.024345725523,201.006218888163,4.14095884364791
31.3590980057585,491.716008011462,3.07110878781443
278.021841474822,25.9530223057676,3.95148080900105
533.132440277898,391.046311069649,3.4858082988965
75.7442374395119,70.5359911983352,5.32496471368744
8.34609546475629,79.440401817368,3.51136349151831
588.665004265465,231.74062517016,4.09632468500693
445.813442121907,465.861728589665,4.81706758268202
658.5036147108,372.082919395605,2.8820957806521
104.699885571852,489.154557956067,4.37790796932566
621.728841010159,91.9227619011326,4.07158565120658
419.52465057294,261.121917252906,3.73121256978303
11.4703975837954,180.67454325436,3.22390835544099
71.6500679543011,111.769565045637,4.41727381014792
612.638978197259,204.621452415731,4.31173375496113
252.349842192326,217.217425822253,3.84146126619561
572.829025664919,431.060126682356,3.83068315148829
300.144166447482,136.975596530952,4.14412659495041
525.696073147936,459.017435078137,3.58184836209622
50.0824980418029,432.124573645535,4.38098767869376
198.585124320487,290.605759209152,4.02904431130843
557.577976415051,270.248413802494,3.84265735961641
176.208597053218,16.864881373627,4.16316198394533
500.146460174432,347.623608848356,4.57922363370621
49.7581973809203,42.6868728107949,3.89260414587768
533.186562121178,147.386522657599,4.96697457359575
NA,NA,NA
658.882876868142,335.830120410133,3.43851738063461
455.963131272655,297.029825876248,3.66603128600014
9.45820428370638,493.399373955342,3.67980726077025
565.511117854022,55.3786427440527,4.13273407559348
69.8638609255722,377.876638224348,3.97732088703596
226.235650903368,417.048101631158,3.80602801072334
429.846154731988,13.3302279811429,3.18449395685074
359.52033806364,292.782523973593,2.99709181466981
607.52925917307,104.411841300725,4.20807592748959
390.919900950466,227.867096633115,4.21068481105559
565.738735648747,410.291910579144,4.69949798872949
140.174112556839,278.322801374807,4.57257850210503
200.623252854418,372.078472739838,3.88205533340445
127.39958228019,410.118843499941,3.41850736433751
625.110265514057,317.258431642273,4.57785987951618
-2.7727449997146,146.466433448845,4.25298162373828
539.024345725523,201.006218888163,4.14095884364791
31.3590980057585,491.716008011462,3.07110878781443
278.021841474822,25.9530223057676,3.95148080900105
533.132440277898,391.046311069649,3.4858082988965
75.7442374395119,70.5359911983352,5.32496471368744
8.34609546475629,79.440401817368,3.51136349151831
588.665004265465,231.74062517016,4.09632468500693
445.813442121907,465.861728589665,4.81706758268202
658.5036147108,372.082919395605,2.8820957806521
104.699885571852,489.154557956067,4.37790796932566
621.728841010159,91.9227619011326,4.07158565120658
419.52465057294,261.121917252906,3.73121256978303
11.4703975837954,180.67454325436,3.22390835544099
71.6500679543011,111.769565045637,4.41727381014792
612.638978197259,204.621452415731,4.31173375496113
252.349842192326,217.217425822253,3.84146126619561
572.829025664919,431.060126682356,3.83068315148829
300.144166447482,136.975596530952,4.14412659495041
525.696073147936,459.017435078137,3.58184836209622
50.0824980418029,432.124573645535,4.38098767869376
198.585124320487,290.605759209152,4.02904431130843
557.577976415051,270.248413802494,3.84265735961641
176.208597053218,16.864881373627,4.16316198394533
500.146460174432,347.623608848356,4.57922363370621
49.7581973809203,42.6868728107949,3.89260414587768
533.186562121178,147.386522657599,4.96697457359575
NA,NA,NA
658.882876868142,335.830120410133,3.43851738063461
455.963131272655,297.029825876248,3.66603128600014
9.45820428370638,493.399373955342,3.67980726077025
565.511117854022,55.3786427440527,4.13273407559348
69.8638609255722,377.876638224348,3.97732088703596
226.235650903368,417.048101631158,3.80602801072334
429.846154731988,13.3302279811429,3.18449395685074
359.52033806364,292.782523973593,2.99709181466981
607.52925917307,104.411841300725,4.20807592748959
390.919900950466,227.867096633115,4.21068481105559
565.738735648747,410.291910579144,4.69949798872949
140.174112556839,278.322801374807,4.57257850210503
200.623252854418,372.078472739838,3.88205533340445
127.39958228019,410.118843499941,3.41850736433751
625.110265514057,317.258431642273,4.57785987951618
-2.7727449997146,146.466433448845,4.25298162373828
539.024345725523,201.006218888163,4.14095884364791
31.3590980057585,491.716008011462,3.07110878781443
278.021841474822,25.9530223057676,3.95148080900105
533.132440277898,391.046311069649,3.4858082988965
75.7442374395119,70.5359911983352,5.32496471368744
8.34609546475629,79.440401817368,3.51136349151831
588.665004265465,231.74062517016,4.09632468500693
445.813442121907,465.861728589665,4.81706758268202
658.5036147108,372.082919395605,2.8820957806521
104.699885571852,489.154557956067,4.37790796932566
621.728841010159,91.9227619011326,4.07158565120658
419.52465057294,261.121917252906,3.73121256978303
11.4703975837954,180.67454325436,3.22390835544099
71.6500679543011,111.769565045637,4.41727381014792
612.638978197259,204.621452415731,4.31173375496113
252.349842192326,217.217425822253,3.84146126619561
572.829025664919,431.060126682356,3.83068315148829
300.144166447482,136.975596530952,4.14412659495041
525.696073147936,459.017435078137,3.58184836209622
50.0824980418029,432.124573645535,4.38098767869376
198.585124320487,290.605759209152,4.02904431130843
557.577976415051,270.248413802494,3.84265735961641
176.208597053218,16.864881373627,4.16316198394533
500.146460174432,347.623608848356,4.57922363370621
49.7581973809203,42.6868728107949,3.89260414587768
533.186562121178,147.386522657599,4.96697457359575
NA,NA,NA
658.882876868142,335.830120410133,3.43851738063461
455.963131272655,297.029825876248,3.66603128600014
9.45820428370638,493.399373955342,3.67980726077025
565.511117854022,55.3786427440527,4.13273407559348
69.8638609255722,377.876638224348,3.97732088703596
226.235650903368,417.048101631158,3.80602801072334
429.846154731988,13.3302279811429,3.18449395685074
359.52033806364,292.782523973593,2.99709181466981
607.52925917307,104.411841300725,4.20807592748959
390.919900950466,227.867096633115,4.21068481105559
565.738735648747,410.291910579144,4.69949798872949
140.174112556839,278.322801374807,4.57257850210503
200.623252854418,372.078472739838,3.88205533340445
127.39958228019,410.118843499941,3.41850736433751
625.110265514057,317.258431642273,4.57785987951618
-2.7727449997146,146.466433448845,4.25298162373828
539.024345725523,201.006218888163,4.14095884364791
31.3590980057585,491.716008011462,3.07110878781443
278.021841474822,25.9530223057676,3.95148080900105
533.132440277898,391.046311069649,3.4858082988965
75.7442374395119,70.5359911983352,5.32496471368744
8.34609546475629,79.440401817368,3.51136349151831
588.665004265465,231.74062517016,4.09632468500693
445.813442121907,465.861728589665,4.81706758268202
658.5036147108,372.082919395605,2.8820957806521
104.699885571852,489.154557956067,4.37790796932566
621.728841010159,91.9227619011326,4.07158565120658
419.52465057294,261.121917252906,3.73121256978303
11.4703975837954,180.67454325436,3.22390835544099
71.6500679543011,111.769565045637,4.41727381014792
612.638978197259,204.621452415731,4.31173375496113
252.349842192326,217.217425822253,3.84146126619561
572.829025664919,431.060126682356,3.83068315148829
300.144166447482,136.975596530952,4.14412659495041
525.696073147936,459.017435078137,3.58184836209622
50.0824980418029,432.124573645535,4.38098767869376
198.585124320487,290.605759209152,4.02904431130843
557.577976415051,270.248413802494,3.84265735961641
176.208597053218,16.864881373627,4.16316198394533
500.146460174432,347.623608848356,4.57922363370621
49.7581973809203,42.6868728107949,3.89260414587768
533.186562121178,147.386522657599,4.96697457359575
NA,NA,NA
658.882876868142,335.830120410133,3.43851738063461
455.963131272655,297.029825876248,3.66603128600014
9.45820428370638,493.399373955342,3.67980726077025
565.511117854022,55.3786427440527,4.13273407559348
69.8638609255722,377.876638224348,3.97732088703596
226.235650903368,417.048101631158,3.80602801072334
429.846154731988,13.3302279811429,3.18449395685074
359.52033806364,292.782523973593,2.99709181466981
607.52925917307,104.411841300725,4.20807592748959
390.919900950466,227.867096633115,4.21068481105559
565.738735648747,410.291910579144,4.69949798872949
140.174112556839,278.322801374807,4.57257850210503
200.623252854418,372.078472739838,3.88205533340445
127.39958228019,410.118843499941,3.41850736433751
625.110265514057,317.258431642273,4.57785987951618
-2.7727449997146,146.466433448845,4.25298162373828
539.024345725523,201.006218888163,4.14095884364791
31.3590980057585,491.716008011462,3.07110878781443
278.021841474822,25.9530223057676,3.95148080900105
533.132440277898,391.046311069649,3.4858082988965
75.7442374395119,70.5359911983352,5.32496471368744
8.34609546475629,79.440401817368,3.51136349151831
588.665004265465,231.74062517016,4.09632468500693
445.813442121907,465.861728589665,4.81706758268202
658.5036147108,372.082919395605,2.8820957806521
104.699885571852,489.154557956067,4.37790796932566
621.728841010159,91.9227619011326,4.07158565120658
419.52465057294,261.121917252906,3.73121256978303
11.4703975837954,180.67454325436,3.22390835544099
71.6500679543011,111.769565045637,4.41727381014792
612.638978197259,204.621452415731,4.31173375496113
252.349842192326,217.217425822253,3.84146126619561
572.829025664919,431.060126682356,3.83068315148829
300.144166447482,136.975596530952,4.14412659495041
525.696073147936,459.017435078137,3.58184836209622
50.0824980418029,432.124573645535,4.38098767869376
198.585124320487,290.605759209152,4.02904431130843
557.577976415051,270.248413802494,3.84265735961641
176.208597053218,16.864881373627,4.16316198394533
500.146460174432,347.623608848356,4.57922363370621
49.7581973809203,42.6868728107949,3.89260414587768
533.186562121178,147.386522657599,4.96697457359575
NA,NA,NA
656.861108678249,331.855843447026,3.50613819088194
456.150337442479,295.013012989148,3.55982648635491
11.9877592806996,491.799576898331,3.64016201273211
559.301593741797,57.0757978633148,4.25177702473353
71.9630207312455,378.43712802359,3.95463542291605
229.372742909296,414.167332792052,3.91218383455056
427.6480194243,13.3862268820556,3.5740838195926
362.807159202525,294.219096988163,2.95602073502655
602.320022157479,107.670128059319,4.24731839238185
385.728700963564,228.465902193614,4.35292728525421
576.067170054489,403.566940444765,4.70524273906925
139.42713444336,279.472065851881,4.70946364596632
202.777418986744,372.604346349874,3.99846084375801
122.125190773532,415.361532690613,3.41503493365946
629.934377937477,307.337016947424,4.49761418841421
0.24970757150548,145.720325535364,4.21303725353859
537.736394770296,203.344408007308,4.14212548160572
33.4309016172516,490.661883372393,2.99988754268266
279.072476377287,24.1665238232039,3.83671138290663
534.590160556783,388.980422773045,3.44857898369699
71.8212350607473,68.7652353480863,5.26659405469496
2.59712956319047,79.3567979661689,3.49792457190804
584.53273430321,229.061535225502,4.06486227201798
436.798714855873,465.37555369727,4.73176382980784
658.011285682544,374.805740088176,2.94872630262973
103.497006067742,490.354696700368,4.39600428041114
626.370486868456,90.4891361756327,4.11743094860737
419.58563045022,255.167451967426,3.66181147204661
12.960297205247,181.738235411262,3.12989560662007
87.182668747059,108.172484204841,4.37739073477302
609.458563159905,209.152016772103,4.48836034835506
260.859939895285,217.297367380584,3.99391912013928
572.698810694224,431.158446713127,3.9426035084383
306.073018142278,139.491558664347,3.81537102995316
531.07885663438,454.138631433335,3.56432034664742
51.5205776173198,409.935357760722,3.9480909855625
203.198380604274,291.789629958243,3.82428117955492
553.474710854368,262.60003175073,3.56506093364441
191.188917449922,38.7478822805569,4.32494325360069
500.610209488127,337.285923204624,4.79606180747727
33.6899124469097,50.3269486643769,3.99162015454322
524.224087097662,151.058029341419,4.47028694535985
NA,NA,NA
656.861108678249,331.855843447026,3.50613819088194
456.150337442479,295.013012989148,3.55982648635491
11.9877592806996,491.799576898331,3.64016201273211
559.301593741797,57.0757978633148,4.25177702473353
71.9630207312455,378.43712802359,3.95463542291605
229.372742909296,414.167332792052,3.91218383455056
427.6480194243,13.3862268820556,3.5740838195926
362.807159202525,294.219096988163,2.95602073502655
602.320022157479,107.670128059319,4.24731839238185
385.728700963564,228.465902193614,4.35292728525421
576.067170054489,403.566940444765,4.70524273906925
139.42713444336,279.472065851881,4.70946364596632
202.777418986744,372.604346349874,3.99846084375801
122.125190773532,415.361532690613,3.41503493365946
629.934377937477,307.337016947424,4.49761418841421
0.24970757150548,145.720325535364,4.21303725353859
537.736394770296,203.344408007308,4.14212548160572
33.4309016172516,490.661883372393,2.99988754268266
279.072476377287,24.1665238232039,3.83671138290663
534.590160556783,388.980422773045,3.44857898369699
71.8212350607473,68.7652353480863,5.26659405469496
2.59712956319047,79.3567979661689,3.49792457190804
584.53273430321,229.061535225502,4.06486227201798
436.798714855873,465.37555369727,4.73176382980784
658.011285682544,374.805740088176,2.94872630262973
103.497006067742,490.354696700368,4.39600428041114
626.370486868456,90.4891361756327,4.11743094860737
419.58563045022,255.167451967426,3.66181147204661
12.960297205247,181.738235411262,3.12989560662007
87.182668747059,108.172484204841,4.37739073477302
609.458563159905,209.152016772103,4.48836034835506
260.859939895285,217.297367380584,3.99391912013928
572.698810694224,431.158446713127,3.9426035084383
306.073018142278,139.491558664347,3.81537102995316
531.07885663438,454.138631433335,3.56432034664742
51.5205776173198,409.935357760722,3.9480909855625
203.198380604274,291.789629958243,3.82428117955492
553.474710854368,262.60003175073,3.56506093364441
191.188917449922,38.7478822805569,4.32494325360069
500.610209488127,337.285923204624,4.79606180747727
33.6899124469097,50.3269486643769,3.99162015454322
524.224087097662,151.058029341419,4.47028694535985
NA,NA,NA
656.861108678249,331.855843447026,3.50613819088194
456.150337442479,295.013012989148,3.55982648635491
11.9877592806996,491.799576898331,3.64016201273211
559.301593741797,57.0757978633148,4.25177702473353
71.9630207312455,378.43712802359,3.95463542291605
229.372742909296,414.167332792052,3.91218383455056
427.6480194243,13.3862268820556,3.5740838195926
362.807159202525,294.219096988163,2.95602073502655
602.320022157479,107.670128059319,4.24731839238185
385.728700963564,228.465902193614,4.35292728525421
576.067170054489,403.566940444765,4.70524273906925
139.42713444336,279.472065851881,4.70946364596632
202.777418986744,372.604346349874,3.99846084375801
122.125190773532,415.361532690613,3.41503493365946
629.934377937477,307.337016947424,4.49761418841421
0.24970757150548,145.720325535364,4.21303725353859
537.736394770296,203.344408007308,4.14212548160572
33.4309016172516,490.661883372393,2.99988754268266
279.072476377287,24.1665238232039,3.83671138290663
534.590160556783,388.980422773045,3.44857898369699
71.8212350607473,68.7652353480863,5.26659405469496
2.59712956319047,79.3567979661689,3.49792457190804
584.53273430321,229.061535225502,4.06486227201798
436.798714855873,465.37555369727,4.73176382980784
658.011285682544,374.805740088176,2.94872630262973
103.497006067742,490.354696700368,4.39600428041114
626.370486868456,90.4891361756327,4.11743094860737
419.58563045022,255.167451967426,3.66181147204661
12.960297205247,181.738235411262,3.12989560662007
87.182668747059,108.172484204841,4.37739073477302
609.458563159905,209.152016772103,4.48836034835506
260.859939895285,217.297367380584,3.99391912013928
572.698810694224,431.158446713127,3.9426035084383
306.073018142278,139.491558664347,3.81537102995316
531.07885663438,454.138631433335,3.56432034664742
51.5205776173198,409.935357760722,3.9480909855625
203.198380604274,291.789629958243,3.82428117955492
553.474710854368,262.60003175073,3.56506093364441
191.188917449922,38.7478822805569,4.32494325360069
500.610209488127,337.285923204624,4.79606180747727
33.6899124469097,50.3269486643769,3.99162015454322
524.224087097662,151.058029341419,4.47028694535985
NA,NA,NA
656.861108678249,331.855843447026,3.50613819088194
456.150337442479,295.013012989148,3.55982648635491
11.9877592806996,491.799576898331,3.64016201273211
559.301593741797,57.0757978633148,4.25177702473353
71.9630207312455,378.43712802359,3.95463542291605
229.372742909296,414.167332792052,3.91218383455056
427.6480194243,13.3862268820556,3.5740838195926
362.807159202525,294.219096988163,2.95602073502655
602.320022157479,107.670128059319,4.24731839238185
385.728700963564,228.465902193614,4.35292728525421
576.067170054489,403.566940444765,4.70524273906925
139.42713444336,279.472065851881,4.70946364596632
202.777418986744,372.604346349874,3.99846084375801
122.125190773532,415.361532690613,3.41503493365946
629.934377937477,307.337016947424,4.49761418841421
0.24970757150548,145.720325535364,4.21303725353859
537.736394770296,203.344408007308,4.14212548160572
33.4309016172516,490.661883372393,2.99988754268266
279.072476377287,24.1665238232039,3.83671138290663
534.590160556783,388.980422773045,3.44857898369699
71.8212350607473,68.7652353480863,5.26659405469496
2.59712956319047,79.3567979661689,3.49792457190804
584.53273430321,229.061535225502,4.06486227201798
436.798714855873,465.37555369727,4.73176382980784
658.011285682544,374.805740088176,2.94872630262973
103.497006067742,490.354696700368,4.39600428041114
626.370486868456,90.4891361756327,4.11743094860737
419.58563045022,255.167451967426,3.66181147204661
12.960297205247,181.738235411262,3.12989560662007
87.182668747059,108.172484204841,4.37739073477302
609.458563159905,209.152016772103,4.48836034835506
260.859939895285,217.297367380584,3.99391912013928
572.698810694224,431.158446713127,3.9426035084383
306.073018142278,139.491558664347,3.81537102995316
531.07885663438,454.138631433335,3.56432034664742
51.5205776173198,409.935357760722,3.9480909855625
203.198380604274,291.789629958243,3.82428117955492
553.474710854368,262.60003175073,3.56506093364441
191.188917449922,38.7478822805569,4.32494325360069
500.610209488127,337.285923204624,4.79606180747727
33.6899124469097,50.3269486643769,3.99162015454322
524.224087097662,151.058029341419,4.47028694535985
NA,NA,NA
656.861108678249,331.855843447026,3.50613819088194
456.150337442479,295.013012989148,3.55982648635491
11.9877592806996,491.799576898331,3.64016201273211
559.301593741797,57.0757978633148,4.25177702473353
71.9630207312455,378.43712802359,3.95463542291605
229.372742909296,414.167332792052,3.91218383455056
427.6480194243,13.3862268820556,3.5740838195926
362.807159202525,294.219096988163,2.95602073502655
602.320022157479,107.670128059319,4.24731839238185
385.728700963564,228.465902193614,4.35292728525421
576.067170054489,403.566940444765,4.70524273906925
139.42713444336,279.472065851881,4.70946364596632
202.777418986744,372.604346349874,3.99846084375801
122.125190773532,415.361532690613,3.41503493365946
629.934377937477,307.337016947424,4.49761418841421
0.24970757150548,145.720325535364,4.21303725353859
537.736394770296,203.344408007308,4.14212548160572
33.4309016172516,490.661883372393,2.99988754268266
279.072476377287,24.1665238232039,3.83671138290663
534.590160556783,388.980422773045,3.44857898369699
71.8212350607473,68.7652353480863,5.26659405469496
2.59712956319047,79.3567979661689,3.49792457190804
584.53273430321,229.061535225502,4.06486227201798
436.798714855873,465.37555369727,4.73176382980784
658.011285682544,374.805740088176,2.94872630262973
103.497006067742,490.354696700368,4.39600428041114
626.370486868456,90.4891361756327,4.11743094860737
419.58563045022,255.167451967426,3.66181147204661
12.960297205247,181.738235411262,3.12989560662007
87.182668747059,108.172484204841,4.37739073477302
609.458563159905,209.152016772103,4.48836034835506
260.859939895285,217.297367380584,3.99391912013928
572.698810694224,431.158446713127,3.9426035084383
306.073018142278,139.491558664347,3.81537102995316
531.07885663438,454.138631433335,3.56432034664742
51.5205776173198,409.935357760722,3.9480909855625
203.198380604274,291.789629958243,3.82428117955492
553.474710854368,262.60003175073,3.56506093364441
191.188917449922,38.7478822805569,4.32494325360069
500.610209488127,337.285923204624,4.79606180747727
33.6899124469097,50.3269486643769,3.99162015454322
524.224087097662,151.058029341419,4.47028694535985
NA,NA,NA
656.861108678249,331.855843447026,3.50613819088194
456.150337442479,295.013012989148,3.55982648635491
11.9877592806996,491.799576898331,3.64016201273211
559.301593741797,57.0757978633148,4.25177702473353
71.9630207312455,378.43712802359,3.95463542291605
229.372742909296,414.167332792052,3.91218383455056
427.6480194243,13.3862268820556,3.5740838195926
362.807159202525,294.219096988163,2.95602073502655
602.320022157479,107.670128059319,4.24731839238185
385.728700963564,228.465902193614,4.35292728525421
576.067170054489,403.566940444765,4.70524273906925
139.42713444336,279.472065851881,4.70946364596632
202.777418986744,372.604346349874,3.99846084375801
122.125190773532,415.361532690613,3.41503493365946
629.934377937477,307.337016947424,4.49761418841421
0.24970757150548,145.720325535364,4.21303725353859
537.736394770296,203.344408007308,4.14212548160572
33.4309016172516,490.661883372393,2.99988754268266
279.072476377287,24.1665238232039,3.83671138290663
534.590160556783,388.980422773045,3.44857898369699
71.8212350607473,68.7652353480863,5.26659405469496
2.59712956319047,79.3567979661689,3.49792457190804
584.53273430321,229.061535225502,4.06486227201798
436.798714855873,465.37555369727,4.73176382980784
658.011285682544,374.805740088176,2.94872630262973
103.497006067742,490.354696700368,4.39600428041114
626.370486868456,90.4891361756327,4.11743094860737
419.58563045022,255.167451967426,3.66181147204661
12.960297205247,181.738235411262,3.12989560662007
87.182668747059,108.172484204841,4.37739073477302
609.458563159905,209.152016772103,4.48836034835506
260.859939895285,217.297367380584,3.99391912013928
572.698810694224,431.158446713127,3.9426035084383
306.073018142278,139.491558664347,3.81537102995316
531.07885663438,454.138631433335,3.56432034664742
51.5205776173198,409.935357760722,3.9480909855625
203.198380604274,291.789629958243,3.82428117955492
553.474710854368,262.60003175073,3.56506093364441
191.188917449922,38.7478822805569,4.32494325360069
391.934286692938,219.04672284331,4.20551194929388
500.610209488127,337.285923204624,4.79606180747727
33.6899124469097,50.3269486643769,3.99162015454322
524.224087097662,151.058029341419,4.47028694535985
NA,NA,NA
657.897980534859,333.91279492647,3.43817643826854
456.664242887766,296.053703216007,3.84360920891208
12.6828704994596,499.049482359133,3.66144626190978
562.025876342395,53.2721126655257,4.23846550615138
69.4961536999654,373.925965557845,4.00018218637073
224.981206584467,414.634283489336,3.84443098563535
430.244242126983,13.3425717480526,3.29754838160423
363.668051655413,292.026341641914,3.06982847709134
605.66304744447,104.678750190436,4.08951514320238
390.063238364345,225.960631561811,4.22424450338444
569.943245511654,403.802062501131,4.75013087625628
144.244191979033,283.011832921871,4.62616290967373
198.031711396246,372.754180609491,4.03086676048612
122.519865842689,409.716125154738,3.26208153523679
626.193973154402,316.681520368577,4.60330283985538
3.67253171714623,147.730445953738,4.22439066930969
543.950222094554,201.874436614566,4.15213540136963
33.850849538472,491.46496542551,3.15824469848586
279.190649601831,24.6405799000616,3.92205033754235
534.536204648044,389.150499804235,3.42789536464373
82.2182457087555,66.9498199772202,5.28268451882294
4.79428942703552,79.439428830119,3.40556805336218
587.032668472381,227.302111865351,3.97128918685329
445.696302234164,458.5522909396,4.85437497438155
657.198154429442,372.98908787466,2.97634048371405
108.182110113625,484.397377407824,4.33757798194216
622.218777466046,92.0247627558898,4.10095985504779
421.677472201937,257.891624520157,3.64797703735491
12.0260342632337,181.521612553786,3.14728702259104
59.8671141971247,114.499895449879,4.4434615454503
626.429473051313,201.456484718607,4.4025955122271
260.436619054574,223.46712397514,4.09884687563647
577.371287659173,432.071730952434,3.87079919790631
294.232735797312,139.16918451841,3.71387789450554
533.816833240543,460.361139990932,3.73431944907895
48.7478802590865,424.467943488526,3.90900546614223
190.571360226655,295.593684517165,4.09550902381982
554.086706790522,265.893199887369,3.67223610663191
164.399487534254,41.8531518890694,4.38753854825894
398.476673091725,238.114701022433,4.07529288793881
497.495916833442,333.757499398898,4.34978273158603
47.1569346640649,51.7354336448573,4.36515070083394
531.024760714485,145.461890067985,4.54731124341876
NA,NA,NA
657.897980534859,333.91279492647,3.43817643826854
456.664242887766,296.053703216007,3.84360920891208
12.6828704994596,499.049482359133,3.66144626190978
562.025876342395,53.2721126655257,4.23846550615138
69.4961536999654,373.925965557845,4.00018218637073
224.981206584467,414.634283489336,3.84443098563535
430.244242126983,13.3425717480526,3.29754838160423
363.668051655413,292.026341641914,3.06982847709134
605.66304744447,104.678750190436,4.08951514320238
390.063238364345,225.960631561811,4.22424450338444
569.943245511654,403.802062501131,4.75013087625628
144.244191979033,283.011832921871,4.62616290967373
198.031711396246,372.754180609491,4.03086676048612
122.519865842689,409.716125154738,3.26208153523679
626.193973154402,316.681520368577,4.60330283985538
3.67253171714623,147.730445953738,4.22439066930969
543.950222094554,201.874436614566,4.15213540136963
33.850849538472,491.46496542551,3.15824469848586
279.190649601831,24.6405799000616,3.92205033754235
534.536204648044,389.150499804235,3.42789536464373
82.2182457087555,66.9498199772202,5.28268451882294
4.79428942703552,79.439428830119,3.40556805336218
587.032668472381,227.302111865351,3.97128918685329
445.696302234164,458.5522909396,4.85437497438155
657.198154429442,372.98908787466,2.97634048371405
108.182110113625,484.397377407824,4.33757798194216
622.218777466046,92.0247627558898,4.10095985504779
421.677472201937,257.891624520157,3.64797703735491
12.0260342632337,181.521612553786,3.14728702259104
59.8671141971247,114.499895449879,4.4434615454503
626.429473051313,201.456484718607,4.4025955122271
260.436619054574,223.46712397514,4.09884687563647
577.371287659173,432.071730952434,3.87079919790631
294.232735797312,139.16918451841,3.71387789450554
533.816833240543,460.361139990932,3.73431944907895
48.7478802590865,424.467943488526,3.90900546614223
190.571360226655,295.593684517165,4.09550902381982
554.086706790522,265.893199887369,3.67223610663191
164.399487534254,41.8531518890694,4.38753854825894
497.495916833442,333.757499398898,4.34978273158603
47.1569346640649,51.7354336448573,4.36515070083394
531.024760714485,145.461890067985,4.54731124341876
NA,NA,NA
657.897980534859,333.91279492647,3.43817643826854
456.664242887766,296.053703216007,3.84360920891208
12.6828704994596,499.049482359133,3.66144626190978
562.025876342395,53.2721126655257,4.23846550615138
69.4961536999654,373.925965557845,4.00018218637073
224.981206584467,414.634283489336,3.84443098563535
430.244242126983,13.3425717480526,3.29754838160423
363.668051655413,292.026341641914,3.06982847709134
605.66304744447,104.678750190436,4.08951514320238
390.063238364345,225.960631561811,4.22424450338444
569.943245511654,403.802062501131,4.75013087625628
144.244191979033,283.011832921871,4.62616290967373
198.031711396246,372.754180609491,4.03086676048612
122.519865842689,409.716125154738,3.26208153523679
626.193973154402,316.681520368577,4.60330283985538
3.67253171714623,147.730445953738,4.22439066930969
543.950222094554,201.874436614566,4.15213540136963
33.850849538472,491.46496542551,3.15824469848586
279.190649601831,24.6405799000616,3.92205033754235
534.536204648044,389.150499804235,3.42789536464373
82.2182457087555,66.9498199772202,5.28268451882294
4.79428942703552,79.439428830119,3.40556805336218
587.032668472381,227.302111865351,3.97128918685329
445.696302234164,458.5522909396,4.85437497438155
657.198154429442,372.98908787466,2.97634048371405
108.182110113625,484.397377407824,4.33757798194216
622.218777466046,92.0247627558898,4.10095985504779
421.677472201937,257.891624520157,3.64797703735491
12.0260342632337,181.521612553786,3.14728702259104
59.8671141971247,114.499895449879,4.4434615454503
626.429473051313,201.456484718607,4.4025955122271
260.436619054574,223.46712397514,4.09884687563647
577.371287659173,432.071730952434,3.87079919790631
294.232735797312,139.16918451841,3.71387789450554
533.816833240543,460.361139990932,3.73431944907895
48.7478802590865,424.467943488526,3.90900546614223
190.571360226655,295.593684517165,4.09550902381982
554.086706790522,265.893199887369,3.67223610663191
164.399487534254,41.8531518890694,4.38753854825894
497.495916833442,333.757499398898,4.34978273158603
47.1569346640649,51.7354336448573,4.36515070083394
531.024760714485,145.461890067985,4.54731124341876
NA,NA,NA
657.897980534859,333.91279492647,3.43817643826854
456.664242887766,296.053703216007,3.84360920891208
12.6828704994596,499.049482359133,3.66144626190978
562.025876342395,53.2721126655257,4.23846550615138
69.4961536999654,373.925965557845,4.00018218637073
224.981206584467,414.634283489336,3.84443098563535
430.244242126983,13.3425717480526,3.29754838160423
363.668051655413,292.026341641914,3.06982847709134
605.66304744447,104.678750190436,4.08951514320238
390.063238364345,225.960631561811,4.22424450338444
569.943245511654,403.802062501131,4.75013087625628
144.244191979033,283.011832921871,4.62616290967373
198.031711396246,372.754180609491,4.03086676048612
122.519865842689,409.716125154738,3.26208153523679
626.193973154402,316.681520368577,4.60330283985538
3.67253171714623,147.730445953738,4.22439066930969
543.950222094554,201.874436614566,4.15213540136963
33.850849538472,491.46496542551,3.15824469848586
279.190649601831,24.6405799000616,3.92205033754235
534.536204648044,389.150499804235,3.42789536464373
82.2182457087555,66.9498199772202,5.28268451882294
4.79428942703552,79.439428830119,3.40556805336218
587.032668472381,227.302111865351,3.97128918685329
445.696302234164,458.5522909396,4.85437497438155
657.198154429442,372.98908787466,2.97634048371405
108.182110113625,484.397377407824,4.33757798194216
622.218777466046,92.0247627558898,4.10095985504779
421.677472201937,257.891624520157,3.64797703735491
12.0260342632337,181.521612553786,3.14728702259104
59.8671141971247,114.499895449879,4.4434615454503
626.429473051313,201.456484718607,4.4025955122271
260.436619054574,223.46712397514,4.09884687563647
577.371287659173,432.071730952434,3.87079919790631
294.232735797312,139.16918451841,3.71387789450554
533.816833240543,460.361139990932,3.73431944907895
48.7478802590865,424.467943488526,3.90900546614223
190.571360226655,295.593684517165,4.09550902381982
554.086706790522,265.893199887369,3.67223610663191
164.399487534254,41.8531518890694,4.38753854825894
497.495916833442,333.757499398898,4.34978273158603
47.1569346640649,51.7354336448573,4.36515070083394
531.024760714485,145.461890067985,4.54731124341876
NA,NA,NA
657.897980534859,333.91279492647,3.43817643826854
456.664242887766,296.053703216007,3.84360920891208
12.6828704994596,499.049482359133,3.66144626190978
562.025876342395,53.2721126655257,4.23846550615138
69.4961536999654,373.925965557845,4.00018218637073
224.981206584467,414.634283489336,3.84443098563535
430.244242126983,13.3425717480526,3.29754838160423
363.668051655413,292.026341641914,3.06982847709134
605.66304744447,104.678750190436,4.08951514320238
390.063238364345,225.960631561811,4.22424450338444
569.943245511654,403.802062501131,4.75013087625628
144.244191979033,283.011832921871,4.62616290967373
198.031711396246,372.754180609491,4.03086676048612
122.519865842689,409.716125154738,3.26208153523679
626.193973154402,316.681520368577,4.60330283985538
3.67253171714623,147.730445953738,4.22439066930969
543.950222094554,201.874436614566,4.15213540136963
33.850849538472,491.46496542551,3.15824469848586
279.190649601831,24.6405799000616,3.92205033754235
534.536204648044,389.150499804235,3.42789536464373
82.2182457087555,66.9498199772202,5.28268451882294
4.79428942703552,79.439428830119,3.40556805336218
587.032668472381,227.302111865351,3.97128918685329
445.696302234164,458.5522909396,4.85437497438155
657.198154429442,372.98908787466,2.97634048371405
108.182110113625,484.397377407824,4.33757798194216
622.218777466046,92.0247627558898,4.10095985504779
421.677472201937,257.891624520157,3.64797703735491
12.0260342632337,181.521612553786,3.14728702259104
59.8671141971247,114.499895449879,4.4434615454503
626.429473051313,201.456484718607,4.4025955122271
260.436619054574,223.46712397514,4.09884687563647
577.371287659173,432.071730952434,3.87079919790631
294.232735797312,139.16918451841,3.71387789450554
533.816833240543,460.361139990932,3.73431944907895
48.7478802590865,424.467943488526,3.90900546614223
190.571360226655,295.593684517165,4.09550902381982
554.086706790522,265.893199887369,3.67223610663191
164.399487534254,41.8531518890694,4.38753854825894
497.495916833442,333.757499398898,4.34978273158603
47.1569346640649,51.7354336448573,4.36515070083394
531.024760714485,145.461890067985,4.54731124341876
NA,NA,NA
657.897980534859,333.91279492647,3.43817643826854
456.664242887766,296.053703216007,3.84360920891208
12.6828704994596,499.049482359133,3.66144626190978
562.025876342395,53.2721126655257,4.23846550615138
69.4961536999654,373.925965557845,4.00018218637073
224.981206584467,414.634283489336,3.84443098563535
430.244242126983,13.3425717480526,3.29754838160423
363.668051655413,292.026341641914,3.06982847709134
605.66304744447,104.678750190436,4.08951514320238
390.063238364345,225.960631561811,4.22424450338444
569.943245511654,403.802062501131,4.75013087625628
144.244191979033,283.011832921871,4.62616290967373
198.031711396246,372.754180609491,4.03086676048612
122.519865842689,409.716125154738,3.26208153523679
626.193973154402,316.681520368577,4.60330283985538
3.67253171714623,147.730445953738,4.22439066930969
543.950222094554,201.874436614566,4.15213540136963
33.850849538472,491.46496542551,3.15824469848586
279.190649601831,24.6405799000616,3.92205033754235
534.536204648044,389.150499804235,3.42789536464373
82.2182457087555,66.9498199772202,5.28268451882294
4.79428942703552,79.439428830119,3.40556805336218
587.032668472381,227.302111865351,3.97128918685329
445.696302234164,458.5522909396,4.85437497438155
657.198154429442,372.98908787466,2.97634048371405
108.182110113625,484.397377407824,4.33757798194216
622.218777466046,92.0247627558898,4.10095985504779
421.677472201937,257.891624520157,3.64797703735491
12.0260342632337,181.521612553786,3.14728702259104
59.8671141971247,114.499895449879,4.4434615454503
626.429473051313,201.456484718607,4.4025955122271
260.436619054574,223.46712397514,4.09884687563647
577.371287659173,432.071730952434,3.87079919790631
294.232735797312,139.16918451841,3.71387789450554
533.816833240543,460.361139990932,3.73431944907895
48.7478802590865,424.467943488526,3.90900546614223
190.571360226655,295.593684517165,4.09550902381982
554.086706790522,265.893199887369,3.67223610663191
164.399487534254,41.8531518890694,4.38753854825894
497.495916833442,333.757499398898,4.34978273158603
47.1569346640649,51.7354336448573,4.36515070083394
531.024760714485,145.461890067985,4.54731124341876
NA,NA,NA
662.188532872375,331.555681421796,3.62162602609116
451.477796921234,295.53855219361,3.44160446584172
11.8507457983738,492.267811177932,3.61382480617509
561.797075444586,55.9833833935845,4.09850253797087
66.8578280586323,377.369782657728,3.95317898877827
234.018788839789,420.058421194451,3.85591136568552
428.520281546987,13.6492762576544,3.29064570240767
362.441131268303,292.248335610395,3.15689808885875
606.927528430883,103.511194006551,4.25084668832769
395.732273837984,229.212103524816,4.33908350914133
574.512709784193,408.74845682394,4.72180200738878
137.014743530973,279.61092865135,4.71919881279255
194.171909855234,367.323391115799,4.06781960538559
125.649256231703,410.50839760153,3.41291072309248
622.997622208313,306.236123777227,4.5624029443848
-2.74244974124529,144.710124012095,4.25643017162481
543.874288400432,197.979080360356,4.34260470688231
34.8232134010108,493.287298745586,2.99169460133872
281.25890111182,20.5728225236638,3.93673620885585
534.49489012104,393.87726203726,3.53556050155994
70.3576351589725,76.3268988742687,5.27256813521893
3.92109152273056,74.4215175031692,3.4344974753011
587.676150951312,230.12118441605,4.05529236871999
444.948502630696,455.346645911341,4.80933049166737
659.443941956098,373.740079302682,3.10910573144819
108.740827013063,484.399011466533,4.36325789023792
621.234934427014,88.2031116359545,4.05445122085357
417.302103452957,259.161188566851,3.70966123622375
12.521412824993,180.618293427772,3.16264561171842
59.9695687416913,113.867326123591,4.56112500229014
619.054842110829,213.736654626662,4.38060755945953
244.810409691335,219.248682692062,3.78829957671822
570.626804414423,433.620193012093,3.86927226324777
304.605761965874,134.694116701966,3.78940772706373
533.67926143801,455.306858876648,3.63138125979765
44.1328900524483,414.029590632495,3.94706256280203
205.184055475329,289.981170747474,4.21354383080294
553.555242326356,261.302926083923,3.72976920594944
173.898367616209,15.0086908927074,4.31960480621731
497.065516484212,343.389526984689,4.07172259267592
39.2754409862114,56.5147850542357,4.01401319900419
536.187162819394,153.485087738058,4.73139085152715
NA,NA,NA
662.188532872375,331.555681421796,3.62162602609116
451.477796921234,295.53855219361,3.44160446584172
11.8507457983738,492.267811177932,3.61382480617509
561.797075444586,55.9833833935845,4.09850253797087
66.8578280586323,377.369782657728,3.95317898877827
234.018788839789,420.058421194451,3.85591136568552
428.520281546987,13.6492762576544,3.29064570240767
362.441131268303,292.248335610395,3.15689808885875
606.927528430883,103.511194006551,4.25084668832769
395.732273837984,229.212103524816,4.33908350914133
574.512709784193,408.74845682394,4.72180200738878
137.014743530973,279.61092865135,4.71919881279255
194.171909855234,367.323391115799,4.06781960538559
125.649256231703,410.50839760153,3.41291072309248
622.997622208313,306.236123777227,4.5624029443848
-2.74244974124529,144.710124012095,4.25643017162481
543.874288400432,197.979080360356,4.34260470688231
34.8232134010108,493.287298745586,2.99169460133872
281.25890111182,20.5728225236638,3.93673620885585
534.49489012104,393.87726203726,3.53556050155994
70.3576351589725,76.3268988742687,5.27256813521893
3.92109152273056,74.4215175031692,3.4344974753011
587.676150951312,230.12118441605,4.05529236871999
444.948502630696,455.346645911341,4.80933049166737
659.443941956098,373.740079302682,3.10910573144819
108.740827013063,484.399011466533,4.36325789023792
621.234934427014,88.2031116359545,4.05445122085357
417.302103452957,259.161188566851,3.70966123622375
12.521412824993,180.618293427772,3.16264561171842
59.9695687416913,113.867326123591,4.56112500229014
619.054842110829,213.736654626662,4.38060755945953
244.810409691335,219.248682692062,3.78829957671822
570.626804414423,433.620193012093,3.86927226324777
304.605761965874,134.694116701966,3.78940772706373
533.67926143801,455.306858876648,3.63138125979765
44.1328900524483,414.029590632495,3.94706256280203
205.184055475329,289.981170747474,4.21354383080294
553.555242326356,261.302926083923,3.72976920594944
173.898367616209,15.0086908927074,4.31960480621731
497.065516484212,343.389526984689,4.07172259267592
39.2754409862114,56.5147850542357,4.01401319900419
536.187162819394,153.485087738058,4.73139085152715
NA,NA,NA
662.188532872375,331.555681421796,3.62162602609116
451.477796921234,295.53855219361,3.44160446584172
11.8507457983738,492.267811177932,3.61382480617509
561.797075444586,55.9833833935845,4.09850253797087
66.8578280586323,377.369782657728,3.95317898877827
234.018788839789,420.058421194451,3.85591136568552
428.520281546987,13.6492762576544,3.29064570240767
362.441131268303,292.248335610395,3.15689808885875
606.927528430883,103.511194006551,4.25084668832769
395.732273837984,229.212103524816,4.33908350914133
574.512709784193,408.74845682394,4.72180200738878
137.014743530973,279.61092865135,4.71919881279255
194.171909855234,367.323391115799,4.06781960538559
125.649256231703,410.50839760153,3.41291072309248
622.997622208313,306.236123777227,4.5624029443848
-2.74244974124529,144.710124012095,4.25643017162481
543.874288400432,197.979080360356,4.34260470688231
34.8232134010108,493.287298745586,2.99169460133872
281.25890111182,20.5728225236638,3.93673620885585
534.49489012104,393.87726203726,3.53556050155994
70.3576351589725,76.3268988742687,5.27256813521893
3.92109152273056,74.4215175031692,3.4344974753011
587.676150951312,230.12118441605,4.05529236871999
444.948502630696,455.346645911341,4.80933049166737
659.443941956098,373.740079302682,3.10910573144819
108.740827013063,484.399011466533,4.36325789023792
621.234934427014,88.2031116359545,4.05445122085357
417.302103452957,259.161188566851,3.70966123622375
12.521412824993,180.618293427772,3.16264561171842
59.9695687416913,113.867326123591,4.56112500229014
619.054842110829,213.736654626662,4.38060755945953
244.810409691335,219.248682692062,3.78829957671822
570.626804414423,433.620193012093,3.86927226324777
304.605761965874,134.694116701966,3.78940772706373
533.67926143801,455.306858876648,3.63138125979765
44.1328900524483,414.029590632495,3.94706256280203
205.184055475329,289.981170747474,4.21354383080294
553.555242326356,261.302926083923,3.72976920594944
173.898367616209,15.0086908927074,4.31960480621731
497.065516484212,343.389526984689,4.07172259267592
39.2754409862114,56.5147850542357,4.01401319900419
536.187162819394,153.485087738058,4.73139085152715
NA,NA,NA
662.188532872375,331.555681421796,3.62162602609116
451.477796921234,295.53855219361,3.44160446584172
11.8507457983738,492.267811177932,3.61382480617509
561.797075444586,55.9833833935845,4.09850253797087
66.8578280586323,377.369782657728,3.95317898877827
234.018788839789,420.058421194451,3.85591136568552
428.520281546987,13.6492762576544,3.29064570240767
362.441131268303,292.248335610395,3.15689808885875
606.927528430883,103.511194006551,4.25084668832769
395.732273837984,229.212103524816,4.33908350914133
574.512709784193,408.74845682394,4.72180200738878
137.014743530973,279.61092865135,4.71919881279255
194.171909855234,367.323391115799,4.06781960538559
125.649256231703,410.50839760153,3.41291072309248
622.997622208313,306.236123777227,4.5624029443848
-2.74244974124529,144.710124012095,4.25643017162481
543.874288400432,197.979080360356,4.34260470688231
34.8232134010108,493.287298745586,2.99169460133872
281.25890111182,20.5728225236638,3.93673620885585
534.49489012104,393.87726203726,3.53556050155994
70.3576351589725,76.3268988742687,5.27256813521893
3.92109152273056,74.4215175031692,3.4344974753011
587.676150951312,230.12118441605,4.05529236871999
444.948502630696,455.346645911341,4.80933049166737
659.443941956098,373.740079302682,3.10910573144819
108.740827013063,484.399011466533,4.36325789023792
621.234934427014,88.2031116359545,4.05445122085357
417.302103452957,259.161188566851,3.70966123622375
12.521412824993,180.618293427772,3.16264561171842
59.9695687416913,113.867326123591,4.56112500229014
619.054842110829,213.736654626662,4.38060755945953
244.810409691335,219.248682692062,3.78829957671822
570.626804414423,433.620193012093,3.86927226324777
304.605761965874,134.694116701966,3.78940772706373
533.67926143801,455.306858876648,3.63138125979765
44.1328900524483,414.029590632495,3.94706256280203
205.184055475329,289.981170747474,4.21354383080294
553.555242326356,261.302926083923,3.72976920594944
173.898367616209,15.0086908927074,4.31960480621731
497.065516484212,343.389526984689,4.07172259267592
39.2754409862114,56.5147850542357,4.01401319900419
536.187162819394,153.485087738058,4.73139085152715
NA,NA,NA
662.188532872375,331.555681421796,3.62162602609116
451.477796921234,295.53855219361,3.44160446584172
11.8507457983738,492.267811177932,3.61382480617509
561.797075444586,55.9833833935845,4.09850253797087
66.8578280586323,377.369782657728,3.95317898877827
234.018788839789,420.058421194451,3.85591136568552
428.520281546987,13.6492762576544,3.29064570240767
362.441131268303,292.248335610395,3.15689808885875
606.927528430883,103.511194006551,4.25084668832769
395.732273837984,229.212103524816,4.33908350914133
574.512709784193,408.74845682394,4.72180200738878
137.014743530973,279.61092865135,4.71919881279255
194.171909855234,367.323391115799,4.06781960538559
125.649256231703,410.50839760153,3.41291072309248
622.997622208313,306.236123777227,4.5624029443848
-2.74244974124529,144.710124012095,4.25643017162481
543.874288400432,197.979080360356,4.34260470688231
34.8232134010108,493.287298745586,2.99169460133872
281.25890111182,20.5728225236638,3.93673620885585
534.49489012104,393.87726203726,3.53556050155994
70.3576351589725,76.3268988742687,5.27256813521893
3.92109152273056,74.4215175031692,3.4344974753011
587.676150951312,230.12118441605,4.05529236871999
444.948502630696,455.346645911341,4.80933049166737
659.443941956098,373.740079302682,3.10910573144819
108.740827013063,484.399011466533,4.36325789023792
621.234934427014,88.2031116359545,4.05445122085357
417.302103452957,259.161188566851,3.70966123622375
12.521412824993,180.618293427772,3.16264561171842
59.9695687416913,113.867326123591,4.56112500229014
619.054842110829,213.736654626662,4.38060755945953
244.810409691335,219.248682692062,3.78829957671822
570.626804414423,433.620193012093,3.86927226324777
304.605761965874,134.694116701966,3.78940772706373
533.67926143801,455.306858876648,3.63138125979765
44.1328900524483,414.029590632495,3.94706256280203
205.184055475329,289.981170747474,4.21354383080294
553.555242326356,261.302926083923,3.72976920594944
173.898367616209,15.0086908927074,4.31960480621731
497.065516484212,343.389526984689,4.07172259267592
39.2754409862114,56.5147850542357,4.01401319900419
536.187162819394,153.485087738058,4.73139085152715
NA,NA,NA
662.188532872375,331.555681421796,3.62162602609116
451.477796921234,295.53855219361,3.44160446584172
11.8507457983738,492.267811177932,3.61382480617509
561.797075444586,55.9833833935845,4.09850253797087
66.8578280586323,377.369782657728,3.95317898877827
234.018788839789,420.058421194451,3.85591136568552
428.520281546987,13.6492762576544,3.29064570240767
362.441131268303,292.248335610395,3.15689808885875
606.927528430883,103.511194006551,4.25084668832769
395.732273837984,229.212103524816,4.33908350914133
574.512709784193,408.74845682394,4.72180200738878
137.014743530973,279.61092865135,4.71919881279255
194.171909855234,367.323391115799,4.06781960538559
125.649256231703,410.50839760153,3.41291072309248
622.997622208313,306.236123777227,4.5624029443848
-2.74244974124529,144.710124012095,4.25643017162481
543.874288400432,197.979080360356,4.34260470688231
34.8232134010108,493.287298745586,2.99169460133872
281.25890111182,20.5728225236638,3.93673620885585
534.49489012104,393.87726203726,3.53556050155994
70.3576351589725,76.3268988742687,5.27256813521893
3.92109152273056,74.4215175031692,3.4344974753011
587.676150951312,230.12118441605,4.05529236871999
444.948502630696,455.346645911341,4.80933049166737
659.443941956098,373.740079302682,3.10910573144819
108.740827013063,484.399011466533,4.36325789023792
621.234934427014,88.2031116359545,4.05445122085357
417.302103452957,259.161188566851,3.70966123622375
12.521412824993,180.618293427772,3.16264561171842
59.9695687416913,113.867326123591,4.56112500229014
619.054842110829,213.736654626662,4.38060755945953
244.810409691335,219.248682692062,3.78829957671822
570.626804414423,433.620193012093,3.86927226324777
304.605761965874,134.694116701966,3.78940772706373
533.67926143801,455.306858876648,3.63138125979765
44.1328900524483,414.029590632495,3.94706256280203
205.184055475329,289.981170747474,4.21354383080294
553.555242326356,261.302926083923,3.72976920594944
173.898367616209,15.0086908927074,4.31960480621731
497.065516484212,343.389526984689,4.07172259267592
39.2754409862114,56.5147850542357,4.01401319900419
536.187162819394,153.485087738058,4.73139085152715
NA,NA,NA
661.625234270684,332.184940450851,3.49380281233304
459.028135856946,295.835711880617,3.56064858512789
5.77525359366081,494.395236210082,3.60807775791496
558.510904096536,55.0353774757987,4.22004341298062
67.9722917161229,377.984098339103,3.8755376926837
224.664066533777,411.332107373618,3.87272490261123
430.241446025293,11.9889768006649,3.37181666289129
359.084310404929,294.178902721166,3.1173079820427
609.359367464195,104.562918294347,4.12832909246957
395.619366255326,231.041103129315,4.27371612677834
570.162018353244,409.603041519588,4.73259990411053
144.530470189354,280.79042829341,4.45519515382576
198.754379465558,372.510387609253,4.01041183776362
124.90258506263,409.32260129415,3.57047643632198
625.5266726493,309.506569779573,4.6297213224676
3.38354693829346,143.351041883362,4.23719589368827
542.610131017889,205.871907008649,4.19612941609722
33.1024152524704,492.685369844711,2.7711770130203
278.841697085846,23.0178026503988,3.85236133704701
532.863814835163,393.275783081008,3.46937550652883
68.1090643368772,82.0073049507898,5.3188628645413
5.76730490528421,78.818464173553,3.52913619472853
587.186072370312,228.583880560736,3.99666986356245
437.032558856512,463.060653246468,4.68308293005014
658.082416815272,373.667882751627,3.04730997947785
103.238231749152,486.21054364407,4.354687386575
618.610384636506,86.7241000074902,4.09266680645981
422.129748180158,261.190055637882,3.66241172690238
10.0307147222029,180.209325573951,3.27177971127118
47.5403075044722,120.080952580194,4.22015813312512
606.359622719235,213.423623902454,4.51005984840172
257.496175766014,216.701709722781,3.91523074430038
571.84615535592,434.717372294564,4.02742509235526
301.817507491609,138.241898245906,3.94854517973186
535.330664712018,455.825029866102,3.73042641398293
37.7493807990797,422.473239998847,3.85817014807804
200.17802545104,297.465627263818,3.97821554134679
553.121502288365,265.277898542174,3.83216539975026
178.840483272363,28.8779631676733,4.25371119210236
504.735544809051,346.336771189029,4.37820117657795
42.0899778580367,45.7974477032525,4.31059052528122
524.954225819051,144.008082395879,4.7653436550167
NA,NA,NA
661.625234270684,332.184940450851,3.49380281233304
459.028135856946,295.835711880617,3.56064858512789
5.77525359366081,494.395236210082,3.60807775791496
558.510904096536,55.0353774757987,4.22004341298062
67.9722917161229,377.984098339103,3.8755376926837
224.664066533777,411.332107373618,3.87272490261123
430.241446025293,11.9889768006649,3.37181666289129
359.084310404929,294.178902721166,3.1173079820427
609.359367464195,104.562918294347,4.12832909246957
395.619366255326,231.041103129315,4.27371612677834
570.162018353244,409.603041519588,4.73259990411053
144.530470189354,280.79042829341,4.45519515382576
198.754379465558,372.510387609253,4.01041183776362
124.90258506263,409.32260129415,3.57047643632198
625.5266726493,309.506569779573,4.6297213224676
3.38354693829346,143.351041883362,4.23719589368827
542.610131017889,205.871907008649,4.19612941609722
33.1024152524704,492.685369844711,2.7711770130203
278.841697085846,23.0178026503988,3.85236133704701
532.863814835163,393.275783081008,3.46937550652883
68.1090643368772,82.0073049507898,5.3188628645413
5.76730490528421,78.818464173553,3.52913619472853
587.186072370312,228.583880560736,3.99666986356245
437.032558856512,463.060653246468,4.68308293005014
658.082416815272,373.667882751627,3.04730997947785
103.238231749152,486.21054364407,4.354687386575
618.610384636506,86.7241000074902,4.09266680645981
422.129748180158,261.190055637882,3.66241172690238
10.0307147222029,180.209325573951,3.27177971127118
47.5403075044722,120.080952580194,4.22015813312512
606.359622719235,213.423623902454,4.51005984840172
257.496175766014,216.701709722781,3.91523074430038
571.84615535592,434.717372294564,4.02742509235526
301.817507491609,138.241898245906,3.94854517973186
535.330664712018,455.825029866102,3.73042641398293
37.7493807990797,422.473239998847,3.85817014807804
200.17802545104,297.465627263818,3.97821554134679
553.121502288365,265.277898542174,3.83216539975026
178.840483272363,28.8779631676733,4.25371119210236
504.735544809051,346.336771189029,4.37820117657795
42.0899778580367,45.7974477032525,4.31059052528122
524.954225819051,144.008082395879,4.7653436550167
NA,NA,NA
661.625234270684,332.184940450851,3.49380281233304
459.028135856946,295.835711880617,3.56064858512789
5.77525359366081,494.395236210082,3.60807775791496
558.510904096536,55.0353774757987,4.22004341298062
67.9722917161229,377.984098339103,3.8755376926837
224.664066533777,411.332107373618,3.87272490261123
430.241446025293,11.9889768006649,3.37181666289129
359.084310404929,294.178902721166,3.1173079820427
609.359367464195,104.562918294347,4.12832909246957
395.619366255326,231.041103129315,4.27371612677834
570.162018353244,409.603041519588,4.73259990411053
144.530470189354,280.79042829341,4.45519515382576
198.754379465558,372.510387609253,4.01041183776362
124.90258506263,409.32260129415,3.57047643632198
625.5266726493,309.506569779573,4.6297213224676
3.38354693829346,143.351041883362,4.23719589368827
542.610131017889,205.871907008649,4.19612941609722
33.1024152524704,492.685369844711,2.7711770130203
278.841697085846,23.0178026503988,3.85236133704701
532.863814835163,393.275783081008,3.46937550652883
68.1090643368772,82.0073049507898,5.3188628645413
5.76730490528421,78.818464173553,3.52913619472853
587.186072370312,228.583880560736,3.99666986356245
437.032558856512,463.060653246468,4.68308293005014
658.082416815272,373.667882751627,3.04730997947785
103.238231749152,486.21054364407,4.354687386575
618.610384636506,86.7241000074902,4.09266680645981
422.129748180158,261.190055637882,3.66241172690238
10.0307147222029,180.209325573951,3.27177971127118
47.5403075044722,120.080952580194,4.22015813312512
606.359622719235,213.423623902454,4.51005984840172
257.496175766014,216.701709722781,3.91523074430038
571.84615535592,434.717372294564,4.02742509235526
301.817507491609,138.241898245906,3.94854517973186
535.330664712018,455.825029866102,3.73042641398293
37.7493807990797,422.473239998847,3.85817014807804
200.17802545104,297.465627263818,3.97821554134679
553.121502288365,265.277898542174,3.83216539975026
178.840483272363,28.8779631676733,4.25371119210236
504.735544809051,346.336771189029,4.37820117657795
42.0899778580367,45.7974477032525,4.31059052528122
524.954225819051,144.008082395879,4.7653436550167
NA,NA,NA
661.625234270684,332.184940450851,3.49380281233304
459.028135856946,295.835711880617,3.56064858512789
5.77525359366081,494.395236210082,3.60807775791496
558.510904096536,55.0353774757987,4.22004341298062
67.9722917161229,377.984098339103,3.8755376926837
224.664066533777,411.332107373618,3.87272490261123
430.241446025293,11.9889768006649,3.37181666289129
359.084310404929,294.178902721166,3.1173079820427
609.359367464195,104.562918294347,4.12832909246957
395.619366255326,231.041103129315,4.27371612677834
570.162018353244,409.603041519588,4.73259990411053
144.530470189354,280.79042829341,4.45519515382576
198.754379465558,372.510387609253,4.01041183776362
124.90258506263,409.32260129415,3.57047643632198
625.5266726493,309.506569779573,4.6297213224676
3.38354693829346,143.351041883362,4.23719589368827
542.610131017889,205.871907008649,4.19612941609722
33.1024152524704,492.685369844711,2.7711770130203
278.841697085846,23.0178026503988,3.85236133704701
532.863814835163,393.275783081008,3.46937550652883
68.1090643368772,82.0073049507898,5.3188628645413
5.76730490528421,78.818464173553,3.52913619472853
587.186072370312,228.583880560736,3.99666986356245
437.032558856512,463.060653246468,4.68308293005014
658.082416815272,373.667882751627,3.04730997947785
103.238231749152,486.21054364407,4.354687386575
618.610384636506,86.7241000074902,4.09266680645981
422.129748180158,261.190055637882,3.66241172690238
10.0307147222029,180.209325573951,3.27177971127118
47.5403075044722,120.080952580194,4.22015813312512
606.359622719235,213.423623902454,4.51005984840172
257.496175766014,216.701709722781,3.91523074430038
571.84615535592,434.717372294564,4.02742509235526
301.817507491609,138.241898245906,3.94854517973186
535.330664712018,455.825029866102,3.73042641398293
37.7493807990797,422.473239998847,3.85817014807804
200.17802545104,297.465627263818,3.97821554134679
553.121502288365,265.277898542174,3.83216539975026
178.840483272363,28.8779631676733,4.25371119210236
504.735544809051,346.336771189029,4.37820117657795
42.0899778580367,45.7974477032525,4.31059052528122
524.954225819051,144.008082395879,4.7653436550167
NA,NA,NA
661.625234270684,332.184940450851,3.49380281233304
459.028135856946,295.835711880617,3.56064858512789
5.77525359366081,494.395236210082,3.60807775791496
558.510904096536,55.0353774757987,4.22004341298062
67.9722917161229,377.984098339103,3.8755376926837
224.664066533777,411.332107373618,3.87272490261123
430.241446025293,11.9889768006649,3.37181666289129
359.084310404929,294.178902721166,3.1173079820427
609.359367464195,104.562918294347,4.12832909246957
395.619366255326,231.041103129315,4.27371612677834
570.162018353244,409.603041519588,4.73259990411053
144.530470189354,280.79042829341,4.45519515382576
198.754379465558,372.510387609253,4.01041183776362
124.90258506263,409.32260129415,3.57047643632198
625.5266726493,309.506569779573,4.6297213224676
3.38354693829346,143.351041883362,4.23719589368827
542.610131017889,205.871907008649,4.19612941609722
33.1024152524704,492.685369844711,2.7711770130203
278.841697085846,23.0178026503988,3.85236133704701
532.863814835163,393.275783081008,3.46937550652883
68.1090643368772,82.0073049507898,5.3188628645413
5.76730490528421,78.818464173553,3.52913619472853
587.186072370312,228.583880560736,3.99666986356245
437.032558856512,463.060653246468,4.68308293005014
658.082416815272,373.667882751627,3.04730997947785
103.238231749152,486.21054364407,4.354687386575
618.610384636506,86.7241000074902,4.09266680645981
422.129748180158,261.190055637882,3.66241172690238
10.0307147222029,180.209325573951,3.27177971127118
47.5403075044722,120.080952580194,4.22015813312512
606.359622719235,213.423623902454,4.51005984840172
257.496175766014,216.701709722781,3.91523074430038
571.84615535592,434.717372294564,4.02742509235526
301.817507491609,138.241898245906,3.94854517973186
535.330664712018,455.825029866102,3.73042641398293
37.7493807990797,422.473239998847,3.85817014807804
200.17802545104,297.465627263818,3.97821554134679
553.121502288365,265.277898542174,3.83216539975026
178.840483272363,28.8779631676733,4.25371119210236
504.735544809051,346.336771189029,4.37820117657795
42.0899778580367,45.7974477032525,4.31059052528122
524.954225819051,144.008082395879,4.7653436550167
NA,NA,NA
661.625234270684,332.184940450851,3.49380281233304
459.028135856946,295.835711880617,3.56064858512789
5.77525359366081,494.395236210082,3.60807775791496
558.510904096536,55.0353774757987,4.22004341298062
67.9722917161229,377.984098339103,3.8755376926837
224.664066533777,411.332107373618,3.87272490261123
430.241446025293,11.9889768006649,3.37181666289129
359.084310404929,294.178902721166,3.1173079820427
609.359367464195,104.562918294347,4.12832909246957
395.619366255326,231.041103129315,4.27371612677834
570.162018353244,409.603041519588,4.73259990411053
144.530470189354,280.79042829341,4.45519515382576
198.754379465558,372.510387609253,4.01041183776362
124.90258506263,409.32260129415,3.57047643632198
625.5266726493,309.506569779573,4.6297213224676
3.38354693829346,143.351041883362,4.23719589368827
542.610131017889,205.871907008649,4.19612941609722
33.1024152524704,492.685369844711,2.7711770130203
278.841697085846,23.0178026503988,3.85236133704701
532.863814835163,393.275783081008,3.46937550652883
68.1090643368772,82.0073049507898,5.3188628645413
5.76730490528421,78.818464173553,3.52913619472853
587.186072370312,228.583880560736,3.99666986356245
437.032558856512,463.060653246468,4.68308293005014
658.082416815272,373.667882751627,3.04730997947785
103.238231749152,486.21054364407,4.354687386575
618.610384636506,86.7241000074902,4.09266680645981
422.129748180158,261.190055637882,3.66241172690238
10.0307147222029,180.209325573951,3.27177971127118
47.5403075044722,120.080952580194,4.22015813312512
606.359622719235,213.423623902454,4.51005984840172
257.496175766014,216.701709722781,3.91523074430038
571.84615535592,434.717372294564,4.02742509235526
301.817507491609,138.241898245906,3.94854517973186
535.330664712018,455.825029866102,3.73042641398293
37.7493807990797,422.473239998847,3.85817014807804
200.17802545104,297.465627263818,3.97821554134679
553.121502288365,265.277898542174,3.83216539975026
178.840483272363,28.8779631676733,4.25371119210236
504.735544809051,346.336771189029,4.37820117657795
42.0899778580367,45.7974477032525,4.31059052528122
524.954225819051,144.008082395879,4.7653436550167
NA,NA,NA
660.519555962979,335.036541052619,3.48526212915929
452.467165312286,298.615379416546,3.73678179477081
9.84282309305249,498.3386763636,3.63747711565064
557.783988252316,49.5751158360586,4.22330077428942
74.5161446876316,380.970274428169,3.94597095935443
227.71496310191,418.132727294004,3.81987432254289
429.733199773485,13.2530438174141,3.31951204450191
359.397974337349,288.445274061944,2.93353227893542
607.311061851808,106.915646653555,4.2379736401949
395.965241195812,227.623179123043,4.22860083068433
563.992550635769,405.517140031408,4.70229209036911
141.029455571711,278.058338452686,4.58995475004197
194.203455896598,370.026037428539,4.10576039697702
120.416250690523,411.786392445774,3.38220777557299
625.015218783636,319.643568827265,4.52815768160706
1.94003750512088,149.513469532822,4.27179999870386
543.292796854879,196.873140871771,4.08125263572238
32.1911624379176,493.819088200942,3.09935970267999
279.61359689828,20.6518706288647,3.84138517356444
535.210330939599,395.500446020541,3.43780481286401
69.1930905701526,69.6773625485424,5.30846939524859
2.36242932592921,71.2082809215257,3.34338069227738
591.929776958463,223.226674151794,4.10667512573875
441.900063956223,460.476625306795,4.77710978871438
659.399964800938,372.650709991698,3.16452029347198
109.70502031569,484.025270564582,4.33916537943955
625.727527342553,89.1241058260768,4.0495049788961
421.036770399701,259.786582725872,3.73571345946469
10.9846229481677,181.801174835393,3.12071370564497
69.249580842518,113.305593360728,4.66253974711224
612.394913034694,201.236114252109,4.15470556740603
252.972548920746,222.8522211344,3.50902755249412
571.517297916698,438.218749703346,3.79850575061518
303.551421783283,134.686760092849,3.93601289049322
527.078984680782,460.236988943823,3.44368977827499
40.1304224930013,425.289661316236,3.53641459722345
195.679584491889,286.049578910587,3.94070690144551
545.187933609344,269.126280024435,3.72147206873431
168.515958303305,32.7095450944398,4.05978341488052
498.325658798988,339.522908361067,4.38164901369575
42.8393381546703,49.9920998487958,3.79855545109649
530.55527543244,155.850957686944,4.63698907331156
NA,NA,NA
660.519555962979,335.036541052619,3.48526212915929
452.467165312286,298.615379416546,3.73678179477081
9.84282309305249,498.3386763636,3.63747711565064
557.783988252316,49.5751158360586,4.22330077428942
74.5161446876316,380.970274428169,3.94597095935443
227.71496310191,418.132727294004,3.81987432254289
429.733199773485,13.2530438174141,3.31951204450191
359.397974337349,288.445274061944,2.93353227893542
607.311061851808,106.915646653555,4.2379736401949
395.965241195812,227.623179123043,4.22860083068433
563.992550635769,405.517140031408,4.70229209036911
141.029455571711,278.058338452686,4.58995475004197
194.203455896598,370.026037428539,4.10576039697702
120.416250690523,411.786392445774,3.38220777557299
625.015218783636,319.643568827265,4.52815768160706
1.94003750512088,149.513469532822,4.27179999870386
543.292796854879,196.873140871771,4.08125263572238
32.1911624379176,493.819088200942,3.09935970267999
279.61359689828,20.6518706288647,3.84138517356444
535.210330939599,395.500446020541,3.43780481286401
69.1930905701526,69.6773625485424,5.30846939524859
2.36242932592921,71.2082809215257,3.34338069227738
591.929776958463,223.226674151794,4.10667512573875
441.900063956223,460.476625306795,4.77710978871438
659.399964800938,372.650709991698,3.16452029347198
109.70502031569,484.025270564582,4.33916537943955
625.727527342553,89.1241058260768,4.0495049788961
421.036770399701,259.786582725872,3.73571345946469
10.9846229481677,181.801174835393,3.12071370564497
69.249580842518,113.305593360728,4.66253974711224
612.394913034694,201.236114252109,4.15470556740603
252.972548920746,222.8522211344,3.50902755249412
571.517297916698,438.218749703346,3.79850575061518
303.551421783283,134.686760092849,3.93601289049322
527.078984680782,460.236988943823,3.44368977827499
40.1304224930013,425.289661316236,3.53641459722345
195.679584491889,286.049578910587,3.94070690144551
545.187933609344,269.126280024435,3.72147206873431
168.515958303305,32.7095450944398,4.05978341488052
498.325658798988,339.522908361067,4.38164901369575
42.8393381546703,49.9920998487958,3.79855545109649
530.55527543244,155.850957686944,4.63698907331156
NA,NA,NA
660.519555962979,335.036541052619,3.48526212915929
452.467165312286,298.615379416546,3.73678179477081
9.84282309305249,498.3386763636,3.63747711565064
557.783988252316,49.5751158360586,4.22330077428942
74.5161446876316,380.970274428169,3.94597095935443
227.71496310191,418.132727294004,3.81987432254289
429.733199773485,13.2530438174141,3.31951204450191
359.397974337349,288.445274061944,2.93353227893542
607.311061851808,106.915646653555,4.2379736401949
395.965241195812,227.623179123043,4.22860083068433
563.992550635769,405.517140031408,4.70229209036911
141.029455571711,278.058338452686,4.58995475004197
194.203455896598,370.026037428539,4.10576039697702
120.416250690523,411.786392445774,3.38220777557299
625.015218783636,319.643568827265,4.52815768160706
1.94003750512088,149.513469532822,4.27179999870386
543.292796854879,196.873140871771,4.08125263572238
32.1911624379176,493.819088200942,3.09935970267999
279.61359689828,20.6518706288647,3.84138517356444
535.210330939599,395.500446020541,3.43780481286401
69.1930905701526,69.6773625485424,5.30846939524859
2.36242932592921,71.2082809215257,3.34338069227738
591.929776958463,223.226674151794,4.10667512573875
441.900063956223,460.476625306795,4.77710978871438
659.399964800938,372.650709991698,3.16452029347198
109.70502031569,484.025270564582,4.33916537943955
625.727527342553,89.1241058260768,4.0495049788961
421.036770399701,259.786582725872,3.73571345946469
10.9846229481677,181.801174835393,3.12071370564497
69.249580842518,113.305593360728,4.66253974711224
612.394913034694,201.236114252109,4.15470556740603
252.972548920746,222.8522211344,3.50902755249412
571.517297916698,438.218749703346,3.79850575061518
303.551421783283,134.686760092849,3.93601289049322
527.078984680782,460.236988943823,3.44368977827499
40.1304224930013,425.289661316236,3.53641459722345
195.679584491889,286.049578910587,3.94070690144551
545.187933609344,269.126280024435,3.72147206873431
168.515958303305,32.7095450944398,4.05978341488052
498.325658798988,339.522908361067,4.38164901369575
42.8393381546703,49.9920998487958,3.79855545109649
530.55527543244,155.850957686944,4.63698907331156
NA,NA,NA
660.519555962979,335.036541052619,3.48526212915929
452.467165312286,298.615379416546,3.73678179477081
9.84282309305249,498.3386763636,3.63747711565064
557.783988252316,49.5751158360586,4.22330077428942
74.5161446876316,380.970274428169,3.94597095935443
227.71496310191,418.132727294004,3.81987432254289
429.733199773485,13.2530438174141,3.31951204450191
359.397974337349,288.445274061944,2.93353227893542
607.311061851808,106.915646653555,4.2379736401949
395.965241195812,227.623179123043,4.22860083068433
563.992550635769,405.517140031408,4.70229209036911
141.029455571711,278.058338452686,4.58995475004197
194.203455896598,370.026037428539,4.10576039697702
120.416250690523,411.786392445774,3.38220777557299
625.015218783636,319.643568827265,4.52815768160706
1.94003750512088,149.513469532822,4.27179999870386
543.292796854879,196.873140871771,4.08125263572238
32.1911624379176,493.819088200942,3.09935970267999
279.61359689828,20.6518706288647,3.84138517356444
535.210330939599,395.500446020541,3.43780481286401
69.1930905701526,69.6773625485424,5.30846939524859
2.36242932592921,71.2082809215257,3.34338069227738
591.929776958463,223.226674151794,4.10667512573875
441.900063956223,460.476625306795,4.77710978871438
659.399964800938,372.650709991698,3.16452029347198
109.70502031569,484.025270564582,4.33916537943955
625.727527342553,89.1241058260768,4.0495049788961
421.036770399701,259.786582725872,3.73571345946469
10.9846229481677,181.801174835393,3.12071370564497
69.249580842518,113.305593360728,4.66253974711224
612.394913034694,201.236114252109,4.15470556740603
252.972548920746,222.8522211344,3.50902755249412
571.517297916698,438.218749703346,3.79850575061518
303.551421783283,134.686760092849,3.93601289049322
527.078984680782,460.236988943823,3.44368977827499
40.1304224930013,425.289661316236,3.53641459722345
195.679584491889,286.049578910587,3.94070690144551
545.187933609344,269.126280024435,3.72147206873431
168.515958303305,32.7095450944398,4.05978341488052
498.325658798988,339.522908361067,4.38164901369575
42.8393381546703,49.9920998487958,3.79855545109649
530.55527543244,155.850957686944,4.63698907331156
NA,NA,NA
660.519555962979,335.036541052619,3.48526212915929
452.467165312286,298.615379416546,3.73678179477081
9.84282309305249,498.3386763636,3.63747711565064
557.783988252316,49.5751158360586,4.22330077428942
74.5161446876316,380.970274428169,3.94597095935443
227.71496310191,418.132727294004,3.81987432254289
429.733199773485,13.2530438174141,3.31951204450191
359.397974337349,288.445274061944,2.93353227893542
607.311061851808,106.915646653555,4.2379736401949
395.965241195812,227.623179123043,4.22860083068433
563.992550635769,405.517140031408,4.70229209036911
141.029455571711,278.058338452686,4.58995475004197
194.203455896598,370.026037428539,4.10576039697702
120.416250690523,411.786392445774,3.38220777557299
625.015218783636,319.643568827265,4.52815768160706
1.94003750512088,149.513469532822,4.27179999870386
543.292796854879,196.873140871771,4.08125263572238
32.1911624379176,493.819088200942,3.09935970267999
279.61359689828,20.6518706288647,3.84138517356444
535.210330939599,395.500446020541,3.43780481286401
69.1930905701526,69.6773625485424,5.30846939524859
2.36242932592921,71.2082809215257,3.34338069227738
591.929776958463,223.226674151794,4.10667512573875
441.900063956223,460.476625306795,4.77710978871438
659.399964800938,372.650709991698,3.16452029347198
109.70502031569,484.025270564582,4.33916537943955
625.727527342553,89.1241058260768,4.0495049788961
421.036770399701,259.786582725872,3.73571345946469
10.9846229481677,181.801174835393,3.12071370564497
69.249580842518,113.305593360728,4.66253974711224
612.394913034694,201.236114252109,4.15470556740603
252.972548920746,222.8522211344,3.50902755249412
571.517297916698,438.218749703346,3.79850575061518
303.551421783283,134.686760092849,3.93601289049322
527.078984680782,460.236988943823,3.44368977827499
40.1304224930013,425.289661316236,3.53641459722345
195.679584491889,286.049578910587,3.94070690144551
545.187933609344,269.126280024435,3.72147206873431
168.515958303305,32.7095450944398,4.05978341488052
498.325658798988,339.522908361067,4.38164901369575
42.8393381546703,49.9920998487958,3.79855545109649
530.55527543244,155.850957686944,4.63698907331156
NA,NA,NA
660.519555962979,335.036541052619,3.48526212915929
452.467165312286,298.615379416546,3.73678179477081
9.84282309305249,498.3386763636,3.63747711565064
557.783988252316,49.5751158360586,4.22330077428942
74.5161446876316,380.970274428169,3.94597095935443
227.71496310191,418.132727294004,3.81987432254289
429.733199773485,13.2530438174141,3.31951204450191
359.397974337349,288.445274061944,2.93353227893542
607.311061851808,106.915646653555,4.2379736401949
395.965241195812,227.623179123043,4.22860083068433
563.992550635769,405.517140031408,4.70229209036911
141.029455571711,278.058338452686,4.58995475004197
194.203455896598,370.026037428539,4.10576039697702
120.416250690523,411.786392445774,3.38220777557299
625.015218783636,319.643568827265,4.52815768160706
1.94003750512088,149.513469532822,4.27179999870386
543.292796854879,196.873140871771,4.08125263572238
32.1911624379176,493.819088200942,3.09935970267999
279.61359689828,20.6518706288647,3.84138517356444
535.210330939599,395.500446020541,3.43780481286401
69.1930905701526,69.6773625485424,5.30846939524859
2.36242932592921,71.2082809215257,3.34338069227738
591.929776958463,223.226674151794,4.10667512573875
441.900063956223,460.476625306795,4.77710978871438
659.399964800938,372.650709991698,3.16452029347198
109.70502031569,484.025270564582,4.33916537943955
625.727527342553,89.1241058260768,4.0495049788961
421.036770399701,259.786582725872,3.73571345946469
10.9846229481677,181.801174835393,3.12071370564497
69.249580842518,113.305593360728,4.66253974711224
612.394913034694,201.236114252109,4.15470556740603
252.972548920746,222.8522211344,3.50902755249412
571.517297916698,438.218749703346,3.79850575061518
303.551421783283,134.686760092849,3.93601289049322
527.078984680782,460.236988943823,3.44368977827499
40.1304224930013,425.289661316236,3.53641459722345
195.679584491889,286.049578910587,3.94070690144551
545.187933609344,269.126280024435,3.72147206873431
168.515958303305,32.7095450944398,4.05978341488052
498.325658798988,339.522908361067,4.38164901369575
42.8393381546703,49.9920998487958,3.79855545109649
530.55527543244,155.850957686944,4.63698907331156
NA,NA,NA
658.713897860182,335.251132754026,3.45577485335056
457.309287904524,299.564847613375,3.56253314606385
7.16823865406914,497.378550018188,3.63045861069732
565.789343126283,50.8843348740697,4.2250440737103
72.5562139111527,376.487715894856,4.00952275078438
227.517554599271,416.935260122619,3.95078555576699
426.348808592088,13.1672336930757,3.3811275172843
361.287276649521,290.870219381433,2.94447316710919
598.115359710818,101.334686837645,4.22216154020651
388.302083033724,229.848153058236,4.15852229126875
567.958814379181,406.330452655116,4.75739667637249
141.807764934096,281.235912869727,4.57750313622545
197.567840432139,368.06592842505,3.99744727559096
124.961727213316,410.23573095258,3.34612311653031
623.52120433797,316.05357399753,4.47240031143724
-1.41304229547055,152.563321380235,4.24418755522358
544.488150203002,200.789217244318,4.24641989111406
35.0904041601397,491.990480691558,2.88592209562617
277.191062560731,27.8266126099739,3.90877905570463
531.611281904941,393.880782433252,3.26905414918436
76.6301761303105,79.7332608836471,5.21122346149537
4.48452578721961,77.1041316113526,3.52891318317095
587.507718976641,227.864875684198,4.02648502216361
437.322086896373,467.283408469725,4.87045662054391
657.2094938362,374.018868522706,2.86715263116375
100.052829413161,487.178015240643,4.39093219944001
623.615149865535,86.9174481695024,4.03831854051633
421.122874054137,258.412060355338,3.67213504267652
13.5174820133668,183.29259094201,3.20080739932634
72.7845981488364,123.509215372371,4.5000274375122
610.671153580279,207.401856707708,4.45652324214443
252.216162893137,213.196040625055,3.95215494102095
564.595300832003,437.069031805265,3.56884176620096
297.821692975718,133.113772275902,3.9143804039487
532.339848540337,462.005116696678,3.57033021768001
45.3832107375542,415.88421433378,4.05656060836618
187.026436280141,291.526638488907,4.2779625277931
544.58553301887,266.171774051654,3.90267435674219
183.714933387161,37.9316096553842,4.11177746021486
502.933414974695,355.902354418228,4.49687452762656
48.2757857562105,52.4640100645066,3.95216033512571
524.056726703623,137.22672454702,4.35618225519129
NA,NA,NA
658.713897860182,335.251132754026,3.45577485335056
457.309287904524,299.564847613375,3.56253314606385
7.16823865406914,497.378550018188,3.63045861069732
565.789343126283,50.8843348740697,4.2250440737103
72.5562139111527,376.487715894856,4.00952275078438
227.517554599271,416.935260122619,3.95078555576699
426.348808592088,13.1672336930757,3.3811275172843
361.287276649521,290.870219381433,2.94447316710919
598.115359710818,101.334686837645,4.22216154020651
388.302083033724,229.848153058236,4.15852229126875
567.958814379181,406.330452655116,4.75739667637249
141.807764934096,281.235912869727,4.57750313622545
197.567840432139,368.06592842505,3.99744727559096
124.961727213316,410.23573095258,3.34612311653031
623.52120433797,316.05357399753,4.47240031143724
-1.41304229547055,152.563321380235,4.24418755522358
544.488150203002,200.789217244318,4.24641989111406
35.0904041601397,491.990480691558,2.88592209562617
277.191062560731,27.8266126099739,3.90877905570463
531.611281904941,393.880782433252,3.26905414918436
76.6301761303105,79.7332608836471,5.21122346149537
4.48452578721961,77.1041316113526,3.52891318317095
587.507718976641,227.864875684198,4.02648502216361
437.322086896373,467.283408469725,4.87045662054391
657.2094938362,374.018868522706,2.86715263116375
100.052829413161,487.178015240643,4.39093219944001
623.615149865535,86.9174481695024,4.03831854051633
421.122874054137,258.412060355338,3.67213504267652
13.5174820133668,183.29259094201,3.20080739932634
72.7845981488364,123.509215372371,4.5000274375122
610.671153580279,207.401856707708,4.45652324214443
252.216162893137,213.196040625055,3.95215494102095
564.595300832003,437.069031805265,3.56884176620096
297.821692975718,133.113772275902,3.9143804039487
532.339848540337,462.005116696678,3.57033021768001
45.3832107375542,415.88421433378,4.05656060836618
187.026436280141,291.526638488907,4.2779625277931
544.58553301887,266.171774051654,3.90267435674219
183.714933387161,37.9316096553842,4.11177746021486
502.933414974695,355.902354418228,4.49687452762656
48.2757857562105,52.4640100645066,3.95216033512571
524.056726703623,137.22672454702,4.35618225519129
NA,NA,NA
658.713897860182,335.251132754026,3.45577485335056
457.309287904524,299.564847613375,3.56253314606385
7.16823865406914,497.378550018188,3.63045861069732
565.789343126283,50.8843348740697,4.2250440737103
72.5562139111527,376.487715894856,4.00952275078438
227.517554599271,416.935260122619,3.95078555576699
426.348808592088,13.1672336930757,3.3811275172843
361.287276649521,290.870219381433,2.94447316710919
598.115359710818,101.334686837645,4.22216154020651
388.302083033724,229.848153058236,4.15852229126875
567.958814379181,406.330452655116,4.75739667637249
141.807764934096,281.235912869727,4.57750313622545
197.567840432139,368.06592842505,3.99744727559096
124.961727213316,410.23573095258,3.34612311653031
623.52120433797,316.05357399753,4.47240031143724
-1.41304229547055,152.563321380235,4.24418755522358
544.488150203002,200.789217244318,4.24641989111406
35.0904041601397,491.990480691558,2.88592209562617
277.191062560731,27.8266126099739,3.90877905570463
531.611281904941,393.880782433252,3.26905414918436
76.6301761303105,79.7332608836471,5.21122346149537
4.48452578721961,77.1041316113526,3.52891318317095
587.507718976641,227.864875684198,4.02648502216361
437.322086896373,467.283408469725,4.87045662054391
657.2094938362,374.018868522706,2.86715263116375
100.052829413161,487.178015240643,4.39093219944001
623.615149865535,86.9174481695024,4.03831854051633
421.122874054137,258.412060355338,3.67213504267652
13.5174820133668,183.29259094201,3.20080739932634
72.7845981488364,123.509215372371,4.5000274375122
610.671153580279,207.401856707708,4.45652324214443
252.216162893137,213.196040625055,3.95215494102095
564.595300832003,437.069031805265,3.56884176620096
297.821692975718,133.113772275902,3.9143804039487
532.339848540337,462.005116696678,3.57033021768001
45.3832107375542,415.88421433378,4.05656060836618
187.026436280141,291.526638488907,4.2779625277931
544.58553301887,266.171774051654,3.90267435674219
183.714933387161,37.9316096553842,4.11177746021486
502.933414974695,355.902354418228,4.49687452762656
48.2757857562105,52.4640100645066,3.95216033512571
524.056726703623,137.22672454702,4.35618225519129
NA,NA,NA
658.713897860182,335.251132754026,3.45577485335056
457.309287904524,299.564847613375,3.56253314606385
7.16823865406914,497.378550018188,3.63045861069732
565.789343126283,50.8843348740697,4.2250440737103
72.5562139111527,376.487715894856,4.00952275078438
227.517554599271,416.935260122619,3.95078555576699
426.348808592088,13.1672336930757,3.3811275172843
361.287276649521,290.870219381433,2.94447316710919
598.115359710818,101.334686837645,4.22216154020651
388.302083033724,229.848153058236,4.15852229126875
567.958814379181,406.330452655116,4.75739667637249
141.807764934096,281.235912869727,4.57750313622545
197.567840432139,368.06592842505,3.99744727559096
124.961727213316,410.23573095258,3.34612311653031
623.52120433797,316.05357399753,4.47240031143724
-1.41304229547055,152.563321380235,4.24418755522358
544.488150203002,200.789217244318,4.24641989111406
35.0904041601397,491.990480691558,2.88592209562617
277.191062560731,27.8266126099739,3.90877905570463
531.611281904941,393.880782433252,3.26905414918436
76.6301761303105,79.7332608836471,5.21122346149537
4.48452578721961,77.1041316113526,3.52891318317095
587.507718976641,227.864875684198,4.02648502216361
437.322086896373,467.283408469725,4.87045662054391
657.2094938362,374.018868522706,2.86715263116375
100.052829413161,487.178015240643,4.39093219944001
623.615149865535,86.9174481695024,4.03831854051633
421.122874054137,258.412060355338,3.67213504267652
13.5174820133668,183.29259094201,3.20080739932634
72.7845981488364,123.509215372371,4.5000274375122
610.671153580279,207.401856707708,4.45652324214443
252.216162893137,213.196040625055,3.95215494102095
564.595300832003,437.069031805265,3.56884176620096
297.821692975718,133.113772275902,3.9143804039487
532.339848540337,462.005116696678,3.57033021768001
45.3832107375542,415.88421433378,4.05656060836618
187.026436280141,291.526638488907,4.2779625277931
544.58553301887,266.171774051654,3.90267435674219
183.714933387161,37.9316096553842,4.11177746021486
502.933414974695,355.902354418228,4.49687452762656
48.2757857562105,52.4640100645066,3.95216033512571
524.056726703623,137.22672454702,4.35618225519129
NA,NA,NA
658.713897860182,335.251132754026,3.45577485335056
457.309287904524,299.564847613375,3.56253314606385
7.16823865406914,497.378550018188,3.63045861069732
565.789343126283,50.8843348740697,4.2250440737103
72.5562139111527,376.487715894856,4.00952275078438
227.517554599271,416.935260122619,3.95078555576699
426.348808592088,13.1672336930757,3.3811275172843
361.287276649521,290.870219381433,2.94447316710919
598.115359710818,101.334686837645,4.22216154020651
388.302083033724,229.848153058236,4.15852229126875
567.958814379181,406.330452655116,4.75739667637249
141.807764934096,281.235912869727,4.57750313622545
197.567840432139,368.06592842505,3.99744727559096
124.961727213316,410.23573095258,3.34612311653031
623.52120433797,316.05357399753,4.47240031143724
-1.41304229547055,152.563321380235,4.24418755522358
544.488150203002,200.789217244318,4.24641989111406
35.0904041601397,491.990480691558,2.88592209562617
277.191062560731,27.8266126099739,3.90877905570463
531.611281904941,393.880782433252,3.26905414918436
76.6301761303105,79.7332608836471,5.21122346149537
4.48452578721961,77.1041316113526,3.52891318317095
587.507718976641,227.864875684198,4.02648502216361
437.322086896373,467.283408469725,4.87045662054391
657.2094938362,374.018868522706,2.86715263116375
100.052829413161,487.178015240643,4.39093219944001
623.615149865535,86.9174481695024,4.03831854051633
421.122874054137,258.412060355338,3.67213504267652
13.5174820133668,183.29259094201,3.20080739932634
72.7845981488364,123.509215372371,4.5000274375122
610.671153580279,207.401856707708,4.45652324214443
252.216162893137,213.196040625055,3.95215494102095
564.595300832003,437.069031805265,3.56884176620096
297.821692975718,133.113772275902,3.9143804039487
532.339848540337,462.005116696678,3.57033021768001
45.3832107375542,415.88421433378,4.05656060836618
187.026436280141,291.526638488907,4.2779625277931
544.58553301887,266.171774051654,3.90267435674219
183.714933387161,37.9316096553842,4.11177746021486
502.933414974695,355.902354418228,4.49687452762656
48.2757857562105,52.4640100645066,3.95216033512571
524.056726703623,137.22672454702,4.35618225519129
NA,NA,NA
658.713897860182,335.251132754026,3.45577485335056
457.309287904524,299.564847613375,3.56253314606385
7.16823865406914,497.378550018188,3.63045861069732
565.789343126283,50.8843348740697,4.2250440737103
72.5562139111527,376.487715894856,4.00952275078438
227.517554599271,416.935260122619,3.95078555576699
426.348808592088,13.1672336930757,3.3811275172843
361.287276649521,290.870219381433,2.94447316710919
598.115359710818,101.334686837645,4.22216154020651
388.302083033724,229.848153058236,4.15852229126875
567.958814379181,406.330452655116,4.75739667637249
141.807764934096,281.235912869727,4.57750313622545
197.567840432139,368.06592842505,3.99744727559096
124.961727213316,410.23573095258,3.34612311653031
623.52120433797,316.05357399753,4.47240031143724
-1.41304229547055,152.563321380235,4.24418755522358
544.488150203002,200.789217244318,4.24641989111406
35.0904041601397,491.990480691558,2.88592209562617
277.191062560731,27.8266126099739,3.90877905570463
531.611281904941,393.880782433252,3.26905414918436
76.6301761303105,79.7332608836471,5.21122346149537
4.48452578721961,77.1041316113526,3.52891318317095
587.507718976641,227.864875684198,4.02648502216361
437.322086896373,467.283408469725,4.87045662054391
657.2094938362,374.018868522706,2.86715263116375
100.052829413161,487.178015240643,4.39093219944001
623.615149865535,86.9174481695024,4.03831854051633
421.122874054137,258.412060355338,3.67213504267652
13.5174820133668,183.29259094201,3.20080739932634
72.7845981488364,123.509215372371,4.5000274375122
610.671153580279,207.401856707708,4.45652324214443
252.216162893137,213.196040625055,3.95215494102095
564.595300832003,437.069031805265,3.56884176620096
297.821692975718,133.113772275902,3.9143804039487
532.339848540337,462.005116696678,3.57033021768001
45.3832107375542,415.88421433378,4.05656060836618
187.026436280141,291.526638488907,4.2779625277931
544.58553301887,266.171774051654,3.90267435674219
183.714933387161,37.9316096553842,4.11177746021486
502.933414974695,355.902354418228,4.49687452762656
48.2757857562105,52.4640100645066,3.95216033512571
524.056726703623,137.22672454702,4.35618225519129
NA,NA,NA
657.174261831861,337.546890231229,3.45622997977491
456.609174769698,297.859511760583,3.65799264993871
11.2356842977511,493.4801560877,3.58793762908644
560.544988273446,53.0827283811366,4.18408082195364
74.602892579096,376.650102241774,4.11125479218012
229.947401480501,412.839241628356,3.83372910989277
428.001519970191,13.4341998739558,3.2581210759373
363.474532934411,290.540753956784,2.91226002628522
603.664851280828,99.1823980754114,4.1904161681118
390.242306130221,228.775713749677,4.15974097545992
566.443590418928,405.484134464224,4.78251463576987
134.45652627461,282.267406397148,4.52801139597898
193.735082665664,367.334466098759,4.01093985631197
125.322873352283,411.36314906477,3.30274616403367
636.21971312945,307.525236893031,4.64588886849044
0.329282392142882,152.747407274525,4.37389579582715
547.854940429278,201.022230780609,4.34395490158474
32.6526074114245,489.53883353035,3.09210752820397
279.584667390249,20.8996322867985,3.97723231481556
533.393875663952,396.290611158807,3.1824812527317
75.1431122590702,73.7709998619266,5.28938538184346
4.83378612011416,75.1142811020018,3.36264385751414
590.070539665693,228.507222594713,4.00491901966848
434.544006722996,464.636950783621,4.8422407252976
659.20582081064,372.30452266154,2.92517216027116
106.516872309815,488.236559319363,4.41483738565236
623.094839389206,87.5056033233497,4.07889583808922
421.208114881945,257.881994168139,3.59345332993021
10.5153814066508,182.326739242593,3.12923259745374
77.298199062011,106.542111787703,4.51867510730377
603.379767110086,199.579110028978,4.59076227211742
259.252904806215,226.350034907762,3.8016604912387
578.370093285128,434.598359201736,3.99071632099762
300.969384884441,138.015521885662,3.61807850633926
528.471637975599,457.915675793394,3.47764183281199
50.2752807115249,417.011886804453,3.87006599891794
211.712756859201,289.914179142035,4.09221303981394
551.323272345341,260.514073497488,3.73253456888572
168.180043408963,34.7125208538889,4.28508194201022
503.130172037679,352.314522369239,4.46687635015292
41.9245179157155,55.00514047027,3.87647750276707
550.932754620428,155.501469721078,4.65808241949254
NA,NA,NA
657.174261831861,337.546890231229,3.45622997977491
456.609174769698,297.859511760583,3.65799264993871
11.2356842977511,493.4801560877,3.58793762908644
560.544988273446,53.0827283811366,4.18408082195364
74.602892579096,376.650102241774,4.11125479218012
229.947401480501,412.839241628356,3.83372910989277
428.001519970191,13.4341998739558,3.2581210759373
363.474532934411,290.540753956784,2.91226002628522
603.664851280828,99.1823980754114,4.1904161681118
390.242306130221,228.775713749677,4.15974097545992
566.443590418928,405.484134464224,4.78251463576987
134.45652627461,282.267406397148,4.52801139597898
193.735082665664,367.334466098759,4.01093985631197
125.322873352283,411.36314906477,3.30274616403367
636.21971312945,307.525236893031,4.64588886849044
0.329282392142882,152.747407274525,4.37389579582715
547.854940429278,201.022230780609,4.34395490158474
32.6526074114245,489.53883353035,3.09210752820397
279.584667390249,20.8996322867985,3.97723231481556
533.393875663952,396.290611158807,3.1824812527317
75.1431122590702,73.7709998619266,5.28938538184346
4.83378612011416,75.1142811020018,3.36264385751414
590.070539665693,228.507222594713,4.00491901966848
434.544006722996,464.636950783621,4.8422407252976
659.20582081064,372.30452266154,2.92517216027116
106.516872309815,488.236559319363,4.41483738565236
623.094839389206,87.5056033233497,4.07889583808922
421.208114881945,257.881994168139,3.59345332993021
10.5153814066508,182.326739242593,3.12923259745374
77.298199062011,106.542111787703,4.51867510730377
603.379767110086,199.579110028978,4.59076227211742
259.252904806215,226.350034907762,3.8016604912387
578.370093285128,434.598359201736,3.99071632099762
300.969384884441,138.015521885662,3.61807850633926
528.471637975599,457.915675793394,3.47764183281199
50.2752807115249,417.011886804453,3.87006599891794
211.712756859201,289.914179142035,4.09221303981394
551.323272345341,260.514073497488,3.73253456888572
168.180043408963,34.7125208538889,4.28508194201022
503.130172037679,352.314522369239,4.46687635015292
41.9245179157155,55.00514047027,3.87647750276707
550.932754620428,155.501469721078,4.65808241949254
NA,NA,NA
657.174261831861,337.546890231229,3.45622997977491
456.609174769698,297.859511760583,3.65799264993871
11.2356842977511,493.4801560877,3.58793762908644
560.544988273446,53.0827283811366,4.18408082195364
74.602892579096,376.650102241774,4.11125479218012
229.947401480501,412.839241628356,3.83372910989277
428.001519970191,13.4341998739558,3.2581210759373
363.474532934411,290.540753956784,2.91226002628522
603.664851280828,99.1823980754114,4.1904161681118
390.242306130221,228.775713749677,4.15974097545992
566.443590418928,405.484134464224,4.78251463576987
134.45652627461,282.267406397148,4.52801139597898
193.735082665664,367.334466098759,4.01093985631197
125.322873352283,411.36314906477,3.30274616403367
636.21971312945,307.525236893031,4.64588886849044
0.329282392142882,152.747407274525,4.37389579582715
547.854940429278,201.022230780609,4.34395490158474
32.6526074114245,489.53883353035,3.09210752820397
279.584667390249,20.8996322867985,3.97723231481556
533.393875663952,396.290611158807,3.1824812527317
75.1431122590702,73.7709998619266,5.28938538184346
4.83378612011416,75.1142811020018,3.36264385751414
590.070539665693,228.507222594713,4.00491901966848
434.544006722996,464.636950783621,4.8422407252976
659.20582081064,372.30452266154,2.92517216027116
106.516872309815,488.236559319363,4.41483738565236
623.094839389206,87.5056033233497,4.07889583808922
421.208114881945,257.881994168139,3.59345332993021
10.5153814066508,182.326739242593,3.12923259745374
77.298199062011,106.542111787703,4.51867510730377
603.379767110086,199.579110028978,4.59076227211742
259.252904806215,226.350034907762,3.8016604912387
578.370093285128,434.598359201736,3.99071632099762
300.969384884441,138.015521885662,3.61807850633926
528.471637975599,457.915675793394,3.47764183281199
50.2752807115249,417.011886804453,3.87006599891794
211.712756859201,289.914179142035,4.09221303981394
551.323272345341,260.514073497488,3.73253456888572
168.180043408963,34.7125208538889,4.28508194201022
503.130172037679,352.314522369239,4.46687635015292
41.9245179157155,55.00514047027,3.87647750276707
550.932754620428,155.501469721078,4.65808241949254
NA,NA,NA
657.174261831861,337.546890231229,3.45622997977491
456.609174769698,297.859511760583,3.65799264993871
11.2356842977511,493.4801560877,3.58793762908644
560.544988273446,53.0827283811366,4.18408082195364
74.602892579096,376.650102241774,4.11125479218012
229.947401480501,412.839241628356,3.83372910989277
428.001519970191,13.4341998739558,3.2581210759373
363.474532934411,290.540753956784,2.91226002628522
603.664851280828,99.1823980754114,4.1904161681118
390.242306130221,228.775713749677,4.15974097545992
566.443590418928,405.484134464224,4.78251463576987
134.45652627461,282.267406397148,4.52801139597898
193.735082665664,367.334466098759,4.01093985631197
125.322873352283,411.36314906477,3.30274616403367
636.21971312945,307.525236893031,4.64588886849044
0.329282392142882,152.747407274525,4.37389579582715
547.854940429278,201.022230780609,4.34395490158474
32.6526074114245,489.53883353035,3.09210752820397
279.584667390249,20.8996322867985,3.97723231481556
533.393875663952,396.290611158807,3.1824812527317
75.1431122590702,73.7709998619266,5.28938538184346
4.83378612011416,75.1142811020018,3.36264385751414
590.070539665693,228.507222594713,4.00491901966848
434.544006722996,464.636950783621,4.8422407252976
659.20582081064,372.30452266154,2.92517216027116
106.516872309815,488.236559319363,4.41483738565236
623.094839389206,87.5056033233497,4.07889583808922
421.208114881945,257.881994168139,3.59345332993021
10.5153814066508,182.326739242593,3.12923259745374
77.298199062011,106.542111787703,4.51867510730377
603.379767110086,199.579110028978,4.59076227211742
259.252904806215,226.350034907762,3.8016604912387
578.370093285128,434.598359201736,3.99071632099762
300.969384884441,138.015521885662,3.61807850633926
528.471637975599,457.915675793394,3.47764183281199
50.2752807115249,417.011886804453,3.87006599891794
211.712756859201,289.914179142035,4.09221303981394
551.323272345341,260.514073497488,3.73253456888572
168.180043408963,34.7125208538889,4.28508194201022
503.130172037679,352.314522369239,4.46687635015292
41.9245179157155,55.00514047027,3.87647750276707
550.932754620428,155.501469721078,4.65808241949254
NA,NA,NA
657.174261831861,337.546890231229,3.45622997977491
456.609174769698,297.859511760583,3.65799264993871
11.2356842977511,493.4801560877,3.58793762908644
560.544988273446,53.0827283811366,4.18408082195364
74.602892579096,376.650102241774,4.11125479218012
229.947401480501,412.839241628356,3.83372910989277
428.001519970191,13.4341998739558,3.2581210759373
363.474532934411,290.540753956784,2.91226002628522
603.664851280828,99.1823980754114,4.1904161681118
390.242306130221,228.775713749677,4.15974097545992
566.443590418928,405.484134464224,4.78251463576987
134.45652627461,282.267406397148,4.52801139597898
193.735082665664,367.334466098759,4.01093985631197
125.322873352283,411.36314906477,3.30274616403367
636.21971312945,307.525236893031,4.64588886849044
0.329282392142882,152.747407274525,4.37389579582715
547.854940429278,201.022230780609,4.34395490158474
32.6526074114245,489.53883353035,3.09210752820397
279.584667390249,20.8996322867985,3.97723231481556
533.393875663952,396.290611158807,3.1824812527317
75.1431122590702,73.7709998619266,5.28938538184346
4.83378612011416,75.1142811020018,3.36264385751414
590.070539665693,228.507222594713,4.00491901966848
434.544006722996,464.636950783621,4.8422407252976
659.20582081064,372.30452266154,2.92517216027116
106.516872309815,488.236559319363,4.41483738565236
623.094839389206,87.5056033233497,4.07889583808922
421.208114881945,257.881994168139,3.59345332993021
10.5153814066508,182.326739242593,3.12923259745374
77.298199062011,106.542111787703,4.51867510730377
603.379767110086,199.579110028978,4.59076227211742
259.252904806215,226.350034907762,3.8016604912387
578.370093285128,434.598359201736,3.99071632099762
300.969384884441,138.015521885662,3.61807850633926
528.471637975599,457.915675793394,3.47764183281199
50.2752807115249,417.011886804453,3.87006599891794
211.712756859201,289.914179142035,4.09221303981394
551.323272345341,260.514073497488,3.73253456888572
168.180043408963,34.7125208538889,4.28508194201022
503.130172037679,352.314522369239,4.46687635015292
41.9245179157155,55.00514047027,3.87647750276707
550.932754620428,155.501469721078,4.65808241949254
NA,NA,NA
657.174261831861,337.546890231229,3.45622997977491
456.609174769698,297.859511760583,3.65799264993871
11.2356842977511,493.4801560877,3.58793762908644
560.544988273446,53.0827283811366,4.18408082195364
74.602892579096,376.650102241774,4.11125479218012
229.947401480501,412.839241628356,3.83372910989277
428.001519970191,13.4341998739558,3.2581210759373
363.474532934411,290.540753956784,2.91226002628522
603.664851280828,99.1823980754114,4.1904161681118
390.242306130221,228.775713749677,4.15974097545992
566.443590418928,405.484134464224,4.78251463576987
134.45652627461,282.267406397148,4.52801139597898
193.735082665664,367.334466098759,4.01093985631197
125.322873352283,411.36314906477,3.30274616403367
636.21971312945,307.525236893031,4.64588886849044
0.329282392142882,152.747407274525,4.37389579582715
547.854940429278,201.022230780609,4.34395490158474
32.6526074114245,489.53883353035,3.09210752820397
279.584667390249,20.8996322867985,3.97723231481556
533.393875663952,396.290611158807,3.1824812527317
75.1431122590702,73.7709998619266,5.28938538184346
4.83378612011416,75.1142811020018,3.36264385751414
590.070539665693,228.507222594713,4.00491901966848
434.544006722996,464.636950783621,4.8422407252976
659.20582081064,372.30452266154,2.92517216027116
106.516872309815,488.236559319363,4.41483738565236
623.094839389206,87.5056033233497,4.07889583808922
421.208114881945,257.881994168139,3.59345332993021
10.5153814066508,182.326739242593,3.12923259745374
77.298199062011,106.542111787703,4.51867510730377
603.379767110086,199.579110028978,4.59076227211742
259.252904806215,226.350034907762,3.8016604912387
578.370093285128,434.598359201736,3.99071632099762
300.969384884441,138.015521885662,3.61807850633926
528.471637975599,457.915675793394,3.47764183281199
50.2752807115249,417.011886804453,3.87006599891794
211.712756859201,289.914179142035,4.09221303981394
551.323272345341,260.514073497488,3.73253456888572
168.180043408963,34.7125208538889,4.28508194201022
503.130172037679,352.314522369239,4.46687635015292
41.9245179157155,55.00514047027,3.87647750276707
550.932754620428,155.501469721078,4.65808241949254
NA,NA,NA
658.406596958733,332.540877432177,3.42319657442052
454.001203681566,294.894678089813,3.60998498121476
9.94000632642845,495.914026663103,3.65275295870583
559.822332421921,48.8487116980852,4.3357390941611
72.1360768043999,375.278194150016,3.90250661663758
233.520331055119,416.757390636047,3.80871644174396
430.427301939565,9.51925547639583,3.1996367223884
361.903162530645,291.997928626212,2.91785702320217
601.76756954083,103.788825608786,4.14886077647244
395.10622547891,228.722164377687,4.11059505388434
566.854877367939,406.069631506862,4.67766699117668
139.02794229467,282.577519433112,4.54440526619284
193.381345747164,368.938863755453,4.04956222881275
123.17309592834,410.37533964168,3.54379920154309
626.499922785473,312.481985206542,4.65248502463435
-1.39809899438092,145.461424893309,4.21149747038208
541.216527463216,204.715792576259,4.07990834758667
34.8715715261221,491.089212297333,2.89385405463051
281.876408985733,22.3413748396473,3.81472549232224
536.212743039218,388.025405259619,3.42495770279902
79.3949155309628,82.9463865391805,5.20434318951283
3.68733967010721,76.3843290794775,3.34900522658703
590.447452978279,225.370471504919,4.02636426035009
442.684130691527,462.768535913113,4.74174368806849
658.682432372285,373.860664675222,3.0640421498738
110.776144566472,483.993967710385,4.28951163012916
621.778320015997,89.4985665151278,4.07728434645811
417.227283507813,257.497608839451,3.59535432369827
11.0853965523757,180.67954588679,3.25192124698315
60.1883327247954,113.427953737098,4.68934536252102
593.232807752663,208.798708253589,4.39348171849433
248.011398351808,215.754147591367,3.60285044796536
580.395832097941,431.908877165941,3.74803983368037
300.170278757381,133.122844057628,3.84330175613512
531.028200987699,458.828424411139,3.63375817386585
51.5055142495647,410.603430411501,3.79365892852881
191.941306695336,297.34275938002,3.71305258190918
551.504697820117,264.012383743373,3.55367893970969
167.85047509562,36.9334682122418,3.94654112771303
497.235222644269,342.294237262136,4.59631957646949
37.9409320770651,58.7039389130954,3.87560039619954
542.335063332573,164.26387286221,4.81199964993322
NA,NA,NA
658.406596958733,332.540877432177,3.42319657442052
454.001203681566,294.894678089813,3.60998498121476
9.94000632642845,495.914026663103,3.65275295870583
559.822332421921,48.8487116980852,4.3357390941611
72.1360768043999,375.278194150016,3.90250661663758
233.520331055119,416.757390636047,3.80871644174396
430.427301939565,9.51925547639583,3.1996367223884
361.903162530645,291.997928626212,2.91785702320217
601.76756954083,103.788825608786,4.14886077647244
395.10622547891,228.722164377687,4.11059505388434
566.854877367939,406.069631506862,4.67766699117668
139.02794229467,282.577519433112,4.54440526619284
193.381345747164,368.938863755453,4.04956222881275
123.17309592834,410.37533964168,3.54379920154309
626.499922785473,312.481985206542,4.65248502463435
-1.39809899438092,145.461424893309,4.21149747038208
541.216527463216,204.715792576259,4.07990834758667
34.8715715261221,491.089212297333,2.89385405463051
281.876408985733,22.3413748396473,3.81472549232224
536.212743039218,388.025405259619,3.42495770279902
79.3949155309628,82.9463865391805,5.20434318951283
3.68733967010721,76.3843290794775,3.34900522658703
590.447452978279,225.370471504919,4.02636426035009
442.684130691527,462.768535913113,4.74174368806849
658.682432372285,373.860664675222,3.0640421498738
110.776144566472,483.993967710385,4.28951163012916
621.778320015997,89.4985665151278,4.07728434645811
417.227283507813,257.497608839451,3.59535432369827
11.0853965523757,180.67954588679,3.25192124698315
60.1883327247954,113.427953737098,4.68934536252102
593.232807752663,208.798708253589,4.39348171849433
248.011398351808,215.754147591367,3.60285044796536
580.395832097941,431.908877165941,3.74803983368037
300.170278757381,133.122844057628,3.84330175613512
531.028200987699,458.828424411139,3.63375817386585
51.5055142495647,410.603430411501,3.79365892852881
191.941306695336,297.34275938002,3.71305258190918
551.504697820117,264.012383743373,3.55367893970969
167.85047509562,36.9334682122418,3.94654112771303
497.235222644269,342.294237262136,4.59631957646949
37.9409320770651,58.7039389130954,3.87560039619954
542.335063332573,164.26387286221,4.81199964993322
NA,NA,NA
658.406596958733,332.540877432177,3.42319657442052
454.001203681566,294.894678089813,3.60998498121476
9.94000632642845,495.914026663103,3.65275295870583
559.822332421921,48.8487116980852,4.3357390941611
72.1360768043999,375.278194150016,3.90250661663758
233.520331055119,416.757390636047,3.80871644174396
430.427301939565,9.51925547639583,3.1996367223884
361.903162530645,291.997928626212,2.91785702320217
601.76756954083,103.788825608786,4.14886077647244
395.10622547891,228.722164377687,4.11059505388434
566.854877367939,406.069631506862,4.67766699117668
139.02794229467,282.577519433112,4.54440526619284
193.381345747164,368.938863755453,4.04956222881275
123.17309592834,410.37533964168,3.54379920154309
626.499922785473,312.481985206542,4.65248502463435
-1.39809899438092,145.461424893309,4.21149747038208
541.216527463216,204.715792576259,4.07990834758667
34.8715715261221,491.089212297333,2.89385405463051
281.876408985733,22.3413748396473,3.81472549232224
536.212743039218,388.025405259619,3.42495770279902
79.3949155309628,82.9463865391805,5.20434318951283
3.68733967010721,76.3843290794775,3.34900522658703
590.447452978279,225.370471504919,4.02636426035009
442.684130691527,462.768535913113,4.74174368806849
658.682432372285,373.860664675222,3.0640421498738
110.776144566472,483.993967710385,4.28951163012916
621.778320015997,89.4985665151278,4.07728434645811
417.227283507813,257.497608839451,3.59535432369827
11.0853965523757,180.67954588679,3.25192124698315
60.1883327247954,113.427953737098,4.68934536252102
593.232807752663,208.798708253589,4.39348171849433
248.011398351808,215.754147591367,3.60285044796536
580.395832097941,431.908877165941,3.74803983368037
300.170278757381,133.122844057628,3.84330175613512
531.028200987699,458.828424411139,3.63375817386585
51.5055142495647,410.603430411501,3.79365892852881
191.941306695336,297.34275938002,3.71305258190918
551.504697820117,264.012383743373,3.55367893970969
167.85047509562,36.9334682122418,3.94654112771303
497.235222644269,342.294237262136,4.59631957646949
37.9409320770651,58.7039389130954,3.87560039619954
542.335063332573,164.26387286221,4.81199964993322
NA,NA,NA
658.406596958733,332.540877432177,3.42319657442052
454.001203681566,294.894678089813,3.60998498121476
9.94000632642845,495.914026663103,3.65275295870583
559.822332421921,48.8487116980852,4.3357390941611
72.1360768043999,375.278194150016,3.90250661663758
233.520331055119,416.757390636047,3.80871644174396
430.427301939565,9.51925547639583,3.1996367223884
361.903162530645,291.997928626212,2.91785702320217
601.76756954083,103.788825608786,4.14886077647244
395.10622547891,228.722164377687,4.11059505388434
566.854877367939,406.069631506862,4.67766699117668
139.02794229467,282.577519433112,4.54440526619284
193.381345747164,368.938863755453,4.04956222881275
123.17309592834,410.37533964168,3.54379920154309
626.499922785473,312.481985206542,4.65248502463435
-1.39809899438092,145.461424893309,4.21149747038208
541.216527463216,204.715792576259,4.07990834758667
34.8715715261221,491.089212297333,2.89385405463051
281.876408985733,22.3413748396473,3.81472549232224
536.212743039218,388.025405259619,3.42495770279902
79.3949155309628,82.9463865391805,5.20434318951283
3.68733967010721,76.3843290794775,3.34900522658703
590.447452978279,225.370471504919,4.02636426035009
442.684130691527,462.768535913113,4.74174368806849
658.682432372285,373.860664675222,3.0640421498738
110.776144566472,483.993967710385,4.28951163012916
621.778320015997,89.4985665151278,4.07728434645811
417.227283507813,257.497608839451,3.59535432369827
11.0853965523757,180.67954588679,3.25192124698315
60.1883327247954,113.427953737098,4.68934536252102
593.232807752663,208.798708253589,4.39348171849433
248.011398351808,215.754147591367,3.60285044796536
580.395832097941,431.908877165941,3.74803983368037
300.170278757381,133.122844057628,3.84330175613512
531.028200987699,458.828424411139,3.63375817386585
51.5055142495647,410.603430411501,3.79365892852881
191.941306695336,297.34275938002,3.71305258190918
551.504697820117,264.012383743373,3.55367893970969
167.85047509562,36.9334682122418,3.94654112771303
497.235222644269,342.294237262136,4.59631957646949
37.9409320770651,58.7039389130954,3.87560039619954
542.335063332573,164.26387286221,4.81199964993322
NA,NA,NA
658.406596958733,332.540877432177,3.42319657442052
454.001203681566,294.894678089813,3.60998498121476
9.94000632642845,495.914026663103,3.65275295870583
559.822332421921,48.8487116980852,4.3357390941611
72.1360768043999,375.278194150016,3.90250661663758
233.520331055119,416.757390636047,3.80871644174396
430.427301939565,9.51925547639583,3.1996367223884
361.903162530645,291.997928626212,2.91785702320217
601.76756954083,103.788825608786,4.14886077647244
395.10622547891,228.722164377687,4.11059505388434
566.854877367939,406.069631506862,4.67766699117668
139.02794229467,282.577519433112,4.54440526619284
193.381345747164,368.938863755453,4.04956222881275
123.17309592834,410.37533964168,3.54379920154309
626.499922785473,312.481985206542,4.65248502463435
-1.39809899438092,145.461424893309,4.21149747038208
541.216527463216,204.715792576259,4.07990834758667
34.8715715261221,491.089212297333,2.89385405463051
281.876408985733,22.3413748396473,3.81472549232224
536.212743039218,388.025405259619,3.42495770279902
79.3949155309628,82.9463865391805,5.20434318951283
3.68733967010721,76.3843290794775,3.34900522658703
590.447452978279,225.370471504919,4.02636426035009
442.684130691527,462.768535913113,4.74174368806849
658.682432372285,373.860664675222,3.0640421498738
110.776144566472,483.993967710385,4.28951163012916
621.778320015997,89.4985665151278,4.07728434645811
417.227283507813,257.497608839451,3.59535432369827
11.0853965523757,180.67954588679,3.25192124698315
60.1883327247954,113.427953737098,4.68934536252102
593.232807752663,208.798708253589,4.39348171849433
248.011398351808,215.754147591367,3.60285044796536
580.395832097941,431.908877165941,3.74803983368037
300.170278757381,133.122844057628,3.84330175613512
531.028200987699,458.828424411139,3.63375817386585
51.5055142495647,410.603430411501,3.79365892852881
191.941306695336,297.34275938002,3.71305258190918
551.504697820117,264.012383743373,3.55367893970969
167.85047509562,36.9334682122418,3.94654112771303
497.235222644269,342.294237262136,4.59631957646949
37.9409320770651,58.7039389130954,3.87560039619954
542.335063332573,164.26387286221,4.81199964993322
NA,NA,NA
658.406596958733,332.540877432177,3.42319657442052
454.001203681566,294.894678089813,3.60998498121476
9.94000632642845,495.914026663103,3.65275295870583
559.822332421921,48.8487116980852,4.3357390941611
72.1360768043999,375.278194150016,3.90250661663758
233.520331055119,416.757390636047,3.80871644174396
430.427301939565,9.51925547639583,3.1996367223884
361.903162530645,291.997928626212,2.91785702320217
601.76756954083,103.788825608786,4.14886077647244
395.10622547891,228.722164377687,4.11059505388434
566.854877367939,406.069631506862,4.67766699117668
139.02794229467,282.577519433112,4.54440526619284
193.381345747164,368.938863755453,4.04956222881275
123.17309592834,410.37533964168,3.54379920154309
626.499922785473,312.481985206542,4.65248502463435
-1.39809899438092,145.461424893309,4.21149747038208
541.216527463216,204.715792576259,4.07990834758667
34.8715715261221,491.089212297333,2.89385405463051
281.876408985733,22.3413748396473,3.81472549232224
536.212743039218,388.025405259619,3.42495770279902
79.3949155309628,82.9463865391805,5.20434318951283
3.68733967010721,76.3843290794775,3.34900522658703
590.447452978279,225.370471504919,4.02636426035009
442.684130691527,462.768535913113,4.74174368806849
658.682432372285,373.860664675222,3.0640421498738
110.776144566472,483.993967710385,4.28951163012916
621.778320015997,89.4985665151278,4.07728434645811
417.227283507813,257.497608839451,3.59535432369827
11.0853965523757,180.67954588679,3.25192124698315
60.1883327247954,113.427953737098,4.68934536252102
593.232807752663,208.798708253589,4.39348171849433
248.011398351808,215.754147591367,3.60285044796536
580.395832097941,431.908877165941,3.74803983368037
300.170278757381,133.122844057628,3.84330175613512
531.028200987699,458.828424411139,3.63375817386585
51.5055142495647,410.603430411501,3.79365892852881
191.941306695336,297.34275938002,3.71305258190918
551.504697820117,264.012383743373,3.55367893970969
167.85047509562,36.9334682122418,3.94654112771303
497.235222644269,342.294237262136,4.59631957646949
37.9409320770651,58.7039389130954,3.87560039619954
542.335063332573,164.26387286221,4.81199964993322
NA,NA,NA
666.430579724183,331.645406008711,3.4622683818186
452.980425753062,297.325654629199,3.52902529929757
15.4217160729703,494.887908089857,3.53681264251084
560.865417508812,48.2325421634382,4.30687342126389
72.3517243869255,372.884389493706,3.90777946245826
225.201587615117,415.25240295171,3.83521978099205
426.29862385638,11.999859470709,3.42181837030995
361.807272941137,289.332393506967,2.95208080860328
606.15485750911,106.368443881748,4.39311734328251
393.216035006759,228.30098090763,4.1647261611508
573.145923756517,410.596767018962,4.76896478361646
131.425729852754,287.188565128539,4.63553543684414
194.44017204232,364.611066286571,4.08390007845658
123.496993872044,414.164689648758,3.53348786085339
624.585066629146,317.948759702245,4.51915384061737
1.49429546257946,149.190923671866,4.24690552103825
546.090316718165,198.236164455039,4.29706665607195
32.1411173363786,491.048903011617,2.89802967317363
278.262642409377,22.7527225283614,3.67620569072151
535.598478960349,389.687092109105,3.40886027161736
68.1019621664269,71.3280791269363,5.19713088656512
6.90364710291132,73.9471847471409,3.50639700356193
590.1454178443,224.745321471843,4.19781646348158
438.408497364244,459.50327867996,4.76952770823965
661.265268481385,372.177349064196,3.18162516000885
105.935600942682,489.697135008588,4.23077078842435
620.55084429303,89.2235955771567,4.05800054099508
419.518180429822,259.71507275213,3.63982630755345
10.8366310011515,184.177788705952,3.20510905612876
62.1554659749703,112.304327864976,4.56653052904352
604.777237052977,214.553544243122,4.3995147945484
249.805758580887,218.105951533789,3.92415598441342
577.229965856086,436.435781164982,4.17437078459741
298.884697251853,141.514330553238,3.80300972207739
522.925774274384,458.503149276845,3.50248213612187
41.3088447497447,410.920058422802,3.75833143988617
186.653653167111,296.871959260526,3.89877503093757
553.494999830169,260.525534392378,3.73207508989213
176.546728518296,42.3581310757817,4.26166638726239
503.230652601037,342.316342841595,4.88290745920015
43.2618021632639,57.2944743422328,4.00899249016365
541.423450986413,157.333966468452,4.11068377829396
NA,NA,NA
666.430579724183,331.645406008711,3.4622683818186
452.980425753062,297.325654629199,3.52902529929757
15.4217160729703,494.887908089857,3.53681264251084
560.865417508812,48.2325421634382,4.30687342126389
72.3517243869255,372.884389493706,3.90777946245826
225.201587615117,415.25240295171,3.83521978099205
426.29862385638,11.999859470709,3.42181837030995
361.807272941137,289.332393506967,2.95208080860328
606.15485750911,106.368443881748,4.39311734328251
393.216035006759,228.30098090763,4.1647261611508
573.145923756517,410.596767018962,4.76896478361646
131.425729852754,287.188565128539,4.63553543684414
194.44017204232,364.611066286571,4.08390007845658
123.496993872044,414.164689648758,3.53348786085339
624.585066629146,317.948759702245,4.51915384061737
1.49429546257946,149.190923671866,4.24690552103825
546.090316718165,198.236164455039,4.29706665607195
32.1411173363786,491.048903011617,2.89802967317363
278.262642409377,22.7527225283614,3.67620569072151
535.598478960349,389.687092109105,3.40886027161736
68.1019621664269,71.3280791269363,5.19713088656512
6.90364710291132,73.9471847471409,3.50639700356193
590.1454178443,224.745321471843,4.19781646348158
438.408497364244,459.50327867996,4.76952770823965
661.265268481385,372.177349064196,3.18162516000885
105.935600942682,489.697135008588,4.23077078842435
620.55084429303,89.2235955771567,4.05800054099508
419.518180429822,259.71507275213,3.63982630755345
10.8366310011515,184.177788705952,3.20510905612876
62.1554659749703,112.304327864976,4.56653052904352
604.777237052977,214.553544243122,4.3995147945484
249.805758580887,218.105951533789,3.92415598441342
577.229965856086,436.435781164982,4.17437078459741
298.884697251853,141.514330553238,3.80300972207739
522.925774274384,458.503149276845,3.50248213612187
41.3088447497447,410.920058422802,3.75833143988617
186.653653167111,296.871959260526,3.89877503093757
553.494999830169,260.525534392378,3.73207508989213
176.546728518296,42.3581310757817,4.26166638726239
503.230652601037,342.316342841595,4.88290745920015
43.2618021632639,57.2944743422328,4.00899249016365
541.423450986413,157.333966468452,4.11068377829396
NA,NA,NA
666.430579724183,331.645406008711,3.4622683818186
452.980425753062,297.325654629199,3.52902529929757
15.4217160729703,494.887908089857,3.53681264251084
560.865417508812,48.2325421634382,4.30687342126389
72.3517243869255,372.884389493706,3.90777946245826
225.201587615117,415.25240295171,3.83521978099205
426.29862385638,11.999859470709,3.42181837030995
361.807272941137,289.332393506967,2.95208080860328
606.15485750911,106.368443881748,4.39311734328251
393.216035006759,228.30098090763,4.1647261611508
573.145923756517,410.596767018962,4.76896478361646
131.425729852754,287.188565128539,4.63553543684414
194.44017204232,364.611066286571,4.08390007845658
123.496993872044,414.164689648758,3.53348786085339
624.585066629146,317.948759702245,4.51915384061737
1.49429546257946,149.190923671866,4.24690552103825
546.090316718165,198.236164455039,4.29706665607195
32.1411173363786,491.048903011617,2.89802967317363
278.262642409377,22.7527225283614,3.67620569072151
535.598478960349,389.687092109105,3.40886027161736
68.1019621664269,71.3280791269363,5.19713088656512
6.90364710291132,73.9471847471409,3.50639700356193
590.1454178443,224.745321471843,4.19781646348158
438.408497364244,459.50327867996,4.76952770823965
661.265268481385,372.177349064196,3.18162516000885
105.935600942682,489.697135008588,4.23077078842435
620.55084429303,89.2235955771567,4.05800054099508
419.518180429822,259.71507275213,3.63982630755345
10.8366310011515,184.177788705952,3.20510905612876
62.1554659749703,112.304327864976,4.56653052904352
604.777237052977,214.553544243122,4.3995147945484
249.805758580887,218.105951533789,3.92415598441342
577.229965856086,436.435781164982,4.17437078459741
298.884697251853,141.514330553238,3.80300972207739
522.925774274384,458.503149276845,3.50248213612187
41.3088447497447,410.920058422802,3.75833143988617
186.653653167111,296.871959260526,3.89877503093757
553.494999830169,260.525534392378,3.73207508989213
176.546728518296,42.3581310757817,4.26166638726239
503.230652601037,342.316342841595,4.88290745920015
43.2618021632639,57.2944743422328,4.00899249016365
541.423450986413,157.333966468452,4.11068377829396
NA,NA,NA
666.430579724183,331.645406008711,3.4622683818186
452.980425753062,297.325654629199,3.52902529929757
15.4217160729703,494.887908089857,3.53681264251084
560.865417508812,48.2325421634382,4.30687342126389
72.3517243869255,372.884389493706,3.90777946245826
225.201587615117,415.25240295171,3.83521978099205
426.29862385638,11.999859470709,3.42181837030995
361.807272941137,289.332393506967,2.95208080860328
606.15485750911,106.368443881748,4.39311734328251
393.216035006759,228.30098090763,4.1647261611508
573.145923756517,410.596767018962,4.76896478361646
131.425729852754,287.188565128539,4.63553543684414
194.44017204232,364.611066286571,4.08390007845658
123.496993872044,414.164689648758,3.53348786085339
624.585066629146,317.948759702245,4.51915384061737
1.49429546257946,149.190923671866,4.24690552103825
546.090316718165,198.236164455039,4.29706665607195
32.1411173363786,491.048903011617,2.89802967317363
278.262642409377,22.7527225283614,3.67620569072151
535.598478960349,389.687092109105,3.40886027161736
68.1019621664269,71.3280791269363,5.19713088656512
6.90364710291132,73.9471847471409,3.50639700356193
590.1454178443,224.745321471843,4.19781646348158
438.408497364244,459.50327867996,4.76952770823965
661.265268481385,372.177349064196,3.18162516000885
105.935600942682,489.697135008588,4.23077078842435
620.55084429303,89.2235955771567,4.05800054099508
419.518180429822,259.71507275213,3.63982630755345
10.8366310011515,184.177788705952,3.20510905612876
62.1554659749703,112.304327864976,4.56653052904352
604.777237052977,214.553544243122,4.3995147945484
249.805758580887,218.105951533789,3.92415598441342
577.229965856086,436.435781164982,4.17437078459741
298.884697251853,141.514330553238,3.80300972207739
522.925774274384,458.503149276845,3.50248213612187
41.3088447497447,410.920058422802,3.75833143988617
186.653653167111,296.871959260526,3.89877503093757
553.494999830169,260.525534392378,3.73207508989213
176.546728518296,42.3581310757817,4.26166638726239
503.230652601037,342.316342841595,4.88290745920015
43.2618021632639,57.2944743422328,4.00899249016365
541.423450986413,157.333966468452,4.11068377829396
NA,NA,NA
666.430579724183,331.645406008711,3.4622683818186
452.980425753062,297.325654629199,3.52902529929757
15.4217160729703,494.887908089857,3.53681264251084
560.865417508812,48.2325421634382,4.30687342126389
72.3517243869255,372.884389493706,3.90777946245826
225.201587615117,415.25240295171,3.83521978099205
426.29862385638,11.999859470709,3.42181837030995
361.807272941137,289.332393506967,2.95208080860328
606.15485750911,106.368443881748,4.39311734328251
393.216035006759,228.30098090763,4.1647261611508
573.145923756517,410.596767018962,4.76896478361646
131.425729852754,287.188565128539,4.63553543684414
194.44017204232,364.611066286571,4.08390007845658
123.496993872044,414.164689648758,3.53348786085339
624.585066629146,317.948759702245,4.51915384061737
1.49429546257946,149.190923671866,4.24690552103825
546.090316718165,198.236164455039,4.29706665607195
32.1411173363786,491.048903011617,2.89802967317363
278.262642409377,22.7527225283614,3.67620569072151
535.598478960349,389.687092109105,3.40886027161736
68.1019621664269,71.3280791269363,5.19713088656512
6.90364710291132,73.9471847471409,3.50639700356193
590.1454178443,224.745321471843,4.19781646348158
438.408497364244,459.50327867996,4.76952770823965
661.265268481385,372.177349064196,3.18162516000885
105.935600942682,489.697135008588,4.23077078842435
620.55084429303,89.2235955771567,4.05800054099508
419.518180429822,259.71507275213,3.63982630755345
10.8366310011515,184.177788705952,3.20510905612876
62.1554659749703,112.304327864976,4.56653052904352
604.777237052977,214.553544243122,4.3995147945484
249.805758580887,218.105951533789,3.92415598441342
577.229965856086,436.435781164982,4.17437078459741
298.884697251853,141.514330553238,3.80300972207739
522.925774274384,458.503149276845,3.50248213612187
41.3088447497447,410.920058422802,3.75833143988617
186.653653167111,296.871959260526,3.89877503093757
553.494999830169,260.525534392378,3.73207508989213
176.546728518296,42.3581310757817,4.26166638726239
503.230652601037,342.316342841595,4.88290745920015
43.2618021632639,57.2944743422328,4.00899249016365
541.423450986413,157.333966468452,4.11068377829396
NA,NA,NA
666.430579724183,331.645406008711,3.4622683818186
452.980425753062,297.325654629199,3.52902529929757
15.4217160729703,494.887908089857,3.53681264251084
560.865417508812,48.2325421634382,4.30687342126389
72.3517243869255,372.884389493706,3.90777946245826
225.201587615117,415.25240295171,3.83521978099205
426.29862385638,11.999859470709,3.42181837030995
361.807272941137,289.332393506967,2.95208080860328
606.15485750911,106.368443881748,4.39311734328251
393.216035006759,228.30098090763,4.1647261611508
573.145923756517,410.596767018962,4.76896478361646
131.425729852754,287.188565128539,4.63553543684414
194.44017204232,364.611066286571,4.08390007845658
123.496993872044,414.164689648758,3.53348786085339
624.585066629146,317.948759702245,4.51915384061737
1.49429546257946,149.190923671866,4.24690552103825
546.090316718165,198.236164455039,4.29706665607195
32.1411173363786,491.048903011617,2.89802967317363
278.262642409377,22.7527225283614,3.67620569072151
535.598478960349,389.687092109105,3.40886027161736
68.1019621664269,71.3280791269363,5.19713088656512
6.90364710291132,73.9471847471409,3.50639700356193
590.1454178443,224.745321471843,4.19781646348158
438.408497364244,459.50327867996,4.76952770823965
661.265268481385,372.177349064196,3.18162516000885
105.935600942682,489.697135008588,4.23077078842435
620.55084429303,89.2235955771567,4.05800054099508
419.518180429822,259.71507275213,3.63982630755345
10.8366310011515,184.177788705952,3.20510905612876
62.1554659749703,112.304327864976,4.56653052904352
604.777237052977,214.553544243122,4.3995147945484
249.805758580887,218.105951533789,3.92415598441342
577.229965856086,436.435781164982,4.17437078459741
298.884697251853,141.514330553238,3.80300972207739
522.925774274384,458.503149276845,3.50248213612187
41.3088447497447,410.920058422802,3.75833143988617
186.653653167111,296.871959260526,3.89877503093757
553.494999830169,260.525534392378,3.73207508989213
176.546728518296,42.3581310757817,4.26166638726239
503.230652601037,342.316342841595,4.88290745920015
43.2618021632639,57.2944743422328,4.00899249016365
541.423450986413,157.333966468452,4.11068377829396
NA,NA,NA
663.401095567229,335.401203593743,3.54071594067152
455.145642318842,298.569791570612,3.57612021034051
11.1848233714998,497.893950718698,3.59896782796461
559.165481866156,54.3684457093865,4.26931165732758
73.0501253691256,376.166473052009,4.04286679609993
229.1348619237,411.424377214621,3.89677225978333
428.702097730544,12.5497106689999,3.12061281338332
361.122473117485,293.546009942143,3.08647281344317
606.736928907274,108.6151945083,4.09138394959703
390.801957364343,231.191490725089,4.21291628232933
570.102391735289,400.506439387758,4.72159221595659
142.986086157289,284.404925963584,4.54139684737918
200.944575644347,371.488976001923,4.04268004244645
126.951385149262,409.912115508345,3.47656164195274
625.544753638383,316.236552338178,4.52949161330919
3.91881766716353,148.750847560902,4.11401189311493
545.80683202182,202.832385146447,4.13233633548183
32.8676648115853,488.283965846738,3.220688485894
283.039795499198,22.443819919689,3.75296949155716
533.162198630997,390.931852189611,3.29777226261524
60.9785084390151,81.0246722549278,5.27189206662527
7.09603523787913,78.1956431186569,3.51845416989372
587.271271337714,229.668793957882,4.06050592488578
439.630233791144,455.001295408498,4.67651888054209
657.133381297538,375.222820463817,3.26231905105857
101.23157459987,485.818226989764,4.35779964179701
624.071588753852,89.0103107068271,4.06781286397258
422.261735287809,257.920131062289,3.68243433982615
11.865509773069,179.879840920042,3.28136313682702
56.9197852472185,128.471225683516,4.44555018766931
600.490512483062,201.298923791877,4.15122106912884
253.25723936524,221.645247488321,3.58449244703253
576.947243066963,443.391994922399,3.86014502682316
300.048376641508,143.20566107587,3.89943086208496
530.620886799197,459.037844038996,3.43454572022399
43.6038545845692,425.983031810851,3.7069036159516
196.346577890466,262.456925587202,3.82138688775885
552.602181381181,263.840136613215,3.81456572342279
165.917138239188,23.2972562357073,4.32455588741924
495.431182397939,348.899990689639,4.32172279830175
39.4732877068488,42.1150384621858,3.64510366699213
511.822104428036,153.371246586978,4.78077430778385
NA,NA,NA
663.401095567229,335.401203593743,3.54071594067152
455.145642318842,298.569791570612,3.57612021034051
11.1848233714998,497.893950718698,3.59896782796461
559.165481866156,54.3684457093865,4.26931165732758
73.0501253691256,376.166473052009,4.04286679609993
229.1348619237,411.424377214621,3.89677225978333
428.702097730544,12.5497106689999,3.12061281338332
361.122473117485,293.546009942143,3.08647281344317
606.736928907274,108.6151945083,4.09138394959703
390.801957364343,231.191490725089,4.21291628232933
570.102391735289,400.506439387758,4.72159221595659
142.986086157289,284.404925963584,4.54139684737918
200.944575644347,371.488976001923,4.04268004244645
126.951385149262,409.912115508345,3.47656164195274
625.544753638383,316.236552338178,4.52949161330919
3.91881766716353,148.750847560902,4.11401189311493
545.80683202182,202.832385146447,4.13233633548183
32.8676648115853,488.283965846738,3.220688485894
283.039795499198,22.443819919689,3.75296949155716
533.162198630997,390.931852189611,3.29777226261524
60.9785084390151,81.0246722549278,5.27189206662527
7.09603523787913,78.1956431186569,3.51845416989372
587.271271337714,229.668793957882,4.06050592488578
439.630233791144,455.001295408498,4.67651888054209
657.133381297538,375.222820463817,3.26231905105857
101.23157459987,485.818226989764,4.35779964179701
624.071588753852,89.0103107068271,4.06781286397258
422.261735287809,257.920131062289,3.68243433982615
11.865509773069,179.879840920042,3.28136313682702
56.9197852472185,128.471225683516,4.44555018766931
600.490512483062,201.298923791877,4.15122106912884
253.25723936524,221.645247488321,3.58449244703253
576.947243066963,443.391994922399,3.86014502682316
300.048376641508,143.20566107587,3.89943086208496
530.620886799197,459.037844038996,3.43454572022399
43.6038545845692,425.983031810851,3.7069036159516
196.346577890466,262.456925587202,3.82138688775885
552.602181381181,263.840136613215,3.81456572342279
165.917138239188,23.2972562357073,4.32455588741924
495.431182397939,348.899990689639,4.32172279830175
39.4732877068488,42.1150384621858,3.64510366699213
511.822104428036,153.371246586978,4.78077430778385
NA,NA,NA
663.401095567229,335.401203593743,3.54071594067152
455.145642318842,298.569791570612,3.57612021034051
11.1848233714998,497.893950718698,3.59896782796461
559.165481866156,54.3684457093865,4.26931165732758
73.0501253691256,376.166473052009,4.04286679609993
229.1348619237,411.424377214621,3.89677225978333
428.702097730544,12.5497106689999,3.12061281338332
361.122473117485,293.546009942143,3.08647281344317
606.736928907274,108.6151945083,4.09138394959703
390.801957364343,231.191490725089,4.21291628232933
570.102391735289,400.506439387758,4.72159221595659
142.986086157289,284.404925963584,4.54139684737918
200.944575644347,371.488976001923,4.04268004244645
126.951385149262,409.912115508345,3.47656164195274
625.544753638383,316.236552338178,4.52949161330919
3.91881766716353,148.750847560902,4.11401189311493
545.80683202182,202.832385146447,4.13233633548183
32.8676648115853,488.283965846738,3.220688485894
283.039795499198,22.443819919689,3.75296949155716
533.162198630997,390.931852189611,3.29777226261524
60.9785084390151,81.0246722549278,5.27189206662527
7.09603523787913,78.1956431186569,3.51845416989372
587.271271337714,229.668793957882,4.06050592488578
439.630233791144,455.001295408498,4.67651888054209
657.133381297538,375.222820463817,3.26231905105857
101.23157459987,485.818226989764,4.35779964179701
624.071588753852,89.0103107068271,4.06781286397258
422.261735287809,257.920131062289,3.68243433982615
11.865509773069,179.879840920042,3.28136313682702
56.9197852472185,128.471225683516,4.44555018766931
600.490512483062,201.298923791877,4.15122106912884
253.25723936524,221.645247488321,3.58449244703253
576.947243066963,443.391994922399,3.86014502682316
300.048376641508,143.20566107587,3.89943086208496
530.620886799197,459.037844038996,3.43454572022399
43.6038545845692,425.983031810851,3.7069036159516
196.346577890466,262.456925587202,3.82138688775885
552.602181381181,263.840136613215,3.81456572342279
165.917138239188,23.2972562357073,4.32455588741924
495.431182397939,348.899990689639,4.32172279830175
39.4732877068488,42.1150384621858,3.64510366699213
511.822104428036,153.371246586978,4.78077430778385
NA,NA,NA
663.401095567229,335.401203593743,3.54071594067152
455.145642318842,298.569791570612,3.57612021034051
11.1848233714998,497.893950718698,3.59896782796461
559.165481866156,54.3684457093865,4.26931165732758
73.0501253691256,376.166473052009,4.04286679609993
229.1348619237,411.424377214621,3.89677225978333
428.702097730544,12.5497106689999,3.12061281338332
361.122473117485,293.546009942143,3.08647281344317
606.736928907274,108.6151945083,4.09138394959703
390.801957364343,231.191490725089,4.21291628232933
570.102391735289,400.506439387758,4.72159221595659
142.986086157289,284.404925963584,4.54139684737918
200.944575644347,371.488976001923,4.04268004244645
126.951385149262,409.912115508345,3.47656164195274
625.544753638383,316.236552338178,4.52949161330919
3.91881766716353,148.750847560902,4.11401189311493
545.80683202182,202.832385146447,4.13233633548183
32.8676648115853,488.283965846738,3.220688485894
283.039795499198,22.443819919689,3.75296949155716
533.162198630997,390.931852189611,3.29777226261524
60.9785084390151,81.0246722549278,5.27189206662527
7.09603523787913,78.1956431186569,3.51845416989372
587.271271337714,229.668793957882,4.06050592488578
439.630233791144,455.001295408498,4.67651888054209
657.133381297538,375.222820463817,3.26231905105857
101.23157459987,485.818226989764,4.35779964179701
624.071588753852,89.0103107068271,4.06781286397258
422.261735287809,257.920131062289,3.68243433982615
11.865509773069,179.879840920042,3.28136313682702
56.9197852472185,128.471225683516,4.44555018766931
600.490512483062,201.298923791877,4.15122106912884
253.25723936524,221.645247488321,3.58449244703253
576.947243066963,443.391994922399,3.86014502682316
300.048376641508,143.20566107587,3.89943086208496
530.620886799197,459.037844038996,3.43454572022399
43.6038545845692,425.983031810851,3.7069036159516
196.346577890466,262.456925587202,3.82138688775885
552.602181381181,263.840136613215,3.81456572342279
165.917138239188,23.2972562357073,4.32455588741924
495.431182397939,348.899990689639,4.32172279830175
39.4732877068488,42.1150384621858,3.64510366699213
511.822104428036,153.371246586978,4.78077430778385
NA,NA,NA
663.401095567229,335.401203593743,3.54071594067152
455.145642318842,298.569791570612,3.57612021034051
11.1848233714998,497.893950718698,3.59896782796461
559.165481866156,54.3684457093865,4.26931165732758
73.0501253691256,376.166473052009,4.04286679609993
229.1348619237,411.424377214621,3.89677225978333
428.702097730544,12.5497106689999,3.12061281338332
361.122473117485,293.546009942143,3.08647281344317
606.736928907274,108.6151945083,4.09138394959703
390.801957364343,231.191490725089,4.21291628232933
570.102391735289,400.506439387758,4.72159221595659
142.986086157289,284.404925963584,4.54139684737918
200.944575644347,371.488976001923,4.04268004244645
126.951385149262,409.912115508345,3.47656164195274
625.544753638383,316.236552338178,4.52949161330919
3.91881766716353,148.750847560902,4.11401189311493
545.80683202182,202.832385146447,4.13233633548183
32.8676648115853,488.283965846738,3.220688485894
283.039795499198,22.443819919689,3.75296949155716
533.162198630997,390.931852189611,3.29777226261524
60.9785084390151,81.0246722549278,5.27189206662527
7.09603523787913,78.1956431186569,3.51845416989372
587.271271337714,229.668793957882,4.06050592488578
439.630233791144,455.001295408498,4.67651888054209
657.133381297538,375.222820463817,3.26231905105857
101.23157459987,485.818226989764,4.35779964179701
624.071588753852,89.0103107068271,4.06781286397258
422.261735287809,257.920131062289,3.68243433982615
11.865509773069,179.879840920042,3.28136313682702
56.9197852472185,128.471225683516,4.44555018766931
600.490512483062,201.298923791877,4.15122106912884
253.25723936524,221.645247488321,3.58449244703253
576.947243066963,443.391994922399,3.86014502682316
300.048376641508,143.20566107587,3.89943086208496
530.620886799197,459.037844038996,3.43454572022399
43.6038545845692,425.983031810851,3.7069036159516
196.346577890466,262.456925587202,3.82138688775885
552.602181381181,263.840136613215,3.81456572342279
165.917138239188,23.2972562357073,4.32455588741924
495.431182397939,348.899990689639,4.32172279830175
39.4732877068488,42.1150384621858,3.64510366699213
511.822104428036,153.371246586978,4.78077430778385
NA,NA,NA
663.401095567229,335.401203593743,3.54071594067152
455.145642318842,298.569791570612,3.57612021034051
11.1848233714998,497.893950718698,3.59896782796461
559.165481866156,54.3684457093865,4.26931165732758
73.0501253691256,376.166473052009,4.04286679609993
229.1348619237,411.424377214621,3.89677225978333
428.702097730544,12.5497106689999,3.12061281338332
361.122473117485,293.546009942143,3.08647281344317
606.736928907274,108.6151945083,4.09138394959703
390.801957364343,231.191490725089,4.21291628232933
570.102391735289,400.506439387758,4.72159221595659
142.986086157289,284.404925963584,4.54139684737918
200.944575644347,371.488976001923,4.04268004244645
126.951385149262,409.912115508345,3.47656164195274
625.544753638383,316.236552338178,4.52949161330919
3.91881766716353,148.750847560902,4.11401189311493
545.80683202182,202.832385146447,4.13233633548183
32.8676648115853,488.283965846738,3.220688485894
283.039795499198,22.443819919689,3.75296949155716
533.162198630997,390.931852189611,3.29777226261524
60.9785084390151,81.0246722549278,5.27189206662527
7.09603523787913,78.1956431186569,3.51845416989372
587.271271337714,229.668793957882,4.06050592488578
439.630233791144,455.001295408498,4.67651888054209
657.133381297538,375.222820463817,3.26231905105857
101.23157459987,485.818226989764,4.35779964179701
624.071588753852,89.0103107068271,4.06781286397258
422.261735287809,257.920131062289,3.68243433982615
11.865509773069,179.879840920042,3.28136313682702
56.9197852472185,128.471225683516,4.44555018766931
600.490512483062,201.298923791877,4.15122106912884
253.25723936524,221.645247488321,3.58449244703253
576.947243066963,443.391994922399,3.86014502682316
300.048376641508,143.20566107587,3.89943086208496
530.620886799197,459.037844038996,3.43454572022399
43.6038545845692,425.983031810851,3.7069036159516
196.346577890466,262.456925587202,3.82138688775885
552.602181381181,263.840136613215,3.81456572342279
165.917138239188,23.2972562357073,4.32455588741924
495.431182397939,348.899990689639,4.32172279830175
39.4732877068488,42.1150384621858,3.64510366699213
511.822104428036,153.371246586978,4.78077430778385
NA,NA,NA
660.144758290357,334.221542381784,3.55344695432158
459.716758700243,297.258692687255,3.71266457315686
8.55663122183427,494.879523156653,3.66501186582502
568.052098667393,51.0185231830299,4.18698315013538
79.1965389019,379.923437169209,4.05411472394611
232.29718598105,410.816265574562,4.00976276316702
426.957823595434,10.2734751149429,3.36755779466879
361.776891336374,291.505613652527,3.21594797985635
605.517354561944,106.380595048403,4.21071244715957
389.6211842743,227.018327041497,4.1860214679026
566.895309200891,409.477014799461,4.68359986321526
145.135678750046,283.090944829442,4.47254556837378
197.311338535317,371.980940588094,3.92291981630885
126.611802263729,413.492001545504,3.45860401861525
618.929549251771,314.612083610459,4.58241853514074
6.52631619296534,143.421961201136,4.28036067314462
543.979681511142,206.016529543344,4.13326033056246
33.4357419962908,490.25220955119,3.04821617068305
284.263975645325,25.6029922559894,3.96700168458136
532.161339347759,391.168951920537,3.37684843812814
76.893965130312,78.6666107568458,5.23443777194252
4.22793998823509,77.2387618715473,3.44135424734434
588.538147368555,223.598422898722,4.08443161181253
444.654066094855,453.935019293622,4.69451358087778
659.772266630462,373.564887707828,2.92110057880575
105.203916166323,485.588366478008,4.3773140528837
621.041777478968,91.198762746805,4.09556766338875
418.546020400959,255.17647572771,3.73498365580501
9.918294277031,179.26812603615,3.14386818821048
64.4604349803611,106.564367494472,4.7054497521952
606.584019617639,191.179381157997,4.25412670653996
260.744920950015,216.194307849392,3.58319443450821
571.232422007266,435.323841735928,3.93527171834296
300.542788060987,141.25248597988,3.86187742226989
533.838162830035,453.069411812427,3.49856242217616
39.4165483727244,423.697563197786,3.81381084465719
205.48269592008,286.877882593074,3.84225249660842
551.196896178688,268.756428331574,3.63001130456724
188.600056879857,28.9516859806981,4.39656955185288
493.184881764159,347.04460879488,4.63576681512058
40.962742542689,56.0427313012716,3.54423408955684
538.173749414325,155.012240507268,4.57077734946181
NA,NA,NA
660.144758290357,334.221542381784,3.55344695432158
459.716758700243,297.258692687255,3.71266457315686
8.55663122183427,494.879523156653,3.66501186582502
568.052098667393,51.0185231830299,4.18698315013538
79.1965389019,379.923437169209,4.05411472394611
232.29718598105,410.816265574562,4.00976276316702
426.957823595434,10.2734751149429,3.36755779466879
361.776891336374,291.505613652527,3.21594797985635
605.517354561944,106.380595048403,4.21071244715957
389.6211842743,227.018327041497,4.1860214679026
566.895309200891,409.477014799461,4.68359986321526
145.135678750046,283.090944829442,4.47254556837378
197.311338535317,371.980940588094,3.92291981630885
126.611802263729,413.492001545504,3.45860401861525
618.929549251771,314.612083610459,4.58241853514074
6.52631619296534,143.421961201136,4.28036067314462
543.979681511142,206.016529543344,4.13326033056246
33.4357419962908,490.25220955119,3.04821617068305
284.263975645325,25.6029922559894,3.96700168458136
532.161339347759,391.168951920537,3.37684843812814
76.893965130312,78.6666107568458,5.23443777194252
4.22793998823509,77.2387618715473,3.44135424734434
588.538147368555,223.598422898722,4.08443161181253
444.654066094855,453.935019293622,4.69451358087778
659.772266630462,373.564887707828,2.92110057880575
105.203916166323,485.588366478008,4.3773140528837
621.041777478968,91.198762746805,4.09556766338875
418.546020400959,255.17647572771,3.73498365580501
9.918294277031,179.26812603615,3.14386818821048
64.4604349803611,106.564367494472,4.7054497521952
606.584019617639,191.179381157997,4.25412670653996
260.744920950015,216.194307849392,3.58319443450821
571.232422007266,435.323841735928,3.93527171834296
300.542788060987,141.25248597988,3.86187742226989
533.838162830035,453.069411812427,3.49856242217616
39.4165483727244,423.697563197786,3.81381084465719
205.48269592008,286.877882593074,3.84225249660842
551.196896178688,268.756428331574,3.63001130456724
188.600056879857,28.9516859806981,4.39656955185288
493.184881764159,347.04460879488,4.63576681512058
40.962742542689,56.0427313012716,3.54423408955684
538.173749414325,155.012240507268,4.57077734946181
NA,NA,NA
660.144758290357,334.221542381784,3.55344695432158
459.716758700243,297.258692687255,3.71266457315686
8.55663122183427,494.879523156653,3.66501186582502
568.052098667393,51.0185231830299,4.18698315013538
79.1965389019,379.923437169209,4.05411472394611
232.29718598105,410.816265574562,4.00976276316702
426.957823595434,10.2734751149429,3.36755779466879
361.776891336374,291.505613652527,3.21594797985635
605.517354561944,106.380595048403,4.21071244715957
389.6211842743,227.018327041497,4.1860214679026
566.895309200891,409.477014799461,4.68359986321526
145.135678750046,283.090944829442,4.47254556837378
197.311338535317,371.980940588094,3.92291981630885
126.611802263729,413.492001545504,3.45860401861525
618.929549251771,314.612083610459,4.58241853514074
6.52631619296534,143.421961201136,4.28036067314462
543.979681511142,206.016529543344,4.13326033056246
33.4357419962908,490.25220955119,3.04821617068305
284.263975645325,25.6029922559894,3.96700168458136
532.161339347759,391.168951920537,3.37684843812814
76.893965130312,78.6666107568458,5.23443777194252
4.22793998823509,77.2387618715473,3.44135424734434
588.538147368555,223.598422898722,4.08443161181253
444.654066094855,453.935019293622,4.69451358087778
659.772266630462,373.564887707828,2.92110057880575
105.203916166323,485.588366478008,4.3773140528837
621.041777478968,91.198762746805,4.09556766338875
418.546020400959,255.17647572771,3.73498365580501
9.918294277031,179.26812603615,3.14386818821048
64.4604349803611,106.564367494472,4.7054497521952
606.584019617639,191.179381157997,4.25412670653996
260.744920950015,216.194307849392,3.58319443450821
571.232422007266,435.323841735928,3.93527171834296
300.542788060987,141.25248597988,3.86187742226989
533.838162830035,453.069411812427,3.49856242217616
39.4165483727244,423.697563197786,3.81381084465719
205.48269592008,286.877882593074,3.84225249660842
551.196896178688,268.756428331574,3.63001130456724
188.600056879857,28.9516859806981,4.39656955185288
493.184881764159,347.04460879488,4.63576681512058
40.962742542689,56.0427313012716,3.54423408955684
538.173749414325,155.012240507268,4.57077734946181
NA,NA,NA
660.144758290357,334.221542381784,3.55344695432158
459.716758700243,297.258692687255,3.71266457315686
8.55663122183427,494.879523156653,3.66501186582502
568.052098667393,51.0185231830299,4.18698315013538
79.1965389019,379.923437169209,4.05411472394611
232.29718598105,410.816265574562,4.00976276316702
426.957823595434,10.2734751149429,3.36755779466879
361.776891336374,291.505613652527,3.21594797985635
605.517354561944,106.380595048403,4.21071244715957
389.6211842743,227.018327041497,4.1860214679026
566.895309200891,409.477014799461,4.68359986321526
145.135678750046,283.090944829442,4.47254556837378
197.311338535317,371.980940588094,3.92291981630885
126.611802263729,413.492001545504,3.45860401861525
618.929549251771,314.612083610459,4.58241853514074
6.52631619296534,143.421961201136,4.28036067314462
543.979681511142,206.016529543344,4.13326033056246
33.4357419962908,490.25220955119,3.04821617068305
284.263975645325,25.6029922559894,3.96700168458136
532.161339347759,391.168951920537,3.37684843812814
76.893965130312,78.6666107568458,5.23443777194252
4.22793998823509,77.2387618715473,3.44135424734434
588.538147368555,223.598422898722,4.08443161181253
444.654066094855,453.935019293622,4.69451358087778
659.772266630462,373.564887707828,2.92110057880575
105.203916166323,485.588366478008,4.3773140528837
621.041777478968,91.198762746805,4.09556766338875
418.546020400959,255.17647572771,3.73498365580501
9.918294277031,179.26812603615,3.14386818821048
64.4604349803611,106.564367494472,4.7054497521952
606.584019617639,191.179381157997,4.25412670653996
260.744920950015,216.194307849392,3.58319443450821
571.232422007266,435.323841735928,3.93527171834296
300.542788060987,141.25248597988,3.86187742226989
533.838162830035,453.069411812427,3.49856242217616
39.4165483727244,423.697563197786,3.81381084465719
205.48269592008,286.877882593074,3.84225249660842
551.196896178688,268.756428331574,3.63001130456724
188.600056879857,28.9516859806981,4.39656955185288
493.184881764159,347.04460879488,4.63576681512058
40.962742542689,56.0427313012716,3.54423408955684
538.173749414325,155.012240507268,4.57077734946181
NA,NA,NA
660.144758290357,334.221542381784,3.55344695432158
459.716758700243,297.258692687255,3.71266457315686
8.55663122183427,494.879523156653,3.66501186582502
568.052098667393,51.0185231830299,4.18698315013538
79.1965389019,379.923437169209,4.05411472394611
232.29718598105,410.816265574562,4.00976276316702
426.957823595434,10.2734751149429,3.36755779466879
361.776891336374,291.505613652527,3.21594797985635
605.517354561944,106.380595048403,4.21071244715957
389.6211842743,227.018327041497,4.1860214679026
566.895309200891,409.477014799461,4.68359986321526
145.135678750046,283.090944829442,4.47254556837378
197.311338535317,371.980940588094,3.92291981630885
126.611802263729,413.492001545504,3.45860401861525
618.929549251771,314.612083610459,4.58241853514074
6.52631619296534,143.421961201136,4.28036067314462
543.979681511142,206.016529543344,4.13326033056246
33.4357419962908,490.25220955119,3.04821617068305
284.263975645325,25.6029922559894,3.96700168458136
532.161339347759,391.168951920537,3.37684843812814
76.893965130312,78.6666107568458,5.23443777194252
4.22793998823509,77.2387618715473,3.44135424734434
588.538147368555,223.598422898722,4.08443161181253
444.654066094855,453.935019293622,4.69451358087778
659.772266630462,373.564887707828,2.92110057880575
105.203916166323,485.588366478008,4.3773140528837
621.041777478968,91.198762746805,4.09556766338875
418.546020400959,255.17647572771,3.73498365580501
9.918294277031,179.26812603615,3.14386818821048
64.4604349803611,106.564367494472,4.7054497521952
606.584019617639,191.179381157997,4.25412670653996
260.744920950015,216.194307849392,3.58319443450821
571.232422007266,435.323841735928,3.93527171834296
300.542788060987,141.25248597988,3.86187742226989
533.838162830035,453.069411812427,3.49856242217616
39.4165483727244,423.697563197786,3.81381084465719
205.48269592008,286.877882593074,3.84225249660842
551.196896178688,268.756428331574,3.63001130456724
188.600056879857,28.9516859806981,4.39656955185288
493.184881764159,347.04460879488,4.63576681512058
40.962742542689,56.0427313012716,3.54423408955684
538.173749414325,155.012240507268,4.57077734946181
NA,NA,NA
660.144758290357,334.221542381784,3.55344695432158
459.716758700243,297.258692687255,3.71266457315686
8.55663122183427,494.879523156653,3.66501186582502
568.052098667393,51.0185231830299,4.18698315013538
79.1965389019,379.923437169209,4.05411472394611
232.29718598105,410.816265574562,4.00976276316702
426.957823595434,10.2734751149429,3.36755779466879
361.776891336374,291.505613652527,3.21594797985635
605.517354561944,106.380595048403,4.21071244715957
389.6211842743,227.018327041497,4.1860214679026
566.895309200891,409.477014799461,4.68359986321526
145.135678750046,283.090944829442,4.47254556837378
197.311338535317,371.980940588094,3.92291981630885
126.611802263729,413.492001545504,3.45860401861525
618.929549251771,314.612083610459,4.58241853514074
6.52631619296534,143.421961201136,4.28036067314462
543.979681511142,206.016529543344,4.13326033056246
33.4357419962908,490.25220955119,3.04821617068305
284.263975645325,25.6029922559894,3.96700168458136
532.161339347759,391.168951920537,3.37684843812814
76.893965130312,78.6666107568458,5.23443777194252
4.22793998823509,77.2387618715473,3.44135424734434
588.538147368555,223.598422898722,4.08443161181253
444.654066094855,453.935019293622,4.69451358087778
659.772266630462,373.564887707828,2.92110057880575
105.203916166323,485.588366478008,4.3773140528837
621.041777478968,91.198762746805,4.09556766338875
418.546020400959,255.17647572771,3.73498365580501
9.918294277031,179.26812603615,3.14386818821048
64.4604349803611,106.564367494472,4.7054497521952
606.584019617639,191.179381157997,4.25412670653996
260.744920950015,216.194307849392,3.58319443450821
571.232422007266,435.323841735928,3.93527171834296
300.542788060987,141.25248597988,3.86187742226989
533.838162830035,453.069411812427,3.49856242217616
39.4165483727244,423.697563197786,3.81381084465719
205.48269592008,286.877882593074,3.84225249660842
551.196896178688,268.756428331574,3.63001130456724
188.600056879857,28.9516859806981,4.39656955185288
493.184881764159,347.04460879488,4.63576681512058
40.962742542689,56.0427313012716,3.54423408955684
538.173749414325,155.012240507268,4.57077734946181
NA,NA,NA
661.338563174318,335.753681455397,3.4328917750034
454.68614250081,302.047802252173,3.5728817150642
11.1881734528286,496.520088816587,3.57952890209126
560.512605901401,48.0425472388477,4.16694064363178
69.5586267911172,376.055323806182,3.96842288718908
230.715572645235,415.891282209306,3.80445077781029
428.998960487037,14.2595217672185,3.3898837106048
360.936919287055,292.876153174289,2.98933707320685
604.710477594913,106.804666080234,4.06934479859067
392.753592370896,222.618802468646,4.36003129812502
569.124113017798,415.028251328353,4.69059931040948
140.060135200367,287.546205086357,4.37497071341484
193.98392822563,369.761288995314,4.04261053339617
126.539507604662,412.731554619771,3.32675455265413
626.476476244,312.123399702692,4.52327048372734
9.14995587177858,142.882108732699,4.29964418818041
545.166108281084,198.358440240517,4.0848239689531
33.7708834218275,492.20524771344,2.98715467158426
280.183565880042,24.0225193002526,3.83301612152176
536.342348953797,391.788966633715,3.3707500557911
68.4862360220193,76.3672409684092,5.40136224781244
5.72791488787353,80.2402888431855,3.5315047076881
586.992483727672,225.618366048356,4.05221372997903
442.274266365137,463.302580513823,4.76777424807248
658.52885713923,375.54887230053,2.8361478025437
103.277291590666,491.167142145648,4.41325399281226
625.328022070537,91.1974918784337,4.1074313500644
421.255515262099,258.058793005512,3.65601230938663
9.46999122316756,181.253195186578,3.17771960253117
47.1187322178682,119.911804753286,4.51749423465055
615.724980965573,205.927936367033,4.23698927711334
251.530879060934,218.388294152638,3.76485801598503
576.354450117159,429.483886662361,3.70528229062773
298.458934100959,138.184132343192,3.87291473635338
532.288458575464,456.442862353554,3.7261946825841
41.9239505289791,430.633116542932,3.93586117103031
196.284576104368,284.372332235773,3.81484346304449
550.447470158385,261.684681789558,3.61134078591315
173.093808107478,32.0960275674901,4.34168533601783
492.616362249305,334.929241110698,4.63146739579102
36.4013436248885,46.1138234957499,4.06112295198569
529.615370627983,146.547139937914,4.92589891490118
NA,NA,NA
661.338563174318,335.753681455397,3.4328917750034
454.68614250081,302.047802252173,3.5728817150642
11.1881734528286,496.520088816587,3.57952890209126
560.512605901401,48.0425472388477,4.16694064363178
69.5586267911172,376.055323806182,3.96842288718908
230.715572645235,415.891282209306,3.80445077781029
428.998960487037,14.2595217672185,3.3898837106048
360.936919287055,292.876153174289,2.98933707320685
604.710477594913,106.804666080234,4.06934479859067
392.753592370896,222.618802468646,4.36003129812502
569.124113017798,415.028251328353,4.69059931040948
140.060135200367,287.546205086357,4.37497071341484
193.98392822563,369.761288995314,4.04261053339617
126.539507604662,412.731554619771,3.32675455265413
626.476476244,312.123399702692,4.52327048372734
9.14995587177858,142.882108732699,4.29964418818041
545.166108281084,198.358440240517,4.0848239689531
33.7708834218275,492.20524771344,2.98715467158426
280.183565880042,24.0225193002526,3.83301612152176
536.342348953797,391.788966633715,3.3707500557911
68.4862360220193,76.3672409684092,5.40136224781244
5.72791488787353,80.2402888431855,3.5315047076881
586.992483727672,225.618366048356,4.05221372997903
442.274266365137,463.302580513823,4.76777424807248
658.52885713923,375.54887230053,2.8361478025437
103.277291590666,491.167142145648,4.41325399281226
625.328022070537,91.1974918784337,4.1074313500644
421.255515262099,258.058793005512,3.65601230938663
9.46999122316756,181.253195186578,3.17771960253117
47.1187322178682,119.911804753286,4.51749423465055
615.724980965573,205.927936367033,4.23698927711334
251.530879060934,218.388294152638,3.76485801598503
576.354450117159,429.483886662361,3.70528229062773
298.458934100959,138.184132343192,3.87291473635338
532.288458575464,456.442862353554,3.7261946825841
41.9239505289791,430.633116542932,3.93586117103031
196.284576104368,284.372332235773,3.81484346304449
550.447470158385,261.684681789558,3.61134078591315
173.093808107478,32.0960275674901,4.34168533601783
492.616362249305,334.929241110698,4.63146739579102
36.4013436248885,46.1138234957499,4.06112295198569
529.615370627983,146.547139937914,4.92589891490118
NA,NA,NA
661.338563174318,335.753681455397,3.4328917750034
454.68614250081,302.047802252173,3.5728817150642
11.1881734528286,496.520088816587,3.57952890209126
560.512605901401,48.0425472388477,4.16694064363178
69.5586267911172,376.055323806182,3.96842288718908
230.715572645235,415.891282209306,3.80445077781029
428.998960487037,14.2595217672185,3.3898837106048
360.936919287055,292.876153174289,2.98933707320685
604.710477594913,106.804666080234,4.06934479859067
392.753592370896,222.618802468646,4.36003129812502
569.124113017798,415.028251328353,4.69059931040948
140.060135200367,287.546205086357,4.37497071341484
193.98392822563,369.761288995314,4.04261053339617
126.539507604662,412.731554619771,3.32675455265413
626.476476244,312.123399702692,4.52327048372734
9.14995587177858,142.882108732699,4.29964418818041
545.166108281084,198.358440240517,4.0848239689531
33.7708834218275,492.20524771344,2.98715467158426
280.183565880042,24.0225193002526,3.83301612152176
536.342348953797,391.788966633715,3.3707500557911
68.4862360220193,76.3672409684092,5.40136224781244
5.72791488787353,80.2402888431855,3.5315047076881
586.992483727672,225.618366048356,4.05221372997903
442.274266365137,463.302580513823,4.76777424807248
658.52885713923,375.54887230053,2.8361478025437
103.277291590666,491.167142145648,4.41325399281226
625.328022070537,91.1974918784337,4.1074313500644
421.255515262099,258.058793005512,3.65601230938663
9.46999122316756,181.253195186578,3.17771960253117
47.1187322178682,119.911804753286,4.51749423465055
615.724980965573,205.927936367033,4.23698927711334
251.530879060934,218.388294152638,3.76485801598503
576.354450117159,429.483886662361,3.70528229062773
298.458934100959,138.184132343192,3.87291473635338
532.288458575464,456.442862353554,3.7261946825841
41.9239505289791,430.633116542932,3.93586117103031
196.284576104368,284.372332235773,3.81484346304449
550.447470158385,261.684681789558,3.61134078591315
173.093808107478,32.0960275674901,4.34168533601783
492.616362249305,334.929241110698,4.63146739579102
36.4013436248885,46.1138234957499,4.06112295198569
529.615370627983,146.547139937914,4.92589891490118
NA,NA,NA
661.338563174318,335.753681455397,3.4328917750034
454.68614250081,302.047802252173,3.5728817150642
11.1881734528286,496.520088816587,3.57952890209126
560.512605901401,48.0425472388477,4.16694064363178
69.5586267911172,376.055323806182,3.96842288718908
230.715572645235,415.891282209306,3.80445077781029
428.998960487037,14.2595217672185,3.3898837106048
360.936919287055,292.876153174289,2.98933707320685
604.710477594913,106.804666080234,4.06934479859067
392.753592370896,222.618802468646,4.36003129812502
569.124113017798,415.028251328353,4.69059931040948
140.060135200367,287.546205086357,4.37497071341484
193.98392822563,369.761288995314,4.04261053339617
126.539507604662,412.731554619771,3.32675455265413
626.476476244,312.123399702692,4.52327048372734
9.14995587177858,142.882108732699,4.29964418818041
545.166108281084,198.358440240517,4.0848239689531
33.7708834218275,492.20524771344,2.98715467158426
280.183565880042,24.0225193002526,3.83301612152176
536.342348953797,391.788966633715,3.3707500557911
68.4862360220193,76.3672409684092,5.40136224781244
5.72791488787353,80.2402888431855,3.5315047076881
586.992483727672,225.618366048356,4.05221372997903
442.274266365137,463.302580513823,4.76777424807248
658.52885713923,375.54887230053,2.8361478025437
103.277291590666,491.167142145648,4.41325399281226
625.328022070537,91.1974918784337,4.1074313500644
421.255515262099,258.058793005512,3.65601230938663
9.46999122316756,181.253195186578,3.17771960253117
47.1187322178682,119.911804753286,4.51749423465055
615.724980965573,205.927936367033,4.23698927711334
251.530879060934,218.388294152638,3.76485801598503
576.354450117159,429.483886662361,3.70528229062773
298.458934100959,138.184132343192,3.87291473635338
532.288458575464,456.442862353554,3.7261946825841
41.9239505289791,430.633116542932,3.93586117103031
196.284576104368,284.372332235773,3.81484346304449
550.447470158385,261.684681789558,3.61134078591315
173.093808107478,32.0960275674901,4.34168533601783
492.616362249305,334.929241110698,4.63146739579102
36.4013436248885,46.1138234957499,4.06112295198569
529.615370627983,146.547139937914,4.92589891490118
NA,NA,NA
661.338563174318,335.753681455397,3.4328917750034
454.68614250081,302.047802252173,3.5728817150642
11.1881734528286,496.520088816587,3.57952890209126
560.512605901401,48.0425472388477,4.16694064363178
69.5586267911172,376.055323806182,3.96842288718908
230.715572645235,415.891282209306,3.80445077781029
428.998960487037,14.2595217672185,3.3898837106048
360.936919287055,292.876153174289,2.98933707320685
604.710477594913,106.804666080234,4.06934479859067
392.753592370896,222.618802468646,4.36003129812502
569.124113017798,415.028251328353,4.69059931040948
140.060135200367,287.546205086357,4.37497071341484
193.98392822563,369.761288995314,4.04261053339617
126.539507604662,412.731554619771,3.32675455265413
626.476476244,312.123399702692,4.52327048372734
9.14995587177858,142.882108732699,4.29964418818041
545.166108281084,198.358440240517,4.0848239689531
33.7708834218275,492.20524771344,2.98715467158426
280.183565880042,24.0225193002526,3.83301612152176
536.342348953797,391.788966633715,3.3707500557911
68.4862360220193,76.3672409684092,5.40136224781244
5.72791488787353,80.2402888431855,3.5315047076881
586.992483727672,225.618366048356,4.05221372997903
442.274266365137,463.302580513823,4.76777424807248
658.52885713923,375.54887230053,2.8361478025437
103.277291590666,491.167142145648,4.41325399281226
625.328022070537,91.1974918784337,4.1074313500644
421.255515262099,258.058793005512,3.65601230938663
9.46999122316756,181.253195186578,3.17771960253117
47.1187322178682,119.911804753286,4.51749423465055
615.724980965573,205.927936367033,4.23698927711334
251.530879060934,218.388294152638,3.76485801598503
576.354450117159,429.483886662361,3.70528229062773
298.458934100959,138.184132343192,3.87291473635338
532.288458575464,456.442862353554,3.7261946825841
41.9239505289791,430.633116542932,3.93586117103031
196.284576104368,284.372332235773,3.81484346304449
550.447470158385,261.684681789558,3.61134078591315
173.093808107478,32.0960275674901,4.34168533601783
492.616362249305,334.929241110698,4.63146739579102
36.4013436248885,46.1138234957499,4.06112295198569
529.615370627983,146.547139937914,4.92589891490118
NA,NA,NA
661.338563174318,335.753681455397,3.4328917750034
454.68614250081,302.047802252173,3.5728817150642
11.1881734528286,496.520088816587,3.57952890209126
560.512605901401,48.0425472388477,4.16694064363178
69.5586267911172,376.055323806182,3.96842288718908
230.715572645235,415.891282209306,3.80445077781029
428.998960487037,14.2595217672185,3.3898837106048
360.936919287055,292.876153174289,2.98933707320685
604.710477594913,106.804666080234,4.06934479859067
392.753592370896,222.618802468646,4.36003129812502
569.124113017798,415.028251328353,4.69059931040948
140.060135200367,287.546205086357,4.37497071341484
193.98392822563,369.761288995314,4.04261053339617
126.539507604662,412.731554619771,3.32675455265413
626.476476244,312.123399702692,4.52327048372734
9.14995587177858,142.882108732699,4.29964418818041
545.166108281084,198.358440240517,4.0848239689531
33.7708834218275,492.20524771344,2.98715467158426
280.183565880042,24.0225193002526,3.83301612152176
536.342348953797,391.788966633715,3.3707500557911
68.4862360220193,76.3672409684092,5.40136224781244
5.72791488787353,80.2402888431855,3.5315047076881
586.992483727672,225.618366048356,4.05221372997903
442.274266365137,463.302580513823,4.76777424807248
658.52885713923,375.54887230053,2.8361478025437
103.277291590666,491.167142145648,4.41325399281226
625.328022070537,91.1974918784337,4.1074313500644
421.255515262099,258.058793005512,3.65601230938663
9.46999122316756,181.253195186578,3.17771960253117
47.1187322178682,119.911804753286,4.51749423465055
615.724980965573,205.927936367033,4.23698927711334
251.530879060934,218.388294152638,3.76485801598503
576.354450117159,429.483886662361,3.70528229062773
298.458934100959,138.184132343192,3.87291473635338
532.288458575464,456.442862353554,3.7261946825841
41.9239505289791,430.633116542932,3.93586117103031
196.284576104368,284.372332235773,3.81484346304449
550.447470158385,261.684681789558,3.61134078591315
173.093808107478,32.0960275674901,4.34168533601783
492.616362249305,334.929241110698,4.63146739579102
36.4013436248885,46.1138234957499,4.06112295198569
529.615370627983,146.547139937914,4.92589891490118
NA,NA,NA
660.821366243006,338.654909205667,3.65525469948102
455.50646065338,298.242923932481,3.58447341202052
14.2917369663642,492.444583897745,3.56361765209586
558.195324230638,51.7912501593288,4.12521277793199
73.359196665223,371.322601696771,3.99388941158784
230.342918822156,414.545955517671,3.82907791746983
425.934896289101,11.100129256898,3.36380479678586
363.071231369293,293.738556219861,3.01695065215763
603.569834023323,99.5189076416827,4.1296209453206
389.654482938296,229.748936316438,4.08328981021505
563.830732396846,410.494671474005,4.65616820124185
144.10374010261,287.679639496667,4.62585800741978
199.395390104776,367.06436679685,4.14895100734874
121.857356353172,413.692238453479,3.48086806975705
623.023643381334,315.63525870647,4.35802650051525
4.82243149732131,146.568218135092,4.21288523620128
545.080529314033,205.275233728091,4.10235018535005
36.3727131254775,490.341999621136,2.88874277951508
281.477099560496,24.05865640232,3.87256160453043
536.856914643415,394.20933501399,3.3987562426148
70.4404081559351,82.9163269993058,5.23953408029177
1.22915035176922,74.2692322675652,3.520506819692
587.791165529645,223.525763996017,4.07654882598451
440.617907531374,462.683656246454,4.90699211701093
657.548288784519,371.599300878734,3.21659714734811
109.994595883391,486.321682738329,4.31154525045318
625.983619991907,88.7016495916162,4.11107242487801
418.572715213076,258.002476484947,3.58672809662184
12.9021928318559,181.068400913502,3.21055375219014
61.4643880068097,126.18375923592,4.54394460341562
611.365602146487,197.235688876723,4.25941332833086
257.227500242819,222.379888883204,3.76326123905125
578.9662279828,426.295188845746,3.54540527030222
297.680932365236,127.60301160404,3.95395681983257
524.53912259222,462.996555560314,3.45163770860903
47.8378943006241,423.337558068862,3.80286995629701
187.391586792741,288.958896430588,4.18272353388916
547.067843401956,257.2218950594,3.91353353710991
165.172952285839,30.1417439005867,4.03278855030807
496.079806278577,348.656444822918,4.52280840330006
33.8100896588945,51.3405984239646,3.91531068461351
534.689390465579,135.053988633201,4.53884327030957
NA,NA,NA
660.821366243006,338.654909205667,3.65525469948102
455.50646065338,298.242923932481,3.58447341202052
14.2917369663642,492.444583897745,3.56361765209586
558.195324230638,51.7912501593288,4.12521277793199
73.359196665223,371.322601696771,3.99388941158784
230.342918822156,414.545955517671,3.82907791746983
425.934896289101,11.100129256898,3.36380479678586
363.071231369293,293.738556219861,3.01695065215763
603.569834023323,99.5189076416827,4.1296209453206
389.654482938296,229.748936316438,4.08328981021505
563.830732396846,410.494671474005,4.65616820124185
144.10374010261,287.679639496667,4.62585800741978
199.395390104776,367.06436679685,4.14895100734874
121.857356353172,413.692238453479,3.48086806975705
623.023643381334,315.63525870647,4.35802650051525
4.82243149732131,146.568218135092,4.21288523620128
545.080529314033,205.275233728091,4.10235018535005
36.3727131254775,490.341999621136,2.88874277951508
281.477099560496,24.05865640232,3.87256160453043
536.856914643415,394.20933501399,3.3987562426148
70.4404081559351,82.9163269993058,5.23953408029177
1.22915035176922,74.2692322675652,3.520506819692
587.791165529645,223.525763996017,4.07654882598451
440.617907531374,462.683656246454,4.90699211701093
657.548288784519,371.599300878734,3.21659714734811
109.994595883391,486.321682738329,4.31154525045318
625.983619991907,88.7016495916162,4.11107242487801
418.572715213076,258.002476484947,3.58672809662184
12.9021928318559,181.068400913502,3.21055375219014
61.4643880068097,126.18375923592,4.54394460341562
611.365602146487,197.235688876723,4.25941332833086
257.227500242819,222.379888883204,3.76326123905125
578.9662279828,426.295188845746,3.54540527030222
297.680932365236,127.60301160404,3.95395681983257
524.53912259222,462.996555560314,3.45163770860903
47.8378943006241,423.337558068862,3.80286995629701
187.391586792741,288.958896430588,4.18272353388916
547.067843401956,257.2218950594,3.91353353710991
165.172952285839,30.1417439005867,4.03278855030807
496.079806278577,348.656444822918,4.52280840330006
33.8100896588945,51.3405984239646,3.91531068461351
534.689390465579,135.053988633201,4.53884327030957
NA,NA,NA
660.821366243006,338.654909205667,3.65525469948102
455.50646065338,298.242923932481,3.58447341202052
14.2917369663642,492.444583897745,3.56361765209586
558.195324230638,51.7912501593288,4.12521277793199
73.359196665223,371.322601696771,3.99388941158784
230.342918822156,414.545955517671,3.82907791746983
425.934896289101,11.100129256898,3.36380479678586
363.071231369293,293.738556219861,3.01695065215763
603.569834023323,99.5189076416827,4.1296209453206
389.654482938296,229.748936316438,4.08328981021505
563.830732396846,410.494671474005,4.65616820124185
144.10374010261,287.679639496667,4.62585800741978
199.395390104776,367.06436679685,4.14895100734874
121.857356353172,413.692238453479,3.48086806975705
623.023643381334,315.63525870647,4.35802650051525
4.82243149732131,146.568218135092,4.21288523620128
545.080529314033,205.275233728091,4.10235018535005
36.3727131254775,490.341999621136,2.88874277951508
281.477099560496,24.05865640232,3.87256160453043
536.856914643415,394.20933501399,3.3987562426148
70.4404081559351,82.9163269993058,5.23953408029177
1.22915035176922,74.2692322675652,3.520506819692
587.791165529645,223.525763996017,4.07654882598451
440.617907531374,462.683656246454,4.90699211701093
657.548288784519,371.599300878734,3.21659714734811
109.994595883391,486.321682738329,4.31154525045318
625.983619991907,88.7016495916162,4.11107242487801
418.572715213076,258.002476484947,3.58672809662184
12.9021928318559,181.068400913502,3.21055375219014
61.4643880068097,126.18375923592,4.54394460341562
611.365602146487,197.235688876723,4.25941332833086
257.227500242819,222.379888883204,3.76326123905125
578.9662279828,426.295188845746,3.54540527030222
297.680932365236,127.60301160404,3.95395681983257
524.53912259222,462.996555560314,3.45163770860903
47.8378943006241,423.337558068862,3.80286995629701
187.391586792741,288.958896430588,4.18272353388916
547.067843401956,257.2218950594,3.91353353710991
165.172952285839,30.1417439005867,4.03278855030807
496.079806278577,348.656444822918,4.52280840330006
33.8100896588945,51.3405984239646,3.91531068461351
534.689390465579,135.053988633201,4.53884327030957
NA,NA,NA
660.821366243006,338.654909205667,3.65525469948102
455.50646065338,298.242923932481,3.58447341202052
14.2917369663642,492.444583897745,3.56361765209586
558.195324230638,51.7912501593288,4.12521277793199
73.359196665223,371.322601696771,3.99388941158784
230.342918822156,414.545955517671,3.82907791746983
425.934896289101,11.100129256898,3.36380479678586
363.071231369293,293.738556219861,3.01695065215763
603.569834023323,99.5189076416827,4.1296209453206
389.654482938296,229.748936316438,4.08328981021505
563.830732396846,410.494671474005,4.65616820124185
144.10374010261,287.679639496667,4.62585800741978
199.395390104776,367.06436679685,4.14895100734874
121.857356353172,413.692238453479,3.48086806975705
623.023643381334,315.63525870647,4.35802650051525
4.82243149732131,146.568218135092,4.21288523620128
545.080529314033,205.275233728091,4.10235018535005
36.3727131254775,490.341999621136,2.88874277951508
281.477099560496,24.05865640232,3.87256160453043
536.856914643415,394.20933501399,3.3987562426148
70.4404081559351,82.9163269993058,5.23953408029177
1.22915035176922,74.2692322675652,3.520506819692
587.791165529645,223.525763996017,4.07654882598451
440.617907531374,462.683656246454,4.90699211701093
657.548288784519,371.599300878734,3.21659714734811
109.994595883391,486.321682738329,4.31154525045318
625.983619991907,88.7016495916162,4.11107242487801
418.572715213076,258.002476484947,3.58672809662184
12.9021928318559,181.068400913502,3.21055375219014
61.4643880068097,126.18375923592,4.54394460341562
611.365602146487,197.235688876723,4.25941332833086
257.227500242819,222.379888883204,3.76326123905125
578.9662279828,426.295188845746,3.54540527030222
297.680932365236,127.60301160404,3.95395681983257
524.53912259222,462.996555560314,3.45163770860903
47.8378943006241,423.337558068862,3.80286995629701
187.391586792741,288.958896430588,4.18272353388916
547.067843401956,257.2218950594,3.91353353710991
165.172952285839,30.1417439005867,4.03278855030807
496.079806278577,348.656444822918,4.52280840330006
33.8100896588945,51.3405984239646,3.91531068461351
534.689390465579,135.053988633201,4.53884327030957
NA,NA,NA
660.821366243006,338.654909205667,3.65525469948102
455.50646065338,298.242923932481,3.58447341202052
14.2917369663642,492.444583897745,3.56361765209586
558.195324230638,51.7912501593288,4.12521277793199
73.359196665223,371.322601696771,3.99388941158784
230.342918822156,414.545955517671,3.82907791746983
425.934896289101,11.100129256898,3.36380479678586
363.071231369293,293.738556219861,3.01695065215763
603.569834023323,99.5189076416827,4.1296209453206
389.654482938296,229.748936316438,4.08328981021505
563.830732396846,410.494671474005,4.65616820124185
144.10374010261,287.679639496667,4.62585800741978
199.395390104776,367.06436679685,4.14895100734874
121.857356353172,413.692238453479,3.48086806975705
623.023643381334,315.63525870647,4.35802650051525
4.82243149732131,146.568218135092,4.21288523620128
545.080529314033,205.275233728091,4.10235018535005
36.3727131254775,490.341999621136,2.88874277951508
281.477099560496,24.05865640232,3.87256160453043
536.856914643415,394.20933501399,3.3987562426148
70.4404081559351,82.9163269993058,5.23953408029177
1.22915035176922,74.2692322675652,3.520506819692
587.791165529645,223.525763996017,4.07654882598451
440.617907531374,462.683656246454,4.90699211701093
657.548288784519,371.599300878734,3.21659714734811
109.994595883391,486.321682738329,4.31154525045318
625.983619991907,88.7016495916162,4.11107242487801
418.572715213076,258.002476484947,3.58672809662184
12.9021928318559,181.068400913502,3.21055375219014
61.4643880068097,126.18375923592,4.54394460341562
611.365602146487,197.235688876723,4.25941332833086
257.227500242819,222.379888883204,3.76326123905125
578.9662279828,426.295188845746,3.54540527030222
297.680932365236,127.60301160404,3.95395681983257
524.53912259222,462.996555560314,3.45163770860903
47.8378943006241,423.337558068862,3.80286995629701
187.391586792741,288.958896430588,4.18272353388916
547.067843401956,257.2218950594,3.91353353710991
165.172952285839,30.1417439005867,4.03278855030807
496.079806278577,348.656444822918,4.52280840330006
33.8100896588945,51.3405984239646,3.91531068461351
534.689390465579,135.053988633201,4.53884327030957
NA,NA,NA
660.821366243006,338.654909205667,3.65525469948102
455.50646065338,298.242923932481,3.58447341202052
14.2917369663642,492.444583897745,3.56361765209586
558.195324230638,51.7912501593288,4.12521277793199
73.359196665223,371.322601696771,3.99388941158784
230.342918822156,414.545955517671,3.82907791746983
425.934896289101,11.100129256898,3.36380479678586
363.071231369293,293.738556219861,3.01695065215763
603.569834023323,99.5189076416827,4.1296209453206
389.654482938296,229.748936316438,4.08328981021505
563.830732396846,410.494671474005,4.65616820124185
144.10374010261,287.679639496667,4.62585800741978
199.395390104776,367.06436679685,4.14895100734874
121.857356353172,413.692238453479,3.48086806975705
623.023643381334,315.63525870647,4.35802650051525
4.82243149732131,146.568218135092,4.21288523620128
545.080529314033,205.275233728091,4.10235018535005
36.3727131254775,490.341999621136,2.88874277951508
281.477099560496,24.05865640232,3.87256160453043
536.856914643415,394.20933501399,3.3987562426148
70.4404081559351,82.9163269993058,5.23953408029177
1.22915035176922,74.2692322675652,3.520506819692
587.791165529645,223.525763996017,4.07654882598451
440.617907531374,462.683656246454,4.90699211701093
657.548288784519,371.599300878734,3.21659714734811
109.994595883391,486.321682738329,4.31154525045318
625.983619991907,88.7016495916162,4.11107242487801
418.572715213076,258.002476484947,3.58672809662184
12.9021928318559,181.068400913502,3.21055375219014
61.4643880068097,126.18375923592,4.54394460341562
611.365602146487,197.235688876723,4.25941332833086
257.227500242819,222.379888883204,3.76326123905125
578.9662279828,426.295188845746,3.54540527030222
297.680932365236,127.60301160404,3.95395681983257
524.53912259222,462.996555560314,3.45163770860903
47.8378943006241,423.337558068862,3.80286995629701
187.391586792741,288.958896430588,4.18272353388916
547.067843401956,257.2218950594,3.91353353710991
165.172952285839,30.1417439005867,4.03278855030807
496.079806278577,348.656444822918,4.52280840330006
33.8100896588945,51.3405984239646,3.91531068461351
534.689390465579,135.053988633201,4.53884327030957
NA,NA,NA
664.274182502535,336.039978614368,3.61013275485055
454.614842288391,297.115384511208,3.5859838135253
7.89117040474369,492.845254972448,3.50195630514741
564.881862143279,53.421500621078,4.22264286044072
77.285074731047,377.841369393903,4.00928380633678
229.639023360929,409.563365022089,3.84858525449805
430.299508436433,12.2522659749103,3.36948271756349
362.127247949837,293.03861451345,3.12628215390099
603.965805984437,104.440726270428,4.24831659292703
393.250842811997,226.786687521969,4.07272058234046
574.485968010681,406.363034735795,4.76515083397345
144.755647960916,280.159648848223,4.58249991391314
199.318928463273,366.940313472248,4.056172384237
127.918189311839,411.791495375724,3.54800158720233
622.71154546049,312.632835755321,4.53877201837422
2.81765308771095,148.788506682085,4.21226625514846
544.036586666041,201.930007541283,3.94176204015114
31.7933651401886,492.62691074483,2.90929502885269
276.545503566031,22.6199214721118,4.06202192776351
532.071061478216,391.858388643323,3.48094925743948
65.1438812739754,80.627592061127,5.23411035375296
5.61172356534125,77.3825717607274,3.51999143235427
587.591957255476,225.412026152002,4.05695591095178
441.774308874209,454.980173291375,4.78545597208407
659.971648522927,373.080821448235,2.97631843599121
113.102090481703,488.414156932779,4.32608334037204
622.900201494039,88.212398660343,4.12865933313365
419.976908761118,259.429846749868,3.59761191435214
11.4000031375914,182.566318050482,3.06454852514763
61.3208161829984,122.699644549932,4.42818366847279
625.840736243764,203.856461581627,4.39755194554085
249.759871740093,215.603493273503,4.36411746813362
571.105919063516,436.618370358087,3.93582141588693
298.35577070578,142.584510363257,3.81518367459465
530.836603390918,457.747917566288,3.40730579928236
40.556804450972,416.919987146985,4.15593870669343
195.007841292859,287.677793435456,4.35772233367249
557.117052030602,257.664397301567,3.90444862978873
172.449101509121,32.889966630437,4.12684402755461
495.454660300696,334.713394336775,4.41418504805266
43.4315172035356,53.2723462910997,4.02498037839535
532.408279578523,151.393622933958,4.63376105365917
NA,NA,NA
664.274182502535,336.039978614368,3.61013275485055
454.614842288391,297.115384511208,3.5859838135253
7.89117040474369,492.845254972448,3.50195630514741
564.881862143279,53.421500621078,4.22264286044072
77.285074731047,377.841369393903,4.00928380633678
229.639023360929,409.563365022089,3.84858525449805
430.299508436433,12.2522659749103,3.36948271756349
362.127247949837,293.03861451345,3.12628215390099
603.965805984437,104.440726270428,4.24831659292703
393.250842811997,226.786687521969,4.07272058234046
574.485968010681,406.363034735795,4.76515083397345
144.755647960916,280.159648848223,4.58249991391314
199.318928463273,366.940313472248,4.056172384237
127.918189311839,411.791495375724,3.54800158720233
622.71154546049,312.632835755321,4.53877201837422
2.81765308771095,148.788506682085,4.21226625514846
544.036586666041,201.930007541283,3.94176204015114
31.7933651401886,492.62691074483,2.90929502885269
276.545503566031,22.6199214721118,4.06202192776351
532.071061478216,391.858388643323,3.48094925743948
65.1438812739754,80.627592061127,5.23411035375296
5.61172356534125,77.3825717607274,3.51999143235427
587.591957255476,225.412026152002,4.05695591095178
441.774308874209,454.980173291375,4.78545597208407
659.971648522927,373.080821448235,2.97631843599121
113.102090481703,488.414156932779,4.32608334037204
622.900201494039,88.212398660343,4.12865933313365
419.976908761118,259.429846749868,3.59761191435214
11.4000031375914,182.566318050482,3.06454852514763
61.3208161829984,122.699644549932,4.42818366847279
625.840736243764,203.856461581627,4.39755194554085
249.759871740093,215.603493273503,4.36411746813362
571.105919063516,436.618370358087,3.93582141588693
298.35577070578,142.584510363257,3.81518367459465
530.836603390918,457.747917566288,3.40730579928236
40.556804450972,416.919987146985,4.15593870669343
195.007841292859,287.677793435456,4.35772233367249
557.117052030602,257.664397301567,3.90444862978873
172.449101509121,32.889966630437,4.12684402755461
495.454660300696,334.713394336775,4.41418504805266
43.4315172035356,53.2723462910997,4.02498037839535
532.408279578523,151.393622933958,4.63376105365917
NA,NA,NA
664.274182502535,336.039978614368,3.61013275485055
454.614842288391,297.115384511208,3.5859838135253
7.89117040474369,492.845254972448,3.50195630514741
564.881862143279,53.421500621078,4.22264286044072
77.285074731047,377.841369393903,4.00928380633678
229.639023360929,409.563365022089,3.84858525449805
430.299508436433,12.2522659749103,3.36948271756349
362.127247949837,293.03861451345,3.12628215390099
603.965805984437,104.440726270428,4.24831659292703
393.250842811997,226.786687521969,4.07272058234046
574.485968010681,406.363034735795,4.76515083397345
144.755647960916,280.159648848223,4.58249991391314
199.318928463273,366.940313472248,4.056172384237
127.918189311839,411.791495375724,3.54800158720233
622.71154546049,312.632835755321,4.53877201837422
2.81765308771095,148.788506682085,4.21226625514846
544.036586666041,201.930007541283,3.94176204015114
31.7933651401886,492.62691074483,2.90929502885269
276.545503566031,22.6199214721118,4.06202192776351
532.071061478216,391.858388643323,3.48094925743948
65.1438812739754,80.627592061127,5.23411035375296
5.61172356534125,77.3825717607274,3.51999143235427
587.591957255476,225.412026152002,4.05695591095178
441.774308874209,454.980173291375,4.78545597208407
659.971648522927,373.080821448235,2.97631843599121
113.102090481703,488.414156932779,4.32608334037204
622.900201494039,88.212398660343,4.12865933313365
419.976908761118,259.429846749868,3.59761191435214
11.4000031375914,182.566318050482,3.06454852514763
61.3208161829984,122.699644549932,4.42818366847279
625.840736243764,203.856461581627,4.39755194554085
249.759871740093,215.603493273503,4.36411746813362
571.105919063516,436.618370358087,3.93582141588693
298.35577070578,142.584510363257,3.81518367459465
530.836603390918,457.747917566288,3.40730579928236
40.556804450972,416.919987146985,4.15593870669343
195.007841292859,287.677793435456,4.35772233367249
557.117052030602,257.664397301567,3.90444862978873
172.449101509121,32.889966630437,4.12684402755461
495.454660300696,334.713394336775,4.41418504805266
43.4315172035356,53.2723462910997,4.02498037839535
532.408279578523,151.393622933958,4.63376105365917
NA,NA,NA
664.274182502535,336.039978614368,3.61013275485055
454.614842288391,297.115384511208,3.5859838135253
7.89117040474369,492.845254972448,3.50195630514741
564.881862143279,53.421500621078,4.22264286044072
77.285074731047,377.841369393903,4.00928380633678
229.639023360929,409.563365022089,3.84858525449805
430.299508436433,12.2522659749103,3.36948271756349
362.127247949837,293.03861451345,3.12628215390099
603.965805984437,104.440726270428,4.24831659292703
393.250842811997,226.786687521969,4.07272058234046
574.485968010681,406.363034735795,4.76515083397345
144.755647960916,280.159648848223,4.58249991391314
199.318928463273,366.940313472248,4.056172384237
127.918189311839,411.791495375724,3.54800158720233
622.71154546049,312.632835755321,4.53877201837422
2.81765308771095,148.788506682085,4.21226625514846
544.036586666041,201.930007541283,3.94176204015114
31.7933651401886,492.62691074483,2.90929502885269
276.545503566031,22.6199214721118,4.06202192776351
532.071061478216,391.858388643323,3.48094925743948
65.1438812739754,80.627592061127,5.23411035375296
5.61172356534125,77.3825717607274,3.51999143235427
587.591957255476,225.412026152002,4.05695591095178
441.774308874209,454.980173291375,4.78545597208407
659.971648522927,373.080821448235,2.97631843599121
113.102090481703,488.414156932779,4.32608334037204
622.900201494039,88.212398660343,4.12865933313365
419.976908761118,259.429846749868,3.59761191435214
11.4000031375914,182.566318050482,3.06454852514763
61.3208161829984,122.699644549932,4.42818366847279
625.840736243764,203.856461581627,4.39755194554085
249.759871740093,215.603493273503,4.36411746813362
571.105919063516,436.618370358087,3.93582141588693
298.35577070578,142.584510363257,3.81518367459465
530.836603390918,457.747917566288,3.40730579928236
40.556804450972,416.919987146985,4.15593870669343
195.007841292859,287.677793435456,4.35772233367249
557.117052030602,257.664397301567,3.90444862978873
172.449101509121,32.889966630437,4.12684402755461
495.454660300696,334.713394336775,4.41418504805266
43.4315172035356,53.2723462910997,4.02498037839535
532.408279578523,151.393622933958,4.63376105365917
NA,NA,NA
664.274182502535,336.039978614368,3.61013275485055
454.614842288391,297.115384511208,3.5859838135253
7.89117040474369,492.845254972448,3.50195630514741
564.881862143279,53.421500621078,4.22264286044072
77.285074731047,377.841369393903,4.00928380633678
229.639023360929,409.563365022089,3.84858525449805
430.299508436433,12.2522659749103,3.36948271756349
362.127247949837,293.03861451345,3.12628215390099
603.965805984437,104.440726270428,4.24831659292703
393.250842811997,226.786687521969,4.07272058234046
574.485968010681,406.363034735795,4.76515083397345
144.755647960916,280.159648848223,4.58249991391314
199.318928463273,366.940313472248,4.056172384237
127.918189311839,411.791495375724,3.54800158720233
622.71154546049,312.632835755321,4.53877201837422
2.81765308771095,148.788506682085,4.21226625514846
544.036586666041,201.930007541283,3.94176204015114
31.7933651401886,492.62691074483,2.90929502885269
276.545503566031,22.6199214721118,4.06202192776351
532.071061478216,391.858388643323,3.48094925743948
65.1438812739754,80.627592061127,5.23411035375296
5.61172356534125,77.3825717607274,3.51999143235427
587.591957255476,225.412026152002,4.05695591095178
441.774308874209,454.980173291375,4.78545597208407
659.971648522927,373.080821448235,2.97631843599121
113.102090481703,488.414156932779,4.32608334037204
622.900201494039,88.212398660343,4.12865933313365
419.976908761118,259.429846749868,3.59761191435214
11.4000031375914,182.566318050482,3.06454852514763
61.3208161829984,122.699644549932,4.42818366847279
625.840736243764,203.856461581627,4.39755194554085
249.759871740093,215.603493273503,4.36411746813362
571.105919063516,436.618370358087,3.93582141588693
298.35577070578,142.584510363257,3.81518367459465
530.836603390918,457.747917566288,3.40730579928236
40.556804450972,416.919987146985,4.15593870669343
195.007841292859,287.677793435456,4.35772233367249
557.117052030602,257.664397301567,3.90444862978873
172.449101509121,32.889966630437,4.12684402755461
495.454660300696,334.713394336775,4.41418504805266
43.4315172035356,53.2723462910997,4.02498037839535
532.408279578523,151.393622933958,4.63376105365917
NA,NA,NA
664.274182502535,336.039978614368,3.61013275485055
454.614842288391,297.115384511208,3.5859838135253
7.89117040474369,492.845254972448,3.50195630514741
564.881862143279,53.421500621078,4.22264286044072
77.285074731047,377.841369393903,4.00928380633678
229.639023360929,409.563365022089,3.84858525449805
430.299508436433,12.2522659749103,3.36948271756349
362.127247949837,293.03861451345,3.12628215390099
603.965805984437,104.440726270428,4.24831659292703
393.250842811997,226.786687521969,4.07272058234046
574.485968010681,406.363034735795,4.76515083397345
144.755647960916,280.159648848223,4.58249991391314
199.318928463273,366.940313472248,4.056172384237
127.918189311839,411.791495375724,3.54800158720233
622.71154546049,312.632835755321,4.53877201837422
2.81765308771095,148.788506682085,4.21226625514846
544.036586666041,201.930007541283,3.94176204015114
31.7933651401886,492.62691074483,2.90929502885269
276.545503566031,22.6199214721118,4.06202192776351
532.071061478216,391.858388643323,3.48094925743948
65.1438812739754,80.627592061127,5.23411035375296
5.61172356534125,77.3825717607274,3.51999143235427
587.591957255476,225.412026152002,4.05695591095178
441.774308874209,454.980173291375,4.78545597208407
659.971648522927,373.080821448235,2.97631843599121
113.102090481703,488.414156932779,4.32608334037204
622.900201494039,88.212398660343,4.12865933313365
419.976908761118,259.429846749868,3.59761191435214
11.4000031375914,182.566318050482,3.06454852514763
61.3208161829984,122.699644549932,4.42818366847279
625.840736243764,203.856461581627,4.39755194554085
249.759871740093,215.603493273503,4.36411746813362
571.105919063516,436.618370358087,3.93582141588693
298.35577070578,142.584510363257,3.81518367459465
530.836603390918,457.747917566288,3.40730579928236
40.556804450972,416.919987146985,4.15593870669343
195.007841292859,287.677793435456,4.35772233367249
557.117052030602,257.664397301567,3.90444862978873
172.449101509121,32.889966630437,4.12684402755461
495.454660300696,334.713394336775,4.41418504805266
43.4315172035356,53.2723462910997,4.02498037839535
532.408279578523,151.393622933958,4.63376105365917
NA,NA,NA
661.538319269474,336.554563268802,3.46344000569472
456.29201116799,296.937943648721,3.69341840635086
9.1453546870522,496.602059881985,3.45093816182118
562.521530160622,51.8218074783837,4.11671837044154
73.6035617055983,377.887034392736,3.95271484799261
228.177409447803,412.121877140748,3.8877474464418
428.205431795235,13.1764917069041,3.2785386119926
361.244045611878,291.887838424892,3.16906185557044
609.556750186641,104.20749854874,4.32618170322641
392.651173740435,228.777636085196,4.28860143160382
566.193368750953,407.686603283616,4.76579968820363
135.783623556505,284.683161505732,4.69126108068013
198.671025688102,371.470558145777,4.0159246080742
125.082122602631,412.905110244146,3.52860481793785
633.767939563493,314.865168612779,4.63527727129162
-3.05555402915601,151.736285343578,4.23706388506134
543.499971784753,200.509698538509,4.09680257499043
33.4671848177225,491.02514058008,2.89675660466661
277.621369391808,27.9762001346275,3.83873147886971
533.976852943343,391.243582203461,3.55756552702327
72.2999305670415,82.1557425874531,5.25336611047109
2.85168721246285,77.1538046049178,3.42004642877002
585.095929970338,224.808455952181,3.90920057330726
427.214160240651,463.799653504415,4.78013432696246
660.435476190426,372.046702712616,3.23634237644585
104.510504278587,485.186227350447,4.29722421301063
622.619304129973,92.7441898448447,4.08612985138703
419.25742775456,258.080178015525,3.59191721777712
12.5716871216599,181.273803745182,3.27016157476807
67.4227490164935,125.780432234873,4.46519503068623
602.873115220699,196.300477224479,4.09258154414288
249.252115744878,223.30600044877,4.24306470894191
569.214543841023,431.874308426154,3.85556374302343
301.665093990946,140.711185939634,3.73258422990092
519.731490722757,457.797812774177,3.45710958144836
48.9433538161035,414.12565115833,3.82431463181897
194.883087178314,292.682720805976,3.84458759167424
555.198276484037,264.587031782245,3.76248295549086
182.829224433105,20.3902730054051,4.02747533681157
507.296123555173,345.128603055846,4.50728572270402
49.6306153855661,60.2287570527412,4.19789634343954
521.638705845149,154.544291108096,4.76907482875849
NA,NA,NA
661.538319269474,336.554563268802,3.46344000569472
456.29201116799,296.937943648721,3.69341840635086
9.1453546870522,496.602059881985,3.45093816182118
562.521530160622,51.8218074783837,4.11671837044154
73.6035617055983,377.887034392736,3.95271484799261
228.177409447803,412.121877140748,3.8877474464418
428.205431795235,13.1764917069041,3.2785386119926
361.244045611878,291.887838424892,3.16906185557044
609.556750186641,104.20749854874,4.32618170322641
392.651173740435,228.777636085196,4.28860143160382
566.193368750953,407.686603283616,4.76579968820363
135.783623556505,284.683161505732,4.69126108068013
198.671025688102,371.470558145777,4.0159246080742
125.082122602631,412.905110244146,3.52860481793785
633.767939563493,314.865168612779,4.63527727129162
-3.05555402915601,151.736285343578,4.23706388506134
543.499971784753,200.509698538509,4.09680257499043
33.4671848177225,491.02514058008,2.89675660466661
277.621369391808,27.9762001346275,3.83873147886971
533.976852943343,391.243582203461,3.55756552702327
72.2999305670415,82.1557425874531,5.25336611047109
2.85168721246285,77.1538046049178,3.42004642877002
585.095929970338,224.808455952181,3.90920057330726
427.214160240651,463.799653504415,4.78013432696246
660.435476190426,372.046702712616,3.23634237644585
104.510504278587,485.186227350447,4.29722421301063
622.619304129973,92.7441898448447,4.08612985138703
419.25742775456,258.080178015525,3.59191721777712
12.5716871216599,181.273803745182,3.27016157476807
67.4227490164935,125.780432234873,4.46519503068623
602.873115220699,196.300477224479,4.09258154414288
249.252115744878,223.30600044877,4.24306470894191
569.214543841023,431.874308426154,3.85556374302343
301.665093990946,140.711185939634,3.73258422990092
519.731490722757,457.797812774177,3.45710958144836
48.9433538161035,414.12565115833,3.82431463181897
194.883087178314,292.682720805976,3.84458759167424
555.198276484037,264.587031782245,3.76248295549086
182.829224433105,20.3902730054051,4.02747533681157
507.296123555173,345.128603055846,4.50728572270402
49.6306153855661,60.2287570527412,4.19789634343954
521.638705845149,154.544291108096,4.76907482875849
NA,NA,NA
661.538319269474,336.554563268802,3.46344000569472
456.29201116799,296.937943648721,3.69341840635086
9.1453546870522,496.602059881985,3.45093816182118
562.521530160622,51.8218074783837,4.11671837044154
73.6035617055983,377.887034392736,3.95271484799261
228.177409447803,412.121877140748,3.8877474464418
428.205431795235,13.1764917069041,3.2785386119926
361.244045611878,291.887838424892,3.16906185557044
609.556750186641,104.20749854874,4.32618170322641
392.651173740435,228.777636085196,4.28860143160382
566.193368750953,407.686603283616,4.76579968820363
135.783623556505,284.683161505732,4.69126108068013
198.671025688102,371.470558145777,4.0159246080742
125.082122602631,412.905110244146,3.52860481793785
633.767939563493,314.865168612779,4.63527727129162
-3.05555402915601,151.736285343578,4.23706388506134
543.499971784753,200.509698538509,4.09680257499043
33.4671848177225,491.02514058008,2.89675660466661
277.621369391808,27.9762001346275,3.83873147886971
533.976852943343,391.243582203461,3.55756552702327
72.2999305670415,82.1557425874531,5.25336611047109
2.85168721246285,77.1538046049178,3.42004642877002
585.095929970338,224.808455952181,3.90920057330726
427.214160240651,463.799653504415,4.78013432696246
660.435476190426,372.046702712616,3.23634237644585
104.510504278587,485.186227350447,4.29722421301063
622.619304129973,92.7441898448447,4.08612985138703
419.25742775456,258.080178015525,3.59191721777712
12.5716871216599,181.273803745182,3.27016157476807
67.4227490164935,125.780432234873,4.46519503068623
602.873115220699,196.300477224479,4.09258154414288
249.252115744878,223.30600044877,4.24306470894191
569.214543841023,431.874308426154,3.85556374302343
301.665093990946,140.711185939634,3.73258422990092
519.731490722757,457.797812774177,3.45710958144836
48.9433538161035,414.12565115833,3.82431463181897
194.883087178314,292.682720805976,3.84458759167424
555.198276484037,264.587031782245,3.76248295549086
182.829224433105,20.3902730054051,4.02747533681157
507.296123555173,345.128603055846,4.50728572270402
49.6306153855661,60.2287570527412,4.19789634343954
521.638705845149,154.544291108096,4.76907482875849
NA,NA,NA
661.538319269474,336.554563268802,3.46344000569472
456.29201116799,296.937943648721,3.69341840635086
9.1453546870522,496.602059881985,3.45093816182118
562.521530160622,51.8218074783837,4.11671837044154
73.6035617055983,377.887034392736,3.95271484799261
228.177409447803,412.121877140748,3.8877474464418
428.205431795235,13.1764917069041,3.2785386119926
361.244045611878,291.887838424892,3.16906185557044
609.556750186641,104.20749854874,4.32618170322641
392.651173740435,228.777636085196,4.28860143160382
566.193368750953,407.686603283616,4.76579968820363
135.783623556505,284.683161505732,4.69126108068013
198.671025688102,371.470558145777,4.0159246080742
125.082122602631,412.905110244146,3.52860481793785
633.767939563493,314.865168612779,4.63527727129162
-3.05555402915601,151.736285343578,4.23706388506134
543.499971784753,200.509698538509,4.09680257499043
33.4671848177225,491.02514058008,2.89675660466661
277.621369391808,27.9762001346275,3.83873147886971
533.976852943343,391.243582203461,3.55756552702327
72.2999305670415,82.1557425874531,5.25336611047109
2.85168721246285,77.1538046049178,3.42004642877002
585.095929970338,224.808455952181,3.90920057330726
427.214160240651,463.799653504415,4.78013432696246
660.435476190426,372.046702712616,3.23634237644585
104.510504278587,485.186227350447,4.29722421301063
622.619304129973,92.7441898448447,4.08612985138703
419.25742775456,258.080178015525,3.59191721777712
12.5716871216599,181.273803745182,3.27016157476807
67.4227490164935,125.780432234873,4.46519503068623
602.873115220699,196.300477224479,4.09258154414288
249.252115744878,223.30600044877,4.24306470894191
569.214543841023,431.874308426154,3.85556374302343
301.665093990946,140.711185939634,3.73258422990092
519.731490722757,457.797812774177,3.45710958144836
48.9433538161035,414.12565115833,3.82431463181897
194.883087178314,292.682720805976,3.84458759167424
555.198276484037,264.587031782245,3.76248295549086
182.829224433105,20.3902730054051,4.02747533681157
507.296123555173,345.128603055846,4.50728572270402
49.6306153855661,60.2287570527412,4.19789634343954
521.638705845149,154.544291108096,4.76907482875849
NA,NA,NA
661.538319269474,336.554563268802,3.46344000569472
456.29201116799,296.937943648721,3.69341840635086
9.1453546870522,496.602059881985,3.45093816182118
562.521530160622,51.8218074783837,4.11671837044154
73.6035617055983,377.887034392736,3.95271484799261
228.177409447803,412.121877140748,3.8877474464418
428.205431795235,13.1764917069041,3.2785386119926
361.244045611878,291.887838424892,3.16906185557044
609.556750186641,104.20749854874,4.32618170322641
392.651173740435,228.777636085196,4.28860143160382
566.193368750953,407.686603283616,4.76579968820363
135.783623556505,284.683161505732,4.69126108068013
198.671025688102,371.470558145777,4.0159246080742
125.082122602631,412.905110244146,3.52860481793785
633.767939563493,314.865168612779,4.63527727129162
-3.05555402915601,151.736285343578,4.23706388506134
543.499971784753,200.509698538509,4.09680257499043
33.4671848177225,491.02514058008,2.89675660466661
277.621369391808,27.9762001346275,3.83873147886971
533.976852943343,391.243582203461,3.55756552702327
72.2999305670415,82.1557425874531,5.25336611047109
2.85168721246285,77.1538046049178,3.42004642877002
585.095929970338,224.808455952181,3.90920057330726
427.214160240651,463.799653504415,4.78013432696246
660.435476190426,372.046702712616,3.23634237644585
104.510504278587,485.186227350447,4.29722421301063
622.619304129973,92.7441898448447,4.08612985138703
419.25742775456,258.080178015525,3.59191721777712
12.5716871216599,181.273803745182,3.27016157476807
67.4227490164935,125.780432234873,4.46519503068623
602.873115220699,196.300477224479,4.09258154414288
249.252115744878,223.30600044877,4.24306470894191
569.214543841023,431.874308426154,3.85556374302343
301.665093990946,140.711185939634,3.73258422990092
519.731490722757,457.797812774177,3.45710958144836
48.9433538161035,414.12565115833,3.82431463181897
194.883087178314,292.682720805976,3.84458759167424
555.198276484037,264.587031782245,3.76248295549086
182.829224433105,20.3902730054051,4.02747533681157
507.296123555173,345.128603055846,4.50728572270402
49.6306153855661,60.2287570527412,4.19789634343954
521.638705845149,154.544291108096,4.76907482875849
NA,NA,NA
661.538319269474,336.554563268802,3.46344000569472
456.29201116799,296.937943648721,3.69341840635086
9.1453546870522,496.602059881985,3.45093816182118
562.521530160622,51.8218074783837,4.11671837044154
73.6035617055983,377.887034392736,3.95271484799261
228.177409447803,412.121877140748,3.8877474464418
428.205431795235,13.1764917069041,3.2785386119926
361.244045611878,291.887838424892,3.16906185557044
609.556750186641,104.20749854874,4.32618170322641
392.651173740435,228.777636085196,4.28860143160382
566.193368750953,407.686603283616,4.76579968820363
135.783623556505,284.683161505732,4.69126108068013
198.671025688102,371.470558145777,4.0159246080742
125.082122602631,412.905110244146,3.52860481793785
633.767939563493,314.865168612779,4.63527727129162
-3.05555402915601,151.736285343578,4.23706388506134
543.499971784753,200.509698538509,4.09680257499043
33.4671848177225,491.02514058008,2.89675660466661
277.621369391808,27.9762001346275,3.83873147886971
533.976852943343,391.243582203461,3.55756552702327
72.2999305670415,82.1557425874531,5.25336611047109
2.85168721246285,77.1538046049178,3.42004642877002
585.095929970338,224.808455952181,3.90920057330726
427.214160240651,463.799653504415,4.78013432696246
660.435476190426,372.046702712616,3.23634237644585
104.510504278587,485.186227350447,4.29722421301063
622.619304129973,92.7441898448447,4.08612985138703
419.25742775456,258.080178015525,3.59191721777712
12.5716871216599,181.273803745182,3.27016157476807
67.4227490164935,125.780432234873,4.46519503068623
602.873115220699,196.300477224479,4.09258154414288
249.252115744878,223.30600044877,4.24306470894191
569.214543841023,431.874308426154,3.85556374302343
301.665093990946,140.711185939634,3.73258422990092
519.731490722757,457.797812774177,3.45710958144836
48.9433538161035,414.12565115833,3.82431463181897
194.883087178314,292.682720805976,3.84458759167424
555.198276484037,264.587031782245,3.76248295549086
182.829224433105,20.3902730054051,4.02747533681157
507.296123555173,345.128603055846,4.50728572270402
49.6306153855661,60.2287570527412,4.19789634343954
521.638705845149,154.544291108096,4.76907482875849
NA,NA,NA
661.356365102136,338.161580916761,3.51747871213012
455.341662316951,298.103773590818,3.52788790145344
9.050733551763,495.319982556481,3.48604537991377
559.661390126403,47.9791757205516,4.13174178693641
70.1807755142927,372.609174890162,4.11948788530831
231.348867839527,412.805768156486,3.95773781414423
426.676999123812,11.9828435988995,3.48121125258407
361.474405528592,291.559121237298,3.08743111663631
601.303954561006,105.051357454115,4.33654822099847
393.116640252721,229.365786304863,4.20577179990049
568.776387418223,405.646281403355,4.72379777666756
143.319584064844,282.991625016981,4.34070893427429
194.018213978153,367.294026421565,3.89876179706412
122.25853137472,411.015972013034,3.53835695995404
631.026672398639,317.018399157596,4.56789117277943
-1.93554858524653,150.661569993371,4.32410419523066
541.973933039191,205.349633255026,4.14059533860579
34.3873551721612,491.088631759578,2.99992124417659
283.10799290008,23.2421598624839,3.67566720292092
537.062303712596,391.361900748806,3.38531349434142
71.1755712641476,75.2774702927263,5.30670640793946
7.2721083751071,75.3792672728985,3.55557693134298
590.22055896714,226.389348182567,3.91858384877652
441.639024175277,462.859921480543,4.87754379903391
659.583087943344,375.233354152215,2.79136878876125
113.090770685238,493.467601904104,4.34190613904988
622.419129741746,92.164591318763,4.12286702234693
420.301873747837,260.218083300701,3.62844114101072
10.7379094918128,183.028238495643,3.49101561384315
67.6466221175172,115.814699537017,4.45858531505773
604.06214999927,201.976473506018,4.45655021007954
257.054730668146,222.663638606568,3.88617085752398
573.330089337215,436.858112734017,3.63306552579427
304.525640021919,134.871098145038,3.8799473079216
520.00593683886,459.467727107379,3.43046833093089
44.2966709842166,406.278572845683,3.82339208631418
192.215774022702,283.882454801294,3.92622602396696
549.776982968252,263.46330596746,3.74033312179186
154.63551551003,27.0746879149473,4.12521827112063
502.303178116442,342.904527790904,4.81174903430146
42.2660827048921,41.7778642753271,4.09614819585923
530.745475184029,146.051344395597,4.65646211134472
NA,NA,NA
661.356365102136,338.161580916761,3.51747871213012
455.341662316951,298.103773590818,3.52788790145344
9.050733551763,495.319982556481,3.48604537991377
559.661390126403,47.9791757205516,4.13174178693641
70.1807755142927,372.609174890162,4.11948788530831
231.348867839527,412.805768156486,3.95773781414423
426.676999123812,11.9828435988995,3.48121125258407
361.474405528592,291.559121237298,3.08743111663631
601.303954561006,105.051357454115,4.33654822099847
393.116640252721,229.365786304863,4.20577179990049
568.776387418223,405.646281403355,4.72379777666756
143.319584064844,282.991625016981,4.34070893427429
194.018213978153,367.294026421565,3.89876179706412
122.25853137472,411.015972013034,3.53835695995404
631.026672398639,317.018399157596,4.56789117277943
-1.93554858524653,150.661569993371,4.32410419523066
541.973933039191,205.349633255026,4.14059533860579
34.3873551721612,491.088631759578,2.99992124417659
283.10799290008,23.2421598624839,3.67566720292092
537.062303712596,391.361900748806,3.38531349434142
71.1755712641476,75.2774702927263,5.30670640793946
7.2721083751071,75.3792672728985,3.55557693134298
590.22055896714,226.389348182567,3.91858384877652
441.639024175277,462.859921480543,4.87754379903391
659.583087943344,375.233354152215,2.79136878876125
113.090770685238,493.467601904104,4.34190613904988
622.419129741746,92.164591318763,4.12286702234693
420.301873747837,260.218083300701,3.62844114101072
10.7379094918128,183.028238495643,3.49101561384315
67.6466221175172,115.814699537017,4.45858531505773
604.06214999927,201.976473506018,4.45655021007954
257.054730668146,222.663638606568,3.88617085752398
573.330089337215,436.858112734017,3.63306552579427
304.525640021919,134.871098145038,3.8799473079216
520.00593683886,459.467727107379,3.43046833093089
44.2966709842166,406.278572845683,3.82339208631418
192.215774022702,283.882454801294,3.92622602396696
549.776982968252,263.46330596746,3.74033312179186
154.63551551003,27.0746879149473,4.12521827112063
502.303178116442,342.904527790904,4.81174903430146
42.2660827048921,41.7778642753271,4.09614819585923
530.745475184029,146.051344395597,4.65646211134472
NA,NA,NA
661.356365102136,338.161580916761,3.51747871213012
455.341662316951,298.103773590818,3.52788790145344
9.050733551763,495.319982556481,3.48604537991377
559.661390126403,47.9791757205516,4.13174178693641
70.1807755142927,372.609174890162,4.11948788530831
231.348867839527,412.805768156486,3.95773781414423
426.676999123812,11.9828435988995,3.48121125258407
361.474405528592,291.559121237298,3.08743111663631
601.303954561006,105.051357454115,4.33654822099847
393.116640252721,229.365786304863,4.20577179990049
568.776387418223,405.646281403355,4.72379777666756
143.319584064844,282.991625016981,4.34070893427429
194.018213978153,367.294026421565,3.89876179706412
122.25853137472,411.015972013034,3.53835695995404
631.026672398639,317.018399157596,4.56789117277943
-1.93554858524653,150.661569993371,4.32410419523066
541.973933039191,205.349633255026,4.14059533860579
34.3873551721612,491.088631759578,2.99992124417659
283.10799290008,23.2421598624839,3.67566720292092
537.062303712596,391.361900748806,3.38531349434142
71.1755712641476,75.2774702927263,5.30670640793946
7.2721083751071,75.3792672728985,3.55557693134298
590.22055896714,226.389348182567,3.91858384877652
441.639024175277,462.859921480543,4.87754379903391
659.583087943344,375.233354152215,2.79136878876125
113.090770685238,493.467601904104,4.34190613904988
622.419129741746,92.164591318763,4.12286702234693
420.301873747837,260.218083300701,3.62844114101072
10.7379094918128,183.028238495643,3.49101561384315
67.6466221175172,115.814699537017,4.45858531505773
604.06214999927,201.976473506018,4.45655021007954
257.054730668146,222.663638606568,3.88617085752398
573.330089337215,436.858112734017,3.63306552579427
304.525640021919,134.871098145038,3.8799473079216
520.00593683886,459.467727107379,3.43046833093089
44.2966709842166,406.278572845683,3.82339208631418
192.215774022702,283.882454801294,3.92622602396696
549.776982968252,263.46330596746,3.74033312179186
154.63551551003,27.0746879149473,4.12521827112063
502.303178116442,342.904527790904,4.81174903430146
42.2660827048921,41.7778642753271,4.09614819585923
530.745475184029,146.051344395597,4.65646211134472
NA,NA,NA
661.356365102136,338.161580916761,3.51747871213012
455.341662316951,298.103773590818,3.52788790145344
9.050733551763,495.319982556481,3.48604537991377
559.661390126403,47.9791757205516,4.13174178693641
70.1807755142927,372.609174890162,4.11948788530831
231.348867839527,412.805768156486,3.95773781414423
426.676999123812,11.9828435988995,3.48121125258407
361.474405528592,291.559121237298,3.08743111663631
601.303954561006,105.051357454115,4.33654822099847
393.116640252721,229.365786304863,4.20577179990049
568.776387418223,405.646281403355,4.72379777666756
143.319584064844,282.991625016981,4.34070893427429
194.018213978153,367.294026421565,3.89876179706412
122.25853137472,411.015972013034,3.53835695995404
631.026672398639,317.018399157596,4.56789117277943
-1.93554858524653,150.661569993371,4.32410419523066
541.973933039191,205.349633255026,4.14059533860579
34.3873551721612,491.088631759578,2.99992124417659
283.10799290008,23.2421598624839,3.67566720292092
537.062303712596,391.361900748806,3.38531349434142
71.1755712641476,75.2774702927263,5.30670640793946
7.2721083751071,75.3792672728985,3.55557693134298
590.22055896714,226.389348182567,3.91858384877652
441.639024175277,462.859921480543,4.87754379903391
659.583087943344,375.233354152215,2.79136878876125
113.090770685238,493.467601904104,4.34190613904988
622.419129741746,92.164591318763,4.12286702234693
420.301873747837,260.218083300701,3.62844114101072
10.7379094918128,183.028238495643,3.49101561384315
67.6466221175172,115.814699537017,4.45858531505773
604.06214999927,201.976473506018,4.45655021007954
257.054730668146,222.663638606568,3.88617085752398
573.330089337215,436.858112734017,3.63306552579427
304.525640021919,134.871098145038,3.8799473079216
520.00593683886,459.467727107379,3.43046833093089
44.2966709842166,406.278572845683,3.82339208631418
192.215774022702,283.882454801294,3.92622602396696
549.776982968252,263.46330596746,3.74033312179186
154.63551551003,27.0746879149473,4.12521827112063
502.303178116442,342.904527790904,4.81174903430146
42.2660827048921,41.7778642753271,4.09614819585923
530.745475184029,146.051344395597,4.65646211134472
NA,NA,NA
661.356365102136,338.161580916761,3.51747871213012
455.341662316951,298.103773590818,3.52788790145344
9.050733551763,495.319982556481,3.48604537991377
559.661390126403,47.9791757205516,4.13174178693641
70.1807755142927,372.609174890162,4.11948788530831
231.348867839527,412.805768156486,3.95773781414423
426.676999123812,11.9828435988995,3.48121125258407
361.474405528592,291.559121237298,3.08743111663631
601.303954561006,105.051357454115,4.33654822099847
393.116640252721,229.365786304863,4.20577179990049
568.776387418223,405.646281403355,4.72379777666756
143.319584064844,282.991625016981,4.34070893427429
194.018213978153,367.294026421565,3.89876179706412
122.25853137472,411.015972013034,3.53835695995404
631.026672398639,317.018399157596,4.56789117277943
-1.93554858524653,150.661569993371,4.32410419523066
541.973933039191,205.349633255026,4.14059533860579
34.3873551721612,491.088631759578,2.99992124417659
283.10799290008,23.2421598624839,3.67566720292092
537.062303712596,391.361900748806,3.38531349434142
71.1755712641476,75.2774702927263,5.30670640793946
7.2721083751071,75.3792672728985,3.55557693134298
590.22055896714,226.389348182567,3.91858384877652
441.639024175277,462.859921480543,4.87754379903391
659.583087943344,375.233354152215,2.79136878876125
113.090770685238,493.467601904104,4.34190613904988
622.419129741746,92.164591318763,4.12286702234693
420.301873747837,260.218083300701,3.62844114101072
10.7379094918128,183.028238495643,3.49101561384315
67.6466221175172,115.814699537017,4.45858531505773
604.06214999927,201.976473506018,4.45655021007954
257.054730668146,222.663638606568,3.88617085752398
573.330089337215,436.858112734017,3.63306552579427
304.525640021919,134.871098145038,3.8799473079216
520.00593683886,459.467727107379,3.43046833093089
44.2966709842166,406.278572845683,3.82339208631418
192.215774022702,283.882454801294,3.92622602396696
549.776982968252,263.46330596746,3.74033312179186
154.63551551003,27.0746879149473,4.12521827112063
502.303178116442,342.904527790904,4.81174903430146
42.2660827048921,41.7778642753271,4.09614819585923
530.745475184029,146.051344395597,4.65646211134472
NA,NA,NA
661.356365102136,338.161580916761,3.51747871213012
455.341662316951,298.103773590818,3.52788790145344
9.050733551763,495.319982556481,3.48604537991377
559.661390126403,47.9791757205516,4.13174178693641
70.1807755142927,372.609174890162,4.11948788530831
231.348867839527,412.805768156486,3.95773781414423
426.676999123812,11.9828435988995,3.48121125258407
361.474405528592,291.559121237298,3.08743111663631
601.303954561006,105.051357454115,4.33654822099847
393.116640252721,229.365786304863,4.20577179990049
568.776387418223,405.646281403355,4.72379777666756
143.319584064844,282.991625016981,4.34070893427429
194.018213978153,367.294026421565,3.89876179706412
122.25853137472,411.015972013034,3.53835695995404
631.026672398639,317.018399157596,4.56789117277943
-1.93554858524653,150.661569993371,4.32410419523066
541.973933039191,205.349633255026,4.14059533860579
34.3873551721612,491.088631759578,2.99992124417659
283.10799290008,23.2421598624839,3.67566720292092
537.062303712596,391.361900748806,3.38531349434142
71.1755712641476,75.2774702927263,5.30670640793946
7.2721083751071,75.3792672728985,3.55557693134298
590.22055896714,226.389348182567,3.91858384877652
441.639024175277,462.859921480543,4.87754379903391
659.583087943344,375.233354152215,2.79136878876125
113.090770685238,493.467601904104,4.34190613904988
622.419129741746,92.164591318763,4.12286702234693
420.301873747837,260.218083300701,3.62844114101072
10.7379094918128,183.028238495643,3.49101561384315
67.6466221175172,115.814699537017,4.45858531505773
604.06214999927,201.976473506018,4.45655021007954
257.054730668146,222.663638606568,3.88617085752398
573.330089337215,436.858112734017,3.63306552579427
304.525640021919,134.871098145038,3.8799473079216
520.00593683886,459.467727107379,3.43046833093089
44.2966709842166,406.278572845683,3.82339208631418
192.215774022702,283.882454801294,3.92622602396696
549.776982968252,263.46330596746,3.74033312179186
154.63551551003,27.0746879149473,4.12521827112063
502.303178116442,342.904527790904,4.81174903430146
42.2660827048921,41.7778642753271,4.09614819585923
530.745475184029,146.051344395597,4.65646211134472
NA,NA,NA
659.373890724651,334.067662344088,3.56039548891679
454.32153353546,299.396113261129,3.72181253148954
10.5272241057724,494.566756234608,3.5854742490334
560.542549036732,52.4218019181799,4.28868966275574
71.1324890564165,380.699328030325,3.97010866254859
228.369208368889,413.724539610679,3.88738876400153
427.969540859198,14.1278600318089,3.29972440045028
360.840000679809,292.106641671126,2.95522879296917
606.960224469691,103.001771816986,4.23389654982781
388.526295564505,228.238726661141,4.17755142742799
572.944576063725,399.870062008856,4.77659502599437
135.306994012371,281.847545990921,4.63967936169753
200.30382112294,370.058942312994,3.98014460365212
127.121446164926,411.259868256916,3.48060438037889
626.217491052353,314.708303207782,4.59713185812334
-6.28837961876713,144.56077796488,4.15272614707685
539.081005260409,204.366572217921,4.155642049559
33.8744454276904,490.538460227747,3.05579495652045
273.424021073358,26.1760350954069,3.87536728851307
532.483199902045,392.213809758347,3.57770439219318
69.2761634927606,78.6387089595329,5.20785568629613
2.94067731509993,75.0178016638519,3.49125685963839
589.599511139441,227.76419404005,4.03767974784969
442.686900161176,452.213789342322,4.80231375739484
660.333405073356,375.37353135599,2.88594798671553
110.11513625462,484.626970176999,4.29593453506719
626.130526642363,91.6354316475942,4.02883023647169
416.992757682199,259.682684762334,3.64354136262121
8.44576265348326,182.807352426414,3.3087490575739
64.8820458853354,121.589919644174,4.30611327875943
600.90904330739,212.758398432872,4.36121712848646
258.501460458594,215.832453114207,3.85335051716175
568.946966169326,443.757510356289,3.71465568602753
298.971329470629,138.985633279342,3.97595932553898
527.499363169765,462.13921653763,3.47194688790064
53.2239356349432,417.216809086383,4.0446727887458
182.663877489411,285.380424232705,4.02380262766123
546.005616289103,259.309158824072,3.76662987546039
156.840385321556,23.6793317665834,4.49548586073047
495.423747309204,343.117718119895,4.63852538546423
34.8940545310841,40.6468990693983,3.78257932731491
532.360214297107,134.496277576397,4.71580607959137
NA,NA,NA
659.373890724651,334.067662344088,3.56039548891679
454.32153353546,299.396113261129,3.72181253148954
10.5272241057724,494.566756234608,3.5854742490334
560.542549036732,52.4218019181799,4.28868966275574
71.1324890564165,380.699328030325,3.97010866254859
228.369208368889,413.724539610679,3.88738876400153
427.969540859198,14.1278600318089,3.29972440045028
360.840000679809,292.106641671126,2.95522879296917
606.960224469691,103.001771816986,4.23389654982781
388.526295564505,228.238726661141,4.17755142742799
572.944576063725,399.870062008856,4.77659502599437
135.306994012371,281.847545990921,4.63967936169753
200.30382112294,370.058942312994,3.98014460365212
127.121446164926,411.259868256916,3.48060438037889
626.217491052353,314.708303207782,4.59713185812334
-6.28837961876713,144.56077796488,4.15272614707685
539.081005260409,204.366572217921,4.155642049559
33.8744454276904,490.538460227747,3.05579495652045
273.424021073358,26.1760350954069,3.87536728851307
532.483199902045,392.213809758347,3.57770439219318
69.2761634927606,78.6387089595329,5.20785568629613
2.94067731509993,75.0178016638519,3.49125685963839
589.599511139441,227.76419404005,4.03767974784969
442.686900161176,452.213789342322,4.80231375739484
660.333405073356,375.37353135599,2.88594798671553
110.11513625462,484.626970176999,4.29593453506719
626.130526642363,91.6354316475942,4.02883023647169
416.992757682199,259.682684762334,3.64354136262121
8.44576265348326,182.807352426414,3.3087490575739
64.8820458853354,121.589919644174,4.30611327875943
600.90904330739,212.758398432872,4.36121712848646
258.501460458594,215.832453114207,3.85335051716175
568.946966169326,443.757510356289,3.71465568602753
298.971329470629,138.985633279342,3.97595932553898
527.499363169765,462.13921653763,3.47194688790064
53.2239356349432,417.216809086383,4.0446727887458
182.663877489411,285.380424232705,4.02380262766123
546.005616289103,259.309158824072,3.76662987546039
156.840385321556,23.6793317665834,4.49548586073047
495.423747309204,343.117718119895,4.63852538546423
34.8940545310841,40.6468990693983,3.78257932731491
532.360214297107,134.496277576397,4.71580607959137
NA,NA,NA
659.373890724651,334.067662344088,3.56039548891679
454.32153353546,299.396113261129,3.72181253148954
10.5272241057724,494.566756234608,3.5854742490334
560.542549036732,52.4218019181799,4.28868966275574
71.1324890564165,380.699328030325,3.97010866254859
228.369208368889,413.724539610679,3.88738876400153
427.969540859198,14.1278600318089,3.29972440045028
360.840000679809,292.106641671126,2.95522879296917
606.960224469691,103.001771816986,4.23389654982781
388.526295564505,228.238726661141,4.17755142742799
572.944576063725,399.870062008856,4.77659502599437
135.306994012371,281.847545990921,4.63967936169753
200.30382112294,370.058942312994,3.98014460365212
127.121446164926,411.259868256916,3.48060438037889
626.217491052353,314.708303207782,4.59713185812334
-6.28837961876713,144.56077796488,4.15272614707685
539.081005260409,204.366572217921,4.155642049559
33.8744454276904,490.538460227747,3.05579495652045
273.424021073358,26.1760350954069,3.87536728851307
532.483199902045,392.213809758347,3.57770439219318
69.2761634927606,78.6387089595329,5.20785568629613
2.94067731509993,75.0178016638519,3.49125685963839
589.599511139441,227.76419404005,4.03767974784969
442.686900161176,452.213789342322,4.80231375739484
660.333405073356,375.37353135599,2.88594798671553
110.11513625462,484.626970176999,4.29593453506719
626.130526642363,91.6354316475942,4.02883023647169
416.992757682199,259.682684762334,3.64354136262121
8.44576265348326,182.807352426414,3.3087490575739
64.8820458853354,121.589919644174,4.30611327875943
600.90904330739,212.758398432872,4.36121712848646
258.501460458594,215.832453114207,3.85335051716175
568.946966169326,443.757510356289,3.71465568602753
298.971329470629,138.985633279342,3.97595932553898
527.499363169765,462.13921653763,3.47194688790064
53.2239356349432,417.216809086383,4.0446727887458
182.663877489411,285.380424232705,4.02380262766123
546.005616289103,259.309158824072,3.76662987546039
156.840385321556,23.6793317665834,4.49548586073047
495.423747309204,343.117718119895,4.63852538546423
34.8940545310841,40.6468990693983,3.78257932731491
532.360214297107,134.496277576397,4.71580607959137
NA,NA,NA
659.373890724651,334.067662344088,3.56039548891679
454.32153353546,299.396113261129,3.72181253148954
10.5272241057724,494.566756234608,3.5854742490334
560.542549036732,52.4218019181799,4.28868966275574
71.1324890564165,380.699328030325,3.97010866254859
228.369208368889,413.724539610679,3.88738876400153
427.969540859198,14.1278600318089,3.29972440045028
360.840000679809,292.106641671126,2.95522879296917
606.960224469691,103.001771816986,4.23389654982781
388.526295564505,228.238726661141,4.17755142742799
572.944576063725,399.870062008856,4.77659502599437
135.306994012371,281.847545990921,4.63967936169753
200.30382112294,370.058942312994,3.98014460365212
127.121446164926,411.259868256916,3.48060438037889
626.217491052353,314.708303207782,4.59713185812334
-6.28837961876713,144.56077796488,4.15272614707685
539.081005260409,204.366572217921,4.155642049559
33.8744454276904,490.538460227747,3.05579495652045
273.424021073358,26.1760350954069,3.87536728851307
532.483199902045,392.213809758347,3.57770439219318
69.2761634927606,78.6387089595329,5.20785568629613
2.94067731509993,75.0178016638519,3.49125685963839
589.599511139441,227.76419404005,4.03767974784969
442.686900161176,452.213789342322,4.80231375739484
660.333405073356,375.37353135599,2.88594798671553
110.11513625462,484.626970176999,4.29593453506719
626.130526642363,91.6354316475942,4.02883023647169
416.992757682199,259.682684762334,3.64354136262121
8.44576265348326,182.807352426414,3.3087490575739
64.8820458853354,121.589919644174,4.30611327875943
600.90904330739,212.758398432872,4.36121712848646
258.501460458594,215.832453114207,3.85335051716175
568.946966169326,443.757510356289,3.71465568602753
298.971329470629,138.985633279342,3.97595932553898
527.499363169765,462.13921653763,3.47194688790064
53.2239356349432,417.216809086383,4.0446727887458
182.663877489411,285.380424232705,4.02380262766123
546.005616289103,259.309158824072,3.76662987546039
156.840385321556,23.6793317665834,4.49548586073047
495.423747309204,343.117718119895,4.63852538546423
34.8940545310841,40.6468990693983,3.78257932731491
532.360214297107,134.496277576397,4.71580607959137
NA,NA,NA
659.373890724651,334.067662344088,3.56039548891679
454.32153353546,299.396113261129,3.72181253148954
10.5272241057724,494.566756234608,3.5854742490334
560.542549036732,52.4218019181799,4.28868966275574
71.1324890564165,380.699328030325,3.97010866254859
228.369208368889,413.724539610679,3.88738876400153
427.969540859198,14.1278600318089,3.29972440045028
360.840000679809,292.106641671126,2.95522879296917
606.960224469691,103.001771816986,4.23389654982781
388.526295564505,228.238726661141,4.17755142742799
572.944576063725,399.870062008856,4.77659502599437
135.306994012371,281.847545990921,4.63967936169753
200.30382112294,370.058942312994,3.98014460365212
127.121446164926,411.259868256916,3.48060438037889
626.217491052353,314.708303207782,4.59713185812334
-6.28837961876713,144.56077796488,4.15272614707685
539.081005260409,204.366572217921,4.155642049559
33.8744454276904,490.538460227747,3.05579495652045
273.424021073358,26.1760350954069,3.87536728851307
532.483199902045,392.213809758347,3.57770439219318
69.2761634927606,78.6387089595329,5.20785568629613
2.94067731509993,75.0178016638519,3.49125685963839
589.599511139441,227.76419404005,4.03767974784969
442.686900161176,452.213789342322,4.80231375739484
660.333405073356,375.37353135599,2.88594798671553
110.11513625462,484.626970176999,4.29593453506719
626.130526642363,91.6354316475942,4.02883023647169
416.992757682199,259.682684762334,3.64354136262121
8.44576265348326,182.807352426414,3.3087490575739
64.8820458853354,121.589919644174,4.30611327875943
600.90904330739,212.758398432872,4.36121712848646
258.501460458594,215.832453114207,3.85335051716175
568.946966169326,443.757510356289,3.71465568602753
298.971329470629,138.985633279342,3.97595932553898
527.499363169765,462.13921653763,3.47194688790064
53.2239356349432,417.216809086383,4.0446727887458
182.663877489411,285.380424232705,4.02380262766123
546.005616289103,259.309158824072,3.76662987546039
156.840385321556,23.6793317665834,4.49548586073047
495.423747309204,343.117718119895,4.63852538546423
34.8940545310841,40.6468990693983,3.78257932731491
532.360214297107,134.496277576397,4.71580607959137
NA,NA,NA
659.373890724651,334.067662344088,3.56039548891679
454.32153353546,299.396113261129,3.72181253148954
10.5272241057724,494.566756234608,3.5854742490334
560.542549036732,52.4218019181799,4.28868966275574
71.1324890564165,380.699328030325,3.97010866254859
228.369208368889,413.724539610679,3.88738876400153
427.969540859198,14.1278600318089,3.29972440045028
360.840000679809,292.106641671126,2.95522879296917
606.960224469691,103.001771816986,4.23389654982781
388.526295564505,228.238726661141,4.17755142742799
572.944576063725,399.870062008856,4.77659502599437
135.306994012371,281.847545990921,4.63967936169753
200.30382112294,370.058942312994,3.98014460365212
127.121446164926,411.259868256916,3.48060438037889
626.217491052353,314.708303207782,4.59713185812334
-6.28837961876713,144.56077796488,4.15272614707685
539.081005260409,204.366572217921,4.155642049559
33.8744454276904,490.538460227747,3.05579495652045
273.424021073358,26.1760350954069,3.87536728851307
532.483199902045,392.213809758347,3.57770439219318
69.2761634927606,78.6387089595329,5.20785568629613
2.94067731509993,75.0178016638519,3.49125685963839
589.599511139441,227.76419404005,4.03767974784969
442.686900161176,452.213789342322,4.80231375739484
660.333405073356,375.37353135599,2.88594798671553
110.11513625462,484.626970176999,4.29593453506719
626.130526642363,91.6354316475942,4.02883023647169
416.992757682199,259.682684762334,3.64354136262121
8.44576265348326,182.807352426414,3.3087490575739
64.8820458853354,121.589919644174,4.30611327875943
600.90904330739,212.758398432872,4.36121712848646
258.501460458594,215.832453114207,3.85335051716175
568.946966169326,443.757510356289,3.71465568602753
298.971329470629,138.985633279342,3.97595932553898
527.499363169765,462.13921653763,3.47194688790064
53.2239356349432,417.216809086383,4.0446727887458
182.663877489411,285.380424232705,4.02380262766123
546.005616289103,259.309158824072,3.76662987546039
156.840385321556,23.6793317665834,4.49548586073047
495.423747309204,343.117718119895,4.63852538546423
34.8940545310841,40.6468990693983,3.78257932731491
532.360214297107,134.496277576397,4.71580607959137
NA,NA,NA
659.877601171768,331.906637141468,3.44328826815361
455.225160347721,296.015019008414,3.71433074249706
11.8606472707405,493.814015696808,3.53388149500211
561.731715268514,47.1738243338375,4.15072796637203
72.7188812413491,377.272618514579,4.00782276741939
228.314626778754,412.144491998018,3.80969927969503
427.160061829411,11.6447025030937,3.29029229629762
363.672676992597,292.58591524489,3.06195395175941
602.979140171201,105.983311291753,4.20499861761775
388.528177666018,229.223682835839,4.12033468235017
577.971437144435,414.166651975657,4.76982927096874
141.100958455385,281.489308979425,4.59939002471965
203.255288867583,369.609876565378,4.09024582011647
125.634523601428,410.787607595889,3.37809707598717
629.244670322668,317.944251542028,4.61215573182603
1.677766833044,146.199525066846,4.26249194049031
543.803164914881,202.114136928371,4.04531732041185
35.8213591756351,491.769623091543,3.00521482935694
279.85874751575,20.3692979353493,3.93290265729069
534.97727599259,392.505866368379,3.4268981225135
74.3176176017313,76.9898018577874,5.33611007281552
5.91148827641252,72.9811473380231,3.46594269409205
589.645889552216,224.58248797081,4.033115412644
435.610520714432,462.755532841577,4.77564322687306
660.430042105265,372.982874285698,3.26315190192351
106.390257453641,489.39967099398,4.35829107984747
620.557861837827,87.7896688388287,4.1313782621667
420.371764829052,261.968098251031,3.59018438866508
9.7082464682547,183.417325345926,3.08268417121496
73.9274942894098,122.537376976136,4.44302358534637
598.625136931419,200.396419068986,4.17190637606127
263.842800294643,219.03927068578,3.8678971522267
577.48732639236,437.494384086374,3.71180565812191
299.048470388417,138.626241969137,3.7722278081923
531.677659725129,455.500168598548,3.56181015856108
40.1482548161017,417.920650260836,4.37346783173495
196.975365304887,294.51563765467,3.71442130237599
535.263583485572,271.918298240263,3.73126460459455
161.020419406974,45.7246960978486,4.21980980523699
510.049577173077,337.981319418599,4.53306603611863
31.5284363164031,55.4897293506756,3.78636928733404
527.750557000097,128.152129706759,4.63806132115882
NA,NA,NA
659.877601171768,331.906637141468,3.44328826815361
455.225160347721,296.015019008414,3.71433074249706
11.8606472707405,493.814015696808,3.53388149500211
561.731715268514,47.1738243338375,4.15072796637203
72.7188812413491,377.272618514579,4.00782276741939
228.314626778754,412.144491998018,3.80969927969503
427.160061829411,11.6447025030937,3.29029229629762
363.672676992597,292.58591524489,3.06195395175941
602.979140171201,105.983311291753,4.20499861761775
388.528177666018,229.223682835839,4.12033468235017
577.971437144435,414.166651975657,4.76982927096874
141.100958455385,281.489308979425,4.59939002471965
203.255288867583,369.609876565378,4.09024582011647
125.634523601428,410.787607595889,3.37809707598717
629.244670322668,317.944251542028,4.61215573182603
1.677766833044,146.199525066846,4.26249194049031
543.803164914881,202.114136928371,4.04531732041185
35.8213591756351,491.769623091543,3.00521482935694
279.85874751575,20.3692979353493,3.93290265729069
534.97727599259,392.505866368379,3.4268981225135
74.3176176017313,76.9898018577874,5.33611007281552
5.91148827641252,72.9811473380231,3.46594269409205
589.645889552216,224.58248797081,4.033115412644
435.610520714432,462.755532841577,4.77564322687306
660.430042105265,372.982874285698,3.26315190192351
106.390257453641,489.39967099398,4.35829107984747
620.557861837827,87.7896688388287,4.1313782621667
420.371764829052,261.968098251031,3.59018438866508
9.7082464682547,183.417325345926,3.08268417121496
73.9274942894098,122.537376976136,4.44302358534637
598.625136931419,200.396419068986,4.17190637606127
263.842800294643,219.03927068578,3.8678971522267
577.48732639236,437.494384086374,3.71180565812191
299.048470388417,138.626241969137,3.7722278081923
531.677659725129,455.500168598548,3.56181015856108
40.1482548161017,417.920650260836,4.37346783173495
196.975365304887,294.51563765467,3.71442130237599
535.263583485572,271.918298240263,3.73126460459455
161.020419406974,45.7246960978486,4.21980980523699
510.049577173077,337.981319418599,4.53306603611863
31.5284363164031,55.4897293506756,3.78636928733404
527.750557000097,128.152129706759,4.63806132115882
NA,NA,NA
659.877601171768,331.906637141468,3.44328826815361
455.225160347721,296.015019008414,3.71433074249706
11.8606472707405,493.814015696808,3.53388149500211
561.731715268514,47.1738243338375,4.15072796637203
72.7188812413491,377.272618514579,4.00782276741939
228.314626778754,412.144491998018,3.80969927969503
427.160061829411,11.6447025030937,3.29029229629762
363.672676992597,292.58591524489,3.06195395175941
602.979140171201,105.983311291753,4.20499861761775
388.528177666018,229.223682835839,4.12033468235017
577.971437144435,414.166651975657,4.76982927096874
141.100958455385,281.489308979425,4.59939002471965
203.255288867583,369.609876565378,4.09024582011647
125.634523601428,410.787607595889,3.37809707598717
629.244670322668,317.944251542028,4.61215573182603
1.677766833044,146.199525066846,4.26249194049031
543.803164914881,202.114136928371,4.04531732041185
35.8213591756351,491.769623091543,3.00521482935694
279.85874751575,20.3692979353493,3.93290265729069
534.97727599259,392.505866368379,3.4268981225135
74.3176176017313,76.9898018577874,5.33611007281552
5.91148827641252,72.9811473380231,3.46594269409205
589.645889552216,224.58248797081,4.033115412644
435.610520714432,462.755532841577,4.77564322687306
660.430042105265,372.982874285698,3.26315190192351
106.390257453641,489.39967099398,4.35829107984747
620.557861837827,87.7896688388287,4.1313782621667
420.371764829052,261.968098251031,3.59018438866508
9.7082464682547,183.417325345926,3.08268417121496
73.9274942894098,122.537376976136,4.44302358534637
598.625136931419,200.396419068986,4.17190637606127
263.842800294643,219.03927068578,3.8678971522267
577.48732639236,437.494384086374,3.71180565812191
299.048470388417,138.626241969137,3.7722278081923
531.677659725129,455.500168598548,3.56181015856108
40.1482548161017,417.920650260836,4.37346783173495
196.975365304887,294.51563765467,3.71442130237599
535.263583485572,271.918298240263,3.73126460459455
161.020419406974,45.7246960978486,4.21980980523699
510.049577173077,337.981319418599,4.53306603611863
31.5284363164031,55.4897293506756,3.78636928733404
527.750557000097,128.152129706759,4.63806132115882
NA,NA,NA
659.877601171768,331.906637141468,3.44328826815361
455.225160347721,296.015019008414,3.71433074249706
11.8606472707405,493.814015696808,3.53388149500211
561.731715268514,47.1738243338375,4.15072796637203
72.7188812413491,377.272618514579,4.00782276741939
228.314626778754,412.144491998018,3.80969927969503
427.160061829411,11.6447025030937,3.29029229629762
363.672676992597,292.58591524489,3.06195395175941
602.979140171201,105.983311291753,4.20499861761775
388.528177666018,229.223682835839,4.12033468235017
577.971437144435,414.166651975657,4.76982927096874
141.100958455385,281.489308979425,4.59939002471965
203.255288867583,369.609876565378,4.09024582011647
125.634523601428,410.787607595889,3.37809707598717
629.244670322668,317.944251542028,4.61215573182603
1.677766833044,146.199525066846,4.26249194049031
543.803164914881,202.114136928371,4.04531732041185
35.8213591756351,491.769623091543,3.00521482935694
279.85874751575,20.3692979353493,3.93290265729069
534.97727599259,392.505866368379,3.4268981225135
74.3176176017313,76.9898018577874,5.33611007281552
5.91148827641252,72.9811473380231,3.46594269409205
589.645889552216,224.58248797081,4.033115412644
435.610520714432,462.755532841577,4.77564322687306
660.430042105265,372.982874285698,3.26315190192351
106.390257453641,489.39967099398,4.35829107984747
620.557861837827,87.7896688388287,4.1313782621667
420.371764829052,261.968098251031,3.59018438866508
9.7082464682547,183.417325345926,3.08268417121496
73.9274942894098,122.537376976136,4.44302358534637
598.625136931419,200.396419068986,4.17190637606127
263.842800294643,219.03927068578,3.8678971522267
577.48732639236,437.494384086374,3.71180565812191
299.048470388417,138.626241969137,3.7722278081923
531.677659725129,455.500168598548,3.56181015856108
40.1482548161017,417.920650260836,4.37346783173495
196.975365304887,294.51563765467,3.71442130237599
535.263583485572,271.918298240263,3.73126460459455
161.020419406974,45.7246960978486,4.21980980523699
510.049577173077,337.981319418599,4.53306603611863
31.5284363164031,55.4897293506756,3.78636928733404
527.750557000097,128.152129706759,4.63806132115882
NA,NA,NA
659.877601171768,331.906637141468,3.44328826815361
455.225160347721,296.015019008414,3.71433074249706
11.8606472707405,493.814015696808,3.53388149500211
561.731715268514,47.1738243338375,4.15072796637203
72.7188812413491,377.272618514579,4.00782276741939
228.314626778754,412.144491998018,3.80969927969503
427.160061829411,11.6447025030937,3.29029229629762
363.672676992597,292.58591524489,3.06195395175941
602.979140171201,105.983311291753,4.20499861761775
388.528177666018,229.223682835839,4.12033468235017
577.971437144435,414.166651975657,4.76982927096874
141.100958455385,281.489308979425,4.59939002471965
203.255288867583,369.609876565378,4.09024582011647
125.634523601428,410.787607595889,3.37809707598717
629.244670322668,317.944251542028,4.61215573182603
1.677766833044,146.199525066846,4.26249194049031
543.803164914881,202.114136928371,4.04531732041185
35.8213591756351,491.769623091543,3.00521482935694
279.85874751575,20.3692979353493,3.93290265729069
534.97727599259,392.505866368379,3.4268981225135
74.3176176017313,76.9898018577874,5.33611007281552
5.91148827641252,72.9811473380231,3.46594269409205
589.645889552216,224.58248797081,4.033115412644
435.610520714432,462.755532841577,4.77564322687306
660.430042105265,372.982874285698,3.26315190192351
106.390257453641,489.39967099398,4.35829107984747
620.557861837827,87.7896688388287,4.1313782621667
420.371764829052,261.968098251031,3.59018438866508
9.7082464682547,183.417325345926,3.08268417121496
73.9274942894098,122.537376976136,4.44302358534637
598.625136931419,200.396419068986,4.17190637606127
263.842800294643,219.03927068578,3.8678971522267
577.48732639236,437.494384086374,3.71180565812191
299.048470388417,138.626241969137,3.7722278081923
531.677659725129,455.500168598548,3.56181015856108
40.1482548161017,417.920650260836,4.37346783173495
196.975365304887,294.51563765467,3.71442130237599
535.263583485572,271.918298240263,3.73126460459455
161.020419406974,45.7246960978486,4.21980980523699
510.049577173077,337.981319418599,4.53306603611863
31.5284363164031,55.4897293506756,3.78636928733404
527.750557000097,128.152129706759,4.63806132115882
NA,NA,NA
659.877601171768,331.906637141468,3.44328826815361
455.225160347721,296.015019008414,3.71433074249706
11.8606472707405,493.814015696808,3.53388149500211
561.731715268514,47.1738243338375,4.15072796637203
72.7188812413491,377.272618514579,4.00782276741939
228.314626778754,412.144491998018,3.80969927969503
427.160061829411,11.6447025030937,3.29029229629762
363.672676992597,292.58591524489,3.06195395175941
602.979140171201,105.983311291753,4.20499861761775
388.528177666018,229.223682835839,4.12033468235017
577.971437144435,414.166651975657,4.76982927096874
141.100958455385,281.489308979425,4.59939002471965
203.255288867583,369.609876565378,4.09024582011647
125.634523601428,410.787607595889,3.37809707598717
629.244670322668,317.944251542028,4.61215573182603
1.677766833044,146.199525066846,4.26249194049031
543.803164914881,202.114136928371,4.04531732041185
35.8213591756351,491.769623091543,3.00521482935694
279.85874751575,20.3692979353493,3.93290265729069
534.97727599259,392.505866368379,3.4268981225135
74.3176176017313,76.9898018577874,5.33611007281552
5.91148827641252,72.9811473380231,3.46594269409205
589.645889552216,224.58248797081,4.033115412644
435.610520714432,462.755532841577,4.77564322687306
660.430042105265,372.982874285698,3.26315190192351
106.390257453641,489.39967099398,4.35829107984747
620.557861837827,87.7896688388287,4.1313782621667
420.371764829052,261.968098251031,3.59018438866508
9.7082464682547,183.417325345926,3.08268417121496
73.9274942894098,122.537376976136,4.44302358534637
598.625136931419,200.396419068986,4.17190637606127
263.842800294643,219.03927068578,3.8678971522267
577.48732639236,437.494384086374,3.71180565812191
299.048470388417,138.626241969137,3.7722278081923
531.677659725129,455.500168598548,3.56181015856108
40.1482548161017,417.920650260836,4.37346783173495
196.975365304887,294.51563765467,3.71442130237599
535.263583485572,271.918298240263,3.73126460459455
161.020419406974,45.7246960978486,4.21980980523699
510.049577173077,337.981319418599,4.53306603611863
31.5284363164031,55.4897293506756,3.78636928733404
527.750557000097,128.152129706759,4.63806132115882
NA,NA,NA
659.047044857043,336.551352993622,3.38201052538761
457.603518665913,300.704842616259,3.77289590338525
12.6372755337633,495.78667777526,3.60618125941561
561.684652265272,46.9279227650154,4.17769447672674
74.1305271565597,371.948522084678,4.0221008365426
232.453169427013,416.671418490814,3.85910404063769
428.287537468483,12.2601383634396,3.24129519093262
362.367761930876,291.893132431401,2.91363594715555
603.052930843368,104.371546030043,4.34626219902862
391.26982962267,227.645587912791,4.2157401282141
571.767068743872,403.835735842194,4.68811670764639
141.049797573234,281.325860756619,4.49157106548389
196.23687808848,368.627005530687,4.1468426673805
121.389822915235,410.686632889488,3.38043431580855
629.650481298506,315.205781890132,4.6354203620405
0.330297804005077,149.01050783216,4.2826572841212
541.193637521772,201.154042354981,4.22483456031495
33.3611710838537,490.969539767556,2.93008228176415
279.712854281901,27.4877339709797,3.62296193645873
529.681373562572,392.722829446513,3.36981457817995
68.9655193362972,83.7322311690805,5.17447493714675
6.24568670299556,74.7319623864974,3.53542629793988
587.838241003396,229.142977426838,4.01898598255925
437.873131246963,460.705638126809,4.76437726818963
660.503468089163,374.958186567379,3.0428236886365
105.265943763302,489.578152906742,4.34192993291176
627.237277396289,86.2115055381597,4.07793559207337
415.001590706287,257.558656540954,3.61626066651779
11.630181997375,182.412988658227,3.14236532154107
69.6003940222154,127.181127595532,4.58519859747939
607.1921337132,202.584981018333,4.32181229218966
255.576432191643,217.964732952301,3.79205693078494
569.358922802884,444.668383230547,4.00983343389569
300.641339387733,143.925750909572,3.9446486259007
524.392612063265,455.687865915397,3.83860698084462
47.2756750535783,417.074897803313,3.89362335276112
186.467416959718,286.268256352366,4.21716545403909
540.129785343809,264.514842818004,3.51150052977835
167.072243118825,37.7815607644731,4.24591414797697
505.603866594015,340.104832381598,4.79250172976603
35.4277257192632,61.1711733701775,3.96847936603698
540.201856689682,160.48102340887,4.60881592263057
NA,NA,NA
659.047044857043,336.551352993622,3.38201052538761
457.603518665913,300.704842616259,3.77289590338525
12.6372755337633,495.78667777526,3.60618125941561
561.684652265272,46.9279227650154,4.17769447672674
74.1305271565597,371.948522084678,4.0221008365426
232.453169427013,416.671418490814,3.85910404063769
428.287537468483,12.2601383634396,3.24129519093262
362.367761930876,291.893132431401,2.91363594715555
603.052930843368,104.371546030043,4.34626219902862
391.26982962267,227.645587912791,4.2157401282141
571.767068743872,403.835735842194,4.68811670764639
141.049797573234,281.325860756619,4.49157106548389
196.23687808848,368.627005530687,4.1468426673805
121.389822915235,410.686632889488,3.38043431580855
629.650481298506,315.205781890132,4.6354203620405
0.330297804005077,149.01050783216,4.2826572841212
541.193637521772,201.154042354981,4.22483456031495
33.3611710838537,490.969539767556,2.93008228176415
279.712854281901,27.4877339709797,3.62296193645873
529.681373562572,392.722829446513,3.36981457817995
68.9655193362972,83.7322311690805,5.17447493714675
6.24568670299556,74.7319623864974,3.53542629793988
587.838241003396,229.142977426838,4.01898598255925
437.873131246963,460.705638126809,4.76437726818963
660.503468089163,374.958186567379,3.0428236886365
105.265943763302,489.578152906742,4.34192993291176
627.237277396289,86.2115055381597,4.07793559207337
415.001590706287,257.558656540954,3.61626066651779
11.630181997375,182.412988658227,3.14236532154107
69.6003940222154,127.181127595532,4.58519859747939
607.1921337132,202.584981018333,4.32181229218966
255.576432191643,217.964732952301,3.79205693078494
569.358922802884,444.668383230547,4.00983343389569
300.641339387733,143.925750909572,3.9446486259007
524.392612063265,455.687865915397,3.83860698084462
47.2756750535783,417.074897803313,3.89362335276112
186.467416959718,286.268256352366,4.21716545403909
540.129785343809,264.514842818004,3.51150052977835
167.072243118825,37.7815607644731,4.24591414797697
505.603866594015,340.104832381598,4.79250172976603
35.4277257192632,61.1711733701775,3.96847936603698
540.201856689682,160.48102340887,4.60881592263057
NA,NA,NA
659.047044857043,336.551352993622,3.38201052538761
457.603518665913,300.704842616259,3.77289590338525
12.6372755337633,495.78667777526,3.60618125941561
561.684652265272,46.9279227650154,4.17769447672674
74.1305271565597,371.948522084678,4.0221008365426
232.453169427013,416.671418490814,3.85910404063769
428.287537468483,12.2601383634396,3.24129519093262
362.367761930876,291.893132431401,2.91363594715555
603.052930843368,104.371546030043,4.34626219902862
391.26982962267,227.645587912791,4.2157401282141
571.767068743872,403.835735842194,4.68811670764639
141.049797573234,281.325860756619,4.49157106548389
196.23687808848,368.627005530687,4.1468426673805
121.389822915235,410.686632889488,3.38043431580855
629.650481298506,315.205781890132,4.6354203620405
0.330297804005077,149.01050783216,4.2826572841212
541.193637521772,201.154042354981,4.22483456031495
33.3611710838537,490.969539767556,2.93008228176415
279.712854281901,27.4877339709797,3.62296193645873
529.681373562572,392.722829446513,3.36981457817995
68.9655193362972,83.7322311690805,5.17447493714675
6.24568670299556,74.7319623864974,3.53542629793988
587.838241003396,229.142977426838,4.01898598255925
437.873131246963,460.705638126809,4.76437726818963
660.503468089163,374.958186567379,3.0428236886365
105.265943763302,489.578152906742,4.34192993291176
627.237277396289,86.2115055381597,4.07793559207337
415.001590706287,257.558656540954,3.61626066651779
11.630181997375,182.412988658227,3.14236532154107
69.6003940222154,127.181127595532,4.58519859747939
607.1921337132,202.584981018333,4.32181229218966
255.576432191643,217.964732952301,3.79205693078494
569.358922802884,444.668383230547,4.00983343389569
300.641339387733,143.925750909572,3.9446486259007
524.392612063265,455.687865915397,3.83860698084462
47.2756750535783,417.074897803313,3.89362335276112
186.467416959718,286.268256352366,4.21716545403909
540.129785343809,264.514842818004,3.51150052977835
167.072243118825,37.7815607644731,4.24591414797697
505.603866594015,340.104832381598,4.79250172976603
35.4277257192632,61.1711733701775,3.96847936603698
540.201856689682,160.48102340887,4.60881592263057
NA,NA,NA
659.047044857043,336.551352993622,3.38201052538761
457.603518665913,300.704842616259,3.77289590338525
12.6372755337633,495.78667777526,3.60618125941561
561.684652265272,46.9279227650154,4.17769447672674
74.1305271565597,371.948522084678,4.0221008365426
232.453169427013,416.671418490814,3.85910404063769
428.287537468483,12.2601383634396,3.24129519093262
362.367761930876,291.893132431401,2.91363594715555
603.052930843368,104.371546030043,4.34626219902862
391.26982962267,227.645587912791,4.2157401282141
571.767068743872,403.835735842194,4.68811670764639
141.049797573234,281.325860756619,4.49157106548389
196.23687808848,368.627005530687,4.1468426673805
121.389822915235,410.686632889488,3.38043431580855
629.650481298506,315.205781890132,4.6354203620405
0.330297804005077,149.01050783216,4.2826572841212
541.193637521772,201.154042354981,4.22483456031495
33.3611710838537,490.969539767556,2.93008228176415
279.712854281901,27.4877339709797,3.62296193645873
529.681373562572,392.722829446513,3.36981457817995
68.9655193362972,83.7322311690805,5.17447493714675
6.24568670299556,74.7319623864974,3.53542629793988
587.838241003396,229.142977426838,4.01898598255925
437.873131246963,460.705638126809,4.76437726818963
660.503468089163,374.958186567379,3.0428236886365
105.265943763302,489.578152906742,4.34192993291176
627.237277396289,86.2115055381597,4.07793559207337
415.001590706287,257.558656540954,3.61626066651779
11.630181997375,182.412988658227,3.14236532154107
69.6003940222154,127.181127595532,4.58519859747939
607.1921337132,202.584981018333,4.32181229218966
255.576432191643,217.964732952301,3.79205693078494
569.358922802884,444.668383230547,4.00983343389569
300.641339387733,143.925750909572,3.9446486259007
524.392612063265,455.687865915397,3.83860698084462
47.2756750535783,417.074897803313,3.89362335276112
186.467416959718,286.268256352366,4.21716545403909
540.129785343809,264.514842818004,3.51150052977835
167.072243118825,37.7815607644731,4.24591414797697
505.603866594015,340.104832381598,4.79250172976603
35.4277257192632,61.1711733701775,3.96847936603698
540.201856689682,160.48102340887,4.60881592263057
NA,NA,NA
659.047044857043,336.551352993622,3.38201052538761
457.603518665913,300.704842616259,3.77289590338525
12.6372755337633,495.78667777526,3.60618125941561
561.684652265272,46.9279227650154,4.17769447672674
74.1305271565597,371.948522084678,4.0221008365426
232.453169427013,416.671418490814,3.85910404063769
428.287537468483,12.2601383634396,3.24129519093262
362.367761930876,291.893132431401,2.91363594715555
603.052930843368,104.371546030043,4.34626219902862
391.26982962267,227.645587912791,4.2157401282141
571.767068743872,403.835735842194,4.68811670764639
141.049797573234,281.325860756619,4.49157106548389
196.23687808848,368.627005530687,4.1468426673805
121.389822915235,410.686632889488,3.38043431580855
629.650481298506,315.205781890132,4.6354203620405
0.330297804005077,149.01050783216,4.2826572841212
541.193637521772,201.154042354981,4.22483456031495
33.3611710838537,490.969539767556,2.93008228176415
279.712854281901,27.4877339709797,3.62296193645873
529.681373562572,392.722829446513,3.36981457817995
68.9655193362972,83.7322311690805,5.17447493714675
6.24568670299556,74.7319623864974,3.53542629793988
587.838241003396,229.142977426838,4.01898598255925
437.873131246963,460.705638126809,4.76437726818963
660.503468089163,374.958186567379,3.0428236886365
105.265943763302,489.578152906742,4.34192993291176
627.237277396289,86.2115055381597,4.07793559207337
415.001590706287,257.558656540954,3.61626066651779
11.630181997375,182.412988658227,3.14236532154107
69.6003940222154,127.181127595532,4.58519859747939
607.1921337132,202.584981018333,4.32181229218966
255.576432191643,217.964732952301,3.79205693078494
569.358922802884,444.668383230547,4.00983343389569
300.641339387733,143.925750909572,3.9446486259007
524.392612063265,455.687865915397,3.83860698084462
47.2756750535783,417.074897803313,3.89362335276112
186.467416959718,286.268256352366,4.21716545403909
540.129785343809,264.514842818004,3.51150052977835
167.072243118825,37.7815607644731,4.24591414797697
505.603866594015,340.104832381598,4.79250172976603
35.4277257192632,61.1711733701775,3.96847936603698
540.201856689682,160.48102340887,4.60881592263057
NA,NA,NA
659.047044857043,336.551352993622,3.38201052538761
457.603518665913,300.704842616259,3.77289590338525
12.6372755337633,495.78667777526,3.60618125941561
561.684652265272,46.9279227650154,4.17769447672674
74.1305271565597,371.948522084678,4.0221008365426
232.453169427013,416.671418490814,3.85910404063769
428.287537468483,12.2601383634396,3.24129519093262
362.367761930876,291.893132431401,2.91363594715555
603.052930843368,104.371546030043,4.34626219902862
391.26982962267,227.645587912791,4.2157401282141
571.767068743872,403.835735842194,4.68811670764639
141.049797573234,281.325860756619,4.49157106548389
196.23687808848,368.627005530687,4.1468426673805
121.389822915235,410.686632889488,3.38043431580855
629.650481298506,315.205781890132,4.6354203620405
0.330297804005077,149.01050783216,4.2826572841212
541.193637521772,201.154042354981,4.22483456031495
33.3611710838537,490.969539767556,2.93008228176415
279.712854281901,27.4877339709797,3.62296193645873
529.681373562572,392.722829446513,3.36981457817995
68.9655193362972,83.7322311690805,5.17447493714675
6.24568670299556,74.7319623864974,3.53542629793988
587.838241003396,229.142977426838,4.01898598255925
437.873131246963,460.705638126809,4.76437726818963
660.503468089163,374.958186567379,3.0428236886365
105.265943763302,489.578152906742,4.34192993291176
627.237277396289,86.2115055381597,4.07793559207337
415.001590706287,257.558656540954,3.61626066651779
11.630181997375,182.412988658227,3.14236532154107
69.6003940222154,127.181127595532,4.58519859747939
607.1921337132,202.584981018333,4.32181229218966
255.576432191643,217.964732952301,3.79205693078494
569.358922802884,444.668383230547,4.00983343389569
300.641339387733,143.925750909572,3.9446486259007
524.392612063265,455.687865915397,3.83860698084462
47.2756750535783,417.074897803313,3.89362335276112
186.467416959718,286.268256352366,4.21716545403909
540.129785343809,264.514842818004,3.51150052977835
167.072243118825,37.7815607644731,4.24591414797697
505.603866594015,340.104832381598,4.79250172976603
35.4277257192632,61.1711733701775,3.96847936603698
540.201856689682,160.48102340887,4.60881592263057
NA,NA,NA
664.177040404279,333.597871267856,3.46669650437204
456.946570705864,294.966226791874,3.69885521667763
11.8569411449064,493.594159436673,3.62273355872476
561.264644643778,47.1022914316485,4.25899341528535
72.7748952274538,380.823066543269,3.92434020729862
228.137265759353,414.091382639761,3.82535134177822
426.623140698846,13.8516677819015,3.48130300916295
362.764978803723,290.149739267662,3.17196378723539
600.554737700136,100.94440881372,4.27469779483176
393.402893809449,229.077411933738,4.13497351004639
567.991240716644,399.550499520153,4.72135552656557
137.112160930225,287.048632606514,4.62920680517061
202.213250937238,364.749359223609,4.00014701802498
124.188567475294,410.008598682392,3.50139775650139
627.123261243202,308.552860040031,4.58209124335374
-1.62329001606954,151.945186475779,4.24374692641098
544.000286409468,201.760013173464,4.10035918071169
35.0522158389083,493.297641491846,3.06601433398246
282.339801083128,26.0834210575546,3.9037476608193
534.495794010951,390.990031425405,3.51336228648191
75.30841444753,73.5017355825428,5.2763808604094
6.40655697724954,77.4198317220546,3.52276340090177
591.28169752831,229.989312806724,3.86412513385797
439.717446335643,461.537175100696,4.76688914762619
656.315171417125,374.767971622094,3.18992822832639
103.65694151293,484.837915339104,4.38007983546466
626.844466427794,90.3421996449742,4.06710081895686
421.241036874217,260.034980376321,3.61073264870933
11.8499206404402,181.656763962383,3.14055151649573
64.8054991114807,110.597161540141,4.51956410655445
602.366129534191,202.105378159711,4.45451174630722
254.862187009299,216.644615553363,3.78021252737662
573.631450656223,435.845306671475,3.69521882800346
301.089031881476,138.970306910755,3.67720114074431
527.637593847405,461.618426313021,3.35273993092387
38.0838910060165,420.843526726446,3.8603515797027
188.520720711803,292.640945264904,3.88937946862231
551.833008427976,262.59492328555,3.52081960000393
169.49832502315,34.6576142805192,4.29461131554303
503.108901198291,345.781066393676,4.59664760867916
46.1976596969911,45.5517877028489,3.70928047210658
540.664968671812,145.201841715701,4.58371685648165
NA,NA,NA
664.177040404279,333.597871267856,3.46669650437204
456.946570705864,294.966226791874,3.69885521667763
11.8569411449064,493.594159436673,3.62273355872476
561.264644643778,47.1022914316485,4.25899341528535
72.7748952274538,380.823066543269,3.92434020729862
228.137265759353,414.091382639761,3.82535134177822
426.623140698846,13.8516677819015,3.48130300916295
362.764978803723,290.149739267662,3.17196378723539
600.554737700136,100.94440881372,4.27469779483176
393.402893809449,229.077411933738,4.13497351004639
567.991240716644,399.550499520153,4.72135552656557
137.112160930225,287.048632606514,4.62920680517061
202.213250937238,364.749359223609,4.00014701802498
124.188567475294,410.008598682392,3.50139775650139
627.123261243202,308.552860040031,4.58209124335374
-1.62329001606954,151.945186475779,4.24374692641098
544.000286409468,201.760013173464,4.10035918071169
35.0522158389083,493.297641491846,3.06601433398246
282.339801083128,26.0834210575546,3.9037476608193
534.495794010951,390.990031425405,3.51336228648191
75.30841444753,73.5017355825428,5.2763808604094
6.40655697724954,77.4198317220546,3.52276340090177
591.28169752831,229.989312806724,3.86412513385797
439.717446335643,461.537175100696,4.76688914762619
656.315171417125,374.767971622094,3.18992822832639
103.65694151293,484.837915339104,4.38007983546466
626.844466427794,90.3421996449742,4.06710081895686
421.241036874217,260.034980376321,3.61073264870933
11.8499206404402,181.656763962383,3.14055151649573
64.8054991114807,110.597161540141,4.51956410655445
602.366129534191,202.105378159711,4.45451174630722
254.862187009299,216.644615553363,3.78021252737662
573.631450656223,435.845306671475,3.69521882800346
301.089031881476,138.970306910755,3.67720114074431
527.637593847405,461.618426313021,3.35273993092387
38.0838910060165,420.843526726446,3.8603515797027
188.520720711803,292.640945264904,3.88937946862231
551.833008427976,262.59492328555,3.52081960000393
169.49832502315,34.6576142805192,4.29461131554303
503.108901198291,345.781066393676,4.59664760867916
46.1976596969911,45.5517877028489,3.70928047210658
540.664968671812,145.201841715701,4.58371685648165
NA,NA,NA
664.177040404279,333.597871267856,3.46669650437204
456.946570705864,294.966226791874,3.69885521667763
11.8569411449064,493.594159436673,3.62273355872476
561.264644643778,47.1022914316485,4.25899341528535
72.7748952274538,380.823066543269,3.92434020729862
228.137265759353,414.091382639761,3.82535134177822
426.623140698846,13.8516677819015,3.48130300916295
362.764978803723,290.149739267662,3.17196378723539
600.554737700136,100.94440881372,4.27469779483176
393.402893809449,229.077411933738,4.13497351004639
567.991240716644,399.550499520153,4.72135552656557
137.112160930225,287.048632606514,4.62920680517061
202.213250937238,364.749359223609,4.00014701802498
124.188567475294,410.008598682392,3.50139775650139
627.123261243202,308.552860040031,4.58209124335374
-1.62329001606954,151.945186475779,4.24374692641098
544.000286409468,201.760013173464,4.10035918071169
35.0522158389083,493.297641491846,3.06601433398246
282.339801083128,26.0834210575546,3.9037476608193
534.495794010951,390.990031425405,3.51336228648191
75.30841444753,73.5017355825428,5.2763808604094
6.40655697724954,77.4198317220546,3.52276340090177
591.28169752831,229.989312806724,3.86412513385797
439.717446335643,461.537175100696,4.76688914762619
656.315171417125,374.767971622094,3.18992822832639
103.65694151293,484.837915339104,4.38007983546466
626.844466427794,90.3421996449742,4.06710081895686
421.241036874217,260.034980376321,3.61073264870933
11.8499206404402,181.656763962383,3.14055151649573
64.8054991114807,110.597161540141,4.51956410655445
602.366129534191,202.105378159711,4.45451174630722
254.862187009299,216.644615553363,3.78021252737662
573.631450656223,435.845306671475,3.69521882800346
301.089031881476,138.970306910755,3.67720114074431
527.637593847405,461.618426313021,3.35273993092387
38.0838910060165,420.843526726446,3.8603515797027
188.520720711803,292.640945264904,3.88937946862231
551.833008427976,262.59492328555,3.52081960000393
169.49832502315,34.6576142805192,4.29461131554303
503.108901198291,345.781066393676,4.59664760867916
46.1976596969911,45.5517877028489,3.70928047210658
540.664968671812,145.201841715701,4.58371685648165
NA,NA,NA
664.177040404279,333.597871267856,3.46669650437204
456.946570705864,294.966226791874,3.69885521667763
11.8569411449064,493.594159436673,3.62273355872476
561.264644643778,47.1022914316485,4.25899341528535
72.7748952274538,380.823066543269,3.92434020729862
228.137265759353,414.091382639761,3.82535134177822
426.623140698846,13.8516677819015,3.48130300916295
362.764978803723,290.149739267662,3.17196378723539
600.554737700136,100.94440881372,4.27469779483176
393.402893809449,229.077411933738,4.13497351004639
567.991240716644,399.550499520153,4.72135552656557
137.112160930225,287.048632606514,4.62920680517061
202.213250937238,364.749359223609,4.00014701802498
124.188567475294,410.008598682392,3.50139775650139
627.123261243202,308.552860040031,4.58209124335374
-1.62329001606954,151.945186475779,4.24374692641098
544.000286409468,201.760013173464,4.10035918071169
35.0522158389083,493.297641491846,3.06601433398246
282.339801083128,26.0834210575546,3.9037476608193
534.495794010951,390.990031425405,3.51336228648191
75.30841444753,73.5017355825428,5.2763808604094
6.40655697724954,77.4198317220546,3.52276340090177
591.28169752831,229.989312806724,3.86412513385797
439.717446335643,461.537175100696,4.76688914762619
656.315171417125,374.767971622094,3.18992822832639
103.65694151293,484.837915339104,4.38007983546466
626.844466427794,90.3421996449742,4.06710081895686
421.241036874217,260.034980376321,3.61073264870933
11.8499206404402,181.656763962383,3.14055151649573
64.8054991114807,110.597161540141,4.51956410655445
602.366129534191,202.105378159711,4.45451174630722
254.862187009299,216.644615553363,3.78021252737662
573.631450656223,435.845306671475,3.69521882800346
301.089031881476,138.970306910755,3.67720114074431
527.637593847405,461.618426313021,3.35273993092387
38.0838910060165,420.843526726446,3.8603515797027
188.520720711803,292.640945264904,3.88937946862231
551.833008427976,262.59492328555,3.52081960000393
169.49832502315,34.6576142805192,4.29461131554303
503.108901198291,345.781066393676,4.59664760867916
46.1976596969911,45.5517877028489,3.70928047210658
540.664968671812,145.201841715701,4.58371685648165
NA,NA,NA
664.177040404279,333.597871267856,3.46669650437204
456.946570705864,294.966226791874,3.69885521667763
11.8569411449064,493.594159436673,3.62273355872476
561.264644643778,47.1022914316485,4.25899341528535
72.7748952274538,380.823066543269,3.92434020729862
228.137265759353,414.091382639761,3.82535134177822
426.623140698846,13.8516677819015,3.48130300916295
362.764978803723,290.149739267662,3.17196378723539
600.554737700136,100.94440881372,4.27469779483176
393.402893809449,229.077411933738,4.13497351004639
567.991240716644,399.550499520153,4.72135552656557
137.112160930225,287.048632606514,4.62920680517061
202.213250937238,364.749359223609,4.00014701802498
124.188567475294,410.008598682392,3.50139775650139
627.123261243202,308.552860040031,4.58209124335374
-1.62329001606954,151.945186475779,4.24374692641098
544.000286409468,201.760013173464,4.10035918071169
35.0522158389083,493.297641491846,3.06601433398246
282.339801083128,26.0834210575546,3.9037476608193
534.495794010951,390.990031425405,3.51336228648191
75.30841444753,73.5017355825428,5.2763808604094
6.40655697724954,77.4198317220546,3.52276340090177
591.28169752831,229.989312806724,3.86412513385797
439.717446335643,461.537175100696,4.76688914762619
656.315171417125,374.767971622094,3.18992822832639
103.65694151293,484.837915339104,4.38007983546466
626.844466427794,90.3421996449742,4.06710081895686
421.241036874217,260.034980376321,3.61073264870933
11.8499206404402,181.656763962383,3.14055151649573
64.8054991114807,110.597161540141,4.51956410655445
602.366129534191,202.105378159711,4.45451174630722
254.862187009299,216.644615553363,3.78021252737662
573.631450656223,435.845306671475,3.69521882800346
301.089031881476,138.970306910755,3.67720114074431
527.637593847405,461.618426313021,3.35273993092387
38.0838910060165,420.843526726446,3.8603515797027
188.520720711803,292.640945264904,3.88937946862231
551.833008427976,262.59492328555,3.52081960000393
169.49832502315,34.6576142805192,4.29461131554303
503.108901198291,345.781066393676,4.59664760867916
46.1976596969911,45.5517877028489,3.70928047210658
540.664968671812,145.201841715701,4.58371685648165
NA,NA,NA
664.177040404279,333.597871267856,3.46669650437204
456.946570705864,294.966226791874,3.69885521667763
11.8569411449064,493.594159436673,3.62273355872476
561.264644643778,47.1022914316485,4.25899341528535
72.7748952274538,380.823066543269,3.92434020729862
228.137265759353,414.091382639761,3.82535134177822
426.623140698846,13.8516677819015,3.48130300916295
362.764978803723,290.149739267662,3.17196378723539
600.554737700136,100.94440881372,4.27469779483176
393.402893809449,229.077411933738,4.13497351004639
567.991240716644,399.550499520153,4.72135552656557
137.112160930225,287.048632606514,4.62920680517061
202.213250937238,364.749359223609,4.00014701802498
124.188567475294,410.008598682392,3.50139775650139
627.123261243202,308.552860040031,4.58209124335374
-1.62329001606954,151.945186475779,4.24374692641098
544.000286409468,201.760013173464,4.10035918071169
35.0522158389083,493.297641491846,3.06601433398246
282.339801083128,26.0834210575546,3.9037476608193
534.495794010951,390.990031425405,3.51336228648191
75.30841444753,73.5017355825428,5.2763808604094
6.40655697724954,77.4198317220546,3.52276340090177
591.28169752831,229.989312806724,3.86412513385797
439.717446335643,461.537175100696,4.76688914762619
656.315171417125,374.767971622094,3.18992822832639
103.65694151293,484.837915339104,4.38007983546466
626.844466427794,90.3421996449742,4.06710081895686
421.241036874217,260.034980376321,3.61073264870933
11.8499206404402,181.656763962383,3.14055151649573
64.8054991114807,110.597161540141,4.51956410655445
602.366129534191,202.105378159711,4.45451174630722
254.862187009299,216.644615553363,3.78021252737662
573.631450656223,435.845306671475,3.69521882800346
301.089031881476,138.970306910755,3.67720114074431
527.637593847405,461.618426313021,3.35273993092387
38.0838910060165,420.843526726446,3.8603515797027
188.520720711803,292.640945264904,3.88937946862231
551.833008427976,262.59492328555,3.52081960000393
169.49832502315,34.6576142805192,4.29461131554303
503.108901198291,345.781066393676,4.59664760867916
46.1976596969911,45.5517877028489,3.70928047210658
540.664968671812,145.201841715701,4.58371685648165
NA,NA,NA
659.838742956327,335.917487338078,3.54497193036755
455.274025498919,297.177465854419,3.58230774313724
12.1611573566642,496.433362221299,3.62212099851121
560.238675024941,49.2468690597702,4.2142630770286
69.8385210705536,372.930276922025,4.01236630595644
230.178526857528,411.085146178031,4.01489150494379
427.438869840922,14.6000251502376,3.42870786360436
361.768991965363,292.642235261752,3.13211674825632
602.393655282427,104.991874574548,4.21695611935842
395.537605361555,226.747655279779,4.20164508928424
568.411374718073,411.105463462143,4.66994485089248
142.377384148165,280.969338336136,4.70912303388406
197.135929569245,369.118430215574,4.15941502438428
124.810113201422,409.215821292216,3.47256151605605
628.314650470702,321.303703672658,4.66915912202571
3.17260150682147,145.903737851646,4.28620638876232
540.096240100286,202.283655613001,4.160923922562
33.6502764689655,493.248403551903,2.91770524770024
280.262352606847,26.7024624124722,3.8367845375113
532.867447525452,389.387397146004,3.36986447546817
67.248929922128,82.9349546669665,5.2098904268665
3.75418341788883,76.453812998219,3.53956898090774
590.763257279395,227.283934514411,4.06560176723682
432.321951742912,465.073967408419,4.76588795337938
659.064392490491,376.317618318384,2.90892163235819
106.075510619535,484.149778490447,4.29429467360625
625.394179256168,87.8294713804782,4.0459702821818
419.667956993736,256.340453866213,3.61630923328407
12.2962931646788,182.108038081003,2.97491323370783
54.8509577258112,116.905326061979,4.27364892847224
600.151715276435,205.152923345322,4.17953332565971
256.883170293606,226.698218284684,3.91543207767736
576.708840894465,436.756948379533,3.87366063320598
302.82182170503,139.09509128409,4.04063801953274
532.068505252107,462.107275351605,3.4142206238699
41.8975565445916,411.949914373432,3.67999727527402
197.986586173911,294.200665213812,4.3329751636588
546.735934780381,258.242636144771,3.64557269755851
175.55088868419,33.3961203167501,4.40879119864785
501.814999772784,337.738381119961,4.31181235549534
40.1324452857208,48.9301593176587,3.69773231170613
528.033764164575,128.384173189116,4.57975630725621
NA,NA,NA
659.838742956327,335.917487338078,3.54497193036755
455.274025498919,297.177465854419,3.58230774313724
12.1611573566642,496.433362221299,3.62212099851121
560.238675024941,49.2468690597702,4.2142630770286
69.8385210705536,372.930276922025,4.01236630595644
230.178526857528,411.085146178031,4.01489150494379
427.438869840922,14.6000251502376,3.42870786360436
361.768991965363,292.642235261752,3.13211674825632
602.393655282427,104.991874574548,4.21695611935842
395.537605361555,226.747655279779,4.20164508928424
568.411374718073,411.105463462143,4.66994485089248
142.377384148165,280.969338336136,4.70912303388406
197.135929569245,369.118430215574,4.15941502438428
124.810113201422,409.215821292216,3.47256151605605
628.314650470702,321.303703672658,4.66915912202571
3.17260150682147,145.903737851646,4.28620638876232
540.096240100286,202.283655613001,4.160923922562
33.6502764689655,493.248403551903,2.91770524770024
280.262352606847,26.7024624124722,3.8367845375113
532.867447525452,389.387397146004,3.36986447546817
67.248929922128,82.9349546669665,5.2098904268665
3.75418341788883,76.453812998219,3.53956898090774
590.763257279395,227.283934514411,4.06560176723682
432.321951742912,465.073967408419,4.76588795337938
659.064392490491,376.317618318384,2.90892163235819
106.075510619535,484.149778490447,4.29429467360625
625.394179256168,87.8294713804782,4.0459702821818
419.667956993736,256.340453866213,3.61630923328407
12.2962931646788,182.108038081003,2.97491323370783
54.8509577258112,116.905326061979,4.27364892847224
600.151715276435,205.152923345322,4.17953332565971
256.883170293606,226.698218284684,3.91543207767736
576.708840894465,436.756948379533,3.87366063320598
302.82182170503,139.09509128409,4.04063801953274
532.068505252107,462.107275351605,3.4142206238699
41.8975565445916,411.949914373432,3.67999727527402
197.986586173911,294.200665213812,4.3329751636588
546.735934780381,258.242636144771,3.64557269755851
175.55088868419,33.3961203167501,4.40879119864785
501.814999772784,337.738381119961,4.31181235549534
40.1324452857208,48.9301593176587,3.69773231170613
528.033764164575,128.384173189116,4.57975630725621
NA,NA,NA
659.838742956327,335.917487338078,3.54497193036755
455.274025498919,297.177465854419,3.58230774313724
12.1611573566642,496.433362221299,3.62212099851121
560.238675024941,49.2468690597702,4.2142630770286
69.8385210705536,372.930276922025,4.01236630595644
230.178526857528,411.085146178031,4.01489150494379
427.438869840922,14.6000251502376,3.42870786360436
361.768991965363,292.642235261752,3.13211674825632
602.393655282427,104.991874574548,4.21695611935842
395.537605361555,226.747655279779,4.20164508928424
568.411374718073,411.105463462143,4.66994485089248
142.377384148165,280.969338336136,4.70912303388406
197.135929569245,369.118430215574,4.15941502438428
124.810113201422,409.215821292216,3.47256151605605
628.314650470702,321.303703672658,4.66915912202571
3.17260150682147,145.903737851646,4.28620638876232
540.096240100286,202.283655613001,4.160923922562
33.6502764689655,493.248403551903,2.91770524770024
280.262352606847,26.7024624124722,3.8367845375113
532.867447525452,389.387397146004,3.36986447546817
67.248929922128,82.9349546669665,5.2098904268665
3.75418341788883,76.453812998219,3.53956898090774
590.763257279395,227.283934514411,4.06560176723682
432.321951742912,465.073967408419,4.76588795337938
659.064392490491,376.317618318384,2.90892163235819
106.075510619535,484.149778490447,4.29429467360625
625.394179256168,87.8294713804782,4.0459702821818
419.667956993736,256.340453866213,3.61630923328407
12.2962931646788,182.108038081003,2.97491323370783
54.8509577258112,116.905326061979,4.27364892847224
600.151715276435,205.152923345322,4.17953332565971
256.883170293606,226.698218284684,3.91543207767736
576.708840894465,436.756948379533,3.87366063320598
302.82182170503,139.09509128409,4.04063801953274
532.068505252107,462.107275351605,3.4142206238699
41.8975565445916,411.949914373432,3.67999727527402
197.986586173911,294.200665213812,4.3329751636588
546.735934780381,258.242636144771,3.64557269755851
175.55088868419,33.3961203167501,4.40879119864785
501.814999772784,337.738381119961,4.31181235549534
40.1324452857208,48.9301593176587,3.69773231170613
528.033764164575,128.384173189116,4.57975630725621
NA,NA,NA
659.838742956327,335.917487338078,3.54497193036755
455.274025498919,297.177465854419,3.58230774313724
12.1611573566642,496.433362221299,3.62212099851121
560.238675024941,49.2468690597702,4.2142630770286
69.8385210705536,372.930276922025,4.01236630595644
230.178526857528,411.085146178031,4.01489150494379
427.438869840922,14.6000251502376,3.42870786360436
361.768991965363,292.642235261752,3.13211674825632
602.393655282427,104.991874574548,4.21695611935842
395.537605361555,226.747655279779,4.20164508928424
568.411374718073,411.105463462143,4.66994485089248
142.377384148165,280.969338336136,4.70912303388406
197.135929569245,369.118430215574,4.15941502438428
124.810113201422,409.215821292216,3.47256151605605
628.314650470702,321.303703672658,4.66915912202571
3.17260150682147,145.903737851646,4.28620638876232
540.096240100286,202.283655613001,4.160923922562
33.6502764689655,493.248403551903,2.91770524770024
280.262352606847,26.7024624124722,3.8367845375113
532.867447525452,389.387397146004,3.36986447546817
67.248929922128,82.9349546669665,5.2098904268665
3.75418341788883,76.453812998219,3.53956898090774
590.763257279395,227.283934514411,4.06560176723682
432.321951742912,465.073967408419,4.76588795337938
659.064392490491,376.317618318384,2.90892163235819
106.075510619535,484.149778490447,4.29429467360625
625.394179256168,87.8294713804782,4.0459702821818
419.667956993736,256.340453866213,3.61630923328407
12.2962931646788,182.108038081003,2.97491323370783
54.8509577258112,116.905326061979,4.27364892847224
600.151715276435,205.152923345322,4.17953332565971
256.883170293606,226.698218284684,3.91543207767736
576.708840894465,436.756948379533,3.87366063320598
302.82182170503,139.09509128409,4.04063801953274
532.068505252107,462.107275351605,3.4142206238699
41.8975565445916,411.949914373432,3.67999727527402
197.986586173911,294.200665213812,4.3329751636588
546.735934780381,258.242636144771,3.64557269755851
175.55088868419,33.3961203167501,4.40879119864785
501.814999772784,337.738381119961,4.31181235549534
40.1324452857208,48.9301593176587,3.69773231170613
528.033764164575,128.384173189116,4.57975630725621
NA,NA,NA
659.838742956327,335.917487338078,3.54497193036755
455.274025498919,297.177465854419,3.58230774313724
12.1611573566642,496.433362221299,3.62212099851121
560.238675024941,49.2468690597702,4.2142630770286
69.8385210705536,372.930276922025,4.01236630595644
230.178526857528,411.085146178031,4.01489150494379
427.438869840922,14.6000251502376,3.42870786360436
361.768991965363,292.642235261752,3.13211674825632
602.393655282427,104.991874574548,4.21695611935842
395.537605361555,226.747655279779,4.20164508928424
568.411374718073,411.105463462143,4.66994485089248
142.377384148165,280.969338336136,4.70912303388406
197.135929569245,369.118430215574,4.15941502438428
124.810113201422,409.215821292216,3.47256151605605
628.314650470702,321.303703672658,4.66915912202571
3.17260150682147,145.903737851646,4.28620638876232
540.096240100286,202.283655613001,4.160923922562
33.6502764689655,493.248403551903,2.91770524770024
280.262352606847,26.7024624124722,3.8367845375113
532.867447525452,389.387397146004,3.36986447546817
67.248929922128,82.9349546669665,5.2098904268665
3.75418341788883,76.453812998219,3.53956898090774
590.763257279395,227.283934514411,4.06560176723682
432.321951742912,465.073967408419,4.76588795337938
659.064392490491,376.317618318384,2.90892163235819
106.075510619535,484.149778490447,4.29429467360625
625.394179256168,87.8294713804782,4.0459702821818
419.667956993736,256.340453866213,3.61630923328407
12.2962931646788,182.108038081003,2.97491323370783
54.8509577258112,116.905326061979,4.27364892847224
600.151715276435,205.152923345322,4.17953332565971
256.883170293606,226.698218284684,3.91543207767736
576.708840894465,436.756948379533,3.87366063320598
302.82182170503,139.09509128409,4.04063801953274
532.068505252107,462.107275351605,3.4142206238699
41.8975565445916,411.949914373432,3.67999727527402
197.986586173911,294.200665213812,4.3329751636588
546.735934780381,258.242636144771,3.64557269755851
175.55088868419,33.3961203167501,4.40879119864785
501.814999772784,337.738381119961,4.31181235549534
40.1324452857208,48.9301593176587,3.69773231170613
528.033764164575,128.384173189116,4.57975630725621
NA,NA,NA
659.838742956327,335.917487338078,3.54497193036755
455.274025498919,297.177465854419,3.58230774313724
12.1611573566642,496.433362221299,3.62212099851121
560.238675024941,49.2468690597702,4.2142630770286
69.8385210705536,372.930276922025,4.01236630595644
230.178526857528,411.085146178031,4.01489150494379
427.438869840922,14.6000251502376,3.42870786360436
361.768991965363,292.642235261752,3.13211674825632
602.393655282427,104.991874574548,4.21695611935842
395.537605361555,226.747655279779,4.20164508928424
568.411374718073,411.105463462143,4.66994485089248
142.377384148165,280.969338336136,4.70912303388406
197.135929569245,369.118430215574,4.15941502438428
124.810113201422,409.215821292216,3.47256151605605
628.314650470702,321.303703672658,4.66915912202571
3.17260150682147,145.903737851646,4.28620638876232
540.096240100286,202.283655613001,4.160923922562
33.6502764689655,493.248403551903,2.91770524770024
280.262352606847,26.7024624124722,3.8367845375113
532.867447525452,389.387397146004,3.36986447546817
67.248929922128,82.9349546669665,5.2098904268665
3.75418341788883,76.453812998219,3.53956898090774
590.763257279395,227.283934514411,4.06560176723682
432.321951742912,465.073967408419,4.76588795337938
659.064392490491,376.317618318384,2.90892163235819
106.075510619535,484.149778490447,4.29429467360625
625.394179256168,87.8294713804782,4.0459702821818
419.667956993736,256.340453866213,3.61630923328407
12.2962931646788,182.108038081003,2.97491323370783
54.8509577258112,116.905326061979,4.27364892847224
600.151715276435,205.152923345322,4.17953332565971
256.883170293606,226.698218284684,3.91543207767736
576.708840894465,436.756948379533,3.87366063320598
302.82182170503,139.09509128409,4.04063801953274
532.068505252107,462.107275351605,3.4142206238699
41.8975565445916,411.949914373432,3.67999727527402
197.986586173911,294.200665213812,4.3329751636588
546.735934780381,258.242636144771,3.64557269755851
175.55088868419,33.3961203167501,4.40879119864785
501.814999772784,337.738381119961,4.31181235549534
40.1324452857208,48.9301593176587,3.69773231170613
528.033764164575,128.384173189116,4.57975630725621
NA,NA,NA
663.741423692366,332.573626681853,3.4449292868334
455.246187946119,297.701718308177,3.43960294684598
12.1363463582141,493.072453037059,3.64838295340665
561.961526521773,56.3563475741247,4.13392341462081
74.8506606327091,372.269222839026,4.06865160637009
226.61684035523,415.312084395572,3.84767485667626
429.775043349567,8.72357754828684,3.47095670951234
360.375732512189,293.664094175982,2.91390123770608
600.530239922329,102.792502218064,4.32585495251629
395.23522554094,229.615049972547,4.19658392046849
570.893249610133,407.612533944931,4.71836622300129
133.581301873994,280.378104933105,4.65808547491036
194.137048281134,374.062646114448,3.93532462759427
124.602805442481,408.674715560223,3.38545756753636
624.813758184453,316.011044075732,4.49777875777307
3.04956060195947,145.34587163455,4.26133414585705
541.938828965721,201.385306131039,3.98430067043754
33.950994233658,491.678237119024,2.91804305545469
278.67174426921,20.1469968939014,4.00812257317225
536.558267389351,390.324364379031,3.25575661296671
81.2090165686756,82.2631227967725,5.25477148187701
3.22767028396539,79.0277861265003,3.56699278742732
584.326378110542,226.968784817011,3.99520340885816
434.720874376749,464.248301574536,4.791349189139
657.788292350585,375.486862583185,3.04188584945992
105.385043842294,487.473401093331,4.30122339692624
627.637290806286,89.6647242377739,4.03680653617575
423.992569689906,258.051186608189,3.57185402656126
11.7689246995512,182.199069087093,3.2774600054551
78.8492183994905,121.8650549625,4.22728329249486
596.358344464041,205.139586393646,4.13673389168075
252.585453609012,221.889295215247,3.76202283966033
586.020182336587,432.755602283754,4.12422391938568
302.481285222926,135.280804790562,3.89929464837496
529.387326501581,456.152812572196,3.57579735693169
45.7807219164547,419.705172659829,3.95037017814806
189.465024071133,276.900312314619,4.19004561271194
547.377576848566,263.933377658229,3.68163625273002
188.568984009316,14.9817105846826,4.15191652235859
507.618137564312,342.506487970327,4.60442564100247
43.2521312983579,62.8318782988297,4.37927115527663
533.837039024014,150.469066395728,4.92251570819229
NA,NA,NA
663.741423692366,332.573626681853,3.4449292868334
455.246187946119,297.701718308177,3.43960294684598
12.1363463582141,493.072453037059,3.64838295340665
561.961526521773,56.3563475741247,4.13392341462081
74.8506606327091,372.269222839026,4.06865160637009
226.61684035523,415.312084395572,3.84767485667626
429.775043349567,8.72357754828684,3.47095670951234
360.375732512189,293.664094175982,2.91390123770608
600.530239922329,102.792502218064,4.32585495251629
395.23522554094,229.615049972547,4.19658392046849
570.893249610133,407.612533944931,4.71836622300129
133.581301873994,280.378104933105,4.65808547491036
194.137048281134,374.062646114448,3.93532462759427
124.602805442481,408.674715560223,3.38545756753636
624.813758184453,316.011044075732,4.49777875777307
3.04956060195947,145.34587163455,4.26133414585705
541.938828965721,201.385306131039,3.98430067043754
33.950994233658,491.678237119024,2.91804305545469
278.67174426921,20.1469968939014,4.00812257317225
536.558267389351,390.324364379031,3.25575661296671
81.2090165686756,82.2631227967725,5.25477148187701
3.22767028396539,79.0277861265003,3.56699278742732
584.326378110542,226.968784817011,3.99520340885816
434.720874376749,464.248301574536,4.791349189139
657.788292350585,375.486862583185,3.04188584945992
105.385043842294,487.473401093331,4.30122339692624
627.637290806286,89.6647242377739,4.03680653617575
423.992569689906,258.051186608189,3.57185402656126
11.7689246995512,182.199069087093,3.2774600054551
78.8492183994905,121.8650549625,4.22728329249486
596.358344464041,205.139586393646,4.13673389168075
252.585453609012,221.889295215247,3.76202283966033
586.020182336587,432.755602283754,4.12422391938568
302.481285222926,135.280804790562,3.89929464837496
529.387326501581,456.152812572196,3.57579735693169
45.7807219164547,419.705172659829,3.95037017814806
189.465024071133,276.900312314619,4.19004561271194
547.377576848566,263.933377658229,3.68163625273002
188.568984009316,14.9817105846826,4.15191652235859
507.618137564312,342.506487970327,4.60442564100247
43.2521312983579,62.8318782988297,4.37927115527663
533.837039024014,150.469066395728,4.92251570819229
NA,NA,NA
663.741423692366,332.573626681853,3.4449292868334
455.246187946119,297.701718308177,3.43960294684598
12.1363463582141,493.072453037059,3.64838295340665
561.961526521773,56.3563475741247,4.13392341462081
74.8506606327091,372.269222839026,4.06865160637009
226.61684035523,415.312084395572,3.84767485667626
429.775043349567,8.72357754828684,3.47095670951234
360.375732512189,293.664094175982,2.91390123770608
600.530239922329,102.792502218064,4.32585495251629
395.23522554094,229.615049972547,4.19658392046849
570.893249610133,407.612533944931,4.71836622300129
133.581301873994,280.378104933105,4.65808547491036
194.137048281134,374.062646114448,3.93532462759427
124.602805442481,408.674715560223,3.38545756753636
624.813758184453,316.011044075732,4.49777875777307
3.04956060195947,145.34587163455,4.26133414585705
541.938828965721,201.385306131039,3.98430067043754
33.950994233658,491.678237119024,2.91804305545469
278.67174426921,20.1469968939014,4.00812257317225
536.558267389351,390.324364379031,3.25575661296671
81.2090165686756,82.2631227967725,5.25477148187701
3.22767028396539,79.0277861265003,3.56699278742732
584.326378110542,226.968784817011,3.99520340885816
434.720874376749,464.248301574536,4.791349189139
657.788292350585,375.486862583185,3.04188584945992
105.385043842294,487.473401093331,4.30122339692624
627.637290806286,89.6647242377739,4.03680653617575
423.992569689906,258.051186608189,3.57185402656126
11.7689246995512,182.199069087093,3.2774600054551
78.8492183994905,121.8650549625,4.22728329249486
596.358344464041,205.139586393646,4.13673389168075
252.585453609012,221.889295215247,3.76202283966033
586.020182336587,432.755602283754,4.12422391938568
302.481285222926,135.280804790562,3.89929464837496
529.387326501581,456.152812572196,3.57579735693169
45.7807219164547,419.705172659829,3.95037017814806
189.465024071133,276.900312314619,4.19004561271194
547.377576848566,263.933377658229,3.68163625273002
188.568984009316,14.9817105846826,4.15191652235859
507.618137564312,342.506487970327,4.60442564100247
43.2521312983579,62.8318782988297,4.37927115527663
533.837039024014,150.469066395728,4.92251570819229
NA,NA,NA
663.741423692366,332.573626681853,3.4449292868334
455.246187946119,297.701718308177,3.43960294684598
12.1363463582141,493.072453037059,3.64838295340665
561.961526521773,56.3563475741247,4.13392341462081
74.8506606327091,372.269222839026,4.06865160637009
226.61684035523,415.312084395572,3.84767485667626
429.775043349567,8.72357754828684,3.47095670951234
360.375732512189,293.664094175982,2.91390123770608
600.530239922329,102.792502218064,4.32585495251629
395.23522554094,229.615049972547,4.19658392046849
570.893249610133,407.612533944931,4.71836622300129
133.581301873994,280.378104933105,4.65808547491036
194.137048281134,374.062646114448,3.93532462759427
124.602805442481,408.674715560223,3.38545756753636
624.813758184453,316.011044075732,4.49777875777307
3.04956060195947,145.34587163455,4.26133414585705
541.938828965721,201.385306131039,3.98430067043754
33.950994233658,491.678237119024,2.91804305545469
278.67174426921,20.1469968939014,4.00812257317225
536.558267389351,390.324364379031,3.25575661296671
81.2090165686756,82.2631227967725,5.25477148187701
3.22767028396539,79.0277861265003,3.56699278742732
584.326378110542,226.968784817011,3.99520340885816
434.720874376749,464.248301574536,4.791349189139
657.788292350585,375.486862583185,3.04188584945992
105.385043842294,487.473401093331,4.30122339692624
627.637290806286,89.6647242377739,4.03680653617575
423.992569689906,258.051186608189,3.57185402656126
11.7689246995512,182.199069087093,3.2774600054551
78.8492183994905,121.8650549625,4.22728329249486
596.358344464041,205.139586393646,4.13673389168075
252.585453609012,221.889295215247,3.76202283966033
586.020182336587,432.755602283754,4.12422391938568
302.481285222926,135.280804790562,3.89929464837496
529.387326501581,456.152812572196,3.57579735693169
45.7807219164547,419.705172659829,3.95037017814806
189.465024071133,276.900312314619,4.19004561271194
547.377576848566,263.933377658229,3.68163625273002
188.568984009316,14.9817105846826,4.15191652235859
507.618137564312,342.506487970327,4.60442564100247
43.2521312983579,62.8318782988297,4.37927115527663
533.837039024014,150.469066395728,4.92251570819229
NA,NA,NA
663.741423692366,332.573626681853,3.4449292868334
455.246187946119,297.701718308177,3.43960294684598
12.1363463582141,493.072453037059,3.64838295340665
561.961526521773,56.3563475741247,4.13392341462081
74.8506606327091,372.269222839026,4.06865160637009
226.61684035523,415.312084395572,3.84767485667626
429.775043349567,8.72357754828684,3.47095670951234
360.375732512189,293.664094175982,2.91390123770608
600.530239922329,102.792502218064,4.32585495251629
395.23522554094,229.615049972547,4.19658392046849
570.893249610133,407.612533944931,4.71836622300129
133.581301873994,280.378104933105,4.65808547491036
194.137048281134,374.062646114448,3.93532462759427
124.602805442481,408.674715560223,3.38545756753636
624.813758184453,316.011044075732,4.49777875777307
3.04956060195947,145.34587163455,4.26133414585705
541.938828965721,201.385306131039,3.98430067043754
33.950994233658,491.678237119024,2.91804305545469
278.67174426921,20.1469968939014,4.00812257317225
536.558267389351,390.324364379031,3.25575661296671
81.2090165686756,82.2631227967725,5.25477148187701
3.22767028396539,79.0277861265003,3.56699278742732
584.326378110542,226.968784817011,3.99520340885816
434.720874376749,464.248301574536,4.791349189139
657.788292350585,375.486862583185,3.04188584945992
105.385043842294,487.473401093331,4.30122339692624
627.637290806286,89.6647242377739,4.03680653617575
423.992569689906,258.051186608189,3.57185402656126
11.7689246995512,182.199069087093,3.2774600054551
78.8492183994905,121.8650549625,4.22728329249486
596.358344464041,205.139586393646,4.13673389168075
252.585453609012,221.889295215247,3.76202283966033
586.020182336587,432.755602283754,4.12422391938568
302.481285222926,135.280804790562,3.89929464837496
529.387326501581,456.152812572196,3.57579735693169
45.7807219164547,419.705172659829,3.95037017814806
189.465024071133,276.900312314619,4.19004561271194
547.377576848566,263.933377658229,3.68163625273002
188.568984009316,14.9817105846826,4.15191652235859
507.618137564312,342.506487970327,4.60442564100247
43.2521312983579,62.8318782988297,4.37927115527663
533.837039024014,150.469066395728,4.92251570819229
NA,NA,NA
663.741423692366,332.573626681853,3.4449292868334
455.246187946119,297.701718308177,3.43960294684598
12.1363463582141,493.072453037059,3.64838295340665
561.961526521773,56.3563475741247,4.13392341462081
74.8506606327091,372.269222839026,4.06865160637009
226.61684035523,415.312084395572,3.84767485667626
429.775043349567,8.72357754828684,3.47095670951234
360.375732512189,293.664094175982,2.91390123770608
600.530239922329,102.792502218064,4.32585495251629
395.23522554094,229.615049972547,4.19658392046849
570.893249610133,407.612533944931,4.71836622300129
133.581301873994,280.378104933105,4.65808547491036
194.137048281134,374.062646114448,3.93532462759427
124.602805442481,408.674715560223,3.38545756753636
624.813758184453,316.011044075732,4.49777875777307
3.04956060195947,145.34587163455,4.26133414585705
541.938828965721,201.385306131039,3.98430067043754
33.950994233658,491.678237119024,2.91804305545469
278.67174426921,20.1469968939014,4.00812257317225
536.558267389351,390.324364379031,3.25575661296671
81.2090165686756,82.2631227967725,5.25477148187701
3.22767028396539,79.0277861265003,3.56699278742732
584.326378110542,226.968784817011,3.99520340885816
434.720874376749,464.248301574536,4.791349189139
657.788292350585,375.486862583185,3.04188584945992
105.385043842294,487.473401093331,4.30122339692624
627.637290806286,89.6647242377739,4.03680653617575
423.992569689906,258.051186608189,3.57185402656126
11.7689246995512,182.199069087093,3.2774600054551
78.8492183994905,121.8650549625,4.22728329249486
596.358344464041,205.139586393646,4.13673389168075
252.585453609012,221.889295215247,3.76202283966033
586.020182336587,432.755602283754,4.12422391938568
302.481285222926,135.280804790562,3.89929464837496
529.387326501581,456.152812572196,3.57579735693169
45.7807219164547,419.705172659829,3.95037017814806
189.465024071133,276.900312314619,4.19004561271194
547.377576848566,263.933377658229,3.68163625273002
188.568984009316,14.9817105846826,4.15191652235859
507.618137564312,342.506487970327,4.60442564100247
43.2521312983579,62.8318782988297,4.37927115527663
533.837039024014,150.469066395728,4.92251570819229
NA,NA,NA
663.54284747535,335.997413483138,3.49999472580329
457.603377402382,300.911966653688,3.59189412586793
16.0134610164129,495.38320663127,3.56610169672985
562.777279573037,48.6004648485555,4.24816796391264
72.3186563571485,374.557972812327,3.85387467945432
229.816151807429,411.954299008803,3.89691184326943
427.481747885754,14.0079950495816,3.33010046818465
361.694670274326,294.336458352062,2.98472567862509
606.916427005328,103.795855473548,4.36661318086835
391.057423542157,230.609255235562,4.13618314079643
570.124395678917,410.717081529713,4.73363450656078
140.531693101099,287.802515833666,4.5982255082271
198.946426631181,369.712383566109,3.98535077229385
125.239054012644,411.76082829014,3.44643307625883
625.338335069901,311.975414864291,4.67221417110672
3.32887875923253,148.524666810802,4.21429144319954
540.566376289505,201.781864318966,4.1621580561214
35.1646931892975,490.682307010596,3.01608376395436
280.36811008116,20.1295191721315,4.00615980125047
534.667296609391,393.790536220632,3.40918512001329
72.5593375487772,71.1006070776314,5.22483253892741
4.22149864353906,74.2730370745307,3.41033148477328
583.742100536557,227.966539438277,4.09362233855937
441.825322638433,457.298459533247,4.77614087147027
657.034323191757,377.042231890325,3.004294361443
100.796103731581,487.531619601793,4.42127726054888
622.600788943172,89.4255636754708,4.07462931315627
421.846981791147,259.266834614187,3.6158370667912
10.3245242411618,179.294997117508,3.30720495991735
71.8006898957108,124.305604858288,4.49981996888699
606.515133473016,196.107195968856,4.45390793161287
253.817845404175,225.999195830836,3.9606774363172
579.37883291783,437.176348092325,3.66558880605893
299.291626394279,134.13300256172,4.04124902466586
533.833378371599,455.315281062361,3.66658778731995
33.3921226283241,414.238544437258,3.93745386222229
196.079289090726,285.981179735378,3.95850200034748
549.372343068044,256.363819957671,3.74992448027212
183.177238567418,15.6314833178457,4.33224965648387
506.353662513831,344.758094631165,4.65990416553238
37.8710535354359,48.2497621394328,4.04079301687092
546.913320097921,159.725845623855,4.45705809965564
NA,NA,NA
663.54284747535,335.997413483138,3.49999472580329
457.603377402382,300.911966653688,3.59189412586793
16.0134610164129,495.38320663127,3.56610169672985
562.777279573037,48.6004648485555,4.24816796391264
72.3186563571485,374.557972812327,3.85387467945432
229.816151807429,411.954299008803,3.89691184326943
427.481747885754,14.0079950495816,3.33010046818465
361.694670274326,294.336458352062,2.98472567862509
606.916427005328,103.795855473548,4.36661318086835
391.057423542157,230.609255235562,4.13618314079643
570.124395678917,410.717081529713,4.73363450656078
140.531693101099,287.802515833666,4.5982255082271
198.946426631181,369.712383566109,3.98535077229385
125.239054012644,411.76082829014,3.44643307625883
625.338335069901,311.975414864291,4.67221417110672
3.32887875923253,148.524666810802,4.21429144319954
540.566376289505,201.781864318966,4.1621580561214
35.1646931892975,490.682307010596,3.01608376395436
280.36811008116,20.1295191721315,4.00615980125047
534.667296609391,393.790536220632,3.40918512001329
72.5593375487772,71.1006070776314,5.22483253892741
4.22149864353906,74.2730370745307,3.41033148477328
583.742100536557,227.966539438277,4.09362233855937
441.825322638433,457.298459533247,4.77614087147027
657.034323191757,377.042231890325,3.004294361443
100.796103731581,487.531619601793,4.42127726054888
622.600788943172,89.4255636754708,4.07462931315627
421.846981791147,259.266834614187,3.6158370667912
10.3245242411618,179.294997117508,3.30720495991735
71.8006898957108,124.305604858288,4.49981996888699
606.515133473016,196.107195968856,4.45390793161287
253.817845404175,225.999195830836,3.9606774363172
579.37883291783,437.176348092325,3.66558880605893
299.291626394279,134.13300256172,4.04124902466586
533.833378371599,455.315281062361,3.66658778731995
33.3921226283241,414.238544437258,3.93745386222229
196.079289090726,285.981179735378,3.95850200034748
549.372343068044,256.363819957671,3.74992448027212
183.177238567418,15.6314833178457,4.33224965648387
506.353662513831,344.758094631165,4.65990416553238
37.8710535354359,48.2497621394328,4.04079301687092
546.913320097921,159.725845623855,4.45705809965564
NA,NA,NA
663.54284747535,335.997413483138,3.49999472580329
457.603377402382,300.911966653688,3.59189412586793
16.0134610164129,495.38320663127,3.56610169672985
562.777279573037,48.6004648485555,4.24816796391264
72.3186563571485,374.557972812327,3.85387467945432
229.816151807429,411.954299008803,3.89691184326943
427.481747885754,14.0079950495816,3.33010046818465
361.694670274326,294.336458352062,2.98472567862509
606.916427005328,103.795855473548,4.36661318086835
391.057423542157,230.609255235562,4.13618314079643
570.124395678917,410.717081529713,4.73363450656078
140.531693101099,287.802515833666,4.5982255082271
198.946426631181,369.712383566109,3.98535077229385
125.239054012644,411.76082829014,3.44643307625883
625.338335069901,311.975414864291,4.67221417110672
3.32887875923253,148.524666810802,4.21429144319954
540.566376289505,201.781864318966,4.1621580561214
35.1646931892975,490.682307010596,3.01608376395436
280.36811008116,20.1295191721315,4.00615980125047
534.667296609391,393.790536220632,3.40918512001329
72.5593375487772,71.1006070776314,5.22483253892741
4.22149864353906,74.2730370745307,3.41033148477328
583.742100536557,227.966539438277,4.09362233855937
441.825322638433,457.298459533247,4.77614087147027
657.034323191757,377.042231890325,3.004294361443
100.796103731581,487.531619601793,4.42127726054888
622.600788943172,89.4255636754708,4.07462931315627
421.846981791147,259.266834614187,3.6158370667912
10.3245242411618,179.294997117508,3.30720495991735
71.8006898957108,124.305604858288,4.49981996888699
606.515133473016,196.107195968856,4.45390793161287
253.817845404175,225.999195830836,3.9606774363172
579.37883291783,437.176348092325,3.66558880605893
299.291626394279,134.13300256172,4.04124902466586
533.833378371599,455.315281062361,3.66658778731995
33.3921226283241,414.238544437258,3.93745386222229
196.079289090726,285.981179735378,3.95850200034748
549.372343068044,256.363819957671,3.74992448027212
183.177238567418,15.6314833178457,4.33224965648387
506.353662513831,344.758094631165,4.65990416553238
37.8710535354359,48.2497621394328,4.04079301687092
546.913320097921,159.725845623855,4.45705809965564
NA,NA,NA
663.54284747535,335.997413483138,3.49999472580329
457.603377402382,300.911966653688,3.59189412586793
16.0134610164129,495.38320663127,3.56610169672985
562.777279573037,48.6004648485555,4.24816796391264
72.3186563571485,374.557972812327,3.85387467945432
229.816151807429,411.954299008803,3.89691184326943
427.481747885754,14.0079950495816,3.33010046818465
361.694670274326,294.336458352062,2.98472567862509
606.916427005328,103.795855473548,4.36661318086835
391.057423542157,230.609255235562,4.13618314079643
570.124395678917,410.717081529713,4.73363450656078
140.531693101099,287.802515833666,4.5982255082271
198.946426631181,369.712383566109,3.98535077229385
125.239054012644,411.76082829014,3.44643307625883
625.338335069901,311.975414864291,4.67221417110672
3.32887875923253,148.524666810802,4.21429144319954
540.566376289505,201.781864318966,4.1621580561214
35.1646931892975,490.682307010596,3.01608376395436
280.36811008116,20.1295191721315,4.00615980125047
534.667296609391,393.790536220632,3.40918512001329
72.5593375487772,71.1006070776314,5.22483253892741
4.22149864353906,74.2730370745307,3.41033148477328
583.742100536557,227.966539438277,4.09362233855937
441.825322638433,457.298459533247,4.77614087147027
657.034323191757,377.042231890325,3.004294361443
100.796103731581,487.531619601793,4.42127726054888
622.600788943172,89.4255636754708,4.07462931315627
421.846981791147,259.266834614187,3.6158370667912
10.3245242411618,179.294997117508,3.30720495991735
71.8006898957108,124.305604858288,4.49981996888699
606.515133473016,196.107195968856,4.45390793161287
253.817845404175,225.999195830836,3.9606774363172
579.37883291783,437.176348092325,3.66558880605893
299.291626394279,134.13300256172,4.04124902466586
533.833378371599,455.315281062361,3.66658778731995
33.3921226283241,414.238544437258,3.93745386222229
196.079289090726,285.981179735378,3.95850200034748
549.372343068044,256.363819957671,3.74992448027212
183.177238567418,15.6314833178457,4.33224965648387
506.353662513831,344.758094631165,4.65990416553238
37.8710535354359,48.2497621394328,4.04079301687092
546.913320097921,159.725845623855,4.45705809965564
NA,NA,NA
663.54284747535,335.997413483138,3.49999472580329
457.603377402382,300.911966653688,3.59189412586793
16.0134610164129,495.38320663127,3.56610169672985
562.777279573037,48.6004648485555,4.24816796391264
72.3186563571485,374.557972812327,3.85387467945432
229.816151807429,411.954299008803,3.89691184326943
427.481747885754,14.0079950495816,3.33010046818465
361.694670274326,294.336458352062,2.98472567862509
606.916427005328,103.795855473548,4.36661318086835
391.057423542157,230.609255235562,4.13618314079643
570.124395678917,410.717081529713,4.73363450656078
140.531693101099,287.802515833666,4.5982255082271
198.946426631181,369.712383566109,3.98535077229385
125.239054012644,411.76082829014,3.44643307625883
625.338335069901,311.975414864291,4.67221417110672
3.32887875923253,148.524666810802,4.21429144319954
540.566376289505,201.781864318966,4.1621580561214
35.1646931892975,490.682307010596,3.01608376395436
280.36811008116,20.1295191721315,4.00615980125047
534.667296609391,393.790536220632,3.40918512001329
72.5593375487772,71.1006070776314,5.22483253892741
4.22149864353906,74.2730370745307,3.41033148477328
583.742100536557,227.966539438277,4.09362233855937
441.825322638433,457.298459533247,4.77614087147027
657.034323191757,377.042231890325,3.004294361443
100.796103731581,487.531619601793,4.42127726054888
622.600788943172,89.4255636754708,4.07462931315627
421.846981791147,259.266834614187,3.6158370667912
10.3245242411618,179.294997117508,3.30720495991735
71.8006898957108,124.305604858288,4.49981996888699
606.515133473016,196.107195968856,4.45390793161287
253.817845404175,225.999195830836,3.9606774363172
579.37883291783,437.176348092325,3.66558880605893
299.291626394279,134.13300256172,4.04124902466586
533.833378371599,455.315281062361,3.66658778731995
33.3921226283241,414.238544437258,3.93745386222229
196.079289090726,285.981179735378,3.95850200034748
549.372343068044,256.363819957671,3.74992448027212
183.177238567418,15.6314833178457,4.33224965648387
506.353662513831,344.758094631165,4.65990416553238
37.8710535354359,48.2497621394328,4.04079301687092
546.913320097921,159.725845623855,4.45705809965564
NA,NA,NA
663.54284747535,335.997413483138,3.49999472580329
457.603377402382,300.911966653688,3.59189412586793
16.0134610164129,495.38320663127,3.56610169672985
562.777279573037,48.6004648485555,4.24816796391264
72.3186563571485,374.557972812327,3.85387467945432
229.816151807429,411.954299008803,3.89691184326943
427.481747885754,14.0079950495816,3.33010046818465
361.694670274326,294.336458352062,2.98472567862509
606.916427005328,103.795855473548,4.36661318086835
391.057423542157,230.609255235562,4.13618314079643
570.124395678917,410.717081529713,4.73363450656078
140.531693101099,287.802515833666,4.5982255082271
198.946426631181,369.712383566109,3.98535077229385
125.239054012644,411.76082829014,3.44643307625883
625.338335069901,311.975414864291,4.67221417110672
3.32887875923253,148.524666810802,4.21429144319954
540.566376289505,201.781864318966,4.1621580561214
35.1646931892975,490.682307010596,3.01608376395436
280.36811008116,20.1295191721315,4.00615980125047
534.667296609391,393.790536220632,3.40918512001329
72.5593375487772,71.1006070776314,5.22483253892741
4.22149864353906,74.2730370745307,3.41033148477328
583.742100536557,227.966539438277,4.09362233855937
441.825322638433,457.298459533247,4.77614087147027
657.034323191757,377.042231890325,3.004294361443
100.796103731581,487.531619601793,4.42127726054888
622.600788943172,89.4255636754708,4.07462931315627
421.846981791147,259.266834614187,3.6158370667912
10.3245242411618,179.294997117508,3.30720495991735
71.8006898957108,124.305604858288,4.49981996888699
606.515133473016,196.107195968856,4.45390793161287
253.817845404175,225.999195830836,3.9606774363172
579.37883291783,437.176348092325,3.66558880605893
299.291626394279,134.13300256172,4.04124902466586
533.833378371599,455.315281062361,3.66658778731995
33.3921226283241,414.238544437258,3.93745386222229
196.079289090726,285.981179735378,3.95850200034748
549.372343068044,256.363819957671,3.74992448027212
183.177238567418,15.6314833178457,4.33224965648387
506.353662513831,344.758094631165,4.65990416553238
37.8710535354359,48.2497621394328,4.04079301687092
546.913320097921,159.725845623855,4.45705809965564
NA,NA,NA
661.36468431285,333.772464420094,3.36888098488536
450.062297378981,299.658206016131,3.51348333183106
12.8862106737205,495.055010654939,3.6669016704039
561.319870007464,47.3118220379736,4.24177505609984
70.1486571474278,378.123380737364,3.94756173282225
229.295542022782,417.031386327363,4.01565816872357
428.185037607899,12.5099195426681,3.48987337523537
364.300533706295,294.184960869154,3.02035942330077
603.244025297178,101.33117786826,4.15099982913721
395.81147436541,225.933775492044,4.24300643975253
561.568219418721,408.490281569655,4.74269980831175
146.931562989455,287.863826410414,4.48152099606969
197.535656943119,369.346776525654,3.97784129472901
127.349310679796,412.042388284083,3.39038897180606
624.652695057342,312.268288225134,4.58816598201989
3.01956063942379,146.4994198588,4.2703732060038
547.73549281523,202.880942327186,4.31705710458737
35.6471536132037,492.461963129384,2.97956358219534
277.125839992656,23.3180644976447,3.85631865783845
533.544878370528,392.25338717166,3.3330302691472
74.243949131324,66.5271901445159,5.22014516058805
8.35499070789867,74.4536541255429,3.50226573951479
588.29423394124,228.633004291008,4.04133797993444
446.296261068465,459.218389763447,4.77650794692042
657.049506384493,373.456123440127,3.09094943134392
100.518178747797,485.334343627391,4.28209570338019
621.611883968382,89.8559506389241,4.0657611893821
419.305767454907,257.834034978244,3.59767064977012
7.69939076592051,183.271434182167,3.31590514873063
71.8330978986951,114.113611285931,4.5371833871794
620.388371650884,215.794578681225,4.30543805725903
256.973606936139,219.083073308222,4.02402708297839
580.528491374139,436.451171965462,3.89816672787673
296.758162898435,139.22179655406,3.83568236119219
527.929204416854,454.956292526721,3.83720881911091
55.5557931796195,424.898563781897,4.18420078457139
196.412564488262,295.165690332217,4.14379876384412
546.959204921799,269.728586368036,3.82009486265041
170.835960300117,16.5051531994035,4.38074430766034
511.78873852886,341.383609472651,4.73825466963582
49.0882149959079,55.8851011656847,3.84432559043927
533.918345677843,162.112041887195,4.52787520543657
NA,NA,NA
661.36468431285,333.772464420094,3.36888098488536
450.062297378981,299.658206016131,3.51348333183106
12.8862106737205,495.055010654939,3.6669016704039
561.319870007464,47.3118220379736,4.24177505609984
70.1486571474278,378.123380737364,3.94756173282225
229.295542022782,417.031386327363,4.01565816872357
428.185037607899,12.5099195426681,3.48987337523537
364.300533706295,294.184960869154,3.02035942330077
603.244025297178,101.33117786826,4.15099982913721
395.81147436541,225.933775492044,4.24300643975253
561.568219418721,408.490281569655,4.74269980831175
146.931562989455,287.863826410414,4.48152099606969
197.535656943119,369.346776525654,3.97784129472901
127.349310679796,412.042388284083,3.39038897180606
624.652695057342,312.268288225134,4.58816598201989
3.01956063942379,146.4994198588,4.2703732060038
547.73549281523,202.880942327186,4.31705710458737
35.6471536132037,492.461963129384,2.97956358219534
277.125839992656,23.3180644976447,3.85631865783845
533.544878370528,392.25338717166,3.3330302691472
74.243949131324,66.5271901445159,5.22014516058805
8.35499070789867,74.4536541255429,3.50226573951479
588.29423394124,228.633004291008,4.04133797993444
446.296261068465,459.218389763447,4.77650794692042
657.049506384493,373.456123440127,3.09094943134392
100.518178747797,485.334343627391,4.28209570338019
621.611883968382,89.8559506389241,4.0657611893821
419.305767454907,257.834034978244,3.59767064977012
7.69939076592051,183.271434182167,3.31590514873063
71.8330978986951,114.113611285931,4.5371833871794
620.388371650884,215.794578681225,4.30543805725903
256.973606936139,219.083073308222,4.02402708297839
580.528491374139,436.451171965462,3.89816672787673
296.758162898435,139.22179655406,3.83568236119219
527.929204416854,454.956292526721,3.83720881911091
55.5557931796195,424.898563781897,4.18420078457139
196.412564488262,295.165690332217,4.14379876384412
546.959204921799,269.728586368036,3.82009486265041
170.835960300117,16.5051531994035,4.38074430766034
511.78873852886,341.383609472651,4.73825466963582
49.0882149959079,55.8851011656847,3.84432559043927
533.918345677843,162.112041887195,4.52787520543657
NA,NA,NA
661.36468431285,333.772464420094,3.36888098488536
450.062297378981,299.658206016131,3.51348333183106
12.8862106737205,495.055010654939,3.6669016704039
561.319870007464,47.3118220379736,4.24177505609984
70.1486571474278,378.123380737364,3.94756173282225
229.295542022782,417.031386327363,4.01565816872357
428.185037607899,12.5099195426681,3.48987337523537
364.300533706295,294.184960869154,3.02035942330077
603.244025297178,101.33117786826,4.15099982913721
395.81147436541,225.933775492044,4.24300643975253
561.568219418721,408.490281569655,4.74269980831175
146.931562989455,287.863826410414,4.48152099606969
197.535656943119,369.346776525654,3.97784129472901
127.349310679796,412.042388284083,3.39038897180606
624.652695057342,312.268288225134,4.58816598201989
3.01956063942379,146.4994198588,4.2703732060038
547.73549281523,202.880942327186,4.31705710458737
35.6471536132037,492.461963129384,2.97956358219534
277.125839992656,23.3180644976447,3.85631865783845
533.544878370528,392.25338717166,3.3330302691472
74.243949131324,66.5271901445159,5.22014516058805
8.35499070789867,74.4536541255429,3.50226573951479
588.29423394124,228.633004291008,4.04133797993444
446.296261068465,459.218389763447,4.77650794692042
657.049506384493,373.456123440127,3.09094943134392
100.518178747797,485.334343627391,4.28209570338019
621.611883968382,89.8559506389241,4.0657611893821
419.305767454907,257.834034978244,3.59767064977012
7.69939076592051,183.271434182167,3.31590514873063
71.8330978986951,114.113611285931,4.5371833871794
620.388371650884,215.794578681225,4.30543805725903
256.973606936139,219.083073308222,4.02402708297839
580.528491374139,436.451171965462,3.89816672787673
296.758162898435,139.22179655406,3.83568236119219
527.929204416854,454.956292526721,3.83720881911091
55.5557931796195,424.898563781897,4.18420078457139
196.412564488262,295.165690332217,4.14379876384412
546.959204921799,269.728586368036,3.82009486265041
170.835960300117,16.5051531994035,4.38074430766034
511.78873852886,341.383609472651,4.73825466963582
49.0882149959079,55.8851011656847,3.84432559043927
533.918345677843,162.112041887195,4.52787520543657
NA,NA,NA
661.36468431285,333.772464420094,3.36888098488536
450.062297378981,299.658206016131,3.51348333183106
12.8862106737205,495.055010654939,3.6669016704039
561.319870007464,47.3118220379736,4.24177505609984
70.1486571474278,378.123380737364,3.94756173282225
229.295542022782,417.031386327363,4.01565816872357
428.185037607899,12.5099195426681,3.48987337523537
364.300533706295,294.184960869154,3.02035942330077
603.244025297178,101.33117786826,4.15099982913721
395.81147436541,225.933775492044,4.24300643975253
561.568219418721,408.490281569655,4.74269980831175
146.931562989455,287.863826410414,4.48152099606969
197.535656943119,369.346776525654,3.97784129472901
127.349310679796,412.042388284083,3.39038897180606
624.652695057342,312.268288225134,4.58816598201989
3.01956063942379,146.4994198588,4.2703732060038
547.73549281523,202.880942327186,4.31705710458737
35.6471536132037,492.461963129384,2.97956358219534
277.125839992656,23.3180644976447,3.85631865783845
533.544878370528,392.25338717166,3.3330302691472
74.243949131324,66.5271901445159,5.22014516058805
8.35499070789867,74.4536541255429,3.50226573951479
588.29423394124,228.633004291008,4.04133797993444
446.296261068465,459.218389763447,4.77650794692042
657.049506384493,373.456123440127,3.09094943134392
100.518178747797,485.334343627391,4.28209570338019
621.611883968382,89.8559506389241,4.0657611893821
419.305767454907,257.834034978244,3.59767064977012
7.69939076592051,183.271434182167,3.31590514873063
71.8330978986951,114.113611285931,4.5371833871794
620.388371650884,215.794578681225,4.30543805725903
256.973606936139,219.083073308222,4.02402708297839
580.528491374139,436.451171965462,3.89816672787673
296.758162898435,139.22179655406,3.83568236119219
527.929204416854,454.956292526721,3.83720881911091
55.5557931796195,424.898563781897,4.18420078457139
196.412564488262,295.165690332217,4.14379876384412
546.959204921799,269.728586368036,3.82009486265041
170.835960300117,16.5051531994035,4.38074430766034
511.78873852886,341.383609472651,4.73825466963582
49.0882149959079,55.8851011656847,3.84432559043927
533.918345677843,162.112041887195,4.52787520543657
NA,NA,NA
661.36468431285,333.772464420094,3.36888098488536
450.062297378981,299.658206016131,3.51348333183106
12.8862106737205,495.055010654939,3.6669016704039
561.319870007464,47.3118220379736,4.24177505609984
70.1486571474278,378.123380737364,3.94756173282225
229.295542022782,417.031386327363,4.01565816872357
428.185037607899,12.5099195426681,3.48987337523537
364.300533706295,294.184960869154,3.02035942330077
603.244025297178,101.33117786826,4.15099982913721
395.81147436541,225.933775492044,4.24300643975253
561.568219418721,408.490281569655,4.74269980831175
146.931562989455,287.863826410414,4.48152099606969
197.535656943119,369.346776525654,3.97784129472901
127.349310679796,412.042388284083,3.39038897180606
624.652695057342,312.268288225134,4.58816598201989
3.01956063942379,146.4994198588,4.2703732060038
547.73549281523,202.880942327186,4.31705710458737
35.6471536132037,492.461963129384,2.97956358219534
277.125839992656,23.3180644976447,3.85631865783845
533.544878370528,392.25338717166,3.3330302691472
74.243949131324,66.5271901445159,5.22014516058805
8.35499070789867,74.4536541255429,3.50226573951479
588.29423394124,228.633004291008,4.04133797993444
446.296261068465,459.218389763447,4.77650794692042
657.049506384493,373.456123440127,3.09094943134392
100.518178747797,485.334343627391,4.28209570338019
621.611883968382,89.8559506389241,4.0657611893821
419.305767454907,257.834034978244,3.59767064977012
7.69939076592051,183.271434182167,3.31590514873063
71.8330978986951,114.113611285931,4.5371833871794
620.388371650884,215.794578681225,4.30543805725903
256.973606936139,219.083073308222,4.02402708297839
580.528491374139,436.451171965462,3.89816672787673
296.758162898435,139.22179655406,3.83568236119219
527.929204416854,454.956292526721,3.83720881911091
55.5557931796195,424.898563781897,4.18420078457139
196.412564488262,295.165690332217,4.14379876384412
546.959204921799,269.728586368036,3.82009486265041
170.835960300117,16.5051531994035,4.38074430766034
511.78873852886,341.383609472651,4.73825466963582
49.0882149959079,55.8851011656847,3.84432559043927
533.918345677843,162.112041887195,4.52787520543657
NA,NA,NA
661.36468431285,333.772464420094,3.36888098488536
450.062297378981,299.658206016131,3.51348333183106
12.8862106737205,495.055010654939,3.6669016704039
561.319870007464,47.3118220379736,4.24177505609984
70.1486571474278,378.123380737364,3.94756173282225
229.295542022782,417.031386327363,4.01565816872357
428.185037607899,12.5099195426681,3.48987337523537
364.300533706295,294.184960869154,3.02035942330077
603.244025297178,101.33117786826,4.15099982913721
395.81147436541,225.933775492044,4.24300643975253
561.568219418721,408.490281569655,4.74269980831175
146.931562989455,287.863826410414,4.48152099606969
197.535656943119,369.346776525654,3.97784129472901
127.349310679796,412.042388284083,3.39038897180606
624.652695057342,312.268288225134,4.58816598201989
3.01956063942379,146.4994198588,4.2703732060038
547.73549281523,202.880942327186,4.31705710458737
35.6471536132037,492.461963129384,2.97956358219534
277.125839992656,23.3180644976447,3.85631865783845
533.544878370528,392.25338717166,3.3330302691472
74.243949131324,66.5271901445159,5.22014516058805
8.35499070789867,74.4536541255429,3.50226573951479
588.29423394124,228.633004291008,4.04133797993444
446.296261068465,459.218389763447,4.77650794692042
657.049506384493,373.456123440127,3.09094943134392
100.518178747797,485.334343627391,4.28209570338019
621.611883968382,89.8559506389241,4.0657611893821
419.305767454907,257.834034978244,3.59767064977012
7.69939076592051,183.271434182167,3.31590514873063
71.8330978986951,114.113611285931,4.5371833871794
620.388371650884,215.794578681225,4.30543805725903
256.973606936139,219.083073308222,4.02402708297839
580.528491374139,436.451171965462,3.89816672787673
296.758162898435,139.22179655406,3.83568236119219
527.929204416854,454.956292526721,3.83720881911091
55.5557931796195,424.898563781897,4.18420078457139
196.412564488262,295.165690332217,4.14379876384412
546.959204921799,269.728586368036,3.82009486265041
170.835960300117,16.5051531994035,4.38074430766034
511.78873852886,341.383609472651,4.73825466963582
49.0882149959079,55.8851011656847,3.84432559043927
533.918345677843,162.112041887195,4.52787520543657
NA,NA,NA
659.573596449013,336.870349929904,3.44561811234538
450.803274633348,294.650567088647,3.49041869940829
5.42942034316497,495.318991151779,3.5809206348032
556.077050077793,48.9532777071707,4.17595394523272
71.7619239310097,377.507046054648,4.03169654021191
219.765142962752,411.294122662153,3.86777766678045
425.913221437411,9.65114287510203,3.48988059629778
361.69248160554,293.144727693333,2.95128964724078
605.605845640427,103.996618274304,4.23602286649145
390.710154092551,229.174998013059,4.18273167610414
570.865717070598,404.671928116359,4.7370945693869
142.247963378976,276.667034747532,4.60922168299142
204.581970149864,371.16518437723,3.94220683126174
126.71557962304,409.51929874849,3.42722257761955
630.766613044847,313.162358219581,4.56945274191958
4.15200631772036,143.211208648326,4.23405038105082
545.031166275706,203.515936471969,4.21425089505772
34.494961676159,493.047772877136,2.975680934709
280.10916423672,22.4232449219465,3.94061821412887
534.298911030263,392.754876443611,3.48101840250991
73.0245371635161,82.4062774947471,5.30919515872975
7.17661613970379,78.7007867157499,3.4275998511778
587.257975112252,228.061152285957,3.98943008156634
439.330836359766,460.118705020744,4.81098994058933
658.669662897833,373.934398849926,3.07197246758361
102.896162943983,485.433698521618,4.33356257073588
621.405923135551,88.5451356613147,4.08083161987595
418.629023754021,264.052065679217,3.58092101655159
11.2464825080497,183.095464499704,3.26366601062282
67.8862266865078,128.090031852788,4.41788935047669
625.173346103242,201.00407130325,4.52368834209292
249.155533604739,217.461405367573,3.41389169745008
575.779931562104,438.395978466241,4.04006115057154
298.637271321432,142.629024380515,3.89363167811194
525.683114752662,454.005767129241,3.81945473583996
45.0495280166898,427.034106945043,3.72598226739154
192.392324823337,291.660520292222,3.86393959878853
559.620589388922,261.47439569603,3.78102658828338
184.270893986801,27.938553943771,4.2887087992867
506.895092249362,349.994658620021,4.49227863159825
34.041401118953,54.0331987551093,4.31560660545451
528.529909372161,138.713263037016,4.75707586398328
NA,NA,NA
659.573596449013,336.870349929904,3.44561811234538
450.803274633348,294.650567088647,3.49041869940829
5.42942034316497,495.318991151779,3.5809206348032
556.077050077793,48.9532777071707,4.17595394523272
71.7619239310097,377.507046054648,4.03169654021191
219.765142962752,411.294122662153,3.86777766678045
425.913221437411,9.65114287510203,3.48988059629778
361.69248160554,293.144727693333,2.95128964724078
605.605845640427,103.996618274304,4.23602286649145
390.710154092551,229.174998013059,4.18273167610414
570.865717070598,404.671928116359,4.7370945693869
142.247963378976,276.667034747532,4.60922168299142
204.581970149864,371.16518437723,3.94220683126174
126.71557962304,409.51929874849,3.42722257761955
630.766613044847,313.162358219581,4.56945274191958
4.15200631772036,143.211208648326,4.23405038105082
545.031166275706,203.515936471969,4.21425089505772
34.494961676159,493.047772877136,2.975680934709
280.10916423672,22.4232449219465,3.94061821412887
534.298911030263,392.754876443611,3.48101840250991
73.0245371635161,82.4062774947471,5.30919515872975
7.17661613970379,78.7007867157499,3.4275998511778
587.257975112252,228.061152285957,3.98943008156634
439.330836359766,460.118705020744,4.81098994058933
658.669662897833,373.934398849926,3.07197246758361
102.896162943983,485.433698521618,4.33356257073588
621.405923135551,88.5451356613147,4.08083161987595
418.629023754021,264.052065679217,3.58092101655159
11.2464825080497,183.095464499704,3.26366601062282
67.8862266865078,128.090031852788,4.41788935047669
625.173346103242,201.00407130325,4.52368834209292
249.155533604739,217.461405367573,3.41389169745008
575.779931562104,438.395978466241,4.04006115057154
298.637271321432,142.629024380515,3.89363167811194
525.683114752662,454.005767129241,3.81945473583996
45.0495280166898,427.034106945043,3.72598226739154
192.392324823337,291.660520292222,3.86393959878853
559.620589388922,261.47439569603,3.78102658828338
184.270893986801,27.938553943771,4.2887087992867
506.895092249362,349.994658620021,4.49227863159825
34.041401118953,54.0331987551093,4.31560660545451
528.529909372161,138.713263037016,4.75707586398328
NA,NA,NA
659.573596449013,336.870349929904,3.44561811234538
450.803274633348,294.650567088647,3.49041869940829
5.42942034316497,495.318991151779,3.5809206348032
556.077050077793,48.9532777071707,4.17595394523272
71.7619239310097,377.507046054648,4.03169654021191
219.765142962752,411.294122662153,3.86777766678045
425.913221437411,9.65114287510203,3.48988059629778
361.69248160554,293.144727693333,2.95128964724078
605.605845640427,103.996618274304,4.23602286649145
390.710154092551,229.174998013059,4.18273167610414
570.865717070598,404.671928116359,4.7370945693869
142.247963378976,276.667034747532,4.60922168299142
204.581970149864,371.16518437723,3.94220683126174
126.71557962304,409.51929874849,3.42722257761955
630.766613044847,313.162358219581,4.56945274191958
4.15200631772036,143.211208648326,4.23405038105082
545.031166275706,203.515936471969,4.21425089505772
34.494961676159,493.047772877136,2.975680934709
280.10916423672,22.4232449219465,3.94061821412887
534.298911030263,392.754876443611,3.48101840250991
73.0245371635161,82.4062774947471,5.30919515872975
7.17661613970379,78.7007867157499,3.4275998511778
587.257975112252,228.061152285957,3.98943008156634
439.330836359766,460.118705020744,4.81098994058933
658.669662897833,373.934398849926,3.07197246758361
102.896162943983,485.433698521618,4.33356257073588
621.405923135551,88.5451356613147,4.08083161987595
418.629023754021,264.052065679217,3.58092101655159
11.2464825080497,183.095464499704,3.26366601062282
67.8862266865078,128.090031852788,4.41788935047669
625.173346103242,201.00407130325,4.52368834209292
249.155533604739,217.461405367573,3.41389169745008
575.779931562104,438.395978466241,4.04006115057154
298.637271321432,142.629024380515,3.89363167811194
525.683114752662,454.005767129241,3.81945473583996
45.0495280166898,427.034106945043,3.72598226739154
192.392324823337,291.660520292222,3.86393959878853
559.620589388922,261.47439569603,3.78102658828338
184.270893986801,27.938553943771,4.2887087992867
506.895092249362,349.994658620021,4.49227863159825
34.041401118953,54.0331987551093,4.31560660545451
528.529909372161,138.713263037016,4.75707586398328
NA,NA,NA
659.573596449013,336.870349929904,3.44561811234538
450.803274633348,294.650567088647,3.49041869940829
5.42942034316497,495.318991151779,3.5809206348032
556.077050077793,48.9532777071707,4.17595394523272
71.7619239310097,377.507046054648,4.03169654021191
219.765142962752,411.294122662153,3.86777766678045
425.913221437411,9.65114287510203,3.48988059629778
361.69248160554,293.144727693333,2.95128964724078
605.605845640427,103.996618274304,4.23602286649145
390.710154092551,229.174998013059,4.18273167610414
570.865717070598,404.671928116359,4.7370945693869
142.247963378976,276.667034747532,4.60922168299142
204.581970149864,371.16518437723,3.94220683126174
126.71557962304,409.51929874849,3.42722257761955
630.766613044847,313.162358219581,4.56945274191958
4.15200631772036,143.211208648326,4.23405038105082
545.031166275706,203.515936471969,4.21425089505772
34.494961676159,493.047772877136,2.975680934709
280.10916423672,22.4232449219465,3.94061821412887
534.298911030263,392.754876443611,3.48101840250991
73.0245371635161,82.4062774947471,5.30919515872975
7.17661613970379,78.7007867157499,3.4275998511778
587.257975112252,228.061152285957,3.98943008156634
439.330836359766,460.118705020744,4.81098994058933
658.669662897833,373.934398849926,3.07197246758361
102.896162943983,485.433698521618,4.33356257073588
621.405923135551,88.5451356613147,4.08083161987595
418.629023754021,264.052065679217,3.58092101655159
11.2464825080497,183.095464499704,3.26366601062282
67.8862266865078,128.090031852788,4.41788935047669
625.173346103242,201.00407130325,4.52368834209292
249.155533604739,217.461405367573,3.41389169745008
575.779931562104,438.395978466241,4.04006115057154
298.637271321432,142.629024380515,3.89363167811194
525.683114752662,454.005767129241,3.81945473583996
45.0495280166898,427.034106945043,3.72598226739154
192.392324823337,291.660520292222,3.86393959878853
559.620589388922,261.47439569603,3.78102658828338
184.270893986801,27.938553943771,4.2887087992867
506.895092249362,349.994658620021,4.49227863159825
34.041401118953,54.0331987551093,4.31560660545451
528.529909372161,138.713263037016,4.75707586398328
NA,NA,NA
659.573596449013,336.870349929904,3.44561811234538
450.803274633348,294.650567088647,3.49041869940829
5.42942034316497,495.318991151779,3.5809206348032
556.077050077793,48.9532777071707,4.17595394523272
71.7619239310097,377.507046054648,4.03169654021191
219.765142962752,411.294122662153,3.86777766678045
425.913221437411,9.65114287510203,3.48988059629778
361.69248160554,293.144727693333,2.95128964724078
605.605845640427,103.996618274304,4.23602286649145
390.710154092551,229.174998013059,4.18273167610414
570.865717070598,404.671928116359,4.7370945693869
142.247963378976,276.667034747532,4.60922168299142
204.581970149864,371.16518437723,3.94220683126174
126.71557962304,409.51929874849,3.42722257761955
630.766613044847,313.162358219581,4.56945274191958
4.15200631772036,143.211208648326,4.23405038105082
545.031166275706,203.515936471969,4.21425089505772
34.494961676159,493.047772877136,2.975680934709
280.10916423672,22.4232449219465,3.94061821412887
534.298911030263,392.754876443611,3.48101840250991
73.0245371635161,82.4062774947471,5.30919515872975
7.17661613970379,78.7007867157499,3.4275998511778
587.257975112252,228.061152285957,3.98943008156634
439.330836359766,460.118705020744,4.81098994058933
658.669662897833,373.934398849926,3.07197246758361
102.896162943983,485.433698521618,4.33356257073588
621.405923135551,88.5451356613147,4.08083161987595
418.629023754021,264.052065679217,3.58092101655159
11.2464825080497,183.095464499704,3.26366601062282
67.8862266865078,128.090031852788,4.41788935047669
625.173346103242,201.00407130325,4.52368834209292
249.155533604739,217.461405367573,3.41389169745008
575.779931562104,438.395978466241,4.04006115057154
298.637271321432,142.629024380515,3.89363167811194
525.683114752662,454.005767129241,3.81945473583996
45.0495280166898,427.034106945043,3.72598226739154
192.392324823337,291.660520292222,3.86393959878853
559.620589388922,261.47439569603,3.78102658828338
184.270893986801,27.938553943771,4.2887087992867
506.895092249362,349.994658620021,4.49227863159825
34.041401118953,54.0331987551093,4.31560660545451
528.529909372161,138.713263037016,4.75707586398328
NA,NA,NA
659.573596449013,336.870349929904,3.44561811234538
450.803274633348,294.650567088647,3.49041869940829
5.42942034316497,495.318991151779,3.5809206348032
556.077050077793,48.9532777071707,4.17595394523272
71.7619239310097,377.507046054648,4.03169654021191
219.765142962752,411.294122662153,3.86777766678045
425.913221437411,9.65114287510203,3.48988059629778
361.69248160554,293.144727693333,2.95128964724078
605.605845640427,103.996618274304,4.23602286649145
390.710154092551,229.174998013059,4.18273167610414
570.865717070598,404.671928116359,4.7370945693869
142.247963378976,276.667034747532,4.60922168299142
204.581970149864,371.16518437723,3.94220683126174
126.71557962304,409.51929874849,3.42722257761955
630.766613044847,313.162358219581,4.56945274191958
4.15200631772036,143.211208648326,4.23405038105082
545.031166275706,203.515936471969,4.21425089505772
34.494961676159,493.047772877136,2.975680934709
280.10916423672,22.4232449219465,3.94061821412887
534.298911030263,392.754876443611,3.48101840250991
73.0245371635161,82.4062774947471,5.30919515872975
7.17661613970379,78.7007867157499,3.4275998511778
587.257975112252,228.061152285957,3.98943008156634
439.330836359766,460.118705020744,4.81098994058933
658.669662897833,373.934398849926,3.07197246758361
102.896162943983,485.433698521618,4.33356257073588
621.405923135551,88.5451356613147,4.08083161987595
418.629023754021,264.052065679217,3.58092101655159
11.2464825080497,183.095464499704,3.26366601062282
67.8862266865078,128.090031852788,4.41788935047669
625.173346103242,201.00407130325,4.52368834209292
249.155533604739,217.461405367573,3.41389169745008
575.779931562104,438.395978466241,4.04006115057154
298.637271321432,142.629024380515,3.89363167811194
525.683114752662,454.005767129241,3.81945473583996
45.0495280166898,427.034106945043,3.72598226739154
192.392324823337,291.660520292222,3.86393959878853
559.620589388922,261.47439569603,3.78102658828338
184.270893986801,27.938553943771,4.2887087992867
506.895092249362,349.994658620021,4.49227863159825
34.041401118953,54.0331987551093,4.31560660545451
528.529909372161,138.713263037016,4.75707586398328
NA,NA,NA
661.270481483327,334.565652058252,3.5919314936007
459.088459787123,295.710553966388,3.49458479450467
9.2513434376404,498.417407761158,3.60319534960946
560.049950574252,46.8382300666303,4.15735853258042
71.268077102007,373.538154540931,3.99076241327613
234.646038417243,418.336755271599,3.84739769242202
426.408836250426,12.7292604266061,3.3777925588155
360.947113795981,290.911255079401,3.05087486807487
603.199042118769,104.541906086873,4.15445724793641
395.185493057187,227.563284469091,4.19527989968112
568.935660195269,410.963020290714,4.74688246180041
135.282249212318,284.421991942784,4.55462955328126
199.877597495468,369.55491883909,4.03468825091631
124.02550281887,411.38760220396,3.41560181204635
623.962225700933,314.038459390298,4.61859086371899
5.76663275478009,148.837682437776,4.24641626893981
545.291991815286,211.85967714017,4.10326765594032
34.020896179524,490.779190679939,2.95905095089823
280.927382823166,23.5856645353361,3.85670344959908
531.28029973297,393.789004979525,3.52393711408926
71.940477994184,75.3548615364201,5.15203193021348
6.31751210170266,79.2896098269005,3.50501425718849
583.391696506022,223.628615113143,4.02437686301345
440.872944580647,457.372700748038,4.78365752546997
660.464530744302,372.659860318264,3.13266290322117
107.714708395755,487.865131621447,4.37549832497434
624.642999515371,87.9380304074283,4.07753443161578
421.024715892896,258.564525306185,3.62824942505828
11.17560131181,184.258865752267,3.08013575607337
59.8735412871005,114.266508075349,4.35512431089253
603.378803236227,203.848885122514,4.00807675563364
269.332843330174,219.883525279981,3.38758817714138
565.864011142367,433.991882551137,3.73332590970037
297.269064772434,133.626753197898,3.94017328655117
533.281004413816,455.669713796191,3.81033832585629
37.1199618564903,419.883789310497,3.63505920523779
188.806883371803,295.824182421573,4.14113790816098
545.387640491875,262.742136069378,4.14188479056239
173.082530286327,27.0300897577829,4.04876172420174
501.56340830473,340.445896549305,4.14833478570604
46.2046720975525,53.9435964245177,3.8678220057664
514.725131855006,132.95221595032,4.85369451563379
NA,NA,NA
661.270481483327,334.565652058252,3.5919314936007
459.088459787123,295.710553966388,3.49458479450467
9.2513434376404,498.417407761158,3.60319534960946
560.049950574252,46.8382300666303,4.15735853258042
71.268077102007,373.538154540931,3.99076241327613
234.646038417243,418.336755271599,3.84739769242202
426.408836250426,12.7292604266061,3.3777925588155
360.947113795981,290.911255079401,3.05087486807487
603.199042118769,104.541906086873,4.15445724793641
395.185493057187,227.563284469091,4.19527989968112
568.935660195269,410.963020290714,4.74688246180041
135.282249212318,284.421991942784,4.55462955328126
199.877597495468,369.55491883909,4.03468825091631
124.02550281887,411.38760220396,3.41560181204635
623.962225700933,314.038459390298,4.61859086371899
5.76663275478009,148.837682437776,4.24641626893981
545.291991815286,211.85967714017,4.10326765594032
34.020896179524,490.779190679939,2.95905095089823
280.927382823166,23.5856645353361,3.85670344959908
531.28029973297,393.789004979525,3.52393711408926
71.940477994184,75.3548615364201,5.15203193021348
6.31751210170266,79.2896098269005,3.50501425718849
583.391696506022,223.628615113143,4.02437686301345
440.872944580647,457.372700748038,4.78365752546997
660.464530744302,372.659860318264,3.13266290322117
107.714708395755,487.865131621447,4.37549832497434
624.642999515371,87.9380304074283,4.07753443161578
421.024715892896,258.564525306185,3.62824942505828
11.17560131181,184.258865752267,3.08013575607337
59.8735412871005,114.266508075349,4.35512431089253
603.378803236227,203.848885122514,4.00807675563364
269.332843330174,219.883525279981,3.38758817714138
565.864011142367,433.991882551137,3.73332590970037
297.269064772434,133.626753197898,3.94017328655117
533.281004413816,455.669713796191,3.81033832585629
37.1199618564903,419.883789310497,3.63505920523779
188.806883371803,295.824182421573,4.14113790816098
545.387640491875,262.742136069378,4.14188479056239
173.082530286327,27.0300897577829,4.04876172420174
501.56340830473,340.445896549305,4.14833478570604
46.2046720975525,53.9435964245177,3.8678220057664
514.725131855006,132.95221595032,4.85369451563379
NA,NA,NA
661.270481483327,334.565652058252,3.5919314936007
459.088459787123,295.710553966388,3.49458479450467
9.2513434376404,498.417407761158,3.60319534960946
560.049950574252,46.8382300666303,4.15735853258042
71.268077102007,373.538154540931,3.99076241327613
234.646038417243,418.336755271599,3.84739769242202
426.408836250426,12.7292604266061,3.3777925588155
360.947113795981,290.911255079401,3.05087486807487
603.199042118769,104.541906086873,4.15445724793641
395.185493057187,227.563284469091,4.19527989968112
568.935660195269,410.963020290714,4.74688246180041
135.282249212318,284.421991942784,4.55462955328126
199.877597495468,369.55491883909,4.03468825091631
124.02550281887,411.38760220396,3.41560181204635
623.962225700933,314.038459390298,4.61859086371899
5.76663275478009,148.837682437776,4.24641626893981
545.291991815286,211.85967714017,4.10326765594032
34.020896179524,490.779190679939,2.95905095089823
280.927382823166,23.5856645353361,3.85670344959908
531.28029973297,393.789004979525,3.52393711408926
71.940477994184,75.3548615364201,5.15203193021348
6.31751210170266,79.2896098269005,3.50501425718849
583.391696506022,223.628615113143,4.02437686301345
440.872944580647,457.372700748038,4.78365752546997
660.464530744302,372.659860318264,3.13266290322117
107.714708395755,487.865131621447,4.37549832497434
624.642999515371,87.9380304074283,4.07753443161578
421.024715892896,258.564525306185,3.62824942505828
11.17560131181,184.258865752267,3.08013575607337
59.8735412871005,114.266508075349,4.35512431089253
603.378803236227,203.848885122514,4.00807675563364
269.332843330174,219.883525279981,3.38758817714138
565.864011142367,433.991882551137,3.73332590970037
297.269064772434,133.626753197898,3.94017328655117
533.281004413816,455.669713796191,3.81033832585629
37.1199618564903,419.883789310497,3.63505920523779
188.806883371803,295.824182421573,4.14113790816098
545.387640491875,262.742136069378,4.14188479056239
173.082530286327,27.0300897577829,4.04876172420174
501.56340830473,340.445896549305,4.14833478570604
46.2046720975525,53.9435964245177,3.8678220057664
514.725131855006,132.95221595032,4.85369451563379
NA,NA,NA
661.270481483327,334.565652058252,3.5919314936007
459.088459787123,295.710553966388,3.49458479450467
9.2513434376404,498.417407761158,3.60319534960946
560.049950574252,46.8382300666303,4.15735853258042
71.268077102007,373.538154540931,3.99076241327613
234.646038417243,418.336755271599,3.84739769242202
426.408836250426,12.7292604266061,3.3777925588155
360.947113795981,290.911255079401,3.05087486807487
603.199042118769,104.541906086873,4.15445724793641
395.185493057187,227.563284469091,4.19527989968112
568.935660195269,410.963020290714,4.74688246180041
135.282249212318,284.421991942784,4.55462955328126
199.877597495468,369.55491883909,4.03468825091631
124.02550281887,411.38760220396,3.41560181204635
623.962225700933,314.038459390298,4.61859086371899
5.76663275478009,148.837682437776,4.24641626893981
545.291991815286,211.85967714017,4.10326765594032
34.020896179524,490.779190679939,2.95905095089823
280.927382823166,23.5856645353361,3.85670344959908
531.28029973297,393.789004979525,3.52393711408926
71.940477994184,75.3548615364201,5.15203193021348
6.31751210170266,79.2896098269005,3.50501425718849
583.391696506022,223.628615113143,4.02437686301345
440.872944580647,457.372700748038,4.78365752546997
660.464530744302,372.659860318264,3.13266290322117
107.714708395755,487.865131621447,4.37549832497434
624.642999515371,87.9380304074283,4.07753443161578
421.024715892896,258.564525306185,3.62824942505828
11.17560131181,184.258865752267,3.08013575607337
59.8735412871005,114.266508075349,4.35512431089253
603.378803236227,203.848885122514,4.00807675563364
269.332843330174,219.883525279981,3.38758817714138
565.864011142367,433.991882551137,3.73332590970037
297.269064772434,133.626753197898,3.94017328655117
533.281004413816,455.669713796191,3.81033832585629
37.1199618564903,419.883789310497,3.63505920523779
188.806883371803,295.824182421573,4.14113790816098
545.387640491875,262.742136069378,4.14188479056239
173.082530286327,27.0300897577829,4.04876172420174
501.56340830473,340.445896549305,4.14833478570604
46.2046720975525,53.9435964245177,3.8678220057664
514.725131855006,132.95221595032,4.85369451563379
NA,NA,NA
661.270481483327,334.565652058252,3.5919314936007
459.088459787123,295.710553966388,3.49458479450467
9.2513434376404,498.417407761158,3.60319534960946
560.049950574252,46.8382300666303,4.15735853258042
71.268077102007,373.538154540931,3.99076241327613
234.646038417243,418.336755271599,3.84739769242202
426.408836250426,12.7292604266061,3.3777925588155
360.947113795981,290.911255079401,3.05087486807487
603.199042118769,104.541906086873,4.15445724793641
395.185493057187,227.563284469091,4.19527989968112
568.935660195269,410.963020290714,4.74688246180041
135.282249212318,284.421991942784,4.55462955328126
199.877597495468,369.55491883909,4.03468825091631
124.02550281887,411.38760220396,3.41560181204635
623.962225700933,314.038459390298,4.61859086371899
5.76663275478009,148.837682437776,4.24641626893981
545.291991815286,211.85967714017,4.10326765594032
34.020896179524,490.779190679939,2.95905095089823
280.927382823166,23.5856645353361,3.85670344959908
531.28029973297,393.789004979525,3.52393711408926
71.940477994184,75.3548615364201,5.15203193021348
6.31751210170266,79.2896098269005,3.50501425718849
583.391696506022,223.628615113143,4.02437686301345
440.872944580647,457.372700748038,4.78365752546997
660.464530744302,372.659860318264,3.13266290322117
107.714708395755,487.865131621447,4.37549832497434
624.642999515371,87.9380304074283,4.07753443161578
421.024715892896,258.564525306185,3.62824942505828
11.17560131181,184.258865752267,3.08013575607337
59.8735412871005,114.266508075349,4.35512431089253
603.378803236227,203.848885122514,4.00807675563364
269.332843330174,219.883525279981,3.38758817714138
565.864011142367,433.991882551137,3.73332590970037
297.269064772434,133.626753197898,3.94017328655117
533.281004413816,455.669713796191,3.81033832585629
37.1199618564903,419.883789310497,3.63505920523779
188.806883371803,295.824182421573,4.14113790816098
545.387640491875,262.742136069378,4.14188479056239
173.082530286327,27.0300897577829,4.04876172420174
501.56340830473,340.445896549305,4.14833478570604
46.2046720975525,53.9435964245177,3.8678220057664
514.725131855006,132.95221595032,4.85369451563379
NA,NA,NA
661.270481483327,334.565652058252,3.5919314936007
459.088459787123,295.710553966388,3.49458479450467
9.2513434376404,498.417407761158,3.60319534960946
560.049950574252,46.8382300666303,4.15735853258042
71.268077102007,373.538154540931,3.99076241327613
234.646038417243,418.336755271599,3.84739769242202
426.408836250426,12.7292604266061,3.3777925588155
360.947113795981,290.911255079401,3.05087486807487
603.199042118769,104.541906086873,4.15445724793641
395.185493057187,227.563284469091,4.19527989968112
568.935660195269,410.963020290714,4.74688246180041
135.282249212318,284.421991942784,4.55462955328126
199.877597495468,369.55491883909,4.03468825091631
124.02550281887,411.38760220396,3.41560181204635
623.962225700933,314.038459390298,4.61859086371899
5.76663275478009,148.837682437776,4.24641626893981
545.291991815286,211.85967714017,4.10326765594032
34.020896179524,490.779190679939,2.95905095089823
280.927382823166,23.5856645353361,3.85670344959908
531.28029973297,393.789004979525,3.52393711408926
71.940477994184,75.3548615364201,5.15203193021348
6.31751210170266,79.2896098269005,3.50501425718849
583.391696506022,223.628615113143,4.02437686301345
440.872944580647,457.372700748038,4.78365752546997
660.464530744302,372.659860318264,3.13266290322117
107.714708395755,487.865131621447,4.37549832497434
624.642999515371,87.9380304074283,4.07753443161578
421.024715892896,258.564525306185,3.62824942505828
11.17560131181,184.258865752267,3.08013575607337
59.8735412871005,114.266508075349,4.35512431089253
603.378803236227,203.848885122514,4.00807675563364
269.332843330174,219.883525279981,3.38758817714138
565.864011142367,433.991882551137,3.73332590970037
297.269064772434,133.626753197898,3.94017328655117
533.281004413816,455.669713796191,3.81033832585629
37.1199618564903,419.883789310497,3.63505920523779
188.806883371803,295.824182421573,4.14113790816098
545.387640491875,262.742136069378,4.14188479056239
173.082530286327,27.0300897577829,4.04876172420174
501.56340830473,340.445896549305,4.14833478570604
46.2046720975525,53.9435964245177,3.8678220057664
514.725131855006,132.95221595032,4.85369451563379
NA,NA,NA
659.827728873987,331.046449497535,3.45548941822446
459.488170121683,297.006235658807,3.64149600156074
8.43504093075756,493.147597068365,3.69924959267223
561.180960846701,48.9742502878925,4.11040023184052
68.9041907975341,373.126520614255,4.06879783321403
227.941355880827,412.628950245812,3.950141751258
429.576313647531,10.1337429429919,3.29271930568821
360.823319047635,291.96244762241,3.10051685663029
608.618164296598,99.1180261642706,4.21008851359686
391.098047391483,230.877567876708,4.19052693532816
559.564670132767,410.792964368418,4.75619898639822
145.912886181171,291.045283960791,4.49258271253561
199.799200307431,370.45578807812,4.09588165240596
124.960801374706,415.166111552854,3.34224507506592
626.128748705619,314.962058662244,4.61771422388673
1.61503965234141,149.412749845338,4.18434043092172
545.44329825324,201.822088915923,4.1248034277338
34.512103093692,491.73155388335,2.98663025767745
279.438821743978,20.4318126286073,3.78626349462335
534.736757004823,393.047443343867,3.52967690018029
65.4797846556401,86.0136154453266,5.34572199600188
7.57430043050231,74.2063335614922,3.53461897909629
584.176601059096,226.81469257457,4.14898144449081
437.320691549786,460.090978408613,4.73975490714394
657.541267421614,374.130464119843,3.01559165811874
104.21867227075,488.662634249464,4.38582502519666
624.669386893883,94.3089521146359,4.09274699922701
417.772903598721,260.466679276202,3.701402448632
11.0317853449103,182.836496453653,3.2813491027188
69.1196320201706,112.352258541238,4.42228286297899
604.733582546428,216.963146155534,4.1532918306021
248.293878610704,222.637317378338,3.80243601777603
565.046860117702,434.201755265542,3.88370987068481
295.146227554921,136.396844089039,3.74161966754376
528.625125248182,454.36448864129,3.51311611214185
52.1337438315978,422.357537015558,3.83076338289663
209.220950552964,298.114464814425,4.05507050326559
546.675698501664,260.559563679588,3.60430746180406
156.551801111573,16.4346035337601,4.28927885428659
500.045221278016,349.998493813098,4.43428098526738
42.0991283468291,53.7721588749414,3.94951422969036
526.727559812382,162.009942678244,4.83478627379116
NA,NA,NA
659.827728873987,331.046449497535,3.45548941822446
459.488170121683,297.006235658807,3.64149600156074
8.43504093075756,493.147597068365,3.69924959267223
561.180960846701,48.9742502878925,4.11040023184052
68.9041907975341,373.126520614255,4.06879783321403
227.941355880827,412.628950245812,3.950141751258
429.576313647531,10.1337429429919,3.29271930568821
360.823319047635,291.96244762241,3.10051685663029
608.618164296598,99.1180261642706,4.21008851359686
391.098047391483,230.877567876708,4.19052693532816
559.564670132767,410.792964368418,4.75619898639822
145.912886181171,291.045283960791,4.49258271253561
199.799200307431,370.45578807812,4.09588165240596
124.960801374706,415.166111552854,3.34224507506592
626.128748705619,314.962058662244,4.61771422388673
1.61503965234141,149.412749845338,4.18434043092172
545.44329825324,201.822088915923,4.1248034277338
34.512103093692,491.73155388335,2.98663025767745
279.438821743978,20.4318126286073,3.78626349462335
534.736757004823,393.047443343867,3.52967690018029
65.4797846556401,86.0136154453266,5.34572199600188
7.57430043050231,74.2063335614922,3.53461897909629
584.176601059096,226.81469257457,4.14898144449081
437.320691549786,460.090978408613,4.73975490714394
657.541267421614,374.130464119843,3.01559165811874
104.21867227075,488.662634249464,4.38582502519666
624.669386893883,94.3089521146359,4.09274699922701
417.772903598721,260.466679276202,3.701402448632
11.0317853449103,182.836496453653,3.2813491027188
69.1196320201706,112.352258541238,4.42228286297899
604.733582546428,216.963146155534,4.1532918306021
248.293878610704,222.637317378338,3.80243601777603
565.046860117702,434.201755265542,3.88370987068481
295.146227554921,136.396844089039,3.74161966754376
528.625125248182,454.36448864129,3.51311611214185
52.1337438315978,422.357537015558,3.83076338289663
209.220950552964,298.114464814425,4.05507050326559
546.675698501664,260.559563679588,3.60430746180406
156.551801111573,16.4346035337601,4.28927885428659
500.045221278016,349.998493813098,4.43428098526738
42.0991283468291,53.7721588749414,3.94951422969036
526.727559812382,162.009942678244,4.83478627379116
NA,NA,NA
659.827728873987,331.046449497535,3.45548941822446
459.488170121683,297.006235658807,3.64149600156074
8.43504093075756,493.147597068365,3.69924959267223
561.180960846701,48.9742502878925,4.11040023184052
68.9041907975341,373.126520614255,4.06879783321403
227.941355880827,412.628950245812,3.950141751258
429.576313647531,10.1337429429919,3.29271930568821
360.823319047635,291.96244762241,3.10051685663029
608.618164296598,99.1180261642706,4.21008851359686
391.098047391483,230.877567876708,4.19052693532816
559.564670132767,410.792964368418,4.75619898639822
145.912886181171,291.045283960791,4.49258271253561
199.799200307431,370.45578807812,4.09588165240596
124.960801374706,415.166111552854,3.34224507506592
626.128748705619,314.962058662244,4.61771422388673
1.61503965234141,149.412749845338,4.18434043092172
545.44329825324,201.822088915923,4.1248034277338
34.512103093692,491.73155388335,2.98663025767745
279.438821743978,20.4318126286073,3.78626349462335
534.736757004823,393.047443343867,3.52967690018029
65.4797846556401,86.0136154453266,5.34572199600188
7.57430043050231,74.2063335614922,3.53461897909629
584.176601059096,226.81469257457,4.14898144449081
437.320691549786,460.090978408613,4.73975490714394
657.541267421614,374.130464119843,3.01559165811874
104.21867227075,488.662634249464,4.38582502519666
624.669386893883,94.3089521146359,4.09274699922701
417.772903598721,260.466679276202,3.701402448632
11.0317853449103,182.836496453653,3.2813491027188
69.1196320201706,112.352258541238,4.42228286297899
604.733582546428,216.963146155534,4.1532918306021
248.293878610704,222.637317378338,3.80243601777603
565.046860117702,434.201755265542,3.88370987068481
295.146227554921,136.396844089039,3.74161966754376
528.625125248182,454.36448864129,3.51311611214185
52.1337438315978,422.357537015558,3.83076338289663
209.220950552964,298.114464814425,4.05507050326559
546.675698501664,260.559563679588,3.60430746180406
156.551801111573,16.4346035337601,4.28927885428659
500.045221278016,349.998493813098,4.43428098526738
42.0991283468291,53.7721588749414,3.94951422969036
526.727559812382,162.009942678244,4.83478627379116
NA,NA,NA
659.827728873987,331.046449497535,3.45548941822446
459.488170121683,297.006235658807,3.64149600156074
8.43504093075756,493.147597068365,3.69924959267223
561.180960846701,48.9742502878925,4.11040023184052
68.9041907975341,373.126520614255,4.06879783321403
227.941355880827,412.628950245812,3.950141751258
429.576313647531,10.1337429429919,3.29271930568821
360.823319047635,291.96244762241,3.10051685663029
608.618164296598,99.1180261642706,4.21008851359686
391.098047391483,230.877567876708,4.19052693532816
559.564670132767,410.792964368418,4.75619898639822
145.912886181171,291.045283960791,4.49258271253561
199.799200307431,370.45578807812,4.09588165240596
124.960801374706,415.166111552854,3.34224507506592
626.128748705619,314.962058662244,4.61771422388673
1.61503965234141,149.412749845338,4.18434043092172
545.44329825324,201.822088915923,4.1248034277338
34.512103093692,491.73155388335,2.98663025767745
279.438821743978,20.4318126286073,3.78626349462335
534.736757004823,393.047443343867,3.52967690018029
65.4797846556401,86.0136154453266,5.34572199600188
7.57430043050231,74.2063335614922,3.53461897909629
584.176601059096,226.81469257457,4.14898144449081
437.320691549786,460.090978408613,4.73975490714394
657.541267421614,374.130464119843,3.01559165811874
104.21867227075,488.662634249464,4.38582502519666
624.669386893883,94.3089521146359,4.09274699922701
417.772903598721,260.466679276202,3.701402448632
11.0317853449103,182.836496453653,3.2813491027188
69.1196320201706,112.352258541238,4.42228286297899
604.733582546428,216.963146155534,4.1532918306021
248.293878610704,222.637317378338,3.80243601777603
565.046860117702,434.201755265542,3.88370987068481
295.146227554921,136.396844089039,3.74161966754376
528.625125248182,454.36448864129,3.51311611214185
52.1337438315978,422.357537015558,3.83076338289663
209.220950552964,298.114464814425,4.05507050326559
546.675698501664,260.559563679588,3.60430746180406
156.551801111573,16.4346035337601,4.28927885428659
500.045221278016,349.998493813098,4.43428098526738
42.0991283468291,53.7721588749414,3.94951422969036
526.727559812382,162.009942678244,4.83478627379116
NA,NA,NA
659.827728873987,331.046449497535,3.45548941822446
459.488170121683,297.006235658807,3.64149600156074
8.43504093075756,493.147597068365,3.69924959267223
561.180960846701,48.9742502878925,4.11040023184052
68.9041907975341,373.126520614255,4.06879783321403
227.941355880827,412.628950245812,3.950141751258
429.576313647531,10.1337429429919,3.29271930568821
360.823319047635,291.96244762241,3.10051685663029
608.618164296598,99.1180261642706,4.21008851359686
391.098047391483,230.877567876708,4.19052693532816
559.564670132767,410.792964368418,4.75619898639822
145.912886181171,291.045283960791,4.49258271253561
199.799200307431,370.45578807812,4.09588165240596
124.960801374706,415.166111552854,3.34224507506592
626.128748705619,314.962058662244,4.61771422388673
1.61503965234141,149.412749845338,4.18434043092172
545.44329825324,201.822088915923,4.1248034277338
34.512103093692,491.73155388335,2.98663025767745
279.438821743978,20.4318126286073,3.78626349462335
534.736757004823,393.047443343867,3.52967690018029
65.4797846556401,86.0136154453266,5.34572199600188
7.57430043050231,74.2063335614922,3.53461897909629
584.176601059096,226.81469257457,4.14898144449081
437.320691549786,460.090978408613,4.73975490714394
657.541267421614,374.130464119843,3.01559165811874
104.21867227075,488.662634249464,4.38582502519666
624.669386893883,94.3089521146359,4.09274699922701
417.772903598721,260.466679276202,3.701402448632
11.0317853449103,182.836496453653,3.2813491027188
69.1196320201706,112.352258541238,4.42228286297899
604.733582546428,216.963146155534,4.1532918306021
248.293878610704,222.637317378338,3.80243601777603
565.046860117702,434.201755265542,3.88370987068481
295.146227554921,136.396844089039,3.74161966754376
528.625125248182,454.36448864129,3.51311611214185
52.1337438315978,422.357537015558,3.83076338289663
209.220950552964,298.114464814425,4.05507050326559
546.675698501664,260.559563679588,3.60430746180406
156.551801111573,16.4346035337601,4.28927885428659
500.045221278016,349.998493813098,4.43428098526738
42.0991283468291,53.7721588749414,3.94951422969036
526.727559812382,162.009942678244,4.83478627379116
NA,NA,NA
659.827728873987,331.046449497535,3.45548941822446
459.488170121683,297.006235658807,3.64149600156074
8.43504093075756,493.147597068365,3.69924959267223
561.180960846701,48.9742502878925,4.11040023184052
68.9041907975341,373.126520614255,4.06879783321403
227.941355880827,412.628950245812,3.950141751258
429.576313647531,10.1337429429919,3.29271930568821
360.823319047635,291.96244762241,3.10051685663029
608.618164296598,99.1180261642706,4.21008851359686
391.098047391483,230.877567876708,4.19052693532816
559.564670132767,410.792964368418,4.75619898639822
145.912886181171,291.045283960791,4.49258271253561
199.799200307431,370.45578807812,4.09588165240596
124.960801374706,415.166111552854,3.34224507506592
626.128748705619,314.962058662244,4.61771422388673
1.61503965234141,149.412749845338,4.18434043092172
545.44329825324,201.822088915923,4.1248034277338
34.512103093692,491.73155388335,2.98663025767745
279.438821743978,20.4318126286073,3.78626349462335
534.736757004823,393.047443343867,3.52967690018029
65.4797846556401,86.0136154453266,5.34572199600188
7.57430043050231,74.2063335614922,3.53461897909629
584.176601059096,226.81469257457,4.14898144449081
437.320691549786,460.090978408613,4.73975490714394
657.541267421614,374.130464119843,3.01559165811874
104.21867227075,488.662634249464,4.38582502519666
624.669386893883,94.3089521146359,4.09274699922701
417.772903598721,260.466679276202,3.701402448632
11.0317853449103,182.836496453653,3.2813491027188
69.1196320201706,112.352258541238,4.42228286297899
604.733582546428,216.963146155534,4.1532918306021
248.293878610704,222.637317378338,3.80243601777603
565.046860117702,434.201755265542,3.88370987068481
295.146227554921,136.396844089039,3.74161966754376
528.625125248182,454.36448864129,3.51311611214185
52.1337438315978,422.357537015558,3.83076338289663
209.220950552964,298.114464814425,4.05507050326559
546.675698501664,260.559563679588,3.60430746180406
156.551801111573,16.4346035337601,4.28927885428659
500.045221278016,349.998493813098,4.43428098526738
42.0991283468291,53.7721588749414,3.94951422969036
526.727559812382,162.009942678244,4.83478627379116
NA,NA,NA
662.992604271867,333.638933313127,3.36355646410128
454.604859787818,300.874503700646,3.64065494968867
14.3707197182412,495.032391931519,3.68596707538537
561.30035674762,55.8664154393296,4.2742910925794
73.3447043064188,373.265285053958,4.03594998580861
224.026493607349,415.233755392252,3.93098164865285
428.64317743067,10.7464307911355,3.26438333957986
363.015278903334,293.014790540722,3.09108219030008
604.411500908306,101.837183576185,4.2853695553258
392.545563284889,230.094359295403,4.22132035046957
572.200676207656,410.550915393335,4.70627531832683
144.765132561445,284.594766213025,4.61615179651255
195.05053773135,371.107328308177,4.02371556896976
126.427681294243,410.850901662724,3.39856810949413
624.782663681765,310.912805279324,4.60795359026041
-3.78965383889357,143.989283113561,4.17115321732876
541.055378222956,202.428158953881,4.14368585849221
36.1563934726678,490.720319846761,3.0068874504864
280.679220847235,24.8489765182635,4.06057429662211
531.738926891738,393.485412914253,3.50716110684766
73.9485465565878,77.5656643017167,5.22851150926621
1.27532389818645,73.603145065621,3.43717149788857
588.488463874064,224.301208486191,4.0364043190525
439.823197286164,460.661504845944,4.77205182770993
658.39685587272,374.251151378795,2.9151059177956
109.179248090635,486.455997013624,4.37382744362615
623.404778870409,87.3652455368696,4.07159255085996
418.425620183346,259.700012746501,3.74710472595879
9.37137924775647,180.440578768704,3.25819080644269
78.9996807331982,98.8131319846469,4.34511999384443
604.894777963856,196.749356111102,4.2984025240939
258.971724790332,213.56363128953,3.84580606870743
565.339146271763,433.928593260735,4.05074858074382
302.72747344502,138.268240286133,3.74125615551428
525.01481936949,460.369500578672,3.60895856442257
52.7672205946137,431.495345063141,3.777486854154
204.345080451742,298.512112943532,3.83765340556601
556.90183731226,260.882366744857,3.86987447971591
166.162860084156,29.1974206647237,4.11547314864808
508.577475689503,345.084258523528,4.37815926506476
39.7471456599673,50.2459568356106,3.97238582937421
527.083522824433,162.301277095912,4.64942348291068
NA,NA,NA
662.992604271867,333.638933313127,3.36355646410128
454.604859787818,300.874503700646,3.64065494968867
14.3707197182412,495.032391931519,3.68596707538537
561.30035674762,55.8664154393296,4.2742910925794
73.3447043064188,373.265285053958,4.03594998580861
224.026493607349,415.233755392252,3.93098164865285
428.64317743067,10.7464307911355,3.26438333957986
363.015278903334,293.014790540722,3.09108219030008
604.411500908306,101.837183576185,4.2853695553258
392.545563284889,230.094359295403,4.22132035046957
572.200676207656,410.550915393335,4.70627531832683
144.765132561445,284.594766213025,4.61615179651255
195.05053773135,371.107328308177,4.02371556896976
126.427681294243,410.850901662724,3.39856810949413
624.782663681765,310.912805279324,4.60795359026041
-3.78965383889357,143.989283113561,4.17115321732876
541.055378222956,202.428158953881,4.14368585849221
36.1563934726678,490.720319846761,3.0068874504864
280.679220847235,24.8489765182635,4.06057429662211
531.738926891738,393.485412914253,3.50716110684766
73.9485465565878,77.5656643017167,5.22851150926621
1.27532389818645,73.603145065621,3.43717149788857
588.488463874064,224.301208486191,4.0364043190525
439.823197286164,460.661504845944,4.77205182770993
658.39685587272,374.251151378795,2.9151059177956
109.179248090635,486.455997013624,4.37382744362615
623.404778870409,87.3652455368696,4.07159255085996
418.425620183346,259.700012746501,3.74710472595879
9.37137924775647,180.440578768704,3.25819080644269
78.9996807331982,98.8131319846469,4.34511999384443
604.894777963856,196.749356111102,4.2984025240939
258.971724790332,213.56363128953,3.84580606870743
565.339146271763,433.928593260735,4.05074858074382
302.72747344502,138.268240286133,3.74125615551428
525.01481936949,460.369500578672,3.60895856442257
52.7672205946137,431.495345063141,3.777486854154
204.345080451742,298.512112943532,3.83765340556601
556.90183731226,260.882366744857,3.86987447971591
166.162860084156,29.1974206647237,4.11547314864808
508.577475689503,345.084258523528,4.37815926506476
39.7471456599673,50.2459568356106,3.97238582937421
527.083522824433,162.301277095912,4.64942348291068
NA,NA,NA
662.992604271867,333.638933313127,3.36355646410128
454.604859787818,300.874503700646,3.64065494968867
14.3707197182412,495.032391931519,3.68596707538537
561.30035674762,55.8664154393296,4.2742910925794
73.3447043064188,373.265285053958,4.03594998580861
224.026493607349,415.233755392252,3.93098164865285
428.64317743067,10.7464307911355,3.26438333957986
363.015278903334,293.014790540722,3.09108219030008
604.411500908306,101.837183576185,4.2853695553258
392.545563284889,230.094359295403,4.22132035046957
572.200676207656,410.550915393335,4.70627531832683
144.765132561445,284.594766213025,4.61615179651255
195.05053773135,371.107328308177,4.02371556896976
126.427681294243,410.850901662724,3.39856810949413
624.782663681765,310.912805279324,4.60795359026041
-3.78965383889357,143.989283113561,4.17115321732876
541.055378222956,202.428158953881,4.14368585849221
36.1563934726678,490.720319846761,3.0068874504864
280.679220847235,24.8489765182635,4.06057429662211
531.738926891738,393.485412914253,3.50716110684766
73.9485465565878,77.5656643017167,5.22851150926621
1.27532389818645,73.603145065621,3.43717149788857
588.488463874064,224.301208486191,4.0364043190525
439.823197286164,460.661504845944,4.77205182770993
658.39685587272,374.251151378795,2.9151059177956
109.179248090635,486.455997013624,4.37382744362615
623.404778870409,87.3652455368696,4.07159255085996
418.425620183346,259.700012746501,3.74710472595879
9.37137924775647,180.440578768704,3.25819080644269
78.9996807331982,98.8131319846469,4.34511999384443
604.894777963856,196.749356111102,4.2984025240939
258.971724790332,213.56363128953,3.84580606870743
565.339146271763,433.928593260735,4.05074858074382
302.72747344502,138.268240286133,3.74125615551428
525.01481936949,460.369500578672,3.60895856442257
52.7672205946137,431.495345063141,3.777486854154
204.345080451742,298.512112943532,3.83765340556601
556.90183731226,260.882366744857,3.86987447971591
166.162860084156,29.1974206647237,4.11547314864808
508.577475689503,345.084258523528,4.37815926506476
39.7471456599673,50.2459568356106,3.97238582937421
527.083522824433,162.301277095912,4.64942348291068
NA,NA,NA
662.992604271867,333.638933313127,3.36355646410128
454.604859787818,300.874503700646,3.64065494968867
14.3707197182412,495.032391931519,3.68596707538537
561.30035674762,55.8664154393296,4.2742910925794
73.3447043064188,373.265285053958,4.03594998580861
224.026493607349,415.233755392252,3.93098164865285
428.64317743067,10.7464307911355,3.26438333957986
363.015278903334,293.014790540722,3.09108219030008
604.411500908306,101.837183576185,4.2853695553258
392.545563284889,230.094359295403,4.22132035046957
572.200676207656,410.550915393335,4.70627531832683
144.765132561445,284.594766213025,4.61615179651255
195.05053773135,371.107328308177,4.02371556896976
126.427681294243,410.850901662724,3.39856810949413
624.782663681765,310.912805279324,4.60795359026041
-3.78965383889357,143.989283113561,4.17115321732876
541.055378222956,202.428158953881,4.14368585849221
36.1563934726678,490.720319846761,3.0068874504864
280.679220847235,24.8489765182635,4.06057429662211
531.738926891738,393.485412914253,3.50716110684766
73.9485465565878,77.5656643017167,5.22851150926621
1.27532389818645,73.603145065621,3.43717149788857
588.488463874064,224.301208486191,4.0364043190525
439.823197286164,460.661504845944,4.77205182770993
658.39685587272,374.251151378795,2.9151059177956
109.179248090635,486.455997013624,4.37382744362615
623.404778870409,87.3652455368696,4.07159255085996
418.425620183346,259.700012746501,3.74710472595879
9.37137924775647,180.440578768704,3.25819080644269
78.9996807331982,98.8131319846469,4.34511999384443
604.894777963856,196.749356111102,4.2984025240939
258.971724790332,213.56363128953,3.84580606870743
565.339146271763,433.928593260735,4.05074858074382
302.72747344502,138.268240286133,3.74125615551428
525.01481936949,460.369500578672,3.60895856442257
52.7672205946137,431.495345063141,3.777486854154
204.345080451742,298.512112943532,3.83765340556601
556.90183731226,260.882366744857,3.86987447971591
166.162860084156,29.1974206647237,4.11547314864808
508.577475689503,345.084258523528,4.37815926506476
39.7471456599673,50.2459568356106,3.97238582937421
527.083522824433,162.301277095912,4.64942348291068
NA,NA,NA
662.992604271867,333.638933313127,3.36355646410128
454.604859787818,300.874503700646,3.64065494968867
14.3707197182412,495.032391931519,3.68596707538537
561.30035674762,55.8664154393296,4.2742910925794
73.3447043064188,373.265285053958,4.03594998580861
224.026493607349,415.233755392252,3.93098164865285
428.64317743067,10.7464307911355,3.26438333957986
363.015278903334,293.014790540722,3.09108219030008
604.411500908306,101.837183576185,4.2853695553258
392.545563284889,230.094359295403,4.22132035046957
572.200676207656,410.550915393335,4.70627531832683
144.765132561445,284.594766213025,4.61615179651255
195.05053773135,371.107328308177,4.02371556896976
126.427681294243,410.850901662724,3.39856810949413
624.782663681765,310.912805279324,4.60795359026041
-3.78965383889357,143.989283113561,4.17115321732876
541.055378222956,202.428158953881,4.14368585849221
36.1563934726678,490.720319846761,3.0068874504864
280.679220847235,24.8489765182635,4.06057429662211
531.738926891738,393.485412914253,3.50716110684766
73.9485465565878,77.5656643017167,5.22851150926621
1.27532389818645,73.603145065621,3.43717149788857
588.488463874064,224.301208486191,4.0364043190525
439.823197286164,460.661504845944,4.77205182770993
658.39685587272,374.251151378795,2.9151059177956
109.179248090635,486.455997013624,4.37382744362615
623.404778870409,87.3652455368696,4.07159255085996
418.425620183346,259.700012746501,3.74710472595879
9.37137924775647,180.440578768704,3.25819080644269
78.9996807331982,98.8131319846469,4.34511999384443
604.894777963856,196.749356111102,4.2984025240939
258.971724790332,213.56363128953,3.84580606870743
565.339146271763,433.928593260735,4.05074858074382
302.72747344502,138.268240286133,3.74125615551428
525.01481936949,460.369500578672,3.60895856442257
52.7672205946137,431.495345063141,3.777486854154
204.345080451742,298.512112943532,3.83765340556601
556.90183731226,260.882366744857,3.86987447971591
166.162860084156,29.1974206647237,4.11547314864808
508.577475689503,345.084258523528,4.37815926506476
39.7471456599673,50.2459568356106,3.97238582937421
527.083522824433,162.301277095912,4.64942348291068
NA,NA,NA
662.992604271867,333.638933313127,3.36355646410128
454.604859787818,300.874503700646,3.64065494968867
14.3707197182412,495.032391931519,3.68596707538537
561.30035674762,55.8664154393296,4.2742910925794
73.3447043064188,373.265285053958,4.03594998580861
224.026493607349,415.233755392252,3.93098164865285
428.64317743067,10.7464307911355,3.26438333957986
363.015278903334,293.014790540722,3.09108219030008
604.411500908306,101.837183576185,4.2853695553258
392.545563284889,230.094359295403,4.22132035046957
572.200676207656,410.550915393335,4.70627531832683
144.765132561445,284.594766213025,4.61615179651255
195.05053773135,371.107328308177,4.02371556896976
126.427681294243,410.850901662724,3.39856810949413
624.782663681765,310.912805279324,4.60795359026041
-3.78965383889357,143.989283113561,4.17115321732876
541.055378222956,202.428158953881,4.14368585849221
36.1563934726678,490.720319846761,3.0068874504864
280.679220847235,24.8489765182635,4.06057429662211
531.738926891738,393.485412914253,3.50716110684766
73.9485465565878,77.5656643017167,5.22851150926621
1.27532389818645,73.603145065621,3.43717149788857
588.488463874064,224.301208486191,4.0364043190525
439.823197286164,460.661504845944,4.77205182770993
658.39685587272,374.251151378795,2.9151059177956
109.179248090635,486.455997013624,4.37382744362615
623.404778870409,87.3652455368696,4.07159255085996
418.425620183346,259.700012746501,3.74710472595879
9.37137924775647,180.440578768704,3.25819080644269
78.9996807331982,98.8131319846469,4.34511999384443
604.894777963856,196.749356111102,4.2984025240939
258.971724790332,213.56363128953,3.84580606870743
565.339146271763,433.928593260735,4.05074858074382
302.72747344502,138.268240286133,3.74125615551428
525.01481936949,460.369500578672,3.60895856442257
52.7672205946137,431.495345063141,3.777486854154
204.345080451742,298.512112943532,3.83765340556601
556.90183731226,260.882366744857,3.86987447971591
166.162860084156,29.1974206647237,4.11547314864808
508.577475689503,345.084258523528,4.37815926506476
39.7471456599673,50.2459568356106,3.97238582937421
527.083522824433,162.301277095912,4.64942348291068
NA,NA,NA
660.744317098655,333.462980598551,3.60905440750444
453.322916291318,298.21316154822,3.67790499003775
10.330940389805,493.42202284914,3.74820839182355
559.616759893983,50.8115224600435,4.11159108670137
70.5150444993902,373.969137238834,3.99799548609506
228.426062888681,413.309899412764,3.83319247316252
429.833594280204,11.7632623579151,3.26208861588515
364.47857113342,292.300021613776,3.08326770552526
602.402639931913,110.218222894345,4.09295619040211
392.865842897828,229.690426629002,4.21031225524998
571.286253139013,399.530430851782,4.69890287878316
146.543845417525,283.050306707257,4.52930497163587
198.962958268907,374.695289725725,4.03064415023316
125.848148340162,410.682807947964,3.36413880067337
637.626904569729,312.265879748317,4.62131447735562
-0.0190341709293511,152.540814045247,4.18096703811081
546.253826169567,202.381918219322,4.27861094429934
34.4112697362402,492.851423253683,2.88654423492018
282.208476868024,20.5865603910997,3.83966258267945
531.952383769174,392.321038063344,3.44164336764712
66.5235458800162,79.7361838346423,5.37726320949265
4.31889939676699,75.3236450742699,3.45379336099783
587.848118013652,226.936493442998,4.06291578783232
446.805048913327,460.943269629254,4.81854141660467
657.676928282751,373.551437471854,3.08924634393138
110.164779191166,486.063488624588,4.35321641711656
628.577769833038,88.1510032069039,4.01544863995486
420.919643538548,260.127991827438,3.68952778809247
13.9833160103661,182.382094018566,3.06470653164855
70.576826023851,98.5100226655942,4.30097809248982
606.910849508214,197.747164608956,4.63693385366983
254.329347857823,220.884112534283,3.87799702286124
572.163102506937,433.141764816167,3.70238518360853
301.215143611676,136.468797625432,3.95761381133933
531.491605047435,467.535971707361,3.52520623600209
37.7610823644664,405.167584656536,4.06898344194652
193.872890583677,291.910193853575,3.68787030818996
550.978816596899,266.160685653342,4.0029551558312
161.006354392242,37.0381021952291,4.2838338747525
512.581488540808,338.415833715715,4.37734409777227
36.155240339929,48.4112504532816,3.90263979700614
529.763337001178,146.029539522038,4.81982835978278
NA,NA,NA
660.744317098655,333.462980598551,3.60905440750444
453.322916291318,298.21316154822,3.67790499003775
10.330940389805,493.42202284914,3.74820839182355
559.616759893983,50.8115224600435,4.11159108670137
70.5150444993902,373.969137238834,3.99799548609506
228.426062888681,413.309899412764,3.83319247316252
429.833594280204,11.7632623579151,3.26208861588515
364.47857113342,292.300021613776,3.08326770552526
602.402639931913,110.218222894345,4.09295619040211
392.865842897828,229.690426629002,4.21031225524998
571.286253139013,399.530430851782,4.69890287878316
146.543845417525,283.050306707257,4.52930497163587
198.962958268907,374.695289725725,4.03064415023316
125.848148340162,410.682807947964,3.36413880067337
637.626904569729,312.265879748317,4.62131447735562
-0.0190341709293511,152.540814045247,4.18096703811081
546.253826169567,202.381918219322,4.27861094429934
34.4112697362402,492.851423253683,2.88654423492018
282.208476868024,20.5865603910997,3.83966258267945
531.952383769174,392.321038063344,3.44164336764712
66.5235458800162,79.7361838346423,5.37726320949265
4.31889939676699,75.3236450742699,3.45379336099783
587.848118013652,226.936493442998,4.06291578783232
446.805048913327,460.943269629254,4.81854141660467
657.676928282751,373.551437471854,3.08924634393138
110.164779191166,486.063488624588,4.35321641711656
628.577769833038,88.1510032069039,4.01544863995486
420.919643538548,260.127991827438,3.68952778809247
13.9833160103661,182.382094018566,3.06470653164855
70.576826023851,98.5100226655942,4.30097809248982
606.910849508214,197.747164608956,4.63693385366983
254.329347857823,220.884112534283,3.87799702286124
572.163102506937,433.141764816167,3.70238518360853
301.215143611676,136.468797625432,3.95761381133933
531.491605047435,467.535971707361,3.52520623600209
37.7610823644664,405.167584656536,4.06898344194652
193.872890583677,291.910193853575,3.68787030818996
550.978816596899,266.160685653342,4.0029551558312
161.006354392242,37.0381021952291,4.2838338747525
512.581488540808,338.415833715715,4.37734409777227
36.155240339929,48.4112504532816,3.90263979700614
529.763337001178,146.029539522038,4.81982835978278
NA,NA,NA
660.744317098655,333.462980598551,3.60905440750444
453.322916291318,298.21316154822,3.67790499003775
10.330940389805,493.42202284914,3.74820839182355
559.616759893983,50.8115224600435,4.11159108670137
70.5150444993902,373.969137238834,3.99799548609506
228.426062888681,413.309899412764,3.83319247316252
429.833594280204,11.7632623579151,3.26208861588515
364.47857113342,292.300021613776,3.08326770552526
602.402639931913,110.218222894345,4.09295619040211
392.865842897828,229.690426629002,4.21031225524998
571.286253139013,399.530430851782,4.69890287878316
146.543845417525,283.050306707257,4.52930497163587
198.962958268907,374.695289725725,4.03064415023316
125.848148340162,410.682807947964,3.36413880067337
637.626904569729,312.265879748317,4.62131447735562
-0.0190341709293511,152.540814045247,4.18096703811081
546.253826169567,202.381918219322,4.27861094429934
34.4112697362402,492.851423253683,2.88654423492018
282.208476868024,20.5865603910997,3.83966258267945
531.952383769174,392.321038063344,3.44164336764712
66.5235458800162,79.7361838346423,5.37726320949265
4.31889939676699,75.3236450742699,3.45379336099783
587.848118013652,226.936493442998,4.06291578783232
446.805048913327,460.943269629254,4.81854141660467
657.676928282751,373.551437471854,3.08924634393138
110.164779191166,486.063488624588,4.35321641711656
628.577769833038,88.1510032069039,4.01544863995486
420.919643538548,260.127991827438,3.68952778809247
13.9833160103661,182.382094018566,3.06470653164855
70.576826023851,98.5100226655942,4.30097809248982
606.910849508214,197.747164608956,4.63693385366983
254.329347857823,220.884112534283,3.87799702286124
572.163102506937,433.141764816167,3.70238518360853
301.215143611676,136.468797625432,3.95761381133933
531.491605047435,467.535971707361,3.52520623600209
37.7610823644664,405.167584656536,4.06898344194652
193.872890583677,291.910193853575,3.68787030818996
550.978816596899,266.160685653342,4.0029551558312
161.006354392242,37.0381021952291,4.2838338747525
512.581488540808,338.415833715715,4.37734409777227
36.155240339929,48.4112504532816,3.90263979700614
529.763337001178,146.029539522038,4.81982835978278
NA,NA,NA
660.744317098655,333.462980598551,3.60905440750444
453.322916291318,298.21316154822,3.67790499003775
10.330940389805,493.42202284914,3.74820839182355
559.616759893983,50.8115224600435,4.11159108670137
70.5150444993902,373.969137238834,3.99799548609506
228.426062888681,413.309899412764,3.83319247316252
429.833594280204,11.7632623579151,3.26208861588515
364.47857113342,292.300021613776,3.08326770552526
602.402639931913,110.218222894345,4.09295619040211
392.865842897828,229.690426629002,4.21031225524998
571.286253139013,399.530430851782,4.69890287878316
146.543845417525,283.050306707257,4.52930497163587
198.962958268907,374.695289725725,4.03064415023316
125.848148340162,410.682807947964,3.36413880067337
637.626904569729,312.265879748317,4.62131447735562
-0.0190341709293511,152.540814045247,4.18096703811081
546.253826169567,202.381918219322,4.27861094429934
34.4112697362402,492.851423253683,2.88654423492018
282.208476868024,20.5865603910997,3.83966258267945
531.952383769174,392.321038063344,3.44164336764712
66.5235458800162,79.7361838346423,5.37726320949265
4.31889939676699,75.3236450742699,3.45379336099783
587.848118013652,226.936493442998,4.06291578783232
446.805048913327,460.943269629254,4.81854141660467
657.676928282751,373.551437471854,3.08924634393138
110.164779191166,486.063488624588,4.35321641711656
628.577769833038,88.1510032069039,4.01544863995486
420.919643538548,260.127991827438,3.68952778809247
13.9833160103661,182.382094018566,3.06470653164855
70.576826023851,98.5100226655942,4.30097809248982
606.910849508214,197.747164608956,4.63693385366983
254.329347857823,220.884112534283,3.87799702286124
572.163102506937,433.141764816167,3.70238518360853
301.215143611676,136.468797625432,3.95761381133933
531.491605047435,467.535971707361,3.52520623600209
37.7610823644664,405.167584656536,4.06898344194652
193.872890583677,291.910193853575,3.68787030818996
550.978816596899,266.160685653342,4.0029551558312
161.006354392242,37.0381021952291,4.2838338747525
512.581488540808,338.415833715715,4.37734409777227
36.155240339929,48.4112504532816,3.90263979700614
529.763337001178,146.029539522038,4.81982835978278
NA,NA,NA
660.744317098655,333.462980598551,3.60905440750444
453.322916291318,298.21316154822,3.67790499003775
10.330940389805,493.42202284914,3.74820839182355
559.616759893983,50.8115224600435,4.11159108670137
70.5150444993902,373.969137238834,3.99799548609506
228.426062888681,413.309899412764,3.83319247316252
429.833594280204,11.7632623579151,3.26208861588515
364.47857113342,292.300021613776,3.08326770552526
602.402639931913,110.218222894345,4.09295619040211
392.865842897828,229.690426629002,4.21031225524998
571.286253139013,399.530430851782,4.69890287878316
146.543845417525,283.050306707257,4.52930497163587
198.962958268907,374.695289725725,4.03064415023316
125.848148340162,410.682807947964,3.36413880067337
637.626904569729,312.265879748317,4.62131447735562
-0.0190341709293511,152.540814045247,4.18096703811081
546.253826169567,202.381918219322,4.27861094429934
34.4112697362402,492.851423253683,2.88654423492018
282.208476868024,20.5865603910997,3.83966258267945
531.952383769174,392.321038063344,3.44164336764712
66.5235458800162,79.7361838346423,5.37726320949265
4.31889939676699,75.3236450742699,3.45379336099783
587.848118013652,226.936493442998,4.06291578783232
446.805048913327,460.943269629254,4.81854141660467
657.676928282751,373.551437471854,3.08924634393138
110.164779191166,486.063488624588,4.35321641711656
628.577769833038,88.1510032069039,4.01544863995486
420.919643538548,260.127991827438,3.68952778809247
13.9833160103661,182.382094018566,3.06470653164855
70.576826023851,98.5100226655942,4.30097809248982
606.910849508214,197.747164608956,4.63693385366983
254.329347857823,220.884112534283,3.87799702286124
572.163102506937,433.141764816167,3.70238518360853
301.215143611676,136.468797625432,3.95761381133933
531.491605047435,467.535971707361,3.52520623600209
37.7610823644664,405.167584656536,4.06898344194652
193.872890583677,291.910193853575,3.68787030818996
550.978816596899,266.160685653342,4.0029551558312
161.006354392242,37.0381021952291,4.2838338747525
512.581488540808,338.415833715715,4.37734409777227
36.155240339929,48.4112504532816,3.90263979700614
529.763337001178,146.029539522038,4.81982835978278
NA,NA,NA
660.744317098655,333.462980598551,3.60905440750444
453.322916291318,298.21316154822,3.67790499003775
10.330940389805,493.42202284914,3.74820839182355
559.616759893983,50.8115224600435,4.11159108670137
70.5150444993902,373.969137238834,3.99799548609506
228.426062888681,413.309899412764,3.83319247316252
429.833594280204,11.7632623579151,3.26208861588515
364.47857113342,292.300021613776,3.08326770552526
602.402639931913,110.218222894345,4.09295619040211
392.865842897828,229.690426629002,4.21031225524998
571.286253139013,399.530430851782,4.69890287878316
146.543845417525,283.050306707257,4.52930497163587
198.962958268907,374.695289725725,4.03064415023316
125.848148340162,410.682807947964,3.36413880067337
637.626904569729,312.265879748317,4.62131447735562
-0.0190341709293511,152.540814045247,4.18096703811081
546.253826169567,202.381918219322,4.27861094429934
34.4112697362402,492.851423253683,2.88654423492018
282.208476868024,20.5865603910997,3.83966258267945
531.952383769174,392.321038063344,3.44164336764712
66.5235458800162,79.7361838346423,5.37726320949265
4.31889939676699,75.3236450742699,3.45379336099783
587.848118013652,226.936493442998,4.06291578783232
446.805048913327,460.943269629254,4.81854141660467
657.676928282751,373.551437471854,3.08924634393138
110.164779191166,486.063488624588,4.35321641711656
628.577769833038,88.1510032069039,4.01544863995486
420.919643538548,260.127991827438,3.68952778809247
13.9833160103661,182.382094018566,3.06470653164855
70.576826023851,98.5100226655942,4.30097809248982
606.910849508214,197.747164608956,4.63693385366983
254.329347857823,220.884112534283,3.87799702286124
572.163102506937,433.141764816167,3.70238518360853
301.215143611676,136.468797625432,3.95761381133933
531.491605047435,467.535971707361,3.52520623600209
37.7610823644664,405.167584656536,4.06898344194652
193.872890583677,291.910193853575,3.68787030818996
550.978816596899,266.160685653342,4.0029551558312
161.006354392242,37.0381021952291,4.2838338747525
512.581488540808,338.415833715715,4.37734409777227
36.155240339929,48.4112504532816,3.90263979700614
529.763337001178,146.029539522038,4.81982835978278
NA,NA,NA
661.717953264566,335.793389434948,3.50194676184425
455.241849087597,297.316801130507,3.49485070872347
13.097525686193,492.726317961683,3.60250660244487
561.422750214179,48.2253541340463,4.09110050849803
71.8428202703332,379.29162665602,4.00271044423674
229.172762114174,414.483341632172,3.93863352563699
428.800229017205,12.4224167915419,3.35254095968388
360.98013280094,291.261500205061,3.01501212520669
600.786954429546,104.566801975812,4.27968295342339
390.540967086114,233.558173038835,4.21340804244845
563.011896803566,411.749640875376,4.68407557334836
132.677916306048,283.327748352611,4.54352087223886
200.847207198032,368.74553793966,4.00329086664227
125.283943810489,412.299460895265,3.36973451346948
626.260034489438,318.571634088042,4.53235213375238
0.20483562859452,152.899460810106,4.26299458169446
538.052507172687,202.418727567106,4.09122577280264
36.8457549701917,492.091355386975,2.96473079914934
280.638588494577,21.9959158792257,3.97129440135321
534.917507212678,389.592645319449,3.31328329997057
79.8194444669564,74.0459737936664,5.17474895684803
5.58119826117134,76.8668630921713,3.36405413344512
585.681556887729,223.537296973839,3.96567430079484
437.421505693147,463.2045007996,4.79591320219196
657.707943996622,373.227161038215,2.89764287344238
103.263890940173,489.879956370936,4.2781523801587
625.662090869718,94.0983727289388,4.03089374195339
418.888582783878,258.150650066686,3.78095919676032
11.0626730718893,179.548060229895,3.16133289969751
63.7103609648726,105.655375387281,4.55304393682411
599.215254087234,194.661018739044,4.24738770248019
244.813954430695,221.618780378829,3.72419374648583
570.590566206926,434.236418605868,3.81641652664659
303.035054459035,138.05825669132,3.77308173894101
532.736517831088,456.146491135265,3.72746878625218
43.0257954568724,417.10927371224,4.04369314592662
194.859518573504,296.194074621417,3.6731900202378
551.947413618892,246.113419570932,3.99617346474893
180.41082633693,32.6261897922935,4.29472637653561
497.505888807702,342.800583566275,4.36752813851419
39.7261299800199,56.3074247386373,3.9370494452186
538.646644571166,172.240994221202,4.73511750303187
NA,NA,NA
661.717953264566,335.793389434948,3.50194676184425
455.241849087597,297.316801130507,3.49485070872347
13.097525686193,492.726317961683,3.60250660244487
561.422750214179,48.2253541340463,4.09110050849803
71.8428202703332,379.29162665602,4.00271044423674
229.172762114174,414.483341632172,3.93863352563699
428.800229017205,12.4224167915419,3.35254095968388
360.98013280094,291.261500205061,3.01501212520669
600.786954429546,104.566801975812,4.27968295342339
390.540967086114,233.558173038835,4.21340804244845
563.011896803566,411.749640875376,4.68407557334836
132.677916306048,283.327748352611,4.54352087223886
200.847207198032,368.74553793966,4.00329086664227
125.283943810489,412.299460895265,3.36973451346948
626.260034489438,318.571634088042,4.53235213375238
0.20483562859452,152.899460810106,4.26299458169446
538.052507172687,202.418727567106,4.09122577280264
36.8457549701917,492.091355386975,2.96473079914934
280.638588494577,21.9959158792257,3.97129440135321
534.917507212678,389.592645319449,3.31328329997057
79.8194444669564,74.0459737936664,5.17474895684803
5.58119826117134,76.8668630921713,3.36405413344512
585.681556887729,223.537296973839,3.96567430079484
437.421505693147,463.2045007996,4.79591320219196
657.707943996622,373.227161038215,2.89764287344238
103.263890940173,489.879956370936,4.2781523801587
625.662090869718,94.0983727289388,4.03089374195339
418.888582783878,258.150650066686,3.78095919676032
11.0626730718893,179.548060229895,3.16133289969751
63.7103609648726,105.655375387281,4.55304393682411
599.215254087234,194.661018739044,4.24738770248019
244.813954430695,221.618780378829,3.72419374648583
570.590566206926,434.236418605868,3.81641652664659
303.035054459035,138.05825669132,3.77308173894101
532.736517831088,456.146491135265,3.72746878625218
43.0257954568724,417.10927371224,4.04369314592662
194.859518573504,296.194074621417,3.6731900202378
551.947413618892,246.113419570932,3.99617346474893
180.41082633693,32.6261897922935,4.29472637653561
497.505888807702,342.800583566275,4.36752813851419
39.7261299800199,56.3074247386373,3.9370494452186
538.646644571166,172.240994221202,4.73511750303187
NA,NA,NA
661.717953264566,335.793389434948,3.50194676184425
455.241849087597,297.316801130507,3.49485070872347
13.097525686193,492.726317961683,3.60250660244487
561.422750214179,48.2253541340463,4.09110050849803
71.8428202703332,379.29162665602,4.00271044423674
229.172762114174,414.483341632172,3.93863352563699
428.800229017205,12.4224167915419,3.35254095968388
360.98013280094,291.261500205061,3.01501212520669
600.786954429546,104.566801975812,4.27968295342339
390.540967086114,233.558173038835,4.21340804244845
563.011896803566,411.749640875376,4.68407557334836
132.677916306048,283.327748352611,4.54352087223886
200.847207198032,368.74553793966,4.00329086664227
125.283943810489,412.299460895265,3.36973451346948
626.260034489438,318.571634088042,4.53235213375238
0.20483562859452,152.899460810106,4.26299458169446
538.052507172687,202.418727567106,4.09122577280264
36.8457549701917,492.091355386975,2.96473079914934
280.638588494577,21.9959158792257,3.97129440135321
534.917507212678,389.592645319449,3.31328329997057
79.8194444669564,74.0459737936664,5.17474895684803
5.58119826117134,76.8668630921713,3.36405413344512
585.681556887729,223.537296973839,3.96567430079484
437.421505693147,463.2045007996,4.79591320219196
657.707943996622,373.227161038215,2.89764287344238
103.263890940173,489.879956370936,4.2781523801587
625.662090869718,94.0983727289388,4.03089374195339
418.888582783878,258.150650066686,3.78095919676032
11.0626730718893,179.548060229895,3.16133289969751
63.7103609648726,105.655375387281,4.55304393682411
599.215254087234,194.661018739044,4.24738770248019
244.813954430695,221.618780378829,3.72419374648583
570.590566206926,434.236418605868,3.81641652664659
303.035054459035,138.05825669132,3.77308173894101
532.736517831088,456.146491135265,3.72746878625218
43.0257954568724,417.10927371224,4.04369314592662
194.859518573504,296.194074621417,3.6731900202378
551.947413618892,246.113419570932,3.99617346474893
180.41082633693,32.6261897922935,4.29472637653561
497.505888807702,342.800583566275,4.36752813851419
39.7261299800199,56.3074247386373,3.9370494452186
538.646644571166,172.240994221202,4.73511750303187
NA,NA,NA
661.717953264566,335.793389434948,3.50194676184425
455.241849087597,297.316801130507,3.49485070872347
13.097525686193,492.726317961683,3.60250660244487
561.422750214179,48.2253541340463,4.09110050849803
71.8428202703332,379.29162665602,4.00271044423674
229.172762114174,414.483341632172,3.93863352563699
428.800229017205,12.4224167915419,3.35254095968388
360.98013280094,291.261500205061,3.01501212520669
600.786954429546,104.566801975812,4.27968295342339
390.540967086114,233.558173038835,4.21340804244845
563.011896803566,411.749640875376,4.68407557334836
132.677916306048,283.327748352611,4.54352087223886
200.847207198032,368.74553793966,4.00329086664227
125.283943810489,412.299460895265,3.36973451346948
626.260034489438,318.571634088042,4.53235213375238
0.20483562859452,152.899460810106,4.26299458169446
538.052507172687,202.418727567106,4.09122577280264
36.8457549701917,492.091355386975,2.96473079914934
280.638588494577,21.9959158792257,3.97129440135321
534.917507212678,389.592645319449,3.31328329997057
79.8194444669564,74.0459737936664,5.17474895684803
5.58119826117134,76.8668630921713,3.36405413344512
585.681556887729,223.537296973839,3.96567430079484
437.421505693147,463.2045007996,4.79591320219196
657.707943996622,373.227161038215,2.89764287344238
103.263890940173,489.879956370936,4.2781523801587
625.662090869718,94.0983727289388,4.03089374195339
418.888582783878,258.150650066686,3.78095919676032
11.0626730718893,179.548060229895,3.16133289969751
63.7103609648726,105.655375387281,4.55304393682411
599.215254087234,194.661018739044,4.24738770248019
244.813954430695,221.618780378829,3.72419374648583
570.590566206926,434.236418605868,3.81641652664659
303.035054459035,138.05825669132,3.77308173894101
532.736517831088,456.146491135265,3.72746878625218
43.0257954568724,417.10927371224,4.04369314592662
194.859518573504,296.194074621417,3.6731900202378
551.947413618892,246.113419570932,3.99617346474893
180.41082633693,32.6261897922935,4.29472637653561
497.505888807702,342.800583566275,4.36752813851419
39.7261299800199,56.3074247386373,3.9370494452186
538.646644571166,172.240994221202,4.73511750303187
NA,NA,NA
661.717953264566,335.793389434948,3.50194676184425
455.241849087597,297.316801130507,3.49485070872347
13.097525686193,492.726317961683,3.60250660244487
561.422750214179,48.2253541340463,4.09110050849803
71.8428202703332,379.29162665602,4.00271044423674
229.172762114174,414.483341632172,3.93863352563699
428.800229017205,12.4224167915419,3.35254095968388
360.98013280094,291.261500205061,3.01501212520669
600.786954429546,104.566801975812,4.27968295342339
390.540967086114,233.558173038835,4.21340804244845
563.011896803566,411.749640875376,4.68407557334836
132.677916306048,283.327748352611,4.54352087223886
200.847207198032,368.74553793966,4.00329086664227
125.283943810489,412.299460895265,3.36973451346948
626.260034489438,318.571634088042,4.53235213375238
0.20483562859452,152.899460810106,4.26299458169446
538.052507172687,202.418727567106,4.09122577280264
36.8457549701917,492.091355386975,2.96473079914934
280.638588494577,21.9959158792257,3.97129440135321
534.917507212678,389.592645319449,3.31328329997057
79.8194444669564,74.0459737936664,5.17474895684803
5.58119826117134,76.8668630921713,3.36405413344512
585.681556887729,223.537296973839,3.96567430079484
437.421505693147,463.2045007996,4.79591320219196
657.707943996622,373.227161038215,2.89764287344238
103.263890940173,489.879956370936,4.2781523801587
625.662090869718,94.0983727289388,4.03089374195339
418.888582783878,258.150650066686,3.78095919676032
11.0626730718893,179.548060229895,3.16133289969751
63.7103609648726,105.655375387281,4.55304393682411
599.215254087234,194.661018739044,4.24738770248019
244.813954430695,221.618780378829,3.72419374648583
570.590566206926,434.236418605868,3.81641652664659
303.035054459035,138.05825669132,3.77308173894101
532.736517831088,456.146491135265,3.72746878625218
43.0257954568724,417.10927371224,4.04369314592662
194.859518573504,296.194074621417,3.6731900202378
551.947413618892,246.113419570932,3.99617346474893
180.41082633693,32.6261897922935,4.29472637653561
497.505888807702,342.800583566275,4.36752813851419
39.7261299800199,56.3074247386373,3.9370494452186
538.646644571166,172.240994221202,4.73511750303187
NA,NA,NA
661.717953264566,335.793389434948,3.50194676184425
455.241849087597,297.316801130507,3.49485070872347
13.097525686193,492.726317961683,3.60250660244487
561.422750214179,48.2253541340463,4.09110050849803
71.8428202703332,379.29162665602,4.00271044423674
229.172762114174,414.483341632172,3.93863352563699
428.800229017205,12.4224167915419,3.35254095968388
360.98013280094,291.261500205061,3.01501212520669
600.786954429546,104.566801975812,4.27968295342339
390.540967086114,233.558173038835,4.21340804244845
563.011896803566,411.749640875376,4.68407557334836
132.677916306048,283.327748352611,4.54352087223886
200.847207198032,368.74553793966,4.00329086664227
125.283943810489,412.299460895265,3.36973451346948
626.260034489438,318.571634088042,4.53235213375238
0.20483562859452,152.899460810106,4.26299458169446
538.052507172687,202.418727567106,4.09122577280264
36.8457549701917,492.091355386975,2.96473079914934
280.638588494577,21.9959158792257,3.97129440135321
534.917507212678,389.592645319449,3.31328329997057
79.8194444669564,74.0459737936664,5.17474895684803
5.58119826117134,76.8668630921713,3.36405413344512
585.681556887729,223.537296973839,3.96567430079484
437.421505693147,463.2045007996,4.79591320219196
657.707943996622,373.227161038215,2.89764287344238
103.263890940173,489.879956370936,4.2781523801587
625.662090869718,94.0983727289388,4.03089374195339
418.888582783878,258.150650066686,3.78095919676032
11.0626730718893,179.548060229895,3.16133289969751
63.7103609648726,105.655375387281,4.55304393682411
599.215254087234,194.661018739044,4.24738770248019
244.813954430695,221.618780378829,3.72419374648583
570.590566206926,434.236418605868,3.81641652664659
303.035054459035,138.05825669132,3.77308173894101
532.736517831088,456.146491135265,3.72746878625218
43.0257954568724,417.10927371224,4.04369314592662
194.859518573504,296.194074621417,3.6731900202378
551.947413618892,246.113419570932,3.99617346474893
180.41082633693,32.6261897922935,4.29472637653561
497.505888807702,342.800583566275,4.36752813851419
39.7261299800199,56.3074247386373,3.9370494452186
538.646644571166,172.240994221202,4.73511750303187
NA,NA,NA
661.008983357881,332.509626087673,3.36021165295383
457.661806656599,298.44895381574,3.88729757940296
8.26798148437059,495.080339136296,3.68228251760292
565.745361576763,56.8163496734276,4.22104963371143
70.0793597298754,375.605445790144,4.02358289015241
229.029907786581,418.194518788409,3.81098578475352
428.935148011338,13.1405911199139,3.15589348395394
364.970348551634,292.919889977559,2.9640093820429
603.984244940889,110.864510432626,4.11030896451051
393.154891337604,224.056368032634,4.18274134625823
574.829506718422,414.324164317522,4.7809822660677
140.422645278231,278.281833210656,4.51858489027562
190.880544525739,368.179324543566,3.91430512056648
122.984747440072,410.720511442975,3.37515457477536
626.76395267564,313.552448236868,4.60751192734996
2.96628539552464,148.43724700197,4.22291581428959
542.898380151745,204.06756117399,4.20220889922385
35.5724812265528,491.694456164987,3.08718073893077
280.962270976137,23.8787680365583,3.73409798450481
533.306609827579,392.438055056921,3.40479159482457
65.2738945013498,82.1179147168456,5.11140402248625
6.38492647881572,76.9963636321724,3.52000916542893
591.123550277069,225.495151884327,4.04267024608616
439.580225429159,450.072765589698,4.71963515991076
657.558509846774,374.220149551256,3.09392009846485
103.458593133868,484.216680935745,4.39639911641252
624.299843847006,86.5005898922856,4.11297062956747
421.249481810791,259.768689427971,3.5917747606467
12.5605413825499,179.384396952226,3.23416333737479
76.8395133199561,126.381930836865,4.256171820709
620.121405502325,206.467812632223,4.44090386083881
246.519517731422,226.996538080903,3.68600980692998
573.276382579171,425.931809641021,3.80523697161441
300.902860172837,141.046321629749,3.94196995832038
535.24251068688,458.909749209243,3.59277858164135
48.7276996705142,410.518650920867,3.62926497565448
202.936163232775,292.725143462406,4.31518013935456
552.35627546414,256.476799221525,3.63933210881047
173.998741731853,18.730435664172,3.93042517297609
499.162432990091,337.050677127232,4.51217878277835
46.9940983821172,57.5263026290273,4.32214514799518
523.739784986497,134.889231088488,4.87461779159003
NA,NA,NA
661.008983357881,332.509626087673,3.36021165295383
457.661806656599,298.44895381574,3.88729757940296
8.26798148437059,495.080339136296,3.68228251760292
565.745361576763,56.8163496734276,4.22104963371143
70.0793597298754,375.605445790144,4.02358289015241
229.029907786581,418.194518788409,3.81098578475352
428.935148011338,13.1405911199139,3.15589348395394
364.970348551634,292.919889977559,2.9640093820429
603.984244940889,110.864510432626,4.11030896451051
393.154891337604,224.056368032634,4.18274134625823
574.829506718422,414.324164317522,4.7809822660677
140.422645278231,278.281833210656,4.51858489027562
190.880544525739,368.179324543566,3.91430512056648
122.984747440072,410.720511442975,3.37515457477536
626.76395267564,313.552448236868,4.60751192734996
2.96628539552464,148.43724700197,4.22291581428959
542.898380151745,204.06756117399,4.20220889922385
35.5724812265528,491.694456164987,3.08718073893077
280.962270976137,23.8787680365583,3.73409798450481
533.306609827579,392.438055056921,3.40479159482457
65.2738945013498,82.1179147168456,5.11140402248625
6.38492647881572,76.9963636321724,3.52000916542893
591.123550277069,225.495151884327,4.04267024608616
439.580225429159,450.072765589698,4.71963515991076
657.558509846774,374.220149551256,3.09392009846485
103.458593133868,484.216680935745,4.39639911641252
624.299843847006,86.5005898922856,4.11297062956747
421.249481810791,259.768689427971,3.5917747606467
12.5605413825499,179.384396952226,3.23416333737479
76.8395133199561,126.381930836865,4.256171820709
620.121405502325,206.467812632223,4.44090386083881
246.519517731422,226.996538080903,3.68600980692998
573.276382579171,425.931809641021,3.80523697161441
300.902860172837,141.046321629749,3.94196995832038
535.24251068688,458.909749209243,3.59277858164135
48.7276996705142,410.518650920867,3.62926497565448
202.936163232775,292.725143462406,4.31518013935456
552.35627546414,256.476799221525,3.63933210881047
173.998741731853,18.730435664172,3.93042517297609
499.162432990091,337.050677127232,4.51217878277835
46.9940983821172,57.5263026290273,4.32214514799518
523.739784986497,134.889231088488,4.87461779159003
NA,NA,NA
661.008983357881,332.509626087673,3.36021165295383
457.661806656599,298.44895381574,3.88729757940296
8.26798148437059,495.080339136296,3.68228251760292
565.745361576763,56.8163496734276,4.22104963371143
70.0793597298754,375.605445790144,4.02358289015241
229.029907786581,418.194518788409,3.81098578475352
428.935148011338,13.1405911199139,3.15589348395394
364.970348551634,292.919889977559,2.9640093820429
603.984244940889,110.864510432626,4.11030896451051
393.154891337604,224.056368032634,4.18274134625823
574.829506718422,414.324164317522,4.7809822660677
140.422645278231,278.281833210656,4.51858489027562
190.880544525739,368.179324543566,3.91430512056648
122.984747440072,410.720511442975,3.37515457477536
626.76395267564,313.552448236868,4.60751192734996
2.96628539552464,148.43724700197,4.22291581428959
542.898380151745,204.06756117399,4.20220889922385
35.5724812265528,491.694456164987,3.08718073893077
280.962270976137,23.8787680365583,3.73409798450481
533.306609827579,392.438055056921,3.40479159482457
65.2738945013498,82.1179147168456,5.11140402248625
6.38492647881572,76.9963636321724,3.52000916542893
591.123550277069,225.495151884327,4.04267024608616
439.580225429159,450.072765589698,4.71963515991076
657.558509846774,374.220149551256,3.09392009846485
103.458593133868,484.216680935745,4.39639911641252
624.299843847006,86.5005898922856,4.11297062956747
421.249481810791,259.768689427971,3.5917747606467
12.5605413825499,179.384396952226,3.23416333737479
76.8395133199561,126.381930836865,4.256171820709
620.121405502325,206.467812632223,4.44090386083881
246.519517731422,226.996538080903,3.68600980692998
573.276382579171,425.931809641021,3.80523697161441
300.902860172837,141.046321629749,3.94196995832038
535.24251068688,458.909749209243,3.59277858164135
48.7276996705142,410.518650920867,3.62926497565448
202.936163232775,292.725143462406,4.31518013935456
552.35627546414,256.476799221525,3.63933210881047
173.998741731853,18.730435664172,3.93042517297609
499.162432990091,337.050677127232,4.51217878277835
46.9940983821172,57.5263026290273,4.32214514799518
523.739784986497,134.889231088488,4.87461779159003
NA,NA,NA
661.008983357881,332.509626087673,3.36021165295383
457.661806656599,298.44895381574,3.88729757940296
8.26798148437059,495.080339136296,3.68228251760292
565.745361576763,56.8163496734276,4.22104963371143
70.0793597298754,375.605445790144,4.02358289015241
229.029907786581,418.194518788409,3.81098578475352
428.935148011338,13.1405911199139,3.15589348395394
364.970348551634,292.919889977559,2.9640093820429
603.984244940889,110.864510432626,4.11030896451051
393.154891337604,224.056368032634,4.18274134625823
574.829506718422,414.324164317522,4.7809822660677
140.422645278231,278.281833210656,4.51858489027562
190.880544525739,368.179324543566,3.91430512056648
122.984747440072,410.720511442975,3.37515457477536
626.76395267564,313.552448236868,4.60751192734996
2.96628539552464,148.43724700197,4.22291581428959
542.898380151745,204.06756117399,4.20220889922385
35.5724812265528,491.694456164987,3.08718073893077
280.962270976137,23.8787680365583,3.73409798450481
533.306609827579,392.438055056921,3.40479159482457
65.2738945013498,82.1179147168456,5.11140402248625
6.38492647881572,76.9963636321724,3.52000916542893
591.123550277069,225.495151884327,4.04267024608616
439.580225429159,450.072765589698,4.71963515991076
657.558509846774,374.220149551256,3.09392009846485
103.458593133868,484.216680935745,4.39639911641252
624.299843847006,86.5005898922856,4.11297062956747
421.249481810791,259.768689427971,3.5917747606467
12.5605413825499,179.384396952226,3.23416333737479
76.8395133199561,126.381930836865,4.256171820709
620.121405502325,206.467812632223,4.44090386083881
246.519517731422,226.996538080903,3.68600980692998
573.276382579171,425.931809641021,3.80523697161441
300.902860172837,141.046321629749,3.94196995832038
535.24251068688,458.909749209243,3.59277858164135
48.7276996705142,410.518650920867,3.62926497565448
202.936163232775,292.725143462406,4.31518013935456
552.35627546414,256.476799221525,3.63933210881047
173.998741731853,18.730435664172,3.93042517297609
499.162432990091,337.050677127232,4.51217878277835
46.9940983821172,57.5263026290273,4.32214514799518
523.739784986497,134.889231088488,4.87461779159003
NA,NA,NA
661.008983357881,332.509626087673,3.36021165295383
457.661806656599,298.44895381574,3.88729757940296
8.26798148437059,495.080339136296,3.68228251760292
565.745361576763,56.8163496734276,4.22104963371143
70.0793597298754,375.605445790144,4.02358289015241
229.029907786581,418.194518788409,3.81098578475352
428.935148011338,13.1405911199139,3.15589348395394
364.970348551634,292.919889977559,2.9640093820429
603.984244940889,110.864510432626,4.11030896451051
393.154891337604,224.056368032634,4.18274134625823
574.829506718422,414.324164317522,4.7809822660677
140.422645278231,278.281833210656,4.51858489027562
190.880544525739,368.179324543566,3.91430512056648
122.984747440072,410.720511442975,3.37515457477536
626.76395267564,313.552448236868,4.60751192734996
2.96628539552464,148.43724700197,4.22291581428959
542.898380151745,204.06756117399,4.20220889922385
35.5724812265528,491.694456164987,3.08718073893077
280.962270976137,23.8787680365583,3.73409798450481
533.306609827579,392.438055056921,3.40479159482457
65.2738945013498,82.1179147168456,5.11140402248625
6.38492647881572,76.9963636321724,3.52000916542893
591.123550277069,225.495151884327,4.04267024608616
439.580225429159,450.072765589698,4.71963515991076
657.558509846774,374.220149551256,3.09392009846485
103.458593133868,484.216680935745,4.39639911641252
624.299843847006,86.5005898922856,4.11297062956747
421.249481810791,259.768689427971,3.5917747606467
12.5605413825499,179.384396952226,3.23416333737479
76.8395133199561,126.381930836865,4.256171820709
620.121405502325,206.467812632223,4.44090386083881
246.519517731422,226.996538080903,3.68600980692998
573.276382579171,425.931809641021,3.80523697161441
300.902860172837,141.046321629749,3.94196995832038
535.24251068688,458.909749209243,3.59277858164135
48.7276996705142,410.518650920867,3.62926497565448
202.936163232775,292.725143462406,4.31518013935456
552.35627546414,256.476799221525,3.63933210881047
173.998741731853,18.730435664172,3.93042517297609
499.162432990091,337.050677127232,4.51217878277835
46.9940983821172,57.5263026290273,4.32214514799518
523.739784986497,134.889231088488,4.87461779159003
NA,NA,NA
661.008983357881,332.509626087673,3.36021165295383
457.661806656599,298.44895381574,3.88729757940296
8.26798148437059,495.080339136296,3.68228251760292
565.745361576763,56.8163496734276,4.22104963371143
70.0793597298754,375.605445790144,4.02358289015241
229.029907786581,418.194518788409,3.81098578475352
428.935148011338,13.1405911199139,3.15589348395394
364.970348551634,292.919889977559,2.9640093820429
603.984244940889,110.864510432626,4.11030896451051
393.154891337604,224.056368032634,4.18274134625823
574.829506718422,414.324164317522,4.7809822660677
140.422645278231,278.281833210656,4.51858489027562
190.880544525739,368.179324543566,3.91430512056648
122.984747440072,410.720511442975,3.37515457477536
626.76395267564,313.552448236868,4.60751192734996
2.96628539552464,148.43724700197,4.22291581428959
542.898380151745,204.06756117399,4.20220889922385
35.5724812265528,491.694456164987,3.08718073893077
280.962270976137,23.8787680365583,3.73409798450481
533.306609827579,392.438055056921,3.40479159482457
65.2738945013498,82.1179147168456,5.11140402248625
6.38492647881572,76.9963636321724,3.52000916542893
591.123550277069,225.495151884327,4.04267024608616
439.580225429159,450.072765589698,4.71963515991076
657.558509846774,374.220149551256,3.09392009846485
103.458593133868,484.216680935745,4.39639911641252
624.299843847006,86.5005898922856,4.11297062956747
421.249481810791,259.768689427971,3.5917747606467
12.5605413825499,179.384396952226,3.23416333737479
76.8395133199561,126.381930836865,4.256171820709
620.121405502325,206.467812632223,4.44090386083881
246.519517731422,226.996538080903,3.68600980692998
573.276382579171,425.931809641021,3.80523697161441
300.902860172837,141.046321629749,3.94196995832038
535.24251068688,458.909749209243,3.59277858164135
48.7276996705142,410.518650920867,3.62926497565448
202.936163232775,292.725143462406,4.31518013935456
552.35627546414,256.476799221525,3.63933210881047
173.998741731853,18.730435664172,3.93042517297609
499.162432990091,337.050677127232,4.51217878277835
46.9940983821172,57.5263026290273,4.32214514799518
523.739784986497,134.889231088488,4.87461779159003
NA,NA,NA
660.518065062504,332.242138707537,3.46141067883402
456.17341600452,296.343712886291,3.79969888095654
9.67150442026685,495.947064065257,3.64079504667421
561.419900217157,52.7895231004986,4.13534039731854
74.5590805975333,379.455150790487,3.96631202425407
226.841559654123,417.524778853833,3.89373386917647
427.457877620678,13.8958129887508,3.31257065656863
359.011307078484,295.357800701004,3.05309896848733
607.429854367012,104.187061108114,4.11070799757774
391.765584550242,229.448424660493,4.19369059311418
571.689996949018,419.673776568739,4.73878037421986
141.061438405415,282.048699226411,4.66847151624207
196.93658464911,371.284416823477,4.13349705734414
124.310005448233,410.541475191118,3.40435021836854
630.949924402508,313.56085927859,4.64265111255285
4.71661557061675,136.792651735651,4.25214635705633
540.951077178191,204.663464341011,4.19984656652411
35.3392059482777,491.29886117984,2.95082250224669
282.170006188979,26.9009627879271,3.79175005636087
533.456658921092,390.292863448996,3.42705085120944
73.1703285315943,80.4906531954502,5.24797753345793
3.27564600674804,76.0678678850595,3.52006896859816
584.864374726539,224.858215353809,4.05809600706683
440.809652090999,458.455907372184,4.82582794012372
658.803744824774,372.467575611362,2.7571817835708
105.578864888974,487.861732074118,4.29260181908581
618.750122498453,90.6515884870678,4.07520491982739
423.262854279966,259.230482731442,3.71179419026853
9.78441747448396,184.679181549705,3.21648737891398
60.1549262754835,117.138297651198,4.22324524562874
608.031553913591,211.20701913952,4.29381043162621
245.660759727528,213.14275202922,3.78713575011831
572.85556364729,439.182155977992,4.2123159367055
302.462620692949,141.294675001579,3.83972963368107
536.534754626808,451.614241560056,3.7241232840703
44.8665977126862,423.165337448538,3.69848933230414
206.485983248448,283.119513701211,4.40597471752507
551.128865179393,260.956956501334,3.7688860663639
173.760327779548,41.5958113478914,4.13990334533912
489.062142915984,344.046949376778,4.38120747228585
37.2505457648787,41.2944419646357,3.76519308055051
533.851797432755,121.803848970455,4.4348566703135
NA,NA,NA
660.518065062504,332.242138707537,3.46141067883402
456.17341600452,296.343712886291,3.79969888095654
9.67150442026685,495.947064065257,3.64079504667421
561.419900217157,52.7895231004986,4.13534039731854
74.5590805975333,379.455150790487,3.96631202425407
226.841559654123,417.524778853833,3.89373386917647
427.457877620678,13.8958129887508,3.31257065656863
359.011307078484,295.357800701004,3.05309896848733
607.429854367012,104.187061108114,4.11070799757774
391.765584550242,229.448424660493,4.19369059311418
571.689996949018,419.673776568739,4.73878037421986
141.061438405415,282.048699226411,4.66847151624207
196.93658464911,371.284416823477,4.13349705734414
124.310005448233,410.541475191118,3.40435021836854
630.949924402508,313.56085927859,4.64265111255285
4.71661557061675,136.792651735651,4.25214635705633
540.951077178191,204.663464341011,4.19984656652411
35.3392059482777,491.29886117984,2.95082250224669
282.170006188979,26.9009627879271,3.79175005636087
533.456658921092,390.292863448996,3.42705085120944
73.1703285315943,80.4906531954502,5.24797753345793
3.27564600674804,76.0678678850595,3.52006896859816
584.864374726539,224.858215353809,4.05809600706683
440.809652090999,458.455907372184,4.82582794012372
658.803744824774,372.467575611362,2.7571817835708
105.578864888974,487.861732074118,4.29260181908581
618.750122498453,90.6515884870678,4.07520491982739
423.262854279966,259.230482731442,3.71179419026853
9.78441747448396,184.679181549705,3.21648737891398
60.1549262754835,117.138297651198,4.22324524562874
608.031553913591,211.20701913952,4.29381043162621
245.660759727528,213.14275202922,3.78713575011831
572.85556364729,439.182155977992,4.2123159367055
302.462620692949,141.294675001579,3.83972963368107
536.534754626808,451.614241560056,3.7241232840703
44.8665977126862,423.165337448538,3.69848933230414
206.485983248448,283.119513701211,4.40597471752507
551.128865179393,260.956956501334,3.7688860663639
173.760327779548,41.5958113478914,4.13990334533912
489.062142915984,344.046949376778,4.38120747228585
37.2505457648787,41.2944419646357,3.76519308055051
533.851797432755,121.803848970455,4.4348566703135
NA,NA,NA
660.518065062504,332.242138707537,3.46141067883402
456.17341600452,296.343712886291,3.79969888095654
9.67150442026685,495.947064065257,3.64079504667421
561.419900217157,52.7895231004986,4.13534039731854
74.5590805975333,379.455150790487,3.96631202425407
226.841559654123,417.524778853833,3.89373386917647
427.457877620678,13.8958129887508,3.31257065656863
359.011307078484,295.357800701004,3.05309896848733
607.429854367012,104.187061108114,4.11070799757774
391.765584550242,229.448424660493,4.19369059311418
571.689996949018,419.673776568739,4.73878037421986
141.061438405415,282.048699226411,4.66847151624207
196.93658464911,371.284416823477,4.13349705734414
124.310005448233,410.541475191118,3.40435021836854
630.949924402508,313.56085927859,4.64265111255285
4.71661557061675,136.792651735651,4.25214635705633
540.951077178191,204.663464341011,4.19984656652411
35.3392059482777,491.29886117984,2.95082250224669
282.170006188979,26.9009627879271,3.79175005636087
533.456658921092,390.292863448996,3.42705085120944
73.1703285315943,80.4906531954502,5.24797753345793
3.27564600674804,76.0678678850595,3.52006896859816
584.864374726539,224.858215353809,4.05809600706683
440.809652090999,458.455907372184,4.82582794012372
658.803744824774,372.467575611362,2.7571817835708
105.578864888974,487.861732074118,4.29260181908581
618.750122498453,90.6515884870678,4.07520491982739
423.262854279966,259.230482731442,3.71179419026853
9.78441747448396,184.679181549705,3.21648737891398
60.1549262754835,117.138297651198,4.22324524562874
608.031553913591,211.20701913952,4.29381043162621
245.660759727528,213.14275202922,3.78713575011831
572.85556364729,439.182155977992,4.2123159367055
302.462620692949,141.294675001579,3.83972963368107
536.534754626808,451.614241560056,3.7241232840703
44.8665977126862,423.165337448538,3.69848933230414
206.485983248448,283.119513701211,4.40597471752507
551.128865179393,260.956956501334,3.7688860663639
173.760327779548,41.5958113478914,4.13990334533912
489.062142915984,344.046949376778,4.38120747228585
37.2505457648787,41.2944419646357,3.76519308055051
533.851797432755,121.803848970455,4.4348566703135
NA,NA,NA
660.518065062504,332.242138707537,3.46141067883402
456.17341600452,296.343712886291,3.79969888095654
9.67150442026685,495.947064065257,3.64079504667421
561.419900217157,52.7895231004986,4.13534039731854
74.5590805975333,379.455150790487,3.96631202425407
226.841559654123,417.524778853833,3.89373386917647
427.457877620678,13.8958129887508,3.31257065656863
359.011307078484,295.357800701004,3.05309896848733
607.429854367012,104.187061108114,4.11070799757774
391.765584550242,229.448424660493,4.19369059311418
571.689996949018,419.673776568739,4.73878037421986
141.061438405415,282.048699226411,4.66847151624207
196.93658464911,371.284416823477,4.13349705734414
124.310005448233,410.541475191118,3.40435021836854
630.949924402508,313.56085927859,4.64265111255285
4.71661557061675,136.792651735651,4.25214635705633
540.951077178191,204.663464341011,4.19984656652411
35.3392059482777,491.29886117984,2.95082250224669
282.170006188979,26.9009627879271,3.79175005636087
533.456658921092,390.292863448996,3.42705085120944
73.1703285315943,80.4906531954502,5.24797753345793
3.27564600674804,76.0678678850595,3.52006896859816
584.864374726539,224.858215353809,4.05809600706683
440.809652090999,458.455907372184,4.82582794012372
658.803744824774,372.467575611362,2.7571817835708
105.578864888974,487.861732074118,4.29260181908581
618.750122498453,90.6515884870678,4.07520491982739
423.262854279966,259.230482731442,3.71179419026853
9.78441747448396,184.679181549705,3.21648737891398
60.1549262754835,117.138297651198,4.22324524562874
608.031553913591,211.20701913952,4.29381043162621
245.660759727528,213.14275202922,3.78713575011831
572.85556364729,439.182155977992,4.2123159367055
302.462620692949,141.294675001579,3.83972963368107
536.534754626808,451.614241560056,3.7241232840703
44.8665977126862,423.165337448538,3.69848933230414
206.485983248448,283.119513701211,4.40597471752507
551.128865179393,260.956956501334,3.7688860663639
173.760327779548,41.5958113478914,4.13990334533912
489.062142915984,344.046949376778,4.38120747228585
37.2505457648787,41.2944419646357,3.76519308055051
533.851797432755,121.803848970455,4.4348566703135
NA,NA,NA
660.518065062504,332.242138707537,3.46141067883402
456.17341600452,296.343712886291,3.79969888095654
9.67150442026685,495.947064065257,3.64079504667421
561.419900217157,52.7895231004986,4.13534039731854
74.5590805975333,379.455150790487,3.96631202425407
226.841559654123,417.524778853833,3.89373386917647
427.457877620678,13.8958129887508,3.31257065656863
359.011307078484,295.357800701004,3.05309896848733
607.429854367012,104.187061108114,4.11070799757774
391.765584550242,229.448424660493,4.19369059311418
571.689996949018,419.673776568739,4.73878037421986
141.061438405415,282.048699226411,4.66847151624207
196.93658464911,371.284416823477,4.13349705734414
124.310005448233,410.541475191118,3.40435021836854
630.949924402508,313.56085927859,4.64265111255285
4.71661557061675,136.792651735651,4.25214635705633
540.951077178191,204.663464341011,4.19984656652411
35.3392059482777,491.29886117984,2.95082250224669
282.170006188979,26.9009627879271,3.79175005636087
533.456658921092,390.292863448996,3.42705085120944
73.1703285315943,80.4906531954502,5.24797753345793
3.27564600674804,76.0678678850595,3.52006896859816
584.864374726539,224.858215353809,4.05809600706683
440.809652090999,458.455907372184,4.82582794012372
658.803744824774,372.467575611362,2.7571817835708
105.578864888974,487.861732074118,4.29260181908581
618.750122498453,90.6515884870678,4.07520491982739
423.262854279966,259.230482731442,3.71179419026853
9.78441747448396,184.679181549705,3.21648737891398
60.1549262754835,117.138297651198,4.22324524562874
608.031553913591,211.20701913952,4.29381043162621
245.660759727528,213.14275202922,3.78713575011831
572.85556364729,439.182155977992,4.2123159367055
302.462620692949,141.294675001579,3.83972963368107
536.534754626808,451.614241560056,3.7241232840703
44.8665977126862,423.165337448538,3.69848933230414
206.485983248448,283.119513701211,4.40597471752507
551.128865179393,260.956956501334,3.7688860663639
173.760327779548,41.5958113478914,4.13990334533912
489.062142915984,344.046949376778,4.38120747228585
37.2505457648787,41.2944419646357,3.76519308055051
533.851797432755,121.803848970455,4.4348566703135
NA,NA,NA
660.518065062504,332.242138707537,3.46141067883402
456.17341600452,296.343712886291,3.79969888095654
9.67150442026685,495.947064065257,3.64079504667421
561.419900217157,52.7895231004986,4.13534039731854
74.5590805975333,379.455150790487,3.96631202425407
226.841559654123,417.524778853833,3.89373386917647
427.457877620678,13.8958129887508,3.31257065656863
359.011307078484,295.357800701004,3.05309896848733
607.429854367012,104.187061108114,4.11070799757774
391.765584550242,229.448424660493,4.19369059311418
571.689996949018,419.673776568739,4.73878037421986
141.061438405415,282.048699226411,4.66847151624207
196.93658464911,371.284416823477,4.13349705734414
124.310005448233,410.541475191118,3.40435021836854
630.949924402508,313.56085927859,4.64265111255285
4.71661557061675,136.792651735651,4.25214635705633
540.951077178191,204.663464341011,4.19984656652411
35.3392059482777,491.29886117984,2.95082250224669
282.170006188979,26.9009627879271,3.79175005636087
533.456658921092,390.292863448996,3.42705085120944
73.1703285315943,80.4906531954502,5.24797753345793
3.27564600674804,76.0678678850595,3.52006896859816
584.864374726539,224.858215353809,4.05809600706683
440.809652090999,458.455907372184,4.82582794012372
658.803744824774,372.467575611362,2.7571817835708
105.578864888974,487.861732074118,4.29260181908581
618.750122498453,90.6515884870678,4.07520491982739
423.262854279966,259.230482731442,3.71179419026853
9.78441747448396,184.679181549705,3.21648737891398
60.1549262754835,117.138297651198,4.22324524562874
608.031553913591,211.20701913952,4.29381043162621
245.660759727528,213.14275202922,3.78713575011831
572.85556364729,439.182155977992,4.2123159367055
302.462620692949,141.294675001579,3.83972963368107
536.534754626808,451.614241560056,3.7241232840703
44.8665977126862,423.165337448538,3.69848933230414
206.485983248448,283.119513701211,4.40597471752507
551.128865179393,260.956956501334,3.7688860663639
173.760327779548,41.5958113478914,4.13990334533912
489.062142915984,344.046949376778,4.38120747228585
37.2505457648787,41.2944419646357,3.76519308055051
533.851797432755,121.803848970455,4.4348566703135
NA,NA,NA
659.060071536762,332.504404597219,3.43868672699658
454.423847695026,295.364789698404,3.72730435839244
11.1567348322704,496.120165145048,3.62450866143087
556.732516530901,52.2965322030099,4.14986268072865
71.4784113096854,372.695581341955,4.02855438588718
229.315880223456,411.131685733625,3.82185758793503
427.805261147748,11.8145254190419,3.34055632321484
360.433769181655,293.328222222113,3.15933637851018
604.829704894654,109.468275530233,4.29846064713786
392.766698590487,233.684957233042,4.24843475921403
567.78059040589,411.751143354422,4.75186493668503
140.081038825484,282.206108768847,4.5783714907891
199.791621876739,368.113996620236,3.92121115588546
122.861188009672,410.058313809956,3.3415175811578
634.625960817692,311.484900735289,4.58404374289484
1.83201404328288,144.900372817097,4.24972775704759
541.76001364345,202.93566074274,4.16378601549742
35.0425842067059,492.345641762364,3.06699596468694
279.271008152404,22.6806067407924,3.9296797651637
536.259458791579,391.77489607451,3.29954218343547
74.47626445542,78.4508168931223,5.24101911602192
5.4030769221715,78.552529618689,3.35537702177982
588.408195765281,221.982294061241,3.97494303576654
435.327136792782,458.65763277221,4.71850804366029
658.134817202057,375.660636800268,3.2569524111995
106.045677003375,483.560954851992,4.42899322520669
623.107626888009,93.3302203569536,4.09440648782742
420.282330072465,258.727271350104,3.66323729739811
11.9142775107356,183.533973340343,3.29806152187967
63.4810768087694,113.505619078606,4.41010345736759
617.528712077632,188.683986006663,4.46221353767478
253.646065546351,218.838380203725,3.73500424504283
574.35058862866,444.166582880919,3.99311834615723
300.500859341959,141.158805255068,3.82451588269395
521.776761271242,460.601668899232,3.43446480347911
42.5856821229812,421.053764310121,3.70040288113165
191.345255650824,295.992001740537,4.50774390359646
556.494619127345,254.98033280955,3.78642538001231
178.568465855875,32.0632611652933,4.30099518741425
508.115702506368,358.036958120563,4.35966294785706
42.9389852152886,54.36701336017,3.84520306068749
539.946671524049,155.372414001902,4.33800468888987
NA,NA,NA
659.060071536762,332.504404597219,3.43868672699658
454.423847695026,295.364789698404,3.72730435839244
11.1567348322704,496.120165145048,3.62450866143087
556.732516530901,52.2965322030099,4.14986268072865
71.4784113096854,372.695581341955,4.02855438588718
229.315880223456,411.131685733625,3.82185758793503
427.805261147748,11.8145254190419,3.34055632321484
360.433769181655,293.328222222113,3.15933637851018
604.829704894654,109.468275530233,4.29846064713786
392.766698590487,233.684957233042,4.24843475921403
567.78059040589,411.751143354422,4.75186493668503
140.081038825484,282.206108768847,4.5783714907891
199.791621876739,368.113996620236,3.92121115588546
122.861188009672,410.058313809956,3.3415175811578
634.625960817692,311.484900735289,4.58404374289484
1.83201404328288,144.900372817097,4.24972775704759
541.76001364345,202.93566074274,4.16378601549742
35.0425842067059,492.345641762364,3.06699596468694
279.271008152404,22.6806067407924,3.9296797651637
536.259458791579,391.77489607451,3.29954218343547
74.47626445542,78.4508168931223,5.24101911602192
5.4030769221715,78.552529618689,3.35537702177982
588.408195765281,221.982294061241,3.97494303576654
435.327136792782,458.65763277221,4.71850804366029
658.134817202057,375.660636800268,3.2569524111995
106.045677003375,483.560954851992,4.42899322520669
623.107626888009,93.3302203569536,4.09440648782742
420.282330072465,258.727271350104,3.66323729739811
11.9142775107356,183.533973340343,3.29806152187967
63.4810768087694,113.505619078606,4.41010345736759
617.528712077632,188.683986006663,4.46221353767478
253.646065546351,218.838380203725,3.73500424504283
574.35058862866,444.166582880919,3.99311834615723
300.500859341959,141.158805255068,3.82451588269395
521.776761271242,460.601668899232,3.43446480347911
42.5856821229812,421.053764310121,3.70040288113165
191.345255650824,295.992001740537,4.50774390359646
556.494619127345,254.98033280955,3.78642538001231
178.568465855875,32.0632611652933,4.30099518741425
508.115702506368,358.036958120563,4.35966294785706
42.9389852152886,54.36701336017,3.84520306068749
539.946671524049,155.372414001902,4.33800468888987
NA,NA,NA
659.060071536762,332.504404597219,3.43868672699658
454.423847695026,295.364789698404,3.72730435839244
11.1567348322704,496.120165145048,3.62450866143087
556.732516530901,52.2965322030099,4.14986268072865
71.4784113096854,372.695581341955,4.02855438588718
229.315880223456,411.131685733625,3.82185758793503
427.805261147748,11.8145254190419,3.34055632321484
360.433769181655,293.328222222113,3.15933637851018
604.829704894654,109.468275530233,4.29846064713786
392.766698590487,233.684957233042,4.24843475921403
567.78059040589,411.751143354422,4.75186493668503
140.081038825484,282.206108768847,4.5783714907891
199.791621876739,368.113996620236,3.92121115588546
122.861188009672,410.058313809956,3.3415175811578
634.625960817692,311.484900735289,4.58404374289484
1.83201404328288,144.900372817097,4.24972775704759
541.76001364345,202.93566074274,4.16378601549742
35.0425842067059,492.345641762364,3.06699596468694
279.271008152404,22.6806067407924,3.9296797651637
536.259458791579,391.77489607451,3.29954218343547
74.47626445542,78.4508168931223,5.24101911602192
5.4030769221715,78.552529618689,3.35537702177982
588.408195765281,221.982294061241,3.97494303576654
435.327136792782,458.65763277221,4.71850804366029
658.134817202057,375.660636800268,3.2569524111995
106.045677003375,483.560954851992,4.42899322520669
623.107626888009,93.3302203569536,4.09440648782742
420.282330072465,258.727271350104,3.66323729739811
11.9142775107356,183.533973340343,3.29806152187967
63.4810768087694,113.505619078606,4.41010345736759
617.528712077632,188.683986006663,4.46221353767478
253.646065546351,218.838380203725,3.73500424504283
574.35058862866,444.166582880919,3.99311834615723
300.500859341959,141.158805255068,3.82451588269395
521.776761271242,460.601668899232,3.43446480347911
42.5856821229812,421.053764310121,3.70040288113165
191.345255650824,295.992001740537,4.50774390359646
556.494619127345,254.98033280955,3.78642538001231
178.568465855875,32.0632611652933,4.30099518741425
508.115702506368,358.036958120563,4.35966294785706
42.9389852152886,54.36701336017,3.84520306068749
539.946671524049,155.372414001902,4.33800468888987
NA,NA,NA
659.060071536762,332.504404597219,3.43868672699658
454.423847695026,295.364789698404,3.72730435839244
11.1567348322704,496.120165145048,3.62450866143087
556.732516530901,52.2965322030099,4.14986268072865
71.4784113096854,372.695581341955,4.02855438588718
229.315880223456,411.131685733625,3.82185758793503
427.805261147748,11.8145254190419,3.34055632321484
360.433769181655,293.328222222113,3.15933637851018
604.829704894654,109.468275530233,4.29846064713786
392.766698590487,233.684957233042,4.24843475921403
567.78059040589,411.751143354422,4.75186493668503
140.081038825484,282.206108768847,4.5783714907891
199.791621876739,368.113996620236,3.92121115588546
122.861188009672,410.058313809956,3.3415175811578
634.625960817692,311.484900735289,4.58404374289484
1.83201404328288,144.900372817097,4.24972775704759
541.76001364345,202.93566074274,4.16378601549742
35.0425842067059,492.345641762364,3.06699596468694
279.271008152404,22.6806067407924,3.9296797651637
536.259458791579,391.77489607451,3.29954218343547
74.47626445542,78.4508168931223,5.24101911602192
5.4030769221715,78.552529618689,3.35537702177982
588.408195765281,221.982294061241,3.97494303576654
435.327136792782,458.65763277221,4.71850804366029
658.134817202057,375.660636800268,3.2569524111995
106.045677003375,483.560954851992,4.42899322520669
623.107626888009,93.3302203569536,4.09440648782742
420.282330072465,258.727271350104,3.66323729739811
11.9142775107356,183.533973340343,3.29806152187967
63.4810768087694,113.505619078606,4.41010345736759
617.528712077632,188.683986006663,4.46221353767478
253.646065546351,218.838380203725,3.73500424504283
574.35058862866,444.166582880919,3.99311834615723
300.500859341959,141.158805255068,3.82451588269395
521.776761271242,460.601668899232,3.43446480347911
42.5856821229812,421.053764310121,3.70040288113165
191.345255650824,295.992001740537,4.50774390359646
556.494619127345,254.98033280955,3.78642538001231
178.568465855875,32.0632611652933,4.30099518741425
508.115702506368,358.036958120563,4.35966294785706
42.9389852152886,54.36701336017,3.84520306068749
539.946671524049,155.372414001902,4.33800468888987
NA,NA,NA
659.060071536762,332.504404597219,3.43868672699658
454.423847695026,295.364789698404,3.72730435839244
11.1567348322704,496.120165145048,3.62450866143087
556.732516530901,52.2965322030099,4.14986268072865
71.4784113096854,372.695581341955,4.02855438588718
229.315880223456,411.131685733625,3.82185758793503
427.805261147748,11.8145254190419,3.34055632321484
360.433769181655,293.328222222113,3.15933637851018
604.829704894654,109.468275530233,4.29846064713786
392.766698590487,233.684957233042,4.24843475921403
567.78059040589,411.751143354422,4.75186493668503
140.081038825484,282.206108768847,4.5783714907891
199.791621876739,368.113996620236,3.92121115588546
122.861188009672,410.058313809956,3.3415175811578
634.625960817692,311.484900735289,4.58404374289484
1.83201404328288,144.900372817097,4.24972775704759
541.76001364345,202.93566074274,4.16378601549742
35.0425842067059,492.345641762364,3.06699596468694
279.271008152404,22.6806067407924,3.9296797651637
536.259458791579,391.77489607451,3.29954218343547
74.47626445542,78.4508168931223,5.24101911602192
5.4030769221715,78.552529618689,3.35537702177982
588.408195765281,221.982294061241,3.97494303576654
435.327136792782,458.65763277221,4.71850804366029
658.134817202057,375.660636800268,3.2569524111995
106.045677003375,483.560954851992,4.42899322520669
623.107626888009,93.3302203569536,4.09440648782742
420.282330072465,258.727271350104,3.66323729739811
11.9142775107356,183.533973340343,3.29806152187967
63.4810768087694,113.505619078606,4.41010345736759
617.528712077632,188.683986006663,4.46221353767478
253.646065546351,218.838380203725,3.73500424504283
574.35058862866,444.166582880919,3.99311834615723
300.500859341959,141.158805255068,3.82451588269395
521.776761271242,460.601668899232,3.43446480347911
42.5856821229812,421.053764310121,3.70040288113165
191.345255650824,295.992001740537,4.50774390359646
556.494619127345,254.98033280955,3.78642538001231
178.568465855875,32.0632611652933,4.30099518741425
508.115702506368,358.036958120563,4.35966294785706
42.9389852152886,54.36701336017,3.84520306068749
539.946671524049,155.372414001902,4.33800468888987
NA,NA,NA
659.060071536762,332.504404597219,3.43868672699658
454.423847695026,295.364789698404,3.72730435839244
11.1567348322704,496.120165145048,3.62450866143087
556.732516530901,52.2965322030099,4.14986268072865
71.4784113096854,372.695581341955,4.02855438588718
229.315880223456,411.131685733625,3.82185758793503
427.805261147748,11.8145254190419,3.34055632321484
360.433769181655,293.328222222113,3.15933637851018
604.829704894654,109.468275530233,4.29846064713786
392.766698590487,233.684957233042,4.24843475921403
567.78059040589,411.751143354422,4.75186493668503
140.081038825484,282.206108768847,4.5783714907891
199.791621876739,368.113996620236,3.92121115588546
122.861188009672,410.058313809956,3.3415175811578
634.625960817692,311.484900735289,4.58404374289484
1.83201404328288,144.900372817097,4.24972775704759
541.76001364345,202.93566074274,4.16378601549742
35.0425842067059,492.345641762364,3.06699596468694
279.271008152404,22.6806067407924,3.9296797651637
536.259458791579,391.77489607451,3.29954218343547
74.47626445542,78.4508168931223,5.24101911602192
5.4030769221715,78.552529618689,3.35537702177982
588.408195765281,221.982294061241,3.97494303576654
435.327136792782,458.65763277221,4.71850804366029
658.134817202057,375.660636800268,3.2569524111995
106.045677003375,483.560954851992,4.42899322520669
623.107626888009,93.3302203569536,4.09440648782742
420.282330072465,258.727271350104,3.66323729739811
11.9142775107356,183.533973340343,3.29806152187967
63.4810768087694,113.505619078606,4.41010345736759
617.528712077632,188.683986006663,4.46221353767478
253.646065546351,218.838380203725,3.73500424504283
574.35058862866,444.166582880919,3.99311834615723
300.500859341959,141.158805255068,3.82451588269395
521.776761271242,460.601668899232,3.43446480347911
42.5856821229812,421.053764310121,3.70040288113165
191.345255650824,295.992001740537,4.50774390359646
556.494619127345,254.98033280955,3.78642538001231
178.568465855875,32.0632611652933,4.30099518741425
508.115702506368,358.036958120563,4.35966294785706
42.9389852152886,54.36701336017,3.84520306068749
539.946671524049,155.372414001902,4.33800468888987
NA,NA,NA
662.106480771051,332.575340985274,3.58686060801333
453.860513320201,296.801227921737,3.40626326383778
12.9670339626741,494.56086798336,3.62529236641215
560.187066223716,54.1491114064011,4.32211077717374
69.6480613724407,370.09332190141,3.91644361356548
226.088830930423,412.148423972046,3.82226729315218
431.144390380332,11.9376994243696,3.31371895592787
362.181452327892,291.158345518664,3.16825537173168
605.767923261301,104.589856317003,4.24712348327894
393.827489877237,233.252896810111,4.06994304752662
568.867272897749,415.512960871602,4.74357584298746
140.834836829395,288.357572607391,4.56647639381258
201.686872267983,368.69676043097,3.97832681837213
126.510316166421,407.766040823633,3.56436370929431
623.720618291904,309.909380074232,4.57015720114618
0.882564878206156,145.945729782889,4.26758182793175
539.425449500266,201.613707920944,4.11566123307828
33.0512684659525,492.144902192501,3.020803839779
279.050585483144,21.4387340315256,3.85617682383377
533.264125047663,395.50219140171,3.38410715653517
77.1092099650024,74.4978716520277,5.20376707200482
8.19781697098513,76.4630786531267,3.52222514730299
588.589448529326,229.176000980207,4.01915976497857
436.283824456615,457.118068698559,4.85080311597019
660.99882941867,373.90909271417,2.90543997853556
103.671641766909,490.088660301263,4.3585196238603
626.522081715692,94.98940040119,4.12571438396341
420.736683835186,255.203816574634,3.63747417295511
12.5131667302748,181.941659997142,2.98238215218858
75.6856483428679,113.892531575403,4.44948796109579
605.573845287105,190.886384801698,4.35431393189126
259.944731632188,228.308425951507,3.98829749785671
588.226107603881,436.458140534929,3.77431625316923
299.047724931671,134.410754437884,3.77874889546164
525.804734942282,453.25407691252,3.71879699118739
51.7832366337346,414.824545993144,3.5807492775558
195.968969176608,286.091127324104,3.93475376112645
550.635286451686,267.898097933062,3.42215534406806
162.976838916095,36.2096334561272,4.2178590952897
500.278038760457,341.579703997179,4.38312457384099
33.5667828034804,60.2383741519074,4.05393540758714
535.936980389282,148.192069742907,4.22463391510552
NA,NA,NA
662.106480771051,332.575340985274,3.58686060801333
453.860513320201,296.801227921737,3.40626326383778
12.9670339626741,494.56086798336,3.62529236641215
560.187066223716,54.1491114064011,4.32211077717374
69.6480613724407,370.09332190141,3.91644361356548
226.088830930423,412.148423972046,3.82226729315218
431.144390380332,11.9376994243696,3.31371895592787
362.181452327892,291.158345518664,3.16825537173168
605.767923261301,104.589856317003,4.24712348327894
393.827489877237,233.252896810111,4.06994304752662
568.867272897749,415.512960871602,4.74357584298746
140.834836829395,288.357572607391,4.56647639381258
201.686872267983,368.69676043097,3.97832681837213
126.510316166421,407.766040823633,3.56436370929431
623.720618291904,309.909380074232,4.57015720114618
0.882564878206156,145.945729782889,4.26758182793175
539.425449500266,201.613707920944,4.11566123307828
33.0512684659525,492.144902192501,3.020803839779
279.050585483144,21.4387340315256,3.85617682383377
533.264125047663,395.50219140171,3.38410715653517
77.1092099650024,74.4978716520277,5.20376707200482
8.19781697098513,76.4630786531267,3.52222514730299
588.589448529326,229.176000980207,4.01915976497857
436.283824456615,457.118068698559,4.85080311597019
660.99882941867,373.90909271417,2.90543997853556
103.671641766909,490.088660301263,4.3585196238603
626.522081715692,94.98940040119,4.12571438396341
420.736683835186,255.203816574634,3.63747417295511
12.5131667302748,181.941659997142,2.98238215218858
75.6856483428679,113.892531575403,4.44948796109579
605.573845287105,190.886384801698,4.35431393189126
259.944731632188,228.308425951507,3.98829749785671
588.226107603881,436.458140534929,3.77431625316923
299.047724931671,134.410754437884,3.77874889546164
525.804734942282,453.25407691252,3.71879699118739
51.7832366337346,414.824545993144,3.5807492775558
195.968969176608,286.091127324104,3.93475376112645
550.635286451686,267.898097933062,3.42215534406806
162.976838916095,36.2096334561272,4.2178590952897
500.278038760457,341.579703997179,4.38312457384099
33.5667828034804,60.2383741519074,4.05393540758714
535.936980389282,148.192069742907,4.22463391510552
NA,NA,NA
662.106480771051,332.575340985274,3.58686060801333
453.860513320201,296.801227921737,3.40626326383778
12.9670339626741,494.56086798336,3.62529236641215
560.187066223716,54.1491114064011,4.32211077717374
69.6480613724407,370.09332190141,3.91644361356548
226.088830930423,412.148423972046,3.82226729315218
431.144390380332,11.9376994243696,3.31371895592787
362.181452327892,291.158345518664,3.16825537173168
605.767923261301,104.589856317003,4.24712348327894
393.827489877237,233.252896810111,4.06994304752662
568.867272897749,415.512960871602,4.74357584298746
140.834836829395,288.357572607391,4.56647639381258
201.686872267983,368.69676043097,3.97832681837213
126.510316166421,407.766040823633,3.56436370929431
623.720618291904,309.909380074232,4.57015720114618
0.882564878206156,145.945729782889,4.26758182793175
539.425449500266,201.613707920944,4.11566123307828
33.0512684659525,492.144902192501,3.020803839779
279.050585483144,21.4387340315256,3.85617682383377
533.264125047663,395.50219140171,3.38410715653517
77.1092099650024,74.4978716520277,5.20376707200482
8.19781697098513,76.4630786531267,3.52222514730299
588.589448529326,229.176000980207,4.01915976497857
436.283824456615,457.118068698559,4.85080311597019
660.99882941867,373.90909271417,2.90543997853556
103.671641766909,490.088660301263,4.3585196238603
626.522081715692,94.98940040119,4.12571438396341
420.736683835186,255.203816574634,3.63747417295511
12.5131667302748,181.941659997142,2.98238215218858
75.6856483428679,113.892531575403,4.44948796109579
605.573845287105,190.886384801698,4.35431393189126
259.944731632188,228.308425951507,3.98829749785671
588.226107603881,436.458140534929,3.77431625316923
299.047724931671,134.410754437884,3.77874889546164
525.804734942282,453.25407691252,3.71879699118739
51.7832366337346,414.824545993144,3.5807492775558
195.968969176608,286.091127324104,3.93475376112645
550.635286451686,267.898097933062,3.42215534406806
162.976838916095,36.2096334561272,4.2178590952897
500.278038760457,341.579703997179,4.38312457384099
33.5667828034804,60.2383741519074,4.05393540758714
535.936980389282,148.192069742907,4.22463391510552
NA,NA,NA
662.106480771051,332.575340985274,3.58686060801333
453.860513320201,296.801227921737,3.40626326383778
12.9670339626741,494.56086798336,3.62529236641215
560.187066223716,54.1491114064011,4.32211077717374
69.6480613724407,370.09332190141,3.91644361356548
226.088830930423,412.148423972046,3.82226729315218
431.144390380332,11.9376994243696,3.31371895592787
362.181452327892,291.158345518664,3.16825537173168
605.767923261301,104.589856317003,4.24712348327894
393.827489877237,233.252896810111,4.06994304752662
568.867272897749,415.512960871602,4.74357584298746
140.834836829395,288.357572607391,4.56647639381258
201.686872267983,368.69676043097,3.97832681837213
126.510316166421,407.766040823633,3.56436370929431
623.720618291904,309.909380074232,4.57015720114618
0.882564878206156,145.945729782889,4.26758182793175
539.425449500266,201.613707920944,4.11566123307828
33.0512684659525,492.144902192501,3.020803839779
279.050585483144,21.4387340315256,3.85617682383377
533.264125047663,395.50219140171,3.38410715653517
77.1092099650024,74.4978716520277,5.20376707200482
8.19781697098513,76.4630786531267,3.52222514730299
588.589448529326,229.176000980207,4.01915976497857
436.283824456615,457.118068698559,4.85080311597019
660.99882941867,373.90909271417,2.90543997853556
103.671641766909,490.088660301263,4.3585196238603
626.522081715692,94.98940040119,4.12571438396341
420.736683835186,255.203816574634,3.63747417295511
12.5131667302748,181.941659997142,2.98238215218858
75.6856483428679,113.892531575403,4.44948796109579
605.573845287105,190.886384801698,4.35431393189126
259.944731632188,228.308425951507,3.98829749785671
588.226107603881,436.458140534929,3.77431625316923
299.047724931671,134.410754437884,3.77874889546164
525.804734942282,453.25407691252,3.71879699118739
51.7832366337346,414.824545993144,3.5807492775558
195.968969176608,286.091127324104,3.93475376112645
550.635286451686,267.898097933062,3.42215534406806
162.976838916095,36.2096334561272,4.2178590952897
500.278038760457,341.579703997179,4.38312457384099
33.5667828034804,60.2383741519074,4.05393540758714
535.936980389282,148.192069742907,4.22463391510552
NA,NA,NA
662.106480771051,332.575340985274,3.58686060801333
453.860513320201,296.801227921737,3.40626326383778
12.9670339626741,494.56086798336,3.62529236641215
560.187066223716,54.1491114064011,4.32211077717374
69.6480613724407,370.09332190141,3.91644361356548
226.088830930423,412.148423972046,3.82226729315218
431.144390380332,11.9376994243696,3.31371895592787
362.181452327892,291.158345518664,3.16825537173168
605.767923261301,104.589856317003,4.24712348327894
393.827489877237,233.252896810111,4.06994304752662
568.867272897749,415.512960871602,4.74357584298746
140.834836829395,288.357572607391,4.56647639381258
201.686872267983,368.69676043097,3.97832681837213
126.510316166421,407.766040823633,3.56436370929431
623.720618291904,309.909380074232,4.57015720114618
0.882564878206156,145.945729782889,4.26758182793175
539.425449500266,201.613707920944,4.11566123307828
33.0512684659525,492.144902192501,3.020803839779
279.050585483144,21.4387340315256,3.85617682383377
533.264125047663,395.50219140171,3.38410715653517
77.1092099650024,74.4978716520277,5.20376707200482
8.19781697098513,76.4630786531267,3.52222514730299
588.589448529326,229.176000980207,4.01915976497857
436.283824456615,457.118068698559,4.85080311597019
660.99882941867,373.90909271417,2.90543997853556
103.671641766909,490.088660301263,4.3585196238603
626.522081715692,94.98940040119,4.12571438396341
420.736683835186,255.203816574634,3.63747417295511
12.5131667302748,181.941659997142,2.98238215218858
75.6856483428679,113.892531575403,4.44948796109579
605.573845287105,190.886384801698,4.35431393189126
259.944731632188,228.308425951507,3.98829749785671
588.226107603881,436.458140534929,3.77431625316923
299.047724931671,134.410754437884,3.77874889546164
525.804734942282,453.25407691252,3.71879699118739
51.7832366337346,414.824545993144,3.5807492775558
195.968969176608,286.091127324104,3.93475376112645
550.635286451686,267.898097933062,3.42215534406806
162.976838916095,36.2096334561272,4.2178590952897
500.278038760457,341.579703997179,4.38312457384099
33.5667828034804,60.2383741519074,4.05393540758714
535.936980389282,148.192069742907,4.22463391510552
NA,NA,NA
662.106480771051,332.575340985274,3.58686060801333
453.860513320201,296.801227921737,3.40626326383778
12.9670339626741,494.56086798336,3.62529236641215
560.187066223716,54.1491114064011,4.32211077717374
69.6480613724407,370.09332190141,3.91644361356548
226.088830930423,412.148423972046,3.82226729315218
431.144390380332,11.9376994243696,3.31371895592787
362.181452327892,291.158345518664,3.16825537173168
605.767923261301,104.589856317003,4.24712348327894
393.827489877237,233.252896810111,4.06994304752662
568.867272897749,415.512960871602,4.74357584298746
140.834836829395,288.357572607391,4.56647639381258
201.686872267983,368.69676043097,3.97832681837213
126.510316166421,407.766040823633,3.56436370929431
623.720618291904,309.909380074232,4.57015720114618
0.882564878206156,145.945729782889,4.26758182793175
539.425449500266,201.613707920944,4.11566123307828
33.0512684659525,492.144902192501,3.020803839779
279.050585483144,21.4387340315256,3.85617682383377
533.264125047663,395.50219140171,3.38410715653517
77.1092099650024,74.4978716520277,5.20376707200482
8.19781697098513,76.4630786531267,3.52222514730299
588.589448529326,229.176000980207,4.01915976497857
436.283824456615,457.118068698559,4.85080311597019
660.99882941867,373.90909271417,2.90543997853556
103.671641766909,490.088660301263,4.3585196238603
626.522081715692,94.98940040119,4.12571438396341
420.736683835186,255.203816574634,3.63747417295511
12.5131667302748,181.941659997142,2.98238215218858
75.6856483428679,113.892531575403,4.44948796109579
605.573845287105,190.886384801698,4.35431393189126
259.944731632188,228.308425951507,3.98829749785671
588.226107603881,436.458140534929,3.77431625316923
299.047724931671,134.410754437884,3.77874889546164
525.804734942282,453.25407691252,3.71879699118739
51.7832366337346,414.824545993144,3.5807492775558
195.968969176608,286.091127324104,3.93475376112645
550.635286451686,267.898097933062,3.42215534406806
162.976838916095,36.2096334561272,4.2178590952897
500.278038760457,341.579703997179,4.38312457384099
33.5667828034804,60.2383741519074,4.05393540758714
535.936980389282,148.192069742907,4.22463391510552
NA,NA,NA
660.610778247764,331.748398197831,3.46711774446413
458.957873343198,295.592660110258,3.6536707097821
6.04056494139573,496.381232357939,3.59688881566198
561.190852356392,50.4422401888593,4.11683226894351
72.3875991370447,378.495927510064,3.93386370819495
228.426915615859,417.377877702344,3.8900582734119
430.032719720054,11.9045802151158,3.28961043426443
363.801066628976,291.41878148838,3.06054666712809
608.394080911853,105.302075703497,4.11163570439376
394.776458132834,232.434726674064,4.27572837813647
574.303788801325,402.698858757271,4.69303907820099
141.749220073959,277.901347593672,4.50303574989436
200.432111105992,371.815902539396,3.99399686297169
124.528584375208,409.436733418385,3.37401354104573
624.695791678948,308.541488220415,4.54057583993394
4.08067438555481,148.621822303265,4.17317854111327
543.842319493997,200.916312911152,4.20048296788172
33.0274391558113,492.037270539194,3.02531908503999
279.767601200597,29.2119809316095,3.98957745035521
534.910905062162,392.42503364676,3.48701064066788
72.1739281792205,76.445841818903,5.36080004697205
7.73203612871652,74.8283638881303,3.42960209262291
587.038919111309,228.50359044403,4.05298283950805
448.389191050906,455.961368853218,4.77517203289007
659.577210385018,373.638279472574,3.20021949126288
103.075695747528,484.936479941343,4.30065481713669
624.863238904671,93.6193320168633,4.03113508776929
420.559437367962,259.443811728879,3.5917293521918
10.3717252444731,183.270958946359,3.14690400090989
74.9267609085346,103.738826906646,4.48628583992441
609.739774234769,188.454733248868,4.08624522341946
251.915539215814,216.111498530625,3.5973001668388
577.376239804607,440.660844753362,3.74052248417525
303.502082345284,137.885861896124,3.77594857200714
525.76713810257,467.11808441113,3.699838325299
42.4738133135598,425.704611549368,3.82171822642426
194.171142369666,284.675802147701,4.16511669279265
551.161359822668,259.976548700977,3.67799272753258
181.215144786564,32.5748841550872,4.44250215232851
505.076619018211,350.605413831859,4.32854987315279
35.4566213116229,54.8111055367841,3.90593368528758
545.483331202969,161.121207847542,4.59209334453238
NA,NA,NA
660.610778247764,331.748398197831,3.46711774446413
458.957873343198,295.592660110258,3.6536707097821
6.04056494139573,496.381232357939,3.59688881566198
561.190852356392,50.4422401888593,4.11683226894351
72.3875991370447,378.495927510064,3.93386370819495
228.426915615859,417.377877702344,3.8900582734119
430.032719720054,11.9045802151158,3.28961043426443
363.801066628976,291.41878148838,3.06054666712809
608.394080911853,105.302075703497,4.11163570439376
394.776458132834,232.434726674064,4.27572837813647
574.303788801325,402.698858757271,4.69303907820099
141.749220073959,277.901347593672,4.50303574989436
200.432111105992,371.815902539396,3.99399686297169
124.528584375208,409.436733418385,3.37401354104573
624.695791678948,308.541488220415,4.54057583993394
4.08067438555481,148.621822303265,4.17317854111327
543.842319493997,200.916312911152,4.20048296788172
33.0274391558113,492.037270539194,3.02531908503999
279.767601200597,29.2119809316095,3.98957745035521
534.910905062162,392.42503364676,3.48701064066788
72.1739281792205,76.445841818903,5.36080004697205
7.73203612871652,74.8283638881303,3.42960209262291
587.038919111309,228.50359044403,4.05298283950805
448.389191050906,455.961368853218,4.77517203289007
659.577210385018,373.638279472574,3.20021949126288
103.075695747528,484.936479941343,4.30065481713669
624.863238904671,93.6193320168633,4.03113508776929
420.559437367962,259.443811728879,3.5917293521918
10.3717252444731,183.270958946359,3.14690400090989
74.9267609085346,103.738826906646,4.48628583992441
609.739774234769,188.454733248868,4.08624522341946
251.915539215814,216.111498530625,3.5973001668388
577.376239804607,440.660844753362,3.74052248417525
303.502082345284,137.885861896124,3.77594857200714
525.76713810257,467.11808441113,3.699838325299
42.4738133135598,425.704611549368,3.82171822642426
194.171142369666,284.675802147701,4.16511669279265
551.161359822668,259.976548700977,3.67799272753258
181.215144786564,32.5748841550872,4.44250215232851
505.076619018211,350.605413831859,4.32854987315279
35.4566213116229,54.8111055367841,3.90593368528758
545.483331202969,161.121207847542,4.59209334453238
NA,NA,NA
660.610778247764,331.748398197831,3.46711774446413
458.957873343198,295.592660110258,3.6536707097821
6.04056494139573,496.381232357939,3.59688881566198
561.190852356392,50.4422401888593,4.11683226894351
72.3875991370447,378.495927510064,3.93386370819495
228.426915615859,417.377877702344,3.8900582734119
430.032719720054,11.9045802151158,3.28961043426443
363.801066628976,291.41878148838,3.06054666712809
608.394080911853,105.302075703497,4.11163570439376
394.776458132834,232.434726674064,4.27572837813647
574.303788801325,402.698858757271,4.69303907820099
141.749220073959,277.901347593672,4.50303574989436
200.432111105992,371.815902539396,3.99399686297169
124.528584375208,409.436733418385,3.37401354104573
624.695791678948,308.541488220415,4.54057583993394
4.08067438555481,148.621822303265,4.17317854111327
543.842319493997,200.916312911152,4.20048296788172
33.0274391558113,492.037270539194,3.02531908503999
279.767601200597,29.2119809316095,3.98957745035521
534.910905062162,392.42503364676,3.48701064066788
72.1739281792205,76.445841818903,5.36080004697205
7.73203612871652,74.8283638881303,3.42960209262291
587.038919111309,228.50359044403,4.05298283950805
448.389191050906,455.961368853218,4.77517203289007
659.577210385018,373.638279472574,3.20021949126288
103.075695747528,484.936479941343,4.30065481713669
624.863238904671,93.6193320168633,4.03113508776929
420.559437367962,259.443811728879,3.5917293521918
10.3717252444731,183.270958946359,3.14690400090989
74.9267609085346,103.738826906646,4.48628583992441
609.739774234769,188.454733248868,4.08624522341946
251.915539215814,216.111498530625,3.5973001668388
577.376239804607,440.660844753362,3.74052248417525
303.502082345284,137.885861896124,3.77594857200714
525.76713810257,467.11808441113,3.699838325299
42.4738133135598,425.704611549368,3.82171822642426
194.171142369666,284.675802147701,4.16511669279265
551.161359822668,259.976548700977,3.67799272753258
181.215144786564,32.5748841550872,4.44250215232851
505.076619018211,350.605413831859,4.32854987315279
35.4566213116229,54.8111055367841,3.90593368528758
545.483331202969,161.121207847542,4.59209334453238
NA,NA,NA
660.610778247764,331.748398197831,3.46711774446413
458.957873343198,295.592660110258,3.6536707097821
6.04056494139573,496.381232357939,3.59688881566198
561.190852356392,50.4422401888593,4.11683226894351
72.3875991370447,378.495927510064,3.93386370819495
228.426915615859,417.377877702344,3.8900582734119
430.032719720054,11.9045802151158,3.28961043426443
363.801066628976,291.41878148838,3.06054666712809
608.394080911853,105.302075703497,4.11163570439376
394.776458132834,232.434726674064,4.27572837813647
574.303788801325,402.698858757271,4.69303907820099
141.749220073959,277.901347593672,4.50303574989436
200.432111105992,371.815902539396,3.99399686297169
124.528584375208,409.436733418385,3.37401354104573
624.695791678948,308.541488220415,4.54057583993394
4.08067438555481,148.621822303265,4.17317854111327
543.842319493997,200.916312911152,4.20048296788172
33.0274391558113,492.037270539194,3.02531908503999
279.767601200597,29.2119809316095,3.98957745035521
534.910905062162,392.42503364676,3.48701064066788
72.1739281792205,76.445841818903,5.36080004697205
7.73203612871652,74.8283638881303,3.42960209262291
587.038919111309,228.50359044403,4.05298283950805
448.389191050906,455.961368853218,4.77517203289007
659.577210385018,373.638279472574,3.20021949126288
103.075695747528,484.936479941343,4.30065481713669
624.863238904671,93.6193320168633,4.03113508776929
420.559437367962,259.443811728879,3.5917293521918
10.3717252444731,183.270958946359,3.14690400090989
74.9267609085346,103.738826906646,4.48628583992441
609.739774234769,188.454733248868,4.08624522341946
251.915539215814,216.111498530625,3.5973001668388
577.376239804607,440.660844753362,3.74052248417525
303.502082345284,137.885861896124,3.77594857200714
525.76713810257,467.11808441113,3.699838325299
42.4738133135598,425.704611549368,3.82171822642426
194.171142369666,284.675802147701,4.16511669279265
551.161359822668,259.976548700977,3.67799272753258
181.215144786564,32.5748841550872,4.44250215232851
505.076619018211,350.605413831859,4.32854987315279
35.4566213116229,54.8111055367841,3.90593368528758
545.483331202969,161.121207847542,4.59209334453238
NA,NA,NA
660.610778247764,331.748398197831,3.46711774446413
458.957873343198,295.592660110258,3.6536707097821
6.04056494139573,496.381232357939,3.59688881566198
561.190852356392,50.4422401888593,4.11683226894351
72.3875991370447,378.495927510064,3.93386370819495
228.426915615859,417.377877702344,3.8900582734119
430.032719720054,11.9045802151158,3.28961043426443
363.801066628976,291.41878148838,3.06054666712809
608.394080911853,105.302075703497,4.11163570439376
394.776458132834,232.434726674064,4.27572837813647
574.303788801325,402.698858757271,4.69303907820099
141.749220073959,277.901347593672,4.50303574989436
200.432111105992,371.815902539396,3.99399686297169
124.528584375208,409.436733418385,3.37401354104573
624.695791678948,308.541488220415,4.54057583993394
4.08067438555481,148.621822303265,4.17317854111327
543.842319493997,200.916312911152,4.20048296788172
33.0274391558113,492.037270539194,3.02531908503999
279.767601200597,29.2119809316095,3.98957745035521
534.910905062162,392.42503364676,3.48701064066788
72.1739281792205,76.445841818903,5.36080004697205
7.73203612871652,74.8283638881303,3.42960209262291
587.038919111309,228.50359044403,4.05298283950805
448.389191050906,455.961368853218,4.77517203289007
659.577210385018,373.638279472574,3.20021949126288
103.075695747528,484.936479941343,4.30065481713669
624.863238904671,93.6193320168633,4.03113508776929
420.559437367962,259.443811728879,3.5917293521918
10.3717252444731,183.270958946359,3.14690400090989
74.9267609085346,103.738826906646,4.48628583992441
609.739774234769,188.454733248868,4.08624522341946
251.915539215814,216.111498530625,3.5973001668388
577.376239804607,440.660844753362,3.74052248417525
303.502082345284,137.885861896124,3.77594857200714
525.76713810257,467.11808441113,3.699838325299
42.4738133135598,425.704611549368,3.82171822642426
194.171142369666,284.675802147701,4.16511669279265
551.161359822668,259.976548700977,3.67799272753258
181.215144786564,32.5748841550872,4.44250215232851
505.076619018211,350.605413831859,4.32854987315279
35.4566213116229,54.8111055367841,3.90593368528758
545.483331202969,161.121207847542,4.59209334453238
NA,NA,NA
660.610778247764,331.748398197831,3.46711774446413
458.957873343198,295.592660110258,3.6536707097821
6.04056494139573,496.381232357939,3.59688881566198
561.190852356392,50.4422401888593,4.11683226894351
72.3875991370447,378.495927510064,3.93386370819495
228.426915615859,417.377877702344,3.8900582734119
430.032719720054,11.9045802151158,3.28961043426443
363.801066628976,291.41878148838,3.06054666712809
608.394080911853,105.302075703497,4.11163570439376
394.776458132834,232.434726674064,4.27572837813647
574.303788801325,402.698858757271,4.69303907820099
141.749220073959,277.901347593672,4.50303574989436
200.432111105992,371.815902539396,3.99399686297169
124.528584375208,409.436733418385,3.37401354104573
624.695791678948,308.541488220415,4.54057583993394
4.08067438555481,148.621822303265,4.17317854111327
543.842319493997,200.916312911152,4.20048296788172
33.0274391558113,492.037270539194,3.02531908503999
279.767601200597,29.2119809316095,3.98957745035521
534.910905062162,392.42503364676,3.48701064066788
72.1739281792205,76.445841818903,5.36080004697205
7.73203612871652,74.8283638881303,3.42960209262291
587.038919111309,228.50359044403,4.05298283950805
448.389191050906,455.961368853218,4.77517203289007
659.577210385018,373.638279472574,3.20021949126288
103.075695747528,484.936479941343,4.30065481713669
624.863238904671,93.6193320168633,4.03113508776929
420.559437367962,259.443811728879,3.5917293521918
10.3717252444731,183.270958946359,3.14690400090989
74.9267609085346,103.738826906646,4.48628583992441
609.739774234769,188.454733248868,4.08624522341946
251.915539215814,216.111498530625,3.5973001668388
577.376239804607,440.660844753362,3.74052248417525
303.502082345284,137.885861896124,3.77594857200714
525.76713810257,467.11808441113,3.699838325299
42.4738133135598,425.704611549368,3.82171822642426
194.171142369666,284.675802147701,4.16511669279265
551.161359822668,259.976548700977,3.67799272753258
181.215144786564,32.5748841550872,4.44250215232851
505.076619018211,350.605413831859,4.32854987315279
35.4566213116229,54.8111055367841,3.90593368528758
545.483331202969,161.121207847542,4.59209334453238
NA,NA,NA
661.723828928879,331.214733193114,3.36255180043032
454.464197593333,298.068753382901,3.61494774978328
10.2340240816498,494.735028129432,3.73895542166445
560.613367885576,52.8958306527647,4.11571894511727
72.6590218451595,373.378172505034,3.93257875289837
226.083269752712,417.226552568637,4.02706986979214
428.840746740706,14.7827291053475,3.45704776637023
363.54205546433,292.616336245461,2.99154185130112
605.683761022579,103.460433889054,4.19159354909791
392.451522851065,226.454225335407,4.20758337589777
571.852774893783,412.720723522196,4.7146601111651
144.792401952949,281.921512071348,4.52254593365511
203.929111307269,365.347948157576,3.96152879526987
123.714995708797,413.207220844941,3.32161865488671
626.328373903274,314.14359870711,4.61983566837979
-0.950037588504727,151.016325126755,4.26883277943401
546.071172817812,203.911218700184,4.13491983545496
34.7350177983892,491.055635128435,3.04816110652715
280.241519035478,25.7467571813548,3.81931815728796
535.979381026175,394.62440495907,3.46136328541285
67.8369599783343,72.5639995224197,5.21458507157896
7.25030566092645,75.1102946189881,3.39893081555451
587.361930662287,225.997616164795,4.13744157289713
440.397159370485,461.681891981762,4.87283720965309
658.237706812045,374.832013848412,3.1623980677791
107.639813201627,487.522335751971,4.35985196596372
620.052502402186,91.9560632203165,4.06029809415146
420.539517535652,254.793916374239,3.56415503208109
11.1942064093368,180.787331759804,3.207464529043
76.5175830138101,114.826046765694,4.42991298828622
619.145737725658,213.973270291706,4.58715881993819
256.681458289036,219.172982278627,3.98579487963838
577.42790027428,432.593683240194,3.67540479293016
297.449431641179,136.487192618309,3.91526267234334
523.670990218018,456.522768519561,3.49776505350531
42.3505631132656,419.466677775554,4.0971123353265
193.764678914148,281.350690757865,4.09028660725239
547.169652610012,268.330938760748,3.71485007188517
178.916213267346,31.2441724102965,4.33245013909152
502.925195341512,333.237930744771,4.45305720481428
41.9966789172143,50.7237248530592,4.03725565716189
552.524689762579,135.678859218167,4.81450485143534
NA,NA,NA
661.723828928879,331.214733193114,3.36255180043032
454.464197593333,298.068753382901,3.61494774978328
10.2340240816498,494.735028129432,3.73895542166445
560.613367885576,52.8958306527647,4.11571894511727
72.6590218451595,373.378172505034,3.93257875289837
226.083269752712,417.226552568637,4.02706986979214
428.840746740706,14.7827291053475,3.45704776637023
363.54205546433,292.616336245461,2.99154185130112
605.683761022579,103.460433889054,4.19159354909791
392.451522851065,226.454225335407,4.20758337589777
571.852774893783,412.720723522196,4.7146601111651
144.792401952949,281.921512071348,4.52254593365511
203.929111307269,365.347948157576,3.96152879526987
123.714995708797,413.207220844941,3.32161865488671
626.328373903274,314.14359870711,4.61983566837979
-0.950037588504727,151.016325126755,4.26883277943401
546.071172817812,203.911218700184,4.13491983545496
34.7350177983892,491.055635128435,3.04816110652715
280.241519035478,25.7467571813548,3.81931815728796
535.979381026175,394.62440495907,3.46136328541285
67.8369599783343,72.5639995224197,5.21458507157896
7.25030566092645,75.1102946189881,3.39893081555451
587.361930662287,225.997616164795,4.13744157289713
440.397159370485,461.681891981762,4.87283720965309
658.237706812045,374.832013848412,3.1623980677791
107.639813201627,487.522335751971,4.35985196596372
620.052502402186,91.9560632203165,4.06029809415146
420.539517535652,254.793916374239,3.56415503208109
11.1942064093368,180.787331759804,3.207464529043
76.5175830138101,114.826046765694,4.42991298828622
619.145737725658,213.973270291706,4.58715881993819
256.681458289036,219.172982278627,3.98579487963838
577.42790027428,432.593683240194,3.67540479293016
297.449431641179,136.487192618309,3.91526267234334
523.670990218018,456.522768519561,3.49776505350531
42.3505631132656,419.466677775554,4.0971123353265
193.764678914148,281.350690757865,4.09028660725239
547.169652610012,268.330938760748,3.71485007188517
178.916213267346,31.2441724102965,4.33245013909152
502.925195341512,333.237930744771,4.45305720481428
41.9966789172143,50.7237248530592,4.03725565716189
552.524689762579,135.678859218167,4.81450485143534
NA,NA,NA
661.723828928879,331.214733193114,3.36255180043032
454.464197593333,298.068753382901,3.61494774978328
10.2340240816498,494.735028129432,3.73895542166445
560.613367885576,52.8958306527647,4.11571894511727
72.6590218451595,373.378172505034,3.93257875289837
226.083269752712,417.226552568637,4.02706986979214
428.840746740706,14.7827291053475,3.45704776637023
363.54205546433,292.616336245461,2.99154185130112
605.683761022579,103.460433889054,4.19159354909791
392.451522851065,226.454225335407,4.20758337589777
571.852774893783,412.720723522196,4.7146601111651
144.792401952949,281.921512071348,4.52254593365511
203.929111307269,365.347948157576,3.96152879526987
123.714995708797,413.207220844941,3.32161865488671
626.328373903274,314.14359870711,4.61983566837979
-0.950037588504727,151.016325126755,4.26883277943401
546.071172817812,203.911218700184,4.13491983545496
34.7350177983892,491.055635128435,3.04816110652715
280.241519035478,25.7467571813548,3.81931815728796
535.979381026175,394.62440495907,3.46136328541285
67.8369599783343,72.5639995224197,5.21458507157896
7.25030566092645,75.1102946189881,3.39893081555451
587.361930662287,225.997616164795,4.13744157289713
440.397159370485,461.681891981762,4.87283720965309
658.237706812045,374.832013848412,3.1623980677791
107.639813201627,487.522335751971,4.35985196596372
620.052502402186,91.9560632203165,4.06029809415146
420.539517535652,254.793916374239,3.56415503208109
11.1942064093368,180.787331759804,3.207464529043
76.5175830138101,114.826046765694,4.42991298828622
619.145737725658,213.973270291706,4.58715881993819
256.681458289036,219.172982278627,3.98579487963838
577.42790027428,432.593683240194,3.67540479293016
297.449431641179,136.487192618309,3.91526267234334
523.670990218018,456.522768519561,3.49776505350531
42.3505631132656,419.466677775554,4.0971123353265
193.764678914148,281.350690757865,4.09028660725239
547.169652610012,268.330938760748,3.71485007188517
178.916213267346,31.2441724102965,4.33245013909152
502.925195341512,333.237930744771,4.45305720481428
41.9966789172143,50.7237248530592,4.03725565716189
552.524689762579,135.678859218167,4.81450485143534
NA,NA,NA
661.723828928879,331.214733193114,3.36255180043032
454.464197593333,298.068753382901,3.61494774978328
10.2340240816498,494.735028129432,3.73895542166445
560.613367885576,52.8958306527647,4.11571894511727
72.6590218451595,373.378172505034,3.93257875289837
226.083269752712,417.226552568637,4.02706986979214
428.840746740706,14.7827291053475,3.45704776637023
363.54205546433,292.616336245461,2.99154185130112
605.683761022579,103.460433889054,4.19159354909791
392.451522851065,226.454225335407,4.20758337589777
571.852774893783,412.720723522196,4.7146601111651
144.792401952949,281.921512071348,4.52254593365511
203.929111307269,365.347948157576,3.96152879526987
123.714995708797,413.207220844941,3.32161865488671
626.328373903274,314.14359870711,4.61983566837979
-0.950037588504727,151.016325126755,4.26883277943401
546.071172817812,203.911218700184,4.13491983545496
34.7350177983892,491.055635128435,3.04816110652715
280.241519035478,25.7467571813548,3.81931815728796
535.979381026175,394.62440495907,3.46136328541285
67.8369599783343,72.5639995224197,5.21458507157896
7.25030566092645,75.1102946189881,3.39893081555451
587.361930662287,225.997616164795,4.13744157289713
440.397159370485,461.681891981762,4.87283720965309
658.237706812045,374.832013848412,3.1623980677791
107.639813201627,487.522335751971,4.35985196596372
620.052502402186,91.9560632203165,4.06029809415146
420.539517535652,254.793916374239,3.56415503208109
11.1942064093368,180.787331759804,3.207464529043
76.5175830138101,114.826046765694,4.42991298828622
619.145737725658,213.973270291706,4.58715881993819
256.681458289036,219.172982278627,3.98579487963838
577.42790027428,432.593683240194,3.67540479293016
297.449431641179,136.487192618309,3.91526267234334
523.670990218018,456.522768519561,3.49776505350531
42.3505631132656,419.466677775554,4.0971123353265
193.764678914148,281.350690757865,4.09028660725239
547.169652610012,268.330938760748,3.71485007188517
178.916213267346,31.2441724102965,4.33245013909152
502.925195341512,333.237930744771,4.45305720481428
41.9966789172143,50.7237248530592,4.03725565716189
552.524689762579,135.678859218167,4.81450485143534
NA,NA,NA
661.723828928879,331.214733193114,3.36255180043032
454.464197593333,298.068753382901,3.61494774978328
10.2340240816498,494.735028129432,3.73895542166445
560.613367885576,52.8958306527647,4.11571894511727
72.6590218451595,373.378172505034,3.93257875289837
226.083269752712,417.226552568637,4.02706986979214
428.840746740706,14.7827291053475,3.45704776637023
363.54205546433,292.616336245461,2.99154185130112
605.683761022579,103.460433889054,4.19159354909791
392.451522851065,226.454225335407,4.20758337589777
571.852774893783,412.720723522196,4.7146601111651
144.792401952949,281.921512071348,4.52254593365511
203.929111307269,365.347948157576,3.96152879526987
123.714995708797,413.207220844941,3.32161865488671
626.328373903274,314.14359870711,4.61983566837979
-0.950037588504727,151.016325126755,4.26883277943401
546.071172817812,203.911218700184,4.13491983545496
34.7350177983892,491.055635128435,3.04816110652715
280.241519035478,25.7467571813548,3.81931815728796
535.979381026175,394.62440495907,3.46136328541285
67.8369599783343,72.5639995224197,5.21458507157896
7.25030566092645,75.1102946189881,3.39893081555451
587.361930662287,225.997616164795,4.13744157289713
440.397159370485,461.681891981762,4.87283720965309
658.237706812045,374.832013848412,3.1623980677791
107.639813201627,487.522335751971,4.35985196596372
620.052502402186,91.9560632203165,4.06029809415146
420.539517535652,254.793916374239,3.56415503208109
11.1942064093368,180.787331759804,3.207464529043
76.5175830138101,114.826046765694,4.42991298828622
619.145737725658,213.973270291706,4.58715881993819
256.681458289036,219.172982278627,3.98579487963838
577.42790027428,432.593683240194,3.67540479293016
297.449431641179,136.487192618309,3.91526267234334
523.670990218018,456.522768519561,3.49776505350531
42.3505631132656,419.466677775554,4.0971123353265
193.764678914148,281.350690757865,4.09028660725239
547.169652610012,268.330938760748,3.71485007188517
178.916213267346,31.2441724102965,4.33245013909152
502.925195341512,333.237930744771,4.45305720481428
41.9966789172143,50.7237248530592,4.03725565716189
552.524689762579,135.678859218167,4.81450485143534
NA,NA,NA
661.723828928879,331.214733193114,3.36255180043032
454.464197593333,298.068753382901,3.61494774978328
10.2340240816498,494.735028129432,3.73895542166445
560.613367885576,52.8958306527647,4.11571894511727
72.6590218451595,373.378172505034,3.93257875289837
226.083269752712,417.226552568637,4.02706986979214
428.840746740706,14.7827291053475,3.45704776637023
363.54205546433,292.616336245461,2.99154185130112
605.683761022579,103.460433889054,4.19159354909791
392.451522851065,226.454225335407,4.20758337589777
571.852774893783,412.720723522196,4.7146601111651
144.792401952949,281.921512071348,4.52254593365511
203.929111307269,365.347948157576,3.96152879526987
123.714995708797,413.207220844941,3.32161865488671
626.328373903274,314.14359870711,4.61983566837979
-0.950037588504727,151.016325126755,4.26883277943401
546.071172817812,203.911218700184,4.13491983545496
34.7350177983892,491.055635128435,3.04816110652715
280.241519035478,25.7467571813548,3.81931815728796
535.979381026175,394.62440495907,3.46136328541285
67.8369599783343,72.5639995224197,5.21458507157896
7.25030566092645,75.1102946189881,3.39893081555451
587.361930662287,225.997616164795,4.13744157289713
440.397159370485,461.681891981762,4.87283720965309
658.237706812045,374.832013848412,3.1623980677791
107.639813201627,487.522335751971,4.35985196596372
620.052502402186,91.9560632203165,4.06029809415146
420.539517535652,254.793916374239,3.56415503208109
11.1942064093368,180.787331759804,3.207464529043
76.5175830138101,114.826046765694,4.42991298828622
619.145737725658,213.973270291706,4.58715881993819
256.681458289036,219.172982278627,3.98579487963838
577.42790027428,432.593683240194,3.67540479293016
297.449431641179,136.487192618309,3.91526267234334
523.670990218018,456.522768519561,3.49776505350531
42.3505631132656,419.466677775554,4.0971123353265
193.764678914148,281.350690757865,4.09028660725239
547.169652610012,268.330938760748,3.71485007188517
178.916213267346,31.2441724102965,4.33245013909152
502.925195341512,333.237930744771,4.45305720481428
41.9966789172143,50.7237248530592,4.03725565716189
552.524689762579,135.678859218167,4.81450485143534
NA,NA,NA
663.925225001862,335.697034604709,3.49157970627985
455.3743438534,296.349980502573,3.61488535238131
7.42826258034094,491.964461722132,3.69424392192464
561.787218149524,53.3977811641266,4.10104203745224
73.2263881559067,377.675946199706,3.95789575435219
230.238423384699,415.674424562759,3.91441593912648
425.274207790894,12.6350569523315,3.34614035743783
362.456554507643,292.991426179828,3.0384650245723
609.062245819611,109.22280256218,4.15344699250619
395.415553578803,227.260153114846,4.17095207257261
574.274439935234,407.25020785529,4.75053345690588
134.59061459925,278.726326579123,4.57106258177178
194.314561479484,368.210686230768,3.9388961953666
122.210845371077,411.299493868516,3.36024550323194
630.685112542168,314.508650601057,4.60536154399035
4.91083214332604,147.839152108627,4.31265291524285
546.187103933771,204.137402529731,4.15785872562197
34.8361319238725,489.214150226556,3.04519790736873
284.545339942761,26.8908331223691,3.78270514471079
534.374608916106,390.759473099483,3.27176194066433
82.7429015154871,79.3248985611687,5.21039000381546
2.14913529250507,78.7757466496939,3.49698333868375
589.435695922781,227.411581531951,4.03877504133629
444.869811309854,461.973151428447,4.86891426020497
659.237429818399,373.792785358842,2.81539066260993
107.742540695823,490.267978422499,4.29988465727313
624.45744775489,94.0152375691473,4.06955773036363
419.124399858184,256.66937654587,3.52324231445912
13.7244578444532,182.834114735404,3.1936065179241
64.0401248116669,123.167918485346,4.45372551726416
608.211830464033,209.582469975648,4.3458086305896
252.590273134979,220.000482509139,3.73983912237405
575.071010346743,432.077771441185,3.74004060248263
295.119098140943,134.039352945037,3.96124942743752
532.689423154652,459.959992246819,3.73755987448284
54.024862138603,434.123324332269,3.70203917574088
213.278217300671,292.708830315311,3.97042048629676
551.736495675802,263.231180075561,3.4842146536943
181.278125721418,24.1331044759067,4.00334789585066
496.869192425494,338.002490347858,4.47540613932252
29.1911670488312,52.29748358139,3.683554391158
536.824227932031,144.571445234919,4.74142715318143
NA,NA,NA
663.925225001862,335.697034604709,3.49157970627985
455.3743438534,296.349980502573,3.61488535238131
7.42826258034094,491.964461722132,3.69424392192464
561.787218149524,53.3977811641266,4.10104203745224
73.2263881559067,377.675946199706,3.95789575435219
230.238423384699,415.674424562759,3.91441593912648
425.274207790894,12.6350569523315,3.34614035743783
362.456554507643,292.991426179828,3.0384650245723
609.062245819611,109.22280256218,4.15344699250619
395.415553578803,227.260153114846,4.17095207257261
574.274439935234,407.25020785529,4.75053345690588
134.59061459925,278.726326579123,4.57106258177178
194.314561479484,368.210686230768,3.9388961953666
122.210845371077,411.299493868516,3.36024550323194
630.685112542168,314.508650601057,4.60536154399035
4.91083214332604,147.839152108627,4.31265291524285
546.187103933771,204.137402529731,4.15785872562197
34.8361319238725,489.214150226556,3.04519790736873
284.545339942761,26.8908331223691,3.78270514471079
534.374608916106,390.759473099483,3.27176194066433
82.7429015154871,79.3248985611687,5.21039000381546
2.14913529250507,78.7757466496939,3.49698333868375
589.435695922781,227.411581531951,4.03877504133629
444.869811309854,461.973151428447,4.86891426020497
659.237429818399,373.792785358842,2.81539066260993
107.742540695823,490.267978422499,4.29988465727313
624.45744775489,94.0152375691473,4.06955773036363
419.124399858184,256.66937654587,3.52324231445912
13.7244578444532,182.834114735404,3.1936065179241
64.0401248116669,123.167918485346,4.45372551726416
608.211830464033,209.582469975648,4.3458086305896
252.590273134979,220.000482509139,3.73983912237405
575.071010346743,432.077771441185,3.74004060248263
295.119098140943,134.039352945037,3.96124942743752
532.689423154652,459.959992246819,3.73755987448284
54.024862138603,434.123324332269,3.70203917574088
213.278217300671,292.708830315311,3.97042048629676
551.736495675802,263.231180075561,3.4842146536943
181.278125721418,24.1331044759067,4.00334789585066
496.869192425494,338.002490347858,4.47540613932252
29.1911670488312,52.29748358139,3.683554391158
536.824227932031,144.571445234919,4.74142715318143
NA,NA,NA
663.925225001862,335.697034604709,3.49157970627985
455.3743438534,296.349980502573,3.61488535238131
7.42826258034094,491.964461722132,3.69424392192464
561.787218149524,53.3977811641266,4.10104203745224
73.2263881559067,377.675946199706,3.95789575435219
230.238423384699,415.674424562759,3.91441593912648
425.274207790894,12.6350569523315,3.34614035743783
362.456554507643,292.991426179828,3.0384650245723
609.062245819611,109.22280256218,4.15344699250619
395.415553578803,227.260153114846,4.17095207257261
574.274439935234,407.25020785529,4.75053345690588
134.59061459925,278.726326579123,4.57106258177178
194.314561479484,368.210686230768,3.9388961953666
122.210845371077,411.299493868516,3.36024550323194
630.685112542168,314.508650601057,4.60536154399035
4.91083214332604,147.839152108627,4.31265291524285
546.187103933771,204.137402529731,4.15785872562197
34.8361319238725,489.214150226556,3.04519790736873
284.545339942761,26.8908331223691,3.78270514471079
534.374608916106,390.759473099483,3.27176194066433
82.7429015154871,79.3248985611687,5.21039000381546
2.14913529250507,78.7757466496939,3.49698333868375
589.435695922781,227.411581531951,4.03877504133629
444.869811309854,461.973151428447,4.86891426020497
659.237429818399,373.792785358842,2.81539066260993
107.742540695823,490.267978422499,4.29988465727313
624.45744775489,94.0152375691473,4.06955773036363
419.124399858184,256.66937654587,3.52324231445912
13.7244578444532,182.834114735404,3.1936065179241
64.0401248116669,123.167918485346,4.45372551726416
608.211830464033,209.582469975648,4.3458086305896
252.590273134979,220.000482509139,3.73983912237405
575.071010346743,432.077771441185,3.74004060248263
295.119098140943,134.039352945037,3.96124942743752
532.689423154652,459.959992246819,3.73755987448284
54.024862138603,434.123324332269,3.70203917574088
213.278217300671,292.708830315311,3.97042048629676
551.736495675802,263.231180075561,3.4842146536943
181.278125721418,24.1331044759067,4.00334789585066
496.869192425494,338.002490347858,4.47540613932252
29.1911670488312,52.29748358139,3.683554391158
536.824227932031,144.571445234919,4.74142715318143
NA,NA,NA
663.925225001862,335.697034604709,3.49157970627985
455.3743438534,296.349980502573,3.61488535238131
7.42826258034094,491.964461722132,3.69424392192464
561.787218149524,53.3977811641266,4.10104203745224
73.2263881559067,377.675946199706,3.95789575435219
230.238423384699,415.674424562759,3.91441593912648
425.274207790894,12.6350569523315,3.34614035743783
362.456554507643,292.991426179828,3.0384650245723
609.062245819611,109.22280256218,4.15344699250619
395.415553578803,227.260153114846,4.17095207257261
574.274439935234,407.25020785529,4.75053345690588
134.59061459925,278.726326579123,4.57106258177178
194.314561479484,368.210686230768,3.9388961953666
122.210845371077,411.299493868516,3.36024550323194
630.685112542168,314.508650601057,4.60536154399035
4.91083214332604,147.839152108627,4.31265291524285
546.187103933771,204.137402529731,4.15785872562197
34.8361319238725,489.214150226556,3.04519790736873
284.545339942761,26.8908331223691,3.78270514471079
534.374608916106,390.759473099483,3.27176194066433
82.7429015154871,79.3248985611687,5.21039000381546
2.14913529250507,78.7757466496939,3.49698333868375
589.435695922781,227.411581531951,4.03877504133629
444.869811309854,461.973151428447,4.86891426020497
659.237429818399,373.792785358842,2.81539066260993
107.742540695823,490.267978422499,4.29988465727313
624.45744775489,94.0152375691473,4.06955773036363
419.124399858184,256.66937654587,3.52324231445912
13.7244578444532,182.834114735404,3.1936065179241
64.0401248116669,123.167918485346,4.45372551726416
608.211830464033,209.582469975648,4.3458086305896
252.590273134979,220.000482509139,3.73983912237405
575.071010346743,432.077771441185,3.74004060248263
295.119098140943,134.039352945037,3.96124942743752
532.689423154652,459.959992246819,3.73755987448284
54.024862138603,434.123324332269,3.70203917574088
213.278217300671,292.708830315311,3.97042048629676
551.736495675802,263.231180075561,3.4842146536943
181.278125721418,24.1331044759067,4.00334789585066
496.869192425494,338.002490347858,4.47540613932252
29.1911670488312,52.29748358139,3.683554391158
536.824227932031,144.571445234919,4.74142715318143
NA,NA,NA
663.925225001862,335.697034604709,3.49157970627985
455.3743438534,296.349980502573,3.61488535238131
7.42826258034094,491.964461722132,3.69424392192464
561.787218149524,53.3977811641266,4.10104203745224
73.2263881559067,377.675946199706,3.95789575435219
230.238423384699,415.674424562759,3.91441593912648
425.274207790894,12.6350569523315,3.34614035743783
362.456554507643,292.991426179828,3.0384650245723
609.062245819611,109.22280256218,4.15344699250619
395.415553578803,227.260153114846,4.17095207257261
574.274439935234,407.25020785529,4.75053345690588
134.59061459925,278.726326579123,4.57106258177178
194.314561479484,368.210686230768,3.9388961953666
122.210845371077,411.299493868516,3.36024550323194
630.685112542168,314.508650601057,4.60536154399035
4.91083214332604,147.839152108627,4.31265291524285
546.187103933771,204.137402529731,4.15785872562197
34.8361319238725,489.214150226556,3.04519790736873
284.545339942761,26.8908331223691,3.78270514471079
534.374608916106,390.759473099483,3.27176194066433
82.7429015154871,79.3248985611687,5.21039000381546
2.14913529250507,78.7757466496939,3.49698333868375
589.435695922781,227.411581531951,4.03877504133629
444.869811309854,461.973151428447,4.86891426020497
659.237429818399,373.792785358842,2.81539066260993
107.742540695823,490.267978422499,4.29988465727313
624.45744775489,94.0152375691473,4.06955773036363
419.124399858184,256.66937654587,3.52324231445912
13.7244578444532,182.834114735404,3.1936065179241
64.0401248116669,123.167918485346,4.45372551726416
608.211830464033,209.582469975648,4.3458086305896
252.590273134979,220.000482509139,3.73983912237405
575.071010346743,432.077771441185,3.74004060248263
295.119098140943,134.039352945037,3.96124942743752
532.689423154652,459.959992246819,3.73755987448284
54.024862138603,434.123324332269,3.70203917574088
213.278217300671,292.708830315311,3.97042048629676
551.736495675802,263.231180075561,3.4842146536943
181.278125721418,24.1331044759067,4.00334789585066
496.869192425494,338.002490347858,4.47540613932252
29.1911670488312,52.29748358139,3.683554391158
536.824227932031,144.571445234919,4.74142715318143
NA,NA,NA
663.925225001862,335.697034604709,3.49157970627985
455.3743438534,296.349980502573,3.61488535238131
7.42826258034094,491.964461722132,3.69424392192464
561.787218149524,53.3977811641266,4.10104203745224
73.2263881559067,377.675946199706,3.95789575435219
230.238423384699,415.674424562759,3.91441593912648
425.274207790894,12.6350569523315,3.34614035743783
362.456554507643,292.991426179828,3.0384650245723
609.062245819611,109.22280256218,4.15344699250619
395.415553578803,227.260153114846,4.17095207257261
574.274439935234,407.25020785529,4.75053345690588
134.59061459925,278.726326579123,4.57106258177178
194.314561479484,368.210686230768,3.9388961953666
122.210845371077,411.299493868516,3.36024550323194
630.685112542168,314.508650601057,4.60536154399035
4.91083214332604,147.839152108627,4.31265291524285
546.187103933771,204.137402529731,4.15785872562197
34.8361319238725,489.214150226556,3.04519790736873
284.545339942761,26.8908331223691,3.78270514471079
534.374608916106,390.759473099483,3.27176194066433
82.7429015154871,79.3248985611687,5.21039000381546
2.14913529250507,78.7757466496939,3.49698333868375
589.435695922781,227.411581531951,4.03877504133629
444.869811309854,461.973151428447,4.86891426020497
659.237429818399,373.792785358842,2.81539066260993
107.742540695823,490.267978422499,4.29988465727313
624.45744775489,94.0152375691473,4.06955773036363
419.124399858184,256.66937654587,3.52324231445912
13.7244578444532,182.834114735404,3.1936065179241
64.0401248116669,123.167918485346,4.45372551726416
608.211830464033,209.582469975648,4.3458086305896
252.590273134979,220.000482509139,3.73983912237405
575.071010346743,432.077771441185,3.74004060248263
295.119098140943,134.039352945037,3.96124942743752
532.689423154652,459.959992246819,3.73755987448284
54.024862138603,434.123324332269,3.70203917574088
213.278217300671,292.708830315311,3.97042048629676
551.736495675802,263.231180075561,3.4842146536943
181.278125721418,24.1331044759067,4.00334789585066
496.869192425494,338.002490347858,4.47540613932252
29.1911670488312,52.29748358139,3.683554391158
536.824227932031,144.571445234919,4.74142715318143
NA,NA,NA
663.145126840126,334.034167646822,3.46841767927823
457.777814671372,301.638785060093,3.43800472762008
11.9697742115032,492.600970882109,3.62013274657547
559.354017480247,51.9317182132735,4.33136484617189
67.9506542632243,379.041761532559,3.95124496257862
229.417532891625,416.455024088833,3.90998515298229
432.634326490487,13.4976378404134,3.15885946371307
365.01352124508,290.985597801986,3.24500674797116
599.808911573656,102.375159872882,4.34004050521176
393.769993397671,229.426556756396,4.24827357209703
569.948902410779,416.80553375346,4.77076088419769
139.408334055712,287.578371260535,4.51445121523557
201.615176615715,367.623709592692,4.17361034972958
123.775356028005,412.475417256634,3.44830928971055
622.551662711607,309.849698386477,4.60928075453616
2.65803529615164,152.397729748591,4.34790604862871
542.575060108998,202.323448384449,4.07512514492312
34.6559207428304,491.043790806399,3.0145033616113
281.085452263042,21.7371785505349,3.78392670334288
535.09358992723,391.191875920091,3.38289703319561
75.7536393375839,76.1367344703648,5.30807563926082
4.9443643482902,78.4450384035981,3.40683364249341
586.519067954872,227.454429806636,4.01416476599405
437.060088109834,461.307612826449,4.76349513682304
659.344466587356,374.334050971506,3.08074496251861
104.058054776824,487.423533865768,4.29059497305627
623.093741840838,92.2562488597026,4.05103641757228
418.230259165513,254.01609953466,3.724927410825
11.1275829384937,182.40652492345,3.2193755279902
53.5893604999518,116.148339730367,4.35607914830161
621.156727574026,203.779835421066,4.44698616510182
251.585432113957,223.82408869098,3.64629530488785
575.297474230834,430.70242555526,3.897174991704
296.642291933699,138.264705747788,3.70737774119523
533.132467780098,459.86972737094,3.7070303699406
42.8811611321569,417.571045131592,4.1432054952212
191.44138749761,282.838229214019,4.17256780702315
548.914114611295,263.405992112356,3.65394233439338
173.462636316369,35.3529587073792,4.0655890209264
496.962350263971,340.854221253968,4.7828144006506
50.3780290234216,49.105210005607,3.46130516663053
546.071109639655,161.340625544992,4.62525272815511
NA,NA,NA
663.145126840126,334.034167646822,3.46841767927823
457.777814671372,301.638785060093,3.43800472762008
11.9697742115032,492.600970882109,3.62013274657547
559.354017480247,51.9317182132735,4.33136484617189
67.9506542632243,379.041761532559,3.95124496257862
229.417532891625,416.455024088833,3.90998515298229
432.634326490487,13.4976378404134,3.15885946371307
365.01352124508,290.985597801986,3.24500674797116
599.808911573656,102.375159872882,4.34004050521176
393.769993397671,229.426556756396,4.24827357209703
569.948902410779,416.80553375346,4.77076088419769
139.408334055712,287.578371260535,4.51445121523557
201.615176615715,367.623709592692,4.17361034972958
123.775356028005,412.475417256634,3.44830928971055
622.551662711607,309.849698386477,4.60928075453616
2.65803529615164,152.397729748591,4.34790604862871
542.575060108998,202.323448384449,4.07512514492312
34.6559207428304,491.043790806399,3.0145033616113
281.085452263042,21.7371785505349,3.78392670334288
535.09358992723,391.191875920091,3.38289703319561
75.7536393375839,76.1367344703648,5.30807563926082
4.9443643482902,78.4450384035981,3.40683364249341
586.519067954872,227.454429806636,4.01416476599405
437.060088109834,461.307612826449,4.76349513682304
659.344466587356,374.334050971506,3.08074496251861
104.058054776824,487.423533865768,4.29059497305627
623.093741840838,92.2562488597026,4.05103641757228
418.230259165513,254.01609953466,3.724927410825
11.1275829384937,182.40652492345,3.2193755279902
53.5893604999518,116.148339730367,4.35607914830161
621.156727574026,203.779835421066,4.44698616510182
251.585432113957,223.82408869098,3.64629530488785
575.297474230834,430.70242555526,3.897174991704
296.642291933699,138.264705747788,3.70737774119523
533.132467780098,459.86972737094,3.7070303699406
42.8811611321569,417.571045131592,4.1432054952212
191.44138749761,282.838229214019,4.17256780702315
548.914114611295,263.405992112356,3.65394233439338
173.462636316369,35.3529587073792,4.0655890209264
496.962350263971,340.854221253968,4.7828144006506
50.3780290234216,49.105210005607,3.46130516663053
546.071109639655,161.340625544992,4.62525272815511
NA,NA,NA
663.145126840126,334.034167646822,3.46841767927823
457.777814671372,301.638785060093,3.43800472762008
11.9697742115032,492.600970882109,3.62013274657547
559.354017480247,51.9317182132735,4.33136484617189
67.9506542632243,379.041761532559,3.95124496257862
229.417532891625,416.455024088833,3.90998515298229
432.634326490487,13.4976378404134,3.15885946371307
365.01352124508,290.985597801986,3.24500674797116
599.808911573656,102.375159872882,4.34004050521176
393.769993397671,229.426556756396,4.24827357209703
569.948902410779,416.80553375346,4.77076088419769
139.408334055712,287.578371260535,4.51445121523557
201.615176615715,367.623709592692,4.17361034972958
123.775356028005,412.475417256634,3.44830928971055
622.551662711607,309.849698386477,4.60928075453616
2.65803529615164,152.397729748591,4.34790604862871
542.575060108998,202.323448384449,4.07512514492312
34.6559207428304,491.043790806399,3.0145033616113
281.085452263042,21.7371785505349,3.78392670334288
535.09358992723,391.191875920091,3.38289703319561
75.7536393375839,76.1367344703648,5.30807563926082
4.9443643482902,78.4450384035981,3.40683364249341
586.519067954872,227.454429806636,4.01416476599405
437.060088109834,461.307612826449,4.76349513682304
659.344466587356,374.334050971506,3.08074496251861
104.058054776824,487.423533865768,4.29059497305627
623.093741840838,92.2562488597026,4.05103641757228
418.230259165513,254.01609953466,3.724927410825
11.1275829384937,182.40652492345,3.2193755279902
53.5893604999518,116.148339730367,4.35607914830161
621.156727574026,203.779835421066,4.44698616510182
251.585432113957,223.82408869098,3.64629530488785
575.297474230834,430.70242555526,3.897174991704
296.642291933699,138.264705747788,3.70737774119523
533.132467780098,459.86972737094,3.7070303699406
42.8811611321569,417.571045131592,4.1432054952212
191.44138749761,282.838229214019,4.17256780702315
548.914114611295,263.405992112356,3.65394233439338
173.462636316369,35.3529587073792,4.0655890209264
496.962350263971,340.854221253968,4.7828144006506
50.3780290234216,49.105210005607,3.46130516663053
546.071109639655,161.340625544992,4.62525272815511
NA,NA,NA
663.145126840126,334.034167646822,3.46841767927823
457.777814671372,301.638785060093,3.43800472762008
11.9697742115032,492.600970882109,3.62013274657547
559.354017480247,51.9317182132735,4.33136484617189
67.9506542632243,379.041761532559,3.95124496257862
229.417532891625,416.455024088833,3.90998515298229
432.634326490487,13.4976378404134,3.15885946371307
365.01352124508,290.985597801986,3.24500674797116
599.808911573656,102.375159872882,4.34004050521176
393.769993397671,229.426556756396,4.24827357209703
569.948902410779,416.80553375346,4.77076088419769
139.408334055712,287.578371260535,4.51445121523557
201.615176615715,367.623709592692,4.17361034972958
123.775356028005,412.475417256634,3.44830928971055
622.551662711607,309.849698386477,4.60928075453616
2.65803529615164,152.397729748591,4.34790604862871
542.575060108998,202.323448384449,4.07512514492312
34.6559207428304,491.043790806399,3.0145033616113
281.085452263042,21.7371785505349,3.78392670334288
535.09358992723,391.191875920091,3.38289703319561
75.7536393375839,76.1367344703648,5.30807563926082
4.9443643482902,78.4450384035981,3.40683364249341
586.519067954872,227.454429806636,4.01416476599405
437.060088109834,461.307612826449,4.76349513682304
659.344466587356,374.334050971506,3.08074496251861
104.058054776824,487.423533865768,4.29059497305627
623.093741840838,92.2562488597026,4.05103641757228
418.230259165513,254.01609953466,3.724927410825
11.1275829384937,182.40652492345,3.2193755279902
53.5893604999518,116.148339730367,4.35607914830161
621.156727574026,203.779835421066,4.44698616510182
251.585432113957,223.82408869098,3.64629530488785
575.297474230834,430.70242555526,3.897174991704
296.642291933699,138.264705747788,3.70737774119523
533.132467780098,459.86972737094,3.7070303699406
42.8811611321569,417.571045131592,4.1432054952212
191.44138749761,282.838229214019,4.17256780702315
548.914114611295,263.405992112356,3.65394233439338
173.462636316369,35.3529587073792,4.0655890209264
496.962350263971,340.854221253968,4.7828144006506
50.3780290234216,49.105210005607,3.46130516663053
546.071109639655,161.340625544992,4.62525272815511
NA,NA,NA
663.145126840126,334.034167646822,3.46841767927823
457.777814671372,301.638785060093,3.43800472762008
11.9697742115032,492.600970882109,3.62013274657547
559.354017480247,51.9317182132735,4.33136484617189
67.9506542632243,379.041761532559,3.95124496257862
229.417532891625,416.455024088833,3.90998515298229
432.634326490487,13.4976378404134,3.15885946371307
365.01352124508,290.985597801986,3.24500674797116
599.808911573656,102.375159872882,4.34004050521176
393.769993397671,229.426556756396,4.24827357209703
569.948902410779,416.80553375346,4.77076088419769
139.408334055712,287.578371260535,4.51445121523557
201.615176615715,367.623709592692,4.17361034972958
123.775356028005,412.475417256634,3.44830928971055
622.551662711607,309.849698386477,4.60928075453616
2.65803529615164,152.397729748591,4.34790604862871
542.575060108998,202.323448384449,4.07512514492312
34.6559207428304,491.043790806399,3.0145033616113
281.085452263042,21.7371785505349,3.78392670334288
535.09358992723,391.191875920091,3.38289703319561
75.7536393375839,76.1367344703648,5.30807563926082
4.9443643482902,78.4450384035981,3.40683364249341
586.519067954872,227.454429806636,4.01416476599405
437.060088109834,461.307612826449,4.76349513682304
659.344466587356,374.334050971506,3.08074496251861
104.058054776824,487.423533865768,4.29059497305627
623.093741840838,92.2562488597026,4.05103641757228
418.230259165513,254.01609953466,3.724927410825
11.1275829384937,182.40652492345,3.2193755279902
53.5893604999518,116.148339730367,4.35607914830161
621.156727574026,203.779835421066,4.44698616510182
251.585432113957,223.82408869098,3.64629530488785
575.297474230834,430.70242555526,3.897174991704
296.642291933699,138.264705747788,3.70737774119523
533.132467780098,459.86972737094,3.7070303699406
42.8811611321569,417.571045131592,4.1432054952212
191.44138749761,282.838229214019,4.17256780702315
548.914114611295,263.405992112356,3.65394233439338
173.462636316369,35.3529587073792,4.0655890209264
496.962350263971,340.854221253968,4.7828144006506
50.3780290234216,49.105210005607,3.46130516663053
546.071109639655,161.340625544992,4.62525272815511
NA,NA,NA
663.145126840126,334.034167646822,3.46841767927823
457.777814671372,301.638785060093,3.43800472762008
11.9697742115032,492.600970882109,3.62013274657547
559.354017480247,51.9317182132735,4.33136484617189
67.9506542632243,379.041761532559,3.95124496257862
229.417532891625,416.455024088833,3.90998515298229
432.634326490487,13.4976378404134,3.15885946371307
365.01352124508,290.985597801986,3.24500674797116
599.808911573656,102.375159872882,4.34004050521176
393.769993397671,229.426556756396,4.24827357209703
569.948902410779,416.80553375346,4.77076088419769
139.408334055712,287.578371260535,4.51445121523557
201.615176615715,367.623709592692,4.17361034972958
123.775356028005,412.475417256634,3.44830928971055
622.551662711607,309.849698386477,4.60928075453616
2.65803529615164,152.397729748591,4.34790604862871
542.575060108998,202.323448384449,4.07512514492312
34.6559207428304,491.043790806399,3.0145033616113
281.085452263042,21.7371785505349,3.78392670334288
535.09358992723,391.191875920091,3.38289703319561
75.7536393375839,76.1367344703648,5.30807563926082
4.9443643482902,78.4450384035981,3.40683364249341
586.519067954872,227.454429806636,4.01416476599405
437.060088109834,461.307612826449,4.76349513682304
659.344466587356,374.334050971506,3.08074496251861
104.058054776824,487.423533865768,4.29059497305627
623.093741840838,92.2562488597026,4.05103641757228
418.230259165513,254.01609953466,3.724927410825
11.1275829384937,182.40652492345,3.2193755279902
53.5893604999518,116.148339730367,4.35607914830161
621.156727574026,203.779835421066,4.44698616510182
251.585432113957,223.82408869098,3.64629530488785
575.297474230834,430.70242555526,3.897174991704
296.642291933699,138.264705747788,3.70737774119523
533.132467780098,459.86972737094,3.7070303699406
42.8811611321569,417.571045131592,4.1432054952212
191.44138749761,282.838229214019,4.17256780702315
548.914114611295,263.405992112356,3.65394233439338
173.462636316369,35.3529587073792,4.0655890209264
496.962350263971,340.854221253968,4.7828144006506
50.3780290234216,49.105210005607,3.46130516663053
546.071109639655,161.340625544992,4.62525272815511
NA,NA,NA
661.630155114104,333.130951382208,3.45614321557075
452.18337754245,298.611447838221,3.73503392745221
7.53446098045784,491.791836918294,3.62660208249449
558.99105251061,52.0002281311765,4.32155677079875
72.1604153898912,377.315840060482,3.99502122093798
225.595322741684,420.101099900456,3.81735742455282
428.96230061401,14.563215644123,3.35821990850535
363.275810514563,290.219859021244,2.92476309797223
599.742355733439,104.332865505047,4.27669250788946
394.753426594378,230.244358296239,4.21849682220872
566.643001672388,408.133566994435,4.76378607477326
142.575775925475,283.972950966233,4.5832269258908
196.506877664242,373.702430755625,4.01824663949566
126.328764853348,415.011567944055,3.50154816394626
627.593314148075,313.165825010748,4.6104918023444
0.667477622185247,145.620144302118,4.16873726921297
537.892457925167,202.973748489918,4.23349155657862
33.7989110753961,489.56518767473,3.06877361770206
279.63313569227,26.3247596291798,3.8005279333737
532.368054625796,391.334286893266,3.36083469270153
81.1651880045732,86.2859411983917,5.34276482315683
3.96158148708456,78.0928946016138,3.48585825961104
589.068683227256,226.525518928582,4.04990000339981
433.451269904827,460.736111044687,4.70394753698961
660.837506093091,371.345954091555,3.30947646942698
102.934811924236,487.618156170031,4.31665690473599
624.382729496043,86.1368249167781,4.03622559548012
420.155303108432,259.853354312213,3.66465120445442
11.8394885005117,180.756168247023,3.1750362279138
71.0933297726174,114.294923659583,4.64860057692272
614.981474025022,199.05100885156,4.26793539141879
250.119550302977,214.477621801423,3.69663569722974
576.639864410374,425.957665206081,3.8014537676863
302.63846900188,135.063214031831,3.97119153311526
516.84513216164,463.285590520197,3.7254002179271
48.194843970781,414.882341803047,3.9421130328687
197.534886852723,287.455981696305,4.34240558478953
547.570046781326,263.612365323479,3.75064671366052
168.996924872372,23.7776348059505,4.26963267760726
511.552348405269,341.670363780812,4.45916640455376
29.9851700782378,57.4367937977261,3.80379726647315
540.457721402399,147.021182157772,5.20299952698851
NA,NA,NA
661.630155114104,333.130951382208,3.45614321557075
452.18337754245,298.611447838221,3.73503392745221
7.53446098045784,491.791836918294,3.62660208249449
558.99105251061,52.0002281311765,4.32155677079875
72.1604153898912,377.315840060482,3.99502122093798
225.595322741684,420.101099900456,3.81735742455282
428.96230061401,14.563215644123,3.35821990850535
363.275810514563,290.219859021244,2.92476309797223
599.742355733439,104.332865505047,4.27669250788946
394.753426594378,230.244358296239,4.21849682220872
566.643001672388,408.133566994435,4.76378607477326
142.575775925475,283.972950966233,4.5832269258908
196.506877664242,373.702430755625,4.01824663949566
126.328764853348,415.011567944055,3.50154816394626
627.593314148075,313.165825010748,4.6104918023444
0.667477622185247,145.620144302118,4.16873726921297
537.892457925167,202.973748489918,4.23349155657862
33.7989110753961,489.56518767473,3.06877361770206
279.63313569227,26.3247596291798,3.8005279333737
532.368054625796,391.334286893266,3.36083469270153
81.1651880045732,86.2859411983917,5.34276482315683
3.96158148708456,78.0928946016138,3.48585825961104
589.068683227256,226.525518928582,4.04990000339981
433.451269904827,460.736111044687,4.70394753698961
660.837506093091,371.345954091555,3.30947646942698
102.934811924236,487.618156170031,4.31665690473599
624.382729496043,86.1368249167781,4.03622559548012
420.155303108432,259.853354312213,3.66465120445442
11.8394885005117,180.756168247023,3.1750362279138
71.0933297726174,114.294923659583,4.64860057692272
614.981474025022,199.05100885156,4.26793539141879
250.119550302977,214.477621801423,3.69663569722974
576.639864410374,425.957665206081,3.8014537676863
302.63846900188,135.063214031831,3.97119153311526
516.84513216164,463.285590520197,3.7254002179271
48.194843970781,414.882341803047,3.9421130328687
197.534886852723,287.455981696305,4.34240558478953
547.570046781326,263.612365323479,3.75064671366052
168.996924872372,23.7776348059505,4.26963267760726
511.552348405269,341.670363780812,4.45916640455376
29.9851700782378,57.4367937977261,3.80379726647315
540.457721402399,147.021182157772,5.20299952698851
NA,NA,NA
661.630155114104,333.130951382208,3.45614321557075
452.18337754245,298.611447838221,3.73503392745221
7.53446098045784,491.791836918294,3.62660208249449
558.99105251061,52.0002281311765,4.32155677079875
72.1604153898912,377.315840060482,3.99502122093798
225.595322741684,420.101099900456,3.81735742455282
428.96230061401,14.563215644123,3.35821990850535
363.275810514563,290.219859021244,2.92476309797223
599.742355733439,104.332865505047,4.27669250788946
394.753426594378,230.244358296239,4.21849682220872
566.643001672388,408.133566994435,4.76378607477326
142.575775925475,283.972950966233,4.5832269258908
196.506877664242,373.702430755625,4.01824663949566
126.328764853348,415.011567944055,3.50154816394626
627.593314148075,313.165825010748,4.6104918023444
0.667477622185247,145.620144302118,4.16873726921297
537.892457925167,202.973748489918,4.23349155657862
33.7989110753961,489.56518767473,3.06877361770206
279.63313569227,26.3247596291798,3.8005279333737
532.368054625796,391.334286893266,3.36083469270153
81.1651880045732,86.2859411983917,5.34276482315683
3.96158148708456,78.0928946016138,3.48585825961104
589.068683227256,226.525518928582,4.04990000339981
433.451269904827,460.736111044687,4.70394753698961
660.837506093091,371.345954091555,3.30947646942698
102.934811924236,487.618156170031,4.31665690473599
624.382729496043,86.1368249167781,4.03622559548012
420.155303108432,259.853354312213,3.66465120445442
11.8394885005117,180.756168247023,3.1750362279138
71.0933297726174,114.294923659583,4.64860057692272
614.981474025022,199.05100885156,4.26793539141879
250.119550302977,214.477621801423,3.69663569722974
576.639864410374,425.957665206081,3.8014537676863
302.63846900188,135.063214031831,3.97119153311526
516.84513216164,463.285590520197,3.7254002179271
48.194843970781,414.882341803047,3.9421130328687
197.534886852723,287.455981696305,4.34240558478953
547.570046781326,263.612365323479,3.75064671366052
168.996924872372,23.7776348059505,4.26963267760726
511.552348405269,341.670363780812,4.45916640455376
29.9851700782378,57.4367937977261,3.80379726647315
540.457721402399,147.021182157772,5.20299952698851
NA,NA,NA
661.630155114104,333.130951382208,3.45614321557075
452.18337754245,298.611447838221,3.73503392745221
7.53446098045784,491.791836918294,3.62660208249449
558.99105251061,52.0002281311765,4.32155677079875
72.1604153898912,377.315840060482,3.99502122093798
225.595322741684,420.101099900456,3.81735742455282
428.96230061401,14.563215644123,3.35821990850535
363.275810514563,290.219859021244,2.92476309797223
599.742355733439,104.332865505047,4.27669250788946
394.753426594378,230.244358296239,4.21849682220872
566.643001672388,408.133566994435,4.76378607477326
142.575775925475,283.972950966233,4.5832269258908
196.506877664242,373.702430755625,4.01824663949566
126.328764853348,415.011567944055,3.50154816394626
627.593314148075,313.165825010748,4.6104918023444
0.667477622185247,145.620144302118,4.16873726921297
537.892457925167,202.973748489918,4.23349155657862
33.7989110753961,489.56518767473,3.06877361770206
279.63313569227,26.3247596291798,3.8005279333737
532.368054625796,391.334286893266,3.36083469270153
81.1651880045732,86.2859411983917,5.34276482315683
3.96158148708456,78.0928946016138,3.48585825961104
589.068683227256,226.525518928582,4.04990000339981
433.451269904827,460.736111044687,4.70394753698961
660.837506093091,371.345954091555,3.30947646942698
102.934811924236,487.618156170031,4.31665690473599
624.382729496043,86.1368249167781,4.03622559548012
420.155303108432,259.853354312213,3.66465120445442
11.8394885005117,180.756168247023,3.1750362279138
71.0933297726174,114.294923659583,4.64860057692272
614.981474025022,199.05100885156,4.26793539141879
250.119550302977,214.477621801423,3.69663569722974
576.639864410374,425.957665206081,3.8014537676863
302.63846900188,135.063214031831,3.97119153311526
516.84513216164,463.285590520197,3.7254002179271
48.194843970781,414.882341803047,3.9421130328687
197.534886852723,287.455981696305,4.34240558478953
547.570046781326,263.612365323479,3.75064671366052
168.996924872372,23.7776348059505,4.26963267760726
511.552348405269,341.670363780812,4.45916640455376
29.9851700782378,57.4367937977261,3.80379726647315
540.457721402399,147.021182157772,5.20299952698851
NA,NA,NA
661.630155114104,333.130951382208,3.45614321557075
452.18337754245,298.611447838221,3.73503392745221
7.53446098045784,491.791836918294,3.62660208249449
558.99105251061,52.0002281311765,4.32155677079875
72.1604153898912,377.315840060482,3.99502122093798
225.595322741684,420.101099900456,3.81735742455282
428.96230061401,14.563215644123,3.35821990850535
363.275810514563,290.219859021244,2.92476309797223
599.742355733439,104.332865505047,4.27669250788946
394.753426594378,230.244358296239,4.21849682220872
566.643001672388,408.133566994435,4.76378607477326
142.575775925475,283.972950966233,4.5832269258908
196.506877664242,373.702430755625,4.01824663949566
126.328764853348,415.011567944055,3.50154816394626
627.593314148075,313.165825010748,4.6104918023444
0.667477622185247,145.620144302118,4.16873726921297
537.892457925167,202.973748489918,4.23349155657862
33.7989110753961,489.56518767473,3.06877361770206
279.63313569227,26.3247596291798,3.8005279333737
532.368054625796,391.334286893266,3.36083469270153
81.1651880045732,86.2859411983917,5.34276482315683
3.96158148708456,78.0928946016138,3.48585825961104
589.068683227256,226.525518928582,4.04990000339981
433.451269904827,460.736111044687,4.70394753698961
660.837506093091,371.345954091555,3.30947646942698
102.934811924236,487.618156170031,4.31665690473599
624.382729496043,86.1368249167781,4.03622559548012
420.155303108432,259.853354312213,3.66465120445442
11.8394885005117,180.756168247023,3.1750362279138
71.0933297726174,114.294923659583,4.64860057692272
614.981474025022,199.05100885156,4.26793539141879
250.119550302977,214.477621801423,3.69663569722974
576.639864410374,425.957665206081,3.8014537676863
302.63846900188,135.063214031831,3.97119153311526
516.84513216164,463.285590520197,3.7254002179271
48.194843970781,414.882341803047,3.9421130328687
197.534886852723,287.455981696305,4.34240558478953
547.570046781326,263.612365323479,3.75064671366052
168.996924872372,23.7776348059505,4.26963267760726
511.552348405269,341.670363780812,4.45916640455376
29.9851700782378,57.4367937977261,3.80379726647315
540.457721402399,147.021182157772,5.20299952698851
NA,NA,NA
661.630155114104,333.130951382208,3.45614321557075
452.18337754245,298.611447838221,3.73503392745221
7.53446098045784,491.791836918294,3.62660208249449
558.99105251061,52.0002281311765,4.32155677079875
72.1604153898912,377.315840060482,3.99502122093798
225.595322741684,420.101099900456,3.81735742455282
428.96230061401,14.563215644123,3.35821990850535
363.275810514563,290.219859021244,2.92476309797223
599.742355733439,104.332865505047,4.27669250788946
394.753426594378,230.244358296239,4.21849682220872
566.643001672388,408.133566994435,4.76378607477326
142.575775925475,283.972950966233,4.5832269258908
196.506877664242,373.702430755625,4.01824663949566
126.328764853348,415.011567944055,3.50154816394626
627.593314148075,313.165825010748,4.6104918023444
0.667477622185247,145.620144302118,4.16873726921297
537.892457925167,202.973748489918,4.23349155657862
33.7989110753961,489.56518767473,3.06877361770206
279.63313569227,26.3247596291798,3.8005279333737
532.368054625796,391.334286893266,3.36083469270153
81.1651880045732,86.2859411983917,5.34276482315683
3.96158148708456,78.0928946016138,3.48585825961104
589.068683227256,226.525518928582,4.04990000339981
433.451269904827,460.736111044687,4.70394753698961
660.837506093091,371.345954091555,3.30947646942698
102.934811924236,487.618156170031,4.31665690473599
624.382729496043,86.1368249167781,4.03622559548012
420.155303108432,259.853354312213,3.66465120445442
11.8394885005117,180.756168247023,3.1750362279138
71.0933297726174,114.294923659583,4.64860057692272
614.981474025022,199.05100885156,4.26793539141879
250.119550302977,214.477621801423,3.69663569722974
576.639864410374,425.957665206081,3.8014537676863
302.63846900188,135.063214031831,3.97119153311526
516.84513216164,463.285590520197,3.7254002179271
48.194843970781,414.882341803047,3.9421130328687
197.534886852723,287.455981696305,4.34240558478953
547.570046781326,263.612365323479,3.75064671366052
168.996924872372,23.7776348059505,4.26963267760726
511.552348405269,341.670363780812,4.45916640455376
29.9851700782378,57.4367937977261,3.80379726647315
540.457721402399,147.021182157772,5.20299952698851
NA,NA,NA
662.574939907085,332.829354453047,3.49757995512112
457.586087554717,300.373015008622,3.72937414185091
9.60672352613367,493.201299232006,3.63887442117562
566.574447543645,50.0388553567908,4.30932592519867
72.645990804533,379.484748292271,3.94351730278351
231.3830941913,407.393988571487,3.93211559662844
430.992118087589,12.7252690620724,3.3447390408776
362.041962303381,293.445457614484,2.99634062628612
602.705628034401,102.857766735828,4.27364797513818
389.777753887032,229.76984589981,4.23436296579698
569.342825342688,404.998622812396,4.70174652362333
143.589266147283,286.607577122945,4.5243959841104
195.642949299804,368.604266014101,3.98622823049598
123.447711924832,409.314673308427,3.42631289901256
624.797408694427,317.212288066513,4.59053442699204
2.98625299982387,143.766165098588,4.23414476225512
544.768765362509,203.955788700016,4.10359936917254
35.5090127307716,490.123995571449,3.00329791570096
279.204589639245,19.7439251180341,3.84159921830326
534.775526154848,392.371930177068,3.47083281336479
73.1425614342731,80.2062789312912,5.20727460074576
7.72003264410711,77.9044107548703,3.46132243893989
587.312130813941,231.529800002941,4.12351778830067
437.405112892755,457.252826442982,4.77939516444783
657.265564657458,370.10364728731,3.05208656090922
105.837291218512,488.916707604856,4.40259556552919
620.605070965828,90.9576694801725,4.11821377154224
417.925273877959,257.997615520937,3.64270896971535
10.8262669865399,182.977011564674,3.0310759088735
61.5328001836305,116.443086619083,4.50245025681462
617.171185583845,198.182821913225,4.20768495744841
258.513742451972,219.422681296792,3.87120944208501
572.523844238118,436.545125638068,3.75635879837873
302.488223695925,133.920039267289,3.92871297363523
533.766377275056,464.328268144867,3.52717076102253
49.3165646637291,413.896795880035,3.79095804366731
206.826387789436,292.337558917479,4.05366824360448
549.515649604779,261.152037152874,3.93785808294296
179.433226166211,31.624831581593,4.38858030556569
496.381182792042,344.870458943521,4.54853398478033
40.1913730155498,55.5969981716954,4.20523557313592
535.324270288001,160.237587393709,4.80978819422478
NA,NA,NA
662.574939907085,332.829354453047,3.49757995512112
457.586087554717,300.373015008622,3.72937414185091
9.60672352613367,493.201299232006,3.63887442117562
566.574447543645,50.0388553567908,4.30932592519867
72.645990804533,379.484748292271,3.94351730278351
231.3830941913,407.393988571487,3.93211559662844
430.992118087589,12.7252690620724,3.3447390408776
362.041962303381,293.445457614484,2.99634062628612
602.705628034401,102.857766735828,4.27364797513818
389.777753887032,229.76984589981,4.23436296579698
569.342825342688,404.998622812396,4.70174652362333
143.589266147283,286.607577122945,4.5243959841104
195.642949299804,368.604266014101,3.98622823049598
123.447711924832,409.314673308427,3.42631289901256
624.797408694427,317.212288066513,4.59053442699204
2.98625299982387,143.766165098588,4.23414476225512
544.768765362509,203.955788700016,4.10359936917254
35.5090127307716,490.123995571449,3.00329791570096
279.204589639245,19.7439251180341,3.84159921830326
534.775526154848,392.371930177068,3.47083281336479
73.1425614342731,80.2062789312912,5.20727460074576
7.72003264410711,77.9044107548703,3.46132243893989
587.312130813941,231.529800002941,4.12351778830067
437.405112892755,457.252826442982,4.77939516444783
657.265564657458,370.10364728731,3.05208656090922
105.837291218512,488.916707604856,4.40259556552919
620.605070965828,90.9576694801725,4.11821377154224
417.925273877959,257.997615520937,3.64270896971535
10.8262669865399,182.977011564674,3.0310759088735
61.5328001836305,116.443086619083,4.50245025681462
617.171185583845,198.182821913225,4.20768495744841
258.513742451972,219.422681296792,3.87120944208501
572.523844238118,436.545125638068,3.75635879837873
302.488223695925,133.920039267289,3.92871297363523
533.766377275056,464.328268144867,3.52717076102253
49.3165646637291,413.896795880035,3.79095804366731
206.826387789436,292.337558917479,4.05366824360448
549.515649604779,261.152037152874,3.93785808294296
179.433226166211,31.624831581593,4.38858030556569
496.381182792042,344.870458943521,4.54853398478033
40.1913730155498,55.5969981716954,4.20523557313592
535.324270288001,160.237587393709,4.80978819422478
NA,NA,NA
662.574939907085,332.829354453047,3.49757995512112
457.586087554717,300.373015008622,3.72937414185091
9.60672352613367,493.201299232006,3.63887442117562
566.574447543645,50.0388553567908,4.30932592519867
72.645990804533,379.484748292271,3.94351730278351
231.3830941913,407.393988571487,3.93211559662844
430.992118087589,12.7252690620724,3.3447390408776
362.041962303381,293.445457614484,2.99634062628612
602.705628034401,102.857766735828,4.27364797513818
389.777753887032,229.76984589981,4.23436296579698
569.342825342688,404.998622812396,4.70174652362333
143.589266147283,286.607577122945,4.5243959841104
195.642949299804,368.604266014101,3.98622823049598
123.447711924832,409.314673308427,3.42631289901256
624.797408694427,317.212288066513,4.59053442699204
2.98625299982387,143.766165098588,4.23414476225512
544.768765362509,203.955788700016,4.10359936917254
35.5090127307716,490.123995571449,3.00329791570096
279.204589639245,19.7439251180341,3.84159921830326
534.775526154848,392.371930177068,3.47083281336479
73.1425614342731,80.2062789312912,5.20727460074576
7.72003264410711,77.9044107548703,3.46132243893989
587.312130813941,231.529800002941,4.12351778830067
437.405112892755,457.252826442982,4.77939516444783
657.265564657458,370.10364728731,3.05208656090922
105.837291218512,488.916707604856,4.40259556552919
620.605070965828,90.9576694801725,4.11821377154224
417.925273877959,257.997615520937,3.64270896971535
10.8262669865399,182.977011564674,3.0310759088735
61.5328001836305,116.443086619083,4.50245025681462
617.171185583845,198.182821913225,4.20768495744841
258.513742451972,219.422681296792,3.87120944208501
572.523844238118,436.545125638068,3.75635879837873
302.488223695925,133.920039267289,3.92871297363523
533.766377275056,464.328268144867,3.52717076102253
49.3165646637291,413.896795880035,3.79095804366731
206.826387789436,292.337558917479,4.05366824360448
549.515649604779,261.152037152874,3.93785808294296
179.433226166211,31.624831581593,4.38858030556569
496.381182792042,344.870458943521,4.54853398478033
40.1913730155498,55.5969981716954,4.20523557313592
535.324270288001,160.237587393709,4.80978819422478
NA,NA,NA
662.574939907085,332.829354453047,3.49757995512112
457.586087554717,300.373015008622,3.72937414185091
9.60672352613367,493.201299232006,3.63887442117562
566.574447543645,50.0388553567908,4.30932592519867
72.645990804533,379.484748292271,3.94351730278351
231.3830941913,407.393988571487,3.93211559662844
430.992118087589,12.7252690620724,3.3447390408776
362.041962303381,293.445457614484,2.99634062628612
602.705628034401,102.857766735828,4.27364797513818
389.777753887032,229.76984589981,4.23436296579698
569.342825342688,404.998622812396,4.70174652362333
143.589266147283,286.607577122945,4.5243959841104
195.642949299804,368.604266014101,3.98622823049598
123.447711924832,409.314673308427,3.42631289901256
624.797408694427,317.212288066513,4.59053442699204
2.98625299982387,143.766165098588,4.23414476225512
544.768765362509,203.955788700016,4.10359936917254
35.5090127307716,490.123995571449,3.00329791570096
279.204589639245,19.7439251180341,3.84159921830326
534.775526154848,392.371930177068,3.47083281336479
73.1425614342731,80.2062789312912,5.20727460074576
7.72003264410711,77.9044107548703,3.46132243893989
587.312130813941,231.529800002941,4.12351778830067
437.405112892755,457.252826442982,4.77939516444783
657.265564657458,370.10364728731,3.05208656090922
105.837291218512,488.916707604856,4.40259556552919
620.605070965828,90.9576694801725,4.11821377154224
417.925273877959,257.997615520937,3.64270896971535
10.8262669865399,182.977011564674,3.0310759088735
61.5328001836305,116.443086619083,4.50245025681462
617.171185583845,198.182821913225,4.20768495744841
258.513742451972,219.422681296792,3.87120944208501
572.523844238118,436.545125638068,3.75635879837873
302.488223695925,133.920039267289,3.92871297363523
533.766377275056,464.328268144867,3.52717076102253
49.3165646637291,413.896795880035,3.79095804366731
206.826387789436,292.337558917479,4.05366824360448
549.515649604779,261.152037152874,3.93785808294296
179.433226166211,31.624831581593,4.38858030556569
496.381182792042,344.870458943521,4.54853398478033
40.1913730155498,55.5969981716954,4.20523557313592
535.324270288001,160.237587393709,4.80978819422478
NA,NA,NA
662.574939907085,332.829354453047,3.49757995512112
457.586087554717,300.373015008622,3.72937414185091
9.60672352613367,493.201299232006,3.63887442117562
566.574447543645,50.0388553567908,4.30932592519867
72.645990804533,379.484748292271,3.94351730278351
231.3830941913,407.393988571487,3.93211559662844
430.992118087589,12.7252690620724,3.3447390408776
362.041962303381,293.445457614484,2.99634062628612
602.705628034401,102.857766735828,4.27364797513818
389.777753887032,229.76984589981,4.23436296579698
569.342825342688,404.998622812396,4.70174652362333
143.589266147283,286.607577122945,4.5243959841104
195.642949299804,368.604266014101,3.98622823049598
123.447711924832,409.314673308427,3.42631289901256
624.797408694427,317.212288066513,4.59053442699204
2.98625299982387,143.766165098588,4.23414476225512
544.768765362509,203.955788700016,4.10359936917254
35.5090127307716,490.123995571449,3.00329791570096
279.204589639245,19.7439251180341,3.84159921830326
534.775526154848,392.371930177068,3.47083281336479
73.1425614342731,80.2062789312912,5.20727460074576
7.72003264410711,77.9044107548703,3.46132243893989
587.312130813941,231.529800002941,4.12351778830067
437.405112892755,457.252826442982,4.77939516444783
657.265564657458,370.10364728731,3.05208656090922
105.837291218512,488.916707604856,4.40259556552919
620.605070965828,90.9576694801725,4.11821377154224
417.925273877959,257.997615520937,3.64270896971535
10.8262669865399,182.977011564674,3.0310759088735
61.5328001836305,116.443086619083,4.50245025681462
617.171185583845,198.182821913225,4.20768495744841
258.513742451972,219.422681296792,3.87120944208501
572.523844238118,436.545125638068,3.75635879837873
302.488223695925,133.920039267289,3.92871297363523
533.766377275056,464.328268144867,3.52717076102253
49.3165646637291,413.896795880035,3.79095804366731
206.826387789436,292.337558917479,4.05366824360448
549.515649604779,261.152037152874,3.93785808294296
179.433226166211,31.624831581593,4.38858030556569
496.381182792042,344.870458943521,4.54853398478033
40.1913730155498,55.5969981716954,4.20523557313592
535.324270288001,160.237587393709,4.80978819422478
NA,NA,NA
662.574939907085,332.829354453047,3.49757995512112
457.586087554717,300.373015008622,3.72937414185091
9.60672352613367,493.201299232006,3.63887442117562
566.574447543645,50.0388553567908,4.30932592519867
72.645990804533,379.484748292271,3.94351730278351
231.3830941913,407.393988571487,3.93211559662844
430.992118087589,12.7252690620724,3.3447390408776
362.041962303381,293.445457614484,2.99634062628612
602.705628034401,102.857766735828,4.27364797513818
389.777753887032,229.76984589981,4.23436296579698
569.342825342688,404.998622812396,4.70174652362333
143.589266147283,286.607577122945,4.5243959841104
195.642949299804,368.604266014101,3.98622823049598
123.447711924832,409.314673308427,3.42631289901256
624.797408694427,317.212288066513,4.59053442699204
2.98625299982387,143.766165098588,4.23414476225512
544.768765362509,203.955788700016,4.10359936917254
35.5090127307716,490.123995571449,3.00329791570096
279.204589639245,19.7439251180341,3.84159921830326
534.775526154848,392.371930177068,3.47083281336479
73.1425614342731,80.2062789312912,5.20727460074576
7.72003264410711,77.9044107548703,3.46132243893989
587.312130813941,231.529800002941,4.12351778830067
437.405112892755,457.252826442982,4.77939516444783
657.265564657458,370.10364728731,3.05208656090922
105.837291218512,488.916707604856,4.40259556552919
620.605070965828,90.9576694801725,4.11821377154224
417.925273877959,257.997615520937,3.64270896971535
10.8262669865399,182.977011564674,3.0310759088735
61.5328001836305,116.443086619083,4.50245025681462
617.171185583845,198.182821913225,4.20768495744841
258.513742451972,219.422681296792,3.87120944208501
572.523844238118,436.545125638068,3.75635879837873
302.488223695925,133.920039267289,3.92871297363523
533.766377275056,464.328268144867,3.52717076102253
49.3165646637291,413.896795880035,3.79095804366731
206.826387789436,292.337558917479,4.05366824360448
549.515649604779,261.152037152874,3.93785808294296
179.433226166211,31.624831581593,4.38858030556569
496.381182792042,344.870458943521,4.54853398478033
40.1913730155498,55.5969981716954,4.20523557313592
535.324270288001,160.237587393709,4.80978819422478
NA,NA,NA
660.508145901571,332.409305650932,3.47656799105933
459.103752834115,297.577090202494,3.74412349526959
14.7937900321186,494.935519400107,3.46220518090174
556.624564003595,51.4511371064727,4.24189710531302
73.9342027577582,378.77585880206,3.95270759929202
223.958486129498,410.72205461457,3.96807613480951
428.250326884424,11.8285716666684,3.14508603918598
360.993362215728,292.602049231377,2.99495526755526
604.068806496901,103.785891433305,4.2263254171472
394.140187838121,232.264599923466,4.30590832088683
576.461818496657,405.947086876014,4.71228140989627
138.483163434022,283.933554883062,4.53314713895606
193.514151097129,369.651819899551,4.03378325349325
129.555771662406,411.639450909561,3.57296325278893
619.765500724452,317.130650423227,4.49784372732029
-2.46523548681658,150.556514911708,4.33837860662603
545.587649216486,203.141980204929,4.12602050494684
32.8044360681844,492.601720771439,2.98747611798639
280.907206091183,23.3929800242919,3.81086475514669
532.902807459611,394.699381153356,3.46601626326916
72.9748210015565,86.0519807876756,5.2471643430097
6.92436225836295,76.007786698093,3.6825430074046
590.29796665456,227.17711649742,4.02474572924461
437.165979102973,462.721605974755,4.83778229495069
659.228194921066,374.15322724949,3.08459165877971
103.017522048564,486.517245833422,4.32597094672428
625.338798897159,89.1255055456584,4.13135646606965
423.353453704622,259.07032218027,3.55298237089578
10.9488785850686,181.983223597159,3.25910572546764
68.0907629584389,115.409910005415,4.56606936659268
592.264842695198,193.72041431203,4.44414566683248
256.398032813754,221.857711809003,3.73462648235143
554.266149269625,431.441103699143,3.94392917722689
300.848426179866,137.850575567236,3.55256685499336
525.155938968702,459.844148579277,3.42028602697485
50.7240464322223,412.399629482459,3.82922627975158
194.448003572553,285.533620099118,3.59021735929223
550.094489725729,258.113349833098,4.10945261711393
161.178765597062,31.3111755434495,4.44527815489376
506.063237714003,350.838019560032,4.55174508054592
36.624597350792,51.168349558492,3.75434807551362
532.063439940879,133.941974824635,4.6368330180743
NA,NA,NA
660.508145901571,332.409305650932,3.47656799105933
459.103752834115,297.577090202494,3.74412349526959
14.7937900321186,494.935519400107,3.46220518090174
556.624564003595,51.4511371064727,4.24189710531302
73.9342027577582,378.77585880206,3.95270759929202
223.958486129498,410.72205461457,3.96807613480951
428.250326884424,11.8285716666684,3.14508603918598
360.993362215728,292.602049231377,2.99495526755526
604.068806496901,103.785891433305,4.2263254171472
394.140187838121,232.264599923466,4.30590832088683
576.461818496657,405.947086876014,4.71228140989627
138.483163434022,283.933554883062,4.53314713895606
193.514151097129,369.651819899551,4.03378325349325
129.555771662406,411.639450909561,3.57296325278893
619.765500724452,317.130650423227,4.49784372732029
-2.46523548681658,150.556514911708,4.33837860662603
545.587649216486,203.141980204929,4.12602050494684
32.8044360681844,492.601720771439,2.98747611798639
280.907206091183,23.3929800242919,3.81086475514669
532.902807459611,394.699381153356,3.46601626326916
72.9748210015565,86.0519807876756,5.2471643430097
6.92436225836295,76.007786698093,3.6825430074046
590.29796665456,227.17711649742,4.02474572924461
437.165979102973,462.721605974755,4.83778229495069
659.228194921066,374.15322724949,3.08459165877971
103.017522048564,486.517245833422,4.32597094672428
625.338798897159,89.1255055456584,4.13135646606965
423.353453704622,259.07032218027,3.55298237089578
10.9488785850686,181.983223597159,3.25910572546764
68.0907629584389,115.409910005415,4.56606936659268
592.264842695198,193.72041431203,4.44414566683248
256.398032813754,221.857711809003,3.73462648235143
554.266149269625,431.441103699143,3.94392917722689
300.848426179866,137.850575567236,3.55256685499336
525.155938968702,459.844148579277,3.42028602697485
50.7240464322223,412.399629482459,3.82922627975158
194.448003572553,285.533620099118,3.59021735929223
550.094489725729,258.113349833098,4.10945261711393
161.178765597062,31.3111755434495,4.44527815489376
506.063237714003,350.838019560032,4.55174508054592
36.624597350792,51.168349558492,3.75434807551362
532.063439940879,133.941974824635,4.6368330180743
NA,NA,NA
660.508145901571,332.409305650932,3.47656799105933
459.103752834115,297.577090202494,3.74412349526959
14.7937900321186,494.935519400107,3.46220518090174
556.624564003595,51.4511371064727,4.24189710531302
73.9342027577582,378.77585880206,3.95270759929202
223.958486129498,410.72205461457,3.96807613480951
428.250326884424,11.8285716666684,3.14508603918598
360.993362215728,292.602049231377,2.99495526755526
604.068806496901,103.785891433305,4.2263254171472
394.140187838121,232.264599923466,4.30590832088683
576.461818496657,405.947086876014,4.71228140989627
138.483163434022,283.933554883062,4.53314713895606
193.514151097129,369.651819899551,4.03378325349325
129.555771662406,411.639450909561,3.57296325278893
619.765500724452,317.130650423227,4.49784372732029
-2.46523548681658,150.556514911708,4.33837860662603
545.587649216486,203.141980204929,4.12602050494684
32.8044360681844,492.601720771439,2.98747611798639
280.907206091183,23.3929800242919,3.81086475514669
532.902807459611,394.699381153356,3.46601626326916
72.9748210015565,86.0519807876756,5.2471643430097
6.92436225836295,76.007786698093,3.6825430074046
590.29796665456,227.17711649742,4.02474572924461
437.165979102973,462.721605974755,4.83778229495069
659.228194921066,374.15322724949,3.08459165877971
103.017522048564,486.517245833422,4.32597094672428
625.338798897159,89.1255055456584,4.13135646606965
423.353453704622,259.07032218027,3.55298237089578
10.9488785850686,181.983223597159,3.25910572546764
68.0907629584389,115.409910005415,4.56606936659268
592.264842695198,193.72041431203,4.44414566683248
256.398032813754,221.857711809003,3.73462648235143
554.266149269625,431.441103699143,3.94392917722689
300.848426179866,137.850575567236,3.55256685499336
525.155938968702,459.844148579277,3.42028602697485
50.7240464322223,412.399629482459,3.82922627975158
194.448003572553,285.533620099118,3.59021735929223
550.094489725729,258.113349833098,4.10945261711393
161.178765597062,31.3111755434495,4.44527815489376
506.063237714003,350.838019560032,4.55174508054592
36.624597350792,51.168349558492,3.75434807551362
532.063439940879,133.941974824635,4.6368330180743
NA,NA,NA
660.508145901571,332.409305650932,3.47656799105933
459.103752834115,297.577090202494,3.74412349526959
14.7937900321186,494.935519400107,3.46220518090174
556.624564003595,51.4511371064727,4.24189710531302
73.9342027577582,378.77585880206,3.95270759929202
223.958486129498,410.72205461457,3.96807613480951
428.250326884424,11.8285716666684,3.14508603918598
360.993362215728,292.602049231377,2.99495526755526
604.068806496901,103.785891433305,4.2263254171472
394.140187838121,232.264599923466,4.30590832088683
576.461818496657,405.947086876014,4.71228140989627
138.483163434022,283.933554883062,4.53314713895606
193.514151097129,369.651819899551,4.03378325349325
129.555771662406,411.639450909561,3.57296325278893
619.765500724452,317.130650423227,4.49784372732029
-2.46523548681658,150.556514911708,4.33837860662603
545.587649216486,203.141980204929,4.12602050494684
32.8044360681844,492.601720771439,2.98747611798639
280.907206091183,23.3929800242919,3.81086475514669
532.902807459611,394.699381153356,3.46601626326916
72.9748210015565,86.0519807876756,5.2471643430097
6.92436225836295,76.007786698093,3.6825430074046
590.29796665456,227.17711649742,4.02474572924461
437.165979102973,462.721605974755,4.83778229495069
659.228194921066,374.15322724949,3.08459165877971
103.017522048564,486.517245833422,4.32597094672428
625.338798897159,89.1255055456584,4.13135646606965
423.353453704622,259.07032218027,3.55298237089578
10.9488785850686,181.983223597159,3.25910572546764
68.0907629584389,115.409910005415,4.56606936659268
592.264842695198,193.72041431203,4.44414566683248
256.398032813754,221.857711809003,3.73462648235143
554.266149269625,431.441103699143,3.94392917722689
300.848426179866,137.850575567236,3.55256685499336
525.155938968702,459.844148579277,3.42028602697485
50.7240464322223,412.399629482459,3.82922627975158
194.448003572553,285.533620099118,3.59021735929223
550.094489725729,258.113349833098,4.10945261711393
161.178765597062,31.3111755434495,4.44527815489376
506.063237714003,350.838019560032,4.55174508054592
36.624597350792,51.168349558492,3.75434807551362
532.063439940879,133.941974824635,4.6368330180743
NA,NA,NA
660.508145901571,332.409305650932,3.47656799105933
459.103752834115,297.577090202494,3.74412349526959
14.7937900321186,494.935519400107,3.46220518090174
556.624564003595,51.4511371064727,4.24189710531302
73.9342027577582,378.77585880206,3.95270759929202
223.958486129498,410.72205461457,3.96807613480951
428.250326884424,11.8285716666684,3.14508603918598
360.993362215728,292.602049231377,2.99495526755526
604.068806496901,103.785891433305,4.2263254171472
394.140187838121,232.264599923466,4.30590832088683
576.461818496657,405.947086876014,4.71228140989627
138.483163434022,283.933554883062,4.53314713895606
193.514151097129,369.651819899551,4.03378325349325
129.555771662406,411.639450909561,3.57296325278893
619.765500724452,317.130650423227,4.49784372732029
-2.46523548681658,150.556514911708,4.33837860662603
545.587649216486,203.141980204929,4.12602050494684
32.8044360681844,492.601720771439,2.98747611798639
280.907206091183,23.3929800242919,3.81086475514669
532.902807459611,394.699381153356,3.46601626326916
72.9748210015565,86.0519807876756,5.2471643430097
6.92436225836295,76.007786698093,3.6825430074046
590.29796665456,227.17711649742,4.02474572924461
437.165979102973,462.721605974755,4.83778229495069
659.228194921066,374.15322724949,3.08459165877971
103.017522048564,486.517245833422,4.32597094672428
625.338798897159,89.1255055456584,4.13135646606965
423.353453704622,259.07032218027,3.55298237089578
10.9488785850686,181.983223597159,3.25910572546764
68.0907629584389,115.409910005415,4.56606936659268
592.264842695198,193.72041431203,4.44414566683248
256.398032813754,221.857711809003,3.73462648235143
554.266149269625,431.441103699143,3.94392917722689
300.848426179866,137.850575567236,3.55256685499336
525.155938968702,459.844148579277,3.42028602697485
50.7240464322223,412.399629482459,3.82922627975158
194.448003572553,285.533620099118,3.59021735929223
550.094489725729,258.113349833098,4.10945261711393
161.178765597062,31.3111755434495,4.44527815489376
506.063237714003,350.838019560032,4.55174508054592
36.624597350792,51.168349558492,3.75434807551362
532.063439940879,133.941974824635,4.6368330180743
NA,NA,NA
660.508145901571,332.409305650932,3.47656799105933
459.103752834115,297.577090202494,3.74412349526959
14.7937900321186,494.935519400107,3.46220518090174
556.624564003595,51.4511371064727,4.24189710531302
73.9342027577582,378.77585880206,3.95270759929202
223.958486129498,410.72205461457,3.96807613480951
428.250326884424,11.8285716666684,3.14508603918598
360.993362215728,292.602049231377,2.99495526755526
604.068806496901,103.785891433305,4.2263254171472
394.140187838121,232.264599923466,4.30590832088683
576.461818496657,405.947086876014,4.71228140989627
138.483163434022,283.933554883062,4.53314713895606
193.514151097129,369.651819899551,4.03378325349325
129.555771662406,411.639450909561,3.57296325278893
619.765500724452,317.130650423227,4.49784372732029
-2.46523548681658,150.556514911708,4.33837860662603
545.587649216486,203.141980204929,4.12602050494684
32.8044360681844,492.601720771439,2.98747611798639
280.907206091183,23.3929800242919,3.81086475514669
532.902807459611,394.699381153356,3.46601626326916
72.9748210015565,86.0519807876756,5.2471643430097
6.92436225836295,76.007786698093,3.6825430074046
590.29796665456,227.17711649742,4.02474572924461
437.165979102973,462.721605974755,4.83778229495069
659.228194921066,374.15322724949,3.08459165877971
103.017522048564,486.517245833422,4.32597094672428
625.338798897159,89.1255055456584,4.13135646606965
423.353453704622,259.07032218027,3.55298237089578
10.9488785850686,181.983223597159,3.25910572546764
68.0907629584389,115.409910005415,4.56606936659268
592.264842695198,193.72041431203,4.44414566683248
256.398032813754,221.857711809003,3.73462648235143
554.266149269625,431.441103699143,3.94392917722689
300.848426179866,137.850575567236,3.55256685499336
525.155938968702,459.844148579277,3.42028602697485
50.7240464322223,412.399629482459,3.82922627975158
194.448003572553,285.533620099118,3.59021735929223
550.094489725729,258.113349833098,4.10945261711393
161.178765597062,31.3111755434495,4.44527815489376
506.063237714003,350.838019560032,4.55174508054592
36.624597350792,51.168349558492,3.75434807551362
532.063439940879,133.941974824635,4.6368330180743
NA,NA,NA
660.560676856193,331.911472456856,3.44847346942769
454.569513573205,298.462976509879,3.62420598916918
13.7965145474401,494.812343634362,3.4985220090637
559.934424055112,51.4481783853972,4.15055455370574
70.1156754702383,373.716147958856,3.94398414105781
227.079384409344,410.965373499423,3.85220028869053
428.418968803965,14.0948710997608,3.29244891000963
365.567242753263,293.937025791535,2.98614816276052
604.511681851285,105.306637778889,4.15802557542589
392.507462438368,231.877131614661,4.25503749077267
569.219929392076,407.231453019154,4.73082889203178
135.578383187197,281.21355381988,4.45524619484661
199.40965253303,374.037616371404,4.09448409643482
123.167993159822,412.626877174397,3.41320864480753
627.069495203272,318.463369671619,4.6523373904947
5.54197920088899,145.359655316743,4.24654570963316
543.325304664997,201.346791662727,4.0972615414877
33.7138103591411,492.884868174581,2.95125141335219
275.005579487708,25.5234841995675,3.82699101429945
533.703312624979,388.398751503355,3.37186637794857
76.4871192458332,78.6143912022585,5.26760027442144
0.988134053797586,81.0101891833485,3.37224718093947
594.515670428368,232.481683493125,3.9705111975696
436.764498385543,458.55607422128,4.7641117488666
660.230129008455,374.449067714181,2.92502440104108
106.378534193964,486.563787276766,4.41400116569121
626.17613376537,88.5067907756421,4.09600742418921
420.288389217075,259.07256888104,3.60131913356985
11.3052221493542,182.54297452753,3.22506373564612
59.4068977566564,121.439295954676,4.54285754043633
619.866098214957,206.00570619664,4.29340516362143
251.386908165949,222.309976822619,3.85855928126076
574.958578448011,433.197716193593,3.90825753226562
294.743058289647,137.718281543979,3.87224570109218
527.539955843166,454.619294427981,3.52876120933969
43.8823187031524,416.494447902138,4.01220333924117
195.073535730638,291.003239761795,3.70692827918006
545.11251655252,261.878006156869,3.93531985969148
181.597424805374,23.439665280989,4.32131708629578
502.806674758257,354.023902068012,4.827566620496
38.6543221559094,54.5446945048927,3.61186102689547
548.331675110639,136.161524951398,4.87355360253144
NA,NA,NA
660.560676856193,331.911472456856,3.44847346942769
454.569513573205,298.462976509879,3.62420598916918
13.7965145474401,494.812343634362,3.4985220090637
559.934424055112,51.4481783853972,4.15055455370574
70.1156754702383,373.716147958856,3.94398414105781
227.079384409344,410.965373499423,3.85220028869053
428.418968803965,14.0948710997608,3.29244891000963
365.567242753263,293.937025791535,2.98614816276052
604.511681851285,105.306637778889,4.15802557542589
392.507462438368,231.877131614661,4.25503749077267
569.219929392076,407.231453019154,4.73082889203178
135.578383187197,281.21355381988,4.45524619484661
199.40965253303,374.037616371404,4.09448409643482
123.167993159822,412.626877174397,3.41320864480753
627.069495203272,318.463369671619,4.6523373904947
5.54197920088899,145.359655316743,4.24654570963316
543.325304664997,201.346791662727,4.0972615414877
33.7138103591411,492.884868174581,2.95125141335219
275.005579487708,25.5234841995675,3.82699101429945
533.703312624979,388.398751503355,3.37186637794857
76.4871192458332,78.6143912022585,5.26760027442144
0.988134053797586,81.0101891833485,3.37224718093947
594.515670428368,232.481683493125,3.9705111975696
436.764498385543,458.55607422128,4.7641117488666
660.230129008455,374.449067714181,2.92502440104108
106.378534193964,486.563787276766,4.41400116569121
626.17613376537,88.5067907756421,4.09600742418921
420.288389217075,259.07256888104,3.60131913356985
11.3052221493542,182.54297452753,3.22506373564612
59.4068977566564,121.439295954676,4.54285754043633
619.866098214957,206.00570619664,4.29340516362143
251.386908165949,222.309976822619,3.85855928126076
574.958578448011,433.197716193593,3.90825753226562
294.743058289647,137.718281543979,3.87224570109218
527.539955843166,454.619294427981,3.52876120933969
43.8823187031524,416.494447902138,4.01220333924117
195.073535730638,291.003239761795,3.70692827918006
545.11251655252,261.878006156869,3.93531985969148
181.597424805374,23.439665280989,4.32131708629578
502.806674758257,354.023902068012,4.827566620496
38.6543221559094,54.5446945048927,3.61186102689547
548.331675110639,136.161524951398,4.87355360253144
NA,NA,NA
660.560676856193,331.911472456856,3.44847346942769
454.569513573205,298.462976509879,3.62420598916918
13.7965145474401,494.812343634362,3.4985220090637
559.934424055112,51.4481783853972,4.15055455370574
70.1156754702383,373.716147958856,3.94398414105781
227.079384409344,410.965373499423,3.85220028869053
428.418968803965,14.0948710997608,3.29244891000963
365.567242753263,293.937025791535,2.98614816276052
604.511681851285,105.306637778889,4.15802557542589
392.507462438368,231.877131614661,4.25503749077267
569.219929392076,407.231453019154,4.73082889203178
135.578383187197,281.21355381988,4.45524619484661
199.40965253303,374.037616371404,4.09448409643482
123.167993159822,412.626877174397,3.41320864480753
627.069495203272,318.463369671619,4.6523373904947
5.54197920088899,145.359655316743,4.24654570963316
543.325304664997,201.346791662727,4.0972615414877
33.7138103591411,492.884868174581,2.95125141335219
275.005579487708,25.5234841995675,3.82699101429945
533.703312624979,388.398751503355,3.37186637794857
76.4871192458332,78.6143912022585,5.26760027442144
0.988134053797586,81.0101891833485,3.37224718093947
594.515670428368,232.481683493125,3.9705111975696
436.764498385543,458.55607422128,4.7641117488666
660.230129008455,374.449067714181,2.92502440104108
106.378534193964,486.563787276766,4.41400116569121
626.17613376537,88.5067907756421,4.09600742418921
420.288389217075,259.07256888104,3.60131913356985
11.3052221493542,182.54297452753,3.22506373564612
59.4068977566564,121.439295954676,4.54285754043633
619.866098214957,206.00570619664,4.29340516362143
251.386908165949,222.309976822619,3.85855928126076
574.958578448011,433.197716193593,3.90825753226562
294.743058289647,137.718281543979,3.87224570109218
527.539955843166,454.619294427981,3.52876120933969
43.8823187031524,416.494447902138,4.01220333924117
195.073535730638,291.003239761795,3.70692827918006
545.11251655252,261.878006156869,3.93531985969148
181.597424805374,23.439665280989,4.32131708629578
502.806674758257,354.023902068012,4.827566620496
38.6543221559094,54.5446945048927,3.61186102689547
548.331675110639,136.161524951398,4.87355360253144
NA,NA,NA
660.560676856193,331.911472456856,3.44847346942769
454.569513573205,298.462976509879,3.62420598916918
13.7965145474401,494.812343634362,3.4985220090637
559.934424055112,51.4481783853972,4.15055455370574
70.1156754702383,373.716147958856,3.94398414105781
227.079384409344,410.965373499423,3.85220028869053
428.418968803965,14.0948710997608,3.29244891000963
365.567242753263,293.937025791535,2.98614816276052
604.511681851285,105.306637778889,4.15802557542589
392.507462438368,231.877131614661,4.25503749077267
569.219929392076,407.231453019154,4.73082889203178
135.578383187197,281.21355381988,4.45524619484661
199.40965253303,374.037616371404,4.09448409643482
123.167993159822,412.626877174397,3.41320864480753
627.069495203272,318.463369671619,4.6523373904947
5.54197920088899,145.359655316743,4.24654570963316
543.325304664997,201.346791662727,4.0972615414877
33.7138103591411,492.884868174581,2.95125141335219
275.005579487708,25.5234841995675,3.82699101429945
533.703312624979,388.398751503355,3.37186637794857
76.4871192458332,78.6143912022585,5.26760027442144
0.988134053797586,81.0101891833485,3.37224718093947
594.515670428368,232.481683493125,3.9705111975696
436.764498385543,458.55607422128,4.7641117488666
660.230129008455,374.449067714181,2.92502440104108
106.378534193964,486.563787276766,4.41400116569121
626.17613376537,88.5067907756421,4.09600742418921
420.288389217075,259.07256888104,3.60131913356985
11.3052221493542,182.54297452753,3.22506373564612
59.4068977566564,121.439295954676,4.54285754043633
619.866098214957,206.00570619664,4.29340516362143
251.386908165949,222.309976822619,3.85855928126076
574.958578448011,433.197716193593,3.90825753226562
294.743058289647,137.718281543979,3.87224570109218
527.539955843166,454.619294427981,3.52876120933969
43.8823187031524,416.494447902138,4.01220333924117
195.073535730638,291.003239761795,3.70692827918006
545.11251655252,261.878006156869,3.93531985969148
181.597424805374,23.439665280989,4.32131708629578
502.806674758257,354.023902068012,4.827566620496
38.6543221559094,54.5446945048927,3.61186102689547
548.331675110639,136.161524951398,4.87355360253144
NA,NA,NA
660.560676856193,331.911472456856,3.44847346942769
454.569513573205,298.462976509879,3.62420598916918
13.7965145474401,494.812343634362,3.4985220090637
559.934424055112,51.4481783853972,4.15055455370574
70.1156754702383,373.716147958856,3.94398414105781
227.079384409344,410.965373499423,3.85220028869053
428.418968803965,14.0948710997608,3.29244891000963
365.567242753263,293.937025791535,2.98614816276052
604.511681851285,105.306637778889,4.15802557542589
392.507462438368,231.877131614661,4.25503749077267
569.219929392076,407.231453019154,4.73082889203178
135.578383187197,281.21355381988,4.45524619484661
199.40965253303,374.037616371404,4.09448409643482
123.167993159822,412.626877174397,3.41320864480753
627.069495203272,318.463369671619,4.6523373904947
5.54197920088899,145.359655316743,4.24654570963316
543.325304664997,201.346791662727,4.0972615414877
33.7138103591411,492.884868174581,2.95125141335219
275.005579487708,25.5234841995675,3.82699101429945
533.703312624979,388.398751503355,3.37186637794857
76.4871192458332,78.6143912022585,5.26760027442144
0.988134053797586,81.0101891833485,3.37224718093947
594.515670428368,232.481683493125,3.9705111975696
436.764498385543,458.55607422128,4.7641117488666
660.230129008455,374.449067714181,2.92502440104108
106.378534193964,486.563787276766,4.41400116569121
626.17613376537,88.5067907756421,4.09600742418921
420.288389217075,259.07256888104,3.60131913356985
11.3052221493542,182.54297452753,3.22506373564612
59.4068977566564,121.439295954676,4.54285754043633
619.866098214957,206.00570619664,4.29340516362143
251.386908165949,222.309976822619,3.85855928126076
574.958578448011,433.197716193593,3.90825753226562
294.743058289647,137.718281543979,3.87224570109218
527.539955843166,454.619294427981,3.52876120933969
43.8823187031524,416.494447902138,4.01220333924117
195.073535730638,291.003239761795,3.70692827918006
545.11251655252,261.878006156869,3.93531985969148
181.597424805374,23.439665280989,4.32131708629578
502.806674758257,354.023902068012,4.827566620496
38.6543221559094,54.5446945048927,3.61186102689547
548.331675110639,136.161524951398,4.87355360253144
NA,NA,NA
660.560676856193,331.911472456856,3.44847346942769
454.569513573205,298.462976509879,3.62420598916918
13.7965145474401,494.812343634362,3.4985220090637
559.934424055112,51.4481783853972,4.15055455370574
70.1156754702383,373.716147958856,3.94398414105781
227.079384409344,410.965373499423,3.85220028869053
428.418968803965,14.0948710997608,3.29244891000963
365.567242753263,293.937025791535,2.98614816276052
604.511681851285,105.306637778889,4.15802557542589
392.507462438368,231.877131614661,4.25503749077267
569.219929392076,407.231453019154,4.73082889203178
135.578383187197,281.21355381988,4.45524619484661
199.40965253303,374.037616371404,4.09448409643482
123.167993159822,412.626877174397,3.41320864480753
627.069495203272,318.463369671619,4.6523373904947
5.54197920088899,145.359655316743,4.24654570963316
543.325304664997,201.346791662727,4.0972615414877
33.7138103591411,492.884868174581,2.95125141335219
275.005579487708,25.5234841995675,3.82699101429945
533.703312624979,388.398751503355,3.37186637794857
76.4871192458332,78.6143912022585,5.26760027442144
0.988134053797586,81.0101891833485,3.37224718093947
594.515670428368,232.481683493125,3.9705111975696
436.764498385543,458.55607422128,4.7641117488666
660.230129008455,374.449067714181,2.92502440104108
106.378534193964,486.563787276766,4.41400116569121
626.17613376537,88.5067907756421,4.09600742418921
420.288389217075,259.07256888104,3.60131913356985
11.3052221493542,182.54297452753,3.22506373564612
59.4068977566564,121.439295954676,4.54285754043633
619.866098214957,206.00570619664,4.29340516362143
251.386908165949,222.309976822619,3.85855928126076
574.958578448011,433.197716193593,3.90825753226562
294.743058289647,137.718281543979,3.87224570109218
527.539955843166,454.619294427981,3.52876120933969
43.8823187031524,416.494447902138,4.01220333924117
195.073535730638,291.003239761795,3.70692827918006
545.11251655252,261.878006156869,3.93531985969148
181.597424805374,23.439665280989,4.32131708629578
502.806674758257,354.023902068012,4.827566620496
38.6543221559094,54.5446945048927,3.61186102689547
548.331675110639,136.161524951398,4.87355360253144
NA,NA,NA
660.003152587601,333.610708422616,3.44773975295059
454.822124561527,301.219713636579,3.59599032137921
14.1419790844239,496.989439507184,3.56292575499771
561.426581889143,52.7803181920598,4.266477775961
68.1524006187141,376.239139767301,3.83010262377676
228.23108792033,415.503170358966,3.87382148942873
425.369531443755,12.8059108695547,3.47020994815206
364.180735529377,292.120286705787,3.10425640013469
602.098799900441,103.776565710567,4.17391746791158
391.467404704535,228.060687938977,4.15875090477187
568.198905224697,408.389866683686,4.70703027667697
133.679261162236,286.134948532814,4.56500354499766
197.079467447772,372.901258816618,4.02645835524901
123.622869200748,412.285899717308,3.32155924754196
624.765137814961,314.709345804992,4.52148042485448
4.58477422287998,149.754984887982,4.36066412831391
543.227626191363,203.228486427532,4.06455931775244
35.3291813486677,491.732093265272,2.97945883972582
282.427263634105,20.4183001217675,3.77406253527751
536.50028218253,393.631389217384,3.4453483830604
70.110531178698,79.0979501432213,5.39048229307839
7.81104949577344,78.5161172087166,3.51472579742703
588.569100228148,222.695826030155,3.88850649830832
434.743308723259,454.992752194712,4.70425888091341
659.045731731697,373.541777273786,3.19928410350277
108.947828293008,487.160423969451,4.36567178588022
625.682740037635,88.7753302647949,4.06762575337468
421.802095933265,259.959494858601,3.64702635324608
13.3726309826357,181.756523121219,3.21975313695999
63.6424503999767,116.921168013985,4.37590007842734
609.14699959135,206.260282256781,3.9973350505835
254.736042838889,222.770557616725,3.98682814552359
571.010462988612,429.28124439607,3.89907227624299
299.664655247669,139.261920943906,4.03621758664765
532.975338128267,465.580476198315,3.59534431997152
48.4976677800396,422.610406634937,3.65670359598941
193.78370233578,283.630331071233,3.98522742825015
563.0070100254,259.471315629202,3.79091408484695
170.026976461066,12.7076314431769,4.1882684566539
508.759135863216,350.821073196025,4.6968593509815
36.6066321155706,58.0542273278558,3.55848266029703
519.928070619364,148.759620556324,4.76661637564163
NA,NA,NA
660.003152587601,333.610708422616,3.44773975295059
454.822124561527,301.219713636579,3.59599032137921
14.1419790844239,496.989439507184,3.56292575499771
561.426581889143,52.7803181920598,4.266477775961
68.1524006187141,376.239139767301,3.83010262377676
228.23108792033,415.503170358966,3.87382148942873
425.369531443755,12.8059108695547,3.47020994815206
364.180735529377,292.120286705787,3.10425640013469
602.098799900441,103.776565710567,4.17391746791158
391.467404704535,228.060687938977,4.15875090477187
568.198905224697,408.389866683686,4.70703027667697
133.679261162236,286.134948532814,4.56500354499766
197.079467447772,372.901258816618,4.02645835524901
123.622869200748,412.285899717308,3.32155924754196
624.765137814961,314.709345804992,4.52148042485448
4.58477422287998,149.754984887982,4.36066412831391
543.227626191363,203.228486427532,4.06455931775244
35.3291813486677,491.732093265272,2.97945883972582
282.427263634105,20.4183001217675,3.77406253527751
536.50028218253,393.631389217384,3.4453483830604
70.110531178698,79.0979501432213,5.39048229307839
7.81104949577344,78.5161172087166,3.51472579742703
588.569100228148,222.695826030155,3.88850649830832
434.743308723259,454.992752194712,4.70425888091341
659.045731731697,373.541777273786,3.19928410350277
108.947828293008,487.160423969451,4.36567178588022
625.682740037635,88.7753302647949,4.06762575337468
421.802095933265,259.959494858601,3.64702635324608
13.3726309826357,181.756523121219,3.21975313695999
63.6424503999767,116.921168013985,4.37590007842734
609.14699959135,206.260282256781,3.9973350505835
254.736042838889,222.770557616725,3.98682814552359
571.010462988612,429.28124439607,3.89907227624299
299.664655247669,139.261920943906,4.03621758664765
532.975338128267,465.580476198315,3.59534431997152
48.4976677800396,422.610406634937,3.65670359598941
193.78370233578,283.630331071233,3.98522742825015
563.0070100254,259.471315629202,3.79091408484695
170.026976461066,12.7076314431769,4.1882684566539
508.759135863216,350.821073196025,4.6968593509815
36.6066321155706,58.0542273278558,3.55848266029703
519.928070619364,148.759620556324,4.76661637564163
NA,NA,NA
660.003152587601,333.610708422616,3.44773975295059
454.822124561527,301.219713636579,3.59599032137921
14.1419790844239,496.989439507184,3.56292575499771
561.426581889143,52.7803181920598,4.266477775961
68.1524006187141,376.239139767301,3.83010262377676
228.23108792033,415.503170358966,3.87382148942873
425.369531443755,12.8059108695547,3.47020994815206
364.180735529377,292.120286705787,3.10425640013469
602.098799900441,103.776565710567,4.17391746791158
391.467404704535,228.060687938977,4.15875090477187
568.198905224697,408.389866683686,4.70703027667697
133.679261162236,286.134948532814,4.56500354499766
197.079467447772,372.901258816618,4.02645835524901
123.622869200748,412.285899717308,3.32155924754196
624.765137814961,314.709345804992,4.52148042485448
4.58477422287998,149.754984887982,4.36066412831391
543.227626191363,203.228486427532,4.06455931775244
35.3291813486677,491.732093265272,2.97945883972582
282.427263634105,20.4183001217675,3.77406253527751
536.50028218253,393.631389217384,3.4453483830604
70.110531178698,79.0979501432213,5.39048229307839
7.81104949577344,78.5161172087166,3.51472579742703
588.569100228148,222.695826030155,3.88850649830832
434.743308723259,454.992752194712,4.70425888091341
659.045731731697,373.541777273786,3.19928410350277
108.947828293008,487.160423969451,4.36567178588022
625.682740037635,88.7753302647949,4.06762575337468
421.802095933265,259.959494858601,3.64702635324608
13.3726309826357,181.756523121219,3.21975313695999
63.6424503999767,116.921168013985,4.37590007842734
609.14699959135,206.260282256781,3.9973350505835
254.736042838889,222.770557616725,3.98682814552359
571.010462988612,429.28124439607,3.89907227624299
299.664655247669,139.261920943906,4.03621758664765
532.975338128267,465.580476198315,3.59534431997152
48.4976677800396,422.610406634937,3.65670359598941
193.78370233578,283.630331071233,3.98522742825015
563.0070100254,259.471315629202,3.79091408484695
170.026976461066,12.7076314431769,4.1882684566539
508.759135863216,350.821073196025,4.6968593509815
36.6066321155706,58.0542273278558,3.55848266029703
519.928070619364,148.759620556324,4.76661637564163
NA,NA,NA
660.003152587601,333.610708422616,3.44773975295059
454.822124561527,301.219713636579,3.59599032137921
14.1419790844239,496.989439507184,3.56292575499771
561.426581889143,52.7803181920598,4.266477775961
68.1524006187141,376.239139767301,3.83010262377676
228.23108792033,415.503170358966,3.87382148942873
425.369531443755,12.8059108695547,3.47020994815206
364.180735529377,292.120286705787,3.10425640013469
602.098799900441,103.776565710567,4.17391746791158
391.467404704535,228.060687938977,4.15875090477187
568.198905224697,408.389866683686,4.70703027667697
133.679261162236,286.134948532814,4.56500354499766
197.079467447772,372.901258816618,4.02645835524901
123.622869200748,412.285899717308,3.32155924754196
624.765137814961,314.709345804992,4.52148042485448
4.58477422287998,149.754984887982,4.36066412831391
543.227626191363,203.228486427532,4.06455931775244
35.3291813486677,491.732093265272,2.97945883972582
282.427263634105,20.4183001217675,3.77406253527751
536.50028218253,393.631389217384,3.4453483830604
70.110531178698,79.0979501432213,5.39048229307839
7.81104949577344,78.5161172087166,3.51472579742703
588.569100228148,222.695826030155,3.88850649830832
434.743308723259,454.992752194712,4.70425888091341
659.045731731697,373.541777273786,3.19928410350277
108.947828293008,487.160423969451,4.36567178588022
625.682740037635,88.7753302647949,4.06762575337468
421.802095933265,259.959494858601,3.64702635324608
13.3726309826357,181.756523121219,3.21975313695999
63.6424503999767,116.921168013985,4.37590007842734
609.14699959135,206.260282256781,3.9973350505835
254.736042838889,222.770557616725,3.98682814552359
571.010462988612,429.28124439607,3.89907227624299
299.664655247669,139.261920943906,4.03621758664765
532.975338128267,465.580476198315,3.59534431997152
48.4976677800396,422.610406634937,3.65670359598941
193.78370233578,283.630331071233,3.98522742825015
563.0070100254,259.471315629202,3.79091408484695
170.026976461066,12.7076314431769,4.1882684566539
508.759135863216,350.821073196025,4.6968593509815
36.6066321155706,58.0542273278558,3.55848266029703
519.928070619364,148.759620556324,4.76661637564163
NA,NA,NA
660.003152587601,333.610708422616,3.44773975295059
454.822124561527,301.219713636579,3.59599032137921
14.1419790844239,496.989439507184,3.56292575499771
561.426581889143,52.7803181920598,4.266477775961
68.1524006187141,376.239139767301,3.83010262377676
228.23108792033,415.503170358966,3.87382148942873
425.369531443755,12.8059108695547,3.47020994815206
364.180735529377,292.120286705787,3.10425640013469
602.098799900441,103.776565710567,4.17391746791158
391.467404704535,228.060687938977,4.15875090477187
568.198905224697,408.389866683686,4.70703027667697
133.679261162236,286.134948532814,4.56500354499766
197.079467447772,372.901258816618,4.02645835524901
123.622869200748,412.285899717308,3.32155924754196
624.765137814961,314.709345804992,4.52148042485448
4.58477422287998,149.754984887982,4.36066412831391
543.227626191363,203.228486427532,4.06455931775244
35.3291813486677,491.732093265272,2.97945883972582
282.427263634105,20.4183001217675,3.77406253527751
536.50028218253,393.631389217384,3.4453483830604
70.110531178698,79.0979501432213,5.39048229307839
7.81104949577344,78.5161172087166,3.51472579742703
588.569100228148,222.695826030155,3.88850649830832
434.743308723259,454.992752194712,4.70425888091341
659.045731731697,373.541777273786,3.19928410350277
108.947828293008,487.160423969451,4.36567178588022
625.682740037635,88.7753302647949,4.06762575337468
421.802095933265,259.959494858601,3.64702635324608
13.3726309826357,181.756523121219,3.21975313695999
63.6424503999767,116.921168013985,4.37590007842734
609.14699959135,206.260282256781,3.9973350505835
254.736042838889,222.770557616725,3.98682814552359
571.010462988612,429.28124439607,3.89907227624299
299.664655247669,139.261920943906,4.03621758664765
532.975338128267,465.580476198315,3.59534431997152
48.4976677800396,422.610406634937,3.65670359598941
193.78370233578,283.630331071233,3.98522742825015
563.0070100254,259.471315629202,3.79091408484695
170.026976461066,12.7076314431769,4.1882684566539
508.759135863216,350.821073196025,4.6968593509815
36.6066321155706,58.0542273278558,3.55848266029703
519.928070619364,148.759620556324,4.76661637564163
NA,NA,NA
660.003152587601,333.610708422616,3.44773975295059
454.822124561527,301.219713636579,3.59599032137921
14.1419790844239,496.989439507184,3.56292575499771
561.426581889143,52.7803181920598,4.266477775961
68.1524006187141,376.239139767301,3.83010262377676
228.23108792033,415.503170358966,3.87382148942873
425.369531443755,12.8059108695547,3.47020994815206
364.180735529377,292.120286705787,3.10425640013469
602.098799900441,103.776565710567,4.17391746791158
391.467404704535,228.060687938977,4.15875090477187
568.198905224697,408.389866683686,4.70703027667697
133.679261162236,286.134948532814,4.56500354499766
197.079467447772,372.901258816618,4.02645835524901
123.622869200748,412.285899717308,3.32155924754196
624.765137814961,314.709345804992,4.52148042485448
4.58477422287998,149.754984887982,4.36066412831391
543.227626191363,203.228486427532,4.06455931775244
35.3291813486677,491.732093265272,2.97945883972582
282.427263634105,20.4183001217675,3.77406253527751
536.50028218253,393.631389217384,3.4453483830604
70.110531178698,79.0979501432213,5.39048229307839
7.81104949577344,78.5161172087166,3.51472579742703
588.569100228148,222.695826030155,3.88850649830832
434.743308723259,454.992752194712,4.70425888091341
659.045731731697,373.541777273786,3.19928410350277
108.947828293008,487.160423969451,4.36567178588022
625.682740037635,88.7753302647949,4.06762575337468
421.802095933265,259.959494858601,3.64702635324608
13.3726309826357,181.756523121219,3.21975313695999
63.6424503999767,116.921168013985,4.37590007842734
609.14699959135,206.260282256781,3.9973350505835
254.736042838889,222.770557616725,3.98682814552359
571.010462988612,429.28124439607,3.89907227624299
299.664655247669,139.261920943906,4.03621758664765
532.975338128267,465.580476198315,3.59534431997152
48.4976677800396,422.610406634937,3.65670359598941
193.78370233578,283.630331071233,3.98522742825015
563.0070100254,259.471315629202,3.79091408484695
170.026976461066,12.7076314431769,4.1882684566539
508.759135863216,350.821073196025,4.6968593509815
36.6066321155706,58.0542273278558,3.55848266029703
519.928070619364,148.759620556324,4.76661637564163
NA,NA,NA
663.407563319915,330.158557349628,3.45458148580445
453.702106258643,299.4177513846,3.52859573209965
9.87211548758703,491.932109468848,3.61778376645367
563.643557218264,52.2349206476295,4.27124814670432
71.0744219883747,372.153605861504,4.03927272115634
232.99213902737,414.439812787343,3.79497801716091
426.639130326271,13.119725775178,3.32363026351738
362.671799471122,292.060902930474,3.07953081806581
604.679556214303,101.948168027696,4.20457231616182
389.451702336214,233.087242146665,4.28949897318022
563.026463104074,412.555862246095,4.72136195250619
147.63308136277,278.124127097591,4.44489757740873
195.269961484522,370.196050082734,3.94300687140844
127.544993208951,411.61110520419,3.55873413757803
628.055940142225,317.190542503302,4.67708386915429
4.5444899079801,147.134372760743,4.29515162815935
541.540561931859,204.433318028025,4.22968086827397
35.2989104591027,491.033083317189,3.00581501920825
278.805643342788,23.2947836892274,3.83073161344496
534.669685578082,393.540410666551,3.52328163091881
74.599981120877,79.0806688963923,5.1854225938196
5.84397709683577,76.7670586958396,3.54802051046841
589.025346216068,223.688935793704,4.04228620345117
443.80043483352,462.188255204573,4.81552480213044
658.249410821267,374.904068567588,3.04709467548319
106.850968178702,486.462665319643,4.30526722693569
623.49646816259,88.4967271113075,4.02937919513402
421.345604287821,261.928273464286,3.61839498750166
12.2998701504344,181.82130488337,3.04030843821622
68.2631420401727,119.520480506372,4.51555277782944
609.825672941795,198.377948800465,4.29195420685759
258.15949985393,207.897411420091,3.80476167775783
572.43538918943,435.40783385886,3.84345577129236
304.60442295123,136.56542291192,3.86480458778041
531.604583179384,454.438225755148,3.55195817471451
46.3175755807954,411.902228271417,3.64039933253858
196.345590018518,282.004307313963,4.14017090264416
549.311298727919,262.452009545168,3.74992773343184
164.641749842633,19.9728091289395,4.11838171018135
504.850271027386,337.444161830916,4.67941669736117
48.4105263150515,54.9605390624498,3.95402298829628
548.315335367468,157.045043130247,4.71235621730202
NA,NA,NA
663.407563319915,330.158557349628,3.45458148580445
453.702106258643,299.4177513846,3.52859573209965
9.87211548758703,491.932109468848,3.61778376645367
563.643557218264,52.2349206476295,4.27124814670432
71.0744219883747,372.153605861504,4.03927272115634
232.99213902737,414.439812787343,3.79497801716091
426.639130326271,13.119725775178,3.32363026351738
362.671799471122,292.060902930474,3.07953081806581
604.679556214303,101.948168027696,4.20457231616182
389.451702336214,233.087242146665,4.28949897318022
563.026463104074,412.555862246095,4.72136195250619
147.63308136277,278.124127097591,4.44489757740873
195.269961484522,370.196050082734,3.94300687140844
127.544993208951,411.61110520419,3.55873413757803
628.055940142225,317.190542503302,4.67708386915429
4.5444899079801,147.134372760743,4.29515162815935
541.540561931859,204.433318028025,4.22968086827397
35.2989104591027,491.033083317189,3.00581501920825
278.805643342788,23.2947836892274,3.83073161344496
534.669685578082,393.540410666551,3.52328163091881
74.599981120877,79.0806688963923,5.1854225938196
5.84397709683577,76.7670586958396,3.54802051046841
589.025346216068,223.688935793704,4.04228620345117
443.80043483352,462.188255204573,4.81552480213044
658.249410821267,374.904068567588,3.04709467548319
106.850968178702,486.462665319643,4.30526722693569
623.49646816259,88.4967271113075,4.02937919513402
421.345604287821,261.928273464286,3.61839498750166
12.2998701504344,181.82130488337,3.04030843821622
68.2631420401727,119.520480506372,4.51555277782944
609.825672941795,198.377948800465,4.29195420685759
258.15949985393,207.897411420091,3.80476167775783
572.43538918943,435.40783385886,3.84345577129236
304.60442295123,136.56542291192,3.86480458778041
531.604583179384,454.438225755148,3.55195817471451
46.3175755807954,411.902228271417,3.64039933253858
196.345590018518,282.004307313963,4.14017090264416
549.311298727919,262.452009545168,3.74992773343184
164.641749842633,19.9728091289395,4.11838171018135
504.850271027386,337.444161830916,4.67941669736117
48.4105263150515,54.9605390624498,3.95402298829628
548.315335367468,157.045043130247,4.71235621730202
NA,NA,NA
663.407563319915,330.158557349628,3.45458148580445
453.702106258643,299.4177513846,3.52859573209965
9.87211548758703,491.932109468848,3.61778376645367
563.643557218264,52.2349206476295,4.27124814670432
71.0744219883747,372.153605861504,4.03927272115634
232.99213902737,414.439812787343,3.79497801716091
426.639130326271,13.119725775178,3.32363026351738
362.671799471122,292.060902930474,3.07953081806581
604.679556214303,101.948168027696,4.20457231616182
389.451702336214,233.087242146665,4.28949897318022
563.026463104074,412.555862246095,4.72136195250619
147.63308136277,278.124127097591,4.44489757740873
195.269961484522,370.196050082734,3.94300687140844
127.544993208951,411.61110520419,3.55873413757803
628.055940142225,317.190542503302,4.67708386915429
4.5444899079801,147.134372760743,4.29515162815935
541.540561931859,204.433318028025,4.22968086827397
35.2989104591027,491.033083317189,3.00581501920825
278.805643342788,23.2947836892274,3.83073161344496
534.669685578082,393.540410666551,3.52328163091881
74.599981120877,79.0806688963923,5.1854225938196
5.84397709683577,76.7670586958396,3.54802051046841
589.025346216068,223.688935793704,4.04228620345117
443.80043483352,462.188255204573,4.81552480213044
658.249410821267,374.904068567588,3.04709467548319
106.850968178702,486.462665319643,4.30526722693569
623.49646816259,88.4967271113075,4.02937919513402
421.345604287821,261.928273464286,3.61839498750166
12.2998701504344,181.82130488337,3.04030843821622
68.2631420401727,119.520480506372,4.51555277782944
609.825672941795,198.377948800465,4.29195420685759
258.15949985393,207.897411420091,3.80476167775783
572.43538918943,435.40783385886,3.84345577129236
304.60442295123,136.56542291192,3.86480458778041
531.604583179384,454.438225755148,3.55195817471451
46.3175755807954,411.902228271417,3.64039933253858
196.345590018518,282.004307313963,4.14017090264416
549.311298727919,262.452009545168,3.74992773343184
164.641749842633,19.9728091289395,4.11838171018135
504.850271027386,337.444161830916,4.67941669736117
48.4105263150515,54.9605390624498,3.95402298829628
548.315335367468,157.045043130247,4.71235621730202
NA,NA,NA
663.407563319915,330.158557349628,3.45458148580445
453.702106258643,299.4177513846,3.52859573209965
9.87211548758703,491.932109468848,3.61778376645367
563.643557218264,52.2349206476295,4.27124814670432
71.0744219883747,372.153605861504,4.03927272115634
232.99213902737,414.439812787343,3.79497801716091
426.639130326271,13.119725775178,3.32363026351738
362.671799471122,292.060902930474,3.07953081806581
604.679556214303,101.948168027696,4.20457231616182
389.451702336214,233.087242146665,4.28949897318022
563.026463104074,412.555862246095,4.72136195250619
147.63308136277,278.124127097591,4.44489757740873
195.269961484522,370.196050082734,3.94300687140844
127.544993208951,411.61110520419,3.55873413757803
628.055940142225,317.190542503302,4.67708386915429
4.5444899079801,147.134372760743,4.29515162815935
541.540561931859,204.433318028025,4.22968086827397
35.2989104591027,491.033083317189,3.00581501920825
278.805643342788,23.2947836892274,3.83073161344496
534.669685578082,393.540410666551,3.52328163091881
74.599981120877,79.0806688963923,5.1854225938196
5.84397709683577,76.7670586958396,3.54802051046841
589.025346216068,223.688935793704,4.04228620345117
443.80043483352,462.188255204573,4.81552480213044
658.249410821267,374.904068567588,3.04709467548319
106.850968178702,486.462665319643,4.30526722693569
623.49646816259,88.4967271113075,4.02937919513402
421.345604287821,261.928273464286,3.61839498750166
12.2998701504344,181.82130488337,3.04030843821622
68.2631420401727,119.520480506372,4.51555277782944
609.825672941795,198.377948800465,4.29195420685759
258.15949985393,207.897411420091,3.80476167775783
572.43538918943,435.40783385886,3.84345577129236
304.60442295123,136.56542291192,3.86480458778041
531.604583179384,454.438225755148,3.55195817471451
46.3175755807954,411.902228271417,3.64039933253858
196.345590018518,282.004307313963,4.14017090264416
549.311298727919,262.452009545168,3.74992773343184
164.641749842633,19.9728091289395,4.11838171018135
504.850271027386,337.444161830916,4.67941669736117
48.4105263150515,54.9605390624498,3.95402298829628
548.315335367468,157.045043130247,4.71235621730202
NA,NA,NA
663.407563319915,330.158557349628,3.45458148580445
453.702106258643,299.4177513846,3.52859573209965
9.87211548758703,491.932109468848,3.61778376645367
563.643557218264,52.2349206476295,4.27124814670432
71.0744219883747,372.153605861504,4.03927272115634
232.99213902737,414.439812787343,3.79497801716091
426.639130326271,13.119725775178,3.32363026351738
362.671799471122,292.060902930474,3.07953081806581
604.679556214303,101.948168027696,4.20457231616182
389.451702336214,233.087242146665,4.28949897318022
563.026463104074,412.555862246095,4.72136195250619
147.63308136277,278.124127097591,4.44489757740873
195.269961484522,370.196050082734,3.94300687140844
127.544993208951,411.61110520419,3.55873413757803
628.055940142225,317.190542503302,4.67708386915429
4.5444899079801,147.134372760743,4.29515162815935
541.540561931859,204.433318028025,4.22968086827397
35.2989104591027,491.033083317189,3.00581501920825
278.805643342788,23.2947836892274,3.83073161344496
534.669685578082,393.540410666551,3.52328163091881
74.599981120877,79.0806688963923,5.1854225938196
5.84397709683577,76.7670586958396,3.54802051046841
589.025346216068,223.688935793704,4.04228620345117
443.80043483352,462.188255204573,4.81552480213044
658.249410821267,374.904068567588,3.04709467548319
106.850968178702,486.462665319643,4.30526722693569
623.49646816259,88.4967271113075,4.02937919513402
421.345604287821,261.928273464286,3.61839498750166
12.2998701504344,181.82130488337,3.04030843821622
68.2631420401727,119.520480506372,4.51555277782944
609.825672941795,198.377948800465,4.29195420685759
258.15949985393,207.897411420091,3.80476167775783
572.43538918943,435.40783385886,3.84345577129236
304.60442295123,136.56542291192,3.86480458778041
531.604583179384,454.438225755148,3.55195817471451
46.3175755807954,411.902228271417,3.64039933253858
196.345590018518,282.004307313963,4.14017090264416
549.311298727919,262.452009545168,3.74992773343184
164.641749842633,19.9728091289395,4.11838171018135
504.850271027386,337.444161830916,4.67941669736117
48.4105263150515,54.9605390624498,3.95402298829628
548.315335367468,157.045043130247,4.71235621730202
NA,NA,NA
663.407563319915,330.158557349628,3.45458148580445
453.702106258643,299.4177513846,3.52859573209965
9.87211548758703,491.932109468848,3.61778376645367
563.643557218264,52.2349206476295,4.27124814670432
71.0744219883747,372.153605861504,4.03927272115634
232.99213902737,414.439812787343,3.79497801716091
426.639130326271,13.119725775178,3.32363026351738
362.671799471122,292.060902930474,3.07953081806581
604.679556214303,101.948168027696,4.20457231616182
389.451702336214,233.087242146665,4.28949897318022
563.026463104074,412.555862246095,4.72136195250619
147.63308136277,278.124127097591,4.44489757740873
195.269961484522,370.196050082734,3.94300687140844
127.544993208951,411.61110520419,3.55873413757803
628.055940142225,317.190542503302,4.67708386915429
4.5444899079801,147.134372760743,4.29515162815935
541.540561931859,204.433318028025,4.22968086827397
35.2989104591027,491.033083317189,3.00581501920825
278.805643342788,23.2947836892274,3.83073161344496
534.669685578082,393.540410666551,3.52328163091881
74.599981120877,79.0806688963923,5.1854225938196
5.84397709683577,76.7670586958396,3.54802051046841
589.025346216068,223.688935793704,4.04228620345117
443.80043483352,462.188255204573,4.81552480213044
658.249410821267,374.904068567588,3.04709467548319
106.850968178702,486.462665319643,4.30526722693569
623.49646816259,88.4967271113075,4.02937919513402
421.345604287821,261.928273464286,3.61839498750166
12.2998701504344,181.82130488337,3.04030843821622
68.2631420401727,119.520480506372,4.51555277782944
609.825672941795,198.377948800465,4.29195420685759
258.15949985393,207.897411420091,3.80476167775783
572.43538918943,435.40783385886,3.84345577129236
304.60442295123,136.56542291192,3.86480458778041
531.604583179384,454.438225755148,3.55195817471451
46.3175755807954,411.902228271417,3.64039933253858
196.345590018518,282.004307313963,4.14017090264416
549.311298727919,262.452009545168,3.74992773343184
164.641749842633,19.9728091289395,4.11838171018135
504.850271027386,337.444161830916,4.67941669736117
48.4105263150515,54.9605390624498,3.95402298829628
548.315335367468,157.045043130247,4.71235621730202
NA,NA,NA
662.32400600429,334.333012563359,3.56769024447096
455.74233204672,293.902246476249,3.50868079148077
8.85990857482562,494.602709293405,3.58506286923123
559.884871814561,51.5635720149695,4.26459852461087
76.5634973283049,376.876930526699,3.91765684516373
227.178456872587,415.316438035,3.80859870356508
426.904384554975,13.3139738195159,3.11883754832535
363.031566195332,291.35852286086,3.01912105947421
602.853516672774,103.74589105362,4.10982953116333
386.82642467665,227.825289541751,4.26962521805794
567.992075105857,413.156236197202,4.66722919373308
145.690515942294,280.968794914114,4.45735614454439
202.627388832709,366.512306168017,3.99111594395027
125.932052557309,413.561412995578,3.43822931442684
623.673437477833,310.265241437985,4.39246816110741
-1.46684088420663,151.735458481243,4.27387196000679
543.906660115896,205.266608025636,4.1137456246271
32.4106969551432,489.889074582142,3.15606332225127
279.141712345922,27.305060999359,3.81974438872079
532.631906696674,390.440474416652,3.31692636832901
68.9982597544361,76.146438532879,5.26025482378352
5.79287602539271,73.6375464662519,3.49447769387264
586.4465213476,229.460542564507,3.99136814009731
444.499430938904,460.830146550693,4.77241825810176
657.800811856187,374.303535812431,3.03561330211849
104.788573874471,484.852558870585,4.24809424743077
623.014208002381,88.0939277661925,4.02409614694574
420.861755202514,261.081134235143,3.55596942591783
8.64884759544864,181.114022770989,3.38955344702832
65.1594700822829,132.132132328176,4.38750659530547
623.915652632065,214.476403797438,4.32480301614069
243.891301180251,216.071777046617,3.79929149995197
569.528778299835,443.009245426887,3.93625741688988
303.702418368398,132.420016010993,4.07967546762958
522.722973586445,456.789307024899,3.9553439371392
56.817760488314,427.803125821309,4.12250510632091
200.093354521689,287.953120902909,4.0746337243811
548.121164609372,265.433179458304,3.7281193700603
171.716539566775,21.6980754333719,4.32237456302438
499.374570953923,346.453497562786,4.27569041180285
45.3473954864069,52.39027676618,3.93331838862265
541.568114518826,128.66461518229,4.5357148317716
NA,NA,NA
662.32400600429,334.333012563359,3.56769024447096
455.74233204672,293.902246476249,3.50868079148077
8.85990857482562,494.602709293405,3.58506286923123
559.884871814561,51.5635720149695,4.26459852461087
76.5634973283049,376.876930526699,3.91765684516373
227.178456872587,415.316438035,3.80859870356508
426.904384554975,13.3139738195159,3.11883754832535
363.031566195332,291.35852286086,3.01912105947421
602.853516672774,103.74589105362,4.10982953116333
386.82642467665,227.825289541751,4.26962521805794
567.992075105857,413.156236197202,4.66722919373308
145.690515942294,280.968794914114,4.45735614454439
202.627388832709,366.512306168017,3.99111594395027
125.932052557309,413.561412995578,3.43822931442684
623.673437477833,310.265241437985,4.39246816110741
-1.46684088420663,151.735458481243,4.27387196000679
543.906660115896,205.266608025636,4.1137456246271
32.4106969551432,489.889074582142,3.15606332225127
279.141712345922,27.305060999359,3.81974438872079
532.631906696674,390.440474416652,3.31692636832901
68.9982597544361,76.146438532879,5.26025482378352
5.79287602539271,73.6375464662519,3.49447769387264
586.4465213476,229.460542564507,3.99136814009731
444.499430938904,460.830146550693,4.77241825810176
657.800811856187,374.303535812431,3.03561330211849
104.788573874471,484.852558870585,4.24809424743077
623.014208002381,88.0939277661925,4.02409614694574
420.861755202514,261.081134235143,3.55596942591783
8.64884759544864,181.114022770989,3.38955344702832
65.1594700822829,132.132132328176,4.38750659530547
623.915652632065,214.476403797438,4.32480301614069
243.891301180251,216.071777046617,3.79929149995197
569.528778299835,443.009245426887,3.93625741688988
303.702418368398,132.420016010993,4.07967546762958
522.722973586445,456.789307024899,3.9553439371392
56.817760488314,427.803125821309,4.12250510632091
200.093354521689,287.953120902909,4.0746337243811
548.121164609372,265.433179458304,3.7281193700603
171.716539566775,21.6980754333719,4.32237456302438
499.374570953923,346.453497562786,4.27569041180285
45.3473954864069,52.39027676618,3.93331838862265
541.568114518826,128.66461518229,4.5357148317716
NA,NA,NA
662.32400600429,334.333012563359,3.56769024447096
455.74233204672,293.902246476249,3.50868079148077
8.85990857482562,494.602709293405,3.58506286923123
559.884871814561,51.5635720149695,4.26459852461087
76.5634973283049,376.876930526699,3.91765684516373
227.178456872587,415.316438035,3.80859870356508
426.904384554975,13.3139738195159,3.11883754832535
363.031566195332,291.35852286086,3.01912105947421
602.853516672774,103.74589105362,4.10982953116333
386.82642467665,227.825289541751,4.26962521805794
567.992075105857,413.156236197202,4.66722919373308
145.690515942294,280.968794914114,4.45735614454439
202.627388832709,366.512306168017,3.99111594395027
125.932052557309,413.561412995578,3.43822931442684
623.673437477833,310.265241437985,4.39246816110741
-1.46684088420663,151.735458481243,4.27387196000679
543.906660115896,205.266608025636,4.1137456246271
32.4106969551432,489.889074582142,3.15606332225127
279.141712345922,27.305060999359,3.81974438872079
532.631906696674,390.440474416652,3.31692636832901
68.9982597544361,76.146438532879,5.26025482378352
5.79287602539271,73.6375464662519,3.49447769387264
586.4465213476,229.460542564507,3.99136814009731
444.499430938904,460.830146550693,4.77241825810176
657.800811856187,374.303535812431,3.03561330211849
104.788573874471,484.852558870585,4.24809424743077
623.014208002381,88.0939277661925,4.02409614694574
420.861755202514,261.081134235143,3.55596942591783
8.64884759544864,181.114022770989,3.38955344702832
65.1594700822829,132.132132328176,4.38750659530547
623.915652632065,214.476403797438,4.32480301614069
243.891301180251,216.071777046617,3.79929149995197
569.528778299835,443.009245426887,3.93625741688988
303.702418368398,132.420016010993,4.07967546762958
522.722973586445,456.789307024899,3.9553439371392
56.817760488314,427.803125821309,4.12250510632091
200.093354521689,287.953120902909,4.0746337243811
548.121164609372,265.433179458304,3.7281193700603
171.716539566775,21.6980754333719,4.32237456302438
499.374570953923,346.453497562786,4.27569041180285
45.3473954864069,52.39027676618,3.93331838862265
541.568114518826,128.66461518229,4.5357148317716
NA,NA,NA
662.32400600429,334.333012563359,3.56769024447096
455.74233204672,293.902246476249,3.50868079148077
8.85990857482562,494.602709293405,3.58506286923123
559.884871814561,51.5635720149695,4.26459852461087
76.5634973283049,376.876930526699,3.91765684516373
227.178456872587,415.316438035,3.80859870356508
426.904384554975,13.3139738195159,3.11883754832535
363.031566195332,291.35852286086,3.01912105947421
602.853516672774,103.74589105362,4.10982953116333
386.82642467665,227.825289541751,4.26962521805794
567.992075105857,413.156236197202,4.66722919373308
145.690515942294,280.968794914114,4.45735614454439
202.627388832709,366.512306168017,3.99111594395027
125.932052557309,413.561412995578,3.43822931442684
623.673437477833,310.265241437985,4.39246816110741
-1.46684088420663,151.735458481243,4.27387196000679
543.906660115896,205.266608025636,4.1137456246271
32.4106969551432,489.889074582142,3.15606332225127
279.141712345922,27.305060999359,3.81974438872079
532.631906696674,390.440474416652,3.31692636832901
68.9982597544361,76.146438532879,5.26025482378352
5.79287602539271,73.6375464662519,3.49447769387264
586.4465213476,229.460542564507,3.99136814009731
444.499430938904,460.830146550693,4.77241825810176
657.800811856187,374.303535812431,3.03561330211849
104.788573874471,484.852558870585,4.24809424743077
623.014208002381,88.0939277661925,4.02409614694574
420.861755202514,261.081134235143,3.55596942591783
8.64884759544864,181.114022770989,3.38955344702832
65.1594700822829,132.132132328176,4.38750659530547
623.915652632065,214.476403797438,4.32480301614069
243.891301180251,216.071777046617,3.79929149995197
569.528778299835,443.009245426887,3.93625741688988
303.702418368398,132.420016010993,4.07967546762958
522.722973586445,456.789307024899,3.9553439371392
56.817760488314,427.803125821309,4.12250510632091
200.093354521689,287.953120902909,4.0746337243811
548.121164609372,265.433179458304,3.7281193700603
171.716539566775,21.6980754333719,4.32237456302438
499.374570953923,346.453497562786,4.27569041180285
45.3473954864069,52.39027676618,3.93331838862265
541.568114518826,128.66461518229,4.5357148317716
NA,NA,NA
662.32400600429,334.333012563359,3.56769024447096
455.74233204672,293.902246476249,3.50868079148077
8.85990857482562,494.602709293405,3.58506286923123
559.884871814561,51.5635720149695,4.26459852461087
76.5634973283049,376.876930526699,3.91765684516373
227.178456872587,415.316438035,3.80859870356508
426.904384554975,13.3139738195159,3.11883754832535
363.031566195332,291.35852286086,3.01912105947421
602.853516672774,103.74589105362,4.10982953116333
386.82642467665,227.825289541751,4.26962521805794
567.992075105857,413.156236197202,4.66722919373308
145.690515942294,280.968794914114,4.45735614454439
202.627388832709,366.512306168017,3.99111594395027
125.932052557309,413.561412995578,3.43822931442684
623.673437477833,310.265241437985,4.39246816110741
-1.46684088420663,151.735458481243,4.27387196000679
543.906660115896,205.266608025636,4.1137456246271
32.4106969551432,489.889074582142,3.15606332225127
279.141712345922,27.305060999359,3.81974438872079
532.631906696674,390.440474416652,3.31692636832901
68.9982597544361,76.146438532879,5.26025482378352
5.79287602539271,73.6375464662519,3.49447769387264
586.4465213476,229.460542564507,3.99136814009731
444.499430938904,460.830146550693,4.77241825810176
657.800811856187,374.303535812431,3.03561330211849
104.788573874471,484.852558870585,4.24809424743077
623.014208002381,88.0939277661925,4.02409614694574
420.861755202514,261.081134235143,3.55596942591783
8.64884759544864,181.114022770989,3.38955344702832
65.1594700822829,132.132132328176,4.38750659530547
623.915652632065,214.476403797438,4.32480301614069
243.891301180251,216.071777046617,3.79929149995197
569.528778299835,443.009245426887,3.93625741688988
303.702418368398,132.420016010993,4.07967546762958
522.722973586445,456.789307024899,3.9553439371392
56.817760488314,427.803125821309,4.12250510632091
200.093354521689,287.953120902909,4.0746337243811
548.121164609372,265.433179458304,3.7281193700603
171.716539566775,21.6980754333719,4.32237456302438
499.374570953923,346.453497562786,4.27569041180285
45.3473954864069,52.39027676618,3.93331838862265
541.568114518826,128.66461518229,4.5357148317716
NA,NA,NA
662.32400600429,334.333012563359,3.56769024447096
455.74233204672,293.902246476249,3.50868079148077
8.85990857482562,494.602709293405,3.58506286923123
559.884871814561,51.5635720149695,4.26459852461087
76.5634973283049,376.876930526699,3.91765684516373
227.178456872587,415.316438035,3.80859870356508
426.904384554975,13.3139738195159,3.11883754832535
363.031566195332,291.35852286086,3.01912105947421
602.853516672774,103.74589105362,4.10982953116333
386.82642467665,227.825289541751,4.26962521805794
567.992075105857,413.156236197202,4.66722919373308
145.690515942294,280.968794914114,4.45735614454439
202.627388832709,366.512306168017,3.99111594395027
125.932052557309,413.561412995578,3.43822931442684
623.673437477833,310.265241437985,4.39246816110741
-1.46684088420663,151.735458481243,4.27387196000679
543.906660115896,205.266608025636,4.1137456246271
32.4106969551432,489.889074582142,3.15606332225127
279.141712345922,27.305060999359,3.81974438872079
532.631906696674,390.440474416652,3.31692636832901
68.9982597544361,76.146438532879,5.26025482378352
5.79287602539271,73.6375464662519,3.49447769387264
586.4465213476,229.460542564507,3.99136814009731
444.499430938904,460.830146550693,4.77241825810176
657.800811856187,374.303535812431,3.03561330211849
104.788573874471,484.852558870585,4.24809424743077
623.014208002381,88.0939277661925,4.02409614694574
420.861755202514,261.081134235143,3.55596942591783
8.64884759544864,181.114022770989,3.38955344702832
65.1594700822829,132.132132328176,4.38750659530547
623.915652632065,214.476403797438,4.32480301614069
243.891301180251,216.071777046617,3.79929149995197
569.528778299835,443.009245426887,3.93625741688988
303.702418368398,132.420016010993,4.07967546762958
522.722973586445,456.789307024899,3.9553439371392
56.817760488314,427.803125821309,4.12250510632091
200.093354521689,287.953120902909,4.0746337243811
548.121164609372,265.433179458304,3.7281193700603
171.716539566775,21.6980754333719,4.32237456302438
499.374570953923,346.453497562786,4.27569041180285
45.3473954864069,52.39027676618,3.93331838862265
541.568114518826,128.66461518229,4.5357148317716
NA,NA,NA
660.796064250433,330.240499765838,3.47444063836184
456.97588536435,301.077766301878,3.64429385388559
7.87007481440066,495.733564924591,3.58281325982684
561.539437129671,54.2333418166724,4.10641900026134
73.1247568894325,373.574253553624,4.1106493832909
232.307477363493,410.850832774982,3.88086818781947
426.039708029177,13.0155755422429,3.4046356602342
360.661538907594,293.867199162221,3.07693789323942
605.48371268208,104.784802576542,4.1846540724634
393.042579649822,229.613219068538,4.05426307790495
566.75285005183,409.980947522523,4.74495701686559
139.790171384122,279.971870611232,4.63305631538799
193.041886163365,373.51466969995,4.09389634190016
127.573880400174,405.264726558387,3.36470071369054
629.877146363454,313.776687009255,4.55016947003695
-1.86095904307227,146.07678966116,4.25960669872662
538.202012873018,203.139503257145,4.16764483680579
33.3921626472456,491.310681822523,3.07809096897769
279.063012685792,24.1622120014851,3.97454594698485
534.449493467501,394.367551325345,3.47192804582481
69.9523320110046,82.3255446461363,5.20759973671433
5.34764819001652,78.8213220651813,3.43059251372837
589.304984783704,229.617168449465,4.02914277484214
443.153023388209,458.613122197757,4.73431134415966
657.724317741297,373.704061565017,3.19926855079568
101.667648806368,489.786538625981,4.27054038900425
626.275332196788,87.3681776680337,4.10033804036202
420.877417680255,258.35703159482,3.577379292178
10.3894875494008,183.214165281102,3.24502139425524
55.5676535608584,117.786085046452,4.44782278790682
610.102966873891,213.51653711343,4.41427116745001
260.639561827785,220.024931512118,4.04141438316132
577.01703029929,425.595509324692,3.75963350739662
302.578636726038,138.366346223286,3.78633937671185
524.691523920436,458.277584809227,3.62529457347541
47.5043859705905,411.764266407249,4.08877401617862
189.820423409048,295.485783735647,3.84739039756745
558.334613104284,265.431790859942,3.85746650369311
172.847495994863,41.695987163562,4.25883545608133
495.119184819464,339.399010462184,4.34870893048138
36.0478958493295,56.7782783510615,3.92999746799218
528.70487515075,160.451520532526,4.92057929027962
NA,NA,NA
660.796064250433,330.240499765838,3.47444063836184
456.97588536435,301.077766301878,3.64429385388559
7.87007481440066,495.733564924591,3.58281325982684
561.539437129671,54.2333418166724,4.10641900026134
73.1247568894325,373.574253553624,4.1106493832909
232.307477363493,410.850832774982,3.88086818781947
426.039708029177,13.0155755422429,3.4046356602342
360.661538907594,293.867199162221,3.07693789323942
605.48371268208,104.784802576542,4.1846540724634
393.042579649822,229.613219068538,4.05426307790495
566.75285005183,409.980947522523,4.74495701686559
139.790171384122,279.971870611232,4.63305631538799
193.041886163365,373.51466969995,4.09389634190016
127.573880400174,405.264726558387,3.36470071369054
629.877146363454,313.776687009255,4.55016947003695
-1.86095904307227,146.07678966116,4.25960669872662
538.202012873018,203.139503257145,4.16764483680579
33.3921626472456,491.310681822523,3.07809096897769
279.063012685792,24.1622120014851,3.97454594698485
534.449493467501,394.367551325345,3.47192804582481
69.9523320110046,82.3255446461363,5.20759973671433
5.34764819001652,78.8213220651813,3.43059251372837
589.304984783704,229.617168449465,4.02914277484214
443.153023388209,458.613122197757,4.73431134415966
657.724317741297,373.704061565017,3.19926855079568
101.667648806368,489.786538625981,4.27054038900425
626.275332196788,87.3681776680337,4.10033804036202
420.877417680255,258.35703159482,3.577379292178
10.3894875494008,183.214165281102,3.24502139425524
55.5676535608584,117.786085046452,4.44782278790682
610.102966873891,213.51653711343,4.41427116745001
260.639561827785,220.024931512118,4.04141438316132
577.01703029929,425.595509324692,3.75963350739662
302.578636726038,138.366346223286,3.78633937671185
524.691523920436,458.277584809227,3.62529457347541
47.5043859705905,411.764266407249,4.08877401617862
189.820423409048,295.485783735647,3.84739039756745
558.334613104284,265.431790859942,3.85746650369311
172.847495994863,41.695987163562,4.25883545608133
495.119184819464,339.399010462184,4.34870893048138
36.0478958493295,56.7782783510615,3.92999746799218
528.70487515075,160.451520532526,4.92057929027962
NA,NA,NA
660.796064250433,330.240499765838,3.47444063836184
456.97588536435,301.077766301878,3.64429385388559
7.87007481440066,495.733564924591,3.58281325982684
561.539437129671,54.2333418166724,4.10641900026134
73.1247568894325,373.574253553624,4.1106493832909
232.307477363493,410.850832774982,3.88086818781947
426.039708029177,13.0155755422429,3.4046356602342
360.661538907594,293.867199162221,3.07693789323942
605.48371268208,104.784802576542,4.1846540724634
393.042579649822,229.613219068538,4.05426307790495
566.75285005183,409.980947522523,4.74495701686559
139.790171384122,279.971870611232,4.63305631538799
193.041886163365,373.51466969995,4.09389634190016
127.573880400174,405.264726558387,3.36470071369054
629.877146363454,313.776687009255,4.55016947003695
-1.86095904307227,146.07678966116,4.25960669872662
538.202012873018,203.139503257145,4.16764483680579
33.3921626472456,491.310681822523,3.07809096897769
279.063012685792,24.1622120014851,3.97454594698485
534.449493467501,394.367551325345,3.47192804582481
69.9523320110046,82.3255446461363,5.20759973671433
5.34764819001652,78.8213220651813,3.43059251372837
589.304984783704,229.617168449465,4.02914277484214
443.153023388209,458.613122197757,4.73431134415966
657.724317741297,373.704061565017,3.19926855079568
101.667648806368,489.786538625981,4.27054038900425
626.275332196788,87.3681776680337,4.10033804036202
420.877417680255,258.35703159482,3.577379292178
10.3894875494008,183.214165281102,3.24502139425524
55.5676535608584,117.786085046452,4.44782278790682
610.102966873891,213.51653711343,4.41427116745001
260.639561827785,220.024931512118,4.04141438316132
577.01703029929,425.595509324692,3.75963350739662
302.578636726038,138.366346223286,3.78633937671185
524.691523920436,458.277584809227,3.62529457347541
47.5043859705905,411.764266407249,4.08877401617862
189.820423409048,295.485783735647,3.84739039756745
558.334613104284,265.431790859942,3.85746650369311
172.847495994863,41.695987163562,4.25883545608133
495.119184819464,339.399010462184,4.34870893048138
36.0478958493295,56.7782783510615,3.92999746799218
528.70487515075,160.451520532526,4.92057929027962
NA,NA,NA
660.796064250433,330.240499765838,3.47444063836184
456.97588536435,301.077766301878,3.64429385388559
7.87007481440066,495.733564924591,3.58281325982684
561.539437129671,54.2333418166724,4.10641900026134
73.1247568894325,373.574253553624,4.1106493832909
232.307477363493,410.850832774982,3.88086818781947
426.039708029177,13.0155755422429,3.4046356602342
360.661538907594,293.867199162221,3.07693789323942
605.48371268208,104.784802576542,4.1846540724634
393.042579649822,229.613219068538,4.05426307790495
566.75285005183,409.980947522523,4.74495701686559
139.790171384122,279.971870611232,4.63305631538799
193.041886163365,373.51466969995,4.09389634190016
127.573880400174,405.264726558387,3.36470071369054
629.877146363454,313.776687009255,4.55016947003695
-1.86095904307227,146.07678966116,4.25960669872662
538.202012873018,203.139503257145,4.16764483680579
33.3921626472456,491.310681822523,3.07809096897769
279.063012685792,24.1622120014851,3.97454594698485
534.449493467501,394.367551325345,3.47192804582481
69.9523320110046,82.3255446461363,5.20759973671433
5.34764819001652,78.8213220651813,3.43059251372837
589.304984783704,229.617168449465,4.02914277484214
443.153023388209,458.613122197757,4.73431134415966
657.724317741297,373.704061565017,3.19926855079568
101.667648806368,489.786538625981,4.27054038900425
626.275332196788,87.3681776680337,4.10033804036202
420.877417680255,258.35703159482,3.577379292178
10.3894875494008,183.214165281102,3.24502139425524
55.5676535608584,117.786085046452,4.44782278790682
610.102966873891,213.51653711343,4.41427116745001
260.639561827785,220.024931512118,4.04141438316132
577.01703029929,425.595509324692,3.75963350739662
302.578636726038,138.366346223286,3.78633937671185
524.691523920436,458.277584809227,3.62529457347541
47.5043859705905,411.764266407249,4.08877401617862
189.820423409048,295.485783735647,3.84739039756745
558.334613104284,265.431790859942,3.85746650369311
172.847495994863,41.695987163562,4.25883545608133
495.119184819464,339.399010462184,4.34870893048138
36.0478958493295,56.7782783510615,3.92999746799218
528.70487515075,160.451520532526,4.92057929027962
NA,NA,NA
660.796064250433,330.240499765838,3.47444063836184
456.97588536435,301.077766301878,3.64429385388559
7.87007481440066,495.733564924591,3.58281325982684
561.539437129671,54.2333418166724,4.10641900026134
73.1247568894325,373.574253553624,4.1106493832909
232.307477363493,410.850832774982,3.88086818781947
426.039708029177,13.0155755422429,3.4046356602342
360.661538907594,293.867199162221,3.07693789323942
605.48371268208,104.784802576542,4.1846540724634
393.042579649822,229.613219068538,4.05426307790495
566.75285005183,409.980947522523,4.74495701686559
139.790171384122,279.971870611232,4.63305631538799
193.041886163365,373.51466969995,4.09389634190016
127.573880400174,405.264726558387,3.36470071369054
629.877146363454,313.776687009255,4.55016947003695
-1.86095904307227,146.07678966116,4.25960669872662
538.202012873018,203.139503257145,4.16764483680579
33.3921626472456,491.310681822523,3.07809096897769
279.063012685792,24.1622120014851,3.97454594698485
534.449493467501,394.367551325345,3.47192804582481
69.9523320110046,82.3255446461363,5.20759973671433
5.34764819001652,78.8213220651813,3.43059251372837
589.304984783704,229.617168449465,4.02914277484214
443.153023388209,458.613122197757,4.73431134415966
657.724317741297,373.704061565017,3.19926855079568
101.667648806368,489.786538625981,4.27054038900425
626.275332196788,87.3681776680337,4.10033804036202
420.877417680255,258.35703159482,3.577379292178
10.3894875494008,183.214165281102,3.24502139425524
55.5676535608584,117.786085046452,4.44782278790682
610.102966873891,213.51653711343,4.41427116745001
260.639561827785,220.024931512118,4.04141438316132
577.01703029929,425.595509324692,3.75963350739662
302.578636726038,138.366346223286,3.78633937671185
524.691523920436,458.277584809227,3.62529457347541
47.5043859705905,411.764266407249,4.08877401617862
189.820423409048,295.485783735647,3.84739039756745
558.334613104284,265.431790859942,3.85746650369311
172.847495994863,41.695987163562,4.25883545608133
495.119184819464,339.399010462184,4.34870893048138
36.0478958493295,56.7782783510615,3.92999746799218
528.70487515075,160.451520532526,4.92057929027962
NA,NA,NA
660.796064250433,330.240499765838,3.47444063836184
456.97588536435,301.077766301878,3.64429385388559
7.87007481440066,495.733564924591,3.58281325982684
561.539437129671,54.2333418166724,4.10641900026134
73.1247568894325,373.574253553624,4.1106493832909
232.307477363493,410.850832774982,3.88086818781947
426.039708029177,13.0155755422429,3.4046356602342
360.661538907594,293.867199162221,3.07693789323942
605.48371268208,104.784802576542,4.1846540724634
393.042579649822,229.613219068538,4.05426307790495
566.75285005183,409.980947522523,4.74495701686559
139.790171384122,279.971870611232,4.63305631538799
193.041886163365,373.51466969995,4.09389634190016
127.573880400174,405.264726558387,3.36470071369054
629.877146363454,313.776687009255,4.55016947003695
-1.86095904307227,146.07678966116,4.25960669872662
538.202012873018,203.139503257145,4.16764483680579
33.3921626472456,491.310681822523,3.07809096897769
279.063012685792,24.1622120014851,3.97454594698485
534.449493467501,394.367551325345,3.47192804582481
69.9523320110046,82.3255446461363,5.20759973671433
5.34764819001652,78.8213220651813,3.43059251372837
589.304984783704,229.617168449465,4.02914277484214
443.153023388209,458.613122197757,4.73431134415966
657.724317741297,373.704061565017,3.19926855079568
101.667648806368,489.786538625981,4.27054038900425
626.275332196788,87.3681776680337,4.10033804036202
420.877417680255,258.35703159482,3.577379292178
10.3894875494008,183.214165281102,3.24502139425524
55.5676535608584,117.786085046452,4.44782278790682
610.102966873891,213.51653711343,4.41427116745001
260.639561827785,220.024931512118,4.04141438316132
577.01703029929,425.595509324692,3.75963350739662
302.578636726038,138.366346223286,3.78633937671185
524.691523920436,458.277584809227,3.62529457347541
47.5043859705905,411.764266407249,4.08877401617862
189.820423409048,295.485783735647,3.84739039756745
558.334613104284,265.431790859942,3.85746650369311
172.847495994863,41.695987163562,4.25883545608133
495.119184819464,339.399010462184,4.34870893048138
36.0478958493295,56.7782783510615,3.92999746799218
528.70487515075,160.451520532526,4.92057929027962
NA,NA,NA
659.034201362375,335.67292386049,3.48251352630838
452.960753928548,299.964828003888,3.52355039768068
9.36276392042448,494.62603932501,3.52332246136894
562.453138561143,50.1434257822228,4.10739173687705
74.7120326317169,380.067229678748,3.92684896403717
231.188112582163,417.468596748489,3.87042007747346
428.39229751575,11.3782989176164,3.31382693303563
363.857095436384,293.89534658401,3.02882683886667
604.773909508035,96.4519426302884,4.35187484821553
390.007271098208,232.020364082526,4.0681327259415
572.380166832826,412.352992471447,4.76370875892061
142.216822135725,284.585704213102,4.64772874915071
197.504814668606,370.70507583905,4.09835577978859
126.492697188454,411.556316510355,3.52912856895289
629.548046484418,314.113343110603,4.4874443762542
-5.43919661684633,149.200987485138,4.26691323783018
543.303329107143,204.187977103149,4.12903284063362
33.0022191183738,492.312825011063,3.03124097401756
281.865640551878,26.0938397971207,3.73366536872144
533.962228717773,390.838711527406,3.39134538672273
80.3519103477301,83.6092534826563,5.1776011682138
3.05107195462993,77.042677441312,3.40567491553768
587.53429930861,229.231830577219,4.00675222833171
449.563630012793,465.532136906668,4.77481212746644
659.928253616926,373.186634760747,2.94000103999322
108.195658772714,486.046665323428,4.46800490926218
622.645784361297,90.5304711569515,4.11194394544973
420.443935931653,259.530945922526,3.58347372367578
12.1512055711179,180.583682443833,3.2301912274771
57.7812939070547,121.678300274024,4.50676823159562
599.88567918253,208.034799042387,4.19951328114009
253.353900660728,217.744021562797,3.7807240600265
577.71779741933,438.03594612454,3.90060619785642
308.280207341152,139.361998142694,3.89196222285674
522.098327520384,458.558607009512,3.38121613420984
62.1640612243051,420.877321941154,3.76218231863323
198.063778184313,290.128872536436,4.3908884311711
545.601144916965,267.04469138319,3.66519208953912
161.800448542713,31.3584679173454,4.12470486009139
502.738947452014,352.859584159049,4.24106466694584
33.9370850588235,39.9012520727232,3.83147761471485
536.808996649882,155.833171021335,4.62821005495388
NA,NA,NA
659.034201362375,335.67292386049,3.48251352630838
452.960753928548,299.964828003888,3.52355039768068
9.36276392042448,494.62603932501,3.52332246136894
562.453138561143,50.1434257822228,4.10739173687705
74.7120326317169,380.067229678748,3.92684896403717
231.188112582163,417.468596748489,3.87042007747346
428.39229751575,11.3782989176164,3.31382693303563
363.857095436384,293.89534658401,3.02882683886667
604.773909508035,96.4519426302884,4.35187484821553
390.007271098208,232.020364082526,4.0681327259415
572.380166832826,412.352992471447,4.76370875892061
142.216822135725,284.585704213102,4.64772874915071
197.504814668606,370.70507583905,4.09835577978859
126.492697188454,411.556316510355,3.52912856895289
629.548046484418,314.113343110603,4.4874443762542
-5.43919661684633,149.200987485138,4.26691323783018
543.303329107143,204.187977103149,4.12903284063362
33.0022191183738,492.312825011063,3.03124097401756
281.865640551878,26.0938397971207,3.73366536872144
533.962228717773,390.838711527406,3.39134538672273
80.3519103477301,83.6092534826563,5.1776011682138
3.05107195462993,77.042677441312,3.40567491553768
587.53429930861,229.231830577219,4.00675222833171
449.563630012793,465.532136906668,4.77481212746644
659.928253616926,373.186634760747,2.94000103999322
108.195658772714,486.046665323428,4.46800490926218
622.645784361297,90.5304711569515,4.11194394544973
420.443935931653,259.530945922526,3.58347372367578
12.1512055711179,180.583682443833,3.2301912274771
57.7812939070547,121.678300274024,4.50676823159562
599.88567918253,208.034799042387,4.19951328114009
253.353900660728,217.744021562797,3.7807240600265
577.71779741933,438.03594612454,3.90060619785642
308.280207341152,139.361998142694,3.89196222285674
522.098327520384,458.558607009512,3.38121613420984
62.1640612243051,420.877321941154,3.76218231863323
198.063778184313,290.128872536436,4.3908884311711
545.601144916965,267.04469138319,3.66519208953912
161.800448542713,31.3584679173454,4.12470486009139
502.738947452014,352.859584159049,4.24106466694584
33.9370850588235,39.9012520727232,3.83147761471485
536.808996649882,155.833171021335,4.62821005495388
NA,NA,NA
659.034201362375,335.67292386049,3.48251352630838
452.960753928548,299.964828003888,3.52355039768068
9.36276392042448,494.62603932501,3.52332246136894
562.453138561143,50.1434257822228,4.10739173687705
74.7120326317169,380.067229678748,3.92684896403717
231.188112582163,417.468596748489,3.87042007747346
428.39229751575,11.3782989176164,3.31382693303563
363.857095436384,293.89534658401,3.02882683886667
604.773909508035,96.4519426302884,4.35187484821553
390.007271098208,232.020364082526,4.0681327259415
572.380166832826,412.352992471447,4.76370875892061
142.216822135725,284.585704213102,4.64772874915071
197.504814668606,370.70507583905,4.09835577978859
126.492697188454,411.556316510355,3.52912856895289
629.548046484418,314.113343110603,4.4874443762542
-5.43919661684633,149.200987485138,4.26691323783018
543.303329107143,204.187977103149,4.12903284063362
33.0022191183738,492.312825011063,3.03124097401756
281.865640551878,26.0938397971207,3.73366536872144
533.962228717773,390.838711527406,3.39134538672273
80.3519103477301,83.6092534826563,5.1776011682138
3.05107195462993,77.042677441312,3.40567491553768
587.53429930861,229.231830577219,4.00675222833171
449.563630012793,465.532136906668,4.77481212746644
659.928253616926,373.186634760747,2.94000103999322
108.195658772714,486.046665323428,4.46800490926218
622.645784361297,90.5304711569515,4.11194394544973
420.443935931653,259.530945922526,3.58347372367578
12.1512055711179,180.583682443833,3.2301912274771
57.7812939070547,121.678300274024,4.50676823159562
599.88567918253,208.034799042387,4.19951328114009
253.353900660728,217.744021562797,3.7807240600265
577.71779741933,438.03594612454,3.90060619785642
308.280207341152,139.361998142694,3.89196222285674
522.098327520384,458.558607009512,3.38121613420984
62.1640612243051,420.877321941154,3.76218231863323
198.063778184313,290.128872536436,4.3908884311711
545.601144916965,267.04469138319,3.66519208953912
161.800448542713,31.3584679173454,4.12470486009139
502.738947452014,352.859584159049,4.24106466694584
33.9370850588235,39.9012520727232,3.83147761471485
536.808996649882,155.833171021335,4.62821005495388
NA,NA,NA
659.034201362375,335.67292386049,3.48251352630838
452.960753928548,299.964828003888,3.52355039768068
9.36276392042448,494.62603932501,3.52332246136894
562.453138561143,50.1434257822228,4.10739173687705
74.7120326317169,380.067229678748,3.92684896403717
231.188112582163,417.468596748489,3.87042007747346
428.39229751575,11.3782989176164,3.31382693303563
363.857095436384,293.89534658401,3.02882683886667
604.773909508035,96.4519426302884,4.35187484821553
390.007271098208,232.020364082526,4.0681327259415
572.380166832826,412.352992471447,4.76370875892061
142.216822135725,284.585704213102,4.64772874915071
197.504814668606,370.70507583905,4.09835577978859
126.492697188454,411.556316510355,3.52912856895289
629.548046484418,314.113343110603,4.4874443762542
-5.43919661684633,149.200987485138,4.26691323783018
543.303329107143,204.187977103149,4.12903284063362
33.0022191183738,492.312825011063,3.03124097401756
281.865640551878,26.0938397971207,3.73366536872144
533.962228717773,390.838711527406,3.39134538672273
80.3519103477301,83.6092534826563,5.1776011682138
3.05107195462993,77.042677441312,3.40567491553768
587.53429930861,229.231830577219,4.00675222833171
449.563630012793,465.532136906668,4.77481212746644
659.928253616926,373.186634760747,2.94000103999322
108.195658772714,486.046665323428,4.46800490926218
622.645784361297,90.5304711569515,4.11194394544973
420.443935931653,259.530945922526,3.58347372367578
12.1512055711179,180.583682443833,3.2301912274771
57.7812939070547,121.678300274024,4.50676823159562
599.88567918253,208.034799042387,4.19951328114009
253.353900660728,217.744021562797,3.7807240600265
577.71779741933,438.03594612454,3.90060619785642
308.280207341152,139.361998142694,3.89196222285674
522.098327520384,458.558607009512,3.38121613420984
62.1640612243051,420.877321941154,3.76218231863323
198.063778184313,290.128872536436,4.3908884311711
545.601144916965,267.04469138319,3.66519208953912
161.800448542713,31.3584679173454,4.12470486009139
502.738947452014,352.859584159049,4.24106466694584
33.9370850588235,39.9012520727232,3.83147761471485
536.808996649882,155.833171021335,4.62821005495388
NA,NA,NA
659.034201362375,335.67292386049,3.48251352630838
452.960753928548,299.964828003888,3.52355039768068
9.36276392042448,494.62603932501,3.52332246136894
562.453138561143,50.1434257822228,4.10739173687705
74.7120326317169,380.067229678748,3.92684896403717
231.188112582163,417.468596748489,3.87042007747346
428.39229751575,11.3782989176164,3.31382693303563
363.857095436384,293.89534658401,3.02882683886667
604.773909508035,96.4519426302884,4.35187484821553
390.007271098208,232.020364082526,4.0681327259415
572.380166832826,412.352992471447,4.76370875892061
142.216822135725,284.585704213102,4.64772874915071
197.504814668606,370.70507583905,4.09835577978859
126.492697188454,411.556316510355,3.52912856895289
629.548046484418,314.113343110603,4.4874443762542
-5.43919661684633,149.200987485138,4.26691323783018
543.303329107143,204.187977103149,4.12903284063362
33.0022191183738,492.312825011063,3.03124097401756
281.865640551878,26.0938397971207,3.73366536872144
533.962228717773,390.838711527406,3.39134538672273
80.3519103477301,83.6092534826563,5.1776011682138
3.05107195462993,77.042677441312,3.40567491553768
587.53429930861,229.231830577219,4.00675222833171
449.563630012793,465.532136906668,4.77481212746644
659.928253616926,373.186634760747,2.94000103999322
108.195658772714,486.046665323428,4.46800490926218
622.645784361297,90.5304711569515,4.11194394544973
420.443935931653,259.530945922526,3.58347372367578
12.1512055711179,180.583682443833,3.2301912274771
57.7812939070547,121.678300274024,4.50676823159562
599.88567918253,208.034799042387,4.19951328114009
253.353900660728,217.744021562797,3.7807240600265
577.71779741933,438.03594612454,3.90060619785642
308.280207341152,139.361998142694,3.89196222285674
522.098327520384,458.558607009512,3.38121613420984
62.1640612243051,420.877321941154,3.76218231863323
198.063778184313,290.128872536436,4.3908884311711
545.601144916965,267.04469138319,3.66519208953912
161.800448542713,31.3584679173454,4.12470486009139
502.738947452014,352.859584159049,4.24106466694584
33.9370850588235,39.9012520727232,3.83147761471485
536.808996649882,155.833171021335,4.62821005495388
NA,NA,NA
659.034201362375,335.67292386049,3.48251352630838
452.960753928548,299.964828003888,3.52355039768068
9.36276392042448,494.62603932501,3.52332246136894
562.453138561143,50.1434257822228,4.10739173687705
74.7120326317169,380.067229678748,3.92684896403717
231.188112582163,417.468596748489,3.87042007747346
428.39229751575,11.3782989176164,3.31382693303563
363.857095436384,293.89534658401,3.02882683886667
604.773909508035,96.4519426302884,4.35187484821553
390.007271098208,232.020364082526,4.0681327259415
572.380166832826,412.352992471447,4.76370875892061
142.216822135725,284.585704213102,4.64772874915071
197.504814668606,370.70507583905,4.09835577978859
126.492697188454,411.556316510355,3.52912856895289
629.548046484418,314.113343110603,4.4874443762542
-5.43919661684633,149.200987485138,4.26691323783018
543.303329107143,204.187977103149,4.12903284063362
33.0022191183738,492.312825011063,3.03124097401756
281.865640551878,26.0938397971207,3.73366536872144
533.962228717773,390.838711527406,3.39134538672273
80.3519103477301,83.6092534826563,5.1776011682138
3.05107195462993,77.042677441312,3.40567491553768
587.53429930861,229.231830577219,4.00675222833171
449.563630012793,465.532136906668,4.77481212746644
659.928253616926,373.186634760747,2.94000103999322
108.195658772714,486.046665323428,4.46800490926218
622.645784361297,90.5304711569515,4.11194394544973
420.443935931653,259.530945922526,3.58347372367578
12.1512055711179,180.583682443833,3.2301912274771
57.7812939070547,121.678300274024,4.50676823159562
599.88567918253,208.034799042387,4.19951328114009
253.353900660728,217.744021562797,3.7807240600265
577.71779741933,438.03594612454,3.90060619785642
308.280207341152,139.361998142694,3.89196222285674
522.098327520384,458.558607009512,3.38121613420984
62.1640612243051,420.877321941154,3.76218231863323
198.063778184313,290.128872536436,4.3908884311711
545.601144916965,267.04469138319,3.66519208953912
161.800448542713,31.3584679173454,4.12470486009139
502.738947452014,352.859584159049,4.24106466694584
33.9370850588235,39.9012520727232,3.83147761471485
536.808996649882,155.833171021335,4.62821005495388
NA,NA,NA
662.748968799592,334.58887015391,3.49645338134254
453.839246670377,298.768038650745,3.52175847548468
14.4701726254802,494.579174268799,3.52571180672931
556.430515342717,49.6655215486426,4.31535253092091
69.1238121640341,371.063014858408,4.04192776533334
228.994629092757,417.610216767429,3.93570499867882
427.569846966369,12.102548255625,3.21042332285927
362.008900564695,290.38859766707,2.97353111140652
610.102550435854,103.527012825741,4.349988846931
387.78320106238,228.975782354405,4.30801969772102
560.197768574373,407.092066213178,4.76773025102219
137.011499009414,285.501002327045,4.44478704479963
196.538437471911,364.688475681766,3.85711819727793
123.484064144198,409.220052184342,3.44703666823264
630.713307272031,316.488029357653,4.49906288175713
0.439866002097334,146.14053325564,4.18265976833661
547.045980793454,202.116546352053,4.06375941740504
34.0503980841291,491.558820195611,3.01942653150734
280.063712234821,22.7653481169331,3.91468800984604
533.798981241422,392.303893967774,3.20216818571973
69.8065197872663,79.6816578847189,5.10496337306089
7.22689764092003,77.0044974307627,3.4788674597045
586.519538833774,230.025781879932,4.02040997933114
434.969881400946,454.60845074302,4.71586546857651
660.86279231534,373.411302896135,3.28856196964962
106.990405339973,485.783969419163,4.35955579546032
623.08868253551,90.7243795404829,4.04763151494916
424.398912326238,258.744976175153,3.66242881365681
10.7899732176256,182.081169023487,3.19428560345823
61.4640214627868,121.822197219568,4.86749199741386
613.736013598126,203.892641805927,4.64497916576149
259.383067913604,219.160122359793,3.8636646317323
574.062444572604,426.895533510993,3.84146026187736
299.656293374592,138.545611799191,4.00218845673761
528.458098473565,461.26431178518,3.52316797125461
47.5303391094525,415.153592496395,3.97954873733919
196.491700035436,297.982900628528,4.18124516607125
552.896558914359,268.289862434942,3.60713961961731
172.757812601921,29.4121633839291,4.52952214090101
499.285691471438,354.148319089566,4.40649595206702
34.0001103845228,44.8017093287334,3.61002146322517
528.749383494712,148.447796673537,4.96519471240212
NA,NA,NA
662.748968799592,334.58887015391,3.49645338134254
453.839246670377,298.768038650745,3.52175847548468
14.4701726254802,494.579174268799,3.52571180672931
556.430515342717,49.6655215486426,4.31535253092091
69.1238121640341,371.063014858408,4.04192776533334
228.994629092757,417.610216767429,3.93570499867882
427.569846966369,12.102548255625,3.21042332285927
362.008900564695,290.38859766707,2.97353111140652
610.102550435854,103.527012825741,4.349988846931
387.78320106238,228.975782354405,4.30801969772102
560.197768574373,407.092066213178,4.76773025102219
137.011499009414,285.501002327045,4.44478704479963
196.538437471911,364.688475681766,3.85711819727793
123.484064144198,409.220052184342,3.44703666823264
630.713307272031,316.488029357653,4.49906288175713
0.439866002097334,146.14053325564,4.18265976833661
547.045980793454,202.116546352053,4.06375941740504
34.0503980841291,491.558820195611,3.01942653150734
280.063712234821,22.7653481169331,3.91468800984604
533.798981241422,392.303893967774,3.20216818571973
69.8065197872663,79.6816578847189,5.10496337306089
7.22689764092003,77.0044974307627,3.4788674597045
586.519538833774,230.025781879932,4.02040997933114
434.969881400946,454.60845074302,4.71586546857651
660.86279231534,373.411302896135,3.28856196964962
106.990405339973,485.783969419163,4.35955579546032
623.08868253551,90.7243795404829,4.04763151494916
424.398912326238,258.744976175153,3.66242881365681
10.7899732176256,182.081169023487,3.19428560345823
61.4640214627868,121.822197219568,4.86749199741386
613.736013598126,203.892641805927,4.64497916576149
259.383067913604,219.160122359793,3.8636646317323
574.062444572604,426.895533510993,3.84146026187736
299.656293374592,138.545611799191,4.00218845673761
528.458098473565,461.26431178518,3.52316797125461
47.5303391094525,415.153592496395,3.97954873733919
196.491700035436,297.982900628528,4.18124516607125
552.896558914359,268.289862434942,3.60713961961731
172.757812601921,29.4121633839291,4.52952214090101
499.285691471438,354.148319089566,4.40649595206702
34.0001103845228,44.8017093287334,3.61002146322517
528.749383494712,148.447796673537,4.96519471240212
NA,NA,NA
662.748968799592,334.58887015391,3.49645338134254
453.839246670377,298.768038650745,3.52175847548468
14.4701726254802,494.579174268799,3.52571180672931
556.430515342717,49.6655215486426,4.31535253092091
69.1238121640341,371.063014858408,4.04192776533334
228.994629092757,417.610216767429,3.93570499867882
427.569846966369,12.102548255625,3.21042332285927
362.008900564695,290.38859766707,2.97353111140652
610.102550435854,103.527012825741,4.349988846931
387.78320106238,228.975782354405,4.30801969772102
560.197768574373,407.092066213178,4.76773025102219
137.011499009414,285.501002327045,4.44478704479963
196.538437471911,364.688475681766,3.85711819727793
123.484064144198,409.220052184342,3.44703666823264
630.713307272031,316.488029357653,4.49906288175713
0.439866002097334,146.14053325564,4.18265976833661
547.045980793454,202.116546352053,4.06375941740504
34.0503980841291,491.558820195611,3.01942653150734
280.063712234821,22.7653481169331,3.91468800984604
533.798981241422,392.303893967774,3.20216818571973
69.8065197872663,79.6816578847189,5.10496337306089
7.22689764092003,77.0044974307627,3.4788674597045
586.519538833774,230.025781879932,4.02040997933114
434.969881400946,454.60845074302,4.71586546857651
660.86279231534,373.411302896135,3.28856196964962
106.990405339973,485.783969419163,4.35955579546032
623.08868253551,90.7243795404829,4.04763151494916
424.398912326238,258.744976175153,3.66242881365681
10.7899732176256,182.081169023487,3.19428560345823
61.4640214627868,121.822197219568,4.86749199741386
613.736013598126,203.892641805927,4.64497916576149
259.383067913604,219.160122359793,3.8636646317323
574.062444572604,426.895533510993,3.84146026187736
299.656293374592,138.545611799191,4.00218845673761
528.458098473565,461.26431178518,3.52316797125461
47.5303391094525,415.153592496395,3.97954873733919
196.491700035436,297.982900628528,4.18124516607125
552.896558914359,268.289862434942,3.60713961961731
172.757812601921,29.4121633839291,4.52952214090101
499.285691471438,354.148319089566,4.40649595206702
34.0001103845228,44.8017093287334,3.61002146322517
528.749383494712,148.447796673537,4.96519471240212
NA,NA,NA
662.748968799592,334.58887015391,3.49645338134254
453.839246670377,298.768038650745,3.52175847548468
14.4701726254802,494.579174268799,3.52571180672931
556.430515342717,49.6655215486426,4.31535253092091
69.1238121640341,371.063014858408,4.04192776533334
228.994629092757,417.610216767429,3.93570499867882
427.569846966369,12.102548255625,3.21042332285927
362.008900564695,290.38859766707,2.97353111140652
610.102550435854,103.527012825741,4.349988846931
387.78320106238,228.975782354405,4.30801969772102
560.197768574373,407.092066213178,4.76773025102219
137.011499009414,285.501002327045,4.44478704479963
196.538437471911,364.688475681766,3.85711819727793
123.484064144198,409.220052184342,3.44703666823264
630.713307272031,316.488029357653,4.49906288175713
0.439866002097334,146.14053325564,4.18265976833661
547.045980793454,202.116546352053,4.06375941740504
34.0503980841291,491.558820195611,3.01942653150734
280.063712234821,22.7653481169331,3.91468800984604
533.798981241422,392.303893967774,3.20216818571973
69.8065197872663,79.6816578847189,5.10496337306089
7.22689764092003,77.0044974307627,3.4788674597045
586.519538833774,230.025781879932,4.02040997933114
434.969881400946,454.60845074302,4.71586546857651
660.86279231534,373.411302896135,3.28856196964962
106.990405339973,485.783969419163,4.35955579546032
623.08868253551,90.7243795404829,4.04763151494916
424.398912326238,258.744976175153,3.66242881365681
10.7899732176256,182.081169023487,3.19428560345823
61.4640214627868,121.822197219568,4.86749199741386
613.736013598126,203.892641805927,4.64497916576149
259.383067913604,219.160122359793,3.8636646317323
574.062444572604,426.895533510993,3.84146026187736
299.656293374592,138.545611799191,4.00218845673761
528.458098473565,461.26431178518,3.52316797125461
47.5303391094525,415.153592496395,3.97954873733919
196.491700035436,297.982900628528,4.18124516607125
552.896558914359,268.289862434942,3.60713961961731
172.757812601921,29.4121633839291,4.52952214090101
499.285691471438,354.148319089566,4.40649595206702
34.0001103845228,44.8017093287334,3.61002146322517
528.749383494712,148.447796673537,4.96519471240212
NA,NA,NA
662.748968799592,334.58887015391,3.49645338134254
453.839246670377,298.768038650745,3.52175847548468
14.4701726254802,494.579174268799,3.52571180672931
556.430515342717,49.6655215486426,4.31535253092091
69.1238121640341,371.063014858408,4.04192776533334
228.994629092757,417.610216767429,3.93570499867882
427.569846966369,12.102548255625,3.21042332285927
362.008900564695,290.38859766707,2.97353111140652
610.102550435854,103.527012825741,4.349988846931
387.78320106238,228.975782354405,4.30801969772102
560.197768574373,407.092066213178,4.76773025102219
137.011499009414,285.501002327045,4.44478704479963
196.538437471911,364.688475681766,3.85711819727793
123.484064144198,409.220052184342,3.44703666823264
630.713307272031,316.488029357653,4.49906288175713
0.439866002097334,146.14053325564,4.18265976833661
547.045980793454,202.116546352053,4.06375941740504
34.0503980841291,491.558820195611,3.01942653150734
280.063712234821,22.7653481169331,3.91468800984604
533.798981241422,392.303893967774,3.20216818571973
69.8065197872663,79.6816578847189,5.10496337306089
7.22689764092003,77.0044974307627,3.4788674597045
586.519538833774,230.025781879932,4.02040997933114
434.969881400946,454.60845074302,4.71586546857651
660.86279231534,373.411302896135,3.28856196964962
106.990405339973,485.783969419163,4.35955579546032
623.08868253551,90.7243795404829,4.04763151494916
424.398912326238,258.744976175153,3.66242881365681
10.7899732176256,182.081169023487,3.19428560345823
61.4640214627868,121.822197219568,4.86749199741386
613.736013598126,203.892641805927,4.64497916576149
259.383067913604,219.160122359793,3.8636646317323
574.062444572604,426.895533510993,3.84146026187736
299.656293374592,138.545611799191,4.00218845673761
528.458098473565,461.26431178518,3.52316797125461
47.5303391094525,415.153592496395,3.97954873733919
196.491700035436,297.982900628528,4.18124516607125
552.896558914359,268.289862434942,3.60713961961731
172.757812601921,29.4121633839291,4.52952214090101
499.285691471438,354.148319089566,4.40649595206702
34.0001103845228,44.8017093287334,3.61002146322517
528.749383494712,148.447796673537,4.96519471240212
NA,NA,NA
662.748968799592,334.58887015391,3.49645338134254
453.839246670377,298.768038650745,3.52175847548468
14.4701726254802,494.579174268799,3.52571180672931
556.430515342717,49.6655215486426,4.31535253092091
69.1238121640341,371.063014858408,4.04192776533334
228.994629092757,417.610216767429,3.93570499867882
427.569846966369,12.102548255625,3.21042332285927
362.008900564695,290.38859766707,2.97353111140652
610.102550435854,103.527012825741,4.349988846931
387.78320106238,228.975782354405,4.30801969772102
560.197768574373,407.092066213178,4.76773025102219
137.011499009414,285.501002327045,4.44478704479963
196.538437471911,364.688475681766,3.85711819727793
123.484064144198,409.220052184342,3.44703666823264
630.713307272031,316.488029357653,4.49906288175713
0.439866002097334,146.14053325564,4.18265976833661
547.045980793454,202.116546352053,4.06375941740504
34.0503980841291,491.558820195611,3.01942653150734
280.063712234821,22.7653481169331,3.91468800984604
533.798981241422,392.303893967774,3.20216818571973
69.8065197872663,79.6816578847189,5.10496337306089
7.22689764092003,77.0044974307627,3.4788674597045
586.519538833774,230.025781879932,4.02040997933114
434.969881400946,454.60845074302,4.71586546857651
660.86279231534,373.411302896135,3.28856196964962
106.990405339973,485.783969419163,4.35955579546032
623.08868253551,90.7243795404829,4.04763151494916
424.398912326238,258.744976175153,3.66242881365681
10.7899732176256,182.081169023487,3.19428560345823
61.4640214627868,121.822197219568,4.86749199741386
613.736013598126,203.892641805927,4.64497916576149
259.383067913604,219.160122359793,3.8636646317323
574.062444572604,426.895533510993,3.84146026187736
299.656293374592,138.545611799191,4.00218845673761
528.458098473565,461.26431178518,3.52316797125461
47.5303391094525,415.153592496395,3.97954873733919
196.491700035436,297.982900628528,4.18124516607125
552.896558914359,268.289862434942,3.60713961961731
172.757812601921,29.4121633839291,4.52952214090101
499.285691471438,354.148319089566,4.40649595206702
34.0001103845228,44.8017093287334,3.61002146322517
528.749383494712,148.447796673537,4.96519471240212
NA,NA,NA
665.217267110778,333.542476498503,3.51713634125181
457.198957977549,298.181114310133,3.61464486484513
9.31523545444984,498.748762767721,3.52136990291035
556.989770724714,47.2815582777161,4.19222629710411
68.616789247617,373.608054332333,3.97588074345595
228.592129570342,415.827972761914,3.83014220032058
430.879944314177,13.1652789454294,3.23220652491127
360.323001888429,293.631845585003,3.07221138069188
603.060712178454,102.36866779315,4.14922812185741
389.367474189026,228.884187240168,4.18479019494978
572.839749898579,420.21361383726,4.7718968174273
140.233768635444,284.076194217129,4.60389924500191
197.839684472101,367.820337293766,4.06262579011789
127.045514033646,408.800740051044,3.49058652853852
628.010433874917,308.768864968551,4.6138154717919
-2.29959104539184,145.995107466038,4.16963399142232
543.119984926309,200.138096311901,4.175647548151
33.0183408066512,491.346053233227,3.02796016260544
281.136301151516,21.9358641353993,3.74792985177934
534.225791923513,393.007544597666,3.32264584650925
70.2853178358339,75.7721510015597,5.23506271893021
4.36455139737015,75.775706697698,3.55034866235264
588.49264780711,225.901807342058,4.03068637245288
436.086790516801,464.206686114837,4.78807154029048
658.454786664455,376.946955473494,3.11810453386734
106.571350806443,487.337965723083,4.46091886289943
621.919455455189,86.9366734161119,4.06925249824951
419.021134029852,260.617307140389,3.67144516886182
13.9715124543916,180.225194408128,3.2740488990614
68.3601346283862,98.9575041057207,4.19724596471019
621.518832012858,192.174819467589,4.31990437340598
248.120094569469,226.478932458722,3.87659324341243
577.122433501145,432.407097546371,3.76795729449697
308.555669400799,137.553383057444,3.83030775707342
528.111505878891,457.851542456113,3.47720281382362
45.468973166999,413.039311883075,4.21992773420905
192.646781555235,294.490486933677,4.22582160965127
558.195733562849,263.954815068308,3.88152300431592
163.027187222312,38.1283293168933,4.27751452133101
502.040138713416,336.931939459029,4.47178253773952
40.3929076661113,46.6722832319613,3.74025795715616
539.724560187763,144.804903454691,4.72835797711435
NA,NA,NA
665.217267110778,333.542476498503,3.51713634125181
457.198957977549,298.181114310133,3.61464486484513
9.31523545444984,498.748762767721,3.52136990291035
556.989770724714,47.2815582777161,4.19222629710411
68.616789247617,373.608054332333,3.97588074345595
228.592129570342,415.827972761914,3.83014220032058
430.879944314177,13.1652789454294,3.23220652491127
360.323001888429,293.631845585003,3.07221138069188
603.060712178454,102.36866779315,4.14922812185741
389.367474189026,228.884187240168,4.18479019494978
572.839749898579,420.21361383726,4.7718968174273
140.233768635444,284.076194217129,4.60389924500191
197.839684472101,367.820337293766,4.06262579011789
127.045514033646,408.800740051044,3.49058652853852
628.010433874917,308.768864968551,4.6138154717919
-2.29959104539184,145.995107466038,4.16963399142232
543.119984926309,200.138096311901,4.175647548151
33.0183408066512,491.346053233227,3.02796016260544
281.136301151516,21.9358641353993,3.74792985177934
534.225791923513,393.007544597666,3.32264584650925
70.2853178358339,75.7721510015597,5.23506271893021
4.36455139737015,75.775706697698,3.55034866235264
588.49264780711,225.901807342058,4.03068637245288
436.086790516801,464.206686114837,4.78807154029048
658.454786664455,376.946955473494,3.11810453386734
106.571350806443,487.337965723083,4.46091886289943
621.919455455189,86.9366734161119,4.06925249824951
419.021134029852,260.617307140389,3.67144516886182
13.9715124543916,180.225194408128,3.2740488990614
68.3601346283862,98.9575041057207,4.19724596471019
621.518832012858,192.174819467589,4.31990437340598
248.120094569469,226.478932458722,3.87659324341243
577.122433501145,432.407097546371,3.76795729449697
308.555669400799,137.553383057444,3.83030775707342
528.111505878891,457.851542456113,3.47720281382362
45.468973166999,413.039311883075,4.21992773420905
192.646781555235,294.490486933677,4.22582160965127
558.195733562849,263.954815068308,3.88152300431592
163.027187222312,38.1283293168933,4.27751452133101
502.040138713416,336.931939459029,4.47178253773952
40.3929076661113,46.6722832319613,3.74025795715616
539.724560187763,144.804903454691,4.72835797711435
NA,NA,NA
665.217267110778,333.542476498503,3.51713634125181
457.198957977549,298.181114310133,3.61464486484513
9.31523545444984,498.748762767721,3.52136990291035
556.989770724714,47.2815582777161,4.19222629710411
68.616789247617,373.608054332333,3.97588074345595
228.592129570342,415.827972761914,3.83014220032058
430.879944314177,13.1652789454294,3.23220652491127
360.323001888429,293.631845585003,3.07221138069188
603.060712178454,102.36866779315,4.14922812185741
389.367474189026,228.884187240168,4.18479019494978
572.839749898579,420.21361383726,4.7718968174273
140.233768635444,284.076194217129,4.60389924500191
197.839684472101,367.820337293766,4.06262579011789
127.045514033646,408.800740051044,3.49058652853852
628.010433874917,308.768864968551,4.6138154717919
-2.29959104539184,145.995107466038,4.16963399142232
543.119984926309,200.138096311901,4.175647548151
33.0183408066512,491.346053233227,3.02796016260544
281.136301151516,21.9358641353993,3.74792985177934
534.225791923513,393.007544597666,3.32264584650925
70.2853178358339,75.7721510015597,5.23506271893021
4.36455139737015,75.775706697698,3.55034866235264
588.49264780711,225.901807342058,4.03068637245288
436.086790516801,464.206686114837,4.78807154029048
658.454786664455,376.946955473494,3.11810453386734
106.571350806443,487.337965723083,4.46091886289943
621.919455455189,86.9366734161119,4.06925249824951
419.021134029852,260.617307140389,3.67144516886182
13.9715124543916,180.225194408128,3.2740488990614
68.3601346283862,98.9575041057207,4.19724596471019
621.518832012858,192.174819467589,4.31990437340598
248.120094569469,226.478932458722,3.87659324341243
577.122433501145,432.407097546371,3.76795729449697
308.555669400799,137.553383057444,3.83030775707342
528.111505878891,457.851542456113,3.47720281382362
45.468973166999,413.039311883075,4.21992773420905
192.646781555235,294.490486933677,4.22582160965127
558.195733562849,263.954815068308,3.88152300431592
163.027187222312,38.1283293168933,4.27751452133101
502.040138713416,336.931939459029,4.47178253773952
40.3929076661113,46.6722832319613,3.74025795715616
539.724560187763,144.804903454691,4.72835797711435
NA,NA,NA
665.217267110778,333.542476498503,3.51713634125181
457.198957977549,298.181114310133,3.61464486484513
9.31523545444984,498.748762767721,3.52136990291035
556.989770724714,47.2815582777161,4.19222629710411
68.616789247617,373.608054332333,3.97588074345595
228.592129570342,415.827972761914,3.83014220032058
430.879944314177,13.1652789454294,3.23220652491127
360.323001888429,293.631845585003,3.07221138069188
603.060712178454,102.36866779315,4.14922812185741
389.367474189026,228.884187240168,4.18479019494978
572.839749898579,420.21361383726,4.7718968174273
140.233768635444,284.076194217129,4.60389924500191
197.839684472101,367.820337293766,4.06262579011789
127.045514033646,408.800740051044,3.49058652853852
628.010433874917,308.768864968551,4.6138154717919
-2.29959104539184,145.995107466038,4.16963399142232
543.119984926309,200.138096311901,4.175647548151
33.0183408066512,491.346053233227,3.02796016260544
281.136301151516,21.9358641353993,3.74792985177934
534.225791923513,393.007544597666,3.32264584650925
70.2853178358339,75.7721510015597,5.23506271893021
4.36455139737015,75.775706697698,3.55034866235264
588.49264780711,225.901807342058,4.03068637245288
436.086790516801,464.206686114837,4.78807154029048
658.454786664455,376.946955473494,3.11810453386734
106.571350806443,487.337965723083,4.46091886289943
621.919455455189,86.9366734161119,4.06925249824951
419.021134029852,260.617307140389,3.67144516886182
13.9715124543916,180.225194408128,3.2740488990614
68.3601346283862,98.9575041057207,4.19724596471019
621.518832012858,192.174819467589,4.31990437340598
248.120094569469,226.478932458722,3.87659324341243
577.122433501145,432.407097546371,3.76795729449697
308.555669400799,137.553383057444,3.83030775707342
528.111505878891,457.851542456113,3.47720281382362
45.468973166999,413.039311883075,4.21992773420905
192.646781555235,294.490486933677,4.22582160965127
558.195733562849,263.954815068308,3.88152300431592
163.027187222312,38.1283293168933,4.27751452133101
502.040138713416,336.931939459029,4.47178253773952
40.3929076661113,46.6722832319613,3.74025795715616
539.724560187763,144.804903454691,4.72835797711435
NA,NA,NA
665.217267110778,333.542476498503,3.51713634125181
457.198957977549,298.181114310133,3.61464486484513
9.31523545444984,498.748762767721,3.52136990291035
556.989770724714,47.2815582777161,4.19222629710411
68.616789247617,373.608054332333,3.97588074345595
228.592129570342,415.827972761914,3.83014220032058
430.879944314177,13.1652789454294,3.23220652491127
360.323001888429,293.631845585003,3.07221138069188
603.060712178454,102.36866779315,4.14922812185741
389.367474189026,228.884187240168,4.18479019494978
572.839749898579,420.21361383726,4.7718968174273
140.233768635444,284.076194217129,4.60389924500191
197.839684472101,367.820337293766,4.06262579011789
127.045514033646,408.800740051044,3.49058652853852
628.010433874917,308.768864968551,4.6138154717919
-2.29959104539184,145.995107466038,4.16963399142232
543.119984926309,200.138096311901,4.175647548151
33.0183408066512,491.346053233227,3.02796016260544
281.136301151516,21.9358641353993,3.74792985177934
534.225791923513,393.007544597666,3.32264584650925
70.2853178358339,75.7721510015597,5.23506271893021
4.36455139737015,75.775706697698,3.55034866235264
588.49264780711,225.901807342058,4.03068637245288
436.086790516801,464.206686114837,4.78807154029048
658.454786664455,376.946955473494,3.11810453386734
106.571350806443,487.337965723083,4.46091886289943
621.919455455189,86.9366734161119,4.06925249824951
419.021134029852,260.617307140389,3.67144516886182
13.9715124543916,180.225194408128,3.2740488990614
68.3601346283862,98.9575041057207,4.19724596471019
621.518832012858,192.174819467589,4.31990437340598
248.120094569469,226.478932458722,3.87659324341243
577.122433501145,432.407097546371,3.76795729449697
308.555669400799,137.553383057444,3.83030775707342
528.111505878891,457.851542456113,3.47720281382362
45.468973166999,413.039311883075,4.21992773420905
192.646781555235,294.490486933677,4.22582160965127
558.195733562849,263.954815068308,3.88152300431592
163.027187222312,38.1283293168933,4.27751452133101
502.040138713416,336.931939459029,4.47178253773952
40.3929076661113,46.6722832319613,3.74025795715616
539.724560187763,144.804903454691,4.72835797711435
NA,NA,NA
665.217267110778,333.542476498503,3.51713634125181
457.198957977549,298.181114310133,3.61464486484513
9.31523545444984,498.748762767721,3.52136990291035
556.989770724714,47.2815582777161,4.19222629710411
68.616789247617,373.608054332333,3.97588074345595
228.592129570342,415.827972761914,3.83014220032058
430.879944314177,13.1652789454294,3.23220652491127
360.323001888429,293.631845585003,3.07221138069188
603.060712178454,102.36866779315,4.14922812185741
389.367474189026,228.884187240168,4.18479019494978
572.839749898579,420.21361383726,4.7718968174273
140.233768635444,284.076194217129,4.60389924500191
197.839684472101,367.820337293766,4.06262579011789
127.045514033646,408.800740051044,3.49058652853852
628.010433874917,308.768864968551,4.6138154717919
-2.29959104539184,145.995107466038,4.16963399142232
543.119984926309,200.138096311901,4.175647548151
33.0183408066512,491.346053233227,3.02796016260544
281.136301151516,21.9358641353993,3.74792985177934
534.225791923513,393.007544597666,3.32264584650925
70.2853178358339,75.7721510015597,5.23506271893021
4.36455139737015,75.775706697698,3.55034866235264
588.49264780711,225.901807342058,4.03068637245288
436.086790516801,464.206686114837,4.78807154029048
658.454786664455,376.946955473494,3.11810453386734
106.571350806443,487.337965723083,4.46091886289943
621.919455455189,86.9366734161119,4.06925249824951
419.021134029852,260.617307140389,3.67144516886182
13.9715124543916,180.225194408128,3.2740488990614
68.3601346283862,98.9575041057207,4.19724596471019
621.518832012858,192.174819467589,4.31990437340598
248.120094569469,226.478932458722,3.87659324341243
577.122433501145,432.407097546371,3.76795729449697
308.555669400799,137.553383057444,3.83030775707342
528.111505878891,457.851542456113,3.47720281382362
45.468973166999,413.039311883075,4.21992773420905
192.646781555235,294.490486933677,4.22582160965127
558.195733562849,263.954815068308,3.88152300431592
163.027187222312,38.1283293168933,4.27751452133101
502.040138713416,336.931939459029,4.47178253773952
40.3929076661113,46.6722832319613,3.74025795715616
539.724560187763,144.804903454691,4.72835797711435
NA,NA,NA
661.06794263783,340.012135295432,3.45619397408356
456.816003282601,297.936450770251,3.52937677719649
12.3010807522898,496.382746081668,3.62474706526215
559.446771487772,56.4609049702663,4.04065851082773
72.7218912150906,375.722863743657,4.08654994601584
227.722898350304,411.153813817033,3.97861294218199
427.749974292301,12.4309427286093,3.26128630382322
360.909612175968,293.871346889872,3.10832575850377
603.061505460207,103.022629487349,4.01020632214191
391.208516775831,227.180505495667,4.1922844311334
565.533941479918,409.906329065216,4.66748993013237
143.599044698553,283.036691267855,4.5385072582018
194.385688466423,368.399340951203,4.11668787293802
123.894232931904,412.484916504151,3.47676435412407
627.304669471778,308.390491985531,4.52095316021716
2.59069595873685,153.062441670402,4.29237757947096
541.228951101011,199.058430510442,4.11690898023729
34.9047989647891,491.216559318926,2.99284909046639
276.32010779955,24.3245066968406,3.89168492479147
532.479096076713,391.395479995554,3.4200405964476
79.5897312404812,74.6963458350475,5.3606977250817
3.88813521249951,75.9318132420808,3.5537290168664
587.863982697706,227.428691915385,3.98200588815734
443.667813991993,461.624603768141,4.73813239859514
658.868138371733,374.349362597675,3.00887377245687
102.643591316337,488.141973659033,4.42729501717042
623.517772731854,92.2112587380246,4.07189760142222
423.866467948985,258.88724720101,3.73936532889457
12.0066832253216,182.740211227888,3.13511500282094
59.3484279783128,123.514170649411,4.4807534763646
605.162878449724,200.645361900837,4.32633819417476
246.745830488019,218.967390743891,3.54139511139227
574.261413369428,425.811354786721,3.91298989574057
297.36368289083,139.569551003044,3.86436817503743
528.841237547525,448.987491291387,3.80109150706028
44.1026113526457,424.084580709034,3.75414613293294
192.626765278465,286.809845918707,4.2620116088956
549.806917187822,258.961092179384,3.5673251330457
173.101380785921,29.7051673263481,4.30904751665675
501.917884732821,344.78455652158,4.62436407092806
35.2493379441787,50.3105082749411,3.94544136975038
534.332337645267,160.242559778139,5.04681202493455
NA,NA,NA
661.06794263783,340.012135295432,3.45619397408356
456.816003282601,297.936450770251,3.52937677719649
12.3010807522898,496.382746081668,3.62474706526215
559.446771487772,56.4609049702663,4.04065851082773
72.7218912150906,375.722863743657,4.08654994601584
227.722898350304,411.153813817033,3.97861294218199
427.749974292301,12.4309427286093,3.26128630382322
360.909612175968,293.871346889872,3.10832575850377
603.061505460207,103.022629487349,4.01020632214191
391.208516775831,227.180505495667,4.1922844311334
565.533941479918,409.906329065216,4.66748993013237
143.599044698553,283.036691267855,4.5385072582018
194.385688466423,368.399340951203,4.11668787293802
123.894232931904,412.484916504151,3.47676435412407
627.304669471778,308.390491985531,4.52095316021716
2.59069595873685,153.062441670402,4.29237757947096
541.228951101011,199.058430510442,4.11690898023729
34.9047989647891,491.216559318926,2.99284909046639
276.32010779955,24.3245066968406,3.89168492479147
532.479096076713,391.395479995554,3.4200405964476
79.5897312404812,74.6963458350475,5.3606977250817
3.88813521249951,75.9318132420808,3.5537290168664
587.863982697706,227.428691915385,3.98200588815734
443.667813991993,461.624603768141,4.73813239859514
658.868138371733,374.349362597675,3.00887377245687
102.643591316337,488.141973659033,4.42729501717042
623.517772731854,92.2112587380246,4.07189760142222
423.866467948985,258.88724720101,3.73936532889457
12.0066832253216,182.740211227888,3.13511500282094
59.3484279783128,123.514170649411,4.4807534763646
605.162878449724,200.645361900837,4.32633819417476
246.745830488019,218.967390743891,3.54139511139227
574.261413369428,425.811354786721,3.91298989574057
297.36368289083,139.569551003044,3.86436817503743
528.841237547525,448.987491291387,3.80109150706028
44.1026113526457,424.084580709034,3.75414613293294
192.626765278465,286.809845918707,4.2620116088956
549.806917187822,258.961092179384,3.5673251330457
173.101380785921,29.7051673263481,4.30904751665675
501.917884732821,344.78455652158,4.62436407092806
35.2493379441787,50.3105082749411,3.94544136975038
534.332337645267,160.242559778139,5.04681202493455
NA,NA,NA
661.06794263783,340.012135295432,3.45619397408356
456.816003282601,297.936450770251,3.52937677719649
12.3010807522898,496.382746081668,3.62474706526215
559.446771487772,56.4609049702663,4.04065851082773
72.7218912150906,375.722863743657,4.08654994601584
227.722898350304,411.153813817033,3.97861294218199
427.749974292301,12.4309427286093,3.26128630382322
360.909612175968,293.871346889872,3.10832575850377
603.061505460207,103.022629487349,4.01020632214191
391.208516775831,227.180505495667,4.1922844311334
565.533941479918,409.906329065216,4.66748993013237
143.599044698553,283.036691267855,4.5385072582018
194.385688466423,368.399340951203,4.11668787293802
123.894232931904,412.484916504151,3.47676435412407
627.304669471778,308.390491985531,4.52095316021716
2.59069595873685,153.062441670402,4.29237757947096
541.228951101011,199.058430510442,4.11690898023729
34.9047989647891,491.216559318926,2.99284909046639
276.32010779955,24.3245066968406,3.89168492479147
532.479096076713,391.395479995554,3.4200405964476
79.5897312404812,74.6963458350475,5.3606977250817
3.88813521249951,75.9318132420808,3.5537290168664
587.863982697706,227.428691915385,3.98200588815734
443.667813991993,461.624603768141,4.73813239859514
658.868138371733,374.349362597675,3.00887377245687
102.643591316337,488.141973659033,4.42729501717042
623.517772731854,92.2112587380246,4.07189760142222
423.866467948985,258.88724720101,3.73936532889457
12.0066832253216,182.740211227888,3.13511500282094
59.3484279783128,123.514170649411,4.4807534763646
605.162878449724,200.645361900837,4.32633819417476
246.745830488019,218.967390743891,3.54139511139227
574.261413369428,425.811354786721,3.91298989574057
297.36368289083,139.569551003044,3.86436817503743
528.841237547525,448.987491291387,3.80109150706028
44.1026113526457,424.084580709034,3.75414613293294
192.626765278465,286.809845918707,4.2620116088956
549.806917187822,258.961092179384,3.5673251330457
173.101380785921,29.7051673263481,4.30904751665675
501.917884732821,344.78455652158,4.62436407092806
35.2493379441787,50.3105082749411,3.94544136975038
534.332337645267,160.242559778139,5.04681202493455
NA,NA,NA
661.06794263783,340.012135295432,3.45619397408356
456.816003282601,297.936450770251,3.52937677719649
12.3010807522898,496.382746081668,3.62474706526215
559.446771487772,56.4609049702663,4.04065851082773
72.7218912150906,375.722863743657,4.08654994601584
227.722898350304,411.153813817033,3.97861294218199
427.749974292301,12.4309427286093,3.26128630382322
360.909612175968,293.871346889872,3.10832575850377
603.061505460207,103.022629487349,4.01020632214191
391.208516775831,227.180505495667,4.1922844311334
565.533941479918,409.906329065216,4.66748993013237
143.599044698553,283.036691267855,4.5385072582018
194.385688466423,368.399340951203,4.11668787293802
123.894232931904,412.484916504151,3.47676435412407
627.304669471778,308.390491985531,4.52095316021716
2.59069595873685,153.062441670402,4.29237757947096
541.228951101011,199.058430510442,4.11690898023729
34.9047989647891,491.216559318926,2.99284909046639
276.32010779955,24.3245066968406,3.89168492479147
532.479096076713,391.395479995554,3.4200405964476
79.5897312404812,74.6963458350475,5.3606977250817
3.88813521249951,75.9318132420808,3.5537290168664
587.863982697706,227.428691915385,3.98200588815734
443.667813991993,461.624603768141,4.73813239859514
658.868138371733,374.349362597675,3.00887377245687
102.643591316337,488.141973659033,4.42729501717042
623.517772731854,92.2112587380246,4.07189760142222
423.866467948985,258.88724720101,3.73936532889457
12.0066832253216,182.740211227888,3.13511500282094
59.3484279783128,123.514170649411,4.4807534763646
605.162878449724,200.645361900837,4.32633819417476
246.745830488019,218.967390743891,3.54139511139227
574.261413369428,425.811354786721,3.91298989574057
297.36368289083,139.569551003044,3.86436817503743
528.841237547525,448.987491291387,3.80109150706028
44.1026113526457,424.084580709034,3.75414613293294
192.626765278465,286.809845918707,4.2620116088956
549.806917187822,258.961092179384,3.5673251330457
173.101380785921,29.7051673263481,4.30904751665675
501.917884732821,344.78455652158,4.62436407092806
35.2493379441787,50.3105082749411,3.94544136975038
534.332337645267,160.242559778139,5.04681202493455
NA,NA,NA
661.06794263783,340.012135295432,3.45619397408356
456.816003282601,297.936450770251,3.52937677719649
12.3010807522898,496.382746081668,3.62474706526215
559.446771487772,56.4609049702663,4.04065851082773
72.7218912150906,375.722863743657,4.08654994601584
227.722898350304,411.153813817033,3.97861294218199
427.749974292301,12.4309427286093,3.26128630382322
360.909612175968,293.871346889872,3.10832575850377
603.061505460207,103.022629487349,4.01020632214191
391.208516775831,227.180505495667,4.1922844311334
565.533941479918,409.906329065216,4.66748993013237
143.599044698553,283.036691267855,4.5385072582018
194.385688466423,368.399340951203,4.11668787293802
123.894232931904,412.484916504151,3.47676435412407
627.304669471778,308.390491985531,4.52095316021716
2.59069595873685,153.062441670402,4.29237757947096
541.228951101011,199.058430510442,4.11690898023729
34.9047989647891,491.216559318926,2.99284909046639
276.32010779955,24.3245066968406,3.89168492479147
532.479096076713,391.395479995554,3.4200405964476
79.5897312404812,74.6963458350475,5.3606977250817
3.88813521249951,75.9318132420808,3.5537290168664
587.863982697706,227.428691915385,3.98200588815734
443.667813991993,461.624603768141,4.73813239859514
658.868138371733,374.349362597675,3.00887377245687
102.643591316337,488.141973659033,4.42729501717042
623.517772731854,92.2112587380246,4.07189760142222
423.866467948985,258.88724720101,3.73936532889457
12.0066832253216,182.740211227888,3.13511500282094
59.3484279783128,123.514170649411,4.4807534763646
605.162878449724,200.645361900837,4.32633819417476
246.745830488019,218.967390743891,3.54139511139227
574.261413369428,425.811354786721,3.91298989574057
297.36368289083,139.569551003044,3.86436817503743
528.841237547525,448.987491291387,3.80109150706028
44.1026113526457,424.084580709034,3.75414613293294
192.626765278465,286.809845918707,4.2620116088956
549.806917187822,258.961092179384,3.5673251330457
173.101380785921,29.7051673263481,4.30904751665675
501.917884732821,344.78455652158,4.62436407092806
35.2493379441787,50.3105082749411,3.94544136975038
534.332337645267,160.242559778139,5.04681202493455
NA,NA,NA
661.06794263783,340.012135295432,3.45619397408356
456.816003282601,297.936450770251,3.52937677719649
12.3010807522898,496.382746081668,3.62474706526215
559.446771487772,56.4609049702663,4.04065851082773
72.7218912150906,375.722863743657,4.08654994601584
227.722898350304,411.153813817033,3.97861294218199
427.749974292301,12.4309427286093,3.26128630382322
360.909612175968,293.871346889872,3.10832575850377
603.061505460207,103.022629487349,4.01020632214191
391.208516775831,227.180505495667,4.1922844311334
565.533941479918,409.906329065216,4.66748993013237
143.599044698553,283.036691267855,4.5385072582018
194.385688466423,368.399340951203,4.11668787293802
123.894232931904,412.484916504151,3.47676435412407
627.304669471778,308.390491985531,4.52095316021716
2.59069595873685,153.062441670402,4.29237757947096
541.228951101011,199.058430510442,4.11690898023729
34.9047989647891,491.216559318926,2.99284909046639
276.32010779955,24.3245066968406,3.89168492479147
532.479096076713,391.395479995554,3.4200405964476
79.5897312404812,74.6963458350475,5.3606977250817
3.88813521249951,75.9318132420808,3.5537290168664
587.863982697706,227.428691915385,3.98200588815734
443.667813991993,461.624603768141,4.73813239859514
658.868138371733,374.349362597675,3.00887377245687
102.643591316337,488.141973659033,4.42729501717042
623.517772731854,92.2112587380246,4.07189760142222
423.866467948985,258.88724720101,3.73936532889457
12.0066832253216,182.740211227888,3.13511500282094
59.3484279783128,123.514170649411,4.4807534763646
605.162878449724,200.645361900837,4.32633819417476
246.745830488019,218.967390743891,3.54139511139227
574.261413369428,425.811354786721,3.91298989574057
297.36368289083,139.569551003044,3.86436817503743
528.841237547525,448.987491291387,3.80109150706028
44.1026113526457,424.084580709034,3.75414613293294
192.626765278465,286.809845918707,4.2620116088956
549.806917187822,258.961092179384,3.5673251330457
173.101380785921,29.7051673263481,4.30904751665675
501.917884732821,344.78455652158,4.62436407092806
35.2493379441787,50.3105082749411,3.94544136975038
534.332337645267,160.242559778139,5.04681202493455
NA,NA,NA
659.886926109025,335.125660534592,3.5268478848922
455.845504966129,298.117689243385,3.81176118585311
8.60601317031214,494.344681657208,3.50412265746765
557.286262329352,52.5467935820685,4.27664466000481
73.7042735242188,375.801448555875,4.07264320541293
231.757242943079,412.090086015074,3.92610823149962
427.56472522872,15.3303660319934,3.3948830672981
363.083778203876,289.57946891942,3.0917061240283
605.789748642478,107.268468030951,4.18323825118763
394.56325315588,231.048851549377,4.20428234047009
566.438614083654,405.703897826909,4.74463656819957
139.444410086136,280.1261684955,4.63952204193061
197.604205962074,368.006926336487,3.98051838930782
126.675233189345,412.287056713247,3.38731554334117
626.455960730947,322.880431849398,4.46625988794212
-0.50887035499244,148.938695597914,4.28140416439917
544.120653064805,206.896893033514,4.24875930602586
35.2020134628201,491.305846219703,3.03931925679783
275.138646363237,25.2947674818816,4.03509660793353
533.725664845037,390.674411115997,3.58526400303653
67.7154177376078,78.9099228739636,5.17936848796109
2.9173410896463,75.58492014999,3.5439344807633
589.112640010432,227.460550207562,3.94272639319059
439.990659380094,461.906202151416,4.77629292987605
658.031713323552,372.241046600426,2.95480992117587
104.450009683458,484.070269129302,4.41071535279508
628.281303258421,93.7573138600088,4.05754541666235
418.349952678329,260.760609069002,3.65480147830654
13.387702820138,181.71668354182,3.21121420815728
69.8064299586266,112.699708895519,4.44489331718375
616.715204961881,214.075052232416,4.30454548140798
255.842257492845,222.433486183651,4.00108166257132
564.114961912873,440.90840603092,4.04240310661167
304.381103942587,134.000201159357,4.16308827315864
527.737278551546,466.10471954926,3.5291258362999
53.654810104046,416.619398845324,3.97680557899924
193.658659143065,300.249415348581,3.82914888592698
547.198463063955,255.821375990306,3.60139513293186
177.578543916561,26.9677661606454,4.42287792463682
505.353622182248,341.2550304915,4.46832921887752
40.4204841375475,58.8014612808283,3.68345546207114
517.259832681733,138.899841415516,5.11055771629876
NA,NA,NA
659.886926109025,335.125660534592,3.5268478848922
455.845504966129,298.117689243385,3.81176118585311
8.60601317031214,494.344681657208,3.50412265746765
557.286262329352,52.5467935820685,4.27664466000481
73.7042735242188,375.801448555875,4.07264320541293
231.757242943079,412.090086015074,3.92610823149962
427.56472522872,15.3303660319934,3.3948830672981
363.083778203876,289.57946891942,3.0917061240283
605.789748642478,107.268468030951,4.18323825118763
394.56325315588,231.048851549377,4.20428234047009
566.438614083654,405.703897826909,4.74463656819957
139.444410086136,280.1261684955,4.63952204193061
197.604205962074,368.006926336487,3.98051838930782
126.675233189345,412.287056713247,3.38731554334117
626.455960730947,322.880431849398,4.46625988794212
-0.50887035499244,148.938695597914,4.28140416439917
544.120653064805,206.896893033514,4.24875930602586
35.2020134628201,491.305846219703,3.03931925679783
275.138646363237,25.2947674818816,4.03509660793353
533.725664845037,390.674411115997,3.58526400303653
67.7154177376078,78.9099228739636,5.17936848796109
2.9173410896463,75.58492014999,3.5439344807633
589.112640010432,227.460550207562,3.94272639319059
439.990659380094,461.906202151416,4.77629292987605
658.031713323552,372.241046600426,2.95480992117587
104.450009683458,484.070269129302,4.41071535279508
628.281303258421,93.7573138600088,4.05754541666235
418.349952678329,260.760609069002,3.65480147830654
13.387702820138,181.71668354182,3.21121420815728
69.8064299586266,112.699708895519,4.44489331718375
616.715204961881,214.075052232416,4.30454548140798
255.842257492845,222.433486183651,4.00108166257132
564.114961912873,440.90840603092,4.04240310661167
304.381103942587,134.000201159357,4.16308827315864
527.737278551546,466.10471954926,3.5291258362999
53.654810104046,416.619398845324,3.97680557899924
193.658659143065,300.249415348581,3.82914888592698
547.198463063955,255.821375990306,3.60139513293186
177.578543916561,26.9677661606454,4.42287792463682
505.353622182248,341.2550304915,4.46832921887752
40.4204841375475,58.8014612808283,3.68345546207114
517.259832681733,138.899841415516,5.11055771629876
NA,NA,NA
659.886926109025,335.125660534592,3.5268478848922
455.845504966129,298.117689243385,3.81176118585311
8.60601317031214,494.344681657208,3.50412265746765
557.286262329352,52.5467935820685,4.27664466000481
73.7042735242188,375.801448555875,4.07264320541293
231.757242943079,412.090086015074,3.92610823149962
427.56472522872,15.3303660319934,3.3948830672981
363.083778203876,289.57946891942,3.0917061240283
605.789748642478,107.268468030951,4.18323825118763
394.56325315588,231.048851549377,4.20428234047009
566.438614083654,405.703897826909,4.74463656819957
139.444410086136,280.1261684955,4.63952204193061
197.604205962074,368.006926336487,3.98051838930782
126.675233189345,412.287056713247,3.38731554334117
626.455960730947,322.880431849398,4.46625988794212
-0.50887035499244,148.938695597914,4.28140416439917
544.120653064805,206.896893033514,4.24875930602586
35.2020134628201,491.305846219703,3.03931925679783
275.138646363237,25.2947674818816,4.03509660793353
533.725664845037,390.674411115997,3.58526400303653
67.7154177376078,78.9099228739636,5.17936848796109
2.9173410896463,75.58492014999,3.5439344807633
589.112640010432,227.460550207562,3.94272639319059
439.990659380094,461.906202151416,4.77629292987605
658.031713323552,372.241046600426,2.95480992117587
104.450009683458,484.070269129302,4.41071535279508
628.281303258421,93.7573138600088,4.05754541666235
418.349952678329,260.760609069002,3.65480147830654
13.387702820138,181.71668354182,3.21121420815728
69.8064299586266,112.699708895519,4.44489331718375
616.715204961881,214.075052232416,4.30454548140798
255.842257492845,222.433486183651,4.00108166257132
564.114961912873,440.90840603092,4.04240310661167
304.381103942587,134.000201159357,4.16308827315864
527.737278551546,466.10471954926,3.5291258362999
53.654810104046,416.619398845324,3.97680557899924
193.658659143065,300.249415348581,3.82914888592698
547.198463063955,255.821375990306,3.60139513293186
177.578543916561,26.9677661606454,4.42287792463682
505.353622182248,341.2550304915,4.46832921887752
40.4204841375475,58.8014612808283,3.68345546207114
517.259832681733,138.899841415516,5.11055771629876
NA,NA,NA
659.886926109025,335.125660534592,3.5268478848922
455.845504966129,298.117689243385,3.81176118585311
8.60601317031214,494.344681657208,3.50412265746765
557.286262329352,52.5467935820685,4.27664466000481
73.7042735242188,375.801448555875,4.07264320541293
231.757242943079,412.090086015074,3.92610823149962
427.56472522872,15.3303660319934,3.3948830672981
363.083778203876,289.57946891942,3.0917061240283
605.789748642478,107.268468030951,4.18323825118763
394.56325315588,231.048851549377,4.20428234047009
566.438614083654,405.703897826909,4.74463656819957
139.444410086136,280.1261684955,4.63952204193061
197.604205962074,368.006926336487,3.98051838930782
126.675233189345,412.287056713247,3.38731554334117
626.455960730947,322.880431849398,4.46625988794212
-0.50887035499244,148.938695597914,4.28140416439917
544.120653064805,206.896893033514,4.24875930602586
35.2020134628201,491.305846219703,3.03931925679783
275.138646363237,25.2947674818816,4.03509660793353
533.725664845037,390.674411115997,3.58526400303653
67.7154177376078,78.9099228739636,5.17936848796109
2.9173410896463,75.58492014999,3.5439344807633
589.112640010432,227.460550207562,3.94272639319059
439.990659380094,461.906202151416,4.77629292987605
658.031713323552,372.241046600426,2.95480992117587
104.450009683458,484.070269129302,4.41071535279508
628.281303258421,93.7573138600088,4.05754541666235
418.349952678329,260.760609069002,3.65480147830654
13.387702820138,181.71668354182,3.21121420815728
69.8064299586266,112.699708895519,4.44489331718375
616.715204961881,214.075052232416,4.30454548140798
255.842257492845,222.433486183651,4.00108166257132
564.114961912873,440.90840603092,4.04240310661167
304.381103942587,134.000201159357,4.16308827315864
527.737278551546,466.10471954926,3.5291258362999
53.654810104046,416.619398845324,3.97680557899924
193.658659143065,300.249415348581,3.82914888592698
547.198463063955,255.821375990306,3.60139513293186
177.578543916561,26.9677661606454,4.42287792463682
505.353622182248,341.2550304915,4.46832921887752
40.4204841375475,58.8014612808283,3.68345546207114
517.259832681733,138.899841415516,5.11055771629876
NA,NA,NA
659.886926109025,335.125660534592,3.5268478848922
455.845504966129,298.117689243385,3.81176118585311
8.60601317031214,494.344681657208,3.50412265746765
557.286262329352,52.5467935820685,4.27664466000481
73.7042735242188,375.801448555875,4.07264320541293
231.757242943079,412.090086015074,3.92610823149962
427.56472522872,15.3303660319934,3.3948830672981
363.083778203876,289.57946891942,3.0917061240283
605.789748642478,107.268468030951,4.18323825118763
394.56325315588,231.048851549377,4.20428234047009
566.438614083654,405.703897826909,4.74463656819957
139.444410086136,280.1261684955,4.63952204193061
197.604205962074,368.006926336487,3.98051838930782
126.675233189345,412.287056713247,3.38731554334117
626.455960730947,322.880431849398,4.46625988794212
-0.50887035499244,148.938695597914,4.28140416439917
544.120653064805,206.896893033514,4.24875930602586
35.2020134628201,491.305846219703,3.03931925679783
275.138646363237,25.2947674818816,4.03509660793353
533.725664845037,390.674411115997,3.58526400303653
67.7154177376078,78.9099228739636,5.17936848796109
2.9173410896463,75.58492014999,3.5439344807633
589.112640010432,227.460550207562,3.94272639319059
439.990659380094,461.906202151416,4.77629292987605
658.031713323552,372.241046600426,2.95480992117587
104.450009683458,484.070269129302,4.41071535279508
628.281303258421,93.7573138600088,4.05754541666235
418.349952678329,260.760609069002,3.65480147830654
13.387702820138,181.71668354182,3.21121420815728
69.8064299586266,112.699708895519,4.44489331718375
616.715204961881,214.075052232416,4.30454548140798
255.842257492845,222.433486183651,4.00108166257132
564.114961912873,440.90840603092,4.04240310661167
304.381103942587,134.000201159357,4.16308827315864
527.737278551546,466.10471954926,3.5291258362999
53.654810104046,416.619398845324,3.97680557899924
193.658659143065,300.249415348581,3.82914888592698
547.198463063955,255.821375990306,3.60139513293186
177.578543916561,26.9677661606454,4.42287792463682
505.353622182248,341.2550304915,4.46832921887752
40.4204841375475,58.8014612808283,3.68345546207114
517.259832681733,138.899841415516,5.11055771629876
NA,NA,NA
659.886926109025,335.125660534592,3.5268478848922
455.845504966129,298.117689243385,3.81176118585311
8.60601317031214,494.344681657208,3.50412265746765
557.286262329352,52.5467935820685,4.27664466000481
73.7042735242188,375.801448555875,4.07264320541293
231.757242943079,412.090086015074,3.92610823149962
427.56472522872,15.3303660319934,3.3948830672981
363.083778203876,289.57946891942,3.0917061240283
605.789748642478,107.268468030951,4.18323825118763
394.56325315588,231.048851549377,4.20428234047009
566.438614083654,405.703897826909,4.74463656819957
139.444410086136,280.1261684955,4.63952204193061
197.604205962074,368.006926336487,3.98051838930782
126.675233189345,412.287056713247,3.38731554334117
626.455960730947,322.880431849398,4.46625988794212
-0.50887035499244,148.938695597914,4.28140416439917
544.120653064805,206.896893033514,4.24875930602586
35.2020134628201,491.305846219703,3.03931925679783
275.138646363237,25.2947674818816,4.03509660793353
533.725664845037,390.674411115997,3.58526400303653
67.7154177376078,78.9099228739636,5.17936848796109
2.9173410896463,75.58492014999,3.5439344807633
589.112640010432,227.460550207562,3.94272639319059
439.990659380094,461.906202151416,4.77629292987605
658.031713323552,372.241046600426,2.95480992117587
104.450009683458,484.070269129302,4.41071535279508
628.281303258421,93.7573138600088,4.05754541666235
418.349952678329,260.760609069002,3.65480147830654
13.387702820138,181.71668354182,3.21121420815728
69.8064299586266,112.699708895519,4.44489331718375
616.715204961881,214.075052232416,4.30454548140798
255.842257492845,222.433486183651,4.00108166257132
564.114961912873,440.90840603092,4.04240310661167
304.381103942587,134.000201159357,4.16308827315864
527.737278551546,466.10471954926,3.5291258362999
53.654810104046,416.619398845324,3.97680557899924
193.658659143065,300.249415348581,3.82914888592698
547.198463063955,255.821375990306,3.60139513293186
177.578543916561,26.9677661606454,4.42287792463682
505.353622182248,341.2550304915,4.46832921887752
40.4204841375475,58.8014612808283,3.68345546207114
517.259832681733,138.899841415516,5.11055771629876
NA,NA,NA
660.496653344595,338.181566229846,3.49065205734965
458.317582050177,299.625529727945,3.6801486095826
16.0958143537294,493.236824337234,3.50219174031314
559.265148718205,51.1338296759239,4.0297229197576
80.9913933526243,373.581649961111,4.04366464857174
227.124804731225,412.091304278661,3.92313441705394
427.475628572328,12.8682726142888,3.39810009190853
363.617278787485,293.196505088101,2.95778668711974
605.196665074906,106.108010597423,4.06169508623213
390.889135395507,230.609527266844,4.24497664228558
562.088743695891,404.687359938925,4.72780987033743
142.265434347073,281.696985804396,4.40509678098214
200.190202953503,371.675351454561,4.04322085718877
128.676950999472,409.32522382005,3.49525106232939
629.152931254498,309.018651445616,4.56354000667341
7.3110383227229,148.112633617448,4.35757815192806
542.898349631932,202.618191972223,4.2863538121583
33.7788818676059,491.318131090709,3.0513891873663
281.796795916405,24.769266216718,3.82615827494006
534.460656482407,393.102837266985,3.35940319384146
79.3094368987952,75.1451314383781,5.23073000218574
5.71685189245931,80.1851156451863,3.50176126944744
586.623140464369,227.71328051226,4.06500081254225
441.530143362111,461.86456418503,4.75958590000835
659.687979748215,374.034996802998,3.1598597006987
100.843866557364,487.333331665061,4.3665826631834
623.980261309247,90.2933663375829,4.08514838247574
421.861651697581,257.797624186009,3.56691732742717
9.38252774388021,179.954480783234,3.23135362838305
56.1105526374946,119.120443550546,4.71095884486298
589.366866486525,199.825962143625,4.24870291821953
244.674751806403,215.095859179814,3.78203757419428
580.996918890104,438.159787575428,3.62507586980931
302.925091979231,134.016384806171,3.84073096940278
525.663057227196,463.789599504218,3.53910130961442
37.2101328087922,413.848446019744,4.02544577500502
197.241489050163,288.181277749449,3.99967072683317
545.960238859653,269.981352335461,3.64562638193405
172.663865454803,22.9508649033531,4.49526240226277
494.638981843922,346.108979343158,4.42902817081897
47.9138244107932,47.9495244078746,3.84491378348757
511.045029287538,155.376334274007,4.62764640823784
NA,NA,NA
660.496653344595,338.181566229846,3.49065205734965
458.317582050177,299.625529727945,3.6801486095826
16.0958143537294,493.236824337234,3.50219174031314
559.265148718205,51.1338296759239,4.0297229197576
80.9913933526243,373.581649961111,4.04366464857174
227.124804731225,412.091304278661,3.92313441705394
427.475628572328,12.8682726142888,3.39810009190853
363.617278787485,293.196505088101,2.95778668711974
605.196665074906,106.108010597423,4.06169508623213
390.889135395507,230.609527266844,4.24497664228558
562.088743695891,404.687359938925,4.72780987033743
142.265434347073,281.696985804396,4.40509678098214
200.190202953503,371.675351454561,4.04322085718877
128.676950999472,409.32522382005,3.49525106232939
629.152931254498,309.018651445616,4.56354000667341
7.3110383227229,148.112633617448,4.35757815192806
542.898349631932,202.618191972223,4.2863538121583
33.7788818676059,491.318131090709,3.0513891873663
281.796795916405,24.769266216718,3.82615827494006
534.460656482407,393.102837266985,3.35940319384146
79.3094368987952,75.1451314383781,5.23073000218574
5.71685189245931,80.1851156451863,3.50176126944744
586.623140464369,227.71328051226,4.06500081254225
441.530143362111,461.86456418503,4.75958590000835
659.687979748215,374.034996802998,3.1598597006987
100.843866557364,487.333331665061,4.3665826631834
623.980261309247,90.2933663375829,4.08514838247574
421.861651697581,257.797624186009,3.56691732742717
9.38252774388021,179.954480783234,3.23135362838305
56.1105526374946,119.120443550546,4.71095884486298
589.366866486525,199.825962143625,4.24870291821953
244.674751806403,215.095859179814,3.78203757419428
580.996918890104,438.159787575428,3.62507586980931
302.925091979231,134.016384806171,3.84073096940278
525.663057227196,463.789599504218,3.53910130961442
37.2101328087922,413.848446019744,4.02544577500502
197.241489050163,288.181277749449,3.99967072683317
545.960238859653,269.981352335461,3.64562638193405
172.663865454803,22.9508649033531,4.49526240226277
494.638981843922,346.108979343158,4.42902817081897
47.9138244107932,47.9495244078746,3.84491378348757
511.045029287538,155.376334274007,4.62764640823784
NA,NA,NA
660.496653344595,338.181566229846,3.49065205734965
458.317582050177,299.625529727945,3.6801486095826
16.0958143537294,493.236824337234,3.50219174031314
559.265148718205,51.1338296759239,4.0297229197576
80.9913933526243,373.581649961111,4.04366464857174
227.124804731225,412.091304278661,3.92313441705394
427.475628572328,12.8682726142888,3.39810009190853
363.617278787485,293.196505088101,2.95778668711974
605.196665074906,106.108010597423,4.06169508623213
390.889135395507,230.609527266844,4.24497664228558
562.088743695891,404.687359938925,4.72780987033743
142.265434347073,281.696985804396,4.40509678098214
200.190202953503,371.675351454561,4.04322085718877
128.676950999472,409.32522382005,3.49525106232939
629.152931254498,309.018651445616,4.56354000667341
7.3110383227229,148.112633617448,4.35757815192806
542.898349631932,202.618191972223,4.2863538121583
33.7788818676059,491.318131090709,3.0513891873663
281.796795916405,24.769266216718,3.82615827494006
534.460656482407,393.102837266985,3.35940319384146
79.3094368987952,75.1451314383781,5.23073000218574
5.71685189245931,80.1851156451863,3.50176126944744
586.623140464369,227.71328051226,4.06500081254225
441.530143362111,461.86456418503,4.75958590000835
659.687979748215,374.034996802998,3.1598597006987
100.843866557364,487.333331665061,4.3665826631834
623.980261309247,90.2933663375829,4.08514838247574
421.861651697581,257.797624186009,3.56691732742717
9.38252774388021,179.954480783234,3.23135362838305
56.1105526374946,119.120443550546,4.71095884486298
589.366866486525,199.825962143625,4.24870291821953
244.674751806403,215.095859179814,3.78203757419428
580.996918890104,438.159787575428,3.62507586980931
302.925091979231,134.016384806171,3.84073096940278
525.663057227196,463.789599504218,3.53910130961442
37.2101328087922,413.848446019744,4.02544577500502
197.241489050163,288.181277749449,3.99967072683317
545.960238859653,269.981352335461,3.64562638193405
172.663865454803,22.9508649033531,4.49526240226277
494.638981843922,346.108979343158,4.42902817081897
47.9138244107932,47.9495244078746,3.84491378348757
511.045029287538,155.376334274007,4.62764640823784
NA,NA,NA
660.496653344595,338.181566229846,3.49065205734965
458.317582050177,299.625529727945,3.6801486095826
16.0958143537294,493.236824337234,3.50219174031314
559.265148718205,51.1338296759239,4.0297229197576
80.9913933526243,373.581649961111,4.04366464857174
227.124804731225,412.091304278661,3.92313441705394
427.475628572328,12.8682726142888,3.39810009190853
363.617278787485,293.196505088101,2.95778668711974
605.196665074906,106.108010597423,4.06169508623213
390.889135395507,230.609527266844,4.24497664228558
562.088743695891,404.687359938925,4.72780987033743
142.265434347073,281.696985804396,4.40509678098214
200.190202953503,371.675351454561,4.04322085718877
128.676950999472,409.32522382005,3.49525106232939
629.152931254498,309.018651445616,4.56354000667341
7.3110383227229,148.112633617448,4.35757815192806
542.898349631932,202.618191972223,4.2863538121583
33.7788818676059,491.318131090709,3.0513891873663
281.796795916405,24.769266216718,3.82615827494006
534.460656482407,393.102837266985,3.35940319384146
79.3094368987952,75.1451314383781,5.23073000218574
5.71685189245931,80.1851156451863,3.50176126944744
586.623140464369,227.71328051226,4.06500081254225
441.530143362111,461.86456418503,4.75958590000835
659.687979748215,374.034996802998,3.1598597006987
100.843866557364,487.333331665061,4.3665826631834
623.980261309247,90.2933663375829,4.08514838247574
421.861651697581,257.797624186009,3.56691732742717
9.38252774388021,179.954480783234,3.23135362838305
56.1105526374946,119.120443550546,4.71095884486298
589.366866486525,199.825962143625,4.24870291821953
244.674751806403,215.095859179814,3.78203757419428
580.996918890104,438.159787575428,3.62507586980931
302.925091979231,134.016384806171,3.84073096940278
525.663057227196,463.789599504218,3.53910130961442
37.2101328087922,413.848446019744,4.02544577500502
197.241489050163,288.181277749449,3.99967072683317
545.960238859653,269.981352335461,3.64562638193405
172.663865454803,22.9508649033531,4.49526240226277
494.638981843922,346.108979343158,4.42902817081897
47.9138244107932,47.9495244078746,3.84491378348757
511.045029287538,155.376334274007,4.62764640823784
NA,NA,NA
660.496653344595,338.181566229846,3.49065205734965
458.317582050177,299.625529727945,3.6801486095826
16.0958143537294,493.236824337234,3.50219174031314
559.265148718205,51.1338296759239,4.0297229197576
80.9913933526243,373.581649961111,4.04366464857174
227.124804731225,412.091304278661,3.92313441705394
427.475628572328,12.8682726142888,3.39810009190853
363.617278787485,293.196505088101,2.95778668711974
605.196665074906,106.108010597423,4.06169508623213
390.889135395507,230.609527266844,4.24497664228558
562.088743695891,404.687359938925,4.72780987033743
142.265434347073,281.696985804396,4.40509678098214
200.190202953503,371.675351454561,4.04322085718877
128.676950999472,409.32522382005,3.49525106232939
629.152931254498,309.018651445616,4.56354000667341
7.3110383227229,148.112633617448,4.35757815192806
542.898349631932,202.618191972223,4.2863538121583
33.7788818676059,491.318131090709,3.0513891873663
281.796795916405,24.769266216718,3.82615827494006
534.460656482407,393.102837266985,3.35940319384146
79.3094368987952,75.1451314383781,5.23073000218574
5.71685189245931,80.1851156451863,3.50176126944744
586.623140464369,227.71328051226,4.06500081254225
441.530143362111,461.86456418503,4.75958590000835
659.687979748215,374.034996802998,3.1598597006987
100.843866557364,487.333331665061,4.3665826631834
623.980261309247,90.2933663375829,4.08514838247574
421.861651697581,257.797624186009,3.56691732742717
9.38252774388021,179.954480783234,3.23135362838305
56.1105526374946,119.120443550546,4.71095884486298
589.366866486525,199.825962143625,4.24870291821953
244.674751806403,215.095859179814,3.78203757419428
580.996918890104,438.159787575428,3.62507586980931
302.925091979231,134.016384806171,3.84073096940278
525.663057227196,463.789599504218,3.53910130961442
37.2101328087922,413.848446019744,4.02544577500502
197.241489050163,288.181277749449,3.99967072683317
545.960238859653,269.981352335461,3.64562638193405
172.663865454803,22.9508649033531,4.49526240226277
494.638981843922,346.108979343158,4.42902817081897
47.9138244107932,47.9495244078746,3.84491378348757
511.045029287538,155.376334274007,4.62764640823784
NA,NA,NA
660.496653344595,338.181566229846,3.49065205734965
458.317582050177,299.625529727945,3.6801486095826
16.0958143537294,493.236824337234,3.50219174031314
559.265148718205,51.1338296759239,4.0297229197576
80.9913933526243,373.581649961111,4.04366464857174
227.124804731225,412.091304278661,3.92313441705394
427.475628572328,12.8682726142888,3.39810009190853
363.617278787485,293.196505088101,2.95778668711974
605.196665074906,106.108010597423,4.06169508623213
390.889135395507,230.609527266844,4.24497664228558
562.088743695891,404.687359938925,4.72780987033743
142.265434347073,281.696985804396,4.40509678098214
200.190202953503,371.675351454561,4.04322085718877
128.676950999472,409.32522382005,3.49525106232939
629.152931254498,309.018651445616,4.56354000667341
7.3110383227229,148.112633617448,4.35757815192806
542.898349631932,202.618191972223,4.2863538121583
33.7788818676059,491.318131090709,3.0513891873663
281.796795916405,24.769266216718,3.82615827494006
534.460656482407,393.102837266985,3.35940319384146
79.3094368987952,75.1451314383781,5.23073000218574
5.71685189245931,80.1851156451863,3.50176126944744
586.623140464369,227.71328051226,4.06500081254225
441.530143362111,461.86456418503,4.75958590000835
659.687979748215,374.034996802998,3.1598597006987
100.843866557364,487.333331665061,4.3665826631834
623.980261309247,90.2933663375829,4.08514838247574
421.861651697581,257.797624186009,3.56691732742717
9.38252774388021,179.954480783234,3.23135362838305
56.1105526374946,119.120443550546,4.71095884486298
589.366866486525,199.825962143625,4.24870291821953
244.674751806403,215.095859179814,3.78203757419428
580.996918890104,438.159787575428,3.62507586980931
302.925091979231,134.016384806171,3.84073096940278
525.663057227196,463.789599504218,3.53910130961442
37.2101328087922,413.848446019744,4.02544577500502
197.241489050163,288.181277749449,3.99967072683317
545.960238859653,269.981352335461,3.64562638193405
172.663865454803,22.9508649033531,4.49526240226277
494.638981843922,346.108979343158,4.42902817081897
47.9138244107932,47.9495244078746,3.84491378348757
511.045029287538,155.376334274007,4.62764640823784
NA,NA,NA
664.771160680774,332.701941271041,3.59444962169986
455.392184728522,297.131563941194,3.70671312261718
10.0494152728325,490.113142156406,3.72811294764648
557.043960675995,50.3484617169563,4.33784064055453
72.602085657815,376.259133297472,3.90995748965147
230.158544365045,415.738295413187,3.84683308256016
426.57891229106,15.9595020036418,3.31892006031844
361.295414843923,294.911982662438,3.10991979348114
608.442074476642,107.010227073135,4.10379863884746
393.762098452355,226.784491056734,4.06214795535216
571.30179748362,403.298793734153,4.75350715550972
143.384726541247,283.203717116236,4.49963790466783
196.838889658607,370.441003969552,4.06089649957516
125.545466668037,412.901664741159,3.41323566431576
630.982455982295,310.05992021162,4.57955104911076
3.19450881871698,143.639691285937,4.31591029025902
546.114007428331,200.938802278768,4.23000447785212
36.31611377717,490.694709989691,2.8988341436968
278.569521653446,22.3172986102906,3.9666881842146
532.52770631729,394.810814700943,3.58017243112412
81.0055913687268,80.2217708108904,5.2661663739716
5.76490186862833,75.3179592087844,3.35035305644561
589.859991051517,226.474717436439,4.02904873889326
439.661732966459,460.471676859911,4.82358943880639
659.314464347474,374.160317115434,3.12338803438614
105.868021445884,486.879263653362,4.38840161946471
625.599756787608,87.8083902786321,4.01575976955826
422.828885305991,257.841500407957,3.61526951011137
10.5288078208246,182.438911777398,3.16594845239308
77.1346382807931,107.653794871783,4.40186287068071
604.131981235873,196.933172229451,4.35279183572324
251.830759366911,216.039608599335,3.97749560814421
567.008779257987,445.280660893016,3.4303101305784
298.76524473069,139.166711736411,3.79293831973383
529.903925769299,470.362771700261,3.80968163015074
49.3165815781569,416.625256579756,4.25839545077713
205.116327333148,286.340307108137,3.83353203675978
548.177838521673,260.882598361791,3.47767717169396
171.027786633964,43.5733856402923,4.33180217079279
493.234298748677,346.627213248961,4.77371847846006
44.5845305255041,48.5893243225739,3.71031787907097
526.288907617757,147.424503877643,4.77969037027797
NA,NA,NA
664.771160680774,332.701941271041,3.59444962169986
455.392184728522,297.131563941194,3.70671312261718
10.0494152728325,490.113142156406,3.72811294764648
557.043960675995,50.3484617169563,4.33784064055453
72.602085657815,376.259133297472,3.90995748965147
230.158544365045,415.738295413187,3.84683308256016
426.57891229106,15.9595020036418,3.31892006031844
361.295414843923,294.911982662438,3.10991979348114
608.442074476642,107.010227073135,4.10379863884746
393.762098452355,226.784491056734,4.06214795535216
571.30179748362,403.298793734153,4.75350715550972
143.384726541247,283.203717116236,4.49963790466783
196.838889658607,370.441003969552,4.06089649957516
125.545466668037,412.901664741159,3.41323566431576
630.982455982295,310.05992021162,4.57955104911076
3.19450881871698,143.639691285937,4.31591029025902
546.114007428331,200.938802278768,4.23000447785212
36.31611377717,490.694709989691,2.8988341436968
278.569521653446,22.3172986102906,3.9666881842146
532.52770631729,394.810814700943,3.58017243112412
81.0055913687268,80.2217708108904,5.2661663739716
5.76490186862833,75.3179592087844,3.35035305644561
589.859991051517,226.474717436439,4.02904873889326
439.661732966459,460.471676859911,4.82358943880639
659.314464347474,374.160317115434,3.12338803438614
105.868021445884,486.879263653362,4.38840161946471
625.599756787608,87.8083902786321,4.01575976955826
422.828885305991,257.841500407957,3.61526951011137
10.5288078208246,182.438911777398,3.16594845239308
77.1346382807931,107.653794871783,4.40186287068071
604.131981235873,196.933172229451,4.35279183572324
251.830759366911,216.039608599335,3.97749560814421
567.008779257987,445.280660893016,3.4303101305784
298.76524473069,139.166711736411,3.79293831973383
529.903925769299,470.362771700261,3.80968163015074
49.3165815781569,416.625256579756,4.25839545077713
205.116327333148,286.340307108137,3.83353203675978
548.177838521673,260.882598361791,3.47767717169396
171.027786633964,43.5733856402923,4.33180217079279
493.234298748677,346.627213248961,4.77371847846006
44.5845305255041,48.5893243225739,3.71031787907097
526.288907617757,147.424503877643,4.77969037027797
NA,NA,NA
664.771160680774,332.701941271041,3.59444962169986
455.392184728522,297.131563941194,3.70671312261718
10.0494152728325,490.113142156406,3.72811294764648
557.043960675995,50.3484617169563,4.33784064055453
72.602085657815,376.259133297472,3.90995748965147
230.158544365045,415.738295413187,3.84683308256016
426.57891229106,15.9595020036418,3.31892006031844
361.295414843923,294.911982662438,3.10991979348114
608.442074476642,107.010227073135,4.10379863884746
393.762098452355,226.784491056734,4.06214795535216
571.30179748362,403.298793734153,4.75350715550972
143.384726541247,283.203717116236,4.49963790466783
196.838889658607,370.441003969552,4.06089649957516
125.545466668037,412.901664741159,3.41323566431576
630.982455982295,310.05992021162,4.57955104911076
3.19450881871698,143.639691285937,4.31591029025902
546.114007428331,200.938802278768,4.23000447785212
36.31611377717,490.694709989691,2.8988341436968
278.569521653446,22.3172986102906,3.9666881842146
532.52770631729,394.810814700943,3.58017243112412
81.0055913687268,80.2217708108904,5.2661663739716
5.76490186862833,75.3179592087844,3.35035305644561
589.859991051517,226.474717436439,4.02904873889326
439.661732966459,460.471676859911,4.82358943880639
659.314464347474,374.160317115434,3.12338803438614
105.868021445884,486.879263653362,4.38840161946471
625.599756787608,87.8083902786321,4.01575976955826
422.828885305991,257.841500407957,3.61526951011137
10.5288078208246,182.438911777398,3.16594845239308
77.1346382807931,107.653794871783,4.40186287068071
604.131981235873,196.933172229451,4.35279183572324
251.830759366911,216.039608599335,3.97749560814421
567.008779257987,445.280660893016,3.4303101305784
298.76524473069,139.166711736411,3.79293831973383
529.903925769299,470.362771700261,3.80968163015074
49.3165815781569,416.625256579756,4.25839545077713
205.116327333148,286.340307108137,3.83353203675978
548.177838521673,260.882598361791,3.47767717169396
171.027786633964,43.5733856402923,4.33180217079279
493.234298748677,346.627213248961,4.77371847846006
44.5845305255041,48.5893243225739,3.71031787907097
526.288907617757,147.424503877643,4.77969037027797
NA,NA,NA
664.771160680774,332.701941271041,3.59444962169986
455.392184728522,297.131563941194,3.70671312261718
10.0494152728325,490.113142156406,3.72811294764648
557.043960675995,50.3484617169563,4.33784064055453
72.602085657815,376.259133297472,3.90995748965147
230.158544365045,415.738295413187,3.84683308256016
426.57891229106,15.9595020036418,3.31892006031844
361.295414843923,294.911982662438,3.10991979348114
608.442074476642,107.010227073135,4.10379863884746
393.762098452355,226.784491056734,4.06214795535216
571.30179748362,403.298793734153,4.75350715550972
143.384726541247,283.203717116236,4.49963790466783
196.838889658607,370.441003969552,4.06089649957516
125.545466668037,412.901664741159,3.41323566431576
630.982455982295,310.05992021162,4.57955104911076
3.19450881871698,143.639691285937,4.31591029025902
546.114007428331,200.938802278768,4.23000447785212
36.31611377717,490.694709989691,2.8988341436968
278.569521653446,22.3172986102906,3.9666881842146
532.52770631729,394.810814700943,3.58017243112412
81.0055913687268,80.2217708108904,5.2661663739716
5.76490186862833,75.3179592087844,3.35035305644561
589.859991051517,226.474717436439,4.02904873889326
439.661732966459,460.471676859911,4.82358943880639
659.314464347474,374.160317115434,3.12338803438614
105.868021445884,486.879263653362,4.38840161946471
625.599756787608,87.8083902786321,4.01575976955826
422.828885305991,257.841500407957,3.61526951011137
10.5288078208246,182.438911777398,3.16594845239308
77.1346382807931,107.653794871783,4.40186287068071
604.131981235873,196.933172229451,4.35279183572324
251.830759366911,216.039608599335,3.97749560814421
567.008779257987,445.280660893016,3.4303101305784
298.76524473069,139.166711736411,3.79293831973383
529.903925769299,470.362771700261,3.80968163015074
49.3165815781569,416.625256579756,4.25839545077713
205.116327333148,286.340307108137,3.83353203675978
548.177838521673,260.882598361791,3.47767717169396
171.027786633964,43.5733856402923,4.33180217079279
493.234298748677,346.627213248961,4.77371847846006
44.5845305255041,48.5893243225739,3.71031787907097
526.288907617757,147.424503877643,4.77969037027797
NA,NA,NA
664.771160680774,332.701941271041,3.59444962169986
455.392184728522,297.131563941194,3.70671312261718
10.0494152728325,490.113142156406,3.72811294764648
557.043960675995,50.3484617169563,4.33784064055453
72.602085657815,376.259133297472,3.90995748965147
230.158544365045,415.738295413187,3.84683308256016
426.57891229106,15.9595020036418,3.31892006031844
361.295414843923,294.911982662438,3.10991979348114
608.442074476642,107.010227073135,4.10379863884746
393.762098452355,226.784491056734,4.06214795535216
571.30179748362,403.298793734153,4.75350715550972
143.384726541247,283.203717116236,4.49963790466783
196.838889658607,370.441003969552,4.06089649957516
125.545466668037,412.901664741159,3.41323566431576
630.982455982295,310.05992021162,4.57955104911076
3.19450881871698,143.639691285937,4.31591029025902
546.114007428331,200.938802278768,4.23000447785212
36.31611377717,490.694709989691,2.8988341436968
278.569521653446,22.3172986102906,3.9666881842146
532.52770631729,394.810814700943,3.58017243112412
81.0055913687268,80.2217708108904,5.2661663739716
5.76490186862833,75.3179592087844,3.35035305644561
589.859991051517,226.474717436439,4.02904873889326
439.661732966459,460.471676859911,4.82358943880639
659.314464347474,374.160317115434,3.12338803438614
105.868021445884,486.879263653362,4.38840161946471
625.599756787608,87.8083902786321,4.01575976955826
422.828885305991,257.841500407957,3.61526951011137
10.5288078208246,182.438911777398,3.16594845239308
77.1346382807931,107.653794871783,4.40186287068071
604.131981235873,196.933172229451,4.35279183572324
251.830759366911,216.039608599335,3.97749560814421
567.008779257987,445.280660893016,3.4303101305784
298.76524473069,139.166711736411,3.79293831973383
529.903925769299,470.362771700261,3.80968163015074
49.3165815781569,416.625256579756,4.25839545077713
205.116327333148,286.340307108137,3.83353203675978
548.177838521673,260.882598361791,3.47767717169396
171.027786633964,43.5733856402923,4.33180217079279
493.234298748677,346.627213248961,4.77371847846006
44.5845305255041,48.5893243225739,3.71031787907097
526.288907617757,147.424503877643,4.77969037027797
NA,NA,NA
664.771160680774,332.701941271041,3.59444962169986
455.392184728522,297.131563941194,3.70671312261718
10.0494152728325,490.113142156406,3.72811294764648
557.043960675995,50.3484617169563,4.33784064055453
72.602085657815,376.259133297472,3.90995748965147
230.158544365045,415.738295413187,3.84683308256016
426.57891229106,15.9595020036418,3.31892006031844
361.295414843923,294.911982662438,3.10991979348114
608.442074476642,107.010227073135,4.10379863884746
393.762098452355,226.784491056734,4.06214795535216
571.30179748362,403.298793734153,4.75350715550972
143.384726541247,283.203717116236,4.49963790466783
196.838889658607,370.441003969552,4.06089649957516
125.545466668037,412.901664741159,3.41323566431576
630.982455982295,310.05992021162,4.57955104911076
3.19450881871698,143.639691285937,4.31591029025902
546.114007428331,200.938802278768,4.23000447785212
36.31611377717,490.694709989691,2.8988341436968
278.569521653446,22.3172986102906,3.9666881842146
532.52770631729,394.810814700943,3.58017243112412
81.0055913687268,80.2217708108904,5.2661663739716
5.76490186862833,75.3179592087844,3.35035305644561
589.859991051517,226.474717436439,4.02904873889326
439.661732966459,460.471676859911,4.82358943880639
659.314464347474,374.160317115434,3.12338803438614
105.868021445884,486.879263653362,4.38840161946471
625.599756787608,87.8083902786321,4.01575976955826
422.828885305991,257.841500407957,3.61526951011137
10.5288078208246,182.438911777398,3.16594845239308
77.1346382807931,107.653794871783,4.40186287068071
604.131981235873,196.933172229451,4.35279183572324
251.830759366911,216.039608599335,3.97749560814421
567.008779257987,445.280660893016,3.4303101305784
298.76524473069,139.166711736411,3.79293831973383
529.903925769299,470.362771700261,3.80968163015074
49.3165815781569,416.625256579756,4.25839545077713
205.116327333148,286.340307108137,3.83353203675978
548.177838521673,260.882598361791,3.47767717169396
171.027786633964,43.5733856402923,4.33180217079279
493.234298748677,346.627213248961,4.77371847846006
44.5845305255041,48.5893243225739,3.71031787907097
526.288907617757,147.424503877643,4.77969037027797
NA,NA,NA
664.177715137322,332.355383816523,3.47151004404852
453.729966627076,301.671247892079,3.67225394155613
9.39874972096417,494.623691617948,3.56112180303368
560.037717161373,49.449488234588,4.12573096649049
72.6162736394446,378.5491034638,3.9453576277766
231.028200861629,415.231178307482,3.82279451923958
427.732687138527,14.1899723530345,3.37739466632298
362.111798442031,293.126577375788,3.17118470480742
605.596722669897,103.781901645524,4.23647654645013
393.48146095154,232.52243448748,4.2035179114929
571.901633887182,408.675123909464,4.79346944605887
132.422946647534,279.133043452262,4.52872031861463
194.464739042437,369.608780674209,4.16412143187647
124.885233437901,408.748695980018,3.48542869383863
627.118078177649,320.492581947873,4.58758508239093
5.59019791157233,149.821809233635,4.30160929906231
538.340199799307,203.966915492962,4.22951469741615
33.5588216788664,490.742952811787,2.91997299408231
279.986419107625,20.338362267065,4.08284234676219
532.980923509813,389.715138848613,3.35874438387153
73.5200431061726,78.6552785215443,5.28707651999374
6.66027336639555,75.1346585632662,3.43986455206747
589.879113269746,224.396851035968,4.00609423724444
440.404171604438,458.006645726808,4.75264173959466
660.371270164425,375.972234431579,3.22925997459588
107.410533449086,490.203818745231,4.42295034045256
627.96430795731,91.3567270562559,4.12553630499491
423.391126909667,259.819403493432,3.61429633808825
12.8327505354475,181.703584014778,3.20322279008866
64.0636803145484,121.101588703566,4.50024163100409
602.77305428574,181.655523193954,4.28275699399913
257.928262969043,220.882839657169,3.913484625959
571.853640564501,439.522743786938,3.98290166441372
300.272544828342,136.714526021688,3.9320678769469
524.237172472751,462.021828491144,3.26924060559619
44.651037648048,414.818358771629,3.91856035382263
198.66285332725,282.1195300991,3.92874760572978
556.341277178191,264.412478421765,3.74817647256852
178.912631011802,18.4667384789805,4.26530107007988
504.056927648347,342.682907865981,4.45957147112306
37.1266762488708,46.4804303445376,4.07975024832641
535.937599628952,144.423038359237,4.36743922327928
NA,NA,NA
664.177715137322,332.355383816523,3.47151004404852
453.729966627076,301.671247892079,3.67225394155613
9.39874972096417,494.623691617948,3.56112180303368
560.037717161373,49.449488234588,4.12573096649049
72.6162736394446,378.5491034638,3.9453576277766
231.028200861629,415.231178307482,3.82279451923958
427.732687138527,14.1899723530345,3.37739466632298
362.111798442031,293.126577375788,3.17118470480742
605.596722669897,103.781901645524,4.23647654645013
393.48146095154,232.52243448748,4.2035179114929
571.901633887182,408.675123909464,4.79346944605887
132.422946647534,279.133043452262,4.52872031861463
194.464739042437,369.608780674209,4.16412143187647
124.885233437901,408.748695980018,3.48542869383863
627.118078177649,320.492581947873,4.58758508239093
5.59019791157233,149.821809233635,4.30160929906231
538.340199799307,203.966915492962,4.22951469741615
33.5588216788664,490.742952811787,2.91997299408231
279.986419107625,20.338362267065,4.08284234676219
532.980923509813,389.715138848613,3.35874438387153
73.5200431061726,78.6552785215443,5.28707651999374
6.66027336639555,75.1346585632662,3.43986455206747
589.879113269746,224.396851035968,4.00609423724444
440.404171604438,458.006645726808,4.75264173959466
660.371270164425,375.972234431579,3.22925997459588
107.410533449086,490.203818745231,4.42295034045256
627.96430795731,91.3567270562559,4.12553630499491
423.391126909667,259.819403493432,3.61429633808825
12.8327505354475,181.703584014778,3.20322279008866
64.0636803145484,121.101588703566,4.50024163100409
602.77305428574,181.655523193954,4.28275699399913
257.928262969043,220.882839657169,3.913484625959
571.853640564501,439.522743786938,3.98290166441372
300.272544828342,136.714526021688,3.9320678769469
524.237172472751,462.021828491144,3.26924060559619
44.651037648048,414.818358771629,3.91856035382263
198.66285332725,282.1195300991,3.92874760572978
556.341277178191,264.412478421765,3.74817647256852
178.912631011802,18.4667384789805,4.26530107007988
504.056927648347,342.682907865981,4.45957147112306
37.1266762488708,46.4804303445376,4.07975024832641
535.937599628952,144.423038359237,4.36743922327928
NA,NA,NA
664.177715137322,332.355383816523,3.47151004404852
453.729966627076,301.671247892079,3.67225394155613
9.39874972096417,494.623691617948,3.56112180303368
560.037717161373,49.449488234588,4.12573096649049
72.6162736394446,378.5491034638,3.9453576277766
231.028200861629,415.231178307482,3.82279451923958
427.732687138527,14.1899723530345,3.37739466632298
362.111798442031,293.126577375788,3.17118470480742
605.596722669897,103.781901645524,4.23647654645013
393.48146095154,232.52243448748,4.2035179114929
571.901633887182,408.675123909464,4.79346944605887
132.422946647534,279.133043452262,4.52872031861463
194.464739042437,369.608780674209,4.16412143187647
124.885233437901,408.748695980018,3.48542869383863
627.118078177649,320.492581947873,4.58758508239093
5.59019791157233,149.821809233635,4.30160929906231
538.340199799307,203.966915492962,4.22951469741615
33.5588216788664,490.742952811787,2.91997299408231
279.986419107625,20.338362267065,4.08284234676219
532.980923509813,389.715138848613,3.35874438387153
73.5200431061726,78.6552785215443,5.28707651999374
6.66027336639555,75.1346585632662,3.43986455206747
589.879113269746,224.396851035968,4.00609423724444
440.404171604438,458.006645726808,4.75264173959466
660.371270164425,375.972234431579,3.22925997459588
107.410533449086,490.203818745231,4.42295034045256
627.96430795731,91.3567270562559,4.12553630499491
423.391126909667,259.819403493432,3.61429633808825
12.8327505354475,181.703584014778,3.20322279008866
64.0636803145484,121.101588703566,4.50024163100409
602.77305428574,181.655523193954,4.28275699399913
257.928262969043,220.882839657169,3.913484625959
571.853640564501,439.522743786938,3.98290166441372
300.272544828342,136.714526021688,3.9320678769469
524.237172472751,462.021828491144,3.26924060559619
44.651037648048,414.818358771629,3.91856035382263
198.66285332725,282.1195300991,3.92874760572978
556.341277178191,264.412478421765,3.74817647256852
178.912631011802,18.4667384789805,4.26530107007988
504.056927648347,342.682907865981,4.45957147112306
37.1266762488708,46.4804303445376,4.07975024832641
535.937599628952,144.423038359237,4.36743922327928
NA,NA,NA
664.177715137322,332.355383816523,3.47151004404852
453.729966627076,301.671247892079,3.67225394155613
9.39874972096417,494.623691617948,3.56112180303368
560.037717161373,49.449488234588,4.12573096649049
72.6162736394446,378.5491034638,3.9453576277766
231.028200861629,415.231178307482,3.82279451923958
427.732687138527,14.1899723530345,3.37739466632298
362.111798442031,293.126577375788,3.17118470480742
605.596722669897,103.781901645524,4.23647654645013
393.48146095154,232.52243448748,4.2035179114929
571.901633887182,408.675123909464,4.79346944605887
132.422946647534,279.133043452262,4.52872031861463
194.464739042437,369.608780674209,4.16412143187647
124.885233437901,408.748695980018,3.48542869383863
627.118078177649,320.492581947873,4.58758508239093
5.59019791157233,149.821809233635,4.30160929906231
538.340199799307,203.966915492962,4.22951469741615
33.5588216788664,490.742952811787,2.91997299408231
279.986419107625,20.338362267065,4.08284234676219
532.980923509813,389.715138848613,3.35874438387153
73.5200431061726,78.6552785215443,5.28707651999374
6.66027336639555,75.1346585632662,3.43986455206747
589.879113269746,224.396851035968,4.00609423724444
440.404171604438,458.006645726808,4.75264173959466
660.371270164425,375.972234431579,3.22925997459588
107.410533449086,490.203818745231,4.42295034045256
627.96430795731,91.3567270562559,4.12553630499491
423.391126909667,259.819403493432,3.61429633808825
12.8327505354475,181.703584014778,3.20322279008866
64.0636803145484,121.101588703566,4.50024163100409
602.77305428574,181.655523193954,4.28275699399913
257.928262969043,220.882839657169,3.913484625959
571.853640564501,439.522743786938,3.98290166441372
300.272544828342,136.714526021688,3.9320678769469
524.237172472751,462.021828491144,3.26924060559619
44.651037648048,414.818358771629,3.91856035382263
198.66285332725,282.1195300991,3.92874760572978
556.341277178191,264.412478421765,3.74817647256852
178.912631011802,18.4667384789805,4.26530107007988
504.056927648347,342.682907865981,4.45957147112306
37.1266762488708,46.4804303445376,4.07975024832641
535.937599628952,144.423038359237,4.36743922327928
NA,NA,NA
664.177715137322,332.355383816523,3.47151004404852
453.729966627076,301.671247892079,3.67225394155613
9.39874972096417,494.623691617948,3.56112180303368
560.037717161373,49.449488234588,4.12573096649049
72.6162736394446,378.5491034638,3.9453576277766
231.028200861629,415.231178307482,3.82279451923958
427.732687138527,14.1899723530345,3.37739466632298
362.111798442031,293.126577375788,3.17118470480742
605.596722669897,103.781901645524,4.23647654645013
393.48146095154,232.52243448748,4.2035179114929
571.901633887182,408.675123909464,4.79346944605887
132.422946647534,279.133043452262,4.52872031861463
194.464739042437,369.608780674209,4.16412143187647
124.885233437901,408.748695980018,3.48542869383863
627.118078177649,320.492581947873,4.58758508239093
5.59019791157233,149.821809233635,4.30160929906231
538.340199799307,203.966915492962,4.22951469741615
33.5588216788664,490.742952811787,2.91997299408231
279.986419107625,20.338362267065,4.08284234676219
532.980923509813,389.715138848613,3.35874438387153
73.5200431061726,78.6552785215443,5.28707651999374
6.66027336639555,75.1346585632662,3.43986455206747
589.879113269746,224.396851035968,4.00609423724444
440.404171604438,458.006645726808,4.75264173959466
660.371270164425,375.972234431579,3.22925997459588
107.410533449086,490.203818745231,4.42295034045256
627.96430795731,91.3567270562559,4.12553630499491
423.391126909667,259.819403493432,3.61429633808825
12.8327505354475,181.703584014778,3.20322279008866
64.0636803145484,121.101588703566,4.50024163100409
602.77305428574,181.655523193954,4.28275699399913
257.928262969043,220.882839657169,3.913484625959
571.853640564501,439.522743786938,3.98290166441372
300.272544828342,136.714526021688,3.9320678769469
524.237172472751,462.021828491144,3.26924060559619
44.651037648048,414.818358771629,3.91856035382263
198.66285332725,282.1195300991,3.92874760572978
556.341277178191,264.412478421765,3.74817647256852
178.912631011802,18.4667384789805,4.26530107007988
504.056927648347,342.682907865981,4.45957147112306
37.1266762488708,46.4804303445376,4.07975024832641
535.937599628952,144.423038359237,4.36743922327928
NA,NA,NA
664.177715137322,332.355383816523,3.47151004404852
453.729966627076,301.671247892079,3.67225394155613
9.39874972096417,494.623691617948,3.56112180303368
560.037717161373,49.449488234588,4.12573096649049
72.6162736394446,378.5491034638,3.9453576277766
231.028200861629,415.231178307482,3.82279451923958
427.732687138527,14.1899723530345,3.37739466632298
362.111798442031,293.126577375788,3.17118470480742
605.596722669897,103.781901645524,4.23647654645013
393.48146095154,232.52243448748,4.2035179114929
571.901633887182,408.675123909464,4.79346944605887
132.422946647534,279.133043452262,4.52872031861463
194.464739042437,369.608780674209,4.16412143187647
124.885233437901,408.748695980018,3.48542869383863
627.118078177649,320.492581947873,4.58758508239093
5.59019791157233,149.821809233635,4.30160929906231
538.340199799307,203.966915492962,4.22951469741615
33.5588216788664,490.742952811787,2.91997299408231
279.986419107625,20.338362267065,4.08284234676219
532.980923509813,389.715138848613,3.35874438387153
73.5200431061726,78.6552785215443,5.28707651999374
6.66027336639555,75.1346585632662,3.43986455206747
589.879113269746,224.396851035968,4.00609423724444
440.404171604438,458.006645726808,4.75264173959466
660.371270164425,375.972234431579,3.22925997459588
107.410533449086,490.203818745231,4.42295034045256
627.96430795731,91.3567270562559,4.12553630499491
423.391126909667,259.819403493432,3.61429633808825
12.8327505354475,181.703584014778,3.20322279008866
64.0636803145484,121.101588703566,4.50024163100409
602.77305428574,181.655523193954,4.28275699399913
257.928262969043,220.882839657169,3.913484625959
571.853640564501,439.522743786938,3.98290166441372
300.272544828342,136.714526021688,3.9320678769469
524.237172472751,462.021828491144,3.26924060559619
44.651037648048,414.818358771629,3.91856035382263
198.66285332725,282.1195300991,3.92874760572978
556.341277178191,264.412478421765,3.74817647256852
178.912631011802,18.4667384789805,4.26530107007988
504.056927648347,342.682907865981,4.45957147112306
37.1266762488708,46.4804303445376,4.07975024832641
535.937599628952,144.423038359237,4.36743922327928
NA,NA,NA
662.776301892435,334.933329921095,3.51802011892329
457.184374014953,295.493316383216,4.06405838674257
13.0851556373977,494.3569640392,3.63975977169143
565.541447710097,48.2260134786127,4.23207167986848
75.4236771113139,374.250991390341,4.0931576767885
229.82282313127,413.994848512749,3.96222539409849
427.686856989498,9.07476087102319,3.29005729771957
362.854863293856,291.058344433942,3.12463085631535
604.388990122919,106.568520218418,4.17385006092621
389.665130303824,225.449605059946,4.13364974640425
565.641692066651,408.085842361859,4.71865187428549
140.476358614185,282.045927636291,4.52975226957446
195.417566436813,371.140648639447,4.05113320942541
122.766762051271,413.707669614348,3.49159658198164
627.17067662657,311.937051396603,4.54318024789749
-0.535788815470601,148.450794630319,4.28436617761443
541.804039474326,202.788273413345,4.04270884621475
36.5027162699833,490.754784450228,3.01946490252402
280.786383376993,23.3199962132642,3.69084057371485
532.641445665079,393.175511145925,3.34164042458975
65.6145273018934,82.0059378088856,5.21620401162439
5.96248905919851,76.4251709775486,3.50596009288785
587.530600817655,224.680128470584,4.03270606567356
438.649329622076,466.436846558733,4.77894713700156
657.873254748309,372.650022065567,2.87348598538515
99.4557653125683,485.796319357205,4.28875089738994
625.327188048553,94.3579865386911,4.0871744948743
422.304121990439,257.641911996028,3.63991041953785
11.8013049695302,183.01080616658,3.30019480981986
57.1901953653242,117.232883957632,4.61336071390592
607.808377294595,204.130056410989,4.26787874354809
255.67111387524,221.519629150271,3.6519524272991
571.87926960829,437.342841542223,3.57067191877603
301.765108842668,135.334218286538,3.86185683530346
532.074857595382,454.14042780334,3.61019914239982
54.0235139946585,422.157323079505,3.79580209112192
185.181791365845,285.164403808929,4.14892370254438
556.407607335024,264.769533046657,3.51908103428001
176.291854345239,38.6590831809376,4.35302875681299
511.197157335655,341.919056516951,4.47612335219272
19.7089784554859,47.7982381961422,3.85331557488622
534.051175759101,147.931775854722,4.46469605563909
NA,NA,NA
662.776301892435,334.933329921095,3.51802011892329
457.184374014953,295.493316383216,4.06405838674257
13.0851556373977,494.3569640392,3.63975977169143
565.541447710097,48.2260134786127,4.23207167986848
75.4236771113139,374.250991390341,4.0931576767885
229.82282313127,413.994848512749,3.96222539409849
427.686856989498,9.07476087102319,3.29005729771957
362.854863293856,291.058344433942,3.12463085631535
604.388990122919,106.568520218418,4.17385006092621
389.665130303824,225.449605059946,4.13364974640425
565.641692066651,408.085842361859,4.71865187428549
140.476358614185,282.045927636291,4.52975226957446
195.417566436813,371.140648639447,4.05113320942541
122.766762051271,413.707669614348,3.49159658198164
627.17067662657,311.937051396603,4.54318024789749
-0.535788815470601,148.450794630319,4.28436617761443
541.804039474326,202.788273413345,4.04270884621475
36.5027162699833,490.754784450228,3.01946490252402
280.786383376993,23.3199962132642,3.69084057371485
532.641445665079,393.175511145925,3.34164042458975
65.6145273018934,82.0059378088856,5.21620401162439
5.96248905919851,76.4251709775486,3.50596009288785
587.530600817655,224.680128470584,4.03270606567356
438.649329622076,466.436846558733,4.77894713700156
657.873254748309,372.650022065567,2.87348598538515
99.4557653125683,485.796319357205,4.28875089738994
625.327188048553,94.3579865386911,4.0871744948743
422.304121990439,257.641911996028,3.63991041953785
11.8013049695302,183.01080616658,3.30019480981986
57.1901953653242,117.232883957632,4.61336071390592
607.808377294595,204.130056410989,4.26787874354809
255.67111387524,221.519629150271,3.6519524272991
571.87926960829,437.342841542223,3.57067191877603
301.765108842668,135.334218286538,3.86185683530346
532.074857595382,454.14042780334,3.61019914239982
54.0235139946585,422.157323079505,3.79580209112192
185.181791365845,285.164403808929,4.14892370254438
556.407607335024,264.769533046657,3.51908103428001
176.291854345239,38.6590831809376,4.35302875681299
511.197157335655,341.919056516951,4.47612335219272
19.7089784554859,47.7982381961422,3.85331557488622
534.051175759101,147.931775854722,4.46469605563909
NA,NA,NA
662.776301892435,334.933329921095,3.51802011892329
457.184374014953,295.493316383216,4.06405838674257
13.0851556373977,494.3569640392,3.63975977169143
565.541447710097,48.2260134786127,4.23207167986848
75.4236771113139,374.250991390341,4.0931576767885
229.82282313127,413.994848512749,3.96222539409849
427.686856989498,9.07476087102319,3.29005729771957
362.854863293856,291.058344433942,3.12463085631535
604.388990122919,106.568520218418,4.17385006092621
389.665130303824,225.449605059946,4.13364974640425
565.641692066651,408.085842361859,4.71865187428549
140.476358614185,282.045927636291,4.52975226957446
195.417566436813,371.140648639447,4.05113320942541
122.766762051271,413.707669614348,3.49159658198164
627.17067662657,311.937051396603,4.54318024789749
-0.535788815470601,148.450794630319,4.28436617761443
541.804039474326,202.788273413345,4.04270884621475
36.5027162699833,490.754784450228,3.01946490252402
280.786383376993,23.3199962132642,3.69084057371485
532.641445665079,393.175511145925,3.34164042458975
65.6145273018934,82.0059378088856,5.21620401162439
5.96248905919851,76.4251709775486,3.50596009288785
587.530600817655,224.680128470584,4.03270606567356
438.649329622076,466.436846558733,4.77894713700156
657.873254748309,372.650022065567,2.87348598538515
99.4557653125683,485.796319357205,4.28875089738994
625.327188048553,94.3579865386911,4.0871744948743
422.304121990439,257.641911996028,3.63991041953785
11.8013049695302,183.01080616658,3.30019480981986
57.1901953653242,117.232883957632,4.61336071390592
607.808377294595,204.130056410989,4.26787874354809
255.67111387524,221.519629150271,3.6519524272991
571.87926960829,437.342841542223,3.57067191877603
301.765108842668,135.334218286538,3.86185683530346
532.074857595382,454.14042780334,3.61019914239982
54.0235139946585,422.157323079505,3.79580209112192
185.181791365845,285.164403808929,4.14892370254438
556.407607335024,264.769533046657,3.51908103428001
176.291854345239,38.6590831809376,4.35302875681299
511.197157335655,341.919056516951,4.47612335219272
19.7089784554859,47.7982381961422,3.85331557488622
534.051175759101,147.931775854722,4.46469605563909
NA,NA,NA
662.776301892435,334.933329921095,3.51802011892329
457.184374014953,295.493316383216,4.06405838674257
13.0851556373977,494.3569640392,3.63975977169143
565.541447710097,48.2260134786127,4.23207167986848
75.4236771113139,374.250991390341,4.0931576767885
229.82282313127,413.994848512749,3.96222539409849
427.686856989498,9.07476087102319,3.29005729771957
362.854863293856,291.058344433942,3.12463085631535
604.388990122919,106.568520218418,4.17385006092621
389.665130303824,225.449605059946,4.13364974640425
565.641692066651,408.085842361859,4.71865187428549
140.476358614185,282.045927636291,4.52975226957446
195.417566436813,371.140648639447,4.05113320942541
122.766762051271,413.707669614348,3.49159658198164
627.17067662657,311.937051396603,4.54318024789749
-0.535788815470601,148.450794630319,4.28436617761443
541.804039474326,202.788273413345,4.04270884621475
36.5027162699833,490.754784450228,3.01946490252402
280.786383376993,23.3199962132642,3.69084057371485
532.641445665079,393.175511145925,3.34164042458975
65.6145273018934,82.0059378088856,5.21620401162439
5.96248905919851,76.4251709775486,3.50596009288785
587.530600817655,224.680128470584,4.03270606567356
438.649329622076,466.436846558733,4.77894713700156
657.873254748309,372.650022065567,2.87348598538515
99.4557653125683,485.796319357205,4.28875089738994
625.327188048553,94.3579865386911,4.0871744948743
422.304121990439,257.641911996028,3.63991041953785
11.8013049695302,183.01080616658,3.30019480981986
57.1901953653242,117.232883957632,4.61336071390592
607.808377294595,204.130056410989,4.26787874354809
255.67111387524,221.519629150271,3.6519524272991
571.87926960829,437.342841542223,3.57067191877603
301.765108842668,135.334218286538,3.86185683530346
532.074857595382,454.14042780334,3.61019914239982
54.0235139946585,422.157323079505,3.79580209112192
185.181791365845,285.164403808929,4.14892370254438
556.407607335024,264.769533046657,3.51908103428001
176.291854345239,38.6590831809376,4.35302875681299
511.197157335655,341.919056516951,4.47612335219272
19.7089784554859,47.7982381961422,3.85331557488622
534.051175759101,147.931775854722,4.46469605563909
NA,NA,NA
662.776301892435,334.933329921095,3.51802011892329
457.184374014953,295.493316383216,4.06405838674257
13.0851556373977,494.3569640392,3.63975977169143
565.541447710097,48.2260134786127,4.23207167986848
75.4236771113139,374.250991390341,4.0931576767885
229.82282313127,413.994848512749,3.96222539409849
427.686856989498,9.07476087102319,3.29005729771957
362.854863293856,291.058344433942,3.12463085631535
604.388990122919,106.568520218418,4.17385006092621
389.665130303824,225.449605059946,4.13364974640425
565.641692066651,408.085842361859,4.71865187428549
140.476358614185,282.045927636291,4.52975226957446
195.417566436813,371.140648639447,4.05113320942541
122.766762051271,413.707669614348,3.49159658198164
627.17067662657,311.937051396603,4.54318024789749
-0.535788815470601,148.450794630319,4.28436617761443
541.804039474326,202.788273413345,4.04270884621475
36.5027162699833,490.754784450228,3.01946490252402
280.786383376993,23.3199962132642,3.69084057371485
532.641445665079,393.175511145925,3.34164042458975
65.6145273018934,82.0059378088856,5.21620401162439
5.96248905919851,76.4251709775486,3.50596009288785
587.530600817655,224.680128470584,4.03270606567356
438.649329622076,466.436846558733,4.77894713700156
657.873254748309,372.650022065567,2.87348598538515
99.4557653125683,485.796319357205,4.28875089738994
625.327188048553,94.3579865386911,4.0871744948743
422.304121990439,257.641911996028,3.63991041953785
11.8013049695302,183.01080616658,3.30019480981986
57.1901953653242,117.232883957632,4.61336071390592
607.808377294595,204.130056410989,4.26787874354809
255.67111387524,221.519629150271,3.6519524272991
571.87926960829,437.342841542223,3.57067191877603
301.765108842668,135.334218286538,3.86185683530346
532.074857595382,454.14042780334,3.61019914239982
54.0235139946585,422.157323079505,3.79580209112192
185.181791365845,285.164403808929,4.14892370254438
556.407607335024,264.769533046657,3.51908103428001
176.291854345239,38.6590831809376,4.35302875681299
511.197157335655,341.919056516951,4.47612335219272
19.7089784554859,47.7982381961422,3.85331557488622
534.051175759101,147.931775854722,4.46469605563909
NA,NA,NA
662.776301892435,334.933329921095,3.51802011892329
457.184374014953,295.493316383216,4.06405838674257
13.0851556373977,494.3569640392,3.63975977169143
565.541447710097,48.2260134786127,4.23207167986848
75.4236771113139,374.250991390341,4.0931576767885
229.82282313127,413.994848512749,3.96222539409849
427.686856989498,9.07476087102319,3.29005729771957
362.854863293856,291.058344433942,3.12463085631535
604.388990122919,106.568520218418,4.17385006092621
389.665130303824,225.449605059946,4.13364974640425
565.641692066651,408.085842361859,4.71865187428549
140.476358614185,282.045927636291,4.52975226957446
195.417566436813,371.140648639447,4.05113320942541
122.766762051271,413.707669614348,3.49159658198164
627.17067662657,311.937051396603,4.54318024789749
-0.535788815470601,148.450794630319,4.28436617761443
541.804039474326,202.788273413345,4.04270884621475
36.5027162699833,490.754784450228,3.01946490252402
280.786383376993,23.3199962132642,3.69084057371485
532.641445665079,393.175511145925,3.34164042458975
65.6145273018934,82.0059378088856,5.21620401162439
5.96248905919851,76.4251709775486,3.50596009288785
587.530600817655,224.680128470584,4.03270606567356
438.649329622076,466.436846558733,4.77894713700156
657.873254748309,372.650022065567,2.87348598538515
99.4557653125683,485.796319357205,4.28875089738994
625.327188048553,94.3579865386911,4.0871744948743
422.304121990439,257.641911996028,3.63991041953785
11.8013049695302,183.01080616658,3.30019480981986
57.1901953653242,117.232883957632,4.61336071390592
607.808377294595,204.130056410989,4.26787874354809
255.67111387524,221.519629150271,3.6519524272991
571.87926960829,437.342841542223,3.57067191877603
301.765108842668,135.334218286538,3.86185683530346
532.074857595382,454.14042780334,3.61019914239982
54.0235139946585,422.157323079505,3.79580209112192
185.181791365845,285.164403808929,4.14892370254438
556.407607335024,264.769533046657,3.51908103428001
176.291854345239,38.6590831809376,4.35302875681299
511.197157335655,341.919056516951,4.47612335219272
19.7089784554859,47.7982381961422,3.85331557488622
534.051175759101,147.931775854722,4.46469605563909
NA,NA,NA
656.408300247386,333.651195894389,3.52763531818525
455.108320733877,297.019692546945,3.43605851296387
9.37026247425557,496.566140372015,3.75043987476973
566.33287002618,52.8877832019358,3.98427290339097
74.8815741190521,379.685169892227,4.06743507008319
223.246881203748,416.20827574602,3.90879818595038
428.91597067825,11.0495930814279,3.28165896623882
362.48477437206,291.069002155752,3.01391596547994
601.194053522533,105.598077639922,4.42154547590117
392.286876273685,232.925973633343,4.17963743578758
568.003683268749,412.055618747986,4.75576075744203
143.621467312321,288.771229085683,4.48968471386609
195.539528668808,370.27685193008,4.12876460428034
125.116661993782,410.223367087235,3.44388870567401
627.047559121306,316.282077655145,4.61119307390767
6.07933226500225,150.565435989847,4.31290693717999
538.018718844179,202.657019314037,4.25842887046519
33.037269670265,493.76166118307,3.01542861591972
279.984727966134,20.8825365676957,3.86142413374426
534.011606085533,391.422970837548,3.35983481680112
77.120478687701,81.7310522044931,5.18098804398242
6.60893820092978,77.4714085944971,3.40449120584453
586.494968110027,229.81724991547,4.02130486557033
435.66159485868,456.006462525122,5.00622433490613
658.297681748947,375.148069703045,3.13995496030706
104.899921907619,485.752763292394,4.33509474549358
623.83504014607,93.7833530052949,4.11410575430728
418.648368439559,257.387225421174,3.6611290469209
12.6796535275224,181.336340918938,3.21645765978743
77.3464150277876,98.3961725460229,4.28255043460765
607.713250743588,203.546560625566,4.23305909858074
252.548363627057,208.565242963623,3.78095799408782
576.977815362433,431.906336363023,3.50087561825348
302.434969982858,139.995080222573,3.8751665298312
525.812155163494,459.188878049154,3.63611992627582
43.7157976166025,410.98953102045,4.03719365251589
199.991611267929,285.842752831463,4.29256170903975
543.573608577338,266.422018846108,3.57120843200927
176.653846650639,42.8392584327197,4.54011239260171
514.566145886313,349.795310805558,4.57356496745069
43.5061660185462,49.0859859531508,3.99969391596987
535.831007114014,142.773623703929,4.39322329463584
NA,NA,NA
656.408300247386,333.651195894389,3.52763531818525
455.108320733877,297.019692546945,3.43605851296387
9.37026247425557,496.566140372015,3.75043987476973
566.33287002618,52.8877832019358,3.98427290339097
74.8815741190521,379.685169892227,4.06743507008319
223.246881203748,416.20827574602,3.90879818595038
428.91597067825,11.0495930814279,3.28165896623882
362.48477437206,291.069002155752,3.01391596547994
601.194053522533,105.598077639922,4.42154547590117
392.286876273685,232.925973633343,4.17963743578758
568.003683268749,412.055618747986,4.75576075744203
143.621467312321,288.771229085683,4.48968471386609
195.539528668808,370.27685193008,4.12876460428034
125.116661993782,410.223367087235,3.44388870567401
627.047559121306,316.282077655145,4.61119307390767
6.07933226500225,150.565435989847,4.31290693717999
538.018718844179,202.657019314037,4.25842887046519
33.037269670265,493.76166118307,3.01542861591972
279.984727966134,20.8825365676957,3.86142413374426
534.011606085533,391.422970837548,3.35983481680112
77.120478687701,81.7310522044931,5.18098804398242
6.60893820092978,77.4714085944971,3.40449120584453
586.494968110027,229.81724991547,4.02130486557033
435.66159485868,456.006462525122,5.00622433490613
658.297681748947,375.148069703045,3.13995496030706
104.899921907619,485.752763292394,4.33509474549358
623.83504014607,93.7833530052949,4.11410575430728
418.648368439559,257.387225421174,3.6611290469209
12.6796535275224,181.336340918938,3.21645765978743
77.3464150277876,98.3961725460229,4.28255043460765
607.713250743588,203.546560625566,4.23305909858074
252.548363627057,208.565242963623,3.78095799408782
576.977815362433,431.906336363023,3.50087561825348
302.434969982858,139.995080222573,3.8751665298312
525.812155163494,459.188878049154,3.63611992627582
43.7157976166025,410.98953102045,4.03719365251589
199.991611267929,285.842752831463,4.29256170903975
543.573608577338,266.422018846108,3.57120843200927
176.653846650639,42.8392584327197,4.54011239260171
514.566145886313,349.795310805558,4.57356496745069
43.5061660185462,49.0859859531508,3.99969391596987
535.831007114014,142.773623703929,4.39322329463584
NA,NA,NA
656.408300247386,333.651195894389,3.52763531818525
455.108320733877,297.019692546945,3.43605851296387
9.37026247425557,496.566140372015,3.75043987476973
566.33287002618,52.8877832019358,3.98427290339097
74.8815741190521,379.685169892227,4.06743507008319
223.246881203748,416.20827574602,3.90879818595038
428.91597067825,11.0495930814279,3.28165896623882
362.48477437206,291.069002155752,3.01391596547994
601.194053522533,105.598077639922,4.42154547590117
392.286876273685,232.925973633343,4.17963743578758
568.003683268749,412.055618747986,4.75576075744203
143.621467312321,288.771229085683,4.48968471386609
195.539528668808,370.27685193008,4.12876460428034
125.116661993782,410.223367087235,3.44388870567401
627.047559121306,316.282077655145,4.61119307390767
6.07933226500225,150.565435989847,4.31290693717999
538.018718844179,202.657019314037,4.25842887046519
33.037269670265,493.76166118307,3.01542861591972
279.984727966134,20.8825365676957,3.86142413374426
534.011606085533,391.422970837548,3.35983481680112
77.120478687701,81.7310522044931,5.18098804398242
6.60893820092978,77.4714085944971,3.40449120584453
586.494968110027,229.81724991547,4.02130486557033
435.66159485868,456.006462525122,5.00622433490613
658.297681748947,375.148069703045,3.13995496030706
104.899921907619,485.752763292394,4.33509474549358
623.83504014607,93.7833530052949,4.11410575430728
418.648368439559,257.387225421174,3.6611290469209
12.6796535275224,181.336340918938,3.21645765978743
77.3464150277876,98.3961725460229,4.28255043460765
607.713250743588,203.546560625566,4.23305909858074
252.548363627057,208.565242963623,3.78095799408782
576.977815362433,431.906336363023,3.50087561825348
302.434969982858,139.995080222573,3.8751665298312
525.812155163494,459.188878049154,3.63611992627582
43.7157976166025,410.98953102045,4.03719365251589
199.991611267929,285.842752831463,4.29256170903975
543.573608577338,266.422018846108,3.57120843200927
176.653846650639,42.8392584327197,4.54011239260171
514.566145886313,349.795310805558,4.57356496745069
43.5061660185462,49.0859859531508,3.99969391596987
535.831007114014,142.773623703929,4.39322329463584
NA,NA,NA
656.408300247386,333.651195894389,3.52763531818525
455.108320733877,297.019692546945,3.43605851296387
9.37026247425557,496.566140372015,3.75043987476973
566.33287002618,52.8877832019358,3.98427290339097
74.8815741190521,379.685169892227,4.06743507008319
223.246881203748,416.20827574602,3.90879818595038
428.91597067825,11.0495930814279,3.28165896623882
362.48477437206,291.069002155752,3.01391596547994
601.194053522533,105.598077639922,4.42154547590117
392.286876273685,232.925973633343,4.17963743578758
568.003683268749,412.055618747986,4.75576075744203
143.621467312321,288.771229085683,4.48968471386609
195.539528668808,370.27685193008,4.12876460428034
125.116661993782,410.223367087235,3.44388870567401
627.047559121306,316.282077655145,4.61119307390767
6.07933226500225,150.565435989847,4.31290693717999
538.018718844179,202.657019314037,4.25842887046519
33.037269670265,493.76166118307,3.01542861591972
279.984727966134,20.8825365676957,3.86142413374426
534.011606085533,391.422970837548,3.35983481680112
77.120478687701,81.7310522044931,5.18098804398242
6.60893820092978,77.4714085944971,3.40449120584453
586.494968110027,229.81724991547,4.02130486557033
435.66159485868,456.006462525122,5.00622433490613
658.297681748947,375.148069703045,3.13995496030706
104.899921907619,485.752763292394,4.33509474549358
623.83504014607,93.7833530052949,4.11410575430728
418.648368439559,257.387225421174,3.6611290469209
12.6796535275224,181.336340918938,3.21645765978743
77.3464150277876,98.3961725460229,4.28255043460765
607.713250743588,203.546560625566,4.23305909858074
252.548363627057,208.565242963623,3.78095799408782
576.977815362433,431.906336363023,3.50087561825348
302.434969982858,139.995080222573,3.8751665298312
525.812155163494,459.188878049154,3.63611992627582
43.7157976166025,410.98953102045,4.03719365251589
199.991611267929,285.842752831463,4.29256170903975
543.573608577338,266.422018846108,3.57120843200927
176.653846650639,42.8392584327197,4.54011239260171
514.566145886313,349.795310805558,4.57356496745069
43.5061660185462,49.0859859531508,3.99969391596987
535.831007114014,142.773623703929,4.39322329463584
NA,NA,NA
656.408300247386,333.651195894389,3.52763531818525
455.108320733877,297.019692546945,3.43605851296387
9.37026247425557,496.566140372015,3.75043987476973
566.33287002618,52.8877832019358,3.98427290339097
74.8815741190521,379.685169892227,4.06743507008319
223.246881203748,416.20827574602,3.90879818595038
428.91597067825,11.0495930814279,3.28165896623882
362.48477437206,291.069002155752,3.01391596547994
601.194053522533,105.598077639922,4.42154547590117
392.286876273685,232.925973633343,4.17963743578758
568.003683268749,412.055618747986,4.75576075744203
143.621467312321,288.771229085683,4.48968471386609
195.539528668808,370.27685193008,4.12876460428034
125.116661993782,410.223367087235,3.44388870567401
627.047559121306,316.282077655145,4.61119307390767
6.07933226500225,150.565435989847,4.31290693717999
538.018718844179,202.657019314037,4.25842887046519
33.037269670265,493.76166118307,3.01542861591972
279.984727966134,20.8825365676957,3.86142413374426
534.011606085533,391.422970837548,3.35983481680112
77.120478687701,81.7310522044931,5.18098804398242
6.60893820092978,77.4714085944971,3.40449120584453
586.494968110027,229.81724991547,4.02130486557033
435.66159485868,456.006462525122,5.00622433490613
658.297681748947,375.148069703045,3.13995496030706
104.899921907619,485.752763292394,4.33509474549358
623.83504014607,93.7833530052949,4.11410575430728
418.648368439559,257.387225421174,3.6611290469209
12.6796535275224,181.336340918938,3.21645765978743
77.3464150277876,98.3961725460229,4.28255043460765
607.713250743588,203.546560625566,4.23305909858074
252.548363627057,208.565242963623,3.78095799408782
576.977815362433,431.906336363023,3.50087561825348
302.434969982858,139.995080222573,3.8751665298312
525.812155163494,459.188878049154,3.63611992627582
43.7157976166025,410.98953102045,4.03719365251589
199.991611267929,285.842752831463,4.29256170903975
543.573608577338,266.422018846108,3.57120843200927
176.653846650639,42.8392584327197,4.54011239260171
514.566145886313,349.795310805558,4.57356496745069
43.5061660185462,49.0859859531508,3.99969391596987
535.831007114014,142.773623703929,4.39322329463584
NA,NA,NA
656.408300247386,333.651195894389,3.52763531818525
455.108320733877,297.019692546945,3.43605851296387
9.37026247425557,496.566140372015,3.75043987476973
566.33287002618,52.8877832019358,3.98427290339097
74.8815741190521,379.685169892227,4.06743507008319
223.246881203748,416.20827574602,3.90879818595038
428.91597067825,11.0495930814279,3.28165896623882
362.48477437206,291.069002155752,3.01391596547994
601.194053522533,105.598077639922,4.42154547590117
392.286876273685,232.925973633343,4.17963743578758
568.003683268749,412.055618747986,4.75576075744203
143.621467312321,288.771229085683,4.48968471386609
195.539528668808,370.27685193008,4.12876460428034
125.116661993782,410.223367087235,3.44388870567401
627.047559121306,316.282077655145,4.61119307390767
6.07933226500225,150.565435989847,4.31290693717999
538.018718844179,202.657019314037,4.25842887046519
33.037269670265,493.76166118307,3.01542861591972
279.984727966134,20.8825365676957,3.86142413374426
534.011606085533,391.422970837548,3.35983481680112
77.120478687701,81.7310522044931,5.18098804398242
6.60893820092978,77.4714085944971,3.40449120584453
586.494968110027,229.81724991547,4.02130486557033
435.66159485868,456.006462525122,5.00622433490613
658.297681748947,375.148069703045,3.13995496030706
104.899921907619,485.752763292394,4.33509474549358
623.83504014607,93.7833530052949,4.11410575430728
418.648368439559,257.387225421174,3.6611290469209
12.6796535275224,181.336340918938,3.21645765978743
77.3464150277876,98.3961725460229,4.28255043460765
607.713250743588,203.546560625566,4.23305909858074
252.548363627057,208.565242963623,3.78095799408782
576.977815362433,431.906336363023,3.50087561825348
302.434969982858,139.995080222573,3.8751665298312
525.812155163494,459.188878049154,3.63611992627582
43.7157976166025,410.98953102045,4.03719365251589
199.991611267929,285.842752831463,4.29256170903975
543.573608577338,266.422018846108,3.57120843200927
176.653846650639,42.8392584327197,4.54011239260171
514.566145886313,349.795310805558,4.57356496745069
43.5061660185462,49.0859859531508,3.99969391596987
535.831007114014,142.773623703929,4.39322329463584
NA,NA,NA
661.345427081686,334.102264085159,3.40044197933083
456.173820711124,300.364751856224,3.50859999526953
16.9270458845124,493.203620241561,3.71460520744853
556.45537581409,50.2580073841695,4.30927908029871
75.8610762999921,372.859489403226,3.95050326054994
224.296363900847,411.548185062381,3.8234958097527
427.896090702586,11.564364306787,3.16519194486076
362.306461655732,291.419919666486,3.18987746120563
602.977499685422,108.202741424081,4.25370637266978
392.091289007268,231.091632504537,4.30911575481814
563.39351386448,416.124469088387,4.69671764445329
136.949127691492,284.389983573896,4.53294335583726
194.69164268341,368.642855263618,4.1503106076417
124.955400234241,414.416848673341,3.38581564892969
631.772629193585,314.067346597813,4.51986977272115
2.18173539067801,144.977057827792,4.24348815791877
544.224736783962,203.352328295432,4.10115094307914
35.3209851964876,492.081115776288,2.87341854247756
278.354522115092,21.4353961891489,3.75530469804865
532.936782622808,391.189857847504,3.30467097738125
76.5991455651805,71.0471781755817,5.30323386985001
5.83868960276226,78.5292090186227,3.57109274404843
588.906041824113,224.57658897809,4.01141740683889
445.164297707216,455.853843077804,4.88368480493581
660.296174942838,371.020947473432,3.1047158782886
107.69222660426,482.699673169376,4.319697931954
626.19513968349,96.1157749002375,4.08087095997439
419.438141644994,258.402926758463,3.55348072911392
9.80808434774407,181.757398992703,3.40079538251762
67.6291060762247,120.643182422708,4.23625929653631
610.768377576743,202.035160557657,4.27325816370078
252.49289170264,219.373267808179,4.01677394439833
576.658185934044,431.166289970187,3.861824753846
305.970882449631,142.627209429444,4.08004347318295
523.114030453396,462.385089384009,3.82400587983695
42.613111404819,425.164284096213,3.90208338043669
194.549845525428,293.481792243387,4.53506135003314
553.622104422336,256.34990842868,3.71285973611567
171.925883443667,33.9678897749442,4.25357646411822
506.762452375366,345.954045040908,4.75321433933892
40.5589815821132,41.13834899829,3.95219503982655
527.528110759813,130.624057835138,4.50380861332336
NA,NA,NA
661.345427081686,334.102264085159,3.40044197933083
456.173820711124,300.364751856224,3.50859999526953
16.9270458845124,493.203620241561,3.71460520744853
556.45537581409,50.2580073841695,4.30927908029871
75.8610762999921,372.859489403226,3.95050326054994
224.296363900847,411.548185062381,3.8234958097527
427.896090702586,11.564364306787,3.16519194486076
362.306461655732,291.419919666486,3.18987746120563
602.977499685422,108.202741424081,4.25370637266978
392.091289007268,231.091632504537,4.30911575481814
563.39351386448,416.124469088387,4.69671764445329
136.949127691492,284.389983573896,4.53294335583726
194.69164268341,368.642855263618,4.1503106076417
124.955400234241,414.416848673341,3.38581564892969
631.772629193585,314.067346597813,4.51986977272115
2.18173539067801,144.977057827792,4.24348815791877
544.224736783962,203.352328295432,4.10115094307914
35.3209851964876,492.081115776288,2.87341854247756
278.354522115092,21.4353961891489,3.75530469804865
532.936782622808,391.189857847504,3.30467097738125
76.5991455651805,71.0471781755817,5.30323386985001
5.83868960276226,78.5292090186227,3.57109274404843
588.906041824113,224.57658897809,4.01141740683889
445.164297707216,455.853843077804,4.88368480493581
660.296174942838,371.020947473432,3.1047158782886
107.69222660426,482.699673169376,4.319697931954
626.19513968349,96.1157749002375,4.08087095997439
419.438141644994,258.402926758463,3.55348072911392
9.80808434774407,181.757398992703,3.40079538251762
67.6291060762247,120.643182422708,4.23625929653631
610.768377576743,202.035160557657,4.27325816370078
252.49289170264,219.373267808179,4.01677394439833
576.658185934044,431.166289970187,3.861824753846
305.970882449631,142.627209429444,4.08004347318295
523.114030453396,462.385089384009,3.82400587983695
42.613111404819,425.164284096213,3.90208338043669
194.549845525428,293.481792243387,4.53506135003314
553.622104422336,256.34990842868,3.71285973611567
171.925883443667,33.9678897749442,4.25357646411822
506.762452375366,345.954045040908,4.75321433933892
40.5589815821132,41.13834899829,3.95219503982655
527.528110759813,130.624057835138,4.50380861332336
NA,NA,NA
661.345427081686,334.102264085159,3.40044197933083
456.173820711124,300.364751856224,3.50859999526953
16.9270458845124,493.203620241561,3.71460520744853
556.45537581409,50.2580073841695,4.30927908029871
75.8610762999921,372.859489403226,3.95050326054994
224.296363900847,411.548185062381,3.8234958097527
427.896090702586,11.564364306787,3.16519194486076
362.306461655732,291.419919666486,3.18987746120563
602.977499685422,108.202741424081,4.25370637266978
392.091289007268,231.091632504537,4.30911575481814
563.39351386448,416.124469088387,4.69671764445329
136.949127691492,284.389983573896,4.53294335583726
194.69164268341,368.642855263618,4.1503106076417
124.955400234241,414.416848673341,3.38581564892969
631.772629193585,314.067346597813,4.51986977272115
2.18173539067801,144.977057827792,4.24348815791877
544.224736783962,203.352328295432,4.10115094307914
35.3209851964876,492.081115776288,2.87341854247756
278.354522115092,21.4353961891489,3.75530469804865
532.936782622808,391.189857847504,3.30467097738125
76.5991455651805,71.0471781755817,5.30323386985001
5.83868960276226,78.5292090186227,3.57109274404843
588.906041824113,224.57658897809,4.01141740683889
445.164297707216,455.853843077804,4.88368480493581
660.296174942838,371.020947473432,3.1047158782886
107.69222660426,482.699673169376,4.319697931954
626.19513968349,96.1157749002375,4.08087095997439
419.438141644994,258.402926758463,3.55348072911392
9.80808434774407,181.757398992703,3.40079538251762
67.6291060762247,120.643182422708,4.23625929653631
610.768377576743,202.035160557657,4.27325816370078
252.49289170264,219.373267808179,4.01677394439833
576.658185934044,431.166289970187,3.861824753846
305.970882449631,142.627209429444,4.08004347318295
523.114030453396,462.385089384009,3.82400587983695
42.613111404819,425.164284096213,3.90208338043669
194.549845525428,293.481792243387,4.53506135003314
553.622104422336,256.34990842868,3.71285973611567
171.925883443667,33.9678897749442,4.25357646411822
506.762452375366,345.954045040908,4.75321433933892
40.5589815821132,41.13834899829,3.95219503982655
527.528110759813,130.624057835138,4.50380861332336
NA,NA,NA
661.345427081686,334.102264085159,3.40044197933083
456.173820711124,300.364751856224,3.50859999526953
16.9270458845124,493.203620241561,3.71460520744853
556.45537581409,50.2580073841695,4.30927908029871
75.8610762999921,372.859489403226,3.95050326054994
224.296363900847,411.548185062381,3.8234958097527
427.896090702586,11.564364306787,3.16519194486076
362.306461655732,291.419919666486,3.18987746120563
602.977499685422,108.202741424081,4.25370637266978
392.091289007268,231.091632504537,4.30911575481814
563.39351386448,416.124469088387,4.69671764445329
136.949127691492,284.389983573896,4.53294335583726
194.69164268341,368.642855263618,4.1503106076417
124.955400234241,414.416848673341,3.38581564892969
631.772629193585,314.067346597813,4.51986977272115
2.18173539067801,144.977057827792,4.24348815791877
544.224736783962,203.352328295432,4.10115094307914
35.3209851964876,492.081115776288,2.87341854247756
278.354522115092,21.4353961891489,3.75530469804865
532.936782622808,391.189857847504,3.30467097738125
76.5991455651805,71.0471781755817,5.30323386985001
5.83868960276226,78.5292090186227,3.57109274404843
588.906041824113,224.57658897809,4.01141740683889
445.164297707216,455.853843077804,4.88368480493581
660.296174942838,371.020947473432,3.1047158782886
107.69222660426,482.699673169376,4.319697931954
626.19513968349,96.1157749002375,4.08087095997439
419.438141644994,258.402926758463,3.55348072911392
9.80808434774407,181.757398992703,3.40079538251762
67.6291060762247,120.643182422708,4.23625929653631
610.768377576743,202.035160557657,4.27325816370078
252.49289170264,219.373267808179,4.01677394439833
576.658185934044,431.166289970187,3.861824753846
305.970882449631,142.627209429444,4.08004347318295
523.114030453396,462.385089384009,3.82400587983695
42.613111404819,425.164284096213,3.90208338043669
194.549845525428,293.481792243387,4.53506135003314
553.622104422336,256.34990842868,3.71285973611567
171.925883443667,33.9678897749442,4.25357646411822
506.762452375366,345.954045040908,4.75321433933892
40.5589815821132,41.13834899829,3.95219503982655
527.528110759813,130.624057835138,4.50380861332336
NA,NA,NA
661.345427081686,334.102264085159,3.40044197933083
456.173820711124,300.364751856224,3.50859999526953
16.9270458845124,493.203620241561,3.71460520744853
556.45537581409,50.2580073841695,4.30927908029871
75.8610762999921,372.859489403226,3.95050326054994
224.296363900847,411.548185062381,3.8234958097527
427.896090702586,11.564364306787,3.16519194486076
362.306461655732,291.419919666486,3.18987746120563
602.977499685422,108.202741424081,4.25370637266978
392.091289007268,231.091632504537,4.30911575481814
563.39351386448,416.124469088387,4.69671764445329
136.949127691492,284.389983573896,4.53294335583726
194.69164268341,368.642855263618,4.1503106076417
124.955400234241,414.416848673341,3.38581564892969
631.772629193585,314.067346597813,4.51986977272115
2.18173539067801,144.977057827792,4.24348815791877
544.224736783962,203.352328295432,4.10115094307914
35.3209851964876,492.081115776288,2.87341854247756
278.354522115092,21.4353961891489,3.75530469804865
532.936782622808,391.189857847504,3.30467097738125
76.5991455651805,71.0471781755817,5.30323386985001
5.83868960276226,78.5292090186227,3.57109274404843
588.906041824113,224.57658897809,4.01141740683889
445.164297707216,455.853843077804,4.88368480493581
660.296174942838,371.020947473432,3.1047158782886
107.69222660426,482.699673169376,4.319697931954
626.19513968349,96.1157749002375,4.08087095997439
419.438141644994,258.402926758463,3.55348072911392
9.80808434774407,181.757398992703,3.40079538251762
67.6291060762247,120.643182422708,4.23625929653631
610.768377576743,202.035160557657,4.27325816370078
252.49289170264,219.373267808179,4.01677394439833
576.658185934044,431.166289970187,3.861824753846
305.970882449631,142.627209429444,4.08004347318295
523.114030453396,462.385089384009,3.82400587983695
42.613111404819,425.164284096213,3.90208338043669
194.549845525428,293.481792243387,4.53506135003314
553.622104422336,256.34990842868,3.71285973611567
171.925883443667,33.9678897749442,4.25357646411822
506.762452375366,345.954045040908,4.75321433933892
40.5589815821132,41.13834899829,3.95219503982655
527.528110759813,130.624057835138,4.50380861332336
NA,NA,NA
661.345427081686,334.102264085159,3.40044197933083
456.173820711124,300.364751856224,3.50859999526953
16.9270458845124,493.203620241561,3.71460520744853
556.45537581409,50.2580073841695,4.30927908029871
75.8610762999921,372.859489403226,3.95050326054994
224.296363900847,411.548185062381,3.8234958097527
427.896090702586,11.564364306787,3.16519194486076
362.306461655732,291.419919666486,3.18987746120563
602.977499685422,108.202741424081,4.25370637266978
392.091289007268,231.091632504537,4.30911575481814
563.39351386448,416.124469088387,4.69671764445329
136.949127691492,284.389983573896,4.53294335583726
194.69164268341,368.642855263618,4.1503106076417
124.955400234241,414.416848673341,3.38581564892969
631.772629193585,314.067346597813,4.51986977272115
2.18173539067801,144.977057827792,4.24348815791877
544.224736783962,203.352328295432,4.10115094307914
35.3209851964876,492.081115776288,2.87341854247756
278.354522115092,21.4353961891489,3.75530469804865
532.936782622808,391.189857847504,3.30467097738125
76.5991455651805,71.0471781755817,5.30323386985001
5.83868960276226,78.5292090186227,3.57109274404843
588.906041824113,224.57658897809,4.01141740683889
445.164297707216,455.853843077804,4.88368480493581
660.296174942838,371.020947473432,3.1047158782886
107.69222660426,482.699673169376,4.319697931954
626.19513968349,96.1157749002375,4.08087095997439
419.438141644994,258.402926758463,3.55348072911392
9.80808434774407,181.757398992703,3.40079538251762
67.6291060762247,120.643182422708,4.23625929653631
610.768377576743,202.035160557657,4.27325816370078
252.49289170264,219.373267808179,4.01677394439833
576.658185934044,431.166289970187,3.861824753846
305.970882449631,142.627209429444,4.08004347318295
523.114030453396,462.385089384009,3.82400587983695
42.613111404819,425.164284096213,3.90208338043669
194.549845525428,293.481792243387,4.53506135003314
553.622104422336,256.34990842868,3.71285973611567
171.925883443667,33.9678897749442,4.25357646411822
506.762452375366,345.954045040908,4.75321433933892
40.5589815821132,41.13834899829,3.95219503982655
527.528110759813,130.624057835138,4.50380861332336
NA,NA,NA
666.086851832129,331.840578210938,3.38381321285047
453.220092111755,296.275288462732,3.5815951121721
11.3153303951892,492.376519026473,3.65121692669285
559.334027615121,49.0426781027707,4.04458001235329
71.2799565756203,374.479911690082,4.09563281866275
228.803476801807,409.912446618212,3.87062477647134
430.056344089514,14.0016090476657,3.32324062072453
362.956575242953,292.072758314959,3.16183408829931
602.880473019853,110.366483116629,4.16942481560304
391.120897942753,234.11687989167,4.24589379153971
566.214686882828,414.136354477591,4.78812010756223
138.153869924276,284.504397898738,4.56297518188856
200.829799513278,368.207056462698,4.28103616889651
125.591995986698,408.543490975002,3.23070682623425
631.362601783498,312.198647593462,4.59761357143664
3.31041345235717,148.071965798413,4.32040365774641
543.939048208836,206.967053734184,4.22893496090479
33.3587369583958,491.560911743734,2.98366068528207
283.291085263959,21.0449938220822,3.77418173074314
534.298748322229,390.706241886523,3.56099880919212
76.1743911642632,81.059622172249,5.31435301425852
3.47320747243592,76.8045258248406,3.54862745389987
590.942919901579,225.772815103827,4.08416091786851
434.663655702469,455.945627874619,4.7421692781445
660.171104144312,373.8745800151,2.83035006791178
105.165149753396,491.902447956587,4.43111197456084
621.362469466772,86.4979808148879,4.10285327619784
420.311302958654,258.938585538158,3.56758301481402
11.6597995966149,180.379462298121,3.14422887898203
67.9414723607705,117.908250915404,4.46770103545599
604.285855516773,195.220121210502,4.39936027488783
258.244001177091,223.064741956364,3.6376775168703
576.633196099333,438.554897552314,3.86365556139352
303.868639853742,136.368129735413,4.14295925911627
529.520836797135,454.520332505083,3.47132215413785
46.7654100612059,415.70163846943,3.65132227590422
205.663729684315,278.070289053884,4.39738455264746
548.800398200176,258.723933534793,3.7500223005208
152.416807827777,12.1402949590497,4.31327505696062
507.556374039911,344.704231973136,4.53945354849612
28.4362642786385,63.498901609879,3.26959255596518
536.105252107072,156.882286020137,4.87325958773375
NA,NA,NA
666.086851832129,331.840578210938,3.38381321285047
453.220092111755,296.275288462732,3.5815951121721
11.3153303951892,492.376519026473,3.65121692669285
559.334027615121,49.0426781027707,4.04458001235329
71.2799565756203,374.479911690082,4.09563281866275
228.803476801807,409.912446618212,3.87062477647134
430.056344089514,14.0016090476657,3.32324062072453
362.956575242953,292.072758314959,3.16183408829931
602.880473019853,110.366483116629,4.16942481560304
391.120897942753,234.11687989167,4.24589379153971
566.214686882828,414.136354477591,4.78812010756223
138.153869924276,284.504397898738,4.56297518188856
200.829799513278,368.207056462698,4.28103616889651
125.591995986698,408.543490975002,3.23070682623425
631.362601783498,312.198647593462,4.59761357143664
3.31041345235717,148.071965798413,4.32040365774641
543.939048208836,206.967053734184,4.22893496090479
33.3587369583958,491.560911743734,2.98366068528207
283.291085263959,21.0449938220822,3.77418173074314
534.298748322229,390.706241886523,3.56099880919212
76.1743911642632,81.059622172249,5.31435301425852
3.47320747243592,76.8045258248406,3.54862745389987
590.942919901579,225.772815103827,4.08416091786851
434.663655702469,455.945627874619,4.7421692781445
660.171104144312,373.8745800151,2.83035006791178
105.165149753396,491.902447956587,4.43111197456084
621.362469466772,86.4979808148879,4.10285327619784
420.311302958654,258.938585538158,3.56758301481402
11.6597995966149,180.379462298121,3.14422887898203
67.9414723607705,117.908250915404,4.46770103545599
604.285855516773,195.220121210502,4.39936027488783
258.244001177091,223.064741956364,3.6376775168703
576.633196099333,438.554897552314,3.86365556139352
303.868639853742,136.368129735413,4.14295925911627
529.520836797135,454.520332505083,3.47132215413785
46.7654100612059,415.70163846943,3.65132227590422
205.663729684315,278.070289053884,4.39738455264746
548.800398200176,258.723933534793,3.7500223005208
152.416807827777,12.1402949590497,4.31327505696062
507.556374039911,344.704231973136,4.53945354849612
28.4362642786385,63.498901609879,3.26959255596518
536.105252107072,156.882286020137,4.87325958773375
NA,NA,NA
666.086851832129,331.840578210938,3.38381321285047
453.220092111755,296.275288462732,3.5815951121721
11.3153303951892,492.376519026473,3.65121692669285
559.334027615121,49.0426781027707,4.04458001235329
71.2799565756203,374.479911690082,4.09563281866275
228.803476801807,409.912446618212,3.87062477647134
430.056344089514,14.0016090476657,3.32324062072453
362.956575242953,292.072758314959,3.16183408829931
602.880473019853,110.366483116629,4.16942481560304
391.120897942753,234.11687989167,4.24589379153971
566.214686882828,414.136354477591,4.78812010756223
138.153869924276,284.504397898738,4.56297518188856
200.829799513278,368.207056462698,4.28103616889651
125.591995986698,408.543490975002,3.23070682623425
631.362601783498,312.198647593462,4.59761357143664
3.31041345235717,148.071965798413,4.32040365774641
543.939048208836,206.967053734184,4.22893496090479
33.3587369583958,491.560911743734,2.98366068528207
283.291085263959,21.0449938220822,3.77418173074314
534.298748322229,390.706241886523,3.56099880919212
76.1743911642632,81.059622172249,5.31435301425852
3.47320747243592,76.8045258248406,3.54862745389987
590.942919901579,225.772815103827,4.08416091786851
434.663655702469,455.945627874619,4.7421692781445
660.171104144312,373.8745800151,2.83035006791178
105.165149753396,491.902447956587,4.43111197456084
621.362469466772,86.4979808148879,4.10285327619784
420.311302958654,258.938585538158,3.56758301481402
11.6597995966149,180.379462298121,3.14422887898203
67.9414723607705,117.908250915404,4.46770103545599
604.285855516773,195.220121210502,4.39936027488783
258.244001177091,223.064741956364,3.6376775168703
576.633196099333,438.554897552314,3.86365556139352
303.868639853742,136.368129735413,4.14295925911627
529.520836797135,454.520332505083,3.47132215413785
46.7654100612059,415.70163846943,3.65132227590422
205.663729684315,278.070289053884,4.39738455264746
548.800398200176,258.723933534793,3.7500223005208
152.416807827777,12.1402949590497,4.31327505696062
507.556374039911,344.704231973136,4.53945354849612
28.4362642786385,63.498901609879,3.26959255596518
536.105252107072,156.882286020137,4.87325958773375
NA,NA,NA
666.086851832129,331.840578210938,3.38381321285047
453.220092111755,296.275288462732,3.5815951121721
11.3153303951892,492.376519026473,3.65121692669285
559.334027615121,49.0426781027707,4.04458001235329
71.2799565756203,374.479911690082,4.09563281866275
228.803476801807,409.912446618212,3.87062477647134
430.056344089514,14.0016090476657,3.32324062072453
362.956575242953,292.072758314959,3.16183408829931
602.880473019853,110.366483116629,4.16942481560304
391.120897942753,234.11687989167,4.24589379153971
566.214686882828,414.136354477591,4.78812010756223
138.153869924276,284.504397898738,4.56297518188856
200.829799513278,368.207056462698,4.28103616889651
125.591995986698,408.543490975002,3.23070682623425
631.362601783498,312.198647593462,4.59761357143664
3.31041345235717,148.071965798413,4.32040365774641
543.939048208836,206.967053734184,4.22893496090479
33.3587369583958,491.560911743734,2.98366068528207
283.291085263959,21.0449938220822,3.77418173074314
534.298748322229,390.706241886523,3.56099880919212
76.1743911642632,81.059622172249,5.31435301425852
3.47320747243592,76.8045258248406,3.54862745389987
590.942919901579,225.772815103827,4.08416091786851
434.663655702469,455.945627874619,4.7421692781445
660.171104144312,373.8745800151,2.83035006791178
105.165149753396,491.902447956587,4.43111197456084
621.362469466772,86.4979808148879,4.10285327619784
420.311302958654,258.938585538158,3.56758301481402
11.6597995966149,180.379462298121,3.14422887898203
67.9414723607705,117.908250915404,4.46770103545599
604.285855516773,195.220121210502,4.39936027488783
258.244001177091,223.064741956364,3.6376775168703
576.633196099333,438.554897552314,3.86365556139352
303.868639853742,136.368129735413,4.14295925911627
529.520836797135,454.520332505083,3.47132215413785
46.7654100612059,415.70163846943,3.65132227590422
205.663729684315,278.070289053884,4.39738455264746
548.800398200176,258.723933534793,3.7500223005208
152.416807827777,12.1402949590497,4.31327505696062
507.556374039911,344.704231973136,4.53945354849612
28.4362642786385,63.498901609879,3.26959255596518
536.105252107072,156.882286020137,4.87325958773375
NA,NA,NA
666.086851832129,331.840578210938,3.38381321285047
453.220092111755,296.275288462732,3.5815951121721
11.3153303951892,492.376519026473,3.65121692669285
559.334027615121,49.0426781027707,4.04458001235329
71.2799565756203,374.479911690082,4.09563281866275
228.803476801807,409.912446618212,3.87062477647134
430.056344089514,14.0016090476657,3.32324062072453
362.956575242953,292.072758314959,3.16183408829931
602.880473019853,110.366483116629,4.16942481560304
391.120897942753,234.11687989167,4.24589379153971
566.214686882828,414.136354477591,4.78812010756223
138.153869924276,284.504397898738,4.56297518188856
200.829799513278,368.207056462698,4.28103616889651
125.591995986698,408.543490975002,3.23070682623425
631.362601783498,312.198647593462,4.59761357143664
3.31041345235717,148.071965798413,4.32040365774641
543.939048208836,206.967053734184,4.22893496090479
33.3587369583958,491.560911743734,2.98366068528207
283.291085263959,21.0449938220822,3.77418173074314
534.298748322229,390.706241886523,3.56099880919212
76.1743911642632,81.059622172249,5.31435301425852
3.47320747243592,76.8045258248406,3.54862745389987
590.942919901579,225.772815103827,4.08416091786851
434.663655702469,455.945627874619,4.7421692781445
660.171104144312,373.8745800151,2.83035006791178
105.165149753396,491.902447956587,4.43111197456084
621.362469466772,86.4979808148879,4.10285327619784
420.311302958654,258.938585538158,3.56758301481402
11.6597995966149,180.379462298121,3.14422887898203
67.9414723607705,117.908250915404,4.46770103545599
604.285855516773,195.220121210502,4.39936027488783
258.244001177091,223.064741956364,3.6376775168703
576.633196099333,438.554897552314,3.86365556139352
303.868639853742,136.368129735413,4.14295925911627
529.520836797135,454.520332505083,3.47132215413785
46.7654100612059,415.70163846943,3.65132227590422
205.663729684315,278.070289053884,4.39738455264746
548.800398200176,258.723933534793,3.7500223005208
152.416807827777,12.1402949590497,4.31327505696062
507.556374039911,344.704231973136,4.53945354849612
28.4362642786385,63.498901609879,3.26959255596518
536.105252107072,156.882286020137,4.87325958773375
NA,NA,NA
666.086851832129,331.840578210938,3.38381321285047
453.220092111755,296.275288462732,3.5815951121721
11.3153303951892,492.376519026473,3.65121692669285
559.334027615121,49.0426781027707,4.04458001235329
71.2799565756203,374.479911690082,4.09563281866275
228.803476801807,409.912446618212,3.87062477647134
430.056344089514,14.0016090476657,3.32324062072453
362.956575242953,292.072758314959,3.16183408829931
602.880473019853,110.366483116629,4.16942481560304
391.120897942753,234.11687989167,4.24589379153971
566.214686882828,414.136354477591,4.78812010756223
138.153869924276,284.504397898738,4.56297518188856
200.829799513278,368.207056462698,4.28103616889651
125.591995986698,408.543490975002,3.23070682623425
631.362601783498,312.198647593462,4.59761357143664
3.31041345235717,148.071965798413,4.32040365774641
543.939048208836,206.967053734184,4.22893496090479
33.3587369583958,491.560911743734,2.98366068528207
283.291085263959,21.0449938220822,3.77418173074314
534.298748322229,390.706241886523,3.56099880919212
76.1743911642632,81.059622172249,5.31435301425852
3.47320747243592,76.8045258248406,3.54862745389987
590.942919901579,225.772815103827,4.08416091786851
434.663655702469,455.945627874619,4.7421692781445
660.171104144312,373.8745800151,2.83035006791178
105.165149753396,491.902447956587,4.43111197456084
621.362469466772,86.4979808148879,4.10285327619784
420.311302958654,258.938585538158,3.56758301481402
11.6597995966149,180.379462298121,3.14422887898203
67.9414723607705,117.908250915404,4.46770103545599
604.285855516773,195.220121210502,4.39936027488783
258.244001177091,223.064741956364,3.6376775168703
576.633196099333,438.554897552314,3.86365556139352
303.868639853742,136.368129735413,4.14295925911627
529.520836797135,454.520332505083,3.47132215413785
46.7654100612059,415.70163846943,3.65132227590422
205.663729684315,278.070289053884,4.39738455264746
548.800398200176,258.723933534793,3.7500223005208
152.416807827777,12.1402949590497,4.31327505696062
507.556374039911,344.704231973136,4.53945354849612
28.4362642786385,63.498901609879,3.26959255596518
536.105252107072,156.882286020137,4.87325958773375
NA,NA,NA
661.557822770718,335.817789094537,3.43978841282575
457.164828276575,296.999634494711,3.56013671488212
15.8407248158155,497.873101430751,3.52226087689545
552.739383954293,50.2494401157442,4.04473287973261
74.1231388045404,373.671640466653,3.81335964943192
227.290412672233,413.601050532091,3.94645517988544
429.080373364105,13.0930474274238,3.34783567309982
360.769732237687,291.627905222923,2.97669685358544
602.761176018171,107.058400013295,4.15943397198591
391.959187270205,230.655291485031,4.24692111882219
564.159644565484,412.901656938857,4.62865853012505
136.018811997509,287.775657763699,4.59470393650493
205.017473284512,372.427164636697,4.12002278194308
124.562341339653,409.544006417615,3.45879132108531
632.060722972261,309.212544543961,4.56575535868543
7.0312741227261,149.186178781983,4.24111456393562
545.595816495957,206.625257288504,4.18614247710298
33.4969531132895,488.55077086431,3.0507982426711
282.789089527911,21.4895854670906,3.87612292823546
532.715717328795,394.019588627649,3.37269526668002
71.590192005332,85.1702022948348,5.26282608574532
2.07941560063953,74.5801309815493,3.51795041800217
587.172283633894,227.023612732551,3.98602885720171
438.634711498298,458.952775233386,4.80583569811547
658.275678466414,374.031693664378,3.04257674685438
111.138302766679,492.230299104143,4.41445019514621
625.95263419186,87.2048086243589,4.11356132001323
418.962372806448,258.981676199114,3.61644936797276
13.4593989187876,182.615331280636,3.19971471073705
55.6701235546566,117.832344232945,4.41575301281231
614.25443510922,213.580268782817,4.56193928695425
263.533479936171,216.850849408299,3.61137440561278
579.904468070555,443.205527540653,3.80952399637583
295.97600794966,132.618036139187,3.86066391975509
533.782408296428,456.260719858155,3.63682569313341
44.905040672994,419.904160788891,3.83166395887337
196.774565877342,288.979795994143,4.16273556721135
553.255972861679,259.43600675672,3.72155151376412
188.136287905411,19.4623190181921,4.27655778458837
500.320547154959,328.367413879359,4.29797115626949
33.2673863324849,53.0212315178379,3.84731256093204
526.007997535997,156.972799290771,4.62382915732778
NA,NA,NA
661.557822770718,335.817789094537,3.43978841282575
457.164828276575,296.999634494711,3.56013671488212
15.8407248158155,497.873101430751,3.52226087689545
552.739383954293,50.2494401157442,4.04473287973261
74.1231388045404,373.671640466653,3.81335964943192
227.290412672233,413.601050532091,3.94645517988544
429.080373364105,13.0930474274238,3.34783567309982
360.769732237687,291.627905222923,2.97669685358544
602.761176018171,107.058400013295,4.15943397198591
391.959187270205,230.655291485031,4.24692111882219
564.159644565484,412.901656938857,4.62865853012505
136.018811997509,287.775657763699,4.59470393650493
205.017473284512,372.427164636697,4.12002278194308
124.562341339653,409.544006417615,3.45879132108531
632.060722972261,309.212544543961,4.56575535868543
7.0312741227261,149.186178781983,4.24111456393562
545.595816495957,206.625257288504,4.18614247710298
33.4969531132895,488.55077086431,3.0507982426711
282.789089527911,21.4895854670906,3.87612292823546
532.715717328795,394.019588627649,3.37269526668002
71.590192005332,85.1702022948348,5.26282608574532
2.07941560063953,74.5801309815493,3.51795041800217
587.172283633894,227.023612732551,3.98602885720171
438.634711498298,458.952775233386,4.80583569811547
658.275678466414,374.031693664378,3.04257674685438
111.138302766679,492.230299104143,4.41445019514621
625.95263419186,87.2048086243589,4.11356132001323
418.962372806448,258.981676199114,3.61644936797276
13.4593989187876,182.615331280636,3.19971471073705
55.6701235546566,117.832344232945,4.41575301281231
614.25443510922,213.580268782817,4.56193928695425
263.533479936171,216.850849408299,3.61137440561278
579.904468070555,443.205527540653,3.80952399637583
295.97600794966,132.618036139187,3.86066391975509
533.782408296428,456.260719858155,3.63682569313341
44.905040672994,419.904160788891,3.83166395887337
196.774565877342,288.979795994143,4.16273556721135
553.255972861679,259.43600675672,3.72155151376412
188.136287905411,19.4623190181921,4.27655778458837
500.320547154959,328.367413879359,4.29797115626949
33.2673863324849,53.0212315178379,3.84731256093204
526.007997535997,156.972799290771,4.62382915732778
NA,NA,NA
661.557822770718,335.817789094537,3.43978841282575
457.164828276575,296.999634494711,3.56013671488212
15.8407248158155,497.873101430751,3.52226087689545
552.739383954293,50.2494401157442,4.04473287973261
74.1231388045404,373.671640466653,3.81335964943192
227.290412672233,413.601050532091,3.94645517988544
429.080373364105,13.0930474274238,3.34783567309982
360.769732237687,291.627905222923,2.97669685358544
602.761176018171,107.058400013295,4.15943397198591
391.959187270205,230.655291485031,4.24692111882219
564.159644565484,412.901656938857,4.62865853012505
136.018811997509,287.775657763699,4.59470393650493
205.017473284512,372.427164636697,4.12002278194308
124.562341339653,409.544006417615,3.45879132108531
632.060722972261,309.212544543961,4.56575535868543
7.0312741227261,149.186178781983,4.24111456393562
545.595816495957,206.625257288504,4.18614247710298
33.4969531132895,488.55077086431,3.0507982426711
282.789089527911,21.4895854670906,3.87612292823546
532.715717328795,394.019588627649,3.37269526668002
71.590192005332,85.1702022948348,5.26282608574532
2.07941560063953,74.5801309815493,3.51795041800217
587.172283633894,227.023612732551,3.98602885720171
438.634711498298,458.952775233386,4.80583569811547
658.275678466414,374.031693664378,3.04257674685438
111.138302766679,492.230299104143,4.41445019514621
625.95263419186,87.2048086243589,4.11356132001323
418.962372806448,258.981676199114,3.61644936797276
13.4593989187876,182.615331280636,3.19971471073705
55.6701235546566,117.832344232945,4.41575301281231
614.25443510922,213.580268782817,4.56193928695425
263.533479936171,216.850849408299,3.61137440561278
579.904468070555,443.205527540653,3.80952399637583
295.97600794966,132.618036139187,3.86066391975509
533.782408296428,456.260719858155,3.63682569313341
44.905040672994,419.904160788891,3.83166395887337
196.774565877342,288.979795994143,4.16273556721135
553.255972861679,259.43600675672,3.72155151376412
188.136287905411,19.4623190181921,4.27655778458837
500.320547154959,328.367413879359,4.29797115626949
33.2673863324849,53.0212315178379,3.84731256093204
526.007997535997,156.972799290771,4.62382915732778
NA,NA,NA
661.557822770718,335.817789094537,3.43978841282575
457.164828276575,296.999634494711,3.56013671488212
15.8407248158155,497.873101430751,3.52226087689545
552.739383954293,50.2494401157442,4.04473287973261
74.1231388045404,373.671640466653,3.81335964943192
227.290412672233,413.601050532091,3.94645517988544
429.080373364105,13.0930474274238,3.34783567309982
360.769732237687,291.627905222923,2.97669685358544
602.761176018171,107.058400013295,4.15943397198591
391.959187270205,230.655291485031,4.24692111882219
564.159644565484,412.901656938857,4.62865853012505
136.018811997509,287.775657763699,4.59470393650493
205.017473284512,372.427164636697,4.12002278194308
124.562341339653,409.544006417615,3.45879132108531
632.060722972261,309.212544543961,4.56575535868543
7.0312741227261,149.186178781983,4.24111456393562
545.595816495957,206.625257288504,4.18614247710298
33.4969531132895,488.55077086431,3.0507982426711
282.789089527911,21.4895854670906,3.87612292823546
532.715717328795,394.019588627649,3.37269526668002
71.590192005332,85.1702022948348,5.26282608574532
2.07941560063953,74.5801309815493,3.51795041800217
587.172283633894,227.023612732551,3.98602885720171
438.634711498298,458.952775233386,4.80583569811547
658.275678466414,374.031693664378,3.04257674685438
111.138302766679,492.230299104143,4.41445019514621
625.95263419186,87.2048086243589,4.11356132001323
418.962372806448,258.981676199114,3.61644936797276
13.4593989187876,182.615331280636,3.19971471073705
55.6701235546566,117.832344232945,4.41575301281231
614.25443510922,213.580268782817,4.56193928695425
263.533479936171,216.850849408299,3.61137440561278
579.904468070555,443.205527540653,3.80952399637583
295.97600794966,132.618036139187,3.86066391975509
533.782408296428,456.260719858155,3.63682569313341
44.905040672994,419.904160788891,3.83166395887337
196.774565877342,288.979795994143,4.16273556721135
553.255972861679,259.43600675672,3.72155151376412
188.136287905411,19.4623190181921,4.27655778458837
500.320547154959,328.367413879359,4.29797115626949
33.2673863324849,53.0212315178379,3.84731256093204
526.007997535997,156.972799290771,4.62382915732778
NA,NA,NA
661.557822770718,335.817789094537,3.43978841282575
457.164828276575,296.999634494711,3.56013671488212
15.8407248158155,497.873101430751,3.52226087689545
552.739383954293,50.2494401157442,4.04473287973261
74.1231388045404,373.671640466653,3.81335964943192
227.290412672233,413.601050532091,3.94645517988544
429.080373364105,13.0930474274238,3.34783567309982
360.769732237687,291.627905222923,2.97669685358544
602.761176018171,107.058400013295,4.15943397198591
391.959187270205,230.655291485031,4.24692111882219
564.159644565484,412.901656938857,4.62865853012505
136.018811997509,287.775657763699,4.59470393650493
205.017473284512,372.427164636697,4.12002278194308
124.562341339653,409.544006417615,3.45879132108531
632.060722972261,309.212544543961,4.56575535868543
7.0312741227261,149.186178781983,4.24111456393562
545.595816495957,206.625257288504,4.18614247710298
33.4969531132895,488.55077086431,3.0507982426711
282.789089527911,21.4895854670906,3.87612292823546
532.715717328795,394.019588627649,3.37269526668002
71.590192005332,85.1702022948348,5.26282608574532
2.07941560063953,74.5801309815493,3.51795041800217
587.172283633894,227.023612732551,3.98602885720171
438.634711498298,458.952775233386,4.80583569811547
658.275678466414,374.031693664378,3.04257674685438
111.138302766679,492.230299104143,4.41445019514621
625.95263419186,87.2048086243589,4.11356132001323
418.962372806448,258.981676199114,3.61644936797276
13.4593989187876,182.615331280636,3.19971471073705
55.6701235546566,117.832344232945,4.41575301281231
614.25443510922,213.580268782817,4.56193928695425
263.533479936171,216.850849408299,3.61137440561278
579.904468070555,443.205527540653,3.80952399637583
295.97600794966,132.618036139187,3.86066391975509
533.782408296428,456.260719858155,3.63682569313341
44.905040672994,419.904160788891,3.83166395887337
196.774565877342,288.979795994143,4.16273556721135
553.255972861679,259.43600675672,3.72155151376412
188.136287905411,19.4623190181921,4.27655778458837
500.320547154959,328.367413879359,4.29797115626949
33.2673863324849,53.0212315178379,3.84731256093204
526.007997535997,156.972799290771,4.62382915732778
NA,NA,NA
661.557822770718,335.817789094537,3.43978841282575
457.164828276575,296.999634494711,3.56013671488212
15.8407248158155,497.873101430751,3.52226087689545
552.739383954293,50.2494401157442,4.04473287973261
74.1231388045404,373.671640466653,3.81335964943192
227.290412672233,413.601050532091,3.94645517988544
429.080373364105,13.0930474274238,3.34783567309982
360.769732237687,291.627905222923,2.97669685358544
602.761176018171,107.058400013295,4.15943397198591
391.959187270205,230.655291485031,4.24692111882219
564.159644565484,412.901656938857,4.62865853012505
136.018811997509,287.775657763699,4.59470393650493
205.017473284512,372.427164636697,4.12002278194308
124.562341339653,409.544006417615,3.45879132108531
632.060722972261,309.212544543961,4.56575535868543
7.0312741227261,149.186178781983,4.24111456393562
545.595816495957,206.625257288504,4.18614247710298
33.4969531132895,488.55077086431,3.0507982426711
282.789089527911,21.4895854670906,3.87612292823546
532.715717328795,394.019588627649,3.37269526668002
71.590192005332,85.1702022948348,5.26282608574532
2.07941560063953,74.5801309815493,3.51795041800217
587.172283633894,227.023612732551,3.98602885720171
438.634711498298,458.952775233386,4.80583569811547
658.275678466414,374.031693664378,3.04257674685438
111.138302766679,492.230299104143,4.41445019514621
625.95263419186,87.2048086243589,4.11356132001323
418.962372806448,258.981676199114,3.61644936797276
13.4593989187876,182.615331280636,3.19971471073705
55.6701235546566,117.832344232945,4.41575301281231
614.25443510922,213.580268782817,4.56193928695425
263.533479936171,216.850849408299,3.61137440561278
579.904468070555,443.205527540653,3.80952399637583
295.97600794966,132.618036139187,3.86066391975509
533.782408296428,456.260719858155,3.63682569313341
44.905040672994,419.904160788891,3.83166395887337
196.774565877342,288.979795994143,4.16273556721135
553.255972861679,259.43600675672,3.72155151376412
188.136287905411,19.4623190181921,4.27655778458837
500.320547154959,328.367413879359,4.29797115626949
33.2673863324849,53.0212315178379,3.84731256093204
526.007997535997,156.972799290771,4.62382915732778
NA,NA,NA
660.936567611376,336.922427733647,3.56401935091966
455.597740672885,297.781060844817,3.70080147149315
14.8842965074079,490.485596032927,3.58268798261353
564.063353916059,55.9369969285457,4.00502028502988
69.2894558040099,375.565477918966,4.03858292720742
233.633862330946,409.871191868276,3.73701430235518
428.250101885128,12.5802942019685,3.29293624467403
360.803990081203,290.915457354411,3.03689684505615
612.34422136998,102.705070003,4.28591027501029
389.111693934711,230.650260288326,4.16022213895969
561.340535372844,405.496755440353,4.77264982813807
145.268115005372,279.391123119942,4.54902984857539
197.345928169429,370.403954151281,4.16683667696376
123.509595290703,409.747998429553,3.52811607316603
629.273520018132,309.638736778866,4.53486798397348
2.97326223517864,146.435526207536,4.17256371336087
542.893475490272,205.276050908998,4.21485614869102
33.7030080773814,493.027845841553,3.01470518426645
279.327711198457,18.0222003900383,3.84584475135639
535.323747584739,392.467481465121,3.3075548479533
68.6065410612301,80.8347146945453,5.2783265235138
6.50224294118319,76.5100015208063,3.48579162972645
589.822265936033,228.148725903443,4.05057328499271
447.36636596872,457.272659453066,4.82238713699659
659.800473036644,373.532980573391,3.20603074128086
108.418227717569,487.008194379566,4.40704081090173
620.647250543907,91.4825627003712,4.07804725667727
418.610493868152,260.608252188526,3.60736635701067
12.6722513666228,180.648082471799,3.39725385906562
65.0492512187987,116.650971308059,4.50242459720238
613.226867384029,206.876208682832,4.37472321302334
250.922535357869,215.147114363934,3.64167224028589
572.192511266949,430.199113699756,3.81171949142779
298.941952296633,133.620589299433,4.05265152009747
527.387772378699,464.021172190546,3.9535201719903
35.2435632873957,413.602021526402,3.69291160611353
197.231621306238,293.662672602846,4.18287280413305
556.011774088384,265.774870343172,3.5650851027953
188.543500328756,26.1670243310845,4.47151831605722
498.162512087188,341.287394012737,4.8535625145366
43.2145337240754,51.0960834117419,3.90928793050518
517.488313213568,151.668798415029,4.87767636272816
NA,NA,NA
660.936567611376,336.922427733647,3.56401935091966
455.597740672885,297.781060844817,3.70080147149315
14.8842965074079,490.485596032927,3.58268798261353
564.063353916059,55.9369969285457,4.00502028502988
69.2894558040099,375.565477918966,4.03858292720742
233.633862330946,409.871191868276,3.73701430235518
428.250101885128,12.5802942019685,3.29293624467403
360.803990081203,290.915457354411,3.03689684505615
612.34422136998,102.705070003,4.28591027501029
389.111693934711,230.650260288326,4.16022213895969
561.340535372844,405.496755440353,4.77264982813807
145.268115005372,279.391123119942,4.54902984857539
197.345928169429,370.403954151281,4.16683667696376
123.509595290703,409.747998429553,3.52811607316603
629.273520018132,309.638736778866,4.53486798397348
2.97326223517864,146.435526207536,4.17256371336087
542.893475490272,205.276050908998,4.21485614869102
33.7030080773814,493.027845841553,3.01470518426645
279.327711198457,18.0222003900383,3.84584475135639
535.323747584739,392.467481465121,3.3075548479533
68.6065410612301,80.8347146945453,5.2783265235138
6.50224294118319,76.5100015208063,3.48579162972645
589.822265936033,228.148725903443,4.05057328499271
447.36636596872,457.272659453066,4.82238713699659
659.800473036644,373.532980573391,3.20603074128086
108.418227717569,487.008194379566,4.40704081090173
620.647250543907,91.4825627003712,4.07804725667727
418.610493868152,260.608252188526,3.60736635701067
12.6722513666228,180.648082471799,3.39725385906562
65.0492512187987,116.650971308059,4.50242459720238
613.226867384029,206.876208682832,4.37472321302334
250.922535357869,215.147114363934,3.64167224028589
572.192511266949,430.199113699756,3.81171949142779
298.941952296633,133.620589299433,4.05265152009747
527.387772378699,464.021172190546,3.9535201719903
35.2435632873957,413.602021526402,3.69291160611353
197.231621306238,293.662672602846,4.18287280413305
556.011774088384,265.774870343172,3.5650851027953
188.543500328756,26.1670243310845,4.47151831605722
498.162512087188,341.287394012737,4.8535625145366
43.2145337240754,51.0960834117419,3.90928793050518
517.488313213568,151.668798415029,4.87767636272816
NA,NA,NA
660.936567611376,336.922427733647,3.56401935091966
455.597740672885,297.781060844817,3.70080147149315
14.8842965074079,490.485596032927,3.58268798261353
564.063353916059,55.9369969285457,4.00502028502988
69.2894558040099,375.565477918966,4.03858292720742
233.633862330946,409.871191868276,3.73701430235518
428.250101885128,12.5802942019685,3.29293624467403
360.803990081203,290.915457354411,3.03689684505615
612.34422136998,102.705070003,4.28591027501029
389.111693934711,230.650260288326,4.16022213895969
561.340535372844,405.496755440353,4.77264982813807
145.268115005372,279.391123119942,4.54902984857539
197.345928169429,370.403954151281,4.16683667696376
123.509595290703,409.747998429553,3.52811607316603
629.273520018132,309.638736778866,4.53486798397348
2.97326223517864,146.435526207536,4.17256371336087
542.893475490272,205.276050908998,4.21485614869102
33.7030080773814,493.027845841553,3.01470518426645
279.327711198457,18.0222003900383,3.84584475135639
535.323747584739,392.467481465121,3.3075548479533
68.6065410612301,80.8347146945453,5.2783265235138
6.50224294118319,76.5100015208063,3.48579162972645
589.822265936033,228.148725903443,4.05057328499271
447.36636596872,457.272659453066,4.82238713699659
659.800473036644,373.532980573391,3.20603074128086
108.418227717569,487.008194379566,4.40704081090173
620.647250543907,91.4825627003712,4.07804725667727
418.610493868152,260.608252188526,3.60736635701067
12.6722513666228,180.648082471799,3.39725385906562
65.0492512187987,116.650971308059,4.50242459720238
613.226867384029,206.876208682832,4.37472321302334
250.922535357869,215.147114363934,3.64167224028589
572.192511266949,430.199113699756,3.81171949142779
298.941952296633,133.620589299433,4.05265152009747
527.387772378699,464.021172190546,3.9535201719903
35.2435632873957,413.602021526402,3.69291160611353
197.231621306238,293.662672602846,4.18287280413305
556.011774088384,265.774870343172,3.5650851027953
188.543500328756,26.1670243310845,4.47151831605722
498.162512087188,341.287394012737,4.8535625145366
43.2145337240754,51.0960834117419,3.90928793050518
517.488313213568,151.668798415029,4.87767636272816
NA,NA,NA
660.936567611376,336.922427733647,3.56401935091966
455.597740672885,297.781060844817,3.70080147149315
14.8842965074079,490.485596032927,3.58268798261353
564.063353916059,55.9369969285457,4.00502028502988
69.2894558040099,375.565477918966,4.03858292720742
233.633862330946,409.871191868276,3.73701430235518
428.250101885128,12.5802942019685,3.29293624467403
360.803990081203,290.915457354411,3.03689684505615
612.34422136998,102.705070003,4.28591027501029
389.111693934711,230.650260288326,4.16022213895969
561.340535372844,405.496755440353,4.77264982813807
145.268115005372,279.391123119942,4.54902984857539
197.345928169429,370.403954151281,4.16683667696376
123.509595290703,409.747998429553,3.52811607316603
629.273520018132,309.638736778866,4.53486798397348
2.97326223517864,146.435526207536,4.17256371336087
542.893475490272,205.276050908998,4.21485614869102
33.7030080773814,493.027845841553,3.01470518426645
279.327711198457,18.0222003900383,3.84584475135639
535.323747584739,392.467481465121,3.3075548479533
68.6065410612301,80.8347146945453,5.2783265235138
6.50224294118319,76.5100015208063,3.48579162972645
589.822265936033,228.148725903443,4.05057328499271
447.36636596872,457.272659453066,4.82238713699659
659.800473036644,373.532980573391,3.20603074128086
108.418227717569,487.008194379566,4.40704081090173
620.647250543907,91.4825627003712,4.07804725667727
418.610493868152,260.608252188526,3.60736635701067
12.6722513666228,180.648082471799,3.39725385906562
65.0492512187987,116.650971308059,4.50242459720238
613.226867384029,206.876208682832,4.37472321302334
250.922535357869,215.147114363934,3.64167224028589
572.192511266949,430.199113699756,3.81171949142779
298.941952296633,133.620589299433,4.05265152009747
527.387772378699,464.021172190546,3.9535201719903
35.2435632873957,413.602021526402,3.69291160611353
197.231621306238,293.662672602846,4.18287280413305
556.011774088384,265.774870343172,3.5650851027953
188.543500328756,26.1670243310845,4.47151831605722
498.162512087188,341.287394012737,4.8535625145366
43.2145337240754,51.0960834117419,3.90928793050518
517.488313213568,151.668798415029,4.87767636272816
NA,NA,NA
660.936567611376,336.922427733647,3.56401935091966
455.597740672885,297.781060844817,3.70080147149315
14.8842965074079,490.485596032927,3.58268798261353
564.063353916059,55.9369969285457,4.00502028502988
69.2894558040099,375.565477918966,4.03858292720742
233.633862330946,409.871191868276,3.73701430235518
428.250101885128,12.5802942019685,3.29293624467403
360.803990081203,290.915457354411,3.03689684505615
612.34422136998,102.705070003,4.28591027501029
389.111693934711,230.650260288326,4.16022213895969
561.340535372844,405.496755440353,4.77264982813807
145.268115005372,279.391123119942,4.54902984857539
197.345928169429,370.403954151281,4.16683667696376
123.509595290703,409.747998429553,3.52811607316603
629.273520018132,309.638736778866,4.53486798397348
2.97326223517864,146.435526207536,4.17256371336087
542.893475490272,205.276050908998,4.21485614869102
33.7030080773814,493.027845841553,3.01470518426645
279.327711198457,18.0222003900383,3.84584475135639
535.323747584739,392.467481465121,3.3075548479533
68.6065410612301,80.8347146945453,5.2783265235138
6.50224294118319,76.5100015208063,3.48579162972645
589.822265936033,228.148725903443,4.05057328499271
447.36636596872,457.272659453066,4.82238713699659
659.800473036644,373.532980573391,3.20603074128086
108.418227717569,487.008194379566,4.40704081090173
620.647250543907,91.4825627003712,4.07804725667727
418.610493868152,260.608252188526,3.60736635701067
12.6722513666228,180.648082471799,3.39725385906562
65.0492512187987,116.650971308059,4.50242459720238
613.226867384029,206.876208682832,4.37472321302334
250.922535357869,215.147114363934,3.64167224028589
572.192511266949,430.199113699756,3.81171949142779
298.941952296633,133.620589299433,4.05265152009747
527.387772378699,464.021172190546,3.9535201719903
35.2435632873957,413.602021526402,3.69291160611353
197.231621306238,293.662672602846,4.18287280413305
556.011774088384,265.774870343172,3.5650851027953
188.543500328756,26.1670243310845,4.47151831605722
498.162512087188,341.287394012737,4.8535625145366
43.2145337240754,51.0960834117419,3.90928793050518
517.488313213568,151.668798415029,4.87767636272816
NA,NA,NA
660.936567611376,336.922427733647,3.56401935091966
455.597740672885,297.781060844817,3.70080147149315
14.8842965074079,490.485596032927,3.58268798261353
564.063353916059,55.9369969285457,4.00502028502988
69.2894558040099,375.565477918966,4.03858292720742
233.633862330946,409.871191868276,3.73701430235518
428.250101885128,12.5802942019685,3.29293624467403
360.803990081203,290.915457354411,3.03689684505615
612.34422136998,102.705070003,4.28591027501029
389.111693934711,230.650260288326,4.16022213895969
561.340535372844,405.496755440353,4.77264982813807
145.268115005372,279.391123119942,4.54902984857539
197.345928169429,370.403954151281,4.16683667696376
123.509595290703,409.747998429553,3.52811607316603
629.273520018132,309.638736778866,4.53486798397348
2.97326223517864,146.435526207536,4.17256371336087
542.893475490272,205.276050908998,4.21485614869102
33.7030080773814,493.027845841553,3.01470518426645
279.327711198457,18.0222003900383,3.84584475135639
535.323747584739,392.467481465121,3.3075548479533
68.6065410612301,80.8347146945453,5.2783265235138
6.50224294118319,76.5100015208063,3.48579162972645
589.822265936033,228.148725903443,4.05057328499271
447.36636596872,457.272659453066,4.82238713699659
659.800473036644,373.532980573391,3.20603074128086
108.418227717569,487.008194379566,4.40704081090173
620.647250543907,91.4825627003712,4.07804725667727
418.610493868152,260.608252188526,3.60736635701067
12.6722513666228,180.648082471799,3.39725385906562
65.0492512187987,116.650971308059,4.50242459720238
613.226867384029,206.876208682832,4.37472321302334
250.922535357869,215.147114363934,3.64167224028589
572.192511266949,430.199113699756,3.81171949142779
298.941952296633,133.620589299433,4.05265152009747
527.387772378699,464.021172190546,3.9535201719903
35.2435632873957,413.602021526402,3.69291160611353
197.231621306238,293.662672602846,4.18287280413305
556.011774088384,265.774870343172,3.5650851027953
188.543500328756,26.1670243310845,4.47151831605722
498.162512087188,341.287394012737,4.8535625145366
43.2145337240754,51.0960834117419,3.90928793050518
517.488313213568,151.668798415029,4.87767636272816
NA,NA,NA
658.684028092948,329.075456909169,3.44230918414681
453.695079258916,299.097710322368,3.79520987051108
11.7916506693177,497.908482564793,3.55920826048447
559.494994102834,51.8092672567899,4.26409117168869
67.6456730883113,370.935626911084,4.05149022667587
228.998065639114,420.098748879416,3.89920621815227
427.981066867343,13.224144348527,3.50099471946648
361.421638743874,295.357273326193,2.97466992629267
606.962242810977,104.19732593996,4.12711632473836
394.60673129756,233.9578218737,4.21620513817572
569.477728524911,406.053615930399,4.65582693988113
138.065139246815,285.57397582467,4.44660452349161
197.132819138469,369.082057370217,3.96750813097077
128.010825617682,412.193850376185,3.45302325843306
628.231498146147,313.309397675815,4.44796780475289
1.35942297341381,144.305146677563,4.23415786450226
542.536368859914,208.93833379338,4.19780103521559
34.3631289034146,491.171067255294,3.01178923255612
278.840957891185,22.9484089499101,3.62084617664416
534.800679363693,391.780451414682,3.38112715238189
73.0281746717463,71.1859402016677,5.19866253066508
4.99383262773251,75.305044726342,3.51307149871665
590.699887029002,228.46177475097,4.08724435696242
435.392613251443,464.10103727203,4.78136657540373
658.799232542957,370.778684978303,3.07270417151352
102.182572907221,489.879874980437,4.33584901285476
621.668307758955,88.0448488264149,4.07137312379072
419.353245036536,258.815820359356,3.62164813948952
11.2866301464671,182.671789855459,3.21649985037397
44.824120275237,131.717956292703,4.19747607354499
607.406196313524,198.738729484,4.32327220188943
256.155830353066,213.45778668301,3.82346385933612
571.280903807516,435.020488967675,3.7475962982234
300.086849580204,136.840169095614,3.95748719095529
525.479222745397,460.149629095454,3.45901849750407
55.5727245617395,414.5394292668,3.78827256776276
194.784993175656,284.327166404943,3.93161156039606
559.67816092504,261.655279154835,3.93887705042073
163.267883169388,30.6329709505542,4.39860590698912
494.683810956193,350.083248243654,4.51817632737478
41.149626553822,40.1374972676122,3.23298178387029
538.500872860311,142.531935235116,4.72136272579617
NA,NA,NA
658.684028092948,329.075456909169,3.44230918414681
453.695079258916,299.097710322368,3.79520987051108
11.7916506693177,497.908482564793,3.55920826048447
559.494994102834,51.8092672567899,4.26409117168869
67.6456730883113,370.935626911084,4.05149022667587
228.998065639114,420.098748879416,3.89920621815227
427.981066867343,13.224144348527,3.50099471946648
361.421638743874,295.357273326193,2.97466992629267
606.962242810977,104.19732593996,4.12711632473836
394.60673129756,233.9578218737,4.21620513817572
569.477728524911,406.053615930399,4.65582693988113
138.065139246815,285.57397582467,4.44660452349161
197.132819138469,369.082057370217,3.96750813097077
128.010825617682,412.193850376185,3.45302325843306
628.231498146147,313.309397675815,4.44796780475289
1.35942297341381,144.305146677563,4.23415786450226
542.536368859914,208.93833379338,4.19780103521559
34.3631289034146,491.171067255294,3.01178923255612
278.840957891185,22.9484089499101,3.62084617664416
534.800679363693,391.780451414682,3.38112715238189
73.0281746717463,71.1859402016677,5.19866253066508
4.99383262773251,75.305044726342,3.51307149871665
590.699887029002,228.46177475097,4.08724435696242
435.392613251443,464.10103727203,4.78136657540373
658.799232542957,370.778684978303,3.07270417151352
102.182572907221,489.879874980437,4.33584901285476
621.668307758955,88.0448488264149,4.07137312379072
419.353245036536,258.815820359356,3.62164813948952
11.2866301464671,182.671789855459,3.21649985037397
44.824120275237,131.717956292703,4.19747607354499
607.406196313524,198.738729484,4.32327220188943
256.155830353066,213.45778668301,3.82346385933612
571.280903807516,435.020488967675,3.7475962982234
300.086849580204,136.840169095614,3.95748719095529
525.479222745397,460.149629095454,3.45901849750407
55.5727245617395,414.5394292668,3.78827256776276
194.784993175656,284.327166404943,3.93161156039606
559.67816092504,261.655279154835,3.93887705042073
163.267883169388,30.6329709505542,4.39860590698912
494.683810956193,350.083248243654,4.51817632737478
41.149626553822,40.1374972676122,3.23298178387029
538.500872860311,142.531935235116,4.72136272579617
NA,NA,NA
658.684028092948,329.075456909169,3.44230918414681
453.695079258916,299.097710322368,3.79520987051108
11.7916506693177,497.908482564793,3.55920826048447
559.494994102834,51.8092672567899,4.26409117168869
67.6456730883113,370.935626911084,4.05149022667587
228.998065639114,420.098748879416,3.89920621815227
427.981066867343,13.224144348527,3.50099471946648
361.421638743874,295.357273326193,2.97466992629267
606.962242810977,104.19732593996,4.12711632473836
394.60673129756,233.9578218737,4.21620513817572
569.477728524911,406.053615930399,4.65582693988113
138.065139246815,285.57397582467,4.44660452349161
197.132819138469,369.082057370217,3.96750813097077
128.010825617682,412.193850376185,3.45302325843306
628.231498146147,313.309397675815,4.44796780475289
1.35942297341381,144.305146677563,4.23415786450226
542.536368859914,208.93833379338,4.19780103521559
34.3631289034146,491.171067255294,3.01178923255612
278.840957891185,22.9484089499101,3.62084617664416
534.800679363693,391.780451414682,3.38112715238189
73.0281746717463,71.1859402016677,5.19866253066508
4.99383262773251,75.305044726342,3.51307149871665
590.699887029002,228.46177475097,4.08724435696242
435.392613251443,464.10103727203,4.78136657540373
658.799232542957,370.778684978303,3.07270417151352
102.182572907221,489.879874980437,4.33584901285476
621.668307758955,88.0448488264149,4.07137312379072
419.353245036536,258.815820359356,3.62164813948952
11.2866301464671,182.671789855459,3.21649985037397
44.824120275237,131.717956292703,4.19747607354499
607.406196313524,198.738729484,4.32327220188943
256.155830353066,213.45778668301,3.82346385933612
571.280903807516,435.020488967675,3.7475962982234
300.086849580204,136.840169095614,3.95748719095529
525.479222745397,460.149629095454,3.45901849750407
55.5727245617395,414.5394292668,3.78827256776276
194.784993175656,284.327166404943,3.93161156039606
559.67816092504,261.655279154835,3.93887705042073
163.267883169388,30.6329709505542,4.39860590698912
494.683810956193,350.083248243654,4.51817632737478
41.149626553822,40.1374972676122,3.23298178387029
538.500872860311,142.531935235116,4.72136272579617
NA,NA,NA
658.684028092948,329.075456909169,3.44230918414681
453.695079258916,299.097710322368,3.79520987051108
11.7916506693177,497.908482564793,3.55920826048447
559.494994102834,51.8092672567899,4.26409117168869
67.6456730883113,370.935626911084,4.05149022667587
228.998065639114,420.098748879416,3.89920621815227
427.981066867343,13.224144348527,3.50099471946648
361.421638743874,295.357273326193,2.97466992629267
606.962242810977,104.19732593996,4.12711632473836
394.60673129756,233.9578218737,4.21620513817572
569.477728524911,406.053615930399,4.65582693988113
138.065139246815,285.57397582467,4.44660452349161
197.132819138469,369.082057370217,3.96750813097077
128.010825617682,412.193850376185,3.45302325843306
628.231498146147,313.309397675815,4.44796780475289
1.35942297341381,144.305146677563,4.23415786450226
542.536368859914,208.93833379338,4.19780103521559
34.3631289034146,491.171067255294,3.01178923255612
278.840957891185,22.9484089499101,3.62084617664416
534.800679363693,391.780451414682,3.38112715238189
73.0281746717463,71.1859402016677,5.19866253066508
4.99383262773251,75.305044726342,3.51307149871665
590.699887029002,228.46177475097,4.08724435696242
435.392613251443,464.10103727203,4.78136657540373
658.799232542957,370.778684978303,3.07270417151352
102.182572907221,489.879874980437,4.33584901285476
621.668307758955,88.0448488264149,4.07137312379072
419.353245036536,258.815820359356,3.62164813948952
11.2866301464671,182.671789855459,3.21649985037397
44.824120275237,131.717956292703,4.19747607354499
607.406196313524,198.738729484,4.32327220188943
256.155830353066,213.45778668301,3.82346385933612
571.280903807516,435.020488967675,3.7475962982234
300.086849580204,136.840169095614,3.95748719095529
525.479222745397,460.149629095454,3.45901849750407
55.5727245617395,414.5394292668,3.78827256776276
194.784993175656,284.327166404943,3.93161156039606
559.67816092504,261.655279154835,3.93887705042073
163.267883169388,30.6329709505542,4.39860590698912
494.683810956193,350.083248243654,4.51817632737478
41.149626553822,40.1374972676122,3.23298178387029
538.500872860311,142.531935235116,4.72136272579617
NA,NA,NA
658.684028092948,329.075456909169,3.44230918414681
453.695079258916,299.097710322368,3.79520987051108
11.7916506693177,497.908482564793,3.55920826048447
559.494994102834,51.8092672567899,4.26409117168869
67.6456730883113,370.935626911084,4.05149022667587
228.998065639114,420.098748879416,3.89920621815227
427.981066867343,13.224144348527,3.50099471946648
361.421638743874,295.357273326193,2.97466992629267
606.962242810977,104.19732593996,4.12711632473836
394.60673129756,233.9578218737,4.21620513817572
569.477728524911,406.053615930399,4.65582693988113
138.065139246815,285.57397582467,4.44660452349161
197.132819138469,369.082057370217,3.96750813097077
128.010825617682,412.193850376185,3.45302325843306
628.231498146147,313.309397675815,4.44796780475289
1.35942297341381,144.305146677563,4.23415786450226
542.536368859914,208.93833379338,4.19780103521559
34.3631289034146,491.171067255294,3.01178923255612
278.840957891185,22.9484089499101,3.62084617664416
534.800679363693,391.780451414682,3.38112715238189
73.0281746717463,71.1859402016677,5.19866253066508
4.99383262773251,75.305044726342,3.51307149871665
590.699887029002,228.46177475097,4.08724435696242
435.392613251443,464.10103727203,4.78136657540373
658.799232542957,370.778684978303,3.07270417151352
102.182572907221,489.879874980437,4.33584901285476
621.668307758955,88.0448488264149,4.07137312379072
419.353245036536,258.815820359356,3.62164813948952
11.2866301464671,182.671789855459,3.21649985037397
44.824120275237,131.717956292703,4.19747607354499
607.406196313524,198.738729484,4.32327220188943
256.155830353066,213.45778668301,3.82346385933612
571.280903807516,435.020488967675,3.7475962982234
300.086849580204,136.840169095614,3.95748719095529
525.479222745397,460.149629095454,3.45901849750407
55.5727245617395,414.5394292668,3.78827256776276
194.784993175656,284.327166404943,3.93161156039606
559.67816092504,261.655279154835,3.93887705042073
163.267883169388,30.6329709505542,4.39860590698912
494.683810956193,350.083248243654,4.51817632737478
41.149626553822,40.1374972676122,3.23298178387029
538.500872860311,142.531935235116,4.72136272579617
NA,NA,NA
658.684028092948,329.075456909169,3.44230918414681
453.695079258916,299.097710322368,3.79520987051108
11.7916506693177,497.908482564793,3.55920826048447
559.494994102834,51.8092672567899,4.26409117168869
67.6456730883113,370.935626911084,4.05149022667587
228.998065639114,420.098748879416,3.89920621815227
427.981066867343,13.224144348527,3.50099471946648
361.421638743874,295.357273326193,2.97466992629267
606.962242810977,104.19732593996,4.12711632473836
394.60673129756,233.9578218737,4.21620513817572
569.477728524911,406.053615930399,4.65582693988113
138.065139246815,285.57397582467,4.44660452349161
197.132819138469,369.082057370217,3.96750813097077
128.010825617682,412.193850376185,3.45302325843306
628.231498146147,313.309397675815,4.44796780475289
1.35942297341381,144.305146677563,4.23415786450226
542.536368859914,208.93833379338,4.19780103521559
34.3631289034146,491.171067255294,3.01178923255612
278.840957891185,22.9484089499101,3.62084617664416
534.800679363693,391.780451414682,3.38112715238189
73.0281746717463,71.1859402016677,5.19866253066508
4.99383262773251,75.305044726342,3.51307149871665
590.699887029002,228.46177475097,4.08724435696242
435.392613251443,464.10103727203,4.78136657540373
658.799232542957,370.778684978303,3.07270417151352
102.182572907221,489.879874980437,4.33584901285476
621.668307758955,88.0448488264149,4.07137312379072
419.353245036536,258.815820359356,3.62164813948952
11.2866301464671,182.671789855459,3.21649985037397
44.824120275237,131.717956292703,4.19747607354499
607.406196313524,198.738729484,4.32327220188943
256.155830353066,213.45778668301,3.82346385933612
571.280903807516,435.020488967675,3.7475962982234
300.086849580204,136.840169095614,3.95748719095529
525.479222745397,460.149629095454,3.45901849750407
55.5727245617395,414.5394292668,3.78827256776276
194.784993175656,284.327166404943,3.93161156039606
559.67816092504,261.655279154835,3.93887705042073
163.267883169388,30.6329709505542,4.39860590698912
494.683810956193,350.083248243654,4.51817632737478
41.149626553822,40.1374972676122,3.23298178387029
538.500872860311,142.531935235116,4.72136272579617
NA,NA,NA
667.205761997105,331.715509136783,3.53875410566701
456.782185848932,298.926448946392,3.60011623361778
9.09605292633241,497.784713749557,3.54981724945908
557.345653359097,47.9916907615588,4.25360705762994
64.912293597631,372.859013532293,4.03304779850202
232.428934163665,416.902257023364,3.86807598832
429.514036938037,11.9543594507703,3.33165484703454
363.284108412147,295.239303020014,3.21129438140715
606.224058909115,98.7709808325186,4.32028850082551
393.47450881232,231.297136718791,4.29715347816303
569.053700880464,408.03946371232,4.75093319656452
144.235590823352,287.968195699717,4.5466728415984
200.673919165848,373.982424377947,4.02721985103955
124.225042329296,414.017689377236,3.43005214689212
626.640129980914,315.292311554156,4.44155355410617
5.42694935916867,154.122772726741,4.3496054507083
542.901523239073,200.141568164226,4.13223881729178
34.605749057615,489.596183429966,2.89657551224871
275.577699875516,26.1800470490878,3.91269202663586
534.044177101225,392.755991372154,3.32608377847059
79.4412406095603,78.5695632630844,5.1832433055324
3.41244661134073,77.1985547390292,3.52057128437098
586.251103723289,226.266676140031,3.91990583526574
442.858942546455,460.302650225503,4.75181656078709
658.753088737715,369.515611531563,3.00538401288098
102.296648360099,488.84953217427,4.50486272835535
619.870858767192,89.2802964611538,4.05442872739762
420.17523262907,257.356732329497,3.68795596614529
11.1080127974843,182.132240286374,3.30213332861623
58.5373122372754,109.550526806095,4.58709698094968
618.395195864419,199.420038634882,4.15568716085421
249.433750377218,216.930859195993,3.74367815741583
570.572321014868,434.123246973698,4.05956610223085
303.48928864113,134.094791751998,3.70226827151111
533.605762842596,465.540073037939,3.65109259857922
52.9035069351321,420.019621931105,4.14247772741928
198.600333339337,284.693151349445,4.63155419079864
550.272843004696,253.470810031623,3.87853765655955
168.355609420005,23.2474142609069,4.7694321424052
497.502761077925,336.326016107593,4.47280380843526
28.2823450108389,45.6845763049293,3.92493069146091
523.691840960364,142.149500023761,4.41252285650174
NA,NA,NA
667.205761997105,331.715509136783,3.53875410566701
456.782185848932,298.926448946392,3.60011623361778
9.09605292633241,497.784713749557,3.54981724945908
557.345653359097,47.9916907615588,4.25360705762994
64.912293597631,372.859013532293,4.03304779850202
232.428934163665,416.902257023364,3.86807598832
429.514036938037,11.9543594507703,3.33165484703454
363.284108412147,295.239303020014,3.21129438140715
606.224058909115,98.7709808325186,4.32028850082551
393.47450881232,231.297136718791,4.29715347816303
569.053700880464,408.03946371232,4.75093319656452
144.235590823352,287.968195699717,4.5466728415984
200.673919165848,373.982424377947,4.02721985103955
124.225042329296,414.017689377236,3.43005214689212
626.640129980914,315.292311554156,4.44155355410617
5.42694935916867,154.122772726741,4.3496054507083
542.901523239073,200.141568164226,4.13223881729178
34.605749057615,489.596183429966,2.89657551224871
275.577699875516,26.1800470490878,3.91269202663586
534.044177101225,392.755991372154,3.32608377847059
79.4412406095603,78.5695632630844,5.1832433055324
3.41244661134073,77.1985547390292,3.52057128437098
586.251103723289,226.266676140031,3.91990583526574
442.858942546455,460.302650225503,4.75181656078709
658.753088737715,369.515611531563,3.00538401288098
102.296648360099,488.84953217427,4.50486272835535
619.870858767192,89.2802964611538,4.05442872739762
420.17523262907,257.356732329497,3.68795596614529
11.1080127974843,182.132240286374,3.30213332861623
58.5373122372754,109.550526806095,4.58709698094968
618.395195864419,199.420038634882,4.15568716085421
249.433750377218,216.930859195993,3.74367815741583
570.572321014868,434.123246973698,4.05956610223085
303.48928864113,134.094791751998,3.70226827151111
533.605762842596,465.540073037939,3.65109259857922
52.9035069351321,420.019621931105,4.14247772741928
198.600333339337,284.693151349445,4.63155419079864
550.272843004696,253.470810031623,3.87853765655955
168.355609420005,23.2474142609069,4.7694321424052
497.502761077925,336.326016107593,4.47280380843526
28.2823450108389,45.6845763049293,3.92493069146091
523.691840960364,142.149500023761,4.41252285650174
NA,NA,NA
667.205761997105,331.715509136783,3.53875410566701
456.782185848932,298.926448946392,3.60011623361778
9.09605292633241,497.784713749557,3.54981724945908
557.345653359097,47.9916907615588,4.25360705762994
64.912293597631,372.859013532293,4.03304779850202
232.428934163665,416.902257023364,3.86807598832
429.514036938037,11.9543594507703,3.33165484703454
363.284108412147,295.239303020014,3.21129438140715
606.224058909115,98.7709808325186,4.32028850082551
393.47450881232,231.297136718791,4.29715347816303
569.053700880464,408.03946371232,4.75093319656452
144.235590823352,287.968195699717,4.5466728415984
200.673919165848,373.982424377947,4.02721985103955
124.225042329296,414.017689377236,3.43005214689212
626.640129980914,315.292311554156,4.44155355410617
5.42694935916867,154.122772726741,4.3496054507083
542.901523239073,200.141568164226,4.13223881729178
34.605749057615,489.596183429966,2.89657551224871
275.577699875516,26.1800470490878,3.91269202663586
534.044177101225,392.755991372154,3.32608377847059
79.4412406095603,78.5695632630844,5.1832433055324
3.41244661134073,77.1985547390292,3.52057128437098
586.251103723289,226.266676140031,3.91990583526574
442.858942546455,460.302650225503,4.75181656078709
658.753088737715,369.515611531563,3.00538401288098
102.296648360099,488.84953217427,4.50486272835535
619.870858767192,89.2802964611538,4.05442872739762
420.17523262907,257.356732329497,3.68795596614529
11.1080127974843,182.132240286374,3.30213332861623
58.5373122372754,109.550526806095,4.58709698094968
618.395195864419,199.420038634882,4.15568716085421
249.433750377218,216.930859195993,3.74367815741583
570.572321014868,434.123246973698,4.05956610223085
303.48928864113,134.094791751998,3.70226827151111
533.605762842596,465.540073037939,3.65109259857922
52.9035069351321,420.019621931105,4.14247772741928
198.600333339337,284.693151349445,4.63155419079864
550.272843004696,253.470810031623,3.87853765655955
168.355609420005,23.2474142609069,4.7694321424052
497.502761077925,336.326016107593,4.47280380843526
28.2823450108389,45.6845763049293,3.92493069146091
523.691840960364,142.149500023761,4.41252285650174
NA,NA,NA
667.205761997105,331.715509136783,3.53875410566701
456.782185848932,298.926448946392,3.60011623361778
9.09605292633241,497.784713749557,3.54981724945908
557.345653359097,47.9916907615588,4.25360705762994
64.912293597631,372.859013532293,4.03304779850202
232.428934163665,416.902257023364,3.86807598832
429.514036938037,11.9543594507703,3.33165484703454
363.284108412147,295.239303020014,3.21129438140715
606.224058909115,98.7709808325186,4.32028850082551
393.47450881232,231.297136718791,4.29715347816303
569.053700880464,408.03946371232,4.75093319656452
144.235590823352,287.968195699717,4.5466728415984
200.673919165848,373.982424377947,4.02721985103955
124.225042329296,414.017689377236,3.43005214689212
626.640129980914,315.292311554156,4.44155355410617
5.42694935916867,154.122772726741,4.3496054507083
542.901523239073,200.141568164226,4.13223881729178
34.605749057615,489.596183429966,2.89657551224871
275.577699875516,26.1800470490878,3.91269202663586
534.044177101225,392.755991372154,3.32608377847059
79.4412406095603,78.5695632630844,5.1832433055324
3.41244661134073,77.1985547390292,3.52057128437098
586.251103723289,226.266676140031,3.91990583526574
442.858942546455,460.302650225503,4.75181656078709
658.753088737715,369.515611531563,3.00538401288098
102.296648360099,488.84953217427,4.50486272835535
619.870858767192,89.2802964611538,4.05442872739762
420.17523262907,257.356732329497,3.68795596614529
11.1080127974843,182.132240286374,3.30213332861623
58.5373122372754,109.550526806095,4.58709698094968
618.395195864419,199.420038634882,4.15568716085421
249.433750377218,216.930859195993,3.74367815741583
570.572321014868,434.123246973698,4.05956610223085
303.48928864113,134.094791751998,3.70226827151111
533.605762842596,465.540073037939,3.65109259857922
52.9035069351321,420.019621931105,4.14247772741928
198.600333339337,284.693151349445,4.63155419079864
550.272843004696,253.470810031623,3.87853765655955
168.355609420005,23.2474142609069,4.7694321424052
497.502761077925,336.326016107593,4.47280380843526
28.2823450108389,45.6845763049293,3.92493069146091
523.691840960364,142.149500023761,4.41252285650174
NA,NA,NA
667.205761997105,331.715509136783,3.53875410566701
456.782185848932,298.926448946392,3.60011623361778
9.09605292633241,497.784713749557,3.54981724945908
557.345653359097,47.9916907615588,4.25360705762994
64.912293597631,372.859013532293,4.03304779850202
232.428934163665,416.902257023364,3.86807598832
429.514036938037,11.9543594507703,3.33165484703454
363.284108412147,295.239303020014,3.21129438140715
606.224058909115,98.7709808325186,4.32028850082551
393.47450881232,231.297136718791,4.29715347816303
569.053700880464,408.03946371232,4.75093319656452
144.235590823352,287.968195699717,4.5466728415984
200.673919165848,373.982424377947,4.02721985103955
124.225042329296,414.017689377236,3.43005214689212
626.640129980914,315.292311554156,4.44155355410617
5.42694935916867,154.122772726741,4.3496054507083
542.901523239073,200.141568164226,4.13223881729178
34.605749057615,489.596183429966,2.89657551224871
275.577699875516,26.1800470490878,3.91269202663586
534.044177101225,392.755991372154,3.32608377847059
79.4412406095603,78.5695632630844,5.1832433055324
3.41244661134073,77.1985547390292,3.52057128437098
586.251103723289,226.266676140031,3.91990583526574
442.858942546455,460.302650225503,4.75181656078709
658.753088737715,369.515611531563,3.00538401288098
102.296648360099,488.84953217427,4.50486272835535
619.870858767192,89.2802964611538,4.05442872739762
420.17523262907,257.356732329497,3.68795596614529
11.1080127974843,182.132240286374,3.30213332861623
58.5373122372754,109.550526806095,4.58709698094968
618.395195864419,199.420038634882,4.15568716085421
249.433750377218,216.930859195993,3.74367815741583
570.572321014868,434.123246973698,4.05956610223085
303.48928864113,134.094791751998,3.70226827151111
533.605762842596,465.540073037939,3.65109259857922
52.9035069351321,420.019621931105,4.14247772741928
198.600333339337,284.693151349445,4.63155419079864
550.272843004696,253.470810031623,3.87853765655955
168.355609420005,23.2474142609069,4.7694321424052
497.502761077925,336.326016107593,4.47280380843526
28.2823450108389,45.6845763049293,3.92493069146091
523.691840960364,142.149500023761,4.41252285650174
NA,NA,NA
667.205761997105,331.715509136783,3.53875410566701
456.782185848932,298.926448946392,3.60011623361778
9.09605292633241,497.784713749557,3.54981724945908
557.345653359097,47.9916907615588,4.25360705762994
64.912293597631,372.859013532293,4.03304779850202
232.428934163665,416.902257023364,3.86807598832
429.514036938037,11.9543594507703,3.33165484703454
363.284108412147,295.239303020014,3.21129438140715
606.224058909115,98.7709808325186,4.32028850082551
393.47450881232,231.297136718791,4.29715347816303
569.053700880464,408.03946371232,4.75093319656452
144.235590823352,287.968195699717,4.5466728415984
200.673919165848,373.982424377947,4.02721985103955
124.225042329296,414.017689377236,3.43005214689212
626.640129980914,315.292311554156,4.44155355410617
5.42694935916867,154.122772726741,4.3496054507083
542.901523239073,200.141568164226,4.13223881729178
34.605749057615,489.596183429966,2.89657551224871
275.577699875516,26.1800470490878,3.91269202663586
534.044177101225,392.755991372154,3.32608377847059
79.4412406095603,78.5695632630844,5.1832433055324
3.41244661134073,77.1985547390292,3.52057128437098
586.251103723289,226.266676140031,3.91990583526574
442.858942546455,460.302650225503,4.75181656078709
658.753088737715,369.515611531563,3.00538401288098
102.296648360099,488.84953217427,4.50486272835535
619.870858767192,89.2802964611538,4.05442872739762
420.17523262907,257.356732329497,3.68795596614529
11.1080127974843,182.132240286374,3.30213332861623
58.5373122372754,109.550526806095,4.58709698094968
618.395195864419,199.420038634882,4.15568716085421
249.433750377218,216.930859195993,3.74367815741583
570.572321014868,434.123246973698,4.05956610223085
303.48928864113,134.094791751998,3.70226827151111
533.605762842596,465.540073037939,3.65109259857922
52.9035069351321,420.019621931105,4.14247772741928
198.600333339337,284.693151349445,4.63155419079864
550.272843004696,253.470810031623,3.87853765655955
168.355609420005,23.2474142609069,4.7694321424052
497.502761077925,336.326016107593,4.47280380843526
28.2823450108389,45.6845763049293,3.92493069146091
523.691840960364,142.149500023761,4.41252285650174
NA,NA,NA
660.16294623325,333.498794447483,3.51670464999706
459.618389036904,296.445818839246,3.45301442924729
10.4848478129927,498.13903677563,3.57283611002516
559.798956255246,44.489749145543,4.20656333011758
70.9918068687611,378.592134156906,3.91119395189864
228.182351804241,412.025551107957,3.96603364620104
428.268590966294,11.2295743741614,3.40541155014634
359.330178963164,293.516934381181,3.05717656771724
603.731158875262,104.358725594892,4.24264645006597
395.362236824607,225.19088115703,4.26674952239374
571.365586205848,413.898633912027,4.75965896662798
142.507098586498,282.025636709707,4.56120189051312
194.84998686092,371.903688501152,3.93331400675449
128.948145783654,410.057582141782,3.52028821132487
626.51414926938,318.095243711741,4.55558073950562
2.65533597836629,147.186038474361,4.31830130179699
543.66432342434,203.589975534003,4.19058423346175
32.7498741645022,489.666046724261,2.9497600865506
278.632122676942,23.5956777938197,3.79325833658019
535.287734638195,393.461074993478,3.57540025549144
74.57814254017,79.8792278762833,5.2280736556672
2.33925352194409,76.9665187821285,3.5316116889847
590.748764397598,229.09573983001,3.92065505098997
440.949347619827,459.501111018013,4.73540561504634
661.228718998916,375.07423268606,2.97578192055452
107.974046352567,485.652056830924,4.32517047785051
625.340636204897,91.2715841661848,4.11158457609965
421.087633810223,258.947440490249,3.45937856672911
11.3271810152979,180.016036328374,3.11043158621211
72.3482198474321,115.956422559481,4.41179680392964
589.11993056491,199.826261940269,4.18227323441726
255.854761603305,216.292508196884,3.78244348401807
577.041524171426,428.726791404954,3.85143115524243
302.956943840638,135.913752947656,3.90750503462152
529.288673220929,455.545925591897,3.3998574713085
40.5576333288198,422.286327214267,3.56897310808696
192.266563908824,292.975275435677,3.60446154443237
543.231466638969,275.908908695024,3.9429367032764
168.415844230499,25.5896306701529,4.3468506811158
513.882580725756,339.368784820851,4.6012189212089
40.6819159934429,45.9512891598347,3.76318576160618
548.179897228525,150.026061611833,4.80706592088017
NA,NA,NA
660.16294623325,333.498794447483,3.51670464999706
459.618389036904,296.445818839246,3.45301442924729
10.4848478129927,498.13903677563,3.57283611002516
559.798956255246,44.489749145543,4.20656333011758
70.9918068687611,378.592134156906,3.91119395189864
228.182351804241,412.025551107957,3.96603364620104
428.268590966294,11.2295743741614,3.40541155014634
359.330178963164,293.516934381181,3.05717656771724
603.731158875262,104.358725594892,4.24264645006597
395.362236824607,225.19088115703,4.26674952239374
571.365586205848,413.898633912027,4.75965896662798
142.507098586498,282.025636709707,4.56120189051312
194.84998686092,371.903688501152,3.93331400675449
128.948145783654,410.057582141782,3.52028821132487
626.51414926938,318.095243711741,4.55558073950562
2.65533597836629,147.186038474361,4.31830130179699
543.66432342434,203.589975534003,4.19058423346175
32.7498741645022,489.666046724261,2.9497600865506
278.632122676942,23.5956777938197,3.79325833658019
535.287734638195,393.461074993478,3.57540025549144
74.57814254017,79.8792278762833,5.2280736556672
2.33925352194409,76.9665187821285,3.5316116889847
590.748764397598,229.09573983001,3.92065505098997
440.949347619827,459.501111018013,4.73540561504634
661.228718998916,375.07423268606,2.97578192055452
107.974046352567,485.652056830924,4.32517047785051
625.340636204897,91.2715841661848,4.11158457609965
421.087633810223,258.947440490249,3.45937856672911
11.3271810152979,180.016036328374,3.11043158621211
72.3482198474321,115.956422559481,4.41179680392964
589.11993056491,199.826261940269,4.18227323441726
255.854761603305,216.292508196884,3.78244348401807
577.041524171426,428.726791404954,3.85143115524243
302.956943840638,135.913752947656,3.90750503462152
529.288673220929,455.545925591897,3.3998574713085
40.5576333288198,422.286327214267,3.56897310808696
192.266563908824,292.975275435677,3.60446154443237
543.231466638969,275.908908695024,3.9429367032764
168.415844230499,25.5896306701529,4.3468506811158
513.882580725756,339.368784820851,4.6012189212089
40.6819159934429,45.9512891598347,3.76318576160618
548.179897228525,150.026061611833,4.80706592088017
NA,NA,NA
660.16294623325,333.498794447483,3.51670464999706
459.618389036904,296.445818839246,3.45301442924729
10.4848478129927,498.13903677563,3.57283611002516
559.798956255246,44.489749145543,4.20656333011758
70.9918068687611,378.592134156906,3.91119395189864
228.182351804241,412.025551107957,3.96603364620104
428.268590966294,11.2295743741614,3.40541155014634
359.330178963164,293.516934381181,3.05717656771724
603.731158875262,104.358725594892,4.24264645006597
395.362236824607,225.19088115703,4.26674952239374
571.365586205848,413.898633912027,4.75965896662798
142.507098586498,282.025636709707,4.56120189051312
194.84998686092,371.903688501152,3.93331400675449
128.948145783654,410.057582141782,3.52028821132487
626.51414926938,318.095243711741,4.55558073950562
2.65533597836629,147.186038474361,4.31830130179699
543.66432342434,203.589975534003,4.19058423346175
32.7498741645022,489.666046724261,2.9497600865506
278.632122676942,23.5956777938197,3.79325833658019
535.287734638195,393.461074993478,3.57540025549144
74.57814254017,79.8792278762833,5.2280736556672
2.33925352194409,76.9665187821285,3.5316116889847
590.748764397598,229.09573983001,3.92065505098997
440.949347619827,459.501111018013,4.73540561504634
661.228718998916,375.07423268606,2.97578192055452
107.974046352567,485.652056830924,4.32517047785051
625.340636204897,91.2715841661848,4.11158457609965
421.087633810223,258.947440490249,3.45937856672911
11.3271810152979,180.016036328374,3.11043158621211
72.3482198474321,115.956422559481,4.41179680392964
589.11993056491,199.826261940269,4.18227323441726
255.854761603305,216.292508196884,3.78244348401807
577.041524171426,428.726791404954,3.85143115524243
302.956943840638,135.913752947656,3.90750503462152
529.288673220929,455.545925591897,3.3998574713085
40.5576333288198,422.286327214267,3.56897310808696
192.266563908824,292.975275435677,3.60446154443237
543.231466638969,275.908908695024,3.9429367032764
168.415844230499,25.5896306701529,4.3468506811158
513.882580725756,339.368784820851,4.6012189212089
40.6819159934429,45.9512891598347,3.76318576160618
548.179897228525,150.026061611833,4.80706592088017
NA,NA,NA
660.16294623325,333.498794447483,3.51670464999706
459.618389036904,296.445818839246,3.45301442924729
10.4848478129927,498.13903677563,3.57283611002516
559.798956255246,44.489749145543,4.20656333011758
70.9918068687611,378.592134156906,3.91119395189864
228.182351804241,412.025551107957,3.96603364620104
428.268590966294,11.2295743741614,3.40541155014634
359.330178963164,293.516934381181,3.05717656771724
603.731158875262,104.358725594892,4.24264645006597
395.362236824607,225.19088115703,4.26674952239374
571.365586205848,413.898633912027,4.75965896662798
142.507098586498,282.025636709707,4.56120189051312
194.84998686092,371.903688501152,3.93331400675449
128.948145783654,410.057582141782,3.52028821132487
626.51414926938,318.095243711741,4.55558073950562
2.65533597836629,147.186038474361,4.31830130179699
543.66432342434,203.589975534003,4.19058423346175
32.7498741645022,489.666046724261,2.9497600865506
278.632122676942,23.5956777938197,3.79325833658019
535.287734638195,393.461074993478,3.57540025549144
74.57814254017,79.8792278762833,5.2280736556672
2.33925352194409,76.9665187821285,3.5316116889847
590.748764397598,229.09573983001,3.92065505098997
440.949347619827,459.501111018013,4.73540561504634
661.228718998916,375.07423268606,2.97578192055452
107.974046352567,485.652056830924,4.32517047785051
625.340636204897,91.2715841661848,4.11158457609965
421.087633810223,258.947440490249,3.45937856672911
11.3271810152979,180.016036328374,3.11043158621211
72.3482198474321,115.956422559481,4.41179680392964
589.11993056491,199.826261940269,4.18227323441726
255.854761603305,216.292508196884,3.78244348401807
577.041524171426,428.726791404954,3.85143115524243
302.956943840638,135.913752947656,3.90750503462152
529.288673220929,455.545925591897,3.3998574713085
40.5576333288198,422.286327214267,3.56897310808696
192.266563908824,292.975275435677,3.60446154443237
543.231466638969,275.908908695024,3.9429367032764
168.415844230499,25.5896306701529,4.3468506811158
513.882580725756,339.368784820851,4.6012189212089
40.6819159934429,45.9512891598347,3.76318576160618
548.179897228525,150.026061611833,4.80706592088017
NA,NA,NA
660.16294623325,333.498794447483,3.51670464999706
459.618389036904,296.445818839246,3.45301442924729
10.4848478129927,498.13903677563,3.57283611002516
559.798956255246,44.489749145543,4.20656333011758
70.9918068687611,378.592134156906,3.91119395189864
228.182351804241,412.025551107957,3.96603364620104
428.268590966294,11.2295743741614,3.40541155014634
359.330178963164,293.516934381181,3.05717656771724
603.731158875262,104.358725594892,4.24264645006597
395.362236824607,225.19088115703,4.26674952239374
571.365586205848,413.898633912027,4.75965896662798
142.507098586498,282.025636709707,4.56120189051312
194.84998686092,371.903688501152,3.93331400675449
128.948145783654,410.057582141782,3.52028821132487
626.51414926938,318.095243711741,4.55558073950562
2.65533597836629,147.186038474361,4.31830130179699
543.66432342434,203.589975534003,4.19058423346175
32.7498741645022,489.666046724261,2.9497600865506
278.632122676942,23.5956777938197,3.79325833658019
535.287734638195,393.461074993478,3.57540025549144
74.57814254017,79.8792278762833,5.2280736556672
2.33925352194409,76.9665187821285,3.5316116889847
590.748764397598,229.09573983001,3.92065505098997
440.949347619827,459.501111018013,4.73540561504634
661.228718998916,375.07423268606,2.97578192055452
107.974046352567,485.652056830924,4.32517047785051
625.340636204897,91.2715841661848,4.11158457609965
421.087633810223,258.947440490249,3.45937856672911
11.3271810152979,180.016036328374,3.11043158621211
72.3482198474321,115.956422559481,4.41179680392964
589.11993056491,199.826261940269,4.18227323441726
255.854761603305,216.292508196884,3.78244348401807
577.041524171426,428.726791404954,3.85143115524243
302.956943840638,135.913752947656,3.90750503462152
529.288673220929,455.545925591897,3.3998574713085
40.5576333288198,422.286327214267,3.56897310808696
192.266563908824,292.975275435677,3.60446154443237
543.231466638969,275.908908695024,3.9429367032764
168.415844230499,25.5896306701529,4.3468506811158
513.882580725756,339.368784820851,4.6012189212089
40.6819159934429,45.9512891598347,3.76318576160618
548.179897228525,150.026061611833,4.80706592088017
NA,NA,NA
660.16294623325,333.498794447483,3.51670464999706
459.618389036904,296.445818839246,3.45301442924729
10.4848478129927,498.13903677563,3.57283611002516
559.798956255246,44.489749145543,4.20656333011758
70.9918068687611,378.592134156906,3.91119395189864
228.182351804241,412.025551107957,3.96603364620104
428.268590966294,11.2295743741614,3.40541155014634
359.330178963164,293.516934381181,3.05717656771724
603.731158875262,104.358725594892,4.24264645006597
395.362236824607,225.19088115703,4.26674952239374
571.365586205848,413.898633912027,4.75965896662798
142.507098586498,282.025636709707,4.56120189051312
194.84998686092,371.903688501152,3.93331400675449
128.948145783654,410.057582141782,3.52028821132487
626.51414926938,318.095243711741,4.55558073950562
2.65533597836629,147.186038474361,4.31830130179699
543.66432342434,203.589975534003,4.19058423346175
32.7498741645022,489.666046724261,2.9497600865506
278.632122676942,23.5956777938197,3.79325833658019
535.287734638195,393.461074993478,3.57540025549144
74.57814254017,79.8792278762833,5.2280736556672
2.33925352194409,76.9665187821285,3.5316116889847
590.748764397598,229.09573983001,3.92065505098997
440.949347619827,459.501111018013,4.73540561504634
661.228718998916,375.07423268606,2.97578192055452
107.974046352567,485.652056830924,4.32517047785051
625.340636204897,91.2715841661848,4.11158457609965
421.087633810223,258.947440490249,3.45937856672911
11.3271810152979,180.016036328374,3.11043158621211
72.3482198474321,115.956422559481,4.41179680392964
589.11993056491,199.826261940269,4.18227323441726
255.854761603305,216.292508196884,3.78244348401807
577.041524171426,428.726791404954,3.85143115524243
302.956943840638,135.913752947656,3.90750503462152
529.288673220929,455.545925591897,3.3998574713085
40.5576333288198,422.286327214267,3.56897310808696
192.266563908824,292.975275435677,3.60446154443237
543.231466638969,275.908908695024,3.9429367032764
168.415844230499,25.5896306701529,4.3468506811158
513.882580725756,339.368784820851,4.6012189212089
40.6819159934429,45.9512891598347,3.76318576160618
548.179897228525,150.026061611833,4.80706592088017
NA,NA,NA
659.187051104636,331.872030817996,3.48171803729845
455.71793141205,295.870273684789,3.66283987024076
11.2345086825636,495.824448999207,3.61251279198918
558.562541137816,53.5679751048904,4.25281655021898
73.1600539450789,373.973066887875,4.01223967706175
222.597843988281,412.457078596384,3.78821624566837
428.154238788954,13.613076601795,3.25723014084596
360.489809259541,294.441865466299,3.07427220235882
609.274609228727,106.756549155993,4.21485694952133
390.187503204528,234.67295813782,4.24169050948087
572.466150463204,408.153009081556,4.70524486748662
144.193356168428,278.279210781861,4.49651951895473
196.08150467087,374.491064342259,4.0543748969878
126.079984224779,413.138616296502,3.35310926910654
626.274110045931,311.43675031697,4.57569598053702
-2.69461747214013,149.607810144448,4.36902529247373
545.705557007133,201.171812439734,4.07245161965431
34.5918721894269,490.151155486995,2.96651900083696
279.493395721299,21.364204319394,3.83160278754654
536.087352988505,392.483358159992,3.41464904696945
77.5907074278219,74.6329387436488,5.20552591126089
6.02022157853871,79.8141634021397,3.60519920693613
592.932385632152,227.101886002565,4.13893302824119
440.181178513641,460.527207341412,4.85898021455925
659.228088210038,372.13485463619,2.84602023425254
105.888145925337,484.265590008547,4.32442132806029
624.923646588598,90.997454596314,4.0626579016636
420.6513612915,260.373882336154,3.61732695027638
10.474915739518,183.077296253711,3.02458477109194
59.5328002722824,132.766368209892,4.35109014384149
596.745968124439,209.464136656658,4.30956852030342
263.159081550185,216.331337655192,3.97694534689698
570.417201331888,433.745410734461,4.00233756526036
299.376900147944,136.462595683787,3.87352586189491
529.922772943064,456.378883291109,3.90691655658856
39.9256406822648,415.42531326808,3.59957483118316
204.396143178975,281.323001646767,4.07959079094199
545.735887616501,266.010638261694,4.11452621424886
171.394830482161,25.4513807247445,4.54184611494408
504.8689714022,342.904734870611,4.62125799904162
34.5341429046749,48.0274644795072,3.33496522672244
532.310740865417,147.465621987643,4.48266290802747
NA,NA,NA
659.187051104636,331.872030817996,3.48171803729845
455.71793141205,295.870273684789,3.66283987024076
11.2345086825636,495.824448999207,3.61251279198918
558.562541137816,53.5679751048904,4.25281655021898
73.1600539450789,373.973066887875,4.01223967706175
222.597843988281,412.457078596384,3.78821624566837
428.154238788954,13.613076601795,3.25723014084596
360.489809259541,294.441865466299,3.07427220235882
609.274609228727,106.756549155993,4.21485694952133
390.187503204528,234.67295813782,4.24169050948087
572.466150463204,408.153009081556,4.70524486748662
144.193356168428,278.279210781861,4.49651951895473
196.08150467087,374.491064342259,4.0543748969878
126.079984224779,413.138616296502,3.35310926910654
626.274110045931,311.43675031697,4.57569598053702
-2.69461747214013,149.607810144448,4.36902529247373
545.705557007133,201.171812439734,4.07245161965431
34.5918721894269,490.151155486995,2.96651900083696
279.493395721299,21.364204319394,3.83160278754654
536.087352988505,392.483358159992,3.41464904696945
77.5907074278219,74.6329387436488,5.20552591126089
6.02022157853871,79.8141634021397,3.60519920693613
592.932385632152,227.101886002565,4.13893302824119
440.181178513641,460.527207341412,4.85898021455925
659.228088210038,372.13485463619,2.84602023425254
105.888145925337,484.265590008547,4.32442132806029
624.923646588598,90.997454596314,4.0626579016636
420.6513612915,260.373882336154,3.61732695027638
10.474915739518,183.077296253711,3.02458477109194
59.5328002722824,132.766368209892,4.35109014384149
596.745968124439,209.464136656658,4.30956852030342
263.159081550185,216.331337655192,3.97694534689698
570.417201331888,433.745410734461,4.00233756526036
299.376900147944,136.462595683787,3.87352586189491
529.922772943064,456.378883291109,3.90691655658856
39.9256406822648,415.42531326808,3.59957483118316
204.396143178975,281.323001646767,4.07959079094199
545.735887616501,266.010638261694,4.11452621424886
171.394830482161,25.4513807247445,4.54184611494408
504.8689714022,342.904734870611,4.62125799904162
34.5341429046749,48.0274644795072,3.33496522672244
532.310740865417,147.465621987643,4.48266290802747
NA,NA,NA
659.187051104636,331.872030817996,3.48171803729845
455.71793141205,295.870273684789,3.66283987024076
11.2345086825636,495.824448999207,3.61251279198918
558.562541137816,53.5679751048904,4.25281655021898
73.1600539450789,373.973066887875,4.01223967706175
222.597843988281,412.457078596384,3.78821624566837
428.154238788954,13.613076601795,3.25723014084596
360.489809259541,294.441865466299,3.07427220235882
609.274609228727,106.756549155993,4.21485694952133
390.187503204528,234.67295813782,4.24169050948087
572.466150463204,408.153009081556,4.70524486748662
144.193356168428,278.279210781861,4.49651951895473
196.08150467087,374.491064342259,4.0543748969878
126.079984224779,413.138616296502,3.35310926910654
626.274110045931,311.43675031697,4.57569598053702
-2.69461747214013,149.607810144448,4.36902529247373
545.705557007133,201.171812439734,4.07245161965431
34.5918721894269,490.151155486995,2.96651900083696
279.493395721299,21.364204319394,3.83160278754654
536.087352988505,392.483358159992,3.41464904696945
77.5907074278219,74.6329387436488,5.20552591126089
6.02022157853871,79.8141634021397,3.60519920693613
592.932385632152,227.101886002565,4.13893302824119
440.181178513641,460.527207341412,4.85898021455925
659.228088210038,372.13485463619,2.84602023425254
105.888145925337,484.265590008547,4.32442132806029
624.923646588598,90.997454596314,4.0626579016636
420.6513612915,260.373882336154,3.61732695027638
10.474915739518,183.077296253711,3.02458477109194
59.5328002722824,132.766368209892,4.35109014384149
596.745968124439,209.464136656658,4.30956852030342
263.159081550185,216.331337655192,3.97694534689698
570.417201331888,433.745410734461,4.00233756526036
299.376900147944,136.462595683787,3.87352586189491
529.922772943064,456.378883291109,3.90691655658856
39.9256406822648,415.42531326808,3.59957483118316
204.396143178975,281.323001646767,4.07959079094199
545.735887616501,266.010638261694,4.11452621424886
171.394830482161,25.4513807247445,4.54184611494408
504.8689714022,342.904734870611,4.62125799904162
34.5341429046749,48.0274644795072,3.33496522672244
532.310740865417,147.465621987643,4.48266290802747
NA,NA,NA
659.187051104636,331.872030817996,3.48171803729845
455.71793141205,295.870273684789,3.66283987024076
11.2345086825636,495.824448999207,3.61251279198918
558.562541137816,53.5679751048904,4.25281655021898
73.1600539450789,373.973066887875,4.01223967706175
222.597843988281,412.457078596384,3.78821624566837
428.154238788954,13.613076601795,3.25723014084596
360.489809259541,294.441865466299,3.07427220235882
609.274609228727,106.756549155993,4.21485694952133
390.187503204528,234.67295813782,4.24169050948087
572.466150463204,408.153009081556,4.70524486748662
144.193356168428,278.279210781861,4.49651951895473
196.08150467087,374.491064342259,4.0543748969878
126.079984224779,413.138616296502,3.35310926910654
626.274110045931,311.43675031697,4.57569598053702
-2.69461747214013,149.607810144448,4.36902529247373
545.705557007133,201.171812439734,4.07245161965431
34.5918721894269,490.151155486995,2.96651900083696
279.493395721299,21.364204319394,3.83160278754654
536.087352988505,392.483358159992,3.41464904696945
77.5907074278219,74.6329387436488,5.20552591126089
6.02022157853871,79.8141634021397,3.60519920693613
592.932385632152,227.101886002565,4.13893302824119
440.181178513641,460.527207341412,4.85898021455925
659.228088210038,372.13485463619,2.84602023425254
105.888145925337,484.265590008547,4.32442132806029
624.923646588598,90.997454596314,4.0626579016636
420.6513612915,260.373882336154,3.61732695027638
10.474915739518,183.077296253711,3.02458477109194
59.5328002722824,132.766368209892,4.35109014384149
596.745968124439,209.464136656658,4.30956852030342
263.159081550185,216.331337655192,3.97694534689698
570.417201331888,433.745410734461,4.00233756526036
299.376900147944,136.462595683787,3.87352586189491
529.922772943064,456.378883291109,3.90691655658856
39.9256406822648,415.42531326808,3.59957483118316
204.396143178975,281.323001646767,4.07959079094199
545.735887616501,266.010638261694,4.11452621424886
171.394830482161,25.4513807247445,4.54184611494408
504.8689714022,342.904734870611,4.62125799904162
34.5341429046749,48.0274644795072,3.33496522672244
532.310740865417,147.465621987643,4.48266290802747
NA,NA,NA
659.187051104636,331.872030817996,3.48171803729845
455.71793141205,295.870273684789,3.66283987024076
11.2345086825636,495.824448999207,3.61251279198918
558.562541137816,53.5679751048904,4.25281655021898
73.1600539450789,373.973066887875,4.01223967706175
222.597843988281,412.457078596384,3.78821624566837
428.154238788954,13.613076601795,3.25723014084596
360.489809259541,294.441865466299,3.07427220235882
609.274609228727,106.756549155993,4.21485694952133
390.187503204528,234.67295813782,4.24169050948087
572.466150463204,408.153009081556,4.70524486748662
144.193356168428,278.279210781861,4.49651951895473
196.08150467087,374.491064342259,4.0543748969878
126.079984224779,413.138616296502,3.35310926910654
626.274110045931,311.43675031697,4.57569598053702
-2.69461747214013,149.607810144448,4.36902529247373
545.705557007133,201.171812439734,4.07245161965431
34.5918721894269,490.151155486995,2.96651900083696
279.493395721299,21.364204319394,3.83160278754654
536.087352988505,392.483358159992,3.41464904696945
77.5907074278219,74.6329387436488,5.20552591126089
6.02022157853871,79.8141634021397,3.60519920693613
592.932385632152,227.101886002565,4.13893302824119
440.181178513641,460.527207341412,4.85898021455925
659.228088210038,372.13485463619,2.84602023425254
105.888145925337,484.265590008547,4.32442132806029
624.923646588598,90.997454596314,4.0626579016636
420.6513612915,260.373882336154,3.61732695027638
10.474915739518,183.077296253711,3.02458477109194
59.5328002722824,132.766368209892,4.35109014384149
596.745968124439,209.464136656658,4.30956852030342
263.159081550185,216.331337655192,3.97694534689698
570.417201331888,433.745410734461,4.00233756526036
299.376900147944,136.462595683787,3.87352586189491
529.922772943064,456.378883291109,3.90691655658856
39.9256406822648,415.42531326808,3.59957483118316
204.396143178975,281.323001646767,4.07959079094199
545.735887616501,266.010638261694,4.11452621424886
171.394830482161,25.4513807247445,4.54184611494408
504.8689714022,342.904734870611,4.62125799904162
34.5341429046749,48.0274644795072,3.33496522672244
532.310740865417,147.465621987643,4.48266290802747
NA,NA,NA
659.187051104636,331.872030817996,3.48171803729845
455.71793141205,295.870273684789,3.66283987024076
11.2345086825636,495.824448999207,3.61251279198918
558.562541137816,53.5679751048904,4.25281655021898
73.1600539450789,373.973066887875,4.01223967706175
222.597843988281,412.457078596384,3.78821624566837
428.154238788954,13.613076601795,3.25723014084596
360.489809259541,294.441865466299,3.07427220235882
609.274609228727,106.756549155993,4.21485694952133
390.187503204528,234.67295813782,4.24169050948087
572.466150463204,408.153009081556,4.70524486748662
144.193356168428,278.279210781861,4.49651951895473
196.08150467087,374.491064342259,4.0543748969878
126.079984224779,413.138616296502,3.35310926910654
626.274110045931,311.43675031697,4.57569598053702
-2.69461747214013,149.607810144448,4.36902529247373
545.705557007133,201.171812439734,4.07245161965431
34.5918721894269,490.151155486995,2.96651900083696
279.493395721299,21.364204319394,3.83160278754654
536.087352988505,392.483358159992,3.41464904696945
77.5907074278219,74.6329387436488,5.20552591126089
6.02022157853871,79.8141634021397,3.60519920693613
592.932385632152,227.101886002565,4.13893302824119
440.181178513641,460.527207341412,4.85898021455925
659.228088210038,372.13485463619,2.84602023425254
105.888145925337,484.265590008547,4.32442132806029
624.923646588598,90.997454596314,4.0626579016636
420.6513612915,260.373882336154,3.61732695027638
10.474915739518,183.077296253711,3.02458477109194
59.5328002722824,132.766368209892,4.35109014384149
596.745968124439,209.464136656658,4.30956852030342
263.159081550185,216.331337655192,3.97694534689698
570.417201331888,433.745410734461,4.00233756526036
299.376900147944,136.462595683787,3.87352586189491
529.922772943064,456.378883291109,3.90691655658856
39.9256406822648,415.42531326808,3.59957483118316
204.396143178975,281.323001646767,4.07959079094199
545.735887616501,266.010638261694,4.11452621424886
171.394830482161,25.4513807247445,4.54184611494408
504.8689714022,342.904734870611,4.62125799904162
34.5341429046749,48.0274644795072,3.33496522672244
532.310740865417,147.465621987643,4.48266290802747
NA,NA,NA
660.92573738636,336.409502049227,3.51333810922088
455.299773583684,294.117340694258,3.79196743896686
9.47937336935785,495.920345668439,3.54455431795853
565.951041147349,50.3892208668625,4.17348720329523
73.6785376340871,376.63980395932,3.98347375973341
229.35953950662,410.769436093621,3.86888339404399
429.704944996013,12.5365518424362,3.34959270524345
361.247125045993,294.181164652749,3.15378771292855
601.906880528232,107.529684206094,4.12821466578757
395.644619469367,228.91287535403,4.13317024090802
569.863817758688,404.172233937741,4.7692971818135
146.966465923824,281.895913943927,4.62451269716294
197.883319791356,368.198812420091,3.98440172975548
125.939602774016,410.037817852645,3.3993967376899
620.717887954833,315.058647688257,4.64073626231788
-0.713025870535806,154.413085926897,4.31422401654258
544.540388845604,205.373563108261,3.96663652794971
33.8979893380983,490.445724416822,3.18051570231273
276.083461276228,25.291516375277,3.83637134490736
535.397225275442,393.72282062016,3.33159604898373
68.1994626986795,73.8643065129278,5.31892994170112
2.42974258976231,77.7313216648912,3.55975077567126
590.320821014268,227.344871596556,3.97743302100622
442.271804163333,458.059015614776,4.84886962958116
660.028309758008,373.470161865458,2.94490149406718
104.486220758679,488.657963720657,4.46824149114156
622.782986812871,90.68200220628,4.05339549753909
417.12956993635,262.028907643167,3.66702566014424
10.8044722539767,180.403884517355,3.22299169585923
62.7759128710294,119.535669694094,4.45650630595888
596.028981687566,195.471975851932,4.30831367748526
256.770356981046,216.989329358189,3.69669154395935
566.97160654528,428.695359701008,3.89824865282274
295.192666724997,135.832383793968,3.91671839570221
532.659479706084,455.882890131015,3.51900860701507
45.6872336532059,425.405685622861,3.99344707165313
188.538839257079,271.795518322372,3.96963227520409
554.837078228267,255.038857008972,3.73388881077601
161.025439706721,22.6615870761212,4.05206959411924
496.928836845853,347.329402578924,4.66288099659566
32.1407409366952,50.8576742269832,3.87060755937626
539.547135200858,136.925056489775,4.59103754727632
NA,NA,NA
660.92573738636,336.409502049227,3.51333810922088
455.299773583684,294.117340694258,3.79196743896686
9.47937336935785,495.920345668439,3.54455431795853
565.951041147349,50.3892208668625,4.17348720329523
73.6785376340871,376.63980395932,3.98347375973341
229.35953950662,410.769436093621,3.86888339404399
429.704944996013,12.5365518424362,3.34959270524345
361.247125045993,294.181164652749,3.15378771292855
601.906880528232,107.529684206094,4.12821466578757
395.644619469367,228.91287535403,4.13317024090802
569.863817758688,404.172233937741,4.7692971818135
146.966465923824,281.895913943927,4.62451269716294
197.883319791356,368.198812420091,3.98440172975548
125.939602774016,410.037817852645,3.3993967376899
620.717887954833,315.058647688257,4.64073626231788
-0.713025870535806,154.413085926897,4.31422401654258
544.540388845604,205.373563108261,3.96663652794971
33.8979893380983,490.445724416822,3.18051570231273
276.083461276228,25.291516375277,3.83637134490736
535.397225275442,393.72282062016,3.33159604898373
68.1994626986795,73.8643065129278,5.31892994170112
2.42974258976231,77.7313216648912,3.55975077567126
590.320821014268,227.344871596556,3.97743302100622
442.271804163333,458.059015614776,4.84886962958116
660.028309758008,373.470161865458,2.94490149406718
104.486220758679,488.657963720657,4.46824149114156
622.782986812871,90.68200220628,4.05339549753909
417.12956993635,262.028907643167,3.66702566014424
10.8044722539767,180.403884517355,3.22299169585923
62.7759128710294,119.535669694094,4.45650630595888
596.028981687566,195.471975851932,4.30831367748526
256.770356981046,216.989329358189,3.69669154395935
566.97160654528,428.695359701008,3.89824865282274
295.192666724997,135.832383793968,3.91671839570221
532.659479706084,455.882890131015,3.51900860701507
45.6872336532059,425.405685622861,3.99344707165313
188.538839257079,271.795518322372,3.96963227520409
554.837078228267,255.038857008972,3.73388881077601
161.025439706721,22.6615870761212,4.05206959411924
496.928836845853,347.329402578924,4.66288099659566
32.1407409366952,50.8576742269832,3.87060755937626
539.547135200858,136.925056489775,4.59103754727632
NA,NA,NA
660.92573738636,336.409502049227,3.51333810922088
455.299773583684,294.117340694258,3.79196743896686
9.47937336935785,495.920345668439,3.54455431795853
565.951041147349,50.3892208668625,4.17348720329523
73.6785376340871,376.63980395932,3.98347375973341
229.35953950662,410.769436093621,3.86888339404399
429.704944996013,12.5365518424362,3.34959270524345
361.247125045993,294.181164652749,3.15378771292855
601.906880528232,107.529684206094,4.12821466578757
395.644619469367,228.91287535403,4.13317024090802
569.863817758688,404.172233937741,4.7692971818135
146.966465923824,281.895913943927,4.62451269716294
197.883319791356,368.198812420091,3.98440172975548
125.939602774016,410.037817852645,3.3993967376899
620.717887954833,315.058647688257,4.64073626231788
-0.713025870535806,154.413085926897,4.31422401654258
544.540388845604,205.373563108261,3.96663652794971
33.8979893380983,490.445724416822,3.18051570231273
276.083461276228,25.291516375277,3.83637134490736
535.397225275442,393.72282062016,3.33159604898373
68.1994626986795,73.8643065129278,5.31892994170112
2.42974258976231,77.7313216648912,3.55975077567126
590.320821014268,227.344871596556,3.97743302100622
442.271804163333,458.059015614776,4.84886962958116
660.028309758008,373.470161865458,2.94490149406718
104.486220758679,488.657963720657,4.46824149114156
622.782986812871,90.68200220628,4.05339549753909
417.12956993635,262.028907643167,3.66702566014424
10.8044722539767,180.403884517355,3.22299169585923
62.7759128710294,119.535669694094,4.45650630595888
596.028981687566,195.471975851932,4.30831367748526
256.770356981046,216.989329358189,3.69669154395935
566.97160654528,428.695359701008,3.89824865282274
295.192666724997,135.832383793968,3.91671839570221
532.659479706084,455.882890131015,3.51900860701507
45.6872336532059,425.405685622861,3.99344707165313
188.538839257079,271.795518322372,3.96963227520409
554.837078228267,255.038857008972,3.73388881077601
161.025439706721,22.6615870761212,4.05206959411924
496.928836845853,347.329402578924,4.66288099659566
32.1407409366952,50.8576742269832,3.87060755937626
539.547135200858,136.925056489775,4.59103754727632
NA,NA,NA
660.92573738636,336.409502049227,3.51333810922088
455.299773583684,294.117340694258,3.79196743896686
9.47937336935785,495.920345668439,3.54455431795853
565.951041147349,50.3892208668625,4.17348720329523
73.6785376340871,376.63980395932,3.98347375973341
229.35953950662,410.769436093621,3.86888339404399
429.704944996013,12.5365518424362,3.34959270524345
361.247125045993,294.181164652749,3.15378771292855
601.906880528232,107.529684206094,4.12821466578757
395.644619469367,228.91287535403,4.13317024090802
569.863817758688,404.172233937741,4.7692971818135
146.966465923824,281.895913943927,4.62451269716294
197.883319791356,368.198812420091,3.98440172975548
125.939602774016,410.037817852645,3.3993967376899
620.717887954833,315.058647688257,4.64073626231788
-0.713025870535806,154.413085926897,4.31422401654258
544.540388845604,205.373563108261,3.96663652794971
33.8979893380983,490.445724416822,3.18051570231273
276.083461276228,25.291516375277,3.83637134490736
535.397225275442,393.72282062016,3.33159604898373
68.1994626986795,73.8643065129278,5.31892994170112
2.42974258976231,77.7313216648912,3.55975077567126
590.320821014268,227.344871596556,3.97743302100622
442.271804163333,458.059015614776,4.84886962958116
660.028309758008,373.470161865458,2.94490149406718
104.486220758679,488.657963720657,4.46824149114156
622.782986812871,90.68200220628,4.05339549753909
417.12956993635,262.028907643167,3.66702566014424
10.8044722539767,180.403884517355,3.22299169585923
62.7759128710294,119.535669694094,4.45650630595888
596.028981687566,195.471975851932,4.30831367748526
256.770356981046,216.989329358189,3.69669154395935
566.97160654528,428.695359701008,3.89824865282274
295.192666724997,135.832383793968,3.91671839570221
532.659479706084,455.882890131015,3.51900860701507
45.6872336532059,425.405685622861,3.99344707165313
188.538839257079,271.795518322372,3.96963227520409
554.837078228267,255.038857008972,3.73388881077601
161.025439706721,22.6615870761212,4.05206959411924
496.928836845853,347.329402578924,4.66288099659566
32.1407409366952,50.8576742269832,3.87060755937626
539.547135200858,136.925056489775,4.59103754727632
NA,NA,NA
660.92573738636,336.409502049227,3.51333810922088
455.299773583684,294.117340694258,3.79196743896686
9.47937336935785,495.920345668439,3.54455431795853
565.951041147349,50.3892208668625,4.17348720329523
73.6785376340871,376.63980395932,3.98347375973341
229.35953950662,410.769436093621,3.86888339404399
429.704944996013,12.5365518424362,3.34959270524345
361.247125045993,294.181164652749,3.15378771292855
601.906880528232,107.529684206094,4.12821466578757
395.644619469367,228.91287535403,4.13317024090802
569.863817758688,404.172233937741,4.7692971818135
146.966465923824,281.895913943927,4.62451269716294
197.883319791356,368.198812420091,3.98440172975548
125.939602774016,410.037817852645,3.3993967376899
620.717887954833,315.058647688257,4.64073626231788
-0.713025870535806,154.413085926897,4.31422401654258
544.540388845604,205.373563108261,3.96663652794971
33.8979893380983,490.445724416822,3.18051570231273
276.083461276228,25.291516375277,3.83637134490736
535.397225275442,393.72282062016,3.33159604898373
68.1994626986795,73.8643065129278,5.31892994170112
2.42974258976231,77.7313216648912,3.55975077567126
590.320821014268,227.344871596556,3.97743302100622
442.271804163333,458.059015614776,4.84886962958116
660.028309758008,373.470161865458,2.94490149406718
104.486220758679,488.657963720657,4.46824149114156
622.782986812871,90.68200220628,4.05339549753909
417.12956993635,262.028907643167,3.66702566014424
10.8044722539767,180.403884517355,3.22299169585923
62.7759128710294,119.535669694094,4.45650630595888
596.028981687566,195.471975851932,4.30831367748526
256.770356981046,216.989329358189,3.69669154395935
566.97160654528,428.695359701008,3.89824865282274
295.192666724997,135.832383793968,3.91671839570221
532.659479706084,455.882890131015,3.51900860701507
45.6872336532059,425.405685622861,3.99344707165313
188.538839257079,271.795518322372,3.96963227520409
554.837078228267,255.038857008972,3.73388881077601
161.025439706721,22.6615870761212,4.05206959411924
496.928836845853,347.329402578924,4.66288099659566
32.1407409366952,50.8576742269832,3.87060755937626
539.547135200858,136.925056489775,4.59103754727632
NA,NA,NA
660.92573738636,336.409502049227,3.51333810922088
455.299773583684,294.117340694258,3.79196743896686
9.47937336935785,495.920345668439,3.54455431795853
565.951041147349,50.3892208668625,4.17348720329523
73.6785376340871,376.63980395932,3.98347375973341
229.35953950662,410.769436093621,3.86888339404399
429.704944996013,12.5365518424362,3.34959270524345
361.247125045993,294.181164652749,3.15378771292855
601.906880528232,107.529684206094,4.12821466578757
395.644619469367,228.91287535403,4.13317024090802
569.863817758688,404.172233937741,4.7692971818135
146.966465923824,281.895913943927,4.62451269716294
197.883319791356,368.198812420091,3.98440172975548
125.939602774016,410.037817852645,3.3993967376899
620.717887954833,315.058647688257,4.64073626231788
-0.713025870535806,154.413085926897,4.31422401654258
544.540388845604,205.373563108261,3.96663652794971
33.8979893380983,490.445724416822,3.18051570231273
276.083461276228,25.291516375277,3.83637134490736
535.397225275442,393.72282062016,3.33159604898373
68.1994626986795,73.8643065129278,5.31892994170112
2.42974258976231,77.7313216648912,3.55975077567126
590.320821014268,227.344871596556,3.97743302100622
442.271804163333,458.059015614776,4.84886962958116
660.028309758008,373.470161865458,2.94490149406718
104.486220758679,488.657963720657,4.46824149114156
622.782986812871,90.68200220628,4.05339549753909
417.12956993635,262.028907643167,3.66702566014424
10.8044722539767,180.403884517355,3.22299169585923
62.7759128710294,119.535669694094,4.45650630595888
596.028981687566,195.471975851932,4.30831367748526
256.770356981046,216.989329358189,3.69669154395935
566.97160654528,428.695359701008,3.89824865282274
295.192666724997,135.832383793968,3.91671839570221
532.659479706084,455.882890131015,3.51900860701507
45.6872336532059,425.405685622861,3.99344707165313
188.538839257079,271.795518322372,3.96963227520409
554.837078228267,255.038857008972,3.73388881077601
161.025439706721,22.6615870761212,4.05206959411924
496.928836845853,347.329402578924,4.66288099659566
32.1407409366952,50.8576742269832,3.87060755937626
539.547135200858,136.925056489775,4.59103754727632
NA,NA,NA
660.375904958501,337.093346167743,3.44461975403051
455.007243763821,297.828844633631,3.58308001367115
10.6128341902495,494.129655476116,3.67265587215515
560.634518834128,47.1508832348509,4.18257369834871
71.7361944804771,372.175014890001,3.88894438654325
229.753213379404,415.770739183561,3.83570088129295
429.280593496973,11.5251477749412,3.2318541323079
361.578668506493,295.0700255448,3.01996102846587
606.267749072516,105.2100973457,4.33218412101822
391.125119613201,231.410515702401,4.28922761191845
568.975834262957,405.848313563224,4.74225521211185
140.599072514405,284.366986750076,4.63254986445128
193.133143807066,368.662975804755,4.04957283225318
121.57745016246,411.281627715505,3.4198529040535
633.042193409813,323.216150190964,4.58068289929404
-3.1456992370136,146.309717227848,4.29870251350061
542.056804660968,200.675497993912,4.30048699155748
33.3673921396992,491.931965296902,3.01861718290757
279.936091021471,22.5937362028062,4.05498589258648
533.927778923343,392.152736194513,3.43655179317413
73.505198587676,75.2892777426394,5.19837386518366
6.67599940887273,75.1858689260357,3.5547328908897
589.718222594501,227.266948620873,4.03056278888926
441.428870691865,459.942851155341,4.78901757205022
656.924681966158,373.172969752057,2.93650948452647
104.789985301864,483.958509921086,4.40187958216484
621.808347340698,89.0617732889061,4.10204547377244
421.594801961913,258.958556640257,3.63630142526053
10.8933039014852,180.966302402029,3.11119202632782
57.3566754533651,114.421484581025,4.58691397784814
606.879518863898,201.982028165343,4.32013477130725
254.656833370922,216.262649942462,3.87567798685929
579.204046081747,431.021763094388,3.8982839735833
299.225954520781,134.7550527565,4.03335979114301
529.780859842348,449.556952968709,3.98787208956395
47.7625144584937,420.743928854738,3.99734819443859
206.501140955956,279.843778998585,4.0121836852212
564.673911314601,261.447681708355,4.1794319750467
177.352460675018,25.3936028758501,4.39314187152118
502.982016329443,347.002476959771,4.67257983711282
36.5563005843802,54.2442654181163,3.88834340512491
499.109695056055,155.810806314009,4.57907819224206
NA,NA,NA
660.375904958501,337.093346167743,3.44461975403051
455.007243763821,297.828844633631,3.58308001367115
10.6128341902495,494.129655476116,3.67265587215515
560.634518834128,47.1508832348509,4.18257369834871
71.7361944804771,372.175014890001,3.88894438654325
229.753213379404,415.770739183561,3.83570088129295
429.280593496973,11.5251477749412,3.2318541323079
361.578668506493,295.0700255448,3.01996102846587
606.267749072516,105.2100973457,4.33218412101822
391.125119613201,231.410515702401,4.28922761191845
568.975834262957,405.848313563224,4.74225521211185
140.599072514405,284.366986750076,4.63254986445128
193.133143807066,368.662975804755,4.04957283225318
121.57745016246,411.281627715505,3.4198529040535
633.042193409813,323.216150190964,4.58068289929404
-3.1456992370136,146.309717227848,4.29870251350061
542.056804660968,200.675497993912,4.30048699155748
33.3673921396992,491.931965296902,3.01861718290757
279.936091021471,22.5937362028062,4.05498589258648
533.927778923343,392.152736194513,3.43655179317413
73.505198587676,75.2892777426394,5.19837386518366
6.67599940887273,75.1858689260357,3.5547328908897
589.718222594501,227.266948620873,4.03056278888926
441.428870691865,459.942851155341,4.78901757205022
656.924681966158,373.172969752057,2.93650948452647
104.789985301864,483.958509921086,4.40187958216484
621.808347340698,89.0617732889061,4.10204547377244
421.594801961913,258.958556640257,3.63630142526053
10.8933039014852,180.966302402029,3.11119202632782
57.3566754533651,114.421484581025,4.58691397784814
606.879518863898,201.982028165343,4.32013477130725
254.656833370922,216.262649942462,3.87567798685929
579.204046081747,431.021763094388,3.8982839735833
299.225954520781,134.7550527565,4.03335979114301
529.780859842348,449.556952968709,3.98787208956395
47.7625144584937,420.743928854738,3.99734819443859
206.501140955956,279.843778998585,4.0121836852212
564.673911314601,261.447681708355,4.1794319750467
177.352460675018,25.3936028758501,4.39314187152118
502.982016329443,347.002476959771,4.67257983711282
36.5563005843802,54.2442654181163,3.88834340512491
499.109695056055,155.810806314009,4.57907819224206
NA,NA,NA
660.375904958501,337.093346167743,3.44461975403051
455.007243763821,297.828844633631,3.58308001367115
10.6128341902495,494.129655476116,3.67265587215515
560.634518834128,47.1508832348509,4.18257369834871
71.7361944804771,372.175014890001,3.88894438654325
229.753213379404,415.770739183561,3.83570088129295
429.280593496973,11.5251477749412,3.2318541323079
361.578668506493,295.0700255448,3.01996102846587
606.267749072516,105.2100973457,4.33218412101822
391.125119613201,231.410515702401,4.28922761191845
568.975834262957,405.848313563224,4.74225521211185
140.599072514405,284.366986750076,4.63254986445128
193.133143807066,368.662975804755,4.04957283225318
121.57745016246,411.281627715505,3.4198529040535
633.042193409813,323.216150190964,4.58068289929404
-3.1456992370136,146.309717227848,4.29870251350061
542.056804660968,200.675497993912,4.30048699155748
33.3673921396992,491.931965296902,3.01861718290757
279.936091021471,22.5937362028062,4.05498589258648
533.927778923343,392.152736194513,3.43655179317413
73.505198587676,75.2892777426394,5.19837386518366
6.67599940887273,75.1858689260357,3.5547328908897
589.718222594501,227.266948620873,4.03056278888926
441.428870691865,459.942851155341,4.78901757205022
656.924681966158,373.172969752057,2.93650948452647
104.789985301864,483.958509921086,4.40187958216484
621.808347340698,89.0617732889061,4.10204547377244
421.594801961913,258.958556640257,3.63630142526053
10.8933039014852,180.966302402029,3.11119202632782
57.3566754533651,114.421484581025,4.58691397784814
606.879518863898,201.982028165343,4.32013477130725
254.656833370922,216.262649942462,3.87567798685929
579.204046081747,431.021763094388,3.8982839735833
299.225954520781,134.7550527565,4.03335979114301
529.780859842348,449.556952968709,3.98787208956395
47.7625144584937,420.743928854738,3.99734819443859
206.501140955956,279.843778998585,4.0121836852212
564.673911314601,261.447681708355,4.1794319750467
177.352460675018,25.3936028758501,4.39314187152118
502.982016329443,347.002476959771,4.67257983711282
36.5563005843802,54.2442654181163,3.88834340512491
499.109695056055,155.810806314009,4.57907819224206
NA,NA,NA
660.375904958501,337.093346167743,3.44461975403051
455.007243763821,297.828844633631,3.58308001367115
10.6128341902495,494.129655476116,3.67265587215515
560.634518834128,47.1508832348509,4.18257369834871
71.7361944804771,372.175014890001,3.88894438654325
229.753213379404,415.770739183561,3.83570088129295
429.280593496973,11.5251477749412,3.2318541323079
361.578668506493,295.0700255448,3.01996102846587
606.267749072516,105.2100973457,4.33218412101822
391.125119613201,231.410515702401,4.28922761191845
568.975834262957,405.848313563224,4.74225521211185
140.599072514405,284.366986750076,4.63254986445128
193.133143807066,368.662975804755,4.04957283225318
121.57745016246,411.281627715505,3.4198529040535
633.042193409813,323.216150190964,4.58068289929404
-3.1456992370136,146.309717227848,4.29870251350061
542.056804660968,200.675497993912,4.30048699155748
33.3673921396992,491.931965296902,3.01861718290757
279.936091021471,22.5937362028062,4.05498589258648
533.927778923343,392.152736194513,3.43655179317413
73.505198587676,75.2892777426394,5.19837386518366
6.67599940887273,75.1858689260357,3.5547328908897
589.718222594501,227.266948620873,4.03056278888926
441.428870691865,459.942851155341,4.78901757205022
656.924681966158,373.172969752057,2.93650948452647
104.789985301864,483.958509921086,4.40187958216484
621.808347340698,89.0617732889061,4.10204547377244
421.594801961913,258.958556640257,3.63630142526053
10.8933039014852,180.966302402029,3.11119202632782
57.3566754533651,114.421484581025,4.58691397784814
606.879518863898,201.982028165343,4.32013477130725
254.656833370922,216.262649942462,3.87567798685929
579.204046081747,431.021763094388,3.8982839735833
299.225954520781,134.7550527565,4.03335979114301
529.780859842348,449.556952968709,3.98787208956395
47.7625144584937,420.743928854738,3.99734819443859
206.501140955956,279.843778998585,4.0121836852212
564.673911314601,261.447681708355,4.1794319750467
177.352460675018,25.3936028758501,4.39314187152118
502.982016329443,347.002476959771,4.67257983711282
36.5563005843802,54.2442654181163,3.88834340512491
499.109695056055,155.810806314009,4.57907819224206
NA,NA,NA
660.375904958501,337.093346167743,3.44461975403051
455.007243763821,297.828844633631,3.58308001367115
10.6128341902495,494.129655476116,3.67265587215515
560.634518834128,47.1508832348509,4.18257369834871
71.7361944804771,372.175014890001,3.88894438654325
229.753213379404,415.770739183561,3.83570088129295
429.280593496973,11.5251477749412,3.2318541323079
361.578668506493,295.0700255448,3.01996102846587
606.267749072516,105.2100973457,4.33218412101822
391.125119613201,231.410515702401,4.28922761191845
568.975834262957,405.848313563224,4.74225521211185
140.599072514405,284.366986750076,4.63254986445128
193.133143807066,368.662975804755,4.04957283225318
121.57745016246,411.281627715505,3.4198529040535
633.042193409813,323.216150190964,4.58068289929404
-3.1456992370136,146.309717227848,4.29870251350061
542.056804660968,200.675497993912,4.30048699155748
33.3673921396992,491.931965296902,3.01861718290757
279.936091021471,22.5937362028062,4.05498589258648
533.927778923343,392.152736194513,3.43655179317413
73.505198587676,75.2892777426394,5.19837386518366
6.67599940887273,75.1858689260357,3.5547328908897
589.718222594501,227.266948620873,4.03056278888926
441.428870691865,459.942851155341,4.78901757205022
656.924681966158,373.172969752057,2.93650948452647
104.789985301864,483.958509921086,4.40187958216484
621.808347340698,89.0617732889061,4.10204547377244
421.594801961913,258.958556640257,3.63630142526053
10.8933039014852,180.966302402029,3.11119202632782
57.3566754533651,114.421484581025,4.58691397784814
606.879518863898,201.982028165343,4.32013477130725
254.656833370922,216.262649942462,3.87567798685929
579.204046081747,431.021763094388,3.8982839735833
299.225954520781,134.7550527565,4.03335979114301
529.780859842348,449.556952968709,3.98787208956395
47.7625144584937,420.743928854738,3.99734819443859
206.501140955956,279.843778998585,4.0121836852212
564.673911314601,261.447681708355,4.1794319750467
177.352460675018,25.3936028758501,4.39314187152118
502.982016329443,347.002476959771,4.67257983711282
36.5563005843802,54.2442654181163,3.88834340512491
499.109695056055,155.810806314009,4.57907819224206
NA,NA,NA
660.375904958501,337.093346167743,3.44461975403051
455.007243763821,297.828844633631,3.58308001367115
10.6128341902495,494.129655476116,3.67265587215515
560.634518834128,47.1508832348509,4.18257369834871
71.7361944804771,372.175014890001,3.88894438654325
229.753213379404,415.770739183561,3.83570088129295
429.280593496973,11.5251477749412,3.2318541323079
361.578668506493,295.0700255448,3.01996102846587
606.267749072516,105.2100973457,4.33218412101822
391.125119613201,231.410515702401,4.28922761191845
568.975834262957,405.848313563224,4.74225521211185
140.599072514405,284.366986750076,4.63254986445128
193.133143807066,368.662975804755,4.04957283225318
121.57745016246,411.281627715505,3.4198529040535
633.042193409813,323.216150190964,4.58068289929404
-3.1456992370136,146.309717227848,4.29870251350061
542.056804660968,200.675497993912,4.30048699155748
33.3673921396992,491.931965296902,3.01861718290757
279.936091021471,22.5937362028062,4.05498589258648
533.927778923343,392.152736194513,3.43655179317413
73.505198587676,75.2892777426394,5.19837386518366
6.67599940887273,75.1858689260357,3.5547328908897
589.718222594501,227.266948620873,4.03056278888926
441.428870691865,459.942851155341,4.78901757205022
656.924681966158,373.172969752057,2.93650948452647
104.789985301864,483.958509921086,4.40187958216484
621.808347340698,89.0617732889061,4.10204547377244
421.594801961913,258.958556640257,3.63630142526053
10.8933039014852,180.966302402029,3.11119202632782
57.3566754533651,114.421484581025,4.58691397784814
606.879518863898,201.982028165343,4.32013477130725
254.656833370922,216.262649942462,3.87567798685929
579.204046081747,431.021763094388,3.8982839735833
299.225954520781,134.7550527565,4.03335979114301
529.780859842348,449.556952968709,3.98787208956395
47.7625144584937,420.743928854738,3.99734819443859
206.501140955956,279.843778998585,4.0121836852212
564.673911314601,261.447681708355,4.1794319750467
177.352460675018,25.3936028758501,4.39314187152118
502.982016329443,347.002476959771,4.67257983711282
36.5563005843802,54.2442654181163,3.88834340512491
499.109695056055,155.810806314009,4.57907819224206
NA,NA,NA
660.117512385999,333.362303028499,3.52627397321021
457.972837618389,294.619490333657,3.69289876220978
9.40414007688674,490.287745336446,3.55212022876633
565.903171397583,48.99148085928,4.15519598243129
71.6112711080931,377.681297051246,4.044286619692
229.076288882467,415.784987079841,3.92843489498442
430.76639016169,12.8260041794737,3.35651209492935
361.346001868504,291.488343477145,3.0494852967315
608.416368067425,105.698690928238,4.34784610850866
392.096549460117,224.931695428715,4.12421981798588
562.902790847354,411.937122246004,4.67744197599045
136.660791195828,279.858805318756,4.61007451767031
200.953836823279,369.212663177905,3.9980389039697
125.367242872798,411.268297806643,3.34329529601081
625.376747950168,312.553056859514,4.58308628643756
-1.29989789191969,147.677272369616,4.24605689622111
546.528094885485,201.95587179934,4.2045998858825
34.7179696372382,492.132716312326,3.01071652168405
276.258616020552,23.1062601190973,3.83034357625019
533.033153321196,393.930866459857,3.41279731184078
64.4446514147028,70.8041030366621,5.24401449195079
7.50920286986391,74.2159682252674,3.47554724285316
588.422094569086,221.581087850443,3.98576579875265
441.460326014733,462.74007438359,4.79806019542517
659.068820394123,375.359787614832,2.80456796739255
105.135345910259,490.295179631611,4.32279829402567
625.203041345458,89.2197672585622,4.07349547274957
422.767104924187,257.178775177537,3.58111157719541
9.84494823349106,180.487148974157,3.29382626534876
63.235455631531,114.683600666746,4.31638837175878
618.139446246579,197.189085691111,4.12185854594611
248.855235571381,225.10180529095,3.65881630620846
571.710548721417,436.110989571413,3.80368616121944
304.329118201003,139.422651444103,3.6136762893319
531.267869377177,454.650420170682,3.69350206821589
37.0212334311913,413.684524201538,3.93656755441442
186.958328235413,287.12720155452,3.53606989031121
552.431911294026,262.153345745955,3.6087605469802
162.996478314903,29.8839901898527,4.35267434241283
500.030697347439,348.627494394868,4.64199841612484
31.8240964643618,50.6640781156407,4.52706228293119
522.565041947345,149.849571492524,4.47453944935792
NA,NA,NA
660.117512385999,333.362303028499,3.52627397321021
457.972837618389,294.619490333657,3.69289876220978
9.40414007688674,490.287745336446,3.55212022876633
565.903171397583,48.99148085928,4.15519598243129
71.6112711080931,377.681297051246,4.044286619692
229.076288882467,415.784987079841,3.92843489498442
430.76639016169,12.8260041794737,3.35651209492935
361.346001868504,291.488343477145,3.0494852967315
608.416368067425,105.698690928238,4.34784610850866
392.096549460117,224.931695428715,4.12421981798588
562.902790847354,411.937122246004,4.67744197599045
136.660791195828,279.858805318756,4.61007451767031
200.953836823279,369.212663177905,3.9980389039697
125.367242872798,411.268297806643,3.34329529601081
625.376747950168,312.553056859514,4.58308628643756
-1.29989789191969,147.677272369616,4.24605689622111
546.528094885485,201.95587179934,4.2045998858825
34.7179696372382,492.132716312326,3.01071652168405
276.258616020552,23.1062601190973,3.83034357625019
533.033153321196,393.930866459857,3.41279731184078
64.4446514147028,70.8041030366621,5.24401449195079
7.50920286986391,74.2159682252674,3.47554724285316
588.422094569086,221.581087850443,3.98576579875265
441.460326014733,462.74007438359,4.79806019542517
659.068820394123,375.359787614832,2.80456796739255
105.135345910259,490.295179631611,4.32279829402567
625.203041345458,89.2197672585622,4.07349547274957
422.767104924187,257.178775177537,3.58111157719541
9.84494823349106,180.487148974157,3.29382626534876
63.235455631531,114.683600666746,4.31638837175878
618.139446246579,197.189085691111,4.12185854594611
248.855235571381,225.10180529095,3.65881630620846
571.710548721417,436.110989571413,3.80368616121944
304.329118201003,139.422651444103,3.6136762893319
531.267869377177,454.650420170682,3.69350206821589
37.0212334311913,413.684524201538,3.93656755441442
186.958328235413,287.12720155452,3.53606989031121
552.431911294026,262.153345745955,3.6087605469802
162.996478314903,29.8839901898527,4.35267434241283
500.030697347439,348.627494394868,4.64199841612484
31.8240964643618,50.6640781156407,4.52706228293119
522.565041947345,149.849571492524,4.47453944935792
NA,NA,NA
660.117512385999,333.362303028499,3.52627397321021
457.972837618389,294.619490333657,3.69289876220978
9.40414007688674,490.287745336446,3.55212022876633
565.903171397583,48.99148085928,4.15519598243129
71.6112711080931,377.681297051246,4.044286619692
229.076288882467,415.784987079841,3.92843489498442
430.76639016169,12.8260041794737,3.35651209492935
361.346001868504,291.488343477145,3.0494852967315
608.416368067425,105.698690928238,4.34784610850866
392.096549460117,224.931695428715,4.12421981798588
562.902790847354,411.937122246004,4.67744197599045
136.660791195828,279.858805318756,4.61007451767031
200.953836823279,369.212663177905,3.9980389039697
125.367242872798,411.268297806643,3.34329529601081
625.376747950168,312.553056859514,4.58308628643756
-1.29989789191969,147.677272369616,4.24605689622111
546.528094885485,201.95587179934,4.2045998858825
34.7179696372382,492.132716312326,3.01071652168405
276.258616020552,23.1062601190973,3.83034357625019
533.033153321196,393.930866459857,3.41279731184078
64.4446514147028,70.8041030366621,5.24401449195079
7.50920286986391,74.2159682252674,3.47554724285316
588.422094569086,221.581087850443,3.98576579875265
441.460326014733,462.74007438359,4.79806019542517
659.068820394123,375.359787614832,2.80456796739255
105.135345910259,490.295179631611,4.32279829402567
625.203041345458,89.2197672585622,4.07349547274957
422.767104924187,257.178775177537,3.58111157719541
9.84494823349106,180.487148974157,3.29382626534876
63.235455631531,114.683600666746,4.31638837175878
618.139446246579,197.189085691111,4.12185854594611
248.855235571381,225.10180529095,3.65881630620846
571.710548721417,436.110989571413,3.80368616121944
304.329118201003,139.422651444103,3.6136762893319
531.267869377177,454.650420170682,3.69350206821589
37.0212334311913,413.684524201538,3.93656755441442
186.958328235413,287.12720155452,3.53606989031121
552.431911294026,262.153345745955,3.6087605469802
162.996478314903,29.8839901898527,4.35267434241283
500.030697347439,348.627494394868,4.64199841612484
31.8240964643618,50.6640781156407,4.52706228293119
522.565041947345,149.849571492524,4.47453944935792
NA,NA,NA
660.117512385999,333.362303028499,3.52627397321021
457.972837618389,294.619490333657,3.69289876220978
9.40414007688674,490.287745336446,3.55212022876633
565.903171397583,48.99148085928,4.15519598243129
71.6112711080931,377.681297051246,4.044286619692
229.076288882467,415.784987079841,3.92843489498442
430.76639016169,12.8260041794737,3.35651209492935
361.346001868504,291.488343477145,3.0494852967315
608.416368067425,105.698690928238,4.34784610850866
392.096549460117,224.931695428715,4.12421981798588
562.902790847354,411.937122246004,4.67744197599045
136.660791195828,279.858805318756,4.61007451767031
200.953836823279,369.212663177905,3.9980389039697
125.367242872798,411.268297806643,3.34329529601081
625.376747950168,312.553056859514,4.58308628643756
-1.29989789191969,147.677272369616,4.24605689622111
546.528094885485,201.95587179934,4.2045998858825
34.7179696372382,492.132716312326,3.01071652168405
276.258616020552,23.1062601190973,3.83034357625019
533.033153321196,393.930866459857,3.41279731184078
64.4446514147028,70.8041030366621,5.24401449195079
7.50920286986391,74.2159682252674,3.47554724285316
588.422094569086,221.581087850443,3.98576579875265
441.460326014733,462.74007438359,4.79806019542517
659.068820394123,375.359787614832,2.80456796739255
105.135345910259,490.295179631611,4.32279829402567
625.203041345458,89.2197672585622,4.07349547274957
422.767104924187,257.178775177537,3.58111157719541
9.84494823349106,180.487148974157,3.29382626534876
63.235455631531,114.683600666746,4.31638837175878
618.139446246579,197.189085691111,4.12185854594611
248.855235571381,225.10180529095,3.65881630620846
571.710548721417,436.110989571413,3.80368616121944
304.329118201003,139.422651444103,3.6136762893319
531.267869377177,454.650420170682,3.69350206821589
37.0212334311913,413.684524201538,3.93656755441442
186.958328235413,287.12720155452,3.53606989031121
552.431911294026,262.153345745955,3.6087605469802
162.996478314903,29.8839901898527,4.35267434241283
500.030697347439,348.627494394868,4.64199841612484
31.8240964643618,50.6640781156407,4.52706228293119
522.565041947345,149.849571492524,4.47453944935792
NA,NA,NA
660.117512385999,333.362303028499,3.52627397321021
457.972837618389,294.619490333657,3.69289876220978
9.40414007688674,490.287745336446,3.55212022876633
565.903171397583,48.99148085928,4.15519598243129
71.6112711080931,377.681297051246,4.044286619692
229.076288882467,415.784987079841,3.92843489498442
430.76639016169,12.8260041794737,3.35651209492935
361.346001868504,291.488343477145,3.0494852967315
608.416368067425,105.698690928238,4.34784610850866
392.096549460117,224.931695428715,4.12421981798588
562.902790847354,411.937122246004,4.67744197599045
136.660791195828,279.858805318756,4.61007451767031
200.953836823279,369.212663177905,3.9980389039697
125.367242872798,411.268297806643,3.34329529601081
625.376747950168,312.553056859514,4.58308628643756
-1.29989789191969,147.677272369616,4.24605689622111
546.528094885485,201.95587179934,4.2045998858825
34.7179696372382,492.132716312326,3.01071652168405
276.258616020552,23.1062601190973,3.83034357625019
533.033153321196,393.930866459857,3.41279731184078
64.4446514147028,70.8041030366621,5.24401449195079
7.50920286986391,74.2159682252674,3.47554724285316
588.422094569086,221.581087850443,3.98576579875265
441.460326014733,462.74007438359,4.79806019542517
659.068820394123,375.359787614832,2.80456796739255
105.135345910259,490.295179631611,4.32279829402567
625.203041345458,89.2197672585622,4.07349547274957
422.767104924187,257.178775177537,3.58111157719541
9.84494823349106,180.487148974157,3.29382626534876
63.235455631531,114.683600666746,4.31638837175878
618.139446246579,197.189085691111,4.12185854594611
248.855235571381,225.10180529095,3.65881630620846
571.710548721417,436.110989571413,3.80368616121944
304.329118201003,139.422651444103,3.6136762893319
531.267869377177,454.650420170682,3.69350206821589
37.0212334311913,413.684524201538,3.93656755441442
186.958328235413,287.12720155452,3.53606989031121
552.431911294026,262.153345745955,3.6087605469802
162.996478314903,29.8839901898527,4.35267434241283
500.030697347439,348.627494394868,4.64199841612484
31.8240964643618,50.6640781156407,4.52706228293119
522.565041947345,149.849571492524,4.47453944935792
NA,NA,NA
660.117512385999,333.362303028499,3.52627397321021
457.972837618389,294.619490333657,3.69289876220978
9.40414007688674,490.287745336446,3.55212022876633
565.903171397583,48.99148085928,4.15519598243129
71.6112711080931,377.681297051246,4.044286619692
229.076288882467,415.784987079841,3.92843489498442
430.76639016169,12.8260041794737,3.35651209492935
361.346001868504,291.488343477145,3.0494852967315
608.416368067425,105.698690928238,4.34784610850866
392.096549460117,224.931695428715,4.12421981798588
562.902790847354,411.937122246004,4.67744197599045
136.660791195828,279.858805318756,4.61007451767031
200.953836823279,369.212663177905,3.9980389039697
125.367242872798,411.268297806643,3.34329529601081
625.376747950168,312.553056859514,4.58308628643756
-1.29989789191969,147.677272369616,4.24605689622111
546.528094885485,201.95587179934,4.2045998858825
34.7179696372382,492.132716312326,3.01071652168405
276.258616020552,23.1062601190973,3.83034357625019
533.033153321196,393.930866459857,3.41279731184078
64.4446514147028,70.8041030366621,5.24401449195079
7.50920286986391,74.2159682252674,3.47554724285316
588.422094569086,221.581087850443,3.98576579875265
441.460326014733,462.74007438359,4.79806019542517
659.068820394123,375.359787614832,2.80456796739255
105.135345910259,490.295179631611,4.32279829402567
625.203041345458,89.2197672585622,4.07349547274957
422.767104924187,257.178775177537,3.58111157719541
9.84494823349106,180.487148974157,3.29382626534876
63.235455631531,114.683600666746,4.31638837175878
618.139446246579,197.189085691111,4.12185854594611
248.855235571381,225.10180529095,3.65881630620846
571.710548721417,436.110989571413,3.80368616121944
304.329118201003,139.422651444103,3.6136762893319
531.267869377177,454.650420170682,3.69350206821589
37.0212334311913,413.684524201538,3.93656755441442
186.958328235413,287.12720155452,3.53606989031121
552.431911294026,262.153345745955,3.6087605469802
162.996478314903,29.8839901898527,4.35267434241283
500.030697347439,348.627494394868,4.64199841612484
31.8240964643618,50.6640781156407,4.52706228293119
522.565041947345,149.849571492524,4.47453944935792
NA,NA,NA
660.435450289732,334.249255889126,3.46259848963688
455.359079291239,299.903704211288,3.65315486859166
12.5594294865891,495.262820937855,3.67076485271651
558.282270772482,51.4856312441892,4.18189559213675
72.2427811545905,378.895617327671,3.93490549966133
223.114507458688,415.127120781441,3.84786845571886
430.662632716945,11.7541241491992,3.29659934889912
360.626449720667,289.866416511245,3.20233906572982
603.426053829072,103.947888730826,4.13744933947574
390.559985061034,229.007243485811,4.28742981009837
570.248548137999,413.561966315417,4.72556791710726
143.396100196469,279.368635193555,4.6262352482623
197.839315161041,367.209504846939,4.06152745042184
126.634014874286,412.741559827666,3.44032513930975
624.783927755162,316.253869474848,4.46992696406338
3.53831459729178,146.851133506265,4.25123062449839
542.245832968544,201.242381082004,4.06237810976723
34.2027637632194,493.070389819114,3.01089898476787
284.385237519389,25.5200336609017,3.67556378127147
536.156405631003,388.951066069349,3.31134905969191
79.4539258120935,83.595332714734,5.09431272603463
4.78442973484528,78.2116002003467,3.5735782671625
588.667151557061,228.167249149479,3.97002593329155
437.35530663924,462.176833718587,4.7327311017288
662.133627891697,373.351254785276,3.21502468721444
102.046144587391,486.649062196135,4.37628140792125
621.58981118846,85.652602810149,4.08435946009354
419.560810386139,257.398394421332,3.64785880058022
12.4191173632404,183.787172533513,3.12839995539526
64.9157546538357,118.628799404099,4.68946838477993
611.316997209087,200.919840321262,4.33685084108235
252.231799683674,215.532943503043,3.97105829668779
577.627391688523,433.083732451003,3.68214367347845
294.483715155719,137.414808883049,3.8942125007136
525.462628810506,456.481119124366,3.71007690199726
35.1691492272443,424.030423440514,3.64333724003544
201.56875505445,307.292454961409,3.88168680705753
542.251034884864,257.268261832801,3.64984104969003
168.246542262811,34.0873244301141,4.28667258614286
510.537524680825,345.158011002749,4.89359584646319
32.7255537738781,45.6180983149059,3.89446211469268
539.30207425669,136.750325452412,4.29828513748832
NA,NA,NA
660.435450289732,334.249255889126,3.46259848963688
455.359079291239,299.903704211288,3.65315486859166
12.5594294865891,495.262820937855,3.67076485271651
558.282270772482,51.4856312441892,4.18189559213675
72.2427811545905,378.895617327671,3.93490549966133
223.114507458688,415.127120781441,3.84786845571886
430.662632716945,11.7541241491992,3.29659934889912
360.626449720667,289.866416511245,3.20233906572982
603.426053829072,103.947888730826,4.13744933947574
390.559985061034,229.007243485811,4.28742981009837
570.248548137999,413.561966315417,4.72556791710726
143.396100196469,279.368635193555,4.6262352482623
197.839315161041,367.209504846939,4.06152745042184
126.634014874286,412.741559827666,3.44032513930975
624.783927755162,316.253869474848,4.46992696406338
3.53831459729178,146.851133506265,4.25123062449839
542.245832968544,201.242381082004,4.06237810976723
34.2027637632194,493.070389819114,3.01089898476787
284.385237519389,25.5200336609017,3.67556378127147
536.156405631003,388.951066069349,3.31134905969191
79.4539258120935,83.595332714734,5.09431272603463
4.78442973484528,78.2116002003467,3.5735782671625
588.667151557061,228.167249149479,3.97002593329155
437.35530663924,462.176833718587,4.7327311017288
662.133627891697,373.351254785276,3.21502468721444
102.046144587391,486.649062196135,4.37628140792125
621.58981118846,85.652602810149,4.08435946009354
419.560810386139,257.398394421332,3.64785880058022
12.4191173632404,183.787172533513,3.12839995539526
64.9157546538357,118.628799404099,4.68946838477993
611.316997209087,200.919840321262,4.33685084108235
252.231799683674,215.532943503043,3.97105829668779
577.627391688523,433.083732451003,3.68214367347845
294.483715155719,137.414808883049,3.8942125007136
525.462628810506,456.481119124366,3.71007690199726
35.1691492272443,424.030423440514,3.64333724003544
201.56875505445,307.292454961409,3.88168680705753
542.251034884864,257.268261832801,3.64984104969003
168.246542262811,34.0873244301141,4.28667258614286
510.537524680825,345.158011002749,4.89359584646319
32.7255537738781,45.6180983149059,3.89446211469268
539.30207425669,136.750325452412,4.29828513748832
NA,NA,NA
660.435450289732,334.249255889126,3.46259848963688
455.359079291239,299.903704211288,3.65315486859166
12.5594294865891,495.262820937855,3.67076485271651
558.282270772482,51.4856312441892,4.18189559213675
72.2427811545905,378.895617327671,3.93490549966133
223.114507458688,415.127120781441,3.84786845571886
430.662632716945,11.7541241491992,3.29659934889912
360.626449720667,289.866416511245,3.20233906572982
603.426053829072,103.947888730826,4.13744933947574
390.559985061034,229.007243485811,4.28742981009837
570.248548137999,413.561966315417,4.72556791710726
143.396100196469,279.368635193555,4.6262352482623
197.839315161041,367.209504846939,4.06152745042184
126.634014874286,412.741559827666,3.44032513930975
624.783927755162,316.253869474848,4.46992696406338
3.53831459729178,146.851133506265,4.25123062449839
542.245832968544,201.242381082004,4.06237810976723
34.2027637632194,493.070389819114,3.01089898476787
284.385237519389,25.5200336609017,3.67556378127147
536.156405631003,388.951066069349,3.31134905969191
79.4539258120935,83.595332714734,5.09431272603463
4.78442973484528,78.2116002003467,3.5735782671625
588.667151557061,228.167249149479,3.97002593329155
437.35530663924,462.176833718587,4.7327311017288
662.133627891697,373.351254785276,3.21502468721444
102.046144587391,486.649062196135,4.37628140792125
621.58981118846,85.652602810149,4.08435946009354
419.560810386139,257.398394421332,3.64785880058022
12.4191173632404,183.787172533513,3.12839995539526
64.9157546538357,118.628799404099,4.68946838477993
611.316997209087,200.919840321262,4.33685084108235
252.231799683674,215.532943503043,3.97105829668779
577.627391688523,433.083732451003,3.68214367347845
294.483715155719,137.414808883049,3.8942125007136
525.462628810506,456.481119124366,3.71007690199726
35.1691492272443,424.030423440514,3.64333724003544
201.56875505445,307.292454961409,3.88168680705753
542.251034884864,257.268261832801,3.64984104969003
168.246542262811,34.0873244301141,4.28667258614286
510.537524680825,345.158011002749,4.89359584646319
32.7255537738781,45.6180983149059,3.89446211469268
539.30207425669,136.750325452412,4.29828513748832
NA,NA,NA
660.435450289732,334.249255889126,3.46259848963688
455.359079291239,299.903704211288,3.65315486859166
12.5594294865891,495.262820937855,3.67076485271651
558.282270772482,51.4856312441892,4.18189559213675
72.2427811545905,378.895617327671,3.93490549966133
223.114507458688,415.127120781441,3.84786845571886
430.662632716945,11.7541241491992,3.29659934889912
360.626449720667,289.866416511245,3.20233906572982
603.426053829072,103.947888730826,4.13744933947574
390.559985061034,229.007243485811,4.28742981009837
570.248548137999,413.561966315417,4.72556791710726
143.396100196469,279.368635193555,4.6262352482623
197.839315161041,367.209504846939,4.06152745042184
126.634014874286,412.741559827666,3.44032513930975
624.783927755162,316.253869474848,4.46992696406338
3.53831459729178,146.851133506265,4.25123062449839
542.245832968544,201.242381082004,4.06237810976723
34.2027637632194,493.070389819114,3.01089898476787
284.385237519389,25.5200336609017,3.67556378127147
536.156405631003,388.951066069349,3.31134905969191
79.4539258120935,83.595332714734,5.09431272603463
4.78442973484528,78.2116002003467,3.5735782671625
588.667151557061,228.167249149479,3.97002593329155
437.35530663924,462.176833718587,4.7327311017288
662.133627891697,373.351254785276,3.21502468721444
102.046144587391,486.649062196135,4.37628140792125
621.58981118846,85.652602810149,4.08435946009354
419.560810386139,257.398394421332,3.64785880058022
12.4191173632404,183.787172533513,3.12839995539526
64.9157546538357,118.628799404099,4.68946838477993
611.316997209087,200.919840321262,4.33685084108235
252.231799683674,215.532943503043,3.97105829668779
577.627391688523,433.083732451003,3.68214367347845
294.483715155719,137.414808883049,3.8942125007136
525.462628810506,456.481119124366,3.71007690199726
35.1691492272443,424.030423440514,3.64333724003544
201.56875505445,307.292454961409,3.88168680705753
542.251034884864,257.268261832801,3.64984104969003
168.246542262811,34.0873244301141,4.28667258614286
510.537524680825,345.158011002749,4.89359584646319
32.7255537738781,45.6180983149059,3.89446211469268
539.30207425669,136.750325452412,4.29828513748832
NA,NA,NA
660.435450289732,334.249255889126,3.46259848963688
455.359079291239,299.903704211288,3.65315486859166
12.5594294865891,495.262820937855,3.67076485271651
558.282270772482,51.4856312441892,4.18189559213675
72.2427811545905,378.895617327671,3.93490549966133
223.114507458688,415.127120781441,3.84786845571886
430.662632716945,11.7541241491992,3.29659934889912
360.626449720667,289.866416511245,3.20233906572982
603.426053829072,103.947888730826,4.13744933947574
390.559985061034,229.007243485811,4.28742981009837
570.248548137999,413.561966315417,4.72556791710726
143.396100196469,279.368635193555,4.6262352482623
197.839315161041,367.209504846939,4.06152745042184
126.634014874286,412.741559827666,3.44032513930975
624.783927755162,316.253869474848,4.46992696406338
3.53831459729178,146.851133506265,4.25123062449839
542.245832968544,201.242381082004,4.06237810976723
34.2027637632194,493.070389819114,3.01089898476787
284.385237519389,25.5200336609017,3.67556378127147
536.156405631003,388.951066069349,3.31134905969191
79.4539258120935,83.595332714734,5.09431272603463
4.78442973484528,78.2116002003467,3.5735782671625
588.667151557061,228.167249149479,3.97002593329155
437.35530663924,462.176833718587,4.7327311017288
662.133627891697,373.351254785276,3.21502468721444
102.046144587391,486.649062196135,4.37628140792125
621.58981118846,85.652602810149,4.08435946009354
419.560810386139,257.398394421332,3.64785880058022
12.4191173632404,183.787172533513,3.12839995539526
64.9157546538357,118.628799404099,4.68946838477993
611.316997209087,200.919840321262,4.33685084108235
252.231799683674,215.532943503043,3.97105829668779
577.627391688523,433.083732451003,3.68214367347845
294.483715155719,137.414808883049,3.8942125007136
525.462628810506,456.481119124366,3.71007690199726
35.1691492272443,424.030423440514,3.64333724003544
201.56875505445,307.292454961409,3.88168680705753
542.251034884864,257.268261832801,3.64984104969003
168.246542262811,34.0873244301141,4.28667258614286
510.537524680825,345.158011002749,4.89359584646319
32.7255537738781,45.6180983149059,3.89446211469268
539.30207425669,136.750325452412,4.29828513748832
NA,NA,NA
660.435450289732,334.249255889126,3.46259848963688
455.359079291239,299.903704211288,3.65315486859166
12.5594294865891,495.262820937855,3.67076485271651
558.282270772482,51.4856312441892,4.18189559213675
72.2427811545905,378.895617327671,3.93490549966133
223.114507458688,415.127120781441,3.84786845571886
430.662632716945,11.7541241491992,3.29659934889912
360.626449720667,289.866416511245,3.20233906572982
603.426053829072,103.947888730826,4.13744933947574
390.559985061034,229.007243485811,4.28742981009837
570.248548137999,413.561966315417,4.72556791710726
143.396100196469,279.368635193555,4.6262352482623
197.839315161041,367.209504846939,4.06152745042184
126.634014874286,412.741559827666,3.44032513930975
624.783927755162,316.253869474848,4.46992696406338
3.53831459729178,146.851133506265,4.25123062449839
542.245832968544,201.242381082004,4.06237810976723
34.2027637632194,493.070389819114,3.01089898476787
284.385237519389,25.5200336609017,3.67556378127147
536.156405631003,388.951066069349,3.31134905969191
79.4539258120935,83.595332714734,5.09431272603463
4.78442973484528,78.2116002003467,3.5735782671625
588.667151557061,228.167249149479,3.97002593329155
437.35530663924,462.176833718587,4.7327311017288
662.133627891697,373.351254785276,3.21502468721444
102.046144587391,486.649062196135,4.37628140792125
621.58981118846,85.652602810149,4.08435946009354
419.560810386139,257.398394421332,3.64785880058022
12.4191173632404,183.787172533513,3.12839995539526
64.9157546538357,118.628799404099,4.68946838477993
611.316997209087,200.919840321262,4.33685084108235
252.231799683674,215.532943503043,3.97105829668779
577.627391688523,433.083732451003,3.68214367347845
294.483715155719,137.414808883049,3.8942125007136
525.462628810506,456.481119124366,3.71007690199726
35.1691492272443,424.030423440514,3.64333724003544
201.56875505445,307.292454961409,3.88168680705753
542.251034884864,257.268261832801,3.64984104969003
168.246542262811,34.0873244301141,4.28667258614286
510.537524680825,345.158011002749,4.89359584646319
32.7255537738781,45.6180983149059,3.89446211469268
539.30207425669,136.750325452412,4.29828513748832
NA,NA,NA
661.462108649275,331.009332093771,3.58591635037563
457.346776949927,298.108480407437,3.57762467997883
7.31364344384104,495.105863259649,3.64881337133919
565.920326550102,50.5839079367239,4.1646038339367
70.0933519170931,378.079944653032,3.97118831054177
226.67479137787,409.148210972842,3.97999901612703
426.075857875038,12.0124001320961,3.32354433707564
361.572694655994,296.970780855539,3.22537673551033
601.282293606537,103.710114242794,4.18167139701212
396.867200366223,230.11310473177,4.21226419744821
562.516982357456,407.201930322785,4.68969957110804
134.045272362994,276.46352121439,4.35475341834241
198.995760029135,368.42315380276,4.02897057383109
122.388038644196,412.455391129015,3.29461226694292
625.699017645547,308.676540181873,4.51328574236664
3.90684647840617,145.412111378323,4.29914597653249
542.888585212697,203.430997126109,4.32104971464711
34.1251934096894,492.093002839827,2.99720812214464
287.025360499009,21.7141279215277,3.89182522627851
531.921383815593,391.198635277774,3.4690424453381
69.4616728537542,70.4687992516083,5.24824470228971
4.03568124922147,76.7977417735537,3.28507255644043
591.123798023566,226.342249811502,3.95647582643799
443.372938553514,461.209448702625,4.78744509033092
659.675675553173,373.69272017408,3.02215609715435
109.352912182446,491.527152534733,4.37082467690173
624.279413969383,88.8258596195462,4.07280461548531
419.842927229629,259.291844026129,3.61998382385663
10.018927846801,181.091251770692,3.3048433046271
66.1545091271444,117.389723288018,4.30501911542963
608.277668387565,200.543416909352,4.38444453882792
259.802443155998,220.972227100714,3.80512478443801
572.812508860882,432.351800775095,3.81044446180992
306.311435364105,134.915468945671,3.96304522760147
529.387944823003,455.428325699689,3.85721792823504
52.1368585457031,410.832037665633,3.66809778736534
196.304014590924,284.406743687413,3.73548725420532
549.017519020358,263.001371650267,3.78339319882695
174.506253061868,42.2150358797138,4.26100534091135
508.142247455611,344.919878889951,4.61379089239756
36.1926169714289,46.4343589056193,3.8925061258564
529.681166963863,125.890230003519,4.80575150497967
NA,NA,NA
661.462108649275,331.009332093771,3.58591635037563
457.346776949927,298.108480407437,3.57762467997883
7.31364344384104,495.105863259649,3.64881337133919
565.920326550102,50.5839079367239,4.1646038339367
70.0933519170931,378.079944653032,3.97118831054177
226.67479137787,409.148210972842,3.97999901612703
426.075857875038,12.0124001320961,3.32354433707564
361.572694655994,296.970780855539,3.22537673551033
601.282293606537,103.710114242794,4.18167139701212
396.867200366223,230.11310473177,4.21226419744821
562.516982357456,407.201930322785,4.68969957110804
134.045272362994,276.46352121439,4.35475341834241
198.995760029135,368.42315380276,4.02897057383109
122.388038644196,412.455391129015,3.29461226694292
625.699017645547,308.676540181873,4.51328574236664
3.90684647840617,145.412111378323,4.29914597653249
542.888585212697,203.430997126109,4.32104971464711
34.1251934096894,492.093002839827,2.99720812214464
287.025360499009,21.7141279215277,3.89182522627851
531.921383815593,391.198635277774,3.4690424453381
69.4616728537542,70.4687992516083,5.24824470228971
4.03568124922147,76.7977417735537,3.28507255644043
591.123798023566,226.342249811502,3.95647582643799
443.372938553514,461.209448702625,4.78744509033092
659.675675553173,373.69272017408,3.02215609715435
109.352912182446,491.527152534733,4.37082467690173
624.279413969383,88.8258596195462,4.07280461548531
419.842927229629,259.291844026129,3.61998382385663
10.018927846801,181.091251770692,3.3048433046271
66.1545091271444,117.389723288018,4.30501911542963
608.277668387565,200.543416909352,4.38444453882792
259.802443155998,220.972227100714,3.80512478443801
572.812508860882,432.351800775095,3.81044446180992
306.311435364105,134.915468945671,3.96304522760147
529.387944823003,455.428325699689,3.85721792823504
52.1368585457031,410.832037665633,3.66809778736534
196.304014590924,284.406743687413,3.73548725420532
549.017519020358,263.001371650267,3.78339319882695
174.506253061868,42.2150358797138,4.26100534091135
508.142247455611,344.919878889951,4.61379089239756
36.1926169714289,46.4343589056193,3.8925061258564
529.681166963863,125.890230003519,4.80575150497967
NA,NA,NA
661.462108649275,331.009332093771,3.58591635037563
457.346776949927,298.108480407437,3.57762467997883
7.31364344384104,495.105863259649,3.64881337133919
565.920326550102,50.5839079367239,4.1646038339367
70.0933519170931,378.079944653032,3.97118831054177
226.67479137787,409.148210972842,3.97999901612703
426.075857875038,12.0124001320961,3.32354433707564
361.572694655994,296.970780855539,3.22537673551033
601.282293606537,103.710114242794,4.18167139701212
396.867200366223,230.11310473177,4.21226419744821
562.516982357456,407.201930322785,4.68969957110804
134.045272362994,276.46352121439,4.35475341834241
198.995760029135,368.42315380276,4.02897057383109
122.388038644196,412.455391129015,3.29461226694292
625.699017645547,308.676540181873,4.51328574236664
3.90684647840617,145.412111378323,4.29914597653249
542.888585212697,203.430997126109,4.32104971464711
34.1251934096894,492.093002839827,2.99720812214464
287.025360499009,21.7141279215277,3.89182522627851
531.921383815593,391.198635277774,3.4690424453381
69.4616728537542,70.4687992516083,5.24824470228971
4.03568124922147,76.7977417735537,3.28507255644043
591.123798023566,226.342249811502,3.95647582643799
443.372938553514,461.209448702625,4.78744509033092
659.675675553173,373.69272017408,3.02215609715435
109.352912182446,491.527152534733,4.37082467690173
624.279413969383,88.8258596195462,4.07280461548531
419.842927229629,259.291844026129,3.61998382385663
10.018927846801,181.091251770692,3.3048433046271
66.1545091271444,117.389723288018,4.30501911542963
608.277668387565,200.543416909352,4.38444453882792
259.802443155998,220.972227100714,3.80512478443801
572.812508860882,432.351800775095,3.81044446180992
306.311435364105,134.915468945671,3.96304522760147
529.387944823003,455.428325699689,3.85721792823504
52.1368585457031,410.832037665633,3.66809778736534
196.304014590924,284.406743687413,3.73548725420532
549.017519020358,263.001371650267,3.78339319882695
174.506253061868,42.2150358797138,4.26100534091135
508.142247455611,344.919878889951,4.61379089239756
36.1926169714289,46.4343589056193,3.8925061258564
529.681166963863,125.890230003519,4.80575150497967
NA,NA,NA
661.462108649275,331.009332093771,3.58591635037563
457.346776949927,298.108480407437,3.57762467997883
7.31364344384104,495.105863259649,3.64881337133919
565.920326550102,50.5839079367239,4.1646038339367
70.0933519170931,378.079944653032,3.97118831054177
226.67479137787,409.148210972842,3.97999901612703
426.075857875038,12.0124001320961,3.32354433707564
361.572694655994,296.970780855539,3.22537673551033
601.282293606537,103.710114242794,4.18167139701212
396.867200366223,230.11310473177,4.21226419744821
562.516982357456,407.201930322785,4.68969957110804
134.045272362994,276.46352121439,4.35475341834241
198.995760029135,368.42315380276,4.02897057383109
122.388038644196,412.455391129015,3.29461226694292
625.699017645547,308.676540181873,4.51328574236664
3.90684647840617,145.412111378323,4.29914597653249
542.888585212697,203.430997126109,4.32104971464711
34.1251934096894,492.093002839827,2.99720812214464
287.025360499009,21.7141279215277,3.89182522627851
531.921383815593,391.198635277774,3.4690424453381
69.4616728537542,70.4687992516083,5.24824470228971
4.03568124922147,76.7977417735537,3.28507255644043
591.123798023566,226.342249811502,3.95647582643799
443.372938553514,461.209448702625,4.78744509033092
659.675675553173,373.69272017408,3.02215609715435
109.352912182446,491.527152534733,4.37082467690173
624.279413969383,88.8258596195462,4.07280461548531
419.842927229629,259.291844026129,3.61998382385663
10.018927846801,181.091251770692,3.3048433046271
66.1545091271444,117.389723288018,4.30501911542963
608.277668387565,200.543416909352,4.38444453882792
259.802443155998,220.972227100714,3.80512478443801
572.812508860882,432.351800775095,3.81044446180992
306.311435364105,134.915468945671,3.96304522760147
529.387944823003,455.428325699689,3.85721792823504
52.1368585457031,410.832037665633,3.66809778736534
196.304014590924,284.406743687413,3.73548725420532
549.017519020358,263.001371650267,3.78339319882695
174.506253061868,42.2150358797138,4.26100534091135
508.142247455611,344.919878889951,4.61379089239756
36.1926169714289,46.4343589056193,3.8925061258564
529.681166963863,125.890230003519,4.80575150497967
NA,NA,NA
661.462108649275,331.009332093771,3.58591635037563
457.346776949927,298.108480407437,3.57762467997883
7.31364344384104,495.105863259649,3.64881337133919
565.920326550102,50.5839079367239,4.1646038339367
70.0933519170931,378.079944653032,3.97118831054177
226.67479137787,409.148210972842,3.97999901612703
426.075857875038,12.0124001320961,3.32354433707564
361.572694655994,296.970780855539,3.22537673551033
601.282293606537,103.710114242794,4.18167139701212
396.867200366223,230.11310473177,4.21226419744821
562.516982357456,407.201930322785,4.68969957110804
134.045272362994,276.46352121439,4.35475341834241
198.995760029135,368.42315380276,4.02897057383109
122.388038644196,412.455391129015,3.29461226694292
625.699017645547,308.676540181873,4.51328574236664
3.90684647840617,145.412111378323,4.29914597653249
542.888585212697,203.430997126109,4.32104971464711
34.1251934096894,492.093002839827,2.99720812214464
287.025360499009,21.7141279215277,3.89182522627851
531.921383815593,391.198635277774,3.4690424453381
69.4616728537542,70.4687992516083,5.24824470228971
4.03568124922147,76.7977417735537,3.28507255644043
591.123798023566,226.342249811502,3.95647582643799
443.372938553514,461.209448702625,4.78744509033092
659.675675553173,373.69272017408,3.02215609715435
109.352912182446,491.527152534733,4.37082467690173
624.279413969383,88.8258596195462,4.07280461548531
419.842927229629,259.291844026129,3.61998382385663
10.018927846801,181.091251770692,3.3048433046271
66.1545091271444,117.389723288018,4.30501911542963
608.277668387565,200.543416909352,4.38444453882792
259.802443155998,220.972227100714,3.80512478443801
572.812508860882,432.351800775095,3.81044446180992
306.311435364105,134.915468945671,3.96304522760147
529.387944823003,455.428325699689,3.85721792823504
52.1368585457031,410.832037665633,3.66809778736534
196.304014590924,284.406743687413,3.73548725420532
549.017519020358,263.001371650267,3.78339319882695
174.506253061868,42.2150358797138,4.26100534091135
508.142247455611,344.919878889951,4.61379089239756
36.1926169714289,46.4343589056193,3.8925061258564
529.681166963863,125.890230003519,4.80575150497967
NA,NA,NA
661.462108649275,331.009332093771,3.58591635037563
457.346776949927,298.108480407437,3.57762467997883
7.31364344384104,495.105863259649,3.64881337133919
565.920326550102,50.5839079367239,4.1646038339367
70.0933519170931,378.079944653032,3.97118831054177
226.67479137787,409.148210972842,3.97999901612703
426.075857875038,12.0124001320961,3.32354433707564
361.572694655994,296.970780855539,3.22537673551033
601.282293606537,103.710114242794,4.18167139701212
396.867200366223,230.11310473177,4.21226419744821
562.516982357456,407.201930322785,4.68969957110804
134.045272362994,276.46352121439,4.35475341834241
198.995760029135,368.42315380276,4.02897057383109
122.388038644196,412.455391129015,3.29461226694292
625.699017645547,308.676540181873,4.51328574236664
3.90684647840617,145.412111378323,4.29914597653249
542.888585212697,203.430997126109,4.32104971464711
34.1251934096894,492.093002839827,2.99720812214464
287.025360499009,21.7141279215277,3.89182522627851
531.921383815593,391.198635277774,3.4690424453381
69.4616728537542,70.4687992516083,5.24824470228971
4.03568124922147,76.7977417735537,3.28507255644043
591.123798023566,226.342249811502,3.95647582643799
443.372938553514,461.209448702625,4.78744509033092
659.675675553173,373.69272017408,3.02215609715435
109.352912182446,491.527152534733,4.37082467690173
624.279413969383,88.8258596195462,4.07280461548531
419.842927229629,259.291844026129,3.61998382385663
10.018927846801,181.091251770692,3.3048433046271
66.1545091271444,117.389723288018,4.30501911542963
608.277668387565,200.543416909352,4.38444453882792
259.802443155998,220.972227100714,3.80512478443801
572.812508860882,432.351800775095,3.81044446180992
306.311435364105,134.915468945671,3.96304522760147
529.387944823003,455.428325699689,3.85721792823504
52.1368585457031,410.832037665633,3.66809778736534
196.304014590924,284.406743687413,3.73548725420532
549.017519020358,263.001371650267,3.78339319882695
174.506253061868,42.2150358797138,4.26100534091135
508.142247455611,344.919878889951,4.61379089239756
36.1926169714289,46.4343589056193,3.8925061258564
529.681166963863,125.890230003519,4.80575150497967
NA,NA,NA
662.765525535383,331.902989490862,3.44393242995369
458.282409820881,301.220274534308,3.62553167871657
8.41641023053891,496.72535346467,3.64724120462956
563.385709516103,49.5286470102543,4.32005974345041
69.8224165918442,377.260827347033,3.97162801322714
227.080708094807,413.644149364462,3.91944699205493
427.815209739753,13.2717004627862,3.29918371123675
361.72457846248,295.813540540803,2.81631854969525
604.709902059343,103.390499697689,4.2426931482777
392.407248186461,231.054374656101,4.24811860766825
571.755861307176,405.276233332467,4.7404916205329
140.177672053921,280.969551876505,4.437315787803
197.718894934451,372.468569196001,4.13325939418013
123.703057270925,411.796887506772,3.43254491615418
623.596005149091,313.40592856199,4.62804530669159
-1.12985996601413,153.714220500346,4.36251366342471
540.258733634859,208.591744109109,4.1919066817592
35.0062218381193,490.15882211914,3.07268674808858
281.407914380822,21.3498091252899,3.84218662588666
532.041230384945,391.444063731356,3.50377710243779
68.5681145147823,75.5040952458841,5.20182245539029
5.62021087342871,77.7540144678459,3.53154455884714
587.314262480366,226.109775092842,4.03089541333416
436.311849539548,465.29567542053,4.73712796411395
660.079372363612,374.455847874055,3.05597814218733
109.043849115184,486.062311000909,4.34652149378976
622.812258433574,85.9462705291721,4.04486894710364
419.61945893714,254.894826359918,3.5603937863894
10.8143058600769,180.871894094335,3.24092255555695
72.7185182636932,119.191945023968,4.62425564831179
607.661290526353,206.844817034467,4.53551187137513
254.097881704945,222.293293264174,4.12837553545735
575.041476044055,431.324779619599,3.73186186484854
303.180024961207,138.126948722173,3.76799029807315
519.692705276771,464.237823053756,3.35883958980593
46.6296948296421,424.342805596516,4.23320715207142
187.199730803145,284.73781575055,3.62260332450419
550.05465783197,272.949577296716,3.91424409663577
181.859273517243,28.3927426702876,4.33766410529457
495.567255769382,339.640766656213,4.77680449748294
38.4804539090438,49.5616562865304,3.818459485413
522.772998784621,147.324450648086,4.37372053906998
NA,NA,NA
662.765525535383,331.902989490862,3.44393242995369
458.282409820881,301.220274534308,3.62553167871657
8.41641023053891,496.72535346467,3.64724120462956
563.385709516103,49.5286470102543,4.32005974345041
69.8224165918442,377.260827347033,3.97162801322714
227.080708094807,413.644149364462,3.91944699205493
427.815209739753,13.2717004627862,3.29918371123675
361.72457846248,295.813540540803,2.81631854969525
604.709902059343,103.390499697689,4.2426931482777
392.407248186461,231.054374656101,4.24811860766825
571.755861307176,405.276233332467,4.7404916205329
140.177672053921,280.969551876505,4.437315787803
197.718894934451,372.468569196001,4.13325939418013
123.703057270925,411.796887506772,3.43254491615418
623.596005149091,313.40592856199,4.62804530669159
-1.12985996601413,153.714220500346,4.36251366342471
540.258733634859,208.591744109109,4.1919066817592
35.0062218381193,490.15882211914,3.07268674808858
281.407914380822,21.3498091252899,3.84218662588666
532.041230384945,391.444063731356,3.50377710243779
68.5681145147823,75.5040952458841,5.20182245539029
5.62021087342871,77.7540144678459,3.53154455884714
587.314262480366,226.109775092842,4.03089541333416
436.311849539548,465.29567542053,4.73712796411395
660.079372363612,374.455847874055,3.05597814218733
109.043849115184,486.062311000909,4.34652149378976
622.812258433574,85.9462705291721,4.04486894710364
419.61945893714,254.894826359918,3.5603937863894
10.8143058600769,180.871894094335,3.24092255555695
72.7185182636932,119.191945023968,4.62425564831179
607.661290526353,206.844817034467,4.53551187137513
254.097881704945,222.293293264174,4.12837553545735
575.041476044055,431.324779619599,3.73186186484854
303.180024961207,138.126948722173,3.76799029807315
519.692705276771,464.237823053756,3.35883958980593
46.6296948296421,424.342805596516,4.23320715207142
187.199730803145,284.73781575055,3.62260332450419
550.05465783197,272.949577296716,3.91424409663577
181.859273517243,28.3927426702876,4.33766410529457
495.567255769382,339.640766656213,4.77680449748294
38.4804539090438,49.5616562865304,3.818459485413
522.772998784621,147.324450648086,4.37372053906998
NA,NA,NA
662.765525535383,331.902989490862,3.44393242995369
458.282409820881,301.220274534308,3.62553167871657
8.41641023053891,496.72535346467,3.64724120462956
563.385709516103,49.5286470102543,4.32005974345041
69.8224165918442,377.260827347033,3.97162801322714
227.080708094807,413.644149364462,3.91944699205493
427.815209739753,13.2717004627862,3.29918371123675
361.72457846248,295.813540540803,2.81631854969525
604.709902059343,103.390499697689,4.2426931482777
392.407248186461,231.054374656101,4.24811860766825
571.755861307176,405.276233332467,4.7404916205329
140.177672053921,280.969551876505,4.437315787803
197.718894934451,372.468569196001,4.13325939418013
123.703057270925,411.796887506772,3.43254491615418
623.596005149091,313.40592856199,4.62804530669159
-1.12985996601413,153.714220500346,4.36251366342471
540.258733634859,208.591744109109,4.1919066817592
35.0062218381193,490.15882211914,3.07268674808858
281.407914380822,21.3498091252899,3.84218662588666
532.041230384945,391.444063731356,3.50377710243779
68.5681145147823,75.5040952458841,5.20182245539029
5.62021087342871,77.7540144678459,3.53154455884714
587.314262480366,226.109775092842,4.03089541333416
436.311849539548,465.29567542053,4.73712796411395
660.079372363612,374.455847874055,3.05597814218733
109.043849115184,486.062311000909,4.34652149378976
622.812258433574,85.9462705291721,4.04486894710364
419.61945893714,254.894826359918,3.5603937863894
10.8143058600769,180.871894094335,3.24092255555695
72.7185182636932,119.191945023968,4.62425564831179
607.661290526353,206.844817034467,4.53551187137513
254.097881704945,222.293293264174,4.12837553545735
575.041476044055,431.324779619599,3.73186186484854
303.180024961207,138.126948722173,3.76799029807315
519.692705276771,464.237823053756,3.35883958980593
46.6296948296421,424.342805596516,4.23320715207142
187.199730803145,284.73781575055,3.62260332450419
550.05465783197,272.949577296716,3.91424409663577
181.859273517243,28.3927426702876,4.33766410529457
495.567255769382,339.640766656213,4.77680449748294
38.4804539090438,49.5616562865304,3.818459485413
522.772998784621,147.324450648086,4.37372053906998
NA,NA,NA
662.765525535383,331.902989490862,3.44393242995369
458.282409820881,301.220274534308,3.62553167871657
8.41641023053891,496.72535346467,3.64724120462956
563.385709516103,49.5286470102543,4.32005974345041
69.8224165918442,377.260827347033,3.97162801322714
227.080708094807,413.644149364462,3.91944699205493
427.815209739753,13.2717004627862,3.29918371123675
361.72457846248,295.813540540803,2.81631854969525
604.709902059343,103.390499697689,4.2426931482777
392.407248186461,231.054374656101,4.24811860766825
571.755861307176,405.276233332467,4.7404916205329
140.177672053921,280.969551876505,4.437315787803
197.718894934451,372.468569196001,4.13325939418013
123.703057270925,411.796887506772,3.43254491615418
623.596005149091,313.40592856199,4.62804530669159
-1.12985996601413,153.714220500346,4.36251366342471
540.258733634859,208.591744109109,4.1919066817592
35.0062218381193,490.15882211914,3.07268674808858
281.407914380822,21.3498091252899,3.84218662588666
532.041230384945,391.444063731356,3.50377710243779
68.5681145147823,75.5040952458841,5.20182245539029
5.62021087342871,77.7540144678459,3.53154455884714
587.314262480366,226.109775092842,4.03089541333416
436.311849539548,465.29567542053,4.73712796411395
660.079372363612,374.455847874055,3.05597814218733
109.043849115184,486.062311000909,4.34652149378976
622.812258433574,85.9462705291721,4.04486894710364
419.61945893714,254.894826359918,3.5603937863894
10.8143058600769,180.871894094335,3.24092255555695
72.7185182636932,119.191945023968,4.62425564831179
607.661290526353,206.844817034467,4.53551187137513
254.097881704945,222.293293264174,4.12837553545735
575.041476044055,431.324779619599,3.73186186484854
303.180024961207,138.126948722173,3.76799029807315
519.692705276771,464.237823053756,3.35883958980593
46.6296948296421,424.342805596516,4.23320715207142
187.199730803145,284.73781575055,3.62260332450419
550.05465783197,272.949577296716,3.91424409663577
181.859273517243,28.3927426702876,4.33766410529457
495.567255769382,339.640766656213,4.77680449748294
38.4804539090438,49.5616562865304,3.818459485413
522.772998784621,147.324450648086,4.37372053906998
NA,NA,NA
662.765525535383,331.902989490862,3.44393242995369
458.282409820881,301.220274534308,3.62553167871657
8.41641023053891,496.72535346467,3.64724120462956
563.385709516103,49.5286470102543,4.32005974345041
69.8224165918442,377.260827347033,3.97162801322714
227.080708094807,413.644149364462,3.91944699205493
427.815209739753,13.2717004627862,3.29918371123675
361.72457846248,295.813540540803,2.81631854969525
604.709902059343,103.390499697689,4.2426931482777
392.407248186461,231.054374656101,4.24811860766825
571.755861307176,405.276233332467,4.7404916205329
140.177672053921,280.969551876505,4.437315787803
197.718894934451,372.468569196001,4.13325939418013
123.703057270925,411.796887506772,3.43254491615418
623.596005149091,313.40592856199,4.62804530669159
-1.12985996601413,153.714220500346,4.36251366342471
540.258733634859,208.591744109109,4.1919066817592
35.0062218381193,490.15882211914,3.07268674808858
281.407914380822,21.3498091252899,3.84218662588666
532.041230384945,391.444063731356,3.50377710243779
68.5681145147823,75.5040952458841,5.20182245539029
5.62021087342871,77.7540144678459,3.53154455884714
587.314262480366,226.109775092842,4.03089541333416
436.311849539548,465.29567542053,4.73712796411395
660.079372363612,374.455847874055,3.05597814218733
109.043849115184,486.062311000909,4.34652149378976
622.812258433574,85.9462705291721,4.04486894710364
419.61945893714,254.894826359918,3.5603937863894
10.8143058600769,180.871894094335,3.24092255555695
72.7185182636932,119.191945023968,4.62425564831179
607.661290526353,206.844817034467,4.53551187137513
254.097881704945,222.293293264174,4.12837553545735
575.041476044055,431.324779619599,3.73186186484854
303.180024961207,138.126948722173,3.76799029807315
519.692705276771,464.237823053756,3.35883958980593
46.6296948296421,424.342805596516,4.23320715207142
187.199730803145,284.73781575055,3.62260332450419
550.05465783197,272.949577296716,3.91424409663577
181.859273517243,28.3927426702876,4.33766410529457
495.567255769382,339.640766656213,4.77680449748294
38.4804539090438,49.5616562865304,3.818459485413
522.772998784621,147.324450648086,4.37372053906998
NA,NA,NA
662.765525535383,331.902989490862,3.44393242995369
458.282409820881,301.220274534308,3.62553167871657
8.41641023053891,496.72535346467,3.64724120462956
563.385709516103,49.5286470102543,4.32005974345041
69.8224165918442,377.260827347033,3.97162801322714
227.080708094807,413.644149364462,3.91944699205493
427.815209739753,13.2717004627862,3.29918371123675
361.72457846248,295.813540540803,2.81631854969525
604.709902059343,103.390499697689,4.2426931482777
392.407248186461,231.054374656101,4.24811860766825
571.755861307176,405.276233332467,4.7404916205329
140.177672053921,280.969551876505,4.437315787803
197.718894934451,372.468569196001,4.13325939418013
123.703057270925,411.796887506772,3.43254491615418
623.596005149091,313.40592856199,4.62804530669159
-1.12985996601413,153.714220500346,4.36251366342471
540.258733634859,208.591744109109,4.1919066817592
35.0062218381193,490.15882211914,3.07268674808858
281.407914380822,21.3498091252899,3.84218662588666
532.041230384945,391.444063731356,3.50377710243779
68.5681145147823,75.5040952458841,5.20182245539029
5.62021087342871,77.7540144678459,3.53154455884714
587.314262480366,226.109775092842,4.03089541333416
436.311849539548,465.29567542053,4.73712796411395
660.079372363612,374.455847874055,3.05597814218733
109.043849115184,486.062311000909,4.34652149378976
622.812258433574,85.9462705291721,4.04486894710364
419.61945893714,254.894826359918,3.5603937863894
10.8143058600769,180.871894094335,3.24092255555695
72.7185182636932,119.191945023968,4.62425564831179
607.661290526353,206.844817034467,4.53551187137513
254.097881704945,222.293293264174,4.12837553545735
575.041476044055,431.324779619599,3.73186186484854
303.180024961207,138.126948722173,3.76799029807315
519.692705276771,464.237823053756,3.35883958980593
46.6296948296421,424.342805596516,4.23320715207142
187.199730803145,284.73781575055,3.62260332450419
550.05465783197,272.949577296716,3.91424409663577
181.859273517243,28.3927426702876,4.33766410529457
495.567255769382,339.640766656213,4.77680449748294
38.4804539090438,49.5616562865304,3.818459485413
522.772998784621,147.324450648086,4.37372053906998
NA,NA,NA
661.296355170586,332.871611560227,3.38947625401924
453.918413923053,299.162977575405,3.59093797367071
12.8765233435924,498.142009430031,3.5947002660814
561.509732327858,51.9354288828507,4.19457401839471
73.1710795507402,378.466611326596,3.96970488143759
227.634841814672,416.551477927529,3.88840258908674
426.471124452968,11.5526622174102,3.14853119252443
359.697279350183,293.255630796886,2.90114526259781
602.620303809256,102.358489135216,4.00839497573696
386.517909281453,221.437155843679,4.1492307442048
576.55182334362,415.688461556771,4.84421623872157
144.94779291833,278.577863009684,4.67776603256089
198.181395197638,372.397702203622,3.94487109108271
125.095835249117,409.903313712292,3.38883104527567
628.802234965984,315.434652303397,4.42981149283284
3.0304131860099,143.964606103618,4.2838185479639
542.431989929266,210.654849498683,4.12138781061713
33.4206107255672,490.766102263719,3.00700102321882
276.285678511216,21.0960247932898,3.88353732419616
529.219509482614,391.463391069856,3.55622770127298
78.9201749908729,73.7458579709773,5.28476950751548
3.7202187609496,80.0895652049761,3.42846408370028
586.260549365921,228.066664258369,3.95153283446935
434.191146916302,459.635242175107,4.84446941815377
658.45971039455,373.688493512341,3.08162525990519
108.209981898776,488.396469116242,4.46329010554258
625.132207999825,88.7571976289233,4.06287497304484
421.227148566103,254.994244313815,3.69152853087364
11.441635839684,180.816548691703,3.3696338202467
65.1444574071712,128.930286838572,4.71270476217095
621.220668595158,204.375668414899,4.29921509846898
254.354155845464,222.801035771136,3.91368568997542
575.974353732657,443.62797862608,3.93500457324822
296.172406592647,135.661509811087,3.66507866571727
531.152301365531,457.886893806704,3.41742942071687
38.6588692807156,418.355618434397,3.87163217714626
196.843267114489,293.504441372886,4.02588879847798
551.8150855427,260.270229890487,3.80650687869738
173.248181379692,24.646014092922,4.37165115677278
501.116773554335,344.927019379394,4.67096930074033
48.1906236427193,60.3826222459555,4.13607214581269
538.681287964793,133.804929861106,4.65151229613992
NA,NA,NA
661.296355170586,332.871611560227,3.38947625401924
453.918413923053,299.162977575405,3.59093797367071
12.8765233435924,498.142009430031,3.5947002660814
561.509732327858,51.9354288828507,4.19457401839471
73.1710795507402,378.466611326596,3.96970488143759
227.634841814672,416.551477927529,3.88840258908674
426.471124452968,11.5526622174102,3.14853119252443
359.697279350183,293.255630796886,2.90114526259781
602.620303809256,102.358489135216,4.00839497573696
386.517909281453,221.437155843679,4.1492307442048
576.55182334362,415.688461556771,4.84421623872157
144.94779291833,278.577863009684,4.67776603256089
198.181395197638,372.397702203622,3.94487109108271
125.095835249117,409.903313712292,3.38883104527567
628.802234965984,315.434652303397,4.42981149283284
3.0304131860099,143.964606103618,4.2838185479639
542.431989929266,210.654849498683,4.12138781061713
33.4206107255672,490.766102263719,3.00700102321882
276.285678511216,21.0960247932898,3.88353732419616
529.219509482614,391.463391069856,3.55622770127298
78.9201749908729,73.7458579709773,5.28476950751548
3.7202187609496,80.0895652049761,3.42846408370028
586.260549365921,228.066664258369,3.95153283446935
434.191146916302,459.635242175107,4.84446941815377
658.45971039455,373.688493512341,3.08162525990519
108.209981898776,488.396469116242,4.46329010554258
625.132207999825,88.7571976289233,4.06287497304484
421.227148566103,254.994244313815,3.69152853087364
11.441635839684,180.816548691703,3.3696338202467
65.1444574071712,128.930286838572,4.71270476217095
621.220668595158,204.375668414899,4.29921509846898
254.354155845464,222.801035771136,3.91368568997542
575.974353732657,443.62797862608,3.93500457324822
296.172406592647,135.661509811087,3.66507866571727
531.152301365531,457.886893806704,3.41742942071687
38.6588692807156,418.355618434397,3.87163217714626
196.843267114489,293.504441372886,4.02588879847798
551.8150855427,260.270229890487,3.80650687869738
173.248181379692,24.646014092922,4.37165115677278
501.116773554335,344.927019379394,4.67096930074033
48.1906236427193,60.3826222459555,4.13607214581269
538.681287964793,133.804929861106,4.65151229613992
NA,NA,NA
661.296355170586,332.871611560227,3.38947625401924
453.918413923053,299.162977575405,3.59093797367071
12.8765233435924,498.142009430031,3.5947002660814
561.509732327858,51.9354288828507,4.19457401839471
73.1710795507402,378.466611326596,3.96970488143759
227.634841814672,416.551477927529,3.88840258908674
426.471124452968,11.5526622174102,3.14853119252443
359.697279350183,293.255630796886,2.90114526259781
602.620303809256,102.358489135216,4.00839497573696
386.517909281453,221.437155843679,4.1492307442048
576.55182334362,415.688461556771,4.84421623872157
144.94779291833,278.577863009684,4.67776603256089
198.181395197638,372.397702203622,3.94487109108271
125.095835249117,409.903313712292,3.38883104527567
628.802234965984,315.434652303397,4.42981149283284
3.0304131860099,143.964606103618,4.2838185479639
542.431989929266,210.654849498683,4.12138781061713
33.4206107255672,490.766102263719,3.00700102321882
276.285678511216,21.0960247932898,3.88353732419616
529.219509482614,391.463391069856,3.55622770127298
78.9201749908729,73.7458579709773,5.28476950751548
3.7202187609496,80.0895652049761,3.42846408370028
586.260549365921,228.066664258369,3.95153283446935
434.191146916302,459.635242175107,4.84446941815377
658.45971039455,373.688493512341,3.08162525990519
108.209981898776,488.396469116242,4.46329010554258
625.132207999825,88.7571976289233,4.06287497304484
421.227148566103,254.994244313815,3.69152853087364
11.441635839684,180.816548691703,3.3696338202467
65.1444574071712,128.930286838572,4.71270476217095
621.220668595158,204.375668414899,4.29921509846898
254.354155845464,222.801035771136,3.91368568997542
575.974353732657,443.62797862608,3.93500457324822
296.172406592647,135.661509811087,3.66507866571727
531.152301365531,457.886893806704,3.41742942071687
38.6588692807156,418.355618434397,3.87163217714626
196.843267114489,293.504441372886,4.02588879847798
551.8150855427,260.270229890487,3.80650687869738
173.248181379692,24.646014092922,4.37165115677278
501.116773554335,344.927019379394,4.67096930074033
48.1906236427193,60.3826222459555,4.13607214581269
538.681287964793,133.804929861106,4.65151229613992
NA,NA,NA
661.296355170586,332.871611560227,3.38947625401924
453.918413923053,299.162977575405,3.59093797367071
12.8765233435924,498.142009430031,3.5947002660814
561.509732327858,51.9354288828507,4.19457401839471
73.1710795507402,378.466611326596,3.96970488143759
227.634841814672,416.551477927529,3.88840258908674
426.471124452968,11.5526622174102,3.14853119252443
359.697279350183,293.255630796886,2.90114526259781
602.620303809256,102.358489135216,4.00839497573696
386.517909281453,221.437155843679,4.1492307442048
576.55182334362,415.688461556771,4.84421623872157
144.94779291833,278.577863009684,4.67776603256089
198.181395197638,372.397702203622,3.94487109108271
125.095835249117,409.903313712292,3.38883104527567
628.802234965984,315.434652303397,4.42981149283284
3.0304131860099,143.964606103618,4.2838185479639
542.431989929266,210.654849498683,4.12138781061713
33.4206107255672,490.766102263719,3.00700102321882
276.285678511216,21.0960247932898,3.88353732419616
529.219509482614,391.463391069856,3.55622770127298
78.9201749908729,73.7458579709773,5.28476950751548
3.7202187609496,80.0895652049761,3.42846408370028
586.260549365921,228.066664258369,3.95153283446935
434.191146916302,459.635242175107,4.84446941815377
658.45971039455,373.688493512341,3.08162525990519
108.209981898776,488.396469116242,4.46329010554258
625.132207999825,88.7571976289233,4.06287497304484
421.227148566103,254.994244313815,3.69152853087364
11.441635839684,180.816548691703,3.3696338202467
65.1444574071712,128.930286838572,4.71270476217095
621.220668595158,204.375668414899,4.29921509846898
254.354155845464,222.801035771136,3.91368568997542
575.974353732657,443.62797862608,3.93500457324822
296.172406592647,135.661509811087,3.66507866571727
531.152301365531,457.886893806704,3.41742942071687
38.6588692807156,418.355618434397,3.87163217714626
196.843267114489,293.504441372886,4.02588879847798
551.8150855427,260.270229890487,3.80650687869738
173.248181379692,24.646014092922,4.37165115677278
501.116773554335,344.927019379394,4.67096930074033
48.1906236427193,60.3826222459555,4.13607214581269
538.681287964793,133.804929861106,4.65151229613992
NA,NA,NA
661.296355170586,332.871611560227,3.38947625401924
453.918413923053,299.162977575405,3.59093797367071
12.8765233435924,498.142009430031,3.5947002660814
561.509732327858,51.9354288828507,4.19457401839471
73.1710795507402,378.466611326596,3.96970488143759
227.634841814672,416.551477927529,3.88840258908674
426.471124452968,11.5526622174102,3.14853119252443
359.697279350183,293.255630796886,2.90114526259781
602.620303809256,102.358489135216,4.00839497573696
386.517909281453,221.437155843679,4.1492307442048
576.55182334362,415.688461556771,4.84421623872157
144.94779291833,278.577863009684,4.67776603256089
198.181395197638,372.397702203622,3.94487109108271
125.095835249117,409.903313712292,3.38883104527567
628.802234965984,315.434652303397,4.42981149283284
3.0304131860099,143.964606103618,4.2838185479639
542.431989929266,210.654849498683,4.12138781061713
33.4206107255672,490.766102263719,3.00700102321882
276.285678511216,21.0960247932898,3.88353732419616
529.219509482614,391.463391069856,3.55622770127298
78.9201749908729,73.7458579709773,5.28476950751548
3.7202187609496,80.0895652049761,3.42846408370028
586.260549365921,228.066664258369,3.95153283446935
434.191146916302,459.635242175107,4.84446941815377
658.45971039455,373.688493512341,3.08162525990519
108.209981898776,488.396469116242,4.46329010554258
625.132207999825,88.7571976289233,4.06287497304484
421.227148566103,254.994244313815,3.69152853087364
11.441635839684,180.816548691703,3.3696338202467
65.1444574071712,128.930286838572,4.71270476217095
621.220668595158,204.375668414899,4.29921509846898
254.354155845464,222.801035771136,3.91368568997542
575.974353732657,443.62797862608,3.93500457324822
296.172406592647,135.661509811087,3.66507866571727
531.152301365531,457.886893806704,3.41742942071687
38.6588692807156,418.355618434397,3.87163217714626
196.843267114489,293.504441372886,4.02588879847798
551.8150855427,260.270229890487,3.80650687869738
173.248181379692,24.646014092922,4.37165115677278
501.116773554335,344.927019379394,4.67096930074033
48.1906236427193,60.3826222459555,4.13607214581269
538.681287964793,133.804929861106,4.65151229613992
NA,NA,NA
661.296355170586,332.871611560227,3.38947625401924
453.918413923053,299.162977575405,3.59093797367071
12.8765233435924,498.142009430031,3.5947002660814
561.509732327858,51.9354288828507,4.19457401839471
73.1710795507402,378.466611326596,3.96970488143759
227.634841814672,416.551477927529,3.88840258908674
426.471124452968,11.5526622174102,3.14853119252443
359.697279350183,293.255630796886,2.90114526259781
602.620303809256,102.358489135216,4.00839497573696
386.517909281453,221.437155843679,4.1492307442048
576.55182334362,415.688461556771,4.84421623872157
144.94779291833,278.577863009684,4.67776603256089
198.181395197638,372.397702203622,3.94487109108271
125.095835249117,409.903313712292,3.38883104527567
628.802234965984,315.434652303397,4.42981149283284
3.0304131860099,143.964606103618,4.2838185479639
542.431989929266,210.654849498683,4.12138781061713
33.4206107255672,490.766102263719,3.00700102321882
276.285678511216,21.0960247932898,3.88353732419616
529.219509482614,391.463391069856,3.55622770127298
78.9201749908729,73.7458579709773,5.28476950751548
3.7202187609496,80.0895652049761,3.42846408370028
586.260549365921,228.066664258369,3.95153283446935
434.191146916302,459.635242175107,4.84446941815377
658.45971039455,373.688493512341,3.08162525990519
108.209981898776,488.396469116242,4.46329010554258
625.132207999825,88.7571976289233,4.06287497304484
421.227148566103,254.994244313815,3.69152853087364
11.441635839684,180.816548691703,3.3696338202467
65.1444574071712,128.930286838572,4.71270476217095
621.220668595158,204.375668414899,4.29921509846898
254.354155845464,222.801035771136,3.91368568997542
575.974353732657,443.62797862608,3.93500457324822
296.172406592647,135.661509811087,3.66507866571727
531.152301365531,457.886893806704,3.41742942071687
38.6588692807156,418.355618434397,3.87163217714626
196.843267114489,293.504441372886,4.02588879847798
551.8150855427,260.270229890487,3.80650687869738
173.248181379692,24.646014092922,4.37165115677278
501.116773554335,344.927019379394,4.67096930074033
48.1906236427193,60.3826222459555,4.13607214581269
538.681287964793,133.804929861106,4.65151229613992
NA,NA,NA
661.237816026126,335.205267850492,3.5098364491785
455.994591512101,299.131648943122,3.68690581459097
9.49577495652825,496.60159351521,3.6568335603585
555.502877870055,49.8946607474088,4.23650726202863
70.6084012895032,373.974921725729,4.03976723864518
227.221245599452,413.881239344639,3.88809928759955
429.916655985444,12.6515218846365,3.3146158430858
362.025449949303,290.135714292581,3.12661744678505
606.875725048199,105.433375434505,3.96505107309247
389.032422510185,226.251336650582,4.18869865004833
566.308442845793,407.579043617133,4.73529878480138
132.745894816129,285.924468062899,4.78482751098161
196.944299243933,369.003283976763,4.04023749527511
124.448177800048,409.301599721353,3.46804811196851
627.914775155613,315.88518693722,4.59677984945517
3.44436416508013,147.125854859843,4.38663702237404
542.125866207479,202.927556226772,4.17461502509693
33.2095833325897,492.072896120289,2.93421885125798
279.878751642073,23.2468808884838,3.88770562696229
533.466886272478,391.869168205268,3.47078189247873
69.6661330967328,75.4901258918323,5.24723124909548
3.87872033855718,74.8357643661653,3.5153822145288
589.622664483189,225.188799063069,4.05667567561431
432.664673868272,459.630826781083,4.73794875047355
657.203379762589,376.125357301555,2.96345183323063
104.597053751957,487.17405758801,4.45631302765362
622.332038809185,89.6900465777069,4.08166835520239
419.008499328113,258.935745311983,3.51345575242946
12.3407787837036,180.636668150451,3.32097164959171
56.0549063723982,122.326330840802,4.69873283247993
614.585330653586,201.29600502263,4.40622918458639
243.632194845472,223.350536685062,4.01805623513248
572.4935664733,428.154780300411,3.65028412573218
295.975529377468,136.985188829021,3.76324516002874
524.840248271423,463.420169413473,3.6631567524699
43.6768256611223,417.618575535153,4.1154898522653
199.304138529824,281.438734092475,3.89032273953965
552.175977771901,260.44041350548,3.73258497725014
171.280490851331,23.0337764066264,4.28152263845657
489.755946297854,342.30075020348,4.71940053757941
39.2297650004115,45.7166891627912,3.95151449142212
527.367420774092,140.401327769292,4.6727815310837
NA,NA,NA
661.237816026126,335.205267850492,3.5098364491785
455.994591512101,299.131648943122,3.68690581459097
9.49577495652825,496.60159351521,3.6568335603585
555.502877870055,49.8946607474088,4.23650726202863
70.6084012895032,373.974921725729,4.03976723864518
227.221245599452,413.881239344639,3.88809928759955
429.916655985444,12.6515218846365,3.3146158430858
362.025449949303,290.135714292581,3.12661744678505
606.875725048199,105.433375434505,3.96505107309247
389.032422510185,226.251336650582,4.18869865004833
566.308442845793,407.579043617133,4.73529878480138
132.745894816129,285.924468062899,4.78482751098161
196.944299243933,369.003283976763,4.04023749527511
124.448177800048,409.301599721353,3.46804811196851
627.914775155613,315.88518693722,4.59677984945517
3.44436416508013,147.125854859843,4.38663702237404
542.125866207479,202.927556226772,4.17461502509693
33.2095833325897,492.072896120289,2.93421885125798
279.878751642073,23.2468808884838,3.88770562696229
533.466886272478,391.869168205268,3.47078189247873
69.6661330967328,75.4901258918323,5.24723124909548
3.87872033855718,74.8357643661653,3.5153822145288
589.622664483189,225.188799063069,4.05667567561431
432.664673868272,459.630826781083,4.73794875047355
657.203379762589,376.125357301555,2.96345183323063
104.597053751957,487.17405758801,4.45631302765362
622.332038809185,89.6900465777069,4.08166835520239
419.008499328113,258.935745311983,3.51345575242946
12.3407787837036,180.636668150451,3.32097164959171
56.0549063723982,122.326330840802,4.69873283247993
614.585330653586,201.29600502263,4.40622918458639
243.632194845472,223.350536685062,4.01805623513248
572.4935664733,428.154780300411,3.65028412573218
295.975529377468,136.985188829021,3.76324516002874
524.840248271423,463.420169413473,3.6631567524699
43.6768256611223,417.618575535153,4.1154898522653
199.304138529824,281.438734092475,3.89032273953965
552.175977771901,260.44041350548,3.73258497725014
171.280490851331,23.0337764066264,4.28152263845657
489.755946297854,342.30075020348,4.71940053757941
39.2297650004115,45.7166891627912,3.95151449142212
527.367420774092,140.401327769292,4.6727815310837
NA,NA,NA
661.237816026126,335.205267850492,3.5098364491785
455.994591512101,299.131648943122,3.68690581459097
9.49577495652825,496.60159351521,3.6568335603585
555.502877870055,49.8946607474088,4.23650726202863
70.6084012895032,373.974921725729,4.03976723864518
227.221245599452,413.881239344639,3.88809928759955
429.916655985444,12.6515218846365,3.3146158430858
362.025449949303,290.135714292581,3.12661744678505
606.875725048199,105.433375434505,3.96505107309247
389.032422510185,226.251336650582,4.18869865004833
566.308442845793,407.579043617133,4.73529878480138
132.745894816129,285.924468062899,4.78482751098161
196.944299243933,369.003283976763,4.04023749527511
124.448177800048,409.301599721353,3.46804811196851
627.914775155613,315.88518693722,4.59677984945517
3.44436416508013,147.125854859843,4.38663702237404
542.125866207479,202.927556226772,4.17461502509693
33.2095833325897,492.072896120289,2.93421885125798
279.878751642073,23.2468808884838,3.88770562696229
533.466886272478,391.869168205268,3.47078189247873
69.6661330967328,75.4901258918323,5.24723124909548
3.87872033855718,74.8357643661653,3.5153822145288
589.622664483189,225.188799063069,4.05667567561431
432.664673868272,459.630826781083,4.73794875047355
657.203379762589,376.125357301555,2.96345183323063
104.597053751957,487.17405758801,4.45631302765362
622.332038809185,89.6900465777069,4.08166835520239
419.008499328113,258.935745311983,3.51345575242946
12.3407787837036,180.636668150451,3.32097164959171
56.0549063723982,122.326330840802,4.69873283247993
614.585330653586,201.29600502263,4.40622918458639
243.632194845472,223.350536685062,4.01805623513248
572.4935664733,428.154780300411,3.65028412573218
295.975529377468,136.985188829021,3.76324516002874
524.840248271423,463.420169413473,3.6631567524699
43.6768256611223,417.618575535153,4.1154898522653
199.304138529824,281.438734092475,3.89032273953965
552.175977771901,260.44041350548,3.73258497725014
171.280490851331,23.0337764066264,4.28152263845657
489.755946297854,342.30075020348,4.71940053757941
39.2297650004115,45.7166891627912,3.95151449142212
527.367420774092,140.401327769292,4.6727815310837
NA,NA,NA
661.237816026126,335.205267850492,3.5098364491785
455.994591512101,299.131648943122,3.68690581459097
9.49577495652825,496.60159351521,3.6568335603585
555.502877870055,49.8946607474088,4.23650726202863
70.6084012895032,373.974921725729,4.03976723864518
227.221245599452,413.881239344639,3.88809928759955
429.916655985444,12.6515218846365,3.3146158430858
362.025449949303,290.135714292581,3.12661744678505
606.875725048199,105.433375434505,3.96505107309247
389.032422510185,226.251336650582,4.18869865004833
566.308442845793,407.579043617133,4.73529878480138
132.745894816129,285.924468062899,4.78482751098161
196.944299243933,369.003283976763,4.04023749527511
124.448177800048,409.301599721353,3.46804811196851
627.914775155613,315.88518693722,4.59677984945517
3.44436416508013,147.125854859843,4.38663702237404
542.125866207479,202.927556226772,4.17461502509693
33.2095833325897,492.072896120289,2.93421885125798
279.878751642073,23.2468808884838,3.88770562696229
533.466886272478,391.869168205268,3.47078189247873
69.6661330967328,75.4901258918323,5.24723124909548
3.87872033855718,74.8357643661653,3.5153822145288
589.622664483189,225.188799063069,4.05667567561431
432.664673868272,459.630826781083,4.73794875047355
657.203379762589,376.125357301555,2.96345183323063
104.597053751957,487.17405758801,4.45631302765362
622.332038809185,89.6900465777069,4.08166835520239
419.008499328113,258.935745311983,3.51345575242946
12.3407787837036,180.636668150451,3.32097164959171
56.0549063723982,122.326330840802,4.69873283247993
614.585330653586,201.29600502263,4.40622918458639
243.632194845472,223.350536685062,4.01805623513248
572.4935664733,428.154780300411,3.65028412573218
295.975529377468,136.985188829021,3.76324516002874
524.840248271423,463.420169413473,3.6631567524699
43.6768256611223,417.618575535153,4.1154898522653
199.304138529824,281.438734092475,3.89032273953965
552.175977771901,260.44041350548,3.73258497725014
171.280490851331,23.0337764066264,4.28152263845657
489.755946297854,342.30075020348,4.71940053757941
39.2297650004115,45.7166891627912,3.95151449142212
527.367420774092,140.401327769292,4.6727815310837
NA,NA,NA
661.237816026126,335.205267850492,3.5098364491785
455.994591512101,299.131648943122,3.68690581459097
9.49577495652825,496.60159351521,3.6568335603585
555.502877870055,49.8946607474088,4.23650726202863
70.6084012895032,373.974921725729,4.03976723864518
227.221245599452,413.881239344639,3.88809928759955
429.916655985444,12.6515218846365,3.3146158430858
362.025449949303,290.135714292581,3.12661744678505
606.875725048199,105.433375434505,3.96505107309247
389.032422510185,226.251336650582,4.18869865004833
566.308442845793,407.579043617133,4.73529878480138
132.745894816129,285.924468062899,4.78482751098161
196.944299243933,369.003283976763,4.04023749527511
124.448177800048,409.301599721353,3.46804811196851
627.914775155613,315.88518693722,4.59677984945517
3.44436416508013,147.125854859843,4.38663702237404
542.125866207479,202.927556226772,4.17461502509693
33.2095833325897,492.072896120289,2.93421885125798
279.878751642073,23.2468808884838,3.88770562696229
533.466886272478,391.869168205268,3.47078189247873
69.6661330967328,75.4901258918323,5.24723124909548
3.87872033855718,74.8357643661653,3.5153822145288
589.622664483189,225.188799063069,4.05667567561431
432.664673868272,459.630826781083,4.73794875047355
657.203379762589,376.125357301555,2.96345183323063
104.597053751957,487.17405758801,4.45631302765362
622.332038809185,89.6900465777069,4.08166835520239
419.008499328113,258.935745311983,3.51345575242946
12.3407787837036,180.636668150451,3.32097164959171
56.0549063723982,122.326330840802,4.69873283247993
614.585330653586,201.29600502263,4.40622918458639
243.632194845472,223.350536685062,4.01805623513248
572.4935664733,428.154780300411,3.65028412573218
295.975529377468,136.985188829021,3.76324516002874
524.840248271423,463.420169413473,3.6631567524699
43.6768256611223,417.618575535153,4.1154898522653
199.304138529824,281.438734092475,3.89032273953965
552.175977771901,260.44041350548,3.73258497725014
171.280490851331,23.0337764066264,4.28152263845657
489.755946297854,342.30075020348,4.71940053757941
39.2297650004115,45.7166891627912,3.95151449142212
527.367420774092,140.401327769292,4.6727815310837
NA,NA,NA
661.237816026126,335.205267850492,3.5098364491785
455.994591512101,299.131648943122,3.68690581459097
9.49577495652825,496.60159351521,3.6568335603585
555.502877870055,49.8946607474088,4.23650726202863
70.6084012895032,373.974921725729,4.03976723864518
227.221245599452,413.881239344639,3.88809928759955
429.916655985444,12.6515218846365,3.3146158430858
362.025449949303,290.135714292581,3.12661744678505
606.875725048199,105.433375434505,3.96505107309247
389.032422510185,226.251336650582,4.18869865004833
566.308442845793,407.579043617133,4.73529878480138
132.745894816129,285.924468062899,4.78482751098161
196.944299243933,369.003283976763,4.04023749527511
124.448177800048,409.301599721353,3.46804811196851
627.914775155613,315.88518693722,4.59677984945517
3.44436416508013,147.125854859843,4.38663702237404
542.125866207479,202.927556226772,4.17461502509693
33.2095833325897,492.072896120289,2.93421885125798
279.878751642073,23.2468808884838,3.88770562696229
533.466886272478,391.869168205268,3.47078189247873
69.6661330967328,75.4901258918323,5.24723124909548
3.87872033855718,74.8357643661653,3.5153822145288
589.622664483189,225.188799063069,4.05667567561431
432.664673868272,459.630826781083,4.73794875047355
657.203379762589,376.125357301555,2.96345183323063
104.597053751957,487.17405758801,4.45631302765362
622.332038809185,89.6900465777069,4.08166835520239
419.008499328113,258.935745311983,3.51345575242946
12.3407787837036,180.636668150451,3.32097164959171
56.0549063723982,122.326330840802,4.69873283247993
614.585330653586,201.29600502263,4.40622918458639
243.632194845472,223.350536685062,4.01805623513248
572.4935664733,428.154780300411,3.65028412573218
295.975529377468,136.985188829021,3.76324516002874
524.840248271423,463.420169413473,3.6631567524699
43.6768256611223,417.618575535153,4.1154898522653
199.304138529824,281.438734092475,3.89032273953965
552.175977771901,260.44041350548,3.73258497725014
171.280490851331,23.0337764066264,4.28152263845657
489.755946297854,342.30075020348,4.71940053757941
39.2297650004115,45.7166891627912,3.95151449142212
527.367420774092,140.401327769292,4.6727815310837
NA,NA,NA
662.184794602192,333.020018581669,3.47668875334833
460.791263024616,300.65344298394,3.5012345602072
10.7807386308399,493.288739927468,3.56302476320767
560.149996663011,51.2279326397826,4.17593953097934
71.8142029165554,377.838777653988,3.934649685439
226.365892756787,413.505895221955,3.82251223557599
428.798349908921,13.017065641459,3.32372633775563
359.855399871609,292.627888572202,3.04551526766709
605.93450694587,103.255596166963,4.02122384343982
397.612805584792,228.271697495197,4.17615365078565
567.522739321571,408.407096040802,4.74932789215614
142.046370692198,285.94758994764,4.56797058187104
194.12072235405,367.705395948867,4.0980039405001
127.246328699739,410.432008407522,3.36396275180527
632.841314423376,317.854905095394,4.64033683793034
-5.00690674389579,148.945701737439,4.24306556997416
540.217305003539,197.577605094441,4.18090246614821
32.6033388687096,489.608549006711,2.95159650111411
281.037369903591,26.0252259655905,3.81292843718498
533.234182729497,391.165145118179,3.58301772561289
74.1610775082725,75.4586267028343,5.28205553661147
7.1043227004406,78.125255823042,3.4672482326124
588.092272521229,223.662957680524,3.9781123857183
444.393618751579,454.351362989052,4.76377543064932
660.116095805439,372.885056633312,3.20779626222079
103.108213568626,486.657623646753,4.32418844939186
626.438527073803,88.7666940637992,4.11714582436474
420.997979940281,259.606193291296,3.62879783033391
11.2163181067953,181.710343754515,3.28628055863745
64.0150887957413,117.77917424909,4.32780503068487
616.510671390451,190.452156808923,4.49840008536211
254.527801401485,221.301640303183,3.87114879511991
575.311135930611,432.402909575917,3.85746927774095
302.080379355745,143.44220564487,3.77150733479137
527.382937754373,461.40983415524,3.81500320071124
44.8876299521621,414.866381603541,3.70785018484847
195.87010203951,291.989375604725,4.1364903566665
558.943866390259,266.82857752415,3.81125651179792
162.029822614981,32.5125423939732,4.42321896363756
495.688412011083,349.719550842049,4.46705325999328
30.2364009577095,55.2347310343773,3.35026355790368
539.593265512344,153.835452918393,4.5244342756198
NA,NA,NA
662.184794602192,333.020018581669,3.47668875334833
460.791263024616,300.65344298394,3.5012345602072
10.7807386308399,493.288739927468,3.56302476320767
560.149996663011,51.2279326397826,4.17593953097934
71.8142029165554,377.838777653988,3.934649685439
226.365892756787,413.505895221955,3.82251223557599
428.798349908921,13.017065641459,3.32372633775563
359.855399871609,292.627888572202,3.04551526766709
605.93450694587,103.255596166963,4.02122384343982
397.612805584792,228.271697495197,4.17615365078565
567.522739321571,408.407096040802,4.74932789215614
142.046370692198,285.94758994764,4.56797058187104
194.12072235405,367.705395948867,4.0980039405001
127.246328699739,410.432008407522,3.36396275180527
632.841314423376,317.854905095394,4.64033683793034
-5.00690674389579,148.945701737439,4.24306556997416
540.217305003539,197.577605094441,4.18090246614821
32.6033388687096,489.608549006711,2.95159650111411
281.037369903591,26.0252259655905,3.81292843718498
533.234182729497,391.165145118179,3.58301772561289
74.1610775082725,75.4586267028343,5.28205553661147
7.1043227004406,78.125255823042,3.4672482326124
588.092272521229,223.662957680524,3.9781123857183
444.393618751579,454.351362989052,4.76377543064932
660.116095805439,372.885056633312,3.20779626222079
103.108213568626,486.657623646753,4.32418844939186
626.438527073803,88.7666940637992,4.11714582436474
420.997979940281,259.606193291296,3.62879783033391
11.2163181067953,181.710343754515,3.28628055863745
64.0150887957413,117.77917424909,4.32780503068487
616.510671390451,190.452156808923,4.49840008536211
254.527801401485,221.301640303183,3.87114879511991
575.311135930611,432.402909575917,3.85746927774095
302.080379355745,143.44220564487,3.77150733479137
527.382937754373,461.40983415524,3.81500320071124
44.8876299521621,414.866381603541,3.70785018484847
195.87010203951,291.989375604725,4.1364903566665
558.943866390259,266.82857752415,3.81125651179792
162.029822614981,32.5125423939732,4.42321896363756
495.688412011083,349.719550842049,4.46705325999328
30.2364009577095,55.2347310343773,3.35026355790368
539.593265512344,153.835452918393,4.5244342756198
NA,NA,NA
662.184794602192,333.020018581669,3.47668875334833
460.791263024616,300.65344298394,3.5012345602072
10.7807386308399,493.288739927468,3.56302476320767
560.149996663011,51.2279326397826,4.17593953097934
71.8142029165554,377.838777653988,3.934649685439
226.365892756787,413.505895221955,3.82251223557599
428.798349908921,13.017065641459,3.32372633775563
359.855399871609,292.627888572202,3.04551526766709
605.93450694587,103.255596166963,4.02122384343982
397.612805584792,228.271697495197,4.17615365078565
567.522739321571,408.407096040802,4.74932789215614
142.046370692198,285.94758994764,4.56797058187104
194.12072235405,367.705395948867,4.0980039405001
127.246328699739,410.432008407522,3.36396275180527
632.841314423376,317.854905095394,4.64033683793034
-5.00690674389579,148.945701737439,4.24306556997416
540.217305003539,197.577605094441,4.18090246614821
32.6033388687096,489.608549006711,2.95159650111411
281.037369903591,26.0252259655905,3.81292843718498
533.234182729497,391.165145118179,3.58301772561289
74.1610775082725,75.4586267028343,5.28205553661147
7.1043227004406,78.125255823042,3.4672482326124
588.092272521229,223.662957680524,3.9781123857183
444.393618751579,454.351362989052,4.76377543064932
660.116095805439,372.885056633312,3.20779626222079
103.108213568626,486.657623646753,4.32418844939186
626.438527073803,88.7666940637992,4.11714582436474
420.997979940281,259.606193291296,3.62879783033391
11.2163181067953,181.710343754515,3.28628055863745
64.0150887957413,117.77917424909,4.32780503068487
616.510671390451,190.452156808923,4.49840008536211
254.527801401485,221.301640303183,3.87114879511991
575.311135930611,432.402909575917,3.85746927774095
302.080379355745,143.44220564487,3.77150733479137
527.382937754373,461.40983415524,3.81500320071124
44.8876299521621,414.866381603541,3.70785018484847
195.87010203951,291.989375604725,4.1364903566665
558.943866390259,266.82857752415,3.81125651179792
162.029822614981,32.5125423939732,4.42321896363756
495.688412011083,349.719550842049,4.46705325999328
30.2364009577095,55.2347310343773,3.35026355790368
539.593265512344,153.835452918393,4.5244342756198
NA,NA,NA
662.184794602192,333.020018581669,3.47668875334833
460.791263024616,300.65344298394,3.5012345602072
10.7807386308399,493.288739927468,3.56302476320767
560.149996663011,51.2279326397826,4.17593953097934
71.8142029165554,377.838777653988,3.934649685439
226.365892756787,413.505895221955,3.82251223557599
428.798349908921,13.017065641459,3.32372633775563
359.855399871609,292.627888572202,3.04551526766709
605.93450694587,103.255596166963,4.02122384343982
397.612805584792,228.271697495197,4.17615365078565
567.522739321571,408.407096040802,4.74932789215614
142.046370692198,285.94758994764,4.56797058187104
194.12072235405,367.705395948867,4.0980039405001
127.246328699739,410.432008407522,3.36396275180527
632.841314423376,317.854905095394,4.64033683793034
-5.00690674389579,148.945701737439,4.24306556997416
540.217305003539,197.577605094441,4.18090246614821
32.6033388687096,489.608549006711,2.95159650111411
281.037369903591,26.0252259655905,3.81292843718498
533.234182729497,391.165145118179,3.58301772561289
74.1610775082725,75.4586267028343,5.28205553661147
7.1043227004406,78.125255823042,3.4672482326124
588.092272521229,223.662957680524,3.9781123857183
444.393618751579,454.351362989052,4.76377543064932
660.116095805439,372.885056633312,3.20779626222079
103.108213568626,486.657623646753,4.32418844939186
626.438527073803,88.7666940637992,4.11714582436474
420.997979940281,259.606193291296,3.62879783033391
11.2163181067953,181.710343754515,3.28628055863745
64.0150887957413,117.77917424909,4.32780503068487
616.510671390451,190.452156808923,4.49840008536211
254.527801401485,221.301640303183,3.87114879511991
575.311135930611,432.402909575917,3.85746927774095
302.080379355745,143.44220564487,3.77150733479137
527.382937754373,461.40983415524,3.81500320071124
44.8876299521621,414.866381603541,3.70785018484847
195.87010203951,291.989375604725,4.1364903566665
558.943866390259,266.82857752415,3.81125651179792
162.029822614981,32.5125423939732,4.42321896363756
495.688412011083,349.719550842049,4.46705325999328
30.2364009577095,55.2347310343773,3.35026355790368
539.593265512344,153.835452918393,4.5244342756198
NA,NA,NA
662.184794602192,333.020018581669,3.47668875334833
460.791263024616,300.65344298394,3.5012345602072
10.7807386308399,493.288739927468,3.56302476320767
560.149996663011,51.2279326397826,4.17593953097934
71.8142029165554,377.838777653988,3.934649685439
226.365892756787,413.505895221955,3.82251223557599
428.798349908921,13.017065641459,3.32372633775563
359.855399871609,292.627888572202,3.04551526766709
605.93450694587,103.255596166963,4.02122384343982
397.612805584792,228.271697495197,4.17615365078565
567.522739321571,408.407096040802,4.74932789215614
142.046370692198,285.94758994764,4.56797058187104
194.12072235405,367.705395948867,4.0980039405001
127.246328699739,410.432008407522,3.36396275180527
632.841314423376,317.854905095394,4.64033683793034
-5.00690674389579,148.945701737439,4.24306556997416
540.217305003539,197.577605094441,4.18090246614821
32.6033388687096,489.608549006711,2.95159650111411
281.037369903591,26.0252259655905,3.81292843718498
533.234182729497,391.165145118179,3.58301772561289
74.1610775082725,75.4586267028343,5.28205553661147
7.1043227004406,78.125255823042,3.4672482326124
588.092272521229,223.662957680524,3.9781123857183
444.393618751579,454.351362989052,4.76377543064932
660.116095805439,372.885056633312,3.20779626222079
103.108213568626,486.657623646753,4.32418844939186
626.438527073803,88.7666940637992,4.11714582436474
420.997979940281,259.606193291296,3.62879783033391
11.2163181067953,181.710343754515,3.28628055863745
64.0150887957413,117.77917424909,4.32780503068487
616.510671390451,190.452156808923,4.49840008536211
254.527801401485,221.301640303183,3.87114879511991
575.311135930611,432.402909575917,3.85746927774095
302.080379355745,143.44220564487,3.77150733479137
527.382937754373,461.40983415524,3.81500320071124
44.8876299521621,414.866381603541,3.70785018484847
195.87010203951,291.989375604725,4.1364903566665
558.943866390259,266.82857752415,3.81125651179792
162.029822614981,32.5125423939732,4.42321896363756
495.688412011083,349.719550842049,4.46705325999328
30.2364009577095,55.2347310343773,3.35026355790368
539.593265512344,153.835452918393,4.5244342756198
NA,NA,NA
662.184794602192,333.020018581669,3.47668875334833
460.791263024616,300.65344298394,3.5012345602072
10.7807386308399,493.288739927468,3.56302476320767
560.149996663011,51.2279326397826,4.17593953097934
71.8142029165554,377.838777653988,3.934649685439
226.365892756787,413.505895221955,3.82251223557599
428.798349908921,13.017065641459,3.32372633775563
359.855399871609,292.627888572202,3.04551526766709
605.93450694587,103.255596166963,4.02122384343982
397.612805584792,228.271697495197,4.17615365078565
567.522739321571,408.407096040802,4.74932789215614
142.046370692198,285.94758994764,4.56797058187104
194.12072235405,367.705395948867,4.0980039405001
127.246328699739,410.432008407522,3.36396275180527
632.841314423376,317.854905095394,4.64033683793034
-5.00690674389579,148.945701737439,4.24306556997416
540.217305003539,197.577605094441,4.18090246614821
32.6033388687096,489.608549006711,2.95159650111411
281.037369903591,26.0252259655905,3.81292843718498
533.234182729497,391.165145118179,3.58301772561289
74.1610775082725,75.4586267028343,5.28205553661147
7.1043227004406,78.125255823042,3.4672482326124
588.092272521229,223.662957680524,3.9781123857183
444.393618751579,454.351362989052,4.76377543064932
660.116095805439,372.885056633312,3.20779626222079
103.108213568626,486.657623646753,4.32418844939186
626.438527073803,88.7666940637992,4.11714582436474
420.997979940281,259.606193291296,3.62879783033391
11.2163181067953,181.710343754515,3.28628055863745
64.0150887957413,117.77917424909,4.32780503068487
616.510671390451,190.452156808923,4.49840008536211
254.527801401485,221.301640303183,3.87114879511991
575.311135930611,432.402909575917,3.85746927774095
302.080379355745,143.44220564487,3.77150733479137
527.382937754373,461.40983415524,3.81500320071124
44.8876299521621,414.866381603541,3.70785018484847
195.87010203951,291.989375604725,4.1364903566665
558.943866390259,266.82857752415,3.81125651179792
162.029822614981,32.5125423939732,4.42321896363756
495.688412011083,349.719550842049,4.46705325999328
30.2364009577095,55.2347310343773,3.35026355790368
539.593265512344,153.835452918393,4.5244342756198
NA,NA,NA
661.781502123345,341.43793511379,3.51166556979904
455.502326119215,300.343626408709,3.44270997463307
9.35175511956707,497.774673446649,3.53824848728341
564.286834323747,50.8074441213228,4.12203409550187
72.0438808222203,371.095811627295,3.85446566397412
229.612464590301,417.576283665036,3.89977567041835
426.072806755358,12.3728436642145,3.435650701887
362.759772634943,295.103126955491,3.11225164820793
602.399145890124,108.910087597022,4.00409229005515
392.422185306167,232.332718933109,4.14856798076747
571.267137290908,409.134646397491,4.7385899338689
145.313644126198,284.889007144468,4.45944480491268
202.206376243367,365.02276707646,3.97118206782717
128.516074797395,415.010493953736,3.34769846752146
628.764631107134,316.425179556168,4.56285758271641
3.72746993133229,149.720413297231,4.2021169010655
544.492656386814,205.966775358362,4.05681613954136
35.0920928037164,492.201344302744,3.04597434675956
279.046921190152,24.8086432942608,3.76241542772661
531.199297945755,391.013915093054,3.54279423540277
71.3721188185553,69.8597543550579,5.37257817475787
3.65034565902518,77.9809028524089,3.49349618548422
586.542055186096,227.445376862615,3.99900321346956
431.054727120532,460.334052223928,4.81607588035529
661.435298953181,375.060869630506,3.07554936895915
104.786751296859,491.713470903297,4.33618943819596
622.199711047152,93.0189228974937,4.04895644594157
422.115417429555,256.76070389373,3.60175784275408
12.6478992911462,180.301573516206,3.16319994350717
70.9137889438696,131.811958143821,4.36316999972663
588.956757359377,209.648635531677,4.26020353635606
262.243027716584,225.080668151786,3.7171156418535
563.564727315851,436.162029300899,3.73880459874571
298.90551043011,134.654060219666,3.64189222185881
522.176559585371,455.42542981099,3.56756595391021
50.5550937734764,405.23402353969,4.4452119403778
198.635951511331,275.845251633877,3.76089366541219
547.331998175983,266.09828440398,3.95253853758771
174.044306669897,33.4488146632867,4.42040382823085
493.940715952858,340.538021601222,4.42876440639402
37.8603730105876,44.6431089258564,3.70399996853892
550.265862887646,145.189225083742,4.76424065704751
NA,NA,NA
661.781502123345,341.43793511379,3.51166556979904
455.502326119215,300.343626408709,3.44270997463307
9.35175511956707,497.774673446649,3.53824848728341
564.286834323747,50.8074441213228,4.12203409550187
72.0438808222203,371.095811627295,3.85446566397412
229.612464590301,417.576283665036,3.89977567041835
426.072806755358,12.3728436642145,3.435650701887
362.759772634943,295.103126955491,3.11225164820793
602.399145890124,108.910087597022,4.00409229005515
392.422185306167,232.332718933109,4.14856798076747
571.267137290908,409.134646397491,4.7385899338689
145.313644126198,284.889007144468,4.45944480491268
202.206376243367,365.02276707646,3.97118206782717
128.516074797395,415.010493953736,3.34769846752146
628.764631107134,316.425179556168,4.56285758271641
3.72746993133229,149.720413297231,4.2021169010655
544.492656386814,205.966775358362,4.05681613954136
35.0920928037164,492.201344302744,3.04597434675956
279.046921190152,24.8086432942608,3.76241542772661
531.199297945755,391.013915093054,3.54279423540277
71.3721188185553,69.8597543550579,5.37257817475787
3.65034565902518,77.9809028524089,3.49349618548422
586.542055186096,227.445376862615,3.99900321346956
431.054727120532,460.334052223928,4.81607588035529
661.435298953181,375.060869630506,3.07554936895915
104.786751296859,491.713470903297,4.33618943819596
622.199711047152,93.0189228974937,4.04895644594157
422.115417429555,256.76070389373,3.60175784275408
12.6478992911462,180.301573516206,3.16319994350717
70.9137889438696,131.811958143821,4.36316999972663
588.956757359377,209.648635531677,4.26020353635606
262.243027716584,225.080668151786,3.7171156418535
563.564727315851,436.162029300899,3.73880459874571
298.90551043011,134.654060219666,3.64189222185881
522.176559585371,455.42542981099,3.56756595391021
50.5550937734764,405.23402353969,4.4452119403778
198.635951511331,275.845251633877,3.76089366541219
547.331998175983,266.09828440398,3.95253853758771
174.044306669897,33.4488146632867,4.42040382823085
493.940715952858,340.538021601222,4.42876440639402
37.8603730105876,44.6431089258564,3.70399996853892
550.265862887646,145.189225083742,4.76424065704751
NA,NA,NA
661.781502123345,341.43793511379,3.51166556979904
455.502326119215,300.343626408709,3.44270997463307
9.35175511956707,497.774673446649,3.53824848728341
564.286834323747,50.8074441213228,4.12203409550187
72.0438808222203,371.095811627295,3.85446566397412
229.612464590301,417.576283665036,3.89977567041835
426.072806755358,12.3728436642145,3.435650701887
362.759772634943,295.103126955491,3.11225164820793
602.399145890124,108.910087597022,4.00409229005515
392.422185306167,232.332718933109,4.14856798076747
571.267137290908,409.134646397491,4.7385899338689
145.313644126198,284.889007144468,4.45944480491268
202.206376243367,365.02276707646,3.97118206782717
128.516074797395,415.010493953736,3.34769846752146
628.764631107134,316.425179556168,4.56285758271641
3.72746993133229,149.720413297231,4.2021169010655
544.492656386814,205.966775358362,4.05681613954136
35.0920928037164,492.201344302744,3.04597434675956
279.046921190152,24.8086432942608,3.76241542772661
531.199297945755,391.013915093054,3.54279423540277
71.3721188185553,69.8597543550579,5.37257817475787
3.65034565902518,77.9809028524089,3.49349618548422
586.542055186096,227.445376862615,3.99900321346956
431.054727120532,460.334052223928,4.81607588035529
661.435298953181,375.060869630506,3.07554936895915
104.786751296859,491.713470903297,4.33618943819596
622.199711047152,93.0189228974937,4.04895644594157
422.115417429555,256.76070389373,3.60175784275408
12.6478992911462,180.301573516206,3.16319994350717
70.9137889438696,131.811958143821,4.36316999972663
588.956757359377,209.648635531677,4.26020353635606
262.243027716584,225.080668151786,3.7171156418535
563.564727315851,436.162029300899,3.73880459874571
298.90551043011,134.654060219666,3.64189222185881
522.176559585371,455.42542981099,3.56756595391021
50.5550937734764,405.23402353969,4.4452119403778
198.635951511331,275.845251633877,3.76089366541219
547.331998175983,266.09828440398,3.95253853758771
174.044306669897,33.4488146632867,4.42040382823085
493.940715952858,340.538021601222,4.42876440639402
37.8603730105876,44.6431089258564,3.70399996853892
550.265862887646,145.189225083742,4.76424065704751
NA,NA,NA
661.781502123345,341.43793511379,3.51166556979904
455.502326119215,300.343626408709,3.44270997463307
9.35175511956707,497.774673446649,3.53824848728341
564.286834323747,50.8074441213228,4.12203409550187
72.0438808222203,371.095811627295,3.85446566397412
229.612464590301,417.576283665036,3.89977567041835
426.072806755358,12.3728436642145,3.435650701887
362.759772634943,295.103126955491,3.11225164820793
602.399145890124,108.910087597022,4.00409229005515
392.422185306167,232.332718933109,4.14856798076747
571.267137290908,409.134646397491,4.7385899338689
145.313644126198,284.889007144468,4.45944480491268
202.206376243367,365.02276707646,3.97118206782717
128.516074797395,415.010493953736,3.34769846752146
628.764631107134,316.425179556168,4.56285758271641
3.72746993133229,149.720413297231,4.2021169010655
544.492656386814,205.966775358362,4.05681613954136
35.0920928037164,492.201344302744,3.04597434675956
279.046921190152,24.8086432942608,3.76241542772661
531.199297945755,391.013915093054,3.54279423540277
71.3721188185553,69.8597543550579,5.37257817475787
3.65034565902518,77.9809028524089,3.49349618548422
586.542055186096,227.445376862615,3.99900321346956
431.054727120532,460.334052223928,4.81607588035529
661.435298953181,375.060869630506,3.07554936895915
104.786751296859,491.713470903297,4.33618943819596
622.199711047152,93.0189228974937,4.04895644594157
422.115417429555,256.76070389373,3.60175784275408
12.6478992911462,180.301573516206,3.16319994350717
70.9137889438696,131.811958143821,4.36316999972663
588.956757359377,209.648635531677,4.26020353635606
262.243027716584,225.080668151786,3.7171156418535
563.564727315851,436.162029300899,3.73880459874571
298.90551043011,134.654060219666,3.64189222185881
522.176559585371,455.42542981099,3.56756595391021
50.5550937734764,405.23402353969,4.4452119403778
198.635951511331,275.845251633877,3.76089366541219
547.331998175983,266.09828440398,3.95253853758771
174.044306669897,33.4488146632867,4.42040382823085
493.940715952858,340.538021601222,4.42876440639402
37.8603730105876,44.6431089258564,3.70399996853892
550.265862887646,145.189225083742,4.76424065704751
NA,NA,NA
661.781502123345,341.43793511379,3.51166556979904
455.502326119215,300.343626408709,3.44270997463307
9.35175511956707,497.774673446649,3.53824848728341
564.286834323747,50.8074441213228,4.12203409550187
72.0438808222203,371.095811627295,3.85446566397412
229.612464590301,417.576283665036,3.89977567041835
426.072806755358,12.3728436642145,3.435650701887
362.759772634943,295.103126955491,3.11225164820793
602.399145890124,108.910087597022,4.00409229005515
392.422185306167,232.332718933109,4.14856798076747
571.267137290908,409.134646397491,4.7385899338689
145.313644126198,284.889007144468,4.45944480491268
202.206376243367,365.02276707646,3.97118206782717
128.516074797395,415.010493953736,3.34769846752146
628.764631107134,316.425179556168,4.56285758271641
3.72746993133229,149.720413297231,4.2021169010655
544.492656386814,205.966775358362,4.05681613954136
35.0920928037164,492.201344302744,3.04597434675956
279.046921190152,24.8086432942608,3.76241542772661
531.199297945755,391.013915093054,3.54279423540277
71.3721188185553,69.8597543550579,5.37257817475787
3.65034565902518,77.9809028524089,3.49349618548422
586.542055186096,227.445376862615,3.99900321346956
431.054727120532,460.334052223928,4.81607588035529
661.435298953181,375.060869630506,3.07554936895915
104.786751296859,491.713470903297,4.33618943819596
622.199711047152,93.0189228974937,4.04895644594157
422.115417429555,256.76070389373,3.60175784275408
12.6478992911462,180.301573516206,3.16319994350717
70.9137889438696,131.811958143821,4.36316999972663
588.956757359377,209.648635531677,4.26020353635606
262.243027716584,225.080668151786,3.7171156418535
563.564727315851,436.162029300899,3.73880459874571
298.90551043011,134.654060219666,3.64189222185881
522.176559585371,455.42542981099,3.56756595391021
50.5550937734764,405.23402353969,4.4452119403778
198.635951511331,275.845251633877,3.76089366541219
547.331998175983,266.09828440398,3.95253853758771
174.044306669897,33.4488146632867,4.42040382823085
493.940715952858,340.538021601222,4.42876440639402
37.8603730105876,44.6431089258564,3.70399996853892
550.265862887646,145.189225083742,4.76424065704751
NA,NA,NA
661.781502123345,341.43793511379,3.51166556979904
455.502326119215,300.343626408709,3.44270997463307
9.35175511956707,497.774673446649,3.53824848728341
564.286834323747,50.8074441213228,4.12203409550187
72.0438808222203,371.095811627295,3.85446566397412
229.612464590301,417.576283665036,3.89977567041835
426.072806755358,12.3728436642145,3.435650701887
362.759772634943,295.103126955491,3.11225164820793
602.399145890124,108.910087597022,4.00409229005515
392.422185306167,232.332718933109,4.14856798076747
571.267137290908,409.134646397491,4.7385899338689
145.313644126198,284.889007144468,4.45944480491268
202.206376243367,365.02276707646,3.97118206782717
128.516074797395,415.010493953736,3.34769846752146
628.764631107134,316.425179556168,4.56285758271641
3.72746993133229,149.720413297231,4.2021169010655
544.492656386814,205.966775358362,4.05681613954136
35.0920928037164,492.201344302744,3.04597434675956
279.046921190152,24.8086432942608,3.76241542772661
531.199297945755,391.013915093054,3.54279423540277
71.3721188185553,69.8597543550579,5.37257817475787
3.65034565902518,77.9809028524089,3.49349618548422
586.542055186096,227.445376862615,3.99900321346956
431.054727120532,460.334052223928,4.81607588035529
661.435298953181,375.060869630506,3.07554936895915
104.786751296859,491.713470903297,4.33618943819596
622.199711047152,93.0189228974937,4.04895644594157
422.115417429555,256.76070389373,3.60175784275408
12.6478992911462,180.301573516206,3.16319994350717
70.9137889438696,131.811958143821,4.36316999972663
588.956757359377,209.648635531677,4.26020353635606
262.243027716584,225.080668151786,3.7171156418535
563.564727315851,436.162029300899,3.73880459874571
298.90551043011,134.654060219666,3.64189222185881
522.176559585371,455.42542981099,3.56756595391021
50.5550937734764,405.23402353969,4.4452119403778
198.635951511331,275.845251633877,3.76089366541219
547.331998175983,266.09828440398,3.95253853758771
174.044306669897,33.4488146632867,4.42040382823085
493.940715952858,340.538021601222,4.42876440639402
37.8603730105876,44.6431089258564,3.70399996853892
550.265862887646,145.189225083742,4.76424065704751
NA,NA,NA
659.221137864148,330.693193031319,3.46987565178605
457.810125734035,296.769676606737,3.52419516333556
12.687888498761,494.806603458281,3.50720258942468
560.199093177887,53.9136359667662,4.20841339076769
70.3976858925686,377.794534779858,3.96046832243617
226.50599905188,416.321017071822,3.96991799259237
426.149649368387,10.8836567704512,3.23497602390618
360.114822328641,291.209238831081,2.99181773666795
602.198146442841,108.351960001391,4.23769739289916
393.413688940059,226.198865337238,4.22789210997121
567.52866262578,402.165835185455,4.75839508301269
145.847383578766,288.51732772971,4.59529147299227
194.503548493388,370.87175327532,3.96323266772941
124.844496607524,411.476063556215,3.4263563475674
628.198568865813,309.293161020328,4.52424457184368
7.91457362257109,144.840075869714,4.24862702646215
540.708931751407,203.418669909495,4.15153841821738
33.6591909278172,490.560682619152,3.06181788135079
281.708303255761,24.0431148410852,3.73435141330697
533.009722214836,397.254596924852,3.32737960079168
66.3728182694001,81.5359227833528,5.11415680323641
6.38097736379682,72.7420514268949,3.63380887529701
589.99745210081,227.598660457797,3.97212064951528
439.604234989006,461.491126669196,4.8503737524163
658.653543781509,371.741487682682,3.03868035661603
109.416278704482,488.761769945907,4.44151628315278
624.687259248944,93.3556598063388,4.12276468826662
419.19165186983,261.516340678002,3.60868766860437
11.5283144761924,182.389428971775,3.2075633389086
74.508808676589,118.656344621717,4.34401347079455
615.307500884233,206.970361585343,4.29971360356689
251.306479379316,224.145276297022,3.63189231888349
570.769751812815,437.951214700022,3.67062878097392
300.39809753523,135.383331341943,3.83738390937741
531.492094270152,461.867520344948,3.52558713415788
45.0678316399384,414.878269524873,3.99181836733504
199.76335275132,290.894272227746,4.24348331028393
539.934397781635,260.466877845314,3.63952873784829
179.151365845844,30.9281087622783,4.50033138471699
492.163251702784,342.705896117402,4.58571016976014
41.5943265006902,48.3063268403678,4.59996830546064
520.588320036446,159.05714968947,5.03867556191545
NA,NA,NA
659.221137864148,330.693193031319,3.46987565178605
457.810125734035,296.769676606737,3.52419516333556
12.687888498761,494.806603458281,3.50720258942468
560.199093177887,53.9136359667662,4.20841339076769
70.3976858925686,377.794534779858,3.96046832243617
226.50599905188,416.321017071822,3.96991799259237
426.149649368387,10.8836567704512,3.23497602390618
360.114822328641,291.209238831081,2.99181773666795
602.198146442841,108.351960001391,4.23769739289916
393.413688940059,226.198865337238,4.22789210997121
567.52866262578,402.165835185455,4.75839508301269
145.847383578766,288.51732772971,4.59529147299227
194.503548493388,370.87175327532,3.96323266772941
124.844496607524,411.476063556215,3.4263563475674
628.198568865813,309.293161020328,4.52424457184368
7.91457362257109,144.840075869714,4.24862702646215
540.708931751407,203.418669909495,4.15153841821738
33.6591909278172,490.560682619152,3.06181788135079
281.708303255761,24.0431148410852,3.73435141330697
533.009722214836,397.254596924852,3.32737960079168
66.3728182694001,81.5359227833528,5.11415680323641
6.38097736379682,72.7420514268949,3.63380887529701
589.99745210081,227.598660457797,3.97212064951528
439.604234989006,461.491126669196,4.8503737524163
658.653543781509,371.741487682682,3.03868035661603
109.416278704482,488.761769945907,4.44151628315278
624.687259248944,93.3556598063388,4.12276468826662
419.19165186983,261.516340678002,3.60868766860437
11.5283144761924,182.389428971775,3.2075633389086
74.508808676589,118.656344621717,4.34401347079455
615.307500884233,206.970361585343,4.29971360356689
251.306479379316,224.145276297022,3.63189231888349
570.769751812815,437.951214700022,3.67062878097392
300.39809753523,135.383331341943,3.83738390937741
531.492094270152,461.867520344948,3.52558713415788
45.0678316399384,414.878269524873,3.99181836733504
199.76335275132,290.894272227746,4.24348331028393
539.934397781635,260.466877845314,3.63952873784829
179.151365845844,30.9281087622783,4.50033138471699
492.163251702784,342.705896117402,4.58571016976014
41.5943265006902,48.3063268403678,4.59996830546064
520.588320036446,159.05714968947,5.03867556191545
NA,NA,NA
659.221137864148,330.693193031319,3.46987565178605
457.810125734035,296.769676606737,3.52419516333556
12.687888498761,494.806603458281,3.50720258942468
560.199093177887,53.9136359667662,4.20841339076769
70.3976858925686,377.794534779858,3.96046832243617
226.50599905188,416.321017071822,3.96991799259237
426.149649368387,10.8836567704512,3.23497602390618
360.114822328641,291.209238831081,2.99181773666795
602.198146442841,108.351960001391,4.23769739289916
393.413688940059,226.198865337238,4.22789210997121
567.52866262578,402.165835185455,4.75839508301269
145.847383578766,288.51732772971,4.59529147299227
194.503548493388,370.87175327532,3.96323266772941
124.844496607524,411.476063556215,3.4263563475674
628.198568865813,309.293161020328,4.52424457184368
7.91457362257109,144.840075869714,4.24862702646215
540.708931751407,203.418669909495,4.15153841821738
33.6591909278172,490.560682619152,3.06181788135079
281.708303255761,24.0431148410852,3.73435141330697
533.009722214836,397.254596924852,3.32737960079168
66.3728182694001,81.5359227833528,5.11415680323641
6.38097736379682,72.7420514268949,3.63380887529701
589.99745210081,227.598660457797,3.97212064951528
439.604234989006,461.491126669196,4.8503737524163
658.653543781509,371.741487682682,3.03868035661603
109.416278704482,488.761769945907,4.44151628315278
624.687259248944,93.3556598063388,4.12276468826662
419.19165186983,261.516340678002,3.60868766860437
11.5283144761924,182.389428971775,3.2075633389086
74.508808676589,118.656344621717,4.34401347079455
615.307500884233,206.970361585343,4.29971360356689
251.306479379316,224.145276297022,3.63189231888349
570.769751812815,437.951214700022,3.67062878097392
300.39809753523,135.383331341943,3.83738390937741
531.492094270152,461.867520344948,3.52558713415788
45.0678316399384,414.878269524873,3.99181836733504
199.76335275132,290.894272227746,4.24348331028393
539.934397781635,260.466877845314,3.63952873784829
179.151365845844,30.9281087622783,4.50033138471699
492.163251702784,342.705896117402,4.58571016976014
41.5943265006902,48.3063268403678,4.59996830546064
520.588320036446,159.05714968947,5.03867556191545
NA,NA,NA
659.221137864148,330.693193031319,3.46987565178605
457.810125734035,296.769676606737,3.52419516333556
12.687888498761,494.806603458281,3.50720258942468
560.199093177887,53.9136359667662,4.20841339076769
70.3976858925686,377.794534779858,3.96046832243617
226.50599905188,416.321017071822,3.96991799259237
426.149649368387,10.8836567704512,3.23497602390618
360.114822328641,291.209238831081,2.99181773666795
602.198146442841,108.351960001391,4.23769739289916
393.413688940059,226.198865337238,4.22789210997121
567.52866262578,402.165835185455,4.75839508301269
145.847383578766,288.51732772971,4.59529147299227
194.503548493388,370.87175327532,3.96323266772941
124.844496607524,411.476063556215,3.4263563475674
628.198568865813,309.293161020328,4.52424457184368
7.91457362257109,144.840075869714,4.24862702646215
540.708931751407,203.418669909495,4.15153841821738
33.6591909278172,490.560682619152,3.06181788135079
281.708303255761,24.0431148410852,3.73435141330697
533.009722214836,397.254596924852,3.32737960079168
66.3728182694001,81.5359227833528,5.11415680323641
6.38097736379682,72.7420514268949,3.63380887529701
589.99745210081,227.598660457797,3.97212064951528
439.604234989006,461.491126669196,4.8503737524163
658.653543781509,371.741487682682,3.03868035661603
109.416278704482,488.761769945907,4.44151628315278
624.687259248944,93.3556598063388,4.12276468826662
419.19165186983,261.516340678002,3.60868766860437
11.5283144761924,182.389428971775,3.2075633389086
74.508808676589,118.656344621717,4.34401347079455
615.307500884233,206.970361585343,4.29971360356689
251.306479379316,224.145276297022,3.63189231888349
570.769751812815,437.951214700022,3.67062878097392
300.39809753523,135.383331341943,3.83738390937741
531.492094270152,461.867520344948,3.52558713415788
45.0678316399384,414.878269524873,3.99181836733504
199.76335275132,290.894272227746,4.24348331028393
539.934397781635,260.466877845314,3.63952873784829
179.151365845844,30.9281087622783,4.50033138471699
492.163251702784,342.705896117402,4.58571016976014
41.5943265006902,48.3063268403678,4.59996830546064
520.588320036446,159.05714968947,5.03867556191545
NA,NA,NA
659.221137864148,330.693193031319,3.46987565178605
457.810125734035,296.769676606737,3.52419516333556
12.687888498761,494.806603458281,3.50720258942468
560.199093177887,53.9136359667662,4.20841339076769
70.3976858925686,377.794534779858,3.96046832243617
226.50599905188,416.321017071822,3.96991799259237
426.149649368387,10.8836567704512,3.23497602390618
360.114822328641,291.209238831081,2.99181773666795
602.198146442841,108.351960001391,4.23769739289916
393.413688940059,226.198865337238,4.22789210997121
567.52866262578,402.165835185455,4.75839508301269
145.847383578766,288.51732772971,4.59529147299227
194.503548493388,370.87175327532,3.96323266772941
124.844496607524,411.476063556215,3.4263563475674
628.198568865813,309.293161020328,4.52424457184368
7.91457362257109,144.840075869714,4.24862702646215
540.708931751407,203.418669909495,4.15153841821738
33.6591909278172,490.560682619152,3.06181788135079
281.708303255761,24.0431148410852,3.73435141330697
533.009722214836,397.254596924852,3.32737960079168
66.3728182694001,81.5359227833528,5.11415680323641
6.38097736379682,72.7420514268949,3.63380887529701
589.99745210081,227.598660457797,3.97212064951528
439.604234989006,461.491126669196,4.8503737524163
658.653543781509,371.741487682682,3.03868035661603
109.416278704482,488.761769945907,4.44151628315278
624.687259248944,93.3556598063388,4.12276468826662
419.19165186983,261.516340678002,3.60868766860437
11.5283144761924,182.389428971775,3.2075633389086
74.508808676589,118.656344621717,4.34401347079455
615.307500884233,206.970361585343,4.29971360356689
251.306479379316,224.145276297022,3.63189231888349
570.769751812815,437.951214700022,3.67062878097392
300.39809753523,135.383331341943,3.83738390937741
531.492094270152,461.867520344948,3.52558713415788
45.0678316399384,414.878269524873,3.99181836733504
199.76335275132,290.894272227746,4.24348331028393
539.934397781635,260.466877845314,3.63952873784829
179.151365845844,30.9281087622783,4.50033138471699
492.163251702784,342.705896117402,4.58571016976014
41.5943265006902,48.3063268403678,4.59996830546064
520.588320036446,159.05714968947,5.03867556191545
NA,NA,NA
659.221137864148,330.693193031319,3.46987565178605
457.810125734035,296.769676606737,3.52419516333556
12.687888498761,494.806603458281,3.50720258942468
560.199093177887,53.9136359667662,4.20841339076769
70.3976858925686,377.794534779858,3.96046832243617
226.50599905188,416.321017071822,3.96991799259237
426.149649368387,10.8836567704512,3.23497602390618
360.114822328641,291.209238831081,2.99181773666795
602.198146442841,108.351960001391,4.23769739289916
393.413688940059,226.198865337238,4.22789210997121
567.52866262578,402.165835185455,4.75839508301269
145.847383578766,288.51732772971,4.59529147299227
194.503548493388,370.87175327532,3.96323266772941
124.844496607524,411.476063556215,3.4263563475674
628.198568865813,309.293161020328,4.52424457184368
7.91457362257109,144.840075869714,4.24862702646215
540.708931751407,203.418669909495,4.15153841821738
33.6591909278172,490.560682619152,3.06181788135079
281.708303255761,24.0431148410852,3.73435141330697
533.009722214836,397.254596924852,3.32737960079168
66.3728182694001,81.5359227833528,5.11415680323641
6.38097736379682,72.7420514268949,3.63380887529701
589.99745210081,227.598660457797,3.97212064951528
439.604234989006,461.491126669196,4.8503737524163
658.653543781509,371.741487682682,3.03868035661603
109.416278704482,488.761769945907,4.44151628315278
624.687259248944,93.3556598063388,4.12276468826662
419.19165186983,261.516340678002,3.60868766860437
11.5283144761924,182.389428971775,3.2075633389086
74.508808676589,118.656344621717,4.34401347079455
615.307500884233,206.970361585343,4.29971360356689
251.306479379316,224.145276297022,3.63189231888349
570.769751812815,437.951214700022,3.67062878097392
300.39809753523,135.383331341943,3.83738390937741
531.492094270152,461.867520344948,3.52558713415788
45.0678316399384,414.878269524873,3.99181836733504
199.76335275132,290.894272227746,4.24348331028393
539.934397781635,260.466877845314,3.63952873784829
179.151365845844,30.9281087622783,4.50033138471699
492.163251702784,342.705896117402,4.58571016976014
41.5943265006902,48.3063268403678,4.59996830546064
520.588320036446,159.05714968947,5.03867556191545
NA,NA,NA
663.305817576924,330.336752777003,3.53129800751236
458.303513194763,298.095992337836,3.41774867061539
7.57939266888415,497.777256410999,3.64996712167287
555.972522025421,53.2068142209107,4.09397348412169
76.6712900251833,376.999026598558,4.11451176703996
227.913201295562,410.550641658817,3.97362670757999
426.479248145637,12.1758825462476,3.34365041011979
359.681201968532,294.303417564649,3.08386042345227
604.421563182009,104.460943458062,4.21185957323241
393.720176689278,230.560132911367,4.12078214663492
565.932981679708,409.049194237964,4.75435527050631
142.197076787435,289.615075316506,4.6256066236521
196.151685883114,371.337913531135,4.0371768177004
125.673363883124,412.437737246598,3.4683997778126
631.307934466873,311.793033372526,4.60144740889955
1.07758201832668,152.010907237592,4.34209748420611
541.935478438059,202.403154736525,4.15243895376241
31.3757714138696,490.868183171011,3.04523260362862
279.493608520259,21.1501155011842,3.94917854227621
534.594782703401,392.806912773444,3.34118584797142
75.6413800346252,75.5969799685912,5.36524854332786
4.72722779810102,76.4011155143531,3.56235447248165
591.260647786936,231.059170038577,3.9748214878196
439.745911707542,456.67074428937,4.88171246289164
658.682861548625,371.524700911454,2.73750637322944
108.582887874855,484.461550309538,4.39579785854096
621.88506407895,91.7066976258099,4.09894232901588
421.524205480368,258.232462620917,3.63806438926766
10.3333989736832,181.730258524534,3.12873244564739
80.6873564514355,123.416345289792,4.40720741512393
601.318331352468,200.107684381706,4.50127529063719
248.707039034279,209.049079883498,3.68188990264947
579.128988247906,433.155471570506,4.13428310573733
304.657482812439,139.410067290356,3.86319185957757
534.960296253645,456.01278410039,3.82538792353029
45.7444877077333,420.261713295777,4.09651584174492
195.717258566572,290.899773872779,4.2018652966878
552.454914581996,266.430363854538,3.76831679905487
173.150667030405,20.8053618828471,4.2669173419943
507.483184830213,344.736727923598,4.37214314733331
48.4223379491323,59.3835166377601,4.26579683858905
517.680667634457,164.125436867839,4.55568377256579
NA,NA,NA
663.305817576924,330.336752777003,3.53129800751236
458.303513194763,298.095992337836,3.41774867061539
7.57939266888415,497.777256410999,3.64996712167287
555.972522025421,53.2068142209107,4.09397348412169
76.6712900251833,376.999026598558,4.11451176703996
227.913201295562,410.550641658817,3.97362670757999
426.479248145637,12.1758825462476,3.34365041011979
359.681201968532,294.303417564649,3.08386042345227
604.421563182009,104.460943458062,4.21185957323241
393.720176689278,230.560132911367,4.12078214663492
565.932981679708,409.049194237964,4.75435527050631
142.197076787435,289.615075316506,4.6256066236521
196.151685883114,371.337913531135,4.0371768177004
125.673363883124,412.437737246598,3.4683997778126
631.307934466873,311.793033372526,4.60144740889955
1.07758201832668,152.010907237592,4.34209748420611
541.935478438059,202.403154736525,4.15243895376241
31.3757714138696,490.868183171011,3.04523260362862
279.493608520259,21.1501155011842,3.94917854227621
534.594782703401,392.806912773444,3.34118584797142
75.6413800346252,75.5969799685912,5.36524854332786
4.72722779810102,76.4011155143531,3.56235447248165
591.260647786936,231.059170038577,3.9748214878196
439.745911707542,456.67074428937,4.88171246289164
658.682861548625,371.524700911454,2.73750637322944
108.582887874855,484.461550309538,4.39579785854096
621.88506407895,91.7066976258099,4.09894232901588
421.524205480368,258.232462620917,3.63806438926766
10.3333989736832,181.730258524534,3.12873244564739
80.6873564514355,123.416345289792,4.40720741512393
601.318331352468,200.107684381706,4.50127529063719
248.707039034279,209.049079883498,3.68188990264947
579.128988247906,433.155471570506,4.13428310573733
304.657482812439,139.410067290356,3.86319185957757
534.960296253645,456.01278410039,3.82538792353029
45.7444877077333,420.261713295777,4.09651584174492
195.717258566572,290.899773872779,4.2018652966878
552.454914581996,266.430363854538,3.76831679905487
173.150667030405,20.8053618828471,4.2669173419943
507.483184830213,344.736727923598,4.37214314733331
48.4223379491323,59.3835166377601,4.26579683858905
517.680667634457,164.125436867839,4.55568377256579
NA,NA,NA
663.305817576924,330.336752777003,3.53129800751236
458.303513194763,298.095992337836,3.41774867061539
7.57939266888415,497.777256410999,3.64996712167287
555.972522025421,53.2068142209107,4.09397348412169
76.6712900251833,376.999026598558,4.11451176703996
227.913201295562,410.550641658817,3.97362670757999
426.479248145637,12.1758825462476,3.34365041011979
359.681201968532,294.303417564649,3.08386042345227
604.421563182009,104.460943458062,4.21185957323241
393.720176689278,230.560132911367,4.12078214663492
565.932981679708,409.049194237964,4.75435527050631
142.197076787435,289.615075316506,4.6256066236521
196.151685883114,371.337913531135,4.0371768177004
125.673363883124,412.437737246598,3.4683997778126
631.307934466873,311.793033372526,4.60144740889955
1.07758201832668,152.010907237592,4.34209748420611
541.935478438059,202.403154736525,4.15243895376241
31.3757714138696,490.868183171011,3.04523260362862
279.493608520259,21.1501155011842,3.94917854227621
534.594782703401,392.806912773444,3.34118584797142
75.6413800346252,75.5969799685912,5.36524854332786
4.72722779810102,76.4011155143531,3.56235447248165
591.260647786936,231.059170038577,3.9748214878196
439.745911707542,456.67074428937,4.88171246289164
658.682861548625,371.524700911454,2.73750637322944
108.582887874855,484.461550309538,4.39579785854096
621.88506407895,91.7066976258099,4.09894232901588
421.524205480368,258.232462620917,3.63806438926766
10.3333989736832,181.730258524534,3.12873244564739
80.6873564514355,123.416345289792,4.40720741512393
601.318331352468,200.107684381706,4.50127529063719
248.707039034279,209.049079883498,3.68188990264947
579.128988247906,433.155471570506,4.13428310573733
304.657482812439,139.410067290356,3.86319185957757
534.960296253645,456.01278410039,3.82538792353029
45.7444877077333,420.261713295777,4.09651584174492
195.717258566572,290.899773872779,4.2018652966878
552.454914581996,266.430363854538,3.76831679905487
173.150667030405,20.8053618828471,4.2669173419943
507.483184830213,344.736727923598,4.37214314733331
48.4223379491323,59.3835166377601,4.26579683858905
517.680667634457,164.125436867839,4.55568377256579
NA,NA,NA
663.305817576924,330.336752777003,3.53129800751236
458.303513194763,298.095992337836,3.41774867061539
7.57939266888415,497.777256410999,3.64996712167287
555.972522025421,53.2068142209107,4.09397348412169
76.6712900251833,376.999026598558,4.11451176703996
227.913201295562,410.550641658817,3.97362670757999
426.479248145637,12.1758825462476,3.34365041011979
359.681201968532,294.303417564649,3.08386042345227
604.421563182009,104.460943458062,4.21185957323241
393.720176689278,230.560132911367,4.12078214663492
565.932981679708,409.049194237964,4.75435527050631
142.197076787435,289.615075316506,4.6256066236521
196.151685883114,371.337913531135,4.0371768177004
125.673363883124,412.437737246598,3.4683997778126
631.307934466873,311.793033372526,4.60144740889955
1.07758201832668,152.010907237592,4.34209748420611
541.935478438059,202.403154736525,4.15243895376241
31.3757714138696,490.868183171011,3.04523260362862
279.493608520259,21.1501155011842,3.94917854227621
534.594782703401,392.806912773444,3.34118584797142
75.6413800346252,75.5969799685912,5.36524854332786
4.72722779810102,76.4011155143531,3.56235447248165
591.260647786936,231.059170038577,3.9748214878196
439.745911707542,456.67074428937,4.88171246289164
658.682861548625,371.524700911454,2.73750637322944
108.582887874855,484.461550309538,4.39579785854096
621.88506407895,91.7066976258099,4.09894232901588
421.524205480368,258.232462620917,3.63806438926766
10.3333989736832,181.730258524534,3.12873244564739
80.6873564514355,123.416345289792,4.40720741512393
601.318331352468,200.107684381706,4.50127529063719
248.707039034279,209.049079883498,3.68188990264947
579.128988247906,433.155471570506,4.13428310573733
304.657482812439,139.410067290356,3.86319185957757
534.960296253645,456.01278410039,3.82538792353029
45.7444877077333,420.261713295777,4.09651584174492
195.717258566572,290.899773872779,4.2018652966878
552.454914581996,266.430363854538,3.76831679905487
173.150667030405,20.8053618828471,4.2669173419943
507.483184830213,344.736727923598,4.37214314733331
48.4223379491323,59.3835166377601,4.26579683858905
517.680667634457,164.125436867839,4.55568377256579
NA,NA,NA
663.305817576924,330.336752777003,3.53129800751236
458.303513194763,298.095992337836,3.41774867061539
7.57939266888415,497.777256410999,3.64996712167287
555.972522025421,53.2068142209107,4.09397348412169
76.6712900251833,376.999026598558,4.11451176703996
227.913201295562,410.550641658817,3.97362670757999
426.479248145637,12.1758825462476,3.34365041011979
359.681201968532,294.303417564649,3.08386042345227
604.421563182009,104.460943458062,4.21185957323241
393.720176689278,230.560132911367,4.12078214663492
565.932981679708,409.049194237964,4.75435527050631
142.197076787435,289.615075316506,4.6256066236521
196.151685883114,371.337913531135,4.0371768177004
125.673363883124,412.437737246598,3.4683997778126
631.307934466873,311.793033372526,4.60144740889955
1.07758201832668,152.010907237592,4.34209748420611
541.935478438059,202.403154736525,4.15243895376241
31.3757714138696,490.868183171011,3.04523260362862
279.493608520259,21.1501155011842,3.94917854227621
534.594782703401,392.806912773444,3.34118584797142
75.6413800346252,75.5969799685912,5.36524854332786
4.72722779810102,76.4011155143531,3.56235447248165
591.260647786936,231.059170038577,3.9748214878196
439.745911707542,456.67074428937,4.88171246289164
658.682861548625,371.524700911454,2.73750637322944
108.582887874855,484.461550309538,4.39579785854096
621.88506407895,91.7066976258099,4.09894232901588
421.524205480368,258.232462620917,3.63806438926766
10.3333989736832,181.730258524534,3.12873244564739
80.6873564514355,123.416345289792,4.40720741512393
601.318331352468,200.107684381706,4.50127529063719
248.707039034279,209.049079883498,3.68188990264947
579.128988247906,433.155471570506,4.13428310573733
304.657482812439,139.410067290356,3.86319185957757
534.960296253645,456.01278410039,3.82538792353029
45.7444877077333,420.261713295777,4.09651584174492
195.717258566572,290.899773872779,4.2018652966878
552.454914581996,266.430363854538,3.76831679905487
173.150667030405,20.8053618828471,4.2669173419943
507.483184830213,344.736727923598,4.37214314733331
48.4223379491323,59.3835166377601,4.26579683858905
517.680667634457,164.125436867839,4.55568377256579
NA,NA,NA
663.305817576924,330.336752777003,3.53129800751236
458.303513194763,298.095992337836,3.41774867061539
7.57939266888415,497.777256410999,3.64996712167287
555.972522025421,53.2068142209107,4.09397348412169
76.6712900251833,376.999026598558,4.11451176703996
227.913201295562,410.550641658817,3.97362670757999
426.479248145637,12.1758825462476,3.34365041011979
359.681201968532,294.303417564649,3.08386042345227
604.421563182009,104.460943458062,4.21185957323241
393.720176689278,230.560132911367,4.12078214663492
565.932981679708,409.049194237964,4.75435527050631
142.197076787435,289.615075316506,4.6256066236521
196.151685883114,371.337913531135,4.0371768177004
125.673363883124,412.437737246598,3.4683997778126
631.307934466873,311.793033372526,4.60144740889955
1.07758201832668,152.010907237592,4.34209748420611
541.935478438059,202.403154736525,4.15243895376241
31.3757714138696,490.868183171011,3.04523260362862
279.493608520259,21.1501155011842,3.94917854227621
534.594782703401,392.806912773444,3.34118584797142
75.6413800346252,75.5969799685912,5.36524854332786
4.72722779810102,76.4011155143531,3.56235447248165
591.260647786936,231.059170038577,3.9748214878196
439.745911707542,456.67074428937,4.88171246289164
658.682861548625,371.524700911454,2.73750637322944
108.582887874855,484.461550309538,4.39579785854096
621.88506407895,91.7066976258099,4.09894232901588
421.524205480368,258.232462620917,3.63806438926766
10.3333989736832,181.730258524534,3.12873244564739
80.6873564514355,123.416345289792,4.40720741512393
601.318331352468,200.107684381706,4.50127529063719
248.707039034279,209.049079883498,3.68188990264947
579.128988247906,433.155471570506,4.13428310573733
304.657482812439,139.410067290356,3.86319185957757
534.960296253645,456.01278410039,3.82538792353029
45.7444877077333,420.261713295777,4.09651584174492
195.717258566572,290.899773872779,4.2018652966878
552.454914581996,266.430363854538,3.76831679905487
173.150667030405,20.8053618828471,4.2669173419943
507.483184830213,344.736727923598,4.37214314733331
48.4223379491323,59.3835166377601,4.26579683858905
517.680667634457,164.125436867839,4.55568377256579
NA,NA,NA
659.898152678097,339.120601211989,3.59631542084759
457.348196253777,300.068970342658,3.79971673071477
15.3608527788891,491.351403665396,3.6288479045842
564.481818774769,48.807403330398,4.16200565499348
74.6110689966173,375.700707797906,3.9014110910295
226.375365781274,419.264303004247,3.94207329124336
431.0914200896,15.9821865646231,3.35998216696711
360.712839199514,294.478413300947,3.05558367586501
605.576041108759,105.923597513607,4.24304489680725
392.967096002772,232.407684749391,4.09304330814583
567.384977632794,409.779581707671,4.75186128381626
142.907140099146,282.191901370802,4.60822648410711
197.110364211141,370.440664266674,3.98626715984356
125.159168164314,410.845448315044,3.39045203183495
624.638574903294,314.04127782733,4.43438374637985
2.86886504218127,145.771091287542,4.15519423745537
543.133246870274,201.191970863898,4.04192003257342
35.5501553474748,491.464520783022,2.9095186996349
276.108549296323,22.7878203932634,3.85464921411794
533.711969482843,390.748251087333,3.55942511674696
65.5945532620059,75.6032243087089,5.12622214995093
8.23573577664234,77.1107884711584,3.48301340439626
585.778848448717,227.871185900503,3.98770172026535
441.071197298508,452.885846271518,4.73287503482764
659.005097462253,373.819645276127,3.10381182014749
106.275089262103,492.718064084331,4.3615094613328
624.223919306476,88.3798338909987,4.08747085255702
422.705676626561,258.066730285908,3.71137146642006
10.2595127969396,181.159361127937,3.27315023968817
83.2659172365963,113.439540389433,4.46158002113117
615.161788286119,194.770751664111,4.31346155962477
250.66075402147,222.012503933642,3.70725182936652
571.217118007604,436.52129410094,3.82693468187475
295.033776129018,137.874822712915,3.79098513623849
532.743064590706,456.804388642291,3.49428067305866
40.7429268260245,422.628055244884,3.781105438949
199.506895897347,284.366658188661,4.12048113672262
558.398993725269,270.453386835216,3.95657358650189
182.904055749137,28.8730720268208,4.42556352355837
499.224386713877,346.034073092271,4.38387852567356
35.1554445355792,49.560010625592,3.83026637235131
531.921417615023,168.65515852179,4.97805804019141
NA,NA,NA
659.898152678097,339.120601211989,3.59631542084759
457.348196253777,300.068970342658,3.79971673071477
15.3608527788891,491.351403665396,3.6288479045842
564.481818774769,48.807403330398,4.16200565499348
74.6110689966173,375.700707797906,3.9014110910295
226.375365781274,419.264303004247,3.94207329124336
431.0914200896,15.9821865646231,3.35998216696711
360.712839199514,294.478413300947,3.05558367586501
605.576041108759,105.923597513607,4.24304489680725
392.967096002772,232.407684749391,4.09304330814583
567.384977632794,409.779581707671,4.75186128381626
142.907140099146,282.191901370802,4.60822648410711
197.110364211141,370.440664266674,3.98626715984356
125.159168164314,410.845448315044,3.39045203183495
624.638574903294,314.04127782733,4.43438374637985
2.86886504218127,145.771091287542,4.15519423745537
543.133246870274,201.191970863898,4.04192003257342
35.5501553474748,491.464520783022,2.9095186996349
276.108549296323,22.7878203932634,3.85464921411794
533.711969482843,390.748251087333,3.55942511674696
65.5945532620059,75.6032243087089,5.12622214995093
8.23573577664234,77.1107884711584,3.48301340439626
585.778848448717,227.871185900503,3.98770172026535
441.071197298508,452.885846271518,4.73287503482764
659.005097462253,373.819645276127,3.10381182014749
106.275089262103,492.718064084331,4.3615094613328
624.223919306476,88.3798338909987,4.08747085255702
422.705676626561,258.066730285908,3.71137146642006
10.2595127969396,181.159361127937,3.27315023968817
83.2659172365963,113.439540389433,4.46158002113117
615.161788286119,194.770751664111,4.31346155962477
250.66075402147,222.012503933642,3.70725182936652
571.217118007604,436.52129410094,3.82693468187475
295.033776129018,137.874822712915,3.79098513623849
532.743064590706,456.804388642291,3.49428067305866
40.7429268260245,422.628055244884,3.781105438949
199.506895897347,284.366658188661,4.12048113672262
558.398993725269,270.453386835216,3.95657358650189
182.904055749137,28.8730720268208,4.42556352355837
499.224386713877,346.034073092271,4.38387852567356
35.1554445355792,49.560010625592,3.83026637235131
531.921417615023,168.65515852179,4.97805804019141
NA,NA,NA
659.898152678097,339.120601211989,3.59631542084759
457.348196253777,300.068970342658,3.79971673071477
15.3608527788891,491.351403665396,3.6288479045842
564.481818774769,48.807403330398,4.16200565499348
74.6110689966173,375.700707797906,3.9014110910295
226.375365781274,419.264303004247,3.94207329124336
431.0914200896,15.9821865646231,3.35998216696711
360.712839199514,294.478413300947,3.05558367586501
605.576041108759,105.923597513607,4.24304489680725
392.967096002772,232.407684749391,4.09304330814583
567.384977632794,409.779581707671,4.75186128381626
142.907140099146,282.191901370802,4.60822648410711
197.110364211141,370.440664266674,3.98626715984356
125.159168164314,410.845448315044,3.39045203183495
624.638574903294,314.04127782733,4.43438374637985
2.86886504218127,145.771091287542,4.15519423745537
543.133246870274,201.191970863898,4.04192003257342
35.5501553474748,491.464520783022,2.9095186996349
276.108549296323,22.7878203932634,3.85464921411794
533.711969482843,390.748251087333,3.55942511674696
65.5945532620059,75.6032243087089,5.12622214995093
8.23573577664234,77.1107884711584,3.48301340439626
585.778848448717,227.871185900503,3.98770172026535
441.071197298508,452.885846271518,4.73287503482764
659.005097462253,373.819645276127,3.10381182014749
106.275089262103,492.718064084331,4.3615094613328
624.223919306476,88.3798338909987,4.08747085255702
422.705676626561,258.066730285908,3.71137146642006
10.2595127969396,181.159361127937,3.27315023968817
83.2659172365963,113.439540389433,4.46158002113117
615.161788286119,194.770751664111,4.31346155962477
250.66075402147,222.012503933642,3.70725182936652
571.217118007604,436.52129410094,3.82693468187475
295.033776129018,137.874822712915,3.79098513623849
532.743064590706,456.804388642291,3.49428067305866
40.7429268260245,422.628055244884,3.781105438949
199.506895897347,284.366658188661,4.12048113672262
558.398993725269,270.453386835216,3.95657358650189
182.904055749137,28.8730720268208,4.42556352355837
499.224386713877,346.034073092271,4.38387852567356
35.1554445355792,49.560010625592,3.83026637235131
531.921417615023,168.65515852179,4.97805804019141
NA,NA,NA
659.898152678097,339.120601211989,3.59631542084759
457.348196253777,300.068970342658,3.79971673071477
15.3608527788891,491.351403665396,3.6288479045842
564.481818774769,48.807403330398,4.16200565499348
74.6110689966173,375.700707797906,3.9014110910295
226.375365781274,419.264303004247,3.94207329124336
431.0914200896,15.9821865646231,3.35998216696711
360.712839199514,294.478413300947,3.05558367586501
605.576041108759,105.923597513607,4.24304489680725
392.967096002772,232.407684749391,4.09304330814583
567.384977632794,409.779581707671,4.75186128381626
142.907140099146,282.191901370802,4.60822648410711
197.110364211141,370.440664266674,3.98626715984356
125.159168164314,410.845448315044,3.39045203183495
624.638574903294,314.04127782733,4.43438374637985
2.86886504218127,145.771091287542,4.15519423745537
543.133246870274,201.191970863898,4.04192003257342
35.5501553474748,491.464520783022,2.9095186996349
276.108549296323,22.7878203932634,3.85464921411794
533.711969482843,390.748251087333,3.55942511674696
65.5945532620059,75.6032243087089,5.12622214995093
8.23573577664234,77.1107884711584,3.48301340439626
585.778848448717,227.871185900503,3.98770172026535
441.071197298508,452.885846271518,4.73287503482764
659.005097462253,373.819645276127,3.10381182014749
106.275089262103,492.718064084331,4.3615094613328
624.223919306476,88.3798338909987,4.08747085255702
422.705676626561,258.066730285908,3.71137146642006
10.2595127969396,181.159361127937,3.27315023968817
83.2659172365963,113.439540389433,4.46158002113117
615.161788286119,194.770751664111,4.31346155962477
250.66075402147,222.012503933642,3.70725182936652
571.217118007604,436.52129410094,3.82693468187475
295.033776129018,137.874822712915,3.79098513623849
532.743064590706,456.804388642291,3.49428067305866
40.7429268260245,422.628055244884,3.781105438949
199.506895897347,284.366658188661,4.12048113672262
558.398993725269,270.453386835216,3.95657358650189
182.904055749137,28.8730720268208,4.42556352355837
499.224386713877,346.034073092271,4.38387852567356
35.1554445355792,49.560010625592,3.83026637235131
531.921417615023,168.65515852179,4.97805804019141
NA,NA,NA
659.898152678097,339.120601211989,3.59631542084759
457.348196253777,300.068970342658,3.79971673071477
15.3608527788891,491.351403665396,3.6288479045842
564.481818774769,48.807403330398,4.16200565499348
74.6110689966173,375.700707797906,3.9014110910295
226.375365781274,419.264303004247,3.94207329124336
431.0914200896,15.9821865646231,3.35998216696711
360.712839199514,294.478413300947,3.05558367586501
605.576041108759,105.923597513607,4.24304489680725
392.967096002772,232.407684749391,4.09304330814583
567.384977632794,409.779581707671,4.75186128381626
142.907140099146,282.191901370802,4.60822648410711
197.110364211141,370.440664266674,3.98626715984356
125.159168164314,410.845448315044,3.39045203183495
624.638574903294,314.04127782733,4.43438374637985
2.86886504218127,145.771091287542,4.15519423745537
543.133246870274,201.191970863898,4.04192003257342
35.5501553474748,491.464520783022,2.9095186996349
276.108549296323,22.7878203932634,3.85464921411794
533.711969482843,390.748251087333,3.55942511674696
65.5945532620059,75.6032243087089,5.12622214995093
8.23573577664234,77.1107884711584,3.48301340439626
585.778848448717,227.871185900503,3.98770172026535
441.071197298508,452.885846271518,4.73287503482764
659.005097462253,373.819645276127,3.10381182014749
106.275089262103,492.718064084331,4.3615094613328
624.223919306476,88.3798338909987,4.08747085255702
422.705676626561,258.066730285908,3.71137146642006
10.2595127969396,181.159361127937,3.27315023968817
83.2659172365963,113.439540389433,4.46158002113117
615.161788286119,194.770751664111,4.31346155962477
250.66075402147,222.012503933642,3.70725182936652
571.217118007604,436.52129410094,3.82693468187475
295.033776129018,137.874822712915,3.79098513623849
532.743064590706,456.804388642291,3.49428067305866
40.7429268260245,422.628055244884,3.781105438949
199.506895897347,284.366658188661,4.12048113672262
558.398993725269,270.453386835216,3.95657358650189
182.904055749137,28.8730720268208,4.42556352355837
499.224386713877,346.034073092271,4.38387852567356
35.1554445355792,49.560010625592,3.83026637235131
531.921417615023,168.65515852179,4.97805804019141
NA,NA,NA
659.898152678097,339.120601211989,3.59631542084759
457.348196253777,300.068970342658,3.79971673071477
15.3608527788891,491.351403665396,3.6288479045842
564.481818774769,48.807403330398,4.16200565499348
74.6110689966173,375.700707797906,3.9014110910295
226.375365781274,419.264303004247,3.94207329124336
431.0914200896,15.9821865646231,3.35998216696711
360.712839199514,294.478413300947,3.05558367586501
605.576041108759,105.923597513607,4.24304489680725
392.967096002772,232.407684749391,4.09304330814583
567.384977632794,409.779581707671,4.75186128381626
142.907140099146,282.191901370802,4.60822648410711
197.110364211141,370.440664266674,3.98626715984356
125.159168164314,410.845448315044,3.39045203183495
624.638574903294,314.04127782733,4.43438374637985
2.86886504218127,145.771091287542,4.15519423745537
543.133246870274,201.191970863898,4.04192003257342
35.5501553474748,491.464520783022,2.9095186996349
276.108549296323,22.7878203932634,3.85464921411794
533.711969482843,390.748251087333,3.55942511674696
65.5945532620059,75.6032243087089,5.12622214995093
8.23573577664234,77.1107884711584,3.48301340439626
585.778848448717,227.871185900503,3.98770172026535
441.071197298508,452.885846271518,4.73287503482764
659.005097462253,373.819645276127,3.10381182014749
106.275089262103,492.718064084331,4.3615094613328
624.223919306476,88.3798338909987,4.08747085255702
422.705676626561,258.066730285908,3.71137146642006
10.2595127969396,181.159361127937,3.27315023968817
83.2659172365963,113.439540389433,4.46158002113117
615.161788286119,194.770751664111,4.31346155962477
250.66075402147,222.012503933642,3.70725182936652
571.217118007604,436.52129410094,3.82693468187475
295.033776129018,137.874822712915,3.79098513623849
532.743064590706,456.804388642291,3.49428067305866
40.7429268260245,422.628055244884,3.781105438949
199.506895897347,284.366658188661,4.12048113672262
558.398993725269,270.453386835216,3.95657358650189
182.904055749137,28.8730720268208,4.42556352355837
499.224386713877,346.034073092271,4.38387852567356
35.1554445355792,49.560010625592,3.83026637235131
531.921417615023,168.65515852179,4.97805804019141
NA,NA,NA
661.734714723577,335.473925054684,3.44949381542469
459.742653188371,301.479905010811,3.52746459946456
7.76761760611003,499.170724896142,3.59986100936877
562.193039694429,51.2991369086211,4.1566787946345
74.2235550095947,377.176410716246,3.93906205594783
226.896698230723,415.280835732992,3.92404733830503
428.287899801237,10.4283037180726,3.29089991696701
361.563479591681,293.816386693247,3.02268809886666
602.457955354016,106.424038903558,4.21636672923271
395.53495868103,229.405325892608,4.15243499554432
569.981742218872,409.544717229828,4.77273885381955
144.456054961737,280.373741852188,4.49592245008771
199.944447006813,371.074641768166,3.95246023899012
125.685944465537,410.967075333004,3.39910325531116
626.29001529684,315.55503687028,4.59065974402037
-1.69469545936257,146.496608202904,4.20701673737428
537.279934053821,207.613685721359,4.38030789744774
34.9578234434897,489.952505577511,3.11494233297446
282.008575987264,26.0757430699163,3.7977328762331
533.915515121472,390.525850444834,3.41719185826179
70.3323833526037,81.2804911895066,5.25234799357081
7.69123907273385,74.8280941691169,3.416206452834
587.595134733073,228.59903476128,4.02731763448581
441.30089423294,462.110168647927,4.70280324659692
658.063963463559,373.950080416095,3.12840875120255
103.187526540346,487.219098688614,4.33522433612668
624.462690579902,89.7148435096442,4.07605282501235
422.531281116943,261.109408739774,3.53456369067286
11.5694902430802,181.524068788997,3.23081786951573
65.5484325695106,124.745835553064,4.39830594603416
611.247107306927,208.581574805625,4.312272882168
251.722169918386,224.20846427145,3.94540530080473
571.691931307116,441.398356930636,4.0394338190007
302.263888235144,137.808484718235,3.67742888903119
531.541788230852,456.293512635175,3.35882360944145
50.8830198434907,420.771213750997,4.07505290721475
189.471786040921,287.176004342856,4.27521325132342
553.234449813676,267.609413069515,3.72756448908705
157.801442840211,38.6800977594973,4.36165963410892
513.201516561352,353.200307966587,4.42299604448559
39.0014580546309,49.5005056701288,4.15308639869719
506.764225937582,146.983416965118,4.94795833374046
NA,NA,NA
661.734714723577,335.473925054684,3.44949381542469
459.742653188371,301.479905010811,3.52746459946456
7.76761760611003,499.170724896142,3.59986100936877
562.193039694429,51.2991369086211,4.1566787946345
74.2235550095947,377.176410716246,3.93906205594783
226.896698230723,415.280835732992,3.92404733830503
428.287899801237,10.4283037180726,3.29089991696701
361.563479591681,293.816386693247,3.02268809886666
602.457955354016,106.424038903558,4.21636672923271
395.53495868103,229.405325892608,4.15243499554432
569.981742218872,409.544717229828,4.77273885381955
144.456054961737,280.373741852188,4.49592245008771
199.944447006813,371.074641768166,3.95246023899012
125.685944465537,410.967075333004,3.39910325531116
626.29001529684,315.55503687028,4.59065974402037
-1.69469545936257,146.496608202904,4.20701673737428
537.279934053821,207.613685721359,4.38030789744774
34.9578234434897,489.952505577511,3.11494233297446
282.008575987264,26.0757430699163,3.7977328762331
533.915515121472,390.525850444834,3.41719185826179
70.3323833526037,81.2804911895066,5.25234799357081
7.69123907273385,74.8280941691169,3.416206452834
587.595134733073,228.59903476128,4.02731763448581
441.30089423294,462.110168647927,4.70280324659692
658.063963463559,373.950080416095,3.12840875120255
103.187526540346,487.219098688614,4.33522433612668
624.462690579902,89.7148435096442,4.07605282501235
422.531281116943,261.109408739774,3.53456369067286
11.5694902430802,181.524068788997,3.23081786951573
65.5484325695106,124.745835553064,4.39830594603416
611.247107306927,208.581574805625,4.312272882168
251.722169918386,224.20846427145,3.94540530080473
571.691931307116,441.398356930636,4.0394338190007
302.263888235144,137.808484718235,3.67742888903119
531.541788230852,456.293512635175,3.35882360944145
50.8830198434907,420.771213750997,4.07505290721475
189.471786040921,287.176004342856,4.27521325132342
553.234449813676,267.609413069515,3.72756448908705
157.801442840211,38.6800977594973,4.36165963410892
513.201516561352,353.200307966587,4.42299604448559
39.0014580546309,49.5005056701288,4.15308639869719
506.764225937582,146.983416965118,4.94795833374046
NA,NA,NA
661.734714723577,335.473925054684,3.44949381542469
459.742653188371,301.479905010811,3.52746459946456
7.76761760611003,499.170724896142,3.59986100936877
562.193039694429,51.2991369086211,4.1566787946345
74.2235550095947,377.176410716246,3.93906205594783
226.896698230723,415.280835732992,3.92404733830503
428.287899801237,10.4283037180726,3.29089991696701
361.563479591681,293.816386693247,3.02268809886666
602.457955354016,106.424038903558,4.21636672923271
395.53495868103,229.405325892608,4.15243499554432
569.981742218872,409.544717229828,4.77273885381955
144.456054961737,280.373741852188,4.49592245008771
199.944447006813,371.074641768166,3.95246023899012
125.685944465537,410.967075333004,3.39910325531116
626.29001529684,315.55503687028,4.59065974402037
-1.69469545936257,146.496608202904,4.20701673737428
537.279934053821,207.613685721359,4.38030789744774
34.9578234434897,489.952505577511,3.11494233297446
282.008575987264,26.0757430699163,3.7977328762331
533.915515121472,390.525850444834,3.41719185826179
70.3323833526037,81.2804911895066,5.25234799357081
7.69123907273385,74.8280941691169,3.416206452834
587.595134733073,228.59903476128,4.02731763448581
441.30089423294,462.110168647927,4.70280324659692
658.063963463559,373.950080416095,3.12840875120255
103.187526540346,487.219098688614,4.33522433612668
624.462690579902,89.7148435096442,4.07605282501235
422.531281116943,261.109408739774,3.53456369067286
11.5694902430802,181.524068788997,3.23081786951573
65.5484325695106,124.745835553064,4.39830594603416
611.247107306927,208.581574805625,4.312272882168
251.722169918386,224.20846427145,3.94540530080473
571.691931307116,441.398356930636,4.0394338190007
302.263888235144,137.808484718235,3.67742888903119
531.541788230852,456.293512635175,3.35882360944145
50.8830198434907,420.771213750997,4.07505290721475
189.471786040921,287.176004342856,4.27521325132342
553.234449813676,267.609413069515,3.72756448908705
157.801442840211,38.6800977594973,4.36165963410892
513.201516561352,353.200307966587,4.42299604448559
39.0014580546309,49.5005056701288,4.15308639869719
506.764225937582,146.983416965118,4.94795833374046
NA,NA,NA
661.734714723577,335.473925054684,3.44949381542469
459.742653188371,301.479905010811,3.52746459946456
7.76761760611003,499.170724896142,3.59986100936877
562.193039694429,51.2991369086211,4.1566787946345
74.2235550095947,377.176410716246,3.93906205594783
226.896698230723,415.280835732992,3.92404733830503
428.287899801237,10.4283037180726,3.29089991696701
361.563479591681,293.816386693247,3.02268809886666
602.457955354016,106.424038903558,4.21636672923271
395.53495868103,229.405325892608,4.15243499554432
569.981742218872,409.544717229828,4.77273885381955
144.456054961737,280.373741852188,4.49592245008771
199.944447006813,371.074641768166,3.95246023899012
125.685944465537,410.967075333004,3.39910325531116
626.29001529684,315.55503687028,4.59065974402037
-1.69469545936257,146.496608202904,4.20701673737428
537.279934053821,207.613685721359,4.38030789744774
34.9578234434897,489.952505577511,3.11494233297446
282.008575987264,26.0757430699163,3.7977328762331
533.915515121472,390.525850444834,3.41719185826179
70.3323833526037,81.2804911895066,5.25234799357081
7.69123907273385,74.8280941691169,3.416206452834
587.595134733073,228.59903476128,4.02731763448581
441.30089423294,462.110168647927,4.70280324659692
658.063963463559,373.950080416095,3.12840875120255
103.187526540346,487.219098688614,4.33522433612668
624.462690579902,89.7148435096442,4.07605282501235
422.531281116943,261.109408739774,3.53456369067286
11.5694902430802,181.524068788997,3.23081786951573
65.5484325695106,124.745835553064,4.39830594603416
611.247107306927,208.581574805625,4.312272882168
251.722169918386,224.20846427145,3.94540530080473
571.691931307116,441.398356930636,4.0394338190007
302.263888235144,137.808484718235,3.67742888903119
531.541788230852,456.293512635175,3.35882360944145
50.8830198434907,420.771213750997,4.07505290721475
189.471786040921,287.176004342856,4.27521325132342
553.234449813676,267.609413069515,3.72756448908705
157.801442840211,38.6800977594973,4.36165963410892
513.201516561352,353.200307966587,4.42299604448559
39.0014580546309,49.5005056701288,4.15308639869719
506.764225937582,146.983416965118,4.94795833374046
NA,NA,NA
661.734714723577,335.473925054684,3.44949381542469
459.742653188371,301.479905010811,3.52746459946456
7.76761760611003,499.170724896142,3.59986100936877
562.193039694429,51.2991369086211,4.1566787946345
74.2235550095947,377.176410716246,3.93906205594783
226.896698230723,415.280835732992,3.92404733830503
428.287899801237,10.4283037180726,3.29089991696701
361.563479591681,293.816386693247,3.02268809886666
602.457955354016,106.424038903558,4.21636672923271
395.53495868103,229.405325892608,4.15243499554432
569.981742218872,409.544717229828,4.77273885381955
144.456054961737,280.373741852188,4.49592245008771
199.944447006813,371.074641768166,3.95246023899012
125.685944465537,410.967075333004,3.39910325531116
626.29001529684,315.55503687028,4.59065974402037
-1.69469545936257,146.496608202904,4.20701673737428
537.279934053821,207.613685721359,4.38030789744774
34.9578234434897,489.952505577511,3.11494233297446
282.008575987264,26.0757430699163,3.7977328762331
533.915515121472,390.525850444834,3.41719185826179
70.3323833526037,81.2804911895066,5.25234799357081
7.69123907273385,74.8280941691169,3.416206452834
587.595134733073,228.59903476128,4.02731763448581
441.30089423294,462.110168647927,4.70280324659692
658.063963463559,373.950080416095,3.12840875120255
103.187526540346,487.219098688614,4.33522433612668
624.462690579902,89.7148435096442,4.07605282501235
422.531281116943,261.109408739774,3.53456369067286
11.5694902430802,181.524068788997,3.23081786951573
65.5484325695106,124.745835553064,4.39830594603416
611.247107306927,208.581574805625,4.312272882168
251.722169918386,224.20846427145,3.94540530080473
571.691931307116,441.398356930636,4.0394338190007
302.263888235144,137.808484718235,3.67742888903119
531.541788230852,456.293512635175,3.35882360944145
50.8830198434907,420.771213750997,4.07505290721475
189.471786040921,287.176004342856,4.27521325132342
553.234449813676,267.609413069515,3.72756448908705
157.801442840211,38.6800977594973,4.36165963410892
513.201516561352,353.200307966587,4.42299604448559
39.0014580546309,49.5005056701288,4.15308639869719
506.764225937582,146.983416965118,4.94795833374046
NA,NA,NA
661.734714723577,335.473925054684,3.44949381542469
459.742653188371,301.479905010811,3.52746459946456
7.76761760611003,499.170724896142,3.59986100936877
562.193039694429,51.2991369086211,4.1566787946345
74.2235550095947,377.176410716246,3.93906205594783
226.896698230723,415.280835732992,3.92404733830503
428.287899801237,10.4283037180726,3.29089991696701
361.563479591681,293.816386693247,3.02268809886666
602.457955354016,106.424038903558,4.21636672923271
395.53495868103,229.405325892608,4.15243499554432
569.981742218872,409.544717229828,4.77273885381955
144.456054961737,280.373741852188,4.49592245008771
199.944447006813,371.074641768166,3.95246023899012
125.685944465537,410.967075333004,3.39910325531116
626.29001529684,315.55503687028,4.59065974402037
-1.69469545936257,146.496608202904,4.20701673737428
537.279934053821,207.613685721359,4.38030789744774
34.9578234434897,489.952505577511,3.11494233297446
282.008575987264,26.0757430699163,3.7977328762331
533.915515121472,390.525850444834,3.41719185826179
70.3323833526037,81.2804911895066,5.25234799357081
7.69123907273385,74.8280941691169,3.416206452834
587.595134733073,228.59903476128,4.02731763448581
441.30089423294,462.110168647927,4.70280324659692
658.063963463559,373.950080416095,3.12840875120255
103.187526540346,487.219098688614,4.33522433612668
624.462690579902,89.7148435096442,4.07605282501235
422.531281116943,261.109408739774,3.53456369067286
11.5694902430802,181.524068788997,3.23081786951573
65.5484325695106,124.745835553064,4.39830594603416
611.247107306927,208.581574805625,4.312272882168
251.722169918386,224.20846427145,3.94540530080473
571.691931307116,441.398356930636,4.0394338190007
302.263888235144,137.808484718235,3.67742888903119
531.541788230852,456.293512635175,3.35882360944145
50.8830198434907,420.771213750997,4.07505290721475
189.471786040921,287.176004342856,4.27521325132342
553.234449813676,267.609413069515,3.72756448908705
157.801442840211,38.6800977594973,4.36165963410892
513.201516561352,353.200307966587,4.42299604448559
39.0014580546309,49.5005056701288,4.15308639869719
506.764225937582,146.983416965118,4.94795833374046
NA,NA,NA
662.196368525984,334.438410724536,3.41730225521017
454.460028998628,297.609517391902,3.44776479767722
12.6416719848194,501.736724233181,3.5128206547424
559.509156456604,55.7778102352992,4.10854397914145
70.1615860187325,377.505249291737,3.96078474715527
225.942858796665,413.696192059335,3.79208701942103
429.67671909866,12.1711278553128,3.24685553425692
361.903317288631,293.260179095762,2.92768156970668
609.160549949024,104.738630295244,4.2321549382573
395.570955596386,228.070393873808,4.13683145501024
566.416058760713,404.259950276779,4.67709094165856
139.878214539896,282.145564748018,4.46013073126109
196.234865407637,368.018587429132,4.00248605363281
125.173244332596,410.876576546394,3.38236761392341
626.07631035902,319.398639661681,4.59254680429228
2.22963505669682,148.48776650991,4.28439536616219
540.959512810277,207.043064255894,4.19205831574332
35.4210215354142,489.837490381708,3.03716001640607
283.637334496795,23.8345126148688,3.98952688009495
535.925963285814,391.505859685464,3.36718358139212
68.4081939945413,81.2285564040809,5.28628959422129
2.75149381970652,80.4395485153175,3.37025566110734
588.615420039766,225.892437689584,4.06377984061231
442.378965802546,462.773709032658,4.76656574168917
656.652375812395,373.330840686789,3.11403152079705
110.071629298349,490.447068795586,4.32835675537315
623.574810490852,91.7826350337662,4.0694075455437
417.678958867303,260.77020099004,3.63555690761655
12.1708689649436,181.902258345909,3.17255707959299
57.1153947025906,113.242078800314,4.38549984176648
607.30184344702,207.166728315924,4.45561417799308
258.025796985494,222.217895216287,3.74842224763101
573.145750824434,438.008282503287,3.7532326366635
301.84756367581,139.804230408644,3.73633679061125
520.116662179851,461.977280788365,3.56130742435899
51.3225953312279,416.78432118141,3.64959056726426
212.42986336168,279.994479932386,4.1972205121839
554.451965962084,265.151054919897,3.66562518298927
186.856496494116,30.3113399310923,4.47031495361642
501.865635299603,347.22409755321,4.506639667321
50.8333894451238,52.4345320415845,3.80319319163674
535.071074902367,155.122192934582,4.79850263040394
NA,NA,NA
662.196368525984,334.438410724536,3.41730225521017
454.460028998628,297.609517391902,3.44776479767722
12.6416719848194,501.736724233181,3.5128206547424
559.509156456604,55.7778102352992,4.10854397914145
70.1615860187325,377.505249291737,3.96078474715527
225.942858796665,413.696192059335,3.79208701942103
429.67671909866,12.1711278553128,3.24685553425692
361.903317288631,293.260179095762,2.92768156970668
609.160549949024,104.738630295244,4.2321549382573
395.570955596386,228.070393873808,4.13683145501024
566.416058760713,404.259950276779,4.67709094165856
139.878214539896,282.145564748018,4.46013073126109
196.234865407637,368.018587429132,4.00248605363281
125.173244332596,410.876576546394,3.38236761392341
626.07631035902,319.398639661681,4.59254680429228
2.22963505669682,148.48776650991,4.28439536616219
540.959512810277,207.043064255894,4.19205831574332
35.4210215354142,489.837490381708,3.03716001640607
283.637334496795,23.8345126148688,3.98952688009495
535.925963285814,391.505859685464,3.36718358139212
68.4081939945413,81.2285564040809,5.28628959422129
2.75149381970652,80.4395485153175,3.37025566110734
588.615420039766,225.892437689584,4.06377984061231
442.378965802546,462.773709032658,4.76656574168917
656.652375812395,373.330840686789,3.11403152079705
110.071629298349,490.447068795586,4.32835675537315
623.574810490852,91.7826350337662,4.0694075455437
417.678958867303,260.77020099004,3.63555690761655
12.1708689649436,181.902258345909,3.17255707959299
57.1153947025906,113.242078800314,4.38549984176648
607.30184344702,207.166728315924,4.45561417799308
258.025796985494,222.217895216287,3.74842224763101
573.145750824434,438.008282503287,3.7532326366635
301.84756367581,139.804230408644,3.73633679061125
520.116662179851,461.977280788365,3.56130742435899
51.3225953312279,416.78432118141,3.64959056726426
212.42986336168,279.994479932386,4.1972205121839
554.451965962084,265.151054919897,3.66562518298927
186.856496494116,30.3113399310923,4.47031495361642
501.865635299603,347.22409755321,4.506639667321
50.8333894451238,52.4345320415845,3.80319319163674
535.071074902367,155.122192934582,4.79850263040394
NA,NA,NA
662.196368525984,334.438410724536,3.41730225521017
454.460028998628,297.609517391902,3.44776479767722
12.6416719848194,501.736724233181,3.5128206547424
559.509156456604,55.7778102352992,4.10854397914145
70.1615860187325,377.505249291737,3.96078474715527
225.942858796665,413.696192059335,3.79208701942103
429.67671909866,12.1711278553128,3.24685553425692
361.903317288631,293.260179095762,2.92768156970668
609.160549949024,104.738630295244,4.2321549382573
395.570955596386,228.070393873808,4.13683145501024
566.416058760713,404.259950276779,4.67709094165856
139.878214539896,282.145564748018,4.46013073126109
196.234865407637,368.018587429132,4.00248605363281
125.173244332596,410.876576546394,3.38236761392341
626.07631035902,319.398639661681,4.59254680429228
2.22963505669682,148.48776650991,4.28439536616219
540.959512810277,207.043064255894,4.19205831574332
35.4210215354142,489.837490381708,3.03716001640607
283.637334496795,23.8345126148688,3.98952688009495
535.925963285814,391.505859685464,3.36718358139212
68.4081939945413,81.2285564040809,5.28628959422129
2.75149381970652,80.4395485153175,3.37025566110734
588.615420039766,225.892437689584,4.06377984061231
442.378965802546,462.773709032658,4.76656574168917
656.652375812395,373.330840686789,3.11403152079705
110.071629298349,490.447068795586,4.32835675537315
623.574810490852,91.7826350337662,4.0694075455437
417.678958867303,260.77020099004,3.63555690761655
12.1708689649436,181.902258345909,3.17255707959299
57.1153947025906,113.242078800314,4.38549984176648
607.30184344702,207.166728315924,4.45561417799308
258.025796985494,222.217895216287,3.74842224763101
573.145750824434,438.008282503287,3.7532326366635
301.84756367581,139.804230408644,3.73633679061125
520.116662179851,461.977280788365,3.56130742435899
51.3225953312279,416.78432118141,3.64959056726426
212.42986336168,279.994479932386,4.1972205121839
554.451965962084,265.151054919897,3.66562518298927
186.856496494116,30.3113399310923,4.47031495361642
501.865635299603,347.22409755321,4.506639667321
50.8333894451238,52.4345320415845,3.80319319163674
535.071074902367,155.122192934582,4.79850263040394
NA,NA,NA
662.196368525984,334.438410724536,3.41730225521017
454.460028998628,297.609517391902,3.44776479767722
12.6416719848194,501.736724233181,3.5128206547424
559.509156456604,55.7778102352992,4.10854397914145
70.1615860187325,377.505249291737,3.96078474715527
225.942858796665,413.696192059335,3.79208701942103
429.67671909866,12.1711278553128,3.24685553425692
361.903317288631,293.260179095762,2.92768156970668
609.160549949024,104.738630295244,4.2321549382573
395.570955596386,228.070393873808,4.13683145501024
566.416058760713,404.259950276779,4.67709094165856
139.878214539896,282.145564748018,4.46013073126109
196.234865407637,368.018587429132,4.00248605363281
125.173244332596,410.876576546394,3.38236761392341
626.07631035902,319.398639661681,4.59254680429228
2.22963505669682,148.48776650991,4.28439536616219
540.959512810277,207.043064255894,4.19205831574332
35.4210215354142,489.837490381708,3.03716001640607
283.637334496795,23.8345126148688,3.98952688009495
535.925963285814,391.505859685464,3.36718358139212
68.4081939945413,81.2285564040809,5.28628959422129
2.75149381970652,80.4395485153175,3.37025566110734
588.615420039766,225.892437689584,4.06377984061231
442.378965802546,462.773709032658,4.76656574168917
656.652375812395,373.330840686789,3.11403152079705
110.071629298349,490.447068795586,4.32835675537315
623.574810490852,91.7826350337662,4.0694075455437
417.678958867303,260.77020099004,3.63555690761655
12.1708689649436,181.902258345909,3.17255707959299
57.1153947025906,113.242078800314,4.38549984176648
607.30184344702,207.166728315924,4.45561417799308
258.025796985494,222.217895216287,3.74842224763101
573.145750824434,438.008282503287,3.7532326366635
301.84756367581,139.804230408644,3.73633679061125
520.116662179851,461.977280788365,3.56130742435899
51.3225953312279,416.78432118141,3.64959056726426
212.42986336168,279.994479932386,4.1972205121839
554.451965962084,265.151054919897,3.66562518298927
186.856496494116,30.3113399310923,4.47031495361642
501.865635299603,347.22409755321,4.506639667321
50.8333894451238,52.4345320415845,3.80319319163674
535.071074902367,155.122192934582,4.79850263040394
NA,NA,NA
662.196368525984,334.438410724536,3.41730225521017
454.460028998628,297.609517391902,3.44776479767722
12.6416719848194,501.736724233181,3.5128206547424
559.509156456604,55.7778102352992,4.10854397914145
70.1615860187325,377.505249291737,3.96078474715527
225.942858796665,413.696192059335,3.79208701942103
429.67671909866,12.1711278553128,3.24685553425692
361.903317288631,293.260179095762,2.92768156970668
609.160549949024,104.738630295244,4.2321549382573
395.570955596386,228.070393873808,4.13683145501024
566.416058760713,404.259950276779,4.67709094165856
139.878214539896,282.145564748018,4.46013073126109
196.234865407637,368.018587429132,4.00248605363281
125.173244332596,410.876576546394,3.38236761392341
626.07631035902,319.398639661681,4.59254680429228
2.22963505669682,148.48776650991,4.28439536616219
540.959512810277,207.043064255894,4.19205831574332
35.4210215354142,489.837490381708,3.03716001640607
283.637334496795,23.8345126148688,3.98952688009495
535.925963285814,391.505859685464,3.36718358139212
68.4081939945413,81.2285564040809,5.28628959422129
2.75149381970652,80.4395485153175,3.37025566110734
588.615420039766,225.892437689584,4.06377984061231
442.378965802546,462.773709032658,4.76656574168917
656.652375812395,373.330840686789,3.11403152079705
110.071629298349,490.447068795586,4.32835675537315
623.574810490852,91.7826350337662,4.0694075455437
417.678958867303,260.77020099004,3.63555690761655
12.1708689649436,181.902258345909,3.17255707959299
57.1153947025906,113.242078800314,4.38549984176648
607.30184344702,207.166728315924,4.45561417799308
258.025796985494,222.217895216287,3.74842224763101
573.145750824434,438.008282503287,3.7532326366635
301.84756367581,139.804230408644,3.73633679061125
520.116662179851,461.977280788365,3.56130742435899
51.3225953312279,416.78432118141,3.64959056726426
212.42986336168,279.994479932386,4.1972205121839
554.451965962084,265.151054919897,3.66562518298927
186.856496494116,30.3113399310923,4.47031495361642
501.865635299603,347.22409755321,4.506639667321
50.8333894451238,52.4345320415845,3.80319319163674
535.071074902367,155.122192934582,4.79850263040394
NA,NA,NA
662.196368525984,334.438410724536,3.41730225521017
454.460028998628,297.609517391902,3.44776479767722
12.6416719848194,501.736724233181,3.5128206547424
559.509156456604,55.7778102352992,4.10854397914145
70.1615860187325,377.505249291737,3.96078474715527
225.942858796665,413.696192059335,3.79208701942103
429.67671909866,12.1711278553128,3.24685553425692
361.903317288631,293.260179095762,2.92768156970668
609.160549949024,104.738630295244,4.2321549382573
395.570955596386,228.070393873808,4.13683145501024
566.416058760713,404.259950276779,4.67709094165856
139.878214539896,282.145564748018,4.46013073126109
196.234865407637,368.018587429132,4.00248605363281
125.173244332596,410.876576546394,3.38236761392341
626.07631035902,319.398639661681,4.59254680429228
2.22963505669682,148.48776650991,4.28439536616219
540.959512810277,207.043064255894,4.19205831574332
35.4210215354142,489.837490381708,3.03716001640607
283.637334496795,23.8345126148688,3.98952688009495
535.925963285814,391.505859685464,3.36718358139212
68.4081939945413,81.2285564040809,5.28628959422129
2.75149381970652,80.4395485153175,3.37025566110734
588.615420039766,225.892437689584,4.06377984061231
442.378965802546,462.773709032658,4.76656574168917
656.652375812395,373.330840686789,3.11403152079705
110.071629298349,490.447068795586,4.32835675537315
623.574810490852,91.7826350337662,4.0694075455437
417.678958867303,260.77020099004,3.63555690761655
12.1708689649436,181.902258345909,3.17255707959299
57.1153947025906,113.242078800314,4.38549984176648
607.30184344702,207.166728315924,4.45561417799308
258.025796985494,222.217895216287,3.74842224763101
573.145750824434,438.008282503287,3.7532326366635
301.84756367581,139.804230408644,3.73633679061125
520.116662179851,461.977280788365,3.56130742435899
51.3225953312279,416.78432118141,3.64959056726426
212.42986336168,279.994479932386,4.1972205121839
554.451965962084,265.151054919897,3.66562518298927
186.856496494116,30.3113399310923,4.47031495361642
501.865635299603,347.22409755321,4.506639667321
50.8333894451238,52.4345320415845,3.80319319163674
535.071074902367,155.122192934582,4.79850263040394
NA,NA,NA
663.556953679231,334.858979838344,3.67111029766969
454.309810088406,298.921228340949,3.6330261052598
11.090977379228,496.700544253289,3.73427841677895
560.298522006956,53.5684874103168,4.15692756227595
67.5598499097219,370.809740784214,3.95755051656094
227.24107236411,410.724413130258,4.00367380268571
425.917781396241,14.3392592698438,3.40068428519438
362.713997275457,294.434892372799,3.24255688247076
605.667236220992,104.136949124686,4.20114799954133
392.331440203271,227.713017497644,4.03201434913456
562.250850214086,406.823126693942,4.74923184148337
142.10916181807,283.640177087993,4.67401996374747
201.248793150651,370.513661359013,3.96037274584762
126.280198667611,413.127440455601,3.40612459235582
626.162357617231,306.730560567715,4.50304108935178
2.52647051805249,147.192532683225,4.26125885081125
539.408506956526,201.802332578982,4.08824093000187
32.5616725469596,492.419702689225,2.94084047666534
279.974818541867,21.4675902594445,3.90137799060573
538.41306114212,391.001929379649,3.5228916369975
81.3309052050036,81.0259640215859,5.36634503619852
2.56573453841791,76.6763006330477,3.34817344891429
592.580354009837,224.991564392959,4.06586979978079
441.697524092678,462.423834375612,4.84551756704623
657.357268641591,375.214100077231,3.21207010833833
105.565190778219,483.241323512874,4.33264847213361
628.256136927881,89.9247151695954,4.01816222268848
419.761514373927,258.714672261963,3.59304841757545
12.7342364524687,181.850532176505,3.27849332852256
64.4423270196488,124.156176403951,4.43621669272483
620.345589000719,204.251447683442,4.1617927756243
251.192718027028,223.206487842556,3.85161762406139
574.343709231741,438.488711993005,3.83924721618057
299.985792957524,138.381125168932,3.87901625018338
530.55405807434,452.086044452288,3.63180345013314
45.0712662832623,419.745657319406,4.07076412461315
203.142560464425,283.958305873611,4.44224834086108
554.949627058144,255.350219513021,3.63496342686747
171.349193353355,19.6061617257772,4.06799842443031
499.369570701626,336.349677333682,4.47997890987082
46.8339754685376,46.5543840213134,3.74887022685697
554.063202034201,144.538866343493,4.59677980448943
NA,NA,NA
663.556953679231,334.858979838344,3.67111029766969
454.309810088406,298.921228340949,3.6330261052598
11.090977379228,496.700544253289,3.73427841677895
560.298522006956,53.5684874103168,4.15692756227595
67.5598499097219,370.809740784214,3.95755051656094
227.24107236411,410.724413130258,4.00367380268571
425.917781396241,14.3392592698438,3.40068428519438
362.713997275457,294.434892372799,3.24255688247076
605.667236220992,104.136949124686,4.20114799954133
392.331440203271,227.713017497644,4.03201434913456
562.250850214086,406.823126693942,4.74923184148337
142.10916181807,283.640177087993,4.67401996374747
201.248793150651,370.513661359013,3.96037274584762
126.280198667611,413.127440455601,3.40612459235582
626.162357617231,306.730560567715,4.50304108935178
2.52647051805249,147.192532683225,4.26125885081125
539.408506956526,201.802332578982,4.08824093000187
32.5616725469596,492.419702689225,2.94084047666534
279.974818541867,21.4675902594445,3.90137799060573
538.41306114212,391.001929379649,3.5228916369975
81.3309052050036,81.0259640215859,5.36634503619852
2.56573453841791,76.6763006330477,3.34817344891429
592.580354009837,224.991564392959,4.06586979978079
441.697524092678,462.423834375612,4.84551756704623
657.357268641591,375.214100077231,3.21207010833833
105.565190778219,483.241323512874,4.33264847213361
628.256136927881,89.9247151695954,4.01816222268848
419.761514373927,258.714672261963,3.59304841757545
12.7342364524687,181.850532176505,3.27849332852256
64.4423270196488,124.156176403951,4.43621669272483
620.345589000719,204.251447683442,4.1617927756243
251.192718027028,223.206487842556,3.85161762406139
574.343709231741,438.488711993005,3.83924721618057
299.985792957524,138.381125168932,3.87901625018338
530.55405807434,452.086044452288,3.63180345013314
45.0712662832623,419.745657319406,4.07076412461315
203.142560464425,283.958305873611,4.44224834086108
554.949627058144,255.350219513021,3.63496342686747
171.349193353355,19.6061617257772,4.06799842443031
499.369570701626,336.349677333682,4.47997890987082
46.8339754685376,46.5543840213134,3.74887022685697
554.063202034201,144.538866343493,4.59677980448943
NA,NA,NA
663.556953679231,334.858979838344,3.67111029766969
454.309810088406,298.921228340949,3.6330261052598
11.090977379228,496.700544253289,3.73427841677895
560.298522006956,53.5684874103168,4.15692756227595
67.5598499097219,370.809740784214,3.95755051656094
227.24107236411,410.724413130258,4.00367380268571
425.917781396241,14.3392592698438,3.40068428519438
362.713997275457,294.434892372799,3.24255688247076
605.667236220992,104.136949124686,4.20114799954133
392.331440203271,227.713017497644,4.03201434913456
562.250850214086,406.823126693942,4.74923184148337
142.10916181807,283.640177087993,4.67401996374747
201.248793150651,370.513661359013,3.96037274584762
126.280198667611,413.127440455601,3.40612459235582
626.162357617231,306.730560567715,4.50304108935178
2.52647051805249,147.192532683225,4.26125885081125
539.408506956526,201.802332578982,4.08824093000187
32.5616725469596,492.419702689225,2.94084047666534
279.974818541867,21.4675902594445,3.90137799060573
538.41306114212,391.001929379649,3.5228916369975
81.3309052050036,81.0259640215859,5.36634503619852
2.56573453841791,76.6763006330477,3.34817344891429
592.580354009837,224.991564392959,4.06586979978079
441.697524092678,462.423834375612,4.84551756704623
657.357268641591,375.214100077231,3.21207010833833
105.565190778219,483.241323512874,4.33264847213361
628.256136927881,89.9247151695954,4.01816222268848
419.761514373927,258.714672261963,3.59304841757545
12.7342364524687,181.850532176505,3.27849332852256
64.4423270196488,124.156176403951,4.43621669272483
620.345589000719,204.251447683442,4.1617927756243
251.192718027028,223.206487842556,3.85161762406139
574.343709231741,438.488711993005,3.83924721618057
299.985792957524,138.381125168932,3.87901625018338
530.55405807434,452.086044452288,3.63180345013314
45.0712662832623,419.745657319406,4.07076412461315
203.142560464425,283.958305873611,4.44224834086108
554.949627058144,255.350219513021,3.63496342686747
171.349193353355,19.6061617257772,4.06799842443031
499.369570701626,336.349677333682,4.47997890987082
46.8339754685376,46.5543840213134,3.74887022685697
554.063202034201,144.538866343493,4.59677980448943
NA,NA,NA
663.556953679231,334.858979838344,3.67111029766969
454.309810088406,298.921228340949,3.6330261052598
11.090977379228,496.700544253289,3.73427841677895
560.298522006956,53.5684874103168,4.15692756227595
67.5598499097219,370.809740784214,3.95755051656094
227.24107236411,410.724413130258,4.00367380268571
425.917781396241,14.3392592698438,3.40068428519438
362.713997275457,294.434892372799,3.24255688247076
605.667236220992,104.136949124686,4.20114799954133
392.331440203271,227.713017497644,4.03201434913456
562.250850214086,406.823126693942,4.74923184148337
142.10916181807,283.640177087993,4.67401996374747
201.248793150651,370.513661359013,3.96037274584762
126.280198667611,413.127440455601,3.40612459235582
626.162357617231,306.730560567715,4.50304108935178
2.52647051805249,147.192532683225,4.26125885081125
539.408506956526,201.802332578982,4.08824093000187
32.5616725469596,492.419702689225,2.94084047666534
279.974818541867,21.4675902594445,3.90137799060573
538.41306114212,391.001929379649,3.5228916369975
81.3309052050036,81.0259640215859,5.36634503619852
2.56573453841791,76.6763006330477,3.34817344891429
592.580354009837,224.991564392959,4.06586979978079
441.697524092678,462.423834375612,4.84551756704623
657.357268641591,375.214100077231,3.21207010833833
105.565190778219,483.241323512874,4.33264847213361
628.256136927881,89.9247151695954,4.01816222268848
419.761514373927,258.714672261963,3.59304841757545
12.7342364524687,181.850532176505,3.27849332852256
64.4423270196488,124.156176403951,4.43621669272483
620.345589000719,204.251447683442,4.1617927756243
251.192718027028,223.206487842556,3.85161762406139
574.343709231741,438.488711993005,3.83924721618057
299.985792957524,138.381125168932,3.87901625018338
530.55405807434,452.086044452288,3.63180345013314
45.0712662832623,419.745657319406,4.07076412461315
203.142560464425,283.958305873611,4.44224834086108
554.949627058144,255.350219513021,3.63496342686747
171.349193353355,19.6061617257772,4.06799842443031
499.369570701626,336.349677333682,4.47997890987082
46.8339754685376,46.5543840213134,3.74887022685697
554.063202034201,144.538866343493,4.59677980448943
NA,NA,NA
663.556953679231,334.858979838344,3.67111029766969
454.309810088406,298.921228340949,3.6330261052598
11.090977379228,496.700544253289,3.73427841677895
560.298522006956,53.5684874103168,4.15692756227595
67.5598499097219,370.809740784214,3.95755051656094
227.24107236411,410.724413130258,4.00367380268571
425.917781396241,14.3392592698438,3.40068428519438
362.713997275457,294.434892372799,3.24255688247076
605.667236220992,104.136949124686,4.20114799954133
392.331440203271,227.713017497644,4.03201434913456
562.250850214086,406.823126693942,4.74923184148337
142.10916181807,283.640177087993,4.67401996374747
201.248793150651,370.513661359013,3.96037274584762
126.280198667611,413.127440455601,3.40612459235582
626.162357617231,306.730560567715,4.50304108935178
2.52647051805249,147.192532683225,4.26125885081125
539.408506956526,201.802332578982,4.08824093000187
32.5616725469596,492.419702689225,2.94084047666534
279.974818541867,21.4675902594445,3.90137799060573
538.41306114212,391.001929379649,3.5228916369975
81.3309052050036,81.0259640215859,5.36634503619852
2.56573453841791,76.6763006330477,3.34817344891429
592.580354009837,224.991564392959,4.06586979978079
441.697524092678,462.423834375612,4.84551756704623
657.357268641591,375.214100077231,3.21207010833833
105.565190778219,483.241323512874,4.33264847213361
628.256136927881,89.9247151695954,4.01816222268848
419.761514373927,258.714672261963,3.59304841757545
12.7342364524687,181.850532176505,3.27849332852256
64.4423270196488,124.156176403951,4.43621669272483
620.345589000719,204.251447683442,4.1617927756243
251.192718027028,223.206487842556,3.85161762406139
574.343709231741,438.488711993005,3.83924721618057
299.985792957524,138.381125168932,3.87901625018338
530.55405807434,452.086044452288,3.63180345013314
45.0712662832623,419.745657319406,4.07076412461315
203.142560464425,283.958305873611,4.44224834086108
554.949627058144,255.350219513021,3.63496342686747
171.349193353355,19.6061617257772,4.06799842443031
499.369570701626,336.349677333682,4.47997890987082
46.8339754685376,46.5543840213134,3.74887022685697
554.063202034201,144.538866343493,4.59677980448943
NA,NA,NA
663.556953679231,334.858979838344,3.67111029766969
454.309810088406,298.921228340949,3.6330261052598
11.090977379228,496.700544253289,3.73427841677895
560.298522006956,53.5684874103168,4.15692756227595
67.5598499097219,370.809740784214,3.95755051656094
227.24107236411,410.724413130258,4.00367380268571
425.917781396241,14.3392592698438,3.40068428519438
362.713997275457,294.434892372799,3.24255688247076
605.667236220992,104.136949124686,4.20114799954133
392.331440203271,227.713017497644,4.03201434913456
562.250850214086,406.823126693942,4.74923184148337
142.10916181807,283.640177087993,4.67401996374747
201.248793150651,370.513661359013,3.96037274584762
126.280198667611,413.127440455601,3.40612459235582
626.162357617231,306.730560567715,4.50304108935178
2.52647051805249,147.192532683225,4.26125885081125
539.408506956526,201.802332578982,4.08824093000187
32.5616725469596,492.419702689225,2.94084047666534
279.974818541867,21.4675902594445,3.90137799060573
538.41306114212,391.001929379649,3.5228916369975
81.3309052050036,81.0259640215859,5.36634503619852
2.56573453841791,76.6763006330477,3.34817344891429
592.580354009837,224.991564392959,4.06586979978079
441.697524092678,462.423834375612,4.84551756704623
657.357268641591,375.214100077231,3.21207010833833
105.565190778219,483.241323512874,4.33264847213361
628.256136927881,89.9247151695954,4.01816222268848
419.761514373927,258.714672261963,3.59304841757545
12.7342364524687,181.850532176505,3.27849332852256
64.4423270196488,124.156176403951,4.43621669272483
620.345589000719,204.251447683442,4.1617927756243
251.192718027028,223.206487842556,3.85161762406139
574.343709231741,438.488711993005,3.83924721618057
299.985792957524,138.381125168932,3.87901625018338
530.55405807434,452.086044452288,3.63180345013314
45.0712662832623,419.745657319406,4.07076412461315
203.142560464425,283.958305873611,4.44224834086108
554.949627058144,255.350219513021,3.63496342686747
171.349193353355,19.6061617257772,4.06799842443031
499.369570701626,336.349677333682,4.47997890987082
46.8339754685376,46.5543840213134,3.74887022685697
554.063202034201,144.538866343493,4.59677980448943
NA,NA,NA
662.761194807524,334.931661632493,3.45582813672661
460.88801127947,300.692873908637,3.63850260276377
15.0293561422252,490.893409551505,3.63475697169528
564.690830108258,54.3116877850999,4.05922801047838
69.437388734107,372.096500716126,3.9498589292374
226.688710169912,414.009464638512,3.83574811588797
424.614575431151,12.4860610090096,3.29101622092324
364.242606079488,294.316624956701,2.93934688506028
604.394344977577,104.100371314444,4.23993789776957
392.915272249184,223.922004487372,4.1913102013273
567.892290612637,403.064363896634,4.71687564525102
144.787019587013,282.891012226719,4.53164489638344
199.080901747312,368.895107984341,4.15217159409186
126.669148548097,413.167628660176,3.52678683373917
626.380171950271,314.520144908362,4.67291681147388
2.95042995788513,146.131266822295,4.26606157524884
543.930565734343,203.352697373877,4.20832317338169
34.4821668186862,493.518476767097,2.96006287824463
281.108564298239,27.6817009808969,3.84817604507166
530.622789812453,391.599592394627,3.38132251825023
70.2481925130328,91.2021527350688,5.35498551940808
6.91988471167075,72.0714046692281,3.40052449166435
587.315853670664,227.64078890302,3.97232772281585
438.791551563626,457.600717264995,4.75446006998616
656.748349004355,373.42277403967,2.91886450005219
106.518612331845,488.605487342851,4.30485523625178
623.133411631151,92.9124125758874,4.07029904642612
418.113219831979,258.44638259812,3.69264157576175
11.7922979512862,182.685918278148,3.09211751412561
66.9791477603165,114.564646146199,4.44432327101371
593.968584006264,195.274739292294,4.51431094454372
252.928555215971,226.411077032876,3.74446633519872
576.671750957578,437.485563802256,3.6669824510057
300.109643554424,139.118984312694,4.14963291472149
529.295666602819,456.080178758407,3.43969969951237
39.3186891873413,421.646367740028,3.93039983652274
195.949452646257,287.856872049498,3.7750310112736
545.008937999215,258.833543884962,3.80543324864172
177.083708625303,32.6812481668481,4.29434571242437
499.21757059631,344.493981655921,4.31600026014324
44.5263094250843,56.9801846886557,3.93586930147522
525.337473568453,152.023959261549,4.97855463045446
NA,NA,NA
662.761194807524,334.931661632493,3.45582813672661
460.88801127947,300.692873908637,3.63850260276377
15.0293561422252,490.893409551505,3.63475697169528
564.690830108258,54.3116877850999,4.05922801047838
69.437388734107,372.096500716126,3.9498589292374
226.688710169912,414.009464638512,3.83574811588797
424.614575431151,12.4860610090096,3.29101622092324
364.242606079488,294.316624956701,2.93934688506028
604.394344977577,104.100371314444,4.23993789776957
392.915272249184,223.922004487372,4.1913102013273
567.892290612637,403.064363896634,4.71687564525102
144.787019587013,282.891012226719,4.53164489638344
199.080901747312,368.895107984341,4.15217159409186
126.669148548097,413.167628660176,3.52678683373917
626.380171950271,314.520144908362,4.67291681147388
2.95042995788513,146.131266822295,4.26606157524884
543.930565734343,203.352697373877,4.20832317338169
34.4821668186862,493.518476767097,2.96006287824463
281.108564298239,27.6817009808969,3.84817604507166
530.622789812453,391.599592394627,3.38132251825023
70.2481925130328,91.2021527350688,5.35498551940808
6.91988471167075,72.0714046692281,3.40052449166435
587.315853670664,227.64078890302,3.97232772281585
438.791551563626,457.600717264995,4.75446006998616
656.748349004355,373.42277403967,2.91886450005219
106.518612331845,488.605487342851,4.30485523625178
623.133411631151,92.9124125758874,4.07029904642612
418.113219831979,258.44638259812,3.69264157576175
11.7922979512862,182.685918278148,3.09211751412561
66.9791477603165,114.564646146199,4.44432327101371
593.968584006264,195.274739292294,4.51431094454372
252.928555215971,226.411077032876,3.74446633519872
576.671750957578,437.485563802256,3.6669824510057
300.109643554424,139.118984312694,4.14963291472149
529.295666602819,456.080178758407,3.43969969951237
39.3186891873413,421.646367740028,3.93039983652274
195.949452646257,287.856872049498,3.7750310112736
545.008937999215,258.833543884962,3.80543324864172
177.083708625303,32.6812481668481,4.29434571242437
499.21757059631,344.493981655921,4.31600026014324
44.5263094250843,56.9801846886557,3.93586930147522
525.337473568453,152.023959261549,4.97855463045446
NA,NA,NA
662.761194807524,334.931661632493,3.45582813672661
460.88801127947,300.692873908637,3.63850260276377
15.0293561422252,490.893409551505,3.63475697169528
564.690830108258,54.3116877850999,4.05922801047838
69.437388734107,372.096500716126,3.9498589292374
226.688710169912,414.009464638512,3.83574811588797
424.614575431151,12.4860610090096,3.29101622092324
364.242606079488,294.316624956701,2.93934688506028
604.394344977577,104.100371314444,4.23993789776957
392.915272249184,223.922004487372,4.1913102013273
567.892290612637,403.064363896634,4.71687564525102
144.787019587013,282.891012226719,4.53164489638344
199.080901747312,368.895107984341,4.15217159409186
126.669148548097,413.167628660176,3.52678683373917
626.380171950271,314.520144908362,4.67291681147388
2.95042995788513,146.131266822295,4.26606157524884
543.930565734343,203.352697373877,4.20832317338169
34.4821668186862,493.518476767097,2.96006287824463
281.108564298239,27.6817009808969,3.84817604507166
530.622789812453,391.599592394627,3.38132251825023
70.2481925130328,91.2021527350688,5.35498551940808
6.91988471167075,72.0714046692281,3.40052449166435
587.315853670664,227.64078890302,3.97232772281585
438.791551563626,457.600717264995,4.75446006998616
656.748349004355,373.42277403967,2.91886450005219
106.518612331845,488.605487342851,4.30485523625178
623.133411631151,92.9124125758874,4.07029904642612
418.113219831979,258.44638259812,3.69264157576175
11.7922979512862,182.685918278148,3.09211751412561
66.9791477603165,114.564646146199,4.44432327101371
593.968584006264,195.274739292294,4.51431094454372
252.928555215971,226.411077032876,3.74446633519872
576.671750957578,437.485563802256,3.6669824510057
300.109643554424,139.118984312694,4.14963291472149
529.295666602819,456.080178758407,3.43969969951237
39.3186891873413,421.646367740028,3.93039983652274
195.949452646257,287.856872049498,3.7750310112736
545.008937999215,258.833543884962,3.80543324864172
177.083708625303,32.6812481668481,4.29434571242437
499.21757059631,344.493981655921,4.31600026014324
44.5263094250843,56.9801846886557,3.93586930147522
525.337473568453,152.023959261549,4.97855463045446
NA,NA,NA
662.761194807524,334.931661632493,3.45582813672661
460.88801127947,300.692873908637,3.63850260276377
15.0293561422252,490.893409551505,3.63475697169528
564.690830108258,54.3116877850999,4.05922801047838
69.437388734107,372.096500716126,3.9498589292374
226.688710169912,414.009464638512,3.83574811588797
424.614575431151,12.4860610090096,3.29101622092324
364.242606079488,294.316624956701,2.93934688506028
604.394344977577,104.100371314444,4.23993789776957
392.915272249184,223.922004487372,4.1913102013273
567.892290612637,403.064363896634,4.71687564525102
144.787019587013,282.891012226719,4.53164489638344
199.080901747312,368.895107984341,4.15217159409186
126.669148548097,413.167628660176,3.52678683373917
626.380171950271,314.520144908362,4.67291681147388
2.95042995788513,146.131266822295,4.26606157524884
543.930565734343,203.352697373877,4.20832317338169
34.4821668186862,493.518476767097,2.96006287824463
281.108564298239,27.6817009808969,3.84817604507166
530.622789812453,391.599592394627,3.38132251825023
70.2481925130328,91.2021527350688,5.35498551940808
6.91988471167075,72.0714046692281,3.40052449166435
587.315853670664,227.64078890302,3.97232772281585
438.791551563626,457.600717264995,4.75446006998616
656.748349004355,373.42277403967,2.91886450005219
106.518612331845,488.605487342851,4.30485523625178
623.133411631151,92.9124125758874,4.07029904642612
418.113219831979,258.44638259812,3.69264157576175
11.7922979512862,182.685918278148,3.09211751412561
66.9791477603165,114.564646146199,4.44432327101371
593.968584006264,195.274739292294,4.51431094454372
252.928555215971,226.411077032876,3.74446633519872
576.671750957578,437.485563802256,3.6669824510057
300.109643554424,139.118984312694,4.14963291472149
529.295666602819,456.080178758407,3.43969969951237
39.3186891873413,421.646367740028,3.93039983652274
195.949452646257,287.856872049498,3.7750310112736
545.008937999215,258.833543884962,3.80543324864172
177.083708625303,32.6812481668481,4.29434571242437
499.21757059631,344.493981655921,4.31600026014324
44.5263094250843,56.9801846886557,3.93586930147522
525.337473568453,152.023959261549,4.97855463045446
NA,NA,NA
662.761194807524,334.931661632493,3.45582813672661
460.88801127947,300.692873908637,3.63850260276377
15.0293561422252,490.893409551505,3.63475697169528
564.690830108258,54.3116877850999,4.05922801047838
69.437388734107,372.096500716126,3.9498589292374
226.688710169912,414.009464638512,3.83574811588797
424.614575431151,12.4860610090096,3.29101622092324
364.242606079488,294.316624956701,2.93934688506028
604.394344977577,104.100371314444,4.23993789776957
392.915272249184,223.922004487372,4.1913102013273
567.892290612637,403.064363896634,4.71687564525102
144.787019587013,282.891012226719,4.53164489638344
199.080901747312,368.895107984341,4.15217159409186
126.669148548097,413.167628660176,3.52678683373917
626.380171950271,314.520144908362,4.67291681147388
2.95042995788513,146.131266822295,4.26606157524884
543.930565734343,203.352697373877,4.20832317338169
34.4821668186862,493.518476767097,2.96006287824463
281.108564298239,27.6817009808969,3.84817604507166
530.622789812453,391.599592394627,3.38132251825023
70.2481925130328,91.2021527350688,5.35498551940808
6.91988471167075,72.0714046692281,3.40052449166435
587.315853670664,227.64078890302,3.97232772281585
438.791551563626,457.600717264995,4.75446006998616
656.748349004355,373.42277403967,2.91886450005219
106.518612331845,488.605487342851,4.30485523625178
623.133411631151,92.9124125758874,4.07029904642612
418.113219831979,258.44638259812,3.69264157576175
11.7922979512862,182.685918278148,3.09211751412561
66.9791477603165,114.564646146199,4.44432327101371
593.968584006264,195.274739292294,4.51431094454372
252.928555215971,226.411077032876,3.74446633519872
576.671750957578,437.485563802256,3.6669824510057
300.109643554424,139.118984312694,4.14963291472149
529.295666602819,456.080178758407,3.43969969951237
39.3186891873413,421.646367740028,3.93039983652274
195.949452646257,287.856872049498,3.7750310112736
545.008937999215,258.833543884962,3.80543324864172
177.083708625303,32.6812481668481,4.29434571242437
499.21757059631,344.493981655921,4.31600026014324
44.5263094250843,56.9801846886557,3.93586930147522
525.337473568453,152.023959261549,4.97855463045446
NA,NA,NA
662.761194807524,334.931661632493,3.45582813672661
460.88801127947,300.692873908637,3.63850260276377
15.0293561422252,490.893409551505,3.63475697169528
564.690830108258,54.3116877850999,4.05922801047838
69.437388734107,372.096500716126,3.9498589292374
226.688710169912,414.009464638512,3.83574811588797
424.614575431151,12.4860610090096,3.29101622092324
364.242606079488,294.316624956701,2.93934688506028
604.394344977577,104.100371314444,4.23993789776957
392.915272249184,223.922004487372,4.1913102013273
567.892290612637,403.064363896634,4.71687564525102
144.787019587013,282.891012226719,4.53164489638344
199.080901747312,368.895107984341,4.15217159409186
126.669148548097,413.167628660176,3.52678683373917
626.380171950271,314.520144908362,4.67291681147388
2.95042995788513,146.131266822295,4.26606157524884
543.930565734343,203.352697373877,4.20832317338169
34.4821668186862,493.518476767097,2.96006287824463
281.108564298239,27.6817009808969,3.84817604507166
530.622789812453,391.599592394627,3.38132251825023
70.2481925130328,91.2021527350688,5.35498551940808
6.91988471167075,72.0714046692281,3.40052449166435
587.315853670664,227.64078890302,3.97232772281585
438.791551563626,457.600717264995,4.75446006998616
656.748349004355,373.42277403967,2.91886450005219
106.518612331845,488.605487342851,4.30485523625178
623.133411631151,92.9124125758874,4.07029904642612
418.113219831979,258.44638259812,3.69264157576175
11.7922979512862,182.685918278148,3.09211751412561
66.9791477603165,114.564646146199,4.44432327101371
593.968584006264,195.274739292294,4.51431094454372
252.928555215971,226.411077032876,3.74446633519872
576.671750957578,437.485563802256,3.6669824510057
300.109643554424,139.118984312694,4.14963291472149
529.295666602819,456.080178758407,3.43969969951237
39.3186891873413,421.646367740028,3.93039983652274
195.949452646257,287.856872049498,3.7750310112736
545.008937999215,258.833543884962,3.80543324864172
177.083708625303,32.6812481668481,4.29434571242437
499.21757059631,344.493981655921,4.31600026014324
44.5263094250843,56.9801846886557,3.93586930147522
525.337473568453,152.023959261549,4.97855463045446
NA,NA,NA
662.071724289394,333.177717423001,3.36626769248362
457.124821004048,300.813250091812,3.75796878003016
13.0889287457154,495.675784349821,3.67724449979952
561.456304980958,57.8136640438679,4.26971362031575
69.7725358951572,374.706862432176,3.87381041414944
222.512475009152,411.74151522959,3.83817164315045
429.995870640826,13.5761112692023,3.33695154750661
361.372565762325,292.972980071901,3.07146990730233
599.185736087894,106.150133292164,4.29321550343541
394.796193897273,229.810882640961,4.14303679646634
569.920750813999,416.409091977654,4.68820304575943
142.383315069332,284.166898294103,4.51388747589667
196.78868443715,366.595751403583,4.09649306432049
124.836145869058,409.523321435817,3.54233060308467
623.736845709933,317.0274874328,4.65923022349511
6.18283175914384,143.23485119251,4.29096403160206
541.064351209365,207.937060926825,4.16203515972666
35.4302057183087,491.678815663859,2.85554355776923
282.319817317338,20.2130509088606,3.76907044146369
534.168677854141,392.646464450541,3.39337886324726
57.9347059324235,81.1075193397385,5.21303984495478
5.17924355545897,80.9898616817055,3.4270780099339
586.120352675272,227.560235341837,4.04360833348187
437.681874648071,461.255577464704,4.69942650863802
656.649390513585,374.982035902195,2.99873413487404
107.708245123131,488.277559886317,4.46903208777637
623.406154953332,98.4572364194296,4.07967509014693
422.12096740926,261.583388068728,3.64270589261465
10.9016612759326,180.59004245865,3.23373268080808
61.5790372301325,113.573816048417,4.23491678367458
592.584550065683,202.627388616764,4.30479058148463
256.614702249235,212.327737262311,3.66278140954707
574.918532534857,435.168638687133,3.92072078510791
300.168201426811,136.311176858108,3.80981379857689
525.436335876609,453.53889834505,3.45877108319507
43.6260714299948,423.49809306043,3.92544841951825
200.949020004927,289.259947500655,3.78934129516377
552.267343850927,259.939522364189,3.74222680553432
187.51833658929,37.3076184303971,4.3031067725163
515.27850653473,344.072734685995,4.58543381187876
37.8344678590471,54.5195923975004,3.95421022255199
531.547152723536,133.324979680452,4.55069341735042
NA,NA,NA
662.071724289394,333.177717423001,3.36626769248362
457.124821004048,300.813250091812,3.75796878003016
13.0889287457154,495.675784349821,3.67724449979952
561.456304980958,57.8136640438679,4.26971362031575
69.7725358951572,374.706862432176,3.87381041414944
222.512475009152,411.74151522959,3.83817164315045
429.995870640826,13.5761112692023,3.33695154750661
361.372565762325,292.972980071901,3.07146990730233
599.185736087894,106.150133292164,4.29321550343541
394.796193897273,229.810882640961,4.14303679646634
569.920750813999,416.409091977654,4.68820304575943
142.383315069332,284.166898294103,4.51388747589667
196.78868443715,366.595751403583,4.09649306432049
124.836145869058,409.523321435817,3.54233060308467
623.736845709933,317.0274874328,4.65923022349511
6.18283175914384,143.23485119251,4.29096403160206
541.064351209365,207.937060926825,4.16203515972666
35.4302057183087,491.678815663859,2.85554355776923
282.319817317338,20.2130509088606,3.76907044146369
534.168677854141,392.646464450541,3.39337886324726
57.9347059324235,81.1075193397385,5.21303984495478
5.17924355545897,80.9898616817055,3.4270780099339
586.120352675272,227.560235341837,4.04360833348187
437.681874648071,461.255577464704,4.69942650863802
656.649390513585,374.982035902195,2.99873413487404
107.708245123131,488.277559886317,4.46903208777637
623.406154953332,98.4572364194296,4.07967509014693
422.12096740926,261.583388068728,3.64270589261465
10.9016612759326,180.59004245865,3.23373268080808
61.5790372301325,113.573816048417,4.23491678367458
592.584550065683,202.627388616764,4.30479058148463
256.614702249235,212.327737262311,3.66278140954707
574.918532534857,435.168638687133,3.92072078510791
300.168201426811,136.311176858108,3.80981379857689
525.436335876609,453.53889834505,3.45877108319507
43.6260714299948,423.49809306043,3.92544841951825
200.949020004927,289.259947500655,3.78934129516377
552.267343850927,259.939522364189,3.74222680553432
187.51833658929,37.3076184303971,4.3031067725163
515.27850653473,344.072734685995,4.58543381187876
37.8344678590471,54.5195923975004,3.95421022255199
531.547152723536,133.324979680452,4.55069341735042
NA,NA,NA
662.071724289394,333.177717423001,3.36626769248362
457.124821004048,300.813250091812,3.75796878003016
13.0889287457154,495.675784349821,3.67724449979952
561.456304980958,57.8136640438679,4.26971362031575
69.7725358951572,374.706862432176,3.87381041414944
222.512475009152,411.74151522959,3.83817164315045
429.995870640826,13.5761112692023,3.33695154750661
361.372565762325,292.972980071901,3.07146990730233
599.185736087894,106.150133292164,4.29321550343541
394.796193897273,229.810882640961,4.14303679646634
569.920750813999,416.409091977654,4.68820304575943
142.383315069332,284.166898294103,4.51388747589667
196.78868443715,366.595751403583,4.09649306432049
124.836145869058,409.523321435817,3.54233060308467
623.736845709933,317.0274874328,4.65923022349511
6.18283175914384,143.23485119251,4.29096403160206
541.064351209365,207.937060926825,4.16203515972666
35.4302057183087,491.678815663859,2.85554355776923
282.319817317338,20.2130509088606,3.76907044146369
534.168677854141,392.646464450541,3.39337886324726
57.9347059324235,81.1075193397385,5.21303984495478
5.17924355545897,80.9898616817055,3.4270780099339
586.120352675272,227.560235341837,4.04360833348187
437.681874648071,461.255577464704,4.69942650863802
656.649390513585,374.982035902195,2.99873413487404
107.708245123131,488.277559886317,4.46903208777637
623.406154953332,98.4572364194296,4.07967509014693
422.12096740926,261.583388068728,3.64270589261465
10.9016612759326,180.59004245865,3.23373268080808
61.5790372301325,113.573816048417,4.23491678367458
592.584550065683,202.627388616764,4.30479058148463
256.614702249235,212.327737262311,3.66278140954707
574.918532534857,435.168638687133,3.92072078510791
300.168201426811,136.311176858108,3.80981379857689
525.436335876609,453.53889834505,3.45877108319507
43.6260714299948,423.49809306043,3.92544841951825
200.949020004927,289.259947500655,3.78934129516377
552.267343850927,259.939522364189,3.74222680553432
187.51833658929,37.3076184303971,4.3031067725163
515.27850653473,344.072734685995,4.58543381187876
37.8344678590471,54.5195923975004,3.95421022255199
531.547152723536,133.324979680452,4.55069341735042
NA,NA,NA
662.071724289394,333.177717423001,3.36626769248362
457.124821004048,300.813250091812,3.75796878003016
13.0889287457154,495.675784349821,3.67724449979952
561.456304980958,57.8136640438679,4.26971362031575
69.7725358951572,374.706862432176,3.87381041414944
222.512475009152,411.74151522959,3.83817164315045
429.995870640826,13.5761112692023,3.33695154750661
361.372565762325,292.972980071901,3.07146990730233
599.185736087894,106.150133292164,4.29321550343541
394.796193897273,229.810882640961,4.14303679646634
569.920750813999,416.409091977654,4.68820304575943
142.383315069332,284.166898294103,4.51388747589667
196.78868443715,366.595751403583,4.09649306432049
124.836145869058,409.523321435817,3.54233060308467
623.736845709933,317.0274874328,4.65923022349511
6.18283175914384,143.23485119251,4.29096403160206
541.064351209365,207.937060926825,4.16203515972666
35.4302057183087,491.678815663859,2.85554355776923
282.319817317338,20.2130509088606,3.76907044146369
534.168677854141,392.646464450541,3.39337886324726
57.9347059324235,81.1075193397385,5.21303984495478
5.17924355545897,80.9898616817055,3.4270780099339
586.120352675272,227.560235341837,4.04360833348187
437.681874648071,461.255577464704,4.69942650863802
656.649390513585,374.982035902195,2.99873413487404
107.708245123131,488.277559886317,4.46903208777637
623.406154953332,98.4572364194296,4.07967509014693
422.12096740926,261.583388068728,3.64270589261465
10.9016612759326,180.59004245865,3.23373268080808
61.5790372301325,113.573816048417,4.23491678367458
592.584550065683,202.627388616764,4.30479058148463
256.614702249235,212.327737262311,3.66278140954707
574.918532534857,435.168638687133,3.92072078510791
300.168201426811,136.311176858108,3.80981379857689
525.436335876609,453.53889834505,3.45877108319507
43.6260714299948,423.49809306043,3.92544841951825
200.949020004927,289.259947500655,3.78934129516377
552.267343850927,259.939522364189,3.74222680553432
187.51833658929,37.3076184303971,4.3031067725163
515.27850653473,344.072734685995,4.58543381187876
37.8344678590471,54.5195923975004,3.95421022255199
531.547152723536,133.324979680452,4.55069341735042
NA,NA,NA
662.071724289394,333.177717423001,3.36626769248362
457.124821004048,300.813250091812,3.75796878003016
13.0889287457154,495.675784349821,3.67724449979952
561.456304980958,57.8136640438679,4.26971362031575
69.7725358951572,374.706862432176,3.87381041414944
222.512475009152,411.74151522959,3.83817164315045
429.995870640826,13.5761112692023,3.33695154750661
361.372565762325,292.972980071901,3.07146990730233
599.185736087894,106.150133292164,4.29321550343541
394.796193897273,229.810882640961,4.14303679646634
569.920750813999,416.409091977654,4.68820304575943
142.383315069332,284.166898294103,4.51388747589667
196.78868443715,366.595751403583,4.09649306432049
124.836145869058,409.523321435817,3.54233060308467
623.736845709933,317.0274874328,4.65923022349511
6.18283175914384,143.23485119251,4.29096403160206
541.064351209365,207.937060926825,4.16203515972666
35.4302057183087,491.678815663859,2.85554355776923
282.319817317338,20.2130509088606,3.76907044146369
534.168677854141,392.646464450541,3.39337886324726
57.9347059324235,81.1075193397385,5.21303984495478
5.17924355545897,80.9898616817055,3.4270780099339
586.120352675272,227.560235341837,4.04360833348187
437.681874648071,461.255577464704,4.69942650863802
656.649390513585,374.982035902195,2.99873413487404
107.708245123131,488.277559886317,4.46903208777637
623.406154953332,98.4572364194296,4.07967509014693
422.12096740926,261.583388068728,3.64270589261465
10.9016612759326,180.59004245865,3.23373268080808
61.5790372301325,113.573816048417,4.23491678367458
592.584550065683,202.627388616764,4.30479058148463
256.614702249235,212.327737262311,3.66278140954707
574.918532534857,435.168638687133,3.92072078510791
300.168201426811,136.311176858108,3.80981379857689
525.436335876609,453.53889834505,3.45877108319507
43.6260714299948,423.49809306043,3.92544841951825
200.949020004927,289.259947500655,3.78934129516377
552.267343850927,259.939522364189,3.74222680553432
187.51833658929,37.3076184303971,4.3031067725163
515.27850653473,344.072734685995,4.58543381187876
37.8344678590471,54.5195923975004,3.95421022255199
531.547152723536,133.324979680452,4.55069341735042
NA,NA,NA
662.071724289394,333.177717423001,3.36626769248362
457.124821004048,300.813250091812,3.75796878003016
13.0889287457154,495.675784349821,3.67724449979952
561.456304980958,57.8136640438679,4.26971362031575
69.7725358951572,374.706862432176,3.87381041414944
222.512475009152,411.74151522959,3.83817164315045
429.995870640826,13.5761112692023,3.33695154750661
361.372565762325,292.972980071901,3.07146990730233
599.185736087894,106.150133292164,4.29321550343541
394.796193897273,229.810882640961,4.14303679646634
569.920750813999,416.409091977654,4.68820304575943
142.383315069332,284.166898294103,4.51388747589667
196.78868443715,366.595751403583,4.09649306432049
124.836145869058,409.523321435817,3.54233060308467
623.736845709933,317.0274874328,4.65923022349511
6.18283175914384,143.23485119251,4.29096403160206
541.064351209365,207.937060926825,4.16203515972666
35.4302057183087,491.678815663859,2.85554355776923
282.319817317338,20.2130509088606,3.76907044146369
534.168677854141,392.646464450541,3.39337886324726
57.9347059324235,81.1075193397385,5.21303984495478
5.17924355545897,80.9898616817055,3.4270780099339
586.120352675272,227.560235341837,4.04360833348187
437.681874648071,461.255577464704,4.69942650863802
656.649390513585,374.982035902195,2.99873413487404
107.708245123131,488.277559886317,4.46903208777637
623.406154953332,98.4572364194296,4.07967509014693
422.12096740926,261.583388068728,3.64270589261465
10.9016612759326,180.59004245865,3.23373268080808
61.5790372301325,113.573816048417,4.23491678367458
592.584550065683,202.627388616764,4.30479058148463
256.614702249235,212.327737262311,3.66278140954707
574.918532534857,435.168638687133,3.92072078510791
300.168201426811,136.311176858108,3.80981379857689
525.436335876609,453.53889834505,3.45877108319507
43.6260714299948,423.49809306043,3.92544841951825
200.949020004927,289.259947500655,3.78934129516377
552.267343850927,259.939522364189,3.74222680553432
187.51833658929,37.3076184303971,4.3031067725163
515.27850653473,344.072734685995,4.58543381187876
37.8344678590471,54.5195923975004,3.95421022255199
531.547152723536,133.324979680452,4.55069341735042
NA,NA,NA
662.149795200063,336.371684655763,3.3440077855965
451.035948819872,300.847497946272,3.55474027921234
12.6455283525462,492.688021587272,3.52953653438724
559.343892660121,50.4927369956603,4.05748628325948
75.5847364617334,372.374675949288,3.96126111996504
229.203654076544,418.101822263132,3.88839610233708
428.539565172329,14.3530790596874,3.35328912728843
360.715176886663,294.191527163525,2.96459438356528
599.488933303824,102.214678894327,4.097353666101
397.997170063275,229.151883850384,4.15735756041152
572.443059033237,404.771356703456,4.74425364284043
138.012570025053,284.347123643778,4.53822979650754
203.826549537391,365.034724596579,4.039536096285
127.693032460583,410.06095247215,3.37448375972776
628.027166454696,309.356582305692,4.45628909965208
0.410462994933073,151.137170762014,4.24555898175024
544.373433871817,200.632042372952,4.18410141141365
34.4036254775985,491.389780415278,3.00934103992407
279.764574197908,20.1275059950427,3.7431148469582
534.02005044809,393.947002366439,3.30075599644229
61.271599728322,75.9797793096149,5.19148500083318
4.2965674362621,77.1133699772279,3.52067369777169
592.623743262894,222.1692309042,3.92200130791914
435.645077759282,464.038885105423,4.81704362007777
659.328697198478,373.967796236165,3.06310734745731
107.692364796532,488.105339862907,4.34214481132918
622.609409962417,89.080383110924,4.04857058794963
418.619766369524,259.34236761273,3.66713191948488
10.6718918338011,183.378836622065,3.22199588443281
71.8757670993124,112.174449060463,4.48929113124238
604.967368988502,192.083415683782,4.17465799923357
250.77885263804,219.470671793778,3.4988159986436
576.418995662733,442.754542697024,3.84202454700962
299.960904512046,136.272770521584,3.78388399050349
529.552170925625,450.169519673278,3.42478294919942
38.796871389433,423.343800760452,4.11692657595176
196.966056428148,285.476004741983,4.1268700663967
555.141751777137,260.55480060152,3.94185416245387
176.31816457847,26.264542376722,4.07533371456454
503.701508525392,347.142644997,4.67575689713389
36.9706887367069,50.846941343728,4.06956905457156
531.720046195543,161.13672827411,4.31188107591296
NA,NA,NA
662.149795200063,336.371684655763,3.3440077855965
451.035948819872,300.847497946272,3.55474027921234
12.6455283525462,492.688021587272,3.52953653438724
559.343892660121,50.4927369956603,4.05748628325948
75.5847364617334,372.374675949288,3.96126111996504
229.203654076544,418.101822263132,3.88839610233708
428.539565172329,14.3530790596874,3.35328912728843
360.715176886663,294.191527163525,2.96459438356528
599.488933303824,102.214678894327,4.097353666101
397.997170063275,229.151883850384,4.15735756041152
572.443059033237,404.771356703456,4.74425364284043
138.012570025053,284.347123643778,4.53822979650754
203.826549537391,365.034724596579,4.039536096285
127.693032460583,410.06095247215,3.37448375972776
628.027166454696,309.356582305692,4.45628909965208
0.410462994933073,151.137170762014,4.24555898175024
544.373433871817,200.632042372952,4.18410141141365
34.4036254775985,491.389780415278,3.00934103992407
279.764574197908,20.1275059950427,3.7431148469582
534.02005044809,393.947002366439,3.30075599644229
61.271599728322,75.9797793096149,5.19148500083318
4.2965674362621,77.1133699772279,3.52067369777169
592.623743262894,222.1692309042,3.92200130791914
435.645077759282,464.038885105423,4.81704362007777
659.328697198478,373.967796236165,3.06310734745731
107.692364796532,488.105339862907,4.34214481132918
622.609409962417,89.080383110924,4.04857058794963
418.619766369524,259.34236761273,3.66713191948488
10.6718918338011,183.378836622065,3.22199588443281
71.8757670993124,112.174449060463,4.48929113124238
604.967368988502,192.083415683782,4.17465799923357
250.77885263804,219.470671793778,3.4988159986436
576.418995662733,442.754542697024,3.84202454700962
299.960904512046,136.272770521584,3.78388399050349
529.552170925625,450.169519673278,3.42478294919942
38.796871389433,423.343800760452,4.11692657595176
196.966056428148,285.476004741983,4.1268700663967
555.141751777137,260.55480060152,3.94185416245387
176.31816457847,26.264542376722,4.07533371456454
503.701508525392,347.142644997,4.67575689713389
36.9706887367069,50.846941343728,4.06956905457156
531.720046195543,161.13672827411,4.31188107591296
NA,NA,NA
662.149795200063,336.371684655763,3.3440077855965
451.035948819872,300.847497946272,3.55474027921234
12.6455283525462,492.688021587272,3.52953653438724
559.343892660121,50.4927369956603,4.05748628325948
75.5847364617334,372.374675949288,3.96126111996504
229.203654076544,418.101822263132,3.88839610233708
428.539565172329,14.3530790596874,3.35328912728843
360.715176886663,294.191527163525,2.96459438356528
599.488933303824,102.214678894327,4.097353666101
397.997170063275,229.151883850384,4.15735756041152
572.443059033237,404.771356703456,4.74425364284043
138.012570025053,284.347123643778,4.53822979650754
203.826549537391,365.034724596579,4.039536096285
127.693032460583,410.06095247215,3.37448375972776
628.027166454696,309.356582305692,4.45628909965208
0.410462994933073,151.137170762014,4.24555898175024
544.373433871817,200.632042372952,4.18410141141365
34.4036254775985,491.389780415278,3.00934103992407
279.764574197908,20.1275059950427,3.7431148469582
534.02005044809,393.947002366439,3.30075599644229
61.271599728322,75.9797793096149,5.19148500083318
4.2965674362621,77.1133699772279,3.52067369777169
592.623743262894,222.1692309042,3.92200130791914
435.645077759282,464.038885105423,4.81704362007777
659.328697198478,373.967796236165,3.06310734745731
107.692364796532,488.105339862907,4.34214481132918
622.609409962417,89.080383110924,4.04857058794963
418.619766369524,259.34236761273,3.66713191948488
10.6718918338011,183.378836622065,3.22199588443281
71.8757670993124,112.174449060463,4.48929113124238
604.967368988502,192.083415683782,4.17465799923357
250.77885263804,219.470671793778,3.4988159986436
576.418995662733,442.754542697024,3.84202454700962
299.960904512046,136.272770521584,3.78388399050349
529.552170925625,450.169519673278,3.42478294919942
38.796871389433,423.343800760452,4.11692657595176
196.966056428148,285.476004741983,4.1268700663967
555.141751777137,260.55480060152,3.94185416245387
176.31816457847,26.264542376722,4.07533371456454
503.701508525392,347.142644997,4.67575689713389
36.9706887367069,50.846941343728,4.06956905457156
531.720046195543,161.13672827411,4.31188107591296
NA,NA,NA
662.149795200063,336.371684655763,3.3440077855965
451.035948819872,300.847497946272,3.55474027921234
12.6455283525462,492.688021587272,3.52953653438724
559.343892660121,50.4927369956603,4.05748628325948
75.5847364617334,372.374675949288,3.96126111996504
229.203654076544,418.101822263132,3.88839610233708
428.539565172329,14.3530790596874,3.35328912728843
360.715176886663,294.191527163525,2.96459438356528
599.488933303824,102.214678894327,4.097353666101
397.997170063275,229.151883850384,4.15735756041152
572.443059033237,404.771356703456,4.74425364284043
138.012570025053,284.347123643778,4.53822979650754
203.826549537391,365.034724596579,4.039536096285
127.693032460583,410.06095247215,3.37448375972776
628.027166454696,309.356582305692,4.45628909965208
0.410462994933073,151.137170762014,4.24555898175024
544.373433871817,200.632042372952,4.18410141141365
34.4036254775985,491.389780415278,3.00934103992407
279.764574197908,20.1275059950427,3.7431148469582
534.02005044809,393.947002366439,3.30075599644229
61.271599728322,75.9797793096149,5.19148500083318
4.2965674362621,77.1133699772279,3.52067369777169
592.623743262894,222.1692309042,3.92200130791914
435.645077759282,464.038885105423,4.81704362007777
659.328697198478,373.967796236165,3.06310734745731
107.692364796532,488.105339862907,4.34214481132918
622.609409962417,89.080383110924,4.04857058794963
418.619766369524,259.34236761273,3.66713191948488
10.6718918338011,183.378836622065,3.22199588443281
71.8757670993124,112.174449060463,4.48929113124238
604.967368988502,192.083415683782,4.17465799923357
250.77885263804,219.470671793778,3.4988159986436
576.418995662733,442.754542697024,3.84202454700962
299.960904512046,136.272770521584,3.78388399050349
529.552170925625,450.169519673278,3.42478294919942
38.796871389433,423.343800760452,4.11692657595176
196.966056428148,285.476004741983,4.1268700663967
555.141751777137,260.55480060152,3.94185416245387
176.31816457847,26.264542376722,4.07533371456454
503.701508525392,347.142644997,4.67575689713389
36.9706887367069,50.846941343728,4.06956905457156
531.720046195543,161.13672827411,4.31188107591296
NA,NA,NA
662.149795200063,336.371684655763,3.3440077855965
451.035948819872,300.847497946272,3.55474027921234
12.6455283525462,492.688021587272,3.52953653438724
559.343892660121,50.4927369956603,4.05748628325948
75.5847364617334,372.374675949288,3.96126111996504
229.203654076544,418.101822263132,3.88839610233708
428.539565172329,14.3530790596874,3.35328912728843
360.715176886663,294.191527163525,2.96459438356528
599.488933303824,102.214678894327,4.097353666101
397.997170063275,229.151883850384,4.15735756041152
572.443059033237,404.771356703456,4.74425364284043
138.012570025053,284.347123643778,4.53822979650754
203.826549537391,365.034724596579,4.039536096285
127.693032460583,410.06095247215,3.37448375972776
628.027166454696,309.356582305692,4.45628909965208
0.410462994933073,151.137170762014,4.24555898175024
544.373433871817,200.632042372952,4.18410141141365
34.4036254775985,491.389780415278,3.00934103992407
279.764574197908,20.1275059950427,3.7431148469582
534.02005044809,393.947002366439,3.30075599644229
61.271599728322,75.9797793096149,5.19148500083318
4.2965674362621,77.1133699772279,3.52067369777169
592.623743262894,222.1692309042,3.92200130791914
435.645077759282,464.038885105423,4.81704362007777
659.328697198478,373.967796236165,3.06310734745731
107.692364796532,488.105339862907,4.34214481132918
622.609409962417,89.080383110924,4.04857058794963
418.619766369524,259.34236761273,3.66713191948488
10.6718918338011,183.378836622065,3.22199588443281
71.8757670993124,112.174449060463,4.48929113124238
604.967368988502,192.083415683782,4.17465799923357
250.77885263804,219.470671793778,3.4988159986436
576.418995662733,442.754542697024,3.84202454700962
299.960904512046,136.272770521584,3.78388399050349
529.552170925625,450.169519673278,3.42478294919942
38.796871389433,423.343800760452,4.11692657595176
196.966056428148,285.476004741983,4.1268700663967
555.141751777137,260.55480060152,3.94185416245387
176.31816457847,26.264542376722,4.07533371456454
503.701508525392,347.142644997,4.67575689713389
36.9706887367069,50.846941343728,4.06956905457156
531.720046195543,161.13672827411,4.31188107591296
NA,NA,NA
662.149795200063,336.371684655763,3.3440077855965
451.035948819872,300.847497946272,3.55474027921234
12.6455283525462,492.688021587272,3.52953653438724
559.343892660121,50.4927369956603,4.05748628325948
75.5847364617334,372.374675949288,3.96126111996504
229.203654076544,418.101822263132,3.88839610233708
428.539565172329,14.3530790596874,3.35328912728843
360.715176886663,294.191527163525,2.96459438356528
599.488933303824,102.214678894327,4.097353666101
397.997170063275,229.151883850384,4.15735756041152
572.443059033237,404.771356703456,4.74425364284043
138.012570025053,284.347123643778,4.53822979650754
203.826549537391,365.034724596579,4.039536096285
127.693032460583,410.06095247215,3.37448375972776
628.027166454696,309.356582305692,4.45628909965208
0.410462994933073,151.137170762014,4.24555898175024
544.373433871817,200.632042372952,4.18410141141365
34.4036254775985,491.389780415278,3.00934103992407
279.764574197908,20.1275059950427,3.7431148469582
534.02005044809,393.947002366439,3.30075599644229
61.271599728322,75.9797793096149,5.19148500083318
4.2965674362621,77.1133699772279,3.52067369777169
592.623743262894,222.1692309042,3.92200130791914
435.645077759282,464.038885105423,4.81704362007777
659.328697198478,373.967796236165,3.06310734745731
107.692364796532,488.105339862907,4.34214481132918
622.609409962417,89.080383110924,4.04857058794963
418.619766369524,259.34236761273,3.66713191948488
10.6718918338011,183.378836622065,3.22199588443281
71.8757670993124,112.174449060463,4.48929113124238
604.967368988502,192.083415683782,4.17465799923357
250.77885263804,219.470671793778,3.4988159986436
576.418995662733,442.754542697024,3.84202454700962
299.960904512046,136.272770521584,3.78388399050349
529.552170925625,450.169519673278,3.42478294919942
38.796871389433,423.343800760452,4.11692657595176
196.966056428148,285.476004741983,4.1268700663967
555.141751777137,260.55480060152,3.94185416245387
176.31816457847,26.264542376722,4.07533371456454
503.701508525392,347.142644997,4.67575689713389
36.9706887367069,50.846941343728,4.06956905457156
531.720046195543,161.13672827411,4.31188107591296
NA,NA,NA
663.493555195315,338.594672592036,3.53935441807585
457.187951485686,298.6961341419,3.5083359257302
9.54027711284756,494.446054632665,3.47778275583256
560.271582322406,53.9308541742549,4.13499581711929
73.2566365809248,377.848902982177,3.95487511975292
231.301866881621,418.465290708627,3.85827089893202
428.406023427396,12.825016304573,3.32152937007656
362.215942786045,292.318939259251,2.9720098683703
610.125873434259,104.276492605576,4.23863864548901
393.79573504636,228.859530114201,4.3137388114925
573.026180963996,405.186878079513,4.64592854486399
143.7935161085,284.09447965571,4.45727365812436
201.049621075421,371.561099023665,3.94466597722079
125.706645466922,406.119046609531,3.39763928027468
626.439957646827,319.015646496279,4.57995005779749
-0.529654225824977,148.35704036402,4.35441616868868
545.654609947759,208.597154595492,4.26744759396322
35.3008075620192,492.099225341922,3.01292048384065
277.245548614519,26.478781716775,3.96400863763587
535.738179840758,392.91828942904,3.30311147718069
78.4000726699495,84.1341142648575,5.20508736625756
4.17388503747607,76.8289361722145,3.46342153379843
584.773108492148,223.152563561096,4.0698670032421
441.748769915809,456.620230301933,4.82633755833408
657.742570086445,373.016765194235,2.93513291999193
104.494111173499,486.949576841195,4.3780396558373
622.631646362179,88.8290275125119,4.14990857218285
419.414195135139,259.283577028478,3.60130145952305
10.411009357993,181.280953082677,3.30169977126595
60.7777532486975,116.694763503112,4.57984849047793
597.776471675338,199.417206889442,4.44678292876634
250.220073063606,220.196630426252,4.01200728421779
565.129021497893,427.279505951193,3.83859391229946
302.739907317582,131.581033195426,3.74725903043642
530.588255659877,462.007374522018,3.58795819257104
42.5409418224173,415.571538806655,3.99689305779192
206.415143548867,300.266633542168,4.15778260827939
554.029492885467,265.981123412141,3.49095373086938
178.315748693543,32.5316016715279,4.55082338131971
511.022873019817,349.463705553162,4.67783928833871
41.5884598134533,51.5222661450668,3.66995748753914
521.220425901566,144.21537853526,4.46758941115348
NA,NA,NA
663.493555195315,338.594672592036,3.53935441807585
457.187951485686,298.6961341419,3.5083359257302
9.54027711284756,494.446054632665,3.47778275583256
560.271582322406,53.9308541742549,4.13499581711929
73.2566365809248,377.848902982177,3.95487511975292
231.301866881621,418.465290708627,3.85827089893202
428.406023427396,12.825016304573,3.32152937007656
362.215942786045,292.318939259251,2.9720098683703
610.125873434259,104.276492605576,4.23863864548901
393.79573504636,228.859530114201,4.3137388114925
573.026180963996,405.186878079513,4.64592854486399
143.7935161085,284.09447965571,4.45727365812436
201.049621075421,371.561099023665,3.94466597722079
125.706645466922,406.119046609531,3.39763928027468
626.439957646827,319.015646496279,4.57995005779749
-0.529654225824977,148.35704036402,4.35441616868868
545.654609947759,208.597154595492,4.26744759396322
35.3008075620192,492.099225341922,3.01292048384065
277.245548614519,26.478781716775,3.96400863763587
535.738179840758,392.91828942904,3.30311147718069
78.4000726699495,84.1341142648575,5.20508736625756
4.17388503747607,76.8289361722145,3.46342153379843
584.773108492148,223.152563561096,4.0698670032421
441.748769915809,456.620230301933,4.82633755833408
657.742570086445,373.016765194235,2.93513291999193
104.494111173499,486.949576841195,4.3780396558373
622.631646362179,88.8290275125119,4.14990857218285
419.414195135139,259.283577028478,3.60130145952305
10.411009357993,181.280953082677,3.30169977126595
60.7777532486975,116.694763503112,4.57984849047793
597.776471675338,199.417206889442,4.44678292876634
250.220073063606,220.196630426252,4.01200728421779
565.129021497893,427.279505951193,3.83859391229946
302.739907317582,131.581033195426,3.74725903043642
530.588255659877,462.007374522018,3.58795819257104
42.5409418224173,415.571538806655,3.99689305779192
206.415143548867,300.266633542168,4.15778260827939
554.029492885467,265.981123412141,3.49095373086938
178.315748693543,32.5316016715279,4.55082338131971
511.022873019817,349.463705553162,4.67783928833871
41.5884598134533,51.5222661450668,3.66995748753914
521.220425901566,144.21537853526,4.46758941115348
NA,NA,NA
663.493555195315,338.594672592036,3.53935441807585
457.187951485686,298.6961341419,3.5083359257302
9.54027711284756,494.446054632665,3.47778275583256
560.271582322406,53.9308541742549,4.13499581711929
73.2566365809248,377.848902982177,3.95487511975292
231.301866881621,418.465290708627,3.85827089893202
428.406023427396,12.825016304573,3.32152937007656
362.215942786045,292.318939259251,2.9720098683703
610.125873434259,104.276492605576,4.23863864548901
393.79573504636,228.859530114201,4.3137388114925
573.026180963996,405.186878079513,4.64592854486399
143.7935161085,284.09447965571,4.45727365812436
201.049621075421,371.561099023665,3.94466597722079
125.706645466922,406.119046609531,3.39763928027468
626.439957646827,319.015646496279,4.57995005779749
-0.529654225824977,148.35704036402,4.35441616868868
545.654609947759,208.597154595492,4.26744759396322
35.3008075620192,492.099225341922,3.01292048384065
277.245548614519,26.478781716775,3.96400863763587
535.738179840758,392.91828942904,3.30311147718069
78.4000726699495,84.1341142648575,5.20508736625756
4.17388503747607,76.8289361722145,3.46342153379843
584.773108492148,223.152563561096,4.0698670032421
441.748769915809,456.620230301933,4.82633755833408
657.742570086445,373.016765194235,2.93513291999193
104.494111173499,486.949576841195,4.3780396558373
622.631646362179,88.8290275125119,4.14990857218285
419.414195135139,259.283577028478,3.60130145952305
10.411009357993,181.280953082677,3.30169977126595
60.7777532486975,116.694763503112,4.57984849047793
597.776471675338,199.417206889442,4.44678292876634
250.220073063606,220.196630426252,4.01200728421779
565.129021497893,427.279505951193,3.83859391229946
302.739907317582,131.581033195426,3.74725903043642
530.588255659877,462.007374522018,3.58795819257104
42.5409418224173,415.571538806655,3.99689305779192
206.415143548867,300.266633542168,4.15778260827939
554.029492885467,265.981123412141,3.49095373086938
178.315748693543,32.5316016715279,4.55082338131971
511.022873019817,349.463705553162,4.67783928833871
41.5884598134533,51.5222661450668,3.66995748753914
521.220425901566,144.21537853526,4.46758941115348
NA,NA,NA
663.493555195315,338.594672592036,3.53935441807585
457.187951485686,298.6961341419,3.5083359257302
9.54027711284756,494.446054632665,3.47778275583256
560.271582322406,53.9308541742549,4.13499581711929
73.2566365809248,377.848902982177,3.95487511975292
231.301866881621,418.465290708627,3.85827089893202
428.406023427396,12.825016304573,3.32152937007656
362.215942786045,292.318939259251,2.9720098683703
610.125873434259,104.276492605576,4.23863864548901
393.79573504636,228.859530114201,4.3137388114925
573.026180963996,405.186878079513,4.64592854486399
143.7935161085,284.09447965571,4.45727365812436
201.049621075421,371.561099023665,3.94466597722079
125.706645466922,406.119046609531,3.39763928027468
626.439957646827,319.015646496279,4.57995005779749
-0.529654225824977,148.35704036402,4.35441616868868
545.654609947759,208.597154595492,4.26744759396322
35.3008075620192,492.099225341922,3.01292048384065
277.245548614519,26.478781716775,3.96400863763587
535.738179840758,392.91828942904,3.30311147718069
78.4000726699495,84.1341142648575,5.20508736625756
4.17388503747607,76.8289361722145,3.46342153379843
584.773108492148,223.152563561096,4.0698670032421
441.748769915809,456.620230301933,4.82633755833408
657.742570086445,373.016765194235,2.93513291999193
104.494111173499,486.949576841195,4.3780396558373
622.631646362179,88.8290275125119,4.14990857218285
419.414195135139,259.283577028478,3.60130145952305
10.411009357993,181.280953082677,3.30169977126595
60.7777532486975,116.694763503112,4.57984849047793
597.776471675338,199.417206889442,4.44678292876634
250.220073063606,220.196630426252,4.01200728421779
565.129021497893,427.279505951193,3.83859391229946
302.739907317582,131.581033195426,3.74725903043642
530.588255659877,462.007374522018,3.58795819257104
42.5409418224173,415.571538806655,3.99689305779192
206.415143548867,300.266633542168,4.15778260827939
554.029492885467,265.981123412141,3.49095373086938
178.315748693543,32.5316016715279,4.55082338131971
511.022873019817,349.463705553162,4.67783928833871
41.5884598134533,51.5222661450668,3.66995748753914
521.220425901566,144.21537853526,4.46758941115348
NA,NA,NA
663.493555195315,338.594672592036,3.53935441807585
457.187951485686,298.6961341419,3.5083359257302
9.54027711284756,494.446054632665,3.47778275583256
560.271582322406,53.9308541742549,4.13499581711929
73.2566365809248,377.848902982177,3.95487511975292
231.301866881621,418.465290708627,3.85827089893202
428.406023427396,12.825016304573,3.32152937007656
362.215942786045,292.318939259251,2.9720098683703
610.125873434259,104.276492605576,4.23863864548901
393.79573504636,228.859530114201,4.3137388114925
573.026180963996,405.186878079513,4.64592854486399
143.7935161085,284.09447965571,4.45727365812436
201.049621075421,371.561099023665,3.94466597722079
125.706645466922,406.119046609531,3.39763928027468
626.439957646827,319.015646496279,4.57995005779749
-0.529654225824977,148.35704036402,4.35441616868868
545.654609947759,208.597154595492,4.26744759396322
35.3008075620192,492.099225341922,3.01292048384065
277.245548614519,26.478781716775,3.96400863763587
535.738179840758,392.91828942904,3.30311147718069
78.4000726699495,84.1341142648575,5.20508736625756
4.17388503747607,76.8289361722145,3.46342153379843
584.773108492148,223.152563561096,4.0698670032421
441.748769915809,456.620230301933,4.82633755833408
657.742570086445,373.016765194235,2.93513291999193
104.494111173499,486.949576841195,4.3780396558373
622.631646362179,88.8290275125119,4.14990857218285
419.414195135139,259.283577028478,3.60130145952305
10.411009357993,181.280953082677,3.30169977126595
60.7777532486975,116.694763503112,4.57984849047793
597.776471675338,199.417206889442,4.44678292876634
250.220073063606,220.196630426252,4.01200728421779
565.129021497893,427.279505951193,3.83859391229946
302.739907317582,131.581033195426,3.74725903043642
530.588255659877,462.007374522018,3.58795819257104
42.5409418224173,415.571538806655,3.99689305779192
206.415143548867,300.266633542168,4.15778260827939
554.029492885467,265.981123412141,3.49095373086938
178.315748693543,32.5316016715279,4.55082338131971
511.022873019817,349.463705553162,4.67783928833871
41.5884598134533,51.5222661450668,3.66995748753914
521.220425901566,144.21537853526,4.46758941115348
NA,NA,NA
663.493555195315,338.594672592036,3.53935441807585
457.187951485686,298.6961341419,3.5083359257302
9.54027711284756,494.446054632665,3.47778275583256
560.271582322406,53.9308541742549,4.13499581711929
73.2566365809248,377.848902982177,3.95487511975292
231.301866881621,418.465290708627,3.85827089893202
428.406023427396,12.825016304573,3.32152937007656
362.215942786045,292.318939259251,2.9720098683703
610.125873434259,104.276492605576,4.23863864548901
393.79573504636,228.859530114201,4.3137388114925
573.026180963996,405.186878079513,4.64592854486399
143.7935161085,284.09447965571,4.45727365812436
201.049621075421,371.561099023665,3.94466597722079
125.706645466922,406.119046609531,3.39763928027468
626.439957646827,319.015646496279,4.57995005779749
-0.529654225824977,148.35704036402,4.35441616868868
545.654609947759,208.597154595492,4.26744759396322
35.3008075620192,492.099225341922,3.01292048384065
277.245548614519,26.478781716775,3.96400863763587
535.738179840758,392.91828942904,3.30311147718069
78.4000726699495,84.1341142648575,5.20508736625756
4.17388503747607,76.8289361722145,3.46342153379843
584.773108492148,223.152563561096,4.0698670032421
441.748769915809,456.620230301933,4.82633755833408
657.742570086445,373.016765194235,2.93513291999193
104.494111173499,486.949576841195,4.3780396558373
622.631646362179,88.8290275125119,4.14990857218285
419.414195135139,259.283577028478,3.60130145952305
10.411009357993,181.280953082677,3.30169977126595
60.7777532486975,116.694763503112,4.57984849047793
597.776471675338,199.417206889442,4.44678292876634
250.220073063606,220.196630426252,4.01200728421779
565.129021497893,427.279505951193,3.83859391229946
302.739907317582,131.581033195426,3.74725903043642
530.588255659877,462.007374522018,3.58795819257104
42.5409418224173,415.571538806655,3.99689305779192
206.415143548867,300.266633542168,4.15778260827939
554.029492885467,265.981123412141,3.49095373086938
178.315748693543,32.5316016715279,4.55082338131971
511.022873019817,349.463705553162,4.67783928833871
41.5884598134533,51.5222661450668,3.66995748753914
521.220425901566,144.21537853526,4.46758941115348
NA,NA,NA
662.299344444949,335.112701678545,3.38119646956842
454.865811856518,297.65962337745,3.51395825488409
8.28192900825902,492.459496448502,3.73636894087827
558.578033705998,48.7321230075624,4.32333552184044
74.2420699424347,373.579448607977,4.07427467090139
225.81543677406,416.360073463958,3.8518819382933
429.83248446691,14.9255122139102,3.26563993659071
361.23864062581,294.111779593639,2.97569826473624
603.06129153038,105.392636590088,4.18629653911573
390.624217372977,229.323082120371,4.36614824688412
567.149666973572,405.907812265865,4.69366235901493
139.745625102883,278.214709742908,4.59443864497938
203.542055930149,370.328202589814,4.03451533583043
123.325651386184,410.507666777175,3.55608175300504
623.354096924396,311.842098074438,4.5561169554264
-0.577932482012751,143.214984227266,4.19626455161732
545.340171753592,204.566741860759,4.22149696215106
34.9685071032095,492.641239483704,3.07209152400232
282.140155112086,25.4589678686616,3.99611369441436
531.515057847131,395.112250233212,3.32208112924608
77.6350380485042,71.3076473792959,5.18065048714866
4.0872601321287,73.4221918009611,3.48665028897633
588.535839188656,224.500860636703,4.02406857625911
441.261338762153,462.118035918932,4.75855354909423
658.694724479824,375.160899855423,3.10346416727886
103.89763257334,483.413556813779,4.4091196996858
625.784043300517,89.4613927857727,4.10043287019759
419.678201659136,256.437027484734,3.59982472745432
13.0757351431556,181.858903678511,3.18302932467682
77.5424061011231,108.754594613256,4.50061357342081
597.816876053979,215.249423801506,4.22394535350746
248.370685199242,217.864579808519,3.64147402325803
571.938984783443,434.291052717531,3.86268568091019
303.847303786638,134.118846431901,3.82356360994655
527.83680897152,460.875941805144,3.76522810744849
44.1751675445618,423.653043177722,3.92314630067638
193.984136173961,289.493135888851,4.02407259097684
554.921175355505,269.573124267734,3.69162440998524
163.287065996751,50.4189883769708,4.31173534938515
497.127845886681,345.759756095974,4.58262113433437
45.9998779443255,55.9232520106256,3.90435826471666
524.628508536379,155.096359743193,4.73523412162689
NA,NA,NA
662.299344444949,335.112701678545,3.38119646956842
454.865811856518,297.65962337745,3.51395825488409
8.28192900825902,492.459496448502,3.73636894087827
558.578033705998,48.7321230075624,4.32333552184044
74.2420699424347,373.579448607977,4.07427467090139
225.81543677406,416.360073463958,3.8518819382933
429.83248446691,14.9255122139102,3.26563993659071
361.23864062581,294.111779593639,2.97569826473624
603.06129153038,105.392636590088,4.18629653911573
390.624217372977,229.323082120371,4.36614824688412
567.149666973572,405.907812265865,4.69366235901493
139.745625102883,278.214709742908,4.59443864497938
203.542055930149,370.328202589814,4.03451533583043
123.325651386184,410.507666777175,3.55608175300504
623.354096924396,311.842098074438,4.5561169554264
-0.577932482012751,143.214984227266,4.19626455161732
545.340171753592,204.566741860759,4.22149696215106
34.9685071032095,492.641239483704,3.07209152400232
282.140155112086,25.4589678686616,3.99611369441436
531.515057847131,395.112250233212,3.32208112924608
77.6350380485042,71.3076473792959,5.18065048714866
4.0872601321287,73.4221918009611,3.48665028897633
588.535839188656,224.500860636703,4.02406857625911
441.261338762153,462.118035918932,4.75855354909423
658.694724479824,375.160899855423,3.10346416727886
103.89763257334,483.413556813779,4.4091196996858
625.784043300517,89.4613927857727,4.10043287019759
419.678201659136,256.437027484734,3.59982472745432
13.0757351431556,181.858903678511,3.18302932467682
77.5424061011231,108.754594613256,4.50061357342081
597.816876053979,215.249423801506,4.22394535350746
248.370685199242,217.864579808519,3.64147402325803
571.938984783443,434.291052717531,3.86268568091019
303.847303786638,134.118846431901,3.82356360994655
527.83680897152,460.875941805144,3.76522810744849
44.1751675445618,423.653043177722,3.92314630067638
193.984136173961,289.493135888851,4.02407259097684
554.921175355505,269.573124267734,3.69162440998524
163.287065996751,50.4189883769708,4.31173534938515
497.127845886681,345.759756095974,4.58262113433437
45.9998779443255,55.9232520106256,3.90435826471666
524.628508536379,155.096359743193,4.73523412162689
NA,NA,NA
662.299344444949,335.112701678545,3.38119646956842
454.865811856518,297.65962337745,3.51395825488409
8.28192900825902,492.459496448502,3.73636894087827
558.578033705998,48.7321230075624,4.32333552184044
74.2420699424347,373.579448607977,4.07427467090139
225.81543677406,416.360073463958,3.8518819382933
429.83248446691,14.9255122139102,3.26563993659071
361.23864062581,294.111779593639,2.97569826473624
603.06129153038,105.392636590088,4.18629653911573
390.624217372977,229.323082120371,4.36614824688412
567.149666973572,405.907812265865,4.69366235901493
139.745625102883,278.214709742908,4.59443864497938
203.542055930149,370.328202589814,4.03451533583043
123.325651386184,410.507666777175,3.55608175300504
623.354096924396,311.842098074438,4.5561169554264
-0.577932482012751,143.214984227266,4.19626455161732
545.340171753592,204.566741860759,4.22149696215106
34.9685071032095,492.641239483704,3.07209152400232
282.140155112086,25.4589678686616,3.99611369441436
531.515057847131,395.112250233212,3.32208112924608
77.6350380485042,71.3076473792959,5.18065048714866
4.0872601321287,73.4221918009611,3.48665028897633
588.535839188656,224.500860636703,4.02406857625911
441.261338762153,462.118035918932,4.75855354909423
658.694724479824,375.160899855423,3.10346416727886
103.89763257334,483.413556813779,4.4091196996858
625.784043300517,89.4613927857727,4.10043287019759
419.678201659136,256.437027484734,3.59982472745432
13.0757351431556,181.858903678511,3.18302932467682
77.5424061011231,108.754594613256,4.50061357342081
597.816876053979,215.249423801506,4.22394535350746
248.370685199242,217.864579808519,3.64147402325803
571.938984783443,434.291052717531,3.86268568091019
303.847303786638,134.118846431901,3.82356360994655
527.83680897152,460.875941805144,3.76522810744849
44.1751675445618,423.653043177722,3.92314630067638
193.984136173961,289.493135888851,4.02407259097684
554.921175355505,269.573124267734,3.69162440998524
163.287065996751,50.4189883769708,4.31173534938515
497.127845886681,345.759756095974,4.58262113433437
45.9998779443255,55.9232520106256,3.90435826471666
524.628508536379,155.096359743193,4.73523412162689
NA,NA,NA
662.299344444949,335.112701678545,3.38119646956842
454.865811856518,297.65962337745,3.51395825488409
8.28192900825902,492.459496448502,3.73636894087827
558.578033705998,48.7321230075624,4.32333552184044
74.2420699424347,373.579448607977,4.07427467090139
225.81543677406,416.360073463958,3.8518819382933
429.83248446691,14.9255122139102,3.26563993659071
361.23864062581,294.111779593639,2.97569826473624
603.06129153038,105.392636590088,4.18629653911573
390.624217372977,229.323082120371,4.36614824688412
567.149666973572,405.907812265865,4.69366235901493
139.745625102883,278.214709742908,4.59443864497938
203.542055930149,370.328202589814,4.03451533583043
123.325651386184,410.507666777175,3.55608175300504
623.354096924396,311.842098074438,4.5561169554264
-0.577932482012751,143.214984227266,4.19626455161732
545.340171753592,204.566741860759,4.22149696215106
34.9685071032095,492.641239483704,3.07209152400232
282.140155112086,25.4589678686616,3.99611369441436
531.515057847131,395.112250233212,3.32208112924608
77.6350380485042,71.3076473792959,5.18065048714866
4.0872601321287,73.4221918009611,3.48665028897633
588.535839188656,224.500860636703,4.02406857625911
441.261338762153,462.118035918932,4.75855354909423
658.694724479824,375.160899855423,3.10346416727886
103.89763257334,483.413556813779,4.4091196996858
625.784043300517,89.4613927857727,4.10043287019759
419.678201659136,256.437027484734,3.59982472745432
13.0757351431556,181.858903678511,3.18302932467682
77.5424061011231,108.754594613256,4.50061357342081
597.816876053979,215.249423801506,4.22394535350746
248.370685199242,217.864579808519,3.64147402325803
571.938984783443,434.291052717531,3.86268568091019
303.847303786638,134.118846431901,3.82356360994655
527.83680897152,460.875941805144,3.76522810744849
44.1751675445618,423.653043177722,3.92314630067638
193.984136173961,289.493135888851,4.02407259097684
554.921175355505,269.573124267734,3.69162440998524
163.287065996751,50.4189883769708,4.31173534938515
497.127845886681,345.759756095974,4.58262113433437
45.9998779443255,55.9232520106256,3.90435826471666
524.628508536379,155.096359743193,4.73523412162689
NA,NA,NA
662.299344444949,335.112701678545,3.38119646956842
454.865811856518,297.65962337745,3.51395825488409
8.28192900825902,492.459496448502,3.73636894087827
558.578033705998,48.7321230075624,4.32333552184044
74.2420699424347,373.579448607977,4.07427467090139
225.81543677406,416.360073463958,3.8518819382933
429.83248446691,14.9255122139102,3.26563993659071
361.23864062581,294.111779593639,2.97569826473624
603.06129153038,105.392636590088,4.18629653911573
390.624217372977,229.323082120371,4.36614824688412
567.149666973572,405.907812265865,4.69366235901493
139.745625102883,278.214709742908,4.59443864497938
203.542055930149,370.328202589814,4.03451533583043
123.325651386184,410.507666777175,3.55608175300504
623.354096924396,311.842098074438,4.5561169554264
-0.577932482012751,143.214984227266,4.19626455161732
545.340171753592,204.566741860759,4.22149696215106
34.9685071032095,492.641239483704,3.07209152400232
282.140155112086,25.4589678686616,3.99611369441436
531.515057847131,395.112250233212,3.32208112924608
77.6350380485042,71.3076473792959,5.18065048714866
4.0872601321287,73.4221918009611,3.48665028897633
588.535839188656,224.500860636703,4.02406857625911
441.261338762153,462.118035918932,4.75855354909423
658.694724479824,375.160899855423,3.10346416727886
103.89763257334,483.413556813779,4.4091196996858
625.784043300517,89.4613927857727,4.10043287019759
419.678201659136,256.437027484734,3.59982472745432
13.0757351431556,181.858903678511,3.18302932467682
77.5424061011231,108.754594613256,4.50061357342081
597.816876053979,215.249423801506,4.22394535350746
248.370685199242,217.864579808519,3.64147402325803
571.938984783443,434.291052717531,3.86268568091019
303.847303786638,134.118846431901,3.82356360994655
527.83680897152,460.875941805144,3.76522810744849
44.1751675445618,423.653043177722,3.92314630067638
193.984136173961,289.493135888851,4.02407259097684
554.921175355505,269.573124267734,3.69162440998524
163.287065996751,50.4189883769708,4.31173534938515
497.127845886681,345.759756095974,4.58262113433437
45.9998779443255,55.9232520106256,3.90435826471666
524.628508536379,155.096359743193,4.73523412162689
NA,NA,NA
662.299344444949,335.112701678545,3.38119646956842
454.865811856518,297.65962337745,3.51395825488409
8.28192900825902,492.459496448502,3.73636894087827
558.578033705998,48.7321230075624,4.32333552184044
74.2420699424347,373.579448607977,4.07427467090139
225.81543677406,416.360073463958,3.8518819382933
429.83248446691,14.9255122139102,3.26563993659071
361.23864062581,294.111779593639,2.97569826473624
603.06129153038,105.392636590088,4.18629653911573
390.624217372977,229.323082120371,4.36614824688412
567.149666973572,405.907812265865,4.69366235901493
139.745625102883,278.214709742908,4.59443864497938
203.542055930149,370.328202589814,4.03451533583043
123.325651386184,410.507666777175,3.55608175300504
623.354096924396,311.842098074438,4.5561169554264
-0.577932482012751,143.214984227266,4.19626455161732
545.340171753592,204.566741860759,4.22149696215106
34.9685071032095,492.641239483704,3.07209152400232
282.140155112086,25.4589678686616,3.99611369441436
531.515057847131,395.112250233212,3.32208112924608
77.6350380485042,71.3076473792959,5.18065048714866
4.0872601321287,73.4221918009611,3.48665028897633
588.535839188656,224.500860636703,4.02406857625911
441.261338762153,462.118035918932,4.75855354909423
658.694724479824,375.160899855423,3.10346416727886
103.89763257334,483.413556813779,4.4091196996858
625.784043300517,89.4613927857727,4.10043287019759
419.678201659136,256.437027484734,3.59982472745432
13.0757351431556,181.858903678511,3.18302932467682
77.5424061011231,108.754594613256,4.50061357342081
597.816876053979,215.249423801506,4.22394535350746
248.370685199242,217.864579808519,3.64147402325803
571.938984783443,434.291052717531,3.86268568091019
303.847303786638,134.118846431901,3.82356360994655
527.83680897152,460.875941805144,3.76522810744849
44.1751675445618,423.653043177722,3.92314630067638
193.984136173961,289.493135888851,4.02407259097684
554.921175355505,269.573124267734,3.69162440998524
163.287065996751,50.4189883769708,4.31173534938515
497.127845886681,345.759756095974,4.58262113433437
45.9998779443255,55.9232520106256,3.90435826471666
524.628508536379,155.096359743193,4.73523412162689
NA,NA,NA
660.996625795419,331.043706508698,3.43520040442901
461.962719157409,299.579888465271,3.67989135592464
5.3616787016964,495.656662275243,3.63881664855036
558.051830938974,48.0991066874654,4.20992477551019
69.2034478252757,379.448764641431,4.05182688587665
225.293019132907,414.123377882417,3.86938436913121
427.865300830934,11.590208165084,3.02596086247157
362.999255165025,292.322740589427,3.01894990581359
603.440455560573,105.851791309644,4.25118173086372
390.849126372581,228.627805278769,4.26533087039375
558.106753557337,403.116213322499,4.7686649887562
143.037891094673,284.158975963719,4.58539732545818
193.597326365497,371.914240627944,3.99699773134139
124.51796892135,408.195130138767,3.35481762977298
630.197522157646,312.593634066463,4.50663008776785
-0.845002287392643,146.552252650498,4.27494978260707
543.877571217157,206.774458099381,4.16941270347891
33.8343557235015,491.650042930846,2.99148086073335
279.099670214435,26.3236535812719,3.99856009313123
536.107747800878,393.916068162746,3.30555193909802
72.7709297584913,79.935821957293,5.24362001789777
4.54762906370825,75.0800189447794,3.6504019826619
588.504039086592,227.037990787295,4.09980838119934
444.133449649762,453.502447191618,4.74519560945493
660.270913521232,373.666065462752,2.81852456782938
102.297130029459,483.325721376417,4.39306341840848
622.076783940204,86.6075673685708,4.08437711296206
418.644688165038,259.277773613942,3.6187029706691
8.83790042391081,182.718737320372,3.25247028268203
55.9854339908677,118.286114292758,4.26291865655498
616.926707485909,210.575280478608,4.18539717060016
253.875959551975,213.83901248114,3.69937009020444
574.524358923524,441.135166364731,3.9372162407763
297.962801519308,137.706425479469,3.85224836369073
528.868684533145,462.927677212531,3.69422150147233
46.0764170373107,412.058391249038,3.65659174231875
213.176631859624,283.093374179047,3.86796140995577
553.286099039713,255.110548832329,3.51580114566803
157.403239722695,24.4437529587255,4.42074266030464
505.632690655589,337.943018890103,4.40606617245032
41.0428617234552,46.8844329927555,3.83512352751183
542.962204938108,143.988230134341,4.60893949135651
NA,NA,NA
660.996625795419,331.043706508698,3.43520040442901
461.962719157409,299.579888465271,3.67989135592464
5.3616787016964,495.656662275243,3.63881664855036
558.051830938974,48.0991066874654,4.20992477551019
69.2034478252757,379.448764641431,4.05182688587665
225.293019132907,414.123377882417,3.86938436913121
427.865300830934,11.590208165084,3.02596086247157
362.999255165025,292.322740589427,3.01894990581359
603.440455560573,105.851791309644,4.25118173086372
390.849126372581,228.627805278769,4.26533087039375
558.106753557337,403.116213322499,4.7686649887562
143.037891094673,284.158975963719,4.58539732545818
193.597326365497,371.914240627944,3.99699773134139
124.51796892135,408.195130138767,3.35481762977298
630.197522157646,312.593634066463,4.50663008776785
-0.845002287392643,146.552252650498,4.27494978260707
543.877571217157,206.774458099381,4.16941270347891
33.8343557235015,491.650042930846,2.99148086073335
279.099670214435,26.3236535812719,3.99856009313123
536.107747800878,393.916068162746,3.30555193909802
72.7709297584913,79.935821957293,5.24362001789777
4.54762906370825,75.0800189447794,3.6504019826619
588.504039086592,227.037990787295,4.09980838119934
444.133449649762,453.502447191618,4.74519560945493
660.270913521232,373.666065462752,2.81852456782938
102.297130029459,483.325721376417,4.39306341840848
622.076783940204,86.6075673685708,4.08437711296206
418.644688165038,259.277773613942,3.6187029706691
8.83790042391081,182.718737320372,3.25247028268203
55.9854339908677,118.286114292758,4.26291865655498
616.926707485909,210.575280478608,4.18539717060016
253.875959551975,213.83901248114,3.69937009020444
574.524358923524,441.135166364731,3.9372162407763
297.962801519308,137.706425479469,3.85224836369073
528.868684533145,462.927677212531,3.69422150147233
46.0764170373107,412.058391249038,3.65659174231875
213.176631859624,283.093374179047,3.86796140995577
553.286099039713,255.110548832329,3.51580114566803
157.403239722695,24.4437529587255,4.42074266030464
505.632690655589,337.943018890103,4.40606617245032
41.0428617234552,46.8844329927555,3.83512352751183
542.962204938108,143.988230134341,4.60893949135651
NA,NA,NA
660.996625795419,331.043706508698,3.43520040442901
461.962719157409,299.579888465271,3.67989135592464
5.3616787016964,495.656662275243,3.63881664855036
558.051830938974,48.0991066874654,4.20992477551019
69.2034478252757,379.448764641431,4.05182688587665
225.293019132907,414.123377882417,3.86938436913121
427.865300830934,11.590208165084,3.02596086247157
362.999255165025,292.322740589427,3.01894990581359
603.440455560573,105.851791309644,4.25118173086372
390.849126372581,228.627805278769,4.26533087039375
558.106753557337,403.116213322499,4.7686649887562
143.037891094673,284.158975963719,4.58539732545818
193.597326365497,371.914240627944,3.99699773134139
124.51796892135,408.195130138767,3.35481762977298
630.197522157646,312.593634066463,4.50663008776785
-0.845002287392643,146.552252650498,4.27494978260707
543.877571217157,206.774458099381,4.16941270347891
33.8343557235015,491.650042930846,2.99148086073335
279.099670214435,26.3236535812719,3.99856009313123
536.107747800878,393.916068162746,3.30555193909802
72.7709297584913,79.935821957293,5.24362001789777
4.54762906370825,75.0800189447794,3.6504019826619
588.504039086592,227.037990787295,4.09980838119934
444.133449649762,453.502447191618,4.74519560945493
660.270913521232,373.666065462752,2.81852456782938
102.297130029459,483.325721376417,4.39306341840848
622.076783940204,86.6075673685708,4.08437711296206
418.644688165038,259.277773613942,3.6187029706691
8.83790042391081,182.718737320372,3.25247028268203
55.9854339908677,118.286114292758,4.26291865655498
616.926707485909,210.575280478608,4.18539717060016
253.875959551975,213.83901248114,3.69937009020444
574.524358923524,441.135166364731,3.9372162407763
297.962801519308,137.706425479469,3.85224836369073
528.868684533145,462.927677212531,3.69422150147233
46.0764170373107,412.058391249038,3.65659174231875
213.176631859624,283.093374179047,3.86796140995577
553.286099039713,255.110548832329,3.51580114566803
157.403239722695,24.4437529587255,4.42074266030464
505.632690655589,337.943018890103,4.40606617245032
41.0428617234552,46.8844329927555,3.83512352751183
542.962204938108,143.988230134341,4.60893949135651
NA,NA,NA
660.996625795419,331.043706508698,3.43520040442901
461.962719157409,299.579888465271,3.67989135592464
5.3616787016964,495.656662275243,3.63881664855036
558.051830938974,48.0991066874654,4.20992477551019
69.2034478252757,379.448764641431,4.05182688587665
225.293019132907,414.123377882417,3.86938436913121
427.865300830934,11.590208165084,3.02596086247157
362.999255165025,292.322740589427,3.01894990581359
603.440455560573,105.851791309644,4.25118173086372
390.849126372581,228.627805278769,4.26533087039375
558.106753557337,403.116213322499,4.7686649887562
143.037891094673,284.158975963719,4.58539732545818
193.597326365497,371.914240627944,3.99699773134139
124.51796892135,408.195130138767,3.35481762977298
630.197522157646,312.593634066463,4.50663008776785
-0.845002287392643,146.552252650498,4.27494978260707
543.877571217157,206.774458099381,4.16941270347891
33.8343557235015,491.650042930846,2.99148086073335
279.099670214435,26.3236535812719,3.99856009313123
536.107747800878,393.916068162746,3.30555193909802
72.7709297584913,79.935821957293,5.24362001789777
4.54762906370825,75.0800189447794,3.6504019826619
588.504039086592,227.037990787295,4.09980838119934
444.133449649762,453.502447191618,4.74519560945493
660.270913521232,373.666065462752,2.81852456782938
102.297130029459,483.325721376417,4.39306341840848
622.076783940204,86.6075673685708,4.08437711296206
418.644688165038,259.277773613942,3.6187029706691
8.83790042391081,182.718737320372,3.25247028268203
55.9854339908677,118.286114292758,4.26291865655498
616.926707485909,210.575280478608,4.18539717060016
253.875959551975,213.83901248114,3.69937009020444
574.524358923524,441.135166364731,3.9372162407763
297.962801519308,137.706425479469,3.85224836369073
528.868684533145,462.927677212531,3.69422150147233
46.0764170373107,412.058391249038,3.65659174231875
213.176631859624,283.093374179047,3.86796140995577
553.286099039713,255.110548832329,3.51580114566803
157.403239722695,24.4437529587255,4.42074266030464
505.632690655589,337.943018890103,4.40606617245032
41.0428617234552,46.8844329927555,3.83512352751183
542.962204938108,143.988230134341,4.60893949135651
NA,NA,NA
660.996625795419,331.043706508698,3.43520040442901
461.962719157409,299.579888465271,3.67989135592464
5.3616787016964,495.656662275243,3.63881664855036
558.051830938974,48.0991066874654,4.20992477551019
69.2034478252757,379.448764641431,4.05182688587665
225.293019132907,414.123377882417,3.86938436913121
427.865300830934,11.590208165084,3.02596086247157
362.999255165025,292.322740589427,3.01894990581359
603.440455560573,105.851791309644,4.25118173086372
390.849126372581,228.627805278769,4.26533087039375
558.106753557337,403.116213322499,4.7686649887562
143.037891094673,284.158975963719,4.58539732545818
193.597326365497,371.914240627944,3.99699773134139
124.51796892135,408.195130138767,3.35481762977298
630.197522157646,312.593634066463,4.50663008776785
-0.845002287392643,146.552252650498,4.27494978260707
543.877571217157,206.774458099381,4.16941270347891
33.8343557235015,491.650042930846,2.99148086073335
279.099670214435,26.3236535812719,3.99856009313123
536.107747800878,393.916068162746,3.30555193909802
72.7709297584913,79.935821957293,5.24362001789777
4.54762906370825,75.0800189447794,3.6504019826619
588.504039086592,227.037990787295,4.09980838119934
444.133449649762,453.502447191618,4.74519560945493
660.270913521232,373.666065462752,2.81852456782938
102.297130029459,483.325721376417,4.39306341840848
622.076783940204,86.6075673685708,4.08437711296206
418.644688165038,259.277773613942,3.6187029706691
8.83790042391081,182.718737320372,3.25247028268203
55.9854339908677,118.286114292758,4.26291865655498
616.926707485909,210.575280478608,4.18539717060016
253.875959551975,213.83901248114,3.69937009020444
574.524358923524,441.135166364731,3.9372162407763
297.962801519308,137.706425479469,3.85224836369073
528.868684533145,462.927677212531,3.69422150147233
46.0764170373107,412.058391249038,3.65659174231875
213.176631859624,283.093374179047,3.86796140995577
553.286099039713,255.110548832329,3.51580114566803
157.403239722695,24.4437529587255,4.42074266030464
505.632690655589,337.943018890103,4.40606617245032
41.0428617234552,46.8844329927555,3.83512352751183
542.962204938108,143.988230134341,4.60893949135651
NA,NA,NA
660.996625795419,331.043706508698,3.43520040442901
461.962719157409,299.579888465271,3.67989135592464
5.3616787016964,495.656662275243,3.63881664855036
558.051830938974,48.0991066874654,4.20992477551019
69.2034478252757,379.448764641431,4.05182688587665
225.293019132907,414.123377882417,3.86938436913121
427.865300830934,11.590208165084,3.02596086247157
362.999255165025,292.322740589427,3.01894990581359
603.440455560573,105.851791309644,4.25118173086372
390.849126372581,228.627805278769,4.26533087039375
558.106753557337,403.116213322499,4.7686649887562
143.037891094673,284.158975963719,4.58539732545818
193.597326365497,371.914240627944,3.99699773134139
124.51796892135,408.195130138767,3.35481762977298
630.197522157646,312.593634066463,4.50663008776785
-0.845002287392643,146.552252650498,4.27494978260707
543.877571217157,206.774458099381,4.16941270347891
33.8343557235015,491.650042930846,2.99148086073335
279.099670214435,26.3236535812719,3.99856009313123
536.107747800878,393.916068162746,3.30555193909802
72.7709297584913,79.935821957293,5.24362001789777
4.54762906370825,75.0800189447794,3.6504019826619
588.504039086592,227.037990787295,4.09980838119934
444.133449649762,453.502447191618,4.74519560945493
660.270913521232,373.666065462752,2.81852456782938
102.297130029459,483.325721376417,4.39306341840848
622.076783940204,86.6075673685708,4.08437711296206
418.644688165038,259.277773613942,3.6187029706691
8.83790042391081,182.718737320372,3.25247028268203
55.9854339908677,118.286114292758,4.26291865655498
616.926707485909,210.575280478608,4.18539717060016
253.875959551975,213.83901248114,3.69937009020444
574.524358923524,441.135166364731,3.9372162407763
297.962801519308,137.706425479469,3.85224836369073
528.868684533145,462.927677212531,3.69422150147233
46.0764170373107,412.058391249038,3.65659174231875
213.176631859624,283.093374179047,3.86796140995577
553.286099039713,255.110548832329,3.51580114566803
157.403239722695,24.4437529587255,4.42074266030464
505.632690655589,337.943018890103,4.40606617245032
41.0428617234552,46.8844329927555,3.83512352751183
542.962204938108,143.988230134341,4.60893949135651
NA,NA,NA
663.433683098149,335.608772323083,3.51960909636492
456.842955279208,297.005130591567,3.71011364707815
9.40574051409121,493.450625700289,3.69312503004586
561.516879017318,49.1524328873363,4.1916371056299
70.7606638014669,375.746454645624,3.91792876000511
227.18464115221,418.110865188763,3.92794714240506
425.682955744159,16.054261561422,3.36447852058417
361.331459583516,293.981248019486,2.78502263500948
602.206450836588,103.761991902419,4.10361142550502
397.065037903509,228.14282031738,4.22491895728295
570.821135308494,415.008592276412,4.81228872176257
139.889846565845,286.408723527876,4.64477088079976
198.902340508862,370.308086311422,4.02392429111165
126.620665682038,412.034613514199,3.32218265400232
623.780047793476,309.492537549342,4.56312586946129
4.75875564185514,144.15865282747,4.21686872384675
544.75677220859,203.000598377338,4.10703233081846
35.1607901878121,491.789953721779,3.04074365794641
278.329118723455,21.2456758435237,3.82120425750717
535.145961815136,391.178129938219,3.36761135379697
73.7250654656458,80.4750689675529,5.18511577810627
4.73282031164098,75.6055649013545,3.61163965474665
587.685779742893,221.909494672316,3.9711754029514
440.158796565157,462.190286319159,4.75109398494751
658.283684941101,371.822001045248,2.95996639455729
105.01843959044,486.433488306147,4.33937571092481
624.504684293479,91.878365358501,4.08098289791475
422.205358769488,256.932941359279,3.5726493000485
12.8352818482197,180.87504013487,3.25130299019382
77.8053804012701,124.597486697021,4.25428301021621
616.645664166039,202.616192659305,4.49222217031249
257.053009109417,218.678100287012,3.94965288425121
576.148012919517,435.508272384526,3.75152415631354
299.91914819981,136.754823208453,3.90634496195336
530.052158323641,458.833339551589,3.84413579690061
39.0046943608255,413.016314566875,3.92918790178608
188.856033191919,287.734802216423,4.26240195351628
552.114305310074,264.053462422309,3.85248660916642
182.121280456378,23.1402203830642,3.954931082011
499.311148446303,348.315163937919,4.79031356762356
45.5835462644477,58.3872989011783,4.14148650107039
527.581577268292,136.779192119591,4.56967102115003
NA,NA,NA
663.433683098149,335.608772323083,3.51960909636492
456.842955279208,297.005130591567,3.71011364707815
9.40574051409121,493.450625700289,3.69312503004586
561.516879017318,49.1524328873363,4.1916371056299
70.7606638014669,375.746454645624,3.91792876000511
227.18464115221,418.110865188763,3.92794714240506
425.682955744159,16.054261561422,3.36447852058417
361.331459583516,293.981248019486,2.78502263500948
602.206450836588,103.761991902419,4.10361142550502
397.065037903509,228.14282031738,4.22491895728295
570.821135308494,415.008592276412,4.81228872176257
139.889846565845,286.408723527876,4.64477088079976
198.902340508862,370.308086311422,4.02392429111165
126.620665682038,412.034613514199,3.32218265400232
623.780047793476,309.492537549342,4.56312586946129
4.75875564185514,144.15865282747,4.21686872384675
544.75677220859,203.000598377338,4.10703233081846
35.1607901878121,491.789953721779,3.04074365794641
278.329118723455,21.2456758435237,3.82120425750717
535.145961815136,391.178129938219,3.36761135379697
73.7250654656458,80.4750689675529,5.18511577810627
4.73282031164098,75.6055649013545,3.61163965474665
587.685779742893,221.909494672316,3.9711754029514
440.158796565157,462.190286319159,4.75109398494751
658.283684941101,371.822001045248,2.95996639455729
105.01843959044,486.433488306147,4.33937571092481
624.504684293479,91.878365358501,4.08098289791475
422.205358769488,256.932941359279,3.5726493000485
12.8352818482197,180.87504013487,3.25130299019382
77.8053804012701,124.597486697021,4.25428301021621
616.645664166039,202.616192659305,4.49222217031249
257.053009109417,218.678100287012,3.94965288425121
576.148012919517,435.508272384526,3.75152415631354
299.91914819981,136.754823208453,3.90634496195336
530.052158323641,458.833339551589,3.84413579690061
39.0046943608255,413.016314566875,3.92918790178608
188.856033191919,287.734802216423,4.26240195351628
552.114305310074,264.053462422309,3.85248660916642
182.121280456378,23.1402203830642,3.954931082011
499.311148446303,348.315163937919,4.79031356762356
45.5835462644477,58.3872989011783,4.14148650107039
527.581577268292,136.779192119591,4.56967102115003
NA,NA,NA
663.433683098149,335.608772323083,3.51960909636492
456.842955279208,297.005130591567,3.71011364707815
9.40574051409121,493.450625700289,3.69312503004586
561.516879017318,49.1524328873363,4.1916371056299
70.7606638014669,375.746454645624,3.91792876000511
227.18464115221,418.110865188763,3.92794714240506
425.682955744159,16.054261561422,3.36447852058417
361.331459583516,293.981248019486,2.78502263500948
602.206450836588,103.761991902419,4.10361142550502
397.065037903509,228.14282031738,4.22491895728295
570.821135308494,415.008592276412,4.81228872176257
139.889846565845,286.408723527876,4.64477088079976
198.902340508862,370.308086311422,4.02392429111165
126.620665682038,412.034613514199,3.32218265400232
623.780047793476,309.492537549342,4.56312586946129
4.75875564185514,144.15865282747,4.21686872384675
544.75677220859,203.000598377338,4.10703233081846
35.1607901878121,491.789953721779,3.04074365794641
278.329118723455,21.2456758435237,3.82120425750717
535.145961815136,391.178129938219,3.36761135379697
73.7250654656458,80.4750689675529,5.18511577810627
4.73282031164098,75.6055649013545,3.61163965474665
587.685779742893,221.909494672316,3.9711754029514
440.158796565157,462.190286319159,4.75109398494751
658.283684941101,371.822001045248,2.95996639455729
105.01843959044,486.433488306147,4.33937571092481
624.504684293479,91.878365358501,4.08098289791475
422.205358769488,256.932941359279,3.5726493000485
12.8352818482197,180.87504013487,3.25130299019382
77.8053804012701,124.597486697021,4.25428301021621
616.645664166039,202.616192659305,4.49222217031249
257.053009109417,218.678100287012,3.94965288425121
576.148012919517,435.508272384526,3.75152415631354
299.91914819981,136.754823208453,3.90634496195336
530.052158323641,458.833339551589,3.84413579690061
39.0046943608255,413.016314566875,3.92918790178608
188.856033191919,287.734802216423,4.26240195351628
552.114305310074,264.053462422309,3.85248660916642
182.121280456378,23.1402203830642,3.954931082011
499.311148446303,348.315163937919,4.79031356762356
45.5835462644477,58.3872989011783,4.14148650107039
527.581577268292,136.779192119591,4.56967102115003
NA,NA,NA
663.433683098149,335.608772323083,3.51960909636492
456.842955279208,297.005130591567,3.71011364707815
9.40574051409121,493.450625700289,3.69312503004586
561.516879017318,49.1524328873363,4.1916371056299
70.7606638014669,375.746454645624,3.91792876000511
227.18464115221,418.110865188763,3.92794714240506
425.682955744159,16.054261561422,3.36447852058417
361.331459583516,293.981248019486,2.78502263500948
602.206450836588,103.761991902419,4.10361142550502
397.065037903509,228.14282031738,4.22491895728295
570.821135308494,415.008592276412,4.81228872176257
139.889846565845,286.408723527876,4.64477088079976
198.902340508862,370.308086311422,4.02392429111165
126.620665682038,412.034613514199,3.32218265400232
623.780047793476,309.492537549342,4.56312586946129
4.75875564185514,144.15865282747,4.21686872384675
544.75677220859,203.000598377338,4.10703233081846
35.1607901878121,491.789953721779,3.04074365794641
278.329118723455,21.2456758435237,3.82120425750717
535.145961815136,391.178129938219,3.36761135379697
73.7250654656458,80.4750689675529,5.18511577810627
4.73282031164098,75.6055649013545,3.61163965474665
587.685779742893,221.909494672316,3.9711754029514
440.158796565157,462.190286319159,4.75109398494751
658.283684941101,371.822001045248,2.95996639455729
105.01843959044,486.433488306147,4.33937571092481
624.504684293479,91.878365358501,4.08098289791475
422.205358769488,256.932941359279,3.5726493000485
12.8352818482197,180.87504013487,3.25130299019382
77.8053804012701,124.597486697021,4.25428301021621
616.645664166039,202.616192659305,4.49222217031249
257.053009109417,218.678100287012,3.94965288425121
576.148012919517,435.508272384526,3.75152415631354
299.91914819981,136.754823208453,3.90634496195336
530.052158323641,458.833339551589,3.84413579690061
39.0046943608255,413.016314566875,3.92918790178608
188.856033191919,287.734802216423,4.26240195351628
552.114305310074,264.053462422309,3.85248660916642
182.121280456378,23.1402203830642,3.954931082011
499.311148446303,348.315163937919,4.79031356762356
45.5835462644477,58.3872989011783,4.14148650107039
527.581577268292,136.779192119591,4.56967102115003
NA,NA,NA
663.433683098149,335.608772323083,3.51960909636492
456.842955279208,297.005130591567,3.71011364707815
9.40574051409121,493.450625700289,3.69312503004586
561.516879017318,49.1524328873363,4.1916371056299
70.7606638014669,375.746454645624,3.91792876000511
227.18464115221,418.110865188763,3.92794714240506
425.682955744159,16.054261561422,3.36447852058417
361.331459583516,293.981248019486,2.78502263500948
602.206450836588,103.761991902419,4.10361142550502
397.065037903509,228.14282031738,4.22491895728295
570.821135308494,415.008592276412,4.81228872176257
139.889846565845,286.408723527876,4.64477088079976
198.902340508862,370.308086311422,4.02392429111165
126.620665682038,412.034613514199,3.32218265400232
623.780047793476,309.492537549342,4.56312586946129
4.75875564185514,144.15865282747,4.21686872384675
544.75677220859,203.000598377338,4.10703233081846
35.1607901878121,491.789953721779,3.04074365794641
278.329118723455,21.2456758435237,3.82120425750717
535.145961815136,391.178129938219,3.36761135379697
73.7250654656458,80.4750689675529,5.18511577810627
4.73282031164098,75.6055649013545,3.61163965474665
587.685779742893,221.909494672316,3.9711754029514
440.158796565157,462.190286319159,4.75109398494751
658.283684941101,371.822001045248,2.95996639455729
105.01843959044,486.433488306147,4.33937571092481
624.504684293479,91.878365358501,4.08098289791475
422.205358769488,256.932941359279,3.5726493000485
12.8352818482197,180.87504013487,3.25130299019382
77.8053804012701,124.597486697021,4.25428301021621
616.645664166039,202.616192659305,4.49222217031249
257.053009109417,218.678100287012,3.94965288425121
576.148012919517,435.508272384526,3.75152415631354
299.91914819981,136.754823208453,3.90634496195336
530.052158323641,458.833339551589,3.84413579690061
39.0046943608255,413.016314566875,3.92918790178608
188.856033191919,287.734802216423,4.26240195351628
552.114305310074,264.053462422309,3.85248660916642
182.121280456378,23.1402203830642,3.954931082011
499.311148446303,348.315163937919,4.79031356762356
45.5835462644477,58.3872989011783,4.14148650107039
527.581577268292,136.779192119591,4.56967102115003
NA,NA,NA
663.433683098149,335.608772323083,3.51960909636492
456.842955279208,297.005130591567,3.71011364707815
9.40574051409121,493.450625700289,3.69312503004586
561.516879017318,49.1524328873363,4.1916371056299
70.7606638014669,375.746454645624,3.91792876000511
227.18464115221,418.110865188763,3.92794714240506
425.682955744159,16.054261561422,3.36447852058417
361.331459583516,293.981248019486,2.78502263500948
602.206450836588,103.761991902419,4.10361142550502
397.065037903509,228.14282031738,4.22491895728295
570.821135308494,415.008592276412,4.81228872176257
139.889846565845,286.408723527876,4.64477088079976
198.902340508862,370.308086311422,4.02392429111165
126.620665682038,412.034613514199,3.32218265400232
623.780047793476,309.492537549342,4.56312586946129
4.75875564185514,144.15865282747,4.21686872384675
544.75677220859,203.000598377338,4.10703233081846
35.1607901878121,491.789953721779,3.04074365794641
278.329118723455,21.2456758435237,3.82120425750717
535.145961815136,391.178129938219,3.36761135379697
73.7250654656458,80.4750689675529,5.18511577810627
4.73282031164098,75.6055649013545,3.61163965474665
587.685779742893,221.909494672316,3.9711754029514
440.158796565157,462.190286319159,4.75109398494751
658.283684941101,371.822001045248,2.95996639455729
105.01843959044,486.433488306147,4.33937571092481
624.504684293479,91.878365358501,4.08098289791475
422.205358769488,256.932941359279,3.5726493000485
12.8352818482197,180.87504013487,3.25130299019382
77.8053804012701,124.597486697021,4.25428301021621
616.645664166039,202.616192659305,4.49222217031249
257.053009109417,218.678100287012,3.94965288425121
576.148012919517,435.508272384526,3.75152415631354
299.91914819981,136.754823208453,3.90634496195336
530.052158323641,458.833339551589,3.84413579690061
39.0046943608255,413.016314566875,3.92918790178608
188.856033191919,287.734802216423,4.26240195351628
552.114305310074,264.053462422309,3.85248660916642
182.121280456378,23.1402203830642,3.954931082011
499.311148446303,348.315163937919,4.79031356762356
45.5835462644477,58.3872989011783,4.14148650107039
527.581577268292,136.779192119591,4.56967102115003
NA,NA,NA
661.320390806338,335.674275401307,3.54796591325655
458.373995902855,299.966006660648,3.59844997917964
15.01145205762,497.689234524694,3.53871802595889
561.699984790403,49.5923716845871,4.18497343224262
73.2905462672492,376.215080259286,3.82672247163761
227.249273586929,412.913817339895,4.05916970168628
428.049613955764,12.7684306079105,3.22293685914265
362.341725426438,291.745225035241,2.99502948615649
608.302156799647,106.466310761694,4.2478965916757
396.249481347517,231.680988191923,4.21063387669079
566.53194143721,408.876716858182,4.65962597145998
140.4672205778,280.562504535135,4.49376239892705
198.65775741246,368.764611215919,4.04255621253774
121.804523009575,413.08122028401,3.33020700017151
628.808322097513,315.494164747776,4.54297253535984
6.12845137484659,150.060322871305,4.28585536675183
544.916349811268,201.329133967494,3.92714925654245
35.2049100493253,490.622724675183,3.08664856575758
277.496066851418,26.2669330043806,3.85895596132215
534.159605806899,393.464643545175,3.53237632923777
71.6425505455593,84.5394255315757,5.23350657654888
6.54836158763692,76.7994631126227,3.51978476608617
589.153712887413,227.851512141237,4.03546715259863
441.148100914229,449.208930022939,4.7608314919336
659.116032553665,373.626203656121,3.09470601205559
106.154875824462,489.956221042726,4.36733465307655
620.192323096315,85.7383740681831,4.08750710983818
422.022816085023,261.634685853166,3.61585818624424
11.2666415906472,183.53770390617,3.17539206125111
62.9943418364253,121.917292293377,4.47250759882596
627.67475753461,193.891609371787,4.25330389658541
260.601083742726,225.584201923976,3.94067009953319
567.116572160242,436.760411289771,3.71224140598747
298.472911910353,140.375628268563,4.06748937478045
532.753177003776,464.095019050442,3.48420076697204
44.0447024210661,419.498849956038,3.78800878783724
198.405371465944,292.012062692309,4.30445708020978
551.701916116795,257.130240923545,3.87056382266279
179.700333103351,29.8897444605039,4.25474248847367
486.433133285389,342.804043690748,4.33914844566909
30.7088337975558,46.1102786030918,3.81541369360654
518.652380963346,150.968150737187,4.81512498292423
NA,NA,NA
661.320390806338,335.674275401307,3.54796591325655
458.373995902855,299.966006660648,3.59844997917964
15.01145205762,497.689234524694,3.53871802595889
561.699984790403,49.5923716845871,4.18497343224262
73.2905462672492,376.215080259286,3.82672247163761
227.249273586929,412.913817339895,4.05916970168628
428.049613955764,12.7684306079105,3.22293685914265
362.341725426438,291.745225035241,2.99502948615649
608.302156799647,106.466310761694,4.2478965916757
396.249481347517,231.680988191923,4.21063387669079
566.53194143721,408.876716858182,4.65962597145998
140.4672205778,280.562504535135,4.49376239892705
198.65775741246,368.764611215919,4.04255621253774
121.804523009575,413.08122028401,3.33020700017151
628.808322097513,315.494164747776,4.54297253535984
6.12845137484659,150.060322871305,4.28585536675183
544.916349811268,201.329133967494,3.92714925654245
35.2049100493253,490.622724675183,3.08664856575758
277.496066851418,26.2669330043806,3.85895596132215
534.159605806899,393.464643545175,3.53237632923777
71.6425505455593,84.5394255315757,5.23350657654888
6.54836158763692,76.7994631126227,3.51978476608617
589.153712887413,227.851512141237,4.03546715259863
441.148100914229,449.208930022939,4.7608314919336
659.116032553665,373.626203656121,3.09470601205559
106.154875824462,489.956221042726,4.36733465307655
620.192323096315,85.7383740681831,4.08750710983818
422.022816085023,261.634685853166,3.61585818624424
11.2666415906472,183.53770390617,3.17539206125111
62.9943418364253,121.917292293377,4.47250759882596
627.67475753461,193.891609371787,4.25330389658541
260.601083742726,225.584201923976,3.94067009953319
567.116572160242,436.760411289771,3.71224140598747
298.472911910353,140.375628268563,4.06748937478045
532.753177003776,464.095019050442,3.48420076697204
44.0447024210661,419.498849956038,3.78800878783724
198.405371465944,292.012062692309,4.30445708020978
551.701916116795,257.130240923545,3.87056382266279
179.700333103351,29.8897444605039,4.25474248847367
486.433133285389,342.804043690748,4.33914844566909
30.7088337975558,46.1102786030918,3.81541369360654
518.652380963346,150.968150737187,4.81512498292423
NA,NA,NA
661.320390806338,335.674275401307,3.54796591325655
458.373995902855,299.966006660648,3.59844997917964
15.01145205762,497.689234524694,3.53871802595889
561.699984790403,49.5923716845871,4.18497343224262
73.2905462672492,376.215080259286,3.82672247163761
227.249273586929,412.913817339895,4.05916970168628
428.049613955764,12.7684306079105,3.22293685914265
362.341725426438,291.745225035241,2.99502948615649
608.302156799647,106.466310761694,4.2478965916757
396.249481347517,231.680988191923,4.21063387669079
566.53194143721,408.876716858182,4.65962597145998
140.4672205778,280.562504535135,4.49376239892705
198.65775741246,368.764611215919,4.04255621253774
121.804523009575,413.08122028401,3.33020700017151
628.808322097513,315.494164747776,4.54297253535984
6.12845137484659,150.060322871305,4.28585536675183
544.916349811268,201.329133967494,3.92714925654245
35.2049100493253,490.622724675183,3.08664856575758
277.496066851418,26.2669330043806,3.85895596132215
534.159605806899,393.464643545175,3.53237632923777
71.6425505455593,84.5394255315757,5.23350657654888
6.54836158763692,76.7994631126227,3.51978476608617
589.153712887413,227.851512141237,4.03546715259863
441.148100914229,449.208930022939,4.7608314919336
659.116032553665,373.626203656121,3.09470601205559
106.154875824462,489.956221042726,4.36733465307655
620.192323096315,85.7383740681831,4.08750710983818
422.022816085023,261.634685853166,3.61585818624424
11.2666415906472,183.53770390617,3.17539206125111
62.9943418364253,121.917292293377,4.47250759882596
627.67475753461,193.891609371787,4.25330389658541
260.601083742726,225.584201923976,3.94067009953319
567.116572160242,436.760411289771,3.71224140598747
298.472911910353,140.375628268563,4.06748937478045
532.753177003776,464.095019050442,3.48420076697204
44.0447024210661,419.498849956038,3.78800878783724
198.405371465944,292.012062692309,4.30445708020978
551.701916116795,257.130240923545,3.87056382266279
179.700333103351,29.8897444605039,4.25474248847367
486.433133285389,342.804043690748,4.33914844566909
30.7088337975558,46.1102786030918,3.81541369360654
518.652380963346,150.968150737187,4.81512498292423
NA,NA,NA
661.320390806338,335.674275401307,3.54796591325655
458.373995902855,299.966006660648,3.59844997917964
15.01145205762,497.689234524694,3.53871802595889
561.699984790403,49.5923716845871,4.18497343224262
73.2905462672492,376.215080259286,3.82672247163761
227.249273586929,412.913817339895,4.05916970168628
428.049613955764,12.7684306079105,3.22293685914265
362.341725426438,291.745225035241,2.99502948615649
608.302156799647,106.466310761694,4.2478965916757
396.249481347517,231.680988191923,4.21063387669079
566.53194143721,408.876716858182,4.65962597145998
140.4672205778,280.562504535135,4.49376239892705
198.65775741246,368.764611215919,4.04255621253774
121.804523009575,413.08122028401,3.33020700017151
628.808322097513,315.494164747776,4.54297253535984
6.12845137484659,150.060322871305,4.28585536675183
544.916349811268,201.329133967494,3.92714925654245
35.2049100493253,490.622724675183,3.08664856575758
277.496066851418,26.2669330043806,3.85895596132215
534.159605806899,393.464643545175,3.53237632923777
71.6425505455593,84.5394255315757,5.23350657654888
6.54836158763692,76.7994631126227,3.51978476608617
589.153712887413,227.851512141237,4.03546715259863
441.148100914229,449.208930022939,4.7608314919336
659.116032553665,373.626203656121,3.09470601205559
106.154875824462,489.956221042726,4.36733465307655
620.192323096315,85.7383740681831,4.08750710983818
422.022816085023,261.634685853166,3.61585818624424
11.2666415906472,183.53770390617,3.17539206125111
62.9943418364253,121.917292293377,4.47250759882596
627.67475753461,193.891609371787,4.25330389658541
260.601083742726,225.584201923976,3.94067009953319
567.116572160242,436.760411289771,3.71224140598747
298.472911910353,140.375628268563,4.06748937478045
532.753177003776,464.095019050442,3.48420076697204
44.0447024210661,419.498849956038,3.78800878783724
198.405371465944,292.012062692309,4.30445708020978
551.701916116795,257.130240923545,3.87056382266279
179.700333103351,29.8897444605039,4.25474248847367
486.433133285389,342.804043690748,4.33914844566909
30.7088337975558,46.1102786030918,3.81541369360654
518.652380963346,150.968150737187,4.81512498292423
NA,NA,NA
661.320390806338,335.674275401307,3.54796591325655
458.373995902855,299.966006660648,3.59844997917964
15.01145205762,497.689234524694,3.53871802595889
561.699984790403,49.5923716845871,4.18497343224262
73.2905462672492,376.215080259286,3.82672247163761
227.249273586929,412.913817339895,4.05916970168628
428.049613955764,12.7684306079105,3.22293685914265
362.341725426438,291.745225035241,2.99502948615649
608.302156799647,106.466310761694,4.2478965916757
396.249481347517,231.680988191923,4.21063387669079
566.53194143721,408.876716858182,4.65962597145998
140.4672205778,280.562504535135,4.49376239892705
198.65775741246,368.764611215919,4.04255621253774
121.804523009575,413.08122028401,3.33020700017151
628.808322097513,315.494164747776,4.54297253535984
6.12845137484659,150.060322871305,4.28585536675183
544.916349811268,201.329133967494,3.92714925654245
35.2049100493253,490.622724675183,3.08664856575758
277.496066851418,26.2669330043806,3.85895596132215
534.159605806899,393.464643545175,3.53237632923777
71.6425505455593,84.5394255315757,5.23350657654888
6.54836158763692,76.7994631126227,3.51978476608617
589.153712887413,227.851512141237,4.03546715259863
441.148100914229,449.208930022939,4.7608314919336
659.116032553665,373.626203656121,3.09470601205559
106.154875824462,489.956221042726,4.36733465307655
620.192323096315,85.7383740681831,4.08750710983818
422.022816085023,261.634685853166,3.61585818624424
11.2666415906472,183.53770390617,3.17539206125111
62.9943418364253,121.917292293377,4.47250759882596
627.67475753461,193.891609371787,4.25330389658541
260.601083742726,225.584201923976,3.94067009953319
567.116572160242,436.760411289771,3.71224140598747
298.472911910353,140.375628268563,4.06748937478045
532.753177003776,464.095019050442,3.48420076697204
44.0447024210661,419.498849956038,3.78800878783724
198.405371465944,292.012062692309,4.30445708020978
551.701916116795,257.130240923545,3.87056382266279
179.700333103351,29.8897444605039,4.25474248847367
486.433133285389,342.804043690748,4.33914844566909
30.7088337975558,46.1102786030918,3.81541369360654
518.652380963346,150.968150737187,4.81512498292423
NA,NA,NA
661.320390806338,335.674275401307,3.54796591325655
458.373995902855,299.966006660648,3.59844997917964
15.01145205762,497.689234524694,3.53871802595889
561.699984790403,49.5923716845871,4.18497343224262
73.2905462672492,376.215080259286,3.82672247163761
227.249273586929,412.913817339895,4.05916970168628
428.049613955764,12.7684306079105,3.22293685914265
362.341725426438,291.745225035241,2.99502948615649
608.302156799647,106.466310761694,4.2478965916757
396.249481347517,231.680988191923,4.21063387669079
566.53194143721,408.876716858182,4.65962597145998
140.4672205778,280.562504535135,4.49376239892705
198.65775741246,368.764611215919,4.04255621253774
121.804523009575,413.08122028401,3.33020700017151
628.808322097513,315.494164747776,4.54297253535984
6.12845137484659,150.060322871305,4.28585536675183
544.916349811268,201.329133967494,3.92714925654245
35.2049100493253,490.622724675183,3.08664856575758
277.496066851418,26.2669330043806,3.85895596132215
534.159605806899,393.464643545175,3.53237632923777
71.6425505455593,84.5394255315757,5.23350657654888
6.54836158763692,76.7994631126227,3.51978476608617
589.153712887413,227.851512141237,4.03546715259863
441.148100914229,449.208930022939,4.7608314919336
659.116032553665,373.626203656121,3.09470601205559
106.154875824462,489.956221042726,4.36733465307655
620.192323096315,85.7383740681831,4.08750710983818
422.022816085023,261.634685853166,3.61585818624424
11.2666415906472,183.53770390617,3.17539206125111
62.9943418364253,121.917292293377,4.47250759882596
627.67475753461,193.891609371787,4.25330389658541
260.601083742726,225.584201923976,3.94067009953319
567.116572160242,436.760411289771,3.71224140598747
298.472911910353,140.375628268563,4.06748937478045
532.753177003776,464.095019050442,3.48420076697204
44.0447024210661,419.498849956038,3.78800878783724
198.405371465944,292.012062692309,4.30445708020978
551.701916116795,257.130240923545,3.87056382266279
179.700333103351,29.8897444605039,4.25474248847367
486.433133285389,342.804043690748,4.33914844566909
30.7088337975558,46.1102786030918,3.81541369360654
518.652380963346,150.968150737187,4.81512498292423
NA,NA,NA
659.974102790017,331.824981973021,3.45074203151401
452.397977726461,296.768685621533,3.5590271428314
10.7488663192211,493.897326081545,3.53142262626644
557.778542661077,56.1348136868184,4.15510932613092
78.8933812370374,373.535295427216,3.94797253287614
226.894057823325,412.538455001991,3.89963627104071
427.736108692751,12.1702591410043,3.51569447390018
360.548927328937,293.182661735485,3.04935900972321
606.887797064368,108.696998239496,4.34765118449311
393.993748032268,232.11502142075,4.25174770084971
570.67331788365,404.744455837281,4.62481476903221
142.672311919603,283.595037403991,4.58015015814434
199.810936048446,368.351755147371,4.10344116373822
125.369076588645,413.465805470498,3.51374697162285
632.402601856436,318.900018396109,4.50751384377846
-0.0640193684685186,145.245631553827,4.20360585833368
544.079012287547,204.066509632269,4.25868427868655
33.3088254718516,493.504451086811,2.95472794341692
279.030095966344,24.3120491364392,4.02373062261168
536.643041988411,389.943614690947,3.29099905635995
77.4180826990156,80.1573372697634,5.18014481459193
3.81134595584781,75.7986494682647,3.61647012668505
590.239947846222,230.752848060368,4.02188995809982
443.063925699873,466.67461194634,4.74069389106589
658.145227596796,372.569653496874,3.13176268508007
105.449471106809,489.056816315814,4.37216635794272
623.481968843198,91.547834634915,4.09635518801206
420.944164659186,257.362411563402,3.54976945382925
12.0783436690241,181.151223404535,3.18671979228946
64.7737726403091,120.56993991398,4.36345189760818
599.317988510316,205.065835840846,4.22720513886878
255.839431425455,219.208117556132,4.15904132952462
566.479397311128,426.699931371042,3.69611512273436
302.938917163293,137.784533720314,3.87009721576428
531.6275166513,470.657151726807,3.47895604768352
45.2648854667549,422.780929148012,3.80090946690679
194.528717537079,278.002888237594,4.08890785295517
548.999070845948,258.210728037229,3.83468826397063
176.667507765387,35.408225904705,4.23697608961337
510.234851621723,343.285063711683,4.35027514937213
40.2471272663483,45.8347400640118,3.91217521263973
537.197390683205,135.910579383852,4.74137050692102
NA,NA,NA
659.974102790017,331.824981973021,3.45074203151401
452.397977726461,296.768685621533,3.5590271428314
10.7488663192211,493.897326081545,3.53142262626644
557.778542661077,56.1348136868184,4.15510932613092
78.8933812370374,373.535295427216,3.94797253287614
226.894057823325,412.538455001991,3.89963627104071
427.736108692751,12.1702591410043,3.51569447390018
360.548927328937,293.182661735485,3.04935900972321
606.887797064368,108.696998239496,4.34765118449311
393.993748032268,232.11502142075,4.25174770084971
570.67331788365,404.744455837281,4.62481476903221
142.672311919603,283.595037403991,4.58015015814434
199.810936048446,368.351755147371,4.10344116373822
125.369076588645,413.465805470498,3.51374697162285
632.402601856436,318.900018396109,4.50751384377846
-0.0640193684685186,145.245631553827,4.20360585833368
544.079012287547,204.066509632269,4.25868427868655
33.3088254718516,493.504451086811,2.95472794341692
279.030095966344,24.3120491364392,4.02373062261168
536.643041988411,389.943614690947,3.29099905635995
77.4180826990156,80.1573372697634,5.18014481459193
3.81134595584781,75.7986494682647,3.61647012668505
590.239947846222,230.752848060368,4.02188995809982
443.063925699873,466.67461194634,4.74069389106589
658.145227596796,372.569653496874,3.13176268508007
105.449471106809,489.056816315814,4.37216635794272
623.481968843198,91.547834634915,4.09635518801206
420.944164659186,257.362411563402,3.54976945382925
12.0783436690241,181.151223404535,3.18671979228946
64.7737726403091,120.56993991398,4.36345189760818
599.317988510316,205.065835840846,4.22720513886878
255.839431425455,219.208117556132,4.15904132952462
566.479397311128,426.699931371042,3.69611512273436
302.938917163293,137.784533720314,3.87009721576428
531.6275166513,470.657151726807,3.47895604768352
45.2648854667549,422.780929148012,3.80090946690679
194.528717537079,278.002888237594,4.08890785295517
548.999070845948,258.210728037229,3.83468826397063
176.667507765387,35.408225904705,4.23697608961337
510.234851621723,343.285063711683,4.35027514937213
40.2471272663483,45.8347400640118,3.91217521263973
537.197390683205,135.910579383852,4.74137050692102
NA,NA,NA
659.974102790017,331.824981973021,3.45074203151401
452.397977726461,296.768685621533,3.5590271428314
10.7488663192211,493.897326081545,3.53142262626644
557.778542661077,56.1348136868184,4.15510932613092
78.8933812370374,373.535295427216,3.94797253287614
226.894057823325,412.538455001991,3.89963627104071
427.736108692751,12.1702591410043,3.51569447390018
360.548927328937,293.182661735485,3.04935900972321
606.887797064368,108.696998239496,4.34765118449311
393.993748032268,232.11502142075,4.25174770084971
570.67331788365,404.744455837281,4.62481476903221
142.672311919603,283.595037403991,4.58015015814434
199.810936048446,368.351755147371,4.10344116373822
125.369076588645,413.465805470498,3.51374697162285
632.402601856436,318.900018396109,4.50751384377846
-0.0640193684685186,145.245631553827,4.20360585833368
544.079012287547,204.066509632269,4.25868427868655
33.3088254718516,493.504451086811,2.95472794341692
279.030095966344,24.3120491364392,4.02373062261168
536.643041988411,389.943614690947,3.29099905635995
77.4180826990156,80.1573372697634,5.18014481459193
3.81134595584781,75.7986494682647,3.61647012668505
590.239947846222,230.752848060368,4.02188995809982
443.063925699873,466.67461194634,4.74069389106589
658.145227596796,372.569653496874,3.13176268508007
105.449471106809,489.056816315814,4.37216635794272
623.481968843198,91.547834634915,4.09635518801206
420.944164659186,257.362411563402,3.54976945382925
12.0783436690241,181.151223404535,3.18671979228946
64.7737726403091,120.56993991398,4.36345189760818
599.317988510316,205.065835840846,4.22720513886878
255.839431425455,219.208117556132,4.15904132952462
566.479397311128,426.699931371042,3.69611512273436
302.938917163293,137.784533720314,3.87009721576428
531.6275166513,470.657151726807,3.47895604768352
45.2648854667549,422.780929148012,3.80090946690679
194.528717537079,278.002888237594,4.08890785295517
548.999070845948,258.210728037229,3.83468826397063
176.667507765387,35.408225904705,4.23697608961337
510.234851621723,343.285063711683,4.35027514937213
40.2471272663483,45.8347400640118,3.91217521263973
537.197390683205,135.910579383852,4.74137050692102
NA,NA,NA
659.974102790017,331.824981973021,3.45074203151401
452.397977726461,296.768685621533,3.5590271428314
10.7488663192211,493.897326081545,3.53142262626644
557.778542661077,56.1348136868184,4.15510932613092
78.8933812370374,373.535295427216,3.94797253287614
226.894057823325,412.538455001991,3.89963627104071
427.736108692751,12.1702591410043,3.51569447390018
360.548927328937,293.182661735485,3.04935900972321
606.887797064368,108.696998239496,4.34765118449311
393.993748032268,232.11502142075,4.25174770084971
570.67331788365,404.744455837281,4.62481476903221
142.672311919603,283.595037403991,4.58015015814434
199.810936048446,368.351755147371,4.10344116373822
125.369076588645,413.465805470498,3.51374697162285
632.402601856436,318.900018396109,4.50751384377846
-0.0640193684685186,145.245631553827,4.20360585833368
544.079012287547,204.066509632269,4.25868427868655
33.3088254718516,493.504451086811,2.95472794341692
279.030095966344,24.3120491364392,4.02373062261168
536.643041988411,389.943614690947,3.29099905635995
77.4180826990156,80.1573372697634,5.18014481459193
3.81134595584781,75.7986494682647,3.61647012668505
590.239947846222,230.752848060368,4.02188995809982
443.063925699873,466.67461194634,4.74069389106589
658.145227596796,372.569653496874,3.13176268508007
105.449471106809,489.056816315814,4.37216635794272
623.481968843198,91.547834634915,4.09635518801206
420.944164659186,257.362411563402,3.54976945382925
12.0783436690241,181.151223404535,3.18671979228946
64.7737726403091,120.56993991398,4.36345189760818
599.317988510316,205.065835840846,4.22720513886878
255.839431425455,219.208117556132,4.15904132952462
566.479397311128,426.699931371042,3.69611512273436
302.938917163293,137.784533720314,3.87009721576428
531.6275166513,470.657151726807,3.47895604768352
45.2648854667549,422.780929148012,3.80090946690679
194.528717537079,278.002888237594,4.08890785295517
548.999070845948,258.210728037229,3.83468826397063
176.667507765387,35.408225904705,4.23697608961337
510.234851621723,343.285063711683,4.35027514937213
40.2471272663483,45.8347400640118,3.91217521263973
537.197390683205,135.910579383852,4.74137050692102
NA,NA,NA
659.974102790017,331.824981973021,3.45074203151401
452.397977726461,296.768685621533,3.5590271428314
10.7488663192211,493.897326081545,3.53142262626644
557.778542661077,56.1348136868184,4.15510932613092
78.8933812370374,373.535295427216,3.94797253287614
226.894057823325,412.538455001991,3.89963627104071
427.736108692751,12.1702591410043,3.51569447390018
360.548927328937,293.182661735485,3.04935900972321
606.887797064368,108.696998239496,4.34765118449311
393.993748032268,232.11502142075,4.25174770084971
570.67331788365,404.744455837281,4.62481476903221
142.672311919603,283.595037403991,4.58015015814434
199.810936048446,368.351755147371,4.10344116373822
125.369076588645,413.465805470498,3.51374697162285
632.402601856436,318.900018396109,4.50751384377846
-0.0640193684685186,145.245631553827,4.20360585833368
544.079012287547,204.066509632269,4.25868427868655
33.3088254718516,493.504451086811,2.95472794341692
279.030095966344,24.3120491364392,4.02373062261168
536.643041988411,389.943614690947,3.29099905635995
77.4180826990156,80.1573372697634,5.18014481459193
3.81134595584781,75.7986494682647,3.61647012668505
590.239947846222,230.752848060368,4.02188995809982
443.063925699873,466.67461194634,4.74069389106589
658.145227596796,372.569653496874,3.13176268508007
105.449471106809,489.056816315814,4.37216635794272
623.481968843198,91.547834634915,4.09635518801206
420.944164659186,257.362411563402,3.54976945382925
12.0783436690241,181.151223404535,3.18671979228946
64.7737726403091,120.56993991398,4.36345189760818
599.317988510316,205.065835840846,4.22720513886878
255.839431425455,219.208117556132,4.15904132952462
566.479397311128,426.699931371042,3.69611512273436
302.938917163293,137.784533720314,3.87009721576428
531.6275166513,470.657151726807,3.47895604768352
45.2648854667549,422.780929148012,3.80090946690679
194.528717537079,278.002888237594,4.08890785295517
548.999070845948,258.210728037229,3.83468826397063
176.667507765387,35.408225904705,4.23697608961337
510.234851621723,343.285063711683,4.35027514937213
40.2471272663483,45.8347400640118,3.91217521263973
537.197390683205,135.910579383852,4.74137050692102
NA,NA,NA
659.974102790017,331.824981973021,3.45074203151401
452.397977726461,296.768685621533,3.5590271428314
10.7488663192211,493.897326081545,3.53142262626644
557.778542661077,56.1348136868184,4.15510932613092
78.8933812370374,373.535295427216,3.94797253287614
226.894057823325,412.538455001991,3.89963627104071
427.736108692751,12.1702591410043,3.51569447390018
360.548927328937,293.182661735485,3.04935900972321
606.887797064368,108.696998239496,4.34765118449311
393.993748032268,232.11502142075,4.25174770084971
570.67331788365,404.744455837281,4.62481476903221
142.672311919603,283.595037403991,4.58015015814434
199.810936048446,368.351755147371,4.10344116373822
125.369076588645,413.465805470498,3.51374697162285
632.402601856436,318.900018396109,4.50751384377846
-0.0640193684685186,145.245631553827,4.20360585833368
544.079012287547,204.066509632269,4.25868427868655
33.3088254718516,493.504451086811,2.95472794341692
279.030095966344,24.3120491364392,4.02373062261168
536.643041988411,389.943614690947,3.29099905635995
77.4180826990156,80.1573372697634,5.18014481459193
3.81134595584781,75.7986494682647,3.61647012668505
590.239947846222,230.752848060368,4.02188995809982
443.063925699873,466.67461194634,4.74069389106589
658.145227596796,372.569653496874,3.13176268508007
105.449471106809,489.056816315814,4.37216635794272
623.481968843198,91.547834634915,4.09635518801206
420.944164659186,257.362411563402,3.54976945382925
12.0783436690241,181.151223404535,3.18671979228946
64.7737726403091,120.56993991398,4.36345189760818
599.317988510316,205.065835840846,4.22720513886878
255.839431425455,219.208117556132,4.15904132952462
566.479397311128,426.699931371042,3.69611512273436
302.938917163293,137.784533720314,3.87009721576428
531.6275166513,470.657151726807,3.47895604768352
45.2648854667549,422.780929148012,3.80090946690679
194.528717537079,278.002888237594,4.08890785295517
548.999070845948,258.210728037229,3.83468826397063
176.667507765387,35.408225904705,4.23697608961337
510.234851621723,343.285063711683,4.35027514937213
40.2471272663483,45.8347400640118,3.91217521263973
537.197390683205,135.910579383852,4.74137050692102
NA,NA,NA
662.000330200638,335.241435241737,3.60710969974091
455.970827721903,297.644735195196,3.60060437171525
12.9412172784165,494.906633044943,3.71357198073064
559.363013274197,59.2425190869699,4.24690065699557
70.7616941296417,371.687048136081,4.01024496205695
225.906864891172,413.541663506326,3.98422879519126
430.027748136342,12.5396505845432,3.33614152577197
360.869252786851,292.353507221298,3.18367693904194
605.138232355791,103.398941297482,4.36810006526671
388.982869401392,232.846249482966,4.19138438467058
565.886972933185,412.122878285987,4.76631613215496
139.35653752564,280.785147542364,4.74227297405291
203.32691939286,370.148808683769,3.89709692486182
121.061593400106,409.049351497746,3.45096721732058
620.247113997086,312.093980470537,4.59430598923459
-1.9298631937831,148.730898433988,4.23137115492878
546.327769674899,197.792725502114,4.20002440017717
34.3685528982736,490.463572243256,2.91140765226607
278.124168441367,26.5971323925885,3.89253620180701
533.877989428218,392.418692087834,3.23397623274787
73.146476608815,78.4512467039112,5.23841279648484
7.60446521497273,77.223643222636,3.41498375609036
587.837881148297,223.196791512621,4.05436716174209
437.236982678894,455.297260591615,4.87075568327666
659.724245179574,374.942630268855,3.01272825901877
106.223735841751,486.095313851935,4.37929393241166
627.020406876258,92.1707216832035,4.09201595032699
422.059848025623,262.478020918865,3.62427702840252
11.5499378794804,184.206841915824,3.18647428631641
66.3523739347823,130.617879843478,4.33822053960339
606.353843694484,187.989393297644,4.31577523795111
258.67092277883,207.640946860609,3.57079064875171
574.048210051244,432.591742493757,4.05806904716114
297.898262017121,141.311056914016,3.91465283960333
527.512053357817,458.483901091464,3.47968366511102
47.0739977303356,423.111530744798,3.7710178556016
194.586714693451,292.867174019381,4.2275449100005
545.0240420833,271.131496451387,3.59188033623734
161.292456118205,25.8792966980348,4.45716874471523
503.07026672564,345.924437716648,4.79840672334743
43.5018009761625,45.1015073840586,3.87705742308426
532.742622998181,153.24513567025,4.56104278514072
NA,NA,NA
662.000330200638,335.241435241737,3.60710969974091
455.970827721903,297.644735195196,3.60060437171525
12.9412172784165,494.906633044943,3.71357198073064
559.363013274197,59.2425190869699,4.24690065699557
70.7616941296417,371.687048136081,4.01024496205695
225.906864891172,413.541663506326,3.98422879519126
430.027748136342,12.5396505845432,3.33614152577197
360.869252786851,292.353507221298,3.18367693904194
605.138232355791,103.398941297482,4.36810006526671
388.982869401392,232.846249482966,4.19138438467058
565.886972933185,412.122878285987,4.76631613215496
139.35653752564,280.785147542364,4.74227297405291
203.32691939286,370.148808683769,3.89709692486182
121.061593400106,409.049351497746,3.45096721732058
620.247113997086,312.093980470537,4.59430598923459
-1.9298631937831,148.730898433988,4.23137115492878
546.327769674899,197.792725502114,4.20002440017717
34.3685528982736,490.463572243256,2.91140765226607
278.124168441367,26.5971323925885,3.89253620180701
533.877989428218,392.418692087834,3.23397623274787
73.146476608815,78.4512467039112,5.23841279648484
7.60446521497273,77.223643222636,3.41498375609036
587.837881148297,223.196791512621,4.05436716174209
437.236982678894,455.297260591615,4.87075568327666
659.724245179574,374.942630268855,3.01272825901877
106.223735841751,486.095313851935,4.37929393241166
627.020406876258,92.1707216832035,4.09201595032699
422.059848025623,262.478020918865,3.62427702840252
11.5499378794804,184.206841915824,3.18647428631641
66.3523739347823,130.617879843478,4.33822053960339
606.353843694484,187.989393297644,4.31577523795111
258.67092277883,207.640946860609,3.57079064875171
574.048210051244,432.591742493757,4.05806904716114
297.898262017121,141.311056914016,3.91465283960333
527.512053357817,458.483901091464,3.47968366511102
47.0739977303356,423.111530744798,3.7710178556016
194.586714693451,292.867174019381,4.2275449100005
545.0240420833,271.131496451387,3.59188033623734
161.292456118205,25.8792966980348,4.45716874471523
503.07026672564,345.924437716648,4.79840672334743
43.5018009761625,45.1015073840586,3.87705742308426
532.742622998181,153.24513567025,4.56104278514072
NA,NA,NA
662.000330200638,335.241435241737,3.60710969974091
455.970827721903,297.644735195196,3.60060437171525
12.9412172784165,494.906633044943,3.71357198073064
559.363013274197,59.2425190869699,4.24690065699557
70.7616941296417,371.687048136081,4.01024496205695
225.906864891172,413.541663506326,3.98422879519126
430.027748136342,12.5396505845432,3.33614152577197
360.869252786851,292.353507221298,3.18367693904194
605.138232355791,103.398941297482,4.36810006526671
388.982869401392,232.846249482966,4.19138438467058
565.886972933185,412.122878285987,4.76631613215496
139.35653752564,280.785147542364,4.74227297405291
203.32691939286,370.148808683769,3.89709692486182
121.061593400106,409.049351497746,3.45096721732058
620.247113997086,312.093980470537,4.59430598923459
-1.9298631937831,148.730898433988,4.23137115492878
546.327769674899,197.792725502114,4.20002440017717
34.3685528982736,490.463572243256,2.91140765226607
278.124168441367,26.5971323925885,3.89253620180701
533.877989428218,392.418692087834,3.23397623274787
73.146476608815,78.4512467039112,5.23841279648484
7.60446521497273,77.223643222636,3.41498375609036
587.837881148297,223.196791512621,4.05436716174209
437.236982678894,455.297260591615,4.87075568327666
659.724245179574,374.942630268855,3.01272825901877
106.223735841751,486.095313851935,4.37929393241166
627.020406876258,92.1707216832035,4.09201595032699
422.059848025623,262.478020918865,3.62427702840252
11.5499378794804,184.206841915824,3.18647428631641
66.3523739347823,130.617879843478,4.33822053960339
606.353843694484,187.989393297644,4.31577523795111
258.67092277883,207.640946860609,3.57079064875171
574.048210051244,432.591742493757,4.05806904716114
297.898262017121,141.311056914016,3.91465283960333
527.512053357817,458.483901091464,3.47968366511102
47.0739977303356,423.111530744798,3.7710178556016
194.586714693451,292.867174019381,4.2275449100005
545.0240420833,271.131496451387,3.59188033623734
161.292456118205,25.8792966980348,4.45716874471523
503.07026672564,345.924437716648,4.79840672334743
43.5018009761625,45.1015073840586,3.87705742308426
532.742622998181,153.24513567025,4.56104278514072
NA,NA,NA
662.000330200638,335.241435241737,3.60710969974091
455.970827721903,297.644735195196,3.60060437171525
12.9412172784165,494.906633044943,3.71357198073064
559.363013274197,59.2425190869699,4.24690065699557
70.7616941296417,371.687048136081,4.01024496205695
225.906864891172,413.541663506326,3.98422879519126
430.027748136342,12.5396505845432,3.33614152577197
360.869252786851,292.353507221298,3.18367693904194
605.138232355791,103.398941297482,4.36810006526671
388.982869401392,232.846249482966,4.19138438467058
565.886972933185,412.122878285987,4.76631613215496
139.35653752564,280.785147542364,4.74227297405291
203.32691939286,370.148808683769,3.89709692486182
121.061593400106,409.049351497746,3.45096721732058
620.247113997086,312.093980470537,4.59430598923459
-1.9298631937831,148.730898433988,4.23137115492878
546.327769674899,197.792725502114,4.20002440017717
34.3685528982736,490.463572243256,2.91140765226607
278.124168441367,26.5971323925885,3.89253620180701
533.877989428218,392.418692087834,3.23397623274787
73.146476608815,78.4512467039112,5.23841279648484
7.60446521497273,77.223643222636,3.41498375609036
587.837881148297,223.196791512621,4.05436716174209
437.236982678894,455.297260591615,4.87075568327666
659.724245179574,374.942630268855,3.01272825901877
106.223735841751,486.095313851935,4.37929393241166
627.020406876258,92.1707216832035,4.09201595032699
422.059848025623,262.478020918865,3.62427702840252
11.5499378794804,184.206841915824,3.18647428631641
66.3523739347823,130.617879843478,4.33822053960339
606.353843694484,187.989393297644,4.31577523795111
258.67092277883,207.640946860609,3.57079064875171
574.048210051244,432.591742493757,4.05806904716114
297.898262017121,141.311056914016,3.91465283960333
527.512053357817,458.483901091464,3.47968366511102
47.0739977303356,423.111530744798,3.7710178556016
194.586714693451,292.867174019381,4.2275449100005
545.0240420833,271.131496451387,3.59188033623734
161.292456118205,25.8792966980348,4.45716874471523
503.07026672564,345.924437716648,4.79840672334743
43.5018009761625,45.1015073840586,3.87705742308426
532.742622998181,153.24513567025,4.56104278514072
NA,NA,NA
662.000330200638,335.241435241737,3.60710969974091
455.970827721903,297.644735195196,3.60060437171525
12.9412172784165,494.906633044943,3.71357198073064
559.363013274197,59.2425190869699,4.24690065699557
70.7616941296417,371.687048136081,4.01024496205695
225.906864891172,413.541663506326,3.98422879519126
430.027748136342,12.5396505845432,3.33614152577197
360.869252786851,292.353507221298,3.18367693904194
605.138232355791,103.398941297482,4.36810006526671
388.982869401392,232.846249482966,4.19138438467058
565.886972933185,412.122878285987,4.76631613215496
139.35653752564,280.785147542364,4.74227297405291
203.32691939286,370.148808683769,3.89709692486182
121.061593400106,409.049351497746,3.45096721732058
620.247113997086,312.093980470537,4.59430598923459
-1.9298631937831,148.730898433988,4.23137115492878
546.327769674899,197.792725502114,4.20002440017717
34.3685528982736,490.463572243256,2.91140765226607
278.124168441367,26.5971323925885,3.89253620180701
533.877989428218,392.418692087834,3.23397623274787
73.146476608815,78.4512467039112,5.23841279648484
7.60446521497273,77.223643222636,3.41498375609036
587.837881148297,223.196791512621,4.05436716174209
437.236982678894,455.297260591615,4.87075568327666
659.724245179574,374.942630268855,3.01272825901877
106.223735841751,486.095313851935,4.37929393241166
627.020406876258,92.1707216832035,4.09201595032699
422.059848025623,262.478020918865,3.62427702840252
11.5499378794804,184.206841915824,3.18647428631641
66.3523739347823,130.617879843478,4.33822053960339
606.353843694484,187.989393297644,4.31577523795111
258.67092277883,207.640946860609,3.57079064875171
574.048210051244,432.591742493757,4.05806904716114
297.898262017121,141.311056914016,3.91465283960333
527.512053357817,458.483901091464,3.47968366511102
47.0739977303356,423.111530744798,3.7710178556016
194.586714693451,292.867174019381,4.2275449100005
545.0240420833,271.131496451387,3.59188033623734
161.292456118205,25.8792966980348,4.45716874471523
503.07026672564,345.924437716648,4.79840672334743
43.5018009761625,45.1015073840586,3.87705742308426
532.742622998181,153.24513567025,4.56104278514072
NA,NA,NA
662.000330200638,335.241435241737,3.60710969974091
455.970827721903,297.644735195196,3.60060437171525
12.9412172784165,494.906633044943,3.71357198073064
559.363013274197,59.2425190869699,4.24690065699557
70.7616941296417,371.687048136081,4.01024496205695
225.906864891172,413.541663506326,3.98422879519126
430.027748136342,12.5396505845432,3.33614152577197
360.869252786851,292.353507221298,3.18367693904194
605.138232355791,103.398941297482,4.36810006526671
388.982869401392,232.846249482966,4.19138438467058
565.886972933185,412.122878285987,4.76631613215496
139.35653752564,280.785147542364,4.74227297405291
203.32691939286,370.148808683769,3.89709692486182
121.061593400106,409.049351497746,3.45096721732058
620.247113997086,312.093980470537,4.59430598923459
-1.9298631937831,148.730898433988,4.23137115492878
546.327769674899,197.792725502114,4.20002440017717
34.3685528982736,490.463572243256,2.91140765226607
278.124168441367,26.5971323925885,3.89253620180701
533.877989428218,392.418692087834,3.23397623274787
73.146476608815,78.4512467039112,5.23841279648484
7.60446521497273,77.223643222636,3.41498375609036
587.837881148297,223.196791512621,4.05436716174209
437.236982678894,455.297260591615,4.87075568327666
659.724245179574,374.942630268855,3.01272825901877
106.223735841751,486.095313851935,4.37929393241166
627.020406876258,92.1707216832035,4.09201595032699
422.059848025623,262.478020918865,3.62427702840252
11.5499378794804,184.206841915824,3.18647428631641
66.3523739347823,130.617879843478,4.33822053960339
606.353843694484,187.989393297644,4.31577523795111
258.67092277883,207.640946860609,3.57079064875171
574.048210051244,432.591742493757,4.05806904716114
297.898262017121,141.311056914016,3.91465283960333
527.512053357817,458.483901091464,3.47968366511102
47.0739977303356,423.111530744798,3.7710178556016
194.586714693451,292.867174019381,4.2275449100005
545.0240420833,271.131496451387,3.59188033623734
161.292456118205,25.8792966980348,4.45716874471523
503.07026672564,345.924437716648,4.79840672334743
43.5018009761625,45.1015073840586,3.87705742308426
532.742622998181,153.24513567025,4.56104278514072
NA,NA,NA
663.674240778009,334.118378422799,3.48071865577411
457.833411640735,297.533601482233,3.48102708822263
7.45444405634609,495.874794709072,3.62011784304937
565.152678452329,48.4157017923406,4.11274917139082
77.888577209991,375.130049565891,3.87084842534296
229.894188177918,412.747048596891,3.8990922988843
428.382655790816,13.1149532801467,3.40118299162855
364.313765843777,291.978000980923,3.17315261691234
598.075152435287,102.772730144188,4.22129485245651
387.043165202185,225.956786551154,4.22624015966051
566.513297577725,405.847097896316,4.7387753299816
143.405521684436,282.317484582548,4.66499019546813
201.767639726268,369.836719207272,3.95539979707393
126.243654921184,414.096233210706,3.47400969117249
627.54270018763,312.348576139576,4.4705386710418
0.515259457547113,143.86012641941,4.15845582913334
539.485832950834,202.656040910372,4.19800801263666
34.0469610276988,490.612666775228,2.90737085063626
281.262259849217,21.1506808659237,3.91913436430642
533.05318105333,390.738474752597,3.32298062895692
76.8155131623987,86.5164720132727,5.23217037165025
4.94209932054804,76.0913747692225,3.53461135854983
589.260144416996,229.217746784453,4.05500707911439
442.137915462533,465.324264993975,4.74936054026249
658.669077322763,374.545498373035,3.06573397003805
109.60389643701,490.842085409871,4.38446755771564
621.899444709629,90.0957545979143,4.06838191003961
420.232977000601,259.445828905566,3.61294155999005
11.9265667735903,180.145325055772,3.1353921145761
63.5539453528212,115.669265057458,4.61633955692016
601.068926445077,195.824656690349,4.40003282887392
251.641653854009,221.201120331567,3.74884749982517
574.958220184603,437.383266314818,3.99025364693351
299.884377729605,141.598865468598,3.87091027514474
523.884656104718,451.708965051287,3.34570059151672
51.6909794388219,428.880515429643,3.82379583924108
197.712545392748,295.084695839774,3.95209279024855
549.142142392526,269.184585403761,3.80808843294244
187.508660078225,24.0527618549702,4.3083270953985
503.478289546406,343.947614224666,4.60222725146244
47.0960399898915,60.3404634999116,3.86328854731116
536.958017428741,150.93613533319,4.5192982042112
NA,NA,NA
663.674240778009,334.118378422799,3.48071865577411
457.833411640735,297.533601482233,3.48102708822263
7.45444405634609,495.874794709072,3.62011784304937
565.152678452329,48.4157017923406,4.11274917139082
77.888577209991,375.130049565891,3.87084842534296
229.894188177918,412.747048596891,3.8990922988843
428.382655790816,13.1149532801467,3.40118299162855
364.313765843777,291.978000980923,3.17315261691234
598.075152435287,102.772730144188,4.22129485245651
387.043165202185,225.956786551154,4.22624015966051
566.513297577725,405.847097896316,4.7387753299816
143.405521684436,282.317484582548,4.66499019546813
201.767639726268,369.836719207272,3.95539979707393
126.243654921184,414.096233210706,3.47400969117249
627.54270018763,312.348576139576,4.4705386710418
0.515259457547113,143.86012641941,4.15845582913334
539.485832950834,202.656040910372,4.19800801263666
34.0469610276988,490.612666775228,2.90737085063626
281.262259849217,21.1506808659237,3.91913436430642
533.05318105333,390.738474752597,3.32298062895692
76.8155131623987,86.5164720132727,5.23217037165025
4.94209932054804,76.0913747692225,3.53461135854983
589.260144416996,229.217746784453,4.05500707911439
442.137915462533,465.324264993975,4.74936054026249
658.669077322763,374.545498373035,3.06573397003805
109.60389643701,490.842085409871,4.38446755771564
621.899444709629,90.0957545979143,4.06838191003961
420.232977000601,259.445828905566,3.61294155999005
11.9265667735903,180.145325055772,3.1353921145761
63.5539453528212,115.669265057458,4.61633955692016
601.068926445077,195.824656690349,4.40003282887392
251.641653854009,221.201120331567,3.74884749982517
574.958220184603,437.383266314818,3.99025364693351
299.884377729605,141.598865468598,3.87091027514474
523.884656104718,451.708965051287,3.34570059151672
51.6909794388219,428.880515429643,3.82379583924108
197.712545392748,295.084695839774,3.95209279024855
549.142142392526,269.184585403761,3.80808843294244
187.508660078225,24.0527618549702,4.3083270953985
503.478289546406,343.947614224666,4.60222725146244
47.0960399898915,60.3404634999116,3.86328854731116
536.958017428741,150.93613533319,4.5192982042112
NA,NA,NA
663.674240778009,334.118378422799,3.48071865577411
457.833411640735,297.533601482233,3.48102708822263
7.45444405634609,495.874794709072,3.62011784304937
565.152678452329,48.4157017923406,4.11274917139082
77.888577209991,375.130049565891,3.87084842534296
229.894188177918,412.747048596891,3.8990922988843
428.382655790816,13.1149532801467,3.40118299162855
364.313765843777,291.978000980923,3.17315261691234
598.075152435287,102.772730144188,4.22129485245651
387.043165202185,225.956786551154,4.22624015966051
566.513297577725,405.847097896316,4.7387753299816
143.405521684436,282.317484582548,4.66499019546813
201.767639726268,369.836719207272,3.95539979707393
126.243654921184,414.096233210706,3.47400969117249
627.54270018763,312.348576139576,4.4705386710418
0.515259457547113,143.86012641941,4.15845582913334
539.485832950834,202.656040910372,4.19800801263666
34.0469610276988,490.612666775228,2.90737085063626
281.262259849217,21.1506808659237,3.91913436430642
533.05318105333,390.738474752597,3.32298062895692
76.8155131623987,86.5164720132727,5.23217037165025
4.94209932054804,76.0913747692225,3.53461135854983
589.260144416996,229.217746784453,4.05500707911439
442.137915462533,465.324264993975,4.74936054026249
658.669077322763,374.545498373035,3.06573397003805
109.60389643701,490.842085409871,4.38446755771564
621.899444709629,90.0957545979143,4.06838191003961
420.232977000601,259.445828905566,3.61294155999005
11.9265667735903,180.145325055772,3.1353921145761
63.5539453528212,115.669265057458,4.61633955692016
601.068926445077,195.824656690349,4.40003282887392
251.641653854009,221.201120331567,3.74884749982517
574.958220184603,437.383266314818,3.99025364693351
299.884377729605,141.598865468598,3.87091027514474
523.884656104718,451.708965051287,3.34570059151672
51.6909794388219,428.880515429643,3.82379583924108
197.712545392748,295.084695839774,3.95209279024855
549.142142392526,269.184585403761,3.80808843294244
187.508660078225,24.0527618549702,4.3083270953985
503.478289546406,343.947614224666,4.60222725146244
47.0960399898915,60.3404634999116,3.86328854731116
536.958017428741,150.93613533319,4.5192982042112
NA,NA,NA
663.674240778009,334.118378422799,3.48071865577411
457.833411640735,297.533601482233,3.48102708822263
7.45444405634609,495.874794709072,3.62011784304937
565.152678452329,48.4157017923406,4.11274917139082
77.888577209991,375.130049565891,3.87084842534296
229.894188177918,412.747048596891,3.8990922988843
428.382655790816,13.1149532801467,3.40118299162855
364.313765843777,291.978000980923,3.17315261691234
598.075152435287,102.772730144188,4.22129485245651
387.043165202185,225.956786551154,4.22624015966051
566.513297577725,405.847097896316,4.7387753299816
143.405521684436,282.317484582548,4.66499019546813
201.767639726268,369.836719207272,3.95539979707393
126.243654921184,414.096233210706,3.47400969117249
627.54270018763,312.348576139576,4.4705386710418
0.515259457547113,143.86012641941,4.15845582913334
539.485832950834,202.656040910372,4.19800801263666
34.0469610276988,490.612666775228,2.90737085063626
281.262259849217,21.1506808659237,3.91913436430642
533.05318105333,390.738474752597,3.32298062895692
76.8155131623987,86.5164720132727,5.23217037165025
4.94209932054804,76.0913747692225,3.53461135854983
589.260144416996,229.217746784453,4.05500707911439
442.137915462533,465.324264993975,4.74936054026249
658.669077322763,374.545498373035,3.06573397003805
109.60389643701,490.842085409871,4.38446755771564
621.899444709629,90.0957545979143,4.06838191003961
420.232977000601,259.445828905566,3.61294155999005
11.9265667735903,180.145325055772,3.1353921145761
63.5539453528212,115.669265057458,4.61633955692016
601.068926445077,195.824656690349,4.40003282887392
251.641653854009,221.201120331567,3.74884749982517
574.958220184603,437.383266314818,3.99025364693351
299.884377729605,141.598865468598,3.87091027514474
523.884656104718,451.708965051287,3.34570059151672
51.6909794388219,428.880515429643,3.82379583924108
197.712545392748,295.084695839774,3.95209279024855
549.142142392526,269.184585403761,3.80808843294244
187.508660078225,24.0527618549702,4.3083270953985
503.478289546406,343.947614224666,4.60222725146244
47.0960399898915,60.3404634999116,3.86328854731116
536.958017428741,150.93613533319,4.5192982042112
NA,NA,NA
663.674240778009,334.118378422799,3.48071865577411
457.833411640735,297.533601482233,3.48102708822263
7.45444405634609,495.874794709072,3.62011784304937
565.152678452329,48.4157017923406,4.11274917139082
77.888577209991,375.130049565891,3.87084842534296
229.894188177918,412.747048596891,3.8990922988843
428.382655790816,13.1149532801467,3.40118299162855
364.313765843777,291.978000980923,3.17315261691234
598.075152435287,102.772730144188,4.22129485245651
387.043165202185,225.956786551154,4.22624015966051
566.513297577725,405.847097896316,4.7387753299816
143.405521684436,282.317484582548,4.66499019546813
201.767639726268,369.836719207272,3.95539979707393
126.243654921184,414.096233210706,3.47400969117249
627.54270018763,312.348576139576,4.4705386710418
0.515259457547113,143.86012641941,4.15845582913334
539.485832950834,202.656040910372,4.19800801263666
34.0469610276988,490.612666775228,2.90737085063626
281.262259849217,21.1506808659237,3.91913436430642
533.05318105333,390.738474752597,3.32298062895692
76.8155131623987,86.5164720132727,5.23217037165025
4.94209932054804,76.0913747692225,3.53461135854983
589.260144416996,229.217746784453,4.05500707911439
442.137915462533,465.324264993975,4.74936054026249
658.669077322763,374.545498373035,3.06573397003805
109.60389643701,490.842085409871,4.38446755771564
621.899444709629,90.0957545979143,4.06838191003961
420.232977000601,259.445828905566,3.61294155999005
11.9265667735903,180.145325055772,3.1353921145761
63.5539453528212,115.669265057458,4.61633955692016
601.068926445077,195.824656690349,4.40003282887392
251.641653854009,221.201120331567,3.74884749982517
574.958220184603,437.383266314818,3.99025364693351
299.884377729605,141.598865468598,3.87091027514474
523.884656104718,451.708965051287,3.34570059151672
51.6909794388219,428.880515429643,3.82379583924108
197.712545392748,295.084695839774,3.95209279024855
549.142142392526,269.184585403761,3.80808843294244
187.508660078225,24.0527618549702,4.3083270953985
503.478289546406,343.947614224666,4.60222725146244
47.0960399898915,60.3404634999116,3.86328854731116
536.958017428741,150.93613533319,4.5192982042112
NA,NA,NA
663.674240778009,334.118378422799,3.48071865577411
457.833411640735,297.533601482233,3.48102708822263
7.45444405634609,495.874794709072,3.62011784304937
565.152678452329,48.4157017923406,4.11274917139082
77.888577209991,375.130049565891,3.87084842534296
229.894188177918,412.747048596891,3.8990922988843
428.382655790816,13.1149532801467,3.40118299162855
364.313765843777,291.978000980923,3.17315261691234
598.075152435287,102.772730144188,4.22129485245651
387.043165202185,225.956786551154,4.22624015966051
566.513297577725,405.847097896316,4.7387753299816
143.405521684436,282.317484582548,4.66499019546813
201.767639726268,369.836719207272,3.95539979707393
126.243654921184,414.096233210706,3.47400969117249
627.54270018763,312.348576139576,4.4705386710418
0.515259457547113,143.86012641941,4.15845582913334
539.485832950834,202.656040910372,4.19800801263666
34.0469610276988,490.612666775228,2.90737085063626
281.262259849217,21.1506808659237,3.91913436430642
533.05318105333,390.738474752597,3.32298062895692
76.8155131623987,86.5164720132727,5.23217037165025
4.94209932054804,76.0913747692225,3.53461135854983
589.260144416996,229.217746784453,4.05500707911439
442.137915462533,465.324264993975,4.74936054026249
658.669077322763,374.545498373035,3.06573397003805
109.60389643701,490.842085409871,4.38446755771564
621.899444709629,90.0957545979143,4.06838191003961
420.232977000601,259.445828905566,3.61294155999005
11.9265667735903,180.145325055772,3.1353921145761
63.5539453528212,115.669265057458,4.61633955692016
601.068926445077,195.824656690349,4.40003282887392
251.641653854009,221.201120331567,3.74884749982517
574.958220184603,437.383266314818,3.99025364693351
299.884377729605,141.598865468598,3.87091027514474
523.884656104718,451.708965051287,3.34570059151672
51.6909794388219,428.880515429643,3.82379583924108
197.712545392748,295.084695839774,3.95209279024855
549.142142392526,269.184585403761,3.80808843294244
187.508660078225,24.0527618549702,4.3083270953985
503.478289546406,343.947614224666,4.60222725146244
47.0960399898915,60.3404634999116,3.86328854731116
536.958017428741,150.93613533319,4.5192982042112
NA,NA,NA
663.424140089725,331.582659002965,3.66749372424901
456.011319692974,301.356302706358,3.67265964413014
10.6229248234649,498.30857485443,3.54193155203065
561.890739869579,50.7181366989359,4.19278307213055
72.1846193742643,376.196225681503,3.99662713197071
227.148582207649,411.697134085437,3.95640827097326
428.39426315606,12.4643538750573,3.34235406852594
361.253885416493,293.692929438672,2.99431651057404
601.083646906444,105.180996959606,4.26631914431967
391.395528754181,228.289869088801,4.13827312888021
572.396390050569,414.486837864591,4.74211448231057
133.290313065798,281.861085442382,4.55725516298773
202.705788596267,372.896498249269,4.09213705478367
124.253214156751,407.80278415281,3.54055578141941
629.314960361887,312.781739416629,4.54356651578316
3.36771965370883,142.48582282511,4.25576613294816
543.116250259537,197.225715094215,4.24052904612291
33.5196104816453,492.227298444293,3.05351836671688
280.80627312835,25.350523234504,4.02444930334793
532.214895486676,393.931960471205,3.36304731300846
68.640147025545,83.1501434173251,5.15143933515569
4.4152286853295,75.9825807963324,3.50341070231519
591.806731437609,226.853480458595,3.94475084880559
447.087733207241,465.373212771498,4.79775142840484
660.115006947675,371.61735244008,2.98194738297117
112.734515428097,486.213949820819,4.31643791180509
622.141157459912,87.4435987432647,4.06832977253925
419.091609142998,255.725951412863,3.61844810936074
9.75006286127715,183.949345769007,3.36287817029347
58.6819380618829,106.28400193201,4.49925992577529
608.640302306967,210.150097899388,4.23476301324631
254.498843238469,221.974221345983,3.56160318926189
568.839556653633,439.974726760838,3.86763423867445
301.216089884129,137.434497224601,4.16984789728813
530.09144443342,460.351800954355,3.92932633045393
48.4850403276942,428.846059040237,3.81893554178301
185.34818836736,288.022723151105,3.83712426146116
545.324604492602,264.208663785626,3.53603558405332
167.440511306425,28.5373657313873,4.01844747781064
487.853422206682,350.443293455902,4.68179040334252
30.6122582750057,57.3854120114649,4.46759478265996
537.647409042518,150.330176439347,4.72954760809915
NA,NA,NA
663.424140089725,331.582659002965,3.66749372424901
456.011319692974,301.356302706358,3.67265964413014
10.6229248234649,498.30857485443,3.54193155203065
561.890739869579,50.7181366989359,4.19278307213055
72.1846193742643,376.196225681503,3.99662713197071
227.148582207649,411.697134085437,3.95640827097326
428.39426315606,12.4643538750573,3.34235406852594
361.253885416493,293.692929438672,2.99431651057404
601.083646906444,105.180996959606,4.26631914431967
391.395528754181,228.289869088801,4.13827312888021
572.396390050569,414.486837864591,4.74211448231057
133.290313065798,281.861085442382,4.55725516298773
202.705788596267,372.896498249269,4.09213705478367
124.253214156751,407.80278415281,3.54055578141941
629.314960361887,312.781739416629,4.54356651578316
3.36771965370883,142.48582282511,4.25576613294816
543.116250259537,197.225715094215,4.24052904612291
33.5196104816453,492.227298444293,3.05351836671688
280.80627312835,25.350523234504,4.02444930334793
532.214895486676,393.931960471205,3.36304731300846
68.640147025545,83.1501434173251,5.15143933515569
4.4152286853295,75.9825807963324,3.50341070231519
591.806731437609,226.853480458595,3.94475084880559
447.087733207241,465.373212771498,4.79775142840484
660.115006947675,371.61735244008,2.98194738297117
112.734515428097,486.213949820819,4.31643791180509
622.141157459912,87.4435987432647,4.06832977253925
419.091609142998,255.725951412863,3.61844810936074
9.75006286127715,183.949345769007,3.36287817029347
58.6819380618829,106.28400193201,4.49925992577529
608.640302306967,210.150097899388,4.23476301324631
254.498843238469,221.974221345983,3.56160318926189
568.839556653633,439.974726760838,3.86763423867445
301.216089884129,137.434497224601,4.16984789728813
530.09144443342,460.351800954355,3.92932633045393
48.4850403276942,428.846059040237,3.81893554178301
185.34818836736,288.022723151105,3.83712426146116
545.324604492602,264.208663785626,3.53603558405332
167.440511306425,28.5373657313873,4.01844747781064
487.853422206682,350.443293455902,4.68179040334252
30.6122582750057,57.3854120114649,4.46759478265996
537.647409042518,150.330176439347,4.72954760809915
NA,NA,NA
663.424140089725,331.582659002965,3.66749372424901
456.011319692974,301.356302706358,3.67265964413014
10.6229248234649,498.30857485443,3.54193155203065
561.890739869579,50.7181366989359,4.19278307213055
72.1846193742643,376.196225681503,3.99662713197071
227.148582207649,411.697134085437,3.95640827097326
428.39426315606,12.4643538750573,3.34235406852594
361.253885416493,293.692929438672,2.99431651057404
601.083646906444,105.180996959606,4.26631914431967
391.395528754181,228.289869088801,4.13827312888021
572.396390050569,414.486837864591,4.74211448231057
133.290313065798,281.861085442382,4.55725516298773
202.705788596267,372.896498249269,4.09213705478367
124.253214156751,407.80278415281,3.54055578141941
629.314960361887,312.781739416629,4.54356651578316
3.36771965370883,142.48582282511,4.25576613294816
543.116250259537,197.225715094215,4.24052904612291
33.5196104816453,492.227298444293,3.05351836671688
280.80627312835,25.350523234504,4.02444930334793
532.214895486676,393.931960471205,3.36304731300846
68.640147025545,83.1501434173251,5.15143933515569
4.4152286853295,75.9825807963324,3.50341070231519
591.806731437609,226.853480458595,3.94475084880559
447.087733207241,465.373212771498,4.79775142840484
660.115006947675,371.61735244008,2.98194738297117
112.734515428097,486.213949820819,4.31643791180509
622.141157459912,87.4435987432647,4.06832977253925
419.091609142998,255.725951412863,3.61844810936074
9.75006286127715,183.949345769007,3.36287817029347
58.6819380618829,106.28400193201,4.49925992577529
608.640302306967,210.150097899388,4.23476301324631
254.498843238469,221.974221345983,3.56160318926189
568.839556653633,439.974726760838,3.86763423867445
301.216089884129,137.434497224601,4.16984789728813
530.09144443342,460.351800954355,3.92932633045393
48.4850403276942,428.846059040237,3.81893554178301
185.34818836736,288.022723151105,3.83712426146116
545.324604492602,264.208663785626,3.53603558405332
167.440511306425,28.5373657313873,4.01844747781064
487.853422206682,350.443293455902,4.68179040334252
30.6122582750057,57.3854120114649,4.46759478265996
537.647409042518,150.330176439347,4.72954760809915
NA,NA,NA
663.424140089725,331.582659002965,3.66749372424901
456.011319692974,301.356302706358,3.67265964413014
10.6229248234649,498.30857485443,3.54193155203065
561.890739869579,50.7181366989359,4.19278307213055
72.1846193742643,376.196225681503,3.99662713197071
227.148582207649,411.697134085437,3.95640827097326
428.39426315606,12.4643538750573,3.34235406852594
361.253885416493,293.692929438672,2.99431651057404
601.083646906444,105.180996959606,4.26631914431967
391.395528754181,228.289869088801,4.13827312888021
572.396390050569,414.486837864591,4.74211448231057
133.290313065798,281.861085442382,4.55725516298773
202.705788596267,372.896498249269,4.09213705478367
124.253214156751,407.80278415281,3.54055578141941
629.314960361887,312.781739416629,4.54356651578316
3.36771965370883,142.48582282511,4.25576613294816
543.116250259537,197.225715094215,4.24052904612291
33.5196104816453,492.227298444293,3.05351836671688
280.80627312835,25.350523234504,4.02444930334793
532.214895486676,393.931960471205,3.36304731300846
68.640147025545,83.1501434173251,5.15143933515569
4.4152286853295,75.9825807963324,3.50341070231519
591.806731437609,226.853480458595,3.94475084880559
447.087733207241,465.373212771498,4.79775142840484
660.115006947675,371.61735244008,2.98194738297117
112.734515428097,486.213949820819,4.31643791180509
622.141157459912,87.4435987432647,4.06832977253925
419.091609142998,255.725951412863,3.61844810936074
9.75006286127715,183.949345769007,3.36287817029347
58.6819380618829,106.28400193201,4.49925992577529
608.640302306967,210.150097899388,4.23476301324631
254.498843238469,221.974221345983,3.56160318926189
568.839556653633,439.974726760838,3.86763423867445
301.216089884129,137.434497224601,4.16984789728813
530.09144443342,460.351800954355,3.92932633045393
48.4850403276942,428.846059040237,3.81893554178301
185.34818836736,288.022723151105,3.83712426146116
545.324604492602,264.208663785626,3.53603558405332
167.440511306425,28.5373657313873,4.01844747781064
487.853422206682,350.443293455902,4.68179040334252
30.6122582750057,57.3854120114649,4.46759478265996
537.647409042518,150.330176439347,4.72954760809915
NA,NA,NA
663.424140089725,331.582659002965,3.66749372424901
456.011319692974,301.356302706358,3.67265964413014
10.6229248234649,498.30857485443,3.54193155203065
561.890739869579,50.7181366989359,4.19278307213055
72.1846193742643,376.196225681503,3.99662713197071
227.148582207649,411.697134085437,3.95640827097326
428.39426315606,12.4643538750573,3.34235406852594
361.253885416493,293.692929438672,2.99431651057404
601.083646906444,105.180996959606,4.26631914431967
391.395528754181,228.289869088801,4.13827312888021
572.396390050569,414.486837864591,4.74211448231057
133.290313065798,281.861085442382,4.55725516298773
202.705788596267,372.896498249269,4.09213705478367
124.253214156751,407.80278415281,3.54055578141941
629.314960361887,312.781739416629,4.54356651578316
3.36771965370883,142.48582282511,4.25576613294816
543.116250259537,197.225715094215,4.24052904612291
33.5196104816453,492.227298444293,3.05351836671688
280.80627312835,25.350523234504,4.02444930334793
532.214895486676,393.931960471205,3.36304731300846
68.640147025545,83.1501434173251,5.15143933515569
4.4152286853295,75.9825807963324,3.50341070231519
591.806731437609,226.853480458595,3.94475084880559
447.087733207241,465.373212771498,4.79775142840484
660.115006947675,371.61735244008,2.98194738297117
112.734515428097,486.213949820819,4.31643791180509
622.141157459912,87.4435987432647,4.06832977253925
419.091609142998,255.725951412863,3.61844810936074
9.75006286127715,183.949345769007,3.36287817029347
58.6819380618829,106.28400193201,4.49925992577529
608.640302306967,210.150097899388,4.23476301324631
254.498843238469,221.974221345983,3.56160318926189
568.839556653633,439.974726760838,3.86763423867445
301.216089884129,137.434497224601,4.16984789728813
530.09144443342,460.351800954355,3.92932633045393
48.4850403276942,428.846059040237,3.81893554178301
185.34818836736,288.022723151105,3.83712426146116
545.324604492602,264.208663785626,3.53603558405332
167.440511306425,28.5373657313873,4.01844747781064
487.853422206682,350.443293455902,4.68179040334252
30.6122582750057,57.3854120114649,4.46759478265996
537.647409042518,150.330176439347,4.72954760809915
NA,NA,NA
663.424140089725,331.582659002965,3.66749372424901
456.011319692974,301.356302706358,3.67265964413014
10.6229248234649,498.30857485443,3.54193155203065
561.890739869579,50.7181366989359,4.19278307213055
72.1846193742643,376.196225681503,3.99662713197071
227.148582207649,411.697134085437,3.95640827097326
428.39426315606,12.4643538750573,3.34235406852594
361.253885416493,293.692929438672,2.99431651057404
601.083646906444,105.180996959606,4.26631914431967
391.395528754181,228.289869088801,4.13827312888021
572.396390050569,414.486837864591,4.74211448231057
133.290313065798,281.861085442382,4.55725516298773
202.705788596267,372.896498249269,4.09213705478367
124.253214156751,407.80278415281,3.54055578141941
629.314960361887,312.781739416629,4.54356651578316
3.36771965370883,142.48582282511,4.25576613294816
543.116250259537,197.225715094215,4.24052904612291
33.5196104816453,492.227298444293,3.05351836671688
280.80627312835,25.350523234504,4.02444930334793
532.214895486676,393.931960471205,3.36304731300846
68.640147025545,83.1501434173251,5.15143933515569
4.4152286853295,75.9825807963324,3.50341070231519
591.806731437609,226.853480458595,3.94475084880559
447.087733207241,465.373212771498,4.79775142840484
660.115006947675,371.61735244008,2.98194738297117
112.734515428097,486.213949820819,4.31643791180509
622.141157459912,87.4435987432647,4.06832977253925
419.091609142998,255.725951412863,3.61844810936074
9.75006286127715,183.949345769007,3.36287817029347
58.6819380618829,106.28400193201,4.49925992577529
608.640302306967,210.150097899388,4.23476301324631
254.498843238469,221.974221345983,3.56160318926189
568.839556653633,439.974726760838,3.86763423867445
301.216089884129,137.434497224601,4.16984789728813
530.09144443342,460.351800954355,3.92932633045393
48.4850403276942,428.846059040237,3.81893554178301
185.34818836736,288.022723151105,3.83712426146116
545.324604492602,264.208663785626,3.53603558405332
167.440511306425,28.5373657313873,4.01844747781064
487.853422206682,350.443293455902,4.68179040334252
30.6122582750057,57.3854120114649,4.46759478265996
537.647409042518,150.330176439347,4.72954760809915
NA,NA,NA
661.621860563834,333.185701734253,3.48542549254661
456.642425428,300.275601770667,3.5610701089134
8.89183442703477,497.696427477713,3.56140895566388
560.056269931296,47.2954333332332,4.23454391661481
73.9733803282,377.888280469149,4.02502258778494
226.185604268578,415.02349320034,3.94020185091592
428.347594997036,12.6185015838254,3.24864220323278
359.230530590458,291.357481233988,3.29831089944475
608.175641378661,106.021346718734,4.26433922593395
390.860428329449,226.074723233866,4.136611271116
570.297735178527,409.702794376627,4.70139738910584
145.886996014595,279.318311298806,4.56688414402938
200.747586168643,365.797674888889,4.10722089721083
123.788423139517,411.148429194141,3.38980466680072
633.570157576572,308.579560190075,4.59048042553614
0.135899356561147,145.460680840948,4.32235503963642
545.271839945645,203.440426379614,4.30901527929721
34.8883819317112,493.706210093073,2.90499918986702
280.180400914322,23.392523568993,4.05619084330827
532.610577964289,392.416889518353,3.34826972513304
73.4494822176877,79.3685930625872,5.19014167921416
2.08413456812917,78.3772485334345,3.57599929318479
590.544940572789,226.56620311208,3.99359684061024
444.73199427038,460.394560023647,4.79464633812641
657.195352259742,375.582851434934,2.81027984323518
110.633247381277,488.686632110025,4.3632415178822
622.246738770663,91.8678603475465,4.09552752609158
418.744113958599,257.236799907304,3.60308004846389
13.6197286434884,182.042325153168,3.11958114210509
73.8037262050075,132.00217557329,4.66967388552633
607.23247092221,200.910029468279,4.40183643549832
245.362356089682,226.135409445634,3.76131197120528
582.141330123407,439.975293237041,3.94328869098936
302.863733799535,137.777660902293,4.08582433635418
528.010921956409,456.687415975393,3.57202420313743
51.2720894475327,418.936067653967,3.8564668694838
208.199161516499,285.033274274124,4.12316425929521
550.575405664424,260.250718910885,3.72205695438749
182.857832513967,44.1379568658807,4.60548900614731
491.921107349889,336.01115746388,4.36151661953073
43.6632079100846,47.3534795026725,3.63026530786382
529.890283098052,139.958047053609,4.77234327959951
NA,NA,NA
661.621860563834,333.185701734253,3.48542549254661
456.642425428,300.275601770667,3.5610701089134
8.89183442703477,497.696427477713,3.56140895566388
560.056269931296,47.2954333332332,4.23454391661481
73.9733803282,377.888280469149,4.02502258778494
226.185604268578,415.02349320034,3.94020185091592
428.347594997036,12.6185015838254,3.24864220323278
359.230530590458,291.357481233988,3.29831089944475
608.175641378661,106.021346718734,4.26433922593395
390.860428329449,226.074723233866,4.136611271116
570.297735178527,409.702794376627,4.70139738910584
145.886996014595,279.318311298806,4.56688414402938
200.747586168643,365.797674888889,4.10722089721083
123.788423139517,411.148429194141,3.38980466680072
633.570157576572,308.579560190075,4.59048042553614
0.135899356561147,145.460680840948,4.32235503963642
545.271839945645,203.440426379614,4.30901527929721
34.8883819317112,493.706210093073,2.90499918986702
280.180400914322,23.392523568993,4.05619084330827
532.610577964289,392.416889518353,3.34826972513304
73.4494822176877,79.3685930625872,5.19014167921416
2.08413456812917,78.3772485334345,3.57599929318479
590.544940572789,226.56620311208,3.99359684061024
444.73199427038,460.394560023647,4.79464633812641
657.195352259742,375.582851434934,2.81027984323518
110.633247381277,488.686632110025,4.3632415178822
622.246738770663,91.8678603475465,4.09552752609158
418.744113958599,257.236799907304,3.60308004846389
13.6197286434884,182.042325153168,3.11958114210509
73.8037262050075,132.00217557329,4.66967388552633
607.23247092221,200.910029468279,4.40183643549832
245.362356089682,226.135409445634,3.76131197120528
582.141330123407,439.975293237041,3.94328869098936
302.863733799535,137.777660902293,4.08582433635418
528.010921956409,456.687415975393,3.57202420313743
51.2720894475327,418.936067653967,3.8564668694838
208.199161516499,285.033274274124,4.12316425929521
550.575405664424,260.250718910885,3.72205695438749
182.857832513967,44.1379568658807,4.60548900614731
491.921107349889,336.01115746388,4.36151661953073
43.6632079100846,47.3534795026725,3.63026530786382
529.890283098052,139.958047053609,4.77234327959951
NA,NA,NA
661.621860563834,333.185701734253,3.48542549254661
456.642425428,300.275601770667,3.5610701089134
8.89183442703477,497.696427477713,3.56140895566388
560.056269931296,47.2954333332332,4.23454391661481
73.9733803282,377.888280469149,4.02502258778494
226.185604268578,415.02349320034,3.94020185091592
428.347594997036,12.6185015838254,3.24864220323278
359.230530590458,291.357481233988,3.29831089944475
608.175641378661,106.021346718734,4.26433922593395
390.860428329449,226.074723233866,4.136611271116
570.297735178527,409.702794376627,4.70139738910584
145.886996014595,279.318311298806,4.56688414402938
200.747586168643,365.797674888889,4.10722089721083
123.788423139517,411.148429194141,3.38980466680072
633.570157576572,308.579560190075,4.59048042553614
0.135899356561147,145.460680840948,4.32235503963642
545.271839945645,203.440426379614,4.30901527929721
34.8883819317112,493.706210093073,2.90499918986702
280.180400914322,23.392523568993,4.05619084330827
532.610577964289,392.416889518353,3.34826972513304
73.4494822176877,79.3685930625872,5.19014167921416
2.08413456812917,78.3772485334345,3.57599929318479
590.544940572789,226.56620311208,3.99359684061024
444.73199427038,460.394560023647,4.79464633812641
657.195352259742,375.582851434934,2.81027984323518
110.633247381277,488.686632110025,4.3632415178822
622.246738770663,91.8678603475465,4.09552752609158
418.744113958599,257.236799907304,3.60308004846389
13.6197286434884,182.042325153168,3.11958114210509
73.8037262050075,132.00217557329,4.66967388552633
607.23247092221,200.910029468279,4.40183643549832
245.362356089682,226.135409445634,3.76131197120528
582.141330123407,439.975293237041,3.94328869098936
302.863733799535,137.777660902293,4.08582433635418
528.010921956409,456.687415975393,3.57202420313743
51.2720894475327,418.936067653967,3.8564668694838
208.199161516499,285.033274274124,4.12316425929521
550.575405664424,260.250718910885,3.72205695438749
182.857832513967,44.1379568658807,4.60548900614731
491.921107349889,336.01115746388,4.36151661953073
43.6632079100846,47.3534795026725,3.63026530786382
529.890283098052,139.958047053609,4.77234327959951
NA,NA,NA
661.621860563834,333.185701734253,3.48542549254661
456.642425428,300.275601770667,3.5610701089134
8.89183442703477,497.696427477713,3.56140895566388
560.056269931296,47.2954333332332,4.23454391661481
73.9733803282,377.888280469149,4.02502258778494
226.185604268578,415.02349320034,3.94020185091592
428.347594997036,12.6185015838254,3.24864220323278
359.230530590458,291.357481233988,3.29831089944475
608.175641378661,106.021346718734,4.26433922593395
390.860428329449,226.074723233866,4.136611271116
570.297735178527,409.702794376627,4.70139738910584
145.886996014595,279.318311298806,4.56688414402938
200.747586168643,365.797674888889,4.10722089721083
123.788423139517,411.148429194141,3.38980466680072
633.570157576572,308.579560190075,4.59048042553614
0.135899356561147,145.460680840948,4.32235503963642
545.271839945645,203.440426379614,4.30901527929721
34.8883819317112,493.706210093073,2.90499918986702
280.180400914322,23.392523568993,4.05619084330827
532.610577964289,392.416889518353,3.34826972513304
73.4494822176877,79.3685930625872,5.19014167921416
2.08413456812917,78.3772485334345,3.57599929318479
590.544940572789,226.56620311208,3.99359684061024
444.73199427038,460.394560023647,4.79464633812641
657.195352259742,375.582851434934,2.81027984323518
110.633247381277,488.686632110025,4.3632415178822
622.246738770663,91.8678603475465,4.09552752609158
418.744113958599,257.236799907304,3.60308004846389
13.6197286434884,182.042325153168,3.11958114210509
73.8037262050075,132.00217557329,4.66967388552633
607.23247092221,200.910029468279,4.40183643549832
245.362356089682,226.135409445634,3.76131197120528
582.141330123407,439.975293237041,3.94328869098936
302.863733799535,137.777660902293,4.08582433635418
528.010921956409,456.687415975393,3.57202420313743
51.2720894475327,418.936067653967,3.8564668694838
208.199161516499,285.033274274124,4.12316425929521
550.575405664424,260.250718910885,3.72205695438749
182.857832513967,44.1379568658807,4.60548900614731
491.921107349889,336.01115746388,4.36151661953073
43.6632079100846,47.3534795026725,3.63026530786382
529.890283098052,139.958047053609,4.77234327959951
NA,NA,NA
661.621860563834,333.185701734253,3.48542549254661
456.642425428,300.275601770667,3.5610701089134
8.89183442703477,497.696427477713,3.56140895566388
560.056269931296,47.2954333332332,4.23454391661481
73.9733803282,377.888280469149,4.02502258778494
226.185604268578,415.02349320034,3.94020185091592
428.347594997036,12.6185015838254,3.24864220323278
359.230530590458,291.357481233988,3.29831089944475
608.175641378661,106.021346718734,4.26433922593395
390.860428329449,226.074723233866,4.136611271116
570.297735178527,409.702794376627,4.70139738910584
145.886996014595,279.318311298806,4.56688414402938
200.747586168643,365.797674888889,4.10722089721083
123.788423139517,411.148429194141,3.38980466680072
633.570157576572,308.579560190075,4.59048042553614
0.135899356561147,145.460680840948,4.32235503963642
545.271839945645,203.440426379614,4.30901527929721
34.8883819317112,493.706210093073,2.90499918986702
280.180400914322,23.392523568993,4.05619084330827
532.610577964289,392.416889518353,3.34826972513304
73.4494822176877,79.3685930625872,5.19014167921416
2.08413456812917,78.3772485334345,3.57599929318479
590.544940572789,226.56620311208,3.99359684061024
444.73199427038,460.394560023647,4.79464633812641
657.195352259742,375.582851434934,2.81027984323518
110.633247381277,488.686632110025,4.3632415178822
622.246738770663,91.8678603475465,4.09552752609158
418.744113958599,257.236799907304,3.60308004846389
13.6197286434884,182.042325153168,3.11958114210509
73.8037262050075,132.00217557329,4.66967388552633
607.23247092221,200.910029468279,4.40183643549832
245.362356089682,226.135409445634,3.76131197120528
582.141330123407,439.975293237041,3.94328869098936
302.863733799535,137.777660902293,4.08582433635418
528.010921956409,456.687415975393,3.57202420313743
51.2720894475327,418.936067653967,3.8564668694838
208.199161516499,285.033274274124,4.12316425929521
550.575405664424,260.250718910885,3.72205695438749
182.857832513967,44.1379568658807,4.60548900614731
491.921107349889,336.01115746388,4.36151661953073
43.6632079100846,47.3534795026725,3.63026530786382
529.890283098052,139.958047053609,4.77234327959951
NA,NA,NA
661.621860563834,333.185701734253,3.48542549254661
456.642425428,300.275601770667,3.5610701089134
8.89183442703477,497.696427477713,3.56140895566388
560.056269931296,47.2954333332332,4.23454391661481
73.9733803282,377.888280469149,4.02502258778494
226.185604268578,415.02349320034,3.94020185091592
428.347594997036,12.6185015838254,3.24864220323278
359.230530590458,291.357481233988,3.29831089944475
608.175641378661,106.021346718734,4.26433922593395
390.860428329449,226.074723233866,4.136611271116
570.297735178527,409.702794376627,4.70139738910584
145.886996014595,279.318311298806,4.56688414402938
200.747586168643,365.797674888889,4.10722089721083
123.788423139517,411.148429194141,3.38980466680072
633.570157576572,308.579560190075,4.59048042553614
0.135899356561147,145.460680840948,4.32235503963642
545.271839945645,203.440426379614,4.30901527929721
34.8883819317112,493.706210093073,2.90499918986702
280.180400914322,23.392523568993,4.05619084330827
532.610577964289,392.416889518353,3.34826972513304
73.4494822176877,79.3685930625872,5.19014167921416
2.08413456812917,78.3772485334345,3.57599929318479
590.544940572789,226.56620311208,3.99359684061024
444.73199427038,460.394560023647,4.79464633812641
657.195352259742,375.582851434934,2.81027984323518
110.633247381277,488.686632110025,4.3632415178822
622.246738770663,91.8678603475465,4.09552752609158
418.744113958599,257.236799907304,3.60308004846389
13.6197286434884,182.042325153168,3.11958114210509
73.8037262050075,132.00217557329,4.66967388552633
607.23247092221,200.910029468279,4.40183643549832
245.362356089682,226.135409445634,3.76131197120528
582.141330123407,439.975293237041,3.94328869098936
302.863733799535,137.777660902293,4.08582433635418
528.010921956409,456.687415975393,3.57202420313743
51.2720894475327,418.936067653967,3.8564668694838
208.199161516499,285.033274274124,4.12316425929521
550.575405664424,260.250718910885,3.72205695438749
182.857832513967,44.1379568658807,4.60548900614731
491.921107349889,336.01115746388,4.36151661953073
43.6632079100846,47.3534795026725,3.63026530786382
529.890283098052,139.958047053609,4.77234327959951
NA,NA,NA
660.717186181986,335.008894219317,3.57029528011974
458.624469875562,298.880847244599,3.83722354419114
9.08899547564829,493.298717608109,3.57753848003992
559.581054499868,50.7493992567076,4.31214331328974
68.273223895635,375.255224821516,3.97956563704763
226.021937875699,413.511015976325,3.98288286206598
429.015978107235,13.612090353197,3.39007552708725
361.455697770478,292.860554707915,2.9761324492824
601.887729938413,101.84236693934,4.31674024969871
389.953753435719,237.518513807325,4.15585954154513
565.98897306076,406.39090315365,4.73139394906802
138.629593598665,279.957597981079,4.61145799567011
199.90635608049,371.685469412726,4.10535334326867
122.139300415027,413.259794107663,3.50878410705829
620.663619023694,311.528926417402,4.44405075671406
-0.341767063800641,151.006615263731,4.21911960882036
545.934172693408,201.085087960991,4.16927363442193
34.2420977542974,492.023847874872,2.90857284125134
280.512146094272,23.8350686333464,3.83875881754463
534.726963545892,392.940449206387,3.53432347319223
73.9938652138497,66.190772362402,5.25077472977268
7.15551167425278,78.7576147476382,3.45417214613519
586.9674751727,225.948148508543,4.09177776257115
438.937379789091,461.944355899378,4.79111887716833
660.107345800265,372.949490995531,3.26777481253379
107.769702196758,484.630370366414,4.34993986817047
622.464571230223,89.6429832045091,4.07022305279724
421.538454157079,260.080922804608,3.66591306795917
12.1914758278894,182.037134644129,3.38534199932861
55.5938383860672,104.355060780788,4.28252058624333
613.468282030041,199.947241115858,4.29184598353697
249.333039865376,224.239638397437,3.90271706828705
578.449064467886,425.444871428305,3.72487721922477
300.703999811922,136.17695923705,3.98080667412335
526.011839967598,458.725475723539,3.70746560762516
51.3422570097744,414.171884655555,3.99538049965742
197.442403873813,302.861398202907,3.88720840837699
551.158506372141,252.081519426686,3.74784540637379
171.297183392002,26.9495848326408,4.36221899541937
506.603508822313,341.120954769479,4.52486980785617
40.5377957148049,53.4277437959143,4.53407915742028
537.835604063842,153.550821120355,4.73393961060383
NA,NA,NA
660.717186181986,335.008894219317,3.57029528011974
458.624469875562,298.880847244599,3.83722354419114
9.08899547564829,493.298717608109,3.57753848003992
559.581054499868,50.7493992567076,4.31214331328974
68.273223895635,375.255224821516,3.97956563704763
226.021937875699,413.511015976325,3.98288286206598
429.015978107235,13.612090353197,3.39007552708725
361.455697770478,292.860554707915,2.9761324492824
601.887729938413,101.84236693934,4.31674024969871
389.953753435719,237.518513807325,4.15585954154513
565.98897306076,406.39090315365,4.73139394906802
138.629593598665,279.957597981079,4.61145799567011
199.90635608049,371.685469412726,4.10535334326867
122.139300415027,413.259794107663,3.50878410705829
620.663619023694,311.528926417402,4.44405075671406
-0.341767063800641,151.006615263731,4.21911960882036
545.934172693408,201.085087960991,4.16927363442193
34.2420977542974,492.023847874872,2.90857284125134
280.512146094272,23.8350686333464,3.83875881754463
534.726963545892,392.940449206387,3.53432347319223
73.9938652138497,66.190772362402,5.25077472977268
7.15551167425278,78.7576147476382,3.45417214613519
586.9674751727,225.948148508543,4.09177776257115
438.937379789091,461.944355899378,4.79111887716833
660.107345800265,372.949490995531,3.26777481253379
107.769702196758,484.630370366414,4.34993986817047
622.464571230223,89.6429832045091,4.07022305279724
421.538454157079,260.080922804608,3.66591306795917
12.1914758278894,182.037134644129,3.38534199932861
55.5938383860672,104.355060780788,4.28252058624333
613.468282030041,199.947241115858,4.29184598353697
249.333039865376,224.239638397437,3.90271706828705
578.449064467886,425.444871428305,3.72487721922477
300.703999811922,136.17695923705,3.98080667412335
526.011839967598,458.725475723539,3.70746560762516
51.3422570097744,414.171884655555,3.99538049965742
197.442403873813,302.861398202907,3.88720840837699
551.158506372141,252.081519426686,3.74784540637379
171.297183392002,26.9495848326408,4.36221899541937
506.603508822313,341.120954769479,4.52486980785617
40.5377957148049,53.4277437959143,4.53407915742028
537.835604063842,153.550821120355,4.73393961060383
NA,NA,NA
660.717186181986,335.008894219317,3.57029528011974
458.624469875562,298.880847244599,3.83722354419114
9.08899547564829,493.298717608109,3.57753848003992
559.581054499868,50.7493992567076,4.31214331328974
68.273223895635,375.255224821516,3.97956563704763
226.021937875699,413.511015976325,3.98288286206598
429.015978107235,13.612090353197,3.39007552708725
361.455697770478,292.860554707915,2.9761324492824
601.887729938413,101.84236693934,4.31674024969871
389.953753435719,237.518513807325,4.15585954154513
565.98897306076,406.39090315365,4.73139394906802
138.629593598665,279.957597981079,4.61145799567011
199.90635608049,371.685469412726,4.10535334326867
122.139300415027,413.259794107663,3.50878410705829
620.663619023694,311.528926417402,4.44405075671406
-0.341767063800641,151.006615263731,4.21911960882036
545.934172693408,201.085087960991,4.16927363442193
34.2420977542974,492.023847874872,2.90857284125134
280.512146094272,23.8350686333464,3.83875881754463
534.726963545892,392.940449206387,3.53432347319223
73.9938652138497,66.190772362402,5.25077472977268
7.15551167425278,78.7576147476382,3.45417214613519
586.9674751727,225.948148508543,4.09177776257115
438.937379789091,461.944355899378,4.79111887716833
660.107345800265,372.949490995531,3.26777481253379
107.769702196758,484.630370366414,4.34993986817047
622.464571230223,89.6429832045091,4.07022305279724
421.538454157079,260.080922804608,3.66591306795917
12.1914758278894,182.037134644129,3.38534199932861
55.5938383860672,104.355060780788,4.28252058624333
613.468282030041,199.947241115858,4.29184598353697
249.333039865376,224.239638397437,3.90271706828705
578.449064467886,425.444871428305,3.72487721922477
300.703999811922,136.17695923705,3.98080667412335
526.011839967598,458.725475723539,3.70746560762516
51.3422570097744,414.171884655555,3.99538049965742
197.442403873813,302.861398202907,3.88720840837699
551.158506372141,252.081519426686,3.74784540637379
171.297183392002,26.9495848326408,4.36221899541937
506.603508822313,341.120954769479,4.52486980785617
40.5377957148049,53.4277437959143,4.53407915742028
537.835604063842,153.550821120355,4.73393961060383
NA,NA,NA
660.717186181986,335.008894219317,3.57029528011974
458.624469875562,298.880847244599,3.83722354419114
9.08899547564829,493.298717608109,3.57753848003992
559.581054499868,50.7493992567076,4.31214331328974
68.273223895635,375.255224821516,3.97956563704763
226.021937875699,413.511015976325,3.98288286206598
429.015978107235,13.612090353197,3.39007552708725
361.455697770478,292.860554707915,2.9761324492824
601.887729938413,101.84236693934,4.31674024969871
389.953753435719,237.518513807325,4.15585954154513
565.98897306076,406.39090315365,4.73139394906802
138.629593598665,279.957597981079,4.61145799567011
199.90635608049,371.685469412726,4.10535334326867
122.139300415027,413.259794107663,3.50878410705829
620.663619023694,311.528926417402,4.44405075671406
-0.341767063800641,151.006615263731,4.21911960882036
545.934172693408,201.085087960991,4.16927363442193
34.2420977542974,492.023847874872,2.90857284125134
280.512146094272,23.8350686333464,3.83875881754463
534.726963545892,392.940449206387,3.53432347319223
73.9938652138497,66.190772362402,5.25077472977268
7.15551167425278,78.7576147476382,3.45417214613519
586.9674751727,225.948148508543,4.09177776257115
438.937379789091,461.944355899378,4.79111887716833
660.107345800265,372.949490995531,3.26777481253379
107.769702196758,484.630370366414,4.34993986817047
622.464571230223,89.6429832045091,4.07022305279724
421.538454157079,260.080922804608,3.66591306795917
12.1914758278894,182.037134644129,3.38534199932861
55.5938383860672,104.355060780788,4.28252058624333
613.468282030041,199.947241115858,4.29184598353697
249.333039865376,224.239638397437,3.90271706828705
578.449064467886,425.444871428305,3.72487721922477
300.703999811922,136.17695923705,3.98080667412335
526.011839967598,458.725475723539,3.70746560762516
51.3422570097744,414.171884655555,3.99538049965742
197.442403873813,302.861398202907,3.88720840837699
551.158506372141,252.081519426686,3.74784540637379
171.297183392002,26.9495848326408,4.36221899541937
506.603508822313,341.120954769479,4.52486980785617
40.5377957148049,53.4277437959143,4.53407915742028
537.835604063842,153.550821120355,4.73393961060383
NA,NA,NA
660.717186181986,335.008894219317,3.57029528011974
458.624469875562,298.880847244599,3.83722354419114
9.08899547564829,493.298717608109,3.57753848003992
559.581054499868,50.7493992567076,4.31214331328974
68.273223895635,375.255224821516,3.97956563704763
226.021937875699,413.511015976325,3.98288286206598
429.015978107235,13.612090353197,3.39007552708725
361.455697770478,292.860554707915,2.9761324492824
601.887729938413,101.84236693934,4.31674024969871
389.953753435719,237.518513807325,4.15585954154513
565.98897306076,406.39090315365,4.73139394906802
138.629593598665,279.957597981079,4.61145799567011
199.90635608049,371.685469412726,4.10535334326867
122.139300415027,413.259794107663,3.50878410705829
620.663619023694,311.528926417402,4.44405075671406
-0.341767063800641,151.006615263731,4.21911960882036
545.934172693408,201.085087960991,4.16927363442193
34.2420977542974,492.023847874872,2.90857284125134
280.512146094272,23.8350686333464,3.83875881754463
534.726963545892,392.940449206387,3.53432347319223
73.9938652138497,66.190772362402,5.25077472977268
7.15551167425278,78.7576147476382,3.45417214613519
586.9674751727,225.948148508543,4.09177776257115
438.937379789091,461.944355899378,4.79111887716833
660.107345800265,372.949490995531,3.26777481253379
107.769702196758,484.630370366414,4.34993986817047
622.464571230223,89.6429832045091,4.07022305279724
421.538454157079,260.080922804608,3.66591306795917
12.1914758278894,182.037134644129,3.38534199932861
55.5938383860672,104.355060780788,4.28252058624333
613.468282030041,199.947241115858,4.29184598353697
249.333039865376,224.239638397437,3.90271706828705
578.449064467886,425.444871428305,3.72487721922477
300.703999811922,136.17695923705,3.98080667412335
526.011839967598,458.725475723539,3.70746560762516
51.3422570097744,414.171884655555,3.99538049965742
197.442403873813,302.861398202907,3.88720840837699
551.158506372141,252.081519426686,3.74784540637379
171.297183392002,26.9495848326408,4.36221899541937
506.603508822313,341.120954769479,4.52486980785617
40.5377957148049,53.4277437959143,4.53407915742028
537.835604063842,153.550821120355,4.73393961060383
NA,NA,NA
660.717186181986,335.008894219317,3.57029528011974
458.624469875562,298.880847244599,3.83722354419114
9.08899547564829,493.298717608109,3.57753848003992
559.581054499868,50.7493992567076,4.31214331328974
68.273223895635,375.255224821516,3.97956563704763
226.021937875699,413.511015976325,3.98288286206598
429.015978107235,13.612090353197,3.39007552708725
361.455697770478,292.860554707915,2.9761324492824
601.887729938413,101.84236693934,4.31674024969871
389.953753435719,237.518513807325,4.15585954154513
565.98897306076,406.39090315365,4.73139394906802
138.629593598665,279.957597981079,4.61145799567011
199.90635608049,371.685469412726,4.10535334326867
122.139300415027,413.259794107663,3.50878410705829
620.663619023694,311.528926417402,4.44405075671406
-0.341767063800641,151.006615263731,4.21911960882036
545.934172693408,201.085087960991,4.16927363442193
34.2420977542974,492.023847874872,2.90857284125134
280.512146094272,23.8350686333464,3.83875881754463
534.726963545892,392.940449206387,3.53432347319223
73.9938652138497,66.190772362402,5.25077472977268
7.15551167425278,78.7576147476382,3.45417214613519
586.9674751727,225.948148508543,4.09177776257115
438.937379789091,461.944355899378,4.79111887716833
660.107345800265,372.949490995531,3.26777481253379
107.769702196758,484.630370366414,4.34993986817047
622.464571230223,89.6429832045091,4.07022305279724
421.538454157079,260.080922804608,3.66591306795917
12.1914758278894,182.037134644129,3.38534199932861
55.5938383860672,104.355060780788,4.28252058624333
613.468282030041,199.947241115858,4.29184598353697
249.333039865376,224.239638397437,3.90271706828705
578.449064467886,425.444871428305,3.72487721922477
300.703999811922,136.17695923705,3.98080667412335
526.011839967598,458.725475723539,3.70746560762516
51.3422570097744,414.171884655555,3.99538049965742
197.442403873813,302.861398202907,3.88720840837699
551.158506372141,252.081519426686,3.74784540637379
171.297183392002,26.9495848326408,4.36221899541937
506.603508822313,341.120954769479,4.52486980785617
40.5377957148049,53.4277437959143,4.53407915742028
537.835604063842,153.550821120355,4.73393961060383
NA,NA,NA
662.896029887416,331.723058445206,3.51810142899153
456.823005588271,300.569082538669,3.60254825240975
12.8512980203597,491.838949540898,3.53976517847069
559.525192787872,56.2746456022036,4.1055174095857
69.5922626592368,372.349698816165,3.89819081283936
227.929325127797,413.228818288361,4.05080008149158
430.589404572658,14.6640738771416,3.32892305593277
361.324198384732,294.369946150712,2.98047570935586
602.341698838547,106.190469689928,4.16740666335657
396.795892167101,233.428755743366,4.26705600980891
566.073403984267,408.152655806102,4.70750809980222
139.598148825138,281.132528373674,4.50507755981972
197.269949952103,369.423509123335,4.01838490964847
126.507951848642,410.850749613877,3.41327941951438
632.381024837336,313.963362193878,4.53890604364277
2.42999709200316,152.810120343595,4.33956226644331
542.941152945127,206.181073733794,4.24713408175701
34.0029510230136,492.083387143766,3.00956632487041
279.026604988569,28.701777199077,4.16773714922533
533.2275588628,392.219330701102,3.29635632328844
76.0618680743211,71.4080081270134,5.36746029813652
4.46489743427412,77.6658779012039,3.53546875283071
591.849307356437,226.117490399317,3.96189879541157
444.943450551517,463.695840173084,4.75600266995373
658.991817172249,373.737719142464,3.08974324851777
106.984007537918,486.727193715001,4.27500617495342
626.561018446241,88.4202172968618,4.04845437273251
422.974516365665,260.429464865668,3.57277099083309
13.0253835605101,181.364972353844,3.26486870374541
76.9530598213285,109.167151146483,4.58865335814877
600.67898512123,198.156118847986,4.4817655148995
256.355504186356,213.977582993136,4.08906330382562
584.718496859684,434.267455335927,3.84690439471816
300.694675429528,136.187096971208,3.72634632802971
530.870219693146,451.929613277026,3.59597048044954
52.0267824530392,415.801106870196,3.78381720555494
190.321789884278,284.162441350774,4.05755466156316
540.995742815014,266.646832487899,3.70200740845887
181.201322026845,30.138752460034,4.14320306271167
492.442543069828,351.267187261144,4.6256606903794
39.2423632494709,45.5046711534758,3.9517289485333
545.595352955294,139.833276396011,5.01183019526003
NA,NA,NA
662.896029887416,331.723058445206,3.51810142899153
456.823005588271,300.569082538669,3.60254825240975
12.8512980203597,491.838949540898,3.53976517847069
559.525192787872,56.2746456022036,4.1055174095857
69.5922626592368,372.349698816165,3.89819081283936
227.929325127797,413.228818288361,4.05080008149158
430.589404572658,14.6640738771416,3.32892305593277
361.324198384732,294.369946150712,2.98047570935586
602.341698838547,106.190469689928,4.16740666335657
396.795892167101,233.428755743366,4.26705600980891
566.073403984267,408.152655806102,4.70750809980222
139.598148825138,281.132528373674,4.50507755981972
197.269949952103,369.423509123335,4.01838490964847
126.507951848642,410.850749613877,3.41327941951438
632.381024837336,313.963362193878,4.53890604364277
2.42999709200316,152.810120343595,4.33956226644331
542.941152945127,206.181073733794,4.24713408175701
34.0029510230136,492.083387143766,3.00956632487041
279.026604988569,28.701777199077,4.16773714922533
533.2275588628,392.219330701102,3.29635632328844
76.0618680743211,71.4080081270134,5.36746029813652
4.46489743427412,77.6658779012039,3.53546875283071
591.849307356437,226.117490399317,3.96189879541157
444.943450551517,463.695840173084,4.75600266995373
658.991817172249,373.737719142464,3.08974324851777
106.984007537918,486.727193715001,4.27500617495342
626.561018446241,88.4202172968618,4.04845437273251
422.974516365665,260.429464865668,3.57277099083309
13.0253835605101,181.364972353844,3.26486870374541
76.9530598213285,109.167151146483,4.58865335814877
600.67898512123,198.156118847986,4.4817655148995
256.355504186356,213.977582993136,4.08906330382562
584.718496859684,434.267455335927,3.84690439471816
300.694675429528,136.187096971208,3.72634632802971
530.870219693146,451.929613277026,3.59597048044954
52.0267824530392,415.801106870196,3.78381720555494
190.321789884278,284.162441350774,4.05755466156316
540.995742815014,266.646832487899,3.70200740845887
181.201322026845,30.138752460034,4.14320306271167
492.442543069828,351.267187261144,4.6256606903794
39.2423632494709,45.5046711534758,3.9517289485333
545.595352955294,139.833276396011,5.01183019526003
NA,NA,NA
662.896029887416,331.723058445206,3.51810142899153
456.823005588271,300.569082538669,3.60254825240975
12.8512980203597,491.838949540898,3.53976517847069
559.525192787872,56.2746456022036,4.1055174095857
69.5922626592368,372.349698816165,3.89819081283936
227.929325127797,413.228818288361,4.05080008149158
430.589404572658,14.6640738771416,3.32892305593277
361.324198384732,294.369946150712,2.98047570935586
602.341698838547,106.190469689928,4.16740666335657
396.795892167101,233.428755743366,4.26705600980891
566.073403984267,408.152655806102,4.70750809980222
139.598148825138,281.132528373674,4.50507755981972
197.269949952103,369.423509123335,4.01838490964847
126.507951848642,410.850749613877,3.41327941951438
632.381024837336,313.963362193878,4.53890604364277
2.42999709200316,152.810120343595,4.33956226644331
542.941152945127,206.181073733794,4.24713408175701
34.0029510230136,492.083387143766,3.00956632487041
279.026604988569,28.701777199077,4.16773714922533
533.2275588628,392.219330701102,3.29635632328844
76.0618680743211,71.4080081270134,5.36746029813652
4.46489743427412,77.6658779012039,3.53546875283071
591.849307356437,226.117490399317,3.96189879541157
444.943450551517,463.695840173084,4.75600266995373
658.991817172249,373.737719142464,3.08974324851777
106.984007537918,486.727193715001,4.27500617495342
626.561018446241,88.4202172968618,4.04845437273251
422.974516365665,260.429464865668,3.57277099083309
13.0253835605101,181.364972353844,3.26486870374541
76.9530598213285,109.167151146483,4.58865335814877
600.67898512123,198.156118847986,4.4817655148995
256.355504186356,213.977582993136,4.08906330382562
584.718496859684,434.267455335927,3.84690439471816
300.694675429528,136.187096971208,3.72634632802971
530.870219693146,451.929613277026,3.59597048044954
52.0267824530392,415.801106870196,3.78381720555494
190.321789884278,284.162441350774,4.05755466156316
540.995742815014,266.646832487899,3.70200740845887
181.201322026845,30.138752460034,4.14320306271167
492.442543069828,351.267187261144,4.6256606903794
39.2423632494709,45.5046711534758,3.9517289485333
545.595352955294,139.833276396011,5.01183019526003
NA,NA,NA
662.896029887416,331.723058445206,3.51810142899153
456.823005588271,300.569082538669,3.60254825240975
12.8512980203597,491.838949540898,3.53976517847069
559.525192787872,56.2746456022036,4.1055174095857
69.5922626592368,372.349698816165,3.89819081283936
227.929325127797,413.228818288361,4.05080008149158
430.589404572658,14.6640738771416,3.32892305593277
361.324198384732,294.369946150712,2.98047570935586
602.341698838547,106.190469689928,4.16740666335657
396.795892167101,233.428755743366,4.26705600980891
566.073403984267,408.152655806102,4.70750809980222
139.598148825138,281.132528373674,4.50507755981972
197.269949952103,369.423509123335,4.01838490964847
126.507951848642,410.850749613877,3.41327941951438
632.381024837336,313.963362193878,4.53890604364277
2.42999709200316,152.810120343595,4.33956226644331
542.941152945127,206.181073733794,4.24713408175701
34.0029510230136,492.083387143766,3.00956632487041
279.026604988569,28.701777199077,4.16773714922533
533.2275588628,392.219330701102,3.29635632328844
76.0618680743211,71.4080081270134,5.36746029813652
4.46489743427412,77.6658779012039,3.53546875283071
591.849307356437,226.117490399317,3.96189879541157
444.943450551517,463.695840173084,4.75600266995373
658.991817172249,373.737719142464,3.08974324851777
106.984007537918,486.727193715001,4.27500617495342
626.561018446241,88.4202172968618,4.04845437273251
422.974516365665,260.429464865668,3.57277099083309
13.0253835605101,181.364972353844,3.26486870374541
76.9530598213285,109.167151146483,4.58865335814877
600.67898512123,198.156118847986,4.4817655148995
256.355504186356,213.977582993136,4.08906330382562
584.718496859684,434.267455335927,3.84690439471816
300.694675429528,136.187096971208,3.72634632802971
530.870219693146,451.929613277026,3.59597048044954
52.0267824530392,415.801106870196,3.78381720555494
190.321789884278,284.162441350774,4.05755466156316
540.995742815014,266.646832487899,3.70200740845887
181.201322026845,30.138752460034,4.14320306271167
492.442543069828,351.267187261144,4.6256606903794
39.2423632494709,45.5046711534758,3.9517289485333
545.595352955294,139.833276396011,5.01183019526003
NA,NA,NA
662.896029887416,331.723058445206,3.51810142899153
456.823005588271,300.569082538669,3.60254825240975
12.8512980203597,491.838949540898,3.53976517847069
559.525192787872,56.2746456022036,4.1055174095857
69.5922626592368,372.349698816165,3.89819081283936
227.929325127797,413.228818288361,4.05080008149158
430.589404572658,14.6640738771416,3.32892305593277
361.324198384732,294.369946150712,2.98047570935586
602.341698838547,106.190469689928,4.16740666335657
396.795892167101,233.428755743366,4.26705600980891
566.073403984267,408.152655806102,4.70750809980222
139.598148825138,281.132528373674,4.50507755981972
197.269949952103,369.423509123335,4.01838490964847
126.507951848642,410.850749613877,3.41327941951438
632.381024837336,313.963362193878,4.53890604364277
2.42999709200316,152.810120343595,4.33956226644331
542.941152945127,206.181073733794,4.24713408175701
34.0029510230136,492.083387143766,3.00956632487041
279.026604988569,28.701777199077,4.16773714922533
533.2275588628,392.219330701102,3.29635632328844
76.0618680743211,71.4080081270134,5.36746029813652
4.46489743427412,77.6658779012039,3.53546875283071
591.849307356437,226.117490399317,3.96189879541157
444.943450551517,463.695840173084,4.75600266995373
658.991817172249,373.737719142464,3.08974324851777
106.984007537918,486.727193715001,4.27500617495342
626.561018446241,88.4202172968618,4.04845437273251
422.974516365665,260.429464865668,3.57277099083309
13.0253835605101,181.364972353844,3.26486870374541
76.9530598213285,109.167151146483,4.58865335814877
600.67898512123,198.156118847986,4.4817655148995
256.355504186356,213.977582993136,4.08906330382562
584.718496859684,434.267455335927,3.84690439471816
300.694675429528,136.187096971208,3.72634632802971
530.870219693146,451.929613277026,3.59597048044954
52.0267824530392,415.801106870196,3.78381720555494
190.321789884278,284.162441350774,4.05755466156316
540.995742815014,266.646832487899,3.70200740845887
181.201322026845,30.138752460034,4.14320306271167
492.442543069828,351.267187261144,4.6256606903794
39.2423632494709,45.5046711534758,3.9517289485333
545.595352955294,139.833276396011,5.01183019526003
NA,NA,NA
662.896029887416,331.723058445206,3.51810142899153
456.823005588271,300.569082538669,3.60254825240975
12.8512980203597,491.838949540898,3.53976517847069
559.525192787872,56.2746456022036,4.1055174095857
69.5922626592368,372.349698816165,3.89819081283936
227.929325127797,413.228818288361,4.05080008149158
430.589404572658,14.6640738771416,3.32892305593277
361.324198384732,294.369946150712,2.98047570935586
602.341698838547,106.190469689928,4.16740666335657
396.795892167101,233.428755743366,4.26705600980891
566.073403984267,408.152655806102,4.70750809980222
139.598148825138,281.132528373674,4.50507755981972
197.269949952103,369.423509123335,4.01838490964847
126.507951848642,410.850749613877,3.41327941951438
632.381024837336,313.963362193878,4.53890604364277
2.42999709200316,152.810120343595,4.33956226644331
542.941152945127,206.181073733794,4.24713408175701
34.0029510230136,492.083387143766,3.00956632487041
279.026604988569,28.701777199077,4.16773714922533
533.2275588628,392.219330701102,3.29635632328844
76.0618680743211,71.4080081270134,5.36746029813652
4.46489743427412,77.6658779012039,3.53546875283071
591.849307356437,226.117490399317,3.96189879541157
444.943450551517,463.695840173084,4.75600266995373
658.991817172249,373.737719142464,3.08974324851777
106.984007537918,486.727193715001,4.27500617495342
626.561018446241,88.4202172968618,4.04845437273251
422.974516365665,260.429464865668,3.57277099083309
13.0253835605101,181.364972353844,3.26486870374541
76.9530598213285,109.167151146483,4.58865335814877
600.67898512123,198.156118847986,4.4817655148995
256.355504186356,213.977582993136,4.08906330382562
584.718496859684,434.267455335927,3.84690439471816
300.694675429528,136.187096971208,3.72634632802971
530.870219693146,451.929613277026,3.59597048044954
52.0267824530392,415.801106870196,3.78381720555494
190.321789884278,284.162441350774,4.05755466156316
540.995742815014,266.646832487899,3.70200740845887
181.201322026845,30.138752460034,4.14320306271167
492.442543069828,351.267187261144,4.6256606903794
39.2423632494709,45.5046711534758,3.9517289485333
545.595352955294,139.833276396011,5.01183019526003
NA,NA,NA
662.52651259886,334.229372641534,3.52426488756671
454.472826248916,297.477216533339,3.7532933385866
8.2313938761702,496.990956293927,3.6048707990007
556.59344120688,53.7354666346731,4.09715094371121
70.0459477035648,377.679248077428,4.00688077421391
234.284454649146,413.999925251063,3.89373373986523
427.820780350297,12.873106444569,3.26636298236111
362.983008087429,293.87976321041,3.07491002108264
609.311749519743,103.786804381297,4.19525818410677
388.182509661894,226.998759622177,4.21128843040257
567.852775761202,405.545420568812,4.76587672915311
140.809744721214,275.630325504375,4.5147418716339
196.494864631938,365.760150133193,4.07957282749973
124.487902545482,407.870203461323,3.39962600501673
626.462730892351,313.58269190894,4.59141074429343
9.07974261703356,149.995676252279,4.27843437904625
543.19567574522,206.658835887631,4.21272594233388
33.2157156389586,492.496053372821,2.89900535408572
277.798032203885,19.590614783068,3.85391044891671
534.778343789099,392.791326357598,3.49958566459343
69.3440163026596,83.4443012420068,5.25310223480174
4.22171470907575,77.6292627581616,3.42045702295787
588.368857850478,228.678882041324,4.01805454842976
445.132932221756,454.707695085921,4.7776908713211
658.707206444331,373.981097210603,3.10446297815354
107.604436558576,488.684597899029,4.44090003949846
622.813447570265,92.4908804555322,4.06568343450359
418.063235111499,260.24674227249,3.72486947246788
11.9313159858199,182.930666597046,3.13658642091847
54.6490376785514,119.570889656293,4.49769499820042
609.479795394604,215.203500987306,4.31652151584419
248.569687865599,217.767931010236,3.6816266595647
573.723303775242,433.464223729062,3.66153420970983
304.263748023454,138.680832748596,3.78658252984114
525.051939389432,459.53879437159,3.58516475834918
39.0435742685935,420.337488208699,3.45478425071016
195.169411160348,299.487404135497,3.9363478922549
555.395095777075,258.775977152667,3.90862596737891
163.565013785419,26.3623763506351,4.58398031136268
501.493705171672,346.324838805296,4.33460035649046
37.3038312670282,62.5759896771247,4.26732319073148
531.371979213897,141.387682143939,4.9243655705307
NA,NA,NA
662.52651259886,334.229372641534,3.52426488756671
454.472826248916,297.477216533339,3.7532933385866
8.2313938761702,496.990956293927,3.6048707990007
556.59344120688,53.7354666346731,4.09715094371121
70.0459477035648,377.679248077428,4.00688077421391
234.284454649146,413.999925251063,3.89373373986523
427.820780350297,12.873106444569,3.26636298236111
362.983008087429,293.87976321041,3.07491002108264
609.311749519743,103.786804381297,4.19525818410677
388.182509661894,226.998759622177,4.21128843040257
567.852775761202,405.545420568812,4.76587672915311
140.809744721214,275.630325504375,4.5147418716339
196.494864631938,365.760150133193,4.07957282749973
124.487902545482,407.870203461323,3.39962600501673
626.462730892351,313.58269190894,4.59141074429343
9.07974261703356,149.995676252279,4.27843437904625
543.19567574522,206.658835887631,4.21272594233388
33.2157156389586,492.496053372821,2.89900535408572
277.798032203885,19.590614783068,3.85391044891671
534.778343789099,392.791326357598,3.49958566459343
69.3440163026596,83.4443012420068,5.25310223480174
4.22171470907575,77.6292627581616,3.42045702295787
588.368857850478,228.678882041324,4.01805454842976
445.132932221756,454.707695085921,4.7776908713211
658.707206444331,373.981097210603,3.10446297815354
107.604436558576,488.684597899029,4.44090003949846
622.813447570265,92.4908804555322,4.06568343450359
418.063235111499,260.24674227249,3.72486947246788
11.9313159858199,182.930666597046,3.13658642091847
54.6490376785514,119.570889656293,4.49769499820042
609.479795394604,215.203500987306,4.31652151584419
248.569687865599,217.767931010236,3.6816266595647
573.723303775242,433.464223729062,3.66153420970983
304.263748023454,138.680832748596,3.78658252984114
525.051939389432,459.53879437159,3.58516475834918
39.0435742685935,420.337488208699,3.45478425071016
195.169411160348,299.487404135497,3.9363478922549
555.395095777075,258.775977152667,3.90862596737891
163.565013785419,26.3623763506351,4.58398031136268
501.493705171672,346.324838805296,4.33460035649046
37.3038312670282,62.5759896771247,4.26732319073148
531.371979213897,141.387682143939,4.9243655705307
NA,NA,NA
662.52651259886,334.229372641534,3.52426488756671
454.472826248916,297.477216533339,3.7532933385866
8.2313938761702,496.990956293927,3.6048707990007
556.59344120688,53.7354666346731,4.09715094371121
70.0459477035648,377.679248077428,4.00688077421391
234.284454649146,413.999925251063,3.89373373986523
427.820780350297,12.873106444569,3.26636298236111
362.983008087429,293.87976321041,3.07491002108264
609.311749519743,103.786804381297,4.19525818410677
388.182509661894,226.998759622177,4.21128843040257
567.852775761202,405.545420568812,4.76587672915311
140.809744721214,275.630325504375,4.5147418716339
196.494864631938,365.760150133193,4.07957282749973
124.487902545482,407.870203461323,3.39962600501673
626.462730892351,313.58269190894,4.59141074429343
9.07974261703356,149.995676252279,4.27843437904625
543.19567574522,206.658835887631,4.21272594233388
33.2157156389586,492.496053372821,2.89900535408572
277.798032203885,19.590614783068,3.85391044891671
534.778343789099,392.791326357598,3.49958566459343
69.3440163026596,83.4443012420068,5.25310223480174
4.22171470907575,77.6292627581616,3.42045702295787
588.368857850478,228.678882041324,4.01805454842976
445.132932221756,454.707695085921,4.7776908713211
658.707206444331,373.981097210603,3.10446297815354
107.604436558576,488.684597899029,4.44090003949846
622.813447570265,92.4908804555322,4.06568343450359
418.063235111499,260.24674227249,3.72486947246788
11.9313159858199,182.930666597046,3.13658642091847
54.6490376785514,119.570889656293,4.49769499820042
609.479795394604,215.203500987306,4.31652151584419
248.569687865599,217.767931010236,3.6816266595647
573.723303775242,433.464223729062,3.66153420970983
304.263748023454,138.680832748596,3.78658252984114
525.051939389432,459.53879437159,3.58516475834918
39.0435742685935,420.337488208699,3.45478425071016
195.169411160348,299.487404135497,3.9363478922549
555.395095777075,258.775977152667,3.90862596737891
163.565013785419,26.3623763506351,4.58398031136268
501.493705171672,346.324838805296,4.33460035649046
37.3038312670282,62.5759896771247,4.26732319073148
531.371979213897,141.387682143939,4.9243655705307
NA,NA,NA
662.52651259886,334.229372641534,3.52426488756671
454.472826248916,297.477216533339,3.7532933385866
8.2313938761702,496.990956293927,3.6048707990007
556.59344120688,53.7354666346731,4.09715094371121
70.0459477035648,377.679248077428,4.00688077421391
234.284454649146,413.999925251063,3.89373373986523
427.820780350297,12.873106444569,3.26636298236111
362.983008087429,293.87976321041,3.07491002108264
609.311749519743,103.786804381297,4.19525818410677
388.182509661894,226.998759622177,4.21128843040257
567.852775761202,405.545420568812,4.76587672915311
140.809744721214,275.630325504375,4.5147418716339
196.494864631938,365.760150133193,4.07957282749973
124.487902545482,407.870203461323,3.39962600501673
626.462730892351,313.58269190894,4.59141074429343
9.07974261703356,149.995676252279,4.27843437904625
543.19567574522,206.658835887631,4.21272594233388
33.2157156389586,492.496053372821,2.89900535408572
277.798032203885,19.590614783068,3.85391044891671
534.778343789099,392.791326357598,3.49958566459343
69.3440163026596,83.4443012420068,5.25310223480174
4.22171470907575,77.6292627581616,3.42045702295787
588.368857850478,228.678882041324,4.01805454842976
445.132932221756,454.707695085921,4.7776908713211
658.707206444331,373.981097210603,3.10446297815354
107.604436558576,488.684597899029,4.44090003949846
622.813447570265,92.4908804555322,4.06568343450359
418.063235111499,260.24674227249,3.72486947246788
11.9313159858199,182.930666597046,3.13658642091847
54.6490376785514,119.570889656293,4.49769499820042
609.479795394604,215.203500987306,4.31652151584419
248.569687865599,217.767931010236,3.6816266595647
573.723303775242,433.464223729062,3.66153420970983
304.263748023454,138.680832748596,3.78658252984114
525.051939389432,459.53879437159,3.58516475834918
39.0435742685935,420.337488208699,3.45478425071016
195.169411160348,299.487404135497,3.9363478922549
555.395095777075,258.775977152667,3.90862596737891
163.565013785419,26.3623763506351,4.58398031136268
501.493705171672,346.324838805296,4.33460035649046
37.3038312670282,62.5759896771247,4.26732319073148
531.371979213897,141.387682143939,4.9243655705307
NA,NA,NA
662.52651259886,334.229372641534,3.52426488756671
454.472826248916,297.477216533339,3.7532933385866
8.2313938761702,496.990956293927,3.6048707990007
556.59344120688,53.7354666346731,4.09715094371121
70.0459477035648,377.679248077428,4.00688077421391
234.284454649146,413.999925251063,3.89373373986523
427.820780350297,12.873106444569,3.26636298236111
362.983008087429,293.87976321041,3.07491002108264
609.311749519743,103.786804381297,4.19525818410677
388.182509661894,226.998759622177,4.21128843040257
567.852775761202,405.545420568812,4.76587672915311
140.809744721214,275.630325504375,4.5147418716339
196.494864631938,365.760150133193,4.07957282749973
124.487902545482,407.870203461323,3.39962600501673
626.462730892351,313.58269190894,4.59141074429343
9.07974261703356,149.995676252279,4.27843437904625
543.19567574522,206.658835887631,4.21272594233388
33.2157156389586,492.496053372821,2.89900535408572
277.798032203885,19.590614783068,3.85391044891671
534.778343789099,392.791326357598,3.49958566459343
69.3440163026596,83.4443012420068,5.25310223480174
4.22171470907575,77.6292627581616,3.42045702295787
588.368857850478,228.678882041324,4.01805454842976
445.132932221756,454.707695085921,4.7776908713211
658.707206444331,373.981097210603,3.10446297815354
107.604436558576,488.684597899029,4.44090003949846
622.813447570265,92.4908804555322,4.06568343450359
418.063235111499,260.24674227249,3.72486947246788
11.9313159858199,182.930666597046,3.13658642091847
54.6490376785514,119.570889656293,4.49769499820042
609.479795394604,215.203500987306,4.31652151584419
248.569687865599,217.767931010236,3.6816266595647
573.723303775242,433.464223729062,3.66153420970983
304.263748023454,138.680832748596,3.78658252984114
525.051939389432,459.53879437159,3.58516475834918
39.0435742685935,420.337488208699,3.45478425071016
195.169411160348,299.487404135497,3.9363478922549
555.395095777075,258.775977152667,3.90862596737891
163.565013785419,26.3623763506351,4.58398031136268
501.493705171672,346.324838805296,4.33460035649046
37.3038312670282,62.5759896771247,4.26732319073148
531.371979213897,141.387682143939,4.9243655705307
NA,NA,NA
662.52651259886,334.229372641534,3.52426488756671
454.472826248916,297.477216533339,3.7532933385866
8.2313938761702,496.990956293927,3.6048707990007
556.59344120688,53.7354666346731,4.09715094371121
70.0459477035648,377.679248077428,4.00688077421391
234.284454649146,413.999925251063,3.89373373986523
427.820780350297,12.873106444569,3.26636298236111
362.983008087429,293.87976321041,3.07491002108264
609.311749519743,103.786804381297,4.19525818410677
388.182509661894,226.998759622177,4.21128843040257
567.852775761202,405.545420568812,4.76587672915311
140.809744721214,275.630325504375,4.5147418716339
196.494864631938,365.760150133193,4.07957282749973
124.487902545482,407.870203461323,3.39962600501673
626.462730892351,313.58269190894,4.59141074429343
9.07974261703356,149.995676252279,4.27843437904625
543.19567574522,206.658835887631,4.21272594233388
33.2157156389586,492.496053372821,2.89900535408572
277.798032203885,19.590614783068,3.85391044891671
534.778343789099,392.791326357598,3.49958566459343
69.3440163026596,83.4443012420068,5.25310223480174
4.22171470907575,77.6292627581616,3.42045702295787
588.368857850478,228.678882041324,4.01805454842976
445.132932221756,454.707695085921,4.7776908713211
658.707206444331,373.981097210603,3.10446297815354
107.604436558576,488.684597899029,4.44090003949846
622.813447570265,92.4908804555322,4.06568343450359
418.063235111499,260.24674227249,3.72486947246788
11.9313159858199,182.930666597046,3.13658642091847
54.6490376785514,119.570889656293,4.49769499820042
609.479795394604,215.203500987306,4.31652151584419
248.569687865599,217.767931010236,3.6816266595647
573.723303775242,433.464223729062,3.66153420970983
304.263748023454,138.680832748596,3.78658252984114
525.051939389432,459.53879437159,3.58516475834918
39.0435742685935,420.337488208699,3.45478425071016
195.169411160348,299.487404135497,3.9363478922549
555.395095777075,258.775977152667,3.90862596737891
163.565013785419,26.3623763506351,4.58398031136268
501.493705171672,346.324838805296,4.33460035649046
37.3038312670282,62.5759896771247,4.26732319073148
531.371979213897,141.387682143939,4.9243655705307
NA,NA,NA
661.563492107386,334.298033176496,3.59620831962235
453.718483267766,298.65332219774,3.558899574117
10.8986364205918,495.739219366342,3.59542817170309
557.841388943155,51.6224300214077,4.30604630278013
76.6385177890277,376.031478055769,4.04166643683813
229.219310945471,412.370488289719,3.86651688212337
426.061629849687,12.5621183481525,3.56541085307172
363.110590776387,294.696284454914,2.99857152593049
606.117564197704,106.506987655767,4.2978992530016
389.09915880399,229.857040405094,4.17382936373018
566.893523072348,403.781501137254,4.72743025316438
143.310824868759,280.863857099659,4.62269700818442
195.402400970807,368.071377750948,3.9460224167282
124.214439192704,411.399342748323,3.39460379803199
628.981225322187,312.963781418611,4.51675789796529
5.57124505090579,149.078363319643,4.26243512303601
542.868438274752,206.226343341929,4.20030774982863
32.1076355946804,492.198824377217,3.08655537194297
280.082651663017,22.5951248117515,3.84753394679339
536.965127697905,391.528303007787,3.4734412338662
70.0343092206794,77.8248013318836,5.28544211399646
6.88746348877285,75.4336270498914,3.56417855827846
583.479506176383,225.363933706478,4.10936170164781
434.624899677976,458.043411640512,4.76006856258479
658.56489015284,372.434314230971,3.20736121906695
99.077515932141,483.705951147358,4.32330691627634
621.933900836892,94.0805654272372,4.1242673677336
422.416211370572,254.009257108607,3.53130976170333
11.8745541015555,183.665591262053,3.32958579343977
64.8537267516236,120.814783848502,4.60227641937696
597.161922150662,202.040864500338,4.48525579646962
252.976302640233,221.379819908439,3.50678247835519
578.762279094975,429.287729169411,3.81553705512312
301.745671882118,140.166219131343,3.95162124821021
533.429245254963,460.723522230566,3.58700816733401
45.4091336520973,406.241989142206,4.17207722686602
200.775632171053,286.088469068417,4.40459436014855
548.989074251551,263.271722159356,3.75369870669005
172.355046971019,27.9891129941021,3.9400400584835
506.178552910864,344.674021775021,4.36280190668772
34.3070231288456,59.0828538867913,3.56205930294945
533.754029689855,142.071389205159,5.17164793061026
NA,NA,NA
661.563492107386,334.298033176496,3.59620831962235
453.718483267766,298.65332219774,3.558899574117
10.8986364205918,495.739219366342,3.59542817170309
557.841388943155,51.6224300214077,4.30604630278013
76.6385177890277,376.031478055769,4.04166643683813
229.219310945471,412.370488289719,3.86651688212337
426.061629849687,12.5621183481525,3.56541085307172
363.110590776387,294.696284454914,2.99857152593049
606.117564197704,106.506987655767,4.2978992530016
389.09915880399,229.857040405094,4.17382936373018
566.893523072348,403.781501137254,4.72743025316438
143.310824868759,280.863857099659,4.62269700818442
195.402400970807,368.071377750948,3.9460224167282
124.214439192704,411.399342748323,3.39460379803199
628.981225322187,312.963781418611,4.51675789796529
5.57124505090579,149.078363319643,4.26243512303601
542.868438274752,206.226343341929,4.20030774982863
32.1076355946804,492.198824377217,3.08655537194297
280.082651663017,22.5951248117515,3.84753394679339
536.965127697905,391.528303007787,3.4734412338662
70.0343092206794,77.8248013318836,5.28544211399646
6.88746348877285,75.4336270498914,3.56417855827846
583.479506176383,225.363933706478,4.10936170164781
434.624899677976,458.043411640512,4.76006856258479
658.56489015284,372.434314230971,3.20736121906695
99.077515932141,483.705951147358,4.32330691627634
621.933900836892,94.0805654272372,4.1242673677336
422.416211370572,254.009257108607,3.53130976170333
11.8745541015555,183.665591262053,3.32958579343977
64.8537267516236,120.814783848502,4.60227641937696
597.161922150662,202.040864500338,4.48525579646962
252.976302640233,221.379819908439,3.50678247835519
578.762279094975,429.287729169411,3.81553705512312
301.745671882118,140.166219131343,3.95162124821021
533.429245254963,460.723522230566,3.58700816733401
45.4091336520973,406.241989142206,4.17207722686602
200.775632171053,286.088469068417,4.40459436014855
548.989074251551,263.271722159356,3.75369870669005
172.355046971019,27.9891129941021,3.9400400584835
506.178552910864,344.674021775021,4.36280190668772
34.3070231288456,59.0828538867913,3.56205930294945
533.754029689855,142.071389205159,5.17164793061026
NA,NA,NA
661.563492107386,334.298033176496,3.59620831962235
453.718483267766,298.65332219774,3.558899574117
10.8986364205918,495.739219366342,3.59542817170309
557.841388943155,51.6224300214077,4.30604630278013
76.6385177890277,376.031478055769,4.04166643683813
229.219310945471,412.370488289719,3.86651688212337
426.061629849687,12.5621183481525,3.56541085307172
363.110590776387,294.696284454914,2.99857152593049
606.117564197704,106.506987655767,4.2978992530016
389.09915880399,229.857040405094,4.17382936373018
566.893523072348,403.781501137254,4.72743025316438
143.310824868759,280.863857099659,4.62269700818442
195.402400970807,368.071377750948,3.9460224167282
124.214439192704,411.399342748323,3.39460379803199
628.981225322187,312.963781418611,4.51675789796529
5.57124505090579,149.078363319643,4.26243512303601
542.868438274752,206.226343341929,4.20030774982863
32.1076355946804,492.198824377217,3.08655537194297
280.082651663017,22.5951248117515,3.84753394679339
536.965127697905,391.528303007787,3.4734412338662
70.0343092206794,77.8248013318836,5.28544211399646
6.88746348877285,75.4336270498914,3.56417855827846
583.479506176383,225.363933706478,4.10936170164781
434.624899677976,458.043411640512,4.76006856258479
658.56489015284,372.434314230971,3.20736121906695
99.077515932141,483.705951147358,4.32330691627634
621.933900836892,94.0805654272372,4.1242673677336
422.416211370572,254.009257108607,3.53130976170333
11.8745541015555,183.665591262053,3.32958579343977
64.8537267516236,120.814783848502,4.60227641937696
597.161922150662,202.040864500338,4.48525579646962
252.976302640233,221.379819908439,3.50678247835519
578.762279094975,429.287729169411,3.81553705512312
301.745671882118,140.166219131343,3.95162124821021
533.429245254963,460.723522230566,3.58700816733401
45.4091336520973,406.241989142206,4.17207722686602
200.775632171053,286.088469068417,4.40459436014855
548.989074251551,263.271722159356,3.75369870669005
172.355046971019,27.9891129941021,3.9400400584835
506.178552910864,344.674021775021,4.36280190668772
34.3070231288456,59.0828538867913,3.56205930294945
533.754029689855,142.071389205159,5.17164793061026
NA,NA,NA
661.563492107386,334.298033176496,3.59620831962235
453.718483267766,298.65332219774,3.558899574117
10.8986364205918,495.739219366342,3.59542817170309
557.841388943155,51.6224300214077,4.30604630278013
76.6385177890277,376.031478055769,4.04166643683813
229.219310945471,412.370488289719,3.86651688212337
426.061629849687,12.5621183481525,3.56541085307172
363.110590776387,294.696284454914,2.99857152593049
606.117564197704,106.506987655767,4.2978992530016
389.09915880399,229.857040405094,4.17382936373018
566.893523072348,403.781501137254,4.72743025316438
143.310824868759,280.863857099659,4.62269700818442
195.402400970807,368.071377750948,3.9460224167282
124.214439192704,411.399342748323,3.39460379803199
628.981225322187,312.963781418611,4.51675789796529
5.57124505090579,149.078363319643,4.26243512303601
542.868438274752,206.226343341929,4.20030774982863
32.1076355946804,492.198824377217,3.08655537194297
280.082651663017,22.5951248117515,3.84753394679339
536.965127697905,391.528303007787,3.4734412338662
70.0343092206794,77.8248013318836,5.28544211399646
6.88746348877285,75.4336270498914,3.56417855827846
583.479506176383,225.363933706478,4.10936170164781
434.624899677976,458.043411640512,4.76006856258479
658.56489015284,372.434314230971,3.20736121906695
99.077515932141,483.705951147358,4.32330691627634
621.933900836892,94.0805654272372,4.1242673677336
422.416211370572,254.009257108607,3.53130976170333
11.8745541015555,183.665591262053,3.32958579343977
64.8537267516236,120.814783848502,4.60227641937696
597.161922150662,202.040864500338,4.48525579646962
252.976302640233,221.379819908439,3.50678247835519
578.762279094975,429.287729169411,3.81553705512312
301.745671882118,140.166219131343,3.95162124821021
533.429245254963,460.723522230566,3.58700816733401
45.4091336520973,406.241989142206,4.17207722686602
200.775632171053,286.088469068417,4.40459436014855
548.989074251551,263.271722159356,3.75369870669005
172.355046971019,27.9891129941021,3.9400400584835
506.178552910864,344.674021775021,4.36280190668772
34.3070231288456,59.0828538867913,3.56205930294945
533.754029689855,142.071389205159,5.17164793061026
NA,NA,NA
661.563492107386,334.298033176496,3.59620831962235
453.718483267766,298.65332219774,3.558899574117
10.8986364205918,495.739219366342,3.59542817170309
557.841388943155,51.6224300214077,4.30604630278013
76.6385177890277,376.031478055769,4.04166643683813
229.219310945471,412.370488289719,3.86651688212337
426.061629849687,12.5621183481525,3.56541085307172
363.110590776387,294.696284454914,2.99857152593049
606.117564197704,106.506987655767,4.2978992530016
389.09915880399,229.857040405094,4.17382936373018
566.893523072348,403.781501137254,4.72743025316438
143.310824868759,280.863857099659,4.62269700818442
195.402400970807,368.071377750948,3.9460224167282
124.214439192704,411.399342748323,3.39460379803199
628.981225322187,312.963781418611,4.51675789796529
5.57124505090579,149.078363319643,4.26243512303601
542.868438274752,206.226343341929,4.20030774982863
32.1076355946804,492.198824377217,3.08655537194297
280.082651663017,22.5951248117515,3.84753394679339
536.965127697905,391.528303007787,3.4734412338662
70.0343092206794,77.8248013318836,5.28544211399646
6.88746348877285,75.4336270498914,3.56417855827846
583.479506176383,225.363933706478,4.10936170164781
434.624899677976,458.043411640512,4.76006856258479
658.56489015284,372.434314230971,3.20736121906695
99.077515932141,483.705951147358,4.32330691627634
621.933900836892,94.0805654272372,4.1242673677336
422.416211370572,254.009257108607,3.53130976170333
11.8745541015555,183.665591262053,3.32958579343977
64.8537267516236,120.814783848502,4.60227641937696
597.161922150662,202.040864500338,4.48525579646962
252.976302640233,221.379819908439,3.50678247835519
578.762279094975,429.287729169411,3.81553705512312
301.745671882118,140.166219131343,3.95162124821021
533.429245254963,460.723522230566,3.58700816733401
45.4091336520973,406.241989142206,4.17207722686602
200.775632171053,286.088469068417,4.40459436014855
548.989074251551,263.271722159356,3.75369870669005
172.355046971019,27.9891129941021,3.9400400584835
506.178552910864,344.674021775021,4.36280190668772
34.3070231288456,59.0828538867913,3.56205930294945
533.754029689855,142.071389205159,5.17164793061026
NA,NA,NA
661.563492107386,334.298033176496,3.59620831962235
453.718483267766,298.65332219774,3.558899574117
10.8986364205918,495.739219366342,3.59542817170309
557.841388943155,51.6224300214077,4.30604630278013
76.6385177890277,376.031478055769,4.04166643683813
229.219310945471,412.370488289719,3.86651688212337
426.061629849687,12.5621183481525,3.56541085307172
363.110590776387,294.696284454914,2.99857152593049
606.117564197704,106.506987655767,4.2978992530016
389.09915880399,229.857040405094,4.17382936373018
566.893523072348,403.781501137254,4.72743025316438
143.310824868759,280.863857099659,4.62269700818442
195.402400970807,368.071377750948,3.9460224167282
124.214439192704,411.399342748323,3.39460379803199
628.981225322187,312.963781418611,4.51675789796529
5.57124505090579,149.078363319643,4.26243512303601
542.868438274752,206.226343341929,4.20030774982863
32.1076355946804,492.198824377217,3.08655537194297
280.082651663017,22.5951248117515,3.84753394679339
536.965127697905,391.528303007787,3.4734412338662
70.0343092206794,77.8248013318836,5.28544211399646
6.88746348877285,75.4336270498914,3.56417855827846
583.479506176383,225.363933706478,4.10936170164781
434.624899677976,458.043411640512,4.76006856258479
658.56489015284,372.434314230971,3.20736121906695
99.077515932141,483.705951147358,4.32330691627634
621.933900836892,94.0805654272372,4.1242673677336
422.416211370572,254.009257108607,3.53130976170333
11.8745541015555,183.665591262053,3.32958579343977
64.8537267516236,120.814783848502,4.60227641937696
597.161922150662,202.040864500338,4.48525579646962
252.976302640233,221.379819908439,3.50678247835519
578.762279094975,429.287729169411,3.81553705512312
301.745671882118,140.166219131343,3.95162124821021
533.429245254963,460.723522230566,3.58700816733401
45.4091336520973,406.241989142206,4.17207722686602
200.775632171053,286.088469068417,4.40459436014855
548.989074251551,263.271722159356,3.75369870669005
172.355046971019,27.9891129941021,3.9400400584835
506.178552910864,344.674021775021,4.36280190668772
34.3070231288456,59.0828538867913,3.56205930294945
533.754029689855,142.071389205159,5.17164793061026
NA,NA,NA
662.419817598676,333.330444754907,3.49873726273381
451.562981631381,294.570451088102,3.67379841361437
10.080714338261,492.3681782041,3.73264332646087
560.975494483807,52.8213135295672,4.20204923091046
71.1453862574319,370.447023959963,3.91344746434825
231.420376463183,422.327909018469,3.81682633293206
429.649102938596,11.6821081866145,3.40810453587064
360.241896218267,292.03501294293,3.01602232685966
601.858241254169,104.477911690261,4.12905736500076
396.282920454209,229.017505236275,4.14083433224378
563.372976339386,410.335076524116,4.73448620174989
143.688769791227,285.95758244189,4.56272585567114
201.398605510279,371.460471420982,4.06843072070399
125.105054802412,412.324647800621,3.49582749680971
631.723975273562,312.948275674399,4.64994947345817
0.268542483608162,146.294864687214,4.19190902974004
545.225145914736,197.231912017635,4.18621197449588
33.6138350017733,490.558514662762,3.00545553779044
280.868019736627,26.5757880119002,3.82232996565049
535.263645518326,392.151303945734,3.39546987017413
76.2386369327394,81.1144975015827,5.14323331366384
3.25920442279361,78.0490725534216,3.39663751865878
589.339770387326,227.433577931111,4.01937208184659
440.115071927134,460.46814609029,4.8195184008851
660.362536380186,373.305246470114,2.96635853982816
108.052042372594,488.681444140021,4.27560779592864
624.830381966671,88.4271235969481,4.12109835220992
422.798704219656,257.836085267587,3.6373502218903
10.1519776621199,181.674989000078,3.19750175866364
69.3550216519089,122.404877334516,4.60469523968204
619.891287616539,198.945652969332,4.41261835714731
260.186064122552,226.309531143649,3.41831096286515
573.618288931855,439.142393538573,3.8751574641004
303.778176460867,137.010052565285,3.83572625906079
530.32395378733,459.748899726601,3.61852244655853
46.425149244493,418.520476020457,4.00971380091725
195.408629515701,285.515418301885,3.68351291796633
550.935907859727,261.359555563223,3.77290366448892
171.67772448999,35.5234181693982,4.74490468470123
503.638927905359,345.844426852809,4.5873791869107
44.4100191443008,60.5489050169555,3.61625339997062
521.773894283742,163.114649584117,4.52379473237988
NA,NA,NA
662.419817598676,333.330444754907,3.49873726273381
451.562981631381,294.570451088102,3.67379841361437
10.080714338261,492.3681782041,3.73264332646087
560.975494483807,52.8213135295672,4.20204923091046
71.1453862574319,370.447023959963,3.91344746434825
231.420376463183,422.327909018469,3.81682633293206
429.649102938596,11.6821081866145,3.40810453587064
360.241896218267,292.03501294293,3.01602232685966
601.858241254169,104.477911690261,4.12905736500076
396.282920454209,229.017505236275,4.14083433224378
563.372976339386,410.335076524116,4.73448620174989
143.688769791227,285.95758244189,4.56272585567114
201.398605510279,371.460471420982,4.06843072070399
125.105054802412,412.324647800621,3.49582749680971
631.723975273562,312.948275674399,4.64994947345817
0.268542483608162,146.294864687214,4.19190902974004
545.225145914736,197.231912017635,4.18621197449588
33.6138350017733,490.558514662762,3.00545553779044
280.868019736627,26.5757880119002,3.82232996565049
535.263645518326,392.151303945734,3.39546987017413
76.2386369327394,81.1144975015827,5.14323331366384
3.25920442279361,78.0490725534216,3.39663751865878
589.339770387326,227.433577931111,4.01937208184659
440.115071927134,460.46814609029,4.8195184008851
660.362536380186,373.305246470114,2.96635853982816
108.052042372594,488.681444140021,4.27560779592864
624.830381966671,88.4271235969481,4.12109835220992
422.798704219656,257.836085267587,3.6373502218903
10.1519776621199,181.674989000078,3.19750175866364
69.3550216519089,122.404877334516,4.60469523968204
619.891287616539,198.945652969332,4.41261835714731
260.186064122552,226.309531143649,3.41831096286515
573.618288931855,439.142393538573,3.8751574641004
303.778176460867,137.010052565285,3.83572625906079
530.32395378733,459.748899726601,3.61852244655853
46.425149244493,418.520476020457,4.00971380091725
195.408629515701,285.515418301885,3.68351291796633
550.935907859727,261.359555563223,3.77290366448892
171.67772448999,35.5234181693982,4.74490468470123
503.638927905359,345.844426852809,4.5873791869107
44.4100191443008,60.5489050169555,3.61625339997062
521.773894283742,163.114649584117,4.52379473237988
NA,NA,NA
662.419817598676,333.330444754907,3.49873726273381
451.562981631381,294.570451088102,3.67379841361437
10.080714338261,492.3681782041,3.73264332646087
560.975494483807,52.8213135295672,4.20204923091046
71.1453862574319,370.447023959963,3.91344746434825
231.420376463183,422.327909018469,3.81682633293206
429.649102938596,11.6821081866145,3.40810453587064
360.241896218267,292.03501294293,3.01602232685966
601.858241254169,104.477911690261,4.12905736500076
396.282920454209,229.017505236275,4.14083433224378
563.372976339386,410.335076524116,4.73448620174989
143.688769791227,285.95758244189,4.56272585567114
201.398605510279,371.460471420982,4.06843072070399
125.105054802412,412.324647800621,3.49582749680971
631.723975273562,312.948275674399,4.64994947345817
0.268542483608162,146.294864687214,4.19190902974004
545.225145914736,197.231912017635,4.18621197449588
33.6138350017733,490.558514662762,3.00545553779044
280.868019736627,26.5757880119002,3.82232996565049
535.263645518326,392.151303945734,3.39546987017413
76.2386369327394,81.1144975015827,5.14323331366384
3.25920442279361,78.0490725534216,3.39663751865878
589.339770387326,227.433577931111,4.01937208184659
440.115071927134,460.46814609029,4.8195184008851
660.362536380186,373.305246470114,2.96635853982816
108.052042372594,488.681444140021,4.27560779592864
624.830381966671,88.4271235969481,4.12109835220992
422.798704219656,257.836085267587,3.6373502218903
10.1519776621199,181.674989000078,3.19750175866364
69.3550216519089,122.404877334516,4.60469523968204
619.891287616539,198.945652969332,4.41261835714731
260.186064122552,226.309531143649,3.41831096286515
573.618288931855,439.142393538573,3.8751574641004
303.778176460867,137.010052565285,3.83572625906079
530.32395378733,459.748899726601,3.61852244655853
46.425149244493,418.520476020457,4.00971380091725
195.408629515701,285.515418301885,3.68351291796633
550.935907859727,261.359555563223,3.77290366448892
171.67772448999,35.5234181693982,4.74490468470123
503.638927905359,345.844426852809,4.5873791869107
44.4100191443008,60.5489050169555,3.61625339997062
521.773894283742,163.114649584117,4.52379473237988
NA,NA,NA
662.419817598676,333.330444754907,3.49873726273381
451.562981631381,294.570451088102,3.67379841361437
10.080714338261,492.3681782041,3.73264332646087
560.975494483807,52.8213135295672,4.20204923091046
71.1453862574319,370.447023959963,3.91344746434825
231.420376463183,422.327909018469,3.81682633293206
429.649102938596,11.6821081866145,3.40810453587064
360.241896218267,292.03501294293,3.01602232685966
601.858241254169,104.477911690261,4.12905736500076
396.282920454209,229.017505236275,4.14083433224378
563.372976339386,410.335076524116,4.73448620174989
143.688769791227,285.95758244189,4.56272585567114
201.398605510279,371.460471420982,4.06843072070399
125.105054802412,412.324647800621,3.49582749680971
631.723975273562,312.948275674399,4.64994947345817
0.268542483608162,146.294864687214,4.19190902974004
545.225145914736,197.231912017635,4.18621197449588
33.6138350017733,490.558514662762,3.00545553779044
280.868019736627,26.5757880119002,3.82232996565049
535.263645518326,392.151303945734,3.39546987017413
76.2386369327394,81.1144975015827,5.14323331366384
3.25920442279361,78.0490725534216,3.39663751865878
589.339770387326,227.433577931111,4.01937208184659
440.115071927134,460.46814609029,4.8195184008851
660.362536380186,373.305246470114,2.96635853982816
108.052042372594,488.681444140021,4.27560779592864
624.830381966671,88.4271235969481,4.12109835220992
422.798704219656,257.836085267587,3.6373502218903
10.1519776621199,181.674989000078,3.19750175866364
69.3550216519089,122.404877334516,4.60469523968204
619.891287616539,198.945652969332,4.41261835714731
260.186064122552,226.309531143649,3.41831096286515
573.618288931855,439.142393538573,3.8751574641004
303.778176460867,137.010052565285,3.83572625906079
530.32395378733,459.748899726601,3.61852244655853
46.425149244493,418.520476020457,4.00971380091725
195.408629515701,285.515418301885,3.68351291796633
550.935907859727,261.359555563223,3.77290366448892
171.67772448999,35.5234181693982,4.74490468470123
503.638927905359,345.844426852809,4.5873791869107
44.4100191443008,60.5489050169555,3.61625339997062
521.773894283742,163.114649584117,4.52379473237988
NA,NA,NA
662.419817598676,333.330444754907,3.49873726273381
451.562981631381,294.570451088102,3.67379841361437
10.080714338261,492.3681782041,3.73264332646087
560.975494483807,52.8213135295672,4.20204923091046
71.1453862574319,370.447023959963,3.91344746434825
231.420376463183,422.327909018469,3.81682633293206
429.649102938596,11.6821081866145,3.40810453587064
360.241896218267,292.03501294293,3.01602232685966
601.858241254169,104.477911690261,4.12905736500076
396.282920454209,229.017505236275,4.14083433224378
563.372976339386,410.335076524116,4.73448620174989
143.688769791227,285.95758244189,4.56272585567114
201.398605510279,371.460471420982,4.06843072070399
125.105054802412,412.324647800621,3.49582749680971
631.723975273562,312.948275674399,4.64994947345817
0.268542483608162,146.294864687214,4.19190902974004
545.225145914736,197.231912017635,4.18621197449588
33.6138350017733,490.558514662762,3.00545553779044
280.868019736627,26.5757880119002,3.82232996565049
535.263645518326,392.151303945734,3.39546987017413
76.2386369327394,81.1144975015827,5.14323331366384
3.25920442279361,78.0490725534216,3.39663751865878
589.339770387326,227.433577931111,4.01937208184659
440.115071927134,460.46814609029,4.8195184008851
660.362536380186,373.305246470114,2.96635853982816
108.052042372594,488.681444140021,4.27560779592864
624.830381966671,88.4271235969481,4.12109835220992
422.798704219656,257.836085267587,3.6373502218903
10.1519776621199,181.674989000078,3.19750175866364
69.3550216519089,122.404877334516,4.60469523968204
619.891287616539,198.945652969332,4.41261835714731
260.186064122552,226.309531143649,3.41831096286515
573.618288931855,439.142393538573,3.8751574641004
303.778176460867,137.010052565285,3.83572625906079
530.32395378733,459.748899726601,3.61852244655853
46.425149244493,418.520476020457,4.00971380091725
195.408629515701,285.515418301885,3.68351291796633
550.935907859727,261.359555563223,3.77290366448892
171.67772448999,35.5234181693982,4.74490468470123
503.638927905359,345.844426852809,4.5873791869107
44.4100191443008,60.5489050169555,3.61625339997062
521.773894283742,163.114649584117,4.52379473237988
NA,NA,NA
662.419817598676,333.330444754907,3.49873726273381
451.562981631381,294.570451088102,3.67379841361437
10.080714338261,492.3681782041,3.73264332646087
560.975494483807,52.8213135295672,4.20204923091046
71.1453862574319,370.447023959963,3.91344746434825
231.420376463183,422.327909018469,3.81682633293206
429.649102938596,11.6821081866145,3.40810453587064
360.241896218267,292.03501294293,3.01602232685966
601.858241254169,104.477911690261,4.12905736500076
396.282920454209,229.017505236275,4.14083433224378
563.372976339386,410.335076524116,4.73448620174989
143.688769791227,285.95758244189,4.56272585567114
201.398605510279,371.460471420982,4.06843072070399
125.105054802412,412.324647800621,3.49582749680971
631.723975273562,312.948275674399,4.64994947345817
0.268542483608162,146.294864687214,4.19190902974004
545.225145914736,197.231912017635,4.18621197449588
33.6138350017733,490.558514662762,3.00545553779044
280.868019736627,26.5757880119002,3.82232996565049
535.263645518326,392.151303945734,3.39546987017413
76.2386369327394,81.1144975015827,5.14323331366384
3.25920442279361,78.0490725534216,3.39663751865878
589.339770387326,227.433577931111,4.01937208184659
440.115071927134,460.46814609029,4.8195184008851
660.362536380186,373.305246470114,2.96635853982816
108.052042372594,488.681444140021,4.27560779592864
624.830381966671,88.4271235969481,4.12109835220992
422.798704219656,257.836085267587,3.6373502218903
10.1519776621199,181.674989000078,3.19750175866364
69.3550216519089,122.404877334516,4.60469523968204
619.891287616539,198.945652969332,4.41261835714731
260.186064122552,226.309531143649,3.41831096286515
573.618288931855,439.142393538573,3.8751574641004
303.778176460867,137.010052565285,3.83572625906079
530.32395378733,459.748899726601,3.61852244655853
46.425149244493,418.520476020457,4.00971380091725
195.408629515701,285.515418301885,3.68351291796633
550.935907859727,261.359555563223,3.77290366448892
171.67772448999,35.5234181693982,4.74490468470123
503.638927905359,345.844426852809,4.5873791869107
44.4100191443008,60.5489050169555,3.61625339997062
521.773894283742,163.114649584117,4.52379473237988
NA,NA,NA
661.076273193635,336.500920322316,3.59784392607646
452.649295227153,299.286333410789,3.67451305387535
10.8849027666871,494.835395141274,3.56601586923093
559.861551925949,53.3358260509857,4.13125297086336
68.4475949283328,375.949794006948,3.86278699751008
231.015672474887,413.837640562316,3.93907121809653
427.170468597207,11.2462261493256,3.22167331734345
361.553427194567,294.087114858702,3.15483606876316
603.889694179432,104.978056123252,4.23287002539595
390.281102937974,230.39819142537,4.25621773487966
576.268878850586,409.721752957471,4.7183499128673
141.740810767058,285.917534183899,4.53878179725694
198.248903430471,369.333708270041,4.15970458771237
124.408131028213,410.310531807489,3.46785860014951
627.426239239363,309.553375288169,4.5330129892955
3.73514052243571,143.326260816188,4.22603061894041
540.843573033668,203.567376304192,4.28150349532989
33.0906765409621,491.087246513598,3.06562426139348
277.727414661167,26.0360778609822,3.97258880703617
533.041100058747,393.438198615469,3.4624956732646
68.6284426872151,79.084450678112,5.22209706497772
4.08874062045412,74.7943821485433,3.54574129749291
594.250985449618,230.467166467097,4.0166723141984
447.853665425447,460.720645103666,4.84841139571317
659.961252306512,371.134323159413,3.098514242541
105.671765423501,485.654980783166,4.33613400397516
624.499044326961,85.1909199355046,4.08133878970093
418.31904199587,258.48282028293,3.73542794668197
12.6956392080432,182.655688686706,3.09851029834551
50.0450920118709,106.508191054668,4.44252235439806
612.523110515393,193.292253649271,4.18736653115254
259.316667889822,214.128918122383,3.64822085392214
577.700094163856,445.792841391934,3.82100509784218
300.096059411381,135.682771189072,3.71070747694661
536.093353447393,462.238251328072,3.55549621383799
50.5720422939016,411.751215010633,3.77301794593842
192.365586925251,286.511780985062,4.29781138616152
542.153217532341,258.213381010143,3.56425734936406
176.821636750715,15.2223240728823,4.02459690209162
503.185006688903,345.903318767976,4.64957746588485
31.486018688755,59.6334060650592,3.61580760743838
542.952551895189,142.716581903932,5.01280776831556
NA,NA,NA
661.076273193635,336.500920322316,3.59784392607646
452.649295227153,299.286333410789,3.67451305387535
10.8849027666871,494.835395141274,3.56601586923093
559.861551925949,53.3358260509857,4.13125297086336
68.4475949283328,375.949794006948,3.86278699751008
231.015672474887,413.837640562316,3.93907121809653
427.170468597207,11.2462261493256,3.22167331734345
361.553427194567,294.087114858702,3.15483606876316
603.889694179432,104.978056123252,4.23287002539595
390.281102937974,230.39819142537,4.25621773487966
576.268878850586,409.721752957471,4.7183499128673
141.740810767058,285.917534183899,4.53878179725694
198.248903430471,369.333708270041,4.15970458771237
124.408131028213,410.310531807489,3.46785860014951
627.426239239363,309.553375288169,4.5330129892955
3.73514052243571,143.326260816188,4.22603061894041
540.843573033668,203.567376304192,4.28150349532989
33.0906765409621,491.087246513598,3.06562426139348
277.727414661167,26.0360778609822,3.97258880703617
533.041100058747,393.438198615469,3.4624956732646
68.6284426872151,79.084450678112,5.22209706497772
4.08874062045412,74.7943821485433,3.54574129749291
594.250985449618,230.467166467097,4.0166723141984
447.853665425447,460.720645103666,4.84841139571317
659.961252306512,371.134323159413,3.098514242541
105.671765423501,485.654980783166,4.33613400397516
624.499044326961,85.1909199355046,4.08133878970093
418.31904199587,258.48282028293,3.73542794668197
12.6956392080432,182.655688686706,3.09851029834551
50.0450920118709,106.508191054668,4.44252235439806
612.523110515393,193.292253649271,4.18736653115254
259.316667889822,214.128918122383,3.64822085392214
577.700094163856,445.792841391934,3.82100509784218
300.096059411381,135.682771189072,3.71070747694661
536.093353447393,462.238251328072,3.55549621383799
50.5720422939016,411.751215010633,3.77301794593842
192.365586925251,286.511780985062,4.29781138616152
542.153217532341,258.213381010143,3.56425734936406
176.821636750715,15.2223240728823,4.02459690209162
503.185006688903,345.903318767976,4.64957746588485
31.486018688755,59.6334060650592,3.61580760743838
542.952551895189,142.716581903932,5.01280776831556
NA,NA,NA
661.076273193635,336.500920322316,3.59784392607646
452.649295227153,299.286333410789,3.67451305387535
10.8849027666871,494.835395141274,3.56601586923093
559.861551925949,53.3358260509857,4.13125297086336
68.4475949283328,375.949794006948,3.86278699751008
231.015672474887,413.837640562316,3.93907121809653
427.170468597207,11.2462261493256,3.22167331734345
361.553427194567,294.087114858702,3.15483606876316
603.889694179432,104.978056123252,4.23287002539595
390.281102937974,230.39819142537,4.25621773487966
576.268878850586,409.721752957471,4.7183499128673
141.740810767058,285.917534183899,4.53878179725694
198.248903430471,369.333708270041,4.15970458771237
124.408131028213,410.310531807489,3.46785860014951
627.426239239363,309.553375288169,4.5330129892955
3.73514052243571,143.326260816188,4.22603061894041
540.843573033668,203.567376304192,4.28150349532989
33.0906765409621,491.087246513598,3.06562426139348
277.727414661167,26.0360778609822,3.97258880703617
533.041100058747,393.438198615469,3.4624956732646
68.6284426872151,79.084450678112,5.22209706497772
4.08874062045412,74.7943821485433,3.54574129749291
594.250985449618,230.467166467097,4.0166723141984
447.853665425447,460.720645103666,4.84841139571317
659.961252306512,371.134323159413,3.098514242541
105.671765423501,485.654980783166,4.33613400397516
624.499044326961,85.1909199355046,4.08133878970093
418.31904199587,258.48282028293,3.73542794668197
12.6956392080432,182.655688686706,3.09851029834551
50.0450920118709,106.508191054668,4.44252235439806
612.523110515393,193.292253649271,4.18736653115254
259.316667889822,214.128918122383,3.64822085392214
577.700094163856,445.792841391934,3.82100509784218
300.096059411381,135.682771189072,3.71070747694661
536.093353447393,462.238251328072,3.55549621383799
50.5720422939016,411.751215010633,3.77301794593842
192.365586925251,286.511780985062,4.29781138616152
542.153217532341,258.213381010143,3.56425734936406
176.821636750715,15.2223240728823,4.02459690209162
503.185006688903,345.903318767976,4.64957746588485
31.486018688755,59.6334060650592,3.61580760743838
542.952551895189,142.716581903932,5.01280776831556
NA,NA,NA
661.076273193635,336.500920322316,3.59784392607646
452.649295227153,299.286333410789,3.67451305387535
10.8849027666871,494.835395141274,3.56601586923093
559.861551925949,53.3358260509857,4.13125297086336
68.4475949283328,375.949794006948,3.86278699751008
231.015672474887,413.837640562316,3.93907121809653
427.170468597207,11.2462261493256,3.22167331734345
361.553427194567,294.087114858702,3.15483606876316
603.889694179432,104.978056123252,4.23287002539595
390.281102937974,230.39819142537,4.25621773487966
576.268878850586,409.721752957471,4.7183499128673
141.740810767058,285.917534183899,4.53878179725694
198.248903430471,369.333708270041,4.15970458771237
124.408131028213,410.310531807489,3.46785860014951
627.426239239363,309.553375288169,4.5330129892955
3.73514052243571,143.326260816188,4.22603061894041
540.843573033668,203.567376304192,4.28150349532989
33.0906765409621,491.087246513598,3.06562426139348
277.727414661167,26.0360778609822,3.97258880703617
533.041100058747,393.438198615469,3.4624956732646
68.6284426872151,79.084450678112,5.22209706497772
4.08874062045412,74.7943821485433,3.54574129749291
594.250985449618,230.467166467097,4.0166723141984
447.853665425447,460.720645103666,4.84841139571317
659.961252306512,371.134323159413,3.098514242541
105.671765423501,485.654980783166,4.33613400397516
624.499044326961,85.1909199355046,4.08133878970093
418.31904199587,258.48282028293,3.73542794668197
12.6956392080432,182.655688686706,3.09851029834551
50.0450920118709,106.508191054668,4.44252235439806
612.523110515393,193.292253649271,4.18736653115254
259.316667889822,214.128918122383,3.64822085392214
577.700094163856,445.792841391934,3.82100509784218
300.096059411381,135.682771189072,3.71070747694661
536.093353447393,462.238251328072,3.55549621383799
50.5720422939016,411.751215010633,3.77301794593842
192.365586925251,286.511780985062,4.29781138616152
542.153217532341,258.213381010143,3.56425734936406
176.821636750715,15.2223240728823,4.02459690209162
503.185006688903,345.903318767976,4.64957746588485
31.486018688755,59.6334060650592,3.61580760743838
542.952551895189,142.716581903932,5.01280776831556
NA,NA,NA
661.076273193635,336.500920322316,3.59784392607646
452.649295227153,299.286333410789,3.67451305387535
10.8849027666871,494.835395141274,3.56601586923093
559.861551925949,53.3358260509857,4.13125297086336
68.4475949283328,375.949794006948,3.86278699751008
231.015672474887,413.837640562316,3.93907121809653
427.170468597207,11.2462261493256,3.22167331734345
361.553427194567,294.087114858702,3.15483606876316
603.889694179432,104.978056123252,4.23287002539595
390.281102937974,230.39819142537,4.25621773487966
576.268878850586,409.721752957471,4.7183499128673
141.740810767058,285.917534183899,4.53878179725694
198.248903430471,369.333708270041,4.15970458771237
124.408131028213,410.310531807489,3.46785860014951
627.426239239363,309.553375288169,4.5330129892955
3.73514052243571,143.326260816188,4.22603061894041
540.843573033668,203.567376304192,4.28150349532989
33.0906765409621,491.087246513598,3.06562426139348
277.727414661167,26.0360778609822,3.97258880703617
533.041100058747,393.438198615469,3.4624956732646
68.6284426872151,79.084450678112,5.22209706497772
4.08874062045412,74.7943821485433,3.54574129749291
594.250985449618,230.467166467097,4.0166723141984
447.853665425447,460.720645103666,4.84841139571317
659.961252306512,371.134323159413,3.098514242541
105.671765423501,485.654980783166,4.33613400397516
624.499044326961,85.1909199355046,4.08133878970093
418.31904199587,258.48282028293,3.73542794668197
12.6956392080432,182.655688686706,3.09851029834551
50.0450920118709,106.508191054668,4.44252235439806
612.523110515393,193.292253649271,4.18736653115254
259.316667889822,214.128918122383,3.64822085392214
577.700094163856,445.792841391934,3.82100509784218
300.096059411381,135.682771189072,3.71070747694661
536.093353447393,462.238251328072,3.55549621383799
50.5720422939016,411.751215010633,3.77301794593842
192.365586925251,286.511780985062,4.29781138616152
542.153217532341,258.213381010143,3.56425734936406
176.821636750715,15.2223240728823,4.02459690209162
503.185006688903,345.903318767976,4.64957746588485
31.486018688755,59.6334060650592,3.61580760743838
542.952551895189,142.716581903932,5.01280776831556
NA,NA,NA
661.076273193635,336.500920322316,3.59784392607646
452.649295227153,299.286333410789,3.67451305387535
10.8849027666871,494.835395141274,3.56601586923093
559.861551925949,53.3358260509857,4.13125297086336
68.4475949283328,375.949794006948,3.86278699751008
231.015672474887,413.837640562316,3.93907121809653
427.170468597207,11.2462261493256,3.22167331734345
361.553427194567,294.087114858702,3.15483606876316
603.889694179432,104.978056123252,4.23287002539595
390.281102937974,230.39819142537,4.25621773487966
576.268878850586,409.721752957471,4.7183499128673
141.740810767058,285.917534183899,4.53878179725694
198.248903430471,369.333708270041,4.15970458771237
124.408131028213,410.310531807489,3.46785860014951
627.426239239363,309.553375288169,4.5330129892955
3.73514052243571,143.326260816188,4.22603061894041
540.843573033668,203.567376304192,4.28150349532989
33.0906765409621,491.087246513598,3.06562426139348
277.727414661167,26.0360778609822,3.97258880703617
533.041100058747,393.438198615469,3.4624956732646
68.6284426872151,79.084450678112,5.22209706497772
4.08874062045412,74.7943821485433,3.54574129749291
594.250985449618,230.467166467097,4.0166723141984
447.853665425447,460.720645103666,4.84841139571317
659.961252306512,371.134323159413,3.098514242541
105.671765423501,485.654980783166,4.33613400397516
624.499044326961,85.1909199355046,4.08133878970093
418.31904199587,258.48282028293,3.73542794668197
12.6956392080432,182.655688686706,3.09851029834551
50.0450920118709,106.508191054668,4.44252235439806
612.523110515393,193.292253649271,4.18736653115254
259.316667889822,214.128918122383,3.64822085392214
577.700094163856,445.792841391934,3.82100509784218
300.096059411381,135.682771189072,3.71070747694661
536.093353447393,462.238251328072,3.55549621383799
50.5720422939016,411.751215010633,3.77301794593842
192.365586925251,286.511780985062,4.29781138616152
542.153217532341,258.213381010143,3.56425734936406
176.821636750715,15.2223240728823,4.02459690209162
503.185006688903,345.903318767976,4.64957746588485
31.486018688755,59.6334060650592,3.61580760743838
542.952551895189,142.716581903932,5.01280776831556
NA,NA,NA
663.593070154282,331.454689200153,3.50376968513317
454.17538181853,301.339064119843,4.00884259769977
10.9744096772648,492.252959700039,3.55758326883128
560.771788241336,52.8707822861116,4.21454593951596
75.1398174798378,378.220319093839,3.71851341486831
231.353239265688,415.195743044853,3.97402680022995
428.802711391011,12.8262483717383,3.27264622734095
361.527336727056,293.078480364442,2.91007090346627
606.892110301163,101.302207433417,4.20577954185
385.628937072493,225.285880201185,4.19815699939795
570.134825597848,405.60605215809,4.68173358211103
150.966602536872,284.498616522025,4.47532800853804
198.059639354568,373.354655031027,4.08408482948385
121.353778151088,408.988301822328,3.43553433292602
626.708883106041,315.988802130723,4.68004720829611
-4.01736375347278,150.767050788002,4.215982148302
544.829811587938,203.152063254319,4.20548415474128
33.5231496101338,492.85517932401,2.90209078741474
281.494105575814,27.1375316017211,3.83488028807222
531.646147291323,392.530728715598,3.21276861580552
66.7009068661412,69.2920805466706,5.19217282134329
4.49096540290101,74.8002299501862,3.51845407983163
589.794107734777,229.134513655699,4.02678619648563
438.290906490391,457.916154874177,4.72531148612364
659.857143704069,373.837368941203,3.07199491527002
108.209307579793,488.123009496083,4.47041140957396
624.884373232531,89.3908828203421,4.03982597234318
421.435938500085,255.773443078584,3.62393870261942
11.7432296308327,180.499886446303,3.16690712540626
57.2049581594109,123.816338816544,4.08766472032287
607.110734982277,188.68634164604,4.11221415293296
253.656243969917,217.396867565066,3.60723403435142
569.925008713837,437.429623921815,3.90364664354842
298.732120622757,137.77968092769,3.82929992008754
527.031162044706,451.476535569397,3.70633853753724
45.6121441527605,415.904976551311,4.14032900174956
197.401579678574,289.259321919743,3.65545248562119
544.253458785764,259.688448830102,3.46475546253098
173.948169966918,25.4164738392967,4.26469282083818
506.634065448262,352.485330505686,4.5309820862447
33.7654631568982,49.1208999287956,4.22448898746545
530.374481903269,151.901483428849,4.64253842988323
NA,NA,NA
663.593070154282,331.454689200153,3.50376968513317
454.17538181853,301.339064119843,4.00884259769977
10.9744096772648,492.252959700039,3.55758326883128
560.771788241336,52.8707822861116,4.21454593951596
75.1398174798378,378.220319093839,3.71851341486831
231.353239265688,415.195743044853,3.97402680022995
428.802711391011,12.8262483717383,3.27264622734095
361.527336727056,293.078480364442,2.91007090346627
606.892110301163,101.302207433417,4.20577954185
385.628937072493,225.285880201185,4.19815699939795
570.134825597848,405.60605215809,4.68173358211103
150.966602536872,284.498616522025,4.47532800853804
198.059639354568,373.354655031027,4.08408482948385
121.353778151088,408.988301822328,3.43553433292602
626.708883106041,315.988802130723,4.68004720829611
-4.01736375347278,150.767050788002,4.215982148302
544.829811587938,203.152063254319,4.20548415474128
33.5231496101338,492.85517932401,2.90209078741474
281.494105575814,27.1375316017211,3.83488028807222
531.646147291323,392.530728715598,3.21276861580552
66.7009068661412,69.2920805466706,5.19217282134329
4.49096540290101,74.8002299501862,3.51845407983163
589.794107734777,229.134513655699,4.02678619648563
438.290906490391,457.916154874177,4.72531148612364
659.857143704069,373.837368941203,3.07199491527002
108.209307579793,488.123009496083,4.47041140957396
624.884373232531,89.3908828203421,4.03982597234318
421.435938500085,255.773443078584,3.62393870261942
11.7432296308327,180.499886446303,3.16690712540626
57.2049581594109,123.816338816544,4.08766472032287
607.110734982277,188.68634164604,4.11221415293296
253.656243969917,217.396867565066,3.60723403435142
569.925008713837,437.429623921815,3.90364664354842
298.732120622757,137.77968092769,3.82929992008754
527.031162044706,451.476535569397,3.70633853753724
45.6121441527605,415.904976551311,4.14032900174956
197.401579678574,289.259321919743,3.65545248562119
544.253458785764,259.688448830102,3.46475546253098
173.948169966918,25.4164738392967,4.26469282083818
506.634065448262,352.485330505686,4.5309820862447
33.7654631568982,49.1208999287956,4.22448898746545
530.374481903269,151.901483428849,4.64253842988323
NA,NA,NA
663.593070154282,331.454689200153,3.50376968513317
454.17538181853,301.339064119843,4.00884259769977
10.9744096772648,492.252959700039,3.55758326883128
560.771788241336,52.8707822861116,4.21454593951596
75.1398174798378,378.220319093839,3.71851341486831
231.353239265688,415.195743044853,3.97402680022995
428.802711391011,12.8262483717383,3.27264622734095
361.527336727056,293.078480364442,2.91007090346627
606.892110301163,101.302207433417,4.20577954185
385.628937072493,225.285880201185,4.19815699939795
570.134825597848,405.60605215809,4.68173358211103
150.966602536872,284.498616522025,4.47532800853804
198.059639354568,373.354655031027,4.08408482948385
121.353778151088,408.988301822328,3.43553433292602
626.708883106041,315.988802130723,4.68004720829611
-4.01736375347278,150.767050788002,4.215982148302
544.829811587938,203.152063254319,4.20548415474128
33.5231496101338,492.85517932401,2.90209078741474
281.494105575814,27.1375316017211,3.83488028807222
531.646147291323,392.530728715598,3.21276861580552
66.7009068661412,69.2920805466706,5.19217282134329
4.49096540290101,74.8002299501862,3.51845407983163
589.794107734777,229.134513655699,4.02678619648563
438.290906490391,457.916154874177,4.72531148612364
659.857143704069,373.837368941203,3.07199491527002
108.209307579793,488.123009496083,4.47041140957396
624.884373232531,89.3908828203421,4.03982597234318
421.435938500085,255.773443078584,3.62393870261942
11.7432296308327,180.499886446303,3.16690712540626
57.2049581594109,123.816338816544,4.08766472032287
607.110734982277,188.68634164604,4.11221415293296
253.656243969917,217.396867565066,3.60723403435142
569.925008713837,437.429623921815,3.90364664354842
298.732120622757,137.77968092769,3.82929992008754
527.031162044706,451.476535569397,3.70633853753724
45.6121441527605,415.904976551311,4.14032900174956
197.401579678574,289.259321919743,3.65545248562119
544.253458785764,259.688448830102,3.46475546253098
173.948169966918,25.4164738392967,4.26469282083818
506.634065448262,352.485330505686,4.5309820862447
33.7654631568982,49.1208999287956,4.22448898746545
530.374481903269,151.901483428849,4.64253842988323
NA,NA,NA
663.593070154282,331.454689200153,3.50376968513317
454.17538181853,301.339064119843,4.00884259769977
10.9744096772648,492.252959700039,3.55758326883128
560.771788241336,52.8707822861116,4.21454593951596
75.1398174798378,378.220319093839,3.71851341486831
231.353239265688,415.195743044853,3.97402680022995
428.802711391011,12.8262483717383,3.27264622734095
361.527336727056,293.078480364442,2.91007090346627
606.892110301163,101.302207433417,4.20577954185
385.628937072493,225.285880201185,4.19815699939795
570.134825597848,405.60605215809,4.68173358211103
150.966602536872,284.498616522025,4.47532800853804
198.059639354568,373.354655031027,4.08408482948385
121.353778151088,408.988301822328,3.43553433292602
626.708883106041,315.988802130723,4.68004720829611
-4.01736375347278,150.767050788002,4.215982148302
544.829811587938,203.152063254319,4.20548415474128
33.5231496101338,492.85517932401,2.90209078741474
281.494105575814,27.1375316017211,3.83488028807222
531.646147291323,392.530728715598,3.21276861580552
66.7009068661412,69.2920805466706,5.19217282134329
4.49096540290101,74.8002299501862,3.51845407983163
589.794107734777,229.134513655699,4.02678619648563
438.290906490391,457.916154874177,4.72531148612364
659.857143704069,373.837368941203,3.07199491527002
108.209307579793,488.123009496083,4.47041140957396
624.884373232531,89.3908828203421,4.03982597234318
421.435938500085,255.773443078584,3.62393870261942
11.7432296308327,180.499886446303,3.16690712540626
57.2049581594109,123.816338816544,4.08766472032287
607.110734982277,188.68634164604,4.11221415293296
253.656243969917,217.396867565066,3.60723403435142
569.925008713837,437.429623921815,3.90364664354842
298.732120622757,137.77968092769,3.82929992008754
527.031162044706,451.476535569397,3.70633853753724
45.6121441527605,415.904976551311,4.14032900174956
197.401579678574,289.259321919743,3.65545248562119
544.253458785764,259.688448830102,3.46475546253098
173.948169966918,25.4164738392967,4.26469282083818
506.634065448262,352.485330505686,4.5309820862447
33.7654631568982,49.1208999287956,4.22448898746545
530.374481903269,151.901483428849,4.64253842988323
NA,NA,NA
663.593070154282,331.454689200153,3.50376968513317
454.17538181853,301.339064119843,4.00884259769977
10.9744096772648,492.252959700039,3.55758326883128
560.771788241336,52.8707822861116,4.21454593951596
75.1398174798378,378.220319093839,3.71851341486831
231.353239265688,415.195743044853,3.97402680022995
428.802711391011,12.8262483717383,3.27264622734095
361.527336727056,293.078480364442,2.91007090346627
606.892110301163,101.302207433417,4.20577954185
385.628937072493,225.285880201185,4.19815699939795
570.134825597848,405.60605215809,4.68173358211103
150.966602536872,284.498616522025,4.47532800853804
198.059639354568,373.354655031027,4.08408482948385
121.353778151088,408.988301822328,3.43553433292602
626.708883106041,315.988802130723,4.68004720829611
-4.01736375347278,150.767050788002,4.215982148302
544.829811587938,203.152063254319,4.20548415474128
33.5231496101338,492.85517932401,2.90209078741474
281.494105575814,27.1375316017211,3.83488028807222
531.646147291323,392.530728715598,3.21276861580552
66.7009068661412,69.2920805466706,5.19217282134329
4.49096540290101,74.8002299501862,3.51845407983163
589.794107734777,229.134513655699,4.02678619648563
438.290906490391,457.916154874177,4.72531148612364
659.857143704069,373.837368941203,3.07199491527002
108.209307579793,488.123009496083,4.47041140957396
624.884373232531,89.3908828203421,4.03982597234318
421.435938500085,255.773443078584,3.62393870261942
11.7432296308327,180.499886446303,3.16690712540626
57.2049581594109,123.816338816544,4.08766472032287
607.110734982277,188.68634164604,4.11221415293296
253.656243969917,217.396867565066,3.60723403435142
569.925008713837,437.429623921815,3.90364664354842
298.732120622757,137.77968092769,3.82929992008754
527.031162044706,451.476535569397,3.70633853753724
45.6121441527605,415.904976551311,4.14032900174956
197.401579678574,289.259321919743,3.65545248562119
544.253458785764,259.688448830102,3.46475546253098
173.948169966918,25.4164738392967,4.26469282083818
506.634065448262,352.485330505686,4.5309820862447
33.7654631568982,49.1208999287956,4.22448898746545
530.374481903269,151.901483428849,4.64253842988323
NA,NA,NA
663.593070154282,331.454689200153,3.50376968513317
454.17538181853,301.339064119843,4.00884259769977
10.9744096772648,492.252959700039,3.55758326883128
560.771788241336,52.8707822861116,4.21454593951596
75.1398174798378,378.220319093839,3.71851341486831
231.353239265688,415.195743044853,3.97402680022995
428.802711391011,12.8262483717383,3.27264622734095
361.527336727056,293.078480364442,2.91007090346627
606.892110301163,101.302207433417,4.20577954185
385.628937072493,225.285880201185,4.19815699939795
570.134825597848,405.60605215809,4.68173358211103
150.966602536872,284.498616522025,4.47532800853804
198.059639354568,373.354655031027,4.08408482948385
121.353778151088,408.988301822328,3.43553433292602
626.708883106041,315.988802130723,4.68004720829611
-4.01736375347278,150.767050788002,4.215982148302
544.829811587938,203.152063254319,4.20548415474128
33.5231496101338,492.85517932401,2.90209078741474
281.494105575814,27.1375316017211,3.83488028807222
531.646147291323,392.530728715598,3.21276861580552
66.7009068661412,69.2920805466706,5.19217282134329
4.49096540290101,74.8002299501862,3.51845407983163
589.794107734777,229.134513655699,4.02678619648563
438.290906490391,457.916154874177,4.72531148612364
659.857143704069,373.837368941203,3.07199491527002
108.209307579793,488.123009496083,4.47041140957396
624.884373232531,89.3908828203421,4.03982597234318
421.435938500085,255.773443078584,3.62393870261942
11.7432296308327,180.499886446303,3.16690712540626
57.2049581594109,123.816338816544,4.08766472032287
607.110734982277,188.68634164604,4.11221415293296
253.656243969917,217.396867565066,3.60723403435142
569.925008713837,437.429623921815,3.90364664354842
298.732120622757,137.77968092769,3.82929992008754
527.031162044706,451.476535569397,3.70633853753724
45.6121441527605,415.904976551311,4.14032900174956
197.401579678574,289.259321919743,3.65545248562119
544.253458785764,259.688448830102,3.46475546253098
173.948169966918,25.4164738392967,4.26469282083818
506.634065448262,352.485330505686,4.5309820862447
33.7654631568982,49.1208999287956,4.22448898746545
530.374481903269,151.901483428849,4.64253842988323
NA,NA,NA
658.864100696786,332.281458579768,3.43605062909797
458.475495629184,296.634256240135,3.54166399605967
11.1258985326478,495.63609346139,3.53958335808862
556.867999147876,50.992862079063,4.19674305131822
74.8238994250063,370.39335113259,4.12918697471496
227.980389290345,416.018879497795,3.88558772220319
427.407393964339,15.0480143175742,3.34876469704586
363.65216507581,291.125833044896,2.90029967933843
606.971966740773,103.733449615765,4.17170222461357
388.506107743397,233.413200111323,4.34409859271962
576.979632002444,406.435426778959,4.76655199398992
141.852794415919,280.044617277793,4.63177163555469
199.326486043763,370.427251185823,4.03014171128998
128.720041168633,409.439096417856,3.48949997981417
624.784875264431,316.88984758732,4.61903943200017
1.39713247221613,151.041138268404,4.18218518021592
542.728618652445,207.842778203743,4.11365445231534
34.1041676365077,492.341512753903,2.94129739439228
275.434066900253,24.9853129467514,3.82932009167819
533.895970636388,392.839578506132,3.45586258377558
78.7923284876064,79.4680754040453,5.22111960185141
1.43731137243866,78.1016275360298,3.44426451276978
593.231642242807,226.272945061296,4.11477819883878
435.687407791983,463.844494069736,4.73763878829104
660.503297214585,375.355001552051,2.99318795689306
109.36999939161,490.553269467205,4.41574207714813
626.909290724733,92.9291177838083,4.07433030451437
418.021571356385,259.242665025449,3.49521109279515
10.7969487703632,184.185922449222,3.18675661911661
62.9258021986866,112.755287280535,4.51228865165011
608.420842223572,189.999161679423,4.45598058239146
248.657733320215,216.983823659778,3.65289332561099
566.589087377452,436.927444602824,4.00030385922274
299.369480776096,136.997852249014,3.91043546199898
524.970111345515,453.393806728281,3.94445047024824
49.7439833870641,422.051710475524,4.01255552059834
190.882882576311,278.545244347723,4.31327457708124
545.850419195512,272.814896179557,3.79875288065925
172.655435099933,32.4896967465121,4.2069328554024
508.718818866414,343.204362727132,4.47406093757453
48.8986184402722,49.9195481953053,3.70689571200614
542.071462612999,156.959891533245,4.63662996048529
NA,NA,NA
658.864100696786,332.281458579768,3.43605062909797
458.475495629184,296.634256240135,3.54166399605967
11.1258985326478,495.63609346139,3.53958335808862
556.867999147876,50.992862079063,4.19674305131822
74.8238994250063,370.39335113259,4.12918697471496
227.980389290345,416.018879497795,3.88558772220319
427.407393964339,15.0480143175742,3.34876469704586
363.65216507581,291.125833044896,2.90029967933843
606.971966740773,103.733449615765,4.17170222461357
388.506107743397,233.413200111323,4.34409859271962
576.979632002444,406.435426778959,4.76655199398992
141.852794415919,280.044617277793,4.63177163555469
199.326486043763,370.427251185823,4.03014171128998
128.720041168633,409.439096417856,3.48949997981417
624.784875264431,316.88984758732,4.61903943200017
1.39713247221613,151.041138268404,4.18218518021592
542.728618652445,207.842778203743,4.11365445231534
34.1041676365077,492.341512753903,2.94129739439228
275.434066900253,24.9853129467514,3.82932009167819
533.895970636388,392.839578506132,3.45586258377558
78.7923284876064,79.4680754040453,5.22111960185141
1.43731137243866,78.1016275360298,3.44426451276978
593.231642242807,226.272945061296,4.11477819883878
435.687407791983,463.844494069736,4.73763878829104
660.503297214585,375.355001552051,2.99318795689306
109.36999939161,490.553269467205,4.41574207714813
626.909290724733,92.9291177838083,4.07433030451437
418.021571356385,259.242665025449,3.49521109279515
10.7969487703632,184.185922449222,3.18675661911661
62.9258021986866,112.755287280535,4.51228865165011
608.420842223572,189.999161679423,4.45598058239146
248.657733320215,216.983823659778,3.65289332561099
566.589087377452,436.927444602824,4.00030385922274
299.369480776096,136.997852249014,3.91043546199898
524.970111345515,453.393806728281,3.94445047024824
49.7439833870641,422.051710475524,4.01255552059834
190.882882576311,278.545244347723,4.31327457708124
545.850419195512,272.814896179557,3.79875288065925
172.655435099933,32.4896967465121,4.2069328554024
508.718818866414,343.204362727132,4.47406093757453
48.8986184402722,49.9195481953053,3.70689571200614
542.071462612999,156.959891533245,4.63662996048529
NA,NA,NA
658.864100696786,332.281458579768,3.43605062909797
458.475495629184,296.634256240135,3.54166399605967
11.1258985326478,495.63609346139,3.53958335808862
556.867999147876,50.992862079063,4.19674305131822
74.8238994250063,370.39335113259,4.12918697471496
227.980389290345,416.018879497795,3.88558772220319
427.407393964339,15.0480143175742,3.34876469704586
363.65216507581,291.125833044896,2.90029967933843
606.971966740773,103.733449615765,4.17170222461357
388.506107743397,233.413200111323,4.34409859271962
576.979632002444,406.435426778959,4.76655199398992
141.852794415919,280.044617277793,4.63177163555469
199.326486043763,370.427251185823,4.03014171128998
128.720041168633,409.439096417856,3.48949997981417
624.784875264431,316.88984758732,4.61903943200017
1.39713247221613,151.041138268404,4.18218518021592
542.728618652445,207.842778203743,4.11365445231534
34.1041676365077,492.341512753903,2.94129739439228
275.434066900253,24.9853129467514,3.82932009167819
533.895970636388,392.839578506132,3.45586258377558
78.7923284876064,79.4680754040453,5.22111960185141
1.43731137243866,78.1016275360298,3.44426451276978
593.231642242807,226.272945061296,4.11477819883878
435.687407791983,463.844494069736,4.73763878829104
660.503297214585,375.355001552051,2.99318795689306
109.36999939161,490.553269467205,4.41574207714813
626.909290724733,92.9291177838083,4.07433030451437
418.021571356385,259.242665025449,3.49521109279515
10.7969487703632,184.185922449222,3.18675661911661
62.9258021986866,112.755287280535,4.51228865165011
608.420842223572,189.999161679423,4.45598058239146
248.657733320215,216.983823659778,3.65289332561099
566.589087377452,436.927444602824,4.00030385922274
299.369480776096,136.997852249014,3.91043546199898
524.970111345515,453.393806728281,3.94445047024824
49.7439833870641,422.051710475524,4.01255552059834
190.882882576311,278.545244347723,4.31327457708124
545.850419195512,272.814896179557,3.79875288065925
172.655435099933,32.4896967465121,4.2069328554024
508.718818866414,343.204362727132,4.47406093757453
48.8986184402722,49.9195481953053,3.70689571200614
542.071462612999,156.959891533245,4.63662996048529
NA,NA,NA
658.864100696786,332.281458579768,3.43605062909797
458.475495629184,296.634256240135,3.54166399605967
11.1258985326478,495.63609346139,3.53958335808862
556.867999147876,50.992862079063,4.19674305131822
74.8238994250063,370.39335113259,4.12918697471496
227.980389290345,416.018879497795,3.88558772220319
427.407393964339,15.0480143175742,3.34876469704586
363.65216507581,291.125833044896,2.90029967933843
606.971966740773,103.733449615765,4.17170222461357
388.506107743397,233.413200111323,4.34409859271962
576.979632002444,406.435426778959,4.76655199398992
141.852794415919,280.044617277793,4.63177163555469
199.326486043763,370.427251185823,4.03014171128998
128.720041168633,409.439096417856,3.48949997981417
624.784875264431,316.88984758732,4.61903943200017
1.39713247221613,151.041138268404,4.18218518021592
542.728618652445,207.842778203743,4.11365445231534
34.1041676365077,492.341512753903,2.94129739439228
275.434066900253,24.9853129467514,3.82932009167819
533.895970636388,392.839578506132,3.45586258377558
78.7923284876064,79.4680754040453,5.22111960185141
1.43731137243866,78.1016275360298,3.44426451276978
593.231642242807,226.272945061296,4.11477819883878
435.687407791983,463.844494069736,4.73763878829104
660.503297214585,375.355001552051,2.99318795689306
109.36999939161,490.553269467205,4.41574207714813
626.909290724733,92.9291177838083,4.07433030451437
418.021571356385,259.242665025449,3.49521109279515
10.7969487703632,184.185922449222,3.18675661911661
62.9258021986866,112.755287280535,4.51228865165011
608.420842223572,189.999161679423,4.45598058239146
248.657733320215,216.983823659778,3.65289332561099
566.589087377452,436.927444602824,4.00030385922274
299.369480776096,136.997852249014,3.91043546199898
524.970111345515,453.393806728281,3.94445047024824
49.7439833870641,422.051710475524,4.01255552059834
190.882882576311,278.545244347723,4.31327457708124
545.850419195512,272.814896179557,3.79875288065925
172.655435099933,32.4896967465121,4.2069328554024
508.718818866414,343.204362727132,4.47406093757453
48.8986184402722,49.9195481953053,3.70689571200614
542.071462612999,156.959891533245,4.63662996048529
NA,NA,NA
658.864100696786,332.281458579768,3.43605062909797
458.475495629184,296.634256240135,3.54166399605967
11.1258985326478,495.63609346139,3.53958335808862
556.867999147876,50.992862079063,4.19674305131822
74.8238994250063,370.39335113259,4.12918697471496
227.980389290345,416.018879497795,3.88558772220319
427.407393964339,15.0480143175742,3.34876469704586
363.65216507581,291.125833044896,2.90029967933843
606.971966740773,103.733449615765,4.17170222461357
388.506107743397,233.413200111323,4.34409859271962
576.979632002444,406.435426778959,4.76655199398992
141.852794415919,280.044617277793,4.63177163555469
199.326486043763,370.427251185823,4.03014171128998
128.720041168633,409.439096417856,3.48949997981417
624.784875264431,316.88984758732,4.61903943200017
1.39713247221613,151.041138268404,4.18218518021592
542.728618652445,207.842778203743,4.11365445231534
34.1041676365077,492.341512753903,2.94129739439228
275.434066900253,24.9853129467514,3.82932009167819
533.895970636388,392.839578506132,3.45586258377558
78.7923284876064,79.4680754040453,5.22111960185141
1.43731137243866,78.1016275360298,3.44426451276978
593.231642242807,226.272945061296,4.11477819883878
435.687407791983,463.844494069736,4.73763878829104
660.503297214585,375.355001552051,2.99318795689306
109.36999939161,490.553269467205,4.41574207714813
626.909290724733,92.9291177838083,4.07433030451437
418.021571356385,259.242665025449,3.49521109279515
10.7969487703632,184.185922449222,3.18675661911661
62.9258021986866,112.755287280535,4.51228865165011
608.420842223572,189.999161679423,4.45598058239146
248.657733320215,216.983823659778,3.65289332561099
566.589087377452,436.927444602824,4.00030385922274
299.369480776096,136.997852249014,3.91043546199898
524.970111345515,453.393806728281,3.94445047024824
49.7439833870641,422.051710475524,4.01255552059834
190.882882576311,278.545244347723,4.31327457708124
545.850419195512,272.814896179557,3.79875288065925
172.655435099933,32.4896967465121,4.2069328554024
508.718818866414,343.204362727132,4.47406093757453
48.8986184402722,49.9195481953053,3.70689571200614
542.071462612999,156.959891533245,4.63662996048529
NA,NA,NA
658.864100696786,332.281458579768,3.43605062909797
458.475495629184,296.634256240135,3.54166399605967
11.1258985326478,495.63609346139,3.53958335808862
556.867999147876,50.992862079063,4.19674305131822
74.8238994250063,370.39335113259,4.12918697471496
227.980389290345,416.018879497795,3.88558772220319
427.407393964339,15.0480143175742,3.34876469704586
363.65216507581,291.125833044896,2.90029967933843
606.971966740773,103.733449615765,4.17170222461357
388.506107743397,233.413200111323,4.34409859271962
576.979632002444,406.435426778959,4.76655199398992
141.852794415919,280.044617277793,4.63177163555469
199.326486043763,370.427251185823,4.03014171128998
128.720041168633,409.439096417856,3.48949997981417
624.784875264431,316.88984758732,4.61903943200017
1.39713247221613,151.041138268404,4.18218518021592
542.728618652445,207.842778203743,4.11365445231534
34.1041676365077,492.341512753903,2.94129739439228
275.434066900253,24.9853129467514,3.82932009167819
533.895970636388,392.839578506132,3.45586258377558
78.7923284876064,79.4680754040453,5.22111960185141
1.43731137243866,78.1016275360298,3.44426451276978
593.231642242807,226.272945061296,4.11477819883878
435.687407791983,463.844494069736,4.73763878829104
660.503297214585,375.355001552051,2.99318795689306
109.36999939161,490.553269467205,4.41574207714813
626.909290724733,92.9291177838083,4.07433030451437
418.021571356385,259.242665025449,3.49521109279515
10.7969487703632,184.185922449222,3.18675661911661
62.9258021986866,112.755287280535,4.51228865165011
608.420842223572,189.999161679423,4.45598058239146
248.657733320215,216.983823659778,3.65289332561099
566.589087377452,436.927444602824,4.00030385922274
299.369480776096,136.997852249014,3.91043546199898
524.970111345515,453.393806728281,3.94445047024824
49.7439833870641,422.051710475524,4.01255552059834
190.882882576311,278.545244347723,4.31327457708124
545.850419195512,272.814896179557,3.79875288065925
172.655435099933,32.4896967465121,4.2069328554024
508.718818866414,343.204362727132,4.47406093757453
48.8986184402722,49.9195481953053,3.70689571200614
542.071462612999,156.959891533245,4.63662996048529
NA,NA,NA
665.463790243331,336.181324782633,3.47745485970737
455.249550829771,297.024748211976,3.63556454105504
11.8222714507531,501.615722109688,3.67633272628104
563.204119051427,53.5055786415141,4.15934275709546
73.0837491824209,379.883149291545,3.99679802768257
225.824203480226,414.964897427622,3.87382712082772
429.340181474947,12.0320871893733,3.06086718271308
362.699399609103,289.88694831184,2.94396348839924
601.349539319973,110.80015783218,4.23275434720883
392.248794128346,230.762573458422,4.14125423447041
572.102896961733,410.063286613885,4.80662289411149
144.10656682243,279.59706628407,4.64111864717327
199.582918664879,370.929252364438,4.03050306071011
128.054167043053,412.551529768178,3.40562995824291
625.260910857559,310.740120107056,4.54920451482496
2.32937527064573,142.734701682143,4.27750041442934
540.068577639904,205.513293865893,4.24528101864065
34.4423383129649,492.92309521673,3.04472722722861
281.356165715063,22.5856766906022,3.84905541473263
529.510190486473,397.016483956296,3.26059857908108
71.9520414669027,81.2813567162337,5.22415930540741
3.77427599628806,78.8603938864225,3.49598525652599
591.810092958985,224.021603704592,3.97204921549461
444.324422072431,459.576406788178,4.75171274712019
658.581512621524,372.767167502048,3.01202554020054
100.758125874868,488.440937566225,4.26246979594843
627.176701662362,87.3050760126694,4.04178209754489
420.172465481483,255.411364747592,3.61820029247721
12.4233731504788,180.581939019193,3.13452805279532
67.8346002782918,114.074456121102,4.271917733047
614.184115393457,187.864989917746,4.35624431864569
252.773007542127,215.732230784405,3.65158207466439
580.122225518906,429.335700840643,4.08934357122193
306.769544567665,136.716522708565,3.86908332125992
525.452772136994,460.069195644782,3.41922430949538
49.7797109262858,411.463923878761,3.7420832798979
187.012952130394,282.0951698801,4.17997936610193
544.318298174305,257.383221648628,3.72769862942173
171.760306704568,31.0289374445876,4.27421173418564
492.44314641774,345.630049666913,4.36885230976147
31.7475507375304,50.9918901962713,3.66862077997482
538.803968517995,147.454379868241,4.63291048641908
NA,NA,NA
665.463790243331,336.181324782633,3.47745485970737
455.249550829771,297.024748211976,3.63556454105504
11.8222714507531,501.615722109688,3.67633272628104
563.204119051427,53.5055786415141,4.15934275709546
73.0837491824209,379.883149291545,3.99679802768257
225.824203480226,414.964897427622,3.87382712082772
429.340181474947,12.0320871893733,3.06086718271308
362.699399609103,289.88694831184,2.94396348839924
601.349539319973,110.80015783218,4.23275434720883
392.248794128346,230.762573458422,4.14125423447041
572.102896961733,410.063286613885,4.80662289411149
144.10656682243,279.59706628407,4.64111864717327
199.582918664879,370.929252364438,4.03050306071011
128.054167043053,412.551529768178,3.40562995824291
625.260910857559,310.740120107056,4.54920451482496
2.32937527064573,142.734701682143,4.27750041442934
540.068577639904,205.513293865893,4.24528101864065
34.4423383129649,492.92309521673,3.04472722722861
281.356165715063,22.5856766906022,3.84905541473263
529.510190486473,397.016483956296,3.26059857908108
71.9520414669027,81.2813567162337,5.22415930540741
3.77427599628806,78.8603938864225,3.49598525652599
591.810092958985,224.021603704592,3.97204921549461
444.324422072431,459.576406788178,4.75171274712019
658.581512621524,372.767167502048,3.01202554020054
100.758125874868,488.440937566225,4.26246979594843
627.176701662362,87.3050760126694,4.04178209754489
420.172465481483,255.411364747592,3.61820029247721
12.4233731504788,180.581939019193,3.13452805279532
67.8346002782918,114.074456121102,4.271917733047
614.184115393457,187.864989917746,4.35624431864569
252.773007542127,215.732230784405,3.65158207466439
580.122225518906,429.335700840643,4.08934357122193
306.769544567665,136.716522708565,3.86908332125992
525.452772136994,460.069195644782,3.41922430949538
49.7797109262858,411.463923878761,3.7420832798979
187.012952130394,282.0951698801,4.17997936610193
544.318298174305,257.383221648628,3.72769862942173
171.760306704568,31.0289374445876,4.27421173418564
492.44314641774,345.630049666913,4.36885230976147
31.7475507375304,50.9918901962713,3.66862077997482
538.803968517995,147.454379868241,4.63291048641908
NA,NA,NA
665.463790243331,336.181324782633,3.47745485970737
455.249550829771,297.024748211976,3.63556454105504
11.8222714507531,501.615722109688,3.67633272628104
563.204119051427,53.5055786415141,4.15934275709546
73.0837491824209,379.883149291545,3.99679802768257
225.824203480226,414.964897427622,3.87382712082772
429.340181474947,12.0320871893733,3.06086718271308
362.699399609103,289.88694831184,2.94396348839924
601.349539319973,110.80015783218,4.23275434720883
392.248794128346,230.762573458422,4.14125423447041
572.102896961733,410.063286613885,4.80662289411149
144.10656682243,279.59706628407,4.64111864717327
199.582918664879,370.929252364438,4.03050306071011
128.054167043053,412.551529768178,3.40562995824291
625.260910857559,310.740120107056,4.54920451482496
2.32937527064573,142.734701682143,4.27750041442934
540.068577639904,205.513293865893,4.24528101864065
34.4423383129649,492.92309521673,3.04472722722861
281.356165715063,22.5856766906022,3.84905541473263
529.510190486473,397.016483956296,3.26059857908108
71.9520414669027,81.2813567162337,5.22415930540741
3.77427599628806,78.8603938864225,3.49598525652599
591.810092958985,224.021603704592,3.97204921549461
444.324422072431,459.576406788178,4.75171274712019
658.581512621524,372.767167502048,3.01202554020054
100.758125874868,488.440937566225,4.26246979594843
627.176701662362,87.3050760126694,4.04178209754489
420.172465481483,255.411364747592,3.61820029247721
12.4233731504788,180.581939019193,3.13452805279532
67.8346002782918,114.074456121102,4.271917733047
614.184115393457,187.864989917746,4.35624431864569
252.773007542127,215.732230784405,3.65158207466439
580.122225518906,429.335700840643,4.08934357122193
306.769544567665,136.716522708565,3.86908332125992
525.452772136994,460.069195644782,3.41922430949538
49.7797109262858,411.463923878761,3.7420832798979
187.012952130394,282.0951698801,4.17997936610193
544.318298174305,257.383221648628,3.72769862942173
171.760306704568,31.0289374445876,4.27421173418564
492.44314641774,345.630049666913,4.36885230976147
31.7475507375304,50.9918901962713,3.66862077997482
538.803968517995,147.454379868241,4.63291048641908
NA,NA,NA
665.463790243331,336.181324782633,3.47745485970737
455.249550829771,297.024748211976,3.63556454105504
11.8222714507531,501.615722109688,3.67633272628104
563.204119051427,53.5055786415141,4.15934275709546
73.0837491824209,379.883149291545,3.99679802768257
225.824203480226,414.964897427622,3.87382712082772
429.340181474947,12.0320871893733,3.06086718271308
362.699399609103,289.88694831184,2.94396348839924
601.349539319973,110.80015783218,4.23275434720883
392.248794128346,230.762573458422,4.14125423447041
572.102896961733,410.063286613885,4.80662289411149
144.10656682243,279.59706628407,4.64111864717327
199.582918664879,370.929252364438,4.03050306071011
128.054167043053,412.551529768178,3.40562995824291
625.260910857559,310.740120107056,4.54920451482496
2.32937527064573,142.734701682143,4.27750041442934
540.068577639904,205.513293865893,4.24528101864065
34.4423383129649,492.92309521673,3.04472722722861
281.356165715063,22.5856766906022,3.84905541473263
529.510190486473,397.016483956296,3.26059857908108
71.9520414669027,81.2813567162337,5.22415930540741
3.77427599628806,78.8603938864225,3.49598525652599
591.810092958985,224.021603704592,3.97204921549461
444.324422072431,459.576406788178,4.75171274712019
658.581512621524,372.767167502048,3.01202554020054
100.758125874868,488.440937566225,4.26246979594843
627.176701662362,87.3050760126694,4.04178209754489
420.172465481483,255.411364747592,3.61820029247721
12.4233731504788,180.581939019193,3.13452805279532
67.8346002782918,114.074456121102,4.271917733047
614.184115393457,187.864989917746,4.35624431864569
252.773007542127,215.732230784405,3.65158207466439
580.122225518906,429.335700840643,4.08934357122193
306.769544567665,136.716522708565,3.86908332125992
525.452772136994,460.069195644782,3.41922430949538
49.7797109262858,411.463923878761,3.7420832798979
187.012952130394,282.0951698801,4.17997936610193
544.318298174305,257.383221648628,3.72769862942173
171.760306704568,31.0289374445876,4.27421173418564
492.44314641774,345.630049666913,4.36885230976147
31.7475507375304,50.9918901962713,3.66862077997482
538.803968517995,147.454379868241,4.63291048641908
NA,NA,NA
665.463790243331,336.181324782633,3.47745485970737
455.249550829771,297.024748211976,3.63556454105504
11.8222714507531,501.615722109688,3.67633272628104
563.204119051427,53.5055786415141,4.15934275709546
73.0837491824209,379.883149291545,3.99679802768257
225.824203480226,414.964897427622,3.87382712082772
429.340181474947,12.0320871893733,3.06086718271308
362.699399609103,289.88694831184,2.94396348839924
601.349539319973,110.80015783218,4.23275434720883
392.248794128346,230.762573458422,4.14125423447041
572.102896961733,410.063286613885,4.80662289411149
144.10656682243,279.59706628407,4.64111864717327
199.582918664879,370.929252364438,4.03050306071011
128.054167043053,412.551529768178,3.40562995824291
625.260910857559,310.740120107056,4.54920451482496
2.32937527064573,142.734701682143,4.27750041442934
540.068577639904,205.513293865893,4.24528101864065
34.4423383129649,492.92309521673,3.04472722722861
281.356165715063,22.5856766906022,3.84905541473263
529.510190486473,397.016483956296,3.26059857908108
71.9520414669027,81.2813567162337,5.22415930540741
3.77427599628806,78.8603938864225,3.49598525652599
591.810092958985,224.021603704592,3.97204921549461
444.324422072431,459.576406788178,4.75171274712019
658.581512621524,372.767167502048,3.01202554020054
100.758125874868,488.440937566225,4.26246979594843
627.176701662362,87.3050760126694,4.04178209754489
420.172465481483,255.411364747592,3.61820029247721
12.4233731504788,180.581939019193,3.13452805279532
67.8346002782918,114.074456121102,4.271917733047
614.184115393457,187.864989917746,4.35624431864569
252.773007542127,215.732230784405,3.65158207466439
580.122225518906,429.335700840643,4.08934357122193
306.769544567665,136.716522708565,3.86908332125992
525.452772136994,460.069195644782,3.41922430949538
49.7797109262858,411.463923878761,3.7420832798979
187.012952130394,282.0951698801,4.17997936610193
544.318298174305,257.383221648628,3.72769862942173
171.760306704568,31.0289374445876,4.27421173418564
492.44314641774,345.630049666913,4.36885230976147
31.7475507375304,50.9918901962713,3.66862077997482
538.803968517995,147.454379868241,4.63291048641908
NA,NA,NA
665.463790243331,336.181324782633,3.47745485970737
455.249550829771,297.024748211976,3.63556454105504
11.8222714507531,501.615722109688,3.67633272628104
563.204119051427,53.5055786415141,4.15934275709546
73.0837491824209,379.883149291545,3.99679802768257
225.824203480226,414.964897427622,3.87382712082772
429.340181474947,12.0320871893733,3.06086718271308
362.699399609103,289.88694831184,2.94396348839924
601.349539319973,110.80015783218,4.23275434720883
392.248794128346,230.762573458422,4.14125423447041
572.102896961733,410.063286613885,4.80662289411149
144.10656682243,279.59706628407,4.64111864717327
199.582918664879,370.929252364438,4.03050306071011
128.054167043053,412.551529768178,3.40562995824291
625.260910857559,310.740120107056,4.54920451482496
2.32937527064573,142.734701682143,4.27750041442934
540.068577639904,205.513293865893,4.24528101864065
34.4423383129649,492.92309521673,3.04472722722861
281.356165715063,22.5856766906022,3.84905541473263
529.510190486473,397.016483956296,3.26059857908108
71.9520414669027,81.2813567162337,5.22415930540741
3.77427599628806,78.8603938864225,3.49598525652599
591.810092958985,224.021603704592,3.97204921549461
444.324422072431,459.576406788178,4.75171274712019
658.581512621524,372.767167502048,3.01202554020054
100.758125874868,488.440937566225,4.26246979594843
627.176701662362,87.3050760126694,4.04178209754489
420.172465481483,255.411364747592,3.61820029247721
12.4233731504788,180.581939019193,3.13452805279532
67.8346002782918,114.074456121102,4.271917733047
614.184115393457,187.864989917746,4.35624431864569
252.773007542127,215.732230784405,3.65158207466439
580.122225518906,429.335700840643,4.08934357122193
306.769544567665,136.716522708565,3.86908332125992
525.452772136994,460.069195644782,3.41922430949538
49.7797109262858,411.463923878761,3.7420832798979
187.012952130394,282.0951698801,4.17997936610193
544.318298174305,257.383221648628,3.72769862942173
171.760306704568,31.0289374445876,4.27421173418564
492.44314641774,345.630049666913,4.36885230976147
31.7475507375304,50.9918901962713,3.66862077997482
538.803968517995,147.454379868241,4.63291048641908
NA,NA,NA
662.313537157056,333.031034534206,3.53671892916661
454.096895477845,297.974534066021,3.77467612902475
12.6918339609821,494.103714945161,3.66248748987909
559.606182344088,48.2555923175448,4.28823301620246
77.6169040135419,373.690997236047,3.97786053231503
227.268528568607,415.680388404274,3.87182144693504
426.069509344272,11.7688988044225,3.16058181290823
364.184883329385,292.308920970364,2.99298929121647
601.701998568181,105.681597290385,4.1365102725479
394.935235952582,229.104060096713,4.20111542961074
574.659131665579,409.853179330997,4.76803595421185
143.440522638931,285.950214176756,4.67834060737545
202.234816010135,371.450969529805,3.98726213593281
124.476949334961,409.921484406606,3.36197381876167
627.809180472128,312.158828244439,4.60081969226437
4.795735063292,147.23695865292,4.31117039313567
542.57296619245,203.602670931579,4.04797857572686
31.0871340375934,490.76979649672,3.02571554866063
280.371555875868,27.8507621652741,3.94616629307752
530.634887918356,389.623000869284,3.22904296504421
77.9077738209132,70.2624142737463,5.20824746010008
-0.548395692242328,75.0200390576242,3.44364842167062
591.64976113375,225.412242594728,3.99750426541997
435.628796308752,455.49846054678,4.80685997969541
657.057730773508,374.180503196283,3.09077476339416
110.650287351485,488.798903154746,4.22336973237909
624.67666391223,88.5651681783015,4.06867757972664
419.2687625297,260.294280333405,3.62799013405475
13.5166810407944,180.862044546133,3.17991154860711
67.1764536469151,123.09940553364,4.43262904092513
612.922157159356,201.910660251387,4.21473776187036
254.123639304552,223.855455136104,3.78012733040135
577.32090360885,438.174381084505,3.75171758035635
306.14232648161,137.828940668498,3.83617008980616
532.648871417586,461.112145539159,3.58192715157505
50.9993268683968,418.740150883457,4.24590639174615
199.148938728008,285.104455809019,4.21861963983549
556.707544030562,264.096814149476,3.83439653873236
195.789327524528,19.9040789375598,4.54466552633291
497.069916751751,339.603343547916,4.71347398319648
40.7021745247229,50.6318692673059,3.24409205396
537.98104591062,161.744591249813,4.42893975219402
NA,NA,NA
662.313537157056,333.031034534206,3.53671892916661
454.096895477845,297.974534066021,3.77467612902475
12.6918339609821,494.103714945161,3.66248748987909
559.606182344088,48.2555923175448,4.28823301620246
77.6169040135419,373.690997236047,3.97786053231503
227.268528568607,415.680388404274,3.87182144693504
426.069509344272,11.7688988044225,3.16058181290823
364.184883329385,292.308920970364,2.99298929121647
601.701998568181,105.681597290385,4.1365102725479
394.935235952582,229.104060096713,4.20111542961074
574.659131665579,409.853179330997,4.76803595421185
143.440522638931,285.950214176756,4.67834060737545
202.234816010135,371.450969529805,3.98726213593281
124.476949334961,409.921484406606,3.36197381876167
627.809180472128,312.158828244439,4.60081969226437
4.795735063292,147.23695865292,4.31117039313567
542.57296619245,203.602670931579,4.04797857572686
31.0871340375934,490.76979649672,3.02571554866063
280.371555875868,27.8507621652741,3.94616629307752
530.634887918356,389.623000869284,3.22904296504421
77.9077738209132,70.2624142737463,5.20824746010008
-0.548395692242328,75.0200390576242,3.44364842167062
591.64976113375,225.412242594728,3.99750426541997
435.628796308752,455.49846054678,4.80685997969541
657.057730773508,374.180503196283,3.09077476339416
110.650287351485,488.798903154746,4.22336973237909
624.67666391223,88.5651681783015,4.06867757972664
419.2687625297,260.294280333405,3.62799013405475
13.5166810407944,180.862044546133,3.17991154860711
67.1764536469151,123.09940553364,4.43262904092513
612.922157159356,201.910660251387,4.21473776187036
254.123639304552,223.855455136104,3.78012733040135
577.32090360885,438.174381084505,3.75171758035635
306.14232648161,137.828940668498,3.83617008980616
532.648871417586,461.112145539159,3.58192715157505
50.9993268683968,418.740150883457,4.24590639174615
199.148938728008,285.104455809019,4.21861963983549
556.707544030562,264.096814149476,3.83439653873236
195.789327524528,19.9040789375598,4.54466552633291
497.069916751751,339.603343547916,4.71347398319648
40.7021745247229,50.6318692673059,3.24409205396
537.98104591062,161.744591249813,4.42893975219402
NA,NA,NA
662.313537157056,333.031034534206,3.53671892916661
454.096895477845,297.974534066021,3.77467612902475
12.6918339609821,494.103714945161,3.66248748987909
559.606182344088,48.2555923175448,4.28823301620246
77.6169040135419,373.690997236047,3.97786053231503
227.268528568607,415.680388404274,3.87182144693504
426.069509344272,11.7688988044225,3.16058181290823
364.184883329385,292.308920970364,2.99298929121647
601.701998568181,105.681597290385,4.1365102725479
394.935235952582,229.104060096713,4.20111542961074
574.659131665579,409.853179330997,4.76803595421185
143.440522638931,285.950214176756,4.67834060737545
202.234816010135,371.450969529805,3.98726213593281
124.476949334961,409.921484406606,3.36197381876167
627.809180472128,312.158828244439,4.60081969226437
4.795735063292,147.23695865292,4.31117039313567
542.57296619245,203.602670931579,4.04797857572686
31.0871340375934,490.76979649672,3.02571554866063
280.371555875868,27.8507621652741,3.94616629307752
530.634887918356,389.623000869284,3.22904296504421
77.9077738209132,70.2624142737463,5.20824746010008
-0.548395692242328,75.0200390576242,3.44364842167062
591.64976113375,225.412242594728,3.99750426541997
435.628796308752,455.49846054678,4.80685997969541
657.057730773508,374.180503196283,3.09077476339416
110.650287351485,488.798903154746,4.22336973237909
624.67666391223,88.5651681783015,4.06867757972664
419.2687625297,260.294280333405,3.62799013405475
13.5166810407944,180.862044546133,3.17991154860711
67.1764536469151,123.09940553364,4.43262904092513
612.922157159356,201.910660251387,4.21473776187036
254.123639304552,223.855455136104,3.78012733040135
577.32090360885,438.174381084505,3.75171758035635
306.14232648161,137.828940668498,3.83617008980616
532.648871417586,461.112145539159,3.58192715157505
50.9993268683968,418.740150883457,4.24590639174615
199.148938728008,285.104455809019,4.21861963983549
556.707544030562,264.096814149476,3.83439653873236
195.789327524528,19.9040789375598,4.54466552633291
497.069916751751,339.603343547916,4.71347398319648
40.7021745247229,50.6318692673059,3.24409205396
537.98104591062,161.744591249813,4.42893975219402
NA,NA,NA
662.313537157056,333.031034534206,3.53671892916661
454.096895477845,297.974534066021,3.77467612902475
12.6918339609821,494.103714945161,3.66248748987909
559.606182344088,48.2555923175448,4.28823301620246
77.6169040135419,373.690997236047,3.97786053231503
227.268528568607,415.680388404274,3.87182144693504
426.069509344272,11.7688988044225,3.16058181290823
364.184883329385,292.308920970364,2.99298929121647
601.701998568181,105.681597290385,4.1365102725479
394.935235952582,229.104060096713,4.20111542961074
574.659131665579,409.853179330997,4.76803595421185
143.440522638931,285.950214176756,4.67834060737545
202.234816010135,371.450969529805,3.98726213593281
124.476949334961,409.921484406606,3.36197381876167
627.809180472128,312.158828244439,4.60081969226437
4.795735063292,147.23695865292,4.31117039313567
542.57296619245,203.602670931579,4.04797857572686
31.0871340375934,490.76979649672,3.02571554866063
280.371555875868,27.8507621652741,3.94616629307752
530.634887918356,389.623000869284,3.22904296504421
77.9077738209132,70.2624142737463,5.20824746010008
-0.548395692242328,75.0200390576242,3.44364842167062
591.64976113375,225.412242594728,3.99750426541997
435.628796308752,455.49846054678,4.80685997969541
657.057730773508,374.180503196283,3.09077476339416
110.650287351485,488.798903154746,4.22336973237909
624.67666391223,88.5651681783015,4.06867757972664
419.2687625297,260.294280333405,3.62799013405475
13.5166810407944,180.862044546133,3.17991154860711
67.1764536469151,123.09940553364,4.43262904092513
612.922157159356,201.910660251387,4.21473776187036
254.123639304552,223.855455136104,3.78012733040135
577.32090360885,438.174381084505,3.75171758035635
306.14232648161,137.828940668498,3.83617008980616
532.648871417586,461.112145539159,3.58192715157505
50.9993268683968,418.740150883457,4.24590639174615
199.148938728008,285.104455809019,4.21861963983549
556.707544030562,264.096814149476,3.83439653873236
195.789327524528,19.9040789375598,4.54466552633291
497.069916751751,339.603343547916,4.71347398319648
40.7021745247229,50.6318692673059,3.24409205396
537.98104591062,161.744591249813,4.42893975219402
NA,NA,NA
662.313537157056,333.031034534206,3.53671892916661
454.096895477845,297.974534066021,3.77467612902475
12.6918339609821,494.103714945161,3.66248748987909
559.606182344088,48.2555923175448,4.28823301620246
77.6169040135419,373.690997236047,3.97786053231503
227.268528568607,415.680388404274,3.87182144693504
426.069509344272,11.7688988044225,3.16058181290823
364.184883329385,292.308920970364,2.99298929121647
601.701998568181,105.681597290385,4.1365102725479
394.935235952582,229.104060096713,4.20111542961074
574.659131665579,409.853179330997,4.76803595421185
143.440522638931,285.950214176756,4.67834060737545
202.234816010135,371.450969529805,3.98726213593281
124.476949334961,409.921484406606,3.36197381876167
627.809180472128,312.158828244439,4.60081969226437
4.795735063292,147.23695865292,4.31117039313567
542.57296619245,203.602670931579,4.04797857572686
31.0871340375934,490.76979649672,3.02571554866063
280.371555875868,27.8507621652741,3.94616629307752
530.634887918356,389.623000869284,3.22904296504421
77.9077738209132,70.2624142737463,5.20824746010008
-0.548395692242328,75.0200390576242,3.44364842167062
591.64976113375,225.412242594728,3.99750426541997
435.628796308752,455.49846054678,4.80685997969541
657.057730773508,374.180503196283,3.09077476339416
110.650287351485,488.798903154746,4.22336973237909
624.67666391223,88.5651681783015,4.06867757972664
419.2687625297,260.294280333405,3.62799013405475
13.5166810407944,180.862044546133,3.17991154860711
67.1764536469151,123.09940553364,4.43262904092513
612.922157159356,201.910660251387,4.21473776187036
254.123639304552,223.855455136104,3.78012733040135
577.32090360885,438.174381084505,3.75171758035635
306.14232648161,137.828940668498,3.83617008980616
532.648871417586,461.112145539159,3.58192715157505
50.9993268683968,418.740150883457,4.24590639174615
199.148938728008,285.104455809019,4.21861963983549
556.707544030562,264.096814149476,3.83439653873236
195.789327524528,19.9040789375598,4.54466552633291
497.069916751751,339.603343547916,4.71347398319648
40.7021745247229,50.6318692673059,3.24409205396
537.98104591062,161.744591249813,4.42893975219402
NA,NA,NA
662.313537157056,333.031034534206,3.53671892916661
454.096895477845,297.974534066021,3.77467612902475
12.6918339609821,494.103714945161,3.66248748987909
559.606182344088,48.2555923175448,4.28823301620246
77.6169040135419,373.690997236047,3.97786053231503
227.268528568607,415.680388404274,3.87182144693504
426.069509344272,11.7688988044225,3.16058181290823
364.184883329385,292.308920970364,2.99298929121647
601.701998568181,105.681597290385,4.1365102725479
394.935235952582,229.104060096713,4.20111542961074
574.659131665579,409.853179330997,4.76803595421185
143.440522638931,285.950214176756,4.67834060737545
202.234816010135,371.450969529805,3.98726213593281
124.476949334961,409.921484406606,3.36197381876167
627.809180472128,312.158828244439,4.60081969226437
4.795735063292,147.23695865292,4.31117039313567
542.57296619245,203.602670931579,4.04797857572686
31.0871340375934,490.76979649672,3.02571554866063
280.371555875868,27.8507621652741,3.94616629307752
530.634887918356,389.623000869284,3.22904296504421
77.9077738209132,70.2624142737463,5.20824746010008
-0.548395692242328,75.0200390576242,3.44364842167062
591.64976113375,225.412242594728,3.99750426541997
435.628796308752,455.49846054678,4.80685997969541
657.057730773508,374.180503196283,3.09077476339416
110.650287351485,488.798903154746,4.22336973237909
624.67666391223,88.5651681783015,4.06867757972664
419.2687625297,260.294280333405,3.62799013405475
13.5166810407944,180.862044546133,3.17991154860711
67.1764536469151,123.09940553364,4.43262904092513
612.922157159356,201.910660251387,4.21473776187036
254.123639304552,223.855455136104,3.78012733040135
577.32090360885,438.174381084505,3.75171758035635
306.14232648161,137.828940668498,3.83617008980616
532.648871417586,461.112145539159,3.58192715157505
50.9993268683968,418.740150883457,4.24590639174615
199.148938728008,285.104455809019,4.21861963983549
556.707544030562,264.096814149476,3.83439653873236
195.789327524528,19.9040789375598,4.54466552633291
497.069916751751,339.603343547916,4.71347398319648
40.7021745247229,50.6318692673059,3.24409205396
537.98104591062,161.744591249813,4.42893975219402
NA,NA,NA
664.751424736273,334.060189162575,3.44229967008697
453.644431861905,298.300261939698,3.45085930934823
14.2759119270972,492.081193937566,3.57782809859466
557.985279077582,53.8045241314742,4.24959241994523
68.7778215521335,376.253172318524,3.92268900297958
228.342088727591,410.696174811141,3.86254489463749
430.900370060856,11.2329459423391,3.2683187960398
362.027623064787,291.675545847762,3.04587783996219
604.199793915511,103.997499508087,4.25746994153701
393.216410147353,226.685617921118,4.14220120370399
565.00239011453,408.817688394885,4.76959699321778
137.593022172832,281.168808717065,4.49282351121447
198.467897282391,369.329195683217,4.06821986729348
122.432878480471,412.676338832333,3.43127980003072
627.733020748647,311.165996562007,4.52894275640528
2.97017008267094,145.957742851023,4.26435874879294
545.962976660924,206.575701328209,4.19281323969374
35.4068713014568,491.156082658383,3.03638363696508
276.762760536591,24.4703387022752,3.72636739782577
535.962243721036,395.414409926844,3.24560253771976
72.9191797209805,81.9024213844202,5.23039402516065
5.43054016437427,75.9883078312845,3.61049492790678
586.615048856794,226.154521405587,3.99382680491039
439.22392982525,460.944971126084,4.81785317556643
658.68977387281,370.929660243695,3.07010468456504
108.526046360849,492.541899499568,4.2809111637728
623.686688841519,88.6962442057513,4.10423449384214
422.188986329437,260.387565619614,3.58459744267166
12.6060299999966,180.820851266904,3.32029659699727
59.1089712793912,117.900613653615,4.42272028772378
602.943961602561,206.100038988786,4.25470102569251
254.022689314021,209.772459303748,3.38002463372941
562.037151882833,430.119431714937,3.91974080356534
306.09893123015,134.55129081493,3.9547115829515
533.529216090083,454.57036421844,3.37616019261713
40.9741702678941,434.223882038162,3.60874970656515
196.654555405631,293.103507625387,4.21310524856216
553.291109669805,261.419527211562,3.57014094705932
189.799345974483,38.5417194666927,4.35789987829934
511.730147817011,344.024050650837,4.57499135672391
34.7301385700867,42.4564842456428,3.45332841635979
532.099465012891,157.551521666703,4.45708777449769
NA,NA,NA
664.751424736273,334.060189162575,3.44229967008697
453.644431861905,298.300261939698,3.45085930934823
14.2759119270972,492.081193937566,3.57782809859466
557.985279077582,53.8045241314742,4.24959241994523
68.7778215521335,376.253172318524,3.92268900297958
228.342088727591,410.696174811141,3.86254489463749
430.900370060856,11.2329459423391,3.2683187960398
362.027623064787,291.675545847762,3.04587783996219
604.199793915511,103.997499508087,4.25746994153701
393.216410147353,226.685617921118,4.14220120370399
565.00239011453,408.817688394885,4.76959699321778
137.593022172832,281.168808717065,4.49282351121447
198.467897282391,369.329195683217,4.06821986729348
122.432878480471,412.676338832333,3.43127980003072
627.733020748647,311.165996562007,4.52894275640528
2.97017008267094,145.957742851023,4.26435874879294
545.962976660924,206.575701328209,4.19281323969374
35.4068713014568,491.156082658383,3.03638363696508
276.762760536591,24.4703387022752,3.72636739782577
535.962243721036,395.414409926844,3.24560253771976
72.9191797209805,81.9024213844202,5.23039402516065
5.43054016437427,75.9883078312845,3.61049492790678
586.615048856794,226.154521405587,3.99382680491039
439.22392982525,460.944971126084,4.81785317556643
658.68977387281,370.929660243695,3.07010468456504
108.526046360849,492.541899499568,4.2809111637728
623.686688841519,88.6962442057513,4.10423449384214
422.188986329437,260.387565619614,3.58459744267166
12.6060299999966,180.820851266904,3.32029659699727
59.1089712793912,117.900613653615,4.42272028772378
602.943961602561,206.100038988786,4.25470102569251
254.022689314021,209.772459303748,3.38002463372941
562.037151882833,430.119431714937,3.91974080356534
306.09893123015,134.55129081493,3.9547115829515
533.529216090083,454.57036421844,3.37616019261713
40.9741702678941,434.223882038162,3.60874970656515
196.654555405631,293.103507625387,4.21310524856216
553.291109669805,261.419527211562,3.57014094705932
189.799345974483,38.5417194666927,4.35789987829934
511.730147817011,344.024050650837,4.57499135672391
34.7301385700867,42.4564842456428,3.45332841635979
532.099465012891,157.551521666703,4.45708777449769
NA,NA,NA
664.751424736273,334.060189162575,3.44229967008697
453.644431861905,298.300261939698,3.45085930934823
14.2759119270972,492.081193937566,3.57782809859466
557.985279077582,53.8045241314742,4.24959241994523
68.7778215521335,376.253172318524,3.92268900297958
228.342088727591,410.696174811141,3.86254489463749
430.900370060856,11.2329459423391,3.2683187960398
362.027623064787,291.675545847762,3.04587783996219
604.199793915511,103.997499508087,4.25746994153701
393.216410147353,226.685617921118,4.14220120370399
565.00239011453,408.817688394885,4.76959699321778
137.593022172832,281.168808717065,4.49282351121447
198.467897282391,369.329195683217,4.06821986729348
122.432878480471,412.676338832333,3.43127980003072
627.733020748647,311.165996562007,4.52894275640528
2.97017008267094,145.957742851023,4.26435874879294
545.962976660924,206.575701328209,4.19281323969374
35.4068713014568,491.156082658383,3.03638363696508
276.762760536591,24.4703387022752,3.72636739782577
535.962243721036,395.414409926844,3.24560253771976
72.9191797209805,81.9024213844202,5.23039402516065
5.43054016437427,75.9883078312845,3.61049492790678
586.615048856794,226.154521405587,3.99382680491039
439.22392982525,460.944971126084,4.81785317556643
658.68977387281,370.929660243695,3.07010468456504
108.526046360849,492.541899499568,4.2809111637728
623.686688841519,88.6962442057513,4.10423449384214
422.188986329437,260.387565619614,3.58459744267166
12.6060299999966,180.820851266904,3.32029659699727
59.1089712793912,117.900613653615,4.42272028772378
602.943961602561,206.100038988786,4.25470102569251
254.022689314021,209.772459303748,3.38002463372941
562.037151882833,430.119431714937,3.91974080356534
306.09893123015,134.55129081493,3.9547115829515
533.529216090083,454.57036421844,3.37616019261713
40.9741702678941,434.223882038162,3.60874970656515
196.654555405631,293.103507625387,4.21310524856216
553.291109669805,261.419527211562,3.57014094705932
189.799345974483,38.5417194666927,4.35789987829934
511.730147817011,344.024050650837,4.57499135672391
34.7301385700867,42.4564842456428,3.45332841635979
532.099465012891,157.551521666703,4.45708777449769
NA,NA,NA
664.751424736273,334.060189162575,3.44229967008697
453.644431861905,298.300261939698,3.45085930934823
14.2759119270972,492.081193937566,3.57782809859466
557.985279077582,53.8045241314742,4.24959241994523
68.7778215521335,376.253172318524,3.92268900297958
228.342088727591,410.696174811141,3.86254489463749
430.900370060856,11.2329459423391,3.2683187960398
362.027623064787,291.675545847762,3.04587783996219
604.199793915511,103.997499508087,4.25746994153701
393.216410147353,226.685617921118,4.14220120370399
565.00239011453,408.817688394885,4.76959699321778
137.593022172832,281.168808717065,4.49282351121447
198.467897282391,369.329195683217,4.06821986729348
122.432878480471,412.676338832333,3.43127980003072
627.733020748647,311.165996562007,4.52894275640528
2.97017008267094,145.957742851023,4.26435874879294
545.962976660924,206.575701328209,4.19281323969374
35.4068713014568,491.156082658383,3.03638363696508
276.762760536591,24.4703387022752,3.72636739782577
535.962243721036,395.414409926844,3.24560253771976
72.9191797209805,81.9024213844202,5.23039402516065
5.43054016437427,75.9883078312845,3.61049492790678
586.615048856794,226.154521405587,3.99382680491039
439.22392982525,460.944971126084,4.81785317556643
658.68977387281,370.929660243695,3.07010468456504
108.526046360849,492.541899499568,4.2809111637728
623.686688841519,88.6962442057513,4.10423449384214
422.188986329437,260.387565619614,3.58459744267166
12.6060299999966,180.820851266904,3.32029659699727
59.1089712793912,117.900613653615,4.42272028772378
602.943961602561,206.100038988786,4.25470102569251
254.022689314021,209.772459303748,3.38002463372941
562.037151882833,430.119431714937,3.91974080356534
306.09893123015,134.55129081493,3.9547115829515
533.529216090083,454.57036421844,3.37616019261713
40.9741702678941,434.223882038162,3.60874970656515
196.654555405631,293.103507625387,4.21310524856216
553.291109669805,261.419527211562,3.57014094705932
189.799345974483,38.5417194666927,4.35789987829934
511.730147817011,344.024050650837,4.57499135672391
34.7301385700867,42.4564842456428,3.45332841635979
532.099465012891,157.551521666703,4.45708777449769
NA,NA,NA
664.751424736273,334.060189162575,3.44229967008697
453.644431861905,298.300261939698,3.45085930934823
14.2759119270972,492.081193937566,3.57782809859466
557.985279077582,53.8045241314742,4.24959241994523
68.7778215521335,376.253172318524,3.92268900297958
228.342088727591,410.696174811141,3.86254489463749
430.900370060856,11.2329459423391,3.2683187960398
362.027623064787,291.675545847762,3.04587783996219
604.199793915511,103.997499508087,4.25746994153701
393.216410147353,226.685617921118,4.14220120370399
565.00239011453,408.817688394885,4.76959699321778
137.593022172832,281.168808717065,4.49282351121447
198.467897282391,369.329195683217,4.06821986729348
122.432878480471,412.676338832333,3.43127980003072
627.733020748647,311.165996562007,4.52894275640528
2.97017008267094,145.957742851023,4.26435874879294
545.962976660924,206.575701328209,4.19281323969374
35.4068713014568,491.156082658383,3.03638363696508
276.762760536591,24.4703387022752,3.72636739782577
535.962243721036,395.414409926844,3.24560253771976
72.9191797209805,81.9024213844202,5.23039402516065
5.43054016437427,75.9883078312845,3.61049492790678
586.615048856794,226.154521405587,3.99382680491039
439.22392982525,460.944971126084,4.81785317556643
658.68977387281,370.929660243695,3.07010468456504
108.526046360849,492.541899499568,4.2809111637728
623.686688841519,88.6962442057513,4.10423449384214
422.188986329437,260.387565619614,3.58459744267166
12.6060299999966,180.820851266904,3.32029659699727
59.1089712793912,117.900613653615,4.42272028772378
602.943961602561,206.100038988786,4.25470102569251
254.022689314021,209.772459303748,3.38002463372941
562.037151882833,430.119431714937,3.91974080356534
306.09893123015,134.55129081493,3.9547115829515
533.529216090083,454.57036421844,3.37616019261713
40.9741702678941,434.223882038162,3.60874970656515
196.654555405631,293.103507625387,4.21310524856216
553.291109669805,261.419527211562,3.57014094705932
189.799345974483,38.5417194666927,4.35789987829934
511.730147817011,344.024050650837,4.57499135672391
34.7301385700867,42.4564842456428,3.45332841635979
532.099465012891,157.551521666703,4.45708777449769
NA,NA,NA
664.751424736273,334.060189162575,3.44229967008697
453.644431861905,298.300261939698,3.45085930934823
14.2759119270972,492.081193937566,3.57782809859466
557.985279077582,53.8045241314742,4.24959241994523
68.7778215521335,376.253172318524,3.92268900297958
228.342088727591,410.696174811141,3.86254489463749
430.900370060856,11.2329459423391,3.2683187960398
362.027623064787,291.675545847762,3.04587783996219
604.199793915511,103.997499508087,4.25746994153701
393.216410147353,226.685617921118,4.14220120370399
565.00239011453,408.817688394885,4.76959699321778
137.593022172832,281.168808717065,4.49282351121447
198.467897282391,369.329195683217,4.06821986729348
122.432878480471,412.676338832333,3.43127980003072
627.733020748647,311.165996562007,4.52894275640528
2.97017008267094,145.957742851023,4.26435874879294
545.962976660924,206.575701328209,4.19281323969374
35.4068713014568,491.156082658383,3.03638363696508
276.762760536591,24.4703387022752,3.72636739782577
535.962243721036,395.414409926844,3.24560253771976
72.9191797209805,81.9024213844202,5.23039402516065
5.43054016437427,75.9883078312845,3.61049492790678
586.615048856794,226.154521405587,3.99382680491039
439.22392982525,460.944971126084,4.81785317556643
658.68977387281,370.929660243695,3.07010468456504
108.526046360849,492.541899499568,4.2809111637728
623.686688841519,88.6962442057513,4.10423449384214
422.188986329437,260.387565619614,3.58459744267166
12.6060299999966,180.820851266904,3.32029659699727
59.1089712793912,117.900613653615,4.42272028772378
602.943961602561,206.100038988786,4.25470102569251
254.022689314021,209.772459303748,3.38002463372941
562.037151882833,430.119431714937,3.91974080356534
306.09893123015,134.55129081493,3.9547115829515
533.529216090083,454.57036421844,3.37616019261713
40.9741702678941,434.223882038162,3.60874970656515
196.654555405631,293.103507625387,4.21310524856216
553.291109669805,261.419527211562,3.57014094705932
189.799345974483,38.5417194666927,4.35789987829934
511.730147817011,344.024050650837,4.57499135672391
34.7301385700867,42.4564842456428,3.45332841635979
532.099465012891,157.551521666703,4.45708777449769
NA,NA,NA
660.830237162431,330.64710006225,3.50047537741267
456.659680279832,297.905490705011,3.81591767277972
11.724409887593,497.577015214099,3.54583210463277
558.123623873946,54.2970241848925,4.29202390437977
74.2354175310644,378.195849863406,3.95066407246151
231.896951093963,415.329075091868,3.89585642098724
426.22583128903,12.4051091016821,3.25876503514755
362.492137712943,293.397160562112,3.27885598745736
603.261372987708,106.552094039649,4.12455399845186
392.698344055301,232.511313628235,4.25771090725877
574.62738578397,410.671088040385,4.73365543942937
140.875112296471,286.261812910748,4.63609576269532
201.583837665483,376.320353719305,4.01948979283682
129.05066396384,408.610310446723,3.46714903485114
631.892128422258,315.498170098886,4.57854739512733
-5.7263837284947,148.429426146156,4.18396843133103
542.030357776075,203.64719704964,4.05914278739694
35.4678276953866,489.601022528499,2.9170265774141
284.054948688317,18.9216348456487,3.81486172553754
535.125311873928,391.732388975093,3.27942171269644
75.2038658173866,79.2402622655918,5.21842226930929
2.05575645335333,81.0878241568914,3.51687018676643
591.273479420749,223.74878281719,4.01386900318807
440.47371605394,461.952482503177,4.77973885832643
659.630796612737,371.61741016308,2.87402873785994
105.01236046816,486.265666345356,4.37209135305848
625.64584046235,89.6157097482057,4.09142561771208
418.792845405173,259.338470923883,3.60935257450374
11.0420597543388,181.625770657938,3.17352199839013
71.251146714733,128.666249125425,4.41147215127513
609.358563597514,199.269736216967,4.3317006047049
252.362061383672,219.471294635483,3.76396870581439
572.909066765571,436.9337422646,3.81992282088998
299.935270469846,141.143330001736,3.90628446788991
531.978417930981,457.043689324292,3.73108487939145
50.0102289206258,418.501181937809,3.9239270826718
198.281586844138,291.609075132555,3.5016265257602
547.380973034984,257.061631334857,3.80099955830819
166.046345265332,25.5278291541044,4.11499957971382
487.70487491834,349.862283306905,4.71844025531772
31.1800130697281,54.4981397076756,4.0276341197247
538.607639622821,156.641854590578,4.46099353775228
NA,NA,NA
660.830237162431,330.64710006225,3.50047537741267
456.659680279832,297.905490705011,3.81591767277972
11.724409887593,497.577015214099,3.54583210463277
558.123623873946,54.2970241848925,4.29202390437977
74.2354175310644,378.195849863406,3.95066407246151
231.896951093963,415.329075091868,3.89585642098724
426.22583128903,12.4051091016821,3.25876503514755
362.492137712943,293.397160562112,3.27885598745736
603.261372987708,106.552094039649,4.12455399845186
392.698344055301,232.511313628235,4.25771090725877
574.62738578397,410.671088040385,4.73365543942937
140.875112296471,286.261812910748,4.63609576269532
201.583837665483,376.320353719305,4.01948979283682
129.05066396384,408.610310446723,3.46714903485114
631.892128422258,315.498170098886,4.57854739512733
-5.7263837284947,148.429426146156,4.18396843133103
542.030357776075,203.64719704964,4.05914278739694
35.4678276953866,489.601022528499,2.9170265774141
284.054948688317,18.9216348456487,3.81486172553754
535.125311873928,391.732388975093,3.27942171269644
75.2038658173866,79.2402622655918,5.21842226930929
2.05575645335333,81.0878241568914,3.51687018676643
591.273479420749,223.74878281719,4.01386900318807
440.47371605394,461.952482503177,4.77973885832643
659.630796612737,371.61741016308,2.87402873785994
105.01236046816,486.265666345356,4.37209135305848
625.64584046235,89.6157097482057,4.09142561771208
418.792845405173,259.338470923883,3.60935257450374
11.0420597543388,181.625770657938,3.17352199839013
71.251146714733,128.666249125425,4.41147215127513
609.358563597514,199.269736216967,4.3317006047049
252.362061383672,219.471294635483,3.76396870581439
572.909066765571,436.9337422646,3.81992282088998
299.935270469846,141.143330001736,3.90628446788991
531.978417930981,457.043689324292,3.73108487939145
50.0102289206258,418.501181937809,3.9239270826718
198.281586844138,291.609075132555,3.5016265257602
547.380973034984,257.061631334857,3.80099955830819
166.046345265332,25.5278291541044,4.11499957971382
487.70487491834,349.862283306905,4.71844025531772
31.1800130697281,54.4981397076756,4.0276341197247
538.607639622821,156.641854590578,4.46099353775228
NA,NA,NA
660.830237162431,330.64710006225,3.50047537741267
456.659680279832,297.905490705011,3.81591767277972
11.724409887593,497.577015214099,3.54583210463277
558.123623873946,54.2970241848925,4.29202390437977
74.2354175310644,378.195849863406,3.95066407246151
231.896951093963,415.329075091868,3.89585642098724
426.22583128903,12.4051091016821,3.25876503514755
362.492137712943,293.397160562112,3.27885598745736
603.261372987708,106.552094039649,4.12455399845186
392.698344055301,232.511313628235,4.25771090725877
574.62738578397,410.671088040385,4.73365543942937
140.875112296471,286.261812910748,4.63609576269532
201.583837665483,376.320353719305,4.01948979283682
129.05066396384,408.610310446723,3.46714903485114
631.892128422258,315.498170098886,4.57854739512733
-5.7263837284947,148.429426146156,4.18396843133103
542.030357776075,203.64719704964,4.05914278739694
35.4678276953866,489.601022528499,2.9170265774141
284.054948688317,18.9216348456487,3.81486172553754
535.125311873928,391.732388975093,3.27942171269644
75.2038658173866,79.2402622655918,5.21842226930929
2.05575645335333,81.0878241568914,3.51687018676643
591.273479420749,223.74878281719,4.01386900318807
440.47371605394,461.952482503177,4.77973885832643
659.630796612737,371.61741016308,2.87402873785994
105.01236046816,486.265666345356,4.37209135305848
625.64584046235,89.6157097482057,4.09142561771208
418.792845405173,259.338470923883,3.60935257450374
11.0420597543388,181.625770657938,3.17352199839013
71.251146714733,128.666249125425,4.41147215127513
609.358563597514,199.269736216967,4.3317006047049
252.362061383672,219.471294635483,3.76396870581439
572.909066765571,436.9337422646,3.81992282088998
299.935270469846,141.143330001736,3.90628446788991
531.978417930981,457.043689324292,3.73108487939145
50.0102289206258,418.501181937809,3.9239270826718
198.281586844138,291.609075132555,3.5016265257602
547.380973034984,257.061631334857,3.80099955830819
166.046345265332,25.5278291541044,4.11499957971382
487.70487491834,349.862283306905,4.71844025531772
31.1800130697281,54.4981397076756,4.0276341197247
538.607639622821,156.641854590578,4.46099353775228
NA,NA,NA
660.830237162431,330.64710006225,3.50047537741267
456.659680279832,297.905490705011,3.81591767277972
11.724409887593,497.577015214099,3.54583210463277
558.123623873946,54.2970241848925,4.29202390437977
74.2354175310644,378.195849863406,3.95066407246151
231.896951093963,415.329075091868,3.89585642098724
426.22583128903,12.4051091016821,3.25876503514755
362.492137712943,293.397160562112,3.27885598745736
603.261372987708,106.552094039649,4.12455399845186
392.698344055301,232.511313628235,4.25771090725877
574.62738578397,410.671088040385,4.73365543942937
140.875112296471,286.261812910748,4.63609576269532
201.583837665483,376.320353719305,4.01948979283682
129.05066396384,408.610310446723,3.46714903485114
631.892128422258,315.498170098886,4.57854739512733
-5.7263837284947,148.429426146156,4.18396843133103
542.030357776075,203.64719704964,4.05914278739694
35.4678276953866,489.601022528499,2.9170265774141
284.054948688317,18.9216348456487,3.81486172553754
535.125311873928,391.732388975093,3.27942171269644
75.2038658173866,79.2402622655918,5.21842226930929
2.05575645335333,81.0878241568914,3.51687018676643
591.273479420749,223.74878281719,4.01386900318807
440.47371605394,461.952482503177,4.77973885832643
659.630796612737,371.61741016308,2.87402873785994
105.01236046816,486.265666345356,4.37209135305848
625.64584046235,89.6157097482057,4.09142561771208
418.792845405173,259.338470923883,3.60935257450374
11.0420597543388,181.625770657938,3.17352199839013
71.251146714733,128.666249125425,4.41147215127513
609.358563597514,199.269736216967,4.3317006047049
252.362061383672,219.471294635483,3.76396870581439
572.909066765571,436.9337422646,3.81992282088998
299.935270469846,141.143330001736,3.90628446788991
531.978417930981,457.043689324292,3.73108487939145
50.0102289206258,418.501181937809,3.9239270826718
198.281586844138,291.609075132555,3.5016265257602
547.380973034984,257.061631334857,3.80099955830819
166.046345265332,25.5278291541044,4.11499957971382
487.70487491834,349.862283306905,4.71844025531772
31.1800130697281,54.4981397076756,4.0276341197247
538.607639622821,156.641854590578,4.46099353775228
NA,NA,NA
660.830237162431,330.64710006225,3.50047537741267
456.659680279832,297.905490705011,3.81591767277972
11.724409887593,497.577015214099,3.54583210463277
558.123623873946,54.2970241848925,4.29202390437977
74.2354175310644,378.195849863406,3.95066407246151
231.896951093963,415.329075091868,3.89585642098724
426.22583128903,12.4051091016821,3.25876503514755
362.492137712943,293.397160562112,3.27885598745736
603.261372987708,106.552094039649,4.12455399845186
392.698344055301,232.511313628235,4.25771090725877
574.62738578397,410.671088040385,4.73365543942937
140.875112296471,286.261812910748,4.63609576269532
201.583837665483,376.320353719305,4.01948979283682
129.05066396384,408.610310446723,3.46714903485114
631.892128422258,315.498170098886,4.57854739512733
-5.7263837284947,148.429426146156,4.18396843133103
542.030357776075,203.64719704964,4.05914278739694
35.4678276953866,489.601022528499,2.9170265774141
284.054948688317,18.9216348456487,3.81486172553754
535.125311873928,391.732388975093,3.27942171269644
75.2038658173866,79.2402622655918,5.21842226930929
2.05575645335333,81.0878241568914,3.51687018676643
591.273479420749,223.74878281719,4.01386900318807
440.47371605394,461.952482503177,4.77973885832643
659.630796612737,371.61741016308,2.87402873785994
105.01236046816,486.265666345356,4.37209135305848
625.64584046235,89.6157097482057,4.09142561771208
418.792845405173,259.338470923883,3.60935257450374
11.0420597543388,181.625770657938,3.17352199839013
71.251146714733,128.666249125425,4.41147215127513
609.358563597514,199.269736216967,4.3317006047049
252.362061383672,219.471294635483,3.76396870581439
572.909066765571,436.9337422646,3.81992282088998
299.935270469846,141.143330001736,3.90628446788991
531.978417930981,457.043689324292,3.73108487939145
50.0102289206258,418.501181937809,3.9239270826718
198.281586844138,291.609075132555,3.5016265257602
547.380973034984,257.061631334857,3.80099955830819
166.046345265332,25.5278291541044,4.11499957971382
487.70487491834,349.862283306905,4.71844025531772
31.1800130697281,54.4981397076756,4.0276341197247
538.607639622821,156.641854590578,4.46099353775228
NA,NA,NA
660.830237162431,330.64710006225,3.50047537741267
456.659680279832,297.905490705011,3.81591767277972
11.724409887593,497.577015214099,3.54583210463277
558.123623873946,54.2970241848925,4.29202390437977
74.2354175310644,378.195849863406,3.95066407246151
231.896951093963,415.329075091868,3.89585642098724
426.22583128903,12.4051091016821,3.25876503514755
362.492137712943,293.397160562112,3.27885598745736
603.261372987708,106.552094039649,4.12455399845186
392.698344055301,232.511313628235,4.25771090725877
574.62738578397,410.671088040385,4.73365543942937
140.875112296471,286.261812910748,4.63609576269532
201.583837665483,376.320353719305,4.01948979283682
129.05066396384,408.610310446723,3.46714903485114
631.892128422258,315.498170098886,4.57854739512733
-5.7263837284947,148.429426146156,4.18396843133103
542.030357776075,203.64719704964,4.05914278739694
35.4678276953866,489.601022528499,2.9170265774141
284.054948688317,18.9216348456487,3.81486172553754
535.125311873928,391.732388975093,3.27942171269644
75.2038658173866,79.2402622655918,5.21842226930929
2.05575645335333,81.0878241568914,3.51687018676643
591.273479420749,223.74878281719,4.01386900318807
440.47371605394,461.952482503177,4.77973885832643
659.630796612737,371.61741016308,2.87402873785994
105.01236046816,486.265666345356,4.37209135305848
625.64584046235,89.6157097482057,4.09142561771208
418.792845405173,259.338470923883,3.60935257450374
11.0420597543388,181.625770657938,3.17352199839013
71.251146714733,128.666249125425,4.41147215127513
609.358563597514,199.269736216967,4.3317006047049
252.362061383672,219.471294635483,3.76396870581439
572.909066765571,436.9337422646,3.81992282088998
299.935270469846,141.143330001736,3.90628446788991
531.978417930981,457.043689324292,3.73108487939145
50.0102289206258,418.501181937809,3.9239270826718
198.281586844138,291.609075132555,3.5016265257602
547.380973034984,257.061631334857,3.80099955830819
166.046345265332,25.5278291541044,4.11499957971382
487.70487491834,349.862283306905,4.71844025531772
31.1800130697281,54.4981397076756,4.0276341197247
538.607639622821,156.641854590578,4.46099353775228
NA,NA,NA
659.364535980318,331.157840534895,3.34790165987716
455.122874451874,295.220611248886,3.66470375578686
12.9337076671119,494.193839836344,3.52732343081309
561.138784179959,53.0010471734503,4.15720380209965
66.7504765475038,377.306807976928,4.02852795364539
226.637163783272,411.755045814094,3.89805520522742
427.105159567349,14.1132010060104,3.29341229626662
360.576104734484,297.106931119513,3.13307913550056
606.8750822114,105.168355349686,4.06140633086292
392.711840905264,238.017585204232,4.13943053463248
574.101307115235,406.386281967812,4.7520405310616
137.52695191083,274.574482059555,4.66328646359107
203.554641556021,367.399508180413,3.89135791978729
123.69813194605,410.38886489819,3.37861438410278
626.622133210025,316.734265931188,4.49825074507199
8.39584408667993,144.561764686885,4.31387647722332
543.418815211423,206.610306098439,4.0092368191347
36.8934355032115,493.108310700505,2.99797235158429
281.915990786374,19.4296213138207,4.01189635728474
532.982208526611,390.444013670866,3.45324768351052
74.1159198302404,76.8931999929764,5.1540754869093
1.33286520887958,76.7224332502983,3.54549458752845
589.873192542376,224.87613696036,4.0767774560701
438.485252204304,460.374571276438,4.82782318530674
659.222118400013,373.941494200863,3.44287242562091
99.8315074305806,485.097213110056,4.39666092424979
623.204268938604,83.7732517842168,4.06806141881008
418.081368725161,257.041572743812,3.72009981045768
12.1106258139597,183.459256576848,3.30974237351629
56.0578237955894,101.264809416999,4.28202735007717
615.092010405776,200.761328326751,4.4150243425304
260.767465477257,223.971334145566,3.77867573772783
577.399494526122,427.605327462692,4.05607470343821
300.467409452849,136.328374083299,3.57194324207888
526.062201693706,450.013807716824,3.48915838364292
44.754358259875,425.199703603991,3.87292138779693
189.830765969654,282.102389270275,4.22701445299875
540.831862367036,259.949409858692,3.5213343202164
185.708978574484,18.9331491451228,4.2026768652769
492.664506237277,340.606865660422,4.73432227296789
29.1659767000416,42.02726476282,3.64742583390713
520.704479009828,157.780608144344,4.57398738178742
NA,NA,NA
659.364535980318,331.157840534895,3.34790165987716
455.122874451874,295.220611248886,3.66470375578686
12.9337076671119,494.193839836344,3.52732343081309
561.138784179959,53.0010471734503,4.15720380209965
66.7504765475038,377.306807976928,4.02852795364539
226.637163783272,411.755045814094,3.89805520522742
427.105159567349,14.1132010060104,3.29341229626662
360.576104734484,297.106931119513,3.13307913550056
606.8750822114,105.168355349686,4.06140633086292
392.711840905264,238.017585204232,4.13943053463248
574.101307115235,406.386281967812,4.7520405310616
137.52695191083,274.574482059555,4.66328646359107
203.554641556021,367.399508180413,3.89135791978729
123.69813194605,410.38886489819,3.37861438410278
626.622133210025,316.734265931188,4.49825074507199
8.39584408667993,144.561764686885,4.31387647722332
543.418815211423,206.610306098439,4.0092368191347
36.8934355032115,493.108310700505,2.99797235158429
281.915990786374,19.4296213138207,4.01189635728474
532.982208526611,390.444013670866,3.45324768351052
74.1159198302404,76.8931999929764,5.1540754869093
1.33286520887958,76.7224332502983,3.54549458752845
589.873192542376,224.87613696036,4.0767774560701
438.485252204304,460.374571276438,4.82782318530674
659.222118400013,373.941494200863,3.44287242562091
99.8315074305806,485.097213110056,4.39666092424979
623.204268938604,83.7732517842168,4.06806141881008
418.081368725161,257.041572743812,3.72009981045768
12.1106258139597,183.459256576848,3.30974237351629
56.0578237955894,101.264809416999,4.28202735007717
615.092010405776,200.761328326751,4.4150243425304
260.767465477257,223.971334145566,3.77867573772783
577.399494526122,427.605327462692,4.05607470343821
300.467409452849,136.328374083299,3.57194324207888
526.062201693706,450.013807716824,3.48915838364292
44.754358259875,425.199703603991,3.87292138779693
189.830765969654,282.102389270275,4.22701445299875
540.831862367036,259.949409858692,3.5213343202164
185.708978574484,18.9331491451228,4.2026768652769
492.664506237277,340.606865660422,4.73432227296789
29.1659767000416,42.02726476282,3.64742583390713
520.704479009828,157.780608144344,4.57398738178742
NA,NA,NA
659.364535980318,331.157840534895,3.34790165987716
455.122874451874,295.220611248886,3.66470375578686
12.9337076671119,494.193839836344,3.52732343081309
561.138784179959,53.0010471734503,4.15720380209965
66.7504765475038,377.306807976928,4.02852795364539
226.637163783272,411.755045814094,3.89805520522742
427.105159567349,14.1132010060104,3.29341229626662
360.576104734484,297.106931119513,3.13307913550056
606.8750822114,105.168355349686,4.06140633086292
392.711840905264,238.017585204232,4.13943053463248
574.101307115235,406.386281967812,4.7520405310616
137.52695191083,274.574482059555,4.66328646359107
203.554641556021,367.399508180413,3.89135791978729
123.69813194605,410.38886489819,3.37861438410278
626.622133210025,316.734265931188,4.49825074507199
8.39584408667993,144.561764686885,4.31387647722332
543.418815211423,206.610306098439,4.0092368191347
36.8934355032115,493.108310700505,2.99797235158429
281.915990786374,19.4296213138207,4.01189635728474
532.982208526611,390.444013670866,3.45324768351052
74.1159198302404,76.8931999929764,5.1540754869093
1.33286520887958,76.7224332502983,3.54549458752845
589.873192542376,224.87613696036,4.0767774560701
438.485252204304,460.374571276438,4.82782318530674
659.222118400013,373.941494200863,3.44287242562091
99.8315074305806,485.097213110056,4.39666092424979
623.204268938604,83.7732517842168,4.06806141881008
418.081368725161,257.041572743812,3.72009981045768
12.1106258139597,183.459256576848,3.30974237351629
56.0578237955894,101.264809416999,4.28202735007717
615.092010405776,200.761328326751,4.4150243425304
260.767465477257,223.971334145566,3.77867573772783
577.399494526122,427.605327462692,4.05607470343821
300.467409452849,136.328374083299,3.57194324207888
526.062201693706,450.013807716824,3.48915838364292
44.754358259875,425.199703603991,3.87292138779693
189.830765969654,282.102389270275,4.22701445299875
540.831862367036,259.949409858692,3.5213343202164
185.708978574484,18.9331491451228,4.2026768652769
492.664506237277,340.606865660422,4.73432227296789
29.1659767000416,42.02726476282,3.64742583390713
520.704479009828,157.780608144344,4.57398738178742
NA,NA,NA
659.364535980318,331.157840534895,3.34790165987716
455.122874451874,295.220611248886,3.66470375578686
12.9337076671119,494.193839836344,3.52732343081309
561.138784179959,53.0010471734503,4.15720380209965
66.7504765475038,377.306807976928,4.02852795364539
226.637163783272,411.755045814094,3.89805520522742
427.105159567349,14.1132010060104,3.29341229626662
360.576104734484,297.106931119513,3.13307913550056
606.8750822114,105.168355349686,4.06140633086292
392.711840905264,238.017585204232,4.13943053463248
574.101307115235,406.386281967812,4.7520405310616
137.52695191083,274.574482059555,4.66328646359107
203.554641556021,367.399508180413,3.89135791978729
123.69813194605,410.38886489819,3.37861438410278
626.622133210025,316.734265931188,4.49825074507199
8.39584408667993,144.561764686885,4.31387647722332
543.418815211423,206.610306098439,4.0092368191347
36.8934355032115,493.108310700505,2.99797235158429
281.915990786374,19.4296213138207,4.01189635728474
532.982208526611,390.444013670866,3.45324768351052
74.1159198302404,76.8931999929764,5.1540754869093
1.33286520887958,76.7224332502983,3.54549458752845
589.873192542376,224.87613696036,4.0767774560701
438.485252204304,460.374571276438,4.82782318530674
659.222118400013,373.941494200863,3.44287242562091
99.8315074305806,485.097213110056,4.39666092424979
623.204268938604,83.7732517842168,4.06806141881008
418.081368725161,257.041572743812,3.72009981045768
12.1106258139597,183.459256576848,3.30974237351629
56.0578237955894,101.264809416999,4.28202735007717
615.092010405776,200.761328326751,4.4150243425304
260.767465477257,223.971334145566,3.77867573772783
577.399494526122,427.605327462692,4.05607470343821
300.467409452849,136.328374083299,3.57194324207888
526.062201693706,450.013807716824,3.48915838364292
44.754358259875,425.199703603991,3.87292138779693
189.830765969654,282.102389270275,4.22701445299875
540.831862367036,259.949409858692,3.5213343202164
185.708978574484,18.9331491451228,4.2026768652769
492.664506237277,340.606865660422,4.73432227296789
29.1659767000416,42.02726476282,3.64742583390713
520.704479009828,157.780608144344,4.57398738178742
NA,NA,NA
659.364535980318,331.157840534895,3.34790165987716
455.122874451874,295.220611248886,3.66470375578686
12.9337076671119,494.193839836344,3.52732343081309
561.138784179959,53.0010471734503,4.15720380209965
66.7504765475038,377.306807976928,4.02852795364539
226.637163783272,411.755045814094,3.89805520522742
427.105159567349,14.1132010060104,3.29341229626662
360.576104734484,297.106931119513,3.13307913550056
606.8750822114,105.168355349686,4.06140633086292
392.711840905264,238.017585204232,4.13943053463248
574.101307115235,406.386281967812,4.7520405310616
137.52695191083,274.574482059555,4.66328646359107
203.554641556021,367.399508180413,3.89135791978729
123.69813194605,410.38886489819,3.37861438410278
626.622133210025,316.734265931188,4.49825074507199
8.39584408667993,144.561764686885,4.31387647722332
543.418815211423,206.610306098439,4.0092368191347
36.8934355032115,493.108310700505,2.99797235158429
281.915990786374,19.4296213138207,4.01189635728474
532.982208526611,390.444013670866,3.45324768351052
74.1159198302404,76.8931999929764,5.1540754869093
1.33286520887958,76.7224332502983,3.54549458752845
589.873192542376,224.87613696036,4.0767774560701
438.485252204304,460.374571276438,4.82782318530674
659.222118400013,373.941494200863,3.44287242562091
99.8315074305806,485.097213110056,4.39666092424979
623.204268938604,83.7732517842168,4.06806141881008
418.081368725161,257.041572743812,3.72009981045768
12.1106258139597,183.459256576848,3.30974237351629
56.0578237955894,101.264809416999,4.28202735007717
615.092010405776,200.761328326751,4.4150243425304
260.767465477257,223.971334145566,3.77867573772783
577.399494526122,427.605327462692,4.05607470343821
300.467409452849,136.328374083299,3.57194324207888
526.062201693706,450.013807716824,3.48915838364292
44.754358259875,425.199703603991,3.87292138779693
189.830765969654,282.102389270275,4.22701445299875
540.831862367036,259.949409858692,3.5213343202164
185.708978574484,18.9331491451228,4.2026768652769
492.664506237277,340.606865660422,4.73432227296789
29.1659767000416,42.02726476282,3.64742583390713
520.704479009828,157.780608144344,4.57398738178742
NA,NA,NA
659.364535980318,331.157840534895,3.34790165987716
455.122874451874,295.220611248886,3.66470375578686
12.9337076671119,494.193839836344,3.52732343081309
561.138784179959,53.0010471734503,4.15720380209965
66.7504765475038,377.306807976928,4.02852795364539
226.637163783272,411.755045814094,3.89805520522742
427.105159567349,14.1132010060104,3.29341229626662
360.576104734484,297.106931119513,3.13307913550056
606.8750822114,105.168355349686,4.06140633086292
392.711840905264,238.017585204232,4.13943053463248
574.101307115235,406.386281967812,4.7520405310616
137.52695191083,274.574482059555,4.66328646359107
203.554641556021,367.399508180413,3.89135791978729
123.69813194605,410.38886489819,3.37861438410278
626.622133210025,316.734265931188,4.49825074507199
8.39584408667993,144.561764686885,4.31387647722332
543.418815211423,206.610306098439,4.0092368191347
36.8934355032115,493.108310700505,2.99797235158429
281.915990786374,19.4296213138207,4.01189635728474
532.982208526611,390.444013670866,3.45324768351052
74.1159198302404,76.8931999929764,5.1540754869093
1.33286520887958,76.7224332502983,3.54549458752845
589.873192542376,224.87613696036,4.0767774560701
438.485252204304,460.374571276438,4.82782318530674
659.222118400013,373.941494200863,3.44287242562091
99.8315074305806,485.097213110056,4.39666092424979
623.204268938604,83.7732517842168,4.06806141881008
418.081368725161,257.041572743812,3.72009981045768
12.1106258139597,183.459256576848,3.30974237351629
56.0578237955894,101.264809416999,4.28202735007717
615.092010405776,200.761328326751,4.4150243425304
260.767465477257,223.971334145566,3.77867573772783
577.399494526122,427.605327462692,4.05607470343821
300.467409452849,136.328374083299,3.57194324207888
526.062201693706,450.013807716824,3.48915838364292
44.754358259875,425.199703603991,3.87292138779693
189.830765969654,282.102389270275,4.22701445299875
540.831862367036,259.949409858692,3.5213343202164
185.708978574484,18.9331491451228,4.2026768652769
492.664506237277,340.606865660422,4.73432227296789
29.1659767000416,42.02726476282,3.64742583390713
520.704479009828,157.780608144344,4.57398738178742
NA,NA,NA
660.429731599125,336.236353184657,3.56742431135335
455.758274440708,291.540384416514,3.47701966221639
13.4115530306717,499.481511008386,3.6403695772249
567.221192559062,48.0845818859138,4.1256709861457
67.2234764698742,374.761362453142,3.89722169542239
230.894743181709,411.042762912726,3.89003125156595
429.495134613826,12.3304695782998,3.25829958485142
361.156644464999,293.863111702831,3.05593310674814
604.138754190635,98.7223606630314,4.24516131124254
392.438461665076,223.924307747064,4.32300276581847
569.447089520557,409.112956200519,4.65641575728776
139.385726376725,284.577450862061,4.61298886684475
198.903178204226,369.982543860062,3.96647392616242
129.353240494547,412.928526578277,3.42394060826309
628.406862480585,311.238470752541,4.59947308688218
6.09966522448694,146.915141012781,4.20363393127041
540.903956242622,204.597654361321,4.14372893394021
32.8975200195694,493.410403864961,2.97395975940911
280.648891590301,25.05290763025,3.72671037741768
534.570285722094,389.773113632283,3.54440699965203
70.0026046657389,69.0602501220645,5.30439008609018
6.66332205947006,79.4806428937224,3.33193396572625
587.221500976555,230.072620934775,3.99669090088886
432.191662219611,463.957091804947,4.76920923729006
661.503051018137,373.419381059036,3.01607231366749
109.266605531497,488.170164791835,4.24694724510819
623.418425657771,87.7644862461631,4.07549482718958
416.76725674874,257.542712089369,3.6746311386483
10.6649112794156,183.266227899238,3.02328577774664
58.4703301048253,122.463224075233,4.4184379880504
620.303583710461,201.736657870956,4.44158257048716
253.175024154418,224.543701435607,3.73278008982403
572.355760851655,427.667109285269,4.13274210778007
307.067102552325,141.072192484919,4.13871011921204
527.579863975755,457.871404087836,3.65507863543277
47.1056679301975,412.530000099932,3.90907056849711
193.55718692951,292.31894121295,4.4276110661447
551.353154181784,269.252132147522,3.79753527016622
182.060092070223,23.6082153905977,4.17265565453674
498.862130302512,348.603709693469,4.55075035540314
43.347392480732,48.5796476538808,4.20603712404255
523.463552048774,162.716886416718,4.83077221548897
NA,NA,NA
660.429731599125,336.236353184657,3.56742431135335
455.758274440708,291.540384416514,3.47701966221639
13.4115530306717,499.481511008386,3.6403695772249
567.221192559062,48.0845818859138,4.1256709861457
67.2234764698742,374.761362453142,3.89722169542239
230.894743181709,411.042762912726,3.89003125156595
429.495134613826,12.3304695782998,3.25829958485142
361.156644464999,293.863111702831,3.05593310674814
604.138754190635,98.7223606630314,4.24516131124254
392.438461665076,223.924307747064,4.32300276581847
569.447089520557,409.112956200519,4.65641575728776
139.385726376725,284.577450862061,4.61298886684475
198.903178204226,369.982543860062,3.96647392616242
129.353240494547,412.928526578277,3.42394060826309
628.406862480585,311.238470752541,4.59947308688218
6.09966522448694,146.915141012781,4.20363393127041
540.903956242622,204.597654361321,4.14372893394021
32.8975200195694,493.410403864961,2.97395975940911
280.648891590301,25.05290763025,3.72671037741768
534.570285722094,389.773113632283,3.54440699965203
70.0026046657389,69.0602501220645,5.30439008609018
6.66332205947006,79.4806428937224,3.33193396572625
587.221500976555,230.072620934775,3.99669090088886
432.191662219611,463.957091804947,4.76920923729006
661.503051018137,373.419381059036,3.01607231366749
109.266605531497,488.170164791835,4.24694724510819
623.418425657771,87.7644862461631,4.07549482718958
416.76725674874,257.542712089369,3.6746311386483
10.6649112794156,183.266227899238,3.02328577774664
58.4703301048253,122.463224075233,4.4184379880504
620.303583710461,201.736657870956,4.44158257048716
253.175024154418,224.543701435607,3.73278008982403
572.355760851655,427.667109285269,4.13274210778007
307.067102552325,141.072192484919,4.13871011921204
527.579863975755,457.871404087836,3.65507863543277
47.1056679301975,412.530000099932,3.90907056849711
193.55718692951,292.31894121295,4.4276110661447
551.353154181784,269.252132147522,3.79753527016622
182.060092070223,23.6082153905977,4.17265565453674
498.862130302512,348.603709693469,4.55075035540314
43.347392480732,48.5796476538808,4.20603712404255
523.463552048774,162.716886416718,4.83077221548897
NA,NA,NA
660.429731599125,336.236353184657,3.56742431135335
455.758274440708,291.540384416514,3.47701966221639
13.4115530306717,499.481511008386,3.6403695772249
567.221192559062,48.0845818859138,4.1256709861457
67.2234764698742,374.761362453142,3.89722169542239
230.894743181709,411.042762912726,3.89003125156595
429.495134613826,12.3304695782998,3.25829958485142
361.156644464999,293.863111702831,3.05593310674814
604.138754190635,98.7223606630314,4.24516131124254
392.438461665076,223.924307747064,4.32300276581847
569.447089520557,409.112956200519,4.65641575728776
139.385726376725,284.577450862061,4.61298886684475
198.903178204226,369.982543860062,3.96647392616242
129.353240494547,412.928526578277,3.42394060826309
628.406862480585,311.238470752541,4.59947308688218
6.09966522448694,146.915141012781,4.20363393127041
540.903956242622,204.597654361321,4.14372893394021
32.8975200195694,493.410403864961,2.97395975940911
280.648891590301,25.05290763025,3.72671037741768
534.570285722094,389.773113632283,3.54440699965203
70.0026046657389,69.0602501220645,5.30439008609018
6.66332205947006,79.4806428937224,3.33193396572625
587.221500976555,230.072620934775,3.99669090088886
432.191662219611,463.957091804947,4.76920923729006
661.503051018137,373.419381059036,3.01607231366749
109.266605531497,488.170164791835,4.24694724510819
623.418425657771,87.7644862461631,4.07549482718958
416.76725674874,257.542712089369,3.6746311386483
10.6649112794156,183.266227899238,3.02328577774664
58.4703301048253,122.463224075233,4.4184379880504
620.303583710461,201.736657870956,4.44158257048716
253.175024154418,224.543701435607,3.73278008982403
572.355760851655,427.667109285269,4.13274210778007
307.067102552325,141.072192484919,4.13871011921204
527.579863975755,457.871404087836,3.65507863543277
47.1056679301975,412.530000099932,3.90907056849711
193.55718692951,292.31894121295,4.4276110661447
551.353154181784,269.252132147522,3.79753527016622
182.060092070223,23.6082153905977,4.17265565453674
498.862130302512,348.603709693469,4.55075035540314
43.347392480732,48.5796476538808,4.20603712404255
523.463552048774,162.716886416718,4.83077221548897
NA,NA,NA
660.429731599125,336.236353184657,3.56742431135335
455.758274440708,291.540384416514,3.47701966221639
13.4115530306717,499.481511008386,3.6403695772249
567.221192559062,48.0845818859138,4.1256709861457
67.2234764698742,374.761362453142,3.89722169542239
230.894743181709,411.042762912726,3.89003125156595
429.495134613826,12.3304695782998,3.25829958485142
361.156644464999,293.863111702831,3.05593310674814
604.138754190635,98.7223606630314,4.24516131124254
392.438461665076,223.924307747064,4.32300276581847
569.447089520557,409.112956200519,4.65641575728776
139.385726376725,284.577450862061,4.61298886684475
198.903178204226,369.982543860062,3.96647392616242
129.353240494547,412.928526578277,3.42394060826309
628.406862480585,311.238470752541,4.59947308688218
6.09966522448694,146.915141012781,4.20363393127041
540.903956242622,204.597654361321,4.14372893394021
32.8975200195694,493.410403864961,2.97395975940911
280.648891590301,25.05290763025,3.72671037741768
534.570285722094,389.773113632283,3.54440699965203
70.0026046657389,69.0602501220645,5.30439008609018
6.66332205947006,79.4806428937224,3.33193396572625
587.221500976555,230.072620934775,3.99669090088886
432.191662219611,463.957091804947,4.76920923729006
661.503051018137,373.419381059036,3.01607231366749
109.266605531497,488.170164791835,4.24694724510819
623.418425657771,87.7644862461631,4.07549482718958
416.76725674874,257.542712089369,3.6746311386483
10.6649112794156,183.266227899238,3.02328577774664
58.4703301048253,122.463224075233,4.4184379880504
620.303583710461,201.736657870956,4.44158257048716
253.175024154418,224.543701435607,3.73278008982403
572.355760851655,427.667109285269,4.13274210778007
307.067102552325,141.072192484919,4.13871011921204
527.579863975755,457.871404087836,3.65507863543277
47.1056679301975,412.530000099932,3.90907056849711
193.55718692951,292.31894121295,4.4276110661447
551.353154181784,269.252132147522,3.79753527016622
182.060092070223,23.6082153905977,4.17265565453674
498.862130302512,348.603709693469,4.55075035540314
43.347392480732,48.5796476538808,4.20603712404255
523.463552048774,162.716886416718,4.83077221548897
NA,NA,NA
660.429731599125,336.236353184657,3.56742431135335
455.758274440708,291.540384416514,3.47701966221639
13.4115530306717,499.481511008386,3.6403695772249
567.221192559062,48.0845818859138,4.1256709861457
67.2234764698742,374.761362453142,3.89722169542239
230.894743181709,411.042762912726,3.89003125156595
429.495134613826,12.3304695782998,3.25829958485142
361.156644464999,293.863111702831,3.05593310674814
604.138754190635,98.7223606630314,4.24516131124254
392.438461665076,223.924307747064,4.32300276581847
569.447089520557,409.112956200519,4.65641575728776
139.385726376725,284.577450862061,4.61298886684475
198.903178204226,369.982543860062,3.96647392616242
129.353240494547,412.928526578277,3.42394060826309
628.406862480585,311.238470752541,4.59947308688218
6.09966522448694,146.915141012781,4.20363393127041
540.903956242622,204.597654361321,4.14372893394021
32.8975200195694,493.410403864961,2.97395975940911
280.648891590301,25.05290763025,3.72671037741768
534.570285722094,389.773113632283,3.54440699965203
70.0026046657389,69.0602501220645,5.30439008609018
6.66332205947006,79.4806428937224,3.33193396572625
587.221500976555,230.072620934775,3.99669090088886
432.191662219611,463.957091804947,4.76920923729006
661.503051018137,373.419381059036,3.01607231366749
109.266605531497,488.170164791835,4.24694724510819
623.418425657771,87.7644862461631,4.07549482718958
416.76725674874,257.542712089369,3.6746311386483
10.6649112794156,183.266227899238,3.02328577774664
58.4703301048253,122.463224075233,4.4184379880504
620.303583710461,201.736657870956,4.44158257048716
253.175024154418,224.543701435607,3.73278008982403
572.355760851655,427.667109285269,4.13274210778007
307.067102552325,141.072192484919,4.13871011921204
527.579863975755,457.871404087836,3.65507863543277
47.1056679301975,412.530000099932,3.90907056849711
193.55718692951,292.31894121295,4.4276110661447
551.353154181784,269.252132147522,3.79753527016622
182.060092070223,23.6082153905977,4.17265565453674
498.862130302512,348.603709693469,4.55075035540314
43.347392480732,48.5796476538808,4.20603712404255
523.463552048774,162.716886416718,4.83077221548897
NA,NA,NA
660.429731599125,336.236353184657,3.56742431135335
455.758274440708,291.540384416514,3.47701966221639
13.4115530306717,499.481511008386,3.6403695772249
567.221192559062,48.0845818859138,4.1256709861457
67.2234764698742,374.761362453142,3.89722169542239
230.894743181709,411.042762912726,3.89003125156595
429.495134613826,12.3304695782998,3.25829958485142
361.156644464999,293.863111702831,3.05593310674814
604.138754190635,98.7223606630314,4.24516131124254
392.438461665076,223.924307747064,4.32300276581847
569.447089520557,409.112956200519,4.65641575728776
139.385726376725,284.577450862061,4.61298886684475
198.903178204226,369.982543860062,3.96647392616242
129.353240494547,412.928526578277,3.42394060826309
628.406862480585,311.238470752541,4.59947308688218
6.09966522448694,146.915141012781,4.20363393127041
540.903956242622,204.597654361321,4.14372893394021
32.8975200195694,493.410403864961,2.97395975940911
280.648891590301,25.05290763025,3.72671037741768
534.570285722094,389.773113632283,3.54440699965203
70.0026046657389,69.0602501220645,5.30439008609018
6.66332205947006,79.4806428937224,3.33193396572625
587.221500976555,230.072620934775,3.99669090088886
432.191662219611,463.957091804947,4.76920923729006
661.503051018137,373.419381059036,3.01607231366749
109.266605531497,488.170164791835,4.24694724510819
623.418425657771,87.7644862461631,4.07549482718958
416.76725674874,257.542712089369,3.6746311386483
10.6649112794156,183.266227899238,3.02328577774664
58.4703301048253,122.463224075233,4.4184379880504
620.303583710461,201.736657870956,4.44158257048716
253.175024154418,224.543701435607,3.73278008982403
572.355760851655,427.667109285269,4.13274210778007
307.067102552325,141.072192484919,4.13871011921204
527.579863975755,457.871404087836,3.65507863543277
47.1056679301975,412.530000099932,3.90907056849711
193.55718692951,292.31894121295,4.4276110661447
551.353154181784,269.252132147522,3.79753527016622
182.060092070223,23.6082153905977,4.17265565453674
498.862130302512,348.603709693469,4.55075035540314
43.347392480732,48.5796476538808,4.20603712404255
523.463552048774,162.716886416718,4.83077221548897
NA,NA,NA
659.480060343112,336.076477772041,3.55290478990189
458.883619492777,297.710404532804,3.55587381406464
11.847384270997,495.864631198828,3.64842686022425
557.309549718174,55.598271515193,4.20464136478563
71.4265075826761,376.759315026531,3.98466564099538
232.217993041924,415.92851263277,3.9381741087617
430.348692919927,13.9600800407341,3.20580397815391
359.959833172057,290.605167898109,2.93499927937571
601.497599930417,103.89062322387,4.10267352084453
388.076128602971,229.793817509918,4.16764810376222
567.017998144921,409.77586530447,4.72235513359988
139.483635306382,290.346381160716,4.58986961028293
198.447761374126,377.360073232484,4.02768699208068
127.615387448563,411.334318015054,3.3091356091102
621.817013752504,320.879500045527,4.60532179956331
-1.32172545483275,146.417166897411,4.20265421394501
543.480694438907,205.788324288835,4.08903522629578
33.8008227438405,492.340576357281,3.02486502844881
274.857481228346,19.0089514668732,3.80462824537859
536.585966807142,390.374906566773,3.4866434117672
73.415310787709,80.5773981984355,5.17155157153955
1.68503389865216,72.9892760201818,3.46481005696781
588.311026121919,223.07211769334,3.94929646364391
437.893548345078,455.154960371226,4.80257638356403
658.81517488801,374.316918096779,2.93698453015126
107.343894966223,482.127713328758,4.27421726965298
623.850212631728,89.1688019212413,4.10556245866117
420.951909738228,260.09202189781,3.616693971816
14.7705490621016,183.831200664053,3.32613753153848
71.8166923871503,105.97625322553,4.7239801723107
607.6547597336,209.674216666538,4.17790831436344
262.731729540018,222.006613114005,3.78462956434972
564.580505040371,438.552211316861,3.67184611688158
294.688051053723,133.959313249786,3.89920344192907
523.346221777851,452.193978452517,3.52898871409643
42.127380337445,415.562766661983,3.73029171457939
194.94832714467,292.512099617286,3.60604966920548
545.127867484568,260.069346724011,3.76991164986503
184.508248425944,35.6069228415809,4.12462823473477
501.775518515566,343.761450018172,4.54044866522379
28.4365664734258,52.7049333177377,3.68014585721034
536.092986847092,138.207031025564,4.84257544874335
NA,NA,NA
659.480060343112,336.076477772041,3.55290478990189
458.883619492777,297.710404532804,3.55587381406464
11.847384270997,495.864631198828,3.64842686022425
557.309549718174,55.598271515193,4.20464136478563
71.4265075826761,376.759315026531,3.98466564099538
232.217993041924,415.92851263277,3.9381741087617
430.348692919927,13.9600800407341,3.20580397815391
359.959833172057,290.605167898109,2.93499927937571
601.497599930417,103.89062322387,4.10267352084453
388.076128602971,229.793817509918,4.16764810376222
567.017998144921,409.77586530447,4.72235513359988
139.483635306382,290.346381160716,4.58986961028293
198.447761374126,377.360073232484,4.02768699208068
127.615387448563,411.334318015054,3.3091356091102
621.817013752504,320.879500045527,4.60532179956331
-1.32172545483275,146.417166897411,4.20265421394501
543.480694438907,205.788324288835,4.08903522629578
33.8008227438405,492.340576357281,3.02486502844881
274.857481228346,19.0089514668732,3.80462824537859
536.585966807142,390.374906566773,3.4866434117672
73.415310787709,80.5773981984355,5.17155157153955
1.68503389865216,72.9892760201818,3.46481005696781
588.311026121919,223.07211769334,3.94929646364391
437.893548345078,455.154960371226,4.80257638356403
658.81517488801,374.316918096779,2.93698453015126
107.343894966223,482.127713328758,4.27421726965298
623.850212631728,89.1688019212413,4.10556245866117
420.951909738228,260.09202189781,3.616693971816
14.7705490621016,183.831200664053,3.32613753153848
71.8166923871503,105.97625322553,4.7239801723107
607.6547597336,209.674216666538,4.17790831436344
262.731729540018,222.006613114005,3.78462956434972
564.580505040371,438.552211316861,3.67184611688158
294.688051053723,133.959313249786,3.89920344192907
523.346221777851,452.193978452517,3.52898871409643
42.127380337445,415.562766661983,3.73029171457939
194.94832714467,292.512099617286,3.60604966920548
545.127867484568,260.069346724011,3.76991164986503
184.508248425944,35.6069228415809,4.12462823473477
501.775518515566,343.761450018172,4.54044866522379
28.4365664734258,52.7049333177377,3.68014585721034
536.092986847092,138.207031025564,4.84257544874335
NA,NA,NA
659.480060343112,336.076477772041,3.55290478990189
458.883619492777,297.710404532804,3.55587381406464
11.847384270997,495.864631198828,3.64842686022425
557.309549718174,55.598271515193,4.20464136478563
71.4265075826761,376.759315026531,3.98466564099538
232.217993041924,415.92851263277,3.9381741087617
430.348692919927,13.9600800407341,3.20580397815391
359.959833172057,290.605167898109,2.93499927937571
601.497599930417,103.89062322387,4.10267352084453
388.076128602971,229.793817509918,4.16764810376222
567.017998144921,409.77586530447,4.72235513359988
139.483635306382,290.346381160716,4.58986961028293
198.447761374126,377.360073232484,4.02768699208068
127.615387448563,411.334318015054,3.3091356091102
621.817013752504,320.879500045527,4.60532179956331
-1.32172545483275,146.417166897411,4.20265421394501
543.480694438907,205.788324288835,4.08903522629578
33.8008227438405,492.340576357281,3.02486502844881
274.857481228346,19.0089514668732,3.80462824537859
536.585966807142,390.374906566773,3.4866434117672
73.415310787709,80.5773981984355,5.17155157153955
1.68503389865216,72.9892760201818,3.46481005696781
588.311026121919,223.07211769334,3.94929646364391
437.893548345078,455.154960371226,4.80257638356403
658.81517488801,374.316918096779,2.93698453015126
107.343894966223,482.127713328758,4.27421726965298
623.850212631728,89.1688019212413,4.10556245866117
420.951909738228,260.09202189781,3.616693971816
14.7705490621016,183.831200664053,3.32613753153848
71.8166923871503,105.97625322553,4.7239801723107
607.6547597336,209.674216666538,4.17790831436344
262.731729540018,222.006613114005,3.78462956434972
564.580505040371,438.552211316861,3.67184611688158
294.688051053723,133.959313249786,3.89920344192907
523.346221777851,452.193978452517,3.52898871409643
42.127380337445,415.562766661983,3.73029171457939
194.94832714467,292.512099617286,3.60604966920548
545.127867484568,260.069346724011,3.76991164986503
184.508248425944,35.6069228415809,4.12462823473477
501.775518515566,343.761450018172,4.54044866522379
28.4365664734258,52.7049333177377,3.68014585721034
536.092986847092,138.207031025564,4.84257544874335
NA,NA,NA
659.480060343112,336.076477772041,3.55290478990189
458.883619492777,297.710404532804,3.55587381406464
11.847384270997,495.864631198828,3.64842686022425
557.309549718174,55.598271515193,4.20464136478563
71.4265075826761,376.759315026531,3.98466564099538
232.217993041924,415.92851263277,3.9381741087617
430.348692919927,13.9600800407341,3.20580397815391
359.959833172057,290.605167898109,2.93499927937571
601.497599930417,103.89062322387,4.10267352084453
388.076128602971,229.793817509918,4.16764810376222
567.017998144921,409.77586530447,4.72235513359988
139.483635306382,290.346381160716,4.58986961028293
198.447761374126,377.360073232484,4.02768699208068
127.615387448563,411.334318015054,3.3091356091102
621.817013752504,320.879500045527,4.60532179956331
-1.32172545483275,146.417166897411,4.20265421394501
543.480694438907,205.788324288835,4.08903522629578
33.8008227438405,492.340576357281,3.02486502844881
274.857481228346,19.0089514668732,3.80462824537859
536.585966807142,390.374906566773,3.4866434117672
73.415310787709,80.5773981984355,5.17155157153955
1.68503389865216,72.9892760201818,3.46481005696781
588.311026121919,223.07211769334,3.94929646364391
437.893548345078,455.154960371226,4.80257638356403
658.81517488801,374.316918096779,2.93698453015126
107.343894966223,482.127713328758,4.27421726965298
623.850212631728,89.1688019212413,4.10556245866117
420.951909738228,260.09202189781,3.616693971816
14.7705490621016,183.831200664053,3.32613753153848
71.8166923871503,105.97625322553,4.7239801723107
607.6547597336,209.674216666538,4.17790831436344
262.731729540018,222.006613114005,3.78462956434972
564.580505040371,438.552211316861,3.67184611688158
294.688051053723,133.959313249786,3.89920344192907
523.346221777851,452.193978452517,3.52898871409643
42.127380337445,415.562766661983,3.73029171457939
194.94832714467,292.512099617286,3.60604966920548
545.127867484568,260.069346724011,3.76991164986503
184.508248425944,35.6069228415809,4.12462823473477
501.775518515566,343.761450018172,4.54044866522379
28.4365664734258,52.7049333177377,3.68014585721034
536.092986847092,138.207031025564,4.84257544874335
NA,NA,NA
659.480060343112,336.076477772041,3.55290478990189
458.883619492777,297.710404532804,3.55587381406464
11.847384270997,495.864631198828,3.64842686022425
557.309549718174,55.598271515193,4.20464136478563
71.4265075826761,376.759315026531,3.98466564099538
232.217993041924,415.92851263277,3.9381741087617
430.348692919927,13.9600800407341,3.20580397815391
359.959833172057,290.605167898109,2.93499927937571
601.497599930417,103.89062322387,4.10267352084453
388.076128602971,229.793817509918,4.16764810376222
567.017998144921,409.77586530447,4.72235513359988
139.483635306382,290.346381160716,4.58986961028293
198.447761374126,377.360073232484,4.02768699208068
127.615387448563,411.334318015054,3.3091356091102
621.817013752504,320.879500045527,4.60532179956331
-1.32172545483275,146.417166897411,4.20265421394501
543.480694438907,205.788324288835,4.08903522629578
33.8008227438405,492.340576357281,3.02486502844881
274.857481228346,19.0089514668732,3.80462824537859
536.585966807142,390.374906566773,3.4866434117672
73.415310787709,80.5773981984355,5.17155157153955
1.68503389865216,72.9892760201818,3.46481005696781
588.311026121919,223.07211769334,3.94929646364391
437.893548345078,455.154960371226,4.80257638356403
658.81517488801,374.316918096779,2.93698453015126
107.343894966223,482.127713328758,4.27421726965298
623.850212631728,89.1688019212413,4.10556245866117
420.951909738228,260.09202189781,3.616693971816
14.7705490621016,183.831200664053,3.32613753153848
71.8166923871503,105.97625322553,4.7239801723107
607.6547597336,209.674216666538,4.17790831436344
262.731729540018,222.006613114005,3.78462956434972
564.580505040371,438.552211316861,3.67184611688158
294.688051053723,133.959313249786,3.89920344192907
523.346221777851,452.193978452517,3.52898871409643
42.127380337445,415.562766661983,3.73029171457939
194.94832714467,292.512099617286,3.60604966920548
545.127867484568,260.069346724011,3.76991164986503
184.508248425944,35.6069228415809,4.12462823473477
501.775518515566,343.761450018172,4.54044866522379
28.4365664734258,52.7049333177377,3.68014585721034
536.092986847092,138.207031025564,4.84257544874335
NA,NA,NA
659.480060343112,336.076477772041,3.55290478990189
458.883619492777,297.710404532804,3.55587381406464
11.847384270997,495.864631198828,3.64842686022425
557.309549718174,55.598271515193,4.20464136478563
71.4265075826761,376.759315026531,3.98466564099538
232.217993041924,415.92851263277,3.9381741087617
430.348692919927,13.9600800407341,3.20580397815391
359.959833172057,290.605167898109,2.93499927937571
601.497599930417,103.89062322387,4.10267352084453
388.076128602971,229.793817509918,4.16764810376222
567.017998144921,409.77586530447,4.72235513359988
139.483635306382,290.346381160716,4.58986961028293
198.447761374126,377.360073232484,4.02768699208068
127.615387448563,411.334318015054,3.3091356091102
621.817013752504,320.879500045527,4.60532179956331
-1.32172545483275,146.417166897411,4.20265421394501
543.480694438907,205.788324288835,4.08903522629578
33.8008227438405,492.340576357281,3.02486502844881
274.857481228346,19.0089514668732,3.80462824537859
536.585966807142,390.374906566773,3.4866434117672
73.415310787709,80.5773981984355,5.17155157153955
1.68503389865216,72.9892760201818,3.46481005696781
588.311026121919,223.07211769334,3.94929646364391
437.893548345078,455.154960371226,4.80257638356403
658.81517488801,374.316918096779,2.93698453015126
107.343894966223,482.127713328758,4.27421726965298
623.850212631728,89.1688019212413,4.10556245866117
420.951909738228,260.09202189781,3.616693971816
14.7705490621016,183.831200664053,3.32613753153848
71.8166923871503,105.97625322553,4.7239801723107
607.6547597336,209.674216666538,4.17790831436344
262.731729540018,222.006613114005,3.78462956434972
564.580505040371,438.552211316861,3.67184611688158
294.688051053723,133.959313249786,3.89920344192907
523.346221777851,452.193978452517,3.52898871409643
42.127380337445,415.562766661983,3.73029171457939
194.94832714467,292.512099617286,3.60604966920548
545.127867484568,260.069346724011,3.76991164986503
184.508248425944,35.6069228415809,4.12462823473477
501.775518515566,343.761450018172,4.54044866522379
28.4365664734258,52.7049333177377,3.68014585721034
536.092986847092,138.207031025564,4.84257544874335
NA,NA,NA
658.747181092557,335.2640817701,3.50649667358477
460.911181530711,293.686853385781,3.50975097831006
9.82076446428481,494.595021702864,3.70125230751599
563.148863138625,51.4175997831985,4.13373009788104
75.7332868768168,376.288103471024,4.03101741822734
228.523911234817,411.351496048748,3.95507269639959
429.70220966362,12.5990384804061,3.37741003208271
360.53422303258,291.709312344991,2.93610847679981
599.497933511239,103.001732862814,4.14289051705258
389.448194705003,230.532400266834,4.26978072001394
574.943261824542,409.891868472111,4.78707862245263
144.794896196574,282.975741272497,4.57732220373497
198.564593502746,363.981993067863,3.99265509955197
126.314078793813,412.311906857691,3.4078077934833
618.874101634423,314.887121145256,4.48426865853159
2.9874885991458,150.977652588881,4.26387957878135
544.031393597839,204.915284366439,4.15630972704728
33.8629807764496,492.317007552351,2.97996506714999
280.439458530089,23.1958290171397,3.89483127479785
536.295852863125,394.773527558115,3.40438807431299
70.9525910007469,83.9776186727354,5.1870356844637
5.41700148487317,79.7761520745909,3.50327082238689
585.837504254381,227.884328208961,4.09214204227374
431.089637117186,453.999840904358,4.73340233997752
659.781654033769,370.742448563878,2.89277894614388
109.911584514648,487.435755497744,4.40814753792416
622.718654408759,91.1026549858537,4.06961076783926
419.889683995085,258.023147757947,3.61922431953005
12.2478106655024,181.300382236549,3.48065603088605
53.6166008482451,107.059836035546,4.60850127017755
607.464800621232,204.743054439017,4.23917607042137
264.945331917728,224.642089017902,3.73293242666861
576.568482273163,435.481722480619,3.82541451647782
299.208570835288,136.134554276348,3.9094422049495
524.161237615543,463.15918694321,3.85668445461169
48.7306624759862,409.011697121849,3.84036751911233
197.637428531489,290.448705443824,3.96840740106549
553.558399853725,268.227745682761,3.55350599029978
162.733967156283,11.1528038783396,4.45348958993055
499.364394634593,338.62900574876,4.43298252780971
38.713829181949,57.2990794395392,4.0264849039547
550.246191163834,162.732912580602,4.98214769309865
NA,NA,NA
658.747181092557,335.2640817701,3.50649667358477
460.911181530711,293.686853385781,3.50975097831006
9.82076446428481,494.595021702864,3.70125230751599
563.148863138625,51.4175997831985,4.13373009788104
75.7332868768168,376.288103471024,4.03101741822734
228.523911234817,411.351496048748,3.95507269639959
429.70220966362,12.5990384804061,3.37741003208271
360.53422303258,291.709312344991,2.93610847679981
599.497933511239,103.001732862814,4.14289051705258
389.448194705003,230.532400266834,4.26978072001394
574.943261824542,409.891868472111,4.78707862245263
144.794896196574,282.975741272497,4.57732220373497
198.564593502746,363.981993067863,3.99265509955197
126.314078793813,412.311906857691,3.4078077934833
618.874101634423,314.887121145256,4.48426865853159
2.9874885991458,150.977652588881,4.26387957878135
544.031393597839,204.915284366439,4.15630972704728
33.8629807764496,492.317007552351,2.97996506714999
280.439458530089,23.1958290171397,3.89483127479785
536.295852863125,394.773527558115,3.40438807431299
70.9525910007469,83.9776186727354,5.1870356844637
5.41700148487317,79.7761520745909,3.50327082238689
585.837504254381,227.884328208961,4.09214204227374
431.089637117186,453.999840904358,4.73340233997752
659.781654033769,370.742448563878,2.89277894614388
109.911584514648,487.435755497744,4.40814753792416
622.718654408759,91.1026549858537,4.06961076783926
419.889683995085,258.023147757947,3.61922431953005
12.2478106655024,181.300382236549,3.48065603088605
53.6166008482451,107.059836035546,4.60850127017755
607.464800621232,204.743054439017,4.23917607042137
264.945331917728,224.642089017902,3.73293242666861
576.568482273163,435.481722480619,3.82541451647782
299.208570835288,136.134554276348,3.9094422049495
524.161237615543,463.15918694321,3.85668445461169
48.7306624759862,409.011697121849,3.84036751911233
197.637428531489,290.448705443824,3.96840740106549
553.558399853725,268.227745682761,3.55350599029978
162.733967156283,11.1528038783396,4.45348958993055
499.364394634593,338.62900574876,4.43298252780971
38.713829181949,57.2990794395392,4.0264849039547
550.246191163834,162.732912580602,4.98214769309865
NA,NA,NA
658.747181092557,335.2640817701,3.50649667358477
460.911181530711,293.686853385781,3.50975097831006
9.82076446428481,494.595021702864,3.70125230751599
563.148863138625,51.4175997831985,4.13373009788104
75.7332868768168,376.288103471024,4.03101741822734
228.523911234817,411.351496048748,3.95507269639959
429.70220966362,12.5990384804061,3.37741003208271
360.53422303258,291.709312344991,2.93610847679981
599.497933511239,103.001732862814,4.14289051705258
389.448194705003,230.532400266834,4.26978072001394
574.943261824542,409.891868472111,4.78707862245263
144.794896196574,282.975741272497,4.57732220373497
198.564593502746,363.981993067863,3.99265509955197
126.314078793813,412.311906857691,3.4078077934833
618.874101634423,314.887121145256,4.48426865853159
2.9874885991458,150.977652588881,4.26387957878135
544.031393597839,204.915284366439,4.15630972704728
33.8629807764496,492.317007552351,2.97996506714999
280.439458530089,23.1958290171397,3.89483127479785
536.295852863125,394.773527558115,3.40438807431299
70.9525910007469,83.9776186727354,5.1870356844637
5.41700148487317,79.7761520745909,3.50327082238689
585.837504254381,227.884328208961,4.09214204227374
431.089637117186,453.999840904358,4.73340233997752
659.781654033769,370.742448563878,2.89277894614388
109.911584514648,487.435755497744,4.40814753792416
622.718654408759,91.1026549858537,4.06961076783926
419.889683995085,258.023147757947,3.61922431953005
12.2478106655024,181.300382236549,3.48065603088605
53.6166008482451,107.059836035546,4.60850127017755
607.464800621232,204.743054439017,4.23917607042137
264.945331917728,224.642089017902,3.73293242666861
576.568482273163,435.481722480619,3.82541451647782
299.208570835288,136.134554276348,3.9094422049495
524.161237615543,463.15918694321,3.85668445461169
48.7306624759862,409.011697121849,3.84036751911233
197.637428531489,290.448705443824,3.96840740106549
553.558399853725,268.227745682761,3.55350599029978
162.733967156283,11.1528038783396,4.45348958993055
499.364394634593,338.62900574876,4.43298252780971
38.713829181949,57.2990794395392,4.0264849039547
550.246191163834,162.732912580602,4.98214769309865
NA,NA,NA
658.747181092557,335.2640817701,3.50649667358477
460.911181530711,293.686853385781,3.50975097831006
9.82076446428481,494.595021702864,3.70125230751599
563.148863138625,51.4175997831985,4.13373009788104
75.7332868768168,376.288103471024,4.03101741822734
228.523911234817,411.351496048748,3.95507269639959
429.70220966362,12.5990384804061,3.37741003208271
360.53422303258,291.709312344991,2.93610847679981
599.497933511239,103.001732862814,4.14289051705258
389.448194705003,230.532400266834,4.26978072001394
574.943261824542,409.891868472111,4.78707862245263
144.794896196574,282.975741272497,4.57732220373497
198.564593502746,363.981993067863,3.99265509955197
126.314078793813,412.311906857691,3.4078077934833
618.874101634423,314.887121145256,4.48426865853159
2.9874885991458,150.977652588881,4.26387957878135
544.031393597839,204.915284366439,4.15630972704728
33.8629807764496,492.317007552351,2.97996506714999
280.439458530089,23.1958290171397,3.89483127479785
536.295852863125,394.773527558115,3.40438807431299
70.9525910007469,83.9776186727354,5.1870356844637
5.41700148487317,79.7761520745909,3.50327082238689
585.837504254381,227.884328208961,4.09214204227374
431.089637117186,453.999840904358,4.73340233997752
659.781654033769,370.742448563878,2.89277894614388
109.911584514648,487.435755497744,4.40814753792416
622.718654408759,91.1026549858537,4.06961076783926
419.889683995085,258.023147757947,3.61922431953005
12.2478106655024,181.300382236549,3.48065603088605
53.6166008482451,107.059836035546,4.60850127017755
607.464800621232,204.743054439017,4.23917607042137
264.945331917728,224.642089017902,3.73293242666861
576.568482273163,435.481722480619,3.82541451647782
299.208570835288,136.134554276348,3.9094422049495
524.161237615543,463.15918694321,3.85668445461169
48.7306624759862,409.011697121849,3.84036751911233
197.637428531489,290.448705443824,3.96840740106549
553.558399853725,268.227745682761,3.55350599029978
162.733967156283,11.1528038783396,4.45348958993055
499.364394634593,338.62900574876,4.43298252780971
38.713829181949,57.2990794395392,4.0264849039547
550.246191163834,162.732912580602,4.98214769309865
NA,NA,NA
658.747181092557,335.2640817701,3.50649667358477
460.911181530711,293.686853385781,3.50975097831006
9.82076446428481,494.595021702864,3.70125230751599
563.148863138625,51.4175997831985,4.13373009788104
75.7332868768168,376.288103471024,4.03101741822734
228.523911234817,411.351496048748,3.95507269639959
429.70220966362,12.5990384804061,3.37741003208271
360.53422303258,291.709312344991,2.93610847679981
599.497933511239,103.001732862814,4.14289051705258
389.448194705003,230.532400266834,4.26978072001394
574.943261824542,409.891868472111,4.78707862245263
144.794896196574,282.975741272497,4.57732220373497
198.564593502746,363.981993067863,3.99265509955197
126.314078793813,412.311906857691,3.4078077934833
618.874101634423,314.887121145256,4.48426865853159
2.9874885991458,150.977652588881,4.26387957878135
544.031393597839,204.915284366439,4.15630972704728
33.8629807764496,492.317007552351,2.97996506714999
280.439458530089,23.1958290171397,3.89483127479785
536.295852863125,394.773527558115,3.40438807431299
70.9525910007469,83.9776186727354,5.1870356844637
5.41700148487317,79.7761520745909,3.50327082238689
585.837504254381,227.884328208961,4.09214204227374
431.089637117186,453.999840904358,4.73340233997752
659.781654033769,370.742448563878,2.89277894614388
109.911584514648,487.435755497744,4.40814753792416
622.718654408759,91.1026549858537,4.06961076783926
419.889683995085,258.023147757947,3.61922431953005
12.2478106655024,181.300382236549,3.48065603088605
53.6166008482451,107.059836035546,4.60850127017755
607.464800621232,204.743054439017,4.23917607042137
264.945331917728,224.642089017902,3.73293242666861
576.568482273163,435.481722480619,3.82541451647782
299.208570835288,136.134554276348,3.9094422049495
524.161237615543,463.15918694321,3.85668445461169
48.7306624759862,409.011697121849,3.84036751911233
197.637428531489,290.448705443824,3.96840740106549
553.558399853725,268.227745682761,3.55350599029978
162.733967156283,11.1528038783396,4.45348958993055
499.364394634593,338.62900574876,4.43298252780971
38.713829181949,57.2990794395392,4.0264849039547
550.246191163834,162.732912580602,4.98214769309865
NA,NA,NA
658.747181092557,335.2640817701,3.50649667358477
460.911181530711,293.686853385781,3.50975097831006
9.82076446428481,494.595021702864,3.70125230751599
563.148863138625,51.4175997831985,4.13373009788104
75.7332868768168,376.288103471024,4.03101741822734
228.523911234817,411.351496048748,3.95507269639959
429.70220966362,12.5990384804061,3.37741003208271
360.53422303258,291.709312344991,2.93610847679981
599.497933511239,103.001732862814,4.14289051705258
389.448194705003,230.532400266834,4.26978072001394
574.943261824542,409.891868472111,4.78707862245263
144.794896196574,282.975741272497,4.57732220373497
198.564593502746,363.981993067863,3.99265509955197
126.314078793813,412.311906857691,3.4078077934833
618.874101634423,314.887121145256,4.48426865853159
2.9874885991458,150.977652588881,4.26387957878135
544.031393597839,204.915284366439,4.15630972704728
33.8629807764496,492.317007552351,2.97996506714999
280.439458530089,23.1958290171397,3.89483127479785
536.295852863125,394.773527558115,3.40438807431299
70.9525910007469,83.9776186727354,5.1870356844637
5.41700148487317,79.7761520745909,3.50327082238689
585.837504254381,227.884328208961,4.09214204227374
431.089637117186,453.999840904358,4.73340233997752
659.781654033769,370.742448563878,2.89277894614388
109.911584514648,487.435755497744,4.40814753792416
622.718654408759,91.1026549858537,4.06961076783926
419.889683995085,258.023147757947,3.61922431953005
12.2478106655024,181.300382236549,3.48065603088605
53.6166008482451,107.059836035546,4.60850127017755
607.464800621232,204.743054439017,4.23917607042137
264.945331917728,224.642089017902,3.73293242666861
576.568482273163,435.481722480619,3.82541451647782
299.208570835288,136.134554276348,3.9094422049495
524.161237615543,463.15918694321,3.85668445461169
48.7306624759862,409.011697121849,3.84036751911233
197.637428531489,290.448705443824,3.96840740106549
553.558399853725,268.227745682761,3.55350599029978
162.733967156283,11.1528038783396,4.45348958993055
499.364394634593,338.62900574876,4.43298252780971
38.713829181949,57.2990794395392,4.0264849039547
550.246191163834,162.732912580602,4.98214769309865
NA,NA,NA
665.226069374766,337.163734154988,3.42969163131285
459.5363496827,299.862243088308,3.56799760985721
7.67294506538843,494.031176576043,3.56404910542727
560.948916849422,53.6037366554145,4.24342617457132
72.1425797823435,376.27710751053,4.07771812989693
230.77968479077,417.529746744273,4.04473698428098
428.660119210163,11.3704769143644,3.25833384850224
361.453363295864,291.763579992249,3.05960209560326
608.908771573864,107.977255705668,4.22841604249193
388.531768112655,230.897363679394,4.18945959433848
566.262403469899,405.947457994483,4.75854897585448
139.675760222459,279.858718146871,4.43995638781683
201.192467920267,366.138203165849,4.11859378282856
123.352043963771,413.007964115163,3.31930295303617
621.443755233583,311.102743564153,4.6772370775876
3.74497586600784,148.309881870619,4.34200248415739
543.633086004259,200.341780428889,4.14790636580716
32.5349632438219,491.675936845796,3.10457581503768
282.679467336285,20.3905496057338,4.00116161053021
538.169960186061,392.420049993289,3.4219486229745
80.8347354094306,84.2454554451464,5.19555646872052
5.09333161174413,75.7307373947087,3.46003856416503
585.397661804537,231.712652937975,4.06035723465418
441.392802338216,456.996039258648,4.72861253860265
657.647864750112,373.83762526377,3.19069605518775
103.773652872708,482.818092748891,4.43230734174704
623.828197614738,93.5673149630175,4.04070518712785
422.377166978721,256.444309018486,3.62523920128543
11.9710983028158,180.974130164415,3.1611042447056
66.1901396923564,117.467606438473,4.37887266774625
607.681714256302,211.094681669277,4.33070627455456
251.587142504369,215.603365859,3.98474985926416
574.86002446663,439.595077999243,3.80750944483875
300.83756324218,139.850500791609,3.97040626729416
532.056383241009,455.173591484037,3.63981872507838
43.725515537768,415.108477683756,4.07130555349515
201.867721276614,296.163817389864,3.86199421402294
557.78251278874,269.656233345815,3.80361845028367
178.175124624146,30.234631741648,4.14929706493032
512.570089909639,358.864778224397,4.44430695058228
41.6678712577064,51.7142323309772,3.95004286896701
542.194926923916,137.786820087258,4.89740175554281
NA,NA,NA
665.226069374766,337.163734154988,3.42969163131285
459.5363496827,299.862243088308,3.56799760985721
7.67294506538843,494.031176576043,3.56404910542727
560.948916849422,53.6037366554145,4.24342617457132
72.1425797823435,376.27710751053,4.07771812989693
230.77968479077,417.529746744273,4.04473698428098
428.660119210163,11.3704769143644,3.25833384850224
361.453363295864,291.763579992249,3.05960209560326
608.908771573864,107.977255705668,4.22841604249193
388.531768112655,230.897363679394,4.18945959433848
566.262403469899,405.947457994483,4.75854897585448
139.675760222459,279.858718146871,4.43995638781683
201.192467920267,366.138203165849,4.11859378282856
123.352043963771,413.007964115163,3.31930295303617
621.443755233583,311.102743564153,4.6772370775876
3.74497586600784,148.309881870619,4.34200248415739
543.633086004259,200.341780428889,4.14790636580716
32.5349632438219,491.675936845796,3.10457581503768
282.679467336285,20.3905496057338,4.00116161053021
538.169960186061,392.420049993289,3.4219486229745
80.8347354094306,84.2454554451464,5.19555646872052
5.09333161174413,75.7307373947087,3.46003856416503
585.397661804537,231.712652937975,4.06035723465418
441.392802338216,456.996039258648,4.72861253860265
657.647864750112,373.83762526377,3.19069605518775
103.773652872708,482.818092748891,4.43230734174704
623.828197614738,93.5673149630175,4.04070518712785
422.377166978721,256.444309018486,3.62523920128543
11.9710983028158,180.974130164415,3.1611042447056
66.1901396923564,117.467606438473,4.37887266774625
607.681714256302,211.094681669277,4.33070627455456
251.587142504369,215.603365859,3.98474985926416
574.86002446663,439.595077999243,3.80750944483875
300.83756324218,139.850500791609,3.97040626729416
532.056383241009,455.173591484037,3.63981872507838
43.725515537768,415.108477683756,4.07130555349515
201.867721276614,296.163817389864,3.86199421402294
557.78251278874,269.656233345815,3.80361845028367
178.175124624146,30.234631741648,4.14929706493032
512.570089909639,358.864778224397,4.44430695058228
41.6678712577064,51.7142323309772,3.95004286896701
542.194926923916,137.786820087258,4.89740175554281
NA,NA,NA
665.226069374766,337.163734154988,3.42969163131285
459.5363496827,299.862243088308,3.56799760985721
7.67294506538843,494.031176576043,3.56404910542727
560.948916849422,53.6037366554145,4.24342617457132
72.1425797823435,376.27710751053,4.07771812989693
230.77968479077,417.529746744273,4.04473698428098
428.660119210163,11.3704769143644,3.25833384850224
361.453363295864,291.763579992249,3.05960209560326
608.908771573864,107.977255705668,4.22841604249193
388.531768112655,230.897363679394,4.18945959433848
566.262403469899,405.947457994483,4.75854897585448
139.675760222459,279.858718146871,4.43995638781683
201.192467920267,366.138203165849,4.11859378282856
123.352043963771,413.007964115163,3.31930295303617
621.443755233583,311.102743564153,4.6772370775876
3.74497586600784,148.309881870619,4.34200248415739
543.633086004259,200.341780428889,4.14790636580716
32.5349632438219,491.675936845796,3.10457581503768
282.679467336285,20.3905496057338,4.00116161053021
538.169960186061,392.420049993289,3.4219486229745
80.8347354094306,84.2454554451464,5.19555646872052
5.09333161174413,75.7307373947087,3.46003856416503
585.397661804537,231.712652937975,4.06035723465418
441.392802338216,456.996039258648,4.72861253860265
657.647864750112,373.83762526377,3.19069605518775
103.773652872708,482.818092748891,4.43230734174704
623.828197614738,93.5673149630175,4.04070518712785
422.377166978721,256.444309018486,3.62523920128543
11.9710983028158,180.974130164415,3.1611042447056
66.1901396923564,117.467606438473,4.37887266774625
607.681714256302,211.094681669277,4.33070627455456
251.587142504369,215.603365859,3.98474985926416
574.86002446663,439.595077999243,3.80750944483875
300.83756324218,139.850500791609,3.97040626729416
532.056383241009,455.173591484037,3.63981872507838
43.725515537768,415.108477683756,4.07130555349515
201.867721276614,296.163817389864,3.86199421402294
557.78251278874,269.656233345815,3.80361845028367
178.175124624146,30.234631741648,4.14929706493032
512.570089909639,358.864778224397,4.44430695058228
41.6678712577064,51.7142323309772,3.95004286896701
542.194926923916,137.786820087258,4.89740175554281
NA,NA,NA
665.226069374766,337.163734154988,3.42969163131285
459.5363496827,299.862243088308,3.56799760985721
7.67294506538843,494.031176576043,3.56404910542727
560.948916849422,53.6037366554145,4.24342617457132
72.1425797823435,376.27710751053,4.07771812989693
230.77968479077,417.529746744273,4.04473698428098
428.660119210163,11.3704769143644,3.25833384850224
361.453363295864,291.763579992249,3.05960209560326
608.908771573864,107.977255705668,4.22841604249193
388.531768112655,230.897363679394,4.18945959433848
566.262403469899,405.947457994483,4.75854897585448
139.675760222459,279.858718146871,4.43995638781683
201.192467920267,366.138203165849,4.11859378282856
123.352043963771,413.007964115163,3.31930295303617
621.443755233583,311.102743564153,4.6772370775876
3.74497586600784,148.309881870619,4.34200248415739
543.633086004259,200.341780428889,4.14790636580716
32.5349632438219,491.675936845796,3.10457581503768
282.679467336285,20.3905496057338,4.00116161053021
538.169960186061,392.420049993289,3.4219486229745
80.8347354094306,84.2454554451464,5.19555646872052
5.09333161174413,75.7307373947087,3.46003856416503
585.397661804537,231.712652937975,4.06035723465418
441.392802338216,456.996039258648,4.72861253860265
657.647864750112,373.83762526377,3.19069605518775
103.773652872708,482.818092748891,4.43230734174704
623.828197614738,93.5673149630175,4.04070518712785
422.377166978721,256.444309018486,3.62523920128543
11.9710983028158,180.974130164415,3.1611042447056
66.1901396923564,117.467606438473,4.37887266774625
607.681714256302,211.094681669277,4.33070627455456
251.587142504369,215.603365859,3.98474985926416
574.86002446663,439.595077999243,3.80750944483875
300.83756324218,139.850500791609,3.97040626729416
532.056383241009,455.173591484037,3.63981872507838
43.725515537768,415.108477683756,4.07130555349515
201.867721276614,296.163817389864,3.86199421402294
557.78251278874,269.656233345815,3.80361845028367
178.175124624146,30.234631741648,4.14929706493032
512.570089909639,358.864778224397,4.44430695058228
41.6678712577064,51.7142323309772,3.95004286896701
542.194926923916,137.786820087258,4.89740175554281
NA,NA,NA
665.226069374766,337.163734154988,3.42969163131285
459.5363496827,299.862243088308,3.56799760985721
7.67294506538843,494.031176576043,3.56404910542727
560.948916849422,53.6037366554145,4.24342617457132
72.1425797823435,376.27710751053,4.07771812989693
230.77968479077,417.529746744273,4.04473698428098
428.660119210163,11.3704769143644,3.25833384850224
361.453363295864,291.763579992249,3.05960209560326
608.908771573864,107.977255705668,4.22841604249193
388.531768112655,230.897363679394,4.18945959433848
566.262403469899,405.947457994483,4.75854897585448
139.675760222459,279.858718146871,4.43995638781683
201.192467920267,366.138203165849,4.11859378282856
123.352043963771,413.007964115163,3.31930295303617
621.443755233583,311.102743564153,4.6772370775876
3.74497586600784,148.309881870619,4.34200248415739
543.633086004259,200.341780428889,4.14790636580716
32.5349632438219,491.675936845796,3.10457581503768
282.679467336285,20.3905496057338,4.00116161053021
538.169960186061,392.420049993289,3.4219486229745
80.8347354094306,84.2454554451464,5.19555646872052
5.09333161174413,75.7307373947087,3.46003856416503
585.397661804537,231.712652937975,4.06035723465418
441.392802338216,456.996039258648,4.72861253860265
657.647864750112,373.83762526377,3.19069605518775
103.773652872708,482.818092748891,4.43230734174704
623.828197614738,93.5673149630175,4.04070518712785
422.377166978721,256.444309018486,3.62523920128543
11.9710983028158,180.974130164415,3.1611042447056
66.1901396923564,117.467606438473,4.37887266774625
607.681714256302,211.094681669277,4.33070627455456
251.587142504369,215.603365859,3.98474985926416
574.86002446663,439.595077999243,3.80750944483875
300.83756324218,139.850500791609,3.97040626729416
532.056383241009,455.173591484037,3.63981872507838
43.725515537768,415.108477683756,4.07130555349515
201.867721276614,296.163817389864,3.86199421402294
557.78251278874,269.656233345815,3.80361845028367
178.175124624146,30.234631741648,4.14929706493032
512.570089909639,358.864778224397,4.44430695058228
41.6678712577064,51.7142323309772,3.95004286896701
542.194926923916,137.786820087258,4.89740175554281
NA,NA,NA
665.226069374766,337.163734154988,3.42969163131285
459.5363496827,299.862243088308,3.56799760985721
7.67294506538843,494.031176576043,3.56404910542727
560.948916849422,53.6037366554145,4.24342617457132
72.1425797823435,376.27710751053,4.07771812989693
230.77968479077,417.529746744273,4.04473698428098
428.660119210163,11.3704769143644,3.25833384850224
361.453363295864,291.763579992249,3.05960209560326
608.908771573864,107.977255705668,4.22841604249193
388.531768112655,230.897363679394,4.18945959433848
566.262403469899,405.947457994483,4.75854897585448
139.675760222459,279.858718146871,4.43995638781683
201.192467920267,366.138203165849,4.11859378282856
123.352043963771,413.007964115163,3.31930295303617
621.443755233583,311.102743564153,4.6772370775876
3.74497586600784,148.309881870619,4.34200248415739
543.633086004259,200.341780428889,4.14790636580716
32.5349632438219,491.675936845796,3.10457581503768
282.679467336285,20.3905496057338,4.00116161053021
538.169960186061,392.420049993289,3.4219486229745
80.8347354094306,84.2454554451464,5.19555646872052
5.09333161174413,75.7307373947087,3.46003856416503
585.397661804537,231.712652937975,4.06035723465418
441.392802338216,456.996039258648,4.72861253860265
657.647864750112,373.83762526377,3.19069605518775
103.773652872708,482.818092748891,4.43230734174704
623.828197614738,93.5673149630175,4.04070518712785
422.377166978721,256.444309018486,3.62523920128543
11.9710983028158,180.974130164415,3.1611042447056
66.1901396923564,117.467606438473,4.37887266774625
607.681714256302,211.094681669277,4.33070627455456
251.587142504369,215.603365859,3.98474985926416
574.86002446663,439.595077999243,3.80750944483875
300.83756324218,139.850500791609,3.97040626729416
532.056383241009,455.173591484037,3.63981872507838
43.725515537768,415.108477683756,4.07130555349515
201.867721276614,296.163817389864,3.86199421402294
557.78251278874,269.656233345815,3.80361845028367
178.175124624146,30.234631741648,4.14929706493032
512.570089909639,358.864778224397,4.44430695058228
41.6678712577064,51.7142323309772,3.95004286896701
542.194926923916,137.786820087258,4.89740175554281
NA,NA,NA
665.776870417113,334.217949775643,3.58945426456357
458.407734483041,296.21035621618,3.65512399810487
10.8336303587905,498.100163051679,3.52770120421903
565.110305443517,55.2894217405632,4.1740933830918
70.4347331073777,376.222968331831,4.11929321544585
227.023299388078,420.031473996399,3.85783532827103
427.690227462708,12.7522270200978,3.18576596200576
360.66386743523,292.514024754336,3.04932355889647
606.822422738262,104.268102700968,3.96913978031749
393.400283872431,231.865605001042,4.17611185605675
564.880563910215,410.991701194416,4.73280533112687
144.193063040887,283.322665786691,4.66115618375917
207.082355477777,369.810982697988,3.95249018297463
124.061392508482,410.168226002001,3.38504617581278
626.238216795721,312.826163747707,4.48194808336526
4.06637508935461,148.777518583523,4.19730190209642
546.813720288329,203.713116634665,4.31394815080576
34.9194519414517,493.906664191935,2.9198049528384
275.598028998143,22.3278477800497,3.8758613074465
534.78777647365,394.353402542541,3.4494286680857
72.0031194049493,86.498994567513,5.22710416331822
5.65599919815007,78.7032788317407,3.41781603890586
584.586277517762,221.221503291829,4.01382986336541
441.191570971747,453.610370078293,4.85708592782808
658.836800065293,372.307369587571,2.92136328290519
102.832587373836,486.464158653006,4.32117829734447
626.423901246542,89.9125760601895,4.0949786192742
417.89782770741,255.226997511312,3.67217654795114
10.7797854866116,180.799671980631,3.23588573923687
69.6032204654211,110.136067828369,4.4077600740263
616.469286143862,214.123581674846,4.34719083686084
251.993954133903,218.319255524653,3.621278720936
574.684575606966,440.129773125994,3.67183516471504
297.383028284613,135.628027145411,3.92382088624832
531.584074502277,463.699294941271,3.56373733674706
60.7998162047565,414.003870858438,3.91607693559163
192.059545994665,300.388721067065,3.89412997876499
549.689998750492,261.986984809387,3.76965180256625
179.990059296955,30.5708636296705,4.00162417544239
488.271778872998,353.269452719467,4.51148602170689
40.1385023692446,48.9421661852331,4.06030676225509
526.815227010291,155.13079927142,4.52207246488435
NA,NA,NA
665.776870417113,334.217949775643,3.58945426456357
458.407734483041,296.21035621618,3.65512399810487
10.8336303587905,498.100163051679,3.52770120421903
565.110305443517,55.2894217405632,4.1740933830918
70.4347331073777,376.222968331831,4.11929321544585
227.023299388078,420.031473996399,3.85783532827103
427.690227462708,12.7522270200978,3.18576596200576
360.66386743523,292.514024754336,3.04932355889647
606.822422738262,104.268102700968,3.96913978031749
393.400283872431,231.865605001042,4.17611185605675
564.880563910215,410.991701194416,4.73280533112687
144.193063040887,283.322665786691,4.66115618375917
207.082355477777,369.810982697988,3.95249018297463
124.061392508482,410.168226002001,3.38504617581278
626.238216795721,312.826163747707,4.48194808336526
4.06637508935461,148.777518583523,4.19730190209642
546.813720288329,203.713116634665,4.31394815080576
34.9194519414517,493.906664191935,2.9198049528384
275.598028998143,22.3278477800497,3.8758613074465
534.78777647365,394.353402542541,3.4494286680857
72.0031194049493,86.498994567513,5.22710416331822
5.65599919815007,78.7032788317407,3.41781603890586
584.586277517762,221.221503291829,4.01382986336541
441.191570971747,453.610370078293,4.85708592782808
658.836800065293,372.307369587571,2.92136328290519
102.832587373836,486.464158653006,4.32117829734447
626.423901246542,89.9125760601895,4.0949786192742
417.89782770741,255.226997511312,3.67217654795114
10.7797854866116,180.799671980631,3.23588573923687
69.6032204654211,110.136067828369,4.4077600740263
616.469286143862,214.123581674846,4.34719083686084
251.993954133903,218.319255524653,3.621278720936
574.684575606966,440.129773125994,3.67183516471504
297.383028284613,135.628027145411,3.92382088624832
531.584074502277,463.699294941271,3.56373733674706
60.7998162047565,414.003870858438,3.91607693559163
192.059545994665,300.388721067065,3.89412997876499
549.689998750492,261.986984809387,3.76965180256625
179.990059296955,30.5708636296705,4.00162417544239
488.271778872998,353.269452719467,4.51148602170689
40.1385023692446,48.9421661852331,4.06030676225509
526.815227010291,155.13079927142,4.52207246488435
NA,NA,NA
665.776870417113,334.217949775643,3.58945426456357
458.407734483041,296.21035621618,3.65512399810487
10.8336303587905,498.100163051679,3.52770120421903
565.110305443517,55.2894217405632,4.1740933830918
70.4347331073777,376.222968331831,4.11929321544585
227.023299388078,420.031473996399,3.85783532827103
427.690227462708,12.7522270200978,3.18576596200576
360.66386743523,292.514024754336,3.04932355889647
606.822422738262,104.268102700968,3.96913978031749
393.400283872431,231.865605001042,4.17611185605675
564.880563910215,410.991701194416,4.73280533112687
144.193063040887,283.322665786691,4.66115618375917
207.082355477777,369.810982697988,3.95249018297463
124.061392508482,410.168226002001,3.38504617581278
626.238216795721,312.826163747707,4.48194808336526
4.06637508935461,148.777518583523,4.19730190209642
546.813720288329,203.713116634665,4.31394815080576
34.9194519414517,493.906664191935,2.9198049528384
275.598028998143,22.3278477800497,3.8758613074465
534.78777647365,394.353402542541,3.4494286680857
72.0031194049493,86.498994567513,5.22710416331822
5.65599919815007,78.7032788317407,3.41781603890586
584.586277517762,221.221503291829,4.01382986336541
441.191570971747,453.610370078293,4.85708592782808
658.836800065293,372.307369587571,2.92136328290519
102.832587373836,486.464158653006,4.32117829734447
626.423901246542,89.9125760601895,4.0949786192742
417.89782770741,255.226997511312,3.67217654795114
10.7797854866116,180.799671980631,3.23588573923687
69.6032204654211,110.136067828369,4.4077600740263
616.469286143862,214.123581674846,4.34719083686084
251.993954133903,218.319255524653,3.621278720936
574.684575606966,440.129773125994,3.67183516471504
297.383028284613,135.628027145411,3.92382088624832
531.584074502277,463.699294941271,3.56373733674706
60.7998162047565,414.003870858438,3.91607693559163
192.059545994665,300.388721067065,3.89412997876499
549.689998750492,261.986984809387,3.76965180256625
179.990059296955,30.5708636296705,4.00162417544239
488.271778872998,353.269452719467,4.51148602170689
40.1385023692446,48.9421661852331,4.06030676225509
526.815227010291,155.13079927142,4.52207246488435
NA,NA,NA
665.776870417113,334.217949775643,3.58945426456357
458.407734483041,296.21035621618,3.65512399810487
10.8336303587905,498.100163051679,3.52770120421903
565.110305443517,55.2894217405632,4.1740933830918
70.4347331073777,376.222968331831,4.11929321544585
227.023299388078,420.031473996399,3.85783532827103
427.690227462708,12.7522270200978,3.18576596200576
360.66386743523,292.514024754336,3.04932355889647
606.822422738262,104.268102700968,3.96913978031749
393.400283872431,231.865605001042,4.17611185605675
564.880563910215,410.991701194416,4.73280533112687
144.193063040887,283.322665786691,4.66115618375917
207.082355477777,369.810982697988,3.95249018297463
124.061392508482,410.168226002001,3.38504617581278
626.238216795721,312.826163747707,4.48194808336526
4.06637508935461,148.777518583523,4.19730190209642
546.813720288329,203.713116634665,4.31394815080576
34.9194519414517,493.906664191935,2.9198049528384
275.598028998143,22.3278477800497,3.8758613074465
534.78777647365,394.353402542541,3.4494286680857
72.0031194049493,86.498994567513,5.22710416331822
5.65599919815007,78.7032788317407,3.41781603890586
584.586277517762,221.221503291829,4.01382986336541
441.191570971747,453.610370078293,4.85708592782808
658.836800065293,372.307369587571,2.92136328290519
102.832587373836,486.464158653006,4.32117829734447
626.423901246542,89.9125760601895,4.0949786192742
417.89782770741,255.226997511312,3.67217654795114
10.7797854866116,180.799671980631,3.23588573923687
69.6032204654211,110.136067828369,4.4077600740263
616.469286143862,214.123581674846,4.34719083686084
251.993954133903,218.319255524653,3.621278720936
574.684575606966,440.129773125994,3.67183516471504
297.383028284613,135.628027145411,3.92382088624832
531.584074502277,463.699294941271,3.56373733674706
60.7998162047565,414.003870858438,3.91607693559163
192.059545994665,300.388721067065,3.89412997876499
549.689998750492,261.986984809387,3.76965180256625
179.990059296955,30.5708636296705,4.00162417544239
488.271778872998,353.269452719467,4.51148602170689
40.1385023692446,48.9421661852331,4.06030676225509
526.815227010291,155.13079927142,4.52207246488435
NA,NA,NA
665.776870417113,334.217949775643,3.58945426456357
458.407734483041,296.21035621618,3.65512399810487
10.8336303587905,498.100163051679,3.52770120421903
565.110305443517,55.2894217405632,4.1740933830918
70.4347331073777,376.222968331831,4.11929321544585
227.023299388078,420.031473996399,3.85783532827103
427.690227462708,12.7522270200978,3.18576596200576
360.66386743523,292.514024754336,3.04932355889647
606.822422738262,104.268102700968,3.96913978031749
393.400283872431,231.865605001042,4.17611185605675
564.880563910215,410.991701194416,4.73280533112687
144.193063040887,283.322665786691,4.66115618375917
207.082355477777,369.810982697988,3.95249018297463
124.061392508482,410.168226002001,3.38504617581278
626.238216795721,312.826163747707,4.48194808336526
4.06637508935461,148.777518583523,4.19730190209642
546.813720288329,203.713116634665,4.31394815080576
34.9194519414517,493.906664191935,2.9198049528384
275.598028998143,22.3278477800497,3.8758613074465
534.78777647365,394.353402542541,3.4494286680857
72.0031194049493,86.498994567513,5.22710416331822
5.65599919815007,78.7032788317407,3.41781603890586
584.586277517762,221.221503291829,4.01382986336541
441.191570971747,453.610370078293,4.85708592782808
658.836800065293,372.307369587571,2.92136328290519
102.832587373836,486.464158653006,4.32117829734447
626.423901246542,89.9125760601895,4.0949786192742
417.89782770741,255.226997511312,3.67217654795114
10.7797854866116,180.799671980631,3.23588573923687
69.6032204654211,110.136067828369,4.4077600740263
616.469286143862,214.123581674846,4.34719083686084
251.993954133903,218.319255524653,3.621278720936
574.684575606966,440.129773125994,3.67183516471504
297.383028284613,135.628027145411,3.92382088624832
531.584074502277,463.699294941271,3.56373733674706
60.7998162047565,414.003870858438,3.91607693559163
192.059545994665,300.388721067065,3.89412997876499
549.689998750492,261.986984809387,3.76965180256625
179.990059296955,30.5708636296705,4.00162417544239
488.271778872998,353.269452719467,4.51148602170689
40.1385023692446,48.9421661852331,4.06030676225509
526.815227010291,155.13079927142,4.52207246488435
NA,NA,NA
665.776870417113,334.217949775643,3.58945426456357
458.407734483041,296.21035621618,3.65512399810487
10.8336303587905,498.100163051679,3.52770120421903
565.110305443517,55.2894217405632,4.1740933830918
70.4347331073777,376.222968331831,4.11929321544585
227.023299388078,420.031473996399,3.85783532827103
427.690227462708,12.7522270200978,3.18576596200576
360.66386743523,292.514024754336,3.04932355889647
606.822422738262,104.268102700968,3.96913978031749
393.400283872431,231.865605001042,4.17611185605675
564.880563910215,410.991701194416,4.73280533112687
144.193063040887,283.322665786691,4.66115618375917
207.082355477777,369.810982697988,3.95249018297463
124.061392508482,410.168226002001,3.38504617581278
626.238216795721,312.826163747707,4.48194808336526
4.06637508935461,148.777518583523,4.19730190209642
546.813720288329,203.713116634665,4.31394815080576
34.9194519414517,493.906664191935,2.9198049528384
275.598028998143,22.3278477800497,3.8758613074465
534.78777647365,394.353402542541,3.4494286680857
72.0031194049493,86.498994567513,5.22710416331822
5.65599919815007,78.7032788317407,3.41781603890586
584.586277517762,221.221503291829,4.01382986336541
441.191570971747,453.610370078293,4.85708592782808
658.836800065293,372.307369587571,2.92136328290519
102.832587373836,486.464158653006,4.32117829734447
626.423901246542,89.9125760601895,4.0949786192742
417.89782770741,255.226997511312,3.67217654795114
10.7797854866116,180.799671980631,3.23588573923687
69.6032204654211,110.136067828369,4.4077600740263
616.469286143862,214.123581674846,4.34719083686084
251.993954133903,218.319255524653,3.621278720936
574.684575606966,440.129773125994,3.67183516471504
297.383028284613,135.628027145411,3.92382088624832
531.584074502277,463.699294941271,3.56373733674706
60.7998162047565,414.003870858438,3.91607693559163
192.059545994665,300.388721067065,3.89412997876499
549.689998750492,261.986984809387,3.76965180256625
179.990059296955,30.5708636296705,4.00162417544239
488.271778872998,353.269452719467,4.51148602170689
40.1385023692446,48.9421661852331,4.06030676225509
526.815227010291,155.13079927142,4.52207246488435
NA,NA,NA
663.022685299279,334.869363096599,3.46117366894069
455.427868631446,298.075072683907,3.68803688886685
12.3437568993262,491.74497061477,3.59575839126671
553.512674004708,53.8870439118412,4.23839248586095
71.4513531228972,371.120441788076,3.97753252616023
224.497492344742,417.632373363482,3.90435754443257
428.962109039317,12.2039518694092,3.37266947396622
362.220064389884,291.914161566062,3.05464549830558
603.633586542724,106.081317391184,4.20901127035627
395.685924108312,227.320280556871,4.28594521913755
565.385257236325,414.179884821556,4.70551279077364
139.951483455613,281.487634776467,4.73118286856526
200.837961189861,366.924944001492,4.04694588205088
124.78956898418,411.686708701201,3.56122325904
623.077553757203,310.96037826291,4.58235406641506
-3.74004879493353,150.39968383861,4.31108249180652
543.67401558752,208.188561218115,4.37208065148137
34.9970917844539,493.016581182389,2.97740140936387
274.679734608323,21.291172669312,3.8794116048487
536.218935775143,391.940128520636,3.24625962899042
76.0125014077335,76.8487729809003,5.21021298465704
3.98523945145952,78.853935664951,3.38409421594612
590.512126266255,221.139115890513,4.0165447044013
446.075079935026,464.908716943703,4.81243886651047
659.678097268764,371.905151984006,3.04843537808581
105.289599211689,484.216484723991,4.37397638033173
623.238825704439,90.4699224745209,4.14306249798134
421.959003434804,258.571408916417,3.54727328951277
13.5273909072007,180.494379041825,3.30696361858077
70.3486086513139,102.211218276255,4.38523091917411
626.412543658206,198.860614965806,4.37656690477041
247.824454408322,221.252243876671,3.65722465698294
569.807386454164,434.035482843932,3.98396524076621
299.645500315639,139.902133684999,3.77433799223705
530.400999120863,460.696956833322,3.66722151931358
41.7914116339929,420.172709605491,3.96896288278165
190.051640854347,298.957261807919,4.07090572026756
556.415071026731,265.778694288979,3.92901184449984
170.328420426235,26.1919562765558,4.33651618849752
498.030566546147,341.399115832478,4.69362542773866
46.2122656015465,55.22606081354,4.28469484928567
527.001693323276,132.645192809898,4.53367241965606
NA,NA,NA
663.022685299279,334.869363096599,3.46117366894069
455.427868631446,298.075072683907,3.68803688886685
12.3437568993262,491.74497061477,3.59575839126671
553.512674004708,53.8870439118412,4.23839248586095
71.4513531228972,371.120441788076,3.97753252616023
224.497492344742,417.632373363482,3.90435754443257
428.962109039317,12.2039518694092,3.37266947396622
362.220064389884,291.914161566062,3.05464549830558
603.633586542724,106.081317391184,4.20901127035627
395.685924108312,227.320280556871,4.28594521913755
565.385257236325,414.179884821556,4.70551279077364
139.951483455613,281.487634776467,4.73118286856526
200.837961189861,366.924944001492,4.04694588205088
124.78956898418,411.686708701201,3.56122325904
623.077553757203,310.96037826291,4.58235406641506
-3.74004879493353,150.39968383861,4.31108249180652
543.67401558752,208.188561218115,4.37208065148137
34.9970917844539,493.016581182389,2.97740140936387
274.679734608323,21.291172669312,3.8794116048487
536.218935775143,391.940128520636,3.24625962899042
76.0125014077335,76.8487729809003,5.21021298465704
3.98523945145952,78.853935664951,3.38409421594612
590.512126266255,221.139115890513,4.0165447044013
446.075079935026,464.908716943703,4.81243886651047
659.678097268764,371.905151984006,3.04843537808581
105.289599211689,484.216484723991,4.37397638033173
623.238825704439,90.4699224745209,4.14306249798134
421.959003434804,258.571408916417,3.54727328951277
13.5273909072007,180.494379041825,3.30696361858077
70.3486086513139,102.211218276255,4.38523091917411
626.412543658206,198.860614965806,4.37656690477041
247.824454408322,221.252243876671,3.65722465698294
569.807386454164,434.035482843932,3.98396524076621
299.645500315639,139.902133684999,3.77433799223705
530.400999120863,460.696956833322,3.66722151931358
41.7914116339929,420.172709605491,3.96896288278165
190.051640854347,298.957261807919,4.07090572026756
556.415071026731,265.778694288979,3.92901184449984
170.328420426235,26.1919562765558,4.33651618849752
498.030566546147,341.399115832478,4.69362542773866
46.2122656015465,55.22606081354,4.28469484928567
527.001693323276,132.645192809898,4.53367241965606
NA,NA,NA
663.022685299279,334.869363096599,3.46117366894069
455.427868631446,298.075072683907,3.68803688886685
12.3437568993262,491.74497061477,3.59575839126671
553.512674004708,53.8870439118412,4.23839248586095
71.4513531228972,371.120441788076,3.97753252616023
224.497492344742,417.632373363482,3.90435754443257
428.962109039317,12.2039518694092,3.37266947396622
362.220064389884,291.914161566062,3.05464549830558
603.633586542724,106.081317391184,4.20901127035627
395.685924108312,227.320280556871,4.28594521913755
565.385257236325,414.179884821556,4.70551279077364
139.951483455613,281.487634776467,4.73118286856526
200.837961189861,366.924944001492,4.04694588205088
124.78956898418,411.686708701201,3.56122325904
623.077553757203,310.96037826291,4.58235406641506
-3.74004879493353,150.39968383861,4.31108249180652
543.67401558752,208.188561218115,4.37208065148137
34.9970917844539,493.016581182389,2.97740140936387
274.679734608323,21.291172669312,3.8794116048487
536.218935775143,391.940128520636,3.24625962899042
76.0125014077335,76.8487729809003,5.21021298465704
3.98523945145952,78.853935664951,3.38409421594612
590.512126266255,221.139115890513,4.0165447044013
446.075079935026,464.908716943703,4.81243886651047
659.678097268764,371.905151984006,3.04843537808581
105.289599211689,484.216484723991,4.37397638033173
623.238825704439,90.4699224745209,4.14306249798134
421.959003434804,258.571408916417,3.54727328951277
13.5273909072007,180.494379041825,3.30696361858077
70.3486086513139,102.211218276255,4.38523091917411
626.412543658206,198.860614965806,4.37656690477041
247.824454408322,221.252243876671,3.65722465698294
569.807386454164,434.035482843932,3.98396524076621
299.645500315639,139.902133684999,3.77433799223705
530.400999120863,460.696956833322,3.66722151931358
41.7914116339929,420.172709605491,3.96896288278165
190.051640854347,298.957261807919,4.07090572026756
556.415071026731,265.778694288979,3.92901184449984
170.328420426235,26.1919562765558,4.33651618849752
498.030566546147,341.399115832478,4.69362542773866
46.2122656015465,55.22606081354,4.28469484928567
527.001693323276,132.645192809898,4.53367241965606
NA,NA,NA
663.022685299279,334.869363096599,3.46117366894069
455.427868631446,298.075072683907,3.68803688886685
12.3437568993262,491.74497061477,3.59575839126671
553.512674004708,53.8870439118412,4.23839248586095
71.4513531228972,371.120441788076,3.97753252616023
224.497492344742,417.632373363482,3.90435754443257
428.962109039317,12.2039518694092,3.37266947396622
362.220064389884,291.914161566062,3.05464549830558
603.633586542724,106.081317391184,4.20901127035627
395.685924108312,227.320280556871,4.28594521913755
565.385257236325,414.179884821556,4.70551279077364
139.951483455613,281.487634776467,4.73118286856526
200.837961189861,366.924944001492,4.04694588205088
124.78956898418,411.686708701201,3.56122325904
623.077553757203,310.96037826291,4.58235406641506
-3.74004879493353,150.39968383861,4.31108249180652
543.67401558752,208.188561218115,4.37208065148137
34.9970917844539,493.016581182389,2.97740140936387
274.679734608323,21.291172669312,3.8794116048487
536.218935775143,391.940128520636,3.24625962899042
76.0125014077335,76.8487729809003,5.21021298465704
3.98523945145952,78.853935664951,3.38409421594612
590.512126266255,221.139115890513,4.0165447044013
446.075079935026,464.908716943703,4.81243886651047
659.678097268764,371.905151984006,3.04843537808581
105.289599211689,484.216484723991,4.37397638033173
623.238825704439,90.4699224745209,4.14306249798134
421.959003434804,258.571408916417,3.54727328951277
13.5273909072007,180.494379041825,3.30696361858077
70.3486086513139,102.211218276255,4.38523091917411
626.412543658206,198.860614965806,4.37656690477041
247.824454408322,221.252243876671,3.65722465698294
569.807386454164,434.035482843932,3.98396524076621
299.645500315639,139.902133684999,3.77433799223705
530.400999120863,460.696956833322,3.66722151931358
41.7914116339929,420.172709605491,3.96896288278165
190.051640854347,298.957261807919,4.07090572026756
556.415071026731,265.778694288979,3.92901184449984
170.328420426235,26.1919562765558,4.33651618849752
498.030566546147,341.399115832478,4.69362542773866
46.2122656015465,55.22606081354,4.28469484928567
527.001693323276,132.645192809898,4.53367241965606
NA,NA,NA
663.022685299279,334.869363096599,3.46117366894069
455.427868631446,298.075072683907,3.68803688886685
12.3437568993262,491.74497061477,3.59575839126671
553.512674004708,53.8870439118412,4.23839248586095
71.4513531228972,371.120441788076,3.97753252616023
224.497492344742,417.632373363482,3.90435754443257
428.962109039317,12.2039518694092,3.37266947396622
362.220064389884,291.914161566062,3.05464549830558
603.633586542724,106.081317391184,4.20901127035627
395.685924108312,227.320280556871,4.28594521913755
565.385257236325,414.179884821556,4.70551279077364
139.951483455613,281.487634776467,4.73118286856526
200.837961189861,366.924944001492,4.04694588205088
124.78956898418,411.686708701201,3.56122325904
623.077553757203,310.96037826291,4.58235406641506
-3.74004879493353,150.39968383861,4.31108249180652
543.67401558752,208.188561218115,4.37208065148137
34.9970917844539,493.016581182389,2.97740140936387
274.679734608323,21.291172669312,3.8794116048487
536.218935775143,391.940128520636,3.24625962899042
76.0125014077335,76.8487729809003,5.21021298465704
3.98523945145952,78.853935664951,3.38409421594612
590.512126266255,221.139115890513,4.0165447044013
446.075079935026,464.908716943703,4.81243886651047
659.678097268764,371.905151984006,3.04843537808581
105.289599211689,484.216484723991,4.37397638033173
623.238825704439,90.4699224745209,4.14306249798134
421.959003434804,258.571408916417,3.54727328951277
13.5273909072007,180.494379041825,3.30696361858077
70.3486086513139,102.211218276255,4.38523091917411
626.412543658206,198.860614965806,4.37656690477041
247.824454408322,221.252243876671,3.65722465698294
569.807386454164,434.035482843932,3.98396524076621
299.645500315639,139.902133684999,3.77433799223705
530.400999120863,460.696956833322,3.66722151931358
41.7914116339929,420.172709605491,3.96896288278165
190.051640854347,298.957261807919,4.07090572026756
556.415071026731,265.778694288979,3.92901184449984
170.328420426235,26.1919562765558,4.33651618849752
498.030566546147,341.399115832478,4.69362542773866
46.2122656015465,55.22606081354,4.28469484928567
527.001693323276,132.645192809898,4.53367241965606
NA,NA,NA
663.022685299279,334.869363096599,3.46117366894069
455.427868631446,298.075072683907,3.68803688886685
12.3437568993262,491.74497061477,3.59575839126671
553.512674004708,53.8870439118412,4.23839248586095
71.4513531228972,371.120441788076,3.97753252616023
224.497492344742,417.632373363482,3.90435754443257
428.962109039317,12.2039518694092,3.37266947396622
362.220064389884,291.914161566062,3.05464549830558
603.633586542724,106.081317391184,4.20901127035627
395.685924108312,227.320280556871,4.28594521913755
565.385257236325,414.179884821556,4.70551279077364
139.951483455613,281.487634776467,4.73118286856526
200.837961189861,366.924944001492,4.04694588205088
124.78956898418,411.686708701201,3.56122325904
623.077553757203,310.96037826291,4.58235406641506
-3.74004879493353,150.39968383861,4.31108249180652
543.67401558752,208.188561218115,4.37208065148137
34.9970917844539,493.016581182389,2.97740140936387
274.679734608323,21.291172669312,3.8794116048487
536.218935775143,391.940128520636,3.24625962899042
76.0125014077335,76.8487729809003,5.21021298465704
3.98523945145952,78.853935664951,3.38409421594612
590.512126266255,221.139115890513,4.0165447044013
446.075079935026,464.908716943703,4.81243886651047
659.678097268764,371.905151984006,3.04843537808581
105.289599211689,484.216484723991,4.37397638033173
623.238825704439,90.4699224745209,4.14306249798134
421.959003434804,258.571408916417,3.54727328951277
13.5273909072007,180.494379041825,3.30696361858077
70.3486086513139,102.211218276255,4.38523091917411
626.412543658206,198.860614965806,4.37656690477041
247.824454408322,221.252243876671,3.65722465698294
569.807386454164,434.035482843932,3.98396524076621
299.645500315639,139.902133684999,3.77433799223705
530.400999120863,460.696956833322,3.66722151931358
41.7914116339929,420.172709605491,3.96896288278165
190.051640854347,298.957261807919,4.07090572026756
556.415071026731,265.778694288979,3.92901184449984
170.328420426235,26.1919562765558,4.33651618849752
498.030566546147,341.399115832478,4.69362542773866
46.2122656015465,55.22606081354,4.28469484928567
527.001693323276,132.645192809898,4.53367241965606
NA,NA,NA
660.387447345868,334.751356940502,3.63576970920642
454.915822964792,294.993441360059,3.53342643861112
11.6810595471126,493.901349872173,3.55205259885433
557.010318658451,46.5686911894116,4.1997410468292
71.2967230890073,374.68869442305,4.11396697157212
229.041900377003,412.82528259877,3.88364543787942
427.766886115824,13.8183462859977,3.41421190111477
359.930026858813,293.956208090419,2.95452659665917
602.511573877606,105.32814196769,4.25118298762427
394.694335799816,228.451560697356,4.18064013876706
567.969889967055,408.211284894779,4.79070695248051
140.091902447147,281.811997840957,4.55431029766026
192.220947982568,371.318815043191,4.03206589482648
126.842819187934,405.447140363681,3.21649290621531
624.40013998273,312.045639557168,4.40232425770777
3.98231436580185,146.749141291807,4.25082248488988
542.060396690514,205.340978771884,4.25817123340907
34.4487350696918,491.664241337138,2.97754600357861
278.997728152846,26.7752620933679,4.00748696074538
534.987580095296,396.161807088601,3.40098535936622
76.1977563355352,72.7894074322924,5.17304364649367
6.82068691028723,76.8680390922897,3.4508204991861
589.419518027137,226.138665973969,4.06816107178167
439.136099976293,456.177316134463,4.73754498331161
657.788882833202,373.09186709981,3.15808392295674
105.718709625145,486.092813111463,4.32365566617407
619.61259961001,90.3655012713914,4.03028940051213
421.255910187446,258.198680378248,3.62945402609043
10.7418597219721,182.895864098203,3.04616772412975
66.1404741915295,114.543190153264,4.38065736976574
601.72406819677,188.953401464099,4.05874459049493
251.156453455392,226.968385366823,3.77830352538946
575.46944177014,433.911434944611,3.79437329703965
298.553476825205,141.825604031057,3.74625452818403
525.445495299484,456.945616603797,3.44456898736762
48.9557866847849,413.429157646803,4.1221945562276
195.773357847286,286.230410005,3.77140716334193
559.252667215617,266.191083424412,3.60125284079611
174.920142701735,27.2383989606242,4.16597911991246
512.915578726408,337.591240850856,4.48686152738494
43.789706808657,48.6763672550448,3.49644122530723
530.164096063203,144.128523323561,4.72770165258771
NA,NA,NA
660.387447345868,334.751356940502,3.63576970920642
454.915822964792,294.993441360059,3.53342643861112
11.6810595471126,493.901349872173,3.55205259885433
557.010318658451,46.5686911894116,4.1997410468292
71.2967230890073,374.68869442305,4.11396697157212
229.041900377003,412.82528259877,3.88364543787942
427.766886115824,13.8183462859977,3.41421190111477
359.930026858813,293.956208090419,2.95452659665917
602.511573877606,105.32814196769,4.25118298762427
394.694335799816,228.451560697356,4.18064013876706
567.969889967055,408.211284894779,4.79070695248051
140.091902447147,281.811997840957,4.55431029766026
192.220947982568,371.318815043191,4.03206589482648
126.842819187934,405.447140363681,3.21649290621531
624.40013998273,312.045639557168,4.40232425770777
3.98231436580185,146.749141291807,4.25082248488988
542.060396690514,205.340978771884,4.25817123340907
34.4487350696918,491.664241337138,2.97754600357861
278.997728152846,26.7752620933679,4.00748696074538
534.987580095296,396.161807088601,3.40098535936622
76.1977563355352,72.7894074322924,5.17304364649367
6.82068691028723,76.8680390922897,3.4508204991861
589.419518027137,226.138665973969,4.06816107178167
439.136099976293,456.177316134463,4.73754498331161
657.788882833202,373.09186709981,3.15808392295674
105.718709625145,486.092813111463,4.32365566617407
619.61259961001,90.3655012713914,4.03028940051213
421.255910187446,258.198680378248,3.62945402609043
10.7418597219721,182.895864098203,3.04616772412975
66.1404741915295,114.543190153264,4.38065736976574
601.72406819677,188.953401464099,4.05874459049493
251.156453455392,226.968385366823,3.77830352538946
575.46944177014,433.911434944611,3.79437329703965
298.553476825205,141.825604031057,3.74625452818403
525.445495299484,456.945616603797,3.44456898736762
48.9557866847849,413.429157646803,4.1221945562276
195.773357847286,286.230410005,3.77140716334193
559.252667215617,266.191083424412,3.60125284079611
174.920142701735,27.2383989606242,4.16597911991246
512.915578726408,337.591240850856,4.48686152738494
43.789706808657,48.6763672550448,3.49644122530723
530.164096063203,144.128523323561,4.72770165258771
NA,NA,NA
660.387447345868,334.751356940502,3.63576970920642
454.915822964792,294.993441360059,3.53342643861112
11.6810595471126,493.901349872173,3.55205259885433
557.010318658451,46.5686911894116,4.1997410468292
71.2967230890073,374.68869442305,4.11396697157212
229.041900377003,412.82528259877,3.88364543787942
427.766886115824,13.8183462859977,3.41421190111477
359.930026858813,293.956208090419,2.95452659665917
602.511573877606,105.32814196769,4.25118298762427
394.694335799816,228.451560697356,4.18064013876706
567.969889967055,408.211284894779,4.79070695248051
140.091902447147,281.811997840957,4.55431029766026
192.220947982568,371.318815043191,4.03206589482648
126.842819187934,405.447140363681,3.21649290621531
624.40013998273,312.045639557168,4.40232425770777
3.98231436580185,146.749141291807,4.25082248488988
542.060396690514,205.340978771884,4.25817123340907
34.4487350696918,491.664241337138,2.97754600357861
278.997728152846,26.7752620933679,4.00748696074538
534.987580095296,396.161807088601,3.40098535936622
76.1977563355352,72.7894074322924,5.17304364649367
6.82068691028723,76.8680390922897,3.4508204991861
589.419518027137,226.138665973969,4.06816107178167
439.136099976293,456.177316134463,4.73754498331161
657.788882833202,373.09186709981,3.15808392295674
105.718709625145,486.092813111463,4.32365566617407
619.61259961001,90.3655012713914,4.03028940051213
421.255910187446,258.198680378248,3.62945402609043
10.7418597219721,182.895864098203,3.04616772412975
66.1404741915295,114.543190153264,4.38065736976574
601.72406819677,188.953401464099,4.05874459049493
251.156453455392,226.968385366823,3.77830352538946
575.46944177014,433.911434944611,3.79437329703965
298.553476825205,141.825604031057,3.74625452818403
525.445495299484,456.945616603797,3.44456898736762
48.9557866847849,413.429157646803,4.1221945562276
195.773357847286,286.230410005,3.77140716334193
559.252667215617,266.191083424412,3.60125284079611
174.920142701735,27.2383989606242,4.16597911991246
512.915578726408,337.591240850856,4.48686152738494
43.789706808657,48.6763672550448,3.49644122530723
530.164096063203,144.128523323561,4.72770165258771
NA,NA,NA
660.387447345868,334.751356940502,3.63576970920642
454.915822964792,294.993441360059,3.53342643861112
11.6810595471126,493.901349872173,3.55205259885433
557.010318658451,46.5686911894116,4.1997410468292
71.2967230890073,374.68869442305,4.11396697157212
229.041900377003,412.82528259877,3.88364543787942
427.766886115824,13.8183462859977,3.41421190111477
359.930026858813,293.956208090419,2.95452659665917
602.511573877606,105.32814196769,4.25118298762427
394.694335799816,228.451560697356,4.18064013876706
567.969889967055,408.211284894779,4.79070695248051
140.091902447147,281.811997840957,4.55431029766026
192.220947982568,371.318815043191,4.03206589482648
126.842819187934,405.447140363681,3.21649290621531
624.40013998273,312.045639557168,4.40232425770777
3.98231436580185,146.749141291807,4.25082248488988
542.060396690514,205.340978771884,4.25817123340907
34.4487350696918,491.664241337138,2.97754600357861
278.997728152846,26.7752620933679,4.00748696074538
534.987580095296,396.161807088601,3.40098535936622
76.1977563355352,72.7894074322924,5.17304364649367
6.82068691028723,76.8680390922897,3.4508204991861
589.419518027137,226.138665973969,4.06816107178167
439.136099976293,456.177316134463,4.73754498331161
657.788882833202,373.09186709981,3.15808392295674
105.718709625145,486.092813111463,4.32365566617407
619.61259961001,90.3655012713914,4.03028940051213
421.255910187446,258.198680378248,3.62945402609043
10.7418597219721,182.895864098203,3.04616772412975
66.1404741915295,114.543190153264,4.38065736976574
601.72406819677,188.953401464099,4.05874459049493
251.156453455392,226.968385366823,3.77830352538946
575.46944177014,433.911434944611,3.79437329703965
298.553476825205,141.825604031057,3.74625452818403
525.445495299484,456.945616603797,3.44456898736762
48.9557866847849,413.429157646803,4.1221945562276
195.773357847286,286.230410005,3.77140716334193
559.252667215617,266.191083424412,3.60125284079611
174.920142701735,27.2383989606242,4.16597911991246
512.915578726408,337.591240850856,4.48686152738494
43.789706808657,48.6763672550448,3.49644122530723
530.164096063203,144.128523323561,4.72770165258771
NA,NA,NA
660.387447345868,334.751356940502,3.63576970920642
454.915822964792,294.993441360059,3.53342643861112
11.6810595471126,493.901349872173,3.55205259885433
557.010318658451,46.5686911894116,4.1997410468292
71.2967230890073,374.68869442305,4.11396697157212
229.041900377003,412.82528259877,3.88364543787942
427.766886115824,13.8183462859977,3.41421190111477
359.930026858813,293.956208090419,2.95452659665917
602.511573877606,105.32814196769,4.25118298762427
394.694335799816,228.451560697356,4.18064013876706
567.969889967055,408.211284894779,4.79070695248051
140.091902447147,281.811997840957,4.55431029766026
192.220947982568,371.318815043191,4.03206589482648
126.842819187934,405.447140363681,3.21649290621531
624.40013998273,312.045639557168,4.40232425770777
3.98231436580185,146.749141291807,4.25082248488988
542.060396690514,205.340978771884,4.25817123340907
34.4487350696918,491.664241337138,2.97754600357861
278.997728152846,26.7752620933679,4.00748696074538
534.987580095296,396.161807088601,3.40098535936622
76.1977563355352,72.7894074322924,5.17304364649367
6.82068691028723,76.8680390922897,3.4508204991861
589.419518027137,226.138665973969,4.06816107178167
439.136099976293,456.177316134463,4.73754498331161
657.788882833202,373.09186709981,3.15808392295674
105.718709625145,486.092813111463,4.32365566617407
619.61259961001,90.3655012713914,4.03028940051213
421.255910187446,258.198680378248,3.62945402609043
10.7418597219721,182.895864098203,3.04616772412975
66.1404741915295,114.543190153264,4.38065736976574
601.72406819677,188.953401464099,4.05874459049493
251.156453455392,226.968385366823,3.77830352538946
575.46944177014,433.911434944611,3.79437329703965
298.553476825205,141.825604031057,3.74625452818403
525.445495299484,456.945616603797,3.44456898736762
48.9557866847849,413.429157646803,4.1221945562276
195.773357847286,286.230410005,3.77140716334193
559.252667215617,266.191083424412,3.60125284079611
174.920142701735,27.2383989606242,4.16597911991246
512.915578726408,337.591240850856,4.48686152738494
43.789706808657,48.6763672550448,3.49644122530723
530.164096063203,144.128523323561,4.72770165258771
NA,NA,NA
660.387447345868,334.751356940502,3.63576970920642
454.915822964792,294.993441360059,3.53342643861112
11.6810595471126,493.901349872173,3.55205259885433
557.010318658451,46.5686911894116,4.1997410468292
71.2967230890073,374.68869442305,4.11396697157212
229.041900377003,412.82528259877,3.88364543787942
427.766886115824,13.8183462859977,3.41421190111477
359.930026858813,293.956208090419,2.95452659665917
602.511573877606,105.32814196769,4.25118298762427
394.694335799816,228.451560697356,4.18064013876706
567.969889967055,408.211284894779,4.79070695248051
140.091902447147,281.811997840957,4.55431029766026
192.220947982568,371.318815043191,4.03206589482648
126.842819187934,405.447140363681,3.21649290621531
624.40013998273,312.045639557168,4.40232425770777
3.98231436580185,146.749141291807,4.25082248488988
542.060396690514,205.340978771884,4.25817123340907
34.4487350696918,491.664241337138,2.97754600357861
278.997728152846,26.7752620933679,4.00748696074538
534.987580095296,396.161807088601,3.40098535936622
76.1977563355352,72.7894074322924,5.17304364649367
6.82068691028723,76.8680390922897,3.4508204991861
589.419518027137,226.138665973969,4.06816107178167
439.136099976293,456.177316134463,4.73754498331161
657.788882833202,373.09186709981,3.15808392295674
105.718709625145,486.092813111463,4.32365566617407
619.61259961001,90.3655012713914,4.03028940051213
421.255910187446,258.198680378248,3.62945402609043
10.7418597219721,182.895864098203,3.04616772412975
66.1404741915295,114.543190153264,4.38065736976574
601.72406819677,188.953401464099,4.05874459049493
251.156453455392,226.968385366823,3.77830352538946
575.46944177014,433.911434944611,3.79437329703965
298.553476825205,141.825604031057,3.74625452818403
525.445495299484,456.945616603797,3.44456898736762
48.9557866847849,413.429157646803,4.1221945562276
195.773357847286,286.230410005,3.77140716334193
559.252667215617,266.191083424412,3.60125284079611
174.920142701735,27.2383989606242,4.16597911991246
512.915578726408,337.591240850856,4.48686152738494
43.789706808657,48.6763672550448,3.49644122530723
530.164096063203,144.128523323561,4.72770165258771
NA,NA,NA
663.00728490173,335.460158217299,3.51152708654787
459.680245221611,296.313177728141,3.58615711347728
14.7877467767152,493.023576142176,3.72828180178106
561.227981163689,47.8286559173597,4.33502464421575
75.751223313865,374.737122940058,4.03333947477245
224.775278059406,410.199884710642,3.88654100039432
429.975226688218,14.1304708679965,3.21648429687456
360.506226871173,293.866753623868,3.18736747545863
602.080899839808,106.292004272183,4.30260180136939
392.362217457264,229.697493380066,4.25147164094273
569.703665088593,408.730029736099,4.78573987165207
137.384753205088,288.905247179312,4.51018693323984
195.979849415337,368.736089172423,3.93491579993545
124.679373565917,411.605041665204,3.58778416298272
621.74426089264,312.537952640347,4.56695709916435
-2.92326667260726,150.96761330266,4.33351131756341
547.255129810377,203.309699031872,4.18499804343806
34.2316298156887,493.649949285135,3.03939767961424
278.970683120513,21.9521626030836,3.80138528107215
530.980995301511,389.560868923959,3.45876369942307
69.2723133427343,79.2439985332237,5.39820220541819
1.96070920024537,76.7474165700599,3.59018303647709
587.551548031261,229.262606106693,4.1160227705479
441.830234204658,463.272500032922,4.74601838878697
659.589031683962,374.539984440815,2.99569643978683
103.554858128926,488.757813374281,4.33419376754189
621.505888863773,87.14407734637,4.13991309462177
416.894139372509,258.021512973283,3.62989745737084
11.0740376595428,181.529404615497,3.36029274823877
41.972344505256,119.087474550189,4.32514225201901
614.468882552751,214.699108699571,4.37771516998041
264.470880113266,223.478453177078,4.07831730787593
573.600018876217,440.211829088273,3.84339999185498
303.580720750537,143.340184106627,3.79880134820241
534.355459080312,456.942292754818,3.54003742604819
52.1007980546481,423.265529073411,3.64292373348054
199.655645999617,285.408032437283,4.23939682766758
566.658097417148,261.470663183381,3.63711209863846
183.428256432582,41.9550463811962,4.61583650400137
508.118944927885,354.438877221995,4.96578939084735
35.174250041037,46.3506781565999,4.06697019279263
545.036129760981,133.161957891494,4.71476656808563
NA,NA,NA
663.00728490173,335.460158217299,3.51152708654787
459.680245221611,296.313177728141,3.58615711347728
14.7877467767152,493.023576142176,3.72828180178106
561.227981163689,47.8286559173597,4.33502464421575
75.751223313865,374.737122940058,4.03333947477245
224.775278059406,410.199884710642,3.88654100039432
429.975226688218,14.1304708679965,3.21648429687456
360.506226871173,293.866753623868,3.18736747545863
602.080899839808,106.292004272183,4.30260180136939
392.362217457264,229.697493380066,4.25147164094273
569.703665088593,408.730029736099,4.78573987165207
137.384753205088,288.905247179312,4.51018693323984
195.979849415337,368.736089172423,3.93491579993545
124.679373565917,411.605041665204,3.58778416298272
621.74426089264,312.537952640347,4.56695709916435
-2.92326667260726,150.96761330266,4.33351131756341
547.255129810377,203.309699031872,4.18499804343806
34.2316298156887,493.649949285135,3.03939767961424
278.970683120513,21.9521626030836,3.80138528107215
530.980995301511,389.560868923959,3.45876369942307
69.2723133427343,79.2439985332237,5.39820220541819
1.96070920024537,76.7474165700599,3.59018303647709
587.551548031261,229.262606106693,4.1160227705479
441.830234204658,463.272500032922,4.74601838878697
659.589031683962,374.539984440815,2.99569643978683
103.554858128926,488.757813374281,4.33419376754189
621.505888863773,87.14407734637,4.13991309462177
416.894139372509,258.021512973283,3.62989745737084
11.0740376595428,181.529404615497,3.36029274823877
41.972344505256,119.087474550189,4.32514225201901
614.468882552751,214.699108699571,4.37771516998041
264.470880113266,223.478453177078,4.07831730787593
573.600018876217,440.211829088273,3.84339999185498
303.580720750537,143.340184106627,3.79880134820241
534.355459080312,456.942292754818,3.54003742604819
52.1007980546481,423.265529073411,3.64292373348054
199.655645999617,285.408032437283,4.23939682766758
566.658097417148,261.470663183381,3.63711209863846
183.428256432582,41.9550463811962,4.61583650400137
508.118944927885,354.438877221995,4.96578939084735
35.174250041037,46.3506781565999,4.06697019279263
545.036129760981,133.161957891494,4.71476656808563
NA,NA,NA
663.00728490173,335.460158217299,3.51152708654787
459.680245221611,296.313177728141,3.58615711347728
14.7877467767152,493.023576142176,3.72828180178106
561.227981163689,47.8286559173597,4.33502464421575
75.751223313865,374.737122940058,4.03333947477245
224.775278059406,410.199884710642,3.88654100039432
429.975226688218,14.1304708679965,3.21648429687456
360.506226871173,293.866753623868,3.18736747545863
602.080899839808,106.292004272183,4.30260180136939
392.362217457264,229.697493380066,4.25147164094273
569.703665088593,408.730029736099,4.78573987165207
137.384753205088,288.905247179312,4.51018693323984
195.979849415337,368.736089172423,3.93491579993545
124.679373565917,411.605041665204,3.58778416298272
621.74426089264,312.537952640347,4.56695709916435
-2.92326667260726,150.96761330266,4.33351131756341
547.255129810377,203.309699031872,4.18499804343806
34.2316298156887,493.649949285135,3.03939767961424
278.970683120513,21.9521626030836,3.80138528107215
530.980995301511,389.560868923959,3.45876369942307
69.2723133427343,79.2439985332237,5.39820220541819
1.96070920024537,76.7474165700599,3.59018303647709
587.551548031261,229.262606106693,4.1160227705479
441.830234204658,463.272500032922,4.74601838878697
659.589031683962,374.539984440815,2.99569643978683
103.554858128926,488.757813374281,4.33419376754189
621.505888863773,87.14407734637,4.13991309462177
416.894139372509,258.021512973283,3.62989745737084
11.0740376595428,181.529404615497,3.36029274823877
41.972344505256,119.087474550189,4.32514225201901
614.468882552751,214.699108699571,4.37771516998041
264.470880113266,223.478453177078,4.07831730787593
573.600018876217,440.211829088273,3.84339999185498
303.580720750537,143.340184106627,3.79880134820241
534.355459080312,456.942292754818,3.54003742604819
52.1007980546481,423.265529073411,3.64292373348054
199.655645999617,285.408032437283,4.23939682766758
566.658097417148,261.470663183381,3.63711209863846
183.428256432582,41.9550463811962,4.61583650400137
508.118944927885,354.438877221995,4.96578939084735
35.174250041037,46.3506781565999,4.06697019279263
545.036129760981,133.161957891494,4.71476656808563
NA,NA,NA
663.00728490173,335.460158217299,3.51152708654787
459.680245221611,296.313177728141,3.58615711347728
14.7877467767152,493.023576142176,3.72828180178106
561.227981163689,47.8286559173597,4.33502464421575
75.751223313865,374.737122940058,4.03333947477245
224.775278059406,410.199884710642,3.88654100039432
429.975226688218,14.1304708679965,3.21648429687456
360.506226871173,293.866753623868,3.18736747545863
602.080899839808,106.292004272183,4.30260180136939
392.362217457264,229.697493380066,4.25147164094273
569.703665088593,408.730029736099,4.78573987165207
137.384753205088,288.905247179312,4.51018693323984
195.979849415337,368.736089172423,3.93491579993545
124.679373565917,411.605041665204,3.58778416298272
621.74426089264,312.537952640347,4.56695709916435
-2.92326667260726,150.96761330266,4.33351131756341
547.255129810377,203.309699031872,4.18499804343806
34.2316298156887,493.649949285135,3.03939767961424
278.970683120513,21.9521626030836,3.80138528107215
530.980995301511,389.560868923959,3.45876369942307
69.2723133427343,79.2439985332237,5.39820220541819
1.96070920024537,76.7474165700599,3.59018303647709
587.551548031261,229.262606106693,4.1160227705479
441.830234204658,463.272500032922,4.74601838878697
659.589031683962,374.539984440815,2.99569643978683
103.554858128926,488.757813374281,4.33419376754189
621.505888863773,87.14407734637,4.13991309462177
416.894139372509,258.021512973283,3.62989745737084
11.0740376595428,181.529404615497,3.36029274823877
41.972344505256,119.087474550189,4.32514225201901
614.468882552751,214.699108699571,4.37771516998041
264.470880113266,223.478453177078,4.07831730787593
573.600018876217,440.211829088273,3.84339999185498
303.580720750537,143.340184106627,3.79880134820241
534.355459080312,456.942292754818,3.54003742604819
52.1007980546481,423.265529073411,3.64292373348054
199.655645999617,285.408032437283,4.23939682766758
566.658097417148,261.470663183381,3.63711209863846
183.428256432582,41.9550463811962,4.61583650400137
508.118944927885,354.438877221995,4.96578939084735
35.174250041037,46.3506781565999,4.06697019279263
545.036129760981,133.161957891494,4.71476656808563
NA,NA,NA
663.00728490173,335.460158217299,3.51152708654787
459.680245221611,296.313177728141,3.58615711347728
14.7877467767152,493.023576142176,3.72828180178106
561.227981163689,47.8286559173597,4.33502464421575
75.751223313865,374.737122940058,4.03333947477245
224.775278059406,410.199884710642,3.88654100039432
429.975226688218,14.1304708679965,3.21648429687456
360.506226871173,293.866753623868,3.18736747545863
602.080899839808,106.292004272183,4.30260180136939
392.362217457264,229.697493380066,4.25147164094273
569.703665088593,408.730029736099,4.78573987165207
137.384753205088,288.905247179312,4.51018693323984
195.979849415337,368.736089172423,3.93491579993545
124.679373565917,411.605041665204,3.58778416298272
621.74426089264,312.537952640347,4.56695709916435
-2.92326667260726,150.96761330266,4.33351131756341
547.255129810377,203.309699031872,4.18499804343806
34.2316298156887,493.649949285135,3.03939767961424
278.970683120513,21.9521626030836,3.80138528107215
530.980995301511,389.560868923959,3.45876369942307
69.2723133427343,79.2439985332237,5.39820220541819
1.96070920024537,76.7474165700599,3.59018303647709
587.551548031261,229.262606106693,4.1160227705479
441.830234204658,463.272500032922,4.74601838878697
659.589031683962,374.539984440815,2.99569643978683
103.554858128926,488.757813374281,4.33419376754189
621.505888863773,87.14407734637,4.13991309462177
416.894139372509,258.021512973283,3.62989745737084
11.0740376595428,181.529404615497,3.36029274823877
41.972344505256,119.087474550189,4.32514225201901
614.468882552751,214.699108699571,4.37771516998041
264.470880113266,223.478453177078,4.07831730787593
573.600018876217,440.211829088273,3.84339999185498
303.580720750537,143.340184106627,3.79880134820241
534.355459080312,456.942292754818,3.54003742604819
52.1007980546481,423.265529073411,3.64292373348054
199.655645999617,285.408032437283,4.23939682766758
566.658097417148,261.470663183381,3.63711209863846
183.428256432582,41.9550463811962,4.61583650400137
508.118944927885,354.438877221995,4.96578939084735
35.174250041037,46.3506781565999,4.06697019279263
545.036129760981,133.161957891494,4.71476656808563
NA,NA,NA
663.00728490173,335.460158217299,3.51152708654787
459.680245221611,296.313177728141,3.58615711347728
14.7877467767152,493.023576142176,3.72828180178106
561.227981163689,47.8286559173597,4.33502464421575
75.751223313865,374.737122940058,4.03333947477245
224.775278059406,410.199884710642,3.88654100039432
429.975226688218,14.1304708679965,3.21648429687456
360.506226871173,293.866753623868,3.18736747545863
602.080899839808,106.292004272183,4.30260180136939
392.362217457264,229.697493380066,4.25147164094273
569.703665088593,408.730029736099,4.78573987165207
137.384753205088,288.905247179312,4.51018693323984
195.979849415337,368.736089172423,3.93491579993545
124.679373565917,411.605041665204,3.58778416298272
621.74426089264,312.537952640347,4.56695709916435
-2.92326667260726,150.96761330266,4.33351131756341
547.255129810377,203.309699031872,4.18499804343806
34.2316298156887,493.649949285135,3.03939767961424
278.970683120513,21.9521626030836,3.80138528107215
530.980995301511,389.560868923959,3.45876369942307
69.2723133427343,79.2439985332237,5.39820220541819
1.96070920024537,76.7474165700599,3.59018303647709
587.551548031261,229.262606106693,4.1160227705479
441.830234204658,463.272500032922,4.74601838878697
659.589031683962,374.539984440815,2.99569643978683
103.554858128926,488.757813374281,4.33419376754189
621.505888863773,87.14407734637,4.13991309462177
416.894139372509,258.021512973283,3.62989745737084
11.0740376595428,181.529404615497,3.36029274823877
41.972344505256,119.087474550189,4.32514225201901
614.468882552751,214.699108699571,4.37771516998041
264.470880113266,223.478453177078,4.07831730787593
573.600018876217,440.211829088273,3.84339999185498
303.580720750537,143.340184106627,3.79880134820241
534.355459080312,456.942292754818,3.54003742604819
52.1007980546481,423.265529073411,3.64292373348054
199.655645999617,285.408032437283,4.23939682766758
566.658097417148,261.470663183381,3.63711209863846
183.428256432582,41.9550463811962,4.61583650400137
508.118944927885,354.438877221995,4.96578939084735
35.174250041037,46.3506781565999,4.06697019279263
545.036129760981,133.161957891494,4.71476656808563
NA,NA,NA
661.620793044139,334.500379345953,3.54883678082126
455.579845733147,295.05161718385,3.6925499692307
5.98610597000048,493.3677231722,3.42290324742939
559.411715413639,49.3122938328638,4.23847646302627
74.0950818936801,380.28186303849,3.93352749218857
230.933176239554,411.398006949962,3.96107485821029
427.632858724961,10.6877240054177,3.3195743476929
359.522226230798,295.490461235262,3.08855945141227
603.135598523907,105.371898338851,4.129281394668
389.93884038364,228.120306708156,4.23165362476488
569.509316845924,407.305813946402,4.71327574885936
141.632250800059,284.294297793124,4.60884863142321
199.939332241117,372.180432338327,3.99662237842416
128.032815790102,409.009155617847,3.32956828597514
626.610136261274,310.060808798909,4.5553083573195
-0.797700219585451,150.122306130025,4.31653206524687
545.922245767801,203.286620457863,4.12591469402973
33.7931761425596,489.842204224159,2.90760654688051
280.965056290481,20.3051666684821,3.89950593043976
535.435257608912,393.059982432059,3.52169748538819
75.0599691182379,75.2438831974953,5.16660404188123
7.44569997895072,76.1809163647265,3.55650596775813
589.413983021161,222.926659828793,4.07937448053133
440.937083724462,463.59902073572,4.81785954259339
657.272353889141,374.193514003056,3.17216770228783
113.646746585173,485.659215634006,4.34368373061852
622.209222651005,88.4652499003936,4.03234820133607
421.37003469908,258.181020699138,3.61963093473081
7.51195592878034,183.299946791673,3.17565171428151
60.7984093240001,112.020639628457,4.41927273861546
628.546490685762,203.000759953485,4.03889770991714
250.621867480442,219.635349426008,3.49454118840358
577.77752025291,441.720045267856,3.82582187296488
303.768816635133,138.032147018626,3.77697230927131
533.675136827993,455.180307222952,3.67132264613411
47.0878362343681,419.242797936133,3.78846665202866
201.500212211581,279.759411007784,4.45904459252096
557.316908567984,262.827963152424,3.51962146158143
182.766068489817,14.7963876336424,4.43565460011887
497.71897392548,342.558873443072,4.60245736829609
31.2761317366805,57.9785035838313,4.12297634951779
540.080955512141,132.218828051533,4.63702247351103
NA,NA,NA
661.620793044139,334.500379345953,3.54883678082126
455.579845733147,295.05161718385,3.6925499692307
5.98610597000048,493.3677231722,3.42290324742939
559.411715413639,49.3122938328638,4.23847646302627
74.0950818936801,380.28186303849,3.93352749218857
230.933176239554,411.398006949962,3.96107485821029
427.632858724961,10.6877240054177,3.3195743476929
359.522226230798,295.490461235262,3.08855945141227
603.135598523907,105.371898338851,4.129281394668
389.93884038364,228.120306708156,4.23165362476488
569.509316845924,407.305813946402,4.71327574885936
141.632250800059,284.294297793124,4.60884863142321
199.939332241117,372.180432338327,3.99662237842416
128.032815790102,409.009155617847,3.32956828597514
626.610136261274,310.060808798909,4.5553083573195
-0.797700219585451,150.122306130025,4.31653206524687
545.922245767801,203.286620457863,4.12591469402973
33.7931761425596,489.842204224159,2.90760654688051
280.965056290481,20.3051666684821,3.89950593043976
535.435257608912,393.059982432059,3.52169748538819
75.0599691182379,75.2438831974953,5.16660404188123
7.44569997895072,76.1809163647265,3.55650596775813
589.413983021161,222.926659828793,4.07937448053133
440.937083724462,463.59902073572,4.81785954259339
657.272353889141,374.193514003056,3.17216770228783
113.646746585173,485.659215634006,4.34368373061852
622.209222651005,88.4652499003936,4.03234820133607
421.37003469908,258.181020699138,3.61963093473081
7.51195592878034,183.299946791673,3.17565171428151
60.7984093240001,112.020639628457,4.41927273861546
628.546490685762,203.000759953485,4.03889770991714
250.621867480442,219.635349426008,3.49454118840358
577.77752025291,441.720045267856,3.82582187296488
303.768816635133,138.032147018626,3.77697230927131
533.675136827993,455.180307222952,3.67132264613411
47.0878362343681,419.242797936133,3.78846665202866
201.500212211581,279.759411007784,4.45904459252096
557.316908567984,262.827963152424,3.51962146158143
182.766068489817,14.7963876336424,4.43565460011887
497.71897392548,342.558873443072,4.60245736829609
31.2761317366805,57.9785035838313,4.12297634951779
540.080955512141,132.218828051533,4.63702247351103
NA,NA,NA
661.620793044139,334.500379345953,3.54883678082126
455.579845733147,295.05161718385,3.6925499692307
5.98610597000048,493.3677231722,3.42290324742939
559.411715413639,49.3122938328638,4.23847646302627
74.0950818936801,380.28186303849,3.93352749218857
230.933176239554,411.398006949962,3.96107485821029
427.632858724961,10.6877240054177,3.3195743476929
359.522226230798,295.490461235262,3.08855945141227
603.135598523907,105.371898338851,4.129281394668
389.93884038364,228.120306708156,4.23165362476488
569.509316845924,407.305813946402,4.71327574885936
141.632250800059,284.294297793124,4.60884863142321
199.939332241117,372.180432338327,3.99662237842416
128.032815790102,409.009155617847,3.32956828597514
626.610136261274,310.060808798909,4.5553083573195
-0.797700219585451,150.122306130025,4.31653206524687
545.922245767801,203.286620457863,4.12591469402973
33.7931761425596,489.842204224159,2.90760654688051
280.965056290481,20.3051666684821,3.89950593043976
535.435257608912,393.059982432059,3.52169748538819
75.0599691182379,75.2438831974953,5.16660404188123
7.44569997895072,76.1809163647265,3.55650596775813
589.413983021161,222.926659828793,4.07937448053133
440.937083724462,463.59902073572,4.81785954259339
657.272353889141,374.193514003056,3.17216770228783
113.646746585173,485.659215634006,4.34368373061852
622.209222651005,88.4652499003936,4.03234820133607
421.37003469908,258.181020699138,3.61963093473081
7.51195592878034,183.299946791673,3.17565171428151
60.7984093240001,112.020639628457,4.41927273861546
628.546490685762,203.000759953485,4.03889770991714
250.621867480442,219.635349426008,3.49454118840358
577.77752025291,441.720045267856,3.82582187296488
303.768816635133,138.032147018626,3.77697230927131
533.675136827993,455.180307222952,3.67132264613411
47.0878362343681,419.242797936133,3.78846665202866
201.500212211581,279.759411007784,4.45904459252096
557.316908567984,262.827963152424,3.51962146158143
182.766068489817,14.7963876336424,4.43565460011887
497.71897392548,342.558873443072,4.60245736829609
31.2761317366805,57.9785035838313,4.12297634951779
540.080955512141,132.218828051533,4.63702247351103
NA,NA,NA
661.620793044139,334.500379345953,3.54883678082126
455.579845733147,295.05161718385,3.6925499692307
5.98610597000048,493.3677231722,3.42290324742939
559.411715413639,49.3122938328638,4.23847646302627
74.0950818936801,380.28186303849,3.93352749218857
230.933176239554,411.398006949962,3.96107485821029
427.632858724961,10.6877240054177,3.3195743476929
359.522226230798,295.490461235262,3.08855945141227
603.135598523907,105.371898338851,4.129281394668
389.93884038364,228.120306708156,4.23165362476488
569.509316845924,407.305813946402,4.71327574885936
141.632250800059,284.294297793124,4.60884863142321
199.939332241117,372.180432338327,3.99662237842416
128.032815790102,409.009155617847,3.32956828597514
626.610136261274,310.060808798909,4.5553083573195
-0.797700219585451,150.122306130025,4.31653206524687
545.922245767801,203.286620457863,4.12591469402973
33.7931761425596,489.842204224159,2.90760654688051
280.965056290481,20.3051666684821,3.89950593043976
535.435257608912,393.059982432059,3.52169748538819
75.0599691182379,75.2438831974953,5.16660404188123
7.44569997895072,76.1809163647265,3.55650596775813
589.413983021161,222.926659828793,4.07937448053133
440.937083724462,463.59902073572,4.81785954259339
657.272353889141,374.193514003056,3.17216770228783
113.646746585173,485.659215634006,4.34368373061852
622.209222651005,88.4652499003936,4.03234820133607
421.37003469908,258.181020699138,3.61963093473081
7.51195592878034,183.299946791673,3.17565171428151
60.7984093240001,112.020639628457,4.41927273861546
628.546490685762,203.000759953485,4.03889770991714
250.621867480442,219.635349426008,3.49454118840358
577.77752025291,441.720045267856,3.82582187296488
303.768816635133,138.032147018626,3.77697230927131
533.675136827993,455.180307222952,3.67132264613411
47.0878362343681,419.242797936133,3.78846665202866
201.500212211581,279.759411007784,4.45904459252096
557.316908567984,262.827963152424,3.51962146158143
182.766068489817,14.7963876336424,4.43565460011887
497.71897392548,342.558873443072,4.60245736829609
31.2761317366805,57.9785035838313,4.12297634951779
540.080955512141,132.218828051533,4.63702247351103
NA,NA,NA
661.620793044139,334.500379345953,3.54883678082126
455.579845733147,295.05161718385,3.6925499692307
5.98610597000048,493.3677231722,3.42290324742939
559.411715413639,49.3122938328638,4.23847646302627
74.0950818936801,380.28186303849,3.93352749218857
230.933176239554,411.398006949962,3.96107485821029
427.632858724961,10.6877240054177,3.3195743476929
359.522226230798,295.490461235262,3.08855945141227
603.135598523907,105.371898338851,4.129281394668
389.93884038364,228.120306708156,4.23165362476488
569.509316845924,407.305813946402,4.71327574885936
141.632250800059,284.294297793124,4.60884863142321
199.939332241117,372.180432338327,3.99662237842416
128.032815790102,409.009155617847,3.32956828597514
626.610136261274,310.060808798909,4.5553083573195
-0.797700219585451,150.122306130025,4.31653206524687
545.922245767801,203.286620457863,4.12591469402973
33.7931761425596,489.842204224159,2.90760654688051
280.965056290481,20.3051666684821,3.89950593043976
535.435257608912,393.059982432059,3.52169748538819
75.0599691182379,75.2438831974953,5.16660404188123
7.44569997895072,76.1809163647265,3.55650596775813
589.413983021161,222.926659828793,4.07937448053133
440.937083724462,463.59902073572,4.81785954259339
657.272353889141,374.193514003056,3.17216770228783
113.646746585173,485.659215634006,4.34368373061852
622.209222651005,88.4652499003936,4.03234820133607
421.37003469908,258.181020699138,3.61963093473081
7.51195592878034,183.299946791673,3.17565171428151
60.7984093240001,112.020639628457,4.41927273861546
628.546490685762,203.000759953485,4.03889770991714
250.621867480442,219.635349426008,3.49454118840358
577.77752025291,441.720045267856,3.82582187296488
303.768816635133,138.032147018626,3.77697230927131
533.675136827993,455.180307222952,3.67132264613411
47.0878362343681,419.242797936133,3.78846665202866
201.500212211581,279.759411007784,4.45904459252096
557.316908567984,262.827963152424,3.51962146158143
182.766068489817,14.7963876336424,4.43565460011887
497.71897392548,342.558873443072,4.60245736829609
31.2761317366805,57.9785035838313,4.12297634951779
540.080955512141,132.218828051533,4.63702247351103
NA,NA,NA
661.620793044139,334.500379345953,3.54883678082126
455.579845733147,295.05161718385,3.6925499692307
5.98610597000048,493.3677231722,3.42290324742939
559.411715413639,49.3122938328638,4.23847646302627
74.0950818936801,380.28186303849,3.93352749218857
230.933176239554,411.398006949962,3.96107485821029
427.632858724961,10.6877240054177,3.3195743476929
359.522226230798,295.490461235262,3.08855945141227
603.135598523907,105.371898338851,4.129281394668
389.93884038364,228.120306708156,4.23165362476488
569.509316845924,407.305813946402,4.71327574885936
141.632250800059,284.294297793124,4.60884863142321
199.939332241117,372.180432338327,3.99662237842416
128.032815790102,409.009155617847,3.32956828597514
626.610136261274,310.060808798909,4.5553083573195
-0.797700219585451,150.122306130025,4.31653206524687
545.922245767801,203.286620457863,4.12591469402973
33.7931761425596,489.842204224159,2.90760654688051
280.965056290481,20.3051666684821,3.89950593043976
535.435257608912,393.059982432059,3.52169748538819
75.0599691182379,75.2438831974953,5.16660404188123
7.44569997895072,76.1809163647265,3.55650596775813
589.413983021161,222.926659828793,4.07937448053133
440.937083724462,463.59902073572,4.81785954259339
657.272353889141,374.193514003056,3.17216770228783
113.646746585173,485.659215634006,4.34368373061852
622.209222651005,88.4652499003936,4.03234820133607
421.37003469908,258.181020699138,3.61963093473081
7.51195592878034,183.299946791673,3.17565171428151
60.7984093240001,112.020639628457,4.41927273861546
628.546490685762,203.000759953485,4.03889770991714
250.621867480442,219.635349426008,3.49454118840358
577.77752025291,441.720045267856,3.82582187296488
303.768816635133,138.032147018626,3.77697230927131
533.675136827993,455.180307222952,3.67132264613411
47.0878362343681,419.242797936133,3.78846665202866
201.500212211581,279.759411007784,4.45904459252096
557.316908567984,262.827963152424,3.51962146158143
182.766068489817,14.7963876336424,4.43565460011887
497.71897392548,342.558873443072,4.60245736829609
31.2761317366805,57.9785035838313,4.12297634951779
540.080955512141,132.218828051533,4.63702247351103
NA,NA,NA
661.526863312839,337.008444145416,3.57461322868256
456.740958257226,298.971942869283,3.63545144305705
11.8249752513802,492.349961753453,3.69433249579035
561.217911367706,51.5075670874728,4.10272334278295
73.50861411068,371.080077570776,4.0043178722728
229.899666865326,412.924931347333,3.91235216168014
429.169034252527,13.9556970114756,3.41376003749054
361.269933629165,294.228710980553,3.25171122678707
597.343074791769,108.258497047779,4.29829021004549
392.657536981496,230.910853852895,4.31065111943712
560.362488380682,413.38340998716,4.7581801677692
141.87696591742,283.149400479695,4.57960331575086
197.458933781443,372.499565744774,4.16647473248622
125.586374714397,409.064242161759,3.46242644293554
627.209935311434,316.438435102089,4.55693565616509
6.35246716212128,142.418595492684,4.32369458143478
543.300316182685,204.093760003852,4.27064554706329
33.6990695648273,491.099563924497,2.97938128004071
282.529449715411,25.4849579838653,3.89180331989879
533.630188577978,392.484125083933,3.50160392594054
69.9974688576964,65.8359516288619,5.18464562196689
0.316978680150712,73.3902721166098,3.42822120504995
587.905298811112,227.39715514117,3.99874553792535
441.577003216224,461.295459441722,4.76029760475287
659.038585707436,375.164241773666,2.90774730878939
98.980764865131,488.847691695682,4.31939607747537
620.687864922252,91.2160201203549,4.0992478245418
419.137027259662,260.003712298723,3.67494657494564
11.7186716930184,181.645184025689,3.1716128362485
70.6304494575551,119.445102877663,4.58592431018841
622.357941694511,201.278769087076,4.33385497838797
254.584593708499,222.950120972329,3.61734002986334
572.419802838829,440.003711480783,3.83401209821361
300.76135108175,138.784789568169,3.98656165165876
537.732770853708,466.734701341832,3.64845462883499
44.5106716945593,430.041500938479,4.00297577119912
200.26000345193,296.925430609747,3.79936776564992
548.670293430922,259.665444995836,3.73027704087536
167.681710064981,18.5116460517491,4.34575796259276
508.493771798191,341.751395579638,4.56344934260576
45.6992510062506,46.0306350687879,3.84750183552381
528.786036995059,131.392509270277,4.52745617531283
NA,NA,NA
661.526863312839,337.008444145416,3.57461322868256
456.740958257226,298.971942869283,3.63545144305705
11.8249752513802,492.349961753453,3.69433249579035
561.217911367706,51.5075670874728,4.10272334278295
73.50861411068,371.080077570776,4.0043178722728
229.899666865326,412.924931347333,3.91235216168014
429.169034252527,13.9556970114756,3.41376003749054
361.269933629165,294.228710980553,3.25171122678707
597.343074791769,108.258497047779,4.29829021004549
392.657536981496,230.910853852895,4.31065111943712
560.362488380682,413.38340998716,4.7581801677692
141.87696591742,283.149400479695,4.57960331575086
197.458933781443,372.499565744774,4.16647473248622
125.586374714397,409.064242161759,3.46242644293554
627.209935311434,316.438435102089,4.55693565616509
6.35246716212128,142.418595492684,4.32369458143478
543.300316182685,204.093760003852,4.27064554706329
33.6990695648273,491.099563924497,2.97938128004071
282.529449715411,25.4849579838653,3.89180331989879
533.630188577978,392.484125083933,3.50160392594054
69.9974688576964,65.8359516288619,5.18464562196689
0.316978680150712,73.3902721166098,3.42822120504995
587.905298811112,227.39715514117,3.99874553792535
441.577003216224,461.295459441722,4.76029760475287
659.038585707436,375.164241773666,2.90774730878939
98.980764865131,488.847691695682,4.31939607747537
620.687864922252,91.2160201203549,4.0992478245418
419.137027259662,260.003712298723,3.67494657494564
11.7186716930184,181.645184025689,3.1716128362485
70.6304494575551,119.445102877663,4.58592431018841
622.357941694511,201.278769087076,4.33385497838797
254.584593708499,222.950120972329,3.61734002986334
572.419802838829,440.003711480783,3.83401209821361
300.76135108175,138.784789568169,3.98656165165876
537.732770853708,466.734701341832,3.64845462883499
44.5106716945593,430.041500938479,4.00297577119912
200.26000345193,296.925430609747,3.79936776564992
548.670293430922,259.665444995836,3.73027704087536
167.681710064981,18.5116460517491,4.34575796259276
508.493771798191,341.751395579638,4.56344934260576
45.6992510062506,46.0306350687879,3.84750183552381
528.786036995059,131.392509270277,4.52745617531283
NA,NA,NA
661.526863312839,337.008444145416,3.57461322868256
456.740958257226,298.971942869283,3.63545144305705
11.8249752513802,492.349961753453,3.69433249579035
561.217911367706,51.5075670874728,4.10272334278295
73.50861411068,371.080077570776,4.0043178722728
229.899666865326,412.924931347333,3.91235216168014
429.169034252527,13.9556970114756,3.41376003749054
361.269933629165,294.228710980553,3.25171122678707
597.343074791769,108.258497047779,4.29829021004549
392.657536981496,230.910853852895,4.31065111943712
560.362488380682,413.38340998716,4.7581801677692
141.87696591742,283.149400479695,4.57960331575086
197.458933781443,372.499565744774,4.16647473248622
125.586374714397,409.064242161759,3.46242644293554
627.209935311434,316.438435102089,4.55693565616509
6.35246716212128,142.418595492684,4.32369458143478
543.300316182685,204.093760003852,4.27064554706329
33.6990695648273,491.099563924497,2.97938128004071
282.529449715411,25.4849579838653,3.89180331989879
533.630188577978,392.484125083933,3.50160392594054
69.9974688576964,65.8359516288619,5.18464562196689
0.316978680150712,73.3902721166098,3.42822120504995
587.905298811112,227.39715514117,3.99874553792535
441.577003216224,461.295459441722,4.76029760475287
659.038585707436,375.164241773666,2.90774730878939
98.980764865131,488.847691695682,4.31939607747537
620.687864922252,91.2160201203549,4.0992478245418
419.137027259662,260.003712298723,3.67494657494564
11.7186716930184,181.645184025689,3.1716128362485
70.6304494575551,119.445102877663,4.58592431018841
622.357941694511,201.278769087076,4.33385497838797
254.584593708499,222.950120972329,3.61734002986334
572.419802838829,440.003711480783,3.83401209821361
300.76135108175,138.784789568169,3.98656165165876
537.732770853708,466.734701341832,3.64845462883499
44.5106716945593,430.041500938479,4.00297577119912
200.26000345193,296.925430609747,3.79936776564992
548.670293430922,259.665444995836,3.73027704087536
167.681710064981,18.5116460517491,4.34575796259276
508.493771798191,341.751395579638,4.56344934260576
45.6992510062506,46.0306350687879,3.84750183552381
528.786036995059,131.392509270277,4.52745617531283
NA,NA,NA
661.526863312839,337.008444145416,3.57461322868256
456.740958257226,298.971942869283,3.63545144305705
11.8249752513802,492.349961753453,3.69433249579035
561.217911367706,51.5075670874728,4.10272334278295
73.50861411068,371.080077570776,4.0043178722728
229.899666865326,412.924931347333,3.91235216168014
429.169034252527,13.9556970114756,3.41376003749054
361.269933629165,294.228710980553,3.25171122678707
597.343074791769,108.258497047779,4.29829021004549
392.657536981496,230.910853852895,4.31065111943712
560.362488380682,413.38340998716,4.7581801677692
141.87696591742,283.149400479695,4.57960331575086
197.458933781443,372.499565744774,4.16647473248622
125.586374714397,409.064242161759,3.46242644293554
627.209935311434,316.438435102089,4.55693565616509
6.35246716212128,142.418595492684,4.32369458143478
543.300316182685,204.093760003852,4.27064554706329
33.6990695648273,491.099563924497,2.97938128004071
282.529449715411,25.4849579838653,3.89180331989879
533.630188577978,392.484125083933,3.50160392594054
69.9974688576964,65.8359516288619,5.18464562196689
0.316978680150712,73.3902721166098,3.42822120504995
587.905298811112,227.39715514117,3.99874553792535
441.577003216224,461.295459441722,4.76029760475287
659.038585707436,375.164241773666,2.90774730878939
98.980764865131,488.847691695682,4.31939607747537
620.687864922252,91.2160201203549,4.0992478245418
419.137027259662,260.003712298723,3.67494657494564
11.7186716930184,181.645184025689,3.1716128362485
70.6304494575551,119.445102877663,4.58592431018841
622.357941694511,201.278769087076,4.33385497838797
254.584593708499,222.950120972329,3.61734002986334
572.419802838829,440.003711480783,3.83401209821361
300.76135108175,138.784789568169,3.98656165165876
537.732770853708,466.734701341832,3.64845462883499
44.5106716945593,430.041500938479,4.00297577119912
200.26000345193,296.925430609747,3.79936776564992
548.670293430922,259.665444995836,3.73027704087536
167.681710064981,18.5116460517491,4.34575796259276
508.493771798191,341.751395579638,4.56344934260576
45.6992510062506,46.0306350687879,3.84750183552381
528.786036995059,131.392509270277,4.52745617531283
NA,NA,NA
661.526863312839,337.008444145416,3.57461322868256
456.740958257226,298.971942869283,3.63545144305705
11.8249752513802,492.349961753453,3.69433249579035
561.217911367706,51.5075670874728,4.10272334278295
73.50861411068,371.080077570776,4.0043178722728
229.899666865326,412.924931347333,3.91235216168014
429.169034252527,13.9556970114756,3.41376003749054
361.269933629165,294.228710980553,3.25171122678707
597.343074791769,108.258497047779,4.29829021004549
392.657536981496,230.910853852895,4.31065111943712
560.362488380682,413.38340998716,4.7581801677692
141.87696591742,283.149400479695,4.57960331575086
197.458933781443,372.499565744774,4.16647473248622
125.586374714397,409.064242161759,3.46242644293554
627.209935311434,316.438435102089,4.55693565616509
6.35246716212128,142.418595492684,4.32369458143478
543.300316182685,204.093760003852,4.27064554706329
33.6990695648273,491.099563924497,2.97938128004071
282.529449715411,25.4849579838653,3.89180331989879
533.630188577978,392.484125083933,3.50160392594054
69.9974688576964,65.8359516288619,5.18464562196689
0.316978680150712,73.3902721166098,3.42822120504995
587.905298811112,227.39715514117,3.99874553792535
441.577003216224,461.295459441722,4.76029760475287
659.038585707436,375.164241773666,2.90774730878939
98.980764865131,488.847691695682,4.31939607747537
620.687864922252,91.2160201203549,4.0992478245418
419.137027259662,260.003712298723,3.67494657494564
11.7186716930184,181.645184025689,3.1716128362485
70.6304494575551,119.445102877663,4.58592431018841
622.357941694511,201.278769087076,4.33385497838797
254.584593708499,222.950120972329,3.61734002986334
572.419802838829,440.003711480783,3.83401209821361
300.76135108175,138.784789568169,3.98656165165876
537.732770853708,466.734701341832,3.64845462883499
44.5106716945593,430.041500938479,4.00297577119912
200.26000345193,296.925430609747,3.79936776564992
548.670293430922,259.665444995836,3.73027704087536
167.681710064981,18.5116460517491,4.34575796259276
508.493771798191,341.751395579638,4.56344934260576
45.6992510062506,46.0306350687879,3.84750183552381
528.786036995059,131.392509270277,4.52745617531283
NA,NA,NA
661.526863312839,337.008444145416,3.57461322868256
456.740958257226,298.971942869283,3.63545144305705
11.8249752513802,492.349961753453,3.69433249579035
561.217911367706,51.5075670874728,4.10272334278295
73.50861411068,371.080077570776,4.0043178722728
229.899666865326,412.924931347333,3.91235216168014
429.169034252527,13.9556970114756,3.41376003749054
361.269933629165,294.228710980553,3.25171122678707
597.343074791769,108.258497047779,4.29829021004549
392.657536981496,230.910853852895,4.31065111943712
560.362488380682,413.38340998716,4.7581801677692
141.87696591742,283.149400479695,4.57960331575086
197.458933781443,372.499565744774,4.16647473248622
125.586374714397,409.064242161759,3.46242644293554
627.209935311434,316.438435102089,4.55693565616509
6.35246716212128,142.418595492684,4.32369458143478
543.300316182685,204.093760003852,4.27064554706329
33.6990695648273,491.099563924497,2.97938128004071
282.529449715411,25.4849579838653,3.89180331989879
533.630188577978,392.484125083933,3.50160392594054
69.9974688576964,65.8359516288619,5.18464562196689
0.316978680150712,73.3902721166098,3.42822120504995
587.905298811112,227.39715514117,3.99874553792535
441.577003216224,461.295459441722,4.76029760475287
659.038585707436,375.164241773666,2.90774730878939
98.980764865131,488.847691695682,4.31939607747537
620.687864922252,91.2160201203549,4.0992478245418
419.137027259662,260.003712298723,3.67494657494564
11.7186716930184,181.645184025689,3.1716128362485
70.6304494575551,119.445102877663,4.58592431018841
622.357941694511,201.278769087076,4.33385497838797
254.584593708499,222.950120972329,3.61734002986334
572.419802838829,440.003711480783,3.83401209821361
300.76135108175,138.784789568169,3.98656165165876
537.732770853708,466.734701341832,3.64845462883499
44.5106716945593,430.041500938479,4.00297577119912
200.26000345193,296.925430609747,3.79936776564992
548.670293430922,259.665444995836,3.73027704087536
167.681710064981,18.5116460517491,4.34575796259276
508.493771798191,341.751395579638,4.56344934260576
45.6992510062506,46.0306350687879,3.84750183552381
528.786036995059,131.392509270277,4.52745617531283
NA,NA,NA
662.085137596195,332.804636970805,3.44373024459113
451.843918572034,296.267112437813,3.67402156749661
13.2416753480432,491.563093265498,3.57588761078545
561.43549287891,49.6186205493607,4.05223033826191
74.7122822971901,371.171698300277,3.85954734279757
233.466007085145,413.585083687946,3.86590962310871
427.513894212639,10.4991761048435,3.49118396236688
362.004655779884,292.766986008654,3.00841858965937
607.168459167536,103.911305122794,4.07146573495223
400.219242917498,233.933746090174,4.27586015736837
571.319555647931,406.526998154768,4.69251509274805
136.691876304205,284.86487760176,4.65811518404603
201.387894524866,370.708947198862,4.1127254297147
124.486374214027,413.892949433471,3.44498871457559
620.213825887169,309.8234361474,4.56765363233521
-1.72151077015087,148.108568323362,4.2199188637561
540.780457363954,203.40917366165,4.2264990884156
33.0264877547915,492.523590094835,2.93129166405847
279.826021115516,20.9782572886711,4.02877341548253
531.595541800317,391.881815084047,3.56512000836277
70.9686018959421,75.2038167311577,5.21996460930399
5.72673707621673,76.232649031533,3.51321758672404
590.834546715093,224.349925841422,4.01266632359157
442.745777666134,456.952358410017,4.73569298735836
658.278872917999,375.58330467151,3.00411577259898
109.47954334677,487.884209359457,4.34359622522811
626.74384405343,90.0340481835421,4.09024633133054
418.91727469354,259.217073958893,3.66367927606731
12.9829891049973,180.980188765939,3.07914347019688
63.3085475751728,111.941084307999,4.55955214088031
617.535472002086,199.475083346271,4.33705120170824
249.766943062154,222.509279084994,3.75919114357742
571.186028103276,427.176512718643,3.65590314499494
304.069378258501,134.985469363712,3.94615798099244
533.80891937588,455.389608685104,3.47479416913141
41.928842718751,423.085419445317,3.9772299068677
200.651891115597,281.459051159144,3.95595618784272
555.629242171002,267.655194829487,3.55235768446422
161.240686579383,34.5459780107244,4.39249791171665
493.325519188769,343.256258348989,4.46965499792926
36.9115108718978,46.3456077213065,3.98222518227647
548.574517208692,159.403623825935,4.60959432287157
NA,NA,NA
662.085137596195,332.804636970805,3.44373024459113
451.843918572034,296.267112437813,3.67402156749661
13.2416753480432,491.563093265498,3.57588761078545
561.43549287891,49.6186205493607,4.05223033826191
74.7122822971901,371.171698300277,3.85954734279757
233.466007085145,413.585083687946,3.86590962310871
427.513894212639,10.4991761048435,3.49118396236688
362.004655779884,292.766986008654,3.00841858965937
607.168459167536,103.911305122794,4.07146573495223
400.219242917498,233.933746090174,4.27586015736837
571.319555647931,406.526998154768,4.69251509274805
136.691876304205,284.86487760176,4.65811518404603
201.387894524866,370.708947198862,4.1127254297147
124.486374214027,413.892949433471,3.44498871457559
620.213825887169,309.8234361474,4.56765363233521
-1.72151077015087,148.108568323362,4.2199188637561
540.780457363954,203.40917366165,4.2264990884156
33.0264877547915,492.523590094835,2.93129166405847
279.826021115516,20.9782572886711,4.02877341548253
531.595541800317,391.881815084047,3.56512000836277
70.9686018959421,75.2038167311577,5.21996460930399
5.72673707621673,76.232649031533,3.51321758672404
590.834546715093,224.349925841422,4.01266632359157
442.745777666134,456.952358410017,4.73569298735836
658.278872917999,375.58330467151,3.00411577259898
109.47954334677,487.884209359457,4.34359622522811
626.74384405343,90.0340481835421,4.09024633133054
418.91727469354,259.217073958893,3.66367927606731
12.9829891049973,180.980188765939,3.07914347019688
63.3085475751728,111.941084307999,4.55955214088031
617.535472002086,199.475083346271,4.33705120170824
249.766943062154,222.509279084994,3.75919114357742
571.186028103276,427.176512718643,3.65590314499494
304.069378258501,134.985469363712,3.94615798099244
533.80891937588,455.389608685104,3.47479416913141
41.928842718751,423.085419445317,3.9772299068677
200.651891115597,281.459051159144,3.95595618784272
555.629242171002,267.655194829487,3.55235768446422
161.240686579383,34.5459780107244,4.39249791171665
493.325519188769,343.256258348989,4.46965499792926
36.9115108718978,46.3456077213065,3.98222518227647
548.574517208692,159.403623825935,4.60959432287157
NA,NA,NA
662.085137596195,332.804636970805,3.44373024459113
451.843918572034,296.267112437813,3.67402156749661
13.2416753480432,491.563093265498,3.57588761078545
561.43549287891,49.6186205493607,4.05223033826191
74.7122822971901,371.171698300277,3.85954734279757
233.466007085145,413.585083687946,3.86590962310871
427.513894212639,10.4991761048435,3.49118396236688
362.004655779884,292.766986008654,3.00841858965937
607.168459167536,103.911305122794,4.07146573495223
400.219242917498,233.933746090174,4.27586015736837
571.319555647931,406.526998154768,4.69251509274805
136.691876304205,284.86487760176,4.65811518404603
201.387894524866,370.708947198862,4.1127254297147
124.486374214027,413.892949433471,3.44498871457559
620.213825887169,309.8234361474,4.56765363233521
-1.72151077015087,148.108568323362,4.2199188637561
540.780457363954,203.40917366165,4.2264990884156
33.0264877547915,492.523590094835,2.93129166405847
279.826021115516,20.9782572886711,4.02877341548253
531.595541800317,391.881815084047,3.56512000836277
70.9686018959421,75.2038167311577,5.21996460930399
5.72673707621673,76.232649031533,3.51321758672404
590.834546715093,224.349925841422,4.01266632359157
442.745777666134,456.952358410017,4.73569298735836
658.278872917999,375.58330467151,3.00411577259898
109.47954334677,487.884209359457,4.34359622522811
626.74384405343,90.0340481835421,4.09024633133054
418.91727469354,259.217073958893,3.66367927606731
12.9829891049973,180.980188765939,3.07914347019688
63.3085475751728,111.941084307999,4.55955214088031
617.535472002086,199.475083346271,4.33705120170824
249.766943062154,222.509279084994,3.75919114357742
571.186028103276,427.176512718643,3.65590314499494
304.069378258501,134.985469363712,3.94615798099244
533.80891937588,455.389608685104,3.47479416913141
41.928842718751,423.085419445317,3.9772299068677
200.651891115597,281.459051159144,3.95595618784272
555.629242171002,267.655194829487,3.55235768446422
161.240686579383,34.5459780107244,4.39249791171665
493.325519188769,343.256258348989,4.46965499792926
36.9115108718978,46.3456077213065,3.98222518227647
548.574517208692,159.403623825935,4.60959432287157
NA,NA,NA
662.085137596195,332.804636970805,3.44373024459113
451.843918572034,296.267112437813,3.67402156749661
13.2416753480432,491.563093265498,3.57588761078545
561.43549287891,49.6186205493607,4.05223033826191
74.7122822971901,371.171698300277,3.85954734279757
233.466007085145,413.585083687946,3.86590962310871
427.513894212639,10.4991761048435,3.49118396236688
362.004655779884,292.766986008654,3.00841858965937
607.168459167536,103.911305122794,4.07146573495223
400.219242917498,233.933746090174,4.27586015736837
571.319555647931,406.526998154768,4.69251509274805
136.691876304205,284.86487760176,4.65811518404603
201.387894524866,370.708947198862,4.1127254297147
124.486374214027,413.892949433471,3.44498871457559
620.213825887169,309.8234361474,4.56765363233521
-1.72151077015087,148.108568323362,4.2199188637561
540.780457363954,203.40917366165,4.2264990884156
33.0264877547915,492.523590094835,2.93129166405847
279.826021115516,20.9782572886711,4.02877341548253
531.595541800317,391.881815084047,3.56512000836277
70.9686018959421,75.2038167311577,5.21996460930399
5.72673707621673,76.232649031533,3.51321758672404
590.834546715093,224.349925841422,4.01266632359157
442.745777666134,456.952358410017,4.73569298735836
658.278872917999,375.58330467151,3.00411577259898
109.47954334677,487.884209359457,4.34359622522811
626.74384405343,90.0340481835421,4.09024633133054
418.91727469354,259.217073958893,3.66367927606731
12.9829891049973,180.980188765939,3.07914347019688
63.3085475751728,111.941084307999,4.55955214088031
617.535472002086,199.475083346271,4.33705120170824
249.766943062154,222.509279084994,3.75919114357742
571.186028103276,427.176512718643,3.65590314499494
304.069378258501,134.985469363712,3.94615798099244
533.80891937588,455.389608685104,3.47479416913141
41.928842718751,423.085419445317,3.9772299068677
200.651891115597,281.459051159144,3.95595618784272
555.629242171002,267.655194829487,3.55235768446422
161.240686579383,34.5459780107244,4.39249791171665
493.325519188769,343.256258348989,4.46965499792926
36.9115108718978,46.3456077213065,3.98222518227647
548.574517208692,159.403623825935,4.60959432287157
NA,NA,NA
662.085137596195,332.804636970805,3.44373024459113
451.843918572034,296.267112437813,3.67402156749661
13.2416753480432,491.563093265498,3.57588761078545
561.43549287891,49.6186205493607,4.05223033826191
74.7122822971901,371.171698300277,3.85954734279757
233.466007085145,413.585083687946,3.86590962310871
427.513894212639,10.4991761048435,3.49118396236688
362.004655779884,292.766986008654,3.00841858965937
607.168459167536,103.911305122794,4.07146573495223
400.219242917498,233.933746090174,4.27586015736837
571.319555647931,406.526998154768,4.69251509274805
136.691876304205,284.86487760176,4.65811518404603
201.387894524866,370.708947198862,4.1127254297147
124.486374214027,413.892949433471,3.44498871457559
620.213825887169,309.8234361474,4.56765363233521
-1.72151077015087,148.108568323362,4.2199188637561
540.780457363954,203.40917366165,4.2264990884156
33.0264877547915,492.523590094835,2.93129166405847
279.826021115516,20.9782572886711,4.02877341548253
531.595541800317,391.881815084047,3.56512000836277
70.9686018959421,75.2038167311577,5.21996460930399
5.72673707621673,76.232649031533,3.51321758672404
590.834546715093,224.349925841422,4.01266632359157
442.745777666134,456.952358410017,4.73569298735836
658.278872917999,375.58330467151,3.00411577259898
109.47954334677,487.884209359457,4.34359622522811
626.74384405343,90.0340481835421,4.09024633133054
418.91727469354,259.217073958893,3.66367927606731
12.9829891049973,180.980188765939,3.07914347019688
63.3085475751728,111.941084307999,4.55955214088031
617.535472002086,199.475083346271,4.33705120170824
249.766943062154,222.509279084994,3.75919114357742
571.186028103276,427.176512718643,3.65590314499494
304.069378258501,134.985469363712,3.94615798099244
533.80891937588,455.389608685104,3.47479416913141
41.928842718751,423.085419445317,3.9772299068677
200.651891115597,281.459051159144,3.95595618784272
555.629242171002,267.655194829487,3.55235768446422
161.240686579383,34.5459780107244,4.39249791171665
493.325519188769,343.256258348989,4.46965499792926
36.9115108718978,46.3456077213065,3.98222518227647
548.574517208692,159.403623825935,4.60959432287157
NA,NA,NA
662.085137596195,332.804636970805,3.44373024459113
451.843918572034,296.267112437813,3.67402156749661
13.2416753480432,491.563093265498,3.57588761078545
561.43549287891,49.6186205493607,4.05223033826191
74.7122822971901,371.171698300277,3.85954734279757
233.466007085145,413.585083687946,3.86590962310871
427.513894212639,10.4991761048435,3.49118396236688
362.004655779884,292.766986008654,3.00841858965937
607.168459167536,103.911305122794,4.07146573495223
400.219242917498,233.933746090174,4.27586015736837
571.319555647931,406.526998154768,4.69251509274805
136.691876304205,284.86487760176,4.65811518404603
201.387894524866,370.708947198862,4.1127254297147
124.486374214027,413.892949433471,3.44498871457559
620.213825887169,309.8234361474,4.56765363233521
-1.72151077015087,148.108568323362,4.2199188637561
540.780457363954,203.40917366165,4.2264990884156
33.0264877547915,492.523590094835,2.93129166405847
279.826021115516,20.9782572886711,4.02877341548253
531.595541800317,391.881815084047,3.56512000836277
70.9686018959421,75.2038167311577,5.21996460930399
5.72673707621673,76.232649031533,3.51321758672404
590.834546715093,224.349925841422,4.01266632359157
442.745777666134,456.952358410017,4.73569298735836
658.278872917999,375.58330467151,3.00411577259898
109.47954334677,487.884209359457,4.34359622522811
626.74384405343,90.0340481835421,4.09024633133054
418.91727469354,259.217073958893,3.66367927606731
12.9829891049973,180.980188765939,3.07914347019688
63.3085475751728,111.941084307999,4.55955214088031
617.535472002086,199.475083346271,4.33705120170824
249.766943062154,222.509279084994,3.75919114357742
571.186028103276,427.176512718643,3.65590314499494
304.069378258501,134.985469363712,3.94615798099244
533.80891937588,455.389608685104,3.47479416913141
41.928842718751,423.085419445317,3.9772299068677
200.651891115597,281.459051159144,3.95595618784272
555.629242171002,267.655194829487,3.55235768446422
161.240686579383,34.5459780107244,4.39249791171665
493.325519188769,343.256258348989,4.46965499792926
36.9115108718978,46.3456077213065,3.98222518227647
548.574517208692,159.403623825935,4.60959432287157
NA,NA,NA
659.757340436638,338.219723657175,3.37279724081823
456.682869029964,302.074760896502,3.67891583579575
12.2036020885901,492.912520653145,3.70308342035252
561.569455907612,49.8091751722113,4.23700424248158
74.5555861061855,373.535775533848,4.006400849041
232.021960223803,415.505081869391,3.84777707496752
429.025322820279,13.8357610515343,3.27695944462783
358.941737691831,291.286637375459,3.03356688226242
611.415207559211,105.17495621051,4.23458173160394
387.533259777152,226.679075485132,4.10880018862677
559.319349663983,406.830188439484,4.7412642353714
139.089396112577,287.721692601291,4.52352942787662
200.604475154873,370.334276033954,4.14726980465904
124.700345815319,410.307732294272,3.42221525974436
627.160991506572,310.785902954437,4.66762159722182
9.39077966808564,152.030125469339,4.31830811192892
544.418738646334,203.898815131942,4.08993222995758
36.255719793714,491.025247306994,2.96247736702707
281.524886741346,24.7278440996311,4.05868321294324
534.506101631457,394.947231115708,3.48023973436206
76.2675304631388,75.9229073911113,5.2246552482359
0.857564205658458,73.119516205,3.56103474547862
588.10480495223,226.768499005283,4.10329888491367
442.867169970495,465.852787186312,4.73843445440976
658.563861045172,373.473119408867,2.9979041544604
102.263351115799,481.70909530525,4.36086767209365
622.107104307143,89.6259335896339,4.06259474465753
418.468605557206,255.932464872108,3.57103041147956
11.9158081967526,178.989949529947,3.16075814761805
69.9934073437169,110.100101408687,4.59441419550479
617.120341026457,207.313791494692,4.36131771386346
259.920595910917,226.016396082443,3.98377360191631
571.388980833217,434.990347821564,3.87847436637666
301.378849460774,132.030830839892,3.88494978196201
530.22873658175,463.632489696728,3.8379019490509
46.614186321352,411.447604575515,3.67963400631961
189.084226832453,287.553292436407,3.94230644217272
548.936898568348,259.806962841159,3.57907004610028
184.118955928074,34.276082170948,4.34879978950443
505.756224916557,352.373936777945,4.48115356087726
34.0244988481335,55.3906744671948,3.61830023833343
537.458713123235,148.193618311555,5.42006432666346
NA,NA,NA
659.757340436638,338.219723657175,3.37279724081823
456.682869029964,302.074760896502,3.67891583579575
12.2036020885901,492.912520653145,3.70308342035252
561.569455907612,49.8091751722113,4.23700424248158
74.5555861061855,373.535775533848,4.006400849041
232.021960223803,415.505081869391,3.84777707496752
429.025322820279,13.8357610515343,3.27695944462783
358.941737691831,291.286637375459,3.03356688226242
611.415207559211,105.17495621051,4.23458173160394
387.533259777152,226.679075485132,4.10880018862677
559.319349663983,406.830188439484,4.7412642353714
139.089396112577,287.721692601291,4.52352942787662
200.604475154873,370.334276033954,4.14726980465904
124.700345815319,410.307732294272,3.42221525974436
627.160991506572,310.785902954437,4.66762159722182
9.39077966808564,152.030125469339,4.31830811192892
544.418738646334,203.898815131942,4.08993222995758
36.255719793714,491.025247306994,2.96247736702707
281.524886741346,24.7278440996311,4.05868321294324
534.506101631457,394.947231115708,3.48023973436206
76.2675304631388,75.9229073911113,5.2246552482359
0.857564205658458,73.119516205,3.56103474547862
588.10480495223,226.768499005283,4.10329888491367
442.867169970495,465.852787186312,4.73843445440976
658.563861045172,373.473119408867,2.9979041544604
102.263351115799,481.70909530525,4.36086767209365
622.107104307143,89.6259335896339,4.06259474465753
418.468605557206,255.932464872108,3.57103041147956
11.9158081967526,178.989949529947,3.16075814761805
69.9934073437169,110.100101408687,4.59441419550479
617.120341026457,207.313791494692,4.36131771386346
259.920595910917,226.016396082443,3.98377360191631
571.388980833217,434.990347821564,3.87847436637666
301.378849460774,132.030830839892,3.88494978196201
530.22873658175,463.632489696728,3.8379019490509
46.614186321352,411.447604575515,3.67963400631961
189.084226832453,287.553292436407,3.94230644217272
548.936898568348,259.806962841159,3.57907004610028
184.118955928074,34.276082170948,4.34879978950443
505.756224916557,352.373936777945,4.48115356087726
34.0244988481335,55.3906744671948,3.61830023833343
537.458713123235,148.193618311555,5.42006432666346
NA,NA,NA
659.757340436638,338.219723657175,3.37279724081823
456.682869029964,302.074760896502,3.67891583579575
12.2036020885901,492.912520653145,3.70308342035252
561.569455907612,49.8091751722113,4.23700424248158
74.5555861061855,373.535775533848,4.006400849041
232.021960223803,415.505081869391,3.84777707496752
429.025322820279,13.8357610515343,3.27695944462783
358.941737691831,291.286637375459,3.03356688226242
611.415207559211,105.17495621051,4.23458173160394
387.533259777152,226.679075485132,4.10880018862677
559.319349663983,406.830188439484,4.7412642353714
139.089396112577,287.721692601291,4.52352942787662
200.604475154873,370.334276033954,4.14726980465904
124.700345815319,410.307732294272,3.42221525974436
627.160991506572,310.785902954437,4.66762159722182
9.39077966808564,152.030125469339,4.31830811192892
544.418738646334,203.898815131942,4.08993222995758
36.255719793714,491.025247306994,2.96247736702707
281.524886741346,24.7278440996311,4.05868321294324
534.506101631457,394.947231115708,3.48023973436206
76.2675304631388,75.9229073911113,5.2246552482359
0.857564205658458,73.119516205,3.56103474547862
588.10480495223,226.768499005283,4.10329888491367
442.867169970495,465.852787186312,4.73843445440976
658.563861045172,373.473119408867,2.9979041544604
102.263351115799,481.70909530525,4.36086767209365
622.107104307143,89.6259335896339,4.06259474465753
418.468605557206,255.932464872108,3.57103041147956
11.9158081967526,178.989949529947,3.16075814761805
69.9934073437169,110.100101408687,4.59441419550479
617.120341026457,207.313791494692,4.36131771386346
259.920595910917,226.016396082443,3.98377360191631
571.388980833217,434.990347821564,3.87847436637666
301.378849460774,132.030830839892,3.88494978196201
530.22873658175,463.632489696728,3.8379019490509
46.614186321352,411.447604575515,3.67963400631961
189.084226832453,287.553292436407,3.94230644217272
548.936898568348,259.806962841159,3.57907004610028
184.118955928074,34.276082170948,4.34879978950443
505.756224916557,352.373936777945,4.48115356087726
34.0244988481335,55.3906744671948,3.61830023833343
537.458713123235,148.193618311555,5.42006432666346
NA,NA,NA
659.757340436638,338.219723657175,3.37279724081823
456.682869029964,302.074760896502,3.67891583579575
12.2036020885901,492.912520653145,3.70308342035252
561.569455907612,49.8091751722113,4.23700424248158
74.5555861061855,373.535775533848,4.006400849041
232.021960223803,415.505081869391,3.84777707496752
429.025322820279,13.8357610515343,3.27695944462783
358.941737691831,291.286637375459,3.03356688226242
611.415207559211,105.17495621051,4.23458173160394
387.533259777152,226.679075485132,4.10880018862677
559.319349663983,406.830188439484,4.7412642353714
139.089396112577,287.721692601291,4.52352942787662
200.604475154873,370.334276033954,4.14726980465904
124.700345815319,410.307732294272,3.42221525974436
627.160991506572,310.785902954437,4.66762159722182
9.39077966808564,152.030125469339,4.31830811192892
544.418738646334,203.898815131942,4.08993222995758
36.255719793714,491.025247306994,2.96247736702707
281.524886741346,24.7278440996311,4.05868321294324
534.506101631457,394.947231115708,3.48023973436206
76.2675304631388,75.9229073911113,5.2246552482359
0.857564205658458,73.119516205,3.56103474547862
588.10480495223,226.768499005283,4.10329888491367
442.867169970495,465.852787186312,4.73843445440976
658.563861045172,373.473119408867,2.9979041544604
102.263351115799,481.70909530525,4.36086767209365
622.107104307143,89.6259335896339,4.06259474465753
418.468605557206,255.932464872108,3.57103041147956
11.9158081967526,178.989949529947,3.16075814761805
69.9934073437169,110.100101408687,4.59441419550479
617.120341026457,207.313791494692,4.36131771386346
259.920595910917,226.016396082443,3.98377360191631
571.388980833217,434.990347821564,3.87847436637666
301.378849460774,132.030830839892,3.88494978196201
530.22873658175,463.632489696728,3.8379019490509
46.614186321352,411.447604575515,3.67963400631961
189.084226832453,287.553292436407,3.94230644217272
548.936898568348,259.806962841159,3.57907004610028
184.118955928074,34.276082170948,4.34879978950443
505.756224916557,352.373936777945,4.48115356087726
34.0244988481335,55.3906744671948,3.61830023833343
537.458713123235,148.193618311555,5.42006432666346
NA,NA,NA
659.757340436638,338.219723657175,3.37279724081823
456.682869029964,302.074760896502,3.67891583579575
12.2036020885901,492.912520653145,3.70308342035252
561.569455907612,49.8091751722113,4.23700424248158
74.5555861061855,373.535775533848,4.006400849041
232.021960223803,415.505081869391,3.84777707496752
429.025322820279,13.8357610515343,3.27695944462783
358.941737691831,291.286637375459,3.03356688226242
611.415207559211,105.17495621051,4.23458173160394
387.533259777152,226.679075485132,4.10880018862677
559.319349663983,406.830188439484,4.7412642353714
139.089396112577,287.721692601291,4.52352942787662
200.604475154873,370.334276033954,4.14726980465904
124.700345815319,410.307732294272,3.42221525974436
627.160991506572,310.785902954437,4.66762159722182
9.39077966808564,152.030125469339,4.31830811192892
544.418738646334,203.898815131942,4.08993222995758
36.255719793714,491.025247306994,2.96247736702707
281.524886741346,24.7278440996311,4.05868321294324
534.506101631457,394.947231115708,3.48023973436206
76.2675304631388,75.9229073911113,5.2246552482359
0.857564205658458,73.119516205,3.56103474547862
588.10480495223,226.768499005283,4.10329888491367
442.867169970495,465.852787186312,4.73843445440976
658.563861045172,373.473119408867,2.9979041544604
102.263351115799,481.70909530525,4.36086767209365
622.107104307143,89.6259335896339,4.06259474465753
418.468605557206,255.932464872108,3.57103041147956
11.9158081967526,178.989949529947,3.16075814761805
69.9934073437169,110.100101408687,4.59441419550479
617.120341026457,207.313791494692,4.36131771386346
259.920595910917,226.016396082443,3.98377360191631
571.388980833217,434.990347821564,3.87847436637666
301.378849460774,132.030830839892,3.88494978196201
530.22873658175,463.632489696728,3.8379019490509
46.614186321352,411.447604575515,3.67963400631961
189.084226832453,287.553292436407,3.94230644217272
548.936898568348,259.806962841159,3.57907004610028
184.118955928074,34.276082170948,4.34879978950443
505.756224916557,352.373936777945,4.48115356087726
34.0244988481335,55.3906744671948,3.61830023833343
537.458713123235,148.193618311555,5.42006432666346
NA,NA,NA
659.757340436638,338.219723657175,3.37279724081823
456.682869029964,302.074760896502,3.67891583579575
12.2036020885901,492.912520653145,3.70308342035252
561.569455907612,49.8091751722113,4.23700424248158
74.5555861061855,373.535775533848,4.006400849041
232.021960223803,415.505081869391,3.84777707496752
429.025322820279,13.8357610515343,3.27695944462783
358.941737691831,291.286637375459,3.03356688226242
611.415207559211,105.17495621051,4.23458173160394
387.533259777152,226.679075485132,4.10880018862677
559.319349663983,406.830188439484,4.7412642353714
139.089396112577,287.721692601291,4.52352942787662
200.604475154873,370.334276033954,4.14726980465904
124.700345815319,410.307732294272,3.42221525974436
627.160991506572,310.785902954437,4.66762159722182
9.39077966808564,152.030125469339,4.31830811192892
544.418738646334,203.898815131942,4.08993222995758
36.255719793714,491.025247306994,2.96247736702707
281.524886741346,24.7278440996311,4.05868321294324
534.506101631457,394.947231115708,3.48023973436206
76.2675304631388,75.9229073911113,5.2246552482359
0.857564205658458,73.119516205,3.56103474547862
588.10480495223,226.768499005283,4.10329888491367
442.867169970495,465.852787186312,4.73843445440976
658.563861045172,373.473119408867,2.9979041544604
102.263351115799,481.70909530525,4.36086767209365
622.107104307143,89.6259335896339,4.06259474465753
418.468605557206,255.932464872108,3.57103041147956
11.9158081967526,178.989949529947,3.16075814761805
69.9934073437169,110.100101408687,4.59441419550479
617.120341026457,207.313791494692,4.36131771386346
259.920595910917,226.016396082443,3.98377360191631
571.388980833217,434.990347821564,3.87847436637666
301.378849460774,132.030830839892,3.88494978196201
530.22873658175,463.632489696728,3.8379019490509
46.614186321352,411.447604575515,3.67963400631961
189.084226832453,287.553292436407,3.94230644217272
548.936898568348,259.806962841159,3.57907004610028
184.118955928074,34.276082170948,4.34879978950443
505.756224916557,352.373936777945,4.48115356087726
34.0244988481335,55.3906744671948,3.61830023833343
537.458713123235,148.193618311555,5.42006432666346
NA,NA,NA
662.232271684883,337.200384256053,3.33452127810998
456.674287793756,296.119648091633,3.73464151492701
12.4590437347759,493.399654639636,3.50311048409228
564.549716597711,49.9371608015629,4.26344378295733
72.3239558793131,376.455398679633,3.94173379914823
227.766106844544,413.172164595066,3.88723506011862
429.111893463958,12.2246471873681,3.02342298973563
364.187916515908,295.10539590071,3.00822094656088
598.984014085001,107.331834798357,4.08599973737516
391.634786304953,228.993689733749,4.28636776262856
580.109179293753,411.53449603403,4.77947180051226
143.764428011415,278.725856217883,4.60516205556321
201.155450243198,373.555389871071,3.90812363027668
125.64339177684,410.92468312373,3.50506499352727
625.730688849794,316.031925630647,4.50270030952345
6.94934639127158,149.891643804991,4.40000114561978
543.240113219223,203.81300006341,4.27713020634449
34.9211941277924,492.820119060402,2.93253562613298
276.45318732863,22.1511972762193,3.75049178632297
536.478713454213,391.415787910193,3.45288059393567
75.6045337557949,68.266073648875,5.16542855787432
1.89095085342913,71.2406176248958,3.54366689479077
594.076915424544,229.396180953472,3.96796989721143
448.192680067009,460.851135646968,4.68581017452849
658.289588134745,372.682644537897,3.37715911645224
104.527059171816,495.686747438484,4.34730040165687
621.534555609719,91.7886912308437,4.04317945370581
422.467429318167,259.863313324682,3.56128093477123
11.9388058489123,182.553704181325,3.18882244112141
70.9725834394246,128.658392580258,4.35410468820597
611.912679412179,206.320039684706,4.1366428179302
251.300360886891,217.721862339719,3.92224170752095
573.27102032846,438.792481015826,3.91070659049829
298.233743537017,135.149955119435,3.94797453576635
528.844714545586,451.483765994218,3.62438539678312
38.6979613365432,412.898585204665,3.62775996123126
190.376012538594,285.182336135637,4.03274064809405
555.542460279814,260.813937286259,3.75372880864114
161.413046427494,35.2970567314922,4.30407092560979
503.676054054398,343.535960937174,4.5212678115589
42.553016620347,54.8356636946576,4.03040503987809
523.975761450708,151.140782685436,4.64729927945176
NA,NA,NA
662.232271684883,337.200384256053,3.33452127810998
456.674287793756,296.119648091633,3.73464151492701
12.4590437347759,493.399654639636,3.50311048409228
564.549716597711,49.9371608015629,4.26344378295733
72.3239558793131,376.455398679633,3.94173379914823
227.766106844544,413.172164595066,3.88723506011862
429.111893463958,12.2246471873681,3.02342298973563
364.187916515908,295.10539590071,3.00822094656088
598.984014085001,107.331834798357,4.08599973737516
391.634786304953,228.993689733749,4.28636776262856
580.109179293753,411.53449603403,4.77947180051226
143.764428011415,278.725856217883,4.60516205556321
201.155450243198,373.555389871071,3.90812363027668
125.64339177684,410.92468312373,3.50506499352727
625.730688849794,316.031925630647,4.50270030952345
6.94934639127158,149.891643804991,4.40000114561978
543.240113219223,203.81300006341,4.27713020634449
34.9211941277924,492.820119060402,2.93253562613298
276.45318732863,22.1511972762193,3.75049178632297
536.478713454213,391.415787910193,3.45288059393567
75.6045337557949,68.266073648875,5.16542855787432
1.89095085342913,71.2406176248958,3.54366689479077
594.076915424544,229.396180953472,3.96796989721143
448.192680067009,460.851135646968,4.68581017452849
658.289588134745,372.682644537897,3.37715911645224
104.527059171816,495.686747438484,4.34730040165687
621.534555609719,91.7886912308437,4.04317945370581
422.467429318167,259.863313324682,3.56128093477123
11.9388058489123,182.553704181325,3.18882244112141
70.9725834394246,128.658392580258,4.35410468820597
611.912679412179,206.320039684706,4.1366428179302
251.300360886891,217.721862339719,3.92224170752095
573.27102032846,438.792481015826,3.91070659049829
298.233743537017,135.149955119435,3.94797453576635
528.844714545586,451.483765994218,3.62438539678312
38.6979613365432,412.898585204665,3.62775996123126
190.376012538594,285.182336135637,4.03274064809405
555.542460279814,260.813937286259,3.75372880864114
161.413046427494,35.2970567314922,4.30407092560979
503.676054054398,343.535960937174,4.5212678115589
42.553016620347,54.8356636946576,4.03040503987809
523.975761450708,151.140782685436,4.64729927945176
NA,NA,NA
662.232271684883,337.200384256053,3.33452127810998
456.674287793756,296.119648091633,3.73464151492701
12.4590437347759,493.399654639636,3.50311048409228
564.549716597711,49.9371608015629,4.26344378295733
72.3239558793131,376.455398679633,3.94173379914823
227.766106844544,413.172164595066,3.88723506011862
429.111893463958,12.2246471873681,3.02342298973563
364.187916515908,295.10539590071,3.00822094656088
598.984014085001,107.331834798357,4.08599973737516
391.634786304953,228.993689733749,4.28636776262856
580.109179293753,411.53449603403,4.77947180051226
143.764428011415,278.725856217883,4.60516205556321
201.155450243198,373.555389871071,3.90812363027668
125.64339177684,410.92468312373,3.50506499352727
625.730688849794,316.031925630647,4.50270030952345
6.94934639127158,149.891643804991,4.40000114561978
543.240113219223,203.81300006341,4.27713020634449
34.9211941277924,492.820119060402,2.93253562613298
276.45318732863,22.1511972762193,3.75049178632297
536.478713454213,391.415787910193,3.45288059393567
75.6045337557949,68.266073648875,5.16542855787432
1.89095085342913,71.2406176248958,3.54366689479077
594.076915424544,229.396180953472,3.96796989721143
448.192680067009,460.851135646968,4.68581017452849
658.289588134745,372.682644537897,3.37715911645224
104.527059171816,495.686747438484,4.34730040165687
621.534555609719,91.7886912308437,4.04317945370581
422.467429318167,259.863313324682,3.56128093477123
11.9388058489123,182.553704181325,3.18882244112141
70.9725834394246,128.658392580258,4.35410468820597
611.912679412179,206.320039684706,4.1366428179302
251.300360886891,217.721862339719,3.92224170752095
573.27102032846,438.792481015826,3.91070659049829
298.233743537017,135.149955119435,3.94797453576635
528.844714545586,451.483765994218,3.62438539678312
38.6979613365432,412.898585204665,3.62775996123126
190.376012538594,285.182336135637,4.03274064809405
555.542460279814,260.813937286259,3.75372880864114
161.413046427494,35.2970567314922,4.30407092560979
503.676054054398,343.535960937174,4.5212678115589
42.553016620347,54.8356636946576,4.03040503987809
523.975761450708,151.140782685436,4.64729927945176
NA,NA,NA
662.232271684883,337.200384256053,3.33452127810998
456.674287793756,296.119648091633,3.73464151492701
12.4590437347759,493.399654639636,3.50311048409228
564.549716597711,49.9371608015629,4.26344378295733
72.3239558793131,376.455398679633,3.94173379914823
227.766106844544,413.172164595066,3.88723506011862
429.111893463958,12.2246471873681,3.02342298973563
364.187916515908,295.10539590071,3.00822094656088
598.984014085001,107.331834798357,4.08599973737516
391.634786304953,228.993689733749,4.28636776262856
580.109179293753,411.53449603403,4.77947180051226
143.764428011415,278.725856217883,4.60516205556321
201.155450243198,373.555389871071,3.90812363027668
125.64339177684,410.92468312373,3.50506499352727
625.730688849794,316.031925630647,4.50270030952345
6.94934639127158,149.891643804991,4.40000114561978
543.240113219223,203.81300006341,4.27713020634449
34.9211941277924,492.820119060402,2.93253562613298
276.45318732863,22.1511972762193,3.75049178632297
536.478713454213,391.415787910193,3.45288059393567
75.6045337557949,68.266073648875,5.16542855787432
1.89095085342913,71.2406176248958,3.54366689479077
594.076915424544,229.396180953472,3.96796989721143
448.192680067009,460.851135646968,4.68581017452849
658.289588134745,372.682644537897,3.37715911645224
104.527059171816,495.686747438484,4.34730040165687
621.534555609719,91.7886912308437,4.04317945370581
422.467429318167,259.863313324682,3.56128093477123
11.9388058489123,182.553704181325,3.18882244112141
70.9725834394246,128.658392580258,4.35410468820597
611.912679412179,206.320039684706,4.1366428179302
251.300360886891,217.721862339719,3.92224170752095
573.27102032846,438.792481015826,3.91070659049829
298.233743537017,135.149955119435,3.94797453576635
528.844714545586,451.483765994218,3.62438539678312
38.6979613365432,412.898585204665,3.62775996123126
190.376012538594,285.182336135637,4.03274064809405
555.542460279814,260.813937286259,3.75372880864114
161.413046427494,35.2970567314922,4.30407092560979
503.676054054398,343.535960937174,4.5212678115589
42.553016620347,54.8356636946576,4.03040503987809
523.975761450708,151.140782685436,4.64729927945176
NA,NA,NA
662.232271684883,337.200384256053,3.33452127810998
456.674287793756,296.119648091633,3.73464151492701
12.4590437347759,493.399654639636,3.50311048409228
564.549716597711,49.9371608015629,4.26344378295733
72.3239558793131,376.455398679633,3.94173379914823
227.766106844544,413.172164595066,3.88723506011862
429.111893463958,12.2246471873681,3.02342298973563
364.187916515908,295.10539590071,3.00822094656088
598.984014085001,107.331834798357,4.08599973737516
391.634786304953,228.993689733749,4.28636776262856
580.109179293753,411.53449603403,4.77947180051226
143.764428011415,278.725856217883,4.60516205556321
201.155450243198,373.555389871071,3.90812363027668
125.64339177684,410.92468312373,3.50506499352727
625.730688849794,316.031925630647,4.50270030952345
6.94934639127158,149.891643804991,4.40000114561978
543.240113219223,203.81300006341,4.27713020634449
34.9211941277924,492.820119060402,2.93253562613298
276.45318732863,22.1511972762193,3.75049178632297
536.478713454213,391.415787910193,3.45288059393567
75.6045337557949,68.266073648875,5.16542855787432
1.89095085342913,71.2406176248958,3.54366689479077
594.076915424544,229.396180953472,3.96796989721143
448.192680067009,460.851135646968,4.68581017452849
658.289588134745,372.682644537897,3.37715911645224
104.527059171816,495.686747438484,4.34730040165687
621.534555609719,91.7886912308437,4.04317945370581
422.467429318167,259.863313324682,3.56128093477123
11.9388058489123,182.553704181325,3.18882244112141
70.9725834394246,128.658392580258,4.35410468820597
611.912679412179,206.320039684706,4.1366428179302
251.300360886891,217.721862339719,3.92224170752095
573.27102032846,438.792481015826,3.91070659049829
298.233743537017,135.149955119435,3.94797453576635
528.844714545586,451.483765994218,3.62438539678312
38.6979613365432,412.898585204665,3.62775996123126
190.376012538594,285.182336135637,4.03274064809405
555.542460279814,260.813937286259,3.75372880864114
161.413046427494,35.2970567314922,4.30407092560979
503.676054054398,343.535960937174,4.5212678115589
42.553016620347,54.8356636946576,4.03040503987809
523.975761450708,151.140782685436,4.64729927945176
NA,NA,NA
662.232271684883,337.200384256053,3.33452127810998
456.674287793756,296.119648091633,3.73464151492701
12.4590437347759,493.399654639636,3.50311048409228
564.549716597711,49.9371608015629,4.26344378295733
72.3239558793131,376.455398679633,3.94173379914823
227.766106844544,413.172164595066,3.88723506011862
429.111893463958,12.2246471873681,3.02342298973563
364.187916515908,295.10539590071,3.00822094656088
598.984014085001,107.331834798357,4.08599973737516
391.634786304953,228.993689733749,4.28636776262856
580.109179293753,411.53449603403,4.77947180051226
143.764428011415,278.725856217883,4.60516205556321
201.155450243198,373.555389871071,3.90812363027668
125.64339177684,410.92468312373,3.50506499352727
625.730688849794,316.031925630647,4.50270030952345
6.94934639127158,149.891643804991,4.40000114561978
543.240113219223,203.81300006341,4.27713020634449
34.9211941277924,492.820119060402,2.93253562613298
276.45318732863,22.1511972762193,3.75049178632297
536.478713454213,391.415787910193,3.45288059393567
75.6045337557949,68.266073648875,5.16542855787432
1.89095085342913,71.2406176248958,3.54366689479077
594.076915424544,229.396180953472,3.96796989721143
448.192680067009,460.851135646968,4.68581017452849
658.289588134745,372.682644537897,3.37715911645224
104.527059171816,495.686747438484,4.34730040165687
621.534555609719,91.7886912308437,4.04317945370581
422.467429318167,259.863313324682,3.56128093477123
11.9388058489123,182.553704181325,3.18882244112141
70.9725834394246,128.658392580258,4.35410468820597
611.912679412179,206.320039684706,4.1366428179302
251.300360886891,217.721862339719,3.92224170752095
573.27102032846,438.792481015826,3.91070659049829
298.233743537017,135.149955119435,3.94797453576635
528.844714545586,451.483765994218,3.62438539678312
38.6979613365432,412.898585204665,3.62775996123126
190.376012538594,285.182336135637,4.03274064809405
555.542460279814,260.813937286259,3.75372880864114
161.413046427494,35.2970567314922,4.30407092560979
503.676054054398,343.535960937174,4.5212678115589
42.553016620347,54.8356636946576,4.03040503987809
523.975761450708,151.140782685436,4.64729927945176
NA,NA,NA
660.512613614353,328.537715571163,3.41309594085388
455.334589919235,298.561936984216,3.72671124562302
11.0212335265003,493.884135761855,3.52474478800836
560.881948703112,54.2239734634344,4.09793488322081
76.3599663865652,376.074168637885,3.96915047825851
229.225477442187,414.146155857114,3.83543694230162
428.591972044679,11.0228702949257,3.44590303649469
360.85045041243,292.822757427154,3.01062994017818
607.029137283064,107.177852283925,4.25572032982571
392.187659694512,231.965564315309,4.28645467502851
569.729214165502,414.393280789364,4.72812279089788
138.11454248199,284.8892378307,4.43688775679862
196.218642033149,368.436147113497,3.99032670772722
124.954654451463,411.317646109637,3.53546068263999
626.568627290615,308.204661008474,4.46183392045909
2.19574755770844,143.746705776086,4.17749466836655
546.824106873225,204.480468533583,4.06872732263921
33.9967080739351,491.012977646816,2.9658139216289
282.985605426496,17.6615800978849,3.98289406753655
531.880009272675,393.270199184298,3.25832960324591
74.28291183099,75.3826865661415,5.23301234962122
6.26925389123395,73.9143238678314,3.54319880412589
592.091841946193,226.324798590911,4.08523823128312
435.484261391234,456.763976977763,4.77583501660578
660.554626950152,373.271931753756,3.03114559975246
102.604365704346,489.043910832448,4.42113986452984
622.801662261804,93.3019427506645,4.08211797910987
422.338650789828,259.143886183732,3.63252905764958
12.8391456692734,182.517901332968,3.31669592358844
67.4868436892952,113.715072447992,4.57887364998648
597.069878429761,208.972265563861,4.54918414185742
255.672512609912,209.27559422675,3.61871454667556
570.103765978811,437.258268746311,3.82553564953781
300.228424846595,137.027205323966,4.0404085072964
533.412463762996,454.588775750083,3.67244303588208
48.6009694082684,418.011399108057,3.93486798563635
202.164795036211,283.577585614137,3.82154591173162
548.385895215578,256.122347453127,3.88762440716566
175.392152106357,27.4863286298588,4.25683839749266
502.00534743864,334.942300055858,4.59877390475691
27.9790393305267,47.5362262180305,4.05366047410419
517.275924864422,155.556103362832,4.85464721861155
NA,NA,NA
660.512613614353,328.537715571163,3.41309594085388
455.334589919235,298.561936984216,3.72671124562302
11.0212335265003,493.884135761855,3.52474478800836
560.881948703112,54.2239734634344,4.09793488322081
76.3599663865652,376.074168637885,3.96915047825851
229.225477442187,414.146155857114,3.83543694230162
428.591972044679,11.0228702949257,3.44590303649469
360.85045041243,292.822757427154,3.01062994017818
607.029137283064,107.177852283925,4.25572032982571
392.187659694512,231.965564315309,4.28645467502851
569.729214165502,414.393280789364,4.72812279089788
138.11454248199,284.8892378307,4.43688775679862
196.218642033149,368.436147113497,3.99032670772722
124.954654451463,411.317646109637,3.53546068263999
626.568627290615,308.204661008474,4.46183392045909
2.19574755770844,143.746705776086,4.17749466836655
546.824106873225,204.480468533583,4.06872732263921
33.9967080739351,491.012977646816,2.9658139216289
282.985605426496,17.6615800978849,3.98289406753655
531.880009272675,393.270199184298,3.25832960324591
74.28291183099,75.3826865661415,5.23301234962122
6.26925389123395,73.9143238678314,3.54319880412589
592.091841946193,226.324798590911,4.08523823128312
435.484261391234,456.763976977763,4.77583501660578
660.554626950152,373.271931753756,3.03114559975246
102.604365704346,489.043910832448,4.42113986452984
622.801662261804,93.3019427506645,4.08211797910987
422.338650789828,259.143886183732,3.63252905764958
12.8391456692734,182.517901332968,3.31669592358844
67.4868436892952,113.715072447992,4.57887364998648
597.069878429761,208.972265563861,4.54918414185742
255.672512609912,209.27559422675,3.61871454667556
570.103765978811,437.258268746311,3.82553564953781
300.228424846595,137.027205323966,4.0404085072964
533.412463762996,454.588775750083,3.67244303588208
48.6009694082684,418.011399108057,3.93486798563635
202.164795036211,283.577585614137,3.82154591173162
548.385895215578,256.122347453127,3.88762440716566
175.392152106357,27.4863286298588,4.25683839749266
502.00534743864,334.942300055858,4.59877390475691
27.9790393305267,47.5362262180305,4.05366047410419
517.275924864422,155.556103362832,4.85464721861155
NA,NA,NA
660.512613614353,328.537715571163,3.41309594085388
455.334589919235,298.561936984216,3.72671124562302
11.0212335265003,493.884135761855,3.52474478800836
560.881948703112,54.2239734634344,4.09793488322081
76.3599663865652,376.074168637885,3.96915047825851
229.225477442187,414.146155857114,3.83543694230162
428.591972044679,11.0228702949257,3.44590303649469
360.85045041243,292.822757427154,3.01062994017818
607.029137283064,107.177852283925,4.25572032982571
392.187659694512,231.965564315309,4.28645467502851
569.729214165502,414.393280789364,4.72812279089788
138.11454248199,284.8892378307,4.43688775679862
196.218642033149,368.436147113497,3.99032670772722
124.954654451463,411.317646109637,3.53546068263999
626.568627290615,308.204661008474,4.46183392045909
2.19574755770844,143.746705776086,4.17749466836655
546.824106873225,204.480468533583,4.06872732263921
33.9967080739351,491.012977646816,2.9658139216289
282.985605426496,17.6615800978849,3.98289406753655
531.880009272675,393.270199184298,3.25832960324591
74.28291183099,75.3826865661415,5.23301234962122
6.26925389123395,73.9143238678314,3.54319880412589
592.091841946193,226.324798590911,4.08523823128312
435.484261391234,456.763976977763,4.77583501660578
660.554626950152,373.271931753756,3.03114559975246
102.604365704346,489.043910832448,4.42113986452984
622.801662261804,93.3019427506645,4.08211797910987
422.338650789828,259.143886183732,3.63252905764958
12.8391456692734,182.517901332968,3.31669592358844
67.4868436892952,113.715072447992,4.57887364998648
597.069878429761,208.972265563861,4.54918414185742
255.672512609912,209.27559422675,3.61871454667556
570.103765978811,437.258268746311,3.82553564953781
300.228424846595,137.027205323966,4.0404085072964
533.412463762996,454.588775750083,3.67244303588208
48.6009694082684,418.011399108057,3.93486798563635
202.164795036211,283.577585614137,3.82154591173162
548.385895215578,256.122347453127,3.88762440716566
175.392152106357,27.4863286298588,4.25683839749266
502.00534743864,334.942300055858,4.59877390475691
27.9790393305267,47.5362262180305,4.05366047410419
517.275924864422,155.556103362832,4.85464721861155
NA,NA,NA
660.512613614353,328.537715571163,3.41309594085388
455.334589919235,298.561936984216,3.72671124562302
11.0212335265003,493.884135761855,3.52474478800836
560.881948703112,54.2239734634344,4.09793488322081
76.3599663865652,376.074168637885,3.96915047825851
229.225477442187,414.146155857114,3.83543694230162
428.591972044679,11.0228702949257,3.44590303649469
360.85045041243,292.822757427154,3.01062994017818
607.029137283064,107.177852283925,4.25572032982571
392.187659694512,231.965564315309,4.28645467502851
569.729214165502,414.393280789364,4.72812279089788
138.11454248199,284.8892378307,4.43688775679862
196.218642033149,368.436147113497,3.99032670772722
124.954654451463,411.317646109637,3.53546068263999
626.568627290615,308.204661008474,4.46183392045909
2.19574755770844,143.746705776086,4.17749466836655
546.824106873225,204.480468533583,4.06872732263921
33.9967080739351,491.012977646816,2.9658139216289
282.985605426496,17.6615800978849,3.98289406753655
531.880009272675,393.270199184298,3.25832960324591
74.28291183099,75.3826865661415,5.23301234962122
6.26925389123395,73.9143238678314,3.54319880412589
592.091841946193,226.324798590911,4.08523823128312
435.484261391234,456.763976977763,4.77583501660578
660.554626950152,373.271931753756,3.03114559975246
102.604365704346,489.043910832448,4.42113986452984
622.801662261804,93.3019427506645,4.08211797910987
422.338650789828,259.143886183732,3.63252905764958
12.8391456692734,182.517901332968,3.31669592358844
67.4868436892952,113.715072447992,4.57887364998648
597.069878429761,208.972265563861,4.54918414185742
255.672512609912,209.27559422675,3.61871454667556
570.103765978811,437.258268746311,3.82553564953781
300.228424846595,137.027205323966,4.0404085072964
533.412463762996,454.588775750083,3.67244303588208
48.6009694082684,418.011399108057,3.93486798563635
202.164795036211,283.577585614137,3.82154591173162
548.385895215578,256.122347453127,3.88762440716566
175.392152106357,27.4863286298588,4.25683839749266
502.00534743864,334.942300055858,4.59877390475691
27.9790393305267,47.5362262180305,4.05366047410419
517.275924864422,155.556103362832,4.85464721861155
NA,NA,NA
660.512613614353,328.537715571163,3.41309594085388
455.334589919235,298.561936984216,3.72671124562302
11.0212335265003,493.884135761855,3.52474478800836
560.881948703112,54.2239734634344,4.09793488322081
76.3599663865652,376.074168637885,3.96915047825851
229.225477442187,414.146155857114,3.83543694230162
428.591972044679,11.0228702949257,3.44590303649469
360.85045041243,292.822757427154,3.01062994017818
607.029137283064,107.177852283925,4.25572032982571
392.187659694512,231.965564315309,4.28645467502851
569.729214165502,414.393280789364,4.72812279089788
138.11454248199,284.8892378307,4.43688775679862
196.218642033149,368.436147113497,3.99032670772722
124.954654451463,411.317646109637,3.53546068263999
626.568627290615,308.204661008474,4.46183392045909
2.19574755770844,143.746705776086,4.17749466836655
546.824106873225,204.480468533583,4.06872732263921
33.9967080739351,491.012977646816,2.9658139216289
282.985605426496,17.6615800978849,3.98289406753655
531.880009272675,393.270199184298,3.25832960324591
74.28291183099,75.3826865661415,5.23301234962122
6.26925389123395,73.9143238678314,3.54319880412589
592.091841946193,226.324798590911,4.08523823128312
435.484261391234,456.763976977763,4.77583501660578
660.554626950152,373.271931753756,3.03114559975246
102.604365704346,489.043910832448,4.42113986452984
622.801662261804,93.3019427506645,4.08211797910987
422.338650789828,259.143886183732,3.63252905764958
12.8391456692734,182.517901332968,3.31669592358844
67.4868436892952,113.715072447992,4.57887364998648
597.069878429761,208.972265563861,4.54918414185742
255.672512609912,209.27559422675,3.61871454667556
570.103765978811,437.258268746311,3.82553564953781
300.228424846595,137.027205323966,4.0404085072964
533.412463762996,454.588775750083,3.67244303588208
48.6009694082684,418.011399108057,3.93486798563635
202.164795036211,283.577585614137,3.82154591173162
548.385895215578,256.122347453127,3.88762440716566
175.392152106357,27.4863286298588,4.25683839749266
502.00534743864,334.942300055858,4.59877390475691
27.9790393305267,47.5362262180305,4.05366047410419
517.275924864422,155.556103362832,4.85464721861155
NA,NA,NA
660.512613614353,328.537715571163,3.41309594085388
455.334589919235,298.561936984216,3.72671124562302
11.0212335265003,493.884135761855,3.52474478800836
560.881948703112,54.2239734634344,4.09793488322081
76.3599663865652,376.074168637885,3.96915047825851
229.225477442187,414.146155857114,3.83543694230162
428.591972044679,11.0228702949257,3.44590303649469
360.85045041243,292.822757427154,3.01062994017818
607.029137283064,107.177852283925,4.25572032982571
392.187659694512,231.965564315309,4.28645467502851
569.729214165502,414.393280789364,4.72812279089788
138.11454248199,284.8892378307,4.43688775679862
196.218642033149,368.436147113497,3.99032670772722
124.954654451463,411.317646109637,3.53546068263999
626.568627290615,308.204661008474,4.46183392045909
2.19574755770844,143.746705776086,4.17749466836655
546.824106873225,204.480468533583,4.06872732263921
33.9967080739351,491.012977646816,2.9658139216289
282.985605426496,17.6615800978849,3.98289406753655
531.880009272675,393.270199184298,3.25832960324591
74.28291183099,75.3826865661415,5.23301234962122
6.26925389123395,73.9143238678314,3.54319880412589
592.091841946193,226.324798590911,4.08523823128312
435.484261391234,456.763976977763,4.77583501660578
660.554626950152,373.271931753756,3.03114559975246
102.604365704346,489.043910832448,4.42113986452984
622.801662261804,93.3019427506645,4.08211797910987
422.338650789828,259.143886183732,3.63252905764958
12.8391456692734,182.517901332968,3.31669592358844
67.4868436892952,113.715072447992,4.57887364998648
597.069878429761,208.972265563861,4.54918414185742
255.672512609912,209.27559422675,3.61871454667556
570.103765978811,437.258268746311,3.82553564953781
300.228424846595,137.027205323966,4.0404085072964
533.412463762996,454.588775750083,3.67244303588208
48.6009694082684,418.011399108057,3.93486798563635
202.164795036211,283.577585614137,3.82154591173162
548.385895215578,256.122347453127,3.88762440716566
175.392152106357,27.4863286298588,4.25683839749266
502.00534743864,334.942300055858,4.59877390475691
27.9790393305267,47.5362262180305,4.05366047410419
517.275924864422,155.556103362832,4.85464721861155
NA,NA,NA
662.52283013816,331.271593686161,3.42109459333625
454.463378347477,299.606529416096,3.50917374417939
13.0160231184138,495.715748595911,3.5897631417342
558.504183342234,51.8695747743541,4.26938414793624
70.3379047782244,375.061379491238,3.9904330314761
228.805250269512,417.628102287416,3.92544104000037
428.465247808755,12.5801106126521,3.23069276578035
359.200034380818,296.52766376419,2.89110347859547
604.593843411071,99.5828826820453,4.19256400127262
389.904186190353,231.223073417159,4.25025931940065
576.0077317589,410.667671167701,4.68857447179076
140.315907579031,281.412215995849,4.57642719346213
196.736142273708,364.659530564186,3.97285827172766
127.098167585267,412.398340174151,3.41940417725701
628.456281738003,314.956328884702,4.57471936245986
3.7086861954797,152.052740141724,4.14637836244817
547.34715621096,199.944396088186,4.10866139632948
33.9124134118747,493.363336102508,3.03493796220031
275.133033699267,24.5423749339174,3.78473806172875
532.339003743687,391.24993828205,3.32215580093705
78.1646080835879,79.5697388940519,5.30601660608873
4.82900509131542,75.1511955227211,3.5388595358637
587.300560357841,229.967496457635,4.14061395277442
435.947678909379,457.901965522998,4.83458431592926
660.088273240892,375.037150176081,2.86612346156214
103.990895519192,490.744474090779,4.32362587258391
622.904303044974,88.3897226566671,4.05637247191082
422.858578854602,261.073800612216,3.6726834961197
11.2050329132032,182.322006779342,3.28080306252878
67.6916612691907,129.387197321489,4.54715056796828
609.780891654597,204.29587947206,4.21168335615009
245.745829192345,217.233454038031,3.69573100749075
575.504037983599,438.51332774553,3.99223803585917
305.198847163468,134.614774448323,3.73920179039286
531.11591266542,461.363420926348,3.47731683178014
48.3418444943653,422.489428730537,3.94467648930539
192.568505881561,282.574143567407,4.04821204283475
538.888578638735,259.384889838905,3.43229211070913
182.148546829153,29.6431362250626,4.21337125463501
497.86804754417,343.386871459614,4.07054532460247
41.0272716169067,50.3816146992183,3.67544568101449
533.024544706125,143.470260068393,4.69016211305876
NA,NA,NA
662.52283013816,331.271593686161,3.42109459333625
454.463378347477,299.606529416096,3.50917374417939
13.0160231184138,495.715748595911,3.5897631417342
558.504183342234,51.8695747743541,4.26938414793624
70.3379047782244,375.061379491238,3.9904330314761
228.805250269512,417.628102287416,3.92544104000037
428.465247808755,12.5801106126521,3.23069276578035
359.200034380818,296.52766376419,2.89110347859547
604.593843411071,99.5828826820453,4.19256400127262
389.904186190353,231.223073417159,4.25025931940065
576.0077317589,410.667671167701,4.68857447179076
140.315907579031,281.412215995849,4.57642719346213
196.736142273708,364.659530564186,3.97285827172766
127.098167585267,412.398340174151,3.41940417725701
628.456281738003,314.956328884702,4.57471936245986
3.7086861954797,152.052740141724,4.14637836244817
547.34715621096,199.944396088186,4.10866139632948
33.9124134118747,493.363336102508,3.03493796220031
275.133033699267,24.5423749339174,3.78473806172875
532.339003743687,391.24993828205,3.32215580093705
78.1646080835879,79.5697388940519,5.30601660608873
4.82900509131542,75.1511955227211,3.5388595358637
587.300560357841,229.967496457635,4.14061395277442
435.947678909379,457.901965522998,4.83458431592926
660.088273240892,375.037150176081,2.86612346156214
103.990895519192,490.744474090779,4.32362587258391
622.904303044974,88.3897226566671,4.05637247191082
422.858578854602,261.073800612216,3.6726834961197
11.2050329132032,182.322006779342,3.28080306252878
67.6916612691907,129.387197321489,4.54715056796828
609.780891654597,204.29587947206,4.21168335615009
245.745829192345,217.233454038031,3.69573100749075
575.504037983599,438.51332774553,3.99223803585917
305.198847163468,134.614774448323,3.73920179039286
531.11591266542,461.363420926348,3.47731683178014
48.3418444943653,422.489428730537,3.94467648930539
192.568505881561,282.574143567407,4.04821204283475
538.888578638735,259.384889838905,3.43229211070913
182.148546829153,29.6431362250626,4.21337125463501
497.86804754417,343.386871459614,4.07054532460247
41.0272716169067,50.3816146992183,3.67544568101449
533.024544706125,143.470260068393,4.69016211305876
NA,NA,NA
662.52283013816,331.271593686161,3.42109459333625
454.463378347477,299.606529416096,3.50917374417939
13.0160231184138,495.715748595911,3.5897631417342
558.504183342234,51.8695747743541,4.26938414793624
70.3379047782244,375.061379491238,3.9904330314761
228.805250269512,417.628102287416,3.92544104000037
428.465247808755,12.5801106126521,3.23069276578035
359.200034380818,296.52766376419,2.89110347859547
604.593843411071,99.5828826820453,4.19256400127262
389.904186190353,231.223073417159,4.25025931940065
576.0077317589,410.667671167701,4.68857447179076
140.315907579031,281.412215995849,4.57642719346213
196.736142273708,364.659530564186,3.97285827172766
127.098167585267,412.398340174151,3.41940417725701
628.456281738003,314.956328884702,4.57471936245986
3.7086861954797,152.052740141724,4.14637836244817
547.34715621096,199.944396088186,4.10866139632948
33.9124134118747,493.363336102508,3.03493796220031
275.133033699267,24.5423749339174,3.78473806172875
532.339003743687,391.24993828205,3.32215580093705
78.1646080835879,79.5697388940519,5.30601660608873
4.82900509131542,75.1511955227211,3.5388595358637
587.300560357841,229.967496457635,4.14061395277442
435.947678909379,457.901965522998,4.83458431592926
660.088273240892,375.037150176081,2.86612346156214
103.990895519192,490.744474090779,4.32362587258391
622.904303044974,88.3897226566671,4.05637247191082
422.858578854602,261.073800612216,3.6726834961197
11.2050329132032,182.322006779342,3.28080306252878
67.6916612691907,129.387197321489,4.54715056796828
609.780891654597,204.29587947206,4.21168335615009
245.745829192345,217.233454038031,3.69573100749075
575.504037983599,438.51332774553,3.99223803585917
305.198847163468,134.614774448323,3.73920179039286
531.11591266542,461.363420926348,3.47731683178014
48.3418444943653,422.489428730537,3.94467648930539
192.568505881561,282.574143567407,4.04821204283475
538.888578638735,259.384889838905,3.43229211070913
182.148546829153,29.6431362250626,4.21337125463501
497.86804754417,343.386871459614,4.07054532460247
41.0272716169067,50.3816146992183,3.67544568101449
533.024544706125,143.470260068393,4.69016211305876
NA,NA,NA
662.52283013816,331.271593686161,3.42109459333625
454.463378347477,299.606529416096,3.50917374417939
13.0160231184138,495.715748595911,3.5897631417342
558.504183342234,51.8695747743541,4.26938414793624
70.3379047782244,375.061379491238,3.9904330314761
228.805250269512,417.628102287416,3.92544104000037
428.465247808755,12.5801106126521,3.23069276578035
359.200034380818,296.52766376419,2.89110347859547
604.593843411071,99.5828826820453,4.19256400127262
389.904186190353,231.223073417159,4.25025931940065
576.0077317589,410.667671167701,4.68857447179076
140.315907579031,281.412215995849,4.57642719346213
196.736142273708,364.659530564186,3.97285827172766
127.098167585267,412.398340174151,3.41940417725701
628.456281738003,314.956328884702,4.57471936245986
3.7086861954797,152.052740141724,4.14637836244817
547.34715621096,199.944396088186,4.10866139632948
33.9124134118747,493.363336102508,3.03493796220031
275.133033699267,24.5423749339174,3.78473806172875
532.339003743687,391.24993828205,3.32215580093705
78.1646080835879,79.5697388940519,5.30601660608873
4.82900509131542,75.1511955227211,3.5388595358637
587.300560357841,229.967496457635,4.14061395277442
435.947678909379,457.901965522998,4.83458431592926
660.088273240892,375.037150176081,2.86612346156214
103.990895519192,490.744474090779,4.32362587258391
622.904303044974,88.3897226566671,4.05637247191082
422.858578854602,261.073800612216,3.6726834961197
11.2050329132032,182.322006779342,3.28080306252878
67.6916612691907,129.387197321489,4.54715056796828
609.780891654597,204.29587947206,4.21168335615009
245.745829192345,217.233454038031,3.69573100749075
575.504037983599,438.51332774553,3.99223803585917
305.198847163468,134.614774448323,3.73920179039286
531.11591266542,461.363420926348,3.47731683178014
48.3418444943653,422.489428730537,3.94467648930539
192.568505881561,282.574143567407,4.04821204283475
538.888578638735,259.384889838905,3.43229211070913
182.148546829153,29.6431362250626,4.21337125463501
497.86804754417,343.386871459614,4.07054532460247
41.0272716169067,50.3816146992183,3.67544568101449
533.024544706125,143.470260068393,4.69016211305876
NA,NA,NA
662.52283013816,331.271593686161,3.42109459333625
454.463378347477,299.606529416096,3.50917374417939
13.0160231184138,495.715748595911,3.5897631417342
558.504183342234,51.8695747743541,4.26938414793624
70.3379047782244,375.061379491238,3.9904330314761
228.805250269512,417.628102287416,3.92544104000037
428.465247808755,12.5801106126521,3.23069276578035
359.200034380818,296.52766376419,2.89110347859547
604.593843411071,99.5828826820453,4.19256400127262
389.904186190353,231.223073417159,4.25025931940065
576.0077317589,410.667671167701,4.68857447179076
140.315907579031,281.412215995849,4.57642719346213
196.736142273708,364.659530564186,3.97285827172766
127.098167585267,412.398340174151,3.41940417725701
628.456281738003,314.956328884702,4.57471936245986
3.7086861954797,152.052740141724,4.14637836244817
547.34715621096,199.944396088186,4.10866139632948
33.9124134118747,493.363336102508,3.03493796220031
275.133033699267,24.5423749339174,3.78473806172875
532.339003743687,391.24993828205,3.32215580093705
78.1646080835879,79.5697388940519,5.30601660608873
4.82900509131542,75.1511955227211,3.5388595358637
587.300560357841,229.967496457635,4.14061395277442
435.947678909379,457.901965522998,4.83458431592926
660.088273240892,375.037150176081,2.86612346156214
103.990895519192,490.744474090779,4.32362587258391
622.904303044974,88.3897226566671,4.05637247191082
422.858578854602,261.073800612216,3.6726834961197
11.2050329132032,182.322006779342,3.28080306252878
67.6916612691907,129.387197321489,4.54715056796828
609.780891654597,204.29587947206,4.21168335615009
245.745829192345,217.233454038031,3.69573100749075
575.504037983599,438.51332774553,3.99223803585917
305.198847163468,134.614774448323,3.73920179039286
531.11591266542,461.363420926348,3.47731683178014
48.3418444943653,422.489428730537,3.94467648930539
192.568505881561,282.574143567407,4.04821204283475
538.888578638735,259.384889838905,3.43229211070913
182.148546829153,29.6431362250626,4.21337125463501
497.86804754417,343.386871459614,4.07054532460247
41.0272716169067,50.3816146992183,3.67544568101449
533.024544706125,143.470260068393,4.69016211305876
NA,NA,NA
662.52283013816,331.271593686161,3.42109459333625
454.463378347477,299.606529416096,3.50917374417939
13.0160231184138,495.715748595911,3.5897631417342
558.504183342234,51.8695747743541,4.26938414793624
70.3379047782244,375.061379491238,3.9904330314761
228.805250269512,417.628102287416,3.92544104000037
428.465247808755,12.5801106126521,3.23069276578035
359.200034380818,296.52766376419,2.89110347859547
604.593843411071,99.5828826820453,4.19256400127262
389.904186190353,231.223073417159,4.25025931940065
576.0077317589,410.667671167701,4.68857447179076
140.315907579031,281.412215995849,4.57642719346213
196.736142273708,364.659530564186,3.97285827172766
127.098167585267,412.398340174151,3.41940417725701
628.456281738003,314.956328884702,4.57471936245986
3.7086861954797,152.052740141724,4.14637836244817
547.34715621096,199.944396088186,4.10866139632948
33.9124134118747,493.363336102508,3.03493796220031
275.133033699267,24.5423749339174,3.78473806172875
532.339003743687,391.24993828205,3.32215580093705
78.1646080835879,79.5697388940519,5.30601660608873
4.82900509131542,75.1511955227211,3.5388595358637
587.300560357841,229.967496457635,4.14061395277442
435.947678909379,457.901965522998,4.83458431592926
660.088273240892,375.037150176081,2.86612346156214
103.990895519192,490.744474090779,4.32362587258391
622.904303044974,88.3897226566671,4.05637247191082
422.858578854602,261.073800612216,3.6726834961197
11.2050329132032,182.322006779342,3.28080306252878
67.6916612691907,129.387197321489,4.54715056796828
609.780891654597,204.29587947206,4.21168335615009
245.745829192345,217.233454038031,3.69573100749075
575.504037983599,438.51332774553,3.99223803585917
305.198847163468,134.614774448323,3.73920179039286
531.11591266542,461.363420926348,3.47731683178014
48.3418444943653,422.489428730537,3.94467648930539
192.568505881561,282.574143567407,4.04821204283475
538.888578638735,259.384889838905,3.43229211070913
182.148546829153,29.6431362250626,4.21337125463501
497.86804754417,343.386871459614,4.07054532460247
41.0272716169067,50.3816146992183,3.67544568101449
533.024544706125,143.470260068393,4.69016211305876
NA,NA,NA
660.256601224584,333.329394673334,3.43000942285864
458.829325146538,299.201955460797,3.56122385875875
9.85303026214449,494.071543897306,3.66320844999403
560.3815954544,45.5445267644363,4.30446380622797
69.6902204216986,375.769225393455,3.87414632244149
224.881451256934,413.327853857917,3.98836763213918
426.813534873865,11.9268082592522,3.25411344270295
361.848660573681,292.816041664452,3.17604571849751
603.461303847868,104.357454394364,4.13520145597563
388.719051431786,231.424884524824,4.11163695760429
565.912147249454,411.060917361852,4.72752612670964
137.503127057042,280.621576739979,4.55363230928097
199.749308876599,376.002534140766,3.9574945319323
122.342562308163,411.652472626105,3.39203560358565
628.397266925174,315.401639401714,4.57788034406141
-0.483835651183235,151.484072820748,4.20470538363647
543.767895538015,201.600043565927,4.21209559690237
33.0659989208521,492.356321073407,3.05181008183161
275.504986696988,24.5332388175274,3.89793444352817
534.990619855395,393.007215221,3.3299810634846
74.7777490607807,73.463711133982,5.22294279886661
2.8681957798719,77.1717651727316,3.54587104081257
587.465218403616,225.075088227039,4.04097216036021
440.347254714653,463.187400841654,4.74959467004203
662.181353318973,375.018047232721,3.11863757066481
105.099369120214,492.213349455113,4.42433759929916
622.629202260287,88.332661991237,4.10363033615133
421.76146753997,259.7322961573,3.638086494573
12.9333826068476,181.030907204861,3.11058383965778
74.5524602962032,117.995002522594,4.36735013175373
612.711234416231,209.444256443775,4.52929285691722
260.469203867259,216.372254839057,4.54990001322487
575.154700080303,431.75995022528,3.69052402709804
296.450462796861,141.172809172391,3.96612698303235
524.545727879559,458.976413482962,3.68128559711538
52.6112317072792,422.264666157102,4.11575386662409
201.497145635593,284.592856775664,4.02157121919679
549.73918002941,262.720058679849,3.5993098617752
164.258446958856,16.7827822467736,4.38006660549316
500.700294745135,343.70361202509,4.45585472517239
43.0806557062321,48.1435885251329,3.52651407691187
527.970199700748,160.48118922517,4.71804723415713
NA,NA,NA
660.256601224584,333.329394673334,3.43000942285864
458.829325146538,299.201955460797,3.56122385875875
9.85303026214449,494.071543897306,3.66320844999403
560.3815954544,45.5445267644363,4.30446380622797
69.6902204216986,375.769225393455,3.87414632244149
224.881451256934,413.327853857917,3.98836763213918
426.813534873865,11.9268082592522,3.25411344270295
361.848660573681,292.816041664452,3.17604571849751
603.461303847868,104.357454394364,4.13520145597563
388.719051431786,231.424884524824,4.11163695760429
565.912147249454,411.060917361852,4.72752612670964
137.503127057042,280.621576739979,4.55363230928097
199.749308876599,376.002534140766,3.9574945319323
122.342562308163,411.652472626105,3.39203560358565
628.397266925174,315.401639401714,4.57788034406141
-0.483835651183235,151.484072820748,4.20470538363647
543.767895538015,201.600043565927,4.21209559690237
33.0659989208521,492.356321073407,3.05181008183161
275.504986696988,24.5332388175274,3.89793444352817
534.990619855395,393.007215221,3.3299810634846
74.7777490607807,73.463711133982,5.22294279886661
2.8681957798719,77.1717651727316,3.54587104081257
587.465218403616,225.075088227039,4.04097216036021
440.347254714653,463.187400841654,4.74959467004203
662.181353318973,375.018047232721,3.11863757066481
105.099369120214,492.213349455113,4.42433759929916
622.629202260287,88.332661991237,4.10363033615133
421.76146753997,259.7322961573,3.638086494573
12.9333826068476,181.030907204861,3.11058383965778
74.5524602962032,117.995002522594,4.36735013175373
612.711234416231,209.444256443775,4.52929285691722
260.469203867259,216.372254839057,4.54990001322487
575.154700080303,431.75995022528,3.69052402709804
296.450462796861,141.172809172391,3.96612698303235
524.545727879559,458.976413482962,3.68128559711538
52.6112317072792,422.264666157102,4.11575386662409
201.497145635593,284.592856775664,4.02157121919679
549.73918002941,262.720058679849,3.5993098617752
164.258446958856,16.7827822467736,4.38006660549316
500.700294745135,343.70361202509,4.45585472517239
43.0806557062321,48.1435885251329,3.52651407691187
527.970199700748,160.48118922517,4.71804723415713
NA,NA,NA
660.256601224584,333.329394673334,3.43000942285864
458.829325146538,299.201955460797,3.56122385875875
9.85303026214449,494.071543897306,3.66320844999403
560.3815954544,45.5445267644363,4.30446380622797
69.6902204216986,375.769225393455,3.87414632244149
224.881451256934,413.327853857917,3.98836763213918
426.813534873865,11.9268082592522,3.25411344270295
361.848660573681,292.816041664452,3.17604571849751
603.461303847868,104.357454394364,4.13520145597563
388.719051431786,231.424884524824,4.11163695760429
565.912147249454,411.060917361852,4.72752612670964
137.503127057042,280.621576739979,4.55363230928097
199.749308876599,376.002534140766,3.9574945319323
122.342562308163,411.652472626105,3.39203560358565
628.397266925174,315.401639401714,4.57788034406141
-0.483835651183235,151.484072820748,4.20470538363647
543.767895538015,201.600043565927,4.21209559690237
33.0659989208521,492.356321073407,3.05181008183161
275.504986696988,24.5332388175274,3.89793444352817
534.990619855395,393.007215221,3.3299810634846
74.7777490607807,73.463711133982,5.22294279886661
2.8681957798719,77.1717651727316,3.54587104081257
587.465218403616,225.075088227039,4.04097216036021
440.347254714653,463.187400841654,4.74959467004203
662.181353318973,375.018047232721,3.11863757066481
105.099369120214,492.213349455113,4.42433759929916
622.629202260287,88.332661991237,4.10363033615133
421.76146753997,259.7322961573,3.638086494573
12.9333826068476,181.030907204861,3.11058383965778
74.5524602962032,117.995002522594,4.36735013175373
612.711234416231,209.444256443775,4.52929285691722
260.469203867259,216.372254839057,4.54990001322487
575.154700080303,431.75995022528,3.69052402709804
296.450462796861,141.172809172391,3.96612698303235
524.545727879559,458.976413482962,3.68128559711538
52.6112317072792,422.264666157102,4.11575386662409
201.497145635593,284.592856775664,4.02157121919679
549.73918002941,262.720058679849,3.5993098617752
164.258446958856,16.7827822467736,4.38006660549316
500.700294745135,343.70361202509,4.45585472517239
43.0806557062321,48.1435885251329,3.52651407691187
527.970199700748,160.48118922517,4.71804723415713
NA,NA,NA
660.256601224584,333.329394673334,3.43000942285864
458.829325146538,299.201955460797,3.56122385875875
9.85303026214449,494.071543897306,3.66320844999403
560.3815954544,45.5445267644363,4.30446380622797
69.6902204216986,375.769225393455,3.87414632244149
224.881451256934,413.327853857917,3.98836763213918
426.813534873865,11.9268082592522,3.25411344270295
361.848660573681,292.816041664452,3.17604571849751
603.461303847868,104.357454394364,4.13520145597563
388.719051431786,231.424884524824,4.11163695760429
565.912147249454,411.060917361852,4.72752612670964
137.503127057042,280.621576739979,4.55363230928097
199.749308876599,376.002534140766,3.9574945319323
122.342562308163,411.652472626105,3.39203560358565
628.397266925174,315.401639401714,4.57788034406141
-0.483835651183235,151.484072820748,4.20470538363647
543.767895538015,201.600043565927,4.21209559690237
33.0659989208521,492.356321073407,3.05181008183161
275.504986696988,24.5332388175274,3.89793444352817
534.990619855395,393.007215221,3.3299810634846
74.7777490607807,73.463711133982,5.22294279886661
2.8681957798719,77.1717651727316,3.54587104081257
587.465218403616,225.075088227039,4.04097216036021
440.347254714653,463.187400841654,4.74959467004203
662.181353318973,375.018047232721,3.11863757066481
105.099369120214,492.213349455113,4.42433759929916
622.629202260287,88.332661991237,4.10363033615133
421.76146753997,259.7322961573,3.638086494573
12.9333826068476,181.030907204861,3.11058383965778
74.5524602962032,117.995002522594,4.36735013175373
612.711234416231,209.444256443775,4.52929285691722
260.469203867259,216.372254839057,4.54990001322487
575.154700080303,431.75995022528,3.69052402709804
296.450462796861,141.172809172391,3.96612698303235
524.545727879559,458.976413482962,3.68128559711538
52.6112317072792,422.264666157102,4.11575386662409
201.497145635593,284.592856775664,4.02157121919679
549.73918002941,262.720058679849,3.5993098617752
164.258446958856,16.7827822467736,4.38006660549316
500.700294745135,343.70361202509,4.45585472517239
43.0806557062321,48.1435885251329,3.52651407691187
527.970199700748,160.48118922517,4.71804723415713
NA,NA,NA
660.256601224584,333.329394673334,3.43000942285864
458.829325146538,299.201955460797,3.56122385875875
9.85303026214449,494.071543897306,3.66320844999403
560.3815954544,45.5445267644363,4.30446380622797
69.6902204216986,375.769225393455,3.87414632244149
224.881451256934,413.327853857917,3.98836763213918
426.813534873865,11.9268082592522,3.25411344270295
361.848660573681,292.816041664452,3.17604571849751
603.461303847868,104.357454394364,4.13520145597563
388.719051431786,231.424884524824,4.11163695760429
565.912147249454,411.060917361852,4.72752612670964
137.503127057042,280.621576739979,4.55363230928097
199.749308876599,376.002534140766,3.9574945319323
122.342562308163,411.652472626105,3.39203560358565
628.397266925174,315.401639401714,4.57788034406141
-0.483835651183235,151.484072820748,4.20470538363647
543.767895538015,201.600043565927,4.21209559690237
33.0659989208521,492.356321073407,3.05181008183161
275.504986696988,24.5332388175274,3.89793444352817
534.990619855395,393.007215221,3.3299810634846
74.7777490607807,73.463711133982,5.22294279886661
2.8681957798719,77.1717651727316,3.54587104081257
587.465218403616,225.075088227039,4.04097216036021
440.347254714653,463.187400841654,4.74959467004203
662.181353318973,375.018047232721,3.11863757066481
105.099369120214,492.213349455113,4.42433759929916
622.629202260287,88.332661991237,4.10363033615133
421.76146753997,259.7322961573,3.638086494573
12.9333826068476,181.030907204861,3.11058383965778
74.5524602962032,117.995002522594,4.36735013175373
612.711234416231,209.444256443775,4.52929285691722
260.469203867259,216.372254839057,4.54990001322487
575.154700080303,431.75995022528,3.69052402709804
296.450462796861,141.172809172391,3.96612698303235
524.545727879559,458.976413482962,3.68128559711538
52.6112317072792,422.264666157102,4.11575386662409
201.497145635593,284.592856775664,4.02157121919679
549.73918002941,262.720058679849,3.5993098617752
164.258446958856,16.7827822467736,4.38006660549316
500.700294745135,343.70361202509,4.45585472517239
43.0806557062321,48.1435885251329,3.52651407691187
527.970199700748,160.48118922517,4.71804723415713
NA,NA,NA
660.256601224584,333.329394673334,3.43000942285864
458.829325146538,299.201955460797,3.56122385875875
9.85303026214449,494.071543897306,3.66320844999403
560.3815954544,45.5445267644363,4.30446380622797
69.6902204216986,375.769225393455,3.87414632244149
224.881451256934,413.327853857917,3.98836763213918
426.813534873865,11.9268082592522,3.25411344270295
361.848660573681,292.816041664452,3.17604571849751
603.461303847868,104.357454394364,4.13520145597563
388.719051431786,231.424884524824,4.11163695760429
565.912147249454,411.060917361852,4.72752612670964
137.503127057042,280.621576739979,4.55363230928097
199.749308876599,376.002534140766,3.9574945319323
122.342562308163,411.652472626105,3.39203560358565
628.397266925174,315.401639401714,4.57788034406141
-0.483835651183235,151.484072820748,4.20470538363647
543.767895538015,201.600043565927,4.21209559690237
33.0659989208521,492.356321073407,3.05181008183161
275.504986696988,24.5332388175274,3.89793444352817
534.990619855395,393.007215221,3.3299810634846
74.7777490607807,73.463711133982,5.22294279886661
2.8681957798719,77.1717651727316,3.54587104081257
587.465218403616,225.075088227039,4.04097216036021
440.347254714653,463.187400841654,4.74959467004203
662.181353318973,375.018047232721,3.11863757066481
105.099369120214,492.213349455113,4.42433759929916
622.629202260287,88.332661991237,4.10363033615133
421.76146753997,259.7322961573,3.638086494573
12.9333826068476,181.030907204861,3.11058383965778
74.5524602962032,117.995002522594,4.36735013175373
612.711234416231,209.444256443775,4.52929285691722
260.469203867259,216.372254839057,4.54990001322487
575.154700080303,431.75995022528,3.69052402709804
296.450462796861,141.172809172391,3.96612698303235
524.545727879559,458.976413482962,3.68128559711538
52.6112317072792,422.264666157102,4.11575386662409
201.497145635593,284.592856775664,4.02157121919679
549.73918002941,262.720058679849,3.5993098617752
164.258446958856,16.7827822467736,4.38006660549316
500.700294745135,343.70361202509,4.45585472517239
43.0806557062321,48.1435885251329,3.52651407691187
527.970199700748,160.48118922517,4.71804723415713
NA,NA,NA
658.664161698039,333.428754888383,3.42062296397353
456.011832205103,297.885453913537,3.74980408621116
5.70145324273573,492.76505915751,3.6035089651998
558.460017651464,52.9067821066201,4.12439017366558
68.5451636596101,374.47915905496,3.99662101676212
225.757805384352,414.364445780936,3.92044171016613
427.192776393601,14.3951764418105,3.42963734910913
363.266217332985,292.087594040094,3.08866382959317
601.92541506703,111.309442593927,4.21062994088282
393.881195161918,227.363255362831,4.29257174817162
569.003189933899,400.394708291248,4.75342160050121
144.032208302473,282.788845750651,4.52532818564075
201.457352495415,368.407895118567,3.95146498351712
126.588783984592,409.922566118265,3.40933165526208
626.588321108036,315.281163282527,4.52808421537541
-1.7279331198186,147.969145093347,4.15466698044114
542.231605218708,203.002206595771,4.2510333171885
35.9369890524521,493.336352634081,2.99232886763682
278.30264286789,25.2098131676972,4.04388625957357
532.600404223894,390.039529288657,3.52810219352989
72.4408459484003,85.6780849368009,5.16204546418649
3.03948707640695,75.7751905051284,3.49211178140348
583.131906480069,226.244278499576,4.01773278256097
443.755964553796,462.565531200082,4.80931996837567
660.469568004377,373.420389143618,2.99011716601538
111.332987348616,488.221722618743,4.44015979959758
626.302545246116,90.4083293796704,4.08551710770844
420.798120902639,259.470568558209,3.5090157952285
11.3664810458553,181.647119006155,3.29103076948811
59.643045869602,122.685848767036,4.52667321309992
617.740299565501,208.113745809546,4.36811494662459
255.311918463555,221.245722055517,3.80074336788328
567.287122000169,432.922146760532,3.64165044085284
297.781295059784,138.462988440546,3.93588246948913
525.805261545911,462.73882205005,3.32758108859506
49.4551195181055,414.341252917221,3.91475272653956
196.218164818813,283.183322665085,3.87883144714697
550.272806752984,257.471238889552,3.85068519004344
159.069629664253,19.5398806450256,4.36383144983335
498.49335289121,350.76697139831,4.45968709400154
36.5294630294287,50.4649515128371,3.47718062314506
518.782318393334,163.313712379732,4.80207229556691
NA,NA,NA
658.664161698039,333.428754888383,3.42062296397353
456.011832205103,297.885453913537,3.74980408621116
5.70145324273573,492.76505915751,3.6035089651998
558.460017651464,52.9067821066201,4.12439017366558
68.5451636596101,374.47915905496,3.99662101676212
225.757805384352,414.364445780936,3.92044171016613
427.192776393601,14.3951764418105,3.42963734910913
363.266217332985,292.087594040094,3.08866382959317
601.92541506703,111.309442593927,4.21062994088282
393.881195161918,227.363255362831,4.29257174817162
569.003189933899,400.394708291248,4.75342160050121
144.032208302473,282.788845750651,4.52532818564075
201.457352495415,368.407895118567,3.95146498351712
126.588783984592,409.922566118265,3.40933165526208
626.588321108036,315.281163282527,4.52808421537541
-1.7279331198186,147.969145093347,4.15466698044114
542.231605218708,203.002206595771,4.2510333171885
35.9369890524521,493.336352634081,2.99232886763682
278.30264286789,25.2098131676972,4.04388625957357
532.600404223894,390.039529288657,3.52810219352989
72.4408459484003,85.6780849368009,5.16204546418649
3.03948707640695,75.7751905051284,3.49211178140348
583.131906480069,226.244278499576,4.01773278256097
443.755964553796,462.565531200082,4.80931996837567
660.469568004377,373.420389143618,2.99011716601538
111.332987348616,488.221722618743,4.44015979959758
626.302545246116,90.4083293796704,4.08551710770844
420.798120902639,259.470568558209,3.5090157952285
11.3664810458553,181.647119006155,3.29103076948811
59.643045869602,122.685848767036,4.52667321309992
617.740299565501,208.113745809546,4.36811494662459
255.311918463555,221.245722055517,3.80074336788328
567.287122000169,432.922146760532,3.64165044085284
297.781295059784,138.462988440546,3.93588246948913
525.805261545911,462.73882205005,3.32758108859506
49.4551195181055,414.341252917221,3.91475272653956
196.218164818813,283.183322665085,3.87883144714697
550.272806752984,257.471238889552,3.85068519004344
159.069629664253,19.5398806450256,4.36383144983335
498.49335289121,350.76697139831,4.45968709400154
36.5294630294287,50.4649515128371,3.47718062314506
518.782318393334,163.313712379732,4.80207229556691
NA,NA,NA
658.664161698039,333.428754888383,3.42062296397353
456.011832205103,297.885453913537,3.74980408621116
5.70145324273573,492.76505915751,3.6035089651998
558.460017651464,52.9067821066201,4.12439017366558
68.5451636596101,374.47915905496,3.99662101676212
225.757805384352,414.364445780936,3.92044171016613
427.192776393601,14.3951764418105,3.42963734910913
363.266217332985,292.087594040094,3.08866382959317
601.92541506703,111.309442593927,4.21062994088282
393.881195161918,227.363255362831,4.29257174817162
569.003189933899,400.394708291248,4.75342160050121
144.032208302473,282.788845750651,4.52532818564075
201.457352495415,368.407895118567,3.95146498351712
126.588783984592,409.922566118265,3.40933165526208
626.588321108036,315.281163282527,4.52808421537541
-1.7279331198186,147.969145093347,4.15466698044114
542.231605218708,203.002206595771,4.2510333171885
35.9369890524521,493.336352634081,2.99232886763682
278.30264286789,25.2098131676972,4.04388625957357
532.600404223894,390.039529288657,3.52810219352989
72.4408459484003,85.6780849368009,5.16204546418649
3.03948707640695,75.7751905051284,3.49211178140348
583.131906480069,226.244278499576,4.01773278256097
443.755964553796,462.565531200082,4.80931996837567
660.469568004377,373.420389143618,2.99011716601538
111.332987348616,488.221722618743,4.44015979959758
626.302545246116,90.4083293796704,4.08551710770844
420.798120902639,259.470568558209,3.5090157952285
11.3664810458553,181.647119006155,3.29103076948811
59.643045869602,122.685848767036,4.52667321309992
617.740299565501,208.113745809546,4.36811494662459
255.311918463555,221.245722055517,3.80074336788328
567.287122000169,432.922146760532,3.64165044085284
297.781295059784,138.462988440546,3.93588246948913
525.805261545911,462.73882205005,3.32758108859506
49.4551195181055,414.341252917221,3.91475272653956
196.218164818813,283.183322665085,3.87883144714697
550.272806752984,257.471238889552,3.85068519004344
159.069629664253,19.5398806450256,4.36383144983335
498.49335289121,350.76697139831,4.45968709400154
36.5294630294287,50.4649515128371,3.47718062314506
518.782318393334,163.313712379732,4.80207229556691
NA,NA,NA
658.664161698039,333.428754888383,3.42062296397353
456.011832205103,297.885453913537,3.74980408621116
5.70145324273573,492.76505915751,3.6035089651998
558.460017651464,52.9067821066201,4.12439017366558
68.5451636596101,374.47915905496,3.99662101676212
225.757805384352,414.364445780936,3.92044171016613
427.192776393601,14.3951764418105,3.42963734910913
363.266217332985,292.087594040094,3.08866382959317
601.92541506703,111.309442593927,4.21062994088282
393.881195161918,227.363255362831,4.29257174817162
569.003189933899,400.394708291248,4.75342160050121
144.032208302473,282.788845750651,4.52532818564075
201.457352495415,368.407895118567,3.95146498351712
126.588783984592,409.922566118265,3.40933165526208
626.588321108036,315.281163282527,4.52808421537541
-1.7279331198186,147.969145093347,4.15466698044114
542.231605218708,203.002206595771,4.2510333171885
35.9369890524521,493.336352634081,2.99232886763682
278.30264286789,25.2098131676972,4.04388625957357
532.600404223894,390.039529288657,3.52810219352989
72.4408459484003,85.6780849368009,5.16204546418649
3.03948707640695,75.7751905051284,3.49211178140348
583.131906480069,226.244278499576,4.01773278256097
443.755964553796,462.565531200082,4.80931996837567
660.469568004377,373.420389143618,2.99011716601538
111.332987348616,488.221722618743,4.44015979959758
626.302545246116,90.4083293796704,4.08551710770844
420.798120902639,259.470568558209,3.5090157952285
11.3664810458553,181.647119006155,3.29103076948811
59.643045869602,122.685848767036,4.52667321309992
617.740299565501,208.113745809546,4.36811494662459
255.311918463555,221.245722055517,3.80074336788328
567.287122000169,432.922146760532,3.64165044085284
297.781295059784,138.462988440546,3.93588246948913
525.805261545911,462.73882205005,3.32758108859506
49.4551195181055,414.341252917221,3.91475272653956
196.218164818813,283.183322665085,3.87883144714697
550.272806752984,257.471238889552,3.85068519004344
159.069629664253,19.5398806450256,4.36383144983335
498.49335289121,350.76697139831,4.45968709400154
36.5294630294287,50.4649515128371,3.47718062314506
518.782318393334,163.313712379732,4.80207229556691
NA,NA,NA
658.664161698039,333.428754888383,3.42062296397353
456.011832205103,297.885453913537,3.74980408621116
5.70145324273573,492.76505915751,3.6035089651998
558.460017651464,52.9067821066201,4.12439017366558
68.5451636596101,374.47915905496,3.99662101676212
225.757805384352,414.364445780936,3.92044171016613
427.192776393601,14.3951764418105,3.42963734910913
363.266217332985,292.087594040094,3.08866382959317
601.92541506703,111.309442593927,4.21062994088282
393.881195161918,227.363255362831,4.29257174817162
569.003189933899,400.394708291248,4.75342160050121
144.032208302473,282.788845750651,4.52532818564075
201.457352495415,368.407895118567,3.95146498351712
126.588783984592,409.922566118265,3.40933165526208
626.588321108036,315.281163282527,4.52808421537541
-1.7279331198186,147.969145093347,4.15466698044114
542.231605218708,203.002206595771,4.2510333171885
35.9369890524521,493.336352634081,2.99232886763682
278.30264286789,25.2098131676972,4.04388625957357
532.600404223894,390.039529288657,3.52810219352989
72.4408459484003,85.6780849368009,5.16204546418649
3.03948707640695,75.7751905051284,3.49211178140348
583.131906480069,226.244278499576,4.01773278256097
443.755964553796,462.565531200082,4.80931996837567
660.469568004377,373.420389143618,2.99011716601538
111.332987348616,488.221722618743,4.44015979959758
626.302545246116,90.4083293796704,4.08551710770844
420.798120902639,259.470568558209,3.5090157952285
11.3664810458553,181.647119006155,3.29103076948811
59.643045869602,122.685848767036,4.52667321309992
617.740299565501,208.113745809546,4.36811494662459
255.311918463555,221.245722055517,3.80074336788328
567.287122000169,432.922146760532,3.64165044085284
297.781295059784,138.462988440546,3.93588246948913
525.805261545911,462.73882205005,3.32758108859506
49.4551195181055,414.341252917221,3.91475272653956
196.218164818813,283.183322665085,3.87883144714697
550.272806752984,257.471238889552,3.85068519004344
159.069629664253,19.5398806450256,4.36383144983335
498.49335289121,350.76697139831,4.45968709400154
36.5294630294287,50.4649515128371,3.47718062314506
518.782318393334,163.313712379732,4.80207229556691
NA,NA,NA
658.664161698039,333.428754888383,3.42062296397353
456.011832205103,297.885453913537,3.74980408621116
5.70145324273573,492.76505915751,3.6035089651998
558.460017651464,52.9067821066201,4.12439017366558
68.5451636596101,374.47915905496,3.99662101676212
225.757805384352,414.364445780936,3.92044171016613
427.192776393601,14.3951764418105,3.42963734910913
363.266217332985,292.087594040094,3.08866382959317
601.92541506703,111.309442593927,4.21062994088282
393.881195161918,227.363255362831,4.29257174817162
569.003189933899,400.394708291248,4.75342160050121
144.032208302473,282.788845750651,4.52532818564075
201.457352495415,368.407895118567,3.95146498351712
126.588783984592,409.922566118265,3.40933165526208
626.588321108036,315.281163282527,4.52808421537541
-1.7279331198186,147.969145093347,4.15466698044114
542.231605218708,203.002206595771,4.2510333171885
35.9369890524521,493.336352634081,2.99232886763682
278.30264286789,25.2098131676972,4.04388625957357
532.600404223894,390.039529288657,3.52810219352989
72.4408459484003,85.6780849368009,5.16204546418649
3.03948707640695,75.7751905051284,3.49211178140348
583.131906480069,226.244278499576,4.01773278256097
443.755964553796,462.565531200082,4.80931996837567
660.469568004377,373.420389143618,2.99011716601538
111.332987348616,488.221722618743,4.44015979959758
626.302545246116,90.4083293796704,4.08551710770844
420.798120902639,259.470568558209,3.5090157952285
11.3664810458553,181.647119006155,3.29103076948811
59.643045869602,122.685848767036,4.52667321309992
617.740299565501,208.113745809546,4.36811494662459
255.311918463555,221.245722055517,3.80074336788328
567.287122000169,432.922146760532,3.64165044085284
297.781295059784,138.462988440546,3.93588246948913
525.805261545911,462.73882205005,3.32758108859506
49.4551195181055,414.341252917221,3.91475272653956
196.218164818813,283.183322665085,3.87883144714697
550.272806752984,257.471238889552,3.85068519004344
159.069629664253,19.5398806450256,4.36383144983335
498.49335289121,350.76697139831,4.45968709400154
36.5294630294287,50.4649515128371,3.47718062314506
518.782318393334,163.313712379732,4.80207229556691
NA,NA,NA
661.695851282197,335.694329151759,3.56483901140657
457.712495090326,297.647753405509,3.50567600228317
11.3773146504439,492.629272509352,3.70782206420049
557.714631138423,52.4187271529028,4.12402999597631
65.7724646568322,380.640542559991,3.97393338171319
225.155013532843,412.297575725239,4.00863086755157
430.601078453546,12.317614737539,3.19175777735518
360.284520300583,292.611700913283,3.10250192936699
605.571906989346,104.531348875209,4.29326786410205
393.89516899062,234.433657041782,4.2223397362183
560.824451978236,413.441720951847,4.71876650997266
138.81894339894,279.253824375042,4.68117875976232
196.649985603496,373.186657955115,4.08668105444795
124.597935450178,411.645008016269,3.34730192163871
626.652871995425,312.585352748885,4.46214365913156
3.63894619569445,139.682457364472,4.22511094720785
545.401228674551,199.278254524498,4.29078264329359
34.1773102366498,494.154578370719,3.05861963007544
277.755120538021,24.753702813114,3.92054158235125
534.868918673832,391.65469852022,3.40980414145514
70.7585632417203,80.4271248688528,5.14352935585573
5.8912106340913,76.0630482954246,3.40301373365519
590.18389824845,224.808140892022,4.01180503212014
444.353525162021,463.215357576371,4.72213698504382
658.743891589237,372.529674486625,3.21480610605422
109.048043029372,487.552971591342,4.42241453634706
624.741407813103,96.459989546829,4.03563014993106
421.129012810108,255.548716855244,3.58421785368186
11.1479902265654,183.626544283659,3.28293319718203
71.2105258474383,120.449921365366,4.29882951899843
606.43039884604,202.396503583188,4.49636831849044
256.948947596424,220.923357980806,3.92372509624211
571.993120004082,441.426824509238,3.71508319687546
298.115202547954,131.184644618294,3.95880510993572
534.450049918529,456.054994083237,3.44684858774332
56.0608801787741,430.403170024842,3.88437341025742
199.135733990761,290.750506027258,3.90477651671587
544.667002793406,260.940816686066,3.83797014401821
149.926850608369,31.6608868155375,4.09815196868059
493.330846650204,346.104450486318,4.42745925731487
27.8517247604578,52.7789922947436,3.75765260499383
533.979781274331,156.548576082388,4.58987973040824
NA,NA,NA
661.695851282197,335.694329151759,3.56483901140657
457.712495090326,297.647753405509,3.50567600228317
11.3773146504439,492.629272509352,3.70782206420049
557.714631138423,52.4187271529028,4.12402999597631
65.7724646568322,380.640542559991,3.97393338171319
225.155013532843,412.297575725239,4.00863086755157
430.601078453546,12.317614737539,3.19175777735518
360.284520300583,292.611700913283,3.10250192936699
605.571906989346,104.531348875209,4.29326786410205
393.89516899062,234.433657041782,4.2223397362183
560.824451978236,413.441720951847,4.71876650997266
138.81894339894,279.253824375042,4.68117875976232
196.649985603496,373.186657955115,4.08668105444795
124.597935450178,411.645008016269,3.34730192163871
626.652871995425,312.585352748885,4.46214365913156
3.63894619569445,139.682457364472,4.22511094720785
545.401228674551,199.278254524498,4.29078264329359
34.1773102366498,494.154578370719,3.05861963007544
277.755120538021,24.753702813114,3.92054158235125
534.868918673832,391.65469852022,3.40980414145514
70.7585632417203,80.4271248688528,5.14352935585573
5.8912106340913,76.0630482954246,3.40301373365519
590.18389824845,224.808140892022,4.01180503212014
444.353525162021,463.215357576371,4.72213698504382
658.743891589237,372.529674486625,3.21480610605422
109.048043029372,487.552971591342,4.42241453634706
624.741407813103,96.459989546829,4.03563014993106
421.129012810108,255.548716855244,3.58421785368186
11.1479902265654,183.626544283659,3.28293319718203
71.2105258474383,120.449921365366,4.29882951899843
606.43039884604,202.396503583188,4.49636831849044
256.948947596424,220.923357980806,3.92372509624211
571.993120004082,441.426824509238,3.71508319687546
298.115202547954,131.184644618294,3.95880510993572
534.450049918529,456.054994083237,3.44684858774332
56.0608801787741,430.403170024842,3.88437341025742
199.135733990761,290.750506027258,3.90477651671587
544.667002793406,260.940816686066,3.83797014401821
149.926850608369,31.6608868155375,4.09815196868059
493.330846650204,346.104450486318,4.42745925731487
27.8517247604578,52.7789922947436,3.75765260499383
533.979781274331,156.548576082388,4.58987973040824
NA,NA,NA
661.695851282197,335.694329151759,3.56483901140657
457.712495090326,297.647753405509,3.50567600228317
11.3773146504439,492.629272509352,3.70782206420049
557.714631138423,52.4187271529028,4.12402999597631
65.7724646568322,380.640542559991,3.97393338171319
225.155013532843,412.297575725239,4.00863086755157
430.601078453546,12.317614737539,3.19175777735518
360.284520300583,292.611700913283,3.10250192936699
605.571906989346,104.531348875209,4.29326786410205
393.89516899062,234.433657041782,4.2223397362183
560.824451978236,413.441720951847,4.71876650997266
138.81894339894,279.253824375042,4.68117875976232
196.649985603496,373.186657955115,4.08668105444795
124.597935450178,411.645008016269,3.34730192163871
626.652871995425,312.585352748885,4.46214365913156
3.63894619569445,139.682457364472,4.22511094720785
545.401228674551,199.278254524498,4.29078264329359
34.1773102366498,494.154578370719,3.05861963007544
277.755120538021,24.753702813114,3.92054158235125
534.868918673832,391.65469852022,3.40980414145514
70.7585632417203,80.4271248688528,5.14352935585573
5.8912106340913,76.0630482954246,3.40301373365519
590.18389824845,224.808140892022,4.01180503212014
444.353525162021,463.215357576371,4.72213698504382
658.743891589237,372.529674486625,3.21480610605422
109.048043029372,487.552971591342,4.42241453634706
624.741407813103,96.459989546829,4.03563014993106
421.129012810108,255.548716855244,3.58421785368186
11.1479902265654,183.626544283659,3.28293319718203
71.2105258474383,120.449921365366,4.29882951899843
606.43039884604,202.396503583188,4.49636831849044
256.948947596424,220.923357980806,3.92372509624211
571.993120004082,441.426824509238,3.71508319687546
298.115202547954,131.184644618294,3.95880510993572
534.450049918529,456.054994083237,3.44684858774332
56.0608801787741,430.403170024842,3.88437341025742
199.135733990761,290.750506027258,3.90477651671587
544.667002793406,260.940816686066,3.83797014401821
149.926850608369,31.6608868155375,4.09815196868059
493.330846650204,346.104450486318,4.42745925731487
27.8517247604578,52.7789922947436,3.75765260499383
533.979781274331,156.548576082388,4.58987973040824
NA,NA,NA
661.695851282197,335.694329151759,3.56483901140657
457.712495090326,297.647753405509,3.50567600228317
11.3773146504439,492.629272509352,3.70782206420049
557.714631138423,52.4187271529028,4.12402999597631
65.7724646568322,380.640542559991,3.97393338171319
225.155013532843,412.297575725239,4.00863086755157
430.601078453546,12.317614737539,3.19175777735518
360.284520300583,292.611700913283,3.10250192936699
605.571906989346,104.531348875209,4.29326786410205
393.89516899062,234.433657041782,4.2223397362183
560.824451978236,413.441720951847,4.71876650997266
138.81894339894,279.253824375042,4.68117875976232
196.649985603496,373.186657955115,4.08668105444795
124.597935450178,411.645008016269,3.34730192163871
626.652871995425,312.585352748885,4.46214365913156
3.63894619569445,139.682457364472,4.22511094720785
545.401228674551,199.278254524498,4.29078264329359
34.1773102366498,494.154578370719,3.05861963007544
277.755120538021,24.753702813114,3.92054158235125
534.868918673832,391.65469852022,3.40980414145514
70.7585632417203,80.4271248688528,5.14352935585573
5.8912106340913,76.0630482954246,3.40301373365519
590.18389824845,224.808140892022,4.01180503212014
444.353525162021,463.215357576371,4.72213698504382
658.743891589237,372.529674486625,3.21480610605422
109.048043029372,487.552971591342,4.42241453634706
624.741407813103,96.459989546829,4.03563014993106
421.129012810108,255.548716855244,3.58421785368186
11.1479902265654,183.626544283659,3.28293319718203
71.2105258474383,120.449921365366,4.29882951899843
606.43039884604,202.396503583188,4.49636831849044
256.948947596424,220.923357980806,3.92372509624211
571.993120004082,441.426824509238,3.71508319687546
298.115202547954,131.184644618294,3.95880510993572
534.450049918529,456.054994083237,3.44684858774332
56.0608801787741,430.403170024842,3.88437341025742
199.135733990761,290.750506027258,3.90477651671587
544.667002793406,260.940816686066,3.83797014401821
149.926850608369,31.6608868155375,4.09815196868059
493.330846650204,346.104450486318,4.42745925731487
27.8517247604578,52.7789922947436,3.75765260499383
533.979781274331,156.548576082388,4.58987973040824
NA,NA,NA
661.695851282197,335.694329151759,3.56483901140657
457.712495090326,297.647753405509,3.50567600228317
11.3773146504439,492.629272509352,3.70782206420049
557.714631138423,52.4187271529028,4.12402999597631
65.7724646568322,380.640542559991,3.97393338171319
225.155013532843,412.297575725239,4.00863086755157
430.601078453546,12.317614737539,3.19175777735518
360.284520300583,292.611700913283,3.10250192936699
605.571906989346,104.531348875209,4.29326786410205
393.89516899062,234.433657041782,4.2223397362183
560.824451978236,413.441720951847,4.71876650997266
138.81894339894,279.253824375042,4.68117875976232
196.649985603496,373.186657955115,4.08668105444795
124.597935450178,411.645008016269,3.34730192163871
626.652871995425,312.585352748885,4.46214365913156
3.63894619569445,139.682457364472,4.22511094720785
545.401228674551,199.278254524498,4.29078264329359
34.1773102366498,494.154578370719,3.05861963007544
277.755120538021,24.753702813114,3.92054158235125
534.868918673832,391.65469852022,3.40980414145514
70.7585632417203,80.4271248688528,5.14352935585573
5.8912106340913,76.0630482954246,3.40301373365519
590.18389824845,224.808140892022,4.01180503212014
444.353525162021,463.215357576371,4.72213698504382
658.743891589237,372.529674486625,3.21480610605422
109.048043029372,487.552971591342,4.42241453634706
624.741407813103,96.459989546829,4.03563014993106
421.129012810108,255.548716855244,3.58421785368186
11.1479902265654,183.626544283659,3.28293319718203
71.2105258474383,120.449921365366,4.29882951899843
606.43039884604,202.396503583188,4.49636831849044
256.948947596424,220.923357980806,3.92372509624211
571.993120004082,441.426824509238,3.71508319687546
298.115202547954,131.184644618294,3.95880510993572
534.450049918529,456.054994083237,3.44684858774332
56.0608801787741,430.403170024842,3.88437341025742
199.135733990761,290.750506027258,3.90477651671587
544.667002793406,260.940816686066,3.83797014401821
149.926850608369,31.6608868155375,4.09815196868059
493.330846650204,346.104450486318,4.42745925731487
27.8517247604578,52.7789922947436,3.75765260499383
533.979781274331,156.548576082388,4.58987973040824
NA,NA,NA
661.695851282197,335.694329151759,3.56483901140657
457.712495090326,297.647753405509,3.50567600228317
11.3773146504439,492.629272509352,3.70782206420049
557.714631138423,52.4187271529028,4.12402999597631
65.7724646568322,380.640542559991,3.97393338171319
225.155013532843,412.297575725239,4.00863086755157
430.601078453546,12.317614737539,3.19175777735518
360.284520300583,292.611700913283,3.10250192936699
605.571906989346,104.531348875209,4.29326786410205
393.89516899062,234.433657041782,4.2223397362183
560.824451978236,413.441720951847,4.71876650997266
138.81894339894,279.253824375042,4.68117875976232
196.649985603496,373.186657955115,4.08668105444795
124.597935450178,411.645008016269,3.34730192163871
626.652871995425,312.585352748885,4.46214365913156
3.63894619569445,139.682457364472,4.22511094720785
545.401228674551,199.278254524498,4.29078264329359
34.1773102366498,494.154578370719,3.05861963007544
277.755120538021,24.753702813114,3.92054158235125
534.868918673832,391.65469852022,3.40980414145514
70.7585632417203,80.4271248688528,5.14352935585573
5.8912106340913,76.0630482954246,3.40301373365519
590.18389824845,224.808140892022,4.01180503212014
444.353525162021,463.215357576371,4.72213698504382
658.743891589237,372.529674486625,3.21480610605422
109.048043029372,487.552971591342,4.42241453634706
624.741407813103,96.459989546829,4.03563014993106
421.129012810108,255.548716855244,3.58421785368186
11.1479902265654,183.626544283659,3.28293319718203
71.2105258474383,120.449921365366,4.29882951899843
606.43039884604,202.396503583188,4.49636831849044
256.948947596424,220.923357980806,3.92372509624211
571.993120004082,441.426824509238,3.71508319687546
298.115202547954,131.184644618294,3.95880510993572
534.450049918529,456.054994083237,3.44684858774332
56.0608801787741,430.403170024842,3.88437341025742
199.135733990761,290.750506027258,3.90477651671587
544.667002793406,260.940816686066,3.83797014401821
149.926850608369,31.6608868155375,4.09815196868059
493.330846650204,346.104450486318,4.42745925731487
27.8517247604578,52.7789922947436,3.75765260499383
533.979781274331,156.548576082388,4.58987973040824
NA,NA,NA
659.856749497048,333.890346014607,3.56400063319579
454.0355506082,298.306732683507,3.55787094918034
6.14448049263678,494.338766975158,3.70780767571345
562.200210351953,55.3868914067703,4.13202740967115
71.3581966402271,377.558282780161,3.90147865150688
227.010194226886,416.395359403859,3.90519350167237
428.784961089407,12.4762932058326,3.22180930665244
361.709614919732,296.743802869,3.13642801526157
602.513242698575,103.248584052764,4.1178548948493
392.657617258481,221.821454031888,4.23774876815869
565.81705244168,406.70574444532,4.74848914873942
142.39485646751,281.764584934072,4.4330730300622
199.891394886294,364.854328973785,4.10627568988856
122.105702514018,412.857985069231,3.45626150453048
628.100199058906,313.61853126863,4.6577817436841
2.85266409389906,145.27005054028,4.24148321771978
543.983881261692,201.081538302262,4.2056518591163
33.0807225469104,491.019046081525,2.95689824628726
277.450215824323,17.4832478305102,3.64789103362896
534.351876905836,392.326778900906,3.33806400749454
74.6493685977706,80.548626184415,5.25561137023053
6.84146781151756,78.0462893548644,3.47527666360598
589.347548749911,226.28444503796,3.94603032822706
444.635358335549,457.718217749637,4.79812999526607
659.176391175795,374.034170450969,3.09691185629425
104.951264318567,483.366654885691,4.37218992414693
624.593059947812,91.1164044228981,4.08733036145918
416.687676234396,257.691562943062,3.64981167201827
11.7144807081775,179.316834967271,3.33302119577306
76.5562881161531,122.647068902955,4.41039516772168
615.270179970678,204.731460527472,4.36971085718895
257.099264050678,217.13601746297,3.70292451843862
566.645297885729,441.728868006075,3.63076508289768
297.641183345727,142.077787744678,3.99329513398213
532.2783491766,456.444560285047,3.73619007489834
47.1451345767895,425.372483492417,3.99378876636802
195.141160953529,283.696298873756,3.66481472563697
548.205905043268,264.711949645223,3.62359929652064
164.528739057405,39.0354390559593,4.43900861072102
502.386087662105,333.533280928241,4.45333843537074
32.2941889819136,51.4623212785116,3.45481922615918
529.636296032687,166.556413441992,4.80681126904463
NA,NA,NA
659.856749497048,333.890346014607,3.56400063319579
454.0355506082,298.306732683507,3.55787094918034
6.14448049263678,494.338766975158,3.70780767571345
562.200210351953,55.3868914067703,4.13202740967115
71.3581966402271,377.558282780161,3.90147865150688
227.010194226886,416.395359403859,3.90519350167237
428.784961089407,12.4762932058326,3.22180930665244
361.709614919732,296.743802869,3.13642801526157
602.513242698575,103.248584052764,4.1178548948493
392.657617258481,221.821454031888,4.23774876815869
565.81705244168,406.70574444532,4.74848914873942
142.39485646751,281.764584934072,4.4330730300622
199.891394886294,364.854328973785,4.10627568988856
122.105702514018,412.857985069231,3.45626150453048
628.100199058906,313.61853126863,4.6577817436841
2.85266409389906,145.27005054028,4.24148321771978
543.983881261692,201.081538302262,4.2056518591163
33.0807225469104,491.019046081525,2.95689824628726
277.450215824323,17.4832478305102,3.64789103362896
534.351876905836,392.326778900906,3.33806400749454
74.6493685977706,80.548626184415,5.25561137023053
6.84146781151756,78.0462893548644,3.47527666360598
589.347548749911,226.28444503796,3.94603032822706
444.635358335549,457.718217749637,4.79812999526607
659.176391175795,374.034170450969,3.09691185629425
104.951264318567,483.366654885691,4.37218992414693
624.593059947812,91.1164044228981,4.08733036145918
416.687676234396,257.691562943062,3.64981167201827
11.7144807081775,179.316834967271,3.33302119577306
76.5562881161531,122.647068902955,4.41039516772168
615.270179970678,204.731460527472,4.36971085718895
257.099264050678,217.13601746297,3.70292451843862
566.645297885729,441.728868006075,3.63076508289768
297.641183345727,142.077787744678,3.99329513398213
532.2783491766,456.444560285047,3.73619007489834
47.1451345767895,425.372483492417,3.99378876636802
195.141160953529,283.696298873756,3.66481472563697
548.205905043268,264.711949645223,3.62359929652064
164.528739057405,39.0354390559593,4.43900861072102
502.386087662105,333.533280928241,4.45333843537074
32.2941889819136,51.4623212785116,3.45481922615918
529.636296032687,166.556413441992,4.80681126904463
NA,NA,NA
659.856749497048,333.890346014607,3.56400063319579
454.0355506082,298.306732683507,3.55787094918034
6.14448049263678,494.338766975158,3.70780767571345
562.200210351953,55.3868914067703,4.13202740967115
71.3581966402271,377.558282780161,3.90147865150688
227.010194226886,416.395359403859,3.90519350167237
428.784961089407,12.4762932058326,3.22180930665244
361.709614919732,296.743802869,3.13642801526157
602.513242698575,103.248584052764,4.1178548948493
392.657617258481,221.821454031888,4.23774876815869
565.81705244168,406.70574444532,4.74848914873942
142.39485646751,281.764584934072,4.4330730300622
199.891394886294,364.854328973785,4.10627568988856
122.105702514018,412.857985069231,3.45626150453048
628.100199058906,313.61853126863,4.6577817436841
2.85266409389906,145.27005054028,4.24148321771978
543.983881261692,201.081538302262,4.2056518591163
33.0807225469104,491.019046081525,2.95689824628726
277.450215824323,17.4832478305102,3.64789103362896
534.351876905836,392.326778900906,3.33806400749454
74.6493685977706,80.548626184415,5.25561137023053
6.84146781151756,78.0462893548644,3.47527666360598
589.347548749911,226.28444503796,3.94603032822706
444.635358335549,457.718217749637,4.79812999526607
659.176391175795,374.034170450969,3.09691185629425
104.951264318567,483.366654885691,4.37218992414693
624.593059947812,91.1164044228981,4.08733036145918
416.687676234396,257.691562943062,3.64981167201827
11.7144807081775,179.316834967271,3.33302119577306
76.5562881161531,122.647068902955,4.41039516772168
615.270179970678,204.731460527472,4.36971085718895
257.099264050678,217.13601746297,3.70292451843862
566.645297885729,441.728868006075,3.63076508289768
297.641183345727,142.077787744678,3.99329513398213
532.2783491766,456.444560285047,3.73619007489834
47.1451345767895,425.372483492417,3.99378876636802
195.141160953529,283.696298873756,3.66481472563697
548.205905043268,264.711949645223,3.62359929652064
164.528739057405,39.0354390559593,4.43900861072102
502.386087662105,333.533280928241,4.45333843537074
32.2941889819136,51.4623212785116,3.45481922615918
529.636296032687,166.556413441992,4.80681126904463
NA,NA,NA
659.856749497048,333.890346014607,3.56400063319579
454.0355506082,298.306732683507,3.55787094918034
6.14448049263678,494.338766975158,3.70780767571345
562.200210351953,55.3868914067703,4.13202740967115
71.3581966402271,377.558282780161,3.90147865150688
227.010194226886,416.395359403859,3.90519350167237
428.784961089407,12.4762932058326,3.22180930665244
361.709614919732,296.743802869,3.13642801526157
602.513242698575,103.248584052764,4.1178548948493
392.657617258481,221.821454031888,4.23774876815869
565.81705244168,406.70574444532,4.74848914873942
142.39485646751,281.764584934072,4.4330730300622
199.891394886294,364.854328973785,4.10627568988856
122.105702514018,412.857985069231,3.45626150453048
628.100199058906,313.61853126863,4.6577817436841
2.85266409389906,145.27005054028,4.24148321771978
543.983881261692,201.081538302262,4.2056518591163
33.0807225469104,491.019046081525,2.95689824628726
277.450215824323,17.4832478305102,3.64789103362896
534.351876905836,392.326778900906,3.33806400749454
74.6493685977706,80.548626184415,5.25561137023053
6.84146781151756,78.0462893548644,3.47527666360598
589.347548749911,226.28444503796,3.94603032822706
444.635358335549,457.718217749637,4.79812999526607
659.176391175795,374.034170450969,3.09691185629425
104.951264318567,483.366654885691,4.37218992414693
624.593059947812,91.1164044228981,4.08733036145918
416.687676234396,257.691562943062,3.64981167201827
11.7144807081775,179.316834967271,3.33302119577306
76.5562881161531,122.647068902955,4.41039516772168
615.270179970678,204.731460527472,4.36971085718895
257.099264050678,217.13601746297,3.70292451843862
566.645297885729,441.728868006075,3.63076508289768
297.641183345727,142.077787744678,3.99329513398213
532.2783491766,456.444560285047,3.73619007489834
47.1451345767895,425.372483492417,3.99378876636802
195.141160953529,283.696298873756,3.66481472563697
548.205905043268,264.711949645223,3.62359929652064
164.528739057405,39.0354390559593,4.43900861072102
502.386087662105,333.533280928241,4.45333843537074
32.2941889819136,51.4623212785116,3.45481922615918
529.636296032687,166.556413441992,4.80681126904463
NA,NA,NA
659.856749497048,333.890346014607,3.56400063319579
454.0355506082,298.306732683507,3.55787094918034
6.14448049263678,494.338766975158,3.70780767571345
562.200210351953,55.3868914067703,4.13202740967115
71.3581966402271,377.558282780161,3.90147865150688
227.010194226886,416.395359403859,3.90519350167237
428.784961089407,12.4762932058326,3.22180930665244
361.709614919732,296.743802869,3.13642801526157
602.513242698575,103.248584052764,4.1178548948493
392.657617258481,221.821454031888,4.23774876815869
565.81705244168,406.70574444532,4.74848914873942
142.39485646751,281.764584934072,4.4330730300622
199.891394886294,364.854328973785,4.10627568988856
122.105702514018,412.857985069231,3.45626150453048
628.100199058906,313.61853126863,4.6577817436841
2.85266409389906,145.27005054028,4.24148321771978
543.983881261692,201.081538302262,4.2056518591163
33.0807225469104,491.019046081525,2.95689824628726
277.450215824323,17.4832478305102,3.64789103362896
534.351876905836,392.326778900906,3.33806400749454
74.6493685977706,80.548626184415,5.25561137023053
6.84146781151756,78.0462893548644,3.47527666360598
589.347548749911,226.28444503796,3.94603032822706
444.635358335549,457.718217749637,4.79812999526607
659.176391175795,374.034170450969,3.09691185629425
104.951264318567,483.366654885691,4.37218992414693
624.593059947812,91.1164044228981,4.08733036145918
416.687676234396,257.691562943062,3.64981167201827
11.7144807081775,179.316834967271,3.33302119577306
76.5562881161531,122.647068902955,4.41039516772168
615.270179970678,204.731460527472,4.36971085718895
257.099264050678,217.13601746297,3.70292451843862
566.645297885729,441.728868006075,3.63076508289768
297.641183345727,142.077787744678,3.99329513398213
532.2783491766,456.444560285047,3.73619007489834
47.1451345767895,425.372483492417,3.99378876636802
195.141160953529,283.696298873756,3.66481472563697
548.205905043268,264.711949645223,3.62359929652064
164.528739057405,39.0354390559593,4.43900861072102
502.386087662105,333.533280928241,4.45333843537074
32.2941889819136,51.4623212785116,3.45481922615918
529.636296032687,166.556413441992,4.80681126904463
NA,NA,NA
659.856749497048,333.890346014607,3.56400063319579
454.0355506082,298.306732683507,3.55787094918034
6.14448049263678,494.338766975158,3.70780767571345
562.200210351953,55.3868914067703,4.13202740967115
71.3581966402271,377.558282780161,3.90147865150688
227.010194226886,416.395359403859,3.90519350167237
428.784961089407,12.4762932058326,3.22180930665244
361.709614919732,296.743802869,3.13642801526157
602.513242698575,103.248584052764,4.1178548948493
392.657617258481,221.821454031888,4.23774876815869
565.81705244168,406.70574444532,4.74848914873942
142.39485646751,281.764584934072,4.4330730300622
199.891394886294,364.854328973785,4.10627568988856
122.105702514018,412.857985069231,3.45626150453048
628.100199058906,313.61853126863,4.6577817436841
2.85266409389906,145.27005054028,4.24148321771978
543.983881261692,201.081538302262,4.2056518591163
33.0807225469104,491.019046081525,2.95689824628726
277.450215824323,17.4832478305102,3.64789103362896
534.351876905836,392.326778900906,3.33806400749454
74.6493685977706,80.548626184415,5.25561137023053
6.84146781151756,78.0462893548644,3.47527666360598
589.347548749911,226.28444503796,3.94603032822706
444.635358335549,457.718217749637,4.79812999526607
659.176391175795,374.034170450969,3.09691185629425
104.951264318567,483.366654885691,4.37218992414693
624.593059947812,91.1164044228981,4.08733036145918
416.687676234396,257.691562943062,3.64981167201827
11.7144807081775,179.316834967271,3.33302119577306
76.5562881161531,122.647068902955,4.41039516772168
615.270179970678,204.731460527472,4.36971085718895
257.099264050678,217.13601746297,3.70292451843862
566.645297885729,441.728868006075,3.63076508289768
297.641183345727,142.077787744678,3.99329513398213
532.2783491766,456.444560285047,3.73619007489834
47.1451345767895,425.372483492417,3.99378876636802
195.141160953529,283.696298873756,3.66481472563697
548.205905043268,264.711949645223,3.62359929652064
164.528739057405,39.0354390559593,4.43900861072102
502.386087662105,333.533280928241,4.45333843537074
32.2941889819136,51.4623212785116,3.45481922615918
529.636296032687,166.556413441992,4.80681126904463
NA,NA,NA
661.743446924588,336.63419223508,3.48696742173617
452.895168631668,298.557060023996,3.47871947807394
13.5474725639596,491.931476154695,3.50803715575338
561.656076317352,54.212176925983,4.07506202805217
74.1503139802332,372.943288224451,4.15384348880333
227.989520818869,415.958106475831,3.91878828438418
427.982268230815,9.1235629858644,3.3242044797425
361.651099668998,290.537851106131,3.07106306377887
608.187131141329,105.494144537013,4.24100026026065
392.91217925274,234.589539048873,4.28866806128168
569.334025241972,404.350581844925,4.79096809019482
141.902840161742,280.479235323633,4.46391538457951
199.932552020812,365.715697422489,3.93069572395043
127.175519741468,409.173607337311,3.40637419741107
626.755159718551,306.559934354635,4.4388973371491
8.16405697828726,146.887123596084,4.17847834319607
540.082441243622,206.013991884592,4.01750135293326
32.2772526825449,490.032103373823,2.84833799358903
279.063534623163,23.7116599145046,3.7710830302309
535.163518326442,392.499379114762,3.40977851004369
78.3938793517382,78.9699483677278,5.23722499088328
4.7904314886722,78.3643813784716,3.4173575532684
587.465007832376,231.37379193548,3.96489605903232
439.107551014523,461.739379876705,4.75792276357021
658.515130363702,372.551220693319,3.01086513265499
102.870538643966,495.88299551936,4.37023018027825
623.987103502104,85.6445969986453,4.0423424225264
420.03904423673,256.303913846767,3.60774313975253
8.93581406221332,182.286126233642,3.22805324628456
78.240596066647,121.406825291382,4.52882868678115
605.271489119924,194.051155025709,4.20942226230304
248.800314642004,225.950069632033,4.22860163984404
573.770323457604,428.562309582943,3.97443208170255
305.248366387662,134.337393727712,3.93526257334251
528.762208575618,458.909524360213,3.52649441725699
42.5413753238946,417.015604229144,3.7578689128443
205.837259112744,294.690675609037,4.01387735383324
551.637087846948,262.260073938763,3.86443104385722
182.228275779897,33.3964616236941,4.11519644485765
498.502006297876,349.024937251443,4.71047455261637
32.6180296505506,55.8564674841992,3.73229172251507
540.508064531728,142.941017487411,4.63070622113353
NA,NA,NA
661.743446924588,336.63419223508,3.48696742173617
452.895168631668,298.557060023996,3.47871947807394
13.5474725639596,491.931476154695,3.50803715575338
561.656076317352,54.212176925983,4.07506202805217
74.1503139802332,372.943288224451,4.15384348880333
227.989520818869,415.958106475831,3.91878828438418
427.982268230815,9.1235629858644,3.3242044797425
361.651099668998,290.537851106131,3.07106306377887
608.187131141329,105.494144537013,4.24100026026065
392.91217925274,234.589539048873,4.28866806128168
569.334025241972,404.350581844925,4.79096809019482
141.902840161742,280.479235323633,4.46391538457951
199.932552020812,365.715697422489,3.93069572395043
127.175519741468,409.173607337311,3.40637419741107
626.755159718551,306.559934354635,4.4388973371491
8.16405697828726,146.887123596084,4.17847834319607
540.082441243622,206.013991884592,4.01750135293326
32.2772526825449,490.032103373823,2.84833799358903
279.063534623163,23.7116599145046,3.7710830302309
535.163518326442,392.499379114762,3.40977851004369
78.3938793517382,78.9699483677278,5.23722499088328
4.7904314886722,78.3643813784716,3.4173575532684
587.465007832376,231.37379193548,3.96489605903232
439.107551014523,461.739379876705,4.75792276357021
658.515130363702,372.551220693319,3.01086513265499
102.870538643966,495.88299551936,4.37023018027825
623.987103502104,85.6445969986453,4.0423424225264
420.03904423673,256.303913846767,3.60774313975253
8.93581406221332,182.286126233642,3.22805324628456
78.240596066647,121.406825291382,4.52882868678115
605.271489119924,194.051155025709,4.20942226230304
248.800314642004,225.950069632033,4.22860163984404
573.770323457604,428.562309582943,3.97443208170255
305.248366387662,134.337393727712,3.93526257334251
528.762208575618,458.909524360213,3.52649441725699
42.5413753238946,417.015604229144,3.7578689128443
205.837259112744,294.690675609037,4.01387735383324
551.637087846948,262.260073938763,3.86443104385722
182.228275779897,33.3964616236941,4.11519644485765
498.502006297876,349.024937251443,4.71047455261637
32.6180296505506,55.8564674841992,3.73229172251507
540.508064531728,142.941017487411,4.63070622113353
NA,NA,NA
661.743446924588,336.63419223508,3.48696742173617
452.895168631668,298.557060023996,3.47871947807394
13.5474725639596,491.931476154695,3.50803715575338
561.656076317352,54.212176925983,4.07506202805217
74.1503139802332,372.943288224451,4.15384348880333
227.989520818869,415.958106475831,3.91878828438418
427.982268230815,9.1235629858644,3.3242044797425
361.651099668998,290.537851106131,3.07106306377887
608.187131141329,105.494144537013,4.24100026026065
392.91217925274,234.589539048873,4.28866806128168
569.334025241972,404.350581844925,4.79096809019482
141.902840161742,280.479235323633,4.46391538457951
199.932552020812,365.715697422489,3.93069572395043
127.175519741468,409.173607337311,3.40637419741107
626.755159718551,306.559934354635,4.4388973371491
8.16405697828726,146.887123596084,4.17847834319607
540.082441243622,206.013991884592,4.01750135293326
32.2772526825449,490.032103373823,2.84833799358903
279.063534623163,23.7116599145046,3.7710830302309
535.163518326442,392.499379114762,3.40977851004369
78.3938793517382,78.9699483677278,5.23722499088328
4.7904314886722,78.3643813784716,3.4173575532684
587.465007832376,231.37379193548,3.96489605903232
439.107551014523,461.739379876705,4.75792276357021
658.515130363702,372.551220693319,3.01086513265499
102.870538643966,495.88299551936,4.37023018027825
623.987103502104,85.6445969986453,4.0423424225264
420.03904423673,256.303913846767,3.60774313975253
8.93581406221332,182.286126233642,3.22805324628456
78.240596066647,121.406825291382,4.52882868678115
605.271489119924,194.051155025709,4.20942226230304
248.800314642004,225.950069632033,4.22860163984404
573.770323457604,428.562309582943,3.97443208170255
305.248366387662,134.337393727712,3.93526257334251
528.762208575618,458.909524360213,3.52649441725699
42.5413753238946,417.015604229144,3.7578689128443
205.837259112744,294.690675609037,4.01387735383324
551.637087846948,262.260073938763,3.86443104385722
182.228275779897,33.3964616236941,4.11519644485765
498.502006297876,349.024937251443,4.71047455261637
32.6180296505506,55.8564674841992,3.73229172251507
540.508064531728,142.941017487411,4.63070622113353
NA,NA,NA
661.743446924588,336.63419223508,3.48696742173617
452.895168631668,298.557060023996,3.47871947807394
13.5474725639596,491.931476154695,3.50803715575338
561.656076317352,54.212176925983,4.07506202805217
74.1503139802332,372.943288224451,4.15384348880333
227.989520818869,415.958106475831,3.91878828438418
427.982268230815,9.1235629858644,3.3242044797425
361.651099668998,290.537851106131,3.07106306377887
608.187131141329,105.494144537013,4.24100026026065
392.91217925274,234.589539048873,4.28866806128168
569.334025241972,404.350581844925,4.79096809019482
141.902840161742,280.479235323633,4.46391538457951
199.932552020812,365.715697422489,3.93069572395043
127.175519741468,409.173607337311,3.40637419741107
626.755159718551,306.559934354635,4.4388973371491
8.16405697828726,146.887123596084,4.17847834319607
540.082441243622,206.013991884592,4.01750135293326
32.2772526825449,490.032103373823,2.84833799358903
279.063534623163,23.7116599145046,3.7710830302309
535.163518326442,392.499379114762,3.40977851004369
78.3938793517382,78.9699483677278,5.23722499088328
4.7904314886722,78.3643813784716,3.4173575532684
587.465007832376,231.37379193548,3.96489605903232
439.107551014523,461.739379876705,4.75792276357021
658.515130363702,372.551220693319,3.01086513265499
102.870538643966,495.88299551936,4.37023018027825
623.987103502104,85.6445969986453,4.0423424225264
420.03904423673,256.303913846767,3.60774313975253
8.93581406221332,182.286126233642,3.22805324628456
78.240596066647,121.406825291382,4.52882868678115
605.271489119924,194.051155025709,4.20942226230304
248.800314642004,225.950069632033,4.22860163984404
573.770323457604,428.562309582943,3.97443208170255
305.248366387662,134.337393727712,3.93526257334251
528.762208575618,458.909524360213,3.52649441725699
42.5413753238946,417.015604229144,3.7578689128443
205.837259112744,294.690675609037,4.01387735383324
551.637087846948,262.260073938763,3.86443104385722
182.228275779897,33.3964616236941,4.11519644485765
498.502006297876,349.024937251443,4.71047455261637
32.6180296505506,55.8564674841992,3.73229172251507
540.508064531728,142.941017487411,4.63070622113353
NA,NA,NA
661.743446924588,336.63419223508,3.48696742173617
452.895168631668,298.557060023996,3.47871947807394
13.5474725639596,491.931476154695,3.50803715575338
561.656076317352,54.212176925983,4.07506202805217
74.1503139802332,372.943288224451,4.15384348880333
227.989520818869,415.958106475831,3.91878828438418
427.982268230815,9.1235629858644,3.3242044797425
361.651099668998,290.537851106131,3.07106306377887
608.187131141329,105.494144537013,4.24100026026065
392.91217925274,234.589539048873,4.28866806128168
569.334025241972,404.350581844925,4.79096809019482
141.902840161742,280.479235323633,4.46391538457951
199.932552020812,365.715697422489,3.93069572395043
127.175519741468,409.173607337311,3.40637419741107
626.755159718551,306.559934354635,4.4388973371491
8.16405697828726,146.887123596084,4.17847834319607
540.082441243622,206.013991884592,4.01750135293326
32.2772526825449,490.032103373823,2.84833799358903
279.063534623163,23.7116599145046,3.7710830302309
535.163518326442,392.499379114762,3.40977851004369
78.3938793517382,78.9699483677278,5.23722499088328
4.7904314886722,78.3643813784716,3.4173575532684
587.465007832376,231.37379193548,3.96489605903232
439.107551014523,461.739379876705,4.75792276357021
658.515130363702,372.551220693319,3.01086513265499
102.870538643966,495.88299551936,4.37023018027825
623.987103502104,85.6445969986453,4.0423424225264
420.03904423673,256.303913846767,3.60774313975253
8.93581406221332,182.286126233642,3.22805324628456
78.240596066647,121.406825291382,4.52882868678115
605.271489119924,194.051155025709,4.20942226230304
248.800314642004,225.950069632033,4.22860163984404
573.770323457604,428.562309582943,3.97443208170255
305.248366387662,134.337393727712,3.93526257334251
528.762208575618,458.909524360213,3.52649441725699
42.5413753238946,417.015604229144,3.7578689128443
205.837259112744,294.690675609037,4.01387735383324
551.637087846948,262.260073938763,3.86443104385722
182.228275779897,33.3964616236941,4.11519644485765
498.502006297876,349.024937251443,4.71047455261637
32.6180296505506,55.8564674841992,3.73229172251507
540.508064531728,142.941017487411,4.63070622113353
NA,NA,NA
661.743446924588,336.63419223508,3.48696742173617
452.895168631668,298.557060023996,3.47871947807394
13.5474725639596,491.931476154695,3.50803715575338
561.656076317352,54.212176925983,4.07506202805217
74.1503139802332,372.943288224451,4.15384348880333
227.989520818869,415.958106475831,3.91878828438418
427.982268230815,9.1235629858644,3.3242044797425
361.651099668998,290.537851106131,3.07106306377887
608.187131141329,105.494144537013,4.24100026026065
392.91217925274,234.589539048873,4.28866806128168
569.334025241972,404.350581844925,4.79096809019482
141.902840161742,280.479235323633,4.46391538457951
199.932552020812,365.715697422489,3.93069572395043
127.175519741468,409.173607337311,3.40637419741107
626.755159718551,306.559934354635,4.4388973371491
8.16405697828726,146.887123596084,4.17847834319607
540.082441243622,206.013991884592,4.01750135293326
32.2772526825449,490.032103373823,2.84833799358903
279.063534623163,23.7116599145046,3.7710830302309
535.163518326442,392.499379114762,3.40977851004369
78.3938793517382,78.9699483677278,5.23722499088328
4.7904314886722,78.3643813784716,3.4173575532684
587.465007832376,231.37379193548,3.96489605903232
439.107551014523,461.739379876705,4.75792276357021
658.515130363702,372.551220693319,3.01086513265499
102.870538643966,495.88299551936,4.37023018027825
623.987103502104,85.6445969986453,4.0423424225264
420.03904423673,256.303913846767,3.60774313975253
8.93581406221332,182.286126233642,3.22805324628456
78.240596066647,121.406825291382,4.52882868678115
605.271489119924,194.051155025709,4.20942226230304
248.800314642004,225.950069632033,4.22860163984404
573.770323457604,428.562309582943,3.97443208170255
305.248366387662,134.337393727712,3.93526257334251
528.762208575618,458.909524360213,3.52649441725699
42.5413753238946,417.015604229144,3.7578689128443
205.837259112744,294.690675609037,4.01387735383324
551.637087846948,262.260073938763,3.86443104385722
182.228275779897,33.3964616236941,4.11519644485765
498.502006297876,349.024937251443,4.71047455261637
32.6180296505506,55.8564674841992,3.73229172251507
540.508064531728,142.941017487411,4.63070622113353
NA,NA,NA
659.979737143815,332.369112028321,3.45978002104908
462.63001828246,297.464332681333,3.64737863201416
12.5592811447529,492.991774611999,3.52044014100453
560.549615319551,51.2109039827112,4.23708302106849
73.9039404189837,374.28064876946,4.01700839852453
231.621145781841,409.847482796505,3.89743388017559
429.755254228217,13.3637199430062,3.36230899016825
362.815742214874,294.890698301664,3.01106584469493
604.243453464361,107.701866303033,4.2678217425819
389.688192967502,233.100272756729,4.29996670498369
567.844121774188,415.756217331089,4.7450908345395
141.140579957174,284.945474020401,4.64426825421659
198.141032300806,364.527211015015,3.93874183423179
126.500507635264,410.499828197713,3.36930685475458
630.87195657186,306.146372012793,4.55320873260012
6.23254894877686,148.690388117223,4.21477680939262
545.935212214882,201.492603781255,4.29070483101847
34.9857861077638,493.254227379616,3.00946341712507
281.795357452278,22.3707885742231,3.64116117809803
533.663931582747,392.856829252788,3.46197259007273
69.9933434637979,77.6495774147742,5.24803982094977
6.44888471622148,79.971897397763,3.38534197236441
584.603957013792,224.246686798491,4.0520523150348
436.583447976563,456.214270879291,4.81716206605714
656.884193157627,374.114343498459,2.91533349895061
104.736324993525,485.787662337283,4.27362730173621
622.618222352802,87.362323687543,4.05749242298458
419.780199690384,256.649659265182,3.66774177144367
9.51435079381191,182.224773820259,3.19450225976103
64.4457862756688,130.494892676303,4.51888607781871
598.148011666914,208.908075623374,4.38419487309507
246.271736917231,221.01247906221,3.4003577068678
574.081466859886,426.526049704903,3.68727400220489
296.428148593885,138.70747271826,3.82798167133361
533.720363067767,455.710156415296,3.63667776360438
44.2298504260263,418.036310763495,3.8047268136544
191.013195981227,290.21330076561,4.04347423245107
549.461316921517,263.924138026177,3.97541002171255
163.731643029479,26.3842113049928,4.47832304300341
500.870266767349,350.546689179166,4.56178025790623
37.8735932956537,44.2888919391452,4.31379570431026
531.127277008049,158.056684138982,4.70074784487663
NA,NA,NA
659.979737143815,332.369112028321,3.45978002104908
462.63001828246,297.464332681333,3.64737863201416
12.5592811447529,492.991774611999,3.52044014100453
560.549615319551,51.2109039827112,4.23708302106849
73.9039404189837,374.28064876946,4.01700839852453
231.621145781841,409.847482796505,3.89743388017559
429.755254228217,13.3637199430062,3.36230899016825
362.815742214874,294.890698301664,3.01106584469493
604.243453464361,107.701866303033,4.2678217425819
389.688192967502,233.100272756729,4.29996670498369
567.844121774188,415.756217331089,4.7450908345395
141.140579957174,284.945474020401,4.64426825421659
198.141032300806,364.527211015015,3.93874183423179
126.500507635264,410.499828197713,3.36930685475458
630.87195657186,306.146372012793,4.55320873260012
6.23254894877686,148.690388117223,4.21477680939262
545.935212214882,201.492603781255,4.29070483101847
34.9857861077638,493.254227379616,3.00946341712507
281.795357452278,22.3707885742231,3.64116117809803
533.663931582747,392.856829252788,3.46197259007273
69.9933434637979,77.6495774147742,5.24803982094977
6.44888471622148,79.971897397763,3.38534197236441
584.603957013792,224.246686798491,4.0520523150348
436.583447976563,456.214270879291,4.81716206605714
656.884193157627,374.114343498459,2.91533349895061
104.736324993525,485.787662337283,4.27362730173621
622.618222352802,87.362323687543,4.05749242298458
419.780199690384,256.649659265182,3.66774177144367
9.51435079381191,182.224773820259,3.19450225976103
64.4457862756688,130.494892676303,4.51888607781871
598.148011666914,208.908075623374,4.38419487309507
246.271736917231,221.01247906221,3.4003577068678
574.081466859886,426.526049704903,3.68727400220489
296.428148593885,138.70747271826,3.82798167133361
533.720363067767,455.710156415296,3.63667776360438
44.2298504260263,418.036310763495,3.8047268136544
191.013195981227,290.21330076561,4.04347423245107
549.461316921517,263.924138026177,3.97541002171255
163.731643029479,26.3842113049928,4.47832304300341
500.870266767349,350.546689179166,4.56178025790623
37.8735932956537,44.2888919391452,4.31379570431026
531.127277008049,158.056684138982,4.70074784487663
NA,NA,NA
659.979737143815,332.369112028321,3.45978002104908
462.63001828246,297.464332681333,3.64737863201416
12.5592811447529,492.991774611999,3.52044014100453
560.549615319551,51.2109039827112,4.23708302106849
73.9039404189837,374.28064876946,4.01700839852453
231.621145781841,409.847482796505,3.89743388017559
429.755254228217,13.3637199430062,3.36230899016825
362.815742214874,294.890698301664,3.01106584469493
604.243453464361,107.701866303033,4.2678217425819
389.688192967502,233.100272756729,4.29996670498369
567.844121774188,415.756217331089,4.7450908345395
141.140579957174,284.945474020401,4.64426825421659
198.141032300806,364.527211015015,3.93874183423179
126.500507635264,410.499828197713,3.36930685475458
630.87195657186,306.146372012793,4.55320873260012
6.23254894877686,148.690388117223,4.21477680939262
545.935212214882,201.492603781255,4.29070483101847
34.9857861077638,493.254227379616,3.00946341712507
281.795357452278,22.3707885742231,3.64116117809803
533.663931582747,392.856829252788,3.46197259007273
69.9933434637979,77.6495774147742,5.24803982094977
6.44888471622148,79.971897397763,3.38534197236441
584.603957013792,224.246686798491,4.0520523150348
436.583447976563,456.214270879291,4.81716206605714
656.884193157627,374.114343498459,2.91533349895061
104.736324993525,485.787662337283,4.27362730173621
622.618222352802,87.362323687543,4.05749242298458
419.780199690384,256.649659265182,3.66774177144367
9.51435079381191,182.224773820259,3.19450225976103
64.4457862756688,130.494892676303,4.51888607781871
598.148011666914,208.908075623374,4.38419487309507
246.271736917231,221.01247906221,3.4003577068678
574.081466859886,426.526049704903,3.68727400220489
296.428148593885,138.70747271826,3.82798167133361
533.720363067767,455.710156415296,3.63667776360438
44.2298504260263,418.036310763495,3.8047268136544
191.013195981227,290.21330076561,4.04347423245107
549.461316921517,263.924138026177,3.97541002171255
163.731643029479,26.3842113049928,4.47832304300341
500.870266767349,350.546689179166,4.56178025790623
37.8735932956537,44.2888919391452,4.31379570431026
531.127277008049,158.056684138982,4.70074784487663
NA,NA,NA
659.979737143815,332.369112028321,3.45978002104908
462.63001828246,297.464332681333,3.64737863201416
12.5592811447529,492.991774611999,3.52044014100453
560.549615319551,51.2109039827112,4.23708302106849
73.9039404189837,374.28064876946,4.01700839852453
231.621145781841,409.847482796505,3.89743388017559
429.755254228217,13.3637199430062,3.36230899016825
362.815742214874,294.890698301664,3.01106584469493
604.243453464361,107.701866303033,4.2678217425819
389.688192967502,233.100272756729,4.29996670498369
567.844121774188,415.756217331089,4.7450908345395
141.140579957174,284.945474020401,4.64426825421659
198.141032300806,364.527211015015,3.93874183423179
126.500507635264,410.499828197713,3.36930685475458
630.87195657186,306.146372012793,4.55320873260012
6.23254894877686,148.690388117223,4.21477680939262
545.935212214882,201.492603781255,4.29070483101847
34.9857861077638,493.254227379616,3.00946341712507
281.795357452278,22.3707885742231,3.64116117809803
533.663931582747,392.856829252788,3.46197259007273
69.9933434637979,77.6495774147742,5.24803982094977
6.44888471622148,79.971897397763,3.38534197236441
584.603957013792,224.246686798491,4.0520523150348
436.583447976563,456.214270879291,4.81716206605714
656.884193157627,374.114343498459,2.91533349895061
104.736324993525,485.787662337283,4.27362730173621
622.618222352802,87.362323687543,4.05749242298458
419.780199690384,256.649659265182,3.66774177144367
9.51435079381191,182.224773820259,3.19450225976103
64.4457862756688,130.494892676303,4.51888607781871
598.148011666914,208.908075623374,4.38419487309507
246.271736917231,221.01247906221,3.4003577068678
574.081466859886,426.526049704903,3.68727400220489
296.428148593885,138.70747271826,3.82798167133361
533.720363067767,455.710156415296,3.63667776360438
44.2298504260263,418.036310763495,3.8047268136544
191.013195981227,290.21330076561,4.04347423245107
549.461316921517,263.924138026177,3.97541002171255
163.731643029479,26.3842113049928,4.47832304300341
500.870266767349,350.546689179166,4.56178025790623
37.8735932956537,44.2888919391452,4.31379570431026
531.127277008049,158.056684138982,4.70074784487663
NA,NA,NA
659.979737143815,332.369112028321,3.45978002104908
462.63001828246,297.464332681333,3.64737863201416
12.5592811447529,492.991774611999,3.52044014100453
560.549615319551,51.2109039827112,4.23708302106849
73.9039404189837,374.28064876946,4.01700839852453
231.621145781841,409.847482796505,3.89743388017559
429.755254228217,13.3637199430062,3.36230899016825
362.815742214874,294.890698301664,3.01106584469493
604.243453464361,107.701866303033,4.2678217425819
389.688192967502,233.100272756729,4.29996670498369
567.844121774188,415.756217331089,4.7450908345395
141.140579957174,284.945474020401,4.64426825421659
198.141032300806,364.527211015015,3.93874183423179
126.500507635264,410.499828197713,3.36930685475458
630.87195657186,306.146372012793,4.55320873260012
6.23254894877686,148.690388117223,4.21477680939262
545.935212214882,201.492603781255,4.29070483101847
34.9857861077638,493.254227379616,3.00946341712507
281.795357452278,22.3707885742231,3.64116117809803
533.663931582747,392.856829252788,3.46197259007273
69.9933434637979,77.6495774147742,5.24803982094977
6.44888471622148,79.971897397763,3.38534197236441
584.603957013792,224.246686798491,4.0520523150348
436.583447976563,456.214270879291,4.81716206605714
656.884193157627,374.114343498459,2.91533349895061
104.736324993525,485.787662337283,4.27362730173621
622.618222352802,87.362323687543,4.05749242298458
419.780199690384,256.649659265182,3.66774177144367
9.51435079381191,182.224773820259,3.19450225976103
64.4457862756688,130.494892676303,4.51888607781871
598.148011666914,208.908075623374,4.38419487309507
246.271736917231,221.01247906221,3.4003577068678
574.081466859886,426.526049704903,3.68727400220489
296.428148593885,138.70747271826,3.82798167133361
533.720363067767,455.710156415296,3.63667776360438
44.2298504260263,418.036310763495,3.8047268136544
191.013195981227,290.21330076561,4.04347423245107
549.461316921517,263.924138026177,3.97541002171255
163.731643029479,26.3842113049928,4.47832304300341
500.870266767349,350.546689179166,4.56178025790623
37.8735932956537,44.2888919391452,4.31379570431026
531.127277008049,158.056684138982,4.70074784487663
NA,NA,NA
659.979737143815,332.369112028321,3.45978002104908
462.63001828246,297.464332681333,3.64737863201416
12.5592811447529,492.991774611999,3.52044014100453
560.549615319551,51.2109039827112,4.23708302106849
73.9039404189837,374.28064876946,4.01700839852453
231.621145781841,409.847482796505,3.89743388017559
429.755254228217,13.3637199430062,3.36230899016825
362.815742214874,294.890698301664,3.01106584469493
604.243453464361,107.701866303033,4.2678217425819
389.688192967502,233.100272756729,4.29996670498369
567.844121774188,415.756217331089,4.7450908345395
141.140579957174,284.945474020401,4.64426825421659
198.141032300806,364.527211015015,3.93874183423179
126.500507635264,410.499828197713,3.36930685475458
630.87195657186,306.146372012793,4.55320873260012
6.23254894877686,148.690388117223,4.21477680939262
545.935212214882,201.492603781255,4.29070483101847
34.9857861077638,493.254227379616,3.00946341712507
281.795357452278,22.3707885742231,3.64116117809803
533.663931582747,392.856829252788,3.46197259007273
69.9933434637979,77.6495774147742,5.24803982094977
6.44888471622148,79.971897397763,3.38534197236441
584.603957013792,224.246686798491,4.0520523150348
436.583447976563,456.214270879291,4.81716206605714
656.884193157627,374.114343498459,2.91533349895061
104.736324993525,485.787662337283,4.27362730173621
622.618222352802,87.362323687543,4.05749242298458
419.780199690384,256.649659265182,3.66774177144367
9.51435079381191,182.224773820259,3.19450225976103
64.4457862756688,130.494892676303,4.51888607781871
598.148011666914,208.908075623374,4.38419487309507
246.271736917231,221.01247906221,3.4003577068678
574.081466859886,426.526049704903,3.68727400220489
296.428148593885,138.70747271826,3.82798167133361
533.720363067767,455.710156415296,3.63667776360438
44.2298504260263,418.036310763495,3.8047268136544
191.013195981227,290.21330076561,4.04347423245107
549.461316921517,263.924138026177,3.97541002171255
163.731643029479,26.3842113049928,4.47832304300341
500.870266767349,350.546689179166,4.56178025790623
37.8735932956537,44.2888919391452,4.31379570431026
531.127277008049,158.056684138982,4.70074784487663
NA,NA,NA
654.72721036209,331.48756193331,3.49169229491819
453.271910442019,300.576267103193,3.60433793364099
6.27223006034723,496.372455905988,3.49794950780525
559.14501397591,52.6894758368002,4.21751104852507
70.5914705568951,372.066785543017,4.00962257190312
227.835627617471,412.539108545354,3.87797322298906
429.011756533623,14.005330520367,3.26896375951754
360.954668476656,293.34873605203,2.91890134433388
604.660624560328,104.835687105609,4.27800899925192
389.392417818896,230.209032741185,4.24952598877901
564.18622540814,412.535337197525,4.77531038189434
138.617176442359,283.790060881437,4.57582609940376
201.513537208008,365.16243515539,3.90836580207962
126.992902356707,408.807435208852,3.43478977920361
630.685600878918,320.088570226219,4.50235626579008
-4.17370303841099,150.83549398647,4.25985215277737
541.125984128169,204.217663660375,4.15811956560554
34.2697677087314,491.971645212178,3.05860338616157
283.643161572281,20.7421216849971,3.77574124619411
532.099992437205,392.097088267673,3.38477303744347
78.2810963322034,80.3151187476707,5.15732862568678
5.47561121749411,75.1836980561364,3.4948943009236
587.822650078039,223.299910589401,3.97886367817464
443.724022963712,468.345578531412,4.81320280329578
660.770922523152,373.902394150363,3.06549170860282
101.737198900517,486.141992922493,4.45056459589164
627.406889521153,93.3647307791216,4.11683879037452
419.146368234788,259.994159334802,3.61924954251913
8.5983565509864,183.893779184158,3.32594364936828
64.6854275524656,121.927751277201,4.66972370297601
605.331349134341,199.09883660249,4.49578668986106
256.72613084647,209.505804749761,4.12083190319419
572.811133472871,426.388272232845,3.74670153243655
298.295228498451,137.971119844096,3.63616095583136
525.643554553743,455.160982184775,3.6821631792993
40.4864538128486,428.94156506021,4.18666475867865
198.878677233321,283.696322717116,4.01721875236317
550.146406318257,254.219896489989,3.73938852341003
171.488351507318,34.35408623006,4.23106138084407
503.276861905118,340.873536220959,4.58737513705018
35.9955161818459,54.5713871097021,4.03649695900662
529.623729696365,141.652363276673,4.64607400687905
NA,NA,NA
654.72721036209,331.48756193331,3.49169229491819
453.271910442019,300.576267103193,3.60433793364099
6.27223006034723,496.372455905988,3.49794950780525
559.14501397591,52.6894758368002,4.21751104852507
70.5914705568951,372.066785543017,4.00962257190312
227.835627617471,412.539108545354,3.87797322298906
429.011756533623,14.005330520367,3.26896375951754
360.954668476656,293.34873605203,2.91890134433388
604.660624560328,104.835687105609,4.27800899925192
389.392417818896,230.209032741185,4.24952598877901
564.18622540814,412.535337197525,4.77531038189434
138.617176442359,283.790060881437,4.57582609940376
201.513537208008,365.16243515539,3.90836580207962
126.992902356707,408.807435208852,3.43478977920361
630.685600878918,320.088570226219,4.50235626579008
-4.17370303841099,150.83549398647,4.25985215277737
541.125984128169,204.217663660375,4.15811956560554
34.2697677087314,491.971645212178,3.05860338616157
283.643161572281,20.7421216849971,3.77574124619411
532.099992437205,392.097088267673,3.38477303744347
78.2810963322034,80.3151187476707,5.15732862568678
5.47561121749411,75.1836980561364,3.4948943009236
587.822650078039,223.299910589401,3.97886367817464
443.724022963712,468.345578531412,4.81320280329578
660.770922523152,373.902394150363,3.06549170860282
101.737198900517,486.141992922493,4.45056459589164
627.406889521153,93.3647307791216,4.11683879037452
419.146368234788,259.994159334802,3.61924954251913
8.5983565509864,183.893779184158,3.32594364936828
64.6854275524656,121.927751277201,4.66972370297601
605.331349134341,199.09883660249,4.49578668986106
256.72613084647,209.505804749761,4.12083190319419
572.811133472871,426.388272232845,3.74670153243655
298.295228498451,137.971119844096,3.63616095583136
525.643554553743,455.160982184775,3.6821631792993
40.4864538128486,428.94156506021,4.18666475867865
198.878677233321,283.696322717116,4.01721875236317
550.146406318257,254.219896489989,3.73938852341003
171.488351507318,34.35408623006,4.23106138084407
503.276861905118,340.873536220959,4.58737513705018
35.9955161818459,54.5713871097021,4.03649695900662
529.623729696365,141.652363276673,4.64607400687905
NA,NA,NA
654.72721036209,331.48756193331,3.49169229491819
453.271910442019,300.576267103193,3.60433793364099
6.27223006034723,496.372455905988,3.49794950780525
559.14501397591,52.6894758368002,4.21751104852507
70.5914705568951,372.066785543017,4.00962257190312
227.835627617471,412.539108545354,3.87797322298906
429.011756533623,14.005330520367,3.26896375951754
360.954668476656,293.34873605203,2.91890134433388
604.660624560328,104.835687105609,4.27800899925192
389.392417818896,230.209032741185,4.24952598877901
564.18622540814,412.535337197525,4.77531038189434
138.617176442359,283.790060881437,4.57582609940376
201.513537208008,365.16243515539,3.90836580207962
126.992902356707,408.807435208852,3.43478977920361
630.685600878918,320.088570226219,4.50235626579008
-4.17370303841099,150.83549398647,4.25985215277737
541.125984128169,204.217663660375,4.15811956560554
34.2697677087314,491.971645212178,3.05860338616157
283.643161572281,20.7421216849971,3.77574124619411
532.099992437205,392.097088267673,3.38477303744347
78.2810963322034,80.3151187476707,5.15732862568678
5.47561121749411,75.1836980561364,3.4948943009236
587.822650078039,223.299910589401,3.97886367817464
443.724022963712,468.345578531412,4.81320280329578
660.770922523152,373.902394150363,3.06549170860282
101.737198900517,486.141992922493,4.45056459589164
627.406889521153,93.3647307791216,4.11683879037452
419.146368234788,259.994159334802,3.61924954251913
8.5983565509864,183.893779184158,3.32594364936828
64.6854275524656,121.927751277201,4.66972370297601
605.331349134341,199.09883660249,4.49578668986106
256.72613084647,209.505804749761,4.12083190319419
572.811133472871,426.388272232845,3.74670153243655
298.295228498451,137.971119844096,3.63616095583136
525.643554553743,455.160982184775,3.6821631792993
40.4864538128486,428.94156506021,4.18666475867865
198.878677233321,283.696322717116,4.01721875236317
550.146406318257,254.219896489989,3.73938852341003
171.488351507318,34.35408623006,4.23106138084407
503.276861905118,340.873536220959,4.58737513705018
35.9955161818459,54.5713871097021,4.03649695900662
529.623729696365,141.652363276673,4.64607400687905
NA,NA,NA
654.72721036209,331.48756193331,3.49169229491819
453.271910442019,300.576267103193,3.60433793364099
6.27223006034723,496.372455905988,3.49794950780525
559.14501397591,52.6894758368002,4.21751104852507
70.5914705568951,372.066785543017,4.00962257190312
227.835627617471,412.539108545354,3.87797322298906
429.011756533623,14.005330520367,3.26896375951754
360.954668476656,293.34873605203,2.91890134433388
604.660624560328,104.835687105609,4.27800899925192
389.392417818896,230.209032741185,4.24952598877901
564.18622540814,412.535337197525,4.77531038189434
138.617176442359,283.790060881437,4.57582609940376
201.513537208008,365.16243515539,3.90836580207962
126.992902356707,408.807435208852,3.43478977920361
630.685600878918,320.088570226219,4.50235626579008
-4.17370303841099,150.83549398647,4.25985215277737
541.125984128169,204.217663660375,4.15811956560554
34.2697677087314,491.971645212178,3.05860338616157
283.643161572281,20.7421216849971,3.77574124619411
532.099992437205,392.097088267673,3.38477303744347
78.2810963322034,80.3151187476707,5.15732862568678
5.47561121749411,75.1836980561364,3.4948943009236
587.822650078039,223.299910589401,3.97886367817464
443.724022963712,468.345578531412,4.81320280329578
660.770922523152,373.902394150363,3.06549170860282
101.737198900517,486.141992922493,4.45056459589164
627.406889521153,93.3647307791216,4.11683879037452
419.146368234788,259.994159334802,3.61924954251913
8.5983565509864,183.893779184158,3.32594364936828
64.6854275524656,121.927751277201,4.66972370297601
605.331349134341,199.09883660249,4.49578668986106
256.72613084647,209.505804749761,4.12083190319419
572.811133472871,426.388272232845,3.74670153243655
298.295228498451,137.971119844096,3.63616095583136
525.643554553743,455.160982184775,3.6821631792993
40.4864538128486,428.94156506021,4.18666475867865
198.878677233321,283.696322717116,4.01721875236317
550.146406318257,254.219896489989,3.73938852341003
171.488351507318,34.35408623006,4.23106138084407
503.276861905118,340.873536220959,4.58737513705018
35.9955161818459,54.5713871097021,4.03649695900662
529.623729696365,141.652363276673,4.64607400687905
NA,NA,NA
654.72721036209,331.48756193331,3.49169229491819
453.271910442019,300.576267103193,3.60433793364099
6.27223006034723,496.372455905988,3.49794950780525
559.14501397591,52.6894758368002,4.21751104852507
70.5914705568951,372.066785543017,4.00962257190312
227.835627617471,412.539108545354,3.87797322298906
429.011756533623,14.005330520367,3.26896375951754
360.954668476656,293.34873605203,2.91890134433388
604.660624560328,104.835687105609,4.27800899925192
389.392417818896,230.209032741185,4.24952598877901
564.18622540814,412.535337197525,4.77531038189434
138.617176442359,283.790060881437,4.57582609940376
201.513537208008,365.16243515539,3.90836580207962
126.992902356707,408.807435208852,3.43478977920361
630.685600878918,320.088570226219,4.50235626579008
-4.17370303841099,150.83549398647,4.25985215277737
541.125984128169,204.217663660375,4.15811956560554
34.2697677087314,491.971645212178,3.05860338616157
283.643161572281,20.7421216849971,3.77574124619411
532.099992437205,392.097088267673,3.38477303744347
78.2810963322034,80.3151187476707,5.15732862568678
5.47561121749411,75.1836980561364,3.4948943009236
587.822650078039,223.299910589401,3.97886367817464
443.724022963712,468.345578531412,4.81320280329578
660.770922523152,373.902394150363,3.06549170860282
101.737198900517,486.141992922493,4.45056459589164
627.406889521153,93.3647307791216,4.11683879037452
419.146368234788,259.994159334802,3.61924954251913
8.5983565509864,183.893779184158,3.32594364936828
64.6854275524656,121.927751277201,4.66972370297601
605.331349134341,199.09883660249,4.49578668986106
256.72613084647,209.505804749761,4.12083190319419
572.811133472871,426.388272232845,3.74670153243655
298.295228498451,137.971119844096,3.63616095583136
525.643554553743,455.160982184775,3.6821631792993
40.4864538128486,428.94156506021,4.18666475867865
198.878677233321,283.696322717116,4.01721875236317
550.146406318257,254.219896489989,3.73938852341003
171.488351507318,34.35408623006,4.23106138084407
503.276861905118,340.873536220959,4.58737513705018
35.9955161818459,54.5713871097021,4.03649695900662
529.623729696365,141.652363276673,4.64607400687905
NA,NA,NA
654.72721036209,331.48756193331,3.49169229491819
453.271910442019,300.576267103193,3.60433793364099
6.27223006034723,496.372455905988,3.49794950780525
559.14501397591,52.6894758368002,4.21751104852507
70.5914705568951,372.066785543017,4.00962257190312
227.835627617471,412.539108545354,3.87797322298906
429.011756533623,14.005330520367,3.26896375951754
360.954668476656,293.34873605203,2.91890134433388
604.660624560328,104.835687105609,4.27800899925192
389.392417818896,230.209032741185,4.24952598877901
564.18622540814,412.535337197525,4.77531038189434
138.617176442359,283.790060881437,4.57582609940376
201.513537208008,365.16243515539,3.90836580207962
126.992902356707,408.807435208852,3.43478977920361
630.685600878918,320.088570226219,4.50235626579008
-4.17370303841099,150.83549398647,4.25985215277737
541.125984128169,204.217663660375,4.15811956560554
34.2697677087314,491.971645212178,3.05860338616157
283.643161572281,20.7421216849971,3.77574124619411
532.099992437205,392.097088267673,3.38477303744347
78.2810963322034,80.3151187476707,5.15732862568678
5.47561121749411,75.1836980561364,3.4948943009236
587.822650078039,223.299910589401,3.97886367817464
443.724022963712,468.345578531412,4.81320280329578
660.770922523152,373.902394150363,3.06549170860282
101.737198900517,486.141992922493,4.45056459589164
627.406889521153,93.3647307791216,4.11683879037452
419.146368234788,259.994159334802,3.61924954251913
8.5983565509864,183.893779184158,3.32594364936828
64.6854275524656,121.927751277201,4.66972370297601
605.331349134341,199.09883660249,4.49578668986106
256.72613084647,209.505804749761,4.12083190319419
572.811133472871,426.388272232845,3.74670153243655
298.295228498451,137.971119844096,3.63616095583136
525.643554553743,455.160982184775,3.6821631792993
40.4864538128486,428.94156506021,4.18666475867865
198.878677233321,283.696322717116,4.01721875236317
550.146406318257,254.219896489989,3.73938852341003
171.488351507318,34.35408623006,4.23106138084407
503.276861905118,340.873536220959,4.58737513705018
35.9955161818459,54.5713871097021,4.03649695900662
529.623729696365,141.652363276673,4.64607400687905
NA,NA,NA
661.128793406265,332.79502875204,3.5820210898515
457.401002440927,298.777781882134,3.68951228788178
8.64861487063028,495.642511605742,3.60778832914289
562.366801636211,47.773990562768,4.25847734502488
74.8359272587158,375.378904352349,4.06206178772523
225.055123748767,412.83884062676,3.93505632279028
429.543567380947,16.7467130076281,3.3135961894427
361.911828025606,295.090699667108,3.1193263863317
602.704670972928,102.28573128622,4.0587342833499
387.624421720316,230.728628036599,4.36483228143774
558.871390071681,403.320092095982,4.66097112432777
145.649529104155,286.365478173722,4.44708430654715
201.944157166729,373.787777472842,4.10593065893838
122.656818119701,413.978918661007,3.32361728181943
628.548348932919,312.558552322664,4.53642295111622
6.59296762966473,143.145323951528,4.34297331227507
541.823020946936,203.801171224215,4.22244892028346
35.8181952224141,492.019277616179,3.01241370826815
282.11454541158,22.0408339021241,3.73933799433119
533.420069484479,392.889486501747,3.41732091980602
73.4041826121621,72.7951006294503,5.27150040376394
5.71787102828266,75.4849351988704,3.59370326024938
588.923785692674,224.375148568871,4.11519656887197
445.471335938372,462.006622375662,4.84199388331988
657.973613696744,374.335910425026,2.80254191137622
102.798988567433,489.200896531931,4.36757257341753
619.545875857324,90.1578434942601,4.12412784184342
422.804280290577,255.363042242868,3.55686902165529
12.3759829438296,181.261010939765,3.13603144580377
61.7879209169157,120.729194198103,4.54152517353812
617.398194684586,197.979391878708,4.44777929531949
250.849174765829,223.247773810146,3.6130453312231
574.622105476773,434.07755900211,3.8350558238098
294.64223716011,136.669503598081,3.90247280522539
520.103676224974,455.70366201322,3.48591980091244
57.7030422587403,414.522780989909,3.86419001639636
195.750442215808,288.640435596678,3.63197880646402
548.932037954056,264.742239942276,3.54824375760673
174.342101297256,25.3681161041574,4.2061964961883
505.712400805255,333.795023762734,4.05440692827077
34.9713170558019,58.4642112172878,3.70104657432054
521.696380865527,143.208049828541,5.0223474053458
NA,NA,NA
661.128793406265,332.79502875204,3.5820210898515
457.401002440927,298.777781882134,3.68951228788178
8.64861487063028,495.642511605742,3.60778832914289
562.366801636211,47.773990562768,4.25847734502488
74.8359272587158,375.378904352349,4.06206178772523
225.055123748767,412.83884062676,3.93505632279028
429.543567380947,16.7467130076281,3.3135961894427
361.911828025606,295.090699667108,3.1193263863317
602.704670972928,102.28573128622,4.0587342833499
387.624421720316,230.728628036599,4.36483228143774
558.871390071681,403.320092095982,4.66097112432777
145.649529104155,286.365478173722,4.44708430654715
201.944157166729,373.787777472842,4.10593065893838
122.656818119701,413.978918661007,3.32361728181943
628.548348932919,312.558552322664,4.53642295111622
6.59296762966473,143.145323951528,4.34297331227507
541.823020946936,203.801171224215,4.22244892028346
35.8181952224141,492.019277616179,3.01241370826815
282.11454541158,22.0408339021241,3.73933799433119
533.420069484479,392.889486501747,3.41732091980602
73.4041826121621,72.7951006294503,5.27150040376394
5.71787102828266,75.4849351988704,3.59370326024938
588.923785692674,224.375148568871,4.11519656887197
445.471335938372,462.006622375662,4.84199388331988
657.973613696744,374.335910425026,2.80254191137622
102.798988567433,489.200896531931,4.36757257341753
619.545875857324,90.1578434942601,4.12412784184342
422.804280290577,255.363042242868,3.55686902165529
12.3759829438296,181.261010939765,3.13603144580377
61.7879209169157,120.729194198103,4.54152517353812
617.398194684586,197.979391878708,4.44777929531949
250.849174765829,223.247773810146,3.6130453312231
574.622105476773,434.07755900211,3.8350558238098
294.64223716011,136.669503598081,3.90247280522539
520.103676224974,455.70366201322,3.48591980091244
57.7030422587403,414.522780989909,3.86419001639636
195.750442215808,288.640435596678,3.63197880646402
548.932037954056,264.742239942276,3.54824375760673
174.342101297256,25.3681161041574,4.2061964961883
505.712400805255,333.795023762734,4.05440692827077
34.9713170558019,58.4642112172878,3.70104657432054
521.696380865527,143.208049828541,5.0223474053458
NA,NA,NA
661.128793406265,332.79502875204,3.5820210898515
457.401002440927,298.777781882134,3.68951228788178
8.64861487063028,495.642511605742,3.60778832914289
562.366801636211,47.773990562768,4.25847734502488
74.8359272587158,375.378904352349,4.06206178772523
225.055123748767,412.83884062676,3.93505632279028
429.543567380947,16.7467130076281,3.3135961894427
361.911828025606,295.090699667108,3.1193263863317
602.704670972928,102.28573128622,4.0587342833499
387.624421720316,230.728628036599,4.36483228143774
558.871390071681,403.320092095982,4.66097112432777
145.649529104155,286.365478173722,4.44708430654715
201.944157166729,373.787777472842,4.10593065893838
122.656818119701,413.978918661007,3.32361728181943
628.548348932919,312.558552322664,4.53642295111622
6.59296762966473,143.145323951528,4.34297331227507
541.823020946936,203.801171224215,4.22244892028346
35.8181952224141,492.019277616179,3.01241370826815
282.11454541158,22.0408339021241,3.73933799433119
533.420069484479,392.889486501747,3.41732091980602
73.4041826121621,72.7951006294503,5.27150040376394
5.71787102828266,75.4849351988704,3.59370326024938
588.923785692674,224.375148568871,4.11519656887197
445.471335938372,462.006622375662,4.84199388331988
657.973613696744,374.335910425026,2.80254191137622
102.798988567433,489.200896531931,4.36757257341753
619.545875857324,90.1578434942601,4.12412784184342
422.804280290577,255.363042242868,3.55686902165529
12.3759829438296,181.261010939765,3.13603144580377
61.7879209169157,120.729194198103,4.54152517353812
617.398194684586,197.979391878708,4.44777929531949
250.849174765829,223.247773810146,3.6130453312231
574.622105476773,434.07755900211,3.8350558238098
294.64223716011,136.669503598081,3.90247280522539
520.103676224974,455.70366201322,3.48591980091244
57.7030422587403,414.522780989909,3.86419001639636
195.750442215808,288.640435596678,3.63197880646402
548.932037954056,264.742239942276,3.54824375760673
174.342101297256,25.3681161041574,4.2061964961883
505.712400805255,333.795023762734,4.05440692827077
34.9713170558019,58.4642112172878,3.70104657432054
521.696380865527,143.208049828541,5.0223474053458
NA,NA,NA
661.128793406265,332.79502875204,3.5820210898515
457.401002440927,298.777781882134,3.68951228788178
8.64861487063028,495.642511605742,3.60778832914289
562.366801636211,47.773990562768,4.25847734502488
74.8359272587158,375.378904352349,4.06206178772523
225.055123748767,412.83884062676,3.93505632279028
429.543567380947,16.7467130076281,3.3135961894427
361.911828025606,295.090699667108,3.1193263863317
602.704670972928,102.28573128622,4.0587342833499
387.624421720316,230.728628036599,4.36483228143774
558.871390071681,403.320092095982,4.66097112432777
145.649529104155,286.365478173722,4.44708430654715
201.944157166729,373.787777472842,4.10593065893838
122.656818119701,413.978918661007,3.32361728181943
628.548348932919,312.558552322664,4.53642295111622
6.59296762966473,143.145323951528,4.34297331227507
541.823020946936,203.801171224215,4.22244892028346
35.8181952224141,492.019277616179,3.01241370826815
282.11454541158,22.0408339021241,3.73933799433119
533.420069484479,392.889486501747,3.41732091980602
73.4041826121621,72.7951006294503,5.27150040376394
5.71787102828266,75.4849351988704,3.59370326024938
588.923785692674,224.375148568871,4.11519656887197
445.471335938372,462.006622375662,4.84199388331988
657.973613696744,374.335910425026,2.80254191137622
102.798988567433,489.200896531931,4.36757257341753
619.545875857324,90.1578434942601,4.12412784184342
422.804280290577,255.363042242868,3.55686902165529
12.3759829438296,181.261010939765,3.13603144580377
61.7879209169157,120.729194198103,4.54152517353812
617.398194684586,197.979391878708,4.44777929531949
250.849174765829,223.247773810146,3.6130453312231
574.622105476773,434.07755900211,3.8350558238098
294.64223716011,136.669503598081,3.90247280522539
520.103676224974,455.70366201322,3.48591980091244
57.7030422587403,414.522780989909,3.86419001639636
195.750442215808,288.640435596678,3.63197880646402
548.932037954056,264.742239942276,3.54824375760673
174.342101297256,25.3681161041574,4.2061964961883
505.712400805255,333.795023762734,4.05440692827077
34.9713170558019,58.4642112172878,3.70104657432054
521.696380865527,143.208049828541,5.0223474053458
NA,NA,NA
661.128793406265,332.79502875204,3.5820210898515
457.401002440927,298.777781882134,3.68951228788178
8.64861487063028,495.642511605742,3.60778832914289
562.366801636211,47.773990562768,4.25847734502488
74.8359272587158,375.378904352349,4.06206178772523
225.055123748767,412.83884062676,3.93505632279028
429.543567380947,16.7467130076281,3.3135961894427
361.911828025606,295.090699667108,3.1193263863317
602.704670972928,102.28573128622,4.0587342833499
387.624421720316,230.728628036599,4.36483228143774
558.871390071681,403.320092095982,4.66097112432777
145.649529104155,286.365478173722,4.44708430654715
201.944157166729,373.787777472842,4.10593065893838
122.656818119701,413.978918661007,3.32361728181943
628.548348932919,312.558552322664,4.53642295111622
6.59296762966473,143.145323951528,4.34297331227507
541.823020946936,203.801171224215,4.22244892028346
35.8181952224141,492.019277616179,3.01241370826815
282.11454541158,22.0408339021241,3.73933799433119
533.420069484479,392.889486501747,3.41732091980602
73.4041826121621,72.7951006294503,5.27150040376394
5.71787102828266,75.4849351988704,3.59370326024938
588.923785692674,224.375148568871,4.11519656887197
445.471335938372,462.006622375662,4.84199388331988
657.973613696744,374.335910425026,2.80254191137622
102.798988567433,489.200896531931,4.36757257341753
619.545875857324,90.1578434942601,4.12412784184342
422.804280290577,255.363042242868,3.55686902165529
12.3759829438296,181.261010939765,3.13603144580377
61.7879209169157,120.729194198103,4.54152517353812
617.398194684586,197.979391878708,4.44777929531949
250.849174765829,223.247773810146,3.6130453312231
574.622105476773,434.07755900211,3.8350558238098
294.64223716011,136.669503598081,3.90247280522539
520.103676224974,455.70366201322,3.48591980091244
57.7030422587403,414.522780989909,3.86419001639636
195.750442215808,288.640435596678,3.63197880646402
548.932037954056,264.742239942276,3.54824375760673
174.342101297256,25.3681161041574,4.2061964961883
505.712400805255,333.795023762734,4.05440692827077
34.9713170558019,58.4642112172878,3.70104657432054
521.696380865527,143.208049828541,5.0223474053458
NA,NA,NA
661.128793406265,332.79502875204,3.5820210898515
457.401002440927,298.777781882134,3.68951228788178
8.64861487063028,495.642511605742,3.60778832914289
562.366801636211,47.773990562768,4.25847734502488
74.8359272587158,375.378904352349,4.06206178772523
225.055123748767,412.83884062676,3.93505632279028
429.543567380947,16.7467130076281,3.3135961894427
361.911828025606,295.090699667108,3.1193263863317
602.704670972928,102.28573128622,4.0587342833499
387.624421720316,230.728628036599,4.36483228143774
558.871390071681,403.320092095982,4.66097112432777
145.649529104155,286.365478173722,4.44708430654715
201.944157166729,373.787777472842,4.10593065893838
122.656818119701,413.978918661007,3.32361728181943
628.548348932919,312.558552322664,4.53642295111622
6.59296762966473,143.145323951528,4.34297331227507
541.823020946936,203.801171224215,4.22244892028346
35.8181952224141,492.019277616179,3.01241370826815
282.11454541158,22.0408339021241,3.73933799433119
533.420069484479,392.889486501747,3.41732091980602
73.4041826121621,72.7951006294503,5.27150040376394
5.71787102828266,75.4849351988704,3.59370326024938
588.923785692674,224.375148568871,4.11519656887197
445.471335938372,462.006622375662,4.84199388331988
657.973613696744,374.335910425026,2.80254191137622
102.798988567433,489.200896531931,4.36757257341753
619.545875857324,90.1578434942601,4.12412784184342
422.804280290577,255.363042242868,3.55686902165529
12.3759829438296,181.261010939765,3.13603144580377
61.7879209169157,120.729194198103,4.54152517353812
617.398194684586,197.979391878708,4.44777929531949
250.849174765829,223.247773810146,3.6130453312231
574.622105476773,434.07755900211,3.8350558238098
294.64223716011,136.669503598081,3.90247280522539
520.103676224974,455.70366201322,3.48591980091244
57.7030422587403,414.522780989909,3.86419001639636
195.750442215808,288.640435596678,3.63197880646402
548.932037954056,264.742239942276,3.54824375760673
174.342101297256,25.3681161041574,4.2061964961883
505.712400805255,333.795023762734,4.05440692827077
34.9713170558019,58.4642112172878,3.70104657432054
521.696380865527,143.208049828541,5.0223474053458
NA,NA,NA
664.429463756423,336.419912302315,3.52691230352971
455.081997316308,297.404453514171,3.61604167174541
10.3202597539315,493.543034576966,3.49880261700218
557.04380543563,49.6936503853204,4.35773274011425
70.8053673778506,375.029725557721,3.96486136711891
231.808295725143,415.728248357356,3.76716903556668
428.674373720385,13.1030686288702,3.32875476277213
362.274536153592,291.832190124133,3.18322247873462
604.419338057503,101.877276018454,4.0884061722
390.489274925908,230.157002427215,4.12491694756111
579.905469520519,415.270682126628,4.76126294470613
134.415639953258,293.319234353355,4.49720661669223
195.664595931068,368.060154641298,4.08488284299088
124.983284569186,413.128492041476,3.40366745002097
624.376022631745,312.14494878755,4.50809296073536
0.304227664901806,151.808450485876,4.35516570124224
542.409280720669,209.051651376658,4.18426748259623
34.6958512363359,490.668431494493,2.9384198421725
277.202321407654,23.064960330758,3.76688789856479
531.620758383418,393.438467793882,3.36235074940034
82.1575105200776,67.0976000582504,5.17660925101458
3.73473160348083,77.3160239006658,3.25808012101296
594.028516729035,224.026168632293,3.99366857872968
440.960487407871,456.005780134322,4.82663741435284
658.034587657462,371.700675571857,2.96231146589237
104.264771772355,482.132142889125,4.43411307161601
623.916595468366,90.0917952486969,4.14289134577687
420.097638738056,260.658354627395,3.58546553798433
12.839103189633,181.084278940289,3.21921528741885
74.4376171206869,116.793992195084,4.56724944889471
621.974129408355,212.710060347379,4.48906174837859
248.547862459748,222.930820832954,4.03259329266097
565.275681022614,435.060566135844,3.86327386707014
301.068754437347,137.073390748223,3.96309778609525
524.395135280645,453.446286604442,3.53525926110896
52.4822321414869,426.264541140364,3.91328378620635
195.556928210141,290.724941870707,3.69974041535239
559.181689571093,266.525553336229,3.86596205623015
150.5660198069,28.0651475197411,4.45615061511771
506.983518915275,346.588079593293,4.45803460254078
40.3508718571689,57.8239493572031,3.34736082328528
552.460461938641,146.97411011575,4.43968319310151
NA,NA,NA
664.429463756423,336.419912302315,3.52691230352971
455.081997316308,297.404453514171,3.61604167174541
10.3202597539315,493.543034576966,3.49880261700218
557.04380543563,49.6936503853204,4.35773274011425
70.8053673778506,375.029725557721,3.96486136711891
231.808295725143,415.728248357356,3.76716903556668
428.674373720385,13.1030686288702,3.32875476277213
362.274536153592,291.832190124133,3.18322247873462
604.419338057503,101.877276018454,4.0884061722
390.489274925908,230.157002427215,4.12491694756111
579.905469520519,415.270682126628,4.76126294470613
134.415639953258,293.319234353355,4.49720661669223
195.664595931068,368.060154641298,4.08488284299088
124.983284569186,413.128492041476,3.40366745002097
624.376022631745,312.14494878755,4.50809296073536
0.304227664901806,151.808450485876,4.35516570124224
542.409280720669,209.051651376658,4.18426748259623
34.6958512363359,490.668431494493,2.9384198421725
277.202321407654,23.064960330758,3.76688789856479
531.620758383418,393.438467793882,3.36235074940034
82.1575105200776,67.0976000582504,5.17660925101458
3.73473160348083,77.3160239006658,3.25808012101296
594.028516729035,224.026168632293,3.99366857872968
440.960487407871,456.005780134322,4.82663741435284
658.034587657462,371.700675571857,2.96231146589237
104.264771772355,482.132142889125,4.43411307161601
623.916595468366,90.0917952486969,4.14289134577687
420.097638738056,260.658354627395,3.58546553798433
12.839103189633,181.084278940289,3.21921528741885
74.4376171206869,116.793992195084,4.56724944889471
621.974129408355,212.710060347379,4.48906174837859
248.547862459748,222.930820832954,4.03259329266097
565.275681022614,435.060566135844,3.86327386707014
301.068754437347,137.073390748223,3.96309778609525
524.395135280645,453.446286604442,3.53525926110896
52.4822321414869,426.264541140364,3.91328378620635
195.556928210141,290.724941870707,3.69974041535239
559.181689571093,266.525553336229,3.86596205623015
150.5660198069,28.0651475197411,4.45615061511771
506.983518915275,346.588079593293,4.45803460254078
40.3508718571689,57.8239493572031,3.34736082328528
552.460461938641,146.97411011575,4.43968319310151
NA,NA,NA
664.429463756423,336.419912302315,3.52691230352971
455.081997316308,297.404453514171,3.61604167174541
10.3202597539315,493.543034576966,3.49880261700218
557.04380543563,49.6936503853204,4.35773274011425
70.8053673778506,375.029725557721,3.96486136711891
231.808295725143,415.728248357356,3.76716903556668
428.674373720385,13.1030686288702,3.32875476277213
362.274536153592,291.832190124133,3.18322247873462
604.419338057503,101.877276018454,4.0884061722
390.489274925908,230.157002427215,4.12491694756111
579.905469520519,415.270682126628,4.76126294470613
134.415639953258,293.319234353355,4.49720661669223
195.664595931068,368.060154641298,4.08488284299088
124.983284569186,413.128492041476,3.40366745002097
624.376022631745,312.14494878755,4.50809296073536
0.304227664901806,151.808450485876,4.35516570124224
542.409280720669,209.051651376658,4.18426748259623
34.6958512363359,490.668431494493,2.9384198421725
277.202321407654,23.064960330758,3.76688789856479
531.620758383418,393.438467793882,3.36235074940034
82.1575105200776,67.0976000582504,5.17660925101458
3.73473160348083,77.3160239006658,3.25808012101296
594.028516729035,224.026168632293,3.99366857872968
440.960487407871,456.005780134322,4.82663741435284
658.034587657462,371.700675571857,2.96231146589237
104.264771772355,482.132142889125,4.43411307161601
623.916595468366,90.0917952486969,4.14289134577687
420.097638738056,260.658354627395,3.58546553798433
12.839103189633,181.084278940289,3.21921528741885
74.4376171206869,116.793992195084,4.56724944889471
621.974129408355,212.710060347379,4.48906174837859
248.547862459748,222.930820832954,4.03259329266097
565.275681022614,435.060566135844,3.86327386707014
301.068754437347,137.073390748223,3.96309778609525
524.395135280645,453.446286604442,3.53525926110896
52.4822321414869,426.264541140364,3.91328378620635
195.556928210141,290.724941870707,3.69974041535239
559.181689571093,266.525553336229,3.86596205623015
150.5660198069,28.0651475197411,4.45615061511771
506.983518915275,346.588079593293,4.45803460254078
40.3508718571689,57.8239493572031,3.34736082328528
552.460461938641,146.97411011575,4.43968319310151
NA,NA,NA
664.429463756423,336.419912302315,3.52691230352971
455.081997316308,297.404453514171,3.61604167174541
10.3202597539315,493.543034576966,3.49880261700218
557.04380543563,49.6936503853204,4.35773274011425
70.8053673778506,375.029725557721,3.96486136711891
231.808295725143,415.728248357356,3.76716903556668
428.674373720385,13.1030686288702,3.32875476277213
362.274536153592,291.832190124133,3.18322247873462
604.419338057503,101.877276018454,4.0884061722
390.489274925908,230.157002427215,4.12491694756111
579.905469520519,415.270682126628,4.76126294470613
134.415639953258,293.319234353355,4.49720661669223
195.664595931068,368.060154641298,4.08488284299088
124.983284569186,413.128492041476,3.40366745002097
624.376022631745,312.14494878755,4.50809296073536
0.304227664901806,151.808450485876,4.35516570124224
542.409280720669,209.051651376658,4.18426748259623
34.6958512363359,490.668431494493,2.9384198421725
277.202321407654,23.064960330758,3.76688789856479
531.620758383418,393.438467793882,3.36235074940034
82.1575105200776,67.0976000582504,5.17660925101458
3.73473160348083,77.3160239006658,3.25808012101296
594.028516729035,224.026168632293,3.99366857872968
440.960487407871,456.005780134322,4.82663741435284
658.034587657462,371.700675571857,2.96231146589237
104.264771772355,482.132142889125,4.43411307161601
623.916595468366,90.0917952486969,4.14289134577687
420.097638738056,260.658354627395,3.58546553798433
12.839103189633,181.084278940289,3.21921528741885
74.4376171206869,116.793992195084,4.56724944889471
621.974129408355,212.710060347379,4.48906174837859
248.547862459748,222.930820832954,4.03259329266097
565.275681022614,435.060566135844,3.86327386707014
301.068754437347,137.073390748223,3.96309778609525
524.395135280645,453.446286604442,3.53525926110896
52.4822321414869,426.264541140364,3.91328378620635
195.556928210141,290.724941870707,3.69974041535239
559.181689571093,266.525553336229,3.86596205623015
150.5660198069,28.0651475197411,4.45615061511771
506.983518915275,346.588079593293,4.45803460254078
40.3508718571689,57.8239493572031,3.34736082328528
552.460461938641,146.97411011575,4.43968319310151
NA,NA,NA
664.429463756423,336.419912302315,3.52691230352971
455.081997316308,297.404453514171,3.61604167174541
10.3202597539315,493.543034576966,3.49880261700218
557.04380543563,49.6936503853204,4.35773274011425
70.8053673778506,375.029725557721,3.96486136711891
231.808295725143,415.728248357356,3.76716903556668
428.674373720385,13.1030686288702,3.32875476277213
362.274536153592,291.832190124133,3.18322247873462
604.419338057503,101.877276018454,4.0884061722
390.489274925908,230.157002427215,4.12491694756111
579.905469520519,415.270682126628,4.76126294470613
134.415639953258,293.319234353355,4.49720661669223
195.664595931068,368.060154641298,4.08488284299088
124.983284569186,413.128492041476,3.40366745002097
624.376022631745,312.14494878755,4.50809296073536
0.304227664901806,151.808450485876,4.35516570124224
542.409280720669,209.051651376658,4.18426748259623
34.6958512363359,490.668431494493,2.9384198421725
277.202321407654,23.064960330758,3.76688789856479
531.620758383418,393.438467793882,3.36235074940034
82.1575105200776,67.0976000582504,5.17660925101458
3.73473160348083,77.3160239006658,3.25808012101296
594.028516729035,224.026168632293,3.99366857872968
440.960487407871,456.005780134322,4.82663741435284
658.034587657462,371.700675571857,2.96231146589237
104.264771772355,482.132142889125,4.43411307161601
623.916595468366,90.0917952486969,4.14289134577687
420.097638738056,260.658354627395,3.58546553798433
12.839103189633,181.084278940289,3.21921528741885
74.4376171206869,116.793992195084,4.56724944889471
621.974129408355,212.710060347379,4.48906174837859
248.547862459748,222.930820832954,4.03259329266097
565.275681022614,435.060566135844,3.86327386707014
301.068754437347,137.073390748223,3.96309778609525
524.395135280645,453.446286604442,3.53525926110896
52.4822321414869,426.264541140364,3.91328378620635
195.556928210141,290.724941870707,3.69974041535239
559.181689571093,266.525553336229,3.86596205623015
150.5660198069,28.0651475197411,4.45615061511771
506.983518915275,346.588079593293,4.45803460254078
40.3508718571689,57.8239493572031,3.34736082328528
552.460461938641,146.97411011575,4.43968319310151
NA,NA,NA
664.429463756423,336.419912302315,3.52691230352971
455.081997316308,297.404453514171,3.61604167174541
10.3202597539315,493.543034576966,3.49880261700218
557.04380543563,49.6936503853204,4.35773274011425
70.8053673778506,375.029725557721,3.96486136711891
231.808295725143,415.728248357356,3.76716903556668
428.674373720385,13.1030686288702,3.32875476277213
362.274536153592,291.832190124133,3.18322247873462
604.419338057503,101.877276018454,4.0884061722
390.489274925908,230.157002427215,4.12491694756111
579.905469520519,415.270682126628,4.76126294470613
134.415639953258,293.319234353355,4.49720661669223
195.664595931068,368.060154641298,4.08488284299088
124.983284569186,413.128492041476,3.40366745002097
624.376022631745,312.14494878755,4.50809296073536
0.304227664901806,151.808450485876,4.35516570124224
542.409280720669,209.051651376658,4.18426748259623
34.6958512363359,490.668431494493,2.9384198421725
277.202321407654,23.064960330758,3.76688789856479
531.620758383418,393.438467793882,3.36235074940034
82.1575105200776,67.0976000582504,5.17660925101458
3.73473160348083,77.3160239006658,3.25808012101296
594.028516729035,224.026168632293,3.99366857872968
440.960487407871,456.005780134322,4.82663741435284
658.034587657462,371.700675571857,2.96231146589237
104.264771772355,482.132142889125,4.43411307161601
623.916595468366,90.0917952486969,4.14289134577687
420.097638738056,260.658354627395,3.58546553798433
12.839103189633,181.084278940289,3.21921528741885
74.4376171206869,116.793992195084,4.56724944889471
621.974129408355,212.710060347379,4.48906174837859
248.547862459748,222.930820832954,4.03259329266097
565.275681022614,435.060566135844,3.86327386707014
301.068754437347,137.073390748223,3.96309778609525
524.395135280645,453.446286604442,3.53525926110896
52.4822321414869,426.264541140364,3.91328378620635
195.556928210141,290.724941870707,3.69974041535239
559.181689571093,266.525553336229,3.86596205623015
150.5660198069,28.0651475197411,4.45615061511771
506.983518915275,346.588079593293,4.45803460254078
40.3508718571689,57.8239493572031,3.34736082328528
552.460461938641,146.97411011575,4.43968319310151
NA,NA,NA
662.181271504662,329.686345959521,3.46866067601754
456.249066145495,295.850935002321,3.4606406481254
9.4728043250372,494.64099967428,3.65443235991338
559.165151390283,48.4025936845927,4.04797904950743
77.7048642834059,376.441153348766,4.11524080302582
226.212925654298,410.50798381864,3.85591676739112
429.253077683613,13.2986322112629,3.35750455504086
365.700982878397,295.26754539935,3.09563416791437
606.758750079112,108.883141230896,4.20484250074767
389.243806130022,233.375928913926,4.23957139490762
579.701128820981,400.304703991162,4.70172823634267
137.581441825157,289.199354835881,4.47321817340215
199.882677174279,374.893690851723,3.97503579073496
125.744149622227,410.732509552967,3.33116607259708
622.773815785826,309.750072477875,4.57421634704066
2.2839265166168,149.970634470249,4.28740057303782
537.339188334685,205.379097276769,4.12951459611986
35.6402692053539,492.304853606341,3.02358732027628
276.455756634891,21.6283255477938,3.88970686038251
534.644901798312,392.690984738949,3.52579788427748
78.6951734166786,71.5098825975437,5.26418830361978
2.80435695627445,80.7117287325556,3.38665234204403
589.612549239739,224.94107837352,3.98387356029026
437.158301489724,460.826504615738,4.70893227370609
656.994052950833,373.753313133197,2.87199959281959
110.346383881945,485.635463050321,4.31259234122482
625.429082568613,88.5714364837328,4.107814627748
419.246339358332,260.042332686692,3.65332105857665
10.9664740967988,180.844492837752,3.24327391744915
69.6908273249436,110.546922577864,4.45633311822079
607.696310682337,195.173378583486,4.20753792947197
250.795993889509,220.052602183653,3.87932391847884
573.929872294831,441.921707510694,3.85885327978347
299.100508563635,140.114572246352,3.71831679574431
528.755263085351,463.271682081386,3.44552736083331
42.1827455399028,414.268726829047,3.70481195889664
197.032150997542,283.602065049428,3.99340560665904
549.431947080289,264.43893788487,3.8132481148366
181.217835862502,21.5349334169107,4.36535861710123
503.836120175887,359.089508466558,4.54742446230434
36.2578346457403,48.0743230534865,3.91187504278407
529.424953625672,155.618826306626,4.40996965257396
NA,NA,NA
662.181271504662,329.686345959521,3.46866067601754
456.249066145495,295.850935002321,3.4606406481254
9.4728043250372,494.64099967428,3.65443235991338
559.165151390283,48.4025936845927,4.04797904950743
77.7048642834059,376.441153348766,4.11524080302582
226.212925654298,410.50798381864,3.85591676739112
429.253077683613,13.2986322112629,3.35750455504086
365.700982878397,295.26754539935,3.09563416791437
606.758750079112,108.883141230896,4.20484250074767
389.243806130022,233.375928913926,4.23957139490762
579.701128820981,400.304703991162,4.70172823634267
137.581441825157,289.199354835881,4.47321817340215
199.882677174279,374.893690851723,3.97503579073496
125.744149622227,410.732509552967,3.33116607259708
622.773815785826,309.750072477875,4.57421634704066
2.2839265166168,149.970634470249,4.28740057303782
537.339188334685,205.379097276769,4.12951459611986
35.6402692053539,492.304853606341,3.02358732027628
276.455756634891,21.6283255477938,3.88970686038251
534.644901798312,392.690984738949,3.52579788427748
78.6951734166786,71.5098825975437,5.26418830361978
2.80435695627445,80.7117287325556,3.38665234204403
589.612549239739,224.94107837352,3.98387356029026
437.158301489724,460.826504615738,4.70893227370609
656.994052950833,373.753313133197,2.87199959281959
110.346383881945,485.635463050321,4.31259234122482
625.429082568613,88.5714364837328,4.107814627748
419.246339358332,260.042332686692,3.65332105857665
10.9664740967988,180.844492837752,3.24327391744915
69.6908273249436,110.546922577864,4.45633311822079
607.696310682337,195.173378583486,4.20753792947197
250.795993889509,220.052602183653,3.87932391847884
573.929872294831,441.921707510694,3.85885327978347
299.100508563635,140.114572246352,3.71831679574431
528.755263085351,463.271682081386,3.44552736083331
42.1827455399028,414.268726829047,3.70481195889664
197.032150997542,283.602065049428,3.99340560665904
549.431947080289,264.43893788487,3.8132481148366
181.217835862502,21.5349334169107,4.36535861710123
503.836120175887,359.089508466558,4.54742446230434
36.2578346457403,48.0743230534865,3.91187504278407
529.424953625672,155.618826306626,4.40996965257396
NA,NA,NA
662.181271504662,329.686345959521,3.46866067601754
456.249066145495,295.850935002321,3.4606406481254
9.4728043250372,494.64099967428,3.65443235991338
559.165151390283,48.4025936845927,4.04797904950743
77.7048642834059,376.441153348766,4.11524080302582
226.212925654298,410.50798381864,3.85591676739112
429.253077683613,13.2986322112629,3.35750455504086
365.700982878397,295.26754539935,3.09563416791437
606.758750079112,108.883141230896,4.20484250074767
389.243806130022,233.375928913926,4.23957139490762
579.701128820981,400.304703991162,4.70172823634267
137.581441825157,289.199354835881,4.47321817340215
199.882677174279,374.893690851723,3.97503579073496
125.744149622227,410.732509552967,3.33116607259708
622.773815785826,309.750072477875,4.57421634704066
2.2839265166168,149.970634470249,4.28740057303782
537.339188334685,205.379097276769,4.12951459611986
35.6402692053539,492.304853606341,3.02358732027628
276.455756634891,21.6283255477938,3.88970686038251
534.644901798312,392.690984738949,3.52579788427748
78.6951734166786,71.5098825975437,5.26418830361978
2.80435695627445,80.7117287325556,3.38665234204403
589.612549239739,224.94107837352,3.98387356029026
437.158301489724,460.826504615738,4.70893227370609
656.994052950833,373.753313133197,2.87199959281959
110.346383881945,485.635463050321,4.31259234122482
625.429082568613,88.5714364837328,4.107814627748
419.246339358332,260.042332686692,3.65332105857665
10.9664740967988,180.844492837752,3.24327391744915
69.6908273249436,110.546922577864,4.45633311822079
607.696310682337,195.173378583486,4.20753792947197
250.795993889509,220.052602183653,3.87932391847884
573.929872294831,441.921707510694,3.85885327978347
299.100508563635,140.114572246352,3.71831679574431
528.755263085351,463.271682081386,3.44552736083331
42.1827455399028,414.268726829047,3.70481195889664
197.032150997542,283.602065049428,3.99340560665904
549.431947080289,264.43893788487,3.8132481148366
181.217835862502,21.5349334169107,4.36535861710123
503.836120175887,359.089508466558,4.54742446230434
36.2578346457403,48.0743230534865,3.91187504278407
529.424953625672,155.618826306626,4.40996965257396
NA,NA,NA
662.181271504662,329.686345959521,3.46866067601754
456.249066145495,295.850935002321,3.4606406481254
9.4728043250372,494.64099967428,3.65443235991338
559.165151390283,48.4025936845927,4.04797904950743
77.7048642834059,376.441153348766,4.11524080302582
226.212925654298,410.50798381864,3.85591676739112
429.253077683613,13.2986322112629,3.35750455504086
365.700982878397,295.26754539935,3.09563416791437
606.758750079112,108.883141230896,4.20484250074767
389.243806130022,233.375928913926,4.23957139490762
579.701128820981,400.304703991162,4.70172823634267
137.581441825157,289.199354835881,4.47321817340215
199.882677174279,374.893690851723,3.97503579073496
125.744149622227,410.732509552967,3.33116607259708
622.773815785826,309.750072477875,4.57421634704066
2.2839265166168,149.970634470249,4.28740057303782
537.339188334685,205.379097276769,4.12951459611986
35.6402692053539,492.304853606341,3.02358732027628
276.455756634891,21.6283255477938,3.88970686038251
534.644901798312,392.690984738949,3.52579788427748
78.6951734166786,71.5098825975437,5.26418830361978
2.80435695627445,80.7117287325556,3.38665234204403
589.612549239739,224.94107837352,3.98387356029026
437.158301489724,460.826504615738,4.70893227370609
656.994052950833,373.753313133197,2.87199959281959
110.346383881945,485.635463050321,4.31259234122482
625.429082568613,88.5714364837328,4.107814627748
419.246339358332,260.042332686692,3.65332105857665
10.9664740967988,180.844492837752,3.24327391744915
69.6908273249436,110.546922577864,4.45633311822079
607.696310682337,195.173378583486,4.20753792947197
250.795993889509,220.052602183653,3.87932391847884
573.929872294831,441.921707510694,3.85885327978347
299.100508563635,140.114572246352,3.71831679574431
528.755263085351,463.271682081386,3.44552736083331
42.1827455399028,414.268726829047,3.70481195889664
197.032150997542,283.602065049428,3.99340560665904
549.431947080289,264.43893788487,3.8132481148366
181.217835862502,21.5349334169107,4.36535861710123
503.836120175887,359.089508466558,4.54742446230434
36.2578346457403,48.0743230534865,3.91187504278407
529.424953625672,155.618826306626,4.40996965257396
NA,NA,NA
662.181271504662,329.686345959521,3.46866067601754
456.249066145495,295.850935002321,3.4606406481254
9.4728043250372,494.64099967428,3.65443235991338
559.165151390283,48.4025936845927,4.04797904950743
77.7048642834059,376.441153348766,4.11524080302582
226.212925654298,410.50798381864,3.85591676739112
429.253077683613,13.2986322112629,3.35750455504086
365.700982878397,295.26754539935,3.09563416791437
606.758750079112,108.883141230896,4.20484250074767
389.243806130022,233.375928913926,4.23957139490762
579.701128820981,400.304703991162,4.70172823634267
137.581441825157,289.199354835881,4.47321817340215
199.882677174279,374.893690851723,3.97503579073496
125.744149622227,410.732509552967,3.33116607259708
622.773815785826,309.750072477875,4.57421634704066
2.2839265166168,149.970634470249,4.28740057303782
537.339188334685,205.379097276769,4.12951459611986
35.6402692053539,492.304853606341,3.02358732027628
276.455756634891,21.6283255477938,3.88970686038251
534.644901798312,392.690984738949,3.52579788427748
78.6951734166786,71.5098825975437,5.26418830361978
2.80435695627445,80.7117287325556,3.38665234204403
589.612549239739,224.94107837352,3.98387356029026
437.158301489724,460.826504615738,4.70893227370609
656.994052950833,373.753313133197,2.87199959281959
110.346383881945,485.635463050321,4.31259234122482
625.429082568613,88.5714364837328,4.107814627748
419.246339358332,260.042332686692,3.65332105857665
10.9664740967988,180.844492837752,3.24327391744915
69.6908273249436,110.546922577864,4.45633311822079
607.696310682337,195.173378583486,4.20753792947197
250.795993889509,220.052602183653,3.87932391847884
573.929872294831,441.921707510694,3.85885327978347
299.100508563635,140.114572246352,3.71831679574431
528.755263085351,463.271682081386,3.44552736083331
42.1827455399028,414.268726829047,3.70481195889664
197.032150997542,283.602065049428,3.99340560665904
549.431947080289,264.43893788487,3.8132481148366
181.217835862502,21.5349334169107,4.36535861710123
503.836120175887,359.089508466558,4.54742446230434
36.2578346457403,48.0743230534865,3.91187504278407
529.424953625672,155.618826306626,4.40996965257396
NA,NA,NA
662.181271504662,329.686345959521,3.46866067601754
456.249066145495,295.850935002321,3.4606406481254
9.4728043250372,494.64099967428,3.65443235991338
559.165151390283,48.4025936845927,4.04797904950743
77.7048642834059,376.441153348766,4.11524080302582
226.212925654298,410.50798381864,3.85591676739112
429.253077683613,13.2986322112629,3.35750455504086
365.700982878397,295.26754539935,3.09563416791437
606.758750079112,108.883141230896,4.20484250074767
389.243806130022,233.375928913926,4.23957139490762
579.701128820981,400.304703991162,4.70172823634267
137.581441825157,289.199354835881,4.47321817340215
199.882677174279,374.893690851723,3.97503579073496
125.744149622227,410.732509552967,3.33116607259708
622.773815785826,309.750072477875,4.57421634704066
2.2839265166168,149.970634470249,4.28740057303782
537.339188334685,205.379097276769,4.12951459611986
35.6402692053539,492.304853606341,3.02358732027628
276.455756634891,21.6283255477938,3.88970686038251
534.644901798312,392.690984738949,3.52579788427748
78.6951734166786,71.5098825975437,5.26418830361978
2.80435695627445,80.7117287325556,3.38665234204403
589.612549239739,224.94107837352,3.98387356029026
437.158301489724,460.826504615738,4.70893227370609
656.994052950833,373.753313133197,2.87199959281959
110.346383881945,485.635463050321,4.31259234122482
625.429082568613,88.5714364837328,4.107814627748
419.246339358332,260.042332686692,3.65332105857665
10.9664740967988,180.844492837752,3.24327391744915
69.6908273249436,110.546922577864,4.45633311822079
607.696310682337,195.173378583486,4.20753792947197
250.795993889509,220.052602183653,3.87932391847884
573.929872294831,441.921707510694,3.85885327978347
299.100508563635,140.114572246352,3.71831679574431
528.755263085351,463.271682081386,3.44552736083331
42.1827455399028,414.268726829047,3.70481195889664
197.032150997542,283.602065049428,3.99340560665904
549.431947080289,264.43893788487,3.8132481148366
181.217835862502,21.5349334169107,4.36535861710123
503.836120175887,359.089508466558,4.54742446230434
36.2578346457403,48.0743230534865,3.91187504278407
529.424953625672,155.618826306626,4.40996965257396
NA,NA,NA
663.435981642986,331.633660572972,3.45348369401531
460.130957291255,296.003276245943,3.84635750562666
15.0570241590223,498.252579668856,3.64874465260199
562.10163785489,52.3214392629353,4.28349920754937
65.446808395357,379.166096012478,3.91232274962139
231.048996338776,415.200737658986,3.87986417361521
429.741179021256,13.7699150578992,3.33936374488873
362.933138160746,289.895598902541,3.10327779244723
600.291154854182,107.932209451035,4.21553923117851
388.098726245795,227.206849107171,4.13805581474059
565.590495110324,402.269460438702,4.75289801847096
143.377362530254,283.355678071343,4.57989475185055
198.647538105475,368.11598349639,4.06391025365618
124.099338769075,409.621982632363,3.3925301473897
626.608059461805,314.125216943935,4.71285611902388
-3.8425624743096,147.677166121633,4.32440455661516
544.296960576832,202.094643921968,4.07928954830035
33.522129951729,490.967893491572,2.9640425421325
279.775399648189,22.8292117987932,4.09710723989731
534.440090726091,391.657338746403,3.39588205370743
73.7947235159301,76.8599428010554,5.21840509120974
3.7178136728815,75.260515018971,3.50189799367327
590.991092274057,228.052455293291,4.02897863559974
441.771736950574,454.758198515435,4.72591350249231
657.348041350704,374.926977525404,3.06941169553023
107.402657497126,492.134294104637,4.37604322403649
624.359678113844,91.0472899617608,4.11696359853318
419.436524645888,259.249478351318,3.62806860245089
9.3401035249557,183.060118301672,3.17046952870205
57.0911302429919,107.979382086675,4.50702637810135
601.642483447453,200.254738073692,4.27010268378471
260.211590887806,214.966181183218,3.69764005512724
572.956618934705,440.764610821902,4.03326725896048
297.037291272791,136.690271478295,3.90843999868788
520.983348989182,456.184062479109,3.72783076860019
50.5677437305235,407.980667051515,3.59691954285476
192.134910068624,287.215596505326,4.37234603810621
553.975614349346,265.657843253512,3.83992094351522
160.273192608151,33.2483253929171,4.14665764914215
501.514224587917,347.963173889272,4.41980650475931
37.5443395785254,45.5232836761768,3.82163293578433
517.743259265887,148.332386844165,4.48997924775803
NA,NA,NA
663.435981642986,331.633660572972,3.45348369401531
460.130957291255,296.003276245943,3.84635750562666
15.0570241590223,498.252579668856,3.64874465260199
562.10163785489,52.3214392629353,4.28349920754937
65.446808395357,379.166096012478,3.91232274962139
231.048996338776,415.200737658986,3.87986417361521
429.741179021256,13.7699150578992,3.33936374488873
362.933138160746,289.895598902541,3.10327779244723
600.291154854182,107.932209451035,4.21553923117851
388.098726245795,227.206849107171,4.13805581474059
565.590495110324,402.269460438702,4.75289801847096
143.377362530254,283.355678071343,4.57989475185055
198.647538105475,368.11598349639,4.06391025365618
124.099338769075,409.621982632363,3.3925301473897
626.608059461805,314.125216943935,4.71285611902388
-3.8425624743096,147.677166121633,4.32440455661516
544.296960576832,202.094643921968,4.07928954830035
33.522129951729,490.967893491572,2.9640425421325
279.775399648189,22.8292117987932,4.09710723989731
534.440090726091,391.657338746403,3.39588205370743
73.7947235159301,76.8599428010554,5.21840509120974
3.7178136728815,75.260515018971,3.50189799367327
590.991092274057,228.052455293291,4.02897863559974
441.771736950574,454.758198515435,4.72591350249231
657.348041350704,374.926977525404,3.06941169553023
107.402657497126,492.134294104637,4.37604322403649
624.359678113844,91.0472899617608,4.11696359853318
419.436524645888,259.249478351318,3.62806860245089
9.3401035249557,183.060118301672,3.17046952870205
57.0911302429919,107.979382086675,4.50702637810135
601.642483447453,200.254738073692,4.27010268378471
260.211590887806,214.966181183218,3.69764005512724
572.956618934705,440.764610821902,4.03326725896048
297.037291272791,136.690271478295,3.90843999868788
520.983348989182,456.184062479109,3.72783076860019
50.5677437305235,407.980667051515,3.59691954285476
192.134910068624,287.215596505326,4.37234603810621
553.975614349346,265.657843253512,3.83992094351522
160.273192608151,33.2483253929171,4.14665764914215
501.514224587917,347.963173889272,4.41980650475931
37.5443395785254,45.5232836761768,3.82163293578433
517.743259265887,148.332386844165,4.48997924775803
NA,NA,NA
663.435981642986,331.633660572972,3.45348369401531
460.130957291255,296.003276245943,3.84635750562666
15.0570241590223,498.252579668856,3.64874465260199
562.10163785489,52.3214392629353,4.28349920754937
65.446808395357,379.166096012478,3.91232274962139
231.048996338776,415.200737658986,3.87986417361521
429.741179021256,13.7699150578992,3.33936374488873
362.933138160746,289.895598902541,3.10327779244723
600.291154854182,107.932209451035,4.21553923117851
388.098726245795,227.206849107171,4.13805581474059
565.590495110324,402.269460438702,4.75289801847096
143.377362530254,283.355678071343,4.57989475185055
198.647538105475,368.11598349639,4.06391025365618
124.099338769075,409.621982632363,3.3925301473897
626.608059461805,314.125216943935,4.71285611902388
-3.8425624743096,147.677166121633,4.32440455661516
544.296960576832,202.094643921968,4.07928954830035
33.522129951729,490.967893491572,2.9640425421325
279.775399648189,22.8292117987932,4.09710723989731
534.440090726091,391.657338746403,3.39588205370743
73.7947235159301,76.8599428010554,5.21840509120974
3.7178136728815,75.260515018971,3.50189799367327
590.991092274057,228.052455293291,4.02897863559974
441.771736950574,454.758198515435,4.72591350249231
657.348041350704,374.926977525404,3.06941169553023
107.402657497126,492.134294104637,4.37604322403649
624.359678113844,91.0472899617608,4.11696359853318
419.436524645888,259.249478351318,3.62806860245089
9.3401035249557,183.060118301672,3.17046952870205
57.0911302429919,107.979382086675,4.50702637810135
601.642483447453,200.254738073692,4.27010268378471
260.211590887806,214.966181183218,3.69764005512724
572.956618934705,440.764610821902,4.03326725896048
297.037291272791,136.690271478295,3.90843999868788
520.983348989182,456.184062479109,3.72783076860019
50.5677437305235,407.980667051515,3.59691954285476
192.134910068624,287.215596505326,4.37234603810621
553.975614349346,265.657843253512,3.83992094351522
160.273192608151,33.2483253929171,4.14665764914215
501.514224587917,347.963173889272,4.41980650475931
37.5443395785254,45.5232836761768,3.82163293578433
517.743259265887,148.332386844165,4.48997924775803
NA,NA,NA
663.435981642986,331.633660572972,3.45348369401531
460.130957291255,296.003276245943,3.84635750562666
15.0570241590223,498.252579668856,3.64874465260199
562.10163785489,52.3214392629353,4.28349920754937
65.446808395357,379.166096012478,3.91232274962139
231.048996338776,415.200737658986,3.87986417361521
429.741179021256,13.7699150578992,3.33936374488873
362.933138160746,289.895598902541,3.10327779244723
600.291154854182,107.932209451035,4.21553923117851
388.098726245795,227.206849107171,4.13805581474059
565.590495110324,402.269460438702,4.75289801847096
143.377362530254,283.355678071343,4.57989475185055
198.647538105475,368.11598349639,4.06391025365618
124.099338769075,409.621982632363,3.3925301473897
626.608059461805,314.125216943935,4.71285611902388
-3.8425624743096,147.677166121633,4.32440455661516
544.296960576832,202.094643921968,4.07928954830035
33.522129951729,490.967893491572,2.9640425421325
279.775399648189,22.8292117987932,4.09710723989731
534.440090726091,391.657338746403,3.39588205370743
73.7947235159301,76.8599428010554,5.21840509120974
3.7178136728815,75.260515018971,3.50189799367327
590.991092274057,228.052455293291,4.02897863559974
441.771736950574,454.758198515435,4.72591350249231
657.348041350704,374.926977525404,3.06941169553023
107.402657497126,492.134294104637,4.37604322403649
624.359678113844,91.0472899617608,4.11696359853318
419.436524645888,259.249478351318,3.62806860245089
9.3401035249557,183.060118301672,3.17046952870205
57.0911302429919,107.979382086675,4.50702637810135
601.642483447453,200.254738073692,4.27010268378471
260.211590887806,214.966181183218,3.69764005512724
572.956618934705,440.764610821902,4.03326725896048
297.037291272791,136.690271478295,3.90843999868788
520.983348989182,456.184062479109,3.72783076860019
50.5677437305235,407.980667051515,3.59691954285476
192.134910068624,287.215596505326,4.37234603810621
553.975614349346,265.657843253512,3.83992094351522
160.273192608151,33.2483253929171,4.14665764914215
501.514224587917,347.963173889272,4.41980650475931
37.5443395785254,45.5232836761768,3.82163293578433
517.743259265887,148.332386844165,4.48997924775803
NA,NA,NA
663.435981642986,331.633660572972,3.45348369401531
460.130957291255,296.003276245943,3.84635750562666
15.0570241590223,498.252579668856,3.64874465260199
562.10163785489,52.3214392629353,4.28349920754937
65.446808395357,379.166096012478,3.91232274962139
231.048996338776,415.200737658986,3.87986417361521
429.741179021256,13.7699150578992,3.33936374488873
362.933138160746,289.895598902541,3.10327779244723
600.291154854182,107.932209451035,4.21553923117851
388.098726245795,227.206849107171,4.13805581474059
565.590495110324,402.269460438702,4.75289801847096
143.377362530254,283.355678071343,4.57989475185055
198.647538105475,368.11598349639,4.06391025365618
124.099338769075,409.621982632363,3.3925301473897
626.608059461805,314.125216943935,4.71285611902388
-3.8425624743096,147.677166121633,4.32440455661516
544.296960576832,202.094643921968,4.07928954830035
33.522129951729,490.967893491572,2.9640425421325
279.775399648189,22.8292117987932,4.09710723989731
534.440090726091,391.657338746403,3.39588205370743
73.7947235159301,76.8599428010554,5.21840509120974
3.7178136728815,75.260515018971,3.50189799367327
590.991092274057,228.052455293291,4.02897863559974
441.771736950574,454.758198515435,4.72591350249231
657.348041350704,374.926977525404,3.06941169553023
107.402657497126,492.134294104637,4.37604322403649
624.359678113844,91.0472899617608,4.11696359853318
419.436524645888,259.249478351318,3.62806860245089
9.3401035249557,183.060118301672,3.17046952870205
57.0911302429919,107.979382086675,4.50702637810135
601.642483447453,200.254738073692,4.27010268378471
260.211590887806,214.966181183218,3.69764005512724
572.956618934705,440.764610821902,4.03326725896048
297.037291272791,136.690271478295,3.90843999868788
520.983348989182,456.184062479109,3.72783076860019
50.5677437305235,407.980667051515,3.59691954285476
192.134910068624,287.215596505326,4.37234603810621
553.975614349346,265.657843253512,3.83992094351522
160.273192608151,33.2483253929171,4.14665764914215
501.514224587917,347.963173889272,4.41980650475931
37.5443395785254,45.5232836761768,3.82163293578433
517.743259265887,148.332386844165,4.48997924775803
NA,NA,NA
663.435981642986,331.633660572972,3.45348369401531
460.130957291255,296.003276245943,3.84635750562666
15.0570241590223,498.252579668856,3.64874465260199
562.10163785489,52.3214392629353,4.28349920754937
65.446808395357,379.166096012478,3.91232274962139
231.048996338776,415.200737658986,3.87986417361521
429.741179021256,13.7699150578992,3.33936374488873
362.933138160746,289.895598902541,3.10327779244723
600.291154854182,107.932209451035,4.21553923117851
388.098726245795,227.206849107171,4.13805581474059
565.590495110324,402.269460438702,4.75289801847096
143.377362530254,283.355678071343,4.57989475185055
198.647538105475,368.11598349639,4.06391025365618
124.099338769075,409.621982632363,3.3925301473897
626.608059461805,314.125216943935,4.71285611902388
-3.8425624743096,147.677166121633,4.32440455661516
544.296960576832,202.094643921968,4.07928954830035
33.522129951729,490.967893491572,2.9640425421325
279.775399648189,22.8292117987932,4.09710723989731
534.440090726091,391.657338746403,3.39588205370743
73.7947235159301,76.8599428010554,5.21840509120974
3.7178136728815,75.260515018971,3.50189799367327
590.991092274057,228.052455293291,4.02897863559974
441.771736950574,454.758198515435,4.72591350249231
657.348041350704,374.926977525404,3.06941169553023
107.402657497126,492.134294104637,4.37604322403649
624.359678113844,91.0472899617608,4.11696359853318
419.436524645888,259.249478351318,3.62806860245089
9.3401035249557,183.060118301672,3.17046952870205
57.0911302429919,107.979382086675,4.50702637810135
601.642483447453,200.254738073692,4.27010268378471
260.211590887806,214.966181183218,3.69764005512724
572.956618934705,440.764610821902,4.03326725896048
297.037291272791,136.690271478295,3.90843999868788
520.983348989182,456.184062479109,3.72783076860019
50.5677437305235,407.980667051515,3.59691954285476
192.134910068624,287.215596505326,4.37234603810621
553.975614349346,265.657843253512,3.83992094351522
160.273192608151,33.2483253929171,4.14665764914215
501.514224587917,347.963173889272,4.41980650475931
37.5443395785254,45.5232836761768,3.82163293578433
517.743259265887,148.332386844165,4.48997924775803
NA,NA,NA
660.68060508925,332.898235908987,3.5010543061967
457.505228803216,299.373564869504,3.58743294419788
10.384816653048,494.371999336594,3.56654847086823
560.470143008225,52.2042063114352,4.0703385201447
61.3679385223863,377.980159271633,4.04136245112017
220.805091313418,412.081711288255,3.80247468918404
431.071732888066,13.9493061657582,3.38418964428006
361.95291965315,292.762512697707,3.09575082294963
607.620881867603,113.369342797094,4.11202546523151
391.377786611958,227.457609734789,4.21641441540713
562.943953682312,403.207061746187,4.73723711084617
132.78633476969,292.575793545392,4.62673275215255
196.432589482953,368.631498384954,4.04007925172419
125.075656168113,410.264161023622,3.37462459635274
625.327805086347,311.038204655979,4.61488678527783
2.45451532183515,152.045556195776,4.30529923757993
546.339507820311,202.234276206465,4.19709026739464
32.5446109698007,491.125294864991,2.96678825572945
278.325252053864,22.5139209508353,3.96267393633502
533.564085516001,392.513013995213,3.46648941856992
74.0560939900037,81.6695195917399,5.2179468446478
6.07075656106353,74.9380815580532,3.42814689783696
588.826411290418,226.493128934909,4.02796252491755
435.321134823029,464.071122315041,4.80324026636545
657.300535101308,375.846660238908,3.09892762206305
107.613306974873,489.714818188342,4.36537211865446
623.763413084445,93.4692988031733,4.06960717170224
420.036199542362,256.033083530776,3.69083467643896
10.4888858036714,183.499956555481,3.44634522592129
75.5421237654616,115.88031309111,4.33901353988499
604.158177159591,195.184483522728,4.58851720984355
253.302386403903,224.307113319416,4.03143740957058
574.534571983979,431.01080154471,3.79712960247544
304.135707681643,139.564660938031,3.77403928539915
534.79116060112,458.928598717636,3.60789411196142
47.4374522276056,420.356079694376,3.91957185363462
193.549463003007,286.079176786818,3.90799566043372
544.538603873028,258.754597465404,3.7394362256221
182.943752909195,24.1646246865973,4.23001809839108
493.576011060307,345.028362977219,4.28250693764446
29.7515456459529,47.5954492340572,3.93172730298192
531.462481100335,145.959620419757,4.67658544713529
NA,NA,NA
660.68060508925,332.898235908987,3.5010543061967
457.505228803216,299.373564869504,3.58743294419788
10.384816653048,494.371999336594,3.56654847086823
560.470143008225,52.2042063114352,4.0703385201447
61.3679385223863,377.980159271633,4.04136245112017
220.805091313418,412.081711288255,3.80247468918404
431.071732888066,13.9493061657582,3.38418964428006
361.95291965315,292.762512697707,3.09575082294963
607.620881867603,113.369342797094,4.11202546523151
391.377786611958,227.457609734789,4.21641441540713
562.943953682312,403.207061746187,4.73723711084617
132.78633476969,292.575793545392,4.62673275215255
196.432589482953,368.631498384954,4.04007925172419
125.075656168113,410.264161023622,3.37462459635274
625.327805086347,311.038204655979,4.61488678527783
2.45451532183515,152.045556195776,4.30529923757993
546.339507820311,202.234276206465,4.19709026739464
32.5446109698007,491.125294864991,2.96678825572945
278.325252053864,22.5139209508353,3.96267393633502
533.564085516001,392.513013995213,3.46648941856992
74.0560939900037,81.6695195917399,5.2179468446478
6.07075656106353,74.9380815580532,3.42814689783696
588.826411290418,226.493128934909,4.02796252491755
435.321134823029,464.071122315041,4.80324026636545
657.300535101308,375.846660238908,3.09892762206305
107.613306974873,489.714818188342,4.36537211865446
623.763413084445,93.4692988031733,4.06960717170224
420.036199542362,256.033083530776,3.69083467643896
10.4888858036714,183.499956555481,3.44634522592129
75.5421237654616,115.88031309111,4.33901353988499
604.158177159591,195.184483522728,4.58851720984355
253.302386403903,224.307113319416,4.03143740957058
574.534571983979,431.01080154471,3.79712960247544
304.135707681643,139.564660938031,3.77403928539915
534.79116060112,458.928598717636,3.60789411196142
47.4374522276056,420.356079694376,3.91957185363462
193.549463003007,286.079176786818,3.90799566043372
544.538603873028,258.754597465404,3.7394362256221
182.943752909195,24.1646246865973,4.23001809839108
493.576011060307,345.028362977219,4.28250693764446
29.7515456459529,47.5954492340572,3.93172730298192
531.462481100335,145.959620419757,4.67658544713529
NA,NA,NA
660.68060508925,332.898235908987,3.5010543061967
457.505228803216,299.373564869504,3.58743294419788
10.384816653048,494.371999336594,3.56654847086823
560.470143008225,52.2042063114352,4.0703385201447
61.3679385223863,377.980159271633,4.04136245112017
220.805091313418,412.081711288255,3.80247468918404
431.071732888066,13.9493061657582,3.38418964428006
361.95291965315,292.762512697707,3.09575082294963
607.620881867603,113.369342797094,4.11202546523151
391.377786611958,227.457609734789,4.21641441540713
562.943953682312,403.207061746187,4.73723711084617
132.78633476969,292.575793545392,4.62673275215255
196.432589482953,368.631498384954,4.04007925172419
125.075656168113,410.264161023622,3.37462459635274
625.327805086347,311.038204655979,4.61488678527783
2.45451532183515,152.045556195776,4.30529923757993
546.339507820311,202.234276206465,4.19709026739464
32.5446109698007,491.125294864991,2.96678825572945
278.325252053864,22.5139209508353,3.96267393633502
533.564085516001,392.513013995213,3.46648941856992
74.0560939900037,81.6695195917399,5.2179468446478
6.07075656106353,74.9380815580532,3.42814689783696
588.826411290418,226.493128934909,4.02796252491755
435.321134823029,464.071122315041,4.80324026636545
657.300535101308,375.846660238908,3.09892762206305
107.613306974873,489.714818188342,4.36537211865446
623.763413084445,93.4692988031733,4.06960717170224
420.036199542362,256.033083530776,3.69083467643896
10.4888858036714,183.499956555481,3.44634522592129
75.5421237654616,115.88031309111,4.33901353988499
604.158177159591,195.184483522728,4.58851720984355
253.302386403903,224.307113319416,4.03143740957058
574.534571983979,431.01080154471,3.79712960247544
304.135707681643,139.564660938031,3.77403928539915
534.79116060112,458.928598717636,3.60789411196142
47.4374522276056,420.356079694376,3.91957185363462
193.549463003007,286.079176786818,3.90799566043372
544.538603873028,258.754597465404,3.7394362256221
182.943752909195,24.1646246865973,4.23001809839108
493.576011060307,345.028362977219,4.28250693764446
29.7515456459529,47.5954492340572,3.93172730298192
531.462481100335,145.959620419757,4.67658544713529
NA,NA,NA
660.68060508925,332.898235908987,3.5010543061967
457.505228803216,299.373564869504,3.58743294419788
10.384816653048,494.371999336594,3.56654847086823
560.470143008225,52.2042063114352,4.0703385201447
61.3679385223863,377.980159271633,4.04136245112017
220.805091313418,412.081711288255,3.80247468918404
431.071732888066,13.9493061657582,3.38418964428006
361.95291965315,292.762512697707,3.09575082294963
607.620881867603,113.369342797094,4.11202546523151
391.377786611958,227.457609734789,4.21641441540713
562.943953682312,403.207061746187,4.73723711084617
132.78633476969,292.575793545392,4.62673275215255
196.432589482953,368.631498384954,4.04007925172419
125.075656168113,410.264161023622,3.37462459635274
625.327805086347,311.038204655979,4.61488678527783
2.45451532183515,152.045556195776,4.30529923757993
546.339507820311,202.234276206465,4.19709026739464
32.5446109698007,491.125294864991,2.96678825572945
278.325252053864,22.5139209508353,3.96267393633502
533.564085516001,392.513013995213,3.46648941856992
74.0560939900037,81.6695195917399,5.2179468446478
6.07075656106353,74.9380815580532,3.42814689783696
588.826411290418,226.493128934909,4.02796252491755
435.321134823029,464.071122315041,4.80324026636545
657.300535101308,375.846660238908,3.09892762206305
107.613306974873,489.714818188342,4.36537211865446
623.763413084445,93.4692988031733,4.06960717170224
420.036199542362,256.033083530776,3.69083467643896
10.4888858036714,183.499956555481,3.44634522592129
75.5421237654616,115.88031309111,4.33901353988499
604.158177159591,195.184483522728,4.58851720984355
253.302386403903,224.307113319416,4.03143740957058
574.534571983979,431.01080154471,3.79712960247544
304.135707681643,139.564660938031,3.77403928539915
534.79116060112,458.928598717636,3.60789411196142
47.4374522276056,420.356079694376,3.91957185363462
193.549463003007,286.079176786818,3.90799566043372
544.538603873028,258.754597465404,3.7394362256221
182.943752909195,24.1646246865973,4.23001809839108
493.576011060307,345.028362977219,4.28250693764446
29.7515456459529,47.5954492340572,3.93172730298192
531.462481100335,145.959620419757,4.67658544713529
NA,NA,NA
660.68060508925,332.898235908987,3.5010543061967
457.505228803216,299.373564869504,3.58743294419788
10.384816653048,494.371999336594,3.56654847086823
560.470143008225,52.2042063114352,4.0703385201447
61.3679385223863,377.980159271633,4.04136245112017
220.805091313418,412.081711288255,3.80247468918404
431.071732888066,13.9493061657582,3.38418964428006
361.95291965315,292.762512697707,3.09575082294963
607.620881867603,113.369342797094,4.11202546523151
391.377786611958,227.457609734789,4.21641441540713
562.943953682312,403.207061746187,4.73723711084617
132.78633476969,292.575793545392,4.62673275215255
196.432589482953,368.631498384954,4.04007925172419
125.075656168113,410.264161023622,3.37462459635274
625.327805086347,311.038204655979,4.61488678527783
2.45451532183515,152.045556195776,4.30529923757993
546.339507820311,202.234276206465,4.19709026739464
32.5446109698007,491.125294864991,2.96678825572945
278.325252053864,22.5139209508353,3.96267393633502
533.564085516001,392.513013995213,3.46648941856992
74.0560939900037,81.6695195917399,5.2179468446478
6.07075656106353,74.9380815580532,3.42814689783696
588.826411290418,226.493128934909,4.02796252491755
435.321134823029,464.071122315041,4.80324026636545
657.300535101308,375.846660238908,3.09892762206305
107.613306974873,489.714818188342,4.36537211865446
623.763413084445,93.4692988031733,4.06960717170224
420.036199542362,256.033083530776,3.69083467643896
10.4888858036714,183.499956555481,3.44634522592129
75.5421237654616,115.88031309111,4.33901353988499
604.158177159591,195.184483522728,4.58851720984355
253.302386403903,224.307113319416,4.03143740957058
574.534571983979,431.01080154471,3.79712960247544
304.135707681643,139.564660938031,3.77403928539915
534.79116060112,458.928598717636,3.60789411196142
47.4374522276056,420.356079694376,3.91957185363462
193.549463003007,286.079176786818,3.90799566043372
544.538603873028,258.754597465404,3.7394362256221
182.943752909195,24.1646246865973,4.23001809839108
493.576011060307,345.028362977219,4.28250693764446
29.7515456459529,47.5954492340572,3.93172730298192
531.462481100335,145.959620419757,4.67658544713529
NA,NA,NA
660.68060508925,332.898235908987,3.5010543061967
457.505228803216,299.373564869504,3.58743294419788
10.384816653048,494.371999336594,3.56654847086823
560.470143008225,52.2042063114352,4.0703385201447
61.3679385223863,377.980159271633,4.04136245112017
220.805091313418,412.081711288255,3.80247468918404
431.071732888066,13.9493061657582,3.38418964428006
361.95291965315,292.762512697707,3.09575082294963
607.620881867603,113.369342797094,4.11202546523151
391.377786611958,227.457609734789,4.21641441540713
562.943953682312,403.207061746187,4.73723711084617
132.78633476969,292.575793545392,4.62673275215255
196.432589482953,368.631498384954,4.04007925172419
125.075656168113,410.264161023622,3.37462459635274
625.327805086347,311.038204655979,4.61488678527783
2.45451532183515,152.045556195776,4.30529923757993
546.339507820311,202.234276206465,4.19709026739464
32.5446109698007,491.125294864991,2.96678825572945
278.325252053864,22.5139209508353,3.96267393633502
533.564085516001,392.513013995213,3.46648941856992
74.0560939900037,81.6695195917399,5.2179468446478
6.07075656106353,74.9380815580532,3.42814689783696
588.826411290418,226.493128934909,4.02796252491755
435.321134823029,464.071122315041,4.80324026636545
657.300535101308,375.846660238908,3.09892762206305
107.613306974873,489.714818188342,4.36537211865446
623.763413084445,93.4692988031733,4.06960717170224
420.036199542362,256.033083530776,3.69083467643896
10.4888858036714,183.499956555481,3.44634522592129
75.5421237654616,115.88031309111,4.33901353988499
604.158177159591,195.184483522728,4.58851720984355
253.302386403903,224.307113319416,4.03143740957058
574.534571983979,431.01080154471,3.79712960247544
304.135707681643,139.564660938031,3.77403928539915
534.79116060112,458.928598717636,3.60789411196142
47.4374522276056,420.356079694376,3.91957185363462
193.549463003007,286.079176786818,3.90799566043372
544.538603873028,258.754597465404,3.7394362256221
182.943752909195,24.1646246865973,4.23001809839108
493.576011060307,345.028362977219,4.28250693764446
29.7515456459529,47.5954492340572,3.93172730298192
531.462481100335,145.959620419757,4.67658544713529
NA,NA,NA
659.306668053014,335.538315631952,3.57232576031934
452.06853611587,299.868243159226,3.74972751610453
6.67788234989992,496.982671973433,3.49823183557192
557.615450828424,50.4791851385482,4.25159286347606
74.2592878843415,377.143072415117,3.95294526831247
228.068908258411,412.558620710849,3.78346071736481
428.830905566013,9.79831363402021,3.31494458077425
362.064892207081,293.008018996303,3.04502466513987
604.524983029975,105.655478504955,4.21648799949269
392.818929652676,226.564716269551,4.18486575274969
569.417405472145,406.407228475568,4.74889354245672
144.565074489709,289.525685658203,4.67387252075401
198.44965590963,370.225195306164,4.01747710847589
126.582447799843,409.953882599988,3.5224879332595
632.422117038911,312.239215460452,4.55904724891935
5.23926675000494,150.367783205938,4.36422267442777
540.942767801953,197.582177939871,4.1943351261406
34.9310875390281,492.879990383115,3.09765366470377
282.044672364681,23.6339083786321,4.15049636462295
533.02789782929,392.613431826641,3.38596475913697
78.9323995689922,76.1273850567197,5.21339829686169
5.80826191924257,74.3412787789646,3.53864740206516
589.19523142888,222.894255753506,3.93715629970669
441.601636374286,454.315621778623,4.74234543922191
658.971682263782,372.41226376425,2.91466786420317
104.643089689495,485.144195062887,4.39821248242172
625.119351466612,88.9075090711779,4.05487553752817
420.293468212156,256.820454828549,3.65460478531718
13.2767935708932,182.010202736713,3.30722099080905
69.8231292618846,102.495926541146,4.38633169190265
612.543703841313,211.745398191735,4.47676734129094
257.883010534143,225.648044301901,3.69971297725646
580.075245773247,432.635532899378,3.94359683920726
300.035523022767,141.486245783025,4.07471814879258
530.609080503447,457.441475295102,3.69509411699848
41.585821850652,418.579748393067,3.95755314377191
200.524786874097,281.67984486548,4.2825144686896
556.769682722375,264.246266224337,3.60118521773834
164.938854348493,30.5883518434343,4.47840853850673
509.723618468487,352.234805693964,4.54660227120607
25.8378818507654,51.5183293527293,3.60038119133747
525.435201823313,162.007885028304,4.47029476175213
NA,NA,NA
659.306668053014,335.538315631952,3.57232576031934
452.06853611587,299.868243159226,3.74972751610453
6.67788234989992,496.982671973433,3.49823183557192
557.615450828424,50.4791851385482,4.25159286347606
74.2592878843415,377.143072415117,3.95294526831247
228.068908258411,412.558620710849,3.78346071736481
428.830905566013,9.79831363402021,3.31494458077425
362.064892207081,293.008018996303,3.04502466513987
604.524983029975,105.655478504955,4.21648799949269
392.818929652676,226.564716269551,4.18486575274969
569.417405472145,406.407228475568,4.74889354245672
144.565074489709,289.525685658203,4.67387252075401
198.44965590963,370.225195306164,4.01747710847589
126.582447799843,409.953882599988,3.5224879332595
632.422117038911,312.239215460452,4.55904724891935
5.23926675000494,150.367783205938,4.36422267442777
540.942767801953,197.582177939871,4.1943351261406
34.9310875390281,492.879990383115,3.09765366470377
282.044672364681,23.6339083786321,4.15049636462295
533.02789782929,392.613431826641,3.38596475913697
78.9323995689922,76.1273850567197,5.21339829686169
5.80826191924257,74.3412787789646,3.53864740206516
589.19523142888,222.894255753506,3.93715629970669
441.601636374286,454.315621778623,4.74234543922191
658.971682263782,372.41226376425,2.91466786420317
104.643089689495,485.144195062887,4.39821248242172
625.119351466612,88.9075090711779,4.05487553752817
420.293468212156,256.820454828549,3.65460478531718
13.2767935708932,182.010202736713,3.30722099080905
69.8231292618846,102.495926541146,4.38633169190265
612.543703841313,211.745398191735,4.47676734129094
257.883010534143,225.648044301901,3.69971297725646
580.075245773247,432.635532899378,3.94359683920726
300.035523022767,141.486245783025,4.07471814879258
530.609080503447,457.441475295102,3.69509411699848
41.585821850652,418.579748393067,3.95755314377191
200.524786874097,281.67984486548,4.2825144686896
556.769682722375,264.246266224337,3.60118521773834
164.938854348493,30.5883518434343,4.47840853850673
509.723618468487,352.234805693964,4.54660227120607
25.8378818507654,51.5183293527293,3.60038119133747
525.435201823313,162.007885028304,4.47029476175213
NA,NA,NA
659.306668053014,335.538315631952,3.57232576031934
452.06853611587,299.868243159226,3.74972751610453
6.67788234989992,496.982671973433,3.49823183557192
557.615450828424,50.4791851385482,4.25159286347606
74.2592878843415,377.143072415117,3.95294526831247
228.068908258411,412.558620710849,3.78346071736481
428.830905566013,9.79831363402021,3.31494458077425
362.064892207081,293.008018996303,3.04502466513987
604.524983029975,105.655478504955,4.21648799949269
392.818929652676,226.564716269551,4.18486575274969
569.417405472145,406.407228475568,4.74889354245672
144.565074489709,289.525685658203,4.67387252075401
198.44965590963,370.225195306164,4.01747710847589
126.582447799843,409.953882599988,3.5224879332595
632.422117038911,312.239215460452,4.55904724891935
5.23926675000494,150.367783205938,4.36422267442777
540.942767801953,197.582177939871,4.1943351261406
34.9310875390281,492.879990383115,3.09765366470377
282.044672364681,23.6339083786321,4.15049636462295
533.02789782929,392.613431826641,3.38596475913697
78.9323995689922,76.1273850567197,5.21339829686169
5.80826191924257,74.3412787789646,3.53864740206516
589.19523142888,222.894255753506,3.93715629970669
441.601636374286,454.315621778623,4.74234543922191
658.971682263782,372.41226376425,2.91466786420317
104.643089689495,485.144195062887,4.39821248242172
625.119351466612,88.9075090711779,4.05487553752817
420.293468212156,256.820454828549,3.65460478531718
13.2767935708932,182.010202736713,3.30722099080905
69.8231292618846,102.495926541146,4.38633169190265
612.543703841313,211.745398191735,4.47676734129094
257.883010534143,225.648044301901,3.69971297725646
580.075245773247,432.635532899378,3.94359683920726
300.035523022767,141.486245783025,4.07471814879258
530.609080503447,457.441475295102,3.69509411699848
41.585821850652,418.579748393067,3.95755314377191
200.524786874097,281.67984486548,4.2825144686896
556.769682722375,264.246266224337,3.60118521773834
164.938854348493,30.5883518434343,4.47840853850673
509.723618468487,352.234805693964,4.54660227120607
25.8378818507654,51.5183293527293,3.60038119133747
525.435201823313,162.007885028304,4.47029476175213
NA,NA,NA
659.306668053014,335.538315631952,3.57232576031934
452.06853611587,299.868243159226,3.74972751610453
6.67788234989992,496.982671973433,3.49823183557192
557.615450828424,50.4791851385482,4.25159286347606
74.2592878843415,377.143072415117,3.95294526831247
228.068908258411,412.558620710849,3.78346071736481
428.830905566013,9.79831363402021,3.31494458077425
362.064892207081,293.008018996303,3.04502466513987
604.524983029975,105.655478504955,4.21648799949269
392.818929652676,226.564716269551,4.18486575274969
569.417405472145,406.407228475568,4.74889354245672
144.565074489709,289.525685658203,4.67387252075401
198.44965590963,370.225195306164,4.01747710847589
126.582447799843,409.953882599988,3.5224879332595
632.422117038911,312.239215460452,4.55904724891935
5.23926675000494,150.367783205938,4.36422267442777
540.942767801953,197.582177939871,4.1943351261406
34.9310875390281,492.879990383115,3.09765366470377
282.044672364681,23.6339083786321,4.15049636462295
533.02789782929,392.613431826641,3.38596475913697
78.9323995689922,76.1273850567197,5.21339829686169
5.80826191924257,74.3412787789646,3.53864740206516
589.19523142888,222.894255753506,3.93715629970669
441.601636374286,454.315621778623,4.74234543922191
658.971682263782,372.41226376425,2.91466786420317
104.643089689495,485.144195062887,4.39821248242172
625.119351466612,88.9075090711779,4.05487553752817
420.293468212156,256.820454828549,3.65460478531718
13.2767935708932,182.010202736713,3.30722099080905
69.8231292618846,102.495926541146,4.38633169190265
612.543703841313,211.745398191735,4.47676734129094
257.883010534143,225.648044301901,3.69971297725646
580.075245773247,432.635532899378,3.94359683920726
300.035523022767,141.486245783025,4.07471814879258
530.609080503447,457.441475295102,3.69509411699848
41.585821850652,418.579748393067,3.95755314377191
200.524786874097,281.67984486548,4.2825144686896
556.769682722375,264.246266224337,3.60118521773834
164.938854348493,30.5883518434343,4.47840853850673
509.723618468487,352.234805693964,4.54660227120607
25.8378818507654,51.5183293527293,3.60038119133747
525.435201823313,162.007885028304,4.47029476175213
NA,NA,NA
659.306668053014,335.538315631952,3.57232576031934
452.06853611587,299.868243159226,3.74972751610453
6.67788234989992,496.982671973433,3.49823183557192
557.615450828424,50.4791851385482,4.25159286347606
74.2592878843415,377.143072415117,3.95294526831247
228.068908258411,412.558620710849,3.78346071736481
428.830905566013,9.79831363402021,3.31494458077425
362.064892207081,293.008018996303,3.04502466513987
604.524983029975,105.655478504955,4.21648799949269
392.818929652676,226.564716269551,4.18486575274969
569.417405472145,406.407228475568,4.74889354245672
144.565074489709,289.525685658203,4.67387252075401
198.44965590963,370.225195306164,4.01747710847589
126.582447799843,409.953882599988,3.5224879332595
632.422117038911,312.239215460452,4.55904724891935
5.23926675000494,150.367783205938,4.36422267442777
540.942767801953,197.582177939871,4.1943351261406
34.9310875390281,492.879990383115,3.09765366470377
282.044672364681,23.6339083786321,4.15049636462295
533.02789782929,392.613431826641,3.38596475913697
78.9323995689922,76.1273850567197,5.21339829686169
5.80826191924257,74.3412787789646,3.53864740206516
589.19523142888,222.894255753506,3.93715629970669
441.601636374286,454.315621778623,4.74234543922191
658.971682263782,372.41226376425,2.91466786420317
104.643089689495,485.144195062887,4.39821248242172
625.119351466612,88.9075090711779,4.05487553752817
420.293468212156,256.820454828549,3.65460478531718
13.2767935708932,182.010202736713,3.30722099080905
69.8231292618846,102.495926541146,4.38633169190265
612.543703841313,211.745398191735,4.47676734129094
257.883010534143,225.648044301901,3.69971297725646
580.075245773247,432.635532899378,3.94359683920726
300.035523022767,141.486245783025,4.07471814879258
530.609080503447,457.441475295102,3.69509411699848
41.585821850652,418.579748393067,3.95755314377191
200.524786874097,281.67984486548,4.2825144686896
556.769682722375,264.246266224337,3.60118521773834
164.938854348493,30.5883518434343,4.47840853850673
509.723618468487,352.234805693964,4.54660227120607
25.8378818507654,51.5183293527293,3.60038119133747
525.435201823313,162.007885028304,4.47029476175213
NA,NA,NA
659.306668053014,335.538315631952,3.57232576031934
452.06853611587,299.868243159226,3.74972751610453
6.67788234989992,496.982671973433,3.49823183557192
557.615450828424,50.4791851385482,4.25159286347606
74.2592878843415,377.143072415117,3.95294526831247
228.068908258411,412.558620710849,3.78346071736481
428.830905566013,9.79831363402021,3.31494458077425
362.064892207081,293.008018996303,3.04502466513987
604.524983029975,105.655478504955,4.21648799949269
392.818929652676,226.564716269551,4.18486575274969
569.417405472145,406.407228475568,4.74889354245672
144.565074489709,289.525685658203,4.67387252075401
198.44965590963,370.225195306164,4.01747710847589
126.582447799843,409.953882599988,3.5224879332595
632.422117038911,312.239215460452,4.55904724891935
5.23926675000494,150.367783205938,4.36422267442777
540.942767801953,197.582177939871,4.1943351261406
34.9310875390281,492.879990383115,3.09765366470377
282.044672364681,23.6339083786321,4.15049636462295
533.02789782929,392.613431826641,3.38596475913697
78.9323995689922,76.1273850567197,5.21339829686169
5.80826191924257,74.3412787789646,3.53864740206516
589.19523142888,222.894255753506,3.93715629970669
441.601636374286,454.315621778623,4.74234543922191
658.971682263782,372.41226376425,2.91466786420317
104.643089689495,485.144195062887,4.39821248242172
625.119351466612,88.9075090711779,4.05487553752817
420.293468212156,256.820454828549,3.65460478531718
13.2767935708932,182.010202736713,3.30722099080905
69.8231292618846,102.495926541146,4.38633169190265
612.543703841313,211.745398191735,4.47676734129094
257.883010534143,225.648044301901,3.69971297725646
580.075245773247,432.635532899378,3.94359683920726
300.035523022767,141.486245783025,4.07471814879258
530.609080503447,457.441475295102,3.69509411699848
41.585821850652,418.579748393067,3.95755314377191
200.524786874097,281.67984486548,4.2825144686896
556.769682722375,264.246266224337,3.60118521773834
164.938854348493,30.5883518434343,4.47840853850673
509.723618468487,352.234805693964,4.54660227120607
25.8378818507654,51.5183293527293,3.60038119133747
525.435201823313,162.007885028304,4.47029476175213
NA,NA,NA
662.159989181108,332.981251736312,3.52293937011957
454.712463284028,301.049509368692,3.65982349171241
14.2556032605637,495.10660504755,3.64586390120664
558.753352125338,47.9760733090319,4.12963622250014
74.4101054430203,373.713717899257,3.97820731595818
226.91214854214,414.86503492422,3.92142615408029
428.729367159369,14.0494887958453,3.18413153647096
360.166740432237,293.101799398089,3.04564637962024
601.769186637582,101.727540670509,4.19822452909926
390.873615983608,228.964945171036,4.18575507246498
566.383599545907,411.648874688857,4.73137674331673
144.310079252729,283.517002631059,4.54600723360826
198.777039421916,370.568510729673,3.94587938811485
125.153671664945,413.470167202919,3.42307261537109
629.952700002051,314.443241409575,4.41281195338791
4.22849490265148,146.844110127639,4.25346576772624
542.306210153515,199.760597318275,4.18058708500695
32.2701577426265,493.885598890247,3.08441487156244
273.210008865597,24.141642826355,3.85582977555908
530.497650965779,393.784439825739,3.5786800134075
72.9831545139619,76.0923787696349,5.20950821277194
4.25830884533242,77.1826276556974,3.59287609100895
589.161090274451,229.353193699772,4.11348483416213
441.108983257207,464.191879134917,4.74706278516827
659.90695445733,373.403212414767,3.05048884382535
97.1752239799873,490.260164868077,4.36602866676018
621.340985294446,90.8734983910146,4.05350956670453
423.902834902372,255.63988961882,3.55938631142319
11.2300570071448,183.372651187977,3.19591972704201
77.5751998660447,109.273760586285,4.54875261235844
609.14913478516,196.41015661668,4.33291811281811
258.200206253231,224.128521703638,3.93555022161522
562.758516932921,430.297877878152,3.91225566775201
298.410928523803,136.724628174701,3.83167633956989
530.862739050362,462.261539834773,3.51342370086059
42.647006111012,414.2299280367,3.79857141568397
195.505588780751,287.352184434338,3.88235937577322
557.568944837631,267.761765354909,3.74949009562448
175.55461842064,19.1552835755296,4.42747137551863
495.979855728651,348.99246187125,4.58054427823516
45.0886883721743,50.3710931394305,3.9854519973751
542.387003640565,163.331646911718,4.56059096753858
NA,NA,NA
662.159989181108,332.981251736312,3.52293937011957
454.712463284028,301.049509368692,3.65982349171241
14.2556032605637,495.10660504755,3.64586390120664
558.753352125338,47.9760733090319,4.12963622250014
74.4101054430203,373.713717899257,3.97820731595818
226.91214854214,414.86503492422,3.92142615408029
428.729367159369,14.0494887958453,3.18413153647096
360.166740432237,293.101799398089,3.04564637962024
601.769186637582,101.727540670509,4.19822452909926
390.873615983608,228.964945171036,4.18575507246498
566.383599545907,411.648874688857,4.73137674331673
144.310079252729,283.517002631059,4.54600723360826
198.777039421916,370.568510729673,3.94587938811485
125.153671664945,413.470167202919,3.42307261537109
629.952700002051,314.443241409575,4.41281195338791
4.22849490265148,146.844110127639,4.25346576772624
542.306210153515,199.760597318275,4.18058708500695
32.2701577426265,493.885598890247,3.08441487156244
273.210008865597,24.141642826355,3.85582977555908
530.497650965779,393.784439825739,3.5786800134075
72.9831545139619,76.0923787696349,5.20950821277194
4.25830884533242,77.1826276556974,3.59287609100895
589.161090274451,229.353193699772,4.11348483416213
441.108983257207,464.191879134917,4.74706278516827
659.90695445733,373.403212414767,3.05048884382535
97.1752239799873,490.260164868077,4.36602866676018
621.340985294446,90.8734983910146,4.05350956670453
423.902834902372,255.63988961882,3.55938631142319
11.2300570071448,183.372651187977,3.19591972704201
77.5751998660447,109.273760586285,4.54875261235844
609.14913478516,196.41015661668,4.33291811281811
258.200206253231,224.128521703638,3.93555022161522
562.758516932921,430.297877878152,3.91225566775201
298.410928523803,136.724628174701,3.83167633956989
530.862739050362,462.261539834773,3.51342370086059
42.647006111012,414.2299280367,3.79857141568397
195.505588780751,287.352184434338,3.88235937577322
557.568944837631,267.761765354909,3.74949009562448
175.55461842064,19.1552835755296,4.42747137551863
495.979855728651,348.99246187125,4.58054427823516
45.0886883721743,50.3710931394305,3.9854519973751
542.387003640565,163.331646911718,4.56059096753858
NA,NA,NA
662.159989181108,332.981251736312,3.52293937011957
454.712463284028,301.049509368692,3.65982349171241
14.2556032605637,495.10660504755,3.64586390120664
558.753352125338,47.9760733090319,4.12963622250014
74.4101054430203,373.713717899257,3.97820731595818
226.91214854214,414.86503492422,3.92142615408029
428.729367159369,14.0494887958453,3.18413153647096
360.166740432237,293.101799398089,3.04564637962024
601.769186637582,101.727540670509,4.19822452909926
390.873615983608,228.964945171036,4.18575507246498
566.383599545907,411.648874688857,4.73137674331673
144.310079252729,283.517002631059,4.54600723360826
198.777039421916,370.568510729673,3.94587938811485
125.153671664945,413.470167202919,3.42307261537109
629.952700002051,314.443241409575,4.41281195338791
4.22849490265148,146.844110127639,4.25346576772624
542.306210153515,199.760597318275,4.18058708500695
32.2701577426265,493.885598890247,3.08441487156244
273.210008865597,24.141642826355,3.85582977555908
530.497650965779,393.784439825739,3.5786800134075
72.9831545139619,76.0923787696349,5.20950821277194
4.25830884533242,77.1826276556974,3.59287609100895
589.161090274451,229.353193699772,4.11348483416213
441.108983257207,464.191879134917,4.74706278516827
659.90695445733,373.403212414767,3.05048884382535
97.1752239799873,490.260164868077,4.36602866676018
621.340985294446,90.8734983910146,4.05350956670453
423.902834902372,255.63988961882,3.55938631142319
11.2300570071448,183.372651187977,3.19591972704201
77.5751998660447,109.273760586285,4.54875261235844
609.14913478516,196.41015661668,4.33291811281811
258.200206253231,224.128521703638,3.93555022161522
562.758516932921,430.297877878152,3.91225566775201
298.410928523803,136.724628174701,3.83167633956989
530.862739050362,462.261539834773,3.51342370086059
42.647006111012,414.2299280367,3.79857141568397
195.505588780751,287.352184434338,3.88235937577322
557.568944837631,267.761765354909,3.74949009562448
175.55461842064,19.1552835755296,4.42747137551863
495.979855728651,348.99246187125,4.58054427823516
45.0886883721743,50.3710931394305,3.9854519973751
542.387003640565,163.331646911718,4.56059096753858
NA,NA,NA
662.159989181108,332.981251736312,3.52293937011957
454.712463284028,301.049509368692,3.65982349171241
14.2556032605637,495.10660504755,3.64586390120664
558.753352125338,47.9760733090319,4.12963622250014
74.4101054430203,373.713717899257,3.97820731595818
226.91214854214,414.86503492422,3.92142615408029
428.729367159369,14.0494887958453,3.18413153647096
360.166740432237,293.101799398089,3.04564637962024
601.769186637582,101.727540670509,4.19822452909926
390.873615983608,228.964945171036,4.18575507246498
566.383599545907,411.648874688857,4.73137674331673
144.310079252729,283.517002631059,4.54600723360826
198.777039421916,370.568510729673,3.94587938811485
125.153671664945,413.470167202919,3.42307261537109
629.952700002051,314.443241409575,4.41281195338791
4.22849490265148,146.844110127639,4.25346576772624
542.306210153515,199.760597318275,4.18058708500695
32.2701577426265,493.885598890247,3.08441487156244
273.210008865597,24.141642826355,3.85582977555908
530.497650965779,393.784439825739,3.5786800134075
72.9831545139619,76.0923787696349,5.20950821277194
4.25830884533242,77.1826276556974,3.59287609100895
589.161090274451,229.353193699772,4.11348483416213
441.108983257207,464.191879134917,4.74706278516827
659.90695445733,373.403212414767,3.05048884382535
97.1752239799873,490.260164868077,4.36602866676018
621.340985294446,90.8734983910146,4.05350956670453
423.902834902372,255.63988961882,3.55938631142319
11.2300570071448,183.372651187977,3.19591972704201
77.5751998660447,109.273760586285,4.54875261235844
609.14913478516,196.41015661668,4.33291811281811
258.200206253231,224.128521703638,3.93555022161522
562.758516932921,430.297877878152,3.91225566775201
298.410928523803,136.724628174701,3.83167633956989
530.862739050362,462.261539834773,3.51342370086059
42.647006111012,414.2299280367,3.79857141568397
195.505588780751,287.352184434338,3.88235937577322
557.568944837631,267.761765354909,3.74949009562448
175.55461842064,19.1552835755296,4.42747137551863
495.979855728651,348.99246187125,4.58054427823516
45.0886883721743,50.3710931394305,3.9854519973751
542.387003640565,163.331646911718,4.56059096753858
NA,NA,NA
662.159989181108,332.981251736312,3.52293937011957
454.712463284028,301.049509368692,3.65982349171241
14.2556032605637,495.10660504755,3.64586390120664
558.753352125338,47.9760733090319,4.12963622250014
74.4101054430203,373.713717899257,3.97820731595818
226.91214854214,414.86503492422,3.92142615408029
428.729367159369,14.0494887958453,3.18413153647096
360.166740432237,293.101799398089,3.04564637962024
601.769186637582,101.727540670509,4.19822452909926
390.873615983608,228.964945171036,4.18575507246498
566.383599545907,411.648874688857,4.73137674331673
144.310079252729,283.517002631059,4.54600723360826
198.777039421916,370.568510729673,3.94587938811485
125.153671664945,413.470167202919,3.42307261537109
629.952700002051,314.443241409575,4.41281195338791
4.22849490265148,146.844110127639,4.25346576772624
542.306210153515,199.760597318275,4.18058708500695
32.2701577426265,493.885598890247,3.08441487156244
273.210008865597,24.141642826355,3.85582977555908
530.497650965779,393.784439825739,3.5786800134075
72.9831545139619,76.0923787696349,5.20950821277194
4.25830884533242,77.1826276556974,3.59287609100895
589.161090274451,229.353193699772,4.11348483416213
441.108983257207,464.191879134917,4.74706278516827
659.90695445733,373.403212414767,3.05048884382535
97.1752239799873,490.260164868077,4.36602866676018
621.340985294446,90.8734983910146,4.05350956670453
423.902834902372,255.63988961882,3.55938631142319
11.2300570071448,183.372651187977,3.19591972704201
77.5751998660447,109.273760586285,4.54875261235844
609.14913478516,196.41015661668,4.33291811281811
258.200206253231,224.128521703638,3.93555022161522
562.758516932921,430.297877878152,3.91225566775201
298.410928523803,136.724628174701,3.83167633956989
530.862739050362,462.261539834773,3.51342370086059
42.647006111012,414.2299280367,3.79857141568397
195.505588780751,287.352184434338,3.88235937577322
557.568944837631,267.761765354909,3.74949009562448
175.55461842064,19.1552835755296,4.42747137551863
495.979855728651,348.99246187125,4.58054427823516
45.0886883721743,50.3710931394305,3.9854519973751
542.387003640565,163.331646911718,4.56059096753858
NA,NA,NA
662.159989181108,332.981251736312,3.52293937011957
454.712463284028,301.049509368692,3.65982349171241
14.2556032605637,495.10660504755,3.64586390120664
558.753352125338,47.9760733090319,4.12963622250014
74.4101054430203,373.713717899257,3.97820731595818
226.91214854214,414.86503492422,3.92142615408029
428.729367159369,14.0494887958453,3.18413153647096
360.166740432237,293.101799398089,3.04564637962024
601.769186637582,101.727540670509,4.19822452909926
390.873615983608,228.964945171036,4.18575507246498
566.383599545907,411.648874688857,4.73137674331673
144.310079252729,283.517002631059,4.54600723360826
198.777039421916,370.568510729673,3.94587938811485
125.153671664945,413.470167202919,3.42307261537109
629.952700002051,314.443241409575,4.41281195338791
4.22849490265148,146.844110127639,4.25346576772624
542.306210153515,199.760597318275,4.18058708500695
32.2701577426265,493.885598890247,3.08441487156244
273.210008865597,24.141642826355,3.85582977555908
530.497650965779,393.784439825739,3.5786800134075
72.9831545139619,76.0923787696349,5.20950821277194
4.25830884533242,77.1826276556974,3.59287609100895
589.161090274451,229.353193699772,4.11348483416213
441.108983257207,464.191879134917,4.74706278516827
659.90695445733,373.403212414767,3.05048884382535
97.1752239799873,490.260164868077,4.36602866676018
621.340985294446,90.8734983910146,4.05350956670453
423.902834902372,255.63988961882,3.55938631142319
11.2300570071448,183.372651187977,3.19591972704201
77.5751998660447,109.273760586285,4.54875261235844
609.14913478516,196.41015661668,4.33291811281811
258.200206253231,224.128521703638,3.93555022161522
562.758516932921,430.297877878152,3.91225566775201
298.410928523803,136.724628174701,3.83167633956989
530.862739050362,462.261539834773,3.51342370086059
42.647006111012,414.2299280367,3.79857141568397
195.505588780751,287.352184434338,3.88235937577322
557.568944837631,267.761765354909,3.74949009562448
175.55461842064,19.1552835755296,4.42747137551863
495.979855728651,348.99246187125,4.58054427823516
45.0886883721743,50.3710931394305,3.9854519973751
542.387003640565,163.331646911718,4.56059096753858
NA,NA,NA
659.269533975614,339.164217030569,3.54739160937676
454.557954227334,297.425899951996,3.4581228243458
7.24230177157203,493.838882141059,3.59596671561058
560.573940577232,53.103254622632,4.25298610406984
74.6033733996166,374.532692067636,3.98744224180232
232.186793426068,408.957581857324,3.88678525662128
429.339556314874,13.9761079357012,3.30303857861257
361.601836806608,292.808981521931,2.96216586942883
600.304458419473,103.569950776363,4.14554015615554
389.809582179208,229.177295244493,4.22184204603097
566.066058940514,411.809564745917,4.66461518372338
141.402862654592,283.443990713574,4.73640726783727
203.452231255445,370.254294619192,3.96761014678301
122.322694251916,411.92493819492,3.31503626057473
624.168095572724,314.845781650167,4.54357806341557
5.94897703448958,153.657429288678,4.29883599098802
543.675321959377,199.625665221916,4.09575258935948
32.6627909311575,493.230084574287,2.88053963756938
279.600648791146,20.284651065305,3.90631200588135
532.497456875591,391.119224531432,3.30919349671679
68.4963825196406,74.4952701525503,5.24883583621968
3.58593262147194,76.3902837118387,3.46208597114576
588.853981445704,225.814972235279,4.0369867358239
445.238925305505,467.65302386436,4.9370051847669
657.888480140036,373.113418015369,2.97624467933807
108.667609263631,486.010485997064,4.52985216554074
623.730193436233,87.6353223621368,4.10576767178041
422.233898467816,256.166428880922,3.59295364676891
10.8447035043784,182.52631717514,3.16705163578684
62.5572708094406,116.657234612312,4.56397411299774
609.23541569478,190.847458957729,4.36192825769829
250.314803065185,220.112359186929,3.66517947739891
574.195224896791,431.586685700671,3.77257584849351
304.433704801908,140.37308543888,4.05179087500178
524.261290583913,460.445604776708,3.57204203913011
51.4128002286378,414.445500453508,3.94304744394651
189.273569476518,284.653704570647,3.98190931416021
553.732612928096,256.332775936925,3.58038174114902
191.264019484329,14.9493299164945,4.42158590570716
497.421517060944,329.803418574013,4.16219697301905
38.3404119238126,45.7987897988771,3.84231413903982
534.719359494597,144.785580317108,4.42412975022448
NA,NA,NA
659.269533975614,339.164217030569,3.54739160937676
454.557954227334,297.425899951996,3.4581228243458
7.24230177157203,493.838882141059,3.59596671561058
560.573940577232,53.103254622632,4.25298610406984
74.6033733996166,374.532692067636,3.98744224180232
232.186793426068,408.957581857324,3.88678525662128
429.339556314874,13.9761079357012,3.30303857861257
361.601836806608,292.808981521931,2.96216586942883
600.304458419473,103.569950776363,4.14554015615554
389.809582179208,229.177295244493,4.22184204603097
566.066058940514,411.809564745917,4.66461518372338
141.402862654592,283.443990713574,4.73640726783727
203.452231255445,370.254294619192,3.96761014678301
122.322694251916,411.92493819492,3.31503626057473
624.168095572724,314.845781650167,4.54357806341557
5.94897703448958,153.657429288678,4.29883599098802
543.675321959377,199.625665221916,4.09575258935948
32.6627909311575,493.230084574287,2.88053963756938
279.600648791146,20.284651065305,3.90631200588135
532.497456875591,391.119224531432,3.30919349671679
68.4963825196406,74.4952701525503,5.24883583621968
3.58593262147194,76.3902837118387,3.46208597114576
588.853981445704,225.814972235279,4.0369867358239
445.238925305505,467.65302386436,4.9370051847669
657.888480140036,373.113418015369,2.97624467933807
108.667609263631,486.010485997064,4.52985216554074
623.730193436233,87.6353223621368,4.10576767178041
422.233898467816,256.166428880922,3.59295364676891
10.8447035043784,182.52631717514,3.16705163578684
62.5572708094406,116.657234612312,4.56397411299774
609.23541569478,190.847458957729,4.36192825769829
250.314803065185,220.112359186929,3.66517947739891
574.195224896791,431.586685700671,3.77257584849351
304.433704801908,140.37308543888,4.05179087500178
524.261290583913,460.445604776708,3.57204203913011
51.4128002286378,414.445500453508,3.94304744394651
189.273569476518,284.653704570647,3.98190931416021
553.732612928096,256.332775936925,3.58038174114902
191.264019484329,14.9493299164945,4.42158590570716
497.421517060944,329.803418574013,4.16219697301905
38.3404119238126,45.7987897988771,3.84231413903982
534.719359494597,144.785580317108,4.42412975022448
NA,NA,NA
659.269533975614,339.164217030569,3.54739160937676
454.557954227334,297.425899951996,3.4581228243458
7.24230177157203,493.838882141059,3.59596671561058
560.573940577232,53.103254622632,4.25298610406984
74.6033733996166,374.532692067636,3.98744224180232
232.186793426068,408.957581857324,3.88678525662128
429.339556314874,13.9761079357012,3.30303857861257
361.601836806608,292.808981521931,2.96216586942883
600.304458419473,103.569950776363,4.14554015615554
389.809582179208,229.177295244493,4.22184204603097
566.066058940514,411.809564745917,4.66461518372338
141.402862654592,283.443990713574,4.73640726783727
203.452231255445,370.254294619192,3.96761014678301
122.322694251916,411.92493819492,3.31503626057473
624.168095572724,314.845781650167,4.54357806341557
5.94897703448958,153.657429288678,4.29883599098802
543.675321959377,199.625665221916,4.09575258935948
32.6627909311575,493.230084574287,2.88053963756938
279.600648791146,20.284651065305,3.90631200588135
532.497456875591,391.119224531432,3.30919349671679
68.4963825196406,74.4952701525503,5.24883583621968
3.58593262147194,76.3902837118387,3.46208597114576
588.853981445704,225.814972235279,4.0369867358239
445.238925305505,467.65302386436,4.9370051847669
657.888480140036,373.113418015369,2.97624467933807
108.667609263631,486.010485997064,4.52985216554074
623.730193436233,87.6353223621368,4.10576767178041
422.233898467816,256.166428880922,3.59295364676891
10.8447035043784,182.52631717514,3.16705163578684
62.5572708094406,116.657234612312,4.56397411299774
609.23541569478,190.847458957729,4.36192825769829
250.314803065185,220.112359186929,3.66517947739891
574.195224896791,431.586685700671,3.77257584849351
304.433704801908,140.37308543888,4.05179087500178
524.261290583913,460.445604776708,3.57204203913011
51.4128002286378,414.445500453508,3.94304744394651
189.273569476518,284.653704570647,3.98190931416021
553.732612928096,256.332775936925,3.58038174114902
191.264019484329,14.9493299164945,4.42158590570716
497.421517060944,329.803418574013,4.16219697301905
38.3404119238126,45.7987897988771,3.84231413903982
534.719359494597,144.785580317108,4.42412975022448
NA,NA,NA
659.269533975614,339.164217030569,3.54739160937676
454.557954227334,297.425899951996,3.4581228243458
7.24230177157203,493.838882141059,3.59596671561058
560.573940577232,53.103254622632,4.25298610406984
74.6033733996166,374.532692067636,3.98744224180232
232.186793426068,408.957581857324,3.88678525662128
429.339556314874,13.9761079357012,3.30303857861257
361.601836806608,292.808981521931,2.96216586942883
600.304458419473,103.569950776363,4.14554015615554
389.809582179208,229.177295244493,4.22184204603097
566.066058940514,411.809564745917,4.66461518372338
141.402862654592,283.443990713574,4.73640726783727
203.452231255445,370.254294619192,3.96761014678301
122.322694251916,411.92493819492,3.31503626057473
624.168095572724,314.845781650167,4.54357806341557
5.94897703448958,153.657429288678,4.29883599098802
543.675321959377,199.625665221916,4.09575258935948
32.6627909311575,493.230084574287,2.88053963756938
279.600648791146,20.284651065305,3.90631200588135
532.497456875591,391.119224531432,3.30919349671679
68.4963825196406,74.4952701525503,5.24883583621968
3.58593262147194,76.3902837118387,3.46208597114576
588.853981445704,225.814972235279,4.0369867358239
445.238925305505,467.65302386436,4.9370051847669
657.888480140036,373.113418015369,2.97624467933807
108.667609263631,486.010485997064,4.52985216554074
623.730193436233,87.6353223621368,4.10576767178041
422.233898467816,256.166428880922,3.59295364676891
10.8447035043784,182.52631717514,3.16705163578684
62.5572708094406,116.657234612312,4.56397411299774
609.23541569478,190.847458957729,4.36192825769829
250.314803065185,220.112359186929,3.66517947739891
574.195224896791,431.586685700671,3.77257584849351
304.433704801908,140.37308543888,4.05179087500178
524.261290583913,460.445604776708,3.57204203913011
51.4128002286378,414.445500453508,3.94304744394651
189.273569476518,284.653704570647,3.98190931416021
553.732612928096,256.332775936925,3.58038174114902
191.264019484329,14.9493299164945,4.42158590570716
497.421517060944,329.803418574013,4.16219697301905
38.3404119238126,45.7987897988771,3.84231413903982
534.719359494597,144.785580317108,4.42412975022448
NA,NA,NA
659.269533975614,339.164217030569,3.54739160937676
454.557954227334,297.425899951996,3.4581228243458
7.24230177157203,493.838882141059,3.59596671561058
560.573940577232,53.103254622632,4.25298610406984
74.6033733996166,374.532692067636,3.98744224180232
232.186793426068,408.957581857324,3.88678525662128
429.339556314874,13.9761079357012,3.30303857861257
361.601836806608,292.808981521931,2.96216586942883
600.304458419473,103.569950776363,4.14554015615554
389.809582179208,229.177295244493,4.22184204603097
566.066058940514,411.809564745917,4.66461518372338
141.402862654592,283.443990713574,4.73640726783727
203.452231255445,370.254294619192,3.96761014678301
122.322694251916,411.92493819492,3.31503626057473
624.168095572724,314.845781650167,4.54357806341557
5.94897703448958,153.657429288678,4.29883599098802
543.675321959377,199.625665221916,4.09575258935948
32.6627909311575,493.230084574287,2.88053963756938
279.600648791146,20.284651065305,3.90631200588135
532.497456875591,391.119224531432,3.30919349671679
68.4963825196406,74.4952701525503,5.24883583621968
3.58593262147194,76.3902837118387,3.46208597114576
588.853981445704,225.814972235279,4.0369867358239
445.238925305505,467.65302386436,4.9370051847669
657.888480140036,373.113418015369,2.97624467933807
108.667609263631,486.010485997064,4.52985216554074
623.730193436233,87.6353223621368,4.10576767178041
422.233898467816,256.166428880922,3.59295364676891
10.8447035043784,182.52631717514,3.16705163578684
62.5572708094406,116.657234612312,4.56397411299774
609.23541569478,190.847458957729,4.36192825769829
250.314803065185,220.112359186929,3.66517947739891
574.195224896791,431.586685700671,3.77257584849351
304.433704801908,140.37308543888,4.05179087500178
524.261290583913,460.445604776708,3.57204203913011
51.4128002286378,414.445500453508,3.94304744394651
189.273569476518,284.653704570647,3.98190931416021
553.732612928096,256.332775936925,3.58038174114902
191.264019484329,14.9493299164945,4.42158590570716
497.421517060944,329.803418574013,4.16219697301905
38.3404119238126,45.7987897988771,3.84231413903982
534.719359494597,144.785580317108,4.42412975022448
NA,NA,NA
659.269533975614,339.164217030569,3.54739160937676
454.557954227334,297.425899951996,3.4581228243458
7.24230177157203,493.838882141059,3.59596671561058
560.573940577232,53.103254622632,4.25298610406984
74.6033733996166,374.532692067636,3.98744224180232
232.186793426068,408.957581857324,3.88678525662128
429.339556314874,13.9761079357012,3.30303857861257
361.601836806608,292.808981521931,2.96216586942883
600.304458419473,103.569950776363,4.14554015615554
389.809582179208,229.177295244493,4.22184204603097
566.066058940514,411.809564745917,4.66461518372338
141.402862654592,283.443990713574,4.73640726783727
203.452231255445,370.254294619192,3.96761014678301
122.322694251916,411.92493819492,3.31503626057473
624.168095572724,314.845781650167,4.54357806341557
5.94897703448958,153.657429288678,4.29883599098802
543.675321959377,199.625665221916,4.09575258935948
32.6627909311575,493.230084574287,2.88053963756938
279.600648791146,20.284651065305,3.90631200588135
532.497456875591,391.119224531432,3.30919349671679
68.4963825196406,74.4952701525503,5.24883583621968
3.58593262147194,76.3902837118387,3.46208597114576
588.853981445704,225.814972235279,4.0369867358239
445.238925305505,467.65302386436,4.9370051847669
657.888480140036,373.113418015369,2.97624467933807
108.667609263631,486.010485997064,4.52985216554074
623.730193436233,87.6353223621368,4.10576767178041
422.233898467816,256.166428880922,3.59295364676891
10.8447035043784,182.52631717514,3.16705163578684
62.5572708094406,116.657234612312,4.56397411299774
609.23541569478,190.847458957729,4.36192825769829
250.314803065185,220.112359186929,3.66517947739891
574.195224896791,431.586685700671,3.77257584849351
304.433704801908,140.37308543888,4.05179087500178
524.261290583913,460.445604776708,3.57204203913011
51.4128002286378,414.445500453508,3.94304744394651
189.273569476518,284.653704570647,3.98190931416021
553.732612928096,256.332775936925,3.58038174114902
191.264019484329,14.9493299164945,4.42158590570716
497.421517060944,329.803418574013,4.16219697301905
38.3404119238126,45.7987897988771,3.84231413903982
534.719359494597,144.785580317108,4.42412975022448
NA,NA,NA
661.063047906211,330.429063379604,3.64220235328759
457.748413952649,301.217527137332,3.78489587601841
9.27654639731208,491.606934779138,3.54232517442407
558.681082757757,49.6055136809794,4.29135077610058
69.1008558157772,374.895948740472,3.96471597293334
230.998804643233,414.685725190235,3.85951159900002
429.151674819508,13.3731151470383,3.33751745534101
362.576753697747,293.968913444732,3.0220990148763
608.53361969753,108.686417582485,4.24132315417562
393.083017927371,225.954668320049,4.01552411149965
568.148581850977,414.455135972577,4.77146678946785
137.264619572803,279.638167298259,4.55617973104308
198.895004604847,367.071688261865,4.0329257380366
125.045571392047,412.528064907358,3.29804214280068
629.493272743682,314.694666248322,4.64107903520251
-0.121451700752825,150.644114669039,4.33505797072276
540.685384426259,205.487563097427,4.17661414620994
34.9555078122547,490.611677863581,2.96116781707909
282.471813548135,25.4793616236597,3.95862152107872
532.806122593973,393.101720042749,3.22141443010621
71.4540016466876,72.3377758344443,5.27389865803049
8.1600835831244,77.38548490171,3.44659950362215
589.328467498394,226.253937208068,3.94465832015907
442.644980697924,461.601243307718,4.73716948693493
658.259875025024,375.515538862419,2.89854387040045
108.255159587937,492.814832863116,4.41449453099247
625.975063614186,87.1176569371259,4.10420494953449
417.785846071668,260.049111373925,3.62309493759375
12.2184729763109,182.647297983105,3.33524132302226
67.7863350283026,125.427218259464,4.56410926666031
616.255933734901,196.150304835515,4.35753811808368
249.604071968963,218.792953212558,3.56627410061772
575.196656313253,436.323530664089,3.7336396360673
299.217817695537,136.771614698963,3.94472192843044
529.562733659717,457.21113379663,3.49148759020994
49.4343009696926,412.149515117104,3.99453163894404
195.139362612915,291.650129833179,4.15096013611142
558.885172914742,261.026604289022,3.67376990019466
164.25027834809,45.3601967813712,4.333408145769
496.044817245102,344.073213844257,4.34251268301368
41.1346411060292,47.7988246832775,3.67603644616264
549.684576396391,130.339919944956,4.71587218381448
NA,NA,NA
661.063047906211,330.429063379604,3.64220235328759
457.748413952649,301.217527137332,3.78489587601841
9.27654639731208,491.606934779138,3.54232517442407
558.681082757757,49.6055136809794,4.29135077610058
69.1008558157772,374.895948740472,3.96471597293334
230.998804643233,414.685725190235,3.85951159900002
429.151674819508,13.3731151470383,3.33751745534101
362.576753697747,293.968913444732,3.0220990148763
608.53361969753,108.686417582485,4.24132315417562
393.083017927371,225.954668320049,4.01552411149965
568.148581850977,414.455135972577,4.77146678946785
137.264619572803,279.638167298259,4.55617973104308
198.895004604847,367.071688261865,4.0329257380366
125.045571392047,412.528064907358,3.29804214280068
629.493272743682,314.694666248322,4.64107903520251
-0.121451700752825,150.644114669039,4.33505797072276
540.685384426259,205.487563097427,4.17661414620994
34.9555078122547,490.611677863581,2.96116781707909
282.471813548135,25.4793616236597,3.95862152107872
532.806122593973,393.101720042749,3.22141443010621
71.4540016466876,72.3377758344443,5.27389865803049
8.1600835831244,77.38548490171,3.44659950362215
589.328467498394,226.253937208068,3.94465832015907
442.644980697924,461.601243307718,4.73716948693493
658.259875025024,375.515538862419,2.89854387040045
108.255159587937,492.814832863116,4.41449453099247
625.975063614186,87.1176569371259,4.10420494953449
417.785846071668,260.049111373925,3.62309493759375
12.2184729763109,182.647297983105,3.33524132302226
67.7863350283026,125.427218259464,4.56410926666031
616.255933734901,196.150304835515,4.35753811808368
249.604071968963,218.792953212558,3.56627410061772
575.196656313253,436.323530664089,3.7336396360673
299.217817695537,136.771614698963,3.94472192843044
529.562733659717,457.21113379663,3.49148759020994
49.4343009696926,412.149515117104,3.99453163894404
195.139362612915,291.650129833179,4.15096013611142
558.885172914742,261.026604289022,3.67376990019466
164.25027834809,45.3601967813712,4.333408145769
496.044817245102,344.073213844257,4.34251268301368
41.1346411060292,47.7988246832775,3.67603644616264
549.684576396391,130.339919944956,4.71587218381448
NA,NA,NA
661.063047906211,330.429063379604,3.64220235328759
457.748413952649,301.217527137332,3.78489587601841
9.27654639731208,491.606934779138,3.54232517442407
558.681082757757,49.6055136809794,4.29135077610058
69.1008558157772,374.895948740472,3.96471597293334
230.998804643233,414.685725190235,3.85951159900002
429.151674819508,13.3731151470383,3.33751745534101
362.576753697747,293.968913444732,3.0220990148763
608.53361969753,108.686417582485,4.24132315417562
393.083017927371,225.954668320049,4.01552411149965
568.148581850977,414.455135972577,4.77146678946785
137.264619572803,279.638167298259,4.55617973104308
198.895004604847,367.071688261865,4.0329257380366
125.045571392047,412.528064907358,3.29804214280068
629.493272743682,314.694666248322,4.64107903520251
-0.121451700752825,150.644114669039,4.33505797072276
540.685384426259,205.487563097427,4.17661414620994
34.9555078122547,490.611677863581,2.96116781707909
282.471813548135,25.4793616236597,3.95862152107872
532.806122593973,393.101720042749,3.22141443010621
71.4540016466876,72.3377758344443,5.27389865803049
8.1600835831244,77.38548490171,3.44659950362215
589.328467498394,226.253937208068,3.94465832015907
442.644980697924,461.601243307718,4.73716948693493
658.259875025024,375.515538862419,2.89854387040045
108.255159587937,492.814832863116,4.41449453099247
625.975063614186,87.1176569371259,4.10420494953449
417.785846071668,260.049111373925,3.62309493759375
12.2184729763109,182.647297983105,3.33524132302226
67.7863350283026,125.427218259464,4.56410926666031
616.255933734901,196.150304835515,4.35753811808368
249.604071968963,218.792953212558,3.56627410061772
575.196656313253,436.323530664089,3.7336396360673
299.217817695537,136.771614698963,3.94472192843044
529.562733659717,457.21113379663,3.49148759020994
49.4343009696926,412.149515117104,3.99453163894404
195.139362612915,291.650129833179,4.15096013611142
558.885172914742,261.026604289022,3.67376990019466
164.25027834809,45.3601967813712,4.333408145769
496.044817245102,344.073213844257,4.34251268301368
41.1346411060292,47.7988246832775,3.67603644616264
549.684576396391,130.339919944956,4.71587218381448
NA,NA,NA
661.063047906211,330.429063379604,3.64220235328759
457.748413952649,301.217527137332,3.78489587601841
9.27654639731208,491.606934779138,3.54232517442407
558.681082757757,49.6055136809794,4.29135077610058
69.1008558157772,374.895948740472,3.96471597293334
230.998804643233,414.685725190235,3.85951159900002
429.151674819508,13.3731151470383,3.33751745534101
362.576753697747,293.968913444732,3.0220990148763
608.53361969753,108.686417582485,4.24132315417562
393.083017927371,225.954668320049,4.01552411149965
568.148581850977,414.455135972577,4.77146678946785
137.264619572803,279.638167298259,4.55617973104308
198.895004604847,367.071688261865,4.0329257380366
125.045571392047,412.528064907358,3.29804214280068
629.493272743682,314.694666248322,4.64107903520251
-0.121451700752825,150.644114669039,4.33505797072276
540.685384426259,205.487563097427,4.17661414620994
34.9555078122547,490.611677863581,2.96116781707909
282.471813548135,25.4793616236597,3.95862152107872
532.806122593973,393.101720042749,3.22141443010621
71.4540016466876,72.3377758344443,5.27389865803049
8.1600835831244,77.38548490171,3.44659950362215
589.328467498394,226.253937208068,3.94465832015907
442.644980697924,461.601243307718,4.73716948693493
658.259875025024,375.515538862419,2.89854387040045
108.255159587937,492.814832863116,4.41449453099247
625.975063614186,87.1176569371259,4.10420494953449
417.785846071668,260.049111373925,3.62309493759375
12.2184729763109,182.647297983105,3.33524132302226
67.7863350283026,125.427218259464,4.56410926666031
616.255933734901,196.150304835515,4.35753811808368
249.604071968963,218.792953212558,3.56627410061772
575.196656313253,436.323530664089,3.7336396360673
299.217817695537,136.771614698963,3.94472192843044
529.562733659717,457.21113379663,3.49148759020994
49.4343009696926,412.149515117104,3.99453163894404
195.139362612915,291.650129833179,4.15096013611142
558.885172914742,261.026604289022,3.67376990019466
164.25027834809,45.3601967813712,4.333408145769
496.044817245102,344.073213844257,4.34251268301368
41.1346411060292,47.7988246832775,3.67603644616264
549.684576396391,130.339919944956,4.71587218381448
NA,NA,NA
661.063047906211,330.429063379604,3.64220235328759
457.748413952649,301.217527137332,3.78489587601841
9.27654639731208,491.606934779138,3.54232517442407
558.681082757757,49.6055136809794,4.29135077610058
69.1008558157772,374.895948740472,3.96471597293334
230.998804643233,414.685725190235,3.85951159900002
429.151674819508,13.3731151470383,3.33751745534101
362.576753697747,293.968913444732,3.0220990148763
608.53361969753,108.686417582485,4.24132315417562
393.083017927371,225.954668320049,4.01552411149965
568.148581850977,414.455135972577,4.77146678946785
137.264619572803,279.638167298259,4.55617973104308
198.895004604847,367.071688261865,4.0329257380366
125.045571392047,412.528064907358,3.29804214280068
629.493272743682,314.694666248322,4.64107903520251
-0.121451700752825,150.644114669039,4.33505797072276
540.685384426259,205.487563097427,4.17661414620994
34.9555078122547,490.611677863581,2.96116781707909
282.471813548135,25.4793616236597,3.95862152107872
532.806122593973,393.101720042749,3.22141443010621
71.4540016466876,72.3377758344443,5.27389865803049
8.1600835831244,77.38548490171,3.44659950362215
589.328467498394,226.253937208068,3.94465832015907
442.644980697924,461.601243307718,4.73716948693493
658.259875025024,375.515538862419,2.89854387040045
108.255159587937,492.814832863116,4.41449453099247
625.975063614186,87.1176569371259,4.10420494953449
417.785846071668,260.049111373925,3.62309493759375
12.2184729763109,182.647297983105,3.33524132302226
67.7863350283026,125.427218259464,4.56410926666031
616.255933734901,196.150304835515,4.35753811808368
249.604071968963,218.792953212558,3.56627410061772
575.196656313253,436.323530664089,3.7336396360673
299.217817695537,136.771614698963,3.94472192843044
529.562733659717,457.21113379663,3.49148759020994
49.4343009696926,412.149515117104,3.99453163894404
195.139362612915,291.650129833179,4.15096013611142
558.885172914742,261.026604289022,3.67376990019466
164.25027834809,45.3601967813712,4.333408145769
496.044817245102,344.073213844257,4.34251268301368
41.1346411060292,47.7988246832775,3.67603644616264
549.684576396391,130.339919944956,4.71587218381448
NA,NA,NA
661.063047906211,330.429063379604,3.64220235328759
457.748413952649,301.217527137332,3.78489587601841
9.27654639731208,491.606934779138,3.54232517442407
558.681082757757,49.6055136809794,4.29135077610058
69.1008558157772,374.895948740472,3.96471597293334
230.998804643233,414.685725190235,3.85951159900002
429.151674819508,13.3731151470383,3.33751745534101
362.576753697747,293.968913444732,3.0220990148763
608.53361969753,108.686417582485,4.24132315417562
393.083017927371,225.954668320049,4.01552411149965
568.148581850977,414.455135972577,4.77146678946785
137.264619572803,279.638167298259,4.55617973104308
198.895004604847,367.071688261865,4.0329257380366
125.045571392047,412.528064907358,3.29804214280068
629.493272743682,314.694666248322,4.64107903520251
-0.121451700752825,150.644114669039,4.33505797072276
540.685384426259,205.487563097427,4.17661414620994
34.9555078122547,490.611677863581,2.96116781707909
282.471813548135,25.4793616236597,3.95862152107872
532.806122593973,393.101720042749,3.22141443010621
71.4540016466876,72.3377758344443,5.27389865803049
8.1600835831244,77.38548490171,3.44659950362215
589.328467498394,226.253937208068,3.94465832015907
442.644980697924,461.601243307718,4.73716948693493
658.259875025024,375.515538862419,2.89854387040045
108.255159587937,492.814832863116,4.41449453099247
625.975063614186,87.1176569371259,4.10420494953449
417.785846071668,260.049111373925,3.62309493759375
12.2184729763109,182.647297983105,3.33524132302226
67.7863350283026,125.427218259464,4.56410926666031
616.255933734901,196.150304835515,4.35753811808368
249.604071968963,218.792953212558,3.56627410061772
575.196656313253,436.323530664089,3.7336396360673
299.217817695537,136.771614698963,3.94472192843044
529.562733659717,457.21113379663,3.49148759020994
49.4343009696926,412.149515117104,3.99453163894404
195.139362612915,291.650129833179,4.15096013611142
558.885172914742,261.026604289022,3.67376990019466
164.25027834809,45.3601967813712,4.333408145769
496.044817245102,344.073213844257,4.34251268301368
41.1346411060292,47.7988246832775,3.67603644616264
549.684576396391,130.339919944956,4.71587218381448
NA,NA,NA
663.241148252312,327.226794754993,3.60106012930436
457.727226787502,297.428073550166,3.5034679838251
9.59728614950907,494.412137528298,3.53941298990914
561.246747038136,51.9586118691204,4.32126491356127
71.0493420880583,379.482817408934,3.91817121659084
226.28771018807,412.241018085741,3.87806424905559
427.834767860768,13.7407908921532,3.31755299158002
366.740816853458,293.060389447388,2.95487421336672
607.029292868374,108.98166977553,4.33615177476358
391.209360051663,235.671492199025,4.14451335687902
569.261351681292,400.515400534542,4.68029302843241
141.713113206464,289.16948815702,4.44320037771505
192.232796462926,369.162882735223,3.91331969386873
126.948163123034,410.597831139157,3.32349295058804
628.294285595618,310.148345289117,4.43541006196675
2.0058515328687,152.599340076374,4.30474399676701
540.433399299884,199.20621718014,4.08999780423716
34.2486900752438,491.507901180436,2.92963823222029
282.017316481008,24.6638304599275,3.99107009662514
538.168988696928,389.924303634144,3.3966592145526
70.3073595012083,71.2037863286613,5.27722106526607
2.20372017395399,77.5721323918087,3.34915764909644
583.769557295291,228.402460724747,3.911219888258
442.402443967513,458.162843659881,4.77966682840126
660.239097142486,371.999559663163,2.856874994633
109.411594862125,486.906837967963,4.36733498315525
623.024261633311,93.7946474048723,4.12715255977987
421.730635647063,258.510226866741,3.51282075696483
10.7367115242626,182.299745921435,3.22999273441348
59.466133858175,110.130211400847,4.55820781615648
613.062026329719,201.820213483577,4.22335659463041
254.154842482345,225.851734324411,3.83534084041481
574.500984286415,435.821148701742,3.61290826256419
299.818224197695,134.742894781942,3.94170997319715
526.952420813732,459.917438925461,3.60643234267086
49.1005245774171,413.497792735146,3.92716151803918
193.841333676125,281.930214513036,3.64855811388502
548.290759101279,266.4966197824,3.85456544902279
165.544475064411,29.8564911545091,4.43194934758232
504.770032197731,337.825889908152,4.65054899804881
40.0516151835863,61.1762384739169,4.49803511056227
540.302572259603,134.253170780167,4.6683375344704
NA,NA,NA
663.241148252312,327.226794754993,3.60106012930436
457.727226787502,297.428073550166,3.5034679838251
9.59728614950907,494.412137528298,3.53941298990914
561.246747038136,51.9586118691204,4.32126491356127
71.0493420880583,379.482817408934,3.91817121659084
226.28771018807,412.241018085741,3.87806424905559
427.834767860768,13.7407908921532,3.31755299158002
366.740816853458,293.060389447388,2.95487421336672
607.029292868374,108.98166977553,4.33615177476358
391.209360051663,235.671492199025,4.14451335687902
569.261351681292,400.515400534542,4.68029302843241
141.713113206464,289.16948815702,4.44320037771505
192.232796462926,369.162882735223,3.91331969386873
126.948163123034,410.597831139157,3.32349295058804
628.294285595618,310.148345289117,4.43541006196675
2.0058515328687,152.599340076374,4.30474399676701
540.433399299884,199.20621718014,4.08999780423716
34.2486900752438,491.507901180436,2.92963823222029
282.017316481008,24.6638304599275,3.99107009662514
538.168988696928,389.924303634144,3.3966592145526
70.3073595012083,71.2037863286613,5.27722106526607
2.20372017395399,77.5721323918087,3.34915764909644
583.769557295291,228.402460724747,3.911219888258
442.402443967513,458.162843659881,4.77966682840126
660.239097142486,371.999559663163,2.856874994633
109.411594862125,486.906837967963,4.36733498315525
623.024261633311,93.7946474048723,4.12715255977987
421.730635647063,258.510226866741,3.51282075696483
10.7367115242626,182.299745921435,3.22999273441348
59.466133858175,110.130211400847,4.55820781615648
613.062026329719,201.820213483577,4.22335659463041
254.154842482345,225.851734324411,3.83534084041481
574.500984286415,435.821148701742,3.61290826256419
299.818224197695,134.742894781942,3.94170997319715
526.952420813732,459.917438925461,3.60643234267086
49.1005245774171,413.497792735146,3.92716151803918
193.841333676125,281.930214513036,3.64855811388502
548.290759101279,266.4966197824,3.85456544902279
165.544475064411,29.8564911545091,4.43194934758232
504.770032197731,337.825889908152,4.65054899804881
40.0516151835863,61.1762384739169,4.49803511056227
540.302572259603,134.253170780167,4.6683375344704
NA,NA,NA
663.241148252312,327.226794754993,3.60106012930436
457.727226787502,297.428073550166,3.5034679838251
9.59728614950907,494.412137528298,3.53941298990914
561.246747038136,51.9586118691204,4.32126491356127
71.0493420880583,379.482817408934,3.91817121659084
226.28771018807,412.241018085741,3.87806424905559
427.834767860768,13.7407908921532,3.31755299158002
366.740816853458,293.060389447388,2.95487421336672
607.029292868374,108.98166977553,4.33615177476358
391.209360051663,235.671492199025,4.14451335687902
569.261351681292,400.515400534542,4.68029302843241
141.713113206464,289.16948815702,4.44320037771505
192.232796462926,369.162882735223,3.91331969386873
126.948163123034,410.597831139157,3.32349295058804
628.294285595618,310.148345289117,4.43541006196675
2.0058515328687,152.599340076374,4.30474399676701
540.433399299884,199.20621718014,4.08999780423716
34.2486900752438,491.507901180436,2.92963823222029
282.017316481008,24.6638304599275,3.99107009662514
538.168988696928,389.924303634144,3.3966592145526
70.3073595012083,71.2037863286613,5.27722106526607
2.20372017395399,77.5721323918087,3.34915764909644
583.769557295291,228.402460724747,3.911219888258
442.402443967513,458.162843659881,4.77966682840126
660.239097142486,371.999559663163,2.856874994633
109.411594862125,486.906837967963,4.36733498315525
623.024261633311,93.7946474048723,4.12715255977987
421.730635647063,258.510226866741,3.51282075696483
10.7367115242626,182.299745921435,3.22999273441348
59.466133858175,110.130211400847,4.55820781615648
613.062026329719,201.820213483577,4.22335659463041
254.154842482345,225.851734324411,3.83534084041481
574.500984286415,435.821148701742,3.61290826256419
299.818224197695,134.742894781942,3.94170997319715
526.952420813732,459.917438925461,3.60643234267086
49.1005245774171,413.497792735146,3.92716151803918
193.841333676125,281.930214513036,3.64855811388502
548.290759101279,266.4966197824,3.85456544902279
165.544475064411,29.8564911545091,4.43194934758232
504.770032197731,337.825889908152,4.65054899804881
40.0516151835863,61.1762384739169,4.49803511056227
540.302572259603,134.253170780167,4.6683375344704
NA,NA,NA
663.241148252312,327.226794754993,3.60106012930436
457.727226787502,297.428073550166,3.5034679838251
9.59728614950907,494.412137528298,3.53941298990914
561.246747038136,51.9586118691204,4.32126491356127
71.0493420880583,379.482817408934,3.91817121659084
226.28771018807,412.241018085741,3.87806424905559
427.834767860768,13.7407908921532,3.31755299158002
366.740816853458,293.060389447388,2.95487421336672
607.029292868374,108.98166977553,4.33615177476358
391.209360051663,235.671492199025,4.14451335687902
569.261351681292,400.515400534542,4.68029302843241
141.713113206464,289.16948815702,4.44320037771505
192.232796462926,369.162882735223,3.91331969386873
126.948163123034,410.597831139157,3.32349295058804
628.294285595618,310.148345289117,4.43541006196675
2.0058515328687,152.599340076374,4.30474399676701
540.433399299884,199.20621718014,4.08999780423716
34.2486900752438,491.507901180436,2.92963823222029
282.017316481008,24.6638304599275,3.99107009662514
538.168988696928,389.924303634144,3.3966592145526
70.3073595012083,71.2037863286613,5.27722106526607
2.20372017395399,77.5721323918087,3.34915764909644
583.769557295291,228.402460724747,3.911219888258
442.402443967513,458.162843659881,4.77966682840126
660.239097142486,371.999559663163,2.856874994633
109.411594862125,486.906837967963,4.36733498315525
623.024261633311,93.7946474048723,4.12715255977987
421.730635647063,258.510226866741,3.51282075696483
10.7367115242626,182.299745921435,3.22999273441348
59.466133858175,110.130211400847,4.55820781615648
613.062026329719,201.820213483577,4.22335659463041
254.154842482345,225.851734324411,3.83534084041481
574.500984286415,435.821148701742,3.61290826256419
299.818224197695,134.742894781942,3.94170997319715
526.952420813732,459.917438925461,3.60643234267086
49.1005245774171,413.497792735146,3.92716151803918
193.841333676125,281.930214513036,3.64855811388502
548.290759101279,266.4966197824,3.85456544902279
165.544475064411,29.8564911545091,4.43194934758232
504.770032197731,337.825889908152,4.65054899804881
40.0516151835863,61.1762384739169,4.49803511056227
540.302572259603,134.253170780167,4.6683375344704
NA,NA,NA
663.241148252312,327.226794754993,3.60106012930436
457.727226787502,297.428073550166,3.5034679838251
9.59728614950907,494.412137528298,3.53941298990914
561.246747038136,51.9586118691204,4.32126491356127
71.0493420880583,379.482817408934,3.91817121659084
226.28771018807,412.241018085741,3.87806424905559
427.834767860768,13.7407908921532,3.31755299158002
366.740816853458,293.060389447388,2.95487421336672
607.029292868374,108.98166977553,4.33615177476358
391.209360051663,235.671492199025,4.14451335687902
569.261351681292,400.515400534542,4.68029302843241
141.713113206464,289.16948815702,4.44320037771505
192.232796462926,369.162882735223,3.91331969386873
126.948163123034,410.597831139157,3.32349295058804
628.294285595618,310.148345289117,4.43541006196675
2.0058515328687,152.599340076374,4.30474399676701
540.433399299884,199.20621718014,4.08999780423716
34.2486900752438,491.507901180436,2.92963823222029
282.017316481008,24.6638304599275,3.99107009662514
538.168988696928,389.924303634144,3.3966592145526
70.3073595012083,71.2037863286613,5.27722106526607
2.20372017395399,77.5721323918087,3.34915764909644
583.769557295291,228.402460724747,3.911219888258
442.402443967513,458.162843659881,4.77966682840126
660.239097142486,371.999559663163,2.856874994633
109.411594862125,486.906837967963,4.36733498315525
623.024261633311,93.7946474048723,4.12715255977987
421.730635647063,258.510226866741,3.51282075696483
10.7367115242626,182.299745921435,3.22999273441348
59.466133858175,110.130211400847,4.55820781615648
613.062026329719,201.820213483577,4.22335659463041
254.154842482345,225.851734324411,3.83534084041481
574.500984286415,435.821148701742,3.61290826256419
299.818224197695,134.742894781942,3.94170997319715
526.952420813732,459.917438925461,3.60643234267086
49.1005245774171,413.497792735146,3.92716151803918
193.841333676125,281.930214513036,3.64855811388502
548.290759101279,266.4966197824,3.85456544902279
165.544475064411,29.8564911545091,4.43194934758232
504.770032197731,337.825889908152,4.65054899804881
40.0516151835863,61.1762384739169,4.49803511056227
540.302572259603,134.253170780167,4.6683375344704
NA,NA,NA
663.241148252312,327.226794754993,3.60106012930436
457.727226787502,297.428073550166,3.5034679838251
9.59728614950907,494.412137528298,3.53941298990914
561.246747038136,51.9586118691204,4.32126491356127
71.0493420880583,379.482817408934,3.91817121659084
226.28771018807,412.241018085741,3.87806424905559
427.834767860768,13.7407908921532,3.31755299158002
366.740816853458,293.060389447388,2.95487421336672
607.029292868374,108.98166977553,4.33615177476358
391.209360051663,235.671492199025,4.14451335687902
569.261351681292,400.515400534542,4.68029302843241
141.713113206464,289.16948815702,4.44320037771505
192.232796462926,369.162882735223,3.91331969386873
126.948163123034,410.597831139157,3.32349295058804
628.294285595618,310.148345289117,4.43541006196675
2.0058515328687,152.599340076374,4.30474399676701
540.433399299884,199.20621718014,4.08999780423716
34.2486900752438,491.507901180436,2.92963823222029
282.017316481008,24.6638304599275,3.99107009662514
538.168988696928,389.924303634144,3.3966592145526
70.3073595012083,71.2037863286613,5.27722106526607
2.20372017395399,77.5721323918087,3.34915764909644
583.769557295291,228.402460724747,3.911219888258
442.402443967513,458.162843659881,4.77966682840126
660.239097142486,371.999559663163,2.856874994633
109.411594862125,486.906837967963,4.36733498315525
623.024261633311,93.7946474048723,4.12715255977987
421.730635647063,258.510226866741,3.51282075696483
10.7367115242626,182.299745921435,3.22999273441348
59.466133858175,110.130211400847,4.55820781615648
613.062026329719,201.820213483577,4.22335659463041
254.154842482345,225.851734324411,3.83534084041481
574.500984286415,435.821148701742,3.61290826256419
299.818224197695,134.742894781942,3.94170997319715
526.952420813732,459.917438925461,3.60643234267086
49.1005245774171,413.497792735146,3.92716151803918
193.841333676125,281.930214513036,3.64855811388502
548.290759101279,266.4966197824,3.85456544902279
165.544475064411,29.8564911545091,4.43194934758232
504.770032197731,337.825889908152,4.65054899804881
40.0516151835863,61.1762384739169,4.49803511056227
540.302572259603,134.253170780167,4.6683375344704
NA,NA,NA
663.343687162666,333.124326605094,3.46967380548944
453.891745608105,303.174952256883,3.47531791088288
8.33709247098009,493.80504261297,3.63490515426208
559.824483046686,45.6219361068175,4.11494982331234
76.5217779790933,375.528031987837,3.92505841953191
228.047988342838,416.823351509207,3.98946485505766
426.879993720489,10.8626240799955,3.23029313744914
363.589502460023,291.508302274282,3.17318977545982
604.329423368788,105.861223941283,4.34230239196711
394.203598593205,226.564232299196,4.2982853360908
568.362331236423,409.149400420501,4.79953037851999
140.891890660614,286.246972807768,4.57415532186114
197.570730777891,370.898028562689,3.99036210741401
125.29165912359,410.656695277297,3.4567965183681
626.597755511121,312.385006402798,4.42450494857779
0.26837356395141,153.856265570062,4.23695553360856
546.67922948404,203.687534047673,4.24987532023531
34.1358400031937,489.072700069111,3.1330897721257
279.78218165959,26.7048473493369,3.99452997908208
534.166780175827,391.609312611352,3.39456158170607
76.6975435561994,72.0203872425508,5.29710813373499
6.43072017765894,73.1647975564602,3.56025841690681
588.566901062609,223.193851945084,4.08541295856766
437.375731397515,463.095328577424,4.76041673541144
658.897755772626,374.001001508724,3.09191439002072
100.68385670445,479.306845966774,4.2917706072962
622.654654143223,90.0399882975764,4.1421247163363
417.269113262594,261.952567547529,3.67046709705208
12.6393747311206,182.701767778344,3.26572102430862
68.5788168020148,117.822146789062,4.47642778222797
616.788845191765,210.118659084099,4.10687407242032
247.601360863317,216.810430509492,3.64932911328975
573.325122238802,432.564815697823,3.97718187969468
302.540171717039,135.854976619532,3.92368299812863
524.578173797777,465.026009129797,3.36801764306466
57.7898522947826,419.278882127481,4.42427197843068
184.006208852344,289.832157833218,4.01967642681783
550.956868896563,270.700625850008,3.90146431865509
170.686165818356,26.5457986645877,4.27848653145525
501.226151223184,337.216656698351,4.74513553717433
41.1985969388318,61.0025547161332,4.20059607195217
548.899289629242,148.377601900609,4.71113647214336
NA,NA,NA
663.343687162666,333.124326605094,3.46967380548944
453.891745608105,303.174952256883,3.47531791088288
8.33709247098009,493.80504261297,3.63490515426208
559.824483046686,45.6219361068175,4.11494982331234
76.5217779790933,375.528031987837,3.92505841953191
228.047988342838,416.823351509207,3.98946485505766
426.879993720489,10.8626240799955,3.23029313744914
363.589502460023,291.508302274282,3.17318977545982
604.329423368788,105.861223941283,4.34230239196711
394.203598593205,226.564232299196,4.2982853360908
568.362331236423,409.149400420501,4.79953037851999
140.891890660614,286.246972807768,4.57415532186114
197.570730777891,370.898028562689,3.99036210741401
125.29165912359,410.656695277297,3.4567965183681
626.597755511121,312.385006402798,4.42450494857779
0.26837356395141,153.856265570062,4.23695553360856
546.67922948404,203.687534047673,4.24987532023531
34.1358400031937,489.072700069111,3.1330897721257
279.78218165959,26.7048473493369,3.99452997908208
534.166780175827,391.609312611352,3.39456158170607
76.6975435561994,72.0203872425508,5.29710813373499
6.43072017765894,73.1647975564602,3.56025841690681
588.566901062609,223.193851945084,4.08541295856766
437.375731397515,463.095328577424,4.76041673541144
658.897755772626,374.001001508724,3.09191439002072
100.68385670445,479.306845966774,4.2917706072962
622.654654143223,90.0399882975764,4.1421247163363
417.269113262594,261.952567547529,3.67046709705208
12.6393747311206,182.701767778344,3.26572102430862
68.5788168020148,117.822146789062,4.47642778222797
616.788845191765,210.118659084099,4.10687407242032
247.601360863317,216.810430509492,3.64932911328975
573.325122238802,432.564815697823,3.97718187969468
302.540171717039,135.854976619532,3.92368299812863
524.578173797777,465.026009129797,3.36801764306466
57.7898522947826,419.278882127481,4.42427197843068
184.006208852344,289.832157833218,4.01967642681783
550.956868896563,270.700625850008,3.90146431865509
170.686165818356,26.5457986645877,4.27848653145525
501.226151223184,337.216656698351,4.74513553717433
41.1985969388318,61.0025547161332,4.20059607195217
548.899289629242,148.377601900609,4.71113647214336
NA,NA,NA
663.343687162666,333.124326605094,3.46967380548944
453.891745608105,303.174952256883,3.47531791088288
8.33709247098009,493.80504261297,3.63490515426208
559.824483046686,45.6219361068175,4.11494982331234
76.5217779790933,375.528031987837,3.92505841953191
228.047988342838,416.823351509207,3.98946485505766
426.879993720489,10.8626240799955,3.23029313744914
363.589502460023,291.508302274282,3.17318977545982
604.329423368788,105.861223941283,4.34230239196711
394.203598593205,226.564232299196,4.2982853360908
568.362331236423,409.149400420501,4.79953037851999
140.891890660614,286.246972807768,4.57415532186114
197.570730777891,370.898028562689,3.99036210741401
125.29165912359,410.656695277297,3.4567965183681
626.597755511121,312.385006402798,4.42450494857779
0.26837356395141,153.856265570062,4.23695553360856
546.67922948404,203.687534047673,4.24987532023531
34.1358400031937,489.072700069111,3.1330897721257
279.78218165959,26.7048473493369,3.99452997908208
534.166780175827,391.609312611352,3.39456158170607
76.6975435561994,72.0203872425508,5.29710813373499
6.43072017765894,73.1647975564602,3.56025841690681
588.566901062609,223.193851945084,4.08541295856766
437.375731397515,463.095328577424,4.76041673541144
658.897755772626,374.001001508724,3.09191439002072
100.68385670445,479.306845966774,4.2917706072962
622.654654143223,90.0399882975764,4.1421247163363
417.269113262594,261.952567547529,3.67046709705208
12.6393747311206,182.701767778344,3.26572102430862
68.5788168020148,117.822146789062,4.47642778222797
616.788845191765,210.118659084099,4.10687407242032
247.601360863317,216.810430509492,3.64932911328975
573.325122238802,432.564815697823,3.97718187969468
302.540171717039,135.854976619532,3.92368299812863
524.578173797777,465.026009129797,3.36801764306466
57.7898522947826,419.278882127481,4.42427197843068
184.006208852344,289.832157833218,4.01967642681783
550.956868896563,270.700625850008,3.90146431865509
170.686165818356,26.5457986645877,4.27848653145525
501.226151223184,337.216656698351,4.74513553717433
41.1985969388318,61.0025547161332,4.20059607195217
548.899289629242,148.377601900609,4.71113647214336
NA,NA,NA
663.343687162666,333.124326605094,3.46967380548944
453.891745608105,303.174952256883,3.47531791088288
8.33709247098009,493.80504261297,3.63490515426208
559.824483046686,45.6219361068175,4.11494982331234
76.5217779790933,375.528031987837,3.92505841953191
228.047988342838,416.823351509207,3.98946485505766
426.879993720489,10.8626240799955,3.23029313744914
363.589502460023,291.508302274282,3.17318977545982
604.329423368788,105.861223941283,4.34230239196711
394.203598593205,226.564232299196,4.2982853360908
568.362331236423,409.149400420501,4.79953037851999
140.891890660614,286.246972807768,4.57415532186114
197.570730777891,370.898028562689,3.99036210741401
125.29165912359,410.656695277297,3.4567965183681
626.597755511121,312.385006402798,4.42450494857779
0.26837356395141,153.856265570062,4.23695553360856
546.67922948404,203.687534047673,4.24987532023531
34.1358400031937,489.072700069111,3.1330897721257
279.78218165959,26.7048473493369,3.99452997908208
534.166780175827,391.609312611352,3.39456158170607
76.6975435561994,72.0203872425508,5.29710813373499
6.43072017765894,73.1647975564602,3.56025841690681
588.566901062609,223.193851945084,4.08541295856766
437.375731397515,463.095328577424,4.76041673541144
658.897755772626,374.001001508724,3.09191439002072
100.68385670445,479.306845966774,4.2917706072962
622.654654143223,90.0399882975764,4.1421247163363
417.269113262594,261.952567547529,3.67046709705208
12.6393747311206,182.701767778344,3.26572102430862
68.5788168020148,117.822146789062,4.47642778222797
616.788845191765,210.118659084099,4.10687407242032
247.601360863317,216.810430509492,3.64932911328975
573.325122238802,432.564815697823,3.97718187969468
302.540171717039,135.854976619532,3.92368299812863
524.578173797777,465.026009129797,3.36801764306466
57.7898522947826,419.278882127481,4.42427197843068
184.006208852344,289.832157833218,4.01967642681783
550.956868896563,270.700625850008,3.90146431865509
170.686165818356,26.5457986645877,4.27848653145525
501.226151223184,337.216656698351,4.74513553717433
41.1985969388318,61.0025547161332,4.20059607195217
548.899289629242,148.377601900609,4.71113647214336
NA,NA,NA
663.343687162666,333.124326605094,3.46967380548944
453.891745608105,303.174952256883,3.47531791088288
8.33709247098009,493.80504261297,3.63490515426208
559.824483046686,45.6219361068175,4.11494982331234
76.5217779790933,375.528031987837,3.92505841953191
228.047988342838,416.823351509207,3.98946485505766
426.879993720489,10.8626240799955,3.23029313744914
363.589502460023,291.508302274282,3.17318977545982
604.329423368788,105.861223941283,4.34230239196711
394.203598593205,226.564232299196,4.2982853360908
568.362331236423,409.149400420501,4.79953037851999
140.891890660614,286.246972807768,4.57415532186114
197.570730777891,370.898028562689,3.99036210741401
125.29165912359,410.656695277297,3.4567965183681
626.597755511121,312.385006402798,4.42450494857779
0.26837356395141,153.856265570062,4.23695553360856
546.67922948404,203.687534047673,4.24987532023531
34.1358400031937,489.072700069111,3.1330897721257
279.78218165959,26.7048473493369,3.99452997908208
534.166780175827,391.609312611352,3.39456158170607
76.6975435561994,72.0203872425508,5.29710813373499
6.43072017765894,73.1647975564602,3.56025841690681
588.566901062609,223.193851945084,4.08541295856766
437.375731397515,463.095328577424,4.76041673541144
658.897755772626,374.001001508724,3.09191439002072
100.68385670445,479.306845966774,4.2917706072962
622.654654143223,90.0399882975764,4.1421247163363
417.269113262594,261.952567547529,3.67046709705208
12.6393747311206,182.701767778344,3.26572102430862
68.5788168020148,117.822146789062,4.47642778222797
616.788845191765,210.118659084099,4.10687407242032
247.601360863317,216.810430509492,3.64932911328975
573.325122238802,432.564815697823,3.97718187969468
302.540171717039,135.854976619532,3.92368299812863
524.578173797777,465.026009129797,3.36801764306466
57.7898522947826,419.278882127481,4.42427197843068
184.006208852344,289.832157833218,4.01967642681783
550.956868896563,270.700625850008,3.90146431865509
170.686165818356,26.5457986645877,4.27848653145525
501.226151223184,337.216656698351,4.74513553717433
41.1985969388318,61.0025547161332,4.20059607195217
548.899289629242,148.377601900609,4.71113647214336
NA,NA,NA
663.343687162666,333.124326605094,3.46967380548944
453.891745608105,303.174952256883,3.47531791088288
8.33709247098009,493.80504261297,3.63490515426208
559.824483046686,45.6219361068175,4.11494982331234
76.5217779790933,375.528031987837,3.92505841953191
228.047988342838,416.823351509207,3.98946485505766
426.879993720489,10.8626240799955,3.23029313744914
363.589502460023,291.508302274282,3.17318977545982
604.329423368788,105.861223941283,4.34230239196711
394.203598593205,226.564232299196,4.2982853360908
568.362331236423,409.149400420501,4.79953037851999
140.891890660614,286.246972807768,4.57415532186114
197.570730777891,370.898028562689,3.99036210741401
125.29165912359,410.656695277297,3.4567965183681
626.597755511121,312.385006402798,4.42450494857779
0.26837356395141,153.856265570062,4.23695553360856
546.67922948404,203.687534047673,4.24987532023531
34.1358400031937,489.072700069111,3.1330897721257
279.78218165959,26.7048473493369,3.99452997908208
534.166780175827,391.609312611352,3.39456158170607
76.6975435561994,72.0203872425508,5.29710813373499
6.43072017765894,73.1647975564602,3.56025841690681
588.566901062609,223.193851945084,4.08541295856766
437.375731397515,463.095328577424,4.76041673541144
658.897755772626,374.001001508724,3.09191439002072
100.68385670445,479.306845966774,4.2917706072962
622.654654143223,90.0399882975764,4.1421247163363
417.269113262594,261.952567547529,3.67046709705208
12.6393747311206,182.701767778344,3.26572102430862
68.5788168020148,117.822146789062,4.47642778222797
616.788845191765,210.118659084099,4.10687407242032
247.601360863317,216.810430509492,3.64932911328975
573.325122238802,432.564815697823,3.97718187969468
302.540171717039,135.854976619532,3.92368299812863
524.578173797777,465.026009129797,3.36801764306466
57.7898522947826,419.278882127481,4.42427197843068
184.006208852344,289.832157833218,4.01967642681783
550.956868896563,270.700625850008,3.90146431865509
170.686165818356,26.5457986645877,4.27848653145525
501.226151223184,337.216656698351,4.74513553717433
41.1985969388318,61.0025547161332,4.20059607195217
548.899289629242,148.377601900609,4.71113647214336
NA,NA,NA
660.801183728275,334.990392944852,3.56736252748459
451.533518331362,299.286868004914,3.56842964318166
7.0989454318848,491.96067748231,3.70112826781645
560.324854454909,49.0804869577955,4.19684012631495
69.5894857313348,381.189269395756,4.0255619486345
226.774726224559,415.822235156386,3.85091656278173
424.371331528445,14.6515184683065,3.40182936600818
362.339835060587,293.053852910306,3.18763079792122
603.747677625692,109.828126481511,4.20870177674595
395.165875215714,229.9308448151,4.16363556392456
570.52989505465,406.345997662198,4.72723979955054
145.866141731589,282.104644766073,4.42643566905014
196.794729163432,365.480563742599,4.0462443282983
125.777733243821,415.61953176384,3.44095391352044
631.532784787251,311.269133182129,4.71965674943248
2.62805284691211,154.418371808845,4.27789334728214
540.409149298142,203.166615303333,4.207619483941
34.6500227089883,491.141339404579,3.08288792570023
277.738295211502,24.759915762665,4.04855942611778
537.282965703706,390.277506801382,3.39060804512689
71.7527851888051,76.1190607224153,5.1154153243185
1.8945865174098,79.3708132996821,3.50575231535512
588.61491646255,227.697303243203,4.09204497766794
441.205483635911,459.094399117218,4.8304498255714
660.356209039792,372.499145845363,2.93562753576167
105.762981736886,486.502065321563,4.42166959028958
628.546807245912,91.7969503159942,4.11382207607237
422.771626101073,262.008074575879,3.6222793567538
12.8455089512793,182.622459836966,3.1772313599921
53.4454327527706,110.608141917642,4.5862600275193
609.723090853984,211.346163093281,4.33427489507198
248.979456792969,214.290403500462,3.84462078015403
570.702789331403,441.142225739885,3.67433006528534
305.233830012192,142.203358538914,3.85368609918983
525.954316411696,457.303849203049,3.55095717694928
51.7716547181962,428.410178784089,3.86354729803178
202.399737983406,290.430743769743,4.0003199855954
546.921214730524,262.754391045617,3.64815876725604
183.663950816882,20.2699773621741,4.19350218518948
495.883031696985,336.554809524724,4.66412710166204
35.3620438834721,56.5371967918748,3.87365480925429
556.624491263768,145.205323537522,4.64113637131264
NA,NA,NA
660.801183728275,334.990392944852,3.56736252748459
451.533518331362,299.286868004914,3.56842964318166
7.0989454318848,491.96067748231,3.70112826781645
560.324854454909,49.0804869577955,4.19684012631495
69.5894857313348,381.189269395756,4.0255619486345
226.774726224559,415.822235156386,3.85091656278173
424.371331528445,14.6515184683065,3.40182936600818
362.339835060587,293.053852910306,3.18763079792122
603.747677625692,109.828126481511,4.20870177674595
395.165875215714,229.9308448151,4.16363556392456
570.52989505465,406.345997662198,4.72723979955054
145.866141731589,282.104644766073,4.42643566905014
196.794729163432,365.480563742599,4.0462443282983
125.777733243821,415.61953176384,3.44095391352044
631.532784787251,311.269133182129,4.71965674943248
2.62805284691211,154.418371808845,4.27789334728214
540.409149298142,203.166615303333,4.207619483941
34.6500227089883,491.141339404579,3.08288792570023
277.738295211502,24.759915762665,4.04855942611778
537.282965703706,390.277506801382,3.39060804512689
71.7527851888051,76.1190607224153,5.1154153243185
1.8945865174098,79.3708132996821,3.50575231535512
588.61491646255,227.697303243203,4.09204497766794
441.205483635911,459.094399117218,4.8304498255714
660.356209039792,372.499145845363,2.93562753576167
105.762981736886,486.502065321563,4.42166959028958
628.546807245912,91.7969503159942,4.11382207607237
422.771626101073,262.008074575879,3.6222793567538
12.8455089512793,182.622459836966,3.1772313599921
53.4454327527706,110.608141917642,4.5862600275193
609.723090853984,211.346163093281,4.33427489507198
248.979456792969,214.290403500462,3.84462078015403
570.702789331403,441.142225739885,3.67433006528534
305.233830012192,142.203358538914,3.85368609918983
525.954316411696,457.303849203049,3.55095717694928
51.7716547181962,428.410178784089,3.86354729803178
202.399737983406,290.430743769743,4.0003199855954
546.921214730524,262.754391045617,3.64815876725604
183.663950816882,20.2699773621741,4.19350218518948
495.883031696985,336.554809524724,4.66412710166204
35.3620438834721,56.5371967918748,3.87365480925429
556.624491263768,145.205323537522,4.64113637131264
NA,NA,NA
660.801183728275,334.990392944852,3.56736252748459
451.533518331362,299.286868004914,3.56842964318166
7.0989454318848,491.96067748231,3.70112826781645
560.324854454909,49.0804869577955,4.19684012631495
69.5894857313348,381.189269395756,4.0255619486345
226.774726224559,415.822235156386,3.85091656278173
424.371331528445,14.6515184683065,3.40182936600818
362.339835060587,293.053852910306,3.18763079792122
603.747677625692,109.828126481511,4.20870177674595
395.165875215714,229.9308448151,4.16363556392456
570.52989505465,406.345997662198,4.72723979955054
145.866141731589,282.104644766073,4.42643566905014
196.794729163432,365.480563742599,4.0462443282983
125.777733243821,415.61953176384,3.44095391352044
631.532784787251,311.269133182129,4.71965674943248
2.62805284691211,154.418371808845,4.27789334728214
540.409149298142,203.166615303333,4.207619483941
34.6500227089883,491.141339404579,3.08288792570023
277.738295211502,24.759915762665,4.04855942611778
537.282965703706,390.277506801382,3.39060804512689
71.7527851888051,76.1190607224153,5.1154153243185
1.8945865174098,79.3708132996821,3.50575231535512
588.61491646255,227.697303243203,4.09204497766794
441.205483635911,459.094399117218,4.8304498255714
660.356209039792,372.499145845363,2.93562753576167
105.762981736886,486.502065321563,4.42166959028958
628.546807245912,91.7969503159942,4.11382207607237
422.771626101073,262.008074575879,3.6222793567538
12.8455089512793,182.622459836966,3.1772313599921
53.4454327527706,110.608141917642,4.5862600275193
609.723090853984,211.346163093281,4.33427489507198
248.979456792969,214.290403500462,3.84462078015403
570.702789331403,441.142225739885,3.67433006528534
305.233830012192,142.203358538914,3.85368609918983
525.954316411696,457.303849203049,3.55095717694928
51.7716547181962,428.410178784089,3.86354729803178
202.399737983406,290.430743769743,4.0003199855954
546.921214730524,262.754391045617,3.64815876725604
183.663950816882,20.2699773621741,4.19350218518948
495.883031696985,336.554809524724,4.66412710166204
35.3620438834721,56.5371967918748,3.87365480925429
556.624491263768,145.205323537522,4.64113637131264
NA,NA,NA
660.801183728275,334.990392944852,3.56736252748459
451.533518331362,299.286868004914,3.56842964318166
7.0989454318848,491.96067748231,3.70112826781645
560.324854454909,49.0804869577955,4.19684012631495
69.5894857313348,381.189269395756,4.0255619486345
226.774726224559,415.822235156386,3.85091656278173
424.371331528445,14.6515184683065,3.40182936600818
362.339835060587,293.053852910306,3.18763079792122
603.747677625692,109.828126481511,4.20870177674595
395.165875215714,229.9308448151,4.16363556392456
570.52989505465,406.345997662198,4.72723979955054
145.866141731589,282.104644766073,4.42643566905014
196.794729163432,365.480563742599,4.0462443282983
125.777733243821,415.61953176384,3.44095391352044
631.532784787251,311.269133182129,4.71965674943248
2.62805284691211,154.418371808845,4.27789334728214
540.409149298142,203.166615303333,4.207619483941
34.6500227089883,491.141339404579,3.08288792570023
277.738295211502,24.759915762665,4.04855942611778
537.282965703706,390.277506801382,3.39060804512689
71.7527851888051,76.1190607224153,5.1154153243185
1.8945865174098,79.3708132996821,3.50575231535512
588.61491646255,227.697303243203,4.09204497766794
441.205483635911,459.094399117218,4.8304498255714
660.356209039792,372.499145845363,2.93562753576167
105.762981736886,486.502065321563,4.42166959028958
628.546807245912,91.7969503159942,4.11382207607237
422.771626101073,262.008074575879,3.6222793567538
12.8455089512793,182.622459836966,3.1772313599921
53.4454327527706,110.608141917642,4.5862600275193
609.723090853984,211.346163093281,4.33427489507198
248.979456792969,214.290403500462,3.84462078015403
570.702789331403,441.142225739885,3.67433006528534
305.233830012192,142.203358538914,3.85368609918983
525.954316411696,457.303849203049,3.55095717694928
51.7716547181962,428.410178784089,3.86354729803178
202.399737983406,290.430743769743,4.0003199855954
546.921214730524,262.754391045617,3.64815876725604
183.663950816882,20.2699773621741,4.19350218518948
495.883031696985,336.554809524724,4.66412710166204
35.3620438834721,56.5371967918748,3.87365480925429
556.624491263768,145.205323537522,4.64113637131264
NA,NA,NA
660.801183728275,334.990392944852,3.56736252748459
451.533518331362,299.286868004914,3.56842964318166
7.0989454318848,491.96067748231,3.70112826781645
560.324854454909,49.0804869577955,4.19684012631495
69.5894857313348,381.189269395756,4.0255619486345
226.774726224559,415.822235156386,3.85091656278173
424.371331528445,14.6515184683065,3.40182936600818
362.339835060587,293.053852910306,3.18763079792122
603.747677625692,109.828126481511,4.20870177674595
395.165875215714,229.9308448151,4.16363556392456
570.52989505465,406.345997662198,4.72723979955054
145.866141731589,282.104644766073,4.42643566905014
196.794729163432,365.480563742599,4.0462443282983
125.777733243821,415.61953176384,3.44095391352044
631.532784787251,311.269133182129,4.71965674943248
2.62805284691211,154.418371808845,4.27789334728214
540.409149298142,203.166615303333,4.207619483941
34.6500227089883,491.141339404579,3.08288792570023
277.738295211502,24.759915762665,4.04855942611778
537.282965703706,390.277506801382,3.39060804512689
71.7527851888051,76.1190607224153,5.1154153243185
1.8945865174098,79.3708132996821,3.50575231535512
588.61491646255,227.697303243203,4.09204497766794
441.205483635911,459.094399117218,4.8304498255714
660.356209039792,372.499145845363,2.93562753576167
105.762981736886,486.502065321563,4.42166959028958
628.546807245912,91.7969503159942,4.11382207607237
422.771626101073,262.008074575879,3.6222793567538
12.8455089512793,182.622459836966,3.1772313599921
53.4454327527706,110.608141917642,4.5862600275193
609.723090853984,211.346163093281,4.33427489507198
248.979456792969,214.290403500462,3.84462078015403
570.702789331403,441.142225739885,3.67433006528534
305.233830012192,142.203358538914,3.85368609918983
525.954316411696,457.303849203049,3.55095717694928
51.7716547181962,428.410178784089,3.86354729803178
202.399737983406,290.430743769743,4.0003199855954
546.921214730524,262.754391045617,3.64815876725604
183.663950816882,20.2699773621741,4.19350218518948
495.883031696985,336.554809524724,4.66412710166204
35.3620438834721,56.5371967918748,3.87365480925429
556.624491263768,145.205323537522,4.64113637131264
NA,NA,NA
660.801183728275,334.990392944852,3.56736252748459
451.533518331362,299.286868004914,3.56842964318166
7.0989454318848,491.96067748231,3.70112826781645
560.324854454909,49.0804869577955,4.19684012631495
69.5894857313348,381.189269395756,4.0255619486345
226.774726224559,415.822235156386,3.85091656278173
424.371331528445,14.6515184683065,3.40182936600818
362.339835060587,293.053852910306,3.18763079792122
603.747677625692,109.828126481511,4.20870177674595
395.165875215714,229.9308448151,4.16363556392456
570.52989505465,406.345997662198,4.72723979955054
145.866141731589,282.104644766073,4.42643566905014
196.794729163432,365.480563742599,4.0462443282983
125.777733243821,415.61953176384,3.44095391352044
631.532784787251,311.269133182129,4.71965674943248
2.62805284691211,154.418371808845,4.27789334728214
540.409149298142,203.166615303333,4.207619483941
34.6500227089883,491.141339404579,3.08288792570023
277.738295211502,24.759915762665,4.04855942611778
537.282965703706,390.277506801382,3.39060804512689
71.7527851888051,76.1190607224153,5.1154153243185
1.8945865174098,79.3708132996821,3.50575231535512
588.61491646255,227.697303243203,4.09204497766794
441.205483635911,459.094399117218,4.8304498255714
660.356209039792,372.499145845363,2.93562753576167
105.762981736886,486.502065321563,4.42166959028958
628.546807245912,91.7969503159942,4.11382207607237
422.771626101073,262.008074575879,3.6222793567538
12.8455089512793,182.622459836966,3.1772313599921
53.4454327527706,110.608141917642,4.5862600275193
609.723090853984,211.346163093281,4.33427489507198
248.979456792969,214.290403500462,3.84462078015403
570.702789331403,441.142225739885,3.67433006528534
305.233830012192,142.203358538914,3.85368609918983
525.954316411696,457.303849203049,3.55095717694928
51.7716547181962,428.410178784089,3.86354729803178
202.399737983406,290.430743769743,4.0003199855954
546.921214730524,262.754391045617,3.64815876725604
183.663950816882,20.2699773621741,4.19350218518948
495.883031696985,336.554809524724,4.66412710166204
35.3620438834721,56.5371967918748,3.87365480925429
556.624491263768,145.205323537522,4.64113637131264
NA,NA,NA
658.646381902867,334.206614186852,3.45800056932593
460.270534718762,302.14275143173,3.55425859149405
10.6532470023139,493.605730564366,3.58435384279527
561.192639771952,53.5381349748637,4.19978529518548
73.591571621823,375.8385001407,4.04163953506717
225.888483435811,415.575698970101,3.81756690606222
428.787988056828,12.5961717597448,3.31641854327854
362.247083327834,290.815071843957,3.02902564527528
605.770941667679,105.57477897242,4.24342706093912
389.041852275435,230.564221187496,4.28792857336157
556.099543059949,414.65815797257,4.77096492940683
141.254906394662,281.092238920746,4.47347639678046
202.572579679457,369.031982984501,4.14553507281496
123.808776383133,414.867699174122,3.50662149968506
622.467820586101,316.235653023421,4.58361811390172
-2.25771585306885,148.070521943291,4.1929027073276
545.727332285503,204.951752061911,4.09945826080264
32.294716505418,491.136704271364,3.05812431484355
277.5457211564,23.3878764267747,3.91342986803748
535.061870550827,390.192670441155,3.41026480817214
76.8577764912555,71.8661727716595,5.31543893946027
1.60439640411949,76.594052396387,3.41332185143615
590.029970611428,229.704256175691,4.04113044428467
436.00494835377,462.413554648356,4.79949954498217
659.826938108996,372.663760866612,3.10886528691677
100.426707742406,491.552946045196,4.25482654746139
622.448156800287,88.7516435383929,4.04759623680826
421.160970803059,256.544743968313,3.59563698019722
10.2658896485522,180.502271639556,3.38138781545723
60.601344612619,115.295723331198,4.37312085969203
610.606743613603,182.115660997686,4.41432513179118
244.189181268537,221.13176022227,3.78093115501824
569.922851011449,433.726346241318,3.99992711554931
302.900677490389,138.873772151178,3.81741702933789
529.502539015935,451.244588319841,3.64269809859442
46.3187475513701,429.67615461381,4.33571027410437
212.00075830147,287.363154092742,4.21341602433673
553.326936314855,264.063813874585,3.76840651278926
171.959786322628,21.2687432967973,4.44680735324722
505.956201109934,344.181112453794,4.89769466017703
33.9322698039969,48.992861490402,3.73039790867447
523.833669163481,139.206623415215,4.636717078375
NA,NA,NA
658.646381902867,334.206614186852,3.45800056932593
460.270534718762,302.14275143173,3.55425859149405
10.6532470023139,493.605730564366,3.58435384279527
561.192639771952,53.5381349748637,4.19978529518548
73.591571621823,375.8385001407,4.04163953506717
225.888483435811,415.575698970101,3.81756690606222
428.787988056828,12.5961717597448,3.31641854327854
362.247083327834,290.815071843957,3.02902564527528
605.770941667679,105.57477897242,4.24342706093912
389.041852275435,230.564221187496,4.28792857336157
556.099543059949,414.65815797257,4.77096492940683
141.254906394662,281.092238920746,4.47347639678046
202.572579679457,369.031982984501,4.14553507281496
123.808776383133,414.867699174122,3.50662149968506
622.467820586101,316.235653023421,4.58361811390172
-2.25771585306885,148.070521943291,4.1929027073276
545.727332285503,204.951752061911,4.09945826080264
32.294716505418,491.136704271364,3.05812431484355
277.5457211564,23.3878764267747,3.91342986803748
535.061870550827,390.192670441155,3.41026480817214
76.8577764912555,71.8661727716595,5.31543893946027
1.60439640411949,76.594052396387,3.41332185143615
590.029970611428,229.704256175691,4.04113044428467
436.00494835377,462.413554648356,4.79949954498217
659.826938108996,372.663760866612,3.10886528691677
100.426707742406,491.552946045196,4.25482654746139
622.448156800287,88.7516435383929,4.04759623680826
421.160970803059,256.544743968313,3.59563698019722
10.2658896485522,180.502271639556,3.38138781545723
60.601344612619,115.295723331198,4.37312085969203
610.606743613603,182.115660997686,4.41432513179118
244.189181268537,221.13176022227,3.78093115501824
569.922851011449,433.726346241318,3.99992711554931
302.900677490389,138.873772151178,3.81741702933789
529.502539015935,451.244588319841,3.64269809859442
46.3187475513701,429.67615461381,4.33571027410437
212.00075830147,287.363154092742,4.21341602433673
553.326936314855,264.063813874585,3.76840651278926
171.959786322628,21.2687432967973,4.44680735324722
505.956201109934,344.181112453794,4.89769466017703
33.9322698039969,48.992861490402,3.73039790867447
523.833669163481,139.206623415215,4.636717078375
NA,NA,NA
658.646381902867,334.206614186852,3.45800056932593
460.270534718762,302.14275143173,3.55425859149405
10.6532470023139,493.605730564366,3.58435384279527
561.192639771952,53.5381349748637,4.19978529518548
73.591571621823,375.8385001407,4.04163953506717
225.888483435811,415.575698970101,3.81756690606222
428.787988056828,12.5961717597448,3.31641854327854
362.247083327834,290.815071843957,3.02902564527528
605.770941667679,105.57477897242,4.24342706093912
389.041852275435,230.564221187496,4.28792857336157
556.099543059949,414.65815797257,4.77096492940683
141.254906394662,281.092238920746,4.47347639678046
202.572579679457,369.031982984501,4.14553507281496
123.808776383133,414.867699174122,3.50662149968506
622.467820586101,316.235653023421,4.58361811390172
-2.25771585306885,148.070521943291,4.1929027073276
545.727332285503,204.951752061911,4.09945826080264
32.294716505418,491.136704271364,3.05812431484355
277.5457211564,23.3878764267747,3.91342986803748
535.061870550827,390.192670441155,3.41026480817214
76.8577764912555,71.8661727716595,5.31543893946027
1.60439640411949,76.594052396387,3.41332185143615
590.029970611428,229.704256175691,4.04113044428467
436.00494835377,462.413554648356,4.79949954498217
659.826938108996,372.663760866612,3.10886528691677
100.426707742406,491.552946045196,4.25482654746139
622.448156800287,88.7516435383929,4.04759623680826
421.160970803059,256.544743968313,3.59563698019722
10.2658896485522,180.502271639556,3.38138781545723
60.601344612619,115.295723331198,4.37312085969203
610.606743613603,182.115660997686,4.41432513179118
244.189181268537,221.13176022227,3.78093115501824
569.922851011449,433.726346241318,3.99992711554931
302.900677490389,138.873772151178,3.81741702933789
529.502539015935,451.244588319841,3.64269809859442
46.3187475513701,429.67615461381,4.33571027410437
212.00075830147,287.363154092742,4.21341602433673
553.326936314855,264.063813874585,3.76840651278926
171.959786322628,21.2687432967973,4.44680735324722
505.956201109934,344.181112453794,4.89769466017703
33.9322698039969,48.992861490402,3.73039790867447
523.833669163481,139.206623415215,4.636717078375
NA,NA,NA
658.646381902867,334.206614186852,3.45800056932593
460.270534718762,302.14275143173,3.55425859149405
10.6532470023139,493.605730564366,3.58435384279527
561.192639771952,53.5381349748637,4.19978529518548
73.591571621823,375.8385001407,4.04163953506717
225.888483435811,415.575698970101,3.81756690606222
428.787988056828,12.5961717597448,3.31641854327854
362.247083327834,290.815071843957,3.02902564527528
605.770941667679,105.57477897242,4.24342706093912
389.041852275435,230.564221187496,4.28792857336157
556.099543059949,414.65815797257,4.77096492940683
141.254906394662,281.092238920746,4.47347639678046
202.572579679457,369.031982984501,4.14553507281496
123.808776383133,414.867699174122,3.50662149968506
622.467820586101,316.235653023421,4.58361811390172
-2.25771585306885,148.070521943291,4.1929027073276
545.727332285503,204.951752061911,4.09945826080264
32.294716505418,491.136704271364,3.05812431484355
277.5457211564,23.3878764267747,3.91342986803748
535.061870550827,390.192670441155,3.41026480817214
76.8577764912555,71.8661727716595,5.31543893946027
1.60439640411949,76.594052396387,3.41332185143615
590.029970611428,229.704256175691,4.04113044428467
436.00494835377,462.413554648356,4.79949954498217
659.826938108996,372.663760866612,3.10886528691677
100.426707742406,491.552946045196,4.25482654746139
622.448156800287,88.7516435383929,4.04759623680826
421.160970803059,256.544743968313,3.59563698019722
10.2658896485522,180.502271639556,3.38138781545723
60.601344612619,115.295723331198,4.37312085969203
610.606743613603,182.115660997686,4.41432513179118
244.189181268537,221.13176022227,3.78093115501824
569.922851011449,433.726346241318,3.99992711554931
302.900677490389,138.873772151178,3.81741702933789
529.502539015935,451.244588319841,3.64269809859442
46.3187475513701,429.67615461381,4.33571027410437
212.00075830147,287.363154092742,4.21341602433673
553.326936314855,264.063813874585,3.76840651278926
171.959786322628,21.2687432967973,4.44680735324722
505.956201109934,344.181112453794,4.89769466017703
33.9322698039969,48.992861490402,3.73039790867447
523.833669163481,139.206623415215,4.636717078375
NA,NA,NA
658.646381902867,334.206614186852,3.45800056932593
460.270534718762,302.14275143173,3.55425859149405
10.6532470023139,493.605730564366,3.58435384279527
561.192639771952,53.5381349748637,4.19978529518548
73.591571621823,375.8385001407,4.04163953506717
225.888483435811,415.575698970101,3.81756690606222
428.787988056828,12.5961717597448,3.31641854327854
362.247083327834,290.815071843957,3.02902564527528
605.770941667679,105.57477897242,4.24342706093912
389.041852275435,230.564221187496,4.28792857336157
556.099543059949,414.65815797257,4.77096492940683
141.254906394662,281.092238920746,4.47347639678046
202.572579679457,369.031982984501,4.14553507281496
123.808776383133,414.867699174122,3.50662149968506
622.467820586101,316.235653023421,4.58361811390172
-2.25771585306885,148.070521943291,4.1929027073276
545.727332285503,204.951752061911,4.09945826080264
32.294716505418,491.136704271364,3.05812431484355
277.5457211564,23.3878764267747,3.91342986803748
535.061870550827,390.192670441155,3.41026480817214
76.8577764912555,71.8661727716595,5.31543893946027
1.60439640411949,76.594052396387,3.41332185143615
590.029970611428,229.704256175691,4.04113044428467
436.00494835377,462.413554648356,4.79949954498217
659.826938108996,372.663760866612,3.10886528691677
100.426707742406,491.552946045196,4.25482654746139
622.448156800287,88.7516435383929,4.04759623680826
421.160970803059,256.544743968313,3.59563698019722
10.2658896485522,180.502271639556,3.38138781545723
60.601344612619,115.295723331198,4.37312085969203
610.606743613603,182.115660997686,4.41432513179118
244.189181268537,221.13176022227,3.78093115501824
569.922851011449,433.726346241318,3.99992711554931
302.900677490389,138.873772151178,3.81741702933789
529.502539015935,451.244588319841,3.64269809859442
46.3187475513701,429.67615461381,4.33571027410437
212.00075830147,287.363154092742,4.21341602433673
553.326936314855,264.063813874585,3.76840651278926
171.959786322628,21.2687432967973,4.44680735324722
505.956201109934,344.181112453794,4.89769466017703
33.9322698039969,48.992861490402,3.73039790867447
523.833669163481,139.206623415215,4.636717078375
NA,NA,NA
658.646381902867,334.206614186852,3.45800056932593
460.270534718762,302.14275143173,3.55425859149405
10.6532470023139,493.605730564366,3.58435384279527
561.192639771952,53.5381349748637,4.19978529518548
73.591571621823,375.8385001407,4.04163953506717
225.888483435811,415.575698970101,3.81756690606222
428.787988056828,12.5961717597448,3.31641854327854
362.247083327834,290.815071843957,3.02902564527528
605.770941667679,105.57477897242,4.24342706093912
389.041852275435,230.564221187496,4.28792857336157
556.099543059949,414.65815797257,4.77096492940683
141.254906394662,281.092238920746,4.47347639678046
202.572579679457,369.031982984501,4.14553507281496
123.808776383133,414.867699174122,3.50662149968506
622.467820586101,316.235653023421,4.58361811390172
-2.25771585306885,148.070521943291,4.1929027073276
545.727332285503,204.951752061911,4.09945826080264
32.294716505418,491.136704271364,3.05812431484355
277.5457211564,23.3878764267747,3.91342986803748
535.061870550827,390.192670441155,3.41026480817214
76.8577764912555,71.8661727716595,5.31543893946027
1.60439640411949,76.594052396387,3.41332185143615
590.029970611428,229.704256175691,4.04113044428467
436.00494835377,462.413554648356,4.79949954498217
659.826938108996,372.663760866612,3.10886528691677
100.426707742406,491.552946045196,4.25482654746139
622.448156800287,88.7516435383929,4.04759623680826
421.160970803059,256.544743968313,3.59563698019722
10.2658896485522,180.502271639556,3.38138781545723
60.601344612619,115.295723331198,4.37312085969203
610.606743613603,182.115660997686,4.41432513179118
244.189181268537,221.13176022227,3.78093115501824
569.922851011449,433.726346241318,3.99992711554931
302.900677490389,138.873772151178,3.81741702933789
529.502539015935,451.244588319841,3.64269809859442
46.3187475513701,429.67615461381,4.33571027410437
212.00075830147,287.363154092742,4.21341602433673
553.326936314855,264.063813874585,3.76840651278926
171.959786322628,21.2687432967973,4.44680735324722
505.956201109934,344.181112453794,4.89769466017703
33.9322698039969,48.992861490402,3.73039790867447
523.833669163481,139.206623415215,4.636717078375
NA,NA,NA
660.395537035211,331.163700270499,3.44389031992108
454.617054693035,298.378652684738,3.56638355464661
10.2162612822405,497.161267555275,3.63551044265023
559.449877022402,53.4907513282424,4.29440093975878
73.0221743634672,375.658488632509,3.98304883170731
225.936884453664,413.510133324551,3.91666944963869
426.677153415855,14.7367897550738,3.23380653579862
362.406819298542,294.299882772092,2.97926686299742
604.058862142635,105.036105470437,4.16852320779599
393.824104234795,234.58032241728,4.14091531244907
561.920691539334,407.487239302009,4.68240569857052
143.286324373129,280.635121092903,4.56593103448936
198.0191540852,369.586990658629,4.08739705206872
124.360014727542,409.210082058328,3.36423017888183
632.443455544855,317.029213388245,4.53666768269945
-4.57445684056139,147.9978225864,4.24732340203867
542.140022392236,205.039735688973,4.23614926877467
32.1476742490699,489.044299794519,2.82941950343289
276.801152976701,23.2994323431373,3.83696727389919
534.878822232071,391.139134841787,3.40418191163438
65.8405289925831,76.4493907187013,5.20961494780359
4.40230798631786,76.0891222034734,3.45449994173357
589.808968366781,224.238653623663,4.08602037132882
444.256453387048,454.584205379684,4.7341889142392
658.377141474161,371.692113676586,3.11336699686706
106.818721483033,487.890343457986,4.3343300385112
627.719045897013,91.6734530100015,4.11355598679532
421.234131477538,257.226073838078,3.65616295488108
11.1655746884245,182.084427857343,3.30159274888729
69.2779302330634,102.536402565144,4.24914900743386
594.129291452123,205.229551697708,4.53759713573192
253.611503493857,221.104826748223,4.02978350735628
571.704385496211,428.69746115914,3.89538544992886
304.370176191199,139.145450948454,3.73914307308025
530.813089681723,457.126360087564,3.60117054408037
56.1225871071942,420.066291783076,3.84898969193048
195.991144252401,287.551840373551,4.13086837466737
549.369982119912,267.350324156308,3.67190025671096
168.52911905505,33.004210607319,4.27255940351597
491.982470162776,342.950262144379,4.3709913221198
28.4033701054091,56.6642445556832,3.52666319582634
523.878881937346,159.619091688714,4.91308710645607
NA,NA,NA
660.395537035211,331.163700270499,3.44389031992108
454.617054693035,298.378652684738,3.56638355464661
10.2162612822405,497.161267555275,3.63551044265023
559.449877022402,53.4907513282424,4.29440093975878
73.0221743634672,375.658488632509,3.98304883170731
225.936884453664,413.510133324551,3.91666944963869
426.677153415855,14.7367897550738,3.23380653579862
362.406819298542,294.299882772092,2.97926686299742
604.058862142635,105.036105470437,4.16852320779599
393.824104234795,234.58032241728,4.14091531244907
561.920691539334,407.487239302009,4.68240569857052
143.286324373129,280.635121092903,4.56593103448936
198.0191540852,369.586990658629,4.08739705206872
124.360014727542,409.210082058328,3.36423017888183
632.443455544855,317.029213388245,4.53666768269945
-4.57445684056139,147.9978225864,4.24732340203867
542.140022392236,205.039735688973,4.23614926877467
32.1476742490699,489.044299794519,2.82941950343289
276.801152976701,23.2994323431373,3.83696727389919
534.878822232071,391.139134841787,3.40418191163438
65.8405289925831,76.4493907187013,5.20961494780359
4.40230798631786,76.0891222034734,3.45449994173357
589.808968366781,224.238653623663,4.08602037132882
444.256453387048,454.584205379684,4.7341889142392
658.377141474161,371.692113676586,3.11336699686706
106.818721483033,487.890343457986,4.3343300385112
627.719045897013,91.6734530100015,4.11355598679532
421.234131477538,257.226073838078,3.65616295488108
11.1655746884245,182.084427857343,3.30159274888729
69.2779302330634,102.536402565144,4.24914900743386
594.129291452123,205.229551697708,4.53759713573192
253.611503493857,221.104826748223,4.02978350735628
571.704385496211,428.69746115914,3.89538544992886
304.370176191199,139.145450948454,3.73914307308025
530.813089681723,457.126360087564,3.60117054408037
56.1225871071942,420.066291783076,3.84898969193048
195.991144252401,287.551840373551,4.13086837466737
549.369982119912,267.350324156308,3.67190025671096
168.52911905505,33.004210607319,4.27255940351597
491.982470162776,342.950262144379,4.3709913221198
28.4033701054091,56.6642445556832,3.52666319582634
523.878881937346,159.619091688714,4.91308710645607
NA,NA,NA
660.395537035211,331.163700270499,3.44389031992108
454.617054693035,298.378652684738,3.56638355464661
10.2162612822405,497.161267555275,3.63551044265023
559.449877022402,53.4907513282424,4.29440093975878
73.0221743634672,375.658488632509,3.98304883170731
225.936884453664,413.510133324551,3.91666944963869
426.677153415855,14.7367897550738,3.23380653579862
362.406819298542,294.299882772092,2.97926686299742
604.058862142635,105.036105470437,4.16852320779599
393.824104234795,234.58032241728,4.14091531244907
561.920691539334,407.487239302009,4.68240569857052
143.286324373129,280.635121092903,4.56593103448936
198.0191540852,369.586990658629,4.08739705206872
124.360014727542,409.210082058328,3.36423017888183
632.443455544855,317.029213388245,4.53666768269945
-4.57445684056139,147.9978225864,4.24732340203867
542.140022392236,205.039735688973,4.23614926877467
32.1476742490699,489.044299794519,2.82941950343289
276.801152976701,23.2994323431373,3.83696727389919
534.878822232071,391.139134841787,3.40418191163438
65.8405289925831,76.4493907187013,5.20961494780359
4.40230798631786,76.0891222034734,3.45449994173357
589.808968366781,224.238653623663,4.08602037132882
444.256453387048,454.584205379684,4.7341889142392
658.377141474161,371.692113676586,3.11336699686706
106.818721483033,487.890343457986,4.3343300385112
627.719045897013,91.6734530100015,4.11355598679532
421.234131477538,257.226073838078,3.65616295488108
11.1655746884245,182.084427857343,3.30159274888729
69.2779302330634,102.536402565144,4.24914900743386
594.129291452123,205.229551697708,4.53759713573192
253.611503493857,221.104826748223,4.02978350735628
571.704385496211,428.69746115914,3.89538544992886
304.370176191199,139.145450948454,3.73914307308025
530.813089681723,457.126360087564,3.60117054408037
56.1225871071942,420.066291783076,3.84898969193048
195.991144252401,287.551840373551,4.13086837466737
549.369982119912,267.350324156308,3.67190025671096
168.52911905505,33.004210607319,4.27255940351597
491.982470162776,342.950262144379,4.3709913221198
28.4033701054091,56.6642445556832,3.52666319582634
523.878881937346,159.619091688714,4.91308710645607
NA,NA,NA
660.395537035211,331.163700270499,3.44389031992108
454.617054693035,298.378652684738,3.56638355464661
10.2162612822405,497.161267555275,3.63551044265023
559.449877022402,53.4907513282424,4.29440093975878
73.0221743634672,375.658488632509,3.98304883170731
225.936884453664,413.510133324551,3.91666944963869
426.677153415855,14.7367897550738,3.23380653579862
362.406819298542,294.299882772092,2.97926686299742
604.058862142635,105.036105470437,4.16852320779599
393.824104234795,234.58032241728,4.14091531244907
561.920691539334,407.487239302009,4.68240569857052
143.286324373129,280.635121092903,4.56593103448936
198.0191540852,369.586990658629,4.08739705206872
124.360014727542,409.210082058328,3.36423017888183
632.443455544855,317.029213388245,4.53666768269945
-4.57445684056139,147.9978225864,4.24732340203867
542.140022392236,205.039735688973,4.23614926877467
32.1476742490699,489.044299794519,2.82941950343289
276.801152976701,23.2994323431373,3.83696727389919
534.878822232071,391.139134841787,3.40418191163438
65.8405289925831,76.4493907187013,5.20961494780359
4.40230798631786,76.0891222034734,3.45449994173357
589.808968366781,224.238653623663,4.08602037132882
444.256453387048,454.584205379684,4.7341889142392
658.377141474161,371.692113676586,3.11336699686706
106.818721483033,487.890343457986,4.3343300385112
627.719045897013,91.6734530100015,4.11355598679532
421.234131477538,257.226073838078,3.65616295488108
11.1655746884245,182.084427857343,3.30159274888729
69.2779302330634,102.536402565144,4.24914900743386
594.129291452123,205.229551697708,4.53759713573192
253.611503493857,221.104826748223,4.02978350735628
571.704385496211,428.69746115914,3.89538544992886
304.370176191199,139.145450948454,3.73914307308025
530.813089681723,457.126360087564,3.60117054408037
56.1225871071942,420.066291783076,3.84898969193048
195.991144252401,287.551840373551,4.13086837466737
549.369982119912,267.350324156308,3.67190025671096
168.52911905505,33.004210607319,4.27255940351597
491.982470162776,342.950262144379,4.3709913221198
28.4033701054091,56.6642445556832,3.52666319582634
523.878881937346,159.619091688714,4.91308710645607
NA,NA,NA
660.395537035211,331.163700270499,3.44389031992108
454.617054693035,298.378652684738,3.56638355464661
10.2162612822405,497.161267555275,3.63551044265023
559.449877022402,53.4907513282424,4.29440093975878
73.0221743634672,375.658488632509,3.98304883170731
225.936884453664,413.510133324551,3.91666944963869
426.677153415855,14.7367897550738,3.23380653579862
362.406819298542,294.299882772092,2.97926686299742
604.058862142635,105.036105470437,4.16852320779599
393.824104234795,234.58032241728,4.14091531244907
561.920691539334,407.487239302009,4.68240569857052
143.286324373129,280.635121092903,4.56593103448936
198.0191540852,369.586990658629,4.08739705206872
124.360014727542,409.210082058328,3.36423017888183
632.443455544855,317.029213388245,4.53666768269945
-4.57445684056139,147.9978225864,4.24732340203867
542.140022392236,205.039735688973,4.23614926877467
32.1476742490699,489.044299794519,2.82941950343289
276.801152976701,23.2994323431373,3.83696727389919
534.878822232071,391.139134841787,3.40418191163438
65.8405289925831,76.4493907187013,5.20961494780359
4.40230798631786,76.0891222034734,3.45449994173357
589.808968366781,224.238653623663,4.08602037132882
444.256453387048,454.584205379684,4.7341889142392
658.377141474161,371.692113676586,3.11336699686706
106.818721483033,487.890343457986,4.3343300385112
627.719045897013,91.6734530100015,4.11355598679532
421.234131477538,257.226073838078,3.65616295488108
11.1655746884245,182.084427857343,3.30159274888729
69.2779302330634,102.536402565144,4.24914900743386
594.129291452123,205.229551697708,4.53759713573192
253.611503493857,221.104826748223,4.02978350735628
571.704385496211,428.69746115914,3.89538544992886
304.370176191199,139.145450948454,3.73914307308025
530.813089681723,457.126360087564,3.60117054408037
56.1225871071942,420.066291783076,3.84898969193048
195.991144252401,287.551840373551,4.13086837466737
549.369982119912,267.350324156308,3.67190025671096
168.52911905505,33.004210607319,4.27255940351597
491.982470162776,342.950262144379,4.3709913221198
28.4033701054091,56.6642445556832,3.52666319582634
523.878881937346,159.619091688714,4.91308710645607
NA,NA,NA
660.395537035211,331.163700270499,3.44389031992108
454.617054693035,298.378652684738,3.56638355464661
10.2162612822405,497.161267555275,3.63551044265023
559.449877022402,53.4907513282424,4.29440093975878
73.0221743634672,375.658488632509,3.98304883170731
225.936884453664,413.510133324551,3.91666944963869
426.677153415855,14.7367897550738,3.23380653579862
362.406819298542,294.299882772092,2.97926686299742
604.058862142635,105.036105470437,4.16852320779599
393.824104234795,234.58032241728,4.14091531244907
561.920691539334,407.487239302009,4.68240569857052
143.286324373129,280.635121092903,4.56593103448936
198.0191540852,369.586990658629,4.08739705206872
124.360014727542,409.210082058328,3.36423017888183
632.443455544855,317.029213388245,4.53666768269945
-4.57445684056139,147.9978225864,4.24732340203867
542.140022392236,205.039735688973,4.23614926877467
32.1476742490699,489.044299794519,2.82941950343289
276.801152976701,23.2994323431373,3.83696727389919
534.878822232071,391.139134841787,3.40418191163438
65.8405289925831,76.4493907187013,5.20961494780359
4.40230798631786,76.0891222034734,3.45449994173357
589.808968366781,224.238653623663,4.08602037132882
444.256453387048,454.584205379684,4.7341889142392
658.377141474161,371.692113676586,3.11336699686706
106.818721483033,487.890343457986,4.3343300385112
627.719045897013,91.6734530100015,4.11355598679532
421.234131477538,257.226073838078,3.65616295488108
11.1655746884245,182.084427857343,3.30159274888729
69.2779302330634,102.536402565144,4.24914900743386
594.129291452123,205.229551697708,4.53759713573192
253.611503493857,221.104826748223,4.02978350735628
571.704385496211,428.69746115914,3.89538544992886
304.370176191199,139.145450948454,3.73914307308025
530.813089681723,457.126360087564,3.60117054408037
56.1225871071942,420.066291783076,3.84898969193048
195.991144252401,287.551840373551,4.13086837466737
549.369982119912,267.350324156308,3.67190025671096
168.52911905505,33.004210607319,4.27255940351597
491.982470162776,342.950262144379,4.3709913221198
28.4033701054091,56.6642445556832,3.52666319582634
523.878881937346,159.619091688714,4.91308710645607
NA,NA,NA
665.837705053816,333.008077157866,3.66046451813515
454.813831098378,300.749066025491,3.78047320962388
10.8136176919397,491.719104998442,3.64041471574096
557.512904208366,46.5622332950906,4.12147830852623
72.7704627712577,374.647152604523,3.89970938911568
229.481239145096,416.487379039837,3.88221410116416
429.397035209494,13.6559004252607,3.22632779274532
358.413265014709,294.130882785857,3.1414164438823
600.843633955589,105.981295756187,4.28469567626681
395.156429783809,236.525778726595,4.24008062069148
579.738430332157,410.282875035186,4.75150122995158
148.004241684912,276.029919890723,4.58513644236024
196.55088293257,374.754046924597,4.15844856675175
122.907990386247,408.28950637498,3.26116551271475
633.378172327122,313.131574156151,4.5885926018717
-1.18973121560574,147.592147651714,4.2344969211529
544.403849001581,208.840311987525,4.11820163348617
35.1153512545275,490.338531916821,2.98141230715727
278.447708645572,19.1455479749631,4.12270562944741
533.885033064798,392.581767171367,3.29941368689329
79.5269385941069,86.1224821225159,5.22073629962777
6.8454070677799,75.9619523819149,3.61790261111686
581.985793667186,227.051054571949,3.96079358280578
439.678108789709,461.199910942119,4.67582988956638
659.940890371201,374.514388277732,3.03007641985776
101.926601948635,484.439976159098,4.38308998434171
627.433568813362,88.9065964387173,4.01551228167505
418.996281531699,260.121477307097,3.50406618022644
11.7602530825242,181.091832141119,3.23720242725192
56.2807808308802,117.220651716362,4.29028382755205
615.630007316787,195.921870505449,4.43627382571892
253.987730998166,221.478737281302,3.28377931892773
574.267906431532,434.560851533695,3.61403221039297
297.3113335038,140.509703699424,3.79896004993534
523.671978488546,464.9457208514,3.48635013724147
38.9933174968565,415.79843351397,3.49769338747638
196.357919500766,293.194592202369,3.98355011646904
556.975233435398,266.24352761984,3.72736001194937
175.129465667607,34.7858901374553,4.31776313152735
510.294479503813,342.082415275058,4.2468633208187
36.2967357717005,45.7207962991217,3.82393944163714
530.295978898998,149.270936771671,4.3042616164273
NA,NA,NA
665.837705053816,333.008077157866,3.66046451813515
454.813831098378,300.749066025491,3.78047320962388
10.8136176919397,491.719104998442,3.64041471574096
557.512904208366,46.5622332950906,4.12147830852623
72.7704627712577,374.647152604523,3.89970938911568
229.481239145096,416.487379039837,3.88221410116416
429.397035209494,13.6559004252607,3.22632779274532
358.413265014709,294.130882785857,3.1414164438823
600.843633955589,105.981295756187,4.28469567626681
395.156429783809,236.525778726595,4.24008062069148
579.738430332157,410.282875035186,4.75150122995158
148.004241684912,276.029919890723,4.58513644236024
196.55088293257,374.754046924597,4.15844856675175
122.907990386247,408.28950637498,3.26116551271475
633.378172327122,313.131574156151,4.5885926018717
-1.18973121560574,147.592147651714,4.2344969211529
544.403849001581,208.840311987525,4.11820163348617
35.1153512545275,490.338531916821,2.98141230715727
278.447708645572,19.1455479749631,4.12270562944741
533.885033064798,392.581767171367,3.29941368689329
79.5269385941069,86.1224821225159,5.22073629962777
6.8454070677799,75.9619523819149,3.61790261111686
581.985793667186,227.051054571949,3.96079358280578
439.678108789709,461.199910942119,4.67582988956638
659.940890371201,374.514388277732,3.03007641985776
101.926601948635,484.439976159098,4.38308998434171
627.433568813362,88.9065964387173,4.01551228167505
418.996281531699,260.121477307097,3.50406618022644
11.7602530825242,181.091832141119,3.23720242725192
56.2807808308802,117.220651716362,4.29028382755205
615.630007316787,195.921870505449,4.43627382571892
253.987730998166,221.478737281302,3.28377931892773
574.267906431532,434.560851533695,3.61403221039297
297.3113335038,140.509703699424,3.79896004993534
523.671978488546,464.9457208514,3.48635013724147
38.9933174968565,415.79843351397,3.49769338747638
196.357919500766,293.194592202369,3.98355011646904
556.975233435398,266.24352761984,3.72736001194937
175.129465667607,34.7858901374553,4.31776313152735
510.294479503813,342.082415275058,4.2468633208187
36.2967357717005,45.7207962991217,3.82393944163714
530.295978898998,149.270936771671,4.3042616164273
NA,NA,NA
665.837705053816,333.008077157866,3.66046451813515
454.813831098378,300.749066025491,3.78047320962388
10.8136176919397,491.719104998442,3.64041471574096
557.512904208366,46.5622332950906,4.12147830852623
72.7704627712577,374.647152604523,3.89970938911568
229.481239145096,416.487379039837,3.88221410116416
429.397035209494,13.6559004252607,3.22632779274532
358.413265014709,294.130882785857,3.1414164438823
600.843633955589,105.981295756187,4.28469567626681
395.156429783809,236.525778726595,4.24008062069148
579.738430332157,410.282875035186,4.75150122995158
148.004241684912,276.029919890723,4.58513644236024
196.55088293257,374.754046924597,4.15844856675175
122.907990386247,408.28950637498,3.26116551271475
633.378172327122,313.131574156151,4.5885926018717
-1.18973121560574,147.592147651714,4.2344969211529
544.403849001581,208.840311987525,4.11820163348617
35.1153512545275,490.338531916821,2.98141230715727
278.447708645572,19.1455479749631,4.12270562944741
533.885033064798,392.581767171367,3.29941368689329
79.5269385941069,86.1224821225159,5.22073629962777
6.8454070677799,75.9619523819149,3.61790261111686
581.985793667186,227.051054571949,3.96079358280578
439.678108789709,461.199910942119,4.67582988956638
659.940890371201,374.514388277732,3.03007641985776
101.926601948635,484.439976159098,4.38308998434171
627.433568813362,88.9065964387173,4.01551228167505
418.996281531699,260.121477307097,3.50406618022644
11.7602530825242,181.091832141119,3.23720242725192
56.2807808308802,117.220651716362,4.29028382755205
615.630007316787,195.921870505449,4.43627382571892
253.987730998166,221.478737281302,3.28377931892773
574.267906431532,434.560851533695,3.61403221039297
297.3113335038,140.509703699424,3.79896004993534
523.671978488546,464.9457208514,3.48635013724147
38.9933174968565,415.79843351397,3.49769338747638
196.357919500766,293.194592202369,3.98355011646904
556.975233435398,266.24352761984,3.72736001194937
175.129465667607,34.7858901374553,4.31776313152735
510.294479503813,342.082415275058,4.2468633208187
36.2967357717005,45.7207962991217,3.82393944163714
530.295978898998,149.270936771671,4.3042616164273
NA,NA,NA
665.837705053816,333.008077157866,3.66046451813515
454.813831098378,300.749066025491,3.78047320962388
10.8136176919397,491.719104998442,3.64041471574096
557.512904208366,46.5622332950906,4.12147830852623
72.7704627712577,374.647152604523,3.89970938911568
229.481239145096,416.487379039837,3.88221410116416
429.397035209494,13.6559004252607,3.22632779274532
358.413265014709,294.130882785857,3.1414164438823
600.843633955589,105.981295756187,4.28469567626681
395.156429783809,236.525778726595,4.24008062069148
579.738430332157,410.282875035186,4.75150122995158
148.004241684912,276.029919890723,4.58513644236024
196.55088293257,374.754046924597,4.15844856675175
122.907990386247,408.28950637498,3.26116551271475
633.378172327122,313.131574156151,4.5885926018717
-1.18973121560574,147.592147651714,4.2344969211529
544.403849001581,208.840311987525,4.11820163348617
35.1153512545275,490.338531916821,2.98141230715727
278.447708645572,19.1455479749631,4.12270562944741
533.885033064798,392.581767171367,3.29941368689329
79.5269385941069,86.1224821225159,5.22073629962777
6.8454070677799,75.9619523819149,3.61790261111686
581.985793667186,227.051054571949,3.96079358280578
439.678108789709,461.199910942119,4.67582988956638
659.940890371201,374.514388277732,3.03007641985776
101.926601948635,484.439976159098,4.38308998434171
627.433568813362,88.9065964387173,4.01551228167505
418.996281531699,260.121477307097,3.50406618022644
11.7602530825242,181.091832141119,3.23720242725192
56.2807808308802,117.220651716362,4.29028382755205
615.630007316787,195.921870505449,4.43627382571892
253.987730998166,221.478737281302,3.28377931892773
574.267906431532,434.560851533695,3.61403221039297
297.3113335038,140.509703699424,3.79896004993534
523.671978488546,464.9457208514,3.48635013724147
38.9933174968565,415.79843351397,3.49769338747638
196.357919500766,293.194592202369,3.98355011646904
556.975233435398,266.24352761984,3.72736001194937
175.129465667607,34.7858901374553,4.31776313152735
510.294479503813,342.082415275058,4.2468633208187
36.2967357717005,45.7207962991217,3.82393944163714
530.295978898998,149.270936771671,4.3042616164273
NA,NA,NA
665.837705053816,333.008077157866,3.66046451813515
454.813831098378,300.749066025491,3.78047320962388
10.8136176919397,491.719104998442,3.64041471574096
557.512904208366,46.5622332950906,4.12147830852623
72.7704627712577,374.647152604523,3.89970938911568
229.481239145096,416.487379039837,3.88221410116416
429.397035209494,13.6559004252607,3.22632779274532
358.413265014709,294.130882785857,3.1414164438823
600.843633955589,105.981295756187,4.28469567626681
395.156429783809,236.525778726595,4.24008062069148
579.738430332157,410.282875035186,4.75150122995158
148.004241684912,276.029919890723,4.58513644236024
196.55088293257,374.754046924597,4.15844856675175
122.907990386247,408.28950637498,3.26116551271475
633.378172327122,313.131574156151,4.5885926018717
-1.18973121560574,147.592147651714,4.2344969211529
544.403849001581,208.840311987525,4.11820163348617
35.1153512545275,490.338531916821,2.98141230715727
278.447708645572,19.1455479749631,4.12270562944741
533.885033064798,392.581767171367,3.29941368689329
79.5269385941069,86.1224821225159,5.22073629962777
6.8454070677799,75.9619523819149,3.61790261111686
581.985793667186,227.051054571949,3.96079358280578
439.678108789709,461.199910942119,4.67582988956638
659.940890371201,374.514388277732,3.03007641985776
101.926601948635,484.439976159098,4.38308998434171
627.433568813362,88.9065964387173,4.01551228167505
418.996281531699,260.121477307097,3.50406618022644
11.7602530825242,181.091832141119,3.23720242725192
56.2807808308802,117.220651716362,4.29028382755205
615.630007316787,195.921870505449,4.43627382571892
253.987730998166,221.478737281302,3.28377931892773
574.267906431532,434.560851533695,3.61403221039297
297.3113335038,140.509703699424,3.79896004993534
523.671978488546,464.9457208514,3.48635013724147
38.9933174968565,415.79843351397,3.49769338747638
196.357919500766,293.194592202369,3.98355011646904
556.975233435398,266.24352761984,3.72736001194937
175.129465667607,34.7858901374553,4.31776313152735
510.294479503813,342.082415275058,4.2468633208187
36.2967357717005,45.7207962991217,3.82393944163714
530.295978898998,149.270936771671,4.3042616164273
NA,NA,NA
665.837705053816,333.008077157866,3.66046451813515
454.813831098378,300.749066025491,3.78047320962388
10.8136176919397,491.719104998442,3.64041471574096
557.512904208366,46.5622332950906,4.12147830852623
72.7704627712577,374.647152604523,3.89970938911568
229.481239145096,416.487379039837,3.88221410116416
429.397035209494,13.6559004252607,3.22632779274532
358.413265014709,294.130882785857,3.1414164438823
600.843633955589,105.981295756187,4.28469567626681
395.156429783809,236.525778726595,4.24008062069148
579.738430332157,410.282875035186,4.75150122995158
148.004241684912,276.029919890723,4.58513644236024
196.55088293257,374.754046924597,4.15844856675175
122.907990386247,408.28950637498,3.26116551271475
633.378172327122,313.131574156151,4.5885926018717
-1.18973121560574,147.592147651714,4.2344969211529
544.403849001581,208.840311987525,4.11820163348617
35.1153512545275,490.338531916821,2.98141230715727
278.447708645572,19.1455479749631,4.12270562944741
533.885033064798,392.581767171367,3.29941368689329
79.5269385941069,86.1224821225159,5.22073629962777
6.8454070677799,75.9619523819149,3.61790261111686
581.985793667186,227.051054571949,3.96079358280578
439.678108789709,461.199910942119,4.67582988956638
659.940890371201,374.514388277732,3.03007641985776
101.926601948635,484.439976159098,4.38308998434171
627.433568813362,88.9065964387173,4.01551228167505
418.996281531699,260.121477307097,3.50406618022644
11.7602530825242,181.091832141119,3.23720242725192
56.2807808308802,117.220651716362,4.29028382755205
615.630007316787,195.921870505449,4.43627382571892
253.987730998166,221.478737281302,3.28377931892773
574.267906431532,434.560851533695,3.61403221039297
297.3113335038,140.509703699424,3.79896004993534
523.671978488546,464.9457208514,3.48635013724147
38.9933174968565,415.79843351397,3.49769338747638
196.357919500766,293.194592202369,3.98355011646904
556.975233435398,266.24352761984,3.72736001194937
175.129465667607,34.7858901374553,4.31776313152735
510.294479503813,342.082415275058,4.2468633208187
36.2967357717005,45.7207962991217,3.82393944163714
530.295978898998,149.270936771671,4.3042616164273
NA,NA,NA
661.513172610389,332.014211030928,3.34906236876989
457.063097736515,300.749459614948,3.6378210158222
7.60826706272846,501.501002462445,3.59122039036823
565.581947131439,49.4908310433603,4.09755182137226
73.0383654496594,378.804026972267,3.93328857480509
225.494790721701,415.041767826315,3.82535274806433
426.32481580083,13.5169904552092,3.25619944366454
362.429041168502,293.95770548577,3.0181847698924
605.11296035406,107.539597435862,4.0958989160079
394.718179387363,230.428594082719,4.29700649154995
570.73655370541,407.847822102728,4.76283193374005
144.243152975844,277.792036677513,4.51048109710955
200.627385878634,373.951447758877,4.08455308078635
128.306915763886,416.293993549802,3.55044029717049
626.815883719037,314.155237643845,4.6631411394044
1.5685257508678,143.042461928405,4.20060911582895
543.343854938728,201.501096537777,4.10181266320445
32.3824742190531,490.371067877399,3.03367549732265
278.243499318283,20.6271381951801,3.77736345837981
535.386410605216,389.719791397242,3.24832123345774
79.3075208082214,82.4416416839457,5.36996794767188
5.24199138701526,80.4232714814758,3.54894794027738
586.669371045435,223.26989172618,4.02911680398137
441.465700668849,459.938238313378,4.82862418851575
657.929478165089,373.360663740762,2.92474334776554
104.380586642732,489.528748059125,4.40778555078301
624.573894607293,92.4676221690123,4.08623861467971
418.218622296397,260.771482781687,3.71990924714993
10.8973344239435,182.754298863019,3.06007868142667
71.5259388272474,104.170512397982,4.39632032266776
589.740583350615,194.023694027538,4.25913206248873
253.097232253913,215.283809231353,3.78358356541599
571.799398962687,434.541816406702,3.96320712048917
302.327974875323,139.611701191037,3.82273770152694
535.313775973941,457.712237192089,3.57716182652146
37.4018727738585,412.111339927833,3.67006366504568
200.981214950771,300.974402276828,4.05778148016021
541.207478463254,264.376391739416,3.85267745107234
173.360897117972,19.0423024721431,4.12062645622995
501.13379641711,344.512019264261,4.42287388624686
37.7857217665681,51.545781722702,3.88560251093282
519.933632973914,149.80281848907,4.31340515860913
NA,NA,NA
661.513172610389,332.014211030928,3.34906236876989
457.063097736515,300.749459614948,3.6378210158222
7.60826706272846,501.501002462445,3.59122039036823
565.581947131439,49.4908310433603,4.09755182137226
73.0383654496594,378.804026972267,3.93328857480509
225.494790721701,415.041767826315,3.82535274806433
426.32481580083,13.5169904552092,3.25619944366454
362.429041168502,293.95770548577,3.0181847698924
605.11296035406,107.539597435862,4.0958989160079
394.718179387363,230.428594082719,4.29700649154995
570.73655370541,407.847822102728,4.76283193374005
144.243152975844,277.792036677513,4.51048109710955
200.627385878634,373.951447758877,4.08455308078635
128.306915763886,416.293993549802,3.55044029717049
626.815883719037,314.155237643845,4.6631411394044
1.5685257508678,143.042461928405,4.20060911582895
543.343854938728,201.501096537777,4.10181266320445
32.3824742190531,490.371067877399,3.03367549732265
278.243499318283,20.6271381951801,3.77736345837981
535.386410605216,389.719791397242,3.24832123345774
79.3075208082214,82.4416416839457,5.36996794767188
5.24199138701526,80.4232714814758,3.54894794027738
586.669371045435,223.26989172618,4.02911680398137
441.465700668849,459.938238313378,4.82862418851575
657.929478165089,373.360663740762,2.92474334776554
104.380586642732,489.528748059125,4.40778555078301
624.573894607293,92.4676221690123,4.08623861467971
418.218622296397,260.771482781687,3.71990924714993
10.8973344239435,182.754298863019,3.06007868142667
71.5259388272474,104.170512397982,4.39632032266776
589.740583350615,194.023694027538,4.25913206248873
253.097232253913,215.283809231353,3.78358356541599
571.799398962687,434.541816406702,3.96320712048917
302.327974875323,139.611701191037,3.82273770152694
535.313775973941,457.712237192089,3.57716182652146
37.4018727738585,412.111339927833,3.67006366504568
200.981214950771,300.974402276828,4.05778148016021
541.207478463254,264.376391739416,3.85267745107234
173.360897117972,19.0423024721431,4.12062645622995
501.13379641711,344.512019264261,4.42287388624686
37.7857217665681,51.545781722702,3.88560251093282
519.933632973914,149.80281848907,4.31340515860913
NA,NA,NA
661.513172610389,332.014211030928,3.34906236876989
457.063097736515,300.749459614948,3.6378210158222
7.60826706272846,501.501002462445,3.59122039036823
565.581947131439,49.4908310433603,4.09755182137226
73.0383654496594,378.804026972267,3.93328857480509
225.494790721701,415.041767826315,3.82535274806433
426.32481580083,13.5169904552092,3.25619944366454
362.429041168502,293.95770548577,3.0181847698924
605.11296035406,107.539597435862,4.0958989160079
394.718179387363,230.428594082719,4.29700649154995
570.73655370541,407.847822102728,4.76283193374005
144.243152975844,277.792036677513,4.51048109710955
200.627385878634,373.951447758877,4.08455308078635
128.306915763886,416.293993549802,3.55044029717049
626.815883719037,314.155237643845,4.6631411394044
1.5685257508678,143.042461928405,4.20060911582895
543.343854938728,201.501096537777,4.10181266320445
32.3824742190531,490.371067877399,3.03367549732265
278.243499318283,20.6271381951801,3.77736345837981
535.386410605216,389.719791397242,3.24832123345774
79.3075208082214,82.4416416839457,5.36996794767188
5.24199138701526,80.4232714814758,3.54894794027738
586.669371045435,223.26989172618,4.02911680398137
441.465700668849,459.938238313378,4.82862418851575
657.929478165089,373.360663740762,2.92474334776554
104.380586642732,489.528748059125,4.40778555078301
624.573894607293,92.4676221690123,4.08623861467971
418.218622296397,260.771482781687,3.71990924714993
10.8973344239435,182.754298863019,3.06007868142667
71.5259388272474,104.170512397982,4.39632032266776
589.740583350615,194.023694027538,4.25913206248873
253.097232253913,215.283809231353,3.78358356541599
571.799398962687,434.541816406702,3.96320712048917
302.327974875323,139.611701191037,3.82273770152694
535.313775973941,457.712237192089,3.57716182652146
37.4018727738585,412.111339927833,3.67006366504568
200.981214950771,300.974402276828,4.05778148016021
541.207478463254,264.376391739416,3.85267745107234
173.360897117972,19.0423024721431,4.12062645622995
501.13379641711,344.512019264261,4.42287388624686
37.7857217665681,51.545781722702,3.88560251093282
519.933632973914,149.80281848907,4.31340515860913
NA,NA,NA
661.513172610389,332.014211030928,3.34906236876989
457.063097736515,300.749459614948,3.6378210158222
7.60826706272846,501.501002462445,3.59122039036823
565.581947131439,49.4908310433603,4.09755182137226
73.0383654496594,378.804026972267,3.93328857480509
225.494790721701,415.041767826315,3.82535274806433
426.32481580083,13.5169904552092,3.25619944366454
362.429041168502,293.95770548577,3.0181847698924
605.11296035406,107.539597435862,4.0958989160079
394.718179387363,230.428594082719,4.29700649154995
570.73655370541,407.847822102728,4.76283193374005
144.243152975844,277.792036677513,4.51048109710955
200.627385878634,373.951447758877,4.08455308078635
128.306915763886,416.293993549802,3.55044029717049
626.815883719037,314.155237643845,4.6631411394044
1.5685257508678,143.042461928405,4.20060911582895
543.343854938728,201.501096537777,4.10181266320445
32.3824742190531,490.371067877399,3.03367549732265
278.243499318283,20.6271381951801,3.77736345837981
535.386410605216,389.719791397242,3.24832123345774
79.3075208082214,82.4416416839457,5.36996794767188
5.24199138701526,80.4232714814758,3.54894794027738
586.669371045435,223.26989172618,4.02911680398137
441.465700668849,459.938238313378,4.82862418851575
657.929478165089,373.360663740762,2.92474334776554
104.380586642732,489.528748059125,4.40778555078301
624.573894607293,92.4676221690123,4.08623861467971
418.218622296397,260.771482781687,3.71990924714993
10.8973344239435,182.754298863019,3.06007868142667
71.5259388272474,104.170512397982,4.39632032266776
589.740583350615,194.023694027538,4.25913206248873
253.097232253913,215.283809231353,3.78358356541599
571.799398962687,434.541816406702,3.96320712048917
302.327974875323,139.611701191037,3.82273770152694
535.313775973941,457.712237192089,3.57716182652146
37.4018727738585,412.111339927833,3.67006366504568
200.981214950771,300.974402276828,4.05778148016021
541.207478463254,264.376391739416,3.85267745107234
173.360897117972,19.0423024721431,4.12062645622995
501.13379641711,344.512019264261,4.42287388624686
37.7857217665681,51.545781722702,3.88560251093282
519.933632973914,149.80281848907,4.31340515860913
NA,NA,NA
661.513172610389,332.014211030928,3.34906236876989
457.063097736515,300.749459614948,3.6378210158222
7.60826706272846,501.501002462445,3.59122039036823
565.581947131439,49.4908310433603,4.09755182137226
73.0383654496594,378.804026972267,3.93328857480509
225.494790721701,415.041767826315,3.82535274806433
426.32481580083,13.5169904552092,3.25619944366454
362.429041168502,293.95770548577,3.0181847698924
605.11296035406,107.539597435862,4.0958989160079
394.718179387363,230.428594082719,4.29700649154995
570.73655370541,407.847822102728,4.76283193374005
144.243152975844,277.792036677513,4.51048109710955
200.627385878634,373.951447758877,4.08455308078635
128.306915763886,416.293993549802,3.55044029717049
626.815883719037,314.155237643845,4.6631411394044
1.5685257508678,143.042461928405,4.20060911582895
543.343854938728,201.501096537777,4.10181266320445
32.3824742190531,490.371067877399,3.03367549732265
278.243499318283,20.6271381951801,3.77736345837981
535.386410605216,389.719791397242,3.24832123345774
79.3075208082214,82.4416416839457,5.36996794767188
5.24199138701526,80.4232714814758,3.54894794027738
586.669371045435,223.26989172618,4.02911680398137
441.465700668849,459.938238313378,4.82862418851575
657.929478165089,373.360663740762,2.92474334776554
104.380586642732,489.528748059125,4.40778555078301
624.573894607293,92.4676221690123,4.08623861467971
418.218622296397,260.771482781687,3.71990924714993
10.8973344239435,182.754298863019,3.06007868142667
71.5259388272474,104.170512397982,4.39632032266776
589.740583350615,194.023694027538,4.25913206248873
253.097232253913,215.283809231353,3.78358356541599
571.799398962687,434.541816406702,3.96320712048917
302.327974875323,139.611701191037,3.82273770152694
535.313775973941,457.712237192089,3.57716182652146
37.4018727738585,412.111339927833,3.67006366504568
200.981214950771,300.974402276828,4.05778148016021
541.207478463254,264.376391739416,3.85267745107234
173.360897117972,19.0423024721431,4.12062645622995
501.13379641711,344.512019264261,4.42287388624686
37.7857217665681,51.545781722702,3.88560251093282
519.933632973914,149.80281848907,4.31340515860913
NA,NA,NA
661.513172610389,332.014211030928,3.34906236876989
457.063097736515,300.749459614948,3.6378210158222
7.60826706272846,501.501002462445,3.59122039036823
565.581947131439,49.4908310433603,4.09755182137226
73.0383654496594,378.804026972267,3.93328857480509
225.494790721701,415.041767826315,3.82535274806433
426.32481580083,13.5169904552092,3.25619944366454
362.429041168502,293.95770548577,3.0181847698924
605.11296035406,107.539597435862,4.0958989160079
394.718179387363,230.428594082719,4.29700649154995
570.73655370541,407.847822102728,4.76283193374005
144.243152975844,277.792036677513,4.51048109710955
200.627385878634,373.951447758877,4.08455308078635
128.306915763886,416.293993549802,3.55044029717049
626.815883719037,314.155237643845,4.6631411394044
1.5685257508678,143.042461928405,4.20060911582895
543.343854938728,201.501096537777,4.10181266320445
32.3824742190531,490.371067877399,3.03367549732265
278.243499318283,20.6271381951801,3.77736345837981
535.386410605216,389.719791397242,3.24832123345774
79.3075208082214,82.4416416839457,5.36996794767188
5.24199138701526,80.4232714814758,3.54894794027738
586.669371045435,223.26989172618,4.02911680398137
441.465700668849,459.938238313378,4.82862418851575
657.929478165089,373.360663740762,2.92474334776554
104.380586642732,489.528748059125,4.40778555078301
624.573894607293,92.4676221690123,4.08623861467971
418.218622296397,260.771482781687,3.71990924714993
10.8973344239435,182.754298863019,3.06007868142667
71.5259388272474,104.170512397982,4.39632032266776
589.740583350615,194.023694027538,4.25913206248873
253.097232253913,215.283809231353,3.78358356541599
571.799398962687,434.541816406702,3.96320712048917
302.327974875323,139.611701191037,3.82273770152694
535.313775973941,457.712237192089,3.57716182652146
37.4018727738585,412.111339927833,3.67006366504568
200.981214950771,300.974402276828,4.05778148016021
541.207478463254,264.376391739416,3.85267745107234
173.360897117972,19.0423024721431,4.12062645622995
501.13379641711,344.512019264261,4.42287388624686
37.7857217665681,51.545781722702,3.88560251093282
519.933632973914,149.80281848907,4.31340515860913
NA,NA,NA
661.096567829972,336.777675531131,3.40718844013755
455.597584266294,295.816335656296,3.71071630621142
8.25562814286656,495.977287929802,3.5439623563891
556.328607819691,50.4955476093133,4.18809186610411
71.4019589636032,376.23298805619,3.96142670151202
234.90381347265,415.005130872388,3.84103439353639
427.405777226548,12.0687917990811,3.3522514921829
360.958205892506,290.096846878978,3.158015639129
598.261006365705,107.747652995725,4.18731187053789
394.556891891211,230.819311339182,4.25845338488205
571.653669947876,405.662158992898,4.73245783790668
143.955750784091,278.949997261466,4.57552900462712
202.870007380547,365.236310224226,3.99104252983895
125.265144824549,414.353669603563,3.43188499186869
626.475773209892,314.829710742611,4.60026742833212
4.73634668921036,147.16610631615,4.29271239161109
546.079810471608,201.609333168868,4.15336167197675
35.5542664158199,491.63390290332,2.959775550386
280.051581842955,24.3106632272322,3.84771538948157
534.103139729064,391.446571405443,3.20401506048756
70.7339069177393,87.4167623174196,5.21616044597272
5.27283135806018,73.2553096290792,3.4356230722603
588.238377532363,229.388568772206,4.08786194716081
442.183080017032,465.790782153608,4.8351810432249
660.155136281696,372.164753801977,3.06751406733846
104.988281610593,485.648555543369,4.36582554126132
622.714760191528,87.6569980031244,4.04384052301639
420.082307813522,259.765512880349,3.54579446915443
11.2166606947653,183.148836069021,3.23550089892051
79.5481058988147,113.139244547952,4.55299509193165
610.023884347046,197.837060396141,4.44585621009904
254.448957624953,209.115378417297,3.93850199789519
562.889634583409,434.707487730938,3.75005571171376
303.905844365686,141.614125604467,3.92257946840412
527.725130965581,467.065351188283,3.73628314070569
42.6480633969624,414.000730688329,3.75129482147517
201.663470997482,289.296258700275,4.13664831982212
558.566566385227,265.036498078974,3.87842508606214
172.477726027839,27.0737126953942,4.11153877757118
506.420220865506,352.638744097723,4.64635213102986
41.680342672341,57.061198131227,3.9019493820388
537.794024990934,146.16119632105,4.0662006345029
NA,NA,NA
661.096567829972,336.777675531131,3.40718844013755
455.597584266294,295.816335656296,3.71071630621142
8.25562814286656,495.977287929802,3.5439623563891
556.328607819691,50.4955476093133,4.18809186610411
71.4019589636032,376.23298805619,3.96142670151202
234.90381347265,415.005130872388,3.84103439353639
427.405777226548,12.0687917990811,3.3522514921829
360.958205892506,290.096846878978,3.158015639129
598.261006365705,107.747652995725,4.18731187053789
394.556891891211,230.819311339182,4.25845338488205
571.653669947876,405.662158992898,4.73245783790668
143.955750784091,278.949997261466,4.57552900462712
202.870007380547,365.236310224226,3.99104252983895
125.265144824549,414.353669603563,3.43188499186869
626.475773209892,314.829710742611,4.60026742833212
4.73634668921036,147.16610631615,4.29271239161109
546.079810471608,201.609333168868,4.15336167197675
35.5542664158199,491.63390290332,2.959775550386
280.051581842955,24.3106632272322,3.84771538948157
534.103139729064,391.446571405443,3.20401506048756
70.7339069177393,87.4167623174196,5.21616044597272
5.27283135806018,73.2553096290792,3.4356230722603
588.238377532363,229.388568772206,4.08786194716081
442.183080017032,465.790782153608,4.8351810432249
660.155136281696,372.164753801977,3.06751406733846
104.988281610593,485.648555543369,4.36582554126132
622.714760191528,87.6569980031244,4.04384052301639
420.082307813522,259.765512880349,3.54579446915443
11.2166606947653,183.148836069021,3.23550089892051
79.5481058988147,113.139244547952,4.55299509193165
610.023884347046,197.837060396141,4.44585621009904
254.448957624953,209.115378417297,3.93850199789519
562.889634583409,434.707487730938,3.75005571171376
303.905844365686,141.614125604467,3.92257946840412
527.725130965581,467.065351188283,3.73628314070569
42.6480633969624,414.000730688329,3.75129482147517
201.663470997482,289.296258700275,4.13664831982212
558.566566385227,265.036498078974,3.87842508606214
172.477726027839,27.0737126953942,4.11153877757118
506.420220865506,352.638744097723,4.64635213102986
41.680342672341,57.061198131227,3.9019493820388
537.794024990934,146.16119632105,4.0662006345029
NA,NA,NA
661.096567829972,336.777675531131,3.40718844013755
455.597584266294,295.816335656296,3.71071630621142
8.25562814286656,495.977287929802,3.5439623563891
556.328607819691,50.4955476093133,4.18809186610411
71.4019589636032,376.23298805619,3.96142670151202
234.90381347265,415.005130872388,3.84103439353639
427.405777226548,12.0687917990811,3.3522514921829
360.958205892506,290.096846878978,3.158015639129
598.261006365705,107.747652995725,4.18731187053789
394.556891891211,230.819311339182,4.25845338488205
571.653669947876,405.662158992898,4.73245783790668
143.955750784091,278.949997261466,4.57552900462712
202.870007380547,365.236310224226,3.99104252983895
125.265144824549,414.353669603563,3.43188499186869
626.475773209892,314.829710742611,4.60026742833212
4.73634668921036,147.16610631615,4.29271239161109
546.079810471608,201.609333168868,4.15336167197675
35.5542664158199,491.63390290332,2.959775550386
280.051581842955,24.3106632272322,3.84771538948157
534.103139729064,391.446571405443,3.20401506048756
70.7339069177393,87.4167623174196,5.21616044597272
5.27283135806018,73.2553096290792,3.4356230722603
588.238377532363,229.388568772206,4.08786194716081
442.183080017032,465.790782153608,4.8351810432249
660.155136281696,372.164753801977,3.06751406733846
104.988281610593,485.648555543369,4.36582554126132
622.714760191528,87.6569980031244,4.04384052301639
420.082307813522,259.765512880349,3.54579446915443
11.2166606947653,183.148836069021,3.23550089892051
79.5481058988147,113.139244547952,4.55299509193165
610.023884347046,197.837060396141,4.44585621009904
254.448957624953,209.115378417297,3.93850199789519
562.889634583409,434.707487730938,3.75005571171376
303.905844365686,141.614125604467,3.92257946840412
527.725130965581,467.065351188283,3.73628314070569
42.6480633969624,414.000730688329,3.75129482147517
201.663470997482,289.296258700275,4.13664831982212
558.566566385227,265.036498078974,3.87842508606214
172.477726027839,27.0737126953942,4.11153877757118
506.420220865506,352.638744097723,4.64635213102986
41.680342672341,57.061198131227,3.9019493820388
537.794024990934,146.16119632105,4.0662006345029
NA,NA,NA
661.096567829972,336.777675531131,3.40718844013755
455.597584266294,295.816335656296,3.71071630621142
8.25562814286656,495.977287929802,3.5439623563891
556.328607819691,50.4955476093133,4.18809186610411
71.4019589636032,376.23298805619,3.96142670151202
234.90381347265,415.005130872388,3.84103439353639
427.405777226548,12.0687917990811,3.3522514921829
360.958205892506,290.096846878978,3.158015639129
598.261006365705,107.747652995725,4.18731187053789
394.556891891211,230.819311339182,4.25845338488205
571.653669947876,405.662158992898,4.73245783790668
143.955750784091,278.949997261466,4.57552900462712
202.870007380547,365.236310224226,3.99104252983895
125.265144824549,414.353669603563,3.43188499186869
626.475773209892,314.829710742611,4.60026742833212
4.73634668921036,147.16610631615,4.29271239161109
546.079810471608,201.609333168868,4.15336167197675
35.5542664158199,491.63390290332,2.959775550386
280.051581842955,24.3106632272322,3.84771538948157
534.103139729064,391.446571405443,3.20401506048756
70.7339069177393,87.4167623174196,5.21616044597272
5.27283135806018,73.2553096290792,3.4356230722603
588.238377532363,229.388568772206,4.08786194716081
442.183080017032,465.790782153608,4.8351810432249
660.155136281696,372.164753801977,3.06751406733846
104.988281610593,485.648555543369,4.36582554126132
622.714760191528,87.6569980031244,4.04384052301639
420.082307813522,259.765512880349,3.54579446915443
11.2166606947653,183.148836069021,3.23550089892051
79.5481058988147,113.139244547952,4.55299509193165
610.023884347046,197.837060396141,4.44585621009904
254.448957624953,209.115378417297,3.93850199789519
562.889634583409,434.707487730938,3.75005571171376
303.905844365686,141.614125604467,3.92257946840412
527.725130965581,467.065351188283,3.73628314070569
42.6480633969624,414.000730688329,3.75129482147517
201.663470997482,289.296258700275,4.13664831982212
558.566566385227,265.036498078974,3.87842508606214
172.477726027839,27.0737126953942,4.11153877757118
506.420220865506,352.638744097723,4.64635213102986
41.680342672341,57.061198131227,3.9019493820388
537.794024990934,146.16119632105,4.0662006345029
NA,NA,NA
661.096567829972,336.777675531131,3.40718844013755
455.597584266294,295.816335656296,3.71071630621142
8.25562814286656,495.977287929802,3.5439623563891
556.328607819691,50.4955476093133,4.18809186610411
71.4019589636032,376.23298805619,3.96142670151202
234.90381347265,415.005130872388,3.84103439353639
427.405777226548,12.0687917990811,3.3522514921829
360.958205892506,290.096846878978,3.158015639129
598.261006365705,107.747652995725,4.18731187053789
394.556891891211,230.819311339182,4.25845338488205
571.653669947876,405.662158992898,4.73245783790668
143.955750784091,278.949997261466,4.57552900462712
202.870007380547,365.236310224226,3.99104252983895
125.265144824549,414.353669603563,3.43188499186869
626.475773209892,314.829710742611,4.60026742833212
4.73634668921036,147.16610631615,4.29271239161109
546.079810471608,201.609333168868,4.15336167197675
35.5542664158199,491.63390290332,2.959775550386
280.051581842955,24.3106632272322,3.84771538948157
534.103139729064,391.446571405443,3.20401506048756
70.7339069177393,87.4167623174196,5.21616044597272
5.27283135806018,73.2553096290792,3.4356230722603
588.238377532363,229.388568772206,4.08786194716081
442.183080017032,465.790782153608,4.8351810432249
660.155136281696,372.164753801977,3.06751406733846
104.988281610593,485.648555543369,4.36582554126132
622.714760191528,87.6569980031244,4.04384052301639
420.082307813522,259.765512880349,3.54579446915443
11.2166606947653,183.148836069021,3.23550089892051
79.5481058988147,113.139244547952,4.55299509193165
610.023884347046,197.837060396141,4.44585621009904
254.448957624953,209.115378417297,3.93850199789519
562.889634583409,434.707487730938,3.75005571171376
303.905844365686,141.614125604467,3.92257946840412
527.725130965581,467.065351188283,3.73628314070569
42.6480633969624,414.000730688329,3.75129482147517
201.663470997482,289.296258700275,4.13664831982212
558.566566385227,265.036498078974,3.87842508606214
172.477726027839,27.0737126953942,4.11153877757118
506.420220865506,352.638744097723,4.64635213102986
41.680342672341,57.061198131227,3.9019493820388
537.794024990934,146.16119632105,4.0662006345029
NA,NA,NA
661.096567829972,336.777675531131,3.40718844013755
455.597584266294,295.816335656296,3.71071630621142
8.25562814286656,495.977287929802,3.5439623563891
556.328607819691,50.4955476093133,4.18809186610411
71.4019589636032,376.23298805619,3.96142670151202
234.90381347265,415.005130872388,3.84103439353639
427.405777226548,12.0687917990811,3.3522514921829
360.958205892506,290.096846878978,3.158015639129
598.261006365705,107.747652995725,4.18731187053789
394.556891891211,230.819311339182,4.25845338488205
571.653669947876,405.662158992898,4.73245783790668
143.955750784091,278.949997261466,4.57552900462712
202.870007380547,365.236310224226,3.99104252983895
125.265144824549,414.353669603563,3.43188499186869
626.475773209892,314.829710742611,4.60026742833212
4.73634668921036,147.16610631615,4.29271239161109
546.079810471608,201.609333168868,4.15336167197675
35.5542664158199,491.63390290332,2.959775550386
280.051581842955,24.3106632272322,3.84771538948157
534.103139729064,391.446571405443,3.20401506048756
70.7339069177393,87.4167623174196,5.21616044597272
5.27283135806018,73.2553096290792,3.4356230722603
588.238377532363,229.388568772206,4.08786194716081
442.183080017032,465.790782153608,4.8351810432249
660.155136281696,372.164753801977,3.06751406733846
104.988281610593,485.648555543369,4.36582554126132
622.714760191528,87.6569980031244,4.04384052301639
420.082307813522,259.765512880349,3.54579446915443
11.2166606947653,183.148836069021,3.23550089892051
79.5481058988147,113.139244547952,4.55299509193165
610.023884347046,197.837060396141,4.44585621009904
254.448957624953,209.115378417297,3.93850199789519
562.889634583409,434.707487730938,3.75005571171376
303.905844365686,141.614125604467,3.92257946840412
527.725130965581,467.065351188283,3.73628314070569
42.6480633969624,414.000730688329,3.75129482147517
201.663470997482,289.296258700275,4.13664831982212
558.566566385227,265.036498078974,3.87842508606214
172.477726027839,27.0737126953942,4.11153877757118
506.420220865506,352.638744097723,4.64635213102986
41.680342672341,57.061198131227,3.9019493820388
537.794024990934,146.16119632105,4.0662006345029
NA,NA,NA
662.634836039405,332.92789798279,3.48804658134733
453.062305269415,297.989462749611,3.74458066104103
12.147668320925,493.808865601829,3.68948864825134
558.861009463768,54.141071364621,4.15804946674721
77.7593162161404,369.712384194013,4.02818075118364
223.745415927599,415.169624617235,3.89984296846401
427.898783687277,14.1939117459028,3.22142780470283
363.175497349891,293.232345504835,3.00231622938942
607.428825986342,101.337586705227,4.18851609602938
389.992958743421,224.950803761106,4.18166113372226
564.522452376485,412.580314047672,4.72679460944347
140.412426598759,287.266739266269,4.59996358572482
198.16248529214,374.207539017054,4.05578780220285
123.043805426064,412.864388431205,3.46264700823015
626.525910327788,311.514188555526,4.54927952768801
2.40130262974321,148.236865647515,4.30781797830578
540.476863182577,200.295295984011,4.21397604717678
34.7056764062831,491.794151434912,2.91284648882846
276.434150647547,25.6747280607726,3.83337642711925
535.237189857795,389.917149800831,3.36318851531296
70.1656545820891,76.5352138255615,5.29828637522449
3.09280016911556,72.722405185597,3.43181377243533
587.90068457353,225.193084815859,3.92082150757755
439.952623761397,464.717825534873,4.8151712335499
658.83723565847,373.377057711692,3.04110126773007
104.040388749353,491.745360845937,4.28736165389857
626.23911322997,92.1787952511977,4.0453436038321
421.757381363477,259.954814932057,3.61089552531133
9.64796186882901,182.597849278524,3.21343004715237
58.9317691684747,111.246554598588,4.43677037694871
600.373692561873,201.917408087558,4.41388457600248
257.235847127233,223.192811710054,3.83886613725157
575.243366845535,432.616936275094,3.71083554199461
296.973964319915,142.667778516973,4.07866234854597
533.496239498344,457.490722265443,3.54206986119802
43.1772687461432,425.248456801574,3.80309556958573
188.282870936137,289.362435235955,3.92641198709514
553.896327570971,265.988729162464,3.85670447496631
161.374496653333,22.9254705516711,4.24727382865225
506.566714681585,350.887374438405,4.98395508181908
47.8219794846244,53.4965206575476,3.90232307161589
508.775378521473,142.054612505989,4.52650263166824
NA,NA,NA
662.634836039405,332.92789798279,3.48804658134733
453.062305269415,297.989462749611,3.74458066104103
12.147668320925,493.808865601829,3.68948864825134
558.861009463768,54.141071364621,4.15804946674721
77.7593162161404,369.712384194013,4.02818075118364
223.745415927599,415.169624617235,3.89984296846401
427.898783687277,14.1939117459028,3.22142780470283
363.175497349891,293.232345504835,3.00231622938942
607.428825986342,101.337586705227,4.18851609602938
389.992958743421,224.950803761106,4.18166113372226
564.522452376485,412.580314047672,4.72679460944347
140.412426598759,287.266739266269,4.59996358572482
198.16248529214,374.207539017054,4.05578780220285
123.043805426064,412.864388431205,3.46264700823015
626.525910327788,311.514188555526,4.54927952768801
2.40130262974321,148.236865647515,4.30781797830578
540.476863182577,200.295295984011,4.21397604717678
34.7056764062831,491.794151434912,2.91284648882846
276.434150647547,25.6747280607726,3.83337642711925
535.237189857795,389.917149800831,3.36318851531296
70.1656545820891,76.5352138255615,5.29828637522449
3.09280016911556,72.722405185597,3.43181377243533
587.90068457353,225.193084815859,3.92082150757755
439.952623761397,464.717825534873,4.8151712335499
658.83723565847,373.377057711692,3.04110126773007
104.040388749353,491.745360845937,4.28736165389857
626.23911322997,92.1787952511977,4.0453436038321
421.757381363477,259.954814932057,3.61089552531133
9.64796186882901,182.597849278524,3.21343004715237
58.9317691684747,111.246554598588,4.43677037694871
600.373692561873,201.917408087558,4.41388457600248
257.235847127233,223.192811710054,3.83886613725157
575.243366845535,432.616936275094,3.71083554199461
296.973964319915,142.667778516973,4.07866234854597
533.496239498344,457.490722265443,3.54206986119802
43.1772687461432,425.248456801574,3.80309556958573
188.282870936137,289.362435235955,3.92641198709514
553.896327570971,265.988729162464,3.85670447496631
161.374496653333,22.9254705516711,4.24727382865225
506.566714681585,350.887374438405,4.98395508181908
47.8219794846244,53.4965206575476,3.90232307161589
508.775378521473,142.054612505989,4.52650263166824
NA,NA,NA
662.634836039405,332.92789798279,3.48804658134733
453.062305269415,297.989462749611,3.74458066104103
12.147668320925,493.808865601829,3.68948864825134
558.861009463768,54.141071364621,4.15804946674721
77.7593162161404,369.712384194013,4.02818075118364
223.745415927599,415.169624617235,3.89984296846401
427.898783687277,14.1939117459028,3.22142780470283
363.175497349891,293.232345504835,3.00231622938942
607.428825986342,101.337586705227,4.18851609602938
389.992958743421,224.950803761106,4.18166113372226
564.522452376485,412.580314047672,4.72679460944347
140.412426598759,287.266739266269,4.59996358572482
198.16248529214,374.207539017054,4.05578780220285
123.043805426064,412.864388431205,3.46264700823015
626.525910327788,311.514188555526,4.54927952768801
2.40130262974321,148.236865647515,4.30781797830578
540.476863182577,200.295295984011,4.21397604717678
34.7056764062831,491.794151434912,2.91284648882846
276.434150647547,25.6747280607726,3.83337642711925
535.237189857795,389.917149800831,3.36318851531296
70.1656545820891,76.5352138255615,5.29828637522449
3.09280016911556,72.722405185597,3.43181377243533
587.90068457353,225.193084815859,3.92082150757755
439.952623761397,464.717825534873,4.8151712335499
658.83723565847,373.377057711692,3.04110126773007
104.040388749353,491.745360845937,4.28736165389857
626.23911322997,92.1787952511977,4.0453436038321
421.757381363477,259.954814932057,3.61089552531133
9.64796186882901,182.597849278524,3.21343004715237
58.9317691684747,111.246554598588,4.43677037694871
600.373692561873,201.917408087558,4.41388457600248
257.235847127233,223.192811710054,3.83886613725157
575.243366845535,432.616936275094,3.71083554199461
296.973964319915,142.667778516973,4.07866234854597
533.496239498344,457.490722265443,3.54206986119802
43.1772687461432,425.248456801574,3.80309556958573
188.282870936137,289.362435235955,3.92641198709514
553.896327570971,265.988729162464,3.85670447496631
161.374496653333,22.9254705516711,4.24727382865225
506.566714681585,350.887374438405,4.98395508181908
47.8219794846244,53.4965206575476,3.90232307161589
508.775378521473,142.054612505989,4.52650263166824
NA,NA,NA
662.634836039405,332.92789798279,3.48804658134733
453.062305269415,297.989462749611,3.74458066104103
12.147668320925,493.808865601829,3.68948864825134
558.861009463768,54.141071364621,4.15804946674721
77.7593162161404,369.712384194013,4.02818075118364
223.745415927599,415.169624617235,3.89984296846401
427.898783687277,14.1939117459028,3.22142780470283
363.175497349891,293.232345504835,3.00231622938942
607.428825986342,101.337586705227,4.18851609602938
389.992958743421,224.950803761106,4.18166113372226
564.522452376485,412.580314047672,4.72679460944347
140.412426598759,287.266739266269,4.59996358572482
198.16248529214,374.207539017054,4.05578780220285
123.043805426064,412.864388431205,3.46264700823015
626.525910327788,311.514188555526,4.54927952768801
2.40130262974321,148.236865647515,4.30781797830578
540.476863182577,200.295295984011,4.21397604717678
34.7056764062831,491.794151434912,2.91284648882846
276.434150647547,25.6747280607726,3.83337642711925
535.237189857795,389.917149800831,3.36318851531296
70.1656545820891,76.5352138255615,5.29828637522449
3.09280016911556,72.722405185597,3.43181377243533
587.90068457353,225.193084815859,3.92082150757755
439.952623761397,464.717825534873,4.8151712335499
658.83723565847,373.377057711692,3.04110126773007
104.040388749353,491.745360845937,4.28736165389857
626.23911322997,92.1787952511977,4.0453436038321
421.757381363477,259.954814932057,3.61089552531133
9.64796186882901,182.597849278524,3.21343004715237
58.9317691684747,111.246554598588,4.43677037694871
600.373692561873,201.917408087558,4.41388457600248
257.235847127233,223.192811710054,3.83886613725157
575.243366845535,432.616936275094,3.71083554199461
296.973964319915,142.667778516973,4.07866234854597
533.496239498344,457.490722265443,3.54206986119802
43.1772687461432,425.248456801574,3.80309556958573
188.282870936137,289.362435235955,3.92641198709514
553.896327570971,265.988729162464,3.85670447496631
161.374496653333,22.9254705516711,4.24727382865225
506.566714681585,350.887374438405,4.98395508181908
47.8219794846244,53.4965206575476,3.90232307161589
508.775378521473,142.054612505989,4.52650263166824
NA,NA,NA
662.634836039405,332.92789798279,3.48804658134733
453.062305269415,297.989462749611,3.74458066104103
12.147668320925,493.808865601829,3.68948864825134
558.861009463768,54.141071364621,4.15804946674721
77.7593162161404,369.712384194013,4.02818075118364
223.745415927599,415.169624617235,3.89984296846401
427.898783687277,14.1939117459028,3.22142780470283
363.175497349891,293.232345504835,3.00231622938942
607.428825986342,101.337586705227,4.18851609602938
389.992958743421,224.950803761106,4.18166113372226
564.522452376485,412.580314047672,4.72679460944347
140.412426598759,287.266739266269,4.59996358572482
198.16248529214,374.207539017054,4.05578780220285
123.043805426064,412.864388431205,3.46264700823015
626.525910327788,311.514188555526,4.54927952768801
2.40130262974321,148.236865647515,4.30781797830578
540.476863182577,200.295295984011,4.21397604717678
34.7056764062831,491.794151434912,2.91284648882846
276.434150647547,25.6747280607726,3.83337642711925
535.237189857795,389.917149800831,3.36318851531296
70.1656545820891,76.5352138255615,5.29828637522449
3.09280016911556,72.722405185597,3.43181377243533
587.90068457353,225.193084815859,3.92082150757755
439.952623761397,464.717825534873,4.8151712335499
658.83723565847,373.377057711692,3.04110126773007
104.040388749353,491.745360845937,4.28736165389857
626.23911322997,92.1787952511977,4.0453436038321
421.757381363477,259.954814932057,3.61089552531133
9.64796186882901,182.597849278524,3.21343004715237
58.9317691684747,111.246554598588,4.43677037694871
600.373692561873,201.917408087558,4.41388457600248
257.235847127233,223.192811710054,3.83886613725157
575.243366845535,432.616936275094,3.71083554199461
296.973964319915,142.667778516973,4.07866234854597
533.496239498344,457.490722265443,3.54206986119802
43.1772687461432,425.248456801574,3.80309556958573
188.282870936137,289.362435235955,3.92641198709514
553.896327570971,265.988729162464,3.85670447496631
161.374496653333,22.9254705516711,4.24727382865225
506.566714681585,350.887374438405,4.98395508181908
47.8219794846244,53.4965206575476,3.90232307161589
508.775378521473,142.054612505989,4.52650263166824
NA,NA,NA
662.634836039405,332.92789798279,3.48804658134733
453.062305269415,297.989462749611,3.74458066104103
12.147668320925,493.808865601829,3.68948864825134
558.861009463768,54.141071364621,4.15804946674721
77.7593162161404,369.712384194013,4.02818075118364
223.745415927599,415.169624617235,3.89984296846401
427.898783687277,14.1939117459028,3.22142780470283
363.175497349891,293.232345504835,3.00231622938942
607.428825986342,101.337586705227,4.18851609602938
389.992958743421,224.950803761106,4.18166113372226
564.522452376485,412.580314047672,4.72679460944347
140.412426598759,287.266739266269,4.59996358572482
198.16248529214,374.207539017054,4.05578780220285
123.043805426064,412.864388431205,3.46264700823015
626.525910327788,311.514188555526,4.54927952768801
2.40130262974321,148.236865647515,4.30781797830578
540.476863182577,200.295295984011,4.21397604717678
34.7056764062831,491.794151434912,2.91284648882846
276.434150647547,25.6747280607726,3.83337642711925
535.237189857795,389.917149800831,3.36318851531296
70.1656545820891,76.5352138255615,5.29828637522449
3.09280016911556,72.722405185597,3.43181377243533
587.90068457353,225.193084815859,3.92082150757755
439.952623761397,464.717825534873,4.8151712335499
658.83723565847,373.377057711692,3.04110126773007
104.040388749353,491.745360845937,4.28736165389857
626.23911322997,92.1787952511977,4.0453436038321
421.757381363477,259.954814932057,3.61089552531133
9.64796186882901,182.597849278524,3.21343004715237
58.9317691684747,111.246554598588,4.43677037694871
600.373692561873,201.917408087558,4.41388457600248
257.235847127233,223.192811710054,3.83886613725157
575.243366845535,432.616936275094,3.71083554199461
296.973964319915,142.667778516973,4.07866234854597
533.496239498344,457.490722265443,3.54206986119802
43.1772687461432,425.248456801574,3.80309556958573
188.282870936137,289.362435235955,3.92641198709514
553.896327570971,265.988729162464,3.85670447496631
161.374496653333,22.9254705516711,4.24727382865225
506.566714681585,350.887374438405,4.98395508181908
47.8219794846244,53.4965206575476,3.90232307161589
508.775378521473,142.054612505989,4.52650263166824
NA,NA,NA
663.18833068127,336.451275719209,3.53368413824277
456.497343297502,298.949146026961,3.45934811016043
11.7417660494017,496.768906875087,3.48345532818193
562.609522529377,50.0956422300074,4.19691227966529
72.4329139714322,378.162276316772,3.95624483018493
228.614974797794,410.139364419322,3.88761906558286
429.603423903548,11.7860277310944,3.30631386943209
361.909728636928,294.096561605481,3.00131535486264
606.916234281698,106.065872278562,4.30613203820544
395.834768547652,229.478564278527,4.18811868955977
565.999253537532,400.447596988129,4.67230866782011
148.2440049339,284.211394445341,4.48943095500851
193.643081181236,366.424922615239,3.9776935565037
124.619101330728,412.701180768856,3.4929607222175
628.355359765024,312.428885940989,4.74284827340718
-0.0796815269234039,150.912242654083,4.25880481154015
540.532106164134,197.928712621621,4.21872700424335
35.8821136825963,491.875150248919,3.01826737429439
278.202902899869,18.9408128418771,3.73005487967078
529.7165363568,390.69694851548,3.45637051363007
77.3934102274265,83.6633450449258,5.24305904353181
5.60592670322676,78.1596391500264,3.43336588856275
590.513970760635,228.691362307766,4.01280055536674
438.113323980141,459.388265207557,4.74504332811205
658.311125606279,373.420262112088,3.0923197003986
100.892774362238,487.783137966108,4.33722017212244
621.183403138392,91.9255592753038,4.07964101909722
420.83303476588,260.151379923243,3.57731196139597
9.72497212159348,181.207916825724,3.33364682590168
66.9374982492669,116.443682168091,4.45435601879028
604.249392292745,211.123019282857,4.23737998694572
261.53461896532,225.281997329981,3.80777567239156
576.836290107714,450.702229165604,4.0626463293453
302.990489059034,136.99897045406,3.77556634822258
532.409308176995,451.702036125604,3.65908217574919
52.3934222048667,420.467804795339,3.80341287105444
196.809443763302,302.368050843369,4.17381090956006
549.666712433802,255.288636229313,3.66720619693696
164.499710456449,35.4350189465461,4.34372152340507
508.128904065757,346.195090820712,4.60050824817529
44.6873627289741,48.6265348827139,3.82488233870598
530.779577933096,145.752638387386,4.64351439089277
NA,NA,NA
663.18833068127,336.451275719209,3.53368413824277
456.497343297502,298.949146026961,3.45934811016043
11.7417660494017,496.768906875087,3.48345532818193
562.609522529377,50.0956422300074,4.19691227966529
72.4329139714322,378.162276316772,3.95624483018493
228.614974797794,410.139364419322,3.88761906558286
429.603423903548,11.7860277310944,3.30631386943209
361.909728636928,294.096561605481,3.00131535486264
606.916234281698,106.065872278562,4.30613203820544
395.834768547652,229.478564278527,4.18811868955977
565.999253537532,400.447596988129,4.67230866782011
148.2440049339,284.211394445341,4.48943095500851
193.643081181236,366.424922615239,3.9776935565037
124.619101330728,412.701180768856,3.4929607222175
628.355359765024,312.428885940989,4.74284827340718
-0.0796815269234039,150.912242654083,4.25880481154015
540.532106164134,197.928712621621,4.21872700424335
35.8821136825963,491.875150248919,3.01826737429439
278.202902899869,18.9408128418771,3.73005487967078
529.7165363568,390.69694851548,3.45637051363007
77.3934102274265,83.6633450449258,5.24305904353181
5.60592670322676,78.1596391500264,3.43336588856275
590.513970760635,228.691362307766,4.01280055536674
438.113323980141,459.388265207557,4.74504332811205
658.311125606279,373.420262112088,3.0923197003986
100.892774362238,487.783137966108,4.33722017212244
621.183403138392,91.9255592753038,4.07964101909722
420.83303476588,260.151379923243,3.57731196139597
9.72497212159348,181.207916825724,3.33364682590168
66.9374982492669,116.443682168091,4.45435601879028
604.249392292745,211.123019282857,4.23737998694572
261.53461896532,225.281997329981,3.80777567239156
576.836290107714,450.702229165604,4.0626463293453
302.990489059034,136.99897045406,3.77556634822258
532.409308176995,451.702036125604,3.65908217574919
52.3934222048667,420.467804795339,3.80341287105444
196.809443763302,302.368050843369,4.17381090956006
549.666712433802,255.288636229313,3.66720619693696
164.499710456449,35.4350189465461,4.34372152340507
508.128904065757,346.195090820712,4.60050824817529
44.6873627289741,48.6265348827139,3.82488233870598
530.779577933096,145.752638387386,4.64351439089277
NA,NA,NA
663.18833068127,336.451275719209,3.53368413824277
456.497343297502,298.949146026961,3.45934811016043
11.7417660494017,496.768906875087,3.48345532818193
562.609522529377,50.0956422300074,4.19691227966529
72.4329139714322,378.162276316772,3.95624483018493
228.614974797794,410.139364419322,3.88761906558286
429.603423903548,11.7860277310944,3.30631386943209
361.909728636928,294.096561605481,3.00131535486264
606.916234281698,106.065872278562,4.30613203820544
395.834768547652,229.478564278527,4.18811868955977
565.999253537532,400.447596988129,4.67230866782011
148.2440049339,284.211394445341,4.48943095500851
193.643081181236,366.424922615239,3.9776935565037
124.619101330728,412.701180768856,3.4929607222175
628.355359765024,312.428885940989,4.74284827340718
-0.0796815269234039,150.912242654083,4.25880481154015
540.532106164134,197.928712621621,4.21872700424335
35.8821136825963,491.875150248919,3.01826737429439
278.202902899869,18.9408128418771,3.73005487967078
529.7165363568,390.69694851548,3.45637051363007
77.3934102274265,83.6633450449258,5.24305904353181
5.60592670322676,78.1596391500264,3.43336588856275
590.513970760635,228.691362307766,4.01280055536674
438.113323980141,459.388265207557,4.74504332811205
658.311125606279,373.420262112088,3.0923197003986
100.892774362238,487.783137966108,4.33722017212244
621.183403138392,91.9255592753038,4.07964101909722
420.83303476588,260.151379923243,3.57731196139597
9.72497212159348,181.207916825724,3.33364682590168
66.9374982492669,116.443682168091,4.45435601879028
604.249392292745,211.123019282857,4.23737998694572
261.53461896532,225.281997329981,3.80777567239156
576.836290107714,450.702229165604,4.0626463293453
302.990489059034,136.99897045406,3.77556634822258
532.409308176995,451.702036125604,3.65908217574919
52.3934222048667,420.467804795339,3.80341287105444
196.809443763302,302.368050843369,4.17381090956006
549.666712433802,255.288636229313,3.66720619693696
164.499710456449,35.4350189465461,4.34372152340507
508.128904065757,346.195090820712,4.60050824817529
44.6873627289741,48.6265348827139,3.82488233870598
530.779577933096,145.752638387386,4.64351439089277
NA,NA,NA
663.18833068127,336.451275719209,3.53368413824277
456.497343297502,298.949146026961,3.45934811016043
11.7417660494017,496.768906875087,3.48345532818193
562.609522529377,50.0956422300074,4.19691227966529
72.4329139714322,378.162276316772,3.95624483018493
228.614974797794,410.139364419322,3.88761906558286
429.603423903548,11.7860277310944,3.30631386943209
361.909728636928,294.096561605481,3.00131535486264
606.916234281698,106.065872278562,4.30613203820544
395.834768547652,229.478564278527,4.18811868955977
565.999253537532,400.447596988129,4.67230866782011
148.2440049339,284.211394445341,4.48943095500851
193.643081181236,366.424922615239,3.9776935565037
124.619101330728,412.701180768856,3.4929607222175
628.355359765024,312.428885940989,4.74284827340718
-0.0796815269234039,150.912242654083,4.25880481154015
540.532106164134,197.928712621621,4.21872700424335
35.8821136825963,491.875150248919,3.01826737429439
278.202902899869,18.9408128418771,3.73005487967078
529.7165363568,390.69694851548,3.45637051363007
77.3934102274265,83.6633450449258,5.24305904353181
5.60592670322676,78.1596391500264,3.43336588856275
590.513970760635,228.691362307766,4.01280055536674
438.113323980141,459.388265207557,4.74504332811205
658.311125606279,373.420262112088,3.0923197003986
100.892774362238,487.783137966108,4.33722017212244
621.183403138392,91.9255592753038,4.07964101909722
420.83303476588,260.151379923243,3.57731196139597
9.72497212159348,181.207916825724,3.33364682590168
66.9374982492669,116.443682168091,4.45435601879028
604.249392292745,211.123019282857,4.23737998694572
261.53461896532,225.281997329981,3.80777567239156
576.836290107714,450.702229165604,4.0626463293453
302.990489059034,136.99897045406,3.77556634822258
532.409308176995,451.702036125604,3.65908217574919
52.3934222048667,420.467804795339,3.80341287105444
196.809443763302,302.368050843369,4.17381090956006
549.666712433802,255.288636229313,3.66720619693696
164.499710456449,35.4350189465461,4.34372152340507
508.128904065757,346.195090820712,4.60050824817529
44.6873627289741,48.6265348827139,3.82488233870598
530.779577933096,145.752638387386,4.64351439089277
NA,NA,NA
663.18833068127,336.451275719209,3.53368413824277
456.497343297502,298.949146026961,3.45934811016043
11.7417660494017,496.768906875087,3.48345532818193
562.609522529377,50.0956422300074,4.19691227966529
72.4329139714322,378.162276316772,3.95624483018493
228.614974797794,410.139364419322,3.88761906558286
429.603423903548,11.7860277310944,3.30631386943209
361.909728636928,294.096561605481,3.00131535486264
606.916234281698,106.065872278562,4.30613203820544
395.834768547652,229.478564278527,4.18811868955977
565.999253537532,400.447596988129,4.67230866782011
148.2440049339,284.211394445341,4.48943095500851
193.643081181236,366.424922615239,3.9776935565037
124.619101330728,412.701180768856,3.4929607222175
628.355359765024,312.428885940989,4.74284827340718
-0.0796815269234039,150.912242654083,4.25880481154015
540.532106164134,197.928712621621,4.21872700424335
35.8821136825963,491.875150248919,3.01826737429439
278.202902899869,18.9408128418771,3.73005487967078
529.7165363568,390.69694851548,3.45637051363007
77.3934102274265,83.6633450449258,5.24305904353181
5.60592670322676,78.1596391500264,3.43336588856275
590.513970760635,228.691362307766,4.01280055536674
438.113323980141,459.388265207557,4.74504332811205
658.311125606279,373.420262112088,3.0923197003986
100.892774362238,487.783137966108,4.33722017212244
621.183403138392,91.9255592753038,4.07964101909722
420.83303476588,260.151379923243,3.57731196139597
9.72497212159348,181.207916825724,3.33364682590168
66.9374982492669,116.443682168091,4.45435601879028
604.249392292745,211.123019282857,4.23737998694572
261.53461896532,225.281997329981,3.80777567239156
576.836290107714,450.702229165604,4.0626463293453
302.990489059034,136.99897045406,3.77556634822258
532.409308176995,451.702036125604,3.65908217574919
52.3934222048667,420.467804795339,3.80341287105444
196.809443763302,302.368050843369,4.17381090956006
549.666712433802,255.288636229313,3.66720619693696
164.499710456449,35.4350189465461,4.34372152340507
508.128904065757,346.195090820712,4.60050824817529
44.6873627289741,48.6265348827139,3.82488233870598
530.779577933096,145.752638387386,4.64351439089277
NA,NA,NA
663.18833068127,336.451275719209,3.53368413824277
456.497343297502,298.949146026961,3.45934811016043
11.7417660494017,496.768906875087,3.48345532818193
562.609522529377,50.0956422300074,4.19691227966529
72.4329139714322,378.162276316772,3.95624483018493
228.614974797794,410.139364419322,3.88761906558286
429.603423903548,11.7860277310944,3.30631386943209
361.909728636928,294.096561605481,3.00131535486264
606.916234281698,106.065872278562,4.30613203820544
395.834768547652,229.478564278527,4.18811868955977
565.999253537532,400.447596988129,4.67230866782011
148.2440049339,284.211394445341,4.48943095500851
193.643081181236,366.424922615239,3.9776935565037
124.619101330728,412.701180768856,3.4929607222175
628.355359765024,312.428885940989,4.74284827340718
-0.0796815269234039,150.912242654083,4.25880481154015
540.532106164134,197.928712621621,4.21872700424335
35.8821136825963,491.875150248919,3.01826737429439
278.202902899869,18.9408128418771,3.73005487967078
529.7165363568,390.69694851548,3.45637051363007
77.3934102274265,83.6633450449258,5.24305904353181
5.60592670322676,78.1596391500264,3.43336588856275
590.513970760635,228.691362307766,4.01280055536674
438.113323980141,459.388265207557,4.74504332811205
658.311125606279,373.420262112088,3.0923197003986
100.892774362238,487.783137966108,4.33722017212244
621.183403138392,91.9255592753038,4.07964101909722
420.83303476588,260.151379923243,3.57731196139597
9.72497212159348,181.207916825724,3.33364682590168
66.9374982492669,116.443682168091,4.45435601879028
604.249392292745,211.123019282857,4.23737998694572
261.53461896532,225.281997329981,3.80777567239156
576.836290107714,450.702229165604,4.0626463293453
302.990489059034,136.99897045406,3.77556634822258
532.409308176995,451.702036125604,3.65908217574919
52.3934222048667,420.467804795339,3.80341287105444
196.809443763302,302.368050843369,4.17381090956006
549.666712433802,255.288636229313,3.66720619693696
164.499710456449,35.4350189465461,4.34372152340507
508.128904065757,346.195090820712,4.60050824817529
44.6873627289741,48.6265348827139,3.82488233870598
530.779577933096,145.752638387386,4.64351439089277
NA,NA,NA
664.041622375943,335.828172959205,3.51419163908176
458.010647164623,296.281785264392,3.84098008069297
11.9958307020658,493.139289515851,3.71173519449084
563.344447677902,51.6018016856248,4.16237465443578
71.2418806225986,371.704718684938,4.02614244711027
227.646302711905,414.558282365099,3.90885549872147
426.486084726347,13.0123612638579,3.3939109174759
363.384215925538,292.688901837775,3.07331914987352
607.815187198504,101.921572157461,4.1765922999539
393.375365771673,229.825430598681,4.37052523459018
564.518711940771,409.374870002788,4.68558371070847
144.826577186248,280.874302030552,4.59071378726451
201.732724361564,368.268003172361,4.17269232907217
126.24338462928,411.748196944953,3.59354097246948
632.598412203315,317.338799874327,4.49606216923206
0.603847194365484,145.038034864824,4.15803370626978
541.117298490226,198.141169098815,4.10888528904154
33.8273113923089,492.232198611065,3.08538706374846
279.303913073644,23.6345810944788,3.87270697084908
532.133055879615,395.381842817187,3.34456131747238
70.7044064634473,72.7836905928376,5.2508989123532
9.11467545382382,78.1641535913546,3.36652595940739
589.607750016979,227.944589684264,4.01122231181627
441.314446166271,451.21073710979,4.85045716383507
658.120039252135,372.458054493186,3.23638368406504
103.306386404998,482.752311038725,4.40326652378194
622.236005618926,86.6106009399808,4.10668009627829
420.656877485654,257.228361105933,3.700523312812
13.8195376342783,181.460122548343,3.2972267302629
75.9133760760706,114.450382929936,4.39123877713871
608.760264617059,194.780526279142,4.3408266293715
260.277856974078,215.813233330226,4.0002840503043
572.559488505092,441.588183309072,3.86187945930736
295.679386892941,141.64527783575,3.82828573416621
533.583486260032,454.340023109447,3.38467232715876
53.3671096577321,418.990162199464,4.08404235184527
188.951635144299,297.046116611504,3.94475703667211
550.718361531608,261.551873514584,3.62869935756723
182.712994071202,31.0557188852435,4.10889572188233
499.760600353223,340.176273784702,4.37471018023036
41.7112690796837,56.8937816586162,3.78118233683858
540.486638337,144.537979409054,4.16571033239024
NA,NA,NA
664.041622375943,335.828172959205,3.51419163908176
458.010647164623,296.281785264392,3.84098008069297
11.9958307020658,493.139289515851,3.71173519449084
563.344447677902,51.6018016856248,4.16237465443578
71.2418806225986,371.704718684938,4.02614244711027
227.646302711905,414.558282365099,3.90885549872147
426.486084726347,13.0123612638579,3.3939109174759
363.384215925538,292.688901837775,3.07331914987352
607.815187198504,101.921572157461,4.1765922999539
393.375365771673,229.825430598681,4.37052523459018
564.518711940771,409.374870002788,4.68558371070847
144.826577186248,280.874302030552,4.59071378726451
201.732724361564,368.268003172361,4.17269232907217
126.24338462928,411.748196944953,3.59354097246948
632.598412203315,317.338799874327,4.49606216923206
0.603847194365484,145.038034864824,4.15803370626978
541.117298490226,198.141169098815,4.10888528904154
33.8273113923089,492.232198611065,3.08538706374846
279.303913073644,23.6345810944788,3.87270697084908
532.133055879615,395.381842817187,3.34456131747238
70.7044064634473,72.7836905928376,5.2508989123532
9.11467545382382,78.1641535913546,3.36652595940739
589.607750016979,227.944589684264,4.01122231181627
441.314446166271,451.21073710979,4.85045716383507
658.120039252135,372.458054493186,3.23638368406504
103.306386404998,482.752311038725,4.40326652378194
622.236005618926,86.6106009399808,4.10668009627829
420.656877485654,257.228361105933,3.700523312812
13.8195376342783,181.460122548343,3.2972267302629
75.9133760760706,114.450382929936,4.39123877713871
608.760264617059,194.780526279142,4.3408266293715
260.277856974078,215.813233330226,4.0002840503043
572.559488505092,441.588183309072,3.86187945930736
295.679386892941,141.64527783575,3.82828573416621
533.583486260032,454.340023109447,3.38467232715876
53.3671096577321,418.990162199464,4.08404235184527
188.951635144299,297.046116611504,3.94475703667211
550.718361531608,261.551873514584,3.62869935756723
182.712994071202,31.0557188852435,4.10889572188233
499.760600353223,340.176273784702,4.37471018023036
41.7112690796837,56.8937816586162,3.78118233683858
540.486638337,144.537979409054,4.16571033239024
NA,NA,NA
664.041622375943,335.828172959205,3.51419163908176
458.010647164623,296.281785264392,3.84098008069297
11.9958307020658,493.139289515851,3.71173519449084
563.344447677902,51.6018016856248,4.16237465443578
71.2418806225986,371.704718684938,4.02614244711027
227.646302711905,414.558282365099,3.90885549872147
426.486084726347,13.0123612638579,3.3939109174759
363.384215925538,292.688901837775,3.07331914987352
607.815187198504,101.921572157461,4.1765922999539
393.375365771673,229.825430598681,4.37052523459018
564.518711940771,409.374870002788,4.68558371070847
144.826577186248,280.874302030552,4.59071378726451
201.732724361564,368.268003172361,4.17269232907217
126.24338462928,411.748196944953,3.59354097246948
632.598412203315,317.338799874327,4.49606216923206
0.603847194365484,145.038034864824,4.15803370626978
541.117298490226,198.141169098815,4.10888528904154
33.8273113923089,492.232198611065,3.08538706374846
279.303913073644,23.6345810944788,3.87270697084908
532.133055879615,395.381842817187,3.34456131747238
70.7044064634473,72.7836905928376,5.2508989123532
9.11467545382382,78.1641535913546,3.36652595940739
589.607750016979,227.944589684264,4.01122231181627
441.314446166271,451.21073710979,4.85045716383507
658.120039252135,372.458054493186,3.23638368406504
103.306386404998,482.752311038725,4.40326652378194
622.236005618926,86.6106009399808,4.10668009627829
420.656877485654,257.228361105933,3.700523312812
13.8195376342783,181.460122548343,3.2972267302629
75.9133760760706,114.450382929936,4.39123877713871
608.760264617059,194.780526279142,4.3408266293715
260.277856974078,215.813233330226,4.0002840503043
572.559488505092,441.588183309072,3.86187945930736
295.679386892941,141.64527783575,3.82828573416621
533.583486260032,454.340023109447,3.38467232715876
53.3671096577321,418.990162199464,4.08404235184527
188.951635144299,297.046116611504,3.94475703667211
550.718361531608,261.551873514584,3.62869935756723
182.712994071202,31.0557188852435,4.10889572188233
499.760600353223,340.176273784702,4.37471018023036
41.7112690796837,56.8937816586162,3.78118233683858
540.486638337,144.537979409054,4.16571033239024
NA,NA,NA
664.041622375943,335.828172959205,3.51419163908176
458.010647164623,296.281785264392,3.84098008069297
11.9958307020658,493.139289515851,3.71173519449084
563.344447677902,51.6018016856248,4.16237465443578
71.2418806225986,371.704718684938,4.02614244711027
227.646302711905,414.558282365099,3.90885549872147
426.486084726347,13.0123612638579,3.3939109174759
363.384215925538,292.688901837775,3.07331914987352
607.815187198504,101.921572157461,4.1765922999539
393.375365771673,229.825430598681,4.37052523459018
564.518711940771,409.374870002788,4.68558371070847
144.826577186248,280.874302030552,4.59071378726451
201.732724361564,368.268003172361,4.17269232907217
126.24338462928,411.748196944953,3.59354097246948
632.598412203315,317.338799874327,4.49606216923206
0.603847194365484,145.038034864824,4.15803370626978
541.117298490226,198.141169098815,4.10888528904154
33.8273113923089,492.232198611065,3.08538706374846
279.303913073644,23.6345810944788,3.87270697084908
532.133055879615,395.381842817187,3.34456131747238
70.7044064634473,72.7836905928376,5.2508989123532
9.11467545382382,78.1641535913546,3.36652595940739
589.607750016979,227.944589684264,4.01122231181627
441.314446166271,451.21073710979,4.85045716383507
658.120039252135,372.458054493186,3.23638368406504
103.306386404998,482.752311038725,4.40326652378194
622.236005618926,86.6106009399808,4.10668009627829
420.656877485654,257.228361105933,3.700523312812
13.8195376342783,181.460122548343,3.2972267302629
75.9133760760706,114.450382929936,4.39123877713871
608.760264617059,194.780526279142,4.3408266293715
260.277856974078,215.813233330226,4.0002840503043
572.559488505092,441.588183309072,3.86187945930736
295.679386892941,141.64527783575,3.82828573416621
533.583486260032,454.340023109447,3.38467232715876
53.3671096577321,418.990162199464,4.08404235184527
188.951635144299,297.046116611504,3.94475703667211
550.718361531608,261.551873514584,3.62869935756723
182.712994071202,31.0557188852435,4.10889572188233
499.760600353223,340.176273784702,4.37471018023036
41.7112690796837,56.8937816586162,3.78118233683858
540.486638337,144.537979409054,4.16571033239024
NA,NA,NA
664.041622375943,335.828172959205,3.51419163908176
458.010647164623,296.281785264392,3.84098008069297
11.9958307020658,493.139289515851,3.71173519449084
563.344447677902,51.6018016856248,4.16237465443578
71.2418806225986,371.704718684938,4.02614244711027
227.646302711905,414.558282365099,3.90885549872147
426.486084726347,13.0123612638579,3.3939109174759
363.384215925538,292.688901837775,3.07331914987352
607.815187198504,101.921572157461,4.1765922999539
393.375365771673,229.825430598681,4.37052523459018
564.518711940771,409.374870002788,4.68558371070847
144.826577186248,280.874302030552,4.59071378726451
201.732724361564,368.268003172361,4.17269232907217
126.24338462928,411.748196944953,3.59354097246948
632.598412203315,317.338799874327,4.49606216923206
0.603847194365484,145.038034864824,4.15803370626978
541.117298490226,198.141169098815,4.10888528904154
33.8273113923089,492.232198611065,3.08538706374846
279.303913073644,23.6345810944788,3.87270697084908
532.133055879615,395.381842817187,3.34456131747238
70.7044064634473,72.7836905928376,5.2508989123532
9.11467545382382,78.1641535913546,3.36652595940739
589.607750016979,227.944589684264,4.01122231181627
441.314446166271,451.21073710979,4.85045716383507
658.120039252135,372.458054493186,3.23638368406504
103.306386404998,482.752311038725,4.40326652378194
622.236005618926,86.6106009399808,4.10668009627829
420.656877485654,257.228361105933,3.700523312812
13.8195376342783,181.460122548343,3.2972267302629
75.9133760760706,114.450382929936,4.39123877713871
608.760264617059,194.780526279142,4.3408266293715
260.277856974078,215.813233330226,4.0002840503043
572.559488505092,441.588183309072,3.86187945930736
295.679386892941,141.64527783575,3.82828573416621
533.583486260032,454.340023109447,3.38467232715876
53.3671096577321,418.990162199464,4.08404235184527
188.951635144299,297.046116611504,3.94475703667211
550.718361531608,261.551873514584,3.62869935756723
182.712994071202,31.0557188852435,4.10889572188233
499.760600353223,340.176273784702,4.37471018023036
41.7112690796837,56.8937816586162,3.78118233683858
540.486638337,144.537979409054,4.16571033239024
NA,NA,NA
664.041622375943,335.828172959205,3.51419163908176
458.010647164623,296.281785264392,3.84098008069297
11.9958307020658,493.139289515851,3.71173519449084
563.344447677902,51.6018016856248,4.16237465443578
71.2418806225986,371.704718684938,4.02614244711027
227.646302711905,414.558282365099,3.90885549872147
426.486084726347,13.0123612638579,3.3939109174759
363.384215925538,292.688901837775,3.07331914987352
607.815187198504,101.921572157461,4.1765922999539
393.375365771673,229.825430598681,4.37052523459018
564.518711940771,409.374870002788,4.68558371070847
144.826577186248,280.874302030552,4.59071378726451
201.732724361564,368.268003172361,4.17269232907217
126.24338462928,411.748196944953,3.59354097246948
632.598412203315,317.338799874327,4.49606216923206
0.603847194365484,145.038034864824,4.15803370626978
541.117298490226,198.141169098815,4.10888528904154
33.8273113923089,492.232198611065,3.08538706374846
279.303913073644,23.6345810944788,3.87270697084908
532.133055879615,395.381842817187,3.34456131747238
70.7044064634473,72.7836905928376,5.2508989123532
9.11467545382382,78.1641535913546,3.36652595940739
589.607750016979,227.944589684264,4.01122231181627
441.314446166271,451.21073710979,4.85045716383507
658.120039252135,372.458054493186,3.23638368406504
103.306386404998,482.752311038725,4.40326652378194
622.236005618926,86.6106009399808,4.10668009627829
420.656877485654,257.228361105933,3.700523312812
13.8195376342783,181.460122548343,3.2972267302629
75.9133760760706,114.450382929936,4.39123877713871
608.760264617059,194.780526279142,4.3408266293715
260.277856974078,215.813233330226,4.0002840503043
572.559488505092,441.588183309072,3.86187945930736
295.679386892941,141.64527783575,3.82828573416621
533.583486260032,454.340023109447,3.38467232715876
53.3671096577321,418.990162199464,4.08404235184527
188.951635144299,297.046116611504,3.94475703667211
550.718361531608,261.551873514584,3.62869935756723
182.712994071202,31.0557188852435,4.10889572188233
499.760600353223,340.176273784702,4.37471018023036
41.7112690796837,56.8937816586162,3.78118233683858
540.486638337,144.537979409054,4.16571033239024
NA,NA,NA
661.601948861884,336.687456691268,3.46685367547163
453.003932289124,300.36417204646,3.56614195156075
11.7429114677557,495.097897442043,3.61166372409884
563.571980397473,51.8988549451866,4.20848570844919
71.7084162095068,378.174440934524,4.02266679306946
231.59268928101,413.587094712101,3.9816308908642
426.690961378454,13.4379899887433,3.38333184690467
363.86868998937,292.577414341496,3.09775512760127
603.6555499147,105.682132774485,4.20192897879952
393.128542835138,232.540078775294,4.13400532738146
574.102757980402,418.671086819352,4.72026647372264
144.283480824975,283.722925211197,4.52956161230434
198.141185626953,371.406763797019,4.01337703457176
123.70850350046,406.710595660801,3.50889108235301
631.965590945238,318.582928876214,4.53584285139472
6.41628263259849,150.878791044271,4.21851456480659
543.903994623848,203.228856982323,4.16734173301808
33.708051682126,492.350113454829,2.92663205756072
276.662367225837,22.5823643767986,3.96748300331455
535.018693332177,393.40545191159,3.42137780802719
67.9764298917402,75.2024291029066,5.25130910950233
7.34217106991199,78.6749109034234,3.37932236863169
591.114147504655,223.666339173559,4.0123903040586
445.530992846905,465.862393533547,4.77218500950203
658.606889360386,372.887645905438,3.19083636936449
101.679377917167,489.501276053968,4.33034315422297
626.232374451343,92.2423379048685,4.08812364002002
420.938468994409,259.552331218924,3.65934037440083
9.194040794123,181.011349490322,3.28839030561158
57.8591686544919,125.326351528128,4.47146995978267
617.790760619347,208.158954852894,4.35073110716609
250.337852711833,226.033402864491,3.74442669243659
578.048960978113,440.689861860744,3.9958830591181
300.099812811012,136.162683178416,3.71241890338326
526.063743319546,452.911862793051,3.69576035918555
42.3500891992671,430.285753165128,3.89439826038006
190.039213632335,279.572998643856,4.05120012862189
550.762279427436,258.359292645312,3.76582033610594
182.339187143558,25.584113286741,4.19718756173161
502.190591001062,335.065388884109,4.4227363677014
39.5663984001454,51.2914822860311,3.86653852646519
526.148181412193,164.614900014697,4.91167929944447
NA,NA,NA
661.601948861884,336.687456691268,3.46685367547163
453.003932289124,300.36417204646,3.56614195156075
11.7429114677557,495.097897442043,3.61166372409884
563.571980397473,51.8988549451866,4.20848570844919
71.7084162095068,378.174440934524,4.02266679306946
231.59268928101,413.587094712101,3.9816308908642
426.690961378454,13.4379899887433,3.38333184690467
363.86868998937,292.577414341496,3.09775512760127
603.6555499147,105.682132774485,4.20192897879952
393.128542835138,232.540078775294,4.13400532738146
574.102757980402,418.671086819352,4.72026647372264
144.283480824975,283.722925211197,4.52956161230434
198.141185626953,371.406763797019,4.01337703457176
123.70850350046,406.710595660801,3.50889108235301
631.965590945238,318.582928876214,4.53584285139472
6.41628263259849,150.878791044271,4.21851456480659
543.903994623848,203.228856982323,4.16734173301808
33.708051682126,492.350113454829,2.92663205756072
276.662367225837,22.5823643767986,3.96748300331455
535.018693332177,393.40545191159,3.42137780802719
67.9764298917402,75.2024291029066,5.25130910950233
7.34217106991199,78.6749109034234,3.37932236863169
591.114147504655,223.666339173559,4.0123903040586
445.530992846905,465.862393533547,4.77218500950203
658.606889360386,372.887645905438,3.19083636936449
101.679377917167,489.501276053968,4.33034315422297
626.232374451343,92.2423379048685,4.08812364002002
420.938468994409,259.552331218924,3.65934037440083
9.194040794123,181.011349490322,3.28839030561158
57.8591686544919,125.326351528128,4.47146995978267
617.790760619347,208.158954852894,4.35073110716609
250.337852711833,226.033402864491,3.74442669243659
578.048960978113,440.689861860744,3.9958830591181
300.099812811012,136.162683178416,3.71241890338326
526.063743319546,452.911862793051,3.69576035918555
42.3500891992671,430.285753165128,3.89439826038006
190.039213632335,279.572998643856,4.05120012862189
550.762279427436,258.359292645312,3.76582033610594
182.339187143558,25.584113286741,4.19718756173161
502.190591001062,335.065388884109,4.4227363677014
39.5663984001454,51.2914822860311,3.86653852646519
526.148181412193,164.614900014697,4.91167929944447
NA,NA,NA
661.601948861884,336.687456691268,3.46685367547163
453.003932289124,300.36417204646,3.56614195156075
11.7429114677557,495.097897442043,3.61166372409884
563.571980397473,51.8988549451866,4.20848570844919
71.7084162095068,378.174440934524,4.02266679306946
231.59268928101,413.587094712101,3.9816308908642
426.690961378454,13.4379899887433,3.38333184690467
363.86868998937,292.577414341496,3.09775512760127
603.6555499147,105.682132774485,4.20192897879952
393.128542835138,232.540078775294,4.13400532738146
574.102757980402,418.671086819352,4.72026647372264
144.283480824975,283.722925211197,4.52956161230434
198.141185626953,371.406763797019,4.01337703457176
123.70850350046,406.710595660801,3.50889108235301
631.965590945238,318.582928876214,4.53584285139472
6.41628263259849,150.878791044271,4.21851456480659
543.903994623848,203.228856982323,4.16734173301808
33.708051682126,492.350113454829,2.92663205756072
276.662367225837,22.5823643767986,3.96748300331455
535.018693332177,393.40545191159,3.42137780802719
67.9764298917402,75.2024291029066,5.25130910950233
7.34217106991199,78.6749109034234,3.37932236863169
591.114147504655,223.666339173559,4.0123903040586
445.530992846905,465.862393533547,4.77218500950203
658.606889360386,372.887645905438,3.19083636936449
101.679377917167,489.501276053968,4.33034315422297
626.232374451343,92.2423379048685,4.08812364002002
420.938468994409,259.552331218924,3.65934037440083
9.194040794123,181.011349490322,3.28839030561158
57.8591686544919,125.326351528128,4.47146995978267
617.790760619347,208.158954852894,4.35073110716609
250.337852711833,226.033402864491,3.74442669243659
578.048960978113,440.689861860744,3.9958830591181
300.099812811012,136.162683178416,3.71241890338326
526.063743319546,452.911862793051,3.69576035918555
42.3500891992671,430.285753165128,3.89439826038006
190.039213632335,279.572998643856,4.05120012862189
550.762279427436,258.359292645312,3.76582033610594
182.339187143558,25.584113286741,4.19718756173161
502.190591001062,335.065388884109,4.4227363677014
39.5663984001454,51.2914822860311,3.86653852646519
526.148181412193,164.614900014697,4.91167929944447
NA,NA,NA
661.601948861884,336.687456691268,3.46685367547163
453.003932289124,300.36417204646,3.56614195156075
11.7429114677557,495.097897442043,3.61166372409884
563.571980397473,51.8988549451866,4.20848570844919
71.7084162095068,378.174440934524,4.02266679306946
231.59268928101,413.587094712101,3.9816308908642
426.690961378454,13.4379899887433,3.38333184690467
363.86868998937,292.577414341496,3.09775512760127
603.6555499147,105.682132774485,4.20192897879952
393.128542835138,232.540078775294,4.13400532738146
574.102757980402,418.671086819352,4.72026647372264
144.283480824975,283.722925211197,4.52956161230434
198.141185626953,371.406763797019,4.01337703457176
123.70850350046,406.710595660801,3.50889108235301
631.965590945238,318.582928876214,4.53584285139472
6.41628263259849,150.878791044271,4.21851456480659
543.903994623848,203.228856982323,4.16734173301808
33.708051682126,492.350113454829,2.92663205756072
276.662367225837,22.5823643767986,3.96748300331455
535.018693332177,393.40545191159,3.42137780802719
67.9764298917402,75.2024291029066,5.25130910950233
7.34217106991199,78.6749109034234,3.37932236863169
591.114147504655,223.666339173559,4.0123903040586
445.530992846905,465.862393533547,4.77218500950203
658.606889360386,372.887645905438,3.19083636936449
101.679377917167,489.501276053968,4.33034315422297
626.232374451343,92.2423379048685,4.08812364002002
420.938468994409,259.552331218924,3.65934037440083
9.194040794123,181.011349490322,3.28839030561158
57.8591686544919,125.326351528128,4.47146995978267
617.790760619347,208.158954852894,4.35073110716609
250.337852711833,226.033402864491,3.74442669243659
578.048960978113,440.689861860744,3.9958830591181
300.099812811012,136.162683178416,3.71241890338326
526.063743319546,452.911862793051,3.69576035918555
42.3500891992671,430.285753165128,3.89439826038006
190.039213632335,279.572998643856,4.05120012862189
550.762279427436,258.359292645312,3.76582033610594
182.339187143558,25.584113286741,4.19718756173161
502.190591001062,335.065388884109,4.4227363677014
39.5663984001454,51.2914822860311,3.86653852646519
526.148181412193,164.614900014697,4.91167929944447
NA,NA,NA
661.601948861884,336.687456691268,3.46685367547163
453.003932289124,300.36417204646,3.56614195156075
11.7429114677557,495.097897442043,3.61166372409884
563.571980397473,51.8988549451866,4.20848570844919
71.7084162095068,378.174440934524,4.02266679306946
231.59268928101,413.587094712101,3.9816308908642
426.690961378454,13.4379899887433,3.38333184690467
363.86868998937,292.577414341496,3.09775512760127
603.6555499147,105.682132774485,4.20192897879952
393.128542835138,232.540078775294,4.13400532738146
574.102757980402,418.671086819352,4.72026647372264
144.283480824975,283.722925211197,4.52956161230434
198.141185626953,371.406763797019,4.01337703457176
123.70850350046,406.710595660801,3.50889108235301
631.965590945238,318.582928876214,4.53584285139472
6.41628263259849,150.878791044271,4.21851456480659
543.903994623848,203.228856982323,4.16734173301808
33.708051682126,492.350113454829,2.92663205756072
276.662367225837,22.5823643767986,3.96748300331455
535.018693332177,393.40545191159,3.42137780802719
67.9764298917402,75.2024291029066,5.25130910950233
7.34217106991199,78.6749109034234,3.37932236863169
591.114147504655,223.666339173559,4.0123903040586
445.530992846905,465.862393533547,4.77218500950203
658.606889360386,372.887645905438,3.19083636936449
101.679377917167,489.501276053968,4.33034315422297
626.232374451343,92.2423379048685,4.08812364002002
420.938468994409,259.552331218924,3.65934037440083
9.194040794123,181.011349490322,3.28839030561158
57.8591686544919,125.326351528128,4.47146995978267
617.790760619347,208.158954852894,4.35073110716609
250.337852711833,226.033402864491,3.74442669243659
578.048960978113,440.689861860744,3.9958830591181
300.099812811012,136.162683178416,3.71241890338326
526.063743319546,452.911862793051,3.69576035918555
42.3500891992671,430.285753165128,3.89439826038006
190.039213632335,279.572998643856,4.05120012862189
550.762279427436,258.359292645312,3.76582033610594
182.339187143558,25.584113286741,4.19718756173161
502.190591001062,335.065388884109,4.4227363677014
39.5663984001454,51.2914822860311,3.86653852646519
526.148181412193,164.614900014697,4.91167929944447
NA,NA,NA
661.601948861884,336.687456691268,3.46685367547163
453.003932289124,300.36417204646,3.56614195156075
11.7429114677557,495.097897442043,3.61166372409884
563.571980397473,51.8988549451866,4.20848570844919
71.7084162095068,378.174440934524,4.02266679306946
231.59268928101,413.587094712101,3.9816308908642
426.690961378454,13.4379899887433,3.38333184690467
363.86868998937,292.577414341496,3.09775512760127
603.6555499147,105.682132774485,4.20192897879952
393.128542835138,232.540078775294,4.13400532738146
574.102757980402,418.671086819352,4.72026647372264
144.283480824975,283.722925211197,4.52956161230434
198.141185626953,371.406763797019,4.01337703457176
123.70850350046,406.710595660801,3.50889108235301
631.965590945238,318.582928876214,4.53584285139472
6.41628263259849,150.878791044271,4.21851456480659
543.903994623848,203.228856982323,4.16734173301808
33.708051682126,492.350113454829,2.92663205756072
276.662367225837,22.5823643767986,3.96748300331455
535.018693332177,393.40545191159,3.42137780802719
67.9764298917402,75.2024291029066,5.25130910950233
7.34217106991199,78.6749109034234,3.37932236863169
591.114147504655,223.666339173559,4.0123903040586
445.530992846905,465.862393533547,4.77218500950203
658.606889360386,372.887645905438,3.19083636936449
101.679377917167,489.501276053968,4.33034315422297
626.232374451343,92.2423379048685,4.08812364002002
420.938468994409,259.552331218924,3.65934037440083
9.194040794123,181.011349490322,3.28839030561158
57.8591686544919,125.326351528128,4.47146995978267
617.790760619347,208.158954852894,4.35073110716609
250.337852711833,226.033402864491,3.74442669243659
578.048960978113,440.689861860744,3.9958830591181
300.099812811012,136.162683178416,3.71241890338326
526.063743319546,452.911862793051,3.69576035918555
42.3500891992671,430.285753165128,3.89439826038006
190.039213632335,279.572998643856,4.05120012862189
550.762279427436,258.359292645312,3.76582033610594
182.339187143558,25.584113286741,4.19718756173161
502.190591001062,335.065388884109,4.4227363677014
39.5663984001454,51.2914822860311,3.86653852646519
526.148181412193,164.614900014697,4.91167929944447
NA,NA,NA
666.601643471122,338.543930022832,3.51312732413662
456.457233427582,302.720868323564,3.58862075173933
8.81849825425152,495.899539126454,3.72259773956378
554.941136673489,49.8569085401814,4.19431641941998
69.4408280277835,383.357675476931,3.96568630284504
231.980879542327,414.308334951525,3.87590703218936
428.75867594306,15.9816869498958,3.38611996227281
362.049234688505,291.163746236581,3.06119078131526
602.584454606438,104.834999435778,4.18897310901029
392.318880914708,227.677469615102,4.11610618635019
570.462331661235,406.857819204704,4.6648637801357
146.065734833581,285.99433614312,4.48935156778322
204.300267455553,372.258356468164,4.12742054499975
122.895404479352,416.140931986553,3.45978887394157
629.001966714261,313.786219568623,4.65139392764853
-0.979628617843802,144.108347938153,4.27340972473742
545.114614294802,209.530214709032,4.2017227310244
34.7373919900218,493.366478174774,3.05105879128845
279.943380998248,21.0348836173242,4.13162556902224
529.289693862458,394.139944372467,3.4495216236543
79.1155208745424,77.8198337290327,5.41315692389447
0.654336887566342,74.6283139506301,3.66979257819094
585.267994520504,230.87892695538,3.96446029873312
439.051556212537,460.151648255534,4.75225026375293
660.828156548263,372.902480610644,3.17773555960422
104.121503779713,484.503181162068,4.25155689445215
624.747973783586,91.9932970200214,4.05740292491805
420.736208769302,255.416706045887,3.63877787562932
8.62598365331236,183.524834948361,3.2604325362915
65.0657011764144,92.1845851227056,4.45209562773913
625.20006073346,207.272854139674,4.36478469114747
251.702195462168,221.238760433801,3.87067294091655
577.926529976897,428.061513676039,3.76458197428655
299.668001305739,130.749318604324,4.1243474835284
531.213741226539,455.499762831548,3.79429671160764
40.3035206302403,422.023062033591,3.93052766520864
198.968756512282,293.179339342936,3.91213389594493
542.350513984084,267.861354933043,3.92376193120619
175.965207531554,29.9187343194416,4.5016658673448
496.510891521453,351.405242606598,4.4640104368342
39.8594700553195,44.7435018400907,3.58981746133658
535.341285011986,165.665824819395,4.78989661427158
NA,NA,NA
666.601643471122,338.543930022832,3.51312732413662
456.457233427582,302.720868323564,3.58862075173933
8.81849825425152,495.899539126454,3.72259773956378
554.941136673489,49.8569085401814,4.19431641941998
69.4408280277835,383.357675476931,3.96568630284504
231.980879542327,414.308334951525,3.87590703218936
428.75867594306,15.9816869498958,3.38611996227281
362.049234688505,291.163746236581,3.06119078131526
602.584454606438,104.834999435778,4.18897310901029
392.318880914708,227.677469615102,4.11610618635019
570.462331661235,406.857819204704,4.6648637801357
146.065734833581,285.99433614312,4.48935156778322
204.300267455553,372.258356468164,4.12742054499975
122.895404479352,416.140931986553,3.45978887394157
629.001966714261,313.786219568623,4.65139392764853
-0.979628617843802,144.108347938153,4.27340972473742
545.114614294802,209.530214709032,4.2017227310244
34.7373919900218,493.366478174774,3.05105879128845
279.943380998248,21.0348836173242,4.13162556902224
529.289693862458,394.139944372467,3.4495216236543
79.1155208745424,77.8198337290327,5.41315692389447
0.654336887566342,74.6283139506301,3.66979257819094
585.267994520504,230.87892695538,3.96446029873312
439.051556212537,460.151648255534,4.75225026375293
660.828156548263,372.902480610644,3.17773555960422
104.121503779713,484.503181162068,4.25155689445215
624.747973783586,91.9932970200214,4.05740292491805
420.736208769302,255.416706045887,3.63877787562932
8.62598365331236,183.524834948361,3.2604325362915
65.0657011764144,92.1845851227056,4.45209562773913
625.20006073346,207.272854139674,4.36478469114747
251.702195462168,221.238760433801,3.87067294091655
577.926529976897,428.061513676039,3.76458197428655
299.668001305739,130.749318604324,4.1243474835284
531.213741226539,455.499762831548,3.79429671160764
40.3035206302403,422.023062033591,3.93052766520864
198.968756512282,293.179339342936,3.91213389594493
542.350513984084,267.861354933043,3.92376193120619
175.965207531554,29.9187343194416,4.5016658673448
496.510891521453,351.405242606598,4.4640104368342
39.8594700553195,44.7435018400907,3.58981746133658
535.341285011986,165.665824819395,4.78989661427158
NA,NA,NA
666.601643471122,338.543930022832,3.51312732413662
456.457233427582,302.720868323564,3.58862075173933
8.81849825425152,495.899539126454,3.72259773956378
554.941136673489,49.8569085401814,4.19431641941998
69.4408280277835,383.357675476931,3.96568630284504
231.980879542327,414.308334951525,3.87590703218936
428.75867594306,15.9816869498958,3.38611996227281
362.049234688505,291.163746236581,3.06119078131526
602.584454606438,104.834999435778,4.18897310901029
392.318880914708,227.677469615102,4.11610618635019
570.462331661235,406.857819204704,4.6648637801357
146.065734833581,285.99433614312,4.48935156778322
204.300267455553,372.258356468164,4.12742054499975
122.895404479352,416.140931986553,3.45978887394157
629.001966714261,313.786219568623,4.65139392764853
-0.979628617843802,144.108347938153,4.27340972473742
545.114614294802,209.530214709032,4.2017227310244
34.7373919900218,493.366478174774,3.05105879128845
279.943380998248,21.0348836173242,4.13162556902224
529.289693862458,394.139944372467,3.4495216236543
79.1155208745424,77.8198337290327,5.41315692389447
0.654336887566342,74.6283139506301,3.66979257819094
585.267994520504,230.87892695538,3.96446029873312
439.051556212537,460.151648255534,4.75225026375293
660.828156548263,372.902480610644,3.17773555960422
104.121503779713,484.503181162068,4.25155689445215
624.747973783586,91.9932970200214,4.05740292491805
420.736208769302,255.416706045887,3.63877787562932
8.62598365331236,183.524834948361,3.2604325362915
65.0657011764144,92.1845851227056,4.45209562773913
625.20006073346,207.272854139674,4.36478469114747
251.702195462168,221.238760433801,3.87067294091655
577.926529976897,428.061513676039,3.76458197428655
299.668001305739,130.749318604324,4.1243474835284
531.213741226539,455.499762831548,3.79429671160764
40.3035206302403,422.023062033591,3.93052766520864
198.968756512282,293.179339342936,3.91213389594493
542.350513984084,267.861354933043,3.92376193120619
175.965207531554,29.9187343194416,4.5016658673448
496.510891521453,351.405242606598,4.4640104368342
39.8594700553195,44.7435018400907,3.58981746133658
535.341285011986,165.665824819395,4.78989661427158
NA,NA,NA
666.601643471122,338.543930022832,3.51312732413662
456.457233427582,302.720868323564,3.58862075173933
8.81849825425152,495.899539126454,3.72259773956378
554.941136673489,49.8569085401814,4.19431641941998
69.4408280277835,383.357675476931,3.96568630284504
231.980879542327,414.308334951525,3.87590703218936
428.75867594306,15.9816869498958,3.38611996227281
362.049234688505,291.163746236581,3.06119078131526
602.584454606438,104.834999435778,4.18897310901029
392.318880914708,227.677469615102,4.11610618635019
570.462331661235,406.857819204704,4.6648637801357
146.065734833581,285.99433614312,4.48935156778322
204.300267455553,372.258356468164,4.12742054499975
122.895404479352,416.140931986553,3.45978887394157
629.001966714261,313.786219568623,4.65139392764853
-0.979628617843802,144.108347938153,4.27340972473742
545.114614294802,209.530214709032,4.2017227310244
34.7373919900218,493.366478174774,3.05105879128845
279.943380998248,21.0348836173242,4.13162556902224
529.289693862458,394.139944372467,3.4495216236543
79.1155208745424,77.8198337290327,5.41315692389447
0.654336887566342,74.6283139506301,3.66979257819094
585.267994520504,230.87892695538,3.96446029873312
439.051556212537,460.151648255534,4.75225026375293
660.828156548263,372.902480610644,3.17773555960422
104.121503779713,484.503181162068,4.25155689445215
624.747973783586,91.9932970200214,4.05740292491805
420.736208769302,255.416706045887,3.63877787562932
8.62598365331236,183.524834948361,3.2604325362915
65.0657011764144,92.1845851227056,4.45209562773913
625.20006073346,207.272854139674,4.36478469114747
251.702195462168,221.238760433801,3.87067294091655
577.926529976897,428.061513676039,3.76458197428655
299.668001305739,130.749318604324,4.1243474835284
531.213741226539,455.499762831548,3.79429671160764
40.3035206302403,422.023062033591,3.93052766520864
198.968756512282,293.179339342936,3.91213389594493
542.350513984084,267.861354933043,3.92376193120619
175.965207531554,29.9187343194416,4.5016658673448
496.510891521453,351.405242606598,4.4640104368342
39.8594700553195,44.7435018400907,3.58981746133658
535.341285011986,165.665824819395,4.78989661427158
NA,NA,NA
666.601643471122,338.543930022832,3.51312732413662
456.457233427582,302.720868323564,3.58862075173933
8.81849825425152,495.899539126454,3.72259773956378
554.941136673489,49.8569085401814,4.19431641941998
69.4408280277835,383.357675476931,3.96568630284504
231.980879542327,414.308334951525,3.87590703218936
428.75867594306,15.9816869498958,3.38611996227281
362.049234688505,291.163746236581,3.06119078131526
602.584454606438,104.834999435778,4.18897310901029
392.318880914708,227.677469615102,4.11610618635019
570.462331661235,406.857819204704,4.6648637801357
146.065734833581,285.99433614312,4.48935156778322
204.300267455553,372.258356468164,4.12742054499975
122.895404479352,416.140931986553,3.45978887394157
629.001966714261,313.786219568623,4.65139392764853
-0.979628617843802,144.108347938153,4.27340972473742
545.114614294802,209.530214709032,4.2017227310244
34.7373919900218,493.366478174774,3.05105879128845
279.943380998248,21.0348836173242,4.13162556902224
529.289693862458,394.139944372467,3.4495216236543
79.1155208745424,77.8198337290327,5.41315692389447
0.654336887566342,74.6283139506301,3.66979257819094
585.267994520504,230.87892695538,3.96446029873312
439.051556212537,460.151648255534,4.75225026375293
660.828156548263,372.902480610644,3.17773555960422
104.121503779713,484.503181162068,4.25155689445215
624.747973783586,91.9932970200214,4.05740292491805
420.736208769302,255.416706045887,3.63877787562932
8.62598365331236,183.524834948361,3.2604325362915
65.0657011764144,92.1845851227056,4.45209562773913
625.20006073346,207.272854139674,4.36478469114747
251.702195462168,221.238760433801,3.87067294091655
577.926529976897,428.061513676039,3.76458197428655
299.668001305739,130.749318604324,4.1243474835284
531.213741226539,455.499762831548,3.79429671160764
40.3035206302403,422.023062033591,3.93052766520864
198.968756512282,293.179339342936,3.91213389594493
542.350513984084,267.861354933043,3.92376193120619
175.965207531554,29.9187343194416,4.5016658673448
496.510891521453,351.405242606598,4.4640104368342
39.8594700553195,44.7435018400907,3.58981746133658
535.341285011986,165.665824819395,4.78989661427158
NA,NA,NA
666.601643471122,338.543930022832,3.51312732413662
456.457233427582,302.720868323564,3.58862075173933
8.81849825425152,495.899539126454,3.72259773956378
554.941136673489,49.8569085401814,4.19431641941998
69.4408280277835,383.357675476931,3.96568630284504
231.980879542327,414.308334951525,3.87590703218936
428.75867594306,15.9816869498958,3.38611996227281
362.049234688505,291.163746236581,3.06119078131526
602.584454606438,104.834999435778,4.18897310901029
392.318880914708,227.677469615102,4.11610618635019
570.462331661235,406.857819204704,4.6648637801357
146.065734833581,285.99433614312,4.48935156778322
204.300267455553,372.258356468164,4.12742054499975
122.895404479352,416.140931986553,3.45978887394157
629.001966714261,313.786219568623,4.65139392764853
-0.979628617843802,144.108347938153,4.27340972473742
545.114614294802,209.530214709032,4.2017227310244
34.7373919900218,493.366478174774,3.05105879128845
279.943380998248,21.0348836173242,4.13162556902224
529.289693862458,394.139944372467,3.4495216236543
79.1155208745424,77.8198337290327,5.41315692389447
0.654336887566342,74.6283139506301,3.66979257819094
585.267994520504,230.87892695538,3.96446029873312
439.051556212537,460.151648255534,4.75225026375293
660.828156548263,372.902480610644,3.17773555960422
104.121503779713,484.503181162068,4.25155689445215
624.747973783586,91.9932970200214,4.05740292491805
420.736208769302,255.416706045887,3.63877787562932
8.62598365331236,183.524834948361,3.2604325362915
65.0657011764144,92.1845851227056,4.45209562773913
625.20006073346,207.272854139674,4.36478469114747
251.702195462168,221.238760433801,3.87067294091655
577.926529976897,428.061513676039,3.76458197428655
299.668001305739,130.749318604324,4.1243474835284
531.213741226539,455.499762831548,3.79429671160764
40.3035206302403,422.023062033591,3.93052766520864
198.968756512282,293.179339342936,3.91213389594493
542.350513984084,267.861354933043,3.92376193120619
175.965207531554,29.9187343194416,4.5016658673448
496.510891521453,351.405242606598,4.4640104368342
39.8594700553195,44.7435018400907,3.58981746133658
535.341285011986,165.665824819395,4.78989661427158
NA,NA,NA
660.975955296182,334.740823669696,3.56007299288012
455.042817099,300.874029151317,3.82441333095568
11.1925326993635,497.064545221177,3.6266706745987
560.782931255986,51.0401015957921,4.17927522496181
69.7185285191154,376.485119774825,3.93548304312035
234.092899748608,408.89090630099,3.9422347993536
428.427947228449,14.8386030561647,3.32207298506574
361.375822298771,294.124426888061,2.94870475003514
603.159792140473,101.674628127437,4.21561275806594
394.230590042044,229.949310601796,4.24865149351592
569.303646164232,407.155220558602,4.70358568330423
139.455508788346,284.175518480758,4.55540650175954
195.957830056751,368.057713933118,4.06832422836769
125.158155766182,411.116507621414,3.43293385295815
630.595835769399,316.166719497834,4.72046719880182
-2.08663330925877,148.048535209631,4.32347016924664
538.246218132497,203.134038943303,4.13612598674394
35.6682996309574,492.194430402673,2.99830618497116
276.922282192785,25.4670881825542,3.95233973217044
534.076406594784,392.201697296083,3.40237706917855
63.3270003653602,66.3378581976465,5.1838374545176
2.5588734240319,80.8538237073142,3.38758496327613
591.018810756261,227.653758196901,4.01841291947153
441.427824485048,461.526425369566,4.74510634894201
659.69125598317,373.552674502026,3.13155912875357
110.998630675675,483.749617066687,4.30865249829702
625.466304547167,88.2642892175758,4.08500903885697
419.153560521561,257.642582228742,3.61536793262897
10.4043281752083,179.617668894076,3.29314780202909
78.9352295144319,128.506205264914,4.40055598963129
616.745505886201,207.224400937825,4.12621025301628
249.616417495888,222.481865486436,4.0333422035668
571.583665552482,442.144963304705,3.50420908667156
301.666798725478,143.612834298908,3.89434588975979
529.048333320179,460.098093794444,3.44425558157702
45.3479300006326,422.862263136704,3.86747147391063
206.497459957744,288.826512844835,4.30712225201979
555.068487422679,264.808945320117,3.53982516056471
158.624451416401,38.0053454458161,4.22993739915195
502.976322894961,337.431640285556,4.50838509182524
33.1652700254974,45.2607218071348,3.30660516230579
528.929072918579,141.958579901828,4.79731965930329
NA,NA,NA
660.975955296182,334.740823669696,3.56007299288012
455.042817099,300.874029151317,3.82441333095568
11.1925326993635,497.064545221177,3.6266706745987
560.782931255986,51.0401015957921,4.17927522496181
69.7185285191154,376.485119774825,3.93548304312035
234.092899748608,408.89090630099,3.9422347993536
428.427947228449,14.8386030561647,3.32207298506574
361.375822298771,294.124426888061,2.94870475003514
603.159792140473,101.674628127437,4.21561275806594
394.230590042044,229.949310601796,4.24865149351592
569.303646164232,407.155220558602,4.70358568330423
139.455508788346,284.175518480758,4.55540650175954
195.957830056751,368.057713933118,4.06832422836769
125.158155766182,411.116507621414,3.43293385295815
630.595835769399,316.166719497834,4.72046719880182
-2.08663330925877,148.048535209631,4.32347016924664
538.246218132497,203.134038943303,4.13612598674394
35.6682996309574,492.194430402673,2.99830618497116
276.922282192785,25.4670881825542,3.95233973217044
534.076406594784,392.201697296083,3.40237706917855
63.3270003653602,66.3378581976465,5.1838374545176
2.5588734240319,80.8538237073142,3.38758496327613
591.018810756261,227.653758196901,4.01841291947153
441.427824485048,461.526425369566,4.74510634894201
659.69125598317,373.552674502026,3.13155912875357
110.998630675675,483.749617066687,4.30865249829702
625.466304547167,88.2642892175758,4.08500903885697
419.153560521561,257.642582228742,3.61536793262897
10.4043281752083,179.617668894076,3.29314780202909
78.9352295144319,128.506205264914,4.40055598963129
616.745505886201,207.224400937825,4.12621025301628
249.616417495888,222.481865486436,4.0333422035668
571.583665552482,442.144963304705,3.50420908667156
301.666798725478,143.612834298908,3.89434588975979
529.048333320179,460.098093794444,3.44425558157702
45.3479300006326,422.862263136704,3.86747147391063
206.497459957744,288.826512844835,4.30712225201979
555.068487422679,264.808945320117,3.53982516056471
158.624451416401,38.0053454458161,4.22993739915195
502.976322894961,337.431640285556,4.50838509182524
33.1652700254974,45.2607218071348,3.30660516230579
528.929072918579,141.958579901828,4.79731965930329
NA,NA,NA
660.975955296182,334.740823669696,3.56007299288012
455.042817099,300.874029151317,3.82441333095568
11.1925326993635,497.064545221177,3.6266706745987
560.782931255986,51.0401015957921,4.17927522496181
69.7185285191154,376.485119774825,3.93548304312035
234.092899748608,408.89090630099,3.9422347993536
428.427947228449,14.8386030561647,3.32207298506574
361.375822298771,294.124426888061,2.94870475003514
603.159792140473,101.674628127437,4.21561275806594
394.230590042044,229.949310601796,4.24865149351592
569.303646164232,407.155220558602,4.70358568330423
139.455508788346,284.175518480758,4.55540650175954
195.957830056751,368.057713933118,4.06832422836769
125.158155766182,411.116507621414,3.43293385295815
630.595835769399,316.166719497834,4.72046719880182
-2.08663330925877,148.048535209631,4.32347016924664
538.246218132497,203.134038943303,4.13612598674394
35.6682996309574,492.194430402673,2.99830618497116
276.922282192785,25.4670881825542,3.95233973217044
534.076406594784,392.201697296083,3.40237706917855
63.3270003653602,66.3378581976465,5.1838374545176
2.5588734240319,80.8538237073142,3.38758496327613
591.018810756261,227.653758196901,4.01841291947153
441.427824485048,461.526425369566,4.74510634894201
659.69125598317,373.552674502026,3.13155912875357
110.998630675675,483.749617066687,4.30865249829702
625.466304547167,88.2642892175758,4.08500903885697
419.153560521561,257.642582228742,3.61536793262897
10.4043281752083,179.617668894076,3.29314780202909
78.9352295144319,128.506205264914,4.40055598963129
616.745505886201,207.224400937825,4.12621025301628
249.616417495888,222.481865486436,4.0333422035668
571.583665552482,442.144963304705,3.50420908667156
301.666798725478,143.612834298908,3.89434588975979
529.048333320179,460.098093794444,3.44425558157702
45.3479300006326,422.862263136704,3.86747147391063
206.497459957744,288.826512844835,4.30712225201979
555.068487422679,264.808945320117,3.53982516056471
158.624451416401,38.0053454458161,4.22993739915195
502.976322894961,337.431640285556,4.50838509182524
33.1652700254974,45.2607218071348,3.30660516230579
528.929072918579,141.958579901828,4.79731965930329
NA,NA,NA
660.975955296182,334.740823669696,3.56007299288012
455.042817099,300.874029151317,3.82441333095568
11.1925326993635,497.064545221177,3.6266706745987
560.782931255986,51.0401015957921,4.17927522496181
69.7185285191154,376.485119774825,3.93548304312035
234.092899748608,408.89090630099,3.9422347993536
428.427947228449,14.8386030561647,3.32207298506574
361.375822298771,294.124426888061,2.94870475003514
603.159792140473,101.674628127437,4.21561275806594
394.230590042044,229.949310601796,4.24865149351592
569.303646164232,407.155220558602,4.70358568330423
139.455508788346,284.175518480758,4.55540650175954
195.957830056751,368.057713933118,4.06832422836769
125.158155766182,411.116507621414,3.43293385295815
630.595835769399,316.166719497834,4.72046719880182
-2.08663330925877,148.048535209631,4.32347016924664
538.246218132497,203.134038943303,4.13612598674394
35.6682996309574,492.194430402673,2.99830618497116
276.922282192785,25.4670881825542,3.95233973217044
534.076406594784,392.201697296083,3.40237706917855
63.3270003653602,66.3378581976465,5.1838374545176
2.5588734240319,80.8538237073142,3.38758496327613
591.018810756261,227.653758196901,4.01841291947153
441.427824485048,461.526425369566,4.74510634894201
659.69125598317,373.552674502026,3.13155912875357
110.998630675675,483.749617066687,4.30865249829702
625.466304547167,88.2642892175758,4.08500903885697
419.153560521561,257.642582228742,3.61536793262897
10.4043281752083,179.617668894076,3.29314780202909
78.9352295144319,128.506205264914,4.40055598963129
616.745505886201,207.224400937825,4.12621025301628
249.616417495888,222.481865486436,4.0333422035668
571.583665552482,442.144963304705,3.50420908667156
301.666798725478,143.612834298908,3.89434588975979
529.048333320179,460.098093794444,3.44425558157702
45.3479300006326,422.862263136704,3.86747147391063
206.497459957744,288.826512844835,4.30712225201979
555.068487422679,264.808945320117,3.53982516056471
158.624451416401,38.0053454458161,4.22993739915195
502.976322894961,337.431640285556,4.50838509182524
33.1652700254974,45.2607218071348,3.30660516230579
528.929072918579,141.958579901828,4.79731965930329
NA,NA,NA
660.975955296182,334.740823669696,3.56007299288012
455.042817099,300.874029151317,3.82441333095568
11.1925326993635,497.064545221177,3.6266706745987
560.782931255986,51.0401015957921,4.17927522496181
69.7185285191154,376.485119774825,3.93548304312035
234.092899748608,408.89090630099,3.9422347993536
428.427947228449,14.8386030561647,3.32207298506574
361.375822298771,294.124426888061,2.94870475003514
603.159792140473,101.674628127437,4.21561275806594
394.230590042044,229.949310601796,4.24865149351592
569.303646164232,407.155220558602,4.70358568330423
139.455508788346,284.175518480758,4.55540650175954
195.957830056751,368.057713933118,4.06832422836769
125.158155766182,411.116507621414,3.43293385295815
630.595835769399,316.166719497834,4.72046719880182
-2.08663330925877,148.048535209631,4.32347016924664
538.246218132497,203.134038943303,4.13612598674394
35.6682996309574,492.194430402673,2.99830618497116
276.922282192785,25.4670881825542,3.95233973217044
534.076406594784,392.201697296083,3.40237706917855
63.3270003653602,66.3378581976465,5.1838374545176
2.5588734240319,80.8538237073142,3.38758496327613
591.018810756261,227.653758196901,4.01841291947153
441.427824485048,461.526425369566,4.74510634894201
659.69125598317,373.552674502026,3.13155912875357
110.998630675675,483.749617066687,4.30865249829702
625.466304547167,88.2642892175758,4.08500903885697
419.153560521561,257.642582228742,3.61536793262897
10.4043281752083,179.617668894076,3.29314780202909
78.9352295144319,128.506205264914,4.40055598963129
616.745505886201,207.224400937825,4.12621025301628
249.616417495888,222.481865486436,4.0333422035668
571.583665552482,442.144963304705,3.50420908667156
301.666798725478,143.612834298908,3.89434588975979
529.048333320179,460.098093794444,3.44425558157702
45.3479300006326,422.862263136704,3.86747147391063
206.497459957744,288.826512844835,4.30712225201979
555.068487422679,264.808945320117,3.53982516056471
158.624451416401,38.0053454458161,4.22993739915195
502.976322894961,337.431640285556,4.50838509182524
33.1652700254974,45.2607218071348,3.30660516230579
528.929072918579,141.958579901828,4.79731965930329
NA,NA,NA
660.975955296182,334.740823669696,3.56007299288012
455.042817099,300.874029151317,3.82441333095568
11.1925326993635,497.064545221177,3.6266706745987
560.782931255986,51.0401015957921,4.17927522496181
69.7185285191154,376.485119774825,3.93548304312035
234.092899748608,408.89090630099,3.9422347993536
428.427947228449,14.8386030561647,3.32207298506574
361.375822298771,294.124426888061,2.94870475003514
603.159792140473,101.674628127437,4.21561275806594
394.230590042044,229.949310601796,4.24865149351592
569.303646164232,407.155220558602,4.70358568330423
139.455508788346,284.175518480758,4.55540650175954
195.957830056751,368.057713933118,4.06832422836769
125.158155766182,411.116507621414,3.43293385295815
630.595835769399,316.166719497834,4.72046719880182
-2.08663330925877,148.048535209631,4.32347016924664
538.246218132497,203.134038943303,4.13612598674394
35.6682996309574,492.194430402673,2.99830618497116
276.922282192785,25.4670881825542,3.95233973217044
534.076406594784,392.201697296083,3.40237706917855
63.3270003653602,66.3378581976465,5.1838374545176
2.5588734240319,80.8538237073142,3.38758496327613
591.018810756261,227.653758196901,4.01841291947153
441.427824485048,461.526425369566,4.74510634894201
659.69125598317,373.552674502026,3.13155912875357
110.998630675675,483.749617066687,4.30865249829702
625.466304547167,88.2642892175758,4.08500903885697
419.153560521561,257.642582228742,3.61536793262897
10.4043281752083,179.617668894076,3.29314780202909
78.9352295144319,128.506205264914,4.40055598963129
616.745505886201,207.224400937825,4.12621025301628
249.616417495888,222.481865486436,4.0333422035668
571.583665552482,442.144963304705,3.50420908667156
301.666798725478,143.612834298908,3.89434588975979
529.048333320179,460.098093794444,3.44425558157702
45.3479300006326,422.862263136704,3.86747147391063
206.497459957744,288.826512844835,4.30712225201979
555.068487422679,264.808945320117,3.53982516056471
158.624451416401,38.0053454458161,4.22993739915195
502.976322894961,337.431640285556,4.50838509182524
33.1652700254974,45.2607218071348,3.30660516230579
528.929072918579,141.958579901828,4.79731965930329
NA,NA,NA
663.47538706399,335.612881375024,3.44843117620908
458.177314530074,293.850271136259,3.58297171494409
15.7933124919362,489.925889251625,3.51860968604742
564.604818813531,51.4428264501853,4.23536988370646
70.5150986076771,375.08965804012,4.07611020062011
229.141731413678,413.780091773727,3.83140314841059
427.599785891515,13.2064923920152,3.32820855343077
363.991010934527,292.448274245698,3.02926049453301
608.13357642986,100.95866412661,4.19696789299097
384.637588048881,231.847236269627,4.2401791130733
566.284359212471,411.797035491796,4.69245321134295
147.398532211767,288.373545987313,4.54831203344599
203.781630232156,370.980931081477,3.98202023104809
129.178051741369,410.408773377063,3.30129034648704
625.268369550597,312.624466712094,4.53049850876474
0.410531960830671,147.8941123808,4.2433067257286
545.9696823522,198.449891780895,4.11833184524454
34.0731155016364,490.6349750861,2.97130024419668
278.078515482986,20.44535202118,3.80929126671145
534.090182413027,391.462523429639,3.44904776129141
81.1579755175647,83.1241041237419,5.15650126908552
8.41391599328882,73.5748809655529,3.55337033443153
589.898230619336,226.783913768024,4.02212953494781
438.752993324421,465.641336511311,4.77850487306627
661.891318512062,375.366922205153,3.08985866185131
100.97950750199,486.042068721231,4.38462627560504
622.838492861807,91.7240502910716,4.09360652820533
421.543899027704,257.158696836418,3.67354781922095
10.9333951975773,180.742008421503,3.26235719505892
69.9495045658425,115.363957016489,4.60132438516021
605.401445722993,190.163127899958,4.18541134488528
255.79221591534,222.140810951296,3.62396267995082
577.483107998204,433.377632553806,3.73117544296904
303.746957395197,131.13035938763,3.93827987786088
531.878675006592,466.316656342362,3.50158578542315
38.2932020948051,430.695798492763,3.86766575057385
191.728861791027,281.800213774298,4.06732348458618
553.684433789483,263.813835691189,4.03249503385358
176.20271056459,14.4427847347241,4.30921506946359
505.956494104417,330.787286847637,4.74756352689262
48.8987524978404,53.3232918154491,4.2059558954907
542.247218228494,155.31638859896,4.73777009866562
NA,NA,NA
663.47538706399,335.612881375024,3.44843117620908
458.177314530074,293.850271136259,3.58297171494409
15.7933124919362,489.925889251625,3.51860968604742
564.604818813531,51.4428264501853,4.23536988370646
70.5150986076771,375.08965804012,4.07611020062011
229.141731413678,413.780091773727,3.83140314841059
427.599785891515,13.2064923920152,3.32820855343077
363.991010934527,292.448274245698,3.02926049453301
608.13357642986,100.95866412661,4.19696789299097
384.637588048881,231.847236269627,4.2401791130733
566.284359212471,411.797035491796,4.69245321134295
147.398532211767,288.373545987313,4.54831203344599
203.781630232156,370.980931081477,3.98202023104809
129.178051741369,410.408773377063,3.30129034648704
625.268369550597,312.624466712094,4.53049850876474
0.410531960830671,147.8941123808,4.2433067257286
545.9696823522,198.449891780895,4.11833184524454
34.0731155016364,490.6349750861,2.97130024419668
278.078515482986,20.44535202118,3.80929126671145
534.090182413027,391.462523429639,3.44904776129141
81.1579755175647,83.1241041237419,5.15650126908552
8.41391599328882,73.5748809655529,3.55337033443153
589.898230619336,226.783913768024,4.02212953494781
438.752993324421,465.641336511311,4.77850487306627
661.891318512062,375.366922205153,3.08985866185131
100.97950750199,486.042068721231,4.38462627560504
622.838492861807,91.7240502910716,4.09360652820533
421.543899027704,257.158696836418,3.67354781922095
10.9333951975773,180.742008421503,3.26235719505892
69.9495045658425,115.363957016489,4.60132438516021
605.401445722993,190.163127899958,4.18541134488528
255.79221591534,222.140810951296,3.62396267995082
577.483107998204,433.377632553806,3.73117544296904
303.746957395197,131.13035938763,3.93827987786088
531.878675006592,466.316656342362,3.50158578542315
38.2932020948051,430.695798492763,3.86766575057385
191.728861791027,281.800213774298,4.06732348458618
553.684433789483,263.813835691189,4.03249503385358
176.20271056459,14.4427847347241,4.30921506946359
505.956494104417,330.787286847637,4.74756352689262
48.8987524978404,53.3232918154491,4.2059558954907
542.247218228494,155.31638859896,4.73777009866562
NA,NA,NA
663.47538706399,335.612881375024,3.44843117620908
458.177314530074,293.850271136259,3.58297171494409
15.7933124919362,489.925889251625,3.51860968604742
564.604818813531,51.4428264501853,4.23536988370646
70.5150986076771,375.08965804012,4.07611020062011
229.141731413678,413.780091773727,3.83140314841059
427.599785891515,13.2064923920152,3.32820855343077
363.991010934527,292.448274245698,3.02926049453301
608.13357642986,100.95866412661,4.19696789299097
384.637588048881,231.847236269627,4.2401791130733
566.284359212471,411.797035491796,4.69245321134295
147.398532211767,288.373545987313,4.54831203344599
203.781630232156,370.980931081477,3.98202023104809
129.178051741369,410.408773377063,3.30129034648704
625.268369550597,312.624466712094,4.53049850876474
0.410531960830671,147.8941123808,4.2433067257286
545.9696823522,198.449891780895,4.11833184524454
34.0731155016364,490.6349750861,2.97130024419668
278.078515482986,20.44535202118,3.80929126671145
534.090182413027,391.462523429639,3.44904776129141
81.1579755175647,83.1241041237419,5.15650126908552
8.41391599328882,73.5748809655529,3.55337033443153
589.898230619336,226.783913768024,4.02212953494781
438.752993324421,465.641336511311,4.77850487306627
661.891318512062,375.366922205153,3.08985866185131
100.97950750199,486.042068721231,4.38462627560504
622.838492861807,91.7240502910716,4.09360652820533
421.543899027704,257.158696836418,3.67354781922095
10.9333951975773,180.742008421503,3.26235719505892
69.9495045658425,115.363957016489,4.60132438516021
605.401445722993,190.163127899958,4.18541134488528
255.79221591534,222.140810951296,3.62396267995082
577.483107998204,433.377632553806,3.73117544296904
303.746957395197,131.13035938763,3.93827987786088
531.878675006592,466.316656342362,3.50158578542315
38.2932020948051,430.695798492763,3.86766575057385
191.728861791027,281.800213774298,4.06732348458618
553.684433789483,263.813835691189,4.03249503385358
176.20271056459,14.4427847347241,4.30921506946359
505.956494104417,330.787286847637,4.74756352689262
48.8987524978404,53.3232918154491,4.2059558954907
542.247218228494,155.31638859896,4.73777009866562
NA,NA,NA
663.47538706399,335.612881375024,3.44843117620908
458.177314530074,293.850271136259,3.58297171494409
15.7933124919362,489.925889251625,3.51860968604742
564.604818813531,51.4428264501853,4.23536988370646
70.5150986076771,375.08965804012,4.07611020062011
229.141731413678,413.780091773727,3.83140314841059
427.599785891515,13.2064923920152,3.32820855343077
363.991010934527,292.448274245698,3.02926049453301
608.13357642986,100.95866412661,4.19696789299097
384.637588048881,231.847236269627,4.2401791130733
566.284359212471,411.797035491796,4.69245321134295
147.398532211767,288.373545987313,4.54831203344599
203.781630232156,370.980931081477,3.98202023104809
129.178051741369,410.408773377063,3.30129034648704
625.268369550597,312.624466712094,4.53049850876474
0.410531960830671,147.8941123808,4.2433067257286
545.9696823522,198.449891780895,4.11833184524454
34.0731155016364,490.6349750861,2.97130024419668
278.078515482986,20.44535202118,3.80929126671145
534.090182413027,391.462523429639,3.44904776129141
81.1579755175647,83.1241041237419,5.15650126908552
8.41391599328882,73.5748809655529,3.55337033443153
589.898230619336,226.783913768024,4.02212953494781
438.752993324421,465.641336511311,4.77850487306627
661.891318512062,375.366922205153,3.08985866185131
100.97950750199,486.042068721231,4.38462627560504
622.838492861807,91.7240502910716,4.09360652820533
421.543899027704,257.158696836418,3.67354781922095
10.9333951975773,180.742008421503,3.26235719505892
69.9495045658425,115.363957016489,4.60132438516021
605.401445722993,190.163127899958,4.18541134488528
255.79221591534,222.140810951296,3.62396267995082
577.483107998204,433.377632553806,3.73117544296904
303.746957395197,131.13035938763,3.93827987786088
531.878675006592,466.316656342362,3.50158578542315
38.2932020948051,430.695798492763,3.86766575057385
191.728861791027,281.800213774298,4.06732348458618
553.684433789483,263.813835691189,4.03249503385358
176.20271056459,14.4427847347241,4.30921506946359
505.956494104417,330.787286847637,4.74756352689262
48.8987524978404,53.3232918154491,4.2059558954907
542.247218228494,155.31638859896,4.73777009866562
NA,NA,NA
663.47538706399,335.612881375024,3.44843117620908
458.177314530074,293.850271136259,3.58297171494409
15.7933124919362,489.925889251625,3.51860968604742
564.604818813531,51.4428264501853,4.23536988370646
70.5150986076771,375.08965804012,4.07611020062011
229.141731413678,413.780091773727,3.83140314841059
427.599785891515,13.2064923920152,3.32820855343077
363.991010934527,292.448274245698,3.02926049453301
608.13357642986,100.95866412661,4.19696789299097
384.637588048881,231.847236269627,4.2401791130733
566.284359212471,411.797035491796,4.69245321134295
147.398532211767,288.373545987313,4.54831203344599
203.781630232156,370.980931081477,3.98202023104809
129.178051741369,410.408773377063,3.30129034648704
625.268369550597,312.624466712094,4.53049850876474
0.410531960830671,147.8941123808,4.2433067257286
545.9696823522,198.449891780895,4.11833184524454
34.0731155016364,490.6349750861,2.97130024419668
278.078515482986,20.44535202118,3.80929126671145
534.090182413027,391.462523429639,3.44904776129141
81.1579755175647,83.1241041237419,5.15650126908552
8.41391599328882,73.5748809655529,3.55337033443153
589.898230619336,226.783913768024,4.02212953494781
438.752993324421,465.641336511311,4.77850487306627
661.891318512062,375.366922205153,3.08985866185131
100.97950750199,486.042068721231,4.38462627560504
622.838492861807,91.7240502910716,4.09360652820533
421.543899027704,257.158696836418,3.67354781922095
10.9333951975773,180.742008421503,3.26235719505892
69.9495045658425,115.363957016489,4.60132438516021
605.401445722993,190.163127899958,4.18541134488528
255.79221591534,222.140810951296,3.62396267995082
577.483107998204,433.377632553806,3.73117544296904
303.746957395197,131.13035938763,3.93827987786088
531.878675006592,466.316656342362,3.50158578542315
38.2932020948051,430.695798492763,3.86766575057385
191.728861791027,281.800213774298,4.06732348458618
553.684433789483,263.813835691189,4.03249503385358
176.20271056459,14.4427847347241,4.30921506946359
505.956494104417,330.787286847637,4.74756352689262
48.8987524978404,53.3232918154491,4.2059558954907
542.247218228494,155.31638859896,4.73777009866562
NA,NA,NA
663.47538706399,335.612881375024,3.44843117620908
458.177314530074,293.850271136259,3.58297171494409
15.7933124919362,489.925889251625,3.51860968604742
564.604818813531,51.4428264501853,4.23536988370646
70.5150986076771,375.08965804012,4.07611020062011
229.141731413678,413.780091773727,3.83140314841059
427.599785891515,13.2064923920152,3.32820855343077
363.991010934527,292.448274245698,3.02926049453301
608.13357642986,100.95866412661,4.19696789299097
384.637588048881,231.847236269627,4.2401791130733
566.284359212471,411.797035491796,4.69245321134295
147.398532211767,288.373545987313,4.54831203344599
203.781630232156,370.980931081477,3.98202023104809
129.178051741369,410.408773377063,3.30129034648704
625.268369550597,312.624466712094,4.53049850876474
0.410531960830671,147.8941123808,4.2433067257286
545.9696823522,198.449891780895,4.11833184524454
34.0731155016364,490.6349750861,2.97130024419668
278.078515482986,20.44535202118,3.80929126671145
534.090182413027,391.462523429639,3.44904776129141
81.1579755175647,83.1241041237419,5.15650126908552
8.41391599328882,73.5748809655529,3.55337033443153
589.898230619336,226.783913768024,4.02212953494781
438.752993324421,465.641336511311,4.77850487306627
661.891318512062,375.366922205153,3.08985866185131
100.97950750199,486.042068721231,4.38462627560504
622.838492861807,91.7240502910716,4.09360652820533
421.543899027704,257.158696836418,3.67354781922095
10.9333951975773,180.742008421503,3.26235719505892
69.9495045658425,115.363957016489,4.60132438516021
605.401445722993,190.163127899958,4.18541134488528
255.79221591534,222.140810951296,3.62396267995082
577.483107998204,433.377632553806,3.73117544296904
303.746957395197,131.13035938763,3.93827987786088
531.878675006592,466.316656342362,3.50158578542315
38.2932020948051,430.695798492763,3.86766575057385
191.728861791027,281.800213774298,4.06732348458618
553.684433789483,263.813835691189,4.03249503385358
176.20271056459,14.4427847347241,4.30921506946359
505.956494104417,330.787286847637,4.74756352689262
48.8987524978404,53.3232918154491,4.2059558954907
542.247218228494,155.31638859896,4.73777009866562
NA,NA,NA
664.022181719014,335.802733495354,3.52263703626645
457.983613006435,299.629503301063,3.48411363975175
6.90717404467367,495.699893198915,3.63930010293465
556.523911787786,52.036940807308,4.2360587201725
71.0390443555632,373.167673930793,3.89189076471296
226.590533765723,417.326140860465,3.90243954753483
428.327318714413,13.3753448407639,3.20032075092323
361.667702466224,294.186293946807,2.92173298224181
606.277769415292,104.534875637701,4.29302753714398
388.61479427417,226.097649606365,4.09908304822887
568.026474647594,409.274023258777,4.72827228854344
139.032606860319,285.717406222679,4.6039078235033
205.201909897035,369.813339067027,3.93159181526177
123.173783941644,411.113328330371,3.59909743520625
621.427162812939,312.710533274267,4.45052643885184
-2.4498925902775,149.691218340105,4.30176784908698
548.395082695805,203.915250510917,4.10833966765383
32.4517542039964,493.50626704356,3.01661679276253
278.097394763251,25.0694005409194,3.98713547253364
531.38132775684,391.069605601472,3.35881477737961
67.9329116189849,75.8728849456998,5.20204833394129
5.00965219501963,78.4113910986483,3.31711180000673
589.325529543319,226.441891611246,3.99953569799054
435.848501539534,459.236722626389,4.79068003402068
659.728290603881,374.081634913401,3.15074901303046
108.006091085274,482.161660350902,4.38710632399851
623.979901488807,91.7534131013933,4.05466064744726
420.894579544507,257.333686979011,3.51706241244542
12.5420124463365,183.261118783296,2.98608948055192
65.0661638496564,107.514434675112,4.44953427280646
606.155091320982,207.394937469813,4.64196815203887
250.583191952038,217.70930639064,4.03549124326337
572.989001654092,440.29802486769,3.91217398857712
299.31638180449,139.06485158204,3.72593919117286
532.159688751898,465.328743990432,3.60675059305357
41.190763762839,427.694408787724,3.92926711908595
192.412302419247,281.898469765584,4.54401125042279
554.075204329995,264.953709652819,3.59416053528929
171.613853381881,31.2932773201958,4.36126613647504
491.582682168988,347.286278548576,4.44080354501036
34.9061136175072,48.7805439188958,4.10462441925331
534.068218836638,151.759862376501,4.42516713925111
NA,NA,NA
664.022181719014,335.802733495354,3.52263703626645
457.983613006435,299.629503301063,3.48411363975175
6.90717404467367,495.699893198915,3.63930010293465
556.523911787786,52.036940807308,4.2360587201725
71.0390443555632,373.167673930793,3.89189076471296
226.590533765723,417.326140860465,3.90243954753483
428.327318714413,13.3753448407639,3.20032075092323
361.667702466224,294.186293946807,2.92173298224181
606.277769415292,104.534875637701,4.29302753714398
388.61479427417,226.097649606365,4.09908304822887
568.026474647594,409.274023258777,4.72827228854344
139.032606860319,285.717406222679,4.6039078235033
205.201909897035,369.813339067027,3.93159181526177
123.173783941644,411.113328330371,3.59909743520625
621.427162812939,312.710533274267,4.45052643885184
-2.4498925902775,149.691218340105,4.30176784908698
548.395082695805,203.915250510917,4.10833966765383
32.4517542039964,493.50626704356,3.01661679276253
278.097394763251,25.0694005409194,3.98713547253364
531.38132775684,391.069605601472,3.35881477737961
67.9329116189849,75.8728849456998,5.20204833394129
5.00965219501963,78.4113910986483,3.31711180000673
589.325529543319,226.441891611246,3.99953569799054
435.848501539534,459.236722626389,4.79068003402068
659.728290603881,374.081634913401,3.15074901303046
108.006091085274,482.161660350902,4.38710632399851
623.979901488807,91.7534131013933,4.05466064744726
420.894579544507,257.333686979011,3.51706241244542
12.5420124463365,183.261118783296,2.98608948055192
65.0661638496564,107.514434675112,4.44953427280646
606.155091320982,207.394937469813,4.64196815203887
250.583191952038,217.70930639064,4.03549124326337
572.989001654092,440.29802486769,3.91217398857712
299.31638180449,139.06485158204,3.72593919117286
532.159688751898,465.328743990432,3.60675059305357
41.190763762839,427.694408787724,3.92926711908595
192.412302419247,281.898469765584,4.54401125042279
554.075204329995,264.953709652819,3.59416053528929
171.613853381881,31.2932773201958,4.36126613647504
491.582682168988,347.286278548576,4.44080354501036
34.9061136175072,48.7805439188958,4.10462441925331
534.068218836638,151.759862376501,4.42516713925111
NA,NA,NA
664.022181719014,335.802733495354,3.52263703626645
457.983613006435,299.629503301063,3.48411363975175
6.90717404467367,495.699893198915,3.63930010293465
556.523911787786,52.036940807308,4.2360587201725
71.0390443555632,373.167673930793,3.89189076471296
226.590533765723,417.326140860465,3.90243954753483
428.327318714413,13.3753448407639,3.20032075092323
361.667702466224,294.186293946807,2.92173298224181
606.277769415292,104.534875637701,4.29302753714398
388.61479427417,226.097649606365,4.09908304822887
568.026474647594,409.274023258777,4.72827228854344
139.032606860319,285.717406222679,4.6039078235033
205.201909897035,369.813339067027,3.93159181526177
123.173783941644,411.113328330371,3.59909743520625
621.427162812939,312.710533274267,4.45052643885184
-2.4498925902775,149.691218340105,4.30176784908698
548.395082695805,203.915250510917,4.10833966765383
32.4517542039964,493.50626704356,3.01661679276253
278.097394763251,25.0694005409194,3.98713547253364
531.38132775684,391.069605601472,3.35881477737961
67.9329116189849,75.8728849456998,5.20204833394129
5.00965219501963,78.4113910986483,3.31711180000673
589.325529543319,226.441891611246,3.99953569799054
435.848501539534,459.236722626389,4.79068003402068
659.728290603881,374.081634913401,3.15074901303046
108.006091085274,482.161660350902,4.38710632399851
623.979901488807,91.7534131013933,4.05466064744726
420.894579544507,257.333686979011,3.51706241244542
12.5420124463365,183.261118783296,2.98608948055192
65.0661638496564,107.514434675112,4.44953427280646
606.155091320982,207.394937469813,4.64196815203887
250.583191952038,217.70930639064,4.03549124326337
572.989001654092,440.29802486769,3.91217398857712
299.31638180449,139.06485158204,3.72593919117286
532.159688751898,465.328743990432,3.60675059305357
41.190763762839,427.694408787724,3.92926711908595
192.412302419247,281.898469765584,4.54401125042279
554.075204329995,264.953709652819,3.59416053528929
171.613853381881,31.2932773201958,4.36126613647504
491.582682168988,347.286278548576,4.44080354501036
34.9061136175072,48.7805439188958,4.10462441925331
534.068218836638,151.759862376501,4.42516713925111
NA,NA,NA
664.022181719014,335.802733495354,3.52263703626645
457.983613006435,299.629503301063,3.48411363975175
6.90717404467367,495.699893198915,3.63930010293465
556.523911787786,52.036940807308,4.2360587201725
71.0390443555632,373.167673930793,3.89189076471296
226.590533765723,417.326140860465,3.90243954753483
428.327318714413,13.3753448407639,3.20032075092323
361.667702466224,294.186293946807,2.92173298224181
606.277769415292,104.534875637701,4.29302753714398
388.61479427417,226.097649606365,4.09908304822887
568.026474647594,409.274023258777,4.72827228854344
139.032606860319,285.717406222679,4.6039078235033
205.201909897035,369.813339067027,3.93159181526177
123.173783941644,411.113328330371,3.59909743520625
621.427162812939,312.710533274267,4.45052643885184
-2.4498925902775,149.691218340105,4.30176784908698
548.395082695805,203.915250510917,4.10833966765383
32.4517542039964,493.50626704356,3.01661679276253
278.097394763251,25.0694005409194,3.98713547253364
531.38132775684,391.069605601472,3.35881477737961
67.9329116189849,75.8728849456998,5.20204833394129
5.00965219501963,78.4113910986483,3.31711180000673
589.325529543319,226.441891611246,3.99953569799054
435.848501539534,459.236722626389,4.79068003402068
659.728290603881,374.081634913401,3.15074901303046
108.006091085274,482.161660350902,4.38710632399851
623.979901488807,91.7534131013933,4.05466064744726
420.894579544507,257.333686979011,3.51706241244542
12.5420124463365,183.261118783296,2.98608948055192
65.0661638496564,107.514434675112,4.44953427280646
606.155091320982,207.394937469813,4.64196815203887
250.583191952038,217.70930639064,4.03549124326337
572.989001654092,440.29802486769,3.91217398857712
299.31638180449,139.06485158204,3.72593919117286
532.159688751898,465.328743990432,3.60675059305357
41.190763762839,427.694408787724,3.92926711908595
192.412302419247,281.898469765584,4.54401125042279
554.075204329995,264.953709652819,3.59416053528929
171.613853381881,31.2932773201958,4.36126613647504
491.582682168988,347.286278548576,4.44080354501036
34.9061136175072,48.7805439188958,4.10462441925331
534.068218836638,151.759862376501,4.42516713925111
NA,NA,NA
664.022181719014,335.802733495354,3.52263703626645
457.983613006435,299.629503301063,3.48411363975175
6.90717404467367,495.699893198915,3.63930010293465
556.523911787786,52.036940807308,4.2360587201725
71.0390443555632,373.167673930793,3.89189076471296
226.590533765723,417.326140860465,3.90243954753483
428.327318714413,13.3753448407639,3.20032075092323
361.667702466224,294.186293946807,2.92173298224181
606.277769415292,104.534875637701,4.29302753714398
388.61479427417,226.097649606365,4.09908304822887
568.026474647594,409.274023258777,4.72827228854344
139.032606860319,285.717406222679,4.6039078235033
205.201909897035,369.813339067027,3.93159181526177
123.173783941644,411.113328330371,3.59909743520625
621.427162812939,312.710533274267,4.45052643885184
-2.4498925902775,149.691218340105,4.30176784908698
548.395082695805,203.915250510917,4.10833966765383
32.4517542039964,493.50626704356,3.01661679276253
278.097394763251,25.0694005409194,3.98713547253364
531.38132775684,391.069605601472,3.35881477737961
67.9329116189849,75.8728849456998,5.20204833394129
5.00965219501963,78.4113910986483,3.31711180000673
589.325529543319,226.441891611246,3.99953569799054
435.848501539534,459.236722626389,4.79068003402068
659.728290603881,374.081634913401,3.15074901303046
108.006091085274,482.161660350902,4.38710632399851
623.979901488807,91.7534131013933,4.05466064744726
420.894579544507,257.333686979011,3.51706241244542
12.5420124463365,183.261118783296,2.98608948055192
65.0661638496564,107.514434675112,4.44953427280646
606.155091320982,207.394937469813,4.64196815203887
250.583191952038,217.70930639064,4.03549124326337
572.989001654092,440.29802486769,3.91217398857712
299.31638180449,139.06485158204,3.72593919117286
532.159688751898,465.328743990432,3.60675059305357
41.190763762839,427.694408787724,3.92926711908595
192.412302419247,281.898469765584,4.54401125042279
554.075204329995,264.953709652819,3.59416053528929
171.613853381881,31.2932773201958,4.36126613647504
491.582682168988,347.286278548576,4.44080354501036
34.9061136175072,48.7805439188958,4.10462441925331
534.068218836638,151.759862376501,4.42516713925111
NA,NA,NA
664.022181719014,335.802733495354,3.52263703626645
457.983613006435,299.629503301063,3.48411363975175
6.90717404467367,495.699893198915,3.63930010293465
556.523911787786,52.036940807308,4.2360587201725
71.0390443555632,373.167673930793,3.89189076471296
226.590533765723,417.326140860465,3.90243954753483
428.327318714413,13.3753448407639,3.20032075092323
361.667702466224,294.186293946807,2.92173298224181
606.277769415292,104.534875637701,4.29302753714398
388.61479427417,226.097649606365,4.09908304822887
568.026474647594,409.274023258777,4.72827228854344
139.032606860319,285.717406222679,4.6039078235033
205.201909897035,369.813339067027,3.93159181526177
123.173783941644,411.113328330371,3.59909743520625
621.427162812939,312.710533274267,4.45052643885184
-2.4498925902775,149.691218340105,4.30176784908698
548.395082695805,203.915250510917,4.10833966765383
32.4517542039964,493.50626704356,3.01661679276253
278.097394763251,25.0694005409194,3.98713547253364
531.38132775684,391.069605601472,3.35881477737961
67.9329116189849,75.8728849456998,5.20204833394129
5.00965219501963,78.4113910986483,3.31711180000673
589.325529543319,226.441891611246,3.99953569799054
435.848501539534,459.236722626389,4.79068003402068
659.728290603881,374.081634913401,3.15074901303046
108.006091085274,482.161660350902,4.38710632399851
623.979901488807,91.7534131013933,4.05466064744726
420.894579544507,257.333686979011,3.51706241244542
12.5420124463365,183.261118783296,2.98608948055192
65.0661638496564,107.514434675112,4.44953427280646
606.155091320982,207.394937469813,4.64196815203887
250.583191952038,217.70930639064,4.03549124326337
572.989001654092,440.29802486769,3.91217398857712
299.31638180449,139.06485158204,3.72593919117286
532.159688751898,465.328743990432,3.60675059305357
41.190763762839,427.694408787724,3.92926711908595
192.412302419247,281.898469765584,4.54401125042279
554.075204329995,264.953709652819,3.59416053528929
171.613853381881,31.2932773201958,4.36126613647504
491.582682168988,347.286278548576,4.44080354501036
34.9061136175072,48.7805439188958,4.10462441925331
534.068218836638,151.759862376501,4.42516713925111
NA,NA,NA
657.374445958886,333.509860272065,3.59267119368278
457.675737126352,300.779458197492,3.75173070207303
10.8939566825352,497.113706056897,3.50758064743913
561.878223929601,54.2675247077088,4.08820706768032
69.058435350118,374.650071691696,3.88874209958223
228.450634582811,416.114843016492,3.99604076026307
428.880027890773,12.8882312440262,3.22287865421388
361.324726419117,289.565102534867,3.10976330258375
603.390478538544,104.880443126802,4.3612214267481
392.763274259042,228.108180077089,4.21421930813209
564.288381445692,404.576416231134,4.73326195646101
139.842536845316,282.797353240108,4.49076539436804
204.359801679988,370.67358760038,4.13660872939656
123.535488693222,411.833447502697,3.56269026700332
626.645960734176,313.071821663733,4.45390097420733
5.93985385550401,147.318532277802,4.28486828187352
537.681526016839,197.950785602004,4.04884700250792
34.925938339386,491.415630921519,3.04199053615803
282.02530426889,23.2754944127587,3.91704442541868
535.825097564874,392.076162101482,3.53202162024914
69.862516004825,77.6702104737762,5.17104244330324
8.70310876869313,78.9915123336424,3.39106547422729
587.518507998616,227.954046969171,3.99256696870285
442.587321204145,462.800333168,4.83609704773628
658.909236480721,374.515753777472,2.93648583913447
104.890328418047,488.093534722539,4.40353787717693
625.44656949236,88.8485071397578,4.10745098422306
419.253542669372,260.461803559261,3.61039514406654
11.3486365495938,184.41591649075,3.11292901555445
72.9710020727494,116.779326909763,4.68193377440414
605.788453831469,207.517699193299,4.40617799591525
245.999473060108,204.716785230057,3.66445525733361
576.139631877852,429.71263793816,3.62355317378611
299.300345143198,142.394775856815,3.85845903732357
523.215747599231,461.305261674704,3.59437729668679
51.5212486089705,422.954699710318,3.87954246780512
197.856603974409,290.285571013024,3.82412793548359
552.13444402132,259.155255981859,3.72346501335624
172.014733248827,25.1966935637691,4.50203134605192
513.880417596999,339.098360767395,4.52139602163995
42.3096649424658,42.9374118370879,3.69359327385409
526.334819777098,148.19810657192,4.57071585727319
NA,NA,NA
657.374445958886,333.509860272065,3.59267119368278
457.675737126352,300.779458197492,3.75173070207303
10.8939566825352,497.113706056897,3.50758064743913
561.878223929601,54.2675247077088,4.08820706768032
69.058435350118,374.650071691696,3.88874209958223
228.450634582811,416.114843016492,3.99604076026307
428.880027890773,12.8882312440262,3.22287865421388
361.324726419117,289.565102534867,3.10976330258375
603.390478538544,104.880443126802,4.3612214267481
392.763274259042,228.108180077089,4.21421930813209
564.288381445692,404.576416231134,4.73326195646101
139.842536845316,282.797353240108,4.49076539436804
204.359801679988,370.67358760038,4.13660872939656
123.535488693222,411.833447502697,3.56269026700332
626.645960734176,313.071821663733,4.45390097420733
5.93985385550401,147.318532277802,4.28486828187352
537.681526016839,197.950785602004,4.04884700250792
34.925938339386,491.415630921519,3.04199053615803
282.02530426889,23.2754944127587,3.91704442541868
535.825097564874,392.076162101482,3.53202162024914
69.862516004825,77.6702104737762,5.17104244330324
8.70310876869313,78.9915123336424,3.39106547422729
587.518507998616,227.954046969171,3.99256696870285
442.587321204145,462.800333168,4.83609704773628
658.909236480721,374.515753777472,2.93648583913447
104.890328418047,488.093534722539,4.40353787717693
625.44656949236,88.8485071397578,4.10745098422306
419.253542669372,260.461803559261,3.61039514406654
11.3486365495938,184.41591649075,3.11292901555445
72.9710020727494,116.779326909763,4.68193377440414
605.788453831469,207.517699193299,4.40617799591525
245.999473060108,204.716785230057,3.66445525733361
576.139631877852,429.71263793816,3.62355317378611
299.300345143198,142.394775856815,3.85845903732357
523.215747599231,461.305261674704,3.59437729668679
51.5212486089705,422.954699710318,3.87954246780512
197.856603974409,290.285571013024,3.82412793548359
552.13444402132,259.155255981859,3.72346501335624
172.014733248827,25.1966935637691,4.50203134605192
513.880417596999,339.098360767395,4.52139602163995
42.3096649424658,42.9374118370879,3.69359327385409
526.334819777098,148.19810657192,4.57071585727319
NA,NA,NA
657.374445958886,333.509860272065,3.59267119368278
457.675737126352,300.779458197492,3.75173070207303
10.8939566825352,497.113706056897,3.50758064743913
561.878223929601,54.2675247077088,4.08820706768032
69.058435350118,374.650071691696,3.88874209958223
228.450634582811,416.114843016492,3.99604076026307
428.880027890773,12.8882312440262,3.22287865421388
361.324726419117,289.565102534867,3.10976330258375
603.390478538544,104.880443126802,4.3612214267481
392.763274259042,228.108180077089,4.21421930813209
564.288381445692,404.576416231134,4.73326195646101
139.842536845316,282.797353240108,4.49076539436804
204.359801679988,370.67358760038,4.13660872939656
123.535488693222,411.833447502697,3.56269026700332
626.645960734176,313.071821663733,4.45390097420733
5.93985385550401,147.318532277802,4.28486828187352
537.681526016839,197.950785602004,4.04884700250792
34.925938339386,491.415630921519,3.04199053615803
282.02530426889,23.2754944127587,3.91704442541868
535.825097564874,392.076162101482,3.53202162024914
69.862516004825,77.6702104737762,5.17104244330324
8.70310876869313,78.9915123336424,3.39106547422729
587.518507998616,227.954046969171,3.99256696870285
442.587321204145,462.800333168,4.83609704773628
658.909236480721,374.515753777472,2.93648583913447
104.890328418047,488.093534722539,4.40353787717693
625.44656949236,88.8485071397578,4.10745098422306
419.253542669372,260.461803559261,3.61039514406654
11.3486365495938,184.41591649075,3.11292901555445
72.9710020727494,116.779326909763,4.68193377440414
605.788453831469,207.517699193299,4.40617799591525
245.999473060108,204.716785230057,3.66445525733361
576.139631877852,429.71263793816,3.62355317378611
299.300345143198,142.394775856815,3.85845903732357
523.215747599231,461.305261674704,3.59437729668679
51.5212486089705,422.954699710318,3.87954246780512
197.856603974409,290.285571013024,3.82412793548359
552.13444402132,259.155255981859,3.72346501335624
172.014733248827,25.1966935637691,4.50203134605192
513.880417596999,339.098360767395,4.52139602163995
42.3096649424658,42.9374118370879,3.69359327385409
526.334819777098,148.19810657192,4.57071585727319
NA,NA,NA
657.374445958886,333.509860272065,3.59267119368278
457.675737126352,300.779458197492,3.75173070207303
10.8939566825352,497.113706056897,3.50758064743913
561.878223929601,54.2675247077088,4.08820706768032
69.058435350118,374.650071691696,3.88874209958223
228.450634582811,416.114843016492,3.99604076026307
428.880027890773,12.8882312440262,3.22287865421388
361.324726419117,289.565102534867,3.10976330258375
603.390478538544,104.880443126802,4.3612214267481
392.763274259042,228.108180077089,4.21421930813209
564.288381445692,404.576416231134,4.73326195646101
139.842536845316,282.797353240108,4.49076539436804
204.359801679988,370.67358760038,4.13660872939656
123.535488693222,411.833447502697,3.56269026700332
626.645960734176,313.071821663733,4.45390097420733
5.93985385550401,147.318532277802,4.28486828187352
537.681526016839,197.950785602004,4.04884700250792
34.925938339386,491.415630921519,3.04199053615803
282.02530426889,23.2754944127587,3.91704442541868
535.825097564874,392.076162101482,3.53202162024914
69.862516004825,77.6702104737762,5.17104244330324
8.70310876869313,78.9915123336424,3.39106547422729
587.518507998616,227.954046969171,3.99256696870285
442.587321204145,462.800333168,4.83609704773628
658.909236480721,374.515753777472,2.93648583913447
104.890328418047,488.093534722539,4.40353787717693
625.44656949236,88.8485071397578,4.10745098422306
419.253542669372,260.461803559261,3.61039514406654
11.3486365495938,184.41591649075,3.11292901555445
72.9710020727494,116.779326909763,4.68193377440414
605.788453831469,207.517699193299,4.40617799591525
245.999473060108,204.716785230057,3.66445525733361
576.139631877852,429.71263793816,3.62355317378611
299.300345143198,142.394775856815,3.85845903732357
523.215747599231,461.305261674704,3.59437729668679
51.5212486089705,422.954699710318,3.87954246780512
197.856603974409,290.285571013024,3.82412793548359
552.13444402132,259.155255981859,3.72346501335624
172.014733248827,25.1966935637691,4.50203134605192
513.880417596999,339.098360767395,4.52139602163995
42.3096649424658,42.9374118370879,3.69359327385409
526.334819777098,148.19810657192,4.57071585727319
NA,NA,NA
657.374445958886,333.509860272065,3.59267119368278
457.675737126352,300.779458197492,3.75173070207303
10.8939566825352,497.113706056897,3.50758064743913
561.878223929601,54.2675247077088,4.08820706768032
69.058435350118,374.650071691696,3.88874209958223
228.450634582811,416.114843016492,3.99604076026307
428.880027890773,12.8882312440262,3.22287865421388
361.324726419117,289.565102534867,3.10976330258375
603.390478538544,104.880443126802,4.3612214267481
392.763274259042,228.108180077089,4.21421930813209
564.288381445692,404.576416231134,4.73326195646101
139.842536845316,282.797353240108,4.49076539436804
204.359801679988,370.67358760038,4.13660872939656
123.535488693222,411.833447502697,3.56269026700332
626.645960734176,313.071821663733,4.45390097420733
5.93985385550401,147.318532277802,4.28486828187352
537.681526016839,197.950785602004,4.04884700250792
34.925938339386,491.415630921519,3.04199053615803
282.02530426889,23.2754944127587,3.91704442541868
535.825097564874,392.076162101482,3.53202162024914
69.862516004825,77.6702104737762,5.17104244330324
8.70310876869313,78.9915123336424,3.39106547422729
587.518507998616,227.954046969171,3.99256696870285
442.587321204145,462.800333168,4.83609704773628
658.909236480721,374.515753777472,2.93648583913447
104.890328418047,488.093534722539,4.40353787717693
625.44656949236,88.8485071397578,4.10745098422306
419.253542669372,260.461803559261,3.61039514406654
11.3486365495938,184.41591649075,3.11292901555445
72.9710020727494,116.779326909763,4.68193377440414
605.788453831469,207.517699193299,4.40617799591525
245.999473060108,204.716785230057,3.66445525733361
576.139631877852,429.71263793816,3.62355317378611
299.300345143198,142.394775856815,3.85845903732357
523.215747599231,461.305261674704,3.59437729668679
51.5212486089705,422.954699710318,3.87954246780512
197.856603974409,290.285571013024,3.82412793548359
552.13444402132,259.155255981859,3.72346501335624
172.014733248827,25.1966935637691,4.50203134605192
513.880417596999,339.098360767395,4.52139602163995
42.3096649424658,42.9374118370879,3.69359327385409
526.334819777098,148.19810657192,4.57071585727319
NA,NA,NA
657.374445958886,333.509860272065,3.59267119368278
457.675737126352,300.779458197492,3.75173070207303
10.8939566825352,497.113706056897,3.50758064743913
561.878223929601,54.2675247077088,4.08820706768032
69.058435350118,374.650071691696,3.88874209958223
228.450634582811,416.114843016492,3.99604076026307
428.880027890773,12.8882312440262,3.22287865421388
361.324726419117,289.565102534867,3.10976330258375
603.390478538544,104.880443126802,4.3612214267481
392.763274259042,228.108180077089,4.21421930813209
564.288381445692,404.576416231134,4.73326195646101
139.842536845316,282.797353240108,4.49076539436804
204.359801679988,370.67358760038,4.13660872939656
123.535488693222,411.833447502697,3.56269026700332
626.645960734176,313.071821663733,4.45390097420733
5.93985385550401,147.318532277802,4.28486828187352
537.681526016839,197.950785602004,4.04884700250792
34.925938339386,491.415630921519,3.04199053615803
282.02530426889,23.2754944127587,3.91704442541868
535.825097564874,392.076162101482,3.53202162024914
69.862516004825,77.6702104737762,5.17104244330324
8.70310876869313,78.9915123336424,3.39106547422729
587.518507998616,227.954046969171,3.99256696870285
442.587321204145,462.800333168,4.83609704773628
658.909236480721,374.515753777472,2.93648583913447
104.890328418047,488.093534722539,4.40353787717693
625.44656949236,88.8485071397578,4.10745098422306
419.253542669372,260.461803559261,3.61039514406654
11.3486365495938,184.41591649075,3.11292901555445
72.9710020727494,116.779326909763,4.68193377440414
605.788453831469,207.517699193299,4.40617799591525
245.999473060108,204.716785230057,3.66445525733361
576.139631877852,429.71263793816,3.62355317378611
299.300345143198,142.394775856815,3.85845903732357
523.215747599231,461.305261674704,3.59437729668679
51.5212486089705,422.954699710318,3.87954246780512
197.856603974409,290.285571013024,3.82412793548359
552.13444402132,259.155255981859,3.72346501335624
172.014733248827,25.1966935637691,4.50203134605192
513.880417596999,339.098360767395,4.52139602163995
42.3096649424658,42.9374118370879,3.69359327385409
526.334819777098,148.19810657192,4.57071585727319
NA,NA,NA
658.502159249639,332.582649095727,3.45265490836511
456.652279493184,296.530469227121,3.54092568908936
8.1999700656477,493.4232336527,3.72064196950144
560.69157821289,51.0983312908911,4.20089094968554
72.7465086434724,375.491987722082,4.06910217856338
230.450675138215,414.4379125319,3.93609045969579
427.291263620007,11.2279514797375,3.34465966967626
362.487654887697,291.125574334273,2.96348629218826
601.583693161592,110.395527468765,4.19671757758355
393.858316111998,232.438387232161,4.29601551052329
570.857722738757,410.803782990686,4.72630694952701
138.620744299992,291.828095747062,4.54306479355762
200.522196227097,364.978297084497,4.06545659935219
125.916880243189,409.881024536941,3.34854546733428
625.552825724788,314.026532042167,4.58741773471287
5.83539295571444,149.615299126541,4.31242582184174
543.047029653291,205.55910438003,4.21682609380446
33.8699671394559,494.082220516998,2.97959489992673
283.399675019377,20.3906976817225,3.93338335689687
531.443992632832,391.916175985961,3.40628841327291
73.7894101285553,69.2511886606679,5.15113951476197
4.68824348719632,72.4558391662378,3.46475744444208
589.832563225203,225.955983444466,4.09275182744856
445.197449428505,448.551062731585,4.82937646615422
658.138597756323,373.209136430412,2.90023857832287
104.268045003298,485.911582472042,4.3560838521106
621.860275579895,93.7447535759976,4.06479173771378
422.365545162671,257.253702300698,3.6375899551964
10.3519948050203,182.268143291034,3.23572121519463
71.3201201022812,107.328582080708,4.58112439478844
599.553677923097,195.207754952676,4.48128020172013
251.688291055704,218.118732341446,3.65042412938051
582.469054118062,426.90928765198,3.97441483920379
299.074810220177,134.205230111271,3.85570115470073
523.517870183102,461.574031207356,3.56045115164869
57.5163256503681,435.550747101388,3.98612112133853
207.181054343974,290.431684396723,4.55268697964285
543.413499665775,253.304108474737,3.83287270317001
171.031376666589,40.9140297400959,4.14258684882139
500.311087084647,348.634234428268,4.53286295938527
30.7438734636901,40.1691424392737,3.9869683888916
541.457972909078,167.376686270965,4.60277545221421
NA,NA,NA
658.502159249639,332.582649095727,3.45265490836511
456.652279493184,296.530469227121,3.54092568908936
8.1999700656477,493.4232336527,3.72064196950144
560.69157821289,51.0983312908911,4.20089094968554
72.7465086434724,375.491987722082,4.06910217856338
230.450675138215,414.4379125319,3.93609045969579
427.291263620007,11.2279514797375,3.34465966967626
362.487654887697,291.125574334273,2.96348629218826
601.583693161592,110.395527468765,4.19671757758355
393.858316111998,232.438387232161,4.29601551052329
570.857722738757,410.803782990686,4.72630694952701
138.620744299992,291.828095747062,4.54306479355762
200.522196227097,364.978297084497,4.06545659935219
125.916880243189,409.881024536941,3.34854546733428
625.552825724788,314.026532042167,4.58741773471287
5.83539295571444,149.615299126541,4.31242582184174
543.047029653291,205.55910438003,4.21682609380446
33.8699671394559,494.082220516998,2.97959489992673
283.399675019377,20.3906976817225,3.93338335689687
531.443992632832,391.916175985961,3.40628841327291
73.7894101285553,69.2511886606679,5.15113951476197
4.68824348719632,72.4558391662378,3.46475744444208
589.832563225203,225.955983444466,4.09275182744856
445.197449428505,448.551062731585,4.82937646615422
658.138597756323,373.209136430412,2.90023857832287
104.268045003298,485.911582472042,4.3560838521106
621.860275579895,93.7447535759976,4.06479173771378
422.365545162671,257.253702300698,3.6375899551964
10.3519948050203,182.268143291034,3.23572121519463
71.3201201022812,107.328582080708,4.58112439478844
599.553677923097,195.207754952676,4.48128020172013
251.688291055704,218.118732341446,3.65042412938051
582.469054118062,426.90928765198,3.97441483920379
299.074810220177,134.205230111271,3.85570115470073
523.517870183102,461.574031207356,3.56045115164869
57.5163256503681,435.550747101388,3.98612112133853
207.181054343974,290.431684396723,4.55268697964285
543.413499665775,253.304108474737,3.83287270317001
171.031376666589,40.9140297400959,4.14258684882139
500.311087084647,348.634234428268,4.53286295938527
30.7438734636901,40.1691424392737,3.9869683888916
541.457972909078,167.376686270965,4.60277545221421
NA,NA,NA
658.502159249639,332.582649095727,3.45265490836511
456.652279493184,296.530469227121,3.54092568908936
8.1999700656477,493.4232336527,3.72064196950144
560.69157821289,51.0983312908911,4.20089094968554
72.7465086434724,375.491987722082,4.06910217856338
230.450675138215,414.4379125319,3.93609045969579
427.291263620007,11.2279514797375,3.34465966967626
362.487654887697,291.125574334273,2.96348629218826
601.583693161592,110.395527468765,4.19671757758355
393.858316111998,232.438387232161,4.29601551052329
570.857722738757,410.803782990686,4.72630694952701
138.620744299992,291.828095747062,4.54306479355762
200.522196227097,364.978297084497,4.06545659935219
125.916880243189,409.881024536941,3.34854546733428
625.552825724788,314.026532042167,4.58741773471287
5.83539295571444,149.615299126541,4.31242582184174
543.047029653291,205.55910438003,4.21682609380446
33.8699671394559,494.082220516998,2.97959489992673
283.399675019377,20.3906976817225,3.93338335689687
531.443992632832,391.916175985961,3.40628841327291
73.7894101285553,69.2511886606679,5.15113951476197
4.68824348719632,72.4558391662378,3.46475744444208
589.832563225203,225.955983444466,4.09275182744856
445.197449428505,448.551062731585,4.82937646615422
658.138597756323,373.209136430412,2.90023857832287
104.268045003298,485.911582472042,4.3560838521106
621.860275579895,93.7447535759976,4.06479173771378
422.365545162671,257.253702300698,3.6375899551964
10.3519948050203,182.268143291034,3.23572121519463
71.3201201022812,107.328582080708,4.58112439478844
599.553677923097,195.207754952676,4.48128020172013
251.688291055704,218.118732341446,3.65042412938051
582.469054118062,426.90928765198,3.97441483920379
299.074810220177,134.205230111271,3.85570115470073
523.517870183102,461.574031207356,3.56045115164869
57.5163256503681,435.550747101388,3.98612112133853
207.181054343974,290.431684396723,4.55268697964285
543.413499665775,253.304108474737,3.83287270317001
171.031376666589,40.9140297400959,4.14258684882139
500.311087084647,348.634234428268,4.53286295938527
30.7438734636901,40.1691424392737,3.9869683888916
541.457972909078,167.376686270965,4.60277545221421
NA,NA,NA
658.502159249639,332.582649095727,3.45265490836511
456.652279493184,296.530469227121,3.54092568908936
8.1999700656477,493.4232336527,3.72064196950144
560.69157821289,51.0983312908911,4.20089094968554
72.7465086434724,375.491987722082,4.06910217856338
230.450675138215,414.4379125319,3.93609045969579
427.291263620007,11.2279514797375,3.34465966967626
362.487654887697,291.125574334273,2.96348629218826
601.583693161592,110.395527468765,4.19671757758355
393.858316111998,232.438387232161,4.29601551052329
570.857722738757,410.803782990686,4.72630694952701
138.620744299992,291.828095747062,4.54306479355762
200.522196227097,364.978297084497,4.06545659935219
125.916880243189,409.881024536941,3.34854546733428
625.552825724788,314.026532042167,4.58741773471287
5.83539295571444,149.615299126541,4.31242582184174
543.047029653291,205.55910438003,4.21682609380446
33.8699671394559,494.082220516998,2.97959489992673
283.399675019377,20.3906976817225,3.93338335689687
531.443992632832,391.916175985961,3.40628841327291
73.7894101285553,69.2511886606679,5.15113951476197
4.68824348719632,72.4558391662378,3.46475744444208
589.832563225203,225.955983444466,4.09275182744856
445.197449428505,448.551062731585,4.82937646615422
658.138597756323,373.209136430412,2.90023857832287
104.268045003298,485.911582472042,4.3560838521106
621.860275579895,93.7447535759976,4.06479173771378
422.365545162671,257.253702300698,3.6375899551964
10.3519948050203,182.268143291034,3.23572121519463
71.3201201022812,107.328582080708,4.58112439478844
599.553677923097,195.207754952676,4.48128020172013
251.688291055704,218.118732341446,3.65042412938051
582.469054118062,426.90928765198,3.97441483920379
299.074810220177,134.205230111271,3.85570115470073
523.517870183102,461.574031207356,3.56045115164869
57.5163256503681,435.550747101388,3.98612112133853
207.181054343974,290.431684396723,4.55268697964285
543.413499665775,253.304108474737,3.83287270317001
171.031376666589,40.9140297400959,4.14258684882139
500.311087084647,348.634234428268,4.53286295938527
30.7438734636901,40.1691424392737,3.9869683888916
541.457972909078,167.376686270965,4.60277545221421
NA,NA,NA
658.502159249639,332.582649095727,3.45265490836511
456.652279493184,296.530469227121,3.54092568908936
8.1999700656477,493.4232336527,3.72064196950144
560.69157821289,51.0983312908911,4.20089094968554
72.7465086434724,375.491987722082,4.06910217856338
230.450675138215,414.4379125319,3.93609045969579
427.291263620007,11.2279514797375,3.34465966967626
362.487654887697,291.125574334273,2.96348629218826
601.583693161592,110.395527468765,4.19671757758355
393.858316111998,232.438387232161,4.29601551052329
570.857722738757,410.803782990686,4.72630694952701
138.620744299992,291.828095747062,4.54306479355762
200.522196227097,364.978297084497,4.06545659935219
125.916880243189,409.881024536941,3.34854546733428
625.552825724788,314.026532042167,4.58741773471287
5.83539295571444,149.615299126541,4.31242582184174
543.047029653291,205.55910438003,4.21682609380446
33.8699671394559,494.082220516998,2.97959489992673
283.399675019377,20.3906976817225,3.93338335689687
531.443992632832,391.916175985961,3.40628841327291
73.7894101285553,69.2511886606679,5.15113951476197
4.68824348719632,72.4558391662378,3.46475744444208
589.832563225203,225.955983444466,4.09275182744856
445.197449428505,448.551062731585,4.82937646615422
658.138597756323,373.209136430412,2.90023857832287
104.268045003298,485.911582472042,4.3560838521106
621.860275579895,93.7447535759976,4.06479173771378
422.365545162671,257.253702300698,3.6375899551964
10.3519948050203,182.268143291034,3.23572121519463
71.3201201022812,107.328582080708,4.58112439478844
599.553677923097,195.207754952676,4.48128020172013
251.688291055704,218.118732341446,3.65042412938051
582.469054118062,426.90928765198,3.97441483920379
299.074810220177,134.205230111271,3.85570115470073
523.517870183102,461.574031207356,3.56045115164869
57.5163256503681,435.550747101388,3.98612112133853
207.181054343974,290.431684396723,4.55268697964285
543.413499665775,253.304108474737,3.83287270317001
171.031376666589,40.9140297400959,4.14258684882139
500.311087084647,348.634234428268,4.53286295938527
30.7438734636901,40.1691424392737,3.9869683888916
541.457972909078,167.376686270965,4.60277545221421
NA,NA,NA
658.502159249639,332.582649095727,3.45265490836511
456.652279493184,296.530469227121,3.54092568908936
8.1999700656477,493.4232336527,3.72064196950144
560.69157821289,51.0983312908911,4.20089094968554
72.7465086434724,375.491987722082,4.06910217856338
230.450675138215,414.4379125319,3.93609045969579
427.291263620007,11.2279514797375,3.34465966967626
362.487654887697,291.125574334273,2.96348629218826
601.583693161592,110.395527468765,4.19671757758355
393.858316111998,232.438387232161,4.29601551052329
570.857722738757,410.803782990686,4.72630694952701
138.620744299992,291.828095747062,4.54306479355762
200.522196227097,364.978297084497,4.06545659935219
125.916880243189,409.881024536941,3.34854546733428
625.552825724788,314.026532042167,4.58741773471287
5.83539295571444,149.615299126541,4.31242582184174
543.047029653291,205.55910438003,4.21682609380446
33.8699671394559,494.082220516998,2.97959489992673
283.399675019377,20.3906976817225,3.93338335689687
531.443992632832,391.916175985961,3.40628841327291
73.7894101285553,69.2511886606679,5.15113951476197
4.68824348719632,72.4558391662378,3.46475744444208
589.832563225203,225.955983444466,4.09275182744856
445.197449428505,448.551062731585,4.82937646615422
658.138597756323,373.209136430412,2.90023857832287
104.268045003298,485.911582472042,4.3560838521106
621.860275579895,93.7447535759976,4.06479173771378
422.365545162671,257.253702300698,3.6375899551964
10.3519948050203,182.268143291034,3.23572121519463
71.3201201022812,107.328582080708,4.58112439478844
599.553677923097,195.207754952676,4.48128020172013
251.688291055704,218.118732341446,3.65042412938051
582.469054118062,426.90928765198,3.97441483920379
299.074810220177,134.205230111271,3.85570115470073
523.517870183102,461.574031207356,3.56045115164869
57.5163256503681,435.550747101388,3.98612112133853
207.181054343974,290.431684396723,4.55268697964285
543.413499665775,253.304108474737,3.83287270317001
171.031376666589,40.9140297400959,4.14258684882139
500.311087084647,348.634234428268,4.53286295938527
30.7438734636901,40.1691424392737,3.9869683888916
541.457972909078,167.376686270965,4.60277545221421
NA,NA,NA
662.550349103665,332.006781903903,3.53767104487491
457.041652315555,298.915691673469,3.7413908038172
15.4220994165009,494.176831149181,3.64568178369559
558.882579114541,52.7212229998783,4.27441068670851
71.5524907104314,377.326008847821,3.94737899602127
224.569027084833,416.136336439456,3.89613018461262
432.213304047803,14.9973539962987,3.45051215060088
361.194661187941,295.635252275179,2.84333169623547
609.641201633106,105.232542786434,4.2510486789515
391.808726813219,233.520889463695,4.11288581626274
569.61854713343,403.362225424697,4.71335580447411
137.03363133389,278.850288846314,4.58136534510682
195.71154806374,371.056326771572,4.07367394769914
126.634920602727,411.002888830538,3.48939561794327
628.434678448839,313.881349013252,4.56631572382642
2.53091693157023,149.1616101762,4.23975347321626
544.289260658532,204.718392426115,4.26333983463219
35.6324549623508,491.107162524924,3.02446843260151
275.644020417066,19.7998039532571,3.79641456757006
531.311250730315,393.401275733335,3.26800263528066
73.8974751898881,72.7098987949446,5.17376838745023
2.50885003271593,77.280471424816,3.45526105156443
588.097594515147,228.534464381257,3.90712787431692
438.899534449119,459.597500039183,4.8246505941792
659.557937953573,375.69703424175,3.01344890769706
104.56848310495,490.084521240666,4.39620676413744
625.538253941613,86.5511618181252,4.10265704113024
420.034556588444,258.84357460365,3.59757695821337
13.0818231862966,183.292083539787,3.17557455807783
64.5093849793237,121.580464419332,4.59740258239599
603.782943742675,212.104110051731,4.36056783878811
252.772571343481,227.423203701324,3.98665730405755
570.439174087414,433.150569854071,4.06498657393463
300.315873501126,139.800294614531,3.82507509262681
523.237405925339,463.084582677444,3.55803087166489
48.1305041469665,403.59470327129,3.61522972447027
210.482937216105,292.137207138717,4.03128038297439
545.819717744689,275.843638589548,3.75821478822378
187.696445298891,31.4422495375958,4.33533807009114
512.830678475229,344.183783309476,4.59753892753662
40.1283955859381,49.3774020699148,4.04007866383477
542.391403522186,129.040718950741,4.7039549781939
NA,NA,NA
662.550349103665,332.006781903903,3.53767104487491
457.041652315555,298.915691673469,3.7413908038172
15.4220994165009,494.176831149181,3.64568178369559
558.882579114541,52.7212229998783,4.27441068670851
71.5524907104314,377.326008847821,3.94737899602127
224.569027084833,416.136336439456,3.89613018461262
432.213304047803,14.9973539962987,3.45051215060088
361.194661187941,295.635252275179,2.84333169623547
609.641201633106,105.232542786434,4.2510486789515
391.808726813219,233.520889463695,4.11288581626274
569.61854713343,403.362225424697,4.71335580447411
137.03363133389,278.850288846314,4.58136534510682
195.71154806374,371.056326771572,4.07367394769914
126.634920602727,411.002888830538,3.48939561794327
628.434678448839,313.881349013252,4.56631572382642
2.53091693157023,149.1616101762,4.23975347321626
544.289260658532,204.718392426115,4.26333983463219
35.6324549623508,491.107162524924,3.02446843260151
275.644020417066,19.7998039532571,3.79641456757006
531.311250730315,393.401275733335,3.26800263528066
73.8974751898881,72.7098987949446,5.17376838745023
2.50885003271593,77.280471424816,3.45526105156443
588.097594515147,228.534464381257,3.90712787431692
438.899534449119,459.597500039183,4.8246505941792
659.557937953573,375.69703424175,3.01344890769706
104.56848310495,490.084521240666,4.39620676413744
625.538253941613,86.5511618181252,4.10265704113024
420.034556588444,258.84357460365,3.59757695821337
13.0818231862966,183.292083539787,3.17557455807783
64.5093849793237,121.580464419332,4.59740258239599
603.782943742675,212.104110051731,4.36056783878811
252.772571343481,227.423203701324,3.98665730405755
570.439174087414,433.150569854071,4.06498657393463
300.315873501126,139.800294614531,3.82507509262681
523.237405925339,463.084582677444,3.55803087166489
48.1305041469665,403.59470327129,3.61522972447027
210.482937216105,292.137207138717,4.03128038297439
545.819717744689,275.843638589548,3.75821478822378
187.696445298891,31.4422495375958,4.33533807009114
512.830678475229,344.183783309476,4.59753892753662
40.1283955859381,49.3774020699148,4.04007866383477
542.391403522186,129.040718950741,4.7039549781939
NA,NA,NA
662.550349103665,332.006781903903,3.53767104487491
457.041652315555,298.915691673469,3.7413908038172
15.4220994165009,494.176831149181,3.64568178369559
558.882579114541,52.7212229998783,4.27441068670851
71.5524907104314,377.326008847821,3.94737899602127
224.569027084833,416.136336439456,3.89613018461262
432.213304047803,14.9973539962987,3.45051215060088
361.194661187941,295.635252275179,2.84333169623547
609.641201633106,105.232542786434,4.2510486789515
391.808726813219,233.520889463695,4.11288581626274
569.61854713343,403.362225424697,4.71335580447411
137.03363133389,278.850288846314,4.58136534510682
195.71154806374,371.056326771572,4.07367394769914
126.634920602727,411.002888830538,3.48939561794327
628.434678448839,313.881349013252,4.56631572382642
2.53091693157023,149.1616101762,4.23975347321626
544.289260658532,204.718392426115,4.26333983463219
35.6324549623508,491.107162524924,3.02446843260151
275.644020417066,19.7998039532571,3.79641456757006
531.311250730315,393.401275733335,3.26800263528066
73.8974751898881,72.7098987949446,5.17376838745023
2.50885003271593,77.280471424816,3.45526105156443
588.097594515147,228.534464381257,3.90712787431692
438.899534449119,459.597500039183,4.8246505941792
659.557937953573,375.69703424175,3.01344890769706
104.56848310495,490.084521240666,4.39620676413744
625.538253941613,86.5511618181252,4.10265704113024
420.034556588444,258.84357460365,3.59757695821337
13.0818231862966,183.292083539787,3.17557455807783
64.5093849793237,121.580464419332,4.59740258239599
603.782943742675,212.104110051731,4.36056783878811
252.772571343481,227.423203701324,3.98665730405755
570.439174087414,433.150569854071,4.06498657393463
300.315873501126,139.800294614531,3.82507509262681
523.237405925339,463.084582677444,3.55803087166489
48.1305041469665,403.59470327129,3.61522972447027
210.482937216105,292.137207138717,4.03128038297439
545.819717744689,275.843638589548,3.75821478822378
187.696445298891,31.4422495375958,4.33533807009114
512.830678475229,344.183783309476,4.59753892753662
40.1283955859381,49.3774020699148,4.04007866383477
542.391403522186,129.040718950741,4.7039549781939
NA,NA,NA
662.550349103665,332.006781903903,3.53767104487491
457.041652315555,298.915691673469,3.7413908038172
15.4220994165009,494.176831149181,3.64568178369559
558.882579114541,52.7212229998783,4.27441068670851
71.5524907104314,377.326008847821,3.94737899602127
224.569027084833,416.136336439456,3.89613018461262
432.213304047803,14.9973539962987,3.45051215060088
361.194661187941,295.635252275179,2.84333169623547
609.641201633106,105.232542786434,4.2510486789515
391.808726813219,233.520889463695,4.11288581626274
569.61854713343,403.362225424697,4.71335580447411
137.03363133389,278.850288846314,4.58136534510682
195.71154806374,371.056326771572,4.07367394769914
126.634920602727,411.002888830538,3.48939561794327
628.434678448839,313.881349013252,4.56631572382642
2.53091693157023,149.1616101762,4.23975347321626
544.289260658532,204.718392426115,4.26333983463219
35.6324549623508,491.107162524924,3.02446843260151
275.644020417066,19.7998039532571,3.79641456757006
531.311250730315,393.401275733335,3.26800263528066
73.8974751898881,72.7098987949446,5.17376838745023
2.50885003271593,77.280471424816,3.45526105156443
588.097594515147,228.534464381257,3.90712787431692
438.899534449119,459.597500039183,4.8246505941792
659.557937953573,375.69703424175,3.01344890769706
104.56848310495,490.084521240666,4.39620676413744
625.538253941613,86.5511618181252,4.10265704113024
420.034556588444,258.84357460365,3.59757695821337
13.0818231862966,183.292083539787,3.17557455807783
64.5093849793237,121.580464419332,4.59740258239599
603.782943742675,212.104110051731,4.36056783878811
252.772571343481,227.423203701324,3.98665730405755
570.439174087414,433.150569854071,4.06498657393463
300.315873501126,139.800294614531,3.82507509262681
523.237405925339,463.084582677444,3.55803087166489
48.1305041469665,403.59470327129,3.61522972447027
210.482937216105,292.137207138717,4.03128038297439
545.819717744689,275.843638589548,3.75821478822378
187.696445298891,31.4422495375958,4.33533807009114
512.830678475229,344.183783309476,4.59753892753662
40.1283955859381,49.3774020699148,4.04007866383477
542.391403522186,129.040718950741,4.7039549781939
NA,NA,NA
662.550349103665,332.006781903903,3.53767104487491
457.041652315555,298.915691673469,3.7413908038172
15.4220994165009,494.176831149181,3.64568178369559
558.882579114541,52.7212229998783,4.27441068670851
71.5524907104314,377.326008847821,3.94737899602127
224.569027084833,416.136336439456,3.89613018461262
432.213304047803,14.9973539962987,3.45051215060088
361.194661187941,295.635252275179,2.84333169623547
609.641201633106,105.232542786434,4.2510486789515
391.808726813219,233.520889463695,4.11288581626274
569.61854713343,403.362225424697,4.71335580447411
137.03363133389,278.850288846314,4.58136534510682
195.71154806374,371.056326771572,4.07367394769914
126.634920602727,411.002888830538,3.48939561794327
628.434678448839,313.881349013252,4.56631572382642
2.53091693157023,149.1616101762,4.23975347321626
544.289260658532,204.718392426115,4.26333983463219
35.6324549623508,491.107162524924,3.02446843260151
275.644020417066,19.7998039532571,3.79641456757006
531.311250730315,393.401275733335,3.26800263528066
73.8974751898881,72.7098987949446,5.17376838745023
2.50885003271593,77.280471424816,3.45526105156443
588.097594515147,228.534464381257,3.90712787431692
438.899534449119,459.597500039183,4.8246505941792
659.557937953573,375.69703424175,3.01344890769706
104.56848310495,490.084521240666,4.39620676413744
625.538253941613,86.5511618181252,4.10265704113024
420.034556588444,258.84357460365,3.59757695821337
13.0818231862966,183.292083539787,3.17557455807783
64.5093849793237,121.580464419332,4.59740258239599
603.782943742675,212.104110051731,4.36056783878811
252.772571343481,227.423203701324,3.98665730405755
570.439174087414,433.150569854071,4.06498657393463
300.315873501126,139.800294614531,3.82507509262681
523.237405925339,463.084582677444,3.55803087166489
48.1305041469665,403.59470327129,3.61522972447027
210.482937216105,292.137207138717,4.03128038297439
545.819717744689,275.843638589548,3.75821478822378
187.696445298891,31.4422495375958,4.33533807009114
512.830678475229,344.183783309476,4.59753892753662
40.1283955859381,49.3774020699148,4.04007866383477
542.391403522186,129.040718950741,4.7039549781939
NA,NA,NA
662.550349103665,332.006781903903,3.53767104487491
457.041652315555,298.915691673469,3.7413908038172
15.4220994165009,494.176831149181,3.64568178369559
558.882579114541,52.7212229998783,4.27441068670851
71.5524907104314,377.326008847821,3.94737899602127
224.569027084833,416.136336439456,3.89613018461262
432.213304047803,14.9973539962987,3.45051215060088
361.194661187941,295.635252275179,2.84333169623547
609.641201633106,105.232542786434,4.2510486789515
391.808726813219,233.520889463695,4.11288581626274
569.61854713343,403.362225424697,4.71335580447411
137.03363133389,278.850288846314,4.58136534510682
195.71154806374,371.056326771572,4.07367394769914
126.634920602727,411.002888830538,3.48939561794327
628.434678448839,313.881349013252,4.56631572382642
2.53091693157023,149.1616101762,4.23975347321626
544.289260658532,204.718392426115,4.26333983463219
35.6324549623508,491.107162524924,3.02446843260151
275.644020417066,19.7998039532571,3.79641456757006
531.311250730315,393.401275733335,3.26800263528066
73.8974751898881,72.7098987949446,5.17376838745023
2.50885003271593,77.280471424816,3.45526105156443
588.097594515147,228.534464381257,3.90712787431692
438.899534449119,459.597500039183,4.8246505941792
659.557937953573,375.69703424175,3.01344890769706
104.56848310495,490.084521240666,4.39620676413744
625.538253941613,86.5511618181252,4.10265704113024
420.034556588444,258.84357460365,3.59757695821337
13.0818231862966,183.292083539787,3.17557455807783
64.5093849793237,121.580464419332,4.59740258239599
603.782943742675,212.104110051731,4.36056783878811
252.772571343481,227.423203701324,3.98665730405755
570.439174087414,433.150569854071,4.06498657393463
300.315873501126,139.800294614531,3.82507509262681
523.237405925339,463.084582677444,3.55803087166489
48.1305041469665,403.59470327129,3.61522972447027
210.482937216105,292.137207138717,4.03128038297439
545.819717744689,275.843638589548,3.75821478822378
187.696445298891,31.4422495375958,4.33533807009114
512.830678475229,344.183783309476,4.59753892753662
40.1283955859381,49.3774020699148,4.04007866383477
542.391403522186,129.040718950741,4.7039549781939
NA,NA,NA
662.970335845077,334.726280072101,3.55720356283191
454.225839056177,301.45714981999,3.54554829427086
11.163947592056,495.725048216204,3.60262083601186
558.977566959326,48.644576881674,4.20854616920619
70.0781155797381,370.855019131366,4.01489005308001
231.880767142366,415.018127496262,3.84375154792833
432.184041544246,11.7615385251462,3.19552125566888
366.009401613387,292.716153363002,2.99150611157575
604.560475277587,109.583034117399,4.10486798716059
393.712539564047,229.039698806655,4.25228684046397
564.073266848945,398.521711233557,4.74564010996536
140.843641477962,278.633474436081,4.63855886874758
200.33733255272,368.889181824738,4.06702826580878
125.288947320961,407.205458318544,3.30092250345408
626.940978401921,311.181683474269,4.53201217894468
7.51785313876591,150.693562480906,4.30386154962347
543.211920307897,203.26567344617,4.14775938849969
33.6964824076034,492.227489959908,3.15678953975185
278.79950986424,24.9949984229755,3.7886610852017
530.474962404695,389.537864062035,3.53423811749205
78.6326592875709,78.9959650052211,5.31275066635436
7.29064276486779,75.4342252090925,3.29290759487787
586.205721984253,225.262369240313,4.03127345751414
437.645801802526,465.492518279802,4.75590666548298
656.812560348709,373.567911400296,3.16960661027792
107.082762573395,486.838678413324,4.42299086674661
626.308532667574,89.7920488016676,4.03158913783699
417.319401029562,257.267784442828,3.5894965173742
11.1854453584197,180.12840998455,3.20809992737333
69.4764554909424,121.377673990578,4.68033787084596
609.824721075387,205.009727582916,4.29675142914855
255.113860415585,222.206125185178,3.84106045588792
574.678965153964,436.733000169478,3.84934081934251
300.174745761611,137.781368323956,3.83167168477054
530.213318938686,458.293788874949,3.79873430473448
50.4525752709197,409.096173953535,4.17010017975293
196.667488908885,285.913822468686,3.73098239569921
547.859597208965,256.24159277092,3.70767646347876
170.650868445225,32.5080006286279,4.21782956404522
506.933943818693,348.088886550019,4.46741128171867
37.2466834717986,56.1383787448305,3.66299233352349
532.750731856045,152.900151864815,4.62569537312086
NA,NA,NA
662.970335845077,334.726280072101,3.55720356283191
454.225839056177,301.45714981999,3.54554829427086
11.163947592056,495.725048216204,3.60262083601186
558.977566959326,48.644576881674,4.20854616920619
70.0781155797381,370.855019131366,4.01489005308001
231.880767142366,415.018127496262,3.84375154792833
432.184041544246,11.7615385251462,3.19552125566888
366.009401613387,292.716153363002,2.99150611157575
604.560475277587,109.583034117399,4.10486798716059
393.712539564047,229.039698806655,4.25228684046397
564.073266848945,398.521711233557,4.74564010996536
140.843641477962,278.633474436081,4.63855886874758
200.33733255272,368.889181824738,4.06702826580878
125.288947320961,407.205458318544,3.30092250345408
626.940978401921,311.181683474269,4.53201217894468
7.51785313876591,150.693562480906,4.30386154962347
543.211920307897,203.26567344617,4.14775938849969
33.6964824076034,492.227489959908,3.15678953975185
278.79950986424,24.9949984229755,3.7886610852017
530.474962404695,389.537864062035,3.53423811749205
78.6326592875709,78.9959650052211,5.31275066635436
7.29064276486779,75.4342252090925,3.29290759487787
586.205721984253,225.262369240313,4.03127345751414
437.645801802526,465.492518279802,4.75590666548298
656.812560348709,373.567911400296,3.16960661027792
107.082762573395,486.838678413324,4.42299086674661
626.308532667574,89.7920488016676,4.03158913783699
417.319401029562,257.267784442828,3.5894965173742
11.1854453584197,180.12840998455,3.20809992737333
69.4764554909424,121.377673990578,4.68033787084596
609.824721075387,205.009727582916,4.29675142914855
255.113860415585,222.206125185178,3.84106045588792
574.678965153964,436.733000169478,3.84934081934251
300.174745761611,137.781368323956,3.83167168477054
530.213318938686,458.293788874949,3.79873430473448
50.4525752709197,409.096173953535,4.17010017975293
196.667488908885,285.913822468686,3.73098239569921
547.859597208965,256.24159277092,3.70767646347876
170.650868445225,32.5080006286279,4.21782956404522
506.933943818693,348.088886550019,4.46741128171867
37.2466834717986,56.1383787448305,3.66299233352349
532.750731856045,152.900151864815,4.62569537312086
NA,NA,NA
662.970335845077,334.726280072101,3.55720356283191
454.225839056177,301.45714981999,3.54554829427086
11.163947592056,495.725048216204,3.60262083601186
558.977566959326,48.644576881674,4.20854616920619
70.0781155797381,370.855019131366,4.01489005308001
231.880767142366,415.018127496262,3.84375154792833
432.184041544246,11.7615385251462,3.19552125566888
366.009401613387,292.716153363002,2.99150611157575
604.560475277587,109.583034117399,4.10486798716059
393.712539564047,229.039698806655,4.25228684046397
564.073266848945,398.521711233557,4.74564010996536
140.843641477962,278.633474436081,4.63855886874758
200.33733255272,368.889181824738,4.06702826580878
125.288947320961,407.205458318544,3.30092250345408
626.940978401921,311.181683474269,4.53201217894468
7.51785313876591,150.693562480906,4.30386154962347
543.211920307897,203.26567344617,4.14775938849969
33.6964824076034,492.227489959908,3.15678953975185
278.79950986424,24.9949984229755,3.7886610852017
530.474962404695,389.537864062035,3.53423811749205
78.6326592875709,78.9959650052211,5.31275066635436
7.29064276486779,75.4342252090925,3.29290759487787
586.205721984253,225.262369240313,4.03127345751414
437.645801802526,465.492518279802,4.75590666548298
656.812560348709,373.567911400296,3.16960661027792
107.082762573395,486.838678413324,4.42299086674661
626.308532667574,89.7920488016676,4.03158913783699
417.319401029562,257.267784442828,3.5894965173742
11.1854453584197,180.12840998455,3.20809992737333
69.4764554909424,121.377673990578,4.68033787084596
609.824721075387,205.009727582916,4.29675142914855
255.113860415585,222.206125185178,3.84106045588792
574.678965153964,436.733000169478,3.84934081934251
300.174745761611,137.781368323956,3.83167168477054
530.213318938686,458.293788874949,3.79873430473448
50.4525752709197,409.096173953535,4.17010017975293
196.667488908885,285.913822468686,3.73098239569921
547.859597208965,256.24159277092,3.70767646347876
170.650868445225,32.5080006286279,4.21782956404522
506.933943818693,348.088886550019,4.46741128171867
37.2466834717986,56.1383787448305,3.66299233352349
532.750731856045,152.900151864815,4.62569537312086
NA,NA,NA
662.970335845077,334.726280072101,3.55720356283191
454.225839056177,301.45714981999,3.54554829427086
11.163947592056,495.725048216204,3.60262083601186
558.977566959326,48.644576881674,4.20854616920619
70.0781155797381,370.855019131366,4.01489005308001
231.880767142366,415.018127496262,3.84375154792833
432.184041544246,11.7615385251462,3.19552125566888
366.009401613387,292.716153363002,2.99150611157575
604.560475277587,109.583034117399,4.10486798716059
393.712539564047,229.039698806655,4.25228684046397
564.073266848945,398.521711233557,4.74564010996536
140.843641477962,278.633474436081,4.63855886874758
200.33733255272,368.889181824738,4.06702826580878
125.288947320961,407.205458318544,3.30092250345408
626.940978401921,311.181683474269,4.53201217894468
7.51785313876591,150.693562480906,4.30386154962347
543.211920307897,203.26567344617,4.14775938849969
33.6964824076034,492.227489959908,3.15678953975185
278.79950986424,24.9949984229755,3.7886610852017
530.474962404695,389.537864062035,3.53423811749205
78.6326592875709,78.9959650052211,5.31275066635436
7.29064276486779,75.4342252090925,3.29290759487787
586.205721984253,225.262369240313,4.03127345751414
437.645801802526,465.492518279802,4.75590666548298
656.812560348709,373.567911400296,3.16960661027792
107.082762573395,486.838678413324,4.42299086674661
626.308532667574,89.7920488016676,4.03158913783699
417.319401029562,257.267784442828,3.5894965173742
11.1854453584197,180.12840998455,3.20809992737333
69.4764554909424,121.377673990578,4.68033787084596
609.824721075387,205.009727582916,4.29675142914855
255.113860415585,222.206125185178,3.84106045588792
574.678965153964,436.733000169478,3.84934081934251
300.174745761611,137.781368323956,3.83167168477054
530.213318938686,458.293788874949,3.79873430473448
50.4525752709197,409.096173953535,4.17010017975293
196.667488908885,285.913822468686,3.73098239569921
547.859597208965,256.24159277092,3.70767646347876
170.650868445225,32.5080006286279,4.21782956404522
506.933943818693,348.088886550019,4.46741128171867
37.2466834717986,56.1383787448305,3.66299233352349
532.750731856045,152.900151864815,4.62569537312086
NA,NA,NA
662.970335845077,334.726280072101,3.55720356283191
454.225839056177,301.45714981999,3.54554829427086
11.163947592056,495.725048216204,3.60262083601186
558.977566959326,48.644576881674,4.20854616920619
70.0781155797381,370.855019131366,4.01489005308001
231.880767142366,415.018127496262,3.84375154792833
432.184041544246,11.7615385251462,3.19552125566888
366.009401613387,292.716153363002,2.99150611157575
604.560475277587,109.583034117399,4.10486798716059
393.712539564047,229.039698806655,4.25228684046397
564.073266848945,398.521711233557,4.74564010996536
140.843641477962,278.633474436081,4.63855886874758
200.33733255272,368.889181824738,4.06702826580878
125.288947320961,407.205458318544,3.30092250345408
626.940978401921,311.181683474269,4.53201217894468
7.51785313876591,150.693562480906,4.30386154962347
543.211920307897,203.26567344617,4.14775938849969
33.6964824076034,492.227489959908,3.15678953975185
278.79950986424,24.9949984229755,3.7886610852017
530.474962404695,389.537864062035,3.53423811749205
78.6326592875709,78.9959650052211,5.31275066635436
7.29064276486779,75.4342252090925,3.29290759487787
586.205721984253,225.262369240313,4.03127345751414
437.645801802526,465.492518279802,4.75590666548298
656.812560348709,373.567911400296,3.16960661027792
107.082762573395,486.838678413324,4.42299086674661
626.308532667574,89.7920488016676,4.03158913783699
417.319401029562,257.267784442828,3.5894965173742
11.1854453584197,180.12840998455,3.20809992737333
69.4764554909424,121.377673990578,4.68033787084596
609.824721075387,205.009727582916,4.29675142914855
255.113860415585,222.206125185178,3.84106045588792
574.678965153964,436.733000169478,3.84934081934251
300.174745761611,137.781368323956,3.83167168477054
530.213318938686,458.293788874949,3.79873430473448
50.4525752709197,409.096173953535,4.17010017975293
196.667488908885,285.913822468686,3.73098239569921
547.859597208965,256.24159277092,3.70767646347876
170.650868445225,32.5080006286279,4.21782956404522
506.933943818693,348.088886550019,4.46741128171867
37.2466834717986,56.1383787448305,3.66299233352349
532.750731856045,152.900151864815,4.62569537312086
NA,NA,NA
662.970335845077,334.726280072101,3.55720356283191
454.225839056177,301.45714981999,3.54554829427086
11.163947592056,495.725048216204,3.60262083601186
558.977566959326,48.644576881674,4.20854616920619
70.0781155797381,370.855019131366,4.01489005308001
231.880767142366,415.018127496262,3.84375154792833
432.184041544246,11.7615385251462,3.19552125566888
366.009401613387,292.716153363002,2.99150611157575
604.560475277587,109.583034117399,4.10486798716059
393.712539564047,229.039698806655,4.25228684046397
564.073266848945,398.521711233557,4.74564010996536
140.843641477962,278.633474436081,4.63855886874758
200.33733255272,368.889181824738,4.06702826580878
125.288947320961,407.205458318544,3.30092250345408
626.940978401921,311.181683474269,4.53201217894468
7.51785313876591,150.693562480906,4.30386154962347
543.211920307897,203.26567344617,4.14775938849969
33.6964824076034,492.227489959908,3.15678953975185
278.79950986424,24.9949984229755,3.7886610852017
530.474962404695,389.537864062035,3.53423811749205
78.6326592875709,78.9959650052211,5.31275066635436
7.29064276486779,75.4342252090925,3.29290759487787
586.205721984253,225.262369240313,4.03127345751414
437.645801802526,465.492518279802,4.75590666548298
656.812560348709,373.567911400296,3.16960661027792
107.082762573395,486.838678413324,4.42299086674661
626.308532667574,89.7920488016676,4.03158913783699
417.319401029562,257.267784442828,3.5894965173742
11.1854453584197,180.12840998455,3.20809992737333
69.4764554909424,121.377673990578,4.68033787084596
609.824721075387,205.009727582916,4.29675142914855
255.113860415585,222.206125185178,3.84106045588792
574.678965153964,436.733000169478,3.84934081934251
300.174745761611,137.781368323956,3.83167168477054
530.213318938686,458.293788874949,3.79873430473448
50.4525752709197,409.096173953535,4.17010017975293
196.667488908885,285.913822468686,3.73098239569921
547.859597208965,256.24159277092,3.70767646347876
170.650868445225,32.5080006286279,4.21782956404522
506.933943818693,348.088886550019,4.46741128171867
37.2466834717986,56.1383787448305,3.66299233352349
532.750731856045,152.900151864815,4.62569537312086
NA,NA,NA
660.76918667545,330.470074913256,3.47196435310965
457.339200087664,296.877949139852,3.56174865192492
6.22179510372519,494.150510659689,3.63045872905994
564.011194055136,49.4488422877405,4.11015417243301
68.2003675943329,376.869697109288,4.04019033440588
227.519734891084,412.134699098444,3.92326379574244
428.183565544395,11.5522689237857,3.28273917992999
362.491929082289,292.075589200427,2.9638861592776
602.847997331787,103.944280294038,4.32016951821494
394.201567383161,225.515308544924,4.01079354428274
570.805638621987,407.401573931237,4.77473810811721
138.529252602041,282.183019040096,4.64881984962262
200.927066109417,367.81359899005,4.07714557892333
126.190415518941,414.230072653453,3.40063067220159
626.243112458184,312.478046725088,4.53898065633261
3.04824447932989,148.186171694378,4.39010308847025
541.508460843184,202.395673515987,4.14227430844511
32.6346209821506,491.716389354119,3.09352327000302
279.149545051511,21.9070796353231,3.75109754862204
533.934863112925,392.200881665597,3.49969361921444
77.5633518723686,75.7389738881472,5.16954849639208
6.1004233924538,77.2907990988657,3.43541995087908
589.7183941,227.609283925107,4.01177394308034
436.728231290352,457.92117245051,4.77556746190643
660.534649871014,371.933365023209,3.05220711541601
102.39802487587,490.826998225599,4.32910866997576
624.514809844002,86.6372376234658,4.10854563101951
419.554512579391,260.038476497275,3.7004053667373
11.4651387646684,180.779257196927,3.29776953019473
61.9263197225333,103.816654435318,4.49285979513986
598.568048499519,196.620178372444,4.42622483747909
255.888718897871,219.31250183815,3.62418091564184
569.816173752743,424.642868185522,3.89522458446995
299.910172337987,138.956258272532,3.64879244478802
515.001589604973,462.421779036896,3.81265434942001
54.8504521972134,419.396169440821,3.72727213032159
193.350926693158,292.189636770498,4.35259395093814
545.507020493866,278.73377089233,3.89631750495022
159.867186999893,27.2873542037187,4.30459505352371
499.208247213377,337.21585248226,4.77287577071223
43.8184897264096,50.988385600416,4.00383336472846
538.379945599781,140.483951274054,4.56829231185328
NA,NA,NA
660.76918667545,330.470074913256,3.47196435310965
457.339200087664,296.877949139852,3.56174865192492
6.22179510372519,494.150510659689,3.63045872905994
564.011194055136,49.4488422877405,4.11015417243301
68.2003675943329,376.869697109288,4.04019033440588
227.519734891084,412.134699098444,3.92326379574244
428.183565544395,11.5522689237857,3.28273917992999
362.491929082289,292.075589200427,2.9638861592776
602.847997331787,103.944280294038,4.32016951821494
394.201567383161,225.515308544924,4.01079354428274
570.805638621987,407.401573931237,4.77473810811721
138.529252602041,282.183019040096,4.64881984962262
200.927066109417,367.81359899005,4.07714557892333
126.190415518941,414.230072653453,3.40063067220159
626.243112458184,312.478046725088,4.53898065633261
3.04824447932989,148.186171694378,4.39010308847025
541.508460843184,202.395673515987,4.14227430844511
32.6346209821506,491.716389354119,3.09352327000302
279.149545051511,21.9070796353231,3.75109754862204
533.934863112925,392.200881665597,3.49969361921444
77.5633518723686,75.7389738881472,5.16954849639208
6.1004233924538,77.2907990988657,3.43541995087908
589.7183941,227.609283925107,4.01177394308034
436.728231290352,457.92117245051,4.77556746190643
660.534649871014,371.933365023209,3.05220711541601
102.39802487587,490.826998225599,4.32910866997576
624.514809844002,86.6372376234658,4.10854563101951
419.554512579391,260.038476497275,3.7004053667373
11.4651387646684,180.779257196927,3.29776953019473
61.9263197225333,103.816654435318,4.49285979513986
598.568048499519,196.620178372444,4.42622483747909
255.888718897871,219.31250183815,3.62418091564184
569.816173752743,424.642868185522,3.89522458446995
299.910172337987,138.956258272532,3.64879244478802
515.001589604973,462.421779036896,3.81265434942001
54.8504521972134,419.396169440821,3.72727213032159
193.350926693158,292.189636770498,4.35259395093814
545.507020493866,278.73377089233,3.89631750495022
159.867186999893,27.2873542037187,4.30459505352371
499.208247213377,337.21585248226,4.77287577071223
43.8184897264096,50.988385600416,4.00383336472846
538.379945599781,140.483951274054,4.56829231185328
NA,NA,NA
660.76918667545,330.470074913256,3.47196435310965
457.339200087664,296.877949139852,3.56174865192492
6.22179510372519,494.150510659689,3.63045872905994
564.011194055136,49.4488422877405,4.11015417243301
68.2003675943329,376.869697109288,4.04019033440588
227.519734891084,412.134699098444,3.92326379574244
428.183565544395,11.5522689237857,3.28273917992999
362.491929082289,292.075589200427,2.9638861592776
602.847997331787,103.944280294038,4.32016951821494
394.201567383161,225.515308544924,4.01079354428274
570.805638621987,407.401573931237,4.77473810811721
138.529252602041,282.183019040096,4.64881984962262
200.927066109417,367.81359899005,4.07714557892333
126.190415518941,414.230072653453,3.40063067220159
626.243112458184,312.478046725088,4.53898065633261
3.04824447932989,148.186171694378,4.39010308847025
541.508460843184,202.395673515987,4.14227430844511
32.6346209821506,491.716389354119,3.09352327000302
279.149545051511,21.9070796353231,3.75109754862204
533.934863112925,392.200881665597,3.49969361921444
77.5633518723686,75.7389738881472,5.16954849639208
6.1004233924538,77.2907990988657,3.43541995087908
589.7183941,227.609283925107,4.01177394308034
436.728231290352,457.92117245051,4.77556746190643
660.534649871014,371.933365023209,3.05220711541601
102.39802487587,490.826998225599,4.32910866997576
624.514809844002,86.6372376234658,4.10854563101951
419.554512579391,260.038476497275,3.7004053667373
11.4651387646684,180.779257196927,3.29776953019473
61.9263197225333,103.816654435318,4.49285979513986
598.568048499519,196.620178372444,4.42622483747909
255.888718897871,219.31250183815,3.62418091564184
569.816173752743,424.642868185522,3.89522458446995
299.910172337987,138.956258272532,3.64879244478802
515.001589604973,462.421779036896,3.81265434942001
54.8504521972134,419.396169440821,3.72727213032159
193.350926693158,292.189636770498,4.35259395093814
545.507020493866,278.73377089233,3.89631750495022
159.867186999893,27.2873542037187,4.30459505352371
499.208247213377,337.21585248226,4.77287577071223
43.8184897264096,50.988385600416,4.00383336472846
538.379945599781,140.483951274054,4.56829231185328
NA,NA,NA
660.76918667545,330.470074913256,3.47196435310965
457.339200087664,296.877949139852,3.56174865192492
6.22179510372519,494.150510659689,3.63045872905994
564.011194055136,49.4488422877405,4.11015417243301
68.2003675943329,376.869697109288,4.04019033440588
227.519734891084,412.134699098444,3.92326379574244
428.183565544395,11.5522689237857,3.28273917992999
362.491929082289,292.075589200427,2.9638861592776
602.847997331787,103.944280294038,4.32016951821494
394.201567383161,225.515308544924,4.01079354428274
570.805638621987,407.401573931237,4.77473810811721
138.529252602041,282.183019040096,4.64881984962262
200.927066109417,367.81359899005,4.07714557892333
126.190415518941,414.230072653453,3.40063067220159
626.243112458184,312.478046725088,4.53898065633261
3.04824447932989,148.186171694378,4.39010308847025
541.508460843184,202.395673515987,4.14227430844511
32.6346209821506,491.716389354119,3.09352327000302
279.149545051511,21.9070796353231,3.75109754862204
533.934863112925,392.200881665597,3.49969361921444
77.5633518723686,75.7389738881472,5.16954849639208
6.1004233924538,77.2907990988657,3.43541995087908
589.7183941,227.609283925107,4.01177394308034
436.728231290352,457.92117245051,4.77556746190643
660.534649871014,371.933365023209,3.05220711541601
102.39802487587,490.826998225599,4.32910866997576
624.514809844002,86.6372376234658,4.10854563101951
419.554512579391,260.038476497275,3.7004053667373
11.4651387646684,180.779257196927,3.29776953019473
61.9263197225333,103.816654435318,4.49285979513986
598.568048499519,196.620178372444,4.42622483747909
255.888718897871,219.31250183815,3.62418091564184
569.816173752743,424.642868185522,3.89522458446995
299.910172337987,138.956258272532,3.64879244478802
515.001589604973,462.421779036896,3.81265434942001
54.8504521972134,419.396169440821,3.72727213032159
193.350926693158,292.189636770498,4.35259395093814
545.507020493866,278.73377089233,3.89631750495022
159.867186999893,27.2873542037187,4.30459505352371
499.208247213377,337.21585248226,4.77287577071223
43.8184897264096,50.988385600416,4.00383336472846
538.379945599781,140.483951274054,4.56829231185328
NA,NA,NA
660.76918667545,330.470074913256,3.47196435310965
457.339200087664,296.877949139852,3.56174865192492
6.22179510372519,494.150510659689,3.63045872905994
564.011194055136,49.4488422877405,4.11015417243301
68.2003675943329,376.869697109288,4.04019033440588
227.519734891084,412.134699098444,3.92326379574244
428.183565544395,11.5522689237857,3.28273917992999
362.491929082289,292.075589200427,2.9638861592776
602.847997331787,103.944280294038,4.32016951821494
394.201567383161,225.515308544924,4.01079354428274
570.805638621987,407.401573931237,4.77473810811721
138.529252602041,282.183019040096,4.64881984962262
200.927066109417,367.81359899005,4.07714557892333
126.190415518941,414.230072653453,3.40063067220159
626.243112458184,312.478046725088,4.53898065633261
3.04824447932989,148.186171694378,4.39010308847025
541.508460843184,202.395673515987,4.14227430844511
32.6346209821506,491.716389354119,3.09352327000302
279.149545051511,21.9070796353231,3.75109754862204
533.934863112925,392.200881665597,3.49969361921444
77.5633518723686,75.7389738881472,5.16954849639208
6.1004233924538,77.2907990988657,3.43541995087908
589.7183941,227.609283925107,4.01177394308034
436.728231290352,457.92117245051,4.77556746190643
660.534649871014,371.933365023209,3.05220711541601
102.39802487587,490.826998225599,4.32910866997576
624.514809844002,86.6372376234658,4.10854563101951
419.554512579391,260.038476497275,3.7004053667373
11.4651387646684,180.779257196927,3.29776953019473
61.9263197225333,103.816654435318,4.49285979513986
598.568048499519,196.620178372444,4.42622483747909
255.888718897871,219.31250183815,3.62418091564184
569.816173752743,424.642868185522,3.89522458446995
299.910172337987,138.956258272532,3.64879244478802
515.001589604973,462.421779036896,3.81265434942001
54.8504521972134,419.396169440821,3.72727213032159
193.350926693158,292.189636770498,4.35259395093814
545.507020493866,278.73377089233,3.89631750495022
159.867186999893,27.2873542037187,4.30459505352371
499.208247213377,337.21585248226,4.77287577071223
43.8184897264096,50.988385600416,4.00383336472846
538.379945599781,140.483951274054,4.56829231185328
NA,NA,NA
660.76918667545,330.470074913256,3.47196435310965
457.339200087664,296.877949139852,3.56174865192492
6.22179510372519,494.150510659689,3.63045872905994
564.011194055136,49.4488422877405,4.11015417243301
68.2003675943329,376.869697109288,4.04019033440588
227.519734891084,412.134699098444,3.92326379574244
428.183565544395,11.5522689237857,3.28273917992999
362.491929082289,292.075589200427,2.9638861592776
602.847997331787,103.944280294038,4.32016951821494
394.201567383161,225.515308544924,4.01079354428274
570.805638621987,407.401573931237,4.77473810811721
138.529252602041,282.183019040096,4.64881984962262
200.927066109417,367.81359899005,4.07714557892333
126.190415518941,414.230072653453,3.40063067220159
626.243112458184,312.478046725088,4.53898065633261
3.04824447932989,148.186171694378,4.39010308847025
541.508460843184,202.395673515987,4.14227430844511
32.6346209821506,491.716389354119,3.09352327000302
279.149545051511,21.9070796353231,3.75109754862204
533.934863112925,392.200881665597,3.49969361921444
77.5633518723686,75.7389738881472,5.16954849639208
6.1004233924538,77.2907990988657,3.43541995087908
589.7183941,227.609283925107,4.01177394308034
436.728231290352,457.92117245051,4.77556746190643
660.534649871014,371.933365023209,3.05220711541601
102.39802487587,490.826998225599,4.32910866997576
624.514809844002,86.6372376234658,4.10854563101951
419.554512579391,260.038476497275,3.7004053667373
11.4651387646684,180.779257196927,3.29776953019473
61.9263197225333,103.816654435318,4.49285979513986
598.568048499519,196.620178372444,4.42622483747909
255.888718897871,219.31250183815,3.62418091564184
569.816173752743,424.642868185522,3.89522458446995
299.910172337987,138.956258272532,3.64879244478802
515.001589604973,462.421779036896,3.81265434942001
54.8504521972134,419.396169440821,3.72727213032159
193.350926693158,292.189636770498,4.35259395093814
545.507020493866,278.73377089233,3.89631750495022
159.867186999893,27.2873542037187,4.30459505352371
499.208247213377,337.21585248226,4.77287577071223
43.8184897264096,50.988385600416,4.00383336472846
538.379945599781,140.483951274054,4.56829231185328
NA,NA,NA
662.376671302764,335.188860699459,3.47330865434193
450.181222488547,299.298576692558,3.64800901481513
12.8168545378079,501.831749697598,3.60507023624209
562.377838151633,50.6483804885258,4.16912955762134
72.2803763222856,372.168615619256,4.02203671927143
227.475357474107,417.755142314553,3.89271224259982
428.197572056294,13.636617641293,3.27514435509392
362.635202134495,292.415622193693,3.30977248296186
602.627576535209,107.879348389395,4.29351703227356
393.710022407885,227.939811930062,4.16694585753299
569.093853440991,404.520887971713,4.64636219517697
141.278396067131,279.214201015303,4.66382742653669
205.041737715027,371.508655424273,4.08019807265329
124.545181867811,409.975529575749,3.33968800453499
626.968945034859,311.850668363866,4.57361036436794
4.37776833873175,144.626566936194,4.36860591864513
539.271652318781,201.895283487846,4.30241158635765
33.1226355105611,493.811619705211,3.09893313183865
274.952314405957,22.0473852106047,3.76204770261394
533.425518978928,395.873893235473,3.36162400256694
73.1431969281812,77.6548618246268,5.24200958986499
2.72864786636398,75.101223107095,3.32241345150462
583.790028931069,221.50531906497,3.90584378200707
440.685178811436,461.275943464209,4.76453624222102
657.525833726913,373.475585017403,3.10187102027716
101.924890170972,493.541238652424,4.31321745534325
622.990482254546,88.4662885999151,4.04147922136412
417.844767869863,261.626653930463,3.65720358776401
10.954770068287,182.551668433979,3.23222597303838
57.4457402381711,110.978789990732,4.39295846897783
606.716745511946,200.815086021732,4.18310277472302
256.516191016636,219.415193977336,4.08050411397708
566.412368395419,431.351609019995,3.790730919515
298.873686591085,139.529024139555,3.81873413139571
531.75317553973,455.801555280016,3.64441586351389
49.6816678664822,414.429779873302,3.70283655409522
203.885912892652,280.759305010037,3.87753572406463
546.861429324165,264.440411481926,3.89109800401663
175.329085122144,41.4660674672022,4.34518635283328
497.732172784357,341.692470354749,4.56069715478838
44.2380111330648,50.745292602839,3.97193614121636
529.340515371237,152.673621800394,4.60621338466284
NA,NA,NA
662.376671302764,335.188860699459,3.47330865434193
450.181222488547,299.298576692558,3.64800901481513
12.8168545378079,501.831749697598,3.60507023624209
562.377838151633,50.6483804885258,4.16912955762134
72.2803763222856,372.168615619256,4.02203671927143
227.475357474107,417.755142314553,3.89271224259982
428.197572056294,13.636617641293,3.27514435509392
362.635202134495,292.415622193693,3.30977248296186
602.627576535209,107.879348389395,4.29351703227356
393.710022407885,227.939811930062,4.16694585753299
569.093853440991,404.520887971713,4.64636219517697
141.278396067131,279.214201015303,4.66382742653669
205.041737715027,371.508655424273,4.08019807265329
124.545181867811,409.975529575749,3.33968800453499
626.968945034859,311.850668363866,4.57361036436794
4.37776833873175,144.626566936194,4.36860591864513
539.271652318781,201.895283487846,4.30241158635765
33.1226355105611,493.811619705211,3.09893313183865
274.952314405957,22.0473852106047,3.76204770261394
533.425518978928,395.873893235473,3.36162400256694
73.1431969281812,77.6548618246268,5.24200958986499
2.72864786636398,75.101223107095,3.32241345150462
583.790028931069,221.50531906497,3.90584378200707
440.685178811436,461.275943464209,4.76453624222102
657.525833726913,373.475585017403,3.10187102027716
101.924890170972,493.541238652424,4.31321745534325
622.990482254546,88.4662885999151,4.04147922136412
417.844767869863,261.626653930463,3.65720358776401
10.954770068287,182.551668433979,3.23222597303838
57.4457402381711,110.978789990732,4.39295846897783
606.716745511946,200.815086021732,4.18310277472302
256.516191016636,219.415193977336,4.08050411397708
566.412368395419,431.351609019995,3.790730919515
298.873686591085,139.529024139555,3.81873413139571
531.75317553973,455.801555280016,3.64441586351389
49.6816678664822,414.429779873302,3.70283655409522
203.885912892652,280.759305010037,3.87753572406463
546.861429324165,264.440411481926,3.89109800401663
175.329085122144,41.4660674672022,4.34518635283328
497.732172784357,341.692470354749,4.56069715478838
44.2380111330648,50.745292602839,3.97193614121636
529.340515371237,152.673621800394,4.60621338466284
NA,NA,NA
662.376671302764,335.188860699459,3.47330865434193
450.181222488547,299.298576692558,3.64800901481513
12.8168545378079,501.831749697598,3.60507023624209
562.377838151633,50.6483804885258,4.16912955762134
72.2803763222856,372.168615619256,4.02203671927143
227.475357474107,417.755142314553,3.89271224259982
428.197572056294,13.636617641293,3.27514435509392
362.635202134495,292.415622193693,3.30977248296186
602.627576535209,107.879348389395,4.29351703227356
393.710022407885,227.939811930062,4.16694585753299
569.093853440991,404.520887971713,4.64636219517697
141.278396067131,279.214201015303,4.66382742653669
205.041737715027,371.508655424273,4.08019807265329
124.545181867811,409.975529575749,3.33968800453499
626.968945034859,311.850668363866,4.57361036436794
4.37776833873175,144.626566936194,4.36860591864513
539.271652318781,201.895283487846,4.30241158635765
33.1226355105611,493.811619705211,3.09893313183865
274.952314405957,22.0473852106047,3.76204770261394
533.425518978928,395.873893235473,3.36162400256694
73.1431969281812,77.6548618246268,5.24200958986499
2.72864786636398,75.101223107095,3.32241345150462
583.790028931069,221.50531906497,3.90584378200707
440.685178811436,461.275943464209,4.76453624222102
657.525833726913,373.475585017403,3.10187102027716
101.924890170972,493.541238652424,4.31321745534325
622.990482254546,88.4662885999151,4.04147922136412
417.844767869863,261.626653930463,3.65720358776401
10.954770068287,182.551668433979,3.23222597303838
57.4457402381711,110.978789990732,4.39295846897783
606.716745511946,200.815086021732,4.18310277472302
256.516191016636,219.415193977336,4.08050411397708
566.412368395419,431.351609019995,3.790730919515
298.873686591085,139.529024139555,3.81873413139571
531.75317553973,455.801555280016,3.64441586351389
49.6816678664822,414.429779873302,3.70283655409522
203.885912892652,280.759305010037,3.87753572406463
546.861429324165,264.440411481926,3.89109800401663
175.329085122144,41.4660674672022,4.34518635283328
497.732172784357,341.692470354749,4.56069715478838
44.2380111330648,50.745292602839,3.97193614121636
529.340515371237,152.673621800394,4.60621338466284
NA,NA,NA
662.376671302764,335.188860699459,3.47330865434193
450.181222488547,299.298576692558,3.64800901481513
12.8168545378079,501.831749697598,3.60507023624209
562.377838151633,50.6483804885258,4.16912955762134
72.2803763222856,372.168615619256,4.02203671927143
227.475357474107,417.755142314553,3.89271224259982
428.197572056294,13.636617641293,3.27514435509392
362.635202134495,292.415622193693,3.30977248296186
602.627576535209,107.879348389395,4.29351703227356
393.710022407885,227.939811930062,4.16694585753299
569.093853440991,404.520887971713,4.64636219517697
141.278396067131,279.214201015303,4.66382742653669
205.041737715027,371.508655424273,4.08019807265329
124.545181867811,409.975529575749,3.33968800453499
626.968945034859,311.850668363866,4.57361036436794
4.37776833873175,144.626566936194,4.36860591864513
539.271652318781,201.895283487846,4.30241158635765
33.1226355105611,493.811619705211,3.09893313183865
274.952314405957,22.0473852106047,3.76204770261394
533.425518978928,395.873893235473,3.36162400256694
73.1431969281812,77.6548618246268,5.24200958986499
2.72864786636398,75.101223107095,3.32241345150462
583.790028931069,221.50531906497,3.90584378200707
440.685178811436,461.275943464209,4.76453624222102
657.525833726913,373.475585017403,3.10187102027716
101.924890170972,493.541238652424,4.31321745534325
622.990482254546,88.4662885999151,4.04147922136412
417.844767869863,261.626653930463,3.65720358776401
10.954770068287,182.551668433979,3.23222597303838
57.4457402381711,110.978789990732,4.39295846897783
606.716745511946,200.815086021732,4.18310277472302
256.516191016636,219.415193977336,4.08050411397708
566.412368395419,431.351609019995,3.790730919515
298.873686591085,139.529024139555,3.81873413139571
531.75317553973,455.801555280016,3.64441586351389
49.6816678664822,414.429779873302,3.70283655409522
203.885912892652,280.759305010037,3.87753572406463
546.861429324165,264.440411481926,3.89109800401663
175.329085122144,41.4660674672022,4.34518635283328
497.732172784357,341.692470354749,4.56069715478838
44.2380111330648,50.745292602839,3.97193614121636
529.340515371237,152.673621800394,4.60621338466284
NA,NA,NA
662.376671302764,335.188860699459,3.47330865434193
450.181222488547,299.298576692558,3.64800901481513
12.8168545378079,501.831749697598,3.60507023624209
562.377838151633,50.6483804885258,4.16912955762134
72.2803763222856,372.168615619256,4.02203671927143
227.475357474107,417.755142314553,3.89271224259982
428.197572056294,13.636617641293,3.27514435509392
362.635202134495,292.415622193693,3.30977248296186
602.627576535209,107.879348389395,4.29351703227356
393.710022407885,227.939811930062,4.16694585753299
569.093853440991,404.520887971713,4.64636219517697
141.278396067131,279.214201015303,4.66382742653669
205.041737715027,371.508655424273,4.08019807265329
124.545181867811,409.975529575749,3.33968800453499
626.968945034859,311.850668363866,4.57361036436794
4.37776833873175,144.626566936194,4.36860591864513
539.271652318781,201.895283487846,4.30241158635765
33.1226355105611,493.811619705211,3.09893313183865
274.952314405957,22.0473852106047,3.76204770261394
533.425518978928,395.873893235473,3.36162400256694
73.1431969281812,77.6548618246268,5.24200958986499
2.72864786636398,75.101223107095,3.32241345150462
583.790028931069,221.50531906497,3.90584378200707
440.685178811436,461.275943464209,4.76453624222102
657.525833726913,373.475585017403,3.10187102027716
101.924890170972,493.541238652424,4.31321745534325
622.990482254546,88.4662885999151,4.04147922136412
417.844767869863,261.626653930463,3.65720358776401
10.954770068287,182.551668433979,3.23222597303838
57.4457402381711,110.978789990732,4.39295846897783
606.716745511946,200.815086021732,4.18310277472302
256.516191016636,219.415193977336,4.08050411397708
566.412368395419,431.351609019995,3.790730919515
298.873686591085,139.529024139555,3.81873413139571
531.75317553973,455.801555280016,3.64441586351389
49.6816678664822,414.429779873302,3.70283655409522
203.885912892652,280.759305010037,3.87753572406463
546.861429324165,264.440411481926,3.89109800401663
175.329085122144,41.4660674672022,4.34518635283328
497.732172784357,341.692470354749,4.56069715478838
44.2380111330648,50.745292602839,3.97193614121636
529.340515371237,152.673621800394,4.60621338466284
NA,NA,NA
662.376671302764,335.188860699459,3.47330865434193
450.181222488547,299.298576692558,3.64800901481513
12.8168545378079,501.831749697598,3.60507023624209
562.377838151633,50.6483804885258,4.16912955762134
72.2803763222856,372.168615619256,4.02203671927143
227.475357474107,417.755142314553,3.89271224259982
428.197572056294,13.636617641293,3.27514435509392
362.635202134495,292.415622193693,3.30977248296186
602.627576535209,107.879348389395,4.29351703227356
393.710022407885,227.939811930062,4.16694585753299
569.093853440991,404.520887971713,4.64636219517697
141.278396067131,279.214201015303,4.66382742653669
205.041737715027,371.508655424273,4.08019807265329
124.545181867811,409.975529575749,3.33968800453499
626.968945034859,311.850668363866,4.57361036436794
4.37776833873175,144.626566936194,4.36860591864513
539.271652318781,201.895283487846,4.30241158635765
33.1226355105611,493.811619705211,3.09893313183865
274.952314405957,22.0473852106047,3.76204770261394
533.425518978928,395.873893235473,3.36162400256694
73.1431969281812,77.6548618246268,5.24200958986499
2.72864786636398,75.101223107095,3.32241345150462
583.790028931069,221.50531906497,3.90584378200707
440.685178811436,461.275943464209,4.76453624222102
657.525833726913,373.475585017403,3.10187102027716
101.924890170972,493.541238652424,4.31321745534325
622.990482254546,88.4662885999151,4.04147922136412
417.844767869863,261.626653930463,3.65720358776401
10.954770068287,182.551668433979,3.23222597303838
57.4457402381711,110.978789990732,4.39295846897783
606.716745511946,200.815086021732,4.18310277472302
256.516191016636,219.415193977336,4.08050411397708
566.412368395419,431.351609019995,3.790730919515
298.873686591085,139.529024139555,3.81873413139571
531.75317553973,455.801555280016,3.64441586351389
49.6816678664822,414.429779873302,3.70283655409522
203.885912892652,280.759305010037,3.87753572406463
546.861429324165,264.440411481926,3.89109800401663
175.329085122144,41.4660674672022,4.34518635283328
497.732172784357,341.692470354749,4.56069715478838
44.2380111330648,50.745292602839,3.97193614121636
529.340515371237,152.673621800394,4.60621338466284
NA,NA,NA
661.893592719463,334.596241397915,3.43946521965666
457.025480043014,296.752165755374,3.4556397040243
10.970656028246,493.613371812515,3.53208068897024
561.040982435263,49.8900527529774,4.14895003278728
70.0105429938532,374.722849910846,4.00096489667945
231.223035865581,413.564834691978,3.87229056277279
430.435078317848,10.7844788199147,3.20581646843447
361.297430631463,293.940519416966,2.97791137315844
605.532953015791,107.003549324106,4.26105131363625
395.302263310308,227.885642685387,4.1902043036606
568.504486687346,409.493979015548,4.73039433117806
140.194559090613,284.654434865697,4.5528905783419
196.609151955233,371.076555461549,4.06782230114198
123.387628991008,414.280887229843,3.51946979219364
632.750276014745,314.551250697465,4.68068798073959
3.84729027114297,143.40344425202,4.15981365632169
544.552029207685,203.055896998055,4.24620944552975
34.4642872509414,492.656710589434,2.94265460468974
277.256535905564,19.2249307052871,3.82551043033929
533.437944544802,392.809586234211,3.38347872254105
68.6898510576299,81.9801251465645,5.28838164440021
5.69397995156962,80.2496331223417,3.49048736986363
591.412546365878,226.041092878109,4.10569506555543
438.549561534119,468.273037341802,4.79637047172165
659.497121657336,371.207050095055,2.94955486175369
102.078048004401,491.855834576623,4.37854263164683
622.957091932376,93.6137673197017,4.0897954887601
419.99789439271,260.475224891962,3.73832225946445
11.3627306054906,182.020930376018,3.34676860814919
64.7950166328614,111.501311010427,4.51635637672607
608.043955793905,211.340966080126,4.26090604389043
257.358942704943,210.141732215352,3.85269774053519
577.604772490986,436.606073327819,3.69989717625567
302.851341144622,133.631694019628,3.94203105194494
533.966983643123,454.536752808292,3.60928745827053
55.5705476014864,422.146486139199,3.97740615357722
206.258230534152,298.406369098004,4.19909161984947
556.562440346934,253.209703240438,3.74639318134979
159.376874718711,23.01300398563,4.26655039329813
499.12383075931,345.186484206027,4.6285696439494
36.2036519548542,54.9899095582887,4.38077514573142
538.372763508362,153.923882934554,4.29006142226142
NA,NA,NA
661.893592719463,334.596241397915,3.43946521965666
457.025480043014,296.752165755374,3.4556397040243
10.970656028246,493.613371812515,3.53208068897024
561.040982435263,49.8900527529774,4.14895003278728
70.0105429938532,374.722849910846,4.00096489667945
231.223035865581,413.564834691978,3.87229056277279
430.435078317848,10.7844788199147,3.20581646843447
361.297430631463,293.940519416966,2.97791137315844
605.532953015791,107.003549324106,4.26105131363625
395.302263310308,227.885642685387,4.1902043036606
568.504486687346,409.493979015548,4.73039433117806
140.194559090613,284.654434865697,4.5528905783419
196.609151955233,371.076555461549,4.06782230114198
123.387628991008,414.280887229843,3.51946979219364
632.750276014745,314.551250697465,4.68068798073959
3.84729027114297,143.40344425202,4.15981365632169
544.552029207685,203.055896998055,4.24620944552975
34.4642872509414,492.656710589434,2.94265460468974
277.256535905564,19.2249307052871,3.82551043033929
533.437944544802,392.809586234211,3.38347872254105
68.6898510576299,81.9801251465645,5.28838164440021
5.69397995156962,80.2496331223417,3.49048736986363
591.412546365878,226.041092878109,4.10569506555543
438.549561534119,468.273037341802,4.79637047172165
659.497121657336,371.207050095055,2.94955486175369
102.078048004401,491.855834576623,4.37854263164683
622.957091932376,93.6137673197017,4.0897954887601
419.99789439271,260.475224891962,3.73832225946445
11.3627306054906,182.020930376018,3.34676860814919
64.7950166328614,111.501311010427,4.51635637672607
608.043955793905,211.340966080126,4.26090604389043
257.358942704943,210.141732215352,3.85269774053519
577.604772490986,436.606073327819,3.69989717625567
302.851341144622,133.631694019628,3.94203105194494
533.966983643123,454.536752808292,3.60928745827053
55.5705476014864,422.146486139199,3.97740615357722
206.258230534152,298.406369098004,4.19909161984947
556.562440346934,253.209703240438,3.74639318134979
159.376874718711,23.01300398563,4.26655039329813
499.12383075931,345.186484206027,4.6285696439494
36.2036519548542,54.9899095582887,4.38077514573142
538.372763508362,153.923882934554,4.29006142226142
NA,NA,NA
661.893592719463,334.596241397915,3.43946521965666
457.025480043014,296.752165755374,3.4556397040243
10.970656028246,493.613371812515,3.53208068897024
561.040982435263,49.8900527529774,4.14895003278728
70.0105429938532,374.722849910846,4.00096489667945
231.223035865581,413.564834691978,3.87229056277279
430.435078317848,10.7844788199147,3.20581646843447
361.297430631463,293.940519416966,2.97791137315844
605.532953015791,107.003549324106,4.26105131363625
395.302263310308,227.885642685387,4.1902043036606
568.504486687346,409.493979015548,4.73039433117806
140.194559090613,284.654434865697,4.5528905783419
196.609151955233,371.076555461549,4.06782230114198
123.387628991008,414.280887229843,3.51946979219364
632.750276014745,314.551250697465,4.68068798073959
3.84729027114297,143.40344425202,4.15981365632169
544.552029207685,203.055896998055,4.24620944552975
34.4642872509414,492.656710589434,2.94265460468974
277.256535905564,19.2249307052871,3.82551043033929
533.437944544802,392.809586234211,3.38347872254105
68.6898510576299,81.9801251465645,5.28838164440021
5.69397995156962,80.2496331223417,3.49048736986363
591.412546365878,226.041092878109,4.10569506555543
438.549561534119,468.273037341802,4.79637047172165
659.497121657336,371.207050095055,2.94955486175369
102.078048004401,491.855834576623,4.37854263164683
622.957091932376,93.6137673197017,4.0897954887601
419.99789439271,260.475224891962,3.73832225946445
11.3627306054906,182.020930376018,3.34676860814919
64.7950166328614,111.501311010427,4.51635637672607
608.043955793905,211.340966080126,4.26090604389043
257.358942704943,210.141732215352,3.85269774053519
577.604772490986,436.606073327819,3.69989717625567
302.851341144622,133.631694019628,3.94203105194494
533.966983643123,454.536752808292,3.60928745827053
55.5705476014864,422.146486139199,3.97740615357722
206.258230534152,298.406369098004,4.19909161984947
556.562440346934,253.209703240438,3.74639318134979
159.376874718711,23.01300398563,4.26655039329813
499.12383075931,345.186484206027,4.6285696439494
36.2036519548542,54.9899095582887,4.38077514573142
538.372763508362,153.923882934554,4.29006142226142
NA,NA,NA
661.893592719463,334.596241397915,3.43946521965666
457.025480043014,296.752165755374,3.4556397040243
10.970656028246,493.613371812515,3.53208068897024
561.040982435263,49.8900527529774,4.14895003278728
70.0105429938532,374.722849910846,4.00096489667945
231.223035865581,413.564834691978,3.87229056277279
430.435078317848,10.7844788199147,3.20581646843447
361.297430631463,293.940519416966,2.97791137315844
605.532953015791,107.003549324106,4.26105131363625
395.302263310308,227.885642685387,4.1902043036606
568.504486687346,409.493979015548,4.73039433117806
140.194559090613,284.654434865697,4.5528905783419
196.609151955233,371.076555461549,4.06782230114198
123.387628991008,414.280887229843,3.51946979219364
632.750276014745,314.551250697465,4.68068798073959
3.84729027114297,143.40344425202,4.15981365632169
544.552029207685,203.055896998055,4.24620944552975
34.4642872509414,492.656710589434,2.94265460468974
277.256535905564,19.2249307052871,3.82551043033929
533.437944544802,392.809586234211,3.38347872254105
68.6898510576299,81.9801251465645,5.28838164440021
5.69397995156962,80.2496331223417,3.49048736986363
591.412546365878,226.041092878109,4.10569506555543
438.549561534119,468.273037341802,4.79637047172165
659.497121657336,371.207050095055,2.94955486175369
102.078048004401,491.855834576623,4.37854263164683
622.957091932376,93.6137673197017,4.0897954887601
419.99789439271,260.475224891962,3.73832225946445
11.3627306054906,182.020930376018,3.34676860814919
64.7950166328614,111.501311010427,4.51635637672607
608.043955793905,211.340966080126,4.26090604389043
257.358942704943,210.141732215352,3.85269774053519
577.604772490986,436.606073327819,3.69989717625567
302.851341144622,133.631694019628,3.94203105194494
533.966983643123,454.536752808292,3.60928745827053
55.5705476014864,422.146486139199,3.97740615357722
206.258230534152,298.406369098004,4.19909161984947
556.562440346934,253.209703240438,3.74639318134979
159.376874718711,23.01300398563,4.26655039329813
499.12383075931,345.186484206027,4.6285696439494
36.2036519548542,54.9899095582887,4.38077514573142
538.372763508362,153.923882934554,4.29006142226142
NA,NA,NA
661.893592719463,334.596241397915,3.43946521965666
457.025480043014,296.752165755374,3.4556397040243
10.970656028246,493.613371812515,3.53208068897024
561.040982435263,49.8900527529774,4.14895003278728
70.0105429938532,374.722849910846,4.00096489667945
231.223035865581,413.564834691978,3.87229056277279
430.435078317848,10.7844788199147,3.20581646843447
361.297430631463,293.940519416966,2.97791137315844
605.532953015791,107.003549324106,4.26105131363625
395.302263310308,227.885642685387,4.1902043036606
568.504486687346,409.493979015548,4.73039433117806
140.194559090613,284.654434865697,4.5528905783419
196.609151955233,371.076555461549,4.06782230114198
123.387628991008,414.280887229843,3.51946979219364
632.750276014745,314.551250697465,4.68068798073959
3.84729027114297,143.40344425202,4.15981365632169
544.552029207685,203.055896998055,4.24620944552975
34.4642872509414,492.656710589434,2.94265460468974
277.256535905564,19.2249307052871,3.82551043033929
533.437944544802,392.809586234211,3.38347872254105
68.6898510576299,81.9801251465645,5.28838164440021
5.69397995156962,80.2496331223417,3.49048736986363
591.412546365878,226.041092878109,4.10569506555543
438.549561534119,468.273037341802,4.79637047172165
659.497121657336,371.207050095055,2.94955486175369
102.078048004401,491.855834576623,4.37854263164683
622.957091932376,93.6137673197017,4.0897954887601
419.99789439271,260.475224891962,3.73832225946445
11.3627306054906,182.020930376018,3.34676860814919
64.7950166328614,111.501311010427,4.51635637672607
608.043955793905,211.340966080126,4.26090604389043
257.358942704943,210.141732215352,3.85269774053519
577.604772490986,436.606073327819,3.69989717625567
302.851341144622,133.631694019628,3.94203105194494
533.966983643123,454.536752808292,3.60928745827053
55.5705476014864,422.146486139199,3.97740615357722
206.258230534152,298.406369098004,4.19909161984947
556.562440346934,253.209703240438,3.74639318134979
159.376874718711,23.01300398563,4.26655039329813
499.12383075931,345.186484206027,4.6285696439494
36.2036519548542,54.9899095582887,4.38077514573142
538.372763508362,153.923882934554,4.29006142226142
NA,NA,NA
661.893592719463,334.596241397915,3.43946521965666
457.025480043014,296.752165755374,3.4556397040243
10.970656028246,493.613371812515,3.53208068897024
561.040982435263,49.8900527529774,4.14895003278728
70.0105429938532,374.722849910846,4.00096489667945
231.223035865581,413.564834691978,3.87229056277279
430.435078317848,10.7844788199147,3.20581646843447
361.297430631463,293.940519416966,2.97791137315844
605.532953015791,107.003549324106,4.26105131363625
395.302263310308,227.885642685387,4.1902043036606
568.504486687346,409.493979015548,4.73039433117806
140.194559090613,284.654434865697,4.5528905783419
196.609151955233,371.076555461549,4.06782230114198
123.387628991008,414.280887229843,3.51946979219364
632.750276014745,314.551250697465,4.68068798073959
3.84729027114297,143.40344425202,4.15981365632169
544.552029207685,203.055896998055,4.24620944552975
34.4642872509414,492.656710589434,2.94265460468974
277.256535905564,19.2249307052871,3.82551043033929
533.437944544802,392.809586234211,3.38347872254105
68.6898510576299,81.9801251465645,5.28838164440021
5.69397995156962,80.2496331223417,3.49048736986363
591.412546365878,226.041092878109,4.10569506555543
438.549561534119,468.273037341802,4.79637047172165
659.497121657336,371.207050095055,2.94955486175369
102.078048004401,491.855834576623,4.37854263164683
622.957091932376,93.6137673197017,4.0897954887601
419.99789439271,260.475224891962,3.73832225946445
11.3627306054906,182.020930376018,3.34676860814919
64.7950166328614,111.501311010427,4.51635637672607
608.043955793905,211.340966080126,4.26090604389043
257.358942704943,210.141732215352,3.85269774053519
577.604772490986,436.606073327819,3.69989717625567
302.851341144622,133.631694019628,3.94203105194494
533.966983643123,454.536752808292,3.60928745827053
55.5705476014864,422.146486139199,3.97740615357722
206.258230534152,298.406369098004,4.19909161984947
556.562440346934,253.209703240438,3.74639318134979
159.376874718711,23.01300398563,4.26655039329813
499.12383075931,345.186484206027,4.6285696439494
36.2036519548542,54.9899095582887,4.38077514573142
538.372763508362,153.923882934554,4.29006142226142
NA,NA,NA
668.609894670307,339.410987463399,3.39402730943779
456.048525598088,297.159455528203,3.62361254234827
18.4663600977575,493.124546628669,3.62823635713497
562.397231023122,53.3542997364026,4.14975892113851
71.9396375870774,376.176815361201,4.14809809460488
233.037930225223,412.262644047564,3.82598884633069
425.970017447898,12.765436632769,3.38495332644466
362.630584391335,291.670920081349,3.07987867066349
606.311837377505,104.316780979762,4.17143144731795
391.940405132297,230.164206358847,4.27125611379965
568.683332184666,409.887041136999,4.73803956433708
142.372000936967,280.594539827695,4.50133881073601
200.316748914041,372.506222262279,4.07933195902233
125.157096208796,411.457908529785,3.37603428224176
630.277625355421,310.901320696104,4.60927784113597
0.338807454212085,150.625302318306,4.24226672356226
537.404299122673,207.639163621212,4.12639514629764
34.3539046199776,490.352790252488,3.08039649016333
280.811610807016,22.7647859833713,3.94885474357159
533.980074891969,389.416945656593,3.47152478274555
69.0317101777311,75.0667137742626,5.2217553727293
5.46649986065656,76.8338928157479,3.4030400483797
589.941191917803,219.197175472216,4.07993073252493
439.937259214813,460.316582853344,4.88393020918386
657.665350002786,373.12789396787,3.05228168529269
107.898371560645,485.070575679016,4.32473083958593
623.47147559411,87.9590153043806,4.05463157585231
419.161696032994,260.158368953405,3.66996701656921
9.7877201211364,180.895628367368,3.17748018156631
62.0794939902893,122.850887503189,4.45860014277485
612.263045275626,209.515259369477,4.23234924491929
248.256586590494,216.984697096393,3.95600969343595
579.465250829631,426.246097358825,4.05243243820167
296.722755324912,139.829204240567,3.88299120733308
529.16328571969,459.257890121344,3.47828126687078
39.0960680800405,413.479026345221,3.99532639010451
205.28170448126,285.066408485736,3.79098883004376
543.288101135476,252.502299722234,3.73539534575474
168.372795312815,33.1861803152665,4.51392524671158
494.00962974416,348.122720509856,4.60038515193676
35.9941016635828,40.0435687531116,3.32884387135785
528.418976667059,158.850913953013,4.44558730383854
NA,NA,NA
668.609894670307,339.410987463399,3.39402730943779
456.048525598088,297.159455528203,3.62361254234827
18.4663600977575,493.124546628669,3.62823635713497
562.397231023122,53.3542997364026,4.14975892113851
71.9396375870774,376.176815361201,4.14809809460488
233.037930225223,412.262644047564,3.82598884633069
425.970017447898,12.765436632769,3.38495332644466
362.630584391335,291.670920081349,3.07987867066349
606.311837377505,104.316780979762,4.17143144731795
391.940405132297,230.164206358847,4.27125611379965
568.683332184666,409.887041136999,4.73803956433708
142.372000936967,280.594539827695,4.50133881073601
200.316748914041,372.506222262279,4.07933195902233
125.157096208796,411.457908529785,3.37603428224176
630.277625355421,310.901320696104,4.60927784113597
0.338807454212085,150.625302318306,4.24226672356226
537.404299122673,207.639163621212,4.12639514629764
34.3539046199776,490.352790252488,3.08039649016333
280.811610807016,22.7647859833713,3.94885474357159
533.980074891969,389.416945656593,3.47152478274555
69.0317101777311,75.0667137742626,5.2217553727293
5.46649986065656,76.8338928157479,3.4030400483797
589.941191917803,219.197175472216,4.07993073252493
439.937259214813,460.316582853344,4.88393020918386
657.665350002786,373.12789396787,3.05228168529269
107.898371560645,485.070575679016,4.32473083958593
623.47147559411,87.9590153043806,4.05463157585231
419.161696032994,260.158368953405,3.66996701656921
9.7877201211364,180.895628367368,3.17748018156631
62.0794939902893,122.850887503189,4.45860014277485
612.263045275626,209.515259369477,4.23234924491929
248.256586590494,216.984697096393,3.95600969343595
579.465250829631,426.246097358825,4.05243243820167
296.722755324912,139.829204240567,3.88299120733308
529.16328571969,459.257890121344,3.47828126687078
39.0960680800405,413.479026345221,3.99532639010451
205.28170448126,285.066408485736,3.79098883004376
543.288101135476,252.502299722234,3.73539534575474
168.372795312815,33.1861803152665,4.51392524671158
494.00962974416,348.122720509856,4.60038515193676
35.9941016635828,40.0435687531116,3.32884387135785
528.418976667059,158.850913953013,4.44558730383854
NA,NA,NA
668.609894670307,339.410987463399,3.39402730943779
456.048525598088,297.159455528203,3.62361254234827
18.4663600977575,493.124546628669,3.62823635713497
562.397231023122,53.3542997364026,4.14975892113851
71.9396375870774,376.176815361201,4.14809809460488
233.037930225223,412.262644047564,3.82598884633069
425.970017447898,12.765436632769,3.38495332644466
362.630584391335,291.670920081349,3.07987867066349
606.311837377505,104.316780979762,4.17143144731795
391.940405132297,230.164206358847,4.27125611379965
568.683332184666,409.887041136999,4.73803956433708
142.372000936967,280.594539827695,4.50133881073601
200.316748914041,372.506222262279,4.07933195902233
125.157096208796,411.457908529785,3.37603428224176
630.277625355421,310.901320696104,4.60927784113597
0.338807454212085,150.625302318306,4.24226672356226
537.404299122673,207.639163621212,4.12639514629764
34.3539046199776,490.352790252488,3.08039649016333
280.811610807016,22.7647859833713,3.94885474357159
533.980074891969,389.416945656593,3.47152478274555
69.0317101777311,75.0667137742626,5.2217553727293
5.46649986065656,76.8338928157479,3.4030400483797
589.941191917803,219.197175472216,4.07993073252493
439.937259214813,460.316582853344,4.88393020918386
657.665350002786,373.12789396787,3.05228168529269
107.898371560645,485.070575679016,4.32473083958593
623.47147559411,87.9590153043806,4.05463157585231
419.161696032994,260.158368953405,3.66996701656921
9.7877201211364,180.895628367368,3.17748018156631
62.0794939902893,122.850887503189,4.45860014277485
612.263045275626,209.515259369477,4.23234924491929
248.256586590494,216.984697096393,3.95600969343595
579.465250829631,426.246097358825,4.05243243820167
296.722755324912,139.829204240567,3.88299120733308
529.16328571969,459.257890121344,3.47828126687078
39.0960680800405,413.479026345221,3.99532639010451
205.28170448126,285.066408485736,3.79098883004376
543.288101135476,252.502299722234,3.73539534575474
168.372795312815,33.1861803152665,4.51392524671158
494.00962974416,348.122720509856,4.60038515193676
35.9941016635828,40.0435687531116,3.32884387135785
528.418976667059,158.850913953013,4.44558730383854
NA,NA,NA
668.609894670307,339.410987463399,3.39402730943779
456.048525598088,297.159455528203,3.62361254234827
18.4663600977575,493.124546628669,3.62823635713497
562.397231023122,53.3542997364026,4.14975892113851
71.9396375870774,376.176815361201,4.14809809460488
233.037930225223,412.262644047564,3.82598884633069
425.970017447898,12.765436632769,3.38495332644466
362.630584391335,291.670920081349,3.07987867066349
606.311837377505,104.316780979762,4.17143144731795
391.940405132297,230.164206358847,4.27125611379965
568.683332184666,409.887041136999,4.73803956433708
142.372000936967,280.594539827695,4.50133881073601
200.316748914041,372.506222262279,4.07933195902233
125.157096208796,411.457908529785,3.37603428224176
630.277625355421,310.901320696104,4.60927784113597
0.338807454212085,150.625302318306,4.24226672356226
537.404299122673,207.639163621212,4.12639514629764
34.3539046199776,490.352790252488,3.08039649016333
280.811610807016,22.7647859833713,3.94885474357159
533.980074891969,389.416945656593,3.47152478274555
69.0317101777311,75.0667137742626,5.2217553727293
5.46649986065656,76.8338928157479,3.4030400483797
589.941191917803,219.197175472216,4.07993073252493
439.937259214813,460.316582853344,4.88393020918386
657.665350002786,373.12789396787,3.05228168529269
107.898371560645,485.070575679016,4.32473083958593
623.47147559411,87.9590153043806,4.05463157585231
419.161696032994,260.158368953405,3.66996701656921
9.7877201211364,180.895628367368,3.17748018156631
62.0794939902893,122.850887503189,4.45860014277485
612.263045275626,209.515259369477,4.23234924491929
248.256586590494,216.984697096393,3.95600969343595
579.465250829631,426.246097358825,4.05243243820167
296.722755324912,139.829204240567,3.88299120733308
529.16328571969,459.257890121344,3.47828126687078
39.0960680800405,413.479026345221,3.99532639010451
205.28170448126,285.066408485736,3.79098883004376
543.288101135476,252.502299722234,3.73539534575474
168.372795312815,33.1861803152665,4.51392524671158
494.00962974416,348.122720509856,4.60038515193676
35.9941016635828,40.0435687531116,3.32884387135785
528.418976667059,158.850913953013,4.44558730383854
NA,NA,NA
668.609894670307,339.410987463399,3.39402730943779
456.048525598088,297.159455528203,3.62361254234827
18.4663600977575,493.124546628669,3.62823635713497
562.397231023122,53.3542997364026,4.14975892113851
71.9396375870774,376.176815361201,4.14809809460488
233.037930225223,412.262644047564,3.82598884633069
425.970017447898,12.765436632769,3.38495332644466
362.630584391335,291.670920081349,3.07987867066349
606.311837377505,104.316780979762,4.17143144731795
391.940405132297,230.164206358847,4.27125611379965
568.683332184666,409.887041136999,4.73803956433708
142.372000936967,280.594539827695,4.50133881073601
200.316748914041,372.506222262279,4.07933195902233
125.157096208796,411.457908529785,3.37603428224176
630.277625355421,310.901320696104,4.60927784113597
0.338807454212085,150.625302318306,4.24226672356226
537.404299122673,207.639163621212,4.12639514629764
34.3539046199776,490.352790252488,3.08039649016333
280.811610807016,22.7647859833713,3.94885474357159
533.980074891969,389.416945656593,3.47152478274555
69.0317101777311,75.0667137742626,5.2217553727293
5.46649986065656,76.8338928157479,3.4030400483797
589.941191917803,219.197175472216,4.07993073252493
439.937259214813,460.316582853344,4.88393020918386
657.665350002786,373.12789396787,3.05228168529269
107.898371560645,485.070575679016,4.32473083958593
623.47147559411,87.9590153043806,4.05463157585231
419.161696032994,260.158368953405,3.66996701656921
9.7877201211364,180.895628367368,3.17748018156631
62.0794939902893,122.850887503189,4.45860014277485
612.263045275626,209.515259369477,4.23234924491929
248.256586590494,216.984697096393,3.95600969343595
579.465250829631,426.246097358825,4.05243243820167
296.722755324912,139.829204240567,3.88299120733308
529.16328571969,459.257890121344,3.47828126687078
39.0960680800405,413.479026345221,3.99532639010451
205.28170448126,285.066408485736,3.79098883004376
543.288101135476,252.502299722234,3.73539534575474
168.372795312815,33.1861803152665,4.51392524671158
494.00962974416,348.122720509856,4.60038515193676
35.9941016635828,40.0435687531116,3.32884387135785
528.418976667059,158.850913953013,4.44558730383854
NA,NA,NA
668.609894670307,339.410987463399,3.39402730943779
456.048525598088,297.159455528203,3.62361254234827
18.4663600977575,493.124546628669,3.62823635713497
562.397231023122,53.3542997364026,4.14975892113851
71.9396375870774,376.176815361201,4.14809809460488
233.037930225223,412.262644047564,3.82598884633069
425.970017447898,12.765436632769,3.38495332644466
362.630584391335,291.670920081349,3.07987867066349
606.311837377505,104.316780979762,4.17143144731795
391.940405132297,230.164206358847,4.27125611379965
568.683332184666,409.887041136999,4.73803956433708
142.372000936967,280.594539827695,4.50133881073601
200.316748914041,372.506222262279,4.07933195902233
125.157096208796,411.457908529785,3.37603428224176
630.277625355421,310.901320696104,4.60927784113597
0.338807454212085,150.625302318306,4.24226672356226
537.404299122673,207.639163621212,4.12639514629764
34.3539046199776,490.352790252488,3.08039649016333
280.811610807016,22.7647859833713,3.94885474357159
533.980074891969,389.416945656593,3.47152478274555
69.0317101777311,75.0667137742626,5.2217553727293
5.46649986065656,76.8338928157479,3.4030400483797
589.941191917803,219.197175472216,4.07993073252493
439.937259214813,460.316582853344,4.88393020918386
657.665350002786,373.12789396787,3.05228168529269
107.898371560645,485.070575679016,4.32473083958593
623.47147559411,87.9590153043806,4.05463157585231
419.161696032994,260.158368953405,3.66996701656921
9.7877201211364,180.895628367368,3.17748018156631
62.0794939902893,122.850887503189,4.45860014277485
612.263045275626,209.515259369477,4.23234924491929
248.256586590494,216.984697096393,3.95600969343595
579.465250829631,426.246097358825,4.05243243820167
296.722755324912,139.829204240567,3.88299120733308
529.16328571969,459.257890121344,3.47828126687078
39.0960680800405,413.479026345221,3.99532639010451
205.28170448126,285.066408485736,3.79098883004376
543.288101135476,252.502299722234,3.73539534575474
168.372795312815,33.1861803152665,4.51392524671158
494.00962974416,348.122720509856,4.60038515193676
35.9941016635828,40.0435687531116,3.32884387135785
528.418976667059,158.850913953013,4.44558730383854
NA,NA,NA
666.442527996278,332.915432225894,3.42813744282491
459.170842118137,299.24535750271,3.55030935410011
12.4618085275766,491.017989968103,3.71857737767089
560.311300225462,56.1822173602955,4.06340875829728
69.2953667786802,373.471990043463,3.82705946452989
231.60457828703,414.928573172193,3.85761497235848
431.038779508043,9.41956238228972,3.22111972641522
364.19709790656,294.206433624097,3.00029070007817
605.654519693969,106.802442199207,4.22325161668554
395.028285934353,223.490616672516,4.17811516797985
572.472566950239,406.770289537193,4.74036324218182
143.162273784532,286.216336805169,4.47599569394197
200.206213762594,368.089842530866,3.99811665176577
123.012300493237,406.047964950865,3.41409067175776
624.820282325396,308.071291376792,4.61462315030473
4.878265599568,149.905862170562,4.22945077676469
544.314712002875,205.393810673314,4.06914461816279
33.9442522189194,490.664251974143,3.00132781347585
280.568520851204,23.2940577418352,3.7865956726762
535.175354865447,392.053420097794,3.44994753018462
73.3705089254117,75.7624196430035,5.19071297121679
3.18324467194626,77.3825528192679,3.44534875988259
591.304968690328,230.162043014138,3.99912456411058
437.687161248022,461.87701308919,4.81970398287977
660.96505356951,372.217312931609,2.85464862490148
99.9906304776223,481.767720443522,4.34371995046897
624.739142548175,93.3950837037848,4.05769675967172
419.609788616135,256.363268444286,3.72380913089957
10.4318426966892,181.164641303197,3.18023140101154
61.2859336678478,115.710961015814,4.65118567401895
613.543592763889,203.393096131302,4.02347401529234
255.649519338825,221.835827285455,4.07088579117881
579.271218413814,422.969602506118,3.54133200738646
297.46644939119,131.965376764928,4.00221013547442
528.788363735899,462.30100079653,3.54061365047087
45.3525241013611,415.637013231095,4.2327599997036
196.684450915059,283.510730528411,4.13586239261956
549.629926146994,263.367119872688,3.59614833562672
170.249300129465,19.282414080756,4.48724071920891
495.547577233592,351.335111285384,4.63552990324215
25.1438641548147,43.2406679220482,3.62345951969018
530.385210633694,158.99938422051,4.7950906264327
NA,NA,NA
666.442527996278,332.915432225894,3.42813744282491
459.170842118137,299.24535750271,3.55030935410011
12.4618085275766,491.017989968103,3.71857737767089
560.311300225462,56.1822173602955,4.06340875829728
69.2953667786802,373.471990043463,3.82705946452989
231.60457828703,414.928573172193,3.85761497235848
431.038779508043,9.41956238228972,3.22111972641522
364.19709790656,294.206433624097,3.00029070007817
605.654519693969,106.802442199207,4.22325161668554
395.028285934353,223.490616672516,4.17811516797985
572.472566950239,406.770289537193,4.74036324218182
143.162273784532,286.216336805169,4.47599569394197
200.206213762594,368.089842530866,3.99811665176577
123.012300493237,406.047964950865,3.41409067175776
624.820282325396,308.071291376792,4.61462315030473
4.878265599568,149.905862170562,4.22945077676469
544.314712002875,205.393810673314,4.06914461816279
33.9442522189194,490.664251974143,3.00132781347585
280.568520851204,23.2940577418352,3.7865956726762
535.175354865447,392.053420097794,3.44994753018462
73.3705089254117,75.7624196430035,5.19071297121679
3.18324467194626,77.3825528192679,3.44534875988259
591.304968690328,230.162043014138,3.99912456411058
437.687161248022,461.87701308919,4.81970398287977
660.96505356951,372.217312931609,2.85464862490148
99.9906304776223,481.767720443522,4.34371995046897
624.739142548175,93.3950837037848,4.05769675967172
419.609788616135,256.363268444286,3.72380913089957
10.4318426966892,181.164641303197,3.18023140101154
61.2859336678478,115.710961015814,4.65118567401895
613.543592763889,203.393096131302,4.02347401529234
255.649519338825,221.835827285455,4.07088579117881
579.271218413814,422.969602506118,3.54133200738646
297.46644939119,131.965376764928,4.00221013547442
528.788363735899,462.30100079653,3.54061365047087
45.3525241013611,415.637013231095,4.2327599997036
196.684450915059,283.510730528411,4.13586239261956
549.629926146994,263.367119872688,3.59614833562672
170.249300129465,19.282414080756,4.48724071920891
495.547577233592,351.335111285384,4.63552990324215
25.1438641548147,43.2406679220482,3.62345951969018
530.385210633694,158.99938422051,4.7950906264327
NA,NA,NA
666.442527996278,332.915432225894,3.42813744282491
459.170842118137,299.24535750271,3.55030935410011
12.4618085275766,491.017989968103,3.71857737767089
560.311300225462,56.1822173602955,4.06340875829728
69.2953667786802,373.471990043463,3.82705946452989
231.60457828703,414.928573172193,3.85761497235848
431.038779508043,9.41956238228972,3.22111972641522
364.19709790656,294.206433624097,3.00029070007817
605.654519693969,106.802442199207,4.22325161668554
395.028285934353,223.490616672516,4.17811516797985
572.472566950239,406.770289537193,4.74036324218182
143.162273784532,286.216336805169,4.47599569394197
200.206213762594,368.089842530866,3.99811665176577
123.012300493237,406.047964950865,3.41409067175776
624.820282325396,308.071291376792,4.61462315030473
4.878265599568,149.905862170562,4.22945077676469
544.314712002875,205.393810673314,4.06914461816279
33.9442522189194,490.664251974143,3.00132781347585
280.568520851204,23.2940577418352,3.7865956726762
535.175354865447,392.053420097794,3.44994753018462
73.3705089254117,75.7624196430035,5.19071297121679
3.18324467194626,77.3825528192679,3.44534875988259
591.304968690328,230.162043014138,3.99912456411058
437.687161248022,461.87701308919,4.81970398287977
660.96505356951,372.217312931609,2.85464862490148
99.9906304776223,481.767720443522,4.34371995046897
624.739142548175,93.3950837037848,4.05769675967172
419.609788616135,256.363268444286,3.72380913089957
10.4318426966892,181.164641303197,3.18023140101154
61.2859336678478,115.710961015814,4.65118567401895
613.543592763889,203.393096131302,4.02347401529234
255.649519338825,221.835827285455,4.07088579117881
579.271218413814,422.969602506118,3.54133200738646
297.46644939119,131.965376764928,4.00221013547442
528.788363735899,462.30100079653,3.54061365047087
45.3525241013611,415.637013231095,4.2327599997036
196.684450915059,283.510730528411,4.13586239261956
549.629926146994,263.367119872688,3.59614833562672
170.249300129465,19.282414080756,4.48724071920891
495.547577233592,351.335111285384,4.63552990324215
25.1438641548147,43.2406679220482,3.62345951969018
530.385210633694,158.99938422051,4.7950906264327
NA,NA,NA
666.442527996278,332.915432225894,3.42813744282491
459.170842118137,299.24535750271,3.55030935410011
12.4618085275766,491.017989968103,3.71857737767089
560.311300225462,56.1822173602955,4.06340875829728
69.2953667786802,373.471990043463,3.82705946452989
231.60457828703,414.928573172193,3.85761497235848
431.038779508043,9.41956238228972,3.22111972641522
364.19709790656,294.206433624097,3.00029070007817
605.654519693969,106.802442199207,4.22325161668554
395.028285934353,223.490616672516,4.17811516797985
572.472566950239,406.770289537193,4.74036324218182
143.162273784532,286.216336805169,4.47599569394197
200.206213762594,368.089842530866,3.99811665176577
123.012300493237,406.047964950865,3.41409067175776
624.820282325396,308.071291376792,4.61462315030473
4.878265599568,149.905862170562,4.22945077676469
544.314712002875,205.393810673314,4.06914461816279
33.9442522189194,490.664251974143,3.00132781347585
280.568520851204,23.2940577418352,3.7865956726762
535.175354865447,392.053420097794,3.44994753018462
73.3705089254117,75.7624196430035,5.19071297121679
3.18324467194626,77.3825528192679,3.44534875988259
591.304968690328,230.162043014138,3.99912456411058
437.687161248022,461.87701308919,4.81970398287977
660.96505356951,372.217312931609,2.85464862490148
99.9906304776223,481.767720443522,4.34371995046897
624.739142548175,93.3950837037848,4.05769675967172
419.609788616135,256.363268444286,3.72380913089957
10.4318426966892,181.164641303197,3.18023140101154
61.2859336678478,115.710961015814,4.65118567401895
613.543592763889,203.393096131302,4.02347401529234
255.649519338825,221.835827285455,4.07088579117881
579.271218413814,422.969602506118,3.54133200738646
297.46644939119,131.965376764928,4.00221013547442
528.788363735899,462.30100079653,3.54061365047087
45.3525241013611,415.637013231095,4.2327599997036
196.684450915059,283.510730528411,4.13586239261956
549.629926146994,263.367119872688,3.59614833562672
170.249300129465,19.282414080756,4.48724071920891
495.547577233592,351.335111285384,4.63552990324215
25.1438641548147,43.2406679220482,3.62345951969018
530.385210633694,158.99938422051,4.7950906264327
NA,NA,NA
666.442527996278,332.915432225894,3.42813744282491
459.170842118137,299.24535750271,3.55030935410011
12.4618085275766,491.017989968103,3.71857737767089
560.311300225462,56.1822173602955,4.06340875829728
69.2953667786802,373.471990043463,3.82705946452989
231.60457828703,414.928573172193,3.85761497235848
431.038779508043,9.41956238228972,3.22111972641522
364.19709790656,294.206433624097,3.00029070007817
605.654519693969,106.802442199207,4.22325161668554
395.028285934353,223.490616672516,4.17811516797985
572.472566950239,406.770289537193,4.74036324218182
143.162273784532,286.216336805169,4.47599569394197
200.206213762594,368.089842530866,3.99811665176577
123.012300493237,406.047964950865,3.41409067175776
624.820282325396,308.071291376792,4.61462315030473
4.878265599568,149.905862170562,4.22945077676469
544.314712002875,205.393810673314,4.06914461816279
33.9442522189194,490.664251974143,3.00132781347585
280.568520851204,23.2940577418352,3.7865956726762
535.175354865447,392.053420097794,3.44994753018462
73.3705089254117,75.7624196430035,5.19071297121679
3.18324467194626,77.3825528192679,3.44534875988259
591.304968690328,230.162043014138,3.99912456411058
437.687161248022,461.87701308919,4.81970398287977
660.96505356951,372.217312931609,2.85464862490148
99.9906304776223,481.767720443522,4.34371995046897
624.739142548175,93.3950837037848,4.05769675967172
419.609788616135,256.363268444286,3.72380913089957
10.4318426966892,181.164641303197,3.18023140101154
61.2859336678478,115.710961015814,4.65118567401895
613.543592763889,203.393096131302,4.02347401529234
255.649519338825,221.835827285455,4.07088579117881
579.271218413814,422.969602506118,3.54133200738646
297.46644939119,131.965376764928,4.00221013547442
528.788363735899,462.30100079653,3.54061365047087
45.3525241013611,415.637013231095,4.2327599997036
196.684450915059,283.510730528411,4.13586239261956
549.629926146994,263.367119872688,3.59614833562672
170.249300129465,19.282414080756,4.48724071920891
495.547577233592,351.335111285384,4.63552990324215
25.1438641548147,43.2406679220482,3.62345951969018
530.385210633694,158.99938422051,4.7950906264327
NA,NA,NA
666.442527996278,332.915432225894,3.42813744282491
459.170842118137,299.24535750271,3.55030935410011
12.4618085275766,491.017989968103,3.71857737767089
560.311300225462,56.1822173602955,4.06340875829728
69.2953667786802,373.471990043463,3.82705946452989
231.60457828703,414.928573172193,3.85761497235848
431.038779508043,9.41956238228972,3.22111972641522
364.19709790656,294.206433624097,3.00029070007817
605.654519693969,106.802442199207,4.22325161668554
395.028285934353,223.490616672516,4.17811516797985
572.472566950239,406.770289537193,4.74036324218182
143.162273784532,286.216336805169,4.47599569394197
200.206213762594,368.089842530866,3.99811665176577
123.012300493237,406.047964950865,3.41409067175776
624.820282325396,308.071291376792,4.61462315030473
4.878265599568,149.905862170562,4.22945077676469
544.314712002875,205.393810673314,4.06914461816279
33.9442522189194,490.664251974143,3.00132781347585
280.568520851204,23.2940577418352,3.7865956726762
535.175354865447,392.053420097794,3.44994753018462
73.3705089254117,75.7624196430035,5.19071297121679
3.18324467194626,77.3825528192679,3.44534875988259
591.304968690328,230.162043014138,3.99912456411058
437.687161248022,461.87701308919,4.81970398287977
660.96505356951,372.217312931609,2.85464862490148
99.9906304776223,481.767720443522,4.34371995046897
624.739142548175,93.3950837037848,4.05769675967172
419.609788616135,256.363268444286,3.72380913089957
10.4318426966892,181.164641303197,3.18023140101154
61.2859336678478,115.710961015814,4.65118567401895
613.543592763889,203.393096131302,4.02347401529234
255.649519338825,221.835827285455,4.07088579117881
579.271218413814,422.969602506118,3.54133200738646
297.46644939119,131.965376764928,4.00221013547442
528.788363735899,462.30100079653,3.54061365047087
45.3525241013611,415.637013231095,4.2327599997036
196.684450915059,283.510730528411,4.13586239261956
549.629926146994,263.367119872688,3.59614833562672
170.249300129465,19.282414080756,4.48724071920891
495.547577233592,351.335111285384,4.63552990324215
25.1438641548147,43.2406679220482,3.62345951969018
530.385210633694,158.99938422051,4.7950906264327
NA,NA,NA
664.066514955136,334.375155707186,3.47644201206479
453.698918365966,301.29569663919,3.64556229990253
7.85024581399794,496.044456494668,3.69641229003897
557.169086398063,48.7737484464756,4.15787311602796
77.1385628626174,368.298966437199,3.98918404157364
229.234822761621,412.50492485697,3.8576557055515
429.008383861568,13.3937342985938,3.16015972227669
361.510930147855,292.249317521146,3.00820921429906
601.05625260235,104.804431040192,4.12260371942906
393.219387283061,228.409579100839,4.29636266986281
565.666997211593,406.871061587272,4.75749013139054
141.948794099704,281.632850561193,4.52921635187157
197.524485555904,372.084661762226,3.97595026096496
119.975944938428,411.798506399028,3.43786951436355
624.383964455026,306.739310165878,4.49867175855129
1.01263207838583,145.005880949117,4.22044261145683
546.59107849493,201.171517631273,4.1714185831689
32.7501126088997,490.248123655158,3.00948848558387
278.396615061424,25.4562649677973,3.78714769683745
534.89654363859,391.768692895896,3.4679585316016
75.4234872674173,79.2365766589414,5.16491505718465
7.25713694704745,77.3562782320749,3.50229648802265
583.949097335615,222.425815186366,3.96168404599906
436.140087142839,458.009247085802,4.78640358726956
658.115833058258,372.295641391992,3.10194025290189
103.167562061893,486.708966871729,4.3908055611845
616.821909674373,90.0741317412074,4.07415155282908
422.327327203333,258.299160814822,3.56882369331644
10.0361678703923,179.332218149256,3.22417047365161
48.0696486121962,121.197407917639,4.36152625342846
612.429443366507,188.949154067661,4.15801902950204
261.567443792805,212.881646415022,4.04082150184535
569.541682268916,440.224668109176,3.90632556981701
299.828525875328,137.315296890062,3.78061337541524
537.258774742601,453.105412586027,3.60191186343216
54.4808147030911,418.502526241003,3.9024404560932
190.568107087928,294.652233100108,3.88867647131338
556.752387526493,259.286164548424,3.64974985776641
161.116759052385,30.2264116920069,4.4112429138277
505.972635799435,351.968361699823,4.37600647295544
48.6946102348364,49.1498205507399,3.48904176197741
538.557532436096,148.09349727834,4.44405298257594
NA,NA,NA
664.066514955136,334.375155707186,3.47644201206479
453.698918365966,301.29569663919,3.64556229990253
7.85024581399794,496.044456494668,3.69641229003897
557.169086398063,48.7737484464756,4.15787311602796
77.1385628626174,368.298966437199,3.98918404157364
229.234822761621,412.50492485697,3.8576557055515
429.008383861568,13.3937342985938,3.16015972227669
361.510930147855,292.249317521146,3.00820921429906
601.05625260235,104.804431040192,4.12260371942906
393.219387283061,228.409579100839,4.29636266986281
565.666997211593,406.871061587272,4.75749013139054
141.948794099704,281.632850561193,4.52921635187157
197.524485555904,372.084661762226,3.97595026096496
119.975944938428,411.798506399028,3.43786951436355
624.383964455026,306.739310165878,4.49867175855129
1.01263207838583,145.005880949117,4.22044261145683
546.59107849493,201.171517631273,4.1714185831689
32.7501126088997,490.248123655158,3.00948848558387
278.396615061424,25.4562649677973,3.78714769683745
534.89654363859,391.768692895896,3.4679585316016
75.4234872674173,79.2365766589414,5.16491505718465
7.25713694704745,77.3562782320749,3.50229648802265
583.949097335615,222.425815186366,3.96168404599906
436.140087142839,458.009247085802,4.78640358726956
658.115833058258,372.295641391992,3.10194025290189
103.167562061893,486.708966871729,4.3908055611845
616.821909674373,90.0741317412074,4.07415155282908
422.327327203333,258.299160814822,3.56882369331644
10.0361678703923,179.332218149256,3.22417047365161
48.0696486121962,121.197407917639,4.36152625342846
612.429443366507,188.949154067661,4.15801902950204
261.567443792805,212.881646415022,4.04082150184535
569.541682268916,440.224668109176,3.90632556981701
299.828525875328,137.315296890062,3.78061337541524
537.258774742601,453.105412586027,3.60191186343216
54.4808147030911,418.502526241003,3.9024404560932
190.568107087928,294.652233100108,3.88867647131338
556.752387526493,259.286164548424,3.64974985776641
161.116759052385,30.2264116920069,4.4112429138277
505.972635799435,351.968361699823,4.37600647295544
48.6946102348364,49.1498205507399,3.48904176197741
538.557532436096,148.09349727834,4.44405298257594
NA,NA,NA
664.066514955136,334.375155707186,3.47644201206479
453.698918365966,301.29569663919,3.64556229990253
7.85024581399794,496.044456494668,3.69641229003897
557.169086398063,48.7737484464756,4.15787311602796
77.1385628626174,368.298966437199,3.98918404157364
229.234822761621,412.50492485697,3.8576557055515
429.008383861568,13.3937342985938,3.16015972227669
361.510930147855,292.249317521146,3.00820921429906
601.05625260235,104.804431040192,4.12260371942906
393.219387283061,228.409579100839,4.29636266986281
565.666997211593,406.871061587272,4.75749013139054
141.948794099704,281.632850561193,4.52921635187157
197.524485555904,372.084661762226,3.97595026096496
119.975944938428,411.798506399028,3.43786951436355
624.383964455026,306.739310165878,4.49867175855129
1.01263207838583,145.005880949117,4.22044261145683
546.59107849493,201.171517631273,4.1714185831689
32.7501126088997,490.248123655158,3.00948848558387
278.396615061424,25.4562649677973,3.78714769683745
534.89654363859,391.768692895896,3.4679585316016
75.4234872674173,79.2365766589414,5.16491505718465
7.25713694704745,77.3562782320749,3.50229648802265
583.949097335615,222.425815186366,3.96168404599906
436.140087142839,458.009247085802,4.78640358726956
658.115833058258,372.295641391992,3.10194025290189
103.167562061893,486.708966871729,4.3908055611845
616.821909674373,90.0741317412074,4.07415155282908
422.327327203333,258.299160814822,3.56882369331644
10.0361678703923,179.332218149256,3.22417047365161
48.0696486121962,121.197407917639,4.36152625342846
612.429443366507,188.949154067661,4.15801902950204
261.567443792805,212.881646415022,4.04082150184535
569.541682268916,440.224668109176,3.90632556981701
299.828525875328,137.315296890062,3.78061337541524
537.258774742601,453.105412586027,3.60191186343216
54.4808147030911,418.502526241003,3.9024404560932
190.568107087928,294.652233100108,3.88867647131338
556.752387526493,259.286164548424,3.64974985776641
161.116759052385,30.2264116920069,4.4112429138277
505.972635799435,351.968361699823,4.37600647295544
48.6946102348364,49.1498205507399,3.48904176197741
538.557532436096,148.09349727834,4.44405298257594
NA,NA,NA
664.066514955136,334.375155707186,3.47644201206479
453.698918365966,301.29569663919,3.64556229990253
7.85024581399794,496.044456494668,3.69641229003897
557.169086398063,48.7737484464756,4.15787311602796
77.1385628626174,368.298966437199,3.98918404157364
229.234822761621,412.50492485697,3.8576557055515
429.008383861568,13.3937342985938,3.16015972227669
361.510930147855,292.249317521146,3.00820921429906
601.05625260235,104.804431040192,4.12260371942906
393.219387283061,228.409579100839,4.29636266986281
565.666997211593,406.871061587272,4.75749013139054
141.948794099704,281.632850561193,4.52921635187157
197.524485555904,372.084661762226,3.97595026096496
119.975944938428,411.798506399028,3.43786951436355
624.383964455026,306.739310165878,4.49867175855129
1.01263207838583,145.005880949117,4.22044261145683
546.59107849493,201.171517631273,4.1714185831689
32.7501126088997,490.248123655158,3.00948848558387
278.396615061424,25.4562649677973,3.78714769683745
534.89654363859,391.768692895896,3.4679585316016
75.4234872674173,79.2365766589414,5.16491505718465
7.25713694704745,77.3562782320749,3.50229648802265
583.949097335615,222.425815186366,3.96168404599906
436.140087142839,458.009247085802,4.78640358726956
658.115833058258,372.295641391992,3.10194025290189
103.167562061893,486.708966871729,4.3908055611845
616.821909674373,90.0741317412074,4.07415155282908
422.327327203333,258.299160814822,3.56882369331644
10.0361678703923,179.332218149256,3.22417047365161
48.0696486121962,121.197407917639,4.36152625342846
612.429443366507,188.949154067661,4.15801902950204
261.567443792805,212.881646415022,4.04082150184535
569.541682268916,440.224668109176,3.90632556981701
299.828525875328,137.315296890062,3.78061337541524
537.258774742601,453.105412586027,3.60191186343216
54.4808147030911,418.502526241003,3.9024404560932
190.568107087928,294.652233100108,3.88867647131338
556.752387526493,259.286164548424,3.64974985776641
161.116759052385,30.2264116920069,4.4112429138277
505.972635799435,351.968361699823,4.37600647295544
48.6946102348364,49.1498205507399,3.48904176197741
538.557532436096,148.09349727834,4.44405298257594
NA,NA,NA
664.066514955136,334.375155707186,3.47644201206479
453.698918365966,301.29569663919,3.64556229990253
7.85024581399794,496.044456494668,3.69641229003897
557.169086398063,48.7737484464756,4.15787311602796
77.1385628626174,368.298966437199,3.98918404157364
229.234822761621,412.50492485697,3.8576557055515
429.008383861568,13.3937342985938,3.16015972227669
361.510930147855,292.249317521146,3.00820921429906
601.05625260235,104.804431040192,4.12260371942906
393.219387283061,228.409579100839,4.29636266986281
565.666997211593,406.871061587272,4.75749013139054
141.948794099704,281.632850561193,4.52921635187157
197.524485555904,372.084661762226,3.97595026096496
119.975944938428,411.798506399028,3.43786951436355
624.383964455026,306.739310165878,4.49867175855129
1.01263207838583,145.005880949117,4.22044261145683
546.59107849493,201.171517631273,4.1714185831689
32.7501126088997,490.248123655158,3.00948848558387
278.396615061424,25.4562649677973,3.78714769683745
534.89654363859,391.768692895896,3.4679585316016
75.4234872674173,79.2365766589414,5.16491505718465
7.25713694704745,77.3562782320749,3.50229648802265
583.949097335615,222.425815186366,3.96168404599906
436.140087142839,458.009247085802,4.78640358726956
658.115833058258,372.295641391992,3.10194025290189
103.167562061893,486.708966871729,4.3908055611845
616.821909674373,90.0741317412074,4.07415155282908
422.327327203333,258.299160814822,3.56882369331644
10.0361678703923,179.332218149256,3.22417047365161
48.0696486121962,121.197407917639,4.36152625342846
612.429443366507,188.949154067661,4.15801902950204
261.567443792805,212.881646415022,4.04082150184535
569.541682268916,440.224668109176,3.90632556981701
299.828525875328,137.315296890062,3.78061337541524
537.258774742601,453.105412586027,3.60191186343216
54.4808147030911,418.502526241003,3.9024404560932
190.568107087928,294.652233100108,3.88867647131338
556.752387526493,259.286164548424,3.64974985776641
161.116759052385,30.2264116920069,4.4112429138277
505.972635799435,351.968361699823,4.37600647295544
48.6946102348364,49.1498205507399,3.48904176197741
538.557532436096,148.09349727834,4.44405298257594
NA,NA,NA
664.066514955136,334.375155707186,3.47644201206479
453.698918365966,301.29569663919,3.64556229990253
7.85024581399794,496.044456494668,3.69641229003897
557.169086398063,48.7737484464756,4.15787311602796
77.1385628626174,368.298966437199,3.98918404157364
229.234822761621,412.50492485697,3.8576557055515
429.008383861568,13.3937342985938,3.16015972227669
361.510930147855,292.249317521146,3.00820921429906
601.05625260235,104.804431040192,4.12260371942906
393.219387283061,228.409579100839,4.29636266986281
565.666997211593,406.871061587272,4.75749013139054
141.948794099704,281.632850561193,4.52921635187157
197.524485555904,372.084661762226,3.97595026096496
119.975944938428,411.798506399028,3.43786951436355
624.383964455026,306.739310165878,4.49867175855129
1.01263207838583,145.005880949117,4.22044261145683
546.59107849493,201.171517631273,4.1714185831689
32.7501126088997,490.248123655158,3.00948848558387
278.396615061424,25.4562649677973,3.78714769683745
534.89654363859,391.768692895896,3.4679585316016
75.4234872674173,79.2365766589414,5.16491505718465
7.25713694704745,77.3562782320749,3.50229648802265
583.949097335615,222.425815186366,3.96168404599906
436.140087142839,458.009247085802,4.78640358726956
658.115833058258,372.295641391992,3.10194025290189
103.167562061893,486.708966871729,4.3908055611845
616.821909674373,90.0741317412074,4.07415155282908
422.327327203333,258.299160814822,3.56882369331644
10.0361678703923,179.332218149256,3.22417047365161
48.0696486121962,121.197407917639,4.36152625342846
612.429443366507,188.949154067661,4.15801902950204
261.567443792805,212.881646415022,4.04082150184535
569.541682268916,440.224668109176,3.90632556981701
299.828525875328,137.315296890062,3.78061337541524
537.258774742601,453.105412586027,3.60191186343216
54.4808147030911,418.502526241003,3.9024404560932
190.568107087928,294.652233100108,3.88867647131338
556.752387526493,259.286164548424,3.64974985776641
161.116759052385,30.2264116920069,4.4112429138277
505.972635799435,351.968361699823,4.37600647295544
48.6946102348364,49.1498205507399,3.48904176197741
538.557532436096,148.09349727834,4.44405298257594
NA,NA,NA
659.420619390176,336.566653044184,3.50561140846401
455.216121117554,301.237314871347,3.71664646466068
9.56806409049359,492.467083447405,3.71728223399394
563.834408837718,51.7018203206547,4.12413685044998
71.6385441689588,375.369030376632,4.09642765290151
226.41549702689,414.706224327666,3.96560046500032
429.17063250325,14.1106498495218,3.36900218371878
361.154948235138,292.767098768488,3.05489078250229
610.630411741557,106.926421530405,4.17752732482715
394.198186742702,234.366331876358,4.32495788285761
576.407279311036,410.499443119613,4.7172288519853
145.17067872401,282.254579261362,4.43833570912952
202.162557192358,371.181373793042,4.06054339710993
122.924304994142,411.824786667145,3.40605501427511
628.658317382298,313.204123297168,4.48506489593896
1.87712115651951,148.386960009672,4.28434625552383
546.104189995532,208.431561340178,4.17703801212911
33.9333546603828,490.867007202268,3.21275865534556
278.597434335937,23.3773541142843,3.96242652344465
537.407416783681,393.688121327687,3.4490537279437
72.418578722438,80.3541039093665,5.16973449655218
2.89544903649806,75.4280759748743,3.48158428698726
584.116997887397,225.918824371551,4.10123176646115
441.990020422241,463.165159482694,4.77055186344639
658.153424212818,372.52057770798,3.05844301828464
104.58641851416,488.017380820816,4.32094651048812
617.917145797737,90.2185371952325,4.0675709572192
420.641299028233,257.774421100233,3.62855501245635
10.7125199770281,179.382731221358,2.93329650911895
65.0236817438653,128.955553816956,4.36086641500887
604.824248780456,196.49288489324,4.23543380105648
252.474626002843,215.247554008892,3.41889986709001
583.133873803476,444.702783498128,3.65321431136799
295.278364811383,132.745184722503,3.80730232734585
529.806860525,452.973284017958,3.71533082458396
51.1252271805822,415.730488582716,4.22580397592393
182.993272755576,276.385878931865,4.51040443255869
549.335535614861,265.891229493381,4.01489785922399
167.382648908453,41.8415723652839,4.26825370779968
494.831886393305,342.403824487711,4.56364961627484
44.1090900545651,45.2709314820821,3.95731464255411
530.146021385161,146.276814221745,4.67926795041409
NA,NA,NA
659.420619390176,336.566653044184,3.50561140846401
455.216121117554,301.237314871347,3.71664646466068
9.56806409049359,492.467083447405,3.71728223399394
563.834408837718,51.7018203206547,4.12413685044998
71.6385441689588,375.369030376632,4.09642765290151
226.41549702689,414.706224327666,3.96560046500032
429.17063250325,14.1106498495218,3.36900218371878
361.154948235138,292.767098768488,3.05489078250229
610.630411741557,106.926421530405,4.17752732482715
394.198186742702,234.366331876358,4.32495788285761
576.407279311036,410.499443119613,4.7172288519853
145.17067872401,282.254579261362,4.43833570912952
202.162557192358,371.181373793042,4.06054339710993
122.924304994142,411.824786667145,3.40605501427511
628.658317382298,313.204123297168,4.48506489593896
1.87712115651951,148.386960009672,4.28434625552383
546.104189995532,208.431561340178,4.17703801212911
33.9333546603828,490.867007202268,3.21275865534556
278.597434335937,23.3773541142843,3.96242652344465
537.407416783681,393.688121327687,3.4490537279437
72.418578722438,80.3541039093665,5.16973449655218
2.89544903649806,75.4280759748743,3.48158428698726
584.116997887397,225.918824371551,4.10123176646115
441.990020422241,463.165159482694,4.77055186344639
658.153424212818,372.52057770798,3.05844301828464
104.58641851416,488.017380820816,4.32094651048812
617.917145797737,90.2185371952325,4.0675709572192
420.641299028233,257.774421100233,3.62855501245635
10.7125199770281,179.382731221358,2.93329650911895
65.0236817438653,128.955553816956,4.36086641500887
604.824248780456,196.49288489324,4.23543380105648
252.474626002843,215.247554008892,3.41889986709001
583.133873803476,444.702783498128,3.65321431136799
295.278364811383,132.745184722503,3.80730232734585
529.806860525,452.973284017958,3.71533082458396
51.1252271805822,415.730488582716,4.22580397592393
182.993272755576,276.385878931865,4.51040443255869
549.335535614861,265.891229493381,4.01489785922399
167.382648908453,41.8415723652839,4.26825370779968
494.831886393305,342.403824487711,4.56364961627484
44.1090900545651,45.2709314820821,3.95731464255411
530.146021385161,146.276814221745,4.67926795041409
NA,NA,NA
659.420619390176,336.566653044184,3.50561140846401
455.216121117554,301.237314871347,3.71664646466068
9.56806409049359,492.467083447405,3.71728223399394
563.834408837718,51.7018203206547,4.12413685044998
71.6385441689588,375.369030376632,4.09642765290151
226.41549702689,414.706224327666,3.96560046500032
429.17063250325,14.1106498495218,3.36900218371878
361.154948235138,292.767098768488,3.05489078250229
610.630411741557,106.926421530405,4.17752732482715
394.198186742702,234.366331876358,4.32495788285761
576.407279311036,410.499443119613,4.7172288519853
145.17067872401,282.254579261362,4.43833570912952
202.162557192358,371.181373793042,4.06054339710993
122.924304994142,411.824786667145,3.40605501427511
628.658317382298,313.204123297168,4.48506489593896
1.87712115651951,148.386960009672,4.28434625552383
546.104189995532,208.431561340178,4.17703801212911
33.9333546603828,490.867007202268,3.21275865534556
278.597434335937,23.3773541142843,3.96242652344465
537.407416783681,393.688121327687,3.4490537279437
72.418578722438,80.3541039093665,5.16973449655218
2.89544903649806,75.4280759748743,3.48158428698726
584.116997887397,225.918824371551,4.10123176646115
441.990020422241,463.165159482694,4.77055186344639
658.153424212818,372.52057770798,3.05844301828464
104.58641851416,488.017380820816,4.32094651048812
617.917145797737,90.2185371952325,4.0675709572192
420.641299028233,257.774421100233,3.62855501245635
10.7125199770281,179.382731221358,2.93329650911895
65.0236817438653,128.955553816956,4.36086641500887
604.824248780456,196.49288489324,4.23543380105648
252.474626002843,215.247554008892,3.41889986709001
583.133873803476,444.702783498128,3.65321431136799
295.278364811383,132.745184722503,3.80730232734585
529.806860525,452.973284017958,3.71533082458396
51.1252271805822,415.730488582716,4.22580397592393
182.993272755576,276.385878931865,4.51040443255869
549.335535614861,265.891229493381,4.01489785922399
167.382648908453,41.8415723652839,4.26825370779968
494.831886393305,342.403824487711,4.56364961627484
44.1090900545651,45.2709314820821,3.95731464255411
530.146021385161,146.276814221745,4.67926795041409
NA,NA,NA
659.420619390176,336.566653044184,3.50561140846401
455.216121117554,301.237314871347,3.71664646466068
9.56806409049359,492.467083447405,3.71728223399394
563.834408837718,51.7018203206547,4.12413685044998
71.6385441689588,375.369030376632,4.09642765290151
226.41549702689,414.706224327666,3.96560046500032
429.17063250325,14.1106498495218,3.36900218371878
361.154948235138,292.767098768488,3.05489078250229
610.630411741557,106.926421530405,4.17752732482715
394.198186742702,234.366331876358,4.32495788285761
576.407279311036,410.499443119613,4.7172288519853
145.17067872401,282.254579261362,4.43833570912952
202.162557192358,371.181373793042,4.06054339710993
122.924304994142,411.824786667145,3.40605501427511
628.658317382298,313.204123297168,4.48506489593896
1.87712115651951,148.386960009672,4.28434625552383
546.104189995532,208.431561340178,4.17703801212911
33.9333546603828,490.867007202268,3.21275865534556
278.597434335937,23.3773541142843,3.96242652344465
537.407416783681,393.688121327687,3.4490537279437
72.418578722438,80.3541039093665,5.16973449655218
2.89544903649806,75.4280759748743,3.48158428698726
584.116997887397,225.918824371551,4.10123176646115
441.990020422241,463.165159482694,4.77055186344639
658.153424212818,372.52057770798,3.05844301828464
104.58641851416,488.017380820816,4.32094651048812
617.917145797737,90.2185371952325,4.0675709572192
420.641299028233,257.774421100233,3.62855501245635
10.7125199770281,179.382731221358,2.93329650911895
65.0236817438653,128.955553816956,4.36086641500887
604.824248780456,196.49288489324,4.23543380105648
252.474626002843,215.247554008892,3.41889986709001
583.133873803476,444.702783498128,3.65321431136799
295.278364811383,132.745184722503,3.80730232734585
529.806860525,452.973284017958,3.71533082458396
51.1252271805822,415.730488582716,4.22580397592393
182.993272755576,276.385878931865,4.51040443255869
549.335535614861,265.891229493381,4.01489785922399
167.382648908453,41.8415723652839,4.26825370779968
494.831886393305,342.403824487711,4.56364961627484
44.1090900545651,45.2709314820821,3.95731464255411
530.146021385161,146.276814221745,4.67926795041409
NA,NA,NA
659.420619390176,336.566653044184,3.50561140846401
455.216121117554,301.237314871347,3.71664646466068
9.56806409049359,492.467083447405,3.71728223399394
563.834408837718,51.7018203206547,4.12413685044998
71.6385441689588,375.369030376632,4.09642765290151
226.41549702689,414.706224327666,3.96560046500032
429.17063250325,14.1106498495218,3.36900218371878
361.154948235138,292.767098768488,3.05489078250229
610.630411741557,106.926421530405,4.17752732482715
394.198186742702,234.366331876358,4.32495788285761
576.407279311036,410.499443119613,4.7172288519853
145.17067872401,282.254579261362,4.43833570912952
202.162557192358,371.181373793042,4.06054339710993
122.924304994142,411.824786667145,3.40605501427511
628.658317382298,313.204123297168,4.48506489593896
1.87712115651951,148.386960009672,4.28434625552383
546.104189995532,208.431561340178,4.17703801212911
33.9333546603828,490.867007202268,3.21275865534556
278.597434335937,23.3773541142843,3.96242652344465
537.407416783681,393.688121327687,3.4490537279437
72.418578722438,80.3541039093665,5.16973449655218
2.89544903649806,75.4280759748743,3.48158428698726
584.116997887397,225.918824371551,4.10123176646115
441.990020422241,463.165159482694,4.77055186344639
658.153424212818,372.52057770798,3.05844301828464
104.58641851416,488.017380820816,4.32094651048812
617.917145797737,90.2185371952325,4.0675709572192
420.641299028233,257.774421100233,3.62855501245635
10.7125199770281,179.382731221358,2.93329650911895
65.0236817438653,128.955553816956,4.36086641500887
604.824248780456,196.49288489324,4.23543380105648
252.474626002843,215.247554008892,3.41889986709001
583.133873803476,444.702783498128,3.65321431136799
295.278364811383,132.745184722503,3.80730232734585
529.806860525,452.973284017958,3.71533082458396
51.1252271805822,415.730488582716,4.22580397592393
182.993272755576,276.385878931865,4.51040443255869
549.335535614861,265.891229493381,4.01489785922399
167.382648908453,41.8415723652839,4.26825370779968
494.831886393305,342.403824487711,4.56364961627484
44.1090900545651,45.2709314820821,3.95731464255411
530.146021385161,146.276814221745,4.67926795041409
NA,NA,NA
659.420619390176,336.566653044184,3.50561140846401
455.216121117554,301.237314871347,3.71664646466068
9.56806409049359,492.467083447405,3.71728223399394
563.834408837718,51.7018203206547,4.12413685044998
71.6385441689588,375.369030376632,4.09642765290151
226.41549702689,414.706224327666,3.96560046500032
429.17063250325,14.1106498495218,3.36900218371878
361.154948235138,292.767098768488,3.05489078250229
610.630411741557,106.926421530405,4.17752732482715
394.198186742702,234.366331876358,4.32495788285761
576.407279311036,410.499443119613,4.7172288519853
145.17067872401,282.254579261362,4.43833570912952
202.162557192358,371.181373793042,4.06054339710993
122.924304994142,411.824786667145,3.40605501427511
628.658317382298,313.204123297168,4.48506489593896
1.87712115651951,148.386960009672,4.28434625552383
546.104189995532,208.431561340178,4.17703801212911
33.9333546603828,490.867007202268,3.21275865534556
278.597434335937,23.3773541142843,3.96242652344465
537.407416783681,393.688121327687,3.4490537279437
72.418578722438,80.3541039093665,5.16973449655218
2.89544903649806,75.4280759748743,3.48158428698726
584.116997887397,225.918824371551,4.10123176646115
441.990020422241,463.165159482694,4.77055186344639
658.153424212818,372.52057770798,3.05844301828464
104.58641851416,488.017380820816,4.32094651048812
617.917145797737,90.2185371952325,4.0675709572192
420.641299028233,257.774421100233,3.62855501245635
10.7125199770281,179.382731221358,2.93329650911895
65.0236817438653,128.955553816956,4.36086641500887
604.824248780456,196.49288489324,4.23543380105648
252.474626002843,215.247554008892,3.41889986709001
583.133873803476,444.702783498128,3.65321431136799
295.278364811383,132.745184722503,3.80730232734585
529.806860525,452.973284017958,3.71533082458396
51.1252271805822,415.730488582716,4.22580397592393
182.993272755576,276.385878931865,4.51040443255869
549.335535614861,265.891229493381,4.01489785922399
167.382648908453,41.8415723652839,4.26825370779968
494.831886393305,342.403824487711,4.56364961627484
44.1090900545651,45.2709314820821,3.95731464255411
530.146021385161,146.276814221745,4.67926795041409
NA,NA,NA
662.458917951165,329.060136289897,3.50747003928733
454.018597905715,301.820988318776,3.60311039910522
10.5030526659466,497.732447132712,3.61961622798251
566.240834439336,50.7953515479385,4.08884774244365
71.0006126037133,372.5590113361,3.96194323239941
229.612702044574,412.928500585719,3.86030272359468
428.175212551659,12.4933916390629,3.52749589379774
362.285790711701,293.439777491682,2.97470917607619
601.031424999452,100.476664849054,4.21864515662359
390.339755044948,227.60321415579,4.10711206113973
564.830165711316,412.099311118884,4.80626001937027
140.293971021382,280.128461097239,4.64022863044412
203.60340938554,369.643211250376,4.0192714079343
127.790169721395,410.797751622915,3.44076359599433
628.695405426007,310.975872627791,4.4485892577076
1.57301215044374,149.1470360624,4.222445695349
545.047281659414,205.059921869044,4.40035230771813
30.9357012675473,491.699828724025,3.04514311900709
276.978733511752,22.778253522147,3.85321939111785
535.841505670064,395.997708790035,3.43685332561318
64.6116635040041,83.3540696097125,5.20297755786677
3.37964858524648,73.5350052021843,3.499577691585
587.463476365943,229.07720059684,4.12419067672974
442.6239723825,458.370529178138,4.82416282310122
660.234215217568,374.551854049419,3.07013229544836
108.224624880135,488.52833368767,4.38229320452904
623.095977359203,88.7178823879368,4.04485929119174
418.307800796066,256.705710758022,3.62109922509626
10.9637728341102,181.53635820801,3.26403509333133
66.2421278656137,99.3006091854045,4.30904791932631
622.452858346726,211.460284062481,4.2763536752627
252.168120201873,226.242689681473,3.8257626096024
571.194482148945,439.185359295671,3.89982621139057
298.165770982323,135.47574526379,3.91606767309277
533.358489015221,453.153623935837,3.68502629591223
39.1253115529791,415.565214527929,3.85553884670641
208.361941797843,285.556480250674,3.52743194777259
554.216576999741,261.371040001614,3.7520563912683
174.148228262083,40.264267489491,3.96645231613041
509.52643384204,349.739028469985,4.47203973963889
35.2879737496881,51.0614002583112,3.26455470107095
524.58729086875,160.898628511969,4.35500120339121
NA,NA,NA
662.458917951165,329.060136289897,3.50747003928733
454.018597905715,301.820988318776,3.60311039910522
10.5030526659466,497.732447132712,3.61961622798251
566.240834439336,50.7953515479385,4.08884774244365
71.0006126037133,372.5590113361,3.96194323239941
229.612702044574,412.928500585719,3.86030272359468
428.175212551659,12.4933916390629,3.52749589379774
362.285790711701,293.439777491682,2.97470917607619
601.031424999452,100.476664849054,4.21864515662359
390.339755044948,227.60321415579,4.10711206113973
564.830165711316,412.099311118884,4.80626001937027
140.293971021382,280.128461097239,4.64022863044412
203.60340938554,369.643211250376,4.0192714079343
127.790169721395,410.797751622915,3.44076359599433
628.695405426007,310.975872627791,4.4485892577076
1.57301215044374,149.1470360624,4.222445695349
545.047281659414,205.059921869044,4.40035230771813
30.9357012675473,491.699828724025,3.04514311900709
276.978733511752,22.778253522147,3.85321939111785
535.841505670064,395.997708790035,3.43685332561318
64.6116635040041,83.3540696097125,5.20297755786677
3.37964858524648,73.5350052021843,3.499577691585
587.463476365943,229.07720059684,4.12419067672974
442.6239723825,458.370529178138,4.82416282310122
660.234215217568,374.551854049419,3.07013229544836
108.224624880135,488.52833368767,4.38229320452904
623.095977359203,88.7178823879368,4.04485929119174
418.307800796066,256.705710758022,3.62109922509626
10.9637728341102,181.53635820801,3.26403509333133
66.2421278656137,99.3006091854045,4.30904791932631
622.452858346726,211.460284062481,4.2763536752627
252.168120201873,226.242689681473,3.8257626096024
571.194482148945,439.185359295671,3.89982621139057
298.165770982323,135.47574526379,3.91606767309277
533.358489015221,453.153623935837,3.68502629591223
39.1253115529791,415.565214527929,3.85553884670641
208.361941797843,285.556480250674,3.52743194777259
554.216576999741,261.371040001614,3.7520563912683
174.148228262083,40.264267489491,3.96645231613041
509.52643384204,349.739028469985,4.47203973963889
35.2879737496881,51.0614002583112,3.26455470107095
524.58729086875,160.898628511969,4.35500120339121
NA,NA,NA
662.458917951165,329.060136289897,3.50747003928733
454.018597905715,301.820988318776,3.60311039910522
10.5030526659466,497.732447132712,3.61961622798251
566.240834439336,50.7953515479385,4.08884774244365
71.0006126037133,372.5590113361,3.96194323239941
229.612702044574,412.928500585719,3.86030272359468
428.175212551659,12.4933916390629,3.52749589379774
362.285790711701,293.439777491682,2.97470917607619
601.031424999452,100.476664849054,4.21864515662359
390.339755044948,227.60321415579,4.10711206113973
564.830165711316,412.099311118884,4.80626001937027
140.293971021382,280.128461097239,4.64022863044412
203.60340938554,369.643211250376,4.0192714079343
127.790169721395,410.797751622915,3.44076359599433
628.695405426007,310.975872627791,4.4485892577076
1.57301215044374,149.1470360624,4.222445695349
545.047281659414,205.059921869044,4.40035230771813
30.9357012675473,491.699828724025,3.04514311900709
276.978733511752,22.778253522147,3.85321939111785
535.841505670064,395.997708790035,3.43685332561318
64.6116635040041,83.3540696097125,5.20297755786677
3.37964858524648,73.5350052021843,3.499577691585
587.463476365943,229.07720059684,4.12419067672974
442.6239723825,458.370529178138,4.82416282310122
660.234215217568,374.551854049419,3.07013229544836
108.224624880135,488.52833368767,4.38229320452904
623.095977359203,88.7178823879368,4.04485929119174
418.307800796066,256.705710758022,3.62109922509626
10.9637728341102,181.53635820801,3.26403509333133
66.2421278656137,99.3006091854045,4.30904791932631
622.452858346726,211.460284062481,4.2763536752627
252.168120201873,226.242689681473,3.8257626096024
571.194482148945,439.185359295671,3.89982621139057
298.165770982323,135.47574526379,3.91606767309277
533.358489015221,453.153623935837,3.68502629591223
39.1253115529791,415.565214527929,3.85553884670641
208.361941797843,285.556480250674,3.52743194777259
554.216576999741,261.371040001614,3.7520563912683
174.148228262083,40.264267489491,3.96645231613041
509.52643384204,349.739028469985,4.47203973963889
35.2879737496881,51.0614002583112,3.26455470107095
524.58729086875,160.898628511969,4.35500120339121
NA,NA,NA
662.458917951165,329.060136289897,3.50747003928733
454.018597905715,301.820988318776,3.60311039910522
10.5030526659466,497.732447132712,3.61961622798251
566.240834439336,50.7953515479385,4.08884774244365
71.0006126037133,372.5590113361,3.96194323239941
229.612702044574,412.928500585719,3.86030272359468
428.175212551659,12.4933916390629,3.52749589379774
362.285790711701,293.439777491682,2.97470917607619
601.031424999452,100.476664849054,4.21864515662359
390.339755044948,227.60321415579,4.10711206113973
564.830165711316,412.099311118884,4.80626001937027
140.293971021382,280.128461097239,4.64022863044412
203.60340938554,369.643211250376,4.0192714079343
127.790169721395,410.797751622915,3.44076359599433
628.695405426007,310.975872627791,4.4485892577076
1.57301215044374,149.1470360624,4.222445695349
545.047281659414,205.059921869044,4.40035230771813
30.9357012675473,491.699828724025,3.04514311900709
276.978733511752,22.778253522147,3.85321939111785
535.841505670064,395.997708790035,3.43685332561318
64.6116635040041,83.3540696097125,5.20297755786677
3.37964858524648,73.5350052021843,3.499577691585
587.463476365943,229.07720059684,4.12419067672974
442.6239723825,458.370529178138,4.82416282310122
660.234215217568,374.551854049419,3.07013229544836
108.224624880135,488.52833368767,4.38229320452904
623.095977359203,88.7178823879368,4.04485929119174
418.307800796066,256.705710758022,3.62109922509626
10.9637728341102,181.53635820801,3.26403509333133
66.2421278656137,99.3006091854045,4.30904791932631
622.452858346726,211.460284062481,4.2763536752627
252.168120201873,226.242689681473,3.8257626096024
571.194482148945,439.185359295671,3.89982621139057
298.165770982323,135.47574526379,3.91606767309277
533.358489015221,453.153623935837,3.68502629591223
39.1253115529791,415.565214527929,3.85553884670641
208.361941797843,285.556480250674,3.52743194777259
554.216576999741,261.371040001614,3.7520563912683
174.148228262083,40.264267489491,3.96645231613041
509.52643384204,349.739028469985,4.47203973963889
35.2879737496881,51.0614002583112,3.26455470107095
524.58729086875,160.898628511969,4.35500120339121
NA,NA,NA
662.458917951165,329.060136289897,3.50747003928733
454.018597905715,301.820988318776,3.60311039910522
10.5030526659466,497.732447132712,3.61961622798251
566.240834439336,50.7953515479385,4.08884774244365
71.0006126037133,372.5590113361,3.96194323239941
229.612702044574,412.928500585719,3.86030272359468
428.175212551659,12.4933916390629,3.52749589379774
362.285790711701,293.439777491682,2.97470917607619
601.031424999452,100.476664849054,4.21864515662359
390.339755044948,227.60321415579,4.10711206113973
564.830165711316,412.099311118884,4.80626001937027
140.293971021382,280.128461097239,4.64022863044412
203.60340938554,369.643211250376,4.0192714079343
127.790169721395,410.797751622915,3.44076359599433
628.695405426007,310.975872627791,4.4485892577076
1.57301215044374,149.1470360624,4.222445695349
545.047281659414,205.059921869044,4.40035230771813
30.9357012675473,491.699828724025,3.04514311900709
276.978733511752,22.778253522147,3.85321939111785
535.841505670064,395.997708790035,3.43685332561318
64.6116635040041,83.3540696097125,5.20297755786677
3.37964858524648,73.5350052021843,3.499577691585
587.463476365943,229.07720059684,4.12419067672974
442.6239723825,458.370529178138,4.82416282310122
660.234215217568,374.551854049419,3.07013229544836
108.224624880135,488.52833368767,4.38229320452904
623.095977359203,88.7178823879368,4.04485929119174
418.307800796066,256.705710758022,3.62109922509626
10.9637728341102,181.53635820801,3.26403509333133
66.2421278656137,99.3006091854045,4.30904791932631
622.452858346726,211.460284062481,4.2763536752627
252.168120201873,226.242689681473,3.8257626096024
571.194482148945,439.185359295671,3.89982621139057
298.165770982323,135.47574526379,3.91606767309277
533.358489015221,453.153623935837,3.68502629591223
39.1253115529791,415.565214527929,3.85553884670641
208.361941797843,285.556480250674,3.52743194777259
554.216576999741,261.371040001614,3.7520563912683
174.148228262083,40.264267489491,3.96645231613041
509.52643384204,349.739028469985,4.47203973963889
35.2879737496881,51.0614002583112,3.26455470107095
524.58729086875,160.898628511969,4.35500120339121
NA,NA,NA
662.458917951165,329.060136289897,3.50747003928733
454.018597905715,301.820988318776,3.60311039910522
10.5030526659466,497.732447132712,3.61961622798251
566.240834439336,50.7953515479385,4.08884774244365
71.0006126037133,372.5590113361,3.96194323239941
229.612702044574,412.928500585719,3.86030272359468
428.175212551659,12.4933916390629,3.52749589379774
362.285790711701,293.439777491682,2.97470917607619
601.031424999452,100.476664849054,4.21864515662359
390.339755044948,227.60321415579,4.10711206113973
564.830165711316,412.099311118884,4.80626001937027
140.293971021382,280.128461097239,4.64022863044412
203.60340938554,369.643211250376,4.0192714079343
127.790169721395,410.797751622915,3.44076359599433
628.695405426007,310.975872627791,4.4485892577076
1.57301215044374,149.1470360624,4.222445695349
545.047281659414,205.059921869044,4.40035230771813
30.9357012675473,491.699828724025,3.04514311900709
276.978733511752,22.778253522147,3.85321939111785
535.841505670064,395.997708790035,3.43685332561318
64.6116635040041,83.3540696097125,5.20297755786677
3.37964858524648,73.5350052021843,3.499577691585
587.463476365943,229.07720059684,4.12419067672974
442.6239723825,458.370529178138,4.82416282310122
660.234215217568,374.551854049419,3.07013229544836
108.224624880135,488.52833368767,4.38229320452904
623.095977359203,88.7178823879368,4.04485929119174
418.307800796066,256.705710758022,3.62109922509626
10.9637728341102,181.53635820801,3.26403509333133
66.2421278656137,99.3006091854045,4.30904791932631
622.452858346726,211.460284062481,4.2763536752627
252.168120201873,226.242689681473,3.8257626096024
571.194482148945,439.185359295671,3.89982621139057
298.165770982323,135.47574526379,3.91606767309277
533.358489015221,453.153623935837,3.68502629591223
39.1253115529791,415.565214527929,3.85553884670641
208.361941797843,285.556480250674,3.52743194777259
554.216576999741,261.371040001614,3.7520563912683
174.148228262083,40.264267489491,3.96645231613041
509.52643384204,349.739028469985,4.47203973963889
35.2879737496881,51.0614002583112,3.26455470107095
524.58729086875,160.898628511969,4.35500120339121
NA,NA,NA
661.643570555196,337.962193010813,3.42765126951702
455.757104685293,298.488148513183,3.81633233679173
10.3849077926476,495.00790024545,3.70113913275542
564.562756815033,53.6646693545749,4.21865375948343
69.1614756840854,377.548787859438,4.01828484246671
229.152849943338,411.656355382338,3.85268122504765
428.217993403924,13.1752754273003,3.30067539298637
361.666697546029,292.960064409052,2.99582821812348
605.238728250773,104.818992295658,4.23871416345668
394.361979155093,231.075289268662,4.22763043608952
574.472369753806,406.636443155268,4.79287462337246
144.708482926383,273.672139925192,4.71261941759122
201.420196113789,364.145391013244,3.92089744389284
123.605799316997,408.421048345452,3.40858446284416
625.244554036763,311.832528131759,4.39135971598476
5.77149766185343,149.81543602333,4.32050359624588
546.504243017277,203.731900228484,4.14382030860483
34.6456055412037,493.189420455756,3.00326517814402
281.770347848013,22.1485955001066,4.04006589636045
536.164267002228,391.203787722876,3.3801663908781
72.3437181219107,73.5189147102985,5.29432733546772
5.58938021658153,75.5283795800066,3.57208053543854
587.986815291597,227.620196783152,4.0194700588478
436.352808006585,451.845490594635,4.75607075713463
659.545390044074,372.193407423041,3.03690808068758
105.159072213584,485.948156040017,4.33406801306821
627.294497884638,91.3782004184953,4.10346980925224
419.3300717789,257.619930162499,3.62992699335485
10.7422370516185,183.586772155012,3.04629823649277
68.5842173525365,106.849067814742,4.62663159124224
617.662651830747,208.688380302571,4.38382147831458
248.897111779394,223.303001537833,3.71254091477561
571.485119670955,429.905994666895,3.94924589274188
299.80041186905,136.209019609194,4.0247456753166
525.406338765802,457.54545888226,3.50352217364778
44.8951045222474,426.795401700339,3.88279592689008
186.133498793386,286.134405377023,4.29351264933685
549.170780366073,266.42675901027,3.78622483526923
175.86705961149,16.8646099260762,4.30208375969525
497.461823197165,341.939675898437,4.37859349908546
38.3599676572551,54.8151911722357,4.20982492584655
549.466773256469,140.281853022959,4.86022955065926
NA,NA,NA
661.643570555196,337.962193010813,3.42765126951702
455.757104685293,298.488148513183,3.81633233679173
10.3849077926476,495.00790024545,3.70113913275542
564.562756815033,53.6646693545749,4.21865375948343
69.1614756840854,377.548787859438,4.01828484246671
229.152849943338,411.656355382338,3.85268122504765
428.217993403924,13.1752754273003,3.30067539298637
361.666697546029,292.960064409052,2.99582821812348
605.238728250773,104.818992295658,4.23871416345668
394.361979155093,231.075289268662,4.22763043608952
574.472369753806,406.636443155268,4.79287462337246
144.708482926383,273.672139925192,4.71261941759122
201.420196113789,364.145391013244,3.92089744389284
123.605799316997,408.421048345452,3.40858446284416
625.244554036763,311.832528131759,4.39135971598476
5.77149766185343,149.81543602333,4.32050359624588
546.504243017277,203.731900228484,4.14382030860483
34.6456055412037,493.189420455756,3.00326517814402
281.770347848013,22.1485955001066,4.04006589636045
536.164267002228,391.203787722876,3.3801663908781
72.3437181219107,73.5189147102985,5.29432733546772
5.58938021658153,75.5283795800066,3.57208053543854
587.986815291597,227.620196783152,4.0194700588478
436.352808006585,451.845490594635,4.75607075713463
659.545390044074,372.193407423041,3.03690808068758
105.159072213584,485.948156040017,4.33406801306821
627.294497884638,91.3782004184953,4.10346980925224
419.3300717789,257.619930162499,3.62992699335485
10.7422370516185,183.586772155012,3.04629823649277
68.5842173525365,106.849067814742,4.62663159124224
617.662651830747,208.688380302571,4.38382147831458
248.897111779394,223.303001537833,3.71254091477561
571.485119670955,429.905994666895,3.94924589274188
299.80041186905,136.209019609194,4.0247456753166
525.406338765802,457.54545888226,3.50352217364778
44.8951045222474,426.795401700339,3.88279592689008
186.133498793386,286.134405377023,4.29351264933685
549.170780366073,266.42675901027,3.78622483526923
175.86705961149,16.8646099260762,4.30208375969525
497.461823197165,341.939675898437,4.37859349908546
38.3599676572551,54.8151911722357,4.20982492584655
549.466773256469,140.281853022959,4.86022955065926
NA,NA,NA
661.643570555196,337.962193010813,3.42765126951702
455.757104685293,298.488148513183,3.81633233679173
10.3849077926476,495.00790024545,3.70113913275542
564.562756815033,53.6646693545749,4.21865375948343
69.1614756840854,377.548787859438,4.01828484246671
229.152849943338,411.656355382338,3.85268122504765
428.217993403924,13.1752754273003,3.30067539298637
361.666697546029,292.960064409052,2.99582821812348
605.238728250773,104.818992295658,4.23871416345668
394.361979155093,231.075289268662,4.22763043608952
574.472369753806,406.636443155268,4.79287462337246
144.708482926383,273.672139925192,4.71261941759122
201.420196113789,364.145391013244,3.92089744389284
123.605799316997,408.421048345452,3.40858446284416
625.244554036763,311.832528131759,4.39135971598476
5.77149766185343,149.81543602333,4.32050359624588
546.504243017277,203.731900228484,4.14382030860483
34.6456055412037,493.189420455756,3.00326517814402
281.770347848013,22.1485955001066,4.04006589636045
536.164267002228,391.203787722876,3.3801663908781
72.3437181219107,73.5189147102985,5.29432733546772
5.58938021658153,75.5283795800066,3.57208053543854
587.986815291597,227.620196783152,4.0194700588478
436.352808006585,451.845490594635,4.75607075713463
659.545390044074,372.193407423041,3.03690808068758
105.159072213584,485.948156040017,4.33406801306821
627.294497884638,91.3782004184953,4.10346980925224
419.3300717789,257.619930162499,3.62992699335485
10.7422370516185,183.586772155012,3.04629823649277
68.5842173525365,106.849067814742,4.62663159124224
617.662651830747,208.688380302571,4.38382147831458
248.897111779394,223.303001537833,3.71254091477561
571.485119670955,429.905994666895,3.94924589274188
299.80041186905,136.209019609194,4.0247456753166
525.406338765802,457.54545888226,3.50352217364778
44.8951045222474,426.795401700339,3.88279592689008
186.133498793386,286.134405377023,4.29351264933685
549.170780366073,266.42675901027,3.78622483526923
175.86705961149,16.8646099260762,4.30208375969525
497.461823197165,341.939675898437,4.37859349908546
38.3599676572551,54.8151911722357,4.20982492584655
549.466773256469,140.281853022959,4.86022955065926
NA,NA,NA
661.643570555196,337.962193010813,3.42765126951702
455.757104685293,298.488148513183,3.81633233679173
10.3849077926476,495.00790024545,3.70113913275542
564.562756815033,53.6646693545749,4.21865375948343
69.1614756840854,377.548787859438,4.01828484246671
229.152849943338,411.656355382338,3.85268122504765
428.217993403924,13.1752754273003,3.30067539298637
361.666697546029,292.960064409052,2.99582821812348
605.238728250773,104.818992295658,4.23871416345668
394.361979155093,231.075289268662,4.22763043608952
574.472369753806,406.636443155268,4.79287462337246
144.708482926383,273.672139925192,4.71261941759122
201.420196113789,364.145391013244,3.92089744389284
123.605799316997,408.421048345452,3.40858446284416
625.244554036763,311.832528131759,4.39135971598476
5.77149766185343,149.81543602333,4.32050359624588
546.504243017277,203.731900228484,4.14382030860483
34.6456055412037,493.189420455756,3.00326517814402
281.770347848013,22.1485955001066,4.04006589636045
536.164267002228,391.203787722876,3.3801663908781
72.3437181219107,73.5189147102985,5.29432733546772
5.58938021658153,75.5283795800066,3.57208053543854
587.986815291597,227.620196783152,4.0194700588478
436.352808006585,451.845490594635,4.75607075713463
659.545390044074,372.193407423041,3.03690808068758
105.159072213584,485.948156040017,4.33406801306821
627.294497884638,91.3782004184953,4.10346980925224
419.3300717789,257.619930162499,3.62992699335485
10.7422370516185,183.586772155012,3.04629823649277
68.5842173525365,106.849067814742,4.62663159124224
617.662651830747,208.688380302571,4.38382147831458
248.897111779394,223.303001537833,3.71254091477561
571.485119670955,429.905994666895,3.94924589274188
299.80041186905,136.209019609194,4.0247456753166
525.406338765802,457.54545888226,3.50352217364778
44.8951045222474,426.795401700339,3.88279592689008
186.133498793386,286.134405377023,4.29351264933685
549.170780366073,266.42675901027,3.78622483526923
175.86705961149,16.8646099260762,4.30208375969525
497.461823197165,341.939675898437,4.37859349908546
38.3599676572551,54.8151911722357,4.20982492584655
549.466773256469,140.281853022959,4.86022955065926
NA,NA,NA
661.643570555196,337.962193010813,3.42765126951702
455.757104685293,298.488148513183,3.81633233679173
10.3849077926476,495.00790024545,3.70113913275542
564.562756815033,53.6646693545749,4.21865375948343
69.1614756840854,377.548787859438,4.01828484246671
229.152849943338,411.656355382338,3.85268122504765
428.217993403924,13.1752754273003,3.30067539298637
361.666697546029,292.960064409052,2.99582821812348
605.238728250773,104.818992295658,4.23871416345668
394.361979155093,231.075289268662,4.22763043608952
574.472369753806,406.636443155268,4.79287462337246
144.708482926383,273.672139925192,4.71261941759122
201.420196113789,364.145391013244,3.92089744389284
123.605799316997,408.421048345452,3.40858446284416
625.244554036763,311.832528131759,4.39135971598476
5.77149766185343,149.81543602333,4.32050359624588
546.504243017277,203.731900228484,4.14382030860483
34.6456055412037,493.189420455756,3.00326517814402
281.770347848013,22.1485955001066,4.04006589636045
536.164267002228,391.203787722876,3.3801663908781
72.3437181219107,73.5189147102985,5.29432733546772
5.58938021658153,75.5283795800066,3.57208053543854
587.986815291597,227.620196783152,4.0194700588478
436.352808006585,451.845490594635,4.75607075713463
659.545390044074,372.193407423041,3.03690808068758
105.159072213584,485.948156040017,4.33406801306821
627.294497884638,91.3782004184953,4.10346980925224
419.3300717789,257.619930162499,3.62992699335485
10.7422370516185,183.586772155012,3.04629823649277
68.5842173525365,106.849067814742,4.62663159124224
617.662651830747,208.688380302571,4.38382147831458
248.897111779394,223.303001537833,3.71254091477561
571.485119670955,429.905994666895,3.94924589274188
299.80041186905,136.209019609194,4.0247456753166
525.406338765802,457.54545888226,3.50352217364778
44.8951045222474,426.795401700339,3.88279592689008
186.133498793386,286.134405377023,4.29351264933685
549.170780366073,266.42675901027,3.78622483526923
175.86705961149,16.8646099260762,4.30208375969525
497.461823197165,341.939675898437,4.37859349908546
38.3599676572551,54.8151911722357,4.20982492584655
549.466773256469,140.281853022959,4.86022955065926
NA,NA,NA
661.643570555196,337.962193010813,3.42765126951702
455.757104685293,298.488148513183,3.81633233679173
10.3849077926476,495.00790024545,3.70113913275542
564.562756815033,53.6646693545749,4.21865375948343
69.1614756840854,377.548787859438,4.01828484246671
229.152849943338,411.656355382338,3.85268122504765
428.217993403924,13.1752754273003,3.30067539298637
361.666697546029,292.960064409052,2.99582821812348
605.238728250773,104.818992295658,4.23871416345668
394.361979155093,231.075289268662,4.22763043608952
574.472369753806,406.636443155268,4.79287462337246
144.708482926383,273.672139925192,4.71261941759122
201.420196113789,364.145391013244,3.92089744389284
123.605799316997,408.421048345452,3.40858446284416
625.244554036763,311.832528131759,4.39135971598476
5.77149766185343,149.81543602333,4.32050359624588
546.504243017277,203.731900228484,4.14382030860483
34.6456055412037,493.189420455756,3.00326517814402
281.770347848013,22.1485955001066,4.04006589636045
536.164267002228,391.203787722876,3.3801663908781
72.3437181219107,73.5189147102985,5.29432733546772
5.58938021658153,75.5283795800066,3.57208053543854
587.986815291597,227.620196783152,4.0194700588478
436.352808006585,451.845490594635,4.75607075713463
659.545390044074,372.193407423041,3.03690808068758
105.159072213584,485.948156040017,4.33406801306821
627.294497884638,91.3782004184953,4.10346980925224
419.3300717789,257.619930162499,3.62992699335485
10.7422370516185,183.586772155012,3.04629823649277
68.5842173525365,106.849067814742,4.62663159124224
617.662651830747,208.688380302571,4.38382147831458
248.897111779394,223.303001537833,3.71254091477561
571.485119670955,429.905994666895,3.94924589274188
299.80041186905,136.209019609194,4.0247456753166
525.406338765802,457.54545888226,3.50352217364778
44.8951045222474,426.795401700339,3.88279592689008
186.133498793386,286.134405377023,4.29351264933685
549.170780366073,266.42675901027,3.78622483526923
175.86705961149,16.8646099260762,4.30208375969525
497.461823197165,341.939675898437,4.37859349908546
38.3599676572551,54.8151911722357,4.20982492584655
549.466773256469,140.281853022959,4.86022955065926
NA,NA,NA
659.066079683148,336.428018509008,3.63323412835416
455.333192585815,298.040534143824,3.57072298450696
5.87065982743627,498.58174000745,3.67777536874517
561.020563278213,51.9994339669053,4.27048641000426
73.6432806983629,376.072609925307,3.95982106412068
226.897794603224,420.430700113341,3.88015040807562
426.892787197015,11.9666164421171,3.42892510828613
363.209454771838,293.635858798189,3.12405812784554
601.078240349285,104.18238443206,4.31349099183141
392.416811392324,231.921329731392,4.21407907316969
570.776179815402,404.430070927964,4.69598274398778
140.732228526846,286.343317734072,4.62175403315977
201.956363067295,364.510095503319,4.09999243360515
124.924944927421,411.195322776352,3.36632033708657
625.937927345614,307.262204518617,4.51908169856242
-0.582405496828566,148.751323277238,4.2696858355977
544.012537176646,205.236149820046,4.05955402435196
35.3194273217091,491.276120770912,2.9046483621672
275.439118801542,21.4256463745084,4.03859658166226
534.93993092954,394.086655843775,3.46892741304332
72.4664252476664,83.9322375509132,5.33576397663629
9.12437272472486,75.4052407737351,3.28486474326315
584.827018506888,222.676511160809,3.94248007961797
444.360802352434,459.51359086796,4.68567622272909
659.527594410859,373.631018914823,3.19075574317652
112.003394567199,485.478341882026,4.37555593403097
625.192617246712,90.5268842160611,4.0782420958558
422.303793078703,257.217060529442,3.64121260409834
9.522002412443,180.395680135147,3.07743757452668
64.0352446063765,122.062410353507,4.58049565091727
626.228123982776,204.460702837267,4.35909767912198
261.843832575216,215.71288167349,3.82353131878552
569.880134175429,433.808660811274,3.80372691949204
300.722280807754,137.470768963233,3.97112337443445
517.996275040517,454.756237325979,3.47617717746764
50.7288586759956,408.482300853298,3.70792246248918
197.74711361964,286.107815017755,4.4698772813712
546.614103237265,270.771851575972,3.61817260584309
173.529420277606,24.0329543268402,4.19264854913686
500.16897023377,348.774173971593,4.45589126811575
29.3071147488055,52.9145155081766,3.63090931603826
517.255809778282,159.112394817778,4.48187294279426
NA,NA,NA
659.066079683148,336.428018509008,3.63323412835416
455.333192585815,298.040534143824,3.57072298450696
5.87065982743627,498.58174000745,3.67777536874517
561.020563278213,51.9994339669053,4.27048641000426
73.6432806983629,376.072609925307,3.95982106412068
226.897794603224,420.430700113341,3.88015040807562
426.892787197015,11.9666164421171,3.42892510828613
363.209454771838,293.635858798189,3.12405812784554
601.078240349285,104.18238443206,4.31349099183141
392.416811392324,231.921329731392,4.21407907316969
570.776179815402,404.430070927964,4.69598274398778
140.732228526846,286.343317734072,4.62175403315977
201.956363067295,364.510095503319,4.09999243360515
124.924944927421,411.195322776352,3.36632033708657
625.937927345614,307.262204518617,4.51908169856242
-0.582405496828566,148.751323277238,4.2696858355977
544.012537176646,205.236149820046,4.05955402435196
35.3194273217091,491.276120770912,2.9046483621672
275.439118801542,21.4256463745084,4.03859658166226
534.93993092954,394.086655843775,3.46892741304332
72.4664252476664,83.9322375509132,5.33576397663629
9.12437272472486,75.4052407737351,3.28486474326315
584.827018506888,222.676511160809,3.94248007961797
444.360802352434,459.51359086796,4.68567622272909
659.527594410859,373.631018914823,3.19075574317652
112.003394567199,485.478341882026,4.37555593403097
625.192617246712,90.5268842160611,4.0782420958558
422.303793078703,257.217060529442,3.64121260409834
9.522002412443,180.395680135147,3.07743757452668
64.0352446063765,122.062410353507,4.58049565091727
626.228123982776,204.460702837267,4.35909767912198
261.843832575216,215.71288167349,3.82353131878552
569.880134175429,433.808660811274,3.80372691949204
300.722280807754,137.470768963233,3.97112337443445
517.996275040517,454.756237325979,3.47617717746764
50.7288586759956,408.482300853298,3.70792246248918
197.74711361964,286.107815017755,4.4698772813712
546.614103237265,270.771851575972,3.61817260584309
173.529420277606,24.0329543268402,4.19264854913686
500.16897023377,348.774173971593,4.45589126811575
29.3071147488055,52.9145155081766,3.63090931603826
517.255809778282,159.112394817778,4.48187294279426
NA,NA,NA
659.066079683148,336.428018509008,3.63323412835416
455.333192585815,298.040534143824,3.57072298450696
5.87065982743627,498.58174000745,3.67777536874517
561.020563278213,51.9994339669053,4.27048641000426
73.6432806983629,376.072609925307,3.95982106412068
226.897794603224,420.430700113341,3.88015040807562
426.892787197015,11.9666164421171,3.42892510828613
363.209454771838,293.635858798189,3.12405812784554
601.078240349285,104.18238443206,4.31349099183141
392.416811392324,231.921329731392,4.21407907316969
570.776179815402,404.430070927964,4.69598274398778
140.732228526846,286.343317734072,4.62175403315977
201.956363067295,364.510095503319,4.09999243360515
124.924944927421,411.195322776352,3.36632033708657
625.937927345614,307.262204518617,4.51908169856242
-0.582405496828566,148.751323277238,4.2696858355977
544.012537176646,205.236149820046,4.05955402435196
35.3194273217091,491.276120770912,2.9046483621672
275.439118801542,21.4256463745084,4.03859658166226
534.93993092954,394.086655843775,3.46892741304332
72.4664252476664,83.9322375509132,5.33576397663629
9.12437272472486,75.4052407737351,3.28486474326315
584.827018506888,222.676511160809,3.94248007961797
444.360802352434,459.51359086796,4.68567622272909
659.527594410859,373.631018914823,3.19075574317652
112.003394567199,485.478341882026,4.37555593403097
625.192617246712,90.5268842160611,4.0782420958558
422.303793078703,257.217060529442,3.64121260409834
9.522002412443,180.395680135147,3.07743757452668
64.0352446063765,122.062410353507,4.58049565091727
626.228123982776,204.460702837267,4.35909767912198
261.843832575216,215.71288167349,3.82353131878552
569.880134175429,433.808660811274,3.80372691949204
300.722280807754,137.470768963233,3.97112337443445
517.996275040517,454.756237325979,3.47617717746764
50.7288586759956,408.482300853298,3.70792246248918
197.74711361964,286.107815017755,4.4698772813712
546.614103237265,270.771851575972,3.61817260584309
173.529420277606,24.0329543268402,4.19264854913686
500.16897023377,348.774173971593,4.45589126811575
29.3071147488055,52.9145155081766,3.63090931603826
517.255809778282,159.112394817778,4.48187294279426
NA,NA,NA
659.066079683148,336.428018509008,3.63323412835416
455.333192585815,298.040534143824,3.57072298450696
5.87065982743627,498.58174000745,3.67777536874517
561.020563278213,51.9994339669053,4.27048641000426
73.6432806983629,376.072609925307,3.95982106412068
226.897794603224,420.430700113341,3.88015040807562
426.892787197015,11.9666164421171,3.42892510828613
363.209454771838,293.635858798189,3.12405812784554
601.078240349285,104.18238443206,4.31349099183141
392.416811392324,231.921329731392,4.21407907316969
570.776179815402,404.430070927964,4.69598274398778
140.732228526846,286.343317734072,4.62175403315977
201.956363067295,364.510095503319,4.09999243360515
124.924944927421,411.195322776352,3.36632033708657
625.937927345614,307.262204518617,4.51908169856242
-0.582405496828566,148.751323277238,4.2696858355977
544.012537176646,205.236149820046,4.05955402435196
35.3194273217091,491.276120770912,2.9046483621672
275.439118801542,21.4256463745084,4.03859658166226
534.93993092954,394.086655843775,3.46892741304332
72.4664252476664,83.9322375509132,5.33576397663629
9.12437272472486,75.4052407737351,3.28486474326315
584.827018506888,222.676511160809,3.94248007961797
444.360802352434,459.51359086796,4.68567622272909
659.527594410859,373.631018914823,3.19075574317652
112.003394567199,485.478341882026,4.37555593403097
625.192617246712,90.5268842160611,4.0782420958558
422.303793078703,257.217060529442,3.64121260409834
9.522002412443,180.395680135147,3.07743757452668
64.0352446063765,122.062410353507,4.58049565091727
626.228123982776,204.460702837267,4.35909767912198
261.843832575216,215.71288167349,3.82353131878552
569.880134175429,433.808660811274,3.80372691949204
300.722280807754,137.470768963233,3.97112337443445
517.996275040517,454.756237325979,3.47617717746764
50.7288586759956,408.482300853298,3.70792246248918
197.74711361964,286.107815017755,4.4698772813712
546.614103237265,270.771851575972,3.61817260584309
173.529420277606,24.0329543268402,4.19264854913686
500.16897023377,348.774173971593,4.45589126811575
29.3071147488055,52.9145155081766,3.63090931603826
517.255809778282,159.112394817778,4.48187294279426
NA,NA,NA
659.066079683148,336.428018509008,3.63323412835416
455.333192585815,298.040534143824,3.57072298450696
5.87065982743627,498.58174000745,3.67777536874517
561.020563278213,51.9994339669053,4.27048641000426
73.6432806983629,376.072609925307,3.95982106412068
226.897794603224,420.430700113341,3.88015040807562
426.892787197015,11.9666164421171,3.42892510828613
363.209454771838,293.635858798189,3.12405812784554
601.078240349285,104.18238443206,4.31349099183141
392.416811392324,231.921329731392,4.21407907316969
570.776179815402,404.430070927964,4.69598274398778
140.732228526846,286.343317734072,4.62175403315977
201.956363067295,364.510095503319,4.09999243360515
124.924944927421,411.195322776352,3.36632033708657
625.937927345614,307.262204518617,4.51908169856242
-0.582405496828566,148.751323277238,4.2696858355977
544.012537176646,205.236149820046,4.05955402435196
35.3194273217091,491.276120770912,2.9046483621672
275.439118801542,21.4256463745084,4.03859658166226
534.93993092954,394.086655843775,3.46892741304332
72.4664252476664,83.9322375509132,5.33576397663629
9.12437272472486,75.4052407737351,3.28486474326315
584.827018506888,222.676511160809,3.94248007961797
444.360802352434,459.51359086796,4.68567622272909
659.527594410859,373.631018914823,3.19075574317652
112.003394567199,485.478341882026,4.37555593403097
625.192617246712,90.5268842160611,4.0782420958558
422.303793078703,257.217060529442,3.64121260409834
9.522002412443,180.395680135147,3.07743757452668
64.0352446063765,122.062410353507,4.58049565091727
626.228123982776,204.460702837267,4.35909767912198
261.843832575216,215.71288167349,3.82353131878552
569.880134175429,433.808660811274,3.80372691949204
300.722280807754,137.470768963233,3.97112337443445
517.996275040517,454.756237325979,3.47617717746764
50.7288586759956,408.482300853298,3.70792246248918
197.74711361964,286.107815017755,4.4698772813712
546.614103237265,270.771851575972,3.61817260584309
173.529420277606,24.0329543268402,4.19264854913686
500.16897023377,348.774173971593,4.45589126811575
29.3071147488055,52.9145155081766,3.63090931603826
517.255809778282,159.112394817778,4.48187294279426
NA,NA,NA
659.066079683148,336.428018509008,3.63323412835416
455.333192585815,298.040534143824,3.57072298450696
5.87065982743627,498.58174000745,3.67777536874517
561.020563278213,51.9994339669053,4.27048641000426
73.6432806983629,376.072609925307,3.95982106412068
226.897794603224,420.430700113341,3.88015040807562
426.892787197015,11.9666164421171,3.42892510828613
363.209454771838,293.635858798189,3.12405812784554
601.078240349285,104.18238443206,4.31349099183141
392.416811392324,231.921329731392,4.21407907316969
570.776179815402,404.430070927964,4.69598274398778
140.732228526846,286.343317734072,4.62175403315977
201.956363067295,364.510095503319,4.09999243360515
124.924944927421,411.195322776352,3.36632033708657
625.937927345614,307.262204518617,4.51908169856242
-0.582405496828566,148.751323277238,4.2696858355977
544.012537176646,205.236149820046,4.05955402435196
35.3194273217091,491.276120770912,2.9046483621672
275.439118801542,21.4256463745084,4.03859658166226
534.93993092954,394.086655843775,3.46892741304332
72.4664252476664,83.9322375509132,5.33576397663629
9.12437272472486,75.4052407737351,3.28486474326315
584.827018506888,222.676511160809,3.94248007961797
444.360802352434,459.51359086796,4.68567622272909
659.527594410859,373.631018914823,3.19075574317652
112.003394567199,485.478341882026,4.37555593403097
625.192617246712,90.5268842160611,4.0782420958558
422.303793078703,257.217060529442,3.64121260409834
9.522002412443,180.395680135147,3.07743757452668
64.0352446063765,122.062410353507,4.58049565091727
626.228123982776,204.460702837267,4.35909767912198
261.843832575216,215.71288167349,3.82353131878552
569.880134175429,433.808660811274,3.80372691949204
300.722280807754,137.470768963233,3.97112337443445
517.996275040517,454.756237325979,3.47617717746764
50.7288586759956,408.482300853298,3.70792246248918
197.74711361964,286.107815017755,4.4698772813712
546.614103237265,270.771851575972,3.61817260584309
173.529420277606,24.0329543268402,4.19264854913686
500.16897023377,348.774173971593,4.45589126811575
29.3071147488055,52.9145155081766,3.63090931603826
517.255809778282,159.112394817778,4.48187294279426
NA,NA,NA
661.241794498551,337.482878057336,3.52591797778501
454.422784987997,295.663651512285,3.67828160826998
6.15965650625718,496.662485466967,3.60441591377276
560.687226242517,51.5175808223423,4.1407328962136
73.3046157889208,371.226680491743,3.90071994940893
228.91248653163,415.080208281929,3.84983773412475
427.637107363966,16.6301715998199,3.22107402544716
362.884461839257,294.576166512539,2.98509008298677
604.171446958082,104.817904687921,4.25469159942897
392.469013297985,227.055360218566,4.13413576591242
574.755220758569,411.339696922166,4.74024470386573
140.701881690949,280.829399050136,4.73521494892898
202.369914860524,370.221953016887,4.05662455289949
123.099842000144,411.317610956807,3.4539989335602
625.923402121753,312.608750782159,4.4366828557896
5.86627442052256,149.70020099932,4.30231133023475
544.553781880352,199.001185247463,4.26646416084849
35.8576313451978,491.013115250691,3.11277680676284
282.876760641533,22.284880258168,3.96069201354865
533.845306032906,389.840762426708,3.36607917600374
74.615549158912,76.2345957813984,5.20734673570779
7.89320244997578,77.5996583832017,3.49315461101064
586.33758038086,225.537165051414,3.97350684344905
440.199719148205,463.366735113694,4.90036213678358
662.12567285635,375.34826226426,3.41432394757067
101.665125121384,489.567997968202,4.37116655503962
619.475031642843,89.7464850481779,4.04623474331014
421.987794032784,257.464775965738,3.62608319995682
10.9870734833782,181.13068409802,3.11180876722715
73.0987266931745,107.382449449446,4.10996414073786
628.115261370419,206.310952002054,4.33932482200853
254.767829101919,215.878693248872,3.85097073228408
570.756186402534,433.049391244891,3.68210319253553
299.529046067508,140.466579308397,3.96900279751072
533.302703733746,449.342079023181,3.36311430344332
47.7866565563991,415.506417117492,3.76610591674803
191.112410560216,296.558523514511,4.13336453159047
555.109689550527,264.473820919717,3.68910646388743
160.886623734625,31.6264141850858,4.37828692314736
501.655187928905,342.624875187477,4.72992929796904
36.907693966398,47.0156850574891,4.11901763233303
538.940565025305,153.456777733736,4.45880585792344
NA,NA,NA
661.241794498551,337.482878057336,3.52591797778501
454.422784987997,295.663651512285,3.67828160826998
6.15965650625718,496.662485466967,3.60441591377276
560.687226242517,51.5175808223423,4.1407328962136
73.3046157889208,371.226680491743,3.90071994940893
228.91248653163,415.080208281929,3.84983773412475
427.637107363966,16.6301715998199,3.22107402544716
362.884461839257,294.576166512539,2.98509008298677
604.171446958082,104.817904687921,4.25469159942897
392.469013297985,227.055360218566,4.13413576591242
574.755220758569,411.339696922166,4.74024470386573
140.701881690949,280.829399050136,4.73521494892898
202.369914860524,370.221953016887,4.05662455289949
123.099842000144,411.317610956807,3.4539989335602
625.923402121753,312.608750782159,4.4366828557896
5.86627442052256,149.70020099932,4.30231133023475
544.553781880352,199.001185247463,4.26646416084849
35.8576313451978,491.013115250691,3.11277680676284
282.876760641533,22.284880258168,3.96069201354865
533.845306032906,389.840762426708,3.36607917600374
74.615549158912,76.2345957813984,5.20734673570779
7.89320244997578,77.5996583832017,3.49315461101064
586.33758038086,225.537165051414,3.97350684344905
440.199719148205,463.366735113694,4.90036213678358
662.12567285635,375.34826226426,3.41432394757067
101.665125121384,489.567997968202,4.37116655503962
619.475031642843,89.7464850481779,4.04623474331014
421.987794032784,257.464775965738,3.62608319995682
10.9870734833782,181.13068409802,3.11180876722715
73.0987266931745,107.382449449446,4.10996414073786
628.115261370419,206.310952002054,4.33932482200853
254.767829101919,215.878693248872,3.85097073228408
570.756186402534,433.049391244891,3.68210319253553
299.529046067508,140.466579308397,3.96900279751072
533.302703733746,449.342079023181,3.36311430344332
47.7866565563991,415.506417117492,3.76610591674803
191.112410560216,296.558523514511,4.13336453159047
555.109689550527,264.473820919717,3.68910646388743
160.886623734625,31.6264141850858,4.37828692314736
501.655187928905,342.624875187477,4.72992929796904
36.907693966398,47.0156850574891,4.11901763233303
538.940565025305,153.456777733736,4.45880585792344
NA,NA,NA
661.241794498551,337.482878057336,3.52591797778501
454.422784987997,295.663651512285,3.67828160826998
6.15965650625718,496.662485466967,3.60441591377276
560.687226242517,51.5175808223423,4.1407328962136
73.3046157889208,371.226680491743,3.90071994940893
228.91248653163,415.080208281929,3.84983773412475
427.637107363966,16.6301715998199,3.22107402544716
362.884461839257,294.576166512539,2.98509008298677
604.171446958082,104.817904687921,4.25469159942897
392.469013297985,227.055360218566,4.13413576591242
574.755220758569,411.339696922166,4.74024470386573
140.701881690949,280.829399050136,4.73521494892898
202.369914860524,370.221953016887,4.05662455289949
123.099842000144,411.317610956807,3.4539989335602
625.923402121753,312.608750782159,4.4366828557896
5.86627442052256,149.70020099932,4.30231133023475
544.553781880352,199.001185247463,4.26646416084849
35.8576313451978,491.013115250691,3.11277680676284
282.876760641533,22.284880258168,3.96069201354865
533.845306032906,389.840762426708,3.36607917600374
74.615549158912,76.2345957813984,5.20734673570779
7.89320244997578,77.5996583832017,3.49315461101064
586.33758038086,225.537165051414,3.97350684344905
440.199719148205,463.366735113694,4.90036213678358
662.12567285635,375.34826226426,3.41432394757067
101.665125121384,489.567997968202,4.37116655503962
619.475031642843,89.7464850481779,4.04623474331014
421.987794032784,257.464775965738,3.62608319995682
10.9870734833782,181.13068409802,3.11180876722715
73.0987266931745,107.382449449446,4.10996414073786
628.115261370419,206.310952002054,4.33932482200853
254.767829101919,215.878693248872,3.85097073228408
570.756186402534,433.049391244891,3.68210319253553
299.529046067508,140.466579308397,3.96900279751072
533.302703733746,449.342079023181,3.36311430344332
47.7866565563991,415.506417117492,3.76610591674803
191.112410560216,296.558523514511,4.13336453159047
555.109689550527,264.473820919717,3.68910646388743
160.886623734625,31.6264141850858,4.37828692314736
501.655187928905,342.624875187477,4.72992929796904
36.907693966398,47.0156850574891,4.11901763233303
538.940565025305,153.456777733736,4.45880585792344
NA,NA,NA
661.241794498551,337.482878057336,3.52591797778501
454.422784987997,295.663651512285,3.67828160826998
6.15965650625718,496.662485466967,3.60441591377276
560.687226242517,51.5175808223423,4.1407328962136
73.3046157889208,371.226680491743,3.90071994940893
228.91248653163,415.080208281929,3.84983773412475
427.637107363966,16.6301715998199,3.22107402544716
362.884461839257,294.576166512539,2.98509008298677
604.171446958082,104.817904687921,4.25469159942897
392.469013297985,227.055360218566,4.13413576591242
574.755220758569,411.339696922166,4.74024470386573
140.701881690949,280.829399050136,4.73521494892898
202.369914860524,370.221953016887,4.05662455289949
123.099842000144,411.317610956807,3.4539989335602
625.923402121753,312.608750782159,4.4366828557896
5.86627442052256,149.70020099932,4.30231133023475
544.553781880352,199.001185247463,4.26646416084849
35.8576313451978,491.013115250691,3.11277680676284
282.876760641533,22.284880258168,3.96069201354865
533.845306032906,389.840762426708,3.36607917600374
74.615549158912,76.2345957813984,5.20734673570779
7.89320244997578,77.5996583832017,3.49315461101064
586.33758038086,225.537165051414,3.97350684344905
440.199719148205,463.366735113694,4.90036213678358
662.12567285635,375.34826226426,3.41432394757067
101.665125121384,489.567997968202,4.37116655503962
619.475031642843,89.7464850481779,4.04623474331014
421.987794032784,257.464775965738,3.62608319995682
10.9870734833782,181.13068409802,3.11180876722715
73.0987266931745,107.382449449446,4.10996414073786
628.115261370419,206.310952002054,4.33932482200853
254.767829101919,215.878693248872,3.85097073228408
570.756186402534,433.049391244891,3.68210319253553
299.529046067508,140.466579308397,3.96900279751072
533.302703733746,449.342079023181,3.36311430344332
47.7866565563991,415.506417117492,3.76610591674803
191.112410560216,296.558523514511,4.13336453159047
555.109689550527,264.473820919717,3.68910646388743
160.886623734625,31.6264141850858,4.37828692314736
501.655187928905,342.624875187477,4.72992929796904
36.907693966398,47.0156850574891,4.11901763233303
538.940565025305,153.456777733736,4.45880585792344
NA,NA,NA
661.241794498551,337.482878057336,3.52591797778501
454.422784987997,295.663651512285,3.67828160826998
6.15965650625718,496.662485466967,3.60441591377276
560.687226242517,51.5175808223423,4.1407328962136
73.3046157889208,371.226680491743,3.90071994940893
228.91248653163,415.080208281929,3.84983773412475
427.637107363966,16.6301715998199,3.22107402544716
362.884461839257,294.576166512539,2.98509008298677
604.171446958082,104.817904687921,4.25469159942897
392.469013297985,227.055360218566,4.13413576591242
574.755220758569,411.339696922166,4.74024470386573
140.701881690949,280.829399050136,4.73521494892898
202.369914860524,370.221953016887,4.05662455289949
123.099842000144,411.317610956807,3.4539989335602
625.923402121753,312.608750782159,4.4366828557896
5.86627442052256,149.70020099932,4.30231133023475
544.553781880352,199.001185247463,4.26646416084849
35.8576313451978,491.013115250691,3.11277680676284
282.876760641533,22.284880258168,3.96069201354865
533.845306032906,389.840762426708,3.36607917600374
74.615549158912,76.2345957813984,5.20734673570779
7.89320244997578,77.5996583832017,3.49315461101064
586.33758038086,225.537165051414,3.97350684344905
440.199719148205,463.366735113694,4.90036213678358
662.12567285635,375.34826226426,3.41432394757067
101.665125121384,489.567997968202,4.37116655503962
619.475031642843,89.7464850481779,4.04623474331014
421.987794032784,257.464775965738,3.62608319995682
10.9870734833782,181.13068409802,3.11180876722715
73.0987266931745,107.382449449446,4.10996414073786
628.115261370419,206.310952002054,4.33932482200853
254.767829101919,215.878693248872,3.85097073228408
570.756186402534,433.049391244891,3.68210319253553
299.529046067508,140.466579308397,3.96900279751072
533.302703733746,449.342079023181,3.36311430344332
47.7866565563991,415.506417117492,3.76610591674803
191.112410560216,296.558523514511,4.13336453159047
555.109689550527,264.473820919717,3.68910646388743
160.886623734625,31.6264141850858,4.37828692314736
501.655187928905,342.624875187477,4.72992929796904
36.907693966398,47.0156850574891,4.11901763233303
538.940565025305,153.456777733736,4.45880585792344
NA,NA,NA
661.241794498551,337.482878057336,3.52591797778501
454.422784987997,295.663651512285,3.67828160826998
6.15965650625718,496.662485466967,3.60441591377276
560.687226242517,51.5175808223423,4.1407328962136
73.3046157889208,371.226680491743,3.90071994940893
228.91248653163,415.080208281929,3.84983773412475
427.637107363966,16.6301715998199,3.22107402544716
362.884461839257,294.576166512539,2.98509008298677
604.171446958082,104.817904687921,4.25469159942897
392.469013297985,227.055360218566,4.13413576591242
574.755220758569,411.339696922166,4.74024470386573
140.701881690949,280.829399050136,4.73521494892898
202.369914860524,370.221953016887,4.05662455289949
123.099842000144,411.317610956807,3.4539989335602
625.923402121753,312.608750782159,4.4366828557896
5.86627442052256,149.70020099932,4.30231133023475
544.553781880352,199.001185247463,4.26646416084849
35.8576313451978,491.013115250691,3.11277680676284
282.876760641533,22.284880258168,3.96069201354865
533.845306032906,389.840762426708,3.36607917600374
74.615549158912,76.2345957813984,5.20734673570779
7.89320244997578,77.5996583832017,3.49315461101064
586.33758038086,225.537165051414,3.97350684344905
440.199719148205,463.366735113694,4.90036213678358
662.12567285635,375.34826226426,3.41432394757067
101.665125121384,489.567997968202,4.37116655503962
619.475031642843,89.7464850481779,4.04623474331014
421.987794032784,257.464775965738,3.62608319995682
10.9870734833782,181.13068409802,3.11180876722715
73.0987266931745,107.382449449446,4.10996414073786
628.115261370419,206.310952002054,4.33932482200853
254.767829101919,215.878693248872,3.85097073228408
570.756186402534,433.049391244891,3.68210319253553
299.529046067508,140.466579308397,3.96900279751072
533.302703733746,449.342079023181,3.36311430344332
47.7866565563991,415.506417117492,3.76610591674803
191.112410560216,296.558523514511,4.13336453159047
555.109689550527,264.473820919717,3.68910646388743
160.886623734625,31.6264141850858,4.37828692314736
501.655187928905,342.624875187477,4.72992929796904
36.907693966398,47.0156850574891,4.11901763233303
538.940565025305,153.456777733736,4.45880585792344
NA,NA,NA
664.168221832525,331.963195528074,3.65966041856522
454.843979234006,299.873458721895,4.03742832222881
9.90080903268446,495.26354809848,3.67540957420871
556.455395386426,52.3426412326045,4.17599032027118
71.6367798563867,378.388197973053,3.96156525461471
227.306476254279,412.12951342598,3.86385624946069
426.137768218856,11.0281106855498,3.35262137203613
362.07383069442,293.507831002279,3.12589911431276
603.570974391807,100.916280455315,4.14783939245065
395.303349710254,228.537169029753,4.09658327089432
571.904101924831,406.341649273622,4.72158617759648
144.756543170373,290.002220103281,4.53804927226928
200.068478236651,371.237191840586,4.09425632619828
125.774500796315,411.000079837166,3.38685019467653
625.226626094281,318.24017679909,4.45841855442464
3.41579211243518,146.953378987569,4.2851748556172
546.228773410815,203.567566555442,4.07974292209635
33.5782729664188,491.348897622407,2.99270683492567
279.723733365378,22.3192841362825,4.06612293258719
534.71739276335,389.93446434873,3.32741087294684
73.6622850335603,78.582036816066,5.27003234067236
9.07174027446235,75.4611603275204,3.68880074947004
587.325399735124,226.441400985145,4.04949795144184
438.663085790868,468.826732052488,4.84590526930491
658.103799678083,372.916287812221,3.03836125433573
107.908263422397,483.086835898593,4.32257033352139
620.543373675843,92.2980279559064,4.0607545607074
422.436224576753,255.31841877099,3.57160254266301
9.56468481884009,184.686707151779,3.33834356866037
53.2676458977602,135.753811645074,4.58844854464904
599.811803323785,214.85027785811,4.28758533905484
250.735580155714,223.329203111355,3.58868479226014
571.469633620254,421.932272912282,3.94948043777123
299.729982785756,142.173054002918,3.92478382044867
526.290017640409,460.754258148373,3.78630061717842
47.8844118060875,427.457334768339,3.83648816955072
193.340604518486,286.54378508279,3.90743487093265
555.55539947679,261.76941913737,3.67442576716811
173.170908284854,41.0834579878514,4.14461355262639
514.918725527546,337.011342975495,4.91485772862088
38.7657536041952,42.3273699480355,4.01717523276064
538.48103988865,152.32338017313,4.72111618015149
NA,NA,NA
664.168221832525,331.963195528074,3.65966041856522
454.843979234006,299.873458721895,4.03742832222881
9.90080903268446,495.26354809848,3.67540957420871
556.455395386426,52.3426412326045,4.17599032027118
71.6367798563867,378.388197973053,3.96156525461471
227.306476254279,412.12951342598,3.86385624946069
426.137768218856,11.0281106855498,3.35262137203613
362.07383069442,293.507831002279,3.12589911431276
603.570974391807,100.916280455315,4.14783939245065
395.303349710254,228.537169029753,4.09658327089432
571.904101924831,406.341649273622,4.72158617759648
144.756543170373,290.002220103281,4.53804927226928
200.068478236651,371.237191840586,4.09425632619828
125.774500796315,411.000079837166,3.38685019467653
625.226626094281,318.24017679909,4.45841855442464
3.41579211243518,146.953378987569,4.2851748556172
546.228773410815,203.567566555442,4.07974292209635
33.5782729664188,491.348897622407,2.99270683492567
279.723733365378,22.3192841362825,4.06612293258719
534.71739276335,389.93446434873,3.32741087294684
73.6622850335603,78.582036816066,5.27003234067236
9.07174027446235,75.4611603275204,3.68880074947004
587.325399735124,226.441400985145,4.04949795144184
438.663085790868,468.826732052488,4.84590526930491
658.103799678083,372.916287812221,3.03836125433573
107.908263422397,483.086835898593,4.32257033352139
620.543373675843,92.2980279559064,4.0607545607074
422.436224576753,255.31841877099,3.57160254266301
9.56468481884009,184.686707151779,3.33834356866037
53.2676458977602,135.753811645074,4.58844854464904
599.811803323785,214.85027785811,4.28758533905484
250.735580155714,223.329203111355,3.58868479226014
571.469633620254,421.932272912282,3.94948043777123
299.729982785756,142.173054002918,3.92478382044867
526.290017640409,460.754258148373,3.78630061717842
47.8844118060875,427.457334768339,3.83648816955072
193.340604518486,286.54378508279,3.90743487093265
555.55539947679,261.76941913737,3.67442576716811
173.170908284854,41.0834579878514,4.14461355262639
514.918725527546,337.011342975495,4.91485772862088
38.7657536041952,42.3273699480355,4.01717523276064
538.48103988865,152.32338017313,4.72111618015149
NA,NA,NA
664.168221832525,331.963195528074,3.65966041856522
454.843979234006,299.873458721895,4.03742832222881
9.90080903268446,495.26354809848,3.67540957420871
556.455395386426,52.3426412326045,4.17599032027118
71.6367798563867,378.388197973053,3.96156525461471
227.306476254279,412.12951342598,3.86385624946069
426.137768218856,11.0281106855498,3.35262137203613
362.07383069442,293.507831002279,3.12589911431276
603.570974391807,100.916280455315,4.14783939245065
395.303349710254,228.537169029753,4.09658327089432
571.904101924831,406.341649273622,4.72158617759648
144.756543170373,290.002220103281,4.53804927226928
200.068478236651,371.237191840586,4.09425632619828
125.774500796315,411.000079837166,3.38685019467653
625.226626094281,318.24017679909,4.45841855442464
3.41579211243518,146.953378987569,4.2851748556172
546.228773410815,203.567566555442,4.07974292209635
33.5782729664188,491.348897622407,2.99270683492567
279.723733365378,22.3192841362825,4.06612293258719
534.71739276335,389.93446434873,3.32741087294684
73.6622850335603,78.582036816066,5.27003234067236
9.07174027446235,75.4611603275204,3.68880074947004
587.325399735124,226.441400985145,4.04949795144184
438.663085790868,468.826732052488,4.84590526930491
658.103799678083,372.916287812221,3.03836125433573
107.908263422397,483.086835898593,4.32257033352139
620.543373675843,92.2980279559064,4.0607545607074
422.436224576753,255.31841877099,3.57160254266301
9.56468481884009,184.686707151779,3.33834356866037
53.2676458977602,135.753811645074,4.58844854464904
599.811803323785,214.85027785811,4.28758533905484
250.735580155714,223.329203111355,3.58868479226014
571.469633620254,421.932272912282,3.94948043777123
299.729982785756,142.173054002918,3.92478382044867
526.290017640409,460.754258148373,3.78630061717842
47.8844118060875,427.457334768339,3.83648816955072
193.340604518486,286.54378508279,3.90743487093265
555.55539947679,261.76941913737,3.67442576716811
173.170908284854,41.0834579878514,4.14461355262639
514.918725527546,337.011342975495,4.91485772862088
38.7657536041952,42.3273699480355,4.01717523276064
538.48103988865,152.32338017313,4.72111618015149
NA,NA,NA
664.168221832525,331.963195528074,3.65966041856522
454.843979234006,299.873458721895,4.03742832222881
9.90080903268446,495.26354809848,3.67540957420871
556.455395386426,52.3426412326045,4.17599032027118
71.6367798563867,378.388197973053,3.96156525461471
227.306476254279,412.12951342598,3.86385624946069
426.137768218856,11.0281106855498,3.35262137203613
362.07383069442,293.507831002279,3.12589911431276
603.570974391807,100.916280455315,4.14783939245065
395.303349710254,228.537169029753,4.09658327089432
571.904101924831,406.341649273622,4.72158617759648
144.756543170373,290.002220103281,4.53804927226928
200.068478236651,371.237191840586,4.09425632619828
125.774500796315,411.000079837166,3.38685019467653
625.226626094281,318.24017679909,4.45841855442464
3.41579211243518,146.953378987569,4.2851748556172
546.228773410815,203.567566555442,4.07974292209635
33.5782729664188,491.348897622407,2.99270683492567
279.723733365378,22.3192841362825,4.06612293258719
534.71739276335,389.93446434873,3.32741087294684
73.6622850335603,78.582036816066,5.27003234067236
9.07174027446235,75.4611603275204,3.68880074947004
587.325399735124,226.441400985145,4.04949795144184
438.663085790868,468.826732052488,4.84590526930491
658.103799678083,372.916287812221,3.03836125433573
107.908263422397,483.086835898593,4.32257033352139
620.543373675843,92.2980279559064,4.0607545607074
422.436224576753,255.31841877099,3.57160254266301
9.56468481884009,184.686707151779,3.33834356866037
53.2676458977602,135.753811645074,4.58844854464904
599.811803323785,214.85027785811,4.28758533905484
250.735580155714,223.329203111355,3.58868479226014
571.469633620254,421.932272912282,3.94948043777123
299.729982785756,142.173054002918,3.92478382044867
526.290017640409,460.754258148373,3.78630061717842
47.8844118060875,427.457334768339,3.83648816955072
193.340604518486,286.54378508279,3.90743487093265
555.55539947679,261.76941913737,3.67442576716811
173.170908284854,41.0834579878514,4.14461355262639
514.918725527546,337.011342975495,4.91485772862088
38.7657536041952,42.3273699480355,4.01717523276064
538.48103988865,152.32338017313,4.72111618015149
NA,NA,NA
664.168221832525,331.963195528074,3.65966041856522
454.843979234006,299.873458721895,4.03742832222881
9.90080903268446,495.26354809848,3.67540957420871
556.455395386426,52.3426412326045,4.17599032027118
71.6367798563867,378.388197973053,3.96156525461471
227.306476254279,412.12951342598,3.86385624946069
426.137768218856,11.0281106855498,3.35262137203613
362.07383069442,293.507831002279,3.12589911431276
603.570974391807,100.916280455315,4.14783939245065
395.303349710254,228.537169029753,4.09658327089432
571.904101924831,406.341649273622,4.72158617759648
144.756543170373,290.002220103281,4.53804927226928
200.068478236651,371.237191840586,4.09425632619828
125.774500796315,411.000079837166,3.38685019467653
625.226626094281,318.24017679909,4.45841855442464
3.41579211243518,146.953378987569,4.2851748556172
546.228773410815,203.567566555442,4.07974292209635
33.5782729664188,491.348897622407,2.99270683492567
279.723733365378,22.3192841362825,4.06612293258719
534.71739276335,389.93446434873,3.32741087294684
73.6622850335603,78.582036816066,5.27003234067236
9.07174027446235,75.4611603275204,3.68880074947004
587.325399735124,226.441400985145,4.04949795144184
438.663085790868,468.826732052488,4.84590526930491
658.103799678083,372.916287812221,3.03836125433573
107.908263422397,483.086835898593,4.32257033352139
620.543373675843,92.2980279559064,4.0607545607074
422.436224576753,255.31841877099,3.57160254266301
9.56468481884009,184.686707151779,3.33834356866037
53.2676458977602,135.753811645074,4.58844854464904
599.811803323785,214.85027785811,4.28758533905484
250.735580155714,223.329203111355,3.58868479226014
571.469633620254,421.932272912282,3.94948043777123
299.729982785756,142.173054002918,3.92478382044867
526.290017640409,460.754258148373,3.78630061717842
47.8844118060875,427.457334768339,3.83648816955072
193.340604518486,286.54378508279,3.90743487093265
555.55539947679,261.76941913737,3.67442576716811
173.170908284854,41.0834579878514,4.14461355262639
514.918725527546,337.011342975495,4.91485772862088
38.7657536041952,42.3273699480355,4.01717523276064
538.48103988865,152.32338017313,4.72111618015149
NA,NA,NA
664.168221832525,331.963195528074,3.65966041856522
454.843979234006,299.873458721895,4.03742832222881
9.90080903268446,495.26354809848,3.67540957420871
556.455395386426,52.3426412326045,4.17599032027118
71.6367798563867,378.388197973053,3.96156525461471
227.306476254279,412.12951342598,3.86385624946069
426.137768218856,11.0281106855498,3.35262137203613
362.07383069442,293.507831002279,3.12589911431276
603.570974391807,100.916280455315,4.14783939245065
395.303349710254,228.537169029753,4.09658327089432
571.904101924831,406.341649273622,4.72158617759648
144.756543170373,290.002220103281,4.53804927226928
200.068478236651,371.237191840586,4.09425632619828
125.774500796315,411.000079837166,3.38685019467653
625.226626094281,318.24017679909,4.45841855442464
3.41579211243518,146.953378987569,4.2851748556172
546.228773410815,203.567566555442,4.07974292209635
33.5782729664188,491.348897622407,2.99270683492567
279.723733365378,22.3192841362825,4.06612293258719
534.71739276335,389.93446434873,3.32741087294684
73.6622850335603,78.582036816066,5.27003234067236
9.07174027446235,75.4611603275204,3.68880074947004
587.325399735124,226.441400985145,4.04949795144184
438.663085790868,468.826732052488,4.84590526930491
658.103799678083,372.916287812221,3.03836125433573
107.908263422397,483.086835898593,4.32257033352139
620.543373675843,92.2980279559064,4.0607545607074
422.436224576753,255.31841877099,3.57160254266301
9.56468481884009,184.686707151779,3.33834356866037
53.2676458977602,135.753811645074,4.58844854464904
599.811803323785,214.85027785811,4.28758533905484
250.735580155714,223.329203111355,3.58868479226014
571.469633620254,421.932272912282,3.94948043777123
299.729982785756,142.173054002918,3.92478382044867
526.290017640409,460.754258148373,3.78630061717842
47.8844118060875,427.457334768339,3.83648816955072
193.340604518486,286.54378508279,3.90743487093265
555.55539947679,261.76941913737,3.67442576716811
173.170908284854,41.0834579878514,4.14461355262639
514.918725527546,337.011342975495,4.91485772862088
38.7657536041952,42.3273699480355,4.01717523276064
538.48103988865,152.32338017313,4.72111618015149
NA,NA,NA
659.7073950834,334.764594646764,3.37656667732391
457.290772027064,297.987077701001,3.63218510028417
11.8797657875753,500.878443035082,3.58338390917847
563.605628798092,53.8615890283701,4.0912393631216
70.5500973692055,375.796008719219,3.84325113492613
224.803748268992,416.131888094062,3.92118415147586
428.418696221529,14.1559506780248,3.25478327638738
364.321897534445,292.445212433276,3.04854167929531
604.771969761422,102.87990187429,4.22669393284766
390.099812040396,226.058953213491,4.09695742804819
565.745188390683,414.533242953076,4.68948894475741
141.510372002409,290.39833495716,4.48090157388247
197.321148186745,365.300817292554,4.01294108515565
123.81575599051,410.698335643257,3.46670600712984
627.626648440261,312.528831239062,4.4813324860089
-6.14016351377833,146.485472172698,4.35189556738289
542.236440746683,200.41413064693,4.08735352588484
35.2742956545119,491.606674870257,3.01036518856875
277.231406649079,21.4661719491746,3.95448970966076
536.498046504951,392.825311086205,3.39375641978433
68.9235040197918,80.7920185173559,5.19956714782643
5.4577093976053,77.6180116303428,3.64790407789184
588.43073580788,222.74259856645,4.02937428946161
434.636887035724,457.411418200017,4.75474000530207
657.81556962782,373.058662519745,3.05309271012959
102.60721653289,489.683278797564,4.31134244005205
625.387659317259,91.9619497051264,4.13778532047975
423.717021633622,261.824412026481,3.63539077490509
13.3396119233134,181.640349958393,3.095674008196
71.463283645167,121.945400041831,4.49967279564231
613.769868429621,197.883204912998,4.26017136713906
264.169996107574,221.772830361076,3.86436370697945
574.944215589931,434.452824456593,3.93915632179652
297.084531873914,132.47551144509,4.1934745699368
531.1696223724,466.446918621001,3.48114923833406
48.4099325666703,424.309742394436,4.18062519683179
208.47554841336,295.891737478316,3.74360911978994
552.908574756894,263.255807192351,3.97819509534183
178.730125354873,34.6952344943701,4.25951640101889
504.933437073951,343.765180019693,4.50807018335251
39.2810763331266,51.7726983757707,3.72353770762721
537.550411264264,158.016821239931,4.8411222421036
NA,NA,NA
659.7073950834,334.764594646764,3.37656667732391
457.290772027064,297.987077701001,3.63218510028417
11.8797657875753,500.878443035082,3.58338390917847
563.605628798092,53.8615890283701,4.0912393631216
70.5500973692055,375.796008719219,3.84325113492613
224.803748268992,416.131888094062,3.92118415147586
428.418696221529,14.1559506780248,3.25478327638738
364.321897534445,292.445212433276,3.04854167929531
604.771969761422,102.87990187429,4.22669393284766
390.099812040396,226.058953213491,4.09695742804819
565.745188390683,414.533242953076,4.68948894475741
141.510372002409,290.39833495716,4.48090157388247
197.321148186745,365.300817292554,4.01294108515565
123.81575599051,410.698335643257,3.46670600712984
627.626648440261,312.528831239062,4.4813324860089
-6.14016351377833,146.485472172698,4.35189556738289
542.236440746683,200.41413064693,4.08735352588484
35.2742956545119,491.606674870257,3.01036518856875
277.231406649079,21.4661719491746,3.95448970966076
536.498046504951,392.825311086205,3.39375641978433
68.9235040197918,80.7920185173559,5.19956714782643
5.4577093976053,77.6180116303428,3.64790407789184
588.43073580788,222.74259856645,4.02937428946161
434.636887035724,457.411418200017,4.75474000530207
657.81556962782,373.058662519745,3.05309271012959
102.60721653289,489.683278797564,4.31134244005205
625.387659317259,91.9619497051264,4.13778532047975
423.717021633622,261.824412026481,3.63539077490509
13.3396119233134,181.640349958393,3.095674008196
71.463283645167,121.945400041831,4.49967279564231
613.769868429621,197.883204912998,4.26017136713906
264.169996107574,221.772830361076,3.86436370697945
574.944215589931,434.452824456593,3.93915632179652
297.084531873914,132.47551144509,4.1934745699368
531.1696223724,466.446918621001,3.48114923833406
48.4099325666703,424.309742394436,4.18062519683179
208.47554841336,295.891737478316,3.74360911978994
552.908574756894,263.255807192351,3.97819509534183
178.730125354873,34.6952344943701,4.25951640101889
504.933437073951,343.765180019693,4.50807018335251
39.2810763331266,51.7726983757707,3.72353770762721
537.550411264264,158.016821239931,4.8411222421036
NA,NA,NA
659.7073950834,334.764594646764,3.37656667732391
457.290772027064,297.987077701001,3.63218510028417
11.8797657875753,500.878443035082,3.58338390917847
563.605628798092,53.8615890283701,4.0912393631216
70.5500973692055,375.796008719219,3.84325113492613
224.803748268992,416.131888094062,3.92118415147586
428.418696221529,14.1559506780248,3.25478327638738
364.321897534445,292.445212433276,3.04854167929531
604.771969761422,102.87990187429,4.22669393284766
390.099812040396,226.058953213491,4.09695742804819
565.745188390683,414.533242953076,4.68948894475741
141.510372002409,290.39833495716,4.48090157388247
197.321148186745,365.300817292554,4.01294108515565
123.81575599051,410.698335643257,3.46670600712984
627.626648440261,312.528831239062,4.4813324860089
-6.14016351377833,146.485472172698,4.35189556738289
542.236440746683,200.41413064693,4.08735352588484
35.2742956545119,491.606674870257,3.01036518856875
277.231406649079,21.4661719491746,3.95448970966076
536.498046504951,392.825311086205,3.39375641978433
68.9235040197918,80.7920185173559,5.19956714782643
5.4577093976053,77.6180116303428,3.64790407789184
588.43073580788,222.74259856645,4.02937428946161
434.636887035724,457.411418200017,4.75474000530207
657.81556962782,373.058662519745,3.05309271012959
102.60721653289,489.683278797564,4.31134244005205
625.387659317259,91.9619497051264,4.13778532047975
423.717021633622,261.824412026481,3.63539077490509
13.3396119233134,181.640349958393,3.095674008196
71.463283645167,121.945400041831,4.49967279564231
613.769868429621,197.883204912998,4.26017136713906
264.169996107574,221.772830361076,3.86436370697945
574.944215589931,434.452824456593,3.93915632179652
297.084531873914,132.47551144509,4.1934745699368
531.1696223724,466.446918621001,3.48114923833406
48.4099325666703,424.309742394436,4.18062519683179
208.47554841336,295.891737478316,3.74360911978994
552.908574756894,263.255807192351,3.97819509534183
178.730125354873,34.6952344943701,4.25951640101889
504.933437073951,343.765180019693,4.50807018335251
39.2810763331266,51.7726983757707,3.72353770762721
537.550411264264,158.016821239931,4.8411222421036
NA,NA,NA
659.7073950834,334.764594646764,3.37656667732391
457.290772027064,297.987077701001,3.63218510028417
11.8797657875753,500.878443035082,3.58338390917847
563.605628798092,53.8615890283701,4.0912393631216
70.5500973692055,375.796008719219,3.84325113492613
224.803748268992,416.131888094062,3.92118415147586
428.418696221529,14.1559506780248,3.25478327638738
364.321897534445,292.445212433276,3.04854167929531
604.771969761422,102.87990187429,4.22669393284766
390.099812040396,226.058953213491,4.09695742804819
565.745188390683,414.533242953076,4.68948894475741
141.510372002409,290.39833495716,4.48090157388247
197.321148186745,365.300817292554,4.01294108515565
123.81575599051,410.698335643257,3.46670600712984
627.626648440261,312.528831239062,4.4813324860089
-6.14016351377833,146.485472172698,4.35189556738289
542.236440746683,200.41413064693,4.08735352588484
35.2742956545119,491.606674870257,3.01036518856875
277.231406649079,21.4661719491746,3.95448970966076
536.498046504951,392.825311086205,3.39375641978433
68.9235040197918,80.7920185173559,5.19956714782643
5.4577093976053,77.6180116303428,3.64790407789184
588.43073580788,222.74259856645,4.02937428946161
434.636887035724,457.411418200017,4.75474000530207
657.81556962782,373.058662519745,3.05309271012959
102.60721653289,489.683278797564,4.31134244005205
625.387659317259,91.9619497051264,4.13778532047975
423.717021633622,261.824412026481,3.63539077490509
13.3396119233134,181.640349958393,3.095674008196
71.463283645167,121.945400041831,4.49967279564231
613.769868429621,197.883204912998,4.26017136713906
264.169996107574,221.772830361076,3.86436370697945
574.944215589931,434.452824456593,3.93915632179652
297.084531873914,132.47551144509,4.1934745699368
531.1696223724,466.446918621001,3.48114923833406
48.4099325666703,424.309742394436,4.18062519683179
208.47554841336,295.891737478316,3.74360911978994
552.908574756894,263.255807192351,3.97819509534183
178.730125354873,34.6952344943701,4.25951640101889
504.933437073951,343.765180019693,4.50807018335251
39.2810763331266,51.7726983757707,3.72353770762721
537.550411264264,158.016821239931,4.8411222421036
NA,NA,NA
659.7073950834,334.764594646764,3.37656667732391
457.290772027064,297.987077701001,3.63218510028417
11.8797657875753,500.878443035082,3.58338390917847
563.605628798092,53.8615890283701,4.0912393631216
70.5500973692055,375.796008719219,3.84325113492613
224.803748268992,416.131888094062,3.92118415147586
428.418696221529,14.1559506780248,3.25478327638738
364.321897534445,292.445212433276,3.04854167929531
604.771969761422,102.87990187429,4.22669393284766
390.099812040396,226.058953213491,4.09695742804819
565.745188390683,414.533242953076,4.68948894475741
141.510372002409,290.39833495716,4.48090157388247
197.321148186745,365.300817292554,4.01294108515565
123.81575599051,410.698335643257,3.46670600712984
627.626648440261,312.528831239062,4.4813324860089
-6.14016351377833,146.485472172698,4.35189556738289
542.236440746683,200.41413064693,4.08735352588484
35.2742956545119,491.606674870257,3.01036518856875
277.231406649079,21.4661719491746,3.95448970966076
536.498046504951,392.825311086205,3.39375641978433
68.9235040197918,80.7920185173559,5.19956714782643
5.4577093976053,77.6180116303428,3.64790407789184
588.43073580788,222.74259856645,4.02937428946161
434.636887035724,457.411418200017,4.75474000530207
657.81556962782,373.058662519745,3.05309271012959
102.60721653289,489.683278797564,4.31134244005205
625.387659317259,91.9619497051264,4.13778532047975
423.717021633622,261.824412026481,3.63539077490509
13.3396119233134,181.640349958393,3.095674008196
71.463283645167,121.945400041831,4.49967279564231
613.769868429621,197.883204912998,4.26017136713906
264.169996107574,221.772830361076,3.86436370697945
574.944215589931,434.452824456593,3.93915632179652
297.084531873914,132.47551144509,4.1934745699368
531.1696223724,466.446918621001,3.48114923833406
48.4099325666703,424.309742394436,4.18062519683179
208.47554841336,295.891737478316,3.74360911978994
552.908574756894,263.255807192351,3.97819509534183
178.730125354873,34.6952344943701,4.25951640101889
504.933437073951,343.765180019693,4.50807018335251
39.2810763331266,51.7726983757707,3.72353770762721
537.550411264264,158.016821239931,4.8411222421036
NA,NA,NA
659.7073950834,334.764594646764,3.37656667732391
457.290772027064,297.987077701001,3.63218510028417
11.8797657875753,500.878443035082,3.58338390917847
563.605628798092,53.8615890283701,4.0912393631216
70.5500973692055,375.796008719219,3.84325113492613
224.803748268992,416.131888094062,3.92118415147586
428.418696221529,14.1559506780248,3.25478327638738
364.321897534445,292.445212433276,3.04854167929531
604.771969761422,102.87990187429,4.22669393284766
390.099812040396,226.058953213491,4.09695742804819
565.745188390683,414.533242953076,4.68948894475741
141.510372002409,290.39833495716,4.48090157388247
197.321148186745,365.300817292554,4.01294108515565
123.81575599051,410.698335643257,3.46670600712984
627.626648440261,312.528831239062,4.4813324860089
-6.14016351377833,146.485472172698,4.35189556738289
542.236440746683,200.41413064693,4.08735352588484
35.2742956545119,491.606674870257,3.01036518856875
277.231406649079,21.4661719491746,3.95448970966076
536.498046504951,392.825311086205,3.39375641978433
68.9235040197918,80.7920185173559,5.19956714782643
5.4577093976053,77.6180116303428,3.64790407789184
588.43073580788,222.74259856645,4.02937428946161
434.636887035724,457.411418200017,4.75474000530207
657.81556962782,373.058662519745,3.05309271012959
102.60721653289,489.683278797564,4.31134244005205
625.387659317259,91.9619497051264,4.13778532047975
423.717021633622,261.824412026481,3.63539077490509
13.3396119233134,181.640349958393,3.095674008196
71.463283645167,121.945400041831,4.49967279564231
613.769868429621,197.883204912998,4.26017136713906
264.169996107574,221.772830361076,3.86436370697945
574.944215589931,434.452824456593,3.93915632179652
297.084531873914,132.47551144509,4.1934745699368
531.1696223724,466.446918621001,3.48114923833406
48.4099325666703,424.309742394436,4.18062519683179
208.47554841336,295.891737478316,3.74360911978994
552.908574756894,263.255807192351,3.97819509534183
178.730125354873,34.6952344943701,4.25951640101889
504.933437073951,343.765180019693,4.50807018335251
39.2810763331266,51.7726983757707,3.72353770762721
537.550411264264,158.016821239931,4.8411222421036
NA,NA,NA
658.994227826539,338.22091010935,3.44699698372127
457.565272428798,298.326412383796,3.36240332434631
6.82890983517324,497.639959621,3.72923663551318
563.714281086215,50.0991169471081,4.29401342970714
68.3796753547804,379.569905997091,3.95695952750109
223.759601141825,418.674633361684,3.89464564673137
426.556080037226,12.1916517773337,3.45810337645287
361.713292206886,296.266582882115,3.01396237913159
603.254456417717,106.49619736327,4.29666589490627
391.583447955776,226.077823566672,4.1745484618012
568.074567913479,406.294363644977,4.76850657673995
137.702001090832,284.070618995443,4.59589762389899
207.306702158275,370.428111701487,4.03139488572109
124.227058448567,413.551056440516,3.38202382257907
619.718696234101,311.372190891902,4.54156396422023
1.15131528140049,150.942660150514,4.2381556559096
544.253514225373,196.056525587717,4.07145265207728
35.1910902995844,492.026133900338,3.1060642721465
279.179787293192,25.060955847611,3.80125118404639
535.285789563891,391.811752423178,3.22548391089633
68.8630291121028,79.5664891956061,5.12186622255402
6.66265962738228,72.8832003004692,3.62431636132086
586.451897096345,225.669860645471,4.07130526768033
441.251175293935,456.45265398579,4.76876094943486
659.668233913464,372.888040986479,3.02447075499593
106.767562991286,490.667616787812,4.35329972025407
624.43081384097,89.0360293910322,4.06202618257761
419.775273802953,259.184121657016,3.5819409579055
12.8728942261754,183.0404975313,3.26256548230612
55.5344487355936,119.59405763277,4.5481926272479
593.793919317589,201.125814755692,4.54478193236334
253.370389546331,219.101027959383,3.55717929738494
576.628844461979,430.584333402321,3.69808975546796
302.720838999723,137.655650420773,3.80135347864902
520.659120276414,458.812557254633,3.56343148257425
32.0584414326247,419.418377199991,4.08956522219112
199.132967139682,291.333395082671,3.91265219947597
552.404494100021,256.152978901259,3.70768980818398
182.72678357932,27.6330221301819,4.32638749907231
499.103962925775,352.608043235521,4.3431074451557
43.7483107957529,45.8088681179715,3.4043837367279
533.724217787567,144.896673983673,4.75050900560653
NA,NA,NA
658.994227826539,338.22091010935,3.44699698372127
457.565272428798,298.326412383796,3.36240332434631
6.82890983517324,497.639959621,3.72923663551318
563.714281086215,50.0991169471081,4.29401342970714
68.3796753547804,379.569905997091,3.95695952750109
223.759601141825,418.674633361684,3.89464564673137
426.556080037226,12.1916517773337,3.45810337645287
361.713292206886,296.266582882115,3.01396237913159
603.254456417717,106.49619736327,4.29666589490627
391.583447955776,226.077823566672,4.1745484618012
568.074567913479,406.294363644977,4.76850657673995
137.702001090832,284.070618995443,4.59589762389899
207.306702158275,370.428111701487,4.03139488572109
124.227058448567,413.551056440516,3.38202382257907
619.718696234101,311.372190891902,4.54156396422023
1.15131528140049,150.942660150514,4.2381556559096
544.253514225373,196.056525587717,4.07145265207728
35.1910902995844,492.026133900338,3.1060642721465
279.179787293192,25.060955847611,3.80125118404639
535.285789563891,391.811752423178,3.22548391089633
68.8630291121028,79.5664891956061,5.12186622255402
6.66265962738228,72.8832003004692,3.62431636132086
586.451897096345,225.669860645471,4.07130526768033
441.251175293935,456.45265398579,4.76876094943486
659.668233913464,372.888040986479,3.02447075499593
106.767562991286,490.667616787812,4.35329972025407
624.43081384097,89.0360293910322,4.06202618257761
419.775273802953,259.184121657016,3.5819409579055
12.8728942261754,183.0404975313,3.26256548230612
55.5344487355936,119.59405763277,4.5481926272479
593.793919317589,201.125814755692,4.54478193236334
253.370389546331,219.101027959383,3.55717929738494
576.628844461979,430.584333402321,3.69808975546796
302.720838999723,137.655650420773,3.80135347864902
520.659120276414,458.812557254633,3.56343148257425
32.0584414326247,419.418377199991,4.08956522219112
199.132967139682,291.333395082671,3.91265219947597
552.404494100021,256.152978901259,3.70768980818398
182.72678357932,27.6330221301819,4.32638749907231
499.103962925775,352.608043235521,4.3431074451557
43.7483107957529,45.8088681179715,3.4043837367279
533.724217787567,144.896673983673,4.75050900560653
NA,NA,NA
658.994227826539,338.22091010935,3.44699698372127
457.565272428798,298.326412383796,3.36240332434631
6.82890983517324,497.639959621,3.72923663551318
563.714281086215,50.0991169471081,4.29401342970714
68.3796753547804,379.569905997091,3.95695952750109
223.759601141825,418.674633361684,3.89464564673137
426.556080037226,12.1916517773337,3.45810337645287
361.713292206886,296.266582882115,3.01396237913159
603.254456417717,106.49619736327,4.29666589490627
391.583447955776,226.077823566672,4.1745484618012
568.074567913479,406.294363644977,4.76850657673995
137.702001090832,284.070618995443,4.59589762389899
207.306702158275,370.428111701487,4.03139488572109
124.227058448567,413.551056440516,3.38202382257907
619.718696234101,311.372190891902,4.54156396422023
1.15131528140049,150.942660150514,4.2381556559096
544.253514225373,196.056525587717,4.07145265207728
35.1910902995844,492.026133900338,3.1060642721465
279.179787293192,25.060955847611,3.80125118404639
535.285789563891,391.811752423178,3.22548391089633
68.8630291121028,79.5664891956061,5.12186622255402
6.66265962738228,72.8832003004692,3.62431636132086
586.451897096345,225.669860645471,4.07130526768033
441.251175293935,456.45265398579,4.76876094943486
659.668233913464,372.888040986479,3.02447075499593
106.767562991286,490.667616787812,4.35329972025407
624.43081384097,89.0360293910322,4.06202618257761
419.775273802953,259.184121657016,3.5819409579055
12.8728942261754,183.0404975313,3.26256548230612
55.5344487355936,119.59405763277,4.5481926272479
593.793919317589,201.125814755692,4.54478193236334
253.370389546331,219.101027959383,3.55717929738494
576.628844461979,430.584333402321,3.69808975546796
302.720838999723,137.655650420773,3.80135347864902
520.659120276414,458.812557254633,3.56343148257425
32.0584414326247,419.418377199991,4.08956522219112
199.132967139682,291.333395082671,3.91265219947597
552.404494100021,256.152978901259,3.70768980818398
182.72678357932,27.6330221301819,4.32638749907231
499.103962925775,352.608043235521,4.3431074451557
43.7483107957529,45.8088681179715,3.4043837367279
533.724217787567,144.896673983673,4.75050900560653
NA,NA,NA
658.994227826539,338.22091010935,3.44699698372127
457.565272428798,298.326412383796,3.36240332434631
6.82890983517324,497.639959621,3.72923663551318
563.714281086215,50.0991169471081,4.29401342970714
68.3796753547804,379.569905997091,3.95695952750109
223.759601141825,418.674633361684,3.89464564673137
426.556080037226,12.1916517773337,3.45810337645287
361.713292206886,296.266582882115,3.01396237913159
603.254456417717,106.49619736327,4.29666589490627
391.583447955776,226.077823566672,4.1745484618012
568.074567913479,406.294363644977,4.76850657673995
137.702001090832,284.070618995443,4.59589762389899
207.306702158275,370.428111701487,4.03139488572109
124.227058448567,413.551056440516,3.38202382257907
619.718696234101,311.372190891902,4.54156396422023
1.15131528140049,150.942660150514,4.2381556559096
544.253514225373,196.056525587717,4.07145265207728
35.1910902995844,492.026133900338,3.1060642721465
279.179787293192,25.060955847611,3.80125118404639
535.285789563891,391.811752423178,3.22548391089633
68.8630291121028,79.5664891956061,5.12186622255402
6.66265962738228,72.8832003004692,3.62431636132086
586.451897096345,225.669860645471,4.07130526768033
441.251175293935,456.45265398579,4.76876094943486
659.668233913464,372.888040986479,3.02447075499593
106.767562991286,490.667616787812,4.35329972025407
624.43081384097,89.0360293910322,4.06202618257761
419.775273802953,259.184121657016,3.5819409579055
12.8728942261754,183.0404975313,3.26256548230612
55.5344487355936,119.59405763277,4.5481926272479
593.793919317589,201.125814755692,4.54478193236334
253.370389546331,219.101027959383,3.55717929738494
576.628844461979,430.584333402321,3.69808975546796
302.720838999723,137.655650420773,3.80135347864902
520.659120276414,458.812557254633,3.56343148257425
32.0584414326247,419.418377199991,4.08956522219112
199.132967139682,291.333395082671,3.91265219947597
552.404494100021,256.152978901259,3.70768980818398
182.72678357932,27.6330221301819,4.32638749907231
499.103962925775,352.608043235521,4.3431074451557
43.7483107957529,45.8088681179715,3.4043837367279
533.724217787567,144.896673983673,4.75050900560653
NA,NA,NA
658.994227826539,338.22091010935,3.44699698372127
457.565272428798,298.326412383796,3.36240332434631
6.82890983517324,497.639959621,3.72923663551318
563.714281086215,50.0991169471081,4.29401342970714
68.3796753547804,379.569905997091,3.95695952750109
223.759601141825,418.674633361684,3.89464564673137
426.556080037226,12.1916517773337,3.45810337645287
361.713292206886,296.266582882115,3.01396237913159
603.254456417717,106.49619736327,4.29666589490627
391.583447955776,226.077823566672,4.1745484618012
568.074567913479,406.294363644977,4.76850657673995
137.702001090832,284.070618995443,4.59589762389899
207.306702158275,370.428111701487,4.03139488572109
124.227058448567,413.551056440516,3.38202382257907
619.718696234101,311.372190891902,4.54156396422023
1.15131528140049,150.942660150514,4.2381556559096
544.253514225373,196.056525587717,4.07145265207728
35.1910902995844,492.026133900338,3.1060642721465
279.179787293192,25.060955847611,3.80125118404639
535.285789563891,391.811752423178,3.22548391089633
68.8630291121028,79.5664891956061,5.12186622255402
6.66265962738228,72.8832003004692,3.62431636132086
586.451897096345,225.669860645471,4.07130526768033
441.251175293935,456.45265398579,4.76876094943486
659.668233913464,372.888040986479,3.02447075499593
106.767562991286,490.667616787812,4.35329972025407
624.43081384097,89.0360293910322,4.06202618257761
419.775273802953,259.184121657016,3.5819409579055
12.8728942261754,183.0404975313,3.26256548230612
55.5344487355936,119.59405763277,4.5481926272479
593.793919317589,201.125814755692,4.54478193236334
253.370389546331,219.101027959383,3.55717929738494
576.628844461979,430.584333402321,3.69808975546796
302.720838999723,137.655650420773,3.80135347864902
520.659120276414,458.812557254633,3.56343148257425
32.0584414326247,419.418377199991,4.08956522219112
199.132967139682,291.333395082671,3.91265219947597
552.404494100021,256.152978901259,3.70768980818398
182.72678357932,27.6330221301819,4.32638749907231
499.103962925775,352.608043235521,4.3431074451557
43.7483107957529,45.8088681179715,3.4043837367279
533.724217787567,144.896673983673,4.75050900560653
NA,NA,NA
658.994227826539,338.22091010935,3.44699698372127
457.565272428798,298.326412383796,3.36240332434631
6.82890983517324,497.639959621,3.72923663551318
563.714281086215,50.0991169471081,4.29401342970714
68.3796753547804,379.569905997091,3.95695952750109
223.759601141825,418.674633361684,3.89464564673137
426.556080037226,12.1916517773337,3.45810337645287
361.713292206886,296.266582882115,3.01396237913159
603.254456417717,106.49619736327,4.29666589490627
391.583447955776,226.077823566672,4.1745484618012
568.074567913479,406.294363644977,4.76850657673995
137.702001090832,284.070618995443,4.59589762389899
207.306702158275,370.428111701487,4.03139488572109
124.227058448567,413.551056440516,3.38202382257907
619.718696234101,311.372190891902,4.54156396422023
1.15131528140049,150.942660150514,4.2381556559096
544.253514225373,196.056525587717,4.07145265207728
35.1910902995844,492.026133900338,3.1060642721465
279.179787293192,25.060955847611,3.80125118404639
535.285789563891,391.811752423178,3.22548391089633
68.8630291121028,79.5664891956061,5.12186622255402
6.66265962738228,72.8832003004692,3.62431636132086
586.451897096345,225.669860645471,4.07130526768033
441.251175293935,456.45265398579,4.76876094943486
659.668233913464,372.888040986479,3.02447075499593
106.767562991286,490.667616787812,4.35329972025407
624.43081384097,89.0360293910322,4.06202618257761
419.775273802953,259.184121657016,3.5819409579055
12.8728942261754,183.0404975313,3.26256548230612
55.5344487355936,119.59405763277,4.5481926272479
593.793919317589,201.125814755692,4.54478193236334
253.370389546331,219.101027959383,3.55717929738494
576.628844461979,430.584333402321,3.69808975546796
302.720838999723,137.655650420773,3.80135347864902
520.659120276414,458.812557254633,3.56343148257425
32.0584414326247,419.418377199991,4.08956522219112
199.132967139682,291.333395082671,3.91265219947597
552.404494100021,256.152978901259,3.70768980818398
182.72678357932,27.6330221301819,4.32638749907231
499.103962925775,352.608043235521,4.3431074451557
43.7483107957529,45.8088681179715,3.4043837367279
533.724217787567,144.896673983673,4.75050900560653
NA,NA,NA
661.296023221884,336.534369358228,3.52724723299143
458.181988568139,299.272317022378,3.79434013138602
11.1829781471975,493.909784048009,3.52464283003967
564.070033255099,54.282998612068,4.30166271852792
74.0602286164977,375.792463100431,3.99611727654903
230.53587598007,418.994756929995,3.8537746782833
430.699410811805,14.1362499198613,3.32151816721654
361.038684856672,292.177244208303,2.96607984479376
602.239932862168,107.657978492667,4.25146612234495
387.731805251181,236.270066109173,4.28205054772719
567.532118534237,409.571541513737,4.7313269070285
140.955964360055,280.109341430759,4.58085084515951
200.011264182067,375.553524479532,4.05306308023731
126.174245726378,413.917644999772,3.39759777546518
624.183698017545,313.585955942783,4.60825436848209
-2.90977241992199,145.298575788153,4.25056748479997
540.214090596999,207.22440882231,4.20003978325774
34.689071319064,492.732217565402,3.11352548837232
281.570990446701,25.5105864021445,4.14357142491764
533.792825760665,391.899841140933,3.4806059326676
71.9579486573243,72.2353412108459,5.25329640793188
7.12992715603047,72.3492419383208,3.35030063942649
587.798775076737,228.673094702714,3.97322106158579
439.897356972827,461.552603529669,4.7974633250648
658.581896977635,374.116405104296,3.17929511905535
104.255529781248,487.143438949342,4.40886445479554
625.301877238244,94.7091900306492,4.12658585843732
418.913276461278,256.820308895938,3.60511868286378
12.4191085266854,180.844464014585,3.38449318489678
71.8809283640997,106.353614387812,4.24289658510146
610.742491479064,201.925848008413,4.24293942166555
256.860484742452,220.872433376271,3.54250162325883
575.002747928347,438.448059473358,3.70876203200528
296.637509321083,133.572178487899,4.12072475871555
524.227432290193,456.641691026631,3.60607842893247
49.9230062222781,426.674917429923,4.10215523585998
204.472079054556,288.230468442024,3.9520156672409
550.83119988687,253.717158252394,3.67203441211614
174.222708714645,10.2576326990776,4.25952915466741
508.430343209355,349.533863489925,4.63336961773991
37.0950954746907,53.4097086470814,4.08654655315489
508.776017484393,146.86521930345,5.01636971189478
NA,NA,NA
661.296023221884,336.534369358228,3.52724723299143
458.181988568139,299.272317022378,3.79434013138602
11.1829781471975,493.909784048009,3.52464283003967
564.070033255099,54.282998612068,4.30166271852792
74.0602286164977,375.792463100431,3.99611727654903
230.53587598007,418.994756929995,3.8537746782833
430.699410811805,14.1362499198613,3.32151816721654
361.038684856672,292.177244208303,2.96607984479376
602.239932862168,107.657978492667,4.25146612234495
387.731805251181,236.270066109173,4.28205054772719
567.532118534237,409.571541513737,4.7313269070285
140.955964360055,280.109341430759,4.58085084515951
200.011264182067,375.553524479532,4.05306308023731
126.174245726378,413.917644999772,3.39759777546518
624.183698017545,313.585955942783,4.60825436848209
-2.90977241992199,145.298575788153,4.25056748479997
540.214090596999,207.22440882231,4.20003978325774
34.689071319064,492.732217565402,3.11352548837232
281.570990446701,25.5105864021445,4.14357142491764
533.792825760665,391.899841140933,3.4806059326676
71.9579486573243,72.2353412108459,5.25329640793188
7.12992715603047,72.3492419383208,3.35030063942649
587.798775076737,228.673094702714,3.97322106158579
439.897356972827,461.552603529669,4.7974633250648
658.581896977635,374.116405104296,3.17929511905535
104.255529781248,487.143438949342,4.40886445479554
625.301877238244,94.7091900306492,4.12658585843732
418.913276461278,256.820308895938,3.60511868286378
12.4191085266854,180.844464014585,3.38449318489678
71.8809283640997,106.353614387812,4.24289658510146
610.742491479064,201.925848008413,4.24293942166555
256.860484742452,220.872433376271,3.54250162325883
575.002747928347,438.448059473358,3.70876203200528
296.637509321083,133.572178487899,4.12072475871555
524.227432290193,456.641691026631,3.60607842893247
49.9230062222781,426.674917429923,4.10215523585998
204.472079054556,288.230468442024,3.9520156672409
550.83119988687,253.717158252394,3.67203441211614
174.222708714645,10.2576326990776,4.25952915466741
508.430343209355,349.533863489925,4.63336961773991
37.0950954746907,53.4097086470814,4.08654655315489
508.776017484393,146.86521930345,5.01636971189478
NA,NA,NA
661.296023221884,336.534369358228,3.52724723299143
458.181988568139,299.272317022378,3.79434013138602
11.1829781471975,493.909784048009,3.52464283003967
564.070033255099,54.282998612068,4.30166271852792
74.0602286164977,375.792463100431,3.99611727654903
230.53587598007,418.994756929995,3.8537746782833
430.699410811805,14.1362499198613,3.32151816721654
361.038684856672,292.177244208303,2.96607984479376
602.239932862168,107.657978492667,4.25146612234495
387.731805251181,236.270066109173,4.28205054772719
567.532118534237,409.571541513737,4.7313269070285
140.955964360055,280.109341430759,4.58085084515951
200.011264182067,375.553524479532,4.05306308023731
126.174245726378,413.917644999772,3.39759777546518
624.183698017545,313.585955942783,4.60825436848209
-2.90977241992199,145.298575788153,4.25056748479997
540.214090596999,207.22440882231,4.20003978325774
34.689071319064,492.732217565402,3.11352548837232
281.570990446701,25.5105864021445,4.14357142491764
533.792825760665,391.899841140933,3.4806059326676
71.9579486573243,72.2353412108459,5.25329640793188
7.12992715603047,72.3492419383208,3.35030063942649
587.798775076737,228.673094702714,3.97322106158579
439.897356972827,461.552603529669,4.7974633250648
658.581896977635,374.116405104296,3.17929511905535
104.255529781248,487.143438949342,4.40886445479554
625.301877238244,94.7091900306492,4.12658585843732
418.913276461278,256.820308895938,3.60511868286378
12.4191085266854,180.844464014585,3.38449318489678
71.8809283640997,106.353614387812,4.24289658510146
610.742491479064,201.925848008413,4.24293942166555
256.860484742452,220.872433376271,3.54250162325883
575.002747928347,438.448059473358,3.70876203200528
296.637509321083,133.572178487899,4.12072475871555
524.227432290193,456.641691026631,3.60607842893247
49.9230062222781,426.674917429923,4.10215523585998
204.472079054556,288.230468442024,3.9520156672409
550.83119988687,253.717158252394,3.67203441211614
174.222708714645,10.2576326990776,4.25952915466741
508.430343209355,349.533863489925,4.63336961773991
37.0950954746907,53.4097086470814,4.08654655315489
508.776017484393,146.86521930345,5.01636971189478
NA,NA,NA
661.296023221884,336.534369358228,3.52724723299143
458.181988568139,299.272317022378,3.79434013138602
11.1829781471975,493.909784048009,3.52464283003967
564.070033255099,54.282998612068,4.30166271852792
74.0602286164977,375.792463100431,3.99611727654903
230.53587598007,418.994756929995,3.8537746782833
430.699410811805,14.1362499198613,3.32151816721654
361.038684856672,292.177244208303,2.96607984479376
602.239932862168,107.657978492667,4.25146612234495
387.731805251181,236.270066109173,4.28205054772719
567.532118534237,409.571541513737,4.7313269070285
140.955964360055,280.109341430759,4.58085084515951
200.011264182067,375.553524479532,4.05306308023731
126.174245726378,413.917644999772,3.39759777546518
624.183698017545,313.585955942783,4.60825436848209
-2.90977241992199,145.298575788153,4.25056748479997
540.214090596999,207.22440882231,4.20003978325774
34.689071319064,492.732217565402,3.11352548837232
281.570990446701,25.5105864021445,4.14357142491764
533.792825760665,391.899841140933,3.4806059326676
71.9579486573243,72.2353412108459,5.25329640793188
7.12992715603047,72.3492419383208,3.35030063942649
587.798775076737,228.673094702714,3.97322106158579
439.897356972827,461.552603529669,4.7974633250648
658.581896977635,374.116405104296,3.17929511905535
104.255529781248,487.143438949342,4.40886445479554
625.301877238244,94.7091900306492,4.12658585843732
418.913276461278,256.820308895938,3.60511868286378
12.4191085266854,180.844464014585,3.38449318489678
71.8809283640997,106.353614387812,4.24289658510146
610.742491479064,201.925848008413,4.24293942166555
256.860484742452,220.872433376271,3.54250162325883
575.002747928347,438.448059473358,3.70876203200528
296.637509321083,133.572178487899,4.12072475871555
524.227432290193,456.641691026631,3.60607842893247
49.9230062222781,426.674917429923,4.10215523585998
204.472079054556,288.230468442024,3.9520156672409
550.83119988687,253.717158252394,3.67203441211614
174.222708714645,10.2576326990776,4.25952915466741
508.430343209355,349.533863489925,4.63336961773991
37.0950954746907,53.4097086470814,4.08654655315489
508.776017484393,146.86521930345,5.01636971189478
NA,NA,NA
661.296023221884,336.534369358228,3.52724723299143
458.181988568139,299.272317022378,3.79434013138602
11.1829781471975,493.909784048009,3.52464283003967
564.070033255099,54.282998612068,4.30166271852792
74.0602286164977,375.792463100431,3.99611727654903
230.53587598007,418.994756929995,3.8537746782833
430.699410811805,14.1362499198613,3.32151816721654
361.038684856672,292.177244208303,2.96607984479376
602.239932862168,107.657978492667,4.25146612234495
387.731805251181,236.270066109173,4.28205054772719
567.532118534237,409.571541513737,4.7313269070285
140.955964360055,280.109341430759,4.58085084515951
200.011264182067,375.553524479532,4.05306308023731
126.174245726378,413.917644999772,3.39759777546518
624.183698017545,313.585955942783,4.60825436848209
-2.90977241992199,145.298575788153,4.25056748479997
540.214090596999,207.22440882231,4.20003978325774
34.689071319064,492.732217565402,3.11352548837232
281.570990446701,25.5105864021445,4.14357142491764
533.792825760665,391.899841140933,3.4806059326676
71.9579486573243,72.2353412108459,5.25329640793188
7.12992715603047,72.3492419383208,3.35030063942649
587.798775076737,228.673094702714,3.97322106158579
439.897356972827,461.552603529669,4.7974633250648
658.581896977635,374.116405104296,3.17929511905535
104.255529781248,487.143438949342,4.40886445479554
625.301877238244,94.7091900306492,4.12658585843732
418.913276461278,256.820308895938,3.60511868286378
12.4191085266854,180.844464014585,3.38449318489678
71.8809283640997,106.353614387812,4.24289658510146
610.742491479064,201.925848008413,4.24293942166555
256.860484742452,220.872433376271,3.54250162325883
575.002747928347,438.448059473358,3.70876203200528
296.637509321083,133.572178487899,4.12072475871555
524.227432290193,456.641691026631,3.60607842893247
49.9230062222781,426.674917429923,4.10215523585998
204.472079054556,288.230468442024,3.9520156672409
550.83119988687,253.717158252394,3.67203441211614
174.222708714645,10.2576326990776,4.25952915466741
508.430343209355,349.533863489925,4.63336961773991
37.0950954746907,53.4097086470814,4.08654655315489
508.776017484393,146.86521930345,5.01636971189478
NA,NA,NA
661.296023221884,336.534369358228,3.52724723299143
458.181988568139,299.272317022378,3.79434013138602
11.1829781471975,493.909784048009,3.52464283003967
564.070033255099,54.282998612068,4.30166271852792
74.0602286164977,375.792463100431,3.99611727654903
230.53587598007,418.994756929995,3.8537746782833
430.699410811805,14.1362499198613,3.32151816721654
361.038684856672,292.177244208303,2.96607984479376
602.239932862168,107.657978492667,4.25146612234495
387.731805251181,236.270066109173,4.28205054772719
567.532118534237,409.571541513737,4.7313269070285
140.955964360055,280.109341430759,4.58085084515951
200.011264182067,375.553524479532,4.05306308023731
126.174245726378,413.917644999772,3.39759777546518
624.183698017545,313.585955942783,4.60825436848209
-2.90977241992199,145.298575788153,4.25056748479997
540.214090596999,207.22440882231,4.20003978325774
34.689071319064,492.732217565402,3.11352548837232
281.570990446701,25.5105864021445,4.14357142491764
533.792825760665,391.899841140933,3.4806059326676
71.9579486573243,72.2353412108459,5.25329640793188
7.12992715603047,72.3492419383208,3.35030063942649
587.798775076737,228.673094702714,3.97322106158579
439.897356972827,461.552603529669,4.7974633250648
658.581896977635,374.116405104296,3.17929511905535
104.255529781248,487.143438949342,4.40886445479554
625.301877238244,94.7091900306492,4.12658585843732
418.913276461278,256.820308895938,3.60511868286378
12.4191085266854,180.844464014585,3.38449318489678
71.8809283640997,106.353614387812,4.24289658510146
610.742491479064,201.925848008413,4.24293942166555
256.860484742452,220.872433376271,3.54250162325883
575.002747928347,438.448059473358,3.70876203200528
296.637509321083,133.572178487899,4.12072475871555
524.227432290193,456.641691026631,3.60607842893247
49.9230062222781,426.674917429923,4.10215523585998
204.472079054556,288.230468442024,3.9520156672409
550.83119988687,253.717158252394,3.67203441211614
174.222708714645,10.2576326990776,4.25952915466741
508.430343209355,349.533863489925,4.63336961773991
37.0950954746907,53.4097086470814,4.08654655315489
508.776017484393,146.86521930345,5.01636971189478
NA,NA,NA
665.11097558742,330.590469830552,3.62723858334342
454.166433136731,301.148545386519,3.70339133388778
14.261116015137,494.534725367985,3.56629062053219
561.026247531942,52.3308730044724,4.10924693555243
70.8355894674147,373.078240347966,3.89476033663394
231.435594652636,412.542512376287,3.94028994669366
428.245924000783,13.5573456547719,3.37918276672933
363.399253243715,294.78091997953,3.16990301484559
601.666879992762,103.745879874412,4.17755698166021
391.593745268689,233.696223155887,4.21804810932346
569.947556798073,407.882137432903,4.73708987498967
136.615255672145,281.962149566421,4.56760287687673
199.024122574195,369.080548847028,4.12868563941813
126.847992555673,410.464767939642,3.477097103036
627.27732425242,310.263166239728,4.55172610129765
-0.0397935183163982,150.466743336013,4.2717377658433
540.544986505347,203.073255274285,4.07566036826622
34.0037924420462,490.727530662842,2.89452801138191
281.447663565327,23.0849951226527,3.81953826987756
535.559853214552,393.770661431378,3.45043104135075
71.8064503523687,77.582886118805,5.18218852763916
7.75459210143645,75.7911041438749,3.38352492814159
589.561467789971,229.415250260578,3.98501664327044
437.232190530506,465.154655373395,4.73633030197695
657.401062710944,373.499507637398,3.00484268443031
105.543554399252,488.059971482573,4.43587518434088
627.913332757632,92.9957600666123,4.06911024224523
421.852663750085,258.649508625031,3.67141458329111
12.3991810130458,180.142223968756,3.22427407703096
92.2691384574692,124.41353280038,4.36615330314969
594.06883242445,197.57367509659,4.3383747173661
249.560025872096,217.011967869214,4.05804876916931
578.542165538476,431.75364062296,3.79926388081399
299.276937771458,138.336338342415,3.80026664860879
535.041963874076,461.657240186602,3.6763076256392
41.7446906797087,402.006278304744,4.00108644557726
204.328787126895,274.923392142574,4.10226273440036
542.930065759986,261.404942647484,3.64428599869303
180.157463172886,29.7098129447598,4.43943911565172
496.734924636297,336.774304115074,4.48534154163607
40.8584734197498,62.2368347265012,4.26930591618992
524.019585859747,155.793138213617,4.12015055186486
NA,NA,NA
665.11097558742,330.590469830552,3.62723858334342
454.166433136731,301.148545386519,3.70339133388778
14.261116015137,494.534725367985,3.56629062053219
561.026247531942,52.3308730044724,4.10924693555243
70.8355894674147,373.078240347966,3.89476033663394
231.435594652636,412.542512376287,3.94028994669366
428.245924000783,13.5573456547719,3.37918276672933
363.399253243715,294.78091997953,3.16990301484559
601.666879992762,103.745879874412,4.17755698166021
391.593745268689,233.696223155887,4.21804810932346
569.947556798073,407.882137432903,4.73708987498967
136.615255672145,281.962149566421,4.56760287687673
199.024122574195,369.080548847028,4.12868563941813
126.847992555673,410.464767939642,3.477097103036
627.27732425242,310.263166239728,4.55172610129765
-0.0397935183163982,150.466743336013,4.2717377658433
540.544986505347,203.073255274285,4.07566036826622
34.0037924420462,490.727530662842,2.89452801138191
281.447663565327,23.0849951226527,3.81953826987756
535.559853214552,393.770661431378,3.45043104135075
71.8064503523687,77.582886118805,5.18218852763916
7.75459210143645,75.7911041438749,3.38352492814159
589.561467789971,229.415250260578,3.98501664327044
437.232190530506,465.154655373395,4.73633030197695
657.401062710944,373.499507637398,3.00484268443031
105.543554399252,488.059971482573,4.43587518434088
627.913332757632,92.9957600666123,4.06911024224523
421.852663750085,258.649508625031,3.67141458329111
12.3991810130458,180.142223968756,3.22427407703096
92.2691384574692,124.41353280038,4.36615330314969
594.06883242445,197.57367509659,4.3383747173661
249.560025872096,217.011967869214,4.05804876916931
578.542165538476,431.75364062296,3.79926388081399
299.276937771458,138.336338342415,3.80026664860879
535.041963874076,461.657240186602,3.6763076256392
41.7446906797087,402.006278304744,4.00108644557726
204.328787126895,274.923392142574,4.10226273440036
542.930065759986,261.404942647484,3.64428599869303
180.157463172886,29.7098129447598,4.43943911565172
496.734924636297,336.774304115074,4.48534154163607
40.8584734197498,62.2368347265012,4.26930591618992
524.019585859747,155.793138213617,4.12015055186486
NA,NA,NA
665.11097558742,330.590469830552,3.62723858334342
454.166433136731,301.148545386519,3.70339133388778
14.261116015137,494.534725367985,3.56629062053219
561.026247531942,52.3308730044724,4.10924693555243
70.8355894674147,373.078240347966,3.89476033663394
231.435594652636,412.542512376287,3.94028994669366
428.245924000783,13.5573456547719,3.37918276672933
363.399253243715,294.78091997953,3.16990301484559
601.666879992762,103.745879874412,4.17755698166021
391.593745268689,233.696223155887,4.21804810932346
569.947556798073,407.882137432903,4.73708987498967
136.615255672145,281.962149566421,4.56760287687673
199.024122574195,369.080548847028,4.12868563941813
126.847992555673,410.464767939642,3.477097103036
627.27732425242,310.263166239728,4.55172610129765
-0.0397935183163982,150.466743336013,4.2717377658433
540.544986505347,203.073255274285,4.07566036826622
34.0037924420462,490.727530662842,2.89452801138191
281.447663565327,23.0849951226527,3.81953826987756
535.559853214552,393.770661431378,3.45043104135075
71.8064503523687,77.582886118805,5.18218852763916
7.75459210143645,75.7911041438749,3.38352492814159
589.561467789971,229.415250260578,3.98501664327044
437.232190530506,465.154655373395,4.73633030197695
657.401062710944,373.499507637398,3.00484268443031
105.543554399252,488.059971482573,4.43587518434088
627.913332757632,92.9957600666123,4.06911024224523
421.852663750085,258.649508625031,3.67141458329111
12.3991810130458,180.142223968756,3.22427407703096
92.2691384574692,124.41353280038,4.36615330314969
594.06883242445,197.57367509659,4.3383747173661
249.560025872096,217.011967869214,4.05804876916931
578.542165538476,431.75364062296,3.79926388081399
299.276937771458,138.336338342415,3.80026664860879
535.041963874076,461.657240186602,3.6763076256392
41.7446906797087,402.006278304744,4.00108644557726
204.328787126895,274.923392142574,4.10226273440036
542.930065759986,261.404942647484,3.64428599869303
180.157463172886,29.7098129447598,4.43943911565172
496.734924636297,336.774304115074,4.48534154163607
40.8584734197498,62.2368347265012,4.26930591618992
524.019585859747,155.793138213617,4.12015055186486
NA,NA,NA
665.11097558742,330.590469830552,3.62723858334342
454.166433136731,301.148545386519,3.70339133388778
14.261116015137,494.534725367985,3.56629062053219
561.026247531942,52.3308730044724,4.10924693555243
70.8355894674147,373.078240347966,3.89476033663394
231.435594652636,412.542512376287,3.94028994669366
428.245924000783,13.5573456547719,3.37918276672933
363.399253243715,294.78091997953,3.16990301484559
601.666879992762,103.745879874412,4.17755698166021
391.593745268689,233.696223155887,4.21804810932346
569.947556798073,407.882137432903,4.73708987498967
136.615255672145,281.962149566421,4.56760287687673
199.024122574195,369.080548847028,4.12868563941813
126.847992555673,410.464767939642,3.477097103036
627.27732425242,310.263166239728,4.55172610129765
-0.0397935183163982,150.466743336013,4.2717377658433
540.544986505347,203.073255274285,4.07566036826622
34.0037924420462,490.727530662842,2.89452801138191
281.447663565327,23.0849951226527,3.81953826987756
535.559853214552,393.770661431378,3.45043104135075
71.8064503523687,77.582886118805,5.18218852763916
7.75459210143645,75.7911041438749,3.38352492814159
589.561467789971,229.415250260578,3.98501664327044
437.232190530506,465.154655373395,4.73633030197695
657.401062710944,373.499507637398,3.00484268443031
105.543554399252,488.059971482573,4.43587518434088
627.913332757632,92.9957600666123,4.06911024224523
421.852663750085,258.649508625031,3.67141458329111
12.3991810130458,180.142223968756,3.22427407703096
92.2691384574692,124.41353280038,4.36615330314969
594.06883242445,197.57367509659,4.3383747173661
249.560025872096,217.011967869214,4.05804876916931
578.542165538476,431.75364062296,3.79926388081399
299.276937771458,138.336338342415,3.80026664860879
535.041963874076,461.657240186602,3.6763076256392
41.7446906797087,402.006278304744,4.00108644557726
204.328787126895,274.923392142574,4.10226273440036
542.930065759986,261.404942647484,3.64428599869303
180.157463172886,29.7098129447598,4.43943911565172
496.734924636297,336.774304115074,4.48534154163607
40.8584734197498,62.2368347265012,4.26930591618992
524.019585859747,155.793138213617,4.12015055186486
NA,NA,NA
665.11097558742,330.590469830552,3.62723858334342
454.166433136731,301.148545386519,3.70339133388778
14.261116015137,494.534725367985,3.56629062053219
561.026247531942,52.3308730044724,4.10924693555243
70.8355894674147,373.078240347966,3.89476033663394
231.435594652636,412.542512376287,3.94028994669366
428.245924000783,13.5573456547719,3.37918276672933
363.399253243715,294.78091997953,3.16990301484559
601.666879992762,103.745879874412,4.17755698166021
391.593745268689,233.696223155887,4.21804810932346
569.947556798073,407.882137432903,4.73708987498967
136.615255672145,281.962149566421,4.56760287687673
199.024122574195,369.080548847028,4.12868563941813
126.847992555673,410.464767939642,3.477097103036
627.27732425242,310.263166239728,4.55172610129765
-0.0397935183163982,150.466743336013,4.2717377658433
540.544986505347,203.073255274285,4.07566036826622
34.0037924420462,490.727530662842,2.89452801138191
281.447663565327,23.0849951226527,3.81953826987756
535.559853214552,393.770661431378,3.45043104135075
71.8064503523687,77.582886118805,5.18218852763916
7.75459210143645,75.7911041438749,3.38352492814159
589.561467789971,229.415250260578,3.98501664327044
437.232190530506,465.154655373395,4.73633030197695
657.401062710944,373.499507637398,3.00484268443031
105.543554399252,488.059971482573,4.43587518434088
627.913332757632,92.9957600666123,4.06911024224523
421.852663750085,258.649508625031,3.67141458329111
12.3991810130458,180.142223968756,3.22427407703096
92.2691384574692,124.41353280038,4.36615330314969
594.06883242445,197.57367509659,4.3383747173661
249.560025872096,217.011967869214,4.05804876916931
578.542165538476,431.75364062296,3.79926388081399
299.276937771458,138.336338342415,3.80026664860879
535.041963874076,461.657240186602,3.6763076256392
41.7446906797087,402.006278304744,4.00108644557726
204.328787126895,274.923392142574,4.10226273440036
542.930065759986,261.404942647484,3.64428599869303
180.157463172886,29.7098129447598,4.43943911565172
496.734924636297,336.774304115074,4.48534154163607
40.8584734197498,62.2368347265012,4.26930591618992
524.019585859747,155.793138213617,4.12015055186486
NA,NA,NA
665.11097558742,330.590469830552,3.62723858334342
454.166433136731,301.148545386519,3.70339133388778
14.261116015137,494.534725367985,3.56629062053219
561.026247531942,52.3308730044724,4.10924693555243
70.8355894674147,373.078240347966,3.89476033663394
231.435594652636,412.542512376287,3.94028994669366
428.245924000783,13.5573456547719,3.37918276672933
363.399253243715,294.78091997953,3.16990301484559
601.666879992762,103.745879874412,4.17755698166021
391.593745268689,233.696223155887,4.21804810932346
569.947556798073,407.882137432903,4.73708987498967
136.615255672145,281.962149566421,4.56760287687673
199.024122574195,369.080548847028,4.12868563941813
126.847992555673,410.464767939642,3.477097103036
627.27732425242,310.263166239728,4.55172610129765
-0.0397935183163982,150.466743336013,4.2717377658433
540.544986505347,203.073255274285,4.07566036826622
34.0037924420462,490.727530662842,2.89452801138191
281.447663565327,23.0849951226527,3.81953826987756
535.559853214552,393.770661431378,3.45043104135075
71.8064503523687,77.582886118805,5.18218852763916
7.75459210143645,75.7911041438749,3.38352492814159
589.561467789971,229.415250260578,3.98501664327044
437.232190530506,465.154655373395,4.73633030197695
657.401062710944,373.499507637398,3.00484268443031
105.543554399252,488.059971482573,4.43587518434088
627.913332757632,92.9957600666123,4.06911024224523
421.852663750085,258.649508625031,3.67141458329111
12.3991810130458,180.142223968756,3.22427407703096
92.2691384574692,124.41353280038,4.36615330314969
594.06883242445,197.57367509659,4.3383747173661
249.560025872096,217.011967869214,4.05804876916931
578.542165538476,431.75364062296,3.79926388081399
299.276937771458,138.336338342415,3.80026664860879
535.041963874076,461.657240186602,3.6763076256392
41.7446906797087,402.006278304744,4.00108644557726
204.328787126895,274.923392142574,4.10226273440036
542.930065759986,261.404942647484,3.64428599869303
180.157463172886,29.7098129447598,4.43943911565172
496.734924636297,336.774304115074,4.48534154163607
40.8584734197498,62.2368347265012,4.26930591618992
524.019585859747,155.793138213617,4.12015055186486
NA,NA,NA
660.753302645431,338.131489178014,3.42863236486782
455.623707930397,298.622962735937,3.54411571341881
16.0396639657278,493.634769785971,3.58335653921542
567.966506923582,49.138442881514,3.98027882093128
71.4635919587033,380.768390298288,4.01175314820097
229.535930139713,417.67721331778,3.75066225073723
428.747336198523,10.741024369047,3.31842366531196
362.502092728611,289.972633230833,2.97213471254815
604.721234187489,109.971423996927,4.2518459899924
393.795206522625,223.164893697565,4.07135677405131
572.906128987908,412.353339395903,4.7427509326973
142.434154490271,279.53304678493,4.57231861755606
199.821562296276,375.474132847928,4.04725424210825
123.697907622619,410.201356065278,3.47833458404447
627.172458279655,314.034236681023,4.44651326989236
6.3587530149697,155.499326273257,4.31255308654892
540.433481364821,203.19383386587,4.2857194912114
31.4890444114921,492.110204172711,3.06184668014551
277.874571853445,25.2725852988121,3.92071442333069
534.622059726241,393.284384373833,3.37451903676153
71.1240381771673,75.1963419227155,5.25268578944891
4.4510195169506,78.1569620732347,3.54046458492501
585.006291498872,229.497525238422,4.07474380316046
435.206164460594,459.460397541302,4.73374079425997
658.67734929107,372.511052797799,3.12177185036237
108.45382787863,487.287257576504,4.32284502726507
622.509895277361,91.0119251305932,4.01024248649493
420.819093964624,258.459138991941,3.60178113584776
11.9079604188236,183.848452680412,3.11936248660727
72.8956830667739,123.970115729435,4.46996545682773
604.553052504067,204.187547070467,4.32481294799238
250.488173471617,226.217544568952,4.01273165411264
572.324412469104,430.504226943764,3.87292187726093
299.991059989288,138.229498959994,3.91855118992896
531.428271554892,455.417497590953,3.64735783179685
46.211067162375,419.138967143414,3.90536781971371
198.570534209093,292.860290090436,4.21224202163213
554.741629765807,257.231176476986,3.60389990177482
168.706346885395,28.5990958644461,4.27916071727727
497.327831984204,343.98372465232,4.62549508224685
42.082970341847,47.6757901503865,4.25436692280967
528.954570695554,148.375566607084,4.94620866332204
NA,NA,NA
660.753302645431,338.131489178014,3.42863236486782
455.623707930397,298.622962735937,3.54411571341881
16.0396639657278,493.634769785971,3.58335653921542
567.966506923582,49.138442881514,3.98027882093128
71.4635919587033,380.768390298288,4.01175314820097
229.535930139713,417.67721331778,3.75066225073723
428.747336198523,10.741024369047,3.31842366531196
362.502092728611,289.972633230833,2.97213471254815
604.721234187489,109.971423996927,4.2518459899924
393.795206522625,223.164893697565,4.07135677405131
572.906128987908,412.353339395903,4.7427509326973
142.434154490271,279.53304678493,4.57231861755606
199.821562296276,375.474132847928,4.04725424210825
123.697907622619,410.201356065278,3.47833458404447
627.172458279655,314.034236681023,4.44651326989236
6.3587530149697,155.499326273257,4.31255308654892
540.433481364821,203.19383386587,4.2857194912114
31.4890444114921,492.110204172711,3.06184668014551
277.874571853445,25.2725852988121,3.92071442333069
534.622059726241,393.284384373833,3.37451903676153
71.1240381771673,75.1963419227155,5.25268578944891
4.4510195169506,78.1569620732347,3.54046458492501
585.006291498872,229.497525238422,4.07474380316046
435.206164460594,459.460397541302,4.73374079425997
658.67734929107,372.511052797799,3.12177185036237
108.45382787863,487.287257576504,4.32284502726507
622.509895277361,91.0119251305932,4.01024248649493
420.819093964624,258.459138991941,3.60178113584776
11.9079604188236,183.848452680412,3.11936248660727
72.8956830667739,123.970115729435,4.46996545682773
604.553052504067,204.187547070467,4.32481294799238
250.488173471617,226.217544568952,4.01273165411264
572.324412469104,430.504226943764,3.87292187726093
299.991059989288,138.229498959994,3.91855118992896
531.428271554892,455.417497590953,3.64735783179685
46.211067162375,419.138967143414,3.90536781971371
198.570534209093,292.860290090436,4.21224202163213
554.741629765807,257.231176476986,3.60389990177482
168.706346885395,28.5990958644461,4.27916071727727
497.327831984204,343.98372465232,4.62549508224685
42.082970341847,47.6757901503865,4.25436692280967
528.954570695554,148.375566607084,4.94620866332204
NA,NA,NA
660.753302645431,338.131489178014,3.42863236486782
455.623707930397,298.622962735937,3.54411571341881
16.0396639657278,493.634769785971,3.58335653921542
567.966506923582,49.138442881514,3.98027882093128
71.4635919587033,380.768390298288,4.01175314820097
229.535930139713,417.67721331778,3.75066225073723
428.747336198523,10.741024369047,3.31842366531196
362.502092728611,289.972633230833,2.97213471254815
604.721234187489,109.971423996927,4.2518459899924
393.795206522625,223.164893697565,4.07135677405131
572.906128987908,412.353339395903,4.7427509326973
142.434154490271,279.53304678493,4.57231861755606
199.821562296276,375.474132847928,4.04725424210825
123.697907622619,410.201356065278,3.47833458404447
627.172458279655,314.034236681023,4.44651326989236
6.3587530149697,155.499326273257,4.31255308654892
540.433481364821,203.19383386587,4.2857194912114
31.4890444114921,492.110204172711,3.06184668014551
277.874571853445,25.2725852988121,3.92071442333069
534.622059726241,393.284384373833,3.37451903676153
71.1240381771673,75.1963419227155,5.25268578944891
4.4510195169506,78.1569620732347,3.54046458492501
585.006291498872,229.497525238422,4.07474380316046
435.206164460594,459.460397541302,4.73374079425997
658.67734929107,372.511052797799,3.12177185036237
108.45382787863,487.287257576504,4.32284502726507
622.509895277361,91.0119251305932,4.01024248649493
420.819093964624,258.459138991941,3.60178113584776
11.9079604188236,183.848452680412,3.11936248660727
72.8956830667739,123.970115729435,4.46996545682773
604.553052504067,204.187547070467,4.32481294799238
250.488173471617,226.217544568952,4.01273165411264
572.324412469104,430.504226943764,3.87292187726093
299.991059989288,138.229498959994,3.91855118992896
531.428271554892,455.417497590953,3.64735783179685
46.211067162375,419.138967143414,3.90536781971371
198.570534209093,292.860290090436,4.21224202163213
554.741629765807,257.231176476986,3.60389990177482
168.706346885395,28.5990958644461,4.27916071727727
497.327831984204,343.98372465232,4.62549508224685
42.082970341847,47.6757901503865,4.25436692280967
528.954570695554,148.375566607084,4.94620866332204
NA,NA,NA
660.753302645431,338.131489178014,3.42863236486782
455.623707930397,298.622962735937,3.54411571341881
16.0396639657278,493.634769785971,3.58335653921542
567.966506923582,49.138442881514,3.98027882093128
71.4635919587033,380.768390298288,4.01175314820097
229.535930139713,417.67721331778,3.75066225073723
428.747336198523,10.741024369047,3.31842366531196
362.502092728611,289.972633230833,2.97213471254815
604.721234187489,109.971423996927,4.2518459899924
393.795206522625,223.164893697565,4.07135677405131
572.906128987908,412.353339395903,4.7427509326973
142.434154490271,279.53304678493,4.57231861755606
199.821562296276,375.474132847928,4.04725424210825
123.697907622619,410.201356065278,3.47833458404447
627.172458279655,314.034236681023,4.44651326989236
6.3587530149697,155.499326273257,4.31255308654892
540.433481364821,203.19383386587,4.2857194912114
31.4890444114921,492.110204172711,3.06184668014551
277.874571853445,25.2725852988121,3.92071442333069
534.622059726241,393.284384373833,3.37451903676153
71.1240381771673,75.1963419227155,5.25268578944891
4.4510195169506,78.1569620732347,3.54046458492501
585.006291498872,229.497525238422,4.07474380316046
435.206164460594,459.460397541302,4.73374079425997
658.67734929107,372.511052797799,3.12177185036237
108.45382787863,487.287257576504,4.32284502726507
622.509895277361,91.0119251305932,4.01024248649493
420.819093964624,258.459138991941,3.60178113584776
11.9079604188236,183.848452680412,3.11936248660727
72.8956830667739,123.970115729435,4.46996545682773
604.553052504067,204.187547070467,4.32481294799238
250.488173471617,226.217544568952,4.01273165411264
572.324412469104,430.504226943764,3.87292187726093
299.991059989288,138.229498959994,3.91855118992896
531.428271554892,455.417497590953,3.64735783179685
46.211067162375,419.138967143414,3.90536781971371
198.570534209093,292.860290090436,4.21224202163213
554.741629765807,257.231176476986,3.60389990177482
168.706346885395,28.5990958644461,4.27916071727727
497.327831984204,343.98372465232,4.62549508224685
42.082970341847,47.6757901503865,4.25436692280967
528.954570695554,148.375566607084,4.94620866332204
NA,NA,NA
660.753302645431,338.131489178014,3.42863236486782
455.623707930397,298.622962735937,3.54411571341881
16.0396639657278,493.634769785971,3.58335653921542
567.966506923582,49.138442881514,3.98027882093128
71.4635919587033,380.768390298288,4.01175314820097
229.535930139713,417.67721331778,3.75066225073723
428.747336198523,10.741024369047,3.31842366531196
362.502092728611,289.972633230833,2.97213471254815
604.721234187489,109.971423996927,4.2518459899924
393.795206522625,223.164893697565,4.07135677405131
572.906128987908,412.353339395903,4.7427509326973
142.434154490271,279.53304678493,4.57231861755606
199.821562296276,375.474132847928,4.04725424210825
123.697907622619,410.201356065278,3.47833458404447
627.172458279655,314.034236681023,4.44651326989236
6.3587530149697,155.499326273257,4.31255308654892
540.433481364821,203.19383386587,4.2857194912114
31.4890444114921,492.110204172711,3.06184668014551
277.874571853445,25.2725852988121,3.92071442333069
534.622059726241,393.284384373833,3.37451903676153
71.1240381771673,75.1963419227155,5.25268578944891
4.4510195169506,78.1569620732347,3.54046458492501
585.006291498872,229.497525238422,4.07474380316046
435.206164460594,459.460397541302,4.73374079425997
658.67734929107,372.511052797799,3.12177185036237
108.45382787863,487.287257576504,4.32284502726507
622.509895277361,91.0119251305932,4.01024248649493
420.819093964624,258.459138991941,3.60178113584776
11.9079604188236,183.848452680412,3.11936248660727
72.8956830667739,123.970115729435,4.46996545682773
604.553052504067,204.187547070467,4.32481294799238
250.488173471617,226.217544568952,4.01273165411264
572.324412469104,430.504226943764,3.87292187726093
299.991059989288,138.229498959994,3.91855118992896
531.428271554892,455.417497590953,3.64735783179685
46.211067162375,419.138967143414,3.90536781971371
198.570534209093,292.860290090436,4.21224202163213
554.741629765807,257.231176476986,3.60389990177482
168.706346885395,28.5990958644461,4.27916071727727
497.327831984204,343.98372465232,4.62549508224685
42.082970341847,47.6757901503865,4.25436692280967
528.954570695554,148.375566607084,4.94620866332204
NA,NA,NA
660.753302645431,338.131489178014,3.42863236486782
455.623707930397,298.622962735937,3.54411571341881
16.0396639657278,493.634769785971,3.58335653921542
567.966506923582,49.138442881514,3.98027882093128
71.4635919587033,380.768390298288,4.01175314820097
229.535930139713,417.67721331778,3.75066225073723
428.747336198523,10.741024369047,3.31842366531196
362.502092728611,289.972633230833,2.97213471254815
604.721234187489,109.971423996927,4.2518459899924
393.795206522625,223.164893697565,4.07135677405131
572.906128987908,412.353339395903,4.7427509326973
142.434154490271,279.53304678493,4.57231861755606
199.821562296276,375.474132847928,4.04725424210825
123.697907622619,410.201356065278,3.47833458404447
627.172458279655,314.034236681023,4.44651326989236
6.3587530149697,155.499326273257,4.31255308654892
540.433481364821,203.19383386587,4.2857194912114
31.4890444114921,492.110204172711,3.06184668014551
277.874571853445,25.2725852988121,3.92071442333069
534.622059726241,393.284384373833,3.37451903676153
71.1240381771673,75.1963419227155,5.25268578944891
4.4510195169506,78.1569620732347,3.54046458492501
585.006291498872,229.497525238422,4.07474380316046
435.206164460594,459.460397541302,4.73374079425997
658.67734929107,372.511052797799,3.12177185036237
108.45382787863,487.287257576504,4.32284502726507
622.509895277361,91.0119251305932,4.01024248649493
420.819093964624,258.459138991941,3.60178113584776
11.9079604188236,183.848452680412,3.11936248660727
72.8956830667739,123.970115729435,4.46996545682773
604.553052504067,204.187547070467,4.32481294799238
250.488173471617,226.217544568952,4.01273165411264
572.324412469104,430.504226943764,3.87292187726093
299.991059989288,138.229498959994,3.91855118992896
531.428271554892,455.417497590953,3.64735783179685
46.211067162375,419.138967143414,3.90536781971371
198.570534209093,292.860290090436,4.21224202163213
554.741629765807,257.231176476986,3.60389990177482
168.706346885395,28.5990958644461,4.27916071727727
497.327831984204,343.98372465232,4.62549508224685
42.082970341847,47.6757901503865,4.25436692280967
528.954570695554,148.375566607084,4.94620866332204
NA,NA,NA
659.331872878224,332.067615560751,3.5602382644839
455.07530742777,298.103486342098,3.75572817800197
6.66450821857431,497.44366470982,3.62541034163643
554.677782679737,49.9830005171536,4.19038854592632
66.655634850143,373.121658941185,3.99963783775976
231.047018254737,410.461937346754,3.89246201497561
428.628848114955,15.0155762945053,3.37304432540475
361.820967223487,292.857589440662,2.82454506040747
601.171810635904,101.516793019517,4.21370273638657
392.143860576256,234.571895409492,4.15272791407886
568.740797542758,403.974603431297,4.70730534458582
140.861917780965,281.449520786039,4.5774789129005
200.034677911607,367.102253212677,4.14142588486892
123.657724662093,411.127822143455,3.46411039113786
624.658596515406,313.565777676685,4.517224096727
3.93098925517584,153.793254769855,4.20007418487917
542.807462076465,201.43076206977,3.98717921112147
34.2808178494299,493.436657421424,3.0132765325525
278.56528626217,19.9786340592809,3.98574345849892
532.415190845348,392.560885555735,3.40696943943438
80.7774615498371,79.3024124108521,5.13129838612951
6.40154258831363,75.5158620081878,3.41323630724105
586.845443244328,227.355983162321,4.02223523471407
443.969011336571,461.162940931276,4.70073766231038
660.349336834587,374.443780948499,2.90489932669817
108.683975468589,477.665839163566,4.30370138866649
624.053083662941,90.2097131040838,4.08962179632884
422.014849109776,259.432954679075,3.54331093644278
10.2785588512822,182.642326878272,3.22083321444511
60.201978836673,116.584918286433,4.38123807676135
611.750626804498,195.92027175501,4.41151690013798
254.282559841968,212.16442606215,3.97558440997713
571.369900915302,443.214343925997,3.49510353541852
298.91598974166,136.657042960365,3.74433059035288
532.702693548383,454.662754693347,3.27400416632545
46.6896149827539,414.771914452401,3.78810686581541
196.744344624859,281.87528721271,4.52587209955973
549.501584307171,255.081950296318,3.82807879451807
176.548385327842,29.7887173148031,4.4223653304639
503.992700461219,341.806680230046,4.5970981196102
39.6854171132396,45.900351791656,4.59026206970433
514.273964138642,140.233662363914,4.66347609905559
NA,NA,NA
659.331872878224,332.067615560751,3.5602382644839
455.07530742777,298.103486342098,3.75572817800197
6.66450821857431,497.44366470982,3.62541034163643
554.677782679737,49.9830005171536,4.19038854592632
66.655634850143,373.121658941185,3.99963783775976
231.047018254737,410.461937346754,3.89246201497561
428.628848114955,15.0155762945053,3.37304432540475
361.820967223487,292.857589440662,2.82454506040747
601.171810635904,101.516793019517,4.21370273638657
392.143860576256,234.571895409492,4.15272791407886
568.740797542758,403.974603431297,4.70730534458582
140.861917780965,281.449520786039,4.5774789129005
200.034677911607,367.102253212677,4.14142588486892
123.657724662093,411.127822143455,3.46411039113786
624.658596515406,313.565777676685,4.517224096727
3.93098925517584,153.793254769855,4.20007418487917
542.807462076465,201.43076206977,3.98717921112147
34.2808178494299,493.436657421424,3.0132765325525
278.56528626217,19.9786340592809,3.98574345849892
532.415190845348,392.560885555735,3.40696943943438
80.7774615498371,79.3024124108521,5.13129838612951
6.40154258831363,75.5158620081878,3.41323630724105
586.845443244328,227.355983162321,4.02223523471407
443.969011336571,461.162940931276,4.70073766231038
660.349336834587,374.443780948499,2.90489932669817
108.683975468589,477.665839163566,4.30370138866649
624.053083662941,90.2097131040838,4.08962179632884
422.014849109776,259.432954679075,3.54331093644278
10.2785588512822,182.642326878272,3.22083321444511
60.201978836673,116.584918286433,4.38123807676135
611.750626804498,195.92027175501,4.41151690013798
254.282559841968,212.16442606215,3.97558440997713
571.369900915302,443.214343925997,3.49510353541852
298.91598974166,136.657042960365,3.74433059035288
532.702693548383,454.662754693347,3.27400416632545
46.6896149827539,414.771914452401,3.78810686581541
196.744344624859,281.87528721271,4.52587209955973
549.501584307171,255.081950296318,3.82807879451807
176.548385327842,29.7887173148031,4.4223653304639
503.992700461219,341.806680230046,4.5970981196102
39.6854171132396,45.900351791656,4.59026206970433
514.273964138642,140.233662363914,4.66347609905559
NA,NA,NA
659.331872878224,332.067615560751,3.5602382644839
455.07530742777,298.103486342098,3.75572817800197
6.66450821857431,497.44366470982,3.62541034163643
554.677782679737,49.9830005171536,4.19038854592632
66.655634850143,373.121658941185,3.99963783775976
231.047018254737,410.461937346754,3.89246201497561
428.628848114955,15.0155762945053,3.37304432540475
361.820967223487,292.857589440662,2.82454506040747
601.171810635904,101.516793019517,4.21370273638657
392.143860576256,234.571895409492,4.15272791407886
568.740797542758,403.974603431297,4.70730534458582
140.861917780965,281.449520786039,4.5774789129005
200.034677911607,367.102253212677,4.14142588486892
123.657724662093,411.127822143455,3.46411039113786
624.658596515406,313.565777676685,4.517224096727
3.93098925517584,153.793254769855,4.20007418487917
542.807462076465,201.43076206977,3.98717921112147
34.2808178494299,493.436657421424,3.0132765325525
278.56528626217,19.9786340592809,3.98574345849892
532.415190845348,392.560885555735,3.40696943943438
80.7774615498371,79.3024124108521,5.13129838612951
6.40154258831363,75.5158620081878,3.41323630724105
586.845443244328,227.355983162321,4.02223523471407
443.969011336571,461.162940931276,4.70073766231038
660.349336834587,374.443780948499,2.90489932669817
108.683975468589,477.665839163566,4.30370138866649
624.053083662941,90.2097131040838,4.08962179632884
422.014849109776,259.432954679075,3.54331093644278
10.2785588512822,182.642326878272,3.22083321444511
60.201978836673,116.584918286433,4.38123807676135
611.750626804498,195.92027175501,4.41151690013798
254.282559841968,212.16442606215,3.97558440997713
571.369900915302,443.214343925997,3.49510353541852
298.91598974166,136.657042960365,3.74433059035288
532.702693548383,454.662754693347,3.27400416632545
46.6896149827539,414.771914452401,3.78810686581541
196.744344624859,281.87528721271,4.52587209955973
549.501584307171,255.081950296318,3.82807879451807
176.548385327842,29.7887173148031,4.4223653304639
503.992700461219,341.806680230046,4.5970981196102
39.6854171132396,45.900351791656,4.59026206970433
514.273964138642,140.233662363914,4.66347609905559
NA,NA,NA
659.331872878224,332.067615560751,3.5602382644839
455.07530742777,298.103486342098,3.75572817800197
6.66450821857431,497.44366470982,3.62541034163643
554.677782679737,49.9830005171536,4.19038854592632
66.655634850143,373.121658941185,3.99963783775976
231.047018254737,410.461937346754,3.89246201497561
428.628848114955,15.0155762945053,3.37304432540475
361.820967223487,292.857589440662,2.82454506040747
601.171810635904,101.516793019517,4.21370273638657
392.143860576256,234.571895409492,4.15272791407886
568.740797542758,403.974603431297,4.70730534458582
140.861917780965,281.449520786039,4.5774789129005
200.034677911607,367.102253212677,4.14142588486892
123.657724662093,411.127822143455,3.46411039113786
624.658596515406,313.565777676685,4.517224096727
3.93098925517584,153.793254769855,4.20007418487917
542.807462076465,201.43076206977,3.98717921112147
34.2808178494299,493.436657421424,3.0132765325525
278.56528626217,19.9786340592809,3.98574345849892
532.415190845348,392.560885555735,3.40696943943438
80.7774615498371,79.3024124108521,5.13129838612951
6.40154258831363,75.5158620081878,3.41323630724105
586.845443244328,227.355983162321,4.02223523471407
443.969011336571,461.162940931276,4.70073766231038
660.349336834587,374.443780948499,2.90489932669817
108.683975468589,477.665839163566,4.30370138866649
624.053083662941,90.2097131040838,4.08962179632884
422.014849109776,259.432954679075,3.54331093644278
10.2785588512822,182.642326878272,3.22083321444511
60.201978836673,116.584918286433,4.38123807676135
611.750626804498,195.92027175501,4.41151690013798
254.282559841968,212.16442606215,3.97558440997713
571.369900915302,443.214343925997,3.49510353541852
298.91598974166,136.657042960365,3.74433059035288
532.702693548383,454.662754693347,3.27400416632545
46.6896149827539,414.771914452401,3.78810686581541
196.744344624859,281.87528721271,4.52587209955973
549.501584307171,255.081950296318,3.82807879451807
176.548385327842,29.7887173148031,4.4223653304639
503.992700461219,341.806680230046,4.5970981196102
39.6854171132396,45.900351791656,4.59026206970433
514.273964138642,140.233662363914,4.66347609905559
NA,NA,NA
659.331872878224,332.067615560751,3.5602382644839
455.07530742777,298.103486342098,3.75572817800197
6.66450821857431,497.44366470982,3.62541034163643
554.677782679737,49.9830005171536,4.19038854592632
66.655634850143,373.121658941185,3.99963783775976
231.047018254737,410.461937346754,3.89246201497561
428.628848114955,15.0155762945053,3.37304432540475
361.820967223487,292.857589440662,2.82454506040747
601.171810635904,101.516793019517,4.21370273638657
392.143860576256,234.571895409492,4.15272791407886
568.740797542758,403.974603431297,4.70730534458582
140.861917780965,281.449520786039,4.5774789129005
200.034677911607,367.102253212677,4.14142588486892
123.657724662093,411.127822143455,3.46411039113786
624.658596515406,313.565777676685,4.517224096727
3.93098925517584,153.793254769855,4.20007418487917
542.807462076465,201.43076206977,3.98717921112147
34.2808178494299,493.436657421424,3.0132765325525
278.56528626217,19.9786340592809,3.98574345849892
532.415190845348,392.560885555735,3.40696943943438
80.7774615498371,79.3024124108521,5.13129838612951
6.40154258831363,75.5158620081878,3.41323630724105
586.845443244328,227.355983162321,4.02223523471407
443.969011336571,461.162940931276,4.70073766231038
660.349336834587,374.443780948499,2.90489932669817
108.683975468589,477.665839163566,4.30370138866649
624.053083662941,90.2097131040838,4.08962179632884
422.014849109776,259.432954679075,3.54331093644278
10.2785588512822,182.642326878272,3.22083321444511
60.201978836673,116.584918286433,4.38123807676135
611.750626804498,195.92027175501,4.41151690013798
254.282559841968,212.16442606215,3.97558440997713
571.369900915302,443.214343925997,3.49510353541852
298.91598974166,136.657042960365,3.74433059035288
532.702693548383,454.662754693347,3.27400416632545
46.6896149827539,414.771914452401,3.78810686581541
196.744344624859,281.87528721271,4.52587209955973
549.501584307171,255.081950296318,3.82807879451807
176.548385327842,29.7887173148031,4.4223653304639
503.992700461219,341.806680230046,4.5970981196102
39.6854171132396,45.900351791656,4.59026206970433
514.273964138642,140.233662363914,4.66347609905559
NA,NA,NA
659.331872878224,332.067615560751,3.5602382644839
455.07530742777,298.103486342098,3.75572817800197
6.66450821857431,497.44366470982,3.62541034163643
554.677782679737,49.9830005171536,4.19038854592632
66.655634850143,373.121658941185,3.99963783775976
231.047018254737,410.461937346754,3.89246201497561
428.628848114955,15.0155762945053,3.37304432540475
361.820967223487,292.857589440662,2.82454506040747
601.171810635904,101.516793019517,4.21370273638657
392.143860576256,234.571895409492,4.15272791407886
568.740797542758,403.974603431297,4.70730534458582
140.861917780965,281.449520786039,4.5774789129005
200.034677911607,367.102253212677,4.14142588486892
123.657724662093,411.127822143455,3.46411039113786
624.658596515406,313.565777676685,4.517224096727
3.93098925517584,153.793254769855,4.20007418487917
542.807462076465,201.43076206977,3.98717921112147
34.2808178494299,493.436657421424,3.0132765325525
278.56528626217,19.9786340592809,3.98574345849892
532.415190845348,392.560885555735,3.40696943943438
80.7774615498371,79.3024124108521,5.13129838612951
6.40154258831363,75.5158620081878,3.41323630724105
586.845443244328,227.355983162321,4.02223523471407
443.969011336571,461.162940931276,4.70073766231038
660.349336834587,374.443780948499,2.90489932669817
108.683975468589,477.665839163566,4.30370138866649
624.053083662941,90.2097131040838,4.08962179632884
422.014849109776,259.432954679075,3.54331093644278
10.2785588512822,182.642326878272,3.22083321444511
60.201978836673,116.584918286433,4.38123807676135
611.750626804498,195.92027175501,4.41151690013798
254.282559841968,212.16442606215,3.97558440997713
571.369900915302,443.214343925997,3.49510353541852
298.91598974166,136.657042960365,3.74433059035288
532.702693548383,454.662754693347,3.27400416632545
46.6896149827539,414.771914452401,3.78810686581541
196.744344624859,281.87528721271,4.52587209955973
549.501584307171,255.081950296318,3.82807879451807
176.548385327842,29.7887173148031,4.4223653304639
503.992700461219,341.806680230046,4.5970981196102
39.6854171132396,45.900351791656,4.59026206970433
514.273964138642,140.233662363914,4.66347609905559
NA,NA,NA
658.794909795219,331.649166950178,3.54107291026391
456.713837162881,298.267920749366,3.69420948223225
10.9919280431777,492.664291751174,3.65902482216862
562.305261219753,52.5742678028465,4.14763832997575
74.146228484894,372.189402799359,4.02054529012159
225.819931485021,414.561656120637,4.03090810777867
430.65996118427,11.7426258133027,3.34171336324573
360.915145709202,292.121554554139,3.0071505622061
605.94594353331,99.2317534998295,4.13736245883655
392.833704659742,225.74178941171,4.33959338032334
576.065779345987,410.696931488423,4.73136048508086
140.167205559695,284.6244007912,4.62661562085264
201.42226519561,367.174290834824,4.00841856545428
125.768576698324,410.787841070445,3.45728657112061
618.548337470865,318.31081259436,4.53049347466638
-1.52846707313438,149.250688027964,4.26425488936067
538.941889289873,203.445924456579,4.23879198729976
35.3560313176365,491.777699329606,2.95506162650036
282.266721798828,21.1113500204588,3.95735861492288
533.885521790357,387.915460072528,3.31085252490381
71.98977576327,72.1478891708612,5.08583373882295
2.95379424105396,78.4034017994804,3.41909727014445
587.655831543116,228.954867039828,3.99611002469185
438.821423040058,456.209113409266,4.77501375201386
658.897764511322,373.271133220346,3.04440998347491
101.463464339059,488.543872294175,4.3654616780116
621.996693388376,92.4560249608567,4.04869510442882
422.19244034829,257.440243734526,3.52780322710873
11.6300113161402,183.607993040563,3.16850602649752
62.4075247658871,120.649683952562,4.2535272426501
609.948682191837,214.068182116837,4.28157673480983
253.87998608674,219.685765886761,3.85715718334057
571.498370772848,438.753472125383,3.81534596493411
299.478239143364,136.459420869685,3.87982028907469
529.969882540511,452.610374784597,3.72547892708839
45.0705823122639,410.349335002156,3.95050855357347
211.599125162939,293.815539033457,3.88568382367571
556.373002682659,261.346282176807,3.75549054328457
166.882486673304,23.4842080276694,4.25518379528337
495.773818211652,336.411540433343,4.27991767507104
28.998732226009,53.4985362823543,3.87407533162032
532.07870317457,149.493494143645,4.47686058366862
NA,NA,NA
658.794909795219,331.649166950178,3.54107291026391
456.713837162881,298.267920749366,3.69420948223225
10.9919280431777,492.664291751174,3.65902482216862
562.305261219753,52.5742678028465,4.14763832997575
74.146228484894,372.189402799359,4.02054529012159
225.819931485021,414.561656120637,4.03090810777867
430.65996118427,11.7426258133027,3.34171336324573
360.915145709202,292.121554554139,3.0071505622061
605.94594353331,99.2317534998295,4.13736245883655
392.833704659742,225.74178941171,4.33959338032334
576.065779345987,410.696931488423,4.73136048508086
140.167205559695,284.6244007912,4.62661562085264
201.42226519561,367.174290834824,4.00841856545428
125.768576698324,410.787841070445,3.45728657112061
618.548337470865,318.31081259436,4.53049347466638
-1.52846707313438,149.250688027964,4.26425488936067
538.941889289873,203.445924456579,4.23879198729976
35.3560313176365,491.777699329606,2.95506162650036
282.266721798828,21.1113500204588,3.95735861492288
533.885521790357,387.915460072528,3.31085252490381
71.98977576327,72.1478891708612,5.08583373882295
2.95379424105396,78.4034017994804,3.41909727014445
587.655831543116,228.954867039828,3.99611002469185
438.821423040058,456.209113409266,4.77501375201386
658.897764511322,373.271133220346,3.04440998347491
101.463464339059,488.543872294175,4.3654616780116
621.996693388376,92.4560249608567,4.04869510442882
422.19244034829,257.440243734526,3.52780322710873
11.6300113161402,183.607993040563,3.16850602649752
62.4075247658871,120.649683952562,4.2535272426501
609.948682191837,214.068182116837,4.28157673480983
253.87998608674,219.685765886761,3.85715718334057
571.498370772848,438.753472125383,3.81534596493411
299.478239143364,136.459420869685,3.87982028907469
529.969882540511,452.610374784597,3.72547892708839
45.0705823122639,410.349335002156,3.95050855357347
211.599125162939,293.815539033457,3.88568382367571
556.373002682659,261.346282176807,3.75549054328457
166.882486673304,23.4842080276694,4.25518379528337
495.773818211652,336.411540433343,4.27991767507104
28.998732226009,53.4985362823543,3.87407533162032
532.07870317457,149.493494143645,4.47686058366862
NA,NA,NA
658.794909795219,331.649166950178,3.54107291026391
456.713837162881,298.267920749366,3.69420948223225
10.9919280431777,492.664291751174,3.65902482216862
562.305261219753,52.5742678028465,4.14763832997575
74.146228484894,372.189402799359,4.02054529012159
225.819931485021,414.561656120637,4.03090810777867
430.65996118427,11.7426258133027,3.34171336324573
360.915145709202,292.121554554139,3.0071505622061
605.94594353331,99.2317534998295,4.13736245883655
392.833704659742,225.74178941171,4.33959338032334
576.065779345987,410.696931488423,4.73136048508086
140.167205559695,284.6244007912,4.62661562085264
201.42226519561,367.174290834824,4.00841856545428
125.768576698324,410.787841070445,3.45728657112061
618.548337470865,318.31081259436,4.53049347466638
-1.52846707313438,149.250688027964,4.26425488936067
538.941889289873,203.445924456579,4.23879198729976
35.3560313176365,491.777699329606,2.95506162650036
282.266721798828,21.1113500204588,3.95735861492288
533.885521790357,387.915460072528,3.31085252490381
71.98977576327,72.1478891708612,5.08583373882295
2.95379424105396,78.4034017994804,3.41909727014445
587.655831543116,228.954867039828,3.99611002469185
438.821423040058,456.209113409266,4.77501375201386
658.897764511322,373.271133220346,3.04440998347491
101.463464339059,488.543872294175,4.3654616780116
621.996693388376,92.4560249608567,4.04869510442882
422.19244034829,257.440243734526,3.52780322710873
11.6300113161402,183.607993040563,3.16850602649752
62.4075247658871,120.649683952562,4.2535272426501
609.948682191837,214.068182116837,4.28157673480983
253.87998608674,219.685765886761,3.85715718334057
571.498370772848,438.753472125383,3.81534596493411
299.478239143364,136.459420869685,3.87982028907469
529.969882540511,452.610374784597,3.72547892708839
45.0705823122639,410.349335002156,3.95050855357347
211.599125162939,293.815539033457,3.88568382367571
556.373002682659,261.346282176807,3.75549054328457
166.882486673304,23.4842080276694,4.25518379528337
495.773818211652,336.411540433343,4.27991767507104
28.998732226009,53.4985362823543,3.87407533162032
532.07870317457,149.493494143645,4.47686058366862
NA,NA,NA
658.794909795219,331.649166950178,3.54107291026391
456.713837162881,298.267920749366,3.69420948223225
10.9919280431777,492.664291751174,3.65902482216862
562.305261219753,52.5742678028465,4.14763832997575
74.146228484894,372.189402799359,4.02054529012159
225.819931485021,414.561656120637,4.03090810777867
430.65996118427,11.7426258133027,3.34171336324573
360.915145709202,292.121554554139,3.0071505622061
605.94594353331,99.2317534998295,4.13736245883655
392.833704659742,225.74178941171,4.33959338032334
576.065779345987,410.696931488423,4.73136048508086
140.167205559695,284.6244007912,4.62661562085264
201.42226519561,367.174290834824,4.00841856545428
125.768576698324,410.787841070445,3.45728657112061
618.548337470865,318.31081259436,4.53049347466638
-1.52846707313438,149.250688027964,4.26425488936067
538.941889289873,203.445924456579,4.23879198729976
35.3560313176365,491.777699329606,2.95506162650036
282.266721798828,21.1113500204588,3.95735861492288
533.885521790357,387.915460072528,3.31085252490381
71.98977576327,72.1478891708612,5.08583373882295
2.95379424105396,78.4034017994804,3.41909727014445
587.655831543116,228.954867039828,3.99611002469185
438.821423040058,456.209113409266,4.77501375201386
658.897764511322,373.271133220346,3.04440998347491
101.463464339059,488.543872294175,4.3654616780116
621.996693388376,92.4560249608567,4.04869510442882
422.19244034829,257.440243734526,3.52780322710873
11.6300113161402,183.607993040563,3.16850602649752
62.4075247658871,120.649683952562,4.2535272426501
609.948682191837,214.068182116837,4.28157673480983
253.87998608674,219.685765886761,3.85715718334057
571.498370772848,438.753472125383,3.81534596493411
299.478239143364,136.459420869685,3.87982028907469
529.969882540511,452.610374784597,3.72547892708839
45.0705823122639,410.349335002156,3.95050855357347
211.599125162939,293.815539033457,3.88568382367571
556.373002682659,261.346282176807,3.75549054328457
166.882486673304,23.4842080276694,4.25518379528337
495.773818211652,336.411540433343,4.27991767507104
28.998732226009,53.4985362823543,3.87407533162032
532.07870317457,149.493494143645,4.47686058366862
NA,NA,NA
658.794909795219,331.649166950178,3.54107291026391
456.713837162881,298.267920749366,3.69420948223225
10.9919280431777,492.664291751174,3.65902482216862
562.305261219753,52.5742678028465,4.14763832997575
74.146228484894,372.189402799359,4.02054529012159
225.819931485021,414.561656120637,4.03090810777867
430.65996118427,11.7426258133027,3.34171336324573
360.915145709202,292.121554554139,3.0071505622061
605.94594353331,99.2317534998295,4.13736245883655
392.833704659742,225.74178941171,4.33959338032334
576.065779345987,410.696931488423,4.73136048508086
140.167205559695,284.6244007912,4.62661562085264
201.42226519561,367.174290834824,4.00841856545428
125.768576698324,410.787841070445,3.45728657112061
618.548337470865,318.31081259436,4.53049347466638
-1.52846707313438,149.250688027964,4.26425488936067
538.941889289873,203.445924456579,4.23879198729976
35.3560313176365,491.777699329606,2.95506162650036
282.266721798828,21.1113500204588,3.95735861492288
533.885521790357,387.915460072528,3.31085252490381
71.98977576327,72.1478891708612,5.08583373882295
2.95379424105396,78.4034017994804,3.41909727014445
587.655831543116,228.954867039828,3.99611002469185
438.821423040058,456.209113409266,4.77501375201386
658.897764511322,373.271133220346,3.04440998347491
101.463464339059,488.543872294175,4.3654616780116
621.996693388376,92.4560249608567,4.04869510442882
422.19244034829,257.440243734526,3.52780322710873
11.6300113161402,183.607993040563,3.16850602649752
62.4075247658871,120.649683952562,4.2535272426501
609.948682191837,214.068182116837,4.28157673480983
253.87998608674,219.685765886761,3.85715718334057
571.498370772848,438.753472125383,3.81534596493411
299.478239143364,136.459420869685,3.87982028907469
529.969882540511,452.610374784597,3.72547892708839
45.0705823122639,410.349335002156,3.95050855357347
211.599125162939,293.815539033457,3.88568382367571
556.373002682659,261.346282176807,3.75549054328457
166.882486673304,23.4842080276694,4.25518379528337
495.773818211652,336.411540433343,4.27991767507104
28.998732226009,53.4985362823543,3.87407533162032
532.07870317457,149.493494143645,4.47686058366862
NA,NA,NA
658.794909795219,331.649166950178,3.54107291026391
456.713837162881,298.267920749366,3.69420948223225
10.9919280431777,492.664291751174,3.65902482216862
562.305261219753,52.5742678028465,4.14763832997575
74.146228484894,372.189402799359,4.02054529012159
225.819931485021,414.561656120637,4.03090810777867
430.65996118427,11.7426258133027,3.34171336324573
360.915145709202,292.121554554139,3.0071505622061
605.94594353331,99.2317534998295,4.13736245883655
392.833704659742,225.74178941171,4.33959338032334
576.065779345987,410.696931488423,4.73136048508086
140.167205559695,284.6244007912,4.62661562085264
201.42226519561,367.174290834824,4.00841856545428
125.768576698324,410.787841070445,3.45728657112061
618.548337470865,318.31081259436,4.53049347466638
-1.52846707313438,149.250688027964,4.26425488936067
538.941889289873,203.445924456579,4.23879198729976
35.3560313176365,491.777699329606,2.95506162650036
282.266721798828,21.1113500204588,3.95735861492288
533.885521790357,387.915460072528,3.31085252490381
71.98977576327,72.1478891708612,5.08583373882295
2.95379424105396,78.4034017994804,3.41909727014445
587.655831543116,228.954867039828,3.99611002469185
438.821423040058,456.209113409266,4.77501375201386
658.897764511322,373.271133220346,3.04440998347491
101.463464339059,488.543872294175,4.3654616780116
621.996693388376,92.4560249608567,4.04869510442882
422.19244034829,257.440243734526,3.52780322710873
11.6300113161402,183.607993040563,3.16850602649752
62.4075247658871,120.649683952562,4.2535272426501
609.948682191837,214.068182116837,4.28157673480983
253.87998608674,219.685765886761,3.85715718334057
571.498370772848,438.753472125383,3.81534596493411
299.478239143364,136.459420869685,3.87982028907469
529.969882540511,452.610374784597,3.72547892708839
45.0705823122639,410.349335002156,3.95050855357347
211.599125162939,293.815539033457,3.88568382367571
556.373002682659,261.346282176807,3.75549054328457
166.882486673304,23.4842080276694,4.25518379528337
495.773818211652,336.411540433343,4.27991767507104
28.998732226009,53.4985362823543,3.87407533162032
532.07870317457,149.493494143645,4.47686058366862
NA,NA,NA
662.665848410535,334.173053605317,3.57578714416449
458.670355278275,295.763770059811,3.54965291254277
12.1327944270868,492.222162488609,3.61041010276491
561.409376444764,54.8858542774397,4.1457421219655
68.7229620732967,376.866378219775,3.97469919095355
229.858350768983,413.731337031053,3.90067504402023
428.92640807018,14.5373350930171,3.32183818943667
361.121044159315,290.944075853111,3.05895562732933
611.303052439898,107.060553545545,4.15779663374821
391.559801471557,226.834502515675,4.12455361349938
566.806643579759,409.797311260154,4.75056013962407
142.273018373442,284.638872693532,4.56773647342523
200.987173948002,369.824558506031,4.052276974511
123.907264689944,410.884256616861,3.43649850596577
635.513727204434,310.739373733884,4.52340084057198
5.20255818804905,143.196208393814,4.31985954610769
538.549760666934,206.541945531312,4.09976693805387
33.7396792614335,488.711556644901,3.07623128541551
278.857806137395,26.4044559545062,4.03629251087369
534.479126890781,392.934064515651,3.42825031186301
78.6570949845129,74.6811865670982,5.29901294972435
5.78586606439834,77.5579409996481,3.32817705990842
586.605577623051,229.079299767263,4.00188268232114
444.265261886113,455.189316101397,4.84151723680341
658.46034329049,373.337229313583,3.04451772846054
99.8521526514463,491.990438599259,4.41257126849975
624.239569763602,92.8948943464154,4.07599979591443
422.854423614438,261.33894436633,3.64102014702812
12.7801182205562,181.926175516662,3.17786949233165
63.5149548721019,110.711480020293,4.39105731525451
618.651678979258,212.599372540053,4.38405121754832
258.543584171766,218.956234197602,3.81423491097716
571.026764481469,430.982164704405,3.69532106161075
302.496396285545,138.388989479042,3.77003054660933
537.361037940161,466.743232675011,3.55647099254995
48.835419396379,413.56735625823,4.1346655056029
204.420518814105,283.749443974683,4.16965521310632
550.802074244039,265.114224313609,3.70535759344508
191.825480493935,34.6093725657411,4.11669857583111
501.089491490761,347.383743551214,4.45345116953325
33.8502672768387,48.3680824293447,4.17589380601904
545.069343265712,140.823776092495,4.49164328422278
NA,NA,NA
662.665848410535,334.173053605317,3.57578714416449
458.670355278275,295.763770059811,3.54965291254277
12.1327944270868,492.222162488609,3.61041010276491
561.409376444764,54.8858542774397,4.1457421219655
68.7229620732967,376.866378219775,3.97469919095355
229.858350768983,413.731337031053,3.90067504402023
428.92640807018,14.5373350930171,3.32183818943667
361.121044159315,290.944075853111,3.05895562732933
611.303052439898,107.060553545545,4.15779663374821
391.559801471557,226.834502515675,4.12455361349938
566.806643579759,409.797311260154,4.75056013962407
142.273018373442,284.638872693532,4.56773647342523
200.987173948002,369.824558506031,4.052276974511
123.907264689944,410.884256616861,3.43649850596577
635.513727204434,310.739373733884,4.52340084057198
5.20255818804905,143.196208393814,4.31985954610769
538.549760666934,206.541945531312,4.09976693805387
33.7396792614335,488.711556644901,3.07623128541551
278.857806137395,26.4044559545062,4.03629251087369
534.479126890781,392.934064515651,3.42825031186301
78.6570949845129,74.6811865670982,5.29901294972435
5.78586606439834,77.5579409996481,3.32817705990842
586.605577623051,229.079299767263,4.00188268232114
444.265261886113,455.189316101397,4.84151723680341
658.46034329049,373.337229313583,3.04451772846054
99.8521526514463,491.990438599259,4.41257126849975
624.239569763602,92.8948943464154,4.07599979591443
422.854423614438,261.33894436633,3.64102014702812
12.7801182205562,181.926175516662,3.17786949233165
63.5149548721019,110.711480020293,4.39105731525451
618.651678979258,212.599372540053,4.38405121754832
258.543584171766,218.956234197602,3.81423491097716
571.026764481469,430.982164704405,3.69532106161075
302.496396285545,138.388989479042,3.77003054660933
537.361037940161,466.743232675011,3.55647099254995
48.835419396379,413.56735625823,4.1346655056029
204.420518814105,283.749443974683,4.16965521310632
550.802074244039,265.114224313609,3.70535759344508
191.825480493935,34.6093725657411,4.11669857583111
501.089491490761,347.383743551214,4.45345116953325
33.8502672768387,48.3680824293447,4.17589380601904
545.069343265712,140.823776092495,4.49164328422278
NA,NA,NA
662.665848410535,334.173053605317,3.57578714416449
458.670355278275,295.763770059811,3.54965291254277
12.1327944270868,492.222162488609,3.61041010276491
561.409376444764,54.8858542774397,4.1457421219655
68.7229620732967,376.866378219775,3.97469919095355
229.858350768983,413.731337031053,3.90067504402023
428.92640807018,14.5373350930171,3.32183818943667
361.121044159315,290.944075853111,3.05895562732933
611.303052439898,107.060553545545,4.15779663374821
391.559801471557,226.834502515675,4.12455361349938
566.806643579759,409.797311260154,4.75056013962407
142.273018373442,284.638872693532,4.56773647342523
200.987173948002,369.824558506031,4.052276974511
123.907264689944,410.884256616861,3.43649850596577
635.513727204434,310.739373733884,4.52340084057198
5.20255818804905,143.196208393814,4.31985954610769
538.549760666934,206.541945531312,4.09976693805387
33.7396792614335,488.711556644901,3.07623128541551
278.857806137395,26.4044559545062,4.03629251087369
534.479126890781,392.934064515651,3.42825031186301
78.6570949845129,74.6811865670982,5.29901294972435
5.78586606439834,77.5579409996481,3.32817705990842
586.605577623051,229.079299767263,4.00188268232114
444.265261886113,455.189316101397,4.84151723680341
658.46034329049,373.337229313583,3.04451772846054
99.8521526514463,491.990438599259,4.41257126849975
624.239569763602,92.8948943464154,4.07599979591443
422.854423614438,261.33894436633,3.64102014702812
12.7801182205562,181.926175516662,3.17786949233165
63.5149548721019,110.711480020293,4.39105731525451
618.651678979258,212.599372540053,4.38405121754832
258.543584171766,218.956234197602,3.81423491097716
571.026764481469,430.982164704405,3.69532106161075
302.496396285545,138.388989479042,3.77003054660933
537.361037940161,466.743232675011,3.55647099254995
48.835419396379,413.56735625823,4.1346655056029
204.420518814105,283.749443974683,4.16965521310632
550.802074244039,265.114224313609,3.70535759344508
191.825480493935,34.6093725657411,4.11669857583111
501.089491490761,347.383743551214,4.45345116953325
33.8502672768387,48.3680824293447,4.17589380601904
545.069343265712,140.823776092495,4.49164328422278
NA,NA,NA
662.665848410535,334.173053605317,3.57578714416449
458.670355278275,295.763770059811,3.54965291254277
12.1327944270868,492.222162488609,3.61041010276491
561.409376444764,54.8858542774397,4.1457421219655
68.7229620732967,376.866378219775,3.97469919095355
229.858350768983,413.731337031053,3.90067504402023
428.92640807018,14.5373350930171,3.32183818943667
361.121044159315,290.944075853111,3.05895562732933
611.303052439898,107.060553545545,4.15779663374821
391.559801471557,226.834502515675,4.12455361349938
566.806643579759,409.797311260154,4.75056013962407
142.273018373442,284.638872693532,4.56773647342523
200.987173948002,369.824558506031,4.052276974511
123.907264689944,410.884256616861,3.43649850596577
635.513727204434,310.739373733884,4.52340084057198
5.20255818804905,143.196208393814,4.31985954610769
538.549760666934,206.541945531312,4.09976693805387
33.7396792614335,488.711556644901,3.07623128541551
278.857806137395,26.4044559545062,4.03629251087369
534.479126890781,392.934064515651,3.42825031186301
78.6570949845129,74.6811865670982,5.29901294972435
5.78586606439834,77.5579409996481,3.32817705990842
586.605577623051,229.079299767263,4.00188268232114
444.265261886113,455.189316101397,4.84151723680341
658.46034329049,373.337229313583,3.04451772846054
99.8521526514463,491.990438599259,4.41257126849975
624.239569763602,92.8948943464154,4.07599979591443
422.854423614438,261.33894436633,3.64102014702812
12.7801182205562,181.926175516662,3.17786949233165
63.5149548721019,110.711480020293,4.39105731525451
618.651678979258,212.599372540053,4.38405121754832
258.543584171766,218.956234197602,3.81423491097716
571.026764481469,430.982164704405,3.69532106161075
302.496396285545,138.388989479042,3.77003054660933
537.361037940161,466.743232675011,3.55647099254995
48.835419396379,413.56735625823,4.1346655056029
204.420518814105,283.749443974683,4.16965521310632
550.802074244039,265.114224313609,3.70535759344508
191.825480493935,34.6093725657411,4.11669857583111
501.089491490761,347.383743551214,4.45345116953325
33.8502672768387,48.3680824293447,4.17589380601904
545.069343265712,140.823776092495,4.49164328422278
NA,NA,NA
662.665848410535,334.173053605317,3.57578714416449
458.670355278275,295.763770059811,3.54965291254277
12.1327944270868,492.222162488609,3.61041010276491
561.409376444764,54.8858542774397,4.1457421219655
68.7229620732967,376.866378219775,3.97469919095355
229.858350768983,413.731337031053,3.90067504402023
428.92640807018,14.5373350930171,3.32183818943667
361.121044159315,290.944075853111,3.05895562732933
611.303052439898,107.060553545545,4.15779663374821
391.559801471557,226.834502515675,4.12455361349938
566.806643579759,409.797311260154,4.75056013962407
142.273018373442,284.638872693532,4.56773647342523
200.987173948002,369.824558506031,4.052276974511
123.907264689944,410.884256616861,3.43649850596577
635.513727204434,310.739373733884,4.52340084057198
5.20255818804905,143.196208393814,4.31985954610769
538.549760666934,206.541945531312,4.09976693805387
33.7396792614335,488.711556644901,3.07623128541551
278.857806137395,26.4044559545062,4.03629251087369
534.479126890781,392.934064515651,3.42825031186301
78.6570949845129,74.6811865670982,5.29901294972435
5.78586606439834,77.5579409996481,3.32817705990842
586.605577623051,229.079299767263,4.00188268232114
444.265261886113,455.189316101397,4.84151723680341
658.46034329049,373.337229313583,3.04451772846054
99.8521526514463,491.990438599259,4.41257126849975
624.239569763602,92.8948943464154,4.07599979591443
422.854423614438,261.33894436633,3.64102014702812
12.7801182205562,181.926175516662,3.17786949233165
63.5149548721019,110.711480020293,4.39105731525451
618.651678979258,212.599372540053,4.38405121754832
258.543584171766,218.956234197602,3.81423491097716
571.026764481469,430.982164704405,3.69532106161075
302.496396285545,138.388989479042,3.77003054660933
537.361037940161,466.743232675011,3.55647099254995
48.835419396379,413.56735625823,4.1346655056029
204.420518814105,283.749443974683,4.16965521310632
550.802074244039,265.114224313609,3.70535759344508
191.825480493935,34.6093725657411,4.11669857583111
501.089491490761,347.383743551214,4.45345116953325
33.8502672768387,48.3680824293447,4.17589380601904
545.069343265712,140.823776092495,4.49164328422278
NA,NA,NA
662.665848410535,334.173053605317,3.57578714416449
458.670355278275,295.763770059811,3.54965291254277
12.1327944270868,492.222162488609,3.61041010276491
561.409376444764,54.8858542774397,4.1457421219655
68.7229620732967,376.866378219775,3.97469919095355
229.858350768983,413.731337031053,3.90067504402023
428.92640807018,14.5373350930171,3.32183818943667
361.121044159315,290.944075853111,3.05895562732933
611.303052439898,107.060553545545,4.15779663374821
391.559801471557,226.834502515675,4.12455361349938
566.806643579759,409.797311260154,4.75056013962407
142.273018373442,284.638872693532,4.56773647342523
200.987173948002,369.824558506031,4.052276974511
123.907264689944,410.884256616861,3.43649850596577
635.513727204434,310.739373733884,4.52340084057198
5.20255818804905,143.196208393814,4.31985954610769
538.549760666934,206.541945531312,4.09976693805387
33.7396792614335,488.711556644901,3.07623128541551
278.857806137395,26.4044559545062,4.03629251087369
534.479126890781,392.934064515651,3.42825031186301
78.6570949845129,74.6811865670982,5.29901294972435
5.78586606439834,77.5579409996481,3.32817705990842
586.605577623051,229.079299767263,4.00188268232114
444.265261886113,455.189316101397,4.84151723680341
658.46034329049,373.337229313583,3.04451772846054
99.8521526514463,491.990438599259,4.41257126849975
624.239569763602,92.8948943464154,4.07599979591443
422.854423614438,261.33894436633,3.64102014702812
12.7801182205562,181.926175516662,3.17786949233165
63.5149548721019,110.711480020293,4.39105731525451
618.651678979258,212.599372540053,4.38405121754832
258.543584171766,218.956234197602,3.81423491097716
571.026764481469,430.982164704405,3.69532106161075
302.496396285545,138.388989479042,3.77003054660933
537.361037940161,466.743232675011,3.55647099254995
48.835419396379,413.56735625823,4.1346655056029
204.420518814105,283.749443974683,4.16965521310632
550.802074244039,265.114224313609,3.70535759344508
191.825480493935,34.6093725657411,4.11669857583111
501.089491490761,347.383743551214,4.45345116953325
33.8502672768387,48.3680824293447,4.17589380601904
545.069343265712,140.823776092495,4.49164328422278
NA,NA,NA
659.258536187014,334.990791325364,3.51614606968944
455.703946031566,294.138912601452,3.64458853223759
7.67315466172443,493.255684812652,3.56405445736091
560.763387029997,49.4305316953738,4.23408880377153
69.6552220016637,379.884584845989,4.05134393663017
230.061441502039,413.015480853016,3.96669102109268
426.107829923961,14.8998936398798,3.28009260125617
362.118016728812,292.118280663598,3.16999867275905
604.578700366838,109.80279097039,4.26933704522438
390.756962394175,225.623900478688,4.28995445933609
564.339641373793,415.764078093314,4.71982920582211
136.914745839947,285.706181691618,4.4243289976843
200.476577077643,365.766086880361,3.96997372625881
126.776464681401,409.308755702964,3.50219142597442
622.852096456514,316.71061880895,4.59241325364358
6.02633222471274,155.379640319559,4.25729004165054
543.259510755293,200.216277088119,4.17323415231223
33.3044361493362,491.712034799457,2.97419690227882
278.568998840167,22.6120073675454,3.82412703469859
531.429280619734,393.583672993634,3.10395650032984
70.7851455502934,77.2076059777814,5.27672716898485
3.89498383885477,78.2343969520885,3.39267393842158
588.050759736004,224.006512503789,3.93333533792772
448.433678109899,462.377722573609,4.89752782791114
660.52767464702,371.063815294789,2.98634351652766
110.186417223751,485.090222172538,4.37311419115242
620.767548679584,92.2928104211874,4.00087162898042
420.714832234748,261.325558679031,3.65349175425626
9.54293574238575,181.637830706531,3.25192151335147
54.0645954480691,122.065229575664,4.4904491864176
611.541214361284,187.093807359218,4.30923095997902
258.430769384538,224.930795144213,3.74225995236283
562.969270481289,435.837296585374,3.80432920467931
303.905550047947,139.861786723689,4.00300230351302
531.359057438593,455.715113660802,3.42676466226999
52.3408990748604,423.804472435741,3.89324924523637
199.454917266976,294.785191282009,4.36440200942389
555.449178862063,255.907017636587,3.89130996610306
188.048593939487,30.3519064231403,4.21958375298745
499.723038149689,343.334258453796,4.61152332346345
44.0653540919509,61.2145130127674,3.92742467610194
548.15252211916,154.851106276144,4.72799386659751
NA,NA,NA
659.258536187014,334.990791325364,3.51614606968944
455.703946031566,294.138912601452,3.64458853223759
7.67315466172443,493.255684812652,3.56405445736091
560.763387029997,49.4305316953738,4.23408880377153
69.6552220016637,379.884584845989,4.05134393663017
230.061441502039,413.015480853016,3.96669102109268
426.107829923961,14.8998936398798,3.28009260125617
362.118016728812,292.118280663598,3.16999867275905
604.578700366838,109.80279097039,4.26933704522438
390.756962394175,225.623900478688,4.28995445933609
564.339641373793,415.764078093314,4.71982920582211
136.914745839947,285.706181691618,4.4243289976843
200.476577077643,365.766086880361,3.96997372625881
126.776464681401,409.308755702964,3.50219142597442
622.852096456514,316.71061880895,4.59241325364358
6.02633222471274,155.379640319559,4.25729004165054
543.259510755293,200.216277088119,4.17323415231223
33.3044361493362,491.712034799457,2.97419690227882
278.568998840167,22.6120073675454,3.82412703469859
531.429280619734,393.583672993634,3.10395650032984
70.7851455502934,77.2076059777814,5.27672716898485
3.89498383885477,78.2343969520885,3.39267393842158
588.050759736004,224.006512503789,3.93333533792772
448.433678109899,462.377722573609,4.89752782791114
660.52767464702,371.063815294789,2.98634351652766
110.186417223751,485.090222172538,4.37311419115242
620.767548679584,92.2928104211874,4.00087162898042
420.714832234748,261.325558679031,3.65349175425626
9.54293574238575,181.637830706531,3.25192151335147
54.0645954480691,122.065229575664,4.4904491864176
611.541214361284,187.093807359218,4.30923095997902
258.430769384538,224.930795144213,3.74225995236283
562.969270481289,435.837296585374,3.80432920467931
303.905550047947,139.861786723689,4.00300230351302
531.359057438593,455.715113660802,3.42676466226999
52.3408990748604,423.804472435741,3.89324924523637
199.454917266976,294.785191282009,4.36440200942389
555.449178862063,255.907017636587,3.89130996610306
188.048593939487,30.3519064231403,4.21958375298745
499.723038149689,343.334258453796,4.61152332346345
44.0653540919509,61.2145130127674,3.92742467610194
548.15252211916,154.851106276144,4.72799386659751
NA,NA,NA
659.258536187014,334.990791325364,3.51614606968944
455.703946031566,294.138912601452,3.64458853223759
7.67315466172443,493.255684812652,3.56405445736091
560.763387029997,49.4305316953738,4.23408880377153
69.6552220016637,379.884584845989,4.05134393663017
230.061441502039,413.015480853016,3.96669102109268
426.107829923961,14.8998936398798,3.28009260125617
362.118016728812,292.118280663598,3.16999867275905
604.578700366838,109.80279097039,4.26933704522438
390.756962394175,225.623900478688,4.28995445933609
564.339641373793,415.764078093314,4.71982920582211
136.914745839947,285.706181691618,4.4243289976843
200.476577077643,365.766086880361,3.96997372625881
126.776464681401,409.308755702964,3.50219142597442
622.852096456514,316.71061880895,4.59241325364358
6.02633222471274,155.379640319559,4.25729004165054
543.259510755293,200.216277088119,4.17323415231223
33.3044361493362,491.712034799457,2.97419690227882
278.568998840167,22.6120073675454,3.82412703469859
531.429280619734,393.583672993634,3.10395650032984
70.7851455502934,77.2076059777814,5.27672716898485
3.89498383885477,78.2343969520885,3.39267393842158
588.050759736004,224.006512503789,3.93333533792772
448.433678109899,462.377722573609,4.89752782791114
660.52767464702,371.063815294789,2.98634351652766
110.186417223751,485.090222172538,4.37311419115242
620.767548679584,92.2928104211874,4.00087162898042
420.714832234748,261.325558679031,3.65349175425626
9.54293574238575,181.637830706531,3.25192151335147
54.0645954480691,122.065229575664,4.4904491864176
611.541214361284,187.093807359218,4.30923095997902
258.430769384538,224.930795144213,3.74225995236283
562.969270481289,435.837296585374,3.80432920467931
303.905550047947,139.861786723689,4.00300230351302
531.359057438593,455.715113660802,3.42676466226999
52.3408990748604,423.804472435741,3.89324924523637
199.454917266976,294.785191282009,4.36440200942389
555.449178862063,255.907017636587,3.89130996610306
188.048593939487,30.3519064231403,4.21958375298745
499.723038149689,343.334258453796,4.61152332346345
44.0653540919509,61.2145130127674,3.92742467610194
548.15252211916,154.851106276144,4.72799386659751
NA,NA,NA
659.258536187014,334.990791325364,3.51614606968944
455.703946031566,294.138912601452,3.64458853223759
7.67315466172443,493.255684812652,3.56405445736091
560.763387029997,49.4305316953738,4.23408880377153
69.6552220016637,379.884584845989,4.05134393663017
230.061441502039,413.015480853016,3.96669102109268
426.107829923961,14.8998936398798,3.28009260125617
362.118016728812,292.118280663598,3.16999867275905
604.578700366838,109.80279097039,4.26933704522438
390.756962394175,225.623900478688,4.28995445933609
564.339641373793,415.764078093314,4.71982920582211
136.914745839947,285.706181691618,4.4243289976843
200.476577077643,365.766086880361,3.96997372625881
126.776464681401,409.308755702964,3.50219142597442
622.852096456514,316.71061880895,4.59241325364358
6.02633222471274,155.379640319559,4.25729004165054
543.259510755293,200.216277088119,4.17323415231223
33.3044361493362,491.712034799457,2.97419690227882
278.568998840167,22.6120073675454,3.82412703469859
531.429280619734,393.583672993634,3.10395650032984
70.7851455502934,77.2076059777814,5.27672716898485
3.89498383885477,78.2343969520885,3.39267393842158
588.050759736004,224.006512503789,3.93333533792772
448.433678109899,462.377722573609,4.89752782791114
660.52767464702,371.063815294789,2.98634351652766
110.186417223751,485.090222172538,4.37311419115242
620.767548679584,92.2928104211874,4.00087162898042
420.714832234748,261.325558679031,3.65349175425626
9.54293574238575,181.637830706531,3.25192151335147
54.0645954480691,122.065229575664,4.4904491864176
611.541214361284,187.093807359218,4.30923095997902
258.430769384538,224.930795144213,3.74225995236283
562.969270481289,435.837296585374,3.80432920467931
303.905550047947,139.861786723689,4.00300230351302
531.359057438593,455.715113660802,3.42676466226999
52.3408990748604,423.804472435741,3.89324924523637
199.454917266976,294.785191282009,4.36440200942389
555.449178862063,255.907017636587,3.89130996610306
188.048593939487,30.3519064231403,4.21958375298745
499.723038149689,343.334258453796,4.61152332346345
44.0653540919509,61.2145130127674,3.92742467610194
548.15252211916,154.851106276144,4.72799386659751
NA,NA,NA
659.258536187014,334.990791325364,3.51614606968944
455.703946031566,294.138912601452,3.64458853223759
7.67315466172443,493.255684812652,3.56405445736091
560.763387029997,49.4305316953738,4.23408880377153
69.6552220016637,379.884584845989,4.05134393663017
230.061441502039,413.015480853016,3.96669102109268
426.107829923961,14.8998936398798,3.28009260125617
362.118016728812,292.118280663598,3.16999867275905
604.578700366838,109.80279097039,4.26933704522438
390.756962394175,225.623900478688,4.28995445933609
564.339641373793,415.764078093314,4.71982920582211
136.914745839947,285.706181691618,4.4243289976843
200.476577077643,365.766086880361,3.96997372625881
126.776464681401,409.308755702964,3.50219142597442
622.852096456514,316.71061880895,4.59241325364358
6.02633222471274,155.379640319559,4.25729004165054
543.259510755293,200.216277088119,4.17323415231223
33.3044361493362,491.712034799457,2.97419690227882
278.568998840167,22.6120073675454,3.82412703469859
531.429280619734,393.583672993634,3.10395650032984
70.7851455502934,77.2076059777814,5.27672716898485
3.89498383885477,78.2343969520885,3.39267393842158
588.050759736004,224.006512503789,3.93333533792772
448.433678109899,462.377722573609,4.89752782791114
660.52767464702,371.063815294789,2.98634351652766
110.186417223751,485.090222172538,4.37311419115242
620.767548679584,92.2928104211874,4.00087162898042
420.714832234748,261.325558679031,3.65349175425626
9.54293574238575,181.637830706531,3.25192151335147
54.0645954480691,122.065229575664,4.4904491864176
611.541214361284,187.093807359218,4.30923095997902
258.430769384538,224.930795144213,3.74225995236283
562.969270481289,435.837296585374,3.80432920467931
303.905550047947,139.861786723689,4.00300230351302
531.359057438593,455.715113660802,3.42676466226999
52.3408990748604,423.804472435741,3.89324924523637
199.454917266976,294.785191282009,4.36440200942389
555.449178862063,255.907017636587,3.89130996610306
188.048593939487,30.3519064231403,4.21958375298745
499.723038149689,343.334258453796,4.61152332346345
44.0653540919509,61.2145130127674,3.92742467610194
548.15252211916,154.851106276144,4.72799386659751
NA,NA,NA
659.258536187014,334.990791325364,3.51614606968944
455.703946031566,294.138912601452,3.64458853223759
7.67315466172443,493.255684812652,3.56405445736091
560.763387029997,49.4305316953738,4.23408880377153
69.6552220016637,379.884584845989,4.05134393663017
230.061441502039,413.015480853016,3.96669102109268
426.107829923961,14.8998936398798,3.28009260125617
362.118016728812,292.118280663598,3.16999867275905
604.578700366838,109.80279097039,4.26933704522438
390.756962394175,225.623900478688,4.28995445933609
564.339641373793,415.764078093314,4.71982920582211
136.914745839947,285.706181691618,4.4243289976843
200.476577077643,365.766086880361,3.96997372625881
126.776464681401,409.308755702964,3.50219142597442
622.852096456514,316.71061880895,4.59241325364358
6.02633222471274,155.379640319559,4.25729004165054
543.259510755293,200.216277088119,4.17323415231223
33.3044361493362,491.712034799457,2.97419690227882
278.568998840167,22.6120073675454,3.82412703469859
531.429280619734,393.583672993634,3.10395650032984
70.7851455502934,77.2076059777814,5.27672716898485
3.89498383885477,78.2343969520885,3.39267393842158
588.050759736004,224.006512503789,3.93333533792772
448.433678109899,462.377722573609,4.89752782791114
660.52767464702,371.063815294789,2.98634351652766
110.186417223751,485.090222172538,4.37311419115242
620.767548679584,92.2928104211874,4.00087162898042
420.714832234748,261.325558679031,3.65349175425626
9.54293574238575,181.637830706531,3.25192151335147
54.0645954480691,122.065229575664,4.4904491864176
611.541214361284,187.093807359218,4.30923095997902
258.430769384538,224.930795144213,3.74225995236283
562.969270481289,435.837296585374,3.80432920467931
303.905550047947,139.861786723689,4.00300230351302
531.359057438593,455.715113660802,3.42676466226999
52.3408990748604,423.804472435741,3.89324924523637
199.454917266976,294.785191282009,4.36440200942389
555.449178862063,255.907017636587,3.89130996610306
188.048593939487,30.3519064231403,4.21958375298745
499.723038149689,343.334258453796,4.61152332346345
44.0653540919509,61.2145130127674,3.92742467610194
548.15252211916,154.851106276144,4.72799386659751
NA,NA,NA
660.655303285334,336.664747944524,3.41750235637844
453.523485747585,297.708175283101,3.78478413605453
12.0014459690654,492.28764855738,3.60491440957032
563.040391768967,46.2286767672955,4.14604565473243
69.0071751945109,377.2894153647,3.89997881378575
222.508386495298,416.338211594732,3.95956207645906
428.2271209131,13.3154788196871,3.40573674194877
360.193845655299,294.937221863328,2.91158645713282
601.550001657923,102.930469801126,4.26275682980279
394.684540906787,224.712406800951,4.23410179411112
568.057360293962,413.079152160894,4.77318180824827
141.376252203257,282.040225249765,4.65266867950562
199.138897149408,370.212357532109,4.13073860581757
123.716653315908,412.563484519799,3.36067481668218
630.443222699205,314.159835972288,4.6290416728825
1.26324676652183,145.800011973845,4.25270260111544
541.922760684421,202.5049931319,4.17852847204513
32.5552174668577,492.101939010132,3.04472897158681
279.760980012975,20.2014293297058,3.88957595774273
533.813427116037,390.741826762934,3.46547672665871
74.6508630762015,74.4005297179035,5.16785022663777
2.1010838950149,76.3014477106992,3.47186214133434
586.323000398722,229.894325488847,4.1046605851581
438.837755627565,463.324195233737,4.77247440867158
659.866202942622,372.691200896602,3.14873816881581
107.30111723328,491.748176880757,4.27443583545505
626.293202686414,88.8802192844047,4.08654868736685
423.624737939612,257.57809629752,3.6546483487601
9.78016171391425,181.125461949517,3.12384054751852
71.8756299886487,131.576876752845,4.46424252305736
611.914426000076,213.04361975386,4.13185918301491
259.193500085175,225.572918512609,3.82609185091311
573.460797458025,438.958714125944,3.83434174638262
304.095770582524,138.31178314917,3.84637553959269
523.323255693462,460.814540328622,3.54077824579036
42.7042636240916,427.302695379222,3.73458388197469
197.570440176495,296.097762918843,4.0867412432434
553.692881609648,261.171172212697,3.60201144319725
182.616571405831,38.1392320037398,4.4375090570646
500.589535807883,336.281418458979,4.3888986832117
41.7756875790102,50.7895501993479,4.50547174504444
537.686857721084,162.710140917489,4.84196511278433
NA,NA,NA
660.655303285334,336.664747944524,3.41750235637844
453.523485747585,297.708175283101,3.78478413605453
12.0014459690654,492.28764855738,3.60491440957032
563.040391768967,46.2286767672955,4.14604565473243
69.0071751945109,377.2894153647,3.89997881378575
222.508386495298,416.338211594732,3.95956207645906
428.2271209131,13.3154788196871,3.40573674194877
360.193845655299,294.937221863328,2.91158645713282
601.550001657923,102.930469801126,4.26275682980279
394.684540906787,224.712406800951,4.23410179411112
568.057360293962,413.079152160894,4.77318180824827
141.376252203257,282.040225249765,4.65266867950562
199.138897149408,370.212357532109,4.13073860581757
123.716653315908,412.563484519799,3.36067481668218
630.443222699205,314.159835972288,4.6290416728825
1.26324676652183,145.800011973845,4.25270260111544
541.922760684421,202.5049931319,4.17852847204513
32.5552174668577,492.101939010132,3.04472897158681
279.760980012975,20.2014293297058,3.88957595774273
533.813427116037,390.741826762934,3.46547672665871
74.6508630762015,74.4005297179035,5.16785022663777
2.1010838950149,76.3014477106992,3.47186214133434
586.323000398722,229.894325488847,4.1046605851581
438.837755627565,463.324195233737,4.77247440867158
659.866202942622,372.691200896602,3.14873816881581
107.30111723328,491.748176880757,4.27443583545505
626.293202686414,88.8802192844047,4.08654868736685
423.624737939612,257.57809629752,3.6546483487601
9.78016171391425,181.125461949517,3.12384054751852
71.8756299886487,131.576876752845,4.46424252305736
611.914426000076,213.04361975386,4.13185918301491
259.193500085175,225.572918512609,3.82609185091311
573.460797458025,438.958714125944,3.83434174638262
304.095770582524,138.31178314917,3.84637553959269
523.323255693462,460.814540328622,3.54077824579036
42.7042636240916,427.302695379222,3.73458388197469
197.570440176495,296.097762918843,4.0867412432434
553.692881609648,261.171172212697,3.60201144319725
182.616571405831,38.1392320037398,4.4375090570646
500.589535807883,336.281418458979,4.3888986832117
41.7756875790102,50.7895501993479,4.50547174504444
537.686857721084,162.710140917489,4.84196511278433
NA,NA,NA
660.655303285334,336.664747944524,3.41750235637844
453.523485747585,297.708175283101,3.78478413605453
12.0014459690654,492.28764855738,3.60491440957032
563.040391768967,46.2286767672955,4.14604565473243
69.0071751945109,377.2894153647,3.89997881378575
222.508386495298,416.338211594732,3.95956207645906
428.2271209131,13.3154788196871,3.40573674194877
360.193845655299,294.937221863328,2.91158645713282
601.550001657923,102.930469801126,4.26275682980279
394.684540906787,224.712406800951,4.23410179411112
568.057360293962,413.079152160894,4.77318180824827
141.376252203257,282.040225249765,4.65266867950562
199.138897149408,370.212357532109,4.13073860581757
123.716653315908,412.563484519799,3.36067481668218
630.443222699205,314.159835972288,4.6290416728825
1.26324676652183,145.800011973845,4.25270260111544
541.922760684421,202.5049931319,4.17852847204513
32.5552174668577,492.101939010132,3.04472897158681
279.760980012975,20.2014293297058,3.88957595774273
533.813427116037,390.741826762934,3.46547672665871
74.6508630762015,74.4005297179035,5.16785022663777
2.1010838950149,76.3014477106992,3.47186214133434
586.323000398722,229.894325488847,4.1046605851581
438.837755627565,463.324195233737,4.77247440867158
659.866202942622,372.691200896602,3.14873816881581
107.30111723328,491.748176880757,4.27443583545505
626.293202686414,88.8802192844047,4.08654868736685
423.624737939612,257.57809629752,3.6546483487601
9.78016171391425,181.125461949517,3.12384054751852
71.8756299886487,131.576876752845,4.46424252305736
611.914426000076,213.04361975386,4.13185918301491
259.193500085175,225.572918512609,3.82609185091311
573.460797458025,438.958714125944,3.83434174638262
304.095770582524,138.31178314917,3.84637553959269
523.323255693462,460.814540328622,3.54077824579036
42.7042636240916,427.302695379222,3.73458388197469
197.570440176495,296.097762918843,4.0867412432434
553.692881609648,261.171172212697,3.60201144319725
182.616571405831,38.1392320037398,4.4375090570646
500.589535807883,336.281418458979,4.3888986832117
41.7756875790102,50.7895501993479,4.50547174504444
537.686857721084,162.710140917489,4.84196511278433
NA,NA,NA
660.655303285334,336.664747944524,3.41750235637844
453.523485747585,297.708175283101,3.78478413605453
12.0014459690654,492.28764855738,3.60491440957032
563.040391768967,46.2286767672955,4.14604565473243
69.0071751945109,377.2894153647,3.89997881378575
222.508386495298,416.338211594732,3.95956207645906
428.2271209131,13.3154788196871,3.40573674194877
360.193845655299,294.937221863328,2.91158645713282
601.550001657923,102.930469801126,4.26275682980279
394.684540906787,224.712406800951,4.23410179411112
568.057360293962,413.079152160894,4.77318180824827
141.376252203257,282.040225249765,4.65266867950562
199.138897149408,370.212357532109,4.13073860581757
123.716653315908,412.563484519799,3.36067481668218
630.443222699205,314.159835972288,4.6290416728825
1.26324676652183,145.800011973845,4.25270260111544
541.922760684421,202.5049931319,4.17852847204513
32.5552174668577,492.101939010132,3.04472897158681
279.760980012975,20.2014293297058,3.88957595774273
533.813427116037,390.741826762934,3.46547672665871
74.6508630762015,74.4005297179035,5.16785022663777
2.1010838950149,76.3014477106992,3.47186214133434
586.323000398722,229.894325488847,4.1046605851581
438.837755627565,463.324195233737,4.77247440867158
659.866202942622,372.691200896602,3.14873816881581
107.30111723328,491.748176880757,4.27443583545505
626.293202686414,88.8802192844047,4.08654868736685
423.624737939612,257.57809629752,3.6546483487601
9.78016171391425,181.125461949517,3.12384054751852
71.8756299886487,131.576876752845,4.46424252305736
611.914426000076,213.04361975386,4.13185918301491
259.193500085175,225.572918512609,3.82609185091311
573.460797458025,438.958714125944,3.83434174638262
304.095770582524,138.31178314917,3.84637553959269
523.323255693462,460.814540328622,3.54077824579036
42.7042636240916,427.302695379222,3.73458388197469
197.570440176495,296.097762918843,4.0867412432434
553.692881609648,261.171172212697,3.60201144319725
182.616571405831,38.1392320037398,4.4375090570646
500.589535807883,336.281418458979,4.3888986832117
41.7756875790102,50.7895501993479,4.50547174504444
537.686857721084,162.710140917489,4.84196511278433
NA,NA,NA
660.655303285334,336.664747944524,3.41750235637844
453.523485747585,297.708175283101,3.78478413605453
12.0014459690654,492.28764855738,3.60491440957032
563.040391768967,46.2286767672955,4.14604565473243
69.0071751945109,377.2894153647,3.89997881378575
222.508386495298,416.338211594732,3.95956207645906
428.2271209131,13.3154788196871,3.40573674194877
360.193845655299,294.937221863328,2.91158645713282
601.550001657923,102.930469801126,4.26275682980279
394.684540906787,224.712406800951,4.23410179411112
568.057360293962,413.079152160894,4.77318180824827
141.376252203257,282.040225249765,4.65266867950562
199.138897149408,370.212357532109,4.13073860581757
123.716653315908,412.563484519799,3.36067481668218
630.443222699205,314.159835972288,4.6290416728825
1.26324676652183,145.800011973845,4.25270260111544
541.922760684421,202.5049931319,4.17852847204513
32.5552174668577,492.101939010132,3.04472897158681
279.760980012975,20.2014293297058,3.88957595774273
533.813427116037,390.741826762934,3.46547672665871
74.6508630762015,74.4005297179035,5.16785022663777
2.1010838950149,76.3014477106992,3.47186214133434
586.323000398722,229.894325488847,4.1046605851581
438.837755627565,463.324195233737,4.77247440867158
659.866202942622,372.691200896602,3.14873816881581
107.30111723328,491.748176880757,4.27443583545505
626.293202686414,88.8802192844047,4.08654868736685
423.624737939612,257.57809629752,3.6546483487601
9.78016171391425,181.125461949517,3.12384054751852
71.8756299886487,131.576876752845,4.46424252305736
611.914426000076,213.04361975386,4.13185918301491
259.193500085175,225.572918512609,3.82609185091311
573.460797458025,438.958714125944,3.83434174638262
304.095770582524,138.31178314917,3.84637553959269
523.323255693462,460.814540328622,3.54077824579036
42.7042636240916,427.302695379222,3.73458388197469
197.570440176495,296.097762918843,4.0867412432434
553.692881609648,261.171172212697,3.60201144319725
182.616571405831,38.1392320037398,4.4375090570646
500.589535807883,336.281418458979,4.3888986832117
41.7756875790102,50.7895501993479,4.50547174504444
537.686857721084,162.710140917489,4.84196511278433
NA,NA,NA
660.655303285334,336.664747944524,3.41750235637844
453.523485747585,297.708175283101,3.78478413605453
12.0014459690654,492.28764855738,3.60491440957032
563.040391768967,46.2286767672955,4.14604565473243
69.0071751945109,377.2894153647,3.89997881378575
222.508386495298,416.338211594732,3.95956207645906
428.2271209131,13.3154788196871,3.40573674194877
360.193845655299,294.937221863328,2.91158645713282
601.550001657923,102.930469801126,4.26275682980279
394.684540906787,224.712406800951,4.23410179411112
568.057360293962,413.079152160894,4.77318180824827
141.376252203257,282.040225249765,4.65266867950562
199.138897149408,370.212357532109,4.13073860581757
123.716653315908,412.563484519799,3.36067481668218
630.443222699205,314.159835972288,4.6290416728825
1.26324676652183,145.800011973845,4.25270260111544
541.922760684421,202.5049931319,4.17852847204513
32.5552174668577,492.101939010132,3.04472897158681
279.760980012975,20.2014293297058,3.88957595774273
533.813427116037,390.741826762934,3.46547672665871
74.6508630762015,74.4005297179035,5.16785022663777
2.1010838950149,76.3014477106992,3.47186214133434
586.323000398722,229.894325488847,4.1046605851581
438.837755627565,463.324195233737,4.77247440867158
659.866202942622,372.691200896602,3.14873816881581
107.30111723328,491.748176880757,4.27443583545505
626.293202686414,88.8802192844047,4.08654868736685
423.624737939612,257.57809629752,3.6546483487601
9.78016171391425,181.125461949517,3.12384054751852
71.8756299886487,131.576876752845,4.46424252305736
611.914426000076,213.04361975386,4.13185918301491
259.193500085175,225.572918512609,3.82609185091311
573.460797458025,438.958714125944,3.83434174638262
304.095770582524,138.31178314917,3.84637553959269
523.323255693462,460.814540328622,3.54077824579036
42.7042636240916,427.302695379222,3.73458388197469
197.570440176495,296.097762918843,4.0867412432434
553.692881609648,261.171172212697,3.60201144319725
182.616571405831,38.1392320037398,4.4375090570646
500.589535807883,336.281418458979,4.3888986832117
41.7756875790102,50.7895501993479,4.50547174504444
537.686857721084,162.710140917489,4.84196511278433
NA,NA,NA
662.46525904197,335.887721953072,3.49848773716499
458.838450608413,299.871355575461,3.57218106737338
13.4340074187952,494.470846484289,3.86876379497145
558.14976474676,49.9676579514387,4.39068724474294
71.8699069355856,373.374370347364,4.00741478013142
232.098836026037,415.023491747465,3.86665819973327
430.953323784158,12.55754172669,3.33953451902308
361.296518301127,293.952817249126,3.01062913224328
602.246476272403,99.7393374717034,4.05784503174029
391.015297875827,226.111471327968,4.29152414621646
566.528196937755,408.065269338194,4.77479775024154
144.131351925371,286.379962088915,4.45474484298256
199.19260590869,364.133976021808,4.21643670986251
120.408284272315,413.874271024907,3.48077082880768
625.726410689255,312.305470793704,4.55792193449845
0.8500014769982,148.606579076627,4.23056383341543
539.804228851876,196.851292233993,4.31718483465219
35.9565465124134,493.865788318192,3.00725324611936
283.372270130628,23.2871945468667,3.91722314720247
533.668551765109,394.144883584216,3.58504905174562
69.8811303485043,85.3382880559774,5.32223892713352
2.96896208158188,75.4995302351852,3.35437294221438
591.898635004021,228.758945009087,4.05947078651853
432.537637065347,459.79434559319,4.82846668771907
658.801992235757,374.772518549021,2.96088596801709
106.797536068317,484.72241845265,4.40038260665418
624.264901839581,93.3519907736648,4.07227393943163
418.149496219498,261.357827014398,3.61436339631245
10.6925559036125,181.567468629686,3.2490423148978
48.823516071282,116.251060364324,4.4272964732196
601.534201323453,192.137662258672,4.36250966871867
259.36827619149,218.234154429186,3.84766488074528
576.859478142965,437.132349473914,3.71161608363081
301.965823752287,136.549587201629,3.74275663382197
531.367613599812,453.64521226467,3.49218508409007
55.8538626740514,417.820594036242,4.05242125121676
205.478401199089,303.955689365157,4.11676460305847
550.168971280464,255.467362958735,3.8738504897771
178.075433743273,27.9641794498852,4.22219399562494
508.940047608551,344.710008146004,4.56728066946529
47.1491818644277,55.292856693114,4.38317367174068
540.576535129361,165.816415209739,4.73821257959089
NA,NA,NA
662.46525904197,335.887721953072,3.49848773716499
458.838450608413,299.871355575461,3.57218106737338
13.4340074187952,494.470846484289,3.86876379497145
558.14976474676,49.9676579514387,4.39068724474294
71.8699069355856,373.374370347364,4.00741478013142
232.098836026037,415.023491747465,3.86665819973327
430.953323784158,12.55754172669,3.33953451902308
361.296518301127,293.952817249126,3.01062913224328
602.246476272403,99.7393374717034,4.05784503174029
391.015297875827,226.111471327968,4.29152414621646
566.528196937755,408.065269338194,4.77479775024154
144.131351925371,286.379962088915,4.45474484298256
199.19260590869,364.133976021808,4.21643670986251
120.408284272315,413.874271024907,3.48077082880768
625.726410689255,312.305470793704,4.55792193449845
0.8500014769982,148.606579076627,4.23056383341543
539.804228851876,196.851292233993,4.31718483465219
35.9565465124134,493.865788318192,3.00725324611936
283.372270130628,23.2871945468667,3.91722314720247
533.668551765109,394.144883584216,3.58504905174562
69.8811303485043,85.3382880559774,5.32223892713352
2.96896208158188,75.4995302351852,3.35437294221438
591.898635004021,228.758945009087,4.05947078651853
432.537637065347,459.79434559319,4.82846668771907
658.801992235757,374.772518549021,2.96088596801709
106.797536068317,484.72241845265,4.40038260665418
624.264901839581,93.3519907736648,4.07227393943163
418.149496219498,261.357827014398,3.61436339631245
10.6925559036125,181.567468629686,3.2490423148978
48.823516071282,116.251060364324,4.4272964732196
601.534201323453,192.137662258672,4.36250966871867
259.36827619149,218.234154429186,3.84766488074528
576.859478142965,437.132349473914,3.71161608363081
301.965823752287,136.549587201629,3.74275663382197
531.367613599812,453.64521226467,3.49218508409007
55.8538626740514,417.820594036242,4.05242125121676
205.478401199089,303.955689365157,4.11676460305847
550.168971280464,255.467362958735,3.8738504897771
178.075433743273,27.9641794498852,4.22219399562494
508.940047608551,344.710008146004,4.56728066946529
47.1491818644277,55.292856693114,4.38317367174068
540.576535129361,165.816415209739,4.73821257959089
NA,NA,NA
662.46525904197,335.887721953072,3.49848773716499
458.838450608413,299.871355575461,3.57218106737338
13.4340074187952,494.470846484289,3.86876379497145
558.14976474676,49.9676579514387,4.39068724474294
71.8699069355856,373.374370347364,4.00741478013142
232.098836026037,415.023491747465,3.86665819973327
430.953323784158,12.55754172669,3.33953451902308
361.296518301127,293.952817249126,3.01062913224328
602.246476272403,99.7393374717034,4.05784503174029
391.015297875827,226.111471327968,4.29152414621646
566.528196937755,408.065269338194,4.77479775024154
144.131351925371,286.379962088915,4.45474484298256
199.19260590869,364.133976021808,4.21643670986251
120.408284272315,413.874271024907,3.48077082880768
625.726410689255,312.305470793704,4.55792193449845
0.8500014769982,148.606579076627,4.23056383341543
539.804228851876,196.851292233993,4.31718483465219
35.9565465124134,493.865788318192,3.00725324611936
283.372270130628,23.2871945468667,3.91722314720247
533.668551765109,394.144883584216,3.58504905174562
69.8811303485043,85.3382880559774,5.32223892713352
2.96896208158188,75.4995302351852,3.35437294221438
591.898635004021,228.758945009087,4.05947078651853
432.537637065347,459.79434559319,4.82846668771907
658.801992235757,374.772518549021,2.96088596801709
106.797536068317,484.72241845265,4.40038260665418
624.264901839581,93.3519907736648,4.07227393943163
418.149496219498,261.357827014398,3.61436339631245
10.6925559036125,181.567468629686,3.2490423148978
48.823516071282,116.251060364324,4.4272964732196
601.534201323453,192.137662258672,4.36250966871867
259.36827619149,218.234154429186,3.84766488074528
576.859478142965,437.132349473914,3.71161608363081
301.965823752287,136.549587201629,3.74275663382197
531.367613599812,453.64521226467,3.49218508409007
55.8538626740514,417.820594036242,4.05242125121676
205.478401199089,303.955689365157,4.11676460305847
550.168971280464,255.467362958735,3.8738504897771
178.075433743273,27.9641794498852,4.22219399562494
508.940047608551,344.710008146004,4.56728066946529
47.1491818644277,55.292856693114,4.38317367174068
540.576535129361,165.816415209739,4.73821257959089
NA,NA,NA
662.46525904197,335.887721953072,3.49848773716499
458.838450608413,299.871355575461,3.57218106737338
13.4340074187952,494.470846484289,3.86876379497145
558.14976474676,49.9676579514387,4.39068724474294
71.8699069355856,373.374370347364,4.00741478013142
232.098836026037,415.023491747465,3.86665819973327
430.953323784158,12.55754172669,3.33953451902308
361.296518301127,293.952817249126,3.01062913224328
602.246476272403,99.7393374717034,4.05784503174029
391.015297875827,226.111471327968,4.29152414621646
566.528196937755,408.065269338194,4.77479775024154
144.131351925371,286.379962088915,4.45474484298256
199.19260590869,364.133976021808,4.21643670986251
120.408284272315,413.874271024907,3.48077082880768
625.726410689255,312.305470793704,4.55792193449845
0.8500014769982,148.606579076627,4.23056383341543
539.804228851876,196.851292233993,4.31718483465219
35.9565465124134,493.865788318192,3.00725324611936
283.372270130628,23.2871945468667,3.91722314720247
533.668551765109,394.144883584216,3.58504905174562
69.8811303485043,85.3382880559774,5.32223892713352
2.96896208158188,75.4995302351852,3.35437294221438
591.898635004021,228.758945009087,4.05947078651853
432.537637065347,459.79434559319,4.82846668771907
658.801992235757,374.772518549021,2.96088596801709
106.797536068317,484.72241845265,4.40038260665418
624.264901839581,93.3519907736648,4.07227393943163
418.149496219498,261.357827014398,3.61436339631245
10.6925559036125,181.567468629686,3.2490423148978
48.823516071282,116.251060364324,4.4272964732196
601.534201323453,192.137662258672,4.36250966871867
259.36827619149,218.234154429186,3.84766488074528
576.859478142965,437.132349473914,3.71161608363081
301.965823752287,136.549587201629,3.74275663382197
531.367613599812,453.64521226467,3.49218508409007
55.8538626740514,417.820594036242,4.05242125121676
205.478401199089,303.955689365157,4.11676460305847
550.168971280464,255.467362958735,3.8738504897771
178.075433743273,27.9641794498852,4.22219399562494
508.940047608551,344.710008146004,4.56728066946529
47.1491818644277,55.292856693114,4.38317367174068
540.576535129361,165.816415209739,4.73821257959089
NA,NA,NA
662.46525904197,335.887721953072,3.49848773716499
458.838450608413,299.871355575461,3.57218106737338
13.4340074187952,494.470846484289,3.86876379497145
558.14976474676,49.9676579514387,4.39068724474294
71.8699069355856,373.374370347364,4.00741478013142
232.098836026037,415.023491747465,3.86665819973327
430.953323784158,12.55754172669,3.33953451902308
361.296518301127,293.952817249126,3.01062913224328
602.246476272403,99.7393374717034,4.05784503174029
391.015297875827,226.111471327968,4.29152414621646
566.528196937755,408.065269338194,4.77479775024154
144.131351925371,286.379962088915,4.45474484298256
199.19260590869,364.133976021808,4.21643670986251
120.408284272315,413.874271024907,3.48077082880768
625.726410689255,312.305470793704,4.55792193449845
0.8500014769982,148.606579076627,4.23056383341543
539.804228851876,196.851292233993,4.31718483465219
35.9565465124134,493.865788318192,3.00725324611936
283.372270130628,23.2871945468667,3.91722314720247
533.668551765109,394.144883584216,3.58504905174562
69.8811303485043,85.3382880559774,5.32223892713352
2.96896208158188,75.4995302351852,3.35437294221438
591.898635004021,228.758945009087,4.05947078651853
432.537637065347,459.79434559319,4.82846668771907
658.801992235757,374.772518549021,2.96088596801709
106.797536068317,484.72241845265,4.40038260665418
624.264901839581,93.3519907736648,4.07227393943163
418.149496219498,261.357827014398,3.61436339631245
10.6925559036125,181.567468629686,3.2490423148978
48.823516071282,116.251060364324,4.4272964732196
601.534201323453,192.137662258672,4.36250966871867
259.36827619149,218.234154429186,3.84766488074528
576.859478142965,437.132349473914,3.71161608363081
301.965823752287,136.549587201629,3.74275663382197
531.367613599812,453.64521226467,3.49218508409007
55.8538626740514,417.820594036242,4.05242125121676
205.478401199089,303.955689365157,4.11676460305847
550.168971280464,255.467362958735,3.8738504897771
178.075433743273,27.9641794498852,4.22219399562494
508.940047608551,344.710008146004,4.56728066946529
47.1491818644277,55.292856693114,4.38317367174068
540.576535129361,165.816415209739,4.73821257959089
NA,NA,NA
662.46525904197,335.887721953072,3.49848773716499
458.838450608413,299.871355575461,3.57218106737338
13.4340074187952,494.470846484289,3.86876379497145
558.14976474676,49.9676579514387,4.39068724474294
71.8699069355856,373.374370347364,4.00741478013142
232.098836026037,415.023491747465,3.86665819973327
430.953323784158,12.55754172669,3.33953451902308
361.296518301127,293.952817249126,3.01062913224328
602.246476272403,99.7393374717034,4.05784503174029
391.015297875827,226.111471327968,4.29152414621646
566.528196937755,408.065269338194,4.77479775024154
144.131351925371,286.379962088915,4.45474484298256
199.19260590869,364.133976021808,4.21643670986251
120.408284272315,413.874271024907,3.48077082880768
625.726410689255,312.305470793704,4.55792193449845
0.8500014769982,148.606579076627,4.23056383341543
539.804228851876,196.851292233993,4.31718483465219
35.9565465124134,493.865788318192,3.00725324611936
283.372270130628,23.2871945468667,3.91722314720247
533.668551765109,394.144883584216,3.58504905174562
69.8811303485043,85.3382880559774,5.32223892713352
2.96896208158188,75.4995302351852,3.35437294221438
591.898635004021,228.758945009087,4.05947078651853
432.537637065347,459.79434559319,4.82846668771907
658.801992235757,374.772518549021,2.96088596801709
106.797536068317,484.72241845265,4.40038260665418
624.264901839581,93.3519907736648,4.07227393943163
418.149496219498,261.357827014398,3.61436339631245
10.6925559036125,181.567468629686,3.2490423148978
48.823516071282,116.251060364324,4.4272964732196
601.534201323453,192.137662258672,4.36250966871867
259.36827619149,218.234154429186,3.84766488074528
576.859478142965,437.132349473914,3.71161608363081
301.965823752287,136.549587201629,3.74275663382197
531.367613599812,453.64521226467,3.49218508409007
55.8538626740514,417.820594036242,4.05242125121676
205.478401199089,303.955689365157,4.11676460305847
550.168971280464,255.467362958735,3.8738504897771
178.075433743273,27.9641794498852,4.22219399562494
508.940047608551,344.710008146004,4.56728066946529
47.1491818644277,55.292856693114,4.38317367174068
540.576535129361,165.816415209739,4.73821257959089
NA,NA,NA
664.81547461102,331.708035652082,3.3519761047611
457.558189688307,298.394863879038,3.85739314596224
7.18455042056709,493.49239854541,3.66970985725567
558.851560119194,53.5090555367642,4.17265774566006
73.3146617557553,374.018181387458,3.93491679391947
226.273537102195,409.394362986279,4.06077351029956
430.173520822623,11.4283121284068,3.188508987568
363.557435207503,293.468236778048,3.03983254619074
603.690069122581,103.932771566483,4.1788156260181
396.817259779609,230.713014553558,4.29159975294323
569.326308241625,403.835317216002,4.72429259134202
139.461167504723,283.441358781916,4.625169513475
205.458747484893,364.937696245674,4.05628589952648
126.248619688196,409.687398526737,3.32488257629629
630.861803939366,312.542879083856,4.70055088500771
8.06619625973541,145.35374226142,4.34214352078963
544.43641679285,208.751928897891,4.08613648236253
33.8746522441328,491.717494150508,3.03946723138195
280.247431246044,24.6847916807051,3.90171858767887
534.427451752699,390.297635716175,3.38086567890648
76.7561255872184,67.6415721832161,5.42136867947619
6.54092855199482,78.3714099544563,3.48602962757516
585.671579505289,226.727091925,4.04029920405694
435.962301264359,460.539618198014,4.72902414543222
659.115914005268,372.188353096471,3.17290657381762
110.710309971152,493.401958668834,4.28185288509092
624.077457291386,92.3051676353066,4.10389971499862
422.176719266729,258.371416224271,3.5826044545957
12.2260110035959,181.841823544116,3.18473627799202
79.6959248975623,114.227949953254,4.19396831948574
599.409995488166,212.075160744207,4.23821911761329
254.808267778609,224.245686771933,4.00992822129279
581.606598427473,429.801032070617,3.78655981866511
298.392601975041,139.788342310743,4.03083594115284
529.330013107137,452.692804283597,3.64877067804999
45.0355874537777,416.23449172701,4.06696681921
183.293250554004,291.073564261381,3.99435639751916
551.205332098863,255.337469809156,3.78310365911003
177.280277540421,27.4747575766139,4.24488958622897
501.340387405182,343.17427689707,4.41529413907319
37.4144553459978,63.3671594508359,4.12502378812277
533.903517580996,134.85466815098,4.70489488060334
NA,NA,NA
664.81547461102,331.708035652082,3.3519761047611
457.558189688307,298.394863879038,3.85739314596224
7.18455042056709,493.49239854541,3.66970985725567
558.851560119194,53.5090555367642,4.17265774566006
73.3146617557553,374.018181387458,3.93491679391947
226.273537102195,409.394362986279,4.06077351029956
430.173520822623,11.4283121284068,3.188508987568
363.557435207503,293.468236778048,3.03983254619074
603.690069122581,103.932771566483,4.1788156260181
396.817259779609,230.713014553558,4.29159975294323
569.326308241625,403.835317216002,4.72429259134202
139.461167504723,283.441358781916,4.625169513475
205.458747484893,364.937696245674,4.05628589952648
126.248619688196,409.687398526737,3.32488257629629
630.861803939366,312.542879083856,4.70055088500771
8.06619625973541,145.35374226142,4.34214352078963
544.43641679285,208.751928897891,4.08613648236253
33.8746522441328,491.717494150508,3.03946723138195
280.247431246044,24.6847916807051,3.90171858767887
534.427451752699,390.297635716175,3.38086567890648
76.7561255872184,67.6415721832161,5.42136867947619
6.54092855199482,78.3714099544563,3.48602962757516
585.671579505289,226.727091925,4.04029920405694
435.962301264359,460.539618198014,4.72902414543222
659.115914005268,372.188353096471,3.17290657381762
110.710309971152,493.401958668834,4.28185288509092
624.077457291386,92.3051676353066,4.10389971499862
422.176719266729,258.371416224271,3.5826044545957
12.2260110035959,181.841823544116,3.18473627799202
79.6959248975623,114.227949953254,4.19396831948574
599.409995488166,212.075160744207,4.23821911761329
254.808267778609,224.245686771933,4.00992822129279
581.606598427473,429.801032070617,3.78655981866511
298.392601975041,139.788342310743,4.03083594115284
529.330013107137,452.692804283597,3.64877067804999
45.0355874537777,416.23449172701,4.06696681921
183.293250554004,291.073564261381,3.99435639751916
551.205332098863,255.337469809156,3.78310365911003
177.280277540421,27.4747575766139,4.24488958622897
501.340387405182,343.17427689707,4.41529413907319
37.4144553459978,63.3671594508359,4.12502378812277
533.903517580996,134.85466815098,4.70489488060334
NA,NA,NA
664.81547461102,331.708035652082,3.3519761047611
457.558189688307,298.394863879038,3.85739314596224
7.18455042056709,493.49239854541,3.66970985725567
558.851560119194,53.5090555367642,4.17265774566006
73.3146617557553,374.018181387458,3.93491679391947
226.273537102195,409.394362986279,4.06077351029956
430.173520822623,11.4283121284068,3.188508987568
363.557435207503,293.468236778048,3.03983254619074
603.690069122581,103.932771566483,4.1788156260181
396.817259779609,230.713014553558,4.29159975294323
569.326308241625,403.835317216002,4.72429259134202
139.461167504723,283.441358781916,4.625169513475
205.458747484893,364.937696245674,4.05628589952648
126.248619688196,409.687398526737,3.32488257629629
630.861803939366,312.542879083856,4.70055088500771
8.06619625973541,145.35374226142,4.34214352078963
544.43641679285,208.751928897891,4.08613648236253
33.8746522441328,491.717494150508,3.03946723138195
280.247431246044,24.6847916807051,3.90171858767887
534.427451752699,390.297635716175,3.38086567890648
76.7561255872184,67.6415721832161,5.42136867947619
6.54092855199482,78.3714099544563,3.48602962757516
585.671579505289,226.727091925,4.04029920405694
435.962301264359,460.539618198014,4.72902414543222
659.115914005268,372.188353096471,3.17290657381762
110.710309971152,493.401958668834,4.28185288509092
624.077457291386,92.3051676353066,4.10389971499862
422.176719266729,258.371416224271,3.5826044545957
12.2260110035959,181.841823544116,3.18473627799202
79.6959248975623,114.227949953254,4.19396831948574
599.409995488166,212.075160744207,4.23821911761329
254.808267778609,224.245686771933,4.00992822129279
581.606598427473,429.801032070617,3.78655981866511
298.392601975041,139.788342310743,4.03083594115284
529.330013107137,452.692804283597,3.64877067804999
45.0355874537777,416.23449172701,4.06696681921
183.293250554004,291.073564261381,3.99435639751916
551.205332098863,255.337469809156,3.78310365911003
177.280277540421,27.4747575766139,4.24488958622897
501.340387405182,343.17427689707,4.41529413907319
37.4144553459978,63.3671594508359,4.12502378812277
533.903517580996,134.85466815098,4.70489488060334
NA,NA,NA
664.81547461102,331.708035652082,3.3519761047611
457.558189688307,298.394863879038,3.85739314596224
7.18455042056709,493.49239854541,3.66970985725567
558.851560119194,53.5090555367642,4.17265774566006
73.3146617557553,374.018181387458,3.93491679391947
226.273537102195,409.394362986279,4.06077351029956
430.173520822623,11.4283121284068,3.188508987568
363.557435207503,293.468236778048,3.03983254619074
603.690069122581,103.932771566483,4.1788156260181
396.817259779609,230.713014553558,4.29159975294323
569.326308241625,403.835317216002,4.72429259134202
139.461167504723,283.441358781916,4.625169513475
205.458747484893,364.937696245674,4.05628589952648
126.248619688196,409.687398526737,3.32488257629629
630.861803939366,312.542879083856,4.70055088500771
8.06619625973541,145.35374226142,4.34214352078963
544.43641679285,208.751928897891,4.08613648236253
33.8746522441328,491.717494150508,3.03946723138195
280.247431246044,24.6847916807051,3.90171858767887
534.427451752699,390.297635716175,3.38086567890648
76.7561255872184,67.6415721832161,5.42136867947619
6.54092855199482,78.3714099544563,3.48602962757516
585.671579505289,226.727091925,4.04029920405694
435.962301264359,460.539618198014,4.72902414543222
659.115914005268,372.188353096471,3.17290657381762
110.710309971152,493.401958668834,4.28185288509092
624.077457291386,92.3051676353066,4.10389971499862
422.176719266729,258.371416224271,3.5826044545957
12.2260110035959,181.841823544116,3.18473627799202
79.6959248975623,114.227949953254,4.19396831948574
599.409995488166,212.075160744207,4.23821911761329
254.808267778609,224.245686771933,4.00992822129279
581.606598427473,429.801032070617,3.78655981866511
298.392601975041,139.788342310743,4.03083594115284
529.330013107137,452.692804283597,3.64877067804999
45.0355874537777,416.23449172701,4.06696681921
183.293250554004,291.073564261381,3.99435639751916
551.205332098863,255.337469809156,3.78310365911003
177.280277540421,27.4747575766139,4.24488958622897
501.340387405182,343.17427689707,4.41529413907319
37.4144553459978,63.3671594508359,4.12502378812277
533.903517580996,134.85466815098,4.70489488060334
NA,NA,NA
664.81547461102,331.708035652082,3.3519761047611
457.558189688307,298.394863879038,3.85739314596224
7.18455042056709,493.49239854541,3.66970985725567
558.851560119194,53.5090555367642,4.17265774566006
73.3146617557553,374.018181387458,3.93491679391947
226.273537102195,409.394362986279,4.06077351029956
430.173520822623,11.4283121284068,3.188508987568
363.557435207503,293.468236778048,3.03983254619074
603.690069122581,103.932771566483,4.1788156260181
396.817259779609,230.713014553558,4.29159975294323
569.326308241625,403.835317216002,4.72429259134202
139.461167504723,283.441358781916,4.625169513475
205.458747484893,364.937696245674,4.05628589952648
126.248619688196,409.687398526737,3.32488257629629
630.861803939366,312.542879083856,4.70055088500771
8.06619625973541,145.35374226142,4.34214352078963
544.43641679285,208.751928897891,4.08613648236253
33.8746522441328,491.717494150508,3.03946723138195
280.247431246044,24.6847916807051,3.90171858767887
534.427451752699,390.297635716175,3.38086567890648
76.7561255872184,67.6415721832161,5.42136867947619
6.54092855199482,78.3714099544563,3.48602962757516
585.671579505289,226.727091925,4.04029920405694
435.962301264359,460.539618198014,4.72902414543222
659.115914005268,372.188353096471,3.17290657381762
110.710309971152,493.401958668834,4.28185288509092
624.077457291386,92.3051676353066,4.10389971499862
422.176719266729,258.371416224271,3.5826044545957
12.2260110035959,181.841823544116,3.18473627799202
79.6959248975623,114.227949953254,4.19396831948574
599.409995488166,212.075160744207,4.23821911761329
254.808267778609,224.245686771933,4.00992822129279
581.606598427473,429.801032070617,3.78655981866511
298.392601975041,139.788342310743,4.03083594115284
529.330013107137,452.692804283597,3.64877067804999
45.0355874537777,416.23449172701,4.06696681921
183.293250554004,291.073564261381,3.99435639751916
551.205332098863,255.337469809156,3.78310365911003
177.280277540421,27.4747575766139,4.24488958622897
501.340387405182,343.17427689707,4.41529413907319
37.4144553459978,63.3671594508359,4.12502378812277
533.903517580996,134.85466815098,4.70489488060334
NA,NA,NA
664.81547461102,331.708035652082,3.3519761047611
457.558189688307,298.394863879038,3.85739314596224
7.18455042056709,493.49239854541,3.66970985725567
558.851560119194,53.5090555367642,4.17265774566006
73.3146617557553,374.018181387458,3.93491679391947
226.273537102195,409.394362986279,4.06077351029956
430.173520822623,11.4283121284068,3.188508987568
363.557435207503,293.468236778048,3.03983254619074
603.690069122581,103.932771566483,4.1788156260181
396.817259779609,230.713014553558,4.29159975294323
569.326308241625,403.835317216002,4.72429259134202
139.461167504723,283.441358781916,4.625169513475
205.458747484893,364.937696245674,4.05628589952648
126.248619688196,409.687398526737,3.32488257629629
630.861803939366,312.542879083856,4.70055088500771
8.06619625973541,145.35374226142,4.34214352078963
544.43641679285,208.751928897891,4.08613648236253
33.8746522441328,491.717494150508,3.03946723138195
280.247431246044,24.6847916807051,3.90171858767887
534.427451752699,390.297635716175,3.38086567890648
76.7561255872184,67.6415721832161,5.42136867947619
6.54092855199482,78.3714099544563,3.48602962757516
585.671579505289,226.727091925,4.04029920405694
435.962301264359,460.539618198014,4.72902414543222
659.115914005268,372.188353096471,3.17290657381762
110.710309971152,493.401958668834,4.28185288509092
624.077457291386,92.3051676353066,4.10389971499862
422.176719266729,258.371416224271,3.5826044545957
12.2260110035959,181.841823544116,3.18473627799202
79.6959248975623,114.227949953254,4.19396831948574
599.409995488166,212.075160744207,4.23821911761329
254.808267778609,224.245686771933,4.00992822129279
581.606598427473,429.801032070617,3.78655981866511
298.392601975041,139.788342310743,4.03083594115284
529.330013107137,452.692804283597,3.64877067804999
45.0355874537777,416.23449172701,4.06696681921
183.293250554004,291.073564261381,3.99435639751916
551.205332098863,255.337469809156,3.78310365911003
177.280277540421,27.4747575766139,4.24488958622897
501.340387405182,343.17427689707,4.41529413907319
37.4144553459978,63.3671594508359,4.12502378812277
533.903517580996,134.85466815098,4.70489488060334
NA,NA,NA
663.332697227519,333.559484012435,3.44569508519889
452.866230699884,297.96451102383,3.74092846843405
11.001433911203,492.981636902001,3.61838906835693
559.559282249333,48.7210455856052,4.1447544471731
72.3775886104324,372.951391640542,4.08499955171981
225.878415045254,416.969206992783,3.85465698922744
430.380671386908,11.1247709675993,3.32345569038936
362.97314298349,293.194798335607,3.10657249007459
604.050651520475,104.255655305511,4.12642718665058
389.452693517336,229.880218744267,4.16408321446938
570.38685449286,410.579631671255,4.75499777865543
140.335660473894,276.137466226672,4.50665370562694
199.335811247772,368.995379170199,4.13760536286817
125.57403815934,412.810818503674,3.34339411811226
623.521920676759,312.883035346844,4.5187829983952
1.84057596508303,149.649936925242,4.3184906896861
540.903424325509,205.190419559728,4.38421656684183
33.0616491051349,490.818616853575,2.89840793870735
283.946353481288,22.8943968414581,3.86193085092349
532.639561808963,393.786972674438,3.24214702712252
75.4697711635464,79.6107348614339,5.20931464900795
6.02902893583734,76.7088628116599,3.32300902337659
584.844388196954,230.775086369389,4.04108101570977
441.728424695295,451.956195038388,4.80856946762231
660.44611730454,373.304676865447,2.99800863788515
99.7734892176647,494.243995296913,4.32412910431166
617.879992975263,90.4766817073849,4.10917778165848
420.069433871201,256.440520389274,3.60638595413623
10.799739292144,180.939341664176,3.22573357984801
69.5874746889545,105.66336045351,4.4686435299584
601.363811072261,208.510675346366,4.3499517235206
255.375266939965,222.394030010415,3.44499956411008
575.377175763747,426.078535975602,3.94532256788103
300.797370891132,137.684232811165,4.05162096110705
523.563635568001,461.531159237021,3.68390490289458
44.4941826697796,415.67829649322,3.79118342197712
197.205607380659,287.599195727957,4.105395880843
553.935494923947,271.191912719438,3.90582873676457
173.555187392289,27.9341243649312,4.51006101441226
503.643807735167,346.817119289946,4.57062032938655
38.768674561864,48.6353368823496,3.48625465340116
531.716684450573,138.384246036496,4.46258863847366
NA,NA,NA
663.332697227519,333.559484012435,3.44569508519889
452.866230699884,297.96451102383,3.74092846843405
11.001433911203,492.981636902001,3.61838906835693
559.559282249333,48.7210455856052,4.1447544471731
72.3775886104324,372.951391640542,4.08499955171981
225.878415045254,416.969206992783,3.85465698922744
430.380671386908,11.1247709675993,3.32345569038936
362.97314298349,293.194798335607,3.10657249007459
604.050651520475,104.255655305511,4.12642718665058
389.452693517336,229.880218744267,4.16408321446938
570.38685449286,410.579631671255,4.75499777865543
140.335660473894,276.137466226672,4.50665370562694
199.335811247772,368.995379170199,4.13760536286817
125.57403815934,412.810818503674,3.34339411811226
623.521920676759,312.883035346844,4.5187829983952
1.84057596508303,149.649936925242,4.3184906896861
540.903424325509,205.190419559728,4.38421656684183
33.0616491051349,490.818616853575,2.89840793870735
283.946353481288,22.8943968414581,3.86193085092349
532.639561808963,393.786972674438,3.24214702712252
75.4697711635464,79.6107348614339,5.20931464900795
6.02902893583734,76.7088628116599,3.32300902337659
584.844388196954,230.775086369389,4.04108101570977
441.728424695295,451.956195038388,4.80856946762231
660.44611730454,373.304676865447,2.99800863788515
99.7734892176647,494.243995296913,4.32412910431166
617.879992975263,90.4766817073849,4.10917778165848
420.069433871201,256.440520389274,3.60638595413623
10.799739292144,180.939341664176,3.22573357984801
69.5874746889545,105.66336045351,4.4686435299584
601.363811072261,208.510675346366,4.3499517235206
255.375266939965,222.394030010415,3.44499956411008
575.377175763747,426.078535975602,3.94532256788103
300.797370891132,137.684232811165,4.05162096110705
523.563635568001,461.531159237021,3.68390490289458
44.4941826697796,415.67829649322,3.79118342197712
197.205607380659,287.599195727957,4.105395880843
553.935494923947,271.191912719438,3.90582873676457
173.555187392289,27.9341243649312,4.51006101441226
503.643807735167,346.817119289946,4.57062032938655
38.768674561864,48.6353368823496,3.48625465340116
531.716684450573,138.384246036496,4.46258863847366
NA,NA,NA
663.332697227519,333.559484012435,3.44569508519889
452.866230699884,297.96451102383,3.74092846843405
11.001433911203,492.981636902001,3.61838906835693
559.559282249333,48.7210455856052,4.1447544471731
72.3775886104324,372.951391640542,4.08499955171981
225.878415045254,416.969206992783,3.85465698922744
430.380671386908,11.1247709675993,3.32345569038936
362.97314298349,293.194798335607,3.10657249007459
604.050651520475,104.255655305511,4.12642718665058
389.452693517336,229.880218744267,4.16408321446938
570.38685449286,410.579631671255,4.75499777865543
140.335660473894,276.137466226672,4.50665370562694
199.335811247772,368.995379170199,4.13760536286817
125.57403815934,412.810818503674,3.34339411811226
623.521920676759,312.883035346844,4.5187829983952
1.84057596508303,149.649936925242,4.3184906896861
540.903424325509,205.190419559728,4.38421656684183
33.0616491051349,490.818616853575,2.89840793870735
283.946353481288,22.8943968414581,3.86193085092349
532.639561808963,393.786972674438,3.24214702712252
75.4697711635464,79.6107348614339,5.20931464900795
6.02902893583734,76.7088628116599,3.32300902337659
584.844388196954,230.775086369389,4.04108101570977
441.728424695295,451.956195038388,4.80856946762231
660.44611730454,373.304676865447,2.99800863788515
99.7734892176647,494.243995296913,4.32412910431166
617.879992975263,90.4766817073849,4.10917778165848
420.069433871201,256.440520389274,3.60638595413623
10.799739292144,180.939341664176,3.22573357984801
69.5874746889545,105.66336045351,4.4686435299584
601.363811072261,208.510675346366,4.3499517235206
255.375266939965,222.394030010415,3.44499956411008
575.377175763747,426.078535975602,3.94532256788103
300.797370891132,137.684232811165,4.05162096110705
523.563635568001,461.531159237021,3.68390490289458
44.4941826697796,415.67829649322,3.79118342197712
197.205607380659,287.599195727957,4.105395880843
553.935494923947,271.191912719438,3.90582873676457
173.555187392289,27.9341243649312,4.51006101441226
503.643807735167,346.817119289946,4.57062032938655
38.768674561864,48.6353368823496,3.48625465340116
531.716684450573,138.384246036496,4.46258863847366
NA,NA,NA
663.332697227519,333.559484012435,3.44569508519889
452.866230699884,297.96451102383,3.74092846843405
11.001433911203,492.981636902001,3.61838906835693
559.559282249333,48.7210455856052,4.1447544471731
72.3775886104324,372.951391640542,4.08499955171981
225.878415045254,416.969206992783,3.85465698922744
430.380671386908,11.1247709675993,3.32345569038936
362.97314298349,293.194798335607,3.10657249007459
604.050651520475,104.255655305511,4.12642718665058
389.452693517336,229.880218744267,4.16408321446938
570.38685449286,410.579631671255,4.75499777865543
140.335660473894,276.137466226672,4.50665370562694
199.335811247772,368.995379170199,4.13760536286817
125.57403815934,412.810818503674,3.34339411811226
623.521920676759,312.883035346844,4.5187829983952
1.84057596508303,149.649936925242,4.3184906896861
540.903424325509,205.190419559728,4.38421656684183
33.0616491051349,490.818616853575,2.89840793870735
283.946353481288,22.8943968414581,3.86193085092349
532.639561808963,393.786972674438,3.24214702712252
75.4697711635464,79.6107348614339,5.20931464900795
6.02902893583734,76.7088628116599,3.32300902337659
584.844388196954,230.775086369389,4.04108101570977
441.728424695295,451.956195038388,4.80856946762231
660.44611730454,373.304676865447,2.99800863788515
99.7734892176647,494.243995296913,4.32412910431166
617.879992975263,90.4766817073849,4.10917778165848
420.069433871201,256.440520389274,3.60638595413623
10.799739292144,180.939341664176,3.22573357984801
69.5874746889545,105.66336045351,4.4686435299584
601.363811072261,208.510675346366,4.3499517235206
255.375266939965,222.394030010415,3.44499956411008
575.377175763747,426.078535975602,3.94532256788103
300.797370891132,137.684232811165,4.05162096110705
523.563635568001,461.531159237021,3.68390490289458
44.4941826697796,415.67829649322,3.79118342197712
197.205607380659,287.599195727957,4.105395880843
553.935494923947,271.191912719438,3.90582873676457
173.555187392289,27.9341243649312,4.51006101441226
503.643807735167,346.817119289946,4.57062032938655
38.768674561864,48.6353368823496,3.48625465340116
531.716684450573,138.384246036496,4.46258863847366
NA,NA,NA
663.332697227519,333.559484012435,3.44569508519889
452.866230699884,297.96451102383,3.74092846843405
11.001433911203,492.981636902001,3.61838906835693
559.559282249333,48.7210455856052,4.1447544471731
72.3775886104324,372.951391640542,4.08499955171981
225.878415045254,416.969206992783,3.85465698922744
430.380671386908,11.1247709675993,3.32345569038936
362.97314298349,293.194798335607,3.10657249007459
604.050651520475,104.255655305511,4.12642718665058
389.452693517336,229.880218744267,4.16408321446938
570.38685449286,410.579631671255,4.75499777865543
140.335660473894,276.137466226672,4.50665370562694
199.335811247772,368.995379170199,4.13760536286817
125.57403815934,412.810818503674,3.34339411811226
623.521920676759,312.883035346844,4.5187829983952
1.84057596508303,149.649936925242,4.3184906896861
540.903424325509,205.190419559728,4.38421656684183
33.0616491051349,490.818616853575,2.89840793870735
283.946353481288,22.8943968414581,3.86193085092349
532.639561808963,393.786972674438,3.24214702712252
75.4697711635464,79.6107348614339,5.20931464900795
6.02902893583734,76.7088628116599,3.32300902337659
584.844388196954,230.775086369389,4.04108101570977
441.728424695295,451.956195038388,4.80856946762231
660.44611730454,373.304676865447,2.99800863788515
99.7734892176647,494.243995296913,4.32412910431166
617.879992975263,90.4766817073849,4.10917778165848
420.069433871201,256.440520389274,3.60638595413623
10.799739292144,180.939341664176,3.22573357984801
69.5874746889545,105.66336045351,4.4686435299584
601.363811072261,208.510675346366,4.3499517235206
255.375266939965,222.394030010415,3.44499956411008
575.377175763747,426.078535975602,3.94532256788103
300.797370891132,137.684232811165,4.05162096110705
523.563635568001,461.531159237021,3.68390490289458
44.4941826697796,415.67829649322,3.79118342197712
197.205607380659,287.599195727957,4.105395880843
553.935494923947,271.191912719438,3.90582873676457
173.555187392289,27.9341243649312,4.51006101441226
503.643807735167,346.817119289946,4.57062032938655
38.768674561864,48.6353368823496,3.48625465340116
531.716684450573,138.384246036496,4.46258863847366
NA,NA,NA
663.332697227519,333.559484012435,3.44569508519889
452.866230699884,297.96451102383,3.74092846843405
11.001433911203,492.981636902001,3.61838906835693
559.559282249333,48.7210455856052,4.1447544471731
72.3775886104324,372.951391640542,4.08499955171981
225.878415045254,416.969206992783,3.85465698922744
430.380671386908,11.1247709675993,3.32345569038936
362.97314298349,293.194798335607,3.10657249007459
604.050651520475,104.255655305511,4.12642718665058
389.452693517336,229.880218744267,4.16408321446938
570.38685449286,410.579631671255,4.75499777865543
140.335660473894,276.137466226672,4.50665370562694
199.335811247772,368.995379170199,4.13760536286817
125.57403815934,412.810818503674,3.34339411811226
623.521920676759,312.883035346844,4.5187829983952
1.84057596508303,149.649936925242,4.3184906896861
540.903424325509,205.190419559728,4.38421656684183
33.0616491051349,490.818616853575,2.89840793870735
283.946353481288,22.8943968414581,3.86193085092349
532.639561808963,393.786972674438,3.24214702712252
75.4697711635464,79.6107348614339,5.20931464900795
6.02902893583734,76.7088628116599,3.32300902337659
584.844388196954,230.775086369389,4.04108101570977
441.728424695295,451.956195038388,4.80856946762231
660.44611730454,373.304676865447,2.99800863788515
99.7734892176647,494.243995296913,4.32412910431166
617.879992975263,90.4766817073849,4.10917778165848
420.069433871201,256.440520389274,3.60638595413623
10.799739292144,180.939341664176,3.22573357984801
69.5874746889545,105.66336045351,4.4686435299584
601.363811072261,208.510675346366,4.3499517235206
255.375266939965,222.394030010415,3.44499956411008
575.377175763747,426.078535975602,3.94532256788103
300.797370891132,137.684232811165,4.05162096110705
523.563635568001,461.531159237021,3.68390490289458
44.4941826697796,415.67829649322,3.79118342197712
197.205607380659,287.599195727957,4.105395880843
553.935494923947,271.191912719438,3.90582873676457
173.555187392289,27.9341243649312,4.51006101441226
503.643807735167,346.817119289946,4.57062032938655
38.768674561864,48.6353368823496,3.48625465340116
531.716684450573,138.384246036496,4.46258863847366
NA,NA,NA
663.467005923448,335.522367936095,3.56606517928322
452.691431881689,296.371968915025,3.6479147234927
8.8849843250202,496.507226000021,3.5455815509656
559.436428991814,48.8240565908786,4.09767983159271
73.8428835323934,377.915449842249,3.99325621346428
227.60691597676,420.094170623898,3.90617049326687
426.609997711454,14.5423556272274,3.40685636573755
362.600222577538,296.160306369775,2.99419806280382
608.77746039114,99.5491689366398,4.2713742765251
388.843589826439,224.977399717933,4.04814976710627
570.857901970089,413.184948896,4.71263189210412
141.902275026303,283.61003662891,4.56520904514063
197.53399633255,376.332365119937,3.98397571583298
124.866828401623,414.681182493129,3.4347471923774
626.980415131374,308.42721356967,4.5208653690276
-4.06648310334086,147.223363999972,4.26888316985516
541.317921746349,202.595896851419,4.03903868602636
33.8035763769796,494.892042358454,2.98671525106986
278.779350383788,20.8451026229833,3.78362194005382
533.767086555045,389.974525504038,3.44087042280678
72.8896256018006,66.1059933768562,5.33457908912632
4.46872613575091,76.9698230905686,3.44777343237299
592.521328691157,221.019752322617,4.05961526571297
440.314579892012,461.308094950039,4.77167564654848
659.097344970402,373.316869745185,3.06686931438198
104.543186804511,487.25684870074,4.35279859681207
626.587577434917,93.0548734147399,4.03297370073354
420.074505243651,262.083862152702,3.62749445310915
12.5476863552065,178.269676815651,3.17728448990701
72.3090015847665,118.931699233417,4.36423645518228
604.777352366329,215.813005828026,4.22673608041209
261.613479035692,221.369468302066,3.65564419805597
572.656912420692,422.089345443339,3.70120954270305
302.081846489625,141.899260454869,3.9703074687305
525.349840982355,460.408485242483,3.47173485991084
49.4869247428268,426.383188209226,4.12853406930768
194.851236120787,282.419009997854,3.56690553298407
541.816628311778,261.955600907513,3.67670692351222
167.58690716202,33.3986233868352,4.53352184994296
504.381384654104,347.027442688275,4.53458758620968
40.3684460544238,52.1554929251458,3.0917530068323
541.149767781216,162.693851511583,5.27548913700539
NA,NA,NA
663.467005923448,335.522367936095,3.56606517928322
452.691431881689,296.371968915025,3.6479147234927
8.8849843250202,496.507226000021,3.5455815509656
559.436428991814,48.8240565908786,4.09767983159271
73.8428835323934,377.915449842249,3.99325621346428
227.60691597676,420.094170623898,3.90617049326687
426.609997711454,14.5423556272274,3.40685636573755
362.600222577538,296.160306369775,2.99419806280382
608.77746039114,99.5491689366398,4.2713742765251
388.843589826439,224.977399717933,4.04814976710627
570.857901970089,413.184948896,4.71263189210412
141.902275026303,283.61003662891,4.56520904514063
197.53399633255,376.332365119937,3.98397571583298
124.866828401623,414.681182493129,3.4347471923774
626.980415131374,308.42721356967,4.5208653690276
-4.06648310334086,147.223363999972,4.26888316985516
541.317921746349,202.595896851419,4.03903868602636
33.8035763769796,494.892042358454,2.98671525106986
278.779350383788,20.8451026229833,3.78362194005382
533.767086555045,389.974525504038,3.44087042280678
72.8896256018006,66.1059933768562,5.33457908912632
4.46872613575091,76.9698230905686,3.44777343237299
592.521328691157,221.019752322617,4.05961526571297
440.314579892012,461.308094950039,4.77167564654848
659.097344970402,373.316869745185,3.06686931438198
104.543186804511,487.25684870074,4.35279859681207
626.587577434917,93.0548734147399,4.03297370073354
420.074505243651,262.083862152702,3.62749445310915
12.5476863552065,178.269676815651,3.17728448990701
72.3090015847665,118.931699233417,4.36423645518228
604.777352366329,215.813005828026,4.22673608041209
261.613479035692,221.369468302066,3.65564419805597
572.656912420692,422.089345443339,3.70120954270305
302.081846489625,141.899260454869,3.9703074687305
525.349840982355,460.408485242483,3.47173485991084
49.4869247428268,426.383188209226,4.12853406930768
194.851236120787,282.419009997854,3.56690553298407
541.816628311778,261.955600907513,3.67670692351222
167.58690716202,33.3986233868352,4.53352184994296
504.381384654104,347.027442688275,4.53458758620968
40.3684460544238,52.1554929251458,3.0917530068323
541.149767781216,162.693851511583,5.27548913700539
NA,NA,NA
663.467005923448,335.522367936095,3.56606517928322
452.691431881689,296.371968915025,3.6479147234927
8.8849843250202,496.507226000021,3.5455815509656
559.436428991814,48.8240565908786,4.09767983159271
73.8428835323934,377.915449842249,3.99325621346428
227.60691597676,420.094170623898,3.90617049326687
426.609997711454,14.5423556272274,3.40685636573755
362.600222577538,296.160306369775,2.99419806280382
608.77746039114,99.5491689366398,4.2713742765251
388.843589826439,224.977399717933,4.04814976710627
570.857901970089,413.184948896,4.71263189210412
141.902275026303,283.61003662891,4.56520904514063
197.53399633255,376.332365119937,3.98397571583298
124.866828401623,414.681182493129,3.4347471923774
626.980415131374,308.42721356967,4.5208653690276
-4.06648310334086,147.223363999972,4.26888316985516
541.317921746349,202.595896851419,4.03903868602636
33.8035763769796,494.892042358454,2.98671525106986
278.779350383788,20.8451026229833,3.78362194005382
533.767086555045,389.974525504038,3.44087042280678
72.8896256018006,66.1059933768562,5.33457908912632
4.46872613575091,76.9698230905686,3.44777343237299
592.521328691157,221.019752322617,4.05961526571297
440.314579892012,461.308094950039,4.77167564654848
659.097344970402,373.316869745185,3.06686931438198
104.543186804511,487.25684870074,4.35279859681207
626.587577434917,93.0548734147399,4.03297370073354
420.074505243651,262.083862152702,3.62749445310915
12.5476863552065,178.269676815651,3.17728448990701
72.3090015847665,118.931699233417,4.36423645518228
604.777352366329,215.813005828026,4.22673608041209
261.613479035692,221.369468302066,3.65564419805597
572.656912420692,422.089345443339,3.70120954270305
302.081846489625,141.899260454869,3.9703074687305
525.349840982355,460.408485242483,3.47173485991084
49.4869247428268,426.383188209226,4.12853406930768
194.851236120787,282.419009997854,3.56690553298407
541.816628311778,261.955600907513,3.67670692351222
167.58690716202,33.3986233868352,4.53352184994296
504.381384654104,347.027442688275,4.53458758620968
40.3684460544238,52.1554929251458,3.0917530068323
541.149767781216,162.693851511583,5.27548913700539
NA,NA,NA
663.467005923448,335.522367936095,3.56606517928322
452.691431881689,296.371968915025,3.6479147234927
8.8849843250202,496.507226000021,3.5455815509656
559.436428991814,48.8240565908786,4.09767983159271
73.8428835323934,377.915449842249,3.99325621346428
227.60691597676,420.094170623898,3.90617049326687
426.609997711454,14.5423556272274,3.40685636573755
362.600222577538,296.160306369775,2.99419806280382
608.77746039114,99.5491689366398,4.2713742765251
388.843589826439,224.977399717933,4.04814976710627
570.857901970089,413.184948896,4.71263189210412
141.902275026303,283.61003662891,4.56520904514063
197.53399633255,376.332365119937,3.98397571583298
124.866828401623,414.681182493129,3.4347471923774
626.980415131374,308.42721356967,4.5208653690276
-4.06648310334086,147.223363999972,4.26888316985516
541.317921746349,202.595896851419,4.03903868602636
33.8035763769796,494.892042358454,2.98671525106986
278.779350383788,20.8451026229833,3.78362194005382
533.767086555045,389.974525504038,3.44087042280678
72.8896256018006,66.1059933768562,5.33457908912632
4.46872613575091,76.9698230905686,3.44777343237299
592.521328691157,221.019752322617,4.05961526571297
440.314579892012,461.308094950039,4.77167564654848
659.097344970402,373.316869745185,3.06686931438198
104.543186804511,487.25684870074,4.35279859681207
626.587577434917,93.0548734147399,4.03297370073354
420.074505243651,262.083862152702,3.62749445310915
12.5476863552065,178.269676815651,3.17728448990701
72.3090015847665,118.931699233417,4.36423645518228
604.777352366329,215.813005828026,4.22673608041209
261.613479035692,221.369468302066,3.65564419805597
572.656912420692,422.089345443339,3.70120954270305
302.081846489625,141.899260454869,3.9703074687305
525.349840982355,460.408485242483,3.47173485991084
49.4869247428268,426.383188209226,4.12853406930768
194.851236120787,282.419009997854,3.56690553298407
541.816628311778,261.955600907513,3.67670692351222
167.58690716202,33.3986233868352,4.53352184994296
504.381384654104,347.027442688275,4.53458758620968
40.3684460544238,52.1554929251458,3.0917530068323
541.149767781216,162.693851511583,5.27548913700539
NA,NA,NA
663.467005923448,335.522367936095,3.56606517928322
452.691431881689,296.371968915025,3.6479147234927
8.8849843250202,496.507226000021,3.5455815509656
559.436428991814,48.8240565908786,4.09767983159271
73.8428835323934,377.915449842249,3.99325621346428
227.60691597676,420.094170623898,3.90617049326687
426.609997711454,14.5423556272274,3.40685636573755
362.600222577538,296.160306369775,2.99419806280382
608.77746039114,99.5491689366398,4.2713742765251
388.843589826439,224.977399717933,4.04814976710627
570.857901970089,413.184948896,4.71263189210412
141.902275026303,283.61003662891,4.56520904514063
197.53399633255,376.332365119937,3.98397571583298
124.866828401623,414.681182493129,3.4347471923774
626.980415131374,308.42721356967,4.5208653690276
-4.06648310334086,147.223363999972,4.26888316985516
541.317921746349,202.595896851419,4.03903868602636
33.8035763769796,494.892042358454,2.98671525106986
278.779350383788,20.8451026229833,3.78362194005382
533.767086555045,389.974525504038,3.44087042280678
72.8896256018006,66.1059933768562,5.33457908912632
4.46872613575091,76.9698230905686,3.44777343237299
592.521328691157,221.019752322617,4.05961526571297
440.314579892012,461.308094950039,4.77167564654848
659.097344970402,373.316869745185,3.06686931438198
104.543186804511,487.25684870074,4.35279859681207
626.587577434917,93.0548734147399,4.03297370073354
420.074505243651,262.083862152702,3.62749445310915
12.5476863552065,178.269676815651,3.17728448990701
72.3090015847665,118.931699233417,4.36423645518228
604.777352366329,215.813005828026,4.22673608041209
261.613479035692,221.369468302066,3.65564419805597
572.656912420692,422.089345443339,3.70120954270305
302.081846489625,141.899260454869,3.9703074687305
525.349840982355,460.408485242483,3.47173485991084
49.4869247428268,426.383188209226,4.12853406930768
194.851236120787,282.419009997854,3.56690553298407
541.816628311778,261.955600907513,3.67670692351222
167.58690716202,33.3986233868352,4.53352184994296
504.381384654104,347.027442688275,4.53458758620968
40.3684460544238,52.1554929251458,3.0917530068323
541.149767781216,162.693851511583,5.27548913700539
NA,NA,NA
663.467005923448,335.522367936095,3.56606517928322
452.691431881689,296.371968915025,3.6479147234927
8.8849843250202,496.507226000021,3.5455815509656
559.436428991814,48.8240565908786,4.09767983159271
73.8428835323934,377.915449842249,3.99325621346428
227.60691597676,420.094170623898,3.90617049326687
426.609997711454,14.5423556272274,3.40685636573755
362.600222577538,296.160306369775,2.99419806280382
608.77746039114,99.5491689366398,4.2713742765251
388.843589826439,224.977399717933,4.04814976710627
570.857901970089,413.184948896,4.71263189210412
141.902275026303,283.61003662891,4.56520904514063
197.53399633255,376.332365119937,3.98397571583298
124.866828401623,414.681182493129,3.4347471923774
626.980415131374,308.42721356967,4.5208653690276
-4.06648310334086,147.223363999972,4.26888316985516
541.317921746349,202.595896851419,4.03903868602636
33.8035763769796,494.892042358454,2.98671525106986
278.779350383788,20.8451026229833,3.78362194005382
533.767086555045,389.974525504038,3.44087042280678
72.8896256018006,66.1059933768562,5.33457908912632
4.46872613575091,76.9698230905686,3.44777343237299
592.521328691157,221.019752322617,4.05961526571297
440.314579892012,461.308094950039,4.77167564654848
659.097344970402,373.316869745185,3.06686931438198
104.543186804511,487.25684870074,4.35279859681207
626.587577434917,93.0548734147399,4.03297370073354
420.074505243651,262.083862152702,3.62749445310915
12.5476863552065,178.269676815651,3.17728448990701
72.3090015847665,118.931699233417,4.36423645518228
604.777352366329,215.813005828026,4.22673608041209
261.613479035692,221.369468302066,3.65564419805597
572.656912420692,422.089345443339,3.70120954270305
302.081846489625,141.899260454869,3.9703074687305
525.349840982355,460.408485242483,3.47173485991084
49.4869247428268,426.383188209226,4.12853406930768
194.851236120787,282.419009997854,3.56690553298407
541.816628311778,261.955600907513,3.67670692351222
167.58690716202,33.3986233868352,4.53352184994296
504.381384654104,347.027442688275,4.53458758620968
40.3684460544238,52.1554929251458,3.0917530068323
541.149767781216,162.693851511583,5.27548913700539
NA,NA,NA
658.756899832443,331.849127683477,3.59496340040672
453.975331178993,297.638083738499,3.61661076438681
11.867344360626,494.697537702914,3.56909571407819
558.280727744596,49.0812551958171,4.27518635023249
72.5638732449776,374.861178684068,3.9871088889128
229.771549186229,417.437009682136,3.85578093489013
429.956716587456,11.5715426453054,3.25972168676687
361.048789310981,290.386774036158,3.12477699711832
602.288913580586,107.489344078849,4.25508581379396
390.91341335173,230.964201012025,4.20872261066953
571.35493163334,404.661242673715,4.71304008383465
137.090466381775,288.080295416045,4.52987703008876
200.417454259671,368.424164970481,3.99856084288341
121.567740426781,413.370027385916,3.48807968573287
629.012362041204,306.399355416595,4.68504266286706
3.06899332313896,143.257184218227,4.15017192691052
540.109608235632,206.256034170752,4.13571826184754
35.4162091372483,495.147256097996,2.95410328748883
274.84388163363,19.0730880775049,3.91486139603525
533.004470062095,393.104672138042,3.61481917838621
75.9166570220256,74.4279423704408,5.28307792282288
3.51672935823289,77.6661391040295,3.64713074459627
588.668106664687,222.641671295168,4.02913304557827
434.247249671736,458.271012550725,4.81750430827368
659.079974453574,373.829119198439,3.09123361698531
106.66754600617,486.938778747505,4.23557683770919
620.517365353855,89.4166708469982,4.10767954607725
421.7288445672,257.087700030954,3.69664123798071
11.8476400704199,180.61630321904,3.26016073349344
80.4297428424986,107.499927561558,4.39956901073911
615.735016326512,184.457801870945,4.48156659239395
252.962708764961,224.239136829178,4.04015558127715
571.651640253774,431.039616418253,3.80782280581497
303.715519059246,134.28378607905,4.04710046247747
531.674353935597,451.834236665708,3.62670832334697
51.8256606137773,419.015874317555,4.2541420612026
199.826348450692,286.298734795851,4.25206203904642
555.974816677918,262.701324921042,3.96601130749027
173.046458026897,29.6229963240952,4.47132408934074
499.455339186692,334.056918155473,4.62919451990537
37.2644132936483,52.1478334903695,3.89253507455271
534.78074976124,133.748739051465,4.19814789186899
NA,NA,NA
658.756899832443,331.849127683477,3.59496340040672
453.975331178993,297.638083738499,3.61661076438681
11.867344360626,494.697537702914,3.56909571407819
558.280727744596,49.0812551958171,4.27518635023249
72.5638732449776,374.861178684068,3.9871088889128
229.771549186229,417.437009682136,3.85578093489013
429.956716587456,11.5715426453054,3.25972168676687
361.048789310981,290.386774036158,3.12477699711832
602.288913580586,107.489344078849,4.25508581379396
390.91341335173,230.964201012025,4.20872261066953
571.35493163334,404.661242673715,4.71304008383465
137.090466381775,288.080295416045,4.52987703008876
200.417454259671,368.424164970481,3.99856084288341
121.567740426781,413.370027385916,3.48807968573287
629.012362041204,306.399355416595,4.68504266286706
3.06899332313896,143.257184218227,4.15017192691052
540.109608235632,206.256034170752,4.13571826184754
35.4162091372483,495.147256097996,2.95410328748883
274.84388163363,19.0730880775049,3.91486139603525
533.004470062095,393.104672138042,3.61481917838621
75.9166570220256,74.4279423704408,5.28307792282288
3.51672935823289,77.6661391040295,3.64713074459627
588.668106664687,222.641671295168,4.02913304557827
434.247249671736,458.271012550725,4.81750430827368
659.079974453574,373.829119198439,3.09123361698531
106.66754600617,486.938778747505,4.23557683770919
620.517365353855,89.4166708469982,4.10767954607725
421.7288445672,257.087700030954,3.69664123798071
11.8476400704199,180.61630321904,3.26016073349344
80.4297428424986,107.499927561558,4.39956901073911
615.735016326512,184.457801870945,4.48156659239395
252.962708764961,224.239136829178,4.04015558127715
571.651640253774,431.039616418253,3.80782280581497
303.715519059246,134.28378607905,4.04710046247747
531.674353935597,451.834236665708,3.62670832334697
51.8256606137773,419.015874317555,4.2541420612026
199.826348450692,286.298734795851,4.25206203904642
555.974816677918,262.701324921042,3.96601130749027
173.046458026897,29.6229963240952,4.47132408934074
499.455339186692,334.056918155473,4.62919451990537
37.2644132936483,52.1478334903695,3.89253507455271
534.78074976124,133.748739051465,4.19814789186899
NA,NA,NA
658.756899832443,331.849127683477,3.59496340040672
453.975331178993,297.638083738499,3.61661076438681
11.867344360626,494.697537702914,3.56909571407819
558.280727744596,49.0812551958171,4.27518635023249
72.5638732449776,374.861178684068,3.9871088889128
229.771549186229,417.437009682136,3.85578093489013
429.956716587456,11.5715426453054,3.25972168676687
361.048789310981,290.386774036158,3.12477699711832
602.288913580586,107.489344078849,4.25508581379396
390.91341335173,230.964201012025,4.20872261066953
571.35493163334,404.661242673715,4.71304008383465
137.090466381775,288.080295416045,4.52987703008876
200.417454259671,368.424164970481,3.99856084288341
121.567740426781,413.370027385916,3.48807968573287
629.012362041204,306.399355416595,4.68504266286706
3.06899332313896,143.257184218227,4.15017192691052
540.109608235632,206.256034170752,4.13571826184754
35.4162091372483,495.147256097996,2.95410328748883
274.84388163363,19.0730880775049,3.91486139603525
533.004470062095,393.104672138042,3.61481917838621
75.9166570220256,74.4279423704408,5.28307792282288
3.51672935823289,77.6661391040295,3.64713074459627
588.668106664687,222.641671295168,4.02913304557827
434.247249671736,458.271012550725,4.81750430827368
659.079974453574,373.829119198439,3.09123361698531
106.66754600617,486.938778747505,4.23557683770919
620.517365353855,89.4166708469982,4.10767954607725
421.7288445672,257.087700030954,3.69664123798071
11.8476400704199,180.61630321904,3.26016073349344
80.4297428424986,107.499927561558,4.39956901073911
615.735016326512,184.457801870945,4.48156659239395
252.962708764961,224.239136829178,4.04015558127715
571.651640253774,431.039616418253,3.80782280581497
303.715519059246,134.28378607905,4.04710046247747
531.674353935597,451.834236665708,3.62670832334697
51.8256606137773,419.015874317555,4.2541420612026
199.826348450692,286.298734795851,4.25206203904642
555.974816677918,262.701324921042,3.96601130749027
173.046458026897,29.6229963240952,4.47132408934074
499.455339186692,334.056918155473,4.62919451990537
37.2644132936483,52.1478334903695,3.89253507455271
534.78074976124,133.748739051465,4.19814789186899
NA,NA,NA
658.756899832443,331.849127683477,3.59496340040672
453.975331178993,297.638083738499,3.61661076438681
11.867344360626,494.697537702914,3.56909571407819
558.280727744596,49.0812551958171,4.27518635023249
72.5638732449776,374.861178684068,3.9871088889128
229.771549186229,417.437009682136,3.85578093489013
429.956716587456,11.5715426453054,3.25972168676687
361.048789310981,290.386774036158,3.12477699711832
602.288913580586,107.489344078849,4.25508581379396
390.91341335173,230.964201012025,4.20872261066953
571.35493163334,404.661242673715,4.71304008383465
137.090466381775,288.080295416045,4.52987703008876
200.417454259671,368.424164970481,3.99856084288341
121.567740426781,413.370027385916,3.48807968573287
629.012362041204,306.399355416595,4.68504266286706
3.06899332313896,143.257184218227,4.15017192691052
540.109608235632,206.256034170752,4.13571826184754
35.4162091372483,495.147256097996,2.95410328748883
274.84388163363,19.0730880775049,3.91486139603525
533.004470062095,393.104672138042,3.61481917838621
75.9166570220256,74.4279423704408,5.28307792282288
3.51672935823289,77.6661391040295,3.64713074459627
588.668106664687,222.641671295168,4.02913304557827
434.247249671736,458.271012550725,4.81750430827368
659.079974453574,373.829119198439,3.09123361698531
106.66754600617,486.938778747505,4.23557683770919
620.517365353855,89.4166708469982,4.10767954607725
421.7288445672,257.087700030954,3.69664123798071
11.8476400704199,180.61630321904,3.26016073349344
80.4297428424986,107.499927561558,4.39956901073911
615.735016326512,184.457801870945,4.48156659239395
252.962708764961,224.239136829178,4.04015558127715
571.651640253774,431.039616418253,3.80782280581497
303.715519059246,134.28378607905,4.04710046247747
531.674353935597,451.834236665708,3.62670832334697
51.8256606137773,419.015874317555,4.2541420612026
199.826348450692,286.298734795851,4.25206203904642
555.974816677918,262.701324921042,3.96601130749027
173.046458026897,29.6229963240952,4.47132408934074
499.455339186692,334.056918155473,4.62919451990537
37.2644132936483,52.1478334903695,3.89253507455271
534.78074976124,133.748739051465,4.19814789186899
NA,NA,NA
658.756899832443,331.849127683477,3.59496340040672
453.975331178993,297.638083738499,3.61661076438681
11.867344360626,494.697537702914,3.56909571407819
558.280727744596,49.0812551958171,4.27518635023249
72.5638732449776,374.861178684068,3.9871088889128
229.771549186229,417.437009682136,3.85578093489013
429.956716587456,11.5715426453054,3.25972168676687
361.048789310981,290.386774036158,3.12477699711832
602.288913580586,107.489344078849,4.25508581379396
390.91341335173,230.964201012025,4.20872261066953
571.35493163334,404.661242673715,4.71304008383465
137.090466381775,288.080295416045,4.52987703008876
200.417454259671,368.424164970481,3.99856084288341
121.567740426781,413.370027385916,3.48807968573287
629.012362041204,306.399355416595,4.68504266286706
3.06899332313896,143.257184218227,4.15017192691052
540.109608235632,206.256034170752,4.13571826184754
35.4162091372483,495.147256097996,2.95410328748883
274.84388163363,19.0730880775049,3.91486139603525
533.004470062095,393.104672138042,3.61481917838621
75.9166570220256,74.4279423704408,5.28307792282288
3.51672935823289,77.6661391040295,3.64713074459627
588.668106664687,222.641671295168,4.02913304557827
434.247249671736,458.271012550725,4.81750430827368
659.079974453574,373.829119198439,3.09123361698531
106.66754600617,486.938778747505,4.23557683770919
620.517365353855,89.4166708469982,4.10767954607725
421.7288445672,257.087700030954,3.69664123798071
11.8476400704199,180.61630321904,3.26016073349344
80.4297428424986,107.499927561558,4.39956901073911
615.735016326512,184.457801870945,4.48156659239395
252.962708764961,224.239136829178,4.04015558127715
571.651640253774,431.039616418253,3.80782280581497
303.715519059246,134.28378607905,4.04710046247747
531.674353935597,451.834236665708,3.62670832334697
51.8256606137773,419.015874317555,4.2541420612026
199.826348450692,286.298734795851,4.25206203904642
555.974816677918,262.701324921042,3.96601130749027
173.046458026897,29.6229963240952,4.47132408934074
499.455339186692,334.056918155473,4.62919451990537
37.2644132936483,52.1478334903695,3.89253507455271
534.78074976124,133.748739051465,4.19814789186899
NA,NA,NA
658.756899832443,331.849127683477,3.59496340040672
453.975331178993,297.638083738499,3.61661076438681
11.867344360626,494.697537702914,3.56909571407819
558.280727744596,49.0812551958171,4.27518635023249
72.5638732449776,374.861178684068,3.9871088889128
229.771549186229,417.437009682136,3.85578093489013
429.956716587456,11.5715426453054,3.25972168676687
361.048789310981,290.386774036158,3.12477699711832
602.288913580586,107.489344078849,4.25508581379396
390.91341335173,230.964201012025,4.20872261066953
571.35493163334,404.661242673715,4.71304008383465
137.090466381775,288.080295416045,4.52987703008876
200.417454259671,368.424164970481,3.99856084288341
121.567740426781,413.370027385916,3.48807968573287
629.012362041204,306.399355416595,4.68504266286706
3.06899332313896,143.257184218227,4.15017192691052
540.109608235632,206.256034170752,4.13571826184754
35.4162091372483,495.147256097996,2.95410328748883
274.84388163363,19.0730880775049,3.91486139603525
533.004470062095,393.104672138042,3.61481917838621
75.9166570220256,74.4279423704408,5.28307792282288
3.51672935823289,77.6661391040295,3.64713074459627
588.668106664687,222.641671295168,4.02913304557827
434.247249671736,458.271012550725,4.81750430827368
659.079974453574,373.829119198439,3.09123361698531
106.66754600617,486.938778747505,4.23557683770919
620.517365353855,89.4166708469982,4.10767954607725
421.7288445672,257.087700030954,3.69664123798071
11.8476400704199,180.61630321904,3.26016073349344
80.4297428424986,107.499927561558,4.39956901073911
615.735016326512,184.457801870945,4.48156659239395
252.962708764961,224.239136829178,4.04015558127715
571.651640253774,431.039616418253,3.80782280581497
303.715519059246,134.28378607905,4.04710046247747
531.674353935597,451.834236665708,3.62670832334697
51.8256606137773,419.015874317555,4.2541420612026
199.826348450692,286.298734795851,4.25206203904642
555.974816677918,262.701324921042,3.96601130749027
173.046458026897,29.6229963240952,4.47132408934074
499.455339186692,334.056918155473,4.62919451990537
37.2644132936483,52.1478334903695,3.89253507455271
534.78074976124,133.748739051465,4.19814789186899
NA,NA,NA
663.670691615659,335.748372573658,3.49963340130054
455.50808811505,296.171581744053,3.56979162307194
8.66992746989782,498.968031444737,3.55008776117423
562.070349145029,58.3906663640448,4.04767729049816
73.0474304468346,380.969848789403,4.02677731766878
228.383204176295,407.775277699325,3.98913694915832
428.187608557004,13.9332622814475,3.31992947620296
360.864394397068,294.527450553148,3.06196381485084
605.783664745796,100.819888142124,4.31660714999025
390.143543237139,225.561974887633,4.12881047767276
568.016246197729,411.035921529135,4.73401964585663
139.206069373306,286.333223814554,4.61814622031999
200.305848696648,375.155664331542,4.02598362379503
126.15453603257,414.618132976768,3.36741284264115
622.778236846755,309.676593808801,4.51999875700685
-1.89140087348387,146.028350387043,4.24784497199283
544.940406439117,199.156332740535,4.14090207821627
35.1868779121224,492.44081823743,3.00762374302477
279.067267151145,21.0688434024967,3.63963649561627
532.888784040091,394.715119093094,3.30369771566242
68.8367507700843,81.9454558067818,5.23487427524815
5.17141845073338,75.2664418110652,3.50677330565169
584.517149281907,229.488226554182,4.04797119296626
445.245801969438,463.725971500803,4.86073767191328
659.696102273204,373.759742170974,3.17437943452446
107.646726114602,488.812542933897,4.36787186510674
622.046678273942,89.0791281189625,4.09963036780628
419.652924826437,256.933351667558,3.58927532875049
12.8904079554913,182.14777805499,3.36127532980734
64.0131040975958,128.836175775296,4.42805734058263
622.553966734474,206.959088905464,4.49752091452972
260.113380644397,218.411102766964,3.87828796232053
571.128384424605,433.377908422272,3.583333106539
301.439245567747,139.441797718536,3.71000252601464
526.869856247445,455.196460219235,3.51398404287763
39.7019913665128,419.116100022448,4.02256382982861
195.10817780042,287.925914634314,4.42662124042199
543.073289824924,277.340665822304,3.81588324796779
184.653206304487,21.672900086067,4.1597225950055
497.109782275842,336.118966679806,4.09478484685017
37.1643665809544,48.1124934135058,3.4187684625387
526.607613938724,151.129686130205,4.83717678290235
NA,NA,NA
663.670691615659,335.748372573658,3.49963340130054
455.50808811505,296.171581744053,3.56979162307194
8.66992746989782,498.968031444737,3.55008776117423
562.070349145029,58.3906663640448,4.04767729049816
73.0474304468346,380.969848789403,4.02677731766878
228.383204176295,407.775277699325,3.98913694915832
428.187608557004,13.9332622814475,3.31992947620296
360.864394397068,294.527450553148,3.06196381485084
605.783664745796,100.819888142124,4.31660714999025
390.143543237139,225.561974887633,4.12881047767276
568.016246197729,411.035921529135,4.73401964585663
139.206069373306,286.333223814554,4.61814622031999
200.305848696648,375.155664331542,4.02598362379503
126.15453603257,414.618132976768,3.36741284264115
622.778236846755,309.676593808801,4.51999875700685
-1.89140087348387,146.028350387043,4.24784497199283
544.940406439117,199.156332740535,4.14090207821627
35.1868779121224,492.44081823743,3.00762374302477
279.067267151145,21.0688434024967,3.63963649561627
532.888784040091,394.715119093094,3.30369771566242
68.8367507700843,81.9454558067818,5.23487427524815
5.17141845073338,75.2664418110652,3.50677330565169
584.517149281907,229.488226554182,4.04797119296626
445.245801969438,463.725971500803,4.86073767191328
659.696102273204,373.759742170974,3.17437943452446
107.646726114602,488.812542933897,4.36787186510674
622.046678273942,89.0791281189625,4.09963036780628
419.652924826437,256.933351667558,3.58927532875049
12.8904079554913,182.14777805499,3.36127532980734
64.0131040975958,128.836175775296,4.42805734058263
622.553966734474,206.959088905464,4.49752091452972
260.113380644397,218.411102766964,3.87828796232053
571.128384424605,433.377908422272,3.583333106539
301.439245567747,139.441797718536,3.71000252601464
526.869856247445,455.196460219235,3.51398404287763
39.7019913665128,419.116100022448,4.02256382982861
195.10817780042,287.925914634314,4.42662124042199
543.073289824924,277.340665822304,3.81588324796779
184.653206304487,21.672900086067,4.1597225950055
497.109782275842,336.118966679806,4.09478484685017
37.1643665809544,48.1124934135058,3.4187684625387
526.607613938724,151.129686130205,4.83717678290235
NA,NA,NA
663.670691615659,335.748372573658,3.49963340130054
455.50808811505,296.171581744053,3.56979162307194
8.66992746989782,498.968031444737,3.55008776117423
562.070349145029,58.3906663640448,4.04767729049816
73.0474304468346,380.969848789403,4.02677731766878
228.383204176295,407.775277699325,3.98913694915832
428.187608557004,13.9332622814475,3.31992947620296
360.864394397068,294.527450553148,3.06196381485084
605.783664745796,100.819888142124,4.31660714999025
390.143543237139,225.561974887633,4.12881047767276
568.016246197729,411.035921529135,4.73401964585663
139.206069373306,286.333223814554,4.61814622031999
200.305848696648,375.155664331542,4.02598362379503
126.15453603257,414.618132976768,3.36741284264115
622.778236846755,309.676593808801,4.51999875700685
-1.89140087348387,146.028350387043,4.24784497199283
544.940406439117,199.156332740535,4.14090207821627
35.1868779121224,492.44081823743,3.00762374302477
279.067267151145,21.0688434024967,3.63963649561627
532.888784040091,394.715119093094,3.30369771566242
68.8367507700843,81.9454558067818,5.23487427524815
5.17141845073338,75.2664418110652,3.50677330565169
584.517149281907,229.488226554182,4.04797119296626
445.245801969438,463.725971500803,4.86073767191328
659.696102273204,373.759742170974,3.17437943452446
107.646726114602,488.812542933897,4.36787186510674
622.046678273942,89.0791281189625,4.09963036780628
419.652924826437,256.933351667558,3.58927532875049
12.8904079554913,182.14777805499,3.36127532980734
64.0131040975958,128.836175775296,4.42805734058263
622.553966734474,206.959088905464,4.49752091452972
260.113380644397,218.411102766964,3.87828796232053
571.128384424605,433.377908422272,3.583333106539
301.439245567747,139.441797718536,3.71000252601464
526.869856247445,455.196460219235,3.51398404287763
39.7019913665128,419.116100022448,4.02256382982861
195.10817780042,287.925914634314,4.42662124042199
543.073289824924,277.340665822304,3.81588324796779
184.653206304487,21.672900086067,4.1597225950055
497.109782275842,336.118966679806,4.09478484685017
37.1643665809544,48.1124934135058,3.4187684625387
526.607613938724,151.129686130205,4.83717678290235
NA,NA,NA
663.670691615659,335.748372573658,3.49963340130054
455.50808811505,296.171581744053,3.56979162307194
8.66992746989782,498.968031444737,3.55008776117423
562.070349145029,58.3906663640448,4.04767729049816
73.0474304468346,380.969848789403,4.02677731766878
228.383204176295,407.775277699325,3.98913694915832
428.187608557004,13.9332622814475,3.31992947620296
360.864394397068,294.527450553148,3.06196381485084
605.783664745796,100.819888142124,4.31660714999025
390.143543237139,225.561974887633,4.12881047767276
568.016246197729,411.035921529135,4.73401964585663
139.206069373306,286.333223814554,4.61814622031999
200.305848696648,375.155664331542,4.02598362379503
126.15453603257,414.618132976768,3.36741284264115
622.778236846755,309.676593808801,4.51999875700685
-1.89140087348387,146.028350387043,4.24784497199283
544.940406439117,199.156332740535,4.14090207821627
35.1868779121224,492.44081823743,3.00762374302477
279.067267151145,21.0688434024967,3.63963649561627
532.888784040091,394.715119093094,3.30369771566242
68.8367507700843,81.9454558067818,5.23487427524815
5.17141845073338,75.2664418110652,3.50677330565169
584.517149281907,229.488226554182,4.04797119296626
445.245801969438,463.725971500803,4.86073767191328
659.696102273204,373.759742170974,3.17437943452446
107.646726114602,488.812542933897,4.36787186510674
622.046678273942,89.0791281189625,4.09963036780628
419.652924826437,256.933351667558,3.58927532875049
12.8904079554913,182.14777805499,3.36127532980734
64.0131040975958,128.836175775296,4.42805734058263
622.553966734474,206.959088905464,4.49752091452972
260.113380644397,218.411102766964,3.87828796232053
571.128384424605,433.377908422272,3.583333106539
301.439245567747,139.441797718536,3.71000252601464
526.869856247445,455.196460219235,3.51398404287763
39.7019913665128,419.116100022448,4.02256382982861
195.10817780042,287.925914634314,4.42662124042199
543.073289824924,277.340665822304,3.81588324796779
184.653206304487,21.672900086067,4.1597225950055
497.109782275842,336.118966679806,4.09478484685017
37.1643665809544,48.1124934135058,3.4187684625387
526.607613938724,151.129686130205,4.83717678290235
NA,NA,NA
663.670691615659,335.748372573658,3.49963340130054
455.50808811505,296.171581744053,3.56979162307194
8.66992746989782,498.968031444737,3.55008776117423
562.070349145029,58.3906663640448,4.04767729049816
73.0474304468346,380.969848789403,4.02677731766878
228.383204176295,407.775277699325,3.98913694915832
428.187608557004,13.9332622814475,3.31992947620296
360.864394397068,294.527450553148,3.06196381485084
605.783664745796,100.819888142124,4.31660714999025
390.143543237139,225.561974887633,4.12881047767276
568.016246197729,411.035921529135,4.73401964585663
139.206069373306,286.333223814554,4.61814622031999
200.305848696648,375.155664331542,4.02598362379503
126.15453603257,414.618132976768,3.36741284264115
622.778236846755,309.676593808801,4.51999875700685
-1.89140087348387,146.028350387043,4.24784497199283
544.940406439117,199.156332740535,4.14090207821627
35.1868779121224,492.44081823743,3.00762374302477
279.067267151145,21.0688434024967,3.63963649561627
532.888784040091,394.715119093094,3.30369771566242
68.8367507700843,81.9454558067818,5.23487427524815
5.17141845073338,75.2664418110652,3.50677330565169
584.517149281907,229.488226554182,4.04797119296626
445.245801969438,463.725971500803,4.86073767191328
659.696102273204,373.759742170974,3.17437943452446
107.646726114602,488.812542933897,4.36787186510674
622.046678273942,89.0791281189625,4.09963036780628
419.652924826437,256.933351667558,3.58927532875049
12.8904079554913,182.14777805499,3.36127532980734
64.0131040975958,128.836175775296,4.42805734058263
622.553966734474,206.959088905464,4.49752091452972
260.113380644397,218.411102766964,3.87828796232053
571.128384424605,433.377908422272,3.583333106539
301.439245567747,139.441797718536,3.71000252601464
526.869856247445,455.196460219235,3.51398404287763
39.7019913665128,419.116100022448,4.02256382982861
195.10817780042,287.925914634314,4.42662124042199
543.073289824924,277.340665822304,3.81588324796779
184.653206304487,21.672900086067,4.1597225950055
497.109782275842,336.118966679806,4.09478484685017
37.1643665809544,48.1124934135058,3.4187684625387
526.607613938724,151.129686130205,4.83717678290235
NA,NA,NA
663.670691615659,335.748372573658,3.49963340130054
455.50808811505,296.171581744053,3.56979162307194
8.66992746989782,498.968031444737,3.55008776117423
562.070349145029,58.3906663640448,4.04767729049816
73.0474304468346,380.969848789403,4.02677731766878
228.383204176295,407.775277699325,3.98913694915832
428.187608557004,13.9332622814475,3.31992947620296
360.864394397068,294.527450553148,3.06196381485084
605.783664745796,100.819888142124,4.31660714999025
390.143543237139,225.561974887633,4.12881047767276
568.016246197729,411.035921529135,4.73401964585663
139.206069373306,286.333223814554,4.61814622031999
200.305848696648,375.155664331542,4.02598362379503
126.15453603257,414.618132976768,3.36741284264115
622.778236846755,309.676593808801,4.51999875700685
-1.89140087348387,146.028350387043,4.24784497199283
544.940406439117,199.156332740535,4.14090207821627
35.1868779121224,492.44081823743,3.00762374302477
279.067267151145,21.0688434024967,3.63963649561627
532.888784040091,394.715119093094,3.30369771566242
68.8367507700843,81.9454558067818,5.23487427524815
5.17141845073338,75.2664418110652,3.50677330565169
584.517149281907,229.488226554182,4.04797119296626
445.245801969438,463.725971500803,4.86073767191328
659.696102273204,373.759742170974,3.17437943452446
107.646726114602,488.812542933897,4.36787186510674
622.046678273942,89.0791281189625,4.09963036780628
419.652924826437,256.933351667558,3.58927532875049
12.8904079554913,182.14777805499,3.36127532980734
64.0131040975958,128.836175775296,4.42805734058263
622.553966734474,206.959088905464,4.49752091452972
260.113380644397,218.411102766964,3.87828796232053
571.128384424605,433.377908422272,3.583333106539
301.439245567747,139.441797718536,3.71000252601464
526.869856247445,455.196460219235,3.51398404287763
39.7019913665128,419.116100022448,4.02256382982861
195.10817780042,287.925914634314,4.42662124042199
543.073289824924,277.340665822304,3.81588324796779
184.653206304487,21.672900086067,4.1597225950055
497.109782275842,336.118966679806,4.09478484685017
37.1643665809544,48.1124934135058,3.4187684625387
526.607613938724,151.129686130205,4.83717678290235
NA,NA,NA
656.373028367477,333.63343369123,3.62040134504888
456.20214879834,295.10251477422,3.6061094025706
9.34869562228789,496.785619606024,3.52322648048215
558.497259537296,51.0877132904473,4.20342695686242
71.4775847108253,375.744879730975,3.94654752400516
230.138989524607,417.270718049995,3.90836619284612
431.483030300443,12.5259408486707,3.46674980494998
359.93500833501,292.159731217536,3.13385878938796
605.34767392876,107.126023065488,4.15933317623277
396.256021019817,228.885516356036,4.1741048083864
570.856978767309,413.529441738122,4.7423007522659
142.799128638497,274.530600964385,4.58719608880093
194.348743038271,365.935826209337,3.99646433454091
126.032456311472,412.237263300868,3.48321104011266
626.19734759002,307.899319144155,4.41173683405567
4.02059410096292,147.94258804321,4.23470608852585
544.97665108294,199.915437426964,4.12456405809859
34.7543197046018,490.934239698335,3.07929358499458
277.458776735255,22.6766828473378,3.7954686948088
530.483756983873,394.116566881776,3.66955499935803
82.3229229429223,79.9328286657926,5.18907489044351
7.50589869701502,77.7866759535182,3.55352116509424
587.79227517778,225.536155714404,3.98820324929925
441.931944547059,459.765448824968,4.71203054943322
659.480636560125,374.54221243686,3.00042030746774
109.898253961008,484.71574515356,4.40542745361128
626.305856115663,98.52244117268,4.09230123643727
417.818607635015,257.911024081996,3.60040599686629
10.7890465491412,181.394900119035,3.11241021143343
75.1866814247861,115.678272171456,4.6384180488912
614.094256453511,190.860793303409,4.12028673431512
254.299133912091,222.264887096044,3.92078384573105
574.331660410653,436.142089584122,3.7982356280402
304.293191920739,140.148766827009,3.61150050774263
526.678246593097,462.802555068902,3.53866752125469
43.4191838988025,422.661679237562,4.19284878781459
186.006177396037,281.093773810763,3.92059679830185
554.187828472292,257.760793554769,3.44740205072406
179.738259207275,41.9109232673959,4.41248845078077
499.209856111462,335.236291323527,4.31502975232753
33.8474080148728,54.2433623541359,3.44748303250645
537.054806842391,151.562944651889,4.55638112502513
NA,NA,NA
656.373028367477,333.63343369123,3.62040134504888
456.20214879834,295.10251477422,3.6061094025706
9.34869562228789,496.785619606024,3.52322648048215
558.497259537296,51.0877132904473,4.20342695686242
71.4775847108253,375.744879730975,3.94654752400516
230.138989524607,417.270718049995,3.90836619284612
431.483030300443,12.5259408486707,3.46674980494998
359.93500833501,292.159731217536,3.13385878938796
605.34767392876,107.126023065488,4.15933317623277
396.256021019817,228.885516356036,4.1741048083864
570.856978767309,413.529441738122,4.7423007522659
142.799128638497,274.530600964385,4.58719608880093
194.348743038271,365.935826209337,3.99646433454091
126.032456311472,412.237263300868,3.48321104011266
626.19734759002,307.899319144155,4.41173683405567
4.02059410096292,147.94258804321,4.23470608852585
544.97665108294,199.915437426964,4.12456405809859
34.7543197046018,490.934239698335,3.07929358499458
277.458776735255,22.6766828473378,3.7954686948088
530.483756983873,394.116566881776,3.66955499935803
82.3229229429223,79.9328286657926,5.18907489044351
7.50589869701502,77.7866759535182,3.55352116509424
587.79227517778,225.536155714404,3.98820324929925
441.931944547059,459.765448824968,4.71203054943322
659.480636560125,374.54221243686,3.00042030746774
109.898253961008,484.71574515356,4.40542745361128
626.305856115663,98.52244117268,4.09230123643727
417.818607635015,257.911024081996,3.60040599686629
10.7890465491412,181.394900119035,3.11241021143343
75.1866814247861,115.678272171456,4.6384180488912
614.094256453511,190.860793303409,4.12028673431512
254.299133912091,222.264887096044,3.92078384573105
574.331660410653,436.142089584122,3.7982356280402
304.293191920739,140.148766827009,3.61150050774263
526.678246593097,462.802555068902,3.53866752125469
43.4191838988025,422.661679237562,4.19284878781459
186.006177396037,281.093773810763,3.92059679830185
554.187828472292,257.760793554769,3.44740205072406
179.738259207275,41.9109232673959,4.41248845078077
499.209856111462,335.236291323527,4.31502975232753
33.8474080148728,54.2433623541359,3.44748303250645
537.054806842391,151.562944651889,4.55638112502513
NA,NA,NA
656.373028367477,333.63343369123,3.62040134504888
456.20214879834,295.10251477422,3.6061094025706
9.34869562228789,496.785619606024,3.52322648048215
558.497259537296,51.0877132904473,4.20342695686242
71.4775847108253,375.744879730975,3.94654752400516
230.138989524607,417.270718049995,3.90836619284612
431.483030300443,12.5259408486707,3.46674980494998
359.93500833501,292.159731217536,3.13385878938796
605.34767392876,107.126023065488,4.15933317623277
396.256021019817,228.885516356036,4.1741048083864
570.856978767309,413.529441738122,4.7423007522659
142.799128638497,274.530600964385,4.58719608880093
194.348743038271,365.935826209337,3.99646433454091
126.032456311472,412.237263300868,3.48321104011266
626.19734759002,307.899319144155,4.41173683405567
4.02059410096292,147.94258804321,4.23470608852585
544.97665108294,199.915437426964,4.12456405809859
34.7543197046018,490.934239698335,3.07929358499458
277.458776735255,22.6766828473378,3.7954686948088
530.483756983873,394.116566881776,3.66955499935803
82.3229229429223,79.9328286657926,5.18907489044351
7.50589869701502,77.7866759535182,3.55352116509424
587.79227517778,225.536155714404,3.98820324929925
441.931944547059,459.765448824968,4.71203054943322
659.480636560125,374.54221243686,3.00042030746774
109.898253961008,484.71574515356,4.40542745361128
626.305856115663,98.52244117268,4.09230123643727
417.818607635015,257.911024081996,3.60040599686629
10.7890465491412,181.394900119035,3.11241021143343
75.1866814247861,115.678272171456,4.6384180488912
614.094256453511,190.860793303409,4.12028673431512
254.299133912091,222.264887096044,3.92078384573105
574.331660410653,436.142089584122,3.7982356280402
304.293191920739,140.148766827009,3.61150050774263
526.678246593097,462.802555068902,3.53866752125469
43.4191838988025,422.661679237562,4.19284878781459
186.006177396037,281.093773810763,3.92059679830185
554.187828472292,257.760793554769,3.44740205072406
179.738259207275,41.9109232673959,4.41248845078077
499.209856111462,335.236291323527,4.31502975232753
33.8474080148728,54.2433623541359,3.44748303250645
537.054806842391,151.562944651889,4.55638112502513
NA,NA,NA
656.373028367477,333.63343369123,3.62040134504888
456.20214879834,295.10251477422,3.6061094025706
9.34869562228789,496.785619606024,3.52322648048215
558.497259537296,51.0877132904473,4.20342695686242
71.4775847108253,375.744879730975,3.94654752400516
230.138989524607,417.270718049995,3.90836619284612
431.483030300443,12.5259408486707,3.46674980494998
359.93500833501,292.159731217536,3.13385878938796
605.34767392876,107.126023065488,4.15933317623277
396.256021019817,228.885516356036,4.1741048083864
570.856978767309,413.529441738122,4.7423007522659
142.799128638497,274.530600964385,4.58719608880093
194.348743038271,365.935826209337,3.99646433454091
126.032456311472,412.237263300868,3.48321104011266
626.19734759002,307.899319144155,4.41173683405567
4.02059410096292,147.94258804321,4.23470608852585
544.97665108294,199.915437426964,4.12456405809859
34.7543197046018,490.934239698335,3.07929358499458
277.458776735255,22.6766828473378,3.7954686948088
530.483756983873,394.116566881776,3.66955499935803
82.3229229429223,79.9328286657926,5.18907489044351
7.50589869701502,77.7866759535182,3.55352116509424
587.79227517778,225.536155714404,3.98820324929925
441.931944547059,459.765448824968,4.71203054943322
659.480636560125,374.54221243686,3.00042030746774
109.898253961008,484.71574515356,4.40542745361128
626.305856115663,98.52244117268,4.09230123643727
417.818607635015,257.911024081996,3.60040599686629
10.7890465491412,181.394900119035,3.11241021143343
75.1866814247861,115.678272171456,4.6384180488912
614.094256453511,190.860793303409,4.12028673431512
254.299133912091,222.264887096044,3.92078384573105
574.331660410653,436.142089584122,3.7982356280402
304.293191920739,140.148766827009,3.61150050774263
526.678246593097,462.802555068902,3.53866752125469
43.4191838988025,422.661679237562,4.19284878781459
186.006177396037,281.093773810763,3.92059679830185
554.187828472292,257.760793554769,3.44740205072406
179.738259207275,41.9109232673959,4.41248845078077
499.209856111462,335.236291323527,4.31502975232753
33.8474080148728,54.2433623541359,3.44748303250645
537.054806842391,151.562944651889,4.55638112502513
NA,NA,NA
656.373028367477,333.63343369123,3.62040134504888
456.20214879834,295.10251477422,3.6061094025706
9.34869562228789,496.785619606024,3.52322648048215
558.497259537296,51.0877132904473,4.20342695686242
71.4775847108253,375.744879730975,3.94654752400516
230.138989524607,417.270718049995,3.90836619284612
431.483030300443,12.5259408486707,3.46674980494998
359.93500833501,292.159731217536,3.13385878938796
605.34767392876,107.126023065488,4.15933317623277
396.256021019817,228.885516356036,4.1741048083864
570.856978767309,413.529441738122,4.7423007522659
142.799128638497,274.530600964385,4.58719608880093
194.348743038271,365.935826209337,3.99646433454091
126.032456311472,412.237263300868,3.48321104011266
626.19734759002,307.899319144155,4.41173683405567
4.02059410096292,147.94258804321,4.23470608852585
544.97665108294,199.915437426964,4.12456405809859
34.7543197046018,490.934239698335,3.07929358499458
277.458776735255,22.6766828473378,3.7954686948088
530.483756983873,394.116566881776,3.66955499935803
82.3229229429223,79.9328286657926,5.18907489044351
7.50589869701502,77.7866759535182,3.55352116509424
587.79227517778,225.536155714404,3.98820324929925
441.931944547059,459.765448824968,4.71203054943322
659.480636560125,374.54221243686,3.00042030746774
109.898253961008,484.71574515356,4.40542745361128
626.305856115663,98.52244117268,4.09230123643727
417.818607635015,257.911024081996,3.60040599686629
10.7890465491412,181.394900119035,3.11241021143343
75.1866814247861,115.678272171456,4.6384180488912
614.094256453511,190.860793303409,4.12028673431512
254.299133912091,222.264887096044,3.92078384573105
574.331660410653,436.142089584122,3.7982356280402
304.293191920739,140.148766827009,3.61150050774263
526.678246593097,462.802555068902,3.53866752125469
43.4191838988025,422.661679237562,4.19284878781459
186.006177396037,281.093773810763,3.92059679830185
554.187828472292,257.760793554769,3.44740205072406
179.738259207275,41.9109232673959,4.41248845078077
499.209856111462,335.236291323527,4.31502975232753
33.8474080148728,54.2433623541359,3.44748303250645
537.054806842391,151.562944651889,4.55638112502513
NA,NA,NA
656.373028367477,333.63343369123,3.62040134504888
456.20214879834,295.10251477422,3.6061094025706
9.34869562228789,496.785619606024,3.52322648048215
558.497259537296,51.0877132904473,4.20342695686242
71.4775847108253,375.744879730975,3.94654752400516
230.138989524607,417.270718049995,3.90836619284612
431.483030300443,12.5259408486707,3.46674980494998
359.93500833501,292.159731217536,3.13385878938796
605.34767392876,107.126023065488,4.15933317623277
396.256021019817,228.885516356036,4.1741048083864
570.856978767309,413.529441738122,4.7423007522659
142.799128638497,274.530600964385,4.58719608880093
194.348743038271,365.935826209337,3.99646433454091
126.032456311472,412.237263300868,3.48321104011266
626.19734759002,307.899319144155,4.41173683405567
4.02059410096292,147.94258804321,4.23470608852585
544.97665108294,199.915437426964,4.12456405809859
34.7543197046018,490.934239698335,3.07929358499458
277.458776735255,22.6766828473378,3.7954686948088
530.483756983873,394.116566881776,3.66955499935803
82.3229229429223,79.9328286657926,5.18907489044351
7.50589869701502,77.7866759535182,3.55352116509424
587.79227517778,225.536155714404,3.98820324929925
441.931944547059,459.765448824968,4.71203054943322
659.480636560125,374.54221243686,3.00042030746774
109.898253961008,484.71574515356,4.40542745361128
626.305856115663,98.52244117268,4.09230123643727
417.818607635015,257.911024081996,3.60040599686629
10.7890465491412,181.394900119035,3.11241021143343
75.1866814247861,115.678272171456,4.6384180488912
614.094256453511,190.860793303409,4.12028673431512
254.299133912091,222.264887096044,3.92078384573105
574.331660410653,436.142089584122,3.7982356280402
304.293191920739,140.148766827009,3.61150050774263
526.678246593097,462.802555068902,3.53866752125469
43.4191838988025,422.661679237562,4.19284878781459
186.006177396037,281.093773810763,3.92059679830185
554.187828472292,257.760793554769,3.44740205072406
179.738259207275,41.9109232673959,4.41248845078077
499.209856111462,335.236291323527,4.31502975232753
33.8474080148728,54.2433623541359,3.44748303250645
537.054806842391,151.562944651889,4.55638112502513
NA,NA,NA
658.066584417775,330.570988734593,3.52950521484823
455.726917289014,298.774161898884,3.70598965333654
13.3309269074469,488.749518402992,3.53504351575252
559.556003441308,51.3394066420563,4.30213297608244
76.6658240745089,371.085301535698,3.97960545225816
228.599173592249,410.729727889672,4.01468867688837
430.147761710064,11.9118363173752,3.2647206808773
361.030966073262,293.81746878894,3.15017075585826
605.858151307436,103.667627642785,4.25920364120244
392.624433177283,226.390012718455,4.11959585342295
571.803813692711,407.350914496328,4.78921579790721
140.469928772529,281.37866554476,4.67514090528632
196.771252762512,372.586284331732,3.88926821974452
123.756311622558,410.759174071595,3.50970618385229
631.641022480024,313.955836060566,4.5541479167722
1.34667687021489,146.827697604083,4.20421827558089
544.309571426678,202.884139072851,4.07018524870316
34.0832172896866,488.738946565784,3.06441014666764
281.16403274937,21.7885153911733,3.89158139410876
534.98106603695,392.756343188903,3.44429241840253
69.272323782135,78.3305230252662,5.17913421828554
6.5802716633414,76.6945931376281,3.49890701307683
592.124431452335,225.142656278205,4.13543609416207
441.729365416676,452.425231146485,4.66500706556447
659.383386784714,371.596270248004,3.02436008832883
111.362515777385,483.740558822466,4.22244570949053
630.815466952587,88.1304442677575,4.08361584972788
423.584498085522,257.466944978086,3.76566436775172
12.511892887462,181.508355757682,3.18801229360237
72.1868409476659,119.684679455888,4.46099210659475
594.251502762645,198.706750723096,4.42594270042471
262.299101762025,218.089547416521,4.036248384586
571.636519211803,428.614891655618,3.57000680565243
300.898702641339,140.995899340304,3.80883285223126
543.640297687,457.855962267259,3.51679633224402
52.6422370772136,430.720994594114,3.95835140594686
191.213112477166,293.990992298186,3.9744332743221
554.73922462455,260.314450697009,3.54830741992521
168.842554005589,40.5638994088357,4.23677527391756
492.663594992843,339.964718416042,4.5467881018601
34.575514366175,45.1113743418299,3.38318707766408
529.17248206372,152.773119616577,4.55704491900993
NA,NA,NA
658.066584417775,330.570988734593,3.52950521484823
455.726917289014,298.774161898884,3.70598965333654
13.3309269074469,488.749518402992,3.53504351575252
559.556003441308,51.3394066420563,4.30213297608244
76.6658240745089,371.085301535698,3.97960545225816
228.599173592249,410.729727889672,4.01468867688837
430.147761710064,11.9118363173752,3.2647206808773
361.030966073262,293.81746878894,3.15017075585826
605.858151307436,103.667627642785,4.25920364120244
392.624433177283,226.390012718455,4.11959585342295
571.803813692711,407.350914496328,4.78921579790721
140.469928772529,281.37866554476,4.67514090528632
196.771252762512,372.586284331732,3.88926821974452
123.756311622558,410.759174071595,3.50970618385229
631.641022480024,313.955836060566,4.5541479167722
1.34667687021489,146.827697604083,4.20421827558089
544.309571426678,202.884139072851,4.07018524870316
34.0832172896866,488.738946565784,3.06441014666764
281.16403274937,21.7885153911733,3.89158139410876
534.98106603695,392.756343188903,3.44429241840253
69.272323782135,78.3305230252662,5.17913421828554
6.5802716633414,76.6945931376281,3.49890701307683
592.124431452335,225.142656278205,4.13543609416207
441.729365416676,452.425231146485,4.66500706556447
659.383386784714,371.596270248004,3.02436008832883
111.362515777385,483.740558822466,4.22244570949053
630.815466952587,88.1304442677575,4.08361584972788
423.584498085522,257.466944978086,3.76566436775172
12.511892887462,181.508355757682,3.18801229360237
72.1868409476659,119.684679455888,4.46099210659475
594.251502762645,198.706750723096,4.42594270042471
262.299101762025,218.089547416521,4.036248384586
571.636519211803,428.614891655618,3.57000680565243
300.898702641339,140.995899340304,3.80883285223126
543.640297687,457.855962267259,3.51679633224402
52.6422370772136,430.720994594114,3.95835140594686
191.213112477166,293.990992298186,3.9744332743221
554.73922462455,260.314450697009,3.54830741992521
168.842554005589,40.5638994088357,4.23677527391756
492.663594992843,339.964718416042,4.5467881018601
34.575514366175,45.1113743418299,3.38318707766408
529.17248206372,152.773119616577,4.55704491900993
NA,NA,NA
658.066584417775,330.570988734593,3.52950521484823
455.726917289014,298.774161898884,3.70598965333654
13.3309269074469,488.749518402992,3.53504351575252
559.556003441308,51.3394066420563,4.30213297608244
76.6658240745089,371.085301535698,3.97960545225816
228.599173592249,410.729727889672,4.01468867688837
430.147761710064,11.9118363173752,3.2647206808773
361.030966073262,293.81746878894,3.15017075585826
605.858151307436,103.667627642785,4.25920364120244
392.624433177283,226.390012718455,4.11959585342295
571.803813692711,407.350914496328,4.78921579790721
140.469928772529,281.37866554476,4.67514090528632
196.771252762512,372.586284331732,3.88926821974452
123.756311622558,410.759174071595,3.50970618385229
631.641022480024,313.955836060566,4.5541479167722
1.34667687021489,146.827697604083,4.20421827558089
544.309571426678,202.884139072851,4.07018524870316
34.0832172896866,488.738946565784,3.06441014666764
281.16403274937,21.7885153911733,3.89158139410876
534.98106603695,392.756343188903,3.44429241840253
69.272323782135,78.3305230252662,5.17913421828554
6.5802716633414,76.6945931376281,3.49890701307683
592.124431452335,225.142656278205,4.13543609416207
441.729365416676,452.425231146485,4.66500706556447
659.383386784714,371.596270248004,3.02436008832883
111.362515777385,483.740558822466,4.22244570949053
630.815466952587,88.1304442677575,4.08361584972788
423.584498085522,257.466944978086,3.76566436775172
12.511892887462,181.508355757682,3.18801229360237
72.1868409476659,119.684679455888,4.46099210659475
594.251502762645,198.706750723096,4.42594270042471
262.299101762025,218.089547416521,4.036248384586
571.636519211803,428.614891655618,3.57000680565243
300.898702641339,140.995899340304,3.80883285223126
543.640297687,457.855962267259,3.51679633224402
52.6422370772136,430.720994594114,3.95835140594686
191.213112477166,293.990992298186,3.9744332743221
554.73922462455,260.314450697009,3.54830741992521
168.842554005589,40.5638994088357,4.23677527391756
492.663594992843,339.964718416042,4.5467881018601
34.575514366175,45.1113743418299,3.38318707766408
529.17248206372,152.773119616577,4.55704491900993
NA,NA,NA
658.066584417775,330.570988734593,3.52950521484823
455.726917289014,298.774161898884,3.70598965333654
13.3309269074469,488.749518402992,3.53504351575252
559.556003441308,51.3394066420563,4.30213297608244
76.6658240745089,371.085301535698,3.97960545225816
228.599173592249,410.729727889672,4.01468867688837
430.147761710064,11.9118363173752,3.2647206808773
361.030966073262,293.81746878894,3.15017075585826
605.858151307436,103.667627642785,4.25920364120244
392.624433177283,226.390012718455,4.11959585342295
571.803813692711,407.350914496328,4.78921579790721
140.469928772529,281.37866554476,4.67514090528632
196.771252762512,372.586284331732,3.88926821974452
123.756311622558,410.759174071595,3.50970618385229
631.641022480024,313.955836060566,4.5541479167722
1.34667687021489,146.827697604083,4.20421827558089
544.309571426678,202.884139072851,4.07018524870316
34.0832172896866,488.738946565784,3.06441014666764
281.16403274937,21.7885153911733,3.89158139410876
534.98106603695,392.756343188903,3.44429241840253
69.272323782135,78.3305230252662,5.17913421828554
6.5802716633414,76.6945931376281,3.49890701307683
592.124431452335,225.142656278205,4.13543609416207
441.729365416676,452.425231146485,4.66500706556447
659.383386784714,371.596270248004,3.02436008832883
111.362515777385,483.740558822466,4.22244570949053
630.815466952587,88.1304442677575,4.08361584972788
423.584498085522,257.466944978086,3.76566436775172
12.511892887462,181.508355757682,3.18801229360237
72.1868409476659,119.684679455888,4.46099210659475
594.251502762645,198.706750723096,4.42594270042471
262.299101762025,218.089547416521,4.036248384586
571.636519211803,428.614891655618,3.57000680565243
300.898702641339,140.995899340304,3.80883285223126
543.640297687,457.855962267259,3.51679633224402
52.6422370772136,430.720994594114,3.95835140594686
191.213112477166,293.990992298186,3.9744332743221
554.73922462455,260.314450697009,3.54830741992521
168.842554005589,40.5638994088357,4.23677527391756
492.663594992843,339.964718416042,4.5467881018601
34.575514366175,45.1113743418299,3.38318707766408
529.17248206372,152.773119616577,4.55704491900993
NA,NA,NA
658.066584417775,330.570988734593,3.52950521484823
455.726917289014,298.774161898884,3.70598965333654
13.3309269074469,488.749518402992,3.53504351575252
559.556003441308,51.3394066420563,4.30213297608244
76.6658240745089,371.085301535698,3.97960545225816
228.599173592249,410.729727889672,4.01468867688837
430.147761710064,11.9118363173752,3.2647206808773
361.030966073262,293.81746878894,3.15017075585826
605.858151307436,103.667627642785,4.25920364120244
392.624433177283,226.390012718455,4.11959585342295
571.803813692711,407.350914496328,4.78921579790721
140.469928772529,281.37866554476,4.67514090528632
196.771252762512,372.586284331732,3.88926821974452
123.756311622558,410.759174071595,3.50970618385229
631.641022480024,313.955836060566,4.5541479167722
1.34667687021489,146.827697604083,4.20421827558089
544.309571426678,202.884139072851,4.07018524870316
34.0832172896866,488.738946565784,3.06441014666764
281.16403274937,21.7885153911733,3.89158139410876
534.98106603695,392.756343188903,3.44429241840253
69.272323782135,78.3305230252662,5.17913421828554
6.5802716633414,76.6945931376281,3.49890701307683
592.124431452335,225.142656278205,4.13543609416207
441.729365416676,452.425231146485,4.66500706556447
659.383386784714,371.596270248004,3.02436008832883
111.362515777385,483.740558822466,4.22244570949053
630.815466952587,88.1304442677575,4.08361584972788
423.584498085522,257.466944978086,3.76566436775172
12.511892887462,181.508355757682,3.18801229360237
72.1868409476659,119.684679455888,4.46099210659475
594.251502762645,198.706750723096,4.42594270042471
262.299101762025,218.089547416521,4.036248384586
571.636519211803,428.614891655618,3.57000680565243
300.898702641339,140.995899340304,3.80883285223126
543.640297687,457.855962267259,3.51679633224402
52.6422370772136,430.720994594114,3.95835140594686
191.213112477166,293.990992298186,3.9744332743221
554.73922462455,260.314450697009,3.54830741992521
168.842554005589,40.5638994088357,4.23677527391756
492.663594992843,339.964718416042,4.5467881018601
34.575514366175,45.1113743418299,3.38318707766408
529.17248206372,152.773119616577,4.55704491900993
NA,NA,NA
658.066584417775,330.570988734593,3.52950521484823
455.726917289014,298.774161898884,3.70598965333654
13.3309269074469,488.749518402992,3.53504351575252
559.556003441308,51.3394066420563,4.30213297608244
76.6658240745089,371.085301535698,3.97960545225816
228.599173592249,410.729727889672,4.01468867688837
430.147761710064,11.9118363173752,3.2647206808773
361.030966073262,293.81746878894,3.15017075585826
605.858151307436,103.667627642785,4.25920364120244
392.624433177283,226.390012718455,4.11959585342295
571.803813692711,407.350914496328,4.78921579790721
140.469928772529,281.37866554476,4.67514090528632
196.771252762512,372.586284331732,3.88926821974452
123.756311622558,410.759174071595,3.50970618385229
631.641022480024,313.955836060566,4.5541479167722
1.34667687021489,146.827697604083,4.20421827558089
544.309571426678,202.884139072851,4.07018524870316
34.0832172896866,488.738946565784,3.06441014666764
281.16403274937,21.7885153911733,3.89158139410876
534.98106603695,392.756343188903,3.44429241840253
69.272323782135,78.3305230252662,5.17913421828554
6.5802716633414,76.6945931376281,3.49890701307683
592.124431452335,225.142656278205,4.13543609416207
441.729365416676,452.425231146485,4.66500706556447
659.383386784714,371.596270248004,3.02436008832883
111.362515777385,483.740558822466,4.22244570949053
630.815466952587,88.1304442677575,4.08361584972788
423.584498085522,257.466944978086,3.76566436775172
12.511892887462,181.508355757682,3.18801229360237
72.1868409476659,119.684679455888,4.46099210659475
594.251502762645,198.706750723096,4.42594270042471
262.299101762025,218.089547416521,4.036248384586
571.636519211803,428.614891655618,3.57000680565243
300.898702641339,140.995899340304,3.80883285223126
543.640297687,457.855962267259,3.51679633224402
52.6422370772136,430.720994594114,3.95835140594686
191.213112477166,293.990992298186,3.9744332743221
554.73922462455,260.314450697009,3.54830741992521
168.842554005589,40.5638994088357,4.23677527391756
492.663594992843,339.964718416042,4.5467881018601
34.575514366175,45.1113743418299,3.38318707766408
529.17248206372,152.773119616577,4.55704491900993
NA,NA,NA
664.070995167553,339.042238737623,3.42941621624092
455.49788923685,301.238888352958,3.72965031711738
11.8440788115801,492.043340992919,3.51047298303978
565.991737073231,54.923939323554,4.25084739687677
71.494281406209,376.040720395777,4.12007744366294
229.485462637592,414.247515269639,3.86377662921434
426.65612871463,13.9916725386916,3.32939585922486
360.617028910157,295.397965873807,3.00538902118379
604.519968170865,107.074751341566,4.22631880499538
389.816969543666,229.229097977746,4.30787511317755
564.298116380928,408.671299088016,4.7872299035267
134.1681830283,281.861516923218,4.53875114717951
195.145012448703,369.949853211564,4.04613643776696
126.662184628579,410.420943830459,3.42277612369519
624.59338901186,315.95276661911,4.71426341871871
7.70149488860633,151.043114388676,4.31106899740316
545.603439011855,200.238236616587,4.08854787931164
33.2754217890946,489.499931951547,2.9358040832706
281.445858100156,19.5618494348109,3.80984320871122
533.439311458585,390.421361552161,3.52459959737198
77.4175261495621,72.6754785136215,5.14497725827333
2.11794800318147,72.7970892720405,3.52375568892153
586.524446652979,226.354362039647,3.99293238938206
440.429339782203,466.114761158611,4.77287053853545
657.957186204344,374.606783581426,3.0600930856359
104.381561664815,493.367996564451,4.36918695772347
626.597633598807,89.0358566658951,4.10436777361883
418.468182359335,259.089459642544,3.64662486813636
11.0910273405899,182.787747867194,3.14763490342923
66.0567168944254,114.127186346594,4.42095634869983
615.471012168974,194.150073173344,4.16562515681265
257.910097560716,217.718474544775,4.05606738497869
567.007039703229,437.85811027264,3.97377707386999
302.583584475637,138.226856117861,3.74569417669059
528.586426206841,453.630999912515,3.35217465432857
52.5844179138032,418.441780671746,3.89814782253639
203.498362451559,291.194071675945,3.77889680146687
557.049239222526,259.898952290055,3.80253576826711
183.867792622002,21.4207505806592,4.42890220962494
494.416297759272,345.396650697751,4.33989642735871
39.4451771534086,50.4292819339616,3.98928287202966
522.245088521007,129.768591618691,4.77866722539747
NA,NA,NA
664.070995167553,339.042238737623,3.42941621624092
455.49788923685,301.238888352958,3.72965031711738
11.8440788115801,492.043340992919,3.51047298303978
565.991737073231,54.923939323554,4.25084739687677
71.494281406209,376.040720395777,4.12007744366294
229.485462637592,414.247515269639,3.86377662921434
426.65612871463,13.9916725386916,3.32939585922486
360.617028910157,295.397965873807,3.00538902118379
604.519968170865,107.074751341566,4.22631880499538
389.816969543666,229.229097977746,4.30787511317755
564.298116380928,408.671299088016,4.7872299035267
134.1681830283,281.861516923218,4.53875114717951
195.145012448703,369.949853211564,4.04613643776696
126.662184628579,410.420943830459,3.42277612369519
624.59338901186,315.95276661911,4.71426341871871
7.70149488860633,151.043114388676,4.31106899740316
545.603439011855,200.238236616587,4.08854787931164
33.2754217890946,489.499931951547,2.9358040832706
281.445858100156,19.5618494348109,3.80984320871122
533.439311458585,390.421361552161,3.52459959737198
77.4175261495621,72.6754785136215,5.14497725827333
2.11794800318147,72.7970892720405,3.52375568892153
586.524446652979,226.354362039647,3.99293238938206
440.429339782203,466.114761158611,4.77287053853545
657.957186204344,374.606783581426,3.0600930856359
104.381561664815,493.367996564451,4.36918695772347
626.597633598807,89.0358566658951,4.10436777361883
418.468182359335,259.089459642544,3.64662486813636
11.0910273405899,182.787747867194,3.14763490342923
66.0567168944254,114.127186346594,4.42095634869983
615.471012168974,194.150073173344,4.16562515681265
257.910097560716,217.718474544775,4.05606738497869
567.007039703229,437.85811027264,3.97377707386999
302.583584475637,138.226856117861,3.74569417669059
528.586426206841,453.630999912515,3.35217465432857
52.5844179138032,418.441780671746,3.89814782253639
203.498362451559,291.194071675945,3.77889680146687
557.049239222526,259.898952290055,3.80253576826711
183.867792622002,21.4207505806592,4.42890220962494
494.416297759272,345.396650697751,4.33989642735871
39.4451771534086,50.4292819339616,3.98928287202966
522.245088521007,129.768591618691,4.77866722539747
NA,NA,NA
664.070995167553,339.042238737623,3.42941621624092
455.49788923685,301.238888352958,3.72965031711738
11.8440788115801,492.043340992919,3.51047298303978
565.991737073231,54.923939323554,4.25084739687677
71.494281406209,376.040720395777,4.12007744366294
229.485462637592,414.247515269639,3.86377662921434
426.65612871463,13.9916725386916,3.32939585922486
360.617028910157,295.397965873807,3.00538902118379
604.519968170865,107.074751341566,4.22631880499538
389.816969543666,229.229097977746,4.30787511317755
564.298116380928,408.671299088016,4.7872299035267
134.1681830283,281.861516923218,4.53875114717951
195.145012448703,369.949853211564,4.04613643776696
126.662184628579,410.420943830459,3.42277612369519
624.59338901186,315.95276661911,4.71426341871871
7.70149488860633,151.043114388676,4.31106899740316
545.603439011855,200.238236616587,4.08854787931164
33.2754217890946,489.499931951547,2.9358040832706
281.445858100156,19.5618494348109,3.80984320871122
533.439311458585,390.421361552161,3.52459959737198
77.4175261495621,72.6754785136215,5.14497725827333
2.11794800318147,72.7970892720405,3.52375568892153
586.524446652979,226.354362039647,3.99293238938206
440.429339782203,466.114761158611,4.77287053853545
657.957186204344,374.606783581426,3.0600930856359
104.381561664815,493.367996564451,4.36918695772347
626.597633598807,89.0358566658951,4.10436777361883
418.468182359335,259.089459642544,3.64662486813636
11.0910273405899,182.787747867194,3.14763490342923
66.0567168944254,114.127186346594,4.42095634869983
615.471012168974,194.150073173344,4.16562515681265
257.910097560716,217.718474544775,4.05606738497869
567.007039703229,437.85811027264,3.97377707386999
302.583584475637,138.226856117861,3.74569417669059
528.586426206841,453.630999912515,3.35217465432857
52.5844179138032,418.441780671746,3.89814782253639
203.498362451559,291.194071675945,3.77889680146687
557.049239222526,259.898952290055,3.80253576826711
183.867792622002,21.4207505806592,4.42890220962494
494.416297759272,345.396650697751,4.33989642735871
39.4451771534086,50.4292819339616,3.98928287202966
522.245088521007,129.768591618691,4.77866722539747
NA,NA,NA
664.070995167553,339.042238737623,3.42941621624092
455.49788923685,301.238888352958,3.72965031711738
11.8440788115801,492.043340992919,3.51047298303978
565.991737073231,54.923939323554,4.25084739687677
71.494281406209,376.040720395777,4.12007744366294
229.485462637592,414.247515269639,3.86377662921434
426.65612871463,13.9916725386916,3.32939585922486
360.617028910157,295.397965873807,3.00538902118379
604.519968170865,107.074751341566,4.22631880499538
389.816969543666,229.229097977746,4.30787511317755
564.298116380928,408.671299088016,4.7872299035267
134.1681830283,281.861516923218,4.53875114717951
195.145012448703,369.949853211564,4.04613643776696
126.662184628579,410.420943830459,3.42277612369519
624.59338901186,315.95276661911,4.71426341871871
7.70149488860633,151.043114388676,4.31106899740316
545.603439011855,200.238236616587,4.08854787931164
33.2754217890946,489.499931951547,2.9358040832706
281.445858100156,19.5618494348109,3.80984320871122
533.439311458585,390.421361552161,3.52459959737198
77.4175261495621,72.6754785136215,5.14497725827333
2.11794800318147,72.7970892720405,3.52375568892153
586.524446652979,226.354362039647,3.99293238938206
440.429339782203,466.114761158611,4.77287053853545
657.957186204344,374.606783581426,3.0600930856359
104.381561664815,493.367996564451,4.36918695772347
626.597633598807,89.0358566658951,4.10436777361883
418.468182359335,259.089459642544,3.64662486813636
11.0910273405899,182.787747867194,3.14763490342923
66.0567168944254,114.127186346594,4.42095634869983
615.471012168974,194.150073173344,4.16562515681265
257.910097560716,217.718474544775,4.05606738497869
567.007039703229,437.85811027264,3.97377707386999
302.583584475637,138.226856117861,3.74569417669059
528.586426206841,453.630999912515,3.35217465432857
52.5844179138032,418.441780671746,3.89814782253639
203.498362451559,291.194071675945,3.77889680146687
557.049239222526,259.898952290055,3.80253576826711
183.867792622002,21.4207505806592,4.42890220962494
494.416297759272,345.396650697751,4.33989642735871
39.4451771534086,50.4292819339616,3.98928287202966
522.245088521007,129.768591618691,4.77866722539747
NA,NA,NA
664.070995167553,339.042238737623,3.42941621624092
455.49788923685,301.238888352958,3.72965031711738
11.8440788115801,492.043340992919,3.51047298303978
565.991737073231,54.923939323554,4.25084739687677
71.494281406209,376.040720395777,4.12007744366294
229.485462637592,414.247515269639,3.86377662921434
426.65612871463,13.9916725386916,3.32939585922486
360.617028910157,295.397965873807,3.00538902118379
604.519968170865,107.074751341566,4.22631880499538
389.816969543666,229.229097977746,4.30787511317755
564.298116380928,408.671299088016,4.7872299035267
134.1681830283,281.861516923218,4.53875114717951
195.145012448703,369.949853211564,4.04613643776696
126.662184628579,410.420943830459,3.42277612369519
624.59338901186,315.95276661911,4.71426341871871
7.70149488860633,151.043114388676,4.31106899740316
545.603439011855,200.238236616587,4.08854787931164
33.2754217890946,489.499931951547,2.9358040832706
281.445858100156,19.5618494348109,3.80984320871122
533.439311458585,390.421361552161,3.52459959737198
77.4175261495621,72.6754785136215,5.14497725827333
2.11794800318147,72.7970892720405,3.52375568892153
586.524446652979,226.354362039647,3.99293238938206
440.429339782203,466.114761158611,4.77287053853545
657.957186204344,374.606783581426,3.0600930856359
104.381561664815,493.367996564451,4.36918695772347
626.597633598807,89.0358566658951,4.10436777361883
418.468182359335,259.089459642544,3.64662486813636
11.0910273405899,182.787747867194,3.14763490342923
66.0567168944254,114.127186346594,4.42095634869983
615.471012168974,194.150073173344,4.16562515681265
257.910097560716,217.718474544775,4.05606738497869
567.007039703229,437.85811027264,3.97377707386999
302.583584475637,138.226856117861,3.74569417669059
528.586426206841,453.630999912515,3.35217465432857
52.5844179138032,418.441780671746,3.89814782253639
203.498362451559,291.194071675945,3.77889680146687
557.049239222526,259.898952290055,3.80253576826711
183.867792622002,21.4207505806592,4.42890220962494
494.416297759272,345.396650697751,4.33989642735871
39.4451771534086,50.4292819339616,3.98928287202966
522.245088521007,129.768591618691,4.77866722539747
NA,NA,NA
664.070995167553,339.042238737623,3.42941621624092
455.49788923685,301.238888352958,3.72965031711738
11.8440788115801,492.043340992919,3.51047298303978
565.991737073231,54.923939323554,4.25084739687677
71.494281406209,376.040720395777,4.12007744366294
229.485462637592,414.247515269639,3.86377662921434
426.65612871463,13.9916725386916,3.32939585922486
360.617028910157,295.397965873807,3.00538902118379
604.519968170865,107.074751341566,4.22631880499538
389.816969543666,229.229097977746,4.30787511317755
564.298116380928,408.671299088016,4.7872299035267
134.1681830283,281.861516923218,4.53875114717951
195.145012448703,369.949853211564,4.04613643776696
126.662184628579,410.420943830459,3.42277612369519
624.59338901186,315.95276661911,4.71426341871871
7.70149488860633,151.043114388676,4.31106899740316
545.603439011855,200.238236616587,4.08854787931164
33.2754217890946,489.499931951547,2.9358040832706
281.445858100156,19.5618494348109,3.80984320871122
533.439311458585,390.421361552161,3.52459959737198
77.4175261495621,72.6754785136215,5.14497725827333
2.11794800318147,72.7970892720405,3.52375568892153
586.524446652979,226.354362039647,3.99293238938206
440.429339782203,466.114761158611,4.77287053853545
657.957186204344,374.606783581426,3.0600930856359
104.381561664815,493.367996564451,4.36918695772347
626.597633598807,89.0358566658951,4.10436777361883
418.468182359335,259.089459642544,3.64662486813636
11.0910273405899,182.787747867194,3.14763490342923
66.0567168944254,114.127186346594,4.42095634869983
615.471012168974,194.150073173344,4.16562515681265
257.910097560716,217.718474544775,4.05606738497869
567.007039703229,437.85811027264,3.97377707386999
302.583584475637,138.226856117861,3.74569417669059
528.586426206841,453.630999912515,3.35217465432857
52.5844179138032,418.441780671746,3.89814782253639
203.498362451559,291.194071675945,3.77889680146687
557.049239222526,259.898952290055,3.80253576826711
183.867792622002,21.4207505806592,4.42890220962494
494.416297759272,345.396650697751,4.33989642735871
39.4451771534086,50.4292819339616,3.98928287202966
522.245088521007,129.768591618691,4.77866722539747
NA,NA,NA
661.222878736521,332.270256902923,3.63047957188431
456.603181842393,297.20399825614,3.63176033471924
7.35006648446561,496.45840306343,3.53575185749739
563.430906254782,50.8235246094049,4.2410463847642
72.0159758973192,375.544163153575,3.90953633490092
230.384464427737,415.581905721426,3.88728214558214
427.371652942783,14.0390387441771,3.30121760433185
360.273758208049,291.803048878101,3.15012006387701
601.972057781906,101.664483397441,4.23159264689727
393.717326522982,228.516378583487,4.13917035841447
566.704790777729,406.166383924008,4.71304613831126
134.258812531054,284.413369037924,4.52329064298292
200.228521911611,367.622361891671,4.01951963947174
127.827403794528,407.655042682642,3.45897335302947
621.911695307205,312.758697952107,4.43729896343975
-0.154650231788304,150.077163305386,4.24897897557853
544.086597860332,201.254814072904,4.21167757098829
35.4554800581542,491.072417565008,2.99573800210332
278.956607537396,18.9890012828357,3.62179717739728
533.853613524672,393.039219250606,3.24663646291985
67.9042042309603,74.2850889419895,5.17715354036681
0.890678921520019,78.7849817838558,3.46032085382381
590.180353459839,223.673640600841,4.03914041191016
443.513975320925,465.491485711529,4.79766061290407
659.564568397472,375.335467356059,3.38072420658327
107.663559275983,491.428751503852,4.31256381541528
630.242849212092,91.9373902328301,4.0890612125246
419.80404267179,257.812751847327,3.60830279176111
9.88434968501135,181.550407336109,3.06948864456013
60.3145631719432,115.28752817516,4.41803659080325
622.401223924903,210.17198238424,4.5696496622008
252.811515013838,226.479871694287,3.84646447135998
568.450407947707,439.675456620487,3.88254396178378
304.346320110041,140.788346957336,3.91018862198471
524.877048934808,463.379372684349,3.3459586284941
53.5584812102938,409.420886448605,3.77259760987744
203.397645571959,292.060175744232,4.04047446939161
555.432525750843,268.394549752707,3.80425031091884
161.044084151238,10.027032654096,4.40062505340812
503.121981352386,349.316177923182,4.5785913950534
45.102803159056,58.3825187269943,4.33260158028258
522.254096896593,157.498344397603,4.30445430189712
NA,NA,NA
661.222878736521,332.270256902923,3.63047957188431
456.603181842393,297.20399825614,3.63176033471924
7.35006648446561,496.45840306343,3.53575185749739
563.430906254782,50.8235246094049,4.2410463847642
72.0159758973192,375.544163153575,3.90953633490092
230.384464427737,415.581905721426,3.88728214558214
427.371652942783,14.0390387441771,3.30121760433185
360.273758208049,291.803048878101,3.15012006387701
601.972057781906,101.664483397441,4.23159264689727
393.717326522982,228.516378583487,4.13917035841447
566.704790777729,406.166383924008,4.71304613831126
134.258812531054,284.413369037924,4.52329064298292
200.228521911611,367.622361891671,4.01951963947174
127.827403794528,407.655042682642,3.45897335302947
621.911695307205,312.758697952107,4.43729896343975
-0.154650231788304,150.077163305386,4.24897897557853
544.086597860332,201.254814072904,4.21167757098829
35.4554800581542,491.072417565008,2.99573800210332
278.956607537396,18.9890012828357,3.62179717739728
533.853613524672,393.039219250606,3.24663646291985
67.9042042309603,74.2850889419895,5.17715354036681
0.890678921520019,78.7849817838558,3.46032085382381
590.180353459839,223.673640600841,4.03914041191016
443.513975320925,465.491485711529,4.79766061290407
659.564568397472,375.335467356059,3.38072420658327
107.663559275983,491.428751503852,4.31256381541528
630.242849212092,91.9373902328301,4.0890612125246
419.80404267179,257.812751847327,3.60830279176111
9.88434968501135,181.550407336109,3.06948864456013
60.3145631719432,115.28752817516,4.41803659080325
622.401223924903,210.17198238424,4.5696496622008
252.811515013838,226.479871694287,3.84646447135998
568.450407947707,439.675456620487,3.88254396178378
304.346320110041,140.788346957336,3.91018862198471
524.877048934808,463.379372684349,3.3459586284941
53.5584812102938,409.420886448605,3.77259760987744
203.397645571959,292.060175744232,4.04047446939161
555.432525750843,268.394549752707,3.80425031091884
161.044084151238,10.027032654096,4.40062505340812
503.121981352386,349.316177923182,4.5785913950534
45.102803159056,58.3825187269943,4.33260158028258
522.254096896593,157.498344397603,4.30445430189712
NA,NA,NA
661.222878736521,332.270256902923,3.63047957188431
456.603181842393,297.20399825614,3.63176033471924
7.35006648446561,496.45840306343,3.53575185749739
563.430906254782,50.8235246094049,4.2410463847642
72.0159758973192,375.544163153575,3.90953633490092
230.384464427737,415.581905721426,3.88728214558214
427.371652942783,14.0390387441771,3.30121760433185
360.273758208049,291.803048878101,3.15012006387701
601.972057781906,101.664483397441,4.23159264689727
393.717326522982,228.516378583487,4.13917035841447
566.704790777729,406.166383924008,4.71304613831126
134.258812531054,284.413369037924,4.52329064298292
200.228521911611,367.622361891671,4.01951963947174
127.827403794528,407.655042682642,3.45897335302947
621.911695307205,312.758697952107,4.43729896343975
-0.154650231788304,150.077163305386,4.24897897557853
544.086597860332,201.254814072904,4.21167757098829
35.4554800581542,491.072417565008,2.99573800210332
278.956607537396,18.9890012828357,3.62179717739728
533.853613524672,393.039219250606,3.24663646291985
67.9042042309603,74.2850889419895,5.17715354036681
0.890678921520019,78.7849817838558,3.46032085382381
590.180353459839,223.673640600841,4.03914041191016
443.513975320925,465.491485711529,4.79766061290407
659.564568397472,375.335467356059,3.38072420658327
107.663559275983,491.428751503852,4.31256381541528
630.242849212092,91.9373902328301,4.0890612125246
419.80404267179,257.812751847327,3.60830279176111
9.88434968501135,181.550407336109,3.06948864456013
60.3145631719432,115.28752817516,4.41803659080325
622.401223924903,210.17198238424,4.5696496622008
252.811515013838,226.479871694287,3.84646447135998
568.450407947707,439.675456620487,3.88254396178378
304.346320110041,140.788346957336,3.91018862198471
524.877048934808,463.379372684349,3.3459586284941
53.5584812102938,409.420886448605,3.77259760987744
203.397645571959,292.060175744232,4.04047446939161
555.432525750843,268.394549752707,3.80425031091884
161.044084151238,10.027032654096,4.40062505340812
503.121981352386,349.316177923182,4.5785913950534
45.102803159056,58.3825187269943,4.33260158028258
522.254096896593,157.498344397603,4.30445430189712
NA,NA,NA
661.222878736521,332.270256902923,3.63047957188431
456.603181842393,297.20399825614,3.63176033471924
7.35006648446561,496.45840306343,3.53575185749739
563.430906254782,50.8235246094049,4.2410463847642
72.0159758973192,375.544163153575,3.90953633490092
230.384464427737,415.581905721426,3.88728214558214
427.371652942783,14.0390387441771,3.30121760433185
360.273758208049,291.803048878101,3.15012006387701
601.972057781906,101.664483397441,4.23159264689727
393.717326522982,228.516378583487,4.13917035841447
566.704790777729,406.166383924008,4.71304613831126
134.258812531054,284.413369037924,4.52329064298292
200.228521911611,367.622361891671,4.01951963947174
127.827403794528,407.655042682642,3.45897335302947
621.911695307205,312.758697952107,4.43729896343975
-0.154650231788304,150.077163305386,4.24897897557853
544.086597860332,201.254814072904,4.21167757098829
35.4554800581542,491.072417565008,2.99573800210332
278.956607537396,18.9890012828357,3.62179717739728
533.853613524672,393.039219250606,3.24663646291985
67.9042042309603,74.2850889419895,5.17715354036681
0.890678921520019,78.7849817838558,3.46032085382381
590.180353459839,223.673640600841,4.03914041191016
443.513975320925,465.491485711529,4.79766061290407
659.564568397472,375.335467356059,3.38072420658327
107.663559275983,491.428751503852,4.31256381541528
630.242849212092,91.9373902328301,4.0890612125246
419.80404267179,257.812751847327,3.60830279176111
9.88434968501135,181.550407336109,3.06948864456013
60.3145631719432,115.28752817516,4.41803659080325
622.401223924903,210.17198238424,4.5696496622008
252.811515013838,226.479871694287,3.84646447135998
568.450407947707,439.675456620487,3.88254396178378
304.346320110041,140.788346957336,3.91018862198471
524.877048934808,463.379372684349,3.3459586284941
53.5584812102938,409.420886448605,3.77259760987744
203.397645571959,292.060175744232,4.04047446939161
555.432525750843,268.394549752707,3.80425031091884
161.044084151238,10.027032654096,4.40062505340812
503.121981352386,349.316177923182,4.5785913950534
45.102803159056,58.3825187269943,4.33260158028258
522.254096896593,157.498344397603,4.30445430189712
NA,NA,NA
661.222878736521,332.270256902923,3.63047957188431
456.603181842393,297.20399825614,3.63176033471924
7.35006648446561,496.45840306343,3.53575185749739
563.430906254782,50.8235246094049,4.2410463847642
72.0159758973192,375.544163153575,3.90953633490092
230.384464427737,415.581905721426,3.88728214558214
427.371652942783,14.0390387441771,3.30121760433185
360.273758208049,291.803048878101,3.15012006387701
601.972057781906,101.664483397441,4.23159264689727
393.717326522982,228.516378583487,4.13917035841447
566.704790777729,406.166383924008,4.71304613831126
134.258812531054,284.413369037924,4.52329064298292
200.228521911611,367.622361891671,4.01951963947174
127.827403794528,407.655042682642,3.45897335302947
621.911695307205,312.758697952107,4.43729896343975
-0.154650231788304,150.077163305386,4.24897897557853
544.086597860332,201.254814072904,4.21167757098829
35.4554800581542,491.072417565008,2.99573800210332
278.956607537396,18.9890012828357,3.62179717739728
533.853613524672,393.039219250606,3.24663646291985
67.9042042309603,74.2850889419895,5.17715354036681
0.890678921520019,78.7849817838558,3.46032085382381
590.180353459839,223.673640600841,4.03914041191016
443.513975320925,465.491485711529,4.79766061290407
659.564568397472,375.335467356059,3.38072420658327
107.663559275983,491.428751503852,4.31256381541528
630.242849212092,91.9373902328301,4.0890612125246
419.80404267179,257.812751847327,3.60830279176111
9.88434968501135,181.550407336109,3.06948864456013
60.3145631719432,115.28752817516,4.41803659080325
622.401223924903,210.17198238424,4.5696496622008
252.811515013838,226.479871694287,3.84646447135998
568.450407947707,439.675456620487,3.88254396178378
304.346320110041,140.788346957336,3.91018862198471
524.877048934808,463.379372684349,3.3459586284941
53.5584812102938,409.420886448605,3.77259760987744
203.397645571959,292.060175744232,4.04047446939161
555.432525750843,268.394549752707,3.80425031091884
161.044084151238,10.027032654096,4.40062505340812
503.121981352386,349.316177923182,4.5785913950534
45.102803159056,58.3825187269943,4.33260158028258
522.254096896593,157.498344397603,4.30445430189712
NA,NA,NA
661.222878736521,332.270256902923,3.63047957188431
456.603181842393,297.20399825614,3.63176033471924
7.35006648446561,496.45840306343,3.53575185749739
563.430906254782,50.8235246094049,4.2410463847642
72.0159758973192,375.544163153575,3.90953633490092
230.384464427737,415.581905721426,3.88728214558214
427.371652942783,14.0390387441771,3.30121760433185
360.273758208049,291.803048878101,3.15012006387701
601.972057781906,101.664483397441,4.23159264689727
393.717326522982,228.516378583487,4.13917035841447
566.704790777729,406.166383924008,4.71304613831126
134.258812531054,284.413369037924,4.52329064298292
200.228521911611,367.622361891671,4.01951963947174
127.827403794528,407.655042682642,3.45897335302947
621.911695307205,312.758697952107,4.43729896343975
-0.154650231788304,150.077163305386,4.24897897557853
544.086597860332,201.254814072904,4.21167757098829
35.4554800581542,491.072417565008,2.99573800210332
278.956607537396,18.9890012828357,3.62179717739728
533.853613524672,393.039219250606,3.24663646291985
67.9042042309603,74.2850889419895,5.17715354036681
0.890678921520019,78.7849817838558,3.46032085382381
590.180353459839,223.673640600841,4.03914041191016
443.513975320925,465.491485711529,4.79766061290407
659.564568397472,375.335467356059,3.38072420658327
107.663559275983,491.428751503852,4.31256381541528
630.242849212092,91.9373902328301,4.0890612125246
419.80404267179,257.812751847327,3.60830279176111
9.88434968501135,181.550407336109,3.06948864456013
60.3145631719432,115.28752817516,4.41803659080325
622.401223924903,210.17198238424,4.5696496622008
252.811515013838,226.479871694287,3.84646447135998
568.450407947707,439.675456620487,3.88254396178378
304.346320110041,140.788346957336,3.91018862198471
524.877048934808,463.379372684349,3.3459586284941
53.5584812102938,409.420886448605,3.77259760987744
203.397645571959,292.060175744232,4.04047446939161
555.432525750843,268.394549752707,3.80425031091884
161.044084151238,10.027032654096,4.40062505340812
503.121981352386,349.316177923182,4.5785913950534
45.102803159056,58.3825187269943,4.33260158028258
522.254096896593,157.498344397603,4.30445430189712
NA,NA,NA
661.898951144452,329.855857485837,3.55386741303875
456.192144127628,296.74762444468,3.51710675020929
8.73306684009567,494.621144740436,3.65084872630945
559.518374784922,48.8741487572438,4.24494785596203
67.7048591605168,378.605325811774,3.8883426781405
230.856769180328,420.078395451414,3.83721812661026
429.229121890645,13.083405693971,3.20171524121012
360.90396994219,293.958233993647,3.07476917971077
598.598135615134,108.874192122177,4.0747853876039
391.311845728531,225.734679477839,4.17959994213437
568.543378658218,408.958523738618,4.68875669058983
145.100246957654,284.87889881298,4.49321713108901
199.230807159185,370.377848690055,4.11765484169486
125.407224452438,409.102963752521,3.27073476248756
628.319034413563,307.854642141218,4.45512945684598
8.81194543041416,151.51661630279,4.16851968265534
545.835978064307,205.227276513166,4.27061478658331
33.1915259677982,491.603909429091,3.07348321320913
278.908633069479,25.0572599736873,3.80769354921399
533.597723223736,391.659935423362,3.37814454780396
79.987000388435,77.1145383976191,5.2924715730353
5.09926645868347,74.5113090966245,3.39420966256136
583.917240768661,227.13907057484,3.89356081926597
444.093534621286,456.168294588936,4.73717505833211
659.848713682312,374.366131725412,3.3079272013753
104.701293647738,491.176378667191,4.37543370300472
620.670206469139,89.9451066392389,4.08331524136263
416.467545722946,257.195760364688,3.67572414138261
13.35247011727,180.747815910204,3.28786210075311
74.0496953228294,120.659822602129,4.45746134889236
614.241562721546,200.999922100921,4.23527911578822
251.654570430058,226.532364821188,3.63826652340707
574.82457395893,437.232145763259,3.83872612478404
301.892431890563,134.408369991363,3.72817749662407
526.479297920805,456.249506295402,3.71536239327251
55.9602229818123,417.917324323843,3.84855275266899
199.619458533237,294.284079293679,4.09288527233491
547.061442496518,255.811678976755,3.59304572769401
161.560036573163,24.5005850934253,4.323072750011
495.134092991313,343.977282135561,4.49802319155864
37.9662270531798,54.7177374930459,3.66920226895969
518.6553355708,144.29818755931,4.39434293130206
NA,NA,NA
661.898951144452,329.855857485837,3.55386741303875
456.192144127628,296.74762444468,3.51710675020929
8.73306684009567,494.621144740436,3.65084872630945
559.518374784922,48.8741487572438,4.24494785596203
67.7048591605168,378.605325811774,3.8883426781405
230.856769180328,420.078395451414,3.83721812661026
429.229121890645,13.083405693971,3.20171524121012
360.90396994219,293.958233993647,3.07476917971077
598.598135615134,108.874192122177,4.0747853876039
391.311845728531,225.734679477839,4.17959994213437
568.543378658218,408.958523738618,4.68875669058983
145.100246957654,284.87889881298,4.49321713108901
199.230807159185,370.377848690055,4.11765484169486
125.407224452438,409.102963752521,3.27073476248756
628.319034413563,307.854642141218,4.45512945684598
8.81194543041416,151.51661630279,4.16851968265534
545.835978064307,205.227276513166,4.27061478658331
33.1915259677982,491.603909429091,3.07348321320913
278.908633069479,25.0572599736873,3.80769354921399
533.597723223736,391.659935423362,3.37814454780396
79.987000388435,77.1145383976191,5.2924715730353
5.09926645868347,74.5113090966245,3.39420966256136
583.917240768661,227.13907057484,3.89356081926597
444.093534621286,456.168294588936,4.73717505833211
659.848713682312,374.366131725412,3.3079272013753
104.701293647738,491.176378667191,4.37543370300472
620.670206469139,89.9451066392389,4.08331524136263
416.467545722946,257.195760364688,3.67572414138261
13.35247011727,180.747815910204,3.28786210075311
74.0496953228294,120.659822602129,4.45746134889236
614.241562721546,200.999922100921,4.23527911578822
251.654570430058,226.532364821188,3.63826652340707
574.82457395893,437.232145763259,3.83872612478404
301.892431890563,134.408369991363,3.72817749662407
526.479297920805,456.249506295402,3.71536239327251
55.9602229818123,417.917324323843,3.84855275266899
199.619458533237,294.284079293679,4.09288527233491
547.061442496518,255.811678976755,3.59304572769401
161.560036573163,24.5005850934253,4.323072750011
495.134092991313,343.977282135561,4.49802319155864
37.9662270531798,54.7177374930459,3.66920226895969
518.6553355708,144.29818755931,4.39434293130206
NA,NA,NA
661.898951144452,329.855857485837,3.55386741303875
456.192144127628,296.74762444468,3.51710675020929
8.73306684009567,494.621144740436,3.65084872630945
559.518374784922,48.8741487572438,4.24494785596203
67.7048591605168,378.605325811774,3.8883426781405
230.856769180328,420.078395451414,3.83721812661026
429.229121890645,13.083405693971,3.20171524121012
360.90396994219,293.958233993647,3.07476917971077
598.598135615134,108.874192122177,4.0747853876039
391.311845728531,225.734679477839,4.17959994213437
568.543378658218,408.958523738618,4.68875669058983
145.100246957654,284.87889881298,4.49321713108901
199.230807159185,370.377848690055,4.11765484169486
125.407224452438,409.102963752521,3.27073476248756
628.319034413563,307.854642141218,4.45512945684598
8.81194543041416,151.51661630279,4.16851968265534
545.835978064307,205.227276513166,4.27061478658331
33.1915259677982,491.603909429091,3.07348321320913
278.908633069479,25.0572599736873,3.80769354921399
533.597723223736,391.659935423362,3.37814454780396
79.987000388435,77.1145383976191,5.2924715730353
5.09926645868347,74.5113090966245,3.39420966256136
583.917240768661,227.13907057484,3.89356081926597
444.093534621286,456.168294588936,4.73717505833211
659.848713682312,374.366131725412,3.3079272013753
104.701293647738,491.176378667191,4.37543370300472
620.670206469139,89.9451066392389,4.08331524136263
416.467545722946,257.195760364688,3.67572414138261
13.35247011727,180.747815910204,3.28786210075311
74.0496953228294,120.659822602129,4.45746134889236
614.241562721546,200.999922100921,4.23527911578822
251.654570430058,226.532364821188,3.63826652340707
574.82457395893,437.232145763259,3.83872612478404
301.892431890563,134.408369991363,3.72817749662407
526.479297920805,456.249506295402,3.71536239327251
55.9602229818123,417.917324323843,3.84855275266899
199.619458533237,294.284079293679,4.09288527233491
547.061442496518,255.811678976755,3.59304572769401
161.560036573163,24.5005850934253,4.323072750011
495.134092991313,343.977282135561,4.49802319155864
37.9662270531798,54.7177374930459,3.66920226895969
518.6553355708,144.29818755931,4.39434293130206
NA,NA,NA
661.898951144452,329.855857485837,3.55386741303875
456.192144127628,296.74762444468,3.51710675020929
8.73306684009567,494.621144740436,3.65084872630945
559.518374784922,48.8741487572438,4.24494785596203
67.7048591605168,378.605325811774,3.8883426781405
230.856769180328,420.078395451414,3.83721812661026
429.229121890645,13.083405693971,3.20171524121012
360.90396994219,293.958233993647,3.07476917971077
598.598135615134,108.874192122177,4.0747853876039
391.311845728531,225.734679477839,4.17959994213437
568.543378658218,408.958523738618,4.68875669058983
145.100246957654,284.87889881298,4.49321713108901
199.230807159185,370.377848690055,4.11765484169486
125.407224452438,409.102963752521,3.27073476248756
628.319034413563,307.854642141218,4.45512945684598
8.81194543041416,151.51661630279,4.16851968265534
545.835978064307,205.227276513166,4.27061478658331
33.1915259677982,491.603909429091,3.07348321320913
278.908633069479,25.0572599736873,3.80769354921399
533.597723223736,391.659935423362,3.37814454780396
79.987000388435,77.1145383976191,5.2924715730353
5.09926645868347,74.5113090966245,3.39420966256136
583.917240768661,227.13907057484,3.89356081926597
444.093534621286,456.168294588936,4.73717505833211
659.848713682312,374.366131725412,3.3079272013753
104.701293647738,491.176378667191,4.37543370300472
620.670206469139,89.9451066392389,4.08331524136263
416.467545722946,257.195760364688,3.67572414138261
13.35247011727,180.747815910204,3.28786210075311
74.0496953228294,120.659822602129,4.45746134889236
614.241562721546,200.999922100921,4.23527911578822
251.654570430058,226.532364821188,3.63826652340707
574.82457395893,437.232145763259,3.83872612478404
301.892431890563,134.408369991363,3.72817749662407
526.479297920805,456.249506295402,3.71536239327251
55.9602229818123,417.917324323843,3.84855275266899
199.619458533237,294.284079293679,4.09288527233491
547.061442496518,255.811678976755,3.59304572769401
161.560036573163,24.5005850934253,4.323072750011
495.134092991313,343.977282135561,4.49802319155864
37.9662270531798,54.7177374930459,3.66920226895969
518.6553355708,144.29818755931,4.39434293130206
NA,NA,NA
661.898951144452,329.855857485837,3.55386741303875
456.192144127628,296.74762444468,3.51710675020929
8.73306684009567,494.621144740436,3.65084872630945
559.518374784922,48.8741487572438,4.24494785596203
67.7048591605168,378.605325811774,3.8883426781405
230.856769180328,420.078395451414,3.83721812661026
429.229121890645,13.083405693971,3.20171524121012
360.90396994219,293.958233993647,3.07476917971077
598.598135615134,108.874192122177,4.0747853876039
391.311845728531,225.734679477839,4.17959994213437
568.543378658218,408.958523738618,4.68875669058983
145.100246957654,284.87889881298,4.49321713108901
199.230807159185,370.377848690055,4.11765484169486
125.407224452438,409.102963752521,3.27073476248756
628.319034413563,307.854642141218,4.45512945684598
8.81194543041416,151.51661630279,4.16851968265534
545.835978064307,205.227276513166,4.27061478658331
33.1915259677982,491.603909429091,3.07348321320913
278.908633069479,25.0572599736873,3.80769354921399
533.597723223736,391.659935423362,3.37814454780396
79.987000388435,77.1145383976191,5.2924715730353
5.09926645868347,74.5113090966245,3.39420966256136
583.917240768661,227.13907057484,3.89356081926597
444.093534621286,456.168294588936,4.73717505833211
659.848713682312,374.366131725412,3.3079272013753
104.701293647738,491.176378667191,4.37543370300472
620.670206469139,89.9451066392389,4.08331524136263
416.467545722946,257.195760364688,3.67572414138261
13.35247011727,180.747815910204,3.28786210075311
74.0496953228294,120.659822602129,4.45746134889236
614.241562721546,200.999922100921,4.23527911578822
251.654570430058,226.532364821188,3.63826652340707
574.82457395893,437.232145763259,3.83872612478404
301.892431890563,134.408369991363,3.72817749662407
526.479297920805,456.249506295402,3.71536239327251
55.9602229818123,417.917324323843,3.84855275266899
199.619458533237,294.284079293679,4.09288527233491
547.061442496518,255.811678976755,3.59304572769401
161.560036573163,24.5005850934253,4.323072750011
495.134092991313,343.977282135561,4.49802319155864
37.9662270531798,54.7177374930459,3.66920226895969
518.6553355708,144.29818755931,4.39434293130206
NA,NA,NA
661.898951144452,329.855857485837,3.55386741303875
456.192144127628,296.74762444468,3.51710675020929
8.73306684009567,494.621144740436,3.65084872630945
559.518374784922,48.8741487572438,4.24494785596203
67.7048591605168,378.605325811774,3.8883426781405
230.856769180328,420.078395451414,3.83721812661026
429.229121890645,13.083405693971,3.20171524121012
360.90396994219,293.958233993647,3.07476917971077
598.598135615134,108.874192122177,4.0747853876039
391.311845728531,225.734679477839,4.17959994213437
568.543378658218,408.958523738618,4.68875669058983
145.100246957654,284.87889881298,4.49321713108901
199.230807159185,370.377848690055,4.11765484169486
125.407224452438,409.102963752521,3.27073476248756
628.319034413563,307.854642141218,4.45512945684598
8.81194543041416,151.51661630279,4.16851968265534
545.835978064307,205.227276513166,4.27061478658331
33.1915259677982,491.603909429091,3.07348321320913
278.908633069479,25.0572599736873,3.80769354921399
533.597723223736,391.659935423362,3.37814454780396
79.987000388435,77.1145383976191,5.2924715730353
5.09926645868347,74.5113090966245,3.39420966256136
583.917240768661,227.13907057484,3.89356081926597
444.093534621286,456.168294588936,4.73717505833211
659.848713682312,374.366131725412,3.3079272013753
104.701293647738,491.176378667191,4.37543370300472
620.670206469139,89.9451066392389,4.08331524136263
416.467545722946,257.195760364688,3.67572414138261
13.35247011727,180.747815910204,3.28786210075311
74.0496953228294,120.659822602129,4.45746134889236
614.241562721546,200.999922100921,4.23527911578822
251.654570430058,226.532364821188,3.63826652340707
574.82457395893,437.232145763259,3.83872612478404
301.892431890563,134.408369991363,3.72817749662407
526.479297920805,456.249506295402,3.71536239327251
55.9602229818123,417.917324323843,3.84855275266899
199.619458533237,294.284079293679,4.09288527233491
547.061442496518,255.811678976755,3.59304572769401
161.560036573163,24.5005850934253,4.323072750011
495.134092991313,343.977282135561,4.49802319155864
37.9662270531798,54.7177374930459,3.66920226895969
518.6553355708,144.29818755931,4.39434293130206
NA,NA,NA
661.132822862709,336.46552437656,3.48329400539462
458.285323525121,299.641633959693,3.70900740725862
8.2398692602896,495.928038580392,3.62011235856146
561.079419147305,51.5388768961846,4.2102245963836
68.7042650533733,380.829635269475,3.89329999907261
233.992037493387,416.140673409573,3.83617108167237
428.867031605984,12.0411219060567,3.4618759798984
360.437720010858,290.464387865625,3.01229621105672
607.482305700764,101.396646704358,4.10323811789895
393.515663683101,230.136040957751,4.16958912478163
570.431163188856,413.068033682341,4.79552902515995
133.105600748538,279.892654226593,4.6496496307713
195.229187059085,370.418680396839,3.90036230040028
122.765160379923,408.47148408619,3.49777570757259
631.222753440671,311.095188144992,4.59962051738904
3.79448297505075,146.386686709045,4.19993153263427
542.850236656204,204.017695615097,4.02963516572824
36.9650001098831,489.699381810858,2.96062206767158
276.925962193209,25.5593026166815,3.92418489221118
532.502381303414,391.974067710775,3.26072925927126
81.9967107748765,83.8254378291961,5.13339527176771
0.131021742540678,79.2332559814909,3.49438379596655
586.969736774058,226.081690528883,4.06103670972322
445.717334155252,456.974765968086,4.80838387132859
661.735676952185,377.130821541635,2.98857180298784
108.104405169604,485.085138168106,4.33898642460828
618.878906395657,91.2413603459226,4.04175783658936
419.607341950826,258.523260762456,3.71042628026537
9.69066005449065,180.904868640174,3.35717956415264
68.5363930707118,128.163926215491,4.36322950604256
605.25725933578,197.557663582995,4.21110811482072
252.315637438164,215.341709664258,3.85357904208617
583.636124546792,435.929636654153,3.69355804510722
298.874169927428,140.203421247722,3.76513116297134
532.791536846726,456.662698694455,3.67629412099194
44.2535815525295,424.452426682193,4.15578466062555
216.265673392665,292.209223892576,4.17523518628192
558.057519125422,268.186535016744,4.01897656325788
171.678824749636,42.5500713024072,4.22076761867417
504.151135594121,346.632489011709,4.44627987414241
29.7240124067469,51.2581051456465,3.96634103452452
523.258119047893,154.208753007622,4.38245804909991
NA,NA,NA
661.132822862709,336.46552437656,3.48329400539462
458.285323525121,299.641633959693,3.70900740725862
8.2398692602896,495.928038580392,3.62011235856146
561.079419147305,51.5388768961846,4.2102245963836
68.7042650533733,380.829635269475,3.89329999907261
233.992037493387,416.140673409573,3.83617108167237
428.867031605984,12.0411219060567,3.4618759798984
360.437720010858,290.464387865625,3.01229621105672
607.482305700764,101.396646704358,4.10323811789895
393.515663683101,230.136040957751,4.16958912478163
570.431163188856,413.068033682341,4.79552902515995
133.105600748538,279.892654226593,4.6496496307713
195.229187059085,370.418680396839,3.90036230040028
122.765160379923,408.47148408619,3.49777570757259
631.222753440671,311.095188144992,4.59962051738904
3.79448297505075,146.386686709045,4.19993153263427
542.850236656204,204.017695615097,4.02963516572824
36.9650001098831,489.699381810858,2.96062206767158
276.925962193209,25.5593026166815,3.92418489221118
532.502381303414,391.974067710775,3.26072925927126
81.9967107748765,83.8254378291961,5.13339527176771
0.131021742540678,79.2332559814909,3.49438379596655
586.969736774058,226.081690528883,4.06103670972322
445.717334155252,456.974765968086,4.80838387132859
661.735676952185,377.130821541635,2.98857180298784
108.104405169604,485.085138168106,4.33898642460828
618.878906395657,91.2413603459226,4.04175783658936
419.607341950826,258.523260762456,3.71042628026537
9.69066005449065,180.904868640174,3.35717956415264
68.5363930707118,128.163926215491,4.36322950604256
605.25725933578,197.557663582995,4.21110811482072
252.315637438164,215.341709664258,3.85357904208617
583.636124546792,435.929636654153,3.69355804510722
298.874169927428,140.203421247722,3.76513116297134
532.791536846726,456.662698694455,3.67629412099194
44.2535815525295,424.452426682193,4.15578466062555
216.265673392665,292.209223892576,4.17523518628192
558.057519125422,268.186535016744,4.01897656325788
171.678824749636,42.5500713024072,4.22076761867417
504.151135594121,346.632489011709,4.44627987414241
29.7240124067469,51.2581051456465,3.96634103452452
523.258119047893,154.208753007622,4.38245804909991
NA,NA,NA
661.132822862709,336.46552437656,3.48329400539462
458.285323525121,299.641633959693,3.70900740725862
8.2398692602896,495.928038580392,3.62011235856146
561.079419147305,51.5388768961846,4.2102245963836
68.7042650533733,380.829635269475,3.89329999907261
233.992037493387,416.140673409573,3.83617108167237
428.867031605984,12.0411219060567,3.4618759798984
360.437720010858,290.464387865625,3.01229621105672
607.482305700764,101.396646704358,4.10323811789895
393.515663683101,230.136040957751,4.16958912478163
570.431163188856,413.068033682341,4.79552902515995
133.105600748538,279.892654226593,4.6496496307713
195.229187059085,370.418680396839,3.90036230040028
122.765160379923,408.47148408619,3.49777570757259
631.222753440671,311.095188144992,4.59962051738904
3.79448297505075,146.386686709045,4.19993153263427
542.850236656204,204.017695615097,4.02963516572824
36.9650001098831,489.699381810858,2.96062206767158
276.925962193209,25.5593026166815,3.92418489221118
532.502381303414,391.974067710775,3.26072925927126
81.9967107748765,83.8254378291961,5.13339527176771
0.131021742540678,79.2332559814909,3.49438379596655
586.969736774058,226.081690528883,4.06103670972322
445.717334155252,456.974765968086,4.80838387132859
661.735676952185,377.130821541635,2.98857180298784
108.104405169604,485.085138168106,4.33898642460828
618.878906395657,91.2413603459226,4.04175783658936
419.607341950826,258.523260762456,3.71042628026537
9.69066005449065,180.904868640174,3.35717956415264
68.5363930707118,128.163926215491,4.36322950604256
605.25725933578,197.557663582995,4.21110811482072
252.315637438164,215.341709664258,3.85357904208617
583.636124546792,435.929636654153,3.69355804510722
298.874169927428,140.203421247722,3.76513116297134
532.791536846726,456.662698694455,3.67629412099194
44.2535815525295,424.452426682193,4.15578466062555
216.265673392665,292.209223892576,4.17523518628192
558.057519125422,268.186535016744,4.01897656325788
171.678824749636,42.5500713024072,4.22076761867417
504.151135594121,346.632489011709,4.44627987414241
29.7240124067469,51.2581051456465,3.96634103452452
523.258119047893,154.208753007622,4.38245804909991
NA,NA,NA
661.132822862709,336.46552437656,3.48329400539462
458.285323525121,299.641633959693,3.70900740725862
8.2398692602896,495.928038580392,3.62011235856146
561.079419147305,51.5388768961846,4.2102245963836
68.7042650533733,380.829635269475,3.89329999907261
233.992037493387,416.140673409573,3.83617108167237
428.867031605984,12.0411219060567,3.4618759798984
360.437720010858,290.464387865625,3.01229621105672
607.482305700764,101.396646704358,4.10323811789895
393.515663683101,230.136040957751,4.16958912478163
570.431163188856,413.068033682341,4.79552902515995
133.105600748538,279.892654226593,4.6496496307713
195.229187059085,370.418680396839,3.90036230040028
122.765160379923,408.47148408619,3.49777570757259
631.222753440671,311.095188144992,4.59962051738904
3.79448297505075,146.386686709045,4.19993153263427
542.850236656204,204.017695615097,4.02963516572824
36.9650001098831,489.699381810858,2.96062206767158
276.925962193209,25.5593026166815,3.92418489221118
532.502381303414,391.974067710775,3.26072925927126
81.9967107748765,83.8254378291961,5.13339527176771
0.131021742540678,79.2332559814909,3.49438379596655
586.969736774058,226.081690528883,4.06103670972322
445.717334155252,456.974765968086,4.80838387132859
661.735676952185,377.130821541635,2.98857180298784
108.104405169604,485.085138168106,4.33898642460828
618.878906395657,91.2413603459226,4.04175783658936
419.607341950826,258.523260762456,3.71042628026537
9.69066005449065,180.904868640174,3.35717956415264
68.5363930707118,128.163926215491,4.36322950604256
605.25725933578,197.557663582995,4.21110811482072
252.315637438164,215.341709664258,3.85357904208617
583.636124546792,435.929636654153,3.69355804510722
298.874169927428,140.203421247722,3.76513116297134
532.791536846726,456.662698694455,3.67629412099194
44.2535815525295,424.452426682193,4.15578466062555
216.265673392665,292.209223892576,4.17523518628192
558.057519125422,268.186535016744,4.01897656325788
171.678824749636,42.5500713024072,4.22076761867417
504.151135594121,346.632489011709,4.44627987414241
29.7240124067469,51.2581051456465,3.96634103452452
523.258119047893,154.208753007622,4.38245804909991
NA,NA,NA
661.132822862709,336.46552437656,3.48329400539462
458.285323525121,299.641633959693,3.70900740725862
8.2398692602896,495.928038580392,3.62011235856146
561.079419147305,51.5388768961846,4.2102245963836
68.7042650533733,380.829635269475,3.89329999907261
233.992037493387,416.140673409573,3.83617108167237
428.867031605984,12.0411219060567,3.4618759798984
360.437720010858,290.464387865625,3.01229621105672
607.482305700764,101.396646704358,4.10323811789895
393.515663683101,230.136040957751,4.16958912478163
570.431163188856,413.068033682341,4.79552902515995
133.105600748538,279.892654226593,4.6496496307713
195.229187059085,370.418680396839,3.90036230040028
122.765160379923,408.47148408619,3.49777570757259
631.222753440671,311.095188144992,4.59962051738904
3.79448297505075,146.386686709045,4.19993153263427
542.850236656204,204.017695615097,4.02963516572824
36.9650001098831,489.699381810858,2.96062206767158
276.925962193209,25.5593026166815,3.92418489221118
532.502381303414,391.974067710775,3.26072925927126
81.9967107748765,83.8254378291961,5.13339527176771
0.131021742540678,79.2332559814909,3.49438379596655
586.969736774058,226.081690528883,4.06103670972322
445.717334155252,456.974765968086,4.80838387132859
661.735676952185,377.130821541635,2.98857180298784
108.104405169604,485.085138168106,4.33898642460828
618.878906395657,91.2413603459226,4.04175783658936
419.607341950826,258.523260762456,3.71042628026537
9.69066005449065,180.904868640174,3.35717956415264
68.5363930707118,128.163926215491,4.36322950604256
605.25725933578,197.557663582995,4.21110811482072
252.315637438164,215.341709664258,3.85357904208617
583.636124546792,435.929636654153,3.69355804510722
298.874169927428,140.203421247722,3.76513116297134
532.791536846726,456.662698694455,3.67629412099194
44.2535815525295,424.452426682193,4.15578466062555
216.265673392665,292.209223892576,4.17523518628192
558.057519125422,268.186535016744,4.01897656325788
171.678824749636,42.5500713024072,4.22076761867417
504.151135594121,346.632489011709,4.44627987414241
29.7240124067469,51.2581051456465,3.96634103452452
523.258119047893,154.208753007622,4.38245804909991
NA,NA,NA
661.132822862709,336.46552437656,3.48329400539462
458.285323525121,299.641633959693,3.70900740725862
8.2398692602896,495.928038580392,3.62011235856146
561.079419147305,51.5388768961846,4.2102245963836
68.7042650533733,380.829635269475,3.89329999907261
233.992037493387,416.140673409573,3.83617108167237
428.867031605984,12.0411219060567,3.4618759798984
360.437720010858,290.464387865625,3.01229621105672
607.482305700764,101.396646704358,4.10323811789895
393.515663683101,230.136040957751,4.16958912478163
570.431163188856,413.068033682341,4.79552902515995
133.105600748538,279.892654226593,4.6496496307713
195.229187059085,370.418680396839,3.90036230040028
122.765160379923,408.47148408619,3.49777570757259
631.222753440671,311.095188144992,4.59962051738904
3.79448297505075,146.386686709045,4.19993153263427
542.850236656204,204.017695615097,4.02963516572824
36.9650001098831,489.699381810858,2.96062206767158
276.925962193209,25.5593026166815,3.92418489221118
532.502381303414,391.974067710775,3.26072925927126
81.9967107748765,83.8254378291961,5.13339527176771
0.131021742540678,79.2332559814909,3.49438379596655
586.969736774058,226.081690528883,4.06103670972322
445.717334155252,456.974765968086,4.80838387132859
661.735676952185,377.130821541635,2.98857180298784
108.104405169604,485.085138168106,4.33898642460828
618.878906395657,91.2413603459226,4.04175783658936
419.607341950826,258.523260762456,3.71042628026537
9.69066005449065,180.904868640174,3.35717956415264
68.5363930707118,128.163926215491,4.36322950604256
605.25725933578,197.557663582995,4.21110811482072
252.315637438164,215.341709664258,3.85357904208617
583.636124546792,435.929636654153,3.69355804510722
298.874169927428,140.203421247722,3.76513116297134
532.791536846726,456.662698694455,3.67629412099194
44.2535815525295,424.452426682193,4.15578466062555
216.265673392665,292.209223892576,4.17523518628192
558.057519125422,268.186535016744,4.01897656325788
171.678824749636,42.5500713024072,4.22076761867417
504.151135594121,346.632489011709,4.44627987414241
29.7240124067469,51.2581051456465,3.96634103452452
523.258119047893,154.208753007622,4.38245804909991
NA,NA,NA
657.187753417369,331.351462647679,3.46954070293537
455.897857515536,298.903040821012,3.82058003070054
9.47150435699049,494.439501669422,3.56159076342346
560.040188049823,55.9644232661584,4.07138763685689
72.688729186296,378.441460878323,3.9529244731443
229.281743235964,411.988224390327,3.93494378779977
427.601758287765,10.0514343416297,3.20938601615441
362.035813831102,292.042507967122,3.08282707770729
608.589581547733,104.423768134364,4.1533127288859
390.76243909127,227.853614755714,4.1909971413777
568.459358859975,415.011716509741,4.79323831522025
137.751869346059,281.703839889468,4.5803677574275
197.545473012478,368.157755845665,3.95401044299599
128.022133778296,411.205472172216,3.43338668189496
624.186451220987,313.924812483194,4.50908699387325
4.3460637863608,150.31296338091,4.18968628301418
542.074000504574,202.583704693193,4.17241935088924
34.2135195299167,491.324193927101,2.99903997395556
283.470752046694,24.4235921068849,4.04593277147578
536.541170904057,393.263296985672,3.09208212803519
86.2622016946867,85.1587804916443,5.27014722582223
6.59537709992296,74.8713057261589,3.56677410379591
585.525722415672,227.870876310779,3.87650804904702
439.364185250646,461.695311768146,4.70571453784965
656.789108535264,373.942555788083,2.81457583658044
104.353073440065,488.40452353904,4.41598436461813
624.148421695793,93.6467403665339,4.04612523262663
423.535428407836,259.198992647162,3.61680711376874
12.4304274843754,181.138138847191,3.21493786292546
64.4240583022163,118.451868787905,4.56769867899991
623.099303628738,202.127215700058,4.10619359240565
265.580491701162,205.317913611693,3.95392557772736
570.680478499854,437.813190768252,3.91774777449707
303.242878635394,138.465170100894,3.7535552942306
533.379951272085,459.588444100768,3.42838573340817
48.8102157809719,422.656387827502,3.78038239926773
197.70065639102,282.763585566521,4.07843831144609
551.422429719607,262.986802730414,3.70399413614491
181.465183349082,27.9946283360166,4.34946105048833
501.420497640721,339.447253007195,4.41231527746732
36.6056043779902,54.6715395296902,4.20937360489334
522.221277805641,145.265321089809,5.12577578964203
NA,NA,NA
657.187753417369,331.351462647679,3.46954070293537
455.897857515536,298.903040821012,3.82058003070054
9.47150435699049,494.439501669422,3.56159076342346
560.040188049823,55.9644232661584,4.07138763685689
72.688729186296,378.441460878323,3.9529244731443
229.281743235964,411.988224390327,3.93494378779977
427.601758287765,10.0514343416297,3.20938601615441
362.035813831102,292.042507967122,3.08282707770729
608.589581547733,104.423768134364,4.1533127288859
390.76243909127,227.853614755714,4.1909971413777
568.459358859975,415.011716509741,4.79323831522025
137.751869346059,281.703839889468,4.5803677574275
197.545473012478,368.157755845665,3.95401044299599
128.022133778296,411.205472172216,3.43338668189496
624.186451220987,313.924812483194,4.50908699387325
4.3460637863608,150.31296338091,4.18968628301418
542.074000504574,202.583704693193,4.17241935088924
34.2135195299167,491.324193927101,2.99903997395556
283.470752046694,24.4235921068849,4.04593277147578
536.541170904057,393.263296985672,3.09208212803519
86.2622016946867,85.1587804916443,5.27014722582223
6.59537709992296,74.8713057261589,3.56677410379591
585.525722415672,227.870876310779,3.87650804904702
439.364185250646,461.695311768146,4.70571453784965
656.789108535264,373.942555788083,2.81457583658044
104.353073440065,488.40452353904,4.41598436461813
624.148421695793,93.6467403665339,4.04612523262663
423.535428407836,259.198992647162,3.61680711376874
12.4304274843754,181.138138847191,3.21493786292546
64.4240583022163,118.451868787905,4.56769867899991
623.099303628738,202.127215700058,4.10619359240565
265.580491701162,205.317913611693,3.95392557772736
570.680478499854,437.813190768252,3.91774777449707
303.242878635394,138.465170100894,3.7535552942306
533.379951272085,459.588444100768,3.42838573340817
48.8102157809719,422.656387827502,3.78038239926773
197.70065639102,282.763585566521,4.07843831144609
551.422429719607,262.986802730414,3.70399413614491
181.465183349082,27.9946283360166,4.34946105048833
501.420497640721,339.447253007195,4.41231527746732
36.6056043779902,54.6715395296902,4.20937360489334
522.221277805641,145.265321089809,5.12577578964203
NA,NA,NA
657.187753417369,331.351462647679,3.46954070293537
455.897857515536,298.903040821012,3.82058003070054
9.47150435699049,494.439501669422,3.56159076342346
560.040188049823,55.9644232661584,4.07138763685689
72.688729186296,378.441460878323,3.9529244731443
229.281743235964,411.988224390327,3.93494378779977
427.601758287765,10.0514343416297,3.20938601615441
362.035813831102,292.042507967122,3.08282707770729
608.589581547733,104.423768134364,4.1533127288859
390.76243909127,227.853614755714,4.1909971413777
568.459358859975,415.011716509741,4.79323831522025
137.751869346059,281.703839889468,4.5803677574275
197.545473012478,368.157755845665,3.95401044299599
128.022133778296,411.205472172216,3.43338668189496
624.186451220987,313.924812483194,4.50908699387325
4.3460637863608,150.31296338091,4.18968628301418
542.074000504574,202.583704693193,4.17241935088924
34.2135195299167,491.324193927101,2.99903997395556
283.470752046694,24.4235921068849,4.04593277147578
536.541170904057,393.263296985672,3.09208212803519
86.2622016946867,85.1587804916443,5.27014722582223
6.59537709992296,74.8713057261589,3.56677410379591
585.525722415672,227.870876310779,3.87650804904702
439.364185250646,461.695311768146,4.70571453784965
656.789108535264,373.942555788083,2.81457583658044
104.353073440065,488.40452353904,4.41598436461813
624.148421695793,93.6467403665339,4.04612523262663
423.535428407836,259.198992647162,3.61680711376874
12.4304274843754,181.138138847191,3.21493786292546
64.4240583022163,118.451868787905,4.56769867899991
623.099303628738,202.127215700058,4.10619359240565
265.580491701162,205.317913611693,3.95392557772736
570.680478499854,437.813190768252,3.91774777449707
303.242878635394,138.465170100894,3.7535552942306
533.379951272085,459.588444100768,3.42838573340817
48.8102157809719,422.656387827502,3.78038239926773
197.70065639102,282.763585566521,4.07843831144609
551.422429719607,262.986802730414,3.70399413614491
181.465183349082,27.9946283360166,4.34946105048833
501.420497640721,339.447253007195,4.41231527746732
36.6056043779902,54.6715395296902,4.20937360489334
522.221277805641,145.265321089809,5.12577578964203
NA,NA,NA
657.187753417369,331.351462647679,3.46954070293537
455.897857515536,298.903040821012,3.82058003070054
9.47150435699049,494.439501669422,3.56159076342346
560.040188049823,55.9644232661584,4.07138763685689
72.688729186296,378.441460878323,3.9529244731443
229.281743235964,411.988224390327,3.93494378779977
427.601758287765,10.0514343416297,3.20938601615441
362.035813831102,292.042507967122,3.08282707770729
608.589581547733,104.423768134364,4.1533127288859
390.76243909127,227.853614755714,4.1909971413777
568.459358859975,415.011716509741,4.79323831522025
137.751869346059,281.703839889468,4.5803677574275
197.545473012478,368.157755845665,3.95401044299599
128.022133778296,411.205472172216,3.43338668189496
624.186451220987,313.924812483194,4.50908699387325
4.3460637863608,150.31296338091,4.18968628301418
542.074000504574,202.583704693193,4.17241935088924
34.2135195299167,491.324193927101,2.99903997395556
283.470752046694,24.4235921068849,4.04593277147578
536.541170904057,393.263296985672,3.09208212803519
86.2622016946867,85.1587804916443,5.27014722582223
6.59537709992296,74.8713057261589,3.56677410379591
585.525722415672,227.870876310779,3.87650804904702
439.364185250646,461.695311768146,4.70571453784965
656.789108535264,373.942555788083,2.81457583658044
104.353073440065,488.40452353904,4.41598436461813
624.148421695793,93.6467403665339,4.04612523262663
423.535428407836,259.198992647162,3.61680711376874
12.4304274843754,181.138138847191,3.21493786292546
64.4240583022163,118.451868787905,4.56769867899991
623.099303628738,202.127215700058,4.10619359240565
265.580491701162,205.317913611693,3.95392557772736
570.680478499854,437.813190768252,3.91774777449707
303.242878635394,138.465170100894,3.7535552942306
533.379951272085,459.588444100768,3.42838573340817
48.8102157809719,422.656387827502,3.78038239926773
197.70065639102,282.763585566521,4.07843831144609
551.422429719607,262.986802730414,3.70399413614491
181.465183349082,27.9946283360166,4.34946105048833
501.420497640721,339.447253007195,4.41231527746732
36.6056043779902,54.6715395296902,4.20937360489334
522.221277805641,145.265321089809,5.12577578964203
NA,NA,NA
657.187753417369,331.351462647679,3.46954070293537
455.897857515536,298.903040821012,3.82058003070054
9.47150435699049,494.439501669422,3.56159076342346
560.040188049823,55.9644232661584,4.07138763685689
72.688729186296,378.441460878323,3.9529244731443
229.281743235964,411.988224390327,3.93494378779977
427.601758287765,10.0514343416297,3.20938601615441
362.035813831102,292.042507967122,3.08282707770729
608.589581547733,104.423768134364,4.1533127288859
390.76243909127,227.853614755714,4.1909971413777
568.459358859975,415.011716509741,4.79323831522025
137.751869346059,281.703839889468,4.5803677574275
197.545473012478,368.157755845665,3.95401044299599
128.022133778296,411.205472172216,3.43338668189496
624.186451220987,313.924812483194,4.50908699387325
4.3460637863608,150.31296338091,4.18968628301418
542.074000504574,202.583704693193,4.17241935088924
34.2135195299167,491.324193927101,2.99903997395556
283.470752046694,24.4235921068849,4.04593277147578
536.541170904057,393.263296985672,3.09208212803519
86.2622016946867,85.1587804916443,5.27014722582223
6.59537709992296,74.8713057261589,3.56677410379591
585.525722415672,227.870876310779,3.87650804904702
439.364185250646,461.695311768146,4.70571453784965
656.789108535264,373.942555788083,2.81457583658044
104.353073440065,488.40452353904,4.41598436461813
624.148421695793,93.6467403665339,4.04612523262663
423.535428407836,259.198992647162,3.61680711376874
12.4304274843754,181.138138847191,3.21493786292546
64.4240583022163,118.451868787905,4.56769867899991
623.099303628738,202.127215700058,4.10619359240565
265.580491701162,205.317913611693,3.95392557772736
570.680478499854,437.813190768252,3.91774777449707
303.242878635394,138.465170100894,3.7535552942306
533.379951272085,459.588444100768,3.42838573340817
48.8102157809719,422.656387827502,3.78038239926773
197.70065639102,282.763585566521,4.07843831144609
551.422429719607,262.986802730414,3.70399413614491
181.465183349082,27.9946283360166,4.34946105048833
501.420497640721,339.447253007195,4.41231527746732
36.6056043779902,54.6715395296902,4.20937360489334
522.221277805641,145.265321089809,5.12577578964203
NA,NA,NA
657.187753417369,331.351462647679,3.46954070293537
455.897857515536,298.903040821012,3.82058003070054
9.47150435699049,494.439501669422,3.56159076342346
560.040188049823,55.9644232661584,4.07138763685689
72.688729186296,378.441460878323,3.9529244731443
229.281743235964,411.988224390327,3.93494378779977
427.601758287765,10.0514343416297,3.20938601615441
362.035813831102,292.042507967122,3.08282707770729
608.589581547733,104.423768134364,4.1533127288859
390.76243909127,227.853614755714,4.1909971413777
568.459358859975,415.011716509741,4.79323831522025
137.751869346059,281.703839889468,4.5803677574275
197.545473012478,368.157755845665,3.95401044299599
128.022133778296,411.205472172216,3.43338668189496
624.186451220987,313.924812483194,4.50908699387325
4.3460637863608,150.31296338091,4.18968628301418
542.074000504574,202.583704693193,4.17241935088924
34.2135195299167,491.324193927101,2.99903997395556
283.470752046694,24.4235921068849,4.04593277147578
536.541170904057,393.263296985672,3.09208212803519
86.2622016946867,85.1587804916443,5.27014722582223
6.59537709992296,74.8713057261589,3.56677410379591
585.525722415672,227.870876310779,3.87650804904702
439.364185250646,461.695311768146,4.70571453784965
656.789108535264,373.942555788083,2.81457583658044
104.353073440065,488.40452353904,4.41598436461813
624.148421695793,93.6467403665339,4.04612523262663
423.535428407836,259.198992647162,3.61680711376874
12.4304274843754,181.138138847191,3.21493786292546
64.4240583022163,118.451868787905,4.56769867899991
623.099303628738,202.127215700058,4.10619359240565
265.580491701162,205.317913611693,3.95392557772736
570.680478499854,437.813190768252,3.91774777449707
303.242878635394,138.465170100894,3.7535552942306
533.379951272085,459.588444100768,3.42838573340817
48.8102157809719,422.656387827502,3.78038239926773
197.70065639102,282.763585566521,4.07843831144609
551.422429719607,262.986802730414,3.70399413614491
181.465183349082,27.9946283360166,4.34946105048833
501.420497640721,339.447253007195,4.41231527746732
36.6056043779902,54.6715395296902,4.20937360489334
522.221277805641,145.265321089809,5.12577578964203
NA,NA,NA
660.907363291014,335.372405399917,3.49967102474207
454.382309446072,298.239583490158,3.62424897540418
12.0294223893912,497.990470937815,3.5713938002276
560.763189273796,54.6852782987713,4.07050476218626
71.9210619205865,375.882508282363,4.10608665825298
225.586047662438,412.135681744914,3.83995176864703
427.952943224232,11.9208853561517,3.21628899587686
361.374672213099,293.113236444307,2.97346970688801
601.90610282568,113.674028847407,4.17635607219562
393.190883227646,232.297072698327,4.22197467976132
568.060845780888,405.568408346208,4.74350403440019
140.084401701114,282.898649823768,4.66503705957535
193.699078542245,370.450762301806,3.97799816725024
122.541000108899,411.071885694834,3.47612340836497
623.286697328284,314.167973813389,4.53549321437685
0.230550255234865,152.620392994908,4.40919942920666
546.872639995128,200.867786721107,4.16571929373072
34.19296393636,492.136039663793,2.97559027882441
276.896738504225,20.7307198539339,3.87029044449917
534.119887759733,391.630559539644,3.42048103617173
67.4935054224517,77.0928054847416,5.22174433510484
1.72096308797117,78.1979868572239,3.43760199787769
588.680892198038,228.862720011128,3.9367628875085
437.945473312336,460.297132935774,4.79287971908854
659.234062303776,374.276520826286,3.27719377934069
108.45012113486,489.286019479047,4.33699463049723
624.783279604388,87.6719682131686,4.03493315567641
422.730903991928,259.539813361907,3.5921933557872
11.4048485168061,181.307823613923,3.22933474250563
58.6515128478948,113.213333933331,4.41366880286748
605.952965055192,204.176235479095,4.24995914766362
248.261236624456,225.044571985837,3.69819028871435
573.725011110374,432.730688972568,3.92595270735914
299.797670086258,140.074844760427,3.70273239840797
528.357456055465,451.222504223895,3.80985898204299
43.1190135915818,417.205411755601,3.56968431499506
197.23543192105,281.492809914177,4.30864627093649
553.698635427383,262.287213262686,3.91276993825668
173.610060965956,34.5849018610842,4.23821714769795
501.358234707501,352.548017712799,4.60015086351658
34.7137704797173,54.8278061897629,4.06365345955093
508.039129547776,140.898838077294,4.28974987279854
NA,NA,NA
660.907363291014,335.372405399917,3.49967102474207
454.382309446072,298.239583490158,3.62424897540418
12.0294223893912,497.990470937815,3.5713938002276
560.763189273796,54.6852782987713,4.07050476218626
71.9210619205865,375.882508282363,4.10608665825298
225.586047662438,412.135681744914,3.83995176864703
427.952943224232,11.9208853561517,3.21628899587686
361.374672213099,293.113236444307,2.97346970688801
601.90610282568,113.674028847407,4.17635607219562
393.190883227646,232.297072698327,4.22197467976132
568.060845780888,405.568408346208,4.74350403440019
140.084401701114,282.898649823768,4.66503705957535
193.699078542245,370.450762301806,3.97799816725024
122.541000108899,411.071885694834,3.47612340836497
623.286697328284,314.167973813389,4.53549321437685
0.230550255234865,152.620392994908,4.40919942920666
546.872639995128,200.867786721107,4.16571929373072
34.19296393636,492.136039663793,2.97559027882441
276.896738504225,20.7307198539339,3.87029044449917
534.119887759733,391.630559539644,3.42048103617173
67.4935054224517,77.0928054847416,5.22174433510484
1.72096308797117,78.1979868572239,3.43760199787769
588.680892198038,228.862720011128,3.9367628875085
437.945473312336,460.297132935774,4.79287971908854
659.234062303776,374.276520826286,3.27719377934069
108.45012113486,489.286019479047,4.33699463049723
624.783279604388,87.6719682131686,4.03493315567641
422.730903991928,259.539813361907,3.5921933557872
11.4048485168061,181.307823613923,3.22933474250563
58.6515128478948,113.213333933331,4.41366880286748
605.952965055192,204.176235479095,4.24995914766362
248.261236624456,225.044571985837,3.69819028871435
573.725011110374,432.730688972568,3.92595270735914
299.797670086258,140.074844760427,3.70273239840797
528.357456055465,451.222504223895,3.80985898204299
43.1190135915818,417.205411755601,3.56968431499506
197.23543192105,281.492809914177,4.30864627093649
553.698635427383,262.287213262686,3.91276993825668
173.610060965956,34.5849018610842,4.23821714769795
501.358234707501,352.548017712799,4.60015086351658
34.7137704797173,54.8278061897629,4.06365345955093
508.039129547776,140.898838077294,4.28974987279854
NA,NA,NA
660.907363291014,335.372405399917,3.49967102474207
454.382309446072,298.239583490158,3.62424897540418
12.0294223893912,497.990470937815,3.5713938002276
560.763189273796,54.6852782987713,4.07050476218626
71.9210619205865,375.882508282363,4.10608665825298
225.586047662438,412.135681744914,3.83995176864703
427.952943224232,11.9208853561517,3.21628899587686
361.374672213099,293.113236444307,2.97346970688801
601.90610282568,113.674028847407,4.17635607219562
393.190883227646,232.297072698327,4.22197467976132
568.060845780888,405.568408346208,4.74350403440019
140.084401701114,282.898649823768,4.66503705957535
193.699078542245,370.450762301806,3.97799816725024
122.541000108899,411.071885694834,3.47612340836497
623.286697328284,314.167973813389,4.53549321437685
0.230550255234865,152.620392994908,4.40919942920666
546.872639995128,200.867786721107,4.16571929373072
34.19296393636,492.136039663793,2.97559027882441
276.896738504225,20.7307198539339,3.87029044449917
534.119887759733,391.630559539644,3.42048103617173
67.4935054224517,77.0928054847416,5.22174433510484
1.72096308797117,78.1979868572239,3.43760199787769
588.680892198038,228.862720011128,3.9367628875085
437.945473312336,460.297132935774,4.79287971908854
659.234062303776,374.276520826286,3.27719377934069
108.45012113486,489.286019479047,4.33699463049723
624.783279604388,87.6719682131686,4.03493315567641
422.730903991928,259.539813361907,3.5921933557872
11.4048485168061,181.307823613923,3.22933474250563
58.6515128478948,113.213333933331,4.41366880286748
605.952965055192,204.176235479095,4.24995914766362
248.261236624456,225.044571985837,3.69819028871435
573.725011110374,432.730688972568,3.92595270735914
299.797670086258,140.074844760427,3.70273239840797
528.357456055465,451.222504223895,3.80985898204299
43.1190135915818,417.205411755601,3.56968431499506
197.23543192105,281.492809914177,4.30864627093649
553.698635427383,262.287213262686,3.91276993825668
173.610060965956,34.5849018610842,4.23821714769795
501.358234707501,352.548017712799,4.60015086351658
34.7137704797173,54.8278061897629,4.06365345955093
508.039129547776,140.898838077294,4.28974987279854
NA,NA,NA
660.907363291014,335.372405399917,3.49967102474207
454.382309446072,298.239583490158,3.62424897540418
12.0294223893912,497.990470937815,3.5713938002276
560.763189273796,54.6852782987713,4.07050476218626
71.9210619205865,375.882508282363,4.10608665825298
225.586047662438,412.135681744914,3.83995176864703
427.952943224232,11.9208853561517,3.21628899587686
361.374672213099,293.113236444307,2.97346970688801
601.90610282568,113.674028847407,4.17635607219562
393.190883227646,232.297072698327,4.22197467976132
568.060845780888,405.568408346208,4.74350403440019
140.084401701114,282.898649823768,4.66503705957535
193.699078542245,370.450762301806,3.97799816725024
122.541000108899,411.071885694834,3.47612340836497
623.286697328284,314.167973813389,4.53549321437685
0.230550255234865,152.620392994908,4.40919942920666
546.872639995128,200.867786721107,4.16571929373072
34.19296393636,492.136039663793,2.97559027882441
276.896738504225,20.7307198539339,3.87029044449917
534.119887759733,391.630559539644,3.42048103617173
67.4935054224517,77.0928054847416,5.22174433510484
1.72096308797117,78.1979868572239,3.43760199787769
588.680892198038,228.862720011128,3.9367628875085
437.945473312336,460.297132935774,4.79287971908854
659.234062303776,374.276520826286,3.27719377934069
108.45012113486,489.286019479047,4.33699463049723
624.783279604388,87.6719682131686,4.03493315567641
422.730903991928,259.539813361907,3.5921933557872
11.4048485168061,181.307823613923,3.22933474250563
58.6515128478948,113.213333933331,4.41366880286748
605.952965055192,204.176235479095,4.24995914766362
248.261236624456,225.044571985837,3.69819028871435
573.725011110374,432.730688972568,3.92595270735914
299.797670086258,140.074844760427,3.70273239840797
528.357456055465,451.222504223895,3.80985898204299
43.1190135915818,417.205411755601,3.56968431499506
197.23543192105,281.492809914177,4.30864627093649
553.698635427383,262.287213262686,3.91276993825668
173.610060965956,34.5849018610842,4.23821714769795
501.358234707501,352.548017712799,4.60015086351658
34.7137704797173,54.8278061897629,4.06365345955093
508.039129547776,140.898838077294,4.28974987279854
NA,NA,NA
660.907363291014,335.372405399917,3.49967102474207
454.382309446072,298.239583490158,3.62424897540418
12.0294223893912,497.990470937815,3.5713938002276
560.763189273796,54.6852782987713,4.07050476218626
71.9210619205865,375.882508282363,4.10608665825298
225.586047662438,412.135681744914,3.83995176864703
427.952943224232,11.9208853561517,3.21628899587686
361.374672213099,293.113236444307,2.97346970688801
601.90610282568,113.674028847407,4.17635607219562
393.190883227646,232.297072698327,4.22197467976132
568.060845780888,405.568408346208,4.74350403440019
140.084401701114,282.898649823768,4.66503705957535
193.699078542245,370.450762301806,3.97799816725024
122.541000108899,411.071885694834,3.47612340836497
623.286697328284,314.167973813389,4.53549321437685
0.230550255234865,152.620392994908,4.40919942920666
546.872639995128,200.867786721107,4.16571929373072
34.19296393636,492.136039663793,2.97559027882441
276.896738504225,20.7307198539339,3.87029044449917
534.119887759733,391.630559539644,3.42048103617173
67.4935054224517,77.0928054847416,5.22174433510484
1.72096308797117,78.1979868572239,3.43760199787769
588.680892198038,228.862720011128,3.9367628875085
437.945473312336,460.297132935774,4.79287971908854
659.234062303776,374.276520826286,3.27719377934069
108.45012113486,489.286019479047,4.33699463049723
624.783279604388,87.6719682131686,4.03493315567641
422.730903991928,259.539813361907,3.5921933557872
11.4048485168061,181.307823613923,3.22933474250563
58.6515128478948,113.213333933331,4.41366880286748
605.952965055192,204.176235479095,4.24995914766362
248.261236624456,225.044571985837,3.69819028871435
573.725011110374,432.730688972568,3.92595270735914
299.797670086258,140.074844760427,3.70273239840797
528.357456055465,451.222504223895,3.80985898204299
43.1190135915818,417.205411755601,3.56968431499506
197.23543192105,281.492809914177,4.30864627093649
553.698635427383,262.287213262686,3.91276993825668
173.610060965956,34.5849018610842,4.23821714769795
501.358234707501,352.548017712799,4.60015086351658
34.7137704797173,54.8278061897629,4.06365345955093
508.039129547776,140.898838077294,4.28974987279854
NA,NA,NA
660.907363291014,335.372405399917,3.49967102474207
454.382309446072,298.239583490158,3.62424897540418
12.0294223893912,497.990470937815,3.5713938002276
560.763189273796,54.6852782987713,4.07050476218626
71.9210619205865,375.882508282363,4.10608665825298
225.586047662438,412.135681744914,3.83995176864703
427.952943224232,11.9208853561517,3.21628899587686
361.374672213099,293.113236444307,2.97346970688801
601.90610282568,113.674028847407,4.17635607219562
393.190883227646,232.297072698327,4.22197467976132
568.060845780888,405.568408346208,4.74350403440019
140.084401701114,282.898649823768,4.66503705957535
193.699078542245,370.450762301806,3.97799816725024
122.541000108899,411.071885694834,3.47612340836497
623.286697328284,314.167973813389,4.53549321437685
0.230550255234865,152.620392994908,4.40919942920666
546.872639995128,200.867786721107,4.16571929373072
34.19296393636,492.136039663793,2.97559027882441
276.896738504225,20.7307198539339,3.87029044449917
534.119887759733,391.630559539644,3.42048103617173
67.4935054224517,77.0928054847416,5.22174433510484
1.72096308797117,78.1979868572239,3.43760199787769
588.680892198038,228.862720011128,3.9367628875085
437.945473312336,460.297132935774,4.79287971908854
659.234062303776,374.276520826286,3.27719377934069
108.45012113486,489.286019479047,4.33699463049723
624.783279604388,87.6719682131686,4.03493315567641
422.730903991928,259.539813361907,3.5921933557872
11.4048485168061,181.307823613923,3.22933474250563
58.6515128478948,113.213333933331,4.41366880286748
605.952965055192,204.176235479095,4.24995914766362
248.261236624456,225.044571985837,3.69819028871435
573.725011110374,432.730688972568,3.92595270735914
299.797670086258,140.074844760427,3.70273239840797
528.357456055465,451.222504223895,3.80985898204299
43.1190135915818,417.205411755601,3.56968431499506
197.23543192105,281.492809914177,4.30864627093649
553.698635427383,262.287213262686,3.91276993825668
173.610060965956,34.5849018610842,4.23821714769795
501.358234707501,352.548017712799,4.60015086351658
34.7137704797173,54.8278061897629,4.06365345955093
508.039129547776,140.898838077294,4.28974987279854
NA,NA,NA
661.35112559128,334.82950403193,3.50700544388571
453.147413336448,295.165700154564,3.65267092823782
3.00753800280724,496.925183926904,3.64686721293866
558.876263419582,49.6332128640146,4.07601838078028
67.1422694206929,377.829134839643,4.02216020198863
230.588934189572,415.492473491883,3.9139342633276
432.054111465697,13.4029044262795,3.43497141452583
361.892163320755,294.307428274497,3.06196207597962
604.687292740272,103.238599511076,4.15900451065519
388.916487559422,229.941145721507,4.20083909340841
567.042988452039,411.137802668531,4.67695658864165
141.111129294111,276.289119436257,4.60865166156667
191.987421955613,371.493793749411,3.98001178269453
122.682561601334,410.426131768178,3.33538924512335
625.147641204276,310.164829348688,4.68891278516328
2.32432283913879,151.45830855176,4.30586645754023
546.271996927106,204.90319834665,4.15859305301746
34.9171027133141,491.263088219092,2.97270471289636
276.584594451552,23.013393749722,3.75152332791325
535.569259849446,392.201507707732,3.20347850257708
66.9083782232097,78.257509243442,5.17427164354532
4.98700511285467,80.0163614597302,3.43163236620122
583.982569703002,229.049772888272,3.94974127126626
442.995693318717,453.103878197831,4.7324426022052
657.572890442189,375.117592390194,3.16368384425888
105.188402853602,488.610645940929,4.30543263408405
619.804474462025,90.1815038863298,4.06903374522384
420.932009544104,259.173425549103,3.60775956280077
11.987980178161,182.930991370284,3.29858037297249
59.7918094383756,120.642148205281,4.33614443490657
605.954408547391,209.619677482593,4.23090597287664
248.320879185716,220.772054847767,3.88511055979186
577.523357065359,435.953151617239,3.77477443624385
303.207305088291,139.16585321155,3.81897109308403
535.283511785979,458.805514559039,3.84961886042533
52.1090538250818,423.536481675406,3.81010558085803
202.708852495995,301.839869344485,4.06229571893798
553.555071139019,266.403282923793,4.17137928019833
156.843165014732,30.3313167640631,4.38245503908118
505.321307859692,344.133303699296,4.48833052728737
36.8100475262544,56.1979645084521,4.15043845620967
522.720349309502,139.80409205382,4.89123301887098
NA,NA,NA
661.35112559128,334.82950403193,3.50700544388571
453.147413336448,295.165700154564,3.65267092823782
3.00753800280724,496.925183926904,3.64686721293866
558.876263419582,49.6332128640146,4.07601838078028
67.1422694206929,377.829134839643,4.02216020198863
230.588934189572,415.492473491883,3.9139342633276
432.054111465697,13.4029044262795,3.43497141452583
361.892163320755,294.307428274497,3.06196207597962
604.687292740272,103.238599511076,4.15900451065519
388.916487559422,229.941145721507,4.20083909340841
567.042988452039,411.137802668531,4.67695658864165
141.111129294111,276.289119436257,4.60865166156667
191.987421955613,371.493793749411,3.98001178269453
122.682561601334,410.426131768178,3.33538924512335
625.147641204276,310.164829348688,4.68891278516328
2.32432283913879,151.45830855176,4.30586645754023
546.271996927106,204.90319834665,4.15859305301746
34.9171027133141,491.263088219092,2.97270471289636
276.584594451552,23.013393749722,3.75152332791325
535.569259849446,392.201507707732,3.20347850257708
66.9083782232097,78.257509243442,5.17427164354532
4.98700511285467,80.0163614597302,3.43163236620122
583.982569703002,229.049772888272,3.94974127126626
442.995693318717,453.103878197831,4.7324426022052
657.572890442189,375.117592390194,3.16368384425888
105.188402853602,488.610645940929,4.30543263408405
619.804474462025,90.1815038863298,4.06903374522384
420.932009544104,259.173425549103,3.60775956280077
11.987980178161,182.930991370284,3.29858037297249
59.7918094383756,120.642148205281,4.33614443490657
605.954408547391,209.619677482593,4.23090597287664
248.320879185716,220.772054847767,3.88511055979186
577.523357065359,435.953151617239,3.77477443624385
303.207305088291,139.16585321155,3.81897109308403
535.283511785979,458.805514559039,3.84961886042533
52.1090538250818,423.536481675406,3.81010558085803
202.708852495995,301.839869344485,4.06229571893798
553.555071139019,266.403282923793,4.17137928019833
156.843165014732,30.3313167640631,4.38245503908118
505.321307859692,344.133303699296,4.48833052728737
36.8100475262544,56.1979645084521,4.15043845620967
522.720349309502,139.80409205382,4.89123301887098
NA,NA,NA
661.35112559128,334.82950403193,3.50700544388571
453.147413336448,295.165700154564,3.65267092823782
3.00753800280724,496.925183926904,3.64686721293866
558.876263419582,49.6332128640146,4.07601838078028
67.1422694206929,377.829134839643,4.02216020198863
230.588934189572,415.492473491883,3.9139342633276
432.054111465697,13.4029044262795,3.43497141452583
361.892163320755,294.307428274497,3.06196207597962
604.687292740272,103.238599511076,4.15900451065519
388.916487559422,229.941145721507,4.20083909340841
567.042988452039,411.137802668531,4.67695658864165
141.111129294111,276.289119436257,4.60865166156667
191.987421955613,371.493793749411,3.98001178269453
122.682561601334,410.426131768178,3.33538924512335
625.147641204276,310.164829348688,4.68891278516328
2.32432283913879,151.45830855176,4.30586645754023
546.271996927106,204.90319834665,4.15859305301746
34.9171027133141,491.263088219092,2.97270471289636
276.584594451552,23.013393749722,3.75152332791325
535.569259849446,392.201507707732,3.20347850257708
66.9083782232097,78.257509243442,5.17427164354532
4.98700511285467,80.0163614597302,3.43163236620122
583.982569703002,229.049772888272,3.94974127126626
442.995693318717,453.103878197831,4.7324426022052
657.572890442189,375.117592390194,3.16368384425888
105.188402853602,488.610645940929,4.30543263408405
619.804474462025,90.1815038863298,4.06903374522384
420.932009544104,259.173425549103,3.60775956280077
11.987980178161,182.930991370284,3.29858037297249
59.7918094383756,120.642148205281,4.33614443490657
605.954408547391,209.619677482593,4.23090597287664
248.320879185716,220.772054847767,3.88511055979186
577.523357065359,435.953151617239,3.77477443624385
303.207305088291,139.16585321155,3.81897109308403
535.283511785979,458.805514559039,3.84961886042533
52.1090538250818,423.536481675406,3.81010558085803
202.708852495995,301.839869344485,4.06229571893798
553.555071139019,266.403282923793,4.17137928019833
156.843165014732,30.3313167640631,4.38245503908118
505.321307859692,344.133303699296,4.48833052728737
36.8100475262544,56.1979645084521,4.15043845620967
522.720349309502,139.80409205382,4.89123301887098
NA,NA,NA
661.35112559128,334.82950403193,3.50700544388571
453.147413336448,295.165700154564,3.65267092823782
3.00753800280724,496.925183926904,3.64686721293866
558.876263419582,49.6332128640146,4.07601838078028
67.1422694206929,377.829134839643,4.02216020198863
230.588934189572,415.492473491883,3.9139342633276
432.054111465697,13.4029044262795,3.43497141452583
361.892163320755,294.307428274497,3.06196207597962
604.687292740272,103.238599511076,4.15900451065519
388.916487559422,229.941145721507,4.20083909340841
567.042988452039,411.137802668531,4.67695658864165
141.111129294111,276.289119436257,4.60865166156667
191.987421955613,371.493793749411,3.98001178269453
122.682561601334,410.426131768178,3.33538924512335
625.147641204276,310.164829348688,4.68891278516328
2.32432283913879,151.45830855176,4.30586645754023
546.271996927106,204.90319834665,4.15859305301746
34.9171027133141,491.263088219092,2.97270471289636
276.584594451552,23.013393749722,3.75152332791325
535.569259849446,392.201507707732,3.20347850257708
66.9083782232097,78.257509243442,5.17427164354532
4.98700511285467,80.0163614597302,3.43163236620122
583.982569703002,229.049772888272,3.94974127126626
442.995693318717,453.103878197831,4.7324426022052
657.572890442189,375.117592390194,3.16368384425888
105.188402853602,488.610645940929,4.30543263408405
619.804474462025,90.1815038863298,4.06903374522384
420.932009544104,259.173425549103,3.60775956280077
11.987980178161,182.930991370284,3.29858037297249
59.7918094383756,120.642148205281,4.33614443490657
605.954408547391,209.619677482593,4.23090597287664
248.320879185716,220.772054847767,3.88511055979186
577.523357065359,435.953151617239,3.77477443624385
303.207305088291,139.16585321155,3.81897109308403
535.283511785979,458.805514559039,3.84961886042533
52.1090538250818,423.536481675406,3.81010558085803
202.708852495995,301.839869344485,4.06229571893798
553.555071139019,266.403282923793,4.17137928019833
156.843165014732,30.3313167640631,4.38245503908118
505.321307859692,344.133303699296,4.48833052728737
36.8100475262544,56.1979645084521,4.15043845620967
522.720349309502,139.80409205382,4.89123301887098
NA,NA,NA
661.35112559128,334.82950403193,3.50700544388571
453.147413336448,295.165700154564,3.65267092823782
3.00753800280724,496.925183926904,3.64686721293866
558.876263419582,49.6332128640146,4.07601838078028
67.1422694206929,377.829134839643,4.02216020198863
230.588934189572,415.492473491883,3.9139342633276
432.054111465697,13.4029044262795,3.43497141452583
361.892163320755,294.307428274497,3.06196207597962
604.687292740272,103.238599511076,4.15900451065519
388.916487559422,229.941145721507,4.20083909340841
567.042988452039,411.137802668531,4.67695658864165
141.111129294111,276.289119436257,4.60865166156667
191.987421955613,371.493793749411,3.98001178269453
122.682561601334,410.426131768178,3.33538924512335
625.147641204276,310.164829348688,4.68891278516328
2.32432283913879,151.45830855176,4.30586645754023
546.271996927106,204.90319834665,4.15859305301746
34.9171027133141,491.263088219092,2.97270471289636
276.584594451552,23.013393749722,3.75152332791325
535.569259849446,392.201507707732,3.20347850257708
66.9083782232097,78.257509243442,5.17427164354532
4.98700511285467,80.0163614597302,3.43163236620122
583.982569703002,229.049772888272,3.94974127126626
442.995693318717,453.103878197831,4.7324426022052
657.572890442189,375.117592390194,3.16368384425888
105.188402853602,488.610645940929,4.30543263408405
619.804474462025,90.1815038863298,4.06903374522384
420.932009544104,259.173425549103,3.60775956280077
11.987980178161,182.930991370284,3.29858037297249
59.7918094383756,120.642148205281,4.33614443490657
605.954408547391,209.619677482593,4.23090597287664
248.320879185716,220.772054847767,3.88511055979186
577.523357065359,435.953151617239,3.77477443624385
303.207305088291,139.16585321155,3.81897109308403
535.283511785979,458.805514559039,3.84961886042533
52.1090538250818,423.536481675406,3.81010558085803
202.708852495995,301.839869344485,4.06229571893798
553.555071139019,266.403282923793,4.17137928019833
156.843165014732,30.3313167640631,4.38245503908118
505.321307859692,344.133303699296,4.48833052728737
36.8100475262544,56.1979645084521,4.15043845620967
522.720349309502,139.80409205382,4.89123301887098
NA,NA,NA
661.35112559128,334.82950403193,3.50700544388571
453.147413336448,295.165700154564,3.65267092823782
3.00753800280724,496.925183926904,3.64686721293866
558.876263419582,49.6332128640146,4.07601838078028
67.1422694206929,377.829134839643,4.02216020198863
230.588934189572,415.492473491883,3.9139342633276
432.054111465697,13.4029044262795,3.43497141452583
361.892163320755,294.307428274497,3.06196207597962
604.687292740272,103.238599511076,4.15900451065519
388.916487559422,229.941145721507,4.20083909340841
567.042988452039,411.137802668531,4.67695658864165
141.111129294111,276.289119436257,4.60865166156667
191.987421955613,371.493793749411,3.98001178269453
122.682561601334,410.426131768178,3.33538924512335
625.147641204276,310.164829348688,4.68891278516328
2.32432283913879,151.45830855176,4.30586645754023
546.271996927106,204.90319834665,4.15859305301746
34.9171027133141,491.263088219092,2.97270471289636
276.584594451552,23.013393749722,3.75152332791325
535.569259849446,392.201507707732,3.20347850257708
66.9083782232097,78.257509243442,5.17427164354532
4.98700511285467,80.0163614597302,3.43163236620122
583.982569703002,229.049772888272,3.94974127126626
442.995693318717,453.103878197831,4.7324426022052
657.572890442189,375.117592390194,3.16368384425888
105.188402853602,488.610645940929,4.30543263408405
619.804474462025,90.1815038863298,4.06903374522384
420.932009544104,259.173425549103,3.60775956280077
11.987980178161,182.930991370284,3.29858037297249
59.7918094383756,120.642148205281,4.33614443490657
605.954408547391,209.619677482593,4.23090597287664
248.320879185716,220.772054847767,3.88511055979186
577.523357065359,435.953151617239,3.77477443624385
303.207305088291,139.16585321155,3.81897109308403
535.283511785979,458.805514559039,3.84961886042533
52.1090538250818,423.536481675406,3.81010558085803
202.708852495995,301.839869344485,4.06229571893798
553.555071139019,266.403282923793,4.17137928019833
156.843165014732,30.3313167640631,4.38245503908118
505.321307859692,344.133303699296,4.48833052728737
36.8100475262544,56.1979645084521,4.15043845620967
522.720349309502,139.80409205382,4.89123301887098
NA,NA,NA
663.234053907213,335.965608385631,3.4771828607267
456.73905593433,295.194876557339,3.57691478773902
6.09869783084422,496.105838244559,3.55481468182563
562.613876407049,51.2649974888015,4.15173733129704
75.5613345613635,374.914274062718,4.0709855440207
224.025487573029,413.031275597777,3.88774762990969
428.957762972485,11.9571864739549,3.32345526711149
361.462060273193,294.210128397116,3.10947404495123
603.176387736174,104.350106056766,4.35624642082171
395.707567865518,228.26523503368,4.20106587308415
572.818989416721,409.273639707047,4.72516025211652
139.8101587559,277.163407676071,4.447092581467
201.491903520785,366.183182002932,3.96704249620561
125.179666321752,412.938674218204,3.50472850626843
625.307344378573,311.779219913565,4.48268788824132
0.994098063050929,148.776759234306,4.34307960284131
536.595119824948,203.382821167464,4.36956258002314
34.3013563937113,490.077117038556,3.00791097995955
278.423087181223,21.0505170821375,3.84164858931753
532.173705147876,390.345075235012,3.4180955943499
78.143195843646,72.6907584551887,5.13526513294483
3.28564487914181,73.9096985748472,3.47919113903896
590.377584495683,231.672757996286,4.03632406353958
443.481001159164,457.829674236455,4.70141908001339
660.040265465911,374.617553822791,2.96275915435126
107.435465084426,485.28735631634,4.41019748332837
627.270292109901,88.228558095039,4.10483062399936
423.009840843435,260.922928148177,3.6307204647867
13.2387006583056,181.168088684707,3.30400473581538
60.106035346541,111.054270780186,4.31145394893847
608.313752054927,205.351476535576,4.34085626127977
251.62315999237,225.386237401712,3.85521444776929
572.041838255434,440.203699767679,3.79961906169075
308.139039516953,136.503199620741,3.96427644612186
532.656362160734,456.810581885103,3.7214702476674
45.6155209592051,410.696140324718,3.96641985259509
199.03850048588,287.890861648815,3.77318028916276
550.567035676824,259.993794447586,3.9363785130426
183.505065571499,29.1819360379621,4.11813584496233
498.033136949321,344.887541339117,4.50422289126361
29.4065125552676,51.8115186454836,4.02317533486402
533.335425380348,145.023891885754,4.67005347787537
NA,NA,NA
663.234053907213,335.965608385631,3.4771828607267
456.73905593433,295.194876557339,3.57691478773902
6.09869783084422,496.105838244559,3.55481468182563
562.613876407049,51.2649974888015,4.15173733129704
75.5613345613635,374.914274062718,4.0709855440207
224.025487573029,413.031275597777,3.88774762990969
428.957762972485,11.9571864739549,3.32345526711149
361.462060273193,294.210128397116,3.10947404495123
603.176387736174,104.350106056766,4.35624642082171
395.707567865518,228.26523503368,4.20106587308415
572.818989416721,409.273639707047,4.72516025211652
139.8101587559,277.163407676071,4.447092581467
201.491903520785,366.183182002932,3.96704249620561
125.179666321752,412.938674218204,3.50472850626843
625.307344378573,311.779219913565,4.48268788824132
0.994098063050929,148.776759234306,4.34307960284131
536.595119824948,203.382821167464,4.36956258002314
34.3013563937113,490.077117038556,3.00791097995955
278.423087181223,21.0505170821375,3.84164858931753
532.173705147876,390.345075235012,3.4180955943499
78.143195843646,72.6907584551887,5.13526513294483
3.28564487914181,73.9096985748472,3.47919113903896
590.377584495683,231.672757996286,4.03632406353958
443.481001159164,457.829674236455,4.70141908001339
660.040265465911,374.617553822791,2.96275915435126
107.435465084426,485.28735631634,4.41019748332837
627.270292109901,88.228558095039,4.10483062399936
423.009840843435,260.922928148177,3.6307204647867
13.2387006583056,181.168088684707,3.30400473581538
60.106035346541,111.054270780186,4.31145394893847
608.313752054927,205.351476535576,4.34085626127977
251.62315999237,225.386237401712,3.85521444776929
572.041838255434,440.203699767679,3.79961906169075
308.139039516953,136.503199620741,3.96427644612186
532.656362160734,456.810581885103,3.7214702476674
45.6155209592051,410.696140324718,3.96641985259509
199.03850048588,287.890861648815,3.77318028916276
550.567035676824,259.993794447586,3.9363785130426
183.505065571499,29.1819360379621,4.11813584496233
498.033136949321,344.887541339117,4.50422289126361
29.4065125552676,51.8115186454836,4.02317533486402
533.335425380348,145.023891885754,4.67005347787537
NA,NA,NA
663.234053907213,335.965608385631,3.4771828607267
456.73905593433,295.194876557339,3.57691478773902
6.09869783084422,496.105838244559,3.55481468182563
562.613876407049,51.2649974888015,4.15173733129704
75.5613345613635,374.914274062718,4.0709855440207
224.025487573029,413.031275597777,3.88774762990969
428.957762972485,11.9571864739549,3.32345526711149
361.462060273193,294.210128397116,3.10947404495123
603.176387736174,104.350106056766,4.35624642082171
395.707567865518,228.26523503368,4.20106587308415
572.818989416721,409.273639707047,4.72516025211652
139.8101587559,277.163407676071,4.447092581467
201.491903520785,366.183182002932,3.96704249620561
125.179666321752,412.938674218204,3.50472850626843
625.307344378573,311.779219913565,4.48268788824132
0.994098063050929,148.776759234306,4.34307960284131
536.595119824948,203.382821167464,4.36956258002314
34.3013563937113,490.077117038556,3.00791097995955
278.423087181223,21.0505170821375,3.84164858931753
532.173705147876,390.345075235012,3.4180955943499
78.143195843646,72.6907584551887,5.13526513294483
3.28564487914181,73.9096985748472,3.47919113903896
590.377584495683,231.672757996286,4.03632406353958
443.481001159164,457.829674236455,4.70141908001339
660.040265465911,374.617553822791,2.96275915435126
107.435465084426,485.28735631634,4.41019748332837
627.270292109901,88.228558095039,4.10483062399936
423.009840843435,260.922928148177,3.6307204647867
13.2387006583056,181.168088684707,3.30400473581538
60.106035346541,111.054270780186,4.31145394893847
608.313752054927,205.351476535576,4.34085626127977
251.62315999237,225.386237401712,3.85521444776929
572.041838255434,440.203699767679,3.79961906169075
308.139039516953,136.503199620741,3.96427644612186
532.656362160734,456.810581885103,3.7214702476674
45.6155209592051,410.696140324718,3.96641985259509
199.03850048588,287.890861648815,3.77318028916276
550.567035676824,259.993794447586,3.9363785130426
183.505065571499,29.1819360379621,4.11813584496233
498.033136949321,344.887541339117,4.50422289126361
29.4065125552676,51.8115186454836,4.02317533486402
533.335425380348,145.023891885754,4.67005347787537
NA,NA,NA
663.234053907213,335.965608385631,3.4771828607267
456.73905593433,295.194876557339,3.57691478773902
6.09869783084422,496.105838244559,3.55481468182563
562.613876407049,51.2649974888015,4.15173733129704
75.5613345613635,374.914274062718,4.0709855440207
224.025487573029,413.031275597777,3.88774762990969
428.957762972485,11.9571864739549,3.32345526711149
361.462060273193,294.210128397116,3.10947404495123
603.176387736174,104.350106056766,4.35624642082171
395.707567865518,228.26523503368,4.20106587308415
572.818989416721,409.273639707047,4.72516025211652
139.8101587559,277.163407676071,4.447092581467
201.491903520785,366.183182002932,3.96704249620561
125.179666321752,412.938674218204,3.50472850626843
625.307344378573,311.779219913565,4.48268788824132
0.994098063050929,148.776759234306,4.34307960284131
536.595119824948,203.382821167464,4.36956258002314
34.3013563937113,490.077117038556,3.00791097995955
278.423087181223,21.0505170821375,3.84164858931753
532.173705147876,390.345075235012,3.4180955943499
78.143195843646,72.6907584551887,5.13526513294483
3.28564487914181,73.9096985748472,3.47919113903896
590.377584495683,231.672757996286,4.03632406353958
443.481001159164,457.829674236455,4.70141908001339
660.040265465911,374.617553822791,2.96275915435126
107.435465084426,485.28735631634,4.41019748332837
627.270292109901,88.228558095039,4.10483062399936
423.009840843435,260.922928148177,3.6307204647867
13.2387006583056,181.168088684707,3.30400473581538
60.106035346541,111.054270780186,4.31145394893847
608.313752054927,205.351476535576,4.34085626127977
251.62315999237,225.386237401712,3.85521444776929
572.041838255434,440.203699767679,3.79961906169075
308.139039516953,136.503199620741,3.96427644612186
532.656362160734,456.810581885103,3.7214702476674
45.6155209592051,410.696140324718,3.96641985259509
199.03850048588,287.890861648815,3.77318028916276
550.567035676824,259.993794447586,3.9363785130426
183.505065571499,29.1819360379621,4.11813584496233
498.033136949321,344.887541339117,4.50422289126361
29.4065125552676,51.8115186454836,4.02317533486402
533.335425380348,145.023891885754,4.67005347787537
NA,NA,NA
663.234053907213,335.965608385631,3.4771828607267
456.73905593433,295.194876557339,3.57691478773902
6.09869783084422,496.105838244559,3.55481468182563
562.613876407049,51.2649974888015,4.15173733129704
75.5613345613635,374.914274062718,4.0709855440207
224.025487573029,413.031275597777,3.88774762990969
428.957762972485,11.9571864739549,3.32345526711149
361.462060273193,294.210128397116,3.10947404495123
603.176387736174,104.350106056766,4.35624642082171
395.707567865518,228.26523503368,4.20106587308415
572.818989416721,409.273639707047,4.72516025211652
139.8101587559,277.163407676071,4.447092581467
201.491903520785,366.183182002932,3.96704249620561
125.179666321752,412.938674218204,3.50472850626843
625.307344378573,311.779219913565,4.48268788824132
0.994098063050929,148.776759234306,4.34307960284131
536.595119824948,203.382821167464,4.36956258002314
34.3013563937113,490.077117038556,3.00791097995955
278.423087181223,21.0505170821375,3.84164858931753
532.173705147876,390.345075235012,3.4180955943499
78.143195843646,72.6907584551887,5.13526513294483
3.28564487914181,73.9096985748472,3.47919113903896
590.377584495683,231.672757996286,4.03632406353958
443.481001159164,457.829674236455,4.70141908001339
660.040265465911,374.617553822791,2.96275915435126
107.435465084426,485.28735631634,4.41019748332837
627.270292109901,88.228558095039,4.10483062399936
423.009840843435,260.922928148177,3.6307204647867
13.2387006583056,181.168088684707,3.30400473581538
60.106035346541,111.054270780186,4.31145394893847
608.313752054927,205.351476535576,4.34085626127977
251.62315999237,225.386237401712,3.85521444776929
572.041838255434,440.203699767679,3.79961906169075
308.139039516953,136.503199620741,3.96427644612186
532.656362160734,456.810581885103,3.7214702476674
45.6155209592051,410.696140324718,3.96641985259509
199.03850048588,287.890861648815,3.77318028916276
550.567035676824,259.993794447586,3.9363785130426
183.505065571499,29.1819360379621,4.11813584496233
498.033136949321,344.887541339117,4.50422289126361
29.4065125552676,51.8115186454836,4.02317533486402
533.335425380348,145.023891885754,4.67005347787537
NA,NA,NA
663.234053907213,335.965608385631,3.4771828607267
456.73905593433,295.194876557339,3.57691478773902
6.09869783084422,496.105838244559,3.55481468182563
562.613876407049,51.2649974888015,4.15173733129704
75.5613345613635,374.914274062718,4.0709855440207
224.025487573029,413.031275597777,3.88774762990969
428.957762972485,11.9571864739549,3.32345526711149
361.462060273193,294.210128397116,3.10947404495123
603.176387736174,104.350106056766,4.35624642082171
395.707567865518,228.26523503368,4.20106587308415
572.818989416721,409.273639707047,4.72516025211652
139.8101587559,277.163407676071,4.447092581467
201.491903520785,366.183182002932,3.96704249620561
125.179666321752,412.938674218204,3.50472850626843
625.307344378573,311.779219913565,4.48268788824132
0.994098063050929,148.776759234306,4.34307960284131
536.595119824948,203.382821167464,4.36956258002314
34.3013563937113,490.077117038556,3.00791097995955
278.423087181223,21.0505170821375,3.84164858931753
532.173705147876,390.345075235012,3.4180955943499
78.143195843646,72.6907584551887,5.13526513294483
3.28564487914181,73.9096985748472,3.47919113903896
590.377584495683,231.672757996286,4.03632406353958
443.481001159164,457.829674236455,4.70141908001339
660.040265465911,374.617553822791,2.96275915435126
107.435465084426,485.28735631634,4.41019748332837
627.270292109901,88.228558095039,4.10483062399936
423.009840843435,260.922928148177,3.6307204647867
13.2387006583056,181.168088684707,3.30400473581538
60.106035346541,111.054270780186,4.31145394893847
608.313752054927,205.351476535576,4.34085626127977
251.62315999237,225.386237401712,3.85521444776929
572.041838255434,440.203699767679,3.79961906169075
308.139039516953,136.503199620741,3.96427644612186
532.656362160734,456.810581885103,3.7214702476674
45.6155209592051,410.696140324718,3.96641985259509
199.03850048588,287.890861648815,3.77318028916276
550.567035676824,259.993794447586,3.9363785130426
183.505065571499,29.1819360379621,4.11813584496233
498.033136949321,344.887541339117,4.50422289126361
29.4065125552676,51.8115186454836,4.02317533486402
533.335425380348,145.023891885754,4.67005347787537
NA,NA,NA
664.554534230037,331.125530728818,3.42023520106382
456.779852602155,301.155130020498,3.46165664898039
6.80853538085772,493.870857336661,3.70730175264085
561.525563737728,52.9373770711983,4.17668763689606
68.6502714466447,371.946516876502,3.95719142724759
231.146772074002,412.288482858923,3.95019991852246
428.832635454078,9.7509573175966,3.30356757849639
362.867346762532,291.473813284472,3.09048543209467
605.920798808209,106.755628373596,4.17919174899608
391.982433167387,232.892678243469,4.22900669289114
565.301523232486,411.646169192966,4.71433900712498
140.73266077891,280.516398137466,4.55366732398082
199.720986722815,369.598479525106,3.99632143995679
122.975887565998,411.505078427302,3.39131142487865
628.952833781085,311.052655598433,4.74175003224887
5.6536765117982,151.642833516559,4.28263796962613
545.683806727643,205.062640466332,4.20088066102003
33.4330157633709,491.678349256711,3.05382202165197
280.889711223699,27.7391905986745,3.89953836921164
534.996903731552,395.218814951488,3.40342297351868
64.3585365084885,81.119915385426,5.16614690824901
3.3201600002237,72.8962922395548,3.66258787471664
585.312648629499,227.231175763279,4.01758186447746
444.707026475041,457.346357886829,4.7855603398143
659.756540145372,373.190926102091,3.05610581871273
103.707045398453,489.651894094399,4.27784929648371
624.715493429664,87.8337938911467,4.06966263680753
421.765240915082,257.403383912053,3.69457081482205
12.6386117966464,183.979738798538,3.19442578484313
58.1129935181614,109.710994685716,4.66614227569337
614.918861564977,207.081869204674,4.37239185553546
252.233887261851,217.221952168133,3.76150239642717
569.44558459737,436.748924643997,3.80256221461305
300.632089212719,138.938009555065,4.00938160446234
528.347134280701,452.490326063787,3.81965341130725
43.326114755029,408.369417102612,3.66962517293352
193.783992072202,294.778160729829,4.1377463954446
546.524108910785,260.694417835287,3.92845172355879
173.137014171574,40.3950184403855,4.11932800633209
498.91289065784,336.588475996733,4.45551446837065
39.6125874171753,44.5512238307547,3.60804792643347
544.739391312458,139.117380680138,4.7893393937604
NA,NA,NA
664.554534230037,331.125530728818,3.42023520106382
456.779852602155,301.155130020498,3.46165664898039
6.80853538085772,493.870857336661,3.70730175264085
561.525563737728,52.9373770711983,4.17668763689606
68.6502714466447,371.946516876502,3.95719142724759
231.146772074002,412.288482858923,3.95019991852246
428.832635454078,9.7509573175966,3.30356757849639
362.867346762532,291.473813284472,3.09048543209467
605.920798808209,106.755628373596,4.17919174899608
391.982433167387,232.892678243469,4.22900669289114
565.301523232486,411.646169192966,4.71433900712498
140.73266077891,280.516398137466,4.55366732398082
199.720986722815,369.598479525106,3.99632143995679
122.975887565998,411.505078427302,3.39131142487865
628.952833781085,311.052655598433,4.74175003224887
5.6536765117982,151.642833516559,4.28263796962613
545.683806727643,205.062640466332,4.20088066102003
33.4330157633709,491.678349256711,3.05382202165197
280.889711223699,27.7391905986745,3.89953836921164
534.996903731552,395.218814951488,3.40342297351868
64.3585365084885,81.119915385426,5.16614690824901
3.3201600002237,72.8962922395548,3.66258787471664
585.312648629499,227.231175763279,4.01758186447746
444.707026475041,457.346357886829,4.7855603398143
659.756540145372,373.190926102091,3.05610581871273
103.707045398453,489.651894094399,4.27784929648371
624.715493429664,87.8337938911467,4.06966263680753
421.765240915082,257.403383912053,3.69457081482205
12.6386117966464,183.979738798538,3.19442578484313
58.1129935181614,109.710994685716,4.66614227569337
614.918861564977,207.081869204674,4.37239185553546
252.233887261851,217.221952168133,3.76150239642717
569.44558459737,436.748924643997,3.80256221461305
300.632089212719,138.938009555065,4.00938160446234
528.347134280701,452.490326063787,3.81965341130725
43.326114755029,408.369417102612,3.66962517293352
193.783992072202,294.778160729829,4.1377463954446
546.524108910785,260.694417835287,3.92845172355879
173.137014171574,40.3950184403855,4.11932800633209
498.91289065784,336.588475996733,4.45551446837065
39.6125874171753,44.5512238307547,3.60804792643347
544.739391312458,139.117380680138,4.7893393937604
NA,NA,NA
664.554534230037,331.125530728818,3.42023520106382
456.779852602155,301.155130020498,3.46165664898039
6.80853538085772,493.870857336661,3.70730175264085
561.525563737728,52.9373770711983,4.17668763689606
68.6502714466447,371.946516876502,3.95719142724759
231.146772074002,412.288482858923,3.95019991852246
428.832635454078,9.7509573175966,3.30356757849639
362.867346762532,291.473813284472,3.09048543209467
605.920798808209,106.755628373596,4.17919174899608
391.982433167387,232.892678243469,4.22900669289114
565.301523232486,411.646169192966,4.71433900712498
140.73266077891,280.516398137466,4.55366732398082
199.720986722815,369.598479525106,3.99632143995679
122.975887565998,411.505078427302,3.39131142487865
628.952833781085,311.052655598433,4.74175003224887
5.6536765117982,151.642833516559,4.28263796962613
545.683806727643,205.062640466332,4.20088066102003
33.4330157633709,491.678349256711,3.05382202165197
280.889711223699,27.7391905986745,3.89953836921164
534.996903731552,395.218814951488,3.40342297351868
64.3585365084885,81.119915385426,5.16614690824901
3.3201600002237,72.8962922395548,3.66258787471664
585.312648629499,227.231175763279,4.01758186447746
444.707026475041,457.346357886829,4.7855603398143
659.756540145372,373.190926102091,3.05610581871273
103.707045398453,489.651894094399,4.27784929648371
624.715493429664,87.8337938911467,4.06966263680753
421.765240915082,257.403383912053,3.69457081482205
12.6386117966464,183.979738798538,3.19442578484313
58.1129935181614,109.710994685716,4.66614227569337
614.918861564977,207.081869204674,4.37239185553546
252.233887261851,217.221952168133,3.76150239642717
569.44558459737,436.748924643997,3.80256221461305
300.632089212719,138.938009555065,4.00938160446234
528.347134280701,452.490326063787,3.81965341130725
43.326114755029,408.369417102612,3.66962517293352
193.783992072202,294.778160729829,4.1377463954446
546.524108910785,260.694417835287,3.92845172355879
173.137014171574,40.3950184403855,4.11932800633209
498.91289065784,336.588475996733,4.45551446837065
39.6125874171753,44.5512238307547,3.60804792643347
544.739391312458,139.117380680138,4.7893393937604
NA,NA,NA
664.554534230037,331.125530728818,3.42023520106382
456.779852602155,301.155130020498,3.46165664898039
6.80853538085772,493.870857336661,3.70730175264085
561.525563737728,52.9373770711983,4.17668763689606
68.6502714466447,371.946516876502,3.95719142724759
231.146772074002,412.288482858923,3.95019991852246
428.832635454078,9.7509573175966,3.30356757849639
362.867346762532,291.473813284472,3.09048543209467
605.920798808209,106.755628373596,4.17919174899608
391.982433167387,232.892678243469,4.22900669289114
565.301523232486,411.646169192966,4.71433900712498
140.73266077891,280.516398137466,4.55366732398082
199.720986722815,369.598479525106,3.99632143995679
122.975887565998,411.505078427302,3.39131142487865
628.952833781085,311.052655598433,4.74175003224887
5.6536765117982,151.642833516559,4.28263796962613
545.683806727643,205.062640466332,4.20088066102003
33.4330157633709,491.678349256711,3.05382202165197
280.889711223699,27.7391905986745,3.89953836921164
534.996903731552,395.218814951488,3.40342297351868
64.3585365084885,81.119915385426,5.16614690824901
3.3201600002237,72.8962922395548,3.66258787471664
585.312648629499,227.231175763279,4.01758186447746
444.707026475041,457.346357886829,4.7855603398143
659.756540145372,373.190926102091,3.05610581871273
103.707045398453,489.651894094399,4.27784929648371
624.715493429664,87.8337938911467,4.06966263680753
421.765240915082,257.403383912053,3.69457081482205
12.6386117966464,183.979738798538,3.19442578484313
58.1129935181614,109.710994685716,4.66614227569337
614.918861564977,207.081869204674,4.37239185553546
252.233887261851,217.221952168133,3.76150239642717
569.44558459737,436.748924643997,3.80256221461305
300.632089212719,138.938009555065,4.00938160446234
528.347134280701,452.490326063787,3.81965341130725
43.326114755029,408.369417102612,3.66962517293352
193.783992072202,294.778160729829,4.1377463954446
546.524108910785,260.694417835287,3.92845172355879
173.137014171574,40.3950184403855,4.11932800633209
498.91289065784,336.588475996733,4.45551446837065
39.6125874171753,44.5512238307547,3.60804792643347
544.739391312458,139.117380680138,4.7893393937604
NA,NA,NA
664.554534230037,331.125530728818,3.42023520106382
456.779852602155,301.155130020498,3.46165664898039
6.80853538085772,493.870857336661,3.70730175264085
561.525563737728,52.9373770711983,4.17668763689606
68.6502714466447,371.946516876502,3.95719142724759
231.146772074002,412.288482858923,3.95019991852246
428.832635454078,9.7509573175966,3.30356757849639
362.867346762532,291.473813284472,3.09048543209467
605.920798808209,106.755628373596,4.17919174899608
391.982433167387,232.892678243469,4.22900669289114
565.301523232486,411.646169192966,4.71433900712498
140.73266077891,280.516398137466,4.55366732398082
199.720986722815,369.598479525106,3.99632143995679
122.975887565998,411.505078427302,3.39131142487865
628.952833781085,311.052655598433,4.74175003224887
5.6536765117982,151.642833516559,4.28263796962613
545.683806727643,205.062640466332,4.20088066102003
33.4330157633709,491.678349256711,3.05382202165197
280.889711223699,27.7391905986745,3.89953836921164
534.996903731552,395.218814951488,3.40342297351868
64.3585365084885,81.119915385426,5.16614690824901
3.3201600002237,72.8962922395548,3.66258787471664
585.312648629499,227.231175763279,4.01758186447746
444.707026475041,457.346357886829,4.7855603398143
659.756540145372,373.190926102091,3.05610581871273
103.707045398453,489.651894094399,4.27784929648371
624.715493429664,87.8337938911467,4.06966263680753
421.765240915082,257.403383912053,3.69457081482205
12.6386117966464,183.979738798538,3.19442578484313
58.1129935181614,109.710994685716,4.66614227569337
614.918861564977,207.081869204674,4.37239185553546
252.233887261851,217.221952168133,3.76150239642717
569.44558459737,436.748924643997,3.80256221461305
300.632089212719,138.938009555065,4.00938160446234
528.347134280701,452.490326063787,3.81965341130725
43.326114755029,408.369417102612,3.66962517293352
193.783992072202,294.778160729829,4.1377463954446
546.524108910785,260.694417835287,3.92845172355879
173.137014171574,40.3950184403855,4.11932800633209
498.91289065784,336.588475996733,4.45551446837065
39.6125874171753,44.5512238307547,3.60804792643347
544.739391312458,139.117380680138,4.7893393937604
NA,NA,NA
664.554534230037,331.125530728818,3.42023520106382
456.779852602155,301.155130020498,3.46165664898039
6.80853538085772,493.870857336661,3.70730175264085
561.525563737728,52.9373770711983,4.17668763689606
68.6502714466447,371.946516876502,3.95719142724759
231.146772074002,412.288482858923,3.95019991852246
428.832635454078,9.7509573175966,3.30356757849639
362.867346762532,291.473813284472,3.09048543209467
605.920798808209,106.755628373596,4.17919174899608
391.982433167387,232.892678243469,4.22900669289114
565.301523232486,411.646169192966,4.71433900712498
140.73266077891,280.516398137466,4.55366732398082
199.720986722815,369.598479525106,3.99632143995679
122.975887565998,411.505078427302,3.39131142487865
628.952833781085,311.052655598433,4.74175003224887
5.6536765117982,151.642833516559,4.28263796962613
545.683806727643,205.062640466332,4.20088066102003
33.4330157633709,491.678349256711,3.05382202165197
280.889711223699,27.7391905986745,3.89953836921164
534.996903731552,395.218814951488,3.40342297351868
64.3585365084885,81.119915385426,5.16614690824901
3.3201600002237,72.8962922395548,3.66258787471664
585.312648629499,227.231175763279,4.01758186447746
444.707026475041,457.346357886829,4.7855603398143
659.756540145372,373.190926102091,3.05610581871273
103.707045398453,489.651894094399,4.27784929648371
624.715493429664,87.8337938911467,4.06966263680753
421.765240915082,257.403383912053,3.69457081482205
12.6386117966464,183.979738798538,3.19442578484313
58.1129935181614,109.710994685716,4.66614227569337
614.918861564977,207.081869204674,4.37239185553546
252.233887261851,217.221952168133,3.76150239642717
569.44558459737,436.748924643997,3.80256221461305
300.632089212719,138.938009555065,4.00938160446234
528.347134280701,452.490326063787,3.81965341130725
43.326114755029,408.369417102612,3.66962517293352
193.783992072202,294.778160729829,4.1377463954446
546.524108910785,260.694417835287,3.92845172355879
173.137014171574,40.3950184403855,4.11932800633209
498.91289065784,336.588475996733,4.45551446837065
39.6125874171753,44.5512238307547,3.60804792643347
544.739391312458,139.117380680138,4.7893393937604
NA,NA,NA
662.232221227998,336.144190595241,3.46251353120525
455.056230476738,298.908999887122,3.7298532035068
15.2945299859699,499.167295794693,3.67827163760627
562.698306127278,50.2755592320687,4.28925376076501
71.2591814105874,373.798724839237,4.00690109312851
225.064813569796,412.309708967662,3.93531155705134
428.045866290154,14.93971796595,3.0635676017357
362.830842079453,294.270333099347,2.89455030390814
604.291383949588,103.003534419849,4.16601789781401
390.151124690051,224.787762323459,4.1721017883232
568.048173447714,413.816619303357,4.74830775335785
135.837461383445,281.606442887616,4.60500802640265
200.441297869519,365.322506269257,4.02455744758313
123.68213868534,416.950192407112,3.52801599614041
625.125265761355,316.834065265095,4.59219251485581
-0.188112563482192,144.872627158417,4.33373124631094
540.517270886044,206.879861494325,4.22001403669467
33.3053525590524,491.545177478241,3.15641220840719
281.180573197606,27.8596505359057,4.04914349305834
532.349266227708,394.941331317892,3.46540622726097
70.5819137080004,81.5085146881184,5.22128203241296
1.96514060812112,74.9867529246702,3.37608735322944
587.570735172913,229.671911165592,4.09323868459289
441.50369513644,462.140563861395,4.79155855093783
658.911174737953,373.846124730902,2.96416212665654
105.493814626469,484.339529562306,4.41563793609987
624.922127066262,91.6431147983739,4.07277926057332
417.614455387274,260.544162565667,3.57749884538536
10.3295971329075,180.473116855944,3.17875532784646
59.8540108992912,110.755434200866,4.70174987418787
606.751232701968,199.688397787348,4.6526732943881
247.156654780083,216.305790034644,3.89646095422614
572.218634585843,435.621663768556,3.87289834331521
293.373534504225,135.697276705841,3.83132359222527
532.363651007553,460.693405272389,3.62524240368331
50.8035060814803,418.703955783149,4.16366287158278
194.03590255994,288.124759609906,4.31557393817524
543.672611702302,260.295269018423,3.39050653654833
168.572834754766,28.1737047028635,4.50748544063384
503.517118236007,340.380870443746,4.41857169029045
46.5640233211523,52.5785515790221,3.73145789183392
522.292172147686,142.276484580897,4.40462028073458
NA,NA,NA
662.232221227998,336.144190595241,3.46251353120525
455.056230476738,298.908999887122,3.7298532035068
15.2945299859699,499.167295794693,3.67827163760627
562.698306127278,50.2755592320687,4.28925376076501
71.2591814105874,373.798724839237,4.00690109312851
225.064813569796,412.309708967662,3.93531155705134
428.045866290154,14.93971796595,3.0635676017357
362.830842079453,294.270333099347,2.89455030390814
604.291383949588,103.003534419849,4.16601789781401
390.151124690051,224.787762323459,4.1721017883232
568.048173447714,413.816619303357,4.74830775335785
135.837461383445,281.606442887616,4.60500802640265
200.441297869519,365.322506269257,4.02455744758313
123.68213868534,416.950192407112,3.52801599614041
625.125265761355,316.834065265095,4.59219251485581
-0.188112563482192,144.872627158417,4.33373124631094
540.517270886044,206.879861494325,4.22001403669467
33.3053525590524,491.545177478241,3.15641220840719
281.180573197606,27.8596505359057,4.04914349305834
532.349266227708,394.941331317892,3.46540622726097
70.5819137080004,81.5085146881184,5.22128203241296
1.96514060812112,74.9867529246702,3.37608735322944
587.570735172913,229.671911165592,4.09323868459289
441.50369513644,462.140563861395,4.79155855093783
658.911174737953,373.846124730902,2.96416212665654
105.493814626469,484.339529562306,4.41563793609987
624.922127066262,91.6431147983739,4.07277926057332
417.614455387274,260.544162565667,3.57749884538536
10.3295971329075,180.473116855944,3.17875532784646
59.8540108992912,110.755434200866,4.70174987418787
606.751232701968,199.688397787348,4.6526732943881
247.156654780083,216.305790034644,3.89646095422614
572.218634585843,435.621663768556,3.87289834331521
293.373534504225,135.697276705841,3.83132359222527
532.363651007553,460.693405272389,3.62524240368331
50.8035060814803,418.703955783149,4.16366287158278
194.03590255994,288.124759609906,4.31557393817524
543.672611702302,260.295269018423,3.39050653654833
168.572834754766,28.1737047028635,4.50748544063384
503.517118236007,340.380870443746,4.41857169029045
46.5640233211523,52.5785515790221,3.73145789183392
522.292172147686,142.276484580897,4.40462028073458
NA,NA,NA
662.232221227998,336.144190595241,3.46251353120525
455.056230476738,298.908999887122,3.7298532035068
15.2945299859699,499.167295794693,3.67827163760627
562.698306127278,50.2755592320687,4.28925376076501
71.2591814105874,373.798724839237,4.00690109312851
225.064813569796,412.309708967662,3.93531155705134
428.045866290154,14.93971796595,3.0635676017357
362.830842079453,294.270333099347,2.89455030390814
604.291383949588,103.003534419849,4.16601789781401
390.151124690051,224.787762323459,4.1721017883232
568.048173447714,413.816619303357,4.74830775335785
135.837461383445,281.606442887616,4.60500802640265
200.441297869519,365.322506269257,4.02455744758313
123.68213868534,416.950192407112,3.52801599614041
625.125265761355,316.834065265095,4.59219251485581
-0.188112563482192,144.872627158417,4.33373124631094
540.517270886044,206.879861494325,4.22001403669467
33.3053525590524,491.545177478241,3.15641220840719
281.180573197606,27.8596505359057,4.04914349305834
532.349266227708,394.941331317892,3.46540622726097
70.5819137080004,81.5085146881184,5.22128203241296
1.96514060812112,74.9867529246702,3.37608735322944
587.570735172913,229.671911165592,4.09323868459289
441.50369513644,462.140563861395,4.79155855093783
658.911174737953,373.846124730902,2.96416212665654
105.493814626469,484.339529562306,4.41563793609987
624.922127066262,91.6431147983739,4.07277926057332
417.614455387274,260.544162565667,3.57749884538536
10.3295971329075,180.473116855944,3.17875532784646
59.8540108992912,110.755434200866,4.70174987418787
606.751232701968,199.688397787348,4.6526732943881
247.156654780083,216.305790034644,3.89646095422614
572.218634585843,435.621663768556,3.87289834331521
293.373534504225,135.697276705841,3.83132359222527
532.363651007553,460.693405272389,3.62524240368331
50.8035060814803,418.703955783149,4.16366287158278
194.03590255994,288.124759609906,4.31557393817524
543.672611702302,260.295269018423,3.39050653654833
168.572834754766,28.1737047028635,4.50748544063384
503.517118236007,340.380870443746,4.41857169029045
46.5640233211523,52.5785515790221,3.73145789183392
522.292172147686,142.276484580897,4.40462028073458
NA,NA,NA
662.232221227998,336.144190595241,3.46251353120525
455.056230476738,298.908999887122,3.7298532035068
15.2945299859699,499.167295794693,3.67827163760627
562.698306127278,50.2755592320687,4.28925376076501
71.2591814105874,373.798724839237,4.00690109312851
225.064813569796,412.309708967662,3.93531155705134
428.045866290154,14.93971796595,3.0635676017357
362.830842079453,294.270333099347,2.89455030390814
604.291383949588,103.003534419849,4.16601789781401
390.151124690051,224.787762323459,4.1721017883232
568.048173447714,413.816619303357,4.74830775335785
135.837461383445,281.606442887616,4.60500802640265
200.441297869519,365.322506269257,4.02455744758313
123.68213868534,416.950192407112,3.52801599614041
625.125265761355,316.834065265095,4.59219251485581
-0.188112563482192,144.872627158417,4.33373124631094
540.517270886044,206.879861494325,4.22001403669467
33.3053525590524,491.545177478241,3.15641220840719
281.180573197606,27.8596505359057,4.04914349305834
532.349266227708,394.941331317892,3.46540622726097
70.5819137080004,81.5085146881184,5.22128203241296
1.96514060812112,74.9867529246702,3.37608735322944
587.570735172913,229.671911165592,4.09323868459289
441.50369513644,462.140563861395,4.79155855093783
658.911174737953,373.846124730902,2.96416212665654
105.493814626469,484.339529562306,4.41563793609987
624.922127066262,91.6431147983739,4.07277926057332
417.614455387274,260.544162565667,3.57749884538536
10.3295971329075,180.473116855944,3.17875532784646
59.8540108992912,110.755434200866,4.70174987418787
606.751232701968,199.688397787348,4.6526732943881
247.156654780083,216.305790034644,3.89646095422614
572.218634585843,435.621663768556,3.87289834331521
293.373534504225,135.697276705841,3.83132359222527
532.363651007553,460.693405272389,3.62524240368331
50.8035060814803,418.703955783149,4.16366287158278
194.03590255994,288.124759609906,4.31557393817524
543.672611702302,260.295269018423,3.39050653654833
168.572834754766,28.1737047028635,4.50748544063384
503.517118236007,340.380870443746,4.41857169029045
46.5640233211523,52.5785515790221,3.73145789183392
522.292172147686,142.276484580897,4.40462028073458
NA,NA,NA
662.232221227998,336.144190595241,3.46251353120525
455.056230476738,298.908999887122,3.7298532035068
15.2945299859699,499.167295794693,3.67827163760627
562.698306127278,50.2755592320687,4.28925376076501
71.2591814105874,373.798724839237,4.00690109312851
225.064813569796,412.309708967662,3.93531155705134
428.045866290154,14.93971796595,3.0635676017357
362.830842079453,294.270333099347,2.89455030390814
604.291383949588,103.003534419849,4.16601789781401
390.151124690051,224.787762323459,4.1721017883232
568.048173447714,413.816619303357,4.74830775335785
135.837461383445,281.606442887616,4.60500802640265
200.441297869519,365.322506269257,4.02455744758313
123.68213868534,416.950192407112,3.52801599614041
625.125265761355,316.834065265095,4.59219251485581
-0.188112563482192,144.872627158417,4.33373124631094
540.517270886044,206.879861494325,4.22001403669467
33.3053525590524,491.545177478241,3.15641220840719
281.180573197606,27.8596505359057,4.04914349305834
532.349266227708,394.941331317892,3.46540622726097
70.5819137080004,81.5085146881184,5.22128203241296
1.96514060812112,74.9867529246702,3.37608735322944
587.570735172913,229.671911165592,4.09323868459289
441.50369513644,462.140563861395,4.79155855093783
658.911174737953,373.846124730902,2.96416212665654
105.493814626469,484.339529562306,4.41563793609987
624.922127066262,91.6431147983739,4.07277926057332
417.614455387274,260.544162565667,3.57749884538536
10.3295971329075,180.473116855944,3.17875532784646
59.8540108992912,110.755434200866,4.70174987418787
606.751232701968,199.688397787348,4.6526732943881
247.156654780083,216.305790034644,3.89646095422614
572.218634585843,435.621663768556,3.87289834331521
293.373534504225,135.697276705841,3.83132359222527
532.363651007553,460.693405272389,3.62524240368331
50.8035060814803,418.703955783149,4.16366287158278
194.03590255994,288.124759609906,4.31557393817524
543.672611702302,260.295269018423,3.39050653654833
168.572834754766,28.1737047028635,4.50748544063384
503.517118236007,340.380870443746,4.41857169029045
46.5640233211523,52.5785515790221,3.73145789183392
522.292172147686,142.276484580897,4.40462028073458
NA,NA,NA
662.232221227998,336.144190595241,3.46251353120525
455.056230476738,298.908999887122,3.7298532035068
15.2945299859699,499.167295794693,3.67827163760627
562.698306127278,50.2755592320687,4.28925376076501
71.2591814105874,373.798724839237,4.00690109312851
225.064813569796,412.309708967662,3.93531155705134
428.045866290154,14.93971796595,3.0635676017357
362.830842079453,294.270333099347,2.89455030390814
604.291383949588,103.003534419849,4.16601789781401
390.151124690051,224.787762323459,4.1721017883232
568.048173447714,413.816619303357,4.74830775335785
135.837461383445,281.606442887616,4.60500802640265
200.441297869519,365.322506269257,4.02455744758313
123.68213868534,416.950192407112,3.52801599614041
625.125265761355,316.834065265095,4.59219251485581
-0.188112563482192,144.872627158417,4.33373124631094
540.517270886044,206.879861494325,4.22001403669467
33.3053525590524,491.545177478241,3.15641220840719
281.180573197606,27.8596505359057,4.04914349305834
532.349266227708,394.941331317892,3.46540622726097
70.5819137080004,81.5085146881184,5.22128203241296
1.96514060812112,74.9867529246702,3.37608735322944
587.570735172913,229.671911165592,4.09323868459289
441.50369513644,462.140563861395,4.79155855093783
658.911174737953,373.846124730902,2.96416212665654
105.493814626469,484.339529562306,4.41563793609987
624.922127066262,91.6431147983739,4.07277926057332
417.614455387274,260.544162565667,3.57749884538536
10.3295971329075,180.473116855944,3.17875532784646
59.8540108992912,110.755434200866,4.70174987418787
606.751232701968,199.688397787348,4.6526732943881
247.156654780083,216.305790034644,3.89646095422614
572.218634585843,435.621663768556,3.87289834331521
293.373534504225,135.697276705841,3.83132359222527
532.363651007553,460.693405272389,3.62524240368331
50.8035060814803,418.703955783149,4.16366287158278
194.03590255994,288.124759609906,4.31557393817524
543.672611702302,260.295269018423,3.39050653654833
168.572834754766,28.1737047028635,4.50748544063384
503.517118236007,340.380870443746,4.41857169029045
46.5640233211523,52.5785515790221,3.73145789183392
522.292172147686,142.276484580897,4.40462028073458
NA,NA,NA
662.275490695791,330.733446799047,3.53620493005983
456.913074349704,299.072188862509,3.76517410034112
5.64422438275375,495.527697306675,3.6603006385694
560.831444358642,56.5556571371401,4.09027349502354
74.9637881155229,374.941805810385,3.94187469184122
229.500600620299,412.142376091858,3.8842556563962
427.366844006597,10.9671846796958,3.32550583564374
361.748335953606,294.322038945789,3.03310519905358
598.20094824047,103.847450063356,4.2211997607717
393.555112689978,230.183087661587,4.2104882088405
566.628466227866,412.603145549568,4.79736257814448
137.140593376602,282.550819207407,4.60415114689243
194.348048613624,368.704010191034,3.96379270432131
124.454189622441,414.997503614536,3.33603246591295
622.248585075522,315.87109706288,4.55550894685375
2.40528182242263,148.134533209244,4.23361250378126
541.525449748529,203.809207274408,4.18439496588179
33.5876199205007,490.979132671579,2.94235301599595
281.994406439633,23.2908785746303,3.87392676830458
536.246319493039,394.066747535454,3.35386932744188
80.3403667424644,77.3006657700528,5.23256231272384
3.05228040579309,75.4018488901263,3.4740598126791
584.633117443202,223.761573816022,3.95334838301941
435.87504370579,461.456294461357,4.81453808442404
657.717375823795,374.61937459169,3.05807926977988
107.704266222033,481.996626708157,4.33102463877741
622.631565365228,91.4008164392177,4.06771881117199
422.076922868768,257.475757182848,3.63228559550043
12.7920881360794,182.208150621851,3.2477834245684
73.13942430508,114.354002703652,4.25080581688632
619.9720420502,188.906089881784,4.11443314614083
259.955778916341,218.655481995981,4.04787727475851
583.778342760044,432.746287215582,3.69221759862862
296.036345621798,133.505915256383,3.76684572111336
528.357819564537,462.693881136953,3.67566191976412
52.2437634601287,415.261938486441,4.15117909534209
193.672049925491,300.143212932452,4.08588595333978
551.139137254918,266.787255050081,3.58772039489171
170.151050789965,38.0857661604192,4.23590103337003
498.09314296611,336.354210021551,4.62914944209521
39.2748683921116,56.4760087001741,3.76420959841687
539.626663457725,153.33617284672,4.76350812485201
NA,NA,NA
662.275490695791,330.733446799047,3.53620493005983
456.913074349704,299.072188862509,3.76517410034112
5.64422438275375,495.527697306675,3.6603006385694
560.831444358642,56.5556571371401,4.09027349502354
74.9637881155229,374.941805810385,3.94187469184122
229.500600620299,412.142376091858,3.8842556563962
427.366844006597,10.9671846796958,3.32550583564374
361.748335953606,294.322038945789,3.03310519905358
598.20094824047,103.847450063356,4.2211997607717
393.555112689978,230.183087661587,4.2104882088405
566.628466227866,412.603145549568,4.79736257814448
137.140593376602,282.550819207407,4.60415114689243
194.348048613624,368.704010191034,3.96379270432131
124.454189622441,414.997503614536,3.33603246591295
622.248585075522,315.87109706288,4.55550894685375
2.40528182242263,148.134533209244,4.23361250378126
541.525449748529,203.809207274408,4.18439496588179
33.5876199205007,490.979132671579,2.94235301599595
281.994406439633,23.2908785746303,3.87392676830458
536.246319493039,394.066747535454,3.35386932744188
80.3403667424644,77.3006657700528,5.23256231272384
3.05228040579309,75.4018488901263,3.4740598126791
584.633117443202,223.761573816022,3.95334838301941
435.87504370579,461.456294461357,4.81453808442404
657.717375823795,374.61937459169,3.05807926977988
107.704266222033,481.996626708157,4.33102463877741
622.631565365228,91.4008164392177,4.06771881117199
422.076922868768,257.475757182848,3.63228559550043
12.7920881360794,182.208150621851,3.2477834245684
73.13942430508,114.354002703652,4.25080581688632
619.9720420502,188.906089881784,4.11443314614083
259.955778916341,218.655481995981,4.04787727475851
583.778342760044,432.746287215582,3.69221759862862
296.036345621798,133.505915256383,3.76684572111336
528.357819564537,462.693881136953,3.67566191976412
52.2437634601287,415.261938486441,4.15117909534209
193.672049925491,300.143212932452,4.08588595333978
551.139137254918,266.787255050081,3.58772039489171
170.151050789965,38.0857661604192,4.23590103337003
498.09314296611,336.354210021551,4.62914944209521
39.2748683921116,56.4760087001741,3.76420959841687
539.626663457725,153.33617284672,4.76350812485201
NA,NA,NA
662.275490695791,330.733446799047,3.53620493005983
456.913074349704,299.072188862509,3.76517410034112
5.64422438275375,495.527697306675,3.6603006385694
560.831444358642,56.5556571371401,4.09027349502354
74.9637881155229,374.941805810385,3.94187469184122
229.500600620299,412.142376091858,3.8842556563962
427.366844006597,10.9671846796958,3.32550583564374
361.748335953606,294.322038945789,3.03310519905358
598.20094824047,103.847450063356,4.2211997607717
393.555112689978,230.183087661587,4.2104882088405
566.628466227866,412.603145549568,4.79736257814448
137.140593376602,282.550819207407,4.60415114689243
194.348048613624,368.704010191034,3.96379270432131
124.454189622441,414.997503614536,3.33603246591295
622.248585075522,315.87109706288,4.55550894685375
2.40528182242263,148.134533209244,4.23361250378126
541.525449748529,203.809207274408,4.18439496588179
33.5876199205007,490.979132671579,2.94235301599595
281.994406439633,23.2908785746303,3.87392676830458
536.246319493039,394.066747535454,3.35386932744188
80.3403667424644,77.3006657700528,5.23256231272384
3.05228040579309,75.4018488901263,3.4740598126791
584.633117443202,223.761573816022,3.95334838301941
435.87504370579,461.456294461357,4.81453808442404
657.717375823795,374.61937459169,3.05807926977988
107.704266222033,481.996626708157,4.33102463877741
622.631565365228,91.4008164392177,4.06771881117199
422.076922868768,257.475757182848,3.63228559550043
12.7920881360794,182.208150621851,3.2477834245684
73.13942430508,114.354002703652,4.25080581688632
619.9720420502,188.906089881784,4.11443314614083
259.955778916341,218.655481995981,4.04787727475851
583.778342760044,432.746287215582,3.69221759862862
296.036345621798,133.505915256383,3.76684572111336
528.357819564537,462.693881136953,3.67566191976412
52.2437634601287,415.261938486441,4.15117909534209
193.672049925491,300.143212932452,4.08588595333978
551.139137254918,266.787255050081,3.58772039489171
170.151050789965,38.0857661604192,4.23590103337003
498.09314296611,336.354210021551,4.62914944209521
39.2748683921116,56.4760087001741,3.76420959841687
539.626663457725,153.33617284672,4.76350812485201
NA,NA,NA
662.275490695791,330.733446799047,3.53620493005983
456.913074349704,299.072188862509,3.76517410034112
5.64422438275375,495.527697306675,3.6603006385694
560.831444358642,56.5556571371401,4.09027349502354
74.9637881155229,374.941805810385,3.94187469184122
229.500600620299,412.142376091858,3.8842556563962
427.366844006597,10.9671846796958,3.32550583564374
361.748335953606,294.322038945789,3.03310519905358
598.20094824047,103.847450063356,4.2211997607717
393.555112689978,230.183087661587,4.2104882088405
566.628466227866,412.603145549568,4.79736257814448
137.140593376602,282.550819207407,4.60415114689243
194.348048613624,368.704010191034,3.96379270432131
124.454189622441,414.997503614536,3.33603246591295
622.248585075522,315.87109706288,4.55550894685375
2.40528182242263,148.134533209244,4.23361250378126
541.525449748529,203.809207274408,4.18439496588179
33.5876199205007,490.979132671579,2.94235301599595
281.994406439633,23.2908785746303,3.87392676830458
536.246319493039,394.066747535454,3.35386932744188
80.3403667424644,77.3006657700528,5.23256231272384
3.05228040579309,75.4018488901263,3.4740598126791
584.633117443202,223.761573816022,3.95334838301941
435.87504370579,461.456294461357,4.81453808442404
657.717375823795,374.61937459169,3.05807926977988
107.704266222033,481.996626708157,4.33102463877741
622.631565365228,91.4008164392177,4.06771881117199
422.076922868768,257.475757182848,3.63228559550043
12.7920881360794,182.208150621851,3.2477834245684
73.13942430508,114.354002703652,4.25080581688632
619.9720420502,188.906089881784,4.11443314614083
259.955778916341,218.655481995981,4.04787727475851
583.778342760044,432.746287215582,3.69221759862862
296.036345621798,133.505915256383,3.76684572111336
528.357819564537,462.693881136953,3.67566191976412
52.2437634601287,415.261938486441,4.15117909534209
193.672049925491,300.143212932452,4.08588595333978
551.139137254918,266.787255050081,3.58772039489171
170.151050789965,38.0857661604192,4.23590103337003
498.09314296611,336.354210021551,4.62914944209521
39.2748683921116,56.4760087001741,3.76420959841687
539.626663457725,153.33617284672,4.76350812485201
NA,NA,NA
662.275490695791,330.733446799047,3.53620493005983
456.913074349704,299.072188862509,3.76517410034112
5.64422438275375,495.527697306675,3.6603006385694
560.831444358642,56.5556571371401,4.09027349502354
74.9637881155229,374.941805810385,3.94187469184122
229.500600620299,412.142376091858,3.8842556563962
427.366844006597,10.9671846796958,3.32550583564374
361.748335953606,294.322038945789,3.03310519905358
598.20094824047,103.847450063356,4.2211997607717
393.555112689978,230.183087661587,4.2104882088405
566.628466227866,412.603145549568,4.79736257814448
137.140593376602,282.550819207407,4.60415114689243
194.348048613624,368.704010191034,3.96379270432131
124.454189622441,414.997503614536,3.33603246591295
622.248585075522,315.87109706288,4.55550894685375
2.40528182242263,148.134533209244,4.23361250378126
541.525449748529,203.809207274408,4.18439496588179
33.5876199205007,490.979132671579,2.94235301599595
281.994406439633,23.2908785746303,3.87392676830458
536.246319493039,394.066747535454,3.35386932744188
80.3403667424644,77.3006657700528,5.23256231272384
3.05228040579309,75.4018488901263,3.4740598126791
584.633117443202,223.761573816022,3.95334838301941
435.87504370579,461.456294461357,4.81453808442404
657.717375823795,374.61937459169,3.05807926977988
107.704266222033,481.996626708157,4.33102463877741
622.631565365228,91.4008164392177,4.06771881117199
422.076922868768,257.475757182848,3.63228559550043
12.7920881360794,182.208150621851,3.2477834245684
73.13942430508,114.354002703652,4.25080581688632
619.9720420502,188.906089881784,4.11443314614083
259.955778916341,218.655481995981,4.04787727475851
583.778342760044,432.746287215582,3.69221759862862
296.036345621798,133.505915256383,3.76684572111336
528.357819564537,462.693881136953,3.67566191976412
52.2437634601287,415.261938486441,4.15117909534209
193.672049925491,300.143212932452,4.08588595333978
551.139137254918,266.787255050081,3.58772039489171
170.151050789965,38.0857661604192,4.23590103337003
498.09314296611,336.354210021551,4.62914944209521
39.2748683921116,56.4760087001741,3.76420959841687
539.626663457725,153.33617284672,4.76350812485201
NA,NA,NA
662.275490695791,330.733446799047,3.53620493005983
456.913074349704,299.072188862509,3.76517410034112
5.64422438275375,495.527697306675,3.6603006385694
560.831444358642,56.5556571371401,4.09027349502354
74.9637881155229,374.941805810385,3.94187469184122
229.500600620299,412.142376091858,3.8842556563962
427.366844006597,10.9671846796958,3.32550583564374
361.748335953606,294.322038945789,3.03310519905358
598.20094824047,103.847450063356,4.2211997607717
393.555112689978,230.183087661587,4.2104882088405
566.628466227866,412.603145549568,4.79736257814448
137.140593376602,282.550819207407,4.60415114689243
194.348048613624,368.704010191034,3.96379270432131
124.454189622441,414.997503614536,3.33603246591295
622.248585075522,315.87109706288,4.55550894685375
2.40528182242263,148.134533209244,4.23361250378126
541.525449748529,203.809207274408,4.18439496588179
33.5876199205007,490.979132671579,2.94235301599595
281.994406439633,23.2908785746303,3.87392676830458
536.246319493039,394.066747535454,3.35386932744188
80.3403667424644,77.3006657700528,5.23256231272384
3.05228040579309,75.4018488901263,3.4740598126791
584.633117443202,223.761573816022,3.95334838301941
435.87504370579,461.456294461357,4.81453808442404
657.717375823795,374.61937459169,3.05807926977988
107.704266222033,481.996626708157,4.33102463877741
622.631565365228,91.4008164392177,4.06771881117199
422.076922868768,257.475757182848,3.63228559550043
12.7920881360794,182.208150621851,3.2477834245684
73.13942430508,114.354002703652,4.25080581688632
619.9720420502,188.906089881784,4.11443314614083
259.955778916341,218.655481995981,4.04787727475851
583.778342760044,432.746287215582,3.69221759862862
296.036345621798,133.505915256383,3.76684572111336
528.357819564537,462.693881136953,3.67566191976412
52.2437634601287,415.261938486441,4.15117909534209
193.672049925491,300.143212932452,4.08588595333978
551.139137254918,266.787255050081,3.58772039489171
170.151050789965,38.0857661604192,4.23590103337003
498.09314296611,336.354210021551,4.62914944209521
39.2748683921116,56.4760087001741,3.76420959841687
539.626663457725,153.33617284672,4.76350812485201
NA,NA,NA
659.596821455715,334.830703943348,3.59305121217161
458.589633026078,296.792474581847,3.50556331646087
8.89957430346059,491.729236721704,3.73798312334431
562.604874227204,46.8528294387934,4.15948649415532
70.8553574303118,376.135775256203,3.98595046560586
231.636067279234,413.562746418081,3.95461840711448
427.015108127463,12.5179842485946,3.31297992654744
364.027289226969,293.151299832137,2.93458613409219
602.884394996298,104.730008729582,4.19806225960487
394.067894019718,230.245283489826,4.17837983408301
566.37726475951,417.122985746965,4.76461598627163
138.899255158092,283.346814989088,4.68375639947432
193.283338640671,368.009821549853,4.14150161117081
123.890321542328,409.105095850815,3.48654843115349
626.292042186425,323.259487319008,4.62451039146632
0.533060161746751,140.697214540645,4.23045527866939
540.937373811135,203.208339752674,4.0781445785461
35.2828310238873,490.925354266609,2.9530004736655
279.405730926139,22.0599333357685,3.85714304980827
531.927773445248,392.415033859347,3.37562095786425
73.7881201827463,85.7620781788156,5.30139261813226
-0.209373659629223,77.2754876884218,3.67263022081712
590.603127621111,227.356804929031,4.03975253976898
435.516328316743,456.225470870575,4.82604483526187
658.018090108876,374.065403473917,3.14039407653039
107.394462715105,486.392255435785,4.37169427389373
626.47689423984,95.9805849850796,4.05768658047772
421.084927791583,258.94193393467,3.75101879471003
11.3042442056987,184.336719912506,3.39300292163819
60.8255294362534,104.364279271835,4.42865518199151
612.101260357116,207.875342560299,4.2869898739159
248.259544999871,216.231905490995,3.88353314026475
562.674372042527,442.608034653732,3.73765791654581
303.73154440761,133.147953916096,3.87886852322304
523.534827014544,458.075493287314,3.63276673965185
51.0846424188528,412.346471644242,3.98962886789259
196.979128697906,280.399512336824,3.91201912747325
555.272021326256,257.262298437975,3.50027059986072
175.151086797784,38.0396700093795,4.2114978277537
496.532107163827,339.748542214461,4.30391334505997
23.1428418399755,41.9599409956789,3.97593039897478
534.478339403579,147.375320786863,4.43319213932471
NA,NA,NA
659.596821455715,334.830703943348,3.59305121217161
458.589633026078,296.792474581847,3.50556331646087
8.89957430346059,491.729236721704,3.73798312334431
562.604874227204,46.8528294387934,4.15948649415532
70.8553574303118,376.135775256203,3.98595046560586
231.636067279234,413.562746418081,3.95461840711448
427.015108127463,12.5179842485946,3.31297992654744
364.027289226969,293.151299832137,2.93458613409219
602.884394996298,104.730008729582,4.19806225960487
394.067894019718,230.245283489826,4.17837983408301
566.37726475951,417.122985746965,4.76461598627163
138.899255158092,283.346814989088,4.68375639947432
193.283338640671,368.009821549853,4.14150161117081
123.890321542328,409.105095850815,3.48654843115349
626.292042186425,323.259487319008,4.62451039146632
0.533060161746751,140.697214540645,4.23045527866939
540.937373811135,203.208339752674,4.0781445785461
35.2828310238873,490.925354266609,2.9530004736655
279.405730926139,22.0599333357685,3.85714304980827
531.927773445248,392.415033859347,3.37562095786425
73.7881201827463,85.7620781788156,5.30139261813226
-0.209373659629223,77.2754876884218,3.67263022081712
590.603127621111,227.356804929031,4.03975253976898
435.516328316743,456.225470870575,4.82604483526187
658.018090108876,374.065403473917,3.14039407653039
107.394462715105,486.392255435785,4.37169427389373
626.47689423984,95.9805849850796,4.05768658047772
421.084927791583,258.94193393467,3.75101879471003
11.3042442056987,184.336719912506,3.39300292163819
60.8255294362534,104.364279271835,4.42865518199151
612.101260357116,207.875342560299,4.2869898739159
248.259544999871,216.231905490995,3.88353314026475
562.674372042527,442.608034653732,3.73765791654581
303.73154440761,133.147953916096,3.87886852322304
523.534827014544,458.075493287314,3.63276673965185
51.0846424188528,412.346471644242,3.98962886789259
196.979128697906,280.399512336824,3.91201912747325
555.272021326256,257.262298437975,3.50027059986072
175.151086797784,38.0396700093795,4.2114978277537
496.532107163827,339.748542214461,4.30391334505997
23.1428418399755,41.9599409956789,3.97593039897478
534.478339403579,147.375320786863,4.43319213932471
NA,NA,NA
659.596821455715,334.830703943348,3.59305121217161
458.589633026078,296.792474581847,3.50556331646087
8.89957430346059,491.729236721704,3.73798312334431
562.604874227204,46.8528294387934,4.15948649415532
70.8553574303118,376.135775256203,3.98595046560586
231.636067279234,413.562746418081,3.95461840711448
427.015108127463,12.5179842485946,3.31297992654744
364.027289226969,293.151299832137,2.93458613409219
602.884394996298,104.730008729582,4.19806225960487
394.067894019718,230.245283489826,4.17837983408301
566.37726475951,417.122985746965,4.76461598627163
138.899255158092,283.346814989088,4.68375639947432
193.283338640671,368.009821549853,4.14150161117081
123.890321542328,409.105095850815,3.48654843115349
626.292042186425,323.259487319008,4.62451039146632
0.533060161746751,140.697214540645,4.23045527866939
540.937373811135,203.208339752674,4.0781445785461
35.2828310238873,490.925354266609,2.9530004736655
279.405730926139,22.0599333357685,3.85714304980827
531.927773445248,392.415033859347,3.37562095786425
73.7881201827463,85.7620781788156,5.30139261813226
-0.209373659629223,77.2754876884218,3.67263022081712
590.603127621111,227.356804929031,4.03975253976898
435.516328316743,456.225470870575,4.82604483526187
658.018090108876,374.065403473917,3.14039407653039
107.394462715105,486.392255435785,4.37169427389373
626.47689423984,95.9805849850796,4.05768658047772
421.084927791583,258.94193393467,3.75101879471003
11.3042442056987,184.336719912506,3.39300292163819
60.8255294362534,104.364279271835,4.42865518199151
612.101260357116,207.875342560299,4.2869898739159
248.259544999871,216.231905490995,3.88353314026475
562.674372042527,442.608034653732,3.73765791654581
303.73154440761,133.147953916096,3.87886852322304
523.534827014544,458.075493287314,3.63276673965185
51.0846424188528,412.346471644242,3.98962886789259
196.979128697906,280.399512336824,3.91201912747325
555.272021326256,257.262298437975,3.50027059986072
175.151086797784,38.0396700093795,4.2114978277537
496.532107163827,339.748542214461,4.30391334505997
23.1428418399755,41.9599409956789,3.97593039897478
534.478339403579,147.375320786863,4.43319213932471
NA,NA,NA
659.596821455715,334.830703943348,3.59305121217161
458.589633026078,296.792474581847,3.50556331646087
8.89957430346059,491.729236721704,3.73798312334431
562.604874227204,46.8528294387934,4.15948649415532
70.8553574303118,376.135775256203,3.98595046560586
231.636067279234,413.562746418081,3.95461840711448
427.015108127463,12.5179842485946,3.31297992654744
364.027289226969,293.151299832137,2.93458613409219
602.884394996298,104.730008729582,4.19806225960487
394.067894019718,230.245283489826,4.17837983408301
566.37726475951,417.122985746965,4.76461598627163
138.899255158092,283.346814989088,4.68375639947432
193.283338640671,368.009821549853,4.14150161117081
123.890321542328,409.105095850815,3.48654843115349
626.292042186425,323.259487319008,4.62451039146632
0.533060161746751,140.697214540645,4.23045527866939
540.937373811135,203.208339752674,4.0781445785461
35.2828310238873,490.925354266609,2.9530004736655
279.405730926139,22.0599333357685,3.85714304980827
531.927773445248,392.415033859347,3.37562095786425
73.7881201827463,85.7620781788156,5.30139261813226
-0.209373659629223,77.2754876884218,3.67263022081712
590.603127621111,227.356804929031,4.03975253976898
435.516328316743,456.225470870575,4.82604483526187
658.018090108876,374.065403473917,3.14039407653039
107.394462715105,486.392255435785,4.37169427389373
626.47689423984,95.9805849850796,4.05768658047772
421.084927791583,258.94193393467,3.75101879471003
11.3042442056987,184.336719912506,3.39300292163819
60.8255294362534,104.364279271835,4.42865518199151
612.101260357116,207.875342560299,4.2869898739159
248.259544999871,216.231905490995,3.88353314026475
562.674372042527,442.608034653732,3.73765791654581
303.73154440761,133.147953916096,3.87886852322304
523.534827014544,458.075493287314,3.63276673965185
51.0846424188528,412.346471644242,3.98962886789259
196.979128697906,280.399512336824,3.91201912747325
555.272021326256,257.262298437975,3.50027059986072
175.151086797784,38.0396700093795,4.2114978277537
496.532107163827,339.748542214461,4.30391334505997
23.1428418399755,41.9599409956789,3.97593039897478
534.478339403579,147.375320786863,4.43319213932471
NA,NA,NA
659.596821455715,334.830703943348,3.59305121217161
458.589633026078,296.792474581847,3.50556331646087
8.89957430346059,491.729236721704,3.73798312334431
562.604874227204,46.8528294387934,4.15948649415532
70.8553574303118,376.135775256203,3.98595046560586
231.636067279234,413.562746418081,3.95461840711448
427.015108127463,12.5179842485946,3.31297992654744
364.027289226969,293.151299832137,2.93458613409219
602.884394996298,104.730008729582,4.19806225960487
394.067894019718,230.245283489826,4.17837983408301
566.37726475951,417.122985746965,4.76461598627163
138.899255158092,283.346814989088,4.68375639947432
193.283338640671,368.009821549853,4.14150161117081
123.890321542328,409.105095850815,3.48654843115349
626.292042186425,323.259487319008,4.62451039146632
0.533060161746751,140.697214540645,4.23045527866939
540.937373811135,203.208339752674,4.0781445785461
35.2828310238873,490.925354266609,2.9530004736655
279.405730926139,22.0599333357685,3.85714304980827
531.927773445248,392.415033859347,3.37562095786425
73.7881201827463,85.7620781788156,5.30139261813226
-0.209373659629223,77.2754876884218,3.67263022081712
590.603127621111,227.356804929031,4.03975253976898
435.516328316743,456.225470870575,4.82604483526187
658.018090108876,374.065403473917,3.14039407653039
107.394462715105,486.392255435785,4.37169427389373
626.47689423984,95.9805849850796,4.05768658047772
421.084927791583,258.94193393467,3.75101879471003
11.3042442056987,184.336719912506,3.39300292163819
60.8255294362534,104.364279271835,4.42865518199151
612.101260357116,207.875342560299,4.2869898739159
248.259544999871,216.231905490995,3.88353314026475
562.674372042527,442.608034653732,3.73765791654581
303.73154440761,133.147953916096,3.87886852322304
523.534827014544,458.075493287314,3.63276673965185
51.0846424188528,412.346471644242,3.98962886789259
196.979128697906,280.399512336824,3.91201912747325
555.272021326256,257.262298437975,3.50027059986072
175.151086797784,38.0396700093795,4.2114978277537
496.532107163827,339.748542214461,4.30391334505997
23.1428418399755,41.9599409956789,3.97593039897478
534.478339403579,147.375320786863,4.43319213932471
NA,NA,NA
659.596821455715,334.830703943348,3.59305121217161
458.589633026078,296.792474581847,3.50556331646087
8.89957430346059,491.729236721704,3.73798312334431
562.604874227204,46.8528294387934,4.15948649415532
70.8553574303118,376.135775256203,3.98595046560586
231.636067279234,413.562746418081,3.95461840711448
427.015108127463,12.5179842485946,3.31297992654744
364.027289226969,293.151299832137,2.93458613409219
602.884394996298,104.730008729582,4.19806225960487
394.067894019718,230.245283489826,4.17837983408301
566.37726475951,417.122985746965,4.76461598627163
138.899255158092,283.346814989088,4.68375639947432
193.283338640671,368.009821549853,4.14150161117081
123.890321542328,409.105095850815,3.48654843115349
626.292042186425,323.259487319008,4.62451039146632
0.533060161746751,140.697214540645,4.23045527866939
540.937373811135,203.208339752674,4.0781445785461
35.2828310238873,490.925354266609,2.9530004736655
279.405730926139,22.0599333357685,3.85714304980827
531.927773445248,392.415033859347,3.37562095786425
73.7881201827463,85.7620781788156,5.30139261813226
-0.209373659629223,77.2754876884218,3.67263022081712
590.603127621111,227.356804929031,4.03975253976898
435.516328316743,456.225470870575,4.82604483526187
658.018090108876,374.065403473917,3.14039407653039
107.394462715105,486.392255435785,4.37169427389373
626.47689423984,95.9805849850796,4.05768658047772
421.084927791583,258.94193393467,3.75101879471003
11.3042442056987,184.336719912506,3.39300292163819
60.8255294362534,104.364279271835,4.42865518199151
612.101260357116,207.875342560299,4.2869898739159
248.259544999871,216.231905490995,3.88353314026475
562.674372042527,442.608034653732,3.73765791654581
303.73154440761,133.147953916096,3.87886852322304
523.534827014544,458.075493287314,3.63276673965185
51.0846424188528,412.346471644242,3.98962886789259
196.979128697906,280.399512336824,3.91201912747325
555.272021326256,257.262298437975,3.50027059986072
175.151086797784,38.0396700093795,4.2114978277537
496.532107163827,339.748542214461,4.30391334505997
23.1428418399755,41.9599409956789,3.97593039897478
534.478339403579,147.375320786863,4.43319213932471
NA,NA,NA
664.731996633855,333.210978840158,3.62745261252915
455.177297591512,297.995640577107,3.52424079827602
9.64353032595241,496.180332917434,3.62972669748327
563.083272288357,54.2858862984294,4.27769371079288
73.4735075036175,378.834840918063,3.90775162612393
226.437981522974,411.063067595494,3.90415979896752
427.295601934635,12.5700355695995,3.31523067153724
363.524686740375,291.473782570105,3.0136984875759
604.282466923624,103.899588285817,4.25946368878361
392.967824120905,231.66468926492,4.19659182402724
571.919992309339,412.591012116872,4.77113571047971
138.422496182994,280.912313759629,4.62231632344738
204.727589603491,371.878244187476,3.95673391436413
124.459336458585,410.159530211032,3.28692470732479
629.14754380363,315.074417678343,4.48728099004417
0.36156511559892,149.328840686161,4.32391720972684
537.731058518929,202.151691527158,4.18425908340285
32.4776578461374,491.639106912249,3.00981967999288
281.274756670411,20.7648019967994,3.8988047575347
536.821053053255,393.244132965336,3.2707922718911
67.7378110584623,75.3588694925449,5.188312166956
7.9600746180202,77.0763542385855,3.43595317257767
585.00260983564,227.934194627181,3.93535879266418
442.778300091738,462.140881215441,4.87528008851189
657.305379787768,373.021377552297,3.07334472520662
99.7768764269654,485.972780199594,4.4605774634798
627.071054745446,92.9142599854948,4.10494019758701
420.064420005532,259.316626516968,3.61758473249246
13.117157888063,181.896065391978,3.0639185639854
68.9369343221613,106.987428502764,4.62786590770292
613.998979765189,204.247715331415,4.40410695132906
254.502451867887,228.46314131087,3.74526105726582
582.969306656002,430.690068409044,3.74572430773646
298.150942869372,139.984780289111,3.98751098362653
527.284824136639,453.487172518834,3.43726542288823
38.6843826101849,413.003545339671,3.85726346930064
193.606250391872,283.768787101094,4.21192419573482
551.089384718248,262.23592570383,3.94004950664137
178.121493261878,39.1431139644618,4.7766432201606
507.516369384581,351.88541056849,4.38004951408031
32.4422516530205,48.6466467447707,3.98939332455715
524.721018059596,134.253977777622,4.87833134541843
NA,NA,NA
664.731996633855,333.210978840158,3.62745261252915
455.177297591512,297.995640577107,3.52424079827602
9.64353032595241,496.180332917434,3.62972669748327
563.083272288357,54.2858862984294,4.27769371079288
73.4735075036175,378.834840918063,3.90775162612393
226.437981522974,411.063067595494,3.90415979896752
427.295601934635,12.5700355695995,3.31523067153724
363.524686740375,291.473782570105,3.0136984875759
604.282466923624,103.899588285817,4.25946368878361
392.967824120905,231.66468926492,4.19659182402724
571.919992309339,412.591012116872,4.77113571047971
138.422496182994,280.912313759629,4.62231632344738
204.727589603491,371.878244187476,3.95673391436413
124.459336458585,410.159530211032,3.28692470732479
629.14754380363,315.074417678343,4.48728099004417
0.36156511559892,149.328840686161,4.32391720972684
537.731058518929,202.151691527158,4.18425908340285
32.4776578461374,491.639106912249,3.00981967999288
281.274756670411,20.7648019967994,3.8988047575347
536.821053053255,393.244132965336,3.2707922718911
67.7378110584623,75.3588694925449,5.188312166956
7.9600746180202,77.0763542385855,3.43595317257767
585.00260983564,227.934194627181,3.93535879266418
442.778300091738,462.140881215441,4.87528008851189
657.305379787768,373.021377552297,3.07334472520662
99.7768764269654,485.972780199594,4.4605774634798
627.071054745446,92.9142599854948,4.10494019758701
420.064420005532,259.316626516968,3.61758473249246
13.117157888063,181.896065391978,3.0639185639854
68.9369343221613,106.987428502764,4.62786590770292
613.998979765189,204.247715331415,4.40410695132906
254.502451867887,228.46314131087,3.74526105726582
582.969306656002,430.690068409044,3.74572430773646
298.150942869372,139.984780289111,3.98751098362653
527.284824136639,453.487172518834,3.43726542288823
38.6843826101849,413.003545339671,3.85726346930064
193.606250391872,283.768787101094,4.21192419573482
551.089384718248,262.23592570383,3.94004950664137
178.121493261878,39.1431139644618,4.7766432201606
507.516369384581,351.88541056849,4.38004951408031
32.4422516530205,48.6466467447707,3.98939332455715
524.721018059596,134.253977777622,4.87833134541843
NA,NA,NA
664.731996633855,333.210978840158,3.62745261252915
455.177297591512,297.995640577107,3.52424079827602
9.64353032595241,496.180332917434,3.62972669748327
563.083272288357,54.2858862984294,4.27769371079288
73.4735075036175,378.834840918063,3.90775162612393
226.437981522974,411.063067595494,3.90415979896752
427.295601934635,12.5700355695995,3.31523067153724
363.524686740375,291.473782570105,3.0136984875759
604.282466923624,103.899588285817,4.25946368878361
392.967824120905,231.66468926492,4.19659182402724
571.919992309339,412.591012116872,4.77113571047971
138.422496182994,280.912313759629,4.62231632344738
204.727589603491,371.878244187476,3.95673391436413
124.459336458585,410.159530211032,3.28692470732479
629.14754380363,315.074417678343,4.48728099004417
0.36156511559892,149.328840686161,4.32391720972684
537.731058518929,202.151691527158,4.18425908340285
32.4776578461374,491.639106912249,3.00981967999288
281.274756670411,20.7648019967994,3.8988047575347
536.821053053255,393.244132965336,3.2707922718911
67.7378110584623,75.3588694925449,5.188312166956
7.9600746180202,77.0763542385855,3.43595317257767
585.00260983564,227.934194627181,3.93535879266418
442.778300091738,462.140881215441,4.87528008851189
657.305379787768,373.021377552297,3.07334472520662
99.7768764269654,485.972780199594,4.4605774634798
627.071054745446,92.9142599854948,4.10494019758701
420.064420005532,259.316626516968,3.61758473249246
13.117157888063,181.896065391978,3.0639185639854
68.9369343221613,106.987428502764,4.62786590770292
613.998979765189,204.247715331415,4.40410695132906
254.502451867887,228.46314131087,3.74526105726582
582.969306656002,430.690068409044,3.74572430773646
298.150942869372,139.984780289111,3.98751098362653
527.284824136639,453.487172518834,3.43726542288823
38.6843826101849,413.003545339671,3.85726346930064
193.606250391872,283.768787101094,4.21192419573482
551.089384718248,262.23592570383,3.94004950664137
178.121493261878,39.1431139644618,4.7766432201606
507.516369384581,351.88541056849,4.38004951408031
32.4422516530205,48.6466467447707,3.98939332455715
524.721018059596,134.253977777622,4.87833134541843
NA,NA,NA
664.731996633855,333.210978840158,3.62745261252915
455.177297591512,297.995640577107,3.52424079827602
9.64353032595241,496.180332917434,3.62972669748327
563.083272288357,54.2858862984294,4.27769371079288
73.4735075036175,378.834840918063,3.90775162612393
226.437981522974,411.063067595494,3.90415979896752
427.295601934635,12.5700355695995,3.31523067153724
363.524686740375,291.473782570105,3.0136984875759
604.282466923624,103.899588285817,4.25946368878361
392.967824120905,231.66468926492,4.19659182402724
571.919992309339,412.591012116872,4.77113571047971
138.422496182994,280.912313759629,4.62231632344738
204.727589603491,371.878244187476,3.95673391436413
124.459336458585,410.159530211032,3.28692470732479
629.14754380363,315.074417678343,4.48728099004417
0.36156511559892,149.328840686161,4.32391720972684
537.731058518929,202.151691527158,4.18425908340285
32.4776578461374,491.639106912249,3.00981967999288
281.274756670411,20.7648019967994,3.8988047575347
536.821053053255,393.244132965336,3.2707922718911
67.7378110584623,75.3588694925449,5.188312166956
7.9600746180202,77.0763542385855,3.43595317257767
585.00260983564,227.934194627181,3.93535879266418
442.778300091738,462.140881215441,4.87528008851189
657.305379787768,373.021377552297,3.07334472520662
99.7768764269654,485.972780199594,4.4605774634798
627.071054745446,92.9142599854948,4.10494019758701
420.064420005532,259.316626516968,3.61758473249246
13.117157888063,181.896065391978,3.0639185639854
68.9369343221613,106.987428502764,4.62786590770292
613.998979765189,204.247715331415,4.40410695132906
254.502451867887,228.46314131087,3.74526105726582
582.969306656002,430.690068409044,3.74572430773646
298.150942869372,139.984780289111,3.98751098362653
527.284824136639,453.487172518834,3.43726542288823
38.6843826101849,413.003545339671,3.85726346930064
193.606250391872,283.768787101094,4.21192419573482
551.089384718248,262.23592570383,3.94004950664137
178.121493261878,39.1431139644618,4.7766432201606
507.516369384581,351.88541056849,4.38004951408031
32.4422516530205,48.6466467447707,3.98939332455715
524.721018059596,134.253977777622,4.87833134541843
NA,NA,NA
664.731996633855,333.210978840158,3.62745261252915
455.177297591512,297.995640577107,3.52424079827602
9.64353032595241,496.180332917434,3.62972669748327
563.083272288357,54.2858862984294,4.27769371079288
73.4735075036175,378.834840918063,3.90775162612393
226.437981522974,411.063067595494,3.90415979896752
427.295601934635,12.5700355695995,3.31523067153724
363.524686740375,291.473782570105,3.0136984875759
604.282466923624,103.899588285817,4.25946368878361
392.967824120905,231.66468926492,4.19659182402724
571.919992309339,412.591012116872,4.77113571047971
138.422496182994,280.912313759629,4.62231632344738
204.727589603491,371.878244187476,3.95673391436413
124.459336458585,410.159530211032,3.28692470732479
629.14754380363,315.074417678343,4.48728099004417
0.36156511559892,149.328840686161,4.32391720972684
537.731058518929,202.151691527158,4.18425908340285
32.4776578461374,491.639106912249,3.00981967999288
281.274756670411,20.7648019967994,3.8988047575347
536.821053053255,393.244132965336,3.2707922718911
67.7378110584623,75.3588694925449,5.188312166956
7.9600746180202,77.0763542385855,3.43595317257767
585.00260983564,227.934194627181,3.93535879266418
442.778300091738,462.140881215441,4.87528008851189
657.305379787768,373.021377552297,3.07334472520662
99.7768764269654,485.972780199594,4.4605774634798
627.071054745446,92.9142599854948,4.10494019758701
420.064420005532,259.316626516968,3.61758473249246
13.117157888063,181.896065391978,3.0639185639854
68.9369343221613,106.987428502764,4.62786590770292
613.998979765189,204.247715331415,4.40410695132906
254.502451867887,228.46314131087,3.74526105726582
582.969306656002,430.690068409044,3.74572430773646
298.150942869372,139.984780289111,3.98751098362653
527.284824136639,453.487172518834,3.43726542288823
38.6843826101849,413.003545339671,3.85726346930064
193.606250391872,283.768787101094,4.21192419573482
551.089384718248,262.23592570383,3.94004950664137
178.121493261878,39.1431139644618,4.7766432201606
507.516369384581,351.88541056849,4.38004951408031
32.4422516530205,48.6466467447707,3.98939332455715
524.721018059596,134.253977777622,4.87833134541843
NA,NA,NA
664.731996633855,333.210978840158,3.62745261252915
455.177297591512,297.995640577107,3.52424079827602
9.64353032595241,496.180332917434,3.62972669748327
563.083272288357,54.2858862984294,4.27769371079288
73.4735075036175,378.834840918063,3.90775162612393
226.437981522974,411.063067595494,3.90415979896752
427.295601934635,12.5700355695995,3.31523067153724
363.524686740375,291.473782570105,3.0136984875759
604.282466923624,103.899588285817,4.25946368878361
392.967824120905,231.66468926492,4.19659182402724
571.919992309339,412.591012116872,4.77113571047971
138.422496182994,280.912313759629,4.62231632344738
204.727589603491,371.878244187476,3.95673391436413
124.459336458585,410.159530211032,3.28692470732479
629.14754380363,315.074417678343,4.48728099004417
0.36156511559892,149.328840686161,4.32391720972684
537.731058518929,202.151691527158,4.18425908340285
32.4776578461374,491.639106912249,3.00981967999288
281.274756670411,20.7648019967994,3.8988047575347
536.821053053255,393.244132965336,3.2707922718911
67.7378110584623,75.3588694925449,5.188312166956
7.9600746180202,77.0763542385855,3.43595317257767
585.00260983564,227.934194627181,3.93535879266418
442.778300091738,462.140881215441,4.87528008851189
657.305379787768,373.021377552297,3.07334472520662
99.7768764269654,485.972780199594,4.4605774634798
627.071054745446,92.9142599854948,4.10494019758701
420.064420005532,259.316626516968,3.61758473249246
13.117157888063,181.896065391978,3.0639185639854
68.9369343221613,106.987428502764,4.62786590770292
613.998979765189,204.247715331415,4.40410695132906
254.502451867887,228.46314131087,3.74526105726582
582.969306656002,430.690068409044,3.74572430773646
298.150942869372,139.984780289111,3.98751098362653
527.284824136639,453.487172518834,3.43726542288823
38.6843826101849,413.003545339671,3.85726346930064
193.606250391872,283.768787101094,4.21192419573482
551.089384718248,262.23592570383,3.94004950664137
178.121493261878,39.1431139644618,4.7766432201606
507.516369384581,351.88541056849,4.38004951408031
32.4422516530205,48.6466467447707,3.98939332455715
524.721018059596,134.253977777622,4.87833134541843
NA,NA,NA
667.550030633684,334.000925534284,3.47543264298893
457.478399321578,300.438864279566,3.7220931033929
10.5365055184796,498.237328169342,3.74881479068939
554.457456876613,46.4536136660429,4.20492674921864
74.6129154285072,374.999704403956,4.05543263066589
230.383127481682,415.861607345892,3.90890193625726
427.796324574565,11.5162419350295,3.23060859318685
361.06901729316,292.105726102873,2.9569520806825
603.796449174073,105.017979219218,4.00290257824254
392.284173724458,234.031346303298,4.10504988645489
568.650214426148,407.111531861095,4.66804409130343
146.488845274917,280.75237888268,4.59665226423164
200.375119016534,371.306797793857,4.00858383293142
127.664766847733,409.763429073762,3.36746359790034
627.33639197185,310.95931103294,4.64493143137048
2.8531104155901,144.528055351493,4.28122303516499
541.834032122485,200.622253182359,4.12386957043188
31.7873615327687,492.66881691503,3.03086202535418
280.350397817691,17.1280260550746,4.01055504792643
535.668811011064,390.552953231485,3.41157970438074
78.5451804368174,77.1127981819474,5.29888116578088
6.77149571708781,72.8417276101508,3.36532394870723
587.878421384257,226.580340023036,4.02123390823551
445.20851635623,459.25993537854,4.83196584864388
658.331781187299,373.215477072257,2.91829844982881
114.60609243273,487.645231572291,4.34913866016984
618.448518197994,87.1201508774247,4.07134952083549
418.134713004544,258.470454019303,3.59190194922532
12.5552443209283,183.601636587142,3.26223123635642
74.2327632534401,116.914281270984,4.46147024022184
617.268517575171,208.43432772155,4.61551390931138
255.728545995743,219.026205541211,3.78542268313195
571.291714576508,432.027363340917,3.80087298114073
299.610916377141,136.716692308291,3.78004844131452
525.922502538343,458.487391156076,3.71058522227114
42.7985482051474,412.19828649682,3.6909300523655
176.873958830652,281.121326517085,4.32181088631472
547.756977111508,260.172757022846,3.88817863951752
155.122078814966,30.509011210851,4.4507912456239
504.959884087577,357.529014215544,4.44024926328133
39.5833040075326,51.6642345275161,3.92092653494841
535.679816190193,132.430084467084,4.90379961045187
NA,NA,NA
667.550030633684,334.000925534284,3.47543264298893
457.478399321578,300.438864279566,3.7220931033929
10.5365055184796,498.237328169342,3.74881479068939
554.457456876613,46.4536136660429,4.20492674921864
74.6129154285072,374.999704403956,4.05543263066589
230.383127481682,415.861607345892,3.90890193625726
427.796324574565,11.5162419350295,3.23060859318685
361.06901729316,292.105726102873,2.9569520806825
603.796449174073,105.017979219218,4.00290257824254
392.284173724458,234.031346303298,4.10504988645489
568.650214426148,407.111531861095,4.66804409130343
146.488845274917,280.75237888268,4.59665226423164
200.375119016534,371.306797793857,4.00858383293142
127.664766847733,409.763429073762,3.36746359790034
627.33639197185,310.95931103294,4.64493143137048
2.8531104155901,144.528055351493,4.28122303516499
541.834032122485,200.622253182359,4.12386957043188
31.7873615327687,492.66881691503,3.03086202535418
280.350397817691,17.1280260550746,4.01055504792643
535.668811011064,390.552953231485,3.41157970438074
78.5451804368174,77.1127981819474,5.29888116578088
6.77149571708781,72.8417276101508,3.36532394870723
587.878421384257,226.580340023036,4.02123390823551
445.20851635623,459.25993537854,4.83196584864388
658.331781187299,373.215477072257,2.91829844982881
114.60609243273,487.645231572291,4.34913866016984
618.448518197994,87.1201508774247,4.07134952083549
418.134713004544,258.470454019303,3.59190194922532
12.5552443209283,183.601636587142,3.26223123635642
74.2327632534401,116.914281270984,4.46147024022184
617.268517575171,208.43432772155,4.61551390931138
255.728545995743,219.026205541211,3.78542268313195
571.291714576508,432.027363340917,3.80087298114073
299.610916377141,136.716692308291,3.78004844131452
525.922502538343,458.487391156076,3.71058522227114
42.7985482051474,412.19828649682,3.6909300523655
176.873958830652,281.121326517085,4.32181088631472
547.756977111508,260.172757022846,3.88817863951752
155.122078814966,30.509011210851,4.4507912456239
504.959884087577,357.529014215544,4.44024926328133
39.5833040075326,51.6642345275161,3.92092653494841
535.679816190193,132.430084467084,4.90379961045187
NA,NA,NA
667.550030633684,334.000925534284,3.47543264298893
457.478399321578,300.438864279566,3.7220931033929
10.5365055184796,498.237328169342,3.74881479068939
554.457456876613,46.4536136660429,4.20492674921864
74.6129154285072,374.999704403956,4.05543263066589
230.383127481682,415.861607345892,3.90890193625726
427.796324574565,11.5162419350295,3.23060859318685
361.06901729316,292.105726102873,2.9569520806825
603.796449174073,105.017979219218,4.00290257824254
392.284173724458,234.031346303298,4.10504988645489
568.650214426148,407.111531861095,4.66804409130343
146.488845274917,280.75237888268,4.59665226423164
200.375119016534,371.306797793857,4.00858383293142
127.664766847733,409.763429073762,3.36746359790034
627.33639197185,310.95931103294,4.64493143137048
2.8531104155901,144.528055351493,4.28122303516499
541.834032122485,200.622253182359,4.12386957043188
31.7873615327687,492.66881691503,3.03086202535418
280.350397817691,17.1280260550746,4.01055504792643
535.668811011064,390.552953231485,3.41157970438074
78.5451804368174,77.1127981819474,5.29888116578088
6.77149571708781,72.8417276101508,3.36532394870723
587.878421384257,226.580340023036,4.02123390823551
445.20851635623,459.25993537854,4.83196584864388
658.331781187299,373.215477072257,2.91829844982881
114.60609243273,487.645231572291,4.34913866016984
618.448518197994,87.1201508774247,4.07134952083549
418.134713004544,258.470454019303,3.59190194922532
12.5552443209283,183.601636587142,3.26223123635642
74.2327632534401,116.914281270984,4.46147024022184
617.268517575171,208.43432772155,4.61551390931138
255.728545995743,219.026205541211,3.78542268313195
571.291714576508,432.027363340917,3.80087298114073
299.610916377141,136.716692308291,3.78004844131452
525.922502538343,458.487391156076,3.71058522227114
42.7985482051474,412.19828649682,3.6909300523655
176.873958830652,281.121326517085,4.32181088631472
547.756977111508,260.172757022846,3.88817863951752
155.122078814966,30.509011210851,4.4507912456239
504.959884087577,357.529014215544,4.44024926328133
39.5833040075326,51.6642345275161,3.92092653494841
535.679816190193,132.430084467084,4.90379961045187
NA,NA,NA
667.550030633684,334.000925534284,3.47543264298893
457.478399321578,300.438864279566,3.7220931033929
10.5365055184796,498.237328169342,3.74881479068939
554.457456876613,46.4536136660429,4.20492674921864
74.6129154285072,374.999704403956,4.05543263066589
230.383127481682,415.861607345892,3.90890193625726
427.796324574565,11.5162419350295,3.23060859318685
361.06901729316,292.105726102873,2.9569520806825
603.796449174073,105.017979219218,4.00290257824254
392.284173724458,234.031346303298,4.10504988645489
568.650214426148,407.111531861095,4.66804409130343
146.488845274917,280.75237888268,4.59665226423164
200.375119016534,371.306797793857,4.00858383293142
127.664766847733,409.763429073762,3.36746359790034
627.33639197185,310.95931103294,4.64493143137048
2.8531104155901,144.528055351493,4.28122303516499
541.834032122485,200.622253182359,4.12386957043188
31.7873615327687,492.66881691503,3.03086202535418
280.350397817691,17.1280260550746,4.01055504792643
535.668811011064,390.552953231485,3.41157970438074
78.5451804368174,77.1127981819474,5.29888116578088
6.77149571708781,72.8417276101508,3.36532394870723
587.878421384257,226.580340023036,4.02123390823551
445.20851635623,459.25993537854,4.83196584864388
658.331781187299,373.215477072257,2.91829844982881
114.60609243273,487.645231572291,4.34913866016984
618.448518197994,87.1201508774247,4.07134952083549
418.134713004544,258.470454019303,3.59190194922532
12.5552443209283,183.601636587142,3.26223123635642
74.2327632534401,116.914281270984,4.46147024022184
617.268517575171,208.43432772155,4.61551390931138
255.728545995743,219.026205541211,3.78542268313195
571.291714576508,432.027363340917,3.80087298114073
299.610916377141,136.716692308291,3.78004844131452
525.922502538343,458.487391156076,3.71058522227114
42.7985482051474,412.19828649682,3.6909300523655
176.873958830652,281.121326517085,4.32181088631472
547.756977111508,260.172757022846,3.88817863951752
155.122078814966,30.509011210851,4.4507912456239
504.959884087577,357.529014215544,4.44024926328133
39.5833040075326,51.6642345275161,3.92092653494841
535.679816190193,132.430084467084,4.90379961045187
NA,NA,NA
667.550030633684,334.000925534284,3.47543264298893
457.478399321578,300.438864279566,3.7220931033929
10.5365055184796,498.237328169342,3.74881479068939
554.457456876613,46.4536136660429,4.20492674921864
74.6129154285072,374.999704403956,4.05543263066589
230.383127481682,415.861607345892,3.90890193625726
427.796324574565,11.5162419350295,3.23060859318685
361.06901729316,292.105726102873,2.9569520806825
603.796449174073,105.017979219218,4.00290257824254
392.284173724458,234.031346303298,4.10504988645489
568.650214426148,407.111531861095,4.66804409130343
146.488845274917,280.75237888268,4.59665226423164
200.375119016534,371.306797793857,4.00858383293142
127.664766847733,409.763429073762,3.36746359790034
627.33639197185,310.95931103294,4.64493143137048
2.8531104155901,144.528055351493,4.28122303516499
541.834032122485,200.622253182359,4.12386957043188
31.7873615327687,492.66881691503,3.03086202535418
280.350397817691,17.1280260550746,4.01055504792643
535.668811011064,390.552953231485,3.41157970438074
78.5451804368174,77.1127981819474,5.29888116578088
6.77149571708781,72.8417276101508,3.36532394870723
587.878421384257,226.580340023036,4.02123390823551
445.20851635623,459.25993537854,4.83196584864388
658.331781187299,373.215477072257,2.91829844982881
114.60609243273,487.645231572291,4.34913866016984
618.448518197994,87.1201508774247,4.07134952083549
418.134713004544,258.470454019303,3.59190194922532
12.5552443209283,183.601636587142,3.26223123635642
74.2327632534401,116.914281270984,4.46147024022184
617.268517575171,208.43432772155,4.61551390931138
255.728545995743,219.026205541211,3.78542268313195
571.291714576508,432.027363340917,3.80087298114073
299.610916377141,136.716692308291,3.78004844131452
525.922502538343,458.487391156076,3.71058522227114
42.7985482051474,412.19828649682,3.6909300523655
176.873958830652,281.121326517085,4.32181088631472
547.756977111508,260.172757022846,3.88817863951752
155.122078814966,30.509011210851,4.4507912456239
504.959884087577,357.529014215544,4.44024926328133
39.5833040075326,51.6642345275161,3.92092653494841
535.679816190193,132.430084467084,4.90379961045187
NA,NA,NA
667.550030633684,334.000925534284,3.47543264298893
457.478399321578,300.438864279566,3.7220931033929
10.5365055184796,498.237328169342,3.74881479068939
554.457456876613,46.4536136660429,4.20492674921864
74.6129154285072,374.999704403956,4.05543263066589
230.383127481682,415.861607345892,3.90890193625726
427.796324574565,11.5162419350295,3.23060859318685
361.06901729316,292.105726102873,2.9569520806825
603.796449174073,105.017979219218,4.00290257824254
392.284173724458,234.031346303298,4.10504988645489
568.650214426148,407.111531861095,4.66804409130343
146.488845274917,280.75237888268,4.59665226423164
200.375119016534,371.306797793857,4.00858383293142
127.664766847733,409.763429073762,3.36746359790034
627.33639197185,310.95931103294,4.64493143137048
2.8531104155901,144.528055351493,4.28122303516499
541.834032122485,200.622253182359,4.12386957043188
31.7873615327687,492.66881691503,3.03086202535418
280.350397817691,17.1280260550746,4.01055504792643
535.668811011064,390.552953231485,3.41157970438074
78.5451804368174,77.1127981819474,5.29888116578088
6.77149571708781,72.8417276101508,3.36532394870723
587.878421384257,226.580340023036,4.02123390823551
445.20851635623,459.25993537854,4.83196584864388
658.331781187299,373.215477072257,2.91829844982881
114.60609243273,487.645231572291,4.34913866016984
618.448518197994,87.1201508774247,4.07134952083549
418.134713004544,258.470454019303,3.59190194922532
12.5552443209283,183.601636587142,3.26223123635642
74.2327632534401,116.914281270984,4.46147024022184
617.268517575171,208.43432772155,4.61551390931138
255.728545995743,219.026205541211,3.78542268313195
571.291714576508,432.027363340917,3.80087298114073
299.610916377141,136.716692308291,3.78004844131452
525.922502538343,458.487391156076,3.71058522227114
42.7985482051474,412.19828649682,3.6909300523655
176.873958830652,281.121326517085,4.32181088631472
547.756977111508,260.172757022846,3.88817863951752
155.122078814966,30.509011210851,4.4507912456239
504.959884087577,357.529014215544,4.44024926328133
39.5833040075326,51.6642345275161,3.92092653494841
535.679816190193,132.430084467084,4.90379961045187
NA,NA,NA
661.100406880684,336.774190333779,3.47493846507809
456.105288907023,296.309052566926,3.61189328047834
13.5306747218895,496.618434337928,3.60720745127362
565.992776224075,50.3663564299072,4.04403950534927
77.4237407867123,378.444882717968,3.94214791815344
224.970615528216,411.780335566757,3.94326132595176
428.691381785668,14.7019131147467,3.29529636854425
361.562517375529,294.67715654391,2.9900170964363
601.379663337843,104.047254990341,4.19896478162433
391.788818641495,229.228202583153,4.1995624580446
562.030867275652,414.869375534337,4.76809960440939
139.214492823744,283.800601304607,4.60138650480233
195.478600516084,368.249018745169,3.97176942592967
128.012576853597,409.342837346331,3.55250808874261
626.20810752805,310.134453895406,4.4717625617177
4.89308655751832,150.046198554085,4.24828241490054
542.56983439027,202.125349188976,4.13375753574538
34.7416589526077,492.633710819633,3.01207230978704
279.35826308319,20.4182489799597,3.88889688036013
535.847811746322,392.816231691603,3.47454768587304
79.8863397168507,76.6870570808742,5.34814294906604
8.78178610806629,75.6697191119712,3.42193336695558
587.748357632761,224.850556321711,4.04055698982078
442.596273607891,461.05219484207,4.86035430170504
661.154619523652,373.34413181602,3.03820777058683
109.265976742098,492.681890076996,4.34743352205052
624.876826600234,96.5269801012008,4.07094153717311
418.292547528615,256.843080762098,3.58865659259686
13.4631362617472,181.448706309625,3.10778983674542
66.1958215918651,119.457149603731,4.39227825047365
610.777992955128,212.512593239808,4.3224724758866
254.196808444344,216.276305548814,4.19705547802933
567.117230586602,433.908365757722,3.74166124849102
301.112569554583,137.860574529241,3.97449283157807
528.819754375905,454.434370399723,3.5587750228185
50.0272832092915,428.994985199537,3.80281888076519
203.351823416696,289.598280128861,3.81938803924882
545.878503778954,261.064269197872,3.83890745023399
183.612795337164,20.0569198685573,4.27885835499396
502.951616560052,347.686678205452,4.52106305617057
40.6960850842793,46.7943404299411,4.11845974169748
533.642359644139,140.753484485393,4.29902081973678
NA,NA,NA
661.100406880684,336.774190333779,3.47493846507809
456.105288907023,296.309052566926,3.61189328047834
13.5306747218895,496.618434337928,3.60720745127362
565.992776224075,50.3663564299072,4.04403950534927
77.4237407867123,378.444882717968,3.94214791815344
224.970615528216,411.780335566757,3.94326132595176
428.691381785668,14.7019131147467,3.29529636854425
361.562517375529,294.67715654391,2.9900170964363
601.379663337843,104.047254990341,4.19896478162433
391.788818641495,229.228202583153,4.1995624580446
562.030867275652,414.869375534337,4.76809960440939
139.214492823744,283.800601304607,4.60138650480233
195.478600516084,368.249018745169,3.97176942592967
128.012576853597,409.342837346331,3.55250808874261
626.20810752805,310.134453895406,4.4717625617177
4.89308655751832,150.046198554085,4.24828241490054
542.56983439027,202.125349188976,4.13375753574538
34.7416589526077,492.633710819633,3.01207230978704
279.35826308319,20.4182489799597,3.88889688036013
535.847811746322,392.816231691603,3.47454768587304
79.8863397168507,76.6870570808742,5.34814294906604
8.78178610806629,75.6697191119712,3.42193336695558
587.748357632761,224.850556321711,4.04055698982078
442.596273607891,461.05219484207,4.86035430170504
661.154619523652,373.34413181602,3.03820777058683
109.265976742098,492.681890076996,4.34743352205052
624.876826600234,96.5269801012008,4.07094153717311
418.292547528615,256.843080762098,3.58865659259686
13.4631362617472,181.448706309625,3.10778983674542
66.1958215918651,119.457149603731,4.39227825047365
610.777992955128,212.512593239808,4.3224724758866
254.196808444344,216.276305548814,4.19705547802933
567.117230586602,433.908365757722,3.74166124849102
301.112569554583,137.860574529241,3.97449283157807
528.819754375905,454.434370399723,3.5587750228185
50.0272832092915,428.994985199537,3.80281888076519
203.351823416696,289.598280128861,3.81938803924882
545.878503778954,261.064269197872,3.83890745023399
183.612795337164,20.0569198685573,4.27885835499396
502.951616560052,347.686678205452,4.52106305617057
40.6960850842793,46.7943404299411,4.11845974169748
533.642359644139,140.753484485393,4.29902081973678
NA,NA,NA
661.100406880684,336.774190333779,3.47493846507809
456.105288907023,296.309052566926,3.61189328047834
13.5306747218895,496.618434337928,3.60720745127362
565.992776224075,50.3663564299072,4.04403950534927
77.4237407867123,378.444882717968,3.94214791815344
224.970615528216,411.780335566757,3.94326132595176
428.691381785668,14.7019131147467,3.29529636854425
361.562517375529,294.67715654391,2.9900170964363
601.379663337843,104.047254990341,4.19896478162433
391.788818641495,229.228202583153,4.1995624580446
562.030867275652,414.869375534337,4.76809960440939
139.214492823744,283.800601304607,4.60138650480233
195.478600516084,368.249018745169,3.97176942592967
128.012576853597,409.342837346331,3.55250808874261
626.20810752805,310.134453895406,4.4717625617177
4.89308655751832,150.046198554085,4.24828241490054
542.56983439027,202.125349188976,4.13375753574538
34.7416589526077,492.633710819633,3.01207230978704
279.35826308319,20.4182489799597,3.88889688036013
535.847811746322,392.816231691603,3.47454768587304
79.8863397168507,76.6870570808742,5.34814294906604
8.78178610806629,75.6697191119712,3.42193336695558
587.748357632761,224.850556321711,4.04055698982078
442.596273607891,461.05219484207,4.86035430170504
661.154619523652,373.34413181602,3.03820777058683
109.265976742098,492.681890076996,4.34743352205052
624.876826600234,96.5269801012008,4.07094153717311
418.292547528615,256.843080762098,3.58865659259686
13.4631362617472,181.448706309625,3.10778983674542
66.1958215918651,119.457149603731,4.39227825047365
610.777992955128,212.512593239808,4.3224724758866
254.196808444344,216.276305548814,4.19705547802933
567.117230586602,433.908365757722,3.74166124849102
301.112569554583,137.860574529241,3.97449283157807
528.819754375905,454.434370399723,3.5587750228185
50.0272832092915,428.994985199537,3.80281888076519
203.351823416696,289.598280128861,3.81938803924882
545.878503778954,261.064269197872,3.83890745023399
183.612795337164,20.0569198685573,4.27885835499396
502.951616560052,347.686678205452,4.52106305617057
40.6960850842793,46.7943404299411,4.11845974169748
533.642359644139,140.753484485393,4.29902081973678
NA,NA,NA
661.100406880684,336.774190333779,3.47493846507809
456.105288907023,296.309052566926,3.61189328047834
13.5306747218895,496.618434337928,3.60720745127362
565.992776224075,50.3663564299072,4.04403950534927
77.4237407867123,378.444882717968,3.94214791815344
224.970615528216,411.780335566757,3.94326132595176
428.691381785668,14.7019131147467,3.29529636854425
361.562517375529,294.67715654391,2.9900170964363
601.379663337843,104.047254990341,4.19896478162433
391.788818641495,229.228202583153,4.1995624580446
562.030867275652,414.869375534337,4.76809960440939
139.214492823744,283.800601304607,4.60138650480233
195.478600516084,368.249018745169,3.97176942592967
128.012576853597,409.342837346331,3.55250808874261
626.20810752805,310.134453895406,4.4717625617177
4.89308655751832,150.046198554085,4.24828241490054
542.56983439027,202.125349188976,4.13375753574538
34.7416589526077,492.633710819633,3.01207230978704
279.35826308319,20.4182489799597,3.88889688036013
535.847811746322,392.816231691603,3.47454768587304
79.8863397168507,76.6870570808742,5.34814294906604
8.78178610806629,75.6697191119712,3.42193336695558
587.748357632761,224.850556321711,4.04055698982078
442.596273607891,461.05219484207,4.86035430170504
661.154619523652,373.34413181602,3.03820777058683
109.265976742098,492.681890076996,4.34743352205052
624.876826600234,96.5269801012008,4.07094153717311
418.292547528615,256.843080762098,3.58865659259686
13.4631362617472,181.448706309625,3.10778983674542
66.1958215918651,119.457149603731,4.39227825047365
610.777992955128,212.512593239808,4.3224724758866
254.196808444344,216.276305548814,4.19705547802933
567.117230586602,433.908365757722,3.74166124849102
301.112569554583,137.860574529241,3.97449283157807
528.819754375905,454.434370399723,3.5587750228185
50.0272832092915,428.994985199537,3.80281888076519
203.351823416696,289.598280128861,3.81938803924882
545.878503778954,261.064269197872,3.83890745023399
183.612795337164,20.0569198685573,4.27885835499396
502.951616560052,347.686678205452,4.52106305617057
40.6960850842793,46.7943404299411,4.11845974169748
533.642359644139,140.753484485393,4.29902081973678
NA,NA,NA
661.100406880684,336.774190333779,3.47493846507809
456.105288907023,296.309052566926,3.61189328047834
13.5306747218895,496.618434337928,3.60720745127362
565.992776224075,50.3663564299072,4.04403950534927
77.4237407867123,378.444882717968,3.94214791815344
224.970615528216,411.780335566757,3.94326132595176
428.691381785668,14.7019131147467,3.29529636854425
361.562517375529,294.67715654391,2.9900170964363
601.379663337843,104.047254990341,4.19896478162433
391.788818641495,229.228202583153,4.1995624580446
562.030867275652,414.869375534337,4.76809960440939
139.214492823744,283.800601304607,4.60138650480233
195.478600516084,368.249018745169,3.97176942592967
128.012576853597,409.342837346331,3.55250808874261
626.20810752805,310.134453895406,4.4717625617177
4.89308655751832,150.046198554085,4.24828241490054
542.56983439027,202.125349188976,4.13375753574538
34.7416589526077,492.633710819633,3.01207230978704
279.35826308319,20.4182489799597,3.88889688036013
535.847811746322,392.816231691603,3.47454768587304
79.8863397168507,76.6870570808742,5.34814294906604
8.78178610806629,75.6697191119712,3.42193336695558
587.748357632761,224.850556321711,4.04055698982078
442.596273607891,461.05219484207,4.86035430170504
661.154619523652,373.34413181602,3.03820777058683
109.265976742098,492.681890076996,4.34743352205052
624.876826600234,96.5269801012008,4.07094153717311
418.292547528615,256.843080762098,3.58865659259686
13.4631362617472,181.448706309625,3.10778983674542
66.1958215918651,119.457149603731,4.39227825047365
610.777992955128,212.512593239808,4.3224724758866
254.196808444344,216.276305548814,4.19705547802933
567.117230586602,433.908365757722,3.74166124849102
301.112569554583,137.860574529241,3.97449283157807
528.819754375905,454.434370399723,3.5587750228185
50.0272832092915,428.994985199537,3.80281888076519
203.351823416696,289.598280128861,3.81938803924882
545.878503778954,261.064269197872,3.83890745023399
183.612795337164,20.0569198685573,4.27885835499396
502.951616560052,347.686678205452,4.52106305617057
40.6960850842793,46.7943404299411,4.11845974169748
533.642359644139,140.753484485393,4.29902081973678
NA,NA,NA
661.100406880684,336.774190333779,3.47493846507809
456.105288907023,296.309052566926,3.61189328047834
13.5306747218895,496.618434337928,3.60720745127362
565.992776224075,50.3663564299072,4.04403950534927
77.4237407867123,378.444882717968,3.94214791815344
224.970615528216,411.780335566757,3.94326132595176
428.691381785668,14.7019131147467,3.29529636854425
361.562517375529,294.67715654391,2.9900170964363
601.379663337843,104.047254990341,4.19896478162433
391.788818641495,229.228202583153,4.1995624580446
562.030867275652,414.869375534337,4.76809960440939
139.214492823744,283.800601304607,4.60138650480233
195.478600516084,368.249018745169,3.97176942592967
128.012576853597,409.342837346331,3.55250808874261
626.20810752805,310.134453895406,4.4717625617177
4.89308655751832,150.046198554085,4.24828241490054
542.56983439027,202.125349188976,4.13375753574538
34.7416589526077,492.633710819633,3.01207230978704
279.35826308319,20.4182489799597,3.88889688036013
535.847811746322,392.816231691603,3.47454768587304
79.8863397168507,76.6870570808742,5.34814294906604
8.78178610806629,75.6697191119712,3.42193336695558
587.748357632761,224.850556321711,4.04055698982078
442.596273607891,461.05219484207,4.86035430170504
661.154619523652,373.34413181602,3.03820777058683
109.265976742098,492.681890076996,4.34743352205052
624.876826600234,96.5269801012008,4.07094153717311
418.292547528615,256.843080762098,3.58865659259686
13.4631362617472,181.448706309625,3.10778983674542
66.1958215918651,119.457149603731,4.39227825047365
610.777992955128,212.512593239808,4.3224724758866
254.196808444344,216.276305548814,4.19705547802933
567.117230586602,433.908365757722,3.74166124849102
301.112569554583,137.860574529241,3.97449283157807
528.819754375905,454.434370399723,3.5587750228185
50.0272832092915,428.994985199537,3.80281888076519
203.351823416696,289.598280128861,3.81938803924882
545.878503778954,261.064269197872,3.83890745023399
183.612795337164,20.0569198685573,4.27885835499396
502.951616560052,347.686678205452,4.52106305617057
40.6960850842793,46.7943404299411,4.11845974169748
533.642359644139,140.753484485393,4.29902081973678
NA,NA,NA
659.498259195442,333.214333364293,3.55212418055052
453.157129499996,300.297043407736,3.74649452282739
10.3756545033135,494.976257389728,3.63508909870274
560.086951628625,51.2146513255191,4.01126873795226
69.9317599107435,372.528048315646,4.05630912872848
229.631044269351,417.150253927383,3.82331842866059
428.344951489702,13.4457553386371,3.43395904541434
362.005625154247,291.545534263902,3.15759580970065
606.173296294631,102.200066349985,4.20012259330274
392.072220514999,229.169117620883,4.19268032787466
574.577605131863,415.524384016203,4.68548538778527
139.210834646079,282.456330612551,4.49735610420595
200.54813913899,367.071008892064,4.07416521737082
124.783148731045,408.295572833676,3.38668862254145
622.319199568894,311.438130846645,4.63820087775109
0.630726769604212,150.849378960755,4.23467147179564
539.897489840314,201.477181208422,4.10540872733925
36.4468839886951,491.634652021748,3.01499642648005
280.30373867506,19.3340459648703,3.72495784552521
533.473854199381,393.269991960121,3.48340519962699
61.3099778119761,82.0566202560503,5.24582111168457
8.58135447931512,78.1491368285182,3.4897766450872
588.687975088941,229.471750994401,4.03714968012309
444.933129378933,462.186770397481,4.7162363753233
656.569489411393,375.248984492291,2.91802609255265
108.752446789951,488.34258053631,4.37722308242008
619.740199035805,90.7337235837165,4.14184494869597
419.120190672277,258.113375242398,3.54191397398725
15.0548981240056,181.077086195452,3.09928243445962
69.1536497165392,119.003779998398,4.52951663626696
612.53955980613,195.887389436786,4.39274775695087
256.556842089668,227.969925187317,3.83810611703603
567.666048339458,436.86236839643,3.66971836606502
298.39422632528,138.692792707396,3.84667664720529
527.344440656835,452.466661919573,3.81247783977733
48.2327671361908,428.920583428283,4.20848202366866
187.467393267768,293.545728559778,4.59787630259185
555.614364432538,258.710790394364,3.75989945658978
161.303197471908,17.4157522286732,4.28496217038634
502.017372040926,345.140962507083,4.69919386731766
42.6662372913357,50.1562330911742,3.77410231887459
532.90688550923,141.01794802412,4.09799004688269
NA,NA,NA
659.498259195442,333.214333364293,3.55212418055052
453.157129499996,300.297043407736,3.74649452282739
10.3756545033135,494.976257389728,3.63508909870274
560.086951628625,51.2146513255191,4.01126873795226
69.9317599107435,372.528048315646,4.05630912872848
229.631044269351,417.150253927383,3.82331842866059
428.344951489702,13.4457553386371,3.43395904541434
362.005625154247,291.545534263902,3.15759580970065
606.173296294631,102.200066349985,4.20012259330274
392.072220514999,229.169117620883,4.19268032787466
574.577605131863,415.524384016203,4.68548538778527
139.210834646079,282.456330612551,4.49735610420595
200.54813913899,367.071008892064,4.07416521737082
124.783148731045,408.295572833676,3.38668862254145
622.319199568894,311.438130846645,4.63820087775109
0.630726769604212,150.849378960755,4.23467147179564
539.897489840314,201.477181208422,4.10540872733925
36.4468839886951,491.634652021748,3.01499642648005
280.30373867506,19.3340459648703,3.72495784552521
533.473854199381,393.269991960121,3.48340519962699
61.3099778119761,82.0566202560503,5.24582111168457
8.58135447931512,78.1491368285182,3.4897766450872
588.687975088941,229.471750994401,4.03714968012309
444.933129378933,462.186770397481,4.7162363753233
656.569489411393,375.248984492291,2.91802609255265
108.752446789951,488.34258053631,4.37722308242008
619.740199035805,90.7337235837165,4.14184494869597
419.120190672277,258.113375242398,3.54191397398725
15.0548981240056,181.077086195452,3.09928243445962
69.1536497165392,119.003779998398,4.52951663626696
612.53955980613,195.887389436786,4.39274775695087
256.556842089668,227.969925187317,3.83810611703603
567.666048339458,436.86236839643,3.66971836606502
298.39422632528,138.692792707396,3.84667664720529
527.344440656835,452.466661919573,3.81247783977733
48.2327671361908,428.920583428283,4.20848202366866
187.467393267768,293.545728559778,4.59787630259185
555.614364432538,258.710790394364,3.75989945658978
161.303197471908,17.4157522286732,4.28496217038634
502.017372040926,345.140962507083,4.69919386731766
42.6662372913357,50.1562330911742,3.77410231887459
532.90688550923,141.01794802412,4.09799004688269
NA,NA,NA
659.498259195442,333.214333364293,3.55212418055052
453.157129499996,300.297043407736,3.74649452282739
10.3756545033135,494.976257389728,3.63508909870274
560.086951628625,51.2146513255191,4.01126873795226
69.9317599107435,372.528048315646,4.05630912872848
229.631044269351,417.150253927383,3.82331842866059
428.344951489702,13.4457553386371,3.43395904541434
362.005625154247,291.545534263902,3.15759580970065
606.173296294631,102.200066349985,4.20012259330274
392.072220514999,229.169117620883,4.19268032787466
574.577605131863,415.524384016203,4.68548538778527
139.210834646079,282.456330612551,4.49735610420595
200.54813913899,367.071008892064,4.07416521737082
124.783148731045,408.295572833676,3.38668862254145
622.319199568894,311.438130846645,4.63820087775109
0.630726769604212,150.849378960755,4.23467147179564
539.897489840314,201.477181208422,4.10540872733925
36.4468839886951,491.634652021748,3.01499642648005
280.30373867506,19.3340459648703,3.72495784552521
533.473854199381,393.269991960121,3.48340519962699
61.3099778119761,82.0566202560503,5.24582111168457
8.58135447931512,78.1491368285182,3.4897766450872
588.687975088941,229.471750994401,4.03714968012309
444.933129378933,462.186770397481,4.7162363753233
656.569489411393,375.248984492291,2.91802609255265
108.752446789951,488.34258053631,4.37722308242008
619.740199035805,90.7337235837165,4.14184494869597
419.120190672277,258.113375242398,3.54191397398725
15.0548981240056,181.077086195452,3.09928243445962
69.1536497165392,119.003779998398,4.52951663626696
612.53955980613,195.887389436786,4.39274775695087
256.556842089668,227.969925187317,3.83810611703603
567.666048339458,436.86236839643,3.66971836606502
298.39422632528,138.692792707396,3.84667664720529
527.344440656835,452.466661919573,3.81247783977733
48.2327671361908,428.920583428283,4.20848202366866
187.467393267768,293.545728559778,4.59787630259185
555.614364432538,258.710790394364,3.75989945658978
161.303197471908,17.4157522286732,4.28496217038634
502.017372040926,345.140962507083,4.69919386731766
42.6662372913357,50.1562330911742,3.77410231887459
532.90688550923,141.01794802412,4.09799004688269
NA,NA,NA
659.498259195442,333.214333364293,3.55212418055052
453.157129499996,300.297043407736,3.74649452282739
10.3756545033135,494.976257389728,3.63508909870274
560.086951628625,51.2146513255191,4.01126873795226
69.9317599107435,372.528048315646,4.05630912872848
229.631044269351,417.150253927383,3.82331842866059
428.344951489702,13.4457553386371,3.43395904541434
362.005625154247,291.545534263902,3.15759580970065
606.173296294631,102.200066349985,4.20012259330274
392.072220514999,229.169117620883,4.19268032787466
574.577605131863,415.524384016203,4.68548538778527
139.210834646079,282.456330612551,4.49735610420595
200.54813913899,367.071008892064,4.07416521737082
124.783148731045,408.295572833676,3.38668862254145
622.319199568894,311.438130846645,4.63820087775109
0.630726769604212,150.849378960755,4.23467147179564
539.897489840314,201.477181208422,4.10540872733925
36.4468839886951,491.634652021748,3.01499642648005
280.30373867506,19.3340459648703,3.72495784552521
533.473854199381,393.269991960121,3.48340519962699
61.3099778119761,82.0566202560503,5.24582111168457
8.58135447931512,78.1491368285182,3.4897766450872
588.687975088941,229.471750994401,4.03714968012309
444.933129378933,462.186770397481,4.7162363753233
656.569489411393,375.248984492291,2.91802609255265
108.752446789951,488.34258053631,4.37722308242008
619.740199035805,90.7337235837165,4.14184494869597
419.120190672277,258.113375242398,3.54191397398725
15.0548981240056,181.077086195452,3.09928243445962
69.1536497165392,119.003779998398,4.52951663626696
612.53955980613,195.887389436786,4.39274775695087
256.556842089668,227.969925187317,3.83810611703603
567.666048339458,436.86236839643,3.66971836606502
298.39422632528,138.692792707396,3.84667664720529
527.344440656835,452.466661919573,3.81247783977733
48.2327671361908,428.920583428283,4.20848202366866
187.467393267768,293.545728559778,4.59787630259185
555.614364432538,258.710790394364,3.75989945658978
161.303197471908,17.4157522286732,4.28496217038634
502.017372040926,345.140962507083,4.69919386731766
42.6662372913357,50.1562330911742,3.77410231887459
532.90688550923,141.01794802412,4.09799004688269
NA,NA,NA
659.498259195442,333.214333364293,3.55212418055052
453.157129499996,300.297043407736,3.74649452282739
10.3756545033135,494.976257389728,3.63508909870274
560.086951628625,51.2146513255191,4.01126873795226
69.9317599107435,372.528048315646,4.05630912872848
229.631044269351,417.150253927383,3.82331842866059
428.344951489702,13.4457553386371,3.43395904541434
362.005625154247,291.545534263902,3.15759580970065
606.173296294631,102.200066349985,4.20012259330274
392.072220514999,229.169117620883,4.19268032787466
574.577605131863,415.524384016203,4.68548538778527
139.210834646079,282.456330612551,4.49735610420595
200.54813913899,367.071008892064,4.07416521737082
124.783148731045,408.295572833676,3.38668862254145
622.319199568894,311.438130846645,4.63820087775109
0.630726769604212,150.849378960755,4.23467147179564
539.897489840314,201.477181208422,4.10540872733925
36.4468839886951,491.634652021748,3.01499642648005
280.30373867506,19.3340459648703,3.72495784552521
533.473854199381,393.269991960121,3.48340519962699
61.3099778119761,82.0566202560503,5.24582111168457
8.58135447931512,78.1491368285182,3.4897766450872
588.687975088941,229.471750994401,4.03714968012309
444.933129378933,462.186770397481,4.7162363753233
656.569489411393,375.248984492291,2.91802609255265
108.752446789951,488.34258053631,4.37722308242008
619.740199035805,90.7337235837165,4.14184494869597
419.120190672277,258.113375242398,3.54191397398725
15.0548981240056,181.077086195452,3.09928243445962
69.1536497165392,119.003779998398,4.52951663626696
612.53955980613,195.887389436786,4.39274775695087
256.556842089668,227.969925187317,3.83810611703603
567.666048339458,436.86236839643,3.66971836606502
298.39422632528,138.692792707396,3.84667664720529
527.344440656835,452.466661919573,3.81247783977733
48.2327671361908,428.920583428283,4.20848202366866
187.467393267768,293.545728559778,4.59787630259185
555.614364432538,258.710790394364,3.75989945658978
161.303197471908,17.4157522286732,4.28496217038634
502.017372040926,345.140962507083,4.69919386731766
42.6662372913357,50.1562330911742,3.77410231887459
532.90688550923,141.01794802412,4.09799004688269
NA,NA,NA
659.498259195442,333.214333364293,3.55212418055052
453.157129499996,300.297043407736,3.74649452282739
10.3756545033135,494.976257389728,3.63508909870274
560.086951628625,51.2146513255191,4.01126873795226
69.9317599107435,372.528048315646,4.05630912872848
229.631044269351,417.150253927383,3.82331842866059
428.344951489702,13.4457553386371,3.43395904541434
362.005625154247,291.545534263902,3.15759580970065
606.173296294631,102.200066349985,4.20012259330274
392.072220514999,229.169117620883,4.19268032787466
574.577605131863,415.524384016203,4.68548538778527
139.210834646079,282.456330612551,4.49735610420595
200.54813913899,367.071008892064,4.07416521737082
124.783148731045,408.295572833676,3.38668862254145
622.319199568894,311.438130846645,4.63820087775109
0.630726769604212,150.849378960755,4.23467147179564
539.897489840314,201.477181208422,4.10540872733925
36.4468839886951,491.634652021748,3.01499642648005
280.30373867506,19.3340459648703,3.72495784552521
533.473854199381,393.269991960121,3.48340519962699
61.3099778119761,82.0566202560503,5.24582111168457
8.58135447931512,78.1491368285182,3.4897766450872
588.687975088941,229.471750994401,4.03714968012309
444.933129378933,462.186770397481,4.7162363753233
656.569489411393,375.248984492291,2.91802609255265
108.752446789951,488.34258053631,4.37722308242008
619.740199035805,90.7337235837165,4.14184494869597
419.120190672277,258.113375242398,3.54191397398725
15.0548981240056,181.077086195452,3.09928243445962
69.1536497165392,119.003779998398,4.52951663626696
612.53955980613,195.887389436786,4.39274775695087
256.556842089668,227.969925187317,3.83810611703603
567.666048339458,436.86236839643,3.66971836606502
298.39422632528,138.692792707396,3.84667664720529
527.344440656835,452.466661919573,3.81247783977733
48.2327671361908,428.920583428283,4.20848202366866
187.467393267768,293.545728559778,4.59787630259185
555.614364432538,258.710790394364,3.75989945658978
161.303197471908,17.4157522286732,4.28496217038634
502.017372040926,345.140962507083,4.69919386731766
42.6662372913357,50.1562330911742,3.77410231887459
532.90688550923,141.01794802412,4.09799004688269
NA,NA,NA
666.803004104989,336.730986521461,3.35674002137779
453.617010031486,298.878870682005,3.59332513066445
10.1795502483265,491.813342535612,3.56162961334838
560.95445442866,43.7723826966261,4.36628511828214
69.7211315358734,376.305900812205,3.96403010767822
222.688335672442,416.365182555581,3.93439242443164
430.731166287428,12.9087463617028,3.36656453939118
361.376284833117,292.253897111062,3.30097318288444
608.314290193233,98.8415705771486,4.26537741607314
392.519338396159,225.419049623609,4.26668439388511
577.479578099383,409.153815212193,4.73350837188168
143.372053666011,276.194789007381,4.58256249833716
200.291243223714,373.31366440657,4.03644755931975
125.539759980187,409.642553462394,3.31759639898324
620.342905166341,310.531368294115,4.53669730503676
5.97395576538807,148.047759458064,4.34085013812099
545.980884776763,205.311761169448,4.19320387348171
33.8044137461033,492.092739892483,2.94113507601564
274.921348733135,25.7308475940406,3.90227425814362
534.177306355154,393.907258403479,3.40147549339268
75.2100132067193,77.6651655624062,5.30768611958847
5.85013083180744,77.973621852992,3.49173888027825
594.065105214225,223.578265235053,3.96927653046119
439.778261548138,458.898160008567,4.7411338823279
659.615859340687,373.69199284362,3.06900508737383
106.848243745565,487.655985866696,4.40287544296624
624.404829541603,94.9975965025242,4.10226912950923
418.89840946174,256.624180771526,3.56031647497191
12.5268248853243,180.638631530746,3.29069836115787
61.6719877455126,110.352352372733,4.51153215791383
630.117336976879,212.674905993712,4.52799835034539
244.674764371103,231.267924839962,3.91831217407631
566.462316860456,444.028473329899,3.92948139947824
303.279218761479,132.196565289982,3.9480330526499
532.510233328961,464.695760893376,3.79335604247902
38.9347699618885,416.53868877474,4.00885623290806
203.029409787009,293.589598390355,3.94651635835234
552.288405926875,264.058938970462,4.00334832714788
186.079436081355,23.3804752900857,4.41701290499046
492.726625124969,341.322628377247,4.26194447760623
31.8537853998432,40.6300196815964,3.95708828947979
517.172462065322,149.545299236391,5.26632041451357
NA,NA,NA
666.803004104989,336.730986521461,3.35674002137779
453.617010031486,298.878870682005,3.59332513066445
10.1795502483265,491.813342535612,3.56162961334838
560.95445442866,43.7723826966261,4.36628511828214
69.7211315358734,376.305900812205,3.96403010767822
222.688335672442,416.365182555581,3.93439242443164
430.731166287428,12.9087463617028,3.36656453939118
361.376284833117,292.253897111062,3.30097318288444
608.314290193233,98.8415705771486,4.26537741607314
392.519338396159,225.419049623609,4.26668439388511
577.479578099383,409.153815212193,4.73350837188168
143.372053666011,276.194789007381,4.58256249833716
200.291243223714,373.31366440657,4.03644755931975
125.539759980187,409.642553462394,3.31759639898324
620.342905166341,310.531368294115,4.53669730503676
5.97395576538807,148.047759458064,4.34085013812099
545.980884776763,205.311761169448,4.19320387348171
33.8044137461033,492.092739892483,2.94113507601564
274.921348733135,25.7308475940406,3.90227425814362
534.177306355154,393.907258403479,3.40147549339268
75.2100132067193,77.6651655624062,5.30768611958847
5.85013083180744,77.973621852992,3.49173888027825
594.065105214225,223.578265235053,3.96927653046119
439.778261548138,458.898160008567,4.7411338823279
659.615859340687,373.69199284362,3.06900508737383
106.848243745565,487.655985866696,4.40287544296624
624.404829541603,94.9975965025242,4.10226912950923
418.89840946174,256.624180771526,3.56031647497191
12.5268248853243,180.638631530746,3.29069836115787
61.6719877455126,110.352352372733,4.51153215791383
630.117336976879,212.674905993712,4.52799835034539
244.674764371103,231.267924839962,3.91831217407631
566.462316860456,444.028473329899,3.92948139947824
303.279218761479,132.196565289982,3.9480330526499
532.510233328961,464.695760893376,3.79335604247902
38.9347699618885,416.53868877474,4.00885623290806
203.029409787009,293.589598390355,3.94651635835234
552.288405926875,264.058938970462,4.00334832714788
186.079436081355,23.3804752900857,4.41701290499046
492.726625124969,341.322628377247,4.26194447760623
31.8537853998432,40.6300196815964,3.95708828947979
517.172462065322,149.545299236391,5.26632041451357
NA,NA,NA
666.803004104989,336.730986521461,3.35674002137779
453.617010031486,298.878870682005,3.59332513066445
10.1795502483265,491.813342535612,3.56162961334838
560.95445442866,43.7723826966261,4.36628511828214
69.7211315358734,376.305900812205,3.96403010767822
222.688335672442,416.365182555581,3.93439242443164
430.731166287428,12.9087463617028,3.36656453939118
361.376284833117,292.253897111062,3.30097318288444
608.314290193233,98.8415705771486,4.26537741607314
392.519338396159,225.419049623609,4.26668439388511
577.479578099383,409.153815212193,4.73350837188168
143.372053666011,276.194789007381,4.58256249833716
200.291243223714,373.31366440657,4.03644755931975
125.539759980187,409.642553462394,3.31759639898324
620.342905166341,310.531368294115,4.53669730503676
5.97395576538807,148.047759458064,4.34085013812099
545.980884776763,205.311761169448,4.19320387348171
33.8044137461033,492.092739892483,2.94113507601564
274.921348733135,25.7308475940406,3.90227425814362
534.177306355154,393.907258403479,3.40147549339268
75.2100132067193,77.6651655624062,5.30768611958847
5.85013083180744,77.973621852992,3.49173888027825
594.065105214225,223.578265235053,3.96927653046119
439.778261548138,458.898160008567,4.7411338823279
659.615859340687,373.69199284362,3.06900508737383
106.848243745565,487.655985866696,4.40287544296624
624.404829541603,94.9975965025242,4.10226912950923
418.89840946174,256.624180771526,3.56031647497191
12.5268248853243,180.638631530746,3.29069836115787
61.6719877455126,110.352352372733,4.51153215791383
630.117336976879,212.674905993712,4.52799835034539
244.674764371103,231.267924839962,3.91831217407631
566.462316860456,444.028473329899,3.92948139947824
303.279218761479,132.196565289982,3.9480330526499
532.510233328961,464.695760893376,3.79335604247902
38.9347699618885,416.53868877474,4.00885623290806
203.029409787009,293.589598390355,3.94651635835234
552.288405926875,264.058938970462,4.00334832714788
186.079436081355,23.3804752900857,4.41701290499046
492.726625124969,341.322628377247,4.26194447760623
31.8537853998432,40.6300196815964,3.95708828947979
517.172462065322,149.545299236391,5.26632041451357
NA,NA,NA
666.803004104989,336.730986521461,3.35674002137779
453.617010031486,298.878870682005,3.59332513066445
10.1795502483265,491.813342535612,3.56162961334838
560.95445442866,43.7723826966261,4.36628511828214
69.7211315358734,376.305900812205,3.96403010767822
222.688335672442,416.365182555581,3.93439242443164
430.731166287428,12.9087463617028,3.36656453939118
361.376284833117,292.253897111062,3.30097318288444
608.314290193233,98.8415705771486,4.26537741607314
392.519338396159,225.419049623609,4.26668439388511
577.479578099383,409.153815212193,4.73350837188168
143.372053666011,276.194789007381,4.58256249833716
200.291243223714,373.31366440657,4.03644755931975
125.539759980187,409.642553462394,3.31759639898324
620.342905166341,310.531368294115,4.53669730503676
5.97395576538807,148.047759458064,4.34085013812099
545.980884776763,205.311761169448,4.19320387348171
33.8044137461033,492.092739892483,2.94113507601564
274.921348733135,25.7308475940406,3.90227425814362
534.177306355154,393.907258403479,3.40147549339268
75.2100132067193,77.6651655624062,5.30768611958847
5.85013083180744,77.973621852992,3.49173888027825
594.065105214225,223.578265235053,3.96927653046119
439.778261548138,458.898160008567,4.7411338823279
659.615859340687,373.69199284362,3.06900508737383
106.848243745565,487.655985866696,4.40287544296624
624.404829541603,94.9975965025242,4.10226912950923
418.89840946174,256.624180771526,3.56031647497191
12.5268248853243,180.638631530746,3.29069836115787
61.6719877455126,110.352352372733,4.51153215791383
630.117336976879,212.674905993712,4.52799835034539
244.674764371103,231.267924839962,3.91831217407631
566.462316860456,444.028473329899,3.92948139947824
303.279218761479,132.196565289982,3.9480330526499
532.510233328961,464.695760893376,3.79335604247902
38.9347699618885,416.53868877474,4.00885623290806
203.029409787009,293.589598390355,3.94651635835234
552.288405926875,264.058938970462,4.00334832714788
186.079436081355,23.3804752900857,4.41701290499046
492.726625124969,341.322628377247,4.26194447760623
31.8537853998432,40.6300196815964,3.95708828947979
517.172462065322,149.545299236391,5.26632041451357
NA,NA,NA
666.803004104989,336.730986521461,3.35674002137779
453.617010031486,298.878870682005,3.59332513066445
10.1795502483265,491.813342535612,3.56162961334838
560.95445442866,43.7723826966261,4.36628511828214
69.7211315358734,376.305900812205,3.96403010767822
222.688335672442,416.365182555581,3.93439242443164
430.731166287428,12.9087463617028,3.36656453939118
361.376284833117,292.253897111062,3.30097318288444
608.314290193233,98.8415705771486,4.26537741607314
392.519338396159,225.419049623609,4.26668439388511
577.479578099383,409.153815212193,4.73350837188168
143.372053666011,276.194789007381,4.58256249833716
200.291243223714,373.31366440657,4.03644755931975
125.539759980187,409.642553462394,3.31759639898324
620.342905166341,310.531368294115,4.53669730503676
5.97395576538807,148.047759458064,4.34085013812099
545.980884776763,205.311761169448,4.19320387348171
33.8044137461033,492.092739892483,2.94113507601564
274.921348733135,25.7308475940406,3.90227425814362
534.177306355154,393.907258403479,3.40147549339268
75.2100132067193,77.6651655624062,5.30768611958847
5.85013083180744,77.973621852992,3.49173888027825
594.065105214225,223.578265235053,3.96927653046119
439.778261548138,458.898160008567,4.7411338823279
659.615859340687,373.69199284362,3.06900508737383
106.848243745565,487.655985866696,4.40287544296624
624.404829541603,94.9975965025242,4.10226912950923
418.89840946174,256.624180771526,3.56031647497191
12.5268248853243,180.638631530746,3.29069836115787
61.6719877455126,110.352352372733,4.51153215791383
630.117336976879,212.674905993712,4.52799835034539
244.674764371103,231.267924839962,3.91831217407631
566.462316860456,444.028473329899,3.92948139947824
303.279218761479,132.196565289982,3.9480330526499
532.510233328961,464.695760893376,3.79335604247902
38.9347699618885,416.53868877474,4.00885623290806
203.029409787009,293.589598390355,3.94651635835234
552.288405926875,264.058938970462,4.00334832714788
186.079436081355,23.3804752900857,4.41701290499046
492.726625124969,341.322628377247,4.26194447760623
31.8537853998432,40.6300196815964,3.95708828947979
517.172462065322,149.545299236391,5.26632041451357
NA,NA,NA
666.803004104989,336.730986521461,3.35674002137779
453.617010031486,298.878870682005,3.59332513066445
10.1795502483265,491.813342535612,3.56162961334838
560.95445442866,43.7723826966261,4.36628511828214
69.7211315358734,376.305900812205,3.96403010767822
222.688335672442,416.365182555581,3.93439242443164
430.731166287428,12.9087463617028,3.36656453939118
361.376284833117,292.253897111062,3.30097318288444
608.314290193233,98.8415705771486,4.26537741607314
392.519338396159,225.419049623609,4.26668439388511
577.479578099383,409.153815212193,4.73350837188168
143.372053666011,276.194789007381,4.58256249833716
200.291243223714,373.31366440657,4.03644755931975
125.539759980187,409.642553462394,3.31759639898324
620.342905166341,310.531368294115,4.53669730503676
5.97395576538807,148.047759458064,4.34085013812099
545.980884776763,205.311761169448,4.19320387348171
33.8044137461033,492.092739892483,2.94113507601564
274.921348733135,25.7308475940406,3.90227425814362
534.177306355154,393.907258403479,3.40147549339268
75.2100132067193,77.6651655624062,5.30768611958847
5.85013083180744,77.973621852992,3.49173888027825
594.065105214225,223.578265235053,3.96927653046119
439.778261548138,458.898160008567,4.7411338823279
659.615859340687,373.69199284362,3.06900508737383
106.848243745565,487.655985866696,4.40287544296624
624.404829541603,94.9975965025242,4.10226912950923
418.89840946174,256.624180771526,3.56031647497191
12.5268248853243,180.638631530746,3.29069836115787
61.6719877455126,110.352352372733,4.51153215791383
630.117336976879,212.674905993712,4.52799835034539
244.674764371103,231.267924839962,3.91831217407631
566.462316860456,444.028473329899,3.92948139947824
303.279218761479,132.196565289982,3.9480330526499
532.510233328961,464.695760893376,3.79335604247902
38.9347699618885,416.53868877474,4.00885623290806
203.029409787009,293.589598390355,3.94651635835234
552.288405926875,264.058938970462,4.00334832714788
186.079436081355,23.3804752900857,4.41701290499046
492.726625124969,341.322628377247,4.26194447760623
31.8537853998432,40.6300196815964,3.95708828947979
517.172462065322,149.545299236391,5.26632041451357
NA,NA,NA
663.792122994979,331.927321743,3.49956588400721
457.604301485282,301.36596168805,3.51708798922651
11.994322232512,497.596439216876,3.5247104255266
556.415917417396,54.3062303039566,4.10503321432159
68.2710646700203,376.874331574993,3.89172072258055
231.394557357619,415.788446741127,3.87920974711519
428.731510626681,13.5308401601062,3.23851358921174
361.888121101737,293.293824194874,3.05300015828822
602.335294566156,104.795015975225,3.97644167654733
397.561314631224,230.318835212825,4.12585023423653
565.251734546729,407.884722109277,4.66467935223594
144.825924598907,281.954187673575,4.44287945098324
200.511963438989,370.949717168092,4.01245129002208
128.292989406633,413.098915905792,3.52006518323685
621.66059651323,318.096614989064,4.52106059131651
9.75856193471463,154.108908709489,4.25717463721873
538.493460821561,200.41961353152,4.1520432562095
34.3079931165775,491.710756329118,3.17581703416191
277.714345304444,20.3277382197058,3.83013528373312
535.234049465224,391.911006389051,3.4407286847359
70.168196231535,77.6882242410499,5.3112094114675
5.8525266353419,77.7182052209203,3.43175712160687
591.695244624439,225.670860375081,4.0235487657329
449.108603779503,453.606455021586,4.77099069163617
659.438924268721,372.820759589056,2.86123464993822
109.127929957325,488.219703451228,4.33491999714304
619.299115962962,90.4595330474521,4.05278939396002
419.543111876784,260.549404995662,3.55589139034608
10.9579782187899,181.586667705707,3.19182744195468
73.8756778794956,103.528286619899,4.52172365495166
610.505238580728,217.356497322446,4.53091527087075
255.657550454996,219.29592995769,4.00770803837716
572.048389716714,429.765495200372,4.04119837142882
301.470365573557,134.503173930111,3.87837740715742
520.952338719873,455.713567327812,3.62497513156014
49.5295220952324,411.2031185551,3.65937352597887
195.951247630047,292.799845136602,3.91765518564899
551.983040872744,266.639099166483,3.66410088766526
192.167844677353,41.6698275745898,4.04465590352078
496.334364939544,342.576308526487,4.61848876660965
35.1466922821016,52.6283825835289,4.24907846579283
532.751765567211,166.285242814903,5.06044293680492
NA,NA,NA
663.792122994979,331.927321743,3.49956588400721
457.604301485282,301.36596168805,3.51708798922651
11.994322232512,497.596439216876,3.5247104255266
556.415917417396,54.3062303039566,4.10503321432159
68.2710646700203,376.874331574993,3.89172072258055
231.394557357619,415.788446741127,3.87920974711519
428.731510626681,13.5308401601062,3.23851358921174
361.888121101737,293.293824194874,3.05300015828822
602.335294566156,104.795015975225,3.97644167654733
397.561314631224,230.318835212825,4.12585023423653
565.251734546729,407.884722109277,4.66467935223594
144.825924598907,281.954187673575,4.44287945098324
200.511963438989,370.949717168092,4.01245129002208
128.292989406633,413.098915905792,3.52006518323685
621.66059651323,318.096614989064,4.52106059131651
9.75856193471463,154.108908709489,4.25717463721873
538.493460821561,200.41961353152,4.1520432562095
34.3079931165775,491.710756329118,3.17581703416191
277.714345304444,20.3277382197058,3.83013528373312
535.234049465224,391.911006389051,3.4407286847359
70.168196231535,77.6882242410499,5.3112094114675
5.8525266353419,77.7182052209203,3.43175712160687
591.695244624439,225.670860375081,4.0235487657329
449.108603779503,453.606455021586,4.77099069163617
659.438924268721,372.820759589056,2.86123464993822
109.127929957325,488.219703451228,4.33491999714304
619.299115962962,90.4595330474521,4.05278939396002
419.543111876784,260.549404995662,3.55589139034608
10.9579782187899,181.586667705707,3.19182744195468
73.8756778794956,103.528286619899,4.52172365495166
610.505238580728,217.356497322446,4.53091527087075
255.657550454996,219.29592995769,4.00770803837716
572.048389716714,429.765495200372,4.04119837142882
301.470365573557,134.503173930111,3.87837740715742
520.952338719873,455.713567327812,3.62497513156014
49.5295220952324,411.2031185551,3.65937352597887
195.951247630047,292.799845136602,3.91765518564899
551.983040872744,266.639099166483,3.66410088766526
192.167844677353,41.6698275745898,4.04465590352078
496.334364939544,342.576308526487,4.61848876660965
35.1466922821016,52.6283825835289,4.24907846579283
532.751765567211,166.285242814903,5.06044293680492
NA,NA,NA
663.792122994979,331.927321743,3.49956588400721
457.604301485282,301.36596168805,3.51708798922651
11.994322232512,497.596439216876,3.5247104255266
556.415917417396,54.3062303039566,4.10503321432159
68.2710646700203,376.874331574993,3.89172072258055
231.394557357619,415.788446741127,3.87920974711519
428.731510626681,13.5308401601062,3.23851358921174
361.888121101737,293.293824194874,3.05300015828822
602.335294566156,104.795015975225,3.97644167654733
397.561314631224,230.318835212825,4.12585023423653
565.251734546729,407.884722109277,4.66467935223594
144.825924598907,281.954187673575,4.44287945098324
200.511963438989,370.949717168092,4.01245129002208
128.292989406633,413.098915905792,3.52006518323685
621.66059651323,318.096614989064,4.52106059131651
9.75856193471463,154.108908709489,4.25717463721873
538.493460821561,200.41961353152,4.1520432562095
34.3079931165775,491.710756329118,3.17581703416191
277.714345304444,20.3277382197058,3.83013528373312
535.234049465224,391.911006389051,3.4407286847359
70.168196231535,77.6882242410499,5.3112094114675
5.8525266353419,77.7182052209203,3.43175712160687
591.695244624439,225.670860375081,4.0235487657329
449.108603779503,453.606455021586,4.77099069163617
659.438924268721,372.820759589056,2.86123464993822
109.127929957325,488.219703451228,4.33491999714304
619.299115962962,90.4595330474521,4.05278939396002
419.543111876784,260.549404995662,3.55589139034608
10.9579782187899,181.586667705707,3.19182744195468
73.8756778794956,103.528286619899,4.52172365495166
610.505238580728,217.356497322446,4.53091527087075
255.657550454996,219.29592995769,4.00770803837716
572.048389716714,429.765495200372,4.04119837142882
301.470365573557,134.503173930111,3.87837740715742
520.952338719873,455.713567327812,3.62497513156014
49.5295220952324,411.2031185551,3.65937352597887
195.951247630047,292.799845136602,3.91765518564899
551.983040872744,266.639099166483,3.66410088766526
192.167844677353,41.6698275745898,4.04465590352078
496.334364939544,342.576308526487,4.61848876660965
35.1466922821016,52.6283825835289,4.24907846579283
532.751765567211,166.285242814903,5.06044293680492
NA,NA,NA
663.792122994979,331.927321743,3.49956588400721
457.604301485282,301.36596168805,3.51708798922651
11.994322232512,497.596439216876,3.5247104255266
556.415917417396,54.3062303039566,4.10503321432159
68.2710646700203,376.874331574993,3.89172072258055
231.394557357619,415.788446741127,3.87920974711519
428.731510626681,13.5308401601062,3.23851358921174
361.888121101737,293.293824194874,3.05300015828822
602.335294566156,104.795015975225,3.97644167654733
397.561314631224,230.318835212825,4.12585023423653
565.251734546729,407.884722109277,4.66467935223594
144.825924598907,281.954187673575,4.44287945098324
200.511963438989,370.949717168092,4.01245129002208
128.292989406633,413.098915905792,3.52006518323685
621.66059651323,318.096614989064,4.52106059131651
9.75856193471463,154.108908709489,4.25717463721873
538.493460821561,200.41961353152,4.1520432562095
34.3079931165775,491.710756329118,3.17581703416191
277.714345304444,20.3277382197058,3.83013528373312
535.234049465224,391.911006389051,3.4407286847359
70.168196231535,77.6882242410499,5.3112094114675
5.8525266353419,77.7182052209203,3.43175712160687
591.695244624439,225.670860375081,4.0235487657329
449.108603779503,453.606455021586,4.77099069163617
659.438924268721,372.820759589056,2.86123464993822
109.127929957325,488.219703451228,4.33491999714304
619.299115962962,90.4595330474521,4.05278939396002
419.543111876784,260.549404995662,3.55589139034608
10.9579782187899,181.586667705707,3.19182744195468
73.8756778794956,103.528286619899,4.52172365495166
610.505238580728,217.356497322446,4.53091527087075
255.657550454996,219.29592995769,4.00770803837716
572.048389716714,429.765495200372,4.04119837142882
301.470365573557,134.503173930111,3.87837740715742
520.952338719873,455.713567327812,3.62497513156014
49.5295220952324,411.2031185551,3.65937352597887
195.951247630047,292.799845136602,3.91765518564899
551.983040872744,266.639099166483,3.66410088766526
192.167844677353,41.6698275745898,4.04465590352078
496.334364939544,342.576308526487,4.61848876660965
35.1466922821016,52.6283825835289,4.24907846579283
532.751765567211,166.285242814903,5.06044293680492
NA,NA,NA
663.792122994979,331.927321743,3.49956588400721
457.604301485282,301.36596168805,3.51708798922651
11.994322232512,497.596439216876,3.5247104255266
556.415917417396,54.3062303039566,4.10503321432159
68.2710646700203,376.874331574993,3.89172072258055
231.394557357619,415.788446741127,3.87920974711519
428.731510626681,13.5308401601062,3.23851358921174
361.888121101737,293.293824194874,3.05300015828822
602.335294566156,104.795015975225,3.97644167654733
397.561314631224,230.318835212825,4.12585023423653
565.251734546729,407.884722109277,4.66467935223594
144.825924598907,281.954187673575,4.44287945098324
200.511963438989,370.949717168092,4.01245129002208
128.292989406633,413.098915905792,3.52006518323685
621.66059651323,318.096614989064,4.52106059131651
9.75856193471463,154.108908709489,4.25717463721873
538.493460821561,200.41961353152,4.1520432562095
34.3079931165775,491.710756329118,3.17581703416191
277.714345304444,20.3277382197058,3.83013528373312
535.234049465224,391.911006389051,3.4407286847359
70.168196231535,77.6882242410499,5.3112094114675
5.8525266353419,77.7182052209203,3.43175712160687
591.695244624439,225.670860375081,4.0235487657329
449.108603779503,453.606455021586,4.77099069163617
659.438924268721,372.820759589056,2.86123464993822
109.127929957325,488.219703451228,4.33491999714304
619.299115962962,90.4595330474521,4.05278939396002
419.543111876784,260.549404995662,3.55589139034608
10.9579782187899,181.586667705707,3.19182744195468
73.8756778794956,103.528286619899,4.52172365495166
610.505238580728,217.356497322446,4.53091527087075
255.657550454996,219.29592995769,4.00770803837716
572.048389716714,429.765495200372,4.04119837142882
301.470365573557,134.503173930111,3.87837740715742
520.952338719873,455.713567327812,3.62497513156014
49.5295220952324,411.2031185551,3.65937352597887
195.951247630047,292.799845136602,3.91765518564899
551.983040872744,266.639099166483,3.66410088766526
192.167844677353,41.6698275745898,4.04465590352078
496.334364939544,342.576308526487,4.61848876660965
35.1466922821016,52.6283825835289,4.24907846579283
532.751765567211,166.285242814903,5.06044293680492
NA,NA,NA
663.792122994979,331.927321743,3.49956588400721
457.604301485282,301.36596168805,3.51708798922651
11.994322232512,497.596439216876,3.5247104255266
556.415917417396,54.3062303039566,4.10503321432159
68.2710646700203,376.874331574993,3.89172072258055
231.394557357619,415.788446741127,3.87920974711519
428.731510626681,13.5308401601062,3.23851358921174
361.888121101737,293.293824194874,3.05300015828822
602.335294566156,104.795015975225,3.97644167654733
397.561314631224,230.318835212825,4.12585023423653
565.251734546729,407.884722109277,4.66467935223594
144.825924598907,281.954187673575,4.44287945098324
200.511963438989,370.949717168092,4.01245129002208
128.292989406633,413.098915905792,3.52006518323685
621.66059651323,318.096614989064,4.52106059131651
9.75856193471463,154.108908709489,4.25717463721873
538.493460821561,200.41961353152,4.1520432562095
34.3079931165775,491.710756329118,3.17581703416191
277.714345304444,20.3277382197058,3.83013528373312
535.234049465224,391.911006389051,3.4407286847359
70.168196231535,77.6882242410499,5.3112094114675
5.8525266353419,77.7182052209203,3.43175712160687
591.695244624439,225.670860375081,4.0235487657329
449.108603779503,453.606455021586,4.77099069163617
659.438924268721,372.820759589056,2.86123464993822
109.127929957325,488.219703451228,4.33491999714304
619.299115962962,90.4595330474521,4.05278939396002
419.543111876784,260.549404995662,3.55589139034608
10.9579782187899,181.586667705707,3.19182744195468
73.8756778794956,103.528286619899,4.52172365495166
610.505238580728,217.356497322446,4.53091527087075
255.657550454996,219.29592995769,4.00770803837716
572.048389716714,429.765495200372,4.04119837142882
301.470365573557,134.503173930111,3.87837740715742
520.952338719873,455.713567327812,3.62497513156014
49.5295220952324,411.2031185551,3.65937352597887
195.951247630047,292.799845136602,3.91765518564899
551.983040872744,266.639099166483,3.66410088766526
192.167844677353,41.6698275745898,4.04465590352078
496.334364939544,342.576308526487,4.61848876660965
35.1466922821016,52.6283825835289,4.24907846579283
532.751765567211,166.285242814903,5.06044293680492
NA,NA,NA
664.665094069276,337.198727575682,3.44695647568351
453.45356062173,301.196066325764,3.48060397744212
9.71226615981615,492.953466952861,3.74037497732242
561.968929820642,46.1049518579423,4.23129766496333
70.8391121933399,380.438774080542,3.89626377237552
231.310185359602,416.962214768933,3.84727177708415
429.111452759007,15.1195233331763,3.33962365581147
360.863729557107,293.070033348287,3.12282269930165
608.858559216813,104.118059049581,4.20470113936139
392.612118938719,233.306593216828,4.39425519818047
565.832109775395,415.258050880083,4.68604553033475
143.346009337989,289.676101301407,4.51633151575266
195.544564489601,367.611465808783,4.02698353211296
123.173675354912,407.409912825048,3.47256762072938
627.363023140701,313.930575693231,4.61394708745274
4.55161127478188,149.994079833977,4.30863764565031
542.234943728345,203.798793083972,4.22241746829038
33.9519879163124,490.988439407996,2.97575284351309
275.726475406343,25.3990246923272,3.70162791394793
530.954622628827,392.723928017322,3.58462031512267
69.3105463807808,76.2786365271048,5.22947711835774
3.95193350758411,73.6519396613344,3.56963761076893
590.38331099978,227.582622472323,3.99752202993159
432.481909944344,464.53757520429,4.81630226583605
656.657615712488,375.998078738582,3.03872431689332
103.916931066481,486.998841125527,4.4077176059964
625.840485883057,89.6790708647962,4.03803891187848
420.079169459429,253.533655713355,3.61961817251564
11.346993072667,181.012492038353,3.14497266168623
57.6233968830119,98.155572226494,4.54459148285432
613.53416476929,194.066133824798,4.21443218946055
252.593894677579,218.285401350988,3.54948133171335
581.533479662349,442.652420690241,3.87792584805691
301.462168284338,136.776257601469,4.02822808594874
523.095869248065,459.435667507267,3.96713108360405
44.5881014227488,414.119109203433,3.91739029747938
200.728356770733,290.620911253515,3.99358655155131
542.976514849938,254.120226413809,3.51176004256111
178.292556746517,23.6509954413524,4.21293653185178
503.495725571727,350.423286715085,4.80530803568862
34.6226553810244,52.3512283775232,3.93184121799558
519.871580081388,141.355728686727,4.66638577524261
NA,NA,NA
664.665094069276,337.198727575682,3.44695647568351
453.45356062173,301.196066325764,3.48060397744212
9.71226615981615,492.953466952861,3.74037497732242
561.968929820642,46.1049518579423,4.23129766496333
70.8391121933399,380.438774080542,3.89626377237552
231.310185359602,416.962214768933,3.84727177708415
429.111452759007,15.1195233331763,3.33962365581147
360.863729557107,293.070033348287,3.12282269930165
608.858559216813,104.118059049581,4.20470113936139
392.612118938719,233.306593216828,4.39425519818047
565.832109775395,415.258050880083,4.68604553033475
143.346009337989,289.676101301407,4.51633151575266
195.544564489601,367.611465808783,4.02698353211296
123.173675354912,407.409912825048,3.47256762072938
627.363023140701,313.930575693231,4.61394708745274
4.55161127478188,149.994079833977,4.30863764565031
542.234943728345,203.798793083972,4.22241746829038
33.9519879163124,490.988439407996,2.97575284351309
275.726475406343,25.3990246923272,3.70162791394793
530.954622628827,392.723928017322,3.58462031512267
69.3105463807808,76.2786365271048,5.22947711835774
3.95193350758411,73.6519396613344,3.56963761076893
590.38331099978,227.582622472323,3.99752202993159
432.481909944344,464.53757520429,4.81630226583605
656.657615712488,375.998078738582,3.03872431689332
103.916931066481,486.998841125527,4.4077176059964
625.840485883057,89.6790708647962,4.03803891187848
420.079169459429,253.533655713355,3.61961817251564
11.346993072667,181.012492038353,3.14497266168623
57.6233968830119,98.155572226494,4.54459148285432
613.53416476929,194.066133824798,4.21443218946055
252.593894677579,218.285401350988,3.54948133171335
581.533479662349,442.652420690241,3.87792584805691
301.462168284338,136.776257601469,4.02822808594874
523.095869248065,459.435667507267,3.96713108360405
44.5881014227488,414.119109203433,3.91739029747938
200.728356770733,290.620911253515,3.99358655155131
542.976514849938,254.120226413809,3.51176004256111
178.292556746517,23.6509954413524,4.21293653185178
503.495725571727,350.423286715085,4.80530803568862
34.6226553810244,52.3512283775232,3.93184121799558
519.871580081388,141.355728686727,4.66638577524261
NA,NA,NA
664.665094069276,337.198727575682,3.44695647568351
453.45356062173,301.196066325764,3.48060397744212
9.71226615981615,492.953466952861,3.74037497732242
561.968929820642,46.1049518579423,4.23129766496333
70.8391121933399,380.438774080542,3.89626377237552
231.310185359602,416.962214768933,3.84727177708415
429.111452759007,15.1195233331763,3.33962365581147
360.863729557107,293.070033348287,3.12282269930165
608.858559216813,104.118059049581,4.20470113936139
392.612118938719,233.306593216828,4.39425519818047
565.832109775395,415.258050880083,4.68604553033475
143.346009337989,289.676101301407,4.51633151575266
195.544564489601,367.611465808783,4.02698353211296
123.173675354912,407.409912825048,3.47256762072938
627.363023140701,313.930575693231,4.61394708745274
4.55161127478188,149.994079833977,4.30863764565031
542.234943728345,203.798793083972,4.22241746829038
33.9519879163124,490.988439407996,2.97575284351309
275.726475406343,25.3990246923272,3.70162791394793
530.954622628827,392.723928017322,3.58462031512267
69.3105463807808,76.2786365271048,5.22947711835774
3.95193350758411,73.6519396613344,3.56963761076893
590.38331099978,227.582622472323,3.99752202993159
432.481909944344,464.53757520429,4.81630226583605
656.657615712488,375.998078738582,3.03872431689332
103.916931066481,486.998841125527,4.4077176059964
625.840485883057,89.6790708647962,4.03803891187848
420.079169459429,253.533655713355,3.61961817251564
11.346993072667,181.012492038353,3.14497266168623
57.6233968830119,98.155572226494,4.54459148285432
613.53416476929,194.066133824798,4.21443218946055
252.593894677579,218.285401350988,3.54948133171335
581.533479662349,442.652420690241,3.87792584805691
301.462168284338,136.776257601469,4.02822808594874
523.095869248065,459.435667507267,3.96713108360405
44.5881014227488,414.119109203433,3.91739029747938
200.728356770733,290.620911253515,3.99358655155131
542.976514849938,254.120226413809,3.51176004256111
178.292556746517,23.6509954413524,4.21293653185178
503.495725571727,350.423286715085,4.80530803568862
34.6226553810244,52.3512283775232,3.93184121799558
519.871580081388,141.355728686727,4.66638577524261
NA,NA,NA
664.665094069276,337.198727575682,3.44695647568351
453.45356062173,301.196066325764,3.48060397744212
9.71226615981615,492.953466952861,3.74037497732242
561.968929820642,46.1049518579423,4.23129766496333
70.8391121933399,380.438774080542,3.89626377237552
231.310185359602,416.962214768933,3.84727177708415
429.111452759007,15.1195233331763,3.33962365581147
360.863729557107,293.070033348287,3.12282269930165
608.858559216813,104.118059049581,4.20470113936139
392.612118938719,233.306593216828,4.39425519818047
565.832109775395,415.258050880083,4.68604553033475
143.346009337989,289.676101301407,4.51633151575266
195.544564489601,367.611465808783,4.02698353211296
123.173675354912,407.409912825048,3.47256762072938
627.363023140701,313.930575693231,4.61394708745274
4.55161127478188,149.994079833977,4.30863764565031
542.234943728345,203.798793083972,4.22241746829038
33.9519879163124,490.988439407996,2.97575284351309
275.726475406343,25.3990246923272,3.70162791394793
530.954622628827,392.723928017322,3.58462031512267
69.3105463807808,76.2786365271048,5.22947711835774
3.95193350758411,73.6519396613344,3.56963761076893
590.38331099978,227.582622472323,3.99752202993159
432.481909944344,464.53757520429,4.81630226583605
656.657615712488,375.998078738582,3.03872431689332
103.916931066481,486.998841125527,4.4077176059964
625.840485883057,89.6790708647962,4.03803891187848
420.079169459429,253.533655713355,3.61961817251564
11.346993072667,181.012492038353,3.14497266168623
57.6233968830119,98.155572226494,4.54459148285432
613.53416476929,194.066133824798,4.21443218946055
252.593894677579,218.285401350988,3.54948133171335
581.533479662349,442.652420690241,3.87792584805691
301.462168284338,136.776257601469,4.02822808594874
523.095869248065,459.435667507267,3.96713108360405
44.5881014227488,414.119109203433,3.91739029747938
200.728356770733,290.620911253515,3.99358655155131
542.976514849938,254.120226413809,3.51176004256111
178.292556746517,23.6509954413524,4.21293653185178
503.495725571727,350.423286715085,4.80530803568862
34.6226553810244,52.3512283775232,3.93184121799558
519.871580081388,141.355728686727,4.66638577524261
NA,NA,NA
664.665094069276,337.198727575682,3.44695647568351
453.45356062173,301.196066325764,3.48060397744212
9.71226615981615,492.953466952861,3.74037497732242
561.968929820642,46.1049518579423,4.23129766496333
70.8391121933399,380.438774080542,3.89626377237552
231.310185359602,416.962214768933,3.84727177708415
429.111452759007,15.1195233331763,3.33962365581147
360.863729557107,293.070033348287,3.12282269930165
608.858559216813,104.118059049581,4.20470113936139
392.612118938719,233.306593216828,4.39425519818047
565.832109775395,415.258050880083,4.68604553033475
143.346009337989,289.676101301407,4.51633151575266
195.544564489601,367.611465808783,4.02698353211296
123.173675354912,407.409912825048,3.47256762072938
627.363023140701,313.930575693231,4.61394708745274
4.55161127478188,149.994079833977,4.30863764565031
542.234943728345,203.798793083972,4.22241746829038
33.9519879163124,490.988439407996,2.97575284351309
275.726475406343,25.3990246923272,3.70162791394793
530.954622628827,392.723928017322,3.58462031512267
69.3105463807808,76.2786365271048,5.22947711835774
3.95193350758411,73.6519396613344,3.56963761076893
590.38331099978,227.582622472323,3.99752202993159
432.481909944344,464.53757520429,4.81630226583605
656.657615712488,375.998078738582,3.03872431689332
103.916931066481,486.998841125527,4.4077176059964
625.840485883057,89.6790708647962,4.03803891187848
420.079169459429,253.533655713355,3.61961817251564
11.346993072667,181.012492038353,3.14497266168623
57.6233968830119,98.155572226494,4.54459148285432
613.53416476929,194.066133824798,4.21443218946055
252.593894677579,218.285401350988,3.54948133171335
581.533479662349,442.652420690241,3.87792584805691
301.462168284338,136.776257601469,4.02822808594874
523.095869248065,459.435667507267,3.96713108360405
44.5881014227488,414.119109203433,3.91739029747938
200.728356770733,290.620911253515,3.99358655155131
542.976514849938,254.120226413809,3.51176004256111
178.292556746517,23.6509954413524,4.21293653185178
503.495725571727,350.423286715085,4.80530803568862
34.6226553810244,52.3512283775232,3.93184121799558
519.871580081388,141.355728686727,4.66638577524261
NA,NA,NA
664.665094069276,337.198727575682,3.44695647568351
453.45356062173,301.196066325764,3.48060397744212
9.71226615981615,492.953466952861,3.74037497732242
561.968929820642,46.1049518579423,4.23129766496333
70.8391121933399,380.438774080542,3.89626377237552
231.310185359602,416.962214768933,3.84727177708415
429.111452759007,15.1195233331763,3.33962365581147
360.863729557107,293.070033348287,3.12282269930165
608.858559216813,104.118059049581,4.20470113936139
392.612118938719,233.306593216828,4.39425519818047
565.832109775395,415.258050880083,4.68604553033475
143.346009337989,289.676101301407,4.51633151575266
195.544564489601,367.611465808783,4.02698353211296
123.173675354912,407.409912825048,3.47256762072938
627.363023140701,313.930575693231,4.61394708745274
4.55161127478188,149.994079833977,4.30863764565031
542.234943728345,203.798793083972,4.22241746829038
33.9519879163124,490.988439407996,2.97575284351309
275.726475406343,25.3990246923272,3.70162791394793
530.954622628827,392.723928017322,3.58462031512267
69.3105463807808,76.2786365271048,5.22947711835774
3.95193350758411,73.6519396613344,3.56963761076893
590.38331099978,227.582622472323,3.99752202993159
432.481909944344,464.53757520429,4.81630226583605
656.657615712488,375.998078738582,3.03872431689332
103.916931066481,486.998841125527,4.4077176059964
625.840485883057,89.6790708647962,4.03803891187848
420.079169459429,253.533655713355,3.61961817251564
11.346993072667,181.012492038353,3.14497266168623
57.6233968830119,98.155572226494,4.54459148285432
613.53416476929,194.066133824798,4.21443218946055
252.593894677579,218.285401350988,3.54948133171335
581.533479662349,442.652420690241,3.87792584805691
301.462168284338,136.776257601469,4.02822808594874
523.095869248065,459.435667507267,3.96713108360405
44.5881014227488,414.119109203433,3.91739029747938
200.728356770733,290.620911253515,3.99358655155131
542.976514849938,254.120226413809,3.51176004256111
178.292556746517,23.6509954413524,4.21293653185178
503.495725571727,350.423286715085,4.80530803568862
34.6226553810244,52.3512283775232,3.93184121799558
519.871580081388,141.355728686727,4.66638577524261
NA,NA,NA
662.468167945278,334.0959517248,3.43339204272923
457.965969722503,300.733256418923,3.57305543735174
16.3014967066886,490.993828179128,3.61293383769985
560.517020967327,51.8781128501241,4.21148257770674
71.497396004001,374.849395590124,3.85152574511538
230.999700117566,411.376985393806,3.88557067177827
428.652186106658,15.8924991485118,3.36054328141307
362.13862336438,293.880211909119,3.03417889425561
607.205102494782,102.456463028963,4.21256106877367
391.567463569966,232.759536387594,4.11114215187164
569.501204848392,406.005718983697,4.68995324445604
143.341649688953,290.68535887003,4.45967059455315
199.640656967743,369.616542442409,4.09668246714926
124.623866328627,414.130005582227,3.53520819815891
625.688909017123,315.927227523229,4.68281870450281
2.18169542957653,144.405732128735,4.26278398278998
546.481222725166,205.978851615935,4.26696950747996
34.9938504964842,491.969673866721,3.03831093724947
277.257234651197,23.738209626104,3.99410322899315
536.099040785501,391.409133471938,3.30266032888872
78.724157293032,80.4076128353814,5.21432056241264
4.38537433474428,76.4424576349087,3.37182210930003
593.560057131692,227.279345613917,3.97159223367744
437.803252766516,461.801935533692,4.75305020073466
656.732373450662,369.507625860469,3.07799408752615
105.92058348619,489.180208279476,4.40045259653873
624.353429987058,87.1228694565351,4.07601902651462
420.811504968864,259.696637999139,3.64171280753941
8.22196376655608,181.384493407045,3.28146674226187
68.6928528276059,117.991487207993,4.7177850343782
623.060145062149,189.249223961117,4.41964350847163
257.874544093398,213.431585575935,3.9750599675384
576.109524451758,433.585156128834,3.89853327312373
297.321999057278,134.887060742122,3.84920244662229
522.232798187305,458.135839973436,3.89270565262952
43.0190674607322,423.039898561429,3.72984890705555
208.437087394265,278.847038154294,3.96639121937656
541.216890280369,251.727689321129,3.61226582212649
188.357652255349,15.7483639342145,3.8736054352315
514.016175408487,340.472943631678,4.52778317806921
33.6110013564251,52.8601872976772,3.66176207576769
536.692525405771,159.612155346817,4.4486367939506
NA,NA,NA
662.468167945278,334.0959517248,3.43339204272923
457.965969722503,300.733256418923,3.57305543735174
16.3014967066886,490.993828179128,3.61293383769985
560.517020967327,51.8781128501241,4.21148257770674
71.497396004001,374.849395590124,3.85152574511538
230.999700117566,411.376985393806,3.88557067177827
428.652186106658,15.8924991485118,3.36054328141307
362.13862336438,293.880211909119,3.03417889425561
607.205102494782,102.456463028963,4.21256106877367
391.567463569966,232.759536387594,4.11114215187164
569.501204848392,406.005718983697,4.68995324445604
143.341649688953,290.68535887003,4.45967059455315
199.640656967743,369.616542442409,4.09668246714926
124.623866328627,414.130005582227,3.53520819815891
625.688909017123,315.927227523229,4.68281870450281
2.18169542957653,144.405732128735,4.26278398278998
546.481222725166,205.978851615935,4.26696950747996
34.9938504964842,491.969673866721,3.03831093724947
277.257234651197,23.738209626104,3.99410322899315
536.099040785501,391.409133471938,3.30266032888872
78.724157293032,80.4076128353814,5.21432056241264
4.38537433474428,76.4424576349087,3.37182210930003
593.560057131692,227.279345613917,3.97159223367744
437.803252766516,461.801935533692,4.75305020073466
656.732373450662,369.507625860469,3.07799408752615
105.92058348619,489.180208279476,4.40045259653873
624.353429987058,87.1228694565351,4.07601902651462
420.811504968864,259.696637999139,3.64171280753941
8.22196376655608,181.384493407045,3.28146674226187
68.6928528276059,117.991487207993,4.7177850343782
623.060145062149,189.249223961117,4.41964350847163
257.874544093398,213.431585575935,3.9750599675384
576.109524451758,433.585156128834,3.89853327312373
297.321999057278,134.887060742122,3.84920244662229
522.232798187305,458.135839973436,3.89270565262952
43.0190674607322,423.039898561429,3.72984890705555
208.437087394265,278.847038154294,3.96639121937656
541.216890280369,251.727689321129,3.61226582212649
188.357652255349,15.7483639342145,3.8736054352315
514.016175408487,340.472943631678,4.52778317806921
33.6110013564251,52.8601872976772,3.66176207576769
536.692525405771,159.612155346817,4.4486367939506
NA,NA,NA
662.468167945278,334.0959517248,3.43339204272923
457.965969722503,300.733256418923,3.57305543735174
16.3014967066886,490.993828179128,3.61293383769985
560.517020967327,51.8781128501241,4.21148257770674
71.497396004001,374.849395590124,3.85152574511538
230.999700117566,411.376985393806,3.88557067177827
428.652186106658,15.8924991485118,3.36054328141307
362.13862336438,293.880211909119,3.03417889425561
607.205102494782,102.456463028963,4.21256106877367
391.567463569966,232.759536387594,4.11114215187164
569.501204848392,406.005718983697,4.68995324445604
143.341649688953,290.68535887003,4.45967059455315
199.640656967743,369.616542442409,4.09668246714926
124.623866328627,414.130005582227,3.53520819815891
625.688909017123,315.927227523229,4.68281870450281
2.18169542957653,144.405732128735,4.26278398278998
546.481222725166,205.978851615935,4.26696950747996
34.9938504964842,491.969673866721,3.03831093724947
277.257234651197,23.738209626104,3.99410322899315
536.099040785501,391.409133471938,3.30266032888872
78.724157293032,80.4076128353814,5.21432056241264
4.38537433474428,76.4424576349087,3.37182210930003
593.560057131692,227.279345613917,3.97159223367744
437.803252766516,461.801935533692,4.75305020073466
656.732373450662,369.507625860469,3.07799408752615
105.92058348619,489.180208279476,4.40045259653873
624.353429987058,87.1228694565351,4.07601902651462
420.811504968864,259.696637999139,3.64171280753941
8.22196376655608,181.384493407045,3.28146674226187
68.6928528276059,117.991487207993,4.7177850343782
623.060145062149,189.249223961117,4.41964350847163
257.874544093398,213.431585575935,3.9750599675384
576.109524451758,433.585156128834,3.89853327312373
297.321999057278,134.887060742122,3.84920244662229
522.232798187305,458.135839973436,3.89270565262952
43.0190674607322,423.039898561429,3.72984890705555
208.437087394265,278.847038154294,3.96639121937656
541.216890280369,251.727689321129,3.61226582212649
188.357652255349,15.7483639342145,3.8736054352315
514.016175408487,340.472943631678,4.52778317806921
33.6110013564251,52.8601872976772,3.66176207576769
536.692525405771,159.612155346817,4.4486367939506
NA,NA,NA
662.468167945278,334.0959517248,3.43339204272923
457.965969722503,300.733256418923,3.57305543735174
16.3014967066886,490.993828179128,3.61293383769985
560.517020967327,51.8781128501241,4.21148257770674
71.497396004001,374.849395590124,3.85152574511538
230.999700117566,411.376985393806,3.88557067177827
428.652186106658,15.8924991485118,3.36054328141307
362.13862336438,293.880211909119,3.03417889425561
607.205102494782,102.456463028963,4.21256106877367
391.567463569966,232.759536387594,4.11114215187164
569.501204848392,406.005718983697,4.68995324445604
143.341649688953,290.68535887003,4.45967059455315
199.640656967743,369.616542442409,4.09668246714926
124.623866328627,414.130005582227,3.53520819815891
625.688909017123,315.927227523229,4.68281870450281
2.18169542957653,144.405732128735,4.26278398278998
546.481222725166,205.978851615935,4.26696950747996
34.9938504964842,491.969673866721,3.03831093724947
277.257234651197,23.738209626104,3.99410322899315
536.099040785501,391.409133471938,3.30266032888872
78.724157293032,80.4076128353814,5.21432056241264
4.38537433474428,76.4424576349087,3.37182210930003
593.560057131692,227.279345613917,3.97159223367744
437.803252766516,461.801935533692,4.75305020073466
656.732373450662,369.507625860469,3.07799408752615
105.92058348619,489.180208279476,4.40045259653873
624.353429987058,87.1228694565351,4.07601902651462
420.811504968864,259.696637999139,3.64171280753941
8.22196376655608,181.384493407045,3.28146674226187
68.6928528276059,117.991487207993,4.7177850343782
623.060145062149,189.249223961117,4.41964350847163
257.874544093398,213.431585575935,3.9750599675384
576.109524451758,433.585156128834,3.89853327312373
297.321999057278,134.887060742122,3.84920244662229
522.232798187305,458.135839973436,3.89270565262952
43.0190674607322,423.039898561429,3.72984890705555
208.437087394265,278.847038154294,3.96639121937656
541.216890280369,251.727689321129,3.61226582212649
188.357652255349,15.7483639342145,3.8736054352315
514.016175408487,340.472943631678,4.52778317806921
33.6110013564251,52.8601872976772,3.66176207576769
536.692525405771,159.612155346817,4.4486367939506
NA,NA,NA
662.468167945278,334.0959517248,3.43339204272923
457.965969722503,300.733256418923,3.57305543735174
16.3014967066886,490.993828179128,3.61293383769985
560.517020967327,51.8781128501241,4.21148257770674
71.497396004001,374.849395590124,3.85152574511538
230.999700117566,411.376985393806,3.88557067177827
428.652186106658,15.8924991485118,3.36054328141307
362.13862336438,293.880211909119,3.03417889425561
607.205102494782,102.456463028963,4.21256106877367
391.567463569966,232.759536387594,4.11114215187164
569.501204848392,406.005718983697,4.68995324445604
143.341649688953,290.68535887003,4.45967059455315
199.640656967743,369.616542442409,4.09668246714926
124.623866328627,414.130005582227,3.53520819815891
625.688909017123,315.927227523229,4.68281870450281
2.18169542957653,144.405732128735,4.26278398278998
546.481222725166,205.978851615935,4.26696950747996
34.9938504964842,491.969673866721,3.03831093724947
277.257234651197,23.738209626104,3.99410322899315
536.099040785501,391.409133471938,3.30266032888872
78.724157293032,80.4076128353814,5.21432056241264
4.38537433474428,76.4424576349087,3.37182210930003
593.560057131692,227.279345613917,3.97159223367744
437.803252766516,461.801935533692,4.75305020073466
656.732373450662,369.507625860469,3.07799408752615
105.92058348619,489.180208279476,4.40045259653873
624.353429987058,87.1228694565351,4.07601902651462
420.811504968864,259.696637999139,3.64171280753941
8.22196376655608,181.384493407045,3.28146674226187
68.6928528276059,117.991487207993,4.7177850343782
623.060145062149,189.249223961117,4.41964350847163
257.874544093398,213.431585575935,3.9750599675384
576.109524451758,433.585156128834,3.89853327312373
297.321999057278,134.887060742122,3.84920244662229
522.232798187305,458.135839973436,3.89270565262952
43.0190674607322,423.039898561429,3.72984890705555
208.437087394265,278.847038154294,3.96639121937656
541.216890280369,251.727689321129,3.61226582212649
188.357652255349,15.7483639342145,3.8736054352315
514.016175408487,340.472943631678,4.52778317806921
33.6110013564251,52.8601872976772,3.66176207576769
536.692525405771,159.612155346817,4.4486367939506
NA,NA,NA
662.468167945278,334.0959517248,3.43339204272923
457.965969722503,300.733256418923,3.57305543735174
16.3014967066886,490.993828179128,3.61293383769985
560.517020967327,51.8781128501241,4.21148257770674
71.497396004001,374.849395590124,3.85152574511538
230.999700117566,411.376985393806,3.88557067177827
428.652186106658,15.8924991485118,3.36054328141307
362.13862336438,293.880211909119,3.03417889425561
607.205102494782,102.456463028963,4.21256106877367
391.567463569966,232.759536387594,4.11114215187164
569.501204848392,406.005718983697,4.68995324445604
143.341649688953,290.68535887003,4.45967059455315
199.640656967743,369.616542442409,4.09668246714926
124.623866328627,414.130005582227,3.53520819815891
625.688909017123,315.927227523229,4.68281870450281
2.18169542957653,144.405732128735,4.26278398278998
546.481222725166,205.978851615935,4.26696950747996
34.9938504964842,491.969673866721,3.03831093724947
277.257234651197,23.738209626104,3.99410322899315
536.099040785501,391.409133471938,3.30266032888872
78.724157293032,80.4076128353814,5.21432056241264
4.38537433474428,76.4424576349087,3.37182210930003
593.560057131692,227.279345613917,3.97159223367744
437.803252766516,461.801935533692,4.75305020073466
656.732373450662,369.507625860469,3.07799408752615
105.92058348619,489.180208279476,4.40045259653873
624.353429987058,87.1228694565351,4.07601902651462
420.811504968864,259.696637999139,3.64171280753941
8.22196376655608,181.384493407045,3.28146674226187
68.6928528276059,117.991487207993,4.7177850343782
623.060145062149,189.249223961117,4.41964350847163
257.874544093398,213.431585575935,3.9750599675384
576.109524451758,433.585156128834,3.89853327312373
297.321999057278,134.887060742122,3.84920244662229
522.232798187305,458.135839973436,3.89270565262952
43.0190674607322,423.039898561429,3.72984890705555
208.437087394265,278.847038154294,3.96639121937656
541.216890280369,251.727689321129,3.61226582212649
188.357652255349,15.7483639342145,3.8736054352315
514.016175408487,340.472943631678,4.52778317806921
33.6110013564251,52.8601872976772,3.66176207576769
536.692525405771,159.612155346817,4.4486367939506
NA,NA,NA
662.942406744795,335.675554942048,3.42179184513431
458.447718300878,298.663629721924,3.51542550485994
9.3430064117185,499.978742273978,3.48891860133068
556.776532669441,50.2406844215576,4.28802110314231
73.7519979144289,375.56656192643,4.01053327712698
232.597143244054,412.884040015582,3.95467470820374
425.727694810536,12.2236865602265,3.22200623077213
364.22531032935,291.962490829466,3.11794599781585
607.760370075299,105.034471558439,4.2455240100735
393.482397758674,233.290093577227,4.21740415066145
570.521530339637,404.522311320769,4.74880690403342
139.305314202821,279.519463570109,4.62863117666474
200.311355212447,364.38442225588,4.02883145719852
123.815735860821,409.764862186078,3.36161230935741
628.062892501447,316.479320056774,4.49337561746143
4.41246460060871,149.503143640476,4.33840050515492
544.774213614267,202.597047171267,4.06196113468211
32.7786790078542,492.464396417075,2.99281390291591
282.030602611092,25.0088392565807,3.93377488878416
533.453952374948,392.273992038936,3.36076276102345
74.201302145575,84.1183995041997,5.34034662528208
3.04877216648783,76.3460496514264,3.54786877120303
589.643762373554,223.079713493256,4.0957540414119
445.214406569949,454.202593746344,4.81579979764553
657.599514463145,373.497011301004,3.08402526059987
106.728252332479,486.91471132915,4.40060891135351
619.063576794994,92.9147419416667,4.08530589131285
418.67309850056,260.571362926357,3.6895816934876
10.9567625841696,180.891392166048,3.23442207302414
63.3430444697486,103.452413912478,4.1643325073559
608.672513791857,207.788890624057,4.26545622232902
254.207923239645,215.772295824521,3.76144055517275
575.285574137966,438.861620239033,3.67166725548071
302.961318489633,137.164824446224,3.87970396363546
535.598562617115,456.70940133954,3.62001066576232
54.6679380532018,422.447876004639,3.69111256676082
200.450271025184,289.608620335739,4.44278221119383
556.023817662788,265.985169640703,3.75565907057651
169.04667915751,20.1546880817002,4.37134736739456
507.732301144864,341.794767944027,4.45812499198378
36.1218108317578,54.7232144153165,3.66959932420275
541.660858632527,139.656889997997,4.99914009907068
NA,NA,NA
662.942406744795,335.675554942048,3.42179184513431
458.447718300878,298.663629721924,3.51542550485994
9.3430064117185,499.978742273978,3.48891860133068
556.776532669441,50.2406844215576,4.28802110314231
73.7519979144289,375.56656192643,4.01053327712698
232.597143244054,412.884040015582,3.95467470820374
425.727694810536,12.2236865602265,3.22200623077213
364.22531032935,291.962490829466,3.11794599781585
607.760370075299,105.034471558439,4.2455240100735
393.482397758674,233.290093577227,4.21740415066145
570.521530339637,404.522311320769,4.74880690403342
139.305314202821,279.519463570109,4.62863117666474
200.311355212447,364.38442225588,4.02883145719852
123.815735860821,409.764862186078,3.36161230935741
628.062892501447,316.479320056774,4.49337561746143
4.41246460060871,149.503143640476,4.33840050515492
544.774213614267,202.597047171267,4.06196113468211
32.7786790078542,492.464396417075,2.99281390291591
282.030602611092,25.0088392565807,3.93377488878416
533.453952374948,392.273992038936,3.36076276102345
74.201302145575,84.1183995041997,5.34034662528208
3.04877216648783,76.3460496514264,3.54786877120303
589.643762373554,223.079713493256,4.0957540414119
445.214406569949,454.202593746344,4.81579979764553
657.599514463145,373.497011301004,3.08402526059987
106.728252332479,486.91471132915,4.40060891135351
619.063576794994,92.9147419416667,4.08530589131285
418.67309850056,260.571362926357,3.6895816934876
10.9567625841696,180.891392166048,3.23442207302414
63.3430444697486,103.452413912478,4.1643325073559
608.672513791857,207.788890624057,4.26545622232902
254.207923239645,215.772295824521,3.76144055517275
575.285574137966,438.861620239033,3.67166725548071
302.961318489633,137.164824446224,3.87970396363546
535.598562617115,456.70940133954,3.62001066576232
54.6679380532018,422.447876004639,3.69111256676082
200.450271025184,289.608620335739,4.44278221119383
556.023817662788,265.985169640703,3.75565907057651
169.04667915751,20.1546880817002,4.37134736739456
507.732301144864,341.794767944027,4.45812499198378
36.1218108317578,54.7232144153165,3.66959932420275
541.660858632527,139.656889997997,4.99914009907068
NA,NA,NA
662.942406744795,335.675554942048,3.42179184513431
458.447718300878,298.663629721924,3.51542550485994
9.3430064117185,499.978742273978,3.48891860133068
556.776532669441,50.2406844215576,4.28802110314231
73.7519979144289,375.56656192643,4.01053327712698
232.597143244054,412.884040015582,3.95467470820374
425.727694810536,12.2236865602265,3.22200623077213
364.22531032935,291.962490829466,3.11794599781585
607.760370075299,105.034471558439,4.2455240100735
393.482397758674,233.290093577227,4.21740415066145
570.521530339637,404.522311320769,4.74880690403342
139.305314202821,279.519463570109,4.62863117666474
200.311355212447,364.38442225588,4.02883145719852
123.815735860821,409.764862186078,3.36161230935741
628.062892501447,316.479320056774,4.49337561746143
4.41246460060871,149.503143640476,4.33840050515492
544.774213614267,202.597047171267,4.06196113468211
32.7786790078542,492.464396417075,2.99281390291591
282.030602611092,25.0088392565807,3.93377488878416
533.453952374948,392.273992038936,3.36076276102345
74.201302145575,84.1183995041997,5.34034662528208
3.04877216648783,76.3460496514264,3.54786877120303
589.643762373554,223.079713493256,4.0957540414119
445.214406569949,454.202593746344,4.81579979764553
657.599514463145,373.497011301004,3.08402526059987
106.728252332479,486.91471132915,4.40060891135351
619.063576794994,92.9147419416667,4.08530589131285
418.67309850056,260.571362926357,3.6895816934876
10.9567625841696,180.891392166048,3.23442207302414
63.3430444697486,103.452413912478,4.1643325073559
608.672513791857,207.788890624057,4.26545622232902
254.207923239645,215.772295824521,3.76144055517275
575.285574137966,438.861620239033,3.67166725548071
302.961318489633,137.164824446224,3.87970396363546
535.598562617115,456.70940133954,3.62001066576232
54.6679380532018,422.447876004639,3.69111256676082
200.450271025184,289.608620335739,4.44278221119383
556.023817662788,265.985169640703,3.75565907057651
169.04667915751,20.1546880817002,4.37134736739456
507.732301144864,341.794767944027,4.45812499198378
36.1218108317578,54.7232144153165,3.66959932420275
541.660858632527,139.656889997997,4.99914009907068
NA,NA,NA
662.942406744795,335.675554942048,3.42179184513431
458.447718300878,298.663629721924,3.51542550485994
9.3430064117185,499.978742273978,3.48891860133068
556.776532669441,50.2406844215576,4.28802110314231
73.7519979144289,375.56656192643,4.01053327712698
232.597143244054,412.884040015582,3.95467470820374
425.727694810536,12.2236865602265,3.22200623077213
364.22531032935,291.962490829466,3.11794599781585
607.760370075299,105.034471558439,4.2455240100735
393.482397758674,233.290093577227,4.21740415066145
570.521530339637,404.522311320769,4.74880690403342
139.305314202821,279.519463570109,4.62863117666474
200.311355212447,364.38442225588,4.02883145719852
123.815735860821,409.764862186078,3.36161230935741
628.062892501447,316.479320056774,4.49337561746143
4.41246460060871,149.503143640476,4.33840050515492
544.774213614267,202.597047171267,4.06196113468211
32.7786790078542,492.464396417075,2.99281390291591
282.030602611092,25.0088392565807,3.93377488878416
533.453952374948,392.273992038936,3.36076276102345
74.201302145575,84.1183995041997,5.34034662528208
3.04877216648783,76.3460496514264,3.54786877120303
589.643762373554,223.079713493256,4.0957540414119
445.214406569949,454.202593746344,4.81579979764553
657.599514463145,373.497011301004,3.08402526059987
106.728252332479,486.91471132915,4.40060891135351
619.063576794994,92.9147419416667,4.08530589131285
418.67309850056,260.571362926357,3.6895816934876
10.9567625841696,180.891392166048,3.23442207302414
63.3430444697486,103.452413912478,4.1643325073559
608.672513791857,207.788890624057,4.26545622232902
254.207923239645,215.772295824521,3.76144055517275
575.285574137966,438.861620239033,3.67166725548071
302.961318489633,137.164824446224,3.87970396363546
535.598562617115,456.70940133954,3.62001066576232
54.6679380532018,422.447876004639,3.69111256676082
200.450271025184,289.608620335739,4.44278221119383
556.023817662788,265.985169640703,3.75565907057651
169.04667915751,20.1546880817002,4.37134736739456
507.732301144864,341.794767944027,4.45812499198378
36.1218108317578,54.7232144153165,3.66959932420275
541.660858632527,139.656889997997,4.99914009907068
NA,NA,NA
662.942406744795,335.675554942048,3.42179184513431
458.447718300878,298.663629721924,3.51542550485994
9.3430064117185,499.978742273978,3.48891860133068
556.776532669441,50.2406844215576,4.28802110314231
73.7519979144289,375.56656192643,4.01053327712698
232.597143244054,412.884040015582,3.95467470820374
425.727694810536,12.2236865602265,3.22200623077213
364.22531032935,291.962490829466,3.11794599781585
607.760370075299,105.034471558439,4.2455240100735
393.482397758674,233.290093577227,4.21740415066145
570.521530339637,404.522311320769,4.74880690403342
139.305314202821,279.519463570109,4.62863117666474
200.311355212447,364.38442225588,4.02883145719852
123.815735860821,409.764862186078,3.36161230935741
628.062892501447,316.479320056774,4.49337561746143
4.41246460060871,149.503143640476,4.33840050515492
544.774213614267,202.597047171267,4.06196113468211
32.7786790078542,492.464396417075,2.99281390291591
282.030602611092,25.0088392565807,3.93377488878416
533.453952374948,392.273992038936,3.36076276102345
74.201302145575,84.1183995041997,5.34034662528208
3.04877216648783,76.3460496514264,3.54786877120303
589.643762373554,223.079713493256,4.0957540414119
445.214406569949,454.202593746344,4.81579979764553
657.599514463145,373.497011301004,3.08402526059987
106.728252332479,486.91471132915,4.40060891135351
619.063576794994,92.9147419416667,4.08530589131285
418.67309850056,260.571362926357,3.6895816934876
10.9567625841696,180.891392166048,3.23442207302414
63.3430444697486,103.452413912478,4.1643325073559
608.672513791857,207.788890624057,4.26545622232902
254.207923239645,215.772295824521,3.76144055517275
575.285574137966,438.861620239033,3.67166725548071
302.961318489633,137.164824446224,3.87970396363546
535.598562617115,456.70940133954,3.62001066576232
54.6679380532018,422.447876004639,3.69111256676082
200.450271025184,289.608620335739,4.44278221119383
556.023817662788,265.985169640703,3.75565907057651
169.04667915751,20.1546880817002,4.37134736739456
507.732301144864,341.794767944027,4.45812499198378
36.1218108317578,54.7232144153165,3.66959932420275
541.660858632527,139.656889997997,4.99914009907068
NA,NA,NA
662.942406744795,335.675554942048,3.42179184513431
458.447718300878,298.663629721924,3.51542550485994
9.3430064117185,499.978742273978,3.48891860133068
556.776532669441,50.2406844215576,4.28802110314231
73.7519979144289,375.56656192643,4.01053327712698
232.597143244054,412.884040015582,3.95467470820374
425.727694810536,12.2236865602265,3.22200623077213
364.22531032935,291.962490829466,3.11794599781585
607.760370075299,105.034471558439,4.2455240100735
393.482397758674,233.290093577227,4.21740415066145
570.521530339637,404.522311320769,4.74880690403342
139.305314202821,279.519463570109,4.62863117666474
200.311355212447,364.38442225588,4.02883145719852
123.815735860821,409.764862186078,3.36161230935741
628.062892501447,316.479320056774,4.49337561746143
4.41246460060871,149.503143640476,4.33840050515492
544.774213614267,202.597047171267,4.06196113468211
32.7786790078542,492.464396417075,2.99281390291591
282.030602611092,25.0088392565807,3.93377488878416
533.453952374948,392.273992038936,3.36076276102345
74.201302145575,84.1183995041997,5.34034662528208
3.04877216648783,76.3460496514264,3.54786877120303
589.643762373554,223.079713493256,4.0957540414119
445.214406569949,454.202593746344,4.81579979764553
657.599514463145,373.497011301004,3.08402526059987
106.728252332479,486.91471132915,4.40060891135351
619.063576794994,92.9147419416667,4.08530589131285
418.67309850056,260.571362926357,3.6895816934876
10.9567625841696,180.891392166048,3.23442207302414
63.3430444697486,103.452413912478,4.1643325073559
608.672513791857,207.788890624057,4.26545622232902
254.207923239645,215.772295824521,3.76144055517275
575.285574137966,438.861620239033,3.67166725548071
302.961318489633,137.164824446224,3.87970396363546
535.598562617115,456.70940133954,3.62001066576232
54.6679380532018,422.447876004639,3.69111256676082
200.450271025184,289.608620335739,4.44278221119383
556.023817662788,265.985169640703,3.75565907057651
169.04667915751,20.1546880817002,4.37134736739456
507.732301144864,341.794767944027,4.45812499198378
36.1218108317578,54.7232144153165,3.66959932420275
541.660858632527,139.656889997997,4.99914009907068
NA,NA,NA
663.443321214348,332.790633842559,3.47903043081959
454.512040395877,299.302031751564,3.6147505342583
8.24452427335711,497.327239217083,3.65336016995111
563.11152232241,54.6170204653974,4.14579078718647
73.612765554214,382.962933622439,3.93193179200931
227.812595995435,414.655133058069,3.87487260214179
429.946752382733,10.9690313843435,3.33174050777791
362.388749919458,292.042040111076,3.04935092993299
602.916870332618,101.178207498633,4.08553219161414
393.440924170398,226.537755076056,4.29913731402431
572.323903036032,409.210143396761,4.66895289153812
140.324607433676,288.541467054269,4.61113725330625
203.907246417974,367.016985702392,4.03343709725534
125.739264613183,408.671329881816,3.38841075385268
627.418295903483,317.225854644681,4.5110562581252
4.23568464985069,147.573544124779,4.29876143767962
539.127941658276,201.725570095287,4.28412046051436
34.2892788968353,492.642705849801,3.10404889859238
281.653768953648,23.9020149088312,3.96535778164582
533.662671871639,389.757570071413,3.44009613470189
70.0151319740232,70.7706754631824,5.23202948808119
6.06188483545899,75.4644575321295,3.50508188040955
588.786012276095,227.883941477852,4.0481488894787
444.395144465814,465.766909360393,4.82360601564304
658.31722811106,374.399968007194,3.20655974882823
110.420920040442,492.779465448782,4.37838541439043
624.358448780104,92.1903035705073,4.06239485707013
418.903347679129,260.114969603075,3.5908107010112
10.5200528834688,182.729923041219,3.10159970688107
56.2682822666804,120.756638599322,4.4484066482448
599.448331750257,206.14237873448,4.44517788366254
248.965572490457,218.922227690647,4.17710195193355
577.575787612266,437.181676141552,4.01674740448177
298.040200125033,140.424403534569,3.88791218224317
530.245993230615,458.282366594646,3.57448345510719
49.7053998435599,405.641758563686,3.85441490868012
204.068117721133,289.156964767283,4.38208698013834
548.440560619058,260.684998476562,3.81772424728641
188.040594501378,20.7912266501562,4.29578743512694
505.638239190377,349.59676018863,4.72085892307999
38.9902942067638,51.8641605631266,3.49208087902509
524.100724707836,125.952472274082,4.49069485026462
NA,NA,NA
663.443321214348,332.790633842559,3.47903043081959
454.512040395877,299.302031751564,3.6147505342583
8.24452427335711,497.327239217083,3.65336016995111
563.11152232241,54.6170204653974,4.14579078718647
73.612765554214,382.962933622439,3.93193179200931
227.812595995435,414.655133058069,3.87487260214179
429.946752382733,10.9690313843435,3.33174050777791
362.388749919458,292.042040111076,3.04935092993299
602.916870332618,101.178207498633,4.08553219161414
393.440924170398,226.537755076056,4.29913731402431
572.323903036032,409.210143396761,4.66895289153812
140.324607433676,288.541467054269,4.61113725330625
203.907246417974,367.016985702392,4.03343709725534
125.739264613183,408.671329881816,3.38841075385268
627.418295903483,317.225854644681,4.5110562581252
4.23568464985069,147.573544124779,4.29876143767962
539.127941658276,201.725570095287,4.28412046051436
34.2892788968353,492.642705849801,3.10404889859238
281.653768953648,23.9020149088312,3.96535778164582
533.662671871639,389.757570071413,3.44009613470189
70.0151319740232,70.7706754631824,5.23202948808119
6.06188483545899,75.4644575321295,3.50508188040955
588.786012276095,227.883941477852,4.0481488894787
444.395144465814,465.766909360393,4.82360601564304
658.31722811106,374.399968007194,3.20655974882823
110.420920040442,492.779465448782,4.37838541439043
624.358448780104,92.1903035705073,4.06239485707013
418.903347679129,260.114969603075,3.5908107010112
10.5200528834688,182.729923041219,3.10159970688107
56.2682822666804,120.756638599322,4.4484066482448
599.448331750257,206.14237873448,4.44517788366254
248.965572490457,218.922227690647,4.17710195193355
577.575787612266,437.181676141552,4.01674740448177
298.040200125033,140.424403534569,3.88791218224317
530.245993230615,458.282366594646,3.57448345510719
49.7053998435599,405.641758563686,3.85441490868012
204.068117721133,289.156964767283,4.38208698013834
548.440560619058,260.684998476562,3.81772424728641
188.040594501378,20.7912266501562,4.29578743512694
505.638239190377,349.59676018863,4.72085892307999
38.9902942067638,51.8641605631266,3.49208087902509
524.100724707836,125.952472274082,4.49069485026462
NA,NA,NA
663.443321214348,332.790633842559,3.47903043081959
454.512040395877,299.302031751564,3.6147505342583
8.24452427335711,497.327239217083,3.65336016995111
563.11152232241,54.6170204653974,4.14579078718647
73.612765554214,382.962933622439,3.93193179200931
227.812595995435,414.655133058069,3.87487260214179
429.946752382733,10.9690313843435,3.33174050777791
362.388749919458,292.042040111076,3.04935092993299
602.916870332618,101.178207498633,4.08553219161414
393.440924170398,226.537755076056,4.29913731402431
572.323903036032,409.210143396761,4.66895289153812
140.324607433676,288.541467054269,4.61113725330625
203.907246417974,367.016985702392,4.03343709725534
125.739264613183,408.671329881816,3.38841075385268
627.418295903483,317.225854644681,4.5110562581252
4.23568464985069,147.573544124779,4.29876143767962
539.127941658276,201.725570095287,4.28412046051436
34.2892788968353,492.642705849801,3.10404889859238
281.653768953648,23.9020149088312,3.96535778164582
533.662671871639,389.757570071413,3.44009613470189
70.0151319740232,70.7706754631824,5.23202948808119
6.06188483545899,75.4644575321295,3.50508188040955
588.786012276095,227.883941477852,4.0481488894787
444.395144465814,465.766909360393,4.82360601564304
658.31722811106,374.399968007194,3.20655974882823
110.420920040442,492.779465448782,4.37838541439043
624.358448780104,92.1903035705073,4.06239485707013
418.903347679129,260.114969603075,3.5908107010112
10.5200528834688,182.729923041219,3.10159970688107
56.2682822666804,120.756638599322,4.4484066482448
599.448331750257,206.14237873448,4.44517788366254
248.965572490457,218.922227690647,4.17710195193355
577.575787612266,437.181676141552,4.01674740448177
298.040200125033,140.424403534569,3.88791218224317
530.245993230615,458.282366594646,3.57448345510719
49.7053998435599,405.641758563686,3.85441490868012
204.068117721133,289.156964767283,4.38208698013834
548.440560619058,260.684998476562,3.81772424728641
188.040594501378,20.7912266501562,4.29578743512694
505.638239190377,349.59676018863,4.72085892307999
38.9902942067638,51.8641605631266,3.49208087902509
524.100724707836,125.952472274082,4.49069485026462
NA,NA,NA
663.443321214348,332.790633842559,3.47903043081959
454.512040395877,299.302031751564,3.6147505342583
8.24452427335711,497.327239217083,3.65336016995111
563.11152232241,54.6170204653974,4.14579078718647
73.612765554214,382.962933622439,3.93193179200931
227.812595995435,414.655133058069,3.87487260214179
429.946752382733,10.9690313843435,3.33174050777791
362.388749919458,292.042040111076,3.04935092993299
602.916870332618,101.178207498633,4.08553219161414
393.440924170398,226.537755076056,4.29913731402431
572.323903036032,409.210143396761,4.66895289153812
140.324607433676,288.541467054269,4.61113725330625
203.907246417974,367.016985702392,4.03343709725534
125.739264613183,408.671329881816,3.38841075385268
627.418295903483,317.225854644681,4.5110562581252
4.23568464985069,147.573544124779,4.29876143767962
539.127941658276,201.725570095287,4.28412046051436
34.2892788968353,492.642705849801,3.10404889859238
281.653768953648,23.9020149088312,3.96535778164582
533.662671871639,389.757570071413,3.44009613470189
70.0151319740232,70.7706754631824,5.23202948808119
6.06188483545899,75.4644575321295,3.50508188040955
588.786012276095,227.883941477852,4.0481488894787
444.395144465814,465.766909360393,4.82360601564304
658.31722811106,374.399968007194,3.20655974882823
110.420920040442,492.779465448782,4.37838541439043
624.358448780104,92.1903035705073,4.06239485707013
418.903347679129,260.114969603075,3.5908107010112
10.5200528834688,182.729923041219,3.10159970688107
56.2682822666804,120.756638599322,4.4484066482448
599.448331750257,206.14237873448,4.44517788366254
248.965572490457,218.922227690647,4.17710195193355
577.575787612266,437.181676141552,4.01674740448177
298.040200125033,140.424403534569,3.88791218224317
530.245993230615,458.282366594646,3.57448345510719
49.7053998435599,405.641758563686,3.85441490868012
204.068117721133,289.156964767283,4.38208698013834
548.440560619058,260.684998476562,3.81772424728641
188.040594501378,20.7912266501562,4.29578743512694
505.638239190377,349.59676018863,4.72085892307999
38.9902942067638,51.8641605631266,3.49208087902509
524.100724707836,125.952472274082,4.49069485026462
NA,NA,NA
663.443321214348,332.790633842559,3.47903043081959
454.512040395877,299.302031751564,3.6147505342583
8.24452427335711,497.327239217083,3.65336016995111
563.11152232241,54.6170204653974,4.14579078718647
73.612765554214,382.962933622439,3.93193179200931
227.812595995435,414.655133058069,3.87487260214179
429.946752382733,10.9690313843435,3.33174050777791
362.388749919458,292.042040111076,3.04935092993299
602.916870332618,101.178207498633,4.08553219161414
393.440924170398,226.537755076056,4.29913731402431
572.323903036032,409.210143396761,4.66895289153812
140.324607433676,288.541467054269,4.61113725330625
203.907246417974,367.016985702392,4.03343709725534
125.739264613183,408.671329881816,3.38841075385268
627.418295903483,317.225854644681,4.5110562581252
4.23568464985069,147.573544124779,4.29876143767962
539.127941658276,201.725570095287,4.28412046051436
34.2892788968353,492.642705849801,3.10404889859238
281.653768953648,23.9020149088312,3.96535778164582
533.662671871639,389.757570071413,3.44009613470189
70.0151319740232,70.7706754631824,5.23202948808119
6.06188483545899,75.4644575321295,3.50508188040955
588.786012276095,227.883941477852,4.0481488894787
444.395144465814,465.766909360393,4.82360601564304
658.31722811106,374.399968007194,3.20655974882823
110.420920040442,492.779465448782,4.37838541439043
624.358448780104,92.1903035705073,4.06239485707013
418.903347679129,260.114969603075,3.5908107010112
10.5200528834688,182.729923041219,3.10159970688107
56.2682822666804,120.756638599322,4.4484066482448
599.448331750257,206.14237873448,4.44517788366254
248.965572490457,218.922227690647,4.17710195193355
577.575787612266,437.181676141552,4.01674740448177
298.040200125033,140.424403534569,3.88791218224317
530.245993230615,458.282366594646,3.57448345510719
49.7053998435599,405.641758563686,3.85441490868012
204.068117721133,289.156964767283,4.38208698013834
548.440560619058,260.684998476562,3.81772424728641
188.040594501378,20.7912266501562,4.29578743512694
505.638239190377,349.59676018863,4.72085892307999
38.9902942067638,51.8641605631266,3.49208087902509
524.100724707836,125.952472274082,4.49069485026462
NA,NA,NA
663.443321214348,332.790633842559,3.47903043081959
454.512040395877,299.302031751564,3.6147505342583
8.24452427335711,497.327239217083,3.65336016995111
563.11152232241,54.6170204653974,4.14579078718647
73.612765554214,382.962933622439,3.93193179200931
227.812595995435,414.655133058069,3.87487260214179
429.946752382733,10.9690313843435,3.33174050777791
362.388749919458,292.042040111076,3.04935092993299
602.916870332618,101.178207498633,4.08553219161414
393.440924170398,226.537755076056,4.29913731402431
572.323903036032,409.210143396761,4.66895289153812
140.324607433676,288.541467054269,4.61113725330625
203.907246417974,367.016985702392,4.03343709725534
125.739264613183,408.671329881816,3.38841075385268
627.418295903483,317.225854644681,4.5110562581252
4.23568464985069,147.573544124779,4.29876143767962
539.127941658276,201.725570095287,4.28412046051436
34.2892788968353,492.642705849801,3.10404889859238
281.653768953648,23.9020149088312,3.96535778164582
533.662671871639,389.757570071413,3.44009613470189
70.0151319740232,70.7706754631824,5.23202948808119
6.06188483545899,75.4644575321295,3.50508188040955
588.786012276095,227.883941477852,4.0481488894787
444.395144465814,465.766909360393,4.82360601564304
658.31722811106,374.399968007194,3.20655974882823
110.420920040442,492.779465448782,4.37838541439043
624.358448780104,92.1903035705073,4.06239485707013
418.903347679129,260.114969603075,3.5908107010112
10.5200528834688,182.729923041219,3.10159970688107
56.2682822666804,120.756638599322,4.4484066482448
599.448331750257,206.14237873448,4.44517788366254
248.965572490457,218.922227690647,4.17710195193355
577.575787612266,437.181676141552,4.01674740448177
298.040200125033,140.424403534569,3.88791218224317
530.245993230615,458.282366594646,3.57448345510719
49.7053998435599,405.641758563686,3.85441490868012
204.068117721133,289.156964767283,4.38208698013834
548.440560619058,260.684998476562,3.81772424728641
188.040594501378,20.7912266501562,4.29578743512694
505.638239190377,349.59676018863,4.72085892307999
38.9902942067638,51.8641605631266,3.49208087902509
524.100724707836,125.952472274082,4.49069485026462
NA,NA,NA
659.24433312818,334.87368761261,3.56496694542992
454.546654144534,300.695791306292,3.58403458865139
10.9607767797942,498.793761872139,3.66619343403747
563.748779957107,53.0935746392838,4.18880397130979
71.375177353161,374.043247956221,4.08434148220465
225.436259892853,414.740089234241,3.84809487950066
428.076300588354,14.2728148939975,3.39036507737565
362.67803678999,292.880977310838,2.85025160045899
599.925430641834,105.852128684964,4.24896126316013
395.588706688836,226.913520246071,4.2345978456765
565.402955507069,407.354647960898,4.74015272705839
141.32902737223,284.854346399339,4.56967508278773
198.934642965973,376.730287557584,4.0723278357702
124.487032635002,408.974138678771,3.34738205719389
631.388745354171,309.369618789644,4.59805984845882
-1.07695822286405,144.57670604584,4.24608144721804
541.933044808019,202.61315905227,4.04354748725219
32.9306422298934,493.737118439561,2.9100508772756
282.309993228996,22.9161227574267,3.82202821540164
533.068900369062,395.925409792185,3.29954271892857
73.5064888008348,79.6867516798256,5.1870713034225
2.86907162083326,78.2852674126902,3.53885268606626
591.509482095123,229.22048569785,4.00888502981512
439.175356324709,458.884976366665,4.80831392270568
658.477098606243,375.15662820107,3.12989564220138
107.154132843946,486.8433184661,4.40074894684946
625.271138702701,92.8199286573237,4.06594962121627
418.651425584456,256.336275346816,3.71721276841864
11.5522163371189,182.840562225013,3.17417593372986
68.6780530424037,126.384283680366,4.49338595382374
620.091453339877,209.070031849404,4.40160546820162
259.554706083851,219.551067021152,4.07781475599324
575.722485521051,437.233107218769,3.68232003158604
299.875931690926,141.156284066468,3.89746683187157
534.190593381896,452.802108877917,3.62715803426282
47.0473240418545,413.726310890611,4.18651648877373
194.685467669621,290.56761127935,3.95551722645901
544.629298977512,260.845582396228,3.63673543708628
169.990016740865,45.327961455549,4.28018455996003
498.999303170182,348.029838315489,4.56732808600314
38.2084234267947,65.1913975930313,4.29790915343295
543.172360666641,141.858008107738,4.44981815258466
NA,NA,NA
659.24433312818,334.87368761261,3.56496694542992
454.546654144534,300.695791306292,3.58403458865139
10.9607767797942,498.793761872139,3.66619343403747
563.748779957107,53.0935746392838,4.18880397130979
71.375177353161,374.043247956221,4.08434148220465
225.436259892853,414.740089234241,3.84809487950066
428.076300588354,14.2728148939975,3.39036507737565
362.67803678999,292.880977310838,2.85025160045899
599.925430641834,105.852128684964,4.24896126316013
395.588706688836,226.913520246071,4.2345978456765
565.402955507069,407.354647960898,4.74015272705839
141.32902737223,284.854346399339,4.56967508278773
198.934642965973,376.730287557584,4.0723278357702
124.487032635002,408.974138678771,3.34738205719389
631.388745354171,309.369618789644,4.59805984845882
-1.07695822286405,144.57670604584,4.24608144721804
541.933044808019,202.61315905227,4.04354748725219
32.9306422298934,493.737118439561,2.9100508772756
282.309993228996,22.9161227574267,3.82202821540164
533.068900369062,395.925409792185,3.29954271892857
73.5064888008348,79.6867516798256,5.1870713034225
2.86907162083326,78.2852674126902,3.53885268606626
591.509482095123,229.22048569785,4.00888502981512
439.175356324709,458.884976366665,4.80831392270568
658.477098606243,375.15662820107,3.12989564220138
107.154132843946,486.8433184661,4.40074894684946
625.271138702701,92.8199286573237,4.06594962121627
418.651425584456,256.336275346816,3.71721276841864
11.5522163371189,182.840562225013,3.17417593372986
68.6780530424037,126.384283680366,4.49338595382374
620.091453339877,209.070031849404,4.40160546820162
259.554706083851,219.551067021152,4.07781475599324
575.722485521051,437.233107218769,3.68232003158604
299.875931690926,141.156284066468,3.89746683187157
534.190593381896,452.802108877917,3.62715803426282
47.0473240418545,413.726310890611,4.18651648877373
194.685467669621,290.56761127935,3.95551722645901
544.629298977512,260.845582396228,3.63673543708628
169.990016740865,45.327961455549,4.28018455996003
498.999303170182,348.029838315489,4.56732808600314
38.2084234267947,65.1913975930313,4.29790915343295
543.172360666641,141.858008107738,4.44981815258466
NA,NA,NA
659.24433312818,334.87368761261,3.56496694542992
454.546654144534,300.695791306292,3.58403458865139
10.9607767797942,498.793761872139,3.66619343403747
563.748779957107,53.0935746392838,4.18880397130979
71.375177353161,374.043247956221,4.08434148220465
225.436259892853,414.740089234241,3.84809487950066
428.076300588354,14.2728148939975,3.39036507737565
362.67803678999,292.880977310838,2.85025160045899
599.925430641834,105.852128684964,4.24896126316013
395.588706688836,226.913520246071,4.2345978456765
565.402955507069,407.354647960898,4.74015272705839
141.32902737223,284.854346399339,4.56967508278773
198.934642965973,376.730287557584,4.0723278357702
124.487032635002,408.974138678771,3.34738205719389
631.388745354171,309.369618789644,4.59805984845882
-1.07695822286405,144.57670604584,4.24608144721804
541.933044808019,202.61315905227,4.04354748725219
32.9306422298934,493.737118439561,2.9100508772756
282.309993228996,22.9161227574267,3.82202821540164
533.068900369062,395.925409792185,3.29954271892857
73.5064888008348,79.6867516798256,5.1870713034225
2.86907162083326,78.2852674126902,3.53885268606626
591.509482095123,229.22048569785,4.00888502981512
439.175356324709,458.884976366665,4.80831392270568
658.477098606243,375.15662820107,3.12989564220138
107.154132843946,486.8433184661,4.40074894684946
625.271138702701,92.8199286573237,4.06594962121627
418.651425584456,256.336275346816,3.71721276841864
11.5522163371189,182.840562225013,3.17417593372986
68.6780530424037,126.384283680366,4.49338595382374
620.091453339877,209.070031849404,4.40160546820162
259.554706083851,219.551067021152,4.07781475599324
575.722485521051,437.233107218769,3.68232003158604
299.875931690926,141.156284066468,3.89746683187157
534.190593381896,452.802108877917,3.62715803426282
47.0473240418545,413.726310890611,4.18651648877373
194.685467669621,290.56761127935,3.95551722645901
544.629298977512,260.845582396228,3.63673543708628
169.990016740865,45.327961455549,4.28018455996003
498.999303170182,348.029838315489,4.56732808600314
38.2084234267947,65.1913975930313,4.29790915343295
543.172360666641,141.858008107738,4.44981815258466
NA,NA,NA
659.24433312818,334.87368761261,3.56496694542992
454.546654144534,300.695791306292,3.58403458865139
10.9607767797942,498.793761872139,3.66619343403747
563.748779957107,53.0935746392838,4.18880397130979
71.375177353161,374.043247956221,4.08434148220465
225.436259892853,414.740089234241,3.84809487950066
428.076300588354,14.2728148939975,3.39036507737565
362.67803678999,292.880977310838,2.85025160045899
599.925430641834,105.852128684964,4.24896126316013
395.588706688836,226.913520246071,4.2345978456765
565.402955507069,407.354647960898,4.74015272705839
141.32902737223,284.854346399339,4.56967508278773
198.934642965973,376.730287557584,4.0723278357702
124.487032635002,408.974138678771,3.34738205719389
631.388745354171,309.369618789644,4.59805984845882
-1.07695822286405,144.57670604584,4.24608144721804
541.933044808019,202.61315905227,4.04354748725219
32.9306422298934,493.737118439561,2.9100508772756
282.309993228996,22.9161227574267,3.82202821540164
533.068900369062,395.925409792185,3.29954271892857
73.5064888008348,79.6867516798256,5.1870713034225
2.86907162083326,78.2852674126902,3.53885268606626
591.509482095123,229.22048569785,4.00888502981512
439.175356324709,458.884976366665,4.80831392270568
658.477098606243,375.15662820107,3.12989564220138
107.154132843946,486.8433184661,4.40074894684946
625.271138702701,92.8199286573237,4.06594962121627
418.651425584456,256.336275346816,3.71721276841864
11.5522163371189,182.840562225013,3.17417593372986
68.6780530424037,126.384283680366,4.49338595382374
620.091453339877,209.070031849404,4.40160546820162
259.554706083851,219.551067021152,4.07781475599324
575.722485521051,437.233107218769,3.68232003158604
299.875931690926,141.156284066468,3.89746683187157
534.190593381896,452.802108877917,3.62715803426282
47.0473240418545,413.726310890611,4.18651648877373
194.685467669621,290.56761127935,3.95551722645901
544.629298977512,260.845582396228,3.63673543708628
169.990016740865,45.327961455549,4.28018455996003
498.999303170182,348.029838315489,4.56732808600314
38.2084234267947,65.1913975930313,4.29790915343295
543.172360666641,141.858008107738,4.44981815258466
NA,NA,NA
659.24433312818,334.87368761261,3.56496694542992
454.546654144534,300.695791306292,3.58403458865139
10.9607767797942,498.793761872139,3.66619343403747
563.748779957107,53.0935746392838,4.18880397130979
71.375177353161,374.043247956221,4.08434148220465
225.436259892853,414.740089234241,3.84809487950066
428.076300588354,14.2728148939975,3.39036507737565
362.67803678999,292.880977310838,2.85025160045899
599.925430641834,105.852128684964,4.24896126316013
395.588706688836,226.913520246071,4.2345978456765
565.402955507069,407.354647960898,4.74015272705839
141.32902737223,284.854346399339,4.56967508278773
198.934642965973,376.730287557584,4.0723278357702
124.487032635002,408.974138678771,3.34738205719389
631.388745354171,309.369618789644,4.59805984845882
-1.07695822286405,144.57670604584,4.24608144721804
541.933044808019,202.61315905227,4.04354748725219
32.9306422298934,493.737118439561,2.9100508772756
282.309993228996,22.9161227574267,3.82202821540164
533.068900369062,395.925409792185,3.29954271892857
73.5064888008348,79.6867516798256,5.1870713034225
2.86907162083326,78.2852674126902,3.53885268606626
591.509482095123,229.22048569785,4.00888502981512
439.175356324709,458.884976366665,4.80831392270568
658.477098606243,375.15662820107,3.12989564220138
107.154132843946,486.8433184661,4.40074894684946
625.271138702701,92.8199286573237,4.06594962121627
418.651425584456,256.336275346816,3.71721276841864
11.5522163371189,182.840562225013,3.17417593372986
68.6780530424037,126.384283680366,4.49338595382374
620.091453339877,209.070031849404,4.40160546820162
259.554706083851,219.551067021152,4.07781475599324
575.722485521051,437.233107218769,3.68232003158604
299.875931690926,141.156284066468,3.89746683187157
534.190593381896,452.802108877917,3.62715803426282
47.0473240418545,413.726310890611,4.18651648877373
194.685467669621,290.56761127935,3.95551722645901
544.629298977512,260.845582396228,3.63673543708628
169.990016740865,45.327961455549,4.28018455996003
498.999303170182,348.029838315489,4.56732808600314
38.2084234267947,65.1913975930313,4.29790915343295
543.172360666641,141.858008107738,4.44981815258466
NA,NA,NA
659.24433312818,334.87368761261,3.56496694542992
454.546654144534,300.695791306292,3.58403458865139
10.9607767797942,498.793761872139,3.66619343403747
563.748779957107,53.0935746392838,4.18880397130979
71.375177353161,374.043247956221,4.08434148220465
225.436259892853,414.740089234241,3.84809487950066
428.076300588354,14.2728148939975,3.39036507737565
362.67803678999,292.880977310838,2.85025160045899
599.925430641834,105.852128684964,4.24896126316013
395.588706688836,226.913520246071,4.2345978456765
565.402955507069,407.354647960898,4.74015272705839
141.32902737223,284.854346399339,4.56967508278773
198.934642965973,376.730287557584,4.0723278357702
124.487032635002,408.974138678771,3.34738205719389
631.388745354171,309.369618789644,4.59805984845882
-1.07695822286405,144.57670604584,4.24608144721804
541.933044808019,202.61315905227,4.04354748725219
32.9306422298934,493.737118439561,2.9100508772756
282.309993228996,22.9161227574267,3.82202821540164
533.068900369062,395.925409792185,3.29954271892857
73.5064888008348,79.6867516798256,5.1870713034225
2.86907162083326,78.2852674126902,3.53885268606626
591.509482095123,229.22048569785,4.00888502981512
439.175356324709,458.884976366665,4.80831392270568
658.477098606243,375.15662820107,3.12989564220138
107.154132843946,486.8433184661,4.40074894684946
625.271138702701,92.8199286573237,4.06594962121627
418.651425584456,256.336275346816,3.71721276841864
11.5522163371189,182.840562225013,3.17417593372986
68.6780530424037,126.384283680366,4.49338595382374
620.091453339877,209.070031849404,4.40160546820162
259.554706083851,219.551067021152,4.07781475599324
575.722485521051,437.233107218769,3.68232003158604
299.875931690926,141.156284066468,3.89746683187157
534.190593381896,452.802108877917,3.62715803426282
47.0473240418545,413.726310890611,4.18651648877373
194.685467669621,290.56761127935,3.95551722645901
544.629298977512,260.845582396228,3.63673543708628
169.990016740865,45.327961455549,4.28018455996003
498.999303170182,348.029838315489,4.56732808600314
38.2084234267947,65.1913975930313,4.29790915343295
543.172360666641,141.858008107738,4.44981815258466
NA,NA,NA
661.92417204194,336.201906477281,3.58742711089517
454.426600104474,297.242127998011,3.73921225172803
9.95678669354176,498.039563406603,3.59066273438363
563.224417548452,54.6830337733366,4.10065386071543
73.6986490336661,379.888363888421,3.94795699616375
223.149624254008,412.074488772325,4.02818208388589
427.299581100361,9.80393278220052,3.25071074228927
363.151587273972,292.811804341482,3.04432596136657
606.641907646497,106.921683536228,4.16346691962681
391.916828027269,226.253414049417,4.0836396976611
568.877764624906,413.669050869938,4.77360363982116
138.069307073942,283.34860262617,4.61174794632444
196.558871006323,362.749321438441,4.03916682368048
123.503286415021,413.924479979372,3.47842439012815
623.376371062445,315.292196756014,4.43855709852693
5.82184275231755,146.672361925523,4.13867785164361
542.272960981314,203.52970616048,4.24342075527337
34.1524960345447,492.675454251025,3.07281422544261
280.14916496602,20.5315679217679,3.72291731011255
534.945747353422,392.832355758994,3.57259255848414
73.5994883620788,82.6403410991983,5.17445295905109
1.6246594580476,77.2104738203356,3.47730251397949
587.869845516815,225.341918306146,3.95924300217323
433.791925371313,461.200061759003,4.72196229708151
660.175512463408,372.014815896324,3.06560162171883
105.303612794905,487.714486361004,4.39936586003145
629.142195328236,92.4632392475934,4.118178673501
419.236558767488,259.447626916436,3.65315125112554
11.49435014547,179.798085162312,3.20536621148755
66.2802368742324,121.12063379513,4.27788620072385
605.374309940233,212.700238274894,4.47871034733839
259.235688988246,212.107280586445,4.09520681464978
567.431162097221,439.480814562423,3.90188036031526
303.610450213993,137.599122183263,3.78981746329621
532.118597139159,451.258562698841,3.44771212999973
49.1468815165163,422.924457317635,4.09290295887839
187.353431709181,291.764815374995,4.04818031074282
550.557812221863,260.89504673164,3.79363147515825
165.564389870341,32.1878035267571,4.39816435315612
494.656170029377,350.940910035232,4.53752075427373
37.2205419948558,58.0243052619868,4.05154325098826
537.749052646317,163.612000644875,5.00667062338633
NA,NA,NA
661.92417204194,336.201906477281,3.58742711089517
454.426600104474,297.242127998011,3.73921225172803
9.95678669354176,498.039563406603,3.59066273438363
563.224417548452,54.6830337733366,4.10065386071543
73.6986490336661,379.888363888421,3.94795699616375
223.149624254008,412.074488772325,4.02818208388589
427.299581100361,9.80393278220052,3.25071074228927
363.151587273972,292.811804341482,3.04432596136657
606.641907646497,106.921683536228,4.16346691962681
391.916828027269,226.253414049417,4.0836396976611
568.877764624906,413.669050869938,4.77360363982116
138.069307073942,283.34860262617,4.61174794632444
196.558871006323,362.749321438441,4.03916682368048
123.503286415021,413.924479979372,3.47842439012815
623.376371062445,315.292196756014,4.43855709852693
5.82184275231755,146.672361925523,4.13867785164361
542.272960981314,203.52970616048,4.24342075527337
34.1524960345447,492.675454251025,3.07281422544261
280.14916496602,20.5315679217679,3.72291731011255
534.945747353422,392.832355758994,3.57259255848414
73.5994883620788,82.6403410991983,5.17445295905109
1.6246594580476,77.2104738203356,3.47730251397949
587.869845516815,225.341918306146,3.95924300217323
433.791925371313,461.200061759003,4.72196229708151
660.175512463408,372.014815896324,3.06560162171883
105.303612794905,487.714486361004,4.39936586003145
629.142195328236,92.4632392475934,4.118178673501
419.236558767488,259.447626916436,3.65315125112554
11.49435014547,179.798085162312,3.20536621148755
66.2802368742324,121.12063379513,4.27788620072385
605.374309940233,212.700238274894,4.47871034733839
259.235688988246,212.107280586445,4.09520681464978
567.431162097221,439.480814562423,3.90188036031526
303.610450213993,137.599122183263,3.78981746329621
532.118597139159,451.258562698841,3.44771212999973
49.1468815165163,422.924457317635,4.09290295887839
187.353431709181,291.764815374995,4.04818031074282
550.557812221863,260.89504673164,3.79363147515825
165.564389870341,32.1878035267571,4.39816435315612
494.656170029377,350.940910035232,4.53752075427373
37.2205419948558,58.0243052619868,4.05154325098826
537.749052646317,163.612000644875,5.00667062338633
NA,NA,NA
661.92417204194,336.201906477281,3.58742711089517
454.426600104474,297.242127998011,3.73921225172803
9.95678669354176,498.039563406603,3.59066273438363
563.224417548452,54.6830337733366,4.10065386071543
73.6986490336661,379.888363888421,3.94795699616375
223.149624254008,412.074488772325,4.02818208388589
427.299581100361,9.80393278220052,3.25071074228927
363.151587273972,292.811804341482,3.04432596136657
606.641907646497,106.921683536228,4.16346691962681
391.916828027269,226.253414049417,4.0836396976611
568.877764624906,413.669050869938,4.77360363982116
138.069307073942,283.34860262617,4.61174794632444
196.558871006323,362.749321438441,4.03916682368048
123.503286415021,413.924479979372,3.47842439012815
623.376371062445,315.292196756014,4.43855709852693
5.82184275231755,146.672361925523,4.13867785164361
542.272960981314,203.52970616048,4.24342075527337
34.1524960345447,492.675454251025,3.07281422544261
280.14916496602,20.5315679217679,3.72291731011255
534.945747353422,392.832355758994,3.57259255848414
73.5994883620788,82.6403410991983,5.17445295905109
1.6246594580476,77.2104738203356,3.47730251397949
587.869845516815,225.341918306146,3.95924300217323
433.791925371313,461.200061759003,4.72196229708151
660.175512463408,372.014815896324,3.06560162171883
105.303612794905,487.714486361004,4.39936586003145
629.142195328236,92.4632392475934,4.118178673501
419.236558767488,259.447626916436,3.65315125112554
11.49435014547,179.798085162312,3.20536621148755
66.2802368742324,121.12063379513,4.27788620072385
605.374309940233,212.700238274894,4.47871034733839
259.235688988246,212.107280586445,4.09520681464978
567.431162097221,439.480814562423,3.90188036031526
303.610450213993,137.599122183263,3.78981746329621
532.118597139159,451.258562698841,3.44771212999973
49.1468815165163,422.924457317635,4.09290295887839
187.353431709181,291.764815374995,4.04818031074282
550.557812221863,260.89504673164,3.79363147515825
165.564389870341,32.1878035267571,4.39816435315612
494.656170029377,350.940910035232,4.53752075427373
37.2205419948558,58.0243052619868,4.05154325098826
537.749052646317,163.612000644875,5.00667062338633
NA,NA,NA
661.92417204194,336.201906477281,3.58742711089517
454.426600104474,297.242127998011,3.73921225172803
9.95678669354176,498.039563406603,3.59066273438363
563.224417548452,54.6830337733366,4.10065386071543
73.6986490336661,379.888363888421,3.94795699616375
223.149624254008,412.074488772325,4.02818208388589
427.299581100361,9.80393278220052,3.25071074228927
363.151587273972,292.811804341482,3.04432596136657
606.641907646497,106.921683536228,4.16346691962681
391.916828027269,226.253414049417,4.0836396976611
568.877764624906,413.669050869938,4.77360363982116
138.069307073942,283.34860262617,4.61174794632444
196.558871006323,362.749321438441,4.03916682368048
123.503286415021,413.924479979372,3.47842439012815
623.376371062445,315.292196756014,4.43855709852693
5.82184275231755,146.672361925523,4.13867785164361
542.272960981314,203.52970616048,4.24342075527337
34.1524960345447,492.675454251025,3.07281422544261
280.14916496602,20.5315679217679,3.72291731011255
534.945747353422,392.832355758994,3.57259255848414
73.5994883620788,82.6403410991983,5.17445295905109
1.6246594580476,77.2104738203356,3.47730251397949
587.869845516815,225.341918306146,3.95924300217323
433.791925371313,461.200061759003,4.72196229708151
660.175512463408,372.014815896324,3.06560162171883
105.303612794905,487.714486361004,4.39936586003145
629.142195328236,92.4632392475934,4.118178673501
419.236558767488,259.447626916436,3.65315125112554
11.49435014547,179.798085162312,3.20536621148755
66.2802368742324,121.12063379513,4.27788620072385
605.374309940233,212.700238274894,4.47871034733839
259.235688988246,212.107280586445,4.09520681464978
567.431162097221,439.480814562423,3.90188036031526
303.610450213993,137.599122183263,3.78981746329621
532.118597139159,451.258562698841,3.44771212999973
49.1468815165163,422.924457317635,4.09290295887839
187.353431709181,291.764815374995,4.04818031074282
550.557812221863,260.89504673164,3.79363147515825
165.564389870341,32.1878035267571,4.39816435315612
494.656170029377,350.940910035232,4.53752075427373
37.2205419948558,58.0243052619868,4.05154325098826
537.749052646317,163.612000644875,5.00667062338633
NA,NA,NA
661.92417204194,336.201906477281,3.58742711089517
454.426600104474,297.242127998011,3.73921225172803
9.95678669354176,498.039563406603,3.59066273438363
563.224417548452,54.6830337733366,4.10065386071543
73.6986490336661,379.888363888421,3.94795699616375
223.149624254008,412.074488772325,4.02818208388589
427.299581100361,9.80393278220052,3.25071074228927
363.151587273972,292.811804341482,3.04432596136657
606.641907646497,106.921683536228,4.16346691962681
391.916828027269,226.253414049417,4.0836396976611
568.877764624906,413.669050869938,4.77360363982116
138.069307073942,283.34860262617,4.61174794632444
196.558871006323,362.749321438441,4.03916682368048
123.503286415021,413.924479979372,3.47842439012815
623.376371062445,315.292196756014,4.43855709852693
5.82184275231755,146.672361925523,4.13867785164361
542.272960981314,203.52970616048,4.24342075527337
34.1524960345447,492.675454251025,3.07281422544261
280.14916496602,20.5315679217679,3.72291731011255
534.945747353422,392.832355758994,3.57259255848414
73.5994883620788,82.6403410991983,5.17445295905109
1.6246594580476,77.2104738203356,3.47730251397949
587.869845516815,225.341918306146,3.95924300217323
433.791925371313,461.200061759003,4.72196229708151
660.175512463408,372.014815896324,3.06560162171883
105.303612794905,487.714486361004,4.39936586003145
629.142195328236,92.4632392475934,4.118178673501
419.236558767488,259.447626916436,3.65315125112554
11.49435014547,179.798085162312,3.20536621148755
66.2802368742324,121.12063379513,4.27788620072385
605.374309940233,212.700238274894,4.47871034733839
259.235688988246,212.107280586445,4.09520681464978
567.431162097221,439.480814562423,3.90188036031526
303.610450213993,137.599122183263,3.78981746329621
532.118597139159,451.258562698841,3.44771212999973
49.1468815165163,422.924457317635,4.09290295887839
187.353431709181,291.764815374995,4.04818031074282
550.557812221863,260.89504673164,3.79363147515825
165.564389870341,32.1878035267571,4.39816435315612
494.656170029377,350.940910035232,4.53752075427373
37.2205419948558,58.0243052619868,4.05154325098826
537.749052646317,163.612000644875,5.00667062338633
NA,NA,NA
661.92417204194,336.201906477281,3.58742711089517
454.426600104474,297.242127998011,3.73921225172803
9.95678669354176,498.039563406603,3.59066273438363
563.224417548452,54.6830337733366,4.10065386071543
73.6986490336661,379.888363888421,3.94795699616375
223.149624254008,412.074488772325,4.02818208388589
427.299581100361,9.80393278220052,3.25071074228927
363.151587273972,292.811804341482,3.04432596136657
606.641907646497,106.921683536228,4.16346691962681
391.916828027269,226.253414049417,4.0836396976611
568.877764624906,413.669050869938,4.77360363982116
138.069307073942,283.34860262617,4.61174794632444
196.558871006323,362.749321438441,4.03916682368048
123.503286415021,413.924479979372,3.47842439012815
623.376371062445,315.292196756014,4.43855709852693
5.82184275231755,146.672361925523,4.13867785164361
542.272960981314,203.52970616048,4.24342075527337
34.1524960345447,492.675454251025,3.07281422544261
280.14916496602,20.5315679217679,3.72291731011255
534.945747353422,392.832355758994,3.57259255848414
73.5994883620788,82.6403410991983,5.17445295905109
1.6246594580476,77.2104738203356,3.47730251397949
587.869845516815,225.341918306146,3.95924300217323
433.791925371313,461.200061759003,4.72196229708151
660.175512463408,372.014815896324,3.06560162171883
105.303612794905,487.714486361004,4.39936586003145
629.142195328236,92.4632392475934,4.118178673501
419.236558767488,259.447626916436,3.65315125112554
11.49435014547,179.798085162312,3.20536621148755
66.2802368742324,121.12063379513,4.27788620072385
605.374309940233,212.700238274894,4.47871034733839
259.235688988246,212.107280586445,4.09520681464978
567.431162097221,439.480814562423,3.90188036031526
303.610450213993,137.599122183263,3.78981746329621
532.118597139159,451.258562698841,3.44771212999973
49.1468815165163,422.924457317635,4.09290295887839
187.353431709181,291.764815374995,4.04818031074282
550.557812221863,260.89504673164,3.79363147515825
165.564389870341,32.1878035267571,4.39816435315612
494.656170029377,350.940910035232,4.53752075427373
37.2205419948558,58.0243052619868,4.05154325098826
537.749052646317,163.612000644875,5.00667062338633
NA,NA,NA
658.978425702987,330.706357435226,3.34499069156376
458.565222242797,303.361927964207,3.51839553939322
9.62367548114829,495.195724337558,3.48851472034596
560.837727099755,46.4025892642309,4.18523268610419
72.3247884831997,380.275771644371,4.02467871351103
226.620027227261,414.58175482189,3.85834754604336
429.48285773312,12.5950495305747,3.19760225900018
361.445517287248,292.192430063588,3.03016373179164
600.569918899506,99.8504274929881,4.25824931441228
395.442982022126,228.319814783416,4.17630139907095
570.293955702323,405.558175463907,4.72289908814526
145.821803516216,287.106485302958,4.65147498398612
202.000774928359,369.064686822791,4.0430095304866
124.615845126781,410.406150204616,3.5205063857734
630.415606553037,316.35209312488,4.50200464474525
-0.210435146409687,150.185309540173,4.18882329320063
543.597230156285,209.122973188338,4.22475664375466
32.9565958563581,491.756435366235,3.09910087031631
274.081842472608,20.5815438876064,3.91188806980416
531.356743173457,392.451147442603,3.31270387390651
71.2499035161155,80.1072872599447,5.23736787261528
8.2035414456655,75.7630182865887,3.47286644646025
587.723153292929,229.155176708518,4.08164245707319
443.245978967817,458.40901771581,4.89034574233185
659.474414675441,373.634452878626,3.25244310673104
106.097450470446,484.657966967218,4.32121094150756
622.719190646701,86.3065562497591,4.07250717637115
422.152733461367,260.550630750766,3.61184777529882
12.4887622790307,182.138931715061,3.15567535773877
77.7540185713345,119.958146605165,4.41132265971344
604.238464649676,187.045318371578,4.04078336057113
256.889653185577,221.124045767652,3.87747391588025
564.690646516136,437.722068331432,3.69815976462731
297.603739824492,135.112683871078,3.88269537627663
531.382654504683,463.354433464328,3.69704470909322
42.9646800649719,431.182965660913,4.01306393481168
185.161890027178,290.22712797261,4.17786703241013
553.265368511934,257.912880146834,3.7661297512355
172.980452865515,15.8333622340023,4.49182044924544
503.339793078052,343.533955241497,4.40915337362085
37.3407744422564,55.7417557514847,4.04901475150703
520.524569855122,151.226028026772,4.43925142105563
NA,NA,NA
658.978425702987,330.706357435226,3.34499069156376
458.565222242797,303.361927964207,3.51839553939322
9.62367548114829,495.195724337558,3.48851472034596
560.837727099755,46.4025892642309,4.18523268610419
72.3247884831997,380.275771644371,4.02467871351103
226.620027227261,414.58175482189,3.85834754604336
429.48285773312,12.5950495305747,3.19760225900018
361.445517287248,292.192430063588,3.03016373179164
600.569918899506,99.8504274929881,4.25824931441228
395.442982022126,228.319814783416,4.17630139907095
570.293955702323,405.558175463907,4.72289908814526
145.821803516216,287.106485302958,4.65147498398612
202.000774928359,369.064686822791,4.0430095304866
124.615845126781,410.406150204616,3.5205063857734
630.415606553037,316.35209312488,4.50200464474525
-0.210435146409687,150.185309540173,4.18882329320063
543.597230156285,209.122973188338,4.22475664375466
32.9565958563581,491.756435366235,3.09910087031631
274.081842472608,20.5815438876064,3.91188806980416
531.356743173457,392.451147442603,3.31270387390651
71.2499035161155,80.1072872599447,5.23736787261528
8.2035414456655,75.7630182865887,3.47286644646025
587.723153292929,229.155176708518,4.08164245707319
443.245978967817,458.40901771581,4.89034574233185
659.474414675441,373.634452878626,3.25244310673104
106.097450470446,484.657966967218,4.32121094150756
622.719190646701,86.3065562497591,4.07250717637115
422.152733461367,260.550630750766,3.61184777529882
12.4887622790307,182.138931715061,3.15567535773877
77.7540185713345,119.958146605165,4.41132265971344
604.238464649676,187.045318371578,4.04078336057113
256.889653185577,221.124045767652,3.87747391588025
564.690646516136,437.722068331432,3.69815976462731
297.603739824492,135.112683871078,3.88269537627663
531.382654504683,463.354433464328,3.69704470909322
42.9646800649719,431.182965660913,4.01306393481168
185.161890027178,290.22712797261,4.17786703241013
553.265368511934,257.912880146834,3.7661297512355
172.980452865515,15.8333622340023,4.49182044924544
503.339793078052,343.533955241497,4.40915337362085
37.3407744422564,55.7417557514847,4.04901475150703
520.524569855122,151.226028026772,4.43925142105563
NA,NA,NA
658.978425702987,330.706357435226,3.34499069156376
458.565222242797,303.361927964207,3.51839553939322
9.62367548114829,495.195724337558,3.48851472034596
560.837727099755,46.4025892642309,4.18523268610419
72.3247884831997,380.275771644371,4.02467871351103
226.620027227261,414.58175482189,3.85834754604336
429.48285773312,12.5950495305747,3.19760225900018
361.445517287248,292.192430063588,3.03016373179164
600.569918899506,99.8504274929881,4.25824931441228
395.442982022126,228.319814783416,4.17630139907095
570.293955702323,405.558175463907,4.72289908814526
145.821803516216,287.106485302958,4.65147498398612
202.000774928359,369.064686822791,4.0430095304866
124.615845126781,410.406150204616,3.5205063857734
630.415606553037,316.35209312488,4.50200464474525
-0.210435146409687,150.185309540173,4.18882329320063
543.597230156285,209.122973188338,4.22475664375466
32.9565958563581,491.756435366235,3.09910087031631
274.081842472608,20.5815438876064,3.91188806980416
531.356743173457,392.451147442603,3.31270387390651
71.2499035161155,80.1072872599447,5.23736787261528
8.2035414456655,75.7630182865887,3.47286644646025
587.723153292929,229.155176708518,4.08164245707319
443.245978967817,458.40901771581,4.89034574233185
659.474414675441,373.634452878626,3.25244310673104
106.097450470446,484.657966967218,4.32121094150756
622.719190646701,86.3065562497591,4.07250717637115
422.152733461367,260.550630750766,3.61184777529882
12.4887622790307,182.138931715061,3.15567535773877
77.7540185713345,119.958146605165,4.41132265971344
604.238464649676,187.045318371578,4.04078336057113
256.889653185577,221.124045767652,3.87747391588025
564.690646516136,437.722068331432,3.69815976462731
297.603739824492,135.112683871078,3.88269537627663
531.382654504683,463.354433464328,3.69704470909322
42.9646800649719,431.182965660913,4.01306393481168
185.161890027178,290.22712797261,4.17786703241013
553.265368511934,257.912880146834,3.7661297512355
172.980452865515,15.8333622340023,4.49182044924544
503.339793078052,343.533955241497,4.40915337362085
37.3407744422564,55.7417557514847,4.04901475150703
520.524569855122,151.226028026772,4.43925142105563
NA,NA,NA
658.978425702987,330.706357435226,3.34499069156376
458.565222242797,303.361927964207,3.51839553939322
9.62367548114829,495.195724337558,3.48851472034596
560.837727099755,46.4025892642309,4.18523268610419
72.3247884831997,380.275771644371,4.02467871351103
226.620027227261,414.58175482189,3.85834754604336
429.48285773312,12.5950495305747,3.19760225900018
361.445517287248,292.192430063588,3.03016373179164
600.569918899506,99.8504274929881,4.25824931441228
395.442982022126,228.319814783416,4.17630139907095
570.293955702323,405.558175463907,4.72289908814526
145.821803516216,287.106485302958,4.65147498398612
202.000774928359,369.064686822791,4.0430095304866
124.615845126781,410.406150204616,3.5205063857734
630.415606553037,316.35209312488,4.50200464474525
-0.210435146409687,150.185309540173,4.18882329320063
543.597230156285,209.122973188338,4.22475664375466
32.9565958563581,491.756435366235,3.09910087031631
274.081842472608,20.5815438876064,3.91188806980416
531.356743173457,392.451147442603,3.31270387390651
71.2499035161155,80.1072872599447,5.23736787261528
8.2035414456655,75.7630182865887,3.47286644646025
587.723153292929,229.155176708518,4.08164245707319
443.245978967817,458.40901771581,4.89034574233185
659.474414675441,373.634452878626,3.25244310673104
106.097450470446,484.657966967218,4.32121094150756
622.719190646701,86.3065562497591,4.07250717637115
422.152733461367,260.550630750766,3.61184777529882
12.4887622790307,182.138931715061,3.15567535773877
77.7540185713345,119.958146605165,4.41132265971344
604.238464649676,187.045318371578,4.04078336057113
256.889653185577,221.124045767652,3.87747391588025
564.690646516136,437.722068331432,3.69815976462731
297.603739824492,135.112683871078,3.88269537627663
531.382654504683,463.354433464328,3.69704470909322
42.9646800649719,431.182965660913,4.01306393481168
185.161890027178,290.22712797261,4.17786703241013
553.265368511934,257.912880146834,3.7661297512355
172.980452865515,15.8333622340023,4.49182044924544
503.339793078052,343.533955241497,4.40915337362085
37.3407744422564,55.7417557514847,4.04901475150703
520.524569855122,151.226028026772,4.43925142105563
NA,NA,NA
658.978425702987,330.706357435226,3.34499069156376
458.565222242797,303.361927964207,3.51839553939322
9.62367548114829,495.195724337558,3.48851472034596
560.837727099755,46.4025892642309,4.18523268610419
72.3247884831997,380.275771644371,4.02467871351103
226.620027227261,414.58175482189,3.85834754604336
429.48285773312,12.5950495305747,3.19760225900018
361.445517287248,292.192430063588,3.03016373179164
600.569918899506,99.8504274929881,4.25824931441228
395.442982022126,228.319814783416,4.17630139907095
570.293955702323,405.558175463907,4.72289908814526
145.821803516216,287.106485302958,4.65147498398612
202.000774928359,369.064686822791,4.0430095304866
124.615845126781,410.406150204616,3.5205063857734
630.415606553037,316.35209312488,4.50200464474525
-0.210435146409687,150.185309540173,4.18882329320063
543.597230156285,209.122973188338,4.22475664375466
32.9565958563581,491.756435366235,3.09910087031631
274.081842472608,20.5815438876064,3.91188806980416
531.356743173457,392.451147442603,3.31270387390651
71.2499035161155,80.1072872599447,5.23736787261528
8.2035414456655,75.7630182865887,3.47286644646025
587.723153292929,229.155176708518,4.08164245707319
443.245978967817,458.40901771581,4.89034574233185
659.474414675441,373.634452878626,3.25244310673104
106.097450470446,484.657966967218,4.32121094150756
622.719190646701,86.3065562497591,4.07250717637115
422.152733461367,260.550630750766,3.61184777529882
12.4887622790307,182.138931715061,3.15567535773877
77.7540185713345,119.958146605165,4.41132265971344
604.238464649676,187.045318371578,4.04078336057113
256.889653185577,221.124045767652,3.87747391588025
564.690646516136,437.722068331432,3.69815976462731
297.603739824492,135.112683871078,3.88269537627663
531.382654504683,463.354433464328,3.69704470909322
42.9646800649719,431.182965660913,4.01306393481168
185.161890027178,290.22712797261,4.17786703241013
553.265368511934,257.912880146834,3.7661297512355
172.980452865515,15.8333622340023,4.49182044924544
503.339793078052,343.533955241497,4.40915337362085
37.3407744422564,55.7417557514847,4.04901475150703
520.524569855122,151.226028026772,4.43925142105563
NA,NA,NA
658.978425702987,330.706357435226,3.34499069156376
458.565222242797,303.361927964207,3.51839553939322
9.62367548114829,495.195724337558,3.48851472034596
560.837727099755,46.4025892642309,4.18523268610419
72.3247884831997,380.275771644371,4.02467871351103
226.620027227261,414.58175482189,3.85834754604336
429.48285773312,12.5950495305747,3.19760225900018
361.445517287248,292.192430063588,3.03016373179164
600.569918899506,99.8504274929881,4.25824931441228
395.442982022126,228.319814783416,4.17630139907095
570.293955702323,405.558175463907,4.72289908814526
145.821803516216,287.106485302958,4.65147498398612
202.000774928359,369.064686822791,4.0430095304866
124.615845126781,410.406150204616,3.5205063857734
630.415606553037,316.35209312488,4.50200464474525
-0.210435146409687,150.185309540173,4.18882329320063
543.597230156285,209.122973188338,4.22475664375466
32.9565958563581,491.756435366235,3.09910087031631
274.081842472608,20.5815438876064,3.91188806980416
531.356743173457,392.451147442603,3.31270387390651
71.2499035161155,80.1072872599447,5.23736787261528
8.2035414456655,75.7630182865887,3.47286644646025
587.723153292929,229.155176708518,4.08164245707319
443.245978967817,458.40901771581,4.89034574233185
659.474414675441,373.634452878626,3.25244310673104
106.097450470446,484.657966967218,4.32121094150756
622.719190646701,86.3065562497591,4.07250717637115
422.152733461367,260.550630750766,3.61184777529882
12.4887622790307,182.138931715061,3.15567535773877
77.7540185713345,119.958146605165,4.41132265971344
604.238464649676,187.045318371578,4.04078336057113
256.889653185577,221.124045767652,3.87747391588025
564.690646516136,437.722068331432,3.69815976462731
297.603739824492,135.112683871078,3.88269537627663
531.382654504683,463.354433464328,3.69704470909322
42.9646800649719,431.182965660913,4.01306393481168
185.161890027178,290.22712797261,4.17786703241013
553.265368511934,257.912880146834,3.7661297512355
172.980452865515,15.8333622340023,4.49182044924544
503.339793078052,343.533955241497,4.40915337362085
37.3407744422564,55.7417557514847,4.04901475150703
520.524569855122,151.226028026772,4.43925142105563
NA,NA,NA
663.833032479181,328.278711571026,3.46860020624133
456.069109324494,298.885617108762,3.71880718971209
11.3153862998733,499.593250079018,3.55216900855673
564.955760720582,50.3999015603037,4.16453151405092
70.8941349738721,377.999874826736,3.98324743986305
233.239205127482,415.55366907472,3.9957559207914
428.282780959097,16.0298484370874,3.22560503381495
362.458480328169,293.451174377289,3.04422743134749
606.638446038887,99.689377941637,4.13982666250105
392.013681704463,236.408838110171,4.19339696344571
566.461693222067,404.153181432316,4.71687610431211
142.532167383861,287.355163443236,4.47832847200213
203.034487549003,367.973550504235,3.95701333098666
122.34412884757,411.161469636757,3.41755293833517
627.081124673705,307.425025952887,4.42156510222782
0.949142697255273,148.126466491975,4.27043250888011
544.454936314241,204.03098644015,4.2788295732384
33.8459191194505,492.219783939274,2.8613731143721
281.275699039579,22.2395122312276,3.91788456872476
533.508171526821,394.913040852522,3.31676904474594
68.9501107137065,79.3628288422603,5.21160413058572
5.25191888190847,76.1503879458138,3.38859717503456
586.938803154558,226.438751231403,4.03514359587068
439.897392346103,462.465617641469,4.71086585594401
657.398900293818,374.398710363714,2.99479600792674
101.738989799291,487.147434032017,4.30830210421826
624.353747250213,89.3318667443848,4.10601921313407
420.333814593202,262.240213345322,3.61339753316354
11.2923909875047,181.244157233734,3.08122119996206
57.5966322744551,120.842067960066,4.53183772346716
603.770210816011,190.836756985676,4.44641562262913
257.965169345452,222.359005290543,3.68333182109386
575.577568197818,441.910614871718,3.76334721902189
294.212585003589,136.92873561453,3.87560421636598
524.116264166145,451.149066264495,3.36699991406522
40.4904863323149,411.963473202187,4.11006941008403
197.814976884281,287.276484700083,3.83114538261043
553.262074401245,267.006992148487,3.52203986027016
171.212906047569,47.3080997708701,4.21152247342079
488.278607329851,348.667608351815,4.50792612856798
41.9711988893074,59.4762845533087,3.75090180179896
556.011513872181,129.780493063784,4.9257367886647
NA,NA,NA
663.833032479181,328.278711571026,3.46860020624133
456.069109324494,298.885617108762,3.71880718971209
11.3153862998733,499.593250079018,3.55216900855673
564.955760720582,50.3999015603037,4.16453151405092
70.8941349738721,377.999874826736,3.98324743986305
233.239205127482,415.55366907472,3.9957559207914
428.282780959097,16.0298484370874,3.22560503381495
362.458480328169,293.451174377289,3.04422743134749
606.638446038887,99.689377941637,4.13982666250105
392.013681704463,236.408838110171,4.19339696344571
566.461693222067,404.153181432316,4.71687610431211
142.532167383861,287.355163443236,4.47832847200213
203.034487549003,367.973550504235,3.95701333098666
122.34412884757,411.161469636757,3.41755293833517
627.081124673705,307.425025952887,4.42156510222782
0.949142697255273,148.126466491975,4.27043250888011
544.454936314241,204.03098644015,4.2788295732384
33.8459191194505,492.219783939274,2.8613731143721
281.275699039579,22.2395122312276,3.91788456872476
533.508171526821,394.913040852522,3.31676904474594
68.9501107137065,79.3628288422603,5.21160413058572
5.25191888190847,76.1503879458138,3.38859717503456
586.938803154558,226.438751231403,4.03514359587068
439.897392346103,462.465617641469,4.71086585594401
657.398900293818,374.398710363714,2.99479600792674
101.738989799291,487.147434032017,4.30830210421826
624.353747250213,89.3318667443848,4.10601921313407
420.333814593202,262.240213345322,3.61339753316354
11.2923909875047,181.244157233734,3.08122119996206
57.5966322744551,120.842067960066,4.53183772346716
603.770210816011,190.836756985676,4.44641562262913
257.965169345452,222.359005290543,3.68333182109386
575.577568197818,441.910614871718,3.76334721902189
294.212585003589,136.92873561453,3.87560421636598
524.116264166145,451.149066264495,3.36699991406522
40.4904863323149,411.963473202187,4.11006941008403
197.814976884281,287.276484700083,3.83114538261043
553.262074401245,267.006992148487,3.52203986027016
171.212906047569,47.3080997708701,4.21152247342079
488.278607329851,348.667608351815,4.50792612856798
41.9711988893074,59.4762845533087,3.75090180179896
556.011513872181,129.780493063784,4.9257367886647
NA,NA,NA
663.833032479181,328.278711571026,3.46860020624133
456.069109324494,298.885617108762,3.71880718971209
11.3153862998733,499.593250079018,3.55216900855673
564.955760720582,50.3999015603037,4.16453151405092
70.8941349738721,377.999874826736,3.98324743986305
233.239205127482,415.55366907472,3.9957559207914
428.282780959097,16.0298484370874,3.22560503381495
362.458480328169,293.451174377289,3.04422743134749
606.638446038887,99.689377941637,4.13982666250105
392.013681704463,236.408838110171,4.19339696344571
566.461693222067,404.153181432316,4.71687610431211
142.532167383861,287.355163443236,4.47832847200213
203.034487549003,367.973550504235,3.95701333098666
122.34412884757,411.161469636757,3.41755293833517
627.081124673705,307.425025952887,4.42156510222782
0.949142697255273,148.126466491975,4.27043250888011
544.454936314241,204.03098644015,4.2788295732384
33.8459191194505,492.219783939274,2.8613731143721
281.275699039579,22.2395122312276,3.91788456872476
533.508171526821,394.913040852522,3.31676904474594
68.9501107137065,79.3628288422603,5.21160413058572
5.25191888190847,76.1503879458138,3.38859717503456
586.938803154558,226.438751231403,4.03514359587068
439.897392346103,462.465617641469,4.71086585594401
657.398900293818,374.398710363714,2.99479600792674
101.738989799291,487.147434032017,4.30830210421826
624.353747250213,89.3318667443848,4.10601921313407
420.333814593202,262.240213345322,3.61339753316354
11.2923909875047,181.244157233734,3.08122119996206
57.5966322744551,120.842067960066,4.53183772346716
603.770210816011,190.836756985676,4.44641562262913
257.965169345452,222.359005290543,3.68333182109386
575.577568197818,441.910614871718,3.76334721902189
294.212585003589,136.92873561453,3.87560421636598
524.116264166145,451.149066264495,3.36699991406522
40.4904863323149,411.963473202187,4.11006941008403
197.814976884281,287.276484700083,3.83114538261043
553.262074401245,267.006992148487,3.52203986027016
171.212906047569,47.3080997708701,4.21152247342079
488.278607329851,348.667608351815,4.50792612856798
41.9711988893074,59.4762845533087,3.75090180179896
556.011513872181,129.780493063784,4.9257367886647
NA,NA,NA
663.833032479181,328.278711571026,3.46860020624133
456.069109324494,298.885617108762,3.71880718971209
11.3153862998733,499.593250079018,3.55216900855673
564.955760720582,50.3999015603037,4.16453151405092
70.8941349738721,377.999874826736,3.98324743986305
233.239205127482,415.55366907472,3.9957559207914
428.282780959097,16.0298484370874,3.22560503381495
362.458480328169,293.451174377289,3.04422743134749
606.638446038887,99.689377941637,4.13982666250105
392.013681704463,236.408838110171,4.19339696344571
566.461693222067,404.153181432316,4.71687610431211
142.532167383861,287.355163443236,4.47832847200213
203.034487549003,367.973550504235,3.95701333098666
122.34412884757,411.161469636757,3.41755293833517
627.081124673705,307.425025952887,4.42156510222782
0.949142697255273,148.126466491975,4.27043250888011
544.454936314241,204.03098644015,4.2788295732384
33.8459191194505,492.219783939274,2.8613731143721
281.275699039579,22.2395122312276,3.91788456872476
533.508171526821,394.913040852522,3.31676904474594
68.9501107137065,79.3628288422603,5.21160413058572
5.25191888190847,76.1503879458138,3.38859717503456
586.938803154558,226.438751231403,4.03514359587068
439.897392346103,462.465617641469,4.71086585594401
657.398900293818,374.398710363714,2.99479600792674
101.738989799291,487.147434032017,4.30830210421826
624.353747250213,89.3318667443848,4.10601921313407
420.333814593202,262.240213345322,3.61339753316354
11.2923909875047,181.244157233734,3.08122119996206
57.5966322744551,120.842067960066,4.53183772346716
603.770210816011,190.836756985676,4.44641562262913
257.965169345452,222.359005290543,3.68333182109386
575.577568197818,441.910614871718,3.76334721902189
294.212585003589,136.92873561453,3.87560421636598
524.116264166145,451.149066264495,3.36699991406522
40.4904863323149,411.963473202187,4.11006941008403
197.814976884281,287.276484700083,3.83114538261043
553.262074401245,267.006992148487,3.52203986027016
171.212906047569,47.3080997708701,4.21152247342079
488.278607329851,348.667608351815,4.50792612856798
41.9711988893074,59.4762845533087,3.75090180179896
556.011513872181,129.780493063784,4.9257367886647
NA,NA,NA
663.833032479181,328.278711571026,3.46860020624133
456.069109324494,298.885617108762,3.71880718971209
11.3153862998733,499.593250079018,3.55216900855673
564.955760720582,50.3999015603037,4.16453151405092
70.8941349738721,377.999874826736,3.98324743986305
233.239205127482,415.55366907472,3.9957559207914
428.282780959097,16.0298484370874,3.22560503381495
362.458480328169,293.451174377289,3.04422743134749
606.638446038887,99.689377941637,4.13982666250105
392.013681704463,236.408838110171,4.19339696344571
566.461693222067,404.153181432316,4.71687610431211
142.532167383861,287.355163443236,4.47832847200213
203.034487549003,367.973550504235,3.95701333098666
122.34412884757,411.161469636757,3.41755293833517
627.081124673705,307.425025952887,4.42156510222782
0.949142697255273,148.126466491975,4.27043250888011
544.454936314241,204.03098644015,4.2788295732384
33.8459191194505,492.219783939274,2.8613731143721
281.275699039579,22.2395122312276,3.91788456872476
533.508171526821,394.913040852522,3.31676904474594
68.9501107137065,79.3628288422603,5.21160413058572
5.25191888190847,76.1503879458138,3.38859717503456
586.938803154558,226.438751231403,4.03514359587068
439.897392346103,462.465617641469,4.71086585594401
657.398900293818,374.398710363714,2.99479600792674
101.738989799291,487.147434032017,4.30830210421826
624.353747250213,89.3318667443848,4.10601921313407
420.333814593202,262.240213345322,3.61339753316354
11.2923909875047,181.244157233734,3.08122119996206
57.5966322744551,120.842067960066,4.53183772346716
603.770210816011,190.836756985676,4.44641562262913
257.965169345452,222.359005290543,3.68333182109386
575.577568197818,441.910614871718,3.76334721902189
294.212585003589,136.92873561453,3.87560421636598
524.116264166145,451.149066264495,3.36699991406522
40.4904863323149,411.963473202187,4.11006941008403
197.814976884281,287.276484700083,3.83114538261043
553.262074401245,267.006992148487,3.52203986027016
171.212906047569,47.3080997708701,4.21152247342079
488.278607329851,348.667608351815,4.50792612856798
41.9711988893074,59.4762845533087,3.75090180179896
556.011513872181,129.780493063784,4.9257367886647
NA,NA,NA
663.833032479181,328.278711571026,3.46860020624133
456.069109324494,298.885617108762,3.71880718971209
11.3153862998733,499.593250079018,3.55216900855673
564.955760720582,50.3999015603037,4.16453151405092
70.8941349738721,377.999874826736,3.98324743986305
233.239205127482,415.55366907472,3.9957559207914
428.282780959097,16.0298484370874,3.22560503381495
362.458480328169,293.451174377289,3.04422743134749
606.638446038887,99.689377941637,4.13982666250105
392.013681704463,236.408838110171,4.19339696344571
566.461693222067,404.153181432316,4.71687610431211
142.532167383861,287.355163443236,4.47832847200213
203.034487549003,367.973550504235,3.95701333098666
122.34412884757,411.161469636757,3.41755293833517
627.081124673705,307.425025952887,4.42156510222782
0.949142697255273,148.126466491975,4.27043250888011
544.454936314241,204.03098644015,4.2788295732384
33.8459191194505,492.219783939274,2.8613731143721
281.275699039579,22.2395122312276,3.91788456872476
533.508171526821,394.913040852522,3.31676904474594
68.9501107137065,79.3628288422603,5.21160413058572
5.25191888190847,76.1503879458138,3.38859717503456
586.938803154558,226.438751231403,4.03514359587068
439.897392346103,462.465617641469,4.71086585594401
657.398900293818,374.398710363714,2.99479600792674
101.738989799291,487.147434032017,4.30830210421826
624.353747250213,89.3318667443848,4.10601921313407
420.333814593202,262.240213345322,3.61339753316354
11.2923909875047,181.244157233734,3.08122119996206
57.5966322744551,120.842067960066,4.53183772346716
603.770210816011,190.836756985676,4.44641562262913
257.965169345452,222.359005290543,3.68333182109386
575.577568197818,441.910614871718,3.76334721902189
294.212585003589,136.92873561453,3.87560421636598
524.116264166145,451.149066264495,3.36699991406522
40.4904863323149,411.963473202187,4.11006941008403
197.814976884281,287.276484700083,3.83114538261043
553.262074401245,267.006992148487,3.52203986027016
171.212906047569,47.3080997708701,4.21152247342079
488.278607329851,348.667608351815,4.50792612856798
41.9711988893074,59.4762845533087,3.75090180179896
556.011513872181,129.780493063784,4.9257367886647
NA,NA,NA
661.868775467756,330.720608051669,3.43238356680947
453.552137284889,295.612384341866,3.61211686692093
10.2960609639888,497.372803932245,3.60868044611479
560.486016926252,44.9865464913265,4.23405104106273
72.142576088538,374.34166973572,3.98151427312966
222.643566177209,413.407589797062,3.75286876388367
430.340555011091,15.2713264857797,3.33770832070071
360.297201668984,295.564495046445,3.03637237700167
604.69929237309,107.308996732652,4.18252365606863
390.667675878802,228.382184001687,4.2736746029257
569.823209821345,401.776526889055,4.73643242396869
136.399726233132,283.036758563694,4.62734556215182
198.000060819077,367.746025955543,3.98628965479387
123.148539588674,408.679823999344,3.46045038789716
627.38045087617,318.47886717464,4.45842746622307
-0.0870741438537972,148.026356654387,4.31390072242842
540.590921736301,207.08872325903,4.30277541582709
33.6089463186833,490.95195195517,2.9488290609238
277.559606475011,29.8332414988041,3.89242473114277
533.372985558099,393.004253436498,3.45278616998902
70.3930989882402,88.8531757076835,5.27154234453037
5.64969702828781,70.9716639159063,3.35890556496297
586.099323093317,225.426832543515,3.99359671950661
439.662353013478,461.119175513581,4.84971649091619
659.492596557029,375.474055051903,3.03841310258258
107.626547254286,492.133578223776,4.34311573051914
617.377073929542,93.8221931976195,4.09214209474319
420.398142236516,257.443260808758,3.65667675718883
12.604874297953,180.709431125251,3.15821987856949
78.8832100517729,108.334895971607,4.58796072773931
598.669748287633,203.688603780477,4.40990676869513
263.398643506617,224.699301742179,3.78282179583384
581.482168677328,434.605972515616,3.94394845109816
306.620209208893,135.789211251953,3.78512222319888
532.607889234892,459.481006024009,3.38775222598136
47.83076287213,414.155905838204,3.6363463645392
197.447340794282,284.848387798895,4.27436041787267
550.379108909419,268.264470096652,3.55882351994679
188.948149220919,15.6033676344288,4.09418077756865
504.832890789369,350.840430825252,4.43220652918367
40.0579042833586,46.8193148260567,4.12026547252406
541.470430323018,148.175543712745,4.47600691721549
NA,NA,NA
661.868775467756,330.720608051669,3.43238356680947
453.552137284889,295.612384341866,3.61211686692093
10.2960609639888,497.372803932245,3.60868044611479
560.486016926252,44.9865464913265,4.23405104106273
72.142576088538,374.34166973572,3.98151427312966
222.643566177209,413.407589797062,3.75286876388367
430.340555011091,15.2713264857797,3.33770832070071
360.297201668984,295.564495046445,3.03637237700167
604.69929237309,107.308996732652,4.18252365606863
390.667675878802,228.382184001687,4.2736746029257
569.823209821345,401.776526889055,4.73643242396869
136.399726233132,283.036758563694,4.62734556215182
198.000060819077,367.746025955543,3.98628965479387
123.148539588674,408.679823999344,3.46045038789716
627.38045087617,318.47886717464,4.45842746622307
-0.0870741438537972,148.026356654387,4.31390072242842
540.590921736301,207.08872325903,4.30277541582709
33.6089463186833,490.95195195517,2.9488290609238
277.559606475011,29.8332414988041,3.89242473114277
533.372985558099,393.004253436498,3.45278616998902
70.3930989882402,88.8531757076835,5.27154234453037
5.64969702828781,70.9716639159063,3.35890556496297
586.099323093317,225.426832543515,3.99359671950661
439.662353013478,461.119175513581,4.84971649091619
659.492596557029,375.474055051903,3.03841310258258
107.626547254286,492.133578223776,4.34311573051914
617.377073929542,93.8221931976195,4.09214209474319
420.398142236516,257.443260808758,3.65667675718883
12.604874297953,180.709431125251,3.15821987856949
78.8832100517729,108.334895971607,4.58796072773931
598.669748287633,203.688603780477,4.40990676869513
263.398643506617,224.699301742179,3.78282179583384
581.482168677328,434.605972515616,3.94394845109816
306.620209208893,135.789211251953,3.78512222319888
532.607889234892,459.481006024009,3.38775222598136
47.83076287213,414.155905838204,3.6363463645392
197.447340794282,284.848387798895,4.27436041787267
550.379108909419,268.264470096652,3.55882351994679
188.948149220919,15.6033676344288,4.09418077756865
504.832890789369,350.840430825252,4.43220652918367
40.0579042833586,46.8193148260567,4.12026547252406
541.470430323018,148.175543712745,4.47600691721549
NA,NA,NA
661.868775467756,330.720608051669,3.43238356680947
453.552137284889,295.612384341866,3.61211686692093
10.2960609639888,497.372803932245,3.60868044611479
560.486016926252,44.9865464913265,4.23405104106273
72.142576088538,374.34166973572,3.98151427312966
222.643566177209,413.407589797062,3.75286876388367
430.340555011091,15.2713264857797,3.33770832070071
360.297201668984,295.564495046445,3.03637237700167
604.69929237309,107.308996732652,4.18252365606863
390.667675878802,228.382184001687,4.2736746029257
569.823209821345,401.776526889055,4.73643242396869
136.399726233132,283.036758563694,4.62734556215182
198.000060819077,367.746025955543,3.98628965479387
123.148539588674,408.679823999344,3.46045038789716
627.38045087617,318.47886717464,4.45842746622307
-0.0870741438537972,148.026356654387,4.31390072242842
540.590921736301,207.08872325903,4.30277541582709
33.6089463186833,490.95195195517,2.9488290609238
277.559606475011,29.8332414988041,3.89242473114277
533.372985558099,393.004253436498,3.45278616998902
70.3930989882402,88.8531757076835,5.27154234453037
5.64969702828781,70.9716639159063,3.35890556496297
586.099323093317,225.426832543515,3.99359671950661
439.662353013478,461.119175513581,4.84971649091619
659.492596557029,375.474055051903,3.03841310258258
107.626547254286,492.133578223776,4.34311573051914
617.377073929542,93.8221931976195,4.09214209474319
420.398142236516,257.443260808758,3.65667675718883
12.604874297953,180.709431125251,3.15821987856949
78.8832100517729,108.334895971607,4.58796072773931
598.669748287633,203.688603780477,4.40990676869513
263.398643506617,224.699301742179,3.78282179583384
581.482168677328,434.605972515616,3.94394845109816
306.620209208893,135.789211251953,3.78512222319888
532.607889234892,459.481006024009,3.38775222598136
47.83076287213,414.155905838204,3.6363463645392
197.447340794282,284.848387798895,4.27436041787267
550.379108909419,268.264470096652,3.55882351994679
188.948149220919,15.6033676344288,4.09418077756865
504.832890789369,350.840430825252,4.43220652918367
40.0579042833586,46.8193148260567,4.12026547252406
541.470430323018,148.175543712745,4.47600691721549
NA,NA,NA
661.868775467756,330.720608051669,3.43238356680947
453.552137284889,295.612384341866,3.61211686692093
10.2960609639888,497.372803932245,3.60868044611479
560.486016926252,44.9865464913265,4.23405104106273
72.142576088538,374.34166973572,3.98151427312966
222.643566177209,413.407589797062,3.75286876388367
430.340555011091,15.2713264857797,3.33770832070071
360.297201668984,295.564495046445,3.03637237700167
604.69929237309,107.308996732652,4.18252365606863
390.667675878802,228.382184001687,4.2736746029257
569.823209821345,401.776526889055,4.73643242396869
136.399726233132,283.036758563694,4.62734556215182
198.000060819077,367.746025955543,3.98628965479387
123.148539588674,408.679823999344,3.46045038789716
627.38045087617,318.47886717464,4.45842746622307
-0.0870741438537972,148.026356654387,4.31390072242842
540.590921736301,207.08872325903,4.30277541582709
33.6089463186833,490.95195195517,2.9488290609238
277.559606475011,29.8332414988041,3.89242473114277
533.372985558099,393.004253436498,3.45278616998902
70.3930989882402,88.8531757076835,5.27154234453037
5.64969702828781,70.9716639159063,3.35890556496297
586.099323093317,225.426832543515,3.99359671950661
439.662353013478,461.119175513581,4.84971649091619
659.492596557029,375.474055051903,3.03841310258258
107.626547254286,492.133578223776,4.34311573051914
617.377073929542,93.8221931976195,4.09214209474319
420.398142236516,257.443260808758,3.65667675718883
12.604874297953,180.709431125251,3.15821987856949
78.8832100517729,108.334895971607,4.58796072773931
598.669748287633,203.688603780477,4.40990676869513
263.398643506617,224.699301742179,3.78282179583384
581.482168677328,434.605972515616,3.94394845109816
306.620209208893,135.789211251953,3.78512222319888
532.607889234892,459.481006024009,3.38775222598136
47.83076287213,414.155905838204,3.6363463645392
197.447340794282,284.848387798895,4.27436041787267
550.379108909419,268.264470096652,3.55882351994679
188.948149220919,15.6033676344288,4.09418077756865
504.832890789369,350.840430825252,4.43220652918367
40.0579042833586,46.8193148260567,4.12026547252406
541.470430323018,148.175543712745,4.47600691721549
NA,NA,NA
661.868775467756,330.720608051669,3.43238356680947
453.552137284889,295.612384341866,3.61211686692093
10.2960609639888,497.372803932245,3.60868044611479
560.486016926252,44.9865464913265,4.23405104106273
72.142576088538,374.34166973572,3.98151427312966
222.643566177209,413.407589797062,3.75286876388367
430.340555011091,15.2713264857797,3.33770832070071
360.297201668984,295.564495046445,3.03637237700167
604.69929237309,107.308996732652,4.18252365606863
390.667675878802,228.382184001687,4.2736746029257
569.823209821345,401.776526889055,4.73643242396869
136.399726233132,283.036758563694,4.62734556215182
198.000060819077,367.746025955543,3.98628965479387
123.148539588674,408.679823999344,3.46045038789716
627.38045087617,318.47886717464,4.45842746622307
-0.0870741438537972,148.026356654387,4.31390072242842
540.590921736301,207.08872325903,4.30277541582709
33.6089463186833,490.95195195517,2.9488290609238
277.559606475011,29.8332414988041,3.89242473114277
533.372985558099,393.004253436498,3.45278616998902
70.3930989882402,88.8531757076835,5.27154234453037
5.64969702828781,70.9716639159063,3.35890556496297
586.099323093317,225.426832543515,3.99359671950661
439.662353013478,461.119175513581,4.84971649091619
659.492596557029,375.474055051903,3.03841310258258
107.626547254286,492.133578223776,4.34311573051914
617.377073929542,93.8221931976195,4.09214209474319
420.398142236516,257.443260808758,3.65667675718883
12.604874297953,180.709431125251,3.15821987856949
78.8832100517729,108.334895971607,4.58796072773931
598.669748287633,203.688603780477,4.40990676869513
263.398643506617,224.699301742179,3.78282179583384
581.482168677328,434.605972515616,3.94394845109816
306.620209208893,135.789211251953,3.78512222319888
532.607889234892,459.481006024009,3.38775222598136
47.83076287213,414.155905838204,3.6363463645392
197.447340794282,284.848387798895,4.27436041787267
550.379108909419,268.264470096652,3.55882351994679
188.948149220919,15.6033676344288,4.09418077756865
504.832890789369,350.840430825252,4.43220652918367
40.0579042833586,46.8193148260567,4.12026547252406
541.470430323018,148.175543712745,4.47600691721549
NA,NA,NA
661.868775467756,330.720608051669,3.43238356680947
453.552137284889,295.612384341866,3.61211686692093
10.2960609639888,497.372803932245,3.60868044611479
560.486016926252,44.9865464913265,4.23405104106273
72.142576088538,374.34166973572,3.98151427312966
222.643566177209,413.407589797062,3.75286876388367
430.340555011091,15.2713264857797,3.33770832070071
360.297201668984,295.564495046445,3.03637237700167
604.69929237309,107.308996732652,4.18252365606863
390.667675878802,228.382184001687,4.2736746029257
569.823209821345,401.776526889055,4.73643242396869
136.399726233132,283.036758563694,4.62734556215182
198.000060819077,367.746025955543,3.98628965479387
123.148539588674,408.679823999344,3.46045038789716
627.38045087617,318.47886717464,4.45842746622307
-0.0870741438537972,148.026356654387,4.31390072242842
540.590921736301,207.08872325903,4.30277541582709
33.6089463186833,490.95195195517,2.9488290609238
277.559606475011,29.8332414988041,3.89242473114277
533.372985558099,393.004253436498,3.45278616998902
70.3930989882402,88.8531757076835,5.27154234453037
5.64969702828781,70.9716639159063,3.35890556496297
586.099323093317,225.426832543515,3.99359671950661
439.662353013478,461.119175513581,4.84971649091619
659.492596557029,375.474055051903,3.03841310258258
107.626547254286,492.133578223776,4.34311573051914
617.377073929542,93.8221931976195,4.09214209474319
420.398142236516,257.443260808758,3.65667675718883
12.604874297953,180.709431125251,3.15821987856949
78.8832100517729,108.334895971607,4.58796072773931
598.669748287633,203.688603780477,4.40990676869513
263.398643506617,224.699301742179,3.78282179583384
581.482168677328,434.605972515616,3.94394845109816
306.620209208893,135.789211251953,3.78512222319888
532.607889234892,459.481006024009,3.38775222598136
47.83076287213,414.155905838204,3.6363463645392
197.447340794282,284.848387798895,4.27436041787267
550.379108909419,268.264470096652,3.55882351994679
188.948149220919,15.6033676344288,4.09418077756865
504.832890789369,350.840430825252,4.43220652918367
40.0579042833586,46.8193148260567,4.12026547252406
541.470430323018,148.175543712745,4.47600691721549
NA,NA,NA
660.284980719017,335.457914746285,3.57023291664813
457.298380577015,295.296923524839,3.60897035880376
8.90491701340253,494.525549899194,3.57022866340519
564.758101229874,54.5514564064695,4.18275141411133
71.9287255833699,377.74886318464,3.9417246157962
226.729998005422,416.180466804486,4.03498249916439
427.097409675098,15.8605338893994,3.4811304901781
362.215697463442,290.854730830966,3.02393663023845
606.380976329126,107.275945424381,4.19878431729679
394.834460323645,228.229979210228,4.18872510494801
573.296683038645,410.473098212783,4.77940253544234
138.919343873936,283.135297788824,4.6540334480948
197.685542897507,370.125901369156,4.08175038823232
128.276931538095,408.028316202254,3.40872286290058
625.255392069073,315.313416382862,4.68270302752295
-2.14629068006828,149.698103078014,4.14314262750948
541.803398496279,200.953376800664,4.19287061015624
33.1271913425392,490.363805584804,3.07708499864003
282.414700121759,24.5498157011242,3.91897975549646
532.326969284494,392.805371022969,3.50601841933477
73.4456787424774,87.4360307539363,5.18379161914174
5.60667955447163,75.3283971564957,3.32642163916824
588.032950066401,219.584251530006,3.95615012059522
433.728737626513,456.758566050704,4.79662862783505
657.848334938017,371.604283075854,3.20947402393263
108.794045614782,490.564158611635,4.33013086830245
627.074230037464,86.5279617557391,4.04440632501909
422.203346119216,254.566882679746,3.73001115182843
10.2708933940516,182.882196676914,3.28398364369827
64.6871630298106,98.4286870023679,4.5374760303654
596.00319594574,201.025607098614,4.53839772862703
252.892805233105,225.257570469095,3.53142767194139
561.830483707622,436.484550154316,3.87426131695321
302.932762445732,136.394100976828,3.70685618445326
537.077387226974,454.146419044286,3.39320576491552
44.2530893800848,404.809680376007,3.715743272808
192.524723519763,290.972160053474,3.86369244366542
547.290979950841,267.774461428307,3.76856441120565
171.063817448888,20.5816280073406,4.27922473521386
494.974723882586,352.856904441586,4.62743556266783
42.0734762324317,52.4568583114714,4.54872037477652
534.759873440831,136.508065558476,4.77663643625317
NA,NA,NA
660.284980719017,335.457914746285,3.57023291664813
457.298380577015,295.296923524839,3.60897035880376
8.90491701340253,494.525549899194,3.57022866340519
564.758101229874,54.5514564064695,4.18275141411133
71.9287255833699,377.74886318464,3.9417246157962
226.729998005422,416.180466804486,4.03498249916439
427.097409675098,15.8605338893994,3.4811304901781
362.215697463442,290.854730830966,3.02393663023845
606.380976329126,107.275945424381,4.19878431729679
394.834460323645,228.229979210228,4.18872510494801
573.296683038645,410.473098212783,4.77940253544234
138.919343873936,283.135297788824,4.6540334480948
197.685542897507,370.125901369156,4.08175038823232
128.276931538095,408.028316202254,3.40872286290058
625.255392069073,315.313416382862,4.68270302752295
-2.14629068006828,149.698103078014,4.14314262750948
541.803398496279,200.953376800664,4.19287061015624
33.1271913425392,490.363805584804,3.07708499864003
282.414700121759,24.5498157011242,3.91897975549646
532.326969284494,392.805371022969,3.50601841933477
73.4456787424774,87.4360307539363,5.18379161914174
5.60667955447163,75.3283971564957,3.32642163916824
588.032950066401,219.584251530006,3.95615012059522
433.728737626513,456.758566050704,4.79662862783505
657.848334938017,371.604283075854,3.20947402393263
108.794045614782,490.564158611635,4.33013086830245
627.074230037464,86.5279617557391,4.04440632501909
422.203346119216,254.566882679746,3.73001115182843
10.2708933940516,182.882196676914,3.28398364369827
64.6871630298106,98.4286870023679,4.5374760303654
596.00319594574,201.025607098614,4.53839772862703
252.892805233105,225.257570469095,3.53142767194139
561.830483707622,436.484550154316,3.87426131695321
302.932762445732,136.394100976828,3.70685618445326
537.077387226974,454.146419044286,3.39320576491552
44.2530893800848,404.809680376007,3.715743272808
192.524723519763,290.972160053474,3.86369244366542
547.290979950841,267.774461428307,3.76856441120565
171.063817448888,20.5816280073406,4.27922473521386
494.974723882586,352.856904441586,4.62743556266783
42.0734762324317,52.4568583114714,4.54872037477652
534.759873440831,136.508065558476,4.77663643625317
NA,NA,NA
660.284980719017,335.457914746285,3.57023291664813
457.298380577015,295.296923524839,3.60897035880376
8.90491701340253,494.525549899194,3.57022866340519
564.758101229874,54.5514564064695,4.18275141411133
71.9287255833699,377.74886318464,3.9417246157962
226.729998005422,416.180466804486,4.03498249916439
427.097409675098,15.8605338893994,3.4811304901781
362.215697463442,290.854730830966,3.02393663023845
606.380976329126,107.275945424381,4.19878431729679
394.834460323645,228.229979210228,4.18872510494801
573.296683038645,410.473098212783,4.77940253544234
138.919343873936,283.135297788824,4.6540334480948
197.685542897507,370.125901369156,4.08175038823232
128.276931538095,408.028316202254,3.40872286290058
625.255392069073,315.313416382862,4.68270302752295
-2.14629068006828,149.698103078014,4.14314262750948
541.803398496279,200.953376800664,4.19287061015624
33.1271913425392,490.363805584804,3.07708499864003
282.414700121759,24.5498157011242,3.91897975549646
532.326969284494,392.805371022969,3.50601841933477
73.4456787424774,87.4360307539363,5.18379161914174
5.60667955447163,75.3283971564957,3.32642163916824
588.032950066401,219.584251530006,3.95615012059522
433.728737626513,456.758566050704,4.79662862783505
657.848334938017,371.604283075854,3.20947402393263
108.794045614782,490.564158611635,4.33013086830245
627.074230037464,86.5279617557391,4.04440632501909
422.203346119216,254.566882679746,3.73001115182843
10.2708933940516,182.882196676914,3.28398364369827
64.6871630298106,98.4286870023679,4.5374760303654
596.00319594574,201.025607098614,4.53839772862703
252.892805233105,225.257570469095,3.53142767194139
561.830483707622,436.484550154316,3.87426131695321
302.932762445732,136.394100976828,3.70685618445326
537.077387226974,454.146419044286,3.39320576491552
44.2530893800848,404.809680376007,3.715743272808
192.524723519763,290.972160053474,3.86369244366542
547.290979950841,267.774461428307,3.76856441120565
171.063817448888,20.5816280073406,4.27922473521386
494.974723882586,352.856904441586,4.62743556266783
42.0734762324317,52.4568583114714,4.54872037477652
534.759873440831,136.508065558476,4.77663643625317
NA,NA,NA
660.284980719017,335.457914746285,3.57023291664813
457.298380577015,295.296923524839,3.60897035880376
8.90491701340253,494.525549899194,3.57022866340519
564.758101229874,54.5514564064695,4.18275141411133
71.9287255833699,377.74886318464,3.9417246157962
226.729998005422,416.180466804486,4.03498249916439
427.097409675098,15.8605338893994,3.4811304901781
362.215697463442,290.854730830966,3.02393663023845
606.380976329126,107.275945424381,4.19878431729679
394.834460323645,228.229979210228,4.18872510494801
573.296683038645,410.473098212783,4.77940253544234
138.919343873936,283.135297788824,4.6540334480948
197.685542897507,370.125901369156,4.08175038823232
128.276931538095,408.028316202254,3.40872286290058
625.255392069073,315.313416382862,4.68270302752295
-2.14629068006828,149.698103078014,4.14314262750948
541.803398496279,200.953376800664,4.19287061015624
33.1271913425392,490.363805584804,3.07708499864003
282.414700121759,24.5498157011242,3.91897975549646
532.326969284494,392.805371022969,3.50601841933477
73.4456787424774,87.4360307539363,5.18379161914174
5.60667955447163,75.3283971564957,3.32642163916824
588.032950066401,219.584251530006,3.95615012059522
433.728737626513,456.758566050704,4.79662862783505
657.848334938017,371.604283075854,3.20947402393263
108.794045614782,490.564158611635,4.33013086830245
627.074230037464,86.5279617557391,4.04440632501909
422.203346119216,254.566882679746,3.73001115182843
10.2708933940516,182.882196676914,3.28398364369827
64.6871630298106,98.4286870023679,4.5374760303654
596.00319594574,201.025607098614,4.53839772862703
252.892805233105,225.257570469095,3.53142767194139
561.830483707622,436.484550154316,3.87426131695321
302.932762445732,136.394100976828,3.70685618445326
537.077387226974,454.146419044286,3.39320576491552
44.2530893800848,404.809680376007,3.715743272808
192.524723519763,290.972160053474,3.86369244366542
547.290979950841,267.774461428307,3.76856441120565
171.063817448888,20.5816280073406,4.27922473521386
494.974723882586,352.856904441586,4.62743556266783
42.0734762324317,52.4568583114714,4.54872037477652
534.759873440831,136.508065558476,4.77663643625317
NA,NA,NA
660.284980719017,335.457914746285,3.57023291664813
457.298380577015,295.296923524839,3.60897035880376
8.90491701340253,494.525549899194,3.57022866340519
564.758101229874,54.5514564064695,4.18275141411133
71.9287255833699,377.74886318464,3.9417246157962
226.729998005422,416.180466804486,4.03498249916439
427.097409675098,15.8605338893994,3.4811304901781
362.215697463442,290.854730830966,3.02393663023845
606.380976329126,107.275945424381,4.19878431729679
394.834460323645,228.229979210228,4.18872510494801
573.296683038645,410.473098212783,4.77940253544234
138.919343873936,283.135297788824,4.6540334480948
197.685542897507,370.125901369156,4.08175038823232
128.276931538095,408.028316202254,3.40872286290058
625.255392069073,315.313416382862,4.68270302752295
-2.14629068006828,149.698103078014,4.14314262750948
541.803398496279,200.953376800664,4.19287061015624
33.1271913425392,490.363805584804,3.07708499864003
282.414700121759,24.5498157011242,3.91897975549646
532.326969284494,392.805371022969,3.50601841933477
73.4456787424774,87.4360307539363,5.18379161914174
5.60667955447163,75.3283971564957,3.32642163916824
588.032950066401,219.584251530006,3.95615012059522
433.728737626513,456.758566050704,4.79662862783505
657.848334938017,371.604283075854,3.20947402393263
108.794045614782,490.564158611635,4.33013086830245
627.074230037464,86.5279617557391,4.04440632501909
422.203346119216,254.566882679746,3.73001115182843
10.2708933940516,182.882196676914,3.28398364369827
64.6871630298106,98.4286870023679,4.5374760303654
596.00319594574,201.025607098614,4.53839772862703
252.892805233105,225.257570469095,3.53142767194139
561.830483707622,436.484550154316,3.87426131695321
302.932762445732,136.394100976828,3.70685618445326
537.077387226974,454.146419044286,3.39320576491552
44.2530893800848,404.809680376007,3.715743272808
192.524723519763,290.972160053474,3.86369244366542
547.290979950841,267.774461428307,3.76856441120565
171.063817448888,20.5816280073406,4.27922473521386
494.974723882586,352.856904441586,4.62743556266783
42.0734762324317,52.4568583114714,4.54872037477652
534.759873440831,136.508065558476,4.77663643625317
NA,NA,NA
660.284980719017,335.457914746285,3.57023291664813
457.298380577015,295.296923524839,3.60897035880376
8.90491701340253,494.525549899194,3.57022866340519
564.758101229874,54.5514564064695,4.18275141411133
71.9287255833699,377.74886318464,3.9417246157962
226.729998005422,416.180466804486,4.03498249916439
427.097409675098,15.8605338893994,3.4811304901781
362.215697463442,290.854730830966,3.02393663023845
606.380976329126,107.275945424381,4.19878431729679
394.834460323645,228.229979210228,4.18872510494801
573.296683038645,410.473098212783,4.77940253544234
138.919343873936,283.135297788824,4.6540334480948
197.685542897507,370.125901369156,4.08175038823232
128.276931538095,408.028316202254,3.40872286290058
625.255392069073,315.313416382862,4.68270302752295
-2.14629068006828,149.698103078014,4.14314262750948
541.803398496279,200.953376800664,4.19287061015624
33.1271913425392,490.363805584804,3.07708499864003
282.414700121759,24.5498157011242,3.91897975549646
532.326969284494,392.805371022969,3.50601841933477
73.4456787424774,87.4360307539363,5.18379161914174
5.60667955447163,75.3283971564957,3.32642163916824
588.032950066401,219.584251530006,3.95615012059522
433.728737626513,456.758566050704,4.79662862783505
657.848334938017,371.604283075854,3.20947402393263
108.794045614782,490.564158611635,4.33013086830245
627.074230037464,86.5279617557391,4.04440632501909
422.203346119216,254.566882679746,3.73001115182843
10.2708933940516,182.882196676914,3.28398364369827
64.6871630298106,98.4286870023679,4.5374760303654
596.00319594574,201.025607098614,4.53839772862703
252.892805233105,225.257570469095,3.53142767194139
561.830483707622,436.484550154316,3.87426131695321
302.932762445732,136.394100976828,3.70685618445326
537.077387226974,454.146419044286,3.39320576491552
44.2530893800848,404.809680376007,3.715743272808
192.524723519763,290.972160053474,3.86369244366542
547.290979950841,267.774461428307,3.76856441120565
171.063817448888,20.5816280073406,4.27922473521386
494.974723882586,352.856904441586,4.62743556266783
42.0734762324317,52.4568583114714,4.54872037477652
534.759873440831,136.508065558476,4.77663643625317
NA,NA,NA
660.201967658962,331.894876063887,3.32827225393887
455.674963264529,295.4428496701,3.62862098100805
12.3910148029574,492.122859184257,3.57397254989859
560.596633453069,47.2546848503967,3.92883136877427
69.9983566009349,377.65815101562,4.05925688269063
225.834477272387,418.670425194416,3.9981485764015
427.965376953543,13.026987875638,3.30959677694901
362.200381469138,292.841804596403,3.01073625111757
606.158475276914,106.820336020698,4.16728717137129
394.811543051584,233.117640177032,4.19845276570467
570.904513983727,410.810640526671,4.76860335444833
141.138303397893,281.717169159149,4.41699748058078
200.20881041211,368.058908774163,3.96016377217269
125.105080988255,413.482971521554,3.5347529201986
628.404587364986,310.80574329609,4.46600464564302
1.56559431939165,148.255133306477,4.22246201087754
542.617589836205,203.790262110248,4.26411259065949
34.5937328330133,491.766777603367,3.0364816662008
278.252259115741,22.4592175043127,3.83072478141608
533.668029457973,392.113280709766,3.17841655791484
71.7784193353541,75.1343880247012,5.22475438525379
3.41324348652489,77.9203274333797,3.47988183384591
586.021080676234,223.398249628408,4.03314541407209
437.717941966971,463.795424478464,4.74958721697916
658.648783511981,375.069450961366,2.96324645761727
104.637138906329,482.556451025563,4.34535190556707
622.322069124989,87.9736405592437,4.05476245532272
419.152554960115,257.382221792486,3.6464404887368
10.8584060793986,181.006669086862,3.16635123912654
68.7901815318092,108.976020635529,4.64853591593893
613.020700340577,204.15895247772,4.21459941116926
252.759758237939,220.294348300357,4.11045824662389
568.924008636606,431.469227696638,3.7837590194896
298.933513420298,136.693142075628,3.66316344522872
529.490187773713,464.801734288467,3.53501994343402
52.1438229904974,420.412303869534,3.54034402424796
185.686130027666,287.724361871355,3.96478114597814
544.684407111032,257.307516250033,3.78550167559309
172.447865322333,22.0866524122009,4.53718822698404
510.661176410329,341.901721911775,4.90731573502646
37.0399381388677,48.0657326720031,3.95026873074782
521.500270871641,144.986101561783,4.59859708221025
NA,NA,NA
660.201967658962,331.894876063887,3.32827225393887
455.674963264529,295.4428496701,3.62862098100805
12.3910148029574,492.122859184257,3.57397254989859
560.596633453069,47.2546848503967,3.92883136877427
69.9983566009349,377.65815101562,4.05925688269063
225.834477272387,418.670425194416,3.9981485764015
427.965376953543,13.026987875638,3.30959677694901
362.200381469138,292.841804596403,3.01073625111757
606.158475276914,106.820336020698,4.16728717137129
394.811543051584,233.117640177032,4.19845276570467
570.904513983727,410.810640526671,4.76860335444833
141.138303397893,281.717169159149,4.41699748058078
200.20881041211,368.058908774163,3.96016377217269
125.105080988255,413.482971521554,3.5347529201986
628.404587364986,310.80574329609,4.46600464564302
1.56559431939165,148.255133306477,4.22246201087754
542.617589836205,203.790262110248,4.26411259065949
34.5937328330133,491.766777603367,3.0364816662008
278.252259115741,22.4592175043127,3.83072478141608
533.668029457973,392.113280709766,3.17841655791484
71.7784193353541,75.1343880247012,5.22475438525379
3.41324348652489,77.9203274333797,3.47988183384591
586.021080676234,223.398249628408,4.03314541407209
437.717941966971,463.795424478464,4.74958721697916
658.648783511981,375.069450961366,2.96324645761727
104.637138906329,482.556451025563,4.34535190556707
622.322069124989,87.9736405592437,4.05476245532272
419.152554960115,257.382221792486,3.6464404887368
10.8584060793986,181.006669086862,3.16635123912654
68.7901815318092,108.976020635529,4.64853591593893
613.020700340577,204.15895247772,4.21459941116926
252.759758237939,220.294348300357,4.11045824662389
568.924008636606,431.469227696638,3.7837590194896
298.933513420298,136.693142075628,3.66316344522872
529.490187773713,464.801734288467,3.53501994343402
52.1438229904974,420.412303869534,3.54034402424796
185.686130027666,287.724361871355,3.96478114597814
544.684407111032,257.307516250033,3.78550167559309
172.447865322333,22.0866524122009,4.53718822698404
510.661176410329,341.901721911775,4.90731573502646
37.0399381388677,48.0657326720031,3.95026873074782
521.500270871641,144.986101561783,4.59859708221025
NA,NA,NA
660.201967658962,331.894876063887,3.32827225393887
455.674963264529,295.4428496701,3.62862098100805
12.3910148029574,492.122859184257,3.57397254989859
560.596633453069,47.2546848503967,3.92883136877427
69.9983566009349,377.65815101562,4.05925688269063
225.834477272387,418.670425194416,3.9981485764015
427.965376953543,13.026987875638,3.30959677694901
362.200381469138,292.841804596403,3.01073625111757
606.158475276914,106.820336020698,4.16728717137129
394.811543051584,233.117640177032,4.19845276570467
570.904513983727,410.810640526671,4.76860335444833
141.138303397893,281.717169159149,4.41699748058078
200.20881041211,368.058908774163,3.96016377217269
125.105080988255,413.482971521554,3.5347529201986
628.404587364986,310.80574329609,4.46600464564302
1.56559431939165,148.255133306477,4.22246201087754
542.617589836205,203.790262110248,4.26411259065949
34.5937328330133,491.766777603367,3.0364816662008
278.252259115741,22.4592175043127,3.83072478141608
533.668029457973,392.113280709766,3.17841655791484
71.7784193353541,75.1343880247012,5.22475438525379
3.41324348652489,77.9203274333797,3.47988183384591
586.021080676234,223.398249628408,4.03314541407209
437.717941966971,463.795424478464,4.74958721697916
658.648783511981,375.069450961366,2.96324645761727
104.637138906329,482.556451025563,4.34535190556707
622.322069124989,87.9736405592437,4.05476245532272
419.152554960115,257.382221792486,3.6464404887368
10.8584060793986,181.006669086862,3.16635123912654
68.7901815318092,108.976020635529,4.64853591593893
613.020700340577,204.15895247772,4.21459941116926
252.759758237939,220.294348300357,4.11045824662389
568.924008636606,431.469227696638,3.7837590194896
298.933513420298,136.693142075628,3.66316344522872
529.490187773713,464.801734288467,3.53501994343402
52.1438229904974,420.412303869534,3.54034402424796
185.686130027666,287.724361871355,3.96478114597814
544.684407111032,257.307516250033,3.78550167559309
172.447865322333,22.0866524122009,4.53718822698404
510.661176410329,341.901721911775,4.90731573502646
37.0399381388677,48.0657326720031,3.95026873074782
521.500270871641,144.986101561783,4.59859708221025
NA,NA,NA
660.201967658962,331.894876063887,3.32827225393887
455.674963264529,295.4428496701,3.62862098100805
12.3910148029574,492.122859184257,3.57397254989859
560.596633453069,47.2546848503967,3.92883136877427
69.9983566009349,377.65815101562,4.05925688269063
225.834477272387,418.670425194416,3.9981485764015
427.965376953543,13.026987875638,3.30959677694901
362.200381469138,292.841804596403,3.01073625111757
606.158475276914,106.820336020698,4.16728717137129
394.811543051584,233.117640177032,4.19845276570467
570.904513983727,410.810640526671,4.76860335444833
141.138303397893,281.717169159149,4.41699748058078
200.20881041211,368.058908774163,3.96016377217269
125.105080988255,413.482971521554,3.5347529201986
628.404587364986,310.80574329609,4.46600464564302
1.56559431939165,148.255133306477,4.22246201087754
542.617589836205,203.790262110248,4.26411259065949
34.5937328330133,491.766777603367,3.0364816662008
278.252259115741,22.4592175043127,3.83072478141608
533.668029457973,392.113280709766,3.17841655791484
71.7784193353541,75.1343880247012,5.22475438525379
3.41324348652489,77.9203274333797,3.47988183384591
586.021080676234,223.398249628408,4.03314541407209
437.717941966971,463.795424478464,4.74958721697916
658.648783511981,375.069450961366,2.96324645761727
104.637138906329,482.556451025563,4.34535190556707
622.322069124989,87.9736405592437,4.05476245532272
419.152554960115,257.382221792486,3.6464404887368
10.8584060793986,181.006669086862,3.16635123912654
68.7901815318092,108.976020635529,4.64853591593893
613.020700340577,204.15895247772,4.21459941116926
252.759758237939,220.294348300357,4.11045824662389
568.924008636606,431.469227696638,3.7837590194896
298.933513420298,136.693142075628,3.66316344522872
529.490187773713,464.801734288467,3.53501994343402
52.1438229904974,420.412303869534,3.54034402424796
185.686130027666,287.724361871355,3.96478114597814
544.684407111032,257.307516250033,3.78550167559309
172.447865322333,22.0866524122009,4.53718822698404
510.661176410329,341.901721911775,4.90731573502646
37.0399381388677,48.0657326720031,3.95026873074782
521.500270871641,144.986101561783,4.59859708221025
NA,NA,NA
660.201967658962,331.894876063887,3.32827225393887
455.674963264529,295.4428496701,3.62862098100805
12.3910148029574,492.122859184257,3.57397254989859
560.596633453069,47.2546848503967,3.92883136877427
69.9983566009349,377.65815101562,4.05925688269063
225.834477272387,418.670425194416,3.9981485764015
427.965376953543,13.026987875638,3.30959677694901
362.200381469138,292.841804596403,3.01073625111757
606.158475276914,106.820336020698,4.16728717137129
394.811543051584,233.117640177032,4.19845276570467
570.904513983727,410.810640526671,4.76860335444833
141.138303397893,281.717169159149,4.41699748058078
200.20881041211,368.058908774163,3.96016377217269
125.105080988255,413.482971521554,3.5347529201986
628.404587364986,310.80574329609,4.46600464564302
1.56559431939165,148.255133306477,4.22246201087754
542.617589836205,203.790262110248,4.26411259065949
34.5937328330133,491.766777603367,3.0364816662008
278.252259115741,22.4592175043127,3.83072478141608
533.668029457973,392.113280709766,3.17841655791484
71.7784193353541,75.1343880247012,5.22475438525379
3.41324348652489,77.9203274333797,3.47988183384591
586.021080676234,223.398249628408,4.03314541407209
437.717941966971,463.795424478464,4.74958721697916
658.648783511981,375.069450961366,2.96324645761727
104.637138906329,482.556451025563,4.34535190556707
622.322069124989,87.9736405592437,4.05476245532272
419.152554960115,257.382221792486,3.6464404887368
10.8584060793986,181.006669086862,3.16635123912654
68.7901815318092,108.976020635529,4.64853591593893
613.020700340577,204.15895247772,4.21459941116926
252.759758237939,220.294348300357,4.11045824662389
568.924008636606,431.469227696638,3.7837590194896
298.933513420298,136.693142075628,3.66316344522872
529.490187773713,464.801734288467,3.53501994343402
52.1438229904974,420.412303869534,3.54034402424796
185.686130027666,287.724361871355,3.96478114597814
544.684407111032,257.307516250033,3.78550167559309
172.447865322333,22.0866524122009,4.53718822698404
510.661176410329,341.901721911775,4.90731573502646
37.0399381388677,48.0657326720031,3.95026873074782
521.500270871641,144.986101561783,4.59859708221025
NA,NA,NA
660.201967658962,331.894876063887,3.32827225393887
455.674963264529,295.4428496701,3.62862098100805
12.3910148029574,492.122859184257,3.57397254989859
560.596633453069,47.2546848503967,3.92883136877427
69.9983566009349,377.65815101562,4.05925688269063
225.834477272387,418.670425194416,3.9981485764015
427.965376953543,13.026987875638,3.30959677694901
362.200381469138,292.841804596403,3.01073625111757
606.158475276914,106.820336020698,4.16728717137129
394.811543051584,233.117640177032,4.19845276570467
570.904513983727,410.810640526671,4.76860335444833
141.138303397893,281.717169159149,4.41699748058078
200.20881041211,368.058908774163,3.96016377217269
125.105080988255,413.482971521554,3.5347529201986
628.404587364986,310.80574329609,4.46600464564302
1.56559431939165,148.255133306477,4.22246201087754
542.617589836205,203.790262110248,4.26411259065949
34.5937328330133,491.766777603367,3.0364816662008
278.252259115741,22.4592175043127,3.83072478141608
533.668029457973,392.113280709766,3.17841655791484
71.7784193353541,75.1343880247012,5.22475438525379
3.41324348652489,77.9203274333797,3.47988183384591
586.021080676234,223.398249628408,4.03314541407209
437.717941966971,463.795424478464,4.74958721697916
658.648783511981,375.069450961366,2.96324645761727
104.637138906329,482.556451025563,4.34535190556707
622.322069124989,87.9736405592437,4.05476245532272
419.152554960115,257.382221792486,3.6464404887368
10.8584060793986,181.006669086862,3.16635123912654
68.7901815318092,108.976020635529,4.64853591593893
613.020700340577,204.15895247772,4.21459941116926
252.759758237939,220.294348300357,4.11045824662389
568.924008636606,431.469227696638,3.7837590194896
298.933513420298,136.693142075628,3.66316344522872
529.490187773713,464.801734288467,3.53501994343402
52.1438229904974,420.412303869534,3.54034402424796
185.686130027666,287.724361871355,3.96478114597814
544.684407111032,257.307516250033,3.78550167559309
172.447865322333,22.0866524122009,4.53718822698404
510.661176410329,341.901721911775,4.90731573502646
37.0399381388677,48.0657326720031,3.95026873074782
521.500270871641,144.986101561783,4.59859708221025
NA,NA,NA
659.711338219385,338.200175186977,3.6116149484283
454.382057154354,298.520444851822,3.6402905705152
13.1217512477237,499.79427181116,3.59835624911493
564.092647275729,52.961526775837,4.1121342316682
71.1167749637478,382.29484962918,4.05212374309264
225.146067835672,417.472869900529,3.91900804902123
423.824636144105,15.6059373846793,3.21191704232191
364.291620076185,292.862843980219,3.13464048424623
605.74779835699,102.615817036702,4.18058596304148
390.520602973195,231.452291032977,4.2018216579233
577.306790700797,406.795004016643,4.73090071489565
134.065736995117,287.596248132531,4.55430648254743
201.409847658466,365.257481360906,4.0345503874016
125.652644429378,411.982374297649,3.43429409749314
622.50947811933,320.51006577132,4.50842078291602
-0.289564107896769,149.808999672792,4.21163419897615
538.685282354902,200.989140220018,4.10040352716675
33.9865980023901,490.622555092783,2.96092910602955
277.575669679508,23.5862093419925,3.92436149039109
532.45045478561,390.976398305558,3.35120021002344
79.9047719601252,70.6396291583443,5.27746514558483
6.30926979907963,77.0629580741382,3.49153213368163
590.330887027735,224.585557825904,4.04462159629584
443.008010692684,462.759483424211,4.79443496365643
658.237898295065,375.251378995016,3.13400980922873
106.663334550305,488.683123750151,4.38621327393251
619.774109093014,94.0759974674256,4.07494901341626
419.375447581888,255.572574055346,3.59716581050251
12.9260975890159,183.090759013889,3.13991457777131
63.7190532049551,111.112412109981,4.55566817651329
602.758151086863,207.454490497402,4.10928206846291
258.570353866192,215.662073427734,4.00518034147289
573.201027623798,437.991601487985,3.52412558409088
292.802393269828,138.288901794142,3.95008243947757
528.354699227507,462.221791051375,3.51591267027485
48.9502279350928,422.459563622722,3.72078800923717
197.699648048128,280.719539798089,4.07027780327571
550.351668230395,264.883843085671,3.68813946772083
155.656195095191,25.0579835448671,4.27577328638797
502.840700115222,357.714317701723,4.52031682821834
34.389251226922,59.709766723931,4.03460647070223
550.90864513525,132.548819999047,4.75306697429627
NA,NA,NA
659.711338219385,338.200175186977,3.6116149484283
454.382057154354,298.520444851822,3.6402905705152
13.1217512477237,499.79427181116,3.59835624911493
564.092647275729,52.961526775837,4.1121342316682
71.1167749637478,382.29484962918,4.05212374309264
225.146067835672,417.472869900529,3.91900804902123
423.824636144105,15.6059373846793,3.21191704232191
364.291620076185,292.862843980219,3.13464048424623
605.74779835699,102.615817036702,4.18058596304148
390.520602973195,231.452291032977,4.2018216579233
577.306790700797,406.795004016643,4.73090071489565
134.065736995117,287.596248132531,4.55430648254743
201.409847658466,365.257481360906,4.0345503874016
125.652644429378,411.982374297649,3.43429409749314
622.50947811933,320.51006577132,4.50842078291602
-0.289564107896769,149.808999672792,4.21163419897615
538.685282354902,200.989140220018,4.10040352716675
33.9865980023901,490.622555092783,2.96092910602955
277.575669679508,23.5862093419925,3.92436149039109
532.45045478561,390.976398305558,3.35120021002344
79.9047719601252,70.6396291583443,5.27746514558483
6.30926979907963,77.0629580741382,3.49153213368163
590.330887027735,224.585557825904,4.04462159629584
443.008010692684,462.759483424211,4.79443496365643
658.237898295065,375.251378995016,3.13400980922873
106.663334550305,488.683123750151,4.38621327393251
619.774109093014,94.0759974674256,4.07494901341626
419.375447581888,255.572574055346,3.59716581050251
12.9260975890159,183.090759013889,3.13991457777131
63.7190532049551,111.112412109981,4.55566817651329
602.758151086863,207.454490497402,4.10928206846291
258.570353866192,215.662073427734,4.00518034147289
573.201027623798,437.991601487985,3.52412558409088
292.802393269828,138.288901794142,3.95008243947757
528.354699227507,462.221791051375,3.51591267027485
48.9502279350928,422.459563622722,3.72078800923717
197.699648048128,280.719539798089,4.07027780327571
550.351668230395,264.883843085671,3.68813946772083
155.656195095191,25.0579835448671,4.27577328638797
502.840700115222,357.714317701723,4.52031682821834
34.389251226922,59.709766723931,4.03460647070223
550.90864513525,132.548819999047,4.75306697429627
NA,NA,NA
659.711338219385,338.200175186977,3.6116149484283
454.382057154354,298.520444851822,3.6402905705152
13.1217512477237,499.79427181116,3.59835624911493
564.092647275729,52.961526775837,4.1121342316682
71.1167749637478,382.29484962918,4.05212374309264
225.146067835672,417.472869900529,3.91900804902123
423.824636144105,15.6059373846793,3.21191704232191
364.291620076185,292.862843980219,3.13464048424623
605.74779835699,102.615817036702,4.18058596304148
390.520602973195,231.452291032977,4.2018216579233
577.306790700797,406.795004016643,4.73090071489565
134.065736995117,287.596248132531,4.55430648254743
201.409847658466,365.257481360906,4.0345503874016
125.652644429378,411.982374297649,3.43429409749314
622.50947811933,320.51006577132,4.50842078291602
-0.289564107896769,149.808999672792,4.21163419897615
538.685282354902,200.989140220018,4.10040352716675
33.9865980023901,490.622555092783,2.96092910602955
277.575669679508,23.5862093419925,3.92436149039109
532.45045478561,390.976398305558,3.35120021002344
79.9047719601252,70.6396291583443,5.27746514558483
6.30926979907963,77.0629580741382,3.49153213368163
590.330887027735,224.585557825904,4.04462159629584
443.008010692684,462.759483424211,4.79443496365643
658.237898295065,375.251378995016,3.13400980922873
106.663334550305,488.683123750151,4.38621327393251
619.774109093014,94.0759974674256,4.07494901341626
419.375447581888,255.572574055346,3.59716581050251
12.9260975890159,183.090759013889,3.13991457777131
63.7190532049551,111.112412109981,4.55566817651329
602.758151086863,207.454490497402,4.10928206846291
258.570353866192,215.662073427734,4.00518034147289
573.201027623798,437.991601487985,3.52412558409088
292.802393269828,138.288901794142,3.95008243947757
528.354699227507,462.221791051375,3.51591267027485
48.9502279350928,422.459563622722,3.72078800923717
197.699648048128,280.719539798089,4.07027780327571
550.351668230395,264.883843085671,3.68813946772083
155.656195095191,25.0579835448671,4.27577328638797
502.840700115222,357.714317701723,4.52031682821834
34.389251226922,59.709766723931,4.03460647070223
550.90864513525,132.548819999047,4.75306697429627
NA,NA,NA
659.711338219385,338.200175186977,3.6116149484283
454.382057154354,298.520444851822,3.6402905705152
13.1217512477237,499.79427181116,3.59835624911493
564.092647275729,52.961526775837,4.1121342316682
71.1167749637478,382.29484962918,4.05212374309264
225.146067835672,417.472869900529,3.91900804902123
423.824636144105,15.6059373846793,3.21191704232191
364.291620076185,292.862843980219,3.13464048424623
605.74779835699,102.615817036702,4.18058596304148
390.520602973195,231.452291032977,4.2018216579233
577.306790700797,406.795004016643,4.73090071489565
134.065736995117,287.596248132531,4.55430648254743
201.409847658466,365.257481360906,4.0345503874016
125.652644429378,411.982374297649,3.43429409749314
622.50947811933,320.51006577132,4.50842078291602
-0.289564107896769,149.808999672792,4.21163419897615
538.685282354902,200.989140220018,4.10040352716675
33.9865980023901,490.622555092783,2.96092910602955
277.575669679508,23.5862093419925,3.92436149039109
532.45045478561,390.976398305558,3.35120021002344
79.9047719601252,70.6396291583443,5.27746514558483
6.30926979907963,77.0629580741382,3.49153213368163
590.330887027735,224.585557825904,4.04462159629584
443.008010692684,462.759483424211,4.79443496365643
658.237898295065,375.251378995016,3.13400980922873
106.663334550305,488.683123750151,4.38621327393251
619.774109093014,94.0759974674256,4.07494901341626
419.375447581888,255.572574055346,3.59716581050251
12.9260975890159,183.090759013889,3.13991457777131
63.7190532049551,111.112412109981,4.55566817651329
602.758151086863,207.454490497402,4.10928206846291
258.570353866192,215.662073427734,4.00518034147289
573.201027623798,437.991601487985,3.52412558409088
292.802393269828,138.288901794142,3.95008243947757
528.354699227507,462.221791051375,3.51591267027485
48.9502279350928,422.459563622722,3.72078800923717
197.699648048128,280.719539798089,4.07027780327571
550.351668230395,264.883843085671,3.68813946772083
155.656195095191,25.0579835448671,4.27577328638797
502.840700115222,357.714317701723,4.52031682821834
34.389251226922,59.709766723931,4.03460647070223
550.90864513525,132.548819999047,4.75306697429627
NA,NA,NA
659.711338219385,338.200175186977,3.6116149484283
454.382057154354,298.520444851822,3.6402905705152
13.1217512477237,499.79427181116,3.59835624911493
564.092647275729,52.961526775837,4.1121342316682
71.1167749637478,382.29484962918,4.05212374309264
225.146067835672,417.472869900529,3.91900804902123
423.824636144105,15.6059373846793,3.21191704232191
364.291620076185,292.862843980219,3.13464048424623
605.74779835699,102.615817036702,4.18058596304148
390.520602973195,231.452291032977,4.2018216579233
577.306790700797,406.795004016643,4.73090071489565
134.065736995117,287.596248132531,4.55430648254743
201.409847658466,365.257481360906,4.0345503874016
125.652644429378,411.982374297649,3.43429409749314
622.50947811933,320.51006577132,4.50842078291602
-0.289564107896769,149.808999672792,4.21163419897615
538.685282354902,200.989140220018,4.10040352716675
33.9865980023901,490.622555092783,2.96092910602955
277.575669679508,23.5862093419925,3.92436149039109
532.45045478561,390.976398305558,3.35120021002344
79.9047719601252,70.6396291583443,5.27746514558483
6.30926979907963,77.0629580741382,3.49153213368163
590.330887027735,224.585557825904,4.04462159629584
443.008010692684,462.759483424211,4.79443496365643
658.237898295065,375.251378995016,3.13400980922873
106.663334550305,488.683123750151,4.38621327393251
619.774109093014,94.0759974674256,4.07494901341626
419.375447581888,255.572574055346,3.59716581050251
12.9260975890159,183.090759013889,3.13991457777131
63.7190532049551,111.112412109981,4.55566817651329
602.758151086863,207.454490497402,4.10928206846291
258.570353866192,215.662073427734,4.00518034147289
573.201027623798,437.991601487985,3.52412558409088
292.802393269828,138.288901794142,3.95008243947757
528.354699227507,462.221791051375,3.51591267027485
48.9502279350928,422.459563622722,3.72078800923717
197.699648048128,280.719539798089,4.07027780327571
550.351668230395,264.883843085671,3.68813946772083
155.656195095191,25.0579835448671,4.27577328638797
502.840700115222,357.714317701723,4.52031682821834
34.389251226922,59.709766723931,4.03460647070223
550.90864513525,132.548819999047,4.75306697429627
NA,NA,NA
659.711338219385,338.200175186977,3.6116149484283
454.382057154354,298.520444851822,3.6402905705152
13.1217512477237,499.79427181116,3.59835624911493
564.092647275729,52.961526775837,4.1121342316682
71.1167749637478,382.29484962918,4.05212374309264
225.146067835672,417.472869900529,3.91900804902123
423.824636144105,15.6059373846793,3.21191704232191
364.291620076185,292.862843980219,3.13464048424623
605.74779835699,102.615817036702,4.18058596304148
390.520602973195,231.452291032977,4.2018216579233
577.306790700797,406.795004016643,4.73090071489565
134.065736995117,287.596248132531,4.55430648254743
201.409847658466,365.257481360906,4.0345503874016
125.652644429378,411.982374297649,3.43429409749314
622.50947811933,320.51006577132,4.50842078291602
-0.289564107896769,149.808999672792,4.21163419897615
538.685282354902,200.989140220018,4.10040352716675
33.9865980023901,490.622555092783,2.96092910602955
277.575669679508,23.5862093419925,3.92436149039109
532.45045478561,390.976398305558,3.35120021002344
79.9047719601252,70.6396291583443,5.27746514558483
6.30926979907963,77.0629580741382,3.49153213368163
590.330887027735,224.585557825904,4.04462159629584
443.008010692684,462.759483424211,4.79443496365643
658.237898295065,375.251378995016,3.13400980922873
106.663334550305,488.683123750151,4.38621327393251
619.774109093014,94.0759974674256,4.07494901341626
419.375447581888,255.572574055346,3.59716581050251
12.9260975890159,183.090759013889,3.13991457777131
63.7190532049551,111.112412109981,4.55566817651329
602.758151086863,207.454490497402,4.10928206846291
258.570353866192,215.662073427734,4.00518034147289
573.201027623798,437.991601487985,3.52412558409088
292.802393269828,138.288901794142,3.95008243947757
528.354699227507,462.221791051375,3.51591267027485
48.9502279350928,422.459563622722,3.72078800923717
197.699648048128,280.719539798089,4.07027780327571
550.351668230395,264.883843085671,3.68813946772083
155.656195095191,25.0579835448671,4.27577328638797
502.840700115222,357.714317701723,4.52031682821834
34.389251226922,59.709766723931,4.03460647070223
550.90864513525,132.548819999047,4.75306697429627
NA,NA,NA
658.140948704844,331.19551389731,3.6686933159738
452.494777297406,299.138235155859,3.5978084045228
14.1263031917553,491.131991910303,3.60277104483466
558.307209427092,53.7584320331308,4.20412418266703
73.9265951681558,374.301291388622,4.00504536635972
226.703923615463,408.399484511906,3.959308578456
431.155171630496,12.7622772020738,3.47098515169542
362.466109192861,291.337045289818,3.04392978657178
601.986640561322,105.641312123495,4.26090048504177
394.277755388281,230.20764011185,4.16444048809273
574.471187207305,413.057974280221,4.70492279820657
142.515885620473,283.030634258179,4.657289188088
197.513939684946,371.993180084538,4.06729405568131
125.332343518189,412.537338002715,3.57025317017981
627.218006733656,312.12684030809,4.44486047631519
-2.29012707250496,144.178422467373,4.27865664466298
541.211771486269,207.012308041197,4.22347144032565
33.3914979447055,490.662902998896,3.0215493538316
278.076575584833,23.6243516018174,4.03706247852714
536.780886211583,391.169957641858,3.21359933908982
69.1241120045618,81.1703801855799,5.33655615464495
5.49328015716069,77.8982045250475,3.47467402662436
589.246265298089,227.578561149273,3.99200183983565
446.145144864058,457.557654702765,4.70197003879515
657.112940865284,374.179055479171,3.02509320050863
103.585916194195,491.825326696689,4.31968615942417
623.262535345224,92.409378792313,4.08862274223867
421.724682848285,258.358072303584,3.66328503442277
13.5393585906107,182.42570231192,3.23994116669431
57.588522452584,107.53903488395,4.50964743547423
603.994461305513,215.412196760667,4.33816940172051
256.28085327461,218.735107243627,3.22470246107833
575.899810355849,437.603807501449,3.81904324966883
297.858172909478,141.058492884032,3.84730594814929
530.147523797519,453.443344410431,3.44220168728565
45.0865668492087,421.733562258829,4.14657090188075
188.757137160066,276.986346380283,4.04166276874778
551.412214622805,261.06269320656,3.71346440184993
166.987213088049,38.7388090653353,4.23967573873266
504.865302858716,341.207467653882,4.80385326402167
36.0349543419005,44.6671330187941,3.83382982915466
519.792312999179,132.939798729076,4.83625024082017
NA,NA,NA
658.140948704844,331.19551389731,3.6686933159738
452.494777297406,299.138235155859,3.5978084045228
14.1263031917553,491.131991910303,3.60277104483466
558.307209427092,53.7584320331308,4.20412418266703
73.9265951681558,374.301291388622,4.00504536635972
226.703923615463,408.399484511906,3.959308578456
431.155171630496,12.7622772020738,3.47098515169542
362.466109192861,291.337045289818,3.04392978657178
601.986640561322,105.641312123495,4.26090048504177
394.277755388281,230.20764011185,4.16444048809273
574.471187207305,413.057974280221,4.70492279820657
142.515885620473,283.030634258179,4.657289188088
197.513939684946,371.993180084538,4.06729405568131
125.332343518189,412.537338002715,3.57025317017981
627.218006733656,312.12684030809,4.44486047631519
-2.29012707250496,144.178422467373,4.27865664466298
541.211771486269,207.012308041197,4.22347144032565
33.3914979447055,490.662902998896,3.0215493538316
278.076575584833,23.6243516018174,4.03706247852714
536.780886211583,391.169957641858,3.21359933908982
69.1241120045618,81.1703801855799,5.33655615464495
5.49328015716069,77.8982045250475,3.47467402662436
589.246265298089,227.578561149273,3.99200183983565
446.145144864058,457.557654702765,4.70197003879515
657.112940865284,374.179055479171,3.02509320050863
103.585916194195,491.825326696689,4.31968615942417
623.262535345224,92.409378792313,4.08862274223867
421.724682848285,258.358072303584,3.66328503442277
13.5393585906107,182.42570231192,3.23994116669431
57.588522452584,107.53903488395,4.50964743547423
603.994461305513,215.412196760667,4.33816940172051
256.28085327461,218.735107243627,3.22470246107833
575.899810355849,437.603807501449,3.81904324966883
297.858172909478,141.058492884032,3.84730594814929
530.147523797519,453.443344410431,3.44220168728565
45.0865668492087,421.733562258829,4.14657090188075
188.757137160066,276.986346380283,4.04166276874778
551.412214622805,261.06269320656,3.71346440184993
166.987213088049,38.7388090653353,4.23967573873266
504.865302858716,341.207467653882,4.80385326402167
36.0349543419005,44.6671330187941,3.83382982915466
519.792312999179,132.939798729076,4.83625024082017
NA,NA,NA
658.140948704844,331.19551389731,3.6686933159738
452.494777297406,299.138235155859,3.5978084045228
14.1263031917553,491.131991910303,3.60277104483466
558.307209427092,53.7584320331308,4.20412418266703
73.9265951681558,374.301291388622,4.00504536635972
226.703923615463,408.399484511906,3.959308578456
431.155171630496,12.7622772020738,3.47098515169542
362.466109192861,291.337045289818,3.04392978657178
601.986640561322,105.641312123495,4.26090048504177
394.277755388281,230.20764011185,4.16444048809273
574.471187207305,413.057974280221,4.70492279820657
142.515885620473,283.030634258179,4.657289188088
197.513939684946,371.993180084538,4.06729405568131
125.332343518189,412.537338002715,3.57025317017981
627.218006733656,312.12684030809,4.44486047631519
-2.29012707250496,144.178422467373,4.27865664466298
541.211771486269,207.012308041197,4.22347144032565
33.3914979447055,490.662902998896,3.0215493538316
278.076575584833,23.6243516018174,4.03706247852714
536.780886211583,391.169957641858,3.21359933908982
69.1241120045618,81.1703801855799,5.33655615464495
5.49328015716069,77.8982045250475,3.47467402662436
589.246265298089,227.578561149273,3.99200183983565
446.145144864058,457.557654702765,4.70197003879515
657.112940865284,374.179055479171,3.02509320050863
103.585916194195,491.825326696689,4.31968615942417
623.262535345224,92.409378792313,4.08862274223867
421.724682848285,258.358072303584,3.66328503442277
13.5393585906107,182.42570231192,3.23994116669431
57.588522452584,107.53903488395,4.50964743547423
603.994461305513,215.412196760667,4.33816940172051
256.28085327461,218.735107243627,3.22470246107833
575.899810355849,437.603807501449,3.81904324966883
297.858172909478,141.058492884032,3.84730594814929
530.147523797519,453.443344410431,3.44220168728565
45.0865668492087,421.733562258829,4.14657090188075
188.757137160066,276.986346380283,4.04166276874778
551.412214622805,261.06269320656,3.71346440184993
166.987213088049,38.7388090653353,4.23967573873266
504.865302858716,341.207467653882,4.80385326402167
36.0349543419005,44.6671330187941,3.83382982915466
519.792312999179,132.939798729076,4.83625024082017
NA,NA,NA
658.140948704844,331.19551389731,3.6686933159738
452.494777297406,299.138235155859,3.5978084045228
14.1263031917553,491.131991910303,3.60277104483466
558.307209427092,53.7584320331308,4.20412418266703
73.9265951681558,374.301291388622,4.00504536635972
226.703923615463,408.399484511906,3.959308578456
431.155171630496,12.7622772020738,3.47098515169542
362.466109192861,291.337045289818,3.04392978657178
601.986640561322,105.641312123495,4.26090048504177
394.277755388281,230.20764011185,4.16444048809273
574.471187207305,413.057974280221,4.70492279820657
142.515885620473,283.030634258179,4.657289188088
197.513939684946,371.993180084538,4.06729405568131
125.332343518189,412.537338002715,3.57025317017981
627.218006733656,312.12684030809,4.44486047631519
-2.29012707250496,144.178422467373,4.27865664466298
541.211771486269,207.012308041197,4.22347144032565
33.3914979447055,490.662902998896,3.0215493538316
278.076575584833,23.6243516018174,4.03706247852714
536.780886211583,391.169957641858,3.21359933908982
69.1241120045618,81.1703801855799,5.33655615464495
5.49328015716069,77.8982045250475,3.47467402662436
589.246265298089,227.578561149273,3.99200183983565
446.145144864058,457.557654702765,4.70197003879515
657.112940865284,374.179055479171,3.02509320050863
103.585916194195,491.825326696689,4.31968615942417
623.262535345224,92.409378792313,4.08862274223867
421.724682848285,258.358072303584,3.66328503442277
13.5393585906107,182.42570231192,3.23994116669431
57.588522452584,107.53903488395,4.50964743547423
603.994461305513,215.412196760667,4.33816940172051
256.28085327461,218.735107243627,3.22470246107833
575.899810355849,437.603807501449,3.81904324966883
297.858172909478,141.058492884032,3.84730594814929
530.147523797519,453.443344410431,3.44220168728565
45.0865668492087,421.733562258829,4.14657090188075
188.757137160066,276.986346380283,4.04166276874778
551.412214622805,261.06269320656,3.71346440184993
166.987213088049,38.7388090653353,4.23967573873266
504.865302858716,341.207467653882,4.80385326402167
36.0349543419005,44.6671330187941,3.83382982915466
519.792312999179,132.939798729076,4.83625024082017
NA,NA,NA
658.140948704844,331.19551389731,3.6686933159738
452.494777297406,299.138235155859,3.5978084045228
14.1263031917553,491.131991910303,3.60277104483466
558.307209427092,53.7584320331308,4.20412418266703
73.9265951681558,374.301291388622,4.00504536635972
226.703923615463,408.399484511906,3.959308578456
431.155171630496,12.7622772020738,3.47098515169542
362.466109192861,291.337045289818,3.04392978657178
601.986640561322,105.641312123495,4.26090048504177
394.277755388281,230.20764011185,4.16444048809273
574.471187207305,413.057974280221,4.70492279820657
142.515885620473,283.030634258179,4.657289188088
197.513939684946,371.993180084538,4.06729405568131
125.332343518189,412.537338002715,3.57025317017981
627.218006733656,312.12684030809,4.44486047631519
-2.29012707250496,144.178422467373,4.27865664466298
541.211771486269,207.012308041197,4.22347144032565
33.3914979447055,490.662902998896,3.0215493538316
278.076575584833,23.6243516018174,4.03706247852714
536.780886211583,391.169957641858,3.21359933908982
69.1241120045618,81.1703801855799,5.33655615464495
5.49328015716069,77.8982045250475,3.47467402662436
589.246265298089,227.578561149273,3.99200183983565
446.145144864058,457.557654702765,4.70197003879515
657.112940865284,374.179055479171,3.02509320050863
103.585916194195,491.825326696689,4.31968615942417
623.262535345224,92.409378792313,4.08862274223867
421.724682848285,258.358072303584,3.66328503442277
13.5393585906107,182.42570231192,3.23994116669431
57.588522452584,107.53903488395,4.50964743547423
603.994461305513,215.412196760667,4.33816940172051
256.28085327461,218.735107243627,3.22470246107833
575.899810355849,437.603807501449,3.81904324966883
297.858172909478,141.058492884032,3.84730594814929
530.147523797519,453.443344410431,3.44220168728565
45.0865668492087,421.733562258829,4.14657090188075
188.757137160066,276.986346380283,4.04166276874778
551.412214622805,261.06269320656,3.71346440184993
166.987213088049,38.7388090653353,4.23967573873266
504.865302858716,341.207467653882,4.80385326402167
36.0349543419005,44.6671330187941,3.83382982915466
519.792312999179,132.939798729076,4.83625024082017
NA,NA,NA
658.140948704844,331.19551389731,3.6686933159738
452.494777297406,299.138235155859,3.5978084045228
14.1263031917553,491.131991910303,3.60277104483466
558.307209427092,53.7584320331308,4.20412418266703
73.9265951681558,374.301291388622,4.00504536635972
226.703923615463,408.399484511906,3.959308578456
431.155171630496,12.7622772020738,3.47098515169542
362.466109192861,291.337045289818,3.04392978657178
601.986640561322,105.641312123495,4.26090048504177
394.277755388281,230.20764011185,4.16444048809273
574.471187207305,413.057974280221,4.70492279820657
142.515885620473,283.030634258179,4.657289188088
197.513939684946,371.993180084538,4.06729405568131
125.332343518189,412.537338002715,3.57025317017981
627.218006733656,312.12684030809,4.44486047631519
-2.29012707250496,144.178422467373,4.27865664466298
541.211771486269,207.012308041197,4.22347144032565
33.3914979447055,490.662902998896,3.0215493538316
278.076575584833,23.6243516018174,4.03706247852714
536.780886211583,391.169957641858,3.21359933908982
69.1241120045618,81.1703801855799,5.33655615464495
5.49328015716069,77.8982045250475,3.47467402662436
589.246265298089,227.578561149273,3.99200183983565
446.145144864058,457.557654702765,4.70197003879515
657.112940865284,374.179055479171,3.02509320050863
103.585916194195,491.825326696689,4.31968615942417
623.262535345224,92.409378792313,4.08862274223867
421.724682848285,258.358072303584,3.66328503442277
13.5393585906107,182.42570231192,3.23994116669431
57.588522452584,107.53903488395,4.50964743547423
603.994461305513,215.412196760667,4.33816940172051
256.28085327461,218.735107243627,3.22470246107833
575.899810355849,437.603807501449,3.81904324966883
297.858172909478,141.058492884032,3.84730594814929
530.147523797519,453.443344410431,3.44220168728565
45.0865668492087,421.733562258829,4.14657090188075
188.757137160066,276.986346380283,4.04166276874778
551.412214622805,261.06269320656,3.71346440184993
166.987213088049,38.7388090653353,4.23967573873266
504.865302858716,341.207467653882,4.80385326402167
36.0349543419005,44.6671330187941,3.83382982915466
519.792312999179,132.939798729076,4.83625024082017
NA,NA,NA
667.423689804099,331.105279173805,3.57334980541393
454.729167677223,302.153602271205,3.57259584889939
12.3206911758061,496.89366263678,3.61041970462801
563.71924735832,54.0926406527903,4.27893049681471
71.5310988873301,377.31686029697,4.04439086841139
227.470852463033,408.84190793368,3.99874818400373
427.964326570743,10.8745637393124,3.29249952489799
360.086641704568,291.472423250885,3.0210440736365
607.603009436978,99.0200663270497,4.29837662182732
395.61864626777,234.517110743968,4.20980574479364
565.626382683063,412.216119953806,4.7615477524003
144.271513282017,276.917263013041,4.51029726124287
198.19820383827,366.15935885721,4.1488280146265
125.213666402357,408.132438224843,3.45507417859309
624.612155346251,312.043254350087,4.49190806542141
4.01187616102076,148.135981966417,4.33100737508887
544.402585613949,203.710218845939,4.26243348118255
32.7581488527491,489.783488742679,3.11685679569446
278.67947144189,23.7668263442502,3.94326422838869
532.140971130218,392.742065924834,3.37848391920804
82.75505641324,80.646864117369,5.30740555834277
7.07417447080209,73.8182419051601,3.46277088463765
587.896251767206,223.907980647677,4.04898432445749
439.628597667686,454.350775309984,4.80740244036295
659.739839138769,373.878564165835,2.94796919680806
106.744595415536,482.963622274442,4.27753080662521
621.568726736997,86.6534119291492,4.07635378274169
423.069187899039,258.433969715768,3.60805396283704
11.9567434789435,181.68019879035,2.93191922243165
64.0898485014177,114.816770007781,4.58966130570407
607.580136547524,185.13558667999,4.47348857572648
249.223647435959,221.60201071219,3.66036773434853
563.751391617556,439.704107436661,3.80770032999385
299.231395595759,135.967923931136,3.83678198971413
520.924152499204,454.633394162985,3.62581702746779
30.2314811171345,419.383031717152,3.71910169205291
201.685589244905,286.445807851716,3.77999812323225
554.841206967555,264.142580300112,3.9102371774904
169.625104646619,39.1330784196707,4.41706950872005
513.195119075696,337.670174241619,4.36862422304382
34.6653619459223,51.5798201677739,3.8869714860538
527.593830116693,137.643863297955,4.42200095590231
NA,NA,NA
667.423689804099,331.105279173805,3.57334980541393
454.729167677223,302.153602271205,3.57259584889939
12.3206911758061,496.89366263678,3.61041970462801
563.71924735832,54.0926406527903,4.27893049681471
71.5310988873301,377.31686029697,4.04439086841139
227.470852463033,408.84190793368,3.99874818400373
427.964326570743,10.8745637393124,3.29249952489799
360.086641704568,291.472423250885,3.0210440736365
607.603009436978,99.0200663270497,4.29837662182732
395.61864626777,234.517110743968,4.20980574479364
565.626382683063,412.216119953806,4.7615477524003
144.271513282017,276.917263013041,4.51029726124287
198.19820383827,366.15935885721,4.1488280146265
125.213666402357,408.132438224843,3.45507417859309
624.612155346251,312.043254350087,4.49190806542141
4.01187616102076,148.135981966417,4.33100737508887
544.402585613949,203.710218845939,4.26243348118255
32.7581488527491,489.783488742679,3.11685679569446
278.67947144189,23.7668263442502,3.94326422838869
532.140971130218,392.742065924834,3.37848391920804
82.75505641324,80.646864117369,5.30740555834277
7.07417447080209,73.8182419051601,3.46277088463765
587.896251767206,223.907980647677,4.04898432445749
439.628597667686,454.350775309984,4.80740244036295
659.739839138769,373.878564165835,2.94796919680806
106.744595415536,482.963622274442,4.27753080662521
621.568726736997,86.6534119291492,4.07635378274169
423.069187899039,258.433969715768,3.60805396283704
11.9567434789435,181.68019879035,2.93191922243165
64.0898485014177,114.816770007781,4.58966130570407
607.580136547524,185.13558667999,4.47348857572648
249.223647435959,221.60201071219,3.66036773434853
563.751391617556,439.704107436661,3.80770032999385
299.231395595759,135.967923931136,3.83678198971413
520.924152499204,454.633394162985,3.62581702746779
30.2314811171345,419.383031717152,3.71910169205291
201.685589244905,286.445807851716,3.77999812323225
554.841206967555,264.142580300112,3.9102371774904
169.625104646619,39.1330784196707,4.41706950872005
513.195119075696,337.670174241619,4.36862422304382
34.6653619459223,51.5798201677739,3.8869714860538
527.593830116693,137.643863297955,4.42200095590231
NA,NA,NA
667.423689804099,331.105279173805,3.57334980541393
454.729167677223,302.153602271205,3.57259584889939
12.3206911758061,496.89366263678,3.61041970462801
563.71924735832,54.0926406527903,4.27893049681471
71.5310988873301,377.31686029697,4.04439086841139
227.470852463033,408.84190793368,3.99874818400373
427.964326570743,10.8745637393124,3.29249952489799
360.086641704568,291.472423250885,3.0210440736365
607.603009436978,99.0200663270497,4.29837662182732
395.61864626777,234.517110743968,4.20980574479364
565.626382683063,412.216119953806,4.7615477524003
144.271513282017,276.917263013041,4.51029726124287
198.19820383827,366.15935885721,4.1488280146265
125.213666402357,408.132438224843,3.45507417859309
624.612155346251,312.043254350087,4.49190806542141
4.01187616102076,148.135981966417,4.33100737508887
544.402585613949,203.710218845939,4.26243348118255
32.7581488527491,489.783488742679,3.11685679569446
278.67947144189,23.7668263442502,3.94326422838869
532.140971130218,392.742065924834,3.37848391920804
82.75505641324,80.646864117369,5.30740555834277
7.07417447080209,73.8182419051601,3.46277088463765
587.896251767206,223.907980647677,4.04898432445749
439.628597667686,454.350775309984,4.80740244036295
659.739839138769,373.878564165835,2.94796919680806
106.744595415536,482.963622274442,4.27753080662521
621.568726736997,86.6534119291492,4.07635378274169
423.069187899039,258.433969715768,3.60805396283704
11.9567434789435,181.68019879035,2.93191922243165
64.0898485014177,114.816770007781,4.58966130570407
607.580136547524,185.13558667999,4.47348857572648
249.223647435959,221.60201071219,3.66036773434853
563.751391617556,439.704107436661,3.80770032999385
299.231395595759,135.967923931136,3.83678198971413
520.924152499204,454.633394162985,3.62581702746779
30.2314811171345,419.383031717152,3.71910169205291
201.685589244905,286.445807851716,3.77999812323225
554.841206967555,264.142580300112,3.9102371774904
169.625104646619,39.1330784196707,4.41706950872005
513.195119075696,337.670174241619,4.36862422304382
34.6653619459223,51.5798201677739,3.8869714860538
527.593830116693,137.643863297955,4.42200095590231
NA,NA,NA
667.423689804099,331.105279173805,3.57334980541393
454.729167677223,302.153602271205,3.57259584889939
12.3206911758061,496.89366263678,3.61041970462801
563.71924735832,54.0926406527903,4.27893049681471
71.5310988873301,377.31686029697,4.04439086841139
227.470852463033,408.84190793368,3.99874818400373
427.964326570743,10.8745637393124,3.29249952489799
360.086641704568,291.472423250885,3.0210440736365
607.603009436978,99.0200663270497,4.29837662182732
395.61864626777,234.517110743968,4.20980574479364
565.626382683063,412.216119953806,4.7615477524003
144.271513282017,276.917263013041,4.51029726124287
198.19820383827,366.15935885721,4.1488280146265
125.213666402357,408.132438224843,3.45507417859309
624.612155346251,312.043254350087,4.49190806542141
4.01187616102076,148.135981966417,4.33100737508887
544.402585613949,203.710218845939,4.26243348118255
32.7581488527491,489.783488742679,3.11685679569446
278.67947144189,23.7668263442502,3.94326422838869
532.140971130218,392.742065924834,3.37848391920804
82.75505641324,80.646864117369,5.30740555834277
7.07417447080209,73.8182419051601,3.46277088463765
587.896251767206,223.907980647677,4.04898432445749
439.628597667686,454.350775309984,4.80740244036295
659.739839138769,373.878564165835,2.94796919680806
106.744595415536,482.963622274442,4.27753080662521
621.568726736997,86.6534119291492,4.07635378274169
423.069187899039,258.433969715768,3.60805396283704
11.9567434789435,181.68019879035,2.93191922243165
64.0898485014177,114.816770007781,4.58966130570407
607.580136547524,185.13558667999,4.47348857572648
249.223647435959,221.60201071219,3.66036773434853
563.751391617556,439.704107436661,3.80770032999385
299.231395595759,135.967923931136,3.83678198971413
520.924152499204,454.633394162985,3.62581702746779
30.2314811171345,419.383031717152,3.71910169205291
201.685589244905,286.445807851716,3.77999812323225
554.841206967555,264.142580300112,3.9102371774904
169.625104646619,39.1330784196707,4.41706950872005
513.195119075696,337.670174241619,4.36862422304382
34.6653619459223,51.5798201677739,3.8869714860538
527.593830116693,137.643863297955,4.42200095590231
NA,NA,NA
667.423689804099,331.105279173805,3.57334980541393
454.729167677223,302.153602271205,3.57259584889939
12.3206911758061,496.89366263678,3.61041970462801
563.71924735832,54.0926406527903,4.27893049681471
71.5310988873301,377.31686029697,4.04439086841139
227.470852463033,408.84190793368,3.99874818400373
427.964326570743,10.8745637393124,3.29249952489799
360.086641704568,291.472423250885,3.0210440736365
607.603009436978,99.0200663270497,4.29837662182732
395.61864626777,234.517110743968,4.20980574479364
565.626382683063,412.216119953806,4.7615477524003
144.271513282017,276.917263013041,4.51029726124287
198.19820383827,366.15935885721,4.1488280146265
125.213666402357,408.132438224843,3.45507417859309
624.612155346251,312.043254350087,4.49190806542141
4.01187616102076,148.135981966417,4.33100737508887
544.402585613949,203.710218845939,4.26243348118255
32.7581488527491,489.783488742679,3.11685679569446
278.67947144189,23.7668263442502,3.94326422838869
532.140971130218,392.742065924834,3.37848391920804
82.75505641324,80.646864117369,5.30740555834277
7.07417447080209,73.8182419051601,3.46277088463765
587.896251767206,223.907980647677,4.04898432445749
439.628597667686,454.350775309984,4.80740244036295
659.739839138769,373.878564165835,2.94796919680806
106.744595415536,482.963622274442,4.27753080662521
621.568726736997,86.6534119291492,4.07635378274169
423.069187899039,258.433969715768,3.60805396283704
11.9567434789435,181.68019879035,2.93191922243165
64.0898485014177,114.816770007781,4.58966130570407
607.580136547524,185.13558667999,4.47348857572648
249.223647435959,221.60201071219,3.66036773434853
563.751391617556,439.704107436661,3.80770032999385
299.231395595759,135.967923931136,3.83678198971413
520.924152499204,454.633394162985,3.62581702746779
30.2314811171345,419.383031717152,3.71910169205291
201.685589244905,286.445807851716,3.77999812323225
554.841206967555,264.142580300112,3.9102371774904
169.625104646619,39.1330784196707,4.41706950872005
513.195119075696,337.670174241619,4.36862422304382
34.6653619459223,51.5798201677739,3.8869714860538
527.593830116693,137.643863297955,4.42200095590231
NA,NA,NA
667.423689804099,331.105279173805,3.57334980541393
454.729167677223,302.153602271205,3.57259584889939
12.3206911758061,496.89366263678,3.61041970462801
563.71924735832,54.0926406527903,4.27893049681471
71.5310988873301,377.31686029697,4.04439086841139
227.470852463033,408.84190793368,3.99874818400373
427.964326570743,10.8745637393124,3.29249952489799
360.086641704568,291.472423250885,3.0210440736365
607.603009436978,99.0200663270497,4.29837662182732
395.61864626777,234.517110743968,4.20980574479364
565.626382683063,412.216119953806,4.7615477524003
144.271513282017,276.917263013041,4.51029726124287
198.19820383827,366.15935885721,4.1488280146265
125.213666402357,408.132438224843,3.45507417859309
624.612155346251,312.043254350087,4.49190806542141
4.01187616102076,148.135981966417,4.33100737508887
544.402585613949,203.710218845939,4.26243348118255
32.7581488527491,489.783488742679,3.11685679569446
278.67947144189,23.7668263442502,3.94326422838869
532.140971130218,392.742065924834,3.37848391920804
82.75505641324,80.646864117369,5.30740555834277
7.07417447080209,73.8182419051601,3.46277088463765
587.896251767206,223.907980647677,4.04898432445749
439.628597667686,454.350775309984,4.80740244036295
659.739839138769,373.878564165835,2.94796919680806
106.744595415536,482.963622274442,4.27753080662521
621.568726736997,86.6534119291492,4.07635378274169
423.069187899039,258.433969715768,3.60805396283704
11.9567434789435,181.68019879035,2.93191922243165
64.0898485014177,114.816770007781,4.58966130570407
607.580136547524,185.13558667999,4.47348857572648
249.223647435959,221.60201071219,3.66036773434853
563.751391617556,439.704107436661,3.80770032999385
299.231395595759,135.967923931136,3.83678198971413
520.924152499204,454.633394162985,3.62581702746779
30.2314811171345,419.383031717152,3.71910169205291
201.685589244905,286.445807851716,3.77999812323225
554.841206967555,264.142580300112,3.9102371774904
169.625104646619,39.1330784196707,4.41706950872005
513.195119075696,337.670174241619,4.36862422304382
34.6653619459223,51.5798201677739,3.8869714860538
527.593830116693,137.643863297955,4.42200095590231
NA,NA,NA
665.017941834258,333.139041257826,3.57870868677727
454.959527813437,301.40111575915,3.62966074513359
13.6000217429083,497.060648899621,3.48456970123727
562.608286262813,49.754172777918,4.17528968455674
73.2666089721024,378.105548698817,3.98017171174744
231.784161071084,412.908124433368,3.79058511204646
428.861417775491,12.8432876844481,3.41921572509918
364.543066453996,291.717513038024,2.98425634825881
600.610603105642,106.015109948845,4.04386996064694
392.304413337337,225.668409951287,4.17409665620683
568.36858247069,403.997120337639,4.67295155686638
137.867732539703,281.507954739985,4.53795233609414
201.609645863421,372.001414881409,4.09404232070493
124.706319222993,410.069392274649,3.59512628614194
629.959558046084,311.10475516514,4.50459777981984
0.969034747408387,147.195866010217,4.28297979772367
542.423717868159,200.515135203136,4.2153453330145
34.1031524428969,490.020084938943,3.12377863627265
276.112185387771,20.7538048162199,4.02987873896784
537.12033801518,393.410530512311,3.38994702424919
71.0903920094469,70.8163913066049,5.12912585725139
3.25061317100708,74.9217691555877,3.42347865778307
586.941870516668,228.530217666649,3.98213829088332
438.950284277172,461.990254447893,4.71258160745587
659.931091634657,373.811493948838,3.10939981306826
103.604517876947,484.124468696343,4.36864886212535
628.285043404769,87.6462715818739,4.04544329618889
419.844451099586,257.160502686634,3.62417676908379
10.9531834777838,179.076354738007,3.08705896538787
67.5911224597557,105.316730809206,4.58090983042886
618.110036806253,197.625280810676,4.41430094540727
254.198237203268,220.743420777813,3.93650120876311
570.785184473273,437.879679522643,3.91168158468112
300.877996154036,131.613805156355,3.79290265890129
528.025487765785,455.457757483324,3.54823292357215
53.9358784193522,421.028842627961,4.09159822141899
199.936346549156,289.338901052986,4.24608941361515
545.936924268397,262.843033203698,3.71638728217602
167.251175689701,18.5960958088196,3.93152857982665
500.974299095734,340.223166090744,4.67686398949309
41.6188081508886,52.7718546142664,4.14036119679776
534.444434460707,152.128960023848,4.59381504466186
NA,NA,NA
665.017941834258,333.139041257826,3.57870868677727
454.959527813437,301.40111575915,3.62966074513359
13.6000217429083,497.060648899621,3.48456970123727
562.608286262813,49.754172777918,4.17528968455674
73.2666089721024,378.105548698817,3.98017171174744
231.784161071084,412.908124433368,3.79058511204646
428.861417775491,12.8432876844481,3.41921572509918
364.543066453996,291.717513038024,2.98425634825881
600.610603105642,106.015109948845,4.04386996064694
392.304413337337,225.668409951287,4.17409665620683
568.36858247069,403.997120337639,4.67295155686638
137.867732539703,281.507954739985,4.53795233609414
201.609645863421,372.001414881409,4.09404232070493
124.706319222993,410.069392274649,3.59512628614194
629.959558046084,311.10475516514,4.50459777981984
0.969034747408387,147.195866010217,4.28297979772367
542.423717868159,200.515135203136,4.2153453330145
34.1031524428969,490.020084938943,3.12377863627265
276.112185387771,20.7538048162199,4.02987873896784
537.12033801518,393.410530512311,3.38994702424919
71.0903920094469,70.8163913066049,5.12912585725139
3.25061317100708,74.9217691555877,3.42347865778307
586.941870516668,228.530217666649,3.98213829088332
438.950284277172,461.990254447893,4.71258160745587
659.931091634657,373.811493948838,3.10939981306826
103.604517876947,484.124468696343,4.36864886212535
628.285043404769,87.6462715818739,4.04544329618889
419.844451099586,257.160502686634,3.62417676908379
10.9531834777838,179.076354738007,3.08705896538787
67.5911224597557,105.316730809206,4.58090983042886
618.110036806253,197.625280810676,4.41430094540727
254.198237203268,220.743420777813,3.93650120876311
570.785184473273,437.879679522643,3.91168158468112
300.877996154036,131.613805156355,3.79290265890129
528.025487765785,455.457757483324,3.54823292357215
53.9358784193522,421.028842627961,4.09159822141899
199.936346549156,289.338901052986,4.24608941361515
545.936924268397,262.843033203698,3.71638728217602
167.251175689701,18.5960958088196,3.93152857982665
500.974299095734,340.223166090744,4.67686398949309
41.6188081508886,52.7718546142664,4.14036119679776
534.444434460707,152.128960023848,4.59381504466186
NA,NA,NA
665.017941834258,333.139041257826,3.57870868677727
454.959527813437,301.40111575915,3.62966074513359
13.6000217429083,497.060648899621,3.48456970123727
562.608286262813,49.754172777918,4.17528968455674
73.2666089721024,378.105548698817,3.98017171174744
231.784161071084,412.908124433368,3.79058511204646
428.861417775491,12.8432876844481,3.41921572509918
364.543066453996,291.717513038024,2.98425634825881
600.610603105642,106.015109948845,4.04386996064694
392.304413337337,225.668409951287,4.17409665620683
568.36858247069,403.997120337639,4.67295155686638
137.867732539703,281.507954739985,4.53795233609414
201.609645863421,372.001414881409,4.09404232070493
124.706319222993,410.069392274649,3.59512628614194
629.959558046084,311.10475516514,4.50459777981984
0.969034747408387,147.195866010217,4.28297979772367
542.423717868159,200.515135203136,4.2153453330145
34.1031524428969,490.020084938943,3.12377863627265
276.112185387771,20.7538048162199,4.02987873896784
537.12033801518,393.410530512311,3.38994702424919
71.0903920094469,70.8163913066049,5.12912585725139
3.25061317100708,74.9217691555877,3.42347865778307
586.941870516668,228.530217666649,3.98213829088332
438.950284277172,461.990254447893,4.71258160745587
659.931091634657,373.811493948838,3.10939981306826
103.604517876947,484.124468696343,4.36864886212535
628.285043404769,87.6462715818739,4.04544329618889
419.844451099586,257.160502686634,3.62417676908379
10.9531834777838,179.076354738007,3.08705896538787
67.5911224597557,105.316730809206,4.58090983042886
618.110036806253,197.625280810676,4.41430094540727
254.198237203268,220.743420777813,3.93650120876311
570.785184473273,437.879679522643,3.91168158468112
300.877996154036,131.613805156355,3.79290265890129
528.025487765785,455.457757483324,3.54823292357215
53.9358784193522,421.028842627961,4.09159822141899
199.936346549156,289.338901052986,4.24608941361515
545.936924268397,262.843033203698,3.71638728217602
167.251175689701,18.5960958088196,3.93152857982665
500.974299095734,340.223166090744,4.67686398949309
41.6188081508886,52.7718546142664,4.14036119679776
534.444434460707,152.128960023848,4.59381504466186
NA,NA,NA
665.017941834258,333.139041257826,3.57870868677727
454.959527813437,301.40111575915,3.62966074513359
13.6000217429083,497.060648899621,3.48456970123727
562.608286262813,49.754172777918,4.17528968455674
73.2666089721024,378.105548698817,3.98017171174744
231.784161071084,412.908124433368,3.79058511204646
428.861417775491,12.8432876844481,3.41921572509918
364.543066453996,291.717513038024,2.98425634825881
600.610603105642,106.015109948845,4.04386996064694
392.304413337337,225.668409951287,4.17409665620683
568.36858247069,403.997120337639,4.67295155686638
137.867732539703,281.507954739985,4.53795233609414
201.609645863421,372.001414881409,4.09404232070493
124.706319222993,410.069392274649,3.59512628614194
629.959558046084,311.10475516514,4.50459777981984
0.969034747408387,147.195866010217,4.28297979772367
542.423717868159,200.515135203136,4.2153453330145
34.1031524428969,490.020084938943,3.12377863627265
276.112185387771,20.7538048162199,4.02987873896784
537.12033801518,393.410530512311,3.38994702424919
71.0903920094469,70.8163913066049,5.12912585725139
3.25061317100708,74.9217691555877,3.42347865778307
586.941870516668,228.530217666649,3.98213829088332
438.950284277172,461.990254447893,4.71258160745587
659.931091634657,373.811493948838,3.10939981306826
103.604517876947,484.124468696343,4.36864886212535
628.285043404769,87.6462715818739,4.04544329618889
419.844451099586,257.160502686634,3.62417676908379
10.9531834777838,179.076354738007,3.08705896538787
67.5911224597557,105.316730809206,4.58090983042886
618.110036806253,197.625280810676,4.41430094540727
254.198237203268,220.743420777813,3.93650120876311
570.785184473273,437.879679522643,3.91168158468112
300.877996154036,131.613805156355,3.79290265890129
528.025487765785,455.457757483324,3.54823292357215
53.9358784193522,421.028842627961,4.09159822141899
199.936346549156,289.338901052986,4.24608941361515
545.936924268397,262.843033203698,3.71638728217602
167.251175689701,18.5960958088196,3.93152857982665
500.974299095734,340.223166090744,4.67686398949309
41.6188081508886,52.7718546142664,4.14036119679776
534.444434460707,152.128960023848,4.59381504466186
NA,NA,NA
665.017941834258,333.139041257826,3.57870868677727
454.959527813437,301.40111575915,3.62966074513359
13.6000217429083,497.060648899621,3.48456970123727
562.608286262813,49.754172777918,4.17528968455674
73.2666089721024,378.105548698817,3.98017171174744
231.784161071084,412.908124433368,3.79058511204646
428.861417775491,12.8432876844481,3.41921572509918
364.543066453996,291.717513038024,2.98425634825881
600.610603105642,106.015109948845,4.04386996064694
392.304413337337,225.668409951287,4.17409665620683
568.36858247069,403.997120337639,4.67295155686638
137.867732539703,281.507954739985,4.53795233609414
201.609645863421,372.001414881409,4.09404232070493
124.706319222993,410.069392274649,3.59512628614194
629.959558046084,311.10475516514,4.50459777981984
0.969034747408387,147.195866010217,4.28297979772367
542.423717868159,200.515135203136,4.2153453330145
34.1031524428969,490.020084938943,3.12377863627265
276.112185387771,20.7538048162199,4.02987873896784
537.12033801518,393.410530512311,3.38994702424919
71.0903920094469,70.8163913066049,5.12912585725139
3.25061317100708,74.9217691555877,3.42347865778307
586.941870516668,228.530217666649,3.98213829088332
438.950284277172,461.990254447893,4.71258160745587
659.931091634657,373.811493948838,3.10939981306826
103.604517876947,484.124468696343,4.36864886212535
628.285043404769,87.6462715818739,4.04544329618889
419.844451099586,257.160502686634,3.62417676908379
10.9531834777838,179.076354738007,3.08705896538787
67.5911224597557,105.316730809206,4.58090983042886
618.110036806253,197.625280810676,4.41430094540727
254.198237203268,220.743420777813,3.93650120876311
570.785184473273,437.879679522643,3.91168158468112
300.877996154036,131.613805156355,3.79290265890129
528.025487765785,455.457757483324,3.54823292357215
53.9358784193522,421.028842627961,4.09159822141899
199.936346549156,289.338901052986,4.24608941361515
545.936924268397,262.843033203698,3.71638728217602
167.251175689701,18.5960958088196,3.93152857982665
500.974299095734,340.223166090744,4.67686398949309
41.6188081508886,52.7718546142664,4.14036119679776
534.444434460707,152.128960023848,4.59381504466186
NA,NA,NA
665.017941834258,333.139041257826,3.57870868677727
454.959527813437,301.40111575915,3.62966074513359
13.6000217429083,497.060648899621,3.48456970123727
562.608286262813,49.754172777918,4.17528968455674
73.2666089721024,378.105548698817,3.98017171174744
231.784161071084,412.908124433368,3.79058511204646
428.861417775491,12.8432876844481,3.41921572509918
364.543066453996,291.717513038024,2.98425634825881
600.610603105642,106.015109948845,4.04386996064694
392.304413337337,225.668409951287,4.17409665620683
568.36858247069,403.997120337639,4.67295155686638
137.867732539703,281.507954739985,4.53795233609414
201.609645863421,372.001414881409,4.09404232070493
124.706319222993,410.069392274649,3.59512628614194
629.959558046084,311.10475516514,4.50459777981984
0.969034747408387,147.195866010217,4.28297979772367
542.423717868159,200.515135203136,4.2153453330145
34.1031524428969,490.020084938943,3.12377863627265
276.112185387771,20.7538048162199,4.02987873896784
537.12033801518,393.410530512311,3.38994702424919
71.0903920094469,70.8163913066049,5.12912585725139
3.25061317100708,74.9217691555877,3.42347865778307
586.941870516668,228.530217666649,3.98213829088332
438.950284277172,461.990254447893,4.71258160745587
659.931091634657,373.811493948838,3.10939981306826
103.604517876947,484.124468696343,4.36864886212535
628.285043404769,87.6462715818739,4.04544329618889
419.844451099586,257.160502686634,3.62417676908379
10.9531834777838,179.076354738007,3.08705896538787
67.5911224597557,105.316730809206,4.58090983042886
618.110036806253,197.625280810676,4.41430094540727
254.198237203268,220.743420777813,3.93650120876311
570.785184473273,437.879679522643,3.91168158468112
300.877996154036,131.613805156355,3.79290265890129
528.025487765785,455.457757483324,3.54823292357215
53.9358784193522,421.028842627961,4.09159822141899
199.936346549156,289.338901052986,4.24608941361515
545.936924268397,262.843033203698,3.71638728217602
167.251175689701,18.5960958088196,3.93152857982665
500.974299095734,340.223166090744,4.67686398949309
41.6188081508886,52.7718546142664,4.14036119679776
534.444434460707,152.128960023848,4.59381504466186
NA,NA,NA
662.733916329593,334.267459749753,3.45225346547636
454.191166555696,302.552790949449,3.66555973174645
12.4185405939778,493.309330299515,3.55581675562413
562.580378504299,51.4797381537997,4.28384586024874
77.0863305264448,372.644286666265,3.9576024304801
229.144383918548,412.998800246266,3.91647619989509
429.094358894435,14.3129309396821,3.22135087329281
360.471968522152,293.235367296257,2.92805528159516
608.409669017564,108.233397419381,4.25002475944887
392.352476282629,231.954248818937,4.1239951843699
574.635804906948,405.51056697366,4.72745913336324
135.015194791073,280.6577290232,4.49757821812915
204.081899395167,373.886713616422,3.97596015695507
125.060190056128,410.578110141616,3.40834248525743
628.03120755046,313.391924462032,4.667708034249
5.97176603961322,150.651830611798,4.22749884532405
544.259640745837,199.16921988439,4.24005046534572
36.1395063576823,490.497585979317,2.90953971856644
283.071061613249,24.3359326173147,4.0755415491711
531.283418945791,394.648966294175,3.45674604467217
67.1900776299509,74.0554272790395,5.25472259281465
4.38544750429769,78.6578604738373,3.67135095176969
586.812193854499,227.29571052675,4.0992182445618
446.81622246491,466.504658771199,4.7960947719363
657.030544194802,374.018883876993,2.98065852643324
110.743674136052,484.237570628063,4.32047098870477
626.627499389342,87.3027055198496,4.14613282135735
420.646497882471,256.879519417107,3.59040687739935
11.3360086537878,181.217458758955,3.05198358275548
68.1323028722243,109.796920108156,4.48378308489001
615.630189523265,196.111085974482,4.4087317970386
261.599634457366,227.336707086405,3.92946610600993
575.951883389689,439.596232218832,4.05254786969296
301.926726363953,134.641344842567,4.03791230663794
528.470588099161,454.178142370301,3.58246765031516
52.5177740293243,423.919790662283,3.98573623472789
198.493296169264,282.699347997232,3.71228501238456
560.811607591703,265.229898886189,3.72119409660201
147.003134322395,31.8850069033652,4.34892329262095
502.336278478802,346.079774053463,4.41753800975609
42.1773120564733,46.9618569536498,3.49457431572696
534.884646357838,160.635638965675,4.4786613566784
NA,NA,NA
662.733916329593,334.267459749753,3.45225346547636
454.191166555696,302.552790949449,3.66555973174645
12.4185405939778,493.309330299515,3.55581675562413
562.580378504299,51.4797381537997,4.28384586024874
77.0863305264448,372.644286666265,3.9576024304801
229.144383918548,412.998800246266,3.91647619989509
429.094358894435,14.3129309396821,3.22135087329281
360.471968522152,293.235367296257,2.92805528159516
608.409669017564,108.233397419381,4.25002475944887
392.352476282629,231.954248818937,4.1239951843699
574.635804906948,405.51056697366,4.72745913336324
135.015194791073,280.6577290232,4.49757821812915
204.081899395167,373.886713616422,3.97596015695507
125.060190056128,410.578110141616,3.40834248525743
628.03120755046,313.391924462032,4.667708034249
5.97176603961322,150.651830611798,4.22749884532405
544.259640745837,199.16921988439,4.24005046534572
36.1395063576823,490.497585979317,2.90953971856644
283.071061613249,24.3359326173147,4.0755415491711
531.283418945791,394.648966294175,3.45674604467217
67.1900776299509,74.0554272790395,5.25472259281465
4.38544750429769,78.6578604738373,3.67135095176969
586.812193854499,227.29571052675,4.0992182445618
446.81622246491,466.504658771199,4.7960947719363
657.030544194802,374.018883876993,2.98065852643324
110.743674136052,484.237570628063,4.32047098870477
626.627499389342,87.3027055198496,4.14613282135735
420.646497882471,256.879519417107,3.59040687739935
11.3360086537878,181.217458758955,3.05198358275548
68.1323028722243,109.796920108156,4.48378308489001
615.630189523265,196.111085974482,4.4087317970386
261.599634457366,227.336707086405,3.92946610600993
575.951883389689,439.596232218832,4.05254786969296
301.926726363953,134.641344842567,4.03791230663794
528.470588099161,454.178142370301,3.58246765031516
52.5177740293243,423.919790662283,3.98573623472789
198.493296169264,282.699347997232,3.71228501238456
560.811607591703,265.229898886189,3.72119409660201
147.003134322395,31.8850069033652,4.34892329262095
502.336278478802,346.079774053463,4.41753800975609
42.1773120564733,46.9618569536498,3.49457431572696
534.884646357838,160.635638965675,4.4786613566784
NA,NA,NA
662.733916329593,334.267459749753,3.45225346547636
454.191166555696,302.552790949449,3.66555973174645
12.4185405939778,493.309330299515,3.55581675562413
562.580378504299,51.4797381537997,4.28384586024874
77.0863305264448,372.644286666265,3.9576024304801
229.144383918548,412.998800246266,3.91647619989509
429.094358894435,14.3129309396821,3.22135087329281
360.471968522152,293.235367296257,2.92805528159516
608.409669017564,108.233397419381,4.25002475944887
392.352476282629,231.954248818937,4.1239951843699
574.635804906948,405.51056697366,4.72745913336324
135.015194791073,280.6577290232,4.49757821812915
204.081899395167,373.886713616422,3.97596015695507
125.060190056128,410.578110141616,3.40834248525743
628.03120755046,313.391924462032,4.667708034249
5.97176603961322,150.651830611798,4.22749884532405
544.259640745837,199.16921988439,4.24005046534572
36.1395063576823,490.497585979317,2.90953971856644
283.071061613249,24.3359326173147,4.0755415491711
531.283418945791,394.648966294175,3.45674604467217
67.1900776299509,74.0554272790395,5.25472259281465
4.38544750429769,78.6578604738373,3.67135095176969
586.812193854499,227.29571052675,4.0992182445618
446.81622246491,466.504658771199,4.7960947719363
657.030544194802,374.018883876993,2.98065852643324
110.743674136052,484.237570628063,4.32047098870477
626.627499389342,87.3027055198496,4.14613282135735
420.646497882471,256.879519417107,3.59040687739935
11.3360086537878,181.217458758955,3.05198358275548
68.1323028722243,109.796920108156,4.48378308489001
615.630189523265,196.111085974482,4.4087317970386
261.599634457366,227.336707086405,3.92946610600993
575.951883389689,439.596232218832,4.05254786969296
301.926726363953,134.641344842567,4.03791230663794
528.470588099161,454.178142370301,3.58246765031516
52.5177740293243,423.919790662283,3.98573623472789
198.493296169264,282.699347997232,3.71228501238456
560.811607591703,265.229898886189,3.72119409660201
147.003134322395,31.8850069033652,4.34892329262095
502.336278478802,346.079774053463,4.41753800975609
42.1773120564733,46.9618569536498,3.49457431572696
534.884646357838,160.635638965675,4.4786613566784
NA,NA,NA
662.733916329593,334.267459749753,3.45225346547636
454.191166555696,302.552790949449,3.66555973174645
12.4185405939778,493.309330299515,3.55581675562413
562.580378504299,51.4797381537997,4.28384586024874
77.0863305264448,372.644286666265,3.9576024304801
229.144383918548,412.998800246266,3.91647619989509
429.094358894435,14.3129309396821,3.22135087329281
360.471968522152,293.235367296257,2.92805528159516
608.409669017564,108.233397419381,4.25002475944887
392.352476282629,231.954248818937,4.1239951843699
574.635804906948,405.51056697366,4.72745913336324
135.015194791073,280.6577290232,4.49757821812915
204.081899395167,373.886713616422,3.97596015695507
125.060190056128,410.578110141616,3.40834248525743
628.03120755046,313.391924462032,4.667708034249
5.97176603961322,150.651830611798,4.22749884532405
544.259640745837,199.16921988439,4.24005046534572
36.1395063576823,490.497585979317,2.90953971856644
283.071061613249,24.3359326173147,4.0755415491711
531.283418945791,394.648966294175,3.45674604467217
67.1900776299509,74.0554272790395,5.25472259281465
4.38544750429769,78.6578604738373,3.67135095176969
586.812193854499,227.29571052675,4.0992182445618
446.81622246491,466.504658771199,4.7960947719363
657.030544194802,374.018883876993,2.98065852643324
110.743674136052,484.237570628063,4.32047098870477
626.627499389342,87.3027055198496,4.14613282135735
420.646497882471,256.879519417107,3.59040687739935
11.3360086537878,181.217458758955,3.05198358275548
68.1323028722243,109.796920108156,4.48378308489001
615.630189523265,196.111085974482,4.4087317970386
261.599634457366,227.336707086405,3.92946610600993
575.951883389689,439.596232218832,4.05254786969296
301.926726363953,134.641344842567,4.03791230663794
528.470588099161,454.178142370301,3.58246765031516
52.5177740293243,423.919790662283,3.98573623472789
198.493296169264,282.699347997232,3.71228501238456
560.811607591703,265.229898886189,3.72119409660201
147.003134322395,31.8850069033652,4.34892329262095
502.336278478802,346.079774053463,4.41753800975609
42.1773120564733,46.9618569536498,3.49457431572696
534.884646357838,160.635638965675,4.4786613566784
NA,NA,NA
662.733916329593,334.267459749753,3.45225346547636
454.191166555696,302.552790949449,3.66555973174645
12.4185405939778,493.309330299515,3.55581675562413
562.580378504299,51.4797381537997,4.28384586024874
77.0863305264448,372.644286666265,3.9576024304801
229.144383918548,412.998800246266,3.91647619989509
429.094358894435,14.3129309396821,3.22135087329281
360.471968522152,293.235367296257,2.92805528159516
608.409669017564,108.233397419381,4.25002475944887
392.352476282629,231.954248818937,4.1239951843699
574.635804906948,405.51056697366,4.72745913336324
135.015194791073,280.6577290232,4.49757821812915
204.081899395167,373.886713616422,3.97596015695507
125.060190056128,410.578110141616,3.40834248525743
628.03120755046,313.391924462032,4.667708034249
5.97176603961322,150.651830611798,4.22749884532405
544.259640745837,199.16921988439,4.24005046534572
36.1395063576823,490.497585979317,2.90953971856644
283.071061613249,24.3359326173147,4.0755415491711
531.283418945791,394.648966294175,3.45674604467217
67.1900776299509,74.0554272790395,5.25472259281465
4.38544750429769,78.6578604738373,3.67135095176969
586.812193854499,227.29571052675,4.0992182445618
446.81622246491,466.504658771199,4.7960947719363
657.030544194802,374.018883876993,2.98065852643324
110.743674136052,484.237570628063,4.32047098870477
626.627499389342,87.3027055198496,4.14613282135735
420.646497882471,256.879519417107,3.59040687739935
11.3360086537878,181.217458758955,3.05198358275548
68.1323028722243,109.796920108156,4.48378308489001
615.630189523265,196.111085974482,4.4087317970386
261.599634457366,227.336707086405,3.92946610600993
575.951883389689,439.596232218832,4.05254786969296
301.926726363953,134.641344842567,4.03791230663794
528.470588099161,454.178142370301,3.58246765031516
52.5177740293243,423.919790662283,3.98573623472789
198.493296169264,282.699347997232,3.71228501238456
560.811607591703,265.229898886189,3.72119409660201
147.003134322395,31.8850069033652,4.34892329262095
502.336278478802,346.079774053463,4.41753800975609
42.1773120564733,46.9618569536498,3.49457431572696
534.884646357838,160.635638965675,4.4786613566784
NA,NA,NA
662.733916329593,334.267459749753,3.45225346547636
454.191166555696,302.552790949449,3.66555973174645
12.4185405939778,493.309330299515,3.55581675562413
562.580378504299,51.4797381537997,4.28384586024874
77.0863305264448,372.644286666265,3.9576024304801
229.144383918548,412.998800246266,3.91647619989509
429.094358894435,14.3129309396821,3.22135087329281
360.471968522152,293.235367296257,2.92805528159516
608.409669017564,108.233397419381,4.25002475944887
392.352476282629,231.954248818937,4.1239951843699
574.635804906948,405.51056697366,4.72745913336324
135.015194791073,280.6577290232,4.49757821812915
204.081899395167,373.886713616422,3.97596015695507
125.060190056128,410.578110141616,3.40834248525743
628.03120755046,313.391924462032,4.667708034249
5.97176603961322,150.651830611798,4.22749884532405
544.259640745837,199.16921988439,4.24005046534572
36.1395063576823,490.497585979317,2.90953971856644
283.071061613249,24.3359326173147,4.0755415491711
531.283418945791,394.648966294175,3.45674604467217
67.1900776299509,74.0554272790395,5.25472259281465
4.38544750429769,78.6578604738373,3.67135095176969
586.812193854499,227.29571052675,4.0992182445618
446.81622246491,466.504658771199,4.7960947719363
657.030544194802,374.018883876993,2.98065852643324
110.743674136052,484.237570628063,4.32047098870477
626.627499389342,87.3027055198496,4.14613282135735
420.646497882471,256.879519417107,3.59040687739935
11.3360086537878,181.217458758955,3.05198358275548
68.1323028722243,109.796920108156,4.48378308489001
615.630189523265,196.111085974482,4.4087317970386
261.599634457366,227.336707086405,3.92946610600993
575.951883389689,439.596232218832,4.05254786969296
301.926726363953,134.641344842567,4.03791230663794
528.470588099161,454.178142370301,3.58246765031516
52.5177740293243,423.919790662283,3.98573623472789
198.493296169264,282.699347997232,3.71228501238456
560.811607591703,265.229898886189,3.72119409660201
147.003134322395,31.8850069033652,4.34892329262095
502.336278478802,346.079774053463,4.41753800975609
42.1773120564733,46.9618569536498,3.49457431572696
534.884646357838,160.635638965675,4.4786613566784
NA,NA,NA
661.17046247759,335.639799443619,3.5295945014948
455.433567930878,295.926534202741,3.59015086545023
11.1150297378189,496.078856088614,3.55954344274161
561.035086242157,56.2277933010075,4.13324599439488
73.2818089000268,376.287222036262,3.93953378498172
223.289934858396,414.300802467326,3.91533057041833
429.680262485501,12.4058702536516,3.27677686250153
361.731055423756,294.29197999726,3.06748862841246
603.918121584177,106.477700045406,4.23114832816307
390.399686926221,232.861386325747,4.20227927668798
561.630630731657,411.190755863603,4.73095132576212
141.879775744918,287.337310344664,4.44079128436256
199.266390396928,372.284354067811,3.94205410354019
124.837260238881,413.285809606695,3.4637429152786
622.430156421068,319.832220575987,4.63735748125582
-0.168991198003608,147.900310207555,4.28191529181843
540.972907418453,202.437339222047,4.09798185927097
33.3138568349558,491.107936870312,3.04771482718601
283.615786902328,24.9214283734395,3.77868176315706
531.910724286241,392.217452958309,3.47846319813819
75.3807828387162,71.0310432108705,5.26921640277435
6.42007185150576,75.7631481501594,3.41767818313817
591.104176050977,227.422562814438,4.0773809391626
435.519262574097,461.350534487581,4.76788499713863
658.917879402831,372.244058178289,3.05591130969461
101.044591351355,490.771482366668,4.41371469433624
627.654513454753,87.6612487845092,4.13787641678449
417.91495792685,258.143824545635,3.6807938251083
11.7798147202298,180.200413453483,3.23593193867852
64.6709210515729,104.975515998797,4.37701618297605
605.996168975705,207.112310535843,4.21039922872485
254.506361816409,208.967489881375,3.78694205932092
570.104700749495,433.23754028995,3.64190471762888
300.350270682812,137.332285433945,3.92822473920635
534.222103701732,453.722368691414,3.73361098194489
46.1909899201143,423.839828928787,4.08414797632162
198.515733136367,286.718442782362,3.96591103127228
548.911872381685,256.494422546506,3.95419040133113
159.176304710322,30.7952711977505,4.15358162211005
508.262718312526,342.967979832615,4.35854705225799
31.6552270583542,49.0858681785511,3.85610563003769
531.252439316905,145.229258069355,5.00309814383036
NA,NA,NA
661.17046247759,335.639799443619,3.5295945014948
455.433567930878,295.926534202741,3.59015086545023
11.1150297378189,496.078856088614,3.55954344274161
561.035086242157,56.2277933010075,4.13324599439488
73.2818089000268,376.287222036262,3.93953378498172
223.289934858396,414.300802467326,3.91533057041833
429.680262485501,12.4058702536516,3.27677686250153
361.731055423756,294.29197999726,3.06748862841246
603.918121584177,106.477700045406,4.23114832816307
390.399686926221,232.861386325747,4.20227927668798
561.630630731657,411.190755863603,4.73095132576212
141.879775744918,287.337310344664,4.44079128436256
199.266390396928,372.284354067811,3.94205410354019
124.837260238881,413.285809606695,3.4637429152786
622.430156421068,319.832220575987,4.63735748125582
-0.168991198003608,147.900310207555,4.28191529181843
540.972907418453,202.437339222047,4.09798185927097
33.3138568349558,491.107936870312,3.04771482718601
283.615786902328,24.9214283734395,3.77868176315706
531.910724286241,392.217452958309,3.47846319813819
75.3807828387162,71.0310432108705,5.26921640277435
6.42007185150576,75.7631481501594,3.41767818313817
591.104176050977,227.422562814438,4.0773809391626
435.519262574097,461.350534487581,4.76788499713863
658.917879402831,372.244058178289,3.05591130969461
101.044591351355,490.771482366668,4.41371469433624
627.654513454753,87.6612487845092,4.13787641678449
417.91495792685,258.143824545635,3.6807938251083
11.7798147202298,180.200413453483,3.23593193867852
64.6709210515729,104.975515998797,4.37701618297605
605.996168975705,207.112310535843,4.21039922872485
254.506361816409,208.967489881375,3.78694205932092
570.104700749495,433.23754028995,3.64190471762888
300.350270682812,137.332285433945,3.92822473920635
534.222103701732,453.722368691414,3.73361098194489
46.1909899201143,423.839828928787,4.08414797632162
198.515733136367,286.718442782362,3.96591103127228
548.911872381685,256.494422546506,3.95419040133113
159.176304710322,30.7952711977505,4.15358162211005
508.262718312526,342.967979832615,4.35854705225799
31.6552270583542,49.0858681785511,3.85610563003769
531.252439316905,145.229258069355,5.00309814383036
NA,NA,NA
661.17046247759,335.639799443619,3.5295945014948
455.433567930878,295.926534202741,3.59015086545023
11.1150297378189,496.078856088614,3.55954344274161
561.035086242157,56.2277933010075,4.13324599439488
73.2818089000268,376.287222036262,3.93953378498172
223.289934858396,414.300802467326,3.91533057041833
429.680262485501,12.4058702536516,3.27677686250153
361.731055423756,294.29197999726,3.06748862841246
603.918121584177,106.477700045406,4.23114832816307
390.399686926221,232.861386325747,4.20227927668798
561.630630731657,411.190755863603,4.73095132576212
141.879775744918,287.337310344664,4.44079128436256
199.266390396928,372.284354067811,3.94205410354019
124.837260238881,413.285809606695,3.4637429152786
622.430156421068,319.832220575987,4.63735748125582
-0.168991198003608,147.900310207555,4.28191529181843
540.972907418453,202.437339222047,4.09798185927097
33.3138568349558,491.107936870312,3.04771482718601
283.615786902328,24.9214283734395,3.77868176315706
531.910724286241,392.217452958309,3.47846319813819
75.3807828387162,71.0310432108705,5.26921640277435
6.42007185150576,75.7631481501594,3.41767818313817
591.104176050977,227.422562814438,4.0773809391626
435.519262574097,461.350534487581,4.76788499713863
658.917879402831,372.244058178289,3.05591130969461
101.044591351355,490.771482366668,4.41371469433624
627.654513454753,87.6612487845092,4.13787641678449
417.91495792685,258.143824545635,3.6807938251083
11.7798147202298,180.200413453483,3.23593193867852
64.6709210515729,104.975515998797,4.37701618297605
605.996168975705,207.112310535843,4.21039922872485
254.506361816409,208.967489881375,3.78694205932092
570.104700749495,433.23754028995,3.64190471762888
300.350270682812,137.332285433945,3.92822473920635
534.222103701732,453.722368691414,3.73361098194489
46.1909899201143,423.839828928787,4.08414797632162
198.515733136367,286.718442782362,3.96591103127228
548.911872381685,256.494422546506,3.95419040133113
159.176304710322,30.7952711977505,4.15358162211005
508.262718312526,342.967979832615,4.35854705225799
31.6552270583542,49.0858681785511,3.85610563003769
531.252439316905,145.229258069355,5.00309814383036
NA,NA,NA
661.17046247759,335.639799443619,3.5295945014948
455.433567930878,295.926534202741,3.59015086545023
11.1150297378189,496.078856088614,3.55954344274161
561.035086242157,56.2277933010075,4.13324599439488
73.2818089000268,376.287222036262,3.93953378498172
223.289934858396,414.300802467326,3.91533057041833
429.680262485501,12.4058702536516,3.27677686250153
361.731055423756,294.29197999726,3.06748862841246
603.918121584177,106.477700045406,4.23114832816307
390.399686926221,232.861386325747,4.20227927668798
561.630630731657,411.190755863603,4.73095132576212
141.879775744918,287.337310344664,4.44079128436256
199.266390396928,372.284354067811,3.94205410354019
124.837260238881,413.285809606695,3.4637429152786
622.430156421068,319.832220575987,4.63735748125582
-0.168991198003608,147.900310207555,4.28191529181843
540.972907418453,202.437339222047,4.09798185927097
33.3138568349558,491.107936870312,3.04771482718601
283.615786902328,24.9214283734395,3.77868176315706
531.910724286241,392.217452958309,3.47846319813819
75.3807828387162,71.0310432108705,5.26921640277435
6.42007185150576,75.7631481501594,3.41767818313817
591.104176050977,227.422562814438,4.0773809391626
435.519262574097,461.350534487581,4.76788499713863
658.917879402831,372.244058178289,3.05591130969461
101.044591351355,490.771482366668,4.41371469433624
627.654513454753,87.6612487845092,4.13787641678449
417.91495792685,258.143824545635,3.6807938251083
11.7798147202298,180.200413453483,3.23593193867852
64.6709210515729,104.975515998797,4.37701618297605
605.996168975705,207.112310535843,4.21039922872485
254.506361816409,208.967489881375,3.78694205932092
570.104700749495,433.23754028995,3.64190471762888
300.350270682812,137.332285433945,3.92822473920635
534.222103701732,453.722368691414,3.73361098194489
46.1909899201143,423.839828928787,4.08414797632162
198.515733136367,286.718442782362,3.96591103127228
548.911872381685,256.494422546506,3.95419040133113
159.176304710322,30.7952711977505,4.15358162211005
508.262718312526,342.967979832615,4.35854705225799
31.6552270583542,49.0858681785511,3.85610563003769
531.252439316905,145.229258069355,5.00309814383036
NA,NA,NA
661.17046247759,335.639799443619,3.5295945014948
455.433567930878,295.926534202741,3.59015086545023
11.1150297378189,496.078856088614,3.55954344274161
561.035086242157,56.2277933010075,4.13324599439488
73.2818089000268,376.287222036262,3.93953378498172
223.289934858396,414.300802467326,3.91533057041833
429.680262485501,12.4058702536516,3.27677686250153
361.731055423756,294.29197999726,3.06748862841246
603.918121584177,106.477700045406,4.23114832816307
390.399686926221,232.861386325747,4.20227927668798
561.630630731657,411.190755863603,4.73095132576212
141.879775744918,287.337310344664,4.44079128436256
199.266390396928,372.284354067811,3.94205410354019
124.837260238881,413.285809606695,3.4637429152786
622.430156421068,319.832220575987,4.63735748125582
-0.168991198003608,147.900310207555,4.28191529181843
540.972907418453,202.437339222047,4.09798185927097
33.3138568349558,491.107936870312,3.04771482718601
283.615786902328,24.9214283734395,3.77868176315706
531.910724286241,392.217452958309,3.47846319813819
75.3807828387162,71.0310432108705,5.26921640277435
6.42007185150576,75.7631481501594,3.41767818313817
591.104176050977,227.422562814438,4.0773809391626
435.519262574097,461.350534487581,4.76788499713863
658.917879402831,372.244058178289,3.05591130969461
101.044591351355,490.771482366668,4.41371469433624
627.654513454753,87.6612487845092,4.13787641678449
417.91495792685,258.143824545635,3.6807938251083
11.7798147202298,180.200413453483,3.23593193867852
64.6709210515729,104.975515998797,4.37701618297605
605.996168975705,207.112310535843,4.21039922872485
254.506361816409,208.967489881375,3.78694205932092
570.104700749495,433.23754028995,3.64190471762888
300.350270682812,137.332285433945,3.92822473920635
534.222103701732,453.722368691414,3.73361098194489
46.1909899201143,423.839828928787,4.08414797632162
198.515733136367,286.718442782362,3.96591103127228
548.911872381685,256.494422546506,3.95419040133113
159.176304710322,30.7952711977505,4.15358162211005
508.262718312526,342.967979832615,4.35854705225799
31.6552270583542,49.0858681785511,3.85610563003769
531.252439316905,145.229258069355,5.00309814383036
NA,NA,NA
661.17046247759,335.639799443619,3.5295945014948
455.433567930878,295.926534202741,3.59015086545023
11.1150297378189,496.078856088614,3.55954344274161
561.035086242157,56.2277933010075,4.13324599439488
73.2818089000268,376.287222036262,3.93953378498172
223.289934858396,414.300802467326,3.91533057041833
429.680262485501,12.4058702536516,3.27677686250153
361.731055423756,294.29197999726,3.06748862841246
603.918121584177,106.477700045406,4.23114832816307
390.399686926221,232.861386325747,4.20227927668798
561.630630731657,411.190755863603,4.73095132576212
141.879775744918,287.337310344664,4.44079128436256
199.266390396928,372.284354067811,3.94205410354019
124.837260238881,413.285809606695,3.4637429152786
622.430156421068,319.832220575987,4.63735748125582
-0.168991198003608,147.900310207555,4.28191529181843
540.972907418453,202.437339222047,4.09798185927097
33.3138568349558,491.107936870312,3.04771482718601
283.615786902328,24.9214283734395,3.77868176315706
531.910724286241,392.217452958309,3.47846319813819
75.3807828387162,71.0310432108705,5.26921640277435
6.42007185150576,75.7631481501594,3.41767818313817
591.104176050977,227.422562814438,4.0773809391626
435.519262574097,461.350534487581,4.76788499713863
658.917879402831,372.244058178289,3.05591130969461
101.044591351355,490.771482366668,4.41371469433624
627.654513454753,87.6612487845092,4.13787641678449
417.91495792685,258.143824545635,3.6807938251083
11.7798147202298,180.200413453483,3.23593193867852
64.6709210515729,104.975515998797,4.37701618297605
605.996168975705,207.112310535843,4.21039922872485
254.506361816409,208.967489881375,3.78694205932092
570.104700749495,433.23754028995,3.64190471762888
300.350270682812,137.332285433945,3.92822473920635
534.222103701732,453.722368691414,3.73361098194489
46.1909899201143,423.839828928787,4.08414797632162
198.515733136367,286.718442782362,3.96591103127228
548.911872381685,256.494422546506,3.95419040133113
159.176304710322,30.7952711977505,4.15358162211005
508.262718312526,342.967979832615,4.35854705225799
31.6552270583542,49.0858681785511,3.85610563003769
531.252439316905,145.229258069355,5.00309814383036
NA,NA,NA
659.80622648762,337.023314460105,3.50947625522391
462.082975436818,300.229150857279,3.59221833262134
12.5415237726792,494.839526821611,3.68730215127362
557.463531150727,56.4093809016051,4.1676975823293
71.8154515285668,376.805756631044,3.94024530291796
230.625836274661,417.748599998439,3.81405555994822
428.179421977948,15.3309234792575,3.18702910413495
362.740608108982,294.235459777257,3.10323970256009
602.887773517243,103.131163750155,4.2747251701055
386.756395588628,232.188808514296,4.12254101793043
570.78708245829,400.755948106755,4.73099383616461
149.554632221693,284.037698862077,4.53840704107855
200.064172370299,370.325422654964,4.00769128514732
126.801453065828,409.381727724106,3.36545769233398
620.739504207328,312.703651994038,4.52055896278035
1.5681943350862,144.04793074131,4.30968996432852
540.963912939687,204.542157580863,4.13585204730954
34.0361054741689,491.454739844651,2.99338586722689
279.70091445874,22.664207915391,3.91999926801555
537.504049723338,395.615334030563,3.30215171398075
74.7310593171017,76.1645540543602,5.26365898848091
3.43219228193408,76.0871435515683,3.60823625703056
590.923348485891,224.136965748097,4.09347241489237
441.702126854041,459.200769901531,4.82665494482522
660.669590180809,372.205246862663,2.97288297832143
104.509534775239,484.991844694568,4.36306926913537
626.150359621903,93.9669671287754,4.10026936086292
418.775496875036,256.45365904082,3.5988182903533
11.7567701334299,180.682793458236,3.09145410176538
73.2323430940258,109.52674757992,4.2448276170901
614.664052861514,202.845858712076,4.19751163425952
256.63017308084,219.805555061163,3.95879417950746
572.176994275533,434.192677763432,4.06834376525082
306.400288582806,141.624152676126,4.03515432526749
523.075219626421,460.926177081966,3.68557302962792
65.1356769975919,422.12623275404,3.63468435961839
193.298683008545,292.131388217264,4.20322441008188
546.227261979655,260.246129515075,3.8768406577879
167.942898550467,23.2458285958851,4.29338581808024
491.425032030669,343.920569536769,4.51955172703324
40.0403548782042,53.0620997251576,3.27723585371743
536.829104230967,140.78177491599,4.85720215102908
NA,NA,NA
659.80622648762,337.023314460105,3.50947625522391
462.082975436818,300.229150857279,3.59221833262134
12.5415237726792,494.839526821611,3.68730215127362
557.463531150727,56.4093809016051,4.1676975823293
71.8154515285668,376.805756631044,3.94024530291796
230.625836274661,417.748599998439,3.81405555994822
428.179421977948,15.3309234792575,3.18702910413495
362.740608108982,294.235459777257,3.10323970256009
602.887773517243,103.131163750155,4.2747251701055
386.756395588628,232.188808514296,4.12254101793043
570.78708245829,400.755948106755,4.73099383616461
149.554632221693,284.037698862077,4.53840704107855
200.064172370299,370.325422654964,4.00769128514732
126.801453065828,409.381727724106,3.36545769233398
620.739504207328,312.703651994038,4.52055896278035
1.5681943350862,144.04793074131,4.30968996432852
540.963912939687,204.542157580863,4.13585204730954
34.0361054741689,491.454739844651,2.99338586722689
279.70091445874,22.664207915391,3.91999926801555
537.504049723338,395.615334030563,3.30215171398075
74.7310593171017,76.1645540543602,5.26365898848091
3.43219228193408,76.0871435515683,3.60823625703056
590.923348485891,224.136965748097,4.09347241489237
441.702126854041,459.200769901531,4.82665494482522
660.669590180809,372.205246862663,2.97288297832143
104.509534775239,484.991844694568,4.36306926913537
626.150359621903,93.9669671287754,4.10026936086292
418.775496875036,256.45365904082,3.5988182903533
11.7567701334299,180.682793458236,3.09145410176538
73.2323430940258,109.52674757992,4.2448276170901
614.664052861514,202.845858712076,4.19751163425952
256.63017308084,219.805555061163,3.95879417950746
572.176994275533,434.192677763432,4.06834376525082
306.400288582806,141.624152676126,4.03515432526749
523.075219626421,460.926177081966,3.68557302962792
65.1356769975919,422.12623275404,3.63468435961839
193.298683008545,292.131388217264,4.20322441008188
546.227261979655,260.246129515075,3.8768406577879
167.942898550467,23.2458285958851,4.29338581808024
491.425032030669,343.920569536769,4.51955172703324
40.0403548782042,53.0620997251576,3.27723585371743
536.829104230967,140.78177491599,4.85720215102908
NA,NA,NA
659.80622648762,337.023314460105,3.50947625522391
462.082975436818,300.229150857279,3.59221833262134
12.5415237726792,494.839526821611,3.68730215127362
557.463531150727,56.4093809016051,4.1676975823293
71.8154515285668,376.805756631044,3.94024530291796
230.625836274661,417.748599998439,3.81405555994822
428.179421977948,15.3309234792575,3.18702910413495
362.740608108982,294.235459777257,3.10323970256009
602.887773517243,103.131163750155,4.2747251701055
386.756395588628,232.188808514296,4.12254101793043
570.78708245829,400.755948106755,4.73099383616461
149.554632221693,284.037698862077,4.53840704107855
200.064172370299,370.325422654964,4.00769128514732
126.801453065828,409.381727724106,3.36545769233398
620.739504207328,312.703651994038,4.52055896278035
1.5681943350862,144.04793074131,4.30968996432852
540.963912939687,204.542157580863,4.13585204730954
34.0361054741689,491.454739844651,2.99338586722689
279.70091445874,22.664207915391,3.91999926801555
537.504049723338,395.615334030563,3.30215171398075
74.7310593171017,76.1645540543602,5.26365898848091
3.43219228193408,76.0871435515683,3.60823625703056
590.923348485891,224.136965748097,4.09347241489237
441.702126854041,459.200769901531,4.82665494482522
660.669590180809,372.205246862663,2.97288297832143
104.509534775239,484.991844694568,4.36306926913537
626.150359621903,93.9669671287754,4.10026936086292
418.775496875036,256.45365904082,3.5988182903533
11.7567701334299,180.682793458236,3.09145410176538
73.2323430940258,109.52674757992,4.2448276170901
614.664052861514,202.845858712076,4.19751163425952
256.63017308084,219.805555061163,3.95879417950746
572.176994275533,434.192677763432,4.06834376525082
306.400288582806,141.624152676126,4.03515432526749
523.075219626421,460.926177081966,3.68557302962792
65.1356769975919,422.12623275404,3.63468435961839
193.298683008545,292.131388217264,4.20322441008188
546.227261979655,260.246129515075,3.8768406577879
167.942898550467,23.2458285958851,4.29338581808024
491.425032030669,343.920569536769,4.51955172703324
40.0403548782042,53.0620997251576,3.27723585371743
536.829104230967,140.78177491599,4.85720215102908
NA,NA,NA
659.80622648762,337.023314460105,3.50947625522391
462.082975436818,300.229150857279,3.59221833262134
12.5415237726792,494.839526821611,3.68730215127362
557.463531150727,56.4093809016051,4.1676975823293
71.8154515285668,376.805756631044,3.94024530291796
230.625836274661,417.748599998439,3.81405555994822
428.179421977948,15.3309234792575,3.18702910413495
362.740608108982,294.235459777257,3.10323970256009
602.887773517243,103.131163750155,4.2747251701055
386.756395588628,232.188808514296,4.12254101793043
570.78708245829,400.755948106755,4.73099383616461
149.554632221693,284.037698862077,4.53840704107855
200.064172370299,370.325422654964,4.00769128514732
126.801453065828,409.381727724106,3.36545769233398
620.739504207328,312.703651994038,4.52055896278035
1.5681943350862,144.04793074131,4.30968996432852
540.963912939687,204.542157580863,4.13585204730954
34.0361054741689,491.454739844651,2.99338586722689
279.70091445874,22.664207915391,3.91999926801555
537.504049723338,395.615334030563,3.30215171398075
74.7310593171017,76.1645540543602,5.26365898848091
3.43219228193408,76.0871435515683,3.60823625703056
590.923348485891,224.136965748097,4.09347241489237
441.702126854041,459.200769901531,4.82665494482522
660.669590180809,372.205246862663,2.97288297832143
104.509534775239,484.991844694568,4.36306926913537
626.150359621903,93.9669671287754,4.10026936086292
418.775496875036,256.45365904082,3.5988182903533
11.7567701334299,180.682793458236,3.09145410176538
73.2323430940258,109.52674757992,4.2448276170901
614.664052861514,202.845858712076,4.19751163425952
256.63017308084,219.805555061163,3.95879417950746
572.176994275533,434.192677763432,4.06834376525082
306.400288582806,141.624152676126,4.03515432526749
523.075219626421,460.926177081966,3.68557302962792
65.1356769975919,422.12623275404,3.63468435961839
193.298683008545,292.131388217264,4.20322441008188
546.227261979655,260.246129515075,3.8768406577879
167.942898550467,23.2458285958851,4.29338581808024
491.425032030669,343.920569536769,4.51955172703324
40.0403548782042,53.0620997251576,3.27723585371743
536.829104230967,140.78177491599,4.85720215102908
NA,NA,NA
659.80622648762,337.023314460105,3.50947625522391
462.082975436818,300.229150857279,3.59221833262134
12.5415237726792,494.839526821611,3.68730215127362
557.463531150727,56.4093809016051,4.1676975823293
71.8154515285668,376.805756631044,3.94024530291796
230.625836274661,417.748599998439,3.81405555994822
428.179421977948,15.3309234792575,3.18702910413495
362.740608108982,294.235459777257,3.10323970256009
602.887773517243,103.131163750155,4.2747251701055
386.756395588628,232.188808514296,4.12254101793043
570.78708245829,400.755948106755,4.73099383616461
149.554632221693,284.037698862077,4.53840704107855
200.064172370299,370.325422654964,4.00769128514732
126.801453065828,409.381727724106,3.36545769233398
620.739504207328,312.703651994038,4.52055896278035
1.5681943350862,144.04793074131,4.30968996432852
540.963912939687,204.542157580863,4.13585204730954
34.0361054741689,491.454739844651,2.99338586722689
279.70091445874,22.664207915391,3.91999926801555
537.504049723338,395.615334030563,3.30215171398075
74.7310593171017,76.1645540543602,5.26365898848091
3.43219228193408,76.0871435515683,3.60823625703056
590.923348485891,224.136965748097,4.09347241489237
441.702126854041,459.200769901531,4.82665494482522
660.669590180809,372.205246862663,2.97288297832143
104.509534775239,484.991844694568,4.36306926913537
626.150359621903,93.9669671287754,4.10026936086292
418.775496875036,256.45365904082,3.5988182903533
11.7567701334299,180.682793458236,3.09145410176538
73.2323430940258,109.52674757992,4.2448276170901
614.664052861514,202.845858712076,4.19751163425952
256.63017308084,219.805555061163,3.95879417950746
572.176994275533,434.192677763432,4.06834376525082
306.400288582806,141.624152676126,4.03515432526749
523.075219626421,460.926177081966,3.68557302962792
65.1356769975919,422.12623275404,3.63468435961839
193.298683008545,292.131388217264,4.20322441008188
546.227261979655,260.246129515075,3.8768406577879
167.942898550467,23.2458285958851,4.29338581808024
491.425032030669,343.920569536769,4.51955172703324
40.0403548782042,53.0620997251576,3.27723585371743
536.829104230967,140.78177491599,4.85720215102908
NA,NA,NA
659.80622648762,337.023314460105,3.50947625522391
462.082975436818,300.229150857279,3.59221833262134
12.5415237726792,494.839526821611,3.68730215127362
557.463531150727,56.4093809016051,4.1676975823293
71.8154515285668,376.805756631044,3.94024530291796
230.625836274661,417.748599998439,3.81405555994822
428.179421977948,15.3309234792575,3.18702910413495
362.740608108982,294.235459777257,3.10323970256009
602.887773517243,103.131163750155,4.2747251701055
386.756395588628,232.188808514296,4.12254101793043
570.78708245829,400.755948106755,4.73099383616461
149.554632221693,284.037698862077,4.53840704107855
200.064172370299,370.325422654964,4.00769128514732
126.801453065828,409.381727724106,3.36545769233398
620.739504207328,312.703651994038,4.52055896278035
1.5681943350862,144.04793074131,4.30968996432852
540.963912939687,204.542157580863,4.13585204730954
34.0361054741689,491.454739844651,2.99338586722689
279.70091445874,22.664207915391,3.91999926801555
537.504049723338,395.615334030563,3.30215171398075
74.7310593171017,76.1645540543602,5.26365898848091
3.43219228193408,76.0871435515683,3.60823625703056
590.923348485891,224.136965748097,4.09347241489237
441.702126854041,459.200769901531,4.82665494482522
660.669590180809,372.205246862663,2.97288297832143
104.509534775239,484.991844694568,4.36306926913537
626.150359621903,93.9669671287754,4.10026936086292
418.775496875036,256.45365904082,3.5988182903533
11.7567701334299,180.682793458236,3.09145410176538
73.2323430940258,109.52674757992,4.2448276170901
614.664052861514,202.845858712076,4.19751163425952
256.63017308084,219.805555061163,3.95879417950746
572.176994275533,434.192677763432,4.06834376525082
306.400288582806,141.624152676126,4.03515432526749
523.075219626421,460.926177081966,3.68557302962792
65.1356769975919,422.12623275404,3.63468435961839
193.298683008545,292.131388217264,4.20322441008188
546.227261979655,260.246129515075,3.8768406577879
167.942898550467,23.2458285958851,4.29338581808024
491.425032030669,343.920569536769,4.51955172703324
40.0403548782042,53.0620997251576,3.27723585371743
536.829104230967,140.78177491599,4.85720215102908
NA,NA,NA
660.526370548158,335.820296137245,3.54317822497246
453.937016991573,298.547493786966,3.56956995275179
11.9503096440764,490.418941695548,3.65927256939637
561.195745141118,51.8324343407691,4.19754796608913
69.8031477933049,377.100914301106,3.8719386733962
229.831656266404,416.000571921755,3.86770784419513
428.306773480512,12.4511262117969,3.3434477971399
362.646029526009,294.020188142962,2.93588421848995
606.022742453285,109.042940742953,4.05970243050701
398.363126448599,228.823978758523,4.15086119611364
569.819956342121,404.841895302402,4.76086609074703
141.197629282847,277.585378411979,4.612436328092
202.631917680846,371.220855319399,3.81995688663813
126.176007446966,412.396761638214,3.39039640462451
624.759726254163,309.411948402336,4.5301156415168
-1.03707360704513,142.756998403242,4.31192324645684
544.131403299072,207.171763869915,4.25066990718856
32.2395564716347,492.154571510695,3.10719280861723
276.422333356268,17.3620842998107,3.77018484170227
536.071433720895,388.162032424324,3.55976479653674
80.8276039344816,78.8534551224615,5.20271333498913
6.99318654475357,75.1014901359319,3.48958103223794
588.632124951226,225.225682944785,4.03152770216853
433.918044792793,461.732549895538,4.84600241390077
658.331235157896,373.419239217,2.92944281115082
104.605718352715,489.572876197607,4.28958455379602
623.430350243518,91.6681111699623,4.09735918682985
415.595056684481,257.184102448256,3.62599489228152
10.588860422846,180.278116997506,3.19302790501513
67.2339582321851,116.669769044456,4.28074066450789
609.814532786037,197.732342519516,4.46857068680375
248.201769248834,217.301944834832,3.55324365799236
573.603126322714,441.456209670496,4.00237090151468
298.887825302126,133.85860165992,4.01634987134768
524.596250097902,461.268842399017,3.83092765929539
47.2330819447248,424.911155669858,3.98940207051908
203.242526634206,286.183807245508,3.78243555762711
548.260132932702,257.538657103336,3.72728106530302
185.625692130399,23.4477425219768,3.95438712182228
491.495538659672,354.225955815404,4.68746144841457
31.9411183341952,63.5850455802843,4.52020288034154
531.87038714923,142.528745403397,4.59171605736717
NA,NA,NA
660.526370548158,335.820296137245,3.54317822497246
453.937016991573,298.547493786966,3.56956995275179
11.9503096440764,490.418941695548,3.65927256939637
561.195745141118,51.8324343407691,4.19754796608913
69.8031477933049,377.100914301106,3.8719386733962
229.831656266404,416.000571921755,3.86770784419513
428.306773480512,12.4511262117969,3.3434477971399
362.646029526009,294.020188142962,2.93588421848995
606.022742453285,109.042940742953,4.05970243050701
398.363126448599,228.823978758523,4.15086119611364
569.819956342121,404.841895302402,4.76086609074703
141.197629282847,277.585378411979,4.612436328092
202.631917680846,371.220855319399,3.81995688663813
126.176007446966,412.396761638214,3.39039640462451
624.759726254163,309.411948402336,4.5301156415168
-1.03707360704513,142.756998403242,4.31192324645684
544.131403299072,207.171763869915,4.25066990718856
32.2395564716347,492.154571510695,3.10719280861723
276.422333356268,17.3620842998107,3.77018484170227
536.071433720895,388.162032424324,3.55976479653674
80.8276039344816,78.8534551224615,5.20271333498913
6.99318654475357,75.1014901359319,3.48958103223794
588.632124951226,225.225682944785,4.03152770216853
433.918044792793,461.732549895538,4.84600241390077
658.331235157896,373.419239217,2.92944281115082
104.605718352715,489.572876197607,4.28958455379602
623.430350243518,91.6681111699623,4.09735918682985
415.595056684481,257.184102448256,3.62599489228152
10.588860422846,180.278116997506,3.19302790501513
67.2339582321851,116.669769044456,4.28074066450789
609.814532786037,197.732342519516,4.46857068680375
248.201769248834,217.301944834832,3.55324365799236
573.603126322714,441.456209670496,4.00237090151468
298.887825302126,133.85860165992,4.01634987134768
524.596250097902,461.268842399017,3.83092765929539
47.2330819447248,424.911155669858,3.98940207051908
203.242526634206,286.183807245508,3.78243555762711
548.260132932702,257.538657103336,3.72728106530302
185.625692130399,23.4477425219768,3.95438712182228
491.495538659672,354.225955815404,4.68746144841457
31.9411183341952,63.5850455802843,4.52020288034154
531.87038714923,142.528745403397,4.59171605736717
NA,NA,NA
660.526370548158,335.820296137245,3.54317822497246
453.937016991573,298.547493786966,3.56956995275179
11.9503096440764,490.418941695548,3.65927256939637
561.195745141118,51.8324343407691,4.19754796608913
69.8031477933049,377.100914301106,3.8719386733962
229.831656266404,416.000571921755,3.86770784419513
428.306773480512,12.4511262117969,3.3434477971399
362.646029526009,294.020188142962,2.93588421848995
606.022742453285,109.042940742953,4.05970243050701
398.363126448599,228.823978758523,4.15086119611364
569.819956342121,404.841895302402,4.76086609074703
141.197629282847,277.585378411979,4.612436328092
202.631917680846,371.220855319399,3.81995688663813
126.176007446966,412.396761638214,3.39039640462451
624.759726254163,309.411948402336,4.5301156415168
-1.03707360704513,142.756998403242,4.31192324645684
544.131403299072,207.171763869915,4.25066990718856
32.2395564716347,492.154571510695,3.10719280861723
276.422333356268,17.3620842998107,3.77018484170227
536.071433720895,388.162032424324,3.55976479653674
80.8276039344816,78.8534551224615,5.20271333498913
6.99318654475357,75.1014901359319,3.48958103223794
588.632124951226,225.225682944785,4.03152770216853
433.918044792793,461.732549895538,4.84600241390077
658.331235157896,373.419239217,2.92944281115082
104.605718352715,489.572876197607,4.28958455379602
623.430350243518,91.6681111699623,4.09735918682985
415.595056684481,257.184102448256,3.62599489228152
10.588860422846,180.278116997506,3.19302790501513
67.2339582321851,116.669769044456,4.28074066450789
609.814532786037,197.732342519516,4.46857068680375
248.201769248834,217.301944834832,3.55324365799236
573.603126322714,441.456209670496,4.00237090151468
298.887825302126,133.85860165992,4.01634987134768
524.596250097902,461.268842399017,3.83092765929539
47.2330819447248,424.911155669858,3.98940207051908
203.242526634206,286.183807245508,3.78243555762711
548.260132932702,257.538657103336,3.72728106530302
185.625692130399,23.4477425219768,3.95438712182228
491.495538659672,354.225955815404,4.68746144841457
31.9411183341952,63.5850455802843,4.52020288034154
531.87038714923,142.528745403397,4.59171605736717
NA,NA,NA
660.526370548158,335.820296137245,3.54317822497246
453.937016991573,298.547493786966,3.56956995275179
11.9503096440764,490.418941695548,3.65927256939637
561.195745141118,51.8324343407691,4.19754796608913
69.8031477933049,377.100914301106,3.8719386733962
229.831656266404,416.000571921755,3.86770784419513
428.306773480512,12.4511262117969,3.3434477971399
362.646029526009,294.020188142962,2.93588421848995
606.022742453285,109.042940742953,4.05970243050701
398.363126448599,228.823978758523,4.15086119611364
569.819956342121,404.841895302402,4.76086609074703
141.197629282847,277.585378411979,4.612436328092
202.631917680846,371.220855319399,3.81995688663813
126.176007446966,412.396761638214,3.39039640462451
624.759726254163,309.411948402336,4.5301156415168
-1.03707360704513,142.756998403242,4.31192324645684
544.131403299072,207.171763869915,4.25066990718856
32.2395564716347,492.154571510695,3.10719280861723
276.422333356268,17.3620842998107,3.77018484170227
536.071433720895,388.162032424324,3.55976479653674
80.8276039344816,78.8534551224615,5.20271333498913
6.99318654475357,75.1014901359319,3.48958103223794
588.632124951226,225.225682944785,4.03152770216853
433.918044792793,461.732549895538,4.84600241390077
658.331235157896,373.419239217,2.92944281115082
104.605718352715,489.572876197607,4.28958455379602
623.430350243518,91.6681111699623,4.09735918682985
415.595056684481,257.184102448256,3.62599489228152
10.588860422846,180.278116997506,3.19302790501513
67.2339582321851,116.669769044456,4.28074066450789
609.814532786037,197.732342519516,4.46857068680375
248.201769248834,217.301944834832,3.55324365799236
573.603126322714,441.456209670496,4.00237090151468
298.887825302126,133.85860165992,4.01634987134768
524.596250097902,461.268842399017,3.83092765929539
47.2330819447248,424.911155669858,3.98940207051908
203.242526634206,286.183807245508,3.78243555762711
548.260132932702,257.538657103336,3.72728106530302
185.625692130399,23.4477425219768,3.95438712182228
491.495538659672,354.225955815404,4.68746144841457
31.9411183341952,63.5850455802843,4.52020288034154
531.87038714923,142.528745403397,4.59171605736717
NA,NA,NA
660.526370548158,335.820296137245,3.54317822497246
453.937016991573,298.547493786966,3.56956995275179
11.9503096440764,490.418941695548,3.65927256939637
561.195745141118,51.8324343407691,4.19754796608913
69.8031477933049,377.100914301106,3.8719386733962
229.831656266404,416.000571921755,3.86770784419513
428.306773480512,12.4511262117969,3.3434477971399
362.646029526009,294.020188142962,2.93588421848995
606.022742453285,109.042940742953,4.05970243050701
398.363126448599,228.823978758523,4.15086119611364
569.819956342121,404.841895302402,4.76086609074703
141.197629282847,277.585378411979,4.612436328092
202.631917680846,371.220855319399,3.81995688663813
126.176007446966,412.396761638214,3.39039640462451
624.759726254163,309.411948402336,4.5301156415168
-1.03707360704513,142.756998403242,4.31192324645684
544.131403299072,207.171763869915,4.25066990718856
32.2395564716347,492.154571510695,3.10719280861723
276.422333356268,17.3620842998107,3.77018484170227
536.071433720895,388.162032424324,3.55976479653674
80.8276039344816,78.8534551224615,5.20271333498913
6.99318654475357,75.1014901359319,3.48958103223794
588.632124951226,225.225682944785,4.03152770216853
433.918044792793,461.732549895538,4.84600241390077
658.331235157896,373.419239217,2.92944281115082
104.605718352715,489.572876197607,4.28958455379602
623.430350243518,91.6681111699623,4.09735918682985
415.595056684481,257.184102448256,3.62599489228152
10.588860422846,180.278116997506,3.19302790501513
67.2339582321851,116.669769044456,4.28074066450789
609.814532786037,197.732342519516,4.46857068680375
248.201769248834,217.301944834832,3.55324365799236
573.603126322714,441.456209670496,4.00237090151468
298.887825302126,133.85860165992,4.01634987134768
524.596250097902,461.268842399017,3.83092765929539
47.2330819447248,424.911155669858,3.98940207051908
203.242526634206,286.183807245508,3.78243555762711
548.260132932702,257.538657103336,3.72728106530302
185.625692130399,23.4477425219768,3.95438712182228
491.495538659672,354.225955815404,4.68746144841457
31.9411183341952,63.5850455802843,4.52020288034154
531.87038714923,142.528745403397,4.59171605736717
NA,NA,NA
660.526370548158,335.820296137245,3.54317822497246
453.937016991573,298.547493786966,3.56956995275179
11.9503096440764,490.418941695548,3.65927256939637
561.195745141118,51.8324343407691,4.19754796608913
69.8031477933049,377.100914301106,3.8719386733962
229.831656266404,416.000571921755,3.86770784419513
428.306773480512,12.4511262117969,3.3434477971399
362.646029526009,294.020188142962,2.93588421848995
606.022742453285,109.042940742953,4.05970243050701
398.363126448599,228.823978758523,4.15086119611364
569.819956342121,404.841895302402,4.76086609074703
141.197629282847,277.585378411979,4.612436328092
202.631917680846,371.220855319399,3.81995688663813
126.176007446966,412.396761638214,3.39039640462451
624.759726254163,309.411948402336,4.5301156415168
-1.03707360704513,142.756998403242,4.31192324645684
544.131403299072,207.171763869915,4.25066990718856
32.2395564716347,492.154571510695,3.10719280861723
276.422333356268,17.3620842998107,3.77018484170227
536.071433720895,388.162032424324,3.55976479653674
80.8276039344816,78.8534551224615,5.20271333498913
6.99318654475357,75.1014901359319,3.48958103223794
588.632124951226,225.225682944785,4.03152770216853
433.918044792793,461.732549895538,4.84600241390077
658.331235157896,373.419239217,2.92944281115082
104.605718352715,489.572876197607,4.28958455379602
623.430350243518,91.6681111699623,4.09735918682985
415.595056684481,257.184102448256,3.62599489228152
10.588860422846,180.278116997506,3.19302790501513
67.2339582321851,116.669769044456,4.28074066450789
609.814532786037,197.732342519516,4.46857068680375
248.201769248834,217.301944834832,3.55324365799236
573.603126322714,441.456209670496,4.00237090151468
298.887825302126,133.85860165992,4.01634987134768
524.596250097902,461.268842399017,3.83092765929539
47.2330819447248,424.911155669858,3.98940207051908
203.242526634206,286.183807245508,3.78243555762711
548.260132932702,257.538657103336,3.72728106530302
185.625692130399,23.4477425219768,3.95438712182228
491.495538659672,354.225955815404,4.68746144841457
31.9411183341952,63.5850455802843,4.52020288034154
531.87038714923,142.528745403397,4.59171605736717
NA,NA,NA
659.873177899118,337.00644092316,3.69465762547952
456.263597467315,297.855353455343,3.55577805882445
8.17092080558306,495.328128158637,3.62953226818536
564.513470792319,53.5357742715072,4.24324058640349
67.8454300873538,376.341713903263,4.05164871176773
228.855752144333,412.414598574839,3.89415026964234
426.340768553397,13.5574145657463,3.37427282150833
361.540366948552,292.784896795892,2.86939034030316
604.659788460436,108.297216316773,4.13021993263817
395.180751366558,229.529771473672,4.23451617068716
562.213940697732,414.893311895058,4.70105347168048
141.824012852636,284.649985276614,4.61149700876641
198.348975844715,370.299024456096,4.03387585199388
126.334576256859,411.499762392352,3.47434615777111
629.405740570714,313.906870077225,4.54927783618218
1.27707383079834,152.265871701199,4.21338797401553
539.684078266201,202.199342232317,4.02109358655495
33.5325796220468,492.267282043151,2.99105112075567
277.068987400093,23.0938285884364,4.02224834550223
533.581582215716,393.078832169369,3.46776970683119
63.0904303344548,79.4117967546704,5.21094727812416
3.82143603898295,75.7889029913439,3.52930010480121
585.217708031331,226.85708456982,4.09985148365298
431.383129027501,460.450640101576,4.71521048825944
657.976970587296,373.703767809432,3.081455987998
98.7918143561714,487.089445422488,4.33387436501115
627.660654011247,90.0968117360533,4.0773791646645
418.920303484266,260.569425065633,3.5932119396951
11.3487380270548,180.224797733666,3.10359335183784
75.1760368844493,112.087004153485,4.73002766237238
625.782318160766,201.699858452677,4.44851235580294
252.195951913567,217.264079025016,3.71223664988826
565.040267881573,439.239340812945,3.68739740172504
299.36572046373,144.126027829702,3.91040917644902
532.051738823784,456.229715535917,3.67915572651894
49.1037324305929,413.334166611632,3.80326943902135
194.368330490878,276.485693765406,4.21999444017982
552.543362740711,260.288291258113,3.6020989022727
172.323840804235,42.6551727626792,4.39278258660239
496.014688515142,339.118075939771,4.57178846603115
31.8314321840594,50.3257377657119,4.07210057775555
541.863229314576,161.688013267949,4.52477658602223
NA,NA,NA
659.873177899118,337.00644092316,3.69465762547952
456.263597467315,297.855353455343,3.55577805882445
8.17092080558306,495.328128158637,3.62953226818536
564.513470792319,53.5357742715072,4.24324058640349
67.8454300873538,376.341713903263,4.05164871176773
228.855752144333,412.414598574839,3.89415026964234
426.340768553397,13.5574145657463,3.37427282150833
361.540366948552,292.784896795892,2.86939034030316
604.659788460436,108.297216316773,4.13021993263817
395.180751366558,229.529771473672,4.23451617068716
562.213940697732,414.893311895058,4.70105347168048
141.824012852636,284.649985276614,4.61149700876641
198.348975844715,370.299024456096,4.03387585199388
126.334576256859,411.499762392352,3.47434615777111
629.405740570714,313.906870077225,4.54927783618218
1.27707383079834,152.265871701199,4.21338797401553
539.684078266201,202.199342232317,4.02109358655495
33.5325796220468,492.267282043151,2.99105112075567
277.068987400093,23.0938285884364,4.02224834550223
533.581582215716,393.078832169369,3.46776970683119
63.0904303344548,79.4117967546704,5.21094727812416
3.82143603898295,75.7889029913439,3.52930010480121
585.217708031331,226.85708456982,4.09985148365298
431.383129027501,460.450640101576,4.71521048825944
657.976970587296,373.703767809432,3.081455987998
98.7918143561714,487.089445422488,4.33387436501115
627.660654011247,90.0968117360533,4.0773791646645
418.920303484266,260.569425065633,3.5932119396951
11.3487380270548,180.224797733666,3.10359335183784
75.1760368844493,112.087004153485,4.73002766237238
625.782318160766,201.699858452677,4.44851235580294
252.195951913567,217.264079025016,3.71223664988826
565.040267881573,439.239340812945,3.68739740172504
299.36572046373,144.126027829702,3.91040917644902
532.051738823784,456.229715535917,3.67915572651894
49.1037324305929,413.334166611632,3.80326943902135
194.368330490878,276.485693765406,4.21999444017982
552.543362740711,260.288291258113,3.6020989022727
172.323840804235,42.6551727626792,4.39278258660239
496.014688515142,339.118075939771,4.57178846603115
31.8314321840594,50.3257377657119,4.07210057775555
541.863229314576,161.688013267949,4.52477658602223
NA,NA,NA
659.873177899118,337.00644092316,3.69465762547952
456.263597467315,297.855353455343,3.55577805882445
8.17092080558306,495.328128158637,3.62953226818536
564.513470792319,53.5357742715072,4.24324058640349
67.8454300873538,376.341713903263,4.05164871176773
228.855752144333,412.414598574839,3.89415026964234
426.340768553397,13.5574145657463,3.37427282150833
361.540366948552,292.784896795892,2.86939034030316
604.659788460436,108.297216316773,4.13021993263817
395.180751366558,229.529771473672,4.23451617068716
562.213940697732,414.893311895058,4.70105347168048
141.824012852636,284.649985276614,4.61149700876641
198.348975844715,370.299024456096,4.03387585199388
126.334576256859,411.499762392352,3.47434615777111
629.405740570714,313.906870077225,4.54927783618218
1.27707383079834,152.265871701199,4.21338797401553
539.684078266201,202.199342232317,4.02109358655495
33.5325796220468,492.267282043151,2.99105112075567
277.068987400093,23.0938285884364,4.02224834550223
533.581582215716,393.078832169369,3.46776970683119
63.0904303344548,79.4117967546704,5.21094727812416
3.82143603898295,75.7889029913439,3.52930010480121
585.217708031331,226.85708456982,4.09985148365298
431.383129027501,460.450640101576,4.71521048825944
657.976970587296,373.703767809432,3.081455987998
98.7918143561714,487.089445422488,4.33387436501115
627.660654011247,90.0968117360533,4.0773791646645
418.920303484266,260.569425065633,3.5932119396951
11.3487380270548,180.224797733666,3.10359335183784
75.1760368844493,112.087004153485,4.73002766237238
625.782318160766,201.699858452677,4.44851235580294
252.195951913567,217.264079025016,3.71223664988826
565.040267881573,439.239340812945,3.68739740172504
299.36572046373,144.126027829702,3.91040917644902
532.051738823784,456.229715535917,3.67915572651894
49.1037324305929,413.334166611632,3.80326943902135
194.368330490878,276.485693765406,4.21999444017982
552.543362740711,260.288291258113,3.6020989022727
172.323840804235,42.6551727626792,4.39278258660239
496.014688515142,339.118075939771,4.57178846603115
31.8314321840594,50.3257377657119,4.07210057775555
541.863229314576,161.688013267949,4.52477658602223
NA,NA,NA
659.873177899118,337.00644092316,3.69465762547952
456.263597467315,297.855353455343,3.55577805882445
8.17092080558306,495.328128158637,3.62953226818536
564.513470792319,53.5357742715072,4.24324058640349
67.8454300873538,376.341713903263,4.05164871176773
228.855752144333,412.414598574839,3.89415026964234
426.340768553397,13.5574145657463,3.37427282150833
361.540366948552,292.784896795892,2.86939034030316
604.659788460436,108.297216316773,4.13021993263817
395.180751366558,229.529771473672,4.23451617068716
562.213940697732,414.893311895058,4.70105347168048
141.824012852636,284.649985276614,4.61149700876641
198.348975844715,370.299024456096,4.03387585199388
126.334576256859,411.499762392352,3.47434615777111
629.405740570714,313.906870077225,4.54927783618218
1.27707383079834,152.265871701199,4.21338797401553
539.684078266201,202.199342232317,4.02109358655495
33.5325796220468,492.267282043151,2.99105112075567
277.068987400093,23.0938285884364,4.02224834550223
533.581582215716,393.078832169369,3.46776970683119
63.0904303344548,79.4117967546704,5.21094727812416
3.82143603898295,75.7889029913439,3.52930010480121
585.217708031331,226.85708456982,4.09985148365298
431.383129027501,460.450640101576,4.71521048825944
657.976970587296,373.703767809432,3.081455987998
98.7918143561714,487.089445422488,4.33387436501115
627.660654011247,90.0968117360533,4.0773791646645
418.920303484266,260.569425065633,3.5932119396951
11.3487380270548,180.224797733666,3.10359335183784
75.1760368844493,112.087004153485,4.73002766237238
625.782318160766,201.699858452677,4.44851235580294
252.195951913567,217.264079025016,3.71223664988826
565.040267881573,439.239340812945,3.68739740172504
299.36572046373,144.126027829702,3.91040917644902
532.051738823784,456.229715535917,3.67915572651894
49.1037324305929,413.334166611632,3.80326943902135
194.368330490878,276.485693765406,4.21999444017982
552.543362740711,260.288291258113,3.6020989022727
172.323840804235,42.6551727626792,4.39278258660239
496.014688515142,339.118075939771,4.57178846603115
31.8314321840594,50.3257377657119,4.07210057775555
541.863229314576,161.688013267949,4.52477658602223
NA,NA,NA
659.873177899118,337.00644092316,3.69465762547952
456.263597467315,297.855353455343,3.55577805882445
8.17092080558306,495.328128158637,3.62953226818536
564.513470792319,53.5357742715072,4.24324058640349
67.8454300873538,376.341713903263,4.05164871176773
228.855752144333,412.414598574839,3.89415026964234
426.340768553397,13.5574145657463,3.37427282150833
361.540366948552,292.784896795892,2.86939034030316
604.659788460436,108.297216316773,4.13021993263817
395.180751366558,229.529771473672,4.23451617068716
562.213940697732,414.893311895058,4.70105347168048
141.824012852636,284.649985276614,4.61149700876641
198.348975844715,370.299024456096,4.03387585199388
126.334576256859,411.499762392352,3.47434615777111
629.405740570714,313.906870077225,4.54927783618218
1.27707383079834,152.265871701199,4.21338797401553
539.684078266201,202.199342232317,4.02109358655495
33.5325796220468,492.267282043151,2.99105112075567
277.068987400093,23.0938285884364,4.02224834550223
533.581582215716,393.078832169369,3.46776970683119
63.0904303344548,79.4117967546704,5.21094727812416
3.82143603898295,75.7889029913439,3.52930010480121
585.217708031331,226.85708456982,4.09985148365298
431.383129027501,460.450640101576,4.71521048825944
657.976970587296,373.703767809432,3.081455987998
98.7918143561714,487.089445422488,4.33387436501115
627.660654011247,90.0968117360533,4.0773791646645
418.920303484266,260.569425065633,3.5932119396951
11.3487380270548,180.224797733666,3.10359335183784
75.1760368844493,112.087004153485,4.73002766237238
625.782318160766,201.699858452677,4.44851235580294
252.195951913567,217.264079025016,3.71223664988826
565.040267881573,439.239340812945,3.68739740172504
299.36572046373,144.126027829702,3.91040917644902
532.051738823784,456.229715535917,3.67915572651894
49.1037324305929,413.334166611632,3.80326943902135
194.368330490878,276.485693765406,4.21999444017982
552.543362740711,260.288291258113,3.6020989022727
172.323840804235,42.6551727626792,4.39278258660239
496.014688515142,339.118075939771,4.57178846603115
31.8314321840594,50.3257377657119,4.07210057775555
541.863229314576,161.688013267949,4.52477658602223
NA,NA,NA
659.873177899118,337.00644092316,3.69465762547952
456.263597467315,297.855353455343,3.55577805882445
8.17092080558306,495.328128158637,3.62953226818536
564.513470792319,53.5357742715072,4.24324058640349
67.8454300873538,376.341713903263,4.05164871176773
228.855752144333,412.414598574839,3.89415026964234
426.340768553397,13.5574145657463,3.37427282150833
361.540366948552,292.784896795892,2.86939034030316
604.659788460436,108.297216316773,4.13021993263817
395.180751366558,229.529771473672,4.23451617068716
562.213940697732,414.893311895058,4.70105347168048
141.824012852636,284.649985276614,4.61149700876641
198.348975844715,370.299024456096,4.03387585199388
126.334576256859,411.499762392352,3.47434615777111
629.405740570714,313.906870077225,4.54927783618218
1.27707383079834,152.265871701199,4.21338797401553
539.684078266201,202.199342232317,4.02109358655495
33.5325796220468,492.267282043151,2.99105112075567
277.068987400093,23.0938285884364,4.02224834550223
533.581582215716,393.078832169369,3.46776970683119
63.0904303344548,79.4117967546704,5.21094727812416
3.82143603898295,75.7889029913439,3.52930010480121
585.217708031331,226.85708456982,4.09985148365298
431.383129027501,460.450640101576,4.71521048825944
657.976970587296,373.703767809432,3.081455987998
98.7918143561714,487.089445422488,4.33387436501115
627.660654011247,90.0968117360533,4.0773791646645
418.920303484266,260.569425065633,3.5932119396951
11.3487380270548,180.224797733666,3.10359335183784
75.1760368844493,112.087004153485,4.73002766237238
625.782318160766,201.699858452677,4.44851235580294
252.195951913567,217.264079025016,3.71223664988826
565.040267881573,439.239340812945,3.68739740172504
299.36572046373,144.126027829702,3.91040917644902
532.051738823784,456.229715535917,3.67915572651894
49.1037324305929,413.334166611632,3.80326943902135
194.368330490878,276.485693765406,4.21999444017982
552.543362740711,260.288291258113,3.6020989022727
172.323840804235,42.6551727626792,4.39278258660239
496.014688515142,339.118075939771,4.57178846603115
31.8314321840594,50.3257377657119,4.07210057775555
541.863229314576,161.688013267949,4.52477658602223
NA,NA,NA
657.835570914272,333.340897845555,3.4910851497688
456.943890322692,298.630469761185,3.42150092780647
12.7176232165353,494.529491695434,3.67183222145294
563.179343446716,53.7296194154985,4.10606638836212
71.8906378068614,380.370865619441,3.98111787807646
225.153713619281,410.351069868312,3.90658277981695
427.861281120151,11.8551973563138,3.33700108136444
361.699589314142,291.015812159573,3.02805345560348
607.573257335282,107.38067025333,4.22873713088943
393.435326128182,235.938287388116,4.10456279558197
572.705851048976,413.905025312719,4.76376807587852
140.734761317567,278.657640985275,4.46233546836661
197.280229355609,370.782111151096,3.86189875308032
127.253771343404,411.146977127015,3.44724155289842
628.398637430528,309.238957621629,4.54110927342553
-0.980940521723118,145.087663026603,4.16682644760352
543.441280801838,208.012415089703,4.25889047947489
33.2593671813301,491.58411581777,2.87997968878771
279.196458196033,20.7824156202409,3.74932099032952
531.59095978808,392.734260950974,3.39269898769353
83.6822762059038,76.576423192969,5.19345749884191
7.19972677078525,76.7346235198205,3.33699327939418
587.256507778462,226.964815906244,4.02700769425086
445.042803387757,463.068741995555,4.78935610303643
659.495872201799,372.374650272713,3.03870155158032
106.585853025816,482.52710088603,4.38365376192336
623.117604474215,86.0704883647943,4.04442169754314
421.077144999023,259.692436737655,3.72269523882144
11.1584427353334,182.744838876241,3.17654662248816
75.3238036646177,128.913869648371,4.46655247217802
615.621926715563,200.74969936802,4.34159016475641
243.846060143942,222.929849097493,3.92706727436041
570.885392985982,431.016613996189,3.8252311997845
300.544737687084,132.716896198033,3.70850192600696
527.704389979291,455.311878010763,3.53430135743461
43.0442522816644,418.699740493072,3.66218214543734
196.22245286543,289.98759001694,3.72757256020106
547.045801592204,257.104179536238,3.64794558331159
161.479555524205,36.0175116819222,4.23465457164739
502.577415517868,341.63983790213,4.65840493961374
34.4164010471409,51.1349413142712,4.03653135626474
540.306777125017,146.91894850947,4.9938654095404
NA,NA,NA
657.835570914272,333.340897845555,3.4910851497688
456.943890322692,298.630469761185,3.42150092780647
12.7176232165353,494.529491695434,3.67183222145294
563.179343446716,53.7296194154985,4.10606638836212
71.8906378068614,380.370865619441,3.98111787807646
225.153713619281,410.351069868312,3.90658277981695
427.861281120151,11.8551973563138,3.33700108136444
361.699589314142,291.015812159573,3.02805345560348
607.573257335282,107.38067025333,4.22873713088943
393.435326128182,235.938287388116,4.10456279558197
572.705851048976,413.905025312719,4.76376807587852
140.734761317567,278.657640985275,4.46233546836661
197.280229355609,370.782111151096,3.86189875308032
127.253771343404,411.146977127015,3.44724155289842
628.398637430528,309.238957621629,4.54110927342553
-0.980940521723118,145.087663026603,4.16682644760352
543.441280801838,208.012415089703,4.25889047947489
33.2593671813301,491.58411581777,2.87997968878771
279.196458196033,20.7824156202409,3.74932099032952
531.59095978808,392.734260950974,3.39269898769353
83.6822762059038,76.576423192969,5.19345749884191
7.19972677078525,76.7346235198205,3.33699327939418
587.256507778462,226.964815906244,4.02700769425086
445.042803387757,463.068741995555,4.78935610303643
659.495872201799,372.374650272713,3.03870155158032
106.585853025816,482.52710088603,4.38365376192336
623.117604474215,86.0704883647943,4.04442169754314
421.077144999023,259.692436737655,3.72269523882144
11.1584427353334,182.744838876241,3.17654662248816
75.3238036646177,128.913869648371,4.46655247217802
615.621926715563,200.74969936802,4.34159016475641
243.846060143942,222.929849097493,3.92706727436041
570.885392985982,431.016613996189,3.8252311997845
300.544737687084,132.716896198033,3.70850192600696
527.704389979291,455.311878010763,3.53430135743461
43.0442522816644,418.699740493072,3.66218214543734
196.22245286543,289.98759001694,3.72757256020106
547.045801592204,257.104179536238,3.64794558331159
161.479555524205,36.0175116819222,4.23465457164739
502.577415517868,341.63983790213,4.65840493961374
34.4164010471409,51.1349413142712,4.03653135626474
540.306777125017,146.91894850947,4.9938654095404
NA,NA,NA
657.835570914272,333.340897845555,3.4910851497688
456.943890322692,298.630469761185,3.42150092780647
12.7176232165353,494.529491695434,3.67183222145294
563.179343446716,53.7296194154985,4.10606638836212
71.8906378068614,380.370865619441,3.98111787807646
225.153713619281,410.351069868312,3.90658277981695
427.861281120151,11.8551973563138,3.33700108136444
361.699589314142,291.015812159573,3.02805345560348
607.573257335282,107.38067025333,4.22873713088943
393.435326128182,235.938287388116,4.10456279558197
572.705851048976,413.905025312719,4.76376807587852
140.734761317567,278.657640985275,4.46233546836661
197.280229355609,370.782111151096,3.86189875308032
127.253771343404,411.146977127015,3.44724155289842
628.398637430528,309.238957621629,4.54110927342553
-0.980940521723118,145.087663026603,4.16682644760352
543.441280801838,208.012415089703,4.25889047947489
33.2593671813301,491.58411581777,2.87997968878771
279.196458196033,20.7824156202409,3.74932099032952
531.59095978808,392.734260950974,3.39269898769353
83.6822762059038,76.576423192969,5.19345749884191
7.19972677078525,76.7346235198205,3.33699327939418
587.256507778462,226.964815906244,4.02700769425086
445.042803387757,463.068741995555,4.78935610303643
659.495872201799,372.374650272713,3.03870155158032
106.585853025816,482.52710088603,4.38365376192336
623.117604474215,86.0704883647943,4.04442169754314
421.077144999023,259.692436737655,3.72269523882144
11.1584427353334,182.744838876241,3.17654662248816
75.3238036646177,128.913869648371,4.46655247217802
615.621926715563,200.74969936802,4.34159016475641
243.846060143942,222.929849097493,3.92706727436041
570.885392985982,431.016613996189,3.8252311997845
300.544737687084,132.716896198033,3.70850192600696
527.704389979291,455.311878010763,3.53430135743461
43.0442522816644,418.699740493072,3.66218214543734
196.22245286543,289.98759001694,3.72757256020106
547.045801592204,257.104179536238,3.64794558331159
161.479555524205,36.0175116819222,4.23465457164739
502.577415517868,341.63983790213,4.65840493961374
34.4164010471409,51.1349413142712,4.03653135626474
540.306777125017,146.91894850947,4.9938654095404
NA,NA,NA
657.835570914272,333.340897845555,3.4910851497688
456.943890322692,298.630469761185,3.42150092780647
12.7176232165353,494.529491695434,3.67183222145294
563.179343446716,53.7296194154985,4.10606638836212
71.8906378068614,380.370865619441,3.98111787807646
225.153713619281,410.351069868312,3.90658277981695
427.861281120151,11.8551973563138,3.33700108136444
361.699589314142,291.015812159573,3.02805345560348
607.573257335282,107.38067025333,4.22873713088943
393.435326128182,235.938287388116,4.10456279558197
572.705851048976,413.905025312719,4.76376807587852
140.734761317567,278.657640985275,4.46233546836661
197.280229355609,370.782111151096,3.86189875308032
127.253771343404,411.146977127015,3.44724155289842
628.398637430528,309.238957621629,4.54110927342553
-0.980940521723118,145.087663026603,4.16682644760352
543.441280801838,208.012415089703,4.25889047947489
33.2593671813301,491.58411581777,2.87997968878771
279.196458196033,20.7824156202409,3.74932099032952
531.59095978808,392.734260950974,3.39269898769353
83.6822762059038,76.576423192969,5.19345749884191
7.19972677078525,76.7346235198205,3.33699327939418
587.256507778462,226.964815906244,4.02700769425086
445.042803387757,463.068741995555,4.78935610303643
659.495872201799,372.374650272713,3.03870155158032
106.585853025816,482.52710088603,4.38365376192336
623.117604474215,86.0704883647943,4.04442169754314
421.077144999023,259.692436737655,3.72269523882144
11.1584427353334,182.744838876241,3.17654662248816
75.3238036646177,128.913869648371,4.46655247217802
615.621926715563,200.74969936802,4.34159016475641
243.846060143942,222.929849097493,3.92706727436041
570.885392985982,431.016613996189,3.8252311997845
300.544737687084,132.716896198033,3.70850192600696
527.704389979291,455.311878010763,3.53430135743461
43.0442522816644,418.699740493072,3.66218214543734
196.22245286543,289.98759001694,3.72757256020106
547.045801592204,257.104179536238,3.64794558331159
161.479555524205,36.0175116819222,4.23465457164739
502.577415517868,341.63983790213,4.65840493961374
34.4164010471409,51.1349413142712,4.03653135626474
540.306777125017,146.91894850947,4.9938654095404
NA,NA,NA
657.835570914272,333.340897845555,3.4910851497688
456.943890322692,298.630469761185,3.42150092780647
12.7176232165353,494.529491695434,3.67183222145294
563.179343446716,53.7296194154985,4.10606638836212
71.8906378068614,380.370865619441,3.98111787807646
225.153713619281,410.351069868312,3.90658277981695
427.861281120151,11.8551973563138,3.33700108136444
361.699589314142,291.015812159573,3.02805345560348
607.573257335282,107.38067025333,4.22873713088943
393.435326128182,235.938287388116,4.10456279558197
572.705851048976,413.905025312719,4.76376807587852
140.734761317567,278.657640985275,4.46233546836661
197.280229355609,370.782111151096,3.86189875308032
127.253771343404,411.146977127015,3.44724155289842
628.398637430528,309.238957621629,4.54110927342553
-0.980940521723118,145.087663026603,4.16682644760352
543.441280801838,208.012415089703,4.25889047947489
33.2593671813301,491.58411581777,2.87997968878771
279.196458196033,20.7824156202409,3.74932099032952
531.59095978808,392.734260950974,3.39269898769353
83.6822762059038,76.576423192969,5.19345749884191
7.19972677078525,76.7346235198205,3.33699327939418
587.256507778462,226.964815906244,4.02700769425086
445.042803387757,463.068741995555,4.78935610303643
659.495872201799,372.374650272713,3.03870155158032
106.585853025816,482.52710088603,4.38365376192336
623.117604474215,86.0704883647943,4.04442169754314
421.077144999023,259.692436737655,3.72269523882144
11.1584427353334,182.744838876241,3.17654662248816
75.3238036646177,128.913869648371,4.46655247217802
615.621926715563,200.74969936802,4.34159016475641
243.846060143942,222.929849097493,3.92706727436041
570.885392985982,431.016613996189,3.8252311997845
300.544737687084,132.716896198033,3.70850192600696
527.704389979291,455.311878010763,3.53430135743461
43.0442522816644,418.699740493072,3.66218214543734
196.22245286543,289.98759001694,3.72757256020106
547.045801592204,257.104179536238,3.64794558331159
161.479555524205,36.0175116819222,4.23465457164739
502.577415517868,341.63983790213,4.65840493961374
34.4164010471409,51.1349413142712,4.03653135626474
540.306777125017,146.91894850947,4.9938654095404
NA,NA,NA
657.835570914272,333.340897845555,3.4910851497688
456.943890322692,298.630469761185,3.42150092780647
12.7176232165353,494.529491695434,3.67183222145294
563.179343446716,53.7296194154985,4.10606638836212
71.8906378068614,380.370865619441,3.98111787807646
225.153713619281,410.351069868312,3.90658277981695
427.861281120151,11.8551973563138,3.33700108136444
361.699589314142,291.015812159573,3.02805345560348
607.573257335282,107.38067025333,4.22873713088943
393.435326128182,235.938287388116,4.10456279558197
572.705851048976,413.905025312719,4.76376807587852
140.734761317567,278.657640985275,4.46233546836661
197.280229355609,370.782111151096,3.86189875308032
127.253771343404,411.146977127015,3.44724155289842
628.398637430528,309.238957621629,4.54110927342553
-0.980940521723118,145.087663026603,4.16682644760352
543.441280801838,208.012415089703,4.25889047947489
33.2593671813301,491.58411581777,2.87997968878771
279.196458196033,20.7824156202409,3.74932099032952
531.59095978808,392.734260950974,3.39269898769353
83.6822762059038,76.576423192969,5.19345749884191
7.19972677078525,76.7346235198205,3.33699327939418
587.256507778462,226.964815906244,4.02700769425086
445.042803387757,463.068741995555,4.78935610303643
659.495872201799,372.374650272713,3.03870155158032
106.585853025816,482.52710088603,4.38365376192336
623.117604474215,86.0704883647943,4.04442169754314
421.077144999023,259.692436737655,3.72269523882144
11.1584427353334,182.744838876241,3.17654662248816
75.3238036646177,128.913869648371,4.46655247217802
615.621926715563,200.74969936802,4.34159016475641
243.846060143942,222.929849097493,3.92706727436041
570.885392985982,431.016613996189,3.8252311997845
300.544737687084,132.716896198033,3.70850192600696
527.704389979291,455.311878010763,3.53430135743461
43.0442522816644,418.699740493072,3.66218214543734
196.22245286543,289.98759001694,3.72757256020106
547.045801592204,257.104179536238,3.64794558331159
161.479555524205,36.0175116819222,4.23465457164739
502.577415517868,341.63983790213,4.65840493961374
34.4164010471409,51.1349413142712,4.03653135626474
540.306777125017,146.91894850947,4.9938654095404
NA,NA,NA
662.579026531911,337.200882316229,3.49677395818962
454.400936481196,295.251404332205,3.5501716979498
15.5794884993172,495.409767791172,3.66946380358306
562.326860337459,44.1267560596826,4.2144542700267
69.0601276198662,373.709306486552,4.03504557665695
226.805945095876,410.948817755455,3.94333187477562
427.787900086519,14.087350777888,3.4552660666368
360.235522199526,293.433569888145,3.03158955593033
601.53082114213,103.676878541443,4.22055356134139
395.78336584758,224.792976274985,4.18742618164549
567.567507210072,414.698370708022,4.67576205206579
144.605223768603,284.049307515844,4.53267603249386
196.332722987791,368.563544572911,4.00788590016381
123.908552151183,409.937982202866,3.43266498838596
634.98464956566,312.126073496336,4.63362484731129
4.14993241016785,143.958681677127,4.2652244845925
546.134314900078,205.971639172389,4.02524132491681
33.9491756799811,492.229580717966,2.98107719187303
278.090531412663,23.7353464297591,3.96051056203999
535.314035928528,392.718425440161,3.44610924199693
77.8089949198966,73.6247930855898,5.27167535250066
3.49963789541211,76.2892599899533,3.54726227510681
589.995023994297,225.479850095299,3.96211393121062
439.949116663243,460.57008658629,4.82853468237474
659.783466902267,372.484548709262,3.06392583725827
104.780752060263,487.949128927246,4.34241215522091
623.253782598766,84.4866964547273,4.05489421842176
421.76292538163,256.727134568315,3.72589502954295
12.7576621846528,180.787671546818,3.12608038981066
56.3414122082661,106.674612608021,4.49542260394096
627.038542056758,202.232218299765,4.58092067404522
254.024496998789,216.380281144299,3.71919899372263
567.331706525402,441.139424962812,3.8432976777831
298.303374856721,133.183922130868,3.91476370782404
531.270984795636,458.982553396328,3.65893539677395
46.5003113338423,422.253266095112,4.00416054814937
189.575827775623,284.338976363101,3.9279314959161
558.533866789702,262.084016917937,3.63321487580206
162.031036099754,26.3957055014964,4.44359370884153
501.326853430302,336.868702166747,4.44972389463748
36.9995077998761,53.4527234923799,4.14366761249782
521.552019321527,123.91928846395,4.51409971797144
NA,NA,NA
662.579026531911,337.200882316229,3.49677395818962
454.400936481196,295.251404332205,3.5501716979498
15.5794884993172,495.409767791172,3.66946380358306
562.326860337459,44.1267560596826,4.2144542700267
69.0601276198662,373.709306486552,4.03504557665695
226.805945095876,410.948817755455,3.94333187477562
427.787900086519,14.087350777888,3.4552660666368
360.235522199526,293.433569888145,3.03158955593033
601.53082114213,103.676878541443,4.22055356134139
395.78336584758,224.792976274985,4.18742618164549
567.567507210072,414.698370708022,4.67576205206579
144.605223768603,284.049307515844,4.53267603249386
196.332722987791,368.563544572911,4.00788590016381
123.908552151183,409.937982202866,3.43266498838596
634.98464956566,312.126073496336,4.63362484731129
4.14993241016785,143.958681677127,4.2652244845925
546.134314900078,205.971639172389,4.02524132491681
33.9491756799811,492.229580717966,2.98107719187303
278.090531412663,23.7353464297591,3.96051056203999
535.314035928528,392.718425440161,3.44610924199693
77.8089949198966,73.6247930855898,5.27167535250066
3.49963789541211,76.2892599899533,3.54726227510681
589.995023994297,225.479850095299,3.96211393121062
439.949116663243,460.57008658629,4.82853468237474
659.783466902267,372.484548709262,3.06392583725827
104.780752060263,487.949128927246,4.34241215522091
623.253782598766,84.4866964547273,4.05489421842176
421.76292538163,256.727134568315,3.72589502954295
12.7576621846528,180.787671546818,3.12608038981066
56.3414122082661,106.674612608021,4.49542260394096
627.038542056758,202.232218299765,4.58092067404522
254.024496998789,216.380281144299,3.71919899372263
567.331706525402,441.139424962812,3.8432976777831
298.303374856721,133.183922130868,3.91476370782404
531.270984795636,458.982553396328,3.65893539677395
46.5003113338423,422.253266095112,4.00416054814937
189.575827775623,284.338976363101,3.9279314959161
558.533866789702,262.084016917937,3.63321487580206
162.031036099754,26.3957055014964,4.44359370884153
501.326853430302,336.868702166747,4.44972389463748
36.9995077998761,53.4527234923799,4.14366761249782
521.552019321527,123.91928846395,4.51409971797144
NA,NA,NA
662.579026531911,337.200882316229,3.49677395818962
454.400936481196,295.251404332205,3.5501716979498
15.5794884993172,495.409767791172,3.66946380358306
562.326860337459,44.1267560596826,4.2144542700267
69.0601276198662,373.709306486552,4.03504557665695
226.805945095876,410.948817755455,3.94333187477562
427.787900086519,14.087350777888,3.4552660666368
360.235522199526,293.433569888145,3.03158955593033
601.53082114213,103.676878541443,4.22055356134139
395.78336584758,224.792976274985,4.18742618164549
567.567507210072,414.698370708022,4.67576205206579
144.605223768603,284.049307515844,4.53267603249386
196.332722987791,368.563544572911,4.00788590016381
123.908552151183,409.937982202866,3.43266498838596
634.98464956566,312.126073496336,4.63362484731129
4.14993241016785,143.958681677127,4.2652244845925
546.134314900078,205.971639172389,4.02524132491681
33.9491756799811,492.229580717966,2.98107719187303
278.090531412663,23.7353464297591,3.96051056203999
535.314035928528,392.718425440161,3.44610924199693
77.8089949198966,73.6247930855898,5.27167535250066
3.49963789541211,76.2892599899533,3.54726227510681
589.995023994297,225.479850095299,3.96211393121062
439.949116663243,460.57008658629,4.82853468237474
659.783466902267,372.484548709262,3.06392583725827
104.780752060263,487.949128927246,4.34241215522091
623.253782598766,84.4866964547273,4.05489421842176
421.76292538163,256.727134568315,3.72589502954295
12.7576621846528,180.787671546818,3.12608038981066
56.3414122082661,106.674612608021,4.49542260394096
627.038542056758,202.232218299765,4.58092067404522
254.024496998789,216.380281144299,3.71919899372263
567.331706525402,441.139424962812,3.8432976777831
298.303374856721,133.183922130868,3.91476370782404
531.270984795636,458.982553396328,3.65893539677395
46.5003113338423,422.253266095112,4.00416054814937
189.575827775623,284.338976363101,3.9279314959161
558.533866789702,262.084016917937,3.63321487580206
162.031036099754,26.3957055014964,4.44359370884153
501.326853430302,336.868702166747,4.44972389463748
36.9995077998761,53.4527234923799,4.14366761249782
521.552019321527,123.91928846395,4.51409971797144
NA,NA,NA
662.579026531911,337.200882316229,3.49677395818962
454.400936481196,295.251404332205,3.5501716979498
15.5794884993172,495.409767791172,3.66946380358306
562.326860337459,44.1267560596826,4.2144542700267
69.0601276198662,373.709306486552,4.03504557665695
226.805945095876,410.948817755455,3.94333187477562
427.787900086519,14.087350777888,3.4552660666368
360.235522199526,293.433569888145,3.03158955593033
601.53082114213,103.676878541443,4.22055356134139
395.78336584758,224.792976274985,4.18742618164549
567.567507210072,414.698370708022,4.67576205206579
144.605223768603,284.049307515844,4.53267603249386
196.332722987791,368.563544572911,4.00788590016381
123.908552151183,409.937982202866,3.43266498838596
634.98464956566,312.126073496336,4.63362484731129
4.14993241016785,143.958681677127,4.2652244845925
546.134314900078,205.971639172389,4.02524132491681
33.9491756799811,492.229580717966,2.98107719187303
278.090531412663,23.7353464297591,3.96051056203999
535.314035928528,392.718425440161,3.44610924199693
77.8089949198966,73.6247930855898,5.27167535250066
3.49963789541211,76.2892599899533,3.54726227510681
589.995023994297,225.479850095299,3.96211393121062
439.949116663243,460.57008658629,4.82853468237474
659.783466902267,372.484548709262,3.06392583725827
104.780752060263,487.949128927246,4.34241215522091
623.253782598766,84.4866964547273,4.05489421842176
421.76292538163,256.727134568315,3.72589502954295
12.7576621846528,180.787671546818,3.12608038981066
56.3414122082661,106.674612608021,4.49542260394096
627.038542056758,202.232218299765,4.58092067404522
254.024496998789,216.380281144299,3.71919899372263
567.331706525402,441.139424962812,3.8432976777831
298.303374856721,133.183922130868,3.91476370782404
531.270984795636,458.982553396328,3.65893539677395
46.5003113338423,422.253266095112,4.00416054814937
189.575827775623,284.338976363101,3.9279314959161
558.533866789702,262.084016917937,3.63321487580206
162.031036099754,26.3957055014964,4.44359370884153
501.326853430302,336.868702166747,4.44972389463748
36.9995077998761,53.4527234923799,4.14366761249782
521.552019321527,123.91928846395,4.51409971797144
NA,NA,NA
662.579026531911,337.200882316229,3.49677395818962
454.400936481196,295.251404332205,3.5501716979498
15.5794884993172,495.409767791172,3.66946380358306
562.326860337459,44.1267560596826,4.2144542700267
69.0601276198662,373.709306486552,4.03504557665695
226.805945095876,410.948817755455,3.94333187477562
427.787900086519,14.087350777888,3.4552660666368
360.235522199526,293.433569888145,3.03158955593033
601.53082114213,103.676878541443,4.22055356134139
395.78336584758,224.792976274985,4.18742618164549
567.567507210072,414.698370708022,4.67576205206579
144.605223768603,284.049307515844,4.53267603249386
196.332722987791,368.563544572911,4.00788590016381
123.908552151183,409.937982202866,3.43266498838596
634.98464956566,312.126073496336,4.63362484731129
4.14993241016785,143.958681677127,4.2652244845925
546.134314900078,205.971639172389,4.02524132491681
33.9491756799811,492.229580717966,2.98107719187303
278.090531412663,23.7353464297591,3.96051056203999
535.314035928528,392.718425440161,3.44610924199693
77.8089949198966,73.6247930855898,5.27167535250066
3.49963789541211,76.2892599899533,3.54726227510681
589.995023994297,225.479850095299,3.96211393121062
439.949116663243,460.57008658629,4.82853468237474
659.783466902267,372.484548709262,3.06392583725827
104.780752060263,487.949128927246,4.34241215522091
623.253782598766,84.4866964547273,4.05489421842176
421.76292538163,256.727134568315,3.72589502954295
12.7576621846528,180.787671546818,3.12608038981066
56.3414122082661,106.674612608021,4.49542260394096
627.038542056758,202.232218299765,4.58092067404522
254.024496998789,216.380281144299,3.71919899372263
567.331706525402,441.139424962812,3.8432976777831
298.303374856721,133.183922130868,3.91476370782404
531.270984795636,458.982553396328,3.65893539677395
46.5003113338423,422.253266095112,4.00416054814937
189.575827775623,284.338976363101,3.9279314959161
558.533866789702,262.084016917937,3.63321487580206
162.031036099754,26.3957055014964,4.44359370884153
501.326853430302,336.868702166747,4.44972389463748
36.9995077998761,53.4527234923799,4.14366761249782
521.552019321527,123.91928846395,4.51409971797144
NA,NA,NA
662.579026531911,337.200882316229,3.49677395818962
454.400936481196,295.251404332205,3.5501716979498
15.5794884993172,495.409767791172,3.66946380358306
562.326860337459,44.1267560596826,4.2144542700267
69.0601276198662,373.709306486552,4.03504557665695
226.805945095876,410.948817755455,3.94333187477562
427.787900086519,14.087350777888,3.4552660666368
360.235522199526,293.433569888145,3.03158955593033
601.53082114213,103.676878541443,4.22055356134139
395.78336584758,224.792976274985,4.18742618164549
567.567507210072,414.698370708022,4.67576205206579
144.605223768603,284.049307515844,4.53267603249386
196.332722987791,368.563544572911,4.00788590016381
123.908552151183,409.937982202866,3.43266498838596
634.98464956566,312.126073496336,4.63362484731129
4.14993241016785,143.958681677127,4.2652244845925
546.134314900078,205.971639172389,4.02524132491681
33.9491756799811,492.229580717966,2.98107719187303
278.090531412663,23.7353464297591,3.96051056203999
535.314035928528,392.718425440161,3.44610924199693
77.8089949198966,73.6247930855898,5.27167535250066
3.49963789541211,76.2892599899533,3.54726227510681
589.995023994297,225.479850095299,3.96211393121062
439.949116663243,460.57008658629,4.82853468237474
659.783466902267,372.484548709262,3.06392583725827
104.780752060263,487.949128927246,4.34241215522091
623.253782598766,84.4866964547273,4.05489421842176
421.76292538163,256.727134568315,3.72589502954295
12.7576621846528,180.787671546818,3.12608038981066
56.3414122082661,106.674612608021,4.49542260394096
627.038542056758,202.232218299765,4.58092067404522
254.024496998789,216.380281144299,3.71919899372263
567.331706525402,441.139424962812,3.8432976777831
298.303374856721,133.183922130868,3.91476370782404
531.270984795636,458.982553396328,3.65893539677395
46.5003113338423,422.253266095112,4.00416054814937
189.575827775623,284.338976363101,3.9279314959161
558.533866789702,262.084016917937,3.63321487580206
162.031036099754,26.3957055014964,4.44359370884153
501.326853430302,336.868702166747,4.44972389463748
36.9995077998761,53.4527234923799,4.14366761249782
521.552019321527,123.91928846395,4.51409971797144
NA,NA,NA
663.388215103267,332.414023840476,3.59225116325405
454.175320164837,300.40668220001,3.63061638793615
11.6212319038989,493.920571646338,3.72771863745896
561.415720422007,43.5690907668895,4.35099466254851
66.6244675502853,379.338715881723,3.96093325967896
229.489150199971,413.652968048004,3.88710106045841
428.179232221826,13.3492819718846,3.16950066178371
361.273155225278,291.043560168414,3.03667106295998
607.962781800511,106.634642799828,4.31263741363993
395.417507012002,233.416106883664,4.19746520249224
566.105752335306,413.119678376695,4.70239401644094
140.116690859438,284.2635100346,4.70560945945118
202.377419293734,371.047204938377,4.07478193067525
124.752566918054,410.3914261804,3.35895559958111
627.069779247307,309.486581956824,4.66413652469953
1.58539166819953,147.974825788783,4.32310517077525
542.644097485841,202.820184014393,4.26599059596319
34.4889357573551,492.52689341678,2.90766490896701
283.071328006333,19.4937258866458,3.96898440130638
531.300337254289,391.016789873349,3.43760710125019
71.2813799483072,68.4680894736144,5.20387053979145
4.44272705835503,71.8559586605092,3.47531745472579
586.563933583069,227.771682045754,4.0984012307434
438.654751369759,459.434157114845,4.81108819811687
659.025714563356,372.927641762703,3.11969441656574
107.11320025726,487.093421541845,4.30839837842095
624.333572973412,92.0134021755144,4.08893956365667
419.09474307656,259.140527695992,3.6567910785318
12.1862350622946,182.422868493243,3.20813001518681
70.5324890210122,124.439684607504,4.67086085096264
627.499982508076,204.475213856883,4.43122362215978
255.615170771386,225.146369735358,4.10144908271375
581.841621738404,436.291025007915,3.85569196665438
298.63735117379,133.674998041794,3.95256161976651
528.998988908116,457.603407627315,3.60778058986996
50.7748570753085,412.249930130213,3.92789823553969
189.634362509537,287.79068292594,4.04186806887536
554.433313395544,264.502037796838,3.83353722182562
168.369880983736,36.3248446298663,4.38106689950026
502.374655468551,335.225699428127,4.34945479458465
28.381571913567,43.7074036761034,3.62996690258599
524.055391351038,150.044051190305,4.40374213881164
NA,NA,NA
663.388215103267,332.414023840476,3.59225116325405
454.175320164837,300.40668220001,3.63061638793615
11.6212319038989,493.920571646338,3.72771863745896
561.415720422007,43.5690907668895,4.35099466254851
66.6244675502853,379.338715881723,3.96093325967896
229.489150199971,413.652968048004,3.88710106045841
428.179232221826,13.3492819718846,3.16950066178371
361.273155225278,291.043560168414,3.03667106295998
607.962781800511,106.634642799828,4.31263741363993
395.417507012002,233.416106883664,4.19746520249224
566.105752335306,413.119678376695,4.70239401644094
140.116690859438,284.2635100346,4.70560945945118
202.377419293734,371.047204938377,4.07478193067525
124.752566918054,410.3914261804,3.35895559958111
627.069779247307,309.486581956824,4.66413652469953
1.58539166819953,147.974825788783,4.32310517077525
542.644097485841,202.820184014393,4.26599059596319
34.4889357573551,492.52689341678,2.90766490896701
283.071328006333,19.4937258866458,3.96898440130638
531.300337254289,391.016789873349,3.43760710125019
71.2813799483072,68.4680894736144,5.20387053979145
4.44272705835503,71.8559586605092,3.47531745472579
586.563933583069,227.771682045754,4.0984012307434
438.654751369759,459.434157114845,4.81108819811687
659.025714563356,372.927641762703,3.11969441656574
107.11320025726,487.093421541845,4.30839837842095
624.333572973412,92.0134021755144,4.08893956365667
419.09474307656,259.140527695992,3.6567910785318
12.1862350622946,182.422868493243,3.20813001518681
70.5324890210122,124.439684607504,4.67086085096264
627.499982508076,204.475213856883,4.43122362215978
255.615170771386,225.146369735358,4.10144908271375
581.841621738404,436.291025007915,3.85569196665438
298.63735117379,133.674998041794,3.95256161976651
528.998988908116,457.603407627315,3.60778058986996
50.7748570753085,412.249930130213,3.92789823553969
189.634362509537,287.79068292594,4.04186806887536
554.433313395544,264.502037796838,3.83353722182562
168.369880983736,36.3248446298663,4.38106689950026
502.374655468551,335.225699428127,4.34945479458465
28.381571913567,43.7074036761034,3.62996690258599
524.055391351038,150.044051190305,4.40374213881164
NA,NA,NA
663.388215103267,332.414023840476,3.59225116325405
454.175320164837,300.40668220001,3.63061638793615
11.6212319038989,493.920571646338,3.72771863745896
561.415720422007,43.5690907668895,4.35099466254851
66.6244675502853,379.338715881723,3.96093325967896
229.489150199971,413.652968048004,3.88710106045841
428.179232221826,13.3492819718846,3.16950066178371
361.273155225278,291.043560168414,3.03667106295998
607.962781800511,106.634642799828,4.31263741363993
395.417507012002,233.416106883664,4.19746520249224
566.105752335306,413.119678376695,4.70239401644094
140.116690859438,284.2635100346,4.70560945945118
202.377419293734,371.047204938377,4.07478193067525
124.752566918054,410.3914261804,3.35895559958111
627.069779247307,309.486581956824,4.66413652469953
1.58539166819953,147.974825788783,4.32310517077525
542.644097485841,202.820184014393,4.26599059596319
34.4889357573551,492.52689341678,2.90766490896701
283.071328006333,19.4937258866458,3.96898440130638
531.300337254289,391.016789873349,3.43760710125019
71.2813799483072,68.4680894736144,5.20387053979145
4.44272705835503,71.8559586605092,3.47531745472579
586.563933583069,227.771682045754,4.0984012307434
438.654751369759,459.434157114845,4.81108819811687
659.025714563356,372.927641762703,3.11969441656574
107.11320025726,487.093421541845,4.30839837842095
624.333572973412,92.0134021755144,4.08893956365667
419.09474307656,259.140527695992,3.6567910785318
12.1862350622946,182.422868493243,3.20813001518681
70.5324890210122,124.439684607504,4.67086085096264
627.499982508076,204.475213856883,4.43122362215978
255.615170771386,225.146369735358,4.10144908271375
581.841621738404,436.291025007915,3.85569196665438
298.63735117379,133.674998041794,3.95256161976651
528.998988908116,457.603407627315,3.60778058986996
50.7748570753085,412.249930130213,3.92789823553969
189.634362509537,287.79068292594,4.04186806887536
554.433313395544,264.502037796838,3.83353722182562
168.369880983736,36.3248446298663,4.38106689950026
502.374655468551,335.225699428127,4.34945479458465
28.381571913567,43.7074036761034,3.62996690258599
524.055391351038,150.044051190305,4.40374213881164
NA,NA,NA
663.388215103267,332.414023840476,3.59225116325405
454.175320164837,300.40668220001,3.63061638793615
11.6212319038989,493.920571646338,3.72771863745896
561.415720422007,43.5690907668895,4.35099466254851
66.6244675502853,379.338715881723,3.96093325967896
229.489150199971,413.652968048004,3.88710106045841
428.179232221826,13.3492819718846,3.16950066178371
361.273155225278,291.043560168414,3.03667106295998
607.962781800511,106.634642799828,4.31263741363993
395.417507012002,233.416106883664,4.19746520249224
566.105752335306,413.119678376695,4.70239401644094
140.116690859438,284.2635100346,4.70560945945118
202.377419293734,371.047204938377,4.07478193067525
124.752566918054,410.3914261804,3.35895559958111
627.069779247307,309.486581956824,4.66413652469953
1.58539166819953,147.974825788783,4.32310517077525
542.644097485841,202.820184014393,4.26599059596319
34.4889357573551,492.52689341678,2.90766490896701
283.071328006333,19.4937258866458,3.96898440130638
531.300337254289,391.016789873349,3.43760710125019
71.2813799483072,68.4680894736144,5.20387053979145
4.44272705835503,71.8559586605092,3.47531745472579
586.563933583069,227.771682045754,4.0984012307434
438.654751369759,459.434157114845,4.81108819811687
659.025714563356,372.927641762703,3.11969441656574
107.11320025726,487.093421541845,4.30839837842095
624.333572973412,92.0134021755144,4.08893956365667
419.09474307656,259.140527695992,3.6567910785318
12.1862350622946,182.422868493243,3.20813001518681
70.5324890210122,124.439684607504,4.67086085096264
627.499982508076,204.475213856883,4.43122362215978
255.615170771386,225.146369735358,4.10144908271375
581.841621738404,436.291025007915,3.85569196665438
298.63735117379,133.674998041794,3.95256161976651
528.998988908116,457.603407627315,3.60778058986996
50.7748570753085,412.249930130213,3.92789823553969
189.634362509537,287.79068292594,4.04186806887536
554.433313395544,264.502037796838,3.83353722182562
168.369880983736,36.3248446298663,4.38106689950026
502.374655468551,335.225699428127,4.34945479458465
28.381571913567,43.7074036761034,3.62996690258599
524.055391351038,150.044051190305,4.40374213881164
NA,NA,NA
663.388215103267,332.414023840476,3.59225116325405
454.175320164837,300.40668220001,3.63061638793615
11.6212319038989,493.920571646338,3.72771863745896
561.415720422007,43.5690907668895,4.35099466254851
66.6244675502853,379.338715881723,3.96093325967896
229.489150199971,413.652968048004,3.88710106045841
428.179232221826,13.3492819718846,3.16950066178371
361.273155225278,291.043560168414,3.03667106295998
607.962781800511,106.634642799828,4.31263741363993
395.417507012002,233.416106883664,4.19746520249224
566.105752335306,413.119678376695,4.70239401644094
140.116690859438,284.2635100346,4.70560945945118
202.377419293734,371.047204938377,4.07478193067525
124.752566918054,410.3914261804,3.35895559958111
627.069779247307,309.486581956824,4.66413652469953
1.58539166819953,147.974825788783,4.32310517077525
542.644097485841,202.820184014393,4.26599059596319
34.4889357573551,492.52689341678,2.90766490896701
283.071328006333,19.4937258866458,3.96898440130638
531.300337254289,391.016789873349,3.43760710125019
71.2813799483072,68.4680894736144,5.20387053979145
4.44272705835503,71.8559586605092,3.47531745472579
586.563933583069,227.771682045754,4.0984012307434
438.654751369759,459.434157114845,4.81108819811687
659.025714563356,372.927641762703,3.11969441656574
107.11320025726,487.093421541845,4.30839837842095
624.333572973412,92.0134021755144,4.08893956365667
419.09474307656,259.140527695992,3.6567910785318
12.1862350622946,182.422868493243,3.20813001518681
70.5324890210122,124.439684607504,4.67086085096264
627.499982508076,204.475213856883,4.43122362215978
255.615170771386,225.146369735358,4.10144908271375
581.841621738404,436.291025007915,3.85569196665438
298.63735117379,133.674998041794,3.95256161976651
528.998988908116,457.603407627315,3.60778058986996
50.7748570753085,412.249930130213,3.92789823553969
189.634362509537,287.79068292594,4.04186806887536
554.433313395544,264.502037796838,3.83353722182562
168.369880983736,36.3248446298663,4.38106689950026
502.374655468551,335.225699428127,4.34945479458465
28.381571913567,43.7074036761034,3.62996690258599
524.055391351038,150.044051190305,4.40374213881164
NA,NA,NA
663.388215103267,332.414023840476,3.59225116325405
454.175320164837,300.40668220001,3.63061638793615
11.6212319038989,493.920571646338,3.72771863745896
561.415720422007,43.5690907668895,4.35099466254851
66.6244675502853,379.338715881723,3.96093325967896
229.489150199971,413.652968048004,3.88710106045841
428.179232221826,13.3492819718846,3.16950066178371
361.273155225278,291.043560168414,3.03667106295998
607.962781800511,106.634642799828,4.31263741363993
395.417507012002,233.416106883664,4.19746520249224
566.105752335306,413.119678376695,4.70239401644094
140.116690859438,284.2635100346,4.70560945945118
202.377419293734,371.047204938377,4.07478193067525
124.752566918054,410.3914261804,3.35895559958111
627.069779247307,309.486581956824,4.66413652469953
1.58539166819953,147.974825788783,4.32310517077525
542.644097485841,202.820184014393,4.26599059596319
34.4889357573551,492.52689341678,2.90766490896701
283.071328006333,19.4937258866458,3.96898440130638
531.300337254289,391.016789873349,3.43760710125019
71.2813799483072,68.4680894736144,5.20387053979145
4.44272705835503,71.8559586605092,3.47531745472579
586.563933583069,227.771682045754,4.0984012307434
438.654751369759,459.434157114845,4.81108819811687
659.025714563356,372.927641762703,3.11969441656574
107.11320025726,487.093421541845,4.30839837842095
624.333572973412,92.0134021755144,4.08893956365667
419.09474307656,259.140527695992,3.6567910785318
12.1862350622946,182.422868493243,3.20813001518681
70.5324890210122,124.439684607504,4.67086085096264
627.499982508076,204.475213856883,4.43122362215978
255.615170771386,225.146369735358,4.10144908271375
581.841621738404,436.291025007915,3.85569196665438
298.63735117379,133.674998041794,3.95256161976651
528.998988908116,457.603407627315,3.60778058986996
50.7748570753085,412.249930130213,3.92789823553969
189.634362509537,287.79068292594,4.04186806887536
554.433313395544,264.502037796838,3.83353722182562
168.369880983736,36.3248446298663,4.38106689950026
502.374655468551,335.225699428127,4.34945479458465
28.381571913567,43.7074036761034,3.62996690258599
524.055391351038,150.044051190305,4.40374213881164
NA,NA,NA
662.960959597668,337.391578161556,3.49435065147101
453.838409129025,300.430632222438,3.53927014971626
12.3174423333069,496.174554797772,3.86866056709049
561.962613500598,56.2573668473709,4.14591662418934
72.3191401526467,376.428637359878,3.8496351699732
232.654549220981,410.396061139209,4.09160871309629
430.020447908351,12.0445765892385,3.34696147794934
362.458188333029,290.521580286433,3.17668732867725
607.222202748382,108.970086614662,4.28215501183089
393.792985065146,229.524693817678,4.21440827042107
568.441208139686,405.992934584204,4.75497751926455
138.572217238458,285.498869153113,4.49843102616099
195.349492763853,369.4133388097,4.11469773863278
126.481921847365,410.39959691137,3.41877486891375
632.143145006228,318.56848515349,4.57076544778698
11.4165462508378,143.6658360516,4.33021107083009
536.567635448837,204.574372162194,4.18909034179484
35.9407789096717,493.523999334572,3.03311542433996
278.659617614763,22.9432489902624,3.94429506921601
534.465465518458,392.858334057201,3.35941766065441
81.2245518821927,80.7287390122067,5.35412513973119
2.06405333170375,78.7046484380859,3.54839904015284
587.889360914206,226.642523329582,4.052269761997
440.931355451703,461.257469664832,4.7091632348665
659.338475084097,373.774406968814,3.06173145282755
101.096752608646,486.736094849175,4.31012882307469
623.384512442436,90.5650517525069,4.10201227320894
422.343963684574,261.500654556064,3.68967077514617
12.2955511639795,182.650152869091,3.19272529813433
60.1010620756378,114.512212885186,4.45001848852761
593.509251757364,191.109543591117,4.26764955952523
254.43555397138,222.151994342328,3.96447494537156
573.08269034804,430.746059938876,3.66909178942818
298.615747204394,135.089160781046,3.9515578941777
533.180120553213,458.771358295054,3.63671049817056
40.2233134958188,423.369236251468,4.00958064040643
204.560670089389,282.919964826273,4.20129828059365
556.984263461058,258.124910732951,3.69056815704297
170.348573609021,19.8783457138175,4.20689224757325
502.026509365329,347.718653786139,4.40165146268586
36.698936651816,56.3735067250567,3.46120724130329
526.622532838873,129.080033621254,4.34836550317695
NA,NA,NA
662.960959597668,337.391578161556,3.49435065147101
453.838409129025,300.430632222438,3.53927014971626
12.3174423333069,496.174554797772,3.86866056709049
561.962613500598,56.2573668473709,4.14591662418934
72.3191401526467,376.428637359878,3.8496351699732
232.654549220981,410.396061139209,4.09160871309629
430.020447908351,12.0445765892385,3.34696147794934
362.458188333029,290.521580286433,3.17668732867725
607.222202748382,108.970086614662,4.28215501183089
393.792985065146,229.524693817678,4.21440827042107
568.441208139686,405.992934584204,4.75497751926455
138.572217238458,285.498869153113,4.49843102616099
195.349492763853,369.4133388097,4.11469773863278
126.481921847365,410.39959691137,3.41877486891375
632.143145006228,318.56848515349,4.57076544778698
11.4165462508378,143.6658360516,4.33021107083009
536.567635448837,204.574372162194,4.18909034179484
35.9407789096717,493.523999334572,3.03311542433996
278.659617614763,22.9432489902624,3.94429506921601
534.465465518458,392.858334057201,3.35941766065441
81.2245518821927,80.7287390122067,5.35412513973119
2.06405333170375,78.7046484380859,3.54839904015284
587.889360914206,226.642523329582,4.052269761997
440.931355451703,461.257469664832,4.7091632348665
659.338475084097,373.774406968814,3.06173145282755
101.096752608646,486.736094849175,4.31012882307469
623.384512442436,90.5650517525069,4.10201227320894
422.343963684574,261.500654556064,3.68967077514617
12.2955511639795,182.650152869091,3.19272529813433
60.1010620756378,114.512212885186,4.45001848852761
593.509251757364,191.109543591117,4.26764955952523
254.43555397138,222.151994342328,3.96447494537156
573.08269034804,430.746059938876,3.66909178942818
298.615747204394,135.089160781046,3.9515578941777
533.180120553213,458.771358295054,3.63671049817056
40.2233134958188,423.369236251468,4.00958064040643
204.560670089389,282.919964826273,4.20129828059365
556.984263461058,258.124910732951,3.69056815704297
170.348573609021,19.8783457138175,4.20689224757325
502.026509365329,347.718653786139,4.40165146268586
36.698936651816,56.3735067250567,3.46120724130329
526.622532838873,129.080033621254,4.34836550317695
NA,NA,NA
662.960959597668,337.391578161556,3.49435065147101
453.838409129025,300.430632222438,3.53927014971626
12.3174423333069,496.174554797772,3.86866056709049
561.962613500598,56.2573668473709,4.14591662418934
72.3191401526467,376.428637359878,3.8496351699732
232.654549220981,410.396061139209,4.09160871309629
430.020447908351,12.0445765892385,3.34696147794934
362.458188333029,290.521580286433,3.17668732867725
607.222202748382,108.970086614662,4.28215501183089
393.792985065146,229.524693817678,4.21440827042107
568.441208139686,405.992934584204,4.75497751926455
138.572217238458,285.498869153113,4.49843102616099
195.349492763853,369.4133388097,4.11469773863278
126.481921847365,410.39959691137,3.41877486891375
632.143145006228,318.56848515349,4.57076544778698
11.4165462508378,143.6658360516,4.33021107083009
536.567635448837,204.574372162194,4.18909034179484
35.9407789096717,493.523999334572,3.03311542433996
278.659617614763,22.9432489902624,3.94429506921601
534.465465518458,392.858334057201,3.35941766065441
81.2245518821927,80.7287390122067,5.35412513973119
2.06405333170375,78.7046484380859,3.54839904015284
587.889360914206,226.642523329582,4.052269761997
440.931355451703,461.257469664832,4.7091632348665
659.338475084097,373.774406968814,3.06173145282755
101.096752608646,486.736094849175,4.31012882307469
623.384512442436,90.5650517525069,4.10201227320894
422.343963684574,261.500654556064,3.68967077514617
12.2955511639795,182.650152869091,3.19272529813433
60.1010620756378,114.512212885186,4.45001848852761
593.509251757364,191.109543591117,4.26764955952523
254.43555397138,222.151994342328,3.96447494537156
573.08269034804,430.746059938876,3.66909178942818
298.615747204394,135.089160781046,3.9515578941777
533.180120553213,458.771358295054,3.63671049817056
40.2233134958188,423.369236251468,4.00958064040643
204.560670089389,282.919964826273,4.20129828059365
556.984263461058,258.124910732951,3.69056815704297
170.348573609021,19.8783457138175,4.20689224757325
502.026509365329,347.718653786139,4.40165146268586
36.698936651816,56.3735067250567,3.46120724130329
526.622532838873,129.080033621254,4.34836550317695
NA,NA,NA
662.960959597668,337.391578161556,3.49435065147101
453.838409129025,300.430632222438,3.53927014971626
12.3174423333069,496.174554797772,3.86866056709049
561.962613500598,56.2573668473709,4.14591662418934
72.3191401526467,376.428637359878,3.8496351699732
232.654549220981,410.396061139209,4.09160871309629
430.020447908351,12.0445765892385,3.34696147794934
362.458188333029,290.521580286433,3.17668732867725
607.222202748382,108.970086614662,4.28215501183089
393.792985065146,229.524693817678,4.21440827042107
568.441208139686,405.992934584204,4.75497751926455
138.572217238458,285.498869153113,4.49843102616099
195.349492763853,369.4133388097,4.11469773863278
126.481921847365,410.39959691137,3.41877486891375
632.143145006228,318.56848515349,4.57076544778698
11.4165462508378,143.6658360516,4.33021107083009
536.567635448837,204.574372162194,4.18909034179484
35.9407789096717,493.523999334572,3.03311542433996
278.659617614763,22.9432489902624,3.94429506921601
534.465465518458,392.858334057201,3.35941766065441
81.2245518821927,80.7287390122067,5.35412513973119
2.06405333170375,78.7046484380859,3.54839904015284
587.889360914206,226.642523329582,4.052269761997
440.931355451703,461.257469664832,4.7091632348665
659.338475084097,373.774406968814,3.06173145282755
101.096752608646,486.736094849175,4.31012882307469
623.384512442436,90.5650517525069,4.10201227320894
422.343963684574,261.500654556064,3.68967077514617
12.2955511639795,182.650152869091,3.19272529813433
60.1010620756378,114.512212885186,4.45001848852761
593.509251757364,191.109543591117,4.26764955952523
254.43555397138,222.151994342328,3.96447494537156
573.08269034804,430.746059938876,3.66909178942818
298.615747204394,135.089160781046,3.9515578941777
533.180120553213,458.771358295054,3.63671049817056
40.2233134958188,423.369236251468,4.00958064040643
204.560670089389,282.919964826273,4.20129828059365
556.984263461058,258.124910732951,3.69056815704297
170.348573609021,19.8783457138175,4.20689224757325
502.026509365329,347.718653786139,4.40165146268586
36.698936651816,56.3735067250567,3.46120724130329
526.622532838873,129.080033621254,4.34836550317695
NA,NA,NA
662.960959597668,337.391578161556,3.49435065147101
453.838409129025,300.430632222438,3.53927014971626
12.3174423333069,496.174554797772,3.86866056709049
561.962613500598,56.2573668473709,4.14591662418934
72.3191401526467,376.428637359878,3.8496351699732
232.654549220981,410.396061139209,4.09160871309629
430.020447908351,12.0445765892385,3.34696147794934
362.458188333029,290.521580286433,3.17668732867725
607.222202748382,108.970086614662,4.28215501183089
393.792985065146,229.524693817678,4.21440827042107
568.441208139686,405.992934584204,4.75497751926455
138.572217238458,285.498869153113,4.49843102616099
195.349492763853,369.4133388097,4.11469773863278
126.481921847365,410.39959691137,3.41877486891375
632.143145006228,318.56848515349,4.57076544778698
11.4165462508378,143.6658360516,4.33021107083009
536.567635448837,204.574372162194,4.18909034179484
35.9407789096717,493.523999334572,3.03311542433996
278.659617614763,22.9432489902624,3.94429506921601
534.465465518458,392.858334057201,3.35941766065441
81.2245518821927,80.7287390122067,5.35412513973119
2.06405333170375,78.7046484380859,3.54839904015284
587.889360914206,226.642523329582,4.052269761997
440.931355451703,461.257469664832,4.7091632348665
659.338475084097,373.774406968814,3.06173145282755
101.096752608646,486.736094849175,4.31012882307469
623.384512442436,90.5650517525069,4.10201227320894
422.343963684574,261.500654556064,3.68967077514617
12.2955511639795,182.650152869091,3.19272529813433
60.1010620756378,114.512212885186,4.45001848852761
593.509251757364,191.109543591117,4.26764955952523
254.43555397138,222.151994342328,3.96447494537156
573.08269034804,430.746059938876,3.66909178942818
298.615747204394,135.089160781046,3.9515578941777
533.180120553213,458.771358295054,3.63671049817056
40.2233134958188,423.369236251468,4.00958064040643
204.560670089389,282.919964826273,4.20129828059365
556.984263461058,258.124910732951,3.69056815704297
170.348573609021,19.8783457138175,4.20689224757325
502.026509365329,347.718653786139,4.40165146268586
36.698936651816,56.3735067250567,3.46120724130329
526.622532838873,129.080033621254,4.34836550317695
NA,NA,NA
662.960959597668,337.391578161556,3.49435065147101
453.838409129025,300.430632222438,3.53927014971626
12.3174423333069,496.174554797772,3.86866056709049
561.962613500598,56.2573668473709,4.14591662418934
72.3191401526467,376.428637359878,3.8496351699732
232.654549220981,410.396061139209,4.09160871309629
430.020447908351,12.0445765892385,3.34696147794934
362.458188333029,290.521580286433,3.17668732867725
607.222202748382,108.970086614662,4.28215501183089
393.792985065146,229.524693817678,4.21440827042107
568.441208139686,405.992934584204,4.75497751926455
138.572217238458,285.498869153113,4.49843102616099
195.349492763853,369.4133388097,4.11469773863278
126.481921847365,410.39959691137,3.41877486891375
632.143145006228,318.56848515349,4.57076544778698
11.4165462508378,143.6658360516,4.33021107083009
536.567635448837,204.574372162194,4.18909034179484
35.9407789096717,493.523999334572,3.03311542433996
278.659617614763,22.9432489902624,3.94429506921601
534.465465518458,392.858334057201,3.35941766065441
81.2245518821927,80.7287390122067,5.35412513973119
2.06405333170375,78.7046484380859,3.54839904015284
587.889360914206,226.642523329582,4.052269761997
440.931355451703,461.257469664832,4.7091632348665
659.338475084097,373.774406968814,3.06173145282755
101.096752608646,486.736094849175,4.31012882307469
623.384512442436,90.5650517525069,4.10201227320894
422.343963684574,261.500654556064,3.68967077514617
12.2955511639795,182.650152869091,3.19272529813433
60.1010620756378,114.512212885186,4.45001848852761
593.509251757364,191.109543591117,4.26764955952523
254.43555397138,222.151994342328,3.96447494537156
573.08269034804,430.746059938876,3.66909178942818
298.615747204394,135.089160781046,3.9515578941777
533.180120553213,458.771358295054,3.63671049817056
40.2233134958188,423.369236251468,4.00958064040643
204.560670089389,282.919964826273,4.20129828059365
556.984263461058,258.124910732951,3.69056815704297
170.348573609021,19.8783457138175,4.20689224757325
502.026509365329,347.718653786139,4.40165146268586
36.698936651816,56.3735067250567,3.46120724130329
526.622532838873,129.080033621254,4.34836550317695
NA,NA,NA
665.277046071431,333.612628599,3.49940508150728
459.022841168267,300.694232707395,3.53037130007187
8.76548867842331,497.644148324028,3.75018232226865
557.259335426893,53.1459625538767,4.16161114511739
73.3704706967162,376.977321818257,4.060585821062
229.959575977104,417.131510490028,3.87976212153901
428.942421962179,12.718062552256,3.43689822356051
363.489526751843,293.197731825761,3.04036362494126
604.087617396684,103.679610145028,4.17685003472991
388.33647523507,231.639938005564,4.34003124034513
572.176160972193,411.469698024929,4.77222267351395
140.558605893511,277.51919530703,4.6776574271718
203.13630529646,371.460670363411,3.95023460912594
125.18591595751,411.337059259821,3.39053106334401
630.381015004331,318.240099756905,4.53167899416923
5.78200518599036,154.480099652896,4.2449706305014
547.463973376906,201.207082305397,4.1824781741019
33.043754526853,491.782096943311,3.12637192847602
278.455041877072,22.873394146532,3.87197762918783
534.982693572159,395.131065994137,3.36663208951215
74.1649391156172,72.2990175169168,5.17386247065566
8.55371535682873,75.2092862522592,3.56186247389079
589.611714582107,230.393683238575,4.00393910768349
435.408440464853,463.457281500149,4.79490179568235
658.164898551399,372.201428280317,3.03807341458972
102.016495423099,488.916007252176,4.41398300902893
621.988627240553,92.7383528631708,4.14904242082187
417.006067520088,259.032614772557,3.60343620640101
11.0616809521129,182.283902899205,3.17997946203607
73.2897497712362,122.815901482877,4.24984278193777
606.91411589773,187.973655194154,4.17216098290055
253.061321387071,211.859778070135,3.74675832793458
568.395949563982,425.195353939402,3.96842593286608
302.411002401625,133.773190318599,4.01273499616877
531.135204830733,459.750023719534,3.82337800063396
40.9690769736269,418.302105992681,3.92733170320913
201.053716068045,296.623057625395,3.75992074914588
556.053391032989,263.453391987161,3.9794390688741
155.832396085301,41.075718489856,4.51381608632875
493.201534246935,342.566537775696,4.6156037863128
40.9912171778853,47.3754993748434,3.85821720251332
536.801881840605,147.720362713211,4.74030714860119
NA,NA,NA
665.277046071431,333.612628599,3.49940508150728
459.022841168267,300.694232707395,3.53037130007187
8.76548867842331,497.644148324028,3.75018232226865
557.259335426893,53.1459625538767,4.16161114511739
73.3704706967162,376.977321818257,4.060585821062
229.959575977104,417.131510490028,3.87976212153901
428.942421962179,12.718062552256,3.43689822356051
363.489526751843,293.197731825761,3.04036362494126
604.087617396684,103.679610145028,4.17685003472991
388.33647523507,231.639938005564,4.34003124034513
572.176160972193,411.469698024929,4.77222267351395
140.558605893511,277.51919530703,4.6776574271718
203.13630529646,371.460670363411,3.95023460912594
125.18591595751,411.337059259821,3.39053106334401
630.381015004331,318.240099756905,4.53167899416923
5.78200518599036,154.480099652896,4.2449706305014
547.463973376906,201.207082305397,4.1824781741019
33.043754526853,491.782096943311,3.12637192847602
278.455041877072,22.873394146532,3.87197762918783
534.982693572159,395.131065994137,3.36663208951215
74.1649391156172,72.2990175169168,5.17386247065566
8.55371535682873,75.2092862522592,3.56186247389079
589.611714582107,230.393683238575,4.00393910768349
435.408440464853,463.457281500149,4.79490179568235
658.164898551399,372.201428280317,3.03807341458972
102.016495423099,488.916007252176,4.41398300902893
621.988627240553,92.7383528631708,4.14904242082187
417.006067520088,259.032614772557,3.60343620640101
11.0616809521129,182.283902899205,3.17997946203607
73.2897497712362,122.815901482877,4.24984278193777
606.91411589773,187.973655194154,4.17216098290055
253.061321387071,211.859778070135,3.74675832793458
568.395949563982,425.195353939402,3.96842593286608
302.411002401625,133.773190318599,4.01273499616877
531.135204830733,459.750023719534,3.82337800063396
40.9690769736269,418.302105992681,3.92733170320913
201.053716068045,296.623057625395,3.75992074914588
556.053391032989,263.453391987161,3.9794390688741
155.832396085301,41.075718489856,4.51381608632875
493.201534246935,342.566537775696,4.6156037863128
40.9912171778853,47.3754993748434,3.85821720251332
536.801881840605,147.720362713211,4.74030714860119
NA,NA,NA
665.277046071431,333.612628599,3.49940508150728
459.022841168267,300.694232707395,3.53037130007187
8.76548867842331,497.644148324028,3.75018232226865
557.259335426893,53.1459625538767,4.16161114511739
73.3704706967162,376.977321818257,4.060585821062
229.959575977104,417.131510490028,3.87976212153901
428.942421962179,12.718062552256,3.43689822356051
363.489526751843,293.197731825761,3.04036362494126
604.087617396684,103.679610145028,4.17685003472991
388.33647523507,231.639938005564,4.34003124034513
572.176160972193,411.469698024929,4.77222267351395
140.558605893511,277.51919530703,4.6776574271718
203.13630529646,371.460670363411,3.95023460912594
125.18591595751,411.337059259821,3.39053106334401
630.381015004331,318.240099756905,4.53167899416923
5.78200518599036,154.480099652896,4.2449706305014
547.463973376906,201.207082305397,4.1824781741019
33.043754526853,491.782096943311,3.12637192847602
278.455041877072,22.873394146532,3.87197762918783
534.982693572159,395.131065994137,3.36663208951215
74.1649391156172,72.2990175169168,5.17386247065566
8.55371535682873,75.2092862522592,3.56186247389079
589.611714582107,230.393683238575,4.00393910768349
435.408440464853,463.457281500149,4.79490179568235
658.164898551399,372.201428280317,3.03807341458972
102.016495423099,488.916007252176,4.41398300902893
621.988627240553,92.7383528631708,4.14904242082187
417.006067520088,259.032614772557,3.60343620640101
11.0616809521129,182.283902899205,3.17997946203607
73.2897497712362,122.815901482877,4.24984278193777
606.91411589773,187.973655194154,4.17216098290055
253.061321387071,211.859778070135,3.74675832793458
568.395949563982,425.195353939402,3.96842593286608
302.411002401625,133.773190318599,4.01273499616877
531.135204830733,459.750023719534,3.82337800063396
40.9690769736269,418.302105992681,3.92733170320913
201.053716068045,296.623057625395,3.75992074914588
556.053391032989,263.453391987161,3.9794390688741
155.832396085301,41.075718489856,4.51381608632875
493.201534246935,342.566537775696,4.6156037863128
40.9912171778853,47.3754993748434,3.85821720251332
536.801881840605,147.720362713211,4.74030714860119
NA,NA,NA
665.277046071431,333.612628599,3.49940508150728
459.022841168267,300.694232707395,3.53037130007187
8.76548867842331,497.644148324028,3.75018232226865
557.259335426893,53.1459625538767,4.16161114511739
73.3704706967162,376.977321818257,4.060585821062
229.959575977104,417.131510490028,3.87976212153901
428.942421962179,12.718062552256,3.43689822356051
363.489526751843,293.197731825761,3.04036362494126
604.087617396684,103.679610145028,4.17685003472991
388.33647523507,231.639938005564,4.34003124034513
572.176160972193,411.469698024929,4.77222267351395
140.558605893511,277.51919530703,4.6776574271718
203.13630529646,371.460670363411,3.95023460912594
125.18591595751,411.337059259821,3.39053106334401
630.381015004331,318.240099756905,4.53167899416923
5.78200518599036,154.480099652896,4.2449706305014
547.463973376906,201.207082305397,4.1824781741019
33.043754526853,491.782096943311,3.12637192847602
278.455041877072,22.873394146532,3.87197762918783
534.982693572159,395.131065994137,3.36663208951215
74.1649391156172,72.2990175169168,5.17386247065566
8.55371535682873,75.2092862522592,3.56186247389079
589.611714582107,230.393683238575,4.00393910768349
435.408440464853,463.457281500149,4.79490179568235
658.164898551399,372.201428280317,3.03807341458972
102.016495423099,488.916007252176,4.41398300902893
621.988627240553,92.7383528631708,4.14904242082187
417.006067520088,259.032614772557,3.60343620640101
11.0616809521129,182.283902899205,3.17997946203607
73.2897497712362,122.815901482877,4.24984278193777
606.91411589773,187.973655194154,4.17216098290055
253.061321387071,211.859778070135,3.74675832793458
568.395949563982,425.195353939402,3.96842593286608
302.411002401625,133.773190318599,4.01273499616877
531.135204830733,459.750023719534,3.82337800063396
40.9690769736269,418.302105992681,3.92733170320913
201.053716068045,296.623057625395,3.75992074914588
556.053391032989,263.453391987161,3.9794390688741
155.832396085301,41.075718489856,4.51381608632875
493.201534246935,342.566537775696,4.6156037863128
40.9912171778853,47.3754993748434,3.85821720251332
536.801881840605,147.720362713211,4.74030714860119
NA,NA,NA
665.277046071431,333.612628599,3.49940508150728
459.022841168267,300.694232707395,3.53037130007187
8.76548867842331,497.644148324028,3.75018232226865
557.259335426893,53.1459625538767,4.16161114511739
73.3704706967162,376.977321818257,4.060585821062
229.959575977104,417.131510490028,3.87976212153901
428.942421962179,12.718062552256,3.43689822356051
363.489526751843,293.197731825761,3.04036362494126
604.087617396684,103.679610145028,4.17685003472991
388.33647523507,231.639938005564,4.34003124034513
572.176160972193,411.469698024929,4.77222267351395
140.558605893511,277.51919530703,4.6776574271718
203.13630529646,371.460670363411,3.95023460912594
125.18591595751,411.337059259821,3.39053106334401
630.381015004331,318.240099756905,4.53167899416923
5.78200518599036,154.480099652896,4.2449706305014
547.463973376906,201.207082305397,4.1824781741019
33.043754526853,491.782096943311,3.12637192847602
278.455041877072,22.873394146532,3.87197762918783
534.982693572159,395.131065994137,3.36663208951215
74.1649391156172,72.2990175169168,5.17386247065566
8.55371535682873,75.2092862522592,3.56186247389079
589.611714582107,230.393683238575,4.00393910768349
435.408440464853,463.457281500149,4.79490179568235
658.164898551399,372.201428280317,3.03807341458972
102.016495423099,488.916007252176,4.41398300902893
621.988627240553,92.7383528631708,4.14904242082187
417.006067520088,259.032614772557,3.60343620640101
11.0616809521129,182.283902899205,3.17997946203607
73.2897497712362,122.815901482877,4.24984278193777
606.91411589773,187.973655194154,4.17216098290055
253.061321387071,211.859778070135,3.74675832793458
568.395949563982,425.195353939402,3.96842593286608
302.411002401625,133.773190318599,4.01273499616877
531.135204830733,459.750023719534,3.82337800063396
40.9690769736269,418.302105992681,3.92733170320913
201.053716068045,296.623057625395,3.75992074914588
556.053391032989,263.453391987161,3.9794390688741
155.832396085301,41.075718489856,4.51381608632875
493.201534246935,342.566537775696,4.6156037863128
40.9912171778853,47.3754993748434,3.85821720251332
536.801881840605,147.720362713211,4.74030714860119
NA,NA,NA
665.277046071431,333.612628599,3.49940508150728
459.022841168267,300.694232707395,3.53037130007187
8.76548867842331,497.644148324028,3.75018232226865
557.259335426893,53.1459625538767,4.16161114511739
73.3704706967162,376.977321818257,4.060585821062
229.959575977104,417.131510490028,3.87976212153901
428.942421962179,12.718062552256,3.43689822356051
363.489526751843,293.197731825761,3.04036362494126
604.087617396684,103.679610145028,4.17685003472991
388.33647523507,231.639938005564,4.34003124034513
572.176160972193,411.469698024929,4.77222267351395
140.558605893511,277.51919530703,4.6776574271718
203.13630529646,371.460670363411,3.95023460912594
125.18591595751,411.337059259821,3.39053106334401
630.381015004331,318.240099756905,4.53167899416923
5.78200518599036,154.480099652896,4.2449706305014
547.463973376906,201.207082305397,4.1824781741019
33.043754526853,491.782096943311,3.12637192847602
278.455041877072,22.873394146532,3.87197762918783
534.982693572159,395.131065994137,3.36663208951215
74.1649391156172,72.2990175169168,5.17386247065566
8.55371535682873,75.2092862522592,3.56186247389079
589.611714582107,230.393683238575,4.00393910768349
435.408440464853,463.457281500149,4.79490179568235
658.164898551399,372.201428280317,3.03807341458972
102.016495423099,488.916007252176,4.41398300902893
621.988627240553,92.7383528631708,4.14904242082187
417.006067520088,259.032614772557,3.60343620640101
11.0616809521129,182.283902899205,3.17997946203607
73.2897497712362,122.815901482877,4.24984278193777
606.91411589773,187.973655194154,4.17216098290055
253.061321387071,211.859778070135,3.74675832793458
568.395949563982,425.195353939402,3.96842593286608
302.411002401625,133.773190318599,4.01273499616877
531.135204830733,459.750023719534,3.82337800063396
40.9690769736269,418.302105992681,3.92733170320913
201.053716068045,296.623057625395,3.75992074914588
556.053391032989,263.453391987161,3.9794390688741
155.832396085301,41.075718489856,4.51381608632875
493.201534246935,342.566537775696,4.6156037863128
40.9912171778853,47.3754993748434,3.85821720251332
536.801881840605,147.720362713211,4.74030714860119
NA,NA,NA
660.909600630115,333.954435422717,3.3023676816053
453.300690609706,298.873636165727,3.53055469972173
11.6174979320342,493.794230185906,3.653388081674
561.452474446929,48.6707806938925,4.16554640564283
67.6657526016266,372.635490019125,3.92216472344735
228.18154978289,415.059281652439,3.89818336398875
426.888875902165,12.9991121641066,3.34784268747969
363.575941154348,292.58085673274,3.18272856860839
600.051520434603,103.537820091736,4.22499486342352
391.996909306558,231.899946396728,4.1515976326571
565.635930729664,411.012690062279,4.70346369491406
141.404106765204,284.262674384181,4.52577533260966
198.612748474162,368.714974038487,4.01614532868541
126.108092273382,411.345840798453,3.43251119468935
632.099532055165,309.573421893467,4.62584904081436
4.01200336326713,147.590067932081,4.20880086779169
545.356146677154,205.240622320958,4.09814397463353
34.1133247290181,489.384449557335,2.95815837999956
282.280347436227,22.7446444918743,3.89584474712357
532.602313144128,392.320873643434,3.33580556601024
72.9771589467413,77.3629434324304,5.23328808961567
3.34637283322531,77.2640461231033,3.53612154819365
587.324668896876,232.262345809336,3.99868369521868
437.061440635737,453.955709944042,4.69770723139386
658.33251164389,372.961670542298,3.04932846671901
103.501517830025,487.483825391171,4.28217723784849
622.738594217181,87.9078105007734,4.11060674592118
420.18482799081,257.530446963647,3.51143079776356
11.7785113465824,179.8327762689,3.20779118553553
65.5829562806285,104.271363854111,4.37603172933579
617.944212591365,199.451070016221,4.37050020619244
249.412144859185,223.58265783294,3.8147827121631
576.405335995756,434.53910044242,3.76290592626849
304.399511667946,137.721938265141,4.00254601323296
534.253709216985,465.390850304351,3.59718098809035
43.8104408371496,423.07065017476,4.01459163359471
196.287501743037,286.404621808915,4.08356117447471
565.922837020979,266.118300509948,3.89895557512876
180.34810565937,38.3942526726505,4.3649237943269
509.050257464109,348.510272526577,4.58898435935575
35.5732497129764,50.0016503898071,3.33363726220032
528.170672802827,143.459596754342,4.51508664698625
NA,NA,NA
660.909600630115,333.954435422717,3.3023676816053
453.300690609706,298.873636165727,3.53055469972173
11.6174979320342,493.794230185906,3.653388081674
561.452474446929,48.6707806938925,4.16554640564283
67.6657526016266,372.635490019125,3.92216472344735
228.18154978289,415.059281652439,3.89818336398875
426.888875902165,12.9991121641066,3.34784268747969
363.575941154348,292.58085673274,3.18272856860839
600.051520434603,103.537820091736,4.22499486342352
391.996909306558,231.899946396728,4.1515976326571
565.635930729664,411.012690062279,4.70346369491406
141.404106765204,284.262674384181,4.52577533260966
198.612748474162,368.714974038487,4.01614532868541
126.108092273382,411.345840798453,3.43251119468935
632.099532055165,309.573421893467,4.62584904081436
4.01200336326713,147.590067932081,4.20880086779169
545.356146677154,205.240622320958,4.09814397463353
34.1133247290181,489.384449557335,2.95815837999956
282.280347436227,22.7446444918743,3.89584474712357
532.602313144128,392.320873643434,3.33580556601024
72.9771589467413,77.3629434324304,5.23328808961567
3.34637283322531,77.2640461231033,3.53612154819365
587.324668896876,232.262345809336,3.99868369521868
437.061440635737,453.955709944042,4.69770723139386
658.33251164389,372.961670542298,3.04932846671901
103.501517830025,487.483825391171,4.28217723784849
622.738594217181,87.9078105007734,4.11060674592118
420.18482799081,257.530446963647,3.51143079776356
11.7785113465824,179.8327762689,3.20779118553553
65.5829562806285,104.271363854111,4.37603172933579
617.944212591365,199.451070016221,4.37050020619244
249.412144859185,223.58265783294,3.8147827121631
576.405335995756,434.53910044242,3.76290592626849
304.399511667946,137.721938265141,4.00254601323296
534.253709216985,465.390850304351,3.59718098809035
43.8104408371496,423.07065017476,4.01459163359471
196.287501743037,286.404621808915,4.08356117447471
565.922837020979,266.118300509948,3.89895557512876
180.34810565937,38.3942526726505,4.3649237943269
509.050257464109,348.510272526577,4.58898435935575
35.5732497129764,50.0016503898071,3.33363726220032
528.170672802827,143.459596754342,4.51508664698625
NA,NA,NA
660.909600630115,333.954435422717,3.3023676816053
453.300690609706,298.873636165727,3.53055469972173
11.6174979320342,493.794230185906,3.653388081674
561.452474446929,48.6707806938925,4.16554640564283
67.6657526016266,372.635490019125,3.92216472344735
228.18154978289,415.059281652439,3.89818336398875
426.888875902165,12.9991121641066,3.34784268747969
363.575941154348,292.58085673274,3.18272856860839
600.051520434603,103.537820091736,4.22499486342352
391.996909306558,231.899946396728,4.1515976326571
565.635930729664,411.012690062279,4.70346369491406
141.404106765204,284.262674384181,4.52577533260966
198.612748474162,368.714974038487,4.01614532868541
126.108092273382,411.345840798453,3.43251119468935
632.099532055165,309.573421893467,4.62584904081436
4.01200336326713,147.590067932081,4.20880086779169
545.356146677154,205.240622320958,4.09814397463353
34.1133247290181,489.384449557335,2.95815837999956
282.280347436227,22.7446444918743,3.89584474712357
532.602313144128,392.320873643434,3.33580556601024
72.9771589467413,77.3629434324304,5.23328808961567
3.34637283322531,77.2640461231033,3.53612154819365
587.324668896876,232.262345809336,3.99868369521868
437.061440635737,453.955709944042,4.69770723139386
658.33251164389,372.961670542298,3.04932846671901
103.501517830025,487.483825391171,4.28217723784849
622.738594217181,87.9078105007734,4.11060674592118
420.18482799081,257.530446963647,3.51143079776356
11.7785113465824,179.8327762689,3.20779118553553
65.5829562806285,104.271363854111,4.37603172933579
617.944212591365,199.451070016221,4.37050020619244
249.412144859185,223.58265783294,3.8147827121631
576.405335995756,434.53910044242,3.76290592626849
304.399511667946,137.721938265141,4.00254601323296
534.253709216985,465.390850304351,3.59718098809035
43.8104408371496,423.07065017476,4.01459163359471
196.287501743037,286.404621808915,4.08356117447471
565.922837020979,266.118300509948,3.89895557512876
180.34810565937,38.3942526726505,4.3649237943269
509.050257464109,348.510272526577,4.58898435935575
35.5732497129764,50.0016503898071,3.33363726220032
528.170672802827,143.459596754342,4.51508664698625
NA,NA,NA
660.909600630115,333.954435422717,3.3023676816053
453.300690609706,298.873636165727,3.53055469972173
11.6174979320342,493.794230185906,3.653388081674
561.452474446929,48.6707806938925,4.16554640564283
67.6657526016266,372.635490019125,3.92216472344735
228.18154978289,415.059281652439,3.89818336398875
426.888875902165,12.9991121641066,3.34784268747969
363.575941154348,292.58085673274,3.18272856860839
600.051520434603,103.537820091736,4.22499486342352
391.996909306558,231.899946396728,4.1515976326571
565.635930729664,411.012690062279,4.70346369491406
141.404106765204,284.262674384181,4.52577533260966
198.612748474162,368.714974038487,4.01614532868541
126.108092273382,411.345840798453,3.43251119468935
632.099532055165,309.573421893467,4.62584904081436
4.01200336326713,147.590067932081,4.20880086779169
545.356146677154,205.240622320958,4.09814397463353
34.1133247290181,489.384449557335,2.95815837999956
282.280347436227,22.7446444918743,3.89584474712357
532.602313144128,392.320873643434,3.33580556601024
72.9771589467413,77.3629434324304,5.23328808961567
3.34637283322531,77.2640461231033,3.53612154819365
587.324668896876,232.262345809336,3.99868369521868
437.061440635737,453.955709944042,4.69770723139386
658.33251164389,372.961670542298,3.04932846671901
103.501517830025,487.483825391171,4.28217723784849
622.738594217181,87.9078105007734,4.11060674592118
420.18482799081,257.530446963647,3.51143079776356
11.7785113465824,179.8327762689,3.20779118553553
65.5829562806285,104.271363854111,4.37603172933579
617.944212591365,199.451070016221,4.37050020619244
249.412144859185,223.58265783294,3.8147827121631
576.405335995756,434.53910044242,3.76290592626849
304.399511667946,137.721938265141,4.00254601323296
534.253709216985,465.390850304351,3.59718098809035
43.8104408371496,423.07065017476,4.01459163359471
196.287501743037,286.404621808915,4.08356117447471
565.922837020979,266.118300509948,3.89895557512876
180.34810565937,38.3942526726505,4.3649237943269
509.050257464109,348.510272526577,4.58898435935575
35.5732497129764,50.0016503898071,3.33363726220032
528.170672802827,143.459596754342,4.51508664698625
NA,NA,NA
660.909600630115,333.954435422717,3.3023676816053
453.300690609706,298.873636165727,3.53055469972173
11.6174979320342,493.794230185906,3.653388081674
561.452474446929,48.6707806938925,4.16554640564283
67.6657526016266,372.635490019125,3.92216472344735
228.18154978289,415.059281652439,3.89818336398875
426.888875902165,12.9991121641066,3.34784268747969
363.575941154348,292.58085673274,3.18272856860839
600.051520434603,103.537820091736,4.22499486342352
391.996909306558,231.899946396728,4.1515976326571
565.635930729664,411.012690062279,4.70346369491406
141.404106765204,284.262674384181,4.52577533260966
198.612748474162,368.714974038487,4.01614532868541
126.108092273382,411.345840798453,3.43251119468935
632.099532055165,309.573421893467,4.62584904081436
4.01200336326713,147.590067932081,4.20880086779169
545.356146677154,205.240622320958,4.09814397463353
34.1133247290181,489.384449557335,2.95815837999956
282.280347436227,22.7446444918743,3.89584474712357
532.602313144128,392.320873643434,3.33580556601024
72.9771589467413,77.3629434324304,5.23328808961567
3.34637283322531,77.2640461231033,3.53612154819365
587.324668896876,232.262345809336,3.99868369521868
437.061440635737,453.955709944042,4.69770723139386
658.33251164389,372.961670542298,3.04932846671901
103.501517830025,487.483825391171,4.28217723784849
622.738594217181,87.9078105007734,4.11060674592118
420.18482799081,257.530446963647,3.51143079776356
11.7785113465824,179.8327762689,3.20779118553553
65.5829562806285,104.271363854111,4.37603172933579
617.944212591365,199.451070016221,4.37050020619244
249.412144859185,223.58265783294,3.8147827121631
576.405335995756,434.53910044242,3.76290592626849
304.399511667946,137.721938265141,4.00254601323296
534.253709216985,465.390850304351,3.59718098809035
43.8104408371496,423.07065017476,4.01459163359471
196.287501743037,286.404621808915,4.08356117447471
565.922837020979,266.118300509948,3.89895557512876
180.34810565937,38.3942526726505,4.3649237943269
509.050257464109,348.510272526577,4.58898435935575
35.5732497129764,50.0016503898071,3.33363726220032
528.170672802827,143.459596754342,4.51508664698625
NA,NA,NA
660.909600630115,333.954435422717,3.3023676816053
453.300690609706,298.873636165727,3.53055469972173
11.6174979320342,493.794230185906,3.653388081674
561.452474446929,48.6707806938925,4.16554640564283
67.6657526016266,372.635490019125,3.92216472344735
228.18154978289,415.059281652439,3.89818336398875
426.888875902165,12.9991121641066,3.34784268747969
363.575941154348,292.58085673274,3.18272856860839
600.051520434603,103.537820091736,4.22499486342352
391.996909306558,231.899946396728,4.1515976326571
565.635930729664,411.012690062279,4.70346369491406
141.404106765204,284.262674384181,4.52577533260966
198.612748474162,368.714974038487,4.01614532868541
126.108092273382,411.345840798453,3.43251119468935
632.099532055165,309.573421893467,4.62584904081436
4.01200336326713,147.590067932081,4.20880086779169
545.356146677154,205.240622320958,4.09814397463353
34.1133247290181,489.384449557335,2.95815837999956
282.280347436227,22.7446444918743,3.89584474712357
532.602313144128,392.320873643434,3.33580556601024
72.9771589467413,77.3629434324304,5.23328808961567
3.34637283322531,77.2640461231033,3.53612154819365
587.324668896876,232.262345809336,3.99868369521868
437.061440635737,453.955709944042,4.69770723139386
658.33251164389,372.961670542298,3.04932846671901
103.501517830025,487.483825391171,4.28217723784849
622.738594217181,87.9078105007734,4.11060674592118
420.18482799081,257.530446963647,3.51143079776356
11.7785113465824,179.8327762689,3.20779118553553
65.5829562806285,104.271363854111,4.37603172933579
617.944212591365,199.451070016221,4.37050020619244
249.412144859185,223.58265783294,3.8147827121631
576.405335995756,434.53910044242,3.76290592626849
304.399511667946,137.721938265141,4.00254601323296
534.253709216985,465.390850304351,3.59718098809035
43.8104408371496,423.07065017476,4.01459163359471
196.287501743037,286.404621808915,4.08356117447471
565.922837020979,266.118300509948,3.89895557512876
180.34810565937,38.3942526726505,4.3649237943269
509.050257464109,348.510272526577,4.58898435935575
35.5732497129764,50.0016503898071,3.33363726220032
528.170672802827,143.459596754342,4.51508664698625
NA,NA,NA
659.342238839386,334.215198427672,3.4932829377684
454.823400737029,297.40808380922,3.68696807677806
10.9844985459973,493.565095757785,3.60469547855901
557.853804387337,47.7678903147653,4.259009488998
74.8631551810197,373.421808585305,3.96627308124396
227.355700679041,412.349503136526,3.95399313265025
427.985253497341,14.8497466409438,3.37116378643223
362.60485987651,293.56721893889,2.88546199111294
602.068808226068,101.964272393587,4.2917303676891
393.445751424047,227.785688630105,4.16008129660459
566.572030599316,403.016217566435,4.71695028307363
144.35302956166,281.149920742263,4.43473555388804
196.275329695113,371.799999287428,3.96695381179893
126.166847678064,411.009982141462,3.3665063019121
625.901197295026,314.944185589785,4.44659799083672
2.14745579185774,149.586056544515,4.2064621022871
544.740996465784,205.326493149136,4.25175179620046
36.5885714317004,491.83409866087,3.02653017020336
282.397690622565,19.1880497912448,4.06333151044729
533.401702540983,394.278506251086,3.39557990746219
62.7676886900261,79.2381247798241,5.24851711805977
3.87054212979194,83.2169107012828,3.48376963549407
587.129857564889,228.941787826286,3.96459440728178
443.01253781312,459.310664353275,4.81148426975514
657.987533962091,374.727140007553,3.22989487662925
106.658255615794,488.399544271553,4.44975770835328
624.621286614259,89.5172214080487,4.11882845355842
421.419434057149,258.208271166306,3.57800761094092
9.58856061026058,183.081032887823,3.17589251542128
66.1784971679278,129.756968050601,4.62214225049589
600.504428220906,204.053339227975,4.09652136719494
265.969594568378,213.3275521625,4.11351022779504
564.352919349945,430.356367291689,3.99846768727026
303.336754587616,133.632182373694,3.97482513377062
527.999194927126,457.222001411766,3.59925214672576
47.6179254368996,420.647943659149,3.68920599331659
202.346554374583,288.231069271765,3.99231090094763
553.159716228081,278.245874779294,3.93079157406307
167.755808065807,41.1274225362594,4.38719363143104
496.260992343162,341.071197969137,4.49285506753477
36.1450418078317,56.2665505499914,3.5938793395961
528.123825340284,159.468156689372,4.61304808738588
NA,NA,NA
659.342238839386,334.215198427672,3.4932829377684
454.823400737029,297.40808380922,3.68696807677806
10.9844985459973,493.565095757785,3.60469547855901
557.853804387337,47.7678903147653,4.259009488998
74.8631551810197,373.421808585305,3.96627308124396
227.355700679041,412.349503136526,3.95399313265025
427.985253497341,14.8497466409438,3.37116378643223
362.60485987651,293.56721893889,2.88546199111294
602.068808226068,101.964272393587,4.2917303676891
393.445751424047,227.785688630105,4.16008129660459
566.572030599316,403.016217566435,4.71695028307363
144.35302956166,281.149920742263,4.43473555388804
196.275329695113,371.799999287428,3.96695381179893
126.166847678064,411.009982141462,3.3665063019121
625.901197295026,314.944185589785,4.44659799083672
2.14745579185774,149.586056544515,4.2064621022871
544.740996465784,205.326493149136,4.25175179620046
36.5885714317004,491.83409866087,3.02653017020336
282.397690622565,19.1880497912448,4.06333151044729
533.401702540983,394.278506251086,3.39557990746219
62.7676886900261,79.2381247798241,5.24851711805977
3.87054212979194,83.2169107012828,3.48376963549407
587.129857564889,228.941787826286,3.96459440728178
443.01253781312,459.310664353275,4.81148426975514
657.987533962091,374.727140007553,3.22989487662925
106.658255615794,488.399544271553,4.44975770835328
624.621286614259,89.5172214080487,4.11882845355842
421.419434057149,258.208271166306,3.57800761094092
9.58856061026058,183.081032887823,3.17589251542128
66.1784971679278,129.756968050601,4.62214225049589
600.504428220906,204.053339227975,4.09652136719494
265.969594568378,213.3275521625,4.11351022779504
564.352919349945,430.356367291689,3.99846768727026
303.336754587616,133.632182373694,3.97482513377062
527.999194927126,457.222001411766,3.59925214672576
47.6179254368996,420.647943659149,3.68920599331659
202.346554374583,288.231069271765,3.99231090094763
553.159716228081,278.245874779294,3.93079157406307
167.755808065807,41.1274225362594,4.38719363143104
496.260992343162,341.071197969137,4.49285506753477
36.1450418078317,56.2665505499914,3.5938793395961
528.123825340284,159.468156689372,4.61304808738588
NA,NA,NA
659.342238839386,334.215198427672,3.4932829377684
454.823400737029,297.40808380922,3.68696807677806
10.9844985459973,493.565095757785,3.60469547855901
557.853804387337,47.7678903147653,4.259009488998
74.8631551810197,373.421808585305,3.96627308124396
227.355700679041,412.349503136526,3.95399313265025
427.985253497341,14.8497466409438,3.37116378643223
362.60485987651,293.56721893889,2.88546199111294
602.068808226068,101.964272393587,4.2917303676891
393.445751424047,227.785688630105,4.16008129660459
566.572030599316,403.016217566435,4.71695028307363
144.35302956166,281.149920742263,4.43473555388804
196.275329695113,371.799999287428,3.96695381179893
126.166847678064,411.009982141462,3.3665063019121
625.901197295026,314.944185589785,4.44659799083672
2.14745579185774,149.586056544515,4.2064621022871
544.740996465784,205.326493149136,4.25175179620046
36.5885714317004,491.83409866087,3.02653017020336
282.397690622565,19.1880497912448,4.06333151044729
533.401702540983,394.278506251086,3.39557990746219
62.7676886900261,79.2381247798241,5.24851711805977
3.87054212979194,83.2169107012828,3.48376963549407
587.129857564889,228.941787826286,3.96459440728178
443.01253781312,459.310664353275,4.81148426975514
657.987533962091,374.727140007553,3.22989487662925
106.658255615794,488.399544271553,4.44975770835328
624.621286614259,89.5172214080487,4.11882845355842
421.419434057149,258.208271166306,3.57800761094092
9.58856061026058,183.081032887823,3.17589251542128
66.1784971679278,129.756968050601,4.62214225049589
600.504428220906,204.053339227975,4.09652136719494
265.969594568378,213.3275521625,4.11351022779504
564.352919349945,430.356367291689,3.99846768727026
303.336754587616,133.632182373694,3.97482513377062
527.999194927126,457.222001411766,3.59925214672576
47.6179254368996,420.647943659149,3.68920599331659
202.346554374583,288.231069271765,3.99231090094763
553.159716228081,278.245874779294,3.93079157406307
167.755808065807,41.1274225362594,4.38719363143104
496.260992343162,341.071197969137,4.49285506753477
36.1450418078317,56.2665505499914,3.5938793395961
528.123825340284,159.468156689372,4.61304808738588
NA,NA,NA
659.342238839386,334.215198427672,3.4932829377684
454.823400737029,297.40808380922,3.68696807677806
10.9844985459973,493.565095757785,3.60469547855901
557.853804387337,47.7678903147653,4.259009488998
74.8631551810197,373.421808585305,3.96627308124396
227.355700679041,412.349503136526,3.95399313265025
427.985253497341,14.8497466409438,3.37116378643223
362.60485987651,293.56721893889,2.88546199111294
602.068808226068,101.964272393587,4.2917303676891
393.445751424047,227.785688630105,4.16008129660459
566.572030599316,403.016217566435,4.71695028307363
144.35302956166,281.149920742263,4.43473555388804
196.275329695113,371.799999287428,3.96695381179893
126.166847678064,411.009982141462,3.3665063019121
625.901197295026,314.944185589785,4.44659799083672
2.14745579185774,149.586056544515,4.2064621022871
544.740996465784,205.326493149136,4.25175179620046
36.5885714317004,491.83409866087,3.02653017020336
282.397690622565,19.1880497912448,4.06333151044729
533.401702540983,394.278506251086,3.39557990746219
62.7676886900261,79.2381247798241,5.24851711805977
3.87054212979194,83.2169107012828,3.48376963549407
587.129857564889,228.941787826286,3.96459440728178
443.01253781312,459.310664353275,4.81148426975514
657.987533962091,374.727140007553,3.22989487662925
106.658255615794,488.399544271553,4.44975770835328
624.621286614259,89.5172214080487,4.11882845355842
421.419434057149,258.208271166306,3.57800761094092
9.58856061026058,183.081032887823,3.17589251542128
66.1784971679278,129.756968050601,4.62214225049589
600.504428220906,204.053339227975,4.09652136719494
265.969594568378,213.3275521625,4.11351022779504
564.352919349945,430.356367291689,3.99846768727026
303.336754587616,133.632182373694,3.97482513377062
527.999194927126,457.222001411766,3.59925214672576
47.6179254368996,420.647943659149,3.68920599331659
202.346554374583,288.231069271765,3.99231090094763
553.159716228081,278.245874779294,3.93079157406307
167.755808065807,41.1274225362594,4.38719363143104
496.260992343162,341.071197969137,4.49285506753477
36.1450418078317,56.2665505499914,3.5938793395961
528.123825340284,159.468156689372,4.61304808738588
NA,NA,NA
659.342238839386,334.215198427672,3.4932829377684
454.823400737029,297.40808380922,3.68696807677806
10.9844985459973,493.565095757785,3.60469547855901
557.853804387337,47.7678903147653,4.259009488998
74.8631551810197,373.421808585305,3.96627308124396
227.355700679041,412.349503136526,3.95399313265025
427.985253497341,14.8497466409438,3.37116378643223
362.60485987651,293.56721893889,2.88546199111294
602.068808226068,101.964272393587,4.2917303676891
393.445751424047,227.785688630105,4.16008129660459
566.572030599316,403.016217566435,4.71695028307363
144.35302956166,281.149920742263,4.43473555388804
196.275329695113,371.799999287428,3.96695381179893
126.166847678064,411.009982141462,3.3665063019121
625.901197295026,314.944185589785,4.44659799083672
2.14745579185774,149.586056544515,4.2064621022871
544.740996465784,205.326493149136,4.25175179620046
36.5885714317004,491.83409866087,3.02653017020336
282.397690622565,19.1880497912448,4.06333151044729
533.401702540983,394.278506251086,3.39557990746219
62.7676886900261,79.2381247798241,5.24851711805977
3.87054212979194,83.2169107012828,3.48376963549407
587.129857564889,228.941787826286,3.96459440728178
443.01253781312,459.310664353275,4.81148426975514
657.987533962091,374.727140007553,3.22989487662925
106.658255615794,488.399544271553,4.44975770835328
624.621286614259,89.5172214080487,4.11882845355842
421.419434057149,258.208271166306,3.57800761094092
9.58856061026058,183.081032887823,3.17589251542128
66.1784971679278,129.756968050601,4.62214225049589
600.504428220906,204.053339227975,4.09652136719494
265.969594568378,213.3275521625,4.11351022779504
564.352919349945,430.356367291689,3.99846768727026
303.336754587616,133.632182373694,3.97482513377062
527.999194927126,457.222001411766,3.59925214672576
47.6179254368996,420.647943659149,3.68920599331659
202.346554374583,288.231069271765,3.99231090094763
553.159716228081,278.245874779294,3.93079157406307
167.755808065807,41.1274225362594,4.38719363143104
496.260992343162,341.071197969137,4.49285506753477
36.1450418078317,56.2665505499914,3.5938793395961
528.123825340284,159.468156689372,4.61304808738588
NA,NA,NA
659.342238839386,334.215198427672,3.4932829377684
454.823400737029,297.40808380922,3.68696807677806
10.9844985459973,493.565095757785,3.60469547855901
557.853804387337,47.7678903147653,4.259009488998
74.8631551810197,373.421808585305,3.96627308124396
227.355700679041,412.349503136526,3.95399313265025
427.985253497341,14.8497466409438,3.37116378643223
362.60485987651,293.56721893889,2.88546199111294
602.068808226068,101.964272393587,4.2917303676891
393.445751424047,227.785688630105,4.16008129660459
566.572030599316,403.016217566435,4.71695028307363
144.35302956166,281.149920742263,4.43473555388804
196.275329695113,371.799999287428,3.96695381179893
126.166847678064,411.009982141462,3.3665063019121
625.901197295026,314.944185589785,4.44659799083672
2.14745579185774,149.586056544515,4.2064621022871
544.740996465784,205.326493149136,4.25175179620046
36.5885714317004,491.83409866087,3.02653017020336
282.397690622565,19.1880497912448,4.06333151044729
533.401702540983,394.278506251086,3.39557990746219
62.7676886900261,79.2381247798241,5.24851711805977
3.87054212979194,83.2169107012828,3.48376963549407
587.129857564889,228.941787826286,3.96459440728178
443.01253781312,459.310664353275,4.81148426975514
657.987533962091,374.727140007553,3.22989487662925
106.658255615794,488.399544271553,4.44975770835328
624.621286614259,89.5172214080487,4.11882845355842
421.419434057149,258.208271166306,3.57800761094092
9.58856061026058,183.081032887823,3.17589251542128
66.1784971679278,129.756968050601,4.62214225049589
600.504428220906,204.053339227975,4.09652136719494
265.969594568378,213.3275521625,4.11351022779504
564.352919349945,430.356367291689,3.99846768727026
303.336754587616,133.632182373694,3.97482513377062
527.999194927126,457.222001411766,3.59925214672576
47.6179254368996,420.647943659149,3.68920599331659
202.346554374583,288.231069271765,3.99231090094763
553.159716228081,278.245874779294,3.93079157406307
167.755808065807,41.1274225362594,4.38719363143104
496.260992343162,341.071197969137,4.49285506753477
36.1450418078317,56.2665505499914,3.5938793395961
528.123825340284,159.468156689372,4.61304808738588
NA,NA,NA
663.427302155177,334.627619660527,3.45503856956423
456.618212901068,298.770234817064,3.43415061862784
9.57028714428782,497.501978122465,3.61775617561865
562.926058086696,52.5291452463496,4.19061675180116
66.690845549871,375.968915554315,3.98616136094789
232.389132716115,415.869197802469,3.87285703811852
427.918602428028,15.76327140663,3.22973624514592
363.111263354019,293.345949220441,2.93529629387663
600.651085922733,100.149678175301,4.16895562675354
389.616740406265,234.958268354671,4.24005296655929
566.290284852336,402.661296033754,4.76694785725405
135.566590685389,288.390023851938,4.64505045154411
196.374036441365,370.672207531681,4.03858615054633
126.211737275962,407.13085466796,3.45107154145109
624.574199644475,310.884770705566,4.5621620909176
-1.13246581415096,142.117975133461,4.23589485096313
542.581585619984,200.381678945218,4.22063249019815
35.3157455212865,490.30323428861,2.94929091148052
279.758992581163,21.9242869890321,3.9277147868456
535.532015170067,391.386387035052,3.32117888067135
74.655448526958,86.2896688941022,5.25463204276425
4.42795338543055,77.8770334686557,3.62539650687298
588.145087266405,226.874449992215,4.00799364253137
442.93063892673,464.041518540474,4.82035890524026
660.955192298708,373.085335587636,3.19042065770615
113.077373829862,489.121047078326,4.34098794387363
620.103767104477,90.6428471756724,4.12497851859793
420.089509529762,259.412227312845,3.42862246617656
9.4264499221437,185.143602998808,3.16752659694248
52.5326791101552,118.544886716315,4.38220300911838
603.166740795143,202.231996601934,4.04438683394302
264.326949888607,215.152837220399,3.95683403351329
575.97359724188,433.501079980017,4.03472442133898
302.827017910899,135.636190421401,3.94728902529825
522.907162645393,460.547387713549,3.61797378037046
38.8078195729155,432.120464053635,3.84625531104035
203.373028600863,282.882610648246,4.13645512347531
550.193225542143,258.353247015065,3.91393063661822
171.603492292775,24.7015523370172,4.57706680694204
502.165941934187,339.447742625983,4.55399849710973
40.4781307345882,52.7851244409827,3.4816611679929
557.449568205848,152.252078569769,4.59190854763322
NA,NA,NA
663.427302155177,334.627619660527,3.45503856956423
456.618212901068,298.770234817064,3.43415061862784
9.57028714428782,497.501978122465,3.61775617561865
562.926058086696,52.5291452463496,4.19061675180116
66.690845549871,375.968915554315,3.98616136094789
232.389132716115,415.869197802469,3.87285703811852
427.918602428028,15.76327140663,3.22973624514592
363.111263354019,293.345949220441,2.93529629387663
600.651085922733,100.149678175301,4.16895562675354
389.616740406265,234.958268354671,4.24005296655929
566.290284852336,402.661296033754,4.76694785725405
135.566590685389,288.390023851938,4.64505045154411
196.374036441365,370.672207531681,4.03858615054633
126.211737275962,407.13085466796,3.45107154145109
624.574199644475,310.884770705566,4.5621620909176
-1.13246581415096,142.117975133461,4.23589485096313
542.581585619984,200.381678945218,4.22063249019815
35.3157455212865,490.30323428861,2.94929091148052
279.758992581163,21.9242869890321,3.9277147868456
535.532015170067,391.386387035052,3.32117888067135
74.655448526958,86.2896688941022,5.25463204276425
4.42795338543055,77.8770334686557,3.62539650687298
588.145087266405,226.874449992215,4.00799364253137
442.93063892673,464.041518540474,4.82035890524026
660.955192298708,373.085335587636,3.19042065770615
113.077373829862,489.121047078326,4.34098794387363
620.103767104477,90.6428471756724,4.12497851859793
420.089509529762,259.412227312845,3.42862246617656
9.4264499221437,185.143602998808,3.16752659694248
52.5326791101552,118.544886716315,4.38220300911838
603.166740795143,202.231996601934,4.04438683394302
264.326949888607,215.152837220399,3.95683403351329
575.97359724188,433.501079980017,4.03472442133898
302.827017910899,135.636190421401,3.94728902529825
522.907162645393,460.547387713549,3.61797378037046
38.8078195729155,432.120464053635,3.84625531104035
203.373028600863,282.882610648246,4.13645512347531
550.193225542143,258.353247015065,3.91393063661822
171.603492292775,24.7015523370172,4.57706680694204
502.165941934187,339.447742625983,4.55399849710973
40.4781307345882,52.7851244409827,3.4816611679929
557.449568205848,152.252078569769,4.59190854763322
NA,NA,NA
663.427302155177,334.627619660527,3.45503856956423
456.618212901068,298.770234817064,3.43415061862784
9.57028714428782,497.501978122465,3.61775617561865
562.926058086696,52.5291452463496,4.19061675180116
66.690845549871,375.968915554315,3.98616136094789
232.389132716115,415.869197802469,3.87285703811852
427.918602428028,15.76327140663,3.22973624514592
363.111263354019,293.345949220441,2.93529629387663
600.651085922733,100.149678175301,4.16895562675354
389.616740406265,234.958268354671,4.24005296655929
566.290284852336,402.661296033754,4.76694785725405
135.566590685389,288.390023851938,4.64505045154411
196.374036441365,370.672207531681,4.03858615054633
126.211737275962,407.13085466796,3.45107154145109
624.574199644475,310.884770705566,4.5621620909176
-1.13246581415096,142.117975133461,4.23589485096313
542.581585619984,200.381678945218,4.22063249019815
35.3157455212865,490.30323428861,2.94929091148052
279.758992581163,21.9242869890321,3.9277147868456
535.532015170067,391.386387035052,3.32117888067135
74.655448526958,86.2896688941022,5.25463204276425
4.42795338543055,77.8770334686557,3.62539650687298
588.145087266405,226.874449992215,4.00799364253137
442.93063892673,464.041518540474,4.82035890524026
660.955192298708,373.085335587636,3.19042065770615
113.077373829862,489.121047078326,4.34098794387363
620.103767104477,90.6428471756724,4.12497851859793
420.089509529762,259.412227312845,3.42862246617656
9.4264499221437,185.143602998808,3.16752659694248
52.5326791101552,118.544886716315,4.38220300911838
603.166740795143,202.231996601934,4.04438683394302
264.326949888607,215.152837220399,3.95683403351329
575.97359724188,433.501079980017,4.03472442133898
302.827017910899,135.636190421401,3.94728902529825
522.907162645393,460.547387713549,3.61797378037046
38.8078195729155,432.120464053635,3.84625531104035
203.373028600863,282.882610648246,4.13645512347531
550.193225542143,258.353247015065,3.91393063661822
171.603492292775,24.7015523370172,4.57706680694204
502.165941934187,339.447742625983,4.55399849710973
40.4781307345882,52.7851244409827,3.4816611679929
557.449568205848,152.252078569769,4.59190854763322
NA,NA,NA
663.427302155177,334.627619660527,3.45503856956423
456.618212901068,298.770234817064,3.43415061862784
9.57028714428782,497.501978122465,3.61775617561865
562.926058086696,52.5291452463496,4.19061675180116
66.690845549871,375.968915554315,3.98616136094789
232.389132716115,415.869197802469,3.87285703811852
427.918602428028,15.76327140663,3.22973624514592
363.111263354019,293.345949220441,2.93529629387663
600.651085922733,100.149678175301,4.16895562675354
389.616740406265,234.958268354671,4.24005296655929
566.290284852336,402.661296033754,4.76694785725405
135.566590685389,288.390023851938,4.64505045154411
196.374036441365,370.672207531681,4.03858615054633
126.211737275962,407.13085466796,3.45107154145109
624.574199644475,310.884770705566,4.5621620909176
-1.13246581415096,142.117975133461,4.23589485096313
542.581585619984,200.381678945218,4.22063249019815
35.3157455212865,490.30323428861,2.94929091148052
279.758992581163,21.9242869890321,3.9277147868456
535.532015170067,391.386387035052,3.32117888067135
74.655448526958,86.2896688941022,5.25463204276425
4.42795338543055,77.8770334686557,3.62539650687298
588.145087266405,226.874449992215,4.00799364253137
442.93063892673,464.041518540474,4.82035890524026
660.955192298708,373.085335587636,3.19042065770615
113.077373829862,489.121047078326,4.34098794387363
620.103767104477,90.6428471756724,4.12497851859793
420.089509529762,259.412227312845,3.42862246617656
9.4264499221437,185.143602998808,3.16752659694248
52.5326791101552,118.544886716315,4.38220300911838
603.166740795143,202.231996601934,4.04438683394302
264.326949888607,215.152837220399,3.95683403351329
575.97359724188,433.501079980017,4.03472442133898
302.827017910899,135.636190421401,3.94728902529825
522.907162645393,460.547387713549,3.61797378037046
38.8078195729155,432.120464053635,3.84625531104035
203.373028600863,282.882610648246,4.13645512347531
550.193225542143,258.353247015065,3.91393063661822
171.603492292775,24.7015523370172,4.57706680694204
502.165941934187,339.447742625983,4.55399849710973
40.4781307345882,52.7851244409827,3.4816611679929
557.449568205848,152.252078569769,4.59190854763322
NA,NA,NA
663.427302155177,334.627619660527,3.45503856956423
456.618212901068,298.770234817064,3.43415061862784
9.57028714428782,497.501978122465,3.61775617561865
562.926058086696,52.5291452463496,4.19061675180116
66.690845549871,375.968915554315,3.98616136094789
232.389132716115,415.869197802469,3.87285703811852
427.918602428028,15.76327140663,3.22973624514592
363.111263354019,293.345949220441,2.93529629387663
600.651085922733,100.149678175301,4.16895562675354
389.616740406265,234.958268354671,4.24005296655929
566.290284852336,402.661296033754,4.76694785725405
135.566590685389,288.390023851938,4.64505045154411
196.374036441365,370.672207531681,4.03858615054633
126.211737275962,407.13085466796,3.45107154145109
624.574199644475,310.884770705566,4.5621620909176
-1.13246581415096,142.117975133461,4.23589485096313
542.581585619984,200.381678945218,4.22063249019815
35.3157455212865,490.30323428861,2.94929091148052
279.758992581163,21.9242869890321,3.9277147868456
535.532015170067,391.386387035052,3.32117888067135
74.655448526958,86.2896688941022,5.25463204276425
4.42795338543055,77.8770334686557,3.62539650687298
588.145087266405,226.874449992215,4.00799364253137
442.93063892673,464.041518540474,4.82035890524026
660.955192298708,373.085335587636,3.19042065770615
113.077373829862,489.121047078326,4.34098794387363
620.103767104477,90.6428471756724,4.12497851859793
420.089509529762,259.412227312845,3.42862246617656
9.4264499221437,185.143602998808,3.16752659694248
52.5326791101552,118.544886716315,4.38220300911838
603.166740795143,202.231996601934,4.04438683394302
264.326949888607,215.152837220399,3.95683403351329
575.97359724188,433.501079980017,4.03472442133898
302.827017910899,135.636190421401,3.94728902529825
522.907162645393,460.547387713549,3.61797378037046
38.8078195729155,432.120464053635,3.84625531104035
203.373028600863,282.882610648246,4.13645512347531
550.193225542143,258.353247015065,3.91393063661822
171.603492292775,24.7015523370172,4.57706680694204
502.165941934187,339.447742625983,4.55399849710973
40.4781307345882,52.7851244409827,3.4816611679929
557.449568205848,152.252078569769,4.59190854763322
NA,NA,NA
663.427302155177,334.627619660527,3.45503856956423
456.618212901068,298.770234817064,3.43415061862784
9.57028714428782,497.501978122465,3.61775617561865
562.926058086696,52.5291452463496,4.19061675180116
66.690845549871,375.968915554315,3.98616136094789
232.389132716115,415.869197802469,3.87285703811852
427.918602428028,15.76327140663,3.22973624514592
363.111263354019,293.345949220441,2.93529629387663
600.651085922733,100.149678175301,4.16895562675354
389.616740406265,234.958268354671,4.24005296655929
566.290284852336,402.661296033754,4.76694785725405
135.566590685389,288.390023851938,4.64505045154411
196.374036441365,370.672207531681,4.03858615054633
126.211737275962,407.13085466796,3.45107154145109
624.574199644475,310.884770705566,4.5621620909176
-1.13246581415096,142.117975133461,4.23589485096313
542.581585619984,200.381678945218,4.22063249019815
35.3157455212865,490.30323428861,2.94929091148052
279.758992581163,21.9242869890321,3.9277147868456
535.532015170067,391.386387035052,3.32117888067135
74.655448526958,86.2896688941022,5.25463204276425
4.42795338543055,77.8770334686557,3.62539650687298
588.145087266405,226.874449992215,4.00799364253137
442.93063892673,464.041518540474,4.82035890524026
660.955192298708,373.085335587636,3.19042065770615
113.077373829862,489.121047078326,4.34098794387363
620.103767104477,90.6428471756724,4.12497851859793
420.089509529762,259.412227312845,3.42862246617656
9.4264499221437,185.143602998808,3.16752659694248
52.5326791101552,118.544886716315,4.38220300911838
603.166740795143,202.231996601934,4.04438683394302
264.326949888607,215.152837220399,3.95683403351329
575.97359724188,433.501079980017,4.03472442133898
302.827017910899,135.636190421401,3.94728902529825
522.907162645393,460.547387713549,3.61797378037046
38.8078195729155,432.120464053635,3.84625531104035
203.373028600863,282.882610648246,4.13645512347531
550.193225542143,258.353247015065,3.91393063661822
171.603492292775,24.7015523370172,4.57706680694204
502.165941934187,339.447742625983,4.55399849710973
40.4781307345882,52.7851244409827,3.4816611679929
557.449568205848,152.252078569769,4.59190854763322
NA,NA,NA
661.980594092304,333.122415852189,3.42604875081356
456.848839117172,301.337166689314,3.61268510620127
8.96974048996253,492.344003290638,3.70714075841766
565.531967044938,54.9387640211271,4.29501735690032
68.5918499479253,369.778704593781,3.99847481736983
225.441841318948,417.265041066054,3.83119941877075
424.091149215883,12.3248699410309,3.3110547008381
361.926268993613,292.770769279669,3.0346081440757
600.152142954583,106.748551453261,4.3020349243472
390.949287674078,234.797772003822,4.30912788165145
568.937398662636,411.041952853196,4.69096535366528
139.532356057417,282.042628020777,4.47235555683885
200.9920094507,366.909868758929,3.9847515793129
119.112531363891,415.445389157027,3.40779163757967
626.472136827457,311.060954403983,4.55774692036161
1.83766698948729,141.775660854928,4.23489423693604
540.166799686253,202.890699416745,4.14809087660975
34.6803890297324,490.449275910478,2.94725099841568
277.927331874152,23.5084329029605,3.75540562330872
533.283572202274,393.424970780988,3.28242998137628
67.3291799395987,81.2182597233566,5.08736796639548
6.01817759110932,77.3189081334405,3.50990474851418
586.101427669578,227.373821275664,4.108113735275
437.060754613592,460.566423165622,4.78510343720992
656.090498470449,373.775222195135,3.01261918440307
101.387994012665,483.692058453285,4.34318109308831
626.410046233351,90.7869580028805,4.13070212661546
422.633826931981,259.090535541405,3.57873119590544
13.6927441801697,180.88940192404,3.12914059212526
68.1678562284967,122.05518683437,4.69092494244943
608.849708384928,218.788675321648,4.2662878643383
251.087559990123,223.741647405183,4.03454572627336
572.713318569238,438.593879614234,4.07828967728517
300.482458976489,138.918564157104,3.75105228409955
528.845016096567,456.497044512607,3.71441420151255
51.6870639541181,410.180513434891,3.84958474025535
198.571891576229,282.166164052916,4.02274806344921
552.444904744604,260.834573516346,3.79293311665871
168.551816756117,26.8300328049833,4.22334137151003
496.9923660803,352.226831154122,4.77507096981349
30.5742403387643,60.013572538993,3.7107337821295
514.448282285186,153.567731414805,4.29971472845646
NA,NA,NA
661.980594092304,333.122415852189,3.42604875081356
456.848839117172,301.337166689314,3.61268510620127
8.96974048996253,492.344003290638,3.70714075841766
565.531967044938,54.9387640211271,4.29501735690032
68.5918499479253,369.778704593781,3.99847481736983
225.441841318948,417.265041066054,3.83119941877075
424.091149215883,12.3248699410309,3.3110547008381
361.926268993613,292.770769279669,3.0346081440757
600.152142954583,106.748551453261,4.3020349243472
390.949287674078,234.797772003822,4.30912788165145
568.937398662636,411.041952853196,4.69096535366528
139.532356057417,282.042628020777,4.47235555683885
200.9920094507,366.909868758929,3.9847515793129
119.112531363891,415.445389157027,3.40779163757967
626.472136827457,311.060954403983,4.55774692036161
1.83766698948729,141.775660854928,4.23489423693604
540.166799686253,202.890699416745,4.14809087660975
34.6803890297324,490.449275910478,2.94725099841568
277.927331874152,23.5084329029605,3.75540562330872
533.283572202274,393.424970780988,3.28242998137628
67.3291799395987,81.2182597233566,5.08736796639548
6.01817759110932,77.3189081334405,3.50990474851418
586.101427669578,227.373821275664,4.108113735275
437.060754613592,460.566423165622,4.78510343720992
656.090498470449,373.775222195135,3.01261918440307
101.387994012665,483.692058453285,4.34318109308831
626.410046233351,90.7869580028805,4.13070212661546
422.633826931981,259.090535541405,3.57873119590544
13.6927441801697,180.88940192404,3.12914059212526
68.1678562284967,122.05518683437,4.69092494244943
608.849708384928,218.788675321648,4.2662878643383
251.087559990123,223.741647405183,4.03454572627336
572.713318569238,438.593879614234,4.07828967728517
300.482458976489,138.918564157104,3.75105228409955
528.845016096567,456.497044512607,3.71441420151255
51.6870639541181,410.180513434891,3.84958474025535
198.571891576229,282.166164052916,4.02274806344921
552.444904744604,260.834573516346,3.79293311665871
168.551816756117,26.8300328049833,4.22334137151003
496.9923660803,352.226831154122,4.77507096981349
30.5742403387643,60.013572538993,3.7107337821295
514.448282285186,153.567731414805,4.29971472845646
NA,NA,NA
661.980594092304,333.122415852189,3.42604875081356
456.848839117172,301.337166689314,3.61268510620127
8.96974048996253,492.344003290638,3.70714075841766
565.531967044938,54.9387640211271,4.29501735690032
68.5918499479253,369.778704593781,3.99847481736983
225.441841318948,417.265041066054,3.83119941877075
424.091149215883,12.3248699410309,3.3110547008381
361.926268993613,292.770769279669,3.0346081440757
600.152142954583,106.748551453261,4.3020349243472
390.949287674078,234.797772003822,4.30912788165145
568.937398662636,411.041952853196,4.69096535366528
139.532356057417,282.042628020777,4.47235555683885
200.9920094507,366.909868758929,3.9847515793129
119.112531363891,415.445389157027,3.40779163757967
626.472136827457,311.060954403983,4.55774692036161
1.83766698948729,141.775660854928,4.23489423693604
540.166799686253,202.890699416745,4.14809087660975
34.6803890297324,490.449275910478,2.94725099841568
277.927331874152,23.5084329029605,3.75540562330872
533.283572202274,393.424970780988,3.28242998137628
67.3291799395987,81.2182597233566,5.08736796639548
6.01817759110932,77.3189081334405,3.50990474851418
586.101427669578,227.373821275664,4.108113735275
437.060754613592,460.566423165622,4.78510343720992
656.090498470449,373.775222195135,3.01261918440307
101.387994012665,483.692058453285,4.34318109308831
626.410046233351,90.7869580028805,4.13070212661546
422.633826931981,259.090535541405,3.57873119590544
13.6927441801697,180.88940192404,3.12914059212526
68.1678562284967,122.05518683437,4.69092494244943
608.849708384928,218.788675321648,4.2662878643383
251.087559990123,223.741647405183,4.03454572627336
572.713318569238,438.593879614234,4.07828967728517
300.482458976489,138.918564157104,3.75105228409955
528.845016096567,456.497044512607,3.71441420151255
51.6870639541181,410.180513434891,3.84958474025535
198.571891576229,282.166164052916,4.02274806344921
552.444904744604,260.834573516346,3.79293311665871
168.551816756117,26.8300328049833,4.22334137151003
496.9923660803,352.226831154122,4.77507096981349
30.5742403387643,60.013572538993,3.7107337821295
514.448282285186,153.567731414805,4.29971472845646
NA,NA,NA
661.980594092304,333.122415852189,3.42604875081356
456.848839117172,301.337166689314,3.61268510620127
8.96974048996253,492.344003290638,3.70714075841766
565.531967044938,54.9387640211271,4.29501735690032
68.5918499479253,369.778704593781,3.99847481736983
225.441841318948,417.265041066054,3.83119941877075
424.091149215883,12.3248699410309,3.3110547008381
361.926268993613,292.770769279669,3.0346081440757
600.152142954583,106.748551453261,4.3020349243472
390.949287674078,234.797772003822,4.30912788165145
568.937398662636,411.041952853196,4.69096535366528
139.532356057417,282.042628020777,4.47235555683885
200.9920094507,366.909868758929,3.9847515793129
119.112531363891,415.445389157027,3.40779163757967
626.472136827457,311.060954403983,4.55774692036161
1.83766698948729,141.775660854928,4.23489423693604
540.166799686253,202.890699416745,4.14809087660975
34.6803890297324,490.449275910478,2.94725099841568
277.927331874152,23.5084329029605,3.75540562330872
533.283572202274,393.424970780988,3.28242998137628
67.3291799395987,81.2182597233566,5.08736796639548
6.01817759110932,77.3189081334405,3.50990474851418
586.101427669578,227.373821275664,4.108113735275
437.060754613592,460.566423165622,4.78510343720992
656.090498470449,373.775222195135,3.01261918440307
101.387994012665,483.692058453285,4.34318109308831
626.410046233351,90.7869580028805,4.13070212661546
422.633826931981,259.090535541405,3.57873119590544
13.6927441801697,180.88940192404,3.12914059212526
68.1678562284967,122.05518683437,4.69092494244943
608.849708384928,218.788675321648,4.2662878643383
251.087559990123,223.741647405183,4.03454572627336
572.713318569238,438.593879614234,4.07828967728517
300.482458976489,138.918564157104,3.75105228409955
528.845016096567,456.497044512607,3.71441420151255
51.6870639541181,410.180513434891,3.84958474025535
198.571891576229,282.166164052916,4.02274806344921
552.444904744604,260.834573516346,3.79293311665871
168.551816756117,26.8300328049833,4.22334137151003
496.9923660803,352.226831154122,4.77507096981349
30.5742403387643,60.013572538993,3.7107337821295
514.448282285186,153.567731414805,4.29971472845646
NA,NA,NA
661.980594092304,333.122415852189,3.42604875081356
456.848839117172,301.337166689314,3.61268510620127
8.96974048996253,492.344003290638,3.70714075841766
565.531967044938,54.9387640211271,4.29501735690032
68.5918499479253,369.778704593781,3.99847481736983
225.441841318948,417.265041066054,3.83119941877075
424.091149215883,12.3248699410309,3.3110547008381
361.926268993613,292.770769279669,3.0346081440757
600.152142954583,106.748551453261,4.3020349243472
390.949287674078,234.797772003822,4.30912788165145
568.937398662636,411.041952853196,4.69096535366528
139.532356057417,282.042628020777,4.47235555683885
200.9920094507,366.909868758929,3.9847515793129
119.112531363891,415.445389157027,3.40779163757967
626.472136827457,311.060954403983,4.55774692036161
1.83766698948729,141.775660854928,4.23489423693604
540.166799686253,202.890699416745,4.14809087660975
34.6803890297324,490.449275910478,2.94725099841568
277.927331874152,23.5084329029605,3.75540562330872
533.283572202274,393.424970780988,3.28242998137628
67.3291799395987,81.2182597233566,5.08736796639548
6.01817759110932,77.3189081334405,3.50990474851418
586.101427669578,227.373821275664,4.108113735275
437.060754613592,460.566423165622,4.78510343720992
656.090498470449,373.775222195135,3.01261918440307
101.387994012665,483.692058453285,4.34318109308831
626.410046233351,90.7869580028805,4.13070212661546
422.633826931981,259.090535541405,3.57873119590544
13.6927441801697,180.88940192404,3.12914059212526
68.1678562284967,122.05518683437,4.69092494244943
608.849708384928,218.788675321648,4.2662878643383
251.087559990123,223.741647405183,4.03454572627336
572.713318569238,438.593879614234,4.07828967728517
300.482458976489,138.918564157104,3.75105228409955
528.845016096567,456.497044512607,3.71441420151255
51.6870639541181,410.180513434891,3.84958474025535
198.571891576229,282.166164052916,4.02274806344921
552.444904744604,260.834573516346,3.79293311665871
168.551816756117,26.8300328049833,4.22334137151003
496.9923660803,352.226831154122,4.77507096981349
30.5742403387643,60.013572538993,3.7107337821295
514.448282285186,153.567731414805,4.29971472845646
NA,NA,NA
661.980594092304,333.122415852189,3.42604875081356
456.848839117172,301.337166689314,3.61268510620127
8.96974048996253,492.344003290638,3.70714075841766
565.531967044938,54.9387640211271,4.29501735690032
68.5918499479253,369.778704593781,3.99847481736983
225.441841318948,417.265041066054,3.83119941877075
424.091149215883,12.3248699410309,3.3110547008381
361.926268993613,292.770769279669,3.0346081440757
600.152142954583,106.748551453261,4.3020349243472
390.949287674078,234.797772003822,4.30912788165145
568.937398662636,411.041952853196,4.69096535366528
139.532356057417,282.042628020777,4.47235555683885
200.9920094507,366.909868758929,3.9847515793129
119.112531363891,415.445389157027,3.40779163757967
626.472136827457,311.060954403983,4.55774692036161
1.83766698948729,141.775660854928,4.23489423693604
540.166799686253,202.890699416745,4.14809087660975
34.6803890297324,490.449275910478,2.94725099841568
277.927331874152,23.5084329029605,3.75540562330872
533.283572202274,393.424970780988,3.28242998137628
67.3291799395987,81.2182597233566,5.08736796639548
6.01817759110932,77.3189081334405,3.50990474851418
586.101427669578,227.373821275664,4.108113735275
437.060754613592,460.566423165622,4.78510343720992
656.090498470449,373.775222195135,3.01261918440307
101.387994012665,483.692058453285,4.34318109308831
626.410046233351,90.7869580028805,4.13070212661546
422.633826931981,259.090535541405,3.57873119590544
13.6927441801697,180.88940192404,3.12914059212526
68.1678562284967,122.05518683437,4.69092494244943
608.849708384928,218.788675321648,4.2662878643383
251.087559990123,223.741647405183,4.03454572627336
572.713318569238,438.593879614234,4.07828967728517
300.482458976489,138.918564157104,3.75105228409955
528.845016096567,456.497044512607,3.71441420151255
51.6870639541181,410.180513434891,3.84958474025535
198.571891576229,282.166164052916,4.02274806344921
552.444904744604,260.834573516346,3.79293311665871
168.551816756117,26.8300328049833,4.22334137151003
496.9923660803,352.226831154122,4.77507096981349
30.5742403387643,60.013572538993,3.7107337821295
514.448282285186,153.567731414805,4.29971472845646
NA,NA,NA
661.481887452446,338.702783259748,3.61127300810842
456.649617870229,297.14269494582,3.70130138492929
10.4599923269126,495.308401463275,3.52198782898342
562.610439516694,46.0285698105858,4.26727975856983
73.2347336010031,372.712994850834,3.95122335576792
228.620265173626,416.083055836685,4.03057890564848
428.776242608787,13.555237566231,3.23254216479621
364.41134658725,293.34461065389,3.07775196291433
602.048893692035,103.752136770188,4.30973758492602
392.593412961351,232.931447188738,4.36725173072259
566.921917884982,413.130147616551,4.71399939405804
138.643308938332,283.384179851878,4.44759376666126
194.708313312406,372.321146761352,3.98276422453919
129.967236847033,407.421387125073,3.32271382562733
625.677427446185,318.137629066967,4.61783834542346
5.00290920195842,145.650666734424,4.2615278236812
542.915610549122,208.315433383639,4.23311599973533
33.7798117741774,492.819493873318,2.98550489099285
283.492534710129,21.9862322171865,4.00539241388603
530.762518525443,394.080455078627,3.37028559443387
77.9470587956622,74.5385038181025,5.14071192993223
9.74451096235326,77.4425768909103,3.39705230755848
589.76638418079,228.358082142637,4.09592098091437
435.650684040855,462.469906952353,4.85356653205268
660.147308137641,374.143748585618,3.08781245707747
105.318895966345,483.549149274266,4.44153979477002
625.544973881579,93.6995946121481,4.05747236001463
419.623416464775,259.097973168707,3.67831685388147
10.7683223214829,180.924647170563,3.15650337736838
57.0092648813221,112.056122191784,4.52163324391138
611.526443745313,212.280846163568,4.48873403744149
255.891025302339,222.316318635652,4.12067637604576
565.426714465607,436.903447193423,3.94561999543034
294.275673955663,128.128415268637,3.95380076523093
531.185172815327,451.468938301665,3.91660367634492
47.916934395127,419.229976465147,3.72461916095244
199.480005688406,296.632046334659,3.55237122643822
549.032964006405,260.890059200619,3.90668142209461
173.655702866003,27.059097890315,4.17293476722528
511.472998526565,352.66793890086,4.65251923068118
35.5423378320249,56.2142502386614,3.71418329483731
519.985617982213,156.872720529554,5.04161342691216
NA,NA,NA
661.481887452446,338.702783259748,3.61127300810842
456.649617870229,297.14269494582,3.70130138492929
10.4599923269126,495.308401463275,3.52198782898342
562.610439516694,46.0285698105858,4.26727975856983
73.2347336010031,372.712994850834,3.95122335576792
228.620265173626,416.083055836685,4.03057890564848
428.776242608787,13.555237566231,3.23254216479621
364.41134658725,293.34461065389,3.07775196291433
602.048893692035,103.752136770188,4.30973758492602
392.593412961351,232.931447188738,4.36725173072259
566.921917884982,413.130147616551,4.71399939405804
138.643308938332,283.384179851878,4.44759376666126
194.708313312406,372.321146761352,3.98276422453919
129.967236847033,407.421387125073,3.32271382562733
625.677427446185,318.137629066967,4.61783834542346
5.00290920195842,145.650666734424,4.2615278236812
542.915610549122,208.315433383639,4.23311599973533
33.7798117741774,492.819493873318,2.98550489099285
283.492534710129,21.9862322171865,4.00539241388603
530.762518525443,394.080455078627,3.37028559443387
77.9470587956622,74.5385038181025,5.14071192993223
9.74451096235326,77.4425768909103,3.39705230755848
589.76638418079,228.358082142637,4.09592098091437
435.650684040855,462.469906952353,4.85356653205268
660.147308137641,374.143748585618,3.08781245707747
105.318895966345,483.549149274266,4.44153979477002
625.544973881579,93.6995946121481,4.05747236001463
419.623416464775,259.097973168707,3.67831685388147
10.7683223214829,180.924647170563,3.15650337736838
57.0092648813221,112.056122191784,4.52163324391138
611.526443745313,212.280846163568,4.48873403744149
255.891025302339,222.316318635652,4.12067637604576
565.426714465607,436.903447193423,3.94561999543034
294.275673955663,128.128415268637,3.95380076523093
531.185172815327,451.468938301665,3.91660367634492
47.916934395127,419.229976465147,3.72461916095244
199.480005688406,296.632046334659,3.55237122643822
549.032964006405,260.890059200619,3.90668142209461
173.655702866003,27.059097890315,4.17293476722528
511.472998526565,352.66793890086,4.65251923068118
35.5423378320249,56.2142502386614,3.71418329483731
519.985617982213,156.872720529554,5.04161342691216
NA,NA,NA
661.481887452446,338.702783259748,3.61127300810842
456.649617870229,297.14269494582,3.70130138492929
10.4599923269126,495.308401463275,3.52198782898342
562.610439516694,46.0285698105858,4.26727975856983
73.2347336010031,372.712994850834,3.95122335576792
228.620265173626,416.083055836685,4.03057890564848
428.776242608787,13.555237566231,3.23254216479621
364.41134658725,293.34461065389,3.07775196291433
602.048893692035,103.752136770188,4.30973758492602
392.593412961351,232.931447188738,4.36725173072259
566.921917884982,413.130147616551,4.71399939405804
138.643308938332,283.384179851878,4.44759376666126
194.708313312406,372.321146761352,3.98276422453919
129.967236847033,407.421387125073,3.32271382562733
625.677427446185,318.137629066967,4.61783834542346
5.00290920195842,145.650666734424,4.2615278236812
542.915610549122,208.315433383639,4.23311599973533
33.7798117741774,492.819493873318,2.98550489099285
283.492534710129,21.9862322171865,4.00539241388603
530.762518525443,394.080455078627,3.37028559443387
77.9470587956622,74.5385038181025,5.14071192993223
9.74451096235326,77.4425768909103,3.39705230755848
589.76638418079,228.358082142637,4.09592098091437
435.650684040855,462.469906952353,4.85356653205268
660.147308137641,374.143748585618,3.08781245707747
105.318895966345,483.549149274266,4.44153979477002
625.544973881579,93.6995946121481,4.05747236001463
419.623416464775,259.097973168707,3.67831685388147
10.7683223214829,180.924647170563,3.15650337736838
57.0092648813221,112.056122191784,4.52163324391138
611.526443745313,212.280846163568,4.48873403744149
255.891025302339,222.316318635652,4.12067637604576
565.426714465607,436.903447193423,3.94561999543034
294.275673955663,128.128415268637,3.95380076523093
531.185172815327,451.468938301665,3.91660367634492
47.916934395127,419.229976465147,3.72461916095244
199.480005688406,296.632046334659,3.55237122643822
549.032964006405,260.890059200619,3.90668142209461
173.655702866003,27.059097890315,4.17293476722528
511.472998526565,352.66793890086,4.65251923068118
35.5423378320249,56.2142502386614,3.71418329483731
519.985617982213,156.872720529554,5.04161342691216
NA,NA,NA
661.481887452446,338.702783259748,3.61127300810842
456.649617870229,297.14269494582,3.70130138492929
10.4599923269126,495.308401463275,3.52198782898342
562.610439516694,46.0285698105858,4.26727975856983
73.2347336010031,372.712994850834,3.95122335576792
228.620265173626,416.083055836685,4.03057890564848
428.776242608787,13.555237566231,3.23254216479621
364.41134658725,293.34461065389,3.07775196291433
602.048893692035,103.752136770188,4.30973758492602
392.593412961351,232.931447188738,4.36725173072259
566.921917884982,413.130147616551,4.71399939405804
138.643308938332,283.384179851878,4.44759376666126
194.708313312406,372.321146761352,3.98276422453919
129.967236847033,407.421387125073,3.32271382562733
625.677427446185,318.137629066967,4.61783834542346
5.00290920195842,145.650666734424,4.2615278236812
542.915610549122,208.315433383639,4.23311599973533
33.7798117741774,492.819493873318,2.98550489099285
283.492534710129,21.9862322171865,4.00539241388603
530.762518525443,394.080455078627,3.37028559443387
77.9470587956622,74.5385038181025,5.14071192993223
9.74451096235326,77.4425768909103,3.39705230755848
589.76638418079,228.358082142637,4.09592098091437
435.650684040855,462.469906952353,4.85356653205268
660.147308137641,374.143748585618,3.08781245707747
105.318895966345,483.549149274266,4.44153979477002
625.544973881579,93.6995946121481,4.05747236001463
419.623416464775,259.097973168707,3.67831685388147
10.7683223214829,180.924647170563,3.15650337736838
57.0092648813221,112.056122191784,4.52163324391138
611.526443745313,212.280846163568,4.48873403744149
255.891025302339,222.316318635652,4.12067637604576
565.426714465607,436.903447193423,3.94561999543034
294.275673955663,128.128415268637,3.95380076523093
531.185172815327,451.468938301665,3.91660367634492
47.916934395127,419.229976465147,3.72461916095244
199.480005688406,296.632046334659,3.55237122643822
549.032964006405,260.890059200619,3.90668142209461
173.655702866003,27.059097890315,4.17293476722528
511.472998526565,352.66793890086,4.65251923068118
35.5423378320249,56.2142502386614,3.71418329483731
519.985617982213,156.872720529554,5.04161342691216
NA,NA,NA
661.481887452446,338.702783259748,3.61127300810842
456.649617870229,297.14269494582,3.70130138492929
10.4599923269126,495.308401463275,3.52198782898342
562.610439516694,46.0285698105858,4.26727975856983
73.2347336010031,372.712994850834,3.95122335576792
228.620265173626,416.083055836685,4.03057890564848
428.776242608787,13.555237566231,3.23254216479621
364.41134658725,293.34461065389,3.07775196291433
602.048893692035,103.752136770188,4.30973758492602
392.593412961351,232.931447188738,4.36725173072259
566.921917884982,413.130147616551,4.71399939405804
138.643308938332,283.384179851878,4.44759376666126
194.708313312406,372.321146761352,3.98276422453919
129.967236847033,407.421387125073,3.32271382562733
625.677427446185,318.137629066967,4.61783834542346
5.00290920195842,145.650666734424,4.2615278236812
542.915610549122,208.315433383639,4.23311599973533
33.7798117741774,492.819493873318,2.98550489099285
283.492534710129,21.9862322171865,4.00539241388603
530.762518525443,394.080455078627,3.37028559443387
77.9470587956622,74.5385038181025,5.14071192993223
9.74451096235326,77.4425768909103,3.39705230755848
589.76638418079,228.358082142637,4.09592098091437
435.650684040855,462.469906952353,4.85356653205268
660.147308137641,374.143748585618,3.08781245707747
105.318895966345,483.549149274266,4.44153979477002
625.544973881579,93.6995946121481,4.05747236001463
419.623416464775,259.097973168707,3.67831685388147
10.7683223214829,180.924647170563,3.15650337736838
57.0092648813221,112.056122191784,4.52163324391138
611.526443745313,212.280846163568,4.48873403744149
255.891025302339,222.316318635652,4.12067637604576
565.426714465607,436.903447193423,3.94561999543034
294.275673955663,128.128415268637,3.95380076523093
531.185172815327,451.468938301665,3.91660367634492
47.916934395127,419.229976465147,3.72461916095244
199.480005688406,296.632046334659,3.55237122643822
549.032964006405,260.890059200619,3.90668142209461
173.655702866003,27.059097890315,4.17293476722528
511.472998526565,352.66793890086,4.65251923068118
35.5423378320249,56.2142502386614,3.71418329483731
519.985617982213,156.872720529554,5.04161342691216
NA,NA,NA
661.481887452446,338.702783259748,3.61127300810842
456.649617870229,297.14269494582,3.70130138492929
10.4599923269126,495.308401463275,3.52198782898342
562.610439516694,46.0285698105858,4.26727975856983
73.2347336010031,372.712994850834,3.95122335576792
228.620265173626,416.083055836685,4.03057890564848
428.776242608787,13.555237566231,3.23254216479621
364.41134658725,293.34461065389,3.07775196291433
602.048893692035,103.752136770188,4.30973758492602
392.593412961351,232.931447188738,4.36725173072259
566.921917884982,413.130147616551,4.71399939405804
138.643308938332,283.384179851878,4.44759376666126
194.708313312406,372.321146761352,3.98276422453919
129.967236847033,407.421387125073,3.32271382562733
625.677427446185,318.137629066967,4.61783834542346
5.00290920195842,145.650666734424,4.2615278236812
542.915610549122,208.315433383639,4.23311599973533
33.7798117741774,492.819493873318,2.98550489099285
283.492534710129,21.9862322171865,4.00539241388603
530.762518525443,394.080455078627,3.37028559443387
77.9470587956622,74.5385038181025,5.14071192993223
9.74451096235326,77.4425768909103,3.39705230755848
589.76638418079,228.358082142637,4.09592098091437
435.650684040855,462.469906952353,4.85356653205268
660.147308137641,374.143748585618,3.08781245707747
105.318895966345,483.549149274266,4.44153979477002
625.544973881579,93.6995946121481,4.05747236001463
419.623416464775,259.097973168707,3.67831685388147
10.7683223214829,180.924647170563,3.15650337736838
57.0092648813221,112.056122191784,4.52163324391138
611.526443745313,212.280846163568,4.48873403744149
255.891025302339,222.316318635652,4.12067637604576
565.426714465607,436.903447193423,3.94561999543034
294.275673955663,128.128415268637,3.95380076523093
531.185172815327,451.468938301665,3.91660367634492
47.916934395127,419.229976465147,3.72461916095244
199.480005688406,296.632046334659,3.55237122643822
549.032964006405,260.890059200619,3.90668142209461
173.655702866003,27.059097890315,4.17293476722528
511.472998526565,352.66793890086,4.65251923068118
35.5423378320249,56.2142502386614,3.71418329483731
519.985617982213,156.872720529554,5.04161342691216
NA,NA,NA
659.383197695318,339.333894882487,3.60420886626709
457.118942898729,302.694971200269,3.63050209124104
11.3819715698002,495.400589275109,3.56374538676784
565.164793687671,45.506798842081,4.18770945748455
72.4292983083146,376.376756478477,4.05181078358795
224.219739085904,412.874954385954,3.90250694798036
428.824839810296,14.3099021152765,3.32711919750201
361.372467250491,292.536025249279,3.14809670758402
602.053179443723,104.563377449824,4.17570026535061
396.115541872214,228.884900833878,4.21390896027547
561.228470958228,413.311621697791,4.69335327998572
145.865929240451,283.405891150692,4.60629459498253
196.790454471118,368.941953823194,3.95749802852587
124.204952255986,411.884983317409,3.45223061808123
628.763929730775,311.576286532328,4.55384682158461
-3.01510620223417,147.12052642156,4.30050530918007
543.806971564626,203.372222890003,4.29823522258933
34.4695120834751,490.922108115434,3.03657143415971
283.282554979331,20.5153471440737,4.17680637561863
533.964440991809,389.924322904534,3.47174252126173
79.2812225744757,69.484498259872,5.20604624739437
7.49699883871033,75.8794671123963,3.49062058039365
584.546998931199,227.371195163079,4.04536618239867
435.330527324164,456.422994328577,4.75436379727237
657.458235522549,372.880928824172,3.23067320821709
108.966021140808,486.228989892261,4.29249190523207
627.631726472584,87.1614785434078,4.08030159533346
419.84311098599,259.338996712828,3.6846653427389
9.55227817656559,183.614109898477,3.2054673777551
64.4544545837594,124.108956900335,4.55012089389352
603.988228528547,213.237244992079,4.23397101523174
250.668957865636,223.559933077335,3.97563411052135
570.895353489066,437.174466651506,4.02847273702395
302.87007036652,139.223537699061,3.92320635097061
525.340991230491,462.330859398498,3.57161910473438
46.3249610108553,409.36942355049,3.76978096313714
202.71645423758,287.300719430261,3.82053553255276
558.629193893194,262.101486716719,3.60398827029244
185.452397415741,31.1755727476017,4.59653274203664
495.875095648936,344.226487437659,4.6759116642503
39.5498732535941,42.2013049279878,3.97437968238656
538.926623840388,141.897397055293,4.45276647049065
NA,NA,NA
659.383197695318,339.333894882487,3.60420886626709
457.118942898729,302.694971200269,3.63050209124104
11.3819715698002,495.400589275109,3.56374538676784
565.164793687671,45.506798842081,4.18770945748455
72.4292983083146,376.376756478477,4.05181078358795
224.219739085904,412.874954385954,3.90250694798036
428.824839810296,14.3099021152765,3.32711919750201
361.372467250491,292.536025249279,3.14809670758402
602.053179443723,104.563377449824,4.17570026535061
396.115541872214,228.884900833878,4.21390896027547
561.228470958228,413.311621697791,4.69335327998572
145.865929240451,283.405891150692,4.60629459498253
196.790454471118,368.941953823194,3.95749802852587
124.204952255986,411.884983317409,3.45223061808123
628.763929730775,311.576286532328,4.55384682158461
-3.01510620223417,147.12052642156,4.30050530918007
543.806971564626,203.372222890003,4.29823522258933
34.4695120834751,490.922108115434,3.03657143415971
283.282554979331,20.5153471440737,4.17680637561863
533.964440991809,389.924322904534,3.47174252126173
79.2812225744757,69.484498259872,5.20604624739437
7.49699883871033,75.8794671123963,3.49062058039365
584.546998931199,227.371195163079,4.04536618239867
435.330527324164,456.422994328577,4.75436379727237
657.458235522549,372.880928824172,3.23067320821709
108.966021140808,486.228989892261,4.29249190523207
627.631726472584,87.1614785434078,4.08030159533346
419.84311098599,259.338996712828,3.6846653427389
9.55227817656559,183.614109898477,3.2054673777551
64.4544545837594,124.108956900335,4.55012089389352
603.988228528547,213.237244992079,4.23397101523174
250.668957865636,223.559933077335,3.97563411052135
570.895353489066,437.174466651506,4.02847273702395
302.87007036652,139.223537699061,3.92320635097061
525.340991230491,462.330859398498,3.57161910473438
46.3249610108553,409.36942355049,3.76978096313714
202.71645423758,287.300719430261,3.82053553255276
558.629193893194,262.101486716719,3.60398827029244
185.452397415741,31.1755727476017,4.59653274203664
495.875095648936,344.226487437659,4.6759116642503
39.5498732535941,42.2013049279878,3.97437968238656
538.926623840388,141.897397055293,4.45276647049065
NA,NA,NA
659.383197695318,339.333894882487,3.60420886626709
457.118942898729,302.694971200269,3.63050209124104
11.3819715698002,495.400589275109,3.56374538676784
565.164793687671,45.506798842081,4.18770945748455
72.4292983083146,376.376756478477,4.05181078358795
224.219739085904,412.874954385954,3.90250694798036
428.824839810296,14.3099021152765,3.32711919750201
361.372467250491,292.536025249279,3.14809670758402
602.053179443723,104.563377449824,4.17570026535061
396.115541872214,228.884900833878,4.21390896027547
561.228470958228,413.311621697791,4.69335327998572
145.865929240451,283.405891150692,4.60629459498253
196.790454471118,368.941953823194,3.95749802852587
124.204952255986,411.884983317409,3.45223061808123
628.763929730775,311.576286532328,4.55384682158461
-3.01510620223417,147.12052642156,4.30050530918007
543.806971564626,203.372222890003,4.29823522258933
34.4695120834751,490.922108115434,3.03657143415971
283.282554979331,20.5153471440737,4.17680637561863
533.964440991809,389.924322904534,3.47174252126173
79.2812225744757,69.484498259872,5.20604624739437
7.49699883871033,75.8794671123963,3.49062058039365
584.546998931199,227.371195163079,4.04536618239867
435.330527324164,456.422994328577,4.75436379727237
657.458235522549,372.880928824172,3.23067320821709
108.966021140808,486.228989892261,4.29249190523207
627.631726472584,87.1614785434078,4.08030159533346
419.84311098599,259.338996712828,3.6846653427389
9.55227817656559,183.614109898477,3.2054673777551
64.4544545837594,124.108956900335,4.55012089389352
603.988228528547,213.237244992079,4.23397101523174
250.668957865636,223.559933077335,3.97563411052135
570.895353489066,437.174466651506,4.02847273702395
302.87007036652,139.223537699061,3.92320635097061
525.340991230491,462.330859398498,3.57161910473438
46.3249610108553,409.36942355049,3.76978096313714
202.71645423758,287.300719430261,3.82053553255276
558.629193893194,262.101486716719,3.60398827029244
185.452397415741,31.1755727476017,4.59653274203664
495.875095648936,344.226487437659,4.6759116642503
39.5498732535941,42.2013049279878,3.97437968238656
538.926623840388,141.897397055293,4.45276647049065
NA,NA,NA
659.383197695318,339.333894882487,3.60420886626709
457.118942898729,302.694971200269,3.63050209124104
11.3819715698002,495.400589275109,3.56374538676784
565.164793687671,45.506798842081,4.18770945748455
72.4292983083146,376.376756478477,4.05181078358795
224.219739085904,412.874954385954,3.90250694798036
428.824839810296,14.3099021152765,3.32711919750201
361.372467250491,292.536025249279,3.14809670758402
602.053179443723,104.563377449824,4.17570026535061
396.115541872214,228.884900833878,4.21390896027547
561.228470958228,413.311621697791,4.69335327998572
145.865929240451,283.405891150692,4.60629459498253
196.790454471118,368.941953823194,3.95749802852587
124.204952255986,411.884983317409,3.45223061808123
628.763929730775,311.576286532328,4.55384682158461
-3.01510620223417,147.12052642156,4.30050530918007
543.806971564626,203.372222890003,4.29823522258933
34.4695120834751,490.922108115434,3.03657143415971
283.282554979331,20.5153471440737,4.17680637561863
533.964440991809,389.924322904534,3.47174252126173
79.2812225744757,69.484498259872,5.20604624739437
7.49699883871033,75.8794671123963,3.49062058039365
584.546998931199,227.371195163079,4.04536618239867
435.330527324164,456.422994328577,4.75436379727237
657.458235522549,372.880928824172,3.23067320821709
108.966021140808,486.228989892261,4.29249190523207
627.631726472584,87.1614785434078,4.08030159533346
419.84311098599,259.338996712828,3.6846653427389
9.55227817656559,183.614109898477,3.2054673777551
64.4544545837594,124.108956900335,4.55012089389352
603.988228528547,213.237244992079,4.23397101523174
250.668957865636,223.559933077335,3.97563411052135
570.895353489066,437.174466651506,4.02847273702395
302.87007036652,139.223537699061,3.92320635097061
525.340991230491,462.330859398498,3.57161910473438
46.3249610108553,409.36942355049,3.76978096313714
202.71645423758,287.300719430261,3.82053553255276
558.629193893194,262.101486716719,3.60398827029244
185.452397415741,31.1755727476017,4.59653274203664
495.875095648936,344.226487437659,4.6759116642503
39.5498732535941,42.2013049279878,3.97437968238656
538.926623840388,141.897397055293,4.45276647049065
NA,NA,NA
659.383197695318,339.333894882487,3.60420886626709
457.118942898729,302.694971200269,3.63050209124104
11.3819715698002,495.400589275109,3.56374538676784
565.164793687671,45.506798842081,4.18770945748455
72.4292983083146,376.376756478477,4.05181078358795
224.219739085904,412.874954385954,3.90250694798036
428.824839810296,14.3099021152765,3.32711919750201
361.372467250491,292.536025249279,3.14809670758402
602.053179443723,104.563377449824,4.17570026535061
396.115541872214,228.884900833878,4.21390896027547
561.228470958228,413.311621697791,4.69335327998572
145.865929240451,283.405891150692,4.60629459498253
196.790454471118,368.941953823194,3.95749802852587
124.204952255986,411.884983317409,3.45223061808123
628.763929730775,311.576286532328,4.55384682158461
-3.01510620223417,147.12052642156,4.30050530918007
543.806971564626,203.372222890003,4.29823522258933
34.4695120834751,490.922108115434,3.03657143415971
283.282554979331,20.5153471440737,4.17680637561863
533.964440991809,389.924322904534,3.47174252126173
79.2812225744757,69.484498259872,5.20604624739437
7.49699883871033,75.8794671123963,3.49062058039365
584.546998931199,227.371195163079,4.04536618239867
435.330527324164,456.422994328577,4.75436379727237
657.458235522549,372.880928824172,3.23067320821709
108.966021140808,486.228989892261,4.29249190523207
627.631726472584,87.1614785434078,4.08030159533346
419.84311098599,259.338996712828,3.6846653427389
9.55227817656559,183.614109898477,3.2054673777551
64.4544545837594,124.108956900335,4.55012089389352
603.988228528547,213.237244992079,4.23397101523174
250.668957865636,223.559933077335,3.97563411052135
570.895353489066,437.174466651506,4.02847273702395
302.87007036652,139.223537699061,3.92320635097061
525.340991230491,462.330859398498,3.57161910473438
46.3249610108553,409.36942355049,3.76978096313714
202.71645423758,287.300719430261,3.82053553255276
558.629193893194,262.101486716719,3.60398827029244
185.452397415741,31.1755727476017,4.59653274203664
495.875095648936,344.226487437659,4.6759116642503
39.5498732535941,42.2013049279878,3.97437968238656
538.926623840388,141.897397055293,4.45276647049065
NA,NA,NA
659.383197695318,339.333894882487,3.60420886626709
457.118942898729,302.694971200269,3.63050209124104
11.3819715698002,495.400589275109,3.56374538676784
565.164793687671,45.506798842081,4.18770945748455
72.4292983083146,376.376756478477,4.05181078358795
224.219739085904,412.874954385954,3.90250694798036
428.824839810296,14.3099021152765,3.32711919750201
361.372467250491,292.536025249279,3.14809670758402
602.053179443723,104.563377449824,4.17570026535061
396.115541872214,228.884900833878,4.21390896027547
561.228470958228,413.311621697791,4.69335327998572
145.865929240451,283.405891150692,4.60629459498253
196.790454471118,368.941953823194,3.95749802852587
124.204952255986,411.884983317409,3.45223061808123
628.763929730775,311.576286532328,4.55384682158461
-3.01510620223417,147.12052642156,4.30050530918007
543.806971564626,203.372222890003,4.29823522258933
34.4695120834751,490.922108115434,3.03657143415971
283.282554979331,20.5153471440737,4.17680637561863
533.964440991809,389.924322904534,3.47174252126173
79.2812225744757,69.484498259872,5.20604624739437
7.49699883871033,75.8794671123963,3.49062058039365
584.546998931199,227.371195163079,4.04536618239867
435.330527324164,456.422994328577,4.75436379727237
657.458235522549,372.880928824172,3.23067320821709
108.966021140808,486.228989892261,4.29249190523207
627.631726472584,87.1614785434078,4.08030159533346
419.84311098599,259.338996712828,3.6846653427389
9.55227817656559,183.614109898477,3.2054673777551
64.4544545837594,124.108956900335,4.55012089389352
603.988228528547,213.237244992079,4.23397101523174
250.668957865636,223.559933077335,3.97563411052135
570.895353489066,437.174466651506,4.02847273702395
302.87007036652,139.223537699061,3.92320635097061
525.340991230491,462.330859398498,3.57161910473438
46.3249610108553,409.36942355049,3.76978096313714
202.71645423758,287.300719430261,3.82053553255276
558.629193893194,262.101486716719,3.60398827029244
185.452397415741,31.1755727476017,4.59653274203664
495.875095648936,344.226487437659,4.6759116642503
39.5498732535941,42.2013049279878,3.97437968238656
538.926623840388,141.897397055293,4.45276647049065
NA,NA,NA
661.910316411047,336.727331254423,3.50541262425645
455.902044886373,298.029245491698,3.71382655066436
12.3423176523616,492.395087123202,3.83260347232007
562.628549333884,48.164859147766,4.2340647534144
72.4206657520468,377.446281145841,4.05576036775565
229.746364073053,413.373189645095,3.90695127341932
429.198583305058,14.5232377691312,3.21201712427655
365.035764325173,292.007543952257,3.089247612049
599.975215681879,104.782444054906,4.26503211663549
394.435510449273,234.188927613334,4.14369298861823
562.263217853991,408.123577915665,4.76183369728255
152.077392287185,276.302650896396,4.52272062970547
199.937901137356,370.422214065864,4.074992372854
123.086925563517,409.867810193827,3.43061549454639
625.179006970306,315.46587711295,4.54031822917799
3.4125070723969,145.600794855627,4.33738447213951
545.120807697548,205.952853363001,4.10275115728322
32.6190675863806,490.704780326086,3.09570486386189
278.118434221181,25.6374481112064,3.89126833437706
537.274138820699,390.359292436775,3.45311284226059
74.6500927000435,79.4500280006273,5.28536414431827
4.55673760322658,72.1002424836932,3.59247153758549
588.564220950371,224.828178205686,4.04862077822056
439.926760186483,460.018421062949,4.7747855689099
660.01219746124,370.724094755961,3.02552445165495
106.982258359172,487.798457483894,4.2821822573795
624.552507511023,89.5791616957047,4.13854852943857
420.156075841518,260.368624872187,3.57984613263098
10.2577024913983,180.453298868833,3.10373168952737
72.2225372800687,107.978989737635,4.32421446534305
632.381332524824,200.432980047865,4.35080905421405
254.017328743709,217.813460242114,3.59111348014008
572.39976846173,434.028838291379,3.77971868125451
295.96815978948,135.216857133183,3.86196506189161
530.09608239599,452.305795597882,3.47126537165232
47.3097844098722,419.36123090636,3.7864043809373
203.065286742966,296.744862863978,3.9210689173195
554.685215057261,269.014543465936,3.55199464699423
165.808374472707,32.9627010992196,4.35163169850785
503.234074534274,344.776190419198,4.43043311905401
39.3066011683997,57.3782869527266,3.68421687625124
536.523632187441,143.866698843181,4.55292387666045
NA,NA,NA
661.910316411047,336.727331254423,3.50541262425645
455.902044886373,298.029245491698,3.71382655066436
12.3423176523616,492.395087123202,3.83260347232007
562.628549333884,48.164859147766,4.2340647534144
72.4206657520468,377.446281145841,4.05576036775565
229.746364073053,413.373189645095,3.90695127341932
429.198583305058,14.5232377691312,3.21201712427655
365.035764325173,292.007543952257,3.089247612049
599.975215681879,104.782444054906,4.26503211663549
394.435510449273,234.188927613334,4.14369298861823
562.263217853991,408.123577915665,4.76183369728255
152.077392287185,276.302650896396,4.52272062970547
199.937901137356,370.422214065864,4.074992372854
123.086925563517,409.867810193827,3.43061549454639
625.179006970306,315.46587711295,4.54031822917799
3.4125070723969,145.600794855627,4.33738447213951
545.120807697548,205.952853363001,4.10275115728322
32.6190675863806,490.704780326086,3.09570486386189
278.118434221181,25.6374481112064,3.89126833437706
537.274138820699,390.359292436775,3.45311284226059
74.6500927000435,79.4500280006273,5.28536414431827
4.55673760322658,72.1002424836932,3.59247153758549
588.564220950371,224.828178205686,4.04862077822056
439.926760186483,460.018421062949,4.7747855689099
660.01219746124,370.724094755961,3.02552445165495
106.982258359172,487.798457483894,4.2821822573795
624.552507511023,89.5791616957047,4.13854852943857
420.156075841518,260.368624872187,3.57984613263098
10.2577024913983,180.453298868833,3.10373168952737
72.2225372800687,107.978989737635,4.32421446534305
632.381332524824,200.432980047865,4.35080905421405
254.017328743709,217.813460242114,3.59111348014008
572.39976846173,434.028838291379,3.77971868125451
295.96815978948,135.216857133183,3.86196506189161
530.09608239599,452.305795597882,3.47126537165232
47.3097844098722,419.36123090636,3.7864043809373
203.065286742966,296.744862863978,3.9210689173195
554.685215057261,269.014543465936,3.55199464699423
165.808374472707,32.9627010992196,4.35163169850785
503.234074534274,344.776190419198,4.43043311905401
39.3066011683997,57.3782869527266,3.68421687625124
536.523632187441,143.866698843181,4.55292387666045
NA,NA,NA
661.910316411047,336.727331254423,3.50541262425645
455.902044886373,298.029245491698,3.71382655066436
12.3423176523616,492.395087123202,3.83260347232007
562.628549333884,48.164859147766,4.2340647534144
72.4206657520468,377.446281145841,4.05576036775565
229.746364073053,413.373189645095,3.90695127341932
429.198583305058,14.5232377691312,3.21201712427655
365.035764325173,292.007543952257,3.089247612049
599.975215681879,104.782444054906,4.26503211663549
394.435510449273,234.188927613334,4.14369298861823
562.263217853991,408.123577915665,4.76183369728255
152.077392287185,276.302650896396,4.52272062970547
199.937901137356,370.422214065864,4.074992372854
123.086925563517,409.867810193827,3.43061549454639
625.179006970306,315.46587711295,4.54031822917799
3.4125070723969,145.600794855627,4.33738447213951
545.120807697548,205.952853363001,4.10275115728322
32.6190675863806,490.704780326086,3.09570486386189
278.118434221181,25.6374481112064,3.89126833437706
537.274138820699,390.359292436775,3.45311284226059
74.6500927000435,79.4500280006273,5.28536414431827
4.55673760322658,72.1002424836932,3.59247153758549
588.564220950371,224.828178205686,4.04862077822056
439.926760186483,460.018421062949,4.7747855689099
660.01219746124,370.724094755961,3.02552445165495
106.982258359172,487.798457483894,4.2821822573795
624.552507511023,89.5791616957047,4.13854852943857
420.156075841518,260.368624872187,3.57984613263098
10.2577024913983,180.453298868833,3.10373168952737
72.2225372800687,107.978989737635,4.32421446534305
632.381332524824,200.432980047865,4.35080905421405
254.017328743709,217.813460242114,3.59111348014008
572.39976846173,434.028838291379,3.77971868125451
295.96815978948,135.216857133183,3.86196506189161
530.09608239599,452.305795597882,3.47126537165232
47.3097844098722,419.36123090636,3.7864043809373
203.065286742966,296.744862863978,3.9210689173195
554.685215057261,269.014543465936,3.55199464699423
165.808374472707,32.9627010992196,4.35163169850785
503.234074534274,344.776190419198,4.43043311905401
39.3066011683997,57.3782869527266,3.68421687625124
536.523632187441,143.866698843181,4.55292387666045
NA,NA,NA
661.910316411047,336.727331254423,3.50541262425645
455.902044886373,298.029245491698,3.71382655066436
12.3423176523616,492.395087123202,3.83260347232007
562.628549333884,48.164859147766,4.2340647534144
72.4206657520468,377.446281145841,4.05576036775565
229.746364073053,413.373189645095,3.90695127341932
429.198583305058,14.5232377691312,3.21201712427655
365.035764325173,292.007543952257,3.089247612049
599.975215681879,104.782444054906,4.26503211663549
394.435510449273,234.188927613334,4.14369298861823
562.263217853991,408.123577915665,4.76183369728255
152.077392287185,276.302650896396,4.52272062970547
199.937901137356,370.422214065864,4.074992372854
123.086925563517,409.867810193827,3.43061549454639
625.179006970306,315.46587711295,4.54031822917799
3.4125070723969,145.600794855627,4.33738447213951
545.120807697548,205.952853363001,4.10275115728322
32.6190675863806,490.704780326086,3.09570486386189
278.118434221181,25.6374481112064,3.89126833437706
537.274138820699,390.359292436775,3.45311284226059
74.6500927000435,79.4500280006273,5.28536414431827
4.55673760322658,72.1002424836932,3.59247153758549
588.564220950371,224.828178205686,4.04862077822056
439.926760186483,460.018421062949,4.7747855689099
660.01219746124,370.724094755961,3.02552445165495
106.982258359172,487.798457483894,4.2821822573795
624.552507511023,89.5791616957047,4.13854852943857
420.156075841518,260.368624872187,3.57984613263098
10.2577024913983,180.453298868833,3.10373168952737
72.2225372800687,107.978989737635,4.32421446534305
632.381332524824,200.432980047865,4.35080905421405
254.017328743709,217.813460242114,3.59111348014008
572.39976846173,434.028838291379,3.77971868125451
295.96815978948,135.216857133183,3.86196506189161
530.09608239599,452.305795597882,3.47126537165232
47.3097844098722,419.36123090636,3.7864043809373
203.065286742966,296.744862863978,3.9210689173195
554.685215057261,269.014543465936,3.55199464699423
165.808374472707,32.9627010992196,4.35163169850785
503.234074534274,344.776190419198,4.43043311905401
39.3066011683997,57.3782869527266,3.68421687625124
536.523632187441,143.866698843181,4.55292387666045
NA,NA,NA
661.910316411047,336.727331254423,3.50541262425645
455.902044886373,298.029245491698,3.71382655066436
12.3423176523616,492.395087123202,3.83260347232007
562.628549333884,48.164859147766,4.2340647534144
72.4206657520468,377.446281145841,4.05576036775565
229.746364073053,413.373189645095,3.90695127341932
429.198583305058,14.5232377691312,3.21201712427655
365.035764325173,292.007543952257,3.089247612049
599.975215681879,104.782444054906,4.26503211663549
394.435510449273,234.188927613334,4.14369298861823
562.263217853991,408.123577915665,4.76183369728255
152.077392287185,276.302650896396,4.52272062970547
199.937901137356,370.422214065864,4.074992372854
123.086925563517,409.867810193827,3.43061549454639
625.179006970306,315.46587711295,4.54031822917799
3.4125070723969,145.600794855627,4.33738447213951
545.120807697548,205.952853363001,4.10275115728322
32.6190675863806,490.704780326086,3.09570486386189
278.118434221181,25.6374481112064,3.89126833437706
537.274138820699,390.359292436775,3.45311284226059
74.6500927000435,79.4500280006273,5.28536414431827
4.55673760322658,72.1002424836932,3.59247153758549
588.564220950371,224.828178205686,4.04862077822056
439.926760186483,460.018421062949,4.7747855689099
660.01219746124,370.724094755961,3.02552445165495
106.982258359172,487.798457483894,4.2821822573795
624.552507511023,89.5791616957047,4.13854852943857
420.156075841518,260.368624872187,3.57984613263098
10.2577024913983,180.453298868833,3.10373168952737
72.2225372800687,107.978989737635,4.32421446534305
632.381332524824,200.432980047865,4.35080905421405
254.017328743709,217.813460242114,3.59111348014008
572.39976846173,434.028838291379,3.77971868125451
295.96815978948,135.216857133183,3.86196506189161
530.09608239599,452.305795597882,3.47126537165232
47.3097844098722,419.36123090636,3.7864043809373
203.065286742966,296.744862863978,3.9210689173195
554.685215057261,269.014543465936,3.55199464699423
165.808374472707,32.9627010992196,4.35163169850785
503.234074534274,344.776190419198,4.43043311905401
39.3066011683997,57.3782869527266,3.68421687625124
536.523632187441,143.866698843181,4.55292387666045
NA,NA,NA
661.910316411047,336.727331254423,3.50541262425645
455.902044886373,298.029245491698,3.71382655066436
12.3423176523616,492.395087123202,3.83260347232007
562.628549333884,48.164859147766,4.2340647534144
72.4206657520468,377.446281145841,4.05576036775565
229.746364073053,413.373189645095,3.90695127341932
429.198583305058,14.5232377691312,3.21201712427655
365.035764325173,292.007543952257,3.089247612049
599.975215681879,104.782444054906,4.26503211663549
394.435510449273,234.188927613334,4.14369298861823
562.263217853991,408.123577915665,4.76183369728255
152.077392287185,276.302650896396,4.52272062970547
199.937901137356,370.422214065864,4.074992372854
123.086925563517,409.867810193827,3.43061549454639
625.179006970306,315.46587711295,4.54031822917799
3.4125070723969,145.600794855627,4.33738447213951
545.120807697548,205.952853363001,4.10275115728322
32.6190675863806,490.704780326086,3.09570486386189
278.118434221181,25.6374481112064,3.89126833437706
537.274138820699,390.359292436775,3.45311284226059
74.6500927000435,79.4500280006273,5.28536414431827
4.55673760322658,72.1002424836932,3.59247153758549
588.564220950371,224.828178205686,4.04862077822056
439.926760186483,460.018421062949,4.7747855689099
660.01219746124,370.724094755961,3.02552445165495
106.982258359172,487.798457483894,4.2821822573795
624.552507511023,89.5791616957047,4.13854852943857
420.156075841518,260.368624872187,3.57984613263098
10.2577024913983,180.453298868833,3.10373168952737
72.2225372800687,107.978989737635,4.32421446534305
632.381332524824,200.432980047865,4.35080905421405
254.017328743709,217.813460242114,3.59111348014008
572.39976846173,434.028838291379,3.77971868125451
295.96815978948,135.216857133183,3.86196506189161
530.09608239599,452.305795597882,3.47126537165232
47.3097844098722,419.36123090636,3.7864043809373
203.065286742966,296.744862863978,3.9210689173195
554.685215057261,269.014543465936,3.55199464699423
165.808374472707,32.9627010992196,4.35163169850785
503.234074534274,344.776190419198,4.43043311905401
39.3066011683997,57.3782869527266,3.68421687625124
536.523632187441,143.866698843181,4.55292387666045
NA,NA,NA
661.541812548695,335.020831821917,3.5905754451884
454.925084153152,296.734653629719,3.47943001647542
12.5234288056073,493.544907317695,3.74612780052055
557.030460660026,50.6102011493389,4.24242332348842
72.8299492911376,376.734461215592,3.99701363316435
226.998631185751,415.063983641516,3.79571693788173
428.347898371666,14.6248021928805,3.46790107248356
363.979300346081,294.242155767401,2.87924031344805
602.665458143485,103.149866569181,4.26673158459747
394.242821669142,231.393615871667,4.28509228351157
568.693625327688,411.705387969808,4.68553813544102
135.801929953977,281.108581109026,4.78356849587737
200.42995962245,368.512426453024,4.07588563602798
123.229752267416,409.660846196765,3.466318286256
624.887555115281,313.146883524694,4.53914874760226
1.45414701201342,146.246877677616,4.14755821464738
536.434871595915,200.639890238377,4.2069751288414
33.5345369996036,493.756632263155,3.03562366987568
280.88679728952,22.0053145472545,4.05650469770093
532.672730171328,389.344650744319,3.40816285507751
78.3703400977514,88.0927340041352,5.06115595150243
4.08076396082692,76.4996596249917,3.40915910905551
587.368871210894,228.304216532913,3.96602108558371
442.224949238288,459.565009817657,4.73366071656062
658.399854252374,374.297410135479,3.23092463748827
102.056214940234,487.5021433513,4.32232998213761
624.484642482033,87.3560365882617,4.09825548050882
420.877263402228,259.698527635743,3.60205150313067
13.8757202233992,179.941951257783,3.23705441098363
68.24004098746,102.334239982714,4.41992059793099
590.791822087629,196.809796718999,4.28767906090571
251.360855326208,215.710979620777,3.74606108191567
571.174030919465,434.002096111049,3.73159018680008
298.217084360582,137.49359164567,3.96875839488386
530.969661101014,454.419177235647,3.52005206410804
54.1568944455193,429.627438936231,4.10517184948273
194.427882339507,281.873977886025,4.06517388628378
547.38675588643,261.586410733202,3.84070798990072
184.751187405345,23.1281618484244,4.35310046426885
508.188395460461,346.112962616566,4.825361026334
27.6216647809934,55.8577438367408,3.98916323160967
546.05979726364,148.919875373314,4.53953391966768
NA,NA,NA
661.541812548695,335.020831821917,3.5905754451884
454.925084153152,296.734653629719,3.47943001647542
12.5234288056073,493.544907317695,3.74612780052055
557.030460660026,50.6102011493389,4.24242332348842
72.8299492911376,376.734461215592,3.99701363316435
226.998631185751,415.063983641516,3.79571693788173
428.347898371666,14.6248021928805,3.46790107248356
363.979300346081,294.242155767401,2.87924031344805
602.665458143485,103.149866569181,4.26673158459747
394.242821669142,231.393615871667,4.28509228351157
568.693625327688,411.705387969808,4.68553813544102
135.801929953977,281.108581109026,4.78356849587737
200.42995962245,368.512426453024,4.07588563602798
123.229752267416,409.660846196765,3.466318286256
624.887555115281,313.146883524694,4.53914874760226
1.45414701201342,146.246877677616,4.14755821464738
536.434871595915,200.639890238377,4.2069751288414
33.5345369996036,493.756632263155,3.03562366987568
280.88679728952,22.0053145472545,4.05650469770093
532.672730171328,389.344650744319,3.40816285507751
78.3703400977514,88.0927340041352,5.06115595150243
4.08076396082692,76.4996596249917,3.40915910905551
587.368871210894,228.304216532913,3.96602108558371
442.224949238288,459.565009817657,4.73366071656062
658.399854252374,374.297410135479,3.23092463748827
102.056214940234,487.5021433513,4.32232998213761
624.484642482033,87.3560365882617,4.09825548050882
420.877263402228,259.698527635743,3.60205150313067
13.8757202233992,179.941951257783,3.23705441098363
68.24004098746,102.334239982714,4.41992059793099
590.791822087629,196.809796718999,4.28767906090571
251.360855326208,215.710979620777,3.74606108191567
571.174030919465,434.002096111049,3.73159018680008
298.217084360582,137.49359164567,3.96875839488386
530.969661101014,454.419177235647,3.52005206410804
54.1568944455193,429.627438936231,4.10517184948273
194.427882339507,281.873977886025,4.06517388628378
547.38675588643,261.586410733202,3.84070798990072
184.751187405345,23.1281618484244,4.35310046426885
508.188395460461,346.112962616566,4.825361026334
27.6216647809934,55.8577438367408,3.98916323160967
546.05979726364,148.919875373314,4.53953391966768
NA,NA,NA
661.541812548695,335.020831821917,3.5905754451884
454.925084153152,296.734653629719,3.47943001647542
12.5234288056073,493.544907317695,3.74612780052055
557.030460660026,50.6102011493389,4.24242332348842
72.8299492911376,376.734461215592,3.99701363316435
226.998631185751,415.063983641516,3.79571693788173
428.347898371666,14.6248021928805,3.46790107248356
363.979300346081,294.242155767401,2.87924031344805
602.665458143485,103.149866569181,4.26673158459747
394.242821669142,231.393615871667,4.28509228351157
568.693625327688,411.705387969808,4.68553813544102
135.801929953977,281.108581109026,4.78356849587737
200.42995962245,368.512426453024,4.07588563602798
123.229752267416,409.660846196765,3.466318286256
624.887555115281,313.146883524694,4.53914874760226
1.45414701201342,146.246877677616,4.14755821464738
536.434871595915,200.639890238377,4.2069751288414
33.5345369996036,493.756632263155,3.03562366987568
280.88679728952,22.0053145472545,4.05650469770093
532.672730171328,389.344650744319,3.40816285507751
78.3703400977514,88.0927340041352,5.06115595150243
4.08076396082692,76.4996596249917,3.40915910905551
587.368871210894,228.304216532913,3.96602108558371
442.224949238288,459.565009817657,4.73366071656062
658.399854252374,374.297410135479,3.23092463748827
102.056214940234,487.5021433513,4.32232998213761
624.484642482033,87.3560365882617,4.09825548050882
420.877263402228,259.698527635743,3.60205150313067
13.8757202233992,179.941951257783,3.23705441098363
68.24004098746,102.334239982714,4.41992059793099
590.791822087629,196.809796718999,4.28767906090571
251.360855326208,215.710979620777,3.74606108191567
571.174030919465,434.002096111049,3.73159018680008
298.217084360582,137.49359164567,3.96875839488386
530.969661101014,454.419177235647,3.52005206410804
54.1568944455193,429.627438936231,4.10517184948273
194.427882339507,281.873977886025,4.06517388628378
547.38675588643,261.586410733202,3.84070798990072
184.751187405345,23.1281618484244,4.35310046426885
508.188395460461,346.112962616566,4.825361026334
27.6216647809934,55.8577438367408,3.98916323160967
546.05979726364,148.919875373314,4.53953391966768
NA,NA,NA
661.541812548695,335.020831821917,3.5905754451884
454.925084153152,296.734653629719,3.47943001647542
12.5234288056073,493.544907317695,3.74612780052055
557.030460660026,50.6102011493389,4.24242332348842
72.8299492911376,376.734461215592,3.99701363316435
226.998631185751,415.063983641516,3.79571693788173
428.347898371666,14.6248021928805,3.46790107248356
363.979300346081,294.242155767401,2.87924031344805
602.665458143485,103.149866569181,4.26673158459747
394.242821669142,231.393615871667,4.28509228351157
568.693625327688,411.705387969808,4.68553813544102
135.801929953977,281.108581109026,4.78356849587737
200.42995962245,368.512426453024,4.07588563602798
123.229752267416,409.660846196765,3.466318286256
624.887555115281,313.146883524694,4.53914874760226
1.45414701201342,146.246877677616,4.14755821464738
536.434871595915,200.639890238377,4.2069751288414
33.5345369996036,493.756632263155,3.03562366987568
280.88679728952,22.0053145472545,4.05650469770093
532.672730171328,389.344650744319,3.40816285507751
78.3703400977514,88.0927340041352,5.06115595150243
4.08076396082692,76.4996596249917,3.40915910905551
587.368871210894,228.304216532913,3.96602108558371
442.224949238288,459.565009817657,4.73366071656062
658.399854252374,374.297410135479,3.23092463748827
102.056214940234,487.5021433513,4.32232998213761
624.484642482033,87.3560365882617,4.09825548050882
420.877263402228,259.698527635743,3.60205150313067
13.8757202233992,179.941951257783,3.23705441098363
68.24004098746,102.334239982714,4.41992059793099
590.791822087629,196.809796718999,4.28767906090571
251.360855326208,215.710979620777,3.74606108191567
571.174030919465,434.002096111049,3.73159018680008
298.217084360582,137.49359164567,3.96875839488386
530.969661101014,454.419177235647,3.52005206410804
54.1568944455193,429.627438936231,4.10517184948273
194.427882339507,281.873977886025,4.06517388628378
547.38675588643,261.586410733202,3.84070798990072
184.751187405345,23.1281618484244,4.35310046426885
508.188395460461,346.112962616566,4.825361026334
27.6216647809934,55.8577438367408,3.98916323160967
546.05979726364,148.919875373314,4.53953391966768
NA,NA,NA
661.541812548695,335.020831821917,3.5905754451884
454.925084153152,296.734653629719,3.47943001647542
12.5234288056073,493.544907317695,3.74612780052055
557.030460660026,50.6102011493389,4.24242332348842
72.8299492911376,376.734461215592,3.99701363316435
226.998631185751,415.063983641516,3.79571693788173
428.347898371666,14.6248021928805,3.46790107248356
363.979300346081,294.242155767401,2.87924031344805
602.665458143485,103.149866569181,4.26673158459747
394.242821669142,231.393615871667,4.28509228351157
568.693625327688,411.705387969808,4.68553813544102
135.801929953977,281.108581109026,4.78356849587737
200.42995962245,368.512426453024,4.07588563602798
123.229752267416,409.660846196765,3.466318286256
624.887555115281,313.146883524694,4.53914874760226
1.45414701201342,146.246877677616,4.14755821464738
536.434871595915,200.639890238377,4.2069751288414
33.5345369996036,493.756632263155,3.03562366987568
280.88679728952,22.0053145472545,4.05650469770093
532.672730171328,389.344650744319,3.40816285507751
78.3703400977514,88.0927340041352,5.06115595150243
4.08076396082692,76.4996596249917,3.40915910905551
587.368871210894,228.304216532913,3.96602108558371
442.224949238288,459.565009817657,4.73366071656062
658.399854252374,374.297410135479,3.23092463748827
102.056214940234,487.5021433513,4.32232998213761
624.484642482033,87.3560365882617,4.09825548050882
420.877263402228,259.698527635743,3.60205150313067
13.8757202233992,179.941951257783,3.23705441098363
68.24004098746,102.334239982714,4.41992059793099
590.791822087629,196.809796718999,4.28767906090571
251.360855326208,215.710979620777,3.74606108191567
571.174030919465,434.002096111049,3.73159018680008
298.217084360582,137.49359164567,3.96875839488386
530.969661101014,454.419177235647,3.52005206410804
54.1568944455193,429.627438936231,4.10517184948273
194.427882339507,281.873977886025,4.06517388628378
547.38675588643,261.586410733202,3.84070798990072
184.751187405345,23.1281618484244,4.35310046426885
508.188395460461,346.112962616566,4.825361026334
27.6216647809934,55.8577438367408,3.98916323160967
546.05979726364,148.919875373314,4.53953391966768
NA,NA,NA
661.541812548695,335.020831821917,3.5905754451884
454.925084153152,296.734653629719,3.47943001647542
12.5234288056073,493.544907317695,3.74612780052055
557.030460660026,50.6102011493389,4.24242332348842
72.8299492911376,376.734461215592,3.99701363316435
226.998631185751,415.063983641516,3.79571693788173
428.347898371666,14.6248021928805,3.46790107248356
363.979300346081,294.242155767401,2.87924031344805
602.665458143485,103.149866569181,4.26673158459747
394.242821669142,231.393615871667,4.28509228351157
568.693625327688,411.705387969808,4.68553813544102
135.801929953977,281.108581109026,4.78356849587737
200.42995962245,368.512426453024,4.07588563602798
123.229752267416,409.660846196765,3.466318286256
624.887555115281,313.146883524694,4.53914874760226
1.45414701201342,146.246877677616,4.14755821464738
536.434871595915,200.639890238377,4.2069751288414
33.5345369996036,493.756632263155,3.03562366987568
280.88679728952,22.0053145472545,4.05650469770093
532.672730171328,389.344650744319,3.40816285507751
78.3703400977514,88.0927340041352,5.06115595150243
4.08076396082692,76.4996596249917,3.40915910905551
587.368871210894,228.304216532913,3.96602108558371
442.224949238288,459.565009817657,4.73366071656062
658.399854252374,374.297410135479,3.23092463748827
102.056214940234,487.5021433513,4.32232998213761
624.484642482033,87.3560365882617,4.09825548050882
420.877263402228,259.698527635743,3.60205150313067
13.8757202233992,179.941951257783,3.23705441098363
68.24004098746,102.334239982714,4.41992059793099
590.791822087629,196.809796718999,4.28767906090571
251.360855326208,215.710979620777,3.74606108191567
571.174030919465,434.002096111049,3.73159018680008
298.217084360582,137.49359164567,3.96875839488386
530.969661101014,454.419177235647,3.52005206410804
54.1568944455193,429.627438936231,4.10517184948273
194.427882339507,281.873977886025,4.06517388628378
547.38675588643,261.586410733202,3.84070798990072
184.751187405345,23.1281618484244,4.35310046426885
508.188395460461,346.112962616566,4.825361026334
27.6216647809934,55.8577438367408,3.98916323160967
546.05979726364,148.919875373314,4.53953391966768
NA,NA,NA
662.083343400171,332.519027188758,3.51747001112451
451.314727052806,297.659182767663,3.53926787477399
13.1456752561283,489.890930479357,3.71494675143951
562.004214792476,52.7633087972754,4.15304199120135
72.5567972760269,371.074223656511,4.01690474623177
225.511057265584,413.053735370154,3.90908352233474
427.257466153459,11.9604806432628,3.2937878101289
360.813831203342,292.78930516344,2.88178219708298
603.781604988443,108.869945576257,4.28585324017753
391.488318891704,233.683513521601,4.25940541428351
568.358128602226,406.922132081353,4.71647611908251
130.704479939054,286.887629987465,4.5483862127293
199.7825895849,366.639564332938,4.07649654677791
126.502969211407,413.496054034205,3.39802316067819
631.371777662261,313.948668097104,4.60802649347033
-0.948846508626881,142.630019128434,4.26972206525416
540.162383674659,208.639243315668,4.20285325461548
35.6796966189732,492.597232738493,3.03446212367487
280.078673608208,23.1212170571179,3.84667641463254
534.61323140789,391.631160569954,3.35337423365287
69.2255509758981,78.1285757628514,5.24566930132628
5.282544001599,75.953032584184,3.52942655332822
591.963188725178,228.262263649111,4.11753207845337
436.131784562459,459.9651265036,4.79890785902631
658.46598814725,372.871212774271,3.20194718762027
103.875363679672,490.851198106998,4.40622455760474
621.693929537015,89.2928560330974,4.11708068147567
420.085196146957,255.724122828481,3.68650798966287
9.1572623314153,185.336052343081,3.39971191264302
57.8596239668808,121.723215159141,4.39841207676632
600.703087798034,181.551942470856,4.29895229987764
248.610012911144,224.11719061572,3.5315677421412
575.581578987332,442.144181327284,3.81677289893726
295.983277417247,141.284713077847,3.60920330911441
525.022311174314,457.063316744166,3.65294955254353
43.2090649503801,422.367934352037,3.63142227610855
197.692121067775,287.281868456817,4.20753883019562
541.631872244852,262.220312173544,3.53423149314356
181.08513255785,25.097604809489,3.96532499012623
500.325832739836,330.899696908882,4.58151918872569
36.7686010480572,43.0585878778234,3.63754630678062
521.120405940916,156.137800523888,4.52256122797388
NA,NA,NA
662.083343400171,332.519027188758,3.51747001112451
451.314727052806,297.659182767663,3.53926787477399
13.1456752561283,489.890930479357,3.71494675143951
562.004214792476,52.7633087972754,4.15304199120135
72.5567972760269,371.074223656511,4.01690474623177
225.511057265584,413.053735370154,3.90908352233474
427.257466153459,11.9604806432628,3.2937878101289
360.813831203342,292.78930516344,2.88178219708298
603.781604988443,108.869945576257,4.28585324017753
391.488318891704,233.683513521601,4.25940541428351
568.358128602226,406.922132081353,4.71647611908251
130.704479939054,286.887629987465,4.5483862127293
199.7825895849,366.639564332938,4.07649654677791
126.502969211407,413.496054034205,3.39802316067819
631.371777662261,313.948668097104,4.60802649347033
-0.948846508626881,142.630019128434,4.26972206525416
540.162383674659,208.639243315668,4.20285325461548
35.6796966189732,492.597232738493,3.03446212367487
280.078673608208,23.1212170571179,3.84667641463254
534.61323140789,391.631160569954,3.35337423365287
69.2255509758981,78.1285757628514,5.24566930132628
5.282544001599,75.953032584184,3.52942655332822
591.963188725178,228.262263649111,4.11753207845337
436.131784562459,459.9651265036,4.79890785902631
658.46598814725,372.871212774271,3.20194718762027
103.875363679672,490.851198106998,4.40622455760474
621.693929537015,89.2928560330974,4.11708068147567
420.085196146957,255.724122828481,3.68650798966287
9.1572623314153,185.336052343081,3.39971191264302
57.8596239668808,121.723215159141,4.39841207676632
600.703087798034,181.551942470856,4.29895229987764
248.610012911144,224.11719061572,3.5315677421412
575.581578987332,442.144181327284,3.81677289893726
295.983277417247,141.284713077847,3.60920330911441
525.022311174314,457.063316744166,3.65294955254353
43.2090649503801,422.367934352037,3.63142227610855
197.692121067775,287.281868456817,4.20753883019562
541.631872244852,262.220312173544,3.53423149314356
181.08513255785,25.097604809489,3.96532499012623
500.325832739836,330.899696908882,4.58151918872569
36.7686010480572,43.0585878778234,3.63754630678062
521.120405940916,156.137800523888,4.52256122797388
NA,NA,NA
662.083343400171,332.519027188758,3.51747001112451
451.314727052806,297.659182767663,3.53926787477399
13.1456752561283,489.890930479357,3.71494675143951
562.004214792476,52.7633087972754,4.15304199120135
72.5567972760269,371.074223656511,4.01690474623177
225.511057265584,413.053735370154,3.90908352233474
427.257466153459,11.9604806432628,3.2937878101289
360.813831203342,292.78930516344,2.88178219708298
603.781604988443,108.869945576257,4.28585324017753
391.488318891704,233.683513521601,4.25940541428351
568.358128602226,406.922132081353,4.71647611908251
130.704479939054,286.887629987465,4.5483862127293
199.7825895849,366.639564332938,4.07649654677791
126.502969211407,413.496054034205,3.39802316067819
631.371777662261,313.948668097104,4.60802649347033
-0.948846508626881,142.630019128434,4.26972206525416
540.162383674659,208.639243315668,4.20285325461548
35.6796966189732,492.597232738493,3.03446212367487
280.078673608208,23.1212170571179,3.84667641463254
534.61323140789,391.631160569954,3.35337423365287
69.2255509758981,78.1285757628514,5.24566930132628
5.282544001599,75.953032584184,3.52942655332822
591.963188725178,228.262263649111,4.11753207845337
436.131784562459,459.9651265036,4.79890785902631
658.46598814725,372.871212774271,3.20194718762027
103.875363679672,490.851198106998,4.40622455760474
621.693929537015,89.2928560330974,4.11708068147567
420.085196146957,255.724122828481,3.68650798966287
9.1572623314153,185.336052343081,3.39971191264302
57.8596239668808,121.723215159141,4.39841207676632
600.703087798034,181.551942470856,4.29895229987764
248.610012911144,224.11719061572,3.5315677421412
575.581578987332,442.144181327284,3.81677289893726
295.983277417247,141.284713077847,3.60920330911441
525.022311174314,457.063316744166,3.65294955254353
43.2090649503801,422.367934352037,3.63142227610855
197.692121067775,287.281868456817,4.20753883019562
541.631872244852,262.220312173544,3.53423149314356
181.08513255785,25.097604809489,3.96532499012623
500.325832739836,330.899696908882,4.58151918872569
36.7686010480572,43.0585878778234,3.63754630678062
521.120405940916,156.137800523888,4.52256122797388
NA,NA,NA
662.083343400171,332.519027188758,3.51747001112451
451.314727052806,297.659182767663,3.53926787477399
13.1456752561283,489.890930479357,3.71494675143951
562.004214792476,52.7633087972754,4.15304199120135
72.5567972760269,371.074223656511,4.01690474623177
225.511057265584,413.053735370154,3.90908352233474
427.257466153459,11.9604806432628,3.2937878101289
360.813831203342,292.78930516344,2.88178219708298
603.781604988443,108.869945576257,4.28585324017753
391.488318891704,233.683513521601,4.25940541428351
568.358128602226,406.922132081353,4.71647611908251
130.704479939054,286.887629987465,4.5483862127293
199.7825895849,366.639564332938,4.07649654677791
126.502969211407,413.496054034205,3.39802316067819
631.371777662261,313.948668097104,4.60802649347033
-0.948846508626881,142.630019128434,4.26972206525416
540.162383674659,208.639243315668,4.20285325461548
35.6796966189732,492.597232738493,3.03446212367487
280.078673608208,23.1212170571179,3.84667641463254
534.61323140789,391.631160569954,3.35337423365287
69.2255509758981,78.1285757628514,5.24566930132628
5.282544001599,75.953032584184,3.52942655332822
591.963188725178,228.262263649111,4.11753207845337
436.131784562459,459.9651265036,4.79890785902631
658.46598814725,372.871212774271,3.20194718762027
103.875363679672,490.851198106998,4.40622455760474
621.693929537015,89.2928560330974,4.11708068147567
420.085196146957,255.724122828481,3.68650798966287
9.1572623314153,185.336052343081,3.39971191264302
57.8596239668808,121.723215159141,4.39841207676632
600.703087798034,181.551942470856,4.29895229987764
248.610012911144,224.11719061572,3.5315677421412
575.581578987332,442.144181327284,3.81677289893726
295.983277417247,141.284713077847,3.60920330911441
525.022311174314,457.063316744166,3.65294955254353
43.2090649503801,422.367934352037,3.63142227610855
197.692121067775,287.281868456817,4.20753883019562
541.631872244852,262.220312173544,3.53423149314356
181.08513255785,25.097604809489,3.96532499012623
500.325832739836,330.899696908882,4.58151918872569
36.7686010480572,43.0585878778234,3.63754630678062
521.120405940916,156.137800523888,4.52256122797388
NA,NA,NA
662.083343400171,332.519027188758,3.51747001112451
451.314727052806,297.659182767663,3.53926787477399
13.1456752561283,489.890930479357,3.71494675143951
562.004214792476,52.7633087972754,4.15304199120135
72.5567972760269,371.074223656511,4.01690474623177
225.511057265584,413.053735370154,3.90908352233474
427.257466153459,11.9604806432628,3.2937878101289
360.813831203342,292.78930516344,2.88178219708298
603.781604988443,108.869945576257,4.28585324017753
391.488318891704,233.683513521601,4.25940541428351
568.358128602226,406.922132081353,4.71647611908251
130.704479939054,286.887629987465,4.5483862127293
199.7825895849,366.639564332938,4.07649654677791
126.502969211407,413.496054034205,3.39802316067819
631.371777662261,313.948668097104,4.60802649347033
-0.948846508626881,142.630019128434,4.26972206525416
540.162383674659,208.639243315668,4.20285325461548
35.6796966189732,492.597232738493,3.03446212367487
280.078673608208,23.1212170571179,3.84667641463254
534.61323140789,391.631160569954,3.35337423365287
69.2255509758981,78.1285757628514,5.24566930132628
5.282544001599,75.953032584184,3.52942655332822
591.963188725178,228.262263649111,4.11753207845337
436.131784562459,459.9651265036,4.79890785902631
658.46598814725,372.871212774271,3.20194718762027
103.875363679672,490.851198106998,4.40622455760474
621.693929537015,89.2928560330974,4.11708068147567
420.085196146957,255.724122828481,3.68650798966287
9.1572623314153,185.336052343081,3.39971191264302
57.8596239668808,121.723215159141,4.39841207676632
600.703087798034,181.551942470856,4.29895229987764
248.610012911144,224.11719061572,3.5315677421412
575.581578987332,442.144181327284,3.81677289893726
295.983277417247,141.284713077847,3.60920330911441
525.022311174314,457.063316744166,3.65294955254353
43.2090649503801,422.367934352037,3.63142227610855
197.692121067775,287.281868456817,4.20753883019562
541.631872244852,262.220312173544,3.53423149314356
181.08513255785,25.097604809489,3.96532499012623
500.325832739836,330.899696908882,4.58151918872569
36.7686010480572,43.0585878778234,3.63754630678062
521.120405940916,156.137800523888,4.52256122797388
NA,NA,NA
662.083343400171,332.519027188758,3.51747001112451
451.314727052806,297.659182767663,3.53926787477399
13.1456752561283,489.890930479357,3.71494675143951
562.004214792476,52.7633087972754,4.15304199120135
72.5567972760269,371.074223656511,4.01690474623177
225.511057265584,413.053735370154,3.90908352233474
427.257466153459,11.9604806432628,3.2937878101289
360.813831203342,292.78930516344,2.88178219708298
603.781604988443,108.869945576257,4.28585324017753
391.488318891704,233.683513521601,4.25940541428351
568.358128602226,406.922132081353,4.71647611908251
130.704479939054,286.887629987465,4.5483862127293
199.7825895849,366.639564332938,4.07649654677791
126.502969211407,413.496054034205,3.39802316067819
631.371777662261,313.948668097104,4.60802649347033
-0.948846508626881,142.630019128434,4.26972206525416
540.162383674659,208.639243315668,4.20285325461548
35.6796966189732,492.597232738493,3.03446212367487
280.078673608208,23.1212170571179,3.84667641463254
534.61323140789,391.631160569954,3.35337423365287
69.2255509758981,78.1285757628514,5.24566930132628
5.282544001599,75.953032584184,3.52942655332822
591.963188725178,228.262263649111,4.11753207845337
436.131784562459,459.9651265036,4.79890785902631
658.46598814725,372.871212774271,3.20194718762027
103.875363679672,490.851198106998,4.40622455760474
621.693929537015,89.2928560330974,4.11708068147567
420.085196146957,255.724122828481,3.68650798966287
9.1572623314153,185.336052343081,3.39971191264302
57.8596239668808,121.723215159141,4.39841207676632
600.703087798034,181.551942470856,4.29895229987764
248.610012911144,224.11719061572,3.5315677421412
575.581578987332,442.144181327284,3.81677289893726
295.983277417247,141.284713077847,3.60920330911441
525.022311174314,457.063316744166,3.65294955254353
43.2090649503801,422.367934352037,3.63142227610855
197.692121067775,287.281868456817,4.20753883019562
541.631872244852,262.220312173544,3.53423149314356
181.08513255785,25.097604809489,3.96532499012623
500.325832739836,330.899696908882,4.58151918872569
36.7686010480572,43.0585878778234,3.63754630678062
521.120405940916,156.137800523888,4.52256122797388
NA,NA,NA
659.462352779777,333.464530267566,3.63082424971901
455.347264965807,304.660654979679,3.79281134497864
10.879497463768,497.505938355478,3.64770977016127
560.468103090883,49.8507806388004,4.02794111925743
70.1925602570169,371.863492258933,3.91876285715
227.498121713311,416.083311985948,3.898051976942
428.995520294381,12.2421578663807,3.30107739584037
362.818439931466,293.595787997595,2.90656468362286
602.287852653702,106.238315261821,4.20487638469831
388.912447691817,229.368329160118,4.12912465254358
568.449106738268,412.953145289335,4.77326484164535
136.130088270872,278.210945658223,4.68704101483067
198.174402218368,372.248126890852,4.12293088847602
125.270318235226,411.315440169368,3.46281280372636
630.631635329448,312.920260514139,4.4969342512186
5.67508853080324,147.616528381345,4.32901456059838
543.311415535163,206.550394480616,4.2480068943661
34.4361419096124,489.142253645351,3.05652898837782
283.905312750525,22.0542887464423,3.74253232739602
536.947498301392,394.542072894029,3.48035838898276
84.1264093673323,79.5048831866636,5.11137467720549
5.65652628959471,79.5428980836249,3.33802074813276
589.522602486828,230.320528270191,3.99146324234401
434.291640352491,457.907597914711,4.92057766366388
658.527787759913,373.428390808569,3.15508002706213
105.461042347742,486.097120244048,4.2814450456113
615.774183849778,92.7324611528429,4.06766802752159
417.822711244358,258.848552012259,3.65283820682828
11.9834715270661,182.187104201565,3.3358517393066
69.5695318924069,120.126945507926,4.58473891417379
619.510591087219,201.01838720621,4.5798413493521
251.852132915373,233.467741441271,3.75719033678086
581.340904229614,439.974678527956,3.98648824624533
297.263574726298,140.776594235154,3.81403989890138
526.257493067848,458.381449503117,3.67763236955043
57.6192914694066,418.990583167034,3.8047338744241
197.55227918788,276.295239686334,3.71053019497045
550.265347920809,263.406200327005,3.82816314683723
177.59495691209,38.9339231344388,4.51416500478151
501.618232666226,349.378314823175,4.54400415245267
46.684701644712,48.0529811015426,3.64027070469836
525.976732088216,146.143361130261,4.20334282387459
NA,NA,NA
659.462352779777,333.464530267566,3.63082424971901
455.347264965807,304.660654979679,3.79281134497864
10.879497463768,497.505938355478,3.64770977016127
560.468103090883,49.8507806388004,4.02794111925743
70.1925602570169,371.863492258933,3.91876285715
227.498121713311,416.083311985948,3.898051976942
428.995520294381,12.2421578663807,3.30107739584037
362.818439931466,293.595787997595,2.90656468362286
602.287852653702,106.238315261821,4.20487638469831
388.912447691817,229.368329160118,4.12912465254358
568.449106738268,412.953145289335,4.77326484164535
136.130088270872,278.210945658223,4.68704101483067
198.174402218368,372.248126890852,4.12293088847602
125.270318235226,411.315440169368,3.46281280372636
630.631635329448,312.920260514139,4.4969342512186
5.67508853080324,147.616528381345,4.32901456059838
543.311415535163,206.550394480616,4.2480068943661
34.4361419096124,489.142253645351,3.05652898837782
283.905312750525,22.0542887464423,3.74253232739602
536.947498301392,394.542072894029,3.48035838898276
84.1264093673323,79.5048831866636,5.11137467720549
5.65652628959471,79.5428980836249,3.33802074813276
589.522602486828,230.320528270191,3.99146324234401
434.291640352491,457.907597914711,4.92057766366388
658.527787759913,373.428390808569,3.15508002706213
105.461042347742,486.097120244048,4.2814450456113
615.774183849778,92.7324611528429,4.06766802752159
417.822711244358,258.848552012259,3.65283820682828
11.9834715270661,182.187104201565,3.3358517393066
69.5695318924069,120.126945507926,4.58473891417379
619.510591087219,201.01838720621,4.5798413493521
251.852132915373,233.467741441271,3.75719033678086
581.340904229614,439.974678527956,3.98648824624533
297.263574726298,140.776594235154,3.81403989890138
526.257493067848,458.381449503117,3.67763236955043
57.6192914694066,418.990583167034,3.8047338744241
197.55227918788,276.295239686334,3.71053019497045
550.265347920809,263.406200327005,3.82816314683723
177.59495691209,38.9339231344388,4.51416500478151
501.618232666226,349.378314823175,4.54400415245267
46.684701644712,48.0529811015426,3.64027070469836
525.976732088216,146.143361130261,4.20334282387459
NA,NA,NA
659.462352779777,333.464530267566,3.63082424971901
455.347264965807,304.660654979679,3.79281134497864
10.879497463768,497.505938355478,3.64770977016127
560.468103090883,49.8507806388004,4.02794111925743
70.1925602570169,371.863492258933,3.91876285715
227.498121713311,416.083311985948,3.898051976942
428.995520294381,12.2421578663807,3.30107739584037
362.818439931466,293.595787997595,2.90656468362286
602.287852653702,106.238315261821,4.20487638469831
388.912447691817,229.368329160118,4.12912465254358
568.449106738268,412.953145289335,4.77326484164535
136.130088270872,278.210945658223,4.68704101483067
198.174402218368,372.248126890852,4.12293088847602
125.270318235226,411.315440169368,3.46281280372636
630.631635329448,312.920260514139,4.4969342512186
5.67508853080324,147.616528381345,4.32901456059838
543.311415535163,206.550394480616,4.2480068943661
34.4361419096124,489.142253645351,3.05652898837782
283.905312750525,22.0542887464423,3.74253232739602
536.947498301392,394.542072894029,3.48035838898276
84.1264093673323,79.5048831866636,5.11137467720549
5.65652628959471,79.5428980836249,3.33802074813276
589.522602486828,230.320528270191,3.99146324234401
434.291640352491,457.907597914711,4.92057766366388
658.527787759913,373.428390808569,3.15508002706213
105.461042347742,486.097120244048,4.2814450456113
615.774183849778,92.7324611528429,4.06766802752159
417.822711244358,258.848552012259,3.65283820682828
11.9834715270661,182.187104201565,3.3358517393066
69.5695318924069,120.126945507926,4.58473891417379
619.510591087219,201.01838720621,4.5798413493521
251.852132915373,233.467741441271,3.75719033678086
581.340904229614,439.974678527956,3.98648824624533
297.263574726298,140.776594235154,3.81403989890138
526.257493067848,458.381449503117,3.67763236955043
57.6192914694066,418.990583167034,3.8047338744241
197.55227918788,276.295239686334,3.71053019497045
550.265347920809,263.406200327005,3.82816314683723
177.59495691209,38.9339231344388,4.51416500478151
501.618232666226,349.378314823175,4.54400415245267
46.684701644712,48.0529811015426,3.64027070469836
525.976732088216,146.143361130261,4.20334282387459
NA,NA,NA
659.462352779777,333.464530267566,3.63082424971901
455.347264965807,304.660654979679,3.79281134497864
10.879497463768,497.505938355478,3.64770977016127
560.468103090883,49.8507806388004,4.02794111925743
70.1925602570169,371.863492258933,3.91876285715
227.498121713311,416.083311985948,3.898051976942
428.995520294381,12.2421578663807,3.30107739584037
362.818439931466,293.595787997595,2.90656468362286
602.287852653702,106.238315261821,4.20487638469831
388.912447691817,229.368329160118,4.12912465254358
568.449106738268,412.953145289335,4.77326484164535
136.130088270872,278.210945658223,4.68704101483067
198.174402218368,372.248126890852,4.12293088847602
125.270318235226,411.315440169368,3.46281280372636
630.631635329448,312.920260514139,4.4969342512186
5.67508853080324,147.616528381345,4.32901456059838
543.311415535163,206.550394480616,4.2480068943661
34.4361419096124,489.142253645351,3.05652898837782
283.905312750525,22.0542887464423,3.74253232739602
536.947498301392,394.542072894029,3.48035838898276
84.1264093673323,79.5048831866636,5.11137467720549
5.65652628959471,79.5428980836249,3.33802074813276
589.522602486828,230.320528270191,3.99146324234401
434.291640352491,457.907597914711,4.92057766366388
658.527787759913,373.428390808569,3.15508002706213
105.461042347742,486.097120244048,4.2814450456113
615.774183849778,92.7324611528429,4.06766802752159
417.822711244358,258.848552012259,3.65283820682828
11.9834715270661,182.187104201565,3.3358517393066
69.5695318924069,120.126945507926,4.58473891417379
619.510591087219,201.01838720621,4.5798413493521
251.852132915373,233.467741441271,3.75719033678086
581.340904229614,439.974678527956,3.98648824624533
297.263574726298,140.776594235154,3.81403989890138
526.257493067848,458.381449503117,3.67763236955043
57.6192914694066,418.990583167034,3.8047338744241
197.55227918788,276.295239686334,3.71053019497045
550.265347920809,263.406200327005,3.82816314683723
177.59495691209,38.9339231344388,4.51416500478151
501.618232666226,349.378314823175,4.54400415245267
46.684701644712,48.0529811015426,3.64027070469836
525.976732088216,146.143361130261,4.20334282387459
NA,NA,NA
659.462352779777,333.464530267566,3.63082424971901
455.347264965807,304.660654979679,3.79281134497864
10.879497463768,497.505938355478,3.64770977016127
560.468103090883,49.8507806388004,4.02794111925743
70.1925602570169,371.863492258933,3.91876285715
227.498121713311,416.083311985948,3.898051976942
428.995520294381,12.2421578663807,3.30107739584037
362.818439931466,293.595787997595,2.90656468362286
602.287852653702,106.238315261821,4.20487638469831
388.912447691817,229.368329160118,4.12912465254358
568.449106738268,412.953145289335,4.77326484164535
136.130088270872,278.210945658223,4.68704101483067
198.174402218368,372.248126890852,4.12293088847602
125.270318235226,411.315440169368,3.46281280372636
630.631635329448,312.920260514139,4.4969342512186
5.67508853080324,147.616528381345,4.32901456059838
543.311415535163,206.550394480616,4.2480068943661
34.4361419096124,489.142253645351,3.05652898837782
283.905312750525,22.0542887464423,3.74253232739602
536.947498301392,394.542072894029,3.48035838898276
84.1264093673323,79.5048831866636,5.11137467720549
5.65652628959471,79.5428980836249,3.33802074813276
589.522602486828,230.320528270191,3.99146324234401
434.291640352491,457.907597914711,4.92057766366388
658.527787759913,373.428390808569,3.15508002706213
105.461042347742,486.097120244048,4.2814450456113
615.774183849778,92.7324611528429,4.06766802752159
417.822711244358,258.848552012259,3.65283820682828
11.9834715270661,182.187104201565,3.3358517393066
69.5695318924069,120.126945507926,4.58473891417379
619.510591087219,201.01838720621,4.5798413493521
251.852132915373,233.467741441271,3.75719033678086
581.340904229614,439.974678527956,3.98648824624533
297.263574726298,140.776594235154,3.81403989890138
526.257493067848,458.381449503117,3.67763236955043
57.6192914694066,418.990583167034,3.8047338744241
197.55227918788,276.295239686334,3.71053019497045
550.265347920809,263.406200327005,3.82816314683723
177.59495691209,38.9339231344388,4.51416500478151
501.618232666226,349.378314823175,4.54400415245267
46.684701644712,48.0529811015426,3.64027070469836
525.976732088216,146.143361130261,4.20334282387459
NA,NA,NA
659.462352779777,333.464530267566,3.63082424971901
455.347264965807,304.660654979679,3.79281134497864
10.879497463768,497.505938355478,3.64770977016127
560.468103090883,49.8507806388004,4.02794111925743
70.1925602570169,371.863492258933,3.91876285715
227.498121713311,416.083311985948,3.898051976942
428.995520294381,12.2421578663807,3.30107739584037
362.818439931466,293.595787997595,2.90656468362286
602.287852653702,106.238315261821,4.20487638469831
388.912447691817,229.368329160118,4.12912465254358
568.449106738268,412.953145289335,4.77326484164535
136.130088270872,278.210945658223,4.68704101483067
198.174402218368,372.248126890852,4.12293088847602
125.270318235226,411.315440169368,3.46281280372636
630.631635329448,312.920260514139,4.4969342512186
5.67508853080324,147.616528381345,4.32901456059838
543.311415535163,206.550394480616,4.2480068943661
34.4361419096124,489.142253645351,3.05652898837782
283.905312750525,22.0542887464423,3.74253232739602
536.947498301392,394.542072894029,3.48035838898276
84.1264093673323,79.5048831866636,5.11137467720549
5.65652628959471,79.5428980836249,3.33802074813276
589.522602486828,230.320528270191,3.99146324234401
434.291640352491,457.907597914711,4.92057766366388
658.527787759913,373.428390808569,3.15508002706213
105.461042347742,486.097120244048,4.2814450456113
615.774183849778,92.7324611528429,4.06766802752159
417.822711244358,258.848552012259,3.65283820682828
11.9834715270661,182.187104201565,3.3358517393066
69.5695318924069,120.126945507926,4.58473891417379
619.510591087219,201.01838720621,4.5798413493521
251.852132915373,233.467741441271,3.75719033678086
581.340904229614,439.974678527956,3.98648824624533
297.263574726298,140.776594235154,3.81403989890138
526.257493067848,458.381449503117,3.67763236955043
57.6192914694066,418.990583167034,3.8047338744241
197.55227918788,276.295239686334,3.71053019497045
550.265347920809,263.406200327005,3.82816314683723
177.59495691209,38.9339231344388,4.51416500478151
501.618232666226,349.378314823175,4.54400415245267
46.684701644712,48.0529811015426,3.64027070469836
525.976732088216,146.143361130261,4.20334282387459
NA,NA,NA
659.259663706636,333.781899114418,3.47241569683395
453.952930825711,298.674277962234,3.65230218632207
7.76234375709297,495.917573720338,3.76341453774349
564.566206701421,49.5909240437681,4.17330321027973
73.9115236982978,377.526560508008,4.06911924711135
227.51147993306,412.462066388492,3.87828583504438
431.108433335201,13.0990484509013,3.25859403930486
362.040849327092,291.069455624584,3.20604641952785
606.881132300497,103.512266361082,4.23928648037168
389.485292900014,226.802932752061,4.22983409334344
568.035369429742,401.601437377593,4.70437964171396
145.894917458514,283.492952407182,4.64011507856917
202.403823351264,366.611199276065,3.95322618011161
126.392925369727,411.234713662498,3.39003740023954
628.02189231386,311.152478161832,4.55279101892661
-5.76548754459963,147.190571854461,4.18375577360721
545.20544907042,202.458696821456,4.25182944615888
32.2587369657545,491.505539945005,3.02400316113183
275.898016888725,23.5888989047389,4.07952296090355
533.630176708656,394.44704654251,3.5098065031199
67.2090722563393,77.7367254348817,5.24715067304995
3.16384970554151,76.1403600026347,3.486415183576
591.178812640944,228.20030027938,3.98480292101825
437.410940001297,457.531105381175,4.77817858639696
659.079387684302,375.446997171428,3.10935233346791
100.54209221494,486.396408549445,4.27521780915805
626.037133496406,90.4947957630682,4.05692991112415
419.552175894164,256.493801541225,3.6563100078118
11.6932814393571,182.445888427878,3.46521640654028
72.559202747765,117.68069096058,4.35076306010726
601.169419824181,207.710074643722,4.23529876913409
260.613837922461,209.904920230976,4.07878878575203
572.744721165091,436.981119280877,3.94961850686361
301.765532639255,137.726662966103,4.03461794762877
527.167973903753,462.487510633309,3.60703438612492
38.9274701744287,422.269617740793,4.03675352449772
191.944207570205,285.533584159123,3.44776771126692
558.46483107281,264.04033932315,3.7363397950682
167.313309603667,26.5787307073986,4.44721298508331
506.147014078111,351.562307137196,4.33200938058761
34.4141768770816,46.1697451432766,3.54281042950844
528.331986298445,143.592898182106,4.68905035178491
NA,NA,NA
659.259663706636,333.781899114418,3.47241569683395
453.952930825711,298.674277962234,3.65230218632207
7.76234375709297,495.917573720338,3.76341453774349
564.566206701421,49.5909240437681,4.17330321027973
73.9115236982978,377.526560508008,4.06911924711135
227.51147993306,412.462066388492,3.87828583504438
431.108433335201,13.0990484509013,3.25859403930486
362.040849327092,291.069455624584,3.20604641952785
606.881132300497,103.512266361082,4.23928648037168
389.485292900014,226.802932752061,4.22983409334344
568.035369429742,401.601437377593,4.70437964171396
145.894917458514,283.492952407182,4.64011507856917
202.403823351264,366.611199276065,3.95322618011161
126.392925369727,411.234713662498,3.39003740023954
628.02189231386,311.152478161832,4.55279101892661
-5.76548754459963,147.190571854461,4.18375577360721
545.20544907042,202.458696821456,4.25182944615888
32.2587369657545,491.505539945005,3.02400316113183
275.898016888725,23.5888989047389,4.07952296090355
533.630176708656,394.44704654251,3.5098065031199
67.2090722563393,77.7367254348817,5.24715067304995
3.16384970554151,76.1403600026347,3.486415183576
591.178812640944,228.20030027938,3.98480292101825
437.410940001297,457.531105381175,4.77817858639696
659.079387684302,375.446997171428,3.10935233346791
100.54209221494,486.396408549445,4.27521780915805
626.037133496406,90.4947957630682,4.05692991112415
419.552175894164,256.493801541225,3.6563100078118
11.6932814393571,182.445888427878,3.46521640654028
72.559202747765,117.68069096058,4.35076306010726
601.169419824181,207.710074643722,4.23529876913409
260.613837922461,209.904920230976,4.07878878575203
572.744721165091,436.981119280877,3.94961850686361
301.765532639255,137.726662966103,4.03461794762877
527.167973903753,462.487510633309,3.60703438612492
38.9274701744287,422.269617740793,4.03675352449772
191.944207570205,285.533584159123,3.44776771126692
558.46483107281,264.04033932315,3.7363397950682
167.313309603667,26.5787307073986,4.44721298508331
506.147014078111,351.562307137196,4.33200938058761
34.4141768770816,46.1697451432766,3.54281042950844
528.331986298445,143.592898182106,4.68905035178491
NA,NA,NA
659.259663706636,333.781899114418,3.47241569683395
453.952930825711,298.674277962234,3.65230218632207
7.76234375709297,495.917573720338,3.76341453774349
564.566206701421,49.5909240437681,4.17330321027973
73.9115236982978,377.526560508008,4.06911924711135
227.51147993306,412.462066388492,3.87828583504438
431.108433335201,13.0990484509013,3.25859403930486
362.040849327092,291.069455624584,3.20604641952785
606.881132300497,103.512266361082,4.23928648037168
389.485292900014,226.802932752061,4.22983409334344
568.035369429742,401.601437377593,4.70437964171396
145.894917458514,283.492952407182,4.64011507856917
202.403823351264,366.611199276065,3.95322618011161
126.392925369727,411.234713662498,3.39003740023954
628.02189231386,311.152478161832,4.55279101892661
-5.76548754459963,147.190571854461,4.18375577360721
545.20544907042,202.458696821456,4.25182944615888
32.2587369657545,491.505539945005,3.02400316113183
275.898016888725,23.5888989047389,4.07952296090355
533.630176708656,394.44704654251,3.5098065031199
67.2090722563393,77.7367254348817,5.24715067304995
3.16384970554151,76.1403600026347,3.486415183576
591.178812640944,228.20030027938,3.98480292101825
437.410940001297,457.531105381175,4.77817858639696
659.079387684302,375.446997171428,3.10935233346791
100.54209221494,486.396408549445,4.27521780915805
626.037133496406,90.4947957630682,4.05692991112415
419.552175894164,256.493801541225,3.6563100078118
11.6932814393571,182.445888427878,3.46521640654028
72.559202747765,117.68069096058,4.35076306010726
601.169419824181,207.710074643722,4.23529876913409
260.613837922461,209.904920230976,4.07878878575203
572.744721165091,436.981119280877,3.94961850686361
301.765532639255,137.726662966103,4.03461794762877
527.167973903753,462.487510633309,3.60703438612492
38.9274701744287,422.269617740793,4.03675352449772
191.944207570205,285.533584159123,3.44776771126692
558.46483107281,264.04033932315,3.7363397950682
167.313309603667,26.5787307073986,4.44721298508331
506.147014078111,351.562307137196,4.33200938058761
34.4141768770816,46.1697451432766,3.54281042950844
528.331986298445,143.592898182106,4.68905035178491
NA,NA,NA
659.259663706636,333.781899114418,3.47241569683395
453.952930825711,298.674277962234,3.65230218632207
7.76234375709297,495.917573720338,3.76341453774349
564.566206701421,49.5909240437681,4.17330321027973
73.9115236982978,377.526560508008,4.06911924711135
227.51147993306,412.462066388492,3.87828583504438
431.108433335201,13.0990484509013,3.25859403930486
362.040849327092,291.069455624584,3.20604641952785
606.881132300497,103.512266361082,4.23928648037168
389.485292900014,226.802932752061,4.22983409334344
568.035369429742,401.601437377593,4.70437964171396
145.894917458514,283.492952407182,4.64011507856917
202.403823351264,366.611199276065,3.95322618011161
126.392925369727,411.234713662498,3.39003740023954
628.02189231386,311.152478161832,4.55279101892661
-5.76548754459963,147.190571854461,4.18375577360721
545.20544907042,202.458696821456,4.25182944615888
32.2587369657545,491.505539945005,3.02400316113183
275.898016888725,23.5888989047389,4.07952296090355
533.630176708656,394.44704654251,3.5098065031199
67.2090722563393,77.7367254348817,5.24715067304995
3.16384970554151,76.1403600026347,3.486415183576
591.178812640944,228.20030027938,3.98480292101825
437.410940001297,457.531105381175,4.77817858639696
659.079387684302,375.446997171428,3.10935233346791
100.54209221494,486.396408549445,4.27521780915805
626.037133496406,90.4947957630682,4.05692991112415
419.552175894164,256.493801541225,3.6563100078118
11.6932814393571,182.445888427878,3.46521640654028
72.559202747765,117.68069096058,4.35076306010726
601.169419824181,207.710074643722,4.23529876913409
260.613837922461,209.904920230976,4.07878878575203
572.744721165091,436.981119280877,3.94961850686361
301.765532639255,137.726662966103,4.03461794762877
527.167973903753,462.487510633309,3.60703438612492
38.9274701744287,422.269617740793,4.03675352449772
191.944207570205,285.533584159123,3.44776771126692
558.46483107281,264.04033932315,3.7363397950682
167.313309603667,26.5787307073986,4.44721298508331
506.147014078111,351.562307137196,4.33200938058761
34.4141768770816,46.1697451432766,3.54281042950844
528.331986298445,143.592898182106,4.68905035178491
NA,NA,NA
659.259663706636,333.781899114418,3.47241569683395
453.952930825711,298.674277962234,3.65230218632207
7.76234375709297,495.917573720338,3.76341453774349
564.566206701421,49.5909240437681,4.17330321027973
73.9115236982978,377.526560508008,4.06911924711135
227.51147993306,412.462066388492,3.87828583504438
431.108433335201,13.0990484509013,3.25859403930486
362.040849327092,291.069455624584,3.20604641952785
606.881132300497,103.512266361082,4.23928648037168
389.485292900014,226.802932752061,4.22983409334344
568.035369429742,401.601437377593,4.70437964171396
145.894917458514,283.492952407182,4.64011507856917
202.403823351264,366.611199276065,3.95322618011161
126.392925369727,411.234713662498,3.39003740023954
628.02189231386,311.152478161832,4.55279101892661
-5.76548754459963,147.190571854461,4.18375577360721
545.20544907042,202.458696821456,4.25182944615888
32.2587369657545,491.505539945005,3.02400316113183
275.898016888725,23.5888989047389,4.07952296090355
533.630176708656,394.44704654251,3.5098065031199
67.2090722563393,77.7367254348817,5.24715067304995
3.16384970554151,76.1403600026347,3.486415183576
591.178812640944,228.20030027938,3.98480292101825
437.410940001297,457.531105381175,4.77817858639696
659.079387684302,375.446997171428,3.10935233346791
100.54209221494,486.396408549445,4.27521780915805
626.037133496406,90.4947957630682,4.05692991112415
419.552175894164,256.493801541225,3.6563100078118
11.6932814393571,182.445888427878,3.46521640654028
72.559202747765,117.68069096058,4.35076306010726
601.169419824181,207.710074643722,4.23529876913409
260.613837922461,209.904920230976,4.07878878575203
572.744721165091,436.981119280877,3.94961850686361
301.765532639255,137.726662966103,4.03461794762877
527.167973903753,462.487510633309,3.60703438612492
38.9274701744287,422.269617740793,4.03675352449772
191.944207570205,285.533584159123,3.44776771126692
558.46483107281,264.04033932315,3.7363397950682
167.313309603667,26.5787307073986,4.44721298508331
506.147014078111,351.562307137196,4.33200938058761
34.4141768770816,46.1697451432766,3.54281042950844
528.331986298445,143.592898182106,4.68905035178491
NA,NA,NA
659.259663706636,333.781899114418,3.47241569683395
453.952930825711,298.674277962234,3.65230218632207
7.76234375709297,495.917573720338,3.76341453774349
564.566206701421,49.5909240437681,4.17330321027973
73.9115236982978,377.526560508008,4.06911924711135
227.51147993306,412.462066388492,3.87828583504438
431.108433335201,13.0990484509013,3.25859403930486
362.040849327092,291.069455624584,3.20604641952785
606.881132300497,103.512266361082,4.23928648037168
389.485292900014,226.802932752061,4.22983409334344
568.035369429742,401.601437377593,4.70437964171396
145.894917458514,283.492952407182,4.64011507856917
202.403823351264,366.611199276065,3.95322618011161
126.392925369727,411.234713662498,3.39003740023954
628.02189231386,311.152478161832,4.55279101892661
-5.76548754459963,147.190571854461,4.18375577360721
545.20544907042,202.458696821456,4.25182944615888
32.2587369657545,491.505539945005,3.02400316113183
275.898016888725,23.5888989047389,4.07952296090355
533.630176708656,394.44704654251,3.5098065031199
67.2090722563393,77.7367254348817,5.24715067304995
3.16384970554151,76.1403600026347,3.486415183576
591.178812640944,228.20030027938,3.98480292101825
437.410940001297,457.531105381175,4.77817858639696
659.079387684302,375.446997171428,3.10935233346791
100.54209221494,486.396408549445,4.27521780915805
626.037133496406,90.4947957630682,4.05692991112415
419.552175894164,256.493801541225,3.6563100078118
11.6932814393571,182.445888427878,3.46521640654028
72.559202747765,117.68069096058,4.35076306010726
601.169419824181,207.710074643722,4.23529876913409
260.613837922461,209.904920230976,4.07878878575203
572.744721165091,436.981119280877,3.94961850686361
301.765532639255,137.726662966103,4.03461794762877
527.167973903753,462.487510633309,3.60703438612492
38.9274701744287,422.269617740793,4.03675352449772
191.944207570205,285.533584159123,3.44776771126692
558.46483107281,264.04033932315,3.7363397950682
167.313309603667,26.5787307073986,4.44721298508331
506.147014078111,351.562307137196,4.33200938058761
34.4141768770816,46.1697451432766,3.54281042950844
528.331986298445,143.592898182106,4.68905035178491
NA,NA,NA
662.326128350718,332.60786801636,3.40207387567586
457.009692945553,299.120632192362,3.78775617947117
9.73724003126457,494.166920623171,3.493549541754
562.094801547447,59.9192521904787,4.23046072547192
74.8900450565474,374.270694039359,4.12423883008301
224.44222476665,414.660433207997,3.96360205037187
427.402774496314,12.6139262179405,3.35314352526836
361.361588949691,293.124725772345,3.07397623689573
606.425059164783,103.118648853983,4.15564396771665
391.502971722583,227.869177857565,4.18241868262645
570.237782274925,411.616770648538,4.71788576673437
132.128341138224,286.030855333309,4.67660000556071
200.506297801927,370.950941532081,4.071548901548
126.098336828734,411.842644109938,3.48069852413736
627.545716222125,313.946351583344,4.50441518853827
0.892236061343146,147.656186070835,4.28665787398733
541.285927175992,201.849223414906,4.30812922706081
35.7094721842046,491.438508929074,2.90559978066112
285.423724323891,22.0701998589481,3.81152226042253
535.29271278799,391.74391677291,3.44251097248973
74.0058549088072,68.7379542365064,5.17806008058664
3.4451582196023,72.6074141629285,3.68020842139183
586.06194486613,226.036475091605,4.07350002466382
440.212339827416,460.093356359795,4.73181931858294
659.656845692571,374.770271775957,2.93202460481164
103.55788390726,487.282599429825,4.31498886458215
624.181082402308,92.0050848762549,4.08367179265316
417.031261476635,262.60082338863,3.56770738982659
11.1730543107053,181.806626441331,3.14666427724782
67.9293033654031,117.952033927597,4.42079131913381
615.081967903428,199.230473613915,4.25549371992451
253.5453310301,223.154250142924,3.91741144270524
574.083378729493,438.661143679031,3.79946907665976
298.546290887055,132.272447121396,4.01955028208259
530.23844810283,456.697223741827,3.7226272551189
53.277506629915,425.434910473776,3.74657239013545
200.136673564157,284.25655441446,4.10385450259629
558.428339449596,267.223540984966,3.94103385285367
165.757323836681,32.740715917996,4.42833469817725
501.775412479247,354.934160967555,4.5611201381065
47.0693775307997,57.3898136078334,3.67465460120072
543.394792151295,148.101343390495,4.54635687087433
NA,NA,NA
662.326128350718,332.60786801636,3.40207387567586
457.009692945553,299.120632192362,3.78775617947117
9.73724003126457,494.166920623171,3.493549541754
562.094801547447,59.9192521904787,4.23046072547192
74.8900450565474,374.270694039359,4.12423883008301
224.44222476665,414.660433207997,3.96360205037187
427.402774496314,12.6139262179405,3.35314352526836
361.361588949691,293.124725772345,3.07397623689573
606.425059164783,103.118648853983,4.15564396771665
391.502971722583,227.869177857565,4.18241868262645
570.237782274925,411.616770648538,4.71788576673437
132.128341138224,286.030855333309,4.67660000556071
200.506297801927,370.950941532081,4.071548901548
126.098336828734,411.842644109938,3.48069852413736
627.545716222125,313.946351583344,4.50441518853827
0.892236061343146,147.656186070835,4.28665787398733
541.285927175992,201.849223414906,4.30812922706081
35.7094721842046,491.438508929074,2.90559978066112
285.423724323891,22.0701998589481,3.81152226042253
535.29271278799,391.74391677291,3.44251097248973
74.0058549088072,68.7379542365064,5.17806008058664
3.4451582196023,72.6074141629285,3.68020842139183
586.06194486613,226.036475091605,4.07350002466382
440.212339827416,460.093356359795,4.73181931858294
659.656845692571,374.770271775957,2.93202460481164
103.55788390726,487.282599429825,4.31498886458215
624.181082402308,92.0050848762549,4.08367179265316
417.031261476635,262.60082338863,3.56770738982659
11.1730543107053,181.806626441331,3.14666427724782
67.9293033654031,117.952033927597,4.42079131913381
615.081967903428,199.230473613915,4.25549371992451
253.5453310301,223.154250142924,3.91741144270524
574.083378729493,438.661143679031,3.79946907665976
298.546290887055,132.272447121396,4.01955028208259
530.23844810283,456.697223741827,3.7226272551189
53.277506629915,425.434910473776,3.74657239013545
200.136673564157,284.25655441446,4.10385450259629
558.428339449596,267.223540984966,3.94103385285367
165.757323836681,32.740715917996,4.42833469817725
501.775412479247,354.934160967555,4.5611201381065
47.0693775307997,57.3898136078334,3.67465460120072
543.394792151295,148.101343390495,4.54635687087433
NA,NA,NA
662.326128350718,332.60786801636,3.40207387567586
457.009692945553,299.120632192362,3.78775617947117
9.73724003126457,494.166920623171,3.493549541754
562.094801547447,59.9192521904787,4.23046072547192
74.8900450565474,374.270694039359,4.12423883008301
224.44222476665,414.660433207997,3.96360205037187
427.402774496314,12.6139262179405,3.35314352526836
361.361588949691,293.124725772345,3.07397623689573
606.425059164783,103.118648853983,4.15564396771665
391.502971722583,227.869177857565,4.18241868262645
570.237782274925,411.616770648538,4.71788576673437
132.128341138224,286.030855333309,4.67660000556071
200.506297801927,370.950941532081,4.071548901548
126.098336828734,411.842644109938,3.48069852413736
627.545716222125,313.946351583344,4.50441518853827
0.892236061343146,147.656186070835,4.28665787398733
541.285927175992,201.849223414906,4.30812922706081
35.7094721842046,491.438508929074,2.90559978066112
285.423724323891,22.0701998589481,3.81152226042253
535.29271278799,391.74391677291,3.44251097248973
74.0058549088072,68.7379542365064,5.17806008058664
3.4451582196023,72.6074141629285,3.68020842139183
586.06194486613,226.036475091605,4.07350002466382
440.212339827416,460.093356359795,4.73181931858294
659.656845692571,374.770271775957,2.93202460481164
103.55788390726,487.282599429825,4.31498886458215
624.181082402308,92.0050848762549,4.08367179265316
417.031261476635,262.60082338863,3.56770738982659
11.1730543107053,181.806626441331,3.14666427724782
67.9293033654031,117.952033927597,4.42079131913381
615.081967903428,199.230473613915,4.25549371992451
253.5453310301,223.154250142924,3.91741144270524
574.083378729493,438.661143679031,3.79946907665976
298.546290887055,132.272447121396,4.01955028208259
530.23844810283,456.697223741827,3.7226272551189
53.277506629915,425.434910473776,3.74657239013545
200.136673564157,284.25655441446,4.10385450259629
558.428339449596,267.223540984966,3.94103385285367
165.757323836681,32.740715917996,4.42833469817725
501.775412479247,354.934160967555,4.5611201381065
47.0693775307997,57.3898136078334,3.67465460120072
543.394792151295,148.101343390495,4.54635687087433
NA,NA,NA
662.326128350718,332.60786801636,3.40207387567586
457.009692945553,299.120632192362,3.78775617947117
9.73724003126457,494.166920623171,3.493549541754
562.094801547447,59.9192521904787,4.23046072547192
74.8900450565474,374.270694039359,4.12423883008301
224.44222476665,414.660433207997,3.96360205037187
427.402774496314,12.6139262179405,3.35314352526836
361.361588949691,293.124725772345,3.07397623689573
606.425059164783,103.118648853983,4.15564396771665
391.502971722583,227.869177857565,4.18241868262645
570.237782274925,411.616770648538,4.71788576673437
132.128341138224,286.030855333309,4.67660000556071
200.506297801927,370.950941532081,4.071548901548
126.098336828734,411.842644109938,3.48069852413736
627.545716222125,313.946351583344,4.50441518853827
0.892236061343146,147.656186070835,4.28665787398733
541.285927175992,201.849223414906,4.30812922706081
35.7094721842046,491.438508929074,2.90559978066112
285.423724323891,22.0701998589481,3.81152226042253
535.29271278799,391.74391677291,3.44251097248973
74.0058549088072,68.7379542365064,5.17806008058664
3.4451582196023,72.6074141629285,3.68020842139183
586.06194486613,226.036475091605,4.07350002466382
440.212339827416,460.093356359795,4.73181931858294
659.656845692571,374.770271775957,2.93202460481164
103.55788390726,487.282599429825,4.31498886458215
624.181082402308,92.0050848762549,4.08367179265316
417.031261476635,262.60082338863,3.56770738982659
11.1730543107053,181.806626441331,3.14666427724782
67.9293033654031,117.952033927597,4.42079131913381
615.081967903428,199.230473613915,4.25549371992451
253.5453310301,223.154250142924,3.91741144270524
574.083378729493,438.661143679031,3.79946907665976
298.546290887055,132.272447121396,4.01955028208259
530.23844810283,456.697223741827,3.7226272551189
53.277506629915,425.434910473776,3.74657239013545
200.136673564157,284.25655441446,4.10385450259629
558.428339449596,267.223540984966,3.94103385285367
165.757323836681,32.740715917996,4.42833469817725
501.775412479247,354.934160967555,4.5611201381065
47.0693775307997,57.3898136078334,3.67465460120072
543.394792151295,148.101343390495,4.54635687087433
NA,NA,NA
662.326128350718,332.60786801636,3.40207387567586
457.009692945553,299.120632192362,3.78775617947117
9.73724003126457,494.166920623171,3.493549541754
562.094801547447,59.9192521904787,4.23046072547192
74.8900450565474,374.270694039359,4.12423883008301
224.44222476665,414.660433207997,3.96360205037187
427.402774496314,12.6139262179405,3.35314352526836
361.361588949691,293.124725772345,3.07397623689573
606.425059164783,103.118648853983,4.15564396771665
391.502971722583,227.869177857565,4.18241868262645
570.237782274925,411.616770648538,4.71788576673437
132.128341138224,286.030855333309,4.67660000556071
200.506297801927,370.950941532081,4.071548901548
126.098336828734,411.842644109938,3.48069852413736
627.545716222125,313.946351583344,4.50441518853827
0.892236061343146,147.656186070835,4.28665787398733
541.285927175992,201.849223414906,4.30812922706081
35.7094721842046,491.438508929074,2.90559978066112
285.423724323891,22.0701998589481,3.81152226042253
535.29271278799,391.74391677291,3.44251097248973
74.0058549088072,68.7379542365064,5.17806008058664
3.4451582196023,72.6074141629285,3.68020842139183
586.06194486613,226.036475091605,4.07350002466382
440.212339827416,460.093356359795,4.73181931858294
659.656845692571,374.770271775957,2.93202460481164
103.55788390726,487.282599429825,4.31498886458215
624.181082402308,92.0050848762549,4.08367179265316
417.031261476635,262.60082338863,3.56770738982659
11.1730543107053,181.806626441331,3.14666427724782
67.9293033654031,117.952033927597,4.42079131913381
615.081967903428,199.230473613915,4.25549371992451
253.5453310301,223.154250142924,3.91741144270524
574.083378729493,438.661143679031,3.79946907665976
298.546290887055,132.272447121396,4.01955028208259
530.23844810283,456.697223741827,3.7226272551189
53.277506629915,425.434910473776,3.74657239013545
200.136673564157,284.25655441446,4.10385450259629
558.428339449596,267.223540984966,3.94103385285367
165.757323836681,32.740715917996,4.42833469817725
501.775412479247,354.934160967555,4.5611201381065
47.0693775307997,57.3898136078334,3.67465460120072
543.394792151295,148.101343390495,4.54635687087433
NA,NA,NA
662.326128350718,332.60786801636,3.40207387567586
457.009692945553,299.120632192362,3.78775617947117
9.73724003126457,494.166920623171,3.493549541754
562.094801547447,59.9192521904787,4.23046072547192
74.8900450565474,374.270694039359,4.12423883008301
224.44222476665,414.660433207997,3.96360205037187
427.402774496314,12.6139262179405,3.35314352526836
361.361588949691,293.124725772345,3.07397623689573
606.425059164783,103.118648853983,4.15564396771665
391.502971722583,227.869177857565,4.18241868262645
570.237782274925,411.616770648538,4.71788576673437
132.128341138224,286.030855333309,4.67660000556071
200.506297801927,370.950941532081,4.071548901548
126.098336828734,411.842644109938,3.48069852413736
627.545716222125,313.946351583344,4.50441518853827
0.892236061343146,147.656186070835,4.28665787398733
541.285927175992,201.849223414906,4.30812922706081
35.7094721842046,491.438508929074,2.90559978066112
285.423724323891,22.0701998589481,3.81152226042253
535.29271278799,391.74391677291,3.44251097248973
74.0058549088072,68.7379542365064,5.17806008058664
3.4451582196023,72.6074141629285,3.68020842139183
586.06194486613,226.036475091605,4.07350002466382
440.212339827416,460.093356359795,4.73181931858294
659.656845692571,374.770271775957,2.93202460481164
103.55788390726,487.282599429825,4.31498886458215
624.181082402308,92.0050848762549,4.08367179265316
417.031261476635,262.60082338863,3.56770738982659
11.1730543107053,181.806626441331,3.14666427724782
67.9293033654031,117.952033927597,4.42079131913381
615.081967903428,199.230473613915,4.25549371992451
253.5453310301,223.154250142924,3.91741144270524
574.083378729493,438.661143679031,3.79946907665976
298.546290887055,132.272447121396,4.01955028208259
530.23844810283,456.697223741827,3.7226272551189
53.277506629915,425.434910473776,3.74657239013545
200.136673564157,284.25655441446,4.10385450259629
558.428339449596,267.223540984966,3.94103385285367
165.757323836681,32.740715917996,4.42833469817725
501.775412479247,354.934160967555,4.5611201381065
47.0693775307997,57.3898136078334,3.67465460120072
543.394792151295,148.101343390495,4.54635687087433
NA,NA,NA
659.209342916562,337.472785916957,3.50470390241101
456.004037393671,296.521205379778,3.73139689606148
11.3237178611537,493.929835136183,3.6436854877799
554.839559536406,49.204505474568,4.18404761151148
69.0107518603683,381.345240886941,3.93721290910351
223.407321891409,417.714863393334,3.9319857907774
429.272706861766,17.8708358960524,3.36644784175507
362.876738874538,295.354203295193,2.97048772493487
607.512612484596,113.158425981978,4.19907242509114
394.967230381893,232.22334785894,4.24683027255786
569.026400648621,405.303738820121,4.76524265208694
134.149529502818,274.15026190852,4.63862225604085
197.896202289125,371.32206192252,3.98701738677676
124.681587480232,412.734169921365,3.41627959641065
624.666074044636,314.362877070595,4.61421948770176
-2.70240044585729,151.147722808947,4.33048138826635
541.158740785612,207.675444180003,4.0744246525482
34.6410146580731,489.974278817338,3.02958905827959
278.508076622915,19.5606394019543,3.72747102609423
536.218817934417,391.30327101502,3.40266352355751
73.7303103292818,83.3354305285133,5.17982375558
4.11009242789211,75.1647304307036,3.52948719157259
593.822051693601,228.309682421518,3.99338343827264
444.106739308057,455.825801002826,4.78559109394113
658.413156464466,375.687059898351,2.9248914488599
107.92786545208,490.871377828696,4.40992067763666
620.693243999623,90.2383912608955,4.04354859994483
418.935104468381,258.758153962346,3.66103706496857
11.4235193833747,181.923956070759,2.99010902495465
61.6511547849855,110.743149602114,4.35859912516372
605.815327492171,209.079090919867,4.30711893768585
253.231359689323,219.894082659138,3.75174454744986
570.812061563734,430.653979770867,3.81593581392684
300.315769553018,135.731822515079,3.7980951343826
525.597640353787,461.00664174703,3.35237345005432
45.9631237138073,412.576887879566,3.79026187680754
202.835635567648,289.913717238228,4.34056223094675
548.34897142301,261.721994786537,3.74243097200376
187.728587656852,12.5042129771929,4.16692435665876
504.112326003864,344.607182731891,4.7088588202627
44.7609289209507,46.5330853796913,3.72083130243659
533.765891833879,150.684042020871,4.50278744954419
NA,NA,NA
659.209342916562,337.472785916957,3.50470390241101
456.004037393671,296.521205379778,3.73139689606148
11.3237178611537,493.929835136183,3.6436854877799
554.839559536406,49.204505474568,4.18404761151148
69.0107518603683,381.345240886941,3.93721290910351
223.407321891409,417.714863393334,3.9319857907774
429.272706861766,17.8708358960524,3.36644784175507
362.876738874538,295.354203295193,2.97048772493487
607.512612484596,113.158425981978,4.19907242509114
394.967230381893,232.22334785894,4.24683027255786
569.026400648621,405.303738820121,4.76524265208694
134.149529502818,274.15026190852,4.63862225604085
197.896202289125,371.32206192252,3.98701738677676
124.681587480232,412.734169921365,3.41627959641065
624.666074044636,314.362877070595,4.61421948770176
-2.70240044585729,151.147722808947,4.33048138826635
541.158740785612,207.675444180003,4.0744246525482
34.6410146580731,489.974278817338,3.02958905827959
278.508076622915,19.5606394019543,3.72747102609423
536.218817934417,391.30327101502,3.40266352355751
73.7303103292818,83.3354305285133,5.17982375558
4.11009242789211,75.1647304307036,3.52948719157259
593.822051693601,228.309682421518,3.99338343827264
444.106739308057,455.825801002826,4.78559109394113
658.413156464466,375.687059898351,2.9248914488599
107.92786545208,490.871377828696,4.40992067763666
620.693243999623,90.2383912608955,4.04354859994483
418.935104468381,258.758153962346,3.66103706496857
11.4235193833747,181.923956070759,2.99010902495465
61.6511547849855,110.743149602114,4.35859912516372
605.815327492171,209.079090919867,4.30711893768585
253.231359689323,219.894082659138,3.75174454744986
570.812061563734,430.653979770867,3.81593581392684
300.315769553018,135.731822515079,3.7980951343826
525.597640353787,461.00664174703,3.35237345005432
45.9631237138073,412.576887879566,3.79026187680754
202.835635567648,289.913717238228,4.34056223094675
548.34897142301,261.721994786537,3.74243097200376
187.728587656852,12.5042129771929,4.16692435665876
504.112326003864,344.607182731891,4.7088588202627
44.7609289209507,46.5330853796913,3.72083130243659
533.765891833879,150.684042020871,4.50278744954419
NA,NA,NA
659.209342916562,337.472785916957,3.50470390241101
456.004037393671,296.521205379778,3.73139689606148
11.3237178611537,493.929835136183,3.6436854877799
554.839559536406,49.204505474568,4.18404761151148
69.0107518603683,381.345240886941,3.93721290910351
223.407321891409,417.714863393334,3.9319857907774
429.272706861766,17.8708358960524,3.36644784175507
362.876738874538,295.354203295193,2.97048772493487
607.512612484596,113.158425981978,4.19907242509114
394.967230381893,232.22334785894,4.24683027255786
569.026400648621,405.303738820121,4.76524265208694
134.149529502818,274.15026190852,4.63862225604085
197.896202289125,371.32206192252,3.98701738677676
124.681587480232,412.734169921365,3.41627959641065
624.666074044636,314.362877070595,4.61421948770176
-2.70240044585729,151.147722808947,4.33048138826635
541.158740785612,207.675444180003,4.0744246525482
34.6410146580731,489.974278817338,3.02958905827959
278.508076622915,19.5606394019543,3.72747102609423
536.218817934417,391.30327101502,3.40266352355751
73.7303103292818,83.3354305285133,5.17982375558
4.11009242789211,75.1647304307036,3.52948719157259
593.822051693601,228.309682421518,3.99338343827264
444.106739308057,455.825801002826,4.78559109394113
658.413156464466,375.687059898351,2.9248914488599
107.92786545208,490.871377828696,4.40992067763666
620.693243999623,90.2383912608955,4.04354859994483
418.935104468381,258.758153962346,3.66103706496857
11.4235193833747,181.923956070759,2.99010902495465
61.6511547849855,110.743149602114,4.35859912516372
605.815327492171,209.079090919867,4.30711893768585
253.231359689323,219.894082659138,3.75174454744986
570.812061563734,430.653979770867,3.81593581392684
300.315769553018,135.731822515079,3.7980951343826
525.597640353787,461.00664174703,3.35237345005432
45.9631237138073,412.576887879566,3.79026187680754
202.835635567648,289.913717238228,4.34056223094675
548.34897142301,261.721994786537,3.74243097200376
187.728587656852,12.5042129771929,4.16692435665876
504.112326003864,344.607182731891,4.7088588202627
44.7609289209507,46.5330853796913,3.72083130243659
533.765891833879,150.684042020871,4.50278744954419
NA,NA,NA
659.209342916562,337.472785916957,3.50470390241101
456.004037393671,296.521205379778,3.73139689606148
11.3237178611537,493.929835136183,3.6436854877799
554.839559536406,49.204505474568,4.18404761151148
69.0107518603683,381.345240886941,3.93721290910351
223.407321891409,417.714863393334,3.9319857907774
429.272706861766,17.8708358960524,3.36644784175507
362.876738874538,295.354203295193,2.97048772493487
607.512612484596,113.158425981978,4.19907242509114
394.967230381893,232.22334785894,4.24683027255786
569.026400648621,405.303738820121,4.76524265208694
134.149529502818,274.15026190852,4.63862225604085
197.896202289125,371.32206192252,3.98701738677676
124.681587480232,412.734169921365,3.41627959641065
624.666074044636,314.362877070595,4.61421948770176
-2.70240044585729,151.147722808947,4.33048138826635
541.158740785612,207.675444180003,4.0744246525482
34.6410146580731,489.974278817338,3.02958905827959
278.508076622915,19.5606394019543,3.72747102609423
536.218817934417,391.30327101502,3.40266352355751
73.7303103292818,83.3354305285133,5.17982375558
4.11009242789211,75.1647304307036,3.52948719157259
593.822051693601,228.309682421518,3.99338343827264
444.106739308057,455.825801002826,4.78559109394113
658.413156464466,375.687059898351,2.9248914488599
107.92786545208,490.871377828696,4.40992067763666
620.693243999623,90.2383912608955,4.04354859994483
418.935104468381,258.758153962346,3.66103706496857
11.4235193833747,181.923956070759,2.99010902495465
61.6511547849855,110.743149602114,4.35859912516372
605.815327492171,209.079090919867,4.30711893768585
253.231359689323,219.894082659138,3.75174454744986
570.812061563734,430.653979770867,3.81593581392684
300.315769553018,135.731822515079,3.7980951343826
525.597640353787,461.00664174703,3.35237345005432
45.9631237138073,412.576887879566,3.79026187680754
202.835635567648,289.913717238228,4.34056223094675
548.34897142301,261.721994786537,3.74243097200376
187.728587656852,12.5042129771929,4.16692435665876
504.112326003864,344.607182731891,4.7088588202627
44.7609289209507,46.5330853796913,3.72083130243659
533.765891833879,150.684042020871,4.50278744954419
NA,NA,NA
659.209342916562,337.472785916957,3.50470390241101
456.004037393671,296.521205379778,3.73139689606148
11.3237178611537,493.929835136183,3.6436854877799
554.839559536406,49.204505474568,4.18404761151148
69.0107518603683,381.345240886941,3.93721290910351
223.407321891409,417.714863393334,3.9319857907774
429.272706861766,17.8708358960524,3.36644784175507
362.876738874538,295.354203295193,2.97048772493487
607.512612484596,113.158425981978,4.19907242509114
394.967230381893,232.22334785894,4.24683027255786
569.026400648621,405.303738820121,4.76524265208694
134.149529502818,274.15026190852,4.63862225604085
197.896202289125,371.32206192252,3.98701738677676
124.681587480232,412.734169921365,3.41627959641065
624.666074044636,314.362877070595,4.61421948770176
-2.70240044585729,151.147722808947,4.33048138826635
541.158740785612,207.675444180003,4.0744246525482
34.6410146580731,489.974278817338,3.02958905827959
278.508076622915,19.5606394019543,3.72747102609423
536.218817934417,391.30327101502,3.40266352355751
73.7303103292818,83.3354305285133,5.17982375558
4.11009242789211,75.1647304307036,3.52948719157259
593.822051693601,228.309682421518,3.99338343827264
444.106739308057,455.825801002826,4.78559109394113
658.413156464466,375.687059898351,2.9248914488599
107.92786545208,490.871377828696,4.40992067763666
620.693243999623,90.2383912608955,4.04354859994483
418.935104468381,258.758153962346,3.66103706496857
11.4235193833747,181.923956070759,2.99010902495465
61.6511547849855,110.743149602114,4.35859912516372
605.815327492171,209.079090919867,4.30711893768585
253.231359689323,219.894082659138,3.75174454744986
570.812061563734,430.653979770867,3.81593581392684
300.315769553018,135.731822515079,3.7980951343826
525.597640353787,461.00664174703,3.35237345005432
45.9631237138073,412.576887879566,3.79026187680754
202.835635567648,289.913717238228,4.34056223094675
548.34897142301,261.721994786537,3.74243097200376
187.728587656852,12.5042129771929,4.16692435665876
504.112326003864,344.607182731891,4.7088588202627
44.7609289209507,46.5330853796913,3.72083130243659
533.765891833879,150.684042020871,4.50278744954419
NA,NA,NA
659.209342916562,337.472785916957,3.50470390241101
456.004037393671,296.521205379778,3.73139689606148
11.3237178611537,493.929835136183,3.6436854877799
554.839559536406,49.204505474568,4.18404761151148
69.0107518603683,381.345240886941,3.93721290910351
223.407321891409,417.714863393334,3.9319857907774
429.272706861766,17.8708358960524,3.36644784175507
362.876738874538,295.354203295193,2.97048772493487
607.512612484596,113.158425981978,4.19907242509114
394.967230381893,232.22334785894,4.24683027255786
569.026400648621,405.303738820121,4.76524265208694
134.149529502818,274.15026190852,4.63862225604085
197.896202289125,371.32206192252,3.98701738677676
124.681587480232,412.734169921365,3.41627959641065
624.666074044636,314.362877070595,4.61421948770176
-2.70240044585729,151.147722808947,4.33048138826635
541.158740785612,207.675444180003,4.0744246525482
34.6410146580731,489.974278817338,3.02958905827959
278.508076622915,19.5606394019543,3.72747102609423
536.218817934417,391.30327101502,3.40266352355751
73.7303103292818,83.3354305285133,5.17982375558
4.11009242789211,75.1647304307036,3.52948719157259
593.822051693601,228.309682421518,3.99338343827264
444.106739308057,455.825801002826,4.78559109394113
658.413156464466,375.687059898351,2.9248914488599
107.92786545208,490.871377828696,4.40992067763666
620.693243999623,90.2383912608955,4.04354859994483
418.935104468381,258.758153962346,3.66103706496857
11.4235193833747,181.923956070759,2.99010902495465
61.6511547849855,110.743149602114,4.35859912516372
605.815327492171,209.079090919867,4.30711893768585
253.231359689323,219.894082659138,3.75174454744986
570.812061563734,430.653979770867,3.81593581392684
300.315769553018,135.731822515079,3.7980951343826
525.597640353787,461.00664174703,3.35237345005432
45.9631237138073,412.576887879566,3.79026187680754
202.835635567648,289.913717238228,4.34056223094675
548.34897142301,261.721994786537,3.74243097200376
187.728587656852,12.5042129771929,4.16692435665876
504.112326003864,344.607182731891,4.7088588202627
44.7609289209507,46.5330853796913,3.72083130243659
533.765891833879,150.684042020871,4.50278744954419
NA,NA,NA
659.331833970136,331.031559175999,3.58721728634511
455.466665217215,302.563197372547,3.66448015541182
11.7352160055082,490.112160328557,3.47430400524301
559.257917105252,55.9782498366928,4.24340582029476
70.3932386186688,378.227173583437,3.93142485586647
230.239898700443,410.472120860568,3.80638722913551
427.112837702084,11.1835965846413,3.30287565954624
360.247843903959,295.822532603791,3.04201756400853
605.75600835978,104.297601320937,4.14082110457568
394.873975707219,227.687335374158,4.1767159985181
567.2252281706,406.556229302729,4.77920748888229
140.047498809868,280.207042292695,4.5356694730808
200.494295501754,370.502576462302,4.01366658774021
124.82101133031,406.746139956908,3.47068414795343
630.279145461306,317.529265250074,4.70085678818215
5.73685829663734,149.629463718364,4.29886835725208
543.101424848233,201.643271924203,4.17212545351606
34.1979132279993,489.696735895091,2.99344508069692
279.294682228811,18.3663727053124,3.77470086516107
537.582071538382,390.442170897402,3.47665273931814
70.868465957878,73.1660878430024,5.2709541851428
4.405313722632,76.1191346001211,3.40369003446376
588.600467266589,226.099728514242,4.10100776041732
445.518731000627,457.740543424691,4.74943763261377
659.714521763742,373.349242958146,3.27829631957221
105.49861823291,484.699567138289,4.27700491185936
626.446187896262,90.2211970491719,4.02740077069305
418.821468076078,257.251624952643,3.52656114894412
13.1338259534773,182.553332289694,3.16023515547754
67.1232196905812,113.492574211533,4.47908465167558
610.564749112862,207.752714915935,4.46278996495489
249.876991773247,225.226162764531,3.82292802745725
566.885505618245,440.422898776122,3.84523933409127
306.873366248697,135.374754840743,3.73527638635656
528.161174231481,462.813291316532,3.50075772946331
46.3250841509272,429.356515858689,3.56787212884762
187.731975545758,289.839887290086,4.45280977338241
537.823540760405,261.878206671593,3.99023165277597
172.55801019645,36.5818590403564,4.35066727689082
503.327631923172,345.160202409502,4.63349451426508
39.2847105564203,50.4441681358736,3.98972651500333
539.947784909604,162.245628878335,5.095284597693
NA,NA,NA
659.331833970136,331.031559175999,3.58721728634511
455.466665217215,302.563197372547,3.66448015541182
11.7352160055082,490.112160328557,3.47430400524301
559.257917105252,55.9782498366928,4.24340582029476
70.3932386186688,378.227173583437,3.93142485586647
230.239898700443,410.472120860568,3.80638722913551
427.112837702084,11.1835965846413,3.30287565954624
360.247843903959,295.822532603791,3.04201756400853
605.75600835978,104.297601320937,4.14082110457568
394.873975707219,227.687335374158,4.1767159985181
567.2252281706,406.556229302729,4.77920748888229
140.047498809868,280.207042292695,4.5356694730808
200.494295501754,370.502576462302,4.01366658774021
124.82101133031,406.746139956908,3.47068414795343
630.279145461306,317.529265250074,4.70085678818215
5.73685829663734,149.629463718364,4.29886835725208
543.101424848233,201.643271924203,4.17212545351606
34.1979132279993,489.696735895091,2.99344508069692
279.294682228811,18.3663727053124,3.77470086516107
537.582071538382,390.442170897402,3.47665273931814
70.868465957878,73.1660878430024,5.2709541851428
4.405313722632,76.1191346001211,3.40369003446376
588.600467266589,226.099728514242,4.10100776041732
445.518731000627,457.740543424691,4.74943763261377
659.714521763742,373.349242958146,3.27829631957221
105.49861823291,484.699567138289,4.27700491185936
626.446187896262,90.2211970491719,4.02740077069305
418.821468076078,257.251624952643,3.52656114894412
13.1338259534773,182.553332289694,3.16023515547754
67.1232196905812,113.492574211533,4.47908465167558
610.564749112862,207.752714915935,4.46278996495489
249.876991773247,225.226162764531,3.82292802745725
566.885505618245,440.422898776122,3.84523933409127
306.873366248697,135.374754840743,3.73527638635656
528.161174231481,462.813291316532,3.50075772946331
46.3250841509272,429.356515858689,3.56787212884762
187.731975545758,289.839887290086,4.45280977338241
537.823540760405,261.878206671593,3.99023165277597
172.55801019645,36.5818590403564,4.35066727689082
503.327631923172,345.160202409502,4.63349451426508
39.2847105564203,50.4441681358736,3.98972651500333
539.947784909604,162.245628878335,5.095284597693
NA,NA,NA
659.331833970136,331.031559175999,3.58721728634511
455.466665217215,302.563197372547,3.66448015541182
11.7352160055082,490.112160328557,3.47430400524301
559.257917105252,55.9782498366928,4.24340582029476
70.3932386186688,378.227173583437,3.93142485586647
230.239898700443,410.472120860568,3.80638722913551
427.112837702084,11.1835965846413,3.30287565954624
360.247843903959,295.822532603791,3.04201756400853
605.75600835978,104.297601320937,4.14082110457568
394.873975707219,227.687335374158,4.1767159985181
567.2252281706,406.556229302729,4.77920748888229
140.047498809868,280.207042292695,4.5356694730808
200.494295501754,370.502576462302,4.01366658774021
124.82101133031,406.746139956908,3.47068414795343
630.279145461306,317.529265250074,4.70085678818215
5.73685829663734,149.629463718364,4.29886835725208
543.101424848233,201.643271924203,4.17212545351606
34.1979132279993,489.696735895091,2.99344508069692
279.294682228811,18.3663727053124,3.77470086516107
537.582071538382,390.442170897402,3.47665273931814
70.868465957878,73.1660878430024,5.2709541851428
4.405313722632,76.1191346001211,3.40369003446376
588.600467266589,226.099728514242,4.10100776041732
445.518731000627,457.740543424691,4.74943763261377
659.714521763742,373.349242958146,3.27829631957221
105.49861823291,484.699567138289,4.27700491185936
626.446187896262,90.2211970491719,4.02740077069305
418.821468076078,257.251624952643,3.52656114894412
13.1338259534773,182.553332289694,3.16023515547754
67.1232196905812,113.492574211533,4.47908465167558
610.564749112862,207.752714915935,4.46278996495489
249.876991773247,225.226162764531,3.82292802745725
566.885505618245,440.422898776122,3.84523933409127
306.873366248697,135.374754840743,3.73527638635656
528.161174231481,462.813291316532,3.50075772946331
46.3250841509272,429.356515858689,3.56787212884762
187.731975545758,289.839887290086,4.45280977338241
537.823540760405,261.878206671593,3.99023165277597
172.55801019645,36.5818590403564,4.35066727689082
503.327631923172,345.160202409502,4.63349451426508
39.2847105564203,50.4441681358736,3.98972651500333
539.947784909604,162.245628878335,5.095284597693
NA,NA,NA
659.331833970136,331.031559175999,3.58721728634511
455.466665217215,302.563197372547,3.66448015541182
11.7352160055082,490.112160328557,3.47430400524301
559.257917105252,55.9782498366928,4.24340582029476
70.3932386186688,378.227173583437,3.93142485586647
230.239898700443,410.472120860568,3.80638722913551
427.112837702084,11.1835965846413,3.30287565954624
360.247843903959,295.822532603791,3.04201756400853
605.75600835978,104.297601320937,4.14082110457568
394.873975707219,227.687335374158,4.1767159985181
567.2252281706,406.556229302729,4.77920748888229
140.047498809868,280.207042292695,4.5356694730808
200.494295501754,370.502576462302,4.01366658774021
124.82101133031,406.746139956908,3.47068414795343
630.279145461306,317.529265250074,4.70085678818215
5.73685829663734,149.629463718364,4.29886835725208
543.101424848233,201.643271924203,4.17212545351606
34.1979132279993,489.696735895091,2.99344508069692
279.294682228811,18.3663727053124,3.77470086516107
537.582071538382,390.442170897402,3.47665273931814
70.868465957878,73.1660878430024,5.2709541851428
4.405313722632,76.1191346001211,3.40369003446376
588.600467266589,226.099728514242,4.10100776041732
445.518731000627,457.740543424691,4.74943763261377
659.714521763742,373.349242958146,3.27829631957221
105.49861823291,484.699567138289,4.27700491185936
626.446187896262,90.2211970491719,4.02740077069305
418.821468076078,257.251624952643,3.52656114894412
13.1338259534773,182.553332289694,3.16023515547754
67.1232196905812,113.492574211533,4.47908465167558
610.564749112862,207.752714915935,4.46278996495489
249.876991773247,225.226162764531,3.82292802745725
566.885505618245,440.422898776122,3.84523933409127
306.873366248697,135.374754840743,3.73527638635656
528.161174231481,462.813291316532,3.50075772946331
46.3250841509272,429.356515858689,3.56787212884762
187.731975545758,289.839887290086,4.45280977338241
537.823540760405,261.878206671593,3.99023165277597
172.55801019645,36.5818590403564,4.35066727689082
503.327631923172,345.160202409502,4.63349451426508
39.2847105564203,50.4441681358736,3.98972651500333
539.947784909604,162.245628878335,5.095284597693
NA,NA,NA
659.331833970136,331.031559175999,3.58721728634511
455.466665217215,302.563197372547,3.66448015541182
11.7352160055082,490.112160328557,3.47430400524301
559.257917105252,55.9782498366928,4.24340582029476
70.3932386186688,378.227173583437,3.93142485586647
230.239898700443,410.472120860568,3.80638722913551
427.112837702084,11.1835965846413,3.30287565954624
360.247843903959,295.822532603791,3.04201756400853
605.75600835978,104.297601320937,4.14082110457568
394.873975707219,227.687335374158,4.1767159985181
567.2252281706,406.556229302729,4.77920748888229
140.047498809868,280.207042292695,4.5356694730808
200.494295501754,370.502576462302,4.01366658774021
124.82101133031,406.746139956908,3.47068414795343
630.279145461306,317.529265250074,4.70085678818215
5.73685829663734,149.629463718364,4.29886835725208
543.101424848233,201.643271924203,4.17212545351606
34.1979132279993,489.696735895091,2.99344508069692
279.294682228811,18.3663727053124,3.77470086516107
537.582071538382,390.442170897402,3.47665273931814
70.868465957878,73.1660878430024,5.2709541851428
4.405313722632,76.1191346001211,3.40369003446376
588.600467266589,226.099728514242,4.10100776041732
445.518731000627,457.740543424691,4.74943763261377
659.714521763742,373.349242958146,3.27829631957221
105.49861823291,484.699567138289,4.27700491185936
626.446187896262,90.2211970491719,4.02740077069305
418.821468076078,257.251624952643,3.52656114894412
13.1338259534773,182.553332289694,3.16023515547754
67.1232196905812,113.492574211533,4.47908465167558
610.564749112862,207.752714915935,4.46278996495489
249.876991773247,225.226162764531,3.82292802745725
566.885505618245,440.422898776122,3.84523933409127
306.873366248697,135.374754840743,3.73527638635656
528.161174231481,462.813291316532,3.50075772946331
46.3250841509272,429.356515858689,3.56787212884762
187.731975545758,289.839887290086,4.45280977338241
537.823540760405,261.878206671593,3.99023165277597
172.55801019645,36.5818590403564,4.35066727689082
503.327631923172,345.160202409502,4.63349451426508
39.2847105564203,50.4441681358736,3.98972651500333
539.947784909604,162.245628878335,5.095284597693
NA,NA,NA
659.331833970136,331.031559175999,3.58721728634511
455.466665217215,302.563197372547,3.66448015541182
11.7352160055082,490.112160328557,3.47430400524301
559.257917105252,55.9782498366928,4.24340582029476
70.3932386186688,378.227173583437,3.93142485586647
230.239898700443,410.472120860568,3.80638722913551
427.112837702084,11.1835965846413,3.30287565954624
360.247843903959,295.822532603791,3.04201756400853
605.75600835978,104.297601320937,4.14082110457568
394.873975707219,227.687335374158,4.1767159985181
567.2252281706,406.556229302729,4.77920748888229
140.047498809868,280.207042292695,4.5356694730808
200.494295501754,370.502576462302,4.01366658774021
124.82101133031,406.746139956908,3.47068414795343
630.279145461306,317.529265250074,4.70085678818215
5.73685829663734,149.629463718364,4.29886835725208
543.101424848233,201.643271924203,4.17212545351606
34.1979132279993,489.696735895091,2.99344508069692
279.294682228811,18.3663727053124,3.77470086516107
537.582071538382,390.442170897402,3.47665273931814
70.868465957878,73.1660878430024,5.2709541851428
4.405313722632,76.1191346001211,3.40369003446376
588.600467266589,226.099728514242,4.10100776041732
445.518731000627,457.740543424691,4.74943763261377
659.714521763742,373.349242958146,3.27829631957221
105.49861823291,484.699567138289,4.27700491185936
626.446187896262,90.2211970491719,4.02740077069305
418.821468076078,257.251624952643,3.52656114894412
13.1338259534773,182.553332289694,3.16023515547754
67.1232196905812,113.492574211533,4.47908465167558
610.564749112862,207.752714915935,4.46278996495489
249.876991773247,225.226162764531,3.82292802745725
566.885505618245,440.422898776122,3.84523933409127
306.873366248697,135.374754840743,3.73527638635656
528.161174231481,462.813291316532,3.50075772946331
46.3250841509272,429.356515858689,3.56787212884762
187.731975545758,289.839887290086,4.45280977338241
537.823540760405,261.878206671593,3.99023165277597
172.55801019645,36.5818590403564,4.35066727689082
503.327631923172,345.160202409502,4.63349451426508
39.2847105564203,50.4441681358736,3.98972651500333
539.947784909604,162.245628878335,5.095284597693
NA,NA,NA
662.586799290537,331.672827510455,3.51972774551916
454.994121876287,299.211767355987,3.51426061577934
7.90719795170049,491.062315879602,3.57301092916985
560.52787325568,54.0450343991055,4.20515531173564
65.5019033554675,379.893503356907,3.89108078199738
226.286145688924,413.655468785694,3.88259536406369
428.618252884802,11.742264954996,3.436069766607
363.589301872289,291.558601052608,2.91217401705401
608.099782751854,109.780082535886,4.25879145197094
392.5571001131,229.141103889333,4.18624642512881
572.164206817773,409.166913486178,4.77671917803087
139.376039110966,282.536601347131,4.5976542289115
199.214211445361,364.626054566064,4.12054702645173
123.799536361136,408.844750121636,3.43223229564347
624.590704739733,312.64203036087,4.71769809502262
-2.34677548076816,150.753356083375,4.15626133018971
539.933565701875,205.153982772676,4.13765426047838
34.073284787707,492.518458563745,2.88804971367112
281.902426876156,20.5519011280751,3.77232637639129
536.518969166094,395.6191995639,3.37229923468068
72.406703309227,77.767224842496,5.22388865566304
1.88418503331538,77.7360137589517,3.5326965826035
588.820210727248,226.138899086995,4.01057383908094
434.48775701115,455.299950537714,4.78637840903727
658.818987739096,375.987808065436,2.98648843471968
106.327267321635,492.126075848812,4.3377360366501
621.92485871532,92.6764006062304,4.08682321479861
424.906867776126,257.978458602196,3.71350662472966
10.3278891540435,181.586298612849,3.20601721497385
54.2498303442482,105.497953076224,4.51964460932635
601.731624057912,189.242960885349,4.10132316039082
260.469249940276,223.22617829306,3.85943231397029
577.052433370406,428.186765269507,3.61277898946379
304.338436667727,137.545048845422,4.01430057171296
528.957358997816,454.168137278559,3.80249051118779
44.2551270103998,422.960309491386,3.4668755428231
198.923803833798,281.975558219114,4.26214024788583
558.373462432246,269.858685747272,3.70723740323952
172.38874159409,10.6576676921895,4.43919270083826
497.509382793681,343.676217094583,4.24774996223104
33.8857408201364,48.65006777763,3.49144541116491
570.165131265315,148.713299056025,4.46682458060606
NA,NA,NA
662.586799290537,331.672827510455,3.51972774551916
454.994121876287,299.211767355987,3.51426061577934
7.90719795170049,491.062315879602,3.57301092916985
560.52787325568,54.0450343991055,4.20515531173564
65.5019033554675,379.893503356907,3.89108078199738
226.286145688924,413.655468785694,3.88259536406369
428.618252884802,11.742264954996,3.436069766607
363.589301872289,291.558601052608,2.91217401705401
608.099782751854,109.780082535886,4.25879145197094
392.5571001131,229.141103889333,4.18624642512881
572.164206817773,409.166913486178,4.77671917803087
139.376039110966,282.536601347131,4.5976542289115
199.214211445361,364.626054566064,4.12054702645173
123.799536361136,408.844750121636,3.43223229564347
624.590704739733,312.64203036087,4.71769809502262
-2.34677548076816,150.753356083375,4.15626133018971
539.933565701875,205.153982772676,4.13765426047838
34.073284787707,492.518458563745,2.88804971367112
281.902426876156,20.5519011280751,3.77232637639129
536.518969166094,395.6191995639,3.37229923468068
72.406703309227,77.767224842496,5.22388865566304
1.88418503331538,77.7360137589517,3.5326965826035
588.820210727248,226.138899086995,4.01057383908094
434.48775701115,455.299950537714,4.78637840903727
658.818987739096,375.987808065436,2.98648843471968
106.327267321635,492.126075848812,4.3377360366501
621.92485871532,92.6764006062304,4.08682321479861
424.906867776126,257.978458602196,3.71350662472966
10.3278891540435,181.586298612849,3.20601721497385
54.2498303442482,105.497953076224,4.51964460932635
601.731624057912,189.242960885349,4.10132316039082
260.469249940276,223.22617829306,3.85943231397029
577.052433370406,428.186765269507,3.61277898946379
304.338436667727,137.545048845422,4.01430057171296
528.957358997816,454.168137278559,3.80249051118779
44.2551270103998,422.960309491386,3.4668755428231
198.923803833798,281.975558219114,4.26214024788583
558.373462432246,269.858685747272,3.70723740323952
172.38874159409,10.6576676921895,4.43919270083826
497.509382793681,343.676217094583,4.24774996223104
33.8857408201364,48.65006777763,3.49144541116491
570.165131265315,148.713299056025,4.46682458060606
NA,NA,NA
662.586799290537,331.672827510455,3.51972774551916
454.994121876287,299.211767355987,3.51426061577934
7.90719795170049,491.062315879602,3.57301092916985
560.52787325568,54.0450343991055,4.20515531173564
65.5019033554675,379.893503356907,3.89108078199738
226.286145688924,413.655468785694,3.88259536406369
428.618252884802,11.742264954996,3.436069766607
363.589301872289,291.558601052608,2.91217401705401
608.099782751854,109.780082535886,4.25879145197094
392.5571001131,229.141103889333,4.18624642512881
572.164206817773,409.166913486178,4.77671917803087
139.376039110966,282.536601347131,4.5976542289115
199.214211445361,364.626054566064,4.12054702645173
123.799536361136,408.844750121636,3.43223229564347
624.590704739733,312.64203036087,4.71769809502262
-2.34677548076816,150.753356083375,4.15626133018971
539.933565701875,205.153982772676,4.13765426047838
34.073284787707,492.518458563745,2.88804971367112
281.902426876156,20.5519011280751,3.77232637639129
536.518969166094,395.6191995639,3.37229923468068
72.406703309227,77.767224842496,5.22388865566304
1.88418503331538,77.7360137589517,3.5326965826035
588.820210727248,226.138899086995,4.01057383908094
434.48775701115,455.299950537714,4.78637840903727
658.818987739096,375.987808065436,2.98648843471968
106.327267321635,492.126075848812,4.3377360366501
621.92485871532,92.6764006062304,4.08682321479861
424.906867776126,257.978458602196,3.71350662472966
10.3278891540435,181.586298612849,3.20601721497385
54.2498303442482,105.497953076224,4.51964460932635
601.731624057912,189.242960885349,4.10132316039082
260.469249940276,223.22617829306,3.85943231397029
577.052433370406,428.186765269507,3.61277898946379
304.338436667727,137.545048845422,4.01430057171296
528.957358997816,454.168137278559,3.80249051118779
44.2551270103998,422.960309491386,3.4668755428231
198.923803833798,281.975558219114,4.26214024788583
558.373462432246,269.858685747272,3.70723740323952
172.38874159409,10.6576676921895,4.43919270083826
497.509382793681,343.676217094583,4.24774996223104
33.8857408201364,48.65006777763,3.49144541116491
570.165131265315,148.713299056025,4.46682458060606
NA,NA,NA
662.586799290537,331.672827510455,3.51972774551916
454.994121876287,299.211767355987,3.51426061577934
7.90719795170049,491.062315879602,3.57301092916985
560.52787325568,54.0450343991055,4.20515531173564
65.5019033554675,379.893503356907,3.89108078199738
226.286145688924,413.655468785694,3.88259536406369
428.618252884802,11.742264954996,3.436069766607
363.589301872289,291.558601052608,2.91217401705401
608.099782751854,109.780082535886,4.25879145197094
392.5571001131,229.141103889333,4.18624642512881
572.164206817773,409.166913486178,4.77671917803087
139.376039110966,282.536601347131,4.5976542289115
199.214211445361,364.626054566064,4.12054702645173
123.799536361136,408.844750121636,3.43223229564347
624.590704739733,312.64203036087,4.71769809502262
-2.34677548076816,150.753356083375,4.15626133018971
539.933565701875,205.153982772676,4.13765426047838
34.073284787707,492.518458563745,2.88804971367112
281.902426876156,20.5519011280751,3.77232637639129
536.518969166094,395.6191995639,3.37229923468068
72.406703309227,77.767224842496,5.22388865566304
1.88418503331538,77.7360137589517,3.5326965826035
588.820210727248,226.138899086995,4.01057383908094
434.48775701115,455.299950537714,4.78637840903727
658.818987739096,375.987808065436,2.98648843471968
106.327267321635,492.126075848812,4.3377360366501
621.92485871532,92.6764006062304,4.08682321479861
424.906867776126,257.978458602196,3.71350662472966
10.3278891540435,181.586298612849,3.20601721497385
54.2498303442482,105.497953076224,4.51964460932635
601.731624057912,189.242960885349,4.10132316039082
260.469249940276,223.22617829306,3.85943231397029
577.052433370406,428.186765269507,3.61277898946379
304.338436667727,137.545048845422,4.01430057171296
528.957358997816,454.168137278559,3.80249051118779
44.2551270103998,422.960309491386,3.4668755428231
198.923803833798,281.975558219114,4.26214024788583
558.373462432246,269.858685747272,3.70723740323952
172.38874159409,10.6576676921895,4.43919270083826
497.509382793681,343.676217094583,4.24774996223104
33.8857408201364,48.65006777763,3.49144541116491
570.165131265315,148.713299056025,4.46682458060606
NA,NA,NA
662.586799290537,331.672827510455,3.51972774551916
454.994121876287,299.211767355987,3.51426061577934
7.90719795170049,491.062315879602,3.57301092916985
560.52787325568,54.0450343991055,4.20515531173564
65.5019033554675,379.893503356907,3.89108078199738
226.286145688924,413.655468785694,3.88259536406369
428.618252884802,11.742264954996,3.436069766607
363.589301872289,291.558601052608,2.91217401705401
608.099782751854,109.780082535886,4.25879145197094
392.5571001131,229.141103889333,4.18624642512881
572.164206817773,409.166913486178,4.77671917803087
139.376039110966,282.536601347131,4.5976542289115
199.214211445361,364.626054566064,4.12054702645173
123.799536361136,408.844750121636,3.43223229564347
624.590704739733,312.64203036087,4.71769809502262
-2.34677548076816,150.753356083375,4.15626133018971
539.933565701875,205.153982772676,4.13765426047838
34.073284787707,492.518458563745,2.88804971367112
281.902426876156,20.5519011280751,3.77232637639129
536.518969166094,395.6191995639,3.37229923468068
72.406703309227,77.767224842496,5.22388865566304
1.88418503331538,77.7360137589517,3.5326965826035
588.820210727248,226.138899086995,4.01057383908094
434.48775701115,455.299950537714,4.78637840903727
658.818987739096,375.987808065436,2.98648843471968
106.327267321635,492.126075848812,4.3377360366501
621.92485871532,92.6764006062304,4.08682321479861
424.906867776126,257.978458602196,3.71350662472966
10.3278891540435,181.586298612849,3.20601721497385
54.2498303442482,105.497953076224,4.51964460932635
601.731624057912,189.242960885349,4.10132316039082
260.469249940276,223.22617829306,3.85943231397029
577.052433370406,428.186765269507,3.61277898946379
304.338436667727,137.545048845422,4.01430057171296
528.957358997816,454.168137278559,3.80249051118779
44.2551270103998,422.960309491386,3.4668755428231
198.923803833798,281.975558219114,4.26214024788583
558.373462432246,269.858685747272,3.70723740323952
172.38874159409,10.6576676921895,4.43919270083826
497.509382793681,343.676217094583,4.24774996223104
33.8857408201364,48.65006777763,3.49144541116491
570.165131265315,148.713299056025,4.46682458060606
NA,NA,NA
662.586799290537,331.672827510455,3.51972774551916
454.994121876287,299.211767355987,3.51426061577934
7.90719795170049,491.062315879602,3.57301092916985
560.52787325568,54.0450343991055,4.20515531173564
65.5019033554675,379.893503356907,3.89108078199738
226.286145688924,413.655468785694,3.88259536406369
428.618252884802,11.742264954996,3.436069766607
363.589301872289,291.558601052608,2.91217401705401
608.099782751854,109.780082535886,4.25879145197094
392.5571001131,229.141103889333,4.18624642512881
572.164206817773,409.166913486178,4.77671917803087
139.376039110966,282.536601347131,4.5976542289115
199.214211445361,364.626054566064,4.12054702645173
123.799536361136,408.844750121636,3.43223229564347
624.590704739733,312.64203036087,4.71769809502262
-2.34677548076816,150.753356083375,4.15626133018971
539.933565701875,205.153982772676,4.13765426047838
34.073284787707,492.518458563745,2.88804971367112
281.902426876156,20.5519011280751,3.77232637639129
536.518969166094,395.6191995639,3.37229923468068
72.406703309227,77.767224842496,5.22388865566304
1.88418503331538,77.7360137589517,3.5326965826035
588.820210727248,226.138899086995,4.01057383908094
434.48775701115,455.299950537714,4.78637840903727
658.818987739096,375.987808065436,2.98648843471968
106.327267321635,492.126075848812,4.3377360366501
621.92485871532,92.6764006062304,4.08682321479861
424.906867776126,257.978458602196,3.71350662472966
10.3278891540435,181.586298612849,3.20601721497385
54.2498303442482,105.497953076224,4.51964460932635
601.731624057912,189.242960885349,4.10132316039082
260.469249940276,223.22617829306,3.85943231397029
577.052433370406,428.186765269507,3.61277898946379
304.338436667727,137.545048845422,4.01430057171296
528.957358997816,454.168137278559,3.80249051118779
44.2551270103998,422.960309491386,3.4668755428231
198.923803833798,281.975558219114,4.26214024788583
558.373462432246,269.858685747272,3.70723740323952
172.38874159409,10.6576676921895,4.43919270083826
497.509382793681,343.676217094583,4.24774996223104
33.8857408201364,48.65006777763,3.49144541116491
570.165131265315,148.713299056025,4.46682458060606
NA,NA,NA
660.206068521233,334.362450396881,3.34102767270881
456.785362986741,301.488235377736,3.45848452055152
15.4544059301651,493.882837766335,3.69584949342309
560.550735661775,53.2035590025015,4.1569161383837
76.0956662402865,374.430005247054,4.06598948690676
228.395864043304,413.692448148753,3.88247098006708
426.30765809704,12.3618409291466,3.35136403831521
362.071062651571,294.617657266228,3.04133685175138
605.028003633244,101.241917022456,4.23781843017397
391.193247555313,230.340918574229,4.19221652581416
573.433956562179,410.443371524522,4.73830710593167
132.596543839286,277.04334380727,4.48719044416358
198.059763328466,371.234998944586,4.07529454470759
127.434845325466,409.464438848715,3.33762756425288
629.5111999579,319.125186540281,4.61633797790574
6.30312045519674,145.515756724278,4.18018860514204
541.699538603905,203.974845258164,4.17547318596938
30.688922169401,493.67627220058,2.97670202572648
277.02284922845,21.7652408897283,3.88164082579574
533.338184736673,395.879360091224,3.41869875536577
80.1819837438815,80.4929244194489,5.28327948726945
9.17046487318123,80.2114325814164,3.57100187430047
585.146174871759,226.588608369249,3.95975735627319
444.766144004861,459.206834724591,4.72584333494286
658.968778704633,374.430608997824,3.14008874879558
103.984810045681,488.67367700736,4.35460738204834
623.878888561235,90.0764185990216,4.11243705887763
416.979510817027,259.250850826685,3.6101375025447
12.224750228619,182.063129954193,3.32027163526214
56.6865944152014,122.069730361225,4.5290750930313
613.372794718661,203.607078482327,4.59327112089658
245.055611070259,221.962924079239,4.0543102307941
573.979104262007,437.522015738351,3.51683310146704
302.423478174007,129.016973926426,3.99053523549336
531.974704255626,461.268434657393,3.58766561292614
45.3008135525438,410.896627457283,4.16889014525743
200.683304491973,272.08540153812,3.63390683147419
547.640594830695,259.432269379179,3.72987081365301
173.892966814235,40.0146392004281,4.28528948394179
499.420909947377,344.725062511236,4.77993874300131
42.7603756840886,48.5190022777531,3.48273148992701
530.630802269488,144.772517937628,4.94179376622272
NA,NA,NA
660.206068521233,334.362450396881,3.34102767270881
456.785362986741,301.488235377736,3.45848452055152
15.4544059301651,493.882837766335,3.69584949342309
560.550735661775,53.2035590025015,4.1569161383837
76.0956662402865,374.430005247054,4.06598948690676
228.395864043304,413.692448148753,3.88247098006708
426.30765809704,12.3618409291466,3.35136403831521
362.071062651571,294.617657266228,3.04133685175138
605.028003633244,101.241917022456,4.23781843017397
391.193247555313,230.340918574229,4.19221652581416
573.433956562179,410.443371524522,4.73830710593167
132.596543839286,277.04334380727,4.48719044416358
198.059763328466,371.234998944586,4.07529454470759
127.434845325466,409.464438848715,3.33762756425288
629.5111999579,319.125186540281,4.61633797790574
6.30312045519674,145.515756724278,4.18018860514204
541.699538603905,203.974845258164,4.17547318596938
30.688922169401,493.67627220058,2.97670202572648
277.02284922845,21.7652408897283,3.88164082579574
533.338184736673,395.879360091224,3.41869875536577
80.1819837438815,80.4929244194489,5.28327948726945
9.17046487318123,80.2114325814164,3.57100187430047
585.146174871759,226.588608369249,3.95975735627319
444.766144004861,459.206834724591,4.72584333494286
658.968778704633,374.430608997824,3.14008874879558
103.984810045681,488.67367700736,4.35460738204834
623.878888561235,90.0764185990216,4.11243705887763
416.979510817027,259.250850826685,3.6101375025447
12.224750228619,182.063129954193,3.32027163526214
56.6865944152014,122.069730361225,4.5290750930313
613.372794718661,203.607078482327,4.59327112089658
245.055611070259,221.962924079239,4.0543102307941
573.979104262007,437.522015738351,3.51683310146704
302.423478174007,129.016973926426,3.99053523549336
531.974704255626,461.268434657393,3.58766561292614
45.3008135525438,410.896627457283,4.16889014525743
200.683304491973,272.08540153812,3.63390683147419
547.640594830695,259.432269379179,3.72987081365301
173.892966814235,40.0146392004281,4.28528948394179
499.420909947377,344.725062511236,4.77993874300131
42.7603756840886,48.5190022777531,3.48273148992701
530.630802269488,144.772517937628,4.94179376622272
NA,NA,NA
660.206068521233,334.362450396881,3.34102767270881
456.785362986741,301.488235377736,3.45848452055152
15.4544059301651,493.882837766335,3.69584949342309
560.550735661775,53.2035590025015,4.1569161383837
76.0956662402865,374.430005247054,4.06598948690676
228.395864043304,413.692448148753,3.88247098006708
426.30765809704,12.3618409291466,3.35136403831521
362.071062651571,294.617657266228,3.04133685175138
605.028003633244,101.241917022456,4.23781843017397
391.193247555313,230.340918574229,4.19221652581416
573.433956562179,410.443371524522,4.73830710593167
132.596543839286,277.04334380727,4.48719044416358
198.059763328466,371.234998944586,4.07529454470759
127.434845325466,409.464438848715,3.33762756425288
629.5111999579,319.125186540281,4.61633797790574
6.30312045519674,145.515756724278,4.18018860514204
541.699538603905,203.974845258164,4.17547318596938
30.688922169401,493.67627220058,2.97670202572648
277.02284922845,21.7652408897283,3.88164082579574
533.338184736673,395.879360091224,3.41869875536577
80.1819837438815,80.4929244194489,5.28327948726945
9.17046487318123,80.2114325814164,3.57100187430047
585.146174871759,226.588608369249,3.95975735627319
444.766144004861,459.206834724591,4.72584333494286
658.968778704633,374.430608997824,3.14008874879558
103.984810045681,488.67367700736,4.35460738204834
623.878888561235,90.0764185990216,4.11243705887763
416.979510817027,259.250850826685,3.6101375025447
12.224750228619,182.063129954193,3.32027163526214
56.6865944152014,122.069730361225,4.5290750930313
613.372794718661,203.607078482327,4.59327112089658
245.055611070259,221.962924079239,4.0543102307941
573.979104262007,437.522015738351,3.51683310146704
302.423478174007,129.016973926426,3.99053523549336
531.974704255626,461.268434657393,3.58766561292614
45.3008135525438,410.896627457283,4.16889014525743
200.683304491973,272.08540153812,3.63390683147419
547.640594830695,259.432269379179,3.72987081365301
173.892966814235,40.0146392004281,4.28528948394179
499.420909947377,344.725062511236,4.77993874300131
42.7603756840886,48.5190022777531,3.48273148992701
530.630802269488,144.772517937628,4.94179376622272
NA,NA,NA
660.206068521233,334.362450396881,3.34102767270881
456.785362986741,301.488235377736,3.45848452055152
15.4544059301651,493.882837766335,3.69584949342309
560.550735661775,53.2035590025015,4.1569161383837
76.0956662402865,374.430005247054,4.06598948690676
228.395864043304,413.692448148753,3.88247098006708
426.30765809704,12.3618409291466,3.35136403831521
362.071062651571,294.617657266228,3.04133685175138
605.028003633244,101.241917022456,4.23781843017397
391.193247555313,230.340918574229,4.19221652581416
573.433956562179,410.443371524522,4.73830710593167
132.596543839286,277.04334380727,4.48719044416358
198.059763328466,371.234998944586,4.07529454470759
127.434845325466,409.464438848715,3.33762756425288
629.5111999579,319.125186540281,4.61633797790574
6.30312045519674,145.515756724278,4.18018860514204
541.699538603905,203.974845258164,4.17547318596938
30.688922169401,493.67627220058,2.97670202572648
277.02284922845,21.7652408897283,3.88164082579574
533.338184736673,395.879360091224,3.41869875536577
80.1819837438815,80.4929244194489,5.28327948726945
9.17046487318123,80.2114325814164,3.57100187430047
585.146174871759,226.588608369249,3.95975735627319
444.766144004861,459.206834724591,4.72584333494286
658.968778704633,374.430608997824,3.14008874879558
103.984810045681,488.67367700736,4.35460738204834
623.878888561235,90.0764185990216,4.11243705887763
416.979510817027,259.250850826685,3.6101375025447
12.224750228619,182.063129954193,3.32027163526214
56.6865944152014,122.069730361225,4.5290750930313
613.372794718661,203.607078482327,4.59327112089658
245.055611070259,221.962924079239,4.0543102307941
573.979104262007,437.522015738351,3.51683310146704
302.423478174007,129.016973926426,3.99053523549336
531.974704255626,461.268434657393,3.58766561292614
45.3008135525438,410.896627457283,4.16889014525743
200.683304491973,272.08540153812,3.63390683147419
547.640594830695,259.432269379179,3.72987081365301
173.892966814235,40.0146392004281,4.28528948394179
499.420909947377,344.725062511236,4.77993874300131
42.7603756840886,48.5190022777531,3.48273148992701
530.630802269488,144.772517937628,4.94179376622272
NA,NA,NA
660.206068521233,334.362450396881,3.34102767270881
456.785362986741,301.488235377736,3.45848452055152
15.4544059301651,493.882837766335,3.69584949342309
560.550735661775,53.2035590025015,4.1569161383837
76.0956662402865,374.430005247054,4.06598948690676
228.395864043304,413.692448148753,3.88247098006708
426.30765809704,12.3618409291466,3.35136403831521
362.071062651571,294.617657266228,3.04133685175138
605.028003633244,101.241917022456,4.23781843017397
391.193247555313,230.340918574229,4.19221652581416
573.433956562179,410.443371524522,4.73830710593167
132.596543839286,277.04334380727,4.48719044416358
198.059763328466,371.234998944586,4.07529454470759
127.434845325466,409.464438848715,3.33762756425288
629.5111999579,319.125186540281,4.61633797790574
6.30312045519674,145.515756724278,4.18018860514204
541.699538603905,203.974845258164,4.17547318596938
30.688922169401,493.67627220058,2.97670202572648
277.02284922845,21.7652408897283,3.88164082579574
533.338184736673,395.879360091224,3.41869875536577
80.1819837438815,80.4929244194489,5.28327948726945
9.17046487318123,80.2114325814164,3.57100187430047
585.146174871759,226.588608369249,3.95975735627319
444.766144004861,459.206834724591,4.72584333494286
658.968778704633,374.430608997824,3.14008874879558
103.984810045681,488.67367700736,4.35460738204834
623.878888561235,90.0764185990216,4.11243705887763
416.979510817027,259.250850826685,3.6101375025447
12.224750228619,182.063129954193,3.32027163526214
56.6865944152014,122.069730361225,4.5290750930313
613.372794718661,203.607078482327,4.59327112089658
245.055611070259,221.962924079239,4.0543102307941
573.979104262007,437.522015738351,3.51683310146704
302.423478174007,129.016973926426,3.99053523549336
531.974704255626,461.268434657393,3.58766561292614
45.3008135525438,410.896627457283,4.16889014525743
200.683304491973,272.08540153812,3.63390683147419
547.640594830695,259.432269379179,3.72987081365301
173.892966814235,40.0146392004281,4.28528948394179
499.420909947377,344.725062511236,4.77993874300131
42.7603756840886,48.5190022777531,3.48273148992701
530.630802269488,144.772517937628,4.94179376622272
NA,NA,NA
660.206068521233,334.362450396881,3.34102767270881
456.785362986741,301.488235377736,3.45848452055152
15.4544059301651,493.882837766335,3.69584949342309
560.550735661775,53.2035590025015,4.1569161383837
76.0956662402865,374.430005247054,4.06598948690676
228.395864043304,413.692448148753,3.88247098006708
426.30765809704,12.3618409291466,3.35136403831521
362.071062651571,294.617657266228,3.04133685175138
605.028003633244,101.241917022456,4.23781843017397
391.193247555313,230.340918574229,4.19221652581416
573.433956562179,410.443371524522,4.73830710593167
132.596543839286,277.04334380727,4.48719044416358
198.059763328466,371.234998944586,4.07529454470759
127.434845325466,409.464438848715,3.33762756425288
629.5111999579,319.125186540281,4.61633797790574
6.30312045519674,145.515756724278,4.18018860514204
541.699538603905,203.974845258164,4.17547318596938
30.688922169401,493.67627220058,2.97670202572648
277.02284922845,21.7652408897283,3.88164082579574
533.338184736673,395.879360091224,3.41869875536577
80.1819837438815,80.4929244194489,5.28327948726945
9.17046487318123,80.2114325814164,3.57100187430047
585.146174871759,226.588608369249,3.95975735627319
444.766144004861,459.206834724591,4.72584333494286
658.968778704633,374.430608997824,3.14008874879558
103.984810045681,488.67367700736,4.35460738204834
623.878888561235,90.0764185990216,4.11243705887763
416.979510817027,259.250850826685,3.6101375025447
12.224750228619,182.063129954193,3.32027163526214
56.6865944152014,122.069730361225,4.5290750930313
613.372794718661,203.607078482327,4.59327112089658
245.055611070259,221.962924079239,4.0543102307941
573.979104262007,437.522015738351,3.51683310146704
302.423478174007,129.016973926426,3.99053523549336
531.974704255626,461.268434657393,3.58766561292614
45.3008135525438,410.896627457283,4.16889014525743
200.683304491973,272.08540153812,3.63390683147419
547.640594830695,259.432269379179,3.72987081365301
173.892966814235,40.0146392004281,4.28528948394179
499.420909947377,344.725062511236,4.77993874300131
42.7603756840886,48.5190022777531,3.48273148992701
530.630802269488,144.772517937628,4.94179376622272
NA,NA,NA
665.784112648314,335.81294656132,3.52093004845138
457.576693383063,297.730143226209,3.31960056769562
15.4274885853202,493.2307656431,3.49831337338012
564.079426454843,48.4268426011209,4.15255697434751
72.9833359077003,374.890437240126,3.92158493055372
226.242886383234,413.414197866076,3.85692077296902
427.360580664179,11.2278095028192,3.35731075865231
362.221634006725,291.420258976633,2.96980249019971
603.167237654244,103.945427612663,4.18832534290186
392.534814189751,227.694478786185,4.09524994059828
570.406148817999,409.320914304514,4.71920064973697
144.395545104588,290.289342264281,4.3838610442686
198.162092756034,368.681372440409,4.1249513275536
120.062597447282,409.055765476577,3.41372049908234
627.62305368831,310.771813739818,4.47956541887306
0.293113780865709,148.110980559135,4.31488200848896
543.558756482902,206.347585789739,4.29449726177918
32.8928985872393,492.465600972592,3.01765171197508
280.267618518474,22.0397729017339,3.81067673181502
532.618806023306,391.22237513489,3.55466403468773
77.7612509409551,90.1609248421061,5.23002478679751
2.72405079283487,76.0961741532351,3.53509072406618
591.527182565071,225.584199464695,3.94363024376847
441.693974401743,460.832727182068,4.81204412574086
661.02366085492,373.125784838723,2.91216905395664
106.729997826935,486.163062031435,4.39282616036358
623.08941777437,86.9200411334974,4.06706488007239
419.51577943428,255.802046569626,3.62967170958568
11.4775408126735,180.498555702839,3.23476462658403
66.4661174078676,110.279743625777,4.4415531017385
616.05434791688,190.33775313195,4.35261939073879
249.259165535822,223.115436082569,3.7433468511286
572.663710771023,441.712509596893,3.79408323692217
299.526280766602,141.22721686006,3.93632392818084
529.022673258266,453.436068027625,3.33283761282223
38.2054373406665,418.393115596015,3.9321860855136
191.603009002272,296.531251150381,4.18188514747433
548.868824810815,267.78737449117,3.719963167704
170.035514425546,28.7512213658002,4.0958172331077
493.952735405662,339.529521346726,4.38212561837232
55.9467004996022,66.034655999498,3.74909049818452
541.241911221801,156.367200417375,4.87656898675888
NA,NA,NA
665.784112648314,335.81294656132,3.52093004845138
457.576693383063,297.730143226209,3.31960056769562
15.4274885853202,493.2307656431,3.49831337338012
564.079426454843,48.4268426011209,4.15255697434751
72.9833359077003,374.890437240126,3.92158493055372
226.242886383234,413.414197866076,3.85692077296902
427.360580664179,11.2278095028192,3.35731075865231
362.221634006725,291.420258976633,2.96980249019971
603.167237654244,103.945427612663,4.18832534290186
392.534814189751,227.694478786185,4.09524994059828
570.406148817999,409.320914304514,4.71920064973697
144.395545104588,290.289342264281,4.3838610442686
198.162092756034,368.681372440409,4.1249513275536
120.062597447282,409.055765476577,3.41372049908234
627.62305368831,310.771813739818,4.47956541887306
0.293113780865709,148.110980559135,4.31488200848896
543.558756482902,206.347585789739,4.29449726177918
32.8928985872393,492.465600972592,3.01765171197508
280.267618518474,22.0397729017339,3.81067673181502
532.618806023306,391.22237513489,3.55466403468773
77.7612509409551,90.1609248421061,5.23002478679751
2.72405079283487,76.0961741532351,3.53509072406618
591.527182565071,225.584199464695,3.94363024376847
441.693974401743,460.832727182068,4.81204412574086
661.02366085492,373.125784838723,2.91216905395664
106.729997826935,486.163062031435,4.39282616036358
623.08941777437,86.9200411334974,4.06706488007239
419.51577943428,255.802046569626,3.62967170958568
11.4775408126735,180.498555702839,3.23476462658403
66.4661174078676,110.279743625777,4.4415531017385
616.05434791688,190.33775313195,4.35261939073879
249.259165535822,223.115436082569,3.7433468511286
572.663710771023,441.712509596893,3.79408323692217
299.526280766602,141.22721686006,3.93632392818084
529.022673258266,453.436068027625,3.33283761282223
38.2054373406665,418.393115596015,3.9321860855136
191.603009002272,296.531251150381,4.18188514747433
548.868824810815,267.78737449117,3.719963167704
170.035514425546,28.7512213658002,4.0958172331077
493.952735405662,339.529521346726,4.38212561837232
55.9467004996022,66.034655999498,3.74909049818452
541.241911221801,156.367200417375,4.87656898675888
NA,NA,NA
665.784112648314,335.81294656132,3.52093004845138
457.576693383063,297.730143226209,3.31960056769562
15.4274885853202,493.2307656431,3.49831337338012
564.079426454843,48.4268426011209,4.15255697434751
72.9833359077003,374.890437240126,3.92158493055372
226.242886383234,413.414197866076,3.85692077296902
427.360580664179,11.2278095028192,3.35731075865231
362.221634006725,291.420258976633,2.96980249019971
603.167237654244,103.945427612663,4.18832534290186
392.534814189751,227.694478786185,4.09524994059828
570.406148817999,409.320914304514,4.71920064973697
144.395545104588,290.289342264281,4.3838610442686
198.162092756034,368.681372440409,4.1249513275536
120.062597447282,409.055765476577,3.41372049908234
627.62305368831,310.771813739818,4.47956541887306
0.293113780865709,148.110980559135,4.31488200848896
543.558756482902,206.347585789739,4.29449726177918
32.8928985872393,492.465600972592,3.01765171197508
280.267618518474,22.0397729017339,3.81067673181502
532.618806023306,391.22237513489,3.55466403468773
77.7612509409551,90.1609248421061,5.23002478679751
2.72405079283487,76.0961741532351,3.53509072406618
591.527182565071,225.584199464695,3.94363024376847
441.693974401743,460.832727182068,4.81204412574086
661.02366085492,373.125784838723,2.91216905395664
106.729997826935,486.163062031435,4.39282616036358
623.08941777437,86.9200411334974,4.06706488007239
419.51577943428,255.802046569626,3.62967170958568
11.4775408126735,180.498555702839,3.23476462658403
66.4661174078676,110.279743625777,4.4415531017385
616.05434791688,190.33775313195,4.35261939073879
249.259165535822,223.115436082569,3.7433468511286
572.663710771023,441.712509596893,3.79408323692217
299.526280766602,141.22721686006,3.93632392818084
529.022673258266,453.436068027625,3.33283761282223
38.2054373406665,418.393115596015,3.9321860855136
191.603009002272,296.531251150381,4.18188514747433
548.868824810815,267.78737449117,3.719963167704
170.035514425546,28.7512213658002,4.0958172331077
493.952735405662,339.529521346726,4.38212561837232
55.9467004996022,66.034655999498,3.74909049818452
541.241911221801,156.367200417375,4.87656898675888
NA,NA,NA
665.784112648314,335.81294656132,3.52093004845138
457.576693383063,297.730143226209,3.31960056769562
15.4274885853202,493.2307656431,3.49831337338012
564.079426454843,48.4268426011209,4.15255697434751
72.9833359077003,374.890437240126,3.92158493055372
226.242886383234,413.414197866076,3.85692077296902
427.360580664179,11.2278095028192,3.35731075865231
362.221634006725,291.420258976633,2.96980249019971
603.167237654244,103.945427612663,4.18832534290186
392.534814189751,227.694478786185,4.09524994059828
570.406148817999,409.320914304514,4.71920064973697
144.395545104588,290.289342264281,4.3838610442686
198.162092756034,368.681372440409,4.1249513275536
120.062597447282,409.055765476577,3.41372049908234
627.62305368831,310.771813739818,4.47956541887306
0.293113780865709,148.110980559135,4.31488200848896
543.558756482902,206.347585789739,4.29449726177918
32.8928985872393,492.465600972592,3.01765171197508
280.267618518474,22.0397729017339,3.81067673181502
532.618806023306,391.22237513489,3.55466403468773
77.7612509409551,90.1609248421061,5.23002478679751
2.72405079283487,76.0961741532351,3.53509072406618
591.527182565071,225.584199464695,3.94363024376847
441.693974401743,460.832727182068,4.81204412574086
661.02366085492,373.125784838723,2.91216905395664
106.729997826935,486.163062031435,4.39282616036358
623.08941777437,86.9200411334974,4.06706488007239
419.51577943428,255.802046569626,3.62967170958568
11.4775408126735,180.498555702839,3.23476462658403
66.4661174078676,110.279743625777,4.4415531017385
616.05434791688,190.33775313195,4.35261939073879
249.259165535822,223.115436082569,3.7433468511286
572.663710771023,441.712509596893,3.79408323692217
299.526280766602,141.22721686006,3.93632392818084
529.022673258266,453.436068027625,3.33283761282223
38.2054373406665,418.393115596015,3.9321860855136
191.603009002272,296.531251150381,4.18188514747433
548.868824810815,267.78737449117,3.719963167704
170.035514425546,28.7512213658002,4.0958172331077
493.952735405662,339.529521346726,4.38212561837232
55.9467004996022,66.034655999498,3.74909049818452
541.241911221801,156.367200417375,4.87656898675888
NA,NA,NA
665.784112648314,335.81294656132,3.52093004845138
457.576693383063,297.730143226209,3.31960056769562
15.4274885853202,493.2307656431,3.49831337338012
564.079426454843,48.4268426011209,4.15255697434751
72.9833359077003,374.890437240126,3.92158493055372
226.242886383234,413.414197866076,3.85692077296902
427.360580664179,11.2278095028192,3.35731075865231
362.221634006725,291.420258976633,2.96980249019971
603.167237654244,103.945427612663,4.18832534290186
392.534814189751,227.694478786185,4.09524994059828
570.406148817999,409.320914304514,4.71920064973697
144.395545104588,290.289342264281,4.3838610442686
198.162092756034,368.681372440409,4.1249513275536
120.062597447282,409.055765476577,3.41372049908234
627.62305368831,310.771813739818,4.47956541887306
0.293113780865709,148.110980559135,4.31488200848896
543.558756482902,206.347585789739,4.29449726177918
32.8928985872393,492.465600972592,3.01765171197508
280.267618518474,22.0397729017339,3.81067673181502
532.618806023306,391.22237513489,3.55466403468773
77.7612509409551,90.1609248421061,5.23002478679751
2.72405079283487,76.0961741532351,3.53509072406618
591.527182565071,225.584199464695,3.94363024376847
441.693974401743,460.832727182068,4.81204412574086
661.02366085492,373.125784838723,2.91216905395664
106.729997826935,486.163062031435,4.39282616036358
623.08941777437,86.9200411334974,4.06706488007239
419.51577943428,255.802046569626,3.62967170958568
11.4775408126735,180.498555702839,3.23476462658403
66.4661174078676,110.279743625777,4.4415531017385
616.05434791688,190.33775313195,4.35261939073879
249.259165535822,223.115436082569,3.7433468511286
572.663710771023,441.712509596893,3.79408323692217
299.526280766602,141.22721686006,3.93632392818084
529.022673258266,453.436068027625,3.33283761282223
38.2054373406665,418.393115596015,3.9321860855136
191.603009002272,296.531251150381,4.18188514747433
548.868824810815,267.78737449117,3.719963167704
170.035514425546,28.7512213658002,4.0958172331077
493.952735405662,339.529521346726,4.38212561837232
55.9467004996022,66.034655999498,3.74909049818452
541.241911221801,156.367200417375,4.87656898675888
NA,NA,NA
665.784112648314,335.81294656132,3.52093004845138
457.576693383063,297.730143226209,3.31960056769562
15.4274885853202,493.2307656431,3.49831337338012
564.079426454843,48.4268426011209,4.15255697434751
72.9833359077003,374.890437240126,3.92158493055372
226.242886383234,413.414197866076,3.85692077296902
427.360580664179,11.2278095028192,3.35731075865231
362.221634006725,291.420258976633,2.96980249019971
603.167237654244,103.945427612663,4.18832534290186
392.534814189751,227.694478786185,4.09524994059828
570.406148817999,409.320914304514,4.71920064973697
144.395545104588,290.289342264281,4.3838610442686
198.162092756034,368.681372440409,4.1249513275536
120.062597447282,409.055765476577,3.41372049908234
627.62305368831,310.771813739818,4.47956541887306
0.293113780865709,148.110980559135,4.31488200848896
543.558756482902,206.347585789739,4.29449726177918
32.8928985872393,492.465600972592,3.01765171197508
280.267618518474,22.0397729017339,3.81067673181502
532.618806023306,391.22237513489,3.55466403468773
77.7612509409551,90.1609248421061,5.23002478679751
2.72405079283487,76.0961741532351,3.53509072406618
591.527182565071,225.584199464695,3.94363024376847
441.693974401743,460.832727182068,4.81204412574086
661.02366085492,373.125784838723,2.91216905395664
106.729997826935,486.163062031435,4.39282616036358
623.08941777437,86.9200411334974,4.06706488007239
419.51577943428,255.802046569626,3.62967170958568
11.4775408126735,180.498555702839,3.23476462658403
66.4661174078676,110.279743625777,4.4415531017385
616.05434791688,190.33775313195,4.35261939073879
249.259165535822,223.115436082569,3.7433468511286
572.663710771023,441.712509596893,3.79408323692217
299.526280766602,141.22721686006,3.93632392818084
529.022673258266,453.436068027625,3.33283761282223
38.2054373406665,418.393115596015,3.9321860855136
191.603009002272,296.531251150381,4.18188514747433
548.868824810815,267.78737449117,3.719963167704
170.035514425546,28.7512213658002,4.0958172331077
493.952735405662,339.529521346726,4.38212561837232
55.9467004996022,66.034655999498,3.74909049818452
541.241911221801,156.367200417375,4.87656898675888
NA,NA,NA
661.118676373842,332.50902413946,3.56862400284065
455.06239701096,299.336681756095,3.56417422808898
14.2144149614146,494.112995313061,3.62244169779607
556.88534079541,51.8437301429151,4.08126361646774
67.5826021608924,379.364948545099,3.94573674177765
229.337161054847,414.254831932306,3.80956885318686
430.167592150682,13.2947099486212,3.22621380447238
361.034103016363,291.331117426161,2.95432838756945
602.829427021272,103.786777182023,4.2083784573828
390.986186273372,230.852924937489,4.10971436609026
568.259627743846,399.384306104306,4.82027258673957
138.534185520665,282.931181478607,4.48477457518838
201.990860128187,371.442199897385,4.06991133111621
121.409744907917,410.671042615426,3.29377691677016
623.78627991058,310.390650998192,4.53550738477942
1.38234994260334,146.173213868423,4.24752647759262
543.954603265692,202.514070640446,4.20394441060918
34.3096666951909,491.765168129802,2.82720500498308
279.677554636692,24.9028843037637,3.66041559398937
534.48026869949,390.029739194903,3.40707355891257
78.0178904152755,79.0653948808816,5.16766830070288
4.98223093588637,75.6918946738325,3.43904032241473
589.77222859795,226.364391133594,3.98067419686916
436.188549169001,456.427275080847,4.77414000187123
658.576991639014,374.914666088528,3.07865698402025
103.568933564958,489.622598971107,4.410247005404
622.213733116181,87.3575719830035,4.07607267702104
419.806406200285,257.652230698008,3.64705002008945
11.5233893268028,180.792152458139,3.23927212847883
57.1817659976759,111.959680390147,4.43168679249584
610.108184050333,206.134637640887,4.26258522852285
263.353948497499,221.867254988323,3.63712921527751
576.65078604249,428.157314687985,3.64369358384654
298.727007888927,143.31081552536,4.08232249920485
527.37355992217,461.60981708002,3.53852026531477
49.8310030074328,415.669922801604,3.83110520830166
194.783109604139,271.025317735727,4.14268564814583
555.240096514066,259.27808897952,3.7942803159488
166.726563682114,28.8124465459272,4.11884182956534
495.804931381305,338.957885226178,4.77507458643502
32.7653362236128,51.8115096767434,3.78825675096085
524.782669645654,156.957558804219,4.54142974581141
NA,NA,NA
661.118676373842,332.50902413946,3.56862400284065
455.06239701096,299.336681756095,3.56417422808898
14.2144149614146,494.112995313061,3.62244169779607
556.88534079541,51.8437301429151,4.08126361646774
67.5826021608924,379.364948545099,3.94573674177765
229.337161054847,414.254831932306,3.80956885318686
430.167592150682,13.2947099486212,3.22621380447238
361.034103016363,291.331117426161,2.95432838756945
602.829427021272,103.786777182023,4.2083784573828
390.986186273372,230.852924937489,4.10971436609026
568.259627743846,399.384306104306,4.82027258673957
138.534185520665,282.931181478607,4.48477457518838
201.990860128187,371.442199897385,4.06991133111621
121.409744907917,410.671042615426,3.29377691677016
623.78627991058,310.390650998192,4.53550738477942
1.38234994260334,146.173213868423,4.24752647759262
543.954603265692,202.514070640446,4.20394441060918
34.3096666951909,491.765168129802,2.82720500498308
279.677554636692,24.9028843037637,3.66041559398937
534.48026869949,390.029739194903,3.40707355891257
78.0178904152755,79.0653948808816,5.16766830070288
4.98223093588637,75.6918946738325,3.43904032241473
589.77222859795,226.364391133594,3.98067419686916
436.188549169001,456.427275080847,4.77414000187123
658.576991639014,374.914666088528,3.07865698402025
103.568933564958,489.622598971107,4.410247005404
622.213733116181,87.3575719830035,4.07607267702104
419.806406200285,257.652230698008,3.64705002008945
11.5233893268028,180.792152458139,3.23927212847883
57.1817659976759,111.959680390147,4.43168679249584
610.108184050333,206.134637640887,4.26258522852285
263.353948497499,221.867254988323,3.63712921527751
576.65078604249,428.157314687985,3.64369358384654
298.727007888927,143.31081552536,4.08232249920485
527.37355992217,461.60981708002,3.53852026531477
49.8310030074328,415.669922801604,3.83110520830166
194.783109604139,271.025317735727,4.14268564814583
555.240096514066,259.27808897952,3.7942803159488
166.726563682114,28.8124465459272,4.11884182956534
495.804931381305,338.957885226178,4.77507458643502
32.7653362236128,51.8115096767434,3.78825675096085
524.782669645654,156.957558804219,4.54142974581141
NA,NA,NA
661.118676373842,332.50902413946,3.56862400284065
455.06239701096,299.336681756095,3.56417422808898
14.2144149614146,494.112995313061,3.62244169779607
556.88534079541,51.8437301429151,4.08126361646774
67.5826021608924,379.364948545099,3.94573674177765
229.337161054847,414.254831932306,3.80956885318686
430.167592150682,13.2947099486212,3.22621380447238
361.034103016363,291.331117426161,2.95432838756945
602.829427021272,103.786777182023,4.2083784573828
390.986186273372,230.852924937489,4.10971436609026
568.259627743846,399.384306104306,4.82027258673957
138.534185520665,282.931181478607,4.48477457518838
201.990860128187,371.442199897385,4.06991133111621
121.409744907917,410.671042615426,3.29377691677016
623.78627991058,310.390650998192,4.53550738477942
1.38234994260334,146.173213868423,4.24752647759262
543.954603265692,202.514070640446,4.20394441060918
34.3096666951909,491.765168129802,2.82720500498308
279.677554636692,24.9028843037637,3.66041559398937
534.48026869949,390.029739194903,3.40707355891257
78.0178904152755,79.0653948808816,5.16766830070288
4.98223093588637,75.6918946738325,3.43904032241473
589.77222859795,226.364391133594,3.98067419686916
436.188549169001,456.427275080847,4.77414000187123
658.576991639014,374.914666088528,3.07865698402025
103.568933564958,489.622598971107,4.410247005404
622.213733116181,87.3575719830035,4.07607267702104
419.806406200285,257.652230698008,3.64705002008945
11.5233893268028,180.792152458139,3.23927212847883
57.1817659976759,111.959680390147,4.43168679249584
610.108184050333,206.134637640887,4.26258522852285
263.353948497499,221.867254988323,3.63712921527751
576.65078604249,428.157314687985,3.64369358384654
298.727007888927,143.31081552536,4.08232249920485
527.37355992217,461.60981708002,3.53852026531477
49.8310030074328,415.669922801604,3.83110520830166
194.783109604139,271.025317735727,4.14268564814583
555.240096514066,259.27808897952,3.7942803159488
166.726563682114,28.8124465459272,4.11884182956534
495.804931381305,338.957885226178,4.77507458643502
32.7653362236128,51.8115096767434,3.78825675096085
524.782669645654,156.957558804219,4.54142974581141
NA,NA,NA
661.118676373842,332.50902413946,3.56862400284065
455.06239701096,299.336681756095,3.56417422808898
14.2144149614146,494.112995313061,3.62244169779607
556.88534079541,51.8437301429151,4.08126361646774
67.5826021608924,379.364948545099,3.94573674177765
229.337161054847,414.254831932306,3.80956885318686
430.167592150682,13.2947099486212,3.22621380447238
361.034103016363,291.331117426161,2.95432838756945
602.829427021272,103.786777182023,4.2083784573828
390.986186273372,230.852924937489,4.10971436609026
568.259627743846,399.384306104306,4.82027258673957
138.534185520665,282.931181478607,4.48477457518838
201.990860128187,371.442199897385,4.06991133111621
121.409744907917,410.671042615426,3.29377691677016
623.78627991058,310.390650998192,4.53550738477942
1.38234994260334,146.173213868423,4.24752647759262
543.954603265692,202.514070640446,4.20394441060918
34.3096666951909,491.765168129802,2.82720500498308
279.677554636692,24.9028843037637,3.66041559398937
534.48026869949,390.029739194903,3.40707355891257
78.0178904152755,79.0653948808816,5.16766830070288
4.98223093588637,75.6918946738325,3.43904032241473
589.77222859795,226.364391133594,3.98067419686916
436.188549169001,456.427275080847,4.77414000187123
658.576991639014,374.914666088528,3.07865698402025
103.568933564958,489.622598971107,4.410247005404
622.213733116181,87.3575719830035,4.07607267702104
419.806406200285,257.652230698008,3.64705002008945
11.5233893268028,180.792152458139,3.23927212847883
57.1817659976759,111.959680390147,4.43168679249584
610.108184050333,206.134637640887,4.26258522852285
263.353948497499,221.867254988323,3.63712921527751
576.65078604249,428.157314687985,3.64369358384654
298.727007888927,143.31081552536,4.08232249920485
527.37355992217,461.60981708002,3.53852026531477
49.8310030074328,415.669922801604,3.83110520830166
194.783109604139,271.025317735727,4.14268564814583
555.240096514066,259.27808897952,3.7942803159488
166.726563682114,28.8124465459272,4.11884182956534
495.804931381305,338.957885226178,4.77507458643502
32.7653362236128,51.8115096767434,3.78825675096085
524.782669645654,156.957558804219,4.54142974581141
NA,NA,NA
661.118676373842,332.50902413946,3.56862400284065
455.06239701096,299.336681756095,3.56417422808898
14.2144149614146,494.112995313061,3.62244169779607
556.88534079541,51.8437301429151,4.08126361646774
67.5826021608924,379.364948545099,3.94573674177765
229.337161054847,414.254831932306,3.80956885318686
430.167592150682,13.2947099486212,3.22621380447238
361.034103016363,291.331117426161,2.95432838756945
602.829427021272,103.786777182023,4.2083784573828
390.986186273372,230.852924937489,4.10971436609026
568.259627743846,399.384306104306,4.82027258673957
138.534185520665,282.931181478607,4.48477457518838
201.990860128187,371.442199897385,4.06991133111621
121.409744907917,410.671042615426,3.29377691677016
623.78627991058,310.390650998192,4.53550738477942
1.38234994260334,146.173213868423,4.24752647759262
543.954603265692,202.514070640446,4.20394441060918
34.3096666951909,491.765168129802,2.82720500498308
279.677554636692,24.9028843037637,3.66041559398937
534.48026869949,390.029739194903,3.40707355891257
78.0178904152755,79.0653948808816,5.16766830070288
4.98223093588637,75.6918946738325,3.43904032241473
589.77222859795,226.364391133594,3.98067419686916
436.188549169001,456.427275080847,4.77414000187123
658.576991639014,374.914666088528,3.07865698402025
103.568933564958,489.622598971107,4.410247005404
622.213733116181,87.3575719830035,4.07607267702104
419.806406200285,257.652230698008,3.64705002008945
11.5233893268028,180.792152458139,3.23927212847883
57.1817659976759,111.959680390147,4.43168679249584
610.108184050333,206.134637640887,4.26258522852285
263.353948497499,221.867254988323,3.63712921527751
576.65078604249,428.157314687985,3.64369358384654
298.727007888927,143.31081552536,4.08232249920485
527.37355992217,461.60981708002,3.53852026531477
49.8310030074328,415.669922801604,3.83110520830166
194.783109604139,271.025317735727,4.14268564814583
555.240096514066,259.27808897952,3.7942803159488
166.726563682114,28.8124465459272,4.11884182956534
495.804931381305,338.957885226178,4.77507458643502
32.7653362236128,51.8115096767434,3.78825675096085
524.782669645654,156.957558804219,4.54142974581141
NA,NA,NA
661.118676373842,332.50902413946,3.56862400284065
455.06239701096,299.336681756095,3.56417422808898
14.2144149614146,494.112995313061,3.62244169779607
556.88534079541,51.8437301429151,4.08126361646774
67.5826021608924,379.364948545099,3.94573674177765
229.337161054847,414.254831932306,3.80956885318686
430.167592150682,13.2947099486212,3.22621380447238
361.034103016363,291.331117426161,2.95432838756945
602.829427021272,103.786777182023,4.2083784573828
390.986186273372,230.852924937489,4.10971436609026
568.259627743846,399.384306104306,4.82027258673957
138.534185520665,282.931181478607,4.48477457518838
201.990860128187,371.442199897385,4.06991133111621
121.409744907917,410.671042615426,3.29377691677016
623.78627991058,310.390650998192,4.53550738477942
1.38234994260334,146.173213868423,4.24752647759262
543.954603265692,202.514070640446,4.20394441060918
34.3096666951909,491.765168129802,2.82720500498308
279.677554636692,24.9028843037637,3.66041559398937
534.48026869949,390.029739194903,3.40707355891257
78.0178904152755,79.0653948808816,5.16766830070288
4.98223093588637,75.6918946738325,3.43904032241473
589.77222859795,226.364391133594,3.98067419686916
436.188549169001,456.427275080847,4.77414000187123
658.576991639014,374.914666088528,3.07865698402025
103.568933564958,489.622598971107,4.410247005404
622.213733116181,87.3575719830035,4.07607267702104
419.806406200285,257.652230698008,3.64705002008945
11.5233893268028,180.792152458139,3.23927212847883
57.1817659976759,111.959680390147,4.43168679249584
610.108184050333,206.134637640887,4.26258522852285
263.353948497499,221.867254988323,3.63712921527751
576.65078604249,428.157314687985,3.64369358384654
298.727007888927,143.31081552536,4.08232249920485
527.37355992217,461.60981708002,3.53852026531477
49.8310030074328,415.669922801604,3.83110520830166
194.783109604139,271.025317735727,4.14268564814583
555.240096514066,259.27808897952,3.7942803159488
166.726563682114,28.8124465459272,4.11884182956534
495.804931381305,338.957885226178,4.77507458643502
32.7653362236128,51.8115096767434,3.78825675096085
524.782669645654,156.957558804219,4.54142974581141
NA,NA,NA
661.237522286235,337.428540291043,3.55355804816002
457.38526652566,298.69368558331,3.4496261092966
12.0269284476819,496.064358527465,3.60024846369132
564.06372106648,53.4593058396503,4.28398811833383
72.5343247007966,374.769570411611,3.82008514301285
234.408257376362,416.013008116754,3.86951085394939
427.492806762071,15.132592827234,3.1455705860432
361.291490086672,294.820803236074,2.98765027111188
603.676560733744,99.0838731865518,4.19574688667909
394.137951944412,228.816893502215,4.16363915120319
571.903570368703,401.894537105255,4.69283884732488
137.651019014183,278.624126430711,4.39627852422826
203.773586905974,372.642414608266,3.96036871446525
126.935736009626,410.216823327583,3.45883130438911
623.896555468359,315.565111995678,4.67692926396693
2.62738467018633,151.539968959848,4.24437414689506
541.840608477365,203.640184950134,4.06344101714391
34.3722026863914,489.956383000071,3.00326477896554
276.810922926847,23.5661252861573,3.8003575374687
532.924849545928,393.831145014285,3.49421310358357
74.3190232025357,82.7313062583128,5.24304206206516
5.60059773198588,74.4394881891831,3.46672339869604
590.507366661502,227.443566460995,3.98834497141656
440.210388411725,455.179628827445,4.84859932652728
656.973223549848,374.08242720017,2.85887745398924
106.348110457234,483.544106793415,4.31503538826593
624.537564691021,95.2025531311191,4.11391011286756
423.163986272273,258.110875951733,3.64118431690226
9.7998096380677,180.048280939714,3.29329896622689
70.3027251385704,110.845772608471,4.21320382267419
607.41144138962,194.177435082716,4.26378793195321
247.390335041091,216.144097857688,3.65232414505123
564.442422255074,428.841538842523,3.96767722354284
302.946519535079,135.365776305491,3.99714163172079
526.258631702466,455.177856841728,3.57547004215568
47.840457678982,417.293957408055,3.63924626591734
194.210314877097,284.491978260463,4.16259379116347
554.389660745412,260.243309652404,3.78615353478584
171.340123938239,28.5069307115114,4.45695524480913
495.283817207588,355.797858433089,4.40256723446727
37.0495355342877,49.3176213686275,3.90551574087966
537.704166423059,151.791940466394,4.42801438651308
NA,NA,NA
661.237522286235,337.428540291043,3.55355804816002
457.38526652566,298.69368558331,3.4496261092966
12.0269284476819,496.064358527465,3.60024846369132
564.06372106648,53.4593058396503,4.28398811833383
72.5343247007966,374.769570411611,3.82008514301285
234.408257376362,416.013008116754,3.86951085394939
427.492806762071,15.132592827234,3.1455705860432
361.291490086672,294.820803236074,2.98765027111188
603.676560733744,99.0838731865518,4.19574688667909
394.137951944412,228.816893502215,4.16363915120319
571.903570368703,401.894537105255,4.69283884732488
137.651019014183,278.624126430711,4.39627852422826
203.773586905974,372.642414608266,3.96036871446525
126.935736009626,410.216823327583,3.45883130438911
623.896555468359,315.565111995678,4.67692926396693
2.62738467018633,151.539968959848,4.24437414689506
541.840608477365,203.640184950134,4.06344101714391
34.3722026863914,489.956383000071,3.00326477896554
276.810922926847,23.5661252861573,3.8003575374687
532.924849545928,393.831145014285,3.49421310358357
74.3190232025357,82.7313062583128,5.24304206206516
5.60059773198588,74.4394881891831,3.46672339869604
590.507366661502,227.443566460995,3.98834497141656
440.210388411725,455.179628827445,4.84859932652728
656.973223549848,374.08242720017,2.85887745398924
106.348110457234,483.544106793415,4.31503538826593
624.537564691021,95.2025531311191,4.11391011286756
423.163986272273,258.110875951733,3.64118431690226
9.7998096380677,180.048280939714,3.29329896622689
70.3027251385704,110.845772608471,4.21320382267419
607.41144138962,194.177435082716,4.26378793195321
247.390335041091,216.144097857688,3.65232414505123
564.442422255074,428.841538842523,3.96767722354284
302.946519535079,135.365776305491,3.99714163172079
526.258631702466,455.177856841728,3.57547004215568
47.840457678982,417.293957408055,3.63924626591734
194.210314877097,284.491978260463,4.16259379116347
554.389660745412,260.243309652404,3.78615353478584
171.340123938239,28.5069307115114,4.45695524480913
495.283817207588,355.797858433089,4.40256723446727
37.0495355342877,49.3176213686275,3.90551574087966
537.704166423059,151.791940466394,4.42801438651308
NA,NA,NA
661.237522286235,337.428540291043,3.55355804816002
457.38526652566,298.69368558331,3.4496261092966
12.0269284476819,496.064358527465,3.60024846369132
564.06372106648,53.4593058396503,4.28398811833383
72.5343247007966,374.769570411611,3.82008514301285
234.408257376362,416.013008116754,3.86951085394939
427.492806762071,15.132592827234,3.1455705860432
361.291490086672,294.820803236074,2.98765027111188
603.676560733744,99.0838731865518,4.19574688667909
394.137951944412,228.816893502215,4.16363915120319
571.903570368703,401.894537105255,4.69283884732488
137.651019014183,278.624126430711,4.39627852422826
203.773586905974,372.642414608266,3.96036871446525
126.935736009626,410.216823327583,3.45883130438911
623.896555468359,315.565111995678,4.67692926396693
2.62738467018633,151.539968959848,4.24437414689506
541.840608477365,203.640184950134,4.06344101714391
34.3722026863914,489.956383000071,3.00326477896554
276.810922926847,23.5661252861573,3.8003575374687
532.924849545928,393.831145014285,3.49421310358357
74.3190232025357,82.7313062583128,5.24304206206516
5.60059773198588,74.4394881891831,3.46672339869604
590.507366661502,227.443566460995,3.98834497141656
440.210388411725,455.179628827445,4.84859932652728
656.973223549848,374.08242720017,2.85887745398924
106.348110457234,483.544106793415,4.31503538826593
624.537564691021,95.2025531311191,4.11391011286756
423.163986272273,258.110875951733,3.64118431690226
9.7998096380677,180.048280939714,3.29329896622689
70.3027251385704,110.845772608471,4.21320382267419
607.41144138962,194.177435082716,4.26378793195321
247.390335041091,216.144097857688,3.65232414505123
564.442422255074,428.841538842523,3.96767722354284
302.946519535079,135.365776305491,3.99714163172079
526.258631702466,455.177856841728,3.57547004215568
47.840457678982,417.293957408055,3.63924626591734
194.210314877097,284.491978260463,4.16259379116347
554.389660745412,260.243309652404,3.78615353478584
171.340123938239,28.5069307115114,4.45695524480913
495.283817207588,355.797858433089,4.40256723446727
37.0495355342877,49.3176213686275,3.90551574087966
537.704166423059,151.791940466394,4.42801438651308
NA,NA,NA
661.237522286235,337.428540291043,3.55355804816002
457.38526652566,298.69368558331,3.4496261092966
12.0269284476819,496.064358527465,3.60024846369132
564.06372106648,53.4593058396503,4.28398811833383
72.5343247007966,374.769570411611,3.82008514301285
234.408257376362,416.013008116754,3.86951085394939
427.492806762071,15.132592827234,3.1455705860432
361.291490086672,294.820803236074,2.98765027111188
603.676560733744,99.0838731865518,4.19574688667909
394.137951944412,228.816893502215,4.16363915120319
571.903570368703,401.894537105255,4.69283884732488
137.651019014183,278.624126430711,4.39627852422826
203.773586905974,372.642414608266,3.96036871446525
126.935736009626,410.216823327583,3.45883130438911
623.896555468359,315.565111995678,4.67692926396693
2.62738467018633,151.539968959848,4.24437414689506
541.840608477365,203.640184950134,4.06344101714391
34.3722026863914,489.956383000071,3.00326477896554
276.810922926847,23.5661252861573,3.8003575374687
532.924849545928,393.831145014285,3.49421310358357
74.3190232025357,82.7313062583128,5.24304206206516
5.60059773198588,74.4394881891831,3.46672339869604
590.507366661502,227.443566460995,3.98834497141656
440.210388411725,455.179628827445,4.84859932652728
656.973223549848,374.08242720017,2.85887745398924
106.348110457234,483.544106793415,4.31503538826593
624.537564691021,95.2025531311191,4.11391011286756
423.163986272273,258.110875951733,3.64118431690226
9.7998096380677,180.048280939714,3.29329896622689
70.3027251385704,110.845772608471,4.21320382267419
607.41144138962,194.177435082716,4.26378793195321
247.390335041091,216.144097857688,3.65232414505123
564.442422255074,428.841538842523,3.96767722354284
302.946519535079,135.365776305491,3.99714163172079
526.258631702466,455.177856841728,3.57547004215568
47.840457678982,417.293957408055,3.63924626591734
194.210314877097,284.491978260463,4.16259379116347
554.389660745412,260.243309652404,3.78615353478584
171.340123938239,28.5069307115114,4.45695524480913
495.283817207588,355.797858433089,4.40256723446727
37.0495355342877,49.3176213686275,3.90551574087966
537.704166423059,151.791940466394,4.42801438651308
NA,NA,NA
661.237522286235,337.428540291043,3.55355804816002
457.38526652566,298.69368558331,3.4496261092966
12.0269284476819,496.064358527465,3.60024846369132
564.06372106648,53.4593058396503,4.28398811833383
72.5343247007966,374.769570411611,3.82008514301285
234.408257376362,416.013008116754,3.86951085394939
427.492806762071,15.132592827234,3.1455705860432
361.291490086672,294.820803236074,2.98765027111188
603.676560733744,99.0838731865518,4.19574688667909
394.137951944412,228.816893502215,4.16363915120319
571.903570368703,401.894537105255,4.69283884732488
137.651019014183,278.624126430711,4.39627852422826
203.773586905974,372.642414608266,3.96036871446525
126.935736009626,410.216823327583,3.45883130438911
623.896555468359,315.565111995678,4.67692926396693
2.62738467018633,151.539968959848,4.24437414689506
541.840608477365,203.640184950134,4.06344101714391
34.3722026863914,489.956383000071,3.00326477896554
276.810922926847,23.5661252861573,3.8003575374687
532.924849545928,393.831145014285,3.49421310358357
74.3190232025357,82.7313062583128,5.24304206206516
5.60059773198588,74.4394881891831,3.46672339869604
590.507366661502,227.443566460995,3.98834497141656
440.210388411725,455.179628827445,4.84859932652728
656.973223549848,374.08242720017,2.85887745398924
106.348110457234,483.544106793415,4.31503538826593
624.537564691021,95.2025531311191,4.11391011286756
423.163986272273,258.110875951733,3.64118431690226
9.7998096380677,180.048280939714,3.29329896622689
70.3027251385704,110.845772608471,4.21320382267419
607.41144138962,194.177435082716,4.26378793195321
247.390335041091,216.144097857688,3.65232414505123
564.442422255074,428.841538842523,3.96767722354284
302.946519535079,135.365776305491,3.99714163172079
526.258631702466,455.177856841728,3.57547004215568
47.840457678982,417.293957408055,3.63924626591734
194.210314877097,284.491978260463,4.16259379116347
554.389660745412,260.243309652404,3.78615353478584
171.340123938239,28.5069307115114,4.45695524480913
495.283817207588,355.797858433089,4.40256723446727
37.0495355342877,49.3176213686275,3.90551574087966
537.704166423059,151.791940466394,4.42801438651308
NA,NA,NA
661.237522286235,337.428540291043,3.55355804816002
457.38526652566,298.69368558331,3.4496261092966
12.0269284476819,496.064358527465,3.60024846369132
564.06372106648,53.4593058396503,4.28398811833383
72.5343247007966,374.769570411611,3.82008514301285
234.408257376362,416.013008116754,3.86951085394939
427.492806762071,15.132592827234,3.1455705860432
361.291490086672,294.820803236074,2.98765027111188
603.676560733744,99.0838731865518,4.19574688667909
394.137951944412,228.816893502215,4.16363915120319
571.903570368703,401.894537105255,4.69283884732488
137.651019014183,278.624126430711,4.39627852422826
203.773586905974,372.642414608266,3.96036871446525
126.935736009626,410.216823327583,3.45883130438911
623.896555468359,315.565111995678,4.67692926396693
2.62738467018633,151.539968959848,4.24437414689506
541.840608477365,203.640184950134,4.06344101714391
34.3722026863914,489.956383000071,3.00326477896554
276.810922926847,23.5661252861573,3.8003575374687
532.924849545928,393.831145014285,3.49421310358357
74.3190232025357,82.7313062583128,5.24304206206516
5.60059773198588,74.4394881891831,3.46672339869604
590.507366661502,227.443566460995,3.98834497141656
440.210388411725,455.179628827445,4.84859932652728
656.973223549848,374.08242720017,2.85887745398924
106.348110457234,483.544106793415,4.31503538826593
624.537564691021,95.2025531311191,4.11391011286756
423.163986272273,258.110875951733,3.64118431690226
9.7998096380677,180.048280939714,3.29329896622689
70.3027251385704,110.845772608471,4.21320382267419
607.41144138962,194.177435082716,4.26378793195321
247.390335041091,216.144097857688,3.65232414505123
564.442422255074,428.841538842523,3.96767722354284
302.946519535079,135.365776305491,3.99714163172079
526.258631702466,455.177856841728,3.57547004215568
47.840457678982,417.293957408055,3.63924626591734
194.210314877097,284.491978260463,4.16259379116347
554.389660745412,260.243309652404,3.78615353478584
171.340123938239,28.5069307115114,4.45695524480913
495.283817207588,355.797858433089,4.40256723446727
37.0495355342877,49.3176213686275,3.90551574087966
537.704166423059,151.791940466394,4.42801438651308
NA,NA,NA
661.63135016407,331.370490676613,3.55714493113486
453.380651520754,298.217016625202,3.69518787613849
11.6365658417448,496.314138407913,3.60223995734318
559.754071684566,49.3674373666917,4.44368415966268
72.8794065291299,373.088318991401,4.14385888007431
227.155797192353,416.295565146671,3.87478838265545
427.500356126399,14.3258625631467,3.26810511914772
359.470719761721,291.126306684571,2.96773289589396
606.359481754337,105.33756211306,4.2228787544723
390.17013604112,223.180988892209,4.23587436423172
569.103319131902,411.377562691363,4.75611276236959
141.35798102096,284.902757624943,4.64406256512437
200.19804271743,363.366302813032,4.05563888275576
122.261316581309,406.990680425533,3.56324653247149
627.173287180424,311.15884306059,4.47162494919613
-0.786830679412255,150.129904462931,4.2024562821301
540.086590194671,206.630371392933,4.0851706787648
32.6169369518061,491.288083551632,3.04955748230014
280.621160880341,23.9276417636378,4.08770546836198
535.036566844625,392.935066185708,3.39925574648307
75.6786709360603,72.3725197945457,5.25455048442566
7.09728673589757,76.5503112760717,3.47259031613651
587.272091497526,231.505694569743,3.94989057235256
437.194877090766,457.170331177195,4.86647767745097
659.694861913032,371.720340655453,3.12526641645038
109.439261241517,488.482217546708,4.4387618892222
625.058700383501,91.0828482658941,4.0734862153928
421.983490383012,256.853513180932,3.59751801972351
13.0162426450875,182.901885393582,3.18117106281068
68.4009560200066,114.16828155227,4.43132695836141
611.899838172106,192.010573798637,4.42050621230827
248.138958444709,217.761323337877,3.9199282776385
568.534005173478,432.659201120215,3.87157558005314
298.267049716838,141.659414691066,3.83498940865164
530.678407271403,460.057306613893,3.58522449691426
44.867317408661,416.18777434146,3.86415657178094
200.445065302671,277.588547509406,3.89010904482585
546.254097828846,258.988408416691,3.54086329654838
189.043631330519,20.0054672957528,4.2572830013731
499.218752786515,334.311491974024,4.29139726020897
30.6923625241863,52.2831461104358,4.31061409991677
542.829746976981,143.403911198319,4.61661500926878
NA,NA,NA
661.63135016407,331.370490676613,3.55714493113486
453.380651520754,298.217016625202,3.69518787613849
11.6365658417448,496.314138407913,3.60223995734318
559.754071684566,49.3674373666917,4.44368415966268
72.8794065291299,373.088318991401,4.14385888007431
227.155797192353,416.295565146671,3.87478838265545
427.500356126399,14.3258625631467,3.26810511914772
359.470719761721,291.126306684571,2.96773289589396
606.359481754337,105.33756211306,4.2228787544723
390.17013604112,223.180988892209,4.23587436423172
569.103319131902,411.377562691363,4.75611276236959
141.35798102096,284.902757624943,4.64406256512437
200.19804271743,363.366302813032,4.05563888275576
122.261316581309,406.990680425533,3.56324653247149
627.173287180424,311.15884306059,4.47162494919613
-0.786830679412255,150.129904462931,4.2024562821301
540.086590194671,206.630371392933,4.0851706787648
32.6169369518061,491.288083551632,3.04955748230014
280.621160880341,23.9276417636378,4.08770546836198
535.036566844625,392.935066185708,3.39925574648307
75.6786709360603,72.3725197945457,5.25455048442566
7.09728673589757,76.5503112760717,3.47259031613651
587.272091497526,231.505694569743,3.94989057235256
437.194877090766,457.170331177195,4.86647767745097
659.694861913032,371.720340655453,3.12526641645038
109.439261241517,488.482217546708,4.4387618892222
625.058700383501,91.0828482658941,4.0734862153928
421.983490383012,256.853513180932,3.59751801972351
13.0162426450875,182.901885393582,3.18117106281068
68.4009560200066,114.16828155227,4.43132695836141
611.899838172106,192.010573798637,4.42050621230827
248.138958444709,217.761323337877,3.9199282776385
568.534005173478,432.659201120215,3.87157558005314
298.267049716838,141.659414691066,3.83498940865164
530.678407271403,460.057306613893,3.58522449691426
44.867317408661,416.18777434146,3.86415657178094
200.445065302671,277.588547509406,3.89010904482585
546.254097828846,258.988408416691,3.54086329654838
189.043631330519,20.0054672957528,4.2572830013731
499.218752786515,334.311491974024,4.29139726020897
30.6923625241863,52.2831461104358,4.31061409991677
542.829746976981,143.403911198319,4.61661500926878
NA,NA,NA
661.63135016407,331.370490676613,3.55714493113486
453.380651520754,298.217016625202,3.69518787613849
11.6365658417448,496.314138407913,3.60223995734318
559.754071684566,49.3674373666917,4.44368415966268
72.8794065291299,373.088318991401,4.14385888007431
227.155797192353,416.295565146671,3.87478838265545
427.500356126399,14.3258625631467,3.26810511914772
359.470719761721,291.126306684571,2.96773289589396
606.359481754337,105.33756211306,4.2228787544723
390.17013604112,223.180988892209,4.23587436423172
569.103319131902,411.377562691363,4.75611276236959
141.35798102096,284.902757624943,4.64406256512437
200.19804271743,363.366302813032,4.05563888275576
122.261316581309,406.990680425533,3.56324653247149
627.173287180424,311.15884306059,4.47162494919613
-0.786830679412255,150.129904462931,4.2024562821301
540.086590194671,206.630371392933,4.0851706787648
32.6169369518061,491.288083551632,3.04955748230014
280.621160880341,23.9276417636378,4.08770546836198
535.036566844625,392.935066185708,3.39925574648307
75.6786709360603,72.3725197945457,5.25455048442566
7.09728673589757,76.5503112760717,3.47259031613651
587.272091497526,231.505694569743,3.94989057235256
437.194877090766,457.170331177195,4.86647767745097
659.694861913032,371.720340655453,3.12526641645038
109.439261241517,488.482217546708,4.4387618892222
625.058700383501,91.0828482658941,4.0734862153928
421.983490383012,256.853513180932,3.59751801972351
13.0162426450875,182.901885393582,3.18117106281068
68.4009560200066,114.16828155227,4.43132695836141
611.899838172106,192.010573798637,4.42050621230827
248.138958444709,217.761323337877,3.9199282776385
568.534005173478,432.659201120215,3.87157558005314
298.267049716838,141.659414691066,3.83498940865164
530.678407271403,460.057306613893,3.58522449691426
44.867317408661,416.18777434146,3.86415657178094
200.445065302671,277.588547509406,3.89010904482585
546.254097828846,258.988408416691,3.54086329654838
189.043631330519,20.0054672957528,4.2572830013731
499.218752786515,334.311491974024,4.29139726020897
30.6923625241863,52.2831461104358,4.31061409991677
542.829746976981,143.403911198319,4.61661500926878
NA,NA,NA
661.63135016407,331.370490676613,3.55714493113486
453.380651520754,298.217016625202,3.69518787613849
11.6365658417448,496.314138407913,3.60223995734318
559.754071684566,49.3674373666917,4.44368415966268
72.8794065291299,373.088318991401,4.14385888007431
227.155797192353,416.295565146671,3.87478838265545
427.500356126399,14.3258625631467,3.26810511914772
359.470719761721,291.126306684571,2.96773289589396
606.359481754337,105.33756211306,4.2228787544723
390.17013604112,223.180988892209,4.23587436423172
569.103319131902,411.377562691363,4.75611276236959
141.35798102096,284.902757624943,4.64406256512437
200.19804271743,363.366302813032,4.05563888275576
122.261316581309,406.990680425533,3.56324653247149
627.173287180424,311.15884306059,4.47162494919613
-0.786830679412255,150.129904462931,4.2024562821301
540.086590194671,206.630371392933,4.0851706787648
32.6169369518061,491.288083551632,3.04955748230014
280.621160880341,23.9276417636378,4.08770546836198
535.036566844625,392.935066185708,3.39925574648307
75.6786709360603,72.3725197945457,5.25455048442566
7.09728673589757,76.5503112760717,3.47259031613651
587.272091497526,231.505694569743,3.94989057235256
437.194877090766,457.170331177195,4.86647767745097
659.694861913032,371.720340655453,3.12526641645038
109.439261241517,488.482217546708,4.4387618892222
625.058700383501,91.0828482658941,4.0734862153928
421.983490383012,256.853513180932,3.59751801972351
13.0162426450875,182.901885393582,3.18117106281068
68.4009560200066,114.16828155227,4.43132695836141
611.899838172106,192.010573798637,4.42050621230827
248.138958444709,217.761323337877,3.9199282776385
568.534005173478,432.659201120215,3.87157558005314
298.267049716838,141.659414691066,3.83498940865164
530.678407271403,460.057306613893,3.58522449691426
44.867317408661,416.18777434146,3.86415657178094
200.445065302671,277.588547509406,3.89010904482585
546.254097828846,258.988408416691,3.54086329654838
189.043631330519,20.0054672957528,4.2572830013731
499.218752786515,334.311491974024,4.29139726020897
30.6923625241863,52.2831461104358,4.31061409991677
542.829746976981,143.403911198319,4.61661500926878
NA,NA,NA
661.63135016407,331.370490676613,3.55714493113486
453.380651520754,298.217016625202,3.69518787613849
11.6365658417448,496.314138407913,3.60223995734318
559.754071684566,49.3674373666917,4.44368415966268
72.8794065291299,373.088318991401,4.14385888007431
227.155797192353,416.295565146671,3.87478838265545
427.500356126399,14.3258625631467,3.26810511914772
359.470719761721,291.126306684571,2.96773289589396
606.359481754337,105.33756211306,4.2228787544723
390.17013604112,223.180988892209,4.23587436423172
569.103319131902,411.377562691363,4.75611276236959
141.35798102096,284.902757624943,4.64406256512437
200.19804271743,363.366302813032,4.05563888275576
122.261316581309,406.990680425533,3.56324653247149
627.173287180424,311.15884306059,4.47162494919613
-0.786830679412255,150.129904462931,4.2024562821301
540.086590194671,206.630371392933,4.0851706787648
32.6169369518061,491.288083551632,3.04955748230014
280.621160880341,23.9276417636378,4.08770546836198
535.036566844625,392.935066185708,3.39925574648307
75.6786709360603,72.3725197945457,5.25455048442566
7.09728673589757,76.5503112760717,3.47259031613651
587.272091497526,231.505694569743,3.94989057235256
437.194877090766,457.170331177195,4.86647767745097
659.694861913032,371.720340655453,3.12526641645038
109.439261241517,488.482217546708,4.4387618892222
625.058700383501,91.0828482658941,4.0734862153928
421.983490383012,256.853513180932,3.59751801972351
13.0162426450875,182.901885393582,3.18117106281068
68.4009560200066,114.16828155227,4.43132695836141
611.899838172106,192.010573798637,4.42050621230827
248.138958444709,217.761323337877,3.9199282776385
568.534005173478,432.659201120215,3.87157558005314
298.267049716838,141.659414691066,3.83498940865164
530.678407271403,460.057306613893,3.58522449691426
44.867317408661,416.18777434146,3.86415657178094
200.445065302671,277.588547509406,3.89010904482585
546.254097828846,258.988408416691,3.54086329654838
189.043631330519,20.0054672957528,4.2572830013731
499.218752786515,334.311491974024,4.29139726020897
30.6923625241863,52.2831461104358,4.31061409991677
542.829746976981,143.403911198319,4.61661500926878
NA,NA,NA
661.63135016407,331.370490676613,3.55714493113486
453.380651520754,298.217016625202,3.69518787613849
11.6365658417448,496.314138407913,3.60223995734318
559.754071684566,49.3674373666917,4.44368415966268
72.8794065291299,373.088318991401,4.14385888007431
227.155797192353,416.295565146671,3.87478838265545
427.500356126399,14.3258625631467,3.26810511914772
359.470719761721,291.126306684571,2.96773289589396
606.359481754337,105.33756211306,4.2228787544723
390.17013604112,223.180988892209,4.23587436423172
569.103319131902,411.377562691363,4.75611276236959
141.35798102096,284.902757624943,4.64406256512437
200.19804271743,363.366302813032,4.05563888275576
122.261316581309,406.990680425533,3.56324653247149
627.173287180424,311.15884306059,4.47162494919613
-0.786830679412255,150.129904462931,4.2024562821301
540.086590194671,206.630371392933,4.0851706787648
32.6169369518061,491.288083551632,3.04955748230014
280.621160880341,23.9276417636378,4.08770546836198
535.036566844625,392.935066185708,3.39925574648307
75.6786709360603,72.3725197945457,5.25455048442566
7.09728673589757,76.5503112760717,3.47259031613651
587.272091497526,231.505694569743,3.94989057235256
437.194877090766,457.170331177195,4.86647767745097
659.694861913032,371.720340655453,3.12526641645038
109.439261241517,488.482217546708,4.4387618892222
625.058700383501,91.0828482658941,4.0734862153928
421.983490383012,256.853513180932,3.59751801972351
13.0162426450875,182.901885393582,3.18117106281068
68.4009560200066,114.16828155227,4.43132695836141
611.899838172106,192.010573798637,4.42050621230827
248.138958444709,217.761323337877,3.9199282776385
568.534005173478,432.659201120215,3.87157558005314
298.267049716838,141.659414691066,3.83498940865164
530.678407271403,460.057306613893,3.58522449691426
44.867317408661,416.18777434146,3.86415657178094
200.445065302671,277.588547509406,3.89010904482585
546.254097828846,258.988408416691,3.54086329654838
189.043631330519,20.0054672957528,4.2572830013731
499.218752786515,334.311491974024,4.29139726020897
30.6923625241863,52.2831461104358,4.31061409991677
542.829746976981,143.403911198319,4.61661500926878
NA,NA,NA
665.22649321636,335.406582444547,3.36225922973934
454.759700125578,297.670561102934,3.71041374371113
10.2014820530516,492.527384612119,3.81537233538019
560.39273679199,47.876917894017,4.17860515201143
71.6845844502939,375.956343855594,4.06828167467075
227.583192700251,411.456290791326,3.87402173346469
428.306555134069,14.7274487279195,3.34863159620141
360.927964597489,293.026164468136,3.05623372156438
607.116429021331,106.156766598332,4.27378774307923
397.605847842553,229.699583971054,4.27858379583192
565.810433282556,412.822847378556,4.74603819281618
140.784565438056,285.649033859149,4.53504420184921
196.687358950025,371.318039448153,3.94794939248645
126.366621140313,410.617843516812,3.39769368728206
627.862307753902,317.117321484149,4.56295000497958
1.45624097941122,149.236396382644,4.34790913573758
541.525039054832,204.942262293851,4.15718113929064
33.7958834048345,490.080583862511,3.09587749718198
279.779338467633,26.409600146613,3.90303913671813
536.233517699435,391.224455619445,3.33021879766643
69.815344379962,65.4072381970674,5.23804728083551
5.08684083097422,73.3671993593152,3.58820249207814
588.979126420087,226.751869201675,3.87936486047826
437.353650089923,462.599208649461,4.82075170707932
659.467285811573,372.216131370206,3.27714543510351
109.407759645257,487.810230680631,4.3615474789993
624.426200572545,90.9429031424143,4.05814775687493
419.364622305562,256.755600302661,3.73831851616968
12.9330279413134,182.551322559736,3.14278556978858
62.7236742505541,125.88883419782,4.4435034602661
609.135953079155,187.919830160542,4.23783849742459
250.674111774918,214.484484569304,4.02858153102115
570.613716402073,447.474250873901,3.75807615351778
299.369421726005,142.218115744722,3.89930331753309
527.346494621409,464.114034537676,3.83212471810495
42.4173885216481,428.88580115797,3.7235203711396
200.632986014363,282.913635348762,3.97988074165198
548.714196507618,263.590442914357,3.71013229539259
169.542548259872,25.4186693626297,4.10664996248693
503.008087010184,345.511887984851,4.573657002122
42.3600417701561,62.1677718511701,3.78023048429622
546.072010616126,147.409366318726,4.43573899166254
NA,NA,NA
665.22649321636,335.406582444547,3.36225922973934
454.759700125578,297.670561102934,3.71041374371113
10.2014820530516,492.527384612119,3.81537233538019
560.39273679199,47.876917894017,4.17860515201143
71.6845844502939,375.956343855594,4.06828167467075
227.583192700251,411.456290791326,3.87402173346469
428.306555134069,14.7274487279195,3.34863159620141
360.927964597489,293.026164468136,3.05623372156438
607.116429021331,106.156766598332,4.27378774307923
397.605847842553,229.699583971054,4.27858379583192
565.810433282556,412.822847378556,4.74603819281618
140.784565438056,285.649033859149,4.53504420184921
196.687358950025,371.318039448153,3.94794939248645
126.366621140313,410.617843516812,3.39769368728206
627.862307753902,317.117321484149,4.56295000497958
1.45624097941122,149.236396382644,4.34790913573758
541.525039054832,204.942262293851,4.15718113929064
33.7958834048345,490.080583862511,3.09587749718198
279.779338467633,26.409600146613,3.90303913671813
536.233517699435,391.224455619445,3.33021879766643
69.815344379962,65.4072381970674,5.23804728083551
5.08684083097422,73.3671993593152,3.58820249207814
588.979126420087,226.751869201675,3.87936486047826
437.353650089923,462.599208649461,4.82075170707932
659.467285811573,372.216131370206,3.27714543510351
109.407759645257,487.810230680631,4.3615474789993
624.426200572545,90.9429031424143,4.05814775687493
419.364622305562,256.755600302661,3.73831851616968
12.9330279413134,182.551322559736,3.14278556978858
62.7236742505541,125.88883419782,4.4435034602661
609.135953079155,187.919830160542,4.23783849742459
250.674111774918,214.484484569304,4.02858153102115
570.613716402073,447.474250873901,3.75807615351778
299.369421726005,142.218115744722,3.89930331753309
527.346494621409,464.114034537676,3.83212471810495
42.4173885216481,428.88580115797,3.7235203711396
200.632986014363,282.913635348762,3.97988074165198
548.714196507618,263.590442914357,3.71013229539259
169.542548259872,25.4186693626297,4.10664996248693
503.008087010184,345.511887984851,4.573657002122
42.3600417701561,62.1677718511701,3.78023048429622
546.072010616126,147.409366318726,4.43573899166254
NA,NA,NA
665.22649321636,335.406582444547,3.36225922973934
454.759700125578,297.670561102934,3.71041374371113
10.2014820530516,492.527384612119,3.81537233538019
560.39273679199,47.876917894017,4.17860515201143
71.6845844502939,375.956343855594,4.06828167467075
227.583192700251,411.456290791326,3.87402173346469
428.306555134069,14.7274487279195,3.34863159620141
360.927964597489,293.026164468136,3.05623372156438
607.116429021331,106.156766598332,4.27378774307923
397.605847842553,229.699583971054,4.27858379583192
565.810433282556,412.822847378556,4.74603819281618
140.784565438056,285.649033859149,4.53504420184921
196.687358950025,371.318039448153,3.94794939248645
126.366621140313,410.617843516812,3.39769368728206
627.862307753902,317.117321484149,4.56295000497958
1.45624097941122,149.236396382644,4.34790913573758
541.525039054832,204.942262293851,4.15718113929064
33.7958834048345,490.080583862511,3.09587749718198
279.779338467633,26.409600146613,3.90303913671813
536.233517699435,391.224455619445,3.33021879766643
69.815344379962,65.4072381970674,5.23804728083551
5.08684083097422,73.3671993593152,3.58820249207814
588.979126420087,226.751869201675,3.87936486047826
437.353650089923,462.599208649461,4.82075170707932
659.467285811573,372.216131370206,3.27714543510351
109.407759645257,487.810230680631,4.3615474789993
624.426200572545,90.9429031424143,4.05814775687493
419.364622305562,256.755600302661,3.73831851616968
12.9330279413134,182.551322559736,3.14278556978858
62.7236742505541,125.88883419782,4.4435034602661
609.135953079155,187.919830160542,4.23783849742459
250.674111774918,214.484484569304,4.02858153102115
570.613716402073,447.474250873901,3.75807615351778
299.369421726005,142.218115744722,3.89930331753309
527.346494621409,464.114034537676,3.83212471810495
42.4173885216481,428.88580115797,3.7235203711396
200.632986014363,282.913635348762,3.97988074165198
548.714196507618,263.590442914357,3.71013229539259
169.542548259872,25.4186693626297,4.10664996248693
503.008087010184,345.511887984851,4.573657002122
42.3600417701561,62.1677718511701,3.78023048429622
546.072010616126,147.409366318726,4.43573899166254
NA,NA,NA
665.22649321636,335.406582444547,3.36225922973934
454.759700125578,297.670561102934,3.71041374371113
10.2014820530516,492.527384612119,3.81537233538019
560.39273679199,47.876917894017,4.17860515201143
71.6845844502939,375.956343855594,4.06828167467075
227.583192700251,411.456290791326,3.87402173346469
428.306555134069,14.7274487279195,3.34863159620141
360.927964597489,293.026164468136,3.05623372156438
607.116429021331,106.156766598332,4.27378774307923
397.605847842553,229.699583971054,4.27858379583192
565.810433282556,412.822847378556,4.74603819281618
140.784565438056,285.649033859149,4.53504420184921
196.687358950025,371.318039448153,3.94794939248645
126.366621140313,410.617843516812,3.39769368728206
627.862307753902,317.117321484149,4.56295000497958
1.45624097941122,149.236396382644,4.34790913573758
541.525039054832,204.942262293851,4.15718113929064
33.7958834048345,490.080583862511,3.09587749718198
279.779338467633,26.409600146613,3.90303913671813
536.233517699435,391.224455619445,3.33021879766643
69.815344379962,65.4072381970674,5.23804728083551
5.08684083097422,73.3671993593152,3.58820249207814
588.979126420087,226.751869201675,3.87936486047826
437.353650089923,462.599208649461,4.82075170707932
659.467285811573,372.216131370206,3.27714543510351
109.407759645257,487.810230680631,4.3615474789993
624.426200572545,90.9429031424143,4.05814775687493
419.364622305562,256.755600302661,3.73831851616968
12.9330279413134,182.551322559736,3.14278556978858
62.7236742505541,125.88883419782,4.4435034602661
609.135953079155,187.919830160542,4.23783849742459
250.674111774918,214.484484569304,4.02858153102115
570.613716402073,447.474250873901,3.75807615351778
299.369421726005,142.218115744722,3.89930331753309
527.346494621409,464.114034537676,3.83212471810495
42.4173885216481,428.88580115797,3.7235203711396
200.632986014363,282.913635348762,3.97988074165198
548.714196507618,263.590442914357,3.71013229539259
169.542548259872,25.4186693626297,4.10664996248693
503.008087010184,345.511887984851,4.573657002122
42.3600417701561,62.1677718511701,3.78023048429622
546.072010616126,147.409366318726,4.43573899166254
NA,NA,NA
665.22649321636,335.406582444547,3.36225922973934
454.759700125578,297.670561102934,3.71041374371113
10.2014820530516,492.527384612119,3.81537233538019
560.39273679199,47.876917894017,4.17860515201143
71.6845844502939,375.956343855594,4.06828167467075
227.583192700251,411.456290791326,3.87402173346469
428.306555134069,14.7274487279195,3.34863159620141
360.927964597489,293.026164468136,3.05623372156438
607.116429021331,106.156766598332,4.27378774307923
397.605847842553,229.699583971054,4.27858379583192
565.810433282556,412.822847378556,4.74603819281618
140.784565438056,285.649033859149,4.53504420184921
196.687358950025,371.318039448153,3.94794939248645
126.366621140313,410.617843516812,3.39769368728206
627.862307753902,317.117321484149,4.56295000497958
1.45624097941122,149.236396382644,4.34790913573758
541.525039054832,204.942262293851,4.15718113929064
33.7958834048345,490.080583862511,3.09587749718198
279.779338467633,26.409600146613,3.90303913671813
536.233517699435,391.224455619445,3.33021879766643
69.815344379962,65.4072381970674,5.23804728083551
5.08684083097422,73.3671993593152,3.58820249207814
588.979126420087,226.751869201675,3.87936486047826
437.353650089923,462.599208649461,4.82075170707932
659.467285811573,372.216131370206,3.27714543510351
109.407759645257,487.810230680631,4.3615474789993
624.426200572545,90.9429031424143,4.05814775687493
419.364622305562,256.755600302661,3.73831851616968
12.9330279413134,182.551322559736,3.14278556978858
62.7236742505541,125.88883419782,4.4435034602661
609.135953079155,187.919830160542,4.23783849742459
250.674111774918,214.484484569304,4.02858153102115
570.613716402073,447.474250873901,3.75807615351778
299.369421726005,142.218115744722,3.89930331753309
527.346494621409,464.114034537676,3.83212471810495
42.4173885216481,428.88580115797,3.7235203711396
200.632986014363,282.913635348762,3.97988074165198
548.714196507618,263.590442914357,3.71013229539259
169.542548259872,25.4186693626297,4.10664996248693
503.008087010184,345.511887984851,4.573657002122
42.3600417701561,62.1677718511701,3.78023048429622
546.072010616126,147.409366318726,4.43573899166254
NA,NA,NA
665.22649321636,335.406582444547,3.36225922973934
454.759700125578,297.670561102934,3.71041374371113
10.2014820530516,492.527384612119,3.81537233538019
560.39273679199,47.876917894017,4.17860515201143
71.6845844502939,375.956343855594,4.06828167467075
227.583192700251,411.456290791326,3.87402173346469
428.306555134069,14.7274487279195,3.34863159620141
360.927964597489,293.026164468136,3.05623372156438
607.116429021331,106.156766598332,4.27378774307923
397.605847842553,229.699583971054,4.27858379583192
565.810433282556,412.822847378556,4.74603819281618
140.784565438056,285.649033859149,4.53504420184921
196.687358950025,371.318039448153,3.94794939248645
126.366621140313,410.617843516812,3.39769368728206
627.862307753902,317.117321484149,4.56295000497958
1.45624097941122,149.236396382644,4.34790913573758
541.525039054832,204.942262293851,4.15718113929064
33.7958834048345,490.080583862511,3.09587749718198
279.779338467633,26.409600146613,3.90303913671813
536.233517699435,391.224455619445,3.33021879766643
69.815344379962,65.4072381970674,5.23804728083551
5.08684083097422,73.3671993593152,3.58820249207814
588.979126420087,226.751869201675,3.87936486047826
437.353650089923,462.599208649461,4.82075170707932
659.467285811573,372.216131370206,3.27714543510351
109.407759645257,487.810230680631,4.3615474789993
624.426200572545,90.9429031424143,4.05814775687493
419.364622305562,256.755600302661,3.73831851616968
12.9330279413134,182.551322559736,3.14278556978858
62.7236742505541,125.88883419782,4.4435034602661
609.135953079155,187.919830160542,4.23783849742459
250.674111774918,214.484484569304,4.02858153102115
570.613716402073,447.474250873901,3.75807615351778
299.369421726005,142.218115744722,3.89930331753309
527.346494621409,464.114034537676,3.83212471810495
42.4173885216481,428.88580115797,3.7235203711396
200.632986014363,282.913635348762,3.97988074165198
548.714196507618,263.590442914357,3.71013229539259
169.542548259872,25.4186693626297,4.10664996248693
503.008087010184,345.511887984851,4.573657002122
42.3600417701561,62.1677718511701,3.78023048429622
546.072010616126,147.409366318726,4.43573899166254
NA,NA,NA
664.114630304775,334.839266564969,3.51469450771965
455.876552234108,297.808304386581,3.48852337183207
5.16297982426463,493.982305768363,3.5477543345212
564.820133814081,51.2628439322806,4.21839739308409
72.5049855136919,374.961684734287,3.92501107989332
225.494101876539,414.925594231008,3.93031302252198
429.479552037339,10.7714086823648,3.37184533609139
361.570445045428,291.498353985706,3.05857606246152
598.559066685411,105.193053694328,4.22635067374141
394.164471315001,228.349701487125,4.25199378341245
574.207454459422,405.926194406478,4.71415171211436
141.06167657498,284.860324399557,4.66944517591237
192.143744022976,370.661469300178,3.92777172195606
125.38081551367,411.261737420212,3.34342168133657
629.088491971493,310.804187013863,4.57366487176755
5.02604544954032,149.775653334181,4.18965055442711
543.318790066265,202.386941131791,4.28306910407437
33.2896471367536,490.779743501126,2.82929911107479
281.278069583708,20.9796140854432,3.92771354612295
534.601526360196,393.612315703111,3.4435740334494
76.104195899816,72.8882584365014,5.09317145358432
6.31325493776491,74.0251013778717,3.31738761405023
589.528241447362,223.885846784467,4.07957866532507
439.127646942062,454.60324674735,4.73013169242057
661.624204805304,373.509065110687,3.07966219135375
106.71450407516,490.842056439018,4.42683155531667
627.637607325018,91.872550497443,4.09828148345315
421.143145288903,259.518066715601,3.57447962017132
12.8903226635902,183.559606676763,3.17318345888991
69.6531656717698,106.618075035018,4.46921921377337
606.555110832222,210.405756788927,4.33226567090795
251.166116228244,219.06304072542,4.03045108233743
575.049382924688,440.285366497368,3.87082210076054
299.17093094305,143.957945180957,3.76079831241853
526.286389947491,459.297698182583,3.72192058462248
41.7664756470159,422.558851134467,3.83246334272711
204.969571292458,277.624585171236,4.06678402130949
547.03839436488,260.989160546284,3.56246558468376
176.313071904354,23.8183795926575,4.20649194689646
499.888244423298,345.786766598119,4.35025923009418
51.1751955755606,46.1028751393488,3.99215313465473
524.795371459281,161.050092151729,4.62600577796955
NA,NA,NA
664.114630304775,334.839266564969,3.51469450771965
455.876552234108,297.808304386581,3.48852337183207
5.16297982426463,493.982305768363,3.5477543345212
564.820133814081,51.2628439322806,4.21839739308409
72.5049855136919,374.961684734287,3.92501107989332
225.494101876539,414.925594231008,3.93031302252198
429.479552037339,10.7714086823648,3.37184533609139
361.570445045428,291.498353985706,3.05857606246152
598.559066685411,105.193053694328,4.22635067374141
394.164471315001,228.349701487125,4.25199378341245
574.207454459422,405.926194406478,4.71415171211436
141.06167657498,284.860324399557,4.66944517591237
192.143744022976,370.661469300178,3.92777172195606
125.38081551367,411.261737420212,3.34342168133657
629.088491971493,310.804187013863,4.57366487176755
5.02604544954032,149.775653334181,4.18965055442711
543.318790066265,202.386941131791,4.28306910407437
33.2896471367536,490.779743501126,2.82929911107479
281.278069583708,20.9796140854432,3.92771354612295
534.601526360196,393.612315703111,3.4435740334494
76.104195899816,72.8882584365014,5.09317145358432
6.31325493776491,74.0251013778717,3.31738761405023
589.528241447362,223.885846784467,4.07957866532507
439.127646942062,454.60324674735,4.73013169242057
661.624204805304,373.509065110687,3.07966219135375
106.71450407516,490.842056439018,4.42683155531667
627.637607325018,91.872550497443,4.09828148345315
421.143145288903,259.518066715601,3.57447962017132
12.8903226635902,183.559606676763,3.17318345888991
69.6531656717698,106.618075035018,4.46921921377337
606.555110832222,210.405756788927,4.33226567090795
251.166116228244,219.06304072542,4.03045108233743
575.049382924688,440.285366497368,3.87082210076054
299.17093094305,143.957945180957,3.76079831241853
526.286389947491,459.297698182583,3.72192058462248
41.7664756470159,422.558851134467,3.83246334272711
204.969571292458,277.624585171236,4.06678402130949
547.03839436488,260.989160546284,3.56246558468376
176.313071904354,23.8183795926575,4.20649194689646
499.888244423298,345.786766598119,4.35025923009418
51.1751955755606,46.1028751393488,3.99215313465473
524.795371459281,161.050092151729,4.62600577796955
NA,NA,NA
664.114630304775,334.839266564969,3.51469450771965
455.876552234108,297.808304386581,3.48852337183207
5.16297982426463,493.982305768363,3.5477543345212
564.820133814081,51.2628439322806,4.21839739308409
72.5049855136919,374.961684734287,3.92501107989332
225.494101876539,414.925594231008,3.93031302252198
429.479552037339,10.7714086823648,3.37184533609139
361.570445045428,291.498353985706,3.05857606246152
598.559066685411,105.193053694328,4.22635067374141
394.164471315001,228.349701487125,4.25199378341245
574.207454459422,405.926194406478,4.71415171211436
141.06167657498,284.860324399557,4.66944517591237
192.143744022976,370.661469300178,3.92777172195606
125.38081551367,411.261737420212,3.34342168133657
629.088491971493,310.804187013863,4.57366487176755
5.02604544954032,149.775653334181,4.18965055442711
543.318790066265,202.386941131791,4.28306910407437
33.2896471367536,490.779743501126,2.82929911107479
281.278069583708,20.9796140854432,3.92771354612295
534.601526360196,393.612315703111,3.4435740334494
76.104195899816,72.8882584365014,5.09317145358432
6.31325493776491,74.0251013778717,3.31738761405023
589.528241447362,223.885846784467,4.07957866532507
439.127646942062,454.60324674735,4.73013169242057
661.624204805304,373.509065110687,3.07966219135375
106.71450407516,490.842056439018,4.42683155531667
627.637607325018,91.872550497443,4.09828148345315
421.143145288903,259.518066715601,3.57447962017132
12.8903226635902,183.559606676763,3.17318345888991
69.6531656717698,106.618075035018,4.46921921377337
606.555110832222,210.405756788927,4.33226567090795
251.166116228244,219.06304072542,4.03045108233743
575.049382924688,440.285366497368,3.87082210076054
299.17093094305,143.957945180957,3.76079831241853
526.286389947491,459.297698182583,3.72192058462248
41.7664756470159,422.558851134467,3.83246334272711
204.969571292458,277.624585171236,4.06678402130949
547.03839436488,260.989160546284,3.56246558468376
176.313071904354,23.8183795926575,4.20649194689646
499.888244423298,345.786766598119,4.35025923009418
51.1751955755606,46.1028751393488,3.99215313465473
524.795371459281,161.050092151729,4.62600577796955
NA,NA,NA
664.114630304775,334.839266564969,3.51469450771965
455.876552234108,297.808304386581,3.48852337183207
5.16297982426463,493.982305768363,3.5477543345212
564.820133814081,51.2628439322806,4.21839739308409
72.5049855136919,374.961684734287,3.92501107989332
225.494101876539,414.925594231008,3.93031302252198
429.479552037339,10.7714086823648,3.37184533609139
361.570445045428,291.498353985706,3.05857606246152
598.559066685411,105.193053694328,4.22635067374141
394.164471315001,228.349701487125,4.25199378341245
574.207454459422,405.926194406478,4.71415171211436
141.06167657498,284.860324399557,4.66944517591237
192.143744022976,370.661469300178,3.92777172195606
125.38081551367,411.261737420212,3.34342168133657
629.088491971493,310.804187013863,4.57366487176755
5.02604544954032,149.775653334181,4.18965055442711
543.318790066265,202.386941131791,4.28306910407437
33.2896471367536,490.779743501126,2.82929911107479
281.278069583708,20.9796140854432,3.92771354612295
534.601526360196,393.612315703111,3.4435740334494
76.104195899816,72.8882584365014,5.09317145358432
6.31325493776491,74.0251013778717,3.31738761405023
589.528241447362,223.885846784467,4.07957866532507
439.127646942062,454.60324674735,4.73013169242057
661.624204805304,373.509065110687,3.07966219135375
106.71450407516,490.842056439018,4.42683155531667
627.637607325018,91.872550497443,4.09828148345315
421.143145288903,259.518066715601,3.57447962017132
12.8903226635902,183.559606676763,3.17318345888991
69.6531656717698,106.618075035018,4.46921921377337
606.555110832222,210.405756788927,4.33226567090795
251.166116228244,219.06304072542,4.03045108233743
575.049382924688,440.285366497368,3.87082210076054
299.17093094305,143.957945180957,3.76079831241853
526.286389947491,459.297698182583,3.72192058462248
41.7664756470159,422.558851134467,3.83246334272711
204.969571292458,277.624585171236,4.06678402130949
547.03839436488,260.989160546284,3.56246558468376
176.313071904354,23.8183795926575,4.20649194689646
499.888244423298,345.786766598119,4.35025923009418
51.1751955755606,46.1028751393488,3.99215313465473
524.795371459281,161.050092151729,4.62600577796955
NA,NA,NA
664.114630304775,334.839266564969,3.51469450771965
455.876552234108,297.808304386581,3.48852337183207
5.16297982426463,493.982305768363,3.5477543345212
564.820133814081,51.2628439322806,4.21839739308409
72.5049855136919,374.961684734287,3.92501107989332
225.494101876539,414.925594231008,3.93031302252198
429.479552037339,10.7714086823648,3.37184533609139
361.570445045428,291.498353985706,3.05857606246152
598.559066685411,105.193053694328,4.22635067374141
394.164471315001,228.349701487125,4.25199378341245
574.207454459422,405.926194406478,4.71415171211436
141.06167657498,284.860324399557,4.66944517591237
192.143744022976,370.661469300178,3.92777172195606
125.38081551367,411.261737420212,3.34342168133657
629.088491971493,310.804187013863,4.57366487176755
5.02604544954032,149.775653334181,4.18965055442711
543.318790066265,202.386941131791,4.28306910407437
33.2896471367536,490.779743501126,2.82929911107479
281.278069583708,20.9796140854432,3.92771354612295
534.601526360196,393.612315703111,3.4435740334494
76.104195899816,72.8882584365014,5.09317145358432
6.31325493776491,74.0251013778717,3.31738761405023
589.528241447362,223.885846784467,4.07957866532507
439.127646942062,454.60324674735,4.73013169242057
661.624204805304,373.509065110687,3.07966219135375
106.71450407516,490.842056439018,4.42683155531667
627.637607325018,91.872550497443,4.09828148345315
421.143145288903,259.518066715601,3.57447962017132
12.8903226635902,183.559606676763,3.17318345888991
69.6531656717698,106.618075035018,4.46921921377337
606.555110832222,210.405756788927,4.33226567090795
251.166116228244,219.06304072542,4.03045108233743
575.049382924688,440.285366497368,3.87082210076054
299.17093094305,143.957945180957,3.76079831241853
526.286389947491,459.297698182583,3.72192058462248
41.7664756470159,422.558851134467,3.83246334272711
204.969571292458,277.624585171236,4.06678402130949
547.03839436488,260.989160546284,3.56246558468376
176.313071904354,23.8183795926575,4.20649194689646
499.888244423298,345.786766598119,4.35025923009418
51.1751955755606,46.1028751393488,3.99215313465473
524.795371459281,161.050092151729,4.62600577796955
NA,NA,NA
664.114630304775,334.839266564969,3.51469450771965
455.876552234108,297.808304386581,3.48852337183207
5.16297982426463,493.982305768363,3.5477543345212
564.820133814081,51.2628439322806,4.21839739308409
72.5049855136919,374.961684734287,3.92501107989332
225.494101876539,414.925594231008,3.93031302252198
429.479552037339,10.7714086823648,3.37184533609139
361.570445045428,291.498353985706,3.05857606246152
598.559066685411,105.193053694328,4.22635067374141
394.164471315001,228.349701487125,4.25199378341245
574.207454459422,405.926194406478,4.71415171211436
141.06167657498,284.860324399557,4.66944517591237
192.143744022976,370.661469300178,3.92777172195606
125.38081551367,411.261737420212,3.34342168133657
629.088491971493,310.804187013863,4.57366487176755
5.02604544954032,149.775653334181,4.18965055442711
543.318790066265,202.386941131791,4.28306910407437
33.2896471367536,490.779743501126,2.82929911107479
281.278069583708,20.9796140854432,3.92771354612295
534.601526360196,393.612315703111,3.4435740334494
76.104195899816,72.8882584365014,5.09317145358432
6.31325493776491,74.0251013778717,3.31738761405023
589.528241447362,223.885846784467,4.07957866532507
439.127646942062,454.60324674735,4.73013169242057
661.624204805304,373.509065110687,3.07966219135375
106.71450407516,490.842056439018,4.42683155531667
627.637607325018,91.872550497443,4.09828148345315
421.143145288903,259.518066715601,3.57447962017132
12.8903226635902,183.559606676763,3.17318345888991
69.6531656717698,106.618075035018,4.46921921377337
606.555110832222,210.405756788927,4.33226567090795
251.166116228244,219.06304072542,4.03045108233743
575.049382924688,440.285366497368,3.87082210076054
299.17093094305,143.957945180957,3.76079831241853
526.286389947491,459.297698182583,3.72192058462248
41.7664756470159,422.558851134467,3.83246334272711
204.969571292458,277.624585171236,4.06678402130949
547.03839436488,260.989160546284,3.56246558468376
176.313071904354,23.8183795926575,4.20649194689646
499.888244423298,345.786766598119,4.35025923009418
51.1751955755606,46.1028751393488,3.99215313465473
524.795371459281,161.050092151729,4.62600577796955
NA,NA,NA
663.492277353972,334.079798884105,3.44239373771073
457.44125947942,298.141755734403,3.57375262476757
10.4431719706401,499.502798727748,3.62944305139239
562.961944748595,52.0794931651838,4.18752805910319
69.1359248772303,368.077085056508,3.93547099291566
229.45193839239,415.562917631915,3.89536492080162
426.878078103055,13.7777228395421,3.3827545145256
362.444574231612,294.109779442097,3.06135936863768
599.793460880078,107.97712919352,4.24178396311279
390.157948904187,230.438601563179,4.11998986989675
564.903902903403,411.476027626445,4.72371466716181
149.076748950249,288.360898362463,4.49610280105925
194.647709775196,374.842801379836,3.92635059588235
122.023744330592,410.765182538954,3.33265454912721
625.382486302719,311.032035515364,4.63658908586131
-3.5284977290972,150.171831612627,4.2847019087316
539.863491568853,206.347157025255,4.22983668358715
33.9156450528633,493.927048020216,2.86587856725354
279.943826731834,23.3448834870362,3.97931475929343
532.665522002855,391.065802666347,3.43075275072637
79.8500704502482,65.4472779355199,5.18974932896599
3.13937105318163,76.6150954976889,3.61067992501127
586.156261875423,226.243900274398,4.03860209854143
445.734858481956,458.130182599049,4.69550291358647
658.217461120279,374.185031018639,3.10086296432306
108.934843561712,489.464823582545,4.3282032811329
622.539309289239,88.6233523756835,4.09997345375377
423.080606466332,257.273338786892,3.66846766290326
9.93266933065855,182.913963872476,3.19858468473597
55.1537564898161,109.223982964676,4.33948693917201
608.83528851924,199.118276123548,4.18989572160783
255.720344869316,223.266512830301,3.71701276896973
571.689374288178,432.002825644659,3.79761514513971
298.951205993565,136.262060025347,4.00013033568101
528.752839083624,464.286805569419,3.66526627723225
36.6217102266421,420.230096043297,3.61069058139092
195.368994117409,288.27997500335,4.11219875695587
552.655604061295,264.250373306958,3.82766798361725
178.244704170108,17.8026375218856,4.55264552873158
497.682096335035,354.097829506817,4.38263794213742
34.3584215142956,57.7842933872757,4.03882574509975
528.165889563687,163.313109540266,4.73314339527536
NA,NA,NA
663.492277353972,334.079798884105,3.44239373771073
457.44125947942,298.141755734403,3.57375262476757
10.4431719706401,499.502798727748,3.62944305139239
562.961944748595,52.0794931651838,4.18752805910319
69.1359248772303,368.077085056508,3.93547099291566
229.45193839239,415.562917631915,3.89536492080162
426.878078103055,13.7777228395421,3.3827545145256
362.444574231612,294.109779442097,3.06135936863768
599.793460880078,107.97712919352,4.24178396311279
390.157948904187,230.438601563179,4.11998986989675
564.903902903403,411.476027626445,4.72371466716181
149.076748950249,288.360898362463,4.49610280105925
194.647709775196,374.842801379836,3.92635059588235
122.023744330592,410.765182538954,3.33265454912721
625.382486302719,311.032035515364,4.63658908586131
-3.5284977290972,150.171831612627,4.2847019087316
539.863491568853,206.347157025255,4.22983668358715
33.9156450528633,493.927048020216,2.86587856725354
279.943826731834,23.3448834870362,3.97931475929343
532.665522002855,391.065802666347,3.43075275072637
79.8500704502482,65.4472779355199,5.18974932896599
3.13937105318163,76.6150954976889,3.61067992501127
586.156261875423,226.243900274398,4.03860209854143
445.734858481956,458.130182599049,4.69550291358647
658.217461120279,374.185031018639,3.10086296432306
108.934843561712,489.464823582545,4.3282032811329
622.539309289239,88.6233523756835,4.09997345375377
423.080606466332,257.273338786892,3.66846766290326
9.93266933065855,182.913963872476,3.19858468473597
55.1537564898161,109.223982964676,4.33948693917201
608.83528851924,199.118276123548,4.18989572160783
255.720344869316,223.266512830301,3.71701276896973
571.689374288178,432.002825644659,3.79761514513971
298.951205993565,136.262060025347,4.00013033568101
528.752839083624,464.286805569419,3.66526627723225
36.6217102266421,420.230096043297,3.61069058139092
195.368994117409,288.27997500335,4.11219875695587
552.655604061295,264.250373306958,3.82766798361725
178.244704170108,17.8026375218856,4.55264552873158
497.682096335035,354.097829506817,4.38263794213742
34.3584215142956,57.7842933872757,4.03882574509975
528.165889563687,163.313109540266,4.73314339527536
NA,NA,NA
663.492277353972,334.079798884105,3.44239373771073
457.44125947942,298.141755734403,3.57375262476757
10.4431719706401,499.502798727748,3.62944305139239
562.961944748595,52.0794931651838,4.18752805910319
69.1359248772303,368.077085056508,3.93547099291566
229.45193839239,415.562917631915,3.89536492080162
426.878078103055,13.7777228395421,3.3827545145256
362.444574231612,294.109779442097,3.06135936863768
599.793460880078,107.97712919352,4.24178396311279
390.157948904187,230.438601563179,4.11998986989675
564.903902903403,411.476027626445,4.72371466716181
149.076748950249,288.360898362463,4.49610280105925
194.647709775196,374.842801379836,3.92635059588235
122.023744330592,410.765182538954,3.33265454912721
625.382486302719,311.032035515364,4.63658908586131
-3.5284977290972,150.171831612627,4.2847019087316
539.863491568853,206.347157025255,4.22983668358715
33.9156450528633,493.927048020216,2.86587856725354
279.943826731834,23.3448834870362,3.97931475929343
532.665522002855,391.065802666347,3.43075275072637
79.8500704502482,65.4472779355199,5.18974932896599
3.13937105318163,76.6150954976889,3.61067992501127
586.156261875423,226.243900274398,4.03860209854143
445.734858481956,458.130182599049,4.69550291358647
658.217461120279,374.185031018639,3.10086296432306
108.934843561712,489.464823582545,4.3282032811329
622.539309289239,88.6233523756835,4.09997345375377
423.080606466332,257.273338786892,3.66846766290326
9.93266933065855,182.913963872476,3.19858468473597
55.1537564898161,109.223982964676,4.33948693917201
608.83528851924,199.118276123548,4.18989572160783
255.720344869316,223.266512830301,3.71701276896973
571.689374288178,432.002825644659,3.79761514513971
298.951205993565,136.262060025347,4.00013033568101
528.752839083624,464.286805569419,3.66526627723225
36.6217102266421,420.230096043297,3.61069058139092
195.368994117409,288.27997500335,4.11219875695587
552.655604061295,264.250373306958,3.82766798361725
178.244704170108,17.8026375218856,4.55264552873158
497.682096335035,354.097829506817,4.38263794213742
34.3584215142956,57.7842933872757,4.03882574509975
528.165889563687,163.313109540266,4.73314339527536
NA,NA,NA
663.492277353972,334.079798884105,3.44239373771073
457.44125947942,298.141755734403,3.57375262476757
10.4431719706401,499.502798727748,3.62944305139239
562.961944748595,52.0794931651838,4.18752805910319
69.1359248772303,368.077085056508,3.93547099291566
229.45193839239,415.562917631915,3.89536492080162
426.878078103055,13.7777228395421,3.3827545145256
362.444574231612,294.109779442097,3.06135936863768
599.793460880078,107.97712919352,4.24178396311279
390.157948904187,230.438601563179,4.11998986989675
564.903902903403,411.476027626445,4.72371466716181
149.076748950249,288.360898362463,4.49610280105925
194.647709775196,374.842801379836,3.92635059588235
122.023744330592,410.765182538954,3.33265454912721
625.382486302719,311.032035515364,4.63658908586131
-3.5284977290972,150.171831612627,4.2847019087316
539.863491568853,206.347157025255,4.22983668358715
33.9156450528633,493.927048020216,2.86587856725354
279.943826731834,23.3448834870362,3.97931475929343
532.665522002855,391.065802666347,3.43075275072637
79.8500704502482,65.4472779355199,5.18974932896599
3.13937105318163,76.6150954976889,3.61067992501127
586.156261875423,226.243900274398,4.03860209854143
445.734858481956,458.130182599049,4.69550291358647
658.217461120279,374.185031018639,3.10086296432306
108.934843561712,489.464823582545,4.3282032811329
622.539309289239,88.6233523756835,4.09997345375377
423.080606466332,257.273338786892,3.66846766290326
9.93266933065855,182.913963872476,3.19858468473597
55.1537564898161,109.223982964676,4.33948693917201
608.83528851924,199.118276123548,4.18989572160783
255.720344869316,223.266512830301,3.71701276896973
571.689374288178,432.002825644659,3.79761514513971
298.951205993565,136.262060025347,4.00013033568101
528.752839083624,464.286805569419,3.66526627723225
36.6217102266421,420.230096043297,3.61069058139092
195.368994117409,288.27997500335,4.11219875695587
552.655604061295,264.250373306958,3.82766798361725
178.244704170108,17.8026375218856,4.55264552873158
497.682096335035,354.097829506817,4.38263794213742
34.3584215142956,57.7842933872757,4.03882574509975
528.165889563687,163.313109540266,4.73314339527536
NA,NA,NA
663.492277353972,334.079798884105,3.44239373771073
457.44125947942,298.141755734403,3.57375262476757
10.4431719706401,499.502798727748,3.62944305139239
562.961944748595,52.0794931651838,4.18752805910319
69.1359248772303,368.077085056508,3.93547099291566
229.45193839239,415.562917631915,3.89536492080162
426.878078103055,13.7777228395421,3.3827545145256
362.444574231612,294.109779442097,3.06135936863768
599.793460880078,107.97712919352,4.24178396311279
390.157948904187,230.438601563179,4.11998986989675
564.903902903403,411.476027626445,4.72371466716181
149.076748950249,288.360898362463,4.49610280105925
194.647709775196,374.842801379836,3.92635059588235
122.023744330592,410.765182538954,3.33265454912721
625.382486302719,311.032035515364,4.63658908586131
-3.5284977290972,150.171831612627,4.2847019087316
539.863491568853,206.347157025255,4.22983668358715
33.9156450528633,493.927048020216,2.86587856725354
279.943826731834,23.3448834870362,3.97931475929343
532.665522002855,391.065802666347,3.43075275072637
79.8500704502482,65.4472779355199,5.18974932896599
3.13937105318163,76.6150954976889,3.61067992501127
586.156261875423,226.243900274398,4.03860209854143
445.734858481956,458.130182599049,4.69550291358647
658.217461120279,374.185031018639,3.10086296432306
108.934843561712,489.464823582545,4.3282032811329
622.539309289239,88.6233523756835,4.09997345375377
423.080606466332,257.273338786892,3.66846766290326
9.93266933065855,182.913963872476,3.19858468473597
55.1537564898161,109.223982964676,4.33948693917201
608.83528851924,199.118276123548,4.18989572160783
255.720344869316,223.266512830301,3.71701276896973
571.689374288178,432.002825644659,3.79761514513971
298.951205993565,136.262060025347,4.00013033568101
528.752839083624,464.286805569419,3.66526627723225
36.6217102266421,420.230096043297,3.61069058139092
195.368994117409,288.27997500335,4.11219875695587
552.655604061295,264.250373306958,3.82766798361725
178.244704170108,17.8026375218856,4.55264552873158
497.682096335035,354.097829506817,4.38263794213742
34.3584215142956,57.7842933872757,4.03882574509975
528.165889563687,163.313109540266,4.73314339527536
NA,NA,NA
663.492277353972,334.079798884105,3.44239373771073
457.44125947942,298.141755734403,3.57375262476757
10.4431719706401,499.502798727748,3.62944305139239
562.961944748595,52.0794931651838,4.18752805910319
69.1359248772303,368.077085056508,3.93547099291566
229.45193839239,415.562917631915,3.89536492080162
426.878078103055,13.7777228395421,3.3827545145256
362.444574231612,294.109779442097,3.06135936863768
599.793460880078,107.97712919352,4.24178396311279
390.157948904187,230.438601563179,4.11998986989675
564.903902903403,411.476027626445,4.72371466716181
149.076748950249,288.360898362463,4.49610280105925
194.647709775196,374.842801379836,3.92635059588235
122.023744330592,410.765182538954,3.33265454912721
625.382486302719,311.032035515364,4.63658908586131
-3.5284977290972,150.171831612627,4.2847019087316
539.863491568853,206.347157025255,4.22983668358715
33.9156450528633,493.927048020216,2.86587856725354
279.943826731834,23.3448834870362,3.97931475929343
532.665522002855,391.065802666347,3.43075275072637
79.8500704502482,65.4472779355199,5.18974932896599
3.13937105318163,76.6150954976889,3.61067992501127
586.156261875423,226.243900274398,4.03860209854143
445.734858481956,458.130182599049,4.69550291358647
658.217461120279,374.185031018639,3.10086296432306
108.934843561712,489.464823582545,4.3282032811329
622.539309289239,88.6233523756835,4.09997345375377
423.080606466332,257.273338786892,3.66846766290326
9.93266933065855,182.913963872476,3.19858468473597
55.1537564898161,109.223982964676,4.33948693917201
608.83528851924,199.118276123548,4.18989572160783
255.720344869316,223.266512830301,3.71701276896973
571.689374288178,432.002825644659,3.79761514513971
298.951205993565,136.262060025347,4.00013033568101
528.752839083624,464.286805569419,3.66526627723225
36.6217102266421,420.230096043297,3.61069058139092
195.368994117409,288.27997500335,4.11219875695587
552.655604061295,264.250373306958,3.82766798361725
178.244704170108,17.8026375218856,4.55264552873158
497.682096335035,354.097829506817,4.38263794213742
34.3584215142956,57.7842933872757,4.03882574509975
528.165889563687,163.313109540266,4.73314339527536
NA,NA,NA
660.82184729578,336.483067436671,3.60961542767617
454.772505205612,301.145139845525,3.5608379851997
11.3593710771671,492.175817935488,3.64612196493645
561.742215429169,51.1139859221998,4.19489106822054
71.8532536453505,376.650042156457,3.9928629555544
223.47772420579,415.151602330206,3.90441536793106
426.820755451672,13.8178947437359,3.29636268145717
360.556956284412,293.013275571811,2.92109322607895
609.181114484947,106.257355429177,4.32391960620479
394.34543301433,228.004337455483,4.16538923880492
567.781215102222,406.500141965379,4.79515596235569
135.702750675317,282.854731558971,4.6069390057975
195.825076746798,368.957798148604,4.01785862867159
123.061211943757,408.537860907717,3.49251112407055
628.327288875537,308.83069250582,4.54730123234614
-1.38962420474861,149.966132149887,4.2075769270397
545.607228413068,202.333251623288,4.18627776087066
32.7805376133554,493.748570287094,3.06674802366234
281.846939008761,24.0822786574074,3.96271809525136
534.855239020727,393.313739773301,3.44903297199855
73.3606717589142,71.8278903646875,5.14479265409232
3.40348128601772,77.7988528232993,3.45507013183006
590.739193935837,227.193809574002,4.00024872735377
440.675767536751,457.273104700618,4.83260155383197
658.536640002433,375.31078624798,2.97654086772495
104.519677047519,490.608978512668,4.37182269700222
622.94820296153,94.8427592918963,4.11118601148859
417.004940263831,260.313972683902,3.51678239374284
9.8222036689473,182.545132337893,3.2608071786968
70.9599633389937,124.000721166484,4.53988820001134
615.707305551406,197.542300473186,4.17701351052097
254.214928385359,221.325200818687,3.68048853266387
567.594928637796,438.341884887475,3.66217825060677
301.3147217924,138.945470865765,3.99256227122849
524.066849726655,461.74698116051,3.63922859614707
45.880102352446,423.767431795148,3.72125485692241
204.925941776414,283.338960220541,3.68893320782746
553.315741651015,260.543172255769,3.84228028662515
172.507501974304,30.0935228022385,4.49259079923695
502.222319677731,338.862736365732,4.76703319840841
46.3441547643803,52.2368555878226,3.24192086811113
534.79062401524,137.342204386165,4.8038928189507
NA,NA,NA
660.82184729578,336.483067436671,3.60961542767617
454.772505205612,301.145139845525,3.5608379851997
11.3593710771671,492.175817935488,3.64612196493645
561.742215429169,51.1139859221998,4.19489106822054
71.8532536453505,376.650042156457,3.9928629555544
223.47772420579,415.151602330206,3.90441536793106
426.820755451672,13.8178947437359,3.29636268145717
360.556956284412,293.013275571811,2.92109322607895
609.181114484947,106.257355429177,4.32391960620479
394.34543301433,228.004337455483,4.16538923880492
567.781215102222,406.500141965379,4.79515596235569
135.702750675317,282.854731558971,4.6069390057975
195.825076746798,368.957798148604,4.01785862867159
123.061211943757,408.537860907717,3.49251112407055
628.327288875537,308.83069250582,4.54730123234614
-1.38962420474861,149.966132149887,4.2075769270397
545.607228413068,202.333251623288,4.18627776087066
32.7805376133554,493.748570287094,3.06674802366234
281.846939008761,24.0822786574074,3.96271809525136
534.855239020727,393.313739773301,3.44903297199855
73.3606717589142,71.8278903646875,5.14479265409232
3.40348128601772,77.7988528232993,3.45507013183006
590.739193935837,227.193809574002,4.00024872735377
440.675767536751,457.273104700618,4.83260155383197
658.536640002433,375.31078624798,2.97654086772495
104.519677047519,490.608978512668,4.37182269700222
622.94820296153,94.8427592918963,4.11118601148859
417.004940263831,260.313972683902,3.51678239374284
9.8222036689473,182.545132337893,3.2608071786968
70.9599633389937,124.000721166484,4.53988820001134
615.707305551406,197.542300473186,4.17701351052097
254.214928385359,221.325200818687,3.68048853266387
567.594928637796,438.341884887475,3.66217825060677
301.3147217924,138.945470865765,3.99256227122849
524.066849726655,461.74698116051,3.63922859614707
45.880102352446,423.767431795148,3.72125485692241
204.925941776414,283.338960220541,3.68893320782746
553.315741651015,260.543172255769,3.84228028662515
172.507501974304,30.0935228022385,4.49259079923695
502.222319677731,338.862736365732,4.76703319840841
46.3441547643803,52.2368555878226,3.24192086811113
534.79062401524,137.342204386165,4.8038928189507
NA,NA,NA
660.82184729578,336.483067436671,3.60961542767617
454.772505205612,301.145139845525,3.5608379851997
11.3593710771671,492.175817935488,3.64612196493645
561.742215429169,51.1139859221998,4.19489106822054
71.8532536453505,376.650042156457,3.9928629555544
223.47772420579,415.151602330206,3.90441536793106
426.820755451672,13.8178947437359,3.29636268145717
360.556956284412,293.013275571811,2.92109322607895
609.181114484947,106.257355429177,4.32391960620479
394.34543301433,228.004337455483,4.16538923880492
567.781215102222,406.500141965379,4.79515596235569
135.702750675317,282.854731558971,4.6069390057975
195.825076746798,368.957798148604,4.01785862867159
123.061211943757,408.537860907717,3.49251112407055
628.327288875537,308.83069250582,4.54730123234614
-1.38962420474861,149.966132149887,4.2075769270397
545.607228413068,202.333251623288,4.18627776087066
32.7805376133554,493.748570287094,3.06674802366234
281.846939008761,24.0822786574074,3.96271809525136
534.855239020727,393.313739773301,3.44903297199855
73.3606717589142,71.8278903646875,5.14479265409232
3.40348128601772,77.7988528232993,3.45507013183006
590.739193935837,227.193809574002,4.00024872735377
440.675767536751,457.273104700618,4.83260155383197
658.536640002433,375.31078624798,2.97654086772495
104.519677047519,490.608978512668,4.37182269700222
622.94820296153,94.8427592918963,4.11118601148859
417.004940263831,260.313972683902,3.51678239374284
9.8222036689473,182.545132337893,3.2608071786968
70.9599633389937,124.000721166484,4.53988820001134
615.707305551406,197.542300473186,4.17701351052097
254.214928385359,221.325200818687,3.68048853266387
567.594928637796,438.341884887475,3.66217825060677
301.3147217924,138.945470865765,3.99256227122849
524.066849726655,461.74698116051,3.63922859614707
45.880102352446,423.767431795148,3.72125485692241
204.925941776414,283.338960220541,3.68893320782746
553.315741651015,260.543172255769,3.84228028662515
172.507501974304,30.0935228022385,4.49259079923695
502.222319677731,338.862736365732,4.76703319840841
46.3441547643803,52.2368555878226,3.24192086811113
534.79062401524,137.342204386165,4.8038928189507
NA,NA,NA
660.82184729578,336.483067436671,3.60961542767617
454.772505205612,301.145139845525,3.5608379851997
11.3593710771671,492.175817935488,3.64612196493645
561.742215429169,51.1139859221998,4.19489106822054
71.8532536453505,376.650042156457,3.9928629555544
223.47772420579,415.151602330206,3.90441536793106
426.820755451672,13.8178947437359,3.29636268145717
360.556956284412,293.013275571811,2.92109322607895
609.181114484947,106.257355429177,4.32391960620479
394.34543301433,228.004337455483,4.16538923880492
567.781215102222,406.500141965379,4.79515596235569
135.702750675317,282.854731558971,4.6069390057975
195.825076746798,368.957798148604,4.01785862867159
123.061211943757,408.537860907717,3.49251112407055
628.327288875537,308.83069250582,4.54730123234614
-1.38962420474861,149.966132149887,4.2075769270397
545.607228413068,202.333251623288,4.18627776087066
32.7805376133554,493.748570287094,3.06674802366234
281.846939008761,24.0822786574074,3.96271809525136
534.855239020727,393.313739773301,3.44903297199855
73.3606717589142,71.8278903646875,5.14479265409232
3.40348128601772,77.7988528232993,3.45507013183006
590.739193935837,227.193809574002,4.00024872735377
440.675767536751,457.273104700618,4.83260155383197
658.536640002433,375.31078624798,2.97654086772495
104.519677047519,490.608978512668,4.37182269700222
622.94820296153,94.8427592918963,4.11118601148859
417.004940263831,260.313972683902,3.51678239374284
9.8222036689473,182.545132337893,3.2608071786968
70.9599633389937,124.000721166484,4.53988820001134
615.707305551406,197.542300473186,4.17701351052097
254.214928385359,221.325200818687,3.68048853266387
567.594928637796,438.341884887475,3.66217825060677
301.3147217924,138.945470865765,3.99256227122849
524.066849726655,461.74698116051,3.63922859614707
45.880102352446,423.767431795148,3.72125485692241
204.925941776414,283.338960220541,3.68893320782746
553.315741651015,260.543172255769,3.84228028662515
172.507501974304,30.0935228022385,4.49259079923695
502.222319677731,338.862736365732,4.76703319840841
46.3441547643803,52.2368555878226,3.24192086811113
534.79062401524,137.342204386165,4.8038928189507
NA,NA,NA
660.82184729578,336.483067436671,3.60961542767617
454.772505205612,301.145139845525,3.5608379851997
11.3593710771671,492.175817935488,3.64612196493645
561.742215429169,51.1139859221998,4.19489106822054
71.8532536453505,376.650042156457,3.9928629555544
223.47772420579,415.151602330206,3.90441536793106
426.820755451672,13.8178947437359,3.29636268145717
360.556956284412,293.013275571811,2.92109322607895
609.181114484947,106.257355429177,4.32391960620479
394.34543301433,228.004337455483,4.16538923880492
567.781215102222,406.500141965379,4.79515596235569
135.702750675317,282.854731558971,4.6069390057975
195.825076746798,368.957798148604,4.01785862867159
123.061211943757,408.537860907717,3.49251112407055
628.327288875537,308.83069250582,4.54730123234614
-1.38962420474861,149.966132149887,4.2075769270397
545.607228413068,202.333251623288,4.18627776087066
32.7805376133554,493.748570287094,3.06674802366234
281.846939008761,24.0822786574074,3.96271809525136
534.855239020727,393.313739773301,3.44903297199855
73.3606717589142,71.8278903646875,5.14479265409232
3.40348128601772,77.7988528232993,3.45507013183006
590.739193935837,227.193809574002,4.00024872735377
440.675767536751,457.273104700618,4.83260155383197
658.536640002433,375.31078624798,2.97654086772495
104.519677047519,490.608978512668,4.37182269700222
622.94820296153,94.8427592918963,4.11118601148859
417.004940263831,260.313972683902,3.51678239374284
9.8222036689473,182.545132337893,3.2608071786968
70.9599633389937,124.000721166484,4.53988820001134
615.707305551406,197.542300473186,4.17701351052097
254.214928385359,221.325200818687,3.68048853266387
567.594928637796,438.341884887475,3.66217825060677
301.3147217924,138.945470865765,3.99256227122849
524.066849726655,461.74698116051,3.63922859614707
45.880102352446,423.767431795148,3.72125485692241
204.925941776414,283.338960220541,3.68893320782746
553.315741651015,260.543172255769,3.84228028662515
172.507501974304,30.0935228022385,4.49259079923695
502.222319677731,338.862736365732,4.76703319840841
46.3441547643803,52.2368555878226,3.24192086811113
534.79062401524,137.342204386165,4.8038928189507
NA,NA,NA
660.82184729578,336.483067436671,3.60961542767617
454.772505205612,301.145139845525,3.5608379851997
11.3593710771671,492.175817935488,3.64612196493645
561.742215429169,51.1139859221998,4.19489106822054
71.8532536453505,376.650042156457,3.9928629555544
223.47772420579,415.151602330206,3.90441536793106
426.820755451672,13.8178947437359,3.29636268145717
360.556956284412,293.013275571811,2.92109322607895
609.181114484947,106.257355429177,4.32391960620479
394.34543301433,228.004337455483,4.16538923880492
567.781215102222,406.500141965379,4.79515596235569
135.702750675317,282.854731558971,4.6069390057975
195.825076746798,368.957798148604,4.01785862867159
123.061211943757,408.537860907717,3.49251112407055
628.327288875537,308.83069250582,4.54730123234614
-1.38962420474861,149.966132149887,4.2075769270397
545.607228413068,202.333251623288,4.18627776087066
32.7805376133554,493.748570287094,3.06674802366234
281.846939008761,24.0822786574074,3.96271809525136
534.855239020727,393.313739773301,3.44903297199855
73.3606717589142,71.8278903646875,5.14479265409232
3.40348128601772,77.7988528232993,3.45507013183006
590.739193935837,227.193809574002,4.00024872735377
440.675767536751,457.273104700618,4.83260155383197
658.536640002433,375.31078624798,2.97654086772495
104.519677047519,490.608978512668,4.37182269700222
622.94820296153,94.8427592918963,4.11118601148859
417.004940263831,260.313972683902,3.51678239374284
9.8222036689473,182.545132337893,3.2608071786968
70.9599633389937,124.000721166484,4.53988820001134
615.707305551406,197.542300473186,4.17701351052097
254.214928385359,221.325200818687,3.68048853266387
567.594928637796,438.341884887475,3.66217825060677
301.3147217924,138.945470865765,3.99256227122849
524.066849726655,461.74698116051,3.63922859614707
45.880102352446,423.767431795148,3.72125485692241
204.925941776414,283.338960220541,3.68893320782746
553.315741651015,260.543172255769,3.84228028662515
172.507501974304,30.0935228022385,4.49259079923695
502.222319677731,338.862736365732,4.76703319840841
46.3441547643803,52.2368555878226,3.24192086811113
534.79062401524,137.342204386165,4.8038928189507
NA,NA,NA
660.462140116523,333.607365331549,3.45058592344563
452.566243028914,299.067269339323,3.70818065211011
11.9750302683715,492.563538793526,3.58599186275731
559.764250829401,56.3155403302328,4.06215307257874
69.2752103596432,374.603732188419,3.99150427114726
231.030592572756,413.622754749822,3.88447566272639
429.640296913396,10.7228524929201,3.30229994003936
361.622059769857,293.288558359558,2.9307995323069
606.499908065352,104.12328203076,4.14783850427613
389.05076182494,231.158854057244,4.12434140992757
563.945039183207,413.266531173746,4.76194876989473
142.415643491109,281.651883791291,4.70215069020756
197.469741159314,371.990112930667,3.97529967208127
129.036137365428,411.90403372847,3.37741780409183
632.930120019776,315.551166939277,4.62901961713742
2.70248956702495,147.967663192844,4.19456747871681
547.001984142973,201.700719223662,4.24971320936283
32.3511917449536,489.808574260724,2.92002291888994
279.24918973789,24.4170993435644,3.72603246514814
533.857680920818,395.632124221855,3.377010414905
75.4375998127117,77.3919728963336,5.26209806679249
7.41069231648634,73.8297315887776,3.56047069030373
585.134488789261,226.499324288082,4.10704008682647
445.353685661214,454.366847750752,4.83938408989887
659.457860168868,374.69956689209,2.97783375889214
102.604292295394,488.598616240939,4.39386520570952
622.174411892713,88.7471040099208,3.99760942380972
419.22945124158,259.694996711119,3.5971633063761
10.9059134409502,180.704456218707,3.21838643036948
66.9108470595481,133.822595947066,4.43861757156665
618.866040973581,203.350076746648,4.40822508074476
257.692083649994,216.909371408136,3.90321569029366
571.787279555316,426.997165776307,4.04090649771234
302.019351013545,137.639427716307,4.0258416234491
527.611603054624,455.745011001992,3.38819902606017
51.3099248222503,418.298516486767,3.8276837519264
198.189649487537,287.932021432791,3.85679788309921
552.125038315843,262.248304205579,3.73636414664269
176.311046868416,21.8602175631652,4.46724921037673
491.011034907026,349.178887990766,4.40554093949106
17.2413814455988,49.0838859288342,4.1842562766398
535.543381941329,145.469879321353,4.79043709008386
NA,NA,NA
660.462140116523,333.607365331549,3.45058592344563
452.566243028914,299.067269339323,3.70818065211011
11.9750302683715,492.563538793526,3.58599186275731
559.764250829401,56.3155403302328,4.06215307257874
69.2752103596432,374.603732188419,3.99150427114726
231.030592572756,413.622754749822,3.88447566272639
429.640296913396,10.7228524929201,3.30229994003936
361.622059769857,293.288558359558,2.9307995323069
606.499908065352,104.12328203076,4.14783850427613
389.05076182494,231.158854057244,4.12434140992757
563.945039183207,413.266531173746,4.76194876989473
142.415643491109,281.651883791291,4.70215069020756
197.469741159314,371.990112930667,3.97529967208127
129.036137365428,411.90403372847,3.37741780409183
632.930120019776,315.551166939277,4.62901961713742
2.70248956702495,147.967663192844,4.19456747871681
547.001984142973,201.700719223662,4.24971320936283
32.3511917449536,489.808574260724,2.92002291888994
279.24918973789,24.4170993435644,3.72603246514814
533.857680920818,395.632124221855,3.377010414905
75.4375998127117,77.3919728963336,5.26209806679249
7.41069231648634,73.8297315887776,3.56047069030373
585.134488789261,226.499324288082,4.10704008682647
445.353685661214,454.366847750752,4.83938408989887
659.457860168868,374.69956689209,2.97783375889214
102.604292295394,488.598616240939,4.39386520570952
622.174411892713,88.7471040099208,3.99760942380972
419.22945124158,259.694996711119,3.5971633063761
10.9059134409502,180.704456218707,3.21838643036948
66.9108470595481,133.822595947066,4.43861757156665
618.866040973581,203.350076746648,4.40822508074476
257.692083649994,216.909371408136,3.90321569029366
571.787279555316,426.997165776307,4.04090649771234
302.019351013545,137.639427716307,4.0258416234491
527.611603054624,455.745011001992,3.38819902606017
51.3099248222503,418.298516486767,3.8276837519264
198.189649487537,287.932021432791,3.85679788309921
552.125038315843,262.248304205579,3.73636414664269
176.311046868416,21.8602175631652,4.46724921037673
491.011034907026,349.178887990766,4.40554093949106
17.2413814455988,49.0838859288342,4.1842562766398
535.543381941329,145.469879321353,4.79043709008386
NA,NA,NA
660.462140116523,333.607365331549,3.45058592344563
452.566243028914,299.067269339323,3.70818065211011
11.9750302683715,492.563538793526,3.58599186275731
559.764250829401,56.3155403302328,4.06215307257874
69.2752103596432,374.603732188419,3.99150427114726
231.030592572756,413.622754749822,3.88447566272639
429.640296913396,10.7228524929201,3.30229994003936
361.622059769857,293.288558359558,2.9307995323069
606.499908065352,104.12328203076,4.14783850427613
389.05076182494,231.158854057244,4.12434140992757
563.945039183207,413.266531173746,4.76194876989473
142.415643491109,281.651883791291,4.70215069020756
197.469741159314,371.990112930667,3.97529967208127
129.036137365428,411.90403372847,3.37741780409183
632.930120019776,315.551166939277,4.62901961713742
2.70248956702495,147.967663192844,4.19456747871681
547.001984142973,201.700719223662,4.24971320936283
32.3511917449536,489.808574260724,2.92002291888994
279.24918973789,24.4170993435644,3.72603246514814
533.857680920818,395.632124221855,3.377010414905
75.4375998127117,77.3919728963336,5.26209806679249
7.41069231648634,73.8297315887776,3.56047069030373
585.134488789261,226.499324288082,4.10704008682647
445.353685661214,454.366847750752,4.83938408989887
659.457860168868,374.69956689209,2.97783375889214
102.604292295394,488.598616240939,4.39386520570952
622.174411892713,88.7471040099208,3.99760942380972
419.22945124158,259.694996711119,3.5971633063761
10.9059134409502,180.704456218707,3.21838643036948
66.9108470595481,133.822595947066,4.43861757156665
618.866040973581,203.350076746648,4.40822508074476
257.692083649994,216.909371408136,3.90321569029366
571.787279555316,426.997165776307,4.04090649771234
302.019351013545,137.639427716307,4.0258416234491
527.611603054624,455.745011001992,3.38819902606017
51.3099248222503,418.298516486767,3.8276837519264
198.189649487537,287.932021432791,3.85679788309921
552.125038315843,262.248304205579,3.73636414664269
176.311046868416,21.8602175631652,4.46724921037673
491.011034907026,349.178887990766,4.40554093949106
17.2413814455988,49.0838859288342,4.1842562766398
535.543381941329,145.469879321353,4.79043709008386
NA,NA,NA
660.462140116523,333.607365331549,3.45058592344563
452.566243028914,299.067269339323,3.70818065211011
11.9750302683715,492.563538793526,3.58599186275731
559.764250829401,56.3155403302328,4.06215307257874
69.2752103596432,374.603732188419,3.99150427114726
231.030592572756,413.622754749822,3.88447566272639
429.640296913396,10.7228524929201,3.30229994003936
361.622059769857,293.288558359558,2.9307995323069
606.499908065352,104.12328203076,4.14783850427613
389.05076182494,231.158854057244,4.12434140992757
563.945039183207,413.266531173746,4.76194876989473
142.415643491109,281.651883791291,4.70215069020756
197.469741159314,371.990112930667,3.97529967208127
129.036137365428,411.90403372847,3.37741780409183
632.930120019776,315.551166939277,4.62901961713742
2.70248956702495,147.967663192844,4.19456747871681
547.001984142973,201.700719223662,4.24971320936283
32.3511917449536,489.808574260724,2.92002291888994
279.24918973789,24.4170993435644,3.72603246514814
533.857680920818,395.632124221855,3.377010414905
75.4375998127117,77.3919728963336,5.26209806679249
7.41069231648634,73.8297315887776,3.56047069030373
585.134488789261,226.499324288082,4.10704008682647
445.353685661214,454.366847750752,4.83938408989887
659.457860168868,374.69956689209,2.97783375889214
102.604292295394,488.598616240939,4.39386520570952
622.174411892713,88.7471040099208,3.99760942380972
419.22945124158,259.694996711119,3.5971633063761
10.9059134409502,180.704456218707,3.21838643036948
66.9108470595481,133.822595947066,4.43861757156665
618.866040973581,203.350076746648,4.40822508074476
257.692083649994,216.909371408136,3.90321569029366
571.787279555316,426.997165776307,4.04090649771234
302.019351013545,137.639427716307,4.0258416234491
527.611603054624,455.745011001992,3.38819902606017
51.3099248222503,418.298516486767,3.8276837519264
198.189649487537,287.932021432791,3.85679788309921
552.125038315843,262.248304205579,3.73636414664269
176.311046868416,21.8602175631652,4.46724921037673
491.011034907026,349.178887990766,4.40554093949106
17.2413814455988,49.0838859288342,4.1842562766398
535.543381941329,145.469879321353,4.79043709008386
NA,NA,NA
660.462140116523,333.607365331549,3.45058592344563
452.566243028914,299.067269339323,3.70818065211011
11.9750302683715,492.563538793526,3.58599186275731
559.764250829401,56.3155403302328,4.06215307257874
69.2752103596432,374.603732188419,3.99150427114726
231.030592572756,413.622754749822,3.88447566272639
429.640296913396,10.7228524929201,3.30229994003936
361.622059769857,293.288558359558,2.9307995323069
606.499908065352,104.12328203076,4.14783850427613
389.05076182494,231.158854057244,4.12434140992757
563.945039183207,413.266531173746,4.76194876989473
142.415643491109,281.651883791291,4.70215069020756
197.469741159314,371.990112930667,3.97529967208127
129.036137365428,411.90403372847,3.37741780409183
632.930120019776,315.551166939277,4.62901961713742
2.70248956702495,147.967663192844,4.19456747871681
547.001984142973,201.700719223662,4.24971320936283
32.3511917449536,489.808574260724,2.92002291888994
279.24918973789,24.4170993435644,3.72603246514814
533.857680920818,395.632124221855,3.377010414905
75.4375998127117,77.3919728963336,5.26209806679249
7.41069231648634,73.8297315887776,3.56047069030373
585.134488789261,226.499324288082,4.10704008682647
445.353685661214,454.366847750752,4.83938408989887
659.457860168868,374.69956689209,2.97783375889214
102.604292295394,488.598616240939,4.39386520570952
622.174411892713,88.7471040099208,3.99760942380972
419.22945124158,259.694996711119,3.5971633063761
10.9059134409502,180.704456218707,3.21838643036948
66.9108470595481,133.822595947066,4.43861757156665
618.866040973581,203.350076746648,4.40822508074476
257.692083649994,216.909371408136,3.90321569029366
571.787279555316,426.997165776307,4.04090649771234
302.019351013545,137.639427716307,4.0258416234491
527.611603054624,455.745011001992,3.38819902606017
51.3099248222503,418.298516486767,3.8276837519264
198.189649487537,287.932021432791,3.85679788309921
552.125038315843,262.248304205579,3.73636414664269
176.311046868416,21.8602175631652,4.46724921037673
491.011034907026,349.178887990766,4.40554093949106
17.2413814455988,49.0838859288342,4.1842562766398
535.543381941329,145.469879321353,4.79043709008386
NA,NA,NA
660.462140116523,333.607365331549,3.45058592344563
452.566243028914,299.067269339323,3.70818065211011
11.9750302683715,492.563538793526,3.58599186275731
559.764250829401,56.3155403302328,4.06215307257874
69.2752103596432,374.603732188419,3.99150427114726
231.030592572756,413.622754749822,3.88447566272639
429.640296913396,10.7228524929201,3.30229994003936
361.622059769857,293.288558359558,2.9307995323069
606.499908065352,104.12328203076,4.14783850427613
389.05076182494,231.158854057244,4.12434140992757
563.945039183207,413.266531173746,4.76194876989473
142.415643491109,281.651883791291,4.70215069020756
197.469741159314,371.990112930667,3.97529967208127
129.036137365428,411.90403372847,3.37741780409183
632.930120019776,315.551166939277,4.62901961713742
2.70248956702495,147.967663192844,4.19456747871681
547.001984142973,201.700719223662,4.24971320936283
32.3511917449536,489.808574260724,2.92002291888994
279.24918973789,24.4170993435644,3.72603246514814
533.857680920818,395.632124221855,3.377010414905
75.4375998127117,77.3919728963336,5.26209806679249
7.41069231648634,73.8297315887776,3.56047069030373
585.134488789261,226.499324288082,4.10704008682647
445.353685661214,454.366847750752,4.83938408989887
659.457860168868,374.69956689209,2.97783375889214
102.604292295394,488.598616240939,4.39386520570952
622.174411892713,88.7471040099208,3.99760942380972
419.22945124158,259.694996711119,3.5971633063761
10.9059134409502,180.704456218707,3.21838643036948
66.9108470595481,133.822595947066,4.43861757156665
618.866040973581,203.350076746648,4.40822508074476
257.692083649994,216.909371408136,3.90321569029366
571.787279555316,426.997165776307,4.04090649771234
302.019351013545,137.639427716307,4.0258416234491
527.611603054624,455.745011001992,3.38819902606017
51.3099248222503,418.298516486767,3.8276837519264
198.189649487537,287.932021432791,3.85679788309921
552.125038315843,262.248304205579,3.73636414664269
176.311046868416,21.8602175631652,4.46724921037673
491.011034907026,349.178887990766,4.40554093949106
17.2413814455988,49.0838859288342,4.1842562766398
535.543381941329,145.469879321353,4.79043709008386
NA,NA,NA
660.028076531272,335.271934725801,3.57667108423537
457.462627456418,301.477118009511,3.5655123222657
10.349397268506,494.035258791979,3.52017408291684
567.917289091365,49.8477840492059,4.14959981837588
73.962999842969,374.759826216786,3.9596710408346
227.06481280776,416.410738958922,3.95924901532736
428.175179618011,15.4280637595257,3.1454931435208
362.402697925141,292.124111089715,3.05103756857167
610.281233774816,102.940867099236,4.25525118112323
394.128677392828,230.381979332895,4.15716793694293
566.705824106476,407.876034497204,4.70407529993487
143.58526118276,281.48457318408,4.54443718284221
195.462447851082,365.373804601626,3.94105001990097
127.335980417396,408.147175493357,3.45041771605952
625.433661336919,318.245712814126,4.62757970178423
2.27516190062428,145.85653128692,4.33470768431429
539.551664221425,201.048505688417,4.29526389009291
32.8844615919581,490.654303192138,2.95569742595919
282.158223700643,22.8513870969067,3.87983621666467
532.224661550633,390.130943095582,3.47848276783849
66.8579527976429,81.9448044428996,5.25328904771202
2.45235267303892,76.7426907050901,3.45513876979366
592.927343526369,224.640809046376,4.12485267276646
437.351847593724,452.927117457818,4.71512991608275
660.118038140361,372.592088974286,3.14481281637122
102.336745992193,483.110310833263,4.39654743420041
626.668861474802,91.0265282278836,4.084280390388
418.78711688269,255.979259944171,3.60299236216827
10.1291729020681,182.737226519764,3.10226949833367
73.8142265465265,112.882925930552,4.61484471648103
596.06790635807,210.322823554644,4.27600414950482
253.122549900152,223.857188287751,3.81591554768172
577.469768181604,438.150088057721,3.98731210307631
294.812900291649,136.859920072807,3.81217309055553
524.678795158551,465.377722763843,3.72113974547745
40.3530363918448,416.75454026719,3.86703054764356
195.294672638533,296.311673618202,4.05557910738041
542.465961010347,259.693375858986,3.69736957203205
168.268777340709,24.319821219352,4.45106359908205
496.726303376161,354.129061260045,4.35948837245335
39.7481790277877,48.9637344410912,3.53127179423486
522.050527386604,146.046380377255,4.73048712751155
NA,NA,NA
660.028076531272,335.271934725801,3.57667108423537
457.462627456418,301.477118009511,3.5655123222657
10.349397268506,494.035258791979,3.52017408291684
567.917289091365,49.8477840492059,4.14959981837588
73.962999842969,374.759826216786,3.9596710408346
227.06481280776,416.410738958922,3.95924901532736
428.175179618011,15.4280637595257,3.1454931435208
362.402697925141,292.124111089715,3.05103756857167
610.281233774816,102.940867099236,4.25525118112323
394.128677392828,230.381979332895,4.15716793694293
566.705824106476,407.876034497204,4.70407529993487
143.58526118276,281.48457318408,4.54443718284221
195.462447851082,365.373804601626,3.94105001990097
127.335980417396,408.147175493357,3.45041771605952
625.433661336919,318.245712814126,4.62757970178423
2.27516190062428,145.85653128692,4.33470768431429
539.551664221425,201.048505688417,4.29526389009291
32.8844615919581,490.654303192138,2.95569742595919
282.158223700643,22.8513870969067,3.87983621666467
532.224661550633,390.130943095582,3.47848276783849
66.8579527976429,81.9448044428996,5.25328904771202
2.45235267303892,76.7426907050901,3.45513876979366
592.927343526369,224.640809046376,4.12485267276646
437.351847593724,452.927117457818,4.71512991608275
660.118038140361,372.592088974286,3.14481281637122
102.336745992193,483.110310833263,4.39654743420041
626.668861474802,91.0265282278836,4.084280390388
418.78711688269,255.979259944171,3.60299236216827
10.1291729020681,182.737226519764,3.10226949833367
73.8142265465265,112.882925930552,4.61484471648103
596.06790635807,210.322823554644,4.27600414950482
253.122549900152,223.857188287751,3.81591554768172
577.469768181604,438.150088057721,3.98731210307631
294.812900291649,136.859920072807,3.81217309055553
524.678795158551,465.377722763843,3.72113974547745
40.3530363918448,416.75454026719,3.86703054764356
195.294672638533,296.311673618202,4.05557910738041
542.465961010347,259.693375858986,3.69736957203205
168.268777340709,24.319821219352,4.45106359908205
496.726303376161,354.129061260045,4.35948837245335
39.7481790277877,48.9637344410912,3.53127179423486
522.050527386604,146.046380377255,4.73048712751155
NA,NA,NA
660.028076531272,335.271934725801,3.57667108423537
457.462627456418,301.477118009511,3.5655123222657
10.349397268506,494.035258791979,3.52017408291684
567.917289091365,49.8477840492059,4.14959981837588
73.962999842969,374.759826216786,3.9596710408346
227.06481280776,416.410738958922,3.95924901532736
428.175179618011,15.4280637595257,3.1454931435208
362.402697925141,292.124111089715,3.05103756857167
610.281233774816,102.940867099236,4.25525118112323
394.128677392828,230.381979332895,4.15716793694293
566.705824106476,407.876034497204,4.70407529993487
143.58526118276,281.48457318408,4.54443718284221
195.462447851082,365.373804601626,3.94105001990097
127.335980417396,408.147175493357,3.45041771605952
625.433661336919,318.245712814126,4.62757970178423
2.27516190062428,145.85653128692,4.33470768431429
539.551664221425,201.048505688417,4.29526389009291
32.8844615919581,490.654303192138,2.95569742595919
282.158223700643,22.8513870969067,3.87983621666467
532.224661550633,390.130943095582,3.47848276783849
66.8579527976429,81.9448044428996,5.25328904771202
2.45235267303892,76.7426907050901,3.45513876979366
592.927343526369,224.640809046376,4.12485267276646
437.351847593724,452.927117457818,4.71512991608275
660.118038140361,372.592088974286,3.14481281637122
102.336745992193,483.110310833263,4.39654743420041
626.668861474802,91.0265282278836,4.084280390388
418.78711688269,255.979259944171,3.60299236216827
10.1291729020681,182.737226519764,3.10226949833367
73.8142265465265,112.882925930552,4.61484471648103
596.06790635807,210.322823554644,4.27600414950482
253.122549900152,223.857188287751,3.81591554768172
577.469768181604,438.150088057721,3.98731210307631
294.812900291649,136.859920072807,3.81217309055553
524.678795158551,465.377722763843,3.72113974547745
40.3530363918448,416.75454026719,3.86703054764356
195.294672638533,296.311673618202,4.05557910738041
542.465961010347,259.693375858986,3.69736957203205
168.268777340709,24.319821219352,4.45106359908205
496.726303376161,354.129061260045,4.35948837245335
39.7481790277877,48.9637344410912,3.53127179423486
522.050527386604,146.046380377255,4.73048712751155
NA,NA,NA
660.028076531272,335.271934725801,3.57667108423537
457.462627456418,301.477118009511,3.5655123222657
10.349397268506,494.035258791979,3.52017408291684
567.917289091365,49.8477840492059,4.14959981837588
73.962999842969,374.759826216786,3.9596710408346
227.06481280776,416.410738958922,3.95924901532736
428.175179618011,15.4280637595257,3.1454931435208
362.402697925141,292.124111089715,3.05103756857167
610.281233774816,102.940867099236,4.25525118112323
394.128677392828,230.381979332895,4.15716793694293
566.705824106476,407.876034497204,4.70407529993487
143.58526118276,281.48457318408,4.54443718284221
195.462447851082,365.373804601626,3.94105001990097
127.335980417396,408.147175493357,3.45041771605952
625.433661336919,318.245712814126,4.62757970178423
2.27516190062428,145.85653128692,4.33470768431429
539.551664221425,201.048505688417,4.29526389009291
32.8844615919581,490.654303192138,2.95569742595919
282.158223700643,22.8513870969067,3.87983621666467
532.224661550633,390.130943095582,3.47848276783849
66.8579527976429,81.9448044428996,5.25328904771202
2.45235267303892,76.7426907050901,3.45513876979366
592.927343526369,224.640809046376,4.12485267276646
437.351847593724,452.927117457818,4.71512991608275
660.118038140361,372.592088974286,3.14481281637122
102.336745992193,483.110310833263,4.39654743420041
626.668861474802,91.0265282278836,4.084280390388
418.78711688269,255.979259944171,3.60299236216827
10.1291729020681,182.737226519764,3.10226949833367
73.8142265465265,112.882925930552,4.61484471648103
596.06790635807,210.322823554644,4.27600414950482
253.122549900152,223.857188287751,3.81591554768172
577.469768181604,438.150088057721,3.98731210307631
294.812900291649,136.859920072807,3.81217309055553
524.678795158551,465.377722763843,3.72113974547745
40.3530363918448,416.75454026719,3.86703054764356
195.294672638533,296.311673618202,4.05557910738041
542.465961010347,259.693375858986,3.69736957203205
168.268777340709,24.319821219352,4.45106359908205
496.726303376161,354.129061260045,4.35948837245335
39.7481790277877,48.9637344410912,3.53127179423486
522.050527386604,146.046380377255,4.73048712751155
NA,NA,NA
660.028076531272,335.271934725801,3.57667108423537
457.462627456418,301.477118009511,3.5655123222657
10.349397268506,494.035258791979,3.52017408291684
567.917289091365,49.8477840492059,4.14959981837588
73.962999842969,374.759826216786,3.9596710408346
227.06481280776,416.410738958922,3.95924901532736
428.175179618011,15.4280637595257,3.1454931435208
362.402697925141,292.124111089715,3.05103756857167
610.281233774816,102.940867099236,4.25525118112323
394.128677392828,230.381979332895,4.15716793694293
566.705824106476,407.876034497204,4.70407529993487
143.58526118276,281.48457318408,4.54443718284221
195.462447851082,365.373804601626,3.94105001990097
127.335980417396,408.147175493357,3.45041771605952
625.433661336919,318.245712814126,4.62757970178423
2.27516190062428,145.85653128692,4.33470768431429
539.551664221425,201.048505688417,4.29526389009291
32.8844615919581,490.654303192138,2.95569742595919
282.158223700643,22.8513870969067,3.87983621666467
532.224661550633,390.130943095582,3.47848276783849
66.8579527976429,81.9448044428996,5.25328904771202
2.45235267303892,76.7426907050901,3.45513876979366
592.927343526369,224.640809046376,4.12485267276646
437.351847593724,452.927117457818,4.71512991608275
660.118038140361,372.592088974286,3.14481281637122
102.336745992193,483.110310833263,4.39654743420041
626.668861474802,91.0265282278836,4.084280390388
418.78711688269,255.979259944171,3.60299236216827
10.1291729020681,182.737226519764,3.10226949833367
73.8142265465265,112.882925930552,4.61484471648103
596.06790635807,210.322823554644,4.27600414950482
253.122549900152,223.857188287751,3.81591554768172
577.469768181604,438.150088057721,3.98731210307631
294.812900291649,136.859920072807,3.81217309055553
524.678795158551,465.377722763843,3.72113974547745
40.3530363918448,416.75454026719,3.86703054764356
195.294672638533,296.311673618202,4.05557910738041
542.465961010347,259.693375858986,3.69736957203205
168.268777340709,24.319821219352,4.45106359908205
496.726303376161,354.129061260045,4.35948837245335
39.7481790277877,48.9637344410912,3.53127179423486
522.050527386604,146.046380377255,4.73048712751155
NA,NA,NA
660.028076531272,335.271934725801,3.57667108423537
457.462627456418,301.477118009511,3.5655123222657
10.349397268506,494.035258791979,3.52017408291684
567.917289091365,49.8477840492059,4.14959981837588
73.962999842969,374.759826216786,3.9596710408346
227.06481280776,416.410738958922,3.95924901532736
428.175179618011,15.4280637595257,3.1454931435208
362.402697925141,292.124111089715,3.05103756857167
610.281233774816,102.940867099236,4.25525118112323
394.128677392828,230.381979332895,4.15716793694293
566.705824106476,407.876034497204,4.70407529993487
143.58526118276,281.48457318408,4.54443718284221
195.462447851082,365.373804601626,3.94105001990097
127.335980417396,408.147175493357,3.45041771605952
625.433661336919,318.245712814126,4.62757970178423
2.27516190062428,145.85653128692,4.33470768431429
539.551664221425,201.048505688417,4.29526389009291
32.8844615919581,490.654303192138,2.95569742595919
282.158223700643,22.8513870969067,3.87983621666467
532.224661550633,390.130943095582,3.47848276783849
66.8579527976429,81.9448044428996,5.25328904771202
2.45235267303892,76.7426907050901,3.45513876979366
592.927343526369,224.640809046376,4.12485267276646
437.351847593724,452.927117457818,4.71512991608275
660.118038140361,372.592088974286,3.14481281637122
102.336745992193,483.110310833263,4.39654743420041
626.668861474802,91.0265282278836,4.084280390388
418.78711688269,255.979259944171,3.60299236216827
10.1291729020681,182.737226519764,3.10226949833367
73.8142265465265,112.882925930552,4.61484471648103
596.06790635807,210.322823554644,4.27600414950482
253.122549900152,223.857188287751,3.81591554768172
577.469768181604,438.150088057721,3.98731210307631
294.812900291649,136.859920072807,3.81217309055553
524.678795158551,465.377722763843,3.72113974547745
40.3530363918448,416.75454026719,3.86703054764356
195.294672638533,296.311673618202,4.05557910738041
542.465961010347,259.693375858986,3.69736957203205
168.268777340709,24.319821219352,4.45106359908205
496.726303376161,354.129061260045,4.35948837245335
39.7481790277877,48.9637344410912,3.53127179423486
522.050527386604,146.046380377255,4.73048712751155
NA,NA,NA
662.111653471562,336.757580064036,3.51493054673383
458.712036391836,299.522001106122,3.5785571897309
11.4215222956179,493.514466581199,3.53724832262206
555.966021600475,50.1886944206051,4.2695601279455
72.3856186646249,373.592104967595,4.06028653551046
229.294116662831,410.902738787395,3.91605900441543
427.526339707694,10.0705914726182,3.21109922220342
361.957011842987,292.34146179851,3.03432610412152
602.885186405502,103.064282964357,4.32222241648139
393.235350487862,230.670922971026,4.09913906052046
569.570413397443,407.085778255207,4.7409076907422
142.826242136511,284.405721993481,4.52155665218237
198.620293260826,368.96514642146,3.92748536285183
124.358100477931,412.518997615001,3.48077871361738
629.410244204293,311.680598638039,4.52041756411783
8.4319975178598,149.782217222776,4.26876986018056
543.453003654009,201.584230676717,4.12771258154671
32.0399909461272,490.838080913958,3.0294364687539
277.977478682095,21.6728357421379,3.97593051309075
531.974671251494,391.374161652411,3.40194285832413
72.9796002494664,81.2150583165164,5.15781044667848
4.38461418074789,72.9720582167187,3.49550145322456
587.863858596255,227.63610502074,3.98862855598512
440.895913403176,463.197502160312,4.86947696476736
659.865350185767,373.55308221109,2.92739338464466
110.568199196912,486.923941286841,4.2602601210339
626.209081978728,94.53262242565,4.06551192741299
417.173196153751,257.651540593487,3.64261522175425
11.1639458318241,181.878093829449,3.08322100506063
68.1901570470198,110.244789037937,4.52921381152666
608.960508945601,207.26424862765,4.39467473715089
256.23766075884,217.899865843445,3.48824221418512
569.042764892302,435.560047715146,3.91540167923746
299.563358620886,138.116547814195,3.77483895031872
530.570636038082,451.61545259925,3.81853207093692
48.9201844850502,419.42539198294,3.94309059304237
193.139496844437,286.533177781595,3.98222783534246
548.677185460607,261.584959808437,3.85382135994569
172.314107389288,42.7052973970204,4.23731635233383
504.009361121757,339.285471837586,4.45873175204268
45.4605848827191,43.592845483204,4.22078657228073
531.824635435212,158.839942472296,4.8927567681187
NA,NA,NA
662.111653471562,336.757580064036,3.51493054673383
458.712036391836,299.522001106122,3.5785571897309
11.4215222956179,493.514466581199,3.53724832262206
555.966021600475,50.1886944206051,4.2695601279455
72.3856186646249,373.592104967595,4.06028653551046
229.294116662831,410.902738787395,3.91605900441543
427.526339707694,10.0705914726182,3.21109922220342
361.957011842987,292.34146179851,3.03432610412152
602.885186405502,103.064282964357,4.32222241648139
393.235350487862,230.670922971026,4.09913906052046
569.570413397443,407.085778255207,4.7409076907422
142.826242136511,284.405721993481,4.52155665218237
198.620293260826,368.96514642146,3.92748536285183
124.358100477931,412.518997615001,3.48077871361738
629.410244204293,311.680598638039,4.52041756411783
8.4319975178598,149.782217222776,4.26876986018056
543.453003654009,201.584230676717,4.12771258154671
32.0399909461272,490.838080913958,3.0294364687539
277.977478682095,21.6728357421379,3.97593051309075
531.974671251494,391.374161652411,3.40194285832413
72.9796002494664,81.2150583165164,5.15781044667848
4.38461418074789,72.9720582167187,3.49550145322456
587.863858596255,227.63610502074,3.98862855598512
440.895913403176,463.197502160312,4.86947696476736
659.865350185767,373.55308221109,2.92739338464466
110.568199196912,486.923941286841,4.2602601210339
626.209081978728,94.53262242565,4.06551192741299
417.173196153751,257.651540593487,3.64261522175425
11.1639458318241,181.878093829449,3.08322100506063
68.1901570470198,110.244789037937,4.52921381152666
608.960508945601,207.26424862765,4.39467473715089
256.23766075884,217.899865843445,3.48824221418512
569.042764892302,435.560047715146,3.91540167923746
299.563358620886,138.116547814195,3.77483895031872
530.570636038082,451.61545259925,3.81853207093692
48.9201844850502,419.42539198294,3.94309059304237
193.139496844437,286.533177781595,3.98222783534246
548.677185460607,261.584959808437,3.85382135994569
172.314107389288,42.7052973970204,4.23731635233383
504.009361121757,339.285471837586,4.45873175204268
45.4605848827191,43.592845483204,4.22078657228073
531.824635435212,158.839942472296,4.8927567681187
NA,NA,NA
662.111653471562,336.757580064036,3.51493054673383
458.712036391836,299.522001106122,3.5785571897309
11.4215222956179,493.514466581199,3.53724832262206
555.966021600475,50.1886944206051,4.2695601279455
72.3856186646249,373.592104967595,4.06028653551046
229.294116662831,410.902738787395,3.91605900441543
427.526339707694,10.0705914726182,3.21109922220342
361.957011842987,292.34146179851,3.03432610412152
602.885186405502,103.064282964357,4.32222241648139
393.235350487862,230.670922971026,4.09913906052046
569.570413397443,407.085778255207,4.7409076907422
142.826242136511,284.405721993481,4.52155665218237
198.620293260826,368.96514642146,3.92748536285183
124.358100477931,412.518997615001,3.48077871361738
629.410244204293,311.680598638039,4.52041756411783
8.4319975178598,149.782217222776,4.26876986018056
543.453003654009,201.584230676717,4.12771258154671
32.0399909461272,490.838080913958,3.0294364687539
277.977478682095,21.6728357421379,3.97593051309075
531.974671251494,391.374161652411,3.40194285832413
72.9796002494664,81.2150583165164,5.15781044667848
4.38461418074789,72.9720582167187,3.49550145322456
587.863858596255,227.63610502074,3.98862855598512
440.895913403176,463.197502160312,4.86947696476736
659.865350185767,373.55308221109,2.92739338464466
110.568199196912,486.923941286841,4.2602601210339
626.209081978728,94.53262242565,4.06551192741299
417.173196153751,257.651540593487,3.64261522175425
11.1639458318241,181.878093829449,3.08322100506063
68.1901570470198,110.244789037937,4.52921381152666
608.960508945601,207.26424862765,4.39467473715089
256.23766075884,217.899865843445,3.48824221418512
569.042764892302,435.560047715146,3.91540167923746
299.563358620886,138.116547814195,3.77483895031872
530.570636038082,451.61545259925,3.81853207093692
48.9201844850502,419.42539198294,3.94309059304237
193.139496844437,286.533177781595,3.98222783534246
548.677185460607,261.584959808437,3.85382135994569
172.314107389288,42.7052973970204,4.23731635233383
504.009361121757,339.285471837586,4.45873175204268
45.4605848827191,43.592845483204,4.22078657228073
531.824635435212,158.839942472296,4.8927567681187
NA,NA,NA
662.111653471562,336.757580064036,3.51493054673383
458.712036391836,299.522001106122,3.5785571897309
11.4215222956179,493.514466581199,3.53724832262206
555.966021600475,50.1886944206051,4.2695601279455
72.3856186646249,373.592104967595,4.06028653551046
229.294116662831,410.902738787395,3.91605900441543
427.526339707694,10.0705914726182,3.21109922220342
361.957011842987,292.34146179851,3.03432610412152
602.885186405502,103.064282964357,4.32222241648139
393.235350487862,230.670922971026,4.09913906052046
569.570413397443,407.085778255207,4.7409076907422
142.826242136511,284.405721993481,4.52155665218237
198.620293260826,368.96514642146,3.92748536285183
124.358100477931,412.518997615001,3.48077871361738
629.410244204293,311.680598638039,4.52041756411783
8.4319975178598,149.782217222776,4.26876986018056
543.453003654009,201.584230676717,4.12771258154671
32.0399909461272,490.838080913958,3.0294364687539
277.977478682095,21.6728357421379,3.97593051309075
531.974671251494,391.374161652411,3.40194285832413
72.9796002494664,81.2150583165164,5.15781044667848
4.38461418074789,72.9720582167187,3.49550145322456
587.863858596255,227.63610502074,3.98862855598512
440.895913403176,463.197502160312,4.86947696476736
659.865350185767,373.55308221109,2.92739338464466
110.568199196912,486.923941286841,4.2602601210339
626.209081978728,94.53262242565,4.06551192741299
417.173196153751,257.651540593487,3.64261522175425
11.1639458318241,181.878093829449,3.08322100506063
68.1901570470198,110.244789037937,4.52921381152666
608.960508945601,207.26424862765,4.39467473715089
256.23766075884,217.899865843445,3.48824221418512
569.042764892302,435.560047715146,3.91540167923746
299.563358620886,138.116547814195,3.77483895031872
530.570636038082,451.61545259925,3.81853207093692
48.9201844850502,419.42539198294,3.94309059304237
193.139496844437,286.533177781595,3.98222783534246
548.677185460607,261.584959808437,3.85382135994569
172.314107389288,42.7052973970204,4.23731635233383
504.009361121757,339.285471837586,4.45873175204268
45.4605848827191,43.592845483204,4.22078657228073
531.824635435212,158.839942472296,4.8927567681187
NA,NA,NA
662.111653471562,336.757580064036,3.51493054673383
458.712036391836,299.522001106122,3.5785571897309
11.4215222956179,493.514466581199,3.53724832262206
555.966021600475,50.1886944206051,4.2695601279455
72.3856186646249,373.592104967595,4.06028653551046
229.294116662831,410.902738787395,3.91605900441543
427.526339707694,10.0705914726182,3.21109922220342
361.957011842987,292.34146179851,3.03432610412152
602.885186405502,103.064282964357,4.32222241648139
393.235350487862,230.670922971026,4.09913906052046
569.570413397443,407.085778255207,4.7409076907422
142.826242136511,284.405721993481,4.52155665218237
198.620293260826,368.96514642146,3.92748536285183
124.358100477931,412.518997615001,3.48077871361738
629.410244204293,311.680598638039,4.52041756411783
8.4319975178598,149.782217222776,4.26876986018056
543.453003654009,201.584230676717,4.12771258154671
32.0399909461272,490.838080913958,3.0294364687539
277.977478682095,21.6728357421379,3.97593051309075
531.974671251494,391.374161652411,3.40194285832413
72.9796002494664,81.2150583165164,5.15781044667848
4.38461418074789,72.9720582167187,3.49550145322456
587.863858596255,227.63610502074,3.98862855598512
440.895913403176,463.197502160312,4.86947696476736
659.865350185767,373.55308221109,2.92739338464466
110.568199196912,486.923941286841,4.2602601210339
626.209081978728,94.53262242565,4.06551192741299
417.173196153751,257.651540593487,3.64261522175425
11.1639458318241,181.878093829449,3.08322100506063
68.1901570470198,110.244789037937,4.52921381152666
608.960508945601,207.26424862765,4.39467473715089
256.23766075884,217.899865843445,3.48824221418512
569.042764892302,435.560047715146,3.91540167923746
299.563358620886,138.116547814195,3.77483895031872
530.570636038082,451.61545259925,3.81853207093692
48.9201844850502,419.42539198294,3.94309059304237
193.139496844437,286.533177781595,3.98222783534246
548.677185460607,261.584959808437,3.85382135994569
172.314107389288,42.7052973970204,4.23731635233383
504.009361121757,339.285471837586,4.45873175204268
45.4605848827191,43.592845483204,4.22078657228073
531.824635435212,158.839942472296,4.8927567681187
NA,NA,NA
662.111653471562,336.757580064036,3.51493054673383
458.712036391836,299.522001106122,3.5785571897309
11.4215222956179,493.514466581199,3.53724832262206
555.966021600475,50.1886944206051,4.2695601279455
72.3856186646249,373.592104967595,4.06028653551046
229.294116662831,410.902738787395,3.91605900441543
427.526339707694,10.0705914726182,3.21109922220342
361.957011842987,292.34146179851,3.03432610412152
602.885186405502,103.064282964357,4.32222241648139
393.235350487862,230.670922971026,4.09913906052046
569.570413397443,407.085778255207,4.7409076907422
142.826242136511,284.405721993481,4.52155665218237
198.620293260826,368.96514642146,3.92748536285183
124.358100477931,412.518997615001,3.48077871361738
629.410244204293,311.680598638039,4.52041756411783
8.4319975178598,149.782217222776,4.26876986018056
543.453003654009,201.584230676717,4.12771258154671
32.0399909461272,490.838080913958,3.0294364687539
277.977478682095,21.6728357421379,3.97593051309075
531.974671251494,391.374161652411,3.40194285832413
72.9796002494664,81.2150583165164,5.15781044667848
4.38461418074789,72.9720582167187,3.49550145322456
587.863858596255,227.63610502074,3.98862855598512
440.895913403176,463.197502160312,4.86947696476736
659.865350185767,373.55308221109,2.92739338464466
110.568199196912,486.923941286841,4.2602601210339
626.209081978728,94.53262242565,4.06551192741299
417.173196153751,257.651540593487,3.64261522175425
11.1639458318241,181.878093829449,3.08322100506063
68.1901570470198,110.244789037937,4.52921381152666
608.960508945601,207.26424862765,4.39467473715089
256.23766075884,217.899865843445,3.48824221418512
569.042764892302,435.560047715146,3.91540167923746
299.563358620886,138.116547814195,3.77483895031872
530.570636038082,451.61545259925,3.81853207093692
48.9201844850502,419.42539198294,3.94309059304237
193.139496844437,286.533177781595,3.98222783534246
548.677185460607,261.584959808437,3.85382135994569
172.314107389288,42.7052973970204,4.23731635233383
504.009361121757,339.285471837586,4.45873175204268
45.4605848827191,43.592845483204,4.22078657228073
531.824635435212,158.839942472296,4.8927567681187
NA,NA,NA
662.761388742298,334.156760698556,3.54899737337081
455.007730193733,300.48674127556,3.60213478689818
10.0061808964301,495.465336516564,3.67127794988286
562.675916631175,51.6718771489776,3.95865527730364
75.5053080613389,378.825092054119,4.12578292508731
228.1445983917,421.092882821543,3.84702079512865
426.674970981985,13.8268993518078,3.31966170272147
363.457584825273,292.411094726353,3.20605362615842
603.58359599851,103.864238986261,4.20818777468411
393.793813102855,230.52937754825,4.27704592707439
569.947764309987,403.064061876988,4.72524739697536
138.161883010441,284.769939325619,4.52984926672872
196.89430766945,370.0761784047,4.1237397900157
123.784244019343,411.027713608963,3.44603718225223
624.412541914505,309.623422233221,4.48451580734464
-6.2039969622631,143.657653118319,4.29620204169022
542.192116610953,201.558722812556,4.18960240263586
34.0180716239273,490.689501745807,3.08164185846221
278.990568835981,24.0378333937493,3.9961057213519
533.317560645201,392.803554467991,3.42345787390815
72.2283777102313,72.131106841331,5.32315325199985
5.81886187811532,75.5485646513848,3.37877272509068
584.585780747651,226.133329642568,3.94426392384171
439.902064283785,453.081033886662,4.74743784278947
657.429833922734,374.454276043484,3.15559532151432
101.769858667306,487.931851240633,4.39027055739595
624.187428764374,92.288552920268,4.05553707620658
416.860161008777,260.060903307337,3.74153656679262
12.2628823485199,182.137884002064,3.16850690019629
66.0384008029536,115.781850053993,4.42748615410013
612.562297843166,201.303123880007,4.35867698610275
251.390989855812,225.712708165627,3.89210014394099
576.221721624058,425.540277202582,4.01762499318708
300.351472520905,136.203432283711,3.76027167112979
526.536256797744,454.461720194091,3.70681182621881
47.9975792344723,426.050974812148,3.88272434348494
190.217059317318,285.242120333398,4.12301660737413
554.50324626757,257.288026506249,3.86173683861644
175.488228716853,27.6893574148569,4.37208215405063
487.436100809382,347.269356196259,4.19416223419382
39.4543256596805,51.1576890533567,3.50430588665181
528.260589181755,154.71343036388,4.5139743792093
NA,NA,NA
662.761388742298,334.156760698556,3.54899737337081
455.007730193733,300.48674127556,3.60213478689818
10.0061808964301,495.465336516564,3.67127794988286
562.675916631175,51.6718771489776,3.95865527730364
75.5053080613389,378.825092054119,4.12578292508731
228.1445983917,421.092882821543,3.84702079512865
426.674970981985,13.8268993518078,3.31966170272147
363.457584825273,292.411094726353,3.20605362615842
603.58359599851,103.864238986261,4.20818777468411
393.793813102855,230.52937754825,4.27704592707439
569.947764309987,403.064061876988,4.72524739697536
138.161883010441,284.769939325619,4.52984926672872
196.89430766945,370.0761784047,4.1237397900157
123.784244019343,411.027713608963,3.44603718225223
624.412541914505,309.623422233221,4.48451580734464
-6.2039969622631,143.657653118319,4.29620204169022
542.192116610953,201.558722812556,4.18960240263586
34.0180716239273,490.689501745807,3.08164185846221
278.990568835981,24.0378333937493,3.9961057213519
533.317560645201,392.803554467991,3.42345787390815
72.2283777102313,72.131106841331,5.32315325199985
5.81886187811532,75.5485646513848,3.37877272509068
584.585780747651,226.133329642568,3.94426392384171
439.902064283785,453.081033886662,4.74743784278947
657.429833922734,374.454276043484,3.15559532151432
101.769858667306,487.931851240633,4.39027055739595
624.187428764374,92.288552920268,4.05553707620658
416.860161008777,260.060903307337,3.74153656679262
12.2628823485199,182.137884002064,3.16850690019629
66.0384008029536,115.781850053993,4.42748615410013
612.562297843166,201.303123880007,4.35867698610275
251.390989855812,225.712708165627,3.89210014394099
576.221721624058,425.540277202582,4.01762499318708
300.351472520905,136.203432283711,3.76027167112979
526.536256797744,454.461720194091,3.70681182621881
47.9975792344723,426.050974812148,3.88272434348494
190.217059317318,285.242120333398,4.12301660737413
554.50324626757,257.288026506249,3.86173683861644
175.488228716853,27.6893574148569,4.37208215405063
487.436100809382,347.269356196259,4.19416223419382
39.4543256596805,51.1576890533567,3.50430588665181
528.260589181755,154.71343036388,4.5139743792093
NA,NA,NA
662.761388742298,334.156760698556,3.54899737337081
455.007730193733,300.48674127556,3.60213478689818
10.0061808964301,495.465336516564,3.67127794988286
562.675916631175,51.6718771489776,3.95865527730364
75.5053080613389,378.825092054119,4.12578292508731
228.1445983917,421.092882821543,3.84702079512865
426.674970981985,13.8268993518078,3.31966170272147
363.457584825273,292.411094726353,3.20605362615842
603.58359599851,103.864238986261,4.20818777468411
393.793813102855,230.52937754825,4.27704592707439
569.947764309987,403.064061876988,4.72524739697536
138.161883010441,284.769939325619,4.52984926672872
196.89430766945,370.0761784047,4.1237397900157
123.784244019343,411.027713608963,3.44603718225223
624.412541914505,309.623422233221,4.48451580734464
-6.2039969622631,143.657653118319,4.29620204169022
542.192116610953,201.558722812556,4.18960240263586
34.0180716239273,490.689501745807,3.08164185846221
278.990568835981,24.0378333937493,3.9961057213519
533.317560645201,392.803554467991,3.42345787390815
72.2283777102313,72.131106841331,5.32315325199985
5.81886187811532,75.5485646513848,3.37877272509068
584.585780747651,226.133329642568,3.94426392384171
439.902064283785,453.081033886662,4.74743784278947
657.429833922734,374.454276043484,3.15559532151432
101.769858667306,487.931851240633,4.39027055739595
624.187428764374,92.288552920268,4.05553707620658
416.860161008777,260.060903307337,3.74153656679262
12.2628823485199,182.137884002064,3.16850690019629
66.0384008029536,115.781850053993,4.42748615410013
612.562297843166,201.303123880007,4.35867698610275
251.390989855812,225.712708165627,3.89210014394099
576.221721624058,425.540277202582,4.01762499318708
300.351472520905,136.203432283711,3.76027167112979
526.536256797744,454.461720194091,3.70681182621881
47.9975792344723,426.050974812148,3.88272434348494
190.217059317318,285.242120333398,4.12301660737413
554.50324626757,257.288026506249,3.86173683861644
175.488228716853,27.6893574148569,4.37208215405063
487.436100809382,347.269356196259,4.19416223419382
39.4543256596805,51.1576890533567,3.50430588665181
528.260589181755,154.71343036388,4.5139743792093
NA,NA,NA
662.761388742298,334.156760698556,3.54899737337081
455.007730193733,300.48674127556,3.60213478689818
10.0061808964301,495.465336516564,3.67127794988286
562.675916631175,51.6718771489776,3.95865527730364
75.5053080613389,378.825092054119,4.12578292508731
228.1445983917,421.092882821543,3.84702079512865
426.674970981985,13.8268993518078,3.31966170272147
363.457584825273,292.411094726353,3.20605362615842
603.58359599851,103.864238986261,4.20818777468411
393.793813102855,230.52937754825,4.27704592707439
569.947764309987,403.064061876988,4.72524739697536
138.161883010441,284.769939325619,4.52984926672872
196.89430766945,370.0761784047,4.1237397900157
123.784244019343,411.027713608963,3.44603718225223
624.412541914505,309.623422233221,4.48451580734464
-6.2039969622631,143.657653118319,4.29620204169022
542.192116610953,201.558722812556,4.18960240263586
34.0180716239273,490.689501745807,3.08164185846221
278.990568835981,24.0378333937493,3.9961057213519
533.317560645201,392.803554467991,3.42345787390815
72.2283777102313,72.131106841331,5.32315325199985
5.81886187811532,75.5485646513848,3.37877272509068
584.585780747651,226.133329642568,3.94426392384171
439.902064283785,453.081033886662,4.74743784278947
657.429833922734,374.454276043484,3.15559532151432
101.769858667306,487.931851240633,4.39027055739595
624.187428764374,92.288552920268,4.05553707620658
416.860161008777,260.060903307337,3.74153656679262
12.2628823485199,182.137884002064,3.16850690019629
66.0384008029536,115.781850053993,4.42748615410013
612.562297843166,201.303123880007,4.35867698610275
251.390989855812,225.712708165627,3.89210014394099
576.221721624058,425.540277202582,4.01762499318708
300.351472520905,136.203432283711,3.76027167112979
526.536256797744,454.461720194091,3.70681182621881
47.9975792344723,426.050974812148,3.88272434348494
190.217059317318,285.242120333398,4.12301660737413
554.50324626757,257.288026506249,3.86173683861644
175.488228716853,27.6893574148569,4.37208215405063
487.436100809382,347.269356196259,4.19416223419382
39.4543256596805,51.1576890533567,3.50430588665181
528.260589181755,154.71343036388,4.5139743792093
NA,NA,NA
662.761388742298,334.156760698556,3.54899737337081
455.007730193733,300.48674127556,3.60213478689818
10.0061808964301,495.465336516564,3.67127794988286
562.675916631175,51.6718771489776,3.95865527730364
75.5053080613389,378.825092054119,4.12578292508731
228.1445983917,421.092882821543,3.84702079512865
426.674970981985,13.8268993518078,3.31966170272147
363.457584825273,292.411094726353,3.20605362615842
603.58359599851,103.864238986261,4.20818777468411
393.793813102855,230.52937754825,4.27704592707439
569.947764309987,403.064061876988,4.72524739697536
138.161883010441,284.769939325619,4.52984926672872
196.89430766945,370.0761784047,4.1237397900157
123.784244019343,411.027713608963,3.44603718225223
624.412541914505,309.623422233221,4.48451580734464
-6.2039969622631,143.657653118319,4.29620204169022
542.192116610953,201.558722812556,4.18960240263586
34.0180716239273,490.689501745807,3.08164185846221
278.990568835981,24.0378333937493,3.9961057213519
533.317560645201,392.803554467991,3.42345787390815
72.2283777102313,72.131106841331,5.32315325199985
5.81886187811532,75.5485646513848,3.37877272509068
584.585780747651,226.133329642568,3.94426392384171
439.902064283785,453.081033886662,4.74743784278947
657.429833922734,374.454276043484,3.15559532151432
101.769858667306,487.931851240633,4.39027055739595
624.187428764374,92.288552920268,4.05553707620658
416.860161008777,260.060903307337,3.74153656679262
12.2628823485199,182.137884002064,3.16850690019629
66.0384008029536,115.781850053993,4.42748615410013
612.562297843166,201.303123880007,4.35867698610275
251.390989855812,225.712708165627,3.89210014394099
576.221721624058,425.540277202582,4.01762499318708
300.351472520905,136.203432283711,3.76027167112979
526.536256797744,454.461720194091,3.70681182621881
47.9975792344723,426.050974812148,3.88272434348494
190.217059317318,285.242120333398,4.12301660737413
554.50324626757,257.288026506249,3.86173683861644
175.488228716853,27.6893574148569,4.37208215405063
487.436100809382,347.269356196259,4.19416223419382
39.4543256596805,51.1576890533567,3.50430588665181
528.260589181755,154.71343036388,4.5139743792093
NA,NA,NA
662.761388742298,334.156760698556,3.54899737337081
455.007730193733,300.48674127556,3.60213478689818
10.0061808964301,495.465336516564,3.67127794988286
562.675916631175,51.6718771489776,3.95865527730364
75.5053080613389,378.825092054119,4.12578292508731
228.1445983917,421.092882821543,3.84702079512865
426.674970981985,13.8268993518078,3.31966170272147
363.457584825273,292.411094726353,3.20605362615842
603.58359599851,103.864238986261,4.20818777468411
393.793813102855,230.52937754825,4.27704592707439
569.947764309987,403.064061876988,4.72524739697536
138.161883010441,284.769939325619,4.52984926672872
196.89430766945,370.0761784047,4.1237397900157
123.784244019343,411.027713608963,3.44603718225223
624.412541914505,309.623422233221,4.48451580734464
-6.2039969622631,143.657653118319,4.29620204169022
542.192116610953,201.558722812556,4.18960240263586
34.0180716239273,490.689501745807,3.08164185846221
278.990568835981,24.0378333937493,3.9961057213519
533.317560645201,392.803554467991,3.42345787390815
72.2283777102313,72.131106841331,5.32315325199985
5.81886187811532,75.5485646513848,3.37877272509068
584.585780747651,226.133329642568,3.94426392384171
439.902064283785,453.081033886662,4.74743784278947
657.429833922734,374.454276043484,3.15559532151432
101.769858667306,487.931851240633,4.39027055739595
624.187428764374,92.288552920268,4.05553707620658
416.860161008777,260.060903307337,3.74153656679262
12.2628823485199,182.137884002064,3.16850690019629
66.0384008029536,115.781850053993,4.42748615410013
612.562297843166,201.303123880007,4.35867698610275
251.390989855812,225.712708165627,3.89210014394099
576.221721624058,425.540277202582,4.01762499318708
300.351472520905,136.203432283711,3.76027167112979
526.536256797744,454.461720194091,3.70681182621881
47.9975792344723,426.050974812148,3.88272434348494
190.217059317318,285.242120333398,4.12301660737413
554.50324626757,257.288026506249,3.86173683861644
175.488228716853,27.6893574148569,4.37208215405063
487.436100809382,347.269356196259,4.19416223419382
39.4543256596805,51.1576890533567,3.50430588665181
528.260589181755,154.71343036388,4.5139743792093
NA,NA,NA
660.916059339738,332.887146584186,3.42930224758051
456.047989684761,299.450072239229,3.85460566903044
9.82200990021686,497.304074350194,3.67552750868545
552.348079944304,48.282240269951,4.12346736015001
72.2544992679018,372.419568047901,3.97729741528971
231.634507720697,414.222537480973,3.93407622677396
427.24367496109,11.5867687025426,3.55907471802054
360.662049457385,293.469735817887,3.03958347720915
605.130895715447,103.102612881936,4.12702096634032
396.145552653399,228.010173441952,4.17594538132922
561.33068769612,405.036679220711,4.71146985503038
139.355189101508,280.713983718219,4.54786424665171
199.201083523665,375.258029417779,3.97157871706491
124.039032993565,413.420498902494,3.49417025999139
623.856829349086,315.374352939456,4.55266797631627
2.91837527764462,146.020243252901,4.27375612964394
541.195349911816,201.372745383128,4.11865837183499
36.1252178494535,493.110326335632,3.08913189493737
276.680612258546,24.7705337776401,3.81953921385532
535.934469311266,392.490027456668,3.45221763659345
73.3849799871061,71.1564253320835,5.28959397565881
2.22839908729435,75.9532372986283,3.45368235497911
583.610323249467,225.253669522157,3.97119755200472
444.236954125113,467.4847062363,4.70519338856304
660.244718514619,372.940687683601,3.08130101653706
107.538933012674,490.494179687019,4.32247887481631
626.212063038903,89.8930842271698,4.09325331072674
419.973368982189,258.98006526456,3.61949138033778
11.536065248438,181.267837381635,3.3609559854503
45.5779405529506,114.406863804962,4.58490737854418
602.653435421647,205.079428374854,4.33438474257493
247.43694107395,220.75815926436,3.77329747065156
567.301252175342,433.478336400095,3.43600999907479
301.631380524233,135.078239988392,3.966418185179
532.800234458607,456.58520112517,3.59126691897865
47.0493983356321,412.112664364474,3.73040954744003
204.198728616618,301.75884877913,4.36099104149818
547.481791697174,275.779879350793,3.67522611700561
167.446690012165,35.4609813856172,4.34171744190489
502.227103601141,356.252909131041,4.31748405142515
44.1657314481211,58.4987150837268,3.90719254120476
512.145351833377,121.192698634515,4.82134035324944
NA,NA,NA
660.916059339738,332.887146584186,3.42930224758051
456.047989684761,299.450072239229,3.85460566903044
9.82200990021686,497.304074350194,3.67552750868545
552.348079944304,48.282240269951,4.12346736015001
72.2544992679018,372.419568047901,3.97729741528971
231.634507720697,414.222537480973,3.93407622677396
427.24367496109,11.5867687025426,3.55907471802054
360.662049457385,293.469735817887,3.03958347720915
605.130895715447,103.102612881936,4.12702096634032
396.145552653399,228.010173441952,4.17594538132922
561.33068769612,405.036679220711,4.71146985503038
139.355189101508,280.713983718219,4.54786424665171
199.201083523665,375.258029417779,3.97157871706491
124.039032993565,413.420498902494,3.49417025999139
623.856829349086,315.374352939456,4.55266797631627
2.91837527764462,146.020243252901,4.27375612964394
541.195349911816,201.372745383128,4.11865837183499
36.1252178494535,493.110326335632,3.08913189493737
276.680612258546,24.7705337776401,3.81953921385532
535.934469311266,392.490027456668,3.45221763659345
73.3849799871061,71.1564253320835,5.28959397565881
2.22839908729435,75.9532372986283,3.45368235497911
583.610323249467,225.253669522157,3.97119755200472
444.236954125113,467.4847062363,4.70519338856304
660.244718514619,372.940687683601,3.08130101653706
107.538933012674,490.494179687019,4.32247887481631
626.212063038903,89.8930842271698,4.09325331072674
419.973368982189,258.98006526456,3.61949138033778
11.536065248438,181.267837381635,3.3609559854503
45.5779405529506,114.406863804962,4.58490737854418
602.653435421647,205.079428374854,4.33438474257493
247.43694107395,220.75815926436,3.77329747065156
567.301252175342,433.478336400095,3.43600999907479
301.631380524233,135.078239988392,3.966418185179
532.800234458607,456.58520112517,3.59126691897865
47.0493983356321,412.112664364474,3.73040954744003
204.198728616618,301.75884877913,4.36099104149818
547.481791697174,275.779879350793,3.67522611700561
167.446690012165,35.4609813856172,4.34171744190489
502.227103601141,356.252909131041,4.31748405142515
44.1657314481211,58.4987150837268,3.90719254120476
512.145351833377,121.192698634515,4.82134035324944
NA,NA,NA
660.916059339738,332.887146584186,3.42930224758051
456.047989684761,299.450072239229,3.85460566903044
9.82200990021686,497.304074350194,3.67552750868545
552.348079944304,48.282240269951,4.12346736015001
72.2544992679018,372.419568047901,3.97729741528971
231.634507720697,414.222537480973,3.93407622677396
427.24367496109,11.5867687025426,3.55907471802054
360.662049457385,293.469735817887,3.03958347720915
605.130895715447,103.102612881936,4.12702096634032
396.145552653399,228.010173441952,4.17594538132922
561.33068769612,405.036679220711,4.71146985503038
139.355189101508,280.713983718219,4.54786424665171
199.201083523665,375.258029417779,3.97157871706491
124.039032993565,413.420498902494,3.49417025999139
623.856829349086,315.374352939456,4.55266797631627
2.91837527764462,146.020243252901,4.27375612964394
541.195349911816,201.372745383128,4.11865837183499
36.1252178494535,493.110326335632,3.08913189493737
276.680612258546,24.7705337776401,3.81953921385532
535.934469311266,392.490027456668,3.45221763659345
73.3849799871061,71.1564253320835,5.28959397565881
2.22839908729435,75.9532372986283,3.45368235497911
583.610323249467,225.253669522157,3.97119755200472
444.236954125113,467.4847062363,4.70519338856304
660.244718514619,372.940687683601,3.08130101653706
107.538933012674,490.494179687019,4.32247887481631
626.212063038903,89.8930842271698,4.09325331072674
419.973368982189,258.98006526456,3.61949138033778
11.536065248438,181.267837381635,3.3609559854503
45.5779405529506,114.406863804962,4.58490737854418
602.653435421647,205.079428374854,4.33438474257493
247.43694107395,220.75815926436,3.77329747065156
567.301252175342,433.478336400095,3.43600999907479
301.631380524233,135.078239988392,3.966418185179
532.800234458607,456.58520112517,3.59126691897865
47.0493983356321,412.112664364474,3.73040954744003
204.198728616618,301.75884877913,4.36099104149818
547.481791697174,275.779879350793,3.67522611700561
167.446690012165,35.4609813856172,4.34171744190489
502.227103601141,356.252909131041,4.31748405142515
44.1657314481211,58.4987150837268,3.90719254120476
512.145351833377,121.192698634515,4.82134035324944
NA,NA,NA
660.916059339738,332.887146584186,3.42930224758051
456.047989684761,299.450072239229,3.85460566903044
9.82200990021686,497.304074350194,3.67552750868545
552.348079944304,48.282240269951,4.12346736015001
72.2544992679018,372.419568047901,3.97729741528971
231.634507720697,414.222537480973,3.93407622677396
427.24367496109,11.5867687025426,3.55907471802054
360.662049457385,293.469735817887,3.03958347720915
605.130895715447,103.102612881936,4.12702096634032
396.145552653399,228.010173441952,4.17594538132922
561.33068769612,405.036679220711,4.71146985503038
139.355189101508,280.713983718219,4.54786424665171
199.201083523665,375.258029417779,3.97157871706491
124.039032993565,413.420498902494,3.49417025999139
623.856829349086,315.374352939456,4.55266797631627
2.91837527764462,146.020243252901,4.27375612964394
541.195349911816,201.372745383128,4.11865837183499
36.1252178494535,493.110326335632,3.08913189493737
276.680612258546,24.7705337776401,3.81953921385532
535.934469311266,392.490027456668,3.45221763659345
73.3849799871061,71.1564253320835,5.28959397565881
2.22839908729435,75.9532372986283,3.45368235497911
583.610323249467,225.253669522157,3.97119755200472
444.236954125113,467.4847062363,4.70519338856304
660.244718514619,372.940687683601,3.08130101653706
107.538933012674,490.494179687019,4.32247887481631
626.212063038903,89.8930842271698,4.09325331072674
419.973368982189,258.98006526456,3.61949138033778
11.536065248438,181.267837381635,3.3609559854503
45.5779405529506,114.406863804962,4.58490737854418
602.653435421647,205.079428374854,4.33438474257493
247.43694107395,220.75815926436,3.77329747065156
567.301252175342,433.478336400095,3.43600999907479
301.631380524233,135.078239988392,3.966418185179
532.800234458607,456.58520112517,3.59126691897865
47.0493983356321,412.112664364474,3.73040954744003
204.198728616618,301.75884877913,4.36099104149818
547.481791697174,275.779879350793,3.67522611700561
167.446690012165,35.4609813856172,4.34171744190489
502.227103601141,356.252909131041,4.31748405142515
44.1657314481211,58.4987150837268,3.90719254120476
512.145351833377,121.192698634515,4.82134035324944
NA,NA,NA
660.916059339738,332.887146584186,3.42930224758051
456.047989684761,299.450072239229,3.85460566903044
9.82200990021686,497.304074350194,3.67552750868545
552.348079944304,48.282240269951,4.12346736015001
72.2544992679018,372.419568047901,3.97729741528971
231.634507720697,414.222537480973,3.93407622677396
427.24367496109,11.5867687025426,3.55907471802054
360.662049457385,293.469735817887,3.03958347720915
605.130895715447,103.102612881936,4.12702096634032
396.145552653399,228.010173441952,4.17594538132922
561.33068769612,405.036679220711,4.71146985503038
139.355189101508,280.713983718219,4.54786424665171
199.201083523665,375.258029417779,3.97157871706491
124.039032993565,413.420498902494,3.49417025999139
623.856829349086,315.374352939456,4.55266797631627
2.91837527764462,146.020243252901,4.27375612964394
541.195349911816,201.372745383128,4.11865837183499
36.1252178494535,493.110326335632,3.08913189493737
276.680612258546,24.7705337776401,3.81953921385532
535.934469311266,392.490027456668,3.45221763659345
73.3849799871061,71.1564253320835,5.28959397565881
2.22839908729435,75.9532372986283,3.45368235497911
583.610323249467,225.253669522157,3.97119755200472
444.236954125113,467.4847062363,4.70519338856304
660.244718514619,372.940687683601,3.08130101653706
107.538933012674,490.494179687019,4.32247887481631
626.212063038903,89.8930842271698,4.09325331072674
419.973368982189,258.98006526456,3.61949138033778
11.536065248438,181.267837381635,3.3609559854503
45.5779405529506,114.406863804962,4.58490737854418
602.653435421647,205.079428374854,4.33438474257493
247.43694107395,220.75815926436,3.77329747065156
567.301252175342,433.478336400095,3.43600999907479
301.631380524233,135.078239988392,3.966418185179
532.800234458607,456.58520112517,3.59126691897865
47.0493983356321,412.112664364474,3.73040954744003
204.198728616618,301.75884877913,4.36099104149818
547.481791697174,275.779879350793,3.67522611700561
167.446690012165,35.4609813856172,4.34171744190489
502.227103601141,356.252909131041,4.31748405142515
44.1657314481211,58.4987150837268,3.90719254120476
512.145351833377,121.192698634515,4.82134035324944
NA,NA,NA
660.916059339738,332.887146584186,3.42930224758051
456.047989684761,299.450072239229,3.85460566903044
9.82200990021686,497.304074350194,3.67552750868545
552.348079944304,48.282240269951,4.12346736015001
72.2544992679018,372.419568047901,3.97729741528971
231.634507720697,414.222537480973,3.93407622677396
427.24367496109,11.5867687025426,3.55907471802054
360.662049457385,293.469735817887,3.03958347720915
605.130895715447,103.102612881936,4.12702096634032
396.145552653399,228.010173441952,4.17594538132922
561.33068769612,405.036679220711,4.71146985503038
139.355189101508,280.713983718219,4.54786424665171
199.201083523665,375.258029417779,3.97157871706491
124.039032993565,413.420498902494,3.49417025999139
623.856829349086,315.374352939456,4.55266797631627
2.91837527764462,146.020243252901,4.27375612964394
541.195349911816,201.372745383128,4.11865837183499
36.1252178494535,493.110326335632,3.08913189493737
276.680612258546,24.7705337776401,3.81953921385532
535.934469311266,392.490027456668,3.45221763659345
73.3849799871061,71.1564253320835,5.28959397565881
2.22839908729435,75.9532372986283,3.45368235497911
583.610323249467,225.253669522157,3.97119755200472
444.236954125113,467.4847062363,4.70519338856304
660.244718514619,372.940687683601,3.08130101653706
107.538933012674,490.494179687019,4.32247887481631
626.212063038903,89.8930842271698,4.09325331072674
419.973368982189,258.98006526456,3.61949138033778
11.536065248438,181.267837381635,3.3609559854503
45.5779405529506,114.406863804962,4.58490737854418
602.653435421647,205.079428374854,4.33438474257493
247.43694107395,220.75815926436,3.77329747065156
567.301252175342,433.478336400095,3.43600999907479
301.631380524233,135.078239988392,3.966418185179
532.800234458607,456.58520112517,3.59126691897865
47.0493983356321,412.112664364474,3.73040954744003
204.198728616618,301.75884877913,4.36099104149818
547.481791697174,275.779879350793,3.67522611700561
167.446690012165,35.4609813856172,4.34171744190489
502.227103601141,356.252909131041,4.31748405142515
44.1657314481211,58.4987150837268,3.90719254120476
512.145351833377,121.192698634515,4.82134035324944
NA,NA,NA
664.277514005591,333.671199158898,3.58158232172703
456.296225009935,299.598729456498,3.73810879721915
8.85171897712335,497.761323312848,3.62334717936419
556.652070679031,52.8157883791598,4.12355118111552
69.299461477512,374.766276760631,4.00647984489286
230.905228041489,417.599813869653,3.97302475005612
428.088578972902,14.9373974671241,3.19687039503725
362.490730208115,293.065797707033,2.98918131655499
607.181699016509,102.910165052565,4.22068814752584
393.843604248059,227.563758006375,4.27517023914125
568.866663353798,404.555599158377,4.68634643229477
142.531956495022,283.843107376247,4.40000249994767
197.768386495688,368.58546923889,4.08715617460685
123.790099656958,409.619122737048,3.41058467118484
625.861566373055,310.711628981146,4.55762752185737
0.2668341639488,153.673639514769,4.3099319576712
544.927706568524,200.909818822189,4.16672202255229
33.6539318987742,491.944878045873,3.0991141883888
276.958819961621,23.4908224195139,3.85959004200816
533.316721448785,393.171497056198,3.26480990359197
59.6811376262858,79.4389282865383,5.14665378920775
6.48920867672259,75.1026277510191,3.51621740387158
586.449349043941,223.528723528753,3.89463058446357
448.801654571008,458.07852503521,4.741912634866
658.596082727937,373.152958110491,3.06236604913809
104.820173063125,484.2639264196,4.41127248381988
620.62237881052,91.2123426395766,4.10671268383432
420.696125461694,260.504720049034,3.57420002611839
9.57124709429191,180.255175108052,3.18568627764069
56.4327136052763,114.338318108894,4.55392450637136
611.939397993871,215.585763544459,4.24514198674366
262.513739151294,213.391152811101,3.93930485193605
570.538150866915,435.920763966804,3.79938911442633
301.41007464486,139.269484228553,3.91798332253256
525.958762564867,461.325833017116,3.30029556601187
48.0217277070797,421.548696570881,3.62550360256369
192.161157010275,282.417197581778,4.03285084506179
549.610563942569,268.567723656174,3.698681851839
183.924769803951,14.2918419557647,4.33772927335382
503.869096028172,342.355496311083,4.42555505622781
34.8349730829663,48.7844982498052,4.15849607788856
540.460152848079,143.747093424335,4.53368411202267
NA,NA,NA
664.277514005591,333.671199158898,3.58158232172703
456.296225009935,299.598729456498,3.73810879721915
8.85171897712335,497.761323312848,3.62334717936419
556.652070679031,52.8157883791598,4.12355118111552
69.299461477512,374.766276760631,4.00647984489286
230.905228041489,417.599813869653,3.97302475005612
428.088578972902,14.9373974671241,3.19687039503725
362.490730208115,293.065797707033,2.98918131655499
607.181699016509,102.910165052565,4.22068814752584
393.843604248059,227.563758006375,4.27517023914125
568.866663353798,404.555599158377,4.68634643229477
142.531956495022,283.843107376247,4.40000249994767
197.768386495688,368.58546923889,4.08715617460685
123.790099656958,409.619122737048,3.41058467118484
625.861566373055,310.711628981146,4.55762752185737
0.2668341639488,153.673639514769,4.3099319576712
544.927706568524,200.909818822189,4.16672202255229
33.6539318987742,491.944878045873,3.0991141883888
276.958819961621,23.4908224195139,3.85959004200816
533.316721448785,393.171497056198,3.26480990359197
59.6811376262858,79.4389282865383,5.14665378920775
6.48920867672259,75.1026277510191,3.51621740387158
586.449349043941,223.528723528753,3.89463058446357
448.801654571008,458.07852503521,4.741912634866
658.596082727937,373.152958110491,3.06236604913809
104.820173063125,484.2639264196,4.41127248381988
620.62237881052,91.2123426395766,4.10671268383432
420.696125461694,260.504720049034,3.57420002611839
9.57124709429191,180.255175108052,3.18568627764069
56.4327136052763,114.338318108894,4.55392450637136
611.939397993871,215.585763544459,4.24514198674366
262.513739151294,213.391152811101,3.93930485193605
570.538150866915,435.920763966804,3.79938911442633
301.41007464486,139.269484228553,3.91798332253256
525.958762564867,461.325833017116,3.30029556601187
48.0217277070797,421.548696570881,3.62550360256369
192.161157010275,282.417197581778,4.03285084506179
549.610563942569,268.567723656174,3.698681851839
183.924769803951,14.2918419557647,4.33772927335382
503.869096028172,342.355496311083,4.42555505622781
34.8349730829663,48.7844982498052,4.15849607788856
540.460152848079,143.747093424335,4.53368411202267
NA,NA,NA
664.277514005591,333.671199158898,3.58158232172703
456.296225009935,299.598729456498,3.73810879721915
8.85171897712335,497.761323312848,3.62334717936419
556.652070679031,52.8157883791598,4.12355118111552
69.299461477512,374.766276760631,4.00647984489286
230.905228041489,417.599813869653,3.97302475005612
428.088578972902,14.9373974671241,3.19687039503725
362.490730208115,293.065797707033,2.98918131655499
607.181699016509,102.910165052565,4.22068814752584
393.843604248059,227.563758006375,4.27517023914125
568.866663353798,404.555599158377,4.68634643229477
142.531956495022,283.843107376247,4.40000249994767
197.768386495688,368.58546923889,4.08715617460685
123.790099656958,409.619122737048,3.41058467118484
625.861566373055,310.711628981146,4.55762752185737
0.2668341639488,153.673639514769,4.3099319576712
544.927706568524,200.909818822189,4.16672202255229
33.6539318987742,491.944878045873,3.0991141883888
276.958819961621,23.4908224195139,3.85959004200816
533.316721448785,393.171497056198,3.26480990359197
59.6811376262858,79.4389282865383,5.14665378920775
6.48920867672259,75.1026277510191,3.51621740387158
586.449349043941,223.528723528753,3.89463058446357
448.801654571008,458.07852503521,4.741912634866
658.596082727937,373.152958110491,3.06236604913809
104.820173063125,484.2639264196,4.41127248381988
620.62237881052,91.2123426395766,4.10671268383432
420.696125461694,260.504720049034,3.57420002611839
9.57124709429191,180.255175108052,3.18568627764069
56.4327136052763,114.338318108894,4.55392450637136
611.939397993871,215.585763544459,4.24514198674366
262.513739151294,213.391152811101,3.93930485193605
570.538150866915,435.920763966804,3.79938911442633
301.41007464486,139.269484228553,3.91798332253256
525.958762564867,461.325833017116,3.30029556601187
48.0217277070797,421.548696570881,3.62550360256369
192.161157010275,282.417197581778,4.03285084506179
549.610563942569,268.567723656174,3.698681851839
183.924769803951,14.2918419557647,4.33772927335382
503.869096028172,342.355496311083,4.42555505622781
34.8349730829663,48.7844982498052,4.15849607788856
540.460152848079,143.747093424335,4.53368411202267
NA,NA,NA
664.277514005591,333.671199158898,3.58158232172703
456.296225009935,299.598729456498,3.73810879721915
8.85171897712335,497.761323312848,3.62334717936419
556.652070679031,52.8157883791598,4.12355118111552
69.299461477512,374.766276760631,4.00647984489286
230.905228041489,417.599813869653,3.97302475005612
428.088578972902,14.9373974671241,3.19687039503725
362.490730208115,293.065797707033,2.98918131655499
607.181699016509,102.910165052565,4.22068814752584
393.843604248059,227.563758006375,4.27517023914125
568.866663353798,404.555599158377,4.68634643229477
142.531956495022,283.843107376247,4.40000249994767
197.768386495688,368.58546923889,4.08715617460685
123.790099656958,409.619122737048,3.41058467118484
625.861566373055,310.711628981146,4.55762752185737
0.2668341639488,153.673639514769,4.3099319576712
544.927706568524,200.909818822189,4.16672202255229
33.6539318987742,491.944878045873,3.0991141883888
276.958819961621,23.4908224195139,3.85959004200816
533.316721448785,393.171497056198,3.26480990359197
59.6811376262858,79.4389282865383,5.14665378920775
6.48920867672259,75.1026277510191,3.51621740387158
586.449349043941,223.528723528753,3.89463058446357
448.801654571008,458.07852503521,4.741912634866
658.596082727937,373.152958110491,3.06236604913809
104.820173063125,484.2639264196,4.41127248381988
620.62237881052,91.2123426395766,4.10671268383432
420.696125461694,260.504720049034,3.57420002611839
9.57124709429191,180.255175108052,3.18568627764069
56.4327136052763,114.338318108894,4.55392450637136
611.939397993871,215.585763544459,4.24514198674366
262.513739151294,213.391152811101,3.93930485193605
570.538150866915,435.920763966804,3.79938911442633
301.41007464486,139.269484228553,3.91798332253256
525.958762564867,461.325833017116,3.30029556601187
48.0217277070797,421.548696570881,3.62550360256369
192.161157010275,282.417197581778,4.03285084506179
549.610563942569,268.567723656174,3.698681851839
183.924769803951,14.2918419557647,4.33772927335382
503.869096028172,342.355496311083,4.42555505622781
34.8349730829663,48.7844982498052,4.15849607788856
540.460152848079,143.747093424335,4.53368411202267
NA,NA,NA
664.277514005591,333.671199158898,3.58158232172703
456.296225009935,299.598729456498,3.73810879721915
8.85171897712335,497.761323312848,3.62334717936419
556.652070679031,52.8157883791598,4.12355118111552
69.299461477512,374.766276760631,4.00647984489286
230.905228041489,417.599813869653,3.97302475005612
428.088578972902,14.9373974671241,3.19687039503725
362.490730208115,293.065797707033,2.98918131655499
607.181699016509,102.910165052565,4.22068814752584
393.843604248059,227.563758006375,4.27517023914125
568.866663353798,404.555599158377,4.68634643229477
142.531956495022,283.843107376247,4.40000249994767
197.768386495688,368.58546923889,4.08715617460685
123.790099656958,409.619122737048,3.41058467118484
625.861566373055,310.711628981146,4.55762752185737
0.2668341639488,153.673639514769,4.3099319576712
544.927706568524,200.909818822189,4.16672202255229
33.6539318987742,491.944878045873,3.0991141883888
276.958819961621,23.4908224195139,3.85959004200816
533.316721448785,393.171497056198,3.26480990359197
59.6811376262858,79.4389282865383,5.14665378920775
6.48920867672259,75.1026277510191,3.51621740387158
586.449349043941,223.528723528753,3.89463058446357
448.801654571008,458.07852503521,4.741912634866
658.596082727937,373.152958110491,3.06236604913809
104.820173063125,484.2639264196,4.41127248381988
620.62237881052,91.2123426395766,4.10671268383432
420.696125461694,260.504720049034,3.57420002611839
9.57124709429191,180.255175108052,3.18568627764069
56.4327136052763,114.338318108894,4.55392450637136
611.939397993871,215.585763544459,4.24514198674366
262.513739151294,213.391152811101,3.93930485193605
570.538150866915,435.920763966804,3.79938911442633
301.41007464486,139.269484228553,3.91798332253256
525.958762564867,461.325833017116,3.30029556601187
48.0217277070797,421.548696570881,3.62550360256369
192.161157010275,282.417197581778,4.03285084506179
549.610563942569,268.567723656174,3.698681851839
183.924769803951,14.2918419557647,4.33772927335382
503.869096028172,342.355496311083,4.42555505622781
34.8349730829663,48.7844982498052,4.15849607788856
540.460152848079,143.747093424335,4.53368411202267
NA,NA,NA
664.277514005591,333.671199158898,3.58158232172703
456.296225009935,299.598729456498,3.73810879721915
8.85171897712335,497.761323312848,3.62334717936419
556.652070679031,52.8157883791598,4.12355118111552
69.299461477512,374.766276760631,4.00647984489286
230.905228041489,417.599813869653,3.97302475005612
428.088578972902,14.9373974671241,3.19687039503725
362.490730208115,293.065797707033,2.98918131655499
607.181699016509,102.910165052565,4.22068814752584
393.843604248059,227.563758006375,4.27517023914125
568.866663353798,404.555599158377,4.68634643229477
142.531956495022,283.843107376247,4.40000249994767
197.768386495688,368.58546923889,4.08715617460685
123.790099656958,409.619122737048,3.41058467118484
625.861566373055,310.711628981146,4.55762752185737
0.2668341639488,153.673639514769,4.3099319576712
544.927706568524,200.909818822189,4.16672202255229
33.6539318987742,491.944878045873,3.0991141883888
276.958819961621,23.4908224195139,3.85959004200816
533.316721448785,393.171497056198,3.26480990359197
59.6811376262858,79.4389282865383,5.14665378920775
6.48920867672259,75.1026277510191,3.51621740387158
586.449349043941,223.528723528753,3.89463058446357
448.801654571008,458.07852503521,4.741912634866
658.596082727937,373.152958110491,3.06236604913809
104.820173063125,484.2639264196,4.41127248381988
620.62237881052,91.2123426395766,4.10671268383432
420.696125461694,260.504720049034,3.57420002611839
9.57124709429191,180.255175108052,3.18568627764069
56.4327136052763,114.338318108894,4.55392450637136
611.939397993871,215.585763544459,4.24514198674366
262.513739151294,213.391152811101,3.93930485193605
570.538150866915,435.920763966804,3.79938911442633
301.41007464486,139.269484228553,3.91798332253256
525.958762564867,461.325833017116,3.30029556601187
48.0217277070797,421.548696570881,3.62550360256369
192.161157010275,282.417197581778,4.03285084506179
549.610563942569,268.567723656174,3.698681851839
183.924769803951,14.2918419557647,4.33772927335382
503.869096028172,342.355496311083,4.42555505622781
34.8349730829663,48.7844982498052,4.15849607788856
540.460152848079,143.747093424335,4.53368411202267
NA,NA,NA
662.785787401081,337.860710744057,3.55370010423767
459.651604876438,305.310782136281,3.60738003756115
9.63559782164409,492.610805754308,3.6760701473692
557.215889161895,45.9628371870932,4.40012535199909
74.5238236039684,376.121122950806,4.05816163102111
228.860015066771,419.388313332879,3.85900617627815
427.231556207935,14.2501326945968,3.46320489129299
362.212520455602,294.535277220094,3.04110860759456
602.159526342032,99.0350599407923,4.22259480459166
395.977612393127,227.794758284749,4.28065472247181
561.324310987747,410.593729302602,4.63081361857131
140.119563248577,279.224889041191,4.58860814868169
196.355963297468,372.876900523199,4.11739132439268
128.266627399288,413.218363410635,3.45771048774427
629.133509916363,307.582081601845,4.56025497519134
3.78835014976244,145.456659910246,4.25989485594546
541.255651765409,204.049850580756,4.21785197313866
33.750671499001,492.637476443733,3.06451517444715
275.63268192654,18.0628577407349,3.8612782883388
534.220320082614,390.622724688868,3.36986153610169
70.928583234083,82.4628951341823,5.20041636865199
3.50662286782519,77.5201744138346,3.52627598915785
589.839851838824,228.314837576134,4.02229080588409
434.60105857031,467.574902848448,4.7750934381605
660.81136594725,376.73962457145,2.83963634198561
108.345878173289,489.419401324041,4.31594963244889
618.301925365753,91.6168964450621,4.08382300231703
420.9598177971,260.110015347846,3.6053754134206
9.81463458132826,183.359480104623,3.3544980702951
62.7052200034423,122.611763548598,4.57018450050535
611.629656085418,213.517253245603,4.43527858783573
250.78308608599,217.085420059238,3.7354292613139
580.527283778031,431.543937988843,3.90838774155756
298.317241421087,141.113762005643,3.84446565459397
531.243652679249,456.303284046476,3.59836773753176
41.6078551903273,420.01392408626,3.81745777642351
201.016949845101,299.993762779844,3.89835770390904
550.752479299878,260.688422494546,3.69796509639984
175.603010658103,27.7922590733973,4.27474185708855
514.473842045263,345.1387547629,4.74071584703809
48.1011614672193,47.4340432989062,4.16498570193906
534.433937564629,142.293827305438,4.79724896495958
NA,NA,NA
662.785787401081,337.860710744057,3.55370010423767
459.651604876438,305.310782136281,3.60738003756115
9.63559782164409,492.610805754308,3.6760701473692
557.215889161895,45.9628371870932,4.40012535199909
74.5238236039684,376.121122950806,4.05816163102111
228.860015066771,419.388313332879,3.85900617627815
427.231556207935,14.2501326945968,3.46320489129299
362.212520455602,294.535277220094,3.04110860759456
602.159526342032,99.0350599407923,4.22259480459166
395.977612393127,227.794758284749,4.28065472247181
561.324310987747,410.593729302602,4.63081361857131
140.119563248577,279.224889041191,4.58860814868169
196.355963297468,372.876900523199,4.11739132439268
128.266627399288,413.218363410635,3.45771048774427
629.133509916363,307.582081601845,4.56025497519134
3.78835014976244,145.456659910246,4.25989485594546
541.255651765409,204.049850580756,4.21785197313866
33.750671499001,492.637476443733,3.06451517444715
275.63268192654,18.0628577407349,3.8612782883388
534.220320082614,390.622724688868,3.36986153610169
70.928583234083,82.4628951341823,5.20041636865199
3.50662286782519,77.5201744138346,3.52627598915785
589.839851838824,228.314837576134,4.02229080588409
434.60105857031,467.574902848448,4.7750934381605
660.81136594725,376.73962457145,2.83963634198561
108.345878173289,489.419401324041,4.31594963244889
618.301925365753,91.6168964450621,4.08382300231703
420.9598177971,260.110015347846,3.6053754134206
9.81463458132826,183.359480104623,3.3544980702951
62.7052200034423,122.611763548598,4.57018450050535
611.629656085418,213.517253245603,4.43527858783573
250.78308608599,217.085420059238,3.7354292613139
580.527283778031,431.543937988843,3.90838774155756
298.317241421087,141.113762005643,3.84446565459397
531.243652679249,456.303284046476,3.59836773753176
41.6078551903273,420.01392408626,3.81745777642351
201.016949845101,299.993762779844,3.89835770390904
550.752479299878,260.688422494546,3.69796509639984
175.603010658103,27.7922590733973,4.27474185708855
514.473842045263,345.1387547629,4.74071584703809
48.1011614672193,47.4340432989062,4.16498570193906
534.433937564629,142.293827305438,4.79724896495958
NA,NA,NA
662.785787401081,337.860710744057,3.55370010423767
459.651604876438,305.310782136281,3.60738003756115
9.63559782164409,492.610805754308,3.6760701473692
557.215889161895,45.9628371870932,4.40012535199909
74.5238236039684,376.121122950806,4.05816163102111
228.860015066771,419.388313332879,3.85900617627815
427.231556207935,14.2501326945968,3.46320489129299
362.212520455602,294.535277220094,3.04110860759456
602.159526342032,99.0350599407923,4.22259480459166
395.977612393127,227.794758284749,4.28065472247181
561.324310987747,410.593729302602,4.63081361857131
140.119563248577,279.224889041191,4.58860814868169
196.355963297468,372.876900523199,4.11739132439268
128.266627399288,413.218363410635,3.45771048774427
629.133509916363,307.582081601845,4.56025497519134
3.78835014976244,145.456659910246,4.25989485594546
541.255651765409,204.049850580756,4.21785197313866
33.750671499001,492.637476443733,3.06451517444715
275.63268192654,18.0628577407349,3.8612782883388
534.220320082614,390.622724688868,3.36986153610169
70.928583234083,82.4628951341823,5.20041636865199
3.50662286782519,77.5201744138346,3.52627598915785
589.839851838824,228.314837576134,4.02229080588409
434.60105857031,467.574902848448,4.7750934381605
660.81136594725,376.73962457145,2.83963634198561
108.345878173289,489.419401324041,4.31594963244889
618.301925365753,91.6168964450621,4.08382300231703
420.9598177971,260.110015347846,3.6053754134206
9.81463458132826,183.359480104623,3.3544980702951
62.7052200034423,122.611763548598,4.57018450050535
611.629656085418,213.517253245603,4.43527858783573
250.78308608599,217.085420059238,3.7354292613139
580.527283778031,431.543937988843,3.90838774155756
298.317241421087,141.113762005643,3.84446565459397
531.243652679249,456.303284046476,3.59836773753176
41.6078551903273,420.01392408626,3.81745777642351
201.016949845101,299.993762779844,3.89835770390904
550.752479299878,260.688422494546,3.69796509639984
175.603010658103,27.7922590733973,4.27474185708855
514.473842045263,345.1387547629,4.74071584703809
48.1011614672193,47.4340432989062,4.16498570193906
534.433937564629,142.293827305438,4.79724896495958
NA,NA,NA
662.785787401081,337.860710744057,3.55370010423767
459.651604876438,305.310782136281,3.60738003756115
9.63559782164409,492.610805754308,3.6760701473692
557.215889161895,45.9628371870932,4.40012535199909
74.5238236039684,376.121122950806,4.05816163102111
228.860015066771,419.388313332879,3.85900617627815
427.231556207935,14.2501326945968,3.46320489129299
362.212520455602,294.535277220094,3.04110860759456
602.159526342032,99.0350599407923,4.22259480459166
395.977612393127,227.794758284749,4.28065472247181
561.324310987747,410.593729302602,4.63081361857131
140.119563248577,279.224889041191,4.58860814868169
196.355963297468,372.876900523199,4.11739132439268
128.266627399288,413.218363410635,3.45771048774427
629.133509916363,307.582081601845,4.56025497519134
3.78835014976244,145.456659910246,4.25989485594546
541.255651765409,204.049850580756,4.21785197313866
33.750671499001,492.637476443733,3.06451517444715
275.63268192654,18.0628577407349,3.8612782883388
534.220320082614,390.622724688868,3.36986153610169
70.928583234083,82.4628951341823,5.20041636865199
3.50662286782519,77.5201744138346,3.52627598915785
589.839851838824,228.314837576134,4.02229080588409
434.60105857031,467.574902848448,4.7750934381605
660.81136594725,376.73962457145,2.83963634198561
108.345878173289,489.419401324041,4.31594963244889
618.301925365753,91.6168964450621,4.08382300231703
420.9598177971,260.110015347846,3.6053754134206
9.81463458132826,183.359480104623,3.3544980702951
62.7052200034423,122.611763548598,4.57018450050535
611.629656085418,213.517253245603,4.43527858783573
250.78308608599,217.085420059238,3.7354292613139
580.527283778031,431.543937988843,3.90838774155756
298.317241421087,141.113762005643,3.84446565459397
531.243652679249,456.303284046476,3.59836773753176
41.6078551903273,420.01392408626,3.81745777642351
201.016949845101,299.993762779844,3.89835770390904
550.752479299878,260.688422494546,3.69796509639984
175.603010658103,27.7922590733973,4.27474185708855
514.473842045263,345.1387547629,4.74071584703809
48.1011614672193,47.4340432989062,4.16498570193906
534.433937564629,142.293827305438,4.79724896495958
NA,NA,NA
662.785787401081,337.860710744057,3.55370010423767
459.651604876438,305.310782136281,3.60738003756115
9.63559782164409,492.610805754308,3.6760701473692
557.215889161895,45.9628371870932,4.40012535199909
74.5238236039684,376.121122950806,4.05816163102111
228.860015066771,419.388313332879,3.85900617627815
427.231556207935,14.2501326945968,3.46320489129299
362.212520455602,294.535277220094,3.04110860759456
602.159526342032,99.0350599407923,4.22259480459166
395.977612393127,227.794758284749,4.28065472247181
561.324310987747,410.593729302602,4.63081361857131
140.119563248577,279.224889041191,4.58860814868169
196.355963297468,372.876900523199,4.11739132439268
128.266627399288,413.218363410635,3.45771048774427
629.133509916363,307.582081601845,4.56025497519134
3.78835014976244,145.456659910246,4.25989485594546
541.255651765409,204.049850580756,4.21785197313866
33.750671499001,492.637476443733,3.06451517444715
275.63268192654,18.0628577407349,3.8612782883388
534.220320082614,390.622724688868,3.36986153610169
70.928583234083,82.4628951341823,5.20041636865199
3.50662286782519,77.5201744138346,3.52627598915785
589.839851838824,228.314837576134,4.02229080588409
434.60105857031,467.574902848448,4.7750934381605
660.81136594725,376.73962457145,2.83963634198561
108.345878173289,489.419401324041,4.31594963244889
618.301925365753,91.6168964450621,4.08382300231703
420.9598177971,260.110015347846,3.6053754134206
9.81463458132826,183.359480104623,3.3544980702951
62.7052200034423,122.611763548598,4.57018450050535
611.629656085418,213.517253245603,4.43527858783573
250.78308608599,217.085420059238,3.7354292613139
580.527283778031,431.543937988843,3.90838774155756
298.317241421087,141.113762005643,3.84446565459397
531.243652679249,456.303284046476,3.59836773753176
41.6078551903273,420.01392408626,3.81745777642351
201.016949845101,299.993762779844,3.89835770390904
550.752479299878,260.688422494546,3.69796509639984
175.603010658103,27.7922590733973,4.27474185708855
514.473842045263,345.1387547629,4.74071584703809
48.1011614672193,47.4340432989062,4.16498570193906
534.433937564629,142.293827305438,4.79724896495958
NA,NA,NA
662.785787401081,337.860710744057,3.55370010423767
459.651604876438,305.310782136281,3.60738003756115
9.63559782164409,492.610805754308,3.6760701473692
557.215889161895,45.9628371870932,4.40012535199909
74.5238236039684,376.121122950806,4.05816163102111
228.860015066771,419.388313332879,3.85900617627815
427.231556207935,14.2501326945968,3.46320489129299
362.212520455602,294.535277220094,3.04110860759456
602.159526342032,99.0350599407923,4.22259480459166
395.977612393127,227.794758284749,4.28065472247181
561.324310987747,410.593729302602,4.63081361857131
140.119563248577,279.224889041191,4.58860814868169
196.355963297468,372.876900523199,4.11739132439268
128.266627399288,413.218363410635,3.45771048774427
629.133509916363,307.582081601845,4.56025497519134
3.78835014976244,145.456659910246,4.25989485594546
541.255651765409,204.049850580756,4.21785197313866
33.750671499001,492.637476443733,3.06451517444715
275.63268192654,18.0628577407349,3.8612782883388
534.220320082614,390.622724688868,3.36986153610169
70.928583234083,82.4628951341823,5.20041636865199
3.50662286782519,77.5201744138346,3.52627598915785
589.839851838824,228.314837576134,4.02229080588409
434.60105857031,467.574902848448,4.7750934381605
660.81136594725,376.73962457145,2.83963634198561
108.345878173289,489.419401324041,4.31594963244889
618.301925365753,91.6168964450621,4.08382300231703
420.9598177971,260.110015347846,3.6053754134206
9.81463458132826,183.359480104623,3.3544980702951
62.7052200034423,122.611763548598,4.57018450050535
611.629656085418,213.517253245603,4.43527858783573
250.78308608599,217.085420059238,3.7354292613139
580.527283778031,431.543937988843,3.90838774155756
298.317241421087,141.113762005643,3.84446565459397
531.243652679249,456.303284046476,3.59836773753176
41.6078551903273,420.01392408626,3.81745777642351
201.016949845101,299.993762779844,3.89835770390904
550.752479299878,260.688422494546,3.69796509639984
175.603010658103,27.7922590733973,4.27474185708855
514.473842045263,345.1387547629,4.74071584703809
48.1011614672193,47.4340432989062,4.16498570193906
534.433937564629,142.293827305438,4.79724896495958
NA,NA,NA
664.599469879774,335.093033677163,3.49212218565417
457.079818467404,298.834349339766,3.65947661226914
8.52859611184273,493.017034493289,3.51459191115689
561.397239388291,51.833872826807,4.23452158047324
67.1405127142708,370.668879739805,4.07437794883558
227.792111567278,412.158116975406,3.84435207452595
428.897709433683,13.1350453680719,3.37250090280844
363.469040259389,293.463876725205,3.04840506962495
604.779032028523,103.646799851688,4.32596352726378
393.38787795934,226.744951507614,4.19971800766492
568.464005671534,401.076345945193,4.700185949608
137.000928758095,278.265565812514,4.57872694780234
199.03101175943,365.812036087281,4.07440800607378
122.489598956365,411.333046651511,3.41755963687385
627.859064779641,317.248043817286,4.6701071843843
0.00129649464400794,143.145491245679,4.31239440360958
542.010535507137,201.707574933717,4.04019299219198
35.0256987708664,492.48734646823,2.95197030121831
279.354301059728,19.6257503331883,3.77733078255202
537.136523681122,390.31665554349,3.60991390763566
74.4094343875683,76.1524543541963,5.20758953148823
9.4424173881949,75.336219319921,3.43690215320829
586.763451438957,225.116134745384,3.9907232701045
447.259482907052,461.258517965427,4.70124375648767
658.531473010351,373.864104476003,3.13354343620959
110.230554256924,486.947951808139,4.2743618523984
627.701565192117,88.0222588206633,4.05795279768839
423.233333762444,260.613677923077,3.57972698269858
11.4245118363731,180.806904187863,3.2725015703372
71.7216867376927,122.828016019916,4.65910415692873
609.884615482586,197.098709401873,4.36937725122446
250.433429716124,214.578159554101,4.0549468719804
572.590086218693,429.886773848164,3.76013502815223
296.830892470755,141.930854396982,3.88391541593183
520.685052388492,459.857024069138,3.63867631729783
57.0443063712059,418.283979318313,3.5682781410712
201.818386136365,286.24662380239,3.81904709164069
555.894207210146,257.742653702474,3.8387298310627
180.678174039693,33.8622923113309,4.52157029803903
503.692435869385,346.622921019837,4.70421145535099
37.6766716344695,54.1271391685214,3.85178634836216
529.733713986577,145.374845069391,4.94096163265777
NA,NA,NA
664.599469879774,335.093033677163,3.49212218565417
457.079818467404,298.834349339766,3.65947661226914
8.52859611184273,493.017034493289,3.51459191115689
561.397239388291,51.833872826807,4.23452158047324
67.1405127142708,370.668879739805,4.07437794883558
227.792111567278,412.158116975406,3.84435207452595
428.897709433683,13.1350453680719,3.37250090280844
363.469040259389,293.463876725205,3.04840506962495
604.779032028523,103.646799851688,4.32596352726378
393.38787795934,226.744951507614,4.19971800766492
568.464005671534,401.076345945193,4.700185949608
137.000928758095,278.265565812514,4.57872694780234
199.03101175943,365.812036087281,4.07440800607378
122.489598956365,411.333046651511,3.41755963687385
627.859064779641,317.248043817286,4.6701071843843
0.00129649464400794,143.145491245679,4.31239440360958
542.010535507137,201.707574933717,4.04019299219198
35.0256987708664,492.48734646823,2.95197030121831
279.354301059728,19.6257503331883,3.77733078255202
537.136523681122,390.31665554349,3.60991390763566
74.4094343875683,76.1524543541963,5.20758953148823
9.4424173881949,75.336219319921,3.43690215320829
586.763451438957,225.116134745384,3.9907232701045
447.259482907052,461.258517965427,4.70124375648767
658.531473010351,373.864104476003,3.13354343620959
110.230554256924,486.947951808139,4.2743618523984
627.701565192117,88.0222588206633,4.05795279768839
423.233333762444,260.613677923077,3.57972698269858
11.4245118363731,180.806904187863,3.2725015703372
71.7216867376927,122.828016019916,4.65910415692873
609.884615482586,197.098709401873,4.36937725122446
250.433429716124,214.578159554101,4.0549468719804
572.590086218693,429.886773848164,3.76013502815223
296.830892470755,141.930854396982,3.88391541593183
520.685052388492,459.857024069138,3.63867631729783
57.0443063712059,418.283979318313,3.5682781410712
201.818386136365,286.24662380239,3.81904709164069
555.894207210146,257.742653702474,3.8387298310627
180.678174039693,33.8622923113309,4.52157029803903
503.692435869385,346.622921019837,4.70421145535099
37.6766716344695,54.1271391685214,3.85178634836216
529.733713986577,145.374845069391,4.94096163265777
NA,NA,NA
664.599469879774,335.093033677163,3.49212218565417
457.079818467404,298.834349339766,3.65947661226914
8.52859611184273,493.017034493289,3.51459191115689
561.397239388291,51.833872826807,4.23452158047324
67.1405127142708,370.668879739805,4.07437794883558
227.792111567278,412.158116975406,3.84435207452595
428.897709433683,13.1350453680719,3.37250090280844
363.469040259389,293.463876725205,3.04840506962495
604.779032028523,103.646799851688,4.32596352726378
393.38787795934,226.744951507614,4.19971800766492
568.464005671534,401.076345945193,4.700185949608
137.000928758095,278.265565812514,4.57872694780234
199.03101175943,365.812036087281,4.07440800607378
122.489598956365,411.333046651511,3.41755963687385
627.859064779641,317.248043817286,4.6701071843843
0.00129649464400794,143.145491245679,4.31239440360958
542.010535507137,201.707574933717,4.04019299219198
35.0256987708664,492.48734646823,2.95197030121831
279.354301059728,19.6257503331883,3.77733078255202
537.136523681122,390.31665554349,3.60991390763566
74.4094343875683,76.1524543541963,5.20758953148823
9.4424173881949,75.336219319921,3.43690215320829
586.763451438957,225.116134745384,3.9907232701045
447.259482907052,461.258517965427,4.70124375648767
658.531473010351,373.864104476003,3.13354343620959
110.230554256924,486.947951808139,4.2743618523984
627.701565192117,88.0222588206633,4.05795279768839
423.233333762444,260.613677923077,3.57972698269858
11.4245118363731,180.806904187863,3.2725015703372
71.7216867376927,122.828016019916,4.65910415692873
609.884615482586,197.098709401873,4.36937725122446
250.433429716124,214.578159554101,4.0549468719804
572.590086218693,429.886773848164,3.76013502815223
296.830892470755,141.930854396982,3.88391541593183
520.685052388492,459.857024069138,3.63867631729783
57.0443063712059,418.283979318313,3.5682781410712
201.818386136365,286.24662380239,3.81904709164069
555.894207210146,257.742653702474,3.8387298310627
180.678174039693,33.8622923113309,4.52157029803903
503.692435869385,346.622921019837,4.70421145535099
37.6766716344695,54.1271391685214,3.85178634836216
529.733713986577,145.374845069391,4.94096163265777
NA,NA,NA
664.599469879774,335.093033677163,3.49212218565417
457.079818467404,298.834349339766,3.65947661226914
8.52859611184273,493.017034493289,3.51459191115689
561.397239388291,51.833872826807,4.23452158047324
67.1405127142708,370.668879739805,4.07437794883558
227.792111567278,412.158116975406,3.84435207452595
428.897709433683,13.1350453680719,3.37250090280844
363.469040259389,293.463876725205,3.04840506962495
604.779032028523,103.646799851688,4.32596352726378
393.38787795934,226.744951507614,4.19971800766492
568.464005671534,401.076345945193,4.700185949608
137.000928758095,278.265565812514,4.57872694780234
199.03101175943,365.812036087281,4.07440800607378
122.489598956365,411.333046651511,3.41755963687385
627.859064779641,317.248043817286,4.6701071843843
0.00129649464400794,143.145491245679,4.31239440360958
542.010535507137,201.707574933717,4.04019299219198
35.0256987708664,492.48734646823,2.95197030121831
279.354301059728,19.6257503331883,3.77733078255202
537.136523681122,390.31665554349,3.60991390763566
74.4094343875683,76.1524543541963,5.20758953148823
9.4424173881949,75.336219319921,3.43690215320829
586.763451438957,225.116134745384,3.9907232701045
447.259482907052,461.258517965427,4.70124375648767
658.531473010351,373.864104476003,3.13354343620959
110.230554256924,486.947951808139,4.2743618523984
627.701565192117,88.0222588206633,4.05795279768839
423.233333762444,260.613677923077,3.57972698269858
11.4245118363731,180.806904187863,3.2725015703372
71.7216867376927,122.828016019916,4.65910415692873
609.884615482586,197.098709401873,4.36937725122446
250.433429716124,214.578159554101,4.0549468719804
572.590086218693,429.886773848164,3.76013502815223
296.830892470755,141.930854396982,3.88391541593183
520.685052388492,459.857024069138,3.63867631729783
57.0443063712059,418.283979318313,3.5682781410712
201.818386136365,286.24662380239,3.81904709164069
555.894207210146,257.742653702474,3.8387298310627
180.678174039693,33.8622923113309,4.52157029803903
503.692435869385,346.622921019837,4.70421145535099
37.6766716344695,54.1271391685214,3.85178634836216
529.733713986577,145.374845069391,4.94096163265777
NA,NA,NA
664.599469879774,335.093033677163,3.49212218565417
457.079818467404,298.834349339766,3.65947661226914
8.52859611184273,493.017034493289,3.51459191115689
561.397239388291,51.833872826807,4.23452158047324
67.1405127142708,370.668879739805,4.07437794883558
227.792111567278,412.158116975406,3.84435207452595
428.897709433683,13.1350453680719,3.37250090280844
363.469040259389,293.463876725205,3.04840506962495
604.779032028523,103.646799851688,4.32596352726378
393.38787795934,226.744951507614,4.19971800766492
568.464005671534,401.076345945193,4.700185949608
137.000928758095,278.265565812514,4.57872694780234
199.03101175943,365.812036087281,4.07440800607378
122.489598956365,411.333046651511,3.41755963687385
627.859064779641,317.248043817286,4.6701071843843
0.00129649464400794,143.145491245679,4.31239440360958
542.010535507137,201.707574933717,4.04019299219198
35.0256987708664,492.48734646823,2.95197030121831
279.354301059728,19.6257503331883,3.77733078255202
537.136523681122,390.31665554349,3.60991390763566
74.4094343875683,76.1524543541963,5.20758953148823
9.4424173881949,75.336219319921,3.43690215320829
586.763451438957,225.116134745384,3.9907232701045
447.259482907052,461.258517965427,4.70124375648767
658.531473010351,373.864104476003,3.13354343620959
110.230554256924,486.947951808139,4.2743618523984
627.701565192117,88.0222588206633,4.05795279768839
423.233333762444,260.613677923077,3.57972698269858
11.4245118363731,180.806904187863,3.2725015703372
71.7216867376927,122.828016019916,4.65910415692873
609.884615482586,197.098709401873,4.36937725122446
250.433429716124,214.578159554101,4.0549468719804
572.590086218693,429.886773848164,3.76013502815223
296.830892470755,141.930854396982,3.88391541593183
520.685052388492,459.857024069138,3.63867631729783
57.0443063712059,418.283979318313,3.5682781410712
201.818386136365,286.24662380239,3.81904709164069
555.894207210146,257.742653702474,3.8387298310627
180.678174039693,33.8622923113309,4.52157029803903
503.692435869385,346.622921019837,4.70421145535099
37.6766716344695,54.1271391685214,3.85178634836216
529.733713986577,145.374845069391,4.94096163265777
NA,NA,NA
664.599469879774,335.093033677163,3.49212218565417
457.079818467404,298.834349339766,3.65947661226914
8.52859611184273,493.017034493289,3.51459191115689
561.397239388291,51.833872826807,4.23452158047324
67.1405127142708,370.668879739805,4.07437794883558
227.792111567278,412.158116975406,3.84435207452595
428.897709433683,13.1350453680719,3.37250090280844
363.469040259389,293.463876725205,3.04840506962495
604.779032028523,103.646799851688,4.32596352726378
393.38787795934,226.744951507614,4.19971800766492
568.464005671534,401.076345945193,4.700185949608
137.000928758095,278.265565812514,4.57872694780234
199.03101175943,365.812036087281,4.07440800607378
122.489598956365,411.333046651511,3.41755963687385
627.859064779641,317.248043817286,4.6701071843843
0.00129649464400794,143.145491245679,4.31239440360958
542.010535507137,201.707574933717,4.04019299219198
35.0256987708664,492.48734646823,2.95197030121831
279.354301059728,19.6257503331883,3.77733078255202
537.136523681122,390.31665554349,3.60991390763566
74.4094343875683,76.1524543541963,5.20758953148823
9.4424173881949,75.336219319921,3.43690215320829
586.763451438957,225.116134745384,3.9907232701045
447.259482907052,461.258517965427,4.70124375648767
658.531473010351,373.864104476003,3.13354343620959
110.230554256924,486.947951808139,4.2743618523984
627.701565192117,88.0222588206633,4.05795279768839
423.233333762444,260.613677923077,3.57972698269858
11.4245118363731,180.806904187863,3.2725015703372
71.7216867376927,122.828016019916,4.65910415692873
609.884615482586,197.098709401873,4.36937725122446
250.433429716124,214.578159554101,4.0549468719804
572.590086218693,429.886773848164,3.76013502815223
296.830892470755,141.930854396982,3.88391541593183
520.685052388492,459.857024069138,3.63867631729783
57.0443063712059,418.283979318313,3.5682781410712
201.818386136365,286.24662380239,3.81904709164069
555.894207210146,257.742653702474,3.8387298310627
180.678174039693,33.8622923113309,4.52157029803903
503.692435869385,346.622921019837,4.70421145535099
37.6766716344695,54.1271391685214,3.85178634836216
529.733713986577,145.374845069391,4.94096163265777
NA,NA,NA
657.054730096913,334.197738369665,3.51014821405316
456.596392732732,296.768389567686,3.72628263650107
11.9306571700381,492.113751004009,3.60985250483385
561.801709381466,51.6220549484395,4.04409889960069
75.2958997025533,380.978794643346,3.94285335232474
228.923461415233,411.830839805758,3.96142636726973
430.105943232659,14.4114304988713,3.23594964567899
361.5602987836,291.589322832323,3.09352927355458
606.30824152814,100.959040080855,4.27817217967444
395.717146633826,231.446189595739,4.16539447742036
569.542662459862,403.017558572264,4.74580825492723
142.230251228357,282.602423673517,4.49991190593328
197.930093387171,366.726445293858,4.15740373313588
119.367395033777,411.931532486425,3.49321578993611
624.039772423178,317.002936013571,4.58351366808145
0.0526069002370906,150.36782364363,4.28134188361086
545.441912212839,204.404522570049,4.18134324585369
34.8354304430867,494.686233548924,2.97276434573356
278.601911252049,27.6021657221794,3.88078703183931
533.329936396065,393.867550577109,3.36835432901734
67.9782203994448,80.1471153882909,5.15730441424391
8.45781428327144,71.713397738694,3.46092635072769
585.555212711756,226.630487057666,4.02211633927988
435.89187994087,458.878658227188,4.83755885760126
657.995923740629,373.911372374945,3.01612724157632
104.382802466631,488.904361727105,4.25131304398523
626.624770123398,89.5963806396868,4.06246676173635
416.860998270623,258.541296061429,3.50676062263868
12.5354143870418,183.715540872285,3.29303450260364
60.5155979757128,108.337000046912,4.32255091964491
586.980452619089,199.43830059748,4.11864418138781
250.780133665362,223.307713701977,3.87566966478998
577.256683056124,429.784139638445,3.62890203159326
302.904120429771,136.751174037023,3.96679911460939
519.88806386499,460.148026462728,3.71021478030969
49.2963112002544,424.598196180054,3.85946530914075
193.759473570554,278.885250703956,3.86430214446868
547.813238973537,266.757828043413,4.0282042574631
183.68509712985,30.7779057864643,4.15397798659512
493.92836586262,349.474990201692,4.56905791620501
29.9846228379706,40.5261588481144,4.04856698659328
552.277586814567,144.163391007211,4.28814926238715
NA,NA,NA
657.054730096913,334.197738369665,3.51014821405316
456.596392732732,296.768389567686,3.72628263650107
11.9306571700381,492.113751004009,3.60985250483385
561.801709381466,51.6220549484395,4.04409889960069
75.2958997025533,380.978794643346,3.94285335232474
228.923461415233,411.830839805758,3.96142636726973
430.105943232659,14.4114304988713,3.23594964567899
361.5602987836,291.589322832323,3.09352927355458
606.30824152814,100.959040080855,4.27817217967444
395.717146633826,231.446189595739,4.16539447742036
569.542662459862,403.017558572264,4.74580825492723
142.230251228357,282.602423673517,4.49991190593328
197.930093387171,366.726445293858,4.15740373313588
119.367395033777,411.931532486425,3.49321578993611
624.039772423178,317.002936013571,4.58351366808145
0.0526069002370906,150.36782364363,4.28134188361086
545.441912212839,204.404522570049,4.18134324585369
34.8354304430867,494.686233548924,2.97276434573356
278.601911252049,27.6021657221794,3.88078703183931
533.329936396065,393.867550577109,3.36835432901734
67.9782203994448,80.1471153882909,5.15730441424391
8.45781428327144,71.713397738694,3.46092635072769
585.555212711756,226.630487057666,4.02211633927988
435.89187994087,458.878658227188,4.83755885760126
657.995923740629,373.911372374945,3.01612724157632
104.382802466631,488.904361727105,4.25131304398523
626.624770123398,89.5963806396868,4.06246676173635
416.860998270623,258.541296061429,3.50676062263868
12.5354143870418,183.715540872285,3.29303450260364
60.5155979757128,108.337000046912,4.32255091964491
586.980452619089,199.43830059748,4.11864418138781
250.780133665362,223.307713701977,3.87566966478998
577.256683056124,429.784139638445,3.62890203159326
302.904120429771,136.751174037023,3.96679911460939
519.88806386499,460.148026462728,3.71021478030969
49.2963112002544,424.598196180054,3.85946530914075
193.759473570554,278.885250703956,3.86430214446868
547.813238973537,266.757828043413,4.0282042574631
183.68509712985,30.7779057864643,4.15397798659512
493.92836586262,349.474990201692,4.56905791620501
29.9846228379706,40.5261588481144,4.04856698659328
552.277586814567,144.163391007211,4.28814926238715
NA,NA,NA
657.054730096913,334.197738369665,3.51014821405316
456.596392732732,296.768389567686,3.72628263650107
11.9306571700381,492.113751004009,3.60985250483385
561.801709381466,51.6220549484395,4.04409889960069
75.2958997025533,380.978794643346,3.94285335232474
228.923461415233,411.830839805758,3.96142636726973
430.105943232659,14.4114304988713,3.23594964567899
361.5602987836,291.589322832323,3.09352927355458
606.30824152814,100.959040080855,4.27817217967444
395.717146633826,231.446189595739,4.16539447742036
569.542662459862,403.017558572264,4.74580825492723
142.230251228357,282.602423673517,4.49991190593328
197.930093387171,366.726445293858,4.15740373313588
119.367395033777,411.931532486425,3.49321578993611
624.039772423178,317.002936013571,4.58351366808145
0.0526069002370906,150.36782364363,4.28134188361086
545.441912212839,204.404522570049,4.18134324585369
34.8354304430867,494.686233548924,2.97276434573356
278.601911252049,27.6021657221794,3.88078703183931
533.329936396065,393.867550577109,3.36835432901734
67.9782203994448,80.1471153882909,5.15730441424391
8.45781428327144,71.713397738694,3.46092635072769
585.555212711756,226.630487057666,4.02211633927988
435.89187994087,458.878658227188,4.83755885760126
657.995923740629,373.911372374945,3.01612724157632
104.382802466631,488.904361727105,4.25131304398523
626.624770123398,89.5963806396868,4.06246676173635
416.860998270623,258.541296061429,3.50676062263868
12.5354143870418,183.715540872285,3.29303450260364
60.5155979757128,108.337000046912,4.32255091964491
586.980452619089,199.43830059748,4.11864418138781
250.780133665362,223.307713701977,3.87566966478998
577.256683056124,429.784139638445,3.62890203159326
302.904120429771,136.751174037023,3.96679911460939
519.88806386499,460.148026462728,3.71021478030969
49.2963112002544,424.598196180054,3.85946530914075
193.759473570554,278.885250703956,3.86430214446868
547.813238973537,266.757828043413,4.0282042574631
183.68509712985,30.7779057864643,4.15397798659512
493.92836586262,349.474990201692,4.56905791620501
29.9846228379706,40.5261588481144,4.04856698659328
552.277586814567,144.163391007211,4.28814926238715
NA,NA,NA
657.054730096913,334.197738369665,3.51014821405316
456.596392732732,296.768389567686,3.72628263650107
11.9306571700381,492.113751004009,3.60985250483385
561.801709381466,51.6220549484395,4.04409889960069
75.2958997025533,380.978794643346,3.94285335232474
228.923461415233,411.830839805758,3.96142636726973
430.105943232659,14.4114304988713,3.23594964567899
361.5602987836,291.589322832323,3.09352927355458
606.30824152814,100.959040080855,4.27817217967444
395.717146633826,231.446189595739,4.16539447742036
569.542662459862,403.017558572264,4.74580825492723
142.230251228357,282.602423673517,4.49991190593328
197.930093387171,366.726445293858,4.15740373313588
119.367395033777,411.931532486425,3.49321578993611
624.039772423178,317.002936013571,4.58351366808145
0.0526069002370906,150.36782364363,4.28134188361086
545.441912212839,204.404522570049,4.18134324585369
34.8354304430867,494.686233548924,2.97276434573356
278.601911252049,27.6021657221794,3.88078703183931
533.329936396065,393.867550577109,3.36835432901734
67.9782203994448,80.1471153882909,5.15730441424391
8.45781428327144,71.713397738694,3.46092635072769
585.555212711756,226.630487057666,4.02211633927988
435.89187994087,458.878658227188,4.83755885760126
657.995923740629,373.911372374945,3.01612724157632
104.382802466631,488.904361727105,4.25131304398523
626.624770123398,89.5963806396868,4.06246676173635
416.860998270623,258.541296061429,3.50676062263868
12.5354143870418,183.715540872285,3.29303450260364
60.5155979757128,108.337000046912,4.32255091964491
586.980452619089,199.43830059748,4.11864418138781
250.780133665362,223.307713701977,3.87566966478998
577.256683056124,429.784139638445,3.62890203159326
302.904120429771,136.751174037023,3.96679911460939
519.88806386499,460.148026462728,3.71021478030969
49.2963112002544,424.598196180054,3.85946530914075
193.759473570554,278.885250703956,3.86430214446868
547.813238973537,266.757828043413,4.0282042574631
183.68509712985,30.7779057864643,4.15397798659512
493.92836586262,349.474990201692,4.56905791620501
29.9846228379706,40.5261588481144,4.04856698659328
552.277586814567,144.163391007211,4.28814926238715
NA,NA,NA
657.054730096913,334.197738369665,3.51014821405316
456.596392732732,296.768389567686,3.72628263650107
11.9306571700381,492.113751004009,3.60985250483385
561.801709381466,51.6220549484395,4.04409889960069
75.2958997025533,380.978794643346,3.94285335232474
228.923461415233,411.830839805758,3.96142636726973
430.105943232659,14.4114304988713,3.23594964567899
361.5602987836,291.589322832323,3.09352927355458
606.30824152814,100.959040080855,4.27817217967444
395.717146633826,231.446189595739,4.16539447742036
569.542662459862,403.017558572264,4.74580825492723
142.230251228357,282.602423673517,4.49991190593328
197.930093387171,366.726445293858,4.15740373313588
119.367395033777,411.931532486425,3.49321578993611
624.039772423178,317.002936013571,4.58351366808145
0.0526069002370906,150.36782364363,4.28134188361086
545.441912212839,204.404522570049,4.18134324585369
34.8354304430867,494.686233548924,2.97276434573356
278.601911252049,27.6021657221794,3.88078703183931
533.329936396065,393.867550577109,3.36835432901734
67.9782203994448,80.1471153882909,5.15730441424391
8.45781428327144,71.713397738694,3.46092635072769
585.555212711756,226.630487057666,4.02211633927988
435.89187994087,458.878658227188,4.83755885760126
657.995923740629,373.911372374945,3.01612724157632
104.382802466631,488.904361727105,4.25131304398523
626.624770123398,89.5963806396868,4.06246676173635
416.860998270623,258.541296061429,3.50676062263868
12.5354143870418,183.715540872285,3.29303450260364
60.5155979757128,108.337000046912,4.32255091964491
586.980452619089,199.43830059748,4.11864418138781
250.780133665362,223.307713701977,3.87566966478998
577.256683056124,429.784139638445,3.62890203159326
302.904120429771,136.751174037023,3.96679911460939
519.88806386499,460.148026462728,3.71021478030969
49.2963112002544,424.598196180054,3.85946530914075
193.759473570554,278.885250703956,3.86430214446868
547.813238973537,266.757828043413,4.0282042574631
183.68509712985,30.7779057864643,4.15397798659512
493.92836586262,349.474990201692,4.56905791620501
29.9846228379706,40.5261588481144,4.04856698659328
552.277586814567,144.163391007211,4.28814926238715
NA,NA,NA
657.054730096913,334.197738369665,3.51014821405316
456.596392732732,296.768389567686,3.72628263650107
11.9306571700381,492.113751004009,3.60985250483385
561.801709381466,51.6220549484395,4.04409889960069
75.2958997025533,380.978794643346,3.94285335232474
228.923461415233,411.830839805758,3.96142636726973
430.105943232659,14.4114304988713,3.23594964567899
361.5602987836,291.589322832323,3.09352927355458
606.30824152814,100.959040080855,4.27817217967444
395.717146633826,231.446189595739,4.16539447742036
569.542662459862,403.017558572264,4.74580825492723
142.230251228357,282.602423673517,4.49991190593328
197.930093387171,366.726445293858,4.15740373313588
119.367395033777,411.931532486425,3.49321578993611
624.039772423178,317.002936013571,4.58351366808145
0.0526069002370906,150.36782364363,4.28134188361086
545.441912212839,204.404522570049,4.18134324585369
34.8354304430867,494.686233548924,2.97276434573356
278.601911252049,27.6021657221794,3.88078703183931
533.329936396065,393.867550577109,3.36835432901734
67.9782203994448,80.1471153882909,5.15730441424391
8.45781428327144,71.713397738694,3.46092635072769
585.555212711756,226.630487057666,4.02211633927988
435.89187994087,458.878658227188,4.83755885760126
657.995923740629,373.911372374945,3.01612724157632
104.382802466631,488.904361727105,4.25131304398523
626.624770123398,89.5963806396868,4.06246676173635
416.860998270623,258.541296061429,3.50676062263868
12.5354143870418,183.715540872285,3.29303450260364
60.5155979757128,108.337000046912,4.32255091964491
586.980452619089,199.43830059748,4.11864418138781
250.780133665362,223.307713701977,3.87566966478998
577.256683056124,429.784139638445,3.62890203159326
302.904120429771,136.751174037023,3.96679911460939
519.88806386499,460.148026462728,3.71021478030969
49.2963112002544,424.598196180054,3.85946530914075
193.759473570554,278.885250703956,3.86430214446868
547.813238973537,266.757828043413,4.0282042574631
183.68509712985,30.7779057864643,4.15397798659512
493.92836586262,349.474990201692,4.56905791620501
29.9846228379706,40.5261588481144,4.04856698659328
552.277586814567,144.163391007211,4.28814926238715
NA,NA,NA
662.949037171601,333.123308243149,3.58418415768791
454.498413958568,296.881783762816,3.63276306920292
11.2323234481942,495.817088401481,3.58467079340237
560.123433000099,48.8445905607937,4.2886741897166
68.2385419335267,375.275857396851,4.05624312540817
230.088053837158,415.685516045874,3.80629652569633
427.692257402697,12.972122097437,3.23741494241219
363.750690420301,295.061033517431,3.00769177246436
606.453383576526,105.023883161632,4.21264153204578
391.454417386479,235.163448056694,4.24037196493924
568.372902635906,414.9418895789,4.7181313078673
148.236370518899,281.791047327336,4.58506391182973
198.789423549879,362.181549865805,4.01511561175921
122.919287165248,408.730399494536,3.29923735221668
625.281352844326,309.801321490894,4.58002864987257
0.93227745962718,148.946794967413,4.26391411899185
540.226096481014,206.16015276448,4.2162936820793
34.9109269831928,493.788396571555,3.02133410641647
276.80598007795,20.5335313011211,3.93718202201236
533.42940757793,392.14708370797,3.36346725031975
70.6261776358459,78.3719617272876,5.23137435740416
5.10697136660248,73.2770134478353,3.67583926102001
589.424515576441,225.191215697068,3.96972605076921
441.953857893012,464.862394089089,4.84450554300942
659.916643043124,372.642454667769,3.12579465607853
106.00083290771,484.469825127153,4.37355049803707
621.626313181443,94.4750432021646,4.06965585969101
420.83306234417,256.842260508366,3.62614705556669
12.8778937292883,182.65095611332,3.11220021620616
70.880481253606,121.330652336835,4.59277841129196
612.090783648007,206.987604061885,4.36125611753396
252.32067875888,218.088889961732,3.93043517255738
574.592878643156,429.94088088473,3.9586157241259
299.150856410391,138.038517675753,3.83224932003875
522.010008913745,453.107653785909,3.41955214022225
51.1670304523131,416.468325930038,3.85247604013276
204.469698287314,291.84366609046,3.93454879687236
545.029537061412,255.833710516355,3.7679852080721
163.051206570032,37.354785582498,4.19053754763364
490.426844091359,346.667551743432,4.72079459447088
33.7741911069402,62.8890358860417,3.53592070780549
521.337930176306,146.503142894985,4.75272677396867
NA,NA,NA
662.949037171601,333.123308243149,3.58418415768791
454.498413958568,296.881783762816,3.63276306920292
11.2323234481942,495.817088401481,3.58467079340237
560.123433000099,48.8445905607937,4.2886741897166
68.2385419335267,375.275857396851,4.05624312540817
230.088053837158,415.685516045874,3.80629652569633
427.692257402697,12.972122097437,3.23741494241219
363.750690420301,295.061033517431,3.00769177246436
606.453383576526,105.023883161632,4.21264153204578
391.454417386479,235.163448056694,4.24037196493924
568.372902635906,414.9418895789,4.7181313078673
148.236370518899,281.791047327336,4.58506391182973
198.789423549879,362.181549865805,4.01511561175921
122.919287165248,408.730399494536,3.29923735221668
625.281352844326,309.801321490894,4.58002864987257
0.93227745962718,148.946794967413,4.26391411899185
540.226096481014,206.16015276448,4.2162936820793
34.9109269831928,493.788396571555,3.02133410641647
276.80598007795,20.5335313011211,3.93718202201236
533.42940757793,392.14708370797,3.36346725031975
70.6261776358459,78.3719617272876,5.23137435740416
5.10697136660248,73.2770134478353,3.67583926102001
589.424515576441,225.191215697068,3.96972605076921
441.953857893012,464.862394089089,4.84450554300942
659.916643043124,372.642454667769,3.12579465607853
106.00083290771,484.469825127153,4.37355049803707
621.626313181443,94.4750432021646,4.06965585969101
420.83306234417,256.842260508366,3.62614705556669
12.8778937292883,182.65095611332,3.11220021620616
70.880481253606,121.330652336835,4.59277841129196
612.090783648007,206.987604061885,4.36125611753396
252.32067875888,218.088889961732,3.93043517255738
574.592878643156,429.94088088473,3.9586157241259
299.150856410391,138.038517675753,3.83224932003875
522.010008913745,453.107653785909,3.41955214022225
51.1670304523131,416.468325930038,3.85247604013276
204.469698287314,291.84366609046,3.93454879687236
545.029537061412,255.833710516355,3.7679852080721
163.051206570032,37.354785582498,4.19053754763364
490.426844091359,346.667551743432,4.72079459447088
33.7741911069402,62.8890358860417,3.53592070780549
521.337930176306,146.503142894985,4.75272677396867
NA,NA,NA
662.949037171601,333.123308243149,3.58418415768791
454.498413958568,296.881783762816,3.63276306920292
11.2323234481942,495.817088401481,3.58467079340237
560.123433000099,48.8445905607937,4.2886741897166
68.2385419335267,375.275857396851,4.05624312540817
230.088053837158,415.685516045874,3.80629652569633
427.692257402697,12.972122097437,3.23741494241219
363.750690420301,295.061033517431,3.00769177246436
606.453383576526,105.023883161632,4.21264153204578
391.454417386479,235.163448056694,4.24037196493924
568.372902635906,414.9418895789,4.7181313078673
148.236370518899,281.791047327336,4.58506391182973
198.789423549879,362.181549865805,4.01511561175921
122.919287165248,408.730399494536,3.29923735221668
625.281352844326,309.801321490894,4.58002864987257
0.93227745962718,148.946794967413,4.26391411899185
540.226096481014,206.16015276448,4.2162936820793
34.9109269831928,493.788396571555,3.02133410641647
276.80598007795,20.5335313011211,3.93718202201236
533.42940757793,392.14708370797,3.36346725031975
70.6261776358459,78.3719617272876,5.23137435740416
5.10697136660248,73.2770134478353,3.67583926102001
589.424515576441,225.191215697068,3.96972605076921
441.953857893012,464.862394089089,4.84450554300942
659.916643043124,372.642454667769,3.12579465607853
106.00083290771,484.469825127153,4.37355049803707
621.626313181443,94.4750432021646,4.06965585969101
420.83306234417,256.842260508366,3.62614705556669
12.8778937292883,182.65095611332,3.11220021620616
70.880481253606,121.330652336835,4.59277841129196
612.090783648007,206.987604061885,4.36125611753396
252.32067875888,218.088889961732,3.93043517255738
574.592878643156,429.94088088473,3.9586157241259
299.150856410391,138.038517675753,3.83224932003875
522.010008913745,453.107653785909,3.41955214022225
51.1670304523131,416.468325930038,3.85247604013276
204.469698287314,291.84366609046,3.93454879687236
545.029537061412,255.833710516355,3.7679852080721
163.051206570032,37.354785582498,4.19053754763364
490.426844091359,346.667551743432,4.72079459447088
33.7741911069402,62.8890358860417,3.53592070780549
521.337930176306,146.503142894985,4.75272677396867
NA,NA,NA
662.949037171601,333.123308243149,3.58418415768791
454.498413958568,296.881783762816,3.63276306920292
11.2323234481942,495.817088401481,3.58467079340237
560.123433000099,48.8445905607937,4.2886741897166
68.2385419335267,375.275857396851,4.05624312540817
230.088053837158,415.685516045874,3.80629652569633
427.692257402697,12.972122097437,3.23741494241219
363.750690420301,295.061033517431,3.00769177246436
606.453383576526,105.023883161632,4.21264153204578
391.454417386479,235.163448056694,4.24037196493924
568.372902635906,414.9418895789,4.7181313078673
148.236370518899,281.791047327336,4.58506391182973
198.789423549879,362.181549865805,4.01511561175921
122.919287165248,408.730399494536,3.29923735221668
625.281352844326,309.801321490894,4.58002864987257
0.93227745962718,148.946794967413,4.26391411899185
540.226096481014,206.16015276448,4.2162936820793
34.9109269831928,493.788396571555,3.02133410641647
276.80598007795,20.5335313011211,3.93718202201236
533.42940757793,392.14708370797,3.36346725031975
70.6261776358459,78.3719617272876,5.23137435740416
5.10697136660248,73.2770134478353,3.67583926102001
589.424515576441,225.191215697068,3.96972605076921
441.953857893012,464.862394089089,4.84450554300942
659.916643043124,372.642454667769,3.12579465607853
106.00083290771,484.469825127153,4.37355049803707
621.626313181443,94.4750432021646,4.06965585969101
420.83306234417,256.842260508366,3.62614705556669
12.8778937292883,182.65095611332,3.11220021620616
70.880481253606,121.330652336835,4.59277841129196
612.090783648007,206.987604061885,4.36125611753396
252.32067875888,218.088889961732,3.93043517255738
574.592878643156,429.94088088473,3.9586157241259
299.150856410391,138.038517675753,3.83224932003875
522.010008913745,453.107653785909,3.41955214022225
51.1670304523131,416.468325930038,3.85247604013276
204.469698287314,291.84366609046,3.93454879687236
545.029537061412,255.833710516355,3.7679852080721
163.051206570032,37.354785582498,4.19053754763364
490.426844091359,346.667551743432,4.72079459447088
33.7741911069402,62.8890358860417,3.53592070780549
521.337930176306,146.503142894985,4.75272677396867
NA,NA,NA
662.949037171601,333.123308243149,3.58418415768791
454.498413958568,296.881783762816,3.63276306920292
11.2323234481942,495.817088401481,3.58467079340237
560.123433000099,48.8445905607937,4.2886741897166
68.2385419335267,375.275857396851,4.05624312540817
230.088053837158,415.685516045874,3.80629652569633
427.692257402697,12.972122097437,3.23741494241219
363.750690420301,295.061033517431,3.00769177246436
606.453383576526,105.023883161632,4.21264153204578
391.454417386479,235.163448056694,4.24037196493924
568.372902635906,414.9418895789,4.7181313078673
148.236370518899,281.791047327336,4.58506391182973
198.789423549879,362.181549865805,4.01511561175921
122.919287165248,408.730399494536,3.29923735221668
625.281352844326,309.801321490894,4.58002864987257
0.93227745962718,148.946794967413,4.26391411899185
540.226096481014,206.16015276448,4.2162936820793
34.9109269831928,493.788396571555,3.02133410641647
276.80598007795,20.5335313011211,3.93718202201236
533.42940757793,392.14708370797,3.36346725031975
70.6261776358459,78.3719617272876,5.23137435740416
5.10697136660248,73.2770134478353,3.67583926102001
589.424515576441,225.191215697068,3.96972605076921
441.953857893012,464.862394089089,4.84450554300942
659.916643043124,372.642454667769,3.12579465607853
106.00083290771,484.469825127153,4.37355049803707
621.626313181443,94.4750432021646,4.06965585969101
420.83306234417,256.842260508366,3.62614705556669
12.8778937292883,182.65095611332,3.11220021620616
70.880481253606,121.330652336835,4.59277841129196
612.090783648007,206.987604061885,4.36125611753396
252.32067875888,218.088889961732,3.93043517255738
574.592878643156,429.94088088473,3.9586157241259
299.150856410391,138.038517675753,3.83224932003875
522.010008913745,453.107653785909,3.41955214022225
51.1670304523131,416.468325930038,3.85247604013276
204.469698287314,291.84366609046,3.93454879687236
545.029537061412,255.833710516355,3.7679852080721
163.051206570032,37.354785582498,4.19053754763364
490.426844091359,346.667551743432,4.72079459447088
33.7741911069402,62.8890358860417,3.53592070780549
521.337930176306,146.503142894985,4.75272677396867
NA,NA,NA
662.949037171601,333.123308243149,3.58418415768791
454.498413958568,296.881783762816,3.63276306920292
11.2323234481942,495.817088401481,3.58467079340237
560.123433000099,48.8445905607937,4.2886741897166
68.2385419335267,375.275857396851,4.05624312540817
230.088053837158,415.685516045874,3.80629652569633
427.692257402697,12.972122097437,3.23741494241219
363.750690420301,295.061033517431,3.00769177246436
606.453383576526,105.023883161632,4.21264153204578
391.454417386479,235.163448056694,4.24037196493924
568.372902635906,414.9418895789,4.7181313078673
148.236370518899,281.791047327336,4.58506391182973
198.789423549879,362.181549865805,4.01511561175921
122.919287165248,408.730399494536,3.29923735221668
625.281352844326,309.801321490894,4.58002864987257
0.93227745962718,148.946794967413,4.26391411899185
540.226096481014,206.16015276448,4.2162936820793
34.9109269831928,493.788396571555,3.02133410641647
276.80598007795,20.5335313011211,3.93718202201236
533.42940757793,392.14708370797,3.36346725031975
70.6261776358459,78.3719617272876,5.23137435740416
5.10697136660248,73.2770134478353,3.67583926102001
589.424515576441,225.191215697068,3.96972605076921
441.953857893012,464.862394089089,4.84450554300942
659.916643043124,372.642454667769,3.12579465607853
106.00083290771,484.469825127153,4.37355049803707
621.626313181443,94.4750432021646,4.06965585969101
420.83306234417,256.842260508366,3.62614705556669
12.8778937292883,182.65095611332,3.11220021620616
70.880481253606,121.330652336835,4.59277841129196
612.090783648007,206.987604061885,4.36125611753396
252.32067875888,218.088889961732,3.93043517255738
574.592878643156,429.94088088473,3.9586157241259
299.150856410391,138.038517675753,3.83224932003875
522.010008913745,453.107653785909,3.41955214022225
51.1670304523131,416.468325930038,3.85247604013276
204.469698287314,291.84366609046,3.93454879687236
545.029537061412,255.833710516355,3.7679852080721
163.051206570032,37.354785582498,4.19053754763364
490.426844091359,346.667551743432,4.72079459447088
33.7741911069402,62.8890358860417,3.53592070780549
521.337930176306,146.503142894985,4.75272677396867
NA,NA,NA
661.734621208905,334.593053590113,3.46355943878807
456.630622668106,300.075085543124,3.84451740029992
14.713913042316,493.75730443228,3.42154888120344
561.06873701995,45.8285122323614,4.12034021117572
66.9929773314582,371.476752049938,4.0238862796579
229.498340770788,413.443422788786,3.98356884637175
428.814105577865,9.40092425824703,3.29521802201904
362.110828570457,291.336570057118,3.0122241981132
602.698770102011,104.374586128728,4.1218247138431
394.324433894349,227.310152727774,4.10937169848316
565.782376027376,409.729122293385,4.73553688095622
145.10691161293,279.743954101559,4.6225164206688
198.6601196555,366.189715332768,4.03886125678083
127.091351716491,413.919380650901,3.31141248297837
622.793626678213,314.341315352894,4.49507137796037
-0.999918681570757,145.633175544429,4.15421931935632
544.612873671072,201.932595240422,4.01242242081386
34.0694545630274,492.506545862273,3.03508904037063
276.915371763015,18.2406846311934,3.82031604652918
534.479196075568,392.695683288821,3.48116896942116
73.1540764744659,80.8809735170863,5.27384209806563
9.90152808151618,76.1595292676362,3.43416082398125
591.753732022252,220.276610302204,3.92537360322303
434.065714104569,458.16143953132,4.8655287655114
659.439980534832,373.132700485688,3.02770557737461
105.022505615183,488.051653870085,4.39973119343
625.933749320883,89.7367910739758,3.97744035111113
423.99696387612,258.209479999136,3.61689048017657
9.48454624539749,182.960069251739,3.23670714731726
65.2415714240729,125.253751061461,4.50744497124947
609.990600877841,208.837761305214,4.41117085048054
246.527551024871,215.357435172414,3.92712054389056
573.454750278022,431.841786031972,3.80187356499337
299.209046887184,143.05096614324,3.93087297520764
533.202414213385,455.702629524031,3.52041125504781
52.474079465964,426.363379283699,3.86878935813621
198.287857766372,291.439128563147,4.01443151126231
556.488115855599,259.851540394335,3.64156776819212
167.029535531097,29.3059800464803,4.57880004132641
507.996690860904,361.60573919367,4.39555192892686
45.7980281759835,49.5750587906098,4.06430283379015
542.802830518827,163.82700591854,4.66039360815454
NA,NA,NA
661.734621208905,334.593053590113,3.46355943878807
456.630622668106,300.075085543124,3.84451740029992
14.713913042316,493.75730443228,3.42154888120344
561.06873701995,45.8285122323614,4.12034021117572
66.9929773314582,371.476752049938,4.0238862796579
229.498340770788,413.443422788786,3.98356884637175
428.814105577865,9.40092425824703,3.29521802201904
362.110828570457,291.336570057118,3.0122241981132
602.698770102011,104.374586128728,4.1218247138431
394.324433894349,227.310152727774,4.10937169848316
565.782376027376,409.729122293385,4.73553688095622
145.10691161293,279.743954101559,4.6225164206688
198.6601196555,366.189715332768,4.03886125678083
127.091351716491,413.919380650901,3.31141248297837
622.793626678213,314.341315352894,4.49507137796037
-0.999918681570757,145.633175544429,4.15421931935632
544.612873671072,201.932595240422,4.01242242081386
34.0694545630274,492.506545862273,3.03508904037063
276.915371763015,18.2406846311934,3.82031604652918
534.479196075568,392.695683288821,3.48116896942116
73.1540764744659,80.8809735170863,5.27384209806563
9.90152808151618,76.1595292676362,3.43416082398125
591.753732022252,220.276610302204,3.92537360322303
434.065714104569,458.16143953132,4.8655287655114
659.439980534832,373.132700485688,3.02770557737461
105.022505615183,488.051653870085,4.39973119343
625.933749320883,89.7367910739758,3.97744035111113
423.99696387612,258.209479999136,3.61689048017657
9.48454624539749,182.960069251739,3.23670714731726
65.2415714240729,125.253751061461,4.50744497124947
609.990600877841,208.837761305214,4.41117085048054
246.527551024871,215.357435172414,3.92712054389056
573.454750278022,431.841786031972,3.80187356499337
299.209046887184,143.05096614324,3.93087297520764
533.202414213385,455.702629524031,3.52041125504781
52.474079465964,426.363379283699,3.86878935813621
198.287857766372,291.439128563147,4.01443151126231
556.488115855599,259.851540394335,3.64156776819212
167.029535531097,29.3059800464803,4.57880004132641
507.996690860904,361.60573919367,4.39555192892686
45.7980281759835,49.5750587906098,4.06430283379015
542.802830518827,163.82700591854,4.66039360815454
NA,NA,NA
661.734621208905,334.593053590113,3.46355943878807
456.630622668106,300.075085543124,3.84451740029992
14.713913042316,493.75730443228,3.42154888120344
561.06873701995,45.8285122323614,4.12034021117572
66.9929773314582,371.476752049938,4.0238862796579
229.498340770788,413.443422788786,3.98356884637175
428.814105577865,9.40092425824703,3.29521802201904
362.110828570457,291.336570057118,3.0122241981132
602.698770102011,104.374586128728,4.1218247138431
394.324433894349,227.310152727774,4.10937169848316
565.782376027376,409.729122293385,4.73553688095622
145.10691161293,279.743954101559,4.6225164206688
198.6601196555,366.189715332768,4.03886125678083
127.091351716491,413.919380650901,3.31141248297837
622.793626678213,314.341315352894,4.49507137796037
-0.999918681570757,145.633175544429,4.15421931935632
544.612873671072,201.932595240422,4.01242242081386
34.0694545630274,492.506545862273,3.03508904037063
276.915371763015,18.2406846311934,3.82031604652918
534.479196075568,392.695683288821,3.48116896942116
73.1540764744659,80.8809735170863,5.27384209806563
9.90152808151618,76.1595292676362,3.43416082398125
591.753732022252,220.276610302204,3.92537360322303
434.065714104569,458.16143953132,4.8655287655114
659.439980534832,373.132700485688,3.02770557737461
105.022505615183,488.051653870085,4.39973119343
625.933749320883,89.7367910739758,3.97744035111113
423.99696387612,258.209479999136,3.61689048017657
9.48454624539749,182.960069251739,3.23670714731726
65.2415714240729,125.253751061461,4.50744497124947
609.990600877841,208.837761305214,4.41117085048054
246.527551024871,215.357435172414,3.92712054389056
573.454750278022,431.841786031972,3.80187356499337
299.209046887184,143.05096614324,3.93087297520764
533.202414213385,455.702629524031,3.52041125504781
52.474079465964,426.363379283699,3.86878935813621
198.287857766372,291.439128563147,4.01443151126231
556.488115855599,259.851540394335,3.64156776819212
167.029535531097,29.3059800464803,4.57880004132641
507.996690860904,361.60573919367,4.39555192892686
45.7980281759835,49.5750587906098,4.06430283379015
542.802830518827,163.82700591854,4.66039360815454
NA,NA,NA
661.734621208905,334.593053590113,3.46355943878807
456.630622668106,300.075085543124,3.84451740029992
14.713913042316,493.75730443228,3.42154888120344
561.06873701995,45.8285122323614,4.12034021117572
66.9929773314582,371.476752049938,4.0238862796579
229.498340770788,413.443422788786,3.98356884637175
428.814105577865,9.40092425824703,3.29521802201904
362.110828570457,291.336570057118,3.0122241981132
602.698770102011,104.374586128728,4.1218247138431
394.324433894349,227.310152727774,4.10937169848316
565.782376027376,409.729122293385,4.73553688095622
145.10691161293,279.743954101559,4.6225164206688
198.6601196555,366.189715332768,4.03886125678083
127.091351716491,413.919380650901,3.31141248297837
622.793626678213,314.341315352894,4.49507137796037
-0.999918681570757,145.633175544429,4.15421931935632
544.612873671072,201.932595240422,4.01242242081386
34.0694545630274,492.506545862273,3.03508904037063
276.915371763015,18.2406846311934,3.82031604652918
534.479196075568,392.695683288821,3.48116896942116
73.1540764744659,80.8809735170863,5.27384209806563
9.90152808151618,76.1595292676362,3.43416082398125
591.753732022252,220.276610302204,3.92537360322303
434.065714104569,458.16143953132,4.8655287655114
659.439980534832,373.132700485688,3.02770557737461
105.022505615183,488.051653870085,4.39973119343
625.933749320883,89.7367910739758,3.97744035111113
423.99696387612,258.209479999136,3.61689048017657
9.48454624539749,182.960069251739,3.23670714731726
65.2415714240729,125.253751061461,4.50744497124947
609.990600877841,208.837761305214,4.41117085048054
246.527551024871,215.357435172414,3.92712054389056
573.454750278022,431.841786031972,3.80187356499337
299.209046887184,143.05096614324,3.93087297520764
533.202414213385,455.702629524031,3.52041125504781
52.474079465964,426.363379283699,3.86878935813621
198.287857766372,291.439128563147,4.01443151126231
556.488115855599,259.851540394335,3.64156776819212
167.029535531097,29.3059800464803,4.57880004132641
507.996690860904,361.60573919367,4.39555192892686
45.7980281759835,49.5750587906098,4.06430283379015
542.802830518827,163.82700591854,4.66039360815454
NA,NA,NA
661.734621208905,334.593053590113,3.46355943878807
456.630622668106,300.075085543124,3.84451740029992
14.713913042316,493.75730443228,3.42154888120344
561.06873701995,45.8285122323614,4.12034021117572
66.9929773314582,371.476752049938,4.0238862796579
229.498340770788,413.443422788786,3.98356884637175
428.814105577865,9.40092425824703,3.29521802201904
362.110828570457,291.336570057118,3.0122241981132
602.698770102011,104.374586128728,4.1218247138431
394.324433894349,227.310152727774,4.10937169848316
565.782376027376,409.729122293385,4.73553688095622
145.10691161293,279.743954101559,4.6225164206688
198.6601196555,366.189715332768,4.03886125678083
127.091351716491,413.919380650901,3.31141248297837
622.793626678213,314.341315352894,4.49507137796037
-0.999918681570757,145.633175544429,4.15421931935632
544.612873671072,201.932595240422,4.01242242081386
34.0694545630274,492.506545862273,3.03508904037063
276.915371763015,18.2406846311934,3.82031604652918
534.479196075568,392.695683288821,3.48116896942116
73.1540764744659,80.8809735170863,5.27384209806563
9.90152808151618,76.1595292676362,3.43416082398125
591.753732022252,220.276610302204,3.92537360322303
434.065714104569,458.16143953132,4.8655287655114
659.439980534832,373.132700485688,3.02770557737461
105.022505615183,488.051653870085,4.39973119343
625.933749320883,89.7367910739758,3.97744035111113
423.99696387612,258.209479999136,3.61689048017657
9.48454624539749,182.960069251739,3.23670714731726
65.2415714240729,125.253751061461,4.50744497124947
609.990600877841,208.837761305214,4.41117085048054
246.527551024871,215.357435172414,3.92712054389056
573.454750278022,431.841786031972,3.80187356499337
299.209046887184,143.05096614324,3.93087297520764
533.202414213385,455.702629524031,3.52041125504781
52.474079465964,426.363379283699,3.86878935813621
198.287857766372,291.439128563147,4.01443151126231
556.488115855599,259.851540394335,3.64156776819212
167.029535531097,29.3059800464803,4.57880004132641
507.996690860904,361.60573919367,4.39555192892686
45.7980281759835,49.5750587906098,4.06430283379015
542.802830518827,163.82700591854,4.66039360815454
NA,NA,NA
661.734621208905,334.593053590113,3.46355943878807
456.630622668106,300.075085543124,3.84451740029992
14.713913042316,493.75730443228,3.42154888120344
561.06873701995,45.8285122323614,4.12034021117572
66.9929773314582,371.476752049938,4.0238862796579
229.498340770788,413.443422788786,3.98356884637175
428.814105577865,9.40092425824703,3.29521802201904
362.110828570457,291.336570057118,3.0122241981132
602.698770102011,104.374586128728,4.1218247138431
394.324433894349,227.310152727774,4.10937169848316
565.782376027376,409.729122293385,4.73553688095622
145.10691161293,279.743954101559,4.6225164206688
198.6601196555,366.189715332768,4.03886125678083
127.091351716491,413.919380650901,3.31141248297837
622.793626678213,314.341315352894,4.49507137796037
-0.999918681570757,145.633175544429,4.15421931935632
544.612873671072,201.932595240422,4.01242242081386
34.0694545630274,492.506545862273,3.03508904037063
276.915371763015,18.2406846311934,3.82031604652918
534.479196075568,392.695683288821,3.48116896942116
73.1540764744659,80.8809735170863,5.27384209806563
9.90152808151618,76.1595292676362,3.43416082398125
591.753732022252,220.276610302204,3.92537360322303
434.065714104569,458.16143953132,4.8655287655114
659.439980534832,373.132700485688,3.02770557737461
105.022505615183,488.051653870085,4.39973119343
625.933749320883,89.7367910739758,3.97744035111113
423.99696387612,258.209479999136,3.61689048017657
9.48454624539749,182.960069251739,3.23670714731726
65.2415714240729,125.253751061461,4.50744497124947
609.990600877841,208.837761305214,4.41117085048054
246.527551024871,215.357435172414,3.92712054389056
573.454750278022,431.841786031972,3.80187356499337
299.209046887184,143.05096614324,3.93087297520764
533.202414213385,455.702629524031,3.52041125504781
52.474079465964,426.363379283699,3.86878935813621
198.287857766372,291.439128563147,4.01443151126231
556.488115855599,259.851540394335,3.64156776819212
167.029535531097,29.3059800464803,4.57880004132641
507.996690860904,361.60573919367,4.39555192892686
45.7980281759835,49.5750587906098,4.06430283379015
542.802830518827,163.82700591854,4.66039360815454
NA,NA,NA
658.312898027166,332.15818406974,3.51339646787707
461.24293518717,301.520587565823,3.66489788047566
15.6057300557046,495.121910963475,3.6250791249994
560.277126436617,49.3882436006428,4.23219050641992
71.8016741527026,375.99696992407,3.92157921615807
222.431622592722,415.592125625204,3.88680574949404
427.08138433259,13.3235887106596,3.37460227818719
363.007410515823,293.484611787034,2.99810372566807
607.613610628333,100.873491795649,4.26090571709465
394.233999258915,227.566945473869,4.24354713690883
569.223965598826,406.074049202817,4.74740334078725
140.905747617198,277.819437908999,4.60537319886493
199.057969381168,372.685363506346,4.04723006393009
124.323803537463,409.923549722906,3.39092727987788
624.104642746323,308.478294095527,4.50615622377209
3.5026180040689,147.00674920084,4.18543916030677
545.480283518686,203.904570416627,4.26364607150945
35.2146280699364,491.982869866175,2.81396277269547
283.647180913322,24.3596371728248,4.02401815176917
535.064326277343,392.774022742244,3.44226256859669
67.9336563764845,76.2305100513349,5.1237145901301
5.41918115366423,78.3124236025785,3.48392415923869
588.591312513647,227.583030036592,4.09613364638678
440.368502138492,458.363591104736,4.74156951350215
659.83899068822,374.45260551977,2.97760841510596
102.73670178366,490.122884935853,4.26124492762686
626.525448775182,91.6041237628245,4.13353203744578
417.996160290902,259.001318117086,3.69635794922456
10.3469564769634,180.701313485802,3.18825494787842
64.8404098846518,104.652613076008,4.5612672321645
598.938690321464,205.249007890264,4.5070402484036
251.011139342995,219.649037934749,4.07323712867247
581.60489117834,439.125181587884,4.07032891622742
297.314343588818,133.025700487293,3.93859354030987
535.390092913148,461.938617674221,3.90573491062518
52.8217411328158,416.049427939066,3.99284198445736
192.618691700045,302.778225089082,4.0485803279799
550.091676574141,267.431044092779,3.76950939853942
160.597404702671,30.520773135597,4.27748316635444
505.172704651303,346.42277846298,4.40323005980168
39.7599771491858,47.3323479619866,3.79329446841483
522.989111792812,154.043362310719,4.36850971772762
NA,NA,NA
658.312898027166,332.15818406974,3.51339646787707
461.24293518717,301.520587565823,3.66489788047566
15.6057300557046,495.121910963475,3.6250791249994
560.277126436617,49.3882436006428,4.23219050641992
71.8016741527026,375.99696992407,3.92157921615807
222.431622592722,415.592125625204,3.88680574949404
427.08138433259,13.3235887106596,3.37460227818719
363.007410515823,293.484611787034,2.99810372566807
607.613610628333,100.873491795649,4.26090571709465
394.233999258915,227.566945473869,4.24354713690883
569.223965598826,406.074049202817,4.74740334078725
140.905747617198,277.819437908999,4.60537319886493
199.057969381168,372.685363506346,4.04723006393009
124.323803537463,409.923549722906,3.39092727987788
624.104642746323,308.478294095527,4.50615622377209
3.5026180040689,147.00674920084,4.18543916030677
545.480283518686,203.904570416627,4.26364607150945
35.2146280699364,491.982869866175,2.81396277269547
283.647180913322,24.3596371728248,4.02401815176917
535.064326277343,392.774022742244,3.44226256859669
67.9336563764845,76.2305100513349,5.1237145901301
5.41918115366423,78.3124236025785,3.48392415923869
588.591312513647,227.583030036592,4.09613364638678
440.368502138492,458.363591104736,4.74156951350215
659.83899068822,374.45260551977,2.97760841510596
102.73670178366,490.122884935853,4.26124492762686
626.525448775182,91.6041237628245,4.13353203744578
417.996160290902,259.001318117086,3.69635794922456
10.3469564769634,180.701313485802,3.18825494787842
64.8404098846518,104.652613076008,4.5612672321645
598.938690321464,205.249007890264,4.5070402484036
251.011139342995,219.649037934749,4.07323712867247
581.60489117834,439.125181587884,4.07032891622742
297.314343588818,133.025700487293,3.93859354030987
535.390092913148,461.938617674221,3.90573491062518
52.8217411328158,416.049427939066,3.99284198445736
192.618691700045,302.778225089082,4.0485803279799
550.091676574141,267.431044092779,3.76950939853942
160.597404702671,30.520773135597,4.27748316635444
505.172704651303,346.42277846298,4.40323005980168
39.7599771491858,47.3323479619866,3.79329446841483
522.989111792812,154.043362310719,4.36850971772762
NA,NA,NA
658.312898027166,332.15818406974,3.51339646787707
461.24293518717,301.520587565823,3.66489788047566
15.6057300557046,495.121910963475,3.6250791249994
560.277126436617,49.3882436006428,4.23219050641992
71.8016741527026,375.99696992407,3.92157921615807
222.431622592722,415.592125625204,3.88680574949404
427.08138433259,13.3235887106596,3.37460227818719
363.007410515823,293.484611787034,2.99810372566807
607.613610628333,100.873491795649,4.26090571709465
394.233999258915,227.566945473869,4.24354713690883
569.223965598826,406.074049202817,4.74740334078725
140.905747617198,277.819437908999,4.60537319886493
199.057969381168,372.685363506346,4.04723006393009
124.323803537463,409.923549722906,3.39092727987788
624.104642746323,308.478294095527,4.50615622377209
3.5026180040689,147.00674920084,4.18543916030677
545.480283518686,203.904570416627,4.26364607150945
35.2146280699364,491.982869866175,2.81396277269547
283.647180913322,24.3596371728248,4.02401815176917
535.064326277343,392.774022742244,3.44226256859669
67.9336563764845,76.2305100513349,5.1237145901301
5.41918115366423,78.3124236025785,3.48392415923869
588.591312513647,227.583030036592,4.09613364638678
440.368502138492,458.363591104736,4.74156951350215
659.83899068822,374.45260551977,2.97760841510596
102.73670178366,490.122884935853,4.26124492762686
626.525448775182,91.6041237628245,4.13353203744578
417.996160290902,259.001318117086,3.69635794922456
10.3469564769634,180.701313485802,3.18825494787842
64.8404098846518,104.652613076008,4.5612672321645
598.938690321464,205.249007890264,4.5070402484036
251.011139342995,219.649037934749,4.07323712867247
581.60489117834,439.125181587884,4.07032891622742
297.314343588818,133.025700487293,3.93859354030987
535.390092913148,461.938617674221,3.90573491062518
52.8217411328158,416.049427939066,3.99284198445736
192.618691700045,302.778225089082,4.0485803279799
550.091676574141,267.431044092779,3.76950939853942
160.597404702671,30.520773135597,4.27748316635444
505.172704651303,346.42277846298,4.40323005980168
39.7599771491858,47.3323479619866,3.79329446841483
522.989111792812,154.043362310719,4.36850971772762
NA,NA,NA
658.312898027166,332.15818406974,3.51339646787707
461.24293518717,301.520587565823,3.66489788047566
15.6057300557046,495.121910963475,3.6250791249994
560.277126436617,49.3882436006428,4.23219050641992
71.8016741527026,375.99696992407,3.92157921615807
222.431622592722,415.592125625204,3.88680574949404
427.08138433259,13.3235887106596,3.37460227818719
363.007410515823,293.484611787034,2.99810372566807
607.613610628333,100.873491795649,4.26090571709465
394.233999258915,227.566945473869,4.24354713690883
569.223965598826,406.074049202817,4.74740334078725
140.905747617198,277.819437908999,4.60537319886493
199.057969381168,372.685363506346,4.04723006393009
124.323803537463,409.923549722906,3.39092727987788
624.104642746323,308.478294095527,4.50615622377209
3.5026180040689,147.00674920084,4.18543916030677
545.480283518686,203.904570416627,4.26364607150945
35.2146280699364,491.982869866175,2.81396277269547
283.647180913322,24.3596371728248,4.02401815176917
535.064326277343,392.774022742244,3.44226256859669
67.9336563764845,76.2305100513349,5.1237145901301
5.41918115366423,78.3124236025785,3.48392415923869
588.591312513647,227.583030036592,4.09613364638678
440.368502138492,458.363591104736,4.74156951350215
659.83899068822,374.45260551977,2.97760841510596
102.73670178366,490.122884935853,4.26124492762686
626.525448775182,91.6041237628245,4.13353203744578
417.996160290902,259.001318117086,3.69635794922456
10.3469564769634,180.701313485802,3.18825494787842
64.8404098846518,104.652613076008,4.5612672321645
598.938690321464,205.249007890264,4.5070402484036
251.011139342995,219.649037934749,4.07323712867247
581.60489117834,439.125181587884,4.07032891622742
297.314343588818,133.025700487293,3.93859354030987
535.390092913148,461.938617674221,3.90573491062518
52.8217411328158,416.049427939066,3.99284198445736
192.618691700045,302.778225089082,4.0485803279799
550.091676574141,267.431044092779,3.76950939853942
160.597404702671,30.520773135597,4.27748316635444
505.172704651303,346.42277846298,4.40323005980168
39.7599771491858,47.3323479619866,3.79329446841483
522.989111792812,154.043362310719,4.36850971772762
NA,NA,NA
658.312898027166,332.15818406974,3.51339646787707
461.24293518717,301.520587565823,3.66489788047566
15.6057300557046,495.121910963475,3.6250791249994
560.277126436617,49.3882436006428,4.23219050641992
71.8016741527026,375.99696992407,3.92157921615807
222.431622592722,415.592125625204,3.88680574949404
427.08138433259,13.3235887106596,3.37460227818719
363.007410515823,293.484611787034,2.99810372566807
607.613610628333,100.873491795649,4.26090571709465
394.233999258915,227.566945473869,4.24354713690883
569.223965598826,406.074049202817,4.74740334078725
140.905747617198,277.819437908999,4.60537319886493
199.057969381168,372.685363506346,4.04723006393009
124.323803537463,409.923549722906,3.39092727987788
624.104642746323,308.478294095527,4.50615622377209
3.5026180040689,147.00674920084,4.18543916030677
545.480283518686,203.904570416627,4.26364607150945
35.2146280699364,491.982869866175,2.81396277269547
283.647180913322,24.3596371728248,4.02401815176917
535.064326277343,392.774022742244,3.44226256859669
67.9336563764845,76.2305100513349,5.1237145901301
5.41918115366423,78.3124236025785,3.48392415923869
588.591312513647,227.583030036592,4.09613364638678
440.368502138492,458.363591104736,4.74156951350215
659.83899068822,374.45260551977,2.97760841510596
102.73670178366,490.122884935853,4.26124492762686
626.525448775182,91.6041237628245,4.13353203744578
417.996160290902,259.001318117086,3.69635794922456
10.3469564769634,180.701313485802,3.18825494787842
64.8404098846518,104.652613076008,4.5612672321645
598.938690321464,205.249007890264,4.5070402484036
251.011139342995,219.649037934749,4.07323712867247
581.60489117834,439.125181587884,4.07032891622742
297.314343588818,133.025700487293,3.93859354030987
535.390092913148,461.938617674221,3.90573491062518
52.8217411328158,416.049427939066,3.99284198445736
192.618691700045,302.778225089082,4.0485803279799
550.091676574141,267.431044092779,3.76950939853942
160.597404702671,30.520773135597,4.27748316635444
505.172704651303,346.42277846298,4.40323005980168
39.7599771491858,47.3323479619866,3.79329446841483
522.989111792812,154.043362310719,4.36850971772762
NA,NA,NA
658.312898027166,332.15818406974,3.51339646787707
461.24293518717,301.520587565823,3.66489788047566
15.6057300557046,495.121910963475,3.6250791249994
560.277126436617,49.3882436006428,4.23219050641992
71.8016741527026,375.99696992407,3.92157921615807
222.431622592722,415.592125625204,3.88680574949404
427.08138433259,13.3235887106596,3.37460227818719
363.007410515823,293.484611787034,2.99810372566807
607.613610628333,100.873491795649,4.26090571709465
394.233999258915,227.566945473869,4.24354713690883
569.223965598826,406.074049202817,4.74740334078725
140.905747617198,277.819437908999,4.60537319886493
199.057969381168,372.685363506346,4.04723006393009
124.323803537463,409.923549722906,3.39092727987788
624.104642746323,308.478294095527,4.50615622377209
3.5026180040689,147.00674920084,4.18543916030677
545.480283518686,203.904570416627,4.26364607150945
35.2146280699364,491.982869866175,2.81396277269547
283.647180913322,24.3596371728248,4.02401815176917
535.064326277343,392.774022742244,3.44226256859669
67.9336563764845,76.2305100513349,5.1237145901301
5.41918115366423,78.3124236025785,3.48392415923869
588.591312513647,227.583030036592,4.09613364638678
440.368502138492,458.363591104736,4.74156951350215
659.83899068822,374.45260551977,2.97760841510596
102.73670178366,490.122884935853,4.26124492762686
626.525448775182,91.6041237628245,4.13353203744578
417.996160290902,259.001318117086,3.69635794922456
10.3469564769634,180.701313485802,3.18825494787842
64.8404098846518,104.652613076008,4.5612672321645
598.938690321464,205.249007890264,4.5070402484036
251.011139342995,219.649037934749,4.07323712867247
581.60489117834,439.125181587884,4.07032891622742
297.314343588818,133.025700487293,3.93859354030987
535.390092913148,461.938617674221,3.90573491062518
52.8217411328158,416.049427939066,3.99284198445736
192.618691700045,302.778225089082,4.0485803279799
550.091676574141,267.431044092779,3.76950939853942
160.597404702671,30.520773135597,4.27748316635444
505.172704651303,346.42277846298,4.40323005980168
39.7599771491858,47.3323479619866,3.79329446841483
522.989111792812,154.043362310719,4.36850971772762
NA,NA,NA
663.925584557733,331.187968380645,3.44772798243125
458.599802504159,298.710304318514,3.77016388268651
10.4369567019937,494.675889739362,3.68919121836403
562.82147240664,52.5859687488737,4.15377931989588
72.1518166014623,375.60997667502,3.8150654431036
227.742183287145,416.134814847703,3.95715188527555
428.959099713108,12.1418537500531,3.36106419323494
360.931900701714,296.544736697174,3.12932530163632
602.939014701496,109.201769201842,4.2579086040611
390.859900895307,221.973677341488,4.16905773955128
576.587449744902,412.229911278479,4.82289633022638
138.400459030492,278.424382240989,4.46274334709764
199.306181780177,360.72191761596,4.00012577544183
128.892859351394,409.695391806349,3.33969278767757
624.441870282164,307.697684340066,4.46300710555483
-2.15471014344085,146.968441343805,4.26557876378483
543.460753044455,201.502989070993,4.26506135954162
36.9684920980726,489.614233674019,2.98848300587821
275.445836691168,19.7705769960757,3.78100754964792
534.220120669542,392.176852873594,3.52269714113885
73.5183618195293,72.3986204216213,5.20300229318136
4.86653029960683,76.481291799774,3.39485549703317
587.607620171717,226.369434486718,4.06771577391063
443.289920962359,455.094389067028,4.86514576616901
658.702334396585,374.014575271092,3.15615591741646
102.104800715196,490.449884703445,4.3945572655088
625.513509371671,91.3485253812405,4.07131548836746
421.526670847911,260.012928793962,3.60236875747278
11.0304621339753,182.322990505741,3.2678259648299
62.772089801325,130.589811025915,4.03910543349478
615.885816772093,201.735395246367,4.09123173453747
255.467622901766,221.999063569698,3.75500208075224
572.993633572172,432.626235764681,4.03145331438263
298.3072719726,134.866325509418,3.8919178470931
520.191446097489,459.134084003351,3.6413076013821
50.6394600125591,415.440139428467,3.69800277429349
197.926274736573,288.626169791486,4.10216164143767
553.107731911945,266.084705961676,3.76324831631957
157.92432355863,34.2404445579099,4.26889114504523
495.636063453635,339.198198118457,4.70743062033388
41.9657877938788,43.6274233105519,4.29524152995292
540.471022703794,161.575090650325,4.70561238733919
NA,NA,NA
663.925584557733,331.187968380645,3.44772798243125
458.599802504159,298.710304318514,3.77016388268651
10.4369567019937,494.675889739362,3.68919121836403
562.82147240664,52.5859687488737,4.15377931989588
72.1518166014623,375.60997667502,3.8150654431036
227.742183287145,416.134814847703,3.95715188527555
428.959099713108,12.1418537500531,3.36106419323494
360.931900701714,296.544736697174,3.12932530163632
602.939014701496,109.201769201842,4.2579086040611
390.859900895307,221.973677341488,4.16905773955128
576.587449744902,412.229911278479,4.82289633022638
138.400459030492,278.424382240989,4.46274334709764
199.306181780177,360.72191761596,4.00012577544183
128.892859351394,409.695391806349,3.33969278767757
624.441870282164,307.697684340066,4.46300710555483
-2.15471014344085,146.968441343805,4.26557876378483
543.460753044455,201.502989070993,4.26506135954162
36.9684920980726,489.614233674019,2.98848300587821
275.445836691168,19.7705769960757,3.78100754964792
534.220120669542,392.176852873594,3.52269714113885
73.5183618195293,72.3986204216213,5.20300229318136
4.86653029960683,76.481291799774,3.39485549703317
587.607620171717,226.369434486718,4.06771577391063
443.289920962359,455.094389067028,4.86514576616901
658.702334396585,374.014575271092,3.15615591741646
102.104800715196,490.449884703445,4.3945572655088
625.513509371671,91.3485253812405,4.07131548836746
421.526670847911,260.012928793962,3.60236875747278
11.0304621339753,182.322990505741,3.2678259648299
62.772089801325,130.589811025915,4.03910543349478
615.885816772093,201.735395246367,4.09123173453747
255.467622901766,221.999063569698,3.75500208075224
572.993633572172,432.626235764681,4.03145331438263
298.3072719726,134.866325509418,3.8919178470931
520.191446097489,459.134084003351,3.6413076013821
50.6394600125591,415.440139428467,3.69800277429349
197.926274736573,288.626169791486,4.10216164143767
553.107731911945,266.084705961676,3.76324831631957
157.92432355863,34.2404445579099,4.26889114504523
495.636063453635,339.198198118457,4.70743062033388
41.9657877938788,43.6274233105519,4.29524152995292
540.471022703794,161.575090650325,4.70561238733919
NA,NA,NA
663.925584557733,331.187968380645,3.44772798243125
458.599802504159,298.710304318514,3.77016388268651
10.4369567019937,494.675889739362,3.68919121836403
562.82147240664,52.5859687488737,4.15377931989588
72.1518166014623,375.60997667502,3.8150654431036
227.742183287145,416.134814847703,3.95715188527555
428.959099713108,12.1418537500531,3.36106419323494
360.931900701714,296.544736697174,3.12932530163632
602.939014701496,109.201769201842,4.2579086040611
390.859900895307,221.973677341488,4.16905773955128
576.587449744902,412.229911278479,4.82289633022638
138.400459030492,278.424382240989,4.46274334709764
199.306181780177,360.72191761596,4.00012577544183
128.892859351394,409.695391806349,3.33969278767757
624.441870282164,307.697684340066,4.46300710555483
-2.15471014344085,146.968441343805,4.26557876378483
543.460753044455,201.502989070993,4.26506135954162
36.9684920980726,489.614233674019,2.98848300587821
275.445836691168,19.7705769960757,3.78100754964792
534.220120669542,392.176852873594,3.52269714113885
73.5183618195293,72.3986204216213,5.20300229318136
4.86653029960683,76.481291799774,3.39485549703317
587.607620171717,226.369434486718,4.06771577391063
443.289920962359,455.094389067028,4.86514576616901
658.702334396585,374.014575271092,3.15615591741646
102.104800715196,490.449884703445,4.3945572655088
625.513509371671,91.3485253812405,4.07131548836746
421.526670847911,260.012928793962,3.60236875747278
11.0304621339753,182.322990505741,3.2678259648299
62.772089801325,130.589811025915,4.03910543349478
615.885816772093,201.735395246367,4.09123173453747
255.467622901766,221.999063569698,3.75500208075224
572.993633572172,432.626235764681,4.03145331438263
298.3072719726,134.866325509418,3.8919178470931
520.191446097489,459.134084003351,3.6413076013821
50.6394600125591,415.440139428467,3.69800277429349
197.926274736573,288.626169791486,4.10216164143767
553.107731911945,266.084705961676,3.76324831631957
157.92432355863,34.2404445579099,4.26889114504523
495.636063453635,339.198198118457,4.70743062033388
41.9657877938788,43.6274233105519,4.29524152995292
540.471022703794,161.575090650325,4.70561238733919
NA,NA,NA
663.925584557733,331.187968380645,3.44772798243125
458.599802504159,298.710304318514,3.77016388268651
10.4369567019937,494.675889739362,3.68919121836403
562.82147240664,52.5859687488737,4.15377931989588
72.1518166014623,375.60997667502,3.8150654431036
227.742183287145,416.134814847703,3.95715188527555
428.959099713108,12.1418537500531,3.36106419323494
360.931900701714,296.544736697174,3.12932530163632
602.939014701496,109.201769201842,4.2579086040611
390.859900895307,221.973677341488,4.16905773955128
576.587449744902,412.229911278479,4.82289633022638
138.400459030492,278.424382240989,4.46274334709764
199.306181780177,360.72191761596,4.00012577544183
128.892859351394,409.695391806349,3.33969278767757
624.441870282164,307.697684340066,4.46300710555483
-2.15471014344085,146.968441343805,4.26557876378483
543.460753044455,201.502989070993,4.26506135954162
36.9684920980726,489.614233674019,2.98848300587821
275.445836691168,19.7705769960757,3.78100754964792
534.220120669542,392.176852873594,3.52269714113885
73.5183618195293,72.3986204216213,5.20300229318136
4.86653029960683,76.481291799774,3.39485549703317
587.607620171717,226.369434486718,4.06771577391063
443.289920962359,455.094389067028,4.86514576616901
658.702334396585,374.014575271092,3.15615591741646
102.104800715196,490.449884703445,4.3945572655088
625.513509371671,91.3485253812405,4.07131548836746
421.526670847911,260.012928793962,3.60236875747278
11.0304621339753,182.322990505741,3.2678259648299
62.772089801325,130.589811025915,4.03910543349478
615.885816772093,201.735395246367,4.09123173453747
255.467622901766,221.999063569698,3.75500208075224
572.993633572172,432.626235764681,4.03145331438263
298.3072719726,134.866325509418,3.8919178470931
520.191446097489,459.134084003351,3.6413076013821
50.6394600125591,415.440139428467,3.69800277429349
197.926274736573,288.626169791486,4.10216164143767
553.107731911945,266.084705961676,3.76324831631957
157.92432355863,34.2404445579099,4.26889114504523
495.636063453635,339.198198118457,4.70743062033388
41.9657877938788,43.6274233105519,4.29524152995292
540.471022703794,161.575090650325,4.70561238733919
NA,NA,NA
663.925584557733,331.187968380645,3.44772798243125
458.599802504159,298.710304318514,3.77016388268651
10.4369567019937,494.675889739362,3.68919121836403
562.82147240664,52.5859687488737,4.15377931989588
72.1518166014623,375.60997667502,3.8150654431036
227.742183287145,416.134814847703,3.95715188527555
428.959099713108,12.1418537500531,3.36106419323494
360.931900701714,296.544736697174,3.12932530163632
602.939014701496,109.201769201842,4.2579086040611
390.859900895307,221.973677341488,4.16905773955128
576.587449744902,412.229911278479,4.82289633022638
138.400459030492,278.424382240989,4.46274334709764
199.306181780177,360.72191761596,4.00012577544183
128.892859351394,409.695391806349,3.33969278767757
624.441870282164,307.697684340066,4.46300710555483
-2.15471014344085,146.968441343805,4.26557876378483
543.460753044455,201.502989070993,4.26506135954162
36.9684920980726,489.614233674019,2.98848300587821
275.445836691168,19.7705769960757,3.78100754964792
534.220120669542,392.176852873594,3.52269714113885
73.5183618195293,72.3986204216213,5.20300229318136
4.86653029960683,76.481291799774,3.39485549703317
587.607620171717,226.369434486718,4.06771577391063
443.289920962359,455.094389067028,4.86514576616901
658.702334396585,374.014575271092,3.15615591741646
102.104800715196,490.449884703445,4.3945572655088
625.513509371671,91.3485253812405,4.07131548836746
421.526670847911,260.012928793962,3.60236875747278
11.0304621339753,182.322990505741,3.2678259648299
62.772089801325,130.589811025915,4.03910543349478
615.885816772093,201.735395246367,4.09123173453747
255.467622901766,221.999063569698,3.75500208075224
572.993633572172,432.626235764681,4.03145331438263
298.3072719726,134.866325509418,3.8919178470931
520.191446097489,459.134084003351,3.6413076013821
50.6394600125591,415.440139428467,3.69800277429349
197.926274736573,288.626169791486,4.10216164143767
553.107731911945,266.084705961676,3.76324831631957
157.92432355863,34.2404445579099,4.26889114504523
495.636063453635,339.198198118457,4.70743062033388
41.9657877938788,43.6274233105519,4.29524152995292
540.471022703794,161.575090650325,4.70561238733919
NA,NA,NA
663.925584557733,331.187968380645,3.44772798243125
458.599802504159,298.710304318514,3.77016388268651
10.4369567019937,494.675889739362,3.68919121836403
562.82147240664,52.5859687488737,4.15377931989588
72.1518166014623,375.60997667502,3.8150654431036
227.742183287145,416.134814847703,3.95715188527555
428.959099713108,12.1418537500531,3.36106419323494
360.931900701714,296.544736697174,3.12932530163632
602.939014701496,109.201769201842,4.2579086040611
390.859900895307,221.973677341488,4.16905773955128
576.587449744902,412.229911278479,4.82289633022638
138.400459030492,278.424382240989,4.46274334709764
199.306181780177,360.72191761596,4.00012577544183
128.892859351394,409.695391806349,3.33969278767757
624.441870282164,307.697684340066,4.46300710555483
-2.15471014344085,146.968441343805,4.26557876378483
543.460753044455,201.502989070993,4.26506135954162
36.9684920980726,489.614233674019,2.98848300587821
275.445836691168,19.7705769960757,3.78100754964792
534.220120669542,392.176852873594,3.52269714113885
73.5183618195293,72.3986204216213,5.20300229318136
4.86653029960683,76.481291799774,3.39485549703317
587.607620171717,226.369434486718,4.06771577391063
443.289920962359,455.094389067028,4.86514576616901
658.702334396585,374.014575271092,3.15615591741646
102.104800715196,490.449884703445,4.3945572655088
625.513509371671,91.3485253812405,4.07131548836746
421.526670847911,260.012928793962,3.60236875747278
11.0304621339753,182.322990505741,3.2678259648299
62.772089801325,130.589811025915,4.03910543349478
615.885816772093,201.735395246367,4.09123173453747
255.467622901766,221.999063569698,3.75500208075224
572.993633572172,432.626235764681,4.03145331438263
298.3072719726,134.866325509418,3.8919178470931
520.191446097489,459.134084003351,3.6413076013821
50.6394600125591,415.440139428467,3.69800277429349
197.926274736573,288.626169791486,4.10216164143767
553.107731911945,266.084705961676,3.76324831631957
157.92432355863,34.2404445579099,4.26889114504523
495.636063453635,339.198198118457,4.70743062033388
41.9657877938788,43.6274233105519,4.29524152995292
540.471022703794,161.575090650325,4.70561238733919
NA,NA,NA
662.043046874261,338.931757980873,3.47134361772748
454.739387445537,298.648336961982,3.62593117967948
10.7602802777157,499.314491817525,3.75968423610632
566.537240741437,54.8757669605726,4.30459266541256
77.7419498259463,371.355779289615,3.9035170602399
230.954543814494,415.306951280956,3.85441407039328
428.387613654362,12.3501680968959,3.46054619919621
362.706226682868,292.523489122778,3.05442972756416
603.11531475433,105.473674898078,4.18727064727297
392.56142041588,233.140270899143,4.36885031392899
566.624184440118,403.021084617816,4.72525302424571
135.131854698126,277.823813593621,4.71438153528983
199.141837417468,361.306071107813,4.08382288617361
123.684800527323,414.868731902107,3.45808796326601
624.61684818613,312.980515604442,4.54507887480516
4.13905589631984,146.635682263217,4.30528581531116
545.678480214907,200.295204755091,4.16559303824136
33.9740981693715,494.704486810678,3.05532528169696
276.820506930924,22.1359682432014,3.66867665864585
532.340300717395,391.693440489604,3.44947041679065
66.1073470675599,82.3413428102151,5.2549286259292
5.04596358123255,80.5017660528597,3.45822336906718
586.164102509641,227.044313420275,4.096384084136
436.617718890299,464.720247315772,4.70255186066132
658.353447326018,374.951187578063,3.09703946601024
106.21587745958,486.558443492738,4.35700342813746
623.733394324382,88.3268804556126,4.12989367698116
419.433488324915,257.319737837578,3.52251167282599
11.3784089878053,180.470248831269,3.26186522784607
70.4319940743067,112.033598365493,4.53339056467638
608.417754202349,197.123376822409,4.52628339519507
253.968424849925,219.404293532034,3.45870327001604
565.024690436936,423.28306820628,4.00896011740865
298.964223013659,139.009755447298,3.84835903060219
531.114561824197,463.056454901475,3.56276217519249
40.5407126049045,413.5674244674,4.13177826055556
194.843134795417,287.491655511822,4.09721436102134
544.549738947453,268.869206866252,3.53406737572232
163.602816939557,30.225586769131,4.3114404994505
503.706549135271,344.767200835341,4.66216979190137
38.8646200128239,57.644700031277,4.11642184861748
521.644691016152,143.601418837761,4.98846533312315
NA,NA,NA
662.043046874261,338.931757980873,3.47134361772748
454.739387445537,298.648336961982,3.62593117967948
10.7602802777157,499.314491817525,3.75968423610632
566.537240741437,54.8757669605726,4.30459266541256
77.7419498259463,371.355779289615,3.9035170602399
230.954543814494,415.306951280956,3.85441407039328
428.387613654362,12.3501680968959,3.46054619919621
362.706226682868,292.523489122778,3.05442972756416
603.11531475433,105.473674898078,4.18727064727297
392.56142041588,233.140270899143,4.36885031392899
566.624184440118,403.021084617816,4.72525302424571
135.131854698126,277.823813593621,4.71438153528983
199.141837417468,361.306071107813,4.08382288617361
123.684800527323,414.868731902107,3.45808796326601
624.61684818613,312.980515604442,4.54507887480516
4.13905589631984,146.635682263217,4.30528581531116
545.678480214907,200.295204755091,4.16559303824136
33.9740981693715,494.704486810678,3.05532528169696
276.820506930924,22.1359682432014,3.66867665864585
532.340300717395,391.693440489604,3.44947041679065
66.1073470675599,82.3413428102151,5.2549286259292
5.04596358123255,80.5017660528597,3.45822336906718
586.164102509641,227.044313420275,4.096384084136
436.617718890299,464.720247315772,4.70255186066132
658.353447326018,374.951187578063,3.09703946601024
106.21587745958,486.558443492738,4.35700342813746
623.733394324382,88.3268804556126,4.12989367698116
419.433488324915,257.319737837578,3.52251167282599
11.3784089878053,180.470248831269,3.26186522784607
70.4319940743067,112.033598365493,4.53339056467638
608.417754202349,197.123376822409,4.52628339519507
253.968424849925,219.404293532034,3.45870327001604
565.024690436936,423.28306820628,4.00896011740865
298.964223013659,139.009755447298,3.84835903060219
531.114561824197,463.056454901475,3.56276217519249
40.5407126049045,413.5674244674,4.13177826055556
194.843134795417,287.491655511822,4.09721436102134
544.549738947453,268.869206866252,3.53406737572232
163.602816939557,30.225586769131,4.3114404994505
503.706549135271,344.767200835341,4.66216979190137
38.8646200128239,57.644700031277,4.11642184861748
521.644691016152,143.601418837761,4.98846533312315
NA,NA,NA
662.043046874261,338.931757980873,3.47134361772748
454.739387445537,298.648336961982,3.62593117967948
10.7602802777157,499.314491817525,3.75968423610632
566.537240741437,54.8757669605726,4.30459266541256
77.7419498259463,371.355779289615,3.9035170602399
230.954543814494,415.306951280956,3.85441407039328
428.387613654362,12.3501680968959,3.46054619919621
362.706226682868,292.523489122778,3.05442972756416
603.11531475433,105.473674898078,4.18727064727297
392.56142041588,233.140270899143,4.36885031392899
566.624184440118,403.021084617816,4.72525302424571
135.131854698126,277.823813593621,4.71438153528983
199.141837417468,361.306071107813,4.08382288617361
123.684800527323,414.868731902107,3.45808796326601
624.61684818613,312.980515604442,4.54507887480516
4.13905589631984,146.635682263217,4.30528581531116
545.678480214907,200.295204755091,4.16559303824136
33.9740981693715,494.704486810678,3.05532528169696
276.820506930924,22.1359682432014,3.66867665864585
532.340300717395,391.693440489604,3.44947041679065
66.1073470675599,82.3413428102151,5.2549286259292
5.04596358123255,80.5017660528597,3.45822336906718
586.164102509641,227.044313420275,4.096384084136
436.617718890299,464.720247315772,4.70255186066132
658.353447326018,374.951187578063,3.09703946601024
106.21587745958,486.558443492738,4.35700342813746
623.733394324382,88.3268804556126,4.12989367698116
419.433488324915,257.319737837578,3.52251167282599
11.3784089878053,180.470248831269,3.26186522784607
70.4319940743067,112.033598365493,4.53339056467638
608.417754202349,197.123376822409,4.52628339519507
253.968424849925,219.404293532034,3.45870327001604
565.024690436936,423.28306820628,4.00896011740865
298.964223013659,139.009755447298,3.84835903060219
531.114561824197,463.056454901475,3.56276217519249
40.5407126049045,413.5674244674,4.13177826055556
194.843134795417,287.491655511822,4.09721436102134
544.549738947453,268.869206866252,3.53406737572232
163.602816939557,30.225586769131,4.3114404994505
503.706549135271,344.767200835341,4.66216979190137
38.8646200128239,57.644700031277,4.11642184861748
521.644691016152,143.601418837761,4.98846533312315
NA,NA,NA
662.043046874261,338.931757980873,3.47134361772748
454.739387445537,298.648336961982,3.62593117967948
10.7602802777157,499.314491817525,3.75968423610632
566.537240741437,54.8757669605726,4.30459266541256
77.7419498259463,371.355779289615,3.9035170602399
230.954543814494,415.306951280956,3.85441407039328
428.387613654362,12.3501680968959,3.46054619919621
362.706226682868,292.523489122778,3.05442972756416
603.11531475433,105.473674898078,4.18727064727297
392.56142041588,233.140270899143,4.36885031392899
566.624184440118,403.021084617816,4.72525302424571
135.131854698126,277.823813593621,4.71438153528983
199.141837417468,361.306071107813,4.08382288617361
123.684800527323,414.868731902107,3.45808796326601
624.61684818613,312.980515604442,4.54507887480516
4.13905589631984,146.635682263217,4.30528581531116
545.678480214907,200.295204755091,4.16559303824136
33.9740981693715,494.704486810678,3.05532528169696
276.820506930924,22.1359682432014,3.66867665864585
532.340300717395,391.693440489604,3.44947041679065
66.1073470675599,82.3413428102151,5.2549286259292
5.04596358123255,80.5017660528597,3.45822336906718
586.164102509641,227.044313420275,4.096384084136
436.617718890299,464.720247315772,4.70255186066132
658.353447326018,374.951187578063,3.09703946601024
106.21587745958,486.558443492738,4.35700342813746
623.733394324382,88.3268804556126,4.12989367698116
419.433488324915,257.319737837578,3.52251167282599
11.3784089878053,180.470248831269,3.26186522784607
70.4319940743067,112.033598365493,4.53339056467638
608.417754202349,197.123376822409,4.52628339519507
253.968424849925,219.404293532034,3.45870327001604
565.024690436936,423.28306820628,4.00896011740865
298.964223013659,139.009755447298,3.84835903060219
531.114561824197,463.056454901475,3.56276217519249
40.5407126049045,413.5674244674,4.13177826055556
194.843134795417,287.491655511822,4.09721436102134
544.549738947453,268.869206866252,3.53406737572232
163.602816939557,30.225586769131,4.3114404994505
503.706549135271,344.767200835341,4.66216979190137
38.8646200128239,57.644700031277,4.11642184861748
521.644691016152,143.601418837761,4.98846533312315
NA,NA,NA
662.043046874261,338.931757980873,3.47134361772748
454.739387445537,298.648336961982,3.62593117967948
10.7602802777157,499.314491817525,3.75968423610632
566.537240741437,54.8757669605726,4.30459266541256
77.7419498259463,371.355779289615,3.9035170602399
230.954543814494,415.306951280956,3.85441407039328
428.387613654362,12.3501680968959,3.46054619919621
362.706226682868,292.523489122778,3.05442972756416
603.11531475433,105.473674898078,4.18727064727297
392.56142041588,233.140270899143,4.36885031392899
566.624184440118,403.021084617816,4.72525302424571
135.131854698126,277.823813593621,4.71438153528983
199.141837417468,361.306071107813,4.08382288617361
123.684800527323,414.868731902107,3.45808796326601
624.61684818613,312.980515604442,4.54507887480516
4.13905589631984,146.635682263217,4.30528581531116
545.678480214907,200.295204755091,4.16559303824136
33.9740981693715,494.704486810678,3.05532528169696
276.820506930924,22.1359682432014,3.66867665864585
532.340300717395,391.693440489604,3.44947041679065
66.1073470675599,82.3413428102151,5.2549286259292
5.04596358123255,80.5017660528597,3.45822336906718
586.164102509641,227.044313420275,4.096384084136
436.617718890299,464.720247315772,4.70255186066132
658.353447326018,374.951187578063,3.09703946601024
106.21587745958,486.558443492738,4.35700342813746
623.733394324382,88.3268804556126,4.12989367698116
419.433488324915,257.319737837578,3.52251167282599
11.3784089878053,180.470248831269,3.26186522784607
70.4319940743067,112.033598365493,4.53339056467638
608.417754202349,197.123376822409,4.52628339519507
253.968424849925,219.404293532034,3.45870327001604
565.024690436936,423.28306820628,4.00896011740865
298.964223013659,139.009755447298,3.84835903060219
531.114561824197,463.056454901475,3.56276217519249
40.5407126049045,413.5674244674,4.13177826055556
194.843134795417,287.491655511822,4.09721436102134
544.549738947453,268.869206866252,3.53406737572232
163.602816939557,30.225586769131,4.3114404994505
503.706549135271,344.767200835341,4.66216979190137
38.8646200128239,57.644700031277,4.11642184861748
521.644691016152,143.601418837761,4.98846533312315
NA,NA,NA
662.043046874261,338.931757980873,3.47134361772748
454.739387445537,298.648336961982,3.62593117967948
10.7602802777157,499.314491817525,3.75968423610632
566.537240741437,54.8757669605726,4.30459266541256
77.7419498259463,371.355779289615,3.9035170602399
230.954543814494,415.306951280956,3.85441407039328
428.387613654362,12.3501680968959,3.46054619919621
362.706226682868,292.523489122778,3.05442972756416
603.11531475433,105.473674898078,4.18727064727297
392.56142041588,233.140270899143,4.36885031392899
566.624184440118,403.021084617816,4.72525302424571
135.131854698126,277.823813593621,4.71438153528983
199.141837417468,361.306071107813,4.08382288617361
123.684800527323,414.868731902107,3.45808796326601
624.61684818613,312.980515604442,4.54507887480516
4.13905589631984,146.635682263217,4.30528581531116
545.678480214907,200.295204755091,4.16559303824136
33.9740981693715,494.704486810678,3.05532528169696
276.820506930924,22.1359682432014,3.66867665864585
532.340300717395,391.693440489604,3.44947041679065
66.1073470675599,82.3413428102151,5.2549286259292
5.04596358123255,80.5017660528597,3.45822336906718
586.164102509641,227.044313420275,4.096384084136
436.617718890299,464.720247315772,4.70255186066132
658.353447326018,374.951187578063,3.09703946601024
106.21587745958,486.558443492738,4.35700342813746
623.733394324382,88.3268804556126,4.12989367698116
419.433488324915,257.319737837578,3.52251167282599
11.3784089878053,180.470248831269,3.26186522784607
70.4319940743067,112.033598365493,4.53339056467638
608.417754202349,197.123376822409,4.52628339519507
253.968424849925,219.404293532034,3.45870327001604
565.024690436936,423.28306820628,4.00896011740865
298.964223013659,139.009755447298,3.84835903060219
531.114561824197,463.056454901475,3.56276217519249
40.5407126049045,413.5674244674,4.13177826055556
194.843134795417,287.491655511822,4.09721436102134
544.549738947453,268.869206866252,3.53406737572232
163.602816939557,30.225586769131,4.3114404994505
503.706549135271,344.767200835341,4.66216979190137
38.8646200128239,57.644700031277,4.11642184861748
521.644691016152,143.601418837761,4.98846533312315
NA,NA,NA
660.755589298987,329.990424421529,3.49720938593333
456.729442139703,300.332184763708,3.60553243684317
8.97441233497004,497.496135235088,3.68291629141555
563.046435297446,49.9737209612387,4.18487790944807
69.4177222719825,378.104601868272,4.05666373449356
228.204163045573,412.54048328947,3.92006327342846
428.645930984004,10.8827469379507,3.20363992297221
360.336582553867,292.076481351827,3.0844835171816
602.4050891291,105.75976583623,4.08707331886865
396.007628327797,227.438049394027,4.2951529082901
570.437881369039,413.068630981461,4.7363810099535
137.636588946818,281.161472650902,4.52555624016185
199.077931721198,372.163973901889,3.99482902817921
123.748727724722,412.364215791311,3.44241072726678
626.909561371469,309.207984562664,4.63214144574361
6.56804849506359,147.978761342808,4.22694977765397
539.875198625434,202.628047158061,4.06267990030131
35.7418969175836,490.198467030987,2.86981411863778
283.534911020571,27.577092913433,3.86759199030063
531.362058170141,396.74899198013,3.40953651376038
74.0162711405923,75.5838140664536,5.16422218414203
2.40020882344121,75.5613297877751,3.53558120848498
592.158813028455,229.184256068913,4.01820721935937
435.261693444578,459.37182251177,4.71173838209454
656.10871917313,373.673261688749,3.01936326465663
105.386104704096,486.627129233014,4.43309432222295
617.606531139717,91.3801501412598,4.05108902586192
422.103147187345,257.720462959694,3.55734395004237
11.1012611119405,180.724839080424,3.34558367031894
68.5797862457059,125.906037485083,4.55637557009348
611.658663735089,204.242161399322,4.37417240627232
254.917170538327,219.139761129842,3.51867087181376
572.086498006016,433.244275450011,3.83640320416097
299.646735349601,138.542774255205,3.97726412385433
527.278158774221,463.958353940518,3.640357880566
41.3719266288968,409.744660027685,3.99392454430596
199.365126483492,279.140595316845,4.0103884099413
555.878469452644,267.609010490625,3.75020330331002
173.334459612566,39.306807039917,4.16278336355506
504.328321340274,345.429868514313,4.75085198863102
38.4514289102096,47.8271378230298,4.04092509041122
523.57479321656,157.15199607562,4.81675059581223
NA,NA,NA
660.755589298987,329.990424421529,3.49720938593333
456.729442139703,300.332184763708,3.60553243684317
8.97441233497004,497.496135235088,3.68291629141555
563.046435297446,49.9737209612387,4.18487790944807
69.4177222719825,378.104601868272,4.05666373449356
228.204163045573,412.54048328947,3.92006327342846
428.645930984004,10.8827469379507,3.20363992297221
360.336582553867,292.076481351827,3.0844835171816
602.4050891291,105.75976583623,4.08707331886865
396.007628327797,227.438049394027,4.2951529082901
570.437881369039,413.068630981461,4.7363810099535
137.636588946818,281.161472650902,4.52555624016185
199.077931721198,372.163973901889,3.99482902817921
123.748727724722,412.364215791311,3.44241072726678
626.909561371469,309.207984562664,4.63214144574361
6.56804849506359,147.978761342808,4.22694977765397
539.875198625434,202.628047158061,4.06267990030131
35.7418969175836,490.198467030987,2.86981411863778
283.534911020571,27.577092913433,3.86759199030063
531.362058170141,396.74899198013,3.40953651376038
74.0162711405923,75.5838140664536,5.16422218414203
2.40020882344121,75.5613297877751,3.53558120848498
592.158813028455,229.184256068913,4.01820721935937
435.261693444578,459.37182251177,4.71173838209454
656.10871917313,373.673261688749,3.01936326465663
105.386104704096,486.627129233014,4.43309432222295
617.606531139717,91.3801501412598,4.05108902586192
422.103147187345,257.720462959694,3.55734395004237
11.1012611119405,180.724839080424,3.34558367031894
68.5797862457059,125.906037485083,4.55637557009348
611.658663735089,204.242161399322,4.37417240627232
254.917170538327,219.139761129842,3.51867087181376
572.086498006016,433.244275450011,3.83640320416097
299.646735349601,138.542774255205,3.97726412385433
527.278158774221,463.958353940518,3.640357880566
41.3719266288968,409.744660027685,3.99392454430596
199.365126483492,279.140595316845,4.0103884099413
555.878469452644,267.609010490625,3.75020330331002
173.334459612566,39.306807039917,4.16278336355506
504.328321340274,345.429868514313,4.75085198863102
38.4514289102096,47.8271378230298,4.04092509041122
523.57479321656,157.15199607562,4.81675059581223
NA,NA,NA
660.755589298987,329.990424421529,3.49720938593333
456.729442139703,300.332184763708,3.60553243684317
8.97441233497004,497.496135235088,3.68291629141555
563.046435297446,49.9737209612387,4.18487790944807
69.4177222719825,378.104601868272,4.05666373449356
228.204163045573,412.54048328947,3.92006327342846
428.645930984004,10.8827469379507,3.20363992297221
360.336582553867,292.076481351827,3.0844835171816
602.4050891291,105.75976583623,4.08707331886865
396.007628327797,227.438049394027,4.2951529082901
570.437881369039,413.068630981461,4.7363810099535
137.636588946818,281.161472650902,4.52555624016185
199.077931721198,372.163973901889,3.99482902817921
123.748727724722,412.364215791311,3.44241072726678
626.909561371469,309.207984562664,4.63214144574361
6.56804849506359,147.978761342808,4.22694977765397
539.875198625434,202.628047158061,4.06267990030131
35.7418969175836,490.198467030987,2.86981411863778
283.534911020571,27.577092913433,3.86759199030063
531.362058170141,396.74899198013,3.40953651376038
74.0162711405923,75.5838140664536,5.16422218414203
2.40020882344121,75.5613297877751,3.53558120848498
592.158813028455,229.184256068913,4.01820721935937
435.261693444578,459.37182251177,4.71173838209454
656.10871917313,373.673261688749,3.01936326465663
105.386104704096,486.627129233014,4.43309432222295
617.606531139717,91.3801501412598,4.05108902586192
422.103147187345,257.720462959694,3.55734395004237
11.1012611119405,180.724839080424,3.34558367031894
68.5797862457059,125.906037485083,4.55637557009348
611.658663735089,204.242161399322,4.37417240627232
254.917170538327,219.139761129842,3.51867087181376
572.086498006016,433.244275450011,3.83640320416097
299.646735349601,138.542774255205,3.97726412385433
527.278158774221,463.958353940518,3.640357880566
41.3719266288968,409.744660027685,3.99392454430596
199.365126483492,279.140595316845,4.0103884099413
555.878469452644,267.609010490625,3.75020330331002
173.334459612566,39.306807039917,4.16278336355506
504.328321340274,345.429868514313,4.75085198863102
38.4514289102096,47.8271378230298,4.04092509041122
523.57479321656,157.15199607562,4.81675059581223
NA,NA,NA
660.755589298987,329.990424421529,3.49720938593333
456.729442139703,300.332184763708,3.60553243684317
8.97441233497004,497.496135235088,3.68291629141555
563.046435297446,49.9737209612387,4.18487790944807
69.4177222719825,378.104601868272,4.05666373449356
228.204163045573,412.54048328947,3.92006327342846
428.645930984004,10.8827469379507,3.20363992297221
360.336582553867,292.076481351827,3.0844835171816
602.4050891291,105.75976583623,4.08707331886865
396.007628327797,227.438049394027,4.2951529082901
570.437881369039,413.068630981461,4.7363810099535
137.636588946818,281.161472650902,4.52555624016185
199.077931721198,372.163973901889,3.99482902817921
123.748727724722,412.364215791311,3.44241072726678
626.909561371469,309.207984562664,4.63214144574361
6.56804849506359,147.978761342808,4.22694977765397
539.875198625434,202.628047158061,4.06267990030131
35.7418969175836,490.198467030987,2.86981411863778
283.534911020571,27.577092913433,3.86759199030063
531.362058170141,396.74899198013,3.40953651376038
74.0162711405923,75.5838140664536,5.16422218414203
2.40020882344121,75.5613297877751,3.53558120848498
592.158813028455,229.184256068913,4.01820721935937
435.261693444578,459.37182251177,4.71173838209454
656.10871917313,373.673261688749,3.01936326465663
105.386104704096,486.627129233014,4.43309432222295
617.606531139717,91.3801501412598,4.05108902586192
422.103147187345,257.720462959694,3.55734395004237
11.1012611119405,180.724839080424,3.34558367031894
68.5797862457059,125.906037485083,4.55637557009348
611.658663735089,204.242161399322,4.37417240627232
254.917170538327,219.139761129842,3.51867087181376
572.086498006016,433.244275450011,3.83640320416097
299.646735349601,138.542774255205,3.97726412385433
527.278158774221,463.958353940518,3.640357880566
41.3719266288968,409.744660027685,3.99392454430596
199.365126483492,279.140595316845,4.0103884099413
555.878469452644,267.609010490625,3.75020330331002
173.334459612566,39.306807039917,4.16278336355506
504.328321340274,345.429868514313,4.75085198863102
38.4514289102096,47.8271378230298,4.04092509041122
523.57479321656,157.15199607562,4.81675059581223
NA,NA,NA
660.755589298987,329.990424421529,3.49720938593333
456.729442139703,300.332184763708,3.60553243684317
8.97441233497004,497.496135235088,3.68291629141555
563.046435297446,49.9737209612387,4.18487790944807
69.4177222719825,378.104601868272,4.05666373449356
228.204163045573,412.54048328947,3.92006327342846
428.645930984004,10.8827469379507,3.20363992297221
360.336582553867,292.076481351827,3.0844835171816
602.4050891291,105.75976583623,4.08707331886865
396.007628327797,227.438049394027,4.2951529082901
570.437881369039,413.068630981461,4.7363810099535
137.636588946818,281.161472650902,4.52555624016185
199.077931721198,372.163973901889,3.99482902817921
123.748727724722,412.364215791311,3.44241072726678
626.909561371469,309.207984562664,4.63214144574361
6.56804849506359,147.978761342808,4.22694977765397
539.875198625434,202.628047158061,4.06267990030131
35.7418969175836,490.198467030987,2.86981411863778
283.534911020571,27.577092913433,3.86759199030063
531.362058170141,396.74899198013,3.40953651376038
74.0162711405923,75.5838140664536,5.16422218414203
2.40020882344121,75.5613297877751,3.53558120848498
592.158813028455,229.184256068913,4.01820721935937
435.261693444578,459.37182251177,4.71173838209454
656.10871917313,373.673261688749,3.01936326465663
105.386104704096,486.627129233014,4.43309432222295
617.606531139717,91.3801501412598,4.05108902586192
422.103147187345,257.720462959694,3.55734395004237
11.1012611119405,180.724839080424,3.34558367031894
68.5797862457059,125.906037485083,4.55637557009348
611.658663735089,204.242161399322,4.37417240627232
254.917170538327,219.139761129842,3.51867087181376
572.086498006016,433.244275450011,3.83640320416097
299.646735349601,138.542774255205,3.97726412385433
527.278158774221,463.958353940518,3.640357880566
41.3719266288968,409.744660027685,3.99392454430596
199.365126483492,279.140595316845,4.0103884099413
555.878469452644,267.609010490625,3.75020330331002
173.334459612566,39.306807039917,4.16278336355506
504.328321340274,345.429868514313,4.75085198863102
38.4514289102096,47.8271378230298,4.04092509041122
523.57479321656,157.15199607562,4.81675059581223
NA,NA,NA
660.755589298987,329.990424421529,3.49720938593333
456.729442139703,300.332184763708,3.60553243684317
8.97441233497004,497.496135235088,3.68291629141555
563.046435297446,49.9737209612387,4.18487790944807
69.4177222719825,378.104601868272,4.05666373449356
228.204163045573,412.54048328947,3.92006327342846
428.645930984004,10.8827469379507,3.20363992297221
360.336582553867,292.076481351827,3.0844835171816
602.4050891291,105.75976583623,4.08707331886865
396.007628327797,227.438049394027,4.2951529082901
570.437881369039,413.068630981461,4.7363810099535
137.636588946818,281.161472650902,4.52555624016185
199.077931721198,372.163973901889,3.99482902817921
123.748727724722,412.364215791311,3.44241072726678
626.909561371469,309.207984562664,4.63214144574361
6.56804849506359,147.978761342808,4.22694977765397
539.875198625434,202.628047158061,4.06267990030131
35.7418969175836,490.198467030987,2.86981411863778
283.534911020571,27.577092913433,3.86759199030063
531.362058170141,396.74899198013,3.40953651376038
74.0162711405923,75.5838140664536,5.16422218414203
2.40020882344121,75.5613297877751,3.53558120848498
592.158813028455,229.184256068913,4.01820721935937
435.261693444578,459.37182251177,4.71173838209454
656.10871917313,373.673261688749,3.01936326465663
105.386104704096,486.627129233014,4.43309432222295
617.606531139717,91.3801501412598,4.05108902586192
422.103147187345,257.720462959694,3.55734395004237
11.1012611119405,180.724839080424,3.34558367031894
68.5797862457059,125.906037485083,4.55637557009348
611.658663735089,204.242161399322,4.37417240627232
254.917170538327,219.139761129842,3.51867087181376
572.086498006016,433.244275450011,3.83640320416097
299.646735349601,138.542774255205,3.97726412385433
527.278158774221,463.958353940518,3.640357880566
41.3719266288968,409.744660027685,3.99392454430596
199.365126483492,279.140595316845,4.0103884099413
555.878469452644,267.609010490625,3.75020330331002
173.334459612566,39.306807039917,4.16278336355506
504.328321340274,345.429868514313,4.75085198863102
38.4514289102096,47.8271378230298,4.04092509041122
523.57479321656,157.15199607562,4.81675059581223
NA,NA,NA
660.648988809162,332.258255948751,3.51020449327429
453.493755741212,299.675171297685,3.62961744921997
8.97335538464112,496.742943208481,3.6733482271047
563.845969215315,51.4651505556984,4.35058103770874
71.4697942523819,372.266120781958,3.99583080762806
229.249536249227,415.100042728793,3.90224251574764
429.706283996634,13.3004507158032,3.36916320511987
362.872568812159,294.799401071318,2.94951037335463
603.910090032183,106.163415346702,4.3954430203168
392.315083621803,230.092286825735,4.28057072657537
567.707262945357,406.427341452833,4.69625316618404
143.098033611032,278.608955320435,4.69127817317798
200.035676661614,365.753664211922,4.03552560144507
125.517566296192,413.438714628058,3.36306168741441
630.837073247061,315.222830417011,4.68643161915666
3.3441209048476,148.980328171818,4.18221298219645
541.501611725309,203.425214322457,4.26553346126626
34.2678723528501,492.581227251852,3.16955636750699
282.073501768022,22.3850995896273,4.03888904545875
536.152079801928,393.320085738588,3.62764828915942
82.9743734985846,70.7895908882002,5.23670354198335
5.15953926763419,77.9016183660143,3.49121363175989
588.823903034705,227.779883822558,4.02941204867524
437.981075721242,462.274397054863,4.76964754326968
659.275375318839,373.313719788237,3.21862617132532
107.421466445728,483.051523118344,4.33315036845523
623.027831955076,90.3503363017392,4.05382641900629
423.011299055608,260.288545748684,3.58205412096573
9.44981951195085,180.590066453386,3.31500997462638
60.9666241196926,118.552178962813,4.35406117865154
594.454389019199,195.928177927541,4.2659046016998
258.531055243145,222.807046231922,4.22066691928187
585.400609868623,432.380930153031,3.78127708216423
298.29209041305,136.529491593094,3.89882222320475
537.164431632501,460.106033911059,3.48354093058271
56.9205672202951,409.570840218845,3.52595060037717
193.658305818705,289.599014556461,3.97706025896798
545.609457429708,261.178531666422,3.90968967965601
182.668331304499,35.4724331775614,4.29818973881204
492.202427803788,345.096586727593,4.53787299579765
38.3337581341473,53.5490357348338,3.72762626823682
527.310840136722,140.843183527992,4.88959440147001
NA,NA,NA
660.648988809162,332.258255948751,3.51020449327429
453.493755741212,299.675171297685,3.62961744921997
8.97335538464112,496.742943208481,3.6733482271047
563.845969215315,51.4651505556984,4.35058103770874
71.4697942523819,372.266120781958,3.99583080762806
229.249536249227,415.100042728793,3.90224251574764
429.706283996634,13.3004507158032,3.36916320511987
362.872568812159,294.799401071318,2.94951037335463
603.910090032183,106.163415346702,4.3954430203168
392.315083621803,230.092286825735,4.28057072657537
567.707262945357,406.427341452833,4.69625316618404
143.098033611032,278.608955320435,4.69127817317798
200.035676661614,365.753664211922,4.03552560144507
125.517566296192,413.438714628058,3.36306168741441
630.837073247061,315.222830417011,4.68643161915666
3.3441209048476,148.980328171818,4.18221298219645
541.501611725309,203.425214322457,4.26553346126626
34.2678723528501,492.581227251852,3.16955636750699
282.073501768022,22.3850995896273,4.03888904545875
536.152079801928,393.320085738588,3.62764828915942
82.9743734985846,70.7895908882002,5.23670354198335
5.15953926763419,77.9016183660143,3.49121363175989
588.823903034705,227.779883822558,4.02941204867524
437.981075721242,462.274397054863,4.76964754326968
659.275375318839,373.313719788237,3.21862617132532
107.421466445728,483.051523118344,4.33315036845523
623.027831955076,90.3503363017392,4.05382641900629
423.011299055608,260.288545748684,3.58205412096573
9.44981951195085,180.590066453386,3.31500997462638
60.9666241196926,118.552178962813,4.35406117865154
594.454389019199,195.928177927541,4.2659046016998
258.531055243145,222.807046231922,4.22066691928187
585.400609868623,432.380930153031,3.78127708216423
298.29209041305,136.529491593094,3.89882222320475
537.164431632501,460.106033911059,3.48354093058271
56.9205672202951,409.570840218845,3.52595060037717
193.658305818705,289.599014556461,3.97706025896798
545.609457429708,261.178531666422,3.90968967965601
182.668331304499,35.4724331775614,4.29818973881204
492.202427803788,345.096586727593,4.53787299579765
38.3337581341473,53.5490357348338,3.72762626823682
527.310840136722,140.843183527992,4.88959440147001
NA,NA,NA
660.648988809162,332.258255948751,3.51020449327429
453.493755741212,299.675171297685,3.62961744921997
8.97335538464112,496.742943208481,3.6733482271047
563.845969215315,51.4651505556984,4.35058103770874
71.4697942523819,372.266120781958,3.99583080762806
229.249536249227,415.100042728793,3.90224251574764
429.706283996634,13.3004507158032,3.36916320511987
362.872568812159,294.799401071318,2.94951037335463
603.910090032183,106.163415346702,4.3954430203168
392.315083621803,230.092286825735,4.28057072657537
567.707262945357,406.427341452833,4.69625316618404
143.098033611032,278.608955320435,4.69127817317798
200.035676661614,365.753664211922,4.03552560144507
125.517566296192,413.438714628058,3.36306168741441
630.837073247061,315.222830417011,4.68643161915666
3.3441209048476,148.980328171818,4.18221298219645
541.501611725309,203.425214322457,4.26553346126626
34.2678723528501,492.581227251852,3.16955636750699
282.073501768022,22.3850995896273,4.03888904545875
536.152079801928,393.320085738588,3.62764828915942
82.9743734985846,70.7895908882002,5.23670354198335
5.15953926763419,77.9016183660143,3.49121363175989
588.823903034705,227.779883822558,4.02941204867524
437.981075721242,462.274397054863,4.76964754326968
659.275375318839,373.313719788237,3.21862617132532
107.421466445728,483.051523118344,4.33315036845523
623.027831955076,90.3503363017392,4.05382641900629
423.011299055608,260.288545748684,3.58205412096573
9.44981951195085,180.590066453386,3.31500997462638
60.9666241196926,118.552178962813,4.35406117865154
594.454389019199,195.928177927541,4.2659046016998
258.531055243145,222.807046231922,4.22066691928187
585.400609868623,432.380930153031,3.78127708216423
298.29209041305,136.529491593094,3.89882222320475
537.164431632501,460.106033911059,3.48354093058271
56.9205672202951,409.570840218845,3.52595060037717
193.658305818705,289.599014556461,3.97706025896798
545.609457429708,261.178531666422,3.90968967965601
182.668331304499,35.4724331775614,4.29818973881204
492.202427803788,345.096586727593,4.53787299579765
38.3337581341473,53.5490357348338,3.72762626823682
527.310840136722,140.843183527992,4.88959440147001
NA,NA,NA
660.648988809162,332.258255948751,3.51020449327429
453.493755741212,299.675171297685,3.62961744921997
8.97335538464112,496.742943208481,3.6733482271047
563.845969215315,51.4651505556984,4.35058103770874
71.4697942523819,372.266120781958,3.99583080762806
229.249536249227,415.100042728793,3.90224251574764
429.706283996634,13.3004507158032,3.36916320511987
362.872568812159,294.799401071318,2.94951037335463
603.910090032183,106.163415346702,4.3954430203168
392.315083621803,230.092286825735,4.28057072657537
567.707262945357,406.427341452833,4.69625316618404
143.098033611032,278.608955320435,4.69127817317798
200.035676661614,365.753664211922,4.03552560144507
125.517566296192,413.438714628058,3.36306168741441
630.837073247061,315.222830417011,4.68643161915666
3.3441209048476,148.980328171818,4.18221298219645
541.501611725309,203.425214322457,4.26553346126626
34.2678723528501,492.581227251852,3.16955636750699
282.073501768022,22.3850995896273,4.03888904545875
536.152079801928,393.320085738588,3.62764828915942
82.9743734985846,70.7895908882002,5.23670354198335
5.15953926763419,77.9016183660143,3.49121363175989
588.823903034705,227.779883822558,4.02941204867524
437.981075721242,462.274397054863,4.76964754326968
659.275375318839,373.313719788237,3.21862617132532
107.421466445728,483.051523118344,4.33315036845523
623.027831955076,90.3503363017392,4.05382641900629
423.011299055608,260.288545748684,3.58205412096573
9.44981951195085,180.590066453386,3.31500997462638
60.9666241196926,118.552178962813,4.35406117865154
594.454389019199,195.928177927541,4.2659046016998
258.531055243145,222.807046231922,4.22066691928187
585.400609868623,432.380930153031,3.78127708216423
298.29209041305,136.529491593094,3.89882222320475
537.164431632501,460.106033911059,3.48354093058271
56.9205672202951,409.570840218845,3.52595060037717
193.658305818705,289.599014556461,3.97706025896798
545.609457429708,261.178531666422,3.90968967965601
182.668331304499,35.4724331775614,4.29818973881204
492.202427803788,345.096586727593,4.53787299579765
38.3337581341473,53.5490357348338,3.72762626823682
527.310840136722,140.843183527992,4.88959440147001
NA,NA,NA
660.648988809162,332.258255948751,3.51020449327429
453.493755741212,299.675171297685,3.62961744921997
8.97335538464112,496.742943208481,3.6733482271047
563.845969215315,51.4651505556984,4.35058103770874
71.4697942523819,372.266120781958,3.99583080762806
229.249536249227,415.100042728793,3.90224251574764
429.706283996634,13.3004507158032,3.36916320511987
362.872568812159,294.799401071318,2.94951037335463
603.910090032183,106.163415346702,4.3954430203168
392.315083621803,230.092286825735,4.28057072657537
567.707262945357,406.427341452833,4.69625316618404
143.098033611032,278.608955320435,4.69127817317798
200.035676661614,365.753664211922,4.03552560144507
125.517566296192,413.438714628058,3.36306168741441
630.837073247061,315.222830417011,4.68643161915666
3.3441209048476,148.980328171818,4.18221298219645
541.501611725309,203.425214322457,4.26553346126626
34.2678723528501,492.581227251852,3.16955636750699
282.073501768022,22.3850995896273,4.03888904545875
536.152079801928,393.320085738588,3.62764828915942
82.9743734985846,70.7895908882002,5.23670354198335
5.15953926763419,77.9016183660143,3.49121363175989
588.823903034705,227.779883822558,4.02941204867524
437.981075721242,462.274397054863,4.76964754326968
659.275375318839,373.313719788237,3.21862617132532
107.421466445728,483.051523118344,4.33315036845523
623.027831955076,90.3503363017392,4.05382641900629
423.011299055608,260.288545748684,3.58205412096573
9.44981951195085,180.590066453386,3.31500997462638
60.9666241196926,118.552178962813,4.35406117865154
594.454389019199,195.928177927541,4.2659046016998
258.531055243145,222.807046231922,4.22066691928187
585.400609868623,432.380930153031,3.78127708216423
298.29209041305,136.529491593094,3.89882222320475
537.164431632501,460.106033911059,3.48354093058271
56.9205672202951,409.570840218845,3.52595060037717
193.658305818705,289.599014556461,3.97706025896798
545.609457429708,261.178531666422,3.90968967965601
182.668331304499,35.4724331775614,4.29818973881204
492.202427803788,345.096586727593,4.53787299579765
38.3337581341473,53.5490357348338,3.72762626823682
527.310840136722,140.843183527992,4.88959440147001
NA,NA,NA
660.648988809162,332.258255948751,3.51020449327429
453.493755741212,299.675171297685,3.62961744921997
8.97335538464112,496.742943208481,3.6733482271047
563.845969215315,51.4651505556984,4.35058103770874
71.4697942523819,372.266120781958,3.99583080762806
229.249536249227,415.100042728793,3.90224251574764
429.706283996634,13.3004507158032,3.36916320511987
362.872568812159,294.799401071318,2.94951037335463
603.910090032183,106.163415346702,4.3954430203168
392.315083621803,230.092286825735,4.28057072657537
567.707262945357,406.427341452833,4.69625316618404
143.098033611032,278.608955320435,4.69127817317798
200.035676661614,365.753664211922,4.03552560144507
125.517566296192,413.438714628058,3.36306168741441
630.837073247061,315.222830417011,4.68643161915666
3.3441209048476,148.980328171818,4.18221298219645
541.501611725309,203.425214322457,4.26553346126626
34.2678723528501,492.581227251852,3.16955636750699
282.073501768022,22.3850995896273,4.03888904545875
536.152079801928,393.320085738588,3.62764828915942
82.9743734985846,70.7895908882002,5.23670354198335
5.15953926763419,77.9016183660143,3.49121363175989
588.823903034705,227.779883822558,4.02941204867524
437.981075721242,462.274397054863,4.76964754326968
659.275375318839,373.313719788237,3.21862617132532
107.421466445728,483.051523118344,4.33315036845523
623.027831955076,90.3503363017392,4.05382641900629
423.011299055608,260.288545748684,3.58205412096573
9.44981951195085,180.590066453386,3.31500997462638
60.9666241196926,118.552178962813,4.35406117865154
594.454389019199,195.928177927541,4.2659046016998
258.531055243145,222.807046231922,4.22066691928187
585.400609868623,432.380930153031,3.78127708216423
298.29209041305,136.529491593094,3.89882222320475
537.164431632501,460.106033911059,3.48354093058271
56.9205672202951,409.570840218845,3.52595060037717
193.658305818705,289.599014556461,3.97706025896798
545.609457429708,261.178531666422,3.90968967965601
182.668331304499,35.4724331775614,4.29818973881204
492.202427803788,345.096586727593,4.53787299579765
38.3337581341473,53.5490357348338,3.72762626823682
527.310840136722,140.843183527992,4.88959440147001
NA,NA,NA
662.384428133019,330.553783627784,3.47483171500068
457.774245529863,304.001051117235,3.67601161996065
11.4651778630725,497.690610910096,3.61698849066759
557.770127229352,45.5191943920385,4.06550748405347
73.4879860222741,371.429232623038,3.99172110031012
230.411258017786,418.18894372748,3.85174525047652
428.420174314515,13.4050869360398,3.24684048753758
364.159510457684,291.913001305697,2.96284441566752
597.638018928936,105.205440361589,4.28185718575713
390.439696900835,228.684471927701,4.15508185310479
572.624064877433,404.175450741016,4.74574688459149
144.565657370642,279.900413307589,4.56399837175984
198.374116093083,362.826580718293,3.96280905321818
126.422267170189,410.678475028157,3.23911543281995
628.125532986835,310.334581659777,4.42697902232663
-0.151715241257912,148.962607586172,4.23350682485125
545.904847858312,204.018079387244,4.29304603171209
34.7489265537339,492.198914437256,3.0330256358146
286.458155799343,21.1244937068189,4.14611768022378
535.168720391269,393.61583528104,3.25920885348038
73.6492367454025,74.8100736593979,5.25042287684412
6.21125962892059,77.8313521539247,3.52744037611687
587.622530333661,221.74144414808,4.03858213315763
441.818577305741,453.383511914247,4.77097117240831
660.50723339885,374.735476457189,3.12265759187814
105.167030972825,488.478838935145,4.34442217782206
623.667338825924,88.5183799683722,4.05521139497588
423.071477234165,252.977240138232,3.62220317181789
10.9282234645206,181.269308158868,3.19194787027644
65.4597667220206,124.723817569708,4.33194332132736
611.428242276136,195.075460135265,4.42616954730932
255.188052910285,224.046267629267,3.96458565185971
569.098565040145,445.798305489456,3.64894550411235
302.374396045551,138.136096818312,3.88775728524351
526.385887901675,453.797385489399,3.57721145989751
45.4932327138352,430.328334828961,4.13002187360603
182.540894153679,287.731858589649,4.17853040248856
546.796979226526,265.99590882617,3.49538131133815
176.792590440024,29.5406439244821,4.19522314372224
507.772302657871,352.064542622019,4.42365255643446
39.2735238253859,56.7486885071198,4.27864417625926
532.10363648679,152.54876628649,4.59202803415408
NA,NA,NA
662.384428133019,330.553783627784,3.47483171500068
457.774245529863,304.001051117235,3.67601161996065
11.4651778630725,497.690610910096,3.61698849066759
557.770127229352,45.5191943920385,4.06550748405347
73.4879860222741,371.429232623038,3.99172110031012
230.411258017786,418.18894372748,3.85174525047652
428.420174314515,13.4050869360398,3.24684048753758
364.159510457684,291.913001305697,2.96284441566752
597.638018928936,105.205440361589,4.28185718575713
390.439696900835,228.684471927701,4.15508185310479
572.624064877433,404.175450741016,4.74574688459149
144.565657370642,279.900413307589,4.56399837175984
198.374116093083,362.826580718293,3.96280905321818
126.422267170189,410.678475028157,3.23911543281995
628.125532986835,310.334581659777,4.42697902232663
-0.151715241257912,148.962607586172,4.23350682485125
545.904847858312,204.018079387244,4.29304603171209
34.7489265537339,492.198914437256,3.0330256358146
286.458155799343,21.1244937068189,4.14611768022378
535.168720391269,393.61583528104,3.25920885348038
73.6492367454025,74.8100736593979,5.25042287684412
6.21125962892059,77.8313521539247,3.52744037611687
587.622530333661,221.74144414808,4.03858213315763
441.818577305741,453.383511914247,4.77097117240831
660.50723339885,374.735476457189,3.12265759187814
105.167030972825,488.478838935145,4.34442217782206
623.667338825924,88.5183799683722,4.05521139497588
423.071477234165,252.977240138232,3.62220317181789
10.9282234645206,181.269308158868,3.19194787027644
65.4597667220206,124.723817569708,4.33194332132736
611.428242276136,195.075460135265,4.42616954730932
255.188052910285,224.046267629267,3.96458565185971
569.098565040145,445.798305489456,3.64894550411235
302.374396045551,138.136096818312,3.88775728524351
526.385887901675,453.797385489399,3.57721145989751
45.4932327138352,430.328334828961,4.13002187360603
182.540894153679,287.731858589649,4.17853040248856
546.796979226526,265.99590882617,3.49538131133815
176.792590440024,29.5406439244821,4.19522314372224
507.772302657871,352.064542622019,4.42365255643446
39.2735238253859,56.7486885071198,4.27864417625926
532.10363648679,152.54876628649,4.59202803415408
NA,NA,NA
662.384428133019,330.553783627784,3.47483171500068
457.774245529863,304.001051117235,3.67601161996065
11.4651778630725,497.690610910096,3.61698849066759
557.770127229352,45.5191943920385,4.06550748405347
73.4879860222741,371.429232623038,3.99172110031012
230.411258017786,418.18894372748,3.85174525047652
428.420174314515,13.4050869360398,3.24684048753758
364.159510457684,291.913001305697,2.96284441566752
597.638018928936,105.205440361589,4.28185718575713
390.439696900835,228.684471927701,4.15508185310479
572.624064877433,404.175450741016,4.74574688459149
144.565657370642,279.900413307589,4.56399837175984
198.374116093083,362.826580718293,3.96280905321818
126.422267170189,410.678475028157,3.23911543281995
628.125532986835,310.334581659777,4.42697902232663
-0.151715241257912,148.962607586172,4.23350682485125
545.904847858312,204.018079387244,4.29304603171209
34.7489265537339,492.198914437256,3.0330256358146
286.458155799343,21.1244937068189,4.14611768022378
535.168720391269,393.61583528104,3.25920885348038
73.6492367454025,74.8100736593979,5.25042287684412
6.21125962892059,77.8313521539247,3.52744037611687
587.622530333661,221.74144414808,4.03858213315763
441.818577305741,453.383511914247,4.77097117240831
660.50723339885,374.735476457189,3.12265759187814
105.167030972825,488.478838935145,4.34442217782206
623.667338825924,88.5183799683722,4.05521139497588
423.071477234165,252.977240138232,3.62220317181789
10.9282234645206,181.269308158868,3.19194787027644
65.4597667220206,124.723817569708,4.33194332132736
611.428242276136,195.075460135265,4.42616954730932
255.188052910285,224.046267629267,3.96458565185971
569.098565040145,445.798305489456,3.64894550411235
302.374396045551,138.136096818312,3.88775728524351
526.385887901675,453.797385489399,3.57721145989751
45.4932327138352,430.328334828961,4.13002187360603
182.540894153679,287.731858589649,4.17853040248856
546.796979226526,265.99590882617,3.49538131133815
176.792590440024,29.5406439244821,4.19522314372224
507.772302657871,352.064542622019,4.42365255643446
39.2735238253859,56.7486885071198,4.27864417625926
532.10363648679,152.54876628649,4.59202803415408
NA,NA,NA
662.384428133019,330.553783627784,3.47483171500068
457.774245529863,304.001051117235,3.67601161996065
11.4651778630725,497.690610910096,3.61698849066759
557.770127229352,45.5191943920385,4.06550748405347
73.4879860222741,371.429232623038,3.99172110031012
230.411258017786,418.18894372748,3.85174525047652
428.420174314515,13.4050869360398,3.24684048753758
364.159510457684,291.913001305697,2.96284441566752
597.638018928936,105.205440361589,4.28185718575713
390.439696900835,228.684471927701,4.15508185310479
572.624064877433,404.175450741016,4.74574688459149
144.565657370642,279.900413307589,4.56399837175984
198.374116093083,362.826580718293,3.96280905321818
126.422267170189,410.678475028157,3.23911543281995
628.125532986835,310.334581659777,4.42697902232663
-0.151715241257912,148.962607586172,4.23350682485125
545.904847858312,204.018079387244,4.29304603171209
34.7489265537339,492.198914437256,3.0330256358146
286.458155799343,21.1244937068189,4.14611768022378
535.168720391269,393.61583528104,3.25920885348038
73.6492367454025,74.8100736593979,5.25042287684412
6.21125962892059,77.8313521539247,3.52744037611687
587.622530333661,221.74144414808,4.03858213315763
441.818577305741,453.383511914247,4.77097117240831
660.50723339885,374.735476457189,3.12265759187814
105.167030972825,488.478838935145,4.34442217782206
623.667338825924,88.5183799683722,4.05521139497588
423.071477234165,252.977240138232,3.62220317181789
10.9282234645206,181.269308158868,3.19194787027644
65.4597667220206,124.723817569708,4.33194332132736
611.428242276136,195.075460135265,4.42616954730932
255.188052910285,224.046267629267,3.96458565185971
569.098565040145,445.798305489456,3.64894550411235
302.374396045551,138.136096818312,3.88775728524351
526.385887901675,453.797385489399,3.57721145989751
45.4932327138352,430.328334828961,4.13002187360603
182.540894153679,287.731858589649,4.17853040248856
546.796979226526,265.99590882617,3.49538131133815
176.792590440024,29.5406439244821,4.19522314372224
507.772302657871,352.064542622019,4.42365255643446
39.2735238253859,56.7486885071198,4.27864417625926
532.10363648679,152.54876628649,4.59202803415408
NA,NA,NA
662.384428133019,330.553783627784,3.47483171500068
457.774245529863,304.001051117235,3.67601161996065
11.4651778630725,497.690610910096,3.61698849066759
557.770127229352,45.5191943920385,4.06550748405347
73.4879860222741,371.429232623038,3.99172110031012
230.411258017786,418.18894372748,3.85174525047652
428.420174314515,13.4050869360398,3.24684048753758
364.159510457684,291.913001305697,2.96284441566752
597.638018928936,105.205440361589,4.28185718575713
390.439696900835,228.684471927701,4.15508185310479
572.624064877433,404.175450741016,4.74574688459149
144.565657370642,279.900413307589,4.56399837175984
198.374116093083,362.826580718293,3.96280905321818
126.422267170189,410.678475028157,3.23911543281995
628.125532986835,310.334581659777,4.42697902232663
-0.151715241257912,148.962607586172,4.23350682485125
545.904847858312,204.018079387244,4.29304603171209
34.7489265537339,492.198914437256,3.0330256358146
286.458155799343,21.1244937068189,4.14611768022378
535.168720391269,393.61583528104,3.25920885348038
73.6492367454025,74.8100736593979,5.25042287684412
6.21125962892059,77.8313521539247,3.52744037611687
587.622530333661,221.74144414808,4.03858213315763
441.818577305741,453.383511914247,4.77097117240831
660.50723339885,374.735476457189,3.12265759187814
105.167030972825,488.478838935145,4.34442217782206
623.667338825924,88.5183799683722,4.05521139497588
423.071477234165,252.977240138232,3.62220317181789
10.9282234645206,181.269308158868,3.19194787027644
65.4597667220206,124.723817569708,4.33194332132736
611.428242276136,195.075460135265,4.42616954730932
255.188052910285,224.046267629267,3.96458565185971
569.098565040145,445.798305489456,3.64894550411235
302.374396045551,138.136096818312,3.88775728524351
526.385887901675,453.797385489399,3.57721145989751
45.4932327138352,430.328334828961,4.13002187360603
182.540894153679,287.731858589649,4.17853040248856
546.796979226526,265.99590882617,3.49538131133815
176.792590440024,29.5406439244821,4.19522314372224
507.772302657871,352.064542622019,4.42365255643446
39.2735238253859,56.7486885071198,4.27864417625926
532.10363648679,152.54876628649,4.59202803415408
NA,NA,NA
662.384428133019,330.553783627784,3.47483171500068
457.774245529863,304.001051117235,3.67601161996065
11.4651778630725,497.690610910096,3.61698849066759
557.770127229352,45.5191943920385,4.06550748405347
73.4879860222741,371.429232623038,3.99172110031012
230.411258017786,418.18894372748,3.85174525047652
428.420174314515,13.4050869360398,3.24684048753758
364.159510457684,291.913001305697,2.96284441566752
597.638018928936,105.205440361589,4.28185718575713
390.439696900835,228.684471927701,4.15508185310479
572.624064877433,404.175450741016,4.74574688459149
144.565657370642,279.900413307589,4.56399837175984
198.374116093083,362.826580718293,3.96280905321818
126.422267170189,410.678475028157,3.23911543281995
628.125532986835,310.334581659777,4.42697902232663
-0.151715241257912,148.962607586172,4.23350682485125
545.904847858312,204.018079387244,4.29304603171209
34.7489265537339,492.198914437256,3.0330256358146
286.458155799343,21.1244937068189,4.14611768022378
535.168720391269,393.61583528104,3.25920885348038
73.6492367454025,74.8100736593979,5.25042287684412
6.21125962892059,77.8313521539247,3.52744037611687
587.622530333661,221.74144414808,4.03858213315763
441.818577305741,453.383511914247,4.77097117240831
660.50723339885,374.735476457189,3.12265759187814
105.167030972825,488.478838935145,4.34442217782206
623.667338825924,88.5183799683722,4.05521139497588
423.071477234165,252.977240138232,3.62220317181789
10.9282234645206,181.269308158868,3.19194787027644
65.4597667220206,124.723817569708,4.33194332132736
611.428242276136,195.075460135265,4.42616954730932
255.188052910285,224.046267629267,3.96458565185971
569.098565040145,445.798305489456,3.64894550411235
302.374396045551,138.136096818312,3.88775728524351
526.385887901675,453.797385489399,3.57721145989751
45.4932327138352,430.328334828961,4.13002187360603
182.540894153679,287.731858589649,4.17853040248856
546.796979226526,265.99590882617,3.49538131133815
176.792590440024,29.5406439244821,4.19522314372224
507.772302657871,352.064542622019,4.42365255643446
39.2735238253859,56.7486885071198,4.27864417625926
532.10363648679,152.54876628649,4.59202803415408
NA,NA,NA
656.262962755312,328.132535159862,3.5613571131013
452.24400646361,298.61906155233,3.43395851446709
13.7695303733599,493.862970223118,3.71712450257842
558.699475210355,47.5021452670466,4.12210453818578
72.1581644995005,379.181639844718,4.01504500360072
226.825333918041,412.307655391552,3.9495379045346
427.735102990201,11.3024651865167,3.50592364617927
359.753394223887,293.97265674899,3.04911190250098
603.743243851431,101.735973241727,4.19881979467622
392.144142424231,230.902338486896,4.18200057029719
566.45286822389,414.692861316668,4.73084219680028
141.209642054436,285.728102196251,4.72050560271411
198.205402149043,366.87908710176,4.01245568879448
121.423419437326,414.411617361255,3.56322257984485
626.305542248805,313.991213899793,4.5435534602149
4.91637895130167,148.222404193367,4.25848882211196
539.787590936376,205.399403186583,4.08121140996827
32.5194754060668,491.455438011559,2.97121254949767
276.62709029964,25.2699464084292,3.88049705019267
534.749812603308,393.65222250935,3.38080319512789
69.1861726169097,78.5062625387714,5.20119241253343
2.29960537521675,79.2005199148885,3.55697248730981
589.405210475107,224.703293215142,3.90040740668774
439.74227584764,460.673985998489,4.78957397526143
660.66959850999,374.815416132412,3.06368852981861
100.746053268825,487.422040706311,4.34558795339312
624.413284643636,92.2160504504815,4.05738547947064
424.222585429761,258.934579311209,3.63505770025591
12.1481851338861,181.828910956967,3.28298458930107
69.8592395256029,147.959695616154,4.59618284160571
609.752864735222,199.547703346184,4.25349145996536
254.172576945002,222.989110860492,3.79573117634431
567.944692173302,432.71645716039,3.78601208308921
303.376411636425,136.771223484077,4.12786498944541
531.218967781414,457.271627609128,3.70288845942748
56.6244426741957,424.658947020436,3.71133592102059
198.867709224489,278.68219409408,3.90302089417883
557.173911565184,261.542132140766,3.92815061681207
167.585414328269,41.3058219529536,4.33796886228091
504.278704781969,348.428712029653,4.47754065652922
43.099977158396,46.8829201401737,3.84048177038218
531.411892706942,153.978730255065,4.59658961562995
NA,NA,NA
656.262962755312,328.132535159862,3.5613571131013
452.24400646361,298.61906155233,3.43395851446709
13.7695303733599,493.862970223118,3.71712450257842
558.699475210355,47.5021452670466,4.12210453818578
72.1581644995005,379.181639844718,4.01504500360072
226.825333918041,412.307655391552,3.9495379045346
427.735102990201,11.3024651865167,3.50592364617927
359.753394223887,293.97265674899,3.04911190250098
603.743243851431,101.735973241727,4.19881979467622
392.144142424231,230.902338486896,4.18200057029719
566.45286822389,414.692861316668,4.73084219680028
141.209642054436,285.728102196251,4.72050560271411
198.205402149043,366.87908710176,4.01245568879448
121.423419437326,414.411617361255,3.56322257984485
626.305542248805,313.991213899793,4.5435534602149
4.91637895130167,148.222404193367,4.25848882211196
539.787590936376,205.399403186583,4.08121140996827
32.5194754060668,491.455438011559,2.97121254949767
276.62709029964,25.2699464084292,3.88049705019267
534.749812603308,393.65222250935,3.38080319512789
69.1861726169097,78.5062625387714,5.20119241253343
2.29960537521675,79.2005199148885,3.55697248730981
589.405210475107,224.703293215142,3.90040740668774
439.74227584764,460.673985998489,4.78957397526143
660.66959850999,374.815416132412,3.06368852981861
100.746053268825,487.422040706311,4.34558795339312
624.413284643636,92.2160504504815,4.05738547947064
424.222585429761,258.934579311209,3.63505770025591
12.1481851338861,181.828910956967,3.28298458930107
69.8592395256029,147.959695616154,4.59618284160571
609.752864735222,199.547703346184,4.25349145996536
254.172576945002,222.989110860492,3.79573117634431
567.944692173302,432.71645716039,3.78601208308921
303.376411636425,136.771223484077,4.12786498944541
531.218967781414,457.271627609128,3.70288845942748
56.6244426741957,424.658947020436,3.71133592102059
198.867709224489,278.68219409408,3.90302089417883
557.173911565184,261.542132140766,3.92815061681207
167.585414328269,41.3058219529536,4.33796886228091
504.278704781969,348.428712029653,4.47754065652922
43.099977158396,46.8829201401737,3.84048177038218
531.411892706942,153.978730255065,4.59658961562995
NA,NA,NA
656.262962755312,328.132535159862,3.5613571131013
452.24400646361,298.61906155233,3.43395851446709
13.7695303733599,493.862970223118,3.71712450257842
558.699475210355,47.5021452670466,4.12210453818578
72.1581644995005,379.181639844718,4.01504500360072
226.825333918041,412.307655391552,3.9495379045346
427.735102990201,11.3024651865167,3.50592364617927
359.753394223887,293.97265674899,3.04911190250098
603.743243851431,101.735973241727,4.19881979467622
392.144142424231,230.902338486896,4.18200057029719
566.45286822389,414.692861316668,4.73084219680028
141.209642054436,285.728102196251,4.72050560271411
198.205402149043,366.87908710176,4.01245568879448
121.423419437326,414.411617361255,3.56322257984485
626.305542248805,313.991213899793,4.5435534602149
4.91637895130167,148.222404193367,4.25848882211196
539.787590936376,205.399403186583,4.08121140996827
32.5194754060668,491.455438011559,2.97121254949767
276.62709029964,25.2699464084292,3.88049705019267
534.749812603308,393.65222250935,3.38080319512789
69.1861726169097,78.5062625387714,5.20119241253343
2.29960537521675,79.2005199148885,3.55697248730981
589.405210475107,224.703293215142,3.90040740668774
439.74227584764,460.673985998489,4.78957397526143
660.66959850999,374.815416132412,3.06368852981861
100.746053268825,487.422040706311,4.34558795339312
624.413284643636,92.2160504504815,4.05738547947064
424.222585429761,258.934579311209,3.63505770025591
12.1481851338861,181.828910956967,3.28298458930107
69.8592395256029,147.959695616154,4.59618284160571
609.752864735222,199.547703346184,4.25349145996536
254.172576945002,222.989110860492,3.79573117634431
567.944692173302,432.71645716039,3.78601208308921
303.376411636425,136.771223484077,4.12786498944541
531.218967781414,457.271627609128,3.70288845942748
56.6244426741957,424.658947020436,3.71133592102059
198.867709224489,278.68219409408,3.90302089417883
557.173911565184,261.542132140766,3.92815061681207
167.585414328269,41.3058219529536,4.33796886228091
504.278704781969,348.428712029653,4.47754065652922
43.099977158396,46.8829201401737,3.84048177038218
531.411892706942,153.978730255065,4.59658961562995
NA,NA,NA
656.262962755312,328.132535159862,3.5613571131013
452.24400646361,298.61906155233,3.43395851446709
13.7695303733599,493.862970223118,3.71712450257842
558.699475210355,47.5021452670466,4.12210453818578
72.1581644995005,379.181639844718,4.01504500360072
226.825333918041,412.307655391552,3.9495379045346
427.735102990201,11.3024651865167,3.50592364617927
359.753394223887,293.97265674899,3.04911190250098
603.743243851431,101.735973241727,4.19881979467622
392.144142424231,230.902338486896,4.18200057029719
566.45286822389,414.692861316668,4.73084219680028
141.209642054436,285.728102196251,4.72050560271411
198.205402149043,366.87908710176,4.01245568879448
121.423419437326,414.411617361255,3.56322257984485
626.305542248805,313.991213899793,4.5435534602149
4.91637895130167,148.222404193367,4.25848882211196
539.787590936376,205.399403186583,4.08121140996827
32.5194754060668,491.455438011559,2.97121254949767
276.62709029964,25.2699464084292,3.88049705019267
534.749812603308,393.65222250935,3.38080319512789
69.1861726169097,78.5062625387714,5.20119241253343
2.29960537521675,79.2005199148885,3.55697248730981
589.405210475107,224.703293215142,3.90040740668774
439.74227584764,460.673985998489,4.78957397526143
660.66959850999,374.815416132412,3.06368852981861
100.746053268825,487.422040706311,4.34558795339312
624.413284643636,92.2160504504815,4.05738547947064
424.222585429761,258.934579311209,3.63505770025591
12.1481851338861,181.828910956967,3.28298458930107
69.8592395256029,147.959695616154,4.59618284160571
609.752864735222,199.547703346184,4.25349145996536
254.172576945002,222.989110860492,3.79573117634431
567.944692173302,432.71645716039,3.78601208308921
303.376411636425,136.771223484077,4.12786498944541
531.218967781414,457.271627609128,3.70288845942748
56.6244426741957,424.658947020436,3.71133592102059
198.867709224489,278.68219409408,3.90302089417883
557.173911565184,261.542132140766,3.92815061681207
167.585414328269,41.3058219529536,4.33796886228091
504.278704781969,348.428712029653,4.47754065652922
43.099977158396,46.8829201401737,3.84048177038218
531.411892706942,153.978730255065,4.59658961562995
NA,NA,NA
656.262962755312,328.132535159862,3.5613571131013
452.24400646361,298.61906155233,3.43395851446709
13.7695303733599,493.862970223118,3.71712450257842
558.699475210355,47.5021452670466,4.12210453818578
72.1581644995005,379.181639844718,4.01504500360072
226.825333918041,412.307655391552,3.9495379045346
427.735102990201,11.3024651865167,3.50592364617927
359.753394223887,293.97265674899,3.04911190250098
603.743243851431,101.735973241727,4.19881979467622
392.144142424231,230.902338486896,4.18200057029719
566.45286822389,414.692861316668,4.73084219680028
141.209642054436,285.728102196251,4.72050560271411
198.205402149043,366.87908710176,4.01245568879448
121.423419437326,414.411617361255,3.56322257984485
626.305542248805,313.991213899793,4.5435534602149
4.91637895130167,148.222404193367,4.25848882211196
539.787590936376,205.399403186583,4.08121140996827
32.5194754060668,491.455438011559,2.97121254949767
276.62709029964,25.2699464084292,3.88049705019267
534.749812603308,393.65222250935,3.38080319512789
69.1861726169097,78.5062625387714,5.20119241253343
2.29960537521675,79.2005199148885,3.55697248730981
589.405210475107,224.703293215142,3.90040740668774
439.74227584764,460.673985998489,4.78957397526143
660.66959850999,374.815416132412,3.06368852981861
100.746053268825,487.422040706311,4.34558795339312
624.413284643636,92.2160504504815,4.05738547947064
424.222585429761,258.934579311209,3.63505770025591
12.1481851338861,181.828910956967,3.28298458930107
69.8592395256029,147.959695616154,4.59618284160571
609.752864735222,199.547703346184,4.25349145996536
254.172576945002,222.989110860492,3.79573117634431
567.944692173302,432.71645716039,3.78601208308921
303.376411636425,136.771223484077,4.12786498944541
531.218967781414,457.271627609128,3.70288845942748
56.6244426741957,424.658947020436,3.71133592102059
198.867709224489,278.68219409408,3.90302089417883
557.173911565184,261.542132140766,3.92815061681207
167.585414328269,41.3058219529536,4.33796886228091
504.278704781969,348.428712029653,4.47754065652922
43.099977158396,46.8829201401737,3.84048177038218
531.411892706942,153.978730255065,4.59658961562995
NA,NA,NA
656.262962755312,328.132535159862,3.5613571131013
452.24400646361,298.61906155233,3.43395851446709
13.7695303733599,493.862970223118,3.71712450257842
558.699475210355,47.5021452670466,4.12210453818578
72.1581644995005,379.181639844718,4.01504500360072
226.825333918041,412.307655391552,3.9495379045346
427.735102990201,11.3024651865167,3.50592364617927
359.753394223887,293.97265674899,3.04911190250098
603.743243851431,101.735973241727,4.19881979467622
392.144142424231,230.902338486896,4.18200057029719
566.45286822389,414.692861316668,4.73084219680028
141.209642054436,285.728102196251,4.72050560271411
198.205402149043,366.87908710176,4.01245568879448
121.423419437326,414.411617361255,3.56322257984485
626.305542248805,313.991213899793,4.5435534602149
4.91637895130167,148.222404193367,4.25848882211196
539.787590936376,205.399403186583,4.08121140996827
32.5194754060668,491.455438011559,2.97121254949767
276.62709029964,25.2699464084292,3.88049705019267
534.749812603308,393.65222250935,3.38080319512789
69.1861726169097,78.5062625387714,5.20119241253343
2.29960537521675,79.2005199148885,3.55697248730981
589.405210475107,224.703293215142,3.90040740668774
439.74227584764,460.673985998489,4.78957397526143
660.66959850999,374.815416132412,3.06368852981861
100.746053268825,487.422040706311,4.34558795339312
624.413284643636,92.2160504504815,4.05738547947064
424.222585429761,258.934579311209,3.63505770025591
12.1481851338861,181.828910956967,3.28298458930107
69.8592395256029,147.959695616154,4.59618284160571
609.752864735222,199.547703346184,4.25349145996536
254.172576945002,222.989110860492,3.79573117634431
567.944692173302,432.71645716039,3.78601208308921
303.376411636425,136.771223484077,4.12786498944541
531.218967781414,457.271627609128,3.70288845942748
56.6244426741957,424.658947020436,3.71133592102059
198.867709224489,278.68219409408,3.90302089417883
557.173911565184,261.542132140766,3.92815061681207
167.585414328269,41.3058219529536,4.33796886228091
504.278704781969,348.428712029653,4.47754065652922
43.099977158396,46.8829201401737,3.84048177038218
531.411892706942,153.978730255065,4.59658961562995
NA,NA,NA
663.59240066402,335.484675804894,3.44800763834782
456.127845268501,296.366378139759,3.78565218368626
11.8441905201277,493.708011330851,3.65163970942534
558.806010340764,49.9876777828922,4.30484410335063
75.9540890904531,378.580605421395,3.9169948341767
231.006494809699,413.972558596104,3.79990554911181
428.167137426502,13.1084656733565,3.22723556278285
361.16686981851,293.584597157512,3.08215314141667
609.588680211841,103.588701589721,4.23342672301149
394.195129294384,231.584804492684,4.16952795267654
563.363899173984,411.605281760636,4.73577144618752
146.20841071837,285.158462006369,4.4113492013098
202.803079704803,373.930296168624,3.97608953873822
123.249656243886,410.837556562114,3.40894359175695
633.611719423471,316.189933775474,4.45382872768203
1.71523622000967,140.600234332323,4.25587114274757
543.960651855305,205.754023173848,3.96946245170624
33.0723626953322,492.353088168262,3.05183602415493
286.195139336209,22.8414130528969,3.83912107002337
532.973455160184,394.291940978306,3.53123733192919
68.2287386919868,86.8093283492503,5.30145106980672
1.07589819806916,76.7844706290889,3.62362102076507
589.780378536522,230.252978183986,4.03565987027502
435.717062686542,460.739362756696,4.81459539960563
658.887228888814,375.030727947636,3.15522993558461
108.966664072372,489.113425466645,4.36613268999828
621.700338821377,90.944176519794,4.07302583627566
419.617893524952,257.771733683873,3.72248025476286
12.6614631289164,182.65283029132,3.17098432710598
56.089547323658,123.796828324763,4.57377796359585
614.337700602779,199.1588670165,4.10312264396003
255.388201742453,213.872919713311,3.73000207938321
582.418779921609,443.610285591815,3.71177785062752
304.45994558116,132.671618446835,4.00255805344729
526.68577842337,465.517908295232,3.51399446219538
55.6316699756603,426.592250195923,3.96211818048736
190.203281270568,281.691662393784,3.97005181104756
555.009700323199,261.482715082007,3.7758396398161
168.642761001032,48.3797670116658,4.19610170403158
497.2380957592,342.137621990571,4.64634038176025
41.1332668287986,49.2948326270507,3.70547709700675
536.088997414869,128.635272029528,4.78730323469641
NA,NA,NA
663.59240066402,335.484675804894,3.44800763834782
456.127845268501,296.366378139759,3.78565218368626
11.8441905201277,493.708011330851,3.65163970942534
558.806010340764,49.9876777828922,4.30484410335063
75.9540890904531,378.580605421395,3.9169948341767
231.006494809699,413.972558596104,3.79990554911181
428.167137426502,13.1084656733565,3.22723556278285
361.16686981851,293.584597157512,3.08215314141667
609.588680211841,103.588701589721,4.23342672301149
394.195129294384,231.584804492684,4.16952795267654
563.363899173984,411.605281760636,4.73577144618752
146.20841071837,285.158462006369,4.4113492013098
202.803079704803,373.930296168624,3.97608953873822
123.249656243886,410.837556562114,3.40894359175695
633.611719423471,316.189933775474,4.45382872768203
1.71523622000967,140.600234332323,4.25587114274757
543.960651855305,205.754023173848,3.96946245170624
33.0723626953322,492.353088168262,3.05183602415493
286.195139336209,22.8414130528969,3.83912107002337
532.973455160184,394.291940978306,3.53123733192919
68.2287386919868,86.8093283492503,5.30145106980672
1.07589819806916,76.7844706290889,3.62362102076507
589.780378536522,230.252978183986,4.03565987027502
435.717062686542,460.739362756696,4.81459539960563
658.887228888814,375.030727947636,3.15522993558461
108.966664072372,489.113425466645,4.36613268999828
621.700338821377,90.944176519794,4.07302583627566
419.617893524952,257.771733683873,3.72248025476286
12.6614631289164,182.65283029132,3.17098432710598
56.089547323658,123.796828324763,4.57377796359585
614.337700602779,199.1588670165,4.10312264396003
255.388201742453,213.872919713311,3.73000207938321
582.418779921609,443.610285591815,3.71177785062752
304.45994558116,132.671618446835,4.00255805344729
526.68577842337,465.517908295232,3.51399446219538
55.6316699756603,426.592250195923,3.96211818048736
190.203281270568,281.691662393784,3.97005181104756
555.009700323199,261.482715082007,3.7758396398161
168.642761001032,48.3797670116658,4.19610170403158
497.2380957592,342.137621990571,4.64634038176025
41.1332668287986,49.2948326270507,3.70547709700675
536.088997414869,128.635272029528,4.78730323469641
NA,NA,NA
663.59240066402,335.484675804894,3.44800763834782
456.127845268501,296.366378139759,3.78565218368626
11.8441905201277,493.708011330851,3.65163970942534
558.806010340764,49.9876777828922,4.30484410335063
75.9540890904531,378.580605421395,3.9169948341767
231.006494809699,413.972558596104,3.79990554911181
428.167137426502,13.1084656733565,3.22723556278285
361.16686981851,293.584597157512,3.08215314141667
609.588680211841,103.588701589721,4.23342672301149
394.195129294384,231.584804492684,4.16952795267654
563.363899173984,411.605281760636,4.73577144618752
146.20841071837,285.158462006369,4.4113492013098
202.803079704803,373.930296168624,3.97608953873822
123.249656243886,410.837556562114,3.40894359175695
633.611719423471,316.189933775474,4.45382872768203
1.71523622000967,140.600234332323,4.25587114274757
543.960651855305,205.754023173848,3.96946245170624
33.0723626953322,492.353088168262,3.05183602415493
286.195139336209,22.8414130528969,3.83912107002337
532.973455160184,394.291940978306,3.53123733192919
68.2287386919868,86.8093283492503,5.30145106980672
1.07589819806916,76.7844706290889,3.62362102076507
589.780378536522,230.252978183986,4.03565987027502
435.717062686542,460.739362756696,4.81459539960563
658.887228888814,375.030727947636,3.15522993558461
108.966664072372,489.113425466645,4.36613268999828
621.700338821377,90.944176519794,4.07302583627566
419.617893524952,257.771733683873,3.72248025476286
12.6614631289164,182.65283029132,3.17098432710598
56.089547323658,123.796828324763,4.57377796359585
614.337700602779,199.1588670165,4.10312264396003
255.388201742453,213.872919713311,3.73000207938321
582.418779921609,443.610285591815,3.71177785062752
304.45994558116,132.671618446835,4.00255805344729
526.68577842337,465.517908295232,3.51399446219538
55.6316699756603,426.592250195923,3.96211818048736
190.203281270568,281.691662393784,3.97005181104756
555.009700323199,261.482715082007,3.7758396398161
168.642761001032,48.3797670116658,4.19610170403158
497.2380957592,342.137621990571,4.64634038176025
41.1332668287986,49.2948326270507,3.70547709700675
536.088997414869,128.635272029528,4.78730323469641
NA,NA,NA
663.59240066402,335.484675804894,3.44800763834782
456.127845268501,296.366378139759,3.78565218368626
11.8441905201277,493.708011330851,3.65163970942534
558.806010340764,49.9876777828922,4.30484410335063
75.9540890904531,378.580605421395,3.9169948341767
231.006494809699,413.972558596104,3.79990554911181
428.167137426502,13.1084656733565,3.22723556278285
361.16686981851,293.584597157512,3.08215314141667
609.588680211841,103.588701589721,4.23342672301149
394.195129294384,231.584804492684,4.16952795267654
563.363899173984,411.605281760636,4.73577144618752
146.20841071837,285.158462006369,4.4113492013098
202.803079704803,373.930296168624,3.97608953873822
123.249656243886,410.837556562114,3.40894359175695
633.611719423471,316.189933775474,4.45382872768203
1.71523622000967,140.600234332323,4.25587114274757
543.960651855305,205.754023173848,3.96946245170624
33.0723626953322,492.353088168262,3.05183602415493
286.195139336209,22.8414130528969,3.83912107002337
532.973455160184,394.291940978306,3.53123733192919
68.2287386919868,86.8093283492503,5.30145106980672
1.07589819806916,76.7844706290889,3.62362102076507
589.780378536522,230.252978183986,4.03565987027502
435.717062686542,460.739362756696,4.81459539960563
658.887228888814,375.030727947636,3.15522993558461
108.966664072372,489.113425466645,4.36613268999828
621.700338821377,90.944176519794,4.07302583627566
419.617893524952,257.771733683873,3.72248025476286
12.6614631289164,182.65283029132,3.17098432710598
56.089547323658,123.796828324763,4.57377796359585
614.337700602779,199.1588670165,4.10312264396003
255.388201742453,213.872919713311,3.73000207938321
582.418779921609,443.610285591815,3.71177785062752
304.45994558116,132.671618446835,4.00255805344729
526.68577842337,465.517908295232,3.51399446219538
55.6316699756603,426.592250195923,3.96211818048736
190.203281270568,281.691662393784,3.97005181104756
555.009700323199,261.482715082007,3.7758396398161
168.642761001032,48.3797670116658,4.19610170403158
497.2380957592,342.137621990571,4.64634038176025
41.1332668287986,49.2948326270507,3.70547709700675
536.088997414869,128.635272029528,4.78730323469641
NA,NA,NA
663.59240066402,335.484675804894,3.44800763834782
456.127845268501,296.366378139759,3.78565218368626
11.8441905201277,493.708011330851,3.65163970942534
558.806010340764,49.9876777828922,4.30484410335063
75.9540890904531,378.580605421395,3.9169948341767
231.006494809699,413.972558596104,3.79990554911181
428.167137426502,13.1084656733565,3.22723556278285
361.16686981851,293.584597157512,3.08215314141667
609.588680211841,103.588701589721,4.23342672301149
394.195129294384,231.584804492684,4.16952795267654
563.363899173984,411.605281760636,4.73577144618752
146.20841071837,285.158462006369,4.4113492013098
202.803079704803,373.930296168624,3.97608953873822
123.249656243886,410.837556562114,3.40894359175695
633.611719423471,316.189933775474,4.45382872768203
1.71523622000967,140.600234332323,4.25587114274757
543.960651855305,205.754023173848,3.96946245170624
33.0723626953322,492.353088168262,3.05183602415493
286.195139336209,22.8414130528969,3.83912107002337
532.973455160184,394.291940978306,3.53123733192919
68.2287386919868,86.8093283492503,5.30145106980672
1.07589819806916,76.7844706290889,3.62362102076507
589.780378536522,230.252978183986,4.03565987027502
435.717062686542,460.739362756696,4.81459539960563
658.887228888814,375.030727947636,3.15522993558461
108.966664072372,489.113425466645,4.36613268999828
621.700338821377,90.944176519794,4.07302583627566
419.617893524952,257.771733683873,3.72248025476286
12.6614631289164,182.65283029132,3.17098432710598
56.089547323658,123.796828324763,4.57377796359585
614.337700602779,199.1588670165,4.10312264396003
255.388201742453,213.872919713311,3.73000207938321
582.418779921609,443.610285591815,3.71177785062752
304.45994558116,132.671618446835,4.00255805344729
526.68577842337,465.517908295232,3.51399446219538
55.6316699756603,426.592250195923,3.96211818048736
190.203281270568,281.691662393784,3.97005181104756
555.009700323199,261.482715082007,3.7758396398161
168.642761001032,48.3797670116658,4.19610170403158
497.2380957592,342.137621990571,4.64634038176025
41.1332668287986,49.2948326270507,3.70547709700675
536.088997414869,128.635272029528,4.78730323469641
NA,NA,NA
663.59240066402,335.484675804894,3.44800763834782
456.127845268501,296.366378139759,3.78565218368626
11.8441905201277,493.708011330851,3.65163970942534
558.806010340764,49.9876777828922,4.30484410335063
75.9540890904531,378.580605421395,3.9169948341767
231.006494809699,413.972558596104,3.79990554911181
428.167137426502,13.1084656733565,3.22723556278285
361.16686981851,293.584597157512,3.08215314141667
609.588680211841,103.588701589721,4.23342672301149
394.195129294384,231.584804492684,4.16952795267654
563.363899173984,411.605281760636,4.73577144618752
146.20841071837,285.158462006369,4.4113492013098
202.803079704803,373.930296168624,3.97608953873822
123.249656243886,410.837556562114,3.40894359175695
633.611719423471,316.189933775474,4.45382872768203
1.71523622000967,140.600234332323,4.25587114274757
543.960651855305,205.754023173848,3.96946245170624
33.0723626953322,492.353088168262,3.05183602415493
286.195139336209,22.8414130528969,3.83912107002337
532.973455160184,394.291940978306,3.53123733192919
68.2287386919868,86.8093283492503,5.30145106980672
1.07589819806916,76.7844706290889,3.62362102076507
589.780378536522,230.252978183986,4.03565987027502
435.717062686542,460.739362756696,4.81459539960563
658.887228888814,375.030727947636,3.15522993558461
108.966664072372,489.113425466645,4.36613268999828
621.700338821377,90.944176519794,4.07302583627566
419.617893524952,257.771733683873,3.72248025476286
12.6614631289164,182.65283029132,3.17098432710598
56.089547323658,123.796828324763,4.57377796359585
614.337700602779,199.1588670165,4.10312264396003
255.388201742453,213.872919713311,3.73000207938321
582.418779921609,443.610285591815,3.71177785062752
304.45994558116,132.671618446835,4.00255805344729
526.68577842337,465.517908295232,3.51399446219538
55.6316699756603,426.592250195923,3.96211818048736
190.203281270568,281.691662393784,3.97005181104756
555.009700323199,261.482715082007,3.7758396398161
168.642761001032,48.3797670116658,4.19610170403158
497.2380957592,342.137621990571,4.64634038176025
41.1332668287986,49.2948326270507,3.70547709700675
536.088997414869,128.635272029528,4.78730323469641
NA,NA,NA
664.010352154064,331.343563445566,3.5021236151061
454.059982144819,297.930029862847,3.46764906895741
13.1704675350741,491.27885704232,3.59277099227518
562.238459887918,48.9179368231158,4.27964681111151
67.0150191784388,372.510104107366,3.93442559220309
230.300370507838,417.073833839062,3.90346529658445
426.775847125885,11.924440706606,3.35835897039393
361.468421551129,294.72367966959,3.22506448958461
605.448177444599,104.710989482125,4.17104700948326
386.849159548546,228.901365610671,4.07875737336287
562.546887183249,412.229976470366,4.67371857752606
141.992116438129,282.490819832245,4.49869111192441
198.720521859554,371.519603675986,3.96942021828981
124.943385846802,409.847933200554,3.41620903351108
624.304278121791,314.518024595343,4.68318078749298
0.991437450173543,146.907023597234,4.3083272559097
548.107614447554,204.183112890962,4.15760632287739
36.1390555235873,491.66599731784,3.01828345580409
285.084167359557,21.8468353711213,3.73261339204482
536.777714978407,392.12719086324,3.34965507975222
69.0404179372528,75.9582793220884,5.26964770719083
1.89309155778519,75.6653414395593,3.42268843019898
586.373001045869,231.04389252349,4.11823823508103
435.802052774654,459.399195049468,4.81148837620659
658.159878944416,372.762253974062,2.80125528969748
105.453631076633,489.15410452358,4.32168478512666
628.092661840624,90.9114540940409,4.0930722510878
421.342812456645,258.829938168348,3.65584382158715
10.9740620826081,181.115156733719,3.284853573255
73.1228410794647,117.434529285266,4.34080955242723
606.670423603238,198.331581696083,4.02124216647375
245.123820674206,218.589812870338,3.75689237651256
567.095193512366,438.450660300568,3.83623807535383
300.754573516011,137.908088904107,3.85536836443628
535.060336482238,457.608553824602,3.84835393290111
52.5676090693564,405.897203716882,3.80728417504156
197.930863256391,280.407126247384,4.30925180891391
543.326688516037,255.412761245426,3.51672591964849
162.997285073223,22.7517433740376,4.18464616107676
495.67376466128,348.873371900556,4.5495483393351
35.0448036675421,57.8507549930928,3.88432989358614
531.304374281005,139.057714268368,4.69587291858753
NA,NA,NA
664.010352154064,331.343563445566,3.5021236151061
454.059982144819,297.930029862847,3.46764906895741
13.1704675350741,491.27885704232,3.59277099227518
562.238459887918,48.9179368231158,4.27964681111151
67.0150191784388,372.510104107366,3.93442559220309
230.300370507838,417.073833839062,3.90346529658445
426.775847125885,11.924440706606,3.35835897039393
361.468421551129,294.72367966959,3.22506448958461
605.448177444599,104.710989482125,4.17104700948326
386.849159548546,228.901365610671,4.07875737336287
562.546887183249,412.229976470366,4.67371857752606
141.992116438129,282.490819832245,4.49869111192441
198.720521859554,371.519603675986,3.96942021828981
124.943385846802,409.847933200554,3.41620903351108
624.304278121791,314.518024595343,4.68318078749298
0.991437450173543,146.907023597234,4.3083272559097
548.107614447554,204.183112890962,4.15760632287739
36.1390555235873,491.66599731784,3.01828345580409
285.084167359557,21.8468353711213,3.73261339204482
536.777714978407,392.12719086324,3.34965507975222
69.0404179372528,75.9582793220884,5.26964770719083
1.89309155778519,75.6653414395593,3.42268843019898
586.373001045869,231.04389252349,4.11823823508103
435.802052774654,459.399195049468,4.81148837620659
658.159878944416,372.762253974062,2.80125528969748
105.453631076633,489.15410452358,4.32168478512666
628.092661840624,90.9114540940409,4.0930722510878
421.342812456645,258.829938168348,3.65584382158715
10.9740620826081,181.115156733719,3.284853573255
73.1228410794647,117.434529285266,4.34080955242723
606.670423603238,198.331581696083,4.02124216647375
245.123820674206,218.589812870338,3.75689237651256
567.095193512366,438.450660300568,3.83623807535383
300.754573516011,137.908088904107,3.85536836443628
535.060336482238,457.608553824602,3.84835393290111
52.5676090693564,405.897203716882,3.80728417504156
197.930863256391,280.407126247384,4.30925180891391
543.326688516037,255.412761245426,3.51672591964849
162.997285073223,22.7517433740376,4.18464616107676
495.67376466128,348.873371900556,4.5495483393351
35.0448036675421,57.8507549930928,3.88432989358614
531.304374281005,139.057714268368,4.69587291858753
NA,NA,NA
664.010352154064,331.343563445566,3.5021236151061
454.059982144819,297.930029862847,3.46764906895741
13.1704675350741,491.27885704232,3.59277099227518
562.238459887918,48.9179368231158,4.27964681111151
67.0150191784388,372.510104107366,3.93442559220309
230.300370507838,417.073833839062,3.90346529658445
426.775847125885,11.924440706606,3.35835897039393
361.468421551129,294.72367966959,3.22506448958461
605.448177444599,104.710989482125,4.17104700948326
386.849159548546,228.901365610671,4.07875737336287
562.546887183249,412.229976470366,4.67371857752606
141.992116438129,282.490819832245,4.49869111192441
198.720521859554,371.519603675986,3.96942021828981
124.943385846802,409.847933200554,3.41620903351108
624.304278121791,314.518024595343,4.68318078749298
0.991437450173543,146.907023597234,4.3083272559097
548.107614447554,204.183112890962,4.15760632287739
36.1390555235873,491.66599731784,3.01828345580409
285.084167359557,21.8468353711213,3.73261339204482
536.777714978407,392.12719086324,3.34965507975222
69.0404179372528,75.9582793220884,5.26964770719083
1.89309155778519,75.6653414395593,3.42268843019898
586.373001045869,231.04389252349,4.11823823508103
435.802052774654,459.399195049468,4.81148837620659
658.159878944416,372.762253974062,2.80125528969748
105.453631076633,489.15410452358,4.32168478512666
628.092661840624,90.9114540940409,4.0930722510878
421.342812456645,258.829938168348,3.65584382158715
10.9740620826081,181.115156733719,3.284853573255
73.1228410794647,117.434529285266,4.34080955242723
606.670423603238,198.331581696083,4.02124216647375
245.123820674206,218.589812870338,3.75689237651256
567.095193512366,438.450660300568,3.83623807535383
300.754573516011,137.908088904107,3.85536836443628
535.060336482238,457.608553824602,3.84835393290111
52.5676090693564,405.897203716882,3.80728417504156
197.930863256391,280.407126247384,4.30925180891391
543.326688516037,255.412761245426,3.51672591964849
162.997285073223,22.7517433740376,4.18464616107676
495.67376466128,348.873371900556,4.5495483393351
35.0448036675421,57.8507549930928,3.88432989358614
531.304374281005,139.057714268368,4.69587291858753
NA,NA,NA
664.010352154064,331.343563445566,3.5021236151061
454.059982144819,297.930029862847,3.46764906895741
13.1704675350741,491.27885704232,3.59277099227518
562.238459887918,48.9179368231158,4.27964681111151
67.0150191784388,372.510104107366,3.93442559220309
230.300370507838,417.073833839062,3.90346529658445
426.775847125885,11.924440706606,3.35835897039393
361.468421551129,294.72367966959,3.22506448958461
605.448177444599,104.710989482125,4.17104700948326
386.849159548546,228.901365610671,4.07875737336287
562.546887183249,412.229976470366,4.67371857752606
141.992116438129,282.490819832245,4.49869111192441
198.720521859554,371.519603675986,3.96942021828981
124.943385846802,409.847933200554,3.41620903351108
624.304278121791,314.518024595343,4.68318078749298
0.991437450173543,146.907023597234,4.3083272559097
548.107614447554,204.183112890962,4.15760632287739
36.1390555235873,491.66599731784,3.01828345580409
285.084167359557,21.8468353711213,3.73261339204482
536.777714978407,392.12719086324,3.34965507975222
69.0404179372528,75.9582793220884,5.26964770719083
1.89309155778519,75.6653414395593,3.42268843019898
586.373001045869,231.04389252349,4.11823823508103
435.802052774654,459.399195049468,4.81148837620659
658.159878944416,372.762253974062,2.80125528969748
105.453631076633,489.15410452358,4.32168478512666
628.092661840624,90.9114540940409,4.0930722510878
421.342812456645,258.829938168348,3.65584382158715
10.9740620826081,181.115156733719,3.284853573255
73.1228410794647,117.434529285266,4.34080955242723
606.670423603238,198.331581696083,4.02124216647375
245.123820674206,218.589812870338,3.75689237651256
567.095193512366,438.450660300568,3.83623807535383
300.754573516011,137.908088904107,3.85536836443628
535.060336482238,457.608553824602,3.84835393290111
52.5676090693564,405.897203716882,3.80728417504156
197.930863256391,280.407126247384,4.30925180891391
543.326688516037,255.412761245426,3.51672591964849
162.997285073223,22.7517433740376,4.18464616107676
495.67376466128,348.873371900556,4.5495483393351
35.0448036675421,57.8507549930928,3.88432989358614
531.304374281005,139.057714268368,4.69587291858753
NA,NA,NA
664.010352154064,331.343563445566,3.5021236151061
454.059982144819,297.930029862847,3.46764906895741
13.1704675350741,491.27885704232,3.59277099227518
562.238459887918,48.9179368231158,4.27964681111151
67.0150191784388,372.510104107366,3.93442559220309
230.300370507838,417.073833839062,3.90346529658445
426.775847125885,11.924440706606,3.35835897039393
361.468421551129,294.72367966959,3.22506448958461
605.448177444599,104.710989482125,4.17104700948326
386.849159548546,228.901365610671,4.07875737336287
562.546887183249,412.229976470366,4.67371857752606
141.992116438129,282.490819832245,4.49869111192441
198.720521859554,371.519603675986,3.96942021828981
124.943385846802,409.847933200554,3.41620903351108
624.304278121791,314.518024595343,4.68318078749298
0.991437450173543,146.907023597234,4.3083272559097
548.107614447554,204.183112890962,4.15760632287739
36.1390555235873,491.66599731784,3.01828345580409
285.084167359557,21.8468353711213,3.73261339204482
536.777714978407,392.12719086324,3.34965507975222
69.0404179372528,75.9582793220884,5.26964770719083
1.89309155778519,75.6653414395593,3.42268843019898
586.373001045869,231.04389252349,4.11823823508103
435.802052774654,459.399195049468,4.81148837620659
658.159878944416,372.762253974062,2.80125528969748
105.453631076633,489.15410452358,4.32168478512666
628.092661840624,90.9114540940409,4.0930722510878
421.342812456645,258.829938168348,3.65584382158715
10.9740620826081,181.115156733719,3.284853573255
73.1228410794647,117.434529285266,4.34080955242723
606.670423603238,198.331581696083,4.02124216647375
245.123820674206,218.589812870338,3.75689237651256
567.095193512366,438.450660300568,3.83623807535383
300.754573516011,137.908088904107,3.85536836443628
535.060336482238,457.608553824602,3.84835393290111
52.5676090693564,405.897203716882,3.80728417504156
197.930863256391,280.407126247384,4.30925180891391
543.326688516037,255.412761245426,3.51672591964849
162.997285073223,22.7517433740376,4.18464616107676
495.67376466128,348.873371900556,4.5495483393351
35.0448036675421,57.8507549930928,3.88432989358614
531.304374281005,139.057714268368,4.69587291858753
NA,NA,NA
664.010352154064,331.343563445566,3.5021236151061
454.059982144819,297.930029862847,3.46764906895741
13.1704675350741,491.27885704232,3.59277099227518
562.238459887918,48.9179368231158,4.27964681111151
67.0150191784388,372.510104107366,3.93442559220309
230.300370507838,417.073833839062,3.90346529658445
426.775847125885,11.924440706606,3.35835897039393
361.468421551129,294.72367966959,3.22506448958461
605.448177444599,104.710989482125,4.17104700948326
386.849159548546,228.901365610671,4.07875737336287
562.546887183249,412.229976470366,4.67371857752606
141.992116438129,282.490819832245,4.49869111192441
198.720521859554,371.519603675986,3.96942021828981
124.943385846802,409.847933200554,3.41620903351108
624.304278121791,314.518024595343,4.68318078749298
0.991437450173543,146.907023597234,4.3083272559097
548.107614447554,204.183112890962,4.15760632287739
36.1390555235873,491.66599731784,3.01828345580409
285.084167359557,21.8468353711213,3.73261339204482
536.777714978407,392.12719086324,3.34965507975222
69.0404179372528,75.9582793220884,5.26964770719083
1.89309155778519,75.6653414395593,3.42268843019898
586.373001045869,231.04389252349,4.11823823508103
435.802052774654,459.399195049468,4.81148837620659
658.159878944416,372.762253974062,2.80125528969748
105.453631076633,489.15410452358,4.32168478512666
628.092661840624,90.9114540940409,4.0930722510878
421.342812456645,258.829938168348,3.65584382158715
10.9740620826081,181.115156733719,3.284853573255
73.1228410794647,117.434529285266,4.34080955242723
606.670423603238,198.331581696083,4.02124216647375
245.123820674206,218.589812870338,3.75689237651256
567.095193512366,438.450660300568,3.83623807535383
300.754573516011,137.908088904107,3.85536836443628
535.060336482238,457.608553824602,3.84835393290111
52.5676090693564,405.897203716882,3.80728417504156
197.930863256391,280.407126247384,4.30925180891391
543.326688516037,255.412761245426,3.51672591964849
162.997285073223,22.7517433740376,4.18464616107676
495.67376466128,348.873371900556,4.5495483393351
35.0448036675421,57.8507549930928,3.88432989358614
531.304374281005,139.057714268368,4.69587291858753
NA,NA,NA
662.400495308419,337.41006588963,3.52726525655339
456.462220914721,299.853592478033,3.71658741008573
10.3726537989892,491.996670732422,3.54039549163253
559.114736041298,50.7556085822259,4.08381802530387
64.4754882542052,378.409415415159,3.97452629845039
231.406236810904,415.573907086953,3.83924332332374
429.730297116232,12.0127405554382,3.25308158312618
360.393418085156,293.348939806773,2.90170812750659
606.957316032204,101.159103584034,4.28773740234063
388.793909771276,227.918534269075,4.14647598507151
569.220121772347,403.887384596626,4.72922348619577
141.505806065284,284.848891749054,4.42305338947871
201.520430139655,368.838616511428,3.97903150557693
124.04998623504,410.613367885263,3.5069064401891
625.855393496652,307.899821991796,4.60238294460398
-3.60963004961445,144.201784427469,4.31206905000913
543.309081082912,201.080578381544,4.32159018841628
34.1153014944516,491.675804441459,3.11359834976031
279.039597627285,19.6441646898452,3.90642456671537
532.208970854234,392.258466861967,3.40931163682673
68.7905612269294,84.7591807654437,5.19205548481383
5.17600022507919,76.8600186232728,3.46605098848836
592.571558274593,228.038394080663,4.05459532531424
443.680679120466,464.106983552328,4.7930155567
661.648275593224,375.295640257537,3.21056265163139
98.4797658448456,487.244252738878,4.32973227599684
621.23672647732,93.2008464659314,4.08363786530329
419.224512087935,260.364228235018,3.58712498664109
11.2420273356953,185.309358202635,3.16954228934933
63.4534641081887,125.382780247645,4.68773910733492
600.747925584592,204.375164856828,4.29947627429618
248.206941857924,221.052863166513,3.67647319404321
576.428054773173,426.620403379354,3.87736397591492
302.624519631933,139.405983533659,3.86310434444035
529.459117212742,457.687941510362,3.64565371518962
56.4533677253509,415.406238682387,3.64503250337249
197.557772175488,291.683671385383,4.04952577001487
559.071586128312,260.778928108158,4.09025774790774
167.171355168932,43.6846760105102,4.13999101559964
491.862845462622,341.488127937106,4.5038168923897
42.1889166689405,39.9326665646898,4.0506934897416
526.072736315279,148.674211968446,4.80178765589767
NA,NA,NA
662.400495308419,337.41006588963,3.52726525655339
456.462220914721,299.853592478033,3.71658741008573
10.3726537989892,491.996670732422,3.54039549163253
559.114736041298,50.7556085822259,4.08381802530387
64.4754882542052,378.409415415159,3.97452629845039
231.406236810904,415.573907086953,3.83924332332374
429.730297116232,12.0127405554382,3.25308158312618
360.393418085156,293.348939806773,2.90170812750659
606.957316032204,101.159103584034,4.28773740234063
388.793909771276,227.918534269075,4.14647598507151
569.220121772347,403.887384596626,4.72922348619577
141.505806065284,284.848891749054,4.42305338947871
201.520430139655,368.838616511428,3.97903150557693
124.04998623504,410.613367885263,3.5069064401891
625.855393496652,307.899821991796,4.60238294460398
-3.60963004961445,144.201784427469,4.31206905000913
543.309081082912,201.080578381544,4.32159018841628
34.1153014944516,491.675804441459,3.11359834976031
279.039597627285,19.6441646898452,3.90642456671537
532.208970854234,392.258466861967,3.40931163682673
68.7905612269294,84.7591807654437,5.19205548481383
5.17600022507919,76.8600186232728,3.46605098848836
592.571558274593,228.038394080663,4.05459532531424
443.680679120466,464.106983552328,4.7930155567
661.648275593224,375.295640257537,3.21056265163139
98.4797658448456,487.244252738878,4.32973227599684
621.23672647732,93.2008464659314,4.08363786530329
419.224512087935,260.364228235018,3.58712498664109
11.2420273356953,185.309358202635,3.16954228934933
63.4534641081887,125.382780247645,4.68773910733492
600.747925584592,204.375164856828,4.29947627429618
248.206941857924,221.052863166513,3.67647319404321
576.428054773173,426.620403379354,3.87736397591492
302.624519631933,139.405983533659,3.86310434444035
529.459117212742,457.687941510362,3.64565371518962
56.4533677253509,415.406238682387,3.64503250337249
197.557772175488,291.683671385383,4.04952577001487
559.071586128312,260.778928108158,4.09025774790774
167.171355168932,43.6846760105102,4.13999101559964
491.862845462622,341.488127937106,4.5038168923897
42.1889166689405,39.9326665646898,4.0506934897416
526.072736315279,148.674211968446,4.80178765589767
NA,NA,NA
662.400495308419,337.41006588963,3.52726525655339
456.462220914721,299.853592478033,3.71658741008573
10.3726537989892,491.996670732422,3.54039549163253
559.114736041298,50.7556085822259,4.08381802530387
64.4754882542052,378.409415415159,3.97452629845039
231.406236810904,415.573907086953,3.83924332332374
429.730297116232,12.0127405554382,3.25308158312618
360.393418085156,293.348939806773,2.90170812750659
606.957316032204,101.159103584034,4.28773740234063
388.793909771276,227.918534269075,4.14647598507151
569.220121772347,403.887384596626,4.72922348619577
141.505806065284,284.848891749054,4.42305338947871
201.520430139655,368.838616511428,3.97903150557693
124.04998623504,410.613367885263,3.5069064401891
625.855393496652,307.899821991796,4.60238294460398
-3.60963004961445,144.201784427469,4.31206905000913
543.309081082912,201.080578381544,4.32159018841628
34.1153014944516,491.675804441459,3.11359834976031
279.039597627285,19.6441646898452,3.90642456671537
532.208970854234,392.258466861967,3.40931163682673
68.7905612269294,84.7591807654437,5.19205548481383
5.17600022507919,76.8600186232728,3.46605098848836
592.571558274593,228.038394080663,4.05459532531424
443.680679120466,464.106983552328,4.7930155567
661.648275593224,375.295640257537,3.21056265163139
98.4797658448456,487.244252738878,4.32973227599684
621.23672647732,93.2008464659314,4.08363786530329
419.224512087935,260.364228235018,3.58712498664109
11.2420273356953,185.309358202635,3.16954228934933
63.4534641081887,125.382780247645,4.68773910733492
600.747925584592,204.375164856828,4.29947627429618
248.206941857924,221.052863166513,3.67647319404321
576.428054773173,426.620403379354,3.87736397591492
302.624519631933,139.405983533659,3.86310434444035
529.459117212742,457.687941510362,3.64565371518962
56.4533677253509,415.406238682387,3.64503250337249
197.557772175488,291.683671385383,4.04952577001487
559.071586128312,260.778928108158,4.09025774790774
167.171355168932,43.6846760105102,4.13999101559964
491.862845462622,341.488127937106,4.5038168923897
42.1889166689405,39.9326665646898,4.0506934897416
526.072736315279,148.674211968446,4.80178765589767
NA,NA,NA
662.400495308419,337.41006588963,3.52726525655339
456.462220914721,299.853592478033,3.71658741008573
10.3726537989892,491.996670732422,3.54039549163253
559.114736041298,50.7556085822259,4.08381802530387
64.4754882542052,378.409415415159,3.97452629845039
231.406236810904,415.573907086953,3.83924332332374
429.730297116232,12.0127405554382,3.25308158312618
360.393418085156,293.348939806773,2.90170812750659
606.957316032204,101.159103584034,4.28773740234063
388.793909771276,227.918534269075,4.14647598507151
569.220121772347,403.887384596626,4.72922348619577
141.505806065284,284.848891749054,4.42305338947871
201.520430139655,368.838616511428,3.97903150557693
124.04998623504,410.613367885263,3.5069064401891
625.855393496652,307.899821991796,4.60238294460398
-3.60963004961445,144.201784427469,4.31206905000913
543.309081082912,201.080578381544,4.32159018841628
34.1153014944516,491.675804441459,3.11359834976031
279.039597627285,19.6441646898452,3.90642456671537
532.208970854234,392.258466861967,3.40931163682673
68.7905612269294,84.7591807654437,5.19205548481383
5.17600022507919,76.8600186232728,3.46605098848836
592.571558274593,228.038394080663,4.05459532531424
443.680679120466,464.106983552328,4.7930155567
661.648275593224,375.295640257537,3.21056265163139
98.4797658448456,487.244252738878,4.32973227599684
621.23672647732,93.2008464659314,4.08363786530329
419.224512087935,260.364228235018,3.58712498664109
11.2420273356953,185.309358202635,3.16954228934933
63.4534641081887,125.382780247645,4.68773910733492
600.747925584592,204.375164856828,4.29947627429618
248.206941857924,221.052863166513,3.67647319404321
576.428054773173,426.620403379354,3.87736397591492
302.624519631933,139.405983533659,3.86310434444035
529.459117212742,457.687941510362,3.64565371518962
56.4533677253509,415.406238682387,3.64503250337249
197.557772175488,291.683671385383,4.04952577001487
559.071586128312,260.778928108158,4.09025774790774
167.171355168932,43.6846760105102,4.13999101559964
491.862845462622,341.488127937106,4.5038168923897
42.1889166689405,39.9326665646898,4.0506934897416
526.072736315279,148.674211968446,4.80178765589767
NA,NA,NA
662.400495308419,337.41006588963,3.52726525655339
456.462220914721,299.853592478033,3.71658741008573
10.3726537989892,491.996670732422,3.54039549163253
559.114736041298,50.7556085822259,4.08381802530387
64.4754882542052,378.409415415159,3.97452629845039
231.406236810904,415.573907086953,3.83924332332374
429.730297116232,12.0127405554382,3.25308158312618
360.393418085156,293.348939806773,2.90170812750659
606.957316032204,101.159103584034,4.28773740234063
388.793909771276,227.918534269075,4.14647598507151
569.220121772347,403.887384596626,4.72922348619577
141.505806065284,284.848891749054,4.42305338947871
201.520430139655,368.838616511428,3.97903150557693
124.04998623504,410.613367885263,3.5069064401891
625.855393496652,307.899821991796,4.60238294460398
-3.60963004961445,144.201784427469,4.31206905000913
543.309081082912,201.080578381544,4.32159018841628
34.1153014944516,491.675804441459,3.11359834976031
279.039597627285,19.6441646898452,3.90642456671537
532.208970854234,392.258466861967,3.40931163682673
68.7905612269294,84.7591807654437,5.19205548481383
5.17600022507919,76.8600186232728,3.46605098848836
592.571558274593,228.038394080663,4.05459532531424
443.680679120466,464.106983552328,4.7930155567
661.648275593224,375.295640257537,3.21056265163139
98.4797658448456,487.244252738878,4.32973227599684
621.23672647732,93.2008464659314,4.08363786530329
419.224512087935,260.364228235018,3.58712498664109
11.2420273356953,185.309358202635,3.16954228934933
63.4534641081887,125.382780247645,4.68773910733492
600.747925584592,204.375164856828,4.29947627429618
248.206941857924,221.052863166513,3.67647319404321
576.428054773173,426.620403379354,3.87736397591492
302.624519631933,139.405983533659,3.86310434444035
529.459117212742,457.687941510362,3.64565371518962
56.4533677253509,415.406238682387,3.64503250337249
197.557772175488,291.683671385383,4.04952577001487
559.071586128312,260.778928108158,4.09025774790774
167.171355168932,43.6846760105102,4.13999101559964
491.862845462622,341.488127937106,4.5038168923897
42.1889166689405,39.9326665646898,4.0506934897416
526.072736315279,148.674211968446,4.80178765589767
NA,NA,NA
662.400495308419,337.41006588963,3.52726525655339
456.462220914721,299.853592478033,3.71658741008573
10.3726537989892,491.996670732422,3.54039549163253
559.114736041298,50.7556085822259,4.08381802530387
64.4754882542052,378.409415415159,3.97452629845039
231.406236810904,415.573907086953,3.83924332332374
429.730297116232,12.0127405554382,3.25308158312618
360.393418085156,293.348939806773,2.90170812750659
606.957316032204,101.159103584034,4.28773740234063
388.793909771276,227.918534269075,4.14647598507151
569.220121772347,403.887384596626,4.72922348619577
141.505806065284,284.848891749054,4.42305338947871
201.520430139655,368.838616511428,3.97903150557693
124.04998623504,410.613367885263,3.5069064401891
625.855393496652,307.899821991796,4.60238294460398
-3.60963004961445,144.201784427469,4.31206905000913
543.309081082912,201.080578381544,4.32159018841628
34.1153014944516,491.675804441459,3.11359834976031
279.039597627285,19.6441646898452,3.90642456671537
532.208970854234,392.258466861967,3.40931163682673
68.7905612269294,84.7591807654437,5.19205548481383
5.17600022507919,76.8600186232728,3.46605098848836
592.571558274593,228.038394080663,4.05459532531424
443.680679120466,464.106983552328,4.7930155567
661.648275593224,375.295640257537,3.21056265163139
98.4797658448456,487.244252738878,4.32973227599684
621.23672647732,93.2008464659314,4.08363786530329
419.224512087935,260.364228235018,3.58712498664109
11.2420273356953,185.309358202635,3.16954228934933
63.4534641081887,125.382780247645,4.68773910733492
600.747925584592,204.375164856828,4.29947627429618
248.206941857924,221.052863166513,3.67647319404321
576.428054773173,426.620403379354,3.87736397591492
302.624519631933,139.405983533659,3.86310434444035
529.459117212742,457.687941510362,3.64565371518962
56.4533677253509,415.406238682387,3.64503250337249
197.557772175488,291.683671385383,4.04952577001487
559.071586128312,260.778928108158,4.09025774790774
167.171355168932,43.6846760105102,4.13999101559964
491.862845462622,341.488127937106,4.5038168923897
42.1889166689405,39.9326665646898,4.0506934897416
526.072736315279,148.674211968446,4.80178765589767
NA,NA,NA
662.249372933334,333.383795574227,3.54582151773212
454.659809677319,300.075471281217,3.91862897123971
8.56385781727336,494.818319557789,3.64331675968398
562.107569149707,51.908925900007,4.13459667313654
71.2410813672353,375.612078771366,4.01841095238521
228.324571184795,409.981198158525,3.86352478815585
431.262735180311,10.7561009546909,3.3862770642133
361.198415772865,294.137008950185,3.15200558004492
602.422893657557,100.443792904052,4.2625191736326
394.531132463388,235.045327045588,4.21625827127322
570.560375832013,419.040549492473,4.71204649336493
137.208649111821,282.924592382505,4.57473669974838
196.638500303557,375.96675441499,3.98236254774679
125.022946632185,412.582433743023,3.328379623131
625.774264121914,310.19275109648,4.51702330831937
2.32274655460453,143.863436809896,4.19734251541418
543.750946655122,203.77548281149,4.21418268471738
33.0139863962683,489.942247902709,2.93079552676884
278.418906531578,22.2874457730156,3.90475116473329
532.313262195599,393.729070802615,3.19935146852462
69.9066251443671,86.2501792983655,5.21387561554637
4.08266797587091,82.222049206669,3.39544499391463
587.396900191206,228.314096780632,4.01157233698733
438.74197643246,455.928244327849,4.7539371511998
657.685653317448,372.947780259739,3.04425239866878
103.088913765461,485.725737864875,4.30001856984614
624.771055875851,87.2674136859111,4.09441843481527
418.706404878742,260.694038948671,3.60369871003187
12.7108789084534,182.462046079017,3.20003167596985
74.4252946547153,110.678600525109,4.47292875145125
602.580861803309,211.624053937225,4.43513170895815
245.51682570173,226.948678091444,3.80399065471758
573.349217591875,430.710090064085,4.03023469288051
296.257348169598,139.156572476737,3.99836782089912
526.592902761334,451.192131192708,3.6575399093401
39.36558704327,420.501710309529,3.69749453277904
196.541911774053,296.953965907887,3.76525552021348
561.41362039793,264.9207190462,3.75033769584802
175.465159916096,44.2590381467057,4.25310291039364
512.623279375165,351.5206120378,4.39717021270344
36.7863821170725,52.4631605955399,3.67567307245856
534.154222852487,142.444647618711,4.69736674184987
NA,NA,NA
662.249372933334,333.383795574227,3.54582151773212
454.659809677319,300.075471281217,3.91862897123971
8.56385781727336,494.818319557789,3.64331675968398
562.107569149707,51.908925900007,4.13459667313654
71.2410813672353,375.612078771366,4.01841095238521
228.324571184795,409.981198158525,3.86352478815585
431.262735180311,10.7561009546909,3.3862770642133
361.198415772865,294.137008950185,3.15200558004492
602.422893657557,100.443792904052,4.2625191736326
394.531132463388,235.045327045588,4.21625827127322
570.560375832013,419.040549492473,4.71204649336493
137.208649111821,282.924592382505,4.57473669974838
196.638500303557,375.96675441499,3.98236254774679
125.022946632185,412.582433743023,3.328379623131
625.774264121914,310.19275109648,4.51702330831937
2.32274655460453,143.863436809896,4.19734251541418
543.750946655122,203.77548281149,4.21418268471738
33.0139863962683,489.942247902709,2.93079552676884
278.418906531578,22.2874457730156,3.90475116473329
532.313262195599,393.729070802615,3.19935146852462
69.9066251443671,86.2501792983655,5.21387561554637
4.08266797587091,82.222049206669,3.39544499391463
587.396900191206,228.314096780632,4.01157233698733
438.74197643246,455.928244327849,4.7539371511998
657.685653317448,372.947780259739,3.04425239866878
103.088913765461,485.725737864875,4.30001856984614
624.771055875851,87.2674136859111,4.09441843481527
418.706404878742,260.694038948671,3.60369871003187
12.7108789084534,182.462046079017,3.20003167596985
74.4252946547153,110.678600525109,4.47292875145125
602.580861803309,211.624053937225,4.43513170895815
245.51682570173,226.948678091444,3.80399065471758
573.349217591875,430.710090064085,4.03023469288051
296.257348169598,139.156572476737,3.99836782089912
526.592902761334,451.192131192708,3.6575399093401
39.36558704327,420.501710309529,3.69749453277904
196.541911774053,296.953965907887,3.76525552021348
561.41362039793,264.9207190462,3.75033769584802
175.465159916096,44.2590381467057,4.25310291039364
512.623279375165,351.5206120378,4.39717021270344
36.7863821170725,52.4631605955399,3.67567307245856
534.154222852487,142.444647618711,4.69736674184987
NA,NA,NA
662.249372933334,333.383795574227,3.54582151773212
454.659809677319,300.075471281217,3.91862897123971
8.56385781727336,494.818319557789,3.64331675968398
562.107569149707,51.908925900007,4.13459667313654
71.2410813672353,375.612078771366,4.01841095238521
228.324571184795,409.981198158525,3.86352478815585
431.262735180311,10.7561009546909,3.3862770642133
361.198415772865,294.137008950185,3.15200558004492
602.422893657557,100.443792904052,4.2625191736326
394.531132463388,235.045327045588,4.21625827127322
570.560375832013,419.040549492473,4.71204649336493
137.208649111821,282.924592382505,4.57473669974838
196.638500303557,375.96675441499,3.98236254774679
125.022946632185,412.582433743023,3.328379623131
625.774264121914,310.19275109648,4.51702330831937
2.32274655460453,143.863436809896,4.19734251541418
543.750946655122,203.77548281149,4.21418268471738
33.0139863962683,489.942247902709,2.93079552676884
278.418906531578,22.2874457730156,3.90475116473329
532.313262195599,393.729070802615,3.19935146852462
69.9066251443671,86.2501792983655,5.21387561554637
4.08266797587091,82.222049206669,3.39544499391463
587.396900191206,228.314096780632,4.01157233698733
438.74197643246,455.928244327849,4.7539371511998
657.685653317448,372.947780259739,3.04425239866878
103.088913765461,485.725737864875,4.30001856984614
624.771055875851,87.2674136859111,4.09441843481527
418.706404878742,260.694038948671,3.60369871003187
12.7108789084534,182.462046079017,3.20003167596985
74.4252946547153,110.678600525109,4.47292875145125
602.580861803309,211.624053937225,4.43513170895815
245.51682570173,226.948678091444,3.80399065471758
573.349217591875,430.710090064085,4.03023469288051
296.257348169598,139.156572476737,3.99836782089912
526.592902761334,451.192131192708,3.6575399093401
39.36558704327,420.501710309529,3.69749453277904
196.541911774053,296.953965907887,3.76525552021348
561.41362039793,264.9207190462,3.75033769584802
175.465159916096,44.2590381467057,4.25310291039364
512.623279375165,351.5206120378,4.39717021270344
36.7863821170725,52.4631605955399,3.67567307245856
534.154222852487,142.444647618711,4.69736674184987
NA,NA,NA
662.249372933334,333.383795574227,3.54582151773212
454.659809677319,300.075471281217,3.91862897123971
8.56385781727336,494.818319557789,3.64331675968398
562.107569149707,51.908925900007,4.13459667313654
71.2410813672353,375.612078771366,4.01841095238521
228.324571184795,409.981198158525,3.86352478815585
431.262735180311,10.7561009546909,3.3862770642133
361.198415772865,294.137008950185,3.15200558004492
602.422893657557,100.443792904052,4.2625191736326
394.531132463388,235.045327045588,4.21625827127322
570.560375832013,419.040549492473,4.71204649336493
137.208649111821,282.924592382505,4.57473669974838
196.638500303557,375.96675441499,3.98236254774679
125.022946632185,412.582433743023,3.328379623131
625.774264121914,310.19275109648,4.51702330831937
2.32274655460453,143.863436809896,4.19734251541418
543.750946655122,203.77548281149,4.21418268471738
33.0139863962683,489.942247902709,2.93079552676884
278.418906531578,22.2874457730156,3.90475116473329
532.313262195599,393.729070802615,3.19935146852462
69.9066251443671,86.2501792983655,5.21387561554637
4.08266797587091,82.222049206669,3.39544499391463
587.396900191206,228.314096780632,4.01157233698733
438.74197643246,455.928244327849,4.7539371511998
657.685653317448,372.947780259739,3.04425239866878
103.088913765461,485.725737864875,4.30001856984614
624.771055875851,87.2674136859111,4.09441843481527
418.706404878742,260.694038948671,3.60369871003187
12.7108789084534,182.462046079017,3.20003167596985
74.4252946547153,110.678600525109,4.47292875145125
602.580861803309,211.624053937225,4.43513170895815
245.51682570173,226.948678091444,3.80399065471758
573.349217591875,430.710090064085,4.03023469288051
296.257348169598,139.156572476737,3.99836782089912
526.592902761334,451.192131192708,3.6575399093401
39.36558704327,420.501710309529,3.69749453277904
196.541911774053,296.953965907887,3.76525552021348
561.41362039793,264.9207190462,3.75033769584802
175.465159916096,44.2590381467057,4.25310291039364
512.623279375165,351.5206120378,4.39717021270344
36.7863821170725,52.4631605955399,3.67567307245856
534.154222852487,142.444647618711,4.69736674184987
NA,NA,NA
662.249372933334,333.383795574227,3.54582151773212
454.659809677319,300.075471281217,3.91862897123971
8.56385781727336,494.818319557789,3.64331675968398
562.107569149707,51.908925900007,4.13459667313654
71.2410813672353,375.612078771366,4.01841095238521
228.324571184795,409.981198158525,3.86352478815585
431.262735180311,10.7561009546909,3.3862770642133
361.198415772865,294.137008950185,3.15200558004492
602.422893657557,100.443792904052,4.2625191736326
394.531132463388,235.045327045588,4.21625827127322
570.560375832013,419.040549492473,4.71204649336493
137.208649111821,282.924592382505,4.57473669974838
196.638500303557,375.96675441499,3.98236254774679
125.022946632185,412.582433743023,3.328379623131
625.774264121914,310.19275109648,4.51702330831937
2.32274655460453,143.863436809896,4.19734251541418
543.750946655122,203.77548281149,4.21418268471738
33.0139863962683,489.942247902709,2.93079552676884
278.418906531578,22.2874457730156,3.90475116473329
532.313262195599,393.729070802615,3.19935146852462
69.9066251443671,86.2501792983655,5.21387561554637
4.08266797587091,82.222049206669,3.39544499391463
587.396900191206,228.314096780632,4.01157233698733
438.74197643246,455.928244327849,4.7539371511998
657.685653317448,372.947780259739,3.04425239866878
103.088913765461,485.725737864875,4.30001856984614
624.771055875851,87.2674136859111,4.09441843481527
418.706404878742,260.694038948671,3.60369871003187
12.7108789084534,182.462046079017,3.20003167596985
74.4252946547153,110.678600525109,4.47292875145125
602.580861803309,211.624053937225,4.43513170895815
245.51682570173,226.948678091444,3.80399065471758
573.349217591875,430.710090064085,4.03023469288051
296.257348169598,139.156572476737,3.99836782089912
526.592902761334,451.192131192708,3.6575399093401
39.36558704327,420.501710309529,3.69749453277904
196.541911774053,296.953965907887,3.76525552021348
561.41362039793,264.9207190462,3.75033769584802
175.465159916096,44.2590381467057,4.25310291039364
512.623279375165,351.5206120378,4.39717021270344
36.7863821170725,52.4631605955399,3.67567307245856
534.154222852487,142.444647618711,4.69736674184987
NA,NA,NA
662.249372933334,333.383795574227,3.54582151773212
454.659809677319,300.075471281217,3.91862897123971
8.56385781727336,494.818319557789,3.64331675968398
562.107569149707,51.908925900007,4.13459667313654
71.2410813672353,375.612078771366,4.01841095238521
228.324571184795,409.981198158525,3.86352478815585
431.262735180311,10.7561009546909,3.3862770642133
361.198415772865,294.137008950185,3.15200558004492
602.422893657557,100.443792904052,4.2625191736326
394.531132463388,235.045327045588,4.21625827127322
570.560375832013,419.040549492473,4.71204649336493
137.208649111821,282.924592382505,4.57473669974838
196.638500303557,375.96675441499,3.98236254774679
125.022946632185,412.582433743023,3.328379623131
625.774264121914,310.19275109648,4.51702330831937
2.32274655460453,143.863436809896,4.19734251541418
543.750946655122,203.77548281149,4.21418268471738
33.0139863962683,489.942247902709,2.93079552676884
278.418906531578,22.2874457730156,3.90475116473329
532.313262195599,393.729070802615,3.19935146852462
69.9066251443671,86.2501792983655,5.21387561554637
4.08266797587091,82.222049206669,3.39544499391463
587.396900191206,228.314096780632,4.01157233698733
438.74197643246,455.928244327849,4.7539371511998
657.685653317448,372.947780259739,3.04425239866878
103.088913765461,485.725737864875,4.30001856984614
624.771055875851,87.2674136859111,4.09441843481527
418.706404878742,260.694038948671,3.60369871003187
12.7108789084534,182.462046079017,3.20003167596985
74.4252946547153,110.678600525109,4.47292875145125
602.580861803309,211.624053937225,4.43513170895815
245.51682570173,226.948678091444,3.80399065471758
573.349217591875,430.710090064085,4.03023469288051
296.257348169598,139.156572476737,3.99836782089912
526.592902761334,451.192131192708,3.6575399093401
39.36558704327,420.501710309529,3.69749453277904
196.541911774053,296.953965907887,3.76525552021348
561.41362039793,264.9207190462,3.75033769584802
175.465159916096,44.2590381467057,4.25310291039364
512.623279375165,351.5206120378,4.39717021270344
36.7863821170725,52.4631605955399,3.67567307245856
534.154222852487,142.444647618711,4.69736674184987
NA,NA,NA
658.781899966984,334.765863950349,3.463146923408
457.655412744196,299.421165497788,3.69468671516895
13.691226566476,495.587247329451,3.48396582781859
557.449627968588,50.5317714044013,4.18357983376686
71.9082769101815,374.285420615856,4.00083612074859
233.633838986013,410.548052824297,3.85555914777958
425.016677254379,12.6107942959405,3.35108603556808
360.714508802753,292.653148754397,3.07294186153292
605.960069543874,105.421207029611,4.21024803225881
396.304347881256,226.332815945048,4.25323156013179
579.873683458876,403.474002804375,4.75218646819376
143.67304834861,279.979203351856,4.60958060646
196.776370464751,367.574517472447,4.06856617144905
123.575879034886,413.744501866576,3.35171798441095
627.162364862597,315.364454898283,4.48466871293328
2.98398492321668,149.526836717809,4.24414362462026
540.971056091852,201.81832867556,4.09323355269646
33.4522887146544,490.487784757262,2.86905013211859
283.981347500718,29.0492278133411,3.9326482023064
534.632674460486,395.568657596114,3.406373921174
69.2324642074473,80.9681379011539,5.19310645408906
5.71871739850414,75.0180233154943,3.72355747804191
588.94994775104,227.399358477155,4.06665403961954
433.057193240335,457.488943567009,4.89866887837256
657.8327988848,375.012069982589,3.08496305000589
107.80776340753,490.915648661767,4.34388063278265
623.084245378507,88.1500657716495,4.0996231632871
417.933717627193,259.13902107916,3.60358647833781
13.0020532443826,183.098636988713,3.1853756520382
67.0211026727819,121.206211440021,4.46827218700078
619.883730925966,199.03562160274,4.47777721105027
251.551569036717,217.279407107524,4.01660311327804
572.46516742265,431.553604865897,3.58630402758828
294.376428126186,130.45638782555,4.12990900631624
524.205485487664,457.936827988849,3.66071004971512
51.8971009945028,424.297473562127,3.94134567441775
196.8221829278,271.769382391699,3.93352531624076
535.86873698568,262.978960790875,3.67866360576086
175.783401742654,22.2285355442215,4.26147807745474
503.426611626317,331.828544553345,4.42984767885083
36.0545001904066,41.3282325450622,3.79727850073454
541.434479299693,152.047492408152,4.42321912493538
NA,NA,NA
658.781899966984,334.765863950349,3.463146923408
457.655412744196,299.421165497788,3.69468671516895
13.691226566476,495.587247329451,3.48396582781859
557.449627968588,50.5317714044013,4.18357983376686
71.9082769101815,374.285420615856,4.00083612074859
233.633838986013,410.548052824297,3.85555914777958
425.016677254379,12.6107942959405,3.35108603556808
360.714508802753,292.653148754397,3.07294186153292
605.960069543874,105.421207029611,4.21024803225881
396.304347881256,226.332815945048,4.25323156013179
579.873683458876,403.474002804375,4.75218646819376
143.67304834861,279.979203351856,4.60958060646
196.776370464751,367.574517472447,4.06856617144905
123.575879034886,413.744501866576,3.35171798441095
627.162364862597,315.364454898283,4.48466871293328
2.98398492321668,149.526836717809,4.24414362462026
540.971056091852,201.81832867556,4.09323355269646
33.4522887146544,490.487784757262,2.86905013211859
283.981347500718,29.0492278133411,3.9326482023064
534.632674460486,395.568657596114,3.406373921174
69.2324642074473,80.9681379011539,5.19310645408906
5.71871739850414,75.0180233154943,3.72355747804191
588.94994775104,227.399358477155,4.06665403961954
433.057193240335,457.488943567009,4.89866887837256
657.8327988848,375.012069982589,3.08496305000589
107.80776340753,490.915648661767,4.34388063278265
623.084245378507,88.1500657716495,4.0996231632871
417.933717627193,259.13902107916,3.60358647833781
13.0020532443826,183.098636988713,3.1853756520382
67.0211026727819,121.206211440021,4.46827218700078
619.883730925966,199.03562160274,4.47777721105027
251.551569036717,217.279407107524,4.01660311327804
572.46516742265,431.553604865897,3.58630402758828
294.376428126186,130.45638782555,4.12990900631624
524.205485487664,457.936827988849,3.66071004971512
51.8971009945028,424.297473562127,3.94134567441775
196.8221829278,271.769382391699,3.93352531624076
535.86873698568,262.978960790875,3.67866360576086
175.783401742654,22.2285355442215,4.26147807745474
503.426611626317,331.828544553345,4.42984767885083
36.0545001904066,41.3282325450622,3.79727850073454
541.434479299693,152.047492408152,4.42321912493538
NA,NA,NA
658.781899966984,334.765863950349,3.463146923408
457.655412744196,299.421165497788,3.69468671516895
13.691226566476,495.587247329451,3.48396582781859
557.449627968588,50.5317714044013,4.18357983376686
71.9082769101815,374.285420615856,4.00083612074859
233.633838986013,410.548052824297,3.85555914777958
425.016677254379,12.6107942959405,3.35108603556808
360.714508802753,292.653148754397,3.07294186153292
605.960069543874,105.421207029611,4.21024803225881
396.304347881256,226.332815945048,4.25323156013179
579.873683458876,403.474002804375,4.75218646819376
143.67304834861,279.979203351856,4.60958060646
196.776370464751,367.574517472447,4.06856617144905
123.575879034886,413.744501866576,3.35171798441095
627.162364862597,315.364454898283,4.48466871293328
2.98398492321668,149.526836717809,4.24414362462026
540.971056091852,201.81832867556,4.09323355269646
33.4522887146544,490.487784757262,2.86905013211859
283.981347500718,29.0492278133411,3.9326482023064
534.632674460486,395.568657596114,3.406373921174
69.2324642074473,80.9681379011539,5.19310645408906
5.71871739850414,75.0180233154943,3.72355747804191
588.94994775104,227.399358477155,4.06665403961954
433.057193240335,457.488943567009,4.89866887837256
657.8327988848,375.012069982589,3.08496305000589
107.80776340753,490.915648661767,4.34388063278265
623.084245378507,88.1500657716495,4.0996231632871
417.933717627193,259.13902107916,3.60358647833781
13.0020532443826,183.098636988713,3.1853756520382
67.0211026727819,121.206211440021,4.46827218700078
619.883730925966,199.03562160274,4.47777721105027
251.551569036717,217.279407107524,4.01660311327804
572.46516742265,431.553604865897,3.58630402758828
294.376428126186,130.45638782555,4.12990900631624
524.205485487664,457.936827988849,3.66071004971512
51.8971009945028,424.297473562127,3.94134567441775
196.8221829278,271.769382391699,3.93352531624076
535.86873698568,262.978960790875,3.67866360576086
175.783401742654,22.2285355442215,4.26147807745474
503.426611626317,331.828544553345,4.42984767885083
36.0545001904066,41.3282325450622,3.79727850073454
541.434479299693,152.047492408152,4.42321912493538
NA,NA,NA
658.781899966984,334.765863950349,3.463146923408
457.655412744196,299.421165497788,3.69468671516895
13.691226566476,495.587247329451,3.48396582781859
557.449627968588,50.5317714044013,4.18357983376686
71.9082769101815,374.285420615856,4.00083612074859
233.633838986013,410.548052824297,3.85555914777958
425.016677254379,12.6107942959405,3.35108603556808
360.714508802753,292.653148754397,3.07294186153292
605.960069543874,105.421207029611,4.21024803225881
396.304347881256,226.332815945048,4.25323156013179
579.873683458876,403.474002804375,4.75218646819376
143.67304834861,279.979203351856,4.60958060646
196.776370464751,367.574517472447,4.06856617144905
123.575879034886,413.744501866576,3.35171798441095
627.162364862597,315.364454898283,4.48466871293328
2.98398492321668,149.526836717809,4.24414362462026
540.971056091852,201.81832867556,4.09323355269646
33.4522887146544,490.487784757262,2.86905013211859
283.981347500718,29.0492278133411,3.9326482023064
534.632674460486,395.568657596114,3.406373921174
69.2324642074473,80.9681379011539,5.19310645408906
5.71871739850414,75.0180233154943,3.72355747804191
588.94994775104,227.399358477155,4.06665403961954
433.057193240335,457.488943567009,4.89866887837256
657.8327988848,375.012069982589,3.08496305000589
107.80776340753,490.915648661767,4.34388063278265
623.084245378507,88.1500657716495,4.0996231632871
417.933717627193,259.13902107916,3.60358647833781
13.0020532443826,183.098636988713,3.1853756520382
67.0211026727819,121.206211440021,4.46827218700078
619.883730925966,199.03562160274,4.47777721105027
251.551569036717,217.279407107524,4.01660311327804
572.46516742265,431.553604865897,3.58630402758828
294.376428126186,130.45638782555,4.12990900631624
524.205485487664,457.936827988849,3.66071004971512
51.8971009945028,424.297473562127,3.94134567441775
196.8221829278,271.769382391699,3.93352531624076
535.86873698568,262.978960790875,3.67866360576086
175.783401742654,22.2285355442215,4.26147807745474
503.426611626317,331.828544553345,4.42984767885083
36.0545001904066,41.3282325450622,3.79727850073454
541.434479299693,152.047492408152,4.42321912493538
NA,NA,NA
658.781899966984,334.765863950349,3.463146923408
457.655412744196,299.421165497788,3.69468671516895
13.691226566476,495.587247329451,3.48396582781859
557.449627968588,50.5317714044013,4.18357983376686
71.9082769101815,374.285420615856,4.00083612074859
233.633838986013,410.548052824297,3.85555914777958
425.016677254379,12.6107942959405,3.35108603556808
360.714508802753,292.653148754397,3.07294186153292
605.960069543874,105.421207029611,4.21024803225881
396.304347881256,226.332815945048,4.25323156013179
579.873683458876,403.474002804375,4.75218646819376
143.67304834861,279.979203351856,4.60958060646
196.776370464751,367.574517472447,4.06856617144905
123.575879034886,413.744501866576,3.35171798441095
627.162364862597,315.364454898283,4.48466871293328
2.98398492321668,149.526836717809,4.24414362462026
540.971056091852,201.81832867556,4.09323355269646
33.4522887146544,490.487784757262,2.86905013211859
283.981347500718,29.0492278133411,3.9326482023064
534.632674460486,395.568657596114,3.406373921174
69.2324642074473,80.9681379011539,5.19310645408906
5.71871739850414,75.0180233154943,3.72355747804191
588.94994775104,227.399358477155,4.06665403961954
433.057193240335,457.488943567009,4.89866887837256
657.8327988848,375.012069982589,3.08496305000589
107.80776340753,490.915648661767,4.34388063278265
623.084245378507,88.1500657716495,4.0996231632871
417.933717627193,259.13902107916,3.60358647833781
13.0020532443826,183.098636988713,3.1853756520382
67.0211026727819,121.206211440021,4.46827218700078
619.883730925966,199.03562160274,4.47777721105027
251.551569036717,217.279407107524,4.01660311327804
572.46516742265,431.553604865897,3.58630402758828
294.376428126186,130.45638782555,4.12990900631624
524.205485487664,457.936827988849,3.66071004971512
51.8971009945028,424.297473562127,3.94134567441775
196.8221829278,271.769382391699,3.93352531624076
535.86873698568,262.978960790875,3.67866360576086
175.783401742654,22.2285355442215,4.26147807745474
503.426611626317,331.828544553345,4.42984767885083
36.0545001904066,41.3282325450622,3.79727850073454
541.434479299693,152.047492408152,4.42321912493538
NA,NA,NA
658.781899966984,334.765863950349,3.463146923408
457.655412744196,299.421165497788,3.69468671516895
13.691226566476,495.587247329451,3.48396582781859
557.449627968588,50.5317714044013,4.18357983376686
71.9082769101815,374.285420615856,4.00083612074859
233.633838986013,410.548052824297,3.85555914777958
425.016677254379,12.6107942959405,3.35108603556808
360.714508802753,292.653148754397,3.07294186153292
605.960069543874,105.421207029611,4.21024803225881
396.304347881256,226.332815945048,4.25323156013179
579.873683458876,403.474002804375,4.75218646819376
143.67304834861,279.979203351856,4.60958060646
196.776370464751,367.574517472447,4.06856617144905
123.575879034886,413.744501866576,3.35171798441095
627.162364862597,315.364454898283,4.48466871293328
2.98398492321668,149.526836717809,4.24414362462026
540.971056091852,201.81832867556,4.09323355269646
33.4522887146544,490.487784757262,2.86905013211859
283.981347500718,29.0492278133411,3.9326482023064
534.632674460486,395.568657596114,3.406373921174
69.2324642074473,80.9681379011539,5.19310645408906
5.71871739850414,75.0180233154943,3.72355747804191
588.94994775104,227.399358477155,4.06665403961954
433.057193240335,457.488943567009,4.89866887837256
657.8327988848,375.012069982589,3.08496305000589
107.80776340753,490.915648661767,4.34388063278265
623.084245378507,88.1500657716495,4.0996231632871
417.933717627193,259.13902107916,3.60358647833781
13.0020532443826,183.098636988713,3.1853756520382
67.0211026727819,121.206211440021,4.46827218700078
619.883730925966,199.03562160274,4.47777721105027
251.551569036717,217.279407107524,4.01660311327804
572.46516742265,431.553604865897,3.58630402758828
294.376428126186,130.45638782555,4.12990900631624
524.205485487664,457.936827988849,3.66071004971512
51.8971009945028,424.297473562127,3.94134567441775
196.8221829278,271.769382391699,3.93352531624076
535.86873698568,262.978960790875,3.67866360576086
175.783401742654,22.2285355442215,4.26147807745474
503.426611626317,331.828544553345,4.42984767885083
36.0545001904066,41.3282325450622,3.79727850073454
541.434479299693,152.047492408152,4.42321912493538
NA,NA,NA
658.958165022443,332.404801906149,3.361493053535
454.253879753525,302.337969876128,3.45345304377791
9.93057157184541,495.454273268916,3.63901654057348
561.265819342705,49.8304585522131,4.24808529548766
69.4799128660896,379.090507208024,3.97056166137816
225.97244011935,416.665805547293,3.82082370751925
427.17528094672,10.6280007549099,3.37303313072943
362.680793531333,294.698858760504,3.03018859105496
608.676132838951,105.149911795953,4.16251686788195
393.282748674415,235.667395722089,4.29485462633149
571.245783378611,409.258639908906,4.71167227587444
133.791019564994,288.766838709613,4.64644403552045
197.906660145031,370.245221389177,4.03659714543958
126.658810181884,410.556286630767,3.5080103316223
633.202951936275,308.774283772683,4.571218225067
0.0781312461079604,147.76458703334,4.35943324098211
544.446198070695,201.070800337745,4.2785996667885
34.9510909718992,491.535819778506,2.9797633535389
282.584482989957,22.5250319322185,3.78110414989716
535.030000598175,392.961521403278,3.26157235701846
71.4739826188945,77.0881657610414,5.1647849988161
5.27661296260336,79.3456225577103,3.49989862950329
588.064689459502,229.729543011826,3.99487105547448
438.770070025819,454.573353705599,4.67316230343801
659.873017850466,375.034275645316,3.01662458013517
105.448101807375,485.509840464355,4.37448491866885
618.68575137291,92.0793012263732,4.10933568620232
418.073773536461,258.60869993241,3.68284774546515
13.1971559187181,182.707505680582,3.21520359378833
57.6717942858905,122.32976600456,4.58018397438428
619.378777735947,195.589468984005,4.09721405681699
250.851823101522,216.165630730464,3.58974423980877
582.74368890482,440.725264032199,3.96574721006727
295.157763041206,138.848600625199,4.05511899867694
531.082059992474,461.441953381153,3.72844048101165
46.3191323757597,426.199469312353,3.67243866999708
191.682851758467,285.010221120513,4.19037492733249
550.942636895565,266.355560232256,3.63176769962668
182.236409667468,36.3082048095012,4.38512236679604
506.402452605785,355.348552266648,4.71646113214201
42.8974584843589,50.9332715669381,3.33445385757588
549.786796518084,133.017974414233,4.90339390977168
NA,NA,NA
658.958165022443,332.404801906149,3.361493053535
454.253879753525,302.337969876128,3.45345304377791
9.93057157184541,495.454273268916,3.63901654057348
561.265819342705,49.8304585522131,4.24808529548766
69.4799128660896,379.090507208024,3.97056166137816
225.97244011935,416.665805547293,3.82082370751925
427.17528094672,10.6280007549099,3.37303313072943
362.680793531333,294.698858760504,3.03018859105496
608.676132838951,105.149911795953,4.16251686788195
393.282748674415,235.667395722089,4.29485462633149
571.245783378611,409.258639908906,4.71167227587444
133.791019564994,288.766838709613,4.64644403552045
197.906660145031,370.245221389177,4.03659714543958
126.658810181884,410.556286630767,3.5080103316223
633.202951936275,308.774283772683,4.571218225067
0.0781312461079604,147.76458703334,4.35943324098211
544.446198070695,201.070800337745,4.2785996667885
34.9510909718992,491.535819778506,2.9797633535389
282.584482989957,22.5250319322185,3.78110414989716
535.030000598175,392.961521403278,3.26157235701846
71.4739826188945,77.0881657610414,5.1647849988161
5.27661296260336,79.3456225577103,3.49989862950329
588.064689459502,229.729543011826,3.99487105547448
438.770070025819,454.573353705599,4.67316230343801
659.873017850466,375.034275645316,3.01662458013517
105.448101807375,485.509840464355,4.37448491866885
618.68575137291,92.0793012263732,4.10933568620232
418.073773536461,258.60869993241,3.68284774546515
13.1971559187181,182.707505680582,3.21520359378833
57.6717942858905,122.32976600456,4.58018397438428
619.378777735947,195.589468984005,4.09721405681699
250.851823101522,216.165630730464,3.58974423980877
582.74368890482,440.725264032199,3.96574721006727
295.157763041206,138.848600625199,4.05511899867694
531.082059992474,461.441953381153,3.72844048101165
46.3191323757597,426.199469312353,3.67243866999708
191.682851758467,285.010221120513,4.19037492733249
550.942636895565,266.355560232256,3.63176769962668
182.236409667468,36.3082048095012,4.38512236679604
506.402452605785,355.348552266648,4.71646113214201
42.8974584843589,50.9332715669381,3.33445385757588
549.786796518084,133.017974414233,4.90339390977168
NA,NA,NA
658.958165022443,332.404801906149,3.361493053535
454.253879753525,302.337969876128,3.45345304377791
9.93057157184541,495.454273268916,3.63901654057348
561.265819342705,49.8304585522131,4.24808529548766
69.4799128660896,379.090507208024,3.97056166137816
225.97244011935,416.665805547293,3.82082370751925
427.17528094672,10.6280007549099,3.37303313072943
362.680793531333,294.698858760504,3.03018859105496
608.676132838951,105.149911795953,4.16251686788195
393.282748674415,235.667395722089,4.29485462633149
571.245783378611,409.258639908906,4.71167227587444
133.791019564994,288.766838709613,4.64644403552045
197.906660145031,370.245221389177,4.03659714543958
126.658810181884,410.556286630767,3.5080103316223
633.202951936275,308.774283772683,4.571218225067
0.0781312461079604,147.76458703334,4.35943324098211
544.446198070695,201.070800337745,4.2785996667885
34.9510909718992,491.535819778506,2.9797633535389
282.584482989957,22.5250319322185,3.78110414989716
535.030000598175,392.961521403278,3.26157235701846
71.4739826188945,77.0881657610414,5.1647849988161
5.27661296260336,79.3456225577103,3.49989862950329
588.064689459502,229.729543011826,3.99487105547448
438.770070025819,454.573353705599,4.67316230343801
659.873017850466,375.034275645316,3.01662458013517
105.448101807375,485.509840464355,4.37448491866885
618.68575137291,92.0793012263732,4.10933568620232
418.073773536461,258.60869993241,3.68284774546515
13.1971559187181,182.707505680582,3.21520359378833
57.6717942858905,122.32976600456,4.58018397438428
619.378777735947,195.589468984005,4.09721405681699
250.851823101522,216.165630730464,3.58974423980877
582.74368890482,440.725264032199,3.96574721006727
295.157763041206,138.848600625199,4.05511899867694
531.082059992474,461.441953381153,3.72844048101165
46.3191323757597,426.199469312353,3.67243866999708
191.682851758467,285.010221120513,4.19037492733249
550.942636895565,266.355560232256,3.63176769962668
182.236409667468,36.3082048095012,4.38512236679604
506.402452605785,355.348552266648,4.71646113214201
42.8974584843589,50.9332715669381,3.33445385757588
549.786796518084,133.017974414233,4.90339390977168
NA,NA,NA
658.958165022443,332.404801906149,3.361493053535
454.253879753525,302.337969876128,3.45345304377791
9.93057157184541,495.454273268916,3.63901654057348
561.265819342705,49.8304585522131,4.24808529548766
69.4799128660896,379.090507208024,3.97056166137816
225.97244011935,416.665805547293,3.82082370751925
427.17528094672,10.6280007549099,3.37303313072943
362.680793531333,294.698858760504,3.03018859105496
608.676132838951,105.149911795953,4.16251686788195
393.282748674415,235.667395722089,4.29485462633149
571.245783378611,409.258639908906,4.71167227587444
133.791019564994,288.766838709613,4.64644403552045
197.906660145031,370.245221389177,4.03659714543958
126.658810181884,410.556286630767,3.5080103316223
633.202951936275,308.774283772683,4.571218225067
0.0781312461079604,147.76458703334,4.35943324098211
544.446198070695,201.070800337745,4.2785996667885
34.9510909718992,491.535819778506,2.9797633535389
282.584482989957,22.5250319322185,3.78110414989716
535.030000598175,392.961521403278,3.26157235701846
71.4739826188945,77.0881657610414,5.1647849988161
5.27661296260336,79.3456225577103,3.49989862950329
588.064689459502,229.729543011826,3.99487105547448
438.770070025819,454.573353705599,4.67316230343801
659.873017850466,375.034275645316,3.01662458013517
105.448101807375,485.509840464355,4.37448491866885
618.68575137291,92.0793012263732,4.10933568620232
418.073773536461,258.60869993241,3.68284774546515
13.1971559187181,182.707505680582,3.21520359378833
57.6717942858905,122.32976600456,4.58018397438428
619.378777735947,195.589468984005,4.09721405681699
250.851823101522,216.165630730464,3.58974423980877
582.74368890482,440.725264032199,3.96574721006727
295.157763041206,138.848600625199,4.05511899867694
531.082059992474,461.441953381153,3.72844048101165
46.3191323757597,426.199469312353,3.67243866999708
191.682851758467,285.010221120513,4.19037492733249
550.942636895565,266.355560232256,3.63176769962668
182.236409667468,36.3082048095012,4.38512236679604
506.402452605785,355.348552266648,4.71646113214201
42.8974584843589,50.9332715669381,3.33445385757588
549.786796518084,133.017974414233,4.90339390977168
NA,NA,NA
658.958165022443,332.404801906149,3.361493053535
454.253879753525,302.337969876128,3.45345304377791
9.93057157184541,495.454273268916,3.63901654057348
561.265819342705,49.8304585522131,4.24808529548766
69.4799128660896,379.090507208024,3.97056166137816
225.97244011935,416.665805547293,3.82082370751925
427.17528094672,10.6280007549099,3.37303313072943
362.680793531333,294.698858760504,3.03018859105496
608.676132838951,105.149911795953,4.16251686788195
393.282748674415,235.667395722089,4.29485462633149
571.245783378611,409.258639908906,4.71167227587444
133.791019564994,288.766838709613,4.64644403552045
197.906660145031,370.245221389177,4.03659714543958
126.658810181884,410.556286630767,3.5080103316223
633.202951936275,308.774283772683,4.571218225067
0.0781312461079604,147.76458703334,4.35943324098211
544.446198070695,201.070800337745,4.2785996667885
34.9510909718992,491.535819778506,2.9797633535389
282.584482989957,22.5250319322185,3.78110414989716
535.030000598175,392.961521403278,3.26157235701846
71.4739826188945,77.0881657610414,5.1647849988161
5.27661296260336,79.3456225577103,3.49989862950329
588.064689459502,229.729543011826,3.99487105547448
438.770070025819,454.573353705599,4.67316230343801
659.873017850466,375.034275645316,3.01662458013517
105.448101807375,485.509840464355,4.37448491866885
618.68575137291,92.0793012263732,4.10933568620232
418.073773536461,258.60869993241,3.68284774546515
13.1971559187181,182.707505680582,3.21520359378833
57.6717942858905,122.32976600456,4.58018397438428
619.378777735947,195.589468984005,4.09721405681699
250.851823101522,216.165630730464,3.58974423980877
582.74368890482,440.725264032199,3.96574721006727
295.157763041206,138.848600625199,4.05511899867694
531.082059992474,461.441953381153,3.72844048101165
46.3191323757597,426.199469312353,3.67243866999708
191.682851758467,285.010221120513,4.19037492733249
550.942636895565,266.355560232256,3.63176769962668
182.236409667468,36.3082048095012,4.38512236679604
506.402452605785,355.348552266648,4.71646113214201
42.8974584843589,50.9332715669381,3.33445385757588
549.786796518084,133.017974414233,4.90339390977168
NA,NA,NA
658.958165022443,332.404801906149,3.361493053535
454.253879753525,302.337969876128,3.45345304377791
9.93057157184541,495.454273268916,3.63901654057348
561.265819342705,49.8304585522131,4.24808529548766
69.4799128660896,379.090507208024,3.97056166137816
225.97244011935,416.665805547293,3.82082370751925
427.17528094672,10.6280007549099,3.37303313072943
362.680793531333,294.698858760504,3.03018859105496
608.676132838951,105.149911795953,4.16251686788195
393.282748674415,235.667395722089,4.29485462633149
571.245783378611,409.258639908906,4.71167227587444
133.791019564994,288.766838709613,4.64644403552045
197.906660145031,370.245221389177,4.03659714543958
126.658810181884,410.556286630767,3.5080103316223
633.202951936275,308.774283772683,4.571218225067
0.0781312461079604,147.76458703334,4.35943324098211
544.446198070695,201.070800337745,4.2785996667885
34.9510909718992,491.535819778506,2.9797633535389
282.584482989957,22.5250319322185,3.78110414989716
535.030000598175,392.961521403278,3.26157235701846
71.4739826188945,77.0881657610414,5.1647849988161
5.27661296260336,79.3456225577103,3.49989862950329
588.064689459502,229.729543011826,3.99487105547448
438.770070025819,454.573353705599,4.67316230343801
659.873017850466,375.034275645316,3.01662458013517
105.448101807375,485.509840464355,4.37448491866885
618.68575137291,92.0793012263732,4.10933568620232
418.073773536461,258.60869993241,3.68284774546515
13.1971559187181,182.707505680582,3.21520359378833
57.6717942858905,122.32976600456,4.58018397438428
619.378777735947,195.589468984005,4.09721405681699
250.851823101522,216.165630730464,3.58974423980877
582.74368890482,440.725264032199,3.96574721006727
295.157763041206,138.848600625199,4.05511899867694
531.082059992474,461.441953381153,3.72844048101165
46.3191323757597,426.199469312353,3.67243866999708
191.682851758467,285.010221120513,4.19037492733249
550.942636895565,266.355560232256,3.63176769962668
182.236409667468,36.3082048095012,4.38512236679604
506.402452605785,355.348552266648,4.71646113214201
42.8974584843589,50.9332715669381,3.33445385757588
549.786796518084,133.017974414233,4.90339390977168
NA,NA,NA
661.788718168844,338.287149208158,3.42997987739329
453.392129189587,293.631965429941,3.60688261836633
16.1643764365831,496.45482982988,3.71857261062849
556.890355971668,46.1449821425548,4.11028562400086
72.3476925910428,375.816930763256,3.80842940157485
230.733259363229,416.595724097049,3.86601862310893
428.713679698233,11.4256327448738,3.22986539281853
362.50242569734,294.059084810762,2.99368444758152
601.587983562126,107.086032106884,4.14847100942935
394.738447691374,228.871834678604,4.13632513359334
569.972429048949,405.49363079024,4.67597454132989
138.397359675437,281.780124681779,4.63646462929798
200.669674962142,365.696543608814,4.00859677002391
124.519204329916,409.910873108913,3.34402925834346
625.245349820824,319.136114984834,4.54220021360802
1.07265339069133,150.477310582253,4.27218398053166
535.846029766129,211.269035705914,4.06199235477308
35.2003838284885,491.314278629167,2.98455760999557
281.795351435326,24.2305149623629,3.86223649569808
532.208718091673,394.136470106367,3.50725259285974
66.8066428981601,71.9374319294958,5.03652227259503
3.9852766989234,76.6907038469791,3.45073119101572
590.292044157545,228.919700734711,4.02404745135119
440.612156085375,460.555270665908,4.74560783410795
659.109349235745,374.55152284504,2.89698688603333
107.065210658924,488.721527110691,4.29190847522209
626.377196057261,91.7918609566727,4.04602772751102
419.893556925085,257.137888158625,3.60271150587259
11.1392783976884,180.576345600833,3.08573663609007
80.248209249589,120.927493410088,4.53081889338597
601.698230897531,208.605014323236,4.17588893274083
252.484254410228,218.893266375135,3.97611969978014
570.669775583531,439.680327895719,3.67456071202763
305.307439166088,136.562674270999,3.85484636542348
530.741743843439,458.21525746278,3.65503835941371
49.2234113186201,416.803921364328,3.62050769746038
192.470205914986,297.916561970428,4.32481026509485
546.839766264935,265.621861878878,3.804160555516
173.484376714889,26.9841215539638,4.55395421538062
499.514759934794,344.026263900328,4.61768227549312
40.1941228131587,39.1827307037905,4.12322782823883
521.433082902145,150.41258140708,4.67131734570773
NA,NA,NA
661.788718168844,338.287149208158,3.42997987739329
453.392129189587,293.631965429941,3.60688261836633
16.1643764365831,496.45482982988,3.71857261062849
556.890355971668,46.1449821425548,4.11028562400086
72.3476925910428,375.816930763256,3.80842940157485
230.733259363229,416.595724097049,3.86601862310893
428.713679698233,11.4256327448738,3.22986539281853
362.50242569734,294.059084810762,2.99368444758152
601.587983562126,107.086032106884,4.14847100942935
394.738447691374,228.871834678604,4.13632513359334
569.972429048949,405.49363079024,4.67597454132989
138.397359675437,281.780124681779,4.63646462929798
200.669674962142,365.696543608814,4.00859677002391
124.519204329916,409.910873108913,3.34402925834346
625.245349820824,319.136114984834,4.54220021360802
1.07265339069133,150.477310582253,4.27218398053166
535.846029766129,211.269035705914,4.06199235477308
35.2003838284885,491.314278629167,2.98455760999557
281.795351435326,24.2305149623629,3.86223649569808
532.208718091673,394.136470106367,3.50725259285974
66.8066428981601,71.9374319294958,5.03652227259503
3.9852766989234,76.6907038469791,3.45073119101572
590.292044157545,228.919700734711,4.02404745135119
440.612156085375,460.555270665908,4.74560783410795
659.109349235745,374.55152284504,2.89698688603333
107.065210658924,488.721527110691,4.29190847522209
626.377196057261,91.7918609566727,4.04602772751102
419.893556925085,257.137888158625,3.60271150587259
11.1392783976884,180.576345600833,3.08573663609007
80.248209249589,120.927493410088,4.53081889338597
601.698230897531,208.605014323236,4.17588893274083
252.484254410228,218.893266375135,3.97611969978014
570.669775583531,439.680327895719,3.67456071202763
305.307439166088,136.562674270999,3.85484636542348
530.741743843439,458.21525746278,3.65503835941371
49.2234113186201,416.803921364328,3.62050769746038
192.470205914986,297.916561970428,4.32481026509485
546.839766264935,265.621861878878,3.804160555516
173.484376714889,26.9841215539638,4.55395421538062
499.514759934794,344.026263900328,4.61768227549312
40.1941228131587,39.1827307037905,4.12322782823883
521.433082902145,150.41258140708,4.67131734570773
NA,NA,NA
661.788718168844,338.287149208158,3.42997987739329
453.392129189587,293.631965429941,3.60688261836633
16.1643764365831,496.45482982988,3.71857261062849
556.890355971668,46.1449821425548,4.11028562400086
72.3476925910428,375.816930763256,3.80842940157485
230.733259363229,416.595724097049,3.86601862310893
428.713679698233,11.4256327448738,3.22986539281853
362.50242569734,294.059084810762,2.99368444758152
601.587983562126,107.086032106884,4.14847100942935
394.738447691374,228.871834678604,4.13632513359334
569.972429048949,405.49363079024,4.67597454132989
138.397359675437,281.780124681779,4.63646462929798
200.669674962142,365.696543608814,4.00859677002391
124.519204329916,409.910873108913,3.34402925834346
625.245349820824,319.136114984834,4.54220021360802
1.07265339069133,150.477310582253,4.27218398053166
535.846029766129,211.269035705914,4.06199235477308
35.2003838284885,491.314278629167,2.98455760999557
281.795351435326,24.2305149623629,3.86223649569808
532.208718091673,394.136470106367,3.50725259285974
66.8066428981601,71.9374319294958,5.03652227259503
3.9852766989234,76.6907038469791,3.45073119101572
590.292044157545,228.919700734711,4.02404745135119
440.612156085375,460.555270665908,4.74560783410795
659.109349235745,374.55152284504,2.89698688603333
107.065210658924,488.721527110691,4.29190847522209
626.377196057261,91.7918609566727,4.04602772751102
419.893556925085,257.137888158625,3.60271150587259
11.1392783976884,180.576345600833,3.08573663609007
80.248209249589,120.927493410088,4.53081889338597
601.698230897531,208.605014323236,4.17588893274083
252.484254410228,218.893266375135,3.97611969978014
570.669775583531,439.680327895719,3.67456071202763
305.307439166088,136.562674270999,3.85484636542348
530.741743843439,458.21525746278,3.65503835941371
49.2234113186201,416.803921364328,3.62050769746038
192.470205914986,297.916561970428,4.32481026509485
546.839766264935,265.621861878878,3.804160555516
173.484376714889,26.9841215539638,4.55395421538062
499.514759934794,344.026263900328,4.61768227549312
40.1941228131587,39.1827307037905,4.12322782823883
521.433082902145,150.41258140708,4.67131734570773
NA,NA,NA
661.788718168844,338.287149208158,3.42997987739329
453.392129189587,293.631965429941,3.60688261836633
16.1643764365831,496.45482982988,3.71857261062849
556.890355971668,46.1449821425548,4.11028562400086
72.3476925910428,375.816930763256,3.80842940157485
230.733259363229,416.595724097049,3.86601862310893
428.713679698233,11.4256327448738,3.22986539281853
362.50242569734,294.059084810762,2.99368444758152
601.587983562126,107.086032106884,4.14847100942935
394.738447691374,228.871834678604,4.13632513359334
569.972429048949,405.49363079024,4.67597454132989
138.397359675437,281.780124681779,4.63646462929798
200.669674962142,365.696543608814,4.00859677002391
124.519204329916,409.910873108913,3.34402925834346
625.245349820824,319.136114984834,4.54220021360802
1.07265339069133,150.477310582253,4.27218398053166
535.846029766129,211.269035705914,4.06199235477308
35.2003838284885,491.314278629167,2.98455760999557
281.795351435326,24.2305149623629,3.86223649569808
532.208718091673,394.136470106367,3.50725259285974
66.8066428981601,71.9374319294958,5.03652227259503
3.9852766989234,76.6907038469791,3.45073119101572
590.292044157545,228.919700734711,4.02404745135119
440.612156085375,460.555270665908,4.74560783410795
659.109349235745,374.55152284504,2.89698688603333
107.065210658924,488.721527110691,4.29190847522209
626.377196057261,91.7918609566727,4.04602772751102
419.893556925085,257.137888158625,3.60271150587259
11.1392783976884,180.576345600833,3.08573663609007
80.248209249589,120.927493410088,4.53081889338597
601.698230897531,208.605014323236,4.17588893274083
252.484254410228,218.893266375135,3.97611969978014
570.669775583531,439.680327895719,3.67456071202763
305.307439166088,136.562674270999,3.85484636542348
530.741743843439,458.21525746278,3.65503835941371
49.2234113186201,416.803921364328,3.62050769746038
192.470205914986,297.916561970428,4.32481026509485
546.839766264935,265.621861878878,3.804160555516
173.484376714889,26.9841215539638,4.55395421538062
499.514759934794,344.026263900328,4.61768227549312
40.1941228131587,39.1827307037905,4.12322782823883
521.433082902145,150.41258140708,4.67131734570773
NA,NA,NA
661.788718168844,338.287149208158,3.42997987739329
453.392129189587,293.631965429941,3.60688261836633
16.1643764365831,496.45482982988,3.71857261062849
556.890355971668,46.1449821425548,4.11028562400086
72.3476925910428,375.816930763256,3.80842940157485
230.733259363229,416.595724097049,3.86601862310893
428.713679698233,11.4256327448738,3.22986539281853
362.50242569734,294.059084810762,2.99368444758152
601.587983562126,107.086032106884,4.14847100942935
394.738447691374,228.871834678604,4.13632513359334
569.972429048949,405.49363079024,4.67597454132989
138.397359675437,281.780124681779,4.63646462929798
200.669674962142,365.696543608814,4.00859677002391
124.519204329916,409.910873108913,3.34402925834346
625.245349820824,319.136114984834,4.54220021360802
1.07265339069133,150.477310582253,4.27218398053166
535.846029766129,211.269035705914,4.06199235477308
35.2003838284885,491.314278629167,2.98455760999557
281.795351435326,24.2305149623629,3.86223649569808
532.208718091673,394.136470106367,3.50725259285974
66.8066428981601,71.9374319294958,5.03652227259503
3.9852766989234,76.6907038469791,3.45073119101572
590.292044157545,228.919700734711,4.02404745135119
440.612156085375,460.555270665908,4.74560783410795
659.109349235745,374.55152284504,2.89698688603333
107.065210658924,488.721527110691,4.29190847522209
626.377196057261,91.7918609566727,4.04602772751102
419.893556925085,257.137888158625,3.60271150587259
11.1392783976884,180.576345600833,3.08573663609007
80.248209249589,120.927493410088,4.53081889338597
601.698230897531,208.605014323236,4.17588893274083
252.484254410228,218.893266375135,3.97611969978014
570.669775583531,439.680327895719,3.67456071202763
305.307439166088,136.562674270999,3.85484636542348
530.741743843439,458.21525746278,3.65503835941371
49.2234113186201,416.803921364328,3.62050769746038
192.470205914986,297.916561970428,4.32481026509485
546.839766264935,265.621861878878,3.804160555516
173.484376714889,26.9841215539638,4.55395421538062
499.514759934794,344.026263900328,4.61768227549312
40.1941228131587,39.1827307037905,4.12322782823883
521.433082902145,150.41258140708,4.67131734570773
NA,NA,NA
661.788718168844,338.287149208158,3.42997987739329
453.392129189587,293.631965429941,3.60688261836633
16.1643764365831,496.45482982988,3.71857261062849
556.890355971668,46.1449821425548,4.11028562400086
72.3476925910428,375.816930763256,3.80842940157485
230.733259363229,416.595724097049,3.86601862310893
428.713679698233,11.4256327448738,3.22986539281853
362.50242569734,294.059084810762,2.99368444758152
601.587983562126,107.086032106884,4.14847100942935
394.738447691374,228.871834678604,4.13632513359334
569.972429048949,405.49363079024,4.67597454132989
138.397359675437,281.780124681779,4.63646462929798
200.669674962142,365.696543608814,4.00859677002391
124.519204329916,409.910873108913,3.34402925834346
625.245349820824,319.136114984834,4.54220021360802
1.07265339069133,150.477310582253,4.27218398053166
535.846029766129,211.269035705914,4.06199235477308
35.2003838284885,491.314278629167,2.98455760999557
281.795351435326,24.2305149623629,3.86223649569808
532.208718091673,394.136470106367,3.50725259285974
66.8066428981601,71.9374319294958,5.03652227259503
3.9852766989234,76.6907038469791,3.45073119101572
590.292044157545,228.919700734711,4.02404745135119
440.612156085375,460.555270665908,4.74560783410795
659.109349235745,374.55152284504,2.89698688603333
107.065210658924,488.721527110691,4.29190847522209
626.377196057261,91.7918609566727,4.04602772751102
419.893556925085,257.137888158625,3.60271150587259
11.1392783976884,180.576345600833,3.08573663609007
80.248209249589,120.927493410088,4.53081889338597
601.698230897531,208.605014323236,4.17588893274083
252.484254410228,218.893266375135,3.97611969978014
570.669775583531,439.680327895719,3.67456071202763
305.307439166088,136.562674270999,3.85484636542348
530.741743843439,458.21525746278,3.65503835941371
49.2234113186201,416.803921364328,3.62050769746038
192.470205914986,297.916561970428,4.32481026509485
546.839766264935,265.621861878878,3.804160555516
173.484376714889,26.9841215539638,4.55395421538062
499.514759934794,344.026263900328,4.61768227549312
40.1941228131587,39.1827307037905,4.12322782823883
521.433082902145,150.41258140708,4.67131734570773
NA,NA,NA
660.772633542486,334.33684841473,3.49752164861761
455.779658938889,295.525775193007,3.75890480873326
8.98165079766148,494.717692834771,3.57039459390563
559.476655677929,54.2157818970065,4.26830895858418
69.218413822346,374.987458956358,4.03321340393194
228.680722783489,414.790167549804,3.82314361243691
428.612593379322,12.1106065180198,3.19457160907284
361.969348103729,294.244306676257,3.21922719108316
606.719333532022,104.286970263629,4.17588730159579
392.441890772199,226.547080434847,4.1411447944242
570.737516148373,406.170720023086,4.71199180072483
140.141624959605,279.085032414726,4.60514404916645
197.049582312368,370.379007464401,4.03473854491993
122.880295509947,409.949497468173,3.28261709438224
624.409096328186,310.624185050593,4.61553070951025
3.03360844858373,150.085760742491,4.26888639761593
543.176980234935,207.635504397436,4.06796453398294
33.4717880040045,491.904417699605,3.04286521274134
274.529137142346,19.5146734482669,3.97600865432864
532.127291419006,391.298921172537,3.4074512530974
72.3124671950268,73.6442813623367,5.21552216921668
6.82646338781299,76.6069679874751,3.19735821838352
587.458124912494,224.184403631485,4.02324485700175
442.305417514617,458.316700631143,4.79497549692812
660.643301323456,371.526996650352,2.96719433529709
108.625115133132,485.860495502642,4.32867766080928
624.372960234452,91.8607428758737,4.13533022457263
420.34939812637,257.87983235912,3.63558173423442
12.5663389556831,180.72786590033,3.25817968874472
71.9423520498511,117.681950395605,4.52585450394309
605.832640517312,202.724306021115,4.34848025966493
257.579421263627,214.754418003316,3.81306779213622
564.752408239457,430.114956959957,3.8560161993058
306.542942646261,138.360663691495,3.99491867420184
531.437090956687,453.526635001062,3.53221226389356
36.207833799834,421.588633404179,3.89501844244165
192.82694880969,291.82866477137,3.95672565221727
548.474431806553,273.843223800784,4.02428938535158
178.760139631272,30.6190880619097,4.52488992170697
496.685706876083,339.971734051438,4.64121970731747
33.9549352059197,55.2377457408104,3.81694060893213
525.000802477982,148.505443415055,4.61555853883779
NA,NA,NA
660.772633542486,334.33684841473,3.49752164861761
455.779658938889,295.525775193007,3.75890480873326
8.98165079766148,494.717692834771,3.57039459390563
559.476655677929,54.2157818970065,4.26830895858418
69.218413822346,374.987458956358,4.03321340393194
228.680722783489,414.790167549804,3.82314361243691
428.612593379322,12.1106065180198,3.19457160907284
361.969348103729,294.244306676257,3.21922719108316
606.719333532022,104.286970263629,4.17588730159579
392.441890772199,226.547080434847,4.1411447944242
570.737516148373,406.170720023086,4.71199180072483
140.141624959605,279.085032414726,4.60514404916645
197.049582312368,370.379007464401,4.03473854491993
122.880295509947,409.949497468173,3.28261709438224
624.409096328186,310.624185050593,4.61553070951025
3.03360844858373,150.085760742491,4.26888639761593
543.176980234935,207.635504397436,4.06796453398294
33.4717880040045,491.904417699605,3.04286521274134
274.529137142346,19.5146734482669,3.97600865432864
532.127291419006,391.298921172537,3.4074512530974
72.3124671950268,73.6442813623367,5.21552216921668
6.82646338781299,76.6069679874751,3.19735821838352
587.458124912494,224.184403631485,4.02324485700175
442.305417514617,458.316700631143,4.79497549692812
660.643301323456,371.526996650352,2.96719433529709
108.625115133132,485.860495502642,4.32867766080928
624.372960234452,91.8607428758737,4.13533022457263
420.34939812637,257.87983235912,3.63558173423442
12.5663389556831,180.72786590033,3.25817968874472
71.9423520498511,117.681950395605,4.52585450394309
605.832640517312,202.724306021115,4.34848025966493
257.579421263627,214.754418003316,3.81306779213622
564.752408239457,430.114956959957,3.8560161993058
306.542942646261,138.360663691495,3.99491867420184
531.437090956687,453.526635001062,3.53221226389356
36.207833799834,421.588633404179,3.89501844244165
192.82694880969,291.82866477137,3.95672565221727
548.474431806553,273.843223800784,4.02428938535158
178.760139631272,30.6190880619097,4.52488992170697
496.685706876083,339.971734051438,4.64121970731747
33.9549352059197,55.2377457408104,3.81694060893213
525.000802477982,148.505443415055,4.61555853883779
NA,NA,NA
660.772633542486,334.33684841473,3.49752164861761
455.779658938889,295.525775193007,3.75890480873326
8.98165079766148,494.717692834771,3.57039459390563
559.476655677929,54.2157818970065,4.26830895858418
69.218413822346,374.987458956358,4.03321340393194
228.680722783489,414.790167549804,3.82314361243691
428.612593379322,12.1106065180198,3.19457160907284
361.969348103729,294.244306676257,3.21922719108316
606.719333532022,104.286970263629,4.17588730159579
392.441890772199,226.547080434847,4.1411447944242
570.737516148373,406.170720023086,4.71199180072483
140.141624959605,279.085032414726,4.60514404916645
197.049582312368,370.379007464401,4.03473854491993
122.880295509947,409.949497468173,3.28261709438224
624.409096328186,310.624185050593,4.61553070951025
3.03360844858373,150.085760742491,4.26888639761593
543.176980234935,207.635504397436,4.06796453398294
33.4717880040045,491.904417699605,3.04286521274134
274.529137142346,19.5146734482669,3.97600865432864
532.127291419006,391.298921172537,3.4074512530974
72.3124671950268,73.6442813623367,5.21552216921668
6.82646338781299,76.6069679874751,3.19735821838352
587.458124912494,224.184403631485,4.02324485700175
442.305417514617,458.316700631143,4.79497549692812
660.643301323456,371.526996650352,2.96719433529709
108.625115133132,485.860495502642,4.32867766080928
624.372960234452,91.8607428758737,4.13533022457263
420.34939812637,257.87983235912,3.63558173423442
12.5663389556831,180.72786590033,3.25817968874472
71.9423520498511,117.681950395605,4.52585450394309
605.832640517312,202.724306021115,4.34848025966493
257.579421263627,214.754418003316,3.81306779213622
564.752408239457,430.114956959957,3.8560161993058
306.542942646261,138.360663691495,3.99491867420184
531.437090956687,453.526635001062,3.53221226389356
36.207833799834,421.588633404179,3.89501844244165
192.82694880969,291.82866477137,3.95672565221727
548.474431806553,273.843223800784,4.02428938535158
178.760139631272,30.6190880619097,4.52488992170697
496.685706876083,339.971734051438,4.64121970731747
33.9549352059197,55.2377457408104,3.81694060893213
525.000802477982,148.505443415055,4.61555853883779
NA,NA,NA
660.772633542486,334.33684841473,3.49752164861761
455.779658938889,295.525775193007,3.75890480873326
8.98165079766148,494.717692834771,3.57039459390563
559.476655677929,54.2157818970065,4.26830895858418
69.218413822346,374.987458956358,4.03321340393194
228.680722783489,414.790167549804,3.82314361243691
428.612593379322,12.1106065180198,3.19457160907284
361.969348103729,294.244306676257,3.21922719108316
606.719333532022,104.286970263629,4.17588730159579
392.441890772199,226.547080434847,4.1411447944242
570.737516148373,406.170720023086,4.71199180072483
140.141624959605,279.085032414726,4.60514404916645
197.049582312368,370.379007464401,4.03473854491993
122.880295509947,409.949497468173,3.28261709438224
624.409096328186,310.624185050593,4.61553070951025
3.03360844858373,150.085760742491,4.26888639761593
543.176980234935,207.635504397436,4.06796453398294
33.4717880040045,491.904417699605,3.04286521274134
274.529137142346,19.5146734482669,3.97600865432864
532.127291419006,391.298921172537,3.4074512530974
72.3124671950268,73.6442813623367,5.21552216921668
6.82646338781299,76.6069679874751,3.19735821838352
587.458124912494,224.184403631485,4.02324485700175
442.305417514617,458.316700631143,4.79497549692812
660.643301323456,371.526996650352,2.96719433529709
108.625115133132,485.860495502642,4.32867766080928
624.372960234452,91.8607428758737,4.13533022457263
420.34939812637,257.87983235912,3.63558173423442
12.5663389556831,180.72786590033,3.25817968874472
71.9423520498511,117.681950395605,4.52585450394309
605.832640517312,202.724306021115,4.34848025966493
257.579421263627,214.754418003316,3.81306779213622
564.752408239457,430.114956959957,3.8560161993058
306.542942646261,138.360663691495,3.99491867420184
531.437090956687,453.526635001062,3.53221226389356
36.207833799834,421.588633404179,3.89501844244165
192.82694880969,291.82866477137,3.95672565221727
548.474431806553,273.843223800784,4.02428938535158
178.760139631272,30.6190880619097,4.52488992170697
496.685706876083,339.971734051438,4.64121970731747
33.9549352059197,55.2377457408104,3.81694060893213
525.000802477982,148.505443415055,4.61555853883779
NA,NA,NA
660.772633542486,334.33684841473,3.49752164861761
455.779658938889,295.525775193007,3.75890480873326
8.98165079766148,494.717692834771,3.57039459390563
559.476655677929,54.2157818970065,4.26830895858418
69.218413822346,374.987458956358,4.03321340393194
228.680722783489,414.790167549804,3.82314361243691
428.612593379322,12.1106065180198,3.19457160907284
361.969348103729,294.244306676257,3.21922719108316
606.719333532022,104.286970263629,4.17588730159579
392.441890772199,226.547080434847,4.1411447944242
570.737516148373,406.170720023086,4.71199180072483
140.141624959605,279.085032414726,4.60514404916645
197.049582312368,370.379007464401,4.03473854491993
122.880295509947,409.949497468173,3.28261709438224
624.409096328186,310.624185050593,4.61553070951025
3.03360844858373,150.085760742491,4.26888639761593
543.176980234935,207.635504397436,4.06796453398294
33.4717880040045,491.904417699605,3.04286521274134
274.529137142346,19.5146734482669,3.97600865432864
532.127291419006,391.298921172537,3.4074512530974
72.3124671950268,73.6442813623367,5.21552216921668
6.82646338781299,76.6069679874751,3.19735821838352
587.458124912494,224.184403631485,4.02324485700175
442.305417514617,458.316700631143,4.79497549692812
660.643301323456,371.526996650352,2.96719433529709
108.625115133132,485.860495502642,4.32867766080928
624.372960234452,91.8607428758737,4.13533022457263
420.34939812637,257.87983235912,3.63558173423442
12.5663389556831,180.72786590033,3.25817968874472
71.9423520498511,117.681950395605,4.52585450394309
605.832640517312,202.724306021115,4.34848025966493
257.579421263627,214.754418003316,3.81306779213622
564.752408239457,430.114956959957,3.8560161993058
306.542942646261,138.360663691495,3.99491867420184
531.437090956687,453.526635001062,3.53221226389356
36.207833799834,421.588633404179,3.89501844244165
192.82694880969,291.82866477137,3.95672565221727
548.474431806553,273.843223800784,4.02428938535158
178.760139631272,30.6190880619097,4.52488992170697
496.685706876083,339.971734051438,4.64121970731747
33.9549352059197,55.2377457408104,3.81694060893213
525.000802477982,148.505443415055,4.61555853883779
NA,NA,NA
660.772633542486,334.33684841473,3.49752164861761
455.779658938889,295.525775193007,3.75890480873326
8.98165079766148,494.717692834771,3.57039459390563
559.476655677929,54.2157818970065,4.26830895858418
69.218413822346,374.987458956358,4.03321340393194
228.680722783489,414.790167549804,3.82314361243691
428.612593379322,12.1106065180198,3.19457160907284
361.969348103729,294.244306676257,3.21922719108316
606.719333532022,104.286970263629,4.17588730159579
392.441890772199,226.547080434847,4.1411447944242
570.737516148373,406.170720023086,4.71199180072483
140.141624959605,279.085032414726,4.60514404916645
197.049582312368,370.379007464401,4.03473854491993
122.880295509947,409.949497468173,3.28261709438224
624.409096328186,310.624185050593,4.61553070951025
3.03360844858373,150.085760742491,4.26888639761593
543.176980234935,207.635504397436,4.06796453398294
33.4717880040045,491.904417699605,3.04286521274134
274.529137142346,19.5146734482669,3.97600865432864
532.127291419006,391.298921172537,3.4074512530974
72.3124671950268,73.6442813623367,5.21552216921668
6.82646338781299,76.6069679874751,3.19735821838352
587.458124912494,224.184403631485,4.02324485700175
442.305417514617,458.316700631143,4.79497549692812
660.643301323456,371.526996650352,2.96719433529709
108.625115133132,485.860495502642,4.32867766080928
624.372960234452,91.8607428758737,4.13533022457263
420.34939812637,257.87983235912,3.63558173423442
12.5663389556831,180.72786590033,3.25817968874472
71.9423520498511,117.681950395605,4.52585450394309
605.832640517312,202.724306021115,4.34848025966493
257.579421263627,214.754418003316,3.81306779213622
564.752408239457,430.114956959957,3.8560161993058
306.542942646261,138.360663691495,3.99491867420184
531.437090956687,453.526635001062,3.53221226389356
36.207833799834,421.588633404179,3.89501844244165
192.82694880969,291.82866477137,3.95672565221727
548.474431806553,273.843223800784,4.02428938535158
178.760139631272,30.6190880619097,4.52488992170697
496.685706876083,339.971734051438,4.64121970731747
33.9549352059197,55.2377457408104,3.81694060893213
525.000802477982,148.505443415055,4.61555853883779
NA,NA,NA
659.573672356027,336.520303309438,3.6994663464119
454.472750387072,300.358421938684,3.71094681130586
12.5540939566083,498.030209002825,3.67744140876588
562.226263114255,50.8372881514285,4.23786130569882
71.2299886062089,375.338201273033,3.98070440050184
228.273634010842,418.583918611045,3.87349901974539
428.799951101148,12.4603104945878,3.19076134951078
360.390343162675,294.14531336885,2.94037302621369
604.351206706059,106.907480810344,4.21679700092204
393.323028641678,228.855090904711,4.19467409434096
566.495244662023,402.800625640548,4.65516351202876
144.542295500881,284.18568959488,4.60301766123078
201.420231475347,369.999027368416,4.19269682592397
128.268049268294,410.949006026905,3.31602252111387
631.772112812309,310.548915176502,4.50341431478246
-0.779470795091219,149.177053824695,4.26710054968325
540.914198287893,200.810014516134,4.20059134992784
32.9090394001164,489.821893209921,2.92298321021057
282.59815965325,23.5095672033226,3.75762264835282
532.964990429621,390.430757066824,3.44135601426454
73.7737399294649,89.8197333482553,5.24086449335761
7.4083123174156,78.0073160469521,3.45141579635896
590.277359823562,226.345559173519,4.10423421334784
436.815305207384,461.452134934412,4.77852977344459
657.425702032254,373.029044715199,2.99925159249966
103.737833675817,489.475368344329,4.35250099409017
628.624807532602,93.4770791087789,4.0560234403928
423.127285946613,257.984895184579,3.57642172586675
11.0536102319123,183.141097328594,3.22020715857076
65.0255406721557,128.990582195503,4.77907677290187
608.538865473741,199.767707974695,4.29864789779899
256.964267994976,217.831343207852,3.86563044575678
563.611246369513,438.21315874268,3.77978150483863
302.371210862613,140.700082683553,3.8440712308273
534.14966930255,452.999644554215,3.67378091303486
43.1876356310835,409.798885900294,3.46967406898922
202.418534938275,280.109803126232,4.18698002870552
549.057354295257,258.477809176097,3.61348462924362
172.795976596141,27.5512902135465,4.50642390579088
503.862585208622,342.240953006646,4.32450351547672
40.1061311418246,52.833475548259,3.83000914027175
524.587136753539,153.50430769181,4.59456634021681
NA,NA,NA
659.573672356027,336.520303309438,3.6994663464119
454.472750387072,300.358421938684,3.71094681130586
12.5540939566083,498.030209002825,3.67744140876588
562.226263114255,50.8372881514285,4.23786130569882
71.2299886062089,375.338201273033,3.98070440050184
228.273634010842,418.583918611045,3.87349901974539
428.799951101148,12.4603104945878,3.19076134951078
360.390343162675,294.14531336885,2.94037302621369
604.351206706059,106.907480810344,4.21679700092204
393.323028641678,228.855090904711,4.19467409434096
566.495244662023,402.800625640548,4.65516351202876
144.542295500881,284.18568959488,4.60301766123078
201.420231475347,369.999027368416,4.19269682592397
128.268049268294,410.949006026905,3.31602252111387
631.772112812309,310.548915176502,4.50341431478246
-0.779470795091219,149.177053824695,4.26710054968325
540.914198287893,200.810014516134,4.20059134992784
32.9090394001164,489.821893209921,2.92298321021057
282.59815965325,23.5095672033226,3.75762264835282
532.964990429621,390.430757066824,3.44135601426454
73.7737399294649,89.8197333482553,5.24086449335761
7.4083123174156,78.0073160469521,3.45141579635896
590.277359823562,226.345559173519,4.10423421334784
436.815305207384,461.452134934412,4.77852977344459
657.425702032254,373.029044715199,2.99925159249966
103.737833675817,489.475368344329,4.35250099409017
628.624807532602,93.4770791087789,4.0560234403928
423.127285946613,257.984895184579,3.57642172586675
11.0536102319123,183.141097328594,3.22020715857076
65.0255406721557,128.990582195503,4.77907677290187
608.538865473741,199.767707974695,4.29864789779899
256.964267994976,217.831343207852,3.86563044575678
563.611246369513,438.21315874268,3.77978150483863
302.371210862613,140.700082683553,3.8440712308273
534.14966930255,452.999644554215,3.67378091303486
43.1876356310835,409.798885900294,3.46967406898922
202.418534938275,280.109803126232,4.18698002870552
549.057354295257,258.477809176097,3.61348462924362
172.795976596141,27.5512902135465,4.50642390579088
503.862585208622,342.240953006646,4.32450351547672
40.1061311418246,52.833475548259,3.83000914027175
524.587136753539,153.50430769181,4.59456634021681
NA,NA,NA
659.573672356027,336.520303309438,3.6994663464119
454.472750387072,300.358421938684,3.71094681130586
12.5540939566083,498.030209002825,3.67744140876588
562.226263114255,50.8372881514285,4.23786130569882
71.2299886062089,375.338201273033,3.98070440050184
228.273634010842,418.583918611045,3.87349901974539
428.799951101148,12.4603104945878,3.19076134951078
360.390343162675,294.14531336885,2.94037302621369
604.351206706059,106.907480810344,4.21679700092204
393.323028641678,228.855090904711,4.19467409434096
566.495244662023,402.800625640548,4.65516351202876
144.542295500881,284.18568959488,4.60301766123078
201.420231475347,369.999027368416,4.19269682592397
128.268049268294,410.949006026905,3.31602252111387
631.772112812309,310.548915176502,4.50341431478246
-0.779470795091219,149.177053824695,4.26710054968325
540.914198287893,200.810014516134,4.20059134992784
32.9090394001164,489.821893209921,2.92298321021057
282.59815965325,23.5095672033226,3.75762264835282
532.964990429621,390.430757066824,3.44135601426454
73.7737399294649,89.8197333482553,5.24086449335761
7.4083123174156,78.0073160469521,3.45141579635896
590.277359823562,226.345559173519,4.10423421334784
436.815305207384,461.452134934412,4.77852977344459
657.425702032254,373.029044715199,2.99925159249966
103.737833675817,489.475368344329,4.35250099409017
628.624807532602,93.4770791087789,4.0560234403928
423.127285946613,257.984895184579,3.57642172586675
11.0536102319123,183.141097328594,3.22020715857076
65.0255406721557,128.990582195503,4.77907677290187
608.538865473741,199.767707974695,4.29864789779899
256.964267994976,217.831343207852,3.86563044575678
563.611246369513,438.21315874268,3.77978150483863
302.371210862613,140.700082683553,3.8440712308273
534.14966930255,452.999644554215,3.67378091303486
43.1876356310835,409.798885900294,3.46967406898922
202.418534938275,280.109803126232,4.18698002870552
549.057354295257,258.477809176097,3.61348462924362
172.795976596141,27.5512902135465,4.50642390579088
503.862585208622,342.240953006646,4.32450351547672
40.1061311418246,52.833475548259,3.83000914027175
524.587136753539,153.50430769181,4.59456634021681
NA,NA,NA
659.573672356027,336.520303309438,3.6994663464119
454.472750387072,300.358421938684,3.71094681130586
12.5540939566083,498.030209002825,3.67744140876588
562.226263114255,50.8372881514285,4.23786130569882
71.2299886062089,375.338201273033,3.98070440050184
228.273634010842,418.583918611045,3.87349901974539
428.799951101148,12.4603104945878,3.19076134951078
360.390343162675,294.14531336885,2.94037302621369
604.351206706059,106.907480810344,4.21679700092204
393.323028641678,228.855090904711,4.19467409434096
566.495244662023,402.800625640548,4.65516351202876
144.542295500881,284.18568959488,4.60301766123078
201.420231475347,369.999027368416,4.19269682592397
128.268049268294,410.949006026905,3.31602252111387
631.772112812309,310.548915176502,4.50341431478246
-0.779470795091219,149.177053824695,4.26710054968325
540.914198287893,200.810014516134,4.20059134992784
32.9090394001164,489.821893209921,2.92298321021057
282.59815965325,23.5095672033226,3.75762264835282
532.964990429621,390.430757066824,3.44135601426454
73.7737399294649,89.8197333482553,5.24086449335761
7.4083123174156,78.0073160469521,3.45141579635896
590.277359823562,226.345559173519,4.10423421334784
436.815305207384,461.452134934412,4.77852977344459
657.425702032254,373.029044715199,2.99925159249966
103.737833675817,489.475368344329,4.35250099409017
628.624807532602,93.4770791087789,4.0560234403928
423.127285946613,257.984895184579,3.57642172586675
11.0536102319123,183.141097328594,3.22020715857076
65.0255406721557,128.990582195503,4.77907677290187
608.538865473741,199.767707974695,4.29864789779899
256.964267994976,217.831343207852,3.86563044575678
563.611246369513,438.21315874268,3.77978150483863
302.371210862613,140.700082683553,3.8440712308273
534.14966930255,452.999644554215,3.67378091303486
43.1876356310835,409.798885900294,3.46967406898922
202.418534938275,280.109803126232,4.18698002870552
549.057354295257,258.477809176097,3.61348462924362
172.795976596141,27.5512902135465,4.50642390579088
503.862585208622,342.240953006646,4.32450351547672
40.1061311418246,52.833475548259,3.83000914027175
524.587136753539,153.50430769181,4.59456634021681
NA,NA,NA
659.573672356027,336.520303309438,3.6994663464119
454.472750387072,300.358421938684,3.71094681130586
12.5540939566083,498.030209002825,3.67744140876588
562.226263114255,50.8372881514285,4.23786130569882
71.2299886062089,375.338201273033,3.98070440050184
228.273634010842,418.583918611045,3.87349901974539
428.799951101148,12.4603104945878,3.19076134951078
360.390343162675,294.14531336885,2.94037302621369
604.351206706059,106.907480810344,4.21679700092204
393.323028641678,228.855090904711,4.19467409434096
566.495244662023,402.800625640548,4.65516351202876
144.542295500881,284.18568959488,4.60301766123078
201.420231475347,369.999027368416,4.19269682592397
128.268049268294,410.949006026905,3.31602252111387
631.772112812309,310.548915176502,4.50341431478246
-0.779470795091219,149.177053824695,4.26710054968325
540.914198287893,200.810014516134,4.20059134992784
32.9090394001164,489.821893209921,2.92298321021057
282.59815965325,23.5095672033226,3.75762264835282
532.964990429621,390.430757066824,3.44135601426454
73.7737399294649,89.8197333482553,5.24086449335761
7.4083123174156,78.0073160469521,3.45141579635896
590.277359823562,226.345559173519,4.10423421334784
436.815305207384,461.452134934412,4.77852977344459
657.425702032254,373.029044715199,2.99925159249966
103.737833675817,489.475368344329,4.35250099409017
628.624807532602,93.4770791087789,4.0560234403928
423.127285946613,257.984895184579,3.57642172586675
11.0536102319123,183.141097328594,3.22020715857076
65.0255406721557,128.990582195503,4.77907677290187
608.538865473741,199.767707974695,4.29864789779899
256.964267994976,217.831343207852,3.86563044575678
563.611246369513,438.21315874268,3.77978150483863
302.371210862613,140.700082683553,3.8440712308273
534.14966930255,452.999644554215,3.67378091303486
43.1876356310835,409.798885900294,3.46967406898922
202.418534938275,280.109803126232,4.18698002870552
549.057354295257,258.477809176097,3.61348462924362
172.795976596141,27.5512902135465,4.50642390579088
503.862585208622,342.240953006646,4.32450351547672
40.1061311418246,52.833475548259,3.83000914027175
524.587136753539,153.50430769181,4.59456634021681
NA,NA,NA
659.573672356027,336.520303309438,3.6994663464119
454.472750387072,300.358421938684,3.71094681130586
12.5540939566083,498.030209002825,3.67744140876588
562.226263114255,50.8372881514285,4.23786130569882
71.2299886062089,375.338201273033,3.98070440050184
228.273634010842,418.583918611045,3.87349901974539
428.799951101148,12.4603104945878,3.19076134951078
360.390343162675,294.14531336885,2.94037302621369
604.351206706059,106.907480810344,4.21679700092204
393.323028641678,228.855090904711,4.19467409434096
566.495244662023,402.800625640548,4.65516351202876
144.542295500881,284.18568959488,4.60301766123078
201.420231475347,369.999027368416,4.19269682592397
128.268049268294,410.949006026905,3.31602252111387
631.772112812309,310.548915176502,4.50341431478246
-0.779470795091219,149.177053824695,4.26710054968325
540.914198287893,200.810014516134,4.20059134992784
32.9090394001164,489.821893209921,2.92298321021057
282.59815965325,23.5095672033226,3.75762264835282
532.964990429621,390.430757066824,3.44135601426454
73.7737399294649,89.8197333482553,5.24086449335761
7.4083123174156,78.0073160469521,3.45141579635896
590.277359823562,226.345559173519,4.10423421334784
436.815305207384,461.452134934412,4.77852977344459
657.425702032254,373.029044715199,2.99925159249966
103.737833675817,489.475368344329,4.35250099409017
628.624807532602,93.4770791087789,4.0560234403928
423.127285946613,257.984895184579,3.57642172586675
11.0536102319123,183.141097328594,3.22020715857076
65.0255406721557,128.990582195503,4.77907677290187
608.538865473741,199.767707974695,4.29864789779899
256.964267994976,217.831343207852,3.86563044575678
563.611246369513,438.21315874268,3.77978150483863
302.371210862613,140.700082683553,3.8440712308273
534.14966930255,452.999644554215,3.67378091303486
43.1876356310835,409.798885900294,3.46967406898922
202.418534938275,280.109803126232,4.18698002870552
549.057354295257,258.477809176097,3.61348462924362
172.795976596141,27.5512902135465,4.50642390579088
503.862585208622,342.240953006646,4.32450351547672
40.1061311418246,52.833475548259,3.83000914027175
524.587136753539,153.50430769181,4.59456634021681
NA,NA,NA
658.335725872622,332.20150060011,3.39072865037463
456.996418056637,301.541672697071,3.69130409037387
7.90010611612954,496.931235601889,3.6738769426933
563.462973830157,51.9081918324002,4.19221451967872
73.1676007392714,375.056892049791,4.02805397022867
232.226184176187,420.810268700991,3.83982486291506
428.481567435824,11.9545370192137,3.34190275008631
364.518166521183,291.633998818115,3.05093149626233
605.656076201682,101.28022299345,4.03810595805407
393.858197000562,233.328700375594,4.24358085371619
569.135346672683,409.406746047083,4.75961034589515
145.941247137278,284.025431211926,4.58292063173227
199.185212135332,363.644591771128,4.0774019953613
124.464180389073,411.7108175706,3.38591061389886
628.695970874084,311.477716569844,4.59091669889817
5.02610230979854,144.62334672568,4.20024018875258
541.715436892627,203.736977848023,4.1094830735665
34.76238633324,493.621016384793,2.90225223797909
279.820904632599,24.537669211426,3.92475607789574
533.839132641411,392.458806598771,3.34971354743175
75.4278978148352,83.8502973483542,5.2723188837398
1.22225038599506,75.5268302274322,3.54209288180973
588.366337218357,222.831442097049,4.06295523425014
437.024425618919,460.575690593105,4.74515300079603
659.103820147147,370.813974627401,2.98460314925239
106.570482189908,489.637442038723,4.38107164340572
627.981767735652,93.49167877147,4.13335076976485
422.571415618245,257.778699143277,3.52026100587699
10.2136935542353,182.258653696832,3.25145871573149
66.8617864051482,115.609733134878,4.39303446389712
604.834144960775,199.219105610045,4.24983151504004
256.600954312406,218.153274131188,3.85356676921807
578.17142101767,439.770311041395,4.19912336964028
302.515520297323,143.067083862608,3.62839758300224
528.989243377298,458.824590753663,3.68277613449435
41.1007045249383,426.045581297084,3.65642957880871
191.600488216931,290.771226840524,3.94506195445255
548.177454988528,267.688485432514,3.86298775176057
180.576277094566,23.7962613342334,4.24504399291612
494.416995092479,334.668049836251,4.28663949704553
25.5122930125901,48.3377415329992,4.19477602141881
529.491260419348,151.627209920693,4.75518559182551
NA,NA,NA
658.335725872622,332.20150060011,3.39072865037463
456.996418056637,301.541672697071,3.69130409037387
7.90010611612954,496.931235601889,3.6738769426933
563.462973830157,51.9081918324002,4.19221451967872
73.1676007392714,375.056892049791,4.02805397022867
232.226184176187,420.810268700991,3.83982486291506
428.481567435824,11.9545370192137,3.34190275008631
364.518166521183,291.633998818115,3.05093149626233
605.656076201682,101.28022299345,4.03810595805407
393.858197000562,233.328700375594,4.24358085371619
569.135346672683,409.406746047083,4.75961034589515
145.941247137278,284.025431211926,4.58292063173227
199.185212135332,363.644591771128,4.0774019953613
124.464180389073,411.7108175706,3.38591061389886
628.695970874084,311.477716569844,4.59091669889817
5.02610230979854,144.62334672568,4.20024018875258
541.715436892627,203.736977848023,4.1094830735665
34.76238633324,493.621016384793,2.90225223797909
279.820904632599,24.537669211426,3.92475607789574
533.839132641411,392.458806598771,3.34971354743175
75.4278978148352,83.8502973483542,5.2723188837398
1.22225038599506,75.5268302274322,3.54209288180973
588.366337218357,222.831442097049,4.06295523425014
437.024425618919,460.575690593105,4.74515300079603
659.103820147147,370.813974627401,2.98460314925239
106.570482189908,489.637442038723,4.38107164340572
627.981767735652,93.49167877147,4.13335076976485
422.571415618245,257.778699143277,3.52026100587699
10.2136935542353,182.258653696832,3.25145871573149
66.8617864051482,115.609733134878,4.39303446389712
604.834144960775,199.219105610045,4.24983151504004
256.600954312406,218.153274131188,3.85356676921807
578.17142101767,439.770311041395,4.19912336964028
302.515520297323,143.067083862608,3.62839758300224
528.989243377298,458.824590753663,3.68277613449435
41.1007045249383,426.045581297084,3.65642957880871
191.600488216931,290.771226840524,3.94506195445255
548.177454988528,267.688485432514,3.86298775176057
180.576277094566,23.7962613342334,4.24504399291612
494.416995092479,334.668049836251,4.28663949704553
25.5122930125901,48.3377415329992,4.19477602141881
529.491260419348,151.627209920693,4.75518559182551
NA,NA,NA
658.335725872622,332.20150060011,3.39072865037463
456.996418056637,301.541672697071,3.69130409037387
7.90010611612954,496.931235601889,3.6738769426933
563.462973830157,51.9081918324002,4.19221451967872
73.1676007392714,375.056892049791,4.02805397022867
232.226184176187,420.810268700991,3.83982486291506
428.481567435824,11.9545370192137,3.34190275008631
364.518166521183,291.633998818115,3.05093149626233
605.656076201682,101.28022299345,4.03810595805407
393.858197000562,233.328700375594,4.24358085371619
569.135346672683,409.406746047083,4.75961034589515
145.941247137278,284.025431211926,4.58292063173227
199.185212135332,363.644591771128,4.0774019953613
124.464180389073,411.7108175706,3.38591061389886
628.695970874084,311.477716569844,4.59091669889817
5.02610230979854,144.62334672568,4.20024018875258
541.715436892627,203.736977848023,4.1094830735665
34.76238633324,493.621016384793,2.90225223797909
279.820904632599,24.537669211426,3.92475607789574
533.839132641411,392.458806598771,3.34971354743175
75.4278978148352,83.8502973483542,5.2723188837398
1.22225038599506,75.5268302274322,3.54209288180973
588.366337218357,222.831442097049,4.06295523425014
437.024425618919,460.575690593105,4.74515300079603
659.103820147147,370.813974627401,2.98460314925239
106.570482189908,489.637442038723,4.38107164340572
627.981767735652,93.49167877147,4.13335076976485
422.571415618245,257.778699143277,3.52026100587699
10.2136935542353,182.258653696832,3.25145871573149
66.8617864051482,115.609733134878,4.39303446389712
604.834144960775,199.219105610045,4.24983151504004
256.600954312406,218.153274131188,3.85356676921807
578.17142101767,439.770311041395,4.19912336964028
302.515520297323,143.067083862608,3.62839758300224
528.989243377298,458.824590753663,3.68277613449435
41.1007045249383,426.045581297084,3.65642957880871
191.600488216931,290.771226840524,3.94506195445255
548.177454988528,267.688485432514,3.86298775176057
180.576277094566,23.7962613342334,4.24504399291612
494.416995092479,334.668049836251,4.28663949704553
25.5122930125901,48.3377415329992,4.19477602141881
529.491260419348,151.627209920693,4.75518559182551
NA,NA,NA
658.335725872622,332.20150060011,3.39072865037463
456.996418056637,301.541672697071,3.69130409037387
7.90010611612954,496.931235601889,3.6738769426933
563.462973830157,51.9081918324002,4.19221451967872
73.1676007392714,375.056892049791,4.02805397022867
232.226184176187,420.810268700991,3.83982486291506
428.481567435824,11.9545370192137,3.34190275008631
364.518166521183,291.633998818115,3.05093149626233
605.656076201682,101.28022299345,4.03810595805407
393.858197000562,233.328700375594,4.24358085371619
569.135346672683,409.406746047083,4.75961034589515
145.941247137278,284.025431211926,4.58292063173227
199.185212135332,363.644591771128,4.0774019953613
124.464180389073,411.7108175706,3.38591061389886
628.695970874084,311.477716569844,4.59091669889817
5.02610230979854,144.62334672568,4.20024018875258
541.715436892627,203.736977848023,4.1094830735665
34.76238633324,493.621016384793,2.90225223797909
279.820904632599,24.537669211426,3.92475607789574
533.839132641411,392.458806598771,3.34971354743175
75.4278978148352,83.8502973483542,5.2723188837398
1.22225038599506,75.5268302274322,3.54209288180973
588.366337218357,222.831442097049,4.06295523425014
437.024425618919,460.575690593105,4.74515300079603
659.103820147147,370.813974627401,2.98460314925239
106.570482189908,489.637442038723,4.38107164340572
627.981767735652,93.49167877147,4.13335076976485
422.571415618245,257.778699143277,3.52026100587699
10.2136935542353,182.258653696832,3.25145871573149
66.8617864051482,115.609733134878,4.39303446389712
604.834144960775,199.219105610045,4.24983151504004
256.600954312406,218.153274131188,3.85356676921807
578.17142101767,439.770311041395,4.19912336964028
302.515520297323,143.067083862608,3.62839758300224
528.989243377298,458.824590753663,3.68277613449435
41.1007045249383,426.045581297084,3.65642957880871
191.600488216931,290.771226840524,3.94506195445255
548.177454988528,267.688485432514,3.86298775176057
180.576277094566,23.7962613342334,4.24504399291612
494.416995092479,334.668049836251,4.28663949704553
25.5122930125901,48.3377415329992,4.19477602141881
529.491260419348,151.627209920693,4.75518559182551
NA,NA,NA
658.335725872622,332.20150060011,3.39072865037463
456.996418056637,301.541672697071,3.69130409037387
7.90010611612954,496.931235601889,3.6738769426933
563.462973830157,51.9081918324002,4.19221451967872
73.1676007392714,375.056892049791,4.02805397022867
232.226184176187,420.810268700991,3.83982486291506
428.481567435824,11.9545370192137,3.34190275008631
364.518166521183,291.633998818115,3.05093149626233
605.656076201682,101.28022299345,4.03810595805407
393.858197000562,233.328700375594,4.24358085371619
569.135346672683,409.406746047083,4.75961034589515
145.941247137278,284.025431211926,4.58292063173227
199.185212135332,363.644591771128,4.0774019953613
124.464180389073,411.7108175706,3.38591061389886
628.695970874084,311.477716569844,4.59091669889817
5.02610230979854,144.62334672568,4.20024018875258
541.715436892627,203.736977848023,4.1094830735665
34.76238633324,493.621016384793,2.90225223797909
279.820904632599,24.537669211426,3.92475607789574
533.839132641411,392.458806598771,3.34971354743175
75.4278978148352,83.8502973483542,5.2723188837398
1.22225038599506,75.5268302274322,3.54209288180973
588.366337218357,222.831442097049,4.06295523425014
437.024425618919,460.575690593105,4.74515300079603
659.103820147147,370.813974627401,2.98460314925239
106.570482189908,489.637442038723,4.38107164340572
627.981767735652,93.49167877147,4.13335076976485
422.571415618245,257.778699143277,3.52026100587699
10.2136935542353,182.258653696832,3.25145871573149
66.8617864051482,115.609733134878,4.39303446389712
604.834144960775,199.219105610045,4.24983151504004
256.600954312406,218.153274131188,3.85356676921807
578.17142101767,439.770311041395,4.19912336964028
302.515520297323,143.067083862608,3.62839758300224
528.989243377298,458.824590753663,3.68277613449435
41.1007045249383,426.045581297084,3.65642957880871
191.600488216931,290.771226840524,3.94506195445255
548.177454988528,267.688485432514,3.86298775176057
180.576277094566,23.7962613342334,4.24504399291612
494.416995092479,334.668049836251,4.28663949704553
25.5122930125901,48.3377415329992,4.19477602141881
529.491260419348,151.627209920693,4.75518559182551
NA,NA,NA
658.335725872622,332.20150060011,3.39072865037463
456.996418056637,301.541672697071,3.69130409037387
7.90010611612954,496.931235601889,3.6738769426933
563.462973830157,51.9081918324002,4.19221451967872
73.1676007392714,375.056892049791,4.02805397022867
232.226184176187,420.810268700991,3.83982486291506
428.481567435824,11.9545370192137,3.34190275008631
364.518166521183,291.633998818115,3.05093149626233
605.656076201682,101.28022299345,4.03810595805407
393.858197000562,233.328700375594,4.24358085371619
569.135346672683,409.406746047083,4.75961034589515
145.941247137278,284.025431211926,4.58292063173227
199.185212135332,363.644591771128,4.0774019953613
124.464180389073,411.7108175706,3.38591061389886
628.695970874084,311.477716569844,4.59091669889817
5.02610230979854,144.62334672568,4.20024018875258
541.715436892627,203.736977848023,4.1094830735665
34.76238633324,493.621016384793,2.90225223797909
279.820904632599,24.537669211426,3.92475607789574
533.839132641411,392.458806598771,3.34971354743175
75.4278978148352,83.8502973483542,5.2723188837398
1.22225038599506,75.5268302274322,3.54209288180973
588.366337218357,222.831442097049,4.06295523425014
437.024425618919,460.575690593105,4.74515300079603
659.103820147147,370.813974627401,2.98460314925239
106.570482189908,489.637442038723,4.38107164340572
627.981767735652,93.49167877147,4.13335076976485
422.571415618245,257.778699143277,3.52026100587699
10.2136935542353,182.258653696832,3.25145871573149
66.8617864051482,115.609733134878,4.39303446389712
604.834144960775,199.219105610045,4.24983151504004
256.600954312406,218.153274131188,3.85356676921807
578.17142101767,439.770311041395,4.19912336964028
302.515520297323,143.067083862608,3.62839758300224
528.989243377298,458.824590753663,3.68277613449435
41.1007045249383,426.045581297084,3.65642957880871
191.600488216931,290.771226840524,3.94506195445255
548.177454988528,267.688485432514,3.86298775176057
180.576277094566,23.7962613342334,4.24504399291612
494.416995092479,334.668049836251,4.28663949704553
25.5122930125901,48.3377415329992,4.19477602141881
529.491260419348,151.627209920693,4.75518559182551
NA,NA,NA
660.311260517044,331.059930554813,3.63861697929309
454.090742180618,297.135323152111,3.63002086218309
10.1309032932043,494.50049311443,3.58418913482267
560.623292828986,48.2816763277478,4.08514530741766
76.0621561320473,374.229872559083,4.00860041722601
229.982232714806,414.978723967583,3.96545568403889
425.943317235127,13.2866799156438,3.15688232835705
361.271766719688,295.755332996971,2.98919495041475
604.0545542501,104.495686998739,4.19295385182411
393.657377999412,225.0471713698,4.29349617899186
572.708673704057,410.229002933814,4.804481971559
141.801405598744,283.82515906611,4.52495283156122
202.952606590418,365.690469194129,4.0557129605661
124.234153465156,409.623481097299,3.45227314621966
620.086282489532,310.535061879537,4.49785325775689
3.666229193573,147.542806994158,4.26497183920553
539.728459774015,200.500950753404,4.05199318514535
31.9254731775815,491.158004250068,2.94320992887706
280.200478490863,24.1378771760406,3.81612272173485
534.333115926753,387.963688510905,3.53314494478881
73.9767013028564,71.3301373548209,5.35795344435017
4.61415538719917,75.4564506249319,3.58159857474048
587.733954053317,226.023796401086,3.92813971684072
436.148490448668,467.527742188985,4.82281907422336
659.721263888542,373.837030992342,3.04154657849632
102.225076652648,490.201853794565,4.37695614110539
623.94501464512,88.6574532983466,4.0988250762207
420.609261219907,257.50129847788,3.55304685258586
10.117942608242,180.406054356522,3.17973422071702
59.5566841607731,111.549540078849,4.608357769645
620.546264255747,203.879924248279,4.10940970361957
253.897019846745,215.178118071676,3.71935841682233
569.882989918668,432.090834990097,3.99796352338934
294.699446780417,135.530687409104,3.89920627632576
525.435118588944,456.976569866924,3.57787453972822
46.7464229989736,430.540528424431,4.13556596754694
186.905774109424,284.586270107333,4.26698816417755
545.835788038149,263.970843060693,3.72390365823064
187.455662706723,19.1750341725129,4.55868496221052
501.858372301906,334.465869829135,4.56242054069879
37.8292475479507,60.8291174762224,4.03446537194882
531.543766994371,142.702091906916,4.41471594366265
NA,NA,NA
660.311260517044,331.059930554813,3.63861697929309
454.090742180618,297.135323152111,3.63002086218309
10.1309032932043,494.50049311443,3.58418913482267
560.623292828986,48.2816763277478,4.08514530741766
76.0621561320473,374.229872559083,4.00860041722601
229.982232714806,414.978723967583,3.96545568403889
425.943317235127,13.2866799156438,3.15688232835705
361.271766719688,295.755332996971,2.98919495041475
604.0545542501,104.495686998739,4.19295385182411
393.657377999412,225.0471713698,4.29349617899186
572.708673704057,410.229002933814,4.804481971559
141.801405598744,283.82515906611,4.52495283156122
202.952606590418,365.690469194129,4.0557129605661
124.234153465156,409.623481097299,3.45227314621966
620.086282489532,310.535061879537,4.49785325775689
3.666229193573,147.542806994158,4.26497183920553
539.728459774015,200.500950753404,4.05199318514535
31.9254731775815,491.158004250068,2.94320992887706
280.200478490863,24.1378771760406,3.81612272173485
534.333115926753,387.963688510905,3.53314494478881
73.9767013028564,71.3301373548209,5.35795344435017
4.61415538719917,75.4564506249319,3.58159857474048
587.733954053317,226.023796401086,3.92813971684072
436.148490448668,467.527742188985,4.82281907422336
659.721263888542,373.837030992342,3.04154657849632
102.225076652648,490.201853794565,4.37695614110539
623.94501464512,88.6574532983466,4.0988250762207
420.609261219907,257.50129847788,3.55304685258586
10.117942608242,180.406054356522,3.17973422071702
59.5566841607731,111.549540078849,4.608357769645
620.546264255747,203.879924248279,4.10940970361957
253.897019846745,215.178118071676,3.71935841682233
569.882989918668,432.090834990097,3.99796352338934
294.699446780417,135.530687409104,3.89920627632576
525.435118588944,456.976569866924,3.57787453972822
46.7464229989736,430.540528424431,4.13556596754694
186.905774109424,284.586270107333,4.26698816417755
545.835788038149,263.970843060693,3.72390365823064
187.455662706723,19.1750341725129,4.55868496221052
501.858372301906,334.465869829135,4.56242054069879
37.8292475479507,60.8291174762224,4.03446537194882
531.543766994371,142.702091906916,4.41471594366265
NA,NA,NA
660.311260517044,331.059930554813,3.63861697929309
454.090742180618,297.135323152111,3.63002086218309
10.1309032932043,494.50049311443,3.58418913482267
560.623292828986,48.2816763277478,4.08514530741766
76.0621561320473,374.229872559083,4.00860041722601
229.982232714806,414.978723967583,3.96545568403889
425.943317235127,13.2866799156438,3.15688232835705
361.271766719688,295.755332996971,2.98919495041475
604.0545542501,104.495686998739,4.19295385182411
393.657377999412,225.0471713698,4.29349617899186
572.708673704057,410.229002933814,4.804481971559
141.801405598744,283.82515906611,4.52495283156122
202.952606590418,365.690469194129,4.0557129605661
124.234153465156,409.623481097299,3.45227314621966
620.086282489532,310.535061879537,4.49785325775689
3.666229193573,147.542806994158,4.26497183920553
539.728459774015,200.500950753404,4.05199318514535
31.9254731775815,491.158004250068,2.94320992887706
280.200478490863,24.1378771760406,3.81612272173485
534.333115926753,387.963688510905,3.53314494478881
73.9767013028564,71.3301373548209,5.35795344435017
4.61415538719917,75.4564506249319,3.58159857474048
587.733954053317,226.023796401086,3.92813971684072
436.148490448668,467.527742188985,4.82281907422336
659.721263888542,373.837030992342,3.04154657849632
102.225076652648,490.201853794565,4.37695614110539
623.94501464512,88.6574532983466,4.0988250762207
420.609261219907,257.50129847788,3.55304685258586
10.117942608242,180.406054356522,3.17973422071702
59.5566841607731,111.549540078849,4.608357769645
620.546264255747,203.879924248279,4.10940970361957
253.897019846745,215.178118071676,3.71935841682233
569.882989918668,432.090834990097,3.99796352338934
294.699446780417,135.530687409104,3.89920627632576
525.435118588944,456.976569866924,3.57787453972822
46.7464229989736,430.540528424431,4.13556596754694
186.905774109424,284.586270107333,4.26698816417755
545.835788038149,263.970843060693,3.72390365823064
187.455662706723,19.1750341725129,4.55868496221052
501.858372301906,334.465869829135,4.56242054069879
37.8292475479507,60.8291174762224,4.03446537194882
531.543766994371,142.702091906916,4.41471594366265
NA,NA,NA
660.311260517044,331.059930554813,3.63861697929309
454.090742180618,297.135323152111,3.63002086218309
10.1309032932043,494.50049311443,3.58418913482267
560.623292828986,48.2816763277478,4.08514530741766
76.0621561320473,374.229872559083,4.00860041722601
229.982232714806,414.978723967583,3.96545568403889
425.943317235127,13.2866799156438,3.15688232835705
361.271766719688,295.755332996971,2.98919495041475
604.0545542501,104.495686998739,4.19295385182411
393.657377999412,225.0471713698,4.29349617899186
572.708673704057,410.229002933814,4.804481971559
141.801405598744,283.82515906611,4.52495283156122
202.952606590418,365.690469194129,4.0557129605661
124.234153465156,409.623481097299,3.45227314621966
620.086282489532,310.535061879537,4.49785325775689
3.666229193573,147.542806994158,4.26497183920553
539.728459774015,200.500950753404,4.05199318514535
31.9254731775815,491.158004250068,2.94320992887706
280.200478490863,24.1378771760406,3.81612272173485
534.333115926753,387.963688510905,3.53314494478881
73.9767013028564,71.3301373548209,5.35795344435017
4.61415538719917,75.4564506249319,3.58159857474048
587.733954053317,226.023796401086,3.92813971684072
436.148490448668,467.527742188985,4.82281907422336
659.721263888542,373.837030992342,3.04154657849632
102.225076652648,490.201853794565,4.37695614110539
623.94501464512,88.6574532983466,4.0988250762207
420.609261219907,257.50129847788,3.55304685258586
10.117942608242,180.406054356522,3.17973422071702
59.5566841607731,111.549540078849,4.608357769645
620.546264255747,203.879924248279,4.10940970361957
253.897019846745,215.178118071676,3.71935841682233
569.882989918668,432.090834990097,3.99796352338934
294.699446780417,135.530687409104,3.89920627632576
525.435118588944,456.976569866924,3.57787453972822
46.7464229989736,430.540528424431,4.13556596754694
186.905774109424,284.586270107333,4.26698816417755
545.835788038149,263.970843060693,3.72390365823064
187.455662706723,19.1750341725129,4.55868496221052
501.858372301906,334.465869829135,4.56242054069879
37.8292475479507,60.8291174762224,4.03446537194882
531.543766994371,142.702091906916,4.41471594366265
NA,NA,NA
660.311260517044,331.059930554813,3.63861697929309
454.090742180618,297.135323152111,3.63002086218309
10.1309032932043,494.50049311443,3.58418913482267
560.623292828986,48.2816763277478,4.08514530741766
76.0621561320473,374.229872559083,4.00860041722601
229.982232714806,414.978723967583,3.96545568403889
425.943317235127,13.2866799156438,3.15688232835705
361.271766719688,295.755332996971,2.98919495041475
604.0545542501,104.495686998739,4.19295385182411
393.657377999412,225.0471713698,4.29349617899186
572.708673704057,410.229002933814,4.804481971559
141.801405598744,283.82515906611,4.52495283156122
202.952606590418,365.690469194129,4.0557129605661
124.234153465156,409.623481097299,3.45227314621966
620.086282489532,310.535061879537,4.49785325775689
3.666229193573,147.542806994158,4.26497183920553
539.728459774015,200.500950753404,4.05199318514535
31.9254731775815,491.158004250068,2.94320992887706
280.200478490863,24.1378771760406,3.81612272173485
534.333115926753,387.963688510905,3.53314494478881
73.9767013028564,71.3301373548209,5.35795344435017
4.61415538719917,75.4564506249319,3.58159857474048
587.733954053317,226.023796401086,3.92813971684072
436.148490448668,467.527742188985,4.82281907422336
659.721263888542,373.837030992342,3.04154657849632
102.225076652648,490.201853794565,4.37695614110539
623.94501464512,88.6574532983466,4.0988250762207
420.609261219907,257.50129847788,3.55304685258586
10.117942608242,180.406054356522,3.17973422071702
59.5566841607731,111.549540078849,4.608357769645
620.546264255747,203.879924248279,4.10940970361957
253.897019846745,215.178118071676,3.71935841682233
569.882989918668,432.090834990097,3.99796352338934
294.699446780417,135.530687409104,3.89920627632576
525.435118588944,456.976569866924,3.57787453972822
46.7464229989736,430.540528424431,4.13556596754694
186.905774109424,284.586270107333,4.26698816417755
545.835788038149,263.970843060693,3.72390365823064
187.455662706723,19.1750341725129,4.55868496221052
501.858372301906,334.465869829135,4.56242054069879
37.8292475479507,60.8291174762224,4.03446537194882
531.543766994371,142.702091906916,4.41471594366265
NA,NA,NA
660.311260517044,331.059930554813,3.63861697929309
454.090742180618,297.135323152111,3.63002086218309
10.1309032932043,494.50049311443,3.58418913482267
560.623292828986,48.2816763277478,4.08514530741766
76.0621561320473,374.229872559083,4.00860041722601
229.982232714806,414.978723967583,3.96545568403889
425.943317235127,13.2866799156438,3.15688232835705
361.271766719688,295.755332996971,2.98919495041475
604.0545542501,104.495686998739,4.19295385182411
393.657377999412,225.0471713698,4.29349617899186
572.708673704057,410.229002933814,4.804481971559
141.801405598744,283.82515906611,4.52495283156122
202.952606590418,365.690469194129,4.0557129605661
124.234153465156,409.623481097299,3.45227314621966
620.086282489532,310.535061879537,4.49785325775689
3.666229193573,147.542806994158,4.26497183920553
539.728459774015,200.500950753404,4.05199318514535
31.9254731775815,491.158004250068,2.94320992887706
280.200478490863,24.1378771760406,3.81612272173485
534.333115926753,387.963688510905,3.53314494478881
73.9767013028564,71.3301373548209,5.35795344435017
4.61415538719917,75.4564506249319,3.58159857474048
587.733954053317,226.023796401086,3.92813971684072
436.148490448668,467.527742188985,4.82281907422336
659.721263888542,373.837030992342,3.04154657849632
102.225076652648,490.201853794565,4.37695614110539
623.94501464512,88.6574532983466,4.0988250762207
420.609261219907,257.50129847788,3.55304685258586
10.117942608242,180.406054356522,3.17973422071702
59.5566841607731,111.549540078849,4.608357769645
620.546264255747,203.879924248279,4.10940970361957
253.897019846745,215.178118071676,3.71935841682233
569.882989918668,432.090834990097,3.99796352338934
294.699446780417,135.530687409104,3.89920627632576
525.435118588944,456.976569866924,3.57787453972822
46.7464229989736,430.540528424431,4.13556596754694
186.905774109424,284.586270107333,4.26698816417755
545.835788038149,263.970843060693,3.72390365823064
187.455662706723,19.1750341725129,4.55868496221052
501.858372301906,334.465869829135,4.56242054069879
37.8292475479507,60.8291174762224,4.03446537194882
531.543766994371,142.702091906916,4.41471594366265
NA,NA,NA
662.475431867943,334.39723690824,3.44526804920849
457.836023817805,299.3418995244,3.86423764205238
14.9237711043968,494.819806025798,3.5795025395446
560.286360039491,52.943403978503,4.21979933515921
75.4048661290622,377.58121625687,3.99852568073701
226.047838831406,411.599400662904,3.86127856323975
430.073517001444,15.6989448901954,3.28207103220315
364.50778941331,290.555996119554,3.12602325116708
598.47371718971,105.203515925549,4.23284465337089
389.318757185477,231.604761461311,4.17288391166014
573.031844328472,410.781149042423,4.76872866327382
139.339188206945,285.015280185603,4.4592039099377
196.738033146175,371.15752475943,4.05719392542018
124.61619546461,410.564343225117,3.34282084629411
627.043446608289,310.987946009546,4.64974817923847
0.660172320223867,153.838073025541,4.24500574782567
547.437193773438,200.831183318447,4.27486374010454
33.4916185276084,490.475603990476,2.87199314953777
277.941941384518,21.4907293599218,3.87811361967583
534.436773105338,388.731054044508,3.53533702443134
76.5205076388611,75.5663920528254,5.24266414235353
3.04026061436746,74.6702491392344,3.57369978264702
592.815140981695,226.324426623437,3.97409146996632
443.761078148832,461.553002833551,4.81482283248363
658.953420837109,373.795055808384,2.93572217770532
100.05787558752,487.419732287854,4.42324696924816
619.334908341508,89.358830030459,4.13302548521663
417.897388422145,258.798170888008,3.62935728962875
12.2993887885689,182.329300061236,3.21271025912033
62.4451505865064,113.353785396836,4.44526127946295
621.744431100061,194.511325558622,4.27607135059049
263.866148707462,224.363277263937,3.84716592720637
577.052546017803,427.075945866565,3.61800375518724
302.923393427541,138.322318663245,4.06055071211226
523.370990134151,455.890907193485,3.93223717518736
55.8040510174501,418.637091841436,4.28230445463457
204.05694333578,281.731350618704,3.67985382243045
547.758793956799,263.218157197164,3.67484955932724
160.341220818234,28.4948176446535,4.29419064828937
500.729656101359,335.264361988704,4.34870058638941
36.7310031022747,45.3465830410358,3.83906120827609
533.980800359181,144.11425281619,4.28412692009468
NA,NA,NA
662.475431867943,334.39723690824,3.44526804920849
457.836023817805,299.3418995244,3.86423764205238
14.9237711043968,494.819806025798,3.5795025395446
560.286360039491,52.943403978503,4.21979933515921
75.4048661290622,377.58121625687,3.99852568073701
226.047838831406,411.599400662904,3.86127856323975
430.073517001444,15.6989448901954,3.28207103220315
364.50778941331,290.555996119554,3.12602325116708
598.47371718971,105.203515925549,4.23284465337089
389.318757185477,231.604761461311,4.17288391166014
573.031844328472,410.781149042423,4.76872866327382
139.339188206945,285.015280185603,4.4592039099377
196.738033146175,371.15752475943,4.05719392542018
124.61619546461,410.564343225117,3.34282084629411
627.043446608289,310.987946009546,4.64974817923847
0.660172320223867,153.838073025541,4.24500574782567
547.437193773438,200.831183318447,4.27486374010454
33.4916185276084,490.475603990476,2.87199314953777
277.941941384518,21.4907293599218,3.87811361967583
534.436773105338,388.731054044508,3.53533702443134
76.5205076388611,75.5663920528254,5.24266414235353
3.04026061436746,74.6702491392344,3.57369978264702
592.815140981695,226.324426623437,3.97409146996632
443.761078148832,461.553002833551,4.81482283248363
658.953420837109,373.795055808384,2.93572217770532
100.05787558752,487.419732287854,4.42324696924816
619.334908341508,89.358830030459,4.13302548521663
417.897388422145,258.798170888008,3.62935728962875
12.2993887885689,182.329300061236,3.21271025912033
62.4451505865064,113.353785396836,4.44526127946295
621.744431100061,194.511325558622,4.27607135059049
263.866148707462,224.363277263937,3.84716592720637
577.052546017803,427.075945866565,3.61800375518724
302.923393427541,138.322318663245,4.06055071211226
523.370990134151,455.890907193485,3.93223717518736
55.8040510174501,418.637091841436,4.28230445463457
204.05694333578,281.731350618704,3.67985382243045
547.758793956799,263.218157197164,3.67484955932724
160.341220818234,28.4948176446535,4.29419064828937
500.729656101359,335.264361988704,4.34870058638941
36.7310031022747,45.3465830410358,3.83906120827609
533.980800359181,144.11425281619,4.28412692009468
NA,NA,NA
662.475431867943,334.39723690824,3.44526804920849
457.836023817805,299.3418995244,3.86423764205238
14.9237711043968,494.819806025798,3.5795025395446
560.286360039491,52.943403978503,4.21979933515921
75.4048661290622,377.58121625687,3.99852568073701
226.047838831406,411.599400662904,3.86127856323975
430.073517001444,15.6989448901954,3.28207103220315
364.50778941331,290.555996119554,3.12602325116708
598.47371718971,105.203515925549,4.23284465337089
389.318757185477,231.604761461311,4.17288391166014
573.031844328472,410.781149042423,4.76872866327382
139.339188206945,285.015280185603,4.4592039099377
196.738033146175,371.15752475943,4.05719392542018
124.61619546461,410.564343225117,3.34282084629411
627.043446608289,310.987946009546,4.64974817923847
0.660172320223867,153.838073025541,4.24500574782567
547.437193773438,200.831183318447,4.27486374010454
33.4916185276084,490.475603990476,2.87199314953777
277.941941384518,21.4907293599218,3.87811361967583
534.436773105338,388.731054044508,3.53533702443134
76.5205076388611,75.5663920528254,5.24266414235353
3.04026061436746,74.6702491392344,3.57369978264702
592.815140981695,226.324426623437,3.97409146996632
443.761078148832,461.553002833551,4.81482283248363
658.953420837109,373.795055808384,2.93572217770532
100.05787558752,487.419732287854,4.42324696924816
619.334908341508,89.358830030459,4.13302548521663
417.897388422145,258.798170888008,3.62935728962875
12.2993887885689,182.329300061236,3.21271025912033
62.4451505865064,113.353785396836,4.44526127946295
621.744431100061,194.511325558622,4.27607135059049
263.866148707462,224.363277263937,3.84716592720637
577.052546017803,427.075945866565,3.61800375518724
302.923393427541,138.322318663245,4.06055071211226
523.370990134151,455.890907193485,3.93223717518736
55.8040510174501,418.637091841436,4.28230445463457
204.05694333578,281.731350618704,3.67985382243045
547.758793956799,263.218157197164,3.67484955932724
160.341220818234,28.4948176446535,4.29419064828937
500.729656101359,335.264361988704,4.34870058638941
36.7310031022747,45.3465830410358,3.83906120827609
533.980800359181,144.11425281619,4.28412692009468
NA,NA,NA
662.475431867943,334.39723690824,3.44526804920849
457.836023817805,299.3418995244,3.86423764205238
14.9237711043968,494.819806025798,3.5795025395446
560.286360039491,52.943403978503,4.21979933515921
75.4048661290622,377.58121625687,3.99852568073701
226.047838831406,411.599400662904,3.86127856323975
430.073517001444,15.6989448901954,3.28207103220315
364.50778941331,290.555996119554,3.12602325116708
598.47371718971,105.203515925549,4.23284465337089
389.318757185477,231.604761461311,4.17288391166014
573.031844328472,410.781149042423,4.76872866327382
139.339188206945,285.015280185603,4.4592039099377
196.738033146175,371.15752475943,4.05719392542018
124.61619546461,410.564343225117,3.34282084629411
627.043446608289,310.987946009546,4.64974817923847
0.660172320223867,153.838073025541,4.24500574782567
547.437193773438,200.831183318447,4.27486374010454
33.4916185276084,490.475603990476,2.87199314953777
277.941941384518,21.4907293599218,3.87811361967583
534.436773105338,388.731054044508,3.53533702443134
76.5205076388611,75.5663920528254,5.24266414235353
3.04026061436746,74.6702491392344,3.57369978264702
592.815140981695,226.324426623437,3.97409146996632
443.761078148832,461.553002833551,4.81482283248363
658.953420837109,373.795055808384,2.93572217770532
100.05787558752,487.419732287854,4.42324696924816
619.334908341508,89.358830030459,4.13302548521663
417.897388422145,258.798170888008,3.62935728962875
12.2993887885689,182.329300061236,3.21271025912033
62.4451505865064,113.353785396836,4.44526127946295
621.744431100061,194.511325558622,4.27607135059049
263.866148707462,224.363277263937,3.84716592720637
577.052546017803,427.075945866565,3.61800375518724
302.923393427541,138.322318663245,4.06055071211226
523.370990134151,455.890907193485,3.93223717518736
55.8040510174501,418.637091841436,4.28230445463457
204.05694333578,281.731350618704,3.67985382243045
547.758793956799,263.218157197164,3.67484955932724
160.341220818234,28.4948176446535,4.29419064828937
500.729656101359,335.264361988704,4.34870058638941
36.7310031022747,45.3465830410358,3.83906120827609
533.980800359181,144.11425281619,4.28412692009468
NA,NA,NA
662.475431867943,334.39723690824,3.44526804920849
457.836023817805,299.3418995244,3.86423764205238
14.9237711043968,494.819806025798,3.5795025395446
560.286360039491,52.943403978503,4.21979933515921
75.4048661290622,377.58121625687,3.99852568073701
226.047838831406,411.599400662904,3.86127856323975
430.073517001444,15.6989448901954,3.28207103220315
364.50778941331,290.555996119554,3.12602325116708
598.47371718971,105.203515925549,4.23284465337089
389.318757185477,231.604761461311,4.17288391166014
573.031844328472,410.781149042423,4.76872866327382
139.339188206945,285.015280185603,4.4592039099377
196.738033146175,371.15752475943,4.05719392542018
124.61619546461,410.564343225117,3.34282084629411
627.043446608289,310.987946009546,4.64974817923847
0.660172320223867,153.838073025541,4.24500574782567
547.437193773438,200.831183318447,4.27486374010454
33.4916185276084,490.475603990476,2.87199314953777
277.941941384518,21.4907293599218,3.87811361967583
534.436773105338,388.731054044508,3.53533702443134
76.5205076388611,75.5663920528254,5.24266414235353
3.04026061436746,74.6702491392344,3.57369978264702
592.815140981695,226.324426623437,3.97409146996632
443.761078148832,461.553002833551,4.81482283248363
658.953420837109,373.795055808384,2.93572217770532
100.05787558752,487.419732287854,4.42324696924816
619.334908341508,89.358830030459,4.13302548521663
417.897388422145,258.798170888008,3.62935728962875
12.2993887885689,182.329300061236,3.21271025912033
62.4451505865064,113.353785396836,4.44526127946295
621.744431100061,194.511325558622,4.27607135059049
263.866148707462,224.363277263937,3.84716592720637
577.052546017803,427.075945866565,3.61800375518724
302.923393427541,138.322318663245,4.06055071211226
523.370990134151,455.890907193485,3.93223717518736
55.8040510174501,418.637091841436,4.28230445463457
204.05694333578,281.731350618704,3.67985382243045
547.758793956799,263.218157197164,3.67484955932724
160.341220818234,28.4948176446535,4.29419064828937
500.729656101359,335.264361988704,4.34870058638941
36.7310031022747,45.3465830410358,3.83906120827609
533.980800359181,144.11425281619,4.28412692009468
NA,NA,NA
662.475431867943,334.39723690824,3.44526804920849
457.836023817805,299.3418995244,3.86423764205238
14.9237711043968,494.819806025798,3.5795025395446
560.286360039491,52.943403978503,4.21979933515921
75.4048661290622,377.58121625687,3.99852568073701
226.047838831406,411.599400662904,3.86127856323975
430.073517001444,15.6989448901954,3.28207103220315
364.50778941331,290.555996119554,3.12602325116708
598.47371718971,105.203515925549,4.23284465337089
389.318757185477,231.604761461311,4.17288391166014
573.031844328472,410.781149042423,4.76872866327382
139.339188206945,285.015280185603,4.4592039099377
196.738033146175,371.15752475943,4.05719392542018
124.61619546461,410.564343225117,3.34282084629411
627.043446608289,310.987946009546,4.64974817923847
0.660172320223867,153.838073025541,4.24500574782567
547.437193773438,200.831183318447,4.27486374010454
33.4916185276084,490.475603990476,2.87199314953777
277.941941384518,21.4907293599218,3.87811361967583
534.436773105338,388.731054044508,3.53533702443134
76.5205076388611,75.5663920528254,5.24266414235353
3.04026061436746,74.6702491392344,3.57369978264702
592.815140981695,226.324426623437,3.97409146996632
443.761078148832,461.553002833551,4.81482283248363
658.953420837109,373.795055808384,2.93572217770532
100.05787558752,487.419732287854,4.42324696924816
619.334908341508,89.358830030459,4.13302548521663
417.897388422145,258.798170888008,3.62935728962875
12.2993887885689,182.329300061236,3.21271025912033
62.4451505865064,113.353785396836,4.44526127946295
621.744431100061,194.511325558622,4.27607135059049
263.866148707462,224.363277263937,3.84716592720637
577.052546017803,427.075945866565,3.61800375518724
302.923393427541,138.322318663245,4.06055071211226
523.370990134151,455.890907193485,3.93223717518736
55.8040510174501,418.637091841436,4.28230445463457
204.05694333578,281.731350618704,3.67985382243045
547.758793956799,263.218157197164,3.67484955932724
160.341220818234,28.4948176446535,4.29419064828937
500.729656101359,335.264361988704,4.34870058638941
36.7310031022747,45.3465830410358,3.83906120827609
533.980800359181,144.11425281619,4.28412692009468
NA,NA,NA
664.294432804474,329.173321825879,3.67789679200834
458.227390403675,300.928937922317,3.47839569695934
9.8777401808008,498.481958618155,3.47100454568948
558.575941122789,56.4096769492013,4.19274992104714
70.3833849388211,370.37710042269,3.9487172160977
230.319377099392,408.409212158216,3.94739943870578
425.972535931121,13.2583730688306,3.3740673863955
361.98956887229,293.97864886539,3.16538244672589
602.922014776632,106.440540305622,4.21820521646652
388.62922837965,230.894802890831,4.27492612390781
567.159604555615,416.386399458227,4.71743381566761
140.935091825361,283.003885029486,4.48569546601856
197.354034902752,368.301390693507,3.96680248860646
125.800224013975,413.876571567374,3.47654186538027
633.650871930688,309.592612408349,4.34656509135719
0.732648323100361,145.037883821058,4.19756123068062
540.809980174698,204.83719163789,4.09201495991703
33.8728412273313,489.716669838547,2.99179388874037
281.64506193441,27.335048154464,3.82285636542934
535.469400921189,390.483508752398,3.39308584414046
73.2521609462945,84.065148446971,5.17026912993739
4.99114510138046,76.8301839120291,3.50363477853023
591.024098829806,227.603482112947,4.13902868051678
433.882695056208,457.066018596409,4.61723360991222
658.383628141238,373.888865418204,3.00980100969841
109.913395044773,490.329465171781,4.34081908817815
626.786235652327,90.7952401172139,4.13585990307442
419.079089338942,255.054149424034,3.70543360533643
11.0706155323979,181.229317339552,3.21387020939793
59.6392273142574,117.20488012695,4.40948007346304
606.512534858367,205.696456738869,4.4071161245631
255.842954300979,219.25028164093,4.2075196521912
568.833699948453,442.865461640631,3.87838694282147
298.431287964491,136.111363759798,3.8876107293684
528.175872076827,458.815921316006,3.72249130393482
43.1463641622709,416.431048609974,4.0158069678815
187.645120796949,292.488454483872,4.42578775629286
555.623014978886,267.305328354509,3.68055781027376
174.170445661029,35.18781572101,4.33103550223167
493.902771862117,349.271869399563,4.55764631290838
25.5675658595373,55.4310571995282,3.73504861154642
535.546854108274,149.511771980428,5.03353516157705
NA,NA,NA
664.294432804474,329.173321825879,3.67789679200834
458.227390403675,300.928937922317,3.47839569695934
9.8777401808008,498.481958618155,3.47100454568948
558.575941122789,56.4096769492013,4.19274992104714
70.3833849388211,370.37710042269,3.9487172160977
230.319377099392,408.409212158216,3.94739943870578
425.972535931121,13.2583730688306,3.3740673863955
361.98956887229,293.97864886539,3.16538244672589
602.922014776632,106.440540305622,4.21820521646652
388.62922837965,230.894802890831,4.27492612390781
567.159604555615,416.386399458227,4.71743381566761
140.935091825361,283.003885029486,4.48569546601856
197.354034902752,368.301390693507,3.96680248860646
125.800224013975,413.876571567374,3.47654186538027
633.650871930688,309.592612408349,4.34656509135719
0.732648323100361,145.037883821058,4.19756123068062
540.809980174698,204.83719163789,4.09201495991703
33.8728412273313,489.716669838547,2.99179388874037
281.64506193441,27.335048154464,3.82285636542934
535.469400921189,390.483508752398,3.39308584414046
73.2521609462945,84.065148446971,5.17026912993739
4.99114510138046,76.8301839120291,3.50363477853023
591.024098829806,227.603482112947,4.13902868051678
433.882695056208,457.066018596409,4.61723360991222
658.383628141238,373.888865418204,3.00980100969841
109.913395044773,490.329465171781,4.34081908817815
626.786235652327,90.7952401172139,4.13585990307442
419.079089338942,255.054149424034,3.70543360533643
11.0706155323979,181.229317339552,3.21387020939793
59.6392273142574,117.20488012695,4.40948007346304
606.512534858367,205.696456738869,4.4071161245631
255.842954300979,219.25028164093,4.2075196521912
568.833699948453,442.865461640631,3.87838694282147
298.431287964491,136.111363759798,3.8876107293684
528.175872076827,458.815921316006,3.72249130393482
43.1463641622709,416.431048609974,4.0158069678815
187.645120796949,292.488454483872,4.42578775629286
555.623014978886,267.305328354509,3.68055781027376
174.170445661029,35.18781572101,4.33103550223167
493.902771862117,349.271869399563,4.55764631290838
25.5675658595373,55.4310571995282,3.73504861154642
535.546854108274,149.511771980428,5.03353516157705
NA,NA,NA
664.294432804474,329.173321825879,3.67789679200834
458.227390403675,300.928937922317,3.47839569695934
9.8777401808008,498.481958618155,3.47100454568948
558.575941122789,56.4096769492013,4.19274992104714
70.3833849388211,370.37710042269,3.9487172160977
230.319377099392,408.409212158216,3.94739943870578
425.972535931121,13.2583730688306,3.3740673863955
361.98956887229,293.97864886539,3.16538244672589
602.922014776632,106.440540305622,4.21820521646652
388.62922837965,230.894802890831,4.27492612390781
567.159604555615,416.386399458227,4.71743381566761
140.935091825361,283.003885029486,4.48569546601856
197.354034902752,368.301390693507,3.96680248860646
125.800224013975,413.876571567374,3.47654186538027
633.650871930688,309.592612408349,4.34656509135719
0.732648323100361,145.037883821058,4.19756123068062
540.809980174698,204.83719163789,4.09201495991703
33.8728412273313,489.716669838547,2.99179388874037
281.64506193441,27.335048154464,3.82285636542934
535.469400921189,390.483508752398,3.39308584414046
73.2521609462945,84.065148446971,5.17026912993739
4.99114510138046,76.8301839120291,3.50363477853023
591.024098829806,227.603482112947,4.13902868051678
433.882695056208,457.066018596409,4.61723360991222
658.383628141238,373.888865418204,3.00980100969841
109.913395044773,490.329465171781,4.34081908817815
626.786235652327,90.7952401172139,4.13585990307442
419.079089338942,255.054149424034,3.70543360533643
11.0706155323979,181.229317339552,3.21387020939793
59.6392273142574,117.20488012695,4.40948007346304
606.512534858367,205.696456738869,4.4071161245631
255.842954300979,219.25028164093,4.2075196521912
568.833699948453,442.865461640631,3.87838694282147
298.431287964491,136.111363759798,3.8876107293684
528.175872076827,458.815921316006,3.72249130393482
43.1463641622709,416.431048609974,4.0158069678815
187.645120796949,292.488454483872,4.42578775629286
555.623014978886,267.305328354509,3.68055781027376
174.170445661029,35.18781572101,4.33103550223167
493.902771862117,349.271869399563,4.55764631290838
25.5675658595373,55.4310571995282,3.73504861154642
535.546854108274,149.511771980428,5.03353516157705
NA,NA,NA
664.294432804474,329.173321825879,3.67789679200834
458.227390403675,300.928937922317,3.47839569695934
9.8777401808008,498.481958618155,3.47100454568948
558.575941122789,56.4096769492013,4.19274992104714
70.3833849388211,370.37710042269,3.9487172160977
230.319377099392,408.409212158216,3.94739943870578
425.972535931121,13.2583730688306,3.3740673863955
361.98956887229,293.97864886539,3.16538244672589
602.922014776632,106.440540305622,4.21820521646652
388.62922837965,230.894802890831,4.27492612390781
567.159604555615,416.386399458227,4.71743381566761
140.935091825361,283.003885029486,4.48569546601856
197.354034902752,368.301390693507,3.96680248860646
125.800224013975,413.876571567374,3.47654186538027
633.650871930688,309.592612408349,4.34656509135719
0.732648323100361,145.037883821058,4.19756123068062
540.809980174698,204.83719163789,4.09201495991703
33.8728412273313,489.716669838547,2.99179388874037
281.64506193441,27.335048154464,3.82285636542934
535.469400921189,390.483508752398,3.39308584414046
73.2521609462945,84.065148446971,5.17026912993739
4.99114510138046,76.8301839120291,3.50363477853023
591.024098829806,227.603482112947,4.13902868051678
433.882695056208,457.066018596409,4.61723360991222
658.383628141238,373.888865418204,3.00980100969841
109.913395044773,490.329465171781,4.34081908817815
626.786235652327,90.7952401172139,4.13585990307442
419.079089338942,255.054149424034,3.70543360533643
11.0706155323979,181.229317339552,3.21387020939793
59.6392273142574,117.20488012695,4.40948007346304
606.512534858367,205.696456738869,4.4071161245631
255.842954300979,219.25028164093,4.2075196521912
568.833699948453,442.865461640631,3.87838694282147
298.431287964491,136.111363759798,3.8876107293684
528.175872076827,458.815921316006,3.72249130393482
43.1463641622709,416.431048609974,4.0158069678815
187.645120796949,292.488454483872,4.42578775629286
555.623014978886,267.305328354509,3.68055781027376
174.170445661029,35.18781572101,4.33103550223167
493.902771862117,349.271869399563,4.55764631290838
25.5675658595373,55.4310571995282,3.73504861154642
535.546854108274,149.511771980428,5.03353516157705
NA,NA,NA
664.294432804474,329.173321825879,3.67789679200834
458.227390403675,300.928937922317,3.47839569695934
9.8777401808008,498.481958618155,3.47100454568948
558.575941122789,56.4096769492013,4.19274992104714
70.3833849388211,370.37710042269,3.9487172160977
230.319377099392,408.409212158216,3.94739943870578
425.972535931121,13.2583730688306,3.3740673863955
361.98956887229,293.97864886539,3.16538244672589
602.922014776632,106.440540305622,4.21820521646652
388.62922837965,230.894802890831,4.27492612390781
567.159604555615,416.386399458227,4.71743381566761
140.935091825361,283.003885029486,4.48569546601856
197.354034902752,368.301390693507,3.96680248860646
125.800224013975,413.876571567374,3.47654186538027
633.650871930688,309.592612408349,4.34656509135719
0.732648323100361,145.037883821058,4.19756123068062
540.809980174698,204.83719163789,4.09201495991703
33.8728412273313,489.716669838547,2.99179388874037
281.64506193441,27.335048154464,3.82285636542934
535.469400921189,390.483508752398,3.39308584414046
73.2521609462945,84.065148446971,5.17026912993739
4.99114510138046,76.8301839120291,3.50363477853023
591.024098829806,227.603482112947,4.13902868051678
433.882695056208,457.066018596409,4.61723360991222
658.383628141238,373.888865418204,3.00980100969841
109.913395044773,490.329465171781,4.34081908817815
626.786235652327,90.7952401172139,4.13585990307442
419.079089338942,255.054149424034,3.70543360533643
11.0706155323979,181.229317339552,3.21387020939793
59.6392273142574,117.20488012695,4.40948007346304
606.512534858367,205.696456738869,4.4071161245631
255.842954300979,219.25028164093,4.2075196521912
568.833699948453,442.865461640631,3.87838694282147
298.431287964491,136.111363759798,3.8876107293684
528.175872076827,458.815921316006,3.72249130393482
43.1463641622709,416.431048609974,4.0158069678815
187.645120796949,292.488454483872,4.42578775629286
555.623014978886,267.305328354509,3.68055781027376
174.170445661029,35.18781572101,4.33103550223167
493.902771862117,349.271869399563,4.55764631290838
25.5675658595373,55.4310571995282,3.73504861154642
535.546854108274,149.511771980428,5.03353516157705
NA,NA,NA
664.294432804474,329.173321825879,3.67789679200834
458.227390403675,300.928937922317,3.47839569695934
9.8777401808008,498.481958618155,3.47100454568948
558.575941122789,56.4096769492013,4.19274992104714
70.3833849388211,370.37710042269,3.9487172160977
230.319377099392,408.409212158216,3.94739943870578
425.972535931121,13.2583730688306,3.3740673863955
361.98956887229,293.97864886539,3.16538244672589
602.922014776632,106.440540305622,4.21820521646652
388.62922837965,230.894802890831,4.27492612390781
567.159604555615,416.386399458227,4.71743381566761
140.935091825361,283.003885029486,4.48569546601856
197.354034902752,368.301390693507,3.96680248860646
125.800224013975,413.876571567374,3.47654186538027
633.650871930688,309.592612408349,4.34656509135719
0.732648323100361,145.037883821058,4.19756123068062
540.809980174698,204.83719163789,4.09201495991703
33.8728412273313,489.716669838547,2.99179388874037
281.64506193441,27.335048154464,3.82285636542934
535.469400921189,390.483508752398,3.39308584414046
73.2521609462945,84.065148446971,5.17026912993739
4.99114510138046,76.8301839120291,3.50363477853023
591.024098829806,227.603482112947,4.13902868051678
433.882695056208,457.066018596409,4.61723360991222
658.383628141238,373.888865418204,3.00980100969841
109.913395044773,490.329465171781,4.34081908817815
626.786235652327,90.7952401172139,4.13585990307442
419.079089338942,255.054149424034,3.70543360533643
11.0706155323979,181.229317339552,3.21387020939793
59.6392273142574,117.20488012695,4.40948007346304
606.512534858367,205.696456738869,4.4071161245631
255.842954300979,219.25028164093,4.2075196521912
568.833699948453,442.865461640631,3.87838694282147
298.431287964491,136.111363759798,3.8876107293684
528.175872076827,458.815921316006,3.72249130393482
43.1463641622709,416.431048609974,4.0158069678815
187.645120796949,292.488454483872,4.42578775629286
555.623014978886,267.305328354509,3.68055781027376
174.170445661029,35.18781572101,4.33103550223167
493.902771862117,349.271869399563,4.55764631290838
25.5675658595373,55.4310571995282,3.73504861154642
535.546854108274,149.511771980428,5.03353516157705
NA,NA,NA
663.181346783609,334.051971405075,3.52448534353605
455.02811187509,295.523321998764,3.65759995385971
14.7761289584975,493.75448873037,3.50148088538458
559.561179544125,55.050055174137,4.17347951335196
69.8382122566228,376.071838394074,3.96675895057908
229.004183841889,415.790527521716,3.90864167010536
428.700640042691,12.7783053138192,3.40897411489931
361.626075429294,294.700677603332,3.01808119406206
604.572867871646,103.34937747297,4.22556156334569
388.612473003873,226.745085995652,4.15014231723723
572.731006964291,406.667053677227,4.7622668159357
137.735289682629,282.996604221903,4.6151451069438
197.438838083513,370.571224887186,3.98302984250886
128.73502208904,412.312436328987,3.43070017284239
625.84310595576,317.334694204101,4.50718268060474
2.73403953434714,150.324413350199,4.27599716098655
539.45482234208,205.205956476093,4.15201425480774
32.6775684466457,492.58993438023,2.97840719938307
284.404758802036,19.6383651610752,3.95795958705864
533.810995710669,393.416185837106,3.412223763123
83.3110086928735,85.0290650949997,5.297017960298
4.38178214207773,76.4981530873218,3.40192277175589
585.996024806216,232.379159643239,3.9889019874759
446.697662480216,469.346453078514,4.72207021254146
657.783630624977,371.690283305973,3.11444851658951
109.165738442637,491.29788307464,4.35956138941475
618.040003935961,88.6182093713912,4.02132177101011
418.002011177615,260.163572069723,3.62963786265053
10.5154637047001,181.383407753486,3.26495533472158
64.7871407653323,107.907773579014,4.49731100657477
608.300021164026,210.684897204091,4.52048343868992
247.784294679971,213.281346386292,3.72154379934461
574.315278743118,431.443172345253,3.604943833894
300.53165237235,137.327575440157,3.51146767996758
531.146550327401,463.418096706328,3.68384173379256
45.7767680208069,421.434929002521,4.0809940718022
195.338282258425,284.770438118442,3.9001670003757
550.582184278091,259.664562351744,3.74651578970003
181.14733239364,29.6987005652215,4.35882875495384
501.398748211658,344.190650776957,4.63268862127101
43.9106869549189,51.5829133532177,3.68489457364752
536.268886820836,164.51120336992,4.55651389073542
NA,NA,NA
663.181346783609,334.051971405075,3.52448534353605
455.02811187509,295.523321998764,3.65759995385971
14.7761289584975,493.75448873037,3.50148088538458
559.561179544125,55.050055174137,4.17347951335196
69.8382122566228,376.071838394074,3.96675895057908
229.004183841889,415.790527521716,3.90864167010536
428.700640042691,12.7783053138192,3.40897411489931
361.626075429294,294.700677603332,3.01808119406206
604.572867871646,103.34937747297,4.22556156334569
388.612473003873,226.745085995652,4.15014231723723
572.731006964291,406.667053677227,4.7622668159357
137.735289682629,282.996604221903,4.6151451069438
197.438838083513,370.571224887186,3.98302984250886
128.73502208904,412.312436328987,3.43070017284239
625.84310595576,317.334694204101,4.50718268060474
2.73403953434714,150.324413350199,4.27599716098655
539.45482234208,205.205956476093,4.15201425480774
32.6775684466457,492.58993438023,2.97840719938307
284.404758802036,19.6383651610752,3.95795958705864
533.810995710669,393.416185837106,3.412223763123
83.3110086928735,85.0290650949997,5.297017960298
4.38178214207773,76.4981530873218,3.40192277175589
585.996024806216,232.379159643239,3.9889019874759
446.697662480216,469.346453078514,4.72207021254146
657.783630624977,371.690283305973,3.11444851658951
109.165738442637,491.29788307464,4.35956138941475
618.040003935961,88.6182093713912,4.02132177101011
418.002011177615,260.163572069723,3.62963786265053
10.5154637047001,181.383407753486,3.26495533472158
64.7871407653323,107.907773579014,4.49731100657477
608.300021164026,210.684897204091,4.52048343868992
247.784294679971,213.281346386292,3.72154379934461
574.315278743118,431.443172345253,3.604943833894
300.53165237235,137.327575440157,3.51146767996758
531.146550327401,463.418096706328,3.68384173379256
45.7767680208069,421.434929002521,4.0809940718022
195.338282258425,284.770438118442,3.9001670003757
550.582184278091,259.664562351744,3.74651578970003
181.14733239364,29.6987005652215,4.35882875495384
501.398748211658,344.190650776957,4.63268862127101
43.9106869549189,51.5829133532177,3.68489457364752
536.268886820836,164.51120336992,4.55651389073542
NA,NA,NA
663.181346783609,334.051971405075,3.52448534353605
455.02811187509,295.523321998764,3.65759995385971
14.7761289584975,493.75448873037,3.50148088538458
559.561179544125,55.050055174137,4.17347951335196
69.8382122566228,376.071838394074,3.96675895057908
229.004183841889,415.790527521716,3.90864167010536
428.700640042691,12.7783053138192,3.40897411489931
361.626075429294,294.700677603332,3.01808119406206
604.572867871646,103.34937747297,4.22556156334569
388.612473003873,226.745085995652,4.15014231723723
572.731006964291,406.667053677227,4.7622668159357
137.735289682629,282.996604221903,4.6151451069438
197.438838083513,370.571224887186,3.98302984250886
128.73502208904,412.312436328987,3.43070017284239
625.84310595576,317.334694204101,4.50718268060474
2.73403953434714,150.324413350199,4.27599716098655
539.45482234208,205.205956476093,4.15201425480774
32.6775684466457,492.58993438023,2.97840719938307
284.404758802036,19.6383651610752,3.95795958705864
533.810995710669,393.416185837106,3.412223763123
83.3110086928735,85.0290650949997,5.297017960298
4.38178214207773,76.4981530873218,3.40192277175589
585.996024806216,232.379159643239,3.9889019874759
446.697662480216,469.346453078514,4.72207021254146
657.783630624977,371.690283305973,3.11444851658951
109.165738442637,491.29788307464,4.35956138941475
618.040003935961,88.6182093713912,4.02132177101011
418.002011177615,260.163572069723,3.62963786265053
10.5154637047001,181.383407753486,3.26495533472158
64.7871407653323,107.907773579014,4.49731100657477
608.300021164026,210.684897204091,4.52048343868992
247.784294679971,213.281346386292,3.72154379934461
574.315278743118,431.443172345253,3.604943833894
300.53165237235,137.327575440157,3.51146767996758
531.146550327401,463.418096706328,3.68384173379256
45.7767680208069,421.434929002521,4.0809940718022
195.338282258425,284.770438118442,3.9001670003757
550.582184278091,259.664562351744,3.74651578970003
181.14733239364,29.6987005652215,4.35882875495384
501.398748211658,344.190650776957,4.63268862127101
43.9106869549189,51.5829133532177,3.68489457364752
536.268886820836,164.51120336992,4.55651389073542
NA,NA,NA
663.181346783609,334.051971405075,3.52448534353605
455.02811187509,295.523321998764,3.65759995385971
14.7761289584975,493.75448873037,3.50148088538458
559.561179544125,55.050055174137,4.17347951335196
69.8382122566228,376.071838394074,3.96675895057908
229.004183841889,415.790527521716,3.90864167010536
428.700640042691,12.7783053138192,3.40897411489931
361.626075429294,294.700677603332,3.01808119406206
604.572867871646,103.34937747297,4.22556156334569
388.612473003873,226.745085995652,4.15014231723723
572.731006964291,406.667053677227,4.7622668159357
137.735289682629,282.996604221903,4.6151451069438
197.438838083513,370.571224887186,3.98302984250886
128.73502208904,412.312436328987,3.43070017284239
625.84310595576,317.334694204101,4.50718268060474
2.73403953434714,150.324413350199,4.27599716098655
539.45482234208,205.205956476093,4.15201425480774
32.6775684466457,492.58993438023,2.97840719938307
284.404758802036,19.6383651610752,3.95795958705864
533.810995710669,393.416185837106,3.412223763123
83.3110086928735,85.0290650949997,5.297017960298
4.38178214207773,76.4981530873218,3.40192277175589
585.996024806216,232.379159643239,3.9889019874759
446.697662480216,469.346453078514,4.72207021254146
657.783630624977,371.690283305973,3.11444851658951
109.165738442637,491.29788307464,4.35956138941475
618.040003935961,88.6182093713912,4.02132177101011
418.002011177615,260.163572069723,3.62963786265053
10.5154637047001,181.383407753486,3.26495533472158
64.7871407653323,107.907773579014,4.49731100657477
608.300021164026,210.684897204091,4.52048343868992
247.784294679971,213.281346386292,3.72154379934461
574.315278743118,431.443172345253,3.604943833894
300.53165237235,137.327575440157,3.51146767996758
531.146550327401,463.418096706328,3.68384173379256
45.7767680208069,421.434929002521,4.0809940718022
195.338282258425,284.770438118442,3.9001670003757
550.582184278091,259.664562351744,3.74651578970003
181.14733239364,29.6987005652215,4.35882875495384
501.398748211658,344.190650776957,4.63268862127101
43.9106869549189,51.5829133532177,3.68489457364752
536.268886820836,164.51120336992,4.55651389073542
NA,NA,NA
663.181346783609,334.051971405075,3.52448534353605
455.02811187509,295.523321998764,3.65759995385971
14.7761289584975,493.75448873037,3.50148088538458
559.561179544125,55.050055174137,4.17347951335196
69.8382122566228,376.071838394074,3.96675895057908
229.004183841889,415.790527521716,3.90864167010536
428.700640042691,12.7783053138192,3.40897411489931
361.626075429294,294.700677603332,3.01808119406206
604.572867871646,103.34937747297,4.22556156334569
388.612473003873,226.745085995652,4.15014231723723
572.731006964291,406.667053677227,4.7622668159357
137.735289682629,282.996604221903,4.6151451069438
197.438838083513,370.571224887186,3.98302984250886
128.73502208904,412.312436328987,3.43070017284239
625.84310595576,317.334694204101,4.50718268060474
2.73403953434714,150.324413350199,4.27599716098655
539.45482234208,205.205956476093,4.15201425480774
32.6775684466457,492.58993438023,2.97840719938307
284.404758802036,19.6383651610752,3.95795958705864
533.810995710669,393.416185837106,3.412223763123
83.3110086928735,85.0290650949997,5.297017960298
4.38178214207773,76.4981530873218,3.40192277175589
585.996024806216,232.379159643239,3.9889019874759
446.697662480216,469.346453078514,4.72207021254146
657.783630624977,371.690283305973,3.11444851658951
109.165738442637,491.29788307464,4.35956138941475
618.040003935961,88.6182093713912,4.02132177101011
418.002011177615,260.163572069723,3.62963786265053
10.5154637047001,181.383407753486,3.26495533472158
64.7871407653323,107.907773579014,4.49731100657477
608.300021164026,210.684897204091,4.52048343868992
247.784294679971,213.281346386292,3.72154379934461
574.315278743118,431.443172345253,3.604943833894
300.53165237235,137.327575440157,3.51146767996758
531.146550327401,463.418096706328,3.68384173379256
45.7767680208069,421.434929002521,4.0809940718022
195.338282258425,284.770438118442,3.9001670003757
550.582184278091,259.664562351744,3.74651578970003
181.14733239364,29.6987005652215,4.35882875495384
501.398748211658,344.190650776957,4.63268862127101
43.9106869549189,51.5829133532177,3.68489457364752
536.268886820836,164.51120336992,4.55651389073542
NA,NA,NA
663.181346783609,334.051971405075,3.52448534353605
455.02811187509,295.523321998764,3.65759995385971
14.7761289584975,493.75448873037,3.50148088538458
559.561179544125,55.050055174137,4.17347951335196
69.8382122566228,376.071838394074,3.96675895057908
229.004183841889,415.790527521716,3.90864167010536
428.700640042691,12.7783053138192,3.40897411489931
361.626075429294,294.700677603332,3.01808119406206
604.572867871646,103.34937747297,4.22556156334569
388.612473003873,226.745085995652,4.15014231723723
572.731006964291,406.667053677227,4.7622668159357
137.735289682629,282.996604221903,4.6151451069438
197.438838083513,370.571224887186,3.98302984250886
128.73502208904,412.312436328987,3.43070017284239
625.84310595576,317.334694204101,4.50718268060474
2.73403953434714,150.324413350199,4.27599716098655
539.45482234208,205.205956476093,4.15201425480774
32.6775684466457,492.58993438023,2.97840719938307
284.404758802036,19.6383651610752,3.95795958705864
533.810995710669,393.416185837106,3.412223763123
83.3110086928735,85.0290650949997,5.297017960298
4.38178214207773,76.4981530873218,3.40192277175589
585.996024806216,232.379159643239,3.9889019874759
446.697662480216,469.346453078514,4.72207021254146
657.783630624977,371.690283305973,3.11444851658951
109.165738442637,491.29788307464,4.35956138941475
618.040003935961,88.6182093713912,4.02132177101011
418.002011177615,260.163572069723,3.62963786265053
10.5154637047001,181.383407753486,3.26495533472158
64.7871407653323,107.907773579014,4.49731100657477
608.300021164026,210.684897204091,4.52048343868992
247.784294679971,213.281346386292,3.72154379934461
574.315278743118,431.443172345253,3.604943833894
300.53165237235,137.327575440157,3.51146767996758
531.146550327401,463.418096706328,3.68384173379256
45.7767680208069,421.434929002521,4.0809940718022
195.338282258425,284.770438118442,3.9001670003757
550.582184278091,259.664562351744,3.74651578970003
181.14733239364,29.6987005652215,4.35882875495384
501.398748211658,344.190650776957,4.63268862127101
43.9106869549189,51.5829133532177,3.68489457364752
536.268886820836,164.51120336992,4.55651389073542
NA,NA,NA
658.612787394094,331.464349164099,3.66508422611277
450.274103053023,294.183318051493,3.68067736387578
10.4861835502515,502.170724707409,3.53731002815077
559.986967151778,55.130962009365,4.10902877674051
72.4676209774799,373.745727965928,3.96257426518741
225.719037317751,418.038622590775,3.86189630043753
428.886079742771,12.8344068551463,3.44338822956316
360.391005896431,291.491359335919,3.14644644583635
604.812507197714,103.575267690101,4.26276042574842
393.073808356624,232.731412130234,4.27205862331612
567.03828396053,406.834562195193,4.69541436706417
141.634532632136,287.379826945778,4.44298736574621
200.178382282226,370.572297186126,3.9071828349698
128.328530750588,410.441730003953,3.48084577611866
626.918079131739,315.128031033159,4.50606665132379
0.175397383859813,146.45305526889,4.27039472123583
541.200441337636,207.529550172381,4.27414588042346
33.0105163518931,489.677758016287,2.96444981642073
280.860046298743,26.8118555431705,3.87049221256984
534.211171070349,393.768644821704,3.49386942023831
71.438389062511,81.1247247471836,5.2004663929889
5.81108675965358,73.5266731690476,3.54509524962423
588.619616906245,228.920253973931,4.02683958022794
439.423195432746,465.047214713743,4.75022275235174
659.999891329179,371.854841945823,2.9209704358263
110.28999730167,488.700578742634,4.3260347853096
625.878162331941,88.7439367119646,4.08954210492112
420.780244723791,257.063284978333,3.60035251708267
11.5028016593266,182.414343006721,3.12909252468347
52.690488979147,102.072670727619,4.50587791605275
611.91556171179,203.291583500677,4.36602463405898
251.115046604088,227.789935521383,3.92255702273352
569.173962203062,434.236765353576,4.04729931139511
296.429214754036,137.730490933859,3.84608328385224
518.414967146422,449.486509949575,3.74490803344711
48.0692429687003,420.28597033409,3.7517292483119
191.54768104347,290.442118791405,4.1019620205506
553.269429627405,264.00958962131,3.60154133584282
169.597386161505,27.5154316528103,4.2997556355279
486.566974083261,345.881197804417,4.2827296083147
36.4637236078411,48.79219200974,4.05307075300905
536.438891458299,137.857335236069,4.83493880047961
NA,NA,NA
658.612787394094,331.464349164099,3.66508422611277
450.274103053023,294.183318051493,3.68067736387578
10.4861835502515,502.170724707409,3.53731002815077
559.986967151778,55.130962009365,4.10902877674051
72.4676209774799,373.745727965928,3.96257426518741
225.719037317751,418.038622590775,3.86189630043753
428.886079742771,12.8344068551463,3.44338822956316
360.391005896431,291.491359335919,3.14644644583635
604.812507197714,103.575267690101,4.26276042574842
393.073808356624,232.731412130234,4.27205862331612
567.03828396053,406.834562195193,4.69541436706417
141.634532632136,287.379826945778,4.44298736574621
200.178382282226,370.572297186126,3.9071828349698
128.328530750588,410.441730003953,3.48084577611866
626.918079131739,315.128031033159,4.50606665132379
0.175397383859813,146.45305526889,4.27039472123583
541.200441337636,207.529550172381,4.27414588042346
33.0105163518931,489.677758016287,2.96444981642073
280.860046298743,26.8118555431705,3.87049221256984
534.211171070349,393.768644821704,3.49386942023831
71.438389062511,81.1247247471836,5.2004663929889
5.81108675965358,73.5266731690476,3.54509524962423
588.619616906245,228.920253973931,4.02683958022794
439.423195432746,465.047214713743,4.75022275235174
659.999891329179,371.854841945823,2.9209704358263
110.28999730167,488.700578742634,4.3260347853096
625.878162331941,88.7439367119646,4.08954210492112
420.780244723791,257.063284978333,3.60035251708267
11.5028016593266,182.414343006721,3.12909252468347
52.690488979147,102.072670727619,4.50587791605275
611.91556171179,203.291583500677,4.36602463405898
251.115046604088,227.789935521383,3.92255702273352
569.173962203062,434.236765353576,4.04729931139511
296.429214754036,137.730490933859,3.84608328385224
518.414967146422,449.486509949575,3.74490803344711
48.0692429687003,420.28597033409,3.7517292483119
191.54768104347,290.442118791405,4.1019620205506
553.269429627405,264.00958962131,3.60154133584282
169.597386161505,27.5154316528103,4.2997556355279
486.566974083261,345.881197804417,4.2827296083147
36.4637236078411,48.79219200974,4.05307075300905
536.438891458299,137.857335236069,4.83493880047961
NA,NA,NA
658.612787394094,331.464349164099,3.66508422611277
450.274103053023,294.183318051493,3.68067736387578
10.4861835502515,502.170724707409,3.53731002815077
559.986967151778,55.130962009365,4.10902877674051
72.4676209774799,373.745727965928,3.96257426518741
225.719037317751,418.038622590775,3.86189630043753
428.886079742771,12.8344068551463,3.44338822956316
360.391005896431,291.491359335919,3.14644644583635
604.812507197714,103.575267690101,4.26276042574842
393.073808356624,232.731412130234,4.27205862331612
567.03828396053,406.834562195193,4.69541436706417
141.634532632136,287.379826945778,4.44298736574621
200.178382282226,370.572297186126,3.9071828349698
128.328530750588,410.441730003953,3.48084577611866
626.918079131739,315.128031033159,4.50606665132379
0.175397383859813,146.45305526889,4.27039472123583
541.200441337636,207.529550172381,4.27414588042346
33.0105163518931,489.677758016287,2.96444981642073
280.860046298743,26.8118555431705,3.87049221256984
534.211171070349,393.768644821704,3.49386942023831
71.438389062511,81.1247247471836,5.2004663929889
5.81108675965358,73.5266731690476,3.54509524962423
588.619616906245,228.920253973931,4.02683958022794
439.423195432746,465.047214713743,4.75022275235174
659.999891329179,371.854841945823,2.9209704358263
110.28999730167,488.700578742634,4.3260347853096
625.878162331941,88.7439367119646,4.08954210492112
420.780244723791,257.063284978333,3.60035251708267
11.5028016593266,182.414343006721,3.12909252468347
52.690488979147,102.072670727619,4.50587791605275
611.91556171179,203.291583500677,4.36602463405898
251.115046604088,227.789935521383,3.92255702273352
569.173962203062,434.236765353576,4.04729931139511
296.429214754036,137.730490933859,3.84608328385224
518.414967146422,449.486509949575,3.74490803344711
48.0692429687003,420.28597033409,3.7517292483119
191.54768104347,290.442118791405,4.1019620205506
553.269429627405,264.00958962131,3.60154133584282
169.597386161505,27.5154316528103,4.2997556355279
486.566974083261,345.881197804417,4.2827296083147
36.4637236078411,48.79219200974,4.05307075300905
536.438891458299,137.857335236069,4.83493880047961
NA,NA,NA
658.612787394094,331.464349164099,3.66508422611277
450.274103053023,294.183318051493,3.68067736387578
10.4861835502515,502.170724707409,3.53731002815077
559.986967151778,55.130962009365,4.10902877674051
72.4676209774799,373.745727965928,3.96257426518741
225.719037317751,418.038622590775,3.86189630043753
428.886079742771,12.8344068551463,3.44338822956316
360.391005896431,291.491359335919,3.14644644583635
604.812507197714,103.575267690101,4.26276042574842
393.073808356624,232.731412130234,4.27205862331612
567.03828396053,406.834562195193,4.69541436706417
141.634532632136,287.379826945778,4.44298736574621
200.178382282226,370.572297186126,3.9071828349698
128.328530750588,410.441730003953,3.48084577611866
626.918079131739,315.128031033159,4.50606665132379
0.175397383859813,146.45305526889,4.27039472123583
541.200441337636,207.529550172381,4.27414588042346
33.0105163518931,489.677758016287,2.96444981642073
280.860046298743,26.8118555431705,3.87049221256984
534.211171070349,393.768644821704,3.49386942023831
71.438389062511,81.1247247471836,5.2004663929889
5.81108675965358,73.5266731690476,3.54509524962423
588.619616906245,228.920253973931,4.02683958022794
439.423195432746,465.047214713743,4.75022275235174
659.999891329179,371.854841945823,2.9209704358263
110.28999730167,488.700578742634,4.3260347853096
625.878162331941,88.7439367119646,4.08954210492112
420.780244723791,257.063284978333,3.60035251708267
11.5028016593266,182.414343006721,3.12909252468347
52.690488979147,102.072670727619,4.50587791605275
611.91556171179,203.291583500677,4.36602463405898
251.115046604088,227.789935521383,3.92255702273352
569.173962203062,434.236765353576,4.04729931139511
296.429214754036,137.730490933859,3.84608328385224
518.414967146422,449.486509949575,3.74490803344711
48.0692429687003,420.28597033409,3.7517292483119
191.54768104347,290.442118791405,4.1019620205506
553.269429627405,264.00958962131,3.60154133584282
169.597386161505,27.5154316528103,4.2997556355279
486.566974083261,345.881197804417,4.2827296083147
36.4637236078411,48.79219200974,4.05307075300905
536.438891458299,137.857335236069,4.83493880047961
NA,NA,NA
658.612787394094,331.464349164099,3.66508422611277
450.274103053023,294.183318051493,3.68067736387578
10.4861835502515,502.170724707409,3.53731002815077
559.986967151778,55.130962009365,4.10902877674051
72.4676209774799,373.745727965928,3.96257426518741
225.719037317751,418.038622590775,3.86189630043753
428.886079742771,12.8344068551463,3.44338822956316
360.391005896431,291.491359335919,3.14644644583635
604.812507197714,103.575267690101,4.26276042574842
393.073808356624,232.731412130234,4.27205862331612
567.03828396053,406.834562195193,4.69541436706417
141.634532632136,287.379826945778,4.44298736574621
200.178382282226,370.572297186126,3.9071828349698
128.328530750588,410.441730003953,3.48084577611866
626.918079131739,315.128031033159,4.50606665132379
0.175397383859813,146.45305526889,4.27039472123583
541.200441337636,207.529550172381,4.27414588042346
33.0105163518931,489.677758016287,2.96444981642073
280.860046298743,26.8118555431705,3.87049221256984
534.211171070349,393.768644821704,3.49386942023831
71.438389062511,81.1247247471836,5.2004663929889
5.81108675965358,73.5266731690476,3.54509524962423
588.619616906245,228.920253973931,4.02683958022794
439.423195432746,465.047214713743,4.75022275235174
659.999891329179,371.854841945823,2.9209704358263
110.28999730167,488.700578742634,4.3260347853096
625.878162331941,88.7439367119646,4.08954210492112
420.780244723791,257.063284978333,3.60035251708267
11.5028016593266,182.414343006721,3.12909252468347
52.690488979147,102.072670727619,4.50587791605275
611.91556171179,203.291583500677,4.36602463405898
251.115046604088,227.789935521383,3.92255702273352
569.173962203062,434.236765353576,4.04729931139511
296.429214754036,137.730490933859,3.84608328385224
518.414967146422,449.486509949575,3.74490803344711
48.0692429687003,420.28597033409,3.7517292483119
191.54768104347,290.442118791405,4.1019620205506
553.269429627405,264.00958962131,3.60154133584282
169.597386161505,27.5154316528103,4.2997556355279
486.566974083261,345.881197804417,4.2827296083147
36.4637236078411,48.79219200974,4.05307075300905
536.438891458299,137.857335236069,4.83493880047961
NA,NA,NA
658.612787394094,331.464349164099,3.66508422611277
450.274103053023,294.183318051493,3.68067736387578
10.4861835502515,502.170724707409,3.53731002815077
559.986967151778,55.130962009365,4.10902877674051
72.4676209774799,373.745727965928,3.96257426518741
225.719037317751,418.038622590775,3.86189630043753
428.886079742771,12.8344068551463,3.44338822956316
360.391005896431,291.491359335919,3.14644644583635
604.812507197714,103.575267690101,4.26276042574842
393.073808356624,232.731412130234,4.27205862331612
567.03828396053,406.834562195193,4.69541436706417
141.634532632136,287.379826945778,4.44298736574621
200.178382282226,370.572297186126,3.9071828349698
128.328530750588,410.441730003953,3.48084577611866
626.918079131739,315.128031033159,4.50606665132379
0.175397383859813,146.45305526889,4.27039472123583
541.200441337636,207.529550172381,4.27414588042346
33.0105163518931,489.677758016287,2.96444981642073
280.860046298743,26.8118555431705,3.87049221256984
534.211171070349,393.768644821704,3.49386942023831
71.438389062511,81.1247247471836,5.2004663929889
5.81108675965358,73.5266731690476,3.54509524962423
588.619616906245,228.920253973931,4.02683958022794
439.423195432746,465.047214713743,4.75022275235174
659.999891329179,371.854841945823,2.9209704358263
110.28999730167,488.700578742634,4.3260347853096
625.878162331941,88.7439367119646,4.08954210492112
420.780244723791,257.063284978333,3.60035251708267
11.5028016593266,182.414343006721,3.12909252468347
52.690488979147,102.072670727619,4.50587791605275
611.91556171179,203.291583500677,4.36602463405898
251.115046604088,227.789935521383,3.92255702273352
569.173962203062,434.236765353576,4.04729931139511
296.429214754036,137.730490933859,3.84608328385224
518.414967146422,449.486509949575,3.74490803344711
48.0692429687003,420.28597033409,3.7517292483119
191.54768104347,290.442118791405,4.1019620205506
553.269429627405,264.00958962131,3.60154133584282
169.597386161505,27.5154316528103,4.2997556355279
486.566974083261,345.881197804417,4.2827296083147
36.4637236078411,48.79219200974,4.05307075300905
536.438891458299,137.857335236069,4.83493880047961
NA,NA,NA
661.391280994366,331.996571230429,3.60066087801782
453.616950412975,298.621213262023,3.78766645403828
14.441497831143,495.089861693944,3.67141874544435
559.472089254195,51.0936441217995,4.25601746853871
69.9423082675403,378.592918114728,4.00874444612732
226.362182313902,411.169745201406,3.90712451319221
429.644527591608,15.3101012062485,3.24070376188994
361.455330036025,291.975376676994,3.28463379049893
603.83564897313,108.951022534806,4.25721194609005
395.909879954545,229.663825636876,4.34788218109571
568.228991489797,400.311218626843,4.70338925265428
131.800903831274,285.907717455252,4.62281101222702
200.903788812642,366.719159338202,4.0286903388146
125.831201298454,415.315055598536,3.42220370761001
621.485409846031,314.104647312789,4.78450483798086
-3.42947695499277,145.602362186634,4.22790020014822
542.865881789276,204.845957394659,3.98597935193334
33.133082749795,491.069074829475,3.0830457012601
276.555914861396,20.8430490408632,3.80824747019115
532.359036024623,390.904255233995,3.4411305014948
72.1520973681898,81.2431551005075,5.27407433364811
3.70267075416848,74.1470084236859,3.30937736079291
589.11702628584,233.931330515064,4.1061356512348
441.958908761557,458.168656875341,4.76514287590088
658.800768259309,374.927308572079,3.12667232441129
101.971060559402,486.679274340287,4.31756012464331
619.831801457319,90.0756694376063,4.17057956202503
416.095155383405,261.110899645108,3.59745282679546
10.6148215677026,182.711230356123,3.19831366190816
65.5242721292943,124.850157728925,4.53168456023449
611.904553831594,217.988223530983,4.53794470021471
250.567745789424,231.89833149892,3.66069545548642
563.978303471587,435.511011948156,3.82256683412639
298.883171280358,138.423514832446,4.02000464922141
528.25294190761,453.769054651363,3.54922878072242
46.8759575060966,415.743880336194,3.84807589190316
197.65806484301,274.768587268966,4.05929682783895
554.243585585647,263.823830269478,3.94694398029486
182.07923348023,38.0360681315743,4.21103769231755
507.433150544418,354.076219865289,4.45690471425482
45.7289914073911,61.4138712709462,4.35751895438845
530.418215144862,155.067367648852,4.75219280376761
NA,NA,NA
661.391280994366,331.996571230429,3.60066087801782
453.616950412975,298.621213262023,3.78766645403828
14.441497831143,495.089861693944,3.67141874544435
559.472089254195,51.0936441217995,4.25601746853871
69.9423082675403,378.592918114728,4.00874444612732
226.362182313902,411.169745201406,3.90712451319221
429.644527591608,15.3101012062485,3.24070376188994
361.455330036025,291.975376676994,3.28463379049893
603.83564897313,108.951022534806,4.25721194609005
395.909879954545,229.663825636876,4.34788218109571
568.228991489797,400.311218626843,4.70338925265428
131.800903831274,285.907717455252,4.62281101222702
200.903788812642,366.719159338202,4.0286903388146
125.831201298454,415.315055598536,3.42220370761001
621.485409846031,314.104647312789,4.78450483798086
-3.42947695499277,145.602362186634,4.22790020014822
542.865881789276,204.845957394659,3.98597935193334
33.133082749795,491.069074829475,3.0830457012601
276.555914861396,20.8430490408632,3.80824747019115
532.359036024623,390.904255233995,3.4411305014948
72.1520973681898,81.2431551005075,5.27407433364811
3.70267075416848,74.1470084236859,3.30937736079291
589.11702628584,233.931330515064,4.1061356512348
441.958908761557,458.168656875341,4.76514287590088
658.800768259309,374.927308572079,3.12667232441129
101.971060559402,486.679274340287,4.31756012464331
619.831801457319,90.0756694376063,4.17057956202503
416.095155383405,261.110899645108,3.59745282679546
10.6148215677026,182.711230356123,3.19831366190816
65.5242721292943,124.850157728925,4.53168456023449
611.904553831594,217.988223530983,4.53794470021471
250.567745789424,231.89833149892,3.66069545548642
563.978303471587,435.511011948156,3.82256683412639
298.883171280358,138.423514832446,4.02000464922141
528.25294190761,453.769054651363,3.54922878072242
46.8759575060966,415.743880336194,3.84807589190316
197.65806484301,274.768587268966,4.05929682783895
554.243585585647,263.823830269478,3.94694398029486
182.07923348023,38.0360681315743,4.21103769231755
507.433150544418,354.076219865289,4.45690471425482
45.7289914073911,61.4138712709462,4.35751895438845
530.418215144862,155.067367648852,4.75219280376761
NA,NA,NA
661.391280994366,331.996571230429,3.60066087801782
453.616950412975,298.621213262023,3.78766645403828
14.441497831143,495.089861693944,3.67141874544435
559.472089254195,51.0936441217995,4.25601746853871
69.9423082675403,378.592918114728,4.00874444612732
226.362182313902,411.169745201406,3.90712451319221
429.644527591608,15.3101012062485,3.24070376188994
361.455330036025,291.975376676994,3.28463379049893
603.83564897313,108.951022534806,4.25721194609005
395.909879954545,229.663825636876,4.34788218109571
568.228991489797,400.311218626843,4.70338925265428
131.800903831274,285.907717455252,4.62281101222702
200.903788812642,366.719159338202,4.0286903388146
125.831201298454,415.315055598536,3.42220370761001
621.485409846031,314.104647312789,4.78450483798086
-3.42947695499277,145.602362186634,4.22790020014822
542.865881789276,204.845957394659,3.98597935193334
33.133082749795,491.069074829475,3.0830457012601
276.555914861396,20.8430490408632,3.80824747019115
532.359036024623,390.904255233995,3.4411305014948
72.1520973681898,81.2431551005075,5.27407433364811
3.70267075416848,74.1470084236859,3.30937736079291
589.11702628584,233.931330515064,4.1061356512348
441.958908761557,458.168656875341,4.76514287590088
658.800768259309,374.927308572079,3.12667232441129
101.971060559402,486.679274340287,4.31756012464331
619.831801457319,90.0756694376063,4.17057956202503
416.095155383405,261.110899645108,3.59745282679546
10.6148215677026,182.711230356123,3.19831366190816
65.5242721292943,124.850157728925,4.53168456023449
611.904553831594,217.988223530983,4.53794470021471
250.567745789424,231.89833149892,3.66069545548642
563.978303471587,435.511011948156,3.82256683412639
298.883171280358,138.423514832446,4.02000464922141
528.25294190761,453.769054651363,3.54922878072242
46.8759575060966,415.743880336194,3.84807589190316
197.65806484301,274.768587268966,4.05929682783895
554.243585585647,263.823830269478,3.94694398029486
182.07923348023,38.0360681315743,4.21103769231755
507.433150544418,354.076219865289,4.45690471425482
45.7289914073911,61.4138712709462,4.35751895438845
530.418215144862,155.067367648852,4.75219280376761
NA,NA,NA
661.391280994366,331.996571230429,3.60066087801782
453.616950412975,298.621213262023,3.78766645403828
14.441497831143,495.089861693944,3.67141874544435
559.472089254195,51.0936441217995,4.25601746853871
69.9423082675403,378.592918114728,4.00874444612732
226.362182313902,411.169745201406,3.90712451319221
429.644527591608,15.3101012062485,3.24070376188994
361.455330036025,291.975376676994,3.28463379049893
603.83564897313,108.951022534806,4.25721194609005
395.909879954545,229.663825636876,4.34788218109571
568.228991489797,400.311218626843,4.70338925265428
131.800903831274,285.907717455252,4.62281101222702
200.903788812642,366.719159338202,4.0286903388146
125.831201298454,415.315055598536,3.42220370761001
621.485409846031,314.104647312789,4.78450483798086
-3.42947695499277,145.602362186634,4.22790020014822
542.865881789276,204.845957394659,3.98597935193334
33.133082749795,491.069074829475,3.0830457012601
276.555914861396,20.8430490408632,3.80824747019115
532.359036024623,390.904255233995,3.4411305014948
72.1520973681898,81.2431551005075,5.27407433364811
3.70267075416848,74.1470084236859,3.30937736079291
589.11702628584,233.931330515064,4.1061356512348
441.958908761557,458.168656875341,4.76514287590088
658.800768259309,374.927308572079,3.12667232441129
101.971060559402,486.679274340287,4.31756012464331
619.831801457319,90.0756694376063,4.17057956202503
416.095155383405,261.110899645108,3.59745282679546
10.6148215677026,182.711230356123,3.19831366190816
65.5242721292943,124.850157728925,4.53168456023449
611.904553831594,217.988223530983,4.53794470021471
250.567745789424,231.89833149892,3.66069545548642
563.978303471587,435.511011948156,3.82256683412639
298.883171280358,138.423514832446,4.02000464922141
528.25294190761,453.769054651363,3.54922878072242
46.8759575060966,415.743880336194,3.84807589190316
197.65806484301,274.768587268966,4.05929682783895
554.243585585647,263.823830269478,3.94694398029486
182.07923348023,38.0360681315743,4.21103769231755
507.433150544418,354.076219865289,4.45690471425482
45.7289914073911,61.4138712709462,4.35751895438845
530.418215144862,155.067367648852,4.75219280376761
NA,NA,NA
661.391280994366,331.996571230429,3.60066087801782
453.616950412975,298.621213262023,3.78766645403828
14.441497831143,495.089861693944,3.67141874544435
559.472089254195,51.0936441217995,4.25601746853871
69.9423082675403,378.592918114728,4.00874444612732
226.362182313902,411.169745201406,3.90712451319221
429.644527591608,15.3101012062485,3.24070376188994
361.455330036025,291.975376676994,3.28463379049893
603.83564897313,108.951022534806,4.25721194609005
395.909879954545,229.663825636876,4.34788218109571
568.228991489797,400.311218626843,4.70338925265428
131.800903831274,285.907717455252,4.62281101222702
200.903788812642,366.719159338202,4.0286903388146
125.831201298454,415.315055598536,3.42220370761001
621.485409846031,314.104647312789,4.78450483798086
-3.42947695499277,145.602362186634,4.22790020014822
542.865881789276,204.845957394659,3.98597935193334
33.133082749795,491.069074829475,3.0830457012601
276.555914861396,20.8430490408632,3.80824747019115
532.359036024623,390.904255233995,3.4411305014948
72.1520973681898,81.2431551005075,5.27407433364811
3.70267075416848,74.1470084236859,3.30937736079291
589.11702628584,233.931330515064,4.1061356512348
441.958908761557,458.168656875341,4.76514287590088
658.800768259309,374.927308572079,3.12667232441129
101.971060559402,486.679274340287,4.31756012464331
619.831801457319,90.0756694376063,4.17057956202503
416.095155383405,261.110899645108,3.59745282679546
10.6148215677026,182.711230356123,3.19831366190816
65.5242721292943,124.850157728925,4.53168456023449
611.904553831594,217.988223530983,4.53794470021471
250.567745789424,231.89833149892,3.66069545548642
563.978303471587,435.511011948156,3.82256683412639
298.883171280358,138.423514832446,4.02000464922141
528.25294190761,453.769054651363,3.54922878072242
46.8759575060966,415.743880336194,3.84807589190316
197.65806484301,274.768587268966,4.05929682783895
554.243585585647,263.823830269478,3.94694398029486
182.07923348023,38.0360681315743,4.21103769231755
507.433150544418,354.076219865289,4.45690471425482
45.7289914073911,61.4138712709462,4.35751895438845
530.418215144862,155.067367648852,4.75219280376761
NA,NA,NA
661.391280994366,331.996571230429,3.60066087801782
453.616950412975,298.621213262023,3.78766645403828
14.441497831143,495.089861693944,3.67141874544435
559.472089254195,51.0936441217995,4.25601746853871
69.9423082675403,378.592918114728,4.00874444612732
226.362182313902,411.169745201406,3.90712451319221
429.644527591608,15.3101012062485,3.24070376188994
361.455330036025,291.975376676994,3.28463379049893
603.83564897313,108.951022534806,4.25721194609005
395.909879954545,229.663825636876,4.34788218109571
568.228991489797,400.311218626843,4.70338925265428
131.800903831274,285.907717455252,4.62281101222702
200.903788812642,366.719159338202,4.0286903388146
125.831201298454,415.315055598536,3.42220370761001
621.485409846031,314.104647312789,4.78450483798086
-3.42947695499277,145.602362186634,4.22790020014822
542.865881789276,204.845957394659,3.98597935193334
33.133082749795,491.069074829475,3.0830457012601
276.555914861396,20.8430490408632,3.80824747019115
532.359036024623,390.904255233995,3.4411305014948
72.1520973681898,81.2431551005075,5.27407433364811
3.70267075416848,74.1470084236859,3.30937736079291
589.11702628584,233.931330515064,4.1061356512348
441.958908761557,458.168656875341,4.76514287590088
658.800768259309,374.927308572079,3.12667232441129
101.971060559402,486.679274340287,4.31756012464331
619.831801457319,90.0756694376063,4.17057956202503
416.095155383405,261.110899645108,3.59745282679546
10.6148215677026,182.711230356123,3.19831366190816
65.5242721292943,124.850157728925,4.53168456023449
611.904553831594,217.988223530983,4.53794470021471
250.567745789424,231.89833149892,3.66069545548642
563.978303471587,435.511011948156,3.82256683412639
298.883171280358,138.423514832446,4.02000464922141
528.25294190761,453.769054651363,3.54922878072242
46.8759575060966,415.743880336194,3.84807589190316
197.65806484301,274.768587268966,4.05929682783895
554.243585585647,263.823830269478,3.94694398029486
182.07923348023,38.0360681315743,4.21103769231755
507.433150544418,354.076219865289,4.45690471425482
45.7289914073911,61.4138712709462,4.35751895438845
530.418215144862,155.067367648852,4.75219280376761
NA,NA,NA
660.111666455029,334.170439630915,3.41186344617232
454.750979642536,300.227129828552,3.68046795695332
11.2487950593271,488.775187993982,3.59041627954006
555.744135120448,46.5175896335303,4.1746553893146
72.5335385015155,372.349978973244,4.00790136285343
227.359519981589,414.235898530218,3.77459632152026
429.712912281344,12.8972601637884,3.31279444679307
364.091309502416,292.788381058172,3.08652095282997
605.613327922668,104.504112975219,4.12278121455377
387.254459442995,232.822151215306,4.29280901596186
564.107713317523,404.06826874106,4.71391365551591
140.090522781294,278.656807206579,4.71003893673748
194.361206681762,367.672809465326,4.0396754760613
124.255502756825,410.43045311855,3.35458579297877
625.082937388501,314.161549957555,4.45209354334798
0.634566772970475,147.162366382817,4.27380612102526
542.982797269672,199.730785583079,4.21930617268462
34.1406755970749,493.305911239652,3.04317446208405
280.537581204854,26.0683389684901,3.8828591726298
533.260402741285,393.719847264,3.29284665702277
67.8049718641926,81.4459323031357,5.29650385278297
3.75205069522918,73.4385045311573,3.47741022070532
589.199818709017,227.805540485634,3.98593852134927
443.229438070911,459.221817057656,4.82473917372633
656.262507739266,373.235360642343,3.27362286492941
103.761352791008,485.453327270159,4.35758092508683
623.381237818959,89.7747670034592,4.07302746151743
417.924213991248,260.463010775416,3.63340479428687
10.3005189372123,182.297887894553,3.0726720558767
70.3701868844166,125.281925048037,4.74851567094331
633.959934474197,200.364619925236,4.36194766157726
255.596407384362,222.468793854922,4.22457647958285
576.303633462431,440.517359795906,3.77398057850663
303.982874756164,132.418301338214,3.75491174208694
532.833884161632,452.188521266529,3.47818713616781
56.090079623651,416.893563356545,4.20978296236891
190.801620263207,285.957983123446,4.04096211820038
546.914860459283,258.45136243671,3.80876148111449
174.49977706319,21.8220255284227,4.16200557337952
512.551440935822,346.467617532744,4.45320993817698
30.7035886534606,61.8316118125892,3.97900697245819
532.114989545243,144.277659098221,4.71019892125417
NA,NA,NA
660.111666455029,334.170439630915,3.41186344617232
454.750979642536,300.227129828552,3.68046795695332
11.2487950593271,488.775187993982,3.59041627954006
555.744135120448,46.5175896335303,4.1746553893146
72.5335385015155,372.349978973244,4.00790136285343
227.359519981589,414.235898530218,3.77459632152026
429.712912281344,12.8972601637884,3.31279444679307
364.091309502416,292.788381058172,3.08652095282997
605.613327922668,104.504112975219,4.12278121455377
387.254459442995,232.822151215306,4.29280901596186
564.107713317523,404.06826874106,4.71391365551591
140.090522781294,278.656807206579,4.71003893673748
194.361206681762,367.672809465326,4.0396754760613
124.255502756825,410.43045311855,3.35458579297877
625.082937388501,314.161549957555,4.45209354334798
0.634566772970475,147.162366382817,4.27380612102526
542.982797269672,199.730785583079,4.21930617268462
34.1406755970749,493.305911239652,3.04317446208405
280.537581204854,26.0683389684901,3.8828591726298
533.260402741285,393.719847264,3.29284665702277
67.8049718641926,81.4459323031357,5.29650385278297
3.75205069522918,73.4385045311573,3.47741022070532
589.199818709017,227.805540485634,3.98593852134927
443.229438070911,459.221817057656,4.82473917372633
656.262507739266,373.235360642343,3.27362286492941
103.761352791008,485.453327270159,4.35758092508683
623.381237818959,89.7747670034592,4.07302746151743
417.924213991248,260.463010775416,3.63340479428687
10.3005189372123,182.297887894553,3.0726720558767
70.3701868844166,125.281925048037,4.74851567094331
633.959934474197,200.364619925236,4.36194766157726
255.596407384362,222.468793854922,4.22457647958285
576.303633462431,440.517359795906,3.77398057850663
303.982874756164,132.418301338214,3.75491174208694
532.833884161632,452.188521266529,3.47818713616781
56.090079623651,416.893563356545,4.20978296236891
190.801620263207,285.957983123446,4.04096211820038
546.914860459283,258.45136243671,3.80876148111449
174.49977706319,21.8220255284227,4.16200557337952
512.551440935822,346.467617532744,4.45320993817698
30.7035886534606,61.8316118125892,3.97900697245819
532.114989545243,144.277659098221,4.71019892125417
NA,NA,NA
660.111666455029,334.170439630915,3.41186344617232
454.750979642536,300.227129828552,3.68046795695332
11.2487950593271,488.775187993982,3.59041627954006
555.744135120448,46.5175896335303,4.1746553893146
72.5335385015155,372.349978973244,4.00790136285343
227.359519981589,414.235898530218,3.77459632152026
429.712912281344,12.8972601637884,3.31279444679307
364.091309502416,292.788381058172,3.08652095282997
605.613327922668,104.504112975219,4.12278121455377
387.254459442995,232.822151215306,4.29280901596186
564.107713317523,404.06826874106,4.71391365551591
140.090522781294,278.656807206579,4.71003893673748
194.361206681762,367.672809465326,4.0396754760613
124.255502756825,410.43045311855,3.35458579297877
625.082937388501,314.161549957555,4.45209354334798
0.634566772970475,147.162366382817,4.27380612102526
542.982797269672,199.730785583079,4.21930617268462
34.1406755970749,493.305911239652,3.04317446208405
280.537581204854,26.0683389684901,3.8828591726298
533.260402741285,393.719847264,3.29284665702277
67.8049718641926,81.4459323031357,5.29650385278297
3.75205069522918,73.4385045311573,3.47741022070532
589.199818709017,227.805540485634,3.98593852134927
443.229438070911,459.221817057656,4.82473917372633
656.262507739266,373.235360642343,3.27362286492941
103.761352791008,485.453327270159,4.35758092508683
623.381237818959,89.7747670034592,4.07302746151743
417.924213991248,260.463010775416,3.63340479428687
10.3005189372123,182.297887894553,3.0726720558767
70.3701868844166,125.281925048037,4.74851567094331
633.959934474197,200.364619925236,4.36194766157726
255.596407384362,222.468793854922,4.22457647958285
576.303633462431,440.517359795906,3.77398057850663
303.982874756164,132.418301338214,3.75491174208694
532.833884161632,452.188521266529,3.47818713616781
56.090079623651,416.893563356545,4.20978296236891
190.801620263207,285.957983123446,4.04096211820038
546.914860459283,258.45136243671,3.80876148111449
174.49977706319,21.8220255284227,4.16200557337952
512.551440935822,346.467617532744,4.45320993817698
30.7035886534606,61.8316118125892,3.97900697245819
532.114989545243,144.277659098221,4.71019892125417
NA,NA,NA
660.111666455029,334.170439630915,3.41186344617232
454.750979642536,300.227129828552,3.68046795695332
11.2487950593271,488.775187993982,3.59041627954006
555.744135120448,46.5175896335303,4.1746553893146
72.5335385015155,372.349978973244,4.00790136285343
227.359519981589,414.235898530218,3.77459632152026
429.712912281344,12.8972601637884,3.31279444679307
364.091309502416,292.788381058172,3.08652095282997
605.613327922668,104.504112975219,4.12278121455377
387.254459442995,232.822151215306,4.29280901596186
564.107713317523,404.06826874106,4.71391365551591
140.090522781294,278.656807206579,4.71003893673748
194.361206681762,367.672809465326,4.0396754760613
124.255502756825,410.43045311855,3.35458579297877
625.082937388501,314.161549957555,4.45209354334798
0.634566772970475,147.162366382817,4.27380612102526
542.982797269672,199.730785583079,4.21930617268462
34.1406755970749,493.305911239652,3.04317446208405
280.537581204854,26.0683389684901,3.8828591726298
533.260402741285,393.719847264,3.29284665702277
67.8049718641926,81.4459323031357,5.29650385278297
3.75205069522918,73.4385045311573,3.47741022070532
589.199818709017,227.805540485634,3.98593852134927
443.229438070911,459.221817057656,4.82473917372633
656.262507739266,373.235360642343,3.27362286492941
103.761352791008,485.453327270159,4.35758092508683
623.381237818959,89.7747670034592,4.07302746151743
417.924213991248,260.463010775416,3.63340479428687
10.3005189372123,182.297887894553,3.0726720558767
70.3701868844166,125.281925048037,4.74851567094331
633.959934474197,200.364619925236,4.36194766157726
255.596407384362,222.468793854922,4.22457647958285
576.303633462431,440.517359795906,3.77398057850663
303.982874756164,132.418301338214,3.75491174208694
532.833884161632,452.188521266529,3.47818713616781
56.090079623651,416.893563356545,4.20978296236891
190.801620263207,285.957983123446,4.04096211820038
546.914860459283,258.45136243671,3.80876148111449
174.49977706319,21.8220255284227,4.16200557337952
512.551440935822,346.467617532744,4.45320993817698
30.7035886534606,61.8316118125892,3.97900697245819
532.114989545243,144.277659098221,4.71019892125417
NA,NA,NA
660.111666455029,334.170439630915,3.41186344617232
454.750979642536,300.227129828552,3.68046795695332
11.2487950593271,488.775187993982,3.59041627954006
555.744135120448,46.5175896335303,4.1746553893146
72.5335385015155,372.349978973244,4.00790136285343
227.359519981589,414.235898530218,3.77459632152026
429.712912281344,12.8972601637884,3.31279444679307
364.091309502416,292.788381058172,3.08652095282997
605.613327922668,104.504112975219,4.12278121455377
387.254459442995,232.822151215306,4.29280901596186
564.107713317523,404.06826874106,4.71391365551591
140.090522781294,278.656807206579,4.71003893673748
194.361206681762,367.672809465326,4.0396754760613
124.255502756825,410.43045311855,3.35458579297877
625.082937388501,314.161549957555,4.45209354334798
0.634566772970475,147.162366382817,4.27380612102526
542.982797269672,199.730785583079,4.21930617268462
34.1406755970749,493.305911239652,3.04317446208405
280.537581204854,26.0683389684901,3.8828591726298
533.260402741285,393.719847264,3.29284665702277
67.8049718641926,81.4459323031357,5.29650385278297
3.75205069522918,73.4385045311573,3.47741022070532
589.199818709017,227.805540485634,3.98593852134927
443.229438070911,459.221817057656,4.82473917372633
656.262507739266,373.235360642343,3.27362286492941
103.761352791008,485.453327270159,4.35758092508683
623.381237818959,89.7747670034592,4.07302746151743
417.924213991248,260.463010775416,3.63340479428687
10.3005189372123,182.297887894553,3.0726720558767
70.3701868844166,125.281925048037,4.74851567094331
633.959934474197,200.364619925236,4.36194766157726
255.596407384362,222.468793854922,4.22457647958285
576.303633462431,440.517359795906,3.77398057850663
303.982874756164,132.418301338214,3.75491174208694
532.833884161632,452.188521266529,3.47818713616781
56.090079623651,416.893563356545,4.20978296236891
190.801620263207,285.957983123446,4.04096211820038
546.914860459283,258.45136243671,3.80876148111449
174.49977706319,21.8220255284227,4.16200557337952
512.551440935822,346.467617532744,4.45320993817698
30.7035886534606,61.8316118125892,3.97900697245819
532.114989545243,144.277659098221,4.71019892125417
NA,NA,NA
660.111666455029,334.170439630915,3.41186344617232
454.750979642536,300.227129828552,3.68046795695332
11.2487950593271,488.775187993982,3.59041627954006
555.744135120448,46.5175896335303,4.1746553893146
72.5335385015155,372.349978973244,4.00790136285343
227.359519981589,414.235898530218,3.77459632152026
429.712912281344,12.8972601637884,3.31279444679307
364.091309502416,292.788381058172,3.08652095282997
605.613327922668,104.504112975219,4.12278121455377
387.254459442995,232.822151215306,4.29280901596186
564.107713317523,404.06826874106,4.71391365551591
140.090522781294,278.656807206579,4.71003893673748
194.361206681762,367.672809465326,4.0396754760613
124.255502756825,410.43045311855,3.35458579297877
625.082937388501,314.161549957555,4.45209354334798
0.634566772970475,147.162366382817,4.27380612102526
542.982797269672,199.730785583079,4.21930617268462
34.1406755970749,493.305911239652,3.04317446208405
280.537581204854,26.0683389684901,3.8828591726298
533.260402741285,393.719847264,3.29284665702277
67.8049718641926,81.4459323031357,5.29650385278297
3.75205069522918,73.4385045311573,3.47741022070532
589.199818709017,227.805540485634,3.98593852134927
443.229438070911,459.221817057656,4.82473917372633
656.262507739266,373.235360642343,3.27362286492941
103.761352791008,485.453327270159,4.35758092508683
623.381237818959,89.7747670034592,4.07302746151743
417.924213991248,260.463010775416,3.63340479428687
10.3005189372123,182.297887894553,3.0726720558767
70.3701868844166,125.281925048037,4.74851567094331
633.959934474197,200.364619925236,4.36194766157726
255.596407384362,222.468793854922,4.22457647958285
576.303633462431,440.517359795906,3.77398057850663
303.982874756164,132.418301338214,3.75491174208694
532.833884161632,452.188521266529,3.47818713616781
56.090079623651,416.893563356545,4.20978296236891
190.801620263207,285.957983123446,4.04096211820038
546.914860459283,258.45136243671,3.80876148111449
174.49977706319,21.8220255284227,4.16200557337952
512.551440935822,346.467617532744,4.45320993817698
30.7035886534606,61.8316118125892,3.97900697245819
532.114989545243,144.277659098221,4.71019892125417
NA,NA,NA
661.689264867149,337.3705944023,3.45756980797144
452.036595310761,298.534432205082,3.58799188513083
6.20091907708229,491.871845679524,3.54688588384025
560.467923651552,53.3859790582601,4.16630293952879
71.5450040687379,371.775852637971,3.88411446230626
230.536530241933,415.779705288171,3.8335941100111
426.05505821998,12.7055637424822,3.37936317605677
361.192700650977,291.805225855271,2.98955432906387
603.771804494822,102.146635192399,4.27595425901158
393.158664923768,228.816182503807,4.10184738801448
571.105712036211,401.78066372319,4.81513952987303
139.326038189345,276.448301078151,4.5137683436267
199.139320898612,371.396708700053,3.92142954716926
122.13045016724,407.642472988852,3.34352893622963
627.791638624836,313.979445914854,4.6358536014611
3.53135434180883,150.554184753809,4.29262395817665
546.656587463724,206.577054123031,4.11381254771596
34.4550195129316,489.333070363284,3.08658134128457
282.806425025158,25.369012841504,3.85468120331085
534.985797841913,391.577675365372,3.39359055849634
70.7513655775121,76.5068930788095,5.32097745033339
2.69225363731277,76.5480914086936,3.43057785420346
589.280150127456,226.547257156007,4.048032640858
439.045974610376,458.719383625894,4.7690431148844
661.062621359591,372.888879702673,3.16742534592621
108.046013028949,488.894540304626,4.411851360819
621.960415030625,89.2887252804038,4.13204777983061
422.03888051424,256.700110139963,3.78521271702923
11.8610763242139,181.229629850019,3.10380508753926
93.9130072124789,113.86476140122,4.51895158926545
613.872793831062,192.599071529667,4.24416088328942
252.402547449542,226.159289317684,3.79158412059286
573.232129764771,431.925231368583,3.82918844526142
305.234979025779,135.339042046824,3.68992622389483
529.059720253815,460.370886479107,3.69483958668184
44.6312790018889,415.720489443325,3.82570632545369
190.094236249245,280.74681580626,3.93695386785319
549.11071875673,264.800387107143,3.61886734891469
171.676360951111,37.3320360265275,4.31955228988288
493.745709078664,342.667013438403,4.49839163999566
34.2017589868681,54.0436623085343,4.30284725768677
536.355062419438,125.104172201603,4.30844901774802
NA,NA,NA
661.689264867149,337.3705944023,3.45756980797144
452.036595310761,298.534432205082,3.58799188513083
6.20091907708229,491.871845679524,3.54688588384025
560.467923651552,53.3859790582601,4.16630293952879
71.5450040687379,371.775852637971,3.88411446230626
230.536530241933,415.779705288171,3.8335941100111
426.05505821998,12.7055637424822,3.37936317605677
361.192700650977,291.805225855271,2.98955432906387
603.771804494822,102.146635192399,4.27595425901158
393.158664923768,228.816182503807,4.10184738801448
571.105712036211,401.78066372319,4.81513952987303
139.326038189345,276.448301078151,4.5137683436267
199.139320898612,371.396708700053,3.92142954716926
122.13045016724,407.642472988852,3.34352893622963
627.791638624836,313.979445914854,4.6358536014611
3.53135434180883,150.554184753809,4.29262395817665
546.656587463724,206.577054123031,4.11381254771596
34.4550195129316,489.333070363284,3.08658134128457
282.806425025158,25.369012841504,3.85468120331085
534.985797841913,391.577675365372,3.39359055849634
70.7513655775121,76.5068930788095,5.32097745033339
2.69225363731277,76.5480914086936,3.43057785420346
589.280150127456,226.547257156007,4.048032640858
439.045974610376,458.719383625894,4.7690431148844
661.062621359591,372.888879702673,3.16742534592621
108.046013028949,488.894540304626,4.411851360819
621.960415030625,89.2887252804038,4.13204777983061
422.03888051424,256.700110139963,3.78521271702923
11.8610763242139,181.229629850019,3.10380508753926
93.9130072124789,113.86476140122,4.51895158926545
613.872793831062,192.599071529667,4.24416088328942
252.402547449542,226.159289317684,3.79158412059286
573.232129764771,431.925231368583,3.82918844526142
305.234979025779,135.339042046824,3.68992622389483
529.059720253815,460.370886479107,3.69483958668184
44.6312790018889,415.720489443325,3.82570632545369
190.094236249245,280.74681580626,3.93695386785319
549.11071875673,264.800387107143,3.61886734891469
171.676360951111,37.3320360265275,4.31955228988288
493.745709078664,342.667013438403,4.49839163999566
34.2017589868681,54.0436623085343,4.30284725768677
536.355062419438,125.104172201603,4.30844901774802
NA,NA,NA
661.689264867149,337.3705944023,3.45756980797144
452.036595310761,298.534432205082,3.58799188513083
6.20091907708229,491.871845679524,3.54688588384025
560.467923651552,53.3859790582601,4.16630293952879
71.5450040687379,371.775852637971,3.88411446230626
230.536530241933,415.779705288171,3.8335941100111
426.05505821998,12.7055637424822,3.37936317605677
361.192700650977,291.805225855271,2.98955432906387
603.771804494822,102.146635192399,4.27595425901158
393.158664923768,228.816182503807,4.10184738801448
571.105712036211,401.78066372319,4.81513952987303
139.326038189345,276.448301078151,4.5137683436267
199.139320898612,371.396708700053,3.92142954716926
122.13045016724,407.642472988852,3.34352893622963
627.791638624836,313.979445914854,4.6358536014611
3.53135434180883,150.554184753809,4.29262395817665
546.656587463724,206.577054123031,4.11381254771596
34.4550195129316,489.333070363284,3.08658134128457
282.806425025158,25.369012841504,3.85468120331085
534.985797841913,391.577675365372,3.39359055849634
70.7513655775121,76.5068930788095,5.32097745033339
2.69225363731277,76.5480914086936,3.43057785420346
589.280150127456,226.547257156007,4.048032640858
439.045974610376,458.719383625894,4.7690431148844
661.062621359591,372.888879702673,3.16742534592621
108.046013028949,488.894540304626,4.411851360819
621.960415030625,89.2887252804038,4.13204777983061
422.03888051424,256.700110139963,3.78521271702923
11.8610763242139,181.229629850019,3.10380508753926
93.9130072124789,113.86476140122,4.51895158926545
613.872793831062,192.599071529667,4.24416088328942
252.402547449542,226.159289317684,3.79158412059286
573.232129764771,431.925231368583,3.82918844526142
305.234979025779,135.339042046824,3.68992622389483
529.059720253815,460.370886479107,3.69483958668184
44.6312790018889,415.720489443325,3.82570632545369
190.094236249245,280.74681580626,3.93695386785319
549.11071875673,264.800387107143,3.61886734891469
171.676360951111,37.3320360265275,4.31955228988288
493.745709078664,342.667013438403,4.49839163999566
34.2017589868681,54.0436623085343,4.30284725768677
536.355062419438,125.104172201603,4.30844901774802
NA,NA,NA
661.689264867149,337.3705944023,3.45756980797144
452.036595310761,298.534432205082,3.58799188513083
6.20091907708229,491.871845679524,3.54688588384025
560.467923651552,53.3859790582601,4.16630293952879
71.5450040687379,371.775852637971,3.88411446230626
230.536530241933,415.779705288171,3.8335941100111
426.05505821998,12.7055637424822,3.37936317605677
361.192700650977,291.805225855271,2.98955432906387
603.771804494822,102.146635192399,4.27595425901158
393.158664923768,228.816182503807,4.10184738801448
571.105712036211,401.78066372319,4.81513952987303
139.326038189345,276.448301078151,4.5137683436267
199.139320898612,371.396708700053,3.92142954716926
122.13045016724,407.642472988852,3.34352893622963
627.791638624836,313.979445914854,4.6358536014611
3.53135434180883,150.554184753809,4.29262395817665
546.656587463724,206.577054123031,4.11381254771596
34.4550195129316,489.333070363284,3.08658134128457
282.806425025158,25.369012841504,3.85468120331085
534.985797841913,391.577675365372,3.39359055849634
70.7513655775121,76.5068930788095,5.32097745033339
2.69225363731277,76.5480914086936,3.43057785420346
589.280150127456,226.547257156007,4.048032640858
439.045974610376,458.719383625894,4.7690431148844
661.062621359591,372.888879702673,3.16742534592621
108.046013028949,488.894540304626,4.411851360819
621.960415030625,89.2887252804038,4.13204777983061
422.03888051424,256.700110139963,3.78521271702923
11.8610763242139,181.229629850019,3.10380508753926
93.9130072124789,113.86476140122,4.51895158926545
613.872793831062,192.599071529667,4.24416088328942
252.402547449542,226.159289317684,3.79158412059286
573.232129764771,431.925231368583,3.82918844526142
305.234979025779,135.339042046824,3.68992622389483
529.059720253815,460.370886479107,3.69483958668184
44.6312790018889,415.720489443325,3.82570632545369
190.094236249245,280.74681580626,3.93695386785319
549.11071875673,264.800387107143,3.61886734891469
171.676360951111,37.3320360265275,4.31955228988288
493.745709078664,342.667013438403,4.49839163999566
34.2017589868681,54.0436623085343,4.30284725768677
536.355062419438,125.104172201603,4.30844901774802
NA,NA,NA
661.689264867149,337.3705944023,3.45756980797144
452.036595310761,298.534432205082,3.58799188513083
6.20091907708229,491.871845679524,3.54688588384025
560.467923651552,53.3859790582601,4.16630293952879
71.5450040687379,371.775852637971,3.88411446230626
230.536530241933,415.779705288171,3.8335941100111
426.05505821998,12.7055637424822,3.37936317605677
361.192700650977,291.805225855271,2.98955432906387
603.771804494822,102.146635192399,4.27595425901158
393.158664923768,228.816182503807,4.10184738801448
571.105712036211,401.78066372319,4.81513952987303
139.326038189345,276.448301078151,4.5137683436267
199.139320898612,371.396708700053,3.92142954716926
122.13045016724,407.642472988852,3.34352893622963
627.791638624836,313.979445914854,4.6358536014611
3.53135434180883,150.554184753809,4.29262395817665
546.656587463724,206.577054123031,4.11381254771596
34.4550195129316,489.333070363284,3.08658134128457
282.806425025158,25.369012841504,3.85468120331085
534.985797841913,391.577675365372,3.39359055849634
70.7513655775121,76.5068930788095,5.32097745033339
2.69225363731277,76.5480914086936,3.43057785420346
589.280150127456,226.547257156007,4.048032640858
439.045974610376,458.719383625894,4.7690431148844
661.062621359591,372.888879702673,3.16742534592621
108.046013028949,488.894540304626,4.411851360819
621.960415030625,89.2887252804038,4.13204777983061
422.03888051424,256.700110139963,3.78521271702923
11.8610763242139,181.229629850019,3.10380508753926
93.9130072124789,113.86476140122,4.51895158926545
613.872793831062,192.599071529667,4.24416088328942
252.402547449542,226.159289317684,3.79158412059286
573.232129764771,431.925231368583,3.82918844526142
305.234979025779,135.339042046824,3.68992622389483
529.059720253815,460.370886479107,3.69483958668184
44.6312790018889,415.720489443325,3.82570632545369
190.094236249245,280.74681580626,3.93695386785319
549.11071875673,264.800387107143,3.61886734891469
171.676360951111,37.3320360265275,4.31955228988288
493.745709078664,342.667013438403,4.49839163999566
34.2017589868681,54.0436623085343,4.30284725768677
536.355062419438,125.104172201603,4.30844901774802
NA,NA,NA
661.689264867149,337.3705944023,3.45756980797144
452.036595310761,298.534432205082,3.58799188513083
6.20091907708229,491.871845679524,3.54688588384025
560.467923651552,53.3859790582601,4.16630293952879
71.5450040687379,371.775852637971,3.88411446230626
230.536530241933,415.779705288171,3.8335941100111
426.05505821998,12.7055637424822,3.37936317605677
361.192700650977,291.805225855271,2.98955432906387
603.771804494822,102.146635192399,4.27595425901158
393.158664923768,228.816182503807,4.10184738801448
571.105712036211,401.78066372319,4.81513952987303
139.326038189345,276.448301078151,4.5137683436267
199.139320898612,371.396708700053,3.92142954716926
122.13045016724,407.642472988852,3.34352893622963
627.791638624836,313.979445914854,4.6358536014611
3.53135434180883,150.554184753809,4.29262395817665
546.656587463724,206.577054123031,4.11381254771596
34.4550195129316,489.333070363284,3.08658134128457
282.806425025158,25.369012841504,3.85468120331085
534.985797841913,391.577675365372,3.39359055849634
70.7513655775121,76.5068930788095,5.32097745033339
2.69225363731277,76.5480914086936,3.43057785420346
589.280150127456,226.547257156007,4.048032640858
439.045974610376,458.719383625894,4.7690431148844
661.062621359591,372.888879702673,3.16742534592621
108.046013028949,488.894540304626,4.411851360819
621.960415030625,89.2887252804038,4.13204777983061
422.03888051424,256.700110139963,3.78521271702923
11.8610763242139,181.229629850019,3.10380508753926
93.9130072124789,113.86476140122,4.51895158926545
613.872793831062,192.599071529667,4.24416088328942
252.402547449542,226.159289317684,3.79158412059286
573.232129764771,431.925231368583,3.82918844526142
305.234979025779,135.339042046824,3.68992622389483
529.059720253815,460.370886479107,3.69483958668184
44.6312790018889,415.720489443325,3.82570632545369
190.094236249245,280.74681580626,3.93695386785319
549.11071875673,264.800387107143,3.61886734891469
171.676360951111,37.3320360265275,4.31955228988288
493.745709078664,342.667013438403,4.49839163999566
34.2017589868681,54.0436623085343,4.30284725768677
536.355062419438,125.104172201603,4.30844901774802
NA,NA,NA
660.290087098206,333.84769492819,3.47705930665211
454.950693914772,300.166754360656,3.616600262753
7.98825263418979,490.533462014918,3.62860006605099
561.799356343026,46.0960730780937,4.04902647153921
70.0695919483249,372.980179431065,4.03944430210123
226.718475343626,416.678547134024,3.88633065779934
430.20829948456,11.6447827112089,3.28316202770676
362.498432099658,293.256226464823,2.88664233421915
600.491171364503,100.125325301298,4.17052549345089
392.113693970816,227.548201870745,4.1614306671804
560.968819002749,413.121348277783,4.65489374983786
141.60616633935,277.509474626455,4.67469525875648
193.374087167863,372.072726785976,4.17098983349183
124.2389886554,411.737410561589,3.36756154595735
623.169056702557,309.957038812017,4.53021742767552
0.356588389913638,149.782571533546,4.19815540012985
546.070588469815,206.403138527309,4.32326500430194
33.7639527347482,490.606817931257,3.09622494156351
279.346815090521,25.2505107249507,3.77262789090693
534.202121610031,393.472968719263,3.4475544302367
76.3174958187431,84.4539503327234,5.29734570724926
1.70168774660539,78.4441838442477,3.41851400776933
584.763431665093,228.148002990704,3.91103334550388
437.700936856392,465.227979487235,4.77562461838105
659.708244007696,373.619383292941,3.10876478528722
104.18856765407,492.738888118997,4.39216359314226
625.976970838589,94.1806561889536,4.09105695698438
423.646884435347,257.201969344493,3.69342580992726
11.0060821816964,182.215729803019,3.24300209292444
65.4680096113843,116.855649406657,4.5433560520337
624.384564268229,195.85297168408,4.38065391229772
259.81832653936,222.761616035598,3.68227997302897
572.379774001331,441.940552599302,3.40727331587974
304.570980260548,135.611177082785,3.72603858077147
526.523420947541,460.356100599689,3.40273914087543
50.2855068632503,416.904717136574,4.11370192240941
186.447376083172,296.459972852598,3.91113804216679
554.875380032071,265.271156615823,3.86235540673688
192.860613807288,18.561200707306,4.24714121327313
498.319164925784,350.497607954657,4.50831879298823
31.559207127755,48.8187842996341,3.67729335023204
535.424542494284,141.198084142324,4.82697294390076
NA,NA,NA
660.290087098206,333.84769492819,3.47705930665211
454.950693914772,300.166754360656,3.616600262753
7.98825263418979,490.533462014918,3.62860006605099
561.799356343026,46.0960730780937,4.04902647153921
70.0695919483249,372.980179431065,4.03944430210123
226.718475343626,416.678547134024,3.88633065779934
430.20829948456,11.6447827112089,3.28316202770676
362.498432099658,293.256226464823,2.88664233421915
600.491171364503,100.125325301298,4.17052549345089
392.113693970816,227.548201870745,4.1614306671804
560.968819002749,413.121348277783,4.65489374983786
141.60616633935,277.509474626455,4.67469525875648
193.374087167863,372.072726785976,4.17098983349183
124.2389886554,411.737410561589,3.36756154595735
623.169056702557,309.957038812017,4.53021742767552
0.356588389913638,149.782571533546,4.19815540012985
546.070588469815,206.403138527309,4.32326500430194
33.7639527347482,490.606817931257,3.09622494156351
279.346815090521,25.2505107249507,3.77262789090693
534.202121610031,393.472968719263,3.4475544302367
76.3174958187431,84.4539503327234,5.29734570724926
1.70168774660539,78.4441838442477,3.41851400776933
584.763431665093,228.148002990704,3.91103334550388
437.700936856392,465.227979487235,4.77562461838105
659.708244007696,373.619383292941,3.10876478528722
104.18856765407,492.738888118997,4.39216359314226
625.976970838589,94.1806561889536,4.09105695698438
423.646884435347,257.201969344493,3.69342580992726
11.0060821816964,182.215729803019,3.24300209292444
65.4680096113843,116.855649406657,4.5433560520337
624.384564268229,195.85297168408,4.38065391229772
259.81832653936,222.761616035598,3.68227997302897
572.379774001331,441.940552599302,3.40727331587974
304.570980260548,135.611177082785,3.72603858077147
526.523420947541,460.356100599689,3.40273914087543
50.2855068632503,416.904717136574,4.11370192240941
186.447376083172,296.459972852598,3.91113804216679
554.875380032071,265.271156615823,3.86235540673688
192.860613807288,18.561200707306,4.24714121327313
498.319164925784,350.497607954657,4.50831879298823
31.559207127755,48.8187842996341,3.67729335023204
535.424542494284,141.198084142324,4.82697294390076
NA,NA,NA
660.290087098206,333.84769492819,3.47705930665211
454.950693914772,300.166754360656,3.616600262753
7.98825263418979,490.533462014918,3.62860006605099
561.799356343026,46.0960730780937,4.04902647153921
70.0695919483249,372.980179431065,4.03944430210123
226.718475343626,416.678547134024,3.88633065779934
430.20829948456,11.6447827112089,3.28316202770676
362.498432099658,293.256226464823,2.88664233421915
600.491171364503,100.125325301298,4.17052549345089
392.113693970816,227.548201870745,4.1614306671804
560.968819002749,413.121348277783,4.65489374983786
141.60616633935,277.509474626455,4.67469525875648
193.374087167863,372.072726785976,4.17098983349183
124.2389886554,411.737410561589,3.36756154595735
623.169056702557,309.957038812017,4.53021742767552
0.356588389913638,149.782571533546,4.19815540012985
546.070588469815,206.403138527309,4.32326500430194
33.7639527347482,490.606817931257,3.09622494156351
279.346815090521,25.2505107249507,3.77262789090693
534.202121610031,393.472968719263,3.4475544302367
76.3174958187431,84.4539503327234,5.29734570724926
1.70168774660539,78.4441838442477,3.41851400776933
584.763431665093,228.148002990704,3.91103334550388
437.700936856392,465.227979487235,4.77562461838105
659.708244007696,373.619383292941,3.10876478528722
104.18856765407,492.738888118997,4.39216359314226
625.976970838589,94.1806561889536,4.09105695698438
423.646884435347,257.201969344493,3.69342580992726
11.0060821816964,182.215729803019,3.24300209292444
65.4680096113843,116.855649406657,4.5433560520337
624.384564268229,195.85297168408,4.38065391229772
259.81832653936,222.761616035598,3.68227997302897
572.379774001331,441.940552599302,3.40727331587974
304.570980260548,135.611177082785,3.72603858077147
526.523420947541,460.356100599689,3.40273914087543
50.2855068632503,416.904717136574,4.11370192240941
186.447376083172,296.459972852598,3.91113804216679
554.875380032071,265.271156615823,3.86235540673688
192.860613807288,18.561200707306,4.24714121327313
498.319164925784,350.497607954657,4.50831879298823
31.559207127755,48.8187842996341,3.67729335023204
535.424542494284,141.198084142324,4.82697294390076
NA,NA,NA
660.290087098206,333.84769492819,3.47705930665211
454.950693914772,300.166754360656,3.616600262753
7.98825263418979,490.533462014918,3.62860006605099
561.799356343026,46.0960730780937,4.04902647153921
70.0695919483249,372.980179431065,4.03944430210123
226.718475343626,416.678547134024,3.88633065779934
430.20829948456,11.6447827112089,3.28316202770676
362.498432099658,293.256226464823,2.88664233421915
600.491171364503,100.125325301298,4.17052549345089
392.113693970816,227.548201870745,4.1614306671804
560.968819002749,413.121348277783,4.65489374983786
141.60616633935,277.509474626455,4.67469525875648
193.374087167863,372.072726785976,4.17098983349183
124.2389886554,411.737410561589,3.36756154595735
623.169056702557,309.957038812017,4.53021742767552
0.356588389913638,149.782571533546,4.19815540012985
546.070588469815,206.403138527309,4.32326500430194
33.7639527347482,490.606817931257,3.09622494156351
279.346815090521,25.2505107249507,3.77262789090693
534.202121610031,393.472968719263,3.4475544302367
76.3174958187431,84.4539503327234,5.29734570724926
1.70168774660539,78.4441838442477,3.41851400776933
584.763431665093,228.148002990704,3.91103334550388
437.700936856392,465.227979487235,4.77562461838105
659.708244007696,373.619383292941,3.10876478528722
104.18856765407,492.738888118997,4.39216359314226
625.976970838589,94.1806561889536,4.09105695698438
423.646884435347,257.201969344493,3.69342580992726
11.0060821816964,182.215729803019,3.24300209292444
65.4680096113843,116.855649406657,4.5433560520337
624.384564268229,195.85297168408,4.38065391229772
259.81832653936,222.761616035598,3.68227997302897
572.379774001331,441.940552599302,3.40727331587974
304.570980260548,135.611177082785,3.72603858077147
526.523420947541,460.356100599689,3.40273914087543
50.2855068632503,416.904717136574,4.11370192240941
186.447376083172,296.459972852598,3.91113804216679
554.875380032071,265.271156615823,3.86235540673688
192.860613807288,18.561200707306,4.24714121327313
498.319164925784,350.497607954657,4.50831879298823
31.559207127755,48.8187842996341,3.67729335023204
535.424542494284,141.198084142324,4.82697294390076
NA,NA,NA
660.290087098206,333.84769492819,3.47705930665211
454.950693914772,300.166754360656,3.616600262753
7.98825263418979,490.533462014918,3.62860006605099
561.799356343026,46.0960730780937,4.04902647153921
70.0695919483249,372.980179431065,4.03944430210123
226.718475343626,416.678547134024,3.88633065779934
430.20829948456,11.6447827112089,3.28316202770676
362.498432099658,293.256226464823,2.88664233421915
600.491171364503,100.125325301298,4.17052549345089
392.113693970816,227.548201870745,4.1614306671804
560.968819002749,413.121348277783,4.65489374983786
141.60616633935,277.509474626455,4.67469525875648
193.374087167863,372.072726785976,4.17098983349183
124.2389886554,411.737410561589,3.36756154595735
623.169056702557,309.957038812017,4.53021742767552
0.356588389913638,149.782571533546,4.19815540012985
546.070588469815,206.403138527309,4.32326500430194
33.7639527347482,490.606817931257,3.09622494156351
279.346815090521,25.2505107249507,3.77262789090693
534.202121610031,393.472968719263,3.4475544302367
76.3174958187431,84.4539503327234,5.29734570724926
1.70168774660539,78.4441838442477,3.41851400776933
584.763431665093,228.148002990704,3.91103334550388
437.700936856392,465.227979487235,4.77562461838105
659.708244007696,373.619383292941,3.10876478528722
104.18856765407,492.738888118997,4.39216359314226
625.976970838589,94.1806561889536,4.09105695698438
423.646884435347,257.201969344493,3.69342580992726
11.0060821816964,182.215729803019,3.24300209292444
65.4680096113843,116.855649406657,4.5433560520337
624.384564268229,195.85297168408,4.38065391229772
259.81832653936,222.761616035598,3.68227997302897
572.379774001331,441.940552599302,3.40727331587974
304.570980260548,135.611177082785,3.72603858077147
526.523420947541,460.356100599689,3.40273914087543
50.2855068632503,416.904717136574,4.11370192240941
186.447376083172,296.459972852598,3.91113804216679
554.875380032071,265.271156615823,3.86235540673688
192.860613807288,18.561200707306,4.24714121327313
498.319164925784,350.497607954657,4.50831879298823
31.559207127755,48.8187842996341,3.67729335023204
535.424542494284,141.198084142324,4.82697294390076
NA,NA,NA
660.290087098206,333.84769492819,3.47705930665211
454.950693914772,300.166754360656,3.616600262753
7.98825263418979,490.533462014918,3.62860006605099
561.799356343026,46.0960730780937,4.04902647153921
70.0695919483249,372.980179431065,4.03944430210123
226.718475343626,416.678547134024,3.88633065779934
430.20829948456,11.6447827112089,3.28316202770676
362.498432099658,293.256226464823,2.88664233421915
600.491171364503,100.125325301298,4.17052549345089
392.113693970816,227.548201870745,4.1614306671804
560.968819002749,413.121348277783,4.65489374983786
141.60616633935,277.509474626455,4.67469525875648
193.374087167863,372.072726785976,4.17098983349183
124.2389886554,411.737410561589,3.36756154595735
623.169056702557,309.957038812017,4.53021742767552
0.356588389913638,149.782571533546,4.19815540012985
546.070588469815,206.403138527309,4.32326500430194
33.7639527347482,490.606817931257,3.09622494156351
279.346815090521,25.2505107249507,3.77262789090693
534.202121610031,393.472968719263,3.4475544302367
76.3174958187431,84.4539503327234,5.29734570724926
1.70168774660539,78.4441838442477,3.41851400776933
584.763431665093,228.148002990704,3.91103334550388
437.700936856392,465.227979487235,4.77562461838105
659.708244007696,373.619383292941,3.10876478528722
104.18856765407,492.738888118997,4.39216359314226
625.976970838589,94.1806561889536,4.09105695698438
423.646884435347,257.201969344493,3.69342580992726
11.0060821816964,182.215729803019,3.24300209292444
65.4680096113843,116.855649406657,4.5433560520337
624.384564268229,195.85297168408,4.38065391229772
259.81832653936,222.761616035598,3.68227997302897
572.379774001331,441.940552599302,3.40727331587974
304.570980260548,135.611177082785,3.72603858077147
526.523420947541,460.356100599689,3.40273914087543
50.2855068632503,416.904717136574,4.11370192240941
186.447376083172,296.459972852598,3.91113804216679
554.875380032071,265.271156615823,3.86235540673688
192.860613807288,18.561200707306,4.24714121327313
498.319164925784,350.497607954657,4.50831879298823
31.559207127755,48.8187842996341,3.67729335023204
535.424542494284,141.198084142324,4.82697294390076
NA,NA,NA
657.847517686881,340.957432703456,3.43399139904715
455.055546483443,299.585597485877,3.63820105277867
11.2893599701794,498.306111562681,3.65147807855694
564.109275500962,50.6853035566692,4.11307859004916
70.2686541140931,374.449477360093,4.03686512654527
226.622717510458,413.076342018507,3.81468832203703
430.336827008401,14.057839362535,3.28026285838044
359.021992319468,291.478077794793,3.13168249352772
604.888608628566,99.2947443247912,4.32971844049047
391.117665440664,232.189681920734,4.11311606161591
572.753274047692,411.171344856318,4.70717464321788
145.324895654771,284.130197596215,4.57840966028655
196.544696712606,374.628689138326,4.12556382201825
121.143031599553,411.951076841877,3.36236525162255
625.43838295373,312.89939102083,4.56832124250402
1.29953859752972,149.188987877652,4.31320481319196
542.277436216288,206.117930874587,4.20122573575053
34.2254413886865,489.776243163894,2.93530164336693
275.56295604052,25.7519746916434,3.87737077416207
534.473917221332,393.835888562809,3.44509633967716
70.4488558077594,77.6457582951476,5.27226532960105
2.50759204647021,76.935470316076,3.52814724193536
589.285769927981,226.000123913283,4.03336769978602
443.895295926697,458.435592781026,4.71778419239832
659.935694206575,373.324887772349,3.0734639979167
103.467370280621,486.199943214655,4.36759304279907
624.939378170975,89.7542045076968,4.07015409915053
420.227182496491,258.780246875261,3.6632144610487
12.1226073754906,179.98641286934,3.28908251602214
56.7726263500145,104.606894526147,4.35314780800088
601.832271028783,219.46388309386,4.35107528537914
259.171676618312,215.961833835463,3.94083178527137
572.183116205485,438.901580177103,3.76256266019742
303.539067214525,134.906303069034,3.92736441524773
534.272933845201,453.348542007937,3.52627592777364
53.3210996654461,415.097980382511,4.17192968987435
207.763764070354,286.54713411745,4.30796479028436
550.680072265514,261.825941077123,3.67195060222498
163.568098676872,29.4975205359179,3.97083428273623
508.122542642194,338.868951829985,4.64592311773929
37.486797826341,45.2765840930943,3.67991635283105
535.645984424133,156.94256164226,4.44096396991953
NA,NA,NA
657.847517686881,340.957432703456,3.43399139904715
455.055546483443,299.585597485877,3.63820105277867
11.2893599701794,498.306111562681,3.65147807855694
564.109275500962,50.6853035566692,4.11307859004916
70.2686541140931,374.449477360093,4.03686512654527
226.622717510458,413.076342018507,3.81468832203703
430.336827008401,14.057839362535,3.28026285838044
359.021992319468,291.478077794793,3.13168249352772
604.888608628566,99.2947443247912,4.32971844049047
391.117665440664,232.189681920734,4.11311606161591
572.753274047692,411.171344856318,4.70717464321788
145.324895654771,284.130197596215,4.57840966028655
196.544696712606,374.628689138326,4.12556382201825
121.143031599553,411.951076841877,3.36236525162255
625.43838295373,312.89939102083,4.56832124250402
1.29953859752972,149.188987877652,4.31320481319196
542.277436216288,206.117930874587,4.20122573575053
34.2254413886865,489.776243163894,2.93530164336693
275.56295604052,25.7519746916434,3.87737077416207
534.473917221332,393.835888562809,3.44509633967716
70.4488558077594,77.6457582951476,5.27226532960105
2.50759204647021,76.935470316076,3.52814724193536
589.285769927981,226.000123913283,4.03336769978602
443.895295926697,458.435592781026,4.71778419239832
659.935694206575,373.324887772349,3.0734639979167
103.467370280621,486.199943214655,4.36759304279907
624.939378170975,89.7542045076968,4.07015409915053
420.227182496491,258.780246875261,3.6632144610487
12.1226073754906,179.98641286934,3.28908251602214
56.7726263500145,104.606894526147,4.35314780800088
601.832271028783,219.46388309386,4.35107528537914
259.171676618312,215.961833835463,3.94083178527137
572.183116205485,438.901580177103,3.76256266019742
303.539067214525,134.906303069034,3.92736441524773
534.272933845201,453.348542007937,3.52627592777364
53.3210996654461,415.097980382511,4.17192968987435
207.763764070354,286.54713411745,4.30796479028436
550.680072265514,261.825941077123,3.67195060222498
163.568098676872,29.4975205359179,3.97083428273623
508.122542642194,338.868951829985,4.64592311773929
37.486797826341,45.2765840930943,3.67991635283105
535.645984424133,156.94256164226,4.44096396991953
NA,NA,NA
657.847517686881,340.957432703456,3.43399139904715
455.055546483443,299.585597485877,3.63820105277867
11.2893599701794,498.306111562681,3.65147807855694
564.109275500962,50.6853035566692,4.11307859004916
70.2686541140931,374.449477360093,4.03686512654527
226.622717510458,413.076342018507,3.81468832203703
430.336827008401,14.057839362535,3.28026285838044
359.021992319468,291.478077794793,3.13168249352772
604.888608628566,99.2947443247912,4.32971844049047
391.117665440664,232.189681920734,4.11311606161591
572.753274047692,411.171344856318,4.70717464321788
145.324895654771,284.130197596215,4.57840966028655
196.544696712606,374.628689138326,4.12556382201825
121.143031599553,411.951076841877,3.36236525162255
625.43838295373,312.89939102083,4.56832124250402
1.29953859752972,149.188987877652,4.31320481319196
542.277436216288,206.117930874587,4.20122573575053
34.2254413886865,489.776243163894,2.93530164336693
275.56295604052,25.7519746916434,3.87737077416207
534.473917221332,393.835888562809,3.44509633967716
70.4488558077594,77.6457582951476,5.27226532960105
2.50759204647021,76.935470316076,3.52814724193536
589.285769927981,226.000123913283,4.03336769978602
443.895295926697,458.435592781026,4.71778419239832
659.935694206575,373.324887772349,3.0734639979167
103.467370280621,486.199943214655,4.36759304279907
624.939378170975,89.7542045076968,4.07015409915053
420.227182496491,258.780246875261,3.6632144610487
12.1226073754906,179.98641286934,3.28908251602214
56.7726263500145,104.606894526147,4.35314780800088
601.832271028783,219.46388309386,4.35107528537914
259.171676618312,215.961833835463,3.94083178527137
572.183116205485,438.901580177103,3.76256266019742
303.539067214525,134.906303069034,3.92736441524773
534.272933845201,453.348542007937,3.52627592777364
53.3210996654461,415.097980382511,4.17192968987435
207.763764070354,286.54713411745,4.30796479028436
550.680072265514,261.825941077123,3.67195060222498
163.568098676872,29.4975205359179,3.97083428273623
508.122542642194,338.868951829985,4.64592311773929
37.486797826341,45.2765840930943,3.67991635283105
535.645984424133,156.94256164226,4.44096396991953
NA,NA,NA
657.847517686881,340.957432703456,3.43399139904715
455.055546483443,299.585597485877,3.63820105277867
11.2893599701794,498.306111562681,3.65147807855694
564.109275500962,50.6853035566692,4.11307859004916
70.2686541140931,374.449477360093,4.03686512654527
226.622717510458,413.076342018507,3.81468832203703
430.336827008401,14.057839362535,3.28026285838044
359.021992319468,291.478077794793,3.13168249352772
604.888608628566,99.2947443247912,4.32971844049047
391.117665440664,232.189681920734,4.11311606161591
572.753274047692,411.171344856318,4.70717464321788
145.324895654771,284.130197596215,4.57840966028655
196.544696712606,374.628689138326,4.12556382201825
121.143031599553,411.951076841877,3.36236525162255
625.43838295373,312.89939102083,4.56832124250402
1.29953859752972,149.188987877652,4.31320481319196
542.277436216288,206.117930874587,4.20122573575053
34.2254413886865,489.776243163894,2.93530164336693
275.56295604052,25.7519746916434,3.87737077416207
534.473917221332,393.835888562809,3.44509633967716
70.4488558077594,77.6457582951476,5.27226532960105
2.50759204647021,76.935470316076,3.52814724193536
589.285769927981,226.000123913283,4.03336769978602
443.895295926697,458.435592781026,4.71778419239832
659.935694206575,373.324887772349,3.0734639979167
103.467370280621,486.199943214655,4.36759304279907
624.939378170975,89.7542045076968,4.07015409915053
420.227182496491,258.780246875261,3.6632144610487
12.1226073754906,179.98641286934,3.28908251602214
56.7726263500145,104.606894526147,4.35314780800088
601.832271028783,219.46388309386,4.35107528537914
259.171676618312,215.961833835463,3.94083178527137
572.183116205485,438.901580177103,3.76256266019742
303.539067214525,134.906303069034,3.92736441524773
534.272933845201,453.348542007937,3.52627592777364
53.3210996654461,415.097980382511,4.17192968987435
207.763764070354,286.54713411745,4.30796479028436
550.680072265514,261.825941077123,3.67195060222498
163.568098676872,29.4975205359179,3.97083428273623
508.122542642194,338.868951829985,4.64592311773929
37.486797826341,45.2765840930943,3.67991635283105
535.645984424133,156.94256164226,4.44096396991953
NA,NA,NA
657.847517686881,340.957432703456,3.43399139904715
455.055546483443,299.585597485877,3.63820105277867
11.2893599701794,498.306111562681,3.65147807855694
564.109275500962,50.6853035566692,4.11307859004916
70.2686541140931,374.449477360093,4.03686512654527
226.622717510458,413.076342018507,3.81468832203703
430.336827008401,14.057839362535,3.28026285838044
359.021992319468,291.478077794793,3.13168249352772
604.888608628566,99.2947443247912,4.32971844049047
391.117665440664,232.189681920734,4.11311606161591
572.753274047692,411.171344856318,4.70717464321788
145.324895654771,284.130197596215,4.57840966028655
196.544696712606,374.628689138326,4.12556382201825
121.143031599553,411.951076841877,3.36236525162255
625.43838295373,312.89939102083,4.56832124250402
1.29953859752972,149.188987877652,4.31320481319196
542.277436216288,206.117930874587,4.20122573575053
34.2254413886865,489.776243163894,2.93530164336693
275.56295604052,25.7519746916434,3.87737077416207
534.473917221332,393.835888562809,3.44509633967716
70.4488558077594,77.6457582951476,5.27226532960105
2.50759204647021,76.935470316076,3.52814724193536
589.285769927981,226.000123913283,4.03336769978602
443.895295926697,458.435592781026,4.71778419239832
659.935694206575,373.324887772349,3.0734639979167
103.467370280621,486.199943214655,4.36759304279907
624.939378170975,89.7542045076968,4.07015409915053
420.227182496491,258.780246875261,3.6632144610487
12.1226073754906,179.98641286934,3.28908251602214
56.7726263500145,104.606894526147,4.35314780800088
601.832271028783,219.46388309386,4.35107528537914
259.171676618312,215.961833835463,3.94083178527137
572.183116205485,438.901580177103,3.76256266019742
303.539067214525,134.906303069034,3.92736441524773
534.272933845201,453.348542007937,3.52627592777364
53.3210996654461,415.097980382511,4.17192968987435
207.763764070354,286.54713411745,4.30796479028436
550.680072265514,261.825941077123,3.67195060222498
163.568098676872,29.4975205359179,3.97083428273623
508.122542642194,338.868951829985,4.64592311773929
37.486797826341,45.2765840930943,3.67991635283105
535.645984424133,156.94256164226,4.44096396991953
NA,NA,NA
657.847517686881,340.957432703456,3.43399139904715
455.055546483443,299.585597485877,3.63820105277867
11.2893599701794,498.306111562681,3.65147807855694
564.109275500962,50.6853035566692,4.11307859004916
70.2686541140931,374.449477360093,4.03686512654527
226.622717510458,413.076342018507,3.81468832203703
430.336827008401,14.057839362535,3.28026285838044
359.021992319468,291.478077794793,3.13168249352772
604.888608628566,99.2947443247912,4.32971844049047
391.117665440664,232.189681920734,4.11311606161591
572.753274047692,411.171344856318,4.70717464321788
145.324895654771,284.130197596215,4.57840966028655
196.544696712606,374.628689138326,4.12556382201825
121.143031599553,411.951076841877,3.36236525162255
625.43838295373,312.89939102083,4.56832124250402
1.29953859752972,149.188987877652,4.31320481319196
542.277436216288,206.117930874587,4.20122573575053
34.2254413886865,489.776243163894,2.93530164336693
275.56295604052,25.7519746916434,3.87737077416207
534.473917221332,393.835888562809,3.44509633967716
70.4488558077594,77.6457582951476,5.27226532960105
2.50759204647021,76.935470316076,3.52814724193536
589.285769927981,226.000123913283,4.03336769978602
443.895295926697,458.435592781026,4.71778419239832
659.935694206575,373.324887772349,3.0734639979167
103.467370280621,486.199943214655,4.36759304279907
624.939378170975,89.7542045076968,4.07015409915053
420.227182496491,258.780246875261,3.6632144610487
12.1226073754906,179.98641286934,3.28908251602214
56.7726263500145,104.606894526147,4.35314780800088
601.832271028783,219.46388309386,4.35107528537914
259.171676618312,215.961833835463,3.94083178527137
572.183116205485,438.901580177103,3.76256266019742
303.539067214525,134.906303069034,3.92736441524773
534.272933845201,453.348542007937,3.52627592777364
53.3210996654461,415.097980382511,4.17192968987435
207.763764070354,286.54713411745,4.30796479028436
550.680072265514,261.825941077123,3.67195060222498
163.568098676872,29.4975205359179,3.97083428273623
508.122542642194,338.868951829985,4.64592311773929
37.486797826341,45.2765840930943,3.67991635283105
535.645984424133,156.94256164226,4.44096396991953
NA,NA,NA
660.898225930608,337.125647490607,3.35999133600463
457.877237209758,294.774728265171,3.57861191711639
12.0454214979598,491.426749439614,3.52517424681915
562.604949333224,54.6314433432323,4.13792847985946
75.5894730199253,373.652714334852,3.92544886616317
229.447086359663,415.069970757403,3.71127603448857
423.60189306173,13.4198455101515,3.33990542534801
364.561324163439,293.142703854257,2.90814599537097
598.042051214871,107.096479339743,4.18873077283485
391.409524252076,224.885584179667,4.2345861308751
572.606677919185,411.014224493782,4.75620413808571
146.907152835678,274.135967875567,4.45151600757471
194.723405076408,363.986925692498,4.11480615888509
122.29565464915,410.416741680484,3.54100958733077
634.823139354508,311.467971230112,4.52487565408785
-0.163194818263678,149.167756982669,4.36821790467982
546.179617641044,200.192180673097,4.20028118909748
34.543142570967,490.727746934043,2.95888237407856
275.851278951942,26.1796455039123,4.00324334216668
535.546768212685,394.134940017362,3.40862025676589
69.404023891172,73.0773374197632,5.30066563040331
3.157824259989,74.336703900864,3.474311461054
585.301954278959,228.583763369693,3.98759739898912
439.239533964348,456.521447371492,4.79803374420094
658.574985281491,374.486658626701,3.09737767225438
103.284164272238,489.935107690402,4.35041600225039
623.160897543273,86.2820204792353,4.07046297344242
417.525902043511,256.552727197079,3.65438153290869
11.0287071122165,181.051359238369,3.24633887441201
67.4776869310868,123.923305937904,4.08834339177668
606.386313952816,201.748757842755,4.47491579201658
252.131956382698,218.875655520558,4.0165788128953
567.496047293858,436.909600338012,3.80803957560428
301.429671457397,138.034261302674,3.82374772506763
532.742959247753,467.785228215361,3.43245071507667
42.6613751604784,418.211276431004,4.01512985851721
212.226581861321,277.627424128032,4.20854993011389
558.634179575447,258.193151418567,3.3827870756599
176.695353091059,35.1617077298395,4.06176015282917
499.052236137087,346.544958051721,4.5229145115228
41.9355479125819,58.0836708618797,3.66475421158529
516.972881199153,151.605857541646,4.42746165385528
NA,NA,NA
660.898225930608,337.125647490607,3.35999133600463
457.877237209758,294.774728265171,3.57861191711639
12.0454214979598,491.426749439614,3.52517424681915
562.604949333224,54.6314433432323,4.13792847985946
75.5894730199253,373.652714334852,3.92544886616317
229.447086359663,415.069970757403,3.71127603448857
423.60189306173,13.4198455101515,3.33990542534801
364.561324163439,293.142703854257,2.90814599537097
598.042051214871,107.096479339743,4.18873077283485
391.409524252076,224.885584179667,4.2345861308751
572.606677919185,411.014224493782,4.75620413808571
146.907152835678,274.135967875567,4.45151600757471
194.723405076408,363.986925692498,4.11480615888509
122.29565464915,410.416741680484,3.54100958733077
634.823139354508,311.467971230112,4.52487565408785
-0.163194818263678,149.167756982669,4.36821790467982
546.179617641044,200.192180673097,4.20028118909748
34.543142570967,490.727746934043,2.95888237407856
275.851278951942,26.1796455039123,4.00324334216668
535.546768212685,394.134940017362,3.40862025676589
69.404023891172,73.0773374197632,5.30066563040331
3.157824259989,74.336703900864,3.474311461054
585.301954278959,228.583763369693,3.98759739898912
439.239533964348,456.521447371492,4.79803374420094
658.574985281491,374.486658626701,3.09737767225438
103.284164272238,489.935107690402,4.35041600225039
623.160897543273,86.2820204792353,4.07046297344242
417.525902043511,256.552727197079,3.65438153290869
11.0287071122165,181.051359238369,3.24633887441201
67.4776869310868,123.923305937904,4.08834339177668
606.386313952816,201.748757842755,4.47491579201658
252.131956382698,218.875655520558,4.0165788128953
567.496047293858,436.909600338012,3.80803957560428
301.429671457397,138.034261302674,3.82374772506763
532.742959247753,467.785228215361,3.43245071507667
42.6613751604784,418.211276431004,4.01512985851721
212.226581861321,277.627424128032,4.20854993011389
558.634179575447,258.193151418567,3.3827870756599
176.695353091059,35.1617077298395,4.06176015282917
499.052236137087,346.544958051721,4.5229145115228
41.9355479125819,58.0836708618797,3.66475421158529
516.972881199153,151.605857541646,4.42746165385528
NA,NA,NA
660.898225930608,337.125647490607,3.35999133600463
457.877237209758,294.774728265171,3.57861191711639
12.0454214979598,491.426749439614,3.52517424681915
562.604949333224,54.6314433432323,4.13792847985946
75.5894730199253,373.652714334852,3.92544886616317
229.447086359663,415.069970757403,3.71127603448857
423.60189306173,13.4198455101515,3.33990542534801
364.561324163439,293.142703854257,2.90814599537097
598.042051214871,107.096479339743,4.18873077283485
391.409524252076,224.885584179667,4.2345861308751
572.606677919185,411.014224493782,4.75620413808571
146.907152835678,274.135967875567,4.45151600757471
194.723405076408,363.986925692498,4.11480615888509
122.29565464915,410.416741680484,3.54100958733077
634.823139354508,311.467971230112,4.52487565408785
-0.163194818263678,149.167756982669,4.36821790467982
546.179617641044,200.192180673097,4.20028118909748
34.543142570967,490.727746934043,2.95888237407856
275.851278951942,26.1796455039123,4.00324334216668
535.546768212685,394.134940017362,3.40862025676589
69.404023891172,73.0773374197632,5.30066563040331
3.157824259989,74.336703900864,3.474311461054
585.301954278959,228.583763369693,3.98759739898912
439.239533964348,456.521447371492,4.79803374420094
658.574985281491,374.486658626701,3.09737767225438
103.284164272238,489.935107690402,4.35041600225039
623.160897543273,86.2820204792353,4.07046297344242
417.525902043511,256.552727197079,3.65438153290869
11.0287071122165,181.051359238369,3.24633887441201
67.4776869310868,123.923305937904,4.08834339177668
606.386313952816,201.748757842755,4.47491579201658
252.131956382698,218.875655520558,4.0165788128953
567.496047293858,436.909600338012,3.80803957560428
301.429671457397,138.034261302674,3.82374772506763
532.742959247753,467.785228215361,3.43245071507667
42.6613751604784,418.211276431004,4.01512985851721
212.226581861321,277.627424128032,4.20854993011389
558.634179575447,258.193151418567,3.3827870756599
176.695353091059,35.1617077298395,4.06176015282917
499.052236137087,346.544958051721,4.5229145115228
41.9355479125819,58.0836708618797,3.66475421158529
516.972881199153,151.605857541646,4.42746165385528
NA,NA,NA
660.898225930608,337.125647490607,3.35999133600463
457.877237209758,294.774728265171,3.57861191711639
12.0454214979598,491.426749439614,3.52517424681915
562.604949333224,54.6314433432323,4.13792847985946
75.5894730199253,373.652714334852,3.92544886616317
229.447086359663,415.069970757403,3.71127603448857
423.60189306173,13.4198455101515,3.33990542534801
364.561324163439,293.142703854257,2.90814599537097
598.042051214871,107.096479339743,4.18873077283485
391.409524252076,224.885584179667,4.2345861308751
572.606677919185,411.014224493782,4.75620413808571
146.907152835678,274.135967875567,4.45151600757471
194.723405076408,363.986925692498,4.11480615888509
122.29565464915,410.416741680484,3.54100958733077
634.823139354508,311.467971230112,4.52487565408785
-0.163194818263678,149.167756982669,4.36821790467982
546.179617641044,200.192180673097,4.20028118909748
34.543142570967,490.727746934043,2.95888237407856
275.851278951942,26.1796455039123,4.00324334216668
535.546768212685,394.134940017362,3.40862025676589
69.404023891172,73.0773374197632,5.30066563040331
3.157824259989,74.336703900864,3.474311461054
585.301954278959,228.583763369693,3.98759739898912
439.239533964348,456.521447371492,4.79803374420094
658.574985281491,374.486658626701,3.09737767225438
103.284164272238,489.935107690402,4.35041600225039
623.160897543273,86.2820204792353,4.07046297344242
417.525902043511,256.552727197079,3.65438153290869
11.0287071122165,181.051359238369,3.24633887441201
67.4776869310868,123.923305937904,4.08834339177668
606.386313952816,201.748757842755,4.47491579201658
252.131956382698,218.875655520558,4.0165788128953
567.496047293858,436.909600338012,3.80803957560428
301.429671457397,138.034261302674,3.82374772506763
532.742959247753,467.785228215361,3.43245071507667
42.6613751604784,418.211276431004,4.01512985851721
212.226581861321,277.627424128032,4.20854993011389
558.634179575447,258.193151418567,3.3827870756599
176.695353091059,35.1617077298395,4.06176015282917
499.052236137087,346.544958051721,4.5229145115228
41.9355479125819,58.0836708618797,3.66475421158529
516.972881199153,151.605857541646,4.42746165385528
NA,NA,NA
660.898225930608,337.125647490607,3.35999133600463
457.877237209758,294.774728265171,3.57861191711639
12.0454214979598,491.426749439614,3.52517424681915
562.604949333224,54.6314433432323,4.13792847985946
75.5894730199253,373.652714334852,3.92544886616317
229.447086359663,415.069970757403,3.71127603448857
423.60189306173,13.4198455101515,3.33990542534801
364.561324163439,293.142703854257,2.90814599537097
598.042051214871,107.096479339743,4.18873077283485
391.409524252076,224.885584179667,4.2345861308751
572.606677919185,411.014224493782,4.75620413808571
146.907152835678,274.135967875567,4.45151600757471
194.723405076408,363.986925692498,4.11480615888509
122.29565464915,410.416741680484,3.54100958733077
634.823139354508,311.467971230112,4.52487565408785
-0.163194818263678,149.167756982669,4.36821790467982
546.179617641044,200.192180673097,4.20028118909748
34.543142570967,490.727746934043,2.95888237407856
275.851278951942,26.1796455039123,4.00324334216668
535.546768212685,394.134940017362,3.40862025676589
69.404023891172,73.0773374197632,5.30066563040331
3.157824259989,74.336703900864,3.474311461054
585.301954278959,228.583763369693,3.98759739898912
439.239533964348,456.521447371492,4.79803374420094
658.574985281491,374.486658626701,3.09737767225438
103.284164272238,489.935107690402,4.35041600225039
623.160897543273,86.2820204792353,4.07046297344242
417.525902043511,256.552727197079,3.65438153290869
11.0287071122165,181.051359238369,3.24633887441201
67.4776869310868,123.923305937904,4.08834339177668
606.386313952816,201.748757842755,4.47491579201658
252.131956382698,218.875655520558,4.0165788128953
567.496047293858,436.909600338012,3.80803957560428
301.429671457397,138.034261302674,3.82374772506763
532.742959247753,467.785228215361,3.43245071507667
42.6613751604784,418.211276431004,4.01512985851721
212.226581861321,277.627424128032,4.20854993011389
558.634179575447,258.193151418567,3.3827870756599
176.695353091059,35.1617077298395,4.06176015282917
499.052236137087,346.544958051721,4.5229145115228
41.9355479125819,58.0836708618797,3.66475421158529
516.972881199153,151.605857541646,4.42746165385528
NA,NA,NA
660.898225930608,337.125647490607,3.35999133600463
457.877237209758,294.774728265171,3.57861191711639
12.0454214979598,491.426749439614,3.52517424681915
562.604949333224,54.6314433432323,4.13792847985946
75.5894730199253,373.652714334852,3.92544886616317
229.447086359663,415.069970757403,3.71127603448857
423.60189306173,13.4198455101515,3.33990542534801
364.561324163439,293.142703854257,2.90814599537097
598.042051214871,107.096479339743,4.18873077283485
391.409524252076,224.885584179667,4.2345861308751
572.606677919185,411.014224493782,4.75620413808571
146.907152835678,274.135967875567,4.45151600757471
194.723405076408,363.986925692498,4.11480615888509
122.29565464915,410.416741680484,3.54100958733077
634.823139354508,311.467971230112,4.52487565408785
-0.163194818263678,149.167756982669,4.36821790467982
546.179617641044,200.192180673097,4.20028118909748
34.543142570967,490.727746934043,2.95888237407856
275.851278951942,26.1796455039123,4.00324334216668
535.546768212685,394.134940017362,3.40862025676589
69.404023891172,73.0773374197632,5.30066563040331
3.157824259989,74.336703900864,3.474311461054
585.301954278959,228.583763369693,3.98759739898912
439.239533964348,456.521447371492,4.79803374420094
658.574985281491,374.486658626701,3.09737767225438
103.284164272238,489.935107690402,4.35041600225039
623.160897543273,86.2820204792353,4.07046297344242
417.525902043511,256.552727197079,3.65438153290869
11.0287071122165,181.051359238369,3.24633887441201
67.4776869310868,123.923305937904,4.08834339177668
606.386313952816,201.748757842755,4.47491579201658
252.131956382698,218.875655520558,4.0165788128953
567.496047293858,436.909600338012,3.80803957560428
301.429671457397,138.034261302674,3.82374772506763
532.742959247753,467.785228215361,3.43245071507667
42.6613751604784,418.211276431004,4.01512985851721
212.226581861321,277.627424128032,4.20854993011389
558.634179575447,258.193151418567,3.3827870756599
176.695353091059,35.1617077298395,4.06176015282917
499.052236137087,346.544958051721,4.5229145115228
41.9355479125819,58.0836708618797,3.66475421158529
516.972881199153,151.605857541646,4.42746165385528
NA,NA,NA
663.376079285104,336.143830679305,3.44711222018638
456.875003934858,296.805228884382,3.61403045348953
12.4023979926421,496.308810525897,3.45263257337879
559.303493084254,47.4591839647744,4.11954868479459
73.9589288883303,374.525238152102,4.02711732459461
230.226712184735,418.600129724773,3.83766917466133
428.107099377814,11.9290304341185,3.34192530695866
361.218936386404,293.464515833572,3.08395688392714
601.704120560483,101.902644193113,4.11559610582004
390.005416205857,235.034373940848,4.23933007781214
571.00797563364,403.876926742263,4.72709253736612
141.362711994454,286.746887638817,4.6537277410696
197.539519699463,363.720748128967,3.95436250037765
127.094980330618,408.399116194169,3.49627292499664
624.118382018476,317.014422891415,4.62313974980012
-0.825507290910901,148.12207253411,4.26485039011668
541.539547871808,200.620719275325,4.1086561652615
33.2950595566574,492.141526067529,3.11294022894833
280.512428912069,21.7056875409335,3.79815772472533
531.751145696896,392.234754879119,3.45262176991526
74.3785578315324,72.0302166917584,5.14135324175908
7.19790989396878,79.8137970804374,3.49062316780648
585.580638963995,224.812567046292,4.07739114122109
433.810438530805,456.587884961932,4.69464834683803
656.746448691809,373.107838347084,3.01906712372609
102.859180496751,489.385134734918,4.33025649655091
620.313465656117,90.0607277369984,4.13926771672068
422.608472078848,258.691130768822,3.61228633617985
13.5435854176859,184.41579478542,3.15848116162911
68.2706431242017,105.242147445995,4.51004388993101
610.55754212525,206.322820496126,4.05073379394028
251.328702366045,214.115706681071,3.89640739764859
575.509468379739,430.894363052617,3.50514859803531
302.902567679905,138.52709201465,4.03859002324974
524.981369594304,461.961826243876,3.7570187240767
44.4526451626742,421.809740755332,3.92342387151397
200.877112098777,288.286357993178,3.66706210543869
553.471920777195,269.36381966427,3.76363778263895
170.443016603258,35.7761089254124,4.10124455437792
509.081837009257,342.299556113373,4.72419838907784
31.2358427923281,54.7973659140779,3.70916902017836
522.160748738021,164.179753723645,4.61159819200691
NA,NA,NA
663.376079285104,336.143830679305,3.44711222018638
456.875003934858,296.805228884382,3.61403045348953
12.4023979926421,496.308810525897,3.45263257337879
559.303493084254,47.4591839647744,4.11954868479459
73.9589288883303,374.525238152102,4.02711732459461
230.226712184735,418.600129724773,3.83766917466133
428.107099377814,11.9290304341185,3.34192530695866
361.218936386404,293.464515833572,3.08395688392714
601.704120560483,101.902644193113,4.11559610582004
390.005416205857,235.034373940848,4.23933007781214
571.00797563364,403.876926742263,4.72709253736612
141.362711994454,286.746887638817,4.6537277410696
197.539519699463,363.720748128967,3.95436250037765
127.094980330618,408.399116194169,3.49627292499664
624.118382018476,317.014422891415,4.62313974980012
-0.825507290910901,148.12207253411,4.26485039011668
541.539547871808,200.620719275325,4.1086561652615
33.2950595566574,492.141526067529,3.11294022894833
280.512428912069,21.7056875409335,3.79815772472533
531.751145696896,392.234754879119,3.45262176991526
74.3785578315324,72.0302166917584,5.14135324175908
7.19790989396878,79.8137970804374,3.49062316780648
585.580638963995,224.812567046292,4.07739114122109
433.810438530805,456.587884961932,4.69464834683803
656.746448691809,373.107838347084,3.01906712372609
102.859180496751,489.385134734918,4.33025649655091
620.313465656117,90.0607277369984,4.13926771672068
422.608472078848,258.691130768822,3.61228633617985
13.5435854176859,184.41579478542,3.15848116162911
68.2706431242017,105.242147445995,4.51004388993101
610.55754212525,206.322820496126,4.05073379394028
251.328702366045,214.115706681071,3.89640739764859
575.509468379739,430.894363052617,3.50514859803531
302.902567679905,138.52709201465,4.03859002324974
524.981369594304,461.961826243876,3.7570187240767
44.4526451626742,421.809740755332,3.92342387151397
200.877112098777,288.286357993178,3.66706210543869
553.471920777195,269.36381966427,3.76363778263895
170.443016603258,35.7761089254124,4.10124455437792
509.081837009257,342.299556113373,4.72419838907784
31.2358427923281,54.7973659140779,3.70916902017836
522.160748738021,164.179753723645,4.61159819200691
NA,NA,NA
663.376079285104,336.143830679305,3.44711222018638
456.875003934858,296.805228884382,3.61403045348953
12.4023979926421,496.308810525897,3.45263257337879
559.303493084254,47.4591839647744,4.11954868479459
73.9589288883303,374.525238152102,4.02711732459461
230.226712184735,418.600129724773,3.83766917466133
428.107099377814,11.9290304341185,3.34192530695866
361.218936386404,293.464515833572,3.08395688392714
601.704120560483,101.902644193113,4.11559610582004
390.005416205857,235.034373940848,4.23933007781214
571.00797563364,403.876926742263,4.72709253736612
141.362711994454,286.746887638817,4.6537277410696
197.539519699463,363.720748128967,3.95436250037765
127.094980330618,408.399116194169,3.49627292499664
624.118382018476,317.014422891415,4.62313974980012
-0.825507290910901,148.12207253411,4.26485039011668
541.539547871808,200.620719275325,4.1086561652615
33.2950595566574,492.141526067529,3.11294022894833
280.512428912069,21.7056875409335,3.79815772472533
531.751145696896,392.234754879119,3.45262176991526
74.3785578315324,72.0302166917584,5.14135324175908
7.19790989396878,79.8137970804374,3.49062316780648
585.580638963995,224.812567046292,4.07739114122109
433.810438530805,456.587884961932,4.69464834683803
656.746448691809,373.107838347084,3.01906712372609
102.859180496751,489.385134734918,4.33025649655091
620.313465656117,90.0607277369984,4.13926771672068
422.608472078848,258.691130768822,3.61228633617985
13.5435854176859,184.41579478542,3.15848116162911
68.2706431242017,105.242147445995,4.51004388993101
610.55754212525,206.322820496126,4.05073379394028
251.328702366045,214.115706681071,3.89640739764859
575.509468379739,430.894363052617,3.50514859803531
302.902567679905,138.52709201465,4.03859002324974
524.981369594304,461.961826243876,3.7570187240767
44.4526451626742,421.809740755332,3.92342387151397
200.877112098777,288.286357993178,3.66706210543869
553.471920777195,269.36381966427,3.76363778263895
170.443016603258,35.7761089254124,4.10124455437792
509.081837009257,342.299556113373,4.72419838907784
31.2358427923281,54.7973659140779,3.70916902017836
522.160748738021,164.179753723645,4.61159819200691
NA,NA,NA
663.376079285104,336.143830679305,3.44711222018638
456.875003934858,296.805228884382,3.61403045348953
12.4023979926421,496.308810525897,3.45263257337879
559.303493084254,47.4591839647744,4.11954868479459
73.9589288883303,374.525238152102,4.02711732459461
230.226712184735,418.600129724773,3.83766917466133
428.107099377814,11.9290304341185,3.34192530695866
361.218936386404,293.464515833572,3.08395688392714
601.704120560483,101.902644193113,4.11559610582004
390.005416205857,235.034373940848,4.23933007781214
571.00797563364,403.876926742263,4.72709253736612
141.362711994454,286.746887638817,4.6537277410696
197.539519699463,363.720748128967,3.95436250037765
127.094980330618,408.399116194169,3.49627292499664
624.118382018476,317.014422891415,4.62313974980012
-0.825507290910901,148.12207253411,4.26485039011668
541.539547871808,200.620719275325,4.1086561652615
33.2950595566574,492.141526067529,3.11294022894833
280.512428912069,21.7056875409335,3.79815772472533
531.751145696896,392.234754879119,3.45262176991526
74.3785578315324,72.0302166917584,5.14135324175908
7.19790989396878,79.8137970804374,3.49062316780648
585.580638963995,224.812567046292,4.07739114122109
433.810438530805,456.587884961932,4.69464834683803
656.746448691809,373.107838347084,3.01906712372609
102.859180496751,489.385134734918,4.33025649655091
620.313465656117,90.0607277369984,4.13926771672068
422.608472078848,258.691130768822,3.61228633617985
13.5435854176859,184.41579478542,3.15848116162911
68.2706431242017,105.242147445995,4.51004388993101
610.55754212525,206.322820496126,4.05073379394028
251.328702366045,214.115706681071,3.89640739764859
575.509468379739,430.894363052617,3.50514859803531
302.902567679905,138.52709201465,4.03859002324974
524.981369594304,461.961826243876,3.7570187240767
44.4526451626742,421.809740755332,3.92342387151397
200.877112098777,288.286357993178,3.66706210543869
553.471920777195,269.36381966427,3.76363778263895
170.443016603258,35.7761089254124,4.10124455437792
509.081837009257,342.299556113373,4.72419838907784
31.2358427923281,54.7973659140779,3.70916902017836
522.160748738021,164.179753723645,4.61159819200691
NA,NA,NA
663.376079285104,336.143830679305,3.44711222018638
456.875003934858,296.805228884382,3.61403045348953
12.4023979926421,496.308810525897,3.45263257337879
559.303493084254,47.4591839647744,4.11954868479459
73.9589288883303,374.525238152102,4.02711732459461
230.226712184735,418.600129724773,3.83766917466133
428.107099377814,11.9290304341185,3.34192530695866
361.218936386404,293.464515833572,3.08395688392714
601.704120560483,101.902644193113,4.11559610582004
390.005416205857,235.034373940848,4.23933007781214
571.00797563364,403.876926742263,4.72709253736612
141.362711994454,286.746887638817,4.6537277410696
197.539519699463,363.720748128967,3.95436250037765
127.094980330618,408.399116194169,3.49627292499664
624.118382018476,317.014422891415,4.62313974980012
-0.825507290910901,148.12207253411,4.26485039011668
541.539547871808,200.620719275325,4.1086561652615
33.2950595566574,492.141526067529,3.11294022894833
280.512428912069,21.7056875409335,3.79815772472533
531.751145696896,392.234754879119,3.45262176991526
74.3785578315324,72.0302166917584,5.14135324175908
7.19790989396878,79.8137970804374,3.49062316780648
585.580638963995,224.812567046292,4.07739114122109
433.810438530805,456.587884961932,4.69464834683803
656.746448691809,373.107838347084,3.01906712372609
102.859180496751,489.385134734918,4.33025649655091
620.313465656117,90.0607277369984,4.13926771672068
422.608472078848,258.691130768822,3.61228633617985
13.5435854176859,184.41579478542,3.15848116162911
68.2706431242017,105.242147445995,4.51004388993101
610.55754212525,206.322820496126,4.05073379394028
251.328702366045,214.115706681071,3.89640739764859
575.509468379739,430.894363052617,3.50514859803531
302.902567679905,138.52709201465,4.03859002324974
524.981369594304,461.961826243876,3.7570187240767
44.4526451626742,421.809740755332,3.92342387151397
200.877112098777,288.286357993178,3.66706210543869
553.471920777195,269.36381966427,3.76363778263895
170.443016603258,35.7761089254124,4.10124455437792
509.081837009257,342.299556113373,4.72419838907784
31.2358427923281,54.7973659140779,3.70916902017836
522.160748738021,164.179753723645,4.61159819200691
NA,NA,NA
663.376079285104,336.143830679305,3.44711222018638
456.875003934858,296.805228884382,3.61403045348953
12.4023979926421,496.308810525897,3.45263257337879
559.303493084254,47.4591839647744,4.11954868479459
73.9589288883303,374.525238152102,4.02711732459461
230.226712184735,418.600129724773,3.83766917466133
428.107099377814,11.9290304341185,3.34192530695866
361.218936386404,293.464515833572,3.08395688392714
601.704120560483,101.902644193113,4.11559610582004
390.005416205857,235.034373940848,4.23933007781214
571.00797563364,403.876926742263,4.72709253736612
141.362711994454,286.746887638817,4.6537277410696
197.539519699463,363.720748128967,3.95436250037765
127.094980330618,408.399116194169,3.49627292499664
624.118382018476,317.014422891415,4.62313974980012
-0.825507290910901,148.12207253411,4.26485039011668
541.539547871808,200.620719275325,4.1086561652615
33.2950595566574,492.141526067529,3.11294022894833
280.512428912069,21.7056875409335,3.79815772472533
531.751145696896,392.234754879119,3.45262176991526
74.3785578315324,72.0302166917584,5.14135324175908
7.19790989396878,79.8137970804374,3.49062316780648
585.580638963995,224.812567046292,4.07739114122109
433.810438530805,456.587884961932,4.69464834683803
656.746448691809,373.107838347084,3.01906712372609
102.859180496751,489.385134734918,4.33025649655091
620.313465656117,90.0607277369984,4.13926771672068
422.608472078848,258.691130768822,3.61228633617985
13.5435854176859,184.41579478542,3.15848116162911
68.2706431242017,105.242147445995,4.51004388993101
610.55754212525,206.322820496126,4.05073379394028
251.328702366045,214.115706681071,3.89640739764859
575.509468379739,430.894363052617,3.50514859803531
302.902567679905,138.52709201465,4.03859002324974
524.981369594304,461.961826243876,3.7570187240767
44.4526451626742,421.809740755332,3.92342387151397
200.877112098777,288.286357993178,3.66706210543869
553.471920777195,269.36381966427,3.76363778263895
170.443016603258,35.7761089254124,4.10124455437792
509.081837009257,342.299556113373,4.72419838907784
31.2358427923281,54.7973659140779,3.70916902017836
522.160748738021,164.179753723645,4.61159819200691
NA,NA,NA
662.826293409478,336.535414051266,3.55535077478734
456.00118827157,298.129613580939,3.51667867701381
16.2775351956526,493.440902806822,3.60551844254427
565.548652623816,54.6009054676062,4.17803544719491
67.1908079143891,377.078751060083,3.90560866010355
229.02142250623,417.364677847664,3.90452501761538
426.975866485765,12.8597009168269,3.31731943566356
362.659394510332,290.021085281923,3.12784129755388
601.176598161383,103.288479356078,4.21862175578656
388.66084938109,231.449701139216,4.27456533603816
569.231560715868,409.019069094259,4.69573834503781
136.332225204318,279.947687056148,4.55813777257514
200.110932978549,371.529106568429,3.98181504693942
125.342842404941,410.178259481271,3.3753326048474
626.96429047564,306.210982854819,4.58715503448696
1.25361528495978,151.627550531538,4.29650467476504
542.005351332882,201.506490331027,4.17617619993981
33.1350450491369,491.573532220895,2.98260234047182
282.187869828423,19.8621676653364,4.03123463995853
531.151237976778,392.085953171051,3.37986542908176
58.3232094608578,78.6033322282542,5.29095712433883
2.57852490430369,77.0828348612496,3.53258697429589
585.671542901631,225.216138480763,4.01095979644823
437.422838862288,462.228750857142,4.81896783877723
659.686769155995,376.646805389629,3.20352109681351
103.138796586271,490.188312677548,4.29204803659253
620.898756605563,90.903352379633,4.12302692092323
420.967429868304,263.881275276644,3.68019457206934
12.508283558806,180.027066810118,3.38110385137642
72.4334120991328,105.925258189366,4.58712232244387
630.764283546858,193.079270290551,4.58943290869826
257.425666776581,210.163874061581,4.02751792690368
572.031453387462,427.255186053909,4.07793417737221
304.775539818147,138.602546195629,4.03679792358497
526.190789635518,458.05217268842,3.67303487965043
47.6309176168445,426.265189673593,3.75024784752735
193.046945565536,295.762859237204,3.75424617752941
550.71671040616,255.18818494209,3.67611053567051
166.859820982517,34.1571180948318,4.222137653294
506.591658717692,340.644126185124,4.63955655525344
41.7590572897297,49.1101176558379,4.40626379010223
530.995434730281,140.862303028973,4.41882432446766
NA,NA,NA
662.826293409478,336.535414051266,3.55535077478734
456.00118827157,298.129613580939,3.51667867701381
16.2775351956526,493.440902806822,3.60551844254427
565.548652623816,54.6009054676062,4.17803544719491
67.1908079143891,377.078751060083,3.90560866010355
229.02142250623,417.364677847664,3.90452501761538
426.975866485765,12.8597009168269,3.31731943566356
362.659394510332,290.021085281923,3.12784129755388
601.176598161383,103.288479356078,4.21862175578656
388.66084938109,231.449701139216,4.27456533603816
569.231560715868,409.019069094259,4.69573834503781
136.332225204318,279.947687056148,4.55813777257514
200.110932978549,371.529106568429,3.98181504693942
125.342842404941,410.178259481271,3.3753326048474
626.96429047564,306.210982854819,4.58715503448696
1.25361528495978,151.627550531538,4.29650467476504
542.005351332882,201.506490331027,4.17617619993981
33.1350450491369,491.573532220895,2.98260234047182
282.187869828423,19.8621676653364,4.03123463995853
531.151237976778,392.085953171051,3.37986542908176
58.3232094608578,78.6033322282542,5.29095712433883
2.57852490430369,77.0828348612496,3.53258697429589
585.671542901631,225.216138480763,4.01095979644823
437.422838862288,462.228750857142,4.81896783877723
659.686769155995,376.646805389629,3.20352109681351
103.138796586271,490.188312677548,4.29204803659253
620.898756605563,90.903352379633,4.12302692092323
420.967429868304,263.881275276644,3.68019457206934
12.508283558806,180.027066810118,3.38110385137642
72.4334120991328,105.925258189366,4.58712232244387
630.764283546858,193.079270290551,4.58943290869826
257.425666776581,210.163874061581,4.02751792690368
572.031453387462,427.255186053909,4.07793417737221
304.775539818147,138.602546195629,4.03679792358497
526.190789635518,458.05217268842,3.67303487965043
47.6309176168445,426.265189673593,3.75024784752735
193.046945565536,295.762859237204,3.75424617752941
550.71671040616,255.18818494209,3.67611053567051
166.859820982517,34.1571180948318,4.222137653294
506.591658717692,340.644126185124,4.63955655525344
41.7590572897297,49.1101176558379,4.40626379010223
530.995434730281,140.862303028973,4.41882432446766
NA,NA,NA
662.826293409478,336.535414051266,3.55535077478734
456.00118827157,298.129613580939,3.51667867701381
16.2775351956526,493.440902806822,3.60551844254427
565.548652623816,54.6009054676062,4.17803544719491
67.1908079143891,377.078751060083,3.90560866010355
229.02142250623,417.364677847664,3.90452501761538
426.975866485765,12.8597009168269,3.31731943566356
362.659394510332,290.021085281923,3.12784129755388
601.176598161383,103.288479356078,4.21862175578656
388.66084938109,231.449701139216,4.27456533603816
569.231560715868,409.019069094259,4.69573834503781
136.332225204318,279.947687056148,4.55813777257514
200.110932978549,371.529106568429,3.98181504693942
125.342842404941,410.178259481271,3.3753326048474
626.96429047564,306.210982854819,4.58715503448696
1.25361528495978,151.627550531538,4.29650467476504
542.005351332882,201.506490331027,4.17617619993981
33.1350450491369,491.573532220895,2.98260234047182
282.187869828423,19.8621676653364,4.03123463995853
531.151237976778,392.085953171051,3.37986542908176
58.3232094608578,78.6033322282542,5.29095712433883
2.57852490430369,77.0828348612496,3.53258697429589
585.671542901631,225.216138480763,4.01095979644823
437.422838862288,462.228750857142,4.81896783877723
659.686769155995,376.646805389629,3.20352109681351
103.138796586271,490.188312677548,4.29204803659253
620.898756605563,90.903352379633,4.12302692092323
420.967429868304,263.881275276644,3.68019457206934
12.508283558806,180.027066810118,3.38110385137642
72.4334120991328,105.925258189366,4.58712232244387
630.764283546858,193.079270290551,4.58943290869826
257.425666776581,210.163874061581,4.02751792690368
572.031453387462,427.255186053909,4.07793417737221
304.775539818147,138.602546195629,4.03679792358497
526.190789635518,458.05217268842,3.67303487965043
47.6309176168445,426.265189673593,3.75024784752735
193.046945565536,295.762859237204,3.75424617752941
550.71671040616,255.18818494209,3.67611053567051
166.859820982517,34.1571180948318,4.222137653294
506.591658717692,340.644126185124,4.63955655525344
41.7590572897297,49.1101176558379,4.40626379010223
530.995434730281,140.862303028973,4.41882432446766
NA,NA,NA
662.826293409478,336.535414051266,3.55535077478734
456.00118827157,298.129613580939,3.51667867701381
16.2775351956526,493.440902806822,3.60551844254427
565.548652623816,54.6009054676062,4.17803544719491
67.1908079143891,377.078751060083,3.90560866010355
229.02142250623,417.364677847664,3.90452501761538
426.975866485765,12.8597009168269,3.31731943566356
362.659394510332,290.021085281923,3.12784129755388
601.176598161383,103.288479356078,4.21862175578656
388.66084938109,231.449701139216,4.27456533603816
569.231560715868,409.019069094259,4.69573834503781
136.332225204318,279.947687056148,4.55813777257514
200.110932978549,371.529106568429,3.98181504693942
125.342842404941,410.178259481271,3.3753326048474
626.96429047564,306.210982854819,4.58715503448696
1.25361528495978,151.627550531538,4.29650467476504
542.005351332882,201.506490331027,4.17617619993981
33.1350450491369,491.573532220895,2.98260234047182
282.187869828423,19.8621676653364,4.03123463995853
531.151237976778,392.085953171051,3.37986542908176
58.3232094608578,78.6033322282542,5.29095712433883
2.57852490430369,77.0828348612496,3.53258697429589
585.671542901631,225.216138480763,4.01095979644823
437.422838862288,462.228750857142,4.81896783877723
659.686769155995,376.646805389629,3.20352109681351
103.138796586271,490.188312677548,4.29204803659253
620.898756605563,90.903352379633,4.12302692092323
420.967429868304,263.881275276644,3.68019457206934
12.508283558806,180.027066810118,3.38110385137642
72.4334120991328,105.925258189366,4.58712232244387
630.764283546858,193.079270290551,4.58943290869826
257.425666776581,210.163874061581,4.02751792690368
572.031453387462,427.255186053909,4.07793417737221
304.775539818147,138.602546195629,4.03679792358497
526.190789635518,458.05217268842,3.67303487965043
47.6309176168445,426.265189673593,3.75024784752735
193.046945565536,295.762859237204,3.75424617752941
550.71671040616,255.18818494209,3.67611053567051
166.859820982517,34.1571180948318,4.222137653294
506.591658717692,340.644126185124,4.63955655525344
41.7590572897297,49.1101176558379,4.40626379010223
530.995434730281,140.862303028973,4.41882432446766
NA,NA,NA
662.826293409478,336.535414051266,3.55535077478734
456.00118827157,298.129613580939,3.51667867701381
16.2775351956526,493.440902806822,3.60551844254427
565.548652623816,54.6009054676062,4.17803544719491
67.1908079143891,377.078751060083,3.90560866010355
229.02142250623,417.364677847664,3.90452501761538
426.975866485765,12.8597009168269,3.31731943566356
362.659394510332,290.021085281923,3.12784129755388
601.176598161383,103.288479356078,4.21862175578656
388.66084938109,231.449701139216,4.27456533603816
569.231560715868,409.019069094259,4.69573834503781
136.332225204318,279.947687056148,4.55813777257514
200.110932978549,371.529106568429,3.98181504693942
125.342842404941,410.178259481271,3.3753326048474
626.96429047564,306.210982854819,4.58715503448696
1.25361528495978,151.627550531538,4.29650467476504
542.005351332882,201.506490331027,4.17617619993981
33.1350450491369,491.573532220895,2.98260234047182
282.187869828423,19.8621676653364,4.03123463995853
531.151237976778,392.085953171051,3.37986542908176
58.3232094608578,78.6033322282542,5.29095712433883
2.57852490430369,77.0828348612496,3.53258697429589
585.671542901631,225.216138480763,4.01095979644823
437.422838862288,462.228750857142,4.81896783877723
659.686769155995,376.646805389629,3.20352109681351
103.138796586271,490.188312677548,4.29204803659253
620.898756605563,90.903352379633,4.12302692092323
420.967429868304,263.881275276644,3.68019457206934
12.508283558806,180.027066810118,3.38110385137642
72.4334120991328,105.925258189366,4.58712232244387
630.764283546858,193.079270290551,4.58943290869826
257.425666776581,210.163874061581,4.02751792690368
572.031453387462,427.255186053909,4.07793417737221
304.775539818147,138.602546195629,4.03679792358497
526.190789635518,458.05217268842,3.67303487965043
47.6309176168445,426.265189673593,3.75024784752735
193.046945565536,295.762859237204,3.75424617752941
550.71671040616,255.18818494209,3.67611053567051
166.859820982517,34.1571180948318,4.222137653294
506.591658717692,340.644126185124,4.63955655525344
41.7590572897297,49.1101176558379,4.40626379010223
530.995434730281,140.862303028973,4.41882432446766
NA,NA,NA
662.826293409478,336.535414051266,3.55535077478734
456.00118827157,298.129613580939,3.51667867701381
16.2775351956526,493.440902806822,3.60551844254427
565.548652623816,54.6009054676062,4.17803544719491
67.1908079143891,377.078751060083,3.90560866010355
229.02142250623,417.364677847664,3.90452501761538
426.975866485765,12.8597009168269,3.31731943566356
362.659394510332,290.021085281923,3.12784129755388
601.176598161383,103.288479356078,4.21862175578656
388.66084938109,231.449701139216,4.27456533603816
569.231560715868,409.019069094259,4.69573834503781
136.332225204318,279.947687056148,4.55813777257514
200.110932978549,371.529106568429,3.98181504693942
125.342842404941,410.178259481271,3.3753326048474
626.96429047564,306.210982854819,4.58715503448696
1.25361528495978,151.627550531538,4.29650467476504
542.005351332882,201.506490331027,4.17617619993981
33.1350450491369,491.573532220895,2.98260234047182
282.187869828423,19.8621676653364,4.03123463995853
531.151237976778,392.085953171051,3.37986542908176
58.3232094608578,78.6033322282542,5.29095712433883
2.57852490430369,77.0828348612496,3.53258697429589
585.671542901631,225.216138480763,4.01095979644823
437.422838862288,462.228750857142,4.81896783877723
659.686769155995,376.646805389629,3.20352109681351
103.138796586271,490.188312677548,4.29204803659253
620.898756605563,90.903352379633,4.12302692092323
420.967429868304,263.881275276644,3.68019457206934
12.508283558806,180.027066810118,3.38110385137642
72.4334120991328,105.925258189366,4.58712232244387
630.764283546858,193.079270290551,4.58943290869826
257.425666776581,210.163874061581,4.02751792690368
572.031453387462,427.255186053909,4.07793417737221
304.775539818147,138.602546195629,4.03679792358497
526.190789635518,458.05217268842,3.67303487965043
47.6309176168445,426.265189673593,3.75024784752735
193.046945565536,295.762859237204,3.75424617752941
550.71671040616,255.18818494209,3.67611053567051
166.859820982517,34.1571180948318,4.222137653294
506.591658717692,340.644126185124,4.63955655525344
41.7590572897297,49.1101176558379,4.40626379010223
530.995434730281,140.862303028973,4.41882432446766
NA,NA,NA
666.410369321845,336.380373040738,3.38395656409068
459.520810318173,298.400669719479,3.61263510420498
8.65533305537019,493.351151976934,3.60680853460201
560.077684179305,48.5682176874736,4.39268739466967
71.8154396983216,374.786494093715,3.94420221977359
225.316287898579,413.35500655476,3.9606718955203
428.126901041417,12.5748462311857,3.19232002128851
361.595933717085,292.747967306282,3.04041026353621
605.669476268492,105.264867817793,4.13874912946763
389.538178790417,229.746909239382,4.26804899082359
571.229045610672,401.309990215131,4.74278876343586
141.768986877565,284.332346508013,4.50226608435156
198.936044075396,370.776385623486,4.07006302770118
121.339882682125,412.510220154895,3.40632101926867
630.266433031416,307.001837456626,4.58694703024784
1.39478183783801,148.390432131944,4.31115896984225
540.897782758202,202.272590879978,4.22154230441253
35.1702340888317,490.764547426354,3.25110714527795
277.103132705873,21.8646263695459,4.04377040506643
535.648737626097,390.760184150255,3.39817794732961
74.9067934724381,70.484217344821,5.28892669412691
3.13577240889773,74.6575040737388,3.48497423915795
587.755053905006,222.726359872909,3.93509130173302
441.359344343796,465.908887045862,4.73787999790054
657.492439273106,373.119191551017,2.9038824213845
102.810085994409,492.533728676106,4.31503782722342
624.652673694567,96.7673593027705,4.10192870133138
418.669300251837,259.218061190224,3.64041218615346
13.3059410141935,180.641639569501,3.24809417262032
70.3598512102823,114.095343172649,4.51391596752989
615.586102568793,184.914595442298,4.40139971945921
259.561859357515,211.788209654639,3.79114831368626
573.256528871927,429.43635624606,3.83388265013336
301.833472260915,135.240794501402,3.82795505713768
530.449082198573,451.483730072537,3.67760293094302
43.7518324749898,423.512879033285,4.0132011715029
205.307614712428,281.415910092857,4.35870420806226
547.159026967094,263.113280495833,3.71047915627061
176.420318926689,35.0692506229303,3.78528175920671
505.060964337346,342.937352568186,4.61490688911573
37.3586886359942,53.0740648408607,4.06283719914879
524.973230684856,136.774775346193,4.21397603786514
NA,NA,NA
666.410369321845,336.380373040738,3.38395656409068
459.520810318173,298.400669719479,3.61263510420498
8.65533305537019,493.351151976934,3.60680853460201
560.077684179305,48.5682176874736,4.39268739466967
71.8154396983216,374.786494093715,3.94420221977359
225.316287898579,413.35500655476,3.9606718955203
428.126901041417,12.5748462311857,3.19232002128851
361.595933717085,292.747967306282,3.04041026353621
605.669476268492,105.264867817793,4.13874912946763
389.538178790417,229.746909239382,4.26804899082359
571.229045610672,401.309990215131,4.74278876343586
141.768986877565,284.332346508013,4.50226608435156
198.936044075396,370.776385623486,4.07006302770118
121.339882682125,412.510220154895,3.40632101926867
630.266433031416,307.001837456626,4.58694703024784
1.39478183783801,148.390432131944,4.31115896984225
540.897782758202,202.272590879978,4.22154230441253
35.1702340888317,490.764547426354,3.25110714527795
277.103132705873,21.8646263695459,4.04377040506643
535.648737626097,390.760184150255,3.39817794732961
74.9067934724381,70.484217344821,5.28892669412691
3.13577240889773,74.6575040737388,3.48497423915795
587.755053905006,222.726359872909,3.93509130173302
441.359344343796,465.908887045862,4.73787999790054
657.492439273106,373.119191551017,2.9038824213845
102.810085994409,492.533728676106,4.31503782722342
624.652673694567,96.7673593027705,4.10192870133138
418.669300251837,259.218061190224,3.64041218615346
13.3059410141935,180.641639569501,3.24809417262032
70.3598512102823,114.095343172649,4.51391596752989
615.586102568793,184.914595442298,4.40139971945921
259.561859357515,211.788209654639,3.79114831368626
573.256528871927,429.43635624606,3.83388265013336
301.833472260915,135.240794501402,3.82795505713768
530.449082198573,451.483730072537,3.67760293094302
43.7518324749898,423.512879033285,4.0132011715029
205.307614712428,281.415910092857,4.35870420806226
547.159026967094,263.113280495833,3.71047915627061
176.420318926689,35.0692506229303,3.78528175920671
505.060964337346,342.937352568186,4.61490688911573
37.3586886359942,53.0740648408607,4.06283719914879
524.973230684856,136.774775346193,4.21397603786514
NA,NA,NA
666.410369321845,336.380373040738,3.38395656409068
459.520810318173,298.400669719479,3.61263510420498
8.65533305537019,493.351151976934,3.60680853460201
560.077684179305,48.5682176874736,4.39268739466967
71.8154396983216,374.786494093715,3.94420221977359
225.316287898579,413.35500655476,3.9606718955203
428.126901041417,12.5748462311857,3.19232002128851
361.595933717085,292.747967306282,3.04041026353621
605.669476268492,105.264867817793,4.13874912946763
389.538178790417,229.746909239382,4.26804899082359
571.229045610672,401.309990215131,4.74278876343586
141.768986877565,284.332346508013,4.50226608435156
198.936044075396,370.776385623486,4.07006302770118
121.339882682125,412.510220154895,3.40632101926867
630.266433031416,307.001837456626,4.58694703024784
1.39478183783801,148.390432131944,4.31115896984225
540.897782758202,202.272590879978,4.22154230441253
35.1702340888317,490.764547426354,3.25110714527795
277.103132705873,21.8646263695459,4.04377040506643
535.648737626097,390.760184150255,3.39817794732961
74.9067934724381,70.484217344821,5.28892669412691
3.13577240889773,74.6575040737388,3.48497423915795
587.755053905006,222.726359872909,3.93509130173302
441.359344343796,465.908887045862,4.73787999790054
657.492439273106,373.119191551017,2.9038824213845
102.810085994409,492.533728676106,4.31503782722342
624.652673694567,96.7673593027705,4.10192870133138
418.669300251837,259.218061190224,3.64041218615346
13.3059410141935,180.641639569501,3.24809417262032
70.3598512102823,114.095343172649,4.51391596752989
615.586102568793,184.914595442298,4.40139971945921
259.561859357515,211.788209654639,3.79114831368626
573.256528871927,429.43635624606,3.83388265013336
301.833472260915,135.240794501402,3.82795505713768
530.449082198573,451.483730072537,3.67760293094302
43.7518324749898,423.512879033285,4.0132011715029
205.307614712428,281.415910092857,4.35870420806226
547.159026967094,263.113280495833,3.71047915627061
176.420318926689,35.0692506229303,3.78528175920671
505.060964337346,342.937352568186,4.61490688911573
37.3586886359942,53.0740648408607,4.06283719914879
524.973230684856,136.774775346193,4.21397603786514
NA,NA,NA
666.410369321845,336.380373040738,3.38395656409068
459.520810318173,298.400669719479,3.61263510420498
8.65533305537019,493.351151976934,3.60680853460201
560.077684179305,48.5682176874736,4.39268739466967
71.8154396983216,374.786494093715,3.94420221977359
225.316287898579,413.35500655476,3.9606718955203
428.126901041417,12.5748462311857,3.19232002128851
361.595933717085,292.747967306282,3.04041026353621
605.669476268492,105.264867817793,4.13874912946763
389.538178790417,229.746909239382,4.26804899082359
571.229045610672,401.309990215131,4.74278876343586
141.768986877565,284.332346508013,4.50226608435156
198.936044075396,370.776385623486,4.07006302770118
121.339882682125,412.510220154895,3.40632101926867
630.266433031416,307.001837456626,4.58694703024784
1.39478183783801,148.390432131944,4.31115896984225
540.897782758202,202.272590879978,4.22154230441253
35.1702340888317,490.764547426354,3.25110714527795
277.103132705873,21.8646263695459,4.04377040506643
535.648737626097,390.760184150255,3.39817794732961
74.9067934724381,70.484217344821,5.28892669412691
3.13577240889773,74.6575040737388,3.48497423915795
587.755053905006,222.726359872909,3.93509130173302
441.359344343796,465.908887045862,4.73787999790054
657.492439273106,373.119191551017,2.9038824213845
102.810085994409,492.533728676106,4.31503782722342
624.652673694567,96.7673593027705,4.10192870133138
418.669300251837,259.218061190224,3.64041218615346
13.3059410141935,180.641639569501,3.24809417262032
70.3598512102823,114.095343172649,4.51391596752989
615.586102568793,184.914595442298,4.40139971945921
259.561859357515,211.788209654639,3.79114831368626
573.256528871927,429.43635624606,3.83388265013336
301.833472260915,135.240794501402,3.82795505713768
530.449082198573,451.483730072537,3.67760293094302
43.7518324749898,423.512879033285,4.0132011715029
205.307614712428,281.415910092857,4.35870420806226
547.159026967094,263.113280495833,3.71047915627061
176.420318926689,35.0692506229303,3.78528175920671
505.060964337346,342.937352568186,4.61490688911573
37.3586886359942,53.0740648408607,4.06283719914879
524.973230684856,136.774775346193,4.21397603786514
NA,NA,NA
666.410369321845,336.380373040738,3.38395656409068
459.520810318173,298.400669719479,3.61263510420498
8.65533305537019,493.351151976934,3.60680853460201
560.077684179305,48.5682176874736,4.39268739466967
71.8154396983216,374.786494093715,3.94420221977359
225.316287898579,413.35500655476,3.9606718955203
428.126901041417,12.5748462311857,3.19232002128851
361.595933717085,292.747967306282,3.04041026353621
605.669476268492,105.264867817793,4.13874912946763
389.538178790417,229.746909239382,4.26804899082359
571.229045610672,401.309990215131,4.74278876343586
141.768986877565,284.332346508013,4.50226608435156
198.936044075396,370.776385623486,4.07006302770118
121.339882682125,412.510220154895,3.40632101926867
630.266433031416,307.001837456626,4.58694703024784
1.39478183783801,148.390432131944,4.31115896984225
540.897782758202,202.272590879978,4.22154230441253
35.1702340888317,490.764547426354,3.25110714527795
277.103132705873,21.8646263695459,4.04377040506643
535.648737626097,390.760184150255,3.39817794732961
74.9067934724381,70.484217344821,5.28892669412691
3.13577240889773,74.6575040737388,3.48497423915795
587.755053905006,222.726359872909,3.93509130173302
441.359344343796,465.908887045862,4.73787999790054
657.492439273106,373.119191551017,2.9038824213845
102.810085994409,492.533728676106,4.31503782722342
624.652673694567,96.7673593027705,4.10192870133138
418.669300251837,259.218061190224,3.64041218615346
13.3059410141935,180.641639569501,3.24809417262032
70.3598512102823,114.095343172649,4.51391596752989
615.586102568793,184.914595442298,4.40139971945921
259.561859357515,211.788209654639,3.79114831368626
573.256528871927,429.43635624606,3.83388265013336
301.833472260915,135.240794501402,3.82795505713768
530.449082198573,451.483730072537,3.67760293094302
43.7518324749898,423.512879033285,4.0132011715029
205.307614712428,281.415910092857,4.35870420806226
547.159026967094,263.113280495833,3.71047915627061
176.420318926689,35.0692506229303,3.78528175920671
505.060964337346,342.937352568186,4.61490688911573
37.3586886359942,53.0740648408607,4.06283719914879
524.973230684856,136.774775346193,4.21397603786514
NA,NA,NA
666.410369321845,336.380373040738,3.38395656409068
459.520810318173,298.400669719479,3.61263510420498
8.65533305537019,493.351151976934,3.60680853460201
560.077684179305,48.5682176874736,4.39268739466967
71.8154396983216,374.786494093715,3.94420221977359
225.316287898579,413.35500655476,3.9606718955203
428.126901041417,12.5748462311857,3.19232002128851
361.595933717085,292.747967306282,3.04041026353621
605.669476268492,105.264867817793,4.13874912946763
389.538178790417,229.746909239382,4.26804899082359
571.229045610672,401.309990215131,4.74278876343586
141.768986877565,284.332346508013,4.50226608435156
198.936044075396,370.776385623486,4.07006302770118
121.339882682125,412.510220154895,3.40632101926867
630.266433031416,307.001837456626,4.58694703024784
1.39478183783801,148.390432131944,4.31115896984225
540.897782758202,202.272590879978,4.22154230441253
35.1702340888317,490.764547426354,3.25110714527795
277.103132705873,21.8646263695459,4.04377040506643
535.648737626097,390.760184150255,3.39817794732961
74.9067934724381,70.484217344821,5.28892669412691
3.13577240889773,74.6575040737388,3.48497423915795
587.755053905006,222.726359872909,3.93509130173302
441.359344343796,465.908887045862,4.73787999790054
657.492439273106,373.119191551017,2.9038824213845
102.810085994409,492.533728676106,4.31503782722342
624.652673694567,96.7673593027705,4.10192870133138
418.669300251837,259.218061190224,3.64041218615346
13.3059410141935,180.641639569501,3.24809417262032
70.3598512102823,114.095343172649,4.51391596752989
615.586102568793,184.914595442298,4.40139971945921
259.561859357515,211.788209654639,3.79114831368626
573.256528871927,429.43635624606,3.83388265013336
301.833472260915,135.240794501402,3.82795505713768
530.449082198573,451.483730072537,3.67760293094302
43.7518324749898,423.512879033285,4.0132011715029
205.307614712428,281.415910092857,4.35870420806226
547.159026967094,263.113280495833,3.71047915627061
176.420318926689,35.0692506229303,3.78528175920671
505.060964337346,342.937352568186,4.61490688911573
37.3586886359942,53.0740648408607,4.06283719914879
524.973230684856,136.774775346193,4.21397603786514
NA,NA,NA
659.888840205176,337.385043319582,3.4766842894896
460.844646710507,299.597596769644,3.85432557619864
11.256449056074,495.744126624996,3.67143764925327
560.982244064229,51.5767052994771,4.22276304175362
75.9950294077156,374.825891663419,4.0200010484416
232.478865117955,418.216890598105,3.83652481302806
428.424990112305,12.7566221688413,3.33951578402344
359.945107773121,293.307443999098,2.93683064696186
601.522829537969,104.442975805912,4.34064103972497
392.314614374574,229.171883594696,4.21676609744358
566.026591762228,411.376929412222,4.7474916260332
135.415417302363,283.243938054581,4.46256174485665
206.593558651885,372.504379156885,4.01162047827552
123.695483452508,408.25749592124,3.30715134770422
632.855466021068,319.130306189894,4.4969170641957
0.646038538715808,144.610154471895,4.22315026019315
539.308869284193,204.596665144244,4.16243966363375
34.7153574193591,493.356384271195,2.9330406485312
276.787978151679,23.0632193649602,3.84375475703936
534.224635820991,388.724199895077,3.38288533551308
78.8281259264636,80.3395922716802,5.35890460588866
5.15558860300976,73.7695976569972,3.46150693456948
586.223170948572,225.808640996129,3.99385622550299
440.593335478119,466.071967113495,4.7630587653465
659.606216594438,373.611382414413,3.05024138151046
108.297543222018,491.580405540434,4.36196901346198
624.732753724525,88.9017824380497,4.16260497763645
418.668388505449,258.794787071468,3.60103409551986
13.4644096895957,180.119225409567,3.16158422311238
62.4062274837063,126.077432548184,4.28655648945555
606.70902123651,198.952706954661,4.53604060948274
250.722534651114,217.910129338337,3.90054451265402
570.068735700722,428.879843368217,3.98864496665326
299.945429586159,136.426436359171,3.86729449806528
528.429712600561,459.68537179556,3.40223409620302
38.5495342867043,427.904917637424,3.95703007839757
194.353416292834,282.742739074173,3.760386228692
550.304523636834,260.005707484591,3.66607124915666
178.435957327634,23.7678643006319,4.30497989022629
499.908355392983,346.546952892111,4.23796409664572
40.1505522625258,62.2233637866883,4.12703862528598
527.163673478352,157.387951743628,4.78843365823134
NA,NA,NA
659.888840205176,337.385043319582,3.4766842894896
460.844646710507,299.597596769644,3.85432557619864
11.256449056074,495.744126624996,3.67143764925327
560.982244064229,51.5767052994771,4.22276304175362
75.9950294077156,374.825891663419,4.0200010484416
232.478865117955,418.216890598105,3.83652481302806
428.424990112305,12.7566221688413,3.33951578402344
359.945107773121,293.307443999098,2.93683064696186
601.522829537969,104.442975805912,4.34064103972497
392.314614374574,229.171883594696,4.21676609744358
566.026591762228,411.376929412222,4.7474916260332
135.415417302363,283.243938054581,4.46256174485665
206.593558651885,372.504379156885,4.01162047827552
123.695483452508,408.25749592124,3.30715134770422
632.855466021068,319.130306189894,4.4969170641957
0.646038538715808,144.610154471895,4.22315026019315
539.308869284193,204.596665144244,4.16243966363375
34.7153574193591,493.356384271195,2.9330406485312
276.787978151679,23.0632193649602,3.84375475703936
534.224635820991,388.724199895077,3.38288533551308
78.8281259264636,80.3395922716802,5.35890460588866
5.15558860300976,73.7695976569972,3.46150693456948
586.223170948572,225.808640996129,3.99385622550299
440.593335478119,466.071967113495,4.7630587653465
659.606216594438,373.611382414413,3.05024138151046
108.297543222018,491.580405540434,4.36196901346198
624.732753724525,88.9017824380497,4.16260497763645
418.668388505449,258.794787071468,3.60103409551986
13.4644096895957,180.119225409567,3.16158422311238
62.4062274837063,126.077432548184,4.28655648945555
606.70902123651,198.952706954661,4.53604060948274
250.722534651114,217.910129338337,3.90054451265402
570.068735700722,428.879843368217,3.98864496665326
299.945429586159,136.426436359171,3.86729449806528
528.429712600561,459.68537179556,3.40223409620302
38.5495342867043,427.904917637424,3.95703007839757
194.353416292834,282.742739074173,3.760386228692
550.304523636834,260.005707484591,3.66607124915666
178.435957327634,23.7678643006319,4.30497989022629
499.908355392983,346.546952892111,4.23796409664572
40.1505522625258,62.2233637866883,4.12703862528598
527.163673478352,157.387951743628,4.78843365823134
NA,NA,NA
659.888840205176,337.385043319582,3.4766842894896
460.844646710507,299.597596769644,3.85432557619864
11.256449056074,495.744126624996,3.67143764925327
560.982244064229,51.5767052994771,4.22276304175362
75.9950294077156,374.825891663419,4.0200010484416
232.478865117955,418.216890598105,3.83652481302806
428.424990112305,12.7566221688413,3.33951578402344
359.945107773121,293.307443999098,2.93683064696186
601.522829537969,104.442975805912,4.34064103972497
392.314614374574,229.171883594696,4.21676609744358
566.026591762228,411.376929412222,4.7474916260332
135.415417302363,283.243938054581,4.46256174485665
206.593558651885,372.504379156885,4.01162047827552
123.695483452508,408.25749592124,3.30715134770422
632.855466021068,319.130306189894,4.4969170641957
0.646038538715808,144.610154471895,4.22315026019315
539.308869284193,204.596665144244,4.16243966363375
34.7153574193591,493.356384271195,2.9330406485312
276.787978151679,23.0632193649602,3.84375475703936
534.224635820991,388.724199895077,3.38288533551308
78.8281259264636,80.3395922716802,5.35890460588866
5.15558860300976,73.7695976569972,3.46150693456948
586.223170948572,225.808640996129,3.99385622550299
440.593335478119,466.071967113495,4.7630587653465
659.606216594438,373.611382414413,3.05024138151046
108.297543222018,491.580405540434,4.36196901346198
624.732753724525,88.9017824380497,4.16260497763645
418.668388505449,258.794787071468,3.60103409551986
13.4644096895957,180.119225409567,3.16158422311238
62.4062274837063,126.077432548184,4.28655648945555
606.70902123651,198.952706954661,4.53604060948274
250.722534651114,217.910129338337,3.90054451265402
570.068735700722,428.879843368217,3.98864496665326
299.945429586159,136.426436359171,3.86729449806528
528.429712600561,459.68537179556,3.40223409620302
38.5495342867043,427.904917637424,3.95703007839757
194.353416292834,282.742739074173,3.760386228692
550.304523636834,260.005707484591,3.66607124915666
178.435957327634,23.7678643006319,4.30497989022629
499.908355392983,346.546952892111,4.23796409664572
40.1505522625258,62.2233637866883,4.12703862528598
527.163673478352,157.387951743628,4.78843365823134
NA,NA,NA
659.888840205176,337.385043319582,3.4766842894896
460.844646710507,299.597596769644,3.85432557619864
11.256449056074,495.744126624996,3.67143764925327
560.982244064229,51.5767052994771,4.22276304175362
75.9950294077156,374.825891663419,4.0200010484416
232.478865117955,418.216890598105,3.83652481302806
428.424990112305,12.7566221688413,3.33951578402344
359.945107773121,293.307443999098,2.93683064696186
601.522829537969,104.442975805912,4.34064103972497
392.314614374574,229.171883594696,4.21676609744358
566.026591762228,411.376929412222,4.7474916260332
135.415417302363,283.243938054581,4.46256174485665
206.593558651885,372.504379156885,4.01162047827552
123.695483452508,408.25749592124,3.30715134770422
632.855466021068,319.130306189894,4.4969170641957
0.646038538715808,144.610154471895,4.22315026019315
539.308869284193,204.596665144244,4.16243966363375
34.7153574193591,493.356384271195,2.9330406485312
276.787978151679,23.0632193649602,3.84375475703936
534.224635820991,388.724199895077,3.38288533551308
78.8281259264636,80.3395922716802,5.35890460588866
5.15558860300976,73.7695976569972,3.46150693456948
586.223170948572,225.808640996129,3.99385622550299
440.593335478119,466.071967113495,4.7630587653465
659.606216594438,373.611382414413,3.05024138151046
108.297543222018,491.580405540434,4.36196901346198
624.732753724525,88.9017824380497,4.16260497763645
418.668388505449,258.794787071468,3.60103409551986
13.4644096895957,180.119225409567,3.16158422311238
62.4062274837063,126.077432548184,4.28655648945555
606.70902123651,198.952706954661,4.53604060948274
250.722534651114,217.910129338337,3.90054451265402
570.068735700722,428.879843368217,3.98864496665326
299.945429586159,136.426436359171,3.86729449806528
528.429712600561,459.68537179556,3.40223409620302
38.5495342867043,427.904917637424,3.95703007839757
194.353416292834,282.742739074173,3.760386228692
550.304523636834,260.005707484591,3.66607124915666
178.435957327634,23.7678643006319,4.30497989022629
499.908355392983,346.546952892111,4.23796409664572
40.1505522625258,62.2233637866883,4.12703862528598
527.163673478352,157.387951743628,4.78843365823134
NA,NA,NA
659.888840205176,337.385043319582,3.4766842894896
460.844646710507,299.597596769644,3.85432557619864
11.256449056074,495.744126624996,3.67143764925327
560.982244064229,51.5767052994771,4.22276304175362
75.9950294077156,374.825891663419,4.0200010484416
232.478865117955,418.216890598105,3.83652481302806
428.424990112305,12.7566221688413,3.33951578402344
359.945107773121,293.307443999098,2.93683064696186
601.522829537969,104.442975805912,4.34064103972497
392.314614374574,229.171883594696,4.21676609744358
566.026591762228,411.376929412222,4.7474916260332
135.415417302363,283.243938054581,4.46256174485665
206.593558651885,372.504379156885,4.01162047827552
123.695483452508,408.25749592124,3.30715134770422
632.855466021068,319.130306189894,4.4969170641957
0.646038538715808,144.610154471895,4.22315026019315
539.308869284193,204.596665144244,4.16243966363375
34.7153574193591,493.356384271195,2.9330406485312
276.787978151679,23.0632193649602,3.84375475703936
534.224635820991,388.724199895077,3.38288533551308
78.8281259264636,80.3395922716802,5.35890460588866
5.15558860300976,73.7695976569972,3.46150693456948
586.223170948572,225.808640996129,3.99385622550299
440.593335478119,466.071967113495,4.7630587653465
659.606216594438,373.611382414413,3.05024138151046
108.297543222018,491.580405540434,4.36196901346198
624.732753724525,88.9017824380497,4.16260497763645
418.668388505449,258.794787071468,3.60103409551986
13.4644096895957,180.119225409567,3.16158422311238
62.4062274837063,126.077432548184,4.28655648945555
606.70902123651,198.952706954661,4.53604060948274
250.722534651114,217.910129338337,3.90054451265402
570.068735700722,428.879843368217,3.98864496665326
299.945429586159,136.426436359171,3.86729449806528
528.429712600561,459.68537179556,3.40223409620302
38.5495342867043,427.904917637424,3.95703007839757
194.353416292834,282.742739074173,3.760386228692
550.304523636834,260.005707484591,3.66607124915666
178.435957327634,23.7678643006319,4.30497989022629
499.908355392983,346.546952892111,4.23796409664572
40.1505522625258,62.2233637866883,4.12703862528598
527.163673478352,157.387951743628,4.78843365823134
NA,NA,NA
659.888840205176,337.385043319582,3.4766842894896
460.844646710507,299.597596769644,3.85432557619864
11.256449056074,495.744126624996,3.67143764925327
560.982244064229,51.5767052994771,4.22276304175362
75.9950294077156,374.825891663419,4.0200010484416
232.478865117955,418.216890598105,3.83652481302806
428.424990112305,12.7566221688413,3.33951578402344
359.945107773121,293.307443999098,2.93683064696186
601.522829537969,104.442975805912,4.34064103972497
392.314614374574,229.171883594696,4.21676609744358
566.026591762228,411.376929412222,4.7474916260332
135.415417302363,283.243938054581,4.46256174485665
206.593558651885,372.504379156885,4.01162047827552
123.695483452508,408.25749592124,3.30715134770422
632.855466021068,319.130306189894,4.4969170641957
0.646038538715808,144.610154471895,4.22315026019315
539.308869284193,204.596665144244,4.16243966363375
34.7153574193591,493.356384271195,2.9330406485312
276.787978151679,23.0632193649602,3.84375475703936
534.224635820991,388.724199895077,3.38288533551308
78.8281259264636,80.3395922716802,5.35890460588866
5.15558860300976,73.7695976569972,3.46150693456948
586.223170948572,225.808640996129,3.99385622550299
440.593335478119,466.071967113495,4.7630587653465
659.606216594438,373.611382414413,3.05024138151046
108.297543222018,491.580405540434,4.36196901346198
624.732753724525,88.9017824380497,4.16260497763645
418.668388505449,258.794787071468,3.60103409551986
13.4644096895957,180.119225409567,3.16158422311238
62.4062274837063,126.077432548184,4.28655648945555
606.70902123651,198.952706954661,4.53604060948274
250.722534651114,217.910129338337,3.90054451265402
570.068735700722,428.879843368217,3.98864496665326
299.945429586159,136.426436359171,3.86729449806528
528.429712600561,459.68537179556,3.40223409620302
38.5495342867043,427.904917637424,3.95703007839757
194.353416292834,282.742739074173,3.760386228692
550.304523636834,260.005707484591,3.66607124915666
178.435957327634,23.7678643006319,4.30497989022629
499.908355392983,346.546952892111,4.23796409664572
40.1505522625258,62.2233637866883,4.12703862528598
527.163673478352,157.387951743628,4.78843365823134
NA,NA,NA
664.321221624063,331.903238204692,3.38357027204143
453.933439367157,299.540680085798,3.48844260205359
8.85812269124395,492.878663153232,3.63967980852272
556.92814804391,56.2776038315447,4.18411291408956
71.0960515782431,376.564080355185,3.91397547575592
226.396455208926,416.965721500203,3.82845945969072
428.982466367646,14.9875062772446,3.30845837796023
363.052853424187,291.839390144502,2.9400658774508
599.79110097442,107.833335899762,4.15112812480263
392.660117166028,230.947088861495,4.23706335739284
564.548573972468,407.003691862278,4.73335807988467
144.222270216361,285.883919062008,4.58645540989497
200.65496171426,366.668617330969,3.99457056389172
125.509585177928,410.465223978592,3.4610767074896
621.332503271323,320.266562996064,4.68291286138522
-3.55128465793184,139.899473782816,4.20218711648655
540.116447984131,201.177167400826,4.10572167580842
33.5267595758705,491.412516889962,3.02200372531137
277.684760527546,22.5762978072906,4.03559549054642
536.470313645071,391.936930540339,3.48515245473288
75.1776889841727,73.5396336050831,5.2088358239056
3.19941755643579,75.7776992406064,3.50605475940538
590.95303429237,226.86104107271,4.0696310065553
439.24317803838,467.464385935087,4.799535921888
659.354095815253,374.57861893659,3.03418047450569
102.163523394889,490.218981884372,4.3992143331549
624.780632907706,94.6428835028067,4.12547581516901
419.67196905332,258.637443724296,3.66546623204985
11.6991363914448,180.144845167861,3.19446579647223
64.3504084014557,106.117316637679,4.52906423329213
605.346548748541,209.488275647341,4.4395893672239
254.427525237851,224.201550457326,3.95996848932192
570.56567162803,429.332034126342,3.93693310942516
302.44130469467,142.343542789789,3.83962191417332
529.070269951806,460.869881194053,3.62596172952405
44.1600480502502,416.977016194024,3.64742102987527
196.74322887343,294.461548625469,4.14176695883706
543.977077419447,257.903459845633,3.80578714148934
181.780106155071,43.9067664913354,4.30066637810388
501.299609706019,349.092105891413,4.47392506324413
28.5816576071085,54.7608899589308,3.60865161903906
545.463209348934,141.136385589687,4.97904101433695
NA,NA,NA
664.321221624063,331.903238204692,3.38357027204143
453.933439367157,299.540680085798,3.48844260205359
8.85812269124395,492.878663153232,3.63967980852272
556.92814804391,56.2776038315447,4.18411291408956
71.0960515782431,376.564080355185,3.91397547575592
226.396455208926,416.965721500203,3.82845945969072
428.982466367646,14.9875062772446,3.30845837796023
363.052853424187,291.839390144502,2.9400658774508
599.79110097442,107.833335899762,4.15112812480263
392.660117166028,230.947088861495,4.23706335739284
564.548573972468,407.003691862278,4.73335807988467
144.222270216361,285.883919062008,4.58645540989497
200.65496171426,366.668617330969,3.99457056389172
125.509585177928,410.465223978592,3.4610767074896
621.332503271323,320.266562996064,4.68291286138522
-3.55128465793184,139.899473782816,4.20218711648655
540.116447984131,201.177167400826,4.10572167580842
33.5267595758705,491.412516889962,3.02200372531137
277.684760527546,22.5762978072906,4.03559549054642
536.470313645071,391.936930540339,3.48515245473288
75.1776889841727,73.5396336050831,5.2088358239056
3.19941755643579,75.7776992406064,3.50605475940538
590.95303429237,226.86104107271,4.0696310065553
439.24317803838,467.464385935087,4.799535921888
659.354095815253,374.57861893659,3.03418047450569
102.163523394889,490.218981884372,4.3992143331549
624.780632907706,94.6428835028067,4.12547581516901
419.67196905332,258.637443724296,3.66546623204985
11.6991363914448,180.144845167861,3.19446579647223
64.3504084014557,106.117316637679,4.52906423329213
605.346548748541,209.488275647341,4.4395893672239
254.427525237851,224.201550457326,3.95996848932192
570.56567162803,429.332034126342,3.93693310942516
302.44130469467,142.343542789789,3.83962191417332
529.070269951806,460.869881194053,3.62596172952405
44.1600480502502,416.977016194024,3.64742102987527
196.74322887343,294.461548625469,4.14176695883706
543.977077419447,257.903459845633,3.80578714148934
181.780106155071,43.9067664913354,4.30066637810388
501.299609706019,349.092105891413,4.47392506324413
28.5816576071085,54.7608899589308,3.60865161903906
545.463209348934,141.136385589687,4.97904101433695
NA,NA,NA
664.321221624063,331.903238204692,3.38357027204143
453.933439367157,299.540680085798,3.48844260205359
8.85812269124395,492.878663153232,3.63967980852272
556.92814804391,56.2776038315447,4.18411291408956
71.0960515782431,376.564080355185,3.91397547575592
226.396455208926,416.965721500203,3.82845945969072
428.982466367646,14.9875062772446,3.30845837796023
363.052853424187,291.839390144502,2.9400658774508
599.79110097442,107.833335899762,4.15112812480263
392.660117166028,230.947088861495,4.23706335739284
564.548573972468,407.003691862278,4.73335807988467
144.222270216361,285.883919062008,4.58645540989497
200.65496171426,366.668617330969,3.99457056389172
125.509585177928,410.465223978592,3.4610767074896
621.332503271323,320.266562996064,4.68291286138522
-3.55128465793184,139.899473782816,4.20218711648655
540.116447984131,201.177167400826,4.10572167580842
33.5267595758705,491.412516889962,3.02200372531137
277.684760527546,22.5762978072906,4.03559549054642
536.470313645071,391.936930540339,3.48515245473288
75.1776889841727,73.5396336050831,5.2088358239056
3.19941755643579,75.7776992406064,3.50605475940538
590.95303429237,226.86104107271,4.0696310065553
439.24317803838,467.464385935087,4.799535921888
659.354095815253,374.57861893659,3.03418047450569
102.163523394889,490.218981884372,4.3992143331549
624.780632907706,94.6428835028067,4.12547581516901
419.67196905332,258.637443724296,3.66546623204985
11.6991363914448,180.144845167861,3.19446579647223
64.3504084014557,106.117316637679,4.52906423329213
605.346548748541,209.488275647341,4.4395893672239
254.427525237851,224.201550457326,3.95996848932192
570.56567162803,429.332034126342,3.93693310942516
302.44130469467,142.343542789789,3.83962191417332
529.070269951806,460.869881194053,3.62596172952405
44.1600480502502,416.977016194024,3.64742102987527
196.74322887343,294.461548625469,4.14176695883706
543.977077419447,257.903459845633,3.80578714148934
181.780106155071,43.9067664913354,4.30066637810388
501.299609706019,349.092105891413,4.47392506324413
28.5816576071085,54.7608899589308,3.60865161903906
545.463209348934,141.136385589687,4.97904101433695
NA,NA,NA
664.321221624063,331.903238204692,3.38357027204143
453.933439367157,299.540680085798,3.48844260205359
8.85812269124395,492.878663153232,3.63967980852272
556.92814804391,56.2776038315447,4.18411291408956
71.0960515782431,376.564080355185,3.91397547575592
226.396455208926,416.965721500203,3.82845945969072
428.982466367646,14.9875062772446,3.30845837796023
363.052853424187,291.839390144502,2.9400658774508
599.79110097442,107.833335899762,4.15112812480263
392.660117166028,230.947088861495,4.23706335739284
564.548573972468,407.003691862278,4.73335807988467
144.222270216361,285.883919062008,4.58645540989497
200.65496171426,366.668617330969,3.99457056389172
125.509585177928,410.465223978592,3.4610767074896
621.332503271323,320.266562996064,4.68291286138522
-3.55128465793184,139.899473782816,4.20218711648655
540.116447984131,201.177167400826,4.10572167580842
33.5267595758705,491.412516889962,3.02200372531137
277.684760527546,22.5762978072906,4.03559549054642
536.470313645071,391.936930540339,3.48515245473288
75.1776889841727,73.5396336050831,5.2088358239056
3.19941755643579,75.7776992406064,3.50605475940538
590.95303429237,226.86104107271,4.0696310065553
439.24317803838,467.464385935087,4.799535921888
659.354095815253,374.57861893659,3.03418047450569
102.163523394889,490.218981884372,4.3992143331549
624.780632907706,94.6428835028067,4.12547581516901
419.67196905332,258.637443724296,3.66546623204985
11.6991363914448,180.144845167861,3.19446579647223
64.3504084014557,106.117316637679,4.52906423329213
605.346548748541,209.488275647341,4.4395893672239
254.427525237851,224.201550457326,3.95996848932192
570.56567162803,429.332034126342,3.93693310942516
302.44130469467,142.343542789789,3.83962191417332
529.070269951806,460.869881194053,3.62596172952405
44.1600480502502,416.977016194024,3.64742102987527
196.74322887343,294.461548625469,4.14176695883706
543.977077419447,257.903459845633,3.80578714148934
181.780106155071,43.9067664913354,4.30066637810388
501.299609706019,349.092105891413,4.47392506324413
28.5816576071085,54.7608899589308,3.60865161903906
545.463209348934,141.136385589687,4.97904101433695
NA,NA,NA
664.321221624063,331.903238204692,3.38357027204143
453.933439367157,299.540680085798,3.48844260205359
8.85812269124395,492.878663153232,3.63967980852272
556.92814804391,56.2776038315447,4.18411291408956
71.0960515782431,376.564080355185,3.91397547575592
226.396455208926,416.965721500203,3.82845945969072
428.982466367646,14.9875062772446,3.30845837796023
363.052853424187,291.839390144502,2.9400658774508
599.79110097442,107.833335899762,4.15112812480263
392.660117166028,230.947088861495,4.23706335739284
564.548573972468,407.003691862278,4.73335807988467
144.222270216361,285.883919062008,4.58645540989497
200.65496171426,366.668617330969,3.99457056389172
125.509585177928,410.465223978592,3.4610767074896
621.332503271323,320.266562996064,4.68291286138522
-3.55128465793184,139.899473782816,4.20218711648655
540.116447984131,201.177167400826,4.10572167580842
33.5267595758705,491.412516889962,3.02200372531137
277.684760527546,22.5762978072906,4.03559549054642
536.470313645071,391.936930540339,3.48515245473288
75.1776889841727,73.5396336050831,5.2088358239056
3.19941755643579,75.7776992406064,3.50605475940538
590.95303429237,226.86104107271,4.0696310065553
439.24317803838,467.464385935087,4.799535921888
659.354095815253,374.57861893659,3.03418047450569
102.163523394889,490.218981884372,4.3992143331549
624.780632907706,94.6428835028067,4.12547581516901
419.67196905332,258.637443724296,3.66546623204985
11.6991363914448,180.144845167861,3.19446579647223
64.3504084014557,106.117316637679,4.52906423329213
605.346548748541,209.488275647341,4.4395893672239
254.427525237851,224.201550457326,3.95996848932192
570.56567162803,429.332034126342,3.93693310942516
302.44130469467,142.343542789789,3.83962191417332
529.070269951806,460.869881194053,3.62596172952405
44.1600480502502,416.977016194024,3.64742102987527
196.74322887343,294.461548625469,4.14176695883706
543.977077419447,257.903459845633,3.80578714148934
181.780106155071,43.9067664913354,4.30066637810388
501.299609706019,349.092105891413,4.47392506324413
28.5816576071085,54.7608899589308,3.60865161903906
545.463209348934,141.136385589687,4.97904101433695
NA,NA,NA
664.321221624063,331.903238204692,3.38357027204143
453.933439367157,299.540680085798,3.48844260205359
8.85812269124395,492.878663153232,3.63967980852272
556.92814804391,56.2776038315447,4.18411291408956
71.0960515782431,376.564080355185,3.91397547575592
226.396455208926,416.965721500203,3.82845945969072
428.982466367646,14.9875062772446,3.30845837796023
363.052853424187,291.839390144502,2.9400658774508
599.79110097442,107.833335899762,4.15112812480263
392.660117166028,230.947088861495,4.23706335739284
564.548573972468,407.003691862278,4.73335807988467
144.222270216361,285.883919062008,4.58645540989497
200.65496171426,366.668617330969,3.99457056389172
125.509585177928,410.465223978592,3.4610767074896
621.332503271323,320.266562996064,4.68291286138522
-3.55128465793184,139.899473782816,4.20218711648655
540.116447984131,201.177167400826,4.10572167580842
33.5267595758705,491.412516889962,3.02200372531137
277.684760527546,22.5762978072906,4.03559549054642
536.470313645071,391.936930540339,3.48515245473288
75.1776889841727,73.5396336050831,5.2088358239056
3.19941755643579,75.7776992406064,3.50605475940538
590.95303429237,226.86104107271,4.0696310065553
439.24317803838,467.464385935087,4.799535921888
659.354095815253,374.57861893659,3.03418047450569
102.163523394889,490.218981884372,4.3992143331549
624.780632907706,94.6428835028067,4.12547581516901
419.67196905332,258.637443724296,3.66546623204985
11.6991363914448,180.144845167861,3.19446579647223
64.3504084014557,106.117316637679,4.52906423329213
605.346548748541,209.488275647341,4.4395893672239
254.427525237851,224.201550457326,3.95996848932192
570.56567162803,429.332034126342,3.93693310942516
302.44130469467,142.343542789789,3.83962191417332
529.070269951806,460.869881194053,3.62596172952405
44.1600480502502,416.977016194024,3.64742102987527
196.74322887343,294.461548625469,4.14176695883706
543.977077419447,257.903459845633,3.80578714148934
181.780106155071,43.9067664913354,4.30066637810388
501.299609706019,349.092105891413,4.47392506324413
28.5816576071085,54.7608899589308,3.60865161903906
545.463209348934,141.136385589687,4.97904101433695
NA,NA,NA
661.195459863851,333.819618968375,3.48922807102227
457.214622675575,300.70977141442,3.72626945217229
7.36543777934895,493.279501416738,3.66314028452325
556.774648337983,50.2244706847421,4.26644761555727
71.0289908254988,372.468832618094,4.00512718590216
226.664407249623,408.958082401889,3.93841093976182
427.571427509964,14.7514994166916,3.39695736709744
359.079841880479,292.945809229838,3.02868152932301
605.654474603137,107.368181203679,4.21892057213755
393.60432465824,230.349271492288,4.32367434093504
569.253185763957,406.705242832799,4.73571426786483
141.164338450836,283.431345036202,4.41978741575334
198.153009855415,364.655966754049,4.11344352693958
125.654990228593,411.820827634526,3.3598309369777
629.557721965291,312.814591029098,4.55330659635551
-2.42024791066016,147.495183044567,4.24003883500651
536.510448229891,202.897644714708,4.32183434922224
32.9121655183772,491.251973835839,2.9180862683176
281.076992593046,20.6331999500185,3.86606510465147
534.980138890426,392.594859339996,3.39355610608249
77.0373724830159,79.46437613665,5.26812703828377
3.63886758324209,78.5081883998284,3.44676127131486
586.195648337251,226.223366833967,3.97281532825981
445.492572589793,459.532269844032,4.7508490297782
657.909420987822,375.399390606509,3.19690987071333
108.81005617734,489.308482302083,4.3764101975434
623.998576495222,91.7030157689905,4.07648683146868
420.465456277194,257.582573777708,3.61700767036735
13.0385901359002,183.817303490111,3.06916707613461
65.4557877391231,106.238056739162,4.6328242359577
612.188376779277,207.296505880639,4.28425710625679
255.985745321303,210.164301631195,4.2308330244505
570.347766691744,430.708440482997,3.87133779143551
296.230152439213,135.361587931667,3.97122548801431
536.333020221698,457.251149376667,3.77336024476788
52.7177571576429,414.72601104841,3.67272602523052
196.299510812501,284.921133501155,3.98865850656878
550.725844260391,255.434757424444,3.7528465795683
181.52905875992,27.3296728427265,4.22182099483396
506.363064972108,348.32492430835,4.59810506348611
49.5402988649018,52.8656666721204,4.25532621540431
535.386132554897,164.143487906639,4.6853102962899
NA,NA,NA
661.195459863851,333.819618968375,3.48922807102227
457.214622675575,300.70977141442,3.72626945217229
7.36543777934895,493.279501416738,3.66314028452325
556.774648337983,50.2244706847421,4.26644761555727
71.0289908254988,372.468832618094,4.00512718590216
226.664407249623,408.958082401889,3.93841093976182
427.571427509964,14.7514994166916,3.39695736709744
359.079841880479,292.945809229838,3.02868152932301
605.654474603137,107.368181203679,4.21892057213755
393.60432465824,230.349271492288,4.32367434093504
569.253185763957,406.705242832799,4.73571426786483
141.164338450836,283.431345036202,4.41978741575334
198.153009855415,364.655966754049,4.11344352693958
125.654990228593,411.820827634526,3.3598309369777
629.557721965291,312.814591029098,4.55330659635551
-2.42024791066016,147.495183044567,4.24003883500651
536.510448229891,202.897644714708,4.32183434922224
32.9121655183772,491.251973835839,2.9180862683176
281.076992593046,20.6331999500185,3.86606510465147
534.980138890426,392.594859339996,3.39355610608249
77.0373724830159,79.46437613665,5.26812703828377
3.63886758324209,78.5081883998284,3.44676127131486
586.195648337251,226.223366833967,3.97281532825981
445.492572589793,459.532269844032,4.7508490297782
657.909420987822,375.399390606509,3.19690987071333
108.81005617734,489.308482302083,4.3764101975434
623.998576495222,91.7030157689905,4.07648683146868
420.465456277194,257.582573777708,3.61700767036735
13.0385901359002,183.817303490111,3.06916707613461
65.4557877391231,106.238056739162,4.6328242359577
612.188376779277,207.296505880639,4.28425710625679
255.985745321303,210.164301631195,4.2308330244505
570.347766691744,430.708440482997,3.87133779143551
296.230152439213,135.361587931667,3.97122548801431
536.333020221698,457.251149376667,3.77336024476788
52.7177571576429,414.72601104841,3.67272602523052
196.299510812501,284.921133501155,3.98865850656878
550.725844260391,255.434757424444,3.7528465795683
181.52905875992,27.3296728427265,4.22182099483396
506.363064972108,348.32492430835,4.59810506348611
49.5402988649018,52.8656666721204,4.25532621540431
535.386132554897,164.143487906639,4.6853102962899
NA,NA,NA
661.195459863851,333.819618968375,3.48922807102227
457.214622675575,300.70977141442,3.72626945217229
7.36543777934895,493.279501416738,3.66314028452325
556.774648337983,50.2244706847421,4.26644761555727
71.0289908254988,372.468832618094,4.00512718590216
226.664407249623,408.958082401889,3.93841093976182
427.571427509964,14.7514994166916,3.39695736709744
359.079841880479,292.945809229838,3.02868152932301
605.654474603137,107.368181203679,4.21892057213755
393.60432465824,230.349271492288,4.32367434093504
569.253185763957,406.705242832799,4.73571426786483
141.164338450836,283.431345036202,4.41978741575334
198.153009855415,364.655966754049,4.11344352693958
125.654990228593,411.820827634526,3.3598309369777
629.557721965291,312.814591029098,4.55330659635551
-2.42024791066016,147.495183044567,4.24003883500651
536.510448229891,202.897644714708,4.32183434922224
32.9121655183772,491.251973835839,2.9180862683176
281.076992593046,20.6331999500185,3.86606510465147
534.980138890426,392.594859339996,3.39355610608249
77.0373724830159,79.46437613665,5.26812703828377
3.63886758324209,78.5081883998284,3.44676127131486
586.195648337251,226.223366833967,3.97281532825981
445.492572589793,459.532269844032,4.7508490297782
657.909420987822,375.399390606509,3.19690987071333
108.81005617734,489.308482302083,4.3764101975434
623.998576495222,91.7030157689905,4.07648683146868
420.465456277194,257.582573777708,3.61700767036735
13.0385901359002,183.817303490111,3.06916707613461
65.4557877391231,106.238056739162,4.6328242359577
612.188376779277,207.296505880639,4.28425710625679
255.985745321303,210.164301631195,4.2308330244505
570.347766691744,430.708440482997,3.87133779143551
296.230152439213,135.361587931667,3.97122548801431
536.333020221698,457.251149376667,3.77336024476788
52.7177571576429,414.72601104841,3.67272602523052
196.299510812501,284.921133501155,3.98865850656878
550.725844260391,255.434757424444,3.7528465795683
181.52905875992,27.3296728427265,4.22182099483396
506.363064972108,348.32492430835,4.59810506348611
49.5402988649018,52.8656666721204,4.25532621540431
535.386132554897,164.143487906639,4.6853102962899
NA,NA,NA
661.195459863851,333.819618968375,3.48922807102227
457.214622675575,300.70977141442,3.72626945217229
7.36543777934895,493.279501416738,3.66314028452325
556.774648337983,50.2244706847421,4.26644761555727
71.0289908254988,372.468832618094,4.00512718590216
226.664407249623,408.958082401889,3.93841093976182
427.571427509964,14.7514994166916,3.39695736709744
359.079841880479,292.945809229838,3.02868152932301
605.654474603137,107.368181203679,4.21892057213755
393.60432465824,230.349271492288,4.32367434093504
569.253185763957,406.705242832799,4.73571426786483
141.164338450836,283.431345036202,4.41978741575334
198.153009855415,364.655966754049,4.11344352693958
125.654990228593,411.820827634526,3.3598309369777
629.557721965291,312.814591029098,4.55330659635551
-2.42024791066016,147.495183044567,4.24003883500651
536.510448229891,202.897644714708,4.32183434922224
32.9121655183772,491.251973835839,2.9180862683176
281.076992593046,20.6331999500185,3.86606510465147
534.980138890426,392.594859339996,3.39355610608249
77.0373724830159,79.46437613665,5.26812703828377
3.63886758324209,78.5081883998284,3.44676127131486
586.195648337251,226.223366833967,3.97281532825981
445.492572589793,459.532269844032,4.7508490297782
657.909420987822,375.399390606509,3.19690987071333
108.81005617734,489.308482302083,4.3764101975434
623.998576495222,91.7030157689905,4.07648683146868
420.465456277194,257.582573777708,3.61700767036735
13.0385901359002,183.817303490111,3.06916707613461
65.4557877391231,106.238056739162,4.6328242359577
612.188376779277,207.296505880639,4.28425710625679
255.985745321303,210.164301631195,4.2308330244505
570.347766691744,430.708440482997,3.87133779143551
296.230152439213,135.361587931667,3.97122548801431
536.333020221698,457.251149376667,3.77336024476788
52.7177571576429,414.72601104841,3.67272602523052
196.299510812501,284.921133501155,3.98865850656878
550.725844260391,255.434757424444,3.7528465795683
181.52905875992,27.3296728427265,4.22182099483396
506.363064972108,348.32492430835,4.59810506348611
49.5402988649018,52.8656666721204,4.25532621540431
535.386132554897,164.143487906639,4.6853102962899
NA,NA,NA
661.195459863851,333.819618968375,3.48922807102227
457.214622675575,300.70977141442,3.72626945217229
7.36543777934895,493.279501416738,3.66314028452325
556.774648337983,50.2244706847421,4.26644761555727
71.0289908254988,372.468832618094,4.00512718590216
226.664407249623,408.958082401889,3.93841093976182
427.571427509964,14.7514994166916,3.39695736709744
359.079841880479,292.945809229838,3.02868152932301
605.654474603137,107.368181203679,4.21892057213755
393.60432465824,230.349271492288,4.32367434093504
569.253185763957,406.705242832799,4.73571426786483
141.164338450836,283.431345036202,4.41978741575334
198.153009855415,364.655966754049,4.11344352693958
125.654990228593,411.820827634526,3.3598309369777
629.557721965291,312.814591029098,4.55330659635551
-2.42024791066016,147.495183044567,4.24003883500651
536.510448229891,202.897644714708,4.32183434922224
32.9121655183772,491.251973835839,2.9180862683176
281.076992593046,20.6331999500185,3.86606510465147
534.980138890426,392.594859339996,3.39355610608249
77.0373724830159,79.46437613665,5.26812703828377
3.63886758324209,78.5081883998284,3.44676127131486
586.195648337251,226.223366833967,3.97281532825981
445.492572589793,459.532269844032,4.7508490297782
657.909420987822,375.399390606509,3.19690987071333
108.81005617734,489.308482302083,4.3764101975434
623.998576495222,91.7030157689905,4.07648683146868
420.465456277194,257.582573777708,3.61700767036735
13.0385901359002,183.817303490111,3.06916707613461
65.4557877391231,106.238056739162,4.6328242359577
612.188376779277,207.296505880639,4.28425710625679
255.985745321303,210.164301631195,4.2308330244505
570.347766691744,430.708440482997,3.87133779143551
296.230152439213,135.361587931667,3.97122548801431
536.333020221698,457.251149376667,3.77336024476788
52.7177571576429,414.72601104841,3.67272602523052
196.299510812501,284.921133501155,3.98865850656878
550.725844260391,255.434757424444,3.7528465795683
181.52905875992,27.3296728427265,4.22182099483396
506.363064972108,348.32492430835,4.59810506348611
49.5402988649018,52.8656666721204,4.25532621540431
535.386132554897,164.143487906639,4.6853102962899
NA,NA,NA
661.195459863851,333.819618968375,3.48922807102227
457.214622675575,300.70977141442,3.72626945217229
7.36543777934895,493.279501416738,3.66314028452325
556.774648337983,50.2244706847421,4.26644761555727
71.0289908254988,372.468832618094,4.00512718590216
226.664407249623,408.958082401889,3.93841093976182
427.571427509964,14.7514994166916,3.39695736709744
359.079841880479,292.945809229838,3.02868152932301
605.654474603137,107.368181203679,4.21892057213755
393.60432465824,230.349271492288,4.32367434093504
569.253185763957,406.705242832799,4.73571426786483
141.164338450836,283.431345036202,4.41978741575334
198.153009855415,364.655966754049,4.11344352693958
125.654990228593,411.820827634526,3.3598309369777
629.557721965291,312.814591029098,4.55330659635551
-2.42024791066016,147.495183044567,4.24003883500651
536.510448229891,202.897644714708,4.32183434922224
32.9121655183772,491.251973835839,2.9180862683176
281.076992593046,20.6331999500185,3.86606510465147
534.980138890426,392.594859339996,3.39355610608249
77.0373724830159,79.46437613665,5.26812703828377
3.63886758324209,78.5081883998284,3.44676127131486
586.195648337251,226.223366833967,3.97281532825981
445.492572589793,459.532269844032,4.7508490297782
657.909420987822,375.399390606509,3.19690987071333
108.81005617734,489.308482302083,4.3764101975434
623.998576495222,91.7030157689905,4.07648683146868
420.465456277194,257.582573777708,3.61700767036735
13.0385901359002,183.817303490111,3.06916707613461
65.4557877391231,106.238056739162,4.6328242359577
612.188376779277,207.296505880639,4.28425710625679
255.985745321303,210.164301631195,4.2308330244505
570.347766691744,430.708440482997,3.87133779143551
296.230152439213,135.361587931667,3.97122548801431
536.333020221698,457.251149376667,3.77336024476788
52.7177571576429,414.72601104841,3.67272602523052
196.299510812501,284.921133501155,3.98865850656878
550.725844260391,255.434757424444,3.7528465795683
181.52905875992,27.3296728427265,4.22182099483396
506.363064972108,348.32492430835,4.59810506348611
49.5402988649018,52.8656666721204,4.25532621540431
535.386132554897,164.143487906639,4.6853102962899
NA,NA,NA
662.08401098542,334.054923281818,3.43599333184099
452.407254767558,301.743313674231,3.52553786839921
7.84478489812801,492.615266213141,3.55291023620616
558.418390851516,52.6240606711901,4.24774810004116
74.8144410999984,382.891732242056,4.03681579867491
230.136938288853,416.481328530442,3.88020080648693
428.881662249503,14.0686350264494,3.24930408900482
364.867519693127,294.012304821551,3.06567123489024
605.650508207831,104.335732650402,4.30994358591403
389.561889484175,226.810790265291,4.21628569800538
575.195597003602,413.250878717795,4.73351567196935
140.192405566893,279.234934864256,4.47159097598571
197.563621448995,369.832298327641,3.96754804181479
125.507134396883,413.087130271502,3.37996614745845
623.194859128295,317.986363688186,4.50399402112848
2.53100173418118,146.765485919219,4.22860426455804
548.906450257715,202.175447059945,4.20796204685165
36.4309586858969,492.411213451654,3.12081315557353
270.490690413764,18.1300413708291,3.92856721185344
531.633789078624,391.926356510915,3.42930401811333
58.7616920783468,72.0280281349465,5.28332264843846
7.4540337581666,79.6197201411413,3.48123026037017
589.030435500607,224.741428329728,4.154346428094
446.355067548709,462.758546601036,4.87040827960103
661.494991326907,374.602634125157,3.0203787465563
104.363205577876,491.368860737766,4.5199543052129
621.744429556014,94.1699391578462,4.13453707356738
417.868426000376,259.396642246299,3.59400614761223
14.291006314456,183.049332840295,3.19499982100092
77.8200435534216,118.929587098157,4.35932117890948
608.22215539174,201.906410631664,4.21979002116919
248.286791865504,224.452567748955,3.76393489649386
572.278270479216,440.952635672868,3.80602311062321
301.401444993309,134.480260851545,3.76692821405371
527.119436531141,457.505724768284,3.6003875412099
48.5648951498788,423.620062157035,3.40329499187482
195.214426702048,290.543514662158,4.32428440439308
555.736726796336,261.56234238644,3.71440441396205
168.85241602052,37.073522920275,4.22278311338765
497.244694268785,353.041089092331,4.60201961652649
34.5449502924815,48.4762447073263,3.64904168041121
542.084326120887,153.387369609496,4.56177649367831
NA,NA,NA
662.08401098542,334.054923281818,3.43599333184099
452.407254767558,301.743313674231,3.52553786839921
7.84478489812801,492.615266213141,3.55291023620616
558.418390851516,52.6240606711901,4.24774810004116
74.8144410999984,382.891732242056,4.03681579867491
230.136938288853,416.481328530442,3.88020080648693
428.881662249503,14.0686350264494,3.24930408900482
364.867519693127,294.012304821551,3.06567123489024
605.650508207831,104.335732650402,4.30994358591403
389.561889484175,226.810790265291,4.21628569800538
575.195597003602,413.250878717795,4.73351567196935
140.192405566893,279.234934864256,4.47159097598571
197.563621448995,369.832298327641,3.96754804181479
125.507134396883,413.087130271502,3.37996614745845
623.194859128295,317.986363688186,4.50399402112848
2.53100173418118,146.765485919219,4.22860426455804
548.906450257715,202.175447059945,4.20796204685165
36.4309586858969,492.411213451654,3.12081315557353
270.490690413764,18.1300413708291,3.92856721185344
531.633789078624,391.926356510915,3.42930401811333
58.7616920783468,72.0280281349465,5.28332264843846
7.4540337581666,79.6197201411413,3.48123026037017
589.030435500607,224.741428329728,4.154346428094
446.355067548709,462.758546601036,4.87040827960103
661.494991326907,374.602634125157,3.0203787465563
104.363205577876,491.368860737766,4.5199543052129
621.744429556014,94.1699391578462,4.13453707356738
417.868426000376,259.396642246299,3.59400614761223
14.291006314456,183.049332840295,3.19499982100092
77.8200435534216,118.929587098157,4.35932117890948
608.22215539174,201.906410631664,4.21979002116919
248.286791865504,224.452567748955,3.76393489649386
572.278270479216,440.952635672868,3.80602311062321
301.401444993309,134.480260851545,3.76692821405371
527.119436531141,457.505724768284,3.6003875412099
48.5648951498788,423.620062157035,3.40329499187482
195.214426702048,290.543514662158,4.32428440439308
555.736726796336,261.56234238644,3.71440441396205
168.85241602052,37.073522920275,4.22278311338765
497.244694268785,353.041089092331,4.60201961652649
34.5449502924815,48.4762447073263,3.64904168041121
542.084326120887,153.387369609496,4.56177649367831
NA,NA,NA
662.08401098542,334.054923281818,3.43599333184099
452.407254767558,301.743313674231,3.52553786839921
7.84478489812801,492.615266213141,3.55291023620616
558.418390851516,52.6240606711901,4.24774810004116
74.8144410999984,382.891732242056,4.03681579867491
230.136938288853,416.481328530442,3.88020080648693
428.881662249503,14.0686350264494,3.24930408900482
364.867519693127,294.012304821551,3.06567123489024
605.650508207831,104.335732650402,4.30994358591403
389.561889484175,226.810790265291,4.21628569800538
575.195597003602,413.250878717795,4.73351567196935
140.192405566893,279.234934864256,4.47159097598571
197.563621448995,369.832298327641,3.96754804181479
125.507134396883,413.087130271502,3.37996614745845
623.194859128295,317.986363688186,4.50399402112848
2.53100173418118,146.765485919219,4.22860426455804
548.906450257715,202.175447059945,4.20796204685165
36.4309586858969,492.411213451654,3.12081315557353
270.490690413764,18.1300413708291,3.92856721185344
531.633789078624,391.926356510915,3.42930401811333
58.7616920783468,72.0280281349465,5.28332264843846
7.4540337581666,79.6197201411413,3.48123026037017
589.030435500607,224.741428329728,4.154346428094
446.355067548709,462.758546601036,4.87040827960103
661.494991326907,374.602634125157,3.0203787465563
104.363205577876,491.368860737766,4.5199543052129
621.744429556014,94.1699391578462,4.13453707356738
417.868426000376,259.396642246299,3.59400614761223
14.291006314456,183.049332840295,3.19499982100092
77.8200435534216,118.929587098157,4.35932117890948
608.22215539174,201.906410631664,4.21979002116919
248.286791865504,224.452567748955,3.76393489649386
572.278270479216,440.952635672868,3.80602311062321
301.401444993309,134.480260851545,3.76692821405371
527.119436531141,457.505724768284,3.6003875412099
48.5648951498788,423.620062157035,3.40329499187482
195.214426702048,290.543514662158,4.32428440439308
555.736726796336,261.56234238644,3.71440441396205
168.85241602052,37.073522920275,4.22278311338765
497.244694268785,353.041089092331,4.60201961652649
34.5449502924815,48.4762447073263,3.64904168041121
542.084326120887,153.387369609496,4.56177649367831
NA,NA,NA
662.08401098542,334.054923281818,3.43599333184099
452.407254767558,301.743313674231,3.52553786839921
7.84478489812801,492.615266213141,3.55291023620616
558.418390851516,52.6240606711901,4.24774810004116
74.8144410999984,382.891732242056,4.03681579867491
230.136938288853,416.481328530442,3.88020080648693
428.881662249503,14.0686350264494,3.24930408900482
364.867519693127,294.012304821551,3.06567123489024
605.650508207831,104.335732650402,4.30994358591403
389.561889484175,226.810790265291,4.21628569800538
575.195597003602,413.250878717795,4.73351567196935
140.192405566893,279.234934864256,4.47159097598571
197.563621448995,369.832298327641,3.96754804181479
125.507134396883,413.087130271502,3.37996614745845
623.194859128295,317.986363688186,4.50399402112848
2.53100173418118,146.765485919219,4.22860426455804
548.906450257715,202.175447059945,4.20796204685165
36.4309586858969,492.411213451654,3.12081315557353
270.490690413764,18.1300413708291,3.92856721185344
531.633789078624,391.926356510915,3.42930401811333
58.7616920783468,72.0280281349465,5.28332264843846
7.4540337581666,79.6197201411413,3.48123026037017
589.030435500607,224.741428329728,4.154346428094
446.355067548709,462.758546601036,4.87040827960103
661.494991326907,374.602634125157,3.0203787465563
104.363205577876,491.368860737766,4.5199543052129
621.744429556014,94.1699391578462,4.13453707356738
417.868426000376,259.396642246299,3.59400614761223
14.291006314456,183.049332840295,3.19499982100092
77.8200435534216,118.929587098157,4.35932117890948
608.22215539174,201.906410631664,4.21979002116919
248.286791865504,224.452567748955,3.76393489649386
572.278270479216,440.952635672868,3.80602311062321
301.401444993309,134.480260851545,3.76692821405371
527.119436531141,457.505724768284,3.6003875412099
48.5648951498788,423.620062157035,3.40329499187482
195.214426702048,290.543514662158,4.32428440439308
555.736726796336,261.56234238644,3.71440441396205
168.85241602052,37.073522920275,4.22278311338765
497.244694268785,353.041089092331,4.60201961652649
34.5449502924815,48.4762447073263,3.64904168041121
542.084326120887,153.387369609496,4.56177649367831
NA,NA,NA
662.08401098542,334.054923281818,3.43599333184099
452.407254767558,301.743313674231,3.52553786839921
7.84478489812801,492.615266213141,3.55291023620616
558.418390851516,52.6240606711901,4.24774810004116
74.8144410999984,382.891732242056,4.03681579867491
230.136938288853,416.481328530442,3.88020080648693
428.881662249503,14.0686350264494,3.24930408900482
364.867519693127,294.012304821551,3.06567123489024
605.650508207831,104.335732650402,4.30994358591403
389.561889484175,226.810790265291,4.21628569800538
575.195597003602,413.250878717795,4.73351567196935
140.192405566893,279.234934864256,4.47159097598571
197.563621448995,369.832298327641,3.96754804181479
125.507134396883,413.087130271502,3.37996614745845
623.194859128295,317.986363688186,4.50399402112848
2.53100173418118,146.765485919219,4.22860426455804
548.906450257715,202.175447059945,4.20796204685165
36.4309586858969,492.411213451654,3.12081315557353
270.490690413764,18.1300413708291,3.92856721185344
531.633789078624,391.926356510915,3.42930401811333
58.7616920783468,72.0280281349465,5.28332264843846
7.4540337581666,79.6197201411413,3.48123026037017
589.030435500607,224.741428329728,4.154346428094
446.355067548709,462.758546601036,4.87040827960103
661.494991326907,374.602634125157,3.0203787465563
104.363205577876,491.368860737766,4.5199543052129
621.744429556014,94.1699391578462,4.13453707356738
417.868426000376,259.396642246299,3.59400614761223
14.291006314456,183.049332840295,3.19499982100092
77.8200435534216,118.929587098157,4.35932117890948
608.22215539174,201.906410631664,4.21979002116919
248.286791865504,224.452567748955,3.76393489649386
572.278270479216,440.952635672868,3.80602311062321
301.401444993309,134.480260851545,3.76692821405371
527.119436531141,457.505724768284,3.6003875412099
48.5648951498788,423.620062157035,3.40329499187482
195.214426702048,290.543514662158,4.32428440439308
555.736726796336,261.56234238644,3.71440441396205
168.85241602052,37.073522920275,4.22278311338765
497.244694268785,353.041089092331,4.60201961652649
34.5449502924815,48.4762447073263,3.64904168041121
542.084326120887,153.387369609496,4.56177649367831
NA,NA,NA
662.08401098542,334.054923281818,3.43599333184099
452.407254767558,301.743313674231,3.52553786839921
7.84478489812801,492.615266213141,3.55291023620616
558.418390851516,52.6240606711901,4.24774810004116
74.8144410999984,382.891732242056,4.03681579867491
230.136938288853,416.481328530442,3.88020080648693
428.881662249503,14.0686350264494,3.24930408900482
364.867519693127,294.012304821551,3.06567123489024
605.650508207831,104.335732650402,4.30994358591403
389.561889484175,226.810790265291,4.21628569800538
575.195597003602,413.250878717795,4.73351567196935
140.192405566893,279.234934864256,4.47159097598571
197.563621448995,369.832298327641,3.96754804181479
125.507134396883,413.087130271502,3.37996614745845
623.194859128295,317.986363688186,4.50399402112848
2.53100173418118,146.765485919219,4.22860426455804
548.906450257715,202.175447059945,4.20796204685165
36.4309586858969,492.411213451654,3.12081315557353
270.490690413764,18.1300413708291,3.92856721185344
531.633789078624,391.926356510915,3.42930401811333
58.7616920783468,72.0280281349465,5.28332264843846
7.4540337581666,79.6197201411413,3.48123026037017
589.030435500607,224.741428329728,4.154346428094
446.355067548709,462.758546601036,4.87040827960103
661.494991326907,374.602634125157,3.0203787465563
104.363205577876,491.368860737766,4.5199543052129
621.744429556014,94.1699391578462,4.13453707356738
417.868426000376,259.396642246299,3.59400614761223
14.291006314456,183.049332840295,3.19499982100092
77.8200435534216,118.929587098157,4.35932117890948
608.22215539174,201.906410631664,4.21979002116919
248.286791865504,224.452567748955,3.76393489649386
572.278270479216,440.952635672868,3.80602311062321
301.401444993309,134.480260851545,3.76692821405371
527.119436531141,457.505724768284,3.6003875412099
48.5648951498788,423.620062157035,3.40329499187482
195.214426702048,290.543514662158,4.32428440439308
555.736726796336,261.56234238644,3.71440441396205
168.85241602052,37.073522920275,4.22278311338765
497.244694268785,353.041089092331,4.60201961652649
34.5449502924815,48.4762447073263,3.64904168041121
542.084326120887,153.387369609496,4.56177649367831
NA,NA,NA
657.403492001718,334.440879976394,3.57670020635105
455.75806301957,298.336236160964,3.72856365107391
12.7770814354643,496.216084573838,3.57129020279078
561.094385545493,50.4231306423017,4.16973676350542
73.3520935617905,371.843622748854,3.87367129338015
231.46089807057,414.83739046163,3.89452725011946
430.528226630549,12.6890968464267,3.31477688769905
359.980307191288,293.897272437304,3.06330134740895
603.879764418141,110.676910218649,4.23847285131988
390.862861896672,229.967269081565,4.09339131083235
566.736123743688,409.762314775821,4.76694055246991
143.368058622556,285.976696590892,4.49626871095838
202.405969389972,375.113726609948,4.06308948631932
121.06959741096,409.702819759744,3.50739482205283
627.713936986598,311.530201363715,4.52141464107121
1.24255648343709,146.060332736187,4.22313805948317
546.675606380568,196.299872808864,4.38735830474929
34.0800428510727,492.493622874593,3.03852807178904
278.892982718866,23.5648043903385,3.88493713023072
535.340305906575,393.217630611243,3.52672070343999
72.2735798825264,80.6455905691345,5.37462759131664
4.37944689538217,75.8011244137627,3.55648199417364
588.82052618794,227.309813216382,4.04892958719141
441.278240114691,455.243695672566,4.83726136696151
659.257527327154,374.882840816495,3.23806351977681
110.295545584816,481.382517107199,4.45445211321409
624.246780552953,91.2404121325086,4.07238386080127
414.9346986924,258.274585466689,3.63146171056406
14.3300891953547,183.005383118306,3.36519566413723
66.5990743517003,123.547541431398,4.5664731321927
611.419185899157,204.001469748236,4.24903159274612
244.524796237365,224.800395889937,3.95414789423894
564.333778313832,438.870508247625,3.77933995013442
300.973889822452,129.577893911702,3.72940408833314
526.076012635233,452.904169942388,3.59005985159437
48.6527585020341,415.928724466476,3.92610244424726
207.229843599268,285.26741934202,4.08235467723361
553.25427882188,269.996818721776,3.814268934868
170.085682940167,36.4206208625529,4.38718683485559
503.145034685456,345.755423329698,4.64882935870353
41.3322562706292,53.3986366142574,3.44569789336124
534.677561043761,157.158921937692,4.81914198122009
NA,NA,NA
657.403492001718,334.440879976394,3.57670020635105
455.75806301957,298.336236160964,3.72856365107391
12.7770814354643,496.216084573838,3.57129020279078
561.094385545493,50.4231306423017,4.16973676350542
73.3520935617905,371.843622748854,3.87367129338015
231.46089807057,414.83739046163,3.89452725011946
430.528226630549,12.6890968464267,3.31477688769905
359.980307191288,293.897272437304,3.06330134740895
603.879764418141,110.676910218649,4.23847285131988
390.862861896672,229.967269081565,4.09339131083235
566.736123743688,409.762314775821,4.76694055246991
143.368058622556,285.976696590892,4.49626871095838
202.405969389972,375.113726609948,4.06308948631932
121.06959741096,409.702819759744,3.50739482205283
627.713936986598,311.530201363715,4.52141464107121
1.24255648343709,146.060332736187,4.22313805948317
546.675606380568,196.299872808864,4.38735830474929
34.0800428510727,492.493622874593,3.03852807178904
278.892982718866,23.5648043903385,3.88493713023072
535.340305906575,393.217630611243,3.52672070343999
72.2735798825264,80.6455905691345,5.37462759131664
4.37944689538217,75.8011244137627,3.55648199417364
588.82052618794,227.309813216382,4.04892958719141
441.278240114691,455.243695672566,4.83726136696151
659.257527327154,374.882840816495,3.23806351977681
110.295545584816,481.382517107199,4.45445211321409
624.246780552953,91.2404121325086,4.07238386080127
414.9346986924,258.274585466689,3.63146171056406
14.3300891953547,183.005383118306,3.36519566413723
66.5990743517003,123.547541431398,4.5664731321927
611.419185899157,204.001469748236,4.24903159274612
244.524796237365,224.800395889937,3.95414789423894
564.333778313832,438.870508247625,3.77933995013442
300.973889822452,129.577893911702,3.72940408833314
526.076012635233,452.904169942388,3.59005985159437
48.6527585020341,415.928724466476,3.92610244424726
207.229843599268,285.26741934202,4.08235467723361
553.25427882188,269.996818721776,3.814268934868
170.085682940167,36.4206208625529,4.38718683485559
503.145034685456,345.755423329698,4.64882935870353
41.3322562706292,53.3986366142574,3.44569789336124
534.677561043761,157.158921937692,4.81914198122009
NA,NA,NA
657.403492001718,334.440879976394,3.57670020635105
455.75806301957,298.336236160964,3.72856365107391
12.7770814354643,496.216084573838,3.57129020279078
561.094385545493,50.4231306423017,4.16973676350542
73.3520935617905,371.843622748854,3.87367129338015
231.46089807057,414.83739046163,3.89452725011946
430.528226630549,12.6890968464267,3.31477688769905
359.980307191288,293.897272437304,3.06330134740895
603.879764418141,110.676910218649,4.23847285131988
390.862861896672,229.967269081565,4.09339131083235
566.736123743688,409.762314775821,4.76694055246991
143.368058622556,285.976696590892,4.49626871095838
202.405969389972,375.113726609948,4.06308948631932
121.06959741096,409.702819759744,3.50739482205283
627.713936986598,311.530201363715,4.52141464107121
1.24255648343709,146.060332736187,4.22313805948317
546.675606380568,196.299872808864,4.38735830474929
34.0800428510727,492.493622874593,3.03852807178904
278.892982718866,23.5648043903385,3.88493713023072
535.340305906575,393.217630611243,3.52672070343999
72.2735798825264,80.6455905691345,5.37462759131664
4.37944689538217,75.8011244137627,3.55648199417364
588.82052618794,227.309813216382,4.04892958719141
441.278240114691,455.243695672566,4.83726136696151
659.257527327154,374.882840816495,3.23806351977681
110.295545584816,481.382517107199,4.45445211321409
624.246780552953,91.2404121325086,4.07238386080127
414.9346986924,258.274585466689,3.63146171056406
14.3300891953547,183.005383118306,3.36519566413723
66.5990743517003,123.547541431398,4.5664731321927
611.419185899157,204.001469748236,4.24903159274612
244.524796237365,224.800395889937,3.95414789423894
564.333778313832,438.870508247625,3.77933995013442
300.973889822452,129.577893911702,3.72940408833314
526.076012635233,452.904169942388,3.59005985159437
48.6527585020341,415.928724466476,3.92610244424726
207.229843599268,285.26741934202,4.08235467723361
553.25427882188,269.996818721776,3.814268934868
170.085682940167,36.4206208625529,4.38718683485559
503.145034685456,345.755423329698,4.64882935870353
41.3322562706292,53.3986366142574,3.44569789336124
534.677561043761,157.158921937692,4.81914198122009
NA,NA,NA
657.403492001718,334.440879976394,3.57670020635105
455.75806301957,298.336236160964,3.72856365107391
12.7770814354643,496.216084573838,3.57129020279078
561.094385545493,50.4231306423017,4.16973676350542
73.3520935617905,371.843622748854,3.87367129338015
231.46089807057,414.83739046163,3.89452725011946
430.528226630549,12.6890968464267,3.31477688769905
359.980307191288,293.897272437304,3.06330134740895
603.879764418141,110.676910218649,4.23847285131988
390.862861896672,229.967269081565,4.09339131083235
566.736123743688,409.762314775821,4.76694055246991
143.368058622556,285.976696590892,4.49626871095838
202.405969389972,375.113726609948,4.06308948631932
121.06959741096,409.702819759744,3.50739482205283
627.713936986598,311.530201363715,4.52141464107121
1.24255648343709,146.060332736187,4.22313805948317
546.675606380568,196.299872808864,4.38735830474929
34.0800428510727,492.493622874593,3.03852807178904
278.892982718866,23.5648043903385,3.88493713023072
535.340305906575,393.217630611243,3.52672070343999
72.2735798825264,80.6455905691345,5.37462759131664
4.37944689538217,75.8011244137627,3.55648199417364
588.82052618794,227.309813216382,4.04892958719141
441.278240114691,455.243695672566,4.83726136696151
659.257527327154,374.882840816495,3.23806351977681
110.295545584816,481.382517107199,4.45445211321409
624.246780552953,91.2404121325086,4.07238386080127
414.9346986924,258.274585466689,3.63146171056406
14.3300891953547,183.005383118306,3.36519566413723
66.5990743517003,123.547541431398,4.5664731321927
611.419185899157,204.001469748236,4.24903159274612
244.524796237365,224.800395889937,3.95414789423894
564.333778313832,438.870508247625,3.77933995013442
300.973889822452,129.577893911702,3.72940408833314
526.076012635233,452.904169942388,3.59005985159437
48.6527585020341,415.928724466476,3.92610244424726
207.229843599268,285.26741934202,4.08235467723361
553.25427882188,269.996818721776,3.814268934868
170.085682940167,36.4206208625529,4.38718683485559
503.145034685456,345.755423329698,4.64882935870353
41.3322562706292,53.3986366142574,3.44569789336124
534.677561043761,157.158921937692,4.81914198122009
NA,NA,NA
657.403492001718,334.440879976394,3.57670020635105
455.75806301957,298.336236160964,3.72856365107391
12.7770814354643,496.216084573838,3.57129020279078
561.094385545493,50.4231306423017,4.16973676350542
73.3520935617905,371.843622748854,3.87367129338015
231.46089807057,414.83739046163,3.89452725011946
430.528226630549,12.6890968464267,3.31477688769905
359.980307191288,293.897272437304,3.06330134740895
603.879764418141,110.676910218649,4.23847285131988
390.862861896672,229.967269081565,4.09339131083235
566.736123743688,409.762314775821,4.76694055246991
143.368058622556,285.976696590892,4.49626871095838
202.405969389972,375.113726609948,4.06308948631932
121.06959741096,409.702819759744,3.50739482205283
627.713936986598,311.530201363715,4.52141464107121
1.24255648343709,146.060332736187,4.22313805948317
546.675606380568,196.299872808864,4.38735830474929
34.0800428510727,492.493622874593,3.03852807178904
278.892982718866,23.5648043903385,3.88493713023072
535.340305906575,393.217630611243,3.52672070343999
72.2735798825264,80.6455905691345,5.37462759131664
4.37944689538217,75.8011244137627,3.55648199417364
588.82052618794,227.309813216382,4.04892958719141
441.278240114691,455.243695672566,4.83726136696151
659.257527327154,374.882840816495,3.23806351977681
110.295545584816,481.382517107199,4.45445211321409
624.246780552953,91.2404121325086,4.07238386080127
414.9346986924,258.274585466689,3.63146171056406
14.3300891953547,183.005383118306,3.36519566413723
66.5990743517003,123.547541431398,4.5664731321927
611.419185899157,204.001469748236,4.24903159274612
244.524796237365,224.800395889937,3.95414789423894
564.333778313832,438.870508247625,3.77933995013442
300.973889822452,129.577893911702,3.72940408833314
526.076012635233,452.904169942388,3.59005985159437
48.6527585020341,415.928724466476,3.92610244424726
207.229843599268,285.26741934202,4.08235467723361
553.25427882188,269.996818721776,3.814268934868
170.085682940167,36.4206208625529,4.38718683485559
503.145034685456,345.755423329698,4.64882935870353
41.3322562706292,53.3986366142574,3.44569789336124
534.677561043761,157.158921937692,4.81914198122009
NA,NA,NA
657.403492001718,334.440879976394,3.57670020635105
455.75806301957,298.336236160964,3.72856365107391
12.7770814354643,496.216084573838,3.57129020279078
561.094385545493,50.4231306423017,4.16973676350542
73.3520935617905,371.843622748854,3.87367129338015
231.46089807057,414.83739046163,3.89452725011946
430.528226630549,12.6890968464267,3.31477688769905
359.980307191288,293.897272437304,3.06330134740895
603.879764418141,110.676910218649,4.23847285131988
390.862861896672,229.967269081565,4.09339131083235
566.736123743688,409.762314775821,4.76694055246991
143.368058622556,285.976696590892,4.49626871095838
202.405969389972,375.113726609948,4.06308948631932
121.06959741096,409.702819759744,3.50739482205283
627.713936986598,311.530201363715,4.52141464107121
1.24255648343709,146.060332736187,4.22313805948317
546.675606380568,196.299872808864,4.38735830474929
34.0800428510727,492.493622874593,3.03852807178904
278.892982718866,23.5648043903385,3.88493713023072
535.340305906575,393.217630611243,3.52672070343999
72.2735798825264,80.6455905691345,5.37462759131664
4.37944689538217,75.8011244137627,3.55648199417364
588.82052618794,227.309813216382,4.04892958719141
441.278240114691,455.243695672566,4.83726136696151
659.257527327154,374.882840816495,3.23806351977681
110.295545584816,481.382517107199,4.45445211321409
624.246780552953,91.2404121325086,4.07238386080127
414.9346986924,258.274585466689,3.63146171056406
14.3300891953547,183.005383118306,3.36519566413723
66.5990743517003,123.547541431398,4.5664731321927
611.419185899157,204.001469748236,4.24903159274612
244.524796237365,224.800395889937,3.95414789423894
564.333778313832,438.870508247625,3.77933995013442
300.973889822452,129.577893911702,3.72940408833314
526.076012635233,452.904169942388,3.59005985159437
48.6527585020341,415.928724466476,3.92610244424726
207.229843599268,285.26741934202,4.08235467723361
553.25427882188,269.996818721776,3.814268934868
170.085682940167,36.4206208625529,4.38718683485559
503.145034685456,345.755423329698,4.64882935870353
41.3322562706292,53.3986366142574,3.44569789336124
534.677561043761,157.158921937692,4.81914198122009
NA,NA,NA
660.327985982217,333.124476456426,3.60847800806714
457.713202539803,299.492129171619,3.606106945307
8.78889865008668,490.534498799082,3.51786579825221
560.989480242934,49.7015143819027,4.19864833502454
75.0743127891102,380.187560578437,4.08283534907154
226.93152894882,413.134560834097,3.94933129863454
431.230085644292,12.3314470314041,3.19476484445401
366.261042251822,291.349922791532,3.13230788418478
604.761713984335,104.602418204186,4.22091988273289
393.642058580621,225.989533540297,4.20888480854081
571.590932915244,408.640777120451,4.74321837479258
141.048863087571,282.887086061457,4.55518016812276
199.915294058963,370.55444581893,4.04682297325653
124.202401180099,409.860419970669,3.31492912606196
632.610985442614,309.525432449452,4.68865050510745
2.56009259507276,149.359889265079,4.16979431733054
546.202559332226,200.363442695,4.1865465289057
32.8780188321136,491.592104389345,3.0670089831631
281.028334640058,22.5947687358591,3.86149619369645
529.209438543358,393.638156167718,3.37548148800889
68.5698528679511,81.6069926631323,5.25733506606988
7.59963964620886,74.4013304434177,3.52947643571876
583.949153490818,226.334016128181,4.01172129242835
443.109556133801,460.891559048691,4.75404988124791
657.689740969914,374.066797587546,3.05094661542461
101.709181093236,490.959110982147,4.39657715444179
626.359973295927,93.9150159236737,4.11338767775563
421.121511215082,258.935956447932,3.59737861771055
11.9338490901354,182.478899108691,3.14326056445423
65.9305349765056,128.445781053682,4.49048612233466
607.020505591584,209.705237302039,4.21655977695708
255.272868049784,217.254439272274,3.92378515725732
569.73408622218,432.632416919084,3.77397409652666
293.941766895408,141.734442489913,3.89167508071236
533.245258883862,449.267987462588,3.43313979243261
50.3876820183864,411.839950022963,3.83519168992947
204.795501935344,289.314475885222,3.91444223075774
562.220024087285,264.597789709363,3.72234167182779
179.202633770645,25.0231098416853,4.64362123034513
500.925085865955,339.179439695492,4.57779414970233
37.1007905976787,40.0035430840657,3.82902891082429
537.711702722006,145.628735253885,4.52590426529556
NA,NA,NA
660.327985982217,333.124476456426,3.60847800806714
457.713202539803,299.492129171619,3.606106945307
8.78889865008668,490.534498799082,3.51786579825221
560.989480242934,49.7015143819027,4.19864833502454
75.0743127891102,380.187560578437,4.08283534907154
226.93152894882,413.134560834097,3.94933129863454
431.230085644292,12.3314470314041,3.19476484445401
366.261042251822,291.349922791532,3.13230788418478
604.761713984335,104.602418204186,4.22091988273289
393.642058580621,225.989533540297,4.20888480854081
571.590932915244,408.640777120451,4.74321837479258
141.048863087571,282.887086061457,4.55518016812276
199.915294058963,370.55444581893,4.04682297325653
124.202401180099,409.860419970669,3.31492912606196
632.610985442614,309.525432449452,4.68865050510745
2.56009259507276,149.359889265079,4.16979431733054
546.202559332226,200.363442695,4.1865465289057
32.8780188321136,491.592104389345,3.0670089831631
281.028334640058,22.5947687358591,3.86149619369645
529.209438543358,393.638156167718,3.37548148800889
68.5698528679511,81.6069926631323,5.25733506606988
7.59963964620886,74.4013304434177,3.52947643571876
583.949153490818,226.334016128181,4.01172129242835
443.109556133801,460.891559048691,4.75404988124791
657.689740969914,374.066797587546,3.05094661542461
101.709181093236,490.959110982147,4.39657715444179
626.359973295927,93.9150159236737,4.11338767775563
421.121511215082,258.935956447932,3.59737861771055
11.9338490901354,182.478899108691,3.14326056445423
65.9305349765056,128.445781053682,4.49048612233466
607.020505591584,209.705237302039,4.21655977695708
255.272868049784,217.254439272274,3.92378515725732
569.73408622218,432.632416919084,3.77397409652666
293.941766895408,141.734442489913,3.89167508071236
533.245258883862,449.267987462588,3.43313979243261
50.3876820183864,411.839950022963,3.83519168992947
204.795501935344,289.314475885222,3.91444223075774
562.220024087285,264.597789709363,3.72234167182779
179.202633770645,25.0231098416853,4.64362123034513
500.925085865955,339.179439695492,4.57779414970233
37.1007905976787,40.0035430840657,3.82902891082429
537.711702722006,145.628735253885,4.52590426529556
NA,NA,NA
660.327985982217,333.124476456426,3.60847800806714
457.713202539803,299.492129171619,3.606106945307
8.78889865008668,490.534498799082,3.51786579825221
560.989480242934,49.7015143819027,4.19864833502454
75.0743127891102,380.187560578437,4.08283534907154
226.93152894882,413.134560834097,3.94933129863454
431.230085644292,12.3314470314041,3.19476484445401
366.261042251822,291.349922791532,3.13230788418478
604.761713984335,104.602418204186,4.22091988273289
393.642058580621,225.989533540297,4.20888480854081
571.590932915244,408.640777120451,4.74321837479258
141.048863087571,282.887086061457,4.55518016812276
199.915294058963,370.55444581893,4.04682297325653
124.202401180099,409.860419970669,3.31492912606196
632.610985442614,309.525432449452,4.68865050510745
2.56009259507276,149.359889265079,4.16979431733054
546.202559332226,200.363442695,4.1865465289057
32.8780188321136,491.592104389345,3.0670089831631
281.028334640058,22.5947687358591,3.86149619369645
529.209438543358,393.638156167718,3.37548148800889
68.5698528679511,81.6069926631323,5.25733506606988
7.59963964620886,74.4013304434177,3.52947643571876
583.949153490818,226.334016128181,4.01172129242835
443.109556133801,460.891559048691,4.75404988124791
657.689740969914,374.066797587546,3.05094661542461
101.709181093236,490.959110982147,4.39657715444179
626.359973295927,93.9150159236737,4.11338767775563
421.121511215082,258.935956447932,3.59737861771055
11.9338490901354,182.478899108691,3.14326056445423
65.9305349765056,128.445781053682,4.49048612233466
607.020505591584,209.705237302039,4.21655977695708
255.272868049784,217.254439272274,3.92378515725732
569.73408622218,432.632416919084,3.77397409652666
293.941766895408,141.734442489913,3.89167508071236
533.245258883862,449.267987462588,3.43313979243261
50.3876820183864,411.839950022963,3.83519168992947
204.795501935344,289.314475885222,3.91444223075774
562.220024087285,264.597789709363,3.72234167182779
179.202633770645,25.0231098416853,4.64362123034513
500.925085865955,339.179439695492,4.57779414970233
37.1007905976787,40.0035430840657,3.82902891082429
537.711702722006,145.628735253885,4.52590426529556
NA,NA,NA
660.327985982217,333.124476456426,3.60847800806714
457.713202539803,299.492129171619,3.606106945307
8.78889865008668,490.534498799082,3.51786579825221
560.989480242934,49.7015143819027,4.19864833502454
75.0743127891102,380.187560578437,4.08283534907154
226.93152894882,413.134560834097,3.94933129863454
431.230085644292,12.3314470314041,3.19476484445401
366.261042251822,291.349922791532,3.13230788418478
604.761713984335,104.602418204186,4.22091988273289
393.642058580621,225.989533540297,4.20888480854081
571.590932915244,408.640777120451,4.74321837479258
141.048863087571,282.887086061457,4.55518016812276
199.915294058963,370.55444581893,4.04682297325653
124.202401180099,409.860419970669,3.31492912606196
632.610985442614,309.525432449452,4.68865050510745
2.56009259507276,149.359889265079,4.16979431733054
546.202559332226,200.363442695,4.1865465289057
32.8780188321136,491.592104389345,3.0670089831631
281.028334640058,22.5947687358591,3.86149619369645
529.209438543358,393.638156167718,3.37548148800889
68.5698528679511,81.6069926631323,5.25733506606988
7.59963964620886,74.4013304434177,3.52947643571876
583.949153490818,226.334016128181,4.01172129242835
443.109556133801,460.891559048691,4.75404988124791
657.689740969914,374.066797587546,3.05094661542461
101.709181093236,490.959110982147,4.39657715444179
626.359973295927,93.9150159236737,4.11338767775563
421.121511215082,258.935956447932,3.59737861771055
11.9338490901354,182.478899108691,3.14326056445423
65.9305349765056,128.445781053682,4.49048612233466
607.020505591584,209.705237302039,4.21655977695708
255.272868049784,217.254439272274,3.92378515725732
569.73408622218,432.632416919084,3.77397409652666
293.941766895408,141.734442489913,3.89167508071236
533.245258883862,449.267987462588,3.43313979243261
50.3876820183864,411.839950022963,3.83519168992947
204.795501935344,289.314475885222,3.91444223075774
562.220024087285,264.597789709363,3.72234167182779
179.202633770645,25.0231098416853,4.64362123034513
500.925085865955,339.179439695492,4.57779414970233
37.1007905976787,40.0035430840657,3.82902891082429
537.711702722006,145.628735253885,4.52590426529556
NA,NA,NA
660.327985982217,333.124476456426,3.60847800806714
457.713202539803,299.492129171619,3.606106945307
8.78889865008668,490.534498799082,3.51786579825221
560.989480242934,49.7015143819027,4.19864833502454
75.0743127891102,380.187560578437,4.08283534907154
226.93152894882,413.134560834097,3.94933129863454
431.230085644292,12.3314470314041,3.19476484445401
366.261042251822,291.349922791532,3.13230788418478
604.761713984335,104.602418204186,4.22091988273289
393.642058580621,225.989533540297,4.20888480854081
571.590932915244,408.640777120451,4.74321837479258
141.048863087571,282.887086061457,4.55518016812276
199.915294058963,370.55444581893,4.04682297325653
124.202401180099,409.860419970669,3.31492912606196
632.610985442614,309.525432449452,4.68865050510745
2.56009259507276,149.359889265079,4.16979431733054
546.202559332226,200.363442695,4.1865465289057
32.8780188321136,491.592104389345,3.0670089831631
281.028334640058,22.5947687358591,3.86149619369645
529.209438543358,393.638156167718,3.37548148800889
68.5698528679511,81.6069926631323,5.25733506606988
7.59963964620886,74.4013304434177,3.52947643571876
583.949153490818,226.334016128181,4.01172129242835
443.109556133801,460.891559048691,4.75404988124791
657.689740969914,374.066797587546,3.05094661542461
101.709181093236,490.959110982147,4.39657715444179
626.359973295927,93.9150159236737,4.11338767775563
421.121511215082,258.935956447932,3.59737861771055
11.9338490901354,182.478899108691,3.14326056445423
65.9305349765056,128.445781053682,4.49048612233466
607.020505591584,209.705237302039,4.21655977695708
255.272868049784,217.254439272274,3.92378515725732
569.73408622218,432.632416919084,3.77397409652666
293.941766895408,141.734442489913,3.89167508071236
533.245258883862,449.267987462588,3.43313979243261
50.3876820183864,411.839950022963,3.83519168992947
204.795501935344,289.314475885222,3.91444223075774
562.220024087285,264.597789709363,3.72234167182779
179.202633770645,25.0231098416853,4.64362123034513
500.925085865955,339.179439695492,4.57779414970233
37.1007905976787,40.0035430840657,3.82902891082429
537.711702722006,145.628735253885,4.52590426529556
NA,NA,NA
660.327985982217,333.124476456426,3.60847800806714
457.713202539803,299.492129171619,3.606106945307
8.78889865008668,490.534498799082,3.51786579825221
560.989480242934,49.7015143819027,4.19864833502454
75.0743127891102,380.187560578437,4.08283534907154
226.93152894882,413.134560834097,3.94933129863454
431.230085644292,12.3314470314041,3.19476484445401
366.261042251822,291.349922791532,3.13230788418478
604.761713984335,104.602418204186,4.22091988273289
393.642058580621,225.989533540297,4.20888480854081
571.590932915244,408.640777120451,4.74321837479258
141.048863087571,282.887086061457,4.55518016812276
199.915294058963,370.55444581893,4.04682297325653
124.202401180099,409.860419970669,3.31492912606196
632.610985442614,309.525432449452,4.68865050510745
2.56009259507276,149.359889265079,4.16979431733054
546.202559332226,200.363442695,4.1865465289057
32.8780188321136,491.592104389345,3.0670089831631
281.028334640058,22.5947687358591,3.86149619369645
529.209438543358,393.638156167718,3.37548148800889
68.5698528679511,81.6069926631323,5.25733506606988
7.59963964620886,74.4013304434177,3.52947643571876
583.949153490818,226.334016128181,4.01172129242835
443.109556133801,460.891559048691,4.75404988124791
657.689740969914,374.066797587546,3.05094661542461
101.709181093236,490.959110982147,4.39657715444179
626.359973295927,93.9150159236737,4.11338767775563
421.121511215082,258.935956447932,3.59737861771055
11.9338490901354,182.478899108691,3.14326056445423
65.9305349765056,128.445781053682,4.49048612233466
607.020505591584,209.705237302039,4.21655977695708
255.272868049784,217.254439272274,3.92378515725732
569.73408622218,432.632416919084,3.77397409652666
293.941766895408,141.734442489913,3.89167508071236
533.245258883862,449.267987462588,3.43313979243261
50.3876820183864,411.839950022963,3.83519168992947
204.795501935344,289.314475885222,3.91444223075774
562.220024087285,264.597789709363,3.72234167182779
179.202633770645,25.0231098416853,4.64362123034513
500.925085865955,339.179439695492,4.57779414970233
37.1007905976787,40.0035430840657,3.82902891082429
537.711702722006,145.628735253885,4.52590426529556
NA,NA,NA
662.044803717104,332.253627770553,3.47913606973095
455.502933006603,300.866113473418,3.58150029801617
10.667768172616,501.623421133159,3.54994906312801
559.002172076496,56.3960600069402,4.14066274957699
70.6556100914696,373.487547647158,4.07904640711409
228.190440498934,416.13036833588,3.88646276737393
428.033509835494,10.7289018641012,3.25224811381605
361.459552722187,292.37918442591,3.04706353595749
610.192903597662,103.470652381501,4.2252939869475
396.577159950807,226.653955222404,4.29463714041196
568.038630735284,409.332871424152,4.70570729607149
141.067887503725,284.298998776222,4.63598486703521
202.9853141326,370.979485985104,4.01090699724597
125.541796635804,412.82002880677,3.5856110392792
626.45759084455,314.692467847432,4.52608062268084
3.52757252756085,144.604797354023,4.24112360807773
541.703955304358,201.80315975632,4.22093734118139
34.9382270770284,491.030797700461,2.88188777586329
272.740398588636,17.726667976584,3.94954915569131
533.068089211984,394.911737113185,3.56214605002224
66.6554412783225,73.9892052191454,5.33117581065035
3.50166052596297,76.6326057354921,3.47195293242143
594.401289688189,224.518021331861,4.11677440683823
437.03726445505,463.095600410589,4.8729783320914
658.114743426196,374.017052209586,3.03062916409231
104.778567335687,487.948668424371,4.34681758366292
627.379077084466,85.1724700305861,4.07261233449882
422.447072220622,255.749976646273,3.70313225484388
12.5109757470489,178.426426067847,3.21309451236173
76.4693006364773,120.78182974927,4.4959254499643
614.387841560799,202.803609068459,4.21387940713001
257.296647740619,220.826064086356,3.71410459759801
565.605186351969,435.521847524652,3.5833230127124
299.005937602795,142.964261868195,3.91586049921288
518.617375535174,458.826123824036,3.38257594867676
43.9277059010621,422.706410818381,3.97607638980746
191.702846502361,290.763213049421,4.260987626346
553.15975603747,260.820513971318,3.83808249980611
177.723310484758,33.1808311157912,4.48721894107746
498.14074383796,343.245790700242,4.49220057239611
45.6763041125881,52.7457775737113,3.74567184264056
539.385223686884,159.002762060133,4.78636164030037
NA,NA,NA
662.044803717104,332.253627770553,3.47913606973095
455.502933006603,300.866113473418,3.58150029801617
10.667768172616,501.623421133159,3.54994906312801
559.002172076496,56.3960600069402,4.14066274957699
70.6556100914696,373.487547647158,4.07904640711409
228.190440498934,416.13036833588,3.88646276737393
428.033509835494,10.7289018641012,3.25224811381605
361.459552722187,292.37918442591,3.04706353595749
610.192903597662,103.470652381501,4.2252939869475
396.577159950807,226.653955222404,4.29463714041196
568.038630735284,409.332871424152,4.70570729607149
141.067887503725,284.298998776222,4.63598486703521
202.9853141326,370.979485985104,4.01090699724597
125.541796635804,412.82002880677,3.5856110392792
626.45759084455,314.692467847432,4.52608062268084
3.52757252756085,144.604797354023,4.24112360807773
541.703955304358,201.80315975632,4.22093734118139
34.9382270770284,491.030797700461,2.88188777586329
272.740398588636,17.726667976584,3.94954915569131
533.068089211984,394.911737113185,3.56214605002224
66.6554412783225,73.9892052191454,5.33117581065035
3.50166052596297,76.6326057354921,3.47195293242143
594.401289688189,224.518021331861,4.11677440683823
437.03726445505,463.095600410589,4.8729783320914
658.114743426196,374.017052209586,3.03062916409231
104.778567335687,487.948668424371,4.34681758366292
627.379077084466,85.1724700305861,4.07261233449882
422.447072220622,255.749976646273,3.70313225484388
12.5109757470489,178.426426067847,3.21309451236173
76.4693006364773,120.78182974927,4.4959254499643
614.387841560799,202.803609068459,4.21387940713001
257.296647740619,220.826064086356,3.71410459759801
565.605186351969,435.521847524652,3.5833230127124
299.005937602795,142.964261868195,3.91586049921288
518.617375535174,458.826123824036,3.38257594867676
43.9277059010621,422.706410818381,3.97607638980746
191.702846502361,290.763213049421,4.260987626346
553.15975603747,260.820513971318,3.83808249980611
177.723310484758,33.1808311157912,4.48721894107746
498.14074383796,343.245790700242,4.49220057239611
45.6763041125881,52.7457775737113,3.74567184264056
539.385223686884,159.002762060133,4.78636164030037
NA,NA,NA
662.044803717104,332.253627770553,3.47913606973095
455.502933006603,300.866113473418,3.58150029801617
10.667768172616,501.623421133159,3.54994906312801
559.002172076496,56.3960600069402,4.14066274957699
70.6556100914696,373.487547647158,4.07904640711409
228.190440498934,416.13036833588,3.88646276737393
428.033509835494,10.7289018641012,3.25224811381605
361.459552722187,292.37918442591,3.04706353595749
610.192903597662,103.470652381501,4.2252939869475
396.577159950807,226.653955222404,4.29463714041196
568.038630735284,409.332871424152,4.70570729607149
141.067887503725,284.298998776222,4.63598486703521
202.9853141326,370.979485985104,4.01090699724597
125.541796635804,412.82002880677,3.5856110392792
626.45759084455,314.692467847432,4.52608062268084
3.52757252756085,144.604797354023,4.24112360807773
541.703955304358,201.80315975632,4.22093734118139
34.9382270770284,491.030797700461,2.88188777586329
272.740398588636,17.726667976584,3.94954915569131
533.068089211984,394.911737113185,3.56214605002224
66.6554412783225,73.9892052191454,5.33117581065035
3.50166052596297,76.6326057354921,3.47195293242143
594.401289688189,224.518021331861,4.11677440683823
437.03726445505,463.095600410589,4.8729783320914
658.114743426196,374.017052209586,3.03062916409231
104.778567335687,487.948668424371,4.34681758366292
627.379077084466,85.1724700305861,4.07261233449882
422.447072220622,255.749976646273,3.70313225484388
12.5109757470489,178.426426067847,3.21309451236173
76.4693006364773,120.78182974927,4.4959254499643
614.387841560799,202.803609068459,4.21387940713001
257.296647740619,220.826064086356,3.71410459759801
565.605186351969,435.521847524652,3.5833230127124
299.005937602795,142.964261868195,3.91586049921288
518.617375535174,458.826123824036,3.38257594867676
43.9277059010621,422.706410818381,3.97607638980746
191.702846502361,290.763213049421,4.260987626346
553.15975603747,260.820513971318,3.83808249980611
177.723310484758,33.1808311157912,4.48721894107746
498.14074383796,343.245790700242,4.49220057239611
45.6763041125881,52.7457775737113,3.74567184264056
539.385223686884,159.002762060133,4.78636164030037
NA,NA,NA
662.044803717104,332.253627770553,3.47913606973095
455.502933006603,300.866113473418,3.58150029801617
10.667768172616,501.623421133159,3.54994906312801
559.002172076496,56.3960600069402,4.14066274957699
70.6556100914696,373.487547647158,4.07904640711409
228.190440498934,416.13036833588,3.88646276737393
428.033509835494,10.7289018641012,3.25224811381605
361.459552722187,292.37918442591,3.04706353595749
610.192903597662,103.470652381501,4.2252939869475
396.577159950807,226.653955222404,4.29463714041196
568.038630735284,409.332871424152,4.70570729607149
141.067887503725,284.298998776222,4.63598486703521
202.9853141326,370.979485985104,4.01090699724597
125.541796635804,412.82002880677,3.5856110392792
626.45759084455,314.692467847432,4.52608062268084
3.52757252756085,144.604797354023,4.24112360807773
541.703955304358,201.80315975632,4.22093734118139
34.9382270770284,491.030797700461,2.88188777586329
272.740398588636,17.726667976584,3.94954915569131
533.068089211984,394.911737113185,3.56214605002224
66.6554412783225,73.9892052191454,5.33117581065035
3.50166052596297,76.6326057354921,3.47195293242143
594.401289688189,224.518021331861,4.11677440683823
437.03726445505,463.095600410589,4.8729783320914
658.114743426196,374.017052209586,3.03062916409231
104.778567335687,487.948668424371,4.34681758366292
627.379077084466,85.1724700305861,4.07261233449882
422.447072220622,255.749976646273,3.70313225484388
12.5109757470489,178.426426067847,3.21309451236173
76.4693006364773,120.78182974927,4.4959254499643
614.387841560799,202.803609068459,4.21387940713001
257.296647740619,220.826064086356,3.71410459759801
565.605186351969,435.521847524652,3.5833230127124
299.005937602795,142.964261868195,3.91586049921288
518.617375535174,458.826123824036,3.38257594867676
43.9277059010621,422.706410818381,3.97607638980746
191.702846502361,290.763213049421,4.260987626346
553.15975603747,260.820513971318,3.83808249980611
177.723310484758,33.1808311157912,4.48721894107746
498.14074383796,343.245790700242,4.49220057239611
45.6763041125881,52.7457775737113,3.74567184264056
539.385223686884,159.002762060133,4.78636164030037
NA,NA,NA
662.044803717104,332.253627770553,3.47913606973095
455.502933006603,300.866113473418,3.58150029801617
10.667768172616,501.623421133159,3.54994906312801
559.002172076496,56.3960600069402,4.14066274957699
70.6556100914696,373.487547647158,4.07904640711409
228.190440498934,416.13036833588,3.88646276737393
428.033509835494,10.7289018641012,3.25224811381605
361.459552722187,292.37918442591,3.04706353595749
610.192903597662,103.470652381501,4.2252939869475
396.577159950807,226.653955222404,4.29463714041196
568.038630735284,409.332871424152,4.70570729607149
141.067887503725,284.298998776222,4.63598486703521
202.9853141326,370.979485985104,4.01090699724597
125.541796635804,412.82002880677,3.5856110392792
626.45759084455,314.692467847432,4.52608062268084
3.52757252756085,144.604797354023,4.24112360807773
541.703955304358,201.80315975632,4.22093734118139
34.9382270770284,491.030797700461,2.88188777586329
272.740398588636,17.726667976584,3.94954915569131
533.068089211984,394.911737113185,3.56214605002224
66.6554412783225,73.9892052191454,5.33117581065035
3.50166052596297,76.6326057354921,3.47195293242143
594.401289688189,224.518021331861,4.11677440683823
437.03726445505,463.095600410589,4.8729783320914
658.114743426196,374.017052209586,3.03062916409231
104.778567335687,487.948668424371,4.34681758366292
627.379077084466,85.1724700305861,4.07261233449882
422.447072220622,255.749976646273,3.70313225484388
12.5109757470489,178.426426067847,3.21309451236173
76.4693006364773,120.78182974927,4.4959254499643
614.387841560799,202.803609068459,4.21387940713001
257.296647740619,220.826064086356,3.71410459759801
565.605186351969,435.521847524652,3.5833230127124
299.005937602795,142.964261868195,3.91586049921288
518.617375535174,458.826123824036,3.38257594867676
43.9277059010621,422.706410818381,3.97607638980746
191.702846502361,290.763213049421,4.260987626346
553.15975603747,260.820513971318,3.83808249980611
177.723310484758,33.1808311157912,4.48721894107746
498.14074383796,343.245790700242,4.49220057239611
45.6763041125881,52.7457775737113,3.74567184264056
539.385223686884,159.002762060133,4.78636164030037
NA,NA,NA
662.044803717104,332.253627770553,3.47913606973095
455.502933006603,300.866113473418,3.58150029801617
10.667768172616,501.623421133159,3.54994906312801
559.002172076496,56.3960600069402,4.14066274957699
70.6556100914696,373.487547647158,4.07904640711409
228.190440498934,416.13036833588,3.88646276737393
428.033509835494,10.7289018641012,3.25224811381605
361.459552722187,292.37918442591,3.04706353595749
610.192903597662,103.470652381501,4.2252939869475
396.577159950807,226.653955222404,4.29463714041196
568.038630735284,409.332871424152,4.70570729607149
141.067887503725,284.298998776222,4.63598486703521
202.9853141326,370.979485985104,4.01090699724597
125.541796635804,412.82002880677,3.5856110392792
626.45759084455,314.692467847432,4.52608062268084
3.52757252756085,144.604797354023,4.24112360807773
541.703955304358,201.80315975632,4.22093734118139
34.9382270770284,491.030797700461,2.88188777586329
272.740398588636,17.726667976584,3.94954915569131
533.068089211984,394.911737113185,3.56214605002224
66.6554412783225,73.9892052191454,5.33117581065035
3.50166052596297,76.6326057354921,3.47195293242143
594.401289688189,224.518021331861,4.11677440683823
437.03726445505,463.095600410589,4.8729783320914
658.114743426196,374.017052209586,3.03062916409231
104.778567335687,487.948668424371,4.34681758366292
627.379077084466,85.1724700305861,4.07261233449882
422.447072220622,255.749976646273,3.70313225484388
12.5109757470489,178.426426067847,3.21309451236173
76.4693006364773,120.78182974927,4.4959254499643
614.387841560799,202.803609068459,4.21387940713001
257.296647740619,220.826064086356,3.71410459759801
565.605186351969,435.521847524652,3.5833230127124
299.005937602795,142.964261868195,3.91586049921288
518.617375535174,458.826123824036,3.38257594867676
43.9277059010621,422.706410818381,3.97607638980746
191.702846502361,290.763213049421,4.260987626346
553.15975603747,260.820513971318,3.83808249980611
177.723310484758,33.1808311157912,4.48721894107746
498.14074383796,343.245790700242,4.49220057239611
45.6763041125881,52.7457775737113,3.74567184264056
539.385223686884,159.002762060133,4.78636164030037
NA,NA,NA
658.794820582897,334.733611367778,3.48029267753941
457.664185033457,296.444157474153,3.44055175276828
12.1371595640263,495.58840300011,3.7195586114764
557.218663156671,50.7157236457067,4.14891166700407
75.7318845735621,375.099731853792,3.93412629601045
224.701139890685,417.996376997637,3.85245503309764
427.87282365419,13.8165030655371,3.26706010517057
359.399992497621,294.915587983315,3.10363024680357
606.96557326864,107.628890561845,4.30767422508344
389.83716056879,233.467600630263,4.16360668654841
568.833986244746,408.828370396971,4.68751572927335
136.78563286478,288.575720746241,4.45654760979929
202.178300768535,374.687176140099,4.09778291268395
120.342841111619,410.290281175957,3.30047616196194
630.767330296726,312.611722193321,4.44071387623313
-2.18482247303428,148.83184413339,4.24465399330458
542.304535431318,204.75621657978,4.25190665733521
34.9218058713645,493.449374574919,2.90841713843627
277.441012125907,26.9538615752165,4.00913675247961
535.537639019804,388.743439976622,3.40088600559028
71.5318085936647,76.1305071871826,5.35211649310599
3.48979101562767,75.3128583397401,3.42584571758184
586.932924997787,227.996320526152,3.9863937060162
441.412815583574,456.100385203644,4.77975908869006
658.226872008952,375.211000871363,2.95956634853384
104.539600942909,490.235820278998,4.49860353353833
624.680292367606,88.296662693328,4.1036199115111
420.078275282681,258.239804507622,3.63057988411386
9.60069874814736,182.649079789174,3.16809055272549
65.1881982163679,110.8535420925,4.36653395603614
591.734246158166,199.500067914963,4.13326896810469
256.831928434547,218.819038407254,3.80407319756074
568.95278030015,433.627793934276,3.77564619997025
296.472165074902,138.099814935793,3.85392965355992
529.786092731515,458.926674340188,3.45667466589315
41.5507738665429,420.152412044421,3.9565678889104
195.64999113588,294.351279090485,4.00035782284814
555.580749333066,265.596204558142,3.82845504318023
185.416120344815,50.8165440801024,4.23169700271355
498.000183965428,351.089634038679,4.70097073842945
41.270113810984,50.9359355387572,3.83868439444299
520.200395579959,154.52870872301,4.64290332642326
NA,NA,NA
658.794820582897,334.733611367778,3.48029267753941
457.664185033457,296.444157474153,3.44055175276828
12.1371595640263,495.58840300011,3.7195586114764
557.218663156671,50.7157236457067,4.14891166700407
75.7318845735621,375.099731853792,3.93412629601045
224.701139890685,417.996376997637,3.85245503309764
427.87282365419,13.8165030655371,3.26706010517057
359.399992497621,294.915587983315,3.10363024680357
606.96557326864,107.628890561845,4.30767422508344
389.83716056879,233.467600630263,4.16360668654841
568.833986244746,408.828370396971,4.68751572927335
136.78563286478,288.575720746241,4.45654760979929
202.178300768535,374.687176140099,4.09778291268395
120.342841111619,410.290281175957,3.30047616196194
630.767330296726,312.611722193321,4.44071387623313
-2.18482247303428,148.83184413339,4.24465399330458
542.304535431318,204.75621657978,4.25190665733521
34.9218058713645,493.449374574919,2.90841713843627
277.441012125907,26.9538615752165,4.00913675247961
535.537639019804,388.743439976622,3.40088600559028
71.5318085936647,76.1305071871826,5.35211649310599
3.48979101562767,75.3128583397401,3.42584571758184
586.932924997787,227.996320526152,3.9863937060162
441.412815583574,456.100385203644,4.77975908869006
658.226872008952,375.211000871363,2.95956634853384
104.539600942909,490.235820278998,4.49860353353833
624.680292367606,88.296662693328,4.1036199115111
420.078275282681,258.239804507622,3.63057988411386
9.60069874814736,182.649079789174,3.16809055272549
65.1881982163679,110.8535420925,4.36653395603614
591.734246158166,199.500067914963,4.13326896810469
256.831928434547,218.819038407254,3.80407319756074
568.95278030015,433.627793934276,3.77564619997025
296.472165074902,138.099814935793,3.85392965355992
529.786092731515,458.926674340188,3.45667466589315
41.5507738665429,420.152412044421,3.9565678889104
195.64999113588,294.351279090485,4.00035782284814
555.580749333066,265.596204558142,3.82845504318023
185.416120344815,50.8165440801024,4.23169700271355
498.000183965428,351.089634038679,4.70097073842945
41.270113810984,50.9359355387572,3.83868439444299
520.200395579959,154.52870872301,4.64290332642326
NA,NA,NA
658.794820582897,334.733611367778,3.48029267753941
457.664185033457,296.444157474153,3.44055175276828
12.1371595640263,495.58840300011,3.7195586114764
557.218663156671,50.7157236457067,4.14891166700407
75.7318845735621,375.099731853792,3.93412629601045
224.701139890685,417.996376997637,3.85245503309764
427.87282365419,13.8165030655371,3.26706010517057
359.399992497621,294.915587983315,3.10363024680357
606.96557326864,107.628890561845,4.30767422508344
389.83716056879,233.467600630263,4.16360668654841
568.833986244746,408.828370396971,4.68751572927335
136.78563286478,288.575720746241,4.45654760979929
202.178300768535,374.687176140099,4.09778291268395
120.342841111619,410.290281175957,3.30047616196194
630.767330296726,312.611722193321,4.44071387623313
-2.18482247303428,148.83184413339,4.24465399330458
542.304535431318,204.75621657978,4.25190665733521
34.9218058713645,493.449374574919,2.90841713843627
277.441012125907,26.9538615752165,4.00913675247961
535.537639019804,388.743439976622,3.40088600559028
71.5318085936647,76.1305071871826,5.35211649310599
3.48979101562767,75.3128583397401,3.42584571758184
586.932924997787,227.996320526152,3.9863937060162
441.412815583574,456.100385203644,4.77975908869006
658.226872008952,375.211000871363,2.95956634853384
104.539600942909,490.235820278998,4.49860353353833
624.680292367606,88.296662693328,4.1036199115111
420.078275282681,258.239804507622,3.63057988411386
9.60069874814736,182.649079789174,3.16809055272549
65.1881982163679,110.8535420925,4.36653395603614
591.734246158166,199.500067914963,4.13326896810469
256.831928434547,218.819038407254,3.80407319756074
568.95278030015,433.627793934276,3.77564619997025
296.472165074902,138.099814935793,3.85392965355992
529.786092731515,458.926674340188,3.45667466589315
41.5507738665429,420.152412044421,3.9565678889104
195.64999113588,294.351279090485,4.00035782284814
555.580749333066,265.596204558142,3.82845504318023
185.416120344815,50.8165440801024,4.23169700271355
498.000183965428,351.089634038679,4.70097073842945
41.270113810984,50.9359355387572,3.83868439444299
520.200395579959,154.52870872301,4.64290332642326
NA,NA,NA
658.794820582897,334.733611367778,3.48029267753941
457.664185033457,296.444157474153,3.44055175276828
12.1371595640263,495.58840300011,3.7195586114764
557.218663156671,50.7157236457067,4.14891166700407
75.7318845735621,375.099731853792,3.93412629601045
224.701139890685,417.996376997637,3.85245503309764
427.87282365419,13.8165030655371,3.26706010517057
359.399992497621,294.915587983315,3.10363024680357
606.96557326864,107.628890561845,4.30767422508344
389.83716056879,233.467600630263,4.16360668654841
568.833986244746,408.828370396971,4.68751572927335
136.78563286478,288.575720746241,4.45654760979929
202.178300768535,374.687176140099,4.09778291268395
120.342841111619,410.290281175957,3.30047616196194
630.767330296726,312.611722193321,4.44071387623313
-2.18482247303428,148.83184413339,4.24465399330458
542.304535431318,204.75621657978,4.25190665733521
34.9218058713645,493.449374574919,2.90841713843627
277.441012125907,26.9538615752165,4.00913675247961
535.537639019804,388.743439976622,3.40088600559028
71.5318085936647,76.1305071871826,5.35211649310599
3.48979101562767,75.3128583397401,3.42584571758184
586.932924997787,227.996320526152,3.9863937060162
441.412815583574,456.100385203644,4.77975908869006
658.226872008952,375.211000871363,2.95956634853384
104.539600942909,490.235820278998,4.49860353353833
624.680292367606,88.296662693328,4.1036199115111
420.078275282681,258.239804507622,3.63057988411386
9.60069874814736,182.649079789174,3.16809055272549
65.1881982163679,110.8535420925,4.36653395603614
591.734246158166,199.500067914963,4.13326896810469
256.831928434547,218.819038407254,3.80407319756074
568.95278030015,433.627793934276,3.77564619997025
296.472165074902,138.099814935793,3.85392965355992
529.786092731515,458.926674340188,3.45667466589315
41.5507738665429,420.152412044421,3.9565678889104
195.64999113588,294.351279090485,4.00035782284814
555.580749333066,265.596204558142,3.82845504318023
185.416120344815,50.8165440801024,4.23169700271355
498.000183965428,351.089634038679,4.70097073842945
41.270113810984,50.9359355387572,3.83868439444299
520.200395579959,154.52870872301,4.64290332642326
NA,NA,NA
658.794820582897,334.733611367778,3.48029267753941
457.664185033457,296.444157474153,3.44055175276828
12.1371595640263,495.58840300011,3.7195586114764
557.218663156671,50.7157236457067,4.14891166700407
75.7318845735621,375.099731853792,3.93412629601045
224.701139890685,417.996376997637,3.85245503309764
427.87282365419,13.8165030655371,3.26706010517057
359.399992497621,294.915587983315,3.10363024680357
606.96557326864,107.628890561845,4.30767422508344
389.83716056879,233.467600630263,4.16360668654841
568.833986244746,408.828370396971,4.68751572927335
136.78563286478,288.575720746241,4.45654760979929
202.178300768535,374.687176140099,4.09778291268395
120.342841111619,410.290281175957,3.30047616196194
630.767330296726,312.611722193321,4.44071387623313
-2.18482247303428,148.83184413339,4.24465399330458
542.304535431318,204.75621657978,4.25190665733521
34.9218058713645,493.449374574919,2.90841713843627
277.441012125907,26.9538615752165,4.00913675247961
535.537639019804,388.743439976622,3.40088600559028
71.5318085936647,76.1305071871826,5.35211649310599
3.48979101562767,75.3128583397401,3.42584571758184
586.932924997787,227.996320526152,3.9863937060162
441.412815583574,456.100385203644,4.77975908869006
658.226872008952,375.211000871363,2.95956634853384
104.539600942909,490.235820278998,4.49860353353833
624.680292367606,88.296662693328,4.1036199115111
420.078275282681,258.239804507622,3.63057988411386
9.60069874814736,182.649079789174,3.16809055272549
65.1881982163679,110.8535420925,4.36653395603614
591.734246158166,199.500067914963,4.13326896810469
256.831928434547,218.819038407254,3.80407319756074
568.95278030015,433.627793934276,3.77564619997025
296.472165074902,138.099814935793,3.85392965355992
529.786092731515,458.926674340188,3.45667466589315
41.5507738665429,420.152412044421,3.9565678889104
195.64999113588,294.351279090485,4.00035782284814
555.580749333066,265.596204558142,3.82845504318023
185.416120344815,50.8165440801024,4.23169700271355
498.000183965428,351.089634038679,4.70097073842945
41.270113810984,50.9359355387572,3.83868439444299
520.200395579959,154.52870872301,4.64290332642326
NA,NA,NA
658.794820582897,334.733611367778,3.48029267753941
457.664185033457,296.444157474153,3.44055175276828
12.1371595640263,495.58840300011,3.7195586114764
557.218663156671,50.7157236457067,4.14891166700407
75.7318845735621,375.099731853792,3.93412629601045
224.701139890685,417.996376997637,3.85245503309764
427.87282365419,13.8165030655371,3.26706010517057
359.399992497621,294.915587983315,3.10363024680357
606.96557326864,107.628890561845,4.30767422508344
389.83716056879,233.467600630263,4.16360668654841
568.833986244746,408.828370396971,4.68751572927335
136.78563286478,288.575720746241,4.45654760979929
202.178300768535,374.687176140099,4.09778291268395
120.342841111619,410.290281175957,3.30047616196194
630.767330296726,312.611722193321,4.44071387623313
-2.18482247303428,148.83184413339,4.24465399330458
542.304535431318,204.75621657978,4.25190665733521
34.9218058713645,493.449374574919,2.90841713843627
277.441012125907,26.9538615752165,4.00913675247961
535.537639019804,388.743439976622,3.40088600559028
71.5318085936647,76.1305071871826,5.35211649310599
3.48979101562767,75.3128583397401,3.42584571758184
586.932924997787,227.996320526152,3.9863937060162
441.412815583574,456.100385203644,4.77975908869006
658.226872008952,375.211000871363,2.95956634853384
104.539600942909,490.235820278998,4.49860353353833
624.680292367606,88.296662693328,4.1036199115111
420.078275282681,258.239804507622,3.63057988411386
9.60069874814736,182.649079789174,3.16809055272549
65.1881982163679,110.8535420925,4.36653395603614
591.734246158166,199.500067914963,4.13326896810469
256.831928434547,218.819038407254,3.80407319756074
568.95278030015,433.627793934276,3.77564619997025
296.472165074902,138.099814935793,3.85392965355992
529.786092731515,458.926674340188,3.45667466589315
41.5507738665429,420.152412044421,3.9565678889104
195.64999113588,294.351279090485,4.00035782284814
555.580749333066,265.596204558142,3.82845504318023
185.416120344815,50.8165440801024,4.23169700271355
498.000183965428,351.089634038679,4.70097073842945
41.270113810984,50.9359355387572,3.83868439444299
520.200395579959,154.52870872301,4.64290332642326
NA,NA,NA
664.41816260346,334.45106937109,3.48045689401914
459.459333671187,294.300799950639,3.47559731716236
10.1351430402374,495.515933088459,3.5934142599117
560.280983499591,51.4689058742419,4.15507519069187
74.6732261327217,370.885046629193,4.00054404968933
231.384850355475,413.350051058032,3.93782807786989
429.455895822805,12.6961587352974,3.458119419534
361.6685059929,291.81866199513,3.15830757579543
605.113121615192,101.194885544298,4.21505747154881
391.979231382834,234.539817667611,4.25010023849988
563.87629487643,399.374675762866,4.72278967360756
144.801769628583,286.800710092208,4.40131858670712
199.100804761436,371.023851703932,4.04912279763678
125.33713569482,407.314810836067,3.43709070671628
629.740187176011,316.128123856278,4.47493144671415
-0.857805593911523,150.808039091928,4.26693957788867
544.621986638565,203.815634109163,4.18402734658883
35.0854591388287,493.750698511053,2.89395090772821
280.684901820541,20.5201710427357,3.87990598853522
533.481096562483,391.575785960647,3.19033084854483
74.9538618579051,75.2815283385329,5.31542015537261
5.71402365661525,73.4701307324252,3.5011732974035
590.629520309341,222.971450414082,3.98194196600791
434.798877277434,465.51022345793,4.76005844859861
659.507937969562,373.957456993605,3.0483035863515
104.246056825523,482.500757278504,4.38994890046121
623.03724231551,92.8188767273861,4.07154907260389
422.476222371737,259.092997992071,3.60600958571875
10.641699332574,182.217619096888,3.18573234727763
81.1371494760578,123.893285056021,4.4787894972931
611.89146548356,206.144411947061,4.37635243430227
250.76640661648,222.754484632068,3.88385714433862
581.855939904241,429.977259209082,4.08249326863651
303.348980576208,131.815995407252,3.9970957563108
531.268381279164,460.909194965024,3.50557851761076
40.6881752488686,411.110672489796,4.22186890860176
199.417758662681,285.422629099586,3.8135277254737
554.012435511387,257.275632563045,3.60274370867333
174.095612501652,39.2123659299646,4.50779527834838
503.330873785946,336.828986108743,4.63097243016327
40.451587127593,50.0162972789622,3.79549784820961
528.629909444638,151.150063238612,4.78522617714367
NA,NA,NA
664.41816260346,334.45106937109,3.48045689401914
459.459333671187,294.300799950639,3.47559731716236
10.1351430402374,495.515933088459,3.5934142599117
560.280983499591,51.4689058742419,4.15507519069187
74.6732261327217,370.885046629193,4.00054404968933
231.384850355475,413.350051058032,3.93782807786989
429.455895822805,12.6961587352974,3.458119419534
361.6685059929,291.81866199513,3.15830757579543
605.113121615192,101.194885544298,4.21505747154881
391.979231382834,234.539817667611,4.25010023849988
563.87629487643,399.374675762866,4.72278967360756
144.801769628583,286.800710092208,4.40131858670712
199.100804761436,371.023851703932,4.04912279763678
125.33713569482,407.314810836067,3.43709070671628
629.740187176011,316.128123856278,4.47493144671415
-0.857805593911523,150.808039091928,4.26693957788867
544.621986638565,203.815634109163,4.18402734658883
35.0854591388287,493.750698511053,2.89395090772821
280.684901820541,20.5201710427357,3.87990598853522
533.481096562483,391.575785960647,3.19033084854483
74.9538618579051,75.2815283385329,5.31542015537261
5.71402365661525,73.4701307324252,3.5011732974035
590.629520309341,222.971450414082,3.98194196600791
434.798877277434,465.51022345793,4.76005844859861
659.507937969562,373.957456993605,3.0483035863515
104.246056825523,482.500757278504,4.38994890046121
623.03724231551,92.8188767273861,4.07154907260389
422.476222371737,259.092997992071,3.60600958571875
10.641699332574,182.217619096888,3.18573234727763
81.1371494760578,123.893285056021,4.4787894972931
611.89146548356,206.144411947061,4.37635243430227
250.76640661648,222.754484632068,3.88385714433862
581.855939904241,429.977259209082,4.08249326863651
303.348980576208,131.815995407252,3.9970957563108
531.268381279164,460.909194965024,3.50557851761076
40.6881752488686,411.110672489796,4.22186890860176
199.417758662681,285.422629099586,3.8135277254737
554.012435511387,257.275632563045,3.60274370867333
174.095612501652,39.2123659299646,4.50779527834838
503.330873785946,336.828986108743,4.63097243016327
40.451587127593,50.0162972789622,3.79549784820961
528.629909444638,151.150063238612,4.78522617714367
NA,NA,NA
664.41816260346,334.45106937109,3.48045689401914
459.459333671187,294.300799950639,3.47559731716236
10.1351430402374,495.515933088459,3.5934142599117
560.280983499591,51.4689058742419,4.15507519069187
74.6732261327217,370.885046629193,4.00054404968933
231.384850355475,413.350051058032,3.93782807786989
429.455895822805,12.6961587352974,3.458119419534
361.6685059929,291.81866199513,3.15830757579543
605.113121615192,101.194885544298,4.21505747154881
391.979231382834,234.539817667611,4.25010023849988
563.87629487643,399.374675762866,4.72278967360756
144.801769628583,286.800710092208,4.40131858670712
199.100804761436,371.023851703932,4.04912279763678
125.33713569482,407.314810836067,3.43709070671628
629.740187176011,316.128123856278,4.47493144671415
-0.857805593911523,150.808039091928,4.26693957788867
544.621986638565,203.815634109163,4.18402734658883
35.0854591388287,493.750698511053,2.89395090772821
280.684901820541,20.5201710427357,3.87990598853522
533.481096562483,391.575785960647,3.19033084854483
74.9538618579051,75.2815283385329,5.31542015537261
5.71402365661525,73.4701307324252,3.5011732974035
590.629520309341,222.971450414082,3.98194196600791
434.798877277434,465.51022345793,4.76005844859861
659.507937969562,373.957456993605,3.0483035863515
104.246056825523,482.500757278504,4.38994890046121
623.03724231551,92.8188767273861,4.07154907260389
422.476222371737,259.092997992071,3.60600958571875
10.641699332574,182.217619096888,3.18573234727763
81.1371494760578,123.893285056021,4.4787894972931
611.89146548356,206.144411947061,4.37635243430227
250.76640661648,222.754484632068,3.88385714433862
581.855939904241,429.977259209082,4.08249326863651
303.348980576208,131.815995407252,3.9970957563108
531.268381279164,460.909194965024,3.50557851761076
40.6881752488686,411.110672489796,4.22186890860176
199.417758662681,285.422629099586,3.8135277254737
554.012435511387,257.275632563045,3.60274370867333
174.095612501652,39.2123659299646,4.50779527834838
503.330873785946,336.828986108743,4.63097243016327
40.451587127593,50.0162972789622,3.79549784820961
528.629909444638,151.150063238612,4.78522617714367
NA,NA,NA
664.41816260346,334.45106937109,3.48045689401914
459.459333671187,294.300799950639,3.47559731716236
10.1351430402374,495.515933088459,3.5934142599117
560.280983499591,51.4689058742419,4.15507519069187
74.6732261327217,370.885046629193,4.00054404968933
231.384850355475,413.350051058032,3.93782807786989
429.455895822805,12.6961587352974,3.458119419534
361.6685059929,291.81866199513,3.15830757579543
605.113121615192,101.194885544298,4.21505747154881
391.979231382834,234.539817667611,4.25010023849988
563.87629487643,399.374675762866,4.72278967360756
144.801769628583,286.800710092208,4.40131858670712
199.100804761436,371.023851703932,4.04912279763678
125.33713569482,407.314810836067,3.43709070671628
629.740187176011,316.128123856278,4.47493144671415
-0.857805593911523,150.808039091928,4.26693957788867
544.621986638565,203.815634109163,4.18402734658883
35.0854591388287,493.750698511053,2.89395090772821
280.684901820541,20.5201710427357,3.87990598853522
533.481096562483,391.575785960647,3.19033084854483
74.9538618579051,75.2815283385329,5.31542015537261
5.71402365661525,73.4701307324252,3.5011732974035
590.629520309341,222.971450414082,3.98194196600791
434.798877277434,465.51022345793,4.76005844859861
659.507937969562,373.957456993605,3.0483035863515
104.246056825523,482.500757278504,4.38994890046121
623.03724231551,92.8188767273861,4.07154907260389
422.476222371737,259.092997992071,3.60600958571875
10.641699332574,182.217619096888,3.18573234727763
81.1371494760578,123.893285056021,4.4787894972931
611.89146548356,206.144411947061,4.37635243430227
250.76640661648,222.754484632068,3.88385714433862
581.855939904241,429.977259209082,4.08249326863651
303.348980576208,131.815995407252,3.9970957563108
531.268381279164,460.909194965024,3.50557851761076
40.6881752488686,411.110672489796,4.22186890860176
199.417758662681,285.422629099586,3.8135277254737
554.012435511387,257.275632563045,3.60274370867333
174.095612501652,39.2123659299646,4.50779527834838
503.330873785946,336.828986108743,4.63097243016327
40.451587127593,50.0162972789622,3.79549784820961
528.629909444638,151.150063238612,4.78522617714367
NA,NA,NA
664.41816260346,334.45106937109,3.48045689401914
459.459333671187,294.300799950639,3.47559731716236
10.1351430402374,495.515933088459,3.5934142599117
560.280983499591,51.4689058742419,4.15507519069187
74.6732261327217,370.885046629193,4.00054404968933
231.384850355475,413.350051058032,3.93782807786989
429.455895822805,12.6961587352974,3.458119419534
361.6685059929,291.81866199513,3.15830757579543
605.113121615192,101.194885544298,4.21505747154881
391.979231382834,234.539817667611,4.25010023849988
563.87629487643,399.374675762866,4.72278967360756
144.801769628583,286.800710092208,4.40131858670712
199.100804761436,371.023851703932,4.04912279763678
125.33713569482,407.314810836067,3.43709070671628
629.740187176011,316.128123856278,4.47493144671415
-0.857805593911523,150.808039091928,4.26693957788867
544.621986638565,203.815634109163,4.18402734658883
35.0854591388287,493.750698511053,2.89395090772821
280.684901820541,20.5201710427357,3.87990598853522
533.481096562483,391.575785960647,3.19033084854483
74.9538618579051,75.2815283385329,5.31542015537261
5.71402365661525,73.4701307324252,3.5011732974035
590.629520309341,222.971450414082,3.98194196600791
434.798877277434,465.51022345793,4.76005844859861
659.507937969562,373.957456993605,3.0483035863515
104.246056825523,482.500757278504,4.38994890046121
623.03724231551,92.8188767273861,4.07154907260389
422.476222371737,259.092997992071,3.60600958571875
10.641699332574,182.217619096888,3.18573234727763
81.1371494760578,123.893285056021,4.4787894972931
611.89146548356,206.144411947061,4.37635243430227
250.76640661648,222.754484632068,3.88385714433862
581.855939904241,429.977259209082,4.08249326863651
303.348980576208,131.815995407252,3.9970957563108
531.268381279164,460.909194965024,3.50557851761076
40.6881752488686,411.110672489796,4.22186890860176
199.417758662681,285.422629099586,3.8135277254737
554.012435511387,257.275632563045,3.60274370867333
174.095612501652,39.2123659299646,4.50779527834838
503.330873785946,336.828986108743,4.63097243016327
40.451587127593,50.0162972789622,3.79549784820961
528.629909444638,151.150063238612,4.78522617714367
NA,NA,NA
664.41816260346,334.45106937109,3.48045689401914
459.459333671187,294.300799950639,3.47559731716236
10.1351430402374,495.515933088459,3.5934142599117
560.280983499591,51.4689058742419,4.15507519069187
74.6732261327217,370.885046629193,4.00054404968933
231.384850355475,413.350051058032,3.93782807786989
429.455895822805,12.6961587352974,3.458119419534
361.6685059929,291.81866199513,3.15830757579543
605.113121615192,101.194885544298,4.21505747154881
391.979231382834,234.539817667611,4.25010023849988
563.87629487643,399.374675762866,4.72278967360756
144.801769628583,286.800710092208,4.40131858670712
199.100804761436,371.023851703932,4.04912279763678
125.33713569482,407.314810836067,3.43709070671628
629.740187176011,316.128123856278,4.47493144671415
-0.857805593911523,150.808039091928,4.26693957788867
544.621986638565,203.815634109163,4.18402734658883
35.0854591388287,493.750698511053,2.89395090772821
280.684901820541,20.5201710427357,3.87990598853522
533.481096562483,391.575785960647,3.19033084854483
74.9538618579051,75.2815283385329,5.31542015537261
5.71402365661525,73.4701307324252,3.5011732974035
590.629520309341,222.971450414082,3.98194196600791
434.798877277434,465.51022345793,4.76005844859861
659.507937969562,373.957456993605,3.0483035863515
104.246056825523,482.500757278504,4.38994890046121
623.03724231551,92.8188767273861,4.07154907260389
422.476222371737,259.092997992071,3.60600958571875
10.641699332574,182.217619096888,3.18573234727763
81.1371494760578,123.893285056021,4.4787894972931
611.89146548356,206.144411947061,4.37635243430227
250.76640661648,222.754484632068,3.88385714433862
581.855939904241,429.977259209082,4.08249326863651
303.348980576208,131.815995407252,3.9970957563108
531.268381279164,460.909194965024,3.50557851761076
40.6881752488686,411.110672489796,4.22186890860176
199.417758662681,285.422629099586,3.8135277254737
554.012435511387,257.275632563045,3.60274370867333
174.095612501652,39.2123659299646,4.50779527834838
503.330873785946,336.828986108743,4.63097243016327
40.451587127593,50.0162972789622,3.79549784820961
528.629909444638,151.150063238612,4.78522617714367
NA,NA,NA
661.759249647711,333.8715625847,3.45740718901076
457.572517566646,301.320705344181,3.7624572570701
10.7087412014719,494.812451523344,3.53240580246461
563.834918465525,48.1290423444026,4.25441825489842
71.9223031945037,374.65136350928,3.95881093316969
229.571811212223,419.088848868106,3.84236485418129
429.216213965921,9.94422684668794,3.13897363924968
362.083596784204,290.497427084571,2.95255393845985
603.170349483537,101.759166281285,4.21158722194641
397.654163673288,233.26681491229,4.28710094182978
573.97992369521,413.796823881665,4.77765597348679
138.677659109258,285.6687020391,4.38804928899718
198.060100782048,365.537514388641,4.0454791663326
122.417821106794,410.747598479704,3.43943022800966
627.782069092903,305.644208886516,4.62386604967095
2.68513640063633,151.155776454511,4.21941780110643
542.571621575411,202.699619139434,4.06522382817036
34.132708362834,492.626372948732,3.09525982605709
280.986001711361,23.4172374647911,4.12015526095372
530.427926599531,394.161577584336,3.36352851828799
66.780726236304,74.2165740079113,5.2513424084561
3.73442849466107,75.0779083067701,3.54844761653678
588.066681611816,231.859751535768,3.93201198448408
431.963098698486,465.035183201771,4.71307947628935
657.468940970878,374.456380008518,3.04667288426233
108.107129603606,485.28125645792,4.44934993210594
623.967463436808,87.9016072321608,4.09452065928377
421.349583531642,258.42165852489,3.62693126106185
11.8796007685287,180.625413785747,3.355948773165
60.6312621049547,114.255651327389,4.4361902483717
590.461555658429,203.861426326719,4.35209422353651
251.254058948104,213.536792788842,3.74244041083891
573.256509329256,439.675657526744,4.11993572054866
298.575793800823,135.840899498444,3.72394236276311
537.302914365051,460.790803829303,3.63136990626246
45.8954360582092,419.362437797168,3.38449084482827
189.863150747661,285.41875769128,3.96477022967819
546.811098663723,261.541764195025,3.51472546296905
173.19965827965,40.3400471322367,4.45109326368475
500.688942944136,338.628128311506,4.24457037915108
37.1707049096211,40.361918210998,3.67615227607328
542.392581725408,140.301365570274,4.54802171599922
NA,NA,NA
661.759249647711,333.8715625847,3.45740718901076
457.572517566646,301.320705344181,3.7624572570701
10.7087412014719,494.812451523344,3.53240580246461
563.834918465525,48.1290423444026,4.25441825489842
71.9223031945037,374.65136350928,3.95881093316969
229.571811212223,419.088848868106,3.84236485418129
429.216213965921,9.94422684668794,3.13897363924968
362.083596784204,290.497427084571,2.95255393845985
603.170349483537,101.759166281285,4.21158722194641
397.654163673288,233.26681491229,4.28710094182978
573.97992369521,413.796823881665,4.77765597348679
138.677659109258,285.6687020391,4.38804928899718
198.060100782048,365.537514388641,4.0454791663326
122.417821106794,410.747598479704,3.43943022800966
627.782069092903,305.644208886516,4.62386604967095
2.68513640063633,151.155776454511,4.21941780110643
542.571621575411,202.699619139434,4.06522382817036
34.132708362834,492.626372948732,3.09525982605709
280.986001711361,23.4172374647911,4.12015526095372
530.427926599531,394.161577584336,3.36352851828799
66.780726236304,74.2165740079113,5.2513424084561
3.73442849466107,75.0779083067701,3.54844761653678
588.066681611816,231.859751535768,3.93201198448408
431.963098698486,465.035183201771,4.71307947628935
657.468940970878,374.456380008518,3.04667288426233
108.107129603606,485.28125645792,4.44934993210594
623.967463436808,87.9016072321608,4.09452065928377
421.349583531642,258.42165852489,3.62693126106185
11.8796007685287,180.625413785747,3.355948773165
60.6312621049547,114.255651327389,4.4361902483717
590.461555658429,203.861426326719,4.35209422353651
251.254058948104,213.536792788842,3.74244041083891
573.256509329256,439.675657526744,4.11993572054866
298.575793800823,135.840899498444,3.72394236276311
537.302914365051,460.790803829303,3.63136990626246
45.8954360582092,419.362437797168,3.38449084482827
189.863150747661,285.41875769128,3.96477022967819
546.811098663723,261.541764195025,3.51472546296905
173.19965827965,40.3400471322367,4.45109326368475
500.688942944136,338.628128311506,4.24457037915108
37.1707049096211,40.361918210998,3.67615227607328
542.392581725408,140.301365570274,4.54802171599922
NA,NA,NA
661.759249647711,333.8715625847,3.45740718901076
457.572517566646,301.320705344181,3.7624572570701
10.7087412014719,494.812451523344,3.53240580246461
563.834918465525,48.1290423444026,4.25441825489842
71.9223031945037,374.65136350928,3.95881093316969
229.571811212223,419.088848868106,3.84236485418129
429.216213965921,9.94422684668794,3.13897363924968
362.083596784204,290.497427084571,2.95255393845985
603.170349483537,101.759166281285,4.21158722194641
397.654163673288,233.26681491229,4.28710094182978
573.97992369521,413.796823881665,4.77765597348679
138.677659109258,285.6687020391,4.38804928899718
198.060100782048,365.537514388641,4.0454791663326
122.417821106794,410.747598479704,3.43943022800966
627.782069092903,305.644208886516,4.62386604967095
2.68513640063633,151.155776454511,4.21941780110643
542.571621575411,202.699619139434,4.06522382817036
34.132708362834,492.626372948732,3.09525982605709
280.986001711361,23.4172374647911,4.12015526095372
530.427926599531,394.161577584336,3.36352851828799
66.780726236304,74.2165740079113,5.2513424084561
3.73442849466107,75.0779083067701,3.54844761653678
588.066681611816,231.859751535768,3.93201198448408
431.963098698486,465.035183201771,4.71307947628935
657.468940970878,374.456380008518,3.04667288426233
108.107129603606,485.28125645792,4.44934993210594
623.967463436808,87.9016072321608,4.09452065928377
421.349583531642,258.42165852489,3.62693126106185
11.8796007685287,180.625413785747,3.355948773165
60.6312621049547,114.255651327389,4.4361902483717
590.461555658429,203.861426326719,4.35209422353651
251.254058948104,213.536792788842,3.74244041083891
573.256509329256,439.675657526744,4.11993572054866
298.575793800823,135.840899498444,3.72394236276311
537.302914365051,460.790803829303,3.63136990626246
45.8954360582092,419.362437797168,3.38449084482827
189.863150747661,285.41875769128,3.96477022967819
546.811098663723,261.541764195025,3.51472546296905
173.19965827965,40.3400471322367,4.45109326368475
500.688942944136,338.628128311506,4.24457037915108
37.1707049096211,40.361918210998,3.67615227607328
542.392581725408,140.301365570274,4.54802171599922
NA,NA,NA
661.759249647711,333.8715625847,3.45740718901076
457.572517566646,301.320705344181,3.7624572570701
10.7087412014719,494.812451523344,3.53240580246461
563.834918465525,48.1290423444026,4.25441825489842
71.9223031945037,374.65136350928,3.95881093316969
229.571811212223,419.088848868106,3.84236485418129
429.216213965921,9.94422684668794,3.13897363924968
362.083596784204,290.497427084571,2.95255393845985
603.170349483537,101.759166281285,4.21158722194641
397.654163673288,233.26681491229,4.28710094182978
573.97992369521,413.796823881665,4.77765597348679
138.677659109258,285.6687020391,4.38804928899718
198.060100782048,365.537514388641,4.0454791663326
122.417821106794,410.747598479704,3.43943022800966
627.782069092903,305.644208886516,4.62386604967095
2.68513640063633,151.155776454511,4.21941780110643
542.571621575411,202.699619139434,4.06522382817036
34.132708362834,492.626372948732,3.09525982605709
280.986001711361,23.4172374647911,4.12015526095372
530.427926599531,394.161577584336,3.36352851828799
66.780726236304,74.2165740079113,5.2513424084561
3.73442849466107,75.0779083067701,3.54844761653678
588.066681611816,231.859751535768,3.93201198448408
431.963098698486,465.035183201771,4.71307947628935
657.468940970878,374.456380008518,3.04667288426233
108.107129603606,485.28125645792,4.44934993210594
623.967463436808,87.9016072321608,4.09452065928377
421.349583531642,258.42165852489,3.62693126106185
11.8796007685287,180.625413785747,3.355948773165
60.6312621049547,114.255651327389,4.4361902483717
590.461555658429,203.861426326719,4.35209422353651
251.254058948104,213.536792788842,3.74244041083891
573.256509329256,439.675657526744,4.11993572054866
298.575793800823,135.840899498444,3.72394236276311
537.302914365051,460.790803829303,3.63136990626246
45.8954360582092,419.362437797168,3.38449084482827
189.863150747661,285.41875769128,3.96477022967819
546.811098663723,261.541764195025,3.51472546296905
173.19965827965,40.3400471322367,4.45109326368475
500.688942944136,338.628128311506,4.24457037915108
37.1707049096211,40.361918210998,3.67615227607328
542.392581725408,140.301365570274,4.54802171599922
NA,NA,NA
661.759249647711,333.8715625847,3.45740718901076
457.572517566646,301.320705344181,3.7624572570701
10.7087412014719,494.812451523344,3.53240580246461
563.834918465525,48.1290423444026,4.25441825489842
71.9223031945037,374.65136350928,3.95881093316969
229.571811212223,419.088848868106,3.84236485418129
429.216213965921,9.94422684668794,3.13897363924968
362.083596784204,290.497427084571,2.95255393845985
603.170349483537,101.759166281285,4.21158722194641
397.654163673288,233.26681491229,4.28710094182978
573.97992369521,413.796823881665,4.77765597348679
138.677659109258,285.6687020391,4.38804928899718
198.060100782048,365.537514388641,4.0454791663326
122.417821106794,410.747598479704,3.43943022800966
627.782069092903,305.644208886516,4.62386604967095
2.68513640063633,151.155776454511,4.21941780110643
542.571621575411,202.699619139434,4.06522382817036
34.132708362834,492.626372948732,3.09525982605709
280.986001711361,23.4172374647911,4.12015526095372
530.427926599531,394.161577584336,3.36352851828799
66.780726236304,74.2165740079113,5.2513424084561
3.73442849466107,75.0779083067701,3.54844761653678
588.066681611816,231.859751535768,3.93201198448408
431.963098698486,465.035183201771,4.71307947628935
657.468940970878,374.456380008518,3.04667288426233
108.107129603606,485.28125645792,4.44934993210594
623.967463436808,87.9016072321608,4.09452065928377
421.349583531642,258.42165852489,3.62693126106185
11.8796007685287,180.625413785747,3.355948773165
60.6312621049547,114.255651327389,4.4361902483717
590.461555658429,203.861426326719,4.35209422353651
251.254058948104,213.536792788842,3.74244041083891
573.256509329256,439.675657526744,4.11993572054866
298.575793800823,135.840899498444,3.72394236276311
537.302914365051,460.790803829303,3.63136990626246
45.8954360582092,419.362437797168,3.38449084482827
189.863150747661,285.41875769128,3.96477022967819
546.811098663723,261.541764195025,3.51472546296905
173.19965827965,40.3400471322367,4.45109326368475
500.688942944136,338.628128311506,4.24457037915108
37.1707049096211,40.361918210998,3.67615227607328
542.392581725408,140.301365570274,4.54802171599922
NA,NA,NA
661.759249647711,333.8715625847,3.45740718901076
457.572517566646,301.320705344181,3.7624572570701
10.7087412014719,494.812451523344,3.53240580246461
563.834918465525,48.1290423444026,4.25441825489842
71.9223031945037,374.65136350928,3.95881093316969
229.571811212223,419.088848868106,3.84236485418129
429.216213965921,9.94422684668794,3.13897363924968
362.083596784204,290.497427084571,2.95255393845985
603.170349483537,101.759166281285,4.21158722194641
397.654163673288,233.26681491229,4.28710094182978
573.97992369521,413.796823881665,4.77765597348679
138.677659109258,285.6687020391,4.38804928899718
198.060100782048,365.537514388641,4.0454791663326
122.417821106794,410.747598479704,3.43943022800966
627.782069092903,305.644208886516,4.62386604967095
2.68513640063633,151.155776454511,4.21941780110643
542.571621575411,202.699619139434,4.06522382817036
34.132708362834,492.626372948732,3.09525982605709
280.986001711361,23.4172374647911,4.12015526095372
530.427926599531,394.161577584336,3.36352851828799
66.780726236304,74.2165740079113,5.2513424084561
3.73442849466107,75.0779083067701,3.54844761653678
588.066681611816,231.859751535768,3.93201198448408
431.963098698486,465.035183201771,4.71307947628935
657.468940970878,374.456380008518,3.04667288426233
108.107129603606,485.28125645792,4.44934993210594
623.967463436808,87.9016072321608,4.09452065928377
421.349583531642,258.42165852489,3.62693126106185
11.8796007685287,180.625413785747,3.355948773165
60.6312621049547,114.255651327389,4.4361902483717
590.461555658429,203.861426326719,4.35209422353651
251.254058948104,213.536792788842,3.74244041083891
573.256509329256,439.675657526744,4.11993572054866
298.575793800823,135.840899498444,3.72394236276311
537.302914365051,460.790803829303,3.63136990626246
45.8954360582092,419.362437797168,3.38449084482827
189.863150747661,285.41875769128,3.96477022967819
546.811098663723,261.541764195025,3.51472546296905
173.19965827965,40.3400471322367,4.45109326368475
500.688942944136,338.628128311506,4.24457037915108
37.1707049096211,40.361918210998,3.67615227607328
542.392581725408,140.301365570274,4.54802171599922
NA,NA,NA
661.826943568641,337.545057014293,3.49483150048819
458.236091303499,298.06178868732,3.59452890083185
10.5086374272801,496.347525486762,3.57672870655943
559.827805647737,51.1905569646059,4.13766454402439
69.5051104855312,374.122676464252,3.93321806853764
227.480584070697,416.585515497819,3.79864074959121
428.305508602084,13.3413689788582,3.37404588419622
362.517586412052,294.434571232827,3.12002921812522
605.424892024343,102.574255081329,4.13037557576045
395.956657020952,230.553532667585,4.14733240280592
566.958350308889,410.576825582781,4.80202288954413
138.950291547445,279.518100146889,4.53016801004903
203.571073269016,367.237241488471,4.05438881969777
126.879495009864,413.212971480806,3.35601217886626
624.604036599377,317.746076736164,4.45669351293392
1.04952507214509,144.258715256608,4.26529449187013
540.414333305371,208.833829789651,4.15242030189339
32.6348329938239,491.807307326818,3.07512131140474
283.534592176382,24.4467793342776,3.82333139061878
535.848448608974,392.381633569974,3.48425022878492
68.9241725589118,75.7452427395476,5.20248856511982
10.0417861237892,74.8572268616537,3.45518764410013
593.013155317166,229.518080962507,4.02012864002182
446.949691635687,454.855711511581,4.79758396508242
661.518665413672,372.386890719352,2.93420128492544
107.012520081974,483.441451459312,4.52478224750172
623.636219738138,90.9381192896399,4.05868820297324
417.510105751549,257.504970662011,3.6873515318769
11.4801351853624,182.328226039142,3.08204131534005
78.5893252789154,123.957997089068,4.26968153468803
597.679589515536,191.732249995677,4.24027149838119
254.636580375387,213.382903781975,3.99412213791393
564.938345171026,438.837907482287,3.93011625681281
298.259398029976,134.524575281087,3.84900548157054
532.578494214795,457.315670721624,3.62733749864596
49.6731465787807,417.612269653179,3.92834978581875
184.287812393409,303.30183894521,4.20627663159601
545.289837727019,266.387236474921,4.01216269141903
172.834325132402,35.7610519815819,4.18296283241495
506.888297688228,338.53499959373,4.74703764949773
37.0391415470122,47.0390187911178,3.96941602630185
527.95111937063,158.685837934032,4.674788934198
NA,NA,NA
661.826943568641,337.545057014293,3.49483150048819
458.236091303499,298.06178868732,3.59452890083185
10.5086374272801,496.347525486762,3.57672870655943
559.827805647737,51.1905569646059,4.13766454402439
69.5051104855312,374.122676464252,3.93321806853764
227.480584070697,416.585515497819,3.79864074959121
428.305508602084,13.3413689788582,3.37404588419622
362.517586412052,294.434571232827,3.12002921812522
605.424892024343,102.574255081329,4.13037557576045
395.956657020952,230.553532667585,4.14733240280592
566.958350308889,410.576825582781,4.80202288954413
138.950291547445,279.518100146889,4.53016801004903
203.571073269016,367.237241488471,4.05438881969777
126.879495009864,413.212971480806,3.35601217886626
624.604036599377,317.746076736164,4.45669351293392
1.04952507214509,144.258715256608,4.26529449187013
540.414333305371,208.833829789651,4.15242030189339
32.6348329938239,491.807307326818,3.07512131140474
283.534592176382,24.4467793342776,3.82333139061878
535.848448608974,392.381633569974,3.48425022878492
68.9241725589118,75.7452427395476,5.20248856511982
10.0417861237892,74.8572268616537,3.45518764410013
593.013155317166,229.518080962507,4.02012864002182
446.949691635687,454.855711511581,4.79758396508242
661.518665413672,372.386890719352,2.93420128492544
107.012520081974,483.441451459312,4.52478224750172
623.636219738138,90.9381192896399,4.05868820297324
417.510105751549,257.504970662011,3.6873515318769
11.4801351853624,182.328226039142,3.08204131534005
78.5893252789154,123.957997089068,4.26968153468803
597.679589515536,191.732249995677,4.24027149838119
254.636580375387,213.382903781975,3.99412213791393
564.938345171026,438.837907482287,3.93011625681281
298.259398029976,134.524575281087,3.84900548157054
532.578494214795,457.315670721624,3.62733749864596
49.6731465787807,417.612269653179,3.92834978581875
184.287812393409,303.30183894521,4.20627663159601
545.289837727019,266.387236474921,4.01216269141903
172.834325132402,35.7610519815819,4.18296283241495
506.888297688228,338.53499959373,4.74703764949773
37.0391415470122,47.0390187911178,3.96941602630185
527.95111937063,158.685837934032,4.674788934198
NA,NA,NA
661.826943568641,337.545057014293,3.49483150048819
458.236091303499,298.06178868732,3.59452890083185
10.5086374272801,496.347525486762,3.57672870655943
559.827805647737,51.1905569646059,4.13766454402439
69.5051104855312,374.122676464252,3.93321806853764
227.480584070697,416.585515497819,3.79864074959121
428.305508602084,13.3413689788582,3.37404588419622
362.517586412052,294.434571232827,3.12002921812522
605.424892024343,102.574255081329,4.13037557576045
395.956657020952,230.553532667585,4.14733240280592
566.958350308889,410.576825582781,4.80202288954413
138.950291547445,279.518100146889,4.53016801004903
203.571073269016,367.237241488471,4.05438881969777
126.879495009864,413.212971480806,3.35601217886626
624.604036599377,317.746076736164,4.45669351293392
1.04952507214509,144.258715256608,4.26529449187013
540.414333305371,208.833829789651,4.15242030189339
32.6348329938239,491.807307326818,3.07512131140474
283.534592176382,24.4467793342776,3.82333139061878
535.848448608974,392.381633569974,3.48425022878492
68.9241725589118,75.7452427395476,5.20248856511982
10.0417861237892,74.8572268616537,3.45518764410013
593.013155317166,229.518080962507,4.02012864002182
446.949691635687,454.855711511581,4.79758396508242
661.518665413672,372.386890719352,2.93420128492544
107.012520081974,483.441451459312,4.52478224750172
623.636219738138,90.9381192896399,4.05868820297324
417.510105751549,257.504970662011,3.6873515318769
11.4801351853624,182.328226039142,3.08204131534005
78.5893252789154,123.957997089068,4.26968153468803
597.679589515536,191.732249995677,4.24027149838119
254.636580375387,213.382903781975,3.99412213791393
564.938345171026,438.837907482287,3.93011625681281
298.259398029976,134.524575281087,3.84900548157054
532.578494214795,457.315670721624,3.62733749864596
49.6731465787807,417.612269653179,3.92834978581875
184.287812393409,303.30183894521,4.20627663159601
545.289837727019,266.387236474921,4.01216269141903
172.834325132402,35.7610519815819,4.18296283241495
506.888297688228,338.53499959373,4.74703764949773
37.0391415470122,47.0390187911178,3.96941602630185
527.95111937063,158.685837934032,4.674788934198
NA,NA,NA
661.826943568641,337.545057014293,3.49483150048819
458.236091303499,298.06178868732,3.59452890083185
10.5086374272801,496.347525486762,3.57672870655943
559.827805647737,51.1905569646059,4.13766454402439
69.5051104855312,374.122676464252,3.93321806853764
227.480584070697,416.585515497819,3.79864074959121
428.305508602084,13.3413689788582,3.37404588419622
362.517586412052,294.434571232827,3.12002921812522
605.424892024343,102.574255081329,4.13037557576045
395.956657020952,230.553532667585,4.14733240280592
566.958350308889,410.576825582781,4.80202288954413
138.950291547445,279.518100146889,4.53016801004903
203.571073269016,367.237241488471,4.05438881969777
126.879495009864,413.212971480806,3.35601217886626
624.604036599377,317.746076736164,4.45669351293392
1.04952507214509,144.258715256608,4.26529449187013
540.414333305371,208.833829789651,4.15242030189339
32.6348329938239,491.807307326818,3.07512131140474
283.534592176382,24.4467793342776,3.82333139061878
535.848448608974,392.381633569974,3.48425022878492
68.9241725589118,75.7452427395476,5.20248856511982
10.0417861237892,74.8572268616537,3.45518764410013
593.013155317166,229.518080962507,4.02012864002182
446.949691635687,454.855711511581,4.79758396508242
661.518665413672,372.386890719352,2.93420128492544
107.012520081974,483.441451459312,4.52478224750172
623.636219738138,90.9381192896399,4.05868820297324
417.510105751549,257.504970662011,3.6873515318769
11.4801351853624,182.328226039142,3.08204131534005
78.5893252789154,123.957997089068,4.26968153468803
597.679589515536,191.732249995677,4.24027149838119
254.636580375387,213.382903781975,3.99412213791393
564.938345171026,438.837907482287,3.93011625681281
298.259398029976,134.524575281087,3.84900548157054
532.578494214795,457.315670721624,3.62733749864596
49.6731465787807,417.612269653179,3.92834978581875
184.287812393409,303.30183894521,4.20627663159601
545.289837727019,266.387236474921,4.01216269141903
172.834325132402,35.7610519815819,4.18296283241495
506.888297688228,338.53499959373,4.74703764949773
37.0391415470122,47.0390187911178,3.96941602630185
527.95111937063,158.685837934032,4.674788934198
NA,NA,NA
661.826943568641,337.545057014293,3.49483150048819
458.236091303499,298.06178868732,3.59452890083185
10.5086374272801,496.347525486762,3.57672870655943
559.827805647737,51.1905569646059,4.13766454402439
69.5051104855312,374.122676464252,3.93321806853764
227.480584070697,416.585515497819,3.79864074959121
428.305508602084,13.3413689788582,3.37404588419622
362.517586412052,294.434571232827,3.12002921812522
605.424892024343,102.574255081329,4.13037557576045
395.956657020952,230.553532667585,4.14733240280592
566.958350308889,410.576825582781,4.80202288954413
138.950291547445,279.518100146889,4.53016801004903
203.571073269016,367.237241488471,4.05438881969777
126.879495009864,413.212971480806,3.35601217886626
624.604036599377,317.746076736164,4.45669351293392
1.04952507214509,144.258715256608,4.26529449187013
540.414333305371,208.833829789651,4.15242030189339
32.6348329938239,491.807307326818,3.07512131140474
283.534592176382,24.4467793342776,3.82333139061878
535.848448608974,392.381633569974,3.48425022878492
68.9241725589118,75.7452427395476,5.20248856511982
10.0417861237892,74.8572268616537,3.45518764410013
593.013155317166,229.518080962507,4.02012864002182
446.949691635687,454.855711511581,4.79758396508242
661.518665413672,372.386890719352,2.93420128492544
107.012520081974,483.441451459312,4.52478224750172
623.636219738138,90.9381192896399,4.05868820297324
417.510105751549,257.504970662011,3.6873515318769
11.4801351853624,182.328226039142,3.08204131534005
78.5893252789154,123.957997089068,4.26968153468803
597.679589515536,191.732249995677,4.24027149838119
254.636580375387,213.382903781975,3.99412213791393
564.938345171026,438.837907482287,3.93011625681281
298.259398029976,134.524575281087,3.84900548157054
532.578494214795,457.315670721624,3.62733749864596
49.6731465787807,417.612269653179,3.92834978581875
184.287812393409,303.30183894521,4.20627663159601
545.289837727019,266.387236474921,4.01216269141903
172.834325132402,35.7610519815819,4.18296283241495
506.888297688228,338.53499959373,4.74703764949773
37.0391415470122,47.0390187911178,3.96941602630185
527.95111937063,158.685837934032,4.674788934198
NA,NA,NA
661.826943568641,337.545057014293,3.49483150048819
458.236091303499,298.06178868732,3.59452890083185
10.5086374272801,496.347525486762,3.57672870655943
559.827805647737,51.1905569646059,4.13766454402439
69.5051104855312,374.122676464252,3.93321806853764
227.480584070697,416.585515497819,3.79864074959121
428.305508602084,13.3413689788582,3.37404588419622
362.517586412052,294.434571232827,3.12002921812522
605.424892024343,102.574255081329,4.13037557576045
395.956657020952,230.553532667585,4.14733240280592
566.958350308889,410.576825582781,4.80202288954413
138.950291547445,279.518100146889,4.53016801004903
203.571073269016,367.237241488471,4.05438881969777
126.879495009864,413.212971480806,3.35601217886626
624.604036599377,317.746076736164,4.45669351293392
1.04952507214509,144.258715256608,4.26529449187013
540.414333305371,208.833829789651,4.15242030189339
32.6348329938239,491.807307326818,3.07512131140474
283.534592176382,24.4467793342776,3.82333139061878
535.848448608974,392.381633569974,3.48425022878492
68.9241725589118,75.7452427395476,5.20248856511982
10.0417861237892,74.8572268616537,3.45518764410013
593.013155317166,229.518080962507,4.02012864002182
446.949691635687,454.855711511581,4.79758396508242
661.518665413672,372.386890719352,2.93420128492544
107.012520081974,483.441451459312,4.52478224750172
623.636219738138,90.9381192896399,4.05868820297324
417.510105751549,257.504970662011,3.6873515318769
11.4801351853624,182.328226039142,3.08204131534005
78.5893252789154,123.957997089068,4.26968153468803
597.679589515536,191.732249995677,4.24027149838119
254.636580375387,213.382903781975,3.99412213791393
564.938345171026,438.837907482287,3.93011625681281
298.259398029976,134.524575281087,3.84900548157054
532.578494214795,457.315670721624,3.62733749864596
49.6731465787807,417.612269653179,3.92834978581875
184.287812393409,303.30183894521,4.20627663159601
545.289837727019,266.387236474921,4.01216269141903
172.834325132402,35.7610519815819,4.18296283241495
506.888297688228,338.53499959373,4.74703764949773
37.0391415470122,47.0390187911178,3.96941602630185
527.95111937063,158.685837934032,4.674788934198
NA,NA,NA
662.104534857582,331.47018263155,3.4952510563318
456.36867875969,300.784186040969,3.46216314551142
11.2504327339117,497.506425360158,3.57789094316831
557.645064122374,47.4765670983411,4.23129332635504
75.8496023027223,379.031780431301,4.12636521671475
231.705855660371,418.090988594826,3.80445944772672
429.878184362071,14.7571159489129,3.24782207566106
362.916236766804,292.917583384769,3.06970662359747
604.582759543823,108.620699919816,4.26971747079466
390.621444496051,231.871102658687,4.15512530083763
559.61989599274,408.042081592538,4.68100640192314
143.734395160977,286.021435837073,4.56570114404035
197.167430882539,371.155210883542,3.91099681650882
126.64744203437,411.245625182082,3.32675017529181
626.090969438647,306.564625099876,4.52196771689277
3.07043298077566,148.265958616311,4.25269855860514
541.333874027301,202.899912343103,4.08976146070848
34.3058078701095,494.114430708632,2.9648787586313
278.445610428586,22.6126726886668,3.95715367843151
537.709337213489,392.037814308388,3.32006231328931
80.1631770703995,75.3245112415056,5.25815899439455
1.12542976587347,77.422073797193,3.48180181069019
586.962891463235,224.573813524482,4.09587082719959
443.363636124087,452.670510052525,4.83573884318405
657.773365215264,373.030704593343,3.09379256449977
106.286539435212,488.918359817433,4.31527042807904
623.780719669664,92.3456417021712,4.09857420844054
418.941775316991,259.704820508979,3.53920270057365
11.7815005016499,179.829360065403,3.21810233044081
59.4183285531481,122.382808654642,4.42308642586164
615.71821319793,209.566024800841,4.29839209367999
248.203750168146,221.52321877809,3.87672256245995
566.025413249559,433.187518614487,3.71754325351821
300.409062235996,137.043969765163,3.93055521323972
532.345242474538,451.824359310119,3.65770394517703
40.2498182753728,419.82398450566,3.80254205573081
192.042725821722,281.365006526885,3.90878113790106
547.960901682627,265.129046711161,3.47740138092238
182.625857650947,18.6838325691427,4.36385429203094
497.458968158757,352.610313070356,4.55071331390235
35.4804169223221,50.0424904040341,3.34807250388641
524.159880359819,166.177904202122,4.75282181298847
NA,NA,NA
662.104534857582,331.47018263155,3.4952510563318
456.36867875969,300.784186040969,3.46216314551142
11.2504327339117,497.506425360158,3.57789094316831
557.645064122374,47.4765670983411,4.23129332635504
75.8496023027223,379.031780431301,4.12636521671475
231.705855660371,418.090988594826,3.80445944772672
429.878184362071,14.7571159489129,3.24782207566106
362.916236766804,292.917583384769,3.06970662359747
604.582759543823,108.620699919816,4.26971747079466
390.621444496051,231.871102658687,4.15512530083763
559.61989599274,408.042081592538,4.68100640192314
143.734395160977,286.021435837073,4.56570114404035
197.167430882539,371.155210883542,3.91099681650882
126.64744203437,411.245625182082,3.32675017529181
626.090969438647,306.564625099876,4.52196771689277
3.07043298077566,148.265958616311,4.25269855860514
541.333874027301,202.899912343103,4.08976146070848
34.3058078701095,494.114430708632,2.9648787586313
278.445610428586,22.6126726886668,3.95715367843151
537.709337213489,392.037814308388,3.32006231328931
80.1631770703995,75.3245112415056,5.25815899439455
1.12542976587347,77.422073797193,3.48180181069019
586.962891463235,224.573813524482,4.09587082719959
443.363636124087,452.670510052525,4.83573884318405
657.773365215264,373.030704593343,3.09379256449977
106.286539435212,488.918359817433,4.31527042807904
623.780719669664,92.3456417021712,4.09857420844054
418.941775316991,259.704820508979,3.53920270057365
11.7815005016499,179.829360065403,3.21810233044081
59.4183285531481,122.382808654642,4.42308642586164
615.71821319793,209.566024800841,4.29839209367999
248.203750168146,221.52321877809,3.87672256245995
566.025413249559,433.187518614487,3.71754325351821
300.409062235996,137.043969765163,3.93055521323972
532.345242474538,451.824359310119,3.65770394517703
40.2498182753728,419.82398450566,3.80254205573081
192.042725821722,281.365006526885,3.90878113790106
547.960901682627,265.129046711161,3.47740138092238
182.625857650947,18.6838325691427,4.36385429203094
497.458968158757,352.610313070356,4.55071331390235
35.4804169223221,50.0424904040341,3.34807250388641
524.159880359819,166.177904202122,4.75282181298847
NA,NA,NA
662.104534857582,331.47018263155,3.4952510563318
456.36867875969,300.784186040969,3.46216314551142
11.2504327339117,497.506425360158,3.57789094316831
557.645064122374,47.4765670983411,4.23129332635504
75.8496023027223,379.031780431301,4.12636521671475
231.705855660371,418.090988594826,3.80445944772672
429.878184362071,14.7571159489129,3.24782207566106
362.916236766804,292.917583384769,3.06970662359747
604.582759543823,108.620699919816,4.26971747079466
390.621444496051,231.871102658687,4.15512530083763
559.61989599274,408.042081592538,4.68100640192314
143.734395160977,286.021435837073,4.56570114404035
197.167430882539,371.155210883542,3.91099681650882
126.64744203437,411.245625182082,3.32675017529181
626.090969438647,306.564625099876,4.52196771689277
3.07043298077566,148.265958616311,4.25269855860514
541.333874027301,202.899912343103,4.08976146070848
34.3058078701095,494.114430708632,2.9648787586313
278.445610428586,22.6126726886668,3.95715367843151
537.709337213489,392.037814308388,3.32006231328931
80.1631770703995,75.3245112415056,5.25815899439455
1.12542976587347,77.422073797193,3.48180181069019
586.962891463235,224.573813524482,4.09587082719959
443.363636124087,452.670510052525,4.83573884318405
657.773365215264,373.030704593343,3.09379256449977
106.286539435212,488.918359817433,4.31527042807904
623.780719669664,92.3456417021712,4.09857420844054
418.941775316991,259.704820508979,3.53920270057365
11.7815005016499,179.829360065403,3.21810233044081
59.4183285531481,122.382808654642,4.42308642586164
615.71821319793,209.566024800841,4.29839209367999
248.203750168146,221.52321877809,3.87672256245995
566.025413249559,433.187518614487,3.71754325351821
300.409062235996,137.043969765163,3.93055521323972
532.345242474538,451.824359310119,3.65770394517703
40.2498182753728,419.82398450566,3.80254205573081
192.042725821722,281.365006526885,3.90878113790106
547.960901682627,265.129046711161,3.47740138092238
182.625857650947,18.6838325691427,4.36385429203094
497.458968158757,352.610313070356,4.55071331390235
35.4804169223221,50.0424904040341,3.34807250388641
524.159880359819,166.177904202122,4.75282181298847
NA,NA,NA
662.104534857582,331.47018263155,3.4952510563318
456.36867875969,300.784186040969,3.46216314551142
11.2504327339117,497.506425360158,3.57789094316831
557.645064122374,47.4765670983411,4.23129332635504
75.8496023027223,379.031780431301,4.12636521671475
231.705855660371,418.090988594826,3.80445944772672
429.878184362071,14.7571159489129,3.24782207566106
362.916236766804,292.917583384769,3.06970662359747
604.582759543823,108.620699919816,4.26971747079466
390.621444496051,231.871102658687,4.15512530083763
559.61989599274,408.042081592538,4.68100640192314
143.734395160977,286.021435837073,4.56570114404035
197.167430882539,371.155210883542,3.91099681650882
126.64744203437,411.245625182082,3.32675017529181
626.090969438647,306.564625099876,4.52196771689277
3.07043298077566,148.265958616311,4.25269855860514
541.333874027301,202.899912343103,4.08976146070848
34.3058078701095,494.114430708632,2.9648787586313
278.445610428586,22.6126726886668,3.95715367843151
537.709337213489,392.037814308388,3.32006231328931
80.1631770703995,75.3245112415056,5.25815899439455
1.12542976587347,77.422073797193,3.48180181069019
586.962891463235,224.573813524482,4.09587082719959
443.363636124087,452.670510052525,4.83573884318405
657.773365215264,373.030704593343,3.09379256449977
106.286539435212,488.918359817433,4.31527042807904
623.780719669664,92.3456417021712,4.09857420844054
418.941775316991,259.704820508979,3.53920270057365
11.7815005016499,179.829360065403,3.21810233044081
59.4183285531481,122.382808654642,4.42308642586164
615.71821319793,209.566024800841,4.29839209367999
248.203750168146,221.52321877809,3.87672256245995
566.025413249559,433.187518614487,3.71754325351821
300.409062235996,137.043969765163,3.93055521323972
532.345242474538,451.824359310119,3.65770394517703
40.2498182753728,419.82398450566,3.80254205573081
192.042725821722,281.365006526885,3.90878113790106
547.960901682627,265.129046711161,3.47740138092238
182.625857650947,18.6838325691427,4.36385429203094
497.458968158757,352.610313070356,4.55071331390235
35.4804169223221,50.0424904040341,3.34807250388641
524.159880359819,166.177904202122,4.75282181298847
NA,NA,NA
662.104534857582,331.47018263155,3.4952510563318
456.36867875969,300.784186040969,3.46216314551142
11.2504327339117,497.506425360158,3.57789094316831
557.645064122374,47.4765670983411,4.23129332635504
75.8496023027223,379.031780431301,4.12636521671475
231.705855660371,418.090988594826,3.80445944772672
429.878184362071,14.7571159489129,3.24782207566106
362.916236766804,292.917583384769,3.06970662359747
604.582759543823,108.620699919816,4.26971747079466
390.621444496051,231.871102658687,4.15512530083763
559.61989599274,408.042081592538,4.68100640192314
143.734395160977,286.021435837073,4.56570114404035
197.167430882539,371.155210883542,3.91099681650882
126.64744203437,411.245625182082,3.32675017529181
626.090969438647,306.564625099876,4.52196771689277
3.07043298077566,148.265958616311,4.25269855860514
541.333874027301,202.899912343103,4.08976146070848
34.3058078701095,494.114430708632,2.9648787586313
278.445610428586,22.6126726886668,3.95715367843151
537.709337213489,392.037814308388,3.32006231328931
80.1631770703995,75.3245112415056,5.25815899439455
1.12542976587347,77.422073797193,3.48180181069019
586.962891463235,224.573813524482,4.09587082719959
443.363636124087,452.670510052525,4.83573884318405
657.773365215264,373.030704593343,3.09379256449977
106.286539435212,488.918359817433,4.31527042807904
623.780719669664,92.3456417021712,4.09857420844054
418.941775316991,259.704820508979,3.53920270057365
11.7815005016499,179.829360065403,3.21810233044081
59.4183285531481,122.382808654642,4.42308642586164
615.71821319793,209.566024800841,4.29839209367999
248.203750168146,221.52321877809,3.87672256245995
566.025413249559,433.187518614487,3.71754325351821
300.409062235996,137.043969765163,3.93055521323972
532.345242474538,451.824359310119,3.65770394517703
40.2498182753728,419.82398450566,3.80254205573081
192.042725821722,281.365006526885,3.90878113790106
547.960901682627,265.129046711161,3.47740138092238
182.625857650947,18.6838325691427,4.36385429203094
497.458968158757,352.610313070356,4.55071331390235
35.4804169223221,50.0424904040341,3.34807250388641
524.159880359819,166.177904202122,4.75282181298847
NA,NA,NA
662.104534857582,331.47018263155,3.4952510563318
456.36867875969,300.784186040969,3.46216314551142
11.2504327339117,497.506425360158,3.57789094316831
557.645064122374,47.4765670983411,4.23129332635504
75.8496023027223,379.031780431301,4.12636521671475
231.705855660371,418.090988594826,3.80445944772672
429.878184362071,14.7571159489129,3.24782207566106
362.916236766804,292.917583384769,3.06970662359747
604.582759543823,108.620699919816,4.26971747079466
390.621444496051,231.871102658687,4.15512530083763
559.61989599274,408.042081592538,4.68100640192314
143.734395160977,286.021435837073,4.56570114404035
197.167430882539,371.155210883542,3.91099681650882
126.64744203437,411.245625182082,3.32675017529181
626.090969438647,306.564625099876,4.52196771689277
3.07043298077566,148.265958616311,4.25269855860514
541.333874027301,202.899912343103,4.08976146070848
34.3058078701095,494.114430708632,2.9648787586313
278.445610428586,22.6126726886668,3.95715367843151
537.709337213489,392.037814308388,3.32006231328931
80.1631770703995,75.3245112415056,5.25815899439455
1.12542976587347,77.422073797193,3.48180181069019
586.962891463235,224.573813524482,4.09587082719959
443.363636124087,452.670510052525,4.83573884318405
657.773365215264,373.030704593343,3.09379256449977
106.286539435212,488.918359817433,4.31527042807904
623.780719669664,92.3456417021712,4.09857420844054
418.941775316991,259.704820508979,3.53920270057365
11.7815005016499,179.829360065403,3.21810233044081
59.4183285531481,122.382808654642,4.42308642586164
615.71821319793,209.566024800841,4.29839209367999
248.203750168146,221.52321877809,3.87672256245995
566.025413249559,433.187518614487,3.71754325351821
300.409062235996,137.043969765163,3.93055521323972
532.345242474538,451.824359310119,3.65770394517703
40.2498182753728,419.82398450566,3.80254205573081
192.042725821722,281.365006526885,3.90878113790106
547.960901682627,265.129046711161,3.47740138092238
182.625857650947,18.6838325691427,4.36385429203094
497.458968158757,352.610313070356,4.55071331390235
35.4804169223221,50.0424904040341,3.34807250388641
524.159880359819,166.177904202122,4.75282181298847
NA,NA,NA
669.695780431779,334.19378776012,3.52367131004485
455.20471803691,297.146306200414,3.63837142175995
8.38098379930061,492.091612475076,3.68008442344419
562.284512311445,49.1840065344889,4.20295084267828
75.3597704915406,378.371269970658,4.00793631553183
224.429564993251,417.367023842412,3.91770060565581
428.199372304536,9.37530478851416,3.32093482076835
361.724001445672,292.768362163449,3.01528445493547
604.718888528712,110.372026239097,4.09432621103506
394.764501173025,229.302111242154,4.17124617755475
560.395613112006,407.692157749516,4.73058289854678
136.532686326518,281.274194482235,4.58186076534091
201.408612010238,368.399734823002,3.90232158941119
125.202762938728,407.627541247324,3.48475633905505
627.106029717259,312.582081761398,4.47691266049045
-1.23853816356377,147.476860383658,4.26894506960416
538.428173733185,205.045407267548,4.06913922205861
33.6747452265565,492.394674386026,2.97558475243471
277.966755292596,23.8427502749096,3.76017899349992
532.858188992881,395.440839622399,3.45893836501774
68.6598260780844,70.6899182247057,5.14966421639985
5.30287113130243,74.6095583904109,3.50078965742108
589.154406873524,228.469641057957,4.06390217815434
445.697763093101,460.123764947995,4.77133079363972
657.268732323443,375.646812135911,2.91699305235475
107.984446238101,488.604005466283,4.39748579832877
625.528839871335,87.8914201557692,4.08546777833154
419.928349480722,257.766677008,3.68436374576601
12.3287978008072,182.550781363205,3.16696879409459
72.2399663777129,125.481317144315,4.39596585109204
608.052692837965,205.874366689044,4.22255306643075
245.361956139981,217.416479542479,3.76762015577798
576.856634313459,425.63164398635,3.91455941642672
299.219041841302,143.845543691093,3.86556262274218
524.723616390967,454.543376134202,3.43986366532952
46.3775240201492,415.939112884031,3.93262410933575
198.589980230849,289.968419440977,4.24166493448272
552.206396298146,262.744515139892,3.79310637974127
185.835467320421,28.6279588156656,4.35784348209777
494.994697141417,352.722192271176,4.51971766518096
24.5785226689918,63.4599351958361,4.06695015991582
536.608221649539,150.400620972603,4.6507586700376
NA,NA,NA
669.695780431779,334.19378776012,3.52367131004485
455.20471803691,297.146306200414,3.63837142175995
8.38098379930061,492.091612475076,3.68008442344419
562.284512311445,49.1840065344889,4.20295084267828
75.3597704915406,378.371269970658,4.00793631553183
224.429564993251,417.367023842412,3.91770060565581
428.199372304536,9.37530478851416,3.32093482076835
361.724001445672,292.768362163449,3.01528445493547
604.718888528712,110.372026239097,4.09432621103506
394.764501173025,229.302111242154,4.17124617755475
560.395613112006,407.692157749516,4.73058289854678
136.532686326518,281.274194482235,4.58186076534091
201.408612010238,368.399734823002,3.90232158941119
125.202762938728,407.627541247324,3.48475633905505
627.106029717259,312.582081761398,4.47691266049045
-1.23853816356377,147.476860383658,4.26894506960416
538.428173733185,205.045407267548,4.06913922205861
33.6747452265565,492.394674386026,2.97558475243471
277.966755292596,23.8427502749096,3.76017899349992
532.858188992881,395.440839622399,3.45893836501774
68.6598260780844,70.6899182247057,5.14966421639985
5.30287113130243,74.6095583904109,3.50078965742108
589.154406873524,228.469641057957,4.06390217815434
445.697763093101,460.123764947995,4.77133079363972
657.268732323443,375.646812135911,2.91699305235475
107.984446238101,488.604005466283,4.39748579832877
625.528839871335,87.8914201557692,4.08546777833154
419.928349480722,257.766677008,3.68436374576601
12.3287978008072,182.550781363205,3.16696879409459
72.2399663777129,125.481317144315,4.39596585109204
608.052692837965,205.874366689044,4.22255306643075
245.361956139981,217.416479542479,3.76762015577798
576.856634313459,425.63164398635,3.91455941642672
299.219041841302,143.845543691093,3.86556262274218
524.723616390967,454.543376134202,3.43986366532952
46.3775240201492,415.939112884031,3.93262410933575
198.589980230849,289.968419440977,4.24166493448272
552.206396298146,262.744515139892,3.79310637974127
185.835467320421,28.6279588156656,4.35784348209777
494.994697141417,352.722192271176,4.51971766518096
24.5785226689918,63.4599351958361,4.06695015991582
536.608221649539,150.400620972603,4.6507586700376
NA,NA,NA
669.695780431779,334.19378776012,3.52367131004485
455.20471803691,297.146306200414,3.63837142175995
8.38098379930061,492.091612475076,3.68008442344419
562.284512311445,49.1840065344889,4.20295084267828
75.3597704915406,378.371269970658,4.00793631553183
224.429564993251,417.367023842412,3.91770060565581
428.199372304536,9.37530478851416,3.32093482076835
361.724001445672,292.768362163449,3.01528445493547
604.718888528712,110.372026239097,4.09432621103506
394.764501173025,229.302111242154,4.17124617755475
560.395613112006,407.692157749516,4.73058289854678
136.532686326518,281.274194482235,4.58186076534091
201.408612010238,368.399734823002,3.90232158941119
125.202762938728,407.627541247324,3.48475633905505
627.106029717259,312.582081761398,4.47691266049045
-1.23853816356377,147.476860383658,4.26894506960416
538.428173733185,205.045407267548,4.06913922205861
33.6747452265565,492.394674386026,2.97558475243471
277.966755292596,23.8427502749096,3.76017899349992
532.858188992881,395.440839622399,3.45893836501774
68.6598260780844,70.6899182247057,5.14966421639985
5.30287113130243,74.6095583904109,3.50078965742108
589.154406873524,228.469641057957,4.06390217815434
445.697763093101,460.123764947995,4.77133079363972
657.268732323443,375.646812135911,2.91699305235475
107.984446238101,488.604005466283,4.39748579832877
625.528839871335,87.8914201557692,4.08546777833154
419.928349480722,257.766677008,3.68436374576601
12.3287978008072,182.550781363205,3.16696879409459
72.2399663777129,125.481317144315,4.39596585109204
608.052692837965,205.874366689044,4.22255306643075
245.361956139981,217.416479542479,3.76762015577798
576.856634313459,425.63164398635,3.91455941642672
299.219041841302,143.845543691093,3.86556262274218
524.723616390967,454.543376134202,3.43986366532952
46.3775240201492,415.939112884031,3.93262410933575
198.589980230849,289.968419440977,4.24166493448272
552.206396298146,262.744515139892,3.79310637974127
185.835467320421,28.6279588156656,4.35784348209777
494.994697141417,352.722192271176,4.51971766518096
24.5785226689918,63.4599351958361,4.06695015991582
536.608221649539,150.400620972603,4.6507586700376
NA,NA,NA
669.695780431779,334.19378776012,3.52367131004485
455.20471803691,297.146306200414,3.63837142175995
8.38098379930061,492.091612475076,3.68008442344419
562.284512311445,49.1840065344889,4.20295084267828
75.3597704915406,378.371269970658,4.00793631553183
224.429564993251,417.367023842412,3.91770060565581
428.199372304536,9.37530478851416,3.32093482076835
361.724001445672,292.768362163449,3.01528445493547
604.718888528712,110.372026239097,4.09432621103506
394.764501173025,229.302111242154,4.17124617755475
560.395613112006,407.692157749516,4.73058289854678
136.532686326518,281.274194482235,4.58186076534091
201.408612010238,368.399734823002,3.90232158941119
125.202762938728,407.627541247324,3.48475633905505
627.106029717259,312.582081761398,4.47691266049045
-1.23853816356377,147.476860383658,4.26894506960416
538.428173733185,205.045407267548,4.06913922205861
33.6747452265565,492.394674386026,2.97558475243471
277.966755292596,23.8427502749096,3.76017899349992
532.858188992881,395.440839622399,3.45893836501774
68.6598260780844,70.6899182247057,5.14966421639985
5.30287113130243,74.6095583904109,3.50078965742108
589.154406873524,228.469641057957,4.06390217815434
445.697763093101,460.123764947995,4.77133079363972
657.268732323443,375.646812135911,2.91699305235475
107.984446238101,488.604005466283,4.39748579832877
625.528839871335,87.8914201557692,4.08546777833154
419.928349480722,257.766677008,3.68436374576601
12.3287978008072,182.550781363205,3.16696879409459
72.2399663777129,125.481317144315,4.39596585109204
608.052692837965,205.874366689044,4.22255306643075
245.361956139981,217.416479542479,3.76762015577798
576.856634313459,425.63164398635,3.91455941642672
299.219041841302,143.845543691093,3.86556262274218
524.723616390967,454.543376134202,3.43986366532952
46.3775240201492,415.939112884031,3.93262410933575
198.589980230849,289.968419440977,4.24166493448272
552.206396298146,262.744515139892,3.79310637974127
185.835467320421,28.6279588156656,4.35784348209777
494.994697141417,352.722192271176,4.51971766518096
24.5785226689918,63.4599351958361,4.06695015991582
536.608221649539,150.400620972603,4.6507586700376
NA,NA,NA
669.695780431779,334.19378776012,3.52367131004485
455.20471803691,297.146306200414,3.63837142175995
8.38098379930061,492.091612475076,3.68008442344419
562.284512311445,49.1840065344889,4.20295084267828
75.3597704915406,378.371269970658,4.00793631553183
224.429564993251,417.367023842412,3.91770060565581
428.199372304536,9.37530478851416,3.32093482076835
361.724001445672,292.768362163449,3.01528445493547
604.718888528712,110.372026239097,4.09432621103506
394.764501173025,229.302111242154,4.17124617755475
560.395613112006,407.692157749516,4.73058289854678
136.532686326518,281.274194482235,4.58186076534091
201.408612010238,368.399734823002,3.90232158941119
125.202762938728,407.627541247324,3.48475633905505
627.106029717259,312.582081761398,4.47691266049045
-1.23853816356377,147.476860383658,4.26894506960416
538.428173733185,205.045407267548,4.06913922205861
33.6747452265565,492.394674386026,2.97558475243471
277.966755292596,23.8427502749096,3.76017899349992
532.858188992881,395.440839622399,3.45893836501774
68.6598260780844,70.6899182247057,5.14966421639985
5.30287113130243,74.6095583904109,3.50078965742108
589.154406873524,228.469641057957,4.06390217815434
445.697763093101,460.123764947995,4.77133079363972
657.268732323443,375.646812135911,2.91699305235475
107.984446238101,488.604005466283,4.39748579832877
625.528839871335,87.8914201557692,4.08546777833154
419.928349480722,257.766677008,3.68436374576601
12.3287978008072,182.550781363205,3.16696879409459
72.2399663777129,125.481317144315,4.39596585109204
608.052692837965,205.874366689044,4.22255306643075
245.361956139981,217.416479542479,3.76762015577798
576.856634313459,425.63164398635,3.91455941642672
299.219041841302,143.845543691093,3.86556262274218
524.723616390967,454.543376134202,3.43986366532952
46.3775240201492,415.939112884031,3.93262410933575
198.589980230849,289.968419440977,4.24166493448272
552.206396298146,262.744515139892,3.79310637974127
185.835467320421,28.6279588156656,4.35784348209777
494.994697141417,352.722192271176,4.51971766518096
24.5785226689918,63.4599351958361,4.06695015991582
536.608221649539,150.400620972603,4.6507586700376
NA,NA,NA
669.695780431779,334.19378776012,3.52367131004485
455.20471803691,297.146306200414,3.63837142175995
8.38098379930061,492.091612475076,3.68008442344419
562.284512311445,49.1840065344889,4.20295084267828
75.3597704915406,378.371269970658,4.00793631553183
224.429564993251,417.367023842412,3.91770060565581
428.199372304536,9.37530478851416,3.32093482076835
361.724001445672,292.768362163449,3.01528445493547
604.718888528712,110.372026239097,4.09432621103506
394.764501173025,229.302111242154,4.17124617755475
560.395613112006,407.692157749516,4.73058289854678
136.532686326518,281.274194482235,4.58186076534091
201.408612010238,368.399734823002,3.90232158941119
125.202762938728,407.627541247324,3.48475633905505
627.106029717259,312.582081761398,4.47691266049045
-1.23853816356377,147.476860383658,4.26894506960416
538.428173733185,205.045407267548,4.06913922205861
33.6747452265565,492.394674386026,2.97558475243471
277.966755292596,23.8427502749096,3.76017899349992
532.858188992881,395.440839622399,3.45893836501774
68.6598260780844,70.6899182247057,5.14966421639985
5.30287113130243,74.6095583904109,3.50078965742108
589.154406873524,228.469641057957,4.06390217815434
445.697763093101,460.123764947995,4.77133079363972
657.268732323443,375.646812135911,2.91699305235475
107.984446238101,488.604005466283,4.39748579832877
625.528839871335,87.8914201557692,4.08546777833154
419.928349480722,257.766677008,3.68436374576601
12.3287978008072,182.550781363205,3.16696879409459
72.2399663777129,125.481317144315,4.39596585109204
608.052692837965,205.874366689044,4.22255306643075
245.361956139981,217.416479542479,3.76762015577798
576.856634313459,425.63164398635,3.91455941642672
299.219041841302,143.845543691093,3.86556262274218
524.723616390967,454.543376134202,3.43986366532952
46.3775240201492,415.939112884031,3.93262410933575
198.589980230849,289.968419440977,4.24166493448272
552.206396298146,262.744515139892,3.79310637974127
185.835467320421,28.6279588156656,4.35784348209777
494.994697141417,352.722192271176,4.51971766518096
24.5785226689918,63.4599351958361,4.06695015991582
536.608221649539,150.400620972603,4.6507586700376
NA,NA,NA
663.121832945179,330.472439506706,3.54081904366859
455.031417605208,304.266192253452,3.53168568213844
9.34247565283969,497.040398395362,3.65398615029171
563.249121094668,50.0180179357151,4.09076815953754
72.1614192700178,375.525870673979,4.01538127143608
228.048304448968,418.353614090532,3.83850895124714
429.860411586514,13.0210963390301,3.37341811851554
359.660858006811,292.830963326203,2.97636750540776
603.166012477709,101.622603797836,4.29735281294409
390.505835918544,232.243931489884,4.29669235647844
562.304132466624,410.48687946825,4.72555121559347
143.954571544929,281.48768032965,4.47568897390652
192.38130113958,377.454940246585,3.99855186060755
128.295978598915,412.713626021706,3.48443939820262
620.762013589626,310.713867928146,4.54468455249983
2.10317278206462,153.711469726497,4.24911617345818
544.859943434905,203.112251283087,4.24831264771145
33.6868086876493,493.366498379188,2.97069195138043
283.227337009108,26.071166278358,3.99615778569158
532.450069557945,393.132817168356,3.319338214772
85.1190911486181,82.5460134490141,5.21959452632184
8.55691228244421,74.8318648123271,3.47550392376602
587.423103927669,231.605614009704,4.00769756453634
441.14255590633,454.501244255637,4.76993258881913
658.018786166052,373.091225386641,2.97007878838384
101.348100387225,481.899392791032,4.34558179387068
622.03703233878,90.646097490717,4.05271485582386
417.956597075542,256.086400207707,3.58048911748684
12.1962845247587,180.063134131969,3.0749150049008
66.9374691816642,109.325432981031,4.6222450014858
597.320328010392,192.846047000444,4.18463585028411
254.766593495281,217.073958267856,4.19616063882089
572.819873961473,439.402648683941,3.87140503496063
303.63928940491,137.397243885573,3.73276182368784
535.718330039663,460.170571017868,3.72939587833972
55.1478914099388,416.012666385054,3.8500618009576
199.555525570667,282.981625629141,4.3811796689558
555.397117873447,263.785653684645,3.55372121428404
175.838708824948,21.8202722765784,4.48042392103116
503.314194693912,343.972876756563,4.61647226963082
36.8349868958578,49.2335203790369,3.9824138195493
531.061553122515,135.665453485463,4.88103062811736
NA,NA,NA
663.121832945179,330.472439506706,3.54081904366859
455.031417605208,304.266192253452,3.53168568213844
9.34247565283969,497.040398395362,3.65398615029171
563.249121094668,50.0180179357151,4.09076815953754
72.1614192700178,375.525870673979,4.01538127143608
228.048304448968,418.353614090532,3.83850895124714
429.860411586514,13.0210963390301,3.37341811851554
359.660858006811,292.830963326203,2.97636750540776
603.166012477709,101.622603797836,4.29735281294409
390.505835918544,232.243931489884,4.29669235647844
562.304132466624,410.48687946825,4.72555121559347
143.954571544929,281.48768032965,4.47568897390652
192.38130113958,377.454940246585,3.99855186060755
128.295978598915,412.713626021706,3.48443939820262
620.762013589626,310.713867928146,4.54468455249983
2.10317278206462,153.711469726497,4.24911617345818
544.859943434905,203.112251283087,4.24831264771145
33.6868086876493,493.366498379188,2.97069195138043
283.227337009108,26.071166278358,3.99615778569158
532.450069557945,393.132817168356,3.319338214772
85.1190911486181,82.5460134490141,5.21959452632184
8.55691228244421,74.8318648123271,3.47550392376602
587.423103927669,231.605614009704,4.00769756453634
441.14255590633,454.501244255637,4.76993258881913
658.018786166052,373.091225386641,2.97007878838384
101.348100387225,481.899392791032,4.34558179387068
622.03703233878,90.646097490717,4.05271485582386
417.956597075542,256.086400207707,3.58048911748684
12.1962845247587,180.063134131969,3.0749150049008
66.9374691816642,109.325432981031,4.6222450014858
597.320328010392,192.846047000444,4.18463585028411
254.766593495281,217.073958267856,4.19616063882089
572.819873961473,439.402648683941,3.87140503496063
303.63928940491,137.397243885573,3.73276182368784
535.718330039663,460.170571017868,3.72939587833972
55.1478914099388,416.012666385054,3.8500618009576
199.555525570667,282.981625629141,4.3811796689558
555.397117873447,263.785653684645,3.55372121428404
175.838708824948,21.8202722765784,4.48042392103116
503.314194693912,343.972876756563,4.61647226963082
36.8349868958578,49.2335203790369,3.9824138195493
531.061553122515,135.665453485463,4.88103062811736
NA,NA,NA
663.121832945179,330.472439506706,3.54081904366859
455.031417605208,304.266192253452,3.53168568213844
9.34247565283969,497.040398395362,3.65398615029171
563.249121094668,50.0180179357151,4.09076815953754
72.1614192700178,375.525870673979,4.01538127143608
228.048304448968,418.353614090532,3.83850895124714
429.860411586514,13.0210963390301,3.37341811851554
359.660858006811,292.830963326203,2.97636750540776
603.166012477709,101.622603797836,4.29735281294409
390.505835918544,232.243931489884,4.29669235647844
562.304132466624,410.48687946825,4.72555121559347
143.954571544929,281.48768032965,4.47568897390652
192.38130113958,377.454940246585,3.99855186060755
128.295978598915,412.713626021706,3.48443939820262
620.762013589626,310.713867928146,4.54468455249983
2.10317278206462,153.711469726497,4.24911617345818
544.859943434905,203.112251283087,4.24831264771145
33.6868086876493,493.366498379188,2.97069195138043
283.227337009108,26.071166278358,3.99615778569158
532.450069557945,393.132817168356,3.319338214772
85.1190911486181,82.5460134490141,5.21959452632184
8.55691228244421,74.8318648123271,3.47550392376602
587.423103927669,231.605614009704,4.00769756453634
441.14255590633,454.501244255637,4.76993258881913
658.018786166052,373.091225386641,2.97007878838384
101.348100387225,481.899392791032,4.34558179387068
622.03703233878,90.646097490717,4.05271485582386
417.956597075542,256.086400207707,3.58048911748684
12.1962845247587,180.063134131969,3.0749150049008
66.9374691816642,109.325432981031,4.6222450014858
597.320328010392,192.846047000444,4.18463585028411
254.766593495281,217.073958267856,4.19616063882089
572.819873961473,439.402648683941,3.87140503496063
303.63928940491,137.397243885573,3.73276182368784
535.718330039663,460.170571017868,3.72939587833972
55.1478914099388,416.012666385054,3.8500618009576
199.555525570667,282.981625629141,4.3811796689558
555.397117873447,263.785653684645,3.55372121428404
175.838708824948,21.8202722765784,4.48042392103116
503.314194693912,343.972876756563,4.61647226963082
36.8349868958578,49.2335203790369,3.9824138195493
531.061553122515,135.665453485463,4.88103062811736
NA,NA,NA
663.121832945179,330.472439506706,3.54081904366859
455.031417605208,304.266192253452,3.53168568213844
9.34247565283969,497.040398395362,3.65398615029171
563.249121094668,50.0180179357151,4.09076815953754
72.1614192700178,375.525870673979,4.01538127143608
228.048304448968,418.353614090532,3.83850895124714
429.860411586514,13.0210963390301,3.37341811851554
359.660858006811,292.830963326203,2.97636750540776
603.166012477709,101.622603797836,4.29735281294409
390.505835918544,232.243931489884,4.29669235647844
562.304132466624,410.48687946825,4.72555121559347
143.954571544929,281.48768032965,4.47568897390652
192.38130113958,377.454940246585,3.99855186060755
128.295978598915,412.713626021706,3.48443939820262
620.762013589626,310.713867928146,4.54468455249983
2.10317278206462,153.711469726497,4.24911617345818
544.859943434905,203.112251283087,4.24831264771145
33.6868086876493,493.366498379188,2.97069195138043
283.227337009108,26.071166278358,3.99615778569158
532.450069557945,393.132817168356,3.319338214772
85.1190911486181,82.5460134490141,5.21959452632184
8.55691228244421,74.8318648123271,3.47550392376602
587.423103927669,231.605614009704,4.00769756453634
441.14255590633,454.501244255637,4.76993258881913
658.018786166052,373.091225386641,2.97007878838384
101.348100387225,481.899392791032,4.34558179387068
622.03703233878,90.646097490717,4.05271485582386
417.956597075542,256.086400207707,3.58048911748684
12.1962845247587,180.063134131969,3.0749150049008
66.9374691816642,109.325432981031,4.6222450014858
597.320328010392,192.846047000444,4.18463585028411
254.766593495281,217.073958267856,4.19616063882089
572.819873961473,439.402648683941,3.87140503496063
303.63928940491,137.397243885573,3.73276182368784
535.718330039663,460.170571017868,3.72939587833972
55.1478914099388,416.012666385054,3.8500618009576
199.555525570667,282.981625629141,4.3811796689558
555.397117873447,263.785653684645,3.55372121428404
175.838708824948,21.8202722765784,4.48042392103116
503.314194693912,343.972876756563,4.61647226963082
36.8349868958578,49.2335203790369,3.9824138195493
531.061553122515,135.665453485463,4.88103062811736
NA,NA,NA
663.121832945179,330.472439506706,3.54081904366859
455.031417605208,304.266192253452,3.53168568213844
9.34247565283969,497.040398395362,3.65398615029171
563.249121094668,50.0180179357151,4.09076815953754
72.1614192700178,375.525870673979,4.01538127143608
228.048304448968,418.353614090532,3.83850895124714
429.860411586514,13.0210963390301,3.37341811851554
359.660858006811,292.830963326203,2.97636750540776
603.166012477709,101.622603797836,4.29735281294409
390.505835918544,232.243931489884,4.29669235647844
562.304132466624,410.48687946825,4.72555121559347
143.954571544929,281.48768032965,4.47568897390652
192.38130113958,377.454940246585,3.99855186060755
128.295978598915,412.713626021706,3.48443939820262
620.762013589626,310.713867928146,4.54468455249983
2.10317278206462,153.711469726497,4.24911617345818
544.859943434905,203.112251283087,4.24831264771145
33.6868086876493,493.366498379188,2.97069195138043
283.227337009108,26.071166278358,3.99615778569158
532.450069557945,393.132817168356,3.319338214772
85.1190911486181,82.5460134490141,5.21959452632184
8.55691228244421,74.8318648123271,3.47550392376602
587.423103927669,231.605614009704,4.00769756453634
441.14255590633,454.501244255637,4.76993258881913
658.018786166052,373.091225386641,2.97007878838384
101.348100387225,481.899392791032,4.34558179387068
622.03703233878,90.646097490717,4.05271485582386
417.956597075542,256.086400207707,3.58048911748684
12.1962845247587,180.063134131969,3.0749150049008
66.9374691816642,109.325432981031,4.6222450014858
597.320328010392,192.846047000444,4.18463585028411
254.766593495281,217.073958267856,4.19616063882089
572.819873961473,439.402648683941,3.87140503496063
303.63928940491,137.397243885573,3.73276182368784
535.718330039663,460.170571017868,3.72939587833972
55.1478914099388,416.012666385054,3.8500618009576
199.555525570667,282.981625629141,4.3811796689558
555.397117873447,263.785653684645,3.55372121428404
175.838708824948,21.8202722765784,4.48042392103116
503.314194693912,343.972876756563,4.61647226963082
36.8349868958578,49.2335203790369,3.9824138195493
531.061553122515,135.665453485463,4.88103062811736
NA,NA,NA
663.121832945179,330.472439506706,3.54081904366859
455.031417605208,304.266192253452,3.53168568213844
9.34247565283969,497.040398395362,3.65398615029171
563.249121094668,50.0180179357151,4.09076815953754
72.1614192700178,375.525870673979,4.01538127143608
228.048304448968,418.353614090532,3.83850895124714
429.860411586514,13.0210963390301,3.37341811851554
359.660858006811,292.830963326203,2.97636750540776
603.166012477709,101.622603797836,4.29735281294409
390.505835918544,232.243931489884,4.29669235647844
562.304132466624,410.48687946825,4.72555121559347
143.954571544929,281.48768032965,4.47568897390652
192.38130113958,377.454940246585,3.99855186060755
128.295978598915,412.713626021706,3.48443939820262
620.762013589626,310.713867928146,4.54468455249983
2.10317278206462,153.711469726497,4.24911617345818
544.859943434905,203.112251283087,4.24831264771145
33.6868086876493,493.366498379188,2.97069195138043
283.227337009108,26.071166278358,3.99615778569158
532.450069557945,393.132817168356,3.319338214772
85.1190911486181,82.5460134490141,5.21959452632184
8.55691228244421,74.8318648123271,3.47550392376602
587.423103927669,231.605614009704,4.00769756453634
441.14255590633,454.501244255637,4.76993258881913
658.018786166052,373.091225386641,2.97007878838384
101.348100387225,481.899392791032,4.34558179387068
622.03703233878,90.646097490717,4.05271485582386
417.956597075542,256.086400207707,3.58048911748684
12.1962845247587,180.063134131969,3.0749150049008
66.9374691816642,109.325432981031,4.6222450014858
597.320328010392,192.846047000444,4.18463585028411
254.766593495281,217.073958267856,4.19616063882089
572.819873961473,439.402648683941,3.87140503496063
303.63928940491,137.397243885573,3.73276182368784
535.718330039663,460.170571017868,3.72939587833972
55.1478914099388,416.012666385054,3.8500618009576
199.555525570667,282.981625629141,4.3811796689558
555.397117873447,263.785653684645,3.55372121428404
175.838708824948,21.8202722765784,4.48042392103116
503.314194693912,343.972876756563,4.61647226963082
36.8349868958578,49.2335203790369,3.9824138195493
531.061553122515,135.665453485463,4.88103062811736
NA,NA,NA
661.537930064297,334.854983840298,3.57233914017256
457.115853340689,298.37535198598,3.63106552850515
10.3252225909446,493.894210307639,3.72297188747188
561.660154007037,47.2525446103516,4.14280468542768
71.8471613408653,371.931257833586,4.04400615437087
227.462454328438,413.809527681257,4.01510038899261
430.559920160786,11.1867211585365,3.27338396454175
364.142449207947,292.126894277245,3.03345987177299
605.772552715619,98.6976255669405,4.30116029897697
395.374769755137,233.766534310613,4.23225244206275
570.100441864448,408.054758157972,4.72702373074254
140.563103292726,282.725226518759,4.59064977645873
198.837499447398,371.950668018737,4.04581654780698
123.763517298597,410.288722543145,3.51840090284894
625.488866806879,312.027422043583,4.51064419205249
-1.45005664650365,147.73577450203,4.32004499968039
545.172424853632,199.444423587025,4.18407290432036
35.0912673011397,492.599154430824,3.04337433605723
281.475765824511,24.4962210307573,3.93699255336348
533.100801893582,391.838378562337,3.34848297049352
72.0295275883976,77.6929097484359,5.28267829542684
4.01607488594055,77.2458091219664,3.47411208892546
591.33939543516,222.996835194045,4.0104253432866
431.129812969482,457.608834313142,4.82203161950648
659.076764645306,371.720853212382,3.05546851055707
101.686450265082,490.394616008641,4.37064770519944
622.547580537801,88.4074702806359,4.12270774411408
420.614864918195,255.855199725951,3.5775163497409
9.16815030811593,181.501721022725,3.26838136004333
62.0978969650089,120.22371022048,4.37646611386762
603.094888066134,195.772235989473,4.41775013866544
248.010434161637,222.893072919719,3.60037794661123
576.072408334921,446.899808781857,3.89729594328825
302.102656302413,138.78818805328,3.8864305318856
526.954627469887,454.685449925033,3.39613624462028
52.6214185589869,413.888161394021,3.86102307850895
200.613147968513,292.990137404615,4.0492857707668
553.436134091439,266.854051206861,3.94164619126277
171.474346271062,22.2674452688911,4.47465685150517
499.304911448162,354.307374379686,4.69054595421536
33.9475143416036,45.6051992175235,3.41830156010125
524.599244006236,152.626921173049,4.66271540486061
NA,NA,NA
661.537930064297,334.854983840298,3.57233914017256
457.115853340689,298.37535198598,3.63106552850515
10.3252225909446,493.894210307639,3.72297188747188
561.660154007037,47.2525446103516,4.14280468542768
71.8471613408653,371.931257833586,4.04400615437087
227.462454328438,413.809527681257,4.01510038899261
430.559920160786,11.1867211585365,3.27338396454175
364.142449207947,292.126894277245,3.03345987177299
605.772552715619,98.6976255669405,4.30116029897697
395.374769755137,233.766534310613,4.23225244206275
570.100441864448,408.054758157972,4.72702373074254
140.563103292726,282.725226518759,4.59064977645873
198.837499447398,371.950668018737,4.04581654780698
123.763517298597,410.288722543145,3.51840090284894
625.488866806879,312.027422043583,4.51064419205249
-1.45005664650365,147.73577450203,4.32004499968039
545.172424853632,199.444423587025,4.18407290432036
35.0912673011397,492.599154430824,3.04337433605723
281.475765824511,24.4962210307573,3.93699255336348
533.100801893582,391.838378562337,3.34848297049352
72.0295275883976,77.6929097484359,5.28267829542684
4.01607488594055,77.2458091219664,3.47411208892546
591.33939543516,222.996835194045,4.0104253432866
431.129812969482,457.608834313142,4.82203161950648
659.076764645306,371.720853212382,3.05546851055707
101.686450265082,490.394616008641,4.37064770519944
622.547580537801,88.4074702806359,4.12270774411408
420.614864918195,255.855199725951,3.5775163497409
9.16815030811593,181.501721022725,3.26838136004333
62.0978969650089,120.22371022048,4.37646611386762
603.094888066134,195.772235989473,4.41775013866544
248.010434161637,222.893072919719,3.60037794661123
576.072408334921,446.899808781857,3.89729594328825
302.102656302413,138.78818805328,3.8864305318856
526.954627469887,454.685449925033,3.39613624462028
52.6214185589869,413.888161394021,3.86102307850895
200.613147968513,292.990137404615,4.0492857707668
553.436134091439,266.854051206861,3.94164619126277
171.474346271062,22.2674452688911,4.47465685150517
499.304911448162,354.307374379686,4.69054595421536
33.9475143416036,45.6051992175235,3.41830156010125
524.599244006236,152.626921173049,4.66271540486061
NA,NA,NA
661.537930064297,334.854983840298,3.57233914017256
457.115853340689,298.37535198598,3.63106552850515
10.3252225909446,493.894210307639,3.72297188747188
561.660154007037,47.2525446103516,4.14280468542768
71.8471613408653,371.931257833586,4.04400615437087
227.462454328438,413.809527681257,4.01510038899261
430.559920160786,11.1867211585365,3.27338396454175
364.142449207947,292.126894277245,3.03345987177299
605.772552715619,98.6976255669405,4.30116029897697
395.374769755137,233.766534310613,4.23225244206275
570.100441864448,408.054758157972,4.72702373074254
140.563103292726,282.725226518759,4.59064977645873
198.837499447398,371.950668018737,4.04581654780698
123.763517298597,410.288722543145,3.51840090284894
625.488866806879,312.027422043583,4.51064419205249
-1.45005664650365,147.73577450203,4.32004499968039
545.172424853632,199.444423587025,4.18407290432036
35.0912673011397,492.599154430824,3.04337433605723
281.475765824511,24.4962210307573,3.93699255336348
533.100801893582,391.838378562337,3.34848297049352
72.0295275883976,77.6929097484359,5.28267829542684
4.01607488594055,77.2458091219664,3.47411208892546
591.33939543516,222.996835194045,4.0104253432866
431.129812969482,457.608834313142,4.82203161950648
659.076764645306,371.720853212382,3.05546851055707
101.686450265082,490.394616008641,4.37064770519944
622.547580537801,88.4074702806359,4.12270774411408
420.614864918195,255.855199725951,3.5775163497409
9.16815030811593,181.501721022725,3.26838136004333
62.0978969650089,120.22371022048,4.37646611386762
603.094888066134,195.772235989473,4.41775013866544
248.010434161637,222.893072919719,3.60037794661123
576.072408334921,446.899808781857,3.89729594328825
302.102656302413,138.78818805328,3.8864305318856
526.954627469887,454.685449925033,3.39613624462028
52.6214185589869,413.888161394021,3.86102307850895
200.613147968513,292.990137404615,4.0492857707668
553.436134091439,266.854051206861,3.94164619126277
171.474346271062,22.2674452688911,4.47465685150517
499.304911448162,354.307374379686,4.69054595421536
33.9475143416036,45.6051992175235,3.41830156010125
524.599244006236,152.626921173049,4.66271540486061
NA,NA,NA
661.537930064297,334.854983840298,3.57233914017256
457.115853340689,298.37535198598,3.63106552850515
10.3252225909446,493.894210307639,3.72297188747188
561.660154007037,47.2525446103516,4.14280468542768
71.8471613408653,371.931257833586,4.04400615437087
227.462454328438,413.809527681257,4.01510038899261
430.559920160786,11.1867211585365,3.27338396454175
364.142449207947,292.126894277245,3.03345987177299
605.772552715619,98.6976255669405,4.30116029897697
395.374769755137,233.766534310613,4.23225244206275
570.100441864448,408.054758157972,4.72702373074254
140.563103292726,282.725226518759,4.59064977645873
198.837499447398,371.950668018737,4.04581654780698
123.763517298597,410.288722543145,3.51840090284894
625.488866806879,312.027422043583,4.51064419205249
-1.45005664650365,147.73577450203,4.32004499968039
545.172424853632,199.444423587025,4.18407290432036
35.0912673011397,492.599154430824,3.04337433605723
281.475765824511,24.4962210307573,3.93699255336348
533.100801893582,391.838378562337,3.34848297049352
72.0295275883976,77.6929097484359,5.28267829542684
4.01607488594055,77.2458091219664,3.47411208892546
591.33939543516,222.996835194045,4.0104253432866
431.129812969482,457.608834313142,4.82203161950648
659.076764645306,371.720853212382,3.05546851055707
101.686450265082,490.394616008641,4.37064770519944
622.547580537801,88.4074702806359,4.12270774411408
420.614864918195,255.855199725951,3.5775163497409
9.16815030811593,181.501721022725,3.26838136004333
62.0978969650089,120.22371022048,4.37646611386762
603.094888066134,195.772235989473,4.41775013866544
248.010434161637,222.893072919719,3.60037794661123
576.072408334921,446.899808781857,3.89729594328825
302.102656302413,138.78818805328,3.8864305318856
526.954627469887,454.685449925033,3.39613624462028
52.6214185589869,413.888161394021,3.86102307850895
200.613147968513,292.990137404615,4.0492857707668
553.436134091439,266.854051206861,3.94164619126277
171.474346271062,22.2674452688911,4.47465685150517
499.304911448162,354.307374379686,4.69054595421536
33.9475143416036,45.6051992175235,3.41830156010125
524.599244006236,152.626921173049,4.66271540486061
NA,NA,NA
661.537930064297,334.854983840298,3.57233914017256
457.115853340689,298.37535198598,3.63106552850515
10.3252225909446,493.894210307639,3.72297188747188
561.660154007037,47.2525446103516,4.14280468542768
71.8471613408653,371.931257833586,4.04400615437087
227.462454328438,413.809527681257,4.01510038899261
430.559920160786,11.1867211585365,3.27338396454175
364.142449207947,292.126894277245,3.03345987177299
605.772552715619,98.6976255669405,4.30116029897697
395.374769755137,233.766534310613,4.23225244206275
570.100441864448,408.054758157972,4.72702373074254
140.563103292726,282.725226518759,4.59064977645873
198.837499447398,371.950668018737,4.04581654780698
123.763517298597,410.288722543145,3.51840090284894
625.488866806879,312.027422043583,4.51064419205249
-1.45005664650365,147.73577450203,4.32004499968039
545.172424853632,199.444423587025,4.18407290432036
35.0912673011397,492.599154430824,3.04337433605723
281.475765824511,24.4962210307573,3.93699255336348
533.100801893582,391.838378562337,3.34848297049352
72.0295275883976,77.6929097484359,5.28267829542684
4.01607488594055,77.2458091219664,3.47411208892546
591.33939543516,222.996835194045,4.0104253432866
431.129812969482,457.608834313142,4.82203161950648
659.076764645306,371.720853212382,3.05546851055707
101.686450265082,490.394616008641,4.37064770519944
622.547580537801,88.4074702806359,4.12270774411408
420.614864918195,255.855199725951,3.5775163497409
9.16815030811593,181.501721022725,3.26838136004333
62.0978969650089,120.22371022048,4.37646611386762
603.094888066134,195.772235989473,4.41775013866544
248.010434161637,222.893072919719,3.60037794661123
576.072408334921,446.899808781857,3.89729594328825
302.102656302413,138.78818805328,3.8864305318856
526.954627469887,454.685449925033,3.39613624462028
52.6214185589869,413.888161394021,3.86102307850895
200.613147968513,292.990137404615,4.0492857707668
553.436134091439,266.854051206861,3.94164619126277
171.474346271062,22.2674452688911,4.47465685150517
499.304911448162,354.307374379686,4.69054595421536
33.9475143416036,45.6051992175235,3.41830156010125
524.599244006236,152.626921173049,4.66271540486061
NA,NA,NA
661.537930064297,334.854983840298,3.57233914017256
457.115853340689,298.37535198598,3.63106552850515
10.3252225909446,493.894210307639,3.72297188747188
561.660154007037,47.2525446103516,4.14280468542768
71.8471613408653,371.931257833586,4.04400615437087
227.462454328438,413.809527681257,4.01510038899261
430.559920160786,11.1867211585365,3.27338396454175
364.142449207947,292.126894277245,3.03345987177299
605.772552715619,98.6976255669405,4.30116029897697
395.374769755137,233.766534310613,4.23225244206275
570.100441864448,408.054758157972,4.72702373074254
140.563103292726,282.725226518759,4.59064977645873
198.837499447398,371.950668018737,4.04581654780698
123.763517298597,410.288722543145,3.51840090284894
625.488866806879,312.027422043583,4.51064419205249
-1.45005664650365,147.73577450203,4.32004499968039
545.172424853632,199.444423587025,4.18407290432036
35.0912673011397,492.599154430824,3.04337433605723
281.475765824511,24.4962210307573,3.93699255336348
533.100801893582,391.838378562337,3.34848297049352
72.0295275883976,77.6929097484359,5.28267829542684
4.01607488594055,77.2458091219664,3.47411208892546
591.33939543516,222.996835194045,4.0104253432866
431.129812969482,457.608834313142,4.82203161950648
659.076764645306,371.720853212382,3.05546851055707
101.686450265082,490.394616008641,4.37064770519944
622.547580537801,88.4074702806359,4.12270774411408
420.614864918195,255.855199725951,3.5775163497409
9.16815030811593,181.501721022725,3.26838136004333
62.0978969650089,120.22371022048,4.37646611386762
603.094888066134,195.772235989473,4.41775013866544
248.010434161637,222.893072919719,3.60037794661123
576.072408334921,446.899808781857,3.89729594328825
302.102656302413,138.78818805328,3.8864305318856
526.954627469887,454.685449925033,3.39613624462028
52.6214185589869,413.888161394021,3.86102307850895
200.613147968513,292.990137404615,4.0492857707668
553.436134091439,266.854051206861,3.94164619126277
171.474346271062,22.2674452688911,4.47465685150517
499.304911448162,354.307374379686,4.69054595421536
33.9475143416036,45.6051992175235,3.41830156010125
524.599244006236,152.626921173049,4.66271540486061
NA,NA,NA
666.883653489464,334.310509383861,3.41089371541228
452.894412921534,295.711750119976,3.33251153659913
12.5755107538598,496.221131037335,3.59115635633124
561.946704854163,56.9071717640753,4.13189924531143
74.6058080196555,375.070599945253,3.91456133648877
228.20759013358,411.941306129636,3.86273718942455
428.87271879747,13.384485136499,3.3088524851238
362.493243094046,294.604860387991,3.10624569704375
604.547690264368,104.043553849224,4.21588447911895
393.969686403852,236.24334094281,4.12402867492777
569.721553478758,411.331201641792,4.70196802458766
143.974330463911,291.537074207609,4.58064548525177
200.637022714554,372.649197396559,4.01827345264502
122.472736599598,409.279040620286,3.47870906354044
623.180326407601,313.55000531636,4.62145125058954
-0.214385564466387,147.860449241435,4.18757211869427
539.321591831113,201.500880603196,3.92135960308152
33.7683048635802,490.997690277033,3.02192946593083
274.435103218922,23.0597746523066,3.81289647653795
532.96061319411,389.136004337998,3.47980821393057
75.2764063775703,71.205027440835,5.33732441832995
-0.983478428704137,75.7474676692276,3.50975745969434
590.532247855927,233.852078213823,4.04994503495268
447.797934213366,460.933119829109,4.86742119686038
657.385068068318,374.767192157596,3.0795349682884
99.3992035942998,489.261236419668,4.36841167428579
625.661366735478,90.9529452824987,4.04120413079504
420.80966030465,256.655071243729,3.61849382175588
11.5092407030659,183.312021559128,3.14056778189732
53.2045020587712,115.533895105468,4.53620616757418
612.21433062832,205.132165876645,4.12000158365429
246.927132321763,216.967099620224,3.51818458154887
564.157601143688,433.369351173286,3.73471062799947
303.717009268955,138.858402221638,4.00063016187952
528.520104198775,453.923687612041,3.54057723274504
49.8567697410776,416.378230464942,3.99461211495053
195.889005634187,287.441154251645,3.41592385306998
552.391659855411,258.030220890325,3.49803591905878
176.345007126579,24.9937404327519,4.43332572553358
503.049553371045,336.809119443718,4.53938938893466
38.2284661998214,60.0902862477508,3.83882842480283
515.977865163471,134.084835995564,4.82573214632953
NA,NA,NA
666.883653489464,334.310509383861,3.41089371541228
452.894412921534,295.711750119976,3.33251153659913
12.5755107538598,496.221131037335,3.59115635633124
561.946704854163,56.9071717640753,4.13189924531143
74.6058080196555,375.070599945253,3.91456133648877
228.20759013358,411.941306129636,3.86273718942455
428.87271879747,13.384485136499,3.3088524851238
362.493243094046,294.604860387991,3.10624569704375
604.547690264368,104.043553849224,4.21588447911895
393.969686403852,236.24334094281,4.12402867492777
569.721553478758,411.331201641792,4.70196802458766
143.974330463911,291.537074207609,4.58064548525177
200.637022714554,372.649197396559,4.01827345264502
122.472736599598,409.279040620286,3.47870906354044
623.180326407601,313.55000531636,4.62145125058954
-0.214385564466387,147.860449241435,4.18757211869427
539.321591831113,201.500880603196,3.92135960308152
33.7683048635802,490.997690277033,3.02192946593083
274.435103218922,23.0597746523066,3.81289647653795
532.96061319411,389.136004337998,3.47980821393057
75.2764063775703,71.205027440835,5.33732441832995
-0.983478428704137,75.7474676692276,3.50975745969434
590.532247855927,233.852078213823,4.04994503495268
447.797934213366,460.933119829109,4.86742119686038
657.385068068318,374.767192157596,3.0795349682884
99.3992035942998,489.261236419668,4.36841167428579
625.661366735478,90.9529452824987,4.04120413079504
420.80966030465,256.655071243729,3.61849382175588
11.5092407030659,183.312021559128,3.14056778189732
53.2045020587712,115.533895105468,4.53620616757418
612.21433062832,205.132165876645,4.12000158365429
246.927132321763,216.967099620224,3.51818458154887
564.157601143688,433.369351173286,3.73471062799947
303.717009268955,138.858402221638,4.00063016187952
528.520104198775,453.923687612041,3.54057723274504
49.8567697410776,416.378230464942,3.99461211495053
195.889005634187,287.441154251645,3.41592385306998
552.391659855411,258.030220890325,3.49803591905878
176.345007126579,24.9937404327519,4.43332572553358
503.049553371045,336.809119443718,4.53938938893466
38.2284661998214,60.0902862477508,3.83882842480283
515.977865163471,134.084835995564,4.82573214632953
NA,NA,NA
666.883653489464,334.310509383861,3.41089371541228
452.894412921534,295.711750119976,3.33251153659913
12.5755107538598,496.221131037335,3.59115635633124
561.946704854163,56.9071717640753,4.13189924531143
74.6058080196555,375.070599945253,3.91456133648877
228.20759013358,411.941306129636,3.86273718942455
428.87271879747,13.384485136499,3.3088524851238
362.493243094046,294.604860387991,3.10624569704375
604.547690264368,104.043553849224,4.21588447911895
393.969686403852,236.24334094281,4.12402867492777
569.721553478758,411.331201641792,4.70196802458766
143.974330463911,291.537074207609,4.58064548525177
200.637022714554,372.649197396559,4.01827345264502
122.472736599598,409.279040620286,3.47870906354044
623.180326407601,313.55000531636,4.62145125058954
-0.214385564466387,147.860449241435,4.18757211869427
539.321591831113,201.500880603196,3.92135960308152
33.7683048635802,490.997690277033,3.02192946593083
274.435103218922,23.0597746523066,3.81289647653795
532.96061319411,389.136004337998,3.47980821393057
75.2764063775703,71.205027440835,5.33732441832995
-0.983478428704137,75.7474676692276,3.50975745969434
590.532247855927,233.852078213823,4.04994503495268
447.797934213366,460.933119829109,4.86742119686038
657.385068068318,374.767192157596,3.0795349682884
99.3992035942998,489.261236419668,4.36841167428579
625.661366735478,90.9529452824987,4.04120413079504
420.80966030465,256.655071243729,3.61849382175588
11.5092407030659,183.312021559128,3.14056778189732
53.2045020587712,115.533895105468,4.53620616757418
612.21433062832,205.132165876645,4.12000158365429
246.927132321763,216.967099620224,3.51818458154887
564.157601143688,433.369351173286,3.73471062799947
303.717009268955,138.858402221638,4.00063016187952
528.520104198775,453.923687612041,3.54057723274504
49.8567697410776,416.378230464942,3.99461211495053
195.889005634187,287.441154251645,3.41592385306998
552.391659855411,258.030220890325,3.49803591905878
176.345007126579,24.9937404327519,4.43332572553358
503.049553371045,336.809119443718,4.53938938893466
38.2284661998214,60.0902862477508,3.83882842480283
515.977865163471,134.084835995564,4.82573214632953
NA,NA,NA
666.883653489464,334.310509383861,3.41089371541228
452.894412921534,295.711750119976,3.33251153659913
12.5755107538598,496.221131037335,3.59115635633124
561.946704854163,56.9071717640753,4.13189924531143
74.6058080196555,375.070599945253,3.91456133648877
228.20759013358,411.941306129636,3.86273718942455
428.87271879747,13.384485136499,3.3088524851238
362.493243094046,294.604860387991,3.10624569704375
604.547690264368,104.043553849224,4.21588447911895
393.969686403852,236.24334094281,4.12402867492777
569.721553478758,411.331201641792,4.70196802458766
143.974330463911,291.537074207609,4.58064548525177
200.637022714554,372.649197396559,4.01827345264502
122.472736599598,409.279040620286,3.47870906354044
623.180326407601,313.55000531636,4.62145125058954
-0.214385564466387,147.860449241435,4.18757211869427
539.321591831113,201.500880603196,3.92135960308152
33.7683048635802,490.997690277033,3.02192946593083
274.435103218922,23.0597746523066,3.81289647653795
532.96061319411,389.136004337998,3.47980821393057
75.2764063775703,71.205027440835,5.33732441832995
-0.983478428704137,75.7474676692276,3.50975745969434
590.532247855927,233.852078213823,4.04994503495268
447.797934213366,460.933119829109,4.86742119686038
657.385068068318,374.767192157596,3.0795349682884
99.3992035942998,489.261236419668,4.36841167428579
625.661366735478,90.9529452824987,4.04120413079504
420.80966030465,256.655071243729,3.61849382175588
11.5092407030659,183.312021559128,3.14056778189732
53.2045020587712,115.533895105468,4.53620616757418
612.21433062832,205.132165876645,4.12000158365429
246.927132321763,216.967099620224,3.51818458154887
564.157601143688,433.369351173286,3.73471062799947
303.717009268955,138.858402221638,4.00063016187952
528.520104198775,453.923687612041,3.54057723274504
49.8567697410776,416.378230464942,3.99461211495053
195.889005634187,287.441154251645,3.41592385306998
552.391659855411,258.030220890325,3.49803591905878
176.345007126579,24.9937404327519,4.43332572553358
503.049553371045,336.809119443718,4.53938938893466
38.2284661998214,60.0902862477508,3.83882842480283
515.977865163471,134.084835995564,4.82573214632953
NA,NA,NA
666.883653489464,334.310509383861,3.41089371541228
452.894412921534,295.711750119976,3.33251153659913
12.5755107538598,496.221131037335,3.59115635633124
561.946704854163,56.9071717640753,4.13189924531143
74.6058080196555,375.070599945253,3.91456133648877
228.20759013358,411.941306129636,3.86273718942455
428.87271879747,13.384485136499,3.3088524851238
362.493243094046,294.604860387991,3.10624569704375
604.547690264368,104.043553849224,4.21588447911895
393.969686403852,236.24334094281,4.12402867492777
569.721553478758,411.331201641792,4.70196802458766
143.974330463911,291.537074207609,4.58064548525177
200.637022714554,372.649197396559,4.01827345264502
122.472736599598,409.279040620286,3.47870906354044
623.180326407601,313.55000531636,4.62145125058954
-0.214385564466387,147.860449241435,4.18757211869427
539.321591831113,201.500880603196,3.92135960308152
33.7683048635802,490.997690277033,3.02192946593083
274.435103218922,23.0597746523066,3.81289647653795
532.96061319411,389.136004337998,3.47980821393057
75.2764063775703,71.205027440835,5.33732441832995
-0.983478428704137,75.7474676692276,3.50975745969434
590.532247855927,233.852078213823,4.04994503495268
447.797934213366,460.933119829109,4.86742119686038
657.385068068318,374.767192157596,3.0795349682884
99.3992035942998,489.261236419668,4.36841167428579
625.661366735478,90.9529452824987,4.04120413079504
420.80966030465,256.655071243729,3.61849382175588
11.5092407030659,183.312021559128,3.14056778189732
53.2045020587712,115.533895105468,4.53620616757418
612.21433062832,205.132165876645,4.12000158365429
246.927132321763,216.967099620224,3.51818458154887
564.157601143688,433.369351173286,3.73471062799947
303.717009268955,138.858402221638,4.00063016187952
528.520104198775,453.923687612041,3.54057723274504
49.8567697410776,416.378230464942,3.99461211495053
195.889005634187,287.441154251645,3.41592385306998
552.391659855411,258.030220890325,3.49803591905878
176.345007126579,24.9937404327519,4.43332572553358
503.049553371045,336.809119443718,4.53938938893466
38.2284661998214,60.0902862477508,3.83882842480283
515.977865163471,134.084835995564,4.82573214632953
NA,NA,NA
666.883653489464,334.310509383861,3.41089371541228
452.894412921534,295.711750119976,3.33251153659913
12.5755107538598,496.221131037335,3.59115635633124
561.946704854163,56.9071717640753,4.13189924531143
74.6058080196555,375.070599945253,3.91456133648877
228.20759013358,411.941306129636,3.86273718942455
428.87271879747,13.384485136499,3.3088524851238
362.493243094046,294.604860387991,3.10624569704375
604.547690264368,104.043553849224,4.21588447911895
393.969686403852,236.24334094281,4.12402867492777
569.721553478758,411.331201641792,4.70196802458766
143.974330463911,291.537074207609,4.58064548525177
200.637022714554,372.649197396559,4.01827345264502
122.472736599598,409.279040620286,3.47870906354044
623.180326407601,313.55000531636,4.62145125058954
-0.214385564466387,147.860449241435,4.18757211869427
539.321591831113,201.500880603196,3.92135960308152
33.7683048635802,490.997690277033,3.02192946593083
274.435103218922,23.0597746523066,3.81289647653795
532.96061319411,389.136004337998,3.47980821393057
75.2764063775703,71.205027440835,5.33732441832995
-0.983478428704137,75.7474676692276,3.50975745969434
590.532247855927,233.852078213823,4.04994503495268
447.797934213366,460.933119829109,4.86742119686038
657.385068068318,374.767192157596,3.0795349682884
99.3992035942998,489.261236419668,4.36841167428579
625.661366735478,90.9529452824987,4.04120413079504
420.80966030465,256.655071243729,3.61849382175588
11.5092407030659,183.312021559128,3.14056778189732
53.2045020587712,115.533895105468,4.53620616757418
612.21433062832,205.132165876645,4.12000158365429
246.927132321763,216.967099620224,3.51818458154887
564.157601143688,433.369351173286,3.73471062799947
303.717009268955,138.858402221638,4.00063016187952
528.520104198775,453.923687612041,3.54057723274504
49.8567697410776,416.378230464942,3.99461211495053
195.889005634187,287.441154251645,3.41592385306998
552.391659855411,258.030220890325,3.49803591905878
176.345007126579,24.9937404327519,4.43332572553358
108.982133392564,501.996382331043,4.31637861417798
503.049553371045,336.809119443718,4.53938938893466
38.2284661998214,60.0902862477508,3.83882842480283
515.977865163471,134.084835995564,4.82573214632953
NA,NA,NA
664.832585717544,334.094285514086,3.49874258536006
456.575302624249,300.101175371879,3.47889742611547
9.09641815693001,495.18203521308,3.51146735712426
563.944163040042,49.4871422930173,4.34272605332561
71.2498103441365,379.263878963107,3.91913936703917
228.421156817398,414.314190255324,3.93046572483035
426.742946564013,11.5132305217947,3.27424159705198
363.846998190425,292.736810847245,2.79521385954032
607.342906667308,102.905391273338,4.31664458723305
389.941007213711,230.655206719426,4.27482986477475
570.421480402617,405.464936918167,4.78652448541601
144.485066927218,283.919539015491,4.55018173830312
201.115782432969,374.028196544721,4.10500301880901
122.597799975857,411.07653187863,3.57948989767484
626.09469812116,313.85174849167,4.46689939453132
2.76249274312221,146.6396102221,4.15881816591628
537.948758029516,201.460342011671,4.16106420643153
32.4100867737789,491.462954267378,3.01993299840594
283.409456319498,25.0604481626084,3.99707358672459
535.39647931304,392.357002311611,3.62057493987788
70.3394933800618,76.1989016372314,5.1952064567104
4.51142136324186,76.0612826720935,3.40200444825657
584.988213963193,230.034219118452,4.00811814159069
437.324546450846,458.232069789466,4.80745389967796
658.639984709248,371.444935104342,3.06490956316924
101.153406064465,489.857319878068,4.39176365038934
623.015469841994,88.8063409348683,4.10062836905338
419.21417650401,258.437909534677,3.67942173846324
10.0051064585654,181.297610367702,3.14632227507793
72.6937367093202,120.056007392354,4.58218945002828
613.53040381629,201.646623293915,4.12187190574007
257.57887483356,214.023016122601,3.8130766977254
563.113057489775,440.913132776285,3.74073763396695
299.156195355426,138.134712871741,3.74145926513396
530.262176805516,458.50144242984,3.56539712948871
46.7434983920221,414.923782455932,3.83476978575874
200.999208190059,293.992604466499,3.9185860404142
551.570798285388,261.042767748797,3.90367135397939
165.907235264918,41.9295980239099,4.21646075003326
102.330712037413,479.305464287433,4.47011171039082
506.439570555552,353.065841233894,4.6851645662928
47.6662924781625,60.2079486228157,3.56975507033382
535.995457194515,156.099010068691,4.73381260721586
NA,NA,NA
664.832585717544,334.094285514086,3.49874258536006
456.575302624249,300.101175371879,3.47889742611547
9.09641815693001,495.18203521308,3.51146735712426
563.944163040042,49.4871422930173,4.34272605332561
71.2498103441365,379.263878963107,3.91913936703917
228.421156817398,414.314190255324,3.93046572483035
426.742946564013,11.5132305217947,3.27424159705198
363.846998190425,292.736810847245,2.79521385954032
607.342906667308,102.905391273338,4.31664458723305
389.941007213711,230.655206719426,4.27482986477475
570.421480402617,405.464936918167,4.78652448541601
144.485066927218,283.919539015491,4.55018173830312
201.115782432969,374.028196544721,4.10500301880901
122.597799975857,411.07653187863,3.57948989767484
626.09469812116,313.85174849167,4.46689939453132
2.76249274312221,146.6396102221,4.15881816591628
537.948758029516,201.460342011671,4.16106420643153
32.4100867737789,491.462954267378,3.01993299840594
283.409456319498,25.0604481626084,3.99707358672459
535.39647931304,392.357002311611,3.62057493987788
70.3394933800618,76.1989016372314,5.1952064567104
4.51142136324186,76.0612826720935,3.40200444825657
584.988213963193,230.034219118452,4.00811814159069
437.324546450846,458.232069789466,4.80745389967796
658.639984709248,371.444935104342,3.06490956316924
101.153406064465,489.857319878068,4.39176365038934
623.015469841994,88.8063409348683,4.10062836905338
419.21417650401,258.437909534677,3.67942173846324
10.0051064585654,181.297610367702,3.14632227507793
72.6937367093202,120.056007392354,4.58218945002828
613.53040381629,201.646623293915,4.12187190574007
257.57887483356,214.023016122601,3.8130766977254
563.113057489775,440.913132776285,3.74073763396695
299.156195355426,138.134712871741,3.74145926513396
530.262176805516,458.50144242984,3.56539712948871
46.7434983920221,414.923782455932,3.83476978575874
200.999208190059,293.992604466499,3.9185860404142
551.570798285388,261.042767748797,3.90367135397939
165.907235264918,41.9295980239099,4.21646075003326
102.330712037413,479.305464287433,4.47011171039082
506.439570555552,353.065841233894,4.6851645662928
47.6662924781625,60.2079486228157,3.56975507033382
535.995457194515,156.099010068691,4.73381260721586
NA,NA,NA
664.832585717544,334.094285514086,3.49874258536006
456.575302624249,300.101175371879,3.47889742611547
9.09641815693001,495.18203521308,3.51146735712426
563.944163040042,49.4871422930173,4.34272605332561
71.2498103441365,379.263878963107,3.91913936703917
228.421156817398,414.314190255324,3.93046572483035
426.742946564013,11.5132305217947,3.27424159705198
363.846998190425,292.736810847245,2.79521385954032
607.342906667308,102.905391273338,4.31664458723305
389.941007213711,230.655206719426,4.27482986477475
570.421480402617,405.464936918167,4.78652448541601
144.485066927218,283.919539015491,4.55018173830312
201.115782432969,374.028196544721,4.10500301880901
122.597799975857,411.07653187863,3.57948989767484
626.09469812116,313.85174849167,4.46689939453132
2.76249274312221,146.6396102221,4.15881816591628
537.948758029516,201.460342011671,4.16106420643153
32.4100867737789,491.462954267378,3.01993299840594
283.409456319498,25.0604481626084,3.99707358672459
535.39647931304,392.357002311611,3.62057493987788
70.3394933800618,76.1989016372314,5.1952064567104
4.51142136324186,76.0612826720935,3.40200444825657
584.988213963193,230.034219118452,4.00811814159069
437.324546450846,458.232069789466,4.80745389967796
658.639984709248,371.444935104342,3.06490956316924
101.153406064465,489.857319878068,4.39176365038934
623.015469841994,88.8063409348683,4.10062836905338
419.21417650401,258.437909534677,3.67942173846324
10.0051064585654,181.297610367702,3.14632227507793
72.6937367093202,120.056007392354,4.58218945002828
613.53040381629,201.646623293915,4.12187190574007
257.57887483356,214.023016122601,3.8130766977254
563.113057489775,440.913132776285,3.74073763396695
299.156195355426,138.134712871741,3.74145926513396
530.262176805516,458.50144242984,3.56539712948871
46.7434983920221,414.923782455932,3.83476978575874
200.999208190059,293.992604466499,3.9185860404142
551.570798285388,261.042767748797,3.90367135397939
165.907235264918,41.9295980239099,4.21646075003326
102.330712037413,479.305464287433,4.47011171039082
506.439570555552,353.065841233894,4.6851645662928
47.6662924781625,60.2079486228157,3.56975507033382
535.995457194515,156.099010068691,4.73381260721586
NA,NA,NA
664.832585717544,334.094285514086,3.49874258536006
456.575302624249,300.101175371879,3.47889742611547
9.09641815693001,495.18203521308,3.51146735712426
563.944163040042,49.4871422930173,4.34272605332561
71.2498103441365,379.263878963107,3.91913936703917
228.421156817398,414.314190255324,3.93046572483035
426.742946564013,11.5132305217947,3.27424159705198
363.846998190425,292.736810847245,2.79521385954032
607.342906667308,102.905391273338,4.31664458723305
389.941007213711,230.655206719426,4.27482986477475
570.421480402617,405.464936918167,4.78652448541601
144.485066927218,283.919539015491,4.55018173830312
201.115782432969,374.028196544721,4.10500301880901
122.597799975857,411.07653187863,3.57948989767484
626.09469812116,313.85174849167,4.46689939453132
2.76249274312221,146.6396102221,4.15881816591628
537.948758029516,201.460342011671,4.16106420643153
32.4100867737789,491.462954267378,3.01993299840594
283.409456319498,25.0604481626084,3.99707358672459
535.39647931304,392.357002311611,3.62057493987788
70.3394933800618,76.1989016372314,5.1952064567104
4.51142136324186,76.0612826720935,3.40200444825657
584.988213963193,230.034219118452,4.00811814159069
437.324546450846,458.232069789466,4.80745389967796
658.639984709248,371.444935104342,3.06490956316924
101.153406064465,489.857319878068,4.39176365038934
623.015469841994,88.8063409348683,4.10062836905338
419.21417650401,258.437909534677,3.67942173846324
10.0051064585654,181.297610367702,3.14632227507793
72.6937367093202,120.056007392354,4.58218945002828
613.53040381629,201.646623293915,4.12187190574007
257.57887483356,214.023016122601,3.8130766977254
563.113057489775,440.913132776285,3.74073763396695
299.156195355426,138.134712871741,3.74145926513396
530.262176805516,458.50144242984,3.56539712948871
46.7434983920221,414.923782455932,3.83476978575874
200.999208190059,293.992604466499,3.9185860404142
551.570798285388,261.042767748797,3.90367135397939
165.907235264918,41.9295980239099,4.21646075003326
506.439570555552,353.065841233894,4.6851645662928
47.6662924781625,60.2079486228157,3.56975507033382
535.995457194515,156.099010068691,4.73381260721586
NA,NA,NA
664.832585717544,334.094285514086,3.49874258536006
456.575302624249,300.101175371879,3.47889742611547
9.09641815693001,495.18203521308,3.51146735712426
563.944163040042,49.4871422930173,4.34272605332561
71.2498103441365,379.263878963107,3.91913936703917
228.421156817398,414.314190255324,3.93046572483035
426.742946564013,11.5132305217947,3.27424159705198
363.846998190425,292.736810847245,2.79521385954032
607.342906667308,102.905391273338,4.31664458723305
389.941007213711,230.655206719426,4.27482986477475
570.421480402617,405.464936918167,4.78652448541601
144.485066927218,283.919539015491,4.55018173830312
201.115782432969,374.028196544721,4.10500301880901
122.597799975857,411.07653187863,3.57948989767484
626.09469812116,313.85174849167,4.46689939453132
2.76249274312221,146.6396102221,4.15881816591628
537.948758029516,201.460342011671,4.16106420643153
32.4100867737789,491.462954267378,3.01993299840594
283.409456319498,25.0604481626084,3.99707358672459
535.39647931304,392.357002311611,3.62057493987788
70.3394933800618,76.1989016372314,5.1952064567104
4.51142136324186,76.0612826720935,3.40200444825657
584.988213963193,230.034219118452,4.00811814159069
437.324546450846,458.232069789466,4.80745389967796
658.639984709248,371.444935104342,3.06490956316924
101.153406064465,489.857319878068,4.39176365038934
623.015469841994,88.8063409348683,4.10062836905338
419.21417650401,258.437909534677,3.67942173846324
10.0051064585654,181.297610367702,3.14632227507793
72.6937367093202,120.056007392354,4.58218945002828
613.53040381629,201.646623293915,4.12187190574007
257.57887483356,214.023016122601,3.8130766977254
563.113057489775,440.913132776285,3.74073763396695
299.156195355426,138.134712871741,3.74145926513396
530.262176805516,458.50144242984,3.56539712948871
46.7434983920221,414.923782455932,3.83476978575874
200.999208190059,293.992604466499,3.9185860404142
551.570798285388,261.042767748797,3.90367135397939
165.907235264918,41.9295980239099,4.21646075003326
506.439570555552,353.065841233894,4.6851645662928
47.6662924781625,60.2079486228157,3.56975507033382
535.995457194515,156.099010068691,4.73381260721586
NA,NA,NA
664.832585717544,334.094285514086,3.49874258536006
456.575302624249,300.101175371879,3.47889742611547
9.09641815693001,495.18203521308,3.51146735712426
563.944163040042,49.4871422930173,4.34272605332561
71.2498103441365,379.263878963107,3.91913936703917
228.421156817398,414.314190255324,3.93046572483035
426.742946564013,11.5132305217947,3.27424159705198
363.846998190425,292.736810847245,2.79521385954032
607.342906667308,102.905391273338,4.31664458723305
389.941007213711,230.655206719426,4.27482986477475
570.421480402617,405.464936918167,4.78652448541601
144.485066927218,283.919539015491,4.55018173830312
201.115782432969,374.028196544721,4.10500301880901
122.597799975857,411.07653187863,3.57948989767484
626.09469812116,313.85174849167,4.46689939453132
2.76249274312221,146.6396102221,4.15881816591628
537.948758029516,201.460342011671,4.16106420643153
32.4100867737789,491.462954267378,3.01993299840594
283.409456319498,25.0604481626084,3.99707358672459
535.39647931304,392.357002311611,3.62057493987788
70.3394933800618,76.1989016372314,5.1952064567104
4.51142136324186,76.0612826720935,3.40200444825657
584.988213963193,230.034219118452,4.00811814159069
437.324546450846,458.232069789466,4.80745389967796
658.639984709248,371.444935104342,3.06490956316924
101.153406064465,489.857319878068,4.39176365038934
623.015469841994,88.8063409348683,4.10062836905338
419.21417650401,258.437909534677,3.67942173846324
10.0051064585654,181.297610367702,3.14632227507793
72.6937367093202,120.056007392354,4.58218945002828
613.53040381629,201.646623293915,4.12187190574007
257.57887483356,214.023016122601,3.8130766977254
563.113057489775,440.913132776285,3.74073763396695
299.156195355426,138.134712871741,3.74145926513396
530.262176805516,458.50144242984,3.56539712948871
46.7434983920221,414.923782455932,3.83476978575874
200.999208190059,293.992604466499,3.9185860404142
551.570798285388,261.042767748797,3.90367135397939
165.907235264918,41.9295980239099,4.21646075003326
506.439570555552,353.065841233894,4.6851645662928
47.6662924781625,60.2079486228157,3.56975507033382
535.995457194515,156.099010068691,4.73381260721586
NA,NA,NA
660.407150256877,332.484264214827,3.37183398474993
455.832107587364,296.285007397741,3.64339154941752
11.7430911375468,498.541863249045,3.57428364693782
565.181110469901,52.2937802538598,4.01924939714323
69.5523937187912,376.013034094181,4.02614792910085
227.026138028415,414.489978773446,3.88904795628166
427.984511759749,14.3376040639447,3.27952543396764
363.783259974519,293.280671470892,2.97713802928239
602.80452105599,104.520417877963,4.24352438773311
394.64353257635,230.940953657414,4.08050358116206
563.430734307405,401.32154876921,4.74844114564146
137.730144503761,281.163387398777,4.65204506992021
192.035775880609,372.919570516181,4.01586313737342
124.454369251343,412.551838274357,3.32840334998479
629.640522300882,315.641810224536,4.59213384895744
5.10960480836772,151.716253387474,4.18447586190333
539.031445017277,201.144756971075,4.11641805989124
33.865069189315,492.890367050077,2.86720743833382
272.958712100614,21.1723408162591,3.99971849413578
530.828335331737,392.353357707239,3.45110751916473
72.8116684037435,66.6096057571704,5.09061218969969
3.15350546883672,75.6396961411921,3.48997172472443
585.68290606818,228.494448479191,4.05339103053644
438.620861255742,464.691574846518,4.79896947254793
658.166407262793,373.326252810226,2.87888299543799
107.623292649256,486.21778695832,4.30775497315758
626.845191434058,86.306097094416,4.07985641849807
421.361216776668,260.256357409907,3.66209019631466
12.6726597687821,180.997043245505,3.15600190259779
54.9260525987468,124.531303542055,4.22188203860726
606.572052024743,200.059042290208,4.33342440167041
251.868990732347,216.231039951999,3.6684813466481
584.632685259287,438.262536845967,3.67844951043375
299.769545042587,143.9419141095,3.71101787840789
526.854152837887,460.308690045198,3.55629199845083
41.2587212943594,411.127586031569,3.92781079799028
202.015950207858,294.025461208537,4.03544092403214
553.881416239575,252.351105695615,3.59400619212104
171.685404382844,31.2053373777877,4.3940776869304
493.488124679283,347.371120855728,4.56434674240203
37.1445405653093,45.8476415782981,3.78857282982864
517.446407161595,135.812323111898,4.27583153544516
NA,NA,NA
660.407150256877,332.484264214827,3.37183398474993
455.832107587364,296.285007397741,3.64339154941752
11.7430911375468,498.541863249045,3.57428364693782
565.181110469901,52.2937802538598,4.01924939714323
69.5523937187912,376.013034094181,4.02614792910085
227.026138028415,414.489978773446,3.88904795628166
427.984511759749,14.3376040639447,3.27952543396764
363.783259974519,293.280671470892,2.97713802928239
602.80452105599,104.520417877963,4.24352438773311
394.64353257635,230.940953657414,4.08050358116206
563.430734307405,401.32154876921,4.74844114564146
137.730144503761,281.163387398777,4.65204506992021
192.035775880609,372.919570516181,4.01586313737342
124.454369251343,412.551838274357,3.32840334998479
629.640522300882,315.641810224536,4.59213384895744
5.10960480836772,151.716253387474,4.18447586190333
539.031445017277,201.144756971075,4.11641805989124
33.865069189315,492.890367050077,2.86720743833382
272.958712100614,21.1723408162591,3.99971849413578
530.828335331737,392.353357707239,3.45110751916473
72.8116684037435,66.6096057571704,5.09061218969969
3.15350546883672,75.6396961411921,3.48997172472443
585.68290606818,228.494448479191,4.05339103053644
438.620861255742,464.691574846518,4.79896947254793
658.166407262793,373.326252810226,2.87888299543799
107.623292649256,486.21778695832,4.30775497315758
626.845191434058,86.306097094416,4.07985641849807
421.361216776668,260.256357409907,3.66209019631466
12.6726597687821,180.997043245505,3.15600190259779
54.9260525987468,124.531303542055,4.22188203860726
606.572052024743,200.059042290208,4.33342440167041
251.868990732347,216.231039951999,3.6684813466481
584.632685259287,438.262536845967,3.67844951043375
299.769545042587,143.9419141095,3.71101787840789
526.854152837887,460.308690045198,3.55629199845083
41.2587212943594,411.127586031569,3.92781079799028
202.015950207858,294.025461208537,4.03544092403214
553.881416239575,252.351105695615,3.59400619212104
171.685404382844,31.2053373777877,4.3940776869304
493.488124679283,347.371120855728,4.56434674240203
37.1445405653093,45.8476415782981,3.78857282982864
517.446407161595,135.812323111898,4.27583153544516
NA,NA,NA
660.407150256877,332.484264214827,3.37183398474993
455.832107587364,296.285007397741,3.64339154941752
11.7430911375468,498.541863249045,3.57428364693782
565.181110469901,52.2937802538598,4.01924939714323
69.5523937187912,376.013034094181,4.02614792910085
227.026138028415,414.489978773446,3.88904795628166
427.984511759749,14.3376040639447,3.27952543396764
363.783259974519,293.280671470892,2.97713802928239
602.80452105599,104.520417877963,4.24352438773311
394.64353257635,230.940953657414,4.08050358116206
563.430734307405,401.32154876921,4.74844114564146
137.730144503761,281.163387398777,4.65204506992021
192.035775880609,372.919570516181,4.01586313737342
124.454369251343,412.551838274357,3.32840334998479
629.640522300882,315.641810224536,4.59213384895744
5.10960480836772,151.716253387474,4.18447586190333
539.031445017277,201.144756971075,4.11641805989124
33.865069189315,492.890367050077,2.86720743833382
272.958712100614,21.1723408162591,3.99971849413578
530.828335331737,392.353357707239,3.45110751916473
72.8116684037435,66.6096057571704,5.09061218969969
3.15350546883672,75.6396961411921,3.48997172472443
585.68290606818,228.494448479191,4.05339103053644
438.620861255742,464.691574846518,4.79896947254793
658.166407262793,373.326252810226,2.87888299543799
107.623292649256,486.21778695832,4.30775497315758
626.845191434058,86.306097094416,4.07985641849807
421.361216776668,260.256357409907,3.66209019631466
12.6726597687821,180.997043245505,3.15600190259779
54.9260525987468,124.531303542055,4.22188203860726
606.572052024743,200.059042290208,4.33342440167041
251.868990732347,216.231039951999,3.6684813466481
584.632685259287,438.262536845967,3.67844951043375
299.769545042587,143.9419141095,3.71101787840789
526.854152837887,460.308690045198,3.55629199845083
41.2587212943594,411.127586031569,3.92781079799028
202.015950207858,294.025461208537,4.03544092403214
553.881416239575,252.351105695615,3.59400619212104
171.685404382844,31.2053373777877,4.3940776869304
493.488124679283,347.371120855728,4.56434674240203
37.1445405653093,45.8476415782981,3.78857282982864
517.446407161595,135.812323111898,4.27583153544516
NA,NA,NA
660.407150256877,332.484264214827,3.37183398474993
455.832107587364,296.285007397741,3.64339154941752
11.7430911375468,498.541863249045,3.57428364693782
565.181110469901,52.2937802538598,4.01924939714323
69.5523937187912,376.013034094181,4.02614792910085
227.026138028415,414.489978773446,3.88904795628166
427.984511759749,14.3376040639447,3.27952543396764
363.783259974519,293.280671470892,2.97713802928239
602.80452105599,104.520417877963,4.24352438773311
394.64353257635,230.940953657414,4.08050358116206
563.430734307405,401.32154876921,4.74844114564146
137.730144503761,281.163387398777,4.65204506992021
192.035775880609,372.919570516181,4.01586313737342
124.454369251343,412.551838274357,3.32840334998479
629.640522300882,315.641810224536,4.59213384895744
5.10960480836772,151.716253387474,4.18447586190333
539.031445017277,201.144756971075,4.11641805989124
33.865069189315,492.890367050077,2.86720743833382
272.958712100614,21.1723408162591,3.99971849413578
530.828335331737,392.353357707239,3.45110751916473
72.8116684037435,66.6096057571704,5.09061218969969
3.15350546883672,75.6396961411921,3.48997172472443
585.68290606818,228.494448479191,4.05339103053644
438.620861255742,464.691574846518,4.79896947254793
658.166407262793,373.326252810226,2.87888299543799
107.623292649256,486.21778695832,4.30775497315758
626.845191434058,86.306097094416,4.07985641849807
421.361216776668,260.256357409907,3.66209019631466
12.6726597687821,180.997043245505,3.15600190259779
54.9260525987468,124.531303542055,4.22188203860726
606.572052024743,200.059042290208,4.33342440167041
251.868990732347,216.231039951999,3.6684813466481
584.632685259287,438.262536845967,3.67844951043375
299.769545042587,143.9419141095,3.71101787840789
526.854152837887,460.308690045198,3.55629199845083
41.2587212943594,411.127586031569,3.92781079799028
202.015950207858,294.025461208537,4.03544092403214
553.881416239575,252.351105695615,3.59400619212104
171.685404382844,31.2053373777877,4.3940776869304
493.488124679283,347.371120855728,4.56434674240203
37.1445405653093,45.8476415782981,3.78857282982864
517.446407161595,135.812323111898,4.27583153544516
NA,NA,NA
660.407150256877,332.484264214827,3.37183398474993
455.832107587364,296.285007397741,3.64339154941752
11.7430911375468,498.541863249045,3.57428364693782
565.181110469901,52.2937802538598,4.01924939714323
69.5523937187912,376.013034094181,4.02614792910085
227.026138028415,414.489978773446,3.88904795628166
427.984511759749,14.3376040639447,3.27952543396764
363.783259974519,293.280671470892,2.97713802928239
602.80452105599,104.520417877963,4.24352438773311
394.64353257635,230.940953657414,4.08050358116206
563.430734307405,401.32154876921,4.74844114564146
137.730144503761,281.163387398777,4.65204506992021
192.035775880609,372.919570516181,4.01586313737342
124.454369251343,412.551838274357,3.32840334998479
629.640522300882,315.641810224536,4.59213384895744
5.10960480836772,151.716253387474,4.18447586190333
539.031445017277,201.144756971075,4.11641805989124
33.865069189315,492.890367050077,2.86720743833382
272.958712100614,21.1723408162591,3.99971849413578
530.828335331737,392.353357707239,3.45110751916473
72.8116684037435,66.6096057571704,5.09061218969969
3.15350546883672,75.6396961411921,3.48997172472443
585.68290606818,228.494448479191,4.05339103053644
438.620861255742,464.691574846518,4.79896947254793
658.166407262793,373.326252810226,2.87888299543799
107.623292649256,486.21778695832,4.30775497315758
626.845191434058,86.306097094416,4.07985641849807
421.361216776668,260.256357409907,3.66209019631466
12.6726597687821,180.997043245505,3.15600190259779
54.9260525987468,124.531303542055,4.22188203860726
606.572052024743,200.059042290208,4.33342440167041
251.868990732347,216.231039951999,3.6684813466481
584.632685259287,438.262536845967,3.67844951043375
299.769545042587,143.9419141095,3.71101787840789
526.854152837887,460.308690045198,3.55629199845083
41.2587212943594,411.127586031569,3.92781079799028
202.015950207858,294.025461208537,4.03544092403214
553.881416239575,252.351105695615,3.59400619212104
171.685404382844,31.2053373777877,4.3940776869304
493.488124679283,347.371120855728,4.56434674240203
37.1445405653093,45.8476415782981,3.78857282982864
517.446407161595,135.812323111898,4.27583153544516
NA,NA,NA
660.407150256877,332.484264214827,3.37183398474993
455.832107587364,296.285007397741,3.64339154941752
11.7430911375468,498.541863249045,3.57428364693782
565.181110469901,52.2937802538598,4.01924939714323
69.5523937187912,376.013034094181,4.02614792910085
227.026138028415,414.489978773446,3.88904795628166
427.984511759749,14.3376040639447,3.27952543396764
363.783259974519,293.280671470892,2.97713802928239
602.80452105599,104.520417877963,4.24352438773311
394.64353257635,230.940953657414,4.08050358116206
563.430734307405,401.32154876921,4.74844114564146
137.730144503761,281.163387398777,4.65204506992021
192.035775880609,372.919570516181,4.01586313737342
124.454369251343,412.551838274357,3.32840334998479
629.640522300882,315.641810224536,4.59213384895744
5.10960480836772,151.716253387474,4.18447586190333
539.031445017277,201.144756971075,4.11641805989124
33.865069189315,492.890367050077,2.86720743833382
272.958712100614,21.1723408162591,3.99971849413578
530.828335331737,392.353357707239,3.45110751916473
72.8116684037435,66.6096057571704,5.09061218969969
3.15350546883672,75.6396961411921,3.48997172472443
585.68290606818,228.494448479191,4.05339103053644
438.620861255742,464.691574846518,4.79896947254793
658.166407262793,373.326252810226,2.87888299543799
107.623292649256,486.21778695832,4.30775497315758
626.845191434058,86.306097094416,4.07985641849807
421.361216776668,260.256357409907,3.66209019631466
12.6726597687821,180.997043245505,3.15600190259779
54.9260525987468,124.531303542055,4.22188203860726
606.572052024743,200.059042290208,4.33342440167041
251.868990732347,216.231039951999,3.6684813466481
584.632685259287,438.262536845967,3.67844951043375
299.769545042587,143.9419141095,3.71101787840789
526.854152837887,460.308690045198,3.55629199845083
41.2587212943594,411.127586031569,3.92781079799028
202.015950207858,294.025461208537,4.03544092403214
553.881416239575,252.351105695615,3.59400619212104
171.685404382844,31.2053373777877,4.3940776869304
493.488124679283,347.371120855728,4.56434674240203
37.1445405653093,45.8476415782981,3.78857282982864
517.446407161595,135.812323111898,4.27583153544516
NA,NA,NA
662.018026623958,333.292445764968,3.43765364778961
455.708854542823,300.477387205196,3.74519573965044
13.8941184850796,499.100913530244,3.48262835521673
553.657300451321,53.3591532439408,4.20409173522553
73.3728007265008,379.624326307241,3.8929076983589
226.991757036188,414.561999508464,3.9260275414442
427.955725518333,12.1248520206593,3.29905273329781
360.874287041103,291.893341604203,2.96500653822113
605.52140293509,103.128876846841,4.16622844307322
389.85808018678,233.850942363464,4.22093342758107
563.011808842295,414.990087662335,4.75321768161907
139.597314542254,275.747303144024,4.59124685358982
195.635699661686,372.045981477136,4.02158022661045
122.785890270211,410.296149508183,3.31410669176088
626.813591791538,320.199149123367,4.50697784046279
-2.90005963356805,150.715527712547,4.13191392350556
546.224969003491,205.59205290564,4.05290739379244
34.1056394727727,492.316606420213,2.85512286737012
275.440308747369,24.7218768590768,3.76462782023572
534.212941043049,389.216348028885,3.38662421520928
80.0843534137883,79.2744660276994,5.17915159938191
5.2918456683653,76.5707906878796,3.44966531548343
590.12479524314,227.686324067555,3.98991063514564
447.059375105917,461.469626822867,4.842153539065
660.846587621548,374.492100230025,2.88338844261319
104.434014108655,485.746337881026,4.37419837402867
622.95824376254,92.5347825189532,4.0411518046784
417.962902324012,259.723693369527,3.60958600012658
12.4441323181095,181.666266421597,3.1037733406537
48.2305558308125,103.550464560684,4.48648402329935
615.606930651358,192.929481185487,4.64164703871372
249.928049515926,224.297237449111,4.01157719330862
578.895349181769,440.250352045045,3.83930728429822
298.834086044653,138.055421105281,3.96882652363008
528.01988294637,454.922802762498,3.56327566439844
45.0867793827701,423.97628857593,4.2490491282123
199.3789118277,288.811332042311,4.11166469816729
544.664044892426,272.076635467281,3.83948247267091
180.382878987565,24.7307864981526,4.35350518437154
489.731860008011,340.522273868252,4.39584213522158
32.8623066732872,61.6091196067352,3.90233612602191
521.591422236034,152.788100855166,4.80028009512818
NA,NA,NA
662.018026623958,333.292445764968,3.43765364778961
455.708854542823,300.477387205196,3.74519573965044
13.8941184850796,499.100913530244,3.48262835521673
553.657300451321,53.3591532439408,4.20409173522553
73.3728007265008,379.624326307241,3.8929076983589
226.991757036188,414.561999508464,3.9260275414442
427.955725518333,12.1248520206593,3.29905273329781
360.874287041103,291.893341604203,2.96500653822113
605.52140293509,103.128876846841,4.16622844307322
389.85808018678,233.850942363464,4.22093342758107
563.011808842295,414.990087662335,4.75321768161907
139.597314542254,275.747303144024,4.59124685358982
195.635699661686,372.045981477136,4.02158022661045
122.785890270211,410.296149508183,3.31410669176088
626.813591791538,320.199149123367,4.50697784046279
-2.90005963356805,150.715527712547,4.13191392350556
546.224969003491,205.59205290564,4.05290739379244
34.1056394727727,492.316606420213,2.85512286737012
275.440308747369,24.7218768590768,3.76462782023572
534.212941043049,389.216348028885,3.38662421520928
80.0843534137883,79.2744660276994,5.17915159938191
5.2918456683653,76.5707906878796,3.44966531548343
590.12479524314,227.686324067555,3.98991063514564
447.059375105917,461.469626822867,4.842153539065
660.846587621548,374.492100230025,2.88338844261319
104.434014108655,485.746337881026,4.37419837402867
622.95824376254,92.5347825189532,4.0411518046784
417.962902324012,259.723693369527,3.60958600012658
12.4441323181095,181.666266421597,3.1037733406537
48.2305558308125,103.550464560684,4.48648402329935
615.606930651358,192.929481185487,4.64164703871372
249.928049515926,224.297237449111,4.01157719330862
578.895349181769,440.250352045045,3.83930728429822
298.834086044653,138.055421105281,3.96882652363008
528.01988294637,454.922802762498,3.56327566439844
45.0867793827701,423.97628857593,4.2490491282123
199.3789118277,288.811332042311,4.11166469816729
544.664044892426,272.076635467281,3.83948247267091
180.382878987565,24.7307864981526,4.35350518437154
489.731860008011,340.522273868252,4.39584213522158
32.8623066732872,61.6091196067352,3.90233612602191
521.591422236034,152.788100855166,4.80028009512818
NA,NA,NA
662.018026623958,333.292445764968,3.43765364778961
455.708854542823,300.477387205196,3.74519573965044
13.8941184850796,499.100913530244,3.48262835521673
553.657300451321,53.3591532439408,4.20409173522553
73.3728007265008,379.624326307241,3.8929076983589
226.991757036188,414.561999508464,3.9260275414442
427.955725518333,12.1248520206593,3.29905273329781
360.874287041103,291.893341604203,2.96500653822113
605.52140293509,103.128876846841,4.16622844307322
389.85808018678,233.850942363464,4.22093342758107
563.011808842295,414.990087662335,4.75321768161907
139.597314542254,275.747303144024,4.59124685358982
195.635699661686,372.045981477136,4.02158022661045
122.785890270211,410.296149508183,3.31410669176088
626.813591791538,320.199149123367,4.50697784046279
-2.90005963356805,150.715527712547,4.13191392350556
546.224969003491,205.59205290564,4.05290739379244
34.1056394727727,492.316606420213,2.85512286737012
275.440308747369,24.7218768590768,3.76462782023572
534.212941043049,389.216348028885,3.38662421520928
80.0843534137883,79.2744660276994,5.17915159938191
5.2918456683653,76.5707906878796,3.44966531548343
590.12479524314,227.686324067555,3.98991063514564
447.059375105917,461.469626822867,4.842153539065
660.846587621548,374.492100230025,2.88338844261319
104.434014108655,485.746337881026,4.37419837402867
622.95824376254,92.5347825189532,4.0411518046784
417.962902324012,259.723693369527,3.60958600012658
12.4441323181095,181.666266421597,3.1037733406537
48.2305558308125,103.550464560684,4.48648402329935
615.606930651358,192.929481185487,4.64164703871372
249.928049515926,224.297237449111,4.01157719330862
578.895349181769,440.250352045045,3.83930728429822
298.834086044653,138.055421105281,3.96882652363008
528.01988294637,454.922802762498,3.56327566439844
45.0867793827701,423.97628857593,4.2490491282123
199.3789118277,288.811332042311,4.11166469816729
544.664044892426,272.076635467281,3.83948247267091
180.382878987565,24.7307864981526,4.35350518437154
489.731860008011,340.522273868252,4.39584213522158
32.8623066732872,61.6091196067352,3.90233612602191
521.591422236034,152.788100855166,4.80028009512818
NA,NA,NA
662.018026623958,333.292445764968,3.43765364778961
455.708854542823,300.477387205196,3.74519573965044
13.8941184850796,499.100913530244,3.48262835521673
553.657300451321,53.3591532439408,4.20409173522553
73.3728007265008,379.624326307241,3.8929076983589
226.991757036188,414.561999508464,3.9260275414442
427.955725518333,12.1248520206593,3.29905273329781
360.874287041103,291.893341604203,2.96500653822113
605.52140293509,103.128876846841,4.16622844307322
389.85808018678,233.850942363464,4.22093342758107
563.011808842295,414.990087662335,4.75321768161907
139.597314542254,275.747303144024,4.59124685358982
195.635699661686,372.045981477136,4.02158022661045
122.785890270211,410.296149508183,3.31410669176088
626.813591791538,320.199149123367,4.50697784046279
-2.90005963356805,150.715527712547,4.13191392350556
546.224969003491,205.59205290564,4.05290739379244
34.1056394727727,492.316606420213,2.85512286737012
275.440308747369,24.7218768590768,3.76462782023572
534.212941043049,389.216348028885,3.38662421520928
80.0843534137883,79.2744660276994,5.17915159938191
5.2918456683653,76.5707906878796,3.44966531548343
590.12479524314,227.686324067555,3.98991063514564
447.059375105917,461.469626822867,4.842153539065
660.846587621548,374.492100230025,2.88338844261319
104.434014108655,485.746337881026,4.37419837402867
622.95824376254,92.5347825189532,4.0411518046784
417.962902324012,259.723693369527,3.60958600012658
12.4441323181095,181.666266421597,3.1037733406537
48.2305558308125,103.550464560684,4.48648402329935
615.606930651358,192.929481185487,4.64164703871372
249.928049515926,224.297237449111,4.01157719330862
578.895349181769,440.250352045045,3.83930728429822
298.834086044653,138.055421105281,3.96882652363008
528.01988294637,454.922802762498,3.56327566439844
45.0867793827701,423.97628857593,4.2490491282123
199.3789118277,288.811332042311,4.11166469816729
544.664044892426,272.076635467281,3.83948247267091
180.382878987565,24.7307864981526,4.35350518437154
489.731860008011,340.522273868252,4.39584213522158
32.8623066732872,61.6091196067352,3.90233612602191
521.591422236034,152.788100855166,4.80028009512818
NA,NA,NA
662.018026623958,333.292445764968,3.43765364778961
455.708854542823,300.477387205196,3.74519573965044
13.8941184850796,499.100913530244,3.48262835521673
553.657300451321,53.3591532439408,4.20409173522553
73.3728007265008,379.624326307241,3.8929076983589
226.991757036188,414.561999508464,3.9260275414442
427.955725518333,12.1248520206593,3.29905273329781
360.874287041103,291.893341604203,2.96500653822113
605.52140293509,103.128876846841,4.16622844307322
389.85808018678,233.850942363464,4.22093342758107
563.011808842295,414.990087662335,4.75321768161907
139.597314542254,275.747303144024,4.59124685358982
195.635699661686,372.045981477136,4.02158022661045
122.785890270211,410.296149508183,3.31410669176088
626.813591791538,320.199149123367,4.50697784046279
-2.90005963356805,150.715527712547,4.13191392350556
546.224969003491,205.59205290564,4.05290739379244
34.1056394727727,492.316606420213,2.85512286737012
275.440308747369,24.7218768590768,3.76462782023572
534.212941043049,389.216348028885,3.38662421520928
80.0843534137883,79.2744660276994,5.17915159938191
5.2918456683653,76.5707906878796,3.44966531548343
590.12479524314,227.686324067555,3.98991063514564
447.059375105917,461.469626822867,4.842153539065
660.846587621548,374.492100230025,2.88338844261319
104.434014108655,485.746337881026,4.37419837402867
622.95824376254,92.5347825189532,4.0411518046784
417.962902324012,259.723693369527,3.60958600012658
12.4441323181095,181.666266421597,3.1037733406537
48.2305558308125,103.550464560684,4.48648402329935
615.606930651358,192.929481185487,4.64164703871372
249.928049515926,224.297237449111,4.01157719330862
578.895349181769,440.250352045045,3.83930728429822
298.834086044653,138.055421105281,3.96882652363008
528.01988294637,454.922802762498,3.56327566439844
45.0867793827701,423.97628857593,4.2490491282123
199.3789118277,288.811332042311,4.11166469816729
544.664044892426,272.076635467281,3.83948247267091
180.382878987565,24.7307864981526,4.35350518437154
489.731860008011,340.522273868252,4.39584213522158
32.8623066732872,61.6091196067352,3.90233612602191
521.591422236034,152.788100855166,4.80028009512818
NA,NA,NA
662.018026623958,333.292445764968,3.43765364778961
455.708854542823,300.477387205196,3.74519573965044
13.8941184850796,499.100913530244,3.48262835521673
553.657300451321,53.3591532439408,4.20409173522553
73.3728007265008,379.624326307241,3.8929076983589
226.991757036188,414.561999508464,3.9260275414442
427.955725518333,12.1248520206593,3.29905273329781
360.874287041103,291.893341604203,2.96500653822113
605.52140293509,103.128876846841,4.16622844307322
389.85808018678,233.850942363464,4.22093342758107
563.011808842295,414.990087662335,4.75321768161907
139.597314542254,275.747303144024,4.59124685358982
195.635699661686,372.045981477136,4.02158022661045
122.785890270211,410.296149508183,3.31410669176088
626.813591791538,320.199149123367,4.50697784046279
-2.90005963356805,150.715527712547,4.13191392350556
546.224969003491,205.59205290564,4.05290739379244
34.1056394727727,492.316606420213,2.85512286737012
275.440308747369,24.7218768590768,3.76462782023572
534.212941043049,389.216348028885,3.38662421520928
80.0843534137883,79.2744660276994,5.17915159938191
5.2918456683653,76.5707906878796,3.44966531548343
590.12479524314,227.686324067555,3.98991063514564
447.059375105917,461.469626822867,4.842153539065
660.846587621548,374.492100230025,2.88338844261319
104.434014108655,485.746337881026,4.37419837402867
622.95824376254,92.5347825189532,4.0411518046784
417.962902324012,259.723693369527,3.60958600012658
12.4441323181095,181.666266421597,3.1037733406537
48.2305558308125,103.550464560684,4.48648402329935
615.606930651358,192.929481185487,4.64164703871372
249.928049515926,224.297237449111,4.01157719330862
578.895349181769,440.250352045045,3.83930728429822
298.834086044653,138.055421105281,3.96882652363008
528.01988294637,454.922802762498,3.56327566439844
45.0867793827701,423.97628857593,4.2490491282123
199.3789118277,288.811332042311,4.11166469816729
544.664044892426,272.076635467281,3.83948247267091
180.382878987565,24.7307864981526,4.35350518437154
489.731860008011,340.522273868252,4.39584213522158
32.8623066732872,61.6091196067352,3.90233612602191
521.591422236034,152.788100855166,4.80028009512818
NA,NA,NA
663.34893514342,334.915208974922,3.57119367368606
457.428329117669,298.905801636768,3.50714293395785
9.68685614902806,489.34482023446,3.63592224599237
563.311234574556,51.8258962493866,4.16603924638149
71.6351670736422,374.890403824896,4.07823621686917
221.270093550036,414.077533646264,3.86929664552687
427.967241040345,11.822568289961,3.21282164854783
363.226409380733,292.98873538383,2.9993472164887
603.583607068189,103.738931018871,4.22080478012624
391.296959728362,235.370144405014,4.17923691840013
563.62619478259,410.63664841864,4.74461093488029
142.190117605718,278.484770039767,4.65096659045899
203.500851519139,372.388576657728,4.09368380738659
125.549346692517,410.130512106197,3.33615451712056
621.334660586651,304.488067053834,4.5303391066268
-0.379930092798994,145.848592680596,4.29061113898666
543.195169570878,202.786189837093,4.23276165665543
34.3274405132531,492.882075216917,3.0417758148201
284.05191460933,24.7567332794692,3.90374662487916
534.668862358778,392.482182445618,3.49409043762811
66.6598509654852,83.5314920143257,5.19588676147025
6.80428310820303,79.7955213714978,3.44860903208416
585.008210672187,228.002255279714,4.04324768350738
442.935914800773,460.327306962724,4.79315251447026
658.253240085065,374.85065453688,3.03544628066917
106.103340970694,489.934966316057,4.29261074863886
620.782781773353,86.0736249223777,4.03223304503207
417.999883317624,257.966126228588,3.78302120389954
10.9381942605873,180.585545834815,3.20537848866075
71.7978139077212,114.934345235659,4.53945821391127
609.535530921003,207.704219325971,4.18073245901696
251.528468625085,216.242410880139,3.65602545651755
572.570332976011,433.826330323259,3.74012851284729
300.624933273675,137.062843972573,3.89576942266847
529.73195744909,462.419400540386,3.63108504494575
53.2934386608717,413.309027954854,3.85824043760443
199.585524802359,301.504993727565,3.76124310569937
553.015959366559,257.14892728971,3.66688901460313
179.310881807295,51.0305292598773,4.10688444726752
504.613815614812,344.811179114051,4.54651733548827
20.9545605774102,51.614774747618,3.52767510283097
537.84309543031,131.107665944636,4.70141400353221
NA,NA,NA
663.34893514342,334.915208974922,3.57119367368606
457.428329117669,298.905801636768,3.50714293395785
9.68685614902806,489.34482023446,3.63592224599237
563.311234574556,51.8258962493866,4.16603924638149
71.6351670736422,374.890403824896,4.07823621686917
221.270093550036,414.077533646264,3.86929664552687
427.967241040345,11.822568289961,3.21282164854783
363.226409380733,292.98873538383,2.9993472164887
603.583607068189,103.738931018871,4.22080478012624
391.296959728362,235.370144405014,4.17923691840013
563.62619478259,410.63664841864,4.74461093488029
142.190117605718,278.484770039767,4.65096659045899
203.500851519139,372.388576657728,4.09368380738659
125.549346692517,410.130512106197,3.33615451712056
621.334660586651,304.488067053834,4.5303391066268
-0.379930092798994,145.848592680596,4.29061113898666
543.195169570878,202.786189837093,4.23276165665543
34.3274405132531,492.882075216917,3.0417758148201
284.05191460933,24.7567332794692,3.90374662487916
534.668862358778,392.482182445618,3.49409043762811
66.6598509654852,83.5314920143257,5.19588676147025
6.80428310820303,79.7955213714978,3.44860903208416
585.008210672187,228.002255279714,4.04324768350738
442.935914800773,460.327306962724,4.79315251447026
658.253240085065,374.85065453688,3.03544628066917
106.103340970694,489.934966316057,4.29261074863886
620.782781773353,86.0736249223777,4.03223304503207
417.999883317624,257.966126228588,3.78302120389954
10.9381942605873,180.585545834815,3.20537848866075
71.7978139077212,114.934345235659,4.53945821391127
609.535530921003,207.704219325971,4.18073245901696
251.528468625085,216.242410880139,3.65602545651755
572.570332976011,433.826330323259,3.74012851284729
300.624933273675,137.062843972573,3.89576942266847
529.73195744909,462.419400540386,3.63108504494575
53.2934386608717,413.309027954854,3.85824043760443
199.585524802359,301.504993727565,3.76124310569937
553.015959366559,257.14892728971,3.66688901460313
179.310881807295,51.0305292598773,4.10688444726752
504.613815614812,344.811179114051,4.54651733548827
20.9545605774102,51.614774747618,3.52767510283097
537.84309543031,131.107665944636,4.70141400353221
NA,NA,NA
663.34893514342,334.915208974922,3.57119367368606
457.428329117669,298.905801636768,3.50714293395785
9.68685614902806,489.34482023446,3.63592224599237
563.311234574556,51.8258962493866,4.16603924638149
71.6351670736422,374.890403824896,4.07823621686917
221.270093550036,414.077533646264,3.86929664552687
427.967241040345,11.822568289961,3.21282164854783
363.226409380733,292.98873538383,2.9993472164887
603.583607068189,103.738931018871,4.22080478012624
391.296959728362,235.370144405014,4.17923691840013
563.62619478259,410.63664841864,4.74461093488029
142.190117605718,278.484770039767,4.65096659045899
203.500851519139,372.388576657728,4.09368380738659
125.549346692517,410.130512106197,3.33615451712056
621.334660586651,304.488067053834,4.5303391066268
-0.379930092798994,145.848592680596,4.29061113898666
543.195169570878,202.786189837093,4.23276165665543
34.3274405132531,492.882075216917,3.0417758148201
284.05191460933,24.7567332794692,3.90374662487916
534.668862358778,392.482182445618,3.49409043762811
66.6598509654852,83.5314920143257,5.19588676147025
6.80428310820303,79.7955213714978,3.44860903208416
585.008210672187,228.002255279714,4.04324768350738
442.935914800773,460.327306962724,4.79315251447026
658.253240085065,374.85065453688,3.03544628066917
106.103340970694,489.934966316057,4.29261074863886
620.782781773353,86.0736249223777,4.03223304503207
417.999883317624,257.966126228588,3.78302120389954
10.9381942605873,180.585545834815,3.20537848866075
71.7978139077212,114.934345235659,4.53945821391127
609.535530921003,207.704219325971,4.18073245901696
251.528468625085,216.242410880139,3.65602545651755
572.570332976011,433.826330323259,3.74012851284729
300.624933273675,137.062843972573,3.89576942266847
529.73195744909,462.419400540386,3.63108504494575
53.2934386608717,413.309027954854,3.85824043760443
199.585524802359,301.504993727565,3.76124310569937
553.015959366559,257.14892728971,3.66688901460313
179.310881807295,51.0305292598773,4.10688444726752
504.613815614812,344.811179114051,4.54651733548827
20.9545605774102,51.614774747618,3.52767510283097
537.84309543031,131.107665944636,4.70141400353221
NA,NA,NA
663.34893514342,334.915208974922,3.57119367368606
457.428329117669,298.905801636768,3.50714293395785
9.68685614902806,489.34482023446,3.63592224599237
563.311234574556,51.8258962493866,4.16603924638149
71.6351670736422,374.890403824896,4.07823621686917
221.270093550036,414.077533646264,3.86929664552687
427.967241040345,11.822568289961,3.21282164854783
363.226409380733,292.98873538383,2.9993472164887
603.583607068189,103.738931018871,4.22080478012624
391.296959728362,235.370144405014,4.17923691840013
563.62619478259,410.63664841864,4.74461093488029
142.190117605718,278.484770039767,4.65096659045899
203.500851519139,372.388576657728,4.09368380738659
125.549346692517,410.130512106197,3.33615451712056
621.334660586651,304.488067053834,4.5303391066268
-0.379930092798994,145.848592680596,4.29061113898666
543.195169570878,202.786189837093,4.23276165665543
34.3274405132531,492.882075216917,3.0417758148201
284.05191460933,24.7567332794692,3.90374662487916
534.668862358778,392.482182445618,3.49409043762811
66.6598509654852,83.5314920143257,5.19588676147025
6.80428310820303,79.7955213714978,3.44860903208416
585.008210672187,228.002255279714,4.04324768350738
442.935914800773,460.327306962724,4.79315251447026
658.253240085065,374.85065453688,3.03544628066917
106.103340970694,489.934966316057,4.29261074863886
620.782781773353,86.0736249223777,4.03223304503207
417.999883317624,257.966126228588,3.78302120389954
10.9381942605873,180.585545834815,3.20537848866075
71.7978139077212,114.934345235659,4.53945821391127
609.535530921003,207.704219325971,4.18073245901696
251.528468625085,216.242410880139,3.65602545651755
572.570332976011,433.826330323259,3.74012851284729
300.624933273675,137.062843972573,3.89576942266847
529.73195744909,462.419400540386,3.63108504494575
53.2934386608717,413.309027954854,3.85824043760443
199.585524802359,301.504993727565,3.76124310569937
553.015959366559,257.14892728971,3.66688901460313
179.310881807295,51.0305292598773,4.10688444726752
504.613815614812,344.811179114051,4.54651733548827
20.9545605774102,51.614774747618,3.52767510283097
537.84309543031,131.107665944636,4.70141400353221
NA,NA,NA
663.34893514342,334.915208974922,3.57119367368606
457.428329117669,298.905801636768,3.50714293395785
9.68685614902806,489.34482023446,3.63592224599237
563.311234574556,51.8258962493866,4.16603924638149
71.6351670736422,374.890403824896,4.07823621686917
221.270093550036,414.077533646264,3.86929664552687
427.967241040345,11.822568289961,3.21282164854783
363.226409380733,292.98873538383,2.9993472164887
603.583607068189,103.738931018871,4.22080478012624
391.296959728362,235.370144405014,4.17923691840013
563.62619478259,410.63664841864,4.74461093488029
142.190117605718,278.484770039767,4.65096659045899
203.500851519139,372.388576657728,4.09368380738659
125.549346692517,410.130512106197,3.33615451712056
621.334660586651,304.488067053834,4.5303391066268
-0.379930092798994,145.848592680596,4.29061113898666
543.195169570878,202.786189837093,4.23276165665543
34.3274405132531,492.882075216917,3.0417758148201
284.05191460933,24.7567332794692,3.90374662487916
534.668862358778,392.482182445618,3.49409043762811
66.6598509654852,83.5314920143257,5.19588676147025
6.80428310820303,79.7955213714978,3.44860903208416
585.008210672187,228.002255279714,4.04324768350738
442.935914800773,460.327306962724,4.79315251447026
658.253240085065,374.85065453688,3.03544628066917
106.103340970694,489.934966316057,4.29261074863886
620.782781773353,86.0736249223777,4.03223304503207
417.999883317624,257.966126228588,3.78302120389954
10.9381942605873,180.585545834815,3.20537848866075
71.7978139077212,114.934345235659,4.53945821391127
609.535530921003,207.704219325971,4.18073245901696
251.528468625085,216.242410880139,3.65602545651755
572.570332976011,433.826330323259,3.74012851284729
300.624933273675,137.062843972573,3.89576942266847
529.73195744909,462.419400540386,3.63108504494575
53.2934386608717,413.309027954854,3.85824043760443
199.585524802359,301.504993727565,3.76124310569937
553.015959366559,257.14892728971,3.66688901460313
179.310881807295,51.0305292598773,4.10688444726752
504.613815614812,344.811179114051,4.54651733548827
20.9545605774102,51.614774747618,3.52767510283097
537.84309543031,131.107665944636,4.70141400353221
NA,NA,NA
663.34893514342,334.915208974922,3.57119367368606
457.428329117669,298.905801636768,3.50714293395785
9.68685614902806,489.34482023446,3.63592224599237
563.311234574556,51.8258962493866,4.16603924638149
71.6351670736422,374.890403824896,4.07823621686917
221.270093550036,414.077533646264,3.86929664552687
427.967241040345,11.822568289961,3.21282164854783
363.226409380733,292.98873538383,2.9993472164887
603.583607068189,103.738931018871,4.22080478012624
391.296959728362,235.370144405014,4.17923691840013
563.62619478259,410.63664841864,4.74461093488029
142.190117605718,278.484770039767,4.65096659045899
203.500851519139,372.388576657728,4.09368380738659
125.549346692517,410.130512106197,3.33615451712056
621.334660586651,304.488067053834,4.5303391066268
-0.379930092798994,145.848592680596,4.29061113898666
543.195169570878,202.786189837093,4.23276165665543
34.3274405132531,492.882075216917,3.0417758148201
284.05191460933,24.7567332794692,3.90374662487916
534.668862358778,392.482182445618,3.49409043762811
66.6598509654852,83.5314920143257,5.19588676147025
6.80428310820303,79.7955213714978,3.44860903208416
585.008210672187,228.002255279714,4.04324768350738
442.935914800773,460.327306962724,4.79315251447026
658.253240085065,374.85065453688,3.03544628066917
106.103340970694,489.934966316057,4.29261074863886
620.782781773353,86.0736249223777,4.03223304503207
417.999883317624,257.966126228588,3.78302120389954
10.9381942605873,180.585545834815,3.20537848866075
71.7978139077212,114.934345235659,4.53945821391127
609.535530921003,207.704219325971,4.18073245901696
251.528468625085,216.242410880139,3.65602545651755
572.570332976011,433.826330323259,3.74012851284729
300.624933273675,137.062843972573,3.89576942266847
529.73195744909,462.419400540386,3.63108504494575
53.2934386608717,413.309027954854,3.85824043760443
199.585524802359,301.504993727565,3.76124310569937
553.015959366559,257.14892728971,3.66688901460313
179.310881807295,51.0305292598773,4.10688444726752
504.613815614812,344.811179114051,4.54651733548827
20.9545605774102,51.614774747618,3.52767510283097
537.84309543031,131.107665944636,4.70141400353221
NA,NA,NA
660.412752465619,336.293288737717,3.46235947370978
457.211096275744,296.35067288591,3.65023419297439
10.950325631407,493.479885298191,3.61417174267662
564.469872362779,54.7716394353639,4.22848430909808
77.7537088434636,373.197487787254,3.89379772278102
228.270702872382,413.431258877809,3.99908734915365
429.607594752186,11.004375570726,3.48124800463175
360.121013362939,290.681286234949,3.21635533226034
608.475776905167,105.18684358134,4.16958554617694
389.552949594661,227.631846792092,4.09391160568711
571.868390863634,409.660492837997,4.72269177306088
136.767945399615,286.260466215835,4.57685383685239
196.554530629062,370.632534530845,3.92568842213215
124.201095724461,408.034488516858,3.45417968513519
621.403118682193,316.626374033504,4.63111937807551
0.47292169499037,151.546184445255,4.38139627959675
542.965400454272,202.739236651442,3.9777220673634
35.4317248230014,491.611890705238,3.0297746028822
284.017841808808,22.0983740847746,3.99777619357652
529.874255025487,394.777352199815,3.48253055292887
82.5346907416569,83.0382485922886,5.20808221089669
4.30525480004539,79.3387395433039,3.46713646173583
588.981293681462,223.551605976726,3.96753958346632
445.194830857331,458.942087421013,4.6946841831177
658.532235492856,373.309437835592,3.37185182094295
109.317485306833,489.733474850722,4.31133182670498
625.589184688753,88.5982779765096,4.11978267399734
417.702454659297,256.758934300953,3.62520447431039
9.04264092798997,180.031177501881,3.21357295559473
62.7433752331826,114.233292325643,4.2912083544594
614.440337674448,192.92290696166,4.38722128391008
255.605989885203,205.995662925143,3.96130847561469
576.884233638893,439.855687712523,3.74919496061396
299.688254513503,133.544334872543,3.91823734531697
526.14145961397,456.392893076595,3.79215893467873
46.8175460253665,421.463592960332,3.9675667429947
194.10217557192,282.499176272514,4.53157086979089
548.418624052423,266.948585912572,3.60920438543519
172.925374834022,22.7215485216435,4.48421015588937
490.005557078259,337.488283503941,4.43218336805747
27.7696007396358,49.7555625485955,3.41338155154154
538.131665659378,153.233919256731,4.7287554444093
NA,NA,NA
660.412752465619,336.293288737717,3.46235947370978
457.211096275744,296.35067288591,3.65023419297439
10.950325631407,493.479885298191,3.61417174267662
564.469872362779,54.7716394353639,4.22848430909808
77.7537088434636,373.197487787254,3.89379772278102
228.270702872382,413.431258877809,3.99908734915365
429.607594752186,11.004375570726,3.48124800463175
360.121013362939,290.681286234949,3.21635533226034
608.475776905167,105.18684358134,4.16958554617694
389.552949594661,227.631846792092,4.09391160568711
571.868390863634,409.660492837997,4.72269177306088
136.767945399615,286.260466215835,4.57685383685239
196.554530629062,370.632534530845,3.92568842213215
124.201095724461,408.034488516858,3.45417968513519
621.403118682193,316.626374033504,4.63111937807551
0.47292169499037,151.546184445255,4.38139627959675
542.965400454272,202.739236651442,3.9777220673634
35.4317248230014,491.611890705238,3.0297746028822
284.017841808808,22.0983740847746,3.99777619357652
529.874255025487,394.777352199815,3.48253055292887
82.5346907416569,83.0382485922886,5.20808221089669
4.30525480004539,79.3387395433039,3.46713646173583
588.981293681462,223.551605976726,3.96753958346632
445.194830857331,458.942087421013,4.6946841831177
658.532235492856,373.309437835592,3.37185182094295
109.317485306833,489.733474850722,4.31133182670498
625.589184688753,88.5982779765096,4.11978267399734
417.702454659297,256.758934300953,3.62520447431039
9.04264092798997,180.031177501881,3.21357295559473
62.7433752331826,114.233292325643,4.2912083544594
614.440337674448,192.92290696166,4.38722128391008
255.605989885203,205.995662925143,3.96130847561469
576.884233638893,439.855687712523,3.74919496061396
299.688254513503,133.544334872543,3.91823734531697
526.14145961397,456.392893076595,3.79215893467873
46.8175460253665,421.463592960332,3.9675667429947
194.10217557192,282.499176272514,4.53157086979089
548.418624052423,266.948585912572,3.60920438543519
172.925374834022,22.7215485216435,4.48421015588937
490.005557078259,337.488283503941,4.43218336805747
27.7696007396358,49.7555625485955,3.41338155154154
538.131665659378,153.233919256731,4.7287554444093
NA,NA,NA
660.412752465619,336.293288737717,3.46235947370978
457.211096275744,296.35067288591,3.65023419297439
10.950325631407,493.479885298191,3.61417174267662
564.469872362779,54.7716394353639,4.22848430909808
77.7537088434636,373.197487787254,3.89379772278102
228.270702872382,413.431258877809,3.99908734915365
429.607594752186,11.004375570726,3.48124800463175
360.121013362939,290.681286234949,3.21635533226034
608.475776905167,105.18684358134,4.16958554617694
389.552949594661,227.631846792092,4.09391160568711
571.868390863634,409.660492837997,4.72269177306088
136.767945399615,286.260466215835,4.57685383685239
196.554530629062,370.632534530845,3.92568842213215
124.201095724461,408.034488516858,3.45417968513519
621.403118682193,316.626374033504,4.63111937807551
0.47292169499037,151.546184445255,4.38139627959675
542.965400454272,202.739236651442,3.9777220673634
35.4317248230014,491.611890705238,3.0297746028822
284.017841808808,22.0983740847746,3.99777619357652
529.874255025487,394.777352199815,3.48253055292887
82.5346907416569,83.0382485922886,5.20808221089669
4.30525480004539,79.3387395433039,3.46713646173583
588.981293681462,223.551605976726,3.96753958346632
445.194830857331,458.942087421013,4.6946841831177
658.532235492856,373.309437835592,3.37185182094295
109.317485306833,489.733474850722,4.31133182670498
625.589184688753,88.5982779765096,4.11978267399734
417.702454659297,256.758934300953,3.62520447431039
9.04264092798997,180.031177501881,3.21357295559473
62.7433752331826,114.233292325643,4.2912083544594
614.440337674448,192.92290696166,4.38722128391008
255.605989885203,205.995662925143,3.96130847561469
576.884233638893,439.855687712523,3.74919496061396
299.688254513503,133.544334872543,3.91823734531697
526.14145961397,456.392893076595,3.79215893467873
46.8175460253665,421.463592960332,3.9675667429947
194.10217557192,282.499176272514,4.53157086979089
548.418624052423,266.948585912572,3.60920438543519
172.925374834022,22.7215485216435,4.48421015588937
490.005557078259,337.488283503941,4.43218336805747
27.7696007396358,49.7555625485955,3.41338155154154
538.131665659378,153.233919256731,4.7287554444093
NA,NA,NA
660.412752465619,336.293288737717,3.46235947370978
457.211096275744,296.35067288591,3.65023419297439
10.950325631407,493.479885298191,3.61417174267662
564.469872362779,54.7716394353639,4.22848430909808
77.7537088434636,373.197487787254,3.89379772278102
228.270702872382,413.431258877809,3.99908734915365
429.607594752186,11.004375570726,3.48124800463175
360.121013362939,290.681286234949,3.21635533226034
608.475776905167,105.18684358134,4.16958554617694
389.552949594661,227.631846792092,4.09391160568711
571.868390863634,409.660492837997,4.72269177306088
136.767945399615,286.260466215835,4.57685383685239
196.554530629062,370.632534530845,3.92568842213215
124.201095724461,408.034488516858,3.45417968513519
621.403118682193,316.626374033504,4.63111937807551
0.47292169499037,151.546184445255,4.38139627959675
542.965400454272,202.739236651442,3.9777220673634
35.4317248230014,491.611890705238,3.0297746028822
284.017841808808,22.0983740847746,3.99777619357652
529.874255025487,394.777352199815,3.48253055292887
82.5346907416569,83.0382485922886,5.20808221089669
4.30525480004539,79.3387395433039,3.46713646173583
588.981293681462,223.551605976726,3.96753958346632
445.194830857331,458.942087421013,4.6946841831177
658.532235492856,373.309437835592,3.37185182094295
109.317485306833,489.733474850722,4.31133182670498
625.589184688753,88.5982779765096,4.11978267399734
417.702454659297,256.758934300953,3.62520447431039
9.04264092798997,180.031177501881,3.21357295559473
62.7433752331826,114.233292325643,4.2912083544594
614.440337674448,192.92290696166,4.38722128391008
255.605989885203,205.995662925143,3.96130847561469
576.884233638893,439.855687712523,3.74919496061396
299.688254513503,133.544334872543,3.91823734531697
526.14145961397,456.392893076595,3.79215893467873
46.8175460253665,421.463592960332,3.9675667429947
194.10217557192,282.499176272514,4.53157086979089
548.418624052423,266.948585912572,3.60920438543519
172.925374834022,22.7215485216435,4.48421015588937
490.005557078259,337.488283503941,4.43218336805747
27.7696007396358,49.7555625485955,3.41338155154154
538.131665659378,153.233919256731,4.7287554444093
NA,NA,NA
660.412752465619,336.293288737717,3.46235947370978
457.211096275744,296.35067288591,3.65023419297439
10.950325631407,493.479885298191,3.61417174267662
564.469872362779,54.7716394353639,4.22848430909808
77.7537088434636,373.197487787254,3.89379772278102
228.270702872382,413.431258877809,3.99908734915365
429.607594752186,11.004375570726,3.48124800463175
360.121013362939,290.681286234949,3.21635533226034
608.475776905167,105.18684358134,4.16958554617694
389.552949594661,227.631846792092,4.09391160568711
571.868390863634,409.660492837997,4.72269177306088
136.767945399615,286.260466215835,4.57685383685239
196.554530629062,370.632534530845,3.92568842213215
124.201095724461,408.034488516858,3.45417968513519
621.403118682193,316.626374033504,4.63111937807551
0.47292169499037,151.546184445255,4.38139627959675
542.965400454272,202.739236651442,3.9777220673634
35.4317248230014,491.611890705238,3.0297746028822
284.017841808808,22.0983740847746,3.99777619357652
529.874255025487,394.777352199815,3.48253055292887
82.5346907416569,83.0382485922886,5.20808221089669
4.30525480004539,79.3387395433039,3.46713646173583
588.981293681462,223.551605976726,3.96753958346632
445.194830857331,458.942087421013,4.6946841831177
658.532235492856,373.309437835592,3.37185182094295
109.317485306833,489.733474850722,4.31133182670498
625.589184688753,88.5982779765096,4.11978267399734
417.702454659297,256.758934300953,3.62520447431039
9.04264092798997,180.031177501881,3.21357295559473
62.7433752331826,114.233292325643,4.2912083544594
614.440337674448,192.92290696166,4.38722128391008
255.605989885203,205.995662925143,3.96130847561469
576.884233638893,439.855687712523,3.74919496061396
299.688254513503,133.544334872543,3.91823734531697
526.14145961397,456.392893076595,3.79215893467873
46.8175460253665,421.463592960332,3.9675667429947
194.10217557192,282.499176272514,4.53157086979089
548.418624052423,266.948585912572,3.60920438543519
172.925374834022,22.7215485216435,4.48421015588937
490.005557078259,337.488283503941,4.43218336805747
27.7696007396358,49.7555625485955,3.41338155154154
538.131665659378,153.233919256731,4.7287554444093
NA,NA,NA
660.412752465619,336.293288737717,3.46235947370978
457.211096275744,296.35067288591,3.65023419297439
10.950325631407,493.479885298191,3.61417174267662
564.469872362779,54.7716394353639,4.22848430909808
77.7537088434636,373.197487787254,3.89379772278102
228.270702872382,413.431258877809,3.99908734915365
429.607594752186,11.004375570726,3.48124800463175
360.121013362939,290.681286234949,3.21635533226034
608.475776905167,105.18684358134,4.16958554617694
389.552949594661,227.631846792092,4.09391160568711
571.868390863634,409.660492837997,4.72269177306088
136.767945399615,286.260466215835,4.57685383685239
196.554530629062,370.632534530845,3.92568842213215
124.201095724461,408.034488516858,3.45417968513519
621.403118682193,316.626374033504,4.63111937807551
0.47292169499037,151.546184445255,4.38139627959675
542.965400454272,202.739236651442,3.9777220673634
35.4317248230014,491.611890705238,3.0297746028822
284.017841808808,22.0983740847746,3.99777619357652
529.874255025487,394.777352199815,3.48253055292887
82.5346907416569,83.0382485922886,5.20808221089669
4.30525480004539,79.3387395433039,3.46713646173583
588.981293681462,223.551605976726,3.96753958346632
445.194830857331,458.942087421013,4.6946841831177
658.532235492856,373.309437835592,3.37185182094295
109.317485306833,489.733474850722,4.31133182670498
625.589184688753,88.5982779765096,4.11978267399734
417.702454659297,256.758934300953,3.62520447431039
9.04264092798997,180.031177501881,3.21357295559473
62.7433752331826,114.233292325643,4.2912083544594
614.440337674448,192.92290696166,4.38722128391008
255.605989885203,205.995662925143,3.96130847561469
576.884233638893,439.855687712523,3.74919496061396
299.688254513503,133.544334872543,3.91823734531697
526.14145961397,456.392893076595,3.79215893467873
46.8175460253665,421.463592960332,3.9675667429947
194.10217557192,282.499176272514,4.53157086979089
548.418624052423,266.948585912572,3.60920438543519
172.925374834022,22.7215485216435,4.48421015588937
490.005557078259,337.488283503941,4.43218336805747
27.7696007396358,49.7555625485955,3.41338155154154
538.131665659378,153.233919256731,4.7287554444093
NA,NA,NA
659.046273381788,335.143172483181,3.58143824919612
457.540234517781,298.359492589218,3.58882047282051
12.4385453474587,491.988374320361,3.56873799977444
560.331639449232,47.702858049613,4.09262379833271
72.428483852598,372.983289224263,4.09002590606704
230.054879491733,416.542880789585,3.92707024798873
429.724477990575,11.8723072642165,3.41812867852345
360.417038809028,292.464422895809,3.00874202627927
598.333228332564,102.763874859023,4.29769948857112
396.174264555639,229.394481960673,4.36331517520609
561.399277048915,407.533863471249,4.63223589954569
134.189364192654,286.26742088674,4.42557564709934
197.65426474885,365.434878165827,4.07746614921733
125.660637633806,414.058079541555,3.36474583262502
627.65544077947,316.902734018008,4.65802566217343
0.892877087282078,148.81775522852,4.24262993700858
540.494989517797,206.484087050746,4.18124614954682
35.4519469099212,490.523887491931,3.01566449886726
281.094014519898,21.9318025656396,3.94254401693254
532.670135569572,392.722772442568,3.45687024470892
76.6789335894472,76.4595873504601,5.26327218883851
0.804549959300165,78.1178451594482,3.31901995143282
590.619383879688,227.789164627341,4.03451719397204
440.827505465681,461.37735010702,4.8520723229001
659.670706483478,374.781254779769,3.20894162635473
111.679883118775,486.211381689192,4.33252063660668
623.182651583613,91.0287646857974,4.02754989762976
417.548182496834,263.336067975368,3.66112689933152
9.33171506007697,178.956463893917,3.24968557886813
72.4894881092961,115.054843343835,4.48362217669122
598.893358657219,199.004456000594,4.39961824963763
251.529561759223,217.141636158513,3.89797930420031
571.338728900934,432.42698589921,3.60784173897844
304.889683389986,133.548810107476,3.75836227506107
535.214518344075,453.312748774765,3.82125096340964
41.4971265832975,419.600065632641,3.95568503958896
194.695471917946,299.301887082817,3.84269373507422
558.067632941399,258.98020774486,3.9653333929237
169.933569977236,26.1996027850527,4.30603618597486
504.46000240855,342.182904495465,4.52713395174391
31.588606269017,50.7654812293707,3.99789861968202
520.554766284298,161.637354385948,4.7459485089266
NA,NA,NA
659.046273381788,335.143172483181,3.58143824919612
457.540234517781,298.359492589218,3.58882047282051
12.4385453474587,491.988374320361,3.56873799977444
560.331639449232,47.702858049613,4.09262379833271
72.428483852598,372.983289224263,4.09002590606704
230.054879491733,416.542880789585,3.92707024798873
429.724477990575,11.8723072642165,3.41812867852345
360.417038809028,292.464422895809,3.00874202627927
598.333228332564,102.763874859023,4.29769948857112
396.174264555639,229.394481960673,4.36331517520609
561.399277048915,407.533863471249,4.63223589954569
134.189364192654,286.26742088674,4.42557564709934
197.65426474885,365.434878165827,4.07746614921733
125.660637633806,414.058079541555,3.36474583262502
627.65544077947,316.902734018008,4.65802566217343
0.892877087282078,148.81775522852,4.24262993700858
540.494989517797,206.484087050746,4.18124614954682
35.4519469099212,490.523887491931,3.01566449886726
281.094014519898,21.9318025656396,3.94254401693254
532.670135569572,392.722772442568,3.45687024470892
76.6789335894472,76.4595873504601,5.26327218883851
0.804549959300165,78.1178451594482,3.31901995143282
590.619383879688,227.789164627341,4.03451719397204
440.827505465681,461.37735010702,4.8520723229001
659.670706483478,374.781254779769,3.20894162635473
111.679883118775,486.211381689192,4.33252063660668
623.182651583613,91.0287646857974,4.02754989762976
417.548182496834,263.336067975368,3.66112689933152
9.33171506007697,178.956463893917,3.24968557886813
72.4894881092961,115.054843343835,4.48362217669122
598.893358657219,199.004456000594,4.39961824963763
251.529561759223,217.141636158513,3.89797930420031
571.338728900934,432.42698589921,3.60784173897844
304.889683389986,133.548810107476,3.75836227506107
535.214518344075,453.312748774765,3.82125096340964
41.4971265832975,419.600065632641,3.95568503958896
194.695471917946,299.301887082817,3.84269373507422
558.067632941399,258.98020774486,3.9653333929237
169.933569977236,26.1996027850527,4.30603618597486
504.46000240855,342.182904495465,4.52713395174391
31.588606269017,50.7654812293707,3.99789861968202
520.554766284298,161.637354385948,4.7459485089266
NA,NA,NA
659.046273381788,335.143172483181,3.58143824919612
457.540234517781,298.359492589218,3.58882047282051
12.4385453474587,491.988374320361,3.56873799977444
560.331639449232,47.702858049613,4.09262379833271
72.428483852598,372.983289224263,4.09002590606704
230.054879491733,416.542880789585,3.92707024798873
429.724477990575,11.8723072642165,3.41812867852345
360.417038809028,292.464422895809,3.00874202627927
598.333228332564,102.763874859023,4.29769948857112
396.174264555639,229.394481960673,4.36331517520609
561.399277048915,407.533863471249,4.63223589954569
134.189364192654,286.26742088674,4.42557564709934
197.65426474885,365.434878165827,4.07746614921733
125.660637633806,414.058079541555,3.36474583262502
627.65544077947,316.902734018008,4.65802566217343
0.892877087282078,148.81775522852,4.24262993700858
540.494989517797,206.484087050746,4.18124614954682
35.4519469099212,490.523887491931,3.01566449886726
281.094014519898,21.9318025656396,3.94254401693254
532.670135569572,392.722772442568,3.45687024470892
76.6789335894472,76.4595873504601,5.26327218883851
0.804549959300165,78.1178451594482,3.31901995143282
590.619383879688,227.789164627341,4.03451719397204
440.827505465681,461.37735010702,4.8520723229001
659.670706483478,374.781254779769,3.20894162635473
111.679883118775,486.211381689192,4.33252063660668
623.182651583613,91.0287646857974,4.02754989762976
417.548182496834,263.336067975368,3.66112689933152
9.33171506007697,178.956463893917,3.24968557886813
72.4894881092961,115.054843343835,4.48362217669122
598.893358657219,199.004456000594,4.39961824963763
251.529561759223,217.141636158513,3.89797930420031
571.338728900934,432.42698589921,3.60784173897844
304.889683389986,133.548810107476,3.75836227506107
535.214518344075,453.312748774765,3.82125096340964
41.4971265832975,419.600065632641,3.95568503958896
194.695471917946,299.301887082817,3.84269373507422
558.067632941399,258.98020774486,3.9653333929237
169.933569977236,26.1996027850527,4.30603618597486
504.46000240855,342.182904495465,4.52713395174391
31.588606269017,50.7654812293707,3.99789861968202
520.554766284298,161.637354385948,4.7459485089266
NA,NA,NA
659.046273381788,335.143172483181,3.58143824919612
457.540234517781,298.359492589218,3.58882047282051
12.4385453474587,491.988374320361,3.56873799977444
560.331639449232,47.702858049613,4.09262379833271
72.428483852598,372.983289224263,4.09002590606704
230.054879491733,416.542880789585,3.92707024798873
429.724477990575,11.8723072642165,3.41812867852345
360.417038809028,292.464422895809,3.00874202627927
598.333228332564,102.763874859023,4.29769948857112
396.174264555639,229.394481960673,4.36331517520609
561.399277048915,407.533863471249,4.63223589954569
134.189364192654,286.26742088674,4.42557564709934
197.65426474885,365.434878165827,4.07746614921733
125.660637633806,414.058079541555,3.36474583262502
627.65544077947,316.902734018008,4.65802566217343
0.892877087282078,148.81775522852,4.24262993700858
540.494989517797,206.484087050746,4.18124614954682
35.4519469099212,490.523887491931,3.01566449886726
281.094014519898,21.9318025656396,3.94254401693254
532.670135569572,392.722772442568,3.45687024470892
76.6789335894472,76.4595873504601,5.26327218883851
0.804549959300165,78.1178451594482,3.31901995143282
590.619383879688,227.789164627341,4.03451719397204
440.827505465681,461.37735010702,4.8520723229001
659.670706483478,374.781254779769,3.20894162635473
111.679883118775,486.211381689192,4.33252063660668
623.182651583613,91.0287646857974,4.02754989762976
417.548182496834,263.336067975368,3.66112689933152
9.33171506007697,178.956463893917,3.24968557886813
72.4894881092961,115.054843343835,4.48362217669122
598.893358657219,199.004456000594,4.39961824963763
251.529561759223,217.141636158513,3.89797930420031
571.338728900934,432.42698589921,3.60784173897844
304.889683389986,133.548810107476,3.75836227506107
535.214518344075,453.312748774765,3.82125096340964
41.4971265832975,419.600065632641,3.95568503958896
194.695471917946,299.301887082817,3.84269373507422
558.067632941399,258.98020774486,3.9653333929237
169.933569977236,26.1996027850527,4.30603618597486
504.46000240855,342.182904495465,4.52713395174391
31.588606269017,50.7654812293707,3.99789861968202
520.554766284298,161.637354385948,4.7459485089266
NA,NA,NA
659.046273381788,335.143172483181,3.58143824919612
457.540234517781,298.359492589218,3.58882047282051
12.4385453474587,491.988374320361,3.56873799977444
560.331639449232,47.702858049613,4.09262379833271
72.428483852598,372.983289224263,4.09002590606704
230.054879491733,416.542880789585,3.92707024798873
429.724477990575,11.8723072642165,3.41812867852345
360.417038809028,292.464422895809,3.00874202627927
598.333228332564,102.763874859023,4.29769948857112
396.174264555639,229.394481960673,4.36331517520609
561.399277048915,407.533863471249,4.63223589954569
134.189364192654,286.26742088674,4.42557564709934
197.65426474885,365.434878165827,4.07746614921733
125.660637633806,414.058079541555,3.36474583262502
627.65544077947,316.902734018008,4.65802566217343
0.892877087282078,148.81775522852,4.24262993700858
540.494989517797,206.484087050746,4.18124614954682
35.4519469099212,490.523887491931,3.01566449886726
281.094014519898,21.9318025656396,3.94254401693254
532.670135569572,392.722772442568,3.45687024470892
76.6789335894472,76.4595873504601,5.26327218883851
0.804549959300165,78.1178451594482,3.31901995143282
590.619383879688,227.789164627341,4.03451719397204
440.827505465681,461.37735010702,4.8520723229001
659.670706483478,374.781254779769,3.20894162635473
111.679883118775,486.211381689192,4.33252063660668
623.182651583613,91.0287646857974,4.02754989762976
417.548182496834,263.336067975368,3.66112689933152
9.33171506007697,178.956463893917,3.24968557886813
72.4894881092961,115.054843343835,4.48362217669122
598.893358657219,199.004456000594,4.39961824963763
251.529561759223,217.141636158513,3.89797930420031
571.338728900934,432.42698589921,3.60784173897844
304.889683389986,133.548810107476,3.75836227506107
535.214518344075,453.312748774765,3.82125096340964
41.4971265832975,419.600065632641,3.95568503958896
194.695471917946,299.301887082817,3.84269373507422
558.067632941399,258.98020774486,3.9653333929237
169.933569977236,26.1996027850527,4.30603618597486
504.46000240855,342.182904495465,4.52713395174391
31.588606269017,50.7654812293707,3.99789861968202
520.554766284298,161.637354385948,4.7459485089266
NA,NA,NA
659.046273381788,335.143172483181,3.58143824919612
457.540234517781,298.359492589218,3.58882047282051
12.4385453474587,491.988374320361,3.56873799977444
560.331639449232,47.702858049613,4.09262379833271
72.428483852598,372.983289224263,4.09002590606704
230.054879491733,416.542880789585,3.92707024798873
429.724477990575,11.8723072642165,3.41812867852345
360.417038809028,292.464422895809,3.00874202627927
598.333228332564,102.763874859023,4.29769948857112
396.174264555639,229.394481960673,4.36331517520609
561.399277048915,407.533863471249,4.63223589954569
134.189364192654,286.26742088674,4.42557564709934
197.65426474885,365.434878165827,4.07746614921733
125.660637633806,414.058079541555,3.36474583262502
627.65544077947,316.902734018008,4.65802566217343
0.892877087282078,148.81775522852,4.24262993700858
540.494989517797,206.484087050746,4.18124614954682
35.4519469099212,490.523887491931,3.01566449886726
281.094014519898,21.9318025656396,3.94254401693254
532.670135569572,392.722772442568,3.45687024470892
76.6789335894472,76.4595873504601,5.26327218883851
0.804549959300165,78.1178451594482,3.31901995143282
590.619383879688,227.789164627341,4.03451719397204
440.827505465681,461.37735010702,4.8520723229001
659.670706483478,374.781254779769,3.20894162635473
111.679883118775,486.211381689192,4.33252063660668
623.182651583613,91.0287646857974,4.02754989762976
417.548182496834,263.336067975368,3.66112689933152
9.33171506007697,178.956463893917,3.24968557886813
72.4894881092961,115.054843343835,4.48362217669122
598.893358657219,199.004456000594,4.39961824963763
251.529561759223,217.141636158513,3.89797930420031
571.338728900934,432.42698589921,3.60784173897844
304.889683389986,133.548810107476,3.75836227506107
535.214518344075,453.312748774765,3.82125096340964
41.4971265832975,419.600065632641,3.95568503958896
194.695471917946,299.301887082817,3.84269373507422
558.067632941399,258.98020774486,3.9653333929237
169.933569977236,26.1996027850527,4.30603618597486
504.46000240855,342.182904495465,4.52713395174391
31.588606269017,50.7654812293707,3.99789861968202
520.554766284298,161.637354385948,4.7459485089266
NA,NA,NA
660.022559561833,335.398739820318,3.50566290927107
454.333609796527,298.910756425945,3.69822804872697
7.99733861110544,490.979372823116,3.67786529155292
566.747150251039,49.631147325021,4.12426421948774
73.028889224042,378.559117686445,3.96746578301981
229.451146287549,413.253433039586,3.90497968787488
427.183999064585,13.1734766155375,3.32806723483934
360.901300827091,291.831076799613,2.97521954314606
604.144808643144,101.956858628388,4.33820217161627
392.80615091877,226.430574917542,4.14661521657813
563.807682613975,415.745725676283,4.77288372457625
136.855813074731,284.708584827629,4.60137710000524
202.555297851764,367.650075297316,3.90449221706443
128.955047315731,409.338658054842,3.43267978751218
627.121427758649,312.967644770837,4.61127814385611
2.84014278905984,147.231885998394,4.20591130005962
540.017771915866,207.459885302357,4.04981449751464
35.0832362246496,491.026464765666,3.05928123783037
279.926741364471,21.8742583589396,3.91782541231409
533.622573270058,390.99589633769,3.34881615215137
72.5016797104175,76.1826261649984,5.1603976824408
1.78390340023595,75.9138513907306,3.51117131903259
584.531320472164,228.097701761219,4.04835919709711
434.435591169031,466.881821046028,4.78867149343913
659.474628999208,374.267938615586,3.17664264334056
102.237317075075,485.79965844837,4.35607751551445
623.975203873441,90.2604742345506,4.15393626230904
418.675651066358,256.235356570788,3.64195511851267
10.4366284973187,182.60540695863,3.35199596153473
75.3520222964893,125.521856201782,4.65984525428038
613.393818588594,222.051410631759,4.53604054279633
248.508653310644,222.86018441475,4.009108834061
577.337644083671,435.702681406701,3.88249633664087
302.222547650864,136.910359499367,3.96735497837822
530.399268527613,447.361723246667,3.55447961001402
48.555035194948,424.371123514096,4.20585771480006
188.998594835143,286.323596046777,3.92643889409819
554.254210408593,267.775984655687,3.93620843075112
169.147040967799,35.1747959198703,4.34363314812923
514.411974408775,344.674200796958,4.58223354981529
45.5258713039424,50.6973836640245,3.35946701452732
507.425218070427,146.377052545438,4.79576792743045
NA,NA,NA
660.022559561833,335.398739820318,3.50566290927107
454.333609796527,298.910756425945,3.69822804872697
7.99733861110544,490.979372823116,3.67786529155292
566.747150251039,49.631147325021,4.12426421948774
73.028889224042,378.559117686445,3.96746578301981
229.451146287549,413.253433039586,3.90497968787488
427.183999064585,13.1734766155375,3.32806723483934
360.901300827091,291.831076799613,2.97521954314606
604.144808643144,101.956858628388,4.33820217161627
392.80615091877,226.430574917542,4.14661521657813
563.807682613975,415.745725676283,4.77288372457625
136.855813074731,284.708584827629,4.60137710000524
202.555297851764,367.650075297316,3.90449221706443
128.955047315731,409.338658054842,3.43267978751218
627.121427758649,312.967644770837,4.61127814385611
2.84014278905984,147.231885998394,4.20591130005962
540.017771915866,207.459885302357,4.04981449751464
35.0832362246496,491.026464765666,3.05928123783037
279.926741364471,21.8742583589396,3.91782541231409
533.622573270058,390.99589633769,3.34881615215137
72.5016797104175,76.1826261649984,5.1603976824408
1.78390340023595,75.9138513907306,3.51117131903259
584.531320472164,228.097701761219,4.04835919709711
434.435591169031,466.881821046028,4.78867149343913
659.474628999208,374.267938615586,3.17664264334056
102.237317075075,485.79965844837,4.35607751551445
623.975203873441,90.2604742345506,4.15393626230904
418.675651066358,256.235356570788,3.64195511851267
10.4366284973187,182.60540695863,3.35199596153473
75.3520222964893,125.521856201782,4.65984525428038
613.393818588594,222.051410631759,4.53604054279633
248.508653310644,222.86018441475,4.009108834061
577.337644083671,435.702681406701,3.88249633664087
302.222547650864,136.910359499367,3.96735497837822
530.399268527613,447.361723246667,3.55447961001402
48.555035194948,424.371123514096,4.20585771480006
188.998594835143,286.323596046777,3.92643889409819
554.254210408593,267.775984655687,3.93620843075112
169.147040967799,35.1747959198703,4.34363314812923
514.411974408775,344.674200796958,4.58223354981529
45.5258713039424,50.6973836640245,3.35946701452732
507.425218070427,146.377052545438,4.79576792743045
NA,NA,NA
660.022559561833,335.398739820318,3.50566290927107
454.333609796527,298.910756425945,3.69822804872697
7.99733861110544,490.979372823116,3.67786529155292
566.747150251039,49.631147325021,4.12426421948774
73.028889224042,378.559117686445,3.96746578301981
229.451146287549,413.253433039586,3.90497968787488
427.183999064585,13.1734766155375,3.32806723483934
360.901300827091,291.831076799613,2.97521954314606
604.144808643144,101.956858628388,4.33820217161627
392.80615091877,226.430574917542,4.14661521657813
563.807682613975,415.745725676283,4.77288372457625
136.855813074731,284.708584827629,4.60137710000524
202.555297851764,367.650075297316,3.90449221706443
128.955047315731,409.338658054842,3.43267978751218
627.121427758649,312.967644770837,4.61127814385611
2.84014278905984,147.231885998394,4.20591130005962
540.017771915866,207.459885302357,4.04981449751464
35.0832362246496,491.026464765666,3.05928123783037
279.926741364471,21.8742583589396,3.91782541231409
533.622573270058,390.99589633769,3.34881615215137
72.5016797104175,76.1826261649984,5.1603976824408
1.78390340023595,75.9138513907306,3.51117131903259
584.531320472164,228.097701761219,4.04835919709711
434.435591169031,466.881821046028,4.78867149343913
659.474628999208,374.267938615586,3.17664264334056
102.237317075075,485.79965844837,4.35607751551445
623.975203873441,90.2604742345506,4.15393626230904
418.675651066358,256.235356570788,3.64195511851267
10.4366284973187,182.60540695863,3.35199596153473
75.3520222964893,125.521856201782,4.65984525428038
613.393818588594,222.051410631759,4.53604054279633
248.508653310644,222.86018441475,4.009108834061
577.337644083671,435.702681406701,3.88249633664087
302.222547650864,136.910359499367,3.96735497837822
530.399268527613,447.361723246667,3.55447961001402
48.555035194948,424.371123514096,4.20585771480006
188.998594835143,286.323596046777,3.92643889409819
554.254210408593,267.775984655687,3.93620843075112
169.147040967799,35.1747959198703,4.34363314812923
514.411974408775,344.674200796958,4.58223354981529
45.5258713039424,50.6973836640245,3.35946701452732
507.425218070427,146.377052545438,4.79576792743045
NA,NA,NA
660.022559561833,335.398739820318,3.50566290927107
454.333609796527,298.910756425945,3.69822804872697
7.99733861110544,490.979372823116,3.67786529155292
566.747150251039,49.631147325021,4.12426421948774
73.028889224042,378.559117686445,3.96746578301981
229.451146287549,413.253433039586,3.90497968787488
427.183999064585,13.1734766155375,3.32806723483934
360.901300827091,291.831076799613,2.97521954314606
604.144808643144,101.956858628388,4.33820217161627
392.80615091877,226.430574917542,4.14661521657813
563.807682613975,415.745725676283,4.77288372457625
136.855813074731,284.708584827629,4.60137710000524
202.555297851764,367.650075297316,3.90449221706443
128.955047315731,409.338658054842,3.43267978751218
627.121427758649,312.967644770837,4.61127814385611
2.84014278905984,147.231885998394,4.20591130005962
540.017771915866,207.459885302357,4.04981449751464
35.0832362246496,491.026464765666,3.05928123783037
279.926741364471,21.8742583589396,3.91782541231409
533.622573270058,390.99589633769,3.34881615215137
72.5016797104175,76.1826261649984,5.1603976824408
1.78390340023595,75.9138513907306,3.51117131903259
584.531320472164,228.097701761219,4.04835919709711
434.435591169031,466.881821046028,4.78867149343913
659.474628999208,374.267938615586,3.17664264334056
102.237317075075,485.79965844837,4.35607751551445
623.975203873441,90.2604742345506,4.15393626230904
418.675651066358,256.235356570788,3.64195511851267
10.4366284973187,182.60540695863,3.35199596153473
75.3520222964893,125.521856201782,4.65984525428038
613.393818588594,222.051410631759,4.53604054279633
248.508653310644,222.86018441475,4.009108834061
577.337644083671,435.702681406701,3.88249633664087
302.222547650864,136.910359499367,3.96735497837822
530.399268527613,447.361723246667,3.55447961001402
48.555035194948,424.371123514096,4.20585771480006
188.998594835143,286.323596046777,3.92643889409819
554.254210408593,267.775984655687,3.93620843075112
169.147040967799,35.1747959198703,4.34363314812923
514.411974408775,344.674200796958,4.58223354981529
45.5258713039424,50.6973836640245,3.35946701452732
507.425218070427,146.377052545438,4.79576792743045
NA,NA,NA
660.022559561833,335.398739820318,3.50566290927107
454.333609796527,298.910756425945,3.69822804872697
7.99733861110544,490.979372823116,3.67786529155292
566.747150251039,49.631147325021,4.12426421948774
73.028889224042,378.559117686445,3.96746578301981
229.451146287549,413.253433039586,3.90497968787488
427.183999064585,13.1734766155375,3.32806723483934
360.901300827091,291.831076799613,2.97521954314606
604.144808643144,101.956858628388,4.33820217161627
392.80615091877,226.430574917542,4.14661521657813
563.807682613975,415.745725676283,4.77288372457625
136.855813074731,284.708584827629,4.60137710000524
202.555297851764,367.650075297316,3.90449221706443
128.955047315731,409.338658054842,3.43267978751218
627.121427758649,312.967644770837,4.61127814385611
2.84014278905984,147.231885998394,4.20591130005962
540.017771915866,207.459885302357,4.04981449751464
35.0832362246496,491.026464765666,3.05928123783037
279.926741364471,21.8742583589396,3.91782541231409
533.622573270058,390.99589633769,3.34881615215137
72.5016797104175,76.1826261649984,5.1603976824408
1.78390340023595,75.9138513907306,3.51117131903259
584.531320472164,228.097701761219,4.04835919709711
434.435591169031,466.881821046028,4.78867149343913
659.474628999208,374.267938615586,3.17664264334056
102.237317075075,485.79965844837,4.35607751551445
623.975203873441,90.2604742345506,4.15393626230904
418.675651066358,256.235356570788,3.64195511851267
10.4366284973187,182.60540695863,3.35199596153473
75.3520222964893,125.521856201782,4.65984525428038
613.393818588594,222.051410631759,4.53604054279633
248.508653310644,222.86018441475,4.009108834061
577.337644083671,435.702681406701,3.88249633664087
302.222547650864,136.910359499367,3.96735497837822
530.399268527613,447.361723246667,3.55447961001402
48.555035194948,424.371123514096,4.20585771480006
188.998594835143,286.323596046777,3.92643889409819
554.254210408593,267.775984655687,3.93620843075112
169.147040967799,35.1747959198703,4.34363314812923
514.411974408775,344.674200796958,4.58223354981529
45.5258713039424,50.6973836640245,3.35946701452732
507.425218070427,146.377052545438,4.79576792743045
NA,NA,NA
660.022559561833,335.398739820318,3.50566290927107
454.333609796527,298.910756425945,3.69822804872697
7.99733861110544,490.979372823116,3.67786529155292
566.747150251039,49.631147325021,4.12426421948774
73.028889224042,378.559117686445,3.96746578301981
229.451146287549,413.253433039586,3.90497968787488
427.183999064585,13.1734766155375,3.32806723483934
360.901300827091,291.831076799613,2.97521954314606
604.144808643144,101.956858628388,4.33820217161627
392.80615091877,226.430574917542,4.14661521657813
563.807682613975,415.745725676283,4.77288372457625
136.855813074731,284.708584827629,4.60137710000524
202.555297851764,367.650075297316,3.90449221706443
128.955047315731,409.338658054842,3.43267978751218
627.121427758649,312.967644770837,4.61127814385611
2.84014278905984,147.231885998394,4.20591130005962
540.017771915866,207.459885302357,4.04981449751464
35.0832362246496,491.026464765666,3.05928123783037
279.926741364471,21.8742583589396,3.91782541231409
533.622573270058,390.99589633769,3.34881615215137
72.5016797104175,76.1826261649984,5.1603976824408
1.78390340023595,75.9138513907306,3.51117131903259
584.531320472164,228.097701761219,4.04835919709711
434.435591169031,466.881821046028,4.78867149343913
659.474628999208,374.267938615586,3.17664264334056
102.237317075075,485.79965844837,4.35607751551445
623.975203873441,90.2604742345506,4.15393626230904
418.675651066358,256.235356570788,3.64195511851267
10.4366284973187,182.60540695863,3.35199596153473
75.3520222964893,125.521856201782,4.65984525428038
613.393818588594,222.051410631759,4.53604054279633
248.508653310644,222.86018441475,4.009108834061
577.337644083671,435.702681406701,3.88249633664087
302.222547650864,136.910359499367,3.96735497837822
530.399268527613,447.361723246667,3.55447961001402
48.555035194948,424.371123514096,4.20585771480006
188.998594835143,286.323596046777,3.92643889409819
554.254210408593,267.775984655687,3.93620843075112
169.147040967799,35.1747959198703,4.34363314812923
514.411974408775,344.674200796958,4.58223354981529
45.5258713039424,50.6973836640245,3.35946701452732
507.425218070427,146.377052545438,4.79576792743045
NA,NA,NA
658.518412772379,331.609085005697,3.43813563998702
455.812990260825,300.10754045414,3.69402112779331
16.980840335156,496.226889409317,3.59350983244279
563.543181797176,44.6907469610536,4.2733581104981
71.9912656959953,376.87542598773,4.03673880130383
227.482940101675,410.386575395839,3.917545833989
429.136558203381,13.5764888036001,3.27868275555052
362.52893259461,292.985622217719,3.03426346967731
603.032505884736,105.396710867981,4.1363889520143
394.762757069385,227.730102293251,4.24336944017282
566.135395046211,404.030323220344,4.79986183110118
142.314350436406,285.302269523827,4.42359752592341
200.492020622177,370.717839277711,4.02761621624701
122.454007536275,412.313400396383,3.36624875370646
629.821433849181,314.494256918068,4.73980911168553
1.77739427825662,149.47559826699,4.2694422277729
543.906124729798,196.953376676548,4.20399163766442
34.779313409068,490.720443769816,3.0845797948139
275.781416335889,23.4172443991612,3.93791233867474
534.828790530661,393.416415730431,3.49629983712895
70.4630445994254,75.9804760909221,5.23068618459701
5.70492093606771,79.2715278958706,3.48286825850765
589.240230650094,225.38512112483,3.99574646642529
444.663580328451,460.891494497207,4.7211566800327
658.233478161012,373.224943302295,3.03686122517063
102.154066309502,478.819938475265,4.31046712689791
624.212563777419,85.681925750326,4.03238490072991
421.458605719185,255.63895059851,3.57066217389474
11.9850174208467,179.633388476103,3.19173831130663
67.4196665125215,117.534373439595,4.37254814982648
612.180754375871,217.187357079565,4.40332606361117
251.825723655303,211.830661461584,3.67786961678719
575.448522801306,441.692450676494,3.82388520462629
301.518869658049,136.799338587919,3.77791273584677
525.381811666608,457.317563577767,3.88688844291277
50.2067904037686,421.356199222345,4.10661431484133
196.471349216287,283.036283459622,3.80019855614581
553.067271028773,265.654702638842,3.89452711946751
173.960889431336,28.3363112290189,3.91369376253571
502.03715454229,331.376384352446,4.42048686736413
35.3912901622046,53.4994573329972,3.85294968615284
537.868300715669,142.598644642126,4.49176855673997
NA,NA,NA
658.518412772379,331.609085005697,3.43813563998702
455.812990260825,300.10754045414,3.69402112779331
16.980840335156,496.226889409317,3.59350983244279
563.543181797176,44.6907469610536,4.2733581104981
71.9912656959953,376.87542598773,4.03673880130383
227.482940101675,410.386575395839,3.917545833989
429.136558203381,13.5764888036001,3.27868275555052
362.52893259461,292.985622217719,3.03426346967731
603.032505884736,105.396710867981,4.1363889520143
394.762757069385,227.730102293251,4.24336944017282
566.135395046211,404.030323220344,4.79986183110118
142.314350436406,285.302269523827,4.42359752592341
200.492020622177,370.717839277711,4.02761621624701
122.454007536275,412.313400396383,3.36624875370646
629.821433849181,314.494256918068,4.73980911168553
1.77739427825662,149.47559826699,4.2694422277729
543.906124729798,196.953376676548,4.20399163766442
34.779313409068,490.720443769816,3.0845797948139
275.781416335889,23.4172443991612,3.93791233867474
534.828790530661,393.416415730431,3.49629983712895
70.4630445994254,75.9804760909221,5.23068618459701
5.70492093606771,79.2715278958706,3.48286825850765
589.240230650094,225.38512112483,3.99574646642529
444.663580328451,460.891494497207,4.7211566800327
658.233478161012,373.224943302295,3.03686122517063
102.154066309502,478.819938475265,4.31046712689791
624.212563777419,85.681925750326,4.03238490072991
421.458605719185,255.63895059851,3.57066217389474
11.9850174208467,179.633388476103,3.19173831130663
67.4196665125215,117.534373439595,4.37254814982648
612.180754375871,217.187357079565,4.40332606361117
251.825723655303,211.830661461584,3.67786961678719
575.448522801306,441.692450676494,3.82388520462629
301.518869658049,136.799338587919,3.77791273584677
525.381811666608,457.317563577767,3.88688844291277
50.2067904037686,421.356199222345,4.10661431484133
196.471349216287,283.036283459622,3.80019855614581
553.067271028773,265.654702638842,3.89452711946751
173.960889431336,28.3363112290189,3.91369376253571
502.03715454229,331.376384352446,4.42048686736413
35.3912901622046,53.4994573329972,3.85294968615284
537.868300715669,142.598644642126,4.49176855673997
NA,NA,NA
658.518412772379,331.609085005697,3.43813563998702
455.812990260825,300.10754045414,3.69402112779331
16.980840335156,496.226889409317,3.59350983244279
563.543181797176,44.6907469610536,4.2733581104981
71.9912656959953,376.87542598773,4.03673880130383
227.482940101675,410.386575395839,3.917545833989
429.136558203381,13.5764888036001,3.27868275555052
362.52893259461,292.985622217719,3.03426346967731
603.032505884736,105.396710867981,4.1363889520143
394.762757069385,227.730102293251,4.24336944017282
566.135395046211,404.030323220344,4.79986183110118
142.314350436406,285.302269523827,4.42359752592341
200.492020622177,370.717839277711,4.02761621624701
122.454007536275,412.313400396383,3.36624875370646
629.821433849181,314.494256918068,4.73980911168553
1.77739427825662,149.47559826699,4.2694422277729
543.906124729798,196.953376676548,4.20399163766442
34.779313409068,490.720443769816,3.0845797948139
275.781416335889,23.4172443991612,3.93791233867474
534.828790530661,393.416415730431,3.49629983712895
70.4630445994254,75.9804760909221,5.23068618459701
5.70492093606771,79.2715278958706,3.48286825850765
589.240230650094,225.38512112483,3.99574646642529
444.663580328451,460.891494497207,4.7211566800327
658.233478161012,373.224943302295,3.03686122517063
102.154066309502,478.819938475265,4.31046712689791
624.212563777419,85.681925750326,4.03238490072991
421.458605719185,255.63895059851,3.57066217389474
11.9850174208467,179.633388476103,3.19173831130663
67.4196665125215,117.534373439595,4.37254814982648
612.180754375871,217.187357079565,4.40332606361117
251.825723655303,211.830661461584,3.67786961678719
575.448522801306,441.692450676494,3.82388520462629
301.518869658049,136.799338587919,3.77791273584677
525.381811666608,457.317563577767,3.88688844291277
50.2067904037686,421.356199222345,4.10661431484133
196.471349216287,283.036283459622,3.80019855614581
553.067271028773,265.654702638842,3.89452711946751
173.960889431336,28.3363112290189,3.91369376253571
502.03715454229,331.376384352446,4.42048686736413
35.3912901622046,53.4994573329972,3.85294968615284
537.868300715669,142.598644642126,4.49176855673997
NA,NA,NA
658.518412772379,331.609085005697,3.43813563998702
455.812990260825,300.10754045414,3.69402112779331
16.980840335156,496.226889409317,3.59350983244279
563.543181797176,44.6907469610536,4.2733581104981
71.9912656959953,376.87542598773,4.03673880130383
227.482940101675,410.386575395839,3.917545833989
429.136558203381,13.5764888036001,3.27868275555052
362.52893259461,292.985622217719,3.03426346967731
603.032505884736,105.396710867981,4.1363889520143
394.762757069385,227.730102293251,4.24336944017282
566.135395046211,404.030323220344,4.79986183110118
142.314350436406,285.302269523827,4.42359752592341
200.492020622177,370.717839277711,4.02761621624701
122.454007536275,412.313400396383,3.36624875370646
629.821433849181,314.494256918068,4.73980911168553
1.77739427825662,149.47559826699,4.2694422277729
543.906124729798,196.953376676548,4.20399163766442
34.779313409068,490.720443769816,3.0845797948139
275.781416335889,23.4172443991612,3.93791233867474
534.828790530661,393.416415730431,3.49629983712895
70.4630445994254,75.9804760909221,5.23068618459701
5.70492093606771,79.2715278958706,3.48286825850765
589.240230650094,225.38512112483,3.99574646642529
444.663580328451,460.891494497207,4.7211566800327
658.233478161012,373.224943302295,3.03686122517063
102.154066309502,478.819938475265,4.31046712689791
624.212563777419,85.681925750326,4.03238490072991
421.458605719185,255.63895059851,3.57066217389474
11.9850174208467,179.633388476103,3.19173831130663
67.4196665125215,117.534373439595,4.37254814982648
612.180754375871,217.187357079565,4.40332606361117
251.825723655303,211.830661461584,3.67786961678719
575.448522801306,441.692450676494,3.82388520462629
301.518869658049,136.799338587919,3.77791273584677
525.381811666608,457.317563577767,3.88688844291277
50.2067904037686,421.356199222345,4.10661431484133
196.471349216287,283.036283459622,3.80019855614581
553.067271028773,265.654702638842,3.89452711946751
173.960889431336,28.3363112290189,3.91369376253571
502.03715454229,331.376384352446,4.42048686736413
35.3912901622046,53.4994573329972,3.85294968615284
537.868300715669,142.598644642126,4.49176855673997
NA,NA,NA
658.518412772379,331.609085005697,3.43813563998702
455.812990260825,300.10754045414,3.69402112779331
16.980840335156,496.226889409317,3.59350983244279
563.543181797176,44.6907469610536,4.2733581104981
71.9912656959953,376.87542598773,4.03673880130383
227.482940101675,410.386575395839,3.917545833989
429.136558203381,13.5764888036001,3.27868275555052
362.52893259461,292.985622217719,3.03426346967731
603.032505884736,105.396710867981,4.1363889520143
394.762757069385,227.730102293251,4.24336944017282
566.135395046211,404.030323220344,4.79986183110118
142.314350436406,285.302269523827,4.42359752592341
200.492020622177,370.717839277711,4.02761621624701
122.454007536275,412.313400396383,3.36624875370646
629.821433849181,314.494256918068,4.73980911168553
1.77739427825662,149.47559826699,4.2694422277729
543.906124729798,196.953376676548,4.20399163766442
34.779313409068,490.720443769816,3.0845797948139
275.781416335889,23.4172443991612,3.93791233867474
534.828790530661,393.416415730431,3.49629983712895
70.4630445994254,75.9804760909221,5.23068618459701
5.70492093606771,79.2715278958706,3.48286825850765
589.240230650094,225.38512112483,3.99574646642529
444.663580328451,460.891494497207,4.7211566800327
658.233478161012,373.224943302295,3.03686122517063
102.154066309502,478.819938475265,4.31046712689791
624.212563777419,85.681925750326,4.03238490072991
421.458605719185,255.63895059851,3.57066217389474
11.9850174208467,179.633388476103,3.19173831130663
67.4196665125215,117.534373439595,4.37254814982648
612.180754375871,217.187357079565,4.40332606361117
251.825723655303,211.830661461584,3.67786961678719
575.448522801306,441.692450676494,3.82388520462629
301.518869658049,136.799338587919,3.77791273584677
525.381811666608,457.317563577767,3.88688844291277
50.2067904037686,421.356199222345,4.10661431484133
196.471349216287,283.036283459622,3.80019855614581
553.067271028773,265.654702638842,3.89452711946751
173.960889431336,28.3363112290189,3.91369376253571
502.03715454229,331.376384352446,4.42048686736413
35.3912901622046,53.4994573329972,3.85294968615284
537.868300715669,142.598644642126,4.49176855673997
NA,NA,NA
658.518412772379,331.609085005697,3.43813563998702
455.812990260825,300.10754045414,3.69402112779331
16.980840335156,496.226889409317,3.59350983244279
563.543181797176,44.6907469610536,4.2733581104981
71.9912656959953,376.87542598773,4.03673880130383
227.482940101675,410.386575395839,3.917545833989
429.136558203381,13.5764888036001,3.27868275555052
362.52893259461,292.985622217719,3.03426346967731
603.032505884736,105.396710867981,4.1363889520143
394.762757069385,227.730102293251,4.24336944017282
566.135395046211,404.030323220344,4.79986183110118
142.314350436406,285.302269523827,4.42359752592341
200.492020622177,370.717839277711,4.02761621624701
122.454007536275,412.313400396383,3.36624875370646
629.821433849181,314.494256918068,4.73980911168553
1.77739427825662,149.47559826699,4.2694422277729
543.906124729798,196.953376676548,4.20399163766442
34.779313409068,490.720443769816,3.0845797948139
275.781416335889,23.4172443991612,3.93791233867474
534.828790530661,393.416415730431,3.49629983712895
70.4630445994254,75.9804760909221,5.23068618459701
5.70492093606771,79.2715278958706,3.48286825850765
589.240230650094,225.38512112483,3.99574646642529
444.663580328451,460.891494497207,4.7211566800327
658.233478161012,373.224943302295,3.03686122517063
102.154066309502,478.819938475265,4.31046712689791
624.212563777419,85.681925750326,4.03238490072991
421.458605719185,255.63895059851,3.57066217389474
11.9850174208467,179.633388476103,3.19173831130663
67.4196665125215,117.534373439595,4.37254814982648
612.180754375871,217.187357079565,4.40332606361117
251.825723655303,211.830661461584,3.67786961678719
575.448522801306,441.692450676494,3.82388520462629
301.518869658049,136.799338587919,3.77791273584677
525.381811666608,457.317563577767,3.88688844291277
50.2067904037686,421.356199222345,4.10661431484133
196.471349216287,283.036283459622,3.80019855614581
553.067271028773,265.654702638842,3.89452711946751
173.960889431336,28.3363112290189,3.91369376253571
502.03715454229,331.376384352446,4.42048686736413
35.3912901622046,53.4994573329972,3.85294968615284
537.868300715669,142.598644642126,4.49176855673997
NA,NA,NA
658.963726446728,332.012004255944,3.51668778350061
454.516693187951,302.246992081164,3.68309557242764
13.6546563252556,494.137768995159,3.6693591050553
559.522617156137,51.5849448125329,4.15781206300523
71.564093509577,373.32346726983,4.13840601231577
228.607986222942,414.818619069265,4.00835707313237
430.92341261845,12.1988367212645,3.26063076844526
358.745959486724,294.263820756397,3.02213611210491
604.494199764224,102.021771614651,4.20741283977281
393.526727496101,223.540944708858,4.14623107351798
564.571898252463,408.434751824999,4.7872827557781
141.486618388871,280.474602294857,4.64467706270496
202.250973173893,374.112950263276,4.00386597669623
126.275715641709,405.631670090707,3.48952796545516
627.789329833646,309.851107807143,4.60114409500954
3.08822005895763,148.956445148993,4.1188962923788
544.622138621493,201.70059350143,4.22644822256787
33.8191267625678,492.293206546404,3.15083408764819
279.222914907416,21.532952402848,3.74088977149337
533.816478609412,391.010524035039,3.35332042459893
73.8058588600023,76.2551799287456,5.23533016644668
3.84907120631486,73.854928785732,3.43498794221075
587.148949306207,226.584464563034,4.05728944845161
444.598181531271,455.64565718636,4.78220364264831
657.852667192502,373.910642809044,2.87162711440237
100.211385550111,485.774456401027,4.35334348517708
623.248666365529,93.9110228371636,4.04918185160043
417.829283333987,260.241312526014,3.53347627628564
8.49693095741847,181.66798513587,3.14593062190201
55.2804586851168,106.803625604718,4.41618696086989
606.48730504305,203.180401210766,4.24201445411207
253.641865845018,215.124670822611,3.95104326635101
568.189546027204,430.560426959511,3.65274969549216
302.391630602858,139.332491469167,3.75826979213345
532.354379969822,450.865288862003,3.39605100824552
38.3182866377575,424.660911801982,4.06278663875242
203.800551145944,298.890083902397,3.81962736314759
549.577169326172,261.90725944918,3.67458909487671
184.62063631812,35.7375624710283,4.26583692191002
506.906382247025,350.224607824084,4.7609692533785
40.6594997720219,49.3649566373574,4.13209573183707
531.565637917715,151.64464569446,4.71150195356134
NA,NA,NA
658.963726446728,332.012004255944,3.51668778350061
454.516693187951,302.246992081164,3.68309557242764
13.6546563252556,494.137768995159,3.6693591050553
559.522617156137,51.5849448125329,4.15781206300523
71.564093509577,373.32346726983,4.13840601231577
228.607986222942,414.818619069265,4.00835707313237
430.92341261845,12.1988367212645,3.26063076844526
358.745959486724,294.263820756397,3.02213611210491
604.494199764224,102.021771614651,4.20741283977281
393.526727496101,223.540944708858,4.14623107351798
564.571898252463,408.434751824999,4.7872827557781
141.486618388871,280.474602294857,4.64467706270496
202.250973173893,374.112950263276,4.00386597669623
126.275715641709,405.631670090707,3.48952796545516
627.789329833646,309.851107807143,4.60114409500954
3.08822005895763,148.956445148993,4.1188962923788
544.622138621493,201.70059350143,4.22644822256787
33.8191267625678,492.293206546404,3.15083408764819
279.222914907416,21.532952402848,3.74088977149337
533.816478609412,391.010524035039,3.35332042459893
73.8058588600023,76.2551799287456,5.23533016644668
3.84907120631486,73.854928785732,3.43498794221075
587.148949306207,226.584464563034,4.05728944845161
444.598181531271,455.64565718636,4.78220364264831
657.852667192502,373.910642809044,2.87162711440237
100.211385550111,485.774456401027,4.35334348517708
623.248666365529,93.9110228371636,4.04918185160043
417.829283333987,260.241312526014,3.53347627628564
8.49693095741847,181.66798513587,3.14593062190201
55.2804586851168,106.803625604718,4.41618696086989
606.48730504305,203.180401210766,4.24201445411207
253.641865845018,215.124670822611,3.95104326635101
568.189546027204,430.560426959511,3.65274969549216
302.391630602858,139.332491469167,3.75826979213345
532.354379969822,450.865288862003,3.39605100824552
38.3182866377575,424.660911801982,4.06278663875242
203.800551145944,298.890083902397,3.81962736314759
549.577169326172,261.90725944918,3.67458909487671
184.62063631812,35.7375624710283,4.26583692191002
506.906382247025,350.224607824084,4.7609692533785
40.6594997720219,49.3649566373574,4.13209573183707
531.565637917715,151.64464569446,4.71150195356134
NA,NA,NA
658.963726446728,332.012004255944,3.51668778350061
454.516693187951,302.246992081164,3.68309557242764
13.6546563252556,494.137768995159,3.6693591050553
559.522617156137,51.5849448125329,4.15781206300523
71.564093509577,373.32346726983,4.13840601231577
228.607986222942,414.818619069265,4.00835707313237
430.92341261845,12.1988367212645,3.26063076844526
358.745959486724,294.263820756397,3.02213611210491
604.494199764224,102.021771614651,4.20741283977281
393.526727496101,223.540944708858,4.14623107351798
564.571898252463,408.434751824999,4.7872827557781
141.486618388871,280.474602294857,4.64467706270496
202.250973173893,374.112950263276,4.00386597669623
126.275715641709,405.631670090707,3.48952796545516
627.789329833646,309.851107807143,4.60114409500954
3.08822005895763,148.956445148993,4.1188962923788
544.622138621493,201.70059350143,4.22644822256787
33.8191267625678,492.293206546404,3.15083408764819
279.222914907416,21.532952402848,3.74088977149337
533.816478609412,391.010524035039,3.35332042459893
73.8058588600023,76.2551799287456,5.23533016644668
3.84907120631486,73.854928785732,3.43498794221075
587.148949306207,226.584464563034,4.05728944845161
444.598181531271,455.64565718636,4.78220364264831
657.852667192502,373.910642809044,2.87162711440237
100.211385550111,485.774456401027,4.35334348517708
623.248666365529,93.9110228371636,4.04918185160043
417.829283333987,260.241312526014,3.53347627628564
8.49693095741847,181.66798513587,3.14593062190201
55.2804586851168,106.803625604718,4.41618696086989
606.48730504305,203.180401210766,4.24201445411207
253.641865845018,215.124670822611,3.95104326635101
568.189546027204,430.560426959511,3.65274969549216
302.391630602858,139.332491469167,3.75826979213345
532.354379969822,450.865288862003,3.39605100824552
38.3182866377575,424.660911801982,4.06278663875242
203.800551145944,298.890083902397,3.81962736314759
549.577169326172,261.90725944918,3.67458909487671
184.62063631812,35.7375624710283,4.26583692191002
506.906382247025,350.224607824084,4.7609692533785
40.6594997720219,49.3649566373574,4.13209573183707
531.565637917715,151.64464569446,4.71150195356134
NA,NA,NA
658.963726446728,332.012004255944,3.51668778350061
454.516693187951,302.246992081164,3.68309557242764
13.6546563252556,494.137768995159,3.6693591050553
559.522617156137,51.5849448125329,4.15781206300523
71.564093509577,373.32346726983,4.13840601231577
228.607986222942,414.818619069265,4.00835707313237
430.92341261845,12.1988367212645,3.26063076844526
358.745959486724,294.263820756397,3.02213611210491
604.494199764224,102.021771614651,4.20741283977281
393.526727496101,223.540944708858,4.14623107351798
564.571898252463,408.434751824999,4.7872827557781
141.486618388871,280.474602294857,4.64467706270496
202.250973173893,374.112950263276,4.00386597669623
126.275715641709,405.631670090707,3.48952796545516
627.789329833646,309.851107807143,4.60114409500954
3.08822005895763,148.956445148993,4.1188962923788
544.622138621493,201.70059350143,4.22644822256787
33.8191267625678,492.293206546404,3.15083408764819
279.222914907416,21.532952402848,3.74088977149337
533.816478609412,391.010524035039,3.35332042459893
73.8058588600023,76.2551799287456,5.23533016644668
3.84907120631486,73.854928785732,3.43498794221075
587.148949306207,226.584464563034,4.05728944845161
444.598181531271,455.64565718636,4.78220364264831
657.852667192502,373.910642809044,2.87162711440237
100.211385550111,485.774456401027,4.35334348517708
623.248666365529,93.9110228371636,4.04918185160043
417.829283333987,260.241312526014,3.53347627628564
8.49693095741847,181.66798513587,3.14593062190201
55.2804586851168,106.803625604718,4.41618696086989
606.48730504305,203.180401210766,4.24201445411207
253.641865845018,215.124670822611,3.95104326635101
568.189546027204,430.560426959511,3.65274969549216
302.391630602858,139.332491469167,3.75826979213345
532.354379969822,450.865288862003,3.39605100824552
38.3182866377575,424.660911801982,4.06278663875242
203.800551145944,298.890083902397,3.81962736314759
549.577169326172,261.90725944918,3.67458909487671
184.62063631812,35.7375624710283,4.26583692191002
506.906382247025,350.224607824084,4.7609692533785
40.6594997720219,49.3649566373574,4.13209573183707
531.565637917715,151.64464569446,4.71150195356134
NA,NA,NA
658.963726446728,332.012004255944,3.51668778350061
454.516693187951,302.246992081164,3.68309557242764
13.6546563252556,494.137768995159,3.6693591050553
559.522617156137,51.5849448125329,4.15781206300523
71.564093509577,373.32346726983,4.13840601231577
228.607986222942,414.818619069265,4.00835707313237
430.92341261845,12.1988367212645,3.26063076844526
358.745959486724,294.263820756397,3.02213611210491
604.494199764224,102.021771614651,4.20741283977281
393.526727496101,223.540944708858,4.14623107351798
564.571898252463,408.434751824999,4.7872827557781
141.486618388871,280.474602294857,4.64467706270496
202.250973173893,374.112950263276,4.00386597669623
126.275715641709,405.631670090707,3.48952796545516
627.789329833646,309.851107807143,4.60114409500954
3.08822005895763,148.956445148993,4.1188962923788
544.622138621493,201.70059350143,4.22644822256787
33.8191267625678,492.293206546404,3.15083408764819
279.222914907416,21.532952402848,3.74088977149337
533.816478609412,391.010524035039,3.35332042459893
73.8058588600023,76.2551799287456,5.23533016644668
3.84907120631486,73.854928785732,3.43498794221075
587.148949306207,226.584464563034,4.05728944845161
444.598181531271,455.64565718636,4.78220364264831
657.852667192502,373.910642809044,2.87162711440237
100.211385550111,485.774456401027,4.35334348517708
623.248666365529,93.9110228371636,4.04918185160043
417.829283333987,260.241312526014,3.53347627628564
8.49693095741847,181.66798513587,3.14593062190201
55.2804586851168,106.803625604718,4.41618696086989
606.48730504305,203.180401210766,4.24201445411207
253.641865845018,215.124670822611,3.95104326635101
568.189546027204,430.560426959511,3.65274969549216
302.391630602858,139.332491469167,3.75826979213345
532.354379969822,450.865288862003,3.39605100824552
38.3182866377575,424.660911801982,4.06278663875242
203.800551145944,298.890083902397,3.81962736314759
549.577169326172,261.90725944918,3.67458909487671
184.62063631812,35.7375624710283,4.26583692191002
506.906382247025,350.224607824084,4.7609692533785
40.6594997720219,49.3649566373574,4.13209573183707
531.565637917715,151.64464569446,4.71150195356134
NA,NA,NA
658.963726446728,332.012004255944,3.51668778350061
454.516693187951,302.246992081164,3.68309557242764
13.6546563252556,494.137768995159,3.6693591050553
559.522617156137,51.5849448125329,4.15781206300523
71.564093509577,373.32346726983,4.13840601231577
228.607986222942,414.818619069265,4.00835707313237
430.92341261845,12.1988367212645,3.26063076844526
358.745959486724,294.263820756397,3.02213611210491
604.494199764224,102.021771614651,4.20741283977281
393.526727496101,223.540944708858,4.14623107351798
564.571898252463,408.434751824999,4.7872827557781
141.486618388871,280.474602294857,4.64467706270496
202.250973173893,374.112950263276,4.00386597669623
126.275715641709,405.631670090707,3.48952796545516
627.789329833646,309.851107807143,4.60114409500954
3.08822005895763,148.956445148993,4.1188962923788
544.622138621493,201.70059350143,4.22644822256787
33.8191267625678,492.293206546404,3.15083408764819
279.222914907416,21.532952402848,3.74088977149337
533.816478609412,391.010524035039,3.35332042459893
73.8058588600023,76.2551799287456,5.23533016644668
3.84907120631486,73.854928785732,3.43498794221075
587.148949306207,226.584464563034,4.05728944845161
444.598181531271,455.64565718636,4.78220364264831
657.852667192502,373.910642809044,2.87162711440237
100.211385550111,485.774456401027,4.35334348517708
623.248666365529,93.9110228371636,4.04918185160043
417.829283333987,260.241312526014,3.53347627628564
8.49693095741847,181.66798513587,3.14593062190201
55.2804586851168,106.803625604718,4.41618696086989
606.48730504305,203.180401210766,4.24201445411207
253.641865845018,215.124670822611,3.95104326635101
568.189546027204,430.560426959511,3.65274969549216
302.391630602858,139.332491469167,3.75826979213345
532.354379969822,450.865288862003,3.39605100824552
38.3182866377575,424.660911801982,4.06278663875242
203.800551145944,298.890083902397,3.81962736314759
549.577169326172,261.90725944918,3.67458909487671
184.62063631812,35.7375624710283,4.26583692191002
506.906382247025,350.224607824084,4.7609692533785
40.6594997720219,49.3649566373574,4.13209573183707
531.565637917715,151.64464569446,4.71150195356134
NA,NA,NA
661.683690836604,332.461946527675,3.65247126504347
454.31593113426,297.313660371432,3.86448707419621
9.09919006661567,493.402052913359,3.59548528254787
568.57101929849,48.6577364801309,4.14993869779378
69.7540368293252,373.281177227927,4.08325734484831
224.191325893528,408.207269052921,3.8690691726291
427.741938398477,11.589141924296,3.28926328317822
362.015399343273,295.017367014142,3.10996391413195
600.066391095395,101.639646522357,4.35795030854057
396.76701717084,230.676916418868,4.28320396975623
567.88120080043,411.412570915362,4.71936649641325
137.071311780677,279.129366299126,4.65434133134188
201.703903130237,366.691433445354,4.17004292559166
127.431728479929,412.488941760288,3.46061296354395
623.651293035864,309.585097072222,4.56882493061015
3.28706473689908,147.472579526606,4.21463640594259
540.29285166251,202.340097566024,4.15444442715122
34.2164495693669,489.364493369033,3.01627205338119
278.588418360189,23.7851409272237,3.91550853379058
532.934788059454,390.941760878018,3.37010862649719
72.5403592263558,82.6256586396206,5.26800652350121
3.76667873285676,75.1930380953493,3.67664189653928
583.788247067655,227.895319997031,3.98307659881549
448.732596258073,456.733920637687,4.80459310058041
659.523101058716,373.256236995413,3.04405600313273
100.96318298843,481.987503841508,4.3058731110532
621.853512659792,89.8936948771437,4.13586174405336
418.29709944131,260.461033589867,3.56481834815599
12.4120338166132,180.880766574191,3.28010948157648
63.381591314924,114.97247570917,4.43245631240209
609.462319680602,215.563732554605,4.33557594855888
258.541519520247,211.324775537501,4.0684599882373
565.098054457636,432.239523547208,3.61764989737429
302.122481237605,138.558687284746,3.99299741391399
526.697621076534,451.366796711191,3.603066978251
48.2261688975554,421.867567947177,4.06643880201677
193.562721607742,295.915651093603,3.98664007989065
543.754248539248,270.207864816347,4.008447152969
176.918763194473,16.7021628556172,4.29770784699106
506.429004090604,346.181485045769,4.34086456928252
37.9654948865698,44.2147397601432,3.86184024719142
519.240619643413,142.468359967514,4.61295090543147
NA,NA,NA
661.683690836604,332.461946527675,3.65247126504347
454.31593113426,297.313660371432,3.86448707419621
9.09919006661567,493.402052913359,3.59548528254787
568.57101929849,48.6577364801309,4.14993869779378
69.7540368293252,373.281177227927,4.08325734484831
224.191325893528,408.207269052921,3.8690691726291
427.741938398477,11.589141924296,3.28926328317822
362.015399343273,295.017367014142,3.10996391413195
600.066391095395,101.639646522357,4.35795030854057
396.76701717084,230.676916418868,4.28320396975623
567.88120080043,411.412570915362,4.71936649641325
137.071311780677,279.129366299126,4.65434133134188
201.703903130237,366.691433445354,4.17004292559166
127.431728479929,412.488941760288,3.46061296354395
623.651293035864,309.585097072222,4.56882493061015
3.28706473689908,147.472579526606,4.21463640594259
540.29285166251,202.340097566024,4.15444442715122
34.2164495693669,489.364493369033,3.01627205338119
278.588418360189,23.7851409272237,3.91550853379058
532.934788059454,390.941760878018,3.37010862649719
72.5403592263558,82.6256586396206,5.26800652350121
3.76667873285676,75.1930380953493,3.67664189653928
583.788247067655,227.895319997031,3.98307659881549
448.732596258073,456.733920637687,4.80459310058041
659.523101058716,373.256236995413,3.04405600313273
100.96318298843,481.987503841508,4.3058731110532
621.853512659792,89.8936948771437,4.13586174405336
418.29709944131,260.461033589867,3.56481834815599
12.4120338166132,180.880766574191,3.28010948157648
63.381591314924,114.97247570917,4.43245631240209
609.462319680602,215.563732554605,4.33557594855888
258.541519520247,211.324775537501,4.0684599882373
565.098054457636,432.239523547208,3.61764989737429
302.122481237605,138.558687284746,3.99299741391399
526.697621076534,451.366796711191,3.603066978251
48.2261688975554,421.867567947177,4.06643880201677
193.562721607742,295.915651093603,3.98664007989065
543.754248539248,270.207864816347,4.008447152969
176.918763194473,16.7021628556172,4.29770784699106
506.429004090604,346.181485045769,4.34086456928252
37.9654948865698,44.2147397601432,3.86184024719142
519.240619643413,142.468359967514,4.61295090543147
NA,NA,NA
661.683690836604,332.461946527675,3.65247126504347
454.31593113426,297.313660371432,3.86448707419621
9.09919006661567,493.402052913359,3.59548528254787
568.57101929849,48.6577364801309,4.14993869779378
69.7540368293252,373.281177227927,4.08325734484831
224.191325893528,408.207269052921,3.8690691726291
427.741938398477,11.589141924296,3.28926328317822
362.015399343273,295.017367014142,3.10996391413195
600.066391095395,101.639646522357,4.35795030854057
396.76701717084,230.676916418868,4.28320396975623
567.88120080043,411.412570915362,4.71936649641325
137.071311780677,279.129366299126,4.65434133134188
201.703903130237,366.691433445354,4.17004292559166
127.431728479929,412.488941760288,3.46061296354395
623.651293035864,309.585097072222,4.56882493061015
3.28706473689908,147.472579526606,4.21463640594259
540.29285166251,202.340097566024,4.15444442715122
34.2164495693669,489.364493369033,3.01627205338119
278.588418360189,23.7851409272237,3.91550853379058
532.934788059454,390.941760878018,3.37010862649719
72.5403592263558,82.6256586396206,5.26800652350121
3.76667873285676,75.1930380953493,3.67664189653928
583.788247067655,227.895319997031,3.98307659881549
448.732596258073,456.733920637687,4.80459310058041
659.523101058716,373.256236995413,3.04405600313273
100.96318298843,481.987503841508,4.3058731110532
621.853512659792,89.8936948771437,4.13586174405336
418.29709944131,260.461033589867,3.56481834815599
12.4120338166132,180.880766574191,3.28010948157648
63.381591314924,114.97247570917,4.43245631240209
609.462319680602,215.563732554605,4.33557594855888
258.541519520247,211.324775537501,4.0684599882373
565.098054457636,432.239523547208,3.61764989737429
302.122481237605,138.558687284746,3.99299741391399
526.697621076534,451.366796711191,3.603066978251
48.2261688975554,421.867567947177,4.06643880201677
193.562721607742,295.915651093603,3.98664007989065
543.754248539248,270.207864816347,4.008447152969
176.918763194473,16.7021628556172,4.29770784699106
506.429004090604,346.181485045769,4.34086456928252
37.9654948865698,44.2147397601432,3.86184024719142
519.240619643413,142.468359967514,4.61295090543147
NA,NA,NA
661.683690836604,332.461946527675,3.65247126504347
454.31593113426,297.313660371432,3.86448707419621
9.09919006661567,493.402052913359,3.59548528254787
568.57101929849,48.6577364801309,4.14993869779378
69.7540368293252,373.281177227927,4.08325734484831
224.191325893528,408.207269052921,3.8690691726291
427.741938398477,11.589141924296,3.28926328317822
362.015399343273,295.017367014142,3.10996391413195
600.066391095395,101.639646522357,4.35795030854057
396.76701717084,230.676916418868,4.28320396975623
567.88120080043,411.412570915362,4.71936649641325
137.071311780677,279.129366299126,4.65434133134188
201.703903130237,366.691433445354,4.17004292559166
127.431728479929,412.488941760288,3.46061296354395
623.651293035864,309.585097072222,4.56882493061015
3.28706473689908,147.472579526606,4.21463640594259
540.29285166251,202.340097566024,4.15444442715122
34.2164495693669,489.364493369033,3.01627205338119
278.588418360189,23.7851409272237,3.91550853379058
532.934788059454,390.941760878018,3.37010862649719
72.5403592263558,82.6256586396206,5.26800652350121
3.76667873285676,75.1930380953493,3.67664189653928
583.788247067655,227.895319997031,3.98307659881549
448.732596258073,456.733920637687,4.80459310058041
659.523101058716,373.256236995413,3.04405600313273
100.96318298843,481.987503841508,4.3058731110532
621.853512659792,89.8936948771437,4.13586174405336
418.29709944131,260.461033589867,3.56481834815599
12.4120338166132,180.880766574191,3.28010948157648
63.381591314924,114.97247570917,4.43245631240209
609.462319680602,215.563732554605,4.33557594855888
258.541519520247,211.324775537501,4.0684599882373
565.098054457636,432.239523547208,3.61764989737429
302.122481237605,138.558687284746,3.99299741391399
526.697621076534,451.366796711191,3.603066978251
48.2261688975554,421.867567947177,4.06643880201677
193.562721607742,295.915651093603,3.98664007989065
543.754248539248,270.207864816347,4.008447152969
176.918763194473,16.7021628556172,4.29770784699106
506.429004090604,346.181485045769,4.34086456928252
37.9654948865698,44.2147397601432,3.86184024719142
519.240619643413,142.468359967514,4.61295090543147
NA,NA,NA
661.683690836604,332.461946527675,3.65247126504347
454.31593113426,297.313660371432,3.86448707419621
9.09919006661567,493.402052913359,3.59548528254787
568.57101929849,48.6577364801309,4.14993869779378
69.7540368293252,373.281177227927,4.08325734484831
224.191325893528,408.207269052921,3.8690691726291
427.741938398477,11.589141924296,3.28926328317822
362.015399343273,295.017367014142,3.10996391413195
600.066391095395,101.639646522357,4.35795030854057
396.76701717084,230.676916418868,4.28320396975623
567.88120080043,411.412570915362,4.71936649641325
137.071311780677,279.129366299126,4.65434133134188
201.703903130237,366.691433445354,4.17004292559166
127.431728479929,412.488941760288,3.46061296354395
623.651293035864,309.585097072222,4.56882493061015
3.28706473689908,147.472579526606,4.21463640594259
540.29285166251,202.340097566024,4.15444442715122
34.2164495693669,489.364493369033,3.01627205338119
278.588418360189,23.7851409272237,3.91550853379058
532.934788059454,390.941760878018,3.37010862649719
72.5403592263558,82.6256586396206,5.26800652350121
3.76667873285676,75.1930380953493,3.67664189653928
583.788247067655,227.895319997031,3.98307659881549
448.732596258073,456.733920637687,4.80459310058041
659.523101058716,373.256236995413,3.04405600313273
100.96318298843,481.987503841508,4.3058731110532
621.853512659792,89.8936948771437,4.13586174405336
418.29709944131,260.461033589867,3.56481834815599
12.4120338166132,180.880766574191,3.28010948157648
63.381591314924,114.97247570917,4.43245631240209
609.462319680602,215.563732554605,4.33557594855888
258.541519520247,211.324775537501,4.0684599882373
565.098054457636,432.239523547208,3.61764989737429
302.122481237605,138.558687284746,3.99299741391399
526.697621076534,451.366796711191,3.603066978251
48.2261688975554,421.867567947177,4.06643880201677
193.562721607742,295.915651093603,3.98664007989065
543.754248539248,270.207864816347,4.008447152969
176.918763194473,16.7021628556172,4.29770784699106
506.429004090604,346.181485045769,4.34086456928252
37.9654948865698,44.2147397601432,3.86184024719142
519.240619643413,142.468359967514,4.61295090543147
NA,NA,NA
661.683690836604,332.461946527675,3.65247126504347
454.31593113426,297.313660371432,3.86448707419621
9.09919006661567,493.402052913359,3.59548528254787
568.57101929849,48.6577364801309,4.14993869779378
69.7540368293252,373.281177227927,4.08325734484831
224.191325893528,408.207269052921,3.8690691726291
427.741938398477,11.589141924296,3.28926328317822
362.015399343273,295.017367014142,3.10996391413195
600.066391095395,101.639646522357,4.35795030854057
396.76701717084,230.676916418868,4.28320396975623
567.88120080043,411.412570915362,4.71936649641325
137.071311780677,279.129366299126,4.65434133134188
201.703903130237,366.691433445354,4.17004292559166
127.431728479929,412.488941760288,3.46061296354395
623.651293035864,309.585097072222,4.56882493061015
3.28706473689908,147.472579526606,4.21463640594259
540.29285166251,202.340097566024,4.15444442715122
34.2164495693669,489.364493369033,3.01627205338119
278.588418360189,23.7851409272237,3.91550853379058
532.934788059454,390.941760878018,3.37010862649719
72.5403592263558,82.6256586396206,5.26800652350121
3.76667873285676,75.1930380953493,3.67664189653928
583.788247067655,227.895319997031,3.98307659881549
448.732596258073,456.733920637687,4.80459310058041
659.523101058716,373.256236995413,3.04405600313273
100.96318298843,481.987503841508,4.3058731110532
621.853512659792,89.8936948771437,4.13586174405336
418.29709944131,260.461033589867,3.56481834815599
12.4120338166132,180.880766574191,3.28010948157648
63.381591314924,114.97247570917,4.43245631240209
609.462319680602,215.563732554605,4.33557594855888
258.541519520247,211.324775537501,4.0684599882373
565.098054457636,432.239523547208,3.61764989737429
302.122481237605,138.558687284746,3.99299741391399
526.697621076534,451.366796711191,3.603066978251
48.2261688975554,421.867567947177,4.06643880201677
193.562721607742,295.915651093603,3.98664007989065
543.754248539248,270.207864816347,4.008447152969
176.918763194473,16.7021628556172,4.29770784699106
506.429004090604,346.181485045769,4.34086456928252
37.9654948865698,44.2147397601432,3.86184024719142
519.240619643413,142.468359967514,4.61295090543147
NA,NA,NA
656.673777832461,336.659305290791,3.38105619510701
457.682316267155,299.677379012184,3.58424059732658
10.3312398764795,494.357741927023,3.71579958561766
562.613317898457,51.8682628176735,4.12234535693077
73.8009753251805,372.911152070065,3.88844401392771
229.088514328107,410.304869005623,3.7917803794553
428.485684271641,13.634911435686,3.23128401982684
364.359663441379,293.290836193823,3.00944734949622
602.964157262754,100.489211036762,4.32802768258177
388.0844978558,225.430798738001,4.14837445755903
567.083244918767,406.562755614858,4.76099999835935
140.661455147923,280.40764259718,4.61935456384279
195.420747177764,369.019231841794,4.03910735296721
122.003657571623,409.498038508498,3.41637098967017
619.248089333082,308.564246349825,4.61476569849045
-0.000870978490995045,147.00786416971,4.26903312581698
542.154732583831,200.127287115986,4.21026667668024
34.1154367776399,493.246497713978,3.03911572836774
283.284886897278,21.5679743624082,3.81173032963099
528.410889762002,391.277748312751,3.23855793241048
74.6813765768269,80.9972234704524,5.12804911893894
2.10728420534053,75.5939974293074,3.55489803583578
587.894881502824,230.825679983218,4.10485908926123
447.47047149899,457.77441069225,4.70286949670207
656.168507008509,372.994563193711,3.01965829562502
106.616578206143,486.959352012104,4.2842764195069
622.341697634136,91.6367463645688,4.11725359154563
419.85174362553,261.856707114134,3.66096044742135
13.7660001843732,181.802335782591,3.24370885693006
71.5579284510741,135.119637106265,4.71144613061696
612.447325034163,186.148545192613,4.45771726566683
244.61329877738,216.059678747256,3.70485581834213
568.331280778896,439.775219094503,3.82343749155557
295.129803607498,140.189460149787,3.87948371435492
532.546966320456,457.642685617768,3.45738843460363
41.4475684226525,420.481706217379,3.75879884403231
189.631657106162,282.35091666967,4.26270092925141
541.803950457645,262.297994700626,3.7403346464198
182.230578649373,27.6859549566493,4.37579970629387
512.189695686163,345.067562569621,4.95139334822504
43.6197812621587,37.1988441852333,3.55801333172231
510.830169713936,153.71432161444,4.61579940065318
NA,NA,NA
656.673777832461,336.659305290791,3.38105619510701
457.682316267155,299.677379012184,3.58424059732658
10.3312398764795,494.357741927023,3.71579958561766
562.613317898457,51.8682628176735,4.12234535693077
73.8009753251805,372.911152070065,3.88844401392771
229.088514328107,410.304869005623,3.7917803794553
428.485684271641,13.634911435686,3.23128401982684
364.359663441379,293.290836193823,3.00944734949622
602.964157262754,100.489211036762,4.32802768258177
388.0844978558,225.430798738001,4.14837445755903
567.083244918767,406.562755614858,4.76099999835935
140.661455147923,280.40764259718,4.61935456384279
195.420747177764,369.019231841794,4.03910735296721
122.003657571623,409.498038508498,3.41637098967017
619.248089333082,308.564246349825,4.61476569849045
-0.000870978490995045,147.00786416971,4.26903312581698
542.154732583831,200.127287115986,4.21026667668024
34.1154367776399,493.246497713978,3.03911572836774
283.284886897278,21.5679743624082,3.81173032963099
528.410889762002,391.277748312751,3.23855793241048
74.6813765768269,80.9972234704524,5.12804911893894
2.10728420534053,75.5939974293074,3.55489803583578
587.894881502824,230.825679983218,4.10485908926123
447.47047149899,457.77441069225,4.70286949670207
656.168507008509,372.994563193711,3.01965829562502
106.616578206143,486.959352012104,4.2842764195069
622.341697634136,91.6367463645688,4.11725359154563
419.85174362553,261.856707114134,3.66096044742135
13.7660001843732,181.802335782591,3.24370885693006
71.5579284510741,135.119637106265,4.71144613061696
612.447325034163,186.148545192613,4.45771726566683
244.61329877738,216.059678747256,3.70485581834213
568.331280778896,439.775219094503,3.82343749155557
295.129803607498,140.189460149787,3.87948371435492
532.546966320456,457.642685617768,3.45738843460363
41.4475684226525,420.481706217379,3.75879884403231
189.631657106162,282.35091666967,4.26270092925141
541.803950457645,262.297994700626,3.7403346464198
182.230578649373,27.6859549566493,4.37579970629387
512.189695686163,345.067562569621,4.95139334822504
43.6197812621587,37.1988441852333,3.55801333172231
510.830169713936,153.71432161444,4.61579940065318
NA,NA,NA
656.673777832461,336.659305290791,3.38105619510701
457.682316267155,299.677379012184,3.58424059732658
10.3312398764795,494.357741927023,3.71579958561766
562.613317898457,51.8682628176735,4.12234535693077
73.8009753251805,372.911152070065,3.88844401392771
229.088514328107,410.304869005623,3.7917803794553
428.485684271641,13.634911435686,3.23128401982684
364.359663441379,293.290836193823,3.00944734949622
602.964157262754,100.489211036762,4.32802768258177
388.0844978558,225.430798738001,4.14837445755903
567.083244918767,406.562755614858,4.76099999835935
140.661455147923,280.40764259718,4.61935456384279
195.420747177764,369.019231841794,4.03910735296721
122.003657571623,409.498038508498,3.41637098967017
619.248089333082,308.564246349825,4.61476569849045
-0.000870978490995045,147.00786416971,4.26903312581698
542.154732583831,200.127287115986,4.21026667668024
34.1154367776399,493.246497713978,3.03911572836774
283.284886897278,21.5679743624082,3.81173032963099
528.410889762002,391.277748312751,3.23855793241048
74.6813765768269,80.9972234704524,5.12804911893894
2.10728420534053,75.5939974293074,3.55489803583578
587.894881502824,230.825679983218,4.10485908926123
447.47047149899,457.77441069225,4.70286949670207
656.168507008509,372.994563193711,3.01965829562502
106.616578206143,486.959352012104,4.2842764195069
622.341697634136,91.6367463645688,4.11725359154563
419.85174362553,261.856707114134,3.66096044742135
13.7660001843732,181.802335782591,3.24370885693006
71.5579284510741,135.119637106265,4.71144613061696
612.447325034163,186.148545192613,4.45771726566683
244.61329877738,216.059678747256,3.70485581834213
568.331280778896,439.775219094503,3.82343749155557
295.129803607498,140.189460149787,3.87948371435492
532.546966320456,457.642685617768,3.45738843460363
41.4475684226525,420.481706217379,3.75879884403231
189.631657106162,282.35091666967,4.26270092925141
541.803950457645,262.297994700626,3.7403346464198
182.230578649373,27.6859549566493,4.37579970629387
512.189695686163,345.067562569621,4.95139334822504
43.6197812621587,37.1988441852333,3.55801333172231
510.830169713936,153.71432161444,4.61579940065318
NA,NA,NA
656.673777832461,336.659305290791,3.38105619510701
457.682316267155,299.677379012184,3.58424059732658
10.3312398764795,494.357741927023,3.71579958561766
562.613317898457,51.8682628176735,4.12234535693077
73.8009753251805,372.911152070065,3.88844401392771
229.088514328107,410.304869005623,3.7917803794553
428.485684271641,13.634911435686,3.23128401982684
364.359663441379,293.290836193823,3.00944734949622
602.964157262754,100.489211036762,4.32802768258177
388.0844978558,225.430798738001,4.14837445755903
567.083244918767,406.562755614858,4.76099999835935
140.661455147923,280.40764259718,4.61935456384279
195.420747177764,369.019231841794,4.03910735296721
122.003657571623,409.498038508498,3.41637098967017
619.248089333082,308.564246349825,4.61476569849045
-0.000870978490995045,147.00786416971,4.26903312581698
542.154732583831,200.127287115986,4.21026667668024
34.1154367776399,493.246497713978,3.03911572836774
283.284886897278,21.5679743624082,3.81173032963099
528.410889762002,391.277748312751,3.23855793241048
74.6813765768269,80.9972234704524,5.12804911893894
2.10728420534053,75.5939974293074,3.55489803583578
587.894881502824,230.825679983218,4.10485908926123
447.47047149899,457.77441069225,4.70286949670207
656.168507008509,372.994563193711,3.01965829562502
106.616578206143,486.959352012104,4.2842764195069
622.341697634136,91.6367463645688,4.11725359154563
419.85174362553,261.856707114134,3.66096044742135
13.7660001843732,181.802335782591,3.24370885693006
71.5579284510741,135.119637106265,4.71144613061696
612.447325034163,186.148545192613,4.45771726566683
244.61329877738,216.059678747256,3.70485581834213
568.331280778896,439.775219094503,3.82343749155557
295.129803607498,140.189460149787,3.87948371435492
532.546966320456,457.642685617768,3.45738843460363
41.4475684226525,420.481706217379,3.75879884403231
189.631657106162,282.35091666967,4.26270092925141
541.803950457645,262.297994700626,3.7403346464198
182.230578649373,27.6859549566493,4.37579970629387
512.189695686163,345.067562569621,4.95139334822504
43.6197812621587,37.1988441852333,3.55801333172231
510.830169713936,153.71432161444,4.61579940065318
NA,NA,NA
656.673777832461,336.659305290791,3.38105619510701
457.682316267155,299.677379012184,3.58424059732658
10.3312398764795,494.357741927023,3.71579958561766
562.613317898457,51.8682628176735,4.12234535693077
73.8009753251805,372.911152070065,3.88844401392771
229.088514328107,410.304869005623,3.7917803794553
428.485684271641,13.634911435686,3.23128401982684
364.359663441379,293.290836193823,3.00944734949622
602.964157262754,100.489211036762,4.32802768258177
388.0844978558,225.430798738001,4.14837445755903
567.083244918767,406.562755614858,4.76099999835935
140.661455147923,280.40764259718,4.61935456384279
195.420747177764,369.019231841794,4.03910735296721
122.003657571623,409.498038508498,3.41637098967017
619.248089333082,308.564246349825,4.61476569849045
-0.000870978490995045,147.00786416971,4.26903312581698
542.154732583831,200.127287115986,4.21026667668024
34.1154367776399,493.246497713978,3.03911572836774
283.284886897278,21.5679743624082,3.81173032963099
528.410889762002,391.277748312751,3.23855793241048
74.6813765768269,80.9972234704524,5.12804911893894
2.10728420534053,75.5939974293074,3.55489803583578
587.894881502824,230.825679983218,4.10485908926123
447.47047149899,457.77441069225,4.70286949670207
656.168507008509,372.994563193711,3.01965829562502
106.616578206143,486.959352012104,4.2842764195069
622.341697634136,91.6367463645688,4.11725359154563
419.85174362553,261.856707114134,3.66096044742135
13.7660001843732,181.802335782591,3.24370885693006
71.5579284510741,135.119637106265,4.71144613061696
612.447325034163,186.148545192613,4.45771726566683
244.61329877738,216.059678747256,3.70485581834213
568.331280778896,439.775219094503,3.82343749155557
295.129803607498,140.189460149787,3.87948371435492
532.546966320456,457.642685617768,3.45738843460363
41.4475684226525,420.481706217379,3.75879884403231
189.631657106162,282.35091666967,4.26270092925141
541.803950457645,262.297994700626,3.7403346464198
182.230578649373,27.6859549566493,4.37579970629387
512.189695686163,345.067562569621,4.95139334822504
43.6197812621587,37.1988441852333,3.55801333172231
510.830169713936,153.71432161444,4.61579940065318
NA,NA,NA
656.673777832461,336.659305290791,3.38105619510701
457.682316267155,299.677379012184,3.58424059732658
10.3312398764795,494.357741927023,3.71579958561766
562.613317898457,51.8682628176735,4.12234535693077
73.8009753251805,372.911152070065,3.88844401392771
229.088514328107,410.304869005623,3.7917803794553
428.485684271641,13.634911435686,3.23128401982684
364.359663441379,293.290836193823,3.00944734949622
602.964157262754,100.489211036762,4.32802768258177
388.0844978558,225.430798738001,4.14837445755903
567.083244918767,406.562755614858,4.76099999835935
140.661455147923,280.40764259718,4.61935456384279
195.420747177764,369.019231841794,4.03910735296721
122.003657571623,409.498038508498,3.41637098967017
619.248089333082,308.564246349825,4.61476569849045
-0.000870978490995045,147.00786416971,4.26903312581698
542.154732583831,200.127287115986,4.21026667668024
34.1154367776399,493.246497713978,3.03911572836774
283.284886897278,21.5679743624082,3.81173032963099
528.410889762002,391.277748312751,3.23855793241048
74.6813765768269,80.9972234704524,5.12804911893894
2.10728420534053,75.5939974293074,3.55489803583578
587.894881502824,230.825679983218,4.10485908926123
447.47047149899,457.77441069225,4.70286949670207
656.168507008509,372.994563193711,3.01965829562502
106.616578206143,486.959352012104,4.2842764195069
622.341697634136,91.6367463645688,4.11725359154563
419.85174362553,261.856707114134,3.66096044742135
13.7660001843732,181.802335782591,3.24370885693006
71.5579284510741,135.119637106265,4.71144613061696
612.447325034163,186.148545192613,4.45771726566683
244.61329877738,216.059678747256,3.70485581834213
568.331280778896,439.775219094503,3.82343749155557
295.129803607498,140.189460149787,3.87948371435492
532.546966320456,457.642685617768,3.45738843460363
41.4475684226525,420.481706217379,3.75879884403231
189.631657106162,282.35091666967,4.26270092925141
541.803950457645,262.297994700626,3.7403346464198
182.230578649373,27.6859549566493,4.37579970629387
512.189695686163,345.067562569621,4.95139334822504
43.6197812621587,37.1988441852333,3.55801333172231
510.830169713936,153.71432161444,4.61579940065318
NA,NA,NA
659.929387973301,333.681297321667,3.44404627083034
456.361746377414,297.446003441105,3.76934557858924
12.9861645908685,495.18388530776,3.64252165706081
561.168949687864,53.9306868111552,4.25096498736209
68.1338326207865,370.894902967936,3.99250238635047
227.567689348564,413.332548203731,3.88221782515242
430.224669455799,14.4389914354004,3.37360789547016
364.373064619982,294.050815856633,3.18435311523143
605.708968932357,105.376007905246,4.16302850917577
383.912750965632,229.892647139722,4.18665241967353
565.685675683184,415.39744399229,4.74273971907157
136.049421077607,281.988555111067,4.46982738921262
202.381026984053,369.168480998114,3.98927045859296
127.179224918231,409.447122650104,3.53959249090337
622.794538974385,310.407821778072,4.56928062573305
5.61955890020808,146.505037791078,4.19462330303925
545.109722744714,202.785525500951,4.06456656322064
33.7251712907638,490.271249616186,3.07737882231951
281.991853141186,23.9625567939453,3.82333353410523
533.347346925218,392.773600420091,3.4217486055569
71.4326332683779,89.7492185546774,5.35637226073617
4.70711983800225,73.3429320183456,3.60079273786376
585.436104188122,230.03109501733,3.98829689302579
445.643009888325,460.641733160779,4.75927658236186
656.616452959168,373.047648310072,3.11089412342998
109.205957519866,485.803918399512,4.29297621996228
624.890732254383,91.6769367192425,4.09266400247751
420.556174996634,259.874095334435,3.60170432342946
10.6683780796427,182.903865609642,3.06239375061856
73.1157204006815,132.7268316818,4.50557548835115
612.714281715602,222.356995539387,4.53650059956179
259.817046405158,216.691752222729,3.94422494154123
564.55377835813,430.279590648942,3.829677345541
299.671556290671,138.990309049609,3.62976422984232
538.764563349372,463.731430983234,3.66692726002497
49.1516621344766,422.0320761017,3.82709486272586
195.812828765663,303.430443252131,4.09128301482422
551.06622965142,259.189376369881,3.77228544210735
162.741847842259,23.0697321530747,4.33898679476971
503.286918239551,344.506218244889,4.60767067308492
48.6860052236221,56.269701902493,3.97928867351868
518.952696839572,151.07953458995,4.04261711456975
NA,NA,NA
659.929387973301,333.681297321667,3.44404627083034
456.361746377414,297.446003441105,3.76934557858924
12.9861645908685,495.18388530776,3.64252165706081
561.168949687864,53.9306868111552,4.25096498736209
68.1338326207865,370.894902967936,3.99250238635047
227.567689348564,413.332548203731,3.88221782515242
430.224669455799,14.4389914354004,3.37360789547016
364.373064619982,294.050815856633,3.18435311523143
605.708968932357,105.376007905246,4.16302850917577
383.912750965632,229.892647139722,4.18665241967353
565.685675683184,415.39744399229,4.74273971907157
136.049421077607,281.988555111067,4.46982738921262
202.381026984053,369.168480998114,3.98927045859296
127.179224918231,409.447122650104,3.53959249090337
622.794538974385,310.407821778072,4.56928062573305
5.61955890020808,146.505037791078,4.19462330303925
545.109722744714,202.785525500951,4.06456656322064
33.7251712907638,490.271249616186,3.07737882231951
281.991853141186,23.9625567939453,3.82333353410523
533.347346925218,392.773600420091,3.4217486055569
71.4326332683779,89.7492185546774,5.35637226073617
4.70711983800225,73.3429320183456,3.60079273786376
585.436104188122,230.03109501733,3.98829689302579
445.643009888325,460.641733160779,4.75927658236186
656.616452959168,373.047648310072,3.11089412342998
109.205957519866,485.803918399512,4.29297621996228
624.890732254383,91.6769367192425,4.09266400247751
420.556174996634,259.874095334435,3.60170432342946
10.6683780796427,182.903865609642,3.06239375061856
73.1157204006815,132.7268316818,4.50557548835115
612.714281715602,222.356995539387,4.53650059956179
259.817046405158,216.691752222729,3.94422494154123
564.55377835813,430.279590648942,3.829677345541
299.671556290671,138.990309049609,3.62976422984232
538.764563349372,463.731430983234,3.66692726002497
49.1516621344766,422.0320761017,3.82709486272586
195.812828765663,303.430443252131,4.09128301482422
551.06622965142,259.189376369881,3.77228544210735
162.741847842259,23.0697321530747,4.33898679476971
503.286918239551,344.506218244889,4.60767067308492
48.6860052236221,56.269701902493,3.97928867351868
518.952696839572,151.07953458995,4.04261711456975
NA,NA,NA
659.929387973301,333.681297321667,3.44404627083034
456.361746377414,297.446003441105,3.76934557858924
12.9861645908685,495.18388530776,3.64252165706081
561.168949687864,53.9306868111552,4.25096498736209
68.1338326207865,370.894902967936,3.99250238635047
227.567689348564,413.332548203731,3.88221782515242
430.224669455799,14.4389914354004,3.37360789547016
364.373064619982,294.050815856633,3.18435311523143
605.708968932357,105.376007905246,4.16302850917577
383.912750965632,229.892647139722,4.18665241967353
565.685675683184,415.39744399229,4.74273971907157
136.049421077607,281.988555111067,4.46982738921262
202.381026984053,369.168480998114,3.98927045859296
127.179224918231,409.447122650104,3.53959249090337
622.794538974385,310.407821778072,4.56928062573305
5.61955890020808,146.505037791078,4.19462330303925
545.109722744714,202.785525500951,4.06456656322064
33.7251712907638,490.271249616186,3.07737882231951
281.991853141186,23.9625567939453,3.82333353410523
533.347346925218,392.773600420091,3.4217486055569
71.4326332683779,89.7492185546774,5.35637226073617
4.70711983800225,73.3429320183456,3.60079273786376
585.436104188122,230.03109501733,3.98829689302579
445.643009888325,460.641733160779,4.75927658236186
656.616452959168,373.047648310072,3.11089412342998
109.205957519866,485.803918399512,4.29297621996228
624.890732254383,91.6769367192425,4.09266400247751
420.556174996634,259.874095334435,3.60170432342946
10.6683780796427,182.903865609642,3.06239375061856
73.1157204006815,132.7268316818,4.50557548835115
612.714281715602,222.356995539387,4.53650059956179
259.817046405158,216.691752222729,3.94422494154123
564.55377835813,430.279590648942,3.829677345541
299.671556290671,138.990309049609,3.62976422984232
538.764563349372,463.731430983234,3.66692726002497
49.1516621344766,422.0320761017,3.82709486272586
195.812828765663,303.430443252131,4.09128301482422
551.06622965142,259.189376369881,3.77228544210735
162.741847842259,23.0697321530747,4.33898679476971
503.286918239551,344.506218244889,4.60767067308492
48.6860052236221,56.269701902493,3.97928867351868
518.952696839572,151.07953458995,4.04261711456975
NA,NA,NA
659.929387973301,333.681297321667,3.44404627083034
456.361746377414,297.446003441105,3.76934557858924
12.9861645908685,495.18388530776,3.64252165706081
561.168949687864,53.9306868111552,4.25096498736209
68.1338326207865,370.894902967936,3.99250238635047
227.567689348564,413.332548203731,3.88221782515242
430.224669455799,14.4389914354004,3.37360789547016
364.373064619982,294.050815856633,3.18435311523143
605.708968932357,105.376007905246,4.16302850917577
383.912750965632,229.892647139722,4.18665241967353
565.685675683184,415.39744399229,4.74273971907157
136.049421077607,281.988555111067,4.46982738921262
202.381026984053,369.168480998114,3.98927045859296
127.179224918231,409.447122650104,3.53959249090337
622.794538974385,310.407821778072,4.56928062573305
5.61955890020808,146.505037791078,4.19462330303925
545.109722744714,202.785525500951,4.06456656322064
33.7251712907638,490.271249616186,3.07737882231951
281.991853141186,23.9625567939453,3.82333353410523
533.347346925218,392.773600420091,3.4217486055569
71.4326332683779,89.7492185546774,5.35637226073617
4.70711983800225,73.3429320183456,3.60079273786376
585.436104188122,230.03109501733,3.98829689302579
445.643009888325,460.641733160779,4.75927658236186
656.616452959168,373.047648310072,3.11089412342998
109.205957519866,485.803918399512,4.29297621996228
624.890732254383,91.6769367192425,4.09266400247751
420.556174996634,259.874095334435,3.60170432342946
10.6683780796427,182.903865609642,3.06239375061856
73.1157204006815,132.7268316818,4.50557548835115
612.714281715602,222.356995539387,4.53650059956179
259.817046405158,216.691752222729,3.94422494154123
564.55377835813,430.279590648942,3.829677345541
299.671556290671,138.990309049609,3.62976422984232
538.764563349372,463.731430983234,3.66692726002497
49.1516621344766,422.0320761017,3.82709486272586
195.812828765663,303.430443252131,4.09128301482422
551.06622965142,259.189376369881,3.77228544210735
162.741847842259,23.0697321530747,4.33898679476971
503.286918239551,344.506218244889,4.60767067308492
48.6860052236221,56.269701902493,3.97928867351868
518.952696839572,151.07953458995,4.04261711456975
NA,NA,NA
659.929387973301,333.681297321667,3.44404627083034
456.361746377414,297.446003441105,3.76934557858924
12.9861645908685,495.18388530776,3.64252165706081
561.168949687864,53.9306868111552,4.25096498736209
68.1338326207865,370.894902967936,3.99250238635047
227.567689348564,413.332548203731,3.88221782515242
430.224669455799,14.4389914354004,3.37360789547016
364.373064619982,294.050815856633,3.18435311523143
605.708968932357,105.376007905246,4.16302850917577
383.912750965632,229.892647139722,4.18665241967353
565.685675683184,415.39744399229,4.74273971907157
136.049421077607,281.988555111067,4.46982738921262
202.381026984053,369.168480998114,3.98927045859296
127.179224918231,409.447122650104,3.53959249090337
622.794538974385,310.407821778072,4.56928062573305
5.61955890020808,146.505037791078,4.19462330303925
545.109722744714,202.785525500951,4.06456656322064
33.7251712907638,490.271249616186,3.07737882231951
281.991853141186,23.9625567939453,3.82333353410523
533.347346925218,392.773600420091,3.4217486055569
71.4326332683779,89.7492185546774,5.35637226073617
4.70711983800225,73.3429320183456,3.60079273786376
585.436104188122,230.03109501733,3.98829689302579
445.643009888325,460.641733160779,4.75927658236186
656.616452959168,373.047648310072,3.11089412342998
109.205957519866,485.803918399512,4.29297621996228
624.890732254383,91.6769367192425,4.09266400247751
420.556174996634,259.874095334435,3.60170432342946
10.6683780796427,182.903865609642,3.06239375061856
73.1157204006815,132.7268316818,4.50557548835115
612.714281715602,222.356995539387,4.53650059956179
259.817046405158,216.691752222729,3.94422494154123
564.55377835813,430.279590648942,3.829677345541
299.671556290671,138.990309049609,3.62976422984232
538.764563349372,463.731430983234,3.66692726002497
49.1516621344766,422.0320761017,3.82709486272586
195.812828765663,303.430443252131,4.09128301482422
551.06622965142,259.189376369881,3.77228544210735
162.741847842259,23.0697321530747,4.33898679476971
503.286918239551,344.506218244889,4.60767067308492
48.6860052236221,56.269701902493,3.97928867351868
518.952696839572,151.07953458995,4.04261711456975
NA,NA,NA
659.929387973301,333.681297321667,3.44404627083034
456.361746377414,297.446003441105,3.76934557858924
12.9861645908685,495.18388530776,3.64252165706081
561.168949687864,53.9306868111552,4.25096498736209
68.1338326207865,370.894902967936,3.99250238635047
227.567689348564,413.332548203731,3.88221782515242
430.224669455799,14.4389914354004,3.37360789547016
364.373064619982,294.050815856633,3.18435311523143
605.708968932357,105.376007905246,4.16302850917577
383.912750965632,229.892647139722,4.18665241967353
565.685675683184,415.39744399229,4.74273971907157
136.049421077607,281.988555111067,4.46982738921262
202.381026984053,369.168480998114,3.98927045859296
127.179224918231,409.447122650104,3.53959249090337
622.794538974385,310.407821778072,4.56928062573305
5.61955890020808,146.505037791078,4.19462330303925
545.109722744714,202.785525500951,4.06456656322064
33.7251712907638,490.271249616186,3.07737882231951
281.991853141186,23.9625567939453,3.82333353410523
533.347346925218,392.773600420091,3.4217486055569
71.4326332683779,89.7492185546774,5.35637226073617
4.70711983800225,73.3429320183456,3.60079273786376
585.436104188122,230.03109501733,3.98829689302579
445.643009888325,460.641733160779,4.75927658236186
656.616452959168,373.047648310072,3.11089412342998
109.205957519866,485.803918399512,4.29297621996228
624.890732254383,91.6769367192425,4.09266400247751
420.556174996634,259.874095334435,3.60170432342946
10.6683780796427,182.903865609642,3.06239375061856
73.1157204006815,132.7268316818,4.50557548835115
612.714281715602,222.356995539387,4.53650059956179
259.817046405158,216.691752222729,3.94422494154123
564.55377835813,430.279590648942,3.829677345541
299.671556290671,138.990309049609,3.62976422984232
538.764563349372,463.731430983234,3.66692726002497
49.1516621344766,422.0320761017,3.82709486272586
195.812828765663,303.430443252131,4.09128301482422
551.06622965142,259.189376369881,3.77228544210735
162.741847842259,23.0697321530747,4.33898679476971
503.286918239551,344.506218244889,4.60767067308492
48.6860052236221,56.269701902493,3.97928867351868
518.952696839572,151.07953458995,4.04261711456975
NA,NA,NA
659.660060696834,334.832848584507,3.61718488052775
454.665299009266,303.88412472082,3.84504986991099
10.9034332577354,496.605562624036,3.58474207545382
556.981263074698,52.8648776997394,4.16449683717
70.2561999908918,376.047328262905,3.99111643887734
229.589371074829,414.6432477662,3.9548122044236
427.770998104051,9.92387015283007,3.38476140350061
363.872237709863,291.944121984339,3.00427935929596
605.287600305012,108.77481288485,4.31478842355295
393.465269149408,232.722148016951,4.23605711812039
565.517567558716,404.846041904688,4.73334951764211
130.619158713182,279.328043225135,4.58548785430414
205.25428332613,367.935865026904,3.9504330044701
124.601008728207,413.145892560563,3.50696095534501
629.049467313029,312.786591965091,4.55843239520349
4.14737626781317,146.422923207993,4.32204459259674
540.724936039094,200.997119777374,4.06926646763511
33.7827556965134,489.74359622479,3.08587016959123
281.22001085807,24.0179317815684,3.83841985352717
535.641614270606,394.063391948783,3.24414107552312
72.0908994072972,83.1392454786148,5.25267449152639
9.58644615097378,75.2050327139062,3.462344552369
587.700305760545,226.829985073917,4.06492137808541
442.454628008289,454.629551524791,4.71968955543553
663.495336612701,374.548058131094,2.94733504951569
106.050855630412,482.343428282791,4.44854347776464
624.389700652986,91.1631561394523,4.127145709046
421.149711337914,261.118330233438,3.65834759352344
15.0732343356069,182.338787923483,3.24374278372397
67.4545988124383,121.352265184466,4.5103580156707
603.196863479359,199.351965348182,4.10943755106849
249.913949220286,219.840949079693,3.85448537979094
571.125413144824,442.963358248321,3.79702602793102
295.535111975796,137.659855608932,3.97517545212903
527.365614217451,461.105198764367,3.51186533645053
49.3529440543484,410.312299591411,3.73077328513529
205.247058605524,289.85092701888,3.99784527447095
555.56307419311,260.622992827757,3.66001445618305
176.268988844171,13.1690750237729,4.24835986740354
493.265919672593,341.12724345043,4.65224904433797
33.4915134458694,46.668830491101,3.4925944748764
536.278592922068,165.394821790725,4.68558083882956
NA,NA,NA
659.660060696834,334.832848584507,3.61718488052775
454.665299009266,303.88412472082,3.84504986991099
10.9034332577354,496.605562624036,3.58474207545382
556.981263074698,52.8648776997394,4.16449683717
70.2561999908918,376.047328262905,3.99111643887734
229.589371074829,414.6432477662,3.9548122044236
427.770998104051,9.92387015283007,3.38476140350061
363.872237709863,291.944121984339,3.00427935929596
605.287600305012,108.77481288485,4.31478842355295
393.465269149408,232.722148016951,4.23605711812039
565.517567558716,404.846041904688,4.73334951764211
130.619158713182,279.328043225135,4.58548785430414
205.25428332613,367.935865026904,3.9504330044701
124.601008728207,413.145892560563,3.50696095534501
629.049467313029,312.786591965091,4.55843239520349
4.14737626781317,146.422923207993,4.32204459259674
540.724936039094,200.997119777374,4.06926646763511
33.7827556965134,489.74359622479,3.08587016959123
281.22001085807,24.0179317815684,3.83841985352717
535.641614270606,394.063391948783,3.24414107552312
72.0908994072972,83.1392454786148,5.25267449152639
9.58644615097378,75.2050327139062,3.462344552369
587.700305760545,226.829985073917,4.06492137808541
442.454628008289,454.629551524791,4.71968955543553
663.495336612701,374.548058131094,2.94733504951569
106.050855630412,482.343428282791,4.44854347776464
624.389700652986,91.1631561394523,4.127145709046
421.149711337914,261.118330233438,3.65834759352344
15.0732343356069,182.338787923483,3.24374278372397
67.4545988124383,121.352265184466,4.5103580156707
603.196863479359,199.351965348182,4.10943755106849
249.913949220286,219.840949079693,3.85448537979094
571.125413144824,442.963358248321,3.79702602793102
295.535111975796,137.659855608932,3.97517545212903
527.365614217451,461.105198764367,3.51186533645053
49.3529440543484,410.312299591411,3.73077328513529
205.247058605524,289.85092701888,3.99784527447095
555.56307419311,260.622992827757,3.66001445618305
176.268988844171,13.1690750237729,4.24835986740354
493.265919672593,341.12724345043,4.65224904433797
33.4915134458694,46.668830491101,3.4925944748764
536.278592922068,165.394821790725,4.68558083882956
NA,NA,NA
659.660060696834,334.832848584507,3.61718488052775
454.665299009266,303.88412472082,3.84504986991099
10.9034332577354,496.605562624036,3.58474207545382
556.981263074698,52.8648776997394,4.16449683717
70.2561999908918,376.047328262905,3.99111643887734
229.589371074829,414.6432477662,3.9548122044236
427.770998104051,9.92387015283007,3.38476140350061
363.872237709863,291.944121984339,3.00427935929596
605.287600305012,108.77481288485,4.31478842355295
393.465269149408,232.722148016951,4.23605711812039
565.517567558716,404.846041904688,4.73334951764211
130.619158713182,279.328043225135,4.58548785430414
205.25428332613,367.935865026904,3.9504330044701
124.601008728207,413.145892560563,3.50696095534501
629.049467313029,312.786591965091,4.55843239520349
4.14737626781317,146.422923207993,4.32204459259674
540.724936039094,200.997119777374,4.06926646763511
33.7827556965134,489.74359622479,3.08587016959123
281.22001085807,24.0179317815684,3.83841985352717
535.641614270606,394.063391948783,3.24414107552312
72.0908994072972,83.1392454786148,5.25267449152639
9.58644615097378,75.2050327139062,3.462344552369
587.700305760545,226.829985073917,4.06492137808541
442.454628008289,454.629551524791,4.71968955543553
663.495336612701,374.548058131094,2.94733504951569
106.050855630412,482.343428282791,4.44854347776464
624.389700652986,91.1631561394523,4.127145709046
421.149711337914,261.118330233438,3.65834759352344
15.0732343356069,182.338787923483,3.24374278372397
67.4545988124383,121.352265184466,4.5103580156707
603.196863479359,199.351965348182,4.10943755106849
249.913949220286,219.840949079693,3.85448537979094
571.125413144824,442.963358248321,3.79702602793102
295.535111975796,137.659855608932,3.97517545212903
527.365614217451,461.105198764367,3.51186533645053
49.3529440543484,410.312299591411,3.73077328513529
205.247058605524,289.85092701888,3.99784527447095
555.56307419311,260.622992827757,3.66001445618305
176.268988844171,13.1690750237729,4.24835986740354
493.265919672593,341.12724345043,4.65224904433797
33.4915134458694,46.668830491101,3.4925944748764
536.278592922068,165.394821790725,4.68558083882956
NA,NA,NA
659.660060696834,334.832848584507,3.61718488052775
454.665299009266,303.88412472082,3.84504986991099
10.9034332577354,496.605562624036,3.58474207545382
556.981263074698,52.8648776997394,4.16449683717
70.2561999908918,376.047328262905,3.99111643887734
229.589371074829,414.6432477662,3.9548122044236
427.770998104051,9.92387015283007,3.38476140350061
363.872237709863,291.944121984339,3.00427935929596
605.287600305012,108.77481288485,4.31478842355295
393.465269149408,232.722148016951,4.23605711812039
565.517567558716,404.846041904688,4.73334951764211
130.619158713182,279.328043225135,4.58548785430414
205.25428332613,367.935865026904,3.9504330044701
124.601008728207,413.145892560563,3.50696095534501
629.049467313029,312.786591965091,4.55843239520349
4.14737626781317,146.422923207993,4.32204459259674
540.724936039094,200.997119777374,4.06926646763511
33.7827556965134,489.74359622479,3.08587016959123
281.22001085807,24.0179317815684,3.83841985352717
535.641614270606,394.063391948783,3.24414107552312
72.0908994072972,83.1392454786148,5.25267449152639
9.58644615097378,75.2050327139062,3.462344552369
587.700305760545,226.829985073917,4.06492137808541
442.454628008289,454.629551524791,4.71968955543553
663.495336612701,374.548058131094,2.94733504951569
106.050855630412,482.343428282791,4.44854347776464
624.389700652986,91.1631561394523,4.127145709046
421.149711337914,261.118330233438,3.65834759352344
15.0732343356069,182.338787923483,3.24374278372397
67.4545988124383,121.352265184466,4.5103580156707
603.196863479359,199.351965348182,4.10943755106849
249.913949220286,219.840949079693,3.85448537979094
571.125413144824,442.963358248321,3.79702602793102
295.535111975796,137.659855608932,3.97517545212903
527.365614217451,461.105198764367,3.51186533645053
49.3529440543484,410.312299591411,3.73077328513529
205.247058605524,289.85092701888,3.99784527447095
555.56307419311,260.622992827757,3.66001445618305
176.268988844171,13.1690750237729,4.24835986740354
493.265919672593,341.12724345043,4.65224904433797
33.4915134458694,46.668830491101,3.4925944748764
536.278592922068,165.394821790725,4.68558083882956
NA,NA,NA
659.660060696834,334.832848584507,3.61718488052775
454.665299009266,303.88412472082,3.84504986991099
10.9034332577354,496.605562624036,3.58474207545382
556.981263074698,52.8648776997394,4.16449683717
70.2561999908918,376.047328262905,3.99111643887734
229.589371074829,414.6432477662,3.9548122044236
427.770998104051,9.92387015283007,3.38476140350061
363.872237709863,291.944121984339,3.00427935929596
605.287600305012,108.77481288485,4.31478842355295
393.465269149408,232.722148016951,4.23605711812039
565.517567558716,404.846041904688,4.73334951764211
130.619158713182,279.328043225135,4.58548785430414
205.25428332613,367.935865026904,3.9504330044701
124.601008728207,413.145892560563,3.50696095534501
629.049467313029,312.786591965091,4.55843239520349
4.14737626781317,146.422923207993,4.32204459259674
540.724936039094,200.997119777374,4.06926646763511
33.7827556965134,489.74359622479,3.08587016959123
281.22001085807,24.0179317815684,3.83841985352717
535.641614270606,394.063391948783,3.24414107552312
72.0908994072972,83.1392454786148,5.25267449152639
9.58644615097378,75.2050327139062,3.462344552369
587.700305760545,226.829985073917,4.06492137808541
442.454628008289,454.629551524791,4.71968955543553
663.495336612701,374.548058131094,2.94733504951569
106.050855630412,482.343428282791,4.44854347776464
624.389700652986,91.1631561394523,4.127145709046
421.149711337914,261.118330233438,3.65834759352344
15.0732343356069,182.338787923483,3.24374278372397
67.4545988124383,121.352265184466,4.5103580156707
603.196863479359,199.351965348182,4.10943755106849
249.913949220286,219.840949079693,3.85448537979094
571.125413144824,442.963358248321,3.79702602793102
295.535111975796,137.659855608932,3.97517545212903
527.365614217451,461.105198764367,3.51186533645053
49.3529440543484,410.312299591411,3.73077328513529
205.247058605524,289.85092701888,3.99784527447095
555.56307419311,260.622992827757,3.66001445618305
176.268988844171,13.1690750237729,4.24835986740354
493.265919672593,341.12724345043,4.65224904433797
33.4915134458694,46.668830491101,3.4925944748764
536.278592922068,165.394821790725,4.68558083882956
NA,NA,NA
659.660060696834,334.832848584507,3.61718488052775
454.665299009266,303.88412472082,3.84504986991099
10.9034332577354,496.605562624036,3.58474207545382
556.981263074698,52.8648776997394,4.16449683717
70.2561999908918,376.047328262905,3.99111643887734
229.589371074829,414.6432477662,3.9548122044236
427.770998104051,9.92387015283007,3.38476140350061
363.872237709863,291.944121984339,3.00427935929596
605.287600305012,108.77481288485,4.31478842355295
393.465269149408,232.722148016951,4.23605711812039
565.517567558716,404.846041904688,4.73334951764211
130.619158713182,279.328043225135,4.58548785430414
205.25428332613,367.935865026904,3.9504330044701
124.601008728207,413.145892560563,3.50696095534501
629.049467313029,312.786591965091,4.55843239520349
4.14737626781317,146.422923207993,4.32204459259674
540.724936039094,200.997119777374,4.06926646763511
33.7827556965134,489.74359622479,3.08587016959123
281.22001085807,24.0179317815684,3.83841985352717
535.641614270606,394.063391948783,3.24414107552312
72.0908994072972,83.1392454786148,5.25267449152639
9.58644615097378,75.2050327139062,3.462344552369
587.700305760545,226.829985073917,4.06492137808541
442.454628008289,454.629551524791,4.71968955543553
663.495336612701,374.548058131094,2.94733504951569
106.050855630412,482.343428282791,4.44854347776464
624.389700652986,91.1631561394523,4.127145709046
421.149711337914,261.118330233438,3.65834759352344
15.0732343356069,182.338787923483,3.24374278372397
67.4545988124383,121.352265184466,4.5103580156707
603.196863479359,199.351965348182,4.10943755106849
249.913949220286,219.840949079693,3.85448537979094
571.125413144824,442.963358248321,3.79702602793102
295.535111975796,137.659855608932,3.97517545212903
527.365614217451,461.105198764367,3.51186533645053
49.3529440543484,410.312299591411,3.73077328513529
205.247058605524,289.85092701888,3.99784527447095
555.56307419311,260.622992827757,3.66001445618305
176.268988844171,13.1690750237729,4.24835986740354
493.265919672593,341.12724345043,4.65224904433797
33.4915134458694,46.668830491101,3.4925944748764
536.278592922068,165.394821790725,4.68558083882956
NA,NA,NA
661.201101877392,334.264446392299,3.56271628046157
455.535153476218,298.59894087731,3.69575077905636
11.2248643957886,497.265716074695,3.50203017564165
561.387443948812,52.0808215666464,4.188771904671
74.6374088562313,377.251132376201,4.03608382610594
231.763662939781,412.141629088193,3.86841923155262
427.980384432479,13.1388216326166,3.40981310544916
363.497793503791,293.06833516065,3.07577496377773
603.761571801897,104.393949182626,4.28514702633398
390.796625927864,230.281141637375,4.27777030257976
571.555695227645,413.549708835314,4.73504084973882
134.631088534454,280.479143954846,4.52055553602236
193.853643743838,369.216141540159,4.04295647794495
124.893380853106,410.598928843641,3.4049563236797
628.104765415538,306.66151535754,4.66485378535264
0.735804326798607,149.727001590354,4.29281919330003
539.269520953338,202.270567443387,4.18285538598661
31.8318474521869,492.091460423376,3.07777831645093
278.036729542024,27.1816062941501,3.8643353614448
536.923715514836,392.887308507817,3.33944968844929
75.2963689679897,73.6538177875959,5.24819353031302
2.7914920250626,78.2813274596258,3.48567312630916
589.927935998152,229.517822228472,3.94266287390278
444.726241808642,456.630680504016,4.74277442003671
659.941290196468,373.989629143268,3.08037262286017
106.207909649717,492.295497235406,4.38081294504664
622.477146507061,90.7009064602551,4.07660072280653
421.598711131238,254.864605421641,3.65450646465394
11.0991998333435,181.928698856355,3.34110523293025
64.2789540301859,116.355067175975,4.57789567564262
596.645459262817,195.517311103786,4.45068608075521
253.337715687819,222.684973709966,3.92771156979576
588.426454559975,440.185240161807,3.92469124576519
298.859184320711,134.986873224686,3.9131781831877
531.657619780835,455.295868067284,3.47789879810285
51.8160598447423,419.888386662346,4.1072867452573
199.361538477498,275.865419233312,3.93136167546479
551.248375066756,264.661766265008,3.67205846917143
165.122851318774,35.2532090895586,4.46481232488818
496.216526159364,334.897274346219,4.25630000171406
36.4713116853321,47.7589793313622,3.48654813543262
527.449098577228,154.775005501585,4.71903059709869
NA,NA,NA
661.201101877392,334.264446392299,3.56271628046157
455.535153476218,298.59894087731,3.69575077905636
11.2248643957886,497.265716074695,3.50203017564165
561.387443948812,52.0808215666464,4.188771904671
74.6374088562313,377.251132376201,4.03608382610594
231.763662939781,412.141629088193,3.86841923155262
427.980384432479,13.1388216326166,3.40981310544916
363.497793503791,293.06833516065,3.07577496377773
603.761571801897,104.393949182626,4.28514702633398
390.796625927864,230.281141637375,4.27777030257976
571.555695227645,413.549708835314,4.73504084973882
134.631088534454,280.479143954846,4.52055553602236
193.853643743838,369.216141540159,4.04295647794495
124.893380853106,410.598928843641,3.4049563236797
628.104765415538,306.66151535754,4.66485378535264
0.735804326798607,149.727001590354,4.29281919330003
539.269520953338,202.270567443387,4.18285538598661
31.8318474521869,492.091460423376,3.07777831645093
278.036729542024,27.1816062941501,3.8643353614448
536.923715514836,392.887308507817,3.33944968844929
75.2963689679897,73.6538177875959,5.24819353031302
2.7914920250626,78.2813274596258,3.48567312630916
589.927935998152,229.517822228472,3.94266287390278
444.726241808642,456.630680504016,4.74277442003671
659.941290196468,373.989629143268,3.08037262286017
106.207909649717,492.295497235406,4.38081294504664
622.477146507061,90.7009064602551,4.07660072280653
421.598711131238,254.864605421641,3.65450646465394
11.0991998333435,181.928698856355,3.34110523293025
64.2789540301859,116.355067175975,4.57789567564262
596.645459262817,195.517311103786,4.45068608075521
253.337715687819,222.684973709966,3.92771156979576
588.426454559975,440.185240161807,3.92469124576519
298.859184320711,134.986873224686,3.9131781831877
531.657619780835,455.295868067284,3.47789879810285
51.8160598447423,419.888386662346,4.1072867452573
199.361538477498,275.865419233312,3.93136167546479
551.248375066756,264.661766265008,3.67205846917143
165.122851318774,35.2532090895586,4.46481232488818
496.216526159364,334.897274346219,4.25630000171406
36.4713116853321,47.7589793313622,3.48654813543262
527.449098577228,154.775005501585,4.71903059709869
NA,NA,NA
661.201101877392,334.264446392299,3.56271628046157
455.535153476218,298.59894087731,3.69575077905636
11.2248643957886,497.265716074695,3.50203017564165
561.387443948812,52.0808215666464,4.188771904671
74.6374088562313,377.251132376201,4.03608382610594
231.763662939781,412.141629088193,3.86841923155262
427.980384432479,13.1388216326166,3.40981310544916
363.497793503791,293.06833516065,3.07577496377773
603.761571801897,104.393949182626,4.28514702633398
390.796625927864,230.281141637375,4.27777030257976
571.555695227645,413.549708835314,4.73504084973882
134.631088534454,280.479143954846,4.52055553602236
193.853643743838,369.216141540159,4.04295647794495
124.893380853106,410.598928843641,3.4049563236797
628.104765415538,306.66151535754,4.66485378535264
0.735804326798607,149.727001590354,4.29281919330003
539.269520953338,202.270567443387,4.18285538598661
31.8318474521869,492.091460423376,3.07777831645093
278.036729542024,27.1816062941501,3.8643353614448
536.923715514836,392.887308507817,3.33944968844929
75.2963689679897,73.6538177875959,5.24819353031302
2.7914920250626,78.2813274596258,3.48567312630916
589.927935998152,229.517822228472,3.94266287390278
444.726241808642,456.630680504016,4.74277442003671
659.941290196468,373.989629143268,3.08037262286017
106.207909649717,492.295497235406,4.38081294504664
622.477146507061,90.7009064602551,4.07660072280653
421.598711131238,254.864605421641,3.65450646465394
11.0991998333435,181.928698856355,3.34110523293025
64.2789540301859,116.355067175975,4.57789567564262
596.645459262817,195.517311103786,4.45068608075521
253.337715687819,222.684973709966,3.92771156979576
588.426454559975,440.185240161807,3.92469124576519
298.859184320711,134.986873224686,3.9131781831877
531.657619780835,455.295868067284,3.47789879810285
51.8160598447423,419.888386662346,4.1072867452573
199.361538477498,275.865419233312,3.93136167546479
551.248375066756,264.661766265008,3.67205846917143
165.122851318774,35.2532090895586,4.46481232488818
496.216526159364,334.897274346219,4.25630000171406
36.4713116853321,47.7589793313622,3.48654813543262
527.449098577228,154.775005501585,4.71903059709869
NA,NA,NA
661.201101877392,334.264446392299,3.56271628046157
455.535153476218,298.59894087731,3.69575077905636
11.2248643957886,497.265716074695,3.50203017564165
561.387443948812,52.0808215666464,4.188771904671
74.6374088562313,377.251132376201,4.03608382610594
231.763662939781,412.141629088193,3.86841923155262
427.980384432479,13.1388216326166,3.40981310544916
363.497793503791,293.06833516065,3.07577496377773
603.761571801897,104.393949182626,4.28514702633398
390.796625927864,230.281141637375,4.27777030257976
571.555695227645,413.549708835314,4.73504084973882
134.631088534454,280.479143954846,4.52055553602236
193.853643743838,369.216141540159,4.04295647794495
124.893380853106,410.598928843641,3.4049563236797
628.104765415538,306.66151535754,4.66485378535264
0.735804326798607,149.727001590354,4.29281919330003
539.269520953338,202.270567443387,4.18285538598661
31.8318474521869,492.091460423376,3.07777831645093
278.036729542024,27.1816062941501,3.8643353614448
536.923715514836,392.887308507817,3.33944968844929
75.2963689679897,73.6538177875959,5.24819353031302
2.7914920250626,78.2813274596258,3.48567312630916
589.927935998152,229.517822228472,3.94266287390278
444.726241808642,456.630680504016,4.74277442003671
659.941290196468,373.989629143268,3.08037262286017
106.207909649717,492.295497235406,4.38081294504664
622.477146507061,90.7009064602551,4.07660072280653
421.598711131238,254.864605421641,3.65450646465394
11.0991998333435,181.928698856355,3.34110523293025
64.2789540301859,116.355067175975,4.57789567564262
596.645459262817,195.517311103786,4.45068608075521
253.337715687819,222.684973709966,3.92771156979576
588.426454559975,440.185240161807,3.92469124576519
298.859184320711,134.986873224686,3.9131781831877
531.657619780835,455.295868067284,3.47789879810285
51.8160598447423,419.888386662346,4.1072867452573
199.361538477498,275.865419233312,3.93136167546479
551.248375066756,264.661766265008,3.67205846917143
165.122851318774,35.2532090895586,4.46481232488818
496.216526159364,334.897274346219,4.25630000171406
36.4713116853321,47.7589793313622,3.48654813543262
527.449098577228,154.775005501585,4.71903059709869
NA,NA,NA
661.201101877392,334.264446392299,3.56271628046157
455.535153476218,298.59894087731,3.69575077905636
11.2248643957886,497.265716074695,3.50203017564165
561.387443948812,52.0808215666464,4.188771904671
74.6374088562313,377.251132376201,4.03608382610594
231.763662939781,412.141629088193,3.86841923155262
427.980384432479,13.1388216326166,3.40981310544916
363.497793503791,293.06833516065,3.07577496377773
603.761571801897,104.393949182626,4.28514702633398
390.796625927864,230.281141637375,4.27777030257976
571.555695227645,413.549708835314,4.73504084973882
134.631088534454,280.479143954846,4.52055553602236
193.853643743838,369.216141540159,4.04295647794495
124.893380853106,410.598928843641,3.4049563236797
628.104765415538,306.66151535754,4.66485378535264
0.735804326798607,149.727001590354,4.29281919330003
539.269520953338,202.270567443387,4.18285538598661
31.8318474521869,492.091460423376,3.07777831645093
278.036729542024,27.1816062941501,3.8643353614448
536.923715514836,392.887308507817,3.33944968844929
75.2963689679897,73.6538177875959,5.24819353031302
2.7914920250626,78.2813274596258,3.48567312630916
589.927935998152,229.517822228472,3.94266287390278
444.726241808642,456.630680504016,4.74277442003671
659.941290196468,373.989629143268,3.08037262286017
106.207909649717,492.295497235406,4.38081294504664
622.477146507061,90.7009064602551,4.07660072280653
421.598711131238,254.864605421641,3.65450646465394
11.0991998333435,181.928698856355,3.34110523293025
64.2789540301859,116.355067175975,4.57789567564262
596.645459262817,195.517311103786,4.45068608075521
253.337715687819,222.684973709966,3.92771156979576
588.426454559975,440.185240161807,3.92469124576519
298.859184320711,134.986873224686,3.9131781831877
531.657619780835,455.295868067284,3.47789879810285
51.8160598447423,419.888386662346,4.1072867452573
199.361538477498,275.865419233312,3.93136167546479
551.248375066756,264.661766265008,3.67205846917143
165.122851318774,35.2532090895586,4.46481232488818
496.216526159364,334.897274346219,4.25630000171406
36.4713116853321,47.7589793313622,3.48654813543262
527.449098577228,154.775005501585,4.71903059709869
NA,NA,NA
661.201101877392,334.264446392299,3.56271628046157
455.535153476218,298.59894087731,3.69575077905636
11.2248643957886,497.265716074695,3.50203017564165
561.387443948812,52.0808215666464,4.188771904671
74.6374088562313,377.251132376201,4.03608382610594
231.763662939781,412.141629088193,3.86841923155262
427.980384432479,13.1388216326166,3.40981310544916
363.497793503791,293.06833516065,3.07577496377773
603.761571801897,104.393949182626,4.28514702633398
390.796625927864,230.281141637375,4.27777030257976
571.555695227645,413.549708835314,4.73504084973882
134.631088534454,280.479143954846,4.52055553602236
193.853643743838,369.216141540159,4.04295647794495
124.893380853106,410.598928843641,3.4049563236797
628.104765415538,306.66151535754,4.66485378535264
0.735804326798607,149.727001590354,4.29281919330003
539.269520953338,202.270567443387,4.18285538598661
31.8318474521869,492.091460423376,3.07777831645093
278.036729542024,27.1816062941501,3.8643353614448
536.923715514836,392.887308507817,3.33944968844929
75.2963689679897,73.6538177875959,5.24819353031302
2.7914920250626,78.2813274596258,3.48567312630916
589.927935998152,229.517822228472,3.94266287390278
444.726241808642,456.630680504016,4.74277442003671
659.941290196468,373.989629143268,3.08037262286017
106.207909649717,492.295497235406,4.38081294504664
622.477146507061,90.7009064602551,4.07660072280653
421.598711131238,254.864605421641,3.65450646465394
11.0991998333435,181.928698856355,3.34110523293025
64.2789540301859,116.355067175975,4.57789567564262
596.645459262817,195.517311103786,4.45068608075521
253.337715687819,222.684973709966,3.92771156979576
588.426454559975,440.185240161807,3.92469124576519
298.859184320711,134.986873224686,3.9131781831877
531.657619780835,455.295868067284,3.47789879810285
51.8160598447423,419.888386662346,4.1072867452573
199.361538477498,275.865419233312,3.93136167546479
551.248375066756,264.661766265008,3.67205846917143
165.122851318774,35.2532090895586,4.46481232488818
496.216526159364,334.897274346219,4.25630000171406
36.4713116853321,47.7589793313622,3.48654813543262
527.449098577228,154.775005501585,4.71903059709869
NA,NA,NA
661.751220362297,336.817315345077,3.3821295981718
456.153545999843,295.775166062872,3.55616751371684
12.181340464239,492.797788909805,3.52803372045693
561.207301923961,53.443108518539,4.1413806994702
73.0241364589236,372.721675486304,3.86660628378195
232.030095326225,416.524261275917,3.91501906438211
426.688157641719,12.4733845641282,3.43916674472757
359.173885335679,292.55354583567,3.09894096134645
603.046042597423,108.233931676509,4.21874170296098
391.832273589625,231.688368139685,4.23254653920315
564.925614955134,413.870497542627,4.74957637240872
140.202482785688,281.320587238173,4.49473620690957
201.231971953269,372.893130315212,4.01296247207608
121.481951535549,410.375520112316,3.50145898851819
624.776379624938,309.003338789865,4.59844861722359
3.61683284225676,149.695001884934,4.28385270250073
542.169346150615,201.726415146205,4.13655275707703
33.2677541757762,490.377785847378,2.97194053800907
283.010799748718,23.8896203907516,3.85237191001783
534.429601786318,393.21935302225,3.24715153658612
72.8323951586797,81.795180334285,5.32328156779944
6.31196022608127,77.7828716668404,3.49037969246041
590.808028685013,225.418811884365,4.06993742533536
445.846080276253,461.25162138998,4.79615899016163
657.641251498874,373.015660288667,3.25610495576877
103.317531775601,483.849223618873,4.30501158562151
626.126092944782,92.5999159879996,4.09014440368196
418.6560270753,260.114563746443,3.573445102772
13.2834764048899,181.753437648373,3.33005858427934
63.0498397389045,118.403206523258,4.20298979817293
611.416083503058,211.646183925779,4.28379838279283
253.041658994074,217.644904397233,3.55994844991748
582.043171973752,432.919101747008,3.92813048864355
297.208300917654,134.606784887202,3.84027932921718
525.124327103822,456.330689100572,3.72083801241208
43.6242537637243,419.001218983092,3.8525906794082
188.467230264251,294.966093507939,3.92104750370069
543.224506046752,266.136460497861,3.83651562415526
176.223454770082,25.0308397839487,4.35476358030704
500.004206309295,347.322454125988,4.73984603500183
31.7565738187827,45.118613863245,3.92127344550879
531.015738172292,133.545750117726,4.84921093267719
NA,NA,NA
661.751220362297,336.817315345077,3.3821295981718
456.153545999843,295.775166062872,3.55616751371684
12.181340464239,492.797788909805,3.52803372045693
561.207301923961,53.443108518539,4.1413806994702
73.0241364589236,372.721675486304,3.86660628378195
232.030095326225,416.524261275917,3.91501906438211
426.688157641719,12.4733845641282,3.43916674472757
359.173885335679,292.55354583567,3.09894096134645
603.046042597423,108.233931676509,4.21874170296098
391.832273589625,231.688368139685,4.23254653920315
564.925614955134,413.870497542627,4.74957637240872
140.202482785688,281.320587238173,4.49473620690957
201.231971953269,372.893130315212,4.01296247207608
121.481951535549,410.375520112316,3.50145898851819
624.776379624938,309.003338789865,4.59844861722359
3.61683284225676,149.695001884934,4.28385270250073
542.169346150615,201.726415146205,4.13655275707703
33.2677541757762,490.377785847378,2.97194053800907
283.010799748718,23.8896203907516,3.85237191001783
534.429601786318,393.21935302225,3.24715153658612
72.8323951586797,81.795180334285,5.32328156779944
6.31196022608127,77.7828716668404,3.49037969246041
590.808028685013,225.418811884365,4.06993742533536
445.846080276253,461.25162138998,4.79615899016163
657.641251498874,373.015660288667,3.25610495576877
103.317531775601,483.849223618873,4.30501158562151
626.126092944782,92.5999159879996,4.09014440368196
418.6560270753,260.114563746443,3.573445102772
13.2834764048899,181.753437648373,3.33005858427934
63.0498397389045,118.403206523258,4.20298979817293
611.416083503058,211.646183925779,4.28379838279283
253.041658994074,217.644904397233,3.55994844991748
582.043171973752,432.919101747008,3.92813048864355
297.208300917654,134.606784887202,3.84027932921718
525.124327103822,456.330689100572,3.72083801241208
43.6242537637243,419.001218983092,3.8525906794082
188.467230264251,294.966093507939,3.92104750370069
543.224506046752,266.136460497861,3.83651562415526
176.223454770082,25.0308397839487,4.35476358030704
500.004206309295,347.322454125988,4.73984603500183
31.7565738187827,45.118613863245,3.92127344550879
531.015738172292,133.545750117726,4.84921093267719
NA,NA,NA
661.751220362297,336.817315345077,3.3821295981718
456.153545999843,295.775166062872,3.55616751371684
12.181340464239,492.797788909805,3.52803372045693
561.207301923961,53.443108518539,4.1413806994702
73.0241364589236,372.721675486304,3.86660628378195
232.030095326225,416.524261275917,3.91501906438211
426.688157641719,12.4733845641282,3.43916674472757
359.173885335679,292.55354583567,3.09894096134645
603.046042597423,108.233931676509,4.21874170296098
391.832273589625,231.688368139685,4.23254653920315
564.925614955134,413.870497542627,4.74957637240872
140.202482785688,281.320587238173,4.49473620690957
201.231971953269,372.893130315212,4.01296247207608
121.481951535549,410.375520112316,3.50145898851819
624.776379624938,309.003338789865,4.59844861722359
3.61683284225676,149.695001884934,4.28385270250073
542.169346150615,201.726415146205,4.13655275707703
33.2677541757762,490.377785847378,2.97194053800907
283.010799748718,23.8896203907516,3.85237191001783
534.429601786318,393.21935302225,3.24715153658612
72.8323951586797,81.795180334285,5.32328156779944
6.31196022608127,77.7828716668404,3.49037969246041
590.808028685013,225.418811884365,4.06993742533536
445.846080276253,461.25162138998,4.79615899016163
657.641251498874,373.015660288667,3.25610495576877
103.317531775601,483.849223618873,4.30501158562151
626.126092944782,92.5999159879996,4.09014440368196
418.6560270753,260.114563746443,3.573445102772
13.2834764048899,181.753437648373,3.33005858427934
63.0498397389045,118.403206523258,4.20298979817293
611.416083503058,211.646183925779,4.28379838279283
253.041658994074,217.644904397233,3.55994844991748
582.043171973752,432.919101747008,3.92813048864355
297.208300917654,134.606784887202,3.84027932921718
525.124327103822,456.330689100572,3.72083801241208
43.6242537637243,419.001218983092,3.8525906794082
188.467230264251,294.966093507939,3.92104750370069
543.224506046752,266.136460497861,3.83651562415526
176.223454770082,25.0308397839487,4.35476358030704
500.004206309295,347.322454125988,4.73984603500183
31.7565738187827,45.118613863245,3.92127344550879
531.015738172292,133.545750117726,4.84921093267719
NA,NA,NA
661.751220362297,336.817315345077,3.3821295981718
456.153545999843,295.775166062872,3.55616751371684
12.181340464239,492.797788909805,3.52803372045693
561.207301923961,53.443108518539,4.1413806994702
73.0241364589236,372.721675486304,3.86660628378195
232.030095326225,416.524261275917,3.91501906438211
426.688157641719,12.4733845641282,3.43916674472757
359.173885335679,292.55354583567,3.09894096134645
603.046042597423,108.233931676509,4.21874170296098
391.832273589625,231.688368139685,4.23254653920315
564.925614955134,413.870497542627,4.74957637240872
140.202482785688,281.320587238173,4.49473620690957
201.231971953269,372.893130315212,4.01296247207608
121.481951535549,410.375520112316,3.50145898851819
624.776379624938,309.003338789865,4.59844861722359
3.61683284225676,149.695001884934,4.28385270250073
542.169346150615,201.726415146205,4.13655275707703
33.2677541757762,490.377785847378,2.97194053800907
283.010799748718,23.8896203907516,3.85237191001783
534.429601786318,393.21935302225,3.24715153658612
72.8323951586797,81.795180334285,5.32328156779944
6.31196022608127,77.7828716668404,3.49037969246041
590.808028685013,225.418811884365,4.06993742533536
445.846080276253,461.25162138998,4.79615899016163
657.641251498874,373.015660288667,3.25610495576877
103.317531775601,483.849223618873,4.30501158562151
626.126092944782,92.5999159879996,4.09014440368196
418.6560270753,260.114563746443,3.573445102772
13.2834764048899,181.753437648373,3.33005858427934
63.0498397389045,118.403206523258,4.20298979817293
611.416083503058,211.646183925779,4.28379838279283
253.041658994074,217.644904397233,3.55994844991748
582.043171973752,432.919101747008,3.92813048864355
297.208300917654,134.606784887202,3.84027932921718
525.124327103822,456.330689100572,3.72083801241208
43.6242537637243,419.001218983092,3.8525906794082
188.467230264251,294.966093507939,3.92104750370069
543.224506046752,266.136460497861,3.83651562415526
176.223454770082,25.0308397839487,4.35476358030704
500.004206309295,347.322454125988,4.73984603500183
31.7565738187827,45.118613863245,3.92127344550879
531.015738172292,133.545750117726,4.84921093267719
NA,NA,NA
661.751220362297,336.817315345077,3.3821295981718
456.153545999843,295.775166062872,3.55616751371684
12.181340464239,492.797788909805,3.52803372045693
561.207301923961,53.443108518539,4.1413806994702
73.0241364589236,372.721675486304,3.86660628378195
232.030095326225,416.524261275917,3.91501906438211
426.688157641719,12.4733845641282,3.43916674472757
359.173885335679,292.55354583567,3.09894096134645
603.046042597423,108.233931676509,4.21874170296098
391.832273589625,231.688368139685,4.23254653920315
564.925614955134,413.870497542627,4.74957637240872
140.202482785688,281.320587238173,4.49473620690957
201.231971953269,372.893130315212,4.01296247207608
121.481951535549,410.375520112316,3.50145898851819
624.776379624938,309.003338789865,4.59844861722359
3.61683284225676,149.695001884934,4.28385270250073
542.169346150615,201.726415146205,4.13655275707703
33.2677541757762,490.377785847378,2.97194053800907
283.010799748718,23.8896203907516,3.85237191001783
534.429601786318,393.21935302225,3.24715153658612
72.8323951586797,81.795180334285,5.32328156779944
6.31196022608127,77.7828716668404,3.49037969246041
590.808028685013,225.418811884365,4.06993742533536
445.846080276253,461.25162138998,4.79615899016163
657.641251498874,373.015660288667,3.25610495576877
103.317531775601,483.849223618873,4.30501158562151
626.126092944782,92.5999159879996,4.09014440368196
418.6560270753,260.114563746443,3.573445102772
13.2834764048899,181.753437648373,3.33005858427934
63.0498397389045,118.403206523258,4.20298979817293
611.416083503058,211.646183925779,4.28379838279283
253.041658994074,217.644904397233,3.55994844991748
582.043171973752,432.919101747008,3.92813048864355
297.208300917654,134.606784887202,3.84027932921718
525.124327103822,456.330689100572,3.72083801241208
43.6242537637243,419.001218983092,3.8525906794082
188.467230264251,294.966093507939,3.92104750370069
543.224506046752,266.136460497861,3.83651562415526
176.223454770082,25.0308397839487,4.35476358030704
500.004206309295,347.322454125988,4.73984603500183
31.7565738187827,45.118613863245,3.92127344550879
531.015738172292,133.545750117726,4.84921093267719
NA,NA,NA
661.751220362297,336.817315345077,3.3821295981718
456.153545999843,295.775166062872,3.55616751371684
12.181340464239,492.797788909805,3.52803372045693
561.207301923961,53.443108518539,4.1413806994702
73.0241364589236,372.721675486304,3.86660628378195
232.030095326225,416.524261275917,3.91501906438211
426.688157641719,12.4733845641282,3.43916674472757
359.173885335679,292.55354583567,3.09894096134645
603.046042597423,108.233931676509,4.21874170296098
391.832273589625,231.688368139685,4.23254653920315
564.925614955134,413.870497542627,4.74957637240872
140.202482785688,281.320587238173,4.49473620690957
201.231971953269,372.893130315212,4.01296247207608
121.481951535549,410.375520112316,3.50145898851819
624.776379624938,309.003338789865,4.59844861722359
3.61683284225676,149.695001884934,4.28385270250073
542.169346150615,201.726415146205,4.13655275707703
33.2677541757762,490.377785847378,2.97194053800907
283.010799748718,23.8896203907516,3.85237191001783
534.429601786318,393.21935302225,3.24715153658612
72.8323951586797,81.795180334285,5.32328156779944
6.31196022608127,77.7828716668404,3.49037969246041
590.808028685013,225.418811884365,4.06993742533536
445.846080276253,461.25162138998,4.79615899016163
657.641251498874,373.015660288667,3.25610495576877
103.317531775601,483.849223618873,4.30501158562151
626.126092944782,92.5999159879996,4.09014440368196
418.6560270753,260.114563746443,3.573445102772
13.2834764048899,181.753437648373,3.33005858427934
63.0498397389045,118.403206523258,4.20298979817293
611.416083503058,211.646183925779,4.28379838279283
253.041658994074,217.644904397233,3.55994844991748
582.043171973752,432.919101747008,3.92813048864355
297.208300917654,134.606784887202,3.84027932921718
525.124327103822,456.330689100572,3.72083801241208
43.6242537637243,419.001218983092,3.8525906794082
188.467230264251,294.966093507939,3.92104750370069
543.224506046752,266.136460497861,3.83651562415526
176.223454770082,25.0308397839487,4.35476358030704
500.004206309295,347.322454125988,4.73984603500183
31.7565738187827,45.118613863245,3.92127344550879
531.015738172292,133.545750117726,4.84921093267719
NA,NA,NA
657.199067071689,335.672615248247,3.44658814617357
456.448046611264,303.715472726912,3.56562685043346
8.26065010490347,491.999721980561,3.50266834408551
563.296327362275,48.5501956722482,4.23523807037022
69.9774679023705,377.781924887086,3.92432534677751
231.736141001605,416.078012092274,3.88355568702287
426.741761980937,14.1902710135658,3.4727287564559
361.818329838388,291.759391317727,2.84415126123982
606.775268061297,104.561185127183,4.2390942062071
395.689146129562,232.202232079437,4.21385647147036
572.678474893158,405.168664883173,4.78626447291706
139.280308883074,286.392893260421,4.58274392943358
192.862585703218,366.333911434763,4.04488943242438
126.441023132436,411.210255857099,3.26045894441962
627.419692134669,314.40754012124,4.61461951803395
6.25117260392035,143.564195822896,4.27560878604265
544.337804337837,201.497345419063,4.28134017576019
33.637807170517,490.47375608103,3.21742196990125
278.117590796247,25.2836188402746,3.85394435789963
537.45365768118,392.80921695213,3.42224786698238
69.4185174057599,80.7588271544357,5.28475994426955
8.13150300339251,74.5909745234095,3.52375726852856
586.502876307411,228.672109814582,4.11907376654264
439.420982616374,464.930601997924,4.8237113215589
660.088499433845,373.002565550379,2.94692081697043
103.818657926029,489.421843654009,4.47734283093556
624.09054030674,91.2566150304241,4.0307585342037
422.681285810359,256.886565695386,3.65564351536174
11.4439029155658,183.16303320027,3.28520871451712
74.1540272330377,104.688858992647,4.40405671100187
613.547779508106,203.183320141777,4.22736372739845
251.419249401065,211.889050988013,3.70498407726559
575.738906605407,439.883514165663,3.82412019467773
296.53365624712,137.531327342364,3.9305391174101
524.927827625471,466.549900467358,3.5192733432764
49.9286917126654,415.208198622816,3.92004663633883
201.926414640974,302.384550632465,4.29073225537351
541.398347308112,265.627538611966,3.6515844973077
177.858744263991,27.6522712915958,4.36196610037849
500.174954319979,343.954680741372,4.50817211094938
35.2580724146844,52.4490568647971,3.65433961104623
541.95179416041,137.920930347025,4.12916560738523
NA,NA,NA
657.199067071689,335.672615248247,3.44658814617357
456.448046611264,303.715472726912,3.56562685043346
8.26065010490347,491.999721980561,3.50266834408551
563.296327362275,48.5501956722482,4.23523807037022
69.9774679023705,377.781924887086,3.92432534677751
231.736141001605,416.078012092274,3.88355568702287
426.741761980937,14.1902710135658,3.4727287564559
361.818329838388,291.759391317727,2.84415126123982
606.775268061297,104.561185127183,4.2390942062071
395.689146129562,232.202232079437,4.21385647147036
572.678474893158,405.168664883173,4.78626447291706
139.280308883074,286.392893260421,4.58274392943358
192.862585703218,366.333911434763,4.04488943242438
126.441023132436,411.210255857099,3.26045894441962
627.419692134669,314.40754012124,4.61461951803395
6.25117260392035,143.564195822896,4.27560878604265
544.337804337837,201.497345419063,4.28134017576019
33.637807170517,490.47375608103,3.21742196990125
278.117590796247,25.2836188402746,3.85394435789963
537.45365768118,392.80921695213,3.42224786698238
69.4185174057599,80.7588271544357,5.28475994426955
8.13150300339251,74.5909745234095,3.52375726852856
586.502876307411,228.672109814582,4.11907376654264
439.420982616374,464.930601997924,4.8237113215589
660.088499433845,373.002565550379,2.94692081697043
103.818657926029,489.421843654009,4.47734283093556
624.09054030674,91.2566150304241,4.0307585342037
422.681285810359,256.886565695386,3.65564351536174
11.4439029155658,183.16303320027,3.28520871451712
74.1540272330377,104.688858992647,4.40405671100187
613.547779508106,203.183320141777,4.22736372739845
251.419249401065,211.889050988013,3.70498407726559
575.738906605407,439.883514165663,3.82412019467773
296.53365624712,137.531327342364,3.9305391174101
524.927827625471,466.549900467358,3.5192733432764
49.9286917126654,415.208198622816,3.92004663633883
201.926414640974,302.384550632465,4.29073225537351
541.398347308112,265.627538611966,3.6515844973077
177.858744263991,27.6522712915958,4.36196610037849
500.174954319979,343.954680741372,4.50817211094938
35.2580724146844,52.4490568647971,3.65433961104623
541.95179416041,137.920930347025,4.12916560738523
NA,NA,NA
657.199067071689,335.672615248247,3.44658814617357
456.448046611264,303.715472726912,3.56562685043346
8.26065010490347,491.999721980561,3.50266834408551
563.296327362275,48.5501956722482,4.23523807037022
69.9774679023705,377.781924887086,3.92432534677751
231.736141001605,416.078012092274,3.88355568702287
426.741761980937,14.1902710135658,3.4727287564559
361.818329838388,291.759391317727,2.84415126123982
606.775268061297,104.561185127183,4.2390942062071
395.689146129562,232.202232079437,4.21385647147036
572.678474893158,405.168664883173,4.78626447291706
139.280308883074,286.392893260421,4.58274392943358
192.862585703218,366.333911434763,4.04488943242438
126.441023132436,411.210255857099,3.26045894441962
627.419692134669,314.40754012124,4.61461951803395
6.25117260392035,143.564195822896,4.27560878604265
544.337804337837,201.497345419063,4.28134017576019
33.637807170517,490.47375608103,3.21742196990125
278.117590796247,25.2836188402746,3.85394435789963
537.45365768118,392.80921695213,3.42224786698238
69.4185174057599,80.7588271544357,5.28475994426955
8.13150300339251,74.5909745234095,3.52375726852856
586.502876307411,228.672109814582,4.11907376654264
439.420982616374,464.930601997924,4.8237113215589
660.088499433845,373.002565550379,2.94692081697043
103.818657926029,489.421843654009,4.47734283093556
624.09054030674,91.2566150304241,4.0307585342037
422.681285810359,256.886565695386,3.65564351536174
11.4439029155658,183.16303320027,3.28520871451712
74.1540272330377,104.688858992647,4.40405671100187
613.547779508106,203.183320141777,4.22736372739845
251.419249401065,211.889050988013,3.70498407726559
575.738906605407,439.883514165663,3.82412019467773
296.53365624712,137.531327342364,3.9305391174101
524.927827625471,466.549900467358,3.5192733432764
49.9286917126654,415.208198622816,3.92004663633883
201.926414640974,302.384550632465,4.29073225537351
541.398347308112,265.627538611966,3.6515844973077
177.858744263991,27.6522712915958,4.36196610037849
500.174954319979,343.954680741372,4.50817211094938
35.2580724146844,52.4490568647971,3.65433961104623
541.95179416041,137.920930347025,4.12916560738523
NA,NA,NA
657.199067071689,335.672615248247,3.44658814617357
456.448046611264,303.715472726912,3.56562685043346
8.26065010490347,491.999721980561,3.50266834408551
563.296327362275,48.5501956722482,4.23523807037022
69.9774679023705,377.781924887086,3.92432534677751
231.736141001605,416.078012092274,3.88355568702287
426.741761980937,14.1902710135658,3.4727287564559
361.818329838388,291.759391317727,2.84415126123982
606.775268061297,104.561185127183,4.2390942062071
395.689146129562,232.202232079437,4.21385647147036
572.678474893158,405.168664883173,4.78626447291706
139.280308883074,286.392893260421,4.58274392943358
192.862585703218,366.333911434763,4.04488943242438
126.441023132436,411.210255857099,3.26045894441962
627.419692134669,314.40754012124,4.61461951803395
6.25117260392035,143.564195822896,4.27560878604265
544.337804337837,201.497345419063,4.28134017576019
33.637807170517,490.47375608103,3.21742196990125
278.117590796247,25.2836188402746,3.85394435789963
537.45365768118,392.80921695213,3.42224786698238
69.4185174057599,80.7588271544357,5.28475994426955
8.13150300339251,74.5909745234095,3.52375726852856
586.502876307411,228.672109814582,4.11907376654264
439.420982616374,464.930601997924,4.8237113215589
660.088499433845,373.002565550379,2.94692081697043
103.818657926029,489.421843654009,4.47734283093556
624.09054030674,91.2566150304241,4.0307585342037
422.681285810359,256.886565695386,3.65564351536174
11.4439029155658,183.16303320027,3.28520871451712
74.1540272330377,104.688858992647,4.40405671100187
613.547779508106,203.183320141777,4.22736372739845
251.419249401065,211.889050988013,3.70498407726559
575.738906605407,439.883514165663,3.82412019467773
296.53365624712,137.531327342364,3.9305391174101
524.927827625471,466.549900467358,3.5192733432764
49.9286917126654,415.208198622816,3.92004663633883
201.926414640974,302.384550632465,4.29073225537351
541.398347308112,265.627538611966,3.6515844973077
177.858744263991,27.6522712915958,4.36196610037849
500.174954319979,343.954680741372,4.50817211094938
35.2580724146844,52.4490568647971,3.65433961104623
541.95179416041,137.920930347025,4.12916560738523
NA,NA,NA
657.199067071689,335.672615248247,3.44658814617357
456.448046611264,303.715472726912,3.56562685043346
8.26065010490347,491.999721980561,3.50266834408551
563.296327362275,48.5501956722482,4.23523807037022
69.9774679023705,377.781924887086,3.92432534677751
231.736141001605,416.078012092274,3.88355568702287
426.741761980937,14.1902710135658,3.4727287564559
361.818329838388,291.759391317727,2.84415126123982
606.775268061297,104.561185127183,4.2390942062071
395.689146129562,232.202232079437,4.21385647147036
572.678474893158,405.168664883173,4.78626447291706
139.280308883074,286.392893260421,4.58274392943358
192.862585703218,366.333911434763,4.04488943242438
126.441023132436,411.210255857099,3.26045894441962
627.419692134669,314.40754012124,4.61461951803395
6.25117260392035,143.564195822896,4.27560878604265
544.337804337837,201.497345419063,4.28134017576019
33.637807170517,490.47375608103,3.21742196990125
278.117590796247,25.2836188402746,3.85394435789963
537.45365768118,392.80921695213,3.42224786698238
69.4185174057599,80.7588271544357,5.28475994426955
8.13150300339251,74.5909745234095,3.52375726852856
586.502876307411,228.672109814582,4.11907376654264
439.420982616374,464.930601997924,4.8237113215589
660.088499433845,373.002565550379,2.94692081697043
103.818657926029,489.421843654009,4.47734283093556
624.09054030674,91.2566150304241,4.0307585342037
422.681285810359,256.886565695386,3.65564351536174
11.4439029155658,183.16303320027,3.28520871451712
74.1540272330377,104.688858992647,4.40405671100187
613.547779508106,203.183320141777,4.22736372739845
251.419249401065,211.889050988013,3.70498407726559
575.738906605407,439.883514165663,3.82412019467773
296.53365624712,137.531327342364,3.9305391174101
524.927827625471,466.549900467358,3.5192733432764
49.9286917126654,415.208198622816,3.92004663633883
201.926414640974,302.384550632465,4.29073225537351
541.398347308112,265.627538611966,3.6515844973077
177.858744263991,27.6522712915958,4.36196610037849
500.174954319979,343.954680741372,4.50817211094938
35.2580724146844,52.4490568647971,3.65433961104623
541.95179416041,137.920930347025,4.12916560738523
NA,NA,NA
657.199067071689,335.672615248247,3.44658814617357
456.448046611264,303.715472726912,3.56562685043346
8.26065010490347,491.999721980561,3.50266834408551
563.296327362275,48.5501956722482,4.23523807037022
69.9774679023705,377.781924887086,3.92432534677751
231.736141001605,416.078012092274,3.88355568702287
426.741761980937,14.1902710135658,3.4727287564559
361.818329838388,291.759391317727,2.84415126123982
606.775268061297,104.561185127183,4.2390942062071
395.689146129562,232.202232079437,4.21385647147036
572.678474893158,405.168664883173,4.78626447291706
139.280308883074,286.392893260421,4.58274392943358
192.862585703218,366.333911434763,4.04488943242438
126.441023132436,411.210255857099,3.26045894441962
627.419692134669,314.40754012124,4.61461951803395
6.25117260392035,143.564195822896,4.27560878604265
544.337804337837,201.497345419063,4.28134017576019
33.637807170517,490.47375608103,3.21742196990125
278.117590796247,25.2836188402746,3.85394435789963
537.45365768118,392.80921695213,3.42224786698238
69.4185174057599,80.7588271544357,5.28475994426955
8.13150300339251,74.5909745234095,3.52375726852856
586.502876307411,228.672109814582,4.11907376654264
439.420982616374,464.930601997924,4.8237113215589
660.088499433845,373.002565550379,2.94692081697043
103.818657926029,489.421843654009,4.47734283093556
624.09054030674,91.2566150304241,4.0307585342037
422.681285810359,256.886565695386,3.65564351536174
11.4439029155658,183.16303320027,3.28520871451712
74.1540272330377,104.688858992647,4.40405671100187
613.547779508106,203.183320141777,4.22736372739845
251.419249401065,211.889050988013,3.70498407726559
575.738906605407,439.883514165663,3.82412019467773
296.53365624712,137.531327342364,3.9305391174101
524.927827625471,466.549900467358,3.5192733432764
49.9286917126654,415.208198622816,3.92004663633883
201.926414640974,302.384550632465,4.29073225537351
541.398347308112,265.627538611966,3.6515844973077
177.858744263991,27.6522712915958,4.36196610037849
500.174954319979,343.954680741372,4.50817211094938
35.2580724146844,52.4490568647971,3.65433961104623
541.95179416041,137.920930347025,4.12916560738523
NA,NA,NA
658.673951007503,329.424259627481,3.68383849787506
456.572177660821,297.95942300428,3.57516985766622
4.2290467459711,495.329780906783,3.48158745993923
564.944631916534,49.2679866660347,4.27378178700971
72.5134608188453,374.571928587508,3.84049896312719
232.050949063116,413.802773224869,3.88934079587345
426.579859017244,12.4648535489814,3.30230820061511
363.285944195764,293.254228845607,2.91571621583283
604.428113318053,102.315377758351,4.15119425953212
387.999697491505,231.244449022962,4.26913139825935
572.449375589701,411.912511223729,4.74934291240521
138.334779244557,282.494271246806,4.47415538152149
197.275832499619,367.66849524029,4.01040628353149
125.309287573607,411.321201156667,3.49987674687826
624.340444196217,310.243123978475,4.58810166586077
5.15408542908446,147.913639777455,4.23583615555274
542.579146528669,205.467171933252,4.17973353255962
32.2132280239382,491.321403904812,2.94544721662832
280.150257240727,23.0768013723124,3.96132984617465
531.497484662782,391.868575207901,3.41514119551209
76.8384007865061,71.4141550619215,5.17276269448646
3.73095840338209,74.6255518911542,3.55339795552605
590.379365962997,227.030412710112,4.0275719026699
436.790839814395,454.661444253676,4.80992523270004
658.801256311843,374.702326965795,3.01278606165022
106.50633304859,484.282312559987,4.45564546151089
621.938070227842,91.2689645044851,4.06129686937693
422.217307728414,261.139504362817,3.58172331059876
11.1690488267153,184.096480009071,3.1326017742826
76.694579714146,116.068785339221,4.32545857427311
608.834477494888,198.827569179966,4.51082491897242
258.782163089526,217.305867801357,3.89654376401346
571.525013100728,424.67742746549,3.82355237335214
299.627363450779,139.153039210418,3.99336296497626
527.099359507183,453.624043604099,3.65463424820835
50.4192297762876,413.718255179142,3.53193577045893
192.337712498732,296.701343387572,4.25606562375848
546.509236965411,257.452626155848,3.49246033994622
176.978588342611,40.5513139055064,4.36331490362546
502.529111132571,342.860651630158,4.45152086936963
33.5926930454939,48.9542973849448,3.80421888832417
531.304720148397,145.968655390156,4.68217578574694
NA,NA,NA
658.673951007503,329.424259627481,3.68383849787506
456.572177660821,297.95942300428,3.57516985766622
4.2290467459711,495.329780906783,3.48158745993923
564.944631916534,49.2679866660347,4.27378178700971
72.5134608188453,374.571928587508,3.84049896312719
232.050949063116,413.802773224869,3.88934079587345
426.579859017244,12.4648535489814,3.30230820061511
363.285944195764,293.254228845607,2.91571621583283
604.428113318053,102.315377758351,4.15119425953212
387.999697491505,231.244449022962,4.26913139825935
572.449375589701,411.912511223729,4.74934291240521
138.334779244557,282.494271246806,4.47415538152149
197.275832499619,367.66849524029,4.01040628353149
125.309287573607,411.321201156667,3.49987674687826
624.340444196217,310.243123978475,4.58810166586077
5.15408542908446,147.913639777455,4.23583615555274
542.579146528669,205.467171933252,4.17973353255962
32.2132280239382,491.321403904812,2.94544721662832
280.150257240727,23.0768013723124,3.96132984617465
531.497484662782,391.868575207901,3.41514119551209
76.8384007865061,71.4141550619215,5.17276269448646
3.73095840338209,74.6255518911542,3.55339795552605
590.379365962997,227.030412710112,4.0275719026699
436.790839814395,454.661444253676,4.80992523270004
658.801256311843,374.702326965795,3.01278606165022
106.50633304859,484.282312559987,4.45564546151089
621.938070227842,91.2689645044851,4.06129686937693
422.217307728414,261.139504362817,3.58172331059876
11.1690488267153,184.096480009071,3.1326017742826
76.694579714146,116.068785339221,4.32545857427311
608.834477494888,198.827569179966,4.51082491897242
258.782163089526,217.305867801357,3.89654376401346
571.525013100728,424.67742746549,3.82355237335214
299.627363450779,139.153039210418,3.99336296497626
527.099359507183,453.624043604099,3.65463424820835
50.4192297762876,413.718255179142,3.53193577045893
192.337712498732,296.701343387572,4.25606562375848
546.509236965411,257.452626155848,3.49246033994622
176.978588342611,40.5513139055064,4.36331490362546
502.529111132571,342.860651630158,4.45152086936963
33.5926930454939,48.9542973849448,3.80421888832417
531.304720148397,145.968655390156,4.68217578574694
NA,NA,NA
658.673951007503,329.424259627481,3.68383849787506
456.572177660821,297.95942300428,3.57516985766622
4.2290467459711,495.329780906783,3.48158745993923
564.944631916534,49.2679866660347,4.27378178700971
72.5134608188453,374.571928587508,3.84049896312719
232.050949063116,413.802773224869,3.88934079587345
426.579859017244,12.4648535489814,3.30230820061511
363.285944195764,293.254228845607,2.91571621583283
604.428113318053,102.315377758351,4.15119425953212
387.999697491505,231.244449022962,4.26913139825935
572.449375589701,411.912511223729,4.74934291240521
138.334779244557,282.494271246806,4.47415538152149
197.275832499619,367.66849524029,4.01040628353149
125.309287573607,411.321201156667,3.49987674687826
624.340444196217,310.243123978475,4.58810166586077
5.15408542908446,147.913639777455,4.23583615555274
542.579146528669,205.467171933252,4.17973353255962
32.2132280239382,491.321403904812,2.94544721662832
280.150257240727,23.0768013723124,3.96132984617465
531.497484662782,391.868575207901,3.41514119551209
76.8384007865061,71.4141550619215,5.17276269448646
3.73095840338209,74.6255518911542,3.55339795552605
590.379365962997,227.030412710112,4.0275719026699
436.790839814395,454.661444253676,4.80992523270004
658.801256311843,374.702326965795,3.01278606165022
106.50633304859,484.282312559987,4.45564546151089
621.938070227842,91.2689645044851,4.06129686937693
422.217307728414,261.139504362817,3.58172331059876
11.1690488267153,184.096480009071,3.1326017742826
76.694579714146,116.068785339221,4.32545857427311
608.834477494888,198.827569179966,4.51082491897242
258.782163089526,217.305867801357,3.89654376401346
571.525013100728,424.67742746549,3.82355237335214
299.627363450779,139.153039210418,3.99336296497626
527.099359507183,453.624043604099,3.65463424820835
50.4192297762876,413.718255179142,3.53193577045893
192.337712498732,296.701343387572,4.25606562375848
546.509236965411,257.452626155848,3.49246033994622
176.978588342611,40.5513139055064,4.36331490362546
502.529111132571,342.860651630158,4.45152086936963
33.5926930454939,48.9542973849448,3.80421888832417
531.304720148397,145.968655390156,4.68217578574694
NA,NA,NA
658.673951007503,329.424259627481,3.68383849787506
456.572177660821,297.95942300428,3.57516985766622
4.2290467459711,495.329780906783,3.48158745993923
564.944631916534,49.2679866660347,4.27378178700971
72.5134608188453,374.571928587508,3.84049896312719
232.050949063116,413.802773224869,3.88934079587345
426.579859017244,12.4648535489814,3.30230820061511
363.285944195764,293.254228845607,2.91571621583283
604.428113318053,102.315377758351,4.15119425953212
387.999697491505,231.244449022962,4.26913139825935
572.449375589701,411.912511223729,4.74934291240521
138.334779244557,282.494271246806,4.47415538152149
197.275832499619,367.66849524029,4.01040628353149
125.309287573607,411.321201156667,3.49987674687826
624.340444196217,310.243123978475,4.58810166586077
5.15408542908446,147.913639777455,4.23583615555274
542.579146528669,205.467171933252,4.17973353255962
32.2132280239382,491.321403904812,2.94544721662832
280.150257240727,23.0768013723124,3.96132984617465
531.497484662782,391.868575207901,3.41514119551209
76.8384007865061,71.4141550619215,5.17276269448646
3.73095840338209,74.6255518911542,3.55339795552605
590.379365962997,227.030412710112,4.0275719026699
436.790839814395,454.661444253676,4.80992523270004
658.801256311843,374.702326965795,3.01278606165022
106.50633304859,484.282312559987,4.45564546151089
621.938070227842,91.2689645044851,4.06129686937693
422.217307728414,261.139504362817,3.58172331059876
11.1690488267153,184.096480009071,3.1326017742826
76.694579714146,116.068785339221,4.32545857427311
608.834477494888,198.827569179966,4.51082491897242
258.782163089526,217.305867801357,3.89654376401346
571.525013100728,424.67742746549,3.82355237335214
299.627363450779,139.153039210418,3.99336296497626
527.099359507183,453.624043604099,3.65463424820835
50.4192297762876,413.718255179142,3.53193577045893
192.337712498732,296.701343387572,4.25606562375848
546.509236965411,257.452626155848,3.49246033994622
176.978588342611,40.5513139055064,4.36331490362546
502.529111132571,342.860651630158,4.45152086936963
33.5926930454939,48.9542973849448,3.80421888832417
531.304720148397,145.968655390156,4.68217578574694
NA,NA,NA
658.673951007503,329.424259627481,3.68383849787506
456.572177660821,297.95942300428,3.57516985766622
4.2290467459711,495.329780906783,3.48158745993923
564.944631916534,49.2679866660347,4.27378178700971
72.5134608188453,374.571928587508,3.84049896312719
232.050949063116,413.802773224869,3.88934079587345
426.579859017244,12.4648535489814,3.30230820061511
363.285944195764,293.254228845607,2.91571621583283
604.428113318053,102.315377758351,4.15119425953212
387.999697491505,231.244449022962,4.26913139825935
572.449375589701,411.912511223729,4.74934291240521
138.334779244557,282.494271246806,4.47415538152149
197.275832499619,367.66849524029,4.01040628353149
125.309287573607,411.321201156667,3.49987674687826
624.340444196217,310.243123978475,4.58810166586077
5.15408542908446,147.913639777455,4.23583615555274
542.579146528669,205.467171933252,4.17973353255962
32.2132280239382,491.321403904812,2.94544721662832
280.150257240727,23.0768013723124,3.96132984617465
531.497484662782,391.868575207901,3.41514119551209
76.8384007865061,71.4141550619215,5.17276269448646
3.73095840338209,74.6255518911542,3.55339795552605
590.379365962997,227.030412710112,4.0275719026699
436.790839814395,454.661444253676,4.80992523270004
658.801256311843,374.702326965795,3.01278606165022
106.50633304859,484.282312559987,4.45564546151089
621.938070227842,91.2689645044851,4.06129686937693
422.217307728414,261.139504362817,3.58172331059876
11.1690488267153,184.096480009071,3.1326017742826
76.694579714146,116.068785339221,4.32545857427311
608.834477494888,198.827569179966,4.51082491897242
258.782163089526,217.305867801357,3.89654376401346
571.525013100728,424.67742746549,3.82355237335214
299.627363450779,139.153039210418,3.99336296497626
527.099359507183,453.624043604099,3.65463424820835
50.4192297762876,413.718255179142,3.53193577045893
192.337712498732,296.701343387572,4.25606562375848
546.509236965411,257.452626155848,3.49246033994622
176.978588342611,40.5513139055064,4.36331490362546
502.529111132571,342.860651630158,4.45152086936963
33.5926930454939,48.9542973849448,3.80421888832417
531.304720148397,145.968655390156,4.68217578574694
NA,NA,NA
658.673951007503,329.424259627481,3.68383849787506
456.572177660821,297.95942300428,3.57516985766622
4.2290467459711,495.329780906783,3.48158745993923
564.944631916534,49.2679866660347,4.27378178700971
72.5134608188453,374.571928587508,3.84049896312719
232.050949063116,413.802773224869,3.88934079587345
426.579859017244,12.4648535489814,3.30230820061511
363.285944195764,293.254228845607,2.91571621583283
604.428113318053,102.315377758351,4.15119425953212
387.999697491505,231.244449022962,4.26913139825935
572.449375589701,411.912511223729,4.74934291240521
138.334779244557,282.494271246806,4.47415538152149
197.275832499619,367.66849524029,4.01040628353149
125.309287573607,411.321201156667,3.49987674687826
624.340444196217,310.243123978475,4.58810166586077
5.15408542908446,147.913639777455,4.23583615555274
542.579146528669,205.467171933252,4.17973353255962
32.2132280239382,491.321403904812,2.94544721662832
280.150257240727,23.0768013723124,3.96132984617465
531.497484662782,391.868575207901,3.41514119551209
76.8384007865061,71.4141550619215,5.17276269448646
3.73095840338209,74.6255518911542,3.55339795552605
590.379365962997,227.030412710112,4.0275719026699
436.790839814395,454.661444253676,4.80992523270004
658.801256311843,374.702326965795,3.01278606165022
106.50633304859,484.282312559987,4.45564546151089
621.938070227842,91.2689645044851,4.06129686937693
422.217307728414,261.139504362817,3.58172331059876
11.1690488267153,184.096480009071,3.1326017742826
76.694579714146,116.068785339221,4.32545857427311
608.834477494888,198.827569179966,4.51082491897242
258.782163089526,217.305867801357,3.89654376401346
571.525013100728,424.67742746549,3.82355237335214
299.627363450779,139.153039210418,3.99336296497626
527.099359507183,453.624043604099,3.65463424820835
50.4192297762876,413.718255179142,3.53193577045893
192.337712498732,296.701343387572,4.25606562375848
546.509236965411,257.452626155848,3.49246033994622
176.978588342611,40.5513139055064,4.36331490362546
502.529111132571,342.860651630158,4.45152086936963
33.5926930454939,48.9542973849448,3.80421888832417
531.304720148397,145.968655390156,4.68217578574694
NA,NA,NA
662.334958806795,337.014448654588,3.49984222637468
454.582294192367,299.207558580889,3.6116334770486
11.3682476748318,499.16702224153,3.45198030803853
557.763189850349,53.3952434082437,4.1165321777544
69.0815568465621,377.032756405843,4.03793113893315
230.071092213059,414.009899797311,3.91187350032525
428.968261485157,9.0268659662817,3.24693199040783
361.48159607066,291.8951381423,3.10583205192115
602.123057709999,104.936922347143,4.36200980200553
396.010232077275,231.050055041413,4.15739663875609
562.494033106405,406.997210057519,4.70008229235443
134.744539662489,286.676999952198,4.40945552070466
199.809056636667,371.784931066786,4.10152301823935
126.499684612869,409.233866828472,3.42357268106664
623.875473979269,313.080209340632,4.4752248551756
2.05250503757896,145.800389241431,4.33437079358663
544.625668840947,196.602549635026,4.17184243058549
33.6487549243031,492.035266536313,3.06845328782219
282.506541844966,28.2195377751499,3.90141711575654
532.894799755023,395.500985093912,3.25220982153549
85.1522236440981,85.7276844329756,5.26806818144962
0.533675069403472,76.4082828000012,3.3788580974369
589.990891466391,228.008960766979,4.01495657255939
439.737210545212,457.412953325024,4.84614316989384
658.308919968166,373.450048728613,3.04162431599912
106.826003431852,484.49199957941,4.26507458407776
622.651560349848,87.771600973418,4.10495778424084
419.821389086919,255.098292750306,3.65541031394194
12.5434041173918,183.102252571146,3.22519091365562
64.278838440305,127.687030296682,4.39947123831992
607.233518097797,195.216781422016,4.1551777470686
257.674283171084,214.605083868207,3.91102507496079
558.748186880707,438.910783900564,3.87559785258258
296.488560054208,138.070490317181,3.84930732731305
538.699820425954,457.750517524169,3.6509136928494
55.0261526736414,419.636900241397,4.18032953225199
196.752091711697,299.957489206842,4.26175002919693
545.505994861455,271.49330975346,3.81865688691159
190.467540876576,34.2934459371525,4.19998683945393
495.392209260856,334.209955051844,4.3875679725728
42.0644550691424,53.3826666195959,3.46263953320818
536.727181748949,133.140270650969,4.51072645131483
NA,NA,NA
662.334958806795,337.014448654588,3.49984222637468
454.582294192367,299.207558580889,3.6116334770486
11.3682476748318,499.16702224153,3.45198030803853
557.763189850349,53.3952434082437,4.1165321777544
69.0815568465621,377.032756405843,4.03793113893315
230.071092213059,414.009899797311,3.91187350032525
428.968261485157,9.0268659662817,3.24693199040783
361.48159607066,291.8951381423,3.10583205192115
602.123057709999,104.936922347143,4.36200980200553
396.010232077275,231.050055041413,4.15739663875609
562.494033106405,406.997210057519,4.70008229235443
134.744539662489,286.676999952198,4.40945552070466
199.809056636667,371.784931066786,4.10152301823935
126.499684612869,409.233866828472,3.42357268106664
623.875473979269,313.080209340632,4.4752248551756
2.05250503757896,145.800389241431,4.33437079358663
544.625668840947,196.602549635026,4.17184243058549
33.6487549243031,492.035266536313,3.06845328782219
282.506541844966,28.2195377751499,3.90141711575654
532.894799755023,395.500985093912,3.25220982153549
85.1522236440981,85.7276844329756,5.26806818144962
0.533675069403472,76.4082828000012,3.3788580974369
589.990891466391,228.008960766979,4.01495657255939
439.737210545212,457.412953325024,4.84614316989384
658.308919968166,373.450048728613,3.04162431599912
106.826003431852,484.49199957941,4.26507458407776
622.651560349848,87.771600973418,4.10495778424084
419.821389086919,255.098292750306,3.65541031394194
12.5434041173918,183.102252571146,3.22519091365562
64.278838440305,127.687030296682,4.39947123831992
607.233518097797,195.216781422016,4.1551777470686
257.674283171084,214.605083868207,3.91102507496079
558.748186880707,438.910783900564,3.87559785258258
296.488560054208,138.070490317181,3.84930732731305
538.699820425954,457.750517524169,3.6509136928494
55.0261526736414,419.636900241397,4.18032953225199
196.752091711697,299.957489206842,4.26175002919693
545.505994861455,271.49330975346,3.81865688691159
190.467540876576,34.2934459371525,4.19998683945393
495.392209260856,334.209955051844,4.3875679725728
42.0644550691424,53.3826666195959,3.46263953320818
536.727181748949,133.140270650969,4.51072645131483
NA,NA,NA
662.334958806795,337.014448654588,3.49984222637468
454.582294192367,299.207558580889,3.6116334770486
11.3682476748318,499.16702224153,3.45198030803853
557.763189850349,53.3952434082437,4.1165321777544
69.0815568465621,377.032756405843,4.03793113893315
230.071092213059,414.009899797311,3.91187350032525
428.968261485157,9.0268659662817,3.24693199040783
361.48159607066,291.8951381423,3.10583205192115
602.123057709999,104.936922347143,4.36200980200553
396.010232077275,231.050055041413,4.15739663875609
562.494033106405,406.997210057519,4.70008229235443
134.744539662489,286.676999952198,4.40945552070466
199.809056636667,371.784931066786,4.10152301823935
126.499684612869,409.233866828472,3.42357268106664
623.875473979269,313.080209340632,4.4752248551756
2.05250503757896,145.800389241431,4.33437079358663
544.625668840947,196.602549635026,4.17184243058549
33.6487549243031,492.035266536313,3.06845328782219
282.506541844966,28.2195377751499,3.90141711575654
532.894799755023,395.500985093912,3.25220982153549
85.1522236440981,85.7276844329756,5.26806818144962
0.533675069403472,76.4082828000012,3.3788580974369
589.990891466391,228.008960766979,4.01495657255939
439.737210545212,457.412953325024,4.84614316989384
658.308919968166,373.450048728613,3.04162431599912
106.826003431852,484.49199957941,4.26507458407776
622.651560349848,87.771600973418,4.10495778424084
419.821389086919,255.098292750306,3.65541031394194
12.5434041173918,183.102252571146,3.22519091365562
64.278838440305,127.687030296682,4.39947123831992
607.233518097797,195.216781422016,4.1551777470686
257.674283171084,214.605083868207,3.91102507496079
558.748186880707,438.910783900564,3.87559785258258
296.488560054208,138.070490317181,3.84930732731305
538.699820425954,457.750517524169,3.6509136928494
55.0261526736414,419.636900241397,4.18032953225199
196.752091711697,299.957489206842,4.26175002919693
545.505994861455,271.49330975346,3.81865688691159
190.467540876576,34.2934459371525,4.19998683945393
495.392209260856,334.209955051844,4.3875679725728
42.0644550691424,53.3826666195959,3.46263953320818
536.727181748949,133.140270650969,4.51072645131483
NA,NA,NA
662.334958806795,337.014448654588,3.49984222637468
454.582294192367,299.207558580889,3.6116334770486
11.3682476748318,499.16702224153,3.45198030803853
557.763189850349,53.3952434082437,4.1165321777544
69.0815568465621,377.032756405843,4.03793113893315
230.071092213059,414.009899797311,3.91187350032525
428.968261485157,9.0268659662817,3.24693199040783
361.48159607066,291.8951381423,3.10583205192115
602.123057709999,104.936922347143,4.36200980200553
396.010232077275,231.050055041413,4.15739663875609
562.494033106405,406.997210057519,4.70008229235443
134.744539662489,286.676999952198,4.40945552070466
199.809056636667,371.784931066786,4.10152301823935
126.499684612869,409.233866828472,3.42357268106664
623.875473979269,313.080209340632,4.4752248551756
2.05250503757896,145.800389241431,4.33437079358663
544.625668840947,196.602549635026,4.17184243058549
33.6487549243031,492.035266536313,3.06845328782219
282.506541844966,28.2195377751499,3.90141711575654
532.894799755023,395.500985093912,3.25220982153549
85.1522236440981,85.7276844329756,5.26806818144962
0.533675069403472,76.4082828000012,3.3788580974369
589.990891466391,228.008960766979,4.01495657255939
439.737210545212,457.412953325024,4.84614316989384
658.308919968166,373.450048728613,3.04162431599912
106.826003431852,484.49199957941,4.26507458407776
622.651560349848,87.771600973418,4.10495778424084
419.821389086919,255.098292750306,3.65541031394194
12.5434041173918,183.102252571146,3.22519091365562
64.278838440305,127.687030296682,4.39947123831992
607.233518097797,195.216781422016,4.1551777470686
257.674283171084,214.605083868207,3.91102507496079
558.748186880707,438.910783900564,3.87559785258258
296.488560054208,138.070490317181,3.84930732731305
538.699820425954,457.750517524169,3.6509136928494
55.0261526736414,419.636900241397,4.18032953225199
196.752091711697,299.957489206842,4.26175002919693
545.505994861455,271.49330975346,3.81865688691159
190.467540876576,34.2934459371525,4.19998683945393
495.392209260856,334.209955051844,4.3875679725728
42.0644550691424,53.3826666195959,3.46263953320818
536.727181748949,133.140270650969,4.51072645131483
NA,NA,NA
662.334958806795,337.014448654588,3.49984222637468
454.582294192367,299.207558580889,3.6116334770486
11.3682476748318,499.16702224153,3.45198030803853
557.763189850349,53.3952434082437,4.1165321777544
69.0815568465621,377.032756405843,4.03793113893315
230.071092213059,414.009899797311,3.91187350032525
428.968261485157,9.0268659662817,3.24693199040783
361.48159607066,291.8951381423,3.10583205192115
602.123057709999,104.936922347143,4.36200980200553
396.010232077275,231.050055041413,4.15739663875609
562.494033106405,406.997210057519,4.70008229235443
134.744539662489,286.676999952198,4.40945552070466
199.809056636667,371.784931066786,4.10152301823935
126.499684612869,409.233866828472,3.42357268106664
623.875473979269,313.080209340632,4.4752248551756
2.05250503757896,145.800389241431,4.33437079358663
544.625668840947,196.602549635026,4.17184243058549
33.6487549243031,492.035266536313,3.06845328782219
282.506541844966,28.2195377751499,3.90141711575654
532.894799755023,395.500985093912,3.25220982153549
85.1522236440981,85.7276844329756,5.26806818144962
0.533675069403472,76.4082828000012,3.3788580974369
589.990891466391,228.008960766979,4.01495657255939
439.737210545212,457.412953325024,4.84614316989384
658.308919968166,373.450048728613,3.04162431599912
106.826003431852,484.49199957941,4.26507458407776
622.651560349848,87.771600973418,4.10495778424084
419.821389086919,255.098292750306,3.65541031394194
12.5434041173918,183.102252571146,3.22519091365562
64.278838440305,127.687030296682,4.39947123831992
607.233518097797,195.216781422016,4.1551777470686
257.674283171084,214.605083868207,3.91102507496079
558.748186880707,438.910783900564,3.87559785258258
296.488560054208,138.070490317181,3.84930732731305
538.699820425954,457.750517524169,3.6509136928494
55.0261526736414,419.636900241397,4.18032953225199
196.752091711697,299.957489206842,4.26175002919693
545.505994861455,271.49330975346,3.81865688691159
190.467540876576,34.2934459371525,4.19998683945393
495.392209260856,334.209955051844,4.3875679725728
42.0644550691424,53.3826666195959,3.46263953320818
536.727181748949,133.140270650969,4.51072645131483
NA,NA,NA
662.334958806795,337.014448654588,3.49984222637468
454.582294192367,299.207558580889,3.6116334770486
11.3682476748318,499.16702224153,3.45198030803853
557.763189850349,53.3952434082437,4.1165321777544
69.0815568465621,377.032756405843,4.03793113893315
230.071092213059,414.009899797311,3.91187350032525
428.968261485157,9.0268659662817,3.24693199040783
361.48159607066,291.8951381423,3.10583205192115
602.123057709999,104.936922347143,4.36200980200553
396.010232077275,231.050055041413,4.15739663875609
562.494033106405,406.997210057519,4.70008229235443
134.744539662489,286.676999952198,4.40945552070466
199.809056636667,371.784931066786,4.10152301823935
126.499684612869,409.233866828472,3.42357268106664
623.875473979269,313.080209340632,4.4752248551756
2.05250503757896,145.800389241431,4.33437079358663
544.625668840947,196.602549635026,4.17184243058549
33.6487549243031,492.035266536313,3.06845328782219
282.506541844966,28.2195377751499,3.90141711575654
532.894799755023,395.500985093912,3.25220982153549
85.1522236440981,85.7276844329756,5.26806818144962
0.533675069403472,76.4082828000012,3.3788580974369
589.990891466391,228.008960766979,4.01495657255939
439.737210545212,457.412953325024,4.84614316989384
658.308919968166,373.450048728613,3.04162431599912
106.826003431852,484.49199957941,4.26507458407776
622.651560349848,87.771600973418,4.10495778424084
419.821389086919,255.098292750306,3.65541031394194
12.5434041173918,183.102252571146,3.22519091365562
64.278838440305,127.687030296682,4.39947123831992
607.233518097797,195.216781422016,4.1551777470686
257.674283171084,214.605083868207,3.91102507496079
558.748186880707,438.910783900564,3.87559785258258
296.488560054208,138.070490317181,3.84930732731305
538.699820425954,457.750517524169,3.6509136928494
55.0261526736414,419.636900241397,4.18032953225199
196.752091711697,299.957489206842,4.26175002919693
545.505994861455,271.49330975346,3.81865688691159
190.467540876576,34.2934459371525,4.19998683945393
495.392209260856,334.209955051844,4.3875679725728
42.0644550691424,53.3826666195959,3.46263953320818
536.727181748949,133.140270650969,4.51072645131483
NA,NA,NA
663.122625142621,334.830405203663,3.45430618123739
457.068098635153,300.959131616264,3.66524818840393
11.9231816472018,496.005619661415,3.549262095551
558.553964858566,50.0390859805468,4.16076111675358
72.3219911925438,371.924107484901,3.93056952700964
228.682258163887,413.644306322025,3.85225261040483
429.538961472125,14.0937366490163,3.20880123836157
361.095944688632,292.074742492234,2.9622684493198
601.88354141175,103.213980031176,4.18027082268265
397.709320143994,231.259612199756,4.23056697310255
568.115941353848,403.800153812964,4.79412914035639
140.272454438836,279.140364603687,4.64394085551075
197.277107367649,368.753093423067,4.06530464913616
121.205302792212,411.159013220847,3.24536719746997
626.969901618733,312.164752062293,4.45728863627992
2.98925471745728,152.525394297402,4.27832712620762
537.761589670721,199.030289172136,4.2927684449795
33.8370610910128,492.861415084789,3.0146390117946
280.26750528525,16.9592314517155,3.90205814745853
533.348923284383,392.656221999102,3.35616679126015
71.4432605078092,83.9863702377069,5.384556966679
5.72664401854843,76.9111776846484,3.45775785264703
591.381732772558,222.237274059882,3.97493688132362
444.267766729069,455.961552232064,4.85355486158191
657.470282101319,372.011066365465,2.99798015500875
100.341516896383,483.937896604691,4.42427796456497
624.633919287719,88.5967369886304,4.03839019093327
418.659422417246,257.612064497993,3.67812093439476
13.2395235261104,181.702732013299,3.32769610170742
60.1605359062788,113.847680884408,4.50412311600652
598.657358746703,215.756190188939,4.51402010897021
249.746745950146,216.038191889253,3.85559435676539
562.777977839726,431.916354462641,3.73487532273884
295.004107184663,135.250630013012,3.92561856672354
529.573241420336,455.422137968733,3.69002155357112
56.9135936134567,412.6499005001,3.97728080156463
191.524827401603,286.804793161371,3.75711877141153
537.57991073988,263.269624926417,3.80586978597854
163.923824984913,35.6311921098466,4.30326165986141
504.265337129109,341.219953609534,4.28283795812322
37.710078237981,46.6625432523586,3.37701816458161
529.680246004262,147.489054833398,4.30121671198582
NA,NA,NA
663.122625142621,334.830405203663,3.45430618123739
457.068098635153,300.959131616264,3.66524818840393
11.9231816472018,496.005619661415,3.549262095551
558.553964858566,50.0390859805468,4.16076111675358
72.3219911925438,371.924107484901,3.93056952700964
228.682258163887,413.644306322025,3.85225261040483
429.538961472125,14.0937366490163,3.20880123836157
361.095944688632,292.074742492234,2.9622684493198
601.88354141175,103.213980031176,4.18027082268265
397.709320143994,231.259612199756,4.23056697310255
568.115941353848,403.800153812964,4.79412914035639
140.272454438836,279.140364603687,4.64394085551075
197.277107367649,368.753093423067,4.06530464913616
121.205302792212,411.159013220847,3.24536719746997
626.969901618733,312.164752062293,4.45728863627992
2.98925471745728,152.525394297402,4.27832712620762
537.761589670721,199.030289172136,4.2927684449795
33.8370610910128,492.861415084789,3.0146390117946
280.26750528525,16.9592314517155,3.90205814745853
533.348923284383,392.656221999102,3.35616679126015
71.4432605078092,83.9863702377069,5.384556966679
5.72664401854843,76.9111776846484,3.45775785264703
591.381732772558,222.237274059882,3.97493688132362
444.267766729069,455.961552232064,4.85355486158191
657.470282101319,372.011066365465,2.99798015500875
100.341516896383,483.937896604691,4.42427796456497
624.633919287719,88.5967369886304,4.03839019093327
418.659422417246,257.612064497993,3.67812093439476
13.2395235261104,181.702732013299,3.32769610170742
60.1605359062788,113.847680884408,4.50412311600652
598.657358746703,215.756190188939,4.51402010897021
249.746745950146,216.038191889253,3.85559435676539
562.777977839726,431.916354462641,3.73487532273884
295.004107184663,135.250630013012,3.92561856672354
529.573241420336,455.422137968733,3.69002155357112
56.9135936134567,412.6499005001,3.97728080156463
191.524827401603,286.804793161371,3.75711877141153
537.57991073988,263.269624926417,3.80586978597854
163.923824984913,35.6311921098466,4.30326165986141
504.265337129109,341.219953609534,4.28283795812322
37.710078237981,46.6625432523586,3.37701816458161
529.680246004262,147.489054833398,4.30121671198582
NA,NA,NA
663.122625142621,334.830405203663,3.45430618123739
457.068098635153,300.959131616264,3.66524818840393
11.9231816472018,496.005619661415,3.549262095551
558.553964858566,50.0390859805468,4.16076111675358
72.3219911925438,371.924107484901,3.93056952700964
228.682258163887,413.644306322025,3.85225261040483
429.538961472125,14.0937366490163,3.20880123836157
361.095944688632,292.074742492234,2.9622684493198
601.88354141175,103.213980031176,4.18027082268265
397.709320143994,231.259612199756,4.23056697310255
568.115941353848,403.800153812964,4.79412914035639
140.272454438836,279.140364603687,4.64394085551075
197.277107367649,368.753093423067,4.06530464913616
121.205302792212,411.159013220847,3.24536719746997
626.969901618733,312.164752062293,4.45728863627992
2.98925471745728,152.525394297402,4.27832712620762
537.761589670721,199.030289172136,4.2927684449795
33.8370610910128,492.861415084789,3.0146390117946
280.26750528525,16.9592314517155,3.90205814745853
533.348923284383,392.656221999102,3.35616679126015
71.4432605078092,83.9863702377069,5.384556966679
5.72664401854843,76.9111776846484,3.45775785264703
591.381732772558,222.237274059882,3.97493688132362
444.267766729069,455.961552232064,4.85355486158191
657.470282101319,372.011066365465,2.99798015500875
100.341516896383,483.937896604691,4.42427796456497
624.633919287719,88.5967369886304,4.03839019093327
418.659422417246,257.612064497993,3.67812093439476
13.2395235261104,181.702732013299,3.32769610170742
60.1605359062788,113.847680884408,4.50412311600652
598.657358746703,215.756190188939,4.51402010897021
249.746745950146,216.038191889253,3.85559435676539
562.777977839726,431.916354462641,3.73487532273884
295.004107184663,135.250630013012,3.92561856672354
529.573241420336,455.422137968733,3.69002155357112
56.9135936134567,412.6499005001,3.97728080156463
191.524827401603,286.804793161371,3.75711877141153
537.57991073988,263.269624926417,3.80586978597854
163.923824984913,35.6311921098466,4.30326165986141
504.265337129109,341.219953609534,4.28283795812322
37.710078237981,46.6625432523586,3.37701816458161
529.680246004262,147.489054833398,4.30121671198582
NA,NA,NA
663.122625142621,334.830405203663,3.45430618123739
457.068098635153,300.959131616264,3.66524818840393
11.9231816472018,496.005619661415,3.549262095551
558.553964858566,50.0390859805468,4.16076111675358
72.3219911925438,371.924107484901,3.93056952700964
228.682258163887,413.644306322025,3.85225261040483
429.538961472125,14.0937366490163,3.20880123836157
361.095944688632,292.074742492234,2.9622684493198
601.88354141175,103.213980031176,4.18027082268265
397.709320143994,231.259612199756,4.23056697310255
568.115941353848,403.800153812964,4.79412914035639
140.272454438836,279.140364603687,4.64394085551075
197.277107367649,368.753093423067,4.06530464913616
121.205302792212,411.159013220847,3.24536719746997
626.969901618733,312.164752062293,4.45728863627992
2.98925471745728,152.525394297402,4.27832712620762
537.761589670721,199.030289172136,4.2927684449795
33.8370610910128,492.861415084789,3.0146390117946
280.26750528525,16.9592314517155,3.90205814745853
533.348923284383,392.656221999102,3.35616679126015
71.4432605078092,83.9863702377069,5.384556966679
5.72664401854843,76.9111776846484,3.45775785264703
591.381732772558,222.237274059882,3.97493688132362
444.267766729069,455.961552232064,4.85355486158191
657.470282101319,372.011066365465,2.99798015500875
100.341516896383,483.937896604691,4.42427796456497
624.633919287719,88.5967369886304,4.03839019093327
418.659422417246,257.612064497993,3.67812093439476
13.2395235261104,181.702732013299,3.32769610170742
60.1605359062788,113.847680884408,4.50412311600652
598.657358746703,215.756190188939,4.51402010897021
249.746745950146,216.038191889253,3.85559435676539
562.777977839726,431.916354462641,3.73487532273884
295.004107184663,135.250630013012,3.92561856672354
529.573241420336,455.422137968733,3.69002155357112
56.9135936134567,412.6499005001,3.97728080156463
191.524827401603,286.804793161371,3.75711877141153
537.57991073988,263.269624926417,3.80586978597854
163.923824984913,35.6311921098466,4.30326165986141
504.265337129109,341.219953609534,4.28283795812322
37.710078237981,46.6625432523586,3.37701816458161
529.680246004262,147.489054833398,4.30121671198582
NA,NA,NA
663.122625142621,334.830405203663,3.45430618123739
457.068098635153,300.959131616264,3.66524818840393
11.9231816472018,496.005619661415,3.549262095551
558.553964858566,50.0390859805468,4.16076111675358
72.3219911925438,371.924107484901,3.93056952700964
228.682258163887,413.644306322025,3.85225261040483
429.538961472125,14.0937366490163,3.20880123836157
361.095944688632,292.074742492234,2.9622684493198
601.88354141175,103.213980031176,4.18027082268265
397.709320143994,231.259612199756,4.23056697310255
568.115941353848,403.800153812964,4.79412914035639
140.272454438836,279.140364603687,4.64394085551075
197.277107367649,368.753093423067,4.06530464913616
121.205302792212,411.159013220847,3.24536719746997
626.969901618733,312.164752062293,4.45728863627992
2.98925471745728,152.525394297402,4.27832712620762
537.761589670721,199.030289172136,4.2927684449795
33.8370610910128,492.861415084789,3.0146390117946
280.26750528525,16.9592314517155,3.90205814745853
533.348923284383,392.656221999102,3.35616679126015
71.4432605078092,83.9863702377069,5.384556966679
5.72664401854843,76.9111776846484,3.45775785264703
591.381732772558,222.237274059882,3.97493688132362
444.267766729069,455.961552232064,4.85355486158191
657.470282101319,372.011066365465,2.99798015500875
100.341516896383,483.937896604691,4.42427796456497
624.633919287719,88.5967369886304,4.03839019093327
418.659422417246,257.612064497993,3.67812093439476
13.2395235261104,181.702732013299,3.32769610170742
60.1605359062788,113.847680884408,4.50412311600652
598.657358746703,215.756190188939,4.51402010897021
249.746745950146,216.038191889253,3.85559435676539
562.777977839726,431.916354462641,3.73487532273884
295.004107184663,135.250630013012,3.92561856672354
529.573241420336,455.422137968733,3.69002155357112
56.9135936134567,412.6499005001,3.97728080156463
191.524827401603,286.804793161371,3.75711877141153
537.57991073988,263.269624926417,3.80586978597854
163.923824984913,35.6311921098466,4.30326165986141
504.265337129109,341.219953609534,4.28283795812322
37.710078237981,46.6625432523586,3.37701816458161
529.680246004262,147.489054833398,4.30121671198582
NA,NA,NA
663.122625142621,334.830405203663,3.45430618123739
457.068098635153,300.959131616264,3.66524818840393
11.9231816472018,496.005619661415,3.549262095551
558.553964858566,50.0390859805468,4.16076111675358
72.3219911925438,371.924107484901,3.93056952700964
228.682258163887,413.644306322025,3.85225261040483
429.538961472125,14.0937366490163,3.20880123836157
361.095944688632,292.074742492234,2.9622684493198
601.88354141175,103.213980031176,4.18027082268265
397.709320143994,231.259612199756,4.23056697310255
568.115941353848,403.800153812964,4.79412914035639
140.272454438836,279.140364603687,4.64394085551075
197.277107367649,368.753093423067,4.06530464913616
121.205302792212,411.159013220847,3.24536719746997
626.969901618733,312.164752062293,4.45728863627992
2.98925471745728,152.525394297402,4.27832712620762
537.761589670721,199.030289172136,4.2927684449795
33.8370610910128,492.861415084789,3.0146390117946
280.26750528525,16.9592314517155,3.90205814745853
533.348923284383,392.656221999102,3.35616679126015
71.4432605078092,83.9863702377069,5.384556966679
5.72664401854843,76.9111776846484,3.45775785264703
591.381732772558,222.237274059882,3.97493688132362
444.267766729069,455.961552232064,4.85355486158191
657.470282101319,372.011066365465,2.99798015500875
100.341516896383,483.937896604691,4.42427796456497
624.633919287719,88.5967369886304,4.03839019093327
418.659422417246,257.612064497993,3.67812093439476
13.2395235261104,181.702732013299,3.32769610170742
60.1605359062788,113.847680884408,4.50412311600652
598.657358746703,215.756190188939,4.51402010897021
249.746745950146,216.038191889253,3.85559435676539
562.777977839726,431.916354462641,3.73487532273884
295.004107184663,135.250630013012,3.92561856672354
529.573241420336,455.422137968733,3.69002155357112
56.9135936134567,412.6499005001,3.97728080156463
191.524827401603,286.804793161371,3.75711877141153
537.57991073988,263.269624926417,3.80586978597854
163.923824984913,35.6311921098466,4.30326165986141
504.265337129109,341.219953609534,4.28283795812322
37.710078237981,46.6625432523586,3.37701816458161
529.680246004262,147.489054833398,4.30121671198582
NA,NA,NA
662.757760103786,339.043913614736,3.54378905533059
458.580727178808,298.702516632771,3.61572304200386
11.2632983331851,495.136358159274,3.41795106331359
557.749734693346,50.4820494637957,4.13206072087007
71.0298518708751,373.500836030541,3.86997448059766
228.402780112058,415.511805461561,3.8839895542727
427.881126093231,13.1056470455612,3.18302016569439
362.641927038091,293.382047568207,3.00355417046407
602.489621247937,102.244749537206,4.25201992016527
393.343055185197,233.285036377063,4.31574570017017
572.031735359908,409.975053557366,4.67332528281297
137.819160916892,280.518956132429,4.57840010653797
199.579464692494,368.379010724438,3.89934092911986
126.069103610479,411.658988976868,3.48233211740333
627.538209361187,315.21761357716,4.5251119380776
-2.96326110663699,146.48852131716,4.2184504592255
544.143328994382,199.872978808557,4.32040862205361
34.4922456823945,491.561687329467,2.93827788392814
279.554670445944,22.3870692389264,3.84828527644959
533.49906029639,394.473091636504,3.3683597479058
72.4956129755923,74.084619182579,5.12026042604595
5.66720728879116,78.6699779582722,3.53267434924207
590.278453629399,227.482119919377,4.05203949868912
442.064274161808,452.972495153134,4.81950748846647
657.564920658926,370.142151261717,2.9992849369509
108.636712535042,487.325251359978,4.32424979271036
624.585400886418,90.6995280934197,4.08845745209748
422.739584819831,258.541215773429,3.56740298176682
11.5553098217858,180.81963517319,3.2743985427443
64.1816538551175,121.646943801132,4.58428523255563
596.541349886836,200.31345460613,4.45205064274253
254.386058585143,213.839422908399,3.89598727404538
570.30581777012,442.007197726292,4.08650790502537
297.932478458994,127.07269207616,3.97021479729401
532.131415613531,458.1420808843,3.59428727025856
33.3730801896497,412.562189582943,4.11912334920504
191.640827646517,290.583677940662,4.14652593197234
551.380604864839,255.52220540986,3.87209461555745
167.311577621717,34.7232603359407,4.32629254313276
502.700517139957,346.643322684021,4.32082572126702
40.7269836985379,42.5116060611776,4.02684751968923
516.462799377572,122.566318053642,4.80281025862112
NA,NA,NA
662.757760103786,339.043913614736,3.54378905533059
458.580727178808,298.702516632771,3.61572304200386
11.2632983331851,495.136358159274,3.41795106331359
557.749734693346,50.4820494637957,4.13206072087007
71.0298518708751,373.500836030541,3.86997448059766
228.402780112058,415.511805461561,3.8839895542727
427.881126093231,13.1056470455612,3.18302016569439
362.641927038091,293.382047568207,3.00355417046407
602.489621247937,102.244749537206,4.25201992016527
393.343055185197,233.285036377063,4.31574570017017
572.031735359908,409.975053557366,4.67332528281297
137.819160916892,280.518956132429,4.57840010653797
199.579464692494,368.379010724438,3.89934092911986
126.069103610479,411.658988976868,3.48233211740333
627.538209361187,315.21761357716,4.5251119380776
-2.96326110663699,146.48852131716,4.2184504592255
544.143328994382,199.872978808557,4.32040862205361
34.4922456823945,491.561687329467,2.93827788392814
279.554670445944,22.3870692389264,3.84828527644959
533.49906029639,394.473091636504,3.3683597479058
72.4956129755923,74.084619182579,5.12026042604595
5.66720728879116,78.6699779582722,3.53267434924207
590.278453629399,227.482119919377,4.05203949868912
442.064274161808,452.972495153134,4.81950748846647
657.564920658926,370.142151261717,2.9992849369509
108.636712535042,487.325251359978,4.32424979271036
624.585400886418,90.6995280934197,4.08845745209748
422.739584819831,258.541215773429,3.56740298176682
11.5553098217858,180.81963517319,3.2743985427443
64.1816538551175,121.646943801132,4.58428523255563
596.541349886836,200.31345460613,4.45205064274253
254.386058585143,213.839422908399,3.89598727404538
570.30581777012,442.007197726292,4.08650790502537
297.932478458994,127.07269207616,3.97021479729401
532.131415613531,458.1420808843,3.59428727025856
33.3730801896497,412.562189582943,4.11912334920504
191.640827646517,290.583677940662,4.14652593197234
551.380604864839,255.52220540986,3.87209461555745
167.311577621717,34.7232603359407,4.32629254313276
502.700517139957,346.643322684021,4.32082572126702
40.7269836985379,42.5116060611776,4.02684751968923
516.462799377572,122.566318053642,4.80281025862112
NA,NA,NA
662.757760103786,339.043913614736,3.54378905533059
458.580727178808,298.702516632771,3.61572304200386
11.2632983331851,495.136358159274,3.41795106331359
557.749734693346,50.4820494637957,4.13206072087007
71.0298518708751,373.500836030541,3.86997448059766
228.402780112058,415.511805461561,3.8839895542727
427.881126093231,13.1056470455612,3.18302016569439
362.641927038091,293.382047568207,3.00355417046407
602.489621247937,102.244749537206,4.25201992016527
393.343055185197,233.285036377063,4.31574570017017
572.031735359908,409.975053557366,4.67332528281297
137.819160916892,280.518956132429,4.57840010653797
199.579464692494,368.379010724438,3.89934092911986
126.069103610479,411.658988976868,3.48233211740333
627.538209361187,315.21761357716,4.5251119380776
-2.96326110663699,146.48852131716,4.2184504592255
544.143328994382,199.872978808557,4.32040862205361
34.4922456823945,491.561687329467,2.93827788392814
279.554670445944,22.3870692389264,3.84828527644959
533.49906029639,394.473091636504,3.3683597479058
72.4956129755923,74.084619182579,5.12026042604595
5.66720728879116,78.6699779582722,3.53267434924207
590.278453629399,227.482119919377,4.05203949868912
442.064274161808,452.972495153134,4.81950748846647
657.564920658926,370.142151261717,2.9992849369509
108.636712535042,487.325251359978,4.32424979271036
624.585400886418,90.6995280934197,4.08845745209748
422.739584819831,258.541215773429,3.56740298176682
11.5553098217858,180.81963517319,3.2743985427443
64.1816538551175,121.646943801132,4.58428523255563
596.541349886836,200.31345460613,4.45205064274253
254.386058585143,213.839422908399,3.89598727404538
570.30581777012,442.007197726292,4.08650790502537
297.932478458994,127.07269207616,3.97021479729401
532.131415613531,458.1420808843,3.59428727025856
33.3730801896497,412.562189582943,4.11912334920504
191.640827646517,290.583677940662,4.14652593197234
551.380604864839,255.52220540986,3.87209461555745
167.311577621717,34.7232603359407,4.32629254313276
502.700517139957,346.643322684021,4.32082572126702
40.7269836985379,42.5116060611776,4.02684751968923
516.462799377572,122.566318053642,4.80281025862112
NA,NA,NA
662.757760103786,339.043913614736,3.54378905533059
458.580727178808,298.702516632771,3.61572304200386
11.2632983331851,495.136358159274,3.41795106331359
557.749734693346,50.4820494637957,4.13206072087007
71.0298518708751,373.500836030541,3.86997448059766
228.402780112058,415.511805461561,3.8839895542727
427.881126093231,13.1056470455612,3.18302016569439
362.641927038091,293.382047568207,3.00355417046407
602.489621247937,102.244749537206,4.25201992016527
393.343055185197,233.285036377063,4.31574570017017
572.031735359908,409.975053557366,4.67332528281297
137.819160916892,280.518956132429,4.57840010653797
199.579464692494,368.379010724438,3.89934092911986
126.069103610479,411.658988976868,3.48233211740333
627.538209361187,315.21761357716,4.5251119380776
-2.96326110663699,146.48852131716,4.2184504592255
544.143328994382,199.872978808557,4.32040862205361
34.4922456823945,491.561687329467,2.93827788392814
279.554670445944,22.3870692389264,3.84828527644959
533.49906029639,394.473091636504,3.3683597479058
72.4956129755923,74.084619182579,5.12026042604595
5.66720728879116,78.6699779582722,3.53267434924207
590.278453629399,227.482119919377,4.05203949868912
442.064274161808,452.972495153134,4.81950748846647
657.564920658926,370.142151261717,2.9992849369509
108.636712535042,487.325251359978,4.32424979271036
624.585400886418,90.6995280934197,4.08845745209748
422.739584819831,258.541215773429,3.56740298176682
11.5553098217858,180.81963517319,3.2743985427443
64.1816538551175,121.646943801132,4.58428523255563
596.541349886836,200.31345460613,4.45205064274253
254.386058585143,213.839422908399,3.89598727404538
570.30581777012,442.007197726292,4.08650790502537
297.932478458994,127.07269207616,3.97021479729401
532.131415613531,458.1420808843,3.59428727025856
33.3730801896497,412.562189582943,4.11912334920504
191.640827646517,290.583677940662,4.14652593197234
551.380604864839,255.52220540986,3.87209461555745
167.311577621717,34.7232603359407,4.32629254313276
502.700517139957,346.643322684021,4.32082572126702
40.7269836985379,42.5116060611776,4.02684751968923
516.462799377572,122.566318053642,4.80281025862112
NA,NA,NA
662.757760103786,339.043913614736,3.54378905533059
458.580727178808,298.702516632771,3.61572304200386
11.2632983331851,495.136358159274,3.41795106331359
557.749734693346,50.4820494637957,4.13206072087007
71.0298518708751,373.500836030541,3.86997448059766
228.402780112058,415.511805461561,3.8839895542727
427.881126093231,13.1056470455612,3.18302016569439
362.641927038091,293.382047568207,3.00355417046407
602.489621247937,102.244749537206,4.25201992016527
393.343055185197,233.285036377063,4.31574570017017
572.031735359908,409.975053557366,4.67332528281297
137.819160916892,280.518956132429,4.57840010653797
199.579464692494,368.379010724438,3.89934092911986
126.069103610479,411.658988976868,3.48233211740333
627.538209361187,315.21761357716,4.5251119380776
-2.96326110663699,146.48852131716,4.2184504592255
544.143328994382,199.872978808557,4.32040862205361
34.4922456823945,491.561687329467,2.93827788392814
279.554670445944,22.3870692389264,3.84828527644959
533.49906029639,394.473091636504,3.3683597479058
72.4956129755923,74.084619182579,5.12026042604595
5.66720728879116,78.6699779582722,3.53267434924207
590.278453629399,227.482119919377,4.05203949868912
442.064274161808,452.972495153134,4.81950748846647
657.564920658926,370.142151261717,2.9992849369509
108.636712535042,487.325251359978,4.32424979271036
624.585400886418,90.6995280934197,4.08845745209748
422.739584819831,258.541215773429,3.56740298176682
11.5553098217858,180.81963517319,3.2743985427443
64.1816538551175,121.646943801132,4.58428523255563
596.541349886836,200.31345460613,4.45205064274253
254.386058585143,213.839422908399,3.89598727404538
570.30581777012,442.007197726292,4.08650790502537
297.932478458994,127.07269207616,3.97021479729401
532.131415613531,458.1420808843,3.59428727025856
33.3730801896497,412.562189582943,4.11912334920504
191.640827646517,290.583677940662,4.14652593197234
551.380604864839,255.52220540986,3.87209461555745
167.311577621717,34.7232603359407,4.32629254313276
502.700517139957,346.643322684021,4.32082572126702
40.7269836985379,42.5116060611776,4.02684751968923
516.462799377572,122.566318053642,4.80281025862112
NA,NA,NA
662.757760103786,339.043913614736,3.54378905533059
458.580727178808,298.702516632771,3.61572304200386
11.2632983331851,495.136358159274,3.41795106331359
557.749734693346,50.4820494637957,4.13206072087007
71.0298518708751,373.500836030541,3.86997448059766
228.402780112058,415.511805461561,3.8839895542727
427.881126093231,13.1056470455612,3.18302016569439
362.641927038091,293.382047568207,3.00355417046407
602.489621247937,102.244749537206,4.25201992016527
393.343055185197,233.285036377063,4.31574570017017
572.031735359908,409.975053557366,4.67332528281297
137.819160916892,280.518956132429,4.57840010653797
199.579464692494,368.379010724438,3.89934092911986
126.069103610479,411.658988976868,3.48233211740333
627.538209361187,315.21761357716,4.5251119380776
-2.96326110663699,146.48852131716,4.2184504592255
544.143328994382,199.872978808557,4.32040862205361
34.4922456823945,491.561687329467,2.93827788392814
279.554670445944,22.3870692389264,3.84828527644959
533.49906029639,394.473091636504,3.3683597479058
72.4956129755923,74.084619182579,5.12026042604595
5.66720728879116,78.6699779582722,3.53267434924207
590.278453629399,227.482119919377,4.05203949868912
442.064274161808,452.972495153134,4.81950748846647
657.564920658926,370.142151261717,2.9992849369509
108.636712535042,487.325251359978,4.32424979271036
624.585400886418,90.6995280934197,4.08845745209748
422.739584819831,258.541215773429,3.56740298176682
11.5553098217858,180.81963517319,3.2743985427443
64.1816538551175,121.646943801132,4.58428523255563
596.541349886836,200.31345460613,4.45205064274253
254.386058585143,213.839422908399,3.89598727404538
570.30581777012,442.007197726292,4.08650790502537
297.932478458994,127.07269207616,3.97021479729401
532.131415613531,458.1420808843,3.59428727025856
33.3730801896497,412.562189582943,4.11912334920504
191.640827646517,290.583677940662,4.14652593197234
551.380604864839,255.52220540986,3.87209461555745
167.311577621717,34.7232603359407,4.32629254313276
502.700517139957,346.643322684021,4.32082572126702
40.7269836985379,42.5116060611776,4.02684751968923
516.462799377572,122.566318053642,4.80281025862112
NA,NA,NA
660.090762269474,335.466920752141,3.61664408760959
456.484678425246,298.449748395886,3.42447205917767
9.68619035404934,496.022938182044,3.66068677592138
559.033338138567,52.9586872029157,4.18105872440614
67.6497627648502,380.685758502745,4.01534853954572
230.426620455371,414.623761649072,3.73785595204277
430.115707540889,13.8295229163317,3.35730689209448
359.55675329826,292.457585894434,2.91978004270818
605.955188701618,102.436739270762,4.23123350693887
387.760252493427,229.040896297721,4.14904655138297
574.030725707141,410.92819529708,4.74503781930199
144.114388126438,284.095742566178,4.65182147940723
196.874251993256,366.693238332679,3.97558090970025
121.266878641295,411.619449690354,3.51112925134309
625.519163768019,312.14454704478,4.56980654831579
1.55990103944178,149.172732003245,4.25363008104214
537.079621895702,202.45891653305,4.03029521043575
32.3802703925677,490.569650127977,3.06704675038234
281.443931330546,24.2254185364407,3.94072727025956
532.077888657031,390.630269949407,3.53920117787309
71.1383841514788,80.3914462691923,5.21194366814405
4.97962622868559,77.5893069228486,3.51403553152912
589.957205823907,226.72174876713,4.10775241091765
444.704505508457,457.270943670515,4.76635638655811
659.257276983716,370.298980173336,3.06380785633774
105.257294227734,490.16760363714,4.30023775087222
621.717194051544,92.0918059915812,4.07096139293227
419.305553127052,257.75222325293,3.69186977217848
10.2447830717961,182.232243315901,3.22982371649026
47.2086823054182,122.656993878728,4.42254255644339
617.991664358332,218.812513330793,4.19274404448327
259.835342568746,214.776386018965,3.86453557948129
565.281500700734,427.532798513971,3.73801546618935
298.527950718256,135.314107607676,3.7598049042189
525.923875732104,463.905376555027,3.48984890855954
40.1914208450288,415.593353921969,3.76084298298966
203.981353559915,283.960421287428,4.12801346763464
556.812925432193,258.254148829313,3.98141162705365
185.107692488041,41.1915581943297,4.35711441322538
502.919676939724,340.027347943598,4.63939221611342
43.8561984146998,54.319104473439,3.85379746096385
530.841120488628,130.933775573901,4.62041474789378
NA,NA,NA
660.090762269474,335.466920752141,3.61664408760959
456.484678425246,298.449748395886,3.42447205917767
9.68619035404934,496.022938182044,3.66068677592138
559.033338138567,52.9586872029157,4.18105872440614
67.6497627648502,380.685758502745,4.01534853954572
230.426620455371,414.623761649072,3.73785595204277
430.115707540889,13.8295229163317,3.35730689209448
359.55675329826,292.457585894434,2.91978004270818
605.955188701618,102.436739270762,4.23123350693887
387.760252493427,229.040896297721,4.14904655138297
574.030725707141,410.92819529708,4.74503781930199
144.114388126438,284.095742566178,4.65182147940723
196.874251993256,366.693238332679,3.97558090970025
121.266878641295,411.619449690354,3.51112925134309
625.519163768019,312.14454704478,4.56980654831579
1.55990103944178,149.172732003245,4.25363008104214
537.079621895702,202.45891653305,4.03029521043575
32.3802703925677,490.569650127977,3.06704675038234
281.443931330546,24.2254185364407,3.94072727025956
532.077888657031,390.630269949407,3.53920117787309
71.1383841514788,80.3914462691923,5.21194366814405
4.97962622868559,77.5893069228486,3.51403553152912
589.957205823907,226.72174876713,4.10775241091765
444.704505508457,457.270943670515,4.76635638655811
659.257276983716,370.298980173336,3.06380785633774
105.257294227734,490.16760363714,4.30023775087222
621.717194051544,92.0918059915812,4.07096139293227
419.305553127052,257.75222325293,3.69186977217848
10.2447830717961,182.232243315901,3.22982371649026
47.2086823054182,122.656993878728,4.42254255644339
617.991664358332,218.812513330793,4.19274404448327
259.835342568746,214.776386018965,3.86453557948129
565.281500700734,427.532798513971,3.73801546618935
298.527950718256,135.314107607676,3.7598049042189
525.923875732104,463.905376555027,3.48984890855954
40.1914208450288,415.593353921969,3.76084298298966
203.981353559915,283.960421287428,4.12801346763464
556.812925432193,258.254148829313,3.98141162705365
185.107692488041,41.1915581943297,4.35711441322538
502.919676939724,340.027347943598,4.63939221611342
43.8561984146998,54.319104473439,3.85379746096385
530.841120488628,130.933775573901,4.62041474789378
NA,NA,NA
660.090762269474,335.466920752141,3.61664408760959
456.484678425246,298.449748395886,3.42447205917767
9.68619035404934,496.022938182044,3.66068677592138
559.033338138567,52.9586872029157,4.18105872440614
67.6497627648502,380.685758502745,4.01534853954572
230.426620455371,414.623761649072,3.73785595204277
430.115707540889,13.8295229163317,3.35730689209448
359.55675329826,292.457585894434,2.91978004270818
605.955188701618,102.436739270762,4.23123350693887
387.760252493427,229.040896297721,4.14904655138297
574.030725707141,410.92819529708,4.74503781930199
144.114388126438,284.095742566178,4.65182147940723
196.874251993256,366.693238332679,3.97558090970025
121.266878641295,411.619449690354,3.51112925134309
625.519163768019,312.14454704478,4.56980654831579
1.55990103944178,149.172732003245,4.25363008104214
537.079621895702,202.45891653305,4.03029521043575
32.3802703925677,490.569650127977,3.06704675038234
281.443931330546,24.2254185364407,3.94072727025956
532.077888657031,390.630269949407,3.53920117787309
71.1383841514788,80.3914462691923,5.21194366814405
4.97962622868559,77.5893069228486,3.51403553152912
589.957205823907,226.72174876713,4.10775241091765
444.704505508457,457.270943670515,4.76635638655811
659.257276983716,370.298980173336,3.06380785633774
105.257294227734,490.16760363714,4.30023775087222
621.717194051544,92.0918059915812,4.07096139293227
419.305553127052,257.75222325293,3.69186977217848
10.2447830717961,182.232243315901,3.22982371649026
47.2086823054182,122.656993878728,4.42254255644339
617.991664358332,218.812513330793,4.19274404448327
259.835342568746,214.776386018965,3.86453557948129
565.281500700734,427.532798513971,3.73801546618935
298.527950718256,135.314107607676,3.7598049042189
525.923875732104,463.905376555027,3.48984890855954
40.1914208450288,415.593353921969,3.76084298298966
203.981353559915,283.960421287428,4.12801346763464
556.812925432193,258.254148829313,3.98141162705365
185.107692488041,41.1915581943297,4.35711441322538
502.919676939724,340.027347943598,4.63939221611342
43.8561984146998,54.319104473439,3.85379746096385
530.841120488628,130.933775573901,4.62041474789378
NA,NA,NA
660.090762269474,335.466920752141,3.61664408760959
456.484678425246,298.449748395886,3.42447205917767
9.68619035404934,496.022938182044,3.66068677592138
559.033338138567,52.9586872029157,4.18105872440614
67.6497627648502,380.685758502745,4.01534853954572
230.426620455371,414.623761649072,3.73785595204277
430.115707540889,13.8295229163317,3.35730689209448
359.55675329826,292.457585894434,2.91978004270818
605.955188701618,102.436739270762,4.23123350693887
387.760252493427,229.040896297721,4.14904655138297
574.030725707141,410.92819529708,4.74503781930199
144.114388126438,284.095742566178,4.65182147940723
196.874251993256,366.693238332679,3.97558090970025
121.266878641295,411.619449690354,3.51112925134309
625.519163768019,312.14454704478,4.56980654831579
1.55990103944178,149.172732003245,4.25363008104214
537.079621895702,202.45891653305,4.03029521043575
32.3802703925677,490.569650127977,3.06704675038234
281.443931330546,24.2254185364407,3.94072727025956
532.077888657031,390.630269949407,3.53920117787309
71.1383841514788,80.3914462691923,5.21194366814405
4.97962622868559,77.5893069228486,3.51403553152912
589.957205823907,226.72174876713,4.10775241091765
444.704505508457,457.270943670515,4.76635638655811
659.257276983716,370.298980173336,3.06380785633774
105.257294227734,490.16760363714,4.30023775087222
621.717194051544,92.0918059915812,4.07096139293227
419.305553127052,257.75222325293,3.69186977217848
10.2447830717961,182.232243315901,3.22982371649026
47.2086823054182,122.656993878728,4.42254255644339
617.991664358332,218.812513330793,4.19274404448327
259.835342568746,214.776386018965,3.86453557948129
565.281500700734,427.532798513971,3.73801546618935
298.527950718256,135.314107607676,3.7598049042189
525.923875732104,463.905376555027,3.48984890855954
40.1914208450288,415.593353921969,3.76084298298966
203.981353559915,283.960421287428,4.12801346763464
556.812925432193,258.254148829313,3.98141162705365
185.107692488041,41.1915581943297,4.35711441322538
502.919676939724,340.027347943598,4.63939221611342
43.8561984146998,54.319104473439,3.85379746096385
530.841120488628,130.933775573901,4.62041474789378
NA,NA,NA
660.090762269474,335.466920752141,3.61664408760959
456.484678425246,298.449748395886,3.42447205917767
9.68619035404934,496.022938182044,3.66068677592138
559.033338138567,52.9586872029157,4.18105872440614
67.6497627648502,380.685758502745,4.01534853954572
230.426620455371,414.623761649072,3.73785595204277
430.115707540889,13.8295229163317,3.35730689209448
359.55675329826,292.457585894434,2.91978004270818
605.955188701618,102.436739270762,4.23123350693887
387.760252493427,229.040896297721,4.14904655138297
574.030725707141,410.92819529708,4.74503781930199
144.114388126438,284.095742566178,4.65182147940723
196.874251993256,366.693238332679,3.97558090970025
121.266878641295,411.619449690354,3.51112925134309
625.519163768019,312.14454704478,4.56980654831579
1.55990103944178,149.172732003245,4.25363008104214
537.079621895702,202.45891653305,4.03029521043575
32.3802703925677,490.569650127977,3.06704675038234
281.443931330546,24.2254185364407,3.94072727025956
532.077888657031,390.630269949407,3.53920117787309
71.1383841514788,80.3914462691923,5.21194366814405
4.97962622868559,77.5893069228486,3.51403553152912
589.957205823907,226.72174876713,4.10775241091765
444.704505508457,457.270943670515,4.76635638655811
659.257276983716,370.298980173336,3.06380785633774
105.257294227734,490.16760363714,4.30023775087222
621.717194051544,92.0918059915812,4.07096139293227
419.305553127052,257.75222325293,3.69186977217848
10.2447830717961,182.232243315901,3.22982371649026
47.2086823054182,122.656993878728,4.42254255644339
617.991664358332,218.812513330793,4.19274404448327
259.835342568746,214.776386018965,3.86453557948129
565.281500700734,427.532798513971,3.73801546618935
298.527950718256,135.314107607676,3.7598049042189
525.923875732104,463.905376555027,3.48984890855954
40.1914208450288,415.593353921969,3.76084298298966
203.981353559915,283.960421287428,4.12801346763464
556.812925432193,258.254148829313,3.98141162705365
185.107692488041,41.1915581943297,4.35711441322538
502.919676939724,340.027347943598,4.63939221611342
43.8561984146998,54.319104473439,3.85379746096385
530.841120488628,130.933775573901,4.62041474789378
NA,NA,NA
660.090762269474,335.466920752141,3.61664408760959
456.484678425246,298.449748395886,3.42447205917767
9.68619035404934,496.022938182044,3.66068677592138
559.033338138567,52.9586872029157,4.18105872440614
67.6497627648502,380.685758502745,4.01534853954572
230.426620455371,414.623761649072,3.73785595204277
430.115707540889,13.8295229163317,3.35730689209448
359.55675329826,292.457585894434,2.91978004270818
605.955188701618,102.436739270762,4.23123350693887
387.760252493427,229.040896297721,4.14904655138297
574.030725707141,410.92819529708,4.74503781930199
144.114388126438,284.095742566178,4.65182147940723
196.874251993256,366.693238332679,3.97558090970025
121.266878641295,411.619449690354,3.51112925134309
625.519163768019,312.14454704478,4.56980654831579
1.55990103944178,149.172732003245,4.25363008104214
537.079621895702,202.45891653305,4.03029521043575
32.3802703925677,490.569650127977,3.06704675038234
281.443931330546,24.2254185364407,3.94072727025956
532.077888657031,390.630269949407,3.53920117787309
71.1383841514788,80.3914462691923,5.21194366814405
4.97962622868559,77.5893069228486,3.51403553152912
589.957205823907,226.72174876713,4.10775241091765
444.704505508457,457.270943670515,4.76635638655811
659.257276983716,370.298980173336,3.06380785633774
105.257294227734,490.16760363714,4.30023775087222
621.717194051544,92.0918059915812,4.07096139293227
419.305553127052,257.75222325293,3.69186977217848
10.2447830717961,182.232243315901,3.22982371649026
47.2086823054182,122.656993878728,4.42254255644339
617.991664358332,218.812513330793,4.19274404448327
259.835342568746,214.776386018965,3.86453557948129
565.281500700734,427.532798513971,3.73801546618935
298.527950718256,135.314107607676,3.7598049042189
525.923875732104,463.905376555027,3.48984890855954
40.1914208450288,415.593353921969,3.76084298298966
203.981353559915,283.960421287428,4.12801346763464
556.812925432193,258.254148829313,3.98141162705365
185.107692488041,41.1915581943297,4.35711441322538
502.919676939724,340.027347943598,4.63939221611342
43.8561984146998,54.319104473439,3.85379746096385
530.841120488628,130.933775573901,4.62041474789378
NA,NA,NA
664.054240017635,336.46588862598,3.50257515109934
453.899906442434,298.027332338775,3.64321167439564
14.9541889982932,494.010996312064,3.60447616254932
559.726032944475,54.6976254470532,4.16377849679752
73.6744671066903,377.778213676702,3.82560633547194
229.558069468231,414.203884201066,3.97996720316484
429.356160567452,12.3264136654087,3.58590061940348
360.956095279763,293.432068157923,2.84366692677271
604.23341936596,105.884710362703,4.18578992304683
389.721941288224,231.563824377225,4.25704918113354
566.963438519971,396.360330008729,4.76484731889676
137.628583787436,276.018543787383,4.60263531116171
198.467415827683,371.4574637929,4.03778245862825
124.708489720903,410.980365568929,3.36260103179171
622.98365234092,313.699242899065,4.76005365662636
0.410441024792993,148.698361777247,4.20678415550702
541.248799228238,204.544763530777,4.27959523743002
33.8116019968101,492.245902479536,2.9519532745317
286.199160931749,21.0664738657115,3.97911768323124
536.893227029585,390.799250391678,3.33739933374528
72.92995180913,81.68189588987,5.23719174325708
4.65085701725675,75.6884448891669,3.35237177794212
586.797657759156,224.683871148542,4.00220025572755
442.825593859161,462.942812501584,4.74363295171826
658.047661124356,375.222189821686,3.103582170381
105.163968871662,486.053328862372,4.38220164527694
625.172513499249,86.462649258401,4.10831657994481
421.139004898189,261.618451170734,3.55564399653023
13.1142663546439,183.084922726279,3.38051100273086
70.0955817067259,122.737134547677,4.71658575650333
608.30611550272,192.026934124928,4.41757281895301
251.103040751206,218.360523646869,3.7980611627542
576.36501161546,436.915184944711,3.95564792678563
296.980130045444,144.33652135993,3.69390406072003
517.636331846888,457.468306271253,3.77476479102746
55.5601776620319,419.854296659319,3.83211818666813
182.324645041882,284.620223608898,3.95713034743902
547.776100642389,255.669784124558,3.76398727497937
177.078517200408,42.602530873085,4.36371754232425
509.40139387038,344.086369796338,4.3663154980057
29.8098069188708,50.3308728642241,3.78566896718528
541.749713999136,171.947750284631,4.73285055072131
NA,NA,NA
664.054240017635,336.46588862598,3.50257515109934
453.899906442434,298.027332338775,3.64321167439564
14.9541889982932,494.010996312064,3.60447616254932
559.726032944475,54.6976254470532,4.16377849679752
73.6744671066903,377.778213676702,3.82560633547194
229.558069468231,414.203884201066,3.97996720316484
429.356160567452,12.3264136654087,3.58590061940348
360.956095279763,293.432068157923,2.84366692677271
604.23341936596,105.884710362703,4.18578992304683
389.721941288224,231.563824377225,4.25704918113354
566.963438519971,396.360330008729,4.76484731889676
137.628583787436,276.018543787383,4.60263531116171
198.467415827683,371.4574637929,4.03778245862825
124.708489720903,410.980365568929,3.36260103179171
622.98365234092,313.699242899065,4.76005365662636
0.410441024792993,148.698361777247,4.20678415550702
541.248799228238,204.544763530777,4.27959523743002
33.8116019968101,492.245902479536,2.9519532745317
286.199160931749,21.0664738657115,3.97911768323124
536.893227029585,390.799250391678,3.33739933374528
72.92995180913,81.68189588987,5.23719174325708
4.65085701725675,75.6884448891669,3.35237177794212
586.797657759156,224.683871148542,4.00220025572755
442.825593859161,462.942812501584,4.74363295171826
658.047661124356,375.222189821686,3.103582170381
105.163968871662,486.053328862372,4.38220164527694
625.172513499249,86.462649258401,4.10831657994481
421.139004898189,261.618451170734,3.55564399653023
13.1142663546439,183.084922726279,3.38051100273086
70.0955817067259,122.737134547677,4.71658575650333
608.30611550272,192.026934124928,4.41757281895301
251.103040751206,218.360523646869,3.7980611627542
576.36501161546,436.915184944711,3.95564792678563
296.980130045444,144.33652135993,3.69390406072003
517.636331846888,457.468306271253,3.77476479102746
55.5601776620319,419.854296659319,3.83211818666813
182.324645041882,284.620223608898,3.95713034743902
547.776100642389,255.669784124558,3.76398727497937
177.078517200408,42.602530873085,4.36371754232425
509.40139387038,344.086369796338,4.3663154980057
29.8098069188708,50.3308728642241,3.78566896718528
541.749713999136,171.947750284631,4.73285055072131
NA,NA,NA
664.054240017635,336.46588862598,3.50257515109934
453.899906442434,298.027332338775,3.64321167439564
14.9541889982932,494.010996312064,3.60447616254932
559.726032944475,54.6976254470532,4.16377849679752
73.6744671066903,377.778213676702,3.82560633547194
229.558069468231,414.203884201066,3.97996720316484
429.356160567452,12.3264136654087,3.58590061940348
360.956095279763,293.432068157923,2.84366692677271
604.23341936596,105.884710362703,4.18578992304683
389.721941288224,231.563824377225,4.25704918113354
566.963438519971,396.360330008729,4.76484731889676
137.628583787436,276.018543787383,4.60263531116171
198.467415827683,371.4574637929,4.03778245862825
124.708489720903,410.980365568929,3.36260103179171
622.98365234092,313.699242899065,4.76005365662636
0.410441024792993,148.698361777247,4.20678415550702
541.248799228238,204.544763530777,4.27959523743002
33.8116019968101,492.245902479536,2.9519532745317
286.199160931749,21.0664738657115,3.97911768323124
536.893227029585,390.799250391678,3.33739933374528
72.92995180913,81.68189588987,5.23719174325708
4.65085701725675,75.6884448891669,3.35237177794212
586.797657759156,224.683871148542,4.00220025572755
442.825593859161,462.942812501584,4.74363295171826
658.047661124356,375.222189821686,3.103582170381
105.163968871662,486.053328862372,4.38220164527694
625.172513499249,86.462649258401,4.10831657994481
421.139004898189,261.618451170734,3.55564399653023
13.1142663546439,183.084922726279,3.38051100273086
70.0955817067259,122.737134547677,4.71658575650333
608.30611550272,192.026934124928,4.41757281895301
251.103040751206,218.360523646869,3.7980611627542
576.36501161546,436.915184944711,3.95564792678563
296.980130045444,144.33652135993,3.69390406072003
517.636331846888,457.468306271253,3.77476479102746
55.5601776620319,419.854296659319,3.83211818666813
182.324645041882,284.620223608898,3.95713034743902
547.776100642389,255.669784124558,3.76398727497937
177.078517200408,42.602530873085,4.36371754232425
509.40139387038,344.086369796338,4.3663154980057
29.8098069188708,50.3308728642241,3.78566896718528
541.749713999136,171.947750284631,4.73285055072131
NA,NA,NA
664.054240017635,336.46588862598,3.50257515109934
453.899906442434,298.027332338775,3.64321167439564
14.9541889982932,494.010996312064,3.60447616254932
559.726032944475,54.6976254470532,4.16377849679752
73.6744671066903,377.778213676702,3.82560633547194
229.558069468231,414.203884201066,3.97996720316484
429.356160567452,12.3264136654087,3.58590061940348
360.956095279763,293.432068157923,2.84366692677271
604.23341936596,105.884710362703,4.18578992304683
389.721941288224,231.563824377225,4.25704918113354
566.963438519971,396.360330008729,4.76484731889676
137.628583787436,276.018543787383,4.60263531116171
198.467415827683,371.4574637929,4.03778245862825
124.708489720903,410.980365568929,3.36260103179171
622.98365234092,313.699242899065,4.76005365662636
0.410441024792993,148.698361777247,4.20678415550702
541.248799228238,204.544763530777,4.27959523743002
33.8116019968101,492.245902479536,2.9519532745317
286.199160931749,21.0664738657115,3.97911768323124
536.893227029585,390.799250391678,3.33739933374528
72.92995180913,81.68189588987,5.23719174325708
4.65085701725675,75.6884448891669,3.35237177794212
586.797657759156,224.683871148542,4.00220025572755
442.825593859161,462.942812501584,4.74363295171826
658.047661124356,375.222189821686,3.103582170381
105.163968871662,486.053328862372,4.38220164527694
625.172513499249,86.462649258401,4.10831657994481
421.139004898189,261.618451170734,3.55564399653023
13.1142663546439,183.084922726279,3.38051100273086
70.0955817067259,122.737134547677,4.71658575650333
608.30611550272,192.026934124928,4.41757281895301
251.103040751206,218.360523646869,3.7980611627542
576.36501161546,436.915184944711,3.95564792678563
296.980130045444,144.33652135993,3.69390406072003
517.636331846888,457.468306271253,3.77476479102746
55.5601776620319,419.854296659319,3.83211818666813
182.324645041882,284.620223608898,3.95713034743902
547.776100642389,255.669784124558,3.76398727497937
177.078517200408,42.602530873085,4.36371754232425
509.40139387038,344.086369796338,4.3663154980057
29.8098069188708,50.3308728642241,3.78566896718528
541.749713999136,171.947750284631,4.73285055072131
NA,NA,NA
664.054240017635,336.46588862598,3.50257515109934
453.899906442434,298.027332338775,3.64321167439564
14.9541889982932,494.010996312064,3.60447616254932
559.726032944475,54.6976254470532,4.16377849679752
73.6744671066903,377.778213676702,3.82560633547194
229.558069468231,414.203884201066,3.97996720316484
429.356160567452,12.3264136654087,3.58590061940348
360.956095279763,293.432068157923,2.84366692677271
604.23341936596,105.884710362703,4.18578992304683
389.721941288224,231.563824377225,4.25704918113354
566.963438519971,396.360330008729,4.76484731889676
137.628583787436,276.018543787383,4.60263531116171
198.467415827683,371.4574637929,4.03778245862825
124.708489720903,410.980365568929,3.36260103179171
622.98365234092,313.699242899065,4.76005365662636
0.410441024792993,148.698361777247,4.20678415550702
541.248799228238,204.544763530777,4.27959523743002
33.8116019968101,492.245902479536,2.9519532745317
286.199160931749,21.0664738657115,3.97911768323124
536.893227029585,390.799250391678,3.33739933374528
72.92995180913,81.68189588987,5.23719174325708
4.65085701725675,75.6884448891669,3.35237177794212
586.797657759156,224.683871148542,4.00220025572755
442.825593859161,462.942812501584,4.74363295171826
658.047661124356,375.222189821686,3.103582170381
105.163968871662,486.053328862372,4.38220164527694
625.172513499249,86.462649258401,4.10831657994481
421.139004898189,261.618451170734,3.55564399653023
13.1142663546439,183.084922726279,3.38051100273086
70.0955817067259,122.737134547677,4.71658575650333
608.30611550272,192.026934124928,4.41757281895301
251.103040751206,218.360523646869,3.7980611627542
576.36501161546,436.915184944711,3.95564792678563
296.980130045444,144.33652135993,3.69390406072003
517.636331846888,457.468306271253,3.77476479102746
55.5601776620319,419.854296659319,3.83211818666813
182.324645041882,284.620223608898,3.95713034743902
547.776100642389,255.669784124558,3.76398727497937
177.078517200408,42.602530873085,4.36371754232425
509.40139387038,344.086369796338,4.3663154980057
29.8098069188708,50.3308728642241,3.78566896718528
541.749713999136,171.947750284631,4.73285055072131
NA,NA,NA
664.054240017635,336.46588862598,3.50257515109934
453.899906442434,298.027332338775,3.64321167439564
14.9541889982932,494.010996312064,3.60447616254932
559.726032944475,54.6976254470532,4.16377849679752
73.6744671066903,377.778213676702,3.82560633547194
229.558069468231,414.203884201066,3.97996720316484
429.356160567452,12.3264136654087,3.58590061940348
360.956095279763,293.432068157923,2.84366692677271
604.23341936596,105.884710362703,4.18578992304683
389.721941288224,231.563824377225,4.25704918113354
566.963438519971,396.360330008729,4.76484731889676
137.628583787436,276.018543787383,4.60263531116171
198.467415827683,371.4574637929,4.03778245862825
124.708489720903,410.980365568929,3.36260103179171
622.98365234092,313.699242899065,4.76005365662636
0.410441024792993,148.698361777247,4.20678415550702
541.248799228238,204.544763530777,4.27959523743002
33.8116019968101,492.245902479536,2.9519532745317
286.199160931749,21.0664738657115,3.97911768323124
536.893227029585,390.799250391678,3.33739933374528
72.92995180913,81.68189588987,5.23719174325708
4.65085701725675,75.6884448891669,3.35237177794212
586.797657759156,224.683871148542,4.00220025572755
442.825593859161,462.942812501584,4.74363295171826
658.047661124356,375.222189821686,3.103582170381
105.163968871662,486.053328862372,4.38220164527694
625.172513499249,86.462649258401,4.10831657994481
421.139004898189,261.618451170734,3.55564399653023
13.1142663546439,183.084922726279,3.38051100273086
70.0955817067259,122.737134547677,4.71658575650333
608.30611550272,192.026934124928,4.41757281895301
251.103040751206,218.360523646869,3.7980611627542
576.36501161546,436.915184944711,3.95564792678563
296.980130045444,144.33652135993,3.69390406072003
517.636331846888,457.468306271253,3.77476479102746
55.5601776620319,419.854296659319,3.83211818666813
182.324645041882,284.620223608898,3.95713034743902
547.776100642389,255.669784124558,3.76398727497937
177.078517200408,42.602530873085,4.36371754232425
509.40139387038,344.086369796338,4.3663154980057
29.8098069188708,50.3308728642241,3.78566896718528
541.749713999136,171.947750284631,4.73285055072131
NA,NA,NA
663.211332642018,337.459161454999,3.5852640412393
457.172655661261,295.79156798833,3.81706584302385
11.3803232832166,496.153115727394,3.5424825899304
561.541384390122,50.9735812831587,4.22734911542128
74.7395136851441,376.894660115116,4.04586538908448
232.258351857233,418.087743615678,3.94338064096159
429.374775994452,12.3981538189784,3.39485171293278
364.254281003313,290.105790563316,2.9615568404997
600.833027902645,107.03692931826,4.20747375330102
395.478958237218,228.88730802414,4.10233469512941
570.12977713159,409.176186899855,4.76812356793978
138.830066141811,284.40605284961,4.5579842939404
198.585331769773,370.628254081335,4.16873692165023
122.276188110226,412.447596199893,3.42299554965301
629.365391393021,308.424418716502,4.70802444732231
2.74682572478376,150.66779618636,4.18307585766483
544.760548291587,202.322288499976,4.0358896144793
34.4070201042638,492.132109509925,2.92523744654735
274.598866711496,27.5390435106505,3.83138097800465
531.621627664525,391.016154232716,3.41087812505608
68.7908834202347,79.3046019898858,5.25112987585595
3.75966577242579,73.3407213480413,3.40227443583065
588.311888344673,227.708673453823,4.06311777169612
441.59378073522,466.228590904327,4.71893461526937
658.035643938436,372.697038151272,3.04288049640366
104.605303814243,489.330961081794,4.33709772366442
625.249021928321,86.9459863967264,4.04749062847383
419.945741419522,260.405961442642,3.73947341659521
11.7102621856254,182.523497427887,3.11856432873046
67.8263163010153,119.587532141868,4.57435885105475
622.039846414288,195.508763643123,4.34381225784452
246.831846183321,224.029900665916,3.8153741609016
562.227041066742,426.153809711918,3.86651792000113
300.250108725588,135.098295659293,3.74223061905031
527.33278581951,457.099003940007,3.73615369988907
28.0935395187709,422.461651712855,3.93061227679452
197.082011102354,287.018784757935,4.15547195714932
550.878139651158,261.385051852641,3.77666890517935
169.314609468298,24.5830449668294,4.28639258277461
492.673739522608,348.909759568809,4.52755403479349
46.0507119849993,49.1784997763981,3.88184715498195
526.932078700426,141.672415665542,4.96213987914781
NA,NA,NA
663.211332642018,337.459161454999,3.5852640412393
457.172655661261,295.79156798833,3.81706584302385
11.3803232832166,496.153115727394,3.5424825899304
561.541384390122,50.9735812831587,4.22734911542128
74.7395136851441,376.894660115116,4.04586538908448
232.258351857233,418.087743615678,3.94338064096159
429.374775994452,12.3981538189784,3.39485171293278
364.254281003313,290.105790563316,2.9615568404997
600.833027902645,107.03692931826,4.20747375330102
395.478958237218,228.88730802414,4.10233469512941
570.12977713159,409.176186899855,4.76812356793978
138.830066141811,284.40605284961,4.5579842939404
198.585331769773,370.628254081335,4.16873692165023
122.276188110226,412.447596199893,3.42299554965301
629.365391393021,308.424418716502,4.70802444732231
2.74682572478376,150.66779618636,4.18307585766483
544.760548291587,202.322288499976,4.0358896144793
34.4070201042638,492.132109509925,2.92523744654735
274.598866711496,27.5390435106505,3.83138097800465
531.621627664525,391.016154232716,3.41087812505608
68.7908834202347,79.3046019898858,5.25112987585595
3.75966577242579,73.3407213480413,3.40227443583065
588.311888344673,227.708673453823,4.06311777169612
441.59378073522,466.228590904327,4.71893461526937
658.035643938436,372.697038151272,3.04288049640366
104.605303814243,489.330961081794,4.33709772366442
625.249021928321,86.9459863967264,4.04749062847383
419.945741419522,260.405961442642,3.73947341659521
11.7102621856254,182.523497427887,3.11856432873046
67.8263163010153,119.587532141868,4.57435885105475
622.039846414288,195.508763643123,4.34381225784452
246.831846183321,224.029900665916,3.8153741609016
562.227041066742,426.153809711918,3.86651792000113
300.250108725588,135.098295659293,3.74223061905031
527.33278581951,457.099003940007,3.73615369988907
28.0935395187709,422.461651712855,3.93061227679452
197.082011102354,287.018784757935,4.15547195714932
550.878139651158,261.385051852641,3.77666890517935
169.314609468298,24.5830449668294,4.28639258277461
492.673739522608,348.909759568809,4.52755403479349
46.0507119849993,49.1784997763981,3.88184715498195
526.932078700426,141.672415665542,4.96213987914781
NA,NA,NA
663.211332642018,337.459161454999,3.5852640412393
457.172655661261,295.79156798833,3.81706584302385
11.3803232832166,496.153115727394,3.5424825899304
561.541384390122,50.9735812831587,4.22734911542128
74.7395136851441,376.894660115116,4.04586538908448
232.258351857233,418.087743615678,3.94338064096159
429.374775994452,12.3981538189784,3.39485171293278
364.254281003313,290.105790563316,2.9615568404997
600.833027902645,107.03692931826,4.20747375330102
395.478958237218,228.88730802414,4.10233469512941
570.12977713159,409.176186899855,4.76812356793978
138.830066141811,284.40605284961,4.5579842939404
198.585331769773,370.628254081335,4.16873692165023
122.276188110226,412.447596199893,3.42299554965301
629.365391393021,308.424418716502,4.70802444732231
2.74682572478376,150.66779618636,4.18307585766483
544.760548291587,202.322288499976,4.0358896144793
34.4070201042638,492.132109509925,2.92523744654735
274.598866711496,27.5390435106505,3.83138097800465
531.621627664525,391.016154232716,3.41087812505608
68.7908834202347,79.3046019898858,5.25112987585595
3.75966577242579,73.3407213480413,3.40227443583065
588.311888344673,227.708673453823,4.06311777169612
441.59378073522,466.228590904327,4.71893461526937
658.035643938436,372.697038151272,3.04288049640366
104.605303814243,489.330961081794,4.33709772366442
625.249021928321,86.9459863967264,4.04749062847383
419.945741419522,260.405961442642,3.73947341659521
11.7102621856254,182.523497427887,3.11856432873046
67.8263163010153,119.587532141868,4.57435885105475
622.039846414288,195.508763643123,4.34381225784452
246.831846183321,224.029900665916,3.8153741609016
562.227041066742,426.153809711918,3.86651792000113
300.250108725588,135.098295659293,3.74223061905031
527.33278581951,457.099003940007,3.73615369988907
28.0935395187709,422.461651712855,3.93061227679452
197.082011102354,287.018784757935,4.15547195714932
550.878139651158,261.385051852641,3.77666890517935
169.314609468298,24.5830449668294,4.28639258277461
492.673739522608,348.909759568809,4.52755403479349
46.0507119849993,49.1784997763981,3.88184715498195
526.932078700426,141.672415665542,4.96213987914781
NA,NA,NA
663.211332642018,337.459161454999,3.5852640412393
457.172655661261,295.79156798833,3.81706584302385
11.3803232832166,496.153115727394,3.5424825899304
561.541384390122,50.9735812831587,4.22734911542128
74.7395136851441,376.894660115116,4.04586538908448
232.258351857233,418.087743615678,3.94338064096159
429.374775994452,12.3981538189784,3.39485171293278
364.254281003313,290.105790563316,2.9615568404997
600.833027902645,107.03692931826,4.20747375330102
395.478958237218,228.88730802414,4.10233469512941
570.12977713159,409.176186899855,4.76812356793978
138.830066141811,284.40605284961,4.5579842939404
198.585331769773,370.628254081335,4.16873692165023
122.276188110226,412.447596199893,3.42299554965301
629.365391393021,308.424418716502,4.70802444732231
2.74682572478376,150.66779618636,4.18307585766483
544.760548291587,202.322288499976,4.0358896144793
34.4070201042638,492.132109509925,2.92523744654735
274.598866711496,27.5390435106505,3.83138097800465
531.621627664525,391.016154232716,3.41087812505608
68.7908834202347,79.3046019898858,5.25112987585595
3.75966577242579,73.3407213480413,3.40227443583065
588.311888344673,227.708673453823,4.06311777169612
441.59378073522,466.228590904327,4.71893461526937
658.035643938436,372.697038151272,3.04288049640366
104.605303814243,489.330961081794,4.33709772366442
625.249021928321,86.9459863967264,4.04749062847383
419.945741419522,260.405961442642,3.73947341659521
11.7102621856254,182.523497427887,3.11856432873046
67.8263163010153,119.587532141868,4.57435885105475
622.039846414288,195.508763643123,4.34381225784452
246.831846183321,224.029900665916,3.8153741609016
562.227041066742,426.153809711918,3.86651792000113
300.250108725588,135.098295659293,3.74223061905031
527.33278581951,457.099003940007,3.73615369988907
28.0935395187709,422.461651712855,3.93061227679452
197.082011102354,287.018784757935,4.15547195714932
550.878139651158,261.385051852641,3.77666890517935
169.314609468298,24.5830449668294,4.28639258277461
492.673739522608,348.909759568809,4.52755403479349
46.0507119849993,49.1784997763981,3.88184715498195
526.932078700426,141.672415665542,4.96213987914781
NA,NA,NA
663.211332642018,337.459161454999,3.5852640412393
457.172655661261,295.79156798833,3.81706584302385
11.3803232832166,496.153115727394,3.5424825899304
561.541384390122,50.9735812831587,4.22734911542128
74.7395136851441,376.894660115116,4.04586538908448
232.258351857233,418.087743615678,3.94338064096159
429.374775994452,12.3981538189784,3.39485171293278
364.254281003313,290.105790563316,2.9615568404997
600.833027902645,107.03692931826,4.20747375330102
395.478958237218,228.88730802414,4.10233469512941
570.12977713159,409.176186899855,4.76812356793978
138.830066141811,284.40605284961,4.5579842939404
198.585331769773,370.628254081335,4.16873692165023
122.276188110226,412.447596199893,3.42299554965301
629.365391393021,308.424418716502,4.70802444732231
2.74682572478376,150.66779618636,4.18307585766483
544.760548291587,202.322288499976,4.0358896144793
34.4070201042638,492.132109509925,2.92523744654735
274.598866711496,27.5390435106505,3.83138097800465
531.621627664525,391.016154232716,3.41087812505608
68.7908834202347,79.3046019898858,5.25112987585595
3.75966577242579,73.3407213480413,3.40227443583065
588.311888344673,227.708673453823,4.06311777169612
441.59378073522,466.228590904327,4.71893461526937
658.035643938436,372.697038151272,3.04288049640366
104.605303814243,489.330961081794,4.33709772366442
625.249021928321,86.9459863967264,4.04749062847383
419.945741419522,260.405961442642,3.73947341659521
11.7102621856254,182.523497427887,3.11856432873046
67.8263163010153,119.587532141868,4.57435885105475
622.039846414288,195.508763643123,4.34381225784452
246.831846183321,224.029900665916,3.8153741609016
562.227041066742,426.153809711918,3.86651792000113
300.250108725588,135.098295659293,3.74223061905031
527.33278581951,457.099003940007,3.73615369988907
28.0935395187709,422.461651712855,3.93061227679452
197.082011102354,287.018784757935,4.15547195714932
550.878139651158,261.385051852641,3.77666890517935
169.314609468298,24.5830449668294,4.28639258277461
492.673739522608,348.909759568809,4.52755403479349
46.0507119849993,49.1784997763981,3.88184715498195
526.932078700426,141.672415665542,4.96213987914781
NA,NA,NA
663.211332642018,337.459161454999,3.5852640412393
457.172655661261,295.79156798833,3.81706584302385
11.3803232832166,496.153115727394,3.5424825899304
561.541384390122,50.9735812831587,4.22734911542128
74.7395136851441,376.894660115116,4.04586538908448
232.258351857233,418.087743615678,3.94338064096159
429.374775994452,12.3981538189784,3.39485171293278
364.254281003313,290.105790563316,2.9615568404997
600.833027902645,107.03692931826,4.20747375330102
395.478958237218,228.88730802414,4.10233469512941
570.12977713159,409.176186899855,4.76812356793978
138.830066141811,284.40605284961,4.5579842939404
198.585331769773,370.628254081335,4.16873692165023
122.276188110226,412.447596199893,3.42299554965301
629.365391393021,308.424418716502,4.70802444732231
2.74682572478376,150.66779618636,4.18307585766483
544.760548291587,202.322288499976,4.0358896144793
34.4070201042638,492.132109509925,2.92523744654735
274.598866711496,27.5390435106505,3.83138097800465
531.621627664525,391.016154232716,3.41087812505608
68.7908834202347,79.3046019898858,5.25112987585595
3.75966577242579,73.3407213480413,3.40227443583065
588.311888344673,227.708673453823,4.06311777169612
441.59378073522,466.228590904327,4.71893461526937
658.035643938436,372.697038151272,3.04288049640366
104.605303814243,489.330961081794,4.33709772366442
625.249021928321,86.9459863967264,4.04749062847383
419.945741419522,260.405961442642,3.73947341659521
11.7102621856254,182.523497427887,3.11856432873046
67.8263163010153,119.587532141868,4.57435885105475
622.039846414288,195.508763643123,4.34381225784452
246.831846183321,224.029900665916,3.8153741609016
562.227041066742,426.153809711918,3.86651792000113
300.250108725588,135.098295659293,3.74223061905031
527.33278581951,457.099003940007,3.73615369988907
28.0935395187709,422.461651712855,3.93061227679452
197.082011102354,287.018784757935,4.15547195714932
550.878139651158,261.385051852641,3.77666890517935
169.314609468298,24.5830449668294,4.28639258277461
492.673739522608,348.909759568809,4.52755403479349
46.0507119849993,49.1784997763981,3.88184715498195
526.932078700426,141.672415665542,4.96213987914781
NA,NA,NA
663.064032492431,338.655260596587,3.52207731141173
457.078723097202,301.394045659878,3.68410559456856
11.0848423996383,493.963003031716,3.59576604839596
561.539975422328,55.6144939198781,4.23721432699735
77.8576128877255,378.536838081381,3.97888390905002
226.67707334412,419.240518821077,3.85538711211044
430.322363498905,12.1503810172714,3.58071366470117
363.27054485253,290.998089538133,2.9503365485982
605.801801997385,106.110955562363,4.12272839615303
393.696885548826,228.194042678656,4.14868342356601
565.317526873641,410.427405926716,4.7784482860987
141.339890372266,284.389654074094,4.63282144388621
202.153922553981,368.725660565006,4.03185453639496
125.979448360827,410.378151283386,3.4226501275161
627.612386064919,310.651996428267,4.65067606778031
-0.48708152909357,148.41549533273,4.16388093102276
543.578520053979,203.853550305741,4.26425546868383
34.7916665583602,492.831645857095,3.11266088556475
279.993946758873,23.4058578028625,3.93310050345032
534.195651944297,392.478104215622,3.47032548941408
72.3811086701953,78.0717263778354,5.23336428355675
7.22663204853692,77.8516606284849,3.58718559792358
588.830056873321,224.428091875596,4.05678770238699
441.26215870701,461.398349215454,4.80328632682209
656.287384852845,371.919546753791,2.99247102327937
103.538367085524,495.023885678769,4.40621713895213
622.06290620364,89.6311753065737,4.09616112532324
419.722677826856,259.034129478141,3.6086976212563
12.0188978651774,182.874714458915,3.27619944836601
64.6473880069636,130.631491372191,4.69550797059203
599.952289729748,184.565333367146,4.25122266228167
250.825453604382,216.110427530036,3.79264624029961
576.906428759229,443.095719067213,3.70795780060452
300.298259128172,134.085144291396,4.16283302358979
529.693745756644,458.796311586896,3.11920627342496
48.7268211124756,425.396862371755,3.91127160808054
201.968495260042,293.436562488309,4.08553392503117
552.54401791138,271.471596535463,3.71769404314652
170.980490087663,26.6502651717188,4.28020838614251
486.89310214112,344.553502711483,4.36002037205386
46.1658960687058,44.9811757133108,4.1525343391675
542.192772232617,155.940091669865,4.71427730146069
NA,NA,NA
663.064032492431,338.655260596587,3.52207731141173
457.078723097202,301.394045659878,3.68410559456856
11.0848423996383,493.963003031716,3.59576604839596
561.539975422328,55.6144939198781,4.23721432699735
77.8576128877255,378.536838081381,3.97888390905002
226.67707334412,419.240518821077,3.85538711211044
430.322363498905,12.1503810172714,3.58071366470117
363.27054485253,290.998089538133,2.9503365485982
605.801801997385,106.110955562363,4.12272839615303
393.696885548826,228.194042678656,4.14868342356601
565.317526873641,410.427405926716,4.7784482860987
141.339890372266,284.389654074094,4.63282144388621
202.153922553981,368.725660565006,4.03185453639496
125.979448360827,410.378151283386,3.4226501275161
627.612386064919,310.651996428267,4.65067606778031
-0.48708152909357,148.41549533273,4.16388093102276
543.578520053979,203.853550305741,4.26425546868383
34.7916665583602,492.831645857095,3.11266088556475
279.993946758873,23.4058578028625,3.93310050345032
534.195651944297,392.478104215622,3.47032548941408
72.3811086701953,78.0717263778354,5.23336428355675
7.22663204853692,77.8516606284849,3.58718559792358
588.830056873321,224.428091875596,4.05678770238699
441.26215870701,461.398349215454,4.80328632682209
656.287384852845,371.919546753791,2.99247102327937
103.538367085524,495.023885678769,4.40621713895213
622.06290620364,89.6311753065737,4.09616112532324
419.722677826856,259.034129478141,3.6086976212563
12.0188978651774,182.874714458915,3.27619944836601
64.6473880069636,130.631491372191,4.69550797059203
599.952289729748,184.565333367146,4.25122266228167
250.825453604382,216.110427530036,3.79264624029961
576.906428759229,443.095719067213,3.70795780060452
300.298259128172,134.085144291396,4.16283302358979
529.693745756644,458.796311586896,3.11920627342496
48.7268211124756,425.396862371755,3.91127160808054
201.968495260042,293.436562488309,4.08553392503117
552.54401791138,271.471596535463,3.71769404314652
170.980490087663,26.6502651717188,4.28020838614251
486.89310214112,344.553502711483,4.36002037205386
46.1658960687058,44.9811757133108,4.1525343391675
542.192772232617,155.940091669865,4.71427730146069
NA,NA,NA
663.064032492431,338.655260596587,3.52207731141173
457.078723097202,301.394045659878,3.68410559456856
11.0848423996383,493.963003031716,3.59576604839596
561.539975422328,55.6144939198781,4.23721432699735
77.8576128877255,378.536838081381,3.97888390905002
226.67707334412,419.240518821077,3.85538711211044
430.322363498905,12.1503810172714,3.58071366470117
363.27054485253,290.998089538133,2.9503365485982
605.801801997385,106.110955562363,4.12272839615303
393.696885548826,228.194042678656,4.14868342356601
565.317526873641,410.427405926716,4.7784482860987
141.339890372266,284.389654074094,4.63282144388621
202.153922553981,368.725660565006,4.03185453639496
125.979448360827,410.378151283386,3.4226501275161
627.612386064919,310.651996428267,4.65067606778031
-0.48708152909357,148.41549533273,4.16388093102276
543.578520053979,203.853550305741,4.26425546868383
34.7916665583602,492.831645857095,3.11266088556475
279.993946758873,23.4058578028625,3.93310050345032
534.195651944297,392.478104215622,3.47032548941408
72.3811086701953,78.0717263778354,5.23336428355675
7.22663204853692,77.8516606284849,3.58718559792358
588.830056873321,224.428091875596,4.05678770238699
441.26215870701,461.398349215454,4.80328632682209
656.287384852845,371.919546753791,2.99247102327937
103.538367085524,495.023885678769,4.40621713895213
622.06290620364,89.6311753065737,4.09616112532324
419.722677826856,259.034129478141,3.6086976212563
12.0188978651774,182.874714458915,3.27619944836601
64.6473880069636,130.631491372191,4.69550797059203
599.952289729748,184.565333367146,4.25122266228167
250.825453604382,216.110427530036,3.79264624029961
576.906428759229,443.095719067213,3.70795780060452
300.298259128172,134.085144291396,4.16283302358979
529.693745756644,458.796311586896,3.11920627342496
48.7268211124756,425.396862371755,3.91127160808054
201.968495260042,293.436562488309,4.08553392503117
552.54401791138,271.471596535463,3.71769404314652
170.980490087663,26.6502651717188,4.28020838614251
486.89310214112,344.553502711483,4.36002037205386
46.1658960687058,44.9811757133108,4.1525343391675
542.192772232617,155.940091669865,4.71427730146069
NA,NA,NA
663.064032492431,338.655260596587,3.52207731141173
457.078723097202,301.394045659878,3.68410559456856
11.0848423996383,493.963003031716,3.59576604839596
561.539975422328,55.6144939198781,4.23721432699735
77.8576128877255,378.536838081381,3.97888390905002
226.67707334412,419.240518821077,3.85538711211044
430.322363498905,12.1503810172714,3.58071366470117
363.27054485253,290.998089538133,2.9503365485982
605.801801997385,106.110955562363,4.12272839615303
393.696885548826,228.194042678656,4.14868342356601
565.317526873641,410.427405926716,4.7784482860987
141.339890372266,284.389654074094,4.63282144388621
202.153922553981,368.725660565006,4.03185453639496
125.979448360827,410.378151283386,3.4226501275161
627.612386064919,310.651996428267,4.65067606778031
-0.48708152909357,148.41549533273,4.16388093102276
543.578520053979,203.853550305741,4.26425546868383
34.7916665583602,492.831645857095,3.11266088556475
279.993946758873,23.4058578028625,3.93310050345032
534.195651944297,392.478104215622,3.47032548941408
72.3811086701953,78.0717263778354,5.23336428355675
7.22663204853692,77.8516606284849,3.58718559792358
588.830056873321,224.428091875596,4.05678770238699
441.26215870701,461.398349215454,4.80328632682209
656.287384852845,371.919546753791,2.99247102327937
103.538367085524,495.023885678769,4.40621713895213
622.06290620364,89.6311753065737,4.09616112532324
419.722677826856,259.034129478141,3.6086976212563
12.0188978651774,182.874714458915,3.27619944836601
64.6473880069636,130.631491372191,4.69550797059203
599.952289729748,184.565333367146,4.25122266228167
250.825453604382,216.110427530036,3.79264624029961
576.906428759229,443.095719067213,3.70795780060452
300.298259128172,134.085144291396,4.16283302358979
529.693745756644,458.796311586896,3.11920627342496
48.7268211124756,425.396862371755,3.91127160808054
201.968495260042,293.436562488309,4.08553392503117
552.54401791138,271.471596535463,3.71769404314652
170.980490087663,26.6502651717188,4.28020838614251
486.89310214112,344.553502711483,4.36002037205386
46.1658960687058,44.9811757133108,4.1525343391675
542.192772232617,155.940091669865,4.71427730146069
NA,NA,NA
663.064032492431,338.655260596587,3.52207731141173
457.078723097202,301.394045659878,3.68410559456856
11.0848423996383,493.963003031716,3.59576604839596
561.539975422328,55.6144939198781,4.23721432699735
77.8576128877255,378.536838081381,3.97888390905002
226.67707334412,419.240518821077,3.85538711211044
430.322363498905,12.1503810172714,3.58071366470117
363.27054485253,290.998089538133,2.9503365485982
605.801801997385,106.110955562363,4.12272839615303
393.696885548826,228.194042678656,4.14868342356601
565.317526873641,410.427405926716,4.7784482860987
141.339890372266,284.389654074094,4.63282144388621
202.153922553981,368.725660565006,4.03185453639496
125.979448360827,410.378151283386,3.4226501275161
627.612386064919,310.651996428267,4.65067606778031
-0.48708152909357,148.41549533273,4.16388093102276
543.578520053979,203.853550305741,4.26425546868383
34.7916665583602,492.831645857095,3.11266088556475
279.993946758873,23.4058578028625,3.93310050345032
534.195651944297,392.478104215622,3.47032548941408
72.3811086701953,78.0717263778354,5.23336428355675
7.22663204853692,77.8516606284849,3.58718559792358
588.830056873321,224.428091875596,4.05678770238699
441.26215870701,461.398349215454,4.80328632682209
656.287384852845,371.919546753791,2.99247102327937
103.538367085524,495.023885678769,4.40621713895213
622.06290620364,89.6311753065737,4.09616112532324
419.722677826856,259.034129478141,3.6086976212563
12.0188978651774,182.874714458915,3.27619944836601
64.6473880069636,130.631491372191,4.69550797059203
599.952289729748,184.565333367146,4.25122266228167
250.825453604382,216.110427530036,3.79264624029961
576.906428759229,443.095719067213,3.70795780060452
300.298259128172,134.085144291396,4.16283302358979
529.693745756644,458.796311586896,3.11920627342496
48.7268211124756,425.396862371755,3.91127160808054
201.968495260042,293.436562488309,4.08553392503117
552.54401791138,271.471596535463,3.71769404314652
170.980490087663,26.6502651717188,4.28020838614251
486.89310214112,344.553502711483,4.36002037205386
46.1658960687058,44.9811757133108,4.1525343391675
542.192772232617,155.940091669865,4.71427730146069
NA,NA,NA
663.064032492431,338.655260596587,3.52207731141173
457.078723097202,301.394045659878,3.68410559456856
11.0848423996383,493.963003031716,3.59576604839596
561.539975422328,55.6144939198781,4.23721432699735
77.8576128877255,378.536838081381,3.97888390905002
226.67707334412,419.240518821077,3.85538711211044
430.322363498905,12.1503810172714,3.58071366470117
363.27054485253,290.998089538133,2.9503365485982
605.801801997385,106.110955562363,4.12272839615303
393.696885548826,228.194042678656,4.14868342356601
565.317526873641,410.427405926716,4.7784482860987
141.339890372266,284.389654074094,4.63282144388621
202.153922553981,368.725660565006,4.03185453639496
125.979448360827,410.378151283386,3.4226501275161
627.612386064919,310.651996428267,4.65067606778031
-0.48708152909357,148.41549533273,4.16388093102276
543.578520053979,203.853550305741,4.26425546868383
34.7916665583602,492.831645857095,3.11266088556475
279.993946758873,23.4058578028625,3.93310050345032
534.195651944297,392.478104215622,3.47032548941408
72.3811086701953,78.0717263778354,5.23336428355675
7.22663204853692,77.8516606284849,3.58718559792358
588.830056873321,224.428091875596,4.05678770238699
441.26215870701,461.398349215454,4.80328632682209
656.287384852845,371.919546753791,2.99247102327937
103.538367085524,495.023885678769,4.40621713895213
622.06290620364,89.6311753065737,4.09616112532324
419.722677826856,259.034129478141,3.6086976212563
12.0188978651774,182.874714458915,3.27619944836601
64.6473880069636,130.631491372191,4.69550797059203
599.952289729748,184.565333367146,4.25122266228167
250.825453604382,216.110427530036,3.79264624029961
576.906428759229,443.095719067213,3.70795780060452
300.298259128172,134.085144291396,4.16283302358979
529.693745756644,458.796311586896,3.11920627342496
48.7268211124756,425.396862371755,3.91127160808054
201.968495260042,293.436562488309,4.08553392503117
552.54401791138,271.471596535463,3.71769404314652
170.980490087663,26.6502651717188,4.28020838614251
486.89310214112,344.553502711483,4.36002037205386
46.1658960687058,44.9811757133108,4.1525343391675
542.192772232617,155.940091669865,4.71427730146069
NA,NA,NA
663.467591076944,332.470068744163,3.64773231786939
455.740082434988,298.647577520947,3.69136325883068
10.3075463152617,492.587135585206,3.59729138789011
559.785240298404,48.9069455647481,4.2085997943237
70.1193983797822,372.854989623632,3.96535777250141
227.77987191609,412.001011905657,3.9160415645738
428.06428144194,14.0196588389719,3.30749554651336
360.173332817968,290.421071238875,3.23553176989759
606.424860963192,102.164942448674,4.25910666060059
395.493904467168,231.83719010185,4.09702533153098
568.871611362538,402.905513818171,4.77560251054039
136.310357776662,280.065477054155,4.68378728869962
201.110226423349,371.113892723684,4.03454405697251
125.886032412243,410.101814019309,3.60513918979266
627.39291403759,313.267039827256,4.54720439498065
5.17024735711651,146.789354494312,4.37163024187908
541.613326114955,200.875065108724,4.20275943480122
32.9719738160906,491.999727664504,2.96219981439712
282.899622611603,21.5721740959164,3.86203812030154
531.716784995555,392.034175070224,3.38467451552332
69.4461887213629,81.0891143840234,5.25087936463155
2.82307914349132,77.0344227082373,3.57399777393689
588.349558698423,224.18501166487,4.06977586315133
442.195867523326,459.89868443543,4.83120973764613
660.249644803265,373.935634354735,3.278409154208
107.922536972728,491.151154142691,4.43811361460367
621.66346892716,91.8472586937648,4.09421930123907
420.900628289884,260.497979292554,3.67416920508506
11.5974556817436,180.675526032612,3.21587743077936
80.0447664801652,109.723629080461,4.4149088550797
610.499933344181,199.964232074314,4.43381078839566
258.986462442848,214.847599851408,3.90572529800523
564.410839096144,440.008000264721,3.695039725419
297.954519749623,139.778926611424,3.84330859837662
532.379680838696,460.046393762752,3.87374512875194
52.0920066774216,419.250733198028,4.11505123016935
200.486710752056,285.334599104386,3.88766423346662
553.872378374285,260.517831587777,3.60187424627685
159.428357881771,27.9294746005881,4.419783824768
504.309603080822,338.099808581977,4.1352773101007
35.3460672971592,52.1624131068262,3.57635763180611
544.151786130932,141.118319298105,4.66050835621138
NA,NA,NA
663.467591076944,332.470068744163,3.64773231786939
455.740082434988,298.647577520947,3.69136325883068
10.3075463152617,492.587135585206,3.59729138789011
559.785240298404,48.9069455647481,4.2085997943237
70.1193983797822,372.854989623632,3.96535777250141
227.77987191609,412.001011905657,3.9160415645738
428.06428144194,14.0196588389719,3.30749554651336
360.173332817968,290.421071238875,3.23553176989759
606.424860963192,102.164942448674,4.25910666060059
395.493904467168,231.83719010185,4.09702533153098
568.871611362538,402.905513818171,4.77560251054039
136.310357776662,280.065477054155,4.68378728869962
201.110226423349,371.113892723684,4.03454405697251
125.886032412243,410.101814019309,3.60513918979266
627.39291403759,313.267039827256,4.54720439498065
5.17024735711651,146.789354494312,4.37163024187908
541.613326114955,200.875065108724,4.20275943480122
32.9719738160906,491.999727664504,2.96219981439712
282.899622611603,21.5721740959164,3.86203812030154
531.716784995555,392.034175070224,3.38467451552332
69.4461887213629,81.0891143840234,5.25087936463155
2.82307914349132,77.0344227082373,3.57399777393689
588.349558698423,224.18501166487,4.06977586315133
442.195867523326,459.89868443543,4.83120973764613
660.249644803265,373.935634354735,3.278409154208
107.922536972728,491.151154142691,4.43811361460367
621.66346892716,91.8472586937648,4.09421930123907
420.900628289884,260.497979292554,3.67416920508506
11.5974556817436,180.675526032612,3.21587743077936
80.0447664801652,109.723629080461,4.4149088550797
610.499933344181,199.964232074314,4.43381078839566
258.986462442848,214.847599851408,3.90572529800523
564.410839096144,440.008000264721,3.695039725419
297.954519749623,139.778926611424,3.84330859837662
532.379680838696,460.046393762752,3.87374512875194
52.0920066774216,419.250733198028,4.11505123016935
200.486710752056,285.334599104386,3.88766423346662
553.872378374285,260.517831587777,3.60187424627685
159.428357881771,27.9294746005881,4.419783824768
504.309603080822,338.099808581977,4.1352773101007
35.3460672971592,52.1624131068262,3.57635763180611
544.151786130932,141.118319298105,4.66050835621138
NA,NA,NA
663.467591076944,332.470068744163,3.64773231786939
455.740082434988,298.647577520947,3.69136325883068
10.3075463152617,492.587135585206,3.59729138789011
559.785240298404,48.9069455647481,4.2085997943237
70.1193983797822,372.854989623632,3.96535777250141
227.77987191609,412.001011905657,3.9160415645738
428.06428144194,14.0196588389719,3.30749554651336
360.173332817968,290.421071238875,3.23553176989759
606.424860963192,102.164942448674,4.25910666060059
395.493904467168,231.83719010185,4.09702533153098
568.871611362538,402.905513818171,4.77560251054039
136.310357776662,280.065477054155,4.68378728869962
201.110226423349,371.113892723684,4.03454405697251
125.886032412243,410.101814019309,3.60513918979266
627.39291403759,313.267039827256,4.54720439498065
5.17024735711651,146.789354494312,4.37163024187908
541.613326114955,200.875065108724,4.20275943480122
32.9719738160906,491.999727664504,2.96219981439712
282.899622611603,21.5721740959164,3.86203812030154
531.716784995555,392.034175070224,3.38467451552332
69.4461887213629,81.0891143840234,5.25087936463155
2.82307914349132,77.0344227082373,3.57399777393689
588.349558698423,224.18501166487,4.06977586315133
442.195867523326,459.89868443543,4.83120973764613
660.249644803265,373.935634354735,3.278409154208
107.922536972728,491.151154142691,4.43811361460367
621.66346892716,91.8472586937648,4.09421930123907
420.900628289884,260.497979292554,3.67416920508506
11.5974556817436,180.675526032612,3.21587743077936
80.0447664801652,109.723629080461,4.4149088550797
610.499933344181,199.964232074314,4.43381078839566
258.986462442848,214.847599851408,3.90572529800523
564.410839096144,440.008000264721,3.695039725419
297.954519749623,139.778926611424,3.84330859837662
532.379680838696,460.046393762752,3.87374512875194
52.0920066774216,419.250733198028,4.11505123016935
200.486710752056,285.334599104386,3.88766423346662
553.872378374285,260.517831587777,3.60187424627685
159.428357881771,27.9294746005881,4.419783824768
504.309603080822,338.099808581977,4.1352773101007
35.3460672971592,52.1624131068262,3.57635763180611
544.151786130932,141.118319298105,4.66050835621138
NA,NA,NA
663.467591076944,332.470068744163,3.64773231786939
455.740082434988,298.647577520947,3.69136325883068
10.3075463152617,492.587135585206,3.59729138789011
559.785240298404,48.9069455647481,4.2085997943237
70.1193983797822,372.854989623632,3.96535777250141
227.77987191609,412.001011905657,3.9160415645738
428.06428144194,14.0196588389719,3.30749554651336
360.173332817968,290.421071238875,3.23553176989759
606.424860963192,102.164942448674,4.25910666060059
395.493904467168,231.83719010185,4.09702533153098
568.871611362538,402.905513818171,4.77560251054039
136.310357776662,280.065477054155,4.68378728869962
201.110226423349,371.113892723684,4.03454405697251
125.886032412243,410.101814019309,3.60513918979266
627.39291403759,313.267039827256,4.54720439498065
5.17024735711651,146.789354494312,4.37163024187908
541.613326114955,200.875065108724,4.20275943480122
32.9719738160906,491.999727664504,2.96219981439712
282.899622611603,21.5721740959164,3.86203812030154
531.716784995555,392.034175070224,3.38467451552332
69.4461887213629,81.0891143840234,5.25087936463155
2.82307914349132,77.0344227082373,3.57399777393689
588.349558698423,224.18501166487,4.06977586315133
442.195867523326,459.89868443543,4.83120973764613
660.249644803265,373.935634354735,3.278409154208
107.922536972728,491.151154142691,4.43811361460367
621.66346892716,91.8472586937648,4.09421930123907
420.900628289884,260.497979292554,3.67416920508506
11.5974556817436,180.675526032612,3.21587743077936
80.0447664801652,109.723629080461,4.4149088550797
610.499933344181,199.964232074314,4.43381078839566
258.986462442848,214.847599851408,3.90572529800523
564.410839096144,440.008000264721,3.695039725419
297.954519749623,139.778926611424,3.84330859837662
532.379680838696,460.046393762752,3.87374512875194
52.0920066774216,419.250733198028,4.11505123016935
200.486710752056,285.334599104386,3.88766423346662
553.872378374285,260.517831587777,3.60187424627685
159.428357881771,27.9294746005881,4.419783824768
504.309603080822,338.099808581977,4.1352773101007
35.3460672971592,52.1624131068262,3.57635763180611
544.151786130932,141.118319298105,4.66050835621138
NA,NA,NA
663.467591076944,332.470068744163,3.64773231786939
455.740082434988,298.647577520947,3.69136325883068
10.3075463152617,492.587135585206,3.59729138789011
559.785240298404,48.9069455647481,4.2085997943237
70.1193983797822,372.854989623632,3.96535777250141
227.77987191609,412.001011905657,3.9160415645738
428.06428144194,14.0196588389719,3.30749554651336
360.173332817968,290.421071238875,3.23553176989759
606.424860963192,102.164942448674,4.25910666060059
395.493904467168,231.83719010185,4.09702533153098
568.871611362538,402.905513818171,4.77560251054039
136.310357776662,280.065477054155,4.68378728869962
201.110226423349,371.113892723684,4.03454405697251
125.886032412243,410.101814019309,3.60513918979266
627.39291403759,313.267039827256,4.54720439498065
5.17024735711651,146.789354494312,4.37163024187908
541.613326114955,200.875065108724,4.20275943480122
32.9719738160906,491.999727664504,2.96219981439712
282.899622611603,21.5721740959164,3.86203812030154
531.716784995555,392.034175070224,3.38467451552332
69.4461887213629,81.0891143840234,5.25087936463155
2.82307914349132,77.0344227082373,3.57399777393689
588.349558698423,224.18501166487,4.06977586315133
442.195867523326,459.89868443543,4.83120973764613
660.249644803265,373.935634354735,3.278409154208
107.922536972728,491.151154142691,4.43811361460367
621.66346892716,91.8472586937648,4.09421930123907
420.900628289884,260.497979292554,3.67416920508506
11.5974556817436,180.675526032612,3.21587743077936
80.0447664801652,109.723629080461,4.4149088550797
610.499933344181,199.964232074314,4.43381078839566
258.986462442848,214.847599851408,3.90572529800523
564.410839096144,440.008000264721,3.695039725419
297.954519749623,139.778926611424,3.84330859837662
532.379680838696,460.046393762752,3.87374512875194
52.0920066774216,419.250733198028,4.11505123016935
200.486710752056,285.334599104386,3.88766423346662
553.872378374285,260.517831587777,3.60187424627685
159.428357881771,27.9294746005881,4.419783824768
504.309603080822,338.099808581977,4.1352773101007
35.3460672971592,52.1624131068262,3.57635763180611
544.151786130932,141.118319298105,4.66050835621138
NA,NA,NA
663.467591076944,332.470068744163,3.64773231786939
455.740082434988,298.647577520947,3.69136325883068
10.3075463152617,492.587135585206,3.59729138789011
559.785240298404,48.9069455647481,4.2085997943237
70.1193983797822,372.854989623632,3.96535777250141
227.77987191609,412.001011905657,3.9160415645738
428.06428144194,14.0196588389719,3.30749554651336
360.173332817968,290.421071238875,3.23553176989759
606.424860963192,102.164942448674,4.25910666060059
395.493904467168,231.83719010185,4.09702533153098
568.871611362538,402.905513818171,4.77560251054039
136.310357776662,280.065477054155,4.68378728869962
201.110226423349,371.113892723684,4.03454405697251
125.886032412243,410.101814019309,3.60513918979266
627.39291403759,313.267039827256,4.54720439498065
5.17024735711651,146.789354494312,4.37163024187908
541.613326114955,200.875065108724,4.20275943480122
32.9719738160906,491.999727664504,2.96219981439712
282.899622611603,21.5721740959164,3.86203812030154
531.716784995555,392.034175070224,3.38467451552332
69.4461887213629,81.0891143840234,5.25087936463155
2.82307914349132,77.0344227082373,3.57399777393689
588.349558698423,224.18501166487,4.06977586315133
442.195867523326,459.89868443543,4.83120973764613
660.249644803265,373.935634354735,3.278409154208
107.922536972728,491.151154142691,4.43811361460367
621.66346892716,91.8472586937648,4.09421930123907
420.900628289884,260.497979292554,3.67416920508506
11.5974556817436,180.675526032612,3.21587743077936
80.0447664801652,109.723629080461,4.4149088550797
610.499933344181,199.964232074314,4.43381078839566
258.986462442848,214.847599851408,3.90572529800523
564.410839096144,440.008000264721,3.695039725419
297.954519749623,139.778926611424,3.84330859837662
532.379680838696,460.046393762752,3.87374512875194
52.0920066774216,419.250733198028,4.11505123016935
200.486710752056,285.334599104386,3.88766423346662
553.872378374285,260.517831587777,3.60187424627685
159.428357881771,27.9294746005881,4.419783824768
504.309603080822,338.099808581977,4.1352773101007
35.3460672971592,52.1624131068262,3.57635763180611
544.151786130932,141.118319298105,4.66050835621138
NA,NA,NA
660.420286283196,333.846429218103,3.56550693977707
453.445466218703,299.636895943307,3.67608383520762
12.6169515717596,494.544546372383,3.53543175592531
561.652042718988,56.5832568067374,4.20775097900739
67.9505731416085,374.942305988225,3.97670248237978
230.731422362886,410.099185781022,3.83410312057193
431.202410911753,14.228789219919,3.2415503344517
362.01022664387,292.986499333615,3.0305662455289
602.412103411731,103.839988731052,4.29394757640634
394.825522358713,226.647102469191,4.1303764050884
556.734892564846,406.510173905923,4.74448691634943
138.546382682622,279.783920569401,4.53658362550687
197.658833870407,372.036156244715,3.88611756722374
125.086382855882,415.26331458668,3.43498571164255
629.34273417731,316.05238368687,4.58469711884695
1.41142843174952,146.465559358293,4.36976539196999
545.167643024658,203.191973959161,4.18983260274137
34.2257526875276,490.680518720049,3.22346610043637
275.087998039444,20.9790981034552,3.93281401703748
531.804957933123,391.923176843365,3.26867541407808
72.4855593738454,84.6799120101465,5.13745201959807
5.38603560698552,75.3182939356534,3.49650196346158
584.671889077177,225.040490902994,4.07144371001247
448.499834418058,459.369123987233,4.81017660551981
657.539269523237,371.168045293517,2.83304667865498
105.285894916071,492.18641463021,4.32544531861612
625.976341004967,90.7321275511837,4.0903163145725
421.412957855271,264.073242769238,3.59526818337228
12.4669789386728,181.110214613342,3.02300422970099
68.8653743583853,124.096146135649,4.29485545248285
607.14651409937,206.609642293267,4.38363724552947
261.332911410808,216.245864216766,3.97707220627167
571.418658683608,435.196033050559,3.888283656934
296.399801111327,135.280313896661,3.5554607408589
533.339351574917,452.386959789133,3.706762168788
48.2229810020742,414.171478197681,4.21147810415022
198.840271689511,279.405475504628,3.65062928905593
557.906074738001,260.898747431181,3.62678808438792
183.144049087694,32.1879629270645,4.23826077783546
509.542083534968,339.893423508434,4.47373523183043
25.2670012019941,49.9966068382674,3.9635704456012
523.123076839914,150.811481884496,4.69651286325657
NA,NA,NA
660.420286283196,333.846429218103,3.56550693977707
453.445466218703,299.636895943307,3.67608383520762
12.6169515717596,494.544546372383,3.53543175592531
561.652042718988,56.5832568067374,4.20775097900739
67.9505731416085,374.942305988225,3.97670248237978
230.731422362886,410.099185781022,3.83410312057193
431.202410911753,14.228789219919,3.2415503344517
362.01022664387,292.986499333615,3.0305662455289
602.412103411731,103.839988731052,4.29394757640634
394.825522358713,226.647102469191,4.1303764050884
556.734892564846,406.510173905923,4.74448691634943
138.546382682622,279.783920569401,4.53658362550687
197.658833870407,372.036156244715,3.88611756722374
125.086382855882,415.26331458668,3.43498571164255
629.34273417731,316.05238368687,4.58469711884695
1.41142843174952,146.465559358293,4.36976539196999
545.167643024658,203.191973959161,4.18983260274137
34.2257526875276,490.680518720049,3.22346610043637
275.087998039444,20.9790981034552,3.93281401703748
531.804957933123,391.923176843365,3.26867541407808
72.4855593738454,84.6799120101465,5.13745201959807
5.38603560698552,75.3182939356534,3.49650196346158
584.671889077177,225.040490902994,4.07144371001247
448.499834418058,459.369123987233,4.81017660551981
657.539269523237,371.168045293517,2.83304667865498
105.285894916071,492.18641463021,4.32544531861612
625.976341004967,90.7321275511837,4.0903163145725
421.412957855271,264.073242769238,3.59526818337228
12.4669789386728,181.110214613342,3.02300422970099
68.8653743583853,124.096146135649,4.29485545248285
607.14651409937,206.609642293267,4.38363724552947
261.332911410808,216.245864216766,3.97707220627167
571.418658683608,435.196033050559,3.888283656934
296.399801111327,135.280313896661,3.5554607408589
533.339351574917,452.386959789133,3.706762168788
48.2229810020742,414.171478197681,4.21147810415022
198.840271689511,279.405475504628,3.65062928905593
557.906074738001,260.898747431181,3.62678808438792
183.144049087694,32.1879629270645,4.23826077783546
509.542083534968,339.893423508434,4.47373523183043
25.2670012019941,49.9966068382674,3.9635704456012
523.123076839914,150.811481884496,4.69651286325657
NA,NA,NA
660.420286283196,333.846429218103,3.56550693977707
453.445466218703,299.636895943307,3.67608383520762
12.6169515717596,494.544546372383,3.53543175592531
561.652042718988,56.5832568067374,4.20775097900739
67.9505731416085,374.942305988225,3.97670248237978
230.731422362886,410.099185781022,3.83410312057193
431.202410911753,14.228789219919,3.2415503344517
362.01022664387,292.986499333615,3.0305662455289
602.412103411731,103.839988731052,4.29394757640634
394.825522358713,226.647102469191,4.1303764050884
556.734892564846,406.510173905923,4.74448691634943
138.546382682622,279.783920569401,4.53658362550687
197.658833870407,372.036156244715,3.88611756722374
125.086382855882,415.26331458668,3.43498571164255
629.34273417731,316.05238368687,4.58469711884695
1.41142843174952,146.465559358293,4.36976539196999
545.167643024658,203.191973959161,4.18983260274137
34.2257526875276,490.680518720049,3.22346610043637
275.087998039444,20.9790981034552,3.93281401703748
531.804957933123,391.923176843365,3.26867541407808
72.4855593738454,84.6799120101465,5.13745201959807
5.38603560698552,75.3182939356534,3.49650196346158
584.671889077177,225.040490902994,4.07144371001247
448.499834418058,459.369123987233,4.81017660551981
657.539269523237,371.168045293517,2.83304667865498
105.285894916071,492.18641463021,4.32544531861612
625.976341004967,90.7321275511837,4.0903163145725
421.412957855271,264.073242769238,3.59526818337228
12.4669789386728,181.110214613342,3.02300422970099
68.8653743583853,124.096146135649,4.29485545248285
607.14651409937,206.609642293267,4.38363724552947
261.332911410808,216.245864216766,3.97707220627167
571.418658683608,435.196033050559,3.888283656934
296.399801111327,135.280313896661,3.5554607408589
533.339351574917,452.386959789133,3.706762168788
48.2229810020742,414.171478197681,4.21147810415022
198.840271689511,279.405475504628,3.65062928905593
557.906074738001,260.898747431181,3.62678808438792
183.144049087694,32.1879629270645,4.23826077783546
509.542083534968,339.893423508434,4.47373523183043
25.2670012019941,49.9966068382674,3.9635704456012
523.123076839914,150.811481884496,4.69651286325657
NA,NA,NA
660.420286283196,333.846429218103,3.56550693977707
453.445466218703,299.636895943307,3.67608383520762
12.6169515717596,494.544546372383,3.53543175592531
561.652042718988,56.5832568067374,4.20775097900739
67.9505731416085,374.942305988225,3.97670248237978
230.731422362886,410.099185781022,3.83410312057193
431.202410911753,14.228789219919,3.2415503344517
362.01022664387,292.986499333615,3.0305662455289
602.412103411731,103.839988731052,4.29394757640634
394.825522358713,226.647102469191,4.1303764050884
556.734892564846,406.510173905923,4.74448691634943
138.546382682622,279.783920569401,4.53658362550687
197.658833870407,372.036156244715,3.88611756722374
125.086382855882,415.26331458668,3.43498571164255
629.34273417731,316.05238368687,4.58469711884695
1.41142843174952,146.465559358293,4.36976539196999
545.167643024658,203.191973959161,4.18983260274137
34.2257526875276,490.680518720049,3.22346610043637
275.087998039444,20.9790981034552,3.93281401703748
531.804957933123,391.923176843365,3.26867541407808
72.4855593738454,84.6799120101465,5.13745201959807
5.38603560698552,75.3182939356534,3.49650196346158
584.671889077177,225.040490902994,4.07144371001247
448.499834418058,459.369123987233,4.81017660551981
657.539269523237,371.168045293517,2.83304667865498
105.285894916071,492.18641463021,4.32544531861612
625.976341004967,90.7321275511837,4.0903163145725
421.412957855271,264.073242769238,3.59526818337228
12.4669789386728,181.110214613342,3.02300422970099
68.8653743583853,124.096146135649,4.29485545248285
607.14651409937,206.609642293267,4.38363724552947
261.332911410808,216.245864216766,3.97707220627167
571.418658683608,435.196033050559,3.888283656934
296.399801111327,135.280313896661,3.5554607408589
533.339351574917,452.386959789133,3.706762168788
48.2229810020742,414.171478197681,4.21147810415022
198.840271689511,279.405475504628,3.65062928905593
557.906074738001,260.898747431181,3.62678808438792
183.144049087694,32.1879629270645,4.23826077783546
509.542083534968,339.893423508434,4.47373523183043
25.2670012019941,49.9966068382674,3.9635704456012
523.123076839914,150.811481884496,4.69651286325657
NA,NA,NA
660.420286283196,333.846429218103,3.56550693977707
453.445466218703,299.636895943307,3.67608383520762
12.6169515717596,494.544546372383,3.53543175592531
561.652042718988,56.5832568067374,4.20775097900739
67.9505731416085,374.942305988225,3.97670248237978
230.731422362886,410.099185781022,3.83410312057193
431.202410911753,14.228789219919,3.2415503344517
362.01022664387,292.986499333615,3.0305662455289
602.412103411731,103.839988731052,4.29394757640634
394.825522358713,226.647102469191,4.1303764050884
556.734892564846,406.510173905923,4.74448691634943
138.546382682622,279.783920569401,4.53658362550687
197.658833870407,372.036156244715,3.88611756722374
125.086382855882,415.26331458668,3.43498571164255
629.34273417731,316.05238368687,4.58469711884695
1.41142843174952,146.465559358293,4.36976539196999
545.167643024658,203.191973959161,4.18983260274137
34.2257526875276,490.680518720049,3.22346610043637
275.087998039444,20.9790981034552,3.93281401703748
531.804957933123,391.923176843365,3.26867541407808
72.4855593738454,84.6799120101465,5.13745201959807
5.38603560698552,75.3182939356534,3.49650196346158
584.671889077177,225.040490902994,4.07144371001247
448.499834418058,459.369123987233,4.81017660551981
657.539269523237,371.168045293517,2.83304667865498
105.285894916071,492.18641463021,4.32544531861612
625.976341004967,90.7321275511837,4.0903163145725
421.412957855271,264.073242769238,3.59526818337228
12.4669789386728,181.110214613342,3.02300422970099
68.8653743583853,124.096146135649,4.29485545248285
607.14651409937,206.609642293267,4.38363724552947
261.332911410808,216.245864216766,3.97707220627167
571.418658683608,435.196033050559,3.888283656934
296.399801111327,135.280313896661,3.5554607408589
533.339351574917,452.386959789133,3.706762168788
48.2229810020742,414.171478197681,4.21147810415022
198.840271689511,279.405475504628,3.65062928905593
557.906074738001,260.898747431181,3.62678808438792
183.144049087694,32.1879629270645,4.23826077783546
509.542083534968,339.893423508434,4.47373523183043
25.2670012019941,49.9966068382674,3.9635704456012
523.123076839914,150.811481884496,4.69651286325657
NA,NA,NA
660.420286283196,333.846429218103,3.56550693977707
453.445466218703,299.636895943307,3.67608383520762
12.6169515717596,494.544546372383,3.53543175592531
561.652042718988,56.5832568067374,4.20775097900739
67.9505731416085,374.942305988225,3.97670248237978
230.731422362886,410.099185781022,3.83410312057193
431.202410911753,14.228789219919,3.2415503344517
362.01022664387,292.986499333615,3.0305662455289
602.412103411731,103.839988731052,4.29394757640634
394.825522358713,226.647102469191,4.1303764050884
556.734892564846,406.510173905923,4.74448691634943
138.546382682622,279.783920569401,4.53658362550687
197.658833870407,372.036156244715,3.88611756722374
125.086382855882,415.26331458668,3.43498571164255
629.34273417731,316.05238368687,4.58469711884695
1.41142843174952,146.465559358293,4.36976539196999
545.167643024658,203.191973959161,4.18983260274137
34.2257526875276,490.680518720049,3.22346610043637
275.087998039444,20.9790981034552,3.93281401703748
531.804957933123,391.923176843365,3.26867541407808
72.4855593738454,84.6799120101465,5.13745201959807
5.38603560698552,75.3182939356534,3.49650196346158
584.671889077177,225.040490902994,4.07144371001247
448.499834418058,459.369123987233,4.81017660551981
657.539269523237,371.168045293517,2.83304667865498
105.285894916071,492.18641463021,4.32544531861612
625.976341004967,90.7321275511837,4.0903163145725
421.412957855271,264.073242769238,3.59526818337228
12.4669789386728,181.110214613342,3.02300422970099
68.8653743583853,124.096146135649,4.29485545248285
607.14651409937,206.609642293267,4.38363724552947
261.332911410808,216.245864216766,3.97707220627167
571.418658683608,435.196033050559,3.888283656934
296.399801111327,135.280313896661,3.5554607408589
533.339351574917,452.386959789133,3.706762168788
48.2229810020742,414.171478197681,4.21147810415022
198.840271689511,279.405475504628,3.65062928905593
557.906074738001,260.898747431181,3.62678808438792
183.144049087694,32.1879629270645,4.23826077783546
509.542083534968,339.893423508434,4.47373523183043
25.2670012019941,49.9966068382674,3.9635704456012
523.123076839914,150.811481884496,4.69651286325657
NA,NA,NA
659.583593404757,331.856902678338,3.48933850847843
456.795520759259,296.728808253615,3.45000042392392
7.72959452765533,494.953239687904,3.67530124381379
558.026606228384,50.5901898527481,4.21286694456528
70.3532675953788,376.030404429201,3.87631824827498
227.433633988287,412.201496822576,3.84875638962747
428.46425241025,11.2414860307,3.14297715597567
362.050267208107,294.145207952811,3.09188771650436
609.796490417853,108.761976076269,4.28655583007737
391.435721649398,224.220661871583,4.2694883155619
565.829197483931,409.372054540398,4.72205167391272
142.000239542964,290.322409944208,4.67399713864845
197.971662357399,376.517414152167,4.01580975820468
124.87646947587,411.649268894748,3.52717684201263
627.682785034328,311.640611083498,4.5764604940319
1.01934645844534,149.141091534993,4.28912803131822
539.557143294322,200.453675897002,4.18862282025334
34.1715173497464,492.030128229287,2.92397295852466
280.719667932373,24.5419202004499,3.83481855144031
532.473930475535,393.472473200381,3.18749845173135
75.9919405957137,81.9915093370611,5.19242122260654
2.37412987377439,80.4300895151481,3.65370770041117
589.508348643377,225.670916453631,3.92864330643896
440.570066170938,460.59346124519,4.78159702821276
657.671935282245,372.724856579153,3.15072658016546
105.114050686288,482.79623519837,4.24922736810257
625.014804452295,91.1473340997055,4.1216580670301
424.59640100591,261.364405934579,3.60249518966419
11.6900136763923,181.297243242055,3.28068412856162
75.0238574916903,104.832549171871,4.41293168808021
621.318322469828,205.597355677105,4.26252294184973
256.266946356457,224.226264055106,3.68395521100113
576.37474622129,440.413534394569,3.62230281928822
297.306115249157,138.716210255,3.79041118952539
529.282180847935,452.646645435001,3.42606952325165
43.5724108652,419.472212107035,4.29721986330147
205.655982592274,284.256684052106,4.43733477851867
558.643468198117,263.712818926367,3.76787923168591
173.308788059545,33.0538465090094,4.2980260067851
504.120302050766,341.164673089122,4.54300900368332
41.0725566265226,49.5983606204556,4.05390570447694
528.774424234362,141.45329763411,5.29871526613327
NA,NA,NA
659.583593404757,331.856902678338,3.48933850847843
456.795520759259,296.728808253615,3.45000042392392
7.72959452765533,494.953239687904,3.67530124381379
558.026606228384,50.5901898527481,4.21286694456528
70.3532675953788,376.030404429201,3.87631824827498
227.433633988287,412.201496822576,3.84875638962747
428.46425241025,11.2414860307,3.14297715597567
362.050267208107,294.145207952811,3.09188771650436
609.796490417853,108.761976076269,4.28655583007737
391.435721649398,224.220661871583,4.2694883155619
565.829197483931,409.372054540398,4.72205167391272
142.000239542964,290.322409944208,4.67399713864845
197.971662357399,376.517414152167,4.01580975820468
124.87646947587,411.649268894748,3.52717684201263
627.682785034328,311.640611083498,4.5764604940319
1.01934645844534,149.141091534993,4.28912803131822
539.557143294322,200.453675897002,4.18862282025334
34.1715173497464,492.030128229287,2.92397295852466
280.719667932373,24.5419202004499,3.83481855144031
532.473930475535,393.472473200381,3.18749845173135
75.9919405957137,81.9915093370611,5.19242122260654
2.37412987377439,80.4300895151481,3.65370770041117
589.508348643377,225.670916453631,3.92864330643896
440.570066170938,460.59346124519,4.78159702821276
657.671935282245,372.724856579153,3.15072658016546
105.114050686288,482.79623519837,4.24922736810257
625.014804452295,91.1473340997055,4.1216580670301
424.59640100591,261.364405934579,3.60249518966419
11.6900136763923,181.297243242055,3.28068412856162
75.0238574916903,104.832549171871,4.41293168808021
621.318322469828,205.597355677105,4.26252294184973
256.266946356457,224.226264055106,3.68395521100113
576.37474622129,440.413534394569,3.62230281928822
297.306115249157,138.716210255,3.79041118952539
529.282180847935,452.646645435001,3.42606952325165
43.5724108652,419.472212107035,4.29721986330147
205.655982592274,284.256684052106,4.43733477851867
558.643468198117,263.712818926367,3.76787923168591
173.308788059545,33.0538465090094,4.2980260067851
504.120302050766,341.164673089122,4.54300900368332
41.0725566265226,49.5983606204556,4.05390570447694
528.774424234362,141.45329763411,5.29871526613327
NA,NA,NA
659.583593404757,331.856902678338,3.48933850847843
456.795520759259,296.728808253615,3.45000042392392
7.72959452765533,494.953239687904,3.67530124381379
558.026606228384,50.5901898527481,4.21286694456528
70.3532675953788,376.030404429201,3.87631824827498
227.433633988287,412.201496822576,3.84875638962747
428.46425241025,11.2414860307,3.14297715597567
362.050267208107,294.145207952811,3.09188771650436
609.796490417853,108.761976076269,4.28655583007737
391.435721649398,224.220661871583,4.2694883155619
565.829197483931,409.372054540398,4.72205167391272
142.000239542964,290.322409944208,4.67399713864845
197.971662357399,376.517414152167,4.01580975820468
124.87646947587,411.649268894748,3.52717684201263
627.682785034328,311.640611083498,4.5764604940319
1.01934645844534,149.141091534993,4.28912803131822
539.557143294322,200.453675897002,4.18862282025334
34.1715173497464,492.030128229287,2.92397295852466
280.719667932373,24.5419202004499,3.83481855144031
532.473930475535,393.472473200381,3.18749845173135
75.9919405957137,81.9915093370611,5.19242122260654
2.37412987377439,80.4300895151481,3.65370770041117
589.508348643377,225.670916453631,3.92864330643896
440.570066170938,460.59346124519,4.78159702821276
657.671935282245,372.724856579153,3.15072658016546
105.114050686288,482.79623519837,4.24922736810257
625.014804452295,91.1473340997055,4.1216580670301
424.59640100591,261.364405934579,3.60249518966419
11.6900136763923,181.297243242055,3.28068412856162
75.0238574916903,104.832549171871,4.41293168808021
621.318322469828,205.597355677105,4.26252294184973
256.266946356457,224.226264055106,3.68395521100113
576.37474622129,440.413534394569,3.62230281928822
297.306115249157,138.716210255,3.79041118952539
529.282180847935,452.646645435001,3.42606952325165
43.5724108652,419.472212107035,4.29721986330147
205.655982592274,284.256684052106,4.43733477851867
558.643468198117,263.712818926367,3.76787923168591
173.308788059545,33.0538465090094,4.2980260067851
504.120302050766,341.164673089122,4.54300900368332
41.0725566265226,49.5983606204556,4.05390570447694
528.774424234362,141.45329763411,5.29871526613327
NA,NA,NA
659.583593404757,331.856902678338,3.48933850847843
456.795520759259,296.728808253615,3.45000042392392
7.72959452765533,494.953239687904,3.67530124381379
558.026606228384,50.5901898527481,4.21286694456528
70.3532675953788,376.030404429201,3.87631824827498
227.433633988287,412.201496822576,3.84875638962747
428.46425241025,11.2414860307,3.14297715597567
362.050267208107,294.145207952811,3.09188771650436
609.796490417853,108.761976076269,4.28655583007737
391.435721649398,224.220661871583,4.2694883155619
565.829197483931,409.372054540398,4.72205167391272
142.000239542964,290.322409944208,4.67399713864845
197.971662357399,376.517414152167,4.01580975820468
124.87646947587,411.649268894748,3.52717684201263
627.682785034328,311.640611083498,4.5764604940319
1.01934645844534,149.141091534993,4.28912803131822
539.557143294322,200.453675897002,4.18862282025334
34.1715173497464,492.030128229287,2.92397295852466
280.719667932373,24.5419202004499,3.83481855144031
532.473930475535,393.472473200381,3.18749845173135
75.9919405957137,81.9915093370611,5.19242122260654
2.37412987377439,80.4300895151481,3.65370770041117
589.508348643377,225.670916453631,3.92864330643896
440.570066170938,460.59346124519,4.78159702821276
657.671935282245,372.724856579153,3.15072658016546
105.114050686288,482.79623519837,4.24922736810257
625.014804452295,91.1473340997055,4.1216580670301
424.59640100591,261.364405934579,3.60249518966419
11.6900136763923,181.297243242055,3.28068412856162
75.0238574916903,104.832549171871,4.41293168808021
621.318322469828,205.597355677105,4.26252294184973
256.266946356457,224.226264055106,3.68395521100113
576.37474622129,440.413534394569,3.62230281928822
297.306115249157,138.716210255,3.79041118952539
529.282180847935,452.646645435001,3.42606952325165
43.5724108652,419.472212107035,4.29721986330147
205.655982592274,284.256684052106,4.43733477851867
558.643468198117,263.712818926367,3.76787923168591
173.308788059545,33.0538465090094,4.2980260067851
504.120302050766,341.164673089122,4.54300900368332
41.0725566265226,49.5983606204556,4.05390570447694
528.774424234362,141.45329763411,5.29871526613327
NA,NA,NA
659.583593404757,331.856902678338,3.48933850847843
456.795520759259,296.728808253615,3.45000042392392
7.72959452765533,494.953239687904,3.67530124381379
558.026606228384,50.5901898527481,4.21286694456528
70.3532675953788,376.030404429201,3.87631824827498
227.433633988287,412.201496822576,3.84875638962747
428.46425241025,11.2414860307,3.14297715597567
362.050267208107,294.145207952811,3.09188771650436
609.796490417853,108.761976076269,4.28655583007737
391.435721649398,224.220661871583,4.2694883155619
565.829197483931,409.372054540398,4.72205167391272
142.000239542964,290.322409944208,4.67399713864845
197.971662357399,376.517414152167,4.01580975820468
124.87646947587,411.649268894748,3.52717684201263
627.682785034328,311.640611083498,4.5764604940319
1.01934645844534,149.141091534993,4.28912803131822
539.557143294322,200.453675897002,4.18862282025334
34.1715173497464,492.030128229287,2.92397295852466
280.719667932373,24.5419202004499,3.83481855144031
532.473930475535,393.472473200381,3.18749845173135
75.9919405957137,81.9915093370611,5.19242122260654
2.37412987377439,80.4300895151481,3.65370770041117
589.508348643377,225.670916453631,3.92864330643896
440.570066170938,460.59346124519,4.78159702821276
657.671935282245,372.724856579153,3.15072658016546
105.114050686288,482.79623519837,4.24922736810257
625.014804452295,91.1473340997055,4.1216580670301
424.59640100591,261.364405934579,3.60249518966419
11.6900136763923,181.297243242055,3.28068412856162
75.0238574916903,104.832549171871,4.41293168808021
621.318322469828,205.597355677105,4.26252294184973
256.266946356457,224.226264055106,3.68395521100113
576.37474622129,440.413534394569,3.62230281928822
297.306115249157,138.716210255,3.79041118952539
529.282180847935,452.646645435001,3.42606952325165
43.5724108652,419.472212107035,4.29721986330147
205.655982592274,284.256684052106,4.43733477851867
558.643468198117,263.712818926367,3.76787923168591
173.308788059545,33.0538465090094,4.2980260067851
504.120302050766,341.164673089122,4.54300900368332
41.0725566265226,49.5983606204556,4.05390570447694
528.774424234362,141.45329763411,5.29871526613327
NA,NA,NA
659.583593404757,331.856902678338,3.48933850847843
456.795520759259,296.728808253615,3.45000042392392
7.72959452765533,494.953239687904,3.67530124381379
558.026606228384,50.5901898527481,4.21286694456528
70.3532675953788,376.030404429201,3.87631824827498
227.433633988287,412.201496822576,3.84875638962747
428.46425241025,11.2414860307,3.14297715597567
362.050267208107,294.145207952811,3.09188771650436
609.796490417853,108.761976076269,4.28655583007737
391.435721649398,224.220661871583,4.2694883155619
565.829197483931,409.372054540398,4.72205167391272
142.000239542964,290.322409944208,4.67399713864845
197.971662357399,376.517414152167,4.01580975820468
124.87646947587,411.649268894748,3.52717684201263
627.682785034328,311.640611083498,4.5764604940319
1.01934645844534,149.141091534993,4.28912803131822
539.557143294322,200.453675897002,4.18862282025334
34.1715173497464,492.030128229287,2.92397295852466
280.719667932373,24.5419202004499,3.83481855144031
532.473930475535,393.472473200381,3.18749845173135
75.9919405957137,81.9915093370611,5.19242122260654
2.37412987377439,80.4300895151481,3.65370770041117
589.508348643377,225.670916453631,3.92864330643896
440.570066170938,460.59346124519,4.78159702821276
657.671935282245,372.724856579153,3.15072658016546
105.114050686288,482.79623519837,4.24922736810257
625.014804452295,91.1473340997055,4.1216580670301
424.59640100591,261.364405934579,3.60249518966419
11.6900136763923,181.297243242055,3.28068412856162
75.0238574916903,104.832549171871,4.41293168808021
621.318322469828,205.597355677105,4.26252294184973
256.266946356457,224.226264055106,3.68395521100113
576.37474622129,440.413534394569,3.62230281928822
297.306115249157,138.716210255,3.79041118952539
529.282180847935,452.646645435001,3.42606952325165
43.5724108652,419.472212107035,4.29721986330147
205.655982592274,284.256684052106,4.43733477851867
558.643468198117,263.712818926367,3.76787923168591
173.308788059545,33.0538465090094,4.2980260067851
504.120302050766,341.164673089122,4.54300900368332
41.0725566265226,49.5983606204556,4.05390570447694
528.774424234362,141.45329763411,5.29871526613327
NA,NA,NA
661.108213945529,333.368712103972,3.49699064009447
454.159168115182,297.588474283967,3.5453821684182
9.91421571651973,496.737685117563,3.59295947283251
562.428377770356,45.7708865842133,4.2420570377022
71.9687206529534,377.434181135511,4.10532474262305
228.797890516074,407.3271711417,3.99030429915179
427.441774397656,11.922644349464,3.21514490434136
362.008015181647,291.313102960514,3.07858668951389
604.810779481283,103.897846449318,4.16659497596745
389.052784061436,227.222139144032,4.18069094910133
572.955969163248,406.991282384095,4.72242672029955
140.517905603958,279.644048534435,4.61472723097104
197.517391701246,371.523086646726,4.10629542228579
126.64881428398,414.758790798751,3.47717619721557
625.372691466264,311.856759498843,4.67523810709556
-2.88903306985874,148.237367559046,4.13265386111174
544.510557390334,200.875810849921,4.18485139197705
33.296942103956,493.120774507638,3.12256789944139
277.091153942275,21.2262108633637,3.83414972809176
535.048952306019,391.762678383825,3.39387721212836
73.1308155739398,73.5446999347162,5.06028620866607
6.31198439289806,76.4940774969702,3.4138304308813
585.166938669283,228.546932620187,3.96795124943676
450.24506110014,456.241022801468,4.82498429337975
657.739260814645,376.465686958407,3.05752462763602
103.590646535739,489.239318283729,4.43301708077386
626.970273076881,90.186812724111,4.09457533005851
421.012251856447,257.919688470156,3.50359059516371
12.4687533019689,182.631610509342,3.18607749479331
66.2369055586933,104.619805804263,4.56842931742921
609.930040255397,187.693335537482,4.33022062641474
250.59109229715,226.928659592832,3.81732922725573
571.60320852144,432.386947324062,3.72619135613944
299.711079437573,132.578065460132,3.88229443693299
528.350587984418,457.846086275093,3.56490886411041
45.3922665412954,413.341833185251,3.6295846131713
199.43588840185,288.334830940535,4.43995657878053
552.961454861285,260.834960808534,3.8190508322854
173.310118360222,17.9585029021931,4.2788552083702
500.364403571458,346.818877696029,4.73182459723915
47.4874388070954,56.0250003683507,3.82299158845887
535.94559111647,135.340747532922,4.67661870173073
NA,NA,NA
661.108213945529,333.368712103972,3.49699064009447
454.159168115182,297.588474283967,3.5453821684182
9.91421571651973,496.737685117563,3.59295947283251
562.428377770356,45.7708865842133,4.2420570377022
71.9687206529534,377.434181135511,4.10532474262305
228.797890516074,407.3271711417,3.99030429915179
427.441774397656,11.922644349464,3.21514490434136
362.008015181647,291.313102960514,3.07858668951389
604.810779481283,103.897846449318,4.16659497596745
389.052784061436,227.222139144032,4.18069094910133
572.955969163248,406.991282384095,4.72242672029955
140.517905603958,279.644048534435,4.61472723097104
197.517391701246,371.523086646726,4.10629542228579
126.64881428398,414.758790798751,3.47717619721557
625.372691466264,311.856759498843,4.67523810709556
-2.88903306985874,148.237367559046,4.13265386111174
544.510557390334,200.875810849921,4.18485139197705
33.296942103956,493.120774507638,3.12256789944139
277.091153942275,21.2262108633637,3.83414972809176
535.048952306019,391.762678383825,3.39387721212836
73.1308155739398,73.5446999347162,5.06028620866607
6.31198439289806,76.4940774969702,3.4138304308813
585.166938669283,228.546932620187,3.96795124943676
450.24506110014,456.241022801468,4.82498429337975
657.739260814645,376.465686958407,3.05752462763602
103.590646535739,489.239318283729,4.43301708077386
626.970273076881,90.186812724111,4.09457533005851
421.012251856447,257.919688470156,3.50359059516371
12.4687533019689,182.631610509342,3.18607749479331
66.2369055586933,104.619805804263,4.56842931742921
609.930040255397,187.693335537482,4.33022062641474
250.59109229715,226.928659592832,3.81732922725573
571.60320852144,432.386947324062,3.72619135613944
299.711079437573,132.578065460132,3.88229443693299
528.350587984418,457.846086275093,3.56490886411041
45.3922665412954,413.341833185251,3.6295846131713
199.43588840185,288.334830940535,4.43995657878053
552.961454861285,260.834960808534,3.8190508322854
173.310118360222,17.9585029021931,4.2788552083702
500.364403571458,346.818877696029,4.73182459723915
47.4874388070954,56.0250003683507,3.82299158845887
535.94559111647,135.340747532922,4.67661870173073
NA,NA,NA
661.108213945529,333.368712103972,3.49699064009447
454.159168115182,297.588474283967,3.5453821684182
9.91421571651973,496.737685117563,3.59295947283251
562.428377770356,45.7708865842133,4.2420570377022
71.9687206529534,377.434181135511,4.10532474262305
228.797890516074,407.3271711417,3.99030429915179
427.441774397656,11.922644349464,3.21514490434136
362.008015181647,291.313102960514,3.07858668951389
604.810779481283,103.897846449318,4.16659497596745
389.052784061436,227.222139144032,4.18069094910133
572.955969163248,406.991282384095,4.72242672029955
140.517905603958,279.644048534435,4.61472723097104
197.517391701246,371.523086646726,4.10629542228579
126.64881428398,414.758790798751,3.47717619721557
625.372691466264,311.856759498843,4.67523810709556
-2.88903306985874,148.237367559046,4.13265386111174
544.510557390334,200.875810849921,4.18485139197705
33.296942103956,493.120774507638,3.12256789944139
277.091153942275,21.2262108633637,3.83414972809176
535.048952306019,391.762678383825,3.39387721212836
73.1308155739398,73.5446999347162,5.06028620866607
6.31198439289806,76.4940774969702,3.4138304308813
585.166938669283,228.546932620187,3.96795124943676
450.24506110014,456.241022801468,4.82498429337975
657.739260814645,376.465686958407,3.05752462763602
103.590646535739,489.239318283729,4.43301708077386
626.970273076881,90.186812724111,4.09457533005851
421.012251856447,257.919688470156,3.50359059516371
12.4687533019689,182.631610509342,3.18607749479331
66.2369055586933,104.619805804263,4.56842931742921
609.930040255397,187.693335537482,4.33022062641474
250.59109229715,226.928659592832,3.81732922725573
571.60320852144,432.386947324062,3.72619135613944
299.711079437573,132.578065460132,3.88229443693299
528.350587984418,457.846086275093,3.56490886411041
45.3922665412954,413.341833185251,3.6295846131713
199.43588840185,288.334830940535,4.43995657878053
552.961454861285,260.834960808534,3.8190508322854
173.310118360222,17.9585029021931,4.2788552083702
500.364403571458,346.818877696029,4.73182459723915
47.4874388070954,56.0250003683507,3.82299158845887
535.94559111647,135.340747532922,4.67661870173073
NA,NA,NA
661.108213945529,333.368712103972,3.49699064009447
454.159168115182,297.588474283967,3.5453821684182
9.91421571651973,496.737685117563,3.59295947283251
562.428377770356,45.7708865842133,4.2420570377022
71.9687206529534,377.434181135511,4.10532474262305
228.797890516074,407.3271711417,3.99030429915179
427.441774397656,11.922644349464,3.21514490434136
362.008015181647,291.313102960514,3.07858668951389
604.810779481283,103.897846449318,4.16659497596745
389.052784061436,227.222139144032,4.18069094910133
572.955969163248,406.991282384095,4.72242672029955
140.517905603958,279.644048534435,4.61472723097104
197.517391701246,371.523086646726,4.10629542228579
126.64881428398,414.758790798751,3.47717619721557
625.372691466264,311.856759498843,4.67523810709556
-2.88903306985874,148.237367559046,4.13265386111174
544.510557390334,200.875810849921,4.18485139197705
33.296942103956,493.120774507638,3.12256789944139
277.091153942275,21.2262108633637,3.83414972809176
535.048952306019,391.762678383825,3.39387721212836
73.1308155739398,73.5446999347162,5.06028620866607
6.31198439289806,76.4940774969702,3.4138304308813
585.166938669283,228.546932620187,3.96795124943676
450.24506110014,456.241022801468,4.82498429337975
657.739260814645,376.465686958407,3.05752462763602
103.590646535739,489.239318283729,4.43301708077386
626.970273076881,90.186812724111,4.09457533005851
421.012251856447,257.919688470156,3.50359059516371
12.4687533019689,182.631610509342,3.18607749479331
66.2369055586933,104.619805804263,4.56842931742921
609.930040255397,187.693335537482,4.33022062641474
250.59109229715,226.928659592832,3.81732922725573
571.60320852144,432.386947324062,3.72619135613944
299.711079437573,132.578065460132,3.88229443693299
528.350587984418,457.846086275093,3.56490886411041
45.3922665412954,413.341833185251,3.6295846131713
199.43588840185,288.334830940535,4.43995657878053
552.961454861285,260.834960808534,3.8190508322854
173.310118360222,17.9585029021931,4.2788552083702
500.364403571458,346.818877696029,4.73182459723915
47.4874388070954,56.0250003683507,3.82299158845887
535.94559111647,135.340747532922,4.67661870173073
NA,NA,NA
661.108213945529,333.368712103972,3.49699064009447
454.159168115182,297.588474283967,3.5453821684182
9.91421571651973,496.737685117563,3.59295947283251
562.428377770356,45.7708865842133,4.2420570377022
71.9687206529534,377.434181135511,4.10532474262305
228.797890516074,407.3271711417,3.99030429915179
427.441774397656,11.922644349464,3.21514490434136
362.008015181647,291.313102960514,3.07858668951389
604.810779481283,103.897846449318,4.16659497596745
389.052784061436,227.222139144032,4.18069094910133
572.955969163248,406.991282384095,4.72242672029955
140.517905603958,279.644048534435,4.61472723097104
197.517391701246,371.523086646726,4.10629542228579
126.64881428398,414.758790798751,3.47717619721557
625.372691466264,311.856759498843,4.67523810709556
-2.88903306985874,148.237367559046,4.13265386111174
544.510557390334,200.875810849921,4.18485139197705
33.296942103956,493.120774507638,3.12256789944139
277.091153942275,21.2262108633637,3.83414972809176
535.048952306019,391.762678383825,3.39387721212836
73.1308155739398,73.5446999347162,5.06028620866607
6.31198439289806,76.4940774969702,3.4138304308813
585.166938669283,228.546932620187,3.96795124943676
450.24506110014,456.241022801468,4.82498429337975
657.739260814645,376.465686958407,3.05752462763602
103.590646535739,489.239318283729,4.43301708077386
626.970273076881,90.186812724111,4.09457533005851
421.012251856447,257.919688470156,3.50359059516371
12.4687533019689,182.631610509342,3.18607749479331
66.2369055586933,104.619805804263,4.56842931742921
609.930040255397,187.693335537482,4.33022062641474
250.59109229715,226.928659592832,3.81732922725573
571.60320852144,432.386947324062,3.72619135613944
299.711079437573,132.578065460132,3.88229443693299
528.350587984418,457.846086275093,3.56490886411041
45.3922665412954,413.341833185251,3.6295846131713
199.43588840185,288.334830940535,4.43995657878053
552.961454861285,260.834960808534,3.8190508322854
173.310118360222,17.9585029021931,4.2788552083702
500.364403571458,346.818877696029,4.73182459723915
47.4874388070954,56.0250003683507,3.82299158845887
535.94559111647,135.340747532922,4.67661870173073
NA,NA,NA
661.108213945529,333.368712103972,3.49699064009447
454.159168115182,297.588474283967,3.5453821684182
9.91421571651973,496.737685117563,3.59295947283251
562.428377770356,45.7708865842133,4.2420570377022
71.9687206529534,377.434181135511,4.10532474262305
228.797890516074,407.3271711417,3.99030429915179
427.441774397656,11.922644349464,3.21514490434136
362.008015181647,291.313102960514,3.07858668951389
604.810779481283,103.897846449318,4.16659497596745
389.052784061436,227.222139144032,4.18069094910133
572.955969163248,406.991282384095,4.72242672029955
140.517905603958,279.644048534435,4.61472723097104
197.517391701246,371.523086646726,4.10629542228579
126.64881428398,414.758790798751,3.47717619721557
625.372691466264,311.856759498843,4.67523810709556
-2.88903306985874,148.237367559046,4.13265386111174
544.510557390334,200.875810849921,4.18485139197705
33.296942103956,493.120774507638,3.12256789944139
277.091153942275,21.2262108633637,3.83414972809176
535.048952306019,391.762678383825,3.39387721212836
73.1308155739398,73.5446999347162,5.06028620866607
6.31198439289806,76.4940774969702,3.4138304308813
585.166938669283,228.546932620187,3.96795124943676
450.24506110014,456.241022801468,4.82498429337975
657.739260814645,376.465686958407,3.05752462763602
103.590646535739,489.239318283729,4.43301708077386
626.970273076881,90.186812724111,4.09457533005851
421.012251856447,257.919688470156,3.50359059516371
12.4687533019689,182.631610509342,3.18607749479331
66.2369055586933,104.619805804263,4.56842931742921
609.930040255397,187.693335537482,4.33022062641474
250.59109229715,226.928659592832,3.81732922725573
571.60320852144,432.386947324062,3.72619135613944
299.711079437573,132.578065460132,3.88229443693299
528.350587984418,457.846086275093,3.56490886411041
45.3922665412954,413.341833185251,3.6295846131713
199.43588840185,288.334830940535,4.43995657878053
552.961454861285,260.834960808534,3.8190508322854
173.310118360222,17.9585029021931,4.2788552083702
500.364403571458,346.818877696029,4.73182459723915
47.4874388070954,56.0250003683507,3.82299158845887
535.94559111647,135.340747532922,4.67661870173073
NA,NA,NA
664.201526977838,338.315456023483,3.49286537753176
455.775865300163,296.436190474538,3.54788057664568
7.88385963201206,493.257972024765,3.5266721345785
558.522095356887,48.9521676422059,4.13139221844428
73.8639768611999,372.960659501429,3.80275169865555
228.077541618946,412.944742008877,4.02834867844029
431.019112480217,13.7877330085802,3.30015032434622
363.333231823451,292.290584868375,2.95828116626041
604.024019899982,104.542890413035,4.13303399448222
392.535761956559,229.020914602604,4.26778554929368
565.720961065444,412.926357618347,4.74813108670095
136.41051863158,283.942148008001,4.39422836679408
196.877741747861,366.799113592173,3.98095762033767
123.896140747869,409.012012557714,3.38055531374053
625.232104973593,311.202030095225,4.58107136802182
-3.54602446649722,150.205743674954,4.23547630309296
540.238611028507,205.621455529259,4.01496774343462
34.415044843361,493.431483098228,2.87637412267105
280.783900036729,24.6946201632022,3.81623072382251
532.83603744026,393.496916528724,3.19139251597406
70.0262479289606,80.474330901951,5.19269917104279
5.9673390298822,76.1459948285728,3.61791817878586
589.613415120188,226.15374780299,3.98232743642662
438.795375950177,462.000437815267,4.69823684885921
658.325097733141,374.60759855469,3.02626982795475
100.086326830294,482.613967175964,4.31883879079512
629.093346730052,87.3070581174548,4.08113892707815
416.936744098189,258.64258436369,3.59870317976261
10.9055929818914,181.078768520995,3.20116162507533
69.6921475445574,118.455642057644,4.47573460869
605.803294953872,210.468282839494,4.26820084484822
251.410569879449,208.546486089358,4.0642643291282
574.261814832838,432.440910421725,3.734968238629
298.561743699654,142.600703824275,3.8453246733916
540.880013582233,457.831858353395,3.58848768336642
49.6950729927823,423.862098413814,3.86634817373316
197.885578215552,293.303461582967,4.09120972634156
560.778120778228,272.1584748032,3.90420879344803
170.010991791244,32.1622515939749,4.63409439805481
502.715808731621,344.024147355693,4.79027533689871
31.4735480642547,58.2723782614328,3.76857601775906
519.293874908163,152.540782207373,4.445414190492
NA,NA,NA
664.201526977838,338.315456023483,3.49286537753176
455.775865300163,296.436190474538,3.54788057664568
7.88385963201206,493.257972024765,3.5266721345785
558.522095356887,48.9521676422059,4.13139221844428
73.8639768611999,372.960659501429,3.80275169865555
228.077541618946,412.944742008877,4.02834867844029
431.019112480217,13.7877330085802,3.30015032434622
363.333231823451,292.290584868375,2.95828116626041
604.024019899982,104.542890413035,4.13303399448222
392.535761956559,229.020914602604,4.26778554929368
565.720961065444,412.926357618347,4.74813108670095
136.41051863158,283.942148008001,4.39422836679408
196.877741747861,366.799113592173,3.98095762033767
123.896140747869,409.012012557714,3.38055531374053
625.232104973593,311.202030095225,4.58107136802182
-3.54602446649722,150.205743674954,4.23547630309296
540.238611028507,205.621455529259,4.01496774343462
34.415044843361,493.431483098228,2.87637412267105
280.783900036729,24.6946201632022,3.81623072382251
532.83603744026,393.496916528724,3.19139251597406
70.0262479289606,80.474330901951,5.19269917104279
5.9673390298822,76.1459948285728,3.61791817878586
589.613415120188,226.15374780299,3.98232743642662
438.795375950177,462.000437815267,4.69823684885921
658.325097733141,374.60759855469,3.02626982795475
100.086326830294,482.613967175964,4.31883879079512
629.093346730052,87.3070581174548,4.08113892707815
416.936744098189,258.64258436369,3.59870317976261
10.9055929818914,181.078768520995,3.20116162507533
69.6921475445574,118.455642057644,4.47573460869
605.803294953872,210.468282839494,4.26820084484822
251.410569879449,208.546486089358,4.0642643291282
574.261814832838,432.440910421725,3.734968238629
298.561743699654,142.600703824275,3.8453246733916
540.880013582233,457.831858353395,3.58848768336642
49.6950729927823,423.862098413814,3.86634817373316
197.885578215552,293.303461582967,4.09120972634156
560.778120778228,272.1584748032,3.90420879344803
170.010991791244,32.1622515939749,4.63409439805481
502.715808731621,344.024147355693,4.79027533689871
31.4735480642547,58.2723782614328,3.76857601775906
519.293874908163,152.540782207373,4.445414190492
NA,NA,NA
664.201526977838,338.315456023483,3.49286537753176
455.775865300163,296.436190474538,3.54788057664568
7.88385963201206,493.257972024765,3.5266721345785
558.522095356887,48.9521676422059,4.13139221844428
73.8639768611999,372.960659501429,3.80275169865555
228.077541618946,412.944742008877,4.02834867844029
431.019112480217,13.7877330085802,3.30015032434622
363.333231823451,292.290584868375,2.95828116626041
604.024019899982,104.542890413035,4.13303399448222
392.535761956559,229.020914602604,4.26778554929368
565.720961065444,412.926357618347,4.74813108670095
136.41051863158,283.942148008001,4.39422836679408
196.877741747861,366.799113592173,3.98095762033767
123.896140747869,409.012012557714,3.38055531374053
625.232104973593,311.202030095225,4.58107136802182
-3.54602446649722,150.205743674954,4.23547630309296
540.238611028507,205.621455529259,4.01496774343462
34.415044843361,493.431483098228,2.87637412267105
280.783900036729,24.6946201632022,3.81623072382251
532.83603744026,393.496916528724,3.19139251597406
70.0262479289606,80.474330901951,5.19269917104279
5.9673390298822,76.1459948285728,3.61791817878586
589.613415120188,226.15374780299,3.98232743642662
438.795375950177,462.000437815267,4.69823684885921
658.325097733141,374.60759855469,3.02626982795475
100.086326830294,482.613967175964,4.31883879079512
629.093346730052,87.3070581174548,4.08113892707815
416.936744098189,258.64258436369,3.59870317976261
10.9055929818914,181.078768520995,3.20116162507533
69.6921475445574,118.455642057644,4.47573460869
605.803294953872,210.468282839494,4.26820084484822
251.410569879449,208.546486089358,4.0642643291282
574.261814832838,432.440910421725,3.734968238629
298.561743699654,142.600703824275,3.8453246733916
540.880013582233,457.831858353395,3.58848768336642
49.6950729927823,423.862098413814,3.86634817373316
197.885578215552,293.303461582967,4.09120972634156
560.778120778228,272.1584748032,3.90420879344803
170.010991791244,32.1622515939749,4.63409439805481
502.715808731621,344.024147355693,4.79027533689871
31.4735480642547,58.2723782614328,3.76857601775906
519.293874908163,152.540782207373,4.445414190492
NA,NA,NA
664.201526977838,338.315456023483,3.49286537753176
455.775865300163,296.436190474538,3.54788057664568
7.88385963201206,493.257972024765,3.5266721345785
558.522095356887,48.9521676422059,4.13139221844428
73.8639768611999,372.960659501429,3.80275169865555
228.077541618946,412.944742008877,4.02834867844029
431.019112480217,13.7877330085802,3.30015032434622
363.333231823451,292.290584868375,2.95828116626041
604.024019899982,104.542890413035,4.13303399448222
392.535761956559,229.020914602604,4.26778554929368
565.720961065444,412.926357618347,4.74813108670095
136.41051863158,283.942148008001,4.39422836679408
196.877741747861,366.799113592173,3.98095762033767
123.896140747869,409.012012557714,3.38055531374053
625.232104973593,311.202030095225,4.58107136802182
-3.54602446649722,150.205743674954,4.23547630309296
540.238611028507,205.621455529259,4.01496774343462
34.415044843361,493.431483098228,2.87637412267105
280.783900036729,24.6946201632022,3.81623072382251
532.83603744026,393.496916528724,3.19139251597406
70.0262479289606,80.474330901951,5.19269917104279
5.9673390298822,76.1459948285728,3.61791817878586
589.613415120188,226.15374780299,3.98232743642662
438.795375950177,462.000437815267,4.69823684885921
658.325097733141,374.60759855469,3.02626982795475
100.086326830294,482.613967175964,4.31883879079512
629.093346730052,87.3070581174548,4.08113892707815
416.936744098189,258.64258436369,3.59870317976261
10.9055929818914,181.078768520995,3.20116162507533
69.6921475445574,118.455642057644,4.47573460869
605.803294953872,210.468282839494,4.26820084484822
251.410569879449,208.546486089358,4.0642643291282
574.261814832838,432.440910421725,3.734968238629
298.561743699654,142.600703824275,3.8453246733916
540.880013582233,457.831858353395,3.58848768336642
49.6950729927823,423.862098413814,3.86634817373316
197.885578215552,293.303461582967,4.09120972634156
560.778120778228,272.1584748032,3.90420879344803
170.010991791244,32.1622515939749,4.63409439805481
502.715808731621,344.024147355693,4.79027533689871
31.4735480642547,58.2723782614328,3.76857601775906
519.293874908163,152.540782207373,4.445414190492
NA,NA,NA
664.201526977838,338.315456023483,3.49286537753176
455.775865300163,296.436190474538,3.54788057664568
7.88385963201206,493.257972024765,3.5266721345785
558.522095356887,48.9521676422059,4.13139221844428
73.8639768611999,372.960659501429,3.80275169865555
228.077541618946,412.944742008877,4.02834867844029
431.019112480217,13.7877330085802,3.30015032434622
363.333231823451,292.290584868375,2.95828116626041
604.024019899982,104.542890413035,4.13303399448222
392.535761956559,229.020914602604,4.26778554929368
565.720961065444,412.926357618347,4.74813108670095
136.41051863158,283.942148008001,4.39422836679408
196.877741747861,366.799113592173,3.98095762033767
123.896140747869,409.012012557714,3.38055531374053
625.232104973593,311.202030095225,4.58107136802182
-3.54602446649722,150.205743674954,4.23547630309296
540.238611028507,205.621455529259,4.01496774343462
34.415044843361,493.431483098228,2.87637412267105
280.783900036729,24.6946201632022,3.81623072382251
532.83603744026,393.496916528724,3.19139251597406
70.0262479289606,80.474330901951,5.19269917104279
5.9673390298822,76.1459948285728,3.61791817878586
589.613415120188,226.15374780299,3.98232743642662
438.795375950177,462.000437815267,4.69823684885921
658.325097733141,374.60759855469,3.02626982795475
100.086326830294,482.613967175964,4.31883879079512
629.093346730052,87.3070581174548,4.08113892707815
416.936744098189,258.64258436369,3.59870317976261
10.9055929818914,181.078768520995,3.20116162507533
69.6921475445574,118.455642057644,4.47573460869
605.803294953872,210.468282839494,4.26820084484822
251.410569879449,208.546486089358,4.0642643291282
574.261814832838,432.440910421725,3.734968238629
298.561743699654,142.600703824275,3.8453246733916
540.880013582233,457.831858353395,3.58848768336642
49.6950729927823,423.862098413814,3.86634817373316
197.885578215552,293.303461582967,4.09120972634156
560.778120778228,272.1584748032,3.90420879344803
170.010991791244,32.1622515939749,4.63409439805481
502.715808731621,344.024147355693,4.79027533689871
31.4735480642547,58.2723782614328,3.76857601775906
519.293874908163,152.540782207373,4.445414190492
NA,NA,NA
664.201526977838,338.315456023483,3.49286537753176
455.775865300163,296.436190474538,3.54788057664568
7.88385963201206,493.257972024765,3.5266721345785
558.522095356887,48.9521676422059,4.13139221844428
73.8639768611999,372.960659501429,3.80275169865555
228.077541618946,412.944742008877,4.02834867844029
431.019112480217,13.7877330085802,3.30015032434622
363.333231823451,292.290584868375,2.95828116626041
604.024019899982,104.542890413035,4.13303399448222
392.535761956559,229.020914602604,4.26778554929368
565.720961065444,412.926357618347,4.74813108670095
136.41051863158,283.942148008001,4.39422836679408
196.877741747861,366.799113592173,3.98095762033767
123.896140747869,409.012012557714,3.38055531374053
625.232104973593,311.202030095225,4.58107136802182
-3.54602446649722,150.205743674954,4.23547630309296
540.238611028507,205.621455529259,4.01496774343462
34.415044843361,493.431483098228,2.87637412267105
280.783900036729,24.6946201632022,3.81623072382251
532.83603744026,393.496916528724,3.19139251597406
70.0262479289606,80.474330901951,5.19269917104279
5.9673390298822,76.1459948285728,3.61791817878586
589.613415120188,226.15374780299,3.98232743642662
438.795375950177,462.000437815267,4.69823684885921
658.325097733141,374.60759855469,3.02626982795475
100.086326830294,482.613967175964,4.31883879079512
629.093346730052,87.3070581174548,4.08113892707815
416.936744098189,258.64258436369,3.59870317976261
10.9055929818914,181.078768520995,3.20116162507533
69.6921475445574,118.455642057644,4.47573460869
605.803294953872,210.468282839494,4.26820084484822
251.410569879449,208.546486089358,4.0642643291282
574.261814832838,432.440910421725,3.734968238629
298.561743699654,142.600703824275,3.8453246733916
540.880013582233,457.831858353395,3.58848768336642
49.6950729927823,423.862098413814,3.86634817373316
197.885578215552,293.303461582967,4.09120972634156
560.778120778228,272.1584748032,3.90420879344803
170.010991791244,32.1622515939749,4.63409439805481
502.715808731621,344.024147355693,4.79027533689871
31.4735480642547,58.2723782614328,3.76857601775906
519.293874908163,152.540782207373,4.445414190492
NA,NA,NA
662.211821355271,332.697181101962,3.35895756850191
458.607532909342,297.975578274397,3.43366240695458
12.482333709228,495.334805467124,3.66814154090223
560.738544091245,48.8964811849791,4.15255383182921
71.5925669349246,373.951199071053,4.02750337376953
233.038242211411,413.291842462532,4.01212792451136
430.342715123781,14.7471640405634,3.32609752955147
361.732803172737,291.666332230107,2.99615872985362
602.746989382592,106.520222786612,4.22954456035697
393.313404427964,225.341471699934,4.07203715198779
567.478663681539,411.168761521174,4.75586541961271
144.864607558399,286.412017166636,4.62326943632998
198.154018984449,373.344456099285,3.90533974400189
120.484180870168,411.897369063397,3.3989988486999
622.876642273137,313.568160313541,4.50036406727724
-2.49352783337008,146.944117021613,4.22553747108156
544.864937303039,203.442326404999,4.13975559552969
35.3828397127076,491.089627386479,3.01162071495419
281.193721658812,18.8959011643544,3.91033789737034
532.963136914194,392.999264826272,3.28863913374259
70.8029489648767,84.9373343350054,5.22094934801317
2.78607614726829,78.517196322818,3.58145781373595
583.376833526939,225.222449414686,4.03354671500049
447.920766172005,466.316871909687,4.66730887255482
660.544489253245,375.138528894394,3.03233134246839
109.978831832114,481.42261778843,4.46501898478801
623.770300487502,85.6816785096962,4.07025306272142
417.875990175078,260.829911177353,3.73024899420378
14.140807320929,181.626034543584,3.231583071316
62.614445363008,122.420796729495,4.41690516285066
612.623237802853,194.17030679032,4.33512296182375
250.10276506175,219.536700424475,4.26440189494614
567.564203011517,430.302133334076,3.91067177990056
303.132392025573,140.049561854003,3.87237565415924
533.224143368944,463.715816030318,3.66580863660293
45.1941464849554,424.801143580212,3.66880880993804
204.416311016138,290.039026375977,4.16273991368495
554.612005941682,266.0462948701,3.84330147771629
157.289519243449,32.907573151161,4.43698188039122
501.79692098852,344.28655306542,4.31130115654806
43.3310443235733,46.7843184196825,3.41180331501575
538.489858209985,152.171003762621,4.39519824685318
NA,NA,NA
662.211821355271,332.697181101962,3.35895756850191
458.607532909342,297.975578274397,3.43366240695458
12.482333709228,495.334805467124,3.66814154090223
560.738544091245,48.8964811849791,4.15255383182921
71.5925669349246,373.951199071053,4.02750337376953
233.038242211411,413.291842462532,4.01212792451136
430.342715123781,14.7471640405634,3.32609752955147
361.732803172737,291.666332230107,2.99615872985362
602.746989382592,106.520222786612,4.22954456035697
393.313404427964,225.341471699934,4.07203715198779
567.478663681539,411.168761521174,4.75586541961271
144.864607558399,286.412017166636,4.62326943632998
198.154018984449,373.344456099285,3.90533974400189
120.484180870168,411.897369063397,3.3989988486999
622.876642273137,313.568160313541,4.50036406727724
-2.49352783337008,146.944117021613,4.22553747108156
544.864937303039,203.442326404999,4.13975559552969
35.3828397127076,491.089627386479,3.01162071495419
281.193721658812,18.8959011643544,3.91033789737034
532.963136914194,392.999264826272,3.28863913374259
70.8029489648767,84.9373343350054,5.22094934801317
2.78607614726829,78.517196322818,3.58145781373595
583.376833526939,225.222449414686,4.03354671500049
447.920766172005,466.316871909687,4.66730887255482
660.544489253245,375.138528894394,3.03233134246839
109.978831832114,481.42261778843,4.46501898478801
623.770300487502,85.6816785096962,4.07025306272142
417.875990175078,260.829911177353,3.73024899420378
14.140807320929,181.626034543584,3.231583071316
62.614445363008,122.420796729495,4.41690516285066
612.623237802853,194.17030679032,4.33512296182375
250.10276506175,219.536700424475,4.26440189494614
567.564203011517,430.302133334076,3.91067177990056
303.132392025573,140.049561854003,3.87237565415924
533.224143368944,463.715816030318,3.66580863660293
45.1941464849554,424.801143580212,3.66880880993804
204.416311016138,290.039026375977,4.16273991368495
554.612005941682,266.0462948701,3.84330147771629
157.289519243449,32.907573151161,4.43698188039122
501.79692098852,344.28655306542,4.31130115654806
43.3310443235733,46.7843184196825,3.41180331501575
538.489858209985,152.171003762621,4.39519824685318
NA,NA,NA
662.211821355271,332.697181101962,3.35895756850191
458.607532909342,297.975578274397,3.43366240695458
12.482333709228,495.334805467124,3.66814154090223
560.738544091245,48.8964811849791,4.15255383182921
71.5925669349246,373.951199071053,4.02750337376953
233.038242211411,413.291842462532,4.01212792451136
430.342715123781,14.7471640405634,3.32609752955147
361.732803172737,291.666332230107,2.99615872985362
602.746989382592,106.520222786612,4.22954456035697
393.313404427964,225.341471699934,4.07203715198779
567.478663681539,411.168761521174,4.75586541961271
144.864607558399,286.412017166636,4.62326943632998
198.154018984449,373.344456099285,3.90533974400189
120.484180870168,411.897369063397,3.3989988486999
622.876642273137,313.568160313541,4.50036406727724
-2.49352783337008,146.944117021613,4.22553747108156
544.864937303039,203.442326404999,4.13975559552969
35.3828397127076,491.089627386479,3.01162071495419
281.193721658812,18.8959011643544,3.91033789737034
532.963136914194,392.999264826272,3.28863913374259
70.8029489648767,84.9373343350054,5.22094934801317
2.78607614726829,78.517196322818,3.58145781373595
583.376833526939,225.222449414686,4.03354671500049
447.920766172005,466.316871909687,4.66730887255482
660.544489253245,375.138528894394,3.03233134246839
109.978831832114,481.42261778843,4.46501898478801
623.770300487502,85.6816785096962,4.07025306272142
417.875990175078,260.829911177353,3.73024899420378
14.140807320929,181.626034543584,3.231583071316
62.614445363008,122.420796729495,4.41690516285066
612.623237802853,194.17030679032,4.33512296182375
250.10276506175,219.536700424475,4.26440189494614
567.564203011517,430.302133334076,3.91067177990056
303.132392025573,140.049561854003,3.87237565415924
533.224143368944,463.715816030318,3.66580863660293
45.1941464849554,424.801143580212,3.66880880993804
204.416311016138,290.039026375977,4.16273991368495
554.612005941682,266.0462948701,3.84330147771629
157.289519243449,32.907573151161,4.43698188039122
501.79692098852,344.28655306542,4.31130115654806
43.3310443235733,46.7843184196825,3.41180331501575
538.489858209985,152.171003762621,4.39519824685318
NA,NA,NA
662.211821355271,332.697181101962,3.35895756850191
458.607532909342,297.975578274397,3.43366240695458
12.482333709228,495.334805467124,3.66814154090223
560.738544091245,48.8964811849791,4.15255383182921
71.5925669349246,373.951199071053,4.02750337376953
233.038242211411,413.291842462532,4.01212792451136
430.342715123781,14.7471640405634,3.32609752955147
361.732803172737,291.666332230107,2.99615872985362
602.746989382592,106.520222786612,4.22954456035697
393.313404427964,225.341471699934,4.07203715198779
567.478663681539,411.168761521174,4.75586541961271
144.864607558399,286.412017166636,4.62326943632998
198.154018984449,373.344456099285,3.90533974400189
120.484180870168,411.897369063397,3.3989988486999
622.876642273137,313.568160313541,4.50036406727724
-2.49352783337008,146.944117021613,4.22553747108156
544.864937303039,203.442326404999,4.13975559552969
35.3828397127076,491.089627386479,3.01162071495419
281.193721658812,18.8959011643544,3.91033789737034
532.963136914194,392.999264826272,3.28863913374259
70.8029489648767,84.9373343350054,5.22094934801317
2.78607614726829,78.517196322818,3.58145781373595
583.376833526939,225.222449414686,4.03354671500049
447.920766172005,466.316871909687,4.66730887255482
660.544489253245,375.138528894394,3.03233134246839
109.978831832114,481.42261778843,4.46501898478801
623.770300487502,85.6816785096962,4.07025306272142
417.875990175078,260.829911177353,3.73024899420378
14.140807320929,181.626034543584,3.231583071316
62.614445363008,122.420796729495,4.41690516285066
612.623237802853,194.17030679032,4.33512296182375
250.10276506175,219.536700424475,4.26440189494614
567.564203011517,430.302133334076,3.91067177990056
303.132392025573,140.049561854003,3.87237565415924
533.224143368944,463.715816030318,3.66580863660293
45.1941464849554,424.801143580212,3.66880880993804
204.416311016138,290.039026375977,4.16273991368495
554.612005941682,266.0462948701,3.84330147771629
157.289519243449,32.907573151161,4.43698188039122
501.79692098852,344.28655306542,4.31130115654806
43.3310443235733,46.7843184196825,3.41180331501575
538.489858209985,152.171003762621,4.39519824685318
NA,NA,NA
662.211821355271,332.697181101962,3.35895756850191
458.607532909342,297.975578274397,3.43366240695458
12.482333709228,495.334805467124,3.66814154090223
560.738544091245,48.8964811849791,4.15255383182921
71.5925669349246,373.951199071053,4.02750337376953
233.038242211411,413.291842462532,4.01212792451136
430.342715123781,14.7471640405634,3.32609752955147
361.732803172737,291.666332230107,2.99615872985362
602.746989382592,106.520222786612,4.22954456035697
393.313404427964,225.341471699934,4.07203715198779
567.478663681539,411.168761521174,4.75586541961271
144.864607558399,286.412017166636,4.62326943632998
198.154018984449,373.344456099285,3.90533974400189
120.484180870168,411.897369063397,3.3989988486999
622.876642273137,313.568160313541,4.50036406727724
-2.49352783337008,146.944117021613,4.22553747108156
544.864937303039,203.442326404999,4.13975559552969
35.3828397127076,491.089627386479,3.01162071495419
281.193721658812,18.8959011643544,3.91033789737034
532.963136914194,392.999264826272,3.28863913374259
70.8029489648767,84.9373343350054,5.22094934801317
2.78607614726829,78.517196322818,3.58145781373595
583.376833526939,225.222449414686,4.03354671500049
447.920766172005,466.316871909687,4.66730887255482
660.544489253245,375.138528894394,3.03233134246839
109.978831832114,481.42261778843,4.46501898478801
623.770300487502,85.6816785096962,4.07025306272142
417.875990175078,260.829911177353,3.73024899420378
14.140807320929,181.626034543584,3.231583071316
62.614445363008,122.420796729495,4.41690516285066
612.623237802853,194.17030679032,4.33512296182375
250.10276506175,219.536700424475,4.26440189494614
567.564203011517,430.302133334076,3.91067177990056
303.132392025573,140.049561854003,3.87237565415924
533.224143368944,463.715816030318,3.66580863660293
45.1941464849554,424.801143580212,3.66880880993804
204.416311016138,290.039026375977,4.16273991368495
554.612005941682,266.0462948701,3.84330147771629
157.289519243449,32.907573151161,4.43698188039122
501.79692098852,344.28655306542,4.31130115654806
43.3310443235733,46.7843184196825,3.41180331501575
538.489858209985,152.171003762621,4.39519824685318
NA,NA,NA
662.211821355271,332.697181101962,3.35895756850191
458.607532909342,297.975578274397,3.43366240695458
12.482333709228,495.334805467124,3.66814154090223
560.738544091245,48.8964811849791,4.15255383182921
71.5925669349246,373.951199071053,4.02750337376953
233.038242211411,413.291842462532,4.01212792451136
430.342715123781,14.7471640405634,3.32609752955147
361.732803172737,291.666332230107,2.99615872985362
602.746989382592,106.520222786612,4.22954456035697
393.313404427964,225.341471699934,4.07203715198779
567.478663681539,411.168761521174,4.75586541961271
144.864607558399,286.412017166636,4.62326943632998
198.154018984449,373.344456099285,3.90533974400189
120.484180870168,411.897369063397,3.3989988486999
622.876642273137,313.568160313541,4.50036406727724
-2.49352783337008,146.944117021613,4.22553747108156
544.864937303039,203.442326404999,4.13975559552969
35.3828397127076,491.089627386479,3.01162071495419
281.193721658812,18.8959011643544,3.91033789737034
532.963136914194,392.999264826272,3.28863913374259
70.8029489648767,84.9373343350054,5.22094934801317
2.78607614726829,78.517196322818,3.58145781373595
583.376833526939,225.222449414686,4.03354671500049
447.920766172005,466.316871909687,4.66730887255482
660.544489253245,375.138528894394,3.03233134246839
109.978831832114,481.42261778843,4.46501898478801
623.770300487502,85.6816785096962,4.07025306272142
417.875990175078,260.829911177353,3.73024899420378
14.140807320929,181.626034543584,3.231583071316
62.614445363008,122.420796729495,4.41690516285066
612.623237802853,194.17030679032,4.33512296182375
250.10276506175,219.536700424475,4.26440189494614
567.564203011517,430.302133334076,3.91067177990056
303.132392025573,140.049561854003,3.87237565415924
533.224143368944,463.715816030318,3.66580863660293
45.1941464849554,424.801143580212,3.66880880993804
204.416311016138,290.039026375977,4.16273991368495
554.612005941682,266.0462948701,3.84330147771629
157.289519243449,32.907573151161,4.43698188039122
501.79692098852,344.28655306542,4.31130115654806
43.3310443235733,46.7843184196825,3.41180331501575
538.489858209985,152.171003762621,4.39519824685318
NA,NA,NA
660.647756068696,334.957875015019,3.49144122798863
456.51610560138,297.504557819549,3.68661606596604
12.673021155691,492.445150382395,3.56151041562743
560.301954808878,50.7052572700333,4.1963487402789
84.2475232960223,372.508573108637,3.93143246239895
228.030468487566,417.418494393137,3.98555342590059
427.050352224207,10.0253174714628,3.21549333222855
360.157565845294,291.649083969142,3.04574961570559
602.437790701691,107.415799836201,4.26302893054913
399.061341820741,228.207003738593,4.30872028415726
567.04271254454,414.556192397608,4.79779551634186
142.674881050606,290.908344181474,4.74179334191476
190.810153105919,371.037329191642,4.08548140979583
123.21119618989,413.805189674223,3.39620112915413
626.86111414654,310.730869905488,4.55123204387904
2.12362115238249,147.537558216761,4.26235146408276
538.948343549961,203.38044551325,4.14826403501533
33.9312859159918,490.87903128498,3.00771894609964
280.485780384278,21.4872315550583,4.05094783863739
534.700517525957,395.762689356392,3.41428100025268
73.2060701941697,74.5788443886606,5.30938786500745
5.77451082144156,75.8393021987838,3.36804444344758
591.195438536244,228.261528460604,4.05438973760522
448.169048214463,459.718595714646,4.75807369328321
659.885397806367,375.144823707588,3.39627514020883
108.144219665187,487.094800349499,4.27894131006661
628.521987871402,94.6516881336436,4.09220281810951
419.732293277637,258.371270885714,3.6034265298322
10.910741911728,184.258458661811,3.16054276034444
63.8217742545014,115.948550033942,4.43245455778456
599.881926001374,200.611415273695,4.24058938464875
253.342268174737,212.385260461288,3.86707524823184
571.113637375282,431.801330089974,3.77314844062801
302.59603277632,143.394578774487,3.56613366368641
529.540084664288,445.89650168814,3.59190266168398
50.4643346221275,428.081545989631,3.87302270701178
193.196208421008,280.704817758499,3.9910821072937
558.253275351185,258.657628971715,3.7656696530226
167.709338788111,45.0246887849243,4.27460401024736
496.833333461468,345.048744814625,4.3723706803383
37.3142552505774,44.0584321007406,3.74837514270349
531.128982279018,152.850065679391,4.40813245327603
NA,NA,NA
660.647756068696,334.957875015019,3.49144122798863
456.51610560138,297.504557819549,3.68661606596604
12.673021155691,492.445150382395,3.56151041562743
560.301954808878,50.7052572700333,4.1963487402789
84.2475232960223,372.508573108637,3.93143246239895
228.030468487566,417.418494393137,3.98555342590059
427.050352224207,10.0253174714628,3.21549333222855
360.157565845294,291.649083969142,3.04574961570559
602.437790701691,107.415799836201,4.26302893054913
399.061341820741,228.207003738593,4.30872028415726
567.04271254454,414.556192397608,4.79779551634186
142.674881050606,290.908344181474,4.74179334191476
190.810153105919,371.037329191642,4.08548140979583
123.21119618989,413.805189674223,3.39620112915413
626.86111414654,310.730869905488,4.55123204387904
2.12362115238249,147.537558216761,4.26235146408276
538.948343549961,203.38044551325,4.14826403501533
33.9312859159918,490.87903128498,3.00771894609964
280.485780384278,21.4872315550583,4.05094783863739
534.700517525957,395.762689356392,3.41428100025268
73.2060701941697,74.5788443886606,5.30938786500745
5.77451082144156,75.8393021987838,3.36804444344758
591.195438536244,228.261528460604,4.05438973760522
448.169048214463,459.718595714646,4.75807369328321
659.885397806367,375.144823707588,3.39627514020883
108.144219665187,487.094800349499,4.27894131006661
628.521987871402,94.6516881336436,4.09220281810951
419.732293277637,258.371270885714,3.6034265298322
10.910741911728,184.258458661811,3.16054276034444
63.8217742545014,115.948550033942,4.43245455778456
599.881926001374,200.611415273695,4.24058938464875
253.342268174737,212.385260461288,3.86707524823184
571.113637375282,431.801330089974,3.77314844062801
302.59603277632,143.394578774487,3.56613366368641
529.540084664288,445.89650168814,3.59190266168398
50.4643346221275,428.081545989631,3.87302270701178
193.196208421008,280.704817758499,3.9910821072937
558.253275351185,258.657628971715,3.7656696530226
167.709338788111,45.0246887849243,4.27460401024736
496.833333461468,345.048744814625,4.3723706803383
37.3142552505774,44.0584321007406,3.74837514270349
531.128982279018,152.850065679391,4.40813245327603
NA,NA,NA
660.647756068696,334.957875015019,3.49144122798863
456.51610560138,297.504557819549,3.68661606596604
12.673021155691,492.445150382395,3.56151041562743
560.301954808878,50.7052572700333,4.1963487402789
84.2475232960223,372.508573108637,3.93143246239895
228.030468487566,417.418494393137,3.98555342590059
427.050352224207,10.0253174714628,3.21549333222855
360.157565845294,291.649083969142,3.04574961570559
602.437790701691,107.415799836201,4.26302893054913
399.061341820741,228.207003738593,4.30872028415726
567.04271254454,414.556192397608,4.79779551634186
142.674881050606,290.908344181474,4.74179334191476
190.810153105919,371.037329191642,4.08548140979583
123.21119618989,413.805189674223,3.39620112915413
626.86111414654,310.730869905488,4.55123204387904
2.12362115238249,147.537558216761,4.26235146408276
538.948343549961,203.38044551325,4.14826403501533
33.9312859159918,490.87903128498,3.00771894609964
280.485780384278,21.4872315550583,4.05094783863739
534.700517525957,395.762689356392,3.41428100025268
73.2060701941697,74.5788443886606,5.30938786500745
5.77451082144156,75.8393021987838,3.36804444344758
591.195438536244,228.261528460604,4.05438973760522
448.169048214463,459.718595714646,4.75807369328321
659.885397806367,375.144823707588,3.39627514020883
108.144219665187,487.094800349499,4.27894131006661
628.521987871402,94.6516881336436,4.09220281810951
419.732293277637,258.371270885714,3.6034265298322
10.910741911728,184.258458661811,3.16054276034444
63.8217742545014,115.948550033942,4.43245455778456
599.881926001374,200.611415273695,4.24058938464875
253.342268174737,212.385260461288,3.86707524823184
571.113637375282,431.801330089974,3.77314844062801
302.59603277632,143.394578774487,3.56613366368641
529.540084664288,445.89650168814,3.59190266168398
50.4643346221275,428.081545989631,3.87302270701178
193.196208421008,280.704817758499,3.9910821072937
558.253275351185,258.657628971715,3.7656696530226
167.709338788111,45.0246887849243,4.27460401024736
496.833333461468,345.048744814625,4.3723706803383
37.3142552505774,44.0584321007406,3.74837514270349
531.128982279018,152.850065679391,4.40813245327603
NA,NA,NA
660.647756068696,334.957875015019,3.49144122798863
456.51610560138,297.504557819549,3.68661606596604
12.673021155691,492.445150382395,3.56151041562743
560.301954808878,50.7052572700333,4.1963487402789
84.2475232960223,372.508573108637,3.93143246239895
228.030468487566,417.418494393137,3.98555342590059
427.050352224207,10.0253174714628,3.21549333222855
360.157565845294,291.649083969142,3.04574961570559
602.437790701691,107.415799836201,4.26302893054913
399.061341820741,228.207003738593,4.30872028415726
567.04271254454,414.556192397608,4.79779551634186
142.674881050606,290.908344181474,4.74179334191476
190.810153105919,371.037329191642,4.08548140979583
123.21119618989,413.805189674223,3.39620112915413
626.86111414654,310.730869905488,4.55123204387904
2.12362115238249,147.537558216761,4.26235146408276
538.948343549961,203.38044551325,4.14826403501533
33.9312859159918,490.87903128498,3.00771894609964
280.485780384278,21.4872315550583,4.05094783863739
534.700517525957,395.762689356392,3.41428100025268
73.2060701941697,74.5788443886606,5.30938786500745
5.77451082144156,75.8393021987838,3.36804444344758
591.195438536244,228.261528460604,4.05438973760522
448.169048214463,459.718595714646,4.75807369328321
659.885397806367,375.144823707588,3.39627514020883
108.144219665187,487.094800349499,4.27894131006661
628.521987871402,94.6516881336436,4.09220281810951
419.732293277637,258.371270885714,3.6034265298322
10.910741911728,184.258458661811,3.16054276034444
63.8217742545014,115.948550033942,4.43245455778456
599.881926001374,200.611415273695,4.24058938464875
253.342268174737,212.385260461288,3.86707524823184
571.113637375282,431.801330089974,3.77314844062801
302.59603277632,143.394578774487,3.56613366368641
529.540084664288,445.89650168814,3.59190266168398
50.4643346221275,428.081545989631,3.87302270701178
193.196208421008,280.704817758499,3.9910821072937
558.253275351185,258.657628971715,3.7656696530226
167.709338788111,45.0246887849243,4.27460401024736
496.833333461468,345.048744814625,4.3723706803383
37.3142552505774,44.0584321007406,3.74837514270349
531.128982279018,152.850065679391,4.40813245327603
NA,NA,NA
660.647756068696,334.957875015019,3.49144122798863
456.51610560138,297.504557819549,3.68661606596604
12.673021155691,492.445150382395,3.56151041562743
560.301954808878,50.7052572700333,4.1963487402789
84.2475232960223,372.508573108637,3.93143246239895
228.030468487566,417.418494393137,3.98555342590059
427.050352224207,10.0253174714628,3.21549333222855
360.157565845294,291.649083969142,3.04574961570559
602.437790701691,107.415799836201,4.26302893054913
399.061341820741,228.207003738593,4.30872028415726
567.04271254454,414.556192397608,4.79779551634186
142.674881050606,290.908344181474,4.74179334191476
190.810153105919,371.037329191642,4.08548140979583
123.21119618989,413.805189674223,3.39620112915413
626.86111414654,310.730869905488,4.55123204387904
2.12362115238249,147.537558216761,4.26235146408276
538.948343549961,203.38044551325,4.14826403501533
33.9312859159918,490.87903128498,3.00771894609964
280.485780384278,21.4872315550583,4.05094783863739
534.700517525957,395.762689356392,3.41428100025268
73.2060701941697,74.5788443886606,5.30938786500745
5.77451082144156,75.8393021987838,3.36804444344758
591.195438536244,228.261528460604,4.05438973760522
448.169048214463,459.718595714646,4.75807369328321
659.885397806367,375.144823707588,3.39627514020883
108.144219665187,487.094800349499,4.27894131006661
628.521987871402,94.6516881336436,4.09220281810951
419.732293277637,258.371270885714,3.6034265298322
10.910741911728,184.258458661811,3.16054276034444
63.8217742545014,115.948550033942,4.43245455778456
599.881926001374,200.611415273695,4.24058938464875
253.342268174737,212.385260461288,3.86707524823184
571.113637375282,431.801330089974,3.77314844062801
302.59603277632,143.394578774487,3.56613366368641
529.540084664288,445.89650168814,3.59190266168398
50.4643346221275,428.081545989631,3.87302270701178
193.196208421008,280.704817758499,3.9910821072937
558.253275351185,258.657628971715,3.7656696530226
167.709338788111,45.0246887849243,4.27460401024736
496.833333461468,345.048744814625,4.3723706803383
37.3142552505774,44.0584321007406,3.74837514270349
531.128982279018,152.850065679391,4.40813245327603
NA,NA,NA
660.647756068696,334.957875015019,3.49144122798863
456.51610560138,297.504557819549,3.68661606596604
12.673021155691,492.445150382395,3.56151041562743
560.301954808878,50.7052572700333,4.1963487402789
84.2475232960223,372.508573108637,3.93143246239895
228.030468487566,417.418494393137,3.98555342590059
427.050352224207,10.0253174714628,3.21549333222855
360.157565845294,291.649083969142,3.04574961570559
602.437790701691,107.415799836201,4.26302893054913
399.061341820741,228.207003738593,4.30872028415726
567.04271254454,414.556192397608,4.79779551634186
142.674881050606,290.908344181474,4.74179334191476
190.810153105919,371.037329191642,4.08548140979583
123.21119618989,413.805189674223,3.39620112915413
626.86111414654,310.730869905488,4.55123204387904
2.12362115238249,147.537558216761,4.26235146408276
538.948343549961,203.38044551325,4.14826403501533
33.9312859159918,490.87903128498,3.00771894609964
280.485780384278,21.4872315550583,4.05094783863739
534.700517525957,395.762689356392,3.41428100025268
73.2060701941697,74.5788443886606,5.30938786500745
5.77451082144156,75.8393021987838,3.36804444344758
591.195438536244,228.261528460604,4.05438973760522
448.169048214463,459.718595714646,4.75807369328321
659.885397806367,375.144823707588,3.39627514020883
108.144219665187,487.094800349499,4.27894131006661
628.521987871402,94.6516881336436,4.09220281810951
419.732293277637,258.371270885714,3.6034265298322
10.910741911728,184.258458661811,3.16054276034444
63.8217742545014,115.948550033942,4.43245455778456
599.881926001374,200.611415273695,4.24058938464875
253.342268174737,212.385260461288,3.86707524823184
571.113637375282,431.801330089974,3.77314844062801
302.59603277632,143.394578774487,3.56613366368641
529.540084664288,445.89650168814,3.59190266168398
50.4643346221275,428.081545989631,3.87302270701178
193.196208421008,280.704817758499,3.9910821072937
558.253275351185,258.657628971715,3.7656696530226
167.709338788111,45.0246887849243,4.27460401024736
496.833333461468,345.048744814625,4.3723706803383
37.3142552505774,44.0584321007406,3.74837514270349
531.128982279018,152.850065679391,4.40813245327603
NA,NA,NA
661.165858787464,333.937469067669,3.57490595585061
458.743502120509,299.192593947775,3.64285780872271
17.42315209531,494.227565677036,3.66913069597222
564.938611334839,55.2525402537861,4.24697366334459
71.5897807606638,380.637356885406,3.96948229822306
224.970330749092,415.746196624356,3.93766623484532
428.696878872738,12.4988859277075,3.21774866787606
361.819055469091,292.227830672168,3.14042554908706
600.237852999306,107.046835360437,4.12376623176625
390.694005877013,227.366885774904,4.11138249848145
567.888011561077,407.017022274893,4.73181443151149
138.868706345447,278.014596318188,4.55469533311498
197.056069974613,367.512548066472,3.91726987489471
125.541969856716,410.531895943834,3.21196365755976
624.66116837467,307.686481988654,4.5302551349616
2.09345707290556,154.549541324694,4.30930636748481
542.363404466162,200.389446851057,4.10557644957078
33.3744513184861,493.145143053745,2.94006679148402
281.503191953896,23.0125493599663,3.9160017845376
535.747743034214,393.093083081951,3.45785310642555
73.9267596915547,78.7930360977199,5.26420276979712
6.08742825578734,80.2903116733189,3.37423865309164
586.344527742825,227.83764666419,3.99777607618724
435.766034459842,460.817896242186,4.78457035409089
658.075060531807,372.898296090618,2.84334569911894
102.886961642237,486.100493485252,4.30813740594524
626.22196087518,90.0352037440975,4.05942015775162
419.661769091158,259.177778430039,3.55241530581969
9.83518426165489,180.351095487961,3.28661844094669
69.3830295695091,118.658791854982,4.35987954043838
609.90917563355,203.022423203336,4.68092937200404
266.444033551292,220.61755948003,3.63448322808527
566.228156912919,416.510528119015,3.81613178110424
296.012037730361,141.667338746887,3.91758100733182
525.681264875864,456.207837423753,3.68273720720326
38.651671743543,417.133427821268,3.91497377289912
200.457940487429,290.785851204368,3.74695469889086
549.662722345057,261.313622426232,3.74881611614285
190.255359856886,30.1547704738979,4.14913473625748
497.128891255149,342.097106136068,4.55637062065539
38.2713941491115,50.9231038945501,3.71267165918877
525.080003378667,143.909708982793,4.78878234753443
NA,NA,NA
661.165858787464,333.937469067669,3.57490595585061
458.743502120509,299.192593947775,3.64285780872271
17.42315209531,494.227565677036,3.66913069597222
564.938611334839,55.2525402537861,4.24697366334459
71.5897807606638,380.637356885406,3.96948229822306
224.970330749092,415.746196624356,3.93766623484532
428.696878872738,12.4988859277075,3.21774866787606
361.819055469091,292.227830672168,3.14042554908706
600.237852999306,107.046835360437,4.12376623176625
390.694005877013,227.366885774904,4.11138249848145
567.888011561077,407.017022274893,4.73181443151149
138.868706345447,278.014596318188,4.55469533311498
197.056069974613,367.512548066472,3.91726987489471
125.541969856716,410.531895943834,3.21196365755976
624.66116837467,307.686481988654,4.5302551349616
2.09345707290556,154.549541324694,4.30930636748481
542.363404466162,200.389446851057,4.10557644957078
33.3744513184861,493.145143053745,2.94006679148402
281.503191953896,23.0125493599663,3.9160017845376
535.747743034214,393.093083081951,3.45785310642555
73.9267596915547,78.7930360977199,5.26420276979712
6.08742825578734,80.2903116733189,3.37423865309164
586.344527742825,227.83764666419,3.99777607618724
435.766034459842,460.817896242186,4.78457035409089
658.075060531807,372.898296090618,2.84334569911894
102.886961642237,486.100493485252,4.30813740594524
626.22196087518,90.0352037440975,4.05942015775162
419.661769091158,259.177778430039,3.55241530581969
9.83518426165489,180.351095487961,3.28661844094669
69.3830295695091,118.658791854982,4.35987954043838
609.90917563355,203.022423203336,4.68092937200404
266.444033551292,220.61755948003,3.63448322808527
566.228156912919,416.510528119015,3.81613178110424
296.012037730361,141.667338746887,3.91758100733182
525.681264875864,456.207837423753,3.68273720720326
38.651671743543,417.133427821268,3.91497377289912
200.457940487429,290.785851204368,3.74695469889086
549.662722345057,261.313622426232,3.74881611614285
190.255359856886,30.1547704738979,4.14913473625748
497.128891255149,342.097106136068,4.55637062065539
38.2713941491115,50.9231038945501,3.71267165918877
525.080003378667,143.909708982793,4.78878234753443
NA,NA,NA
661.165858787464,333.937469067669,3.57490595585061
458.743502120509,299.192593947775,3.64285780872271
17.42315209531,494.227565677036,3.66913069597222
564.938611334839,55.2525402537861,4.24697366334459
71.5897807606638,380.637356885406,3.96948229822306
224.970330749092,415.746196624356,3.93766623484532
428.696878872738,12.4988859277075,3.21774866787606
361.819055469091,292.227830672168,3.14042554908706
600.237852999306,107.046835360437,4.12376623176625
390.694005877013,227.366885774904,4.11138249848145
567.888011561077,407.017022274893,4.73181443151149
138.868706345447,278.014596318188,4.55469533311498
197.056069974613,367.512548066472,3.91726987489471
125.541969856716,410.531895943834,3.21196365755976
624.66116837467,307.686481988654,4.5302551349616
2.09345707290556,154.549541324694,4.30930636748481
542.363404466162,200.389446851057,4.10557644957078
33.3744513184861,493.145143053745,2.94006679148402
281.503191953896,23.0125493599663,3.9160017845376
535.747743034214,393.093083081951,3.45785310642555
73.9267596915547,78.7930360977199,5.26420276979712
6.08742825578734,80.2903116733189,3.37423865309164
586.344527742825,227.83764666419,3.99777607618724
435.766034459842,460.817896242186,4.78457035409089
658.075060531807,372.898296090618,2.84334569911894
102.886961642237,486.100493485252,4.30813740594524
626.22196087518,90.0352037440975,4.05942015775162
419.661769091158,259.177778430039,3.55241530581969
9.83518426165489,180.351095487961,3.28661844094669
69.3830295695091,118.658791854982,4.35987954043838
609.90917563355,203.022423203336,4.68092937200404
266.444033551292,220.61755948003,3.63448322808527
566.228156912919,416.510528119015,3.81613178110424
296.012037730361,141.667338746887,3.91758100733182
525.681264875864,456.207837423753,3.68273720720326
38.651671743543,417.133427821268,3.91497377289912
200.457940487429,290.785851204368,3.74695469889086
549.662722345057,261.313622426232,3.74881611614285
190.255359856886,30.1547704738979,4.14913473625748
497.128891255149,342.097106136068,4.55637062065539
38.2713941491115,50.9231038945501,3.71267165918877
525.080003378667,143.909708982793,4.78878234753443
NA,NA,NA
661.165858787464,333.937469067669,3.57490595585061
458.743502120509,299.192593947775,3.64285780872271
17.42315209531,494.227565677036,3.66913069597222
564.938611334839,55.2525402537861,4.24697366334459
71.5897807606638,380.637356885406,3.96948229822306
224.970330749092,415.746196624356,3.93766623484532
428.696878872738,12.4988859277075,3.21774866787606
361.819055469091,292.227830672168,3.14042554908706
600.237852999306,107.046835360437,4.12376623176625
390.694005877013,227.366885774904,4.11138249848145
567.888011561077,407.017022274893,4.73181443151149
138.868706345447,278.014596318188,4.55469533311498
197.056069974613,367.512548066472,3.91726987489471
125.541969856716,410.531895943834,3.21196365755976
624.66116837467,307.686481988654,4.5302551349616
2.09345707290556,154.549541324694,4.30930636748481
542.363404466162,200.389446851057,4.10557644957078
33.3744513184861,493.145143053745,2.94006679148402
281.503191953896,23.0125493599663,3.9160017845376
535.747743034214,393.093083081951,3.45785310642555
73.9267596915547,78.7930360977199,5.26420276979712
6.08742825578734,80.2903116733189,3.37423865309164
586.344527742825,227.83764666419,3.99777607618724
435.766034459842,460.817896242186,4.78457035409089
658.075060531807,372.898296090618,2.84334569911894
102.886961642237,486.100493485252,4.30813740594524
626.22196087518,90.0352037440975,4.05942015775162
419.661769091158,259.177778430039,3.55241530581969
9.83518426165489,180.351095487961,3.28661844094669
69.3830295695091,118.658791854982,4.35987954043838
609.90917563355,203.022423203336,4.68092937200404
266.444033551292,220.61755948003,3.63448322808527
566.228156912919,416.510528119015,3.81613178110424
296.012037730361,141.667338746887,3.91758100733182
525.681264875864,456.207837423753,3.68273720720326
38.651671743543,417.133427821268,3.91497377289912
200.457940487429,290.785851204368,3.74695469889086
549.662722345057,261.313622426232,3.74881611614285
190.255359856886,30.1547704738979,4.14913473625748
497.128891255149,342.097106136068,4.55637062065539
38.2713941491115,50.9231038945501,3.71267165918877
525.080003378667,143.909708982793,4.78878234753443
NA,NA,NA
661.165858787464,333.937469067669,3.57490595585061
458.743502120509,299.192593947775,3.64285780872271
17.42315209531,494.227565677036,3.66913069597222
564.938611334839,55.2525402537861,4.24697366334459
71.5897807606638,380.637356885406,3.96948229822306
224.970330749092,415.746196624356,3.93766623484532
428.696878872738,12.4988859277075,3.21774866787606
361.819055469091,292.227830672168,3.14042554908706
600.237852999306,107.046835360437,4.12376623176625
390.694005877013,227.366885774904,4.11138249848145
567.888011561077,407.017022274893,4.73181443151149
138.868706345447,278.014596318188,4.55469533311498
197.056069974613,367.512548066472,3.91726987489471
125.541969856716,410.531895943834,3.21196365755976
624.66116837467,307.686481988654,4.5302551349616
2.09345707290556,154.549541324694,4.30930636748481
542.363404466162,200.389446851057,4.10557644957078
33.3744513184861,493.145143053745,2.94006679148402
281.503191953896,23.0125493599663,3.9160017845376
535.747743034214,393.093083081951,3.45785310642555
73.9267596915547,78.7930360977199,5.26420276979712
6.08742825578734,80.2903116733189,3.37423865309164
586.344527742825,227.83764666419,3.99777607618724
435.766034459842,460.817896242186,4.78457035409089
658.075060531807,372.898296090618,2.84334569911894
102.886961642237,486.100493485252,4.30813740594524
626.22196087518,90.0352037440975,4.05942015775162
419.661769091158,259.177778430039,3.55241530581969
9.83518426165489,180.351095487961,3.28661844094669
69.3830295695091,118.658791854982,4.35987954043838
609.90917563355,203.022423203336,4.68092937200404
266.444033551292,220.61755948003,3.63448322808527
566.228156912919,416.510528119015,3.81613178110424
296.012037730361,141.667338746887,3.91758100733182
525.681264875864,456.207837423753,3.68273720720326
38.651671743543,417.133427821268,3.91497377289912
200.457940487429,290.785851204368,3.74695469889086
549.662722345057,261.313622426232,3.74881611614285
190.255359856886,30.1547704738979,4.14913473625748
497.128891255149,342.097106136068,4.55637062065539
38.2713941491115,50.9231038945501,3.71267165918877
525.080003378667,143.909708982793,4.78878234753443
NA,NA,NA
661.165858787464,333.937469067669,3.57490595585061
458.743502120509,299.192593947775,3.64285780872271
17.42315209531,494.227565677036,3.66913069597222
564.938611334839,55.2525402537861,4.24697366334459
71.5897807606638,380.637356885406,3.96948229822306
224.970330749092,415.746196624356,3.93766623484532
428.696878872738,12.4988859277075,3.21774866787606
361.819055469091,292.227830672168,3.14042554908706
600.237852999306,107.046835360437,4.12376623176625
390.694005877013,227.366885774904,4.11138249848145
567.888011561077,407.017022274893,4.73181443151149
138.868706345447,278.014596318188,4.55469533311498
197.056069974613,367.512548066472,3.91726987489471
125.541969856716,410.531895943834,3.21196365755976
624.66116837467,307.686481988654,4.5302551349616
2.09345707290556,154.549541324694,4.30930636748481
542.363404466162,200.389446851057,4.10557644957078
33.3744513184861,493.145143053745,2.94006679148402
281.503191953896,23.0125493599663,3.9160017845376
535.747743034214,393.093083081951,3.45785310642555
73.9267596915547,78.7930360977199,5.26420276979712
6.08742825578734,80.2903116733189,3.37423865309164
586.344527742825,227.83764666419,3.99777607618724
435.766034459842,460.817896242186,4.78457035409089
658.075060531807,372.898296090618,2.84334569911894
102.886961642237,486.100493485252,4.30813740594524
626.22196087518,90.0352037440975,4.05942015775162
419.661769091158,259.177778430039,3.55241530581969
9.83518426165489,180.351095487961,3.28661844094669
69.3830295695091,118.658791854982,4.35987954043838
609.90917563355,203.022423203336,4.68092937200404
266.444033551292,220.61755948003,3.63448322808527
566.228156912919,416.510528119015,3.81613178110424
296.012037730361,141.667338746887,3.91758100733182
525.681264875864,456.207837423753,3.68273720720326
38.651671743543,417.133427821268,3.91497377289912
200.457940487429,290.785851204368,3.74695469889086
549.662722345057,261.313622426232,3.74881611614285
190.255359856886,30.1547704738979,4.14913473625748
497.128891255149,342.097106136068,4.55637062065539
38.2713941491115,50.9231038945501,3.71267165918877
525.080003378667,143.909708982793,4.78878234753443
NA,NA,NA
658.638857247892,335.496155542222,3.38287051228454
457.991395812056,297.883173178543,3.52636785772744
10.2316393337849,496.283449139977,3.64880275844511
559.009344447966,44.6969994127993,4.17615087591653
71.3154655990132,372.808120737457,3.97548378361968
230.748571968919,415.921981360611,3.87655218098671
430.298152534462,11.9215352402958,3.28467972558134
360.901699079021,291.057985709104,2.97252672573412
606.176866929177,104.964430478034,4.27446021207907
391.249565487707,228.420757790372,4.3460004719235
564.438743678107,404.486032272198,4.68921745489826
145.078110462519,283.071934827685,4.56483363951942
193.840147970865,375.993031526496,3.94823929627853
122.080318115219,414.948183038314,3.3597603469068
629.014671113235,314.777417938399,4.77195747357555
-2.30103203222419,147.776145642416,4.24881926782055
543.370823077085,202.546516544,4.22000802314719
34.6538721795388,491.553603355019,2.96851052886949
280.553733064607,23.4253719715425,3.7760850588879
534.746773154231,391.599924847772,3.31057572326731
74.416723193476,79.4525888399925,5.20993992543881
3.30879729124021,75.7950054221793,3.51012183086056
589.608073054819,230.327391746054,4.12006107557014
440.093557798853,462.907586805717,4.78904567143765
660.370010556085,375.279555835083,3.11044055832228
101.71118066811,484.246276616489,4.44629915931679
623.544119252447,94.3640548820921,4.02758555004127
422.026591749896,259.798394289177,3.59586441100903
10.1408061109702,180.581556303511,3.18757829828615
68.5781307121055,108.658089417185,4.55289648209362
613.480942310354,198.110948549388,4.3385294339817
245.628873128199,219.647707611439,3.66582896791468
584.997334678331,439.745492926231,3.80680724049103
302.037950557217,136.408855887788,4.13438696632554
526.568955245754,460.28256500527,3.54116403805269
43.5618483512017,408.610423571346,3.86722486727024
202.885251437409,278.932212507765,4.01162525846794
553.878348277533,260.859199841499,3.79045446159208
160.333113539432,29.1322604564386,4.19404113236594
497.964340423339,345.037922340264,4.63969555541504
38.6106762412743,54.2194045187195,4.11896059616303
542.919096722446,161.495355287605,4.590177666412
NA,NA,NA
658.638857247892,335.496155542222,3.38287051228454
457.991395812056,297.883173178543,3.52636785772744
10.2316393337849,496.283449139977,3.64880275844511
559.009344447966,44.6969994127993,4.17615087591653
71.3154655990132,372.808120737457,3.97548378361968
230.748571968919,415.921981360611,3.87655218098671
430.298152534462,11.9215352402958,3.28467972558134
360.901699079021,291.057985709104,2.97252672573412
606.176866929177,104.964430478034,4.27446021207907
391.249565487707,228.420757790372,4.3460004719235
564.438743678107,404.486032272198,4.68921745489826
145.078110462519,283.071934827685,4.56483363951942
193.840147970865,375.993031526496,3.94823929627853
122.080318115219,414.948183038314,3.3597603469068
629.014671113235,314.777417938399,4.77195747357555
-2.30103203222419,147.776145642416,4.24881926782055
543.370823077085,202.546516544,4.22000802314719
34.6538721795388,491.553603355019,2.96851052886949
280.553733064607,23.4253719715425,3.7760850588879
534.746773154231,391.599924847772,3.31057572326731
74.416723193476,79.4525888399925,5.20993992543881
3.30879729124021,75.7950054221793,3.51012183086056
589.608073054819,230.327391746054,4.12006107557014
440.093557798853,462.907586805717,4.78904567143765
660.370010556085,375.279555835083,3.11044055832228
101.71118066811,484.246276616489,4.44629915931679
623.544119252447,94.3640548820921,4.02758555004127
422.026591749896,259.798394289177,3.59586441100903
10.1408061109702,180.581556303511,3.18757829828615
68.5781307121055,108.658089417185,4.55289648209362
613.480942310354,198.110948549388,4.3385294339817
245.628873128199,219.647707611439,3.66582896791468
584.997334678331,439.745492926231,3.80680724049103
302.037950557217,136.408855887788,4.13438696632554
526.568955245754,460.28256500527,3.54116403805269
43.5618483512017,408.610423571346,3.86722486727024
202.885251437409,278.932212507765,4.01162525846794
553.878348277533,260.859199841499,3.79045446159208
160.333113539432,29.1322604564386,4.19404113236594
497.964340423339,345.037922340264,4.63969555541504
38.6106762412743,54.2194045187195,4.11896059616303
542.919096722446,161.495355287605,4.590177666412
NA,NA,NA
658.638857247892,335.496155542222,3.38287051228454
457.991395812056,297.883173178543,3.52636785772744
10.2316393337849,496.283449139977,3.64880275844511
559.009344447966,44.6969994127993,4.17615087591653
71.3154655990132,372.808120737457,3.97548378361968
230.748571968919,415.921981360611,3.87655218098671
430.298152534462,11.9215352402958,3.28467972558134
360.901699079021,291.057985709104,2.97252672573412
606.176866929177,104.964430478034,4.27446021207907
391.249565487707,228.420757790372,4.3460004719235
564.438743678107,404.486032272198,4.68921745489826
145.078110462519,283.071934827685,4.56483363951942
193.840147970865,375.993031526496,3.94823929627853
122.080318115219,414.948183038314,3.3597603469068
629.014671113235,314.777417938399,4.77195747357555
-2.30103203222419,147.776145642416,4.24881926782055
543.370823077085,202.546516544,4.22000802314719
34.6538721795388,491.553603355019,2.96851052886949
280.553733064607,23.4253719715425,3.7760850588879
534.746773154231,391.599924847772,3.31057572326731
74.416723193476,79.4525888399925,5.20993992543881
3.30879729124021,75.7950054221793,3.51012183086056
589.608073054819,230.327391746054,4.12006107557014
440.093557798853,462.907586805717,4.78904567143765
660.370010556085,375.279555835083,3.11044055832228
101.71118066811,484.246276616489,4.44629915931679
623.544119252447,94.3640548820921,4.02758555004127
422.026591749896,259.798394289177,3.59586441100903
10.1408061109702,180.581556303511,3.18757829828615
68.5781307121055,108.658089417185,4.55289648209362
613.480942310354,198.110948549388,4.3385294339817
245.628873128199,219.647707611439,3.66582896791468
584.997334678331,439.745492926231,3.80680724049103
302.037950557217,136.408855887788,4.13438696632554
526.568955245754,460.28256500527,3.54116403805269
43.5618483512017,408.610423571346,3.86722486727024
202.885251437409,278.932212507765,4.01162525846794
553.878348277533,260.859199841499,3.79045446159208
160.333113539432,29.1322604564386,4.19404113236594
497.964340423339,345.037922340264,4.63969555541504
38.6106762412743,54.2194045187195,4.11896059616303
542.919096722446,161.495355287605,4.590177666412
NA,NA,NA
658.638857247892,335.496155542222,3.38287051228454
457.991395812056,297.883173178543,3.52636785772744
10.2316393337849,496.283449139977,3.64880275844511
559.009344447966,44.6969994127993,4.17615087591653
71.3154655990132,372.808120737457,3.97548378361968
230.748571968919,415.921981360611,3.87655218098671
430.298152534462,11.9215352402958,3.28467972558134
360.901699079021,291.057985709104,2.97252672573412
606.176866929177,104.964430478034,4.27446021207907
391.249565487707,228.420757790372,4.3460004719235
564.438743678107,404.486032272198,4.68921745489826
145.078110462519,283.071934827685,4.56483363951942
193.840147970865,375.993031526496,3.94823929627853
122.080318115219,414.948183038314,3.3597603469068
629.014671113235,314.777417938399,4.77195747357555
-2.30103203222419,147.776145642416,4.24881926782055
543.370823077085,202.546516544,4.22000802314719
34.6538721795388,491.553603355019,2.96851052886949
280.553733064607,23.4253719715425,3.7760850588879
534.746773154231,391.599924847772,3.31057572326731
74.416723193476,79.4525888399925,5.20993992543881
3.30879729124021,75.7950054221793,3.51012183086056
589.608073054819,230.327391746054,4.12006107557014
440.093557798853,462.907586805717,4.78904567143765
660.370010556085,375.279555835083,3.11044055832228
101.71118066811,484.246276616489,4.44629915931679
623.544119252447,94.3640548820921,4.02758555004127
422.026591749896,259.798394289177,3.59586441100903
10.1408061109702,180.581556303511,3.18757829828615
68.5781307121055,108.658089417185,4.55289648209362
613.480942310354,198.110948549388,4.3385294339817
245.628873128199,219.647707611439,3.66582896791468
584.997334678331,439.745492926231,3.80680724049103
302.037950557217,136.408855887788,4.13438696632554
526.568955245754,460.28256500527,3.54116403805269
43.5618483512017,408.610423571346,3.86722486727024
202.885251437409,278.932212507765,4.01162525846794
553.878348277533,260.859199841499,3.79045446159208
160.333113539432,29.1322604564386,4.19404113236594
497.964340423339,345.037922340264,4.63969555541504
38.6106762412743,54.2194045187195,4.11896059616303
542.919096722446,161.495355287605,4.590177666412
NA,NA,NA
658.638857247892,335.496155542222,3.38287051228454
457.991395812056,297.883173178543,3.52636785772744
10.2316393337849,496.283449139977,3.64880275844511
559.009344447966,44.6969994127993,4.17615087591653
71.3154655990132,372.808120737457,3.97548378361968
230.748571968919,415.921981360611,3.87655218098671
430.298152534462,11.9215352402958,3.28467972558134
360.901699079021,291.057985709104,2.97252672573412
606.176866929177,104.964430478034,4.27446021207907
391.249565487707,228.420757790372,4.3460004719235
564.438743678107,404.486032272198,4.68921745489826
145.078110462519,283.071934827685,4.56483363951942
193.840147970865,375.993031526496,3.94823929627853
122.080318115219,414.948183038314,3.3597603469068
629.014671113235,314.777417938399,4.77195747357555
-2.30103203222419,147.776145642416,4.24881926782055
543.370823077085,202.546516544,4.22000802314719
34.6538721795388,491.553603355019,2.96851052886949
280.553733064607,23.4253719715425,3.7760850588879
534.746773154231,391.599924847772,3.31057572326731
74.416723193476,79.4525888399925,5.20993992543881
3.30879729124021,75.7950054221793,3.51012183086056
589.608073054819,230.327391746054,4.12006107557014
440.093557798853,462.907586805717,4.78904567143765
660.370010556085,375.279555835083,3.11044055832228
101.71118066811,484.246276616489,4.44629915931679
623.544119252447,94.3640548820921,4.02758555004127
422.026591749896,259.798394289177,3.59586441100903
10.1408061109702,180.581556303511,3.18757829828615
68.5781307121055,108.658089417185,4.55289648209362
613.480942310354,198.110948549388,4.3385294339817
245.628873128199,219.647707611439,3.66582896791468
584.997334678331,439.745492926231,3.80680724049103
302.037950557217,136.408855887788,4.13438696632554
526.568955245754,460.28256500527,3.54116403805269
43.5618483512017,408.610423571346,3.86722486727024
202.885251437409,278.932212507765,4.01162525846794
553.878348277533,260.859199841499,3.79045446159208
160.333113539432,29.1322604564386,4.19404113236594
497.964340423339,345.037922340264,4.63969555541504
38.6106762412743,54.2194045187195,4.11896059616303
542.919096722446,161.495355287605,4.590177666412
NA,NA,NA
658.638857247892,335.496155542222,3.38287051228454
457.991395812056,297.883173178543,3.52636785772744
10.2316393337849,496.283449139977,3.64880275844511
559.009344447966,44.6969994127993,4.17615087591653
71.3154655990132,372.808120737457,3.97548378361968
230.748571968919,415.921981360611,3.87655218098671
430.298152534462,11.9215352402958,3.28467972558134
360.901699079021,291.057985709104,2.97252672573412
606.176866929177,104.964430478034,4.27446021207907
391.249565487707,228.420757790372,4.3460004719235
564.438743678107,404.486032272198,4.68921745489826
145.078110462519,283.071934827685,4.56483363951942
193.840147970865,375.993031526496,3.94823929627853
122.080318115219,414.948183038314,3.3597603469068
629.014671113235,314.777417938399,4.77195747357555
-2.30103203222419,147.776145642416,4.24881926782055
543.370823077085,202.546516544,4.22000802314719
34.6538721795388,491.553603355019,2.96851052886949
280.553733064607,23.4253719715425,3.7760850588879
534.746773154231,391.599924847772,3.31057572326731
74.416723193476,79.4525888399925,5.20993992543881
3.30879729124021,75.7950054221793,3.51012183086056
589.608073054819,230.327391746054,4.12006107557014
440.093557798853,462.907586805717,4.78904567143765
660.370010556085,375.279555835083,3.11044055832228
101.71118066811,484.246276616489,4.44629915931679
623.544119252447,94.3640548820921,4.02758555004127
422.026591749896,259.798394289177,3.59586441100903
10.1408061109702,180.581556303511,3.18757829828615
68.5781307121055,108.658089417185,4.55289648209362
613.480942310354,198.110948549388,4.3385294339817
245.628873128199,219.647707611439,3.66582896791468
584.997334678331,439.745492926231,3.80680724049103
302.037950557217,136.408855887788,4.13438696632554
526.568955245754,460.28256500527,3.54116403805269
43.5618483512017,408.610423571346,3.86722486727024
202.885251437409,278.932212507765,4.01162525846794
553.878348277533,260.859199841499,3.79045446159208
160.333113539432,29.1322604564386,4.19404113236594
497.964340423339,345.037922340264,4.63969555541504
38.6106762412743,54.2194045187195,4.11896059616303
542.919096722446,161.495355287605,4.590177666412
NA,NA,NA
659.84842270465,335.528102926897,3.53770386790588
456.001650326374,299.066686662981,3.47723948421721
9.71863756016924,495.226305450828,3.54153773736091
563.040433392592,48.3896627406102,4.18677717240775
73.9305329557694,375.736812344779,4.02667454505425
227.250986885215,408.752688358019,3.88141828638663
425.027015164724,12.8935669802511,3.44037740016082
363.311468038296,293.921404930021,3.09531022083085
601.235992614069,101.224134777249,4.16915769280417
392.00894692646,229.769412625461,4.12274809664376
563.699307626362,415.919536217883,4.73756226000923
145.140542842224,282.196753108879,4.57850899186063
196.822481454288,366.463220975948,3.90685659979963
121.933576100157,413.511702883847,3.49039627850061
627.337497808086,311.312816094455,4.65842063911904
-0.353988228566994,144.898920616529,4.18277905984678
545.046693223947,206.045162065119,4.13170217580096
35.7421617036375,492.770748759945,3.04671869589094
275.722505136301,25.6527158897864,4.01278092603011
535.986313092164,391.197921928465,3.47401958054289
78.2375676369672,82.1318186046331,5.09490014497497
1.77674707575911,80.8217877423896,3.53462169861983
584.677064721193,230.046652728572,3.98698457730696
442.009770829527,464.813895642502,4.7235218888264
660.001070028573,376.462419790187,3.24347760523005
104.368239009764,485.466193580656,4.30567982873846
625.286013929187,93.2092136934034,4.08402511243566
417.42576485886,257.25472182056,3.65451552964981
11.996944949059,181.464384100113,3.24986668818117
67.0339611152507,114.840238578839,4.6081299930514
607.685178536078,188.54588886363,4.18178911802121
255.678610239469,219.244806406799,3.90686222372189
570.177938916465,442.870539171324,4.11873735019624
304.491084793449,135.139790256355,3.8727130227445
531.159073906231,461.63444947925,3.58358068537316
44.3671556138323,429.349767366638,4.18634954031031
197.769773088073,289.918030540846,3.85273670780083
556.646853327994,266.558232967611,3.68030621031279
182.530295476495,38.8772260959978,4.27623475038329
504.526074952495,351.77337730162,4.28126778969914
35.3737327885329,56.6316583219675,4.00897880858846
517.788406788206,141.518331154559,4.56672185195386
NA,NA,NA
659.84842270465,335.528102926897,3.53770386790588
456.001650326374,299.066686662981,3.47723948421721
9.71863756016924,495.226305450828,3.54153773736091
563.040433392592,48.3896627406102,4.18677717240775
73.9305329557694,375.736812344779,4.02667454505425
227.250986885215,408.752688358019,3.88141828638663
425.027015164724,12.8935669802511,3.44037740016082
363.311468038296,293.921404930021,3.09531022083085
601.235992614069,101.224134777249,4.16915769280417
392.00894692646,229.769412625461,4.12274809664376
563.699307626362,415.919536217883,4.73756226000923
145.140542842224,282.196753108879,4.57850899186063
196.822481454288,366.463220975948,3.90685659979963
121.933576100157,413.511702883847,3.49039627850061
627.337497808086,311.312816094455,4.65842063911904
-0.353988228566994,144.898920616529,4.18277905984678
545.046693223947,206.045162065119,4.13170217580096
35.7421617036375,492.770748759945,3.04671869589094
275.722505136301,25.6527158897864,4.01278092603011
535.986313092164,391.197921928465,3.47401958054289
78.2375676369672,82.1318186046331,5.09490014497497
1.77674707575911,80.8217877423896,3.53462169861983
584.677064721193,230.046652728572,3.98698457730696
442.009770829527,464.813895642502,4.7235218888264
660.001070028573,376.462419790187,3.24347760523005
104.368239009764,485.466193580656,4.30567982873846
625.286013929187,93.2092136934034,4.08402511243566
417.42576485886,257.25472182056,3.65451552964981
11.996944949059,181.464384100113,3.24986668818117
67.0339611152507,114.840238578839,4.6081299930514
607.685178536078,188.54588886363,4.18178911802121
255.678610239469,219.244806406799,3.90686222372189
570.177938916465,442.870539171324,4.11873735019624
304.491084793449,135.139790256355,3.8727130227445
531.159073906231,461.63444947925,3.58358068537316
44.3671556138323,429.349767366638,4.18634954031031
197.769773088073,289.918030540846,3.85273670780083
556.646853327994,266.558232967611,3.68030621031279
182.530295476495,38.8772260959978,4.27623475038329
504.526074952495,351.77337730162,4.28126778969914
35.3737327885329,56.6316583219675,4.00897880858846
517.788406788206,141.518331154559,4.56672185195386
NA,NA,NA
659.84842270465,335.528102926897,3.53770386790588
456.001650326374,299.066686662981,3.47723948421721
9.71863756016924,495.226305450828,3.54153773736091
563.040433392592,48.3896627406102,4.18677717240775
73.9305329557694,375.736812344779,4.02667454505425
227.250986885215,408.752688358019,3.88141828638663
425.027015164724,12.8935669802511,3.44037740016082
363.311468038296,293.921404930021,3.09531022083085
601.235992614069,101.224134777249,4.16915769280417
392.00894692646,229.769412625461,4.12274809664376
563.699307626362,415.919536217883,4.73756226000923
145.140542842224,282.196753108879,4.57850899186063
196.822481454288,366.463220975948,3.90685659979963
121.933576100157,413.511702883847,3.49039627850061
627.337497808086,311.312816094455,4.65842063911904
-0.353988228566994,144.898920616529,4.18277905984678
545.046693223947,206.045162065119,4.13170217580096
35.7421617036375,492.770748759945,3.04671869589094
275.722505136301,25.6527158897864,4.01278092603011
535.986313092164,391.197921928465,3.47401958054289
78.2375676369672,82.1318186046331,5.09490014497497
1.77674707575911,80.8217877423896,3.53462169861983
584.677064721193,230.046652728572,3.98698457730696
442.009770829527,464.813895642502,4.7235218888264
660.001070028573,376.462419790187,3.24347760523005
104.368239009764,485.466193580656,4.30567982873846
625.286013929187,93.2092136934034,4.08402511243566
417.42576485886,257.25472182056,3.65451552964981
11.996944949059,181.464384100113,3.24986668818117
67.0339611152507,114.840238578839,4.6081299930514
607.685178536078,188.54588886363,4.18178911802121
255.678610239469,219.244806406799,3.90686222372189
570.177938916465,442.870539171324,4.11873735019624
304.491084793449,135.139790256355,3.8727130227445
531.159073906231,461.63444947925,3.58358068537316
44.3671556138323,429.349767366638,4.18634954031031
197.769773088073,289.918030540846,3.85273670780083
556.646853327994,266.558232967611,3.68030621031279
182.530295476495,38.8772260959978,4.27623475038329
504.526074952495,351.77337730162,4.28126778969914
35.3737327885329,56.6316583219675,4.00897880858846
517.788406788206,141.518331154559,4.56672185195386
NA,NA,NA
659.84842270465,335.528102926897,3.53770386790588
456.001650326374,299.066686662981,3.47723948421721
9.71863756016924,495.226305450828,3.54153773736091
563.040433392592,48.3896627406102,4.18677717240775
73.9305329557694,375.736812344779,4.02667454505425
227.250986885215,408.752688358019,3.88141828638663
425.027015164724,12.8935669802511,3.44037740016082
363.311468038296,293.921404930021,3.09531022083085
601.235992614069,101.224134777249,4.16915769280417
392.00894692646,229.769412625461,4.12274809664376
563.699307626362,415.919536217883,4.73756226000923
145.140542842224,282.196753108879,4.57850899186063
196.822481454288,366.463220975948,3.90685659979963
121.933576100157,413.511702883847,3.49039627850061
627.337497808086,311.312816094455,4.65842063911904
-0.353988228566994,144.898920616529,4.18277905984678
545.046693223947,206.045162065119,4.13170217580096
35.7421617036375,492.770748759945,3.04671869589094
275.722505136301,25.6527158897864,4.01278092603011
535.986313092164,391.197921928465,3.47401958054289
78.2375676369672,82.1318186046331,5.09490014497497
1.77674707575911,80.8217877423896,3.53462169861983
584.677064721193,230.046652728572,3.98698457730696
442.009770829527,464.813895642502,4.7235218888264
660.001070028573,376.462419790187,3.24347760523005
104.368239009764,485.466193580656,4.30567982873846
625.286013929187,93.2092136934034,4.08402511243566
417.42576485886,257.25472182056,3.65451552964981
11.996944949059,181.464384100113,3.24986668818117
67.0339611152507,114.840238578839,4.6081299930514
607.685178536078,188.54588886363,4.18178911802121
255.678610239469,219.244806406799,3.90686222372189
570.177938916465,442.870539171324,4.11873735019624
304.491084793449,135.139790256355,3.8727130227445
531.159073906231,461.63444947925,3.58358068537316
44.3671556138323,429.349767366638,4.18634954031031
197.769773088073,289.918030540846,3.85273670780083
556.646853327994,266.558232967611,3.68030621031279
182.530295476495,38.8772260959978,4.27623475038329
504.526074952495,351.77337730162,4.28126778969914
35.3737327885329,56.6316583219675,4.00897880858846
517.788406788206,141.518331154559,4.56672185195386
NA,NA,NA
659.84842270465,335.528102926897,3.53770386790588
456.001650326374,299.066686662981,3.47723948421721
9.71863756016924,495.226305450828,3.54153773736091
563.040433392592,48.3896627406102,4.18677717240775
73.9305329557694,375.736812344779,4.02667454505425
227.250986885215,408.752688358019,3.88141828638663
425.027015164724,12.8935669802511,3.44037740016082
363.311468038296,293.921404930021,3.09531022083085
601.235992614069,101.224134777249,4.16915769280417
392.00894692646,229.769412625461,4.12274809664376
563.699307626362,415.919536217883,4.73756226000923
145.140542842224,282.196753108879,4.57850899186063
196.822481454288,366.463220975948,3.90685659979963
121.933576100157,413.511702883847,3.49039627850061
627.337497808086,311.312816094455,4.65842063911904
-0.353988228566994,144.898920616529,4.18277905984678
545.046693223947,206.045162065119,4.13170217580096
35.7421617036375,492.770748759945,3.04671869589094
275.722505136301,25.6527158897864,4.01278092603011
535.986313092164,391.197921928465,3.47401958054289
78.2375676369672,82.1318186046331,5.09490014497497
1.77674707575911,80.8217877423896,3.53462169861983
584.677064721193,230.046652728572,3.98698457730696
442.009770829527,464.813895642502,4.7235218888264
660.001070028573,376.462419790187,3.24347760523005
104.368239009764,485.466193580656,4.30567982873846
625.286013929187,93.2092136934034,4.08402511243566
417.42576485886,257.25472182056,3.65451552964981
11.996944949059,181.464384100113,3.24986668818117
67.0339611152507,114.840238578839,4.6081299930514
607.685178536078,188.54588886363,4.18178911802121
255.678610239469,219.244806406799,3.90686222372189
570.177938916465,442.870539171324,4.11873735019624
304.491084793449,135.139790256355,3.8727130227445
531.159073906231,461.63444947925,3.58358068537316
44.3671556138323,429.349767366638,4.18634954031031
197.769773088073,289.918030540846,3.85273670780083
556.646853327994,266.558232967611,3.68030621031279
182.530295476495,38.8772260959978,4.27623475038329
504.526074952495,351.77337730162,4.28126778969914
35.3737327885329,56.6316583219675,4.00897880858846
517.788406788206,141.518331154559,4.56672185195386
NA,NA,NA
659.84842270465,335.528102926897,3.53770386790588
456.001650326374,299.066686662981,3.47723948421721
9.71863756016924,495.226305450828,3.54153773736091
563.040433392592,48.3896627406102,4.18677717240775
73.9305329557694,375.736812344779,4.02667454505425
227.250986885215,408.752688358019,3.88141828638663
425.027015164724,12.8935669802511,3.44037740016082
363.311468038296,293.921404930021,3.09531022083085
601.235992614069,101.224134777249,4.16915769280417
392.00894692646,229.769412625461,4.12274809664376
563.699307626362,415.919536217883,4.73756226000923
145.140542842224,282.196753108879,4.57850899186063
196.822481454288,366.463220975948,3.90685659979963
121.933576100157,413.511702883847,3.49039627850061
627.337497808086,311.312816094455,4.65842063911904
-0.353988228566994,144.898920616529,4.18277905984678
545.046693223947,206.045162065119,4.13170217580096
35.7421617036375,492.770748759945,3.04671869589094
275.722505136301,25.6527158897864,4.01278092603011
535.986313092164,391.197921928465,3.47401958054289
78.2375676369672,82.1318186046331,5.09490014497497
1.77674707575911,80.8217877423896,3.53462169861983
584.677064721193,230.046652728572,3.98698457730696
442.009770829527,464.813895642502,4.7235218888264
660.001070028573,376.462419790187,3.24347760523005
104.368239009764,485.466193580656,4.30567982873846
625.286013929187,93.2092136934034,4.08402511243566
417.42576485886,257.25472182056,3.65451552964981
11.996944949059,181.464384100113,3.24986668818117
67.0339611152507,114.840238578839,4.6081299930514
607.685178536078,188.54588886363,4.18178911802121
255.678610239469,219.244806406799,3.90686222372189
570.177938916465,442.870539171324,4.11873735019624
304.491084793449,135.139790256355,3.8727130227445
531.159073906231,461.63444947925,3.58358068537316
44.3671556138323,429.349767366638,4.18634954031031
197.769773088073,289.918030540846,3.85273670780083
556.646853327994,266.558232967611,3.68030621031279
182.530295476495,38.8772260959978,4.27623475038329
504.526074952495,351.77337730162,4.28126778969914
35.3737327885329,56.6316583219675,4.00897880858846
517.788406788206,141.518331154559,4.56672185195386
NA,NA,NA
658.937743095097,336.756276566029,3.58707228440945
455.538733154834,298.557008972273,3.80615992375099
8.17709403297048,491.013460544681,3.62918408015111
568.33935318556,54.8407346066925,4.20415344563788
67.126833314224,378.141067647631,4.07527827299467
228.496778289672,413.763489497046,3.85918730599352
429.1129355774,12.1385398145996,3.37991253635805
365.561091624011,290.792329150374,3.05715259469768
604.222817816456,102.543311042393,4.2438373199207
388.47415968848,227.22687994531,4.23167758609447
566.363025696814,395.580538386204,4.74508255765684
138.815073434587,281.617600592027,4.6494071976691
194.582935766732,376.89387937353,4.06089265050552
125.889178896936,411.644230564176,3.46906705244248
623.84026010643,316.866119376566,4.6508327041135
0.514797701114781,147.062792887561,4.23633648636143
542.652416068908,201.684324654673,4.07213912951823
32.2589784586843,488.833684519541,2.98819457392265
278.258633524131,26.5244122741678,3.86311746215131
532.305497777988,394.347200012078,3.3689715413412
76.0333255684073,78.1505104611015,5.03763094973781
6.02833189194747,73.5653812946186,3.44092689072472
586.162449367415,222.618182977909,4.10710810528143
440.672693976303,455.753077772223,4.78835328268968
658.493081812545,373.118952020057,3.14318234422183
108.673209481486,483.519744440135,4.29876599347356
626.213459998936,85.0971524676732,4.06209713704716
419.406364517047,260.643743872716,3.65198453112396
7.87348024579398,181.506472243007,3.23367640996762
67.7914434218185,116.815829889382,4.32602176279619
614.149803864675,190.965411017534,4.04940224379864
253.147203734662,226.559678068391,4.10751252222531
573.055881482287,439.633783824664,3.85408693617162
303.588146818747,136.20556564887,3.71478351556923
530.475458427924,450.310506698778,3.56446096108008
55.4066205486021,414.744690930485,4.03187320375452
204.970879060558,289.42919885084,4.24455353964039
549.380934963682,255.340919812189,3.69863654353834
163.899013298882,40.5290923205214,4.23758318903874
506.471503924503,339.746172908537,4.42695448801403
51.5092292955046,62.3546073554377,3.20677879310112
522.425597406328,155.277509533473,4.54067310351961
NA,NA,NA
658.937743095097,336.756276566029,3.58707228440945
455.538733154834,298.557008972273,3.80615992375099
8.17709403297048,491.013460544681,3.62918408015111
568.33935318556,54.8407346066925,4.20415344563788
67.126833314224,378.141067647631,4.07527827299467
228.496778289672,413.763489497046,3.85918730599352
429.1129355774,12.1385398145996,3.37991253635805
365.561091624011,290.792329150374,3.05715259469768
604.222817816456,102.543311042393,4.2438373199207
388.47415968848,227.22687994531,4.23167758609447
566.363025696814,395.580538386204,4.74508255765684
138.815073434587,281.617600592027,4.6494071976691
194.582935766732,376.89387937353,4.06089265050552
125.889178896936,411.644230564176,3.46906705244248
623.84026010643,316.866119376566,4.6508327041135
0.514797701114781,147.062792887561,4.23633648636143
542.652416068908,201.684324654673,4.07213912951823
32.2589784586843,488.833684519541,2.98819457392265
278.258633524131,26.5244122741678,3.86311746215131
532.305497777988,394.347200012078,3.3689715413412
76.0333255684073,78.1505104611015,5.03763094973781
6.02833189194747,73.5653812946186,3.44092689072472
586.162449367415,222.618182977909,4.10710810528143
440.672693976303,455.753077772223,4.78835328268968
658.493081812545,373.118952020057,3.14318234422183
108.673209481486,483.519744440135,4.29876599347356
626.213459998936,85.0971524676732,4.06209713704716
419.406364517047,260.643743872716,3.65198453112396
7.87348024579398,181.506472243007,3.23367640996762
67.7914434218185,116.815829889382,4.32602176279619
614.149803864675,190.965411017534,4.04940224379864
253.147203734662,226.559678068391,4.10751252222531
573.055881482287,439.633783824664,3.85408693617162
303.588146818747,136.20556564887,3.71478351556923
530.475458427924,450.310506698778,3.56446096108008
55.4066205486021,414.744690930485,4.03187320375452
204.970879060558,289.42919885084,4.24455353964039
549.380934963682,255.340919812189,3.69863654353834
163.899013298882,40.5290923205214,4.23758318903874
506.471503924503,339.746172908537,4.42695448801403
51.5092292955046,62.3546073554377,3.20677879310112
522.425597406328,155.277509533473,4.54067310351961
NA,NA,NA
658.937743095097,336.756276566029,3.58707228440945
455.538733154834,298.557008972273,3.80615992375099
8.17709403297048,491.013460544681,3.62918408015111
568.33935318556,54.8407346066925,4.20415344563788
67.126833314224,378.141067647631,4.07527827299467
228.496778289672,413.763489497046,3.85918730599352
429.1129355774,12.1385398145996,3.37991253635805
365.561091624011,290.792329150374,3.05715259469768
604.222817816456,102.543311042393,4.2438373199207
388.47415968848,227.22687994531,4.23167758609447
566.363025696814,395.580538386204,4.74508255765684
138.815073434587,281.617600592027,4.6494071976691
194.582935766732,376.89387937353,4.06089265050552
125.889178896936,411.644230564176,3.46906705244248
623.84026010643,316.866119376566,4.6508327041135
0.514797701114781,147.062792887561,4.23633648636143
542.652416068908,201.684324654673,4.07213912951823
32.2589784586843,488.833684519541,2.98819457392265
278.258633524131,26.5244122741678,3.86311746215131
532.305497777988,394.347200012078,3.3689715413412
76.0333255684073,78.1505104611015,5.03763094973781
6.02833189194747,73.5653812946186,3.44092689072472
586.162449367415,222.618182977909,4.10710810528143
440.672693976303,455.753077772223,4.78835328268968
658.493081812545,373.118952020057,3.14318234422183
108.673209481486,483.519744440135,4.29876599347356
626.213459998936,85.0971524676732,4.06209713704716
419.406364517047,260.643743872716,3.65198453112396
7.87348024579398,181.506472243007,3.23367640996762
67.7914434218185,116.815829889382,4.32602176279619
614.149803864675,190.965411017534,4.04940224379864
253.147203734662,226.559678068391,4.10751252222531
573.055881482287,439.633783824664,3.85408693617162
303.588146818747,136.20556564887,3.71478351556923
530.475458427924,450.310506698778,3.56446096108008
55.4066205486021,414.744690930485,4.03187320375452
204.970879060558,289.42919885084,4.24455353964039
549.380934963682,255.340919812189,3.69863654353834
163.899013298882,40.5290923205214,4.23758318903874
506.471503924503,339.746172908537,4.42695448801403
51.5092292955046,62.3546073554377,3.20677879310112
522.425597406328,155.277509533473,4.54067310351961
NA,NA,NA
658.937743095097,336.756276566029,3.58707228440945
455.538733154834,298.557008972273,3.80615992375099
8.17709403297048,491.013460544681,3.62918408015111
568.33935318556,54.8407346066925,4.20415344563788
67.126833314224,378.141067647631,4.07527827299467
228.496778289672,413.763489497046,3.85918730599352
429.1129355774,12.1385398145996,3.37991253635805
365.561091624011,290.792329150374,3.05715259469768
604.222817816456,102.543311042393,4.2438373199207
388.47415968848,227.22687994531,4.23167758609447
566.363025696814,395.580538386204,4.74508255765684
138.815073434587,281.617600592027,4.6494071976691
194.582935766732,376.89387937353,4.06089265050552
125.889178896936,411.644230564176,3.46906705244248
623.84026010643,316.866119376566,4.6508327041135
0.514797701114781,147.062792887561,4.23633648636143
542.652416068908,201.684324654673,4.07213912951823
32.2589784586843,488.833684519541,2.98819457392265
278.258633524131,26.5244122741678,3.86311746215131
532.305497777988,394.347200012078,3.3689715413412
76.0333255684073,78.1505104611015,5.03763094973781
6.02833189194747,73.5653812946186,3.44092689072472
586.162449367415,222.618182977909,4.10710810528143
440.672693976303,455.753077772223,4.78835328268968
658.493081812545,373.118952020057,3.14318234422183
108.673209481486,483.519744440135,4.29876599347356
626.213459998936,85.0971524676732,4.06209713704716
419.406364517047,260.643743872716,3.65198453112396
7.87348024579398,181.506472243007,3.23367640996762
67.7914434218185,116.815829889382,4.32602176279619
614.149803864675,190.965411017534,4.04940224379864
253.147203734662,226.559678068391,4.10751252222531
573.055881482287,439.633783824664,3.85408693617162
303.588146818747,136.20556564887,3.71478351556923
530.475458427924,450.310506698778,3.56446096108008
55.4066205486021,414.744690930485,4.03187320375452
204.970879060558,289.42919885084,4.24455353964039
549.380934963682,255.340919812189,3.69863654353834
163.899013298882,40.5290923205214,4.23758318903874
506.471503924503,339.746172908537,4.42695448801403
51.5092292955046,62.3546073554377,3.20677879310112
522.425597406328,155.277509533473,4.54067310351961
NA,NA,NA
658.937743095097,336.756276566029,3.58707228440945
455.538733154834,298.557008972273,3.80615992375099
8.17709403297048,491.013460544681,3.62918408015111
568.33935318556,54.8407346066925,4.20415344563788
67.126833314224,378.141067647631,4.07527827299467
228.496778289672,413.763489497046,3.85918730599352
429.1129355774,12.1385398145996,3.37991253635805
365.561091624011,290.792329150374,3.05715259469768
604.222817816456,102.543311042393,4.2438373199207
388.47415968848,227.22687994531,4.23167758609447
566.363025696814,395.580538386204,4.74508255765684
138.815073434587,281.617600592027,4.6494071976691
194.582935766732,376.89387937353,4.06089265050552
125.889178896936,411.644230564176,3.46906705244248
623.84026010643,316.866119376566,4.6508327041135
0.514797701114781,147.062792887561,4.23633648636143
542.652416068908,201.684324654673,4.07213912951823
32.2589784586843,488.833684519541,2.98819457392265
278.258633524131,26.5244122741678,3.86311746215131
532.305497777988,394.347200012078,3.3689715413412
76.0333255684073,78.1505104611015,5.03763094973781
6.02833189194747,73.5653812946186,3.44092689072472
586.162449367415,222.618182977909,4.10710810528143
440.672693976303,455.753077772223,4.78835328268968
658.493081812545,373.118952020057,3.14318234422183
108.673209481486,483.519744440135,4.29876599347356
626.213459998936,85.0971524676732,4.06209713704716
419.406364517047,260.643743872716,3.65198453112396
7.87348024579398,181.506472243007,3.23367640996762
67.7914434218185,116.815829889382,4.32602176279619
614.149803864675,190.965411017534,4.04940224379864
253.147203734662,226.559678068391,4.10751252222531
573.055881482287,439.633783824664,3.85408693617162
303.588146818747,136.20556564887,3.71478351556923
530.475458427924,450.310506698778,3.56446096108008
55.4066205486021,414.744690930485,4.03187320375452
204.970879060558,289.42919885084,4.24455353964039
549.380934963682,255.340919812189,3.69863654353834
163.899013298882,40.5290923205214,4.23758318903874
506.471503924503,339.746172908537,4.42695448801403
51.5092292955046,62.3546073554377,3.20677879310112
522.425597406328,155.277509533473,4.54067310351961
NA,NA,NA
658.937743095097,336.756276566029,3.58707228440945
455.538733154834,298.557008972273,3.80615992375099
8.17709403297048,491.013460544681,3.62918408015111
568.33935318556,54.8407346066925,4.20415344563788
67.126833314224,378.141067647631,4.07527827299467
228.496778289672,413.763489497046,3.85918730599352
429.1129355774,12.1385398145996,3.37991253635805
365.561091624011,290.792329150374,3.05715259469768
604.222817816456,102.543311042393,4.2438373199207
388.47415968848,227.22687994531,4.23167758609447
566.363025696814,395.580538386204,4.74508255765684
138.815073434587,281.617600592027,4.6494071976691
194.582935766732,376.89387937353,4.06089265050552
125.889178896936,411.644230564176,3.46906705244248
623.84026010643,316.866119376566,4.6508327041135
0.514797701114781,147.062792887561,4.23633648636143
542.652416068908,201.684324654673,4.07213912951823
32.2589784586843,488.833684519541,2.98819457392265
278.258633524131,26.5244122741678,3.86311746215131
532.305497777988,394.347200012078,3.3689715413412
76.0333255684073,78.1505104611015,5.03763094973781
6.02833189194747,73.5653812946186,3.44092689072472
586.162449367415,222.618182977909,4.10710810528143
440.672693976303,455.753077772223,4.78835328268968
658.493081812545,373.118952020057,3.14318234422183
108.673209481486,483.519744440135,4.29876599347356
626.213459998936,85.0971524676732,4.06209713704716
419.406364517047,260.643743872716,3.65198453112396
7.87348024579398,181.506472243007,3.23367640996762
67.7914434218185,116.815829889382,4.32602176279619
614.149803864675,190.965411017534,4.04940224379864
253.147203734662,226.559678068391,4.10751252222531
573.055881482287,439.633783824664,3.85408693617162
303.588146818747,136.20556564887,3.71478351556923
530.475458427924,450.310506698778,3.56446096108008
55.4066205486021,414.744690930485,4.03187320375452
204.970879060558,289.42919885084,4.24455353964039
549.380934963682,255.340919812189,3.69863654353834
163.899013298882,40.5290923205214,4.23758318903874
506.471503924503,339.746172908537,4.42695448801403
51.5092292955046,62.3546073554377,3.20677879310112
522.425597406328,155.277509533473,4.54067310351961
NA,NA,NA
662.495297853617,334.545831226098,3.49485274443006
456.760323813555,298.713152264938,3.66743531632301
15.6294509409564,491.62454564561,3.55962260793514
561.087358477981,52.541398684265,4.19435496493746
70.1489516102877,372.074522354584,3.9032026047957
229.381717073351,413.943139823453,3.81258097288451
429.271721697005,13.0801371704262,3.40723000772721
362.757442986014,290.963724872667,3.00572752775448
603.337673963758,106.884515743424,4.11157065864777
392.574133037171,226.929428938585,4.14786358543679
571.372306237389,409.545347969083,4.76426404389639
132.179608183873,284.12282891922,4.74196525693755
193.920233061441,372.205949078491,4.04298191528306
120.981462864761,410.134787593314,3.36794301049469
631.227856557488,308.181201139851,4.72732118366287
2.15077547007603,148.561929995114,4.16069845599361
547.671150215194,203.727860771932,4.31622161425129
33.193232135004,490.322638431574,3.02120018786887
275.725859163009,21.102285570408,3.65940804849488
535.592857724269,393.310269213427,3.37499362103477
68.4631441415325,83.06369483639,5.30345365899593
6.47483907343788,77.8087800532178,3.46070564306678
590.597842814886,227.438435073557,3.93322196476283
440.472622461565,453.715822472966,4.85341923184848
658.664860485371,374.744220081702,3.09516287516376
107.57395900359,480.637249769739,4.32102425591537
623.616471826129,92.9589159374327,4.07913024481125
421.283082418639,259.885468087663,3.61671291673891
13.3998185702527,182.476094472995,3.14323014993133
48.7005088858971,109.262567893683,4.28906173905505
611.089222602624,189.366226558973,4.20054168291824
251.651834435986,227.395332639388,3.65584119008953
564.344997892297,439.506965695164,3.78775091574409
300.499131493311,141.28707587587,3.89959108395813
535.645438952136,453.942894016265,3.33567212617909
44.290581174679,410.816079145512,3.96487430454237
197.782910556478,287.212245721235,4.17485462896471
555.510881566624,253.617523158444,3.59386763473248
170.665159680176,21.4483694547756,4.38385394965888
501.278567613196,337.571805469268,4.46046316169765
38.9676671898113,50.7541270307173,3.30072111264396
521.49197809802,151.938707575532,4.34073246151242
NA,NA,NA
662.495297853617,334.545831226098,3.49485274443006
456.760323813555,298.713152264938,3.66743531632301
15.6294509409564,491.62454564561,3.55962260793514
561.087358477981,52.541398684265,4.19435496493746
70.1489516102877,372.074522354584,3.9032026047957
229.381717073351,413.943139823453,3.81258097288451
429.271721697005,13.0801371704262,3.40723000772721
362.757442986014,290.963724872667,3.00572752775448
603.337673963758,106.884515743424,4.11157065864777
392.574133037171,226.929428938585,4.14786358543679
571.372306237389,409.545347969083,4.76426404389639
132.179608183873,284.12282891922,4.74196525693755
193.920233061441,372.205949078491,4.04298191528306
120.981462864761,410.134787593314,3.36794301049469
631.227856557488,308.181201139851,4.72732118366287
2.15077547007603,148.561929995114,4.16069845599361
547.671150215194,203.727860771932,4.31622161425129
33.193232135004,490.322638431574,3.02120018786887
275.725859163009,21.102285570408,3.65940804849488
535.592857724269,393.310269213427,3.37499362103477
68.4631441415325,83.06369483639,5.30345365899593
6.47483907343788,77.8087800532178,3.46070564306678
590.597842814886,227.438435073557,3.93322196476283
440.472622461565,453.715822472966,4.85341923184848
658.664860485371,374.744220081702,3.09516287516376
107.57395900359,480.637249769739,4.32102425591537
623.616471826129,92.9589159374327,4.07913024481125
421.283082418639,259.885468087663,3.61671291673891
13.3998185702527,182.476094472995,3.14323014993133
48.7005088858971,109.262567893683,4.28906173905505
611.089222602624,189.366226558973,4.20054168291824
251.651834435986,227.395332639388,3.65584119008953
564.344997892297,439.506965695164,3.78775091574409
300.499131493311,141.28707587587,3.89959108395813
535.645438952136,453.942894016265,3.33567212617909
44.290581174679,410.816079145512,3.96487430454237
197.782910556478,287.212245721235,4.17485462896471
555.510881566624,253.617523158444,3.59386763473248
170.665159680176,21.4483694547756,4.38385394965888
501.278567613196,337.571805469268,4.46046316169765
38.9676671898113,50.7541270307173,3.30072111264396
521.49197809802,151.938707575532,4.34073246151242
NA,NA,NA
662.495297853617,334.545831226098,3.49485274443006
456.760323813555,298.713152264938,3.66743531632301
15.6294509409564,491.62454564561,3.55962260793514
561.087358477981,52.541398684265,4.19435496493746
70.1489516102877,372.074522354584,3.9032026047957
229.381717073351,413.943139823453,3.81258097288451
429.271721697005,13.0801371704262,3.40723000772721
362.757442986014,290.963724872667,3.00572752775448
603.337673963758,106.884515743424,4.11157065864777
392.574133037171,226.929428938585,4.14786358543679
571.372306237389,409.545347969083,4.76426404389639
132.179608183873,284.12282891922,4.74196525693755
193.920233061441,372.205949078491,4.04298191528306
120.981462864761,410.134787593314,3.36794301049469
631.227856557488,308.181201139851,4.72732118366287
2.15077547007603,148.561929995114,4.16069845599361
547.671150215194,203.727860771932,4.31622161425129
33.193232135004,490.322638431574,3.02120018786887
275.725859163009,21.102285570408,3.65940804849488
535.592857724269,393.310269213427,3.37499362103477
68.4631441415325,83.06369483639,5.30345365899593
6.47483907343788,77.8087800532178,3.46070564306678
590.597842814886,227.438435073557,3.93322196476283
440.472622461565,453.715822472966,4.85341923184848
658.664860485371,374.744220081702,3.09516287516376
107.57395900359,480.637249769739,4.32102425591537
623.616471826129,92.9589159374327,4.07913024481125
421.283082418639,259.885468087663,3.61671291673891
13.3998185702527,182.476094472995,3.14323014993133
48.7005088858971,109.262567893683,4.28906173905505
611.089222602624,189.366226558973,4.20054168291824
251.651834435986,227.395332639388,3.65584119008953
564.344997892297,439.506965695164,3.78775091574409
300.499131493311,141.28707587587,3.89959108395813
535.645438952136,453.942894016265,3.33567212617909
44.290581174679,410.816079145512,3.96487430454237
197.782910556478,287.212245721235,4.17485462896471
555.510881566624,253.617523158444,3.59386763473248
170.665159680176,21.4483694547756,4.38385394965888
501.278567613196,337.571805469268,4.46046316169765
38.9676671898113,50.7541270307173,3.30072111264396
521.49197809802,151.938707575532,4.34073246151242
NA,NA,NA
662.495297853617,334.545831226098,3.49485274443006
456.760323813555,298.713152264938,3.66743531632301
15.6294509409564,491.62454564561,3.55962260793514
561.087358477981,52.541398684265,4.19435496493746
70.1489516102877,372.074522354584,3.9032026047957
229.381717073351,413.943139823453,3.81258097288451
429.271721697005,13.0801371704262,3.40723000772721
362.757442986014,290.963724872667,3.00572752775448
603.337673963758,106.884515743424,4.11157065864777
392.574133037171,226.929428938585,4.14786358543679
571.372306237389,409.545347969083,4.76426404389639
132.179608183873,284.12282891922,4.74196525693755
193.920233061441,372.205949078491,4.04298191528306
120.981462864761,410.134787593314,3.36794301049469
631.227856557488,308.181201139851,4.72732118366287
2.15077547007603,148.561929995114,4.16069845599361
547.671150215194,203.727860771932,4.31622161425129
33.193232135004,490.322638431574,3.02120018786887
275.725859163009,21.102285570408,3.65940804849488
535.592857724269,393.310269213427,3.37499362103477
68.4631441415325,83.06369483639,5.30345365899593
6.47483907343788,77.8087800532178,3.46070564306678
590.597842814886,227.438435073557,3.93322196476283
440.472622461565,453.715822472966,4.85341923184848
658.664860485371,374.744220081702,3.09516287516376
107.57395900359,480.637249769739,4.32102425591537
623.616471826129,92.9589159374327,4.07913024481125
421.283082418639,259.885468087663,3.61671291673891
13.3998185702527,182.476094472995,3.14323014993133
48.7005088858971,109.262567893683,4.28906173905505
611.089222602624,189.366226558973,4.20054168291824
251.651834435986,227.395332639388,3.65584119008953
564.344997892297,439.506965695164,3.78775091574409
300.499131493311,141.28707587587,3.89959108395813
535.645438952136,453.942894016265,3.33567212617909
44.290581174679,410.816079145512,3.96487430454237
197.782910556478,287.212245721235,4.17485462896471
555.510881566624,253.617523158444,3.59386763473248
170.665159680176,21.4483694547756,4.38385394965888
501.278567613196,337.571805469268,4.46046316169765
38.9676671898113,50.7541270307173,3.30072111264396
521.49197809802,151.938707575532,4.34073246151242
NA,NA,NA
662.495297853617,334.545831226098,3.49485274443006
456.760323813555,298.713152264938,3.66743531632301
15.6294509409564,491.62454564561,3.55962260793514
561.087358477981,52.541398684265,4.19435496493746
70.1489516102877,372.074522354584,3.9032026047957
229.381717073351,413.943139823453,3.81258097288451
429.271721697005,13.0801371704262,3.40723000772721
362.757442986014,290.963724872667,3.00572752775448
603.337673963758,106.884515743424,4.11157065864777
392.574133037171,226.929428938585,4.14786358543679
571.372306237389,409.545347969083,4.76426404389639
132.179608183873,284.12282891922,4.74196525693755
193.920233061441,372.205949078491,4.04298191528306
120.981462864761,410.134787593314,3.36794301049469
631.227856557488,308.181201139851,4.72732118366287
2.15077547007603,148.561929995114,4.16069845599361
547.671150215194,203.727860771932,4.31622161425129
33.193232135004,490.322638431574,3.02120018786887
275.725859163009,21.102285570408,3.65940804849488
535.592857724269,393.310269213427,3.37499362103477
68.4631441415325,83.06369483639,5.30345365899593
6.47483907343788,77.8087800532178,3.46070564306678
590.597842814886,227.438435073557,3.93322196476283
440.472622461565,453.715822472966,4.85341923184848
658.664860485371,374.744220081702,3.09516287516376
107.57395900359,480.637249769739,4.32102425591537
623.616471826129,92.9589159374327,4.07913024481125
421.283082418639,259.885468087663,3.61671291673891
13.3998185702527,182.476094472995,3.14323014993133
48.7005088858971,109.262567893683,4.28906173905505
611.089222602624,189.366226558973,4.20054168291824
251.651834435986,227.395332639388,3.65584119008953
564.344997892297,439.506965695164,3.78775091574409
300.499131493311,141.28707587587,3.89959108395813
535.645438952136,453.942894016265,3.33567212617909
44.290581174679,410.816079145512,3.96487430454237
197.782910556478,287.212245721235,4.17485462896471
555.510881566624,253.617523158444,3.59386763473248
170.665159680176,21.4483694547756,4.38385394965888
501.278567613196,337.571805469268,4.46046316169765
38.9676671898113,50.7541270307173,3.30072111264396
521.49197809802,151.938707575532,4.34073246151242
NA,NA,NA
662.495297853617,334.545831226098,3.49485274443006
456.760323813555,298.713152264938,3.66743531632301
15.6294509409564,491.62454564561,3.55962260793514
561.087358477981,52.541398684265,4.19435496493746
70.1489516102877,372.074522354584,3.9032026047957
229.381717073351,413.943139823453,3.81258097288451
429.271721697005,13.0801371704262,3.40723000772721
362.757442986014,290.963724872667,3.00572752775448
603.337673963758,106.884515743424,4.11157065864777
392.574133037171,226.929428938585,4.14786358543679
571.372306237389,409.545347969083,4.76426404389639
132.179608183873,284.12282891922,4.74196525693755
193.920233061441,372.205949078491,4.04298191528306
120.981462864761,410.134787593314,3.36794301049469
631.227856557488,308.181201139851,4.72732118366287
2.15077547007603,148.561929995114,4.16069845599361
547.671150215194,203.727860771932,4.31622161425129
33.193232135004,490.322638431574,3.02120018786887
275.725859163009,21.102285570408,3.65940804849488
535.592857724269,393.310269213427,3.37499362103477
68.4631441415325,83.06369483639,5.30345365899593
6.47483907343788,77.8087800532178,3.46070564306678
590.597842814886,227.438435073557,3.93322196476283
440.472622461565,453.715822472966,4.85341923184848
658.664860485371,374.744220081702,3.09516287516376
107.57395900359,480.637249769739,4.32102425591537
623.616471826129,92.9589159374327,4.07913024481125
421.283082418639,259.885468087663,3.61671291673891
13.3998185702527,182.476094472995,3.14323014993133
48.7005088858971,109.262567893683,4.28906173905505
611.089222602624,189.366226558973,4.20054168291824
251.651834435986,227.395332639388,3.65584119008953
564.344997892297,439.506965695164,3.78775091574409
300.499131493311,141.28707587587,3.89959108395813
535.645438952136,453.942894016265,3.33567212617909
44.290581174679,410.816079145512,3.96487430454237
197.782910556478,287.212245721235,4.17485462896471
555.510881566624,253.617523158444,3.59386763473248
170.665159680176,21.4483694547756,4.38385394965888
501.278567613196,337.571805469268,4.46046316169765
38.9676671898113,50.7541270307173,3.30072111264396
521.49197809802,151.938707575532,4.34073246151242
NA,NA,NA
666.695181904984,333.82935563964,3.44542035962174
453.404421487733,297.081652703747,3.89262249096769
9.88950306020121,496.888172387793,3.5246028466839
557.506439654008,51.5540054602581,4.15314713571362
70.5997721301468,374.259798955421,3.84626767115918
229.453387539889,415.42276280479,3.80344692935947
428.450246340142,14.9287922932714,3.44378055252901
361.929847993361,293.433561336479,3.01547380280525
602.388594746682,104.744527664783,4.22210265881293
393.581996721727,229.935000347814,4.31321367981488
563.596521278,414.914766765393,4.75515101018672
142.303986790085,278.821993105078,4.70728429464656
199.359155950413,369.513423814399,4.03031625109556
126.493247554841,411.565261889889,3.4628638881718
633.107062184334,309.573368542164,4.64460387724129
-1.35658578556635,145.182855922214,4.21590605703124
543.418634389343,204.422749498618,4.13891564550803
33.9150123267742,493.520457637342,2.99339853069741
280.409855781521,19.4307691902339,3.89307831161037
533.943106709595,392.299567669421,3.32889132233313
70.9512540693296,71.031876260933,5.27054728789427
4.22170280812507,71.6950006229345,3.45608321919115
586.531677452218,228.016062048815,4.06573016661865
444.759893762806,463.340312245703,4.7061171775465
659.118353727177,372.104735703572,3.02917283800657
104.629260013149,487.631609187637,4.28678309605975
625.275653894277,91.2378152822686,4.07666986997633
420.123516922949,256.634504060356,3.67068174653014
10.9808405568968,181.488474139721,3.18860009218926
89.7837724202921,97.496997921195,4.38020035884623
601.170745464543,197.004669572678,4.26850309613554
257.07937907831,220.31352079141,3.35650155397473
574.23456244175,441.239929813995,3.78982668184076
302.788997017839,136.905543875073,3.86932306128913
527.900333445623,462.067230896756,3.8116954651112
37.0089214650958,411.634852055918,3.94618324027654
199.807044116015,293.852785471945,4.25806270890287
551.498783679297,253.301519999221,3.78680821485345
184.867786184259,17.8180694873949,4.07225095470385
497.842114252459,352.640717719851,4.5441788416977
34.7939197956307,50.4000057777169,3.72626561284935
530.41234733971,138.120449038026,4.44871995354299
NA,NA,NA
666.695181904984,333.82935563964,3.44542035962174
453.404421487733,297.081652703747,3.89262249096769
9.88950306020121,496.888172387793,3.5246028466839
557.506439654008,51.5540054602581,4.15314713571362
70.5997721301468,374.259798955421,3.84626767115918
229.453387539889,415.42276280479,3.80344692935947
428.450246340142,14.9287922932714,3.44378055252901
361.929847993361,293.433561336479,3.01547380280525
602.388594746682,104.744527664783,4.22210265881293
393.581996721727,229.935000347814,4.31321367981488
563.596521278,414.914766765393,4.75515101018672
142.303986790085,278.821993105078,4.70728429464656
199.359155950413,369.513423814399,4.03031625109556
126.493247554841,411.565261889889,3.4628638881718
633.107062184334,309.573368542164,4.64460387724129
-1.35658578556635,145.182855922214,4.21590605703124
543.418634389343,204.422749498618,4.13891564550803
33.9150123267742,493.520457637342,2.99339853069741
280.409855781521,19.4307691902339,3.89307831161037
533.943106709595,392.299567669421,3.32889132233313
70.9512540693296,71.031876260933,5.27054728789427
4.22170280812507,71.6950006229345,3.45608321919115
586.531677452218,228.016062048815,4.06573016661865
444.759893762806,463.340312245703,4.7061171775465
659.118353727177,372.104735703572,3.02917283800657
104.629260013149,487.631609187637,4.28678309605975
625.275653894277,91.2378152822686,4.07666986997633
420.123516922949,256.634504060356,3.67068174653014
10.9808405568968,181.488474139721,3.18860009218926
89.7837724202921,97.496997921195,4.38020035884623
601.170745464543,197.004669572678,4.26850309613554
257.07937907831,220.31352079141,3.35650155397473
574.23456244175,441.239929813995,3.78982668184076
302.788997017839,136.905543875073,3.86932306128913
527.900333445623,462.067230896756,3.8116954651112
37.0089214650958,411.634852055918,3.94618324027654
199.807044116015,293.852785471945,4.25806270890287
551.498783679297,253.301519999221,3.78680821485345
184.867786184259,17.8180694873949,4.07225095470385
497.842114252459,352.640717719851,4.5441788416977
34.7939197956307,50.4000057777169,3.72626561284935
530.41234733971,138.120449038026,4.44871995354299
NA,NA,NA
666.695181904984,333.82935563964,3.44542035962174
453.404421487733,297.081652703747,3.89262249096769
9.88950306020121,496.888172387793,3.5246028466839
557.506439654008,51.5540054602581,4.15314713571362
70.5997721301468,374.259798955421,3.84626767115918
229.453387539889,415.42276280479,3.80344692935947
428.450246340142,14.9287922932714,3.44378055252901
361.929847993361,293.433561336479,3.01547380280525
602.388594746682,104.744527664783,4.22210265881293
393.581996721727,229.935000347814,4.31321367981488
563.596521278,414.914766765393,4.75515101018672
142.303986790085,278.821993105078,4.70728429464656
199.359155950413,369.513423814399,4.03031625109556
126.493247554841,411.565261889889,3.4628638881718
633.107062184334,309.573368542164,4.64460387724129
-1.35658578556635,145.182855922214,4.21590605703124
543.418634389343,204.422749498618,4.13891564550803
33.9150123267742,493.520457637342,2.99339853069741
280.409855781521,19.4307691902339,3.89307831161037
533.943106709595,392.299567669421,3.32889132233313
70.9512540693296,71.031876260933,5.27054728789427
4.22170280812507,71.6950006229345,3.45608321919115
586.531677452218,228.016062048815,4.06573016661865
444.759893762806,463.340312245703,4.7061171775465
659.118353727177,372.104735703572,3.02917283800657
104.629260013149,487.631609187637,4.28678309605975
625.275653894277,91.2378152822686,4.07666986997633
420.123516922949,256.634504060356,3.67068174653014
10.9808405568968,181.488474139721,3.18860009218926
89.7837724202921,97.496997921195,4.38020035884623
601.170745464543,197.004669572678,4.26850309613554
257.07937907831,220.31352079141,3.35650155397473
574.23456244175,441.239929813995,3.78982668184076
302.788997017839,136.905543875073,3.86932306128913
527.900333445623,462.067230896756,3.8116954651112
37.0089214650958,411.634852055918,3.94618324027654
199.807044116015,293.852785471945,4.25806270890287
551.498783679297,253.301519999221,3.78680821485345
184.867786184259,17.8180694873949,4.07225095470385
497.842114252459,352.640717719851,4.5441788416977
34.7939197956307,50.4000057777169,3.72626561284935
530.41234733971,138.120449038026,4.44871995354299
NA,NA,NA
666.695181904984,333.82935563964,3.44542035962174
453.404421487733,297.081652703747,3.89262249096769
9.88950306020121,496.888172387793,3.5246028466839
557.506439654008,51.5540054602581,4.15314713571362
70.5997721301468,374.259798955421,3.84626767115918
229.453387539889,415.42276280479,3.80344692935947
428.450246340142,14.9287922932714,3.44378055252901
361.929847993361,293.433561336479,3.01547380280525
602.388594746682,104.744527664783,4.22210265881293
393.581996721727,229.935000347814,4.31321367981488
563.596521278,414.914766765393,4.75515101018672
142.303986790085,278.821993105078,4.70728429464656
199.359155950413,369.513423814399,4.03031625109556
126.493247554841,411.565261889889,3.4628638881718
633.107062184334,309.573368542164,4.64460387724129
-1.35658578556635,145.182855922214,4.21590605703124
543.418634389343,204.422749498618,4.13891564550803
33.9150123267742,493.520457637342,2.99339853069741
280.409855781521,19.4307691902339,3.89307831161037
533.943106709595,392.299567669421,3.32889132233313
70.9512540693296,71.031876260933,5.27054728789427
4.22170280812507,71.6950006229345,3.45608321919115
586.531677452218,228.016062048815,4.06573016661865
444.759893762806,463.340312245703,4.7061171775465
659.118353727177,372.104735703572,3.02917283800657
104.629260013149,487.631609187637,4.28678309605975
625.275653894277,91.2378152822686,4.07666986997633
420.123516922949,256.634504060356,3.67068174653014
10.9808405568968,181.488474139721,3.18860009218926
89.7837724202921,97.496997921195,4.38020035884623
601.170745464543,197.004669572678,4.26850309613554
257.07937907831,220.31352079141,3.35650155397473
574.23456244175,441.239929813995,3.78982668184076
302.788997017839,136.905543875073,3.86932306128913
527.900333445623,462.067230896756,3.8116954651112
37.0089214650958,411.634852055918,3.94618324027654
199.807044116015,293.852785471945,4.25806270890287
551.498783679297,253.301519999221,3.78680821485345
184.867786184259,17.8180694873949,4.07225095470385
497.842114252459,352.640717719851,4.5441788416977
34.7939197956307,50.4000057777169,3.72626561284935
530.41234733971,138.120449038026,4.44871995354299
NA,NA,NA
666.695181904984,333.82935563964,3.44542035962174
453.404421487733,297.081652703747,3.89262249096769
9.88950306020121,496.888172387793,3.5246028466839
557.506439654008,51.5540054602581,4.15314713571362
70.5997721301468,374.259798955421,3.84626767115918
229.453387539889,415.42276280479,3.80344692935947
428.450246340142,14.9287922932714,3.44378055252901
361.929847993361,293.433561336479,3.01547380280525
602.388594746682,104.744527664783,4.22210265881293
393.581996721727,229.935000347814,4.31321367981488
563.596521278,414.914766765393,4.75515101018672
142.303986790085,278.821993105078,4.70728429464656
199.359155950413,369.513423814399,4.03031625109556
126.493247554841,411.565261889889,3.4628638881718
633.107062184334,309.573368542164,4.64460387724129
-1.35658578556635,145.182855922214,4.21590605703124
543.418634389343,204.422749498618,4.13891564550803
33.9150123267742,493.520457637342,2.99339853069741
280.409855781521,19.4307691902339,3.89307831161037
533.943106709595,392.299567669421,3.32889132233313
70.9512540693296,71.031876260933,5.27054728789427
4.22170280812507,71.6950006229345,3.45608321919115
586.531677452218,228.016062048815,4.06573016661865
444.759893762806,463.340312245703,4.7061171775465
659.118353727177,372.104735703572,3.02917283800657
104.629260013149,487.631609187637,4.28678309605975
625.275653894277,91.2378152822686,4.07666986997633
420.123516922949,256.634504060356,3.67068174653014
10.9808405568968,181.488474139721,3.18860009218926
89.7837724202921,97.496997921195,4.38020035884623
601.170745464543,197.004669572678,4.26850309613554
257.07937907831,220.31352079141,3.35650155397473
574.23456244175,441.239929813995,3.78982668184076
302.788997017839,136.905543875073,3.86932306128913
527.900333445623,462.067230896756,3.8116954651112
37.0089214650958,411.634852055918,3.94618324027654
199.807044116015,293.852785471945,4.25806270890287
551.498783679297,253.301519999221,3.78680821485345
184.867786184259,17.8180694873949,4.07225095470385
497.842114252459,352.640717719851,4.5441788416977
34.7939197956307,50.4000057777169,3.72626561284935
530.41234733971,138.120449038026,4.44871995354299
NA,NA,NA
666.695181904984,333.82935563964,3.44542035962174
453.404421487733,297.081652703747,3.89262249096769
9.88950306020121,496.888172387793,3.5246028466839
557.506439654008,51.5540054602581,4.15314713571362
70.5997721301468,374.259798955421,3.84626767115918
229.453387539889,415.42276280479,3.80344692935947
428.450246340142,14.9287922932714,3.44378055252901
361.929847993361,293.433561336479,3.01547380280525
602.388594746682,104.744527664783,4.22210265881293
393.581996721727,229.935000347814,4.31321367981488
563.596521278,414.914766765393,4.75515101018672
142.303986790085,278.821993105078,4.70728429464656
199.359155950413,369.513423814399,4.03031625109556
126.493247554841,411.565261889889,3.4628638881718
633.107062184334,309.573368542164,4.64460387724129
-1.35658578556635,145.182855922214,4.21590605703124
543.418634389343,204.422749498618,4.13891564550803
33.9150123267742,493.520457637342,2.99339853069741
280.409855781521,19.4307691902339,3.89307831161037
533.943106709595,392.299567669421,3.32889132233313
70.9512540693296,71.031876260933,5.27054728789427
4.22170280812507,71.6950006229345,3.45608321919115
586.531677452218,228.016062048815,4.06573016661865
444.759893762806,463.340312245703,4.7061171775465
659.118353727177,372.104735703572,3.02917283800657
104.629260013149,487.631609187637,4.28678309605975
625.275653894277,91.2378152822686,4.07666986997633
420.123516922949,256.634504060356,3.67068174653014
10.9808405568968,181.488474139721,3.18860009218926
89.7837724202921,97.496997921195,4.38020035884623
601.170745464543,197.004669572678,4.26850309613554
257.07937907831,220.31352079141,3.35650155397473
574.23456244175,441.239929813995,3.78982668184076
302.788997017839,136.905543875073,3.86932306128913
527.900333445623,462.067230896756,3.8116954651112
37.0089214650958,411.634852055918,3.94618324027654
199.807044116015,293.852785471945,4.25806270890287
551.498783679297,253.301519999221,3.78680821485345
184.867786184259,17.8180694873949,4.07225095470385
497.842114252459,352.640717719851,4.5441788416977
34.7939197956307,50.4000057777169,3.72626561284935
530.41234733971,138.120449038026,4.44871995354299
NA,NA,NA
660.364939682556,331.010813377924,3.34620681982553
459.198229077357,298.805629821115,3.7114505237673
13.1468471311662,494.845132603739,3.62982854461037
559.667351836827,53.4220239904176,4.25754407635935
70.0611207473244,372.545147967367,3.93336497425119
233.76163035346,420.372618089853,3.88590020550436
427.864230421426,12.746468401504,3.30058262991915
361.142268080781,292.802864343105,3.01042711912573
610.999998249423,103.38068447628,4.11031645606369
396.343358728909,226.145690467726,4.16749009207633
579.353267721608,411.82662573712,4.73358965492382
143.102621686453,284.362780243585,4.70816470360769
200.987790055354,364.992804853914,3.9787670234042
125.555317096657,411.300527582133,3.50951504561634
627.259383224203,318.262715528218,4.57095906876153
3.80326207303237,145.573944208501,4.33257550242196
541.748197025628,206.399520933366,4.18081766159133
31.5499953829756,492.764440567323,3.06877893704979
275.777847519126,26.6990123285391,4.06170325167714
534.39707882754,394.216752706947,3.53833782197457
75.6899558093056,69.4700798859967,5.21827187062152
-0.488277438414693,75.7034458360877,3.61440400648617
592.805940432942,225.177238890475,3.98921744387838
440.195209487624,451.95533618151,4.69443597291146
659.066050905625,375.979564356722,3.16949422380498
101.603480467254,486.678460259385,4.34689460818998
620.875591802886,88.6268992972915,4.04148245943021
418.537953225038,261.440178892484,3.6493148369782
13.7778851035183,182.199264402413,3.32459245165592
54.7561470489739,128.365479397209,4.41712185043514
618.795323817893,195.204416677474,4.31481175560885
249.840826948364,212.653484818094,3.60917812284916
578.248218348423,429.250557795129,3.82301781520226
298.908386019812,141.609343877987,3.90365604832491
525.330124339089,456.472327337217,3.53296445589887
46.5809258804632,414.973984837534,3.90168028424403
200.03451100096,288.543325572316,4.27605661121919
543.02959935547,260.819069572071,3.71731386490521
178.673156070871,27.3721293347368,4.55228059973321
503.993998770243,348.023672800437,4.44861704871267
32.3954653528849,48.7007290553739,3.70899929910838
541.069163078371,156.46422810515,4.78026130205793
NA,NA,NA
660.364939682556,331.010813377924,3.34620681982553
459.198229077357,298.805629821115,3.7114505237673
13.1468471311662,494.845132603739,3.62982854461037
559.667351836827,53.4220239904176,4.25754407635935
70.0611207473244,372.545147967367,3.93336497425119
233.76163035346,420.372618089853,3.88590020550436
427.864230421426,12.746468401504,3.30058262991915
361.142268080781,292.802864343105,3.01042711912573
610.999998249423,103.38068447628,4.11031645606369
396.343358728909,226.145690467726,4.16749009207633
579.353267721608,411.82662573712,4.73358965492382
143.102621686453,284.362780243585,4.70816470360769
200.987790055354,364.992804853914,3.9787670234042
125.555317096657,411.300527582133,3.50951504561634
627.259383224203,318.262715528218,4.57095906876153
3.80326207303237,145.573944208501,4.33257550242196
541.748197025628,206.399520933366,4.18081766159133
31.5499953829756,492.764440567323,3.06877893704979
275.777847519126,26.6990123285391,4.06170325167714
534.39707882754,394.216752706947,3.53833782197457
75.6899558093056,69.4700798859967,5.21827187062152
-0.488277438414693,75.7034458360877,3.61440400648617
592.805940432942,225.177238890475,3.98921744387838
440.195209487624,451.95533618151,4.69443597291146
659.066050905625,375.979564356722,3.16949422380498
101.603480467254,486.678460259385,4.34689460818998
620.875591802886,88.6268992972915,4.04148245943021
418.537953225038,261.440178892484,3.6493148369782
13.7778851035183,182.199264402413,3.32459245165592
54.7561470489739,128.365479397209,4.41712185043514
618.795323817893,195.204416677474,4.31481175560885
249.840826948364,212.653484818094,3.60917812284916
578.248218348423,429.250557795129,3.82301781520226
298.908386019812,141.609343877987,3.90365604832491
525.330124339089,456.472327337217,3.53296445589887
46.5809258804632,414.973984837534,3.90168028424403
200.03451100096,288.543325572316,4.27605661121919
543.02959935547,260.819069572071,3.71731386490521
178.673156070871,27.3721293347368,4.55228059973321
503.993998770243,348.023672800437,4.44861704871267
32.3954653528849,48.7007290553739,3.70899929910838
541.069163078371,156.46422810515,4.78026130205793
NA,NA,NA
660.364939682556,331.010813377924,3.34620681982553
459.198229077357,298.805629821115,3.7114505237673
13.1468471311662,494.845132603739,3.62982854461037
559.667351836827,53.4220239904176,4.25754407635935
70.0611207473244,372.545147967367,3.93336497425119
233.76163035346,420.372618089853,3.88590020550436
427.864230421426,12.746468401504,3.30058262991915
361.142268080781,292.802864343105,3.01042711912573
610.999998249423,103.38068447628,4.11031645606369
396.343358728909,226.145690467726,4.16749009207633
579.353267721608,411.82662573712,4.73358965492382
143.102621686453,284.362780243585,4.70816470360769
200.987790055354,364.992804853914,3.9787670234042
125.555317096657,411.300527582133,3.50951504561634
627.259383224203,318.262715528218,4.57095906876153
3.80326207303237,145.573944208501,4.33257550242196
541.748197025628,206.399520933366,4.18081766159133
31.5499953829756,492.764440567323,3.06877893704979
275.777847519126,26.6990123285391,4.06170325167714
534.39707882754,394.216752706947,3.53833782197457
75.6899558093056,69.4700798859967,5.21827187062152
-0.488277438414693,75.7034458360877,3.61440400648617
592.805940432942,225.177238890475,3.98921744387838
440.195209487624,451.95533618151,4.69443597291146
659.066050905625,375.979564356722,3.16949422380498
101.603480467254,486.678460259385,4.34689460818998
620.875591802886,88.6268992972915,4.04148245943021
418.537953225038,261.440178892484,3.6493148369782
13.7778851035183,182.199264402413,3.32459245165592
54.7561470489739,128.365479397209,4.41712185043514
618.795323817893,195.204416677474,4.31481175560885
249.840826948364,212.653484818094,3.60917812284916
578.248218348423,429.250557795129,3.82301781520226
298.908386019812,141.609343877987,3.90365604832491
525.330124339089,456.472327337217,3.53296445589887
46.5809258804632,414.973984837534,3.90168028424403
200.03451100096,288.543325572316,4.27605661121919
543.02959935547,260.819069572071,3.71731386490521
178.673156070871,27.3721293347368,4.55228059973321
503.993998770243,348.023672800437,4.44861704871267
32.3954653528849,48.7007290553739,3.70899929910838
541.069163078371,156.46422810515,4.78026130205793
NA,NA,NA
660.364939682556,331.010813377924,3.34620681982553
459.198229077357,298.805629821115,3.7114505237673
13.1468471311662,494.845132603739,3.62982854461037
559.667351836827,53.4220239904176,4.25754407635935
70.0611207473244,372.545147967367,3.93336497425119
233.76163035346,420.372618089853,3.88590020550436
427.864230421426,12.746468401504,3.30058262991915
361.142268080781,292.802864343105,3.01042711912573
610.999998249423,103.38068447628,4.11031645606369
396.343358728909,226.145690467726,4.16749009207633
579.353267721608,411.82662573712,4.73358965492382
143.102621686453,284.362780243585,4.70816470360769
200.987790055354,364.992804853914,3.9787670234042
125.555317096657,411.300527582133,3.50951504561634
627.259383224203,318.262715528218,4.57095906876153
3.80326207303237,145.573944208501,4.33257550242196
541.748197025628,206.399520933366,4.18081766159133
31.5499953829756,492.764440567323,3.06877893704979
275.777847519126,26.6990123285391,4.06170325167714
534.39707882754,394.216752706947,3.53833782197457
75.6899558093056,69.4700798859967,5.21827187062152
-0.488277438414693,75.7034458360877,3.61440400648617
592.805940432942,225.177238890475,3.98921744387838
440.195209487624,451.95533618151,4.69443597291146
659.066050905625,375.979564356722,3.16949422380498
101.603480467254,486.678460259385,4.34689460818998
620.875591802886,88.6268992972915,4.04148245943021
418.537953225038,261.440178892484,3.6493148369782
13.7778851035183,182.199264402413,3.32459245165592
54.7561470489739,128.365479397209,4.41712185043514
618.795323817893,195.204416677474,4.31481175560885
249.840826948364,212.653484818094,3.60917812284916
578.248218348423,429.250557795129,3.82301781520226
298.908386019812,141.609343877987,3.90365604832491
525.330124339089,456.472327337217,3.53296445589887
46.5809258804632,414.973984837534,3.90168028424403
200.03451100096,288.543325572316,4.27605661121919
543.02959935547,260.819069572071,3.71731386490521
178.673156070871,27.3721293347368,4.55228059973321
503.993998770243,348.023672800437,4.44861704871267
32.3954653528849,48.7007290553739,3.70899929910838
541.069163078371,156.46422810515,4.78026130205793
NA,NA,NA
660.364939682556,331.010813377924,3.34620681982553
459.198229077357,298.805629821115,3.7114505237673
13.1468471311662,494.845132603739,3.62982854461037
559.667351836827,53.4220239904176,4.25754407635935
70.0611207473244,372.545147967367,3.93336497425119
233.76163035346,420.372618089853,3.88590020550436
427.864230421426,12.746468401504,3.30058262991915
361.142268080781,292.802864343105,3.01042711912573
610.999998249423,103.38068447628,4.11031645606369
396.343358728909,226.145690467726,4.16749009207633
579.353267721608,411.82662573712,4.73358965492382
143.102621686453,284.362780243585,4.70816470360769
200.987790055354,364.992804853914,3.9787670234042
125.555317096657,411.300527582133,3.50951504561634
627.259383224203,318.262715528218,4.57095906876153
3.80326207303237,145.573944208501,4.33257550242196
541.748197025628,206.399520933366,4.18081766159133
31.5499953829756,492.764440567323,3.06877893704979
275.777847519126,26.6990123285391,4.06170325167714
534.39707882754,394.216752706947,3.53833782197457
75.6899558093056,69.4700798859967,5.21827187062152
-0.488277438414693,75.7034458360877,3.61440400648617
592.805940432942,225.177238890475,3.98921744387838
440.195209487624,451.95533618151,4.69443597291146
659.066050905625,375.979564356722,3.16949422380498
101.603480467254,486.678460259385,4.34689460818998
620.875591802886,88.6268992972915,4.04148245943021
418.537953225038,261.440178892484,3.6493148369782
13.7778851035183,182.199264402413,3.32459245165592
54.7561470489739,128.365479397209,4.41712185043514
618.795323817893,195.204416677474,4.31481175560885
249.840826948364,212.653484818094,3.60917812284916
578.248218348423,429.250557795129,3.82301781520226
298.908386019812,141.609343877987,3.90365604832491
525.330124339089,456.472327337217,3.53296445589887
46.5809258804632,414.973984837534,3.90168028424403
200.03451100096,288.543325572316,4.27605661121919
543.02959935547,260.819069572071,3.71731386490521
178.673156070871,27.3721293347368,4.55228059973321
503.993998770243,348.023672800437,4.44861704871267
32.3954653528849,48.7007290553739,3.70899929910838
541.069163078371,156.46422810515,4.78026130205793
NA,NA,NA
660.364939682556,331.010813377924,3.34620681982553
459.198229077357,298.805629821115,3.7114505237673
13.1468471311662,494.845132603739,3.62982854461037
559.667351836827,53.4220239904176,4.25754407635935
70.0611207473244,372.545147967367,3.93336497425119
233.76163035346,420.372618089853,3.88590020550436
427.864230421426,12.746468401504,3.30058262991915
361.142268080781,292.802864343105,3.01042711912573
610.999998249423,103.38068447628,4.11031645606369
396.343358728909,226.145690467726,4.16749009207633
579.353267721608,411.82662573712,4.73358965492382
143.102621686453,284.362780243585,4.70816470360769
200.987790055354,364.992804853914,3.9787670234042
125.555317096657,411.300527582133,3.50951504561634
627.259383224203,318.262715528218,4.57095906876153
3.80326207303237,145.573944208501,4.33257550242196
541.748197025628,206.399520933366,4.18081766159133
31.5499953829756,492.764440567323,3.06877893704979
275.777847519126,26.6990123285391,4.06170325167714
534.39707882754,394.216752706947,3.53833782197457
75.6899558093056,69.4700798859967,5.21827187062152
-0.488277438414693,75.7034458360877,3.61440400648617
592.805940432942,225.177238890475,3.98921744387838
440.195209487624,451.95533618151,4.69443597291146
659.066050905625,375.979564356722,3.16949422380498
101.603480467254,486.678460259385,4.34689460818998
620.875591802886,88.6268992972915,4.04148245943021
418.537953225038,261.440178892484,3.6493148369782
13.7778851035183,182.199264402413,3.32459245165592
54.7561470489739,128.365479397209,4.41712185043514
618.795323817893,195.204416677474,4.31481175560885
249.840826948364,212.653484818094,3.60917812284916
578.248218348423,429.250557795129,3.82301781520226
298.908386019812,141.609343877987,3.90365604832491
525.330124339089,456.472327337217,3.53296445589887
46.5809258804632,414.973984837534,3.90168028424403
200.03451100096,288.543325572316,4.27605661121919
543.02959935547,260.819069572071,3.71731386490521
178.673156070871,27.3721293347368,4.55228059973321
503.993998770243,348.023672800437,4.44861704871267
32.3954653528849,48.7007290553739,3.70899929910838
541.069163078371,156.46422810515,4.78026130205793
NA,NA,NA
660.498646075326,334.322264051991,3.56710430803326
460.406864193936,300.509511011529,3.7170788028739
14.7977736077735,492.797101610934,3.49187103249167
558.786199530164,52.7269859921897,4.19446656769905
76.7413270876156,376.741013193662,3.85923144270498
228.264270466101,416.287503998164,3.95372797130601
430.357547166547,12.1664443367455,3.2330119961865
361.524778520992,293.978838464468,3.03815803318215
604.242491485064,96.8276084907727,4.28113660141665
391.491109667561,229.55402983504,4.24676965792697
576.54297770127,408.587368979876,4.7322649788795
137.590436384204,279.021608634418,4.58324850406286
201.402594339371,369.588435277527,4.00311519391456
127.74621807069,411.968778507238,3.41599687774815
628.848478509435,305.953007183803,4.61260135731376
4.8214993852979,148.399967296455,4.34036687168849
542.85281003632,202.738211640006,4.0651809090751
33.6998084830387,492.965231023807,2.89778963327979
279.512367234652,21.5242458572113,3.75261365722783
531.412336328248,393.335725454601,3.35893968859361
72.1204193834121,77.6749992910396,5.20442864984819
4.06313005131133,74.5113677783577,3.50787112052035
590.079159141646,225.871523368251,4.01582911091145
441.300038227523,460.689288859819,4.81310304046057
657.308300617302,373.956680111866,3.22045710207152
113.006757701659,486.341279387361,4.36143937543613
621.91813855352,89.271291132515,4.06768219700503
419.552207252158,256.741153203428,3.61216427810783
11.6560260561833,181.614609406063,3.17081209541152
62.1791704878802,134.958113079076,4.43246146451649
608.960597751373,186.534326355847,4.21719227226686
255.854987554739,212.261720936208,4.16151215098764
580.132387765798,439.057516838235,3.48992136471589
304.275028379409,133.90788606038,3.84722182326885
529.147566210625,464.724709442381,3.45190587850258
49.6611486119905,420.904293454492,4.05818446079583
191.080859003838,287.526614734102,3.79497483686946
547.436326817517,263.241698047625,4.07497994453676
193.207783430309,27.0653247683734,4.22133506642386
501.950376657284,342.030669985503,4.73455239292548
39.277447223911,49.1107128798399,3.40306472721094
541.313991599968,152.468679562526,4.62362097422343
NA,NA,NA
660.498646075326,334.322264051991,3.56710430803326
460.406864193936,300.509511011529,3.7170788028739
14.7977736077735,492.797101610934,3.49187103249167
558.786199530164,52.7269859921897,4.19446656769905
76.7413270876156,376.741013193662,3.85923144270498
228.264270466101,416.287503998164,3.95372797130601
430.357547166547,12.1664443367455,3.2330119961865
361.524778520992,293.978838464468,3.03815803318215
604.242491485064,96.8276084907727,4.28113660141665
391.491109667561,229.55402983504,4.24676965792697
576.54297770127,408.587368979876,4.7322649788795
137.590436384204,279.021608634418,4.58324850406286
201.402594339371,369.588435277527,4.00311519391456
127.74621807069,411.968778507238,3.41599687774815
628.848478509435,305.953007183803,4.61260135731376
4.8214993852979,148.399967296455,4.34036687168849
542.85281003632,202.738211640006,4.0651809090751
33.6998084830387,492.965231023807,2.89778963327979
279.512367234652,21.5242458572113,3.75261365722783
531.412336328248,393.335725454601,3.35893968859361
72.1204193834121,77.6749992910396,5.20442864984819
4.06313005131133,74.5113677783577,3.50787112052035
590.079159141646,225.871523368251,4.01582911091145
441.300038227523,460.689288859819,4.81310304046057
657.308300617302,373.956680111866,3.22045710207152
113.006757701659,486.341279387361,4.36143937543613
621.91813855352,89.271291132515,4.06768219700503
419.552207252158,256.741153203428,3.61216427810783
11.6560260561833,181.614609406063,3.17081209541152
62.1791704878802,134.958113079076,4.43246146451649
608.960597751373,186.534326355847,4.21719227226686
255.854987554739,212.261720936208,4.16151215098764
580.132387765798,439.057516838235,3.48992136471589
304.275028379409,133.90788606038,3.84722182326885
529.147566210625,464.724709442381,3.45190587850258
49.6611486119905,420.904293454492,4.05818446079583
191.080859003838,287.526614734102,3.79497483686946
547.436326817517,263.241698047625,4.07497994453676
193.207783430309,27.0653247683734,4.22133506642386
501.950376657284,342.030669985503,4.73455239292548
39.277447223911,49.1107128798399,3.40306472721094
541.313991599968,152.468679562526,4.62362097422343
NA,NA,NA
660.498646075326,334.322264051991,3.56710430803326
460.406864193936,300.509511011529,3.7170788028739
14.7977736077735,492.797101610934,3.49187103249167
558.786199530164,52.7269859921897,4.19446656769905
76.7413270876156,376.741013193662,3.85923144270498
228.264270466101,416.287503998164,3.95372797130601
430.357547166547,12.1664443367455,3.2330119961865
361.524778520992,293.978838464468,3.03815803318215
604.242491485064,96.8276084907727,4.28113660141665
391.491109667561,229.55402983504,4.24676965792697
576.54297770127,408.587368979876,4.7322649788795
137.590436384204,279.021608634418,4.58324850406286
201.402594339371,369.588435277527,4.00311519391456
127.74621807069,411.968778507238,3.41599687774815
628.848478509435,305.953007183803,4.61260135731376
4.8214993852979,148.399967296455,4.34036687168849
542.85281003632,202.738211640006,4.0651809090751
33.6998084830387,492.965231023807,2.89778963327979
279.512367234652,21.5242458572113,3.75261365722783
531.412336328248,393.335725454601,3.35893968859361
72.1204193834121,77.6749992910396,5.20442864984819
4.06313005131133,74.5113677783577,3.50787112052035
590.079159141646,225.871523368251,4.01582911091145
441.300038227523,460.689288859819,4.81310304046057
657.308300617302,373.956680111866,3.22045710207152
113.006757701659,486.341279387361,4.36143937543613
621.91813855352,89.271291132515,4.06768219700503
419.552207252158,256.741153203428,3.61216427810783
11.6560260561833,181.614609406063,3.17081209541152
62.1791704878802,134.958113079076,4.43246146451649
608.960597751373,186.534326355847,4.21719227226686
255.854987554739,212.261720936208,4.16151215098764
580.132387765798,439.057516838235,3.48992136471589
304.275028379409,133.90788606038,3.84722182326885
529.147566210625,464.724709442381,3.45190587850258
49.6611486119905,420.904293454492,4.05818446079583
191.080859003838,287.526614734102,3.79497483686946
547.436326817517,263.241698047625,4.07497994453676
193.207783430309,27.0653247683734,4.22133506642386
501.950376657284,342.030669985503,4.73455239292548
39.277447223911,49.1107128798399,3.40306472721094
541.313991599968,152.468679562526,4.62362097422343
NA,NA,NA
660.498646075326,334.322264051991,3.56710430803326
460.406864193936,300.509511011529,3.7170788028739
14.7977736077735,492.797101610934,3.49187103249167
558.786199530164,52.7269859921897,4.19446656769905
76.7413270876156,376.741013193662,3.85923144270498
228.264270466101,416.287503998164,3.95372797130601
430.357547166547,12.1664443367455,3.2330119961865
361.524778520992,293.978838464468,3.03815803318215
604.242491485064,96.8276084907727,4.28113660141665
391.491109667561,229.55402983504,4.24676965792697
576.54297770127,408.587368979876,4.7322649788795
137.590436384204,279.021608634418,4.58324850406286
201.402594339371,369.588435277527,4.00311519391456
127.74621807069,411.968778507238,3.41599687774815
628.848478509435,305.953007183803,4.61260135731376
4.8214993852979,148.399967296455,4.34036687168849
542.85281003632,202.738211640006,4.0651809090751
33.6998084830387,492.965231023807,2.89778963327979
279.512367234652,21.5242458572113,3.75261365722783
531.412336328248,393.335725454601,3.35893968859361
72.1204193834121,77.6749992910396,5.20442864984819
4.06313005131133,74.5113677783577,3.50787112052035
590.079159141646,225.871523368251,4.01582911091145
441.300038227523,460.689288859819,4.81310304046057
657.308300617302,373.956680111866,3.22045710207152
113.006757701659,486.341279387361,4.36143937543613
621.91813855352,89.271291132515,4.06768219700503
419.552207252158,256.741153203428,3.61216427810783
11.6560260561833,181.614609406063,3.17081209541152
62.1791704878802,134.958113079076,4.43246146451649
608.960597751373,186.534326355847,4.21719227226686
255.854987554739,212.261720936208,4.16151215098764
580.132387765798,439.057516838235,3.48992136471589
304.275028379409,133.90788606038,3.84722182326885
529.147566210625,464.724709442381,3.45190587850258
49.6611486119905,420.904293454492,4.05818446079583
191.080859003838,287.526614734102,3.79497483686946
547.436326817517,263.241698047625,4.07497994453676
193.207783430309,27.0653247683734,4.22133506642386
501.950376657284,342.030669985503,4.73455239292548
39.277447223911,49.1107128798399,3.40306472721094
541.313991599968,152.468679562526,4.62362097422343
NA,NA,NA
660.498646075326,334.322264051991,3.56710430803326
460.406864193936,300.509511011529,3.7170788028739
14.7977736077735,492.797101610934,3.49187103249167
558.786199530164,52.7269859921897,4.19446656769905
76.7413270876156,376.741013193662,3.85923144270498
228.264270466101,416.287503998164,3.95372797130601
430.357547166547,12.1664443367455,3.2330119961865
361.524778520992,293.978838464468,3.03815803318215
604.242491485064,96.8276084907727,4.28113660141665
391.491109667561,229.55402983504,4.24676965792697
576.54297770127,408.587368979876,4.7322649788795
137.590436384204,279.021608634418,4.58324850406286
201.402594339371,369.588435277527,4.00311519391456
127.74621807069,411.968778507238,3.41599687774815
628.848478509435,305.953007183803,4.61260135731376
4.8214993852979,148.399967296455,4.34036687168849
542.85281003632,202.738211640006,4.0651809090751
33.6998084830387,492.965231023807,2.89778963327979
279.512367234652,21.5242458572113,3.75261365722783
531.412336328248,393.335725454601,3.35893968859361
72.1204193834121,77.6749992910396,5.20442864984819
4.06313005131133,74.5113677783577,3.50787112052035
590.079159141646,225.871523368251,4.01582911091145
441.300038227523,460.689288859819,4.81310304046057
657.308300617302,373.956680111866,3.22045710207152
113.006757701659,486.341279387361,4.36143937543613
621.91813855352,89.271291132515,4.06768219700503
419.552207252158,256.741153203428,3.61216427810783
11.6560260561833,181.614609406063,3.17081209541152
62.1791704878802,134.958113079076,4.43246146451649
608.960597751373,186.534326355847,4.21719227226686
255.854987554739,212.261720936208,4.16151215098764
580.132387765798,439.057516838235,3.48992136471589
304.275028379409,133.90788606038,3.84722182326885
529.147566210625,464.724709442381,3.45190587850258
49.6611486119905,420.904293454492,4.05818446079583
191.080859003838,287.526614734102,3.79497483686946
547.436326817517,263.241698047625,4.07497994453676
193.207783430309,27.0653247683734,4.22133506642386
501.950376657284,342.030669985503,4.73455239292548
39.277447223911,49.1107128798399,3.40306472721094
541.313991599968,152.468679562526,4.62362097422343
NA,NA,NA
660.498646075326,334.322264051991,3.56710430803326
460.406864193936,300.509511011529,3.7170788028739
14.7977736077735,492.797101610934,3.49187103249167
558.786199530164,52.7269859921897,4.19446656769905
76.7413270876156,376.741013193662,3.85923144270498
228.264270466101,416.287503998164,3.95372797130601
430.357547166547,12.1664443367455,3.2330119961865
361.524778520992,293.978838464468,3.03815803318215
604.242491485064,96.8276084907727,4.28113660141665
391.491109667561,229.55402983504,4.24676965792697
576.54297770127,408.587368979876,4.7322649788795
137.590436384204,279.021608634418,4.58324850406286
201.402594339371,369.588435277527,4.00311519391456
127.74621807069,411.968778507238,3.41599687774815
628.848478509435,305.953007183803,4.61260135731376
4.8214993852979,148.399967296455,4.34036687168849
542.85281003632,202.738211640006,4.0651809090751
33.6998084830387,492.965231023807,2.89778963327979
279.512367234652,21.5242458572113,3.75261365722783
531.412336328248,393.335725454601,3.35893968859361
72.1204193834121,77.6749992910396,5.20442864984819
4.06313005131133,74.5113677783577,3.50787112052035
590.079159141646,225.871523368251,4.01582911091145
441.300038227523,460.689288859819,4.81310304046057
657.308300617302,373.956680111866,3.22045710207152
113.006757701659,486.341279387361,4.36143937543613
621.91813855352,89.271291132515,4.06768219700503
419.552207252158,256.741153203428,3.61216427810783
11.6560260561833,181.614609406063,3.17081209541152
62.1791704878802,134.958113079076,4.43246146451649
608.960597751373,186.534326355847,4.21719227226686
255.854987554739,212.261720936208,4.16151215098764
580.132387765798,439.057516838235,3.48992136471589
304.275028379409,133.90788606038,3.84722182326885
529.147566210625,464.724709442381,3.45190587850258
49.6611486119905,420.904293454492,4.05818446079583
191.080859003838,287.526614734102,3.79497483686946
547.436326817517,263.241698047625,4.07497994453676
193.207783430309,27.0653247683734,4.22133506642386
501.950376657284,342.030669985503,4.73455239292548
39.277447223911,49.1107128798399,3.40306472721094
541.313991599968,152.468679562526,4.62362097422343
NA,NA,NA
663.26337431452,336.259974257303,3.49840622273134
455.878985350498,303.400657127867,3.75318187328961
7.47269614370951,492.974119460119,3.66336814987726
559.687973135558,47.7134417057168,4.25150615869829
70.1033132379298,377.422621139495,3.90619187278448
228.36108873329,412.97571219199,3.76100845706153
427.790452693479,12.1983022935854,3.29969566469893
363.228737731335,293.850033324578,2.87020062956363
600.405197217032,98.9207368364505,4.23740103592094
388.895327424927,227.708574285792,4.21801527995123
565.677985429799,409.222600898529,4.72707481196202
138.31027794369,286.692007226655,4.57679999436274
197.169684574186,362.990651121604,4.03914362494131
122.081408634344,409.360258152097,3.48253980877798
630.167604389361,312.534684234249,4.5401469178576
2.1332479154881,151.090820452059,4.22530638802125
544.767567487521,202.818877369595,4.20897846520083
32.4431687816927,490.855009457201,3.03619043314271
283.90701031856,20.383707527458,3.95532584533902
532.924519582856,388.754677132836,3.44707266661833
76.2960994805376,85.7938650582068,5.27326021390279
4.63428376560883,73.9502591852485,3.54645126800233
589.803594390338,223.891931972334,3.89120142376078
440.246205415375,464.813238091553,4.81642733971794
659.218229581066,375.756173328241,2.8662258450187
102.8773416421,485.432184206134,4.28809512580289
622.299927730035,90.8746691394246,4.09098667880472
416.726846759318,260.380832800119,3.59387784914092
11.7586069714588,184.608022354788,3.23323551031088
68.7391463734141,102.427661662514,4.37964710071369
605.052202571562,191.744213996482,4.10182254546285
262.022544231921,217.436263961856,3.48753210780714
575.920663740662,440.43092955293,3.81954510332872
301.430826846515,138.363417363211,3.96989404061721
524.618110118113,459.468108777775,3.67471052613574
54.470463992151,418.643941728652,3.73522600885165
194.003588826518,284.790957284062,4.19395169229146
548.540811954473,266.781390787794,3.84916900242127
189.215117978285,35.2615505480195,4.35307178390544
489.832958947802,342.466306356328,4.20404390495675
31.8506268657233,51.1702314192052,3.60058488444714
532.88810365473,143.631953939582,5.22059234342044
NA,NA,NA
663.26337431452,336.259974257303,3.49840622273134
455.878985350498,303.400657127867,3.75318187328961
7.47269614370951,492.974119460119,3.66336814987726
559.687973135558,47.7134417057168,4.25150615869829
70.1033132379298,377.422621139495,3.90619187278448
228.36108873329,412.97571219199,3.76100845706153
427.790452693479,12.1983022935854,3.29969566469893
363.228737731335,293.850033324578,2.87020062956363
600.405197217032,98.9207368364505,4.23740103592094
388.895327424927,227.708574285792,4.21801527995123
565.677985429799,409.222600898529,4.72707481196202
138.31027794369,286.692007226655,4.57679999436274
197.169684574186,362.990651121604,4.03914362494131
122.081408634344,409.360258152097,3.48253980877798
630.167604389361,312.534684234249,4.5401469178576
2.1332479154881,151.090820452059,4.22530638802125
544.767567487521,202.818877369595,4.20897846520083
32.4431687816927,490.855009457201,3.03619043314271
283.90701031856,20.383707527458,3.95532584533902
532.924519582856,388.754677132836,3.44707266661833
76.2960994805376,85.7938650582068,5.27326021390279
4.63428376560883,73.9502591852485,3.54645126800233
589.803594390338,223.891931972334,3.89120142376078
440.246205415375,464.813238091553,4.81642733971794
659.218229581066,375.756173328241,2.8662258450187
102.8773416421,485.432184206134,4.28809512580289
622.299927730035,90.8746691394246,4.09098667880472
416.726846759318,260.380832800119,3.59387784914092
11.7586069714588,184.608022354788,3.23323551031088
68.7391463734141,102.427661662514,4.37964710071369
605.052202571562,191.744213996482,4.10182254546285
262.022544231921,217.436263961856,3.48753210780714
575.920663740662,440.43092955293,3.81954510332872
301.430826846515,138.363417363211,3.96989404061721
524.618110118113,459.468108777775,3.67471052613574
54.470463992151,418.643941728652,3.73522600885165
194.003588826518,284.790957284062,4.19395169229146
548.540811954473,266.781390787794,3.84916900242127
189.215117978285,35.2615505480195,4.35307178390544
489.832958947802,342.466306356328,4.20404390495675
31.8506268657233,51.1702314192052,3.60058488444714
532.88810365473,143.631953939582,5.22059234342044
NA,NA,NA
663.26337431452,336.259974257303,3.49840622273134
455.878985350498,303.400657127867,3.75318187328961
7.47269614370951,492.974119460119,3.66336814987726
559.687973135558,47.7134417057168,4.25150615869829
70.1033132379298,377.422621139495,3.90619187278448
228.36108873329,412.97571219199,3.76100845706153
427.790452693479,12.1983022935854,3.29969566469893
363.228737731335,293.850033324578,2.87020062956363
600.405197217032,98.9207368364505,4.23740103592094
388.895327424927,227.708574285792,4.21801527995123
565.677985429799,409.222600898529,4.72707481196202
138.31027794369,286.692007226655,4.57679999436274
197.169684574186,362.990651121604,4.03914362494131
122.081408634344,409.360258152097,3.48253980877798
630.167604389361,312.534684234249,4.5401469178576
2.1332479154881,151.090820452059,4.22530638802125
544.767567487521,202.818877369595,4.20897846520083
32.4431687816927,490.855009457201,3.03619043314271
283.90701031856,20.383707527458,3.95532584533902
532.924519582856,388.754677132836,3.44707266661833
76.2960994805376,85.7938650582068,5.27326021390279
4.63428376560883,73.9502591852485,3.54645126800233
589.803594390338,223.891931972334,3.89120142376078
440.246205415375,464.813238091553,4.81642733971794
659.218229581066,375.756173328241,2.8662258450187
102.8773416421,485.432184206134,4.28809512580289
622.299927730035,90.8746691394246,4.09098667880472
416.726846759318,260.380832800119,3.59387784914092
11.7586069714588,184.608022354788,3.23323551031088
68.7391463734141,102.427661662514,4.37964710071369
605.052202571562,191.744213996482,4.10182254546285
262.022544231921,217.436263961856,3.48753210780714
575.920663740662,440.43092955293,3.81954510332872
301.430826846515,138.363417363211,3.96989404061721
524.618110118113,459.468108777775,3.67471052613574
54.470463992151,418.643941728652,3.73522600885165
194.003588826518,284.790957284062,4.19395169229146
548.540811954473,266.781390787794,3.84916900242127
189.215117978285,35.2615505480195,4.35307178390544
489.832958947802,342.466306356328,4.20404390495675
31.8506268657233,51.1702314192052,3.60058488444714
532.88810365473,143.631953939582,5.22059234342044
NA,NA,NA
663.26337431452,336.259974257303,3.49840622273134
455.878985350498,303.400657127867,3.75318187328961
7.47269614370951,492.974119460119,3.66336814987726
559.687973135558,47.7134417057168,4.25150615869829
70.1033132379298,377.422621139495,3.90619187278448
228.36108873329,412.97571219199,3.76100845706153
427.790452693479,12.1983022935854,3.29969566469893
363.228737731335,293.850033324578,2.87020062956363
600.405197217032,98.9207368364505,4.23740103592094
388.895327424927,227.708574285792,4.21801527995123
565.677985429799,409.222600898529,4.72707481196202
138.31027794369,286.692007226655,4.57679999436274
197.169684574186,362.990651121604,4.03914362494131
122.081408634344,409.360258152097,3.48253980877798
630.167604389361,312.534684234249,4.5401469178576
2.1332479154881,151.090820452059,4.22530638802125
544.767567487521,202.818877369595,4.20897846520083
32.4431687816927,490.855009457201,3.03619043314271
283.90701031856,20.383707527458,3.95532584533902
532.924519582856,388.754677132836,3.44707266661833
76.2960994805376,85.7938650582068,5.27326021390279
4.63428376560883,73.9502591852485,3.54645126800233
589.803594390338,223.891931972334,3.89120142376078
440.246205415375,464.813238091553,4.81642733971794
659.218229581066,375.756173328241,2.8662258450187
102.8773416421,485.432184206134,4.28809512580289
622.299927730035,90.8746691394246,4.09098667880472
416.726846759318,260.380832800119,3.59387784914092
11.7586069714588,184.608022354788,3.23323551031088
68.7391463734141,102.427661662514,4.37964710071369
605.052202571562,191.744213996482,4.10182254546285
262.022544231921,217.436263961856,3.48753210780714
575.920663740662,440.43092955293,3.81954510332872
301.430826846515,138.363417363211,3.96989404061721
524.618110118113,459.468108777775,3.67471052613574
54.470463992151,418.643941728652,3.73522600885165
194.003588826518,284.790957284062,4.19395169229146
548.540811954473,266.781390787794,3.84916900242127
189.215117978285,35.2615505480195,4.35307178390544
489.832958947802,342.466306356328,4.20404390495675
31.8506268657233,51.1702314192052,3.60058488444714
532.88810365473,143.631953939582,5.22059234342044
NA,NA,NA
663.26337431452,336.259974257303,3.49840622273134
455.878985350498,303.400657127867,3.75318187328961
7.47269614370951,492.974119460119,3.66336814987726
559.687973135558,47.7134417057168,4.25150615869829
70.1033132379298,377.422621139495,3.90619187278448
228.36108873329,412.97571219199,3.76100845706153
427.790452693479,12.1983022935854,3.29969566469893
363.228737731335,293.850033324578,2.87020062956363
600.405197217032,98.9207368364505,4.23740103592094
388.895327424927,227.708574285792,4.21801527995123
565.677985429799,409.222600898529,4.72707481196202
138.31027794369,286.692007226655,4.57679999436274
197.169684574186,362.990651121604,4.03914362494131
122.081408634344,409.360258152097,3.48253980877798
630.167604389361,312.534684234249,4.5401469178576
2.1332479154881,151.090820452059,4.22530638802125
544.767567487521,202.818877369595,4.20897846520083
32.4431687816927,490.855009457201,3.03619043314271
283.90701031856,20.383707527458,3.95532584533902
532.924519582856,388.754677132836,3.44707266661833
76.2960994805376,85.7938650582068,5.27326021390279
4.63428376560883,73.9502591852485,3.54645126800233
589.803594390338,223.891931972334,3.89120142376078
440.246205415375,464.813238091553,4.81642733971794
659.218229581066,375.756173328241,2.8662258450187
102.8773416421,485.432184206134,4.28809512580289
622.299927730035,90.8746691394246,4.09098667880472
416.726846759318,260.380832800119,3.59387784914092
11.7586069714588,184.608022354788,3.23323551031088
68.7391463734141,102.427661662514,4.37964710071369
605.052202571562,191.744213996482,4.10182254546285
262.022544231921,217.436263961856,3.48753210780714
575.920663740662,440.43092955293,3.81954510332872
301.430826846515,138.363417363211,3.96989404061721
524.618110118113,459.468108777775,3.67471052613574
54.470463992151,418.643941728652,3.73522600885165
194.003588826518,284.790957284062,4.19395169229146
548.540811954473,266.781390787794,3.84916900242127
189.215117978285,35.2615505480195,4.35307178390544
489.832958947802,342.466306356328,4.20404390495675
31.8506268657233,51.1702314192052,3.60058488444714
532.88810365473,143.631953939582,5.22059234342044
NA,NA,NA
663.26337431452,336.259974257303,3.49840622273134
455.878985350498,303.400657127867,3.75318187328961
7.47269614370951,492.974119460119,3.66336814987726
559.687973135558,47.7134417057168,4.25150615869829
70.1033132379298,377.422621139495,3.90619187278448
228.36108873329,412.97571219199,3.76100845706153
427.790452693479,12.1983022935854,3.29969566469893
363.228737731335,293.850033324578,2.87020062956363
600.405197217032,98.9207368364505,4.23740103592094
388.895327424927,227.708574285792,4.21801527995123
565.677985429799,409.222600898529,4.72707481196202
138.31027794369,286.692007226655,4.57679999436274
197.169684574186,362.990651121604,4.03914362494131
122.081408634344,409.360258152097,3.48253980877798
630.167604389361,312.534684234249,4.5401469178576
2.1332479154881,151.090820452059,4.22530638802125
544.767567487521,202.818877369595,4.20897846520083
32.4431687816927,490.855009457201,3.03619043314271
283.90701031856,20.383707527458,3.95532584533902
532.924519582856,388.754677132836,3.44707266661833
76.2960994805376,85.7938650582068,5.27326021390279
4.63428376560883,73.9502591852485,3.54645126800233
589.803594390338,223.891931972334,3.89120142376078
440.246205415375,464.813238091553,4.81642733971794
659.218229581066,375.756173328241,2.8662258450187
102.8773416421,485.432184206134,4.28809512580289
622.299927730035,90.8746691394246,4.09098667880472
416.726846759318,260.380832800119,3.59387784914092
11.7586069714588,184.608022354788,3.23323551031088
68.7391463734141,102.427661662514,4.37964710071369
605.052202571562,191.744213996482,4.10182254546285
262.022544231921,217.436263961856,3.48753210780714
575.920663740662,440.43092955293,3.81954510332872
301.430826846515,138.363417363211,3.96989404061721
524.618110118113,459.468108777775,3.67471052613574
54.470463992151,418.643941728652,3.73522600885165
194.003588826518,284.790957284062,4.19395169229146
548.540811954473,266.781390787794,3.84916900242127
189.215117978285,35.2615505480195,4.35307178390544
489.832958947802,342.466306356328,4.20404390495675
31.8506268657233,51.1702314192052,3.60058488444714
532.88810365473,143.631953939582,5.22059234342044
NA,NA,NA
662.692681288477,334.881374519131,3.46747967380663
457.12078957167,300.848033542941,3.74369553510467
10.7960839560284,494.03927895591,3.52695925093413
564.654605724363,52.1430405847324,4.26860239005003
73.3048190905762,368.786027382287,4.07302749740054
230.008988147812,413.062651764478,3.85892162785992
425.15284988094,11.5105599887333,3.26920788303884
363.151175318851,295.609319505292,3.13323496265165
605.003157696621,102.631851504119,4.27229668002502
391.179917009579,230.764848411691,4.14422792323405
573.539988335482,410.184505237523,4.81034169418868
144.118057421492,286.297482368435,4.58348792072494
193.876493955562,366.345135528555,4.01840488121304
123.838184932731,408.469683259958,3.41464206623354
629.241048936711,316.883989407071,4.58406543725959
4.38955600033546,143.577076728928,4.31351430190284
542.219179113786,206.236465021647,4.08151229916406
33.0840324389884,490.718075879686,3.03655554495099
279.809339687343,24.4869739557413,3.80550134793941
532.222478295912,389.805333677147,3.49779479568865
73.0026737741209,85.893995915575,5.18809481724655
5.9777341329057,73.1751091766788,3.40065078323894
581.223270785469,229.597841828454,3.87684601231023
439.893527438925,460.928344194951,4.77956433544865
658.056932844551,372.264448330024,3.02771173899585
106.511925976069,490.598000648105,4.38903850668042
624.367648155069,98.0283656738033,4.06614030701444
423.579333263378,257.712408053975,3.72386530939915
11.0283357444998,182.630322100649,3.38318815527775
53.882038226811,117.747387829982,4.37843437849225
613.898277524412,189.499889740889,4.29515450774866
254.53823253427,222.869165585103,3.67825028579475
576.985233913349,436.6606624585,3.91466274078801
292.849727097954,137.430087093192,3.75891275200446
528.731945318973,459.62537033883,3.67308200388116
46.9926741987498,411.957246869446,3.80619026559857
186.66354561392,279.107834602369,4.29008841896647
543.702911240927,265.481944165007,3.77462951181251
173.691614502912,44.9817922206558,4.24096223472982
502.718884623495,342.454157834228,4.45315537401963
39.9563043930829,45.4379908540303,4.00802869646089
548.014677122615,147.626583521585,4.99259496019666
NA,NA,NA
662.692681288477,334.881374519131,3.46747967380663
457.12078957167,300.848033542941,3.74369553510467
10.7960839560284,494.03927895591,3.52695925093413
564.654605724363,52.1430405847324,4.26860239005003
73.3048190905762,368.786027382287,4.07302749740054
230.008988147812,413.062651764478,3.85892162785992
425.15284988094,11.5105599887333,3.26920788303884
363.151175318851,295.609319505292,3.13323496265165
605.003157696621,102.631851504119,4.27229668002502
391.179917009579,230.764848411691,4.14422792323405
573.539988335482,410.184505237523,4.81034169418868
144.118057421492,286.297482368435,4.58348792072494
193.876493955562,366.345135528555,4.01840488121304
123.838184932731,408.469683259958,3.41464206623354
629.241048936711,316.883989407071,4.58406543725959
4.38955600033546,143.577076728928,4.31351430190284
542.219179113786,206.236465021647,4.08151229916406
33.0840324389884,490.718075879686,3.03655554495099
279.809339687343,24.4869739557413,3.80550134793941
532.222478295912,389.805333677147,3.49779479568865
73.0026737741209,85.893995915575,5.18809481724655
5.9777341329057,73.1751091766788,3.40065078323894
581.223270785469,229.597841828454,3.87684601231023
439.893527438925,460.928344194951,4.77956433544865
658.056932844551,372.264448330024,3.02771173899585
106.511925976069,490.598000648105,4.38903850668042
624.367648155069,98.0283656738033,4.06614030701444
423.579333263378,257.712408053975,3.72386530939915
11.0283357444998,182.630322100649,3.38318815527775
53.882038226811,117.747387829982,4.37843437849225
613.898277524412,189.499889740889,4.29515450774866
254.53823253427,222.869165585103,3.67825028579475
576.985233913349,436.6606624585,3.91466274078801
292.849727097954,137.430087093192,3.75891275200446
528.731945318973,459.62537033883,3.67308200388116
46.9926741987498,411.957246869446,3.80619026559857
186.66354561392,279.107834602369,4.29008841896647
543.702911240927,265.481944165007,3.77462951181251
173.691614502912,44.9817922206558,4.24096223472982
502.718884623495,342.454157834228,4.45315537401963
39.9563043930829,45.4379908540303,4.00802869646089
548.014677122615,147.626583521585,4.99259496019666
NA,NA,NA
662.692681288477,334.881374519131,3.46747967380663
457.12078957167,300.848033542941,3.74369553510467
10.7960839560284,494.03927895591,3.52695925093413
564.654605724363,52.1430405847324,4.26860239005003
73.3048190905762,368.786027382287,4.07302749740054
230.008988147812,413.062651764478,3.85892162785992
425.15284988094,11.5105599887333,3.26920788303884
363.151175318851,295.609319505292,3.13323496265165
605.003157696621,102.631851504119,4.27229668002502
391.179917009579,230.764848411691,4.14422792323405
573.539988335482,410.184505237523,4.81034169418868
144.118057421492,286.297482368435,4.58348792072494
193.876493955562,366.345135528555,4.01840488121304
123.838184932731,408.469683259958,3.41464206623354
629.241048936711,316.883989407071,4.58406543725959
4.38955600033546,143.577076728928,4.31351430190284
542.219179113786,206.236465021647,4.08151229916406
33.0840324389884,490.718075879686,3.03655554495099
279.809339687343,24.4869739557413,3.80550134793941
532.222478295912,389.805333677147,3.49779479568865
73.0026737741209,85.893995915575,5.18809481724655
5.9777341329057,73.1751091766788,3.40065078323894
581.223270785469,229.597841828454,3.87684601231023
439.893527438925,460.928344194951,4.77956433544865
658.056932844551,372.264448330024,3.02771173899585
106.511925976069,490.598000648105,4.38903850668042
624.367648155069,98.0283656738033,4.06614030701444
423.579333263378,257.712408053975,3.72386530939915
11.0283357444998,182.630322100649,3.38318815527775
53.882038226811,117.747387829982,4.37843437849225
613.898277524412,189.499889740889,4.29515450774866
254.53823253427,222.869165585103,3.67825028579475
576.985233913349,436.6606624585,3.91466274078801
292.849727097954,137.430087093192,3.75891275200446
528.731945318973,459.62537033883,3.67308200388116
46.9926741987498,411.957246869446,3.80619026559857
186.66354561392,279.107834602369,4.29008841896647
543.702911240927,265.481944165007,3.77462951181251
173.691614502912,44.9817922206558,4.24096223472982
502.718884623495,342.454157834228,4.45315537401963
39.9563043930829,45.4379908540303,4.00802869646089
548.014677122615,147.626583521585,4.99259496019666
NA,NA,NA
662.692681288477,334.881374519131,3.46747967380663
457.12078957167,300.848033542941,3.74369553510467
10.7960839560284,494.03927895591,3.52695925093413
564.654605724363,52.1430405847324,4.26860239005003
73.3048190905762,368.786027382287,4.07302749740054
230.008988147812,413.062651764478,3.85892162785992
425.15284988094,11.5105599887333,3.26920788303884
363.151175318851,295.609319505292,3.13323496265165
605.003157696621,102.631851504119,4.27229668002502
391.179917009579,230.764848411691,4.14422792323405
573.539988335482,410.184505237523,4.81034169418868
144.118057421492,286.297482368435,4.58348792072494
193.876493955562,366.345135528555,4.01840488121304
123.838184932731,408.469683259958,3.41464206623354
629.241048936711,316.883989407071,4.58406543725959
4.38955600033546,143.577076728928,4.31351430190284
542.219179113786,206.236465021647,4.08151229916406
33.0840324389884,490.718075879686,3.03655554495099
279.809339687343,24.4869739557413,3.80550134793941
532.222478295912,389.805333677147,3.49779479568865
73.0026737741209,85.893995915575,5.18809481724655
5.9777341329057,73.1751091766788,3.40065078323894
581.223270785469,229.597841828454,3.87684601231023
439.893527438925,460.928344194951,4.77956433544865
658.056932844551,372.264448330024,3.02771173899585
106.511925976069,490.598000648105,4.38903850668042
624.367648155069,98.0283656738033,4.06614030701444
423.579333263378,257.712408053975,3.72386530939915
11.0283357444998,182.630322100649,3.38318815527775
53.882038226811,117.747387829982,4.37843437849225
613.898277524412,189.499889740889,4.29515450774866
254.53823253427,222.869165585103,3.67825028579475
576.985233913349,436.6606624585,3.91466274078801
292.849727097954,137.430087093192,3.75891275200446
528.731945318973,459.62537033883,3.67308200388116
46.9926741987498,411.957246869446,3.80619026559857
186.66354561392,279.107834602369,4.29008841896647
543.702911240927,265.481944165007,3.77462951181251
173.691614502912,44.9817922206558,4.24096223472982
502.718884623495,342.454157834228,4.45315537401963
39.9563043930829,45.4379908540303,4.00802869646089
548.014677122615,147.626583521585,4.99259496019666
NA,NA,NA
662.692681288477,334.881374519131,3.46747967380663
457.12078957167,300.848033542941,3.74369553510467
10.7960839560284,494.03927895591,3.52695925093413
564.654605724363,52.1430405847324,4.26860239005003
73.3048190905762,368.786027382287,4.07302749740054
230.008988147812,413.062651764478,3.85892162785992
425.15284988094,11.5105599887333,3.26920788303884
363.151175318851,295.609319505292,3.13323496265165
605.003157696621,102.631851504119,4.27229668002502
391.179917009579,230.764848411691,4.14422792323405
573.539988335482,410.184505237523,4.81034169418868
144.118057421492,286.297482368435,4.58348792072494
193.876493955562,366.345135528555,4.01840488121304
123.838184932731,408.469683259958,3.41464206623354
629.241048936711,316.883989407071,4.58406543725959
4.38955600033546,143.577076728928,4.31351430190284
542.219179113786,206.236465021647,4.08151229916406
33.0840324389884,490.718075879686,3.03655554495099
279.809339687343,24.4869739557413,3.80550134793941
532.222478295912,389.805333677147,3.49779479568865
73.0026737741209,85.893995915575,5.18809481724655
5.9777341329057,73.1751091766788,3.40065078323894
581.223270785469,229.597841828454,3.87684601231023
439.893527438925,460.928344194951,4.77956433544865
658.056932844551,372.264448330024,3.02771173899585
106.511925976069,490.598000648105,4.38903850668042
624.367648155069,98.0283656738033,4.06614030701444
423.579333263378,257.712408053975,3.72386530939915
11.0283357444998,182.630322100649,3.38318815527775
53.882038226811,117.747387829982,4.37843437849225
613.898277524412,189.499889740889,4.29515450774866
254.53823253427,222.869165585103,3.67825028579475
576.985233913349,436.6606624585,3.91466274078801
292.849727097954,137.430087093192,3.75891275200446
528.731945318973,459.62537033883,3.67308200388116
46.9926741987498,411.957246869446,3.80619026559857
186.66354561392,279.107834602369,4.29008841896647
543.702911240927,265.481944165007,3.77462951181251
173.691614502912,44.9817922206558,4.24096223472982
502.718884623495,342.454157834228,4.45315537401963
39.9563043930829,45.4379908540303,4.00802869646089
548.014677122615,147.626583521585,4.99259496019666
NA,NA,NA
662.692681288477,334.881374519131,3.46747967380663
457.12078957167,300.848033542941,3.74369553510467
10.7960839560284,494.03927895591,3.52695925093413
564.654605724363,52.1430405847324,4.26860239005003
73.3048190905762,368.786027382287,4.07302749740054
230.008988147812,413.062651764478,3.85892162785992
425.15284988094,11.5105599887333,3.26920788303884
363.151175318851,295.609319505292,3.13323496265165
605.003157696621,102.631851504119,4.27229668002502
391.179917009579,230.764848411691,4.14422792323405
573.539988335482,410.184505237523,4.81034169418868
144.118057421492,286.297482368435,4.58348792072494
193.876493955562,366.345135528555,4.01840488121304
123.838184932731,408.469683259958,3.41464206623354
629.241048936711,316.883989407071,4.58406543725959
4.38955600033546,143.577076728928,4.31351430190284
542.219179113786,206.236465021647,4.08151229916406
33.0840324389884,490.718075879686,3.03655554495099
279.809339687343,24.4869739557413,3.80550134793941
532.222478295912,389.805333677147,3.49779479568865
73.0026737741209,85.893995915575,5.18809481724655
5.9777341329057,73.1751091766788,3.40065078323894
581.223270785469,229.597841828454,3.87684601231023
439.893527438925,460.928344194951,4.77956433544865
658.056932844551,372.264448330024,3.02771173899585
106.511925976069,490.598000648105,4.38903850668042
624.367648155069,98.0283656738033,4.06614030701444
423.579333263378,257.712408053975,3.72386530939915
11.0283357444998,182.630322100649,3.38318815527775
53.882038226811,117.747387829982,4.37843437849225
613.898277524412,189.499889740889,4.29515450774866
254.53823253427,222.869165585103,3.67825028579475
576.985233913349,436.6606624585,3.91466274078801
292.849727097954,137.430087093192,3.75891275200446
528.731945318973,459.62537033883,3.67308200388116
46.9926741987498,411.957246869446,3.80619026559857
186.66354561392,279.107834602369,4.29008841896647
543.702911240927,265.481944165007,3.77462951181251
173.691614502912,44.9817922206558,4.24096223472982
502.718884623495,342.454157834228,4.45315537401963
39.9563043930829,45.4379908540303,4.00802869646089
548.014677122615,147.626583521585,4.99259496019666
NA,NA,NA
663.392450540906,334.393439086921,3.33449943871665
455.423092046532,295.614424170807,3.56275737966314
12.3331064031683,496.071299936452,3.57296937524376
559.748858913918,50.7088558991931,4.23379257358547
68.5584132159396,377.550232581133,4.04618656258977
232.029249850126,415.467036144117,3.8452978576618
430.655927279251,13.3263189515027,3.29778528531497
361.135635295814,293.934397313284,3.07429037881495
601.5710111532,102.275519777784,4.13104633589203
395.018284147491,227.144574998246,4.10698056174227
564.154778205475,407.079256109733,4.74362642359723
142.113645686224,284.313748711973,4.49792655698245
197.370579130763,368.33702046212,4.04816929558848
119.808813532149,411.183491626379,3.34284025054777
628.534041951979,312.929946676566,4.68036709429612
3.12855925017147,152.199304167038,4.29795650701955
544.274621477958,201.085620532701,4.09074919443674
34.8766801955989,490.553904844642,3.11265759215752
277.203672456561,17.6686188835453,3.90493996072927
537.062597292596,391.106512032766,3.24946538407493
71.4306535148594,82.9527926119498,5.12698438030402
6.52545028537293,78.1926111898795,3.35382391441829
586.890500479667,227.81483376255,3.94548523438103
441.613700292988,467.309231953983,4.73935149666801
660.611987787725,372.146158942096,3.11754289709412
106.732203112636,487.92733076229,4.31883622537972
625.571472881587,89.2996433328033,4.12423858449579
418.608457719679,257.402328701853,3.59888272050907
11.0684572327616,181.642738188229,3.30459231514189
62.4193656569364,116.454150367099,4.54915550474641
612.568509785353,186.799982432774,4.30885605660978
249.696465802159,217.341348104012,3.86971043442323
561.218050850729,438.736671092758,3.89529834419381
302.77080068982,141.522149378689,4.0645253645446
520.589332507812,456.451775297695,3.58015940601082
50.8908464655356,416.735090896329,3.83340732123306
193.029281440735,277.651287803094,4.06413800916591
554.451176033888,256.758786022923,3.95835645208602
169.379536641933,20.6744794509947,4.35278080594511
507.856586423083,337.269731981486,4.63513139201052
40.8329955068942,49.9414846111188,3.52471884572171
545.531287003887,153.189928270831,4.49108632981769
NA,NA,NA
663.392450540906,334.393439086921,3.33449943871665
455.423092046532,295.614424170807,3.56275737966314
12.3331064031683,496.071299936452,3.57296937524376
559.748858913918,50.7088558991931,4.23379257358547
68.5584132159396,377.550232581133,4.04618656258977
232.029249850126,415.467036144117,3.8452978576618
430.655927279251,13.3263189515027,3.29778528531497
361.135635295814,293.934397313284,3.07429037881495
601.5710111532,102.275519777784,4.13104633589203
395.018284147491,227.144574998246,4.10698056174227
564.154778205475,407.079256109733,4.74362642359723
142.113645686224,284.313748711973,4.49792655698245
197.370579130763,368.33702046212,4.04816929558848
119.808813532149,411.183491626379,3.34284025054777
628.534041951979,312.929946676566,4.68036709429612
3.12855925017147,152.199304167038,4.29795650701955
544.274621477958,201.085620532701,4.09074919443674
34.8766801955989,490.553904844642,3.11265759215752
277.203672456561,17.6686188835453,3.90493996072927
537.062597292596,391.106512032766,3.24946538407493
71.4306535148594,82.9527926119498,5.12698438030402
6.52545028537293,78.1926111898795,3.35382391441829
586.890500479667,227.81483376255,3.94548523438103
441.613700292988,467.309231953983,4.73935149666801
660.611987787725,372.146158942096,3.11754289709412
106.732203112636,487.92733076229,4.31883622537972
625.571472881587,89.2996433328033,4.12423858449579
418.608457719679,257.402328701853,3.59888272050907
11.0684572327616,181.642738188229,3.30459231514189
62.4193656569364,116.454150367099,4.54915550474641
612.568509785353,186.799982432774,4.30885605660978
249.696465802159,217.341348104012,3.86971043442323
561.218050850729,438.736671092758,3.89529834419381
302.77080068982,141.522149378689,4.0645253645446
520.589332507812,456.451775297695,3.58015940601082
50.8908464655356,416.735090896329,3.83340732123306
193.029281440735,277.651287803094,4.06413800916591
554.451176033888,256.758786022923,3.95835645208602
169.379536641933,20.6744794509947,4.35278080594511
507.856586423083,337.269731981486,4.63513139201052
40.8329955068942,49.9414846111188,3.52471884572171
545.531287003887,153.189928270831,4.49108632981769
NA,NA,NA
663.392450540906,334.393439086921,3.33449943871665
455.423092046532,295.614424170807,3.56275737966314
12.3331064031683,496.071299936452,3.57296937524376
559.748858913918,50.7088558991931,4.23379257358547
68.5584132159396,377.550232581133,4.04618656258977
232.029249850126,415.467036144117,3.8452978576618
430.655927279251,13.3263189515027,3.29778528531497
361.135635295814,293.934397313284,3.07429037881495
601.5710111532,102.275519777784,4.13104633589203
395.018284147491,227.144574998246,4.10698056174227
564.154778205475,407.079256109733,4.74362642359723
142.113645686224,284.313748711973,4.49792655698245
197.370579130763,368.33702046212,4.04816929558848
119.808813532149,411.183491626379,3.34284025054777
628.534041951979,312.929946676566,4.68036709429612
3.12855925017147,152.199304167038,4.29795650701955
544.274621477958,201.085620532701,4.09074919443674
34.8766801955989,490.553904844642,3.11265759215752
277.203672456561,17.6686188835453,3.90493996072927
537.062597292596,391.106512032766,3.24946538407493
71.4306535148594,82.9527926119498,5.12698438030402
6.52545028537293,78.1926111898795,3.35382391441829
586.890500479667,227.81483376255,3.94548523438103
441.613700292988,467.309231953983,4.73935149666801
660.611987787725,372.146158942096,3.11754289709412
106.732203112636,487.92733076229,4.31883622537972
625.571472881587,89.2996433328033,4.12423858449579
418.608457719679,257.402328701853,3.59888272050907
11.0684572327616,181.642738188229,3.30459231514189
62.4193656569364,116.454150367099,4.54915550474641
612.568509785353,186.799982432774,4.30885605660978
249.696465802159,217.341348104012,3.86971043442323
561.218050850729,438.736671092758,3.89529834419381
302.77080068982,141.522149378689,4.0645253645446
520.589332507812,456.451775297695,3.58015940601082
50.8908464655356,416.735090896329,3.83340732123306
193.029281440735,277.651287803094,4.06413800916591
554.451176033888,256.758786022923,3.95835645208602
169.379536641933,20.6744794509947,4.35278080594511
507.856586423083,337.269731981486,4.63513139201052
40.8329955068942,49.9414846111188,3.52471884572171
545.531287003887,153.189928270831,4.49108632981769
NA,NA,NA
663.392450540906,334.393439086921,3.33449943871665
455.423092046532,295.614424170807,3.56275737966314
12.3331064031683,496.071299936452,3.57296937524376
559.748858913918,50.7088558991931,4.23379257358547
68.5584132159396,377.550232581133,4.04618656258977
232.029249850126,415.467036144117,3.8452978576618
430.655927279251,13.3263189515027,3.29778528531497
361.135635295814,293.934397313284,3.07429037881495
601.5710111532,102.275519777784,4.13104633589203
395.018284147491,227.144574998246,4.10698056174227
564.154778205475,407.079256109733,4.74362642359723
142.113645686224,284.313748711973,4.49792655698245
197.370579130763,368.33702046212,4.04816929558848
119.808813532149,411.183491626379,3.34284025054777
628.534041951979,312.929946676566,4.68036709429612
3.12855925017147,152.199304167038,4.29795650701955
544.274621477958,201.085620532701,4.09074919443674
34.8766801955989,490.553904844642,3.11265759215752
277.203672456561,17.6686188835453,3.90493996072927
537.062597292596,391.106512032766,3.24946538407493
71.4306535148594,82.9527926119498,5.12698438030402
6.52545028537293,78.1926111898795,3.35382391441829
586.890500479667,227.81483376255,3.94548523438103
441.613700292988,467.309231953983,4.73935149666801
660.611987787725,372.146158942096,3.11754289709412
106.732203112636,487.92733076229,4.31883622537972
625.571472881587,89.2996433328033,4.12423858449579
418.608457719679,257.402328701853,3.59888272050907
11.0684572327616,181.642738188229,3.30459231514189
62.4193656569364,116.454150367099,4.54915550474641
612.568509785353,186.799982432774,4.30885605660978
249.696465802159,217.341348104012,3.86971043442323
561.218050850729,438.736671092758,3.89529834419381
302.77080068982,141.522149378689,4.0645253645446
520.589332507812,456.451775297695,3.58015940601082
50.8908464655356,416.735090896329,3.83340732123306
193.029281440735,277.651287803094,4.06413800916591
554.451176033888,256.758786022923,3.95835645208602
169.379536641933,20.6744794509947,4.35278080594511
507.856586423083,337.269731981486,4.63513139201052
40.8329955068942,49.9414846111188,3.52471884572171
545.531287003887,153.189928270831,4.49108632981769
NA,NA,NA
663.392450540906,334.393439086921,3.33449943871665
455.423092046532,295.614424170807,3.56275737966314
12.3331064031683,496.071299936452,3.57296937524376
559.748858913918,50.7088558991931,4.23379257358547
68.5584132159396,377.550232581133,4.04618656258977
232.029249850126,415.467036144117,3.8452978576618
430.655927279251,13.3263189515027,3.29778528531497
361.135635295814,293.934397313284,3.07429037881495
601.5710111532,102.275519777784,4.13104633589203
395.018284147491,227.144574998246,4.10698056174227
564.154778205475,407.079256109733,4.74362642359723
142.113645686224,284.313748711973,4.49792655698245
197.370579130763,368.33702046212,4.04816929558848
119.808813532149,411.183491626379,3.34284025054777
628.534041951979,312.929946676566,4.68036709429612
3.12855925017147,152.199304167038,4.29795650701955
544.274621477958,201.085620532701,4.09074919443674
34.8766801955989,490.553904844642,3.11265759215752
277.203672456561,17.6686188835453,3.90493996072927
537.062597292596,391.106512032766,3.24946538407493
71.4306535148594,82.9527926119498,5.12698438030402
6.52545028537293,78.1926111898795,3.35382391441829
586.890500479667,227.81483376255,3.94548523438103
441.613700292988,467.309231953983,4.73935149666801
660.611987787725,372.146158942096,3.11754289709412
106.732203112636,487.92733076229,4.31883622537972
625.571472881587,89.2996433328033,4.12423858449579
418.608457719679,257.402328701853,3.59888272050907
11.0684572327616,181.642738188229,3.30459231514189
62.4193656569364,116.454150367099,4.54915550474641
612.568509785353,186.799982432774,4.30885605660978
249.696465802159,217.341348104012,3.86971043442323
561.218050850729,438.736671092758,3.89529834419381
302.77080068982,141.522149378689,4.0645253645446
520.589332507812,456.451775297695,3.58015940601082
50.8908464655356,416.735090896329,3.83340732123306
193.029281440735,277.651287803094,4.06413800916591
554.451176033888,256.758786022923,3.95835645208602
169.379536641933,20.6744794509947,4.35278080594511
507.856586423083,337.269731981486,4.63513139201052
40.8329955068942,49.9414846111188,3.52471884572171
545.531287003887,153.189928270831,4.49108632981769
NA,NA,NA
663.392450540906,334.393439086921,3.33449943871665
455.423092046532,295.614424170807,3.56275737966314
12.3331064031683,496.071299936452,3.57296937524376
559.748858913918,50.7088558991931,4.23379257358547
68.5584132159396,377.550232581133,4.04618656258977
232.029249850126,415.467036144117,3.8452978576618
430.655927279251,13.3263189515027,3.29778528531497
361.135635295814,293.934397313284,3.07429037881495
601.5710111532,102.275519777784,4.13104633589203
395.018284147491,227.144574998246,4.10698056174227
564.154778205475,407.079256109733,4.74362642359723
142.113645686224,284.313748711973,4.49792655698245
197.370579130763,368.33702046212,4.04816929558848
119.808813532149,411.183491626379,3.34284025054777
628.534041951979,312.929946676566,4.68036709429612
3.12855925017147,152.199304167038,4.29795650701955
544.274621477958,201.085620532701,4.09074919443674
34.8766801955989,490.553904844642,3.11265759215752
277.203672456561,17.6686188835453,3.90493996072927
537.062597292596,391.106512032766,3.24946538407493
71.4306535148594,82.9527926119498,5.12698438030402
6.52545028537293,78.1926111898795,3.35382391441829
586.890500479667,227.81483376255,3.94548523438103
441.613700292988,467.309231953983,4.73935149666801
660.611987787725,372.146158942096,3.11754289709412
106.732203112636,487.92733076229,4.31883622537972
625.571472881587,89.2996433328033,4.12423858449579
418.608457719679,257.402328701853,3.59888272050907
11.0684572327616,181.642738188229,3.30459231514189
62.4193656569364,116.454150367099,4.54915550474641
612.568509785353,186.799982432774,4.30885605660978
249.696465802159,217.341348104012,3.86971043442323
561.218050850729,438.736671092758,3.89529834419381
302.77080068982,141.522149378689,4.0645253645446
520.589332507812,456.451775297695,3.58015940601082
50.8908464655356,416.735090896329,3.83340732123306
193.029281440735,277.651287803094,4.06413800916591
554.451176033888,256.758786022923,3.95835645208602
169.379536641933,20.6744794509947,4.35278080594511
507.856586423083,337.269731981486,4.63513139201052
40.8329955068942,49.9414846111188,3.52471884572171
545.531287003887,153.189928270831,4.49108632981769
NA,NA,NA
658.826543840676,335.478452163419,3.38657781365985
456.744953917124,295.774306873358,3.56755617148046
11.6722082579304,495.219117702122,3.67349737828765
561.122647066356,50.3887418335995,4.21624531308857
69.7799593209664,377.804991811082,3.95100535824892
230.084254765514,413.629409663483,3.93324658181463
427.163277447764,14.4079372271407,3.14417929282815
364.839292218065,290.580986786587,3.13405551094526
600.909470360715,106.183361462588,4.18417138839495
393.036183639258,228.659817612939,4.13352637986381
572.938867415619,407.576511199157,4.76732857630063
139.785773035231,275.175345448414,4.67905425006678
198.860087738023,370.916534301583,4.1788555624282
124.348638245907,410.402560015088,3.3796972713229
626.886365802747,316.302593275464,4.61101581563777
-1.54298456680119,148.137541649806,4.3324338904616
541.544533650203,201.830413959408,4.15197021634138
34.0927752145131,491.968363741425,3.02625821776853
283.109036332684,28.9271134351661,3.9030484100002
534.775498306514,392.628311972305,3.27935562564266
75.5957936138017,75.1638455545868,5.2793698885968
5.25764112583392,75.2001593719844,3.52137715878485
588.847327358291,228.847420917461,3.91615041805011
437.746563103136,458.788380636916,4.81250961397623
659.434686772831,372.557883813954,3.19854461011441
105.01436480384,482.064227507015,4.43911403948525
623.843790055556,89.3261317283403,4.07539570266337
419.194680271946,258.429798119495,3.67289969454943
13.1385043767776,180.929410647378,3.12335289187931
77.5612172270003,121.327273077456,4.36153014826937
616.480036789298,202.854402636298,4.28293782089302
249.882635349105,215.245249639971,3.74706511687428
572.425599414005,429.491086329211,3.72857975313726
296.607094319125,132.303349869068,3.85456000826933
531.329927234696,465.759556419445,3.66915608242278
49.4798149270392,428.656174958749,4.38209992003901
195.576824861691,284.310827911743,4.38901608732931
550.787187747955,264.145889528764,3.74137381511102
189.141641875184,16.0078418729097,4.25786534916783
514.255361123119,351.764594790229,4.47937247465401
41.1655553755489,47.2596682052187,3.86798063486285
527.018298301179,175.498905852384,4.08833783232461
NA,NA,NA
658.826543840676,335.478452163419,3.38657781365985
456.744953917124,295.774306873358,3.56755617148046
11.6722082579304,495.219117702122,3.67349737828765
561.122647066356,50.3887418335995,4.21624531308857
69.7799593209664,377.804991811082,3.95100535824892
230.084254765514,413.629409663483,3.93324658181463
427.163277447764,14.4079372271407,3.14417929282815
364.839292218065,290.580986786587,3.13405551094526
600.909470360715,106.183361462588,4.18417138839495
393.036183639258,228.659817612939,4.13352637986381
572.938867415619,407.576511199157,4.76732857630063
139.785773035231,275.175345448414,4.67905425006678
198.860087738023,370.916534301583,4.1788555624282
124.348638245907,410.402560015088,3.3796972713229
626.886365802747,316.302593275464,4.61101581563777
-1.54298456680119,148.137541649806,4.3324338904616
541.544533650203,201.830413959408,4.15197021634138
34.0927752145131,491.968363741425,3.02625821776853
283.109036332684,28.9271134351661,3.9030484100002
534.775498306514,392.628311972305,3.27935562564266
75.5957936138017,75.1638455545868,5.2793698885968
5.25764112583392,75.2001593719844,3.52137715878485
588.847327358291,228.847420917461,3.91615041805011
437.746563103136,458.788380636916,4.81250961397623
659.434686772831,372.557883813954,3.19854461011441
105.01436480384,482.064227507015,4.43911403948525
623.843790055556,89.3261317283403,4.07539570266337
419.194680271946,258.429798119495,3.67289969454943
13.1385043767776,180.929410647378,3.12335289187931
77.5612172270003,121.327273077456,4.36153014826937
616.480036789298,202.854402636298,4.28293782089302
249.882635349105,215.245249639971,3.74706511687428
572.425599414005,429.491086329211,3.72857975313726
296.607094319125,132.303349869068,3.85456000826933
531.329927234696,465.759556419445,3.66915608242278
49.4798149270392,428.656174958749,4.38209992003901
195.576824861691,284.310827911743,4.38901608732931
550.787187747955,264.145889528764,3.74137381511102
189.141641875184,16.0078418729097,4.25786534916783
514.255361123119,351.764594790229,4.47937247465401
41.1655553755489,47.2596682052187,3.86798063486285
527.018298301179,175.498905852384,4.08833783232461
NA,NA,NA
658.826543840676,335.478452163419,3.38657781365985
456.744953917124,295.774306873358,3.56755617148046
11.6722082579304,495.219117702122,3.67349737828765
561.122647066356,50.3887418335995,4.21624531308857
69.7799593209664,377.804991811082,3.95100535824892
230.084254765514,413.629409663483,3.93324658181463
427.163277447764,14.4079372271407,3.14417929282815
364.839292218065,290.580986786587,3.13405551094526
600.909470360715,106.183361462588,4.18417138839495
393.036183639258,228.659817612939,4.13352637986381
572.938867415619,407.576511199157,4.76732857630063
139.785773035231,275.175345448414,4.67905425006678
198.860087738023,370.916534301583,4.1788555624282
124.348638245907,410.402560015088,3.3796972713229
626.886365802747,316.302593275464,4.61101581563777
-1.54298456680119,148.137541649806,4.3324338904616
541.544533650203,201.830413959408,4.15197021634138
34.0927752145131,491.968363741425,3.02625821776853
283.109036332684,28.9271134351661,3.9030484100002
534.775498306514,392.628311972305,3.27935562564266
75.5957936138017,75.1638455545868,5.2793698885968
5.25764112583392,75.2001593719844,3.52137715878485
588.847327358291,228.847420917461,3.91615041805011
437.746563103136,458.788380636916,4.81250961397623
659.434686772831,372.557883813954,3.19854461011441
105.01436480384,482.064227507015,4.43911403948525
623.843790055556,89.3261317283403,4.07539570266337
419.194680271946,258.429798119495,3.67289969454943
13.1385043767776,180.929410647378,3.12335289187931
77.5612172270003,121.327273077456,4.36153014826937
616.480036789298,202.854402636298,4.28293782089302
249.882635349105,215.245249639971,3.74706511687428
572.425599414005,429.491086329211,3.72857975313726
296.607094319125,132.303349869068,3.85456000826933
531.329927234696,465.759556419445,3.66915608242278
49.4798149270392,428.656174958749,4.38209992003901
195.576824861691,284.310827911743,4.38901608732931
550.787187747955,264.145889528764,3.74137381511102
189.141641875184,16.0078418729097,4.25786534916783
514.255361123119,351.764594790229,4.47937247465401
41.1655553755489,47.2596682052187,3.86798063486285
527.018298301179,175.498905852384,4.08833783232461
NA,NA,NA
658.826543840676,335.478452163419,3.38657781365985
456.744953917124,295.774306873358,3.56755617148046
11.6722082579304,495.219117702122,3.67349737828765
561.122647066356,50.3887418335995,4.21624531308857
69.7799593209664,377.804991811082,3.95100535824892
230.084254765514,413.629409663483,3.93324658181463
427.163277447764,14.4079372271407,3.14417929282815
364.839292218065,290.580986786587,3.13405551094526
600.909470360715,106.183361462588,4.18417138839495
393.036183639258,228.659817612939,4.13352637986381
572.938867415619,407.576511199157,4.76732857630063
139.785773035231,275.175345448414,4.67905425006678
198.860087738023,370.916534301583,4.1788555624282
124.348638245907,410.402560015088,3.3796972713229
626.886365802747,316.302593275464,4.61101581563777
-1.54298456680119,148.137541649806,4.3324338904616
541.544533650203,201.830413959408,4.15197021634138
34.0927752145131,491.968363741425,3.02625821776853
283.109036332684,28.9271134351661,3.9030484100002
534.775498306514,392.628311972305,3.27935562564266
75.5957936138017,75.1638455545868,5.2793698885968
5.25764112583392,75.2001593719844,3.52137715878485
588.847327358291,228.847420917461,3.91615041805011
437.746563103136,458.788380636916,4.81250961397623
659.434686772831,372.557883813954,3.19854461011441
105.01436480384,482.064227507015,4.43911403948525
623.843790055556,89.3261317283403,4.07539570266337
419.194680271946,258.429798119495,3.67289969454943
13.1385043767776,180.929410647378,3.12335289187931
77.5612172270003,121.327273077456,4.36153014826937
616.480036789298,202.854402636298,4.28293782089302
249.882635349105,215.245249639971,3.74706511687428
572.425599414005,429.491086329211,3.72857975313726
296.607094319125,132.303349869068,3.85456000826933
531.329927234696,465.759556419445,3.66915608242278
49.4798149270392,428.656174958749,4.38209992003901
195.576824861691,284.310827911743,4.38901608732931
550.787187747955,264.145889528764,3.74137381511102
189.141641875184,16.0078418729097,4.25786534916783
514.255361123119,351.764594790229,4.47937247465401
41.1655553755489,47.2596682052187,3.86798063486285
527.018298301179,175.498905852384,4.08833783232461
NA,NA,NA
658.826543840676,335.478452163419,3.38657781365985
456.744953917124,295.774306873358,3.56755617148046
11.6722082579304,495.219117702122,3.67349737828765
561.122647066356,50.3887418335995,4.21624531308857
69.7799593209664,377.804991811082,3.95100535824892
230.084254765514,413.629409663483,3.93324658181463
427.163277447764,14.4079372271407,3.14417929282815
364.839292218065,290.580986786587,3.13405551094526
600.909470360715,106.183361462588,4.18417138839495
393.036183639258,228.659817612939,4.13352637986381
572.938867415619,407.576511199157,4.76732857630063
139.785773035231,275.175345448414,4.67905425006678
198.860087738023,370.916534301583,4.1788555624282
124.348638245907,410.402560015088,3.3796972713229
626.886365802747,316.302593275464,4.61101581563777
-1.54298456680119,148.137541649806,4.3324338904616
541.544533650203,201.830413959408,4.15197021634138
34.0927752145131,491.968363741425,3.02625821776853
283.109036332684,28.9271134351661,3.9030484100002
534.775498306514,392.628311972305,3.27935562564266
75.5957936138017,75.1638455545868,5.2793698885968
5.25764112583392,75.2001593719844,3.52137715878485
588.847327358291,228.847420917461,3.91615041805011
437.746563103136,458.788380636916,4.81250961397623
659.434686772831,372.557883813954,3.19854461011441
105.01436480384,482.064227507015,4.43911403948525
623.843790055556,89.3261317283403,4.07539570266337
419.194680271946,258.429798119495,3.67289969454943
13.1385043767776,180.929410647378,3.12335289187931
77.5612172270003,121.327273077456,4.36153014826937
616.480036789298,202.854402636298,4.28293782089302
249.882635349105,215.245249639971,3.74706511687428
572.425599414005,429.491086329211,3.72857975313726
296.607094319125,132.303349869068,3.85456000826933
531.329927234696,465.759556419445,3.66915608242278
49.4798149270392,428.656174958749,4.38209992003901
195.576824861691,284.310827911743,4.38901608732931
550.787187747955,264.145889528764,3.74137381511102
189.141641875184,16.0078418729097,4.25786534916783
514.255361123119,351.764594790229,4.47937247465401
41.1655553755489,47.2596682052187,3.86798063486285
527.018298301179,175.498905852384,4.08833783232461
NA,NA,NA
658.826543840676,335.478452163419,3.38657781365985
456.744953917124,295.774306873358,3.56755617148046
11.6722082579304,495.219117702122,3.67349737828765
561.122647066356,50.3887418335995,4.21624531308857
69.7799593209664,377.804991811082,3.95100535824892
230.084254765514,413.629409663483,3.93324658181463
427.163277447764,14.4079372271407,3.14417929282815
364.839292218065,290.580986786587,3.13405551094526
600.909470360715,106.183361462588,4.18417138839495
393.036183639258,228.659817612939,4.13352637986381
572.938867415619,407.576511199157,4.76732857630063
139.785773035231,275.175345448414,4.67905425006678
198.860087738023,370.916534301583,4.1788555624282
124.348638245907,410.402560015088,3.3796972713229
626.886365802747,316.302593275464,4.61101581563777
-1.54298456680119,148.137541649806,4.3324338904616
541.544533650203,201.830413959408,4.15197021634138
34.0927752145131,491.968363741425,3.02625821776853
283.109036332684,28.9271134351661,3.9030484100002
534.775498306514,392.628311972305,3.27935562564266
75.5957936138017,75.1638455545868,5.2793698885968
5.25764112583392,75.2001593719844,3.52137715878485
588.847327358291,228.847420917461,3.91615041805011
437.746563103136,458.788380636916,4.81250961397623
659.434686772831,372.557883813954,3.19854461011441
105.01436480384,482.064227507015,4.43911403948525
623.843790055556,89.3261317283403,4.07539570266337
419.194680271946,258.429798119495,3.67289969454943
13.1385043767776,180.929410647378,3.12335289187931
77.5612172270003,121.327273077456,4.36153014826937
616.480036789298,202.854402636298,4.28293782089302
249.882635349105,215.245249639971,3.74706511687428
572.425599414005,429.491086329211,3.72857975313726
296.607094319125,132.303349869068,3.85456000826933
531.329927234696,465.759556419445,3.66915608242278
49.4798149270392,428.656174958749,4.38209992003901
195.576824861691,284.310827911743,4.38901608732931
550.787187747955,264.145889528764,3.74137381511102
189.141641875184,16.0078418729097,4.25786534916783
514.255361123119,351.764594790229,4.47937247465401
41.1655553755489,47.2596682052187,3.86798063486285
527.018298301179,175.498905852384,4.08833783232461
NA,NA,NA
660.531895266562,334.282851126983,3.41001166833746
455.398328045059,299.476447416281,3.70593617309575
12.6599588537377,494.226775285161,3.47310037965037
560.604381548009,49.2190932813623,4.18756097318254
67.1153680921753,375.608453402339,4.05981660740974
228.159863052919,419.042482566198,3.85598799102995
427.098247682205,10.0192100956224,3.19722370103087
364.224932188881,291.926536736139,3.0536718082885
602.113052634914,103.855886596038,4.08031141719615
394.184097679471,234.206652613999,4.32323111084661
567.488639279367,417.661269186929,4.63903779615534
141.099314142389,281.624957219993,4.51533127629423
200.732362706654,372.703758119685,3.90870890994124
125.835182253959,408.649213298408,3.47049257468331
622.602728097977,315.62627680784,4.55760471526828
2.21506260066899,146.898671505707,4.22149163884917
538.411295595309,199.239386674797,4.0314460203443
33.4303189582969,492.287795250826,2.90369736606101
281.841700509263,27.52440591667,3.74931357416642
530.85810442075,389.495131547088,3.52345014061566
77.1235228196387,80.7428191207941,5.32042087505188
2.70011977630231,76.1513657128062,3.42930512597718
589.962670949251,226.35446060227,4.01768637997471
446.141956649196,461.266086085766,4.83085834695066
658.738901865766,371.993915401729,3.13580387989122
102.993743626583,485.408492888876,4.34222018337146
625.73072555934,87.9445315098372,4.05069120173556
422.714996176445,259.182185407638,3.72564595777174
12.918989809691,181.827950339136,3.11388125422613
62.610901422487,105.048409985574,4.49987869726647
619.857740266216,190.843340279276,4.33149849895058
254.676031549721,219.110913355374,3.82721320476454
568.24227605502,427.865859594278,3.97705165532972
305.228744558998,137.330165618099,3.81240896103976
529.95738984391,459.257683719616,3.6486184132218
51.5773169853439,415.112065948947,3.88317171447474
205.295822517298,295.370449887556,3.85587275049928
555.448914252173,268.585823954931,3.61685460130538
161.915450544979,41.5601973642437,4.26381475547549
490.66471071763,351.305955384771,4.69674415374449
23.6705380532379,52.2547730659648,3.71534114286078
520.160689590532,144.179150537147,4.23731228304986
NA,NA,NA
660.531895266562,334.282851126983,3.41001166833746
455.398328045059,299.476447416281,3.70593617309575
12.6599588537377,494.226775285161,3.47310037965037
560.604381548009,49.2190932813623,4.18756097318254
67.1153680921753,375.608453402339,4.05981660740974
228.159863052919,419.042482566198,3.85598799102995
427.098247682205,10.0192100956224,3.19722370103087
364.224932188881,291.926536736139,3.0536718082885
602.113052634914,103.855886596038,4.08031141719615
394.184097679471,234.206652613999,4.32323111084661
567.488639279367,417.661269186929,4.63903779615534
141.099314142389,281.624957219993,4.51533127629423
200.732362706654,372.703758119685,3.90870890994124
125.835182253959,408.649213298408,3.47049257468331
622.602728097977,315.62627680784,4.55760471526828
2.21506260066899,146.898671505707,4.22149163884917
538.411295595309,199.239386674797,4.0314460203443
33.4303189582969,492.287795250826,2.90369736606101
281.841700509263,27.52440591667,3.74931357416642
530.85810442075,389.495131547088,3.52345014061566
77.1235228196387,80.7428191207941,5.32042087505188
2.70011977630231,76.1513657128062,3.42930512597718
589.962670949251,226.35446060227,4.01768637997471
446.141956649196,461.266086085766,4.83085834695066
658.738901865766,371.993915401729,3.13580387989122
102.993743626583,485.408492888876,4.34222018337146
625.73072555934,87.9445315098372,4.05069120173556
422.714996176445,259.182185407638,3.72564595777174
12.918989809691,181.827950339136,3.11388125422613
62.610901422487,105.048409985574,4.49987869726647
619.857740266216,190.843340279276,4.33149849895058
254.676031549721,219.110913355374,3.82721320476454
568.24227605502,427.865859594278,3.97705165532972
305.228744558998,137.330165618099,3.81240896103976
529.95738984391,459.257683719616,3.6486184132218
51.5773169853439,415.112065948947,3.88317171447474
205.295822517298,295.370449887556,3.85587275049928
555.448914252173,268.585823954931,3.61685460130538
161.915450544979,41.5601973642437,4.26381475547549
490.66471071763,351.305955384771,4.69674415374449
23.6705380532379,52.2547730659648,3.71534114286078
520.160689590532,144.179150537147,4.23731228304986
NA,NA,NA
660.531895266562,334.282851126983,3.41001166833746
455.398328045059,299.476447416281,3.70593617309575
12.6599588537377,494.226775285161,3.47310037965037
560.604381548009,49.2190932813623,4.18756097318254
67.1153680921753,375.608453402339,4.05981660740974
228.159863052919,419.042482566198,3.85598799102995
427.098247682205,10.0192100956224,3.19722370103087
364.224932188881,291.926536736139,3.0536718082885
602.113052634914,103.855886596038,4.08031141719615
394.184097679471,234.206652613999,4.32323111084661
567.488639279367,417.661269186929,4.63903779615534
141.099314142389,281.624957219993,4.51533127629423
200.732362706654,372.703758119685,3.90870890994124
125.835182253959,408.649213298408,3.47049257468331
622.602728097977,315.62627680784,4.55760471526828
2.21506260066899,146.898671505707,4.22149163884917
538.411295595309,199.239386674797,4.0314460203443
33.4303189582969,492.287795250826,2.90369736606101
281.841700509263,27.52440591667,3.74931357416642
530.85810442075,389.495131547088,3.52345014061566
77.1235228196387,80.7428191207941,5.32042087505188
2.70011977630231,76.1513657128062,3.42930512597718
589.962670949251,226.35446060227,4.01768637997471
446.141956649196,461.266086085766,4.83085834695066
658.738901865766,371.993915401729,3.13580387989122
102.993743626583,485.408492888876,4.34222018337146
625.73072555934,87.9445315098372,4.05069120173556
422.714996176445,259.182185407638,3.72564595777174
12.918989809691,181.827950339136,3.11388125422613
62.610901422487,105.048409985574,4.49987869726647
619.857740266216,190.843340279276,4.33149849895058
254.676031549721,219.110913355374,3.82721320476454
568.24227605502,427.865859594278,3.97705165532972
305.228744558998,137.330165618099,3.81240896103976
529.95738984391,459.257683719616,3.6486184132218
51.5773169853439,415.112065948947,3.88317171447474
205.295822517298,295.370449887556,3.85587275049928
555.448914252173,268.585823954931,3.61685460130538
161.915450544979,41.5601973642437,4.26381475547549
490.66471071763,351.305955384771,4.69674415374449
23.6705380532379,52.2547730659648,3.71534114286078
520.160689590532,144.179150537147,4.23731228304986
NA,NA,NA
660.531895266562,334.282851126983,3.41001166833746
455.398328045059,299.476447416281,3.70593617309575
12.6599588537377,494.226775285161,3.47310037965037
560.604381548009,49.2190932813623,4.18756097318254
67.1153680921753,375.608453402339,4.05981660740974
228.159863052919,419.042482566198,3.85598799102995
427.098247682205,10.0192100956224,3.19722370103087
364.224932188881,291.926536736139,3.0536718082885
602.113052634914,103.855886596038,4.08031141719615
394.184097679471,234.206652613999,4.32323111084661
567.488639279367,417.661269186929,4.63903779615534
141.099314142389,281.624957219993,4.51533127629423
200.732362706654,372.703758119685,3.90870890994124
125.835182253959,408.649213298408,3.47049257468331
622.602728097977,315.62627680784,4.55760471526828
2.21506260066899,146.898671505707,4.22149163884917
538.411295595309,199.239386674797,4.0314460203443
33.4303189582969,492.287795250826,2.90369736606101
281.841700509263,27.52440591667,3.74931357416642
530.85810442075,389.495131547088,3.52345014061566
77.1235228196387,80.7428191207941,5.32042087505188
2.70011977630231,76.1513657128062,3.42930512597718
589.962670949251,226.35446060227,4.01768637997471
446.141956649196,461.266086085766,4.83085834695066
658.738901865766,371.993915401729,3.13580387989122
102.993743626583,485.408492888876,4.34222018337146
625.73072555934,87.9445315098372,4.05069120173556
422.714996176445,259.182185407638,3.72564595777174
12.918989809691,181.827950339136,3.11388125422613
62.610901422487,105.048409985574,4.49987869726647
619.857740266216,190.843340279276,4.33149849895058
254.676031549721,219.110913355374,3.82721320476454
568.24227605502,427.865859594278,3.97705165532972
305.228744558998,137.330165618099,3.81240896103976
529.95738984391,459.257683719616,3.6486184132218
51.5773169853439,415.112065948947,3.88317171447474
205.295822517298,295.370449887556,3.85587275049928
555.448914252173,268.585823954931,3.61685460130538
161.915450544979,41.5601973642437,4.26381475547549
490.66471071763,351.305955384771,4.69674415374449
23.6705380532379,52.2547730659648,3.71534114286078
520.160689590532,144.179150537147,4.23731228304986
NA,NA,NA
660.531895266562,334.282851126983,3.41001166833746
455.398328045059,299.476447416281,3.70593617309575
12.6599588537377,494.226775285161,3.47310037965037
560.604381548009,49.2190932813623,4.18756097318254
67.1153680921753,375.608453402339,4.05981660740974
228.159863052919,419.042482566198,3.85598799102995
427.098247682205,10.0192100956224,3.19722370103087
364.224932188881,291.926536736139,3.0536718082885
602.113052634914,103.855886596038,4.08031141719615
394.184097679471,234.206652613999,4.32323111084661
567.488639279367,417.661269186929,4.63903779615534
141.099314142389,281.624957219993,4.51533127629423
200.732362706654,372.703758119685,3.90870890994124
125.835182253959,408.649213298408,3.47049257468331
622.602728097977,315.62627680784,4.55760471526828
2.21506260066899,146.898671505707,4.22149163884917
538.411295595309,199.239386674797,4.0314460203443
33.4303189582969,492.287795250826,2.90369736606101
281.841700509263,27.52440591667,3.74931357416642
530.85810442075,389.495131547088,3.52345014061566
77.1235228196387,80.7428191207941,5.32042087505188
2.70011977630231,76.1513657128062,3.42930512597718
589.962670949251,226.35446060227,4.01768637997471
446.141956649196,461.266086085766,4.83085834695066
658.738901865766,371.993915401729,3.13580387989122
102.993743626583,485.408492888876,4.34222018337146
625.73072555934,87.9445315098372,4.05069120173556
422.714996176445,259.182185407638,3.72564595777174
12.918989809691,181.827950339136,3.11388125422613
62.610901422487,105.048409985574,4.49987869726647
619.857740266216,190.843340279276,4.33149849895058
254.676031549721,219.110913355374,3.82721320476454
568.24227605502,427.865859594278,3.97705165532972
305.228744558998,137.330165618099,3.81240896103976
529.95738984391,459.257683719616,3.6486184132218
51.5773169853439,415.112065948947,3.88317171447474
205.295822517298,295.370449887556,3.85587275049928
555.448914252173,268.585823954931,3.61685460130538
161.915450544979,41.5601973642437,4.26381475547549
490.66471071763,351.305955384771,4.69674415374449
23.6705380532379,52.2547730659648,3.71534114286078
520.160689590532,144.179150537147,4.23731228304986
NA,NA,NA
660.531895266562,334.282851126983,3.41001166833746
455.398328045059,299.476447416281,3.70593617309575
12.6599588537377,494.226775285161,3.47310037965037
560.604381548009,49.2190932813623,4.18756097318254
67.1153680921753,375.608453402339,4.05981660740974
228.159863052919,419.042482566198,3.85598799102995
427.098247682205,10.0192100956224,3.19722370103087
364.224932188881,291.926536736139,3.0536718082885
602.113052634914,103.855886596038,4.08031141719615
394.184097679471,234.206652613999,4.32323111084661
567.488639279367,417.661269186929,4.63903779615534
141.099314142389,281.624957219993,4.51533127629423
200.732362706654,372.703758119685,3.90870890994124
125.835182253959,408.649213298408,3.47049257468331
622.602728097977,315.62627680784,4.55760471526828
2.21506260066899,146.898671505707,4.22149163884917
538.411295595309,199.239386674797,4.0314460203443
33.4303189582969,492.287795250826,2.90369736606101
281.841700509263,27.52440591667,3.74931357416642
530.85810442075,389.495131547088,3.52345014061566
77.1235228196387,80.7428191207941,5.32042087505188
2.70011977630231,76.1513657128062,3.42930512597718
589.962670949251,226.35446060227,4.01768637997471
446.141956649196,461.266086085766,4.83085834695066
658.738901865766,371.993915401729,3.13580387989122
102.993743626583,485.408492888876,4.34222018337146
625.73072555934,87.9445315098372,4.05069120173556
422.714996176445,259.182185407638,3.72564595777174
12.918989809691,181.827950339136,3.11388125422613
62.610901422487,105.048409985574,4.49987869726647
619.857740266216,190.843340279276,4.33149849895058
254.676031549721,219.110913355374,3.82721320476454
568.24227605502,427.865859594278,3.97705165532972
305.228744558998,137.330165618099,3.81240896103976
529.95738984391,459.257683719616,3.6486184132218
51.5773169853439,415.112065948947,3.88317171447474
205.295822517298,295.370449887556,3.85587275049928
555.448914252173,268.585823954931,3.61685460130538
161.915450544979,41.5601973642437,4.26381475547549
490.66471071763,351.305955384771,4.69674415374449
23.6705380532379,52.2547730659648,3.71534114286078
520.160689590532,144.179150537147,4.23731228304986
NA,NA,NA
663.80547772067,334.603894433421,3.56600951206357
457.339928103713,301.218228990072,3.46413152172999
11.6123179384797,494.329730611258,3.62528089989985
564.462391870369,53.6021641268799,4.14873873715564
70.6947602492457,380.244183263227,4.17735723139882
229.39863118831,409.471289341159,3.89332117037159
428.423731858551,9.93402130513734,3.38136917287629
362.714216774063,294.029543173253,2.97125020740261
605.615037850312,105.603907599032,4.33555840634293
391.760480386478,228.789554052933,4.2112969702258
561.969799097689,406.275416897841,4.77182064967515
134.842991314959,281.420918524308,4.49780377766429
199.996233882333,365.499482321695,4.06034176322382
128.426058819942,412.159573491565,3.46739086806865
623.900855501344,312.946183881345,4.49978699506446
-0.65853227108065,151.599931329699,4.29586985741363
546.551271657289,203.253693249672,4.19088959419074
31.6533680158478,492.795169180968,3.13714315320155
283.297440036679,23.3745183427455,3.98052511875486
534.154155900839,393.289236220778,3.49941401199279
75.3146063573277,78.1529652489255,5.2705557367916
6.0907624532751,77.7091186731123,3.63038301473404
590.067098848281,223.989792222129,4.07193038584166
438.666061612582,464.929969676661,4.85263327002166
660.986258378621,374.84716984626,3.00372165295283
106.709101571284,491.255104336117,4.3711779673219
626.467716383252,87.2551326499171,4.15052772928049
421.05462772961,259.279035515393,3.68317300622514
11.8971916619325,182.897487575821,3.29459497769433
71.2991737722951,117.479087228474,4.34600666545888
597.689654390598,204.905398430527,4.21861768938207
253.354793122128,209.958901538994,3.64245899898769
570.679787807074,440.941464614112,3.67455264182921
302.677634797234,134.950693441437,3.95971081105969
529.642170013557,454.317995686728,3.61899611489695
48.2021759919922,414.257830673618,3.75473512556051
199.101313577545,287.658593424312,4.22490637594584
546.172611732119,257.846426074032,3.48126074204234
169.701467614743,20.1365076077091,4.14788443971447
504.021516498709,352.244542487962,4.57476712251002
51.398483453666,42.669701749643,3.75092952764816
519.151900357553,148.178128414058,4.87662806633328
NA,NA,NA
663.80547772067,334.603894433421,3.56600951206357
457.339928103713,301.218228990072,3.46413152172999
11.6123179384797,494.329730611258,3.62528089989985
564.462391870369,53.6021641268799,4.14873873715564
70.6947602492457,380.244183263227,4.17735723139882
229.39863118831,409.471289341159,3.89332117037159
428.423731858551,9.93402130513734,3.38136917287629
362.714216774063,294.029543173253,2.97125020740261
605.615037850312,105.603907599032,4.33555840634293
391.760480386478,228.789554052933,4.2112969702258
561.969799097689,406.275416897841,4.77182064967515
134.842991314959,281.420918524308,4.49780377766429
199.996233882333,365.499482321695,4.06034176322382
128.426058819942,412.159573491565,3.46739086806865
623.900855501344,312.946183881345,4.49978699506446
-0.65853227108065,151.599931329699,4.29586985741363
546.551271657289,203.253693249672,4.19088959419074
31.6533680158478,492.795169180968,3.13714315320155
283.297440036679,23.3745183427455,3.98052511875486
534.154155900839,393.289236220778,3.49941401199279
75.3146063573277,78.1529652489255,5.2705557367916
6.0907624532751,77.7091186731123,3.63038301473404
590.067098848281,223.989792222129,4.07193038584166
438.666061612582,464.929969676661,4.85263327002166
660.986258378621,374.84716984626,3.00372165295283
106.709101571284,491.255104336117,4.3711779673219
626.467716383252,87.2551326499171,4.15052772928049
421.05462772961,259.279035515393,3.68317300622514
11.8971916619325,182.897487575821,3.29459497769433
71.2991737722951,117.479087228474,4.34600666545888
597.689654390598,204.905398430527,4.21861768938207
253.354793122128,209.958901538994,3.64245899898769
570.679787807074,440.941464614112,3.67455264182921
302.677634797234,134.950693441437,3.95971081105969
529.642170013557,454.317995686728,3.61899611489695
48.2021759919922,414.257830673618,3.75473512556051
199.101313577545,287.658593424312,4.22490637594584
546.172611732119,257.846426074032,3.48126074204234
169.701467614743,20.1365076077091,4.14788443971447
504.021516498709,352.244542487962,4.57476712251002
51.398483453666,42.669701749643,3.75092952764816
519.151900357553,148.178128414058,4.87662806633328
NA,NA,NA
663.80547772067,334.603894433421,3.56600951206357
457.339928103713,301.218228990072,3.46413152172999
11.6123179384797,494.329730611258,3.62528089989985
564.462391870369,53.6021641268799,4.14873873715564
70.6947602492457,380.244183263227,4.17735723139882
229.39863118831,409.471289341159,3.89332117037159
428.423731858551,9.93402130513734,3.38136917287629
362.714216774063,294.029543173253,2.97125020740261
605.615037850312,105.603907599032,4.33555840634293
391.760480386478,228.789554052933,4.2112969702258
561.969799097689,406.275416897841,4.77182064967515
134.842991314959,281.420918524308,4.49780377766429
199.996233882333,365.499482321695,4.06034176322382
128.426058819942,412.159573491565,3.46739086806865
623.900855501344,312.946183881345,4.49978699506446
-0.65853227108065,151.599931329699,4.29586985741363
546.551271657289,203.253693249672,4.19088959419074
31.6533680158478,492.795169180968,3.13714315320155
283.297440036679,23.3745183427455,3.98052511875486
534.154155900839,393.289236220778,3.49941401199279
75.3146063573277,78.1529652489255,5.2705557367916
6.0907624532751,77.7091186731123,3.63038301473404
590.067098848281,223.989792222129,4.07193038584166
438.666061612582,464.929969676661,4.85263327002166
660.986258378621,374.84716984626,3.00372165295283
106.709101571284,491.255104336117,4.3711779673219
626.467716383252,87.2551326499171,4.15052772928049
421.05462772961,259.279035515393,3.68317300622514
11.8971916619325,182.897487575821,3.29459497769433
71.2991737722951,117.479087228474,4.34600666545888
597.689654390598,204.905398430527,4.21861768938207
253.354793122128,209.958901538994,3.64245899898769
570.679787807074,440.941464614112,3.67455264182921
302.677634797234,134.950693441437,3.95971081105969
529.642170013557,454.317995686728,3.61899611489695
48.2021759919922,414.257830673618,3.75473512556051
199.101313577545,287.658593424312,4.22490637594584
546.172611732119,257.846426074032,3.48126074204234
169.701467614743,20.1365076077091,4.14788443971447
504.021516498709,352.244542487962,4.57476712251002
51.398483453666,42.669701749643,3.75092952764816
519.151900357553,148.178128414058,4.87662806633328
NA,NA,NA
663.80547772067,334.603894433421,3.56600951206357
457.339928103713,301.218228990072,3.46413152172999
11.6123179384797,494.329730611258,3.62528089989985
564.462391870369,53.6021641268799,4.14873873715564
70.6947602492457,380.244183263227,4.17735723139882
229.39863118831,409.471289341159,3.89332117037159
428.423731858551,9.93402130513734,3.38136917287629
362.714216774063,294.029543173253,2.97125020740261
605.615037850312,105.603907599032,4.33555840634293
391.760480386478,228.789554052933,4.2112969702258
561.969799097689,406.275416897841,4.77182064967515
134.842991314959,281.420918524308,4.49780377766429
199.996233882333,365.499482321695,4.06034176322382
128.426058819942,412.159573491565,3.46739086806865
623.900855501344,312.946183881345,4.49978699506446
-0.65853227108065,151.599931329699,4.29586985741363
546.551271657289,203.253693249672,4.19088959419074
31.6533680158478,492.795169180968,3.13714315320155
283.297440036679,23.3745183427455,3.98052511875486
534.154155900839,393.289236220778,3.49941401199279
75.3146063573277,78.1529652489255,5.2705557367916
6.0907624532751,77.7091186731123,3.63038301473404
590.067098848281,223.989792222129,4.07193038584166
438.666061612582,464.929969676661,4.85263327002166
660.986258378621,374.84716984626,3.00372165295283
106.709101571284,491.255104336117,4.3711779673219
626.467716383252,87.2551326499171,4.15052772928049
421.05462772961,259.279035515393,3.68317300622514
11.8971916619325,182.897487575821,3.29459497769433
71.2991737722951,117.479087228474,4.34600666545888
597.689654390598,204.905398430527,4.21861768938207
253.354793122128,209.958901538994,3.64245899898769
570.679787807074,440.941464614112,3.67455264182921
302.677634797234,134.950693441437,3.95971081105969
529.642170013557,454.317995686728,3.61899611489695
48.2021759919922,414.257830673618,3.75473512556051
199.101313577545,287.658593424312,4.22490637594584
546.172611732119,257.846426074032,3.48126074204234
169.701467614743,20.1365076077091,4.14788443971447
504.021516498709,352.244542487962,4.57476712251002
51.398483453666,42.669701749643,3.75092952764816
519.151900357553,148.178128414058,4.87662806633328
NA,NA,NA
663.80547772067,334.603894433421,3.56600951206357
457.339928103713,301.218228990072,3.46413152172999
11.6123179384797,494.329730611258,3.62528089989985
564.462391870369,53.6021641268799,4.14873873715564
70.6947602492457,380.244183263227,4.17735723139882
229.39863118831,409.471289341159,3.89332117037159
428.423731858551,9.93402130513734,3.38136917287629
362.714216774063,294.029543173253,2.97125020740261
605.615037850312,105.603907599032,4.33555840634293
391.760480386478,228.789554052933,4.2112969702258
561.969799097689,406.275416897841,4.77182064967515
134.842991314959,281.420918524308,4.49780377766429
199.996233882333,365.499482321695,4.06034176322382
128.426058819942,412.159573491565,3.46739086806865
623.900855501344,312.946183881345,4.49978699506446
-0.65853227108065,151.599931329699,4.29586985741363
546.551271657289,203.253693249672,4.19088959419074
31.6533680158478,492.795169180968,3.13714315320155
283.297440036679,23.3745183427455,3.98052511875486
534.154155900839,393.289236220778,3.49941401199279
75.3146063573277,78.1529652489255,5.2705557367916
6.0907624532751,77.7091186731123,3.63038301473404
590.067098848281,223.989792222129,4.07193038584166
438.666061612582,464.929969676661,4.85263327002166
660.986258378621,374.84716984626,3.00372165295283
106.709101571284,491.255104336117,4.3711779673219
626.467716383252,87.2551326499171,4.15052772928049
421.05462772961,259.279035515393,3.68317300622514
11.8971916619325,182.897487575821,3.29459497769433
71.2991737722951,117.479087228474,4.34600666545888
597.689654390598,204.905398430527,4.21861768938207
253.354793122128,209.958901538994,3.64245899898769
570.679787807074,440.941464614112,3.67455264182921
302.677634797234,134.950693441437,3.95971081105969
529.642170013557,454.317995686728,3.61899611489695
48.2021759919922,414.257830673618,3.75473512556051
199.101313577545,287.658593424312,4.22490637594584
546.172611732119,257.846426074032,3.48126074204234
169.701467614743,20.1365076077091,4.14788443971447
504.021516498709,352.244542487962,4.57476712251002
51.398483453666,42.669701749643,3.75092952764816
519.151900357553,148.178128414058,4.87662806633328
NA,NA,NA
663.80547772067,334.603894433421,3.56600951206357
457.339928103713,301.218228990072,3.46413152172999
11.6123179384797,494.329730611258,3.62528089989985
564.462391870369,53.6021641268799,4.14873873715564
70.6947602492457,380.244183263227,4.17735723139882
229.39863118831,409.471289341159,3.89332117037159
428.423731858551,9.93402130513734,3.38136917287629
362.714216774063,294.029543173253,2.97125020740261
605.615037850312,105.603907599032,4.33555840634293
391.760480386478,228.789554052933,4.2112969702258
561.969799097689,406.275416897841,4.77182064967515
134.842991314959,281.420918524308,4.49780377766429
199.996233882333,365.499482321695,4.06034176322382
128.426058819942,412.159573491565,3.46739086806865
623.900855501344,312.946183881345,4.49978699506446
-0.65853227108065,151.599931329699,4.29586985741363
546.551271657289,203.253693249672,4.19088959419074
31.6533680158478,492.795169180968,3.13714315320155
283.297440036679,23.3745183427455,3.98052511875486
534.154155900839,393.289236220778,3.49941401199279
75.3146063573277,78.1529652489255,5.2705557367916
6.0907624532751,77.7091186731123,3.63038301473404
590.067098848281,223.989792222129,4.07193038584166
438.666061612582,464.929969676661,4.85263327002166
660.986258378621,374.84716984626,3.00372165295283
106.709101571284,491.255104336117,4.3711779673219
626.467716383252,87.2551326499171,4.15052772928049
421.05462772961,259.279035515393,3.68317300622514
11.8971916619325,182.897487575821,3.29459497769433
71.2991737722951,117.479087228474,4.34600666545888
597.689654390598,204.905398430527,4.21861768938207
253.354793122128,209.958901538994,3.64245899898769
570.679787807074,440.941464614112,3.67455264182921
302.677634797234,134.950693441437,3.95971081105969
529.642170013557,454.317995686728,3.61899611489695
48.2021759919922,414.257830673618,3.75473512556051
199.101313577545,287.658593424312,4.22490637594584
546.172611732119,257.846426074032,3.48126074204234
169.701467614743,20.1365076077091,4.14788443971447
504.021516498709,352.244542487962,4.57476712251002
51.398483453666,42.669701749643,3.75092952764816
519.151900357553,148.178128414058,4.87662806633328
NA,NA,NA
661.989741237443,335.590483630196,3.5084243164545
454.912689042068,297.78923973276,3.61904682996505
11.5845753404119,494.878094520724,3.56058216370032
561.235560404022,51.6145419974677,4.20126284829686
72.0155458131796,375.443787399295,4.04755442802003
225.849790816432,413.618520896142,3.89924861865081
432.926068266526,10.4439927698501,3.35875714269494
362.187679733432,292.375392613732,3.06160475477138
605.939495267461,102.760254239683,4.15490955289399
390.038254449526,232.196394911694,4.15952691050526
569.71620827092,407.140852050642,4.78099409759803
139.029566320555,282.493346876819,4.5508807764073
200.396837267187,370.683185817278,4.02423389700308
124.143402707579,412.28410943112,3.42381660579258
624.08670398821,316.244943583937,4.53308838215373
1.34646738036121,143.912442087624,4.22125811116435
544.384738050329,203.906655166258,4.17506929504915
33.9936167705966,492.331134350183,3.04725634736885
284.076880731243,23.3400330127856,3.85644016555609
533.6617224466,394.250789979976,3.27445068917648
68.7333652270176,79.4541800973372,5.27826062611033
7.1130172257322,72.3808809342362,3.50786966171638
588.123655160647,229.720829398843,4.00775210811415
442.184748794289,459.323271479625,4.77827335900406
657.700121804481,375.494082483527,2.95798396511656
107.233399852422,480.891489613825,4.41730990755579
625.127331355662,93.1460158181918,4.1205197761468
419.913979906241,262.572060590073,3.58996289494045
9.37831041794689,182.446737686169,3.12313307420063
56.6569554303336,121.001269753116,4.51211157548899
621.009526590723,208.16455645746,4.56076384135923
257.464686183823,215.576810388826,3.93816436989412
583.263144598469,433.547489273015,3.71711592545435
300.709579287352,135.551647341786,3.90111441529133
530.406667640705,465.601401767382,3.73826225333325
46.4390353360144,412.236844907569,4.09626102423085
205.118808223592,295.117134302764,4.02430942655602
550.486203993594,266.316030563749,3.63027710933895
171.528247688608,22.7478605095786,4.26340218586634
507.259707861144,345.918321280141,4.53131812674974
34.3311638607432,49.3491265999982,3.74979527062096
525.372408918286,164.103300411865,4.58715064331093
NA,NA,NA
661.989741237443,335.590483630196,3.5084243164545
454.912689042068,297.78923973276,3.61904682996505
11.5845753404119,494.878094520724,3.56058216370032
561.235560404022,51.6145419974677,4.20126284829686
72.0155458131796,375.443787399295,4.04755442802003
225.849790816432,413.618520896142,3.89924861865081
432.926068266526,10.4439927698501,3.35875714269494
362.187679733432,292.375392613732,3.06160475477138
605.939495267461,102.760254239683,4.15490955289399
390.038254449526,232.196394911694,4.15952691050526
569.71620827092,407.140852050642,4.78099409759803
139.029566320555,282.493346876819,4.5508807764073
200.396837267187,370.683185817278,4.02423389700308
124.143402707579,412.28410943112,3.42381660579258
624.08670398821,316.244943583937,4.53308838215373
1.34646738036121,143.912442087624,4.22125811116435
544.384738050329,203.906655166258,4.17506929504915
33.9936167705966,492.331134350183,3.04725634736885
284.076880731243,23.3400330127856,3.85644016555609
533.6617224466,394.250789979976,3.27445068917648
68.7333652270176,79.4541800973372,5.27826062611033
7.1130172257322,72.3808809342362,3.50786966171638
588.123655160647,229.720829398843,4.00775210811415
442.184748794289,459.323271479625,4.77827335900406
657.700121804481,375.494082483527,2.95798396511656
107.233399852422,480.891489613825,4.41730990755579
625.127331355662,93.1460158181918,4.1205197761468
419.913979906241,262.572060590073,3.58996289494045
9.37831041794689,182.446737686169,3.12313307420063
56.6569554303336,121.001269753116,4.51211157548899
621.009526590723,208.16455645746,4.56076384135923
257.464686183823,215.576810388826,3.93816436989412
583.263144598469,433.547489273015,3.71711592545435
300.709579287352,135.551647341786,3.90111441529133
530.406667640705,465.601401767382,3.73826225333325
46.4390353360144,412.236844907569,4.09626102423085
205.118808223592,295.117134302764,4.02430942655602
550.486203993594,266.316030563749,3.63027710933895
171.528247688608,22.7478605095786,4.26340218586634
507.259707861144,345.918321280141,4.53131812674974
34.3311638607432,49.3491265999982,3.74979527062096
525.372408918286,164.103300411865,4.58715064331093
NA,NA,NA
661.989741237443,335.590483630196,3.5084243164545
454.912689042068,297.78923973276,3.61904682996505
11.5845753404119,494.878094520724,3.56058216370032
561.235560404022,51.6145419974677,4.20126284829686
72.0155458131796,375.443787399295,4.04755442802003
225.849790816432,413.618520896142,3.89924861865081
432.926068266526,10.4439927698501,3.35875714269494
362.187679733432,292.375392613732,3.06160475477138
605.939495267461,102.760254239683,4.15490955289399
390.038254449526,232.196394911694,4.15952691050526
569.71620827092,407.140852050642,4.78099409759803
139.029566320555,282.493346876819,4.5508807764073
200.396837267187,370.683185817278,4.02423389700308
124.143402707579,412.28410943112,3.42381660579258
624.08670398821,316.244943583937,4.53308838215373
1.34646738036121,143.912442087624,4.22125811116435
544.384738050329,203.906655166258,4.17506929504915
33.9936167705966,492.331134350183,3.04725634736885
284.076880731243,23.3400330127856,3.85644016555609
533.6617224466,394.250789979976,3.27445068917648
68.7333652270176,79.4541800973372,5.27826062611033
7.1130172257322,72.3808809342362,3.50786966171638
588.123655160647,229.720829398843,4.00775210811415
442.184748794289,459.323271479625,4.77827335900406
657.700121804481,375.494082483527,2.95798396511656
107.233399852422,480.891489613825,4.41730990755579
625.127331355662,93.1460158181918,4.1205197761468
419.913979906241,262.572060590073,3.58996289494045
9.37831041794689,182.446737686169,3.12313307420063
56.6569554303336,121.001269753116,4.51211157548899
621.009526590723,208.16455645746,4.56076384135923
257.464686183823,215.576810388826,3.93816436989412
583.263144598469,433.547489273015,3.71711592545435
300.709579287352,135.551647341786,3.90111441529133
530.406667640705,465.601401767382,3.73826225333325
46.4390353360144,412.236844907569,4.09626102423085
205.118808223592,295.117134302764,4.02430942655602
550.486203993594,266.316030563749,3.63027710933895
171.528247688608,22.7478605095786,4.26340218586634
507.259707861144,345.918321280141,4.53131812674974
34.3311638607432,49.3491265999982,3.74979527062096
525.372408918286,164.103300411865,4.58715064331093
NA,NA,NA
661.989741237443,335.590483630196,3.5084243164545
454.912689042068,297.78923973276,3.61904682996505
11.5845753404119,494.878094520724,3.56058216370032
561.235560404022,51.6145419974677,4.20126284829686
72.0155458131796,375.443787399295,4.04755442802003
225.849790816432,413.618520896142,3.89924861865081
432.926068266526,10.4439927698501,3.35875714269494
362.187679733432,292.375392613732,3.06160475477138
605.939495267461,102.760254239683,4.15490955289399
390.038254449526,232.196394911694,4.15952691050526
569.71620827092,407.140852050642,4.78099409759803
139.029566320555,282.493346876819,4.5508807764073
200.396837267187,370.683185817278,4.02423389700308
124.143402707579,412.28410943112,3.42381660579258
624.08670398821,316.244943583937,4.53308838215373
1.34646738036121,143.912442087624,4.22125811116435
544.384738050329,203.906655166258,4.17506929504915
33.9936167705966,492.331134350183,3.04725634736885
284.076880731243,23.3400330127856,3.85644016555609
533.6617224466,394.250789979976,3.27445068917648
68.7333652270176,79.4541800973372,5.27826062611033
7.1130172257322,72.3808809342362,3.50786966171638
588.123655160647,229.720829398843,4.00775210811415
442.184748794289,459.323271479625,4.77827335900406
657.700121804481,375.494082483527,2.95798396511656
107.233399852422,480.891489613825,4.41730990755579
625.127331355662,93.1460158181918,4.1205197761468
419.913979906241,262.572060590073,3.58996289494045
9.37831041794689,182.446737686169,3.12313307420063
56.6569554303336,121.001269753116,4.51211157548899
621.009526590723,208.16455645746,4.56076384135923
257.464686183823,215.576810388826,3.93816436989412
583.263144598469,433.547489273015,3.71711592545435
300.709579287352,135.551647341786,3.90111441529133
530.406667640705,465.601401767382,3.73826225333325
46.4390353360144,412.236844907569,4.09626102423085
205.118808223592,295.117134302764,4.02430942655602
550.486203993594,266.316030563749,3.63027710933895
171.528247688608,22.7478605095786,4.26340218586634
507.259707861144,345.918321280141,4.53131812674974
34.3311638607432,49.3491265999982,3.74979527062096
525.372408918286,164.103300411865,4.58715064331093
NA,NA,NA
661.989741237443,335.590483630196,3.5084243164545
454.912689042068,297.78923973276,3.61904682996505
11.5845753404119,494.878094520724,3.56058216370032
561.235560404022,51.6145419974677,4.20126284829686
72.0155458131796,375.443787399295,4.04755442802003
225.849790816432,413.618520896142,3.89924861865081
432.926068266526,10.4439927698501,3.35875714269494
362.187679733432,292.375392613732,3.06160475477138
605.939495267461,102.760254239683,4.15490955289399
390.038254449526,232.196394911694,4.15952691050526
569.71620827092,407.140852050642,4.78099409759803
139.029566320555,282.493346876819,4.5508807764073
200.396837267187,370.683185817278,4.02423389700308
124.143402707579,412.28410943112,3.42381660579258
624.08670398821,316.244943583937,4.53308838215373
1.34646738036121,143.912442087624,4.22125811116435
544.384738050329,203.906655166258,4.17506929504915
33.9936167705966,492.331134350183,3.04725634736885
284.076880731243,23.3400330127856,3.85644016555609
533.6617224466,394.250789979976,3.27445068917648
68.7333652270176,79.4541800973372,5.27826062611033
7.1130172257322,72.3808809342362,3.50786966171638
588.123655160647,229.720829398843,4.00775210811415
442.184748794289,459.323271479625,4.77827335900406
657.700121804481,375.494082483527,2.95798396511656
107.233399852422,480.891489613825,4.41730990755579
625.127331355662,93.1460158181918,4.1205197761468
419.913979906241,262.572060590073,3.58996289494045
9.37831041794689,182.446737686169,3.12313307420063
56.6569554303336,121.001269753116,4.51211157548899
621.009526590723,208.16455645746,4.56076384135923
257.464686183823,215.576810388826,3.93816436989412
583.263144598469,433.547489273015,3.71711592545435
300.709579287352,135.551647341786,3.90111441529133
530.406667640705,465.601401767382,3.73826225333325
46.4390353360144,412.236844907569,4.09626102423085
205.118808223592,295.117134302764,4.02430942655602
550.486203993594,266.316030563749,3.63027710933895
171.528247688608,22.7478605095786,4.26340218586634
507.259707861144,345.918321280141,4.53131812674974
34.3311638607432,49.3491265999982,3.74979527062096
525.372408918286,164.103300411865,4.58715064331093
NA,NA,NA
661.989741237443,335.590483630196,3.5084243164545
454.912689042068,297.78923973276,3.61904682996505
11.5845753404119,494.878094520724,3.56058216370032
561.235560404022,51.6145419974677,4.20126284829686
72.0155458131796,375.443787399295,4.04755442802003
225.849790816432,413.618520896142,3.89924861865081
432.926068266526,10.4439927698501,3.35875714269494
362.187679733432,292.375392613732,3.06160475477138
605.939495267461,102.760254239683,4.15490955289399
390.038254449526,232.196394911694,4.15952691050526
569.71620827092,407.140852050642,4.78099409759803
139.029566320555,282.493346876819,4.5508807764073
200.396837267187,370.683185817278,4.02423389700308
124.143402707579,412.28410943112,3.42381660579258
624.08670398821,316.244943583937,4.53308838215373
1.34646738036121,143.912442087624,4.22125811116435
544.384738050329,203.906655166258,4.17506929504915
33.9936167705966,492.331134350183,3.04725634736885
284.076880731243,23.3400330127856,3.85644016555609
533.6617224466,394.250789979976,3.27445068917648
68.7333652270176,79.4541800973372,5.27826062611033
7.1130172257322,72.3808809342362,3.50786966171638
588.123655160647,229.720829398843,4.00775210811415
442.184748794289,459.323271479625,4.77827335900406
657.700121804481,375.494082483527,2.95798396511656
107.233399852422,480.891489613825,4.41730990755579
625.127331355662,93.1460158181918,4.1205197761468
419.913979906241,262.572060590073,3.58996289494045
9.37831041794689,182.446737686169,3.12313307420063
56.6569554303336,121.001269753116,4.51211157548899
621.009526590723,208.16455645746,4.56076384135923
257.464686183823,215.576810388826,3.93816436989412
583.263144598469,433.547489273015,3.71711592545435
300.709579287352,135.551647341786,3.90111441529133
530.406667640705,465.601401767382,3.73826225333325
46.4390353360144,412.236844907569,4.09626102423085
205.118808223592,295.117134302764,4.02430942655602
550.486203993594,266.316030563749,3.63027710933895
171.528247688608,22.7478605095786,4.26340218586634
507.259707861144,345.918321280141,4.53131812674974
34.3311638607432,49.3491265999982,3.74979527062096
525.372408918286,164.103300411865,4.58715064331093
NA,NA,NA
665.984021721916,336.127209373009,3.49402602715633
453.295104874648,297.456714883778,3.68968069613887
14.7407645438986,492.772109337054,3.68480904131295
560.117874581523,53.9790571171905,4.21431628164415
67.7411448943847,378.094904154988,3.97139231148227
233.340615294252,415.109876949567,3.92341159913636
427.715769420657,13.6805483560984,3.26395895612867
363.485132872145,289.538387113357,3.12302348399816
604.592000523719,105.517790209658,4.30683564015965
388.011752635523,227.277073829609,4.29448164496946
574.91192564911,412.767319725617,4.80718906585695
137.92993652604,283.05789822107,4.58875846644605
195.048036070524,367.570403750065,3.97197331704317
126.718145864721,411.616253263189,3.47812040831214
626.282000528474,316.795713900574,4.66212752240564
1.07996844795034,152.210856467366,4.24009014340234
542.616589456605,201.498209969908,4.19858708833342
35.4765632880174,492.68384201987,3.0534657355444
279.77549757382,23.4324678545337,3.7710176595526
534.646505398981,391.076985802049,3.3204395356277
80.7829213679071,82.4315318251149,5.14416411565964
-0.518924983716762,78.2880421651952,3.56742797312093
589.288776059693,226.144039376436,4.00897687133819
440.434444941939,459.474211219167,4.79230102030291
656.889163623139,373.199209022653,3.16167386424628
104.254266044333,485.717913687662,4.31462618322528
623.517607722212,86.4593391067865,4.04147245195244
419.74716044279,261.176564018358,3.63883689082597
11.6551272129046,183.247425791687,3.37012725828725
61.1795483149965,112.456591166493,4.3826478879118
605.484127260519,203.723444468912,4.58139929162655
255.011483382945,216.776245660706,3.88111689559788
573.643367214937,432.774660574113,3.86910189997081
302.683193246363,141.633810735775,3.79896291274736
533.928741539309,462.165932631268,3.03943364624697
42.3589371608127,425.878632076839,4.07984989893762
202.482658478551,294.322127048878,4.11095297387482
553.113283145869,270.956071314274,3.73498805720872
155.642988984935,38.1582981524176,4.293695363256
498.771205602357,347.22195210731,4.44139641604875
45.0697642810719,50.7256646047988,3.89228619816561
542.04216546963,146.066915060286,4.39626105734664
NA,NA,NA
665.984021721916,336.127209373009,3.49402602715633
453.295104874648,297.456714883778,3.68968069613887
14.7407645438986,492.772109337054,3.68480904131295
560.117874581523,53.9790571171905,4.21431628164415
67.7411448943847,378.094904154988,3.97139231148227
233.340615294252,415.109876949567,3.92341159913636
427.715769420657,13.6805483560984,3.26395895612867
363.485132872145,289.538387113357,3.12302348399816
604.592000523719,105.517790209658,4.30683564015965
388.011752635523,227.277073829609,4.29448164496946
574.91192564911,412.767319725617,4.80718906585695
137.92993652604,283.05789822107,4.58875846644605
195.048036070524,367.570403750065,3.97197331704317
126.718145864721,411.616253263189,3.47812040831214
626.282000528474,316.795713900574,4.66212752240564
1.07996844795034,152.210856467366,4.24009014340234
542.616589456605,201.498209969908,4.19858708833342
35.4765632880174,492.68384201987,3.0534657355444
279.77549757382,23.4324678545337,3.7710176595526
534.646505398981,391.076985802049,3.3204395356277
80.7829213679071,82.4315318251149,5.14416411565964
-0.518924983716762,78.2880421651952,3.56742797312093
589.288776059693,226.144039376436,4.00897687133819
440.434444941939,459.474211219167,4.79230102030291
656.889163623139,373.199209022653,3.16167386424628
104.254266044333,485.717913687662,4.31462618322528
623.517607722212,86.4593391067865,4.04147245195244
419.74716044279,261.176564018358,3.63883689082597
11.6551272129046,183.247425791687,3.37012725828725
61.1795483149965,112.456591166493,4.3826478879118
605.484127260519,203.723444468912,4.58139929162655
255.011483382945,216.776245660706,3.88111689559788
573.643367214937,432.774660574113,3.86910189997081
302.683193246363,141.633810735775,3.79896291274736
533.928741539309,462.165932631268,3.03943364624697
42.3589371608127,425.878632076839,4.07984989893762
202.482658478551,294.322127048878,4.11095297387482
553.113283145869,270.956071314274,3.73498805720872
155.642988984935,38.1582981524176,4.293695363256
498.771205602357,347.22195210731,4.44139641604875
45.0697642810719,50.7256646047988,3.89228619816561
542.04216546963,146.066915060286,4.39626105734664
NA,NA,NA
665.984021721916,336.127209373009,3.49402602715633
453.295104874648,297.456714883778,3.68968069613887
14.7407645438986,492.772109337054,3.68480904131295
560.117874581523,53.9790571171905,4.21431628164415
67.7411448943847,378.094904154988,3.97139231148227
233.340615294252,415.109876949567,3.92341159913636
427.715769420657,13.6805483560984,3.26395895612867
363.485132872145,289.538387113357,3.12302348399816
604.592000523719,105.517790209658,4.30683564015965
388.011752635523,227.277073829609,4.29448164496946
574.91192564911,412.767319725617,4.80718906585695
137.92993652604,283.05789822107,4.58875846644605
195.048036070524,367.570403750065,3.97197331704317
126.718145864721,411.616253263189,3.47812040831214
626.282000528474,316.795713900574,4.66212752240564
1.07996844795034,152.210856467366,4.24009014340234
542.616589456605,201.498209969908,4.19858708833342
35.4765632880174,492.68384201987,3.0534657355444
279.77549757382,23.4324678545337,3.7710176595526
534.646505398981,391.076985802049,3.3204395356277
80.7829213679071,82.4315318251149,5.14416411565964
-0.518924983716762,78.2880421651952,3.56742797312093
589.288776059693,226.144039376436,4.00897687133819
440.434444941939,459.474211219167,4.79230102030291
656.889163623139,373.199209022653,3.16167386424628
104.254266044333,485.717913687662,4.31462618322528
623.517607722212,86.4593391067865,4.04147245195244
419.74716044279,261.176564018358,3.63883689082597
11.6551272129046,183.247425791687,3.37012725828725
61.1795483149965,112.456591166493,4.3826478879118
605.484127260519,203.723444468912,4.58139929162655
255.011483382945,216.776245660706,3.88111689559788
573.643367214937,432.774660574113,3.86910189997081
302.683193246363,141.633810735775,3.79896291274736
533.928741539309,462.165932631268,3.03943364624697
42.3589371608127,425.878632076839,4.07984989893762
202.482658478551,294.322127048878,4.11095297387482
553.113283145869,270.956071314274,3.73498805720872
155.642988984935,38.1582981524176,4.293695363256
498.771205602357,347.22195210731,4.44139641604875
45.0697642810719,50.7256646047988,3.89228619816561
542.04216546963,146.066915060286,4.39626105734664
NA,NA,NA
665.984021721916,336.127209373009,3.49402602715633
453.295104874648,297.456714883778,3.68968069613887
14.7407645438986,492.772109337054,3.68480904131295
560.117874581523,53.9790571171905,4.21431628164415
67.7411448943847,378.094904154988,3.97139231148227
233.340615294252,415.109876949567,3.92341159913636
427.715769420657,13.6805483560984,3.26395895612867
363.485132872145,289.538387113357,3.12302348399816
604.592000523719,105.517790209658,4.30683564015965
388.011752635523,227.277073829609,4.29448164496946
574.91192564911,412.767319725617,4.80718906585695
137.92993652604,283.05789822107,4.58875846644605
195.048036070524,367.570403750065,3.97197331704317
126.718145864721,411.616253263189,3.47812040831214
626.282000528474,316.795713900574,4.66212752240564
1.07996844795034,152.210856467366,4.24009014340234
542.616589456605,201.498209969908,4.19858708833342
35.4765632880174,492.68384201987,3.0534657355444
279.77549757382,23.4324678545337,3.7710176595526
534.646505398981,391.076985802049,3.3204395356277
80.7829213679071,82.4315318251149,5.14416411565964
-0.518924983716762,78.2880421651952,3.56742797312093
589.288776059693,226.144039376436,4.00897687133819
440.434444941939,459.474211219167,4.79230102030291
656.889163623139,373.199209022653,3.16167386424628
104.254266044333,485.717913687662,4.31462618322528
623.517607722212,86.4593391067865,4.04147245195244
419.74716044279,261.176564018358,3.63883689082597
11.6551272129046,183.247425791687,3.37012725828725
61.1795483149965,112.456591166493,4.3826478879118
605.484127260519,203.723444468912,4.58139929162655
255.011483382945,216.776245660706,3.88111689559788
573.643367214937,432.774660574113,3.86910189997081
302.683193246363,141.633810735775,3.79896291274736
533.928741539309,462.165932631268,3.03943364624697
42.3589371608127,425.878632076839,4.07984989893762
202.482658478551,294.322127048878,4.11095297387482
553.113283145869,270.956071314274,3.73498805720872
155.642988984935,38.1582981524176,4.293695363256
498.771205602357,347.22195210731,4.44139641604875
45.0697642810719,50.7256646047988,3.89228619816561
542.04216546963,146.066915060286,4.39626105734664
NA,NA,NA
665.984021721916,336.127209373009,3.49402602715633
453.295104874648,297.456714883778,3.68968069613887
14.7407645438986,492.772109337054,3.68480904131295
560.117874581523,53.9790571171905,4.21431628164415
67.7411448943847,378.094904154988,3.97139231148227
233.340615294252,415.109876949567,3.92341159913636
427.715769420657,13.6805483560984,3.26395895612867
363.485132872145,289.538387113357,3.12302348399816
604.592000523719,105.517790209658,4.30683564015965
388.011752635523,227.277073829609,4.29448164496946
574.91192564911,412.767319725617,4.80718906585695
137.92993652604,283.05789822107,4.58875846644605
195.048036070524,367.570403750065,3.97197331704317
126.718145864721,411.616253263189,3.47812040831214
626.282000528474,316.795713900574,4.66212752240564
1.07996844795034,152.210856467366,4.24009014340234
542.616589456605,201.498209969908,4.19858708833342
35.4765632880174,492.68384201987,3.0534657355444
279.77549757382,23.4324678545337,3.7710176595526
534.646505398981,391.076985802049,3.3204395356277
80.7829213679071,82.4315318251149,5.14416411565964
-0.518924983716762,78.2880421651952,3.56742797312093
589.288776059693,226.144039376436,4.00897687133819
440.434444941939,459.474211219167,4.79230102030291
656.889163623139,373.199209022653,3.16167386424628
104.254266044333,485.717913687662,4.31462618322528
623.517607722212,86.4593391067865,4.04147245195244
419.74716044279,261.176564018358,3.63883689082597
11.6551272129046,183.247425791687,3.37012725828725
61.1795483149965,112.456591166493,4.3826478879118
605.484127260519,203.723444468912,4.58139929162655
255.011483382945,216.776245660706,3.88111689559788
573.643367214937,432.774660574113,3.86910189997081
302.683193246363,141.633810735775,3.79896291274736
533.928741539309,462.165932631268,3.03943364624697
42.3589371608127,425.878632076839,4.07984989893762
202.482658478551,294.322127048878,4.11095297387482
553.113283145869,270.956071314274,3.73498805720872
155.642988984935,38.1582981524176,4.293695363256
498.771205602357,347.22195210731,4.44139641604875
45.0697642810719,50.7256646047988,3.89228619816561
542.04216546963,146.066915060286,4.39626105734664
NA,NA,NA
665.984021721916,336.127209373009,3.49402602715633
453.295104874648,297.456714883778,3.68968069613887
14.7407645438986,492.772109337054,3.68480904131295
560.117874581523,53.9790571171905,4.21431628164415
67.7411448943847,378.094904154988,3.97139231148227
233.340615294252,415.109876949567,3.92341159913636
427.715769420657,13.6805483560984,3.26395895612867
363.485132872145,289.538387113357,3.12302348399816
604.592000523719,105.517790209658,4.30683564015965
388.011752635523,227.277073829609,4.29448164496946
574.91192564911,412.767319725617,4.80718906585695
137.92993652604,283.05789822107,4.58875846644605
195.048036070524,367.570403750065,3.97197331704317
126.718145864721,411.616253263189,3.47812040831214
626.282000528474,316.795713900574,4.66212752240564
1.07996844795034,152.210856467366,4.24009014340234
542.616589456605,201.498209969908,4.19858708833342
35.4765632880174,492.68384201987,3.0534657355444
279.77549757382,23.4324678545337,3.7710176595526
534.646505398981,391.076985802049,3.3204395356277
80.7829213679071,82.4315318251149,5.14416411565964
-0.518924983716762,78.2880421651952,3.56742797312093
589.288776059693,226.144039376436,4.00897687133819
440.434444941939,459.474211219167,4.79230102030291
656.889163623139,373.199209022653,3.16167386424628
104.254266044333,485.717913687662,4.31462618322528
623.517607722212,86.4593391067865,4.04147245195244
419.74716044279,261.176564018358,3.63883689082597
11.6551272129046,183.247425791687,3.37012725828725
61.1795483149965,112.456591166493,4.3826478879118
605.484127260519,203.723444468912,4.58139929162655
255.011483382945,216.776245660706,3.88111689559788
573.643367214937,432.774660574113,3.86910189997081
302.683193246363,141.633810735775,3.79896291274736
533.928741539309,462.165932631268,3.03943364624697
42.3589371608127,425.878632076839,4.07984989893762
202.482658478551,294.322127048878,4.11095297387482
553.113283145869,270.956071314274,3.73498805720872
155.642988984935,38.1582981524176,4.293695363256
498.771205602357,347.22195210731,4.44139641604875
45.0697642810719,50.7256646047988,3.89228619816561
542.04216546963,146.066915060286,4.39626105734664
NA,NA,NA
663.676247043428,330.110559355894,3.43295802086296
453.685799554738,296.426598703944,3.66358692675271
11.6356302109209,492.822701930568,3.58809934572123
564.126575153162,50.9631404379731,4.18274724237695
76.0898040561198,377.238341011937,3.85061233813828
233.180591560396,416.703934212297,3.86772892233813
428.74654861256,12.370812954434,3.2005221205918
359.764211544858,291.996239802253,3.15594822037199
602.896251891537,100.236377523974,4.21575791113279
390.470666669594,228.80401800033,4.12468501834799
566.777872732658,408.534292228444,4.72944272388301
146.373601334361,283.49902202581,4.4470677125134
201.491892967481,366.019765723358,3.9316413267866
127.764026073129,411.620284286642,3.42114062319544
621.457267269077,314.535395677691,4.51434050250079
5.72129263246362,146.31825435264,4.24743331660752
542.102795776234,207.133733138067,4.06636942080691
32.7569512249816,491.493972581191,2.82488270651125
281.756510496355,22.6534042675005,3.91811717182079
536.318524918636,393.763715617062,3.37753060953217
75.0493788280343,75.8964418199444,5.24554238045997
1.86007672733435,77.2188176015158,3.431385043495
587.336145677696,218.965013141934,3.98892099192668
438.561360628187,453.199088416345,4.85764281784308
661.453997265049,372.898273426682,3.00953477715492
99.9074739484804,484.241700094934,4.35238774984977
625.326917224573,92.568938389112,4.13978925995326
420.280841179673,258.858412181657,3.59461906938601
12.041318132325,179.901820507245,3.1997638109046
63.3576401613637,121.914285204706,4.29390213809337
605.447820043618,201.127824689379,4.40981069588863
260.937279850736,226.531215806715,3.98889703242217
572.302331764937,436.734179535847,3.48943329963087
301.398413395248,133.187285029639,3.91718544028077
527.883090096695,464.257229445466,3.75827354922896
42.5254271632846,418.681259995329,3.87420178660859
203.690652831604,286.267729435845,4.24593073117715
551.819137647202,258.29970417965,3.5635899375228
180.369331967258,35.8944318462869,4.29018390980977
499.57503565654,346.804346475944,4.72514971839485
45.8986154013544,47.1381579021159,4.1745792808411
557.744531873571,138.793996863776,4.4322999076832
NA,NA,NA
663.676247043428,330.110559355894,3.43295802086296
453.685799554738,296.426598703944,3.66358692675271
11.6356302109209,492.822701930568,3.58809934572123
564.126575153162,50.9631404379731,4.18274724237695
76.0898040561198,377.238341011937,3.85061233813828
233.180591560396,416.703934212297,3.86772892233813
428.74654861256,12.370812954434,3.2005221205918
359.764211544858,291.996239802253,3.15594822037199
602.896251891537,100.236377523974,4.21575791113279
390.470666669594,228.80401800033,4.12468501834799
566.777872732658,408.534292228444,4.72944272388301
146.373601334361,283.49902202581,4.4470677125134
201.491892967481,366.019765723358,3.9316413267866
127.764026073129,411.620284286642,3.42114062319544
621.457267269077,314.535395677691,4.51434050250079
5.72129263246362,146.31825435264,4.24743331660752
542.102795776234,207.133733138067,4.06636942080691
32.7569512249816,491.493972581191,2.82488270651125
281.756510496355,22.6534042675005,3.91811717182079
536.318524918636,393.763715617062,3.37753060953217
75.0493788280343,75.8964418199444,5.24554238045997
1.86007672733435,77.2188176015158,3.431385043495
587.336145677696,218.965013141934,3.98892099192668
438.561360628187,453.199088416345,4.85764281784308
661.453997265049,372.898273426682,3.00953477715492
99.9074739484804,484.241700094934,4.35238774984977
625.326917224573,92.568938389112,4.13978925995326
420.280841179673,258.858412181657,3.59461906938601
12.041318132325,179.901820507245,3.1997638109046
63.3576401613637,121.914285204706,4.29390213809337
605.447820043618,201.127824689379,4.40981069588863
260.937279850736,226.531215806715,3.98889703242217
572.302331764937,436.734179535847,3.48943329963087
301.398413395248,133.187285029639,3.91718544028077
527.883090096695,464.257229445466,3.75827354922896
42.5254271632846,418.681259995329,3.87420178660859
203.690652831604,286.267729435845,4.24593073117715
551.819137647202,258.29970417965,3.5635899375228
180.369331967258,35.8944318462869,4.29018390980977
499.57503565654,346.804346475944,4.72514971839485
45.8986154013544,47.1381579021159,4.1745792808411
557.744531873571,138.793996863776,4.4322999076832
NA,NA,NA
663.676247043428,330.110559355894,3.43295802086296
453.685799554738,296.426598703944,3.66358692675271
11.6356302109209,492.822701930568,3.58809934572123
564.126575153162,50.9631404379731,4.18274724237695
76.0898040561198,377.238341011937,3.85061233813828
233.180591560396,416.703934212297,3.86772892233813
428.74654861256,12.370812954434,3.2005221205918
359.764211544858,291.996239802253,3.15594822037199
602.896251891537,100.236377523974,4.21575791113279
390.470666669594,228.80401800033,4.12468501834799
566.777872732658,408.534292228444,4.72944272388301
146.373601334361,283.49902202581,4.4470677125134
201.491892967481,366.019765723358,3.9316413267866
127.764026073129,411.620284286642,3.42114062319544
621.457267269077,314.535395677691,4.51434050250079
5.72129263246362,146.31825435264,4.24743331660752
542.102795776234,207.133733138067,4.06636942080691
32.7569512249816,491.493972581191,2.82488270651125
281.756510496355,22.6534042675005,3.91811717182079
536.318524918636,393.763715617062,3.37753060953217
75.0493788280343,75.8964418199444,5.24554238045997
1.86007672733435,77.2188176015158,3.431385043495
587.336145677696,218.965013141934,3.98892099192668
438.561360628187,453.199088416345,4.85764281784308
661.453997265049,372.898273426682,3.00953477715492
99.9074739484804,484.241700094934,4.35238774984977
625.326917224573,92.568938389112,4.13978925995326
420.280841179673,258.858412181657,3.59461906938601
12.041318132325,179.901820507245,3.1997638109046
63.3576401613637,121.914285204706,4.29390213809337
605.447820043618,201.127824689379,4.40981069588863
260.937279850736,226.531215806715,3.98889703242217
572.302331764937,436.734179535847,3.48943329963087
301.398413395248,133.187285029639,3.91718544028077
527.883090096695,464.257229445466,3.75827354922896
42.5254271632846,418.681259995329,3.87420178660859
203.690652831604,286.267729435845,4.24593073117715
551.819137647202,258.29970417965,3.5635899375228
180.369331967258,35.8944318462869,4.29018390980977
499.57503565654,346.804346475944,4.72514971839485
45.8986154013544,47.1381579021159,4.1745792808411
557.744531873571,138.793996863776,4.4322999076832
NA,NA,NA
663.676247043428,330.110559355894,3.43295802086296
453.685799554738,296.426598703944,3.66358692675271
11.6356302109209,492.822701930568,3.58809934572123
564.126575153162,50.9631404379731,4.18274724237695
76.0898040561198,377.238341011937,3.85061233813828
233.180591560396,416.703934212297,3.86772892233813
428.74654861256,12.370812954434,3.2005221205918
359.764211544858,291.996239802253,3.15594822037199
602.896251891537,100.236377523974,4.21575791113279
390.470666669594,228.80401800033,4.12468501834799
566.777872732658,408.534292228444,4.72944272388301
146.373601334361,283.49902202581,4.4470677125134
201.491892967481,366.019765723358,3.9316413267866
127.764026073129,411.620284286642,3.42114062319544
621.457267269077,314.535395677691,4.51434050250079
5.72129263246362,146.31825435264,4.24743331660752
542.102795776234,207.133733138067,4.06636942080691
32.7569512249816,491.493972581191,2.82488270651125
281.756510496355,22.6534042675005,3.91811717182079
536.318524918636,393.763715617062,3.37753060953217
75.0493788280343,75.8964418199444,5.24554238045997
1.86007672733435,77.2188176015158,3.431385043495
587.336145677696,218.965013141934,3.98892099192668
438.561360628187,453.199088416345,4.85764281784308
661.453997265049,372.898273426682,3.00953477715492
99.9074739484804,484.241700094934,4.35238774984977
625.326917224573,92.568938389112,4.13978925995326
420.280841179673,258.858412181657,3.59461906938601
12.041318132325,179.901820507245,3.1997638109046
63.3576401613637,121.914285204706,4.29390213809337
605.447820043618,201.127824689379,4.40981069588863
260.937279850736,226.531215806715,3.98889703242217
572.302331764937,436.734179535847,3.48943329963087
301.398413395248,133.187285029639,3.91718544028077
527.883090096695,464.257229445466,3.75827354922896
42.5254271632846,418.681259995329,3.87420178660859
203.690652831604,286.267729435845,4.24593073117715
551.819137647202,258.29970417965,3.5635899375228
180.369331967258,35.8944318462869,4.29018390980977
499.57503565654,346.804346475944,4.72514971839485
45.8986154013544,47.1381579021159,4.1745792808411
557.744531873571,138.793996863776,4.4322999076832
NA,NA,NA
663.676247043428,330.110559355894,3.43295802086296
453.685799554738,296.426598703944,3.66358692675271
11.6356302109209,492.822701930568,3.58809934572123
564.126575153162,50.9631404379731,4.18274724237695
76.0898040561198,377.238341011937,3.85061233813828
233.180591560396,416.703934212297,3.86772892233813
428.74654861256,12.370812954434,3.2005221205918
359.764211544858,291.996239802253,3.15594822037199
602.896251891537,100.236377523974,4.21575791113279
390.470666669594,228.80401800033,4.12468501834799
566.777872732658,408.534292228444,4.72944272388301
146.373601334361,283.49902202581,4.4470677125134
201.491892967481,366.019765723358,3.9316413267866
127.764026073129,411.620284286642,3.42114062319544
621.457267269077,314.535395677691,4.51434050250079
5.72129263246362,146.31825435264,4.24743331660752
542.102795776234,207.133733138067,4.06636942080691
32.7569512249816,491.493972581191,2.82488270651125
281.756510496355,22.6534042675005,3.91811717182079
536.318524918636,393.763715617062,3.37753060953217
75.0493788280343,75.8964418199444,5.24554238045997
1.86007672733435,77.2188176015158,3.431385043495
587.336145677696,218.965013141934,3.98892099192668
438.561360628187,453.199088416345,4.85764281784308
661.453997265049,372.898273426682,3.00953477715492
99.9074739484804,484.241700094934,4.35238774984977
625.326917224573,92.568938389112,4.13978925995326
420.280841179673,258.858412181657,3.59461906938601
12.041318132325,179.901820507245,3.1997638109046
63.3576401613637,121.914285204706,4.29390213809337
605.447820043618,201.127824689379,4.40981069588863
260.937279850736,226.531215806715,3.98889703242217
572.302331764937,436.734179535847,3.48943329963087
301.398413395248,133.187285029639,3.91718544028077
527.883090096695,464.257229445466,3.75827354922896
42.5254271632846,418.681259995329,3.87420178660859
203.690652831604,286.267729435845,4.24593073117715
551.819137647202,258.29970417965,3.5635899375228
180.369331967258,35.8944318462869,4.29018390980977
499.57503565654,346.804346475944,4.72514971839485
45.8986154013544,47.1381579021159,4.1745792808411
557.744531873571,138.793996863776,4.4322999076832
NA,NA,NA
663.676247043428,330.110559355894,3.43295802086296
453.685799554738,296.426598703944,3.66358692675271
11.6356302109209,492.822701930568,3.58809934572123
564.126575153162,50.9631404379731,4.18274724237695
76.0898040561198,377.238341011937,3.85061233813828
233.180591560396,416.703934212297,3.86772892233813
428.74654861256,12.370812954434,3.2005221205918
359.764211544858,291.996239802253,3.15594822037199
602.896251891537,100.236377523974,4.21575791113279
390.470666669594,228.80401800033,4.12468501834799
566.777872732658,408.534292228444,4.72944272388301
146.373601334361,283.49902202581,4.4470677125134
201.491892967481,366.019765723358,3.9316413267866
127.764026073129,411.620284286642,3.42114062319544
621.457267269077,314.535395677691,4.51434050250079
5.72129263246362,146.31825435264,4.24743331660752
542.102795776234,207.133733138067,4.06636942080691
32.7569512249816,491.493972581191,2.82488270651125
281.756510496355,22.6534042675005,3.91811717182079
536.318524918636,393.763715617062,3.37753060953217
75.0493788280343,75.8964418199444,5.24554238045997
1.86007672733435,77.2188176015158,3.431385043495
587.336145677696,218.965013141934,3.98892099192668
438.561360628187,453.199088416345,4.85764281784308
661.453997265049,372.898273426682,3.00953477715492
99.9074739484804,484.241700094934,4.35238774984977
625.326917224573,92.568938389112,4.13978925995326
420.280841179673,258.858412181657,3.59461906938601
12.041318132325,179.901820507245,3.1997638109046
63.3576401613637,121.914285204706,4.29390213809337
605.447820043618,201.127824689379,4.40981069588863
260.937279850736,226.531215806715,3.98889703242217
572.302331764937,436.734179535847,3.48943329963087
301.398413395248,133.187285029639,3.91718544028077
527.883090096695,464.257229445466,3.75827354922896
42.5254271632846,418.681259995329,3.87420178660859
203.690652831604,286.267729435845,4.24593073117715
551.819137647202,258.29970417965,3.5635899375228
180.369331967258,35.8944318462869,4.29018390980977
499.57503565654,346.804346475944,4.72514971839485
45.8986154013544,47.1381579021159,4.1745792808411
557.744531873571,138.793996863776,4.4322999076832
NA,NA,NA
663.975842420006,333.282130985404,3.43407696984881
455.168024020194,301.060194912881,3.66215444689545
8.21077838858361,497.338370546911,3.69180523733358
560.888714409128,49.8456054262895,4.12977549192875
71.6849979723199,374.60644969834,4.08502557010082
230.479706731953,410.219463542446,3.91848878186711
427.453469783768,12.5159800282523,3.55558422517843
364.672570106521,292.844983233125,2.93748436168356
603.055479321484,107.662621125474,4.13025984571491
395.673902473078,227.712904145416,4.23703444496877
564.702321107541,405.641055630801,4.69592684135205
136.790501494764,283.035952461457,4.32288173976703
200.765252868075,367.769469586651,4.04779927079501
125.437351455318,410.479313372708,3.36972529441581
622.358940503291,311.632059634,4.55731007050889
3.95092839139838,146.822323309552,4.16892270983834
538.53229068569,205.929453209027,4.0926733696726
34.732358277661,492.862044864663,3.01599547975348
281.803435827199,24.4101855619127,3.84091864723143
532.785927663647,394.118408904541,3.43199749006108
76.5259938352525,82.0477976370606,5.28429199966185
7.31924377177508,74.6260665987817,3.51653160196802
593.012367095986,228.524567566032,4.06180783381188
435.592545645182,459.389578053706,4.8425046727871
657.709875405107,373.393876178041,3.14055133849095
103.199842311317,490.050530688616,4.2573802725982
625.571470175165,88.0993806844677,3.98689387837632
420.504983571522,258.581520304202,3.5920522827763
11.248506898388,184.010285860691,3.45583439441643
75.5915259506332,115.388175767079,4.37438532877355
609.079911843847,203.184060412164,4.16081669970739
253.203881765754,217.962105068481,3.86172502728887
566.690583511098,428.98940257082,3.84014961307585
300.282439014959,139.856513249045,3.94840034743608
533.902582480151,464.752141449008,3.58918207442111
54.9605627399155,421.302491791144,4.01749482420011
201.638304100359,282.449774644389,3.8373827274672
550.476010869721,259.63001694504,3.71818064541139
189.5462521802,28.1988759079329,4.49018371297297
505.024860001379,338.533032703393,4.27902888300621
36.996405315118,46.6678609504805,3.65286784821653
538.914148753901,150.994376495768,4.43309974178853
NA,NA,NA
663.975842420006,333.282130985404,3.43407696984881
455.168024020194,301.060194912881,3.66215444689545
8.21077838858361,497.338370546911,3.69180523733358
560.888714409128,49.8456054262895,4.12977549192875
71.6849979723199,374.60644969834,4.08502557010082
230.479706731953,410.219463542446,3.91848878186711
427.453469783768,12.5159800282523,3.55558422517843
364.672570106521,292.844983233125,2.93748436168356
603.055479321484,107.662621125474,4.13025984571491
395.673902473078,227.712904145416,4.23703444496877
564.702321107541,405.641055630801,4.69592684135205
136.790501494764,283.035952461457,4.32288173976703
200.765252868075,367.769469586651,4.04779927079501
125.437351455318,410.479313372708,3.36972529441581
622.358940503291,311.632059634,4.55731007050889
3.95092839139838,146.822323309552,4.16892270983834
538.53229068569,205.929453209027,4.0926733696726
34.732358277661,492.862044864663,3.01599547975348
281.803435827199,24.4101855619127,3.84091864723143
532.785927663647,394.118408904541,3.43199749006108
76.5259938352525,82.0477976370606,5.28429199966185
7.31924377177508,74.6260665987817,3.51653160196802
593.012367095986,228.524567566032,4.06180783381188
435.592545645182,459.389578053706,4.8425046727871
657.709875405107,373.393876178041,3.14055133849095
103.199842311317,490.050530688616,4.2573802725982
625.571470175165,88.0993806844677,3.98689387837632
420.504983571522,258.581520304202,3.5920522827763
11.248506898388,184.010285860691,3.45583439441643
75.5915259506332,115.388175767079,4.37438532877355
609.079911843847,203.184060412164,4.16081669970739
253.203881765754,217.962105068481,3.86172502728887
566.690583511098,428.98940257082,3.84014961307585
300.282439014959,139.856513249045,3.94840034743608
533.902582480151,464.752141449008,3.58918207442111
54.9605627399155,421.302491791144,4.01749482420011
201.638304100359,282.449774644389,3.8373827274672
550.476010869721,259.63001694504,3.71818064541139
189.5462521802,28.1988759079329,4.49018371297297
505.024860001379,338.533032703393,4.27902888300621
36.996405315118,46.6678609504805,3.65286784821653
538.914148753901,150.994376495768,4.43309974178853
NA,NA,NA
663.975842420006,333.282130985404,3.43407696984881
455.168024020194,301.060194912881,3.66215444689545
8.21077838858361,497.338370546911,3.69180523733358
560.888714409128,49.8456054262895,4.12977549192875
71.6849979723199,374.60644969834,4.08502557010082
230.479706731953,410.219463542446,3.91848878186711
427.453469783768,12.5159800282523,3.55558422517843
364.672570106521,292.844983233125,2.93748436168356
603.055479321484,107.662621125474,4.13025984571491
395.673902473078,227.712904145416,4.23703444496877
564.702321107541,405.641055630801,4.69592684135205
136.790501494764,283.035952461457,4.32288173976703
200.765252868075,367.769469586651,4.04779927079501
125.437351455318,410.479313372708,3.36972529441581
622.358940503291,311.632059634,4.55731007050889
3.95092839139838,146.822323309552,4.16892270983834
538.53229068569,205.929453209027,4.0926733696726
34.732358277661,492.862044864663,3.01599547975348
281.803435827199,24.4101855619127,3.84091864723143
532.785927663647,394.118408904541,3.43199749006108
76.5259938352525,82.0477976370606,5.28429199966185
7.31924377177508,74.6260665987817,3.51653160196802
593.012367095986,228.524567566032,4.06180783381188
435.592545645182,459.389578053706,4.8425046727871
657.709875405107,373.393876178041,3.14055133849095
103.199842311317,490.050530688616,4.2573802725982
625.571470175165,88.0993806844677,3.98689387837632
420.504983571522,258.581520304202,3.5920522827763
11.248506898388,184.010285860691,3.45583439441643
75.5915259506332,115.388175767079,4.37438532877355
609.079911843847,203.184060412164,4.16081669970739
253.203881765754,217.962105068481,3.86172502728887
566.690583511098,428.98940257082,3.84014961307585
300.282439014959,139.856513249045,3.94840034743608
533.902582480151,464.752141449008,3.58918207442111
54.9605627399155,421.302491791144,4.01749482420011
201.638304100359,282.449774644389,3.8373827274672
550.476010869721,259.63001694504,3.71818064541139
189.5462521802,28.1988759079329,4.49018371297297
505.024860001379,338.533032703393,4.27902888300621
36.996405315118,46.6678609504805,3.65286784821653
538.914148753901,150.994376495768,4.43309974178853
NA,NA,NA
663.975842420006,333.282130985404,3.43407696984881
455.168024020194,301.060194912881,3.66215444689545
8.21077838858361,497.338370546911,3.69180523733358
560.888714409128,49.8456054262895,4.12977549192875
71.6849979723199,374.60644969834,4.08502557010082
230.479706731953,410.219463542446,3.91848878186711
427.453469783768,12.5159800282523,3.55558422517843
364.672570106521,292.844983233125,2.93748436168356
603.055479321484,107.662621125474,4.13025984571491
395.673902473078,227.712904145416,4.23703444496877
564.702321107541,405.641055630801,4.69592684135205
136.790501494764,283.035952461457,4.32288173976703
200.765252868075,367.769469586651,4.04779927079501
125.437351455318,410.479313372708,3.36972529441581
622.358940503291,311.632059634,4.55731007050889
3.95092839139838,146.822323309552,4.16892270983834
538.53229068569,205.929453209027,4.0926733696726
34.732358277661,492.862044864663,3.01599547975348
281.803435827199,24.4101855619127,3.84091864723143
532.785927663647,394.118408904541,3.43199749006108
76.5259938352525,82.0477976370606,5.28429199966185
7.31924377177508,74.6260665987817,3.51653160196802
593.012367095986,228.524567566032,4.06180783381188
435.592545645182,459.389578053706,4.8425046727871
657.709875405107,373.393876178041,3.14055133849095
103.199842311317,490.050530688616,4.2573802725982
625.571470175165,88.0993806844677,3.98689387837632
420.504983571522,258.581520304202,3.5920522827763
11.248506898388,184.010285860691,3.45583439441643
75.5915259506332,115.388175767079,4.37438532877355
609.079911843847,203.184060412164,4.16081669970739
253.203881765754,217.962105068481,3.86172502728887
566.690583511098,428.98940257082,3.84014961307585
300.282439014959,139.856513249045,3.94840034743608
533.902582480151,464.752141449008,3.58918207442111
54.9605627399155,421.302491791144,4.01749482420011
201.638304100359,282.449774644389,3.8373827274672
550.476010869721,259.63001694504,3.71818064541139
189.5462521802,28.1988759079329,4.49018371297297
505.024860001379,338.533032703393,4.27902888300621
36.996405315118,46.6678609504805,3.65286784821653
538.914148753901,150.994376495768,4.43309974178853
NA,NA,NA
663.975842420006,333.282130985404,3.43407696984881
455.168024020194,301.060194912881,3.66215444689545
8.21077838858361,497.338370546911,3.69180523733358
560.888714409128,49.8456054262895,4.12977549192875
71.6849979723199,374.60644969834,4.08502557010082
230.479706731953,410.219463542446,3.91848878186711
427.453469783768,12.5159800282523,3.55558422517843
364.672570106521,292.844983233125,2.93748436168356
603.055479321484,107.662621125474,4.13025984571491
395.673902473078,227.712904145416,4.23703444496877
564.702321107541,405.641055630801,4.69592684135205
136.790501494764,283.035952461457,4.32288173976703
200.765252868075,367.769469586651,4.04779927079501
125.437351455318,410.479313372708,3.36972529441581
622.358940503291,311.632059634,4.55731007050889
3.95092839139838,146.822323309552,4.16892270983834
538.53229068569,205.929453209027,4.0926733696726
34.732358277661,492.862044864663,3.01599547975348
281.803435827199,24.4101855619127,3.84091864723143
532.785927663647,394.118408904541,3.43199749006108
76.5259938352525,82.0477976370606,5.28429199966185
7.31924377177508,74.6260665987817,3.51653160196802
593.012367095986,228.524567566032,4.06180783381188
435.592545645182,459.389578053706,4.8425046727871
657.709875405107,373.393876178041,3.14055133849095
103.199842311317,490.050530688616,4.2573802725982
625.571470175165,88.0993806844677,3.98689387837632
420.504983571522,258.581520304202,3.5920522827763
11.248506898388,184.010285860691,3.45583439441643
75.5915259506332,115.388175767079,4.37438532877355
609.079911843847,203.184060412164,4.16081669970739
253.203881765754,217.962105068481,3.86172502728887
566.690583511098,428.98940257082,3.84014961307585
300.282439014959,139.856513249045,3.94840034743608
533.902582480151,464.752141449008,3.58918207442111
54.9605627399155,421.302491791144,4.01749482420011
201.638304100359,282.449774644389,3.8373827274672
550.476010869721,259.63001694504,3.71818064541139
189.5462521802,28.1988759079329,4.49018371297297
505.024860001379,338.533032703393,4.27902888300621
36.996405315118,46.6678609504805,3.65286784821653
538.914148753901,150.994376495768,4.43309974178853
NA,NA,NA
663.975842420006,333.282130985404,3.43407696984881
455.168024020194,301.060194912881,3.66215444689545
8.21077838858361,497.338370546911,3.69180523733358
560.888714409128,49.8456054262895,4.12977549192875
71.6849979723199,374.60644969834,4.08502557010082
230.479706731953,410.219463542446,3.91848878186711
427.453469783768,12.5159800282523,3.55558422517843
364.672570106521,292.844983233125,2.93748436168356
603.055479321484,107.662621125474,4.13025984571491
395.673902473078,227.712904145416,4.23703444496877
564.702321107541,405.641055630801,4.69592684135205
136.790501494764,283.035952461457,4.32288173976703
200.765252868075,367.769469586651,4.04779927079501
125.437351455318,410.479313372708,3.36972529441581
622.358940503291,311.632059634,4.55731007050889
3.95092839139838,146.822323309552,4.16892270983834
538.53229068569,205.929453209027,4.0926733696726
34.732358277661,492.862044864663,3.01599547975348
281.803435827199,24.4101855619127,3.84091864723143
532.785927663647,394.118408904541,3.43199749006108
76.5259938352525,82.0477976370606,5.28429199966185
7.31924377177508,74.6260665987817,3.51653160196802
593.012367095986,228.524567566032,4.06180783381188
435.592545645182,459.389578053706,4.8425046727871
657.709875405107,373.393876178041,3.14055133849095
103.199842311317,490.050530688616,4.2573802725982
625.571470175165,88.0993806844677,3.98689387837632
420.504983571522,258.581520304202,3.5920522827763
11.248506898388,184.010285860691,3.45583439441643
75.5915259506332,115.388175767079,4.37438532877355
609.079911843847,203.184060412164,4.16081669970739
253.203881765754,217.962105068481,3.86172502728887
566.690583511098,428.98940257082,3.84014961307585
300.282439014959,139.856513249045,3.94840034743608
533.902582480151,464.752141449008,3.58918207442111
54.9605627399155,421.302491791144,4.01749482420011
201.638304100359,282.449774644389,3.8373827274672
550.476010869721,259.63001694504,3.71818064541139
189.5462521802,28.1988759079329,4.49018371297297
505.024860001379,338.533032703393,4.27902888300621
36.996405315118,46.6678609504805,3.65286784821653
538.914148753901,150.994376495768,4.43309974178853
NA,NA,NA
664.901342662004,333.495913253504,3.55423509424734
452.630515217847,295.25170911574,3.87561196422352
7.69119640864928,491.747074307432,3.69342297669935
563.000619225766,52.5941952240179,4.20374166913329
74.4323285099408,376.613983026324,4.0797649982679
226.999793390049,414.528436794417,3.93808818046818
430.538884724046,11.9092600914516,3.21259132005014
362.735712663028,292.066528551128,3.09101676841877
605.375953715522,107.083792185391,4.25754788003086
390.450255410881,231.535820867196,4.30728056632467
573.820226962509,406.570933046509,4.76935676644896
138.100285836333,285.310306234148,4.48924903624106
196.056465988925,374.706207325917,4.01931026248841
125.01572608289,412.81224905436,3.5199409366189
621.45408744258,315.068917186025,4.57378294635506
-0.381835923622047,141.044957373988,4.26856515641033
548.383909268758,201.963296170135,4.28179848990592
32.9121764345773,490.23816176503,3.11505389199952
278.059167717505,25.4786384338154,3.69964537186786
532.725261926481,391.808686499819,3.40861716785968
68.9569380971584,83.2419119896986,5.25857381421438
2.52846652459726,77.5493340729681,3.54784593499895
587.166971870042,228.637451431941,4.06026531303234
439.946597268735,456.840767479337,4.79031908437082
658.784802681389,372.700763061676,3.11691113436789
108.534431913417,490.438551642068,4.46470515412102
624.169152921326,89.4962678088764,4.0880988264223
423.552431920702,257.874861942165,3.69368593491571
9.97975075760521,182.343008811206,3.17825648548477
53.6290294070659,118.631589239329,4.4564646867415
616.428575143576,210.589001642146,4.45523828753632
254.654267934314,217.690637843352,3.55885380078136
577.249668991384,431.484150843942,4.0273731529236
302.051683704124,145.550352158928,3.65948201534081
528.930778365229,459.809418242224,3.50944915034335
39.3432185833387,413.676081353394,3.79068197933677
194.035886420798,288.101244327729,3.6853974538286
551.036298949143,277.114448373396,3.93810523425791
174.720401772149,26.8897946097172,4.47412819178865
505.001421958823,342.784283923334,4.34153466830469
30.6491840016763,45.7989190067303,4.08709716942437
526.509410708558,140.922731090175,4.75392915332711
NA,NA,NA
664.901342662004,333.495913253504,3.55423509424734
452.630515217847,295.25170911574,3.87561196422352
7.69119640864928,491.747074307432,3.69342297669935
563.000619225766,52.5941952240179,4.20374166913329
74.4323285099408,376.613983026324,4.0797649982679
226.999793390049,414.528436794417,3.93808818046818
430.538884724046,11.9092600914516,3.21259132005014
362.735712663028,292.066528551128,3.09101676841877
605.375953715522,107.083792185391,4.25754788003086
390.450255410881,231.535820867196,4.30728056632467
573.820226962509,406.570933046509,4.76935676644896
138.100285836333,285.310306234148,4.48924903624106
196.056465988925,374.706207325917,4.01931026248841
125.01572608289,412.81224905436,3.5199409366189
621.45408744258,315.068917186025,4.57378294635506
-0.381835923622047,141.044957373988,4.26856515641033
548.383909268758,201.963296170135,4.28179848990592
32.9121764345773,490.23816176503,3.11505389199952
278.059167717505,25.4786384338154,3.69964537186786
532.725261926481,391.808686499819,3.40861716785968
68.9569380971584,83.2419119896986,5.25857381421438
2.52846652459726,77.5493340729681,3.54784593499895
587.166971870042,228.637451431941,4.06026531303234
439.946597268735,456.840767479337,4.79031908437082
658.784802681389,372.700763061676,3.11691113436789
108.534431913417,490.438551642068,4.46470515412102
624.169152921326,89.4962678088764,4.0880988264223
423.552431920702,257.874861942165,3.69368593491571
9.97975075760521,182.343008811206,3.17825648548477
53.6290294070659,118.631589239329,4.4564646867415
616.428575143576,210.589001642146,4.45523828753632
254.654267934314,217.690637843352,3.55885380078136
577.249668991384,431.484150843942,4.0273731529236
302.051683704124,145.550352158928,3.65948201534081
528.930778365229,459.809418242224,3.50944915034335
39.3432185833387,413.676081353394,3.79068197933677
194.035886420798,288.101244327729,3.6853974538286
551.036298949143,277.114448373396,3.93810523425791
174.720401772149,26.8897946097172,4.47412819178865
505.001421958823,342.784283923334,4.34153466830469
30.6491840016763,45.7989190067303,4.08709716942437
526.509410708558,140.922731090175,4.75392915332711
NA,NA,NA
664.901342662004,333.495913253504,3.55423509424734
452.630515217847,295.25170911574,3.87561196422352
7.69119640864928,491.747074307432,3.69342297669935
563.000619225766,52.5941952240179,4.20374166913329
74.4323285099408,376.613983026324,4.0797649982679
226.999793390049,414.528436794417,3.93808818046818
430.538884724046,11.9092600914516,3.21259132005014
362.735712663028,292.066528551128,3.09101676841877
605.375953715522,107.083792185391,4.25754788003086
390.450255410881,231.535820867196,4.30728056632467
573.820226962509,406.570933046509,4.76935676644896
138.100285836333,285.310306234148,4.48924903624106
196.056465988925,374.706207325917,4.01931026248841
125.01572608289,412.81224905436,3.5199409366189
621.45408744258,315.068917186025,4.57378294635506
-0.381835923622047,141.044957373988,4.26856515641033
548.383909268758,201.963296170135,4.28179848990592
32.9121764345773,490.23816176503,3.11505389199952
278.059167717505,25.4786384338154,3.69964537186786
532.725261926481,391.808686499819,3.40861716785968
68.9569380971584,83.2419119896986,5.25857381421438
2.52846652459726,77.5493340729681,3.54784593499895
587.166971870042,228.637451431941,4.06026531303234
439.946597268735,456.840767479337,4.79031908437082
658.784802681389,372.700763061676,3.11691113436789
108.534431913417,490.438551642068,4.46470515412102
624.169152921326,89.4962678088764,4.0880988264223
423.552431920702,257.874861942165,3.69368593491571
9.97975075760521,182.343008811206,3.17825648548477
53.6290294070659,118.631589239329,4.4564646867415
616.428575143576,210.589001642146,4.45523828753632
254.654267934314,217.690637843352,3.55885380078136
577.249668991384,431.484150843942,4.0273731529236
302.051683704124,145.550352158928,3.65948201534081
528.930778365229,459.809418242224,3.50944915034335
39.3432185833387,413.676081353394,3.79068197933677
194.035886420798,288.101244327729,3.6853974538286
551.036298949143,277.114448373396,3.93810523425791
174.720401772149,26.8897946097172,4.47412819178865
505.001421958823,342.784283923334,4.34153466830469
30.6491840016763,45.7989190067303,4.08709716942437
526.509410708558,140.922731090175,4.75392915332711
NA,NA,NA
664.901342662004,333.495913253504,3.55423509424734
452.630515217847,295.25170911574,3.87561196422352
7.69119640864928,491.747074307432,3.69342297669935
563.000619225766,52.5941952240179,4.20374166913329
74.4323285099408,376.613983026324,4.0797649982679
226.999793390049,414.528436794417,3.93808818046818
430.538884724046,11.9092600914516,3.21259132005014
362.735712663028,292.066528551128,3.09101676841877
605.375953715522,107.083792185391,4.25754788003086
390.450255410881,231.535820867196,4.30728056632467
573.820226962509,406.570933046509,4.76935676644896
138.100285836333,285.310306234148,4.48924903624106
196.056465988925,374.706207325917,4.01931026248841
125.01572608289,412.81224905436,3.5199409366189
621.45408744258,315.068917186025,4.57378294635506
-0.381835923622047,141.044957373988,4.26856515641033
548.383909268758,201.963296170135,4.28179848990592
32.9121764345773,490.23816176503,3.11505389199952
278.059167717505,25.4786384338154,3.69964537186786
532.725261926481,391.808686499819,3.40861716785968
68.9569380971584,83.2419119896986,5.25857381421438
2.52846652459726,77.5493340729681,3.54784593499895
587.166971870042,228.637451431941,4.06026531303234
439.946597268735,456.840767479337,4.79031908437082
658.784802681389,372.700763061676,3.11691113436789
108.534431913417,490.438551642068,4.46470515412102
624.169152921326,89.4962678088764,4.0880988264223
423.552431920702,257.874861942165,3.69368593491571
9.97975075760521,182.343008811206,3.17825648548477
53.6290294070659,118.631589239329,4.4564646867415
616.428575143576,210.589001642146,4.45523828753632
254.654267934314,217.690637843352,3.55885380078136
577.249668991384,431.484150843942,4.0273731529236
302.051683704124,145.550352158928,3.65948201534081
528.930778365229,459.809418242224,3.50944915034335
39.3432185833387,413.676081353394,3.79068197933677
194.035886420798,288.101244327729,3.6853974538286
551.036298949143,277.114448373396,3.93810523425791
174.720401772149,26.8897946097172,4.47412819178865
505.001421958823,342.784283923334,4.34153466830469
30.6491840016763,45.7989190067303,4.08709716942437
526.509410708558,140.922731090175,4.75392915332711
NA,NA,NA
664.901342662004,333.495913253504,3.55423509424734
452.630515217847,295.25170911574,3.87561196422352
7.69119640864928,491.747074307432,3.69342297669935
563.000619225766,52.5941952240179,4.20374166913329
74.4323285099408,376.613983026324,4.0797649982679
226.999793390049,414.528436794417,3.93808818046818
430.538884724046,11.9092600914516,3.21259132005014
362.735712663028,292.066528551128,3.09101676841877
605.375953715522,107.083792185391,4.25754788003086
390.450255410881,231.535820867196,4.30728056632467
573.820226962509,406.570933046509,4.76935676644896
138.100285836333,285.310306234148,4.48924903624106
196.056465988925,374.706207325917,4.01931026248841
125.01572608289,412.81224905436,3.5199409366189
621.45408744258,315.068917186025,4.57378294635506
-0.381835923622047,141.044957373988,4.26856515641033
548.383909268758,201.963296170135,4.28179848990592
32.9121764345773,490.23816176503,3.11505389199952
278.059167717505,25.4786384338154,3.69964537186786
532.725261926481,391.808686499819,3.40861716785968
68.9569380971584,83.2419119896986,5.25857381421438
2.52846652459726,77.5493340729681,3.54784593499895
587.166971870042,228.637451431941,4.06026531303234
439.946597268735,456.840767479337,4.79031908437082
658.784802681389,372.700763061676,3.11691113436789
108.534431913417,490.438551642068,4.46470515412102
624.169152921326,89.4962678088764,4.0880988264223
423.552431920702,257.874861942165,3.69368593491571
9.97975075760521,182.343008811206,3.17825648548477
53.6290294070659,118.631589239329,4.4564646867415
616.428575143576,210.589001642146,4.45523828753632
254.654267934314,217.690637843352,3.55885380078136
577.249668991384,431.484150843942,4.0273731529236
302.051683704124,145.550352158928,3.65948201534081
528.930778365229,459.809418242224,3.50944915034335
39.3432185833387,413.676081353394,3.79068197933677
194.035886420798,288.101244327729,3.6853974538286
551.036298949143,277.114448373396,3.93810523425791
174.720401772149,26.8897946097172,4.47412819178865
505.001421958823,342.784283923334,4.34153466830469
30.6491840016763,45.7989190067303,4.08709716942437
526.509410708558,140.922731090175,4.75392915332711
NA,NA,NA
664.901342662004,333.495913253504,3.55423509424734
452.630515217847,295.25170911574,3.87561196422352
7.69119640864928,491.747074307432,3.69342297669935
563.000619225766,52.5941952240179,4.20374166913329
74.4323285099408,376.613983026324,4.0797649982679
226.999793390049,414.528436794417,3.93808818046818
430.538884724046,11.9092600914516,3.21259132005014
362.735712663028,292.066528551128,3.09101676841877
605.375953715522,107.083792185391,4.25754788003086
390.450255410881,231.535820867196,4.30728056632467
573.820226962509,406.570933046509,4.76935676644896
138.100285836333,285.310306234148,4.48924903624106
196.056465988925,374.706207325917,4.01931026248841
125.01572608289,412.81224905436,3.5199409366189
621.45408744258,315.068917186025,4.57378294635506
-0.381835923622047,141.044957373988,4.26856515641033
548.383909268758,201.963296170135,4.28179848990592
32.9121764345773,490.23816176503,3.11505389199952
278.059167717505,25.4786384338154,3.69964537186786
532.725261926481,391.808686499819,3.40861716785968
68.9569380971584,83.2419119896986,5.25857381421438
2.52846652459726,77.5493340729681,3.54784593499895
587.166971870042,228.637451431941,4.06026531303234
439.946597268735,456.840767479337,4.79031908437082
658.784802681389,372.700763061676,3.11691113436789
108.534431913417,490.438551642068,4.46470515412102
624.169152921326,89.4962678088764,4.0880988264223
423.552431920702,257.874861942165,3.69368593491571
9.97975075760521,182.343008811206,3.17825648548477
53.6290294070659,118.631589239329,4.4564646867415
616.428575143576,210.589001642146,4.45523828753632
254.654267934314,217.690637843352,3.55885380078136
577.249668991384,431.484150843942,4.0273731529236
302.051683704124,145.550352158928,3.65948201534081
528.930778365229,459.809418242224,3.50944915034335
39.3432185833387,413.676081353394,3.79068197933677
194.035886420798,288.101244327729,3.6853974538286
551.036298949143,277.114448373396,3.93810523425791
174.720401772149,26.8897946097172,4.47412819178865
505.001421958823,342.784283923334,4.34153466830469
30.6491840016763,45.7989190067303,4.08709716942437
526.509410708558,140.922731090175,4.75392915332711
NA,NA,NA
661.94811177623,337.068413711232,3.5096880033684
457.643709754716,299.28264055696,3.55304456965059
7.40080383934466,493.223477026175,3.71456049054069
558.837585413397,53.3824513094008,4.22194382760661
69.0226875041432,374.141670286357,3.92643086506012
229.210167478042,416.049659053647,3.88249273128016
425.800661495103,12.3030817686243,3.34797191369624
363.063112824563,293.901307581552,2.9709741972631
607.33007587932,109.727344906084,4.26092255322286
385.775955774946,226.904440732518,4.08859179354513
574.49025344366,413.044044988165,4.74487095205903
139.192678741203,284.186578162262,4.50859118795494
195.938294317806,369.300920389524,4.08953091082812
127.563549888063,410.587298833812,3.3565003695851
627.366830634614,314.055440467017,4.60817765702338
-0.50517701608198,144.376482748742,4.34015770807029
541.623819938028,198.742082090628,4.25496119178562
35.7749850731852,491.984147897417,2.99804585623897
280.400170977491,24.1284613852502,3.98460281595316
530.980484694139,393.532393068599,3.38577525415483
70.1656295277984,78.2670190753167,5.2840613802257
3.64337267388806,77.7574525607859,3.32003149994868
585.912067905919,224.510405705293,3.95851538716472
437.444356128863,457.132074065362,4.80977675452906
659.376973156326,374.134559327466,3.14616376296143
107.661975967472,489.750194732927,4.44778445650154
622.705532922453,92.2140631900164,3.98484883979114
421.324176458273,257.121620888221,3.58704377404153
10.559732795437,182.054933832626,3.29275318319441
64.1510716297685,107.514068252127,4.60534030988394
615.201134450451,183.331377486462,4.37488414855729
258.289251967609,224.473372804822,3.62680069364985
567.03866284585,434.978556388327,3.767378803673
303.721010296474,136.702110138561,3.86044702035919
529.217039199888,460.617076550875,3.43865716876904
34.781033709767,414.790921643486,3.72973651164283
201.292139404628,300.322243402984,4.23195571890152
550.933645546616,259.812695807341,3.61473071849652
174.173394377166,29.9510123930982,4.42948471267078
496.699169337314,356.834747051644,4.26019050841456
40.8495302149898,40.8481536938967,4.17062502696571
527.336944471693,134.549213873747,4.46631542372791
NA,NA,NA
661.94811177623,337.068413711232,3.5096880033684
457.643709754716,299.28264055696,3.55304456965059
7.40080383934466,493.223477026175,3.71456049054069
558.837585413397,53.3824513094008,4.22194382760661
69.0226875041432,374.141670286357,3.92643086506012
229.210167478042,416.049659053647,3.88249273128016
425.800661495103,12.3030817686243,3.34797191369624
363.063112824563,293.901307581552,2.9709741972631
607.33007587932,109.727344906084,4.26092255322286
385.775955774946,226.904440732518,4.08859179354513
574.49025344366,413.044044988165,4.74487095205903
139.192678741203,284.186578162262,4.50859118795494
195.938294317806,369.300920389524,4.08953091082812
127.563549888063,410.587298833812,3.3565003695851
627.366830634614,314.055440467017,4.60817765702338
-0.50517701608198,144.376482748742,4.34015770807029
541.623819938028,198.742082090628,4.25496119178562
35.7749850731852,491.984147897417,2.99804585623897
280.400170977491,24.1284613852502,3.98460281595316
530.980484694139,393.532393068599,3.38577525415483
70.1656295277984,78.2670190753167,5.2840613802257
3.64337267388806,77.7574525607859,3.32003149994868
585.912067905919,224.510405705293,3.95851538716472
437.444356128863,457.132074065362,4.80977675452906
659.376973156326,374.134559327466,3.14616376296143
107.661975967472,489.750194732927,4.44778445650154
622.705532922453,92.2140631900164,3.98484883979114
421.324176458273,257.121620888221,3.58704377404153
10.559732795437,182.054933832626,3.29275318319441
64.1510716297685,107.514068252127,4.60534030988394
615.201134450451,183.331377486462,4.37488414855729
258.289251967609,224.473372804822,3.62680069364985
567.03866284585,434.978556388327,3.767378803673
303.721010296474,136.702110138561,3.86044702035919
529.217039199888,460.617076550875,3.43865716876904
34.781033709767,414.790921643486,3.72973651164283
201.292139404628,300.322243402984,4.23195571890152
550.933645546616,259.812695807341,3.61473071849652
174.173394377166,29.9510123930982,4.42948471267078
496.699169337314,356.834747051644,4.26019050841456
40.8495302149898,40.8481536938967,4.17062502696571
527.336944471693,134.549213873747,4.46631542372791
NA,NA,NA
661.94811177623,337.068413711232,3.5096880033684
457.643709754716,299.28264055696,3.55304456965059
7.40080383934466,493.223477026175,3.71456049054069
558.837585413397,53.3824513094008,4.22194382760661
69.0226875041432,374.141670286357,3.92643086506012
229.210167478042,416.049659053647,3.88249273128016
425.800661495103,12.3030817686243,3.34797191369624
363.063112824563,293.901307581552,2.9709741972631
607.33007587932,109.727344906084,4.26092255322286
385.775955774946,226.904440732518,4.08859179354513
574.49025344366,413.044044988165,4.74487095205903
139.192678741203,284.186578162262,4.50859118795494
195.938294317806,369.300920389524,4.08953091082812
127.563549888063,410.587298833812,3.3565003695851
627.366830634614,314.055440467017,4.60817765702338
-0.50517701608198,144.376482748742,4.34015770807029
541.623819938028,198.742082090628,4.25496119178562
35.7749850731852,491.984147897417,2.99804585623897
280.400170977491,24.1284613852502,3.98460281595316
530.980484694139,393.532393068599,3.38577525415483
70.1656295277984,78.2670190753167,5.2840613802257
3.64337267388806,77.7574525607859,3.32003149994868
585.912067905919,224.510405705293,3.95851538716472
437.444356128863,457.132074065362,4.80977675452906
659.376973156326,374.134559327466,3.14616376296143
107.661975967472,489.750194732927,4.44778445650154
622.705532922453,92.2140631900164,3.98484883979114
421.324176458273,257.121620888221,3.58704377404153
10.559732795437,182.054933832626,3.29275318319441
64.1510716297685,107.514068252127,4.60534030988394
615.201134450451,183.331377486462,4.37488414855729
258.289251967609,224.473372804822,3.62680069364985
567.03866284585,434.978556388327,3.767378803673
303.721010296474,136.702110138561,3.86044702035919
529.217039199888,460.617076550875,3.43865716876904
34.781033709767,414.790921643486,3.72973651164283
201.292139404628,300.322243402984,4.23195571890152
550.933645546616,259.812695807341,3.61473071849652
174.173394377166,29.9510123930982,4.42948471267078
496.699169337314,356.834747051644,4.26019050841456
40.8495302149898,40.8481536938967,4.17062502696571
527.336944471693,134.549213873747,4.46631542372791
NA,NA,NA
661.94811177623,337.068413711232,3.5096880033684
457.643709754716,299.28264055696,3.55304456965059
7.40080383934466,493.223477026175,3.71456049054069
558.837585413397,53.3824513094008,4.22194382760661
69.0226875041432,374.141670286357,3.92643086506012
229.210167478042,416.049659053647,3.88249273128016
425.800661495103,12.3030817686243,3.34797191369624
363.063112824563,293.901307581552,2.9709741972631
607.33007587932,109.727344906084,4.26092255322286
385.775955774946,226.904440732518,4.08859179354513
574.49025344366,413.044044988165,4.74487095205903
139.192678741203,284.186578162262,4.50859118795494
195.938294317806,369.300920389524,4.08953091082812
127.563549888063,410.587298833812,3.3565003695851
627.366830634614,314.055440467017,4.60817765702338
-0.50517701608198,144.376482748742,4.34015770807029
541.623819938028,198.742082090628,4.25496119178562
35.7749850731852,491.984147897417,2.99804585623897
280.400170977491,24.1284613852502,3.98460281595316
530.980484694139,393.532393068599,3.38577525415483
70.1656295277984,78.2670190753167,5.2840613802257
3.64337267388806,77.7574525607859,3.32003149994868
585.912067905919,224.510405705293,3.95851538716472
437.444356128863,457.132074065362,4.80977675452906
659.376973156326,374.134559327466,3.14616376296143
107.661975967472,489.750194732927,4.44778445650154
622.705532922453,92.2140631900164,3.98484883979114
421.324176458273,257.121620888221,3.58704377404153
10.559732795437,182.054933832626,3.29275318319441
64.1510716297685,107.514068252127,4.60534030988394
615.201134450451,183.331377486462,4.37488414855729
258.289251967609,224.473372804822,3.62680069364985
567.03866284585,434.978556388327,3.767378803673
303.721010296474,136.702110138561,3.86044702035919
529.217039199888,460.617076550875,3.43865716876904
34.781033709767,414.790921643486,3.72973651164283
201.292139404628,300.322243402984,4.23195571890152
550.933645546616,259.812695807341,3.61473071849652
174.173394377166,29.9510123930982,4.42948471267078
496.699169337314,356.834747051644,4.26019050841456
40.8495302149898,40.8481536938967,4.17062502696571
527.336944471693,134.549213873747,4.46631542372791
NA,NA,NA
661.94811177623,337.068413711232,3.5096880033684
457.643709754716,299.28264055696,3.55304456965059
7.40080383934466,493.223477026175,3.71456049054069
558.837585413397,53.3824513094008,4.22194382760661
69.0226875041432,374.141670286357,3.92643086506012
229.210167478042,416.049659053647,3.88249273128016
425.800661495103,12.3030817686243,3.34797191369624
363.063112824563,293.901307581552,2.9709741972631
607.33007587932,109.727344906084,4.26092255322286
385.775955774946,226.904440732518,4.08859179354513
574.49025344366,413.044044988165,4.74487095205903
139.192678741203,284.186578162262,4.50859118795494
195.938294317806,369.300920389524,4.08953091082812
127.563549888063,410.587298833812,3.3565003695851
627.366830634614,314.055440467017,4.60817765702338
-0.50517701608198,144.376482748742,4.34015770807029
541.623819938028,198.742082090628,4.25496119178562
35.7749850731852,491.984147897417,2.99804585623897
280.400170977491,24.1284613852502,3.98460281595316
530.980484694139,393.532393068599,3.38577525415483
70.1656295277984,78.2670190753167,5.2840613802257
3.64337267388806,77.7574525607859,3.32003149994868
585.912067905919,224.510405705293,3.95851538716472
437.444356128863,457.132074065362,4.80977675452906
659.376973156326,374.134559327466,3.14616376296143
107.661975967472,489.750194732927,4.44778445650154
622.705532922453,92.2140631900164,3.98484883979114
421.324176458273,257.121620888221,3.58704377404153
10.559732795437,182.054933832626,3.29275318319441
64.1510716297685,107.514068252127,4.60534030988394
615.201134450451,183.331377486462,4.37488414855729
258.289251967609,224.473372804822,3.62680069364985
567.03866284585,434.978556388327,3.767378803673
303.721010296474,136.702110138561,3.86044702035919
529.217039199888,460.617076550875,3.43865716876904
34.781033709767,414.790921643486,3.72973651164283
201.292139404628,300.322243402984,4.23195571890152
550.933645546616,259.812695807341,3.61473071849652
174.173394377166,29.9510123930982,4.42948471267078
496.699169337314,356.834747051644,4.26019050841456
40.8495302149898,40.8481536938967,4.17062502696571
527.336944471693,134.549213873747,4.46631542372791
NA,NA,NA
661.94811177623,337.068413711232,3.5096880033684
457.643709754716,299.28264055696,3.55304456965059
7.40080383934466,493.223477026175,3.71456049054069
558.837585413397,53.3824513094008,4.22194382760661
69.0226875041432,374.141670286357,3.92643086506012
229.210167478042,416.049659053647,3.88249273128016
425.800661495103,12.3030817686243,3.34797191369624
363.063112824563,293.901307581552,2.9709741972631
607.33007587932,109.727344906084,4.26092255322286
385.775955774946,226.904440732518,4.08859179354513
574.49025344366,413.044044988165,4.74487095205903
139.192678741203,284.186578162262,4.50859118795494
195.938294317806,369.300920389524,4.08953091082812
127.563549888063,410.587298833812,3.3565003695851
627.366830634614,314.055440467017,4.60817765702338
-0.50517701608198,144.376482748742,4.34015770807029
541.623819938028,198.742082090628,4.25496119178562
35.7749850731852,491.984147897417,2.99804585623897
280.400170977491,24.1284613852502,3.98460281595316
530.980484694139,393.532393068599,3.38577525415483
70.1656295277984,78.2670190753167,5.2840613802257
3.64337267388806,77.7574525607859,3.32003149994868
585.912067905919,224.510405705293,3.95851538716472
437.444356128863,457.132074065362,4.80977675452906
659.376973156326,374.134559327466,3.14616376296143
107.661975967472,489.750194732927,4.44778445650154
622.705532922453,92.2140631900164,3.98484883979114
421.324176458273,257.121620888221,3.58704377404153
10.559732795437,182.054933832626,3.29275318319441
64.1510716297685,107.514068252127,4.60534030988394
615.201134450451,183.331377486462,4.37488414855729
258.289251967609,224.473372804822,3.62680069364985
567.03866284585,434.978556388327,3.767378803673
303.721010296474,136.702110138561,3.86044702035919
529.217039199888,460.617076550875,3.43865716876904
34.781033709767,414.790921643486,3.72973651164283
201.292139404628,300.322243402984,4.23195571890152
550.933645546616,259.812695807341,3.61473071849652
174.173394377166,29.9510123930982,4.42948471267078
496.699169337314,356.834747051644,4.26019050841456
40.8495302149898,40.8481536938967,4.17062502696571
527.336944471693,134.549213873747,4.46631542372791
NA,NA,NA
661.223196207633,334.946092865979,3.3321158597684
458.243692040136,299.218614232973,3.56761822884961
3.39618485047553,492.223611415208,3.72438637079932
556.757450392007,51.4967475482947,4.20422269960332
73.1427823530575,375.831413620839,3.95244563728635
230.916859989063,411.520685292701,3.87432731108304
428.979615298632,13.4136134404215,3.36513902454676
362.391040841231,293.138505429717,2.99995968696005
603.370441795739,101.63546427509,4.27645878875768
390.225717728523,229.885845012415,4.06860174782053
564.318754957204,406.500548505957,4.73972217894912
148.173572308037,282.067945718286,4.65937646658872
200.097656404637,370.768420719537,4.13172940201958
128.180952883289,410.982210750182,3.35640753940892
625.440321124996,309.958657903624,4.61009242851271
-2.18796172186846,143.813686290543,4.22520070286111
541.839477235243,202.290980130668,4.13559309831846
34.2071502025755,492.559195636629,2.94002189734586
278.695574393259,19.6426836207973,3.84350256446299
534.987336163274,390.591454303331,3.57726184193943
70.9513201716426,70.092919793346,5.23518314318855
6.09598634187052,76.4323911752927,3.4258775287521
588.333068156353,227.367829406974,4.05310462523323
441.62863061984,456.844310087461,4.74134891431747
659.187730675166,370.692130490104,2.93383703819286
106.87185099624,487.433222000556,4.40038599733829
625.93173086978,92.5203926000813,4.07809687221228
422.698848679232,261.622801849407,3.60143001528021
12.0721308765664,180.640870649991,3.22461975772807
70.7820963778155,119.954229133199,4.50984855317348
600.901417516691,198.74007454293,4.2070096772644
248.402351375085,217.03402387821,3.79420419767817
576.064909359775,436.917818600704,3.68349087561121
302.24486636307,140.496464291111,3.72021792502286
521.117009741511,454.549365894618,3.64333847966873
44.7055495169135,413.850137616743,3.76344140169793
195.804020299361,298.757384565934,4.27918219046465
548.64737466249,263.426573408655,3.80644521021241
164.069406676376,23.6304347718691,4.25410802249728
509.686454587229,347.852927620846,4.60578912954086
37.3259447812152,58.099130472827,4.08378773140628
527.854604688151,164.544449524246,4.59010832153364
NA,NA,NA
661.223196207633,334.946092865979,3.3321158597684
458.243692040136,299.218614232973,3.56761822884961
3.39618485047553,492.223611415208,3.72438637079932
556.757450392007,51.4967475482947,4.20422269960332
73.1427823530575,375.831413620839,3.95244563728635
230.916859989063,411.520685292701,3.87432731108304
428.979615298632,13.4136134404215,3.36513902454676
362.391040841231,293.138505429717,2.99995968696005
603.370441795739,101.63546427509,4.27645878875768
390.225717728523,229.885845012415,4.06860174782053
564.318754957204,406.500548505957,4.73972217894912
148.173572308037,282.067945718286,4.65937646658872
200.097656404637,370.768420719537,4.13172940201958
128.180952883289,410.982210750182,3.35640753940892
625.440321124996,309.958657903624,4.61009242851271
-2.18796172186846,143.813686290543,4.22520070286111
541.839477235243,202.290980130668,4.13559309831846
34.2071502025755,492.559195636629,2.94002189734586
278.695574393259,19.6426836207973,3.84350256446299
534.987336163274,390.591454303331,3.57726184193943
70.9513201716426,70.092919793346,5.23518314318855
6.09598634187052,76.4323911752927,3.4258775287521
588.333068156353,227.367829406974,4.05310462523323
441.62863061984,456.844310087461,4.74134891431747
659.187730675166,370.692130490104,2.93383703819286
106.87185099624,487.433222000556,4.40038599733829
625.93173086978,92.5203926000813,4.07809687221228
422.698848679232,261.622801849407,3.60143001528021
12.0721308765664,180.640870649991,3.22461975772807
70.7820963778155,119.954229133199,4.50984855317348
600.901417516691,198.74007454293,4.2070096772644
248.402351375085,217.03402387821,3.79420419767817
576.064909359775,436.917818600704,3.68349087561121
302.24486636307,140.496464291111,3.72021792502286
521.117009741511,454.549365894618,3.64333847966873
44.7055495169135,413.850137616743,3.76344140169793
195.804020299361,298.757384565934,4.27918219046465
548.64737466249,263.426573408655,3.80644521021241
164.069406676376,23.6304347718691,4.25410802249728
509.686454587229,347.852927620846,4.60578912954086
37.3259447812152,58.099130472827,4.08378773140628
527.854604688151,164.544449524246,4.59010832153364
NA,NA,NA
661.223196207633,334.946092865979,3.3321158597684
458.243692040136,299.218614232973,3.56761822884961
3.39618485047553,492.223611415208,3.72438637079932
556.757450392007,51.4967475482947,4.20422269960332
73.1427823530575,375.831413620839,3.95244563728635
230.916859989063,411.520685292701,3.87432731108304
428.979615298632,13.4136134404215,3.36513902454676
362.391040841231,293.138505429717,2.99995968696005
603.370441795739,101.63546427509,4.27645878875768
390.225717728523,229.885845012415,4.06860174782053
564.318754957204,406.500548505957,4.73972217894912
148.173572308037,282.067945718286,4.65937646658872
200.097656404637,370.768420719537,4.13172940201958
128.180952883289,410.982210750182,3.35640753940892
625.440321124996,309.958657903624,4.61009242851271
-2.18796172186846,143.813686290543,4.22520070286111
541.839477235243,202.290980130668,4.13559309831846
34.2071502025755,492.559195636629,2.94002189734586
278.695574393259,19.6426836207973,3.84350256446299
534.987336163274,390.591454303331,3.57726184193943
70.9513201716426,70.092919793346,5.23518314318855
6.09598634187052,76.4323911752927,3.4258775287521
588.333068156353,227.367829406974,4.05310462523323
441.62863061984,456.844310087461,4.74134891431747
659.187730675166,370.692130490104,2.93383703819286
106.87185099624,487.433222000556,4.40038599733829
625.93173086978,92.5203926000813,4.07809687221228
422.698848679232,261.622801849407,3.60143001528021
12.0721308765664,180.640870649991,3.22461975772807
70.7820963778155,119.954229133199,4.50984855317348
600.901417516691,198.74007454293,4.2070096772644
248.402351375085,217.03402387821,3.79420419767817
576.064909359775,436.917818600704,3.68349087561121
302.24486636307,140.496464291111,3.72021792502286
521.117009741511,454.549365894618,3.64333847966873
44.7055495169135,413.850137616743,3.76344140169793
195.804020299361,298.757384565934,4.27918219046465
548.64737466249,263.426573408655,3.80644521021241
164.069406676376,23.6304347718691,4.25410802249728
509.686454587229,347.852927620846,4.60578912954086
37.3259447812152,58.099130472827,4.08378773140628
527.854604688151,164.544449524246,4.59010832153364
NA,NA,NA
661.223196207633,334.946092865979,3.3321158597684
458.243692040136,299.218614232973,3.56761822884961
3.39618485047553,492.223611415208,3.72438637079932
556.757450392007,51.4967475482947,4.20422269960332
73.1427823530575,375.831413620839,3.95244563728635
230.916859989063,411.520685292701,3.87432731108304
428.979615298632,13.4136134404215,3.36513902454676
362.391040841231,293.138505429717,2.99995968696005
603.370441795739,101.63546427509,4.27645878875768
390.225717728523,229.885845012415,4.06860174782053
564.318754957204,406.500548505957,4.73972217894912
148.173572308037,282.067945718286,4.65937646658872
200.097656404637,370.768420719537,4.13172940201958
128.180952883289,410.982210750182,3.35640753940892
625.440321124996,309.958657903624,4.61009242851271
-2.18796172186846,143.813686290543,4.22520070286111
541.839477235243,202.290980130668,4.13559309831846
34.2071502025755,492.559195636629,2.94002189734586
278.695574393259,19.6426836207973,3.84350256446299
534.987336163274,390.591454303331,3.57726184193943
70.9513201716426,70.092919793346,5.23518314318855
6.09598634187052,76.4323911752927,3.4258775287521
588.333068156353,227.367829406974,4.05310462523323
441.62863061984,456.844310087461,4.74134891431747
659.187730675166,370.692130490104,2.93383703819286
106.87185099624,487.433222000556,4.40038599733829
625.93173086978,92.5203926000813,4.07809687221228
422.698848679232,261.622801849407,3.60143001528021
12.0721308765664,180.640870649991,3.22461975772807
70.7820963778155,119.954229133199,4.50984855317348
600.901417516691,198.74007454293,4.2070096772644
248.402351375085,217.03402387821,3.79420419767817
576.064909359775,436.917818600704,3.68349087561121
302.24486636307,140.496464291111,3.72021792502286
521.117009741511,454.549365894618,3.64333847966873
44.7055495169135,413.850137616743,3.76344140169793
195.804020299361,298.757384565934,4.27918219046465
548.64737466249,263.426573408655,3.80644521021241
164.069406676376,23.6304347718691,4.25410802249728
509.686454587229,347.852927620846,4.60578912954086
37.3259447812152,58.099130472827,4.08378773140628
527.854604688151,164.544449524246,4.59010832153364
NA,NA,NA
661.223196207633,334.946092865979,3.3321158597684
458.243692040136,299.218614232973,3.56761822884961
3.39618485047553,492.223611415208,3.72438637079932
556.757450392007,51.4967475482947,4.20422269960332
73.1427823530575,375.831413620839,3.95244563728635
230.916859989063,411.520685292701,3.87432731108304
428.979615298632,13.4136134404215,3.36513902454676
362.391040841231,293.138505429717,2.99995968696005
603.370441795739,101.63546427509,4.27645878875768
390.225717728523,229.885845012415,4.06860174782053
564.318754957204,406.500548505957,4.73972217894912
148.173572308037,282.067945718286,4.65937646658872
200.097656404637,370.768420719537,4.13172940201958
128.180952883289,410.982210750182,3.35640753940892
625.440321124996,309.958657903624,4.61009242851271
-2.18796172186846,143.813686290543,4.22520070286111
541.839477235243,202.290980130668,4.13559309831846
34.2071502025755,492.559195636629,2.94002189734586
278.695574393259,19.6426836207973,3.84350256446299
534.987336163274,390.591454303331,3.57726184193943
70.9513201716426,70.092919793346,5.23518314318855
6.09598634187052,76.4323911752927,3.4258775287521
588.333068156353,227.367829406974,4.05310462523323
441.62863061984,456.844310087461,4.74134891431747
659.187730675166,370.692130490104,2.93383703819286
106.87185099624,487.433222000556,4.40038599733829
625.93173086978,92.5203926000813,4.07809687221228
422.698848679232,261.622801849407,3.60143001528021
12.0721308765664,180.640870649991,3.22461975772807
70.7820963778155,119.954229133199,4.50984855317348
600.901417516691,198.74007454293,4.2070096772644
248.402351375085,217.03402387821,3.79420419767817
576.064909359775,436.917818600704,3.68349087561121
302.24486636307,140.496464291111,3.72021792502286
521.117009741511,454.549365894618,3.64333847966873
44.7055495169135,413.850137616743,3.76344140169793
195.804020299361,298.757384565934,4.27918219046465
548.64737466249,263.426573408655,3.80644521021241
164.069406676376,23.6304347718691,4.25410802249728
509.686454587229,347.852927620846,4.60578912954086
37.3259447812152,58.099130472827,4.08378773140628
527.854604688151,164.544449524246,4.59010832153364
NA,NA,NA
661.223196207633,334.946092865979,3.3321158597684
458.243692040136,299.218614232973,3.56761822884961
3.39618485047553,492.223611415208,3.72438637079932
556.757450392007,51.4967475482947,4.20422269960332
73.1427823530575,375.831413620839,3.95244563728635
230.916859989063,411.520685292701,3.87432731108304
428.979615298632,13.4136134404215,3.36513902454676
362.391040841231,293.138505429717,2.99995968696005
603.370441795739,101.63546427509,4.27645878875768
390.225717728523,229.885845012415,4.06860174782053
564.318754957204,406.500548505957,4.73972217894912
148.173572308037,282.067945718286,4.65937646658872
200.097656404637,370.768420719537,4.13172940201958
128.180952883289,410.982210750182,3.35640753940892
625.440321124996,309.958657903624,4.61009242851271
-2.18796172186846,143.813686290543,4.22520070286111
541.839477235243,202.290980130668,4.13559309831846
34.2071502025755,492.559195636629,2.94002189734586
278.695574393259,19.6426836207973,3.84350256446299
534.987336163274,390.591454303331,3.57726184193943
70.9513201716426,70.092919793346,5.23518314318855
6.09598634187052,76.4323911752927,3.4258775287521
588.333068156353,227.367829406974,4.05310462523323
441.62863061984,456.844310087461,4.74134891431747
659.187730675166,370.692130490104,2.93383703819286
106.87185099624,487.433222000556,4.40038599733829
625.93173086978,92.5203926000813,4.07809687221228
422.698848679232,261.622801849407,3.60143001528021
12.0721308765664,180.640870649991,3.22461975772807
70.7820963778155,119.954229133199,4.50984855317348
600.901417516691,198.74007454293,4.2070096772644
248.402351375085,217.03402387821,3.79420419767817
576.064909359775,436.917818600704,3.68349087561121
302.24486636307,140.496464291111,3.72021792502286
521.117009741511,454.549365894618,3.64333847966873
44.7055495169135,413.850137616743,3.76344140169793
195.804020299361,298.757384565934,4.27918219046465
548.64737466249,263.426573408655,3.80644521021241
164.069406676376,23.6304347718691,4.25410802249728
509.686454587229,347.852927620846,4.60578912954086
37.3259447812152,58.099130472827,4.08378773140628
527.854604688151,164.544449524246,4.59010832153364
NA,NA,NA
659.741617756475,334.291123109903,3.5406728194517
456.269640779509,297.983215298307,3.81592498982675
7.72337757068573,492.940189689348,3.72996899522227
559.909678727587,54.2040094296078,4.21567194745357
67.6932205267998,371.947682053151,3.92774849384118
228.923731714514,412.024700362174,3.77473644993681
430.526127860351,12.6913639752157,3.35640207221031
360.916481886076,294.943321628859,3.04721559598053
602.570314278722,107.735574842493,4.26785628843836
385.575632744132,229.762858931138,4.11506825931794
570.282400751949,413.314825768721,4.71267663047782
136.983070064376,280.677118126233,4.67137294582426
196.739925125607,365.87264695837,4.04104550289679
124.923484728314,408.962905217672,3.43742215219036
628.418649313785,308.026740681269,4.45505788011091
4.44731583367635,145.203047001026,4.20651079093903
542.204587371471,198.76324294152,4.22041990420751
32.8859856148907,491.812650259283,2.92486892624927
277.145085636832,25.6736129062192,3.88407680482956
530.457264290843,390.459296162211,3.27141928595567
74.8182020566816,79.9679130560728,5.27831882609986
5.87905381087281,76.15194164635,3.52128411686695
587.799997797531,228.494072299774,3.98605434744136
440.985549116341,453.791343199049,4.72977951836076
660.129485184015,371.292956375775,3.13709722252168
110.083088771371,489.530882276933,4.28758179174605
628.893214959976,87.4442515553064,4.13801743799361
419.091105490384,259.15100306184,3.69723327461868
10.7967362082417,181.429551121388,3.21132500358663
67.5990615432505,125.0174478462,4.37731131101804
607.617494622847,205.473026672057,4.30780579882896
249.529147896376,217.074711571071,3.82153548637373
569.153085222076,441.015728214841,3.59322460508084
300.515774461283,136.150320801029,3.80634503664802
536.365679160877,454.830702764475,3.37178722703315
50.2165103861614,433.455783326017,3.9045834377057
196.307212334883,293.741485060447,4.20270452134674
546.098594258193,258.040815034236,3.61948527425781
166.814418003441,43.0985019086264,4.21224733921275
489.60012484752,344.657631901166,4.57034627285511
43.7089722197117,47.3477874157554,3.90206413655163
536.66309650072,149.040000328224,4.2688476467024
NA,NA,NA
659.741617756475,334.291123109903,3.5406728194517
456.269640779509,297.983215298307,3.81592498982675
7.72337757068573,492.940189689348,3.72996899522227
559.909678727587,54.2040094296078,4.21567194745357
67.6932205267998,371.947682053151,3.92774849384118
228.923731714514,412.024700362174,3.77473644993681
430.526127860351,12.6913639752157,3.35640207221031
360.916481886076,294.943321628859,3.04721559598053
602.570314278722,107.735574842493,4.26785628843836
385.575632744132,229.762858931138,4.11506825931794
570.282400751949,413.314825768721,4.71267663047782
136.983070064376,280.677118126233,4.67137294582426
196.739925125607,365.87264695837,4.04104550289679
124.923484728314,408.962905217672,3.43742215219036
628.418649313785,308.026740681269,4.45505788011091
4.44731583367635,145.203047001026,4.20651079093903
542.204587371471,198.76324294152,4.22041990420751
32.8859856148907,491.812650259283,2.92486892624927
277.145085636832,25.6736129062192,3.88407680482956
530.457264290843,390.459296162211,3.27141928595567
74.8182020566816,79.9679130560728,5.27831882609986
5.87905381087281,76.15194164635,3.52128411686695
587.799997797531,228.494072299774,3.98605434744136
440.985549116341,453.791343199049,4.72977951836076
660.129485184015,371.292956375775,3.13709722252168
110.083088771371,489.530882276933,4.28758179174605
628.893214959976,87.4442515553064,4.13801743799361
419.091105490384,259.15100306184,3.69723327461868
10.7967362082417,181.429551121388,3.21132500358663
67.5990615432505,125.0174478462,4.37731131101804
607.617494622847,205.473026672057,4.30780579882896
249.529147896376,217.074711571071,3.82153548637373
569.153085222076,441.015728214841,3.59322460508084
300.515774461283,136.150320801029,3.80634503664802
536.365679160877,454.830702764475,3.37178722703315
50.2165103861614,433.455783326017,3.9045834377057
196.307212334883,293.741485060447,4.20270452134674
546.098594258193,258.040815034236,3.61948527425781
166.814418003441,43.0985019086264,4.21224733921275
489.60012484752,344.657631901166,4.57034627285511
43.7089722197117,47.3477874157554,3.90206413655163
536.66309650072,149.040000328224,4.2688476467024
NA,NA,NA
659.741617756475,334.291123109903,3.5406728194517
456.269640779509,297.983215298307,3.81592498982675
7.72337757068573,492.940189689348,3.72996899522227
559.909678727587,54.2040094296078,4.21567194745357
67.6932205267998,371.947682053151,3.92774849384118
228.923731714514,412.024700362174,3.77473644993681
430.526127860351,12.6913639752157,3.35640207221031
360.916481886076,294.943321628859,3.04721559598053
602.570314278722,107.735574842493,4.26785628843836
385.575632744132,229.762858931138,4.11506825931794
570.282400751949,413.314825768721,4.71267663047782
136.983070064376,280.677118126233,4.67137294582426
196.739925125607,365.87264695837,4.04104550289679
124.923484728314,408.962905217672,3.43742215219036
628.418649313785,308.026740681269,4.45505788011091
4.44731583367635,145.203047001026,4.20651079093903
542.204587371471,198.76324294152,4.22041990420751
32.8859856148907,491.812650259283,2.92486892624927
277.145085636832,25.6736129062192,3.88407680482956
530.457264290843,390.459296162211,3.27141928595567
74.8182020566816,79.9679130560728,5.27831882609986
5.87905381087281,76.15194164635,3.52128411686695
587.799997797531,228.494072299774,3.98605434744136
440.985549116341,453.791343199049,4.72977951836076
660.129485184015,371.292956375775,3.13709722252168
110.083088771371,489.530882276933,4.28758179174605
628.893214959976,87.4442515553064,4.13801743799361
419.091105490384,259.15100306184,3.69723327461868
10.7967362082417,181.429551121388,3.21132500358663
67.5990615432505,125.0174478462,4.37731131101804
607.617494622847,205.473026672057,4.30780579882896
249.529147896376,217.074711571071,3.82153548637373
569.153085222076,441.015728214841,3.59322460508084
300.515774461283,136.150320801029,3.80634503664802
536.365679160877,454.830702764475,3.37178722703315
50.2165103861614,433.455783326017,3.9045834377057
196.307212334883,293.741485060447,4.20270452134674
546.098594258193,258.040815034236,3.61948527425781
166.814418003441,43.0985019086264,4.21224733921275
489.60012484752,344.657631901166,4.57034627285511
43.7089722197117,47.3477874157554,3.90206413655163
536.66309650072,149.040000328224,4.2688476467024
NA,NA,NA
659.741617756475,334.291123109903,3.5406728194517
456.269640779509,297.983215298307,3.81592498982675
7.72337757068573,492.940189689348,3.72996899522227
559.909678727587,54.2040094296078,4.21567194745357
67.6932205267998,371.947682053151,3.92774849384118
228.923731714514,412.024700362174,3.77473644993681
430.526127860351,12.6913639752157,3.35640207221031
360.916481886076,294.943321628859,3.04721559598053
602.570314278722,107.735574842493,4.26785628843836
385.575632744132,229.762858931138,4.11506825931794
570.282400751949,413.314825768721,4.71267663047782
136.983070064376,280.677118126233,4.67137294582426
196.739925125607,365.87264695837,4.04104550289679
124.923484728314,408.962905217672,3.43742215219036
628.418649313785,308.026740681269,4.45505788011091
4.44731583367635,145.203047001026,4.20651079093903
542.204587371471,198.76324294152,4.22041990420751
32.8859856148907,491.812650259283,2.92486892624927
277.145085636832,25.6736129062192,3.88407680482956
530.457264290843,390.459296162211,3.27141928595567
74.8182020566816,79.9679130560728,5.27831882609986
5.87905381087281,76.15194164635,3.52128411686695
587.799997797531,228.494072299774,3.98605434744136
440.985549116341,453.791343199049,4.72977951836076
660.129485184015,371.292956375775,3.13709722252168
110.083088771371,489.530882276933,4.28758179174605
628.893214959976,87.4442515553064,4.13801743799361
419.091105490384,259.15100306184,3.69723327461868
10.7967362082417,181.429551121388,3.21132500358663
67.5990615432505,125.0174478462,4.37731131101804
607.617494622847,205.473026672057,4.30780579882896
249.529147896376,217.074711571071,3.82153548637373
569.153085222076,441.015728214841,3.59322460508084
300.515774461283,136.150320801029,3.80634503664802
536.365679160877,454.830702764475,3.37178722703315
50.2165103861614,433.455783326017,3.9045834377057
196.307212334883,293.741485060447,4.20270452134674
546.098594258193,258.040815034236,3.61948527425781
166.814418003441,43.0985019086264,4.21224733921275
489.60012484752,344.657631901166,4.57034627285511
43.7089722197117,47.3477874157554,3.90206413655163
536.66309650072,149.040000328224,4.2688476467024
NA,NA,NA
659.741617756475,334.291123109903,3.5406728194517
456.269640779509,297.983215298307,3.81592498982675
7.72337757068573,492.940189689348,3.72996899522227
559.909678727587,54.2040094296078,4.21567194745357
67.6932205267998,371.947682053151,3.92774849384118
228.923731714514,412.024700362174,3.77473644993681
430.526127860351,12.6913639752157,3.35640207221031
360.916481886076,294.943321628859,3.04721559598053
602.570314278722,107.735574842493,4.26785628843836
385.575632744132,229.762858931138,4.11506825931794
570.282400751949,413.314825768721,4.71267663047782
136.983070064376,280.677118126233,4.67137294582426
196.739925125607,365.87264695837,4.04104550289679
124.923484728314,408.962905217672,3.43742215219036
628.418649313785,308.026740681269,4.45505788011091
4.44731583367635,145.203047001026,4.20651079093903
542.204587371471,198.76324294152,4.22041990420751
32.8859856148907,491.812650259283,2.92486892624927
277.145085636832,25.6736129062192,3.88407680482956
530.457264290843,390.459296162211,3.27141928595567
74.8182020566816,79.9679130560728,5.27831882609986
5.87905381087281,76.15194164635,3.52128411686695
587.799997797531,228.494072299774,3.98605434744136
440.985549116341,453.791343199049,4.72977951836076
660.129485184015,371.292956375775,3.13709722252168
110.083088771371,489.530882276933,4.28758179174605
628.893214959976,87.4442515553064,4.13801743799361
419.091105490384,259.15100306184,3.69723327461868
10.7967362082417,181.429551121388,3.21132500358663
67.5990615432505,125.0174478462,4.37731131101804
607.617494622847,205.473026672057,4.30780579882896
249.529147896376,217.074711571071,3.82153548637373
569.153085222076,441.015728214841,3.59322460508084
300.515774461283,136.150320801029,3.80634503664802
536.365679160877,454.830702764475,3.37178722703315
50.2165103861614,433.455783326017,3.9045834377057
196.307212334883,293.741485060447,4.20270452134674
546.098594258193,258.040815034236,3.61948527425781
166.814418003441,43.0985019086264,4.21224733921275
489.60012484752,344.657631901166,4.57034627285511
43.7089722197117,47.3477874157554,3.90206413655163
536.66309650072,149.040000328224,4.2688476467024
NA,NA,NA
659.741617756475,334.291123109903,3.5406728194517
456.269640779509,297.983215298307,3.81592498982675
7.72337757068573,492.940189689348,3.72996899522227
559.909678727587,54.2040094296078,4.21567194745357
67.6932205267998,371.947682053151,3.92774849384118
228.923731714514,412.024700362174,3.77473644993681
430.526127860351,12.6913639752157,3.35640207221031
360.916481886076,294.943321628859,3.04721559598053
602.570314278722,107.735574842493,4.26785628843836
385.575632744132,229.762858931138,4.11506825931794
570.282400751949,413.314825768721,4.71267663047782
136.983070064376,280.677118126233,4.67137294582426
196.739925125607,365.87264695837,4.04104550289679
124.923484728314,408.962905217672,3.43742215219036
628.418649313785,308.026740681269,4.45505788011091
4.44731583367635,145.203047001026,4.20651079093903
542.204587371471,198.76324294152,4.22041990420751
32.8859856148907,491.812650259283,2.92486892624927
277.145085636832,25.6736129062192,3.88407680482956
530.457264290843,390.459296162211,3.27141928595567
74.8182020566816,79.9679130560728,5.27831882609986
5.87905381087281,76.15194164635,3.52128411686695
587.799997797531,228.494072299774,3.98605434744136
440.985549116341,453.791343199049,4.72977951836076
660.129485184015,371.292956375775,3.13709722252168
110.083088771371,489.530882276933,4.28758179174605
628.893214959976,87.4442515553064,4.13801743799361
419.091105490384,259.15100306184,3.69723327461868
10.7967362082417,181.429551121388,3.21132500358663
67.5990615432505,125.0174478462,4.37731131101804
607.617494622847,205.473026672057,4.30780579882896
249.529147896376,217.074711571071,3.82153548637373
569.153085222076,441.015728214841,3.59322460508084
300.515774461283,136.150320801029,3.80634503664802
536.365679160877,454.830702764475,3.37178722703315
50.2165103861614,433.455783326017,3.9045834377057
196.307212334883,293.741485060447,4.20270452134674
546.098594258193,258.040815034236,3.61948527425781
166.814418003441,43.0985019086264,4.21224733921275
489.60012484752,344.657631901166,4.57034627285511
43.7089722197117,47.3477874157554,3.90206413655163
536.66309650072,149.040000328224,4.2688476467024
NA,NA,NA
655.796485117638,334.705194649646,3.40209821380742
457.402635380146,296.923067380374,3.65657556211903
9.52316980693604,491.848232167768,3.70525438896191
565.894116339001,52.1335164191914,4.26699859918974
71.0774719066436,377.039885715324,3.94168329071144
229.129429650992,414.043496056936,3.96372898837424
428.640404392616,8.96438998028266,3.12857219085644
362.72575356413,293.226425778972,2.93054087962769
608.138075094255,104.642279625814,4.19855539229084
395.428683607143,225.223904785331,4.18756483729135
572.447003563147,406.252511288446,4.75448536626165
133.102755477839,286.991638246931,4.48825777986454
198.641032824547,373.857676655483,3.9727229948923
127.228571846543,409.26546298778,3.50525878678728
628.454543935406,310.246062264444,4.57991915170486
3.68414322106594,144.122645818991,4.23783653997806
543.648544763835,206.875583994185,4.24806016490775
35.6829600695739,492.385819135212,3.17694800207452
280.222680049822,24.1599731166982,3.92734602882531
534.659143080518,392.757276337427,3.45813698251314
74.6342398087288,74.5710877962808,5.15606176513794
2.60654642183155,77.4081184663342,3.52653051636603
590.494494388912,225.926600957533,4.15799450348257
438.510760835138,458.353269833133,4.8565887169572
659.956391942887,373.830481740635,3.35747228572646
100.561097294095,492.838473250098,4.26383941979715
623.382014307884,88.5886220014269,4.08451255955088
420.216371555333,258.851554660597,3.67661522268095
11.0440259682943,181.746749437294,3.26600537330562
67.3456789234569,122.641383783854,4.71623201675847
599.538057079784,197.405792491224,4.28022857948892
262.447911347219,218.705560163507,3.85524080294848
567.049904747527,431.386204019891,3.94467753434067
298.355038091747,139.715008082827,3.83469303123178
526.552915318414,459.348734090791,3.87669973087691
43.2162173411773,422.861123269884,3.72722239191802
197.221057802958,284.584813975689,3.92559123564464
552.378033806419,263.281641080367,3.57727547739053
171.473946766767,34.9089217971443,4.2208178996228
492.124715042381,346.432684467469,4.49792297784832
41.9202166656683,54.5583175542593,3.89877226985636
518.986981873798,151.704811941986,4.75555380776706
NA,NA,NA
655.796485117638,334.705194649646,3.40209821380742
457.402635380146,296.923067380374,3.65657556211903
9.52316980693604,491.848232167768,3.70525438896191
565.894116339001,52.1335164191914,4.26699859918974
71.0774719066436,377.039885715324,3.94168329071144
229.129429650992,414.043496056936,3.96372898837424
428.640404392616,8.96438998028266,3.12857219085644
362.72575356413,293.226425778972,2.93054087962769
608.138075094255,104.642279625814,4.19855539229084
395.428683607143,225.223904785331,4.18756483729135
572.447003563147,406.252511288446,4.75448536626165
133.102755477839,286.991638246931,4.48825777986454
198.641032824547,373.857676655483,3.9727229948923
127.228571846543,409.26546298778,3.50525878678728
628.454543935406,310.246062264444,4.57991915170486
3.68414322106594,144.122645818991,4.23783653997806
543.648544763835,206.875583994185,4.24806016490775
35.6829600695739,492.385819135212,3.17694800207452
280.222680049822,24.1599731166982,3.92734602882531
534.659143080518,392.757276337427,3.45813698251314
74.6342398087288,74.5710877962808,5.15606176513794
2.60654642183155,77.4081184663342,3.52653051636603
590.494494388912,225.926600957533,4.15799450348257
438.510760835138,458.353269833133,4.8565887169572
659.956391942887,373.830481740635,3.35747228572646
100.561097294095,492.838473250098,4.26383941979715
623.382014307884,88.5886220014269,4.08451255955088
420.216371555333,258.851554660597,3.67661522268095
11.0440259682943,181.746749437294,3.26600537330562
67.3456789234569,122.641383783854,4.71623201675847
599.538057079784,197.405792491224,4.28022857948892
262.447911347219,218.705560163507,3.85524080294848
567.049904747527,431.386204019891,3.94467753434067
298.355038091747,139.715008082827,3.83469303123178
526.552915318414,459.348734090791,3.87669973087691
43.2162173411773,422.861123269884,3.72722239191802
197.221057802958,284.584813975689,3.92559123564464
552.378033806419,263.281641080367,3.57727547739053
171.473946766767,34.9089217971443,4.2208178996228
492.124715042381,346.432684467469,4.49792297784832
41.9202166656683,54.5583175542593,3.89877226985636
518.986981873798,151.704811941986,4.75555380776706
NA,NA,NA
655.796485117638,334.705194649646,3.40209821380742
457.402635380146,296.923067380374,3.65657556211903
9.52316980693604,491.848232167768,3.70525438896191
565.894116339001,52.1335164191914,4.26699859918974
71.0774719066436,377.039885715324,3.94168329071144
229.129429650992,414.043496056936,3.96372898837424
428.640404392616,8.96438998028266,3.12857219085644
362.72575356413,293.226425778972,2.93054087962769
608.138075094255,104.642279625814,4.19855539229084
395.428683607143,225.223904785331,4.18756483729135
572.447003563147,406.252511288446,4.75448536626165
133.102755477839,286.991638246931,4.48825777986454
198.641032824547,373.857676655483,3.9727229948923
127.228571846543,409.26546298778,3.50525878678728
628.454543935406,310.246062264444,4.57991915170486
3.68414322106594,144.122645818991,4.23783653997806
543.648544763835,206.875583994185,4.24806016490775
35.6829600695739,492.385819135212,3.17694800207452
280.222680049822,24.1599731166982,3.92734602882531
534.659143080518,392.757276337427,3.45813698251314
74.6342398087288,74.5710877962808,5.15606176513794
2.60654642183155,77.4081184663342,3.52653051636603
590.494494388912,225.926600957533,4.15799450348257
438.510760835138,458.353269833133,4.8565887169572
659.956391942887,373.830481740635,3.35747228572646
100.561097294095,492.838473250098,4.26383941979715
623.382014307884,88.5886220014269,4.08451255955088
420.216371555333,258.851554660597,3.67661522268095
11.0440259682943,181.746749437294,3.26600537330562
67.3456789234569,122.641383783854,4.71623201675847
599.538057079784,197.405792491224,4.28022857948892
262.447911347219,218.705560163507,3.85524080294848
567.049904747527,431.386204019891,3.94467753434067
298.355038091747,139.715008082827,3.83469303123178
526.552915318414,459.348734090791,3.87669973087691
43.2162173411773,422.861123269884,3.72722239191802
197.221057802958,284.584813975689,3.92559123564464
552.378033806419,263.281641080367,3.57727547739053
171.473946766767,34.9089217971443,4.2208178996228
492.124715042381,346.432684467469,4.49792297784832
41.9202166656683,54.5583175542593,3.89877226985636
518.986981873798,151.704811941986,4.75555380776706
NA,NA,NA
655.796485117638,334.705194649646,3.40209821380742
457.402635380146,296.923067380374,3.65657556211903
9.52316980693604,491.848232167768,3.70525438896191
565.894116339001,52.1335164191914,4.26699859918974
71.0774719066436,377.039885715324,3.94168329071144
229.129429650992,414.043496056936,3.96372898837424
428.640404392616,8.96438998028266,3.12857219085644
362.72575356413,293.226425778972,2.93054087962769
608.138075094255,104.642279625814,4.19855539229084
395.428683607143,225.223904785331,4.18756483729135
572.447003563147,406.252511288446,4.75448536626165
133.102755477839,286.991638246931,4.48825777986454
198.641032824547,373.857676655483,3.9727229948923
127.228571846543,409.26546298778,3.50525878678728
628.454543935406,310.246062264444,4.57991915170486
3.68414322106594,144.122645818991,4.23783653997806
543.648544763835,206.875583994185,4.24806016490775
35.6829600695739,492.385819135212,3.17694800207452
280.222680049822,24.1599731166982,3.92734602882531
534.659143080518,392.757276337427,3.45813698251314
74.6342398087288,74.5710877962808,5.15606176513794
2.60654642183155,77.4081184663342,3.52653051636603
590.494494388912,225.926600957533,4.15799450348257
438.510760835138,458.353269833133,4.8565887169572
659.956391942887,373.830481740635,3.35747228572646
100.561097294095,492.838473250098,4.26383941979715
623.382014307884,88.5886220014269,4.08451255955088
420.216371555333,258.851554660597,3.67661522268095
11.0440259682943,181.746749437294,3.26600537330562
67.3456789234569,122.641383783854,4.71623201675847
599.538057079784,197.405792491224,4.28022857948892
262.447911347219,218.705560163507,3.85524080294848
567.049904747527,431.386204019891,3.94467753434067
298.355038091747,139.715008082827,3.83469303123178
526.552915318414,459.348734090791,3.87669973087691
43.2162173411773,422.861123269884,3.72722239191802
197.221057802958,284.584813975689,3.92559123564464
552.378033806419,263.281641080367,3.57727547739053
171.473946766767,34.9089217971443,4.2208178996228
492.124715042381,346.432684467469,4.49792297784832
41.9202166656683,54.5583175542593,3.89877226985636
518.986981873798,151.704811941986,4.75555380776706
NA,NA,NA
655.796485117638,334.705194649646,3.40209821380742
457.402635380146,296.923067380374,3.65657556211903
9.52316980693604,491.848232167768,3.70525438896191
565.894116339001,52.1335164191914,4.26699859918974
71.0774719066436,377.039885715324,3.94168329071144
229.129429650992,414.043496056936,3.96372898837424
428.640404392616,8.96438998028266,3.12857219085644
362.72575356413,293.226425778972,2.93054087962769
608.138075094255,104.642279625814,4.19855539229084
395.428683607143,225.223904785331,4.18756483729135
572.447003563147,406.252511288446,4.75448536626165
133.102755477839,286.991638246931,4.48825777986454
198.641032824547,373.857676655483,3.9727229948923
127.228571846543,409.26546298778,3.50525878678728
628.454543935406,310.246062264444,4.57991915170486
3.68414322106594,144.122645818991,4.23783653997806
543.648544763835,206.875583994185,4.24806016490775
35.6829600695739,492.385819135212,3.17694800207452
280.222680049822,24.1599731166982,3.92734602882531
534.659143080518,392.757276337427,3.45813698251314
74.6342398087288,74.5710877962808,5.15606176513794
2.60654642183155,77.4081184663342,3.52653051636603
590.494494388912,225.926600957533,4.15799450348257
438.510760835138,458.353269833133,4.8565887169572
659.956391942887,373.830481740635,3.35747228572646
100.561097294095,492.838473250098,4.26383941979715
623.382014307884,88.5886220014269,4.08451255955088
420.216371555333,258.851554660597,3.67661522268095
11.0440259682943,181.746749437294,3.26600537330562
67.3456789234569,122.641383783854,4.71623201675847
599.538057079784,197.405792491224,4.28022857948892
262.447911347219,218.705560163507,3.85524080294848
567.049904747527,431.386204019891,3.94467753434067
298.355038091747,139.715008082827,3.83469303123178
526.552915318414,459.348734090791,3.87669973087691
43.2162173411773,422.861123269884,3.72722239191802
197.221057802958,284.584813975689,3.92559123564464
552.378033806419,263.281641080367,3.57727547739053
171.473946766767,34.9089217971443,4.2208178996228
492.124715042381,346.432684467469,4.49792297784832
41.9202166656683,54.5583175542593,3.89877226985636
518.986981873798,151.704811941986,4.75555380776706
NA,NA,NA
655.796485117638,334.705194649646,3.40209821380742
457.402635380146,296.923067380374,3.65657556211903
9.52316980693604,491.848232167768,3.70525438896191
565.894116339001,52.1335164191914,4.26699859918974
71.0774719066436,377.039885715324,3.94168329071144
229.129429650992,414.043496056936,3.96372898837424
428.640404392616,8.96438998028266,3.12857219085644
362.72575356413,293.226425778972,2.93054087962769
608.138075094255,104.642279625814,4.19855539229084
395.428683607143,225.223904785331,4.18756483729135
572.447003563147,406.252511288446,4.75448536626165
133.102755477839,286.991638246931,4.48825777986454
198.641032824547,373.857676655483,3.9727229948923
127.228571846543,409.26546298778,3.50525878678728
628.454543935406,310.246062264444,4.57991915170486
3.68414322106594,144.122645818991,4.23783653997806
543.648544763835,206.875583994185,4.24806016490775
35.6829600695739,492.385819135212,3.17694800207452
280.222680049822,24.1599731166982,3.92734602882531
534.659143080518,392.757276337427,3.45813698251314
74.6342398087288,74.5710877962808,5.15606176513794
2.60654642183155,77.4081184663342,3.52653051636603
590.494494388912,225.926600957533,4.15799450348257
438.510760835138,458.353269833133,4.8565887169572
659.956391942887,373.830481740635,3.35747228572646
100.561097294095,492.838473250098,4.26383941979715
623.382014307884,88.5886220014269,4.08451255955088
420.216371555333,258.851554660597,3.67661522268095
11.0440259682943,181.746749437294,3.26600537330562
67.3456789234569,122.641383783854,4.71623201675847
599.538057079784,197.405792491224,4.28022857948892
262.447911347219,218.705560163507,3.85524080294848
567.049904747527,431.386204019891,3.94467753434067
298.355038091747,139.715008082827,3.83469303123178
526.552915318414,459.348734090791,3.87669973087691
43.2162173411773,422.861123269884,3.72722239191802
197.221057802958,284.584813975689,3.92559123564464
552.378033806419,263.281641080367,3.57727547739053
171.473946766767,34.9089217971443,4.2208178996228
492.124715042381,346.432684467469,4.49792297784832
41.9202166656683,54.5583175542593,3.89877226985636
518.986981873798,151.704811941986,4.75555380776706
NA,NA,NA
655.583915841173,335.463400847192,3.61860604017078
456.304285773275,297.906766965568,3.5625944503663
11.1761661163182,497.35617396968,3.70801227281162
560.391863592196,52.870213002976,4.18374701651271
69.2346010220988,379.98795706303,4.00722764010803
229.366606701194,416.136933817556,3.9538183496728
430.080864492735,11.7496041583866,3.42512266708935
361.861888461153,292.541823976492,2.9385894221974
607.648415855212,104.131945347592,4.21309481317594
393.429116783279,232.258770775401,4.27900624308199
563.740805745414,415.213267526117,4.68033853267236
138.573350092444,280.053010251611,4.66625818206766
200.57489983311,369.948123979473,4.04946864129602
124.16911204747,411.26940969695,3.36522381059398
626.877474622356,311.303019533324,4.48873860256524
-1.29612665771164,149.664961444304,4.25221294887673
540.018473512056,200.985781241205,4.17616584883359
33.8523504335063,492.106897503208,2.90881224711462
280.098931885058,20.5839620209085,3.77050182922462
535.198663293845,393.489899556471,3.40538514862692
70.503044159645,73.987899215566,5.21667868327863
3.12433144799785,76.9544696488937,3.48546790952689
591.525077582396,228.277998739994,4.02716982445009
441.807778665102,463.451831223904,4.77311505067857
658.752192282703,374.618518879586,3.02796021883915
107.111130802335,489.438126064427,4.41203283425944
620.139967294481,91.734580025507,4.12800467169601
423.37212133176,258.827490720519,3.70362877718836
11.1492846321905,181.207204918501,3.05169812716375
72.0056075982589,112.197045596568,4.44563780181254
603.035324672828,201.48944108165,4.20245949704259
252.985195388441,226.13160354037,3.78427526878743
577.776015186953,442.003598158968,3.84385127052519
301.366755561014,135.423302875955,3.94950966395082
527.801405861118,455.267820520714,3.58618253710284
48.342028748898,414.824932365257,3.70481154298127
197.948526720974,281.103493269106,4.16149494061465
564.206488703312,257.069531128882,3.54922002325354
164.43229877549,31.9709448087902,4.26054584515842
493.951640743971,351.529225931534,4.3546478367652
44.4710054796038,55.3561411548905,4.00551474945299
527.013590827904,169.09838812507,4.4391221230744
NA,NA,NA
655.583915841173,335.463400847192,3.61860604017078
456.304285773275,297.906766965568,3.5625944503663
11.1761661163182,497.35617396968,3.70801227281162
560.391863592196,52.870213002976,4.18374701651271
69.2346010220988,379.98795706303,4.00722764010803
229.366606701194,416.136933817556,3.9538183496728
430.080864492735,11.7496041583866,3.42512266708935
361.861888461153,292.541823976492,2.9385894221974
607.648415855212,104.131945347592,4.21309481317594
393.429116783279,232.258770775401,4.27900624308199
563.740805745414,415.213267526117,4.68033853267236
138.573350092444,280.053010251611,4.66625818206766
200.57489983311,369.948123979473,4.04946864129602
124.16911204747,411.26940969695,3.36522381059398
626.877474622356,311.303019533324,4.48873860256524
-1.29612665771164,149.664961444304,4.25221294887673
540.018473512056,200.985781241205,4.17616584883359
33.8523504335063,492.106897503208,2.90881224711462
280.098931885058,20.5839620209085,3.77050182922462
535.198663293845,393.489899556471,3.40538514862692
70.503044159645,73.987899215566,5.21667868327863
3.12433144799785,76.9544696488937,3.48546790952689
591.525077582396,228.277998739994,4.02716982445009
441.807778665102,463.451831223904,4.77311505067857
658.752192282703,374.618518879586,3.02796021883915
107.111130802335,489.438126064427,4.41203283425944
620.139967294481,91.734580025507,4.12800467169601
423.37212133176,258.827490720519,3.70362877718836
11.1492846321905,181.207204918501,3.05169812716375
72.0056075982589,112.197045596568,4.44563780181254
603.035324672828,201.48944108165,4.20245949704259
252.985195388441,226.13160354037,3.78427526878743
577.776015186953,442.003598158968,3.84385127052519
301.366755561014,135.423302875955,3.94950966395082
527.801405861118,455.267820520714,3.58618253710284
48.342028748898,414.824932365257,3.70481154298127
197.948526720974,281.103493269106,4.16149494061465
564.206488703312,257.069531128882,3.54922002325354
164.43229877549,31.9709448087902,4.26054584515842
493.951640743971,351.529225931534,4.3546478367652
44.4710054796038,55.3561411548905,4.00551474945299
527.013590827904,169.09838812507,4.4391221230744
NA,NA,NA
655.583915841173,335.463400847192,3.61860604017078
456.304285773275,297.906766965568,3.5625944503663
11.1761661163182,497.35617396968,3.70801227281162
560.391863592196,52.870213002976,4.18374701651271
69.2346010220988,379.98795706303,4.00722764010803
229.366606701194,416.136933817556,3.9538183496728
430.080864492735,11.7496041583866,3.42512266708935
361.861888461153,292.541823976492,2.9385894221974
607.648415855212,104.131945347592,4.21309481317594
393.429116783279,232.258770775401,4.27900624308199
563.740805745414,415.213267526117,4.68033853267236
138.573350092444,280.053010251611,4.66625818206766
200.57489983311,369.948123979473,4.04946864129602
124.16911204747,411.26940969695,3.36522381059398
626.877474622356,311.303019533324,4.48873860256524
-1.29612665771164,149.664961444304,4.25221294887673
540.018473512056,200.985781241205,4.17616584883359
33.8523504335063,492.106897503208,2.90881224711462
280.098931885058,20.5839620209085,3.77050182922462
535.198663293845,393.489899556471,3.40538514862692
70.503044159645,73.987899215566,5.21667868327863
3.12433144799785,76.9544696488937,3.48546790952689
591.525077582396,228.277998739994,4.02716982445009
441.807778665102,463.451831223904,4.77311505067857
658.752192282703,374.618518879586,3.02796021883915
107.111130802335,489.438126064427,4.41203283425944
620.139967294481,91.734580025507,4.12800467169601
423.37212133176,258.827490720519,3.70362877718836
11.1492846321905,181.207204918501,3.05169812716375
72.0056075982589,112.197045596568,4.44563780181254
603.035324672828,201.48944108165,4.20245949704259
252.985195388441,226.13160354037,3.78427526878743
577.776015186953,442.003598158968,3.84385127052519
301.366755561014,135.423302875955,3.94950966395082
527.801405861118,455.267820520714,3.58618253710284
48.342028748898,414.824932365257,3.70481154298127
197.948526720974,281.103493269106,4.16149494061465
564.206488703312,257.069531128882,3.54922002325354
164.43229877549,31.9709448087902,4.26054584515842
493.951640743971,351.529225931534,4.3546478367652
44.4710054796038,55.3561411548905,4.00551474945299
527.013590827904,169.09838812507,4.4391221230744
NA,NA,NA
655.583915841173,335.463400847192,3.61860604017078
456.304285773275,297.906766965568,3.5625944503663
11.1761661163182,497.35617396968,3.70801227281162
560.391863592196,52.870213002976,4.18374701651271
69.2346010220988,379.98795706303,4.00722764010803
229.366606701194,416.136933817556,3.9538183496728
430.080864492735,11.7496041583866,3.42512266708935
361.861888461153,292.541823976492,2.9385894221974
607.648415855212,104.131945347592,4.21309481317594
393.429116783279,232.258770775401,4.27900624308199
563.740805745414,415.213267526117,4.68033853267236
138.573350092444,280.053010251611,4.66625818206766
200.57489983311,369.948123979473,4.04946864129602
124.16911204747,411.26940969695,3.36522381059398
626.877474622356,311.303019533324,4.48873860256524
-1.29612665771164,149.664961444304,4.25221294887673
540.018473512056,200.985781241205,4.17616584883359
33.8523504335063,492.106897503208,2.90881224711462
280.098931885058,20.5839620209085,3.77050182922462
535.198663293845,393.489899556471,3.40538514862692
70.503044159645,73.987899215566,5.21667868327863
3.12433144799785,76.9544696488937,3.48546790952689
591.525077582396,228.277998739994,4.02716982445009
441.807778665102,463.451831223904,4.77311505067857
658.752192282703,374.618518879586,3.02796021883915
107.111130802335,489.438126064427,4.41203283425944
620.139967294481,91.734580025507,4.12800467169601
423.37212133176,258.827490720519,3.70362877718836
11.1492846321905,181.207204918501,3.05169812716375
72.0056075982589,112.197045596568,4.44563780181254
603.035324672828,201.48944108165,4.20245949704259
252.985195388441,226.13160354037,3.78427526878743
577.776015186953,442.003598158968,3.84385127052519
301.366755561014,135.423302875955,3.94950966395082
527.801405861118,455.267820520714,3.58618253710284
48.342028748898,414.824932365257,3.70481154298127
197.948526720974,281.103493269106,4.16149494061465
564.206488703312,257.069531128882,3.54922002325354
164.43229877549,31.9709448087902,4.26054584515842
493.951640743971,351.529225931534,4.3546478367652
44.4710054796038,55.3561411548905,4.00551474945299
527.013590827904,169.09838812507,4.4391221230744
NA,NA,NA
655.583915841173,335.463400847192,3.61860604017078
456.304285773275,297.906766965568,3.5625944503663
11.1761661163182,497.35617396968,3.70801227281162
560.391863592196,52.870213002976,4.18374701651271
69.2346010220988,379.98795706303,4.00722764010803
229.366606701194,416.136933817556,3.9538183496728
430.080864492735,11.7496041583866,3.42512266708935
361.861888461153,292.541823976492,2.9385894221974
607.648415855212,104.131945347592,4.21309481317594
393.429116783279,232.258770775401,4.27900624308199
563.740805745414,415.213267526117,4.68033853267236
138.573350092444,280.053010251611,4.66625818206766
200.57489983311,369.948123979473,4.04946864129602
124.16911204747,411.26940969695,3.36522381059398
626.877474622356,311.303019533324,4.48873860256524
-1.29612665771164,149.664961444304,4.25221294887673
540.018473512056,200.985781241205,4.17616584883359
33.8523504335063,492.106897503208,2.90881224711462
280.098931885058,20.5839620209085,3.77050182922462
535.198663293845,393.489899556471,3.40538514862692
70.503044159645,73.987899215566,5.21667868327863
3.12433144799785,76.9544696488937,3.48546790952689
591.525077582396,228.277998739994,4.02716982445009
441.807778665102,463.451831223904,4.77311505067857
658.752192282703,374.618518879586,3.02796021883915
107.111130802335,489.438126064427,4.41203283425944
620.139967294481,91.734580025507,4.12800467169601
423.37212133176,258.827490720519,3.70362877718836
11.1492846321905,181.207204918501,3.05169812716375
72.0056075982589,112.197045596568,4.44563780181254
603.035324672828,201.48944108165,4.20245949704259
252.985195388441,226.13160354037,3.78427526878743
577.776015186953,442.003598158968,3.84385127052519
301.366755561014,135.423302875955,3.94950966395082
527.801405861118,455.267820520714,3.58618253710284
48.342028748898,414.824932365257,3.70481154298127
197.948526720974,281.103493269106,4.16149494061465
564.206488703312,257.069531128882,3.54922002325354
164.43229877549,31.9709448087902,4.26054584515842
493.951640743971,351.529225931534,4.3546478367652
44.4710054796038,55.3561411548905,4.00551474945299
527.013590827904,169.09838812507,4.4391221230744
NA,NA,NA
655.583915841173,335.463400847192,3.61860604017078
456.304285773275,297.906766965568,3.5625944503663
11.1761661163182,497.35617396968,3.70801227281162
560.391863592196,52.870213002976,4.18374701651271
69.2346010220988,379.98795706303,4.00722764010803
229.366606701194,416.136933817556,3.9538183496728
430.080864492735,11.7496041583866,3.42512266708935
361.861888461153,292.541823976492,2.9385894221974
607.648415855212,104.131945347592,4.21309481317594
393.429116783279,232.258770775401,4.27900624308199
563.740805745414,415.213267526117,4.68033853267236
138.573350092444,280.053010251611,4.66625818206766
200.57489983311,369.948123979473,4.04946864129602
124.16911204747,411.26940969695,3.36522381059398
626.877474622356,311.303019533324,4.48873860256524
-1.29612665771164,149.664961444304,4.25221294887673
540.018473512056,200.985781241205,4.17616584883359
33.8523504335063,492.106897503208,2.90881224711462
280.098931885058,20.5839620209085,3.77050182922462
535.198663293845,393.489899556471,3.40538514862692
70.503044159645,73.987899215566,5.21667868327863
3.12433144799785,76.9544696488937,3.48546790952689
591.525077582396,228.277998739994,4.02716982445009
441.807778665102,463.451831223904,4.77311505067857
658.752192282703,374.618518879586,3.02796021883915
107.111130802335,489.438126064427,4.41203283425944
620.139967294481,91.734580025507,4.12800467169601
423.37212133176,258.827490720519,3.70362877718836
11.1492846321905,181.207204918501,3.05169812716375
72.0056075982589,112.197045596568,4.44563780181254
603.035324672828,201.48944108165,4.20245949704259
252.985195388441,226.13160354037,3.78427526878743
577.776015186953,442.003598158968,3.84385127052519
301.366755561014,135.423302875955,3.94950966395082
527.801405861118,455.267820520714,3.58618253710284
48.342028748898,414.824932365257,3.70481154298127
197.948526720974,281.103493269106,4.16149494061465
564.206488703312,257.069531128882,3.54922002325354
164.43229877549,31.9709448087902,4.26054584515842
493.951640743971,351.529225931534,4.3546478367652
44.4710054796038,55.3561411548905,4.00551474945299
527.013590827904,169.09838812507,4.4391221230744
NA,NA,NA
659.864505398341,332.560871064214,3.50656015222495
455.598320449692,299.539448553159,3.63696260272386
14.774492653855,491.538514405053,3.72192820897896
560.156755967882,53.318607563188,4.23081241011878
69.0771752582754,376.944838210193,3.93491361861299
226.276905794671,410.998720187258,3.8611652345062
428.686597446847,11.7864834161651,3.3348775974494
361.213773214731,293.169225814525,2.92578144386724
601.264456209694,106.581494331209,4.16420573090402
397.03686085229,230.181612172247,4.22918223450462
572.69446620099,412.4668051404,4.77390636571026
139.717410496237,283.513141239652,4.60970390079978
194.673978921272,367.53841018217,4.12211142240537
127.283187483535,410.248075864879,3.40746618202641
626.130165817727,311.773268550164,4.69504926857311
6.58412617403512,152.938572995136,4.22509966559134
544.186267906463,207.453444684288,4.22821551081873
34.2869043382774,490.976434220425,2.85274446629279
277.773811602664,24.3007075151055,3.86294220320342
533.768323007314,392.154297300378,3.31315856538099
69.3765175582954,81.2498166912096,5.15687518415894
2.14675324164365,78.2252255716536,3.61371220456592
592.86455796824,227.489723525246,4.08284691306671
437.377682500199,466.259654788345,4.80938282967746
657.101082651936,373.700856674466,3.12579136876589
103.430443174593,490.681122092738,4.45933465792139
620.858725977689,87.8849839492408,4.13737563045365
422.499471755075,257.566001078101,3.65146548311624
10.7123816206817,180.291664339575,3.22594015025974
57.5052361176562,103.983843002706,4.57354784255332
609.693187826835,194.955828017883,4.39171972939227
248.177049556535,221.985390001685,3.85961230615285
574.845758248796,426.268132016071,3.44499650225256
298.817621380706,137.306793890042,3.92194367044745
529.723749759203,452.991967270166,3.82037523512584
56.1147418206358,426.878239770102,3.90359542556214
194.361089652831,290.545176748104,4.68664951637576
544.503454353522,261.811091954386,3.59078079991592
183.987488677329,29.1308989959619,4.49042310553877
507.932723528629,335.624079156796,4.88553401317984
37.3669373747586,51.9069834612378,3.97127329457201
549.605094831023,147.364847845127,4.7227461567359
NA,NA,NA
659.864505398341,332.560871064214,3.50656015222495
455.598320449692,299.539448553159,3.63696260272386
14.774492653855,491.538514405053,3.72192820897896
560.156755967882,53.318607563188,4.23081241011878
69.0771752582754,376.944838210193,3.93491361861299
226.276905794671,410.998720187258,3.8611652345062
428.686597446847,11.7864834161651,3.3348775974494
361.213773214731,293.169225814525,2.92578144386724
601.264456209694,106.581494331209,4.16420573090402
397.03686085229,230.181612172247,4.22918223450462
572.69446620099,412.4668051404,4.77390636571026
139.717410496237,283.513141239652,4.60970390079978
194.673978921272,367.53841018217,4.12211142240537
127.283187483535,410.248075864879,3.40746618202641
626.130165817727,311.773268550164,4.69504926857311
6.58412617403512,152.938572995136,4.22509966559134
544.186267906463,207.453444684288,4.22821551081873
34.2869043382774,490.976434220425,2.85274446629279
277.773811602664,24.3007075151055,3.86294220320342
533.768323007314,392.154297300378,3.31315856538099
69.3765175582954,81.2498166912096,5.15687518415894
2.14675324164365,78.2252255716536,3.61371220456592
592.86455796824,227.489723525246,4.08284691306671
437.377682500199,466.259654788345,4.80938282967746
657.101082651936,373.700856674466,3.12579136876589
103.430443174593,490.681122092738,4.45933465792139
620.858725977689,87.8849839492408,4.13737563045365
422.499471755075,257.566001078101,3.65146548311624
10.7123816206817,180.291664339575,3.22594015025974
57.5052361176562,103.983843002706,4.57354784255332
609.693187826835,194.955828017883,4.39171972939227
248.177049556535,221.985390001685,3.85961230615285
574.845758248796,426.268132016071,3.44499650225256
298.817621380706,137.306793890042,3.92194367044745
529.723749759203,452.991967270166,3.82037523512584
56.1147418206358,426.878239770102,3.90359542556214
194.361089652831,290.545176748104,4.68664951637576
544.503454353522,261.811091954386,3.59078079991592
183.987488677329,29.1308989959619,4.49042310553877
507.932723528629,335.624079156796,4.88553401317984
37.3669373747586,51.9069834612378,3.97127329457201
549.605094831023,147.364847845127,4.7227461567359
NA,NA,NA
659.864505398341,332.560871064214,3.50656015222495
455.598320449692,299.539448553159,3.63696260272386
14.774492653855,491.538514405053,3.72192820897896
560.156755967882,53.318607563188,4.23081241011878
69.0771752582754,376.944838210193,3.93491361861299
226.276905794671,410.998720187258,3.8611652345062
428.686597446847,11.7864834161651,3.3348775974494
361.213773214731,293.169225814525,2.92578144386724
601.264456209694,106.581494331209,4.16420573090402
397.03686085229,230.181612172247,4.22918223450462
572.69446620099,412.4668051404,4.77390636571026
139.717410496237,283.513141239652,4.60970390079978
194.673978921272,367.53841018217,4.12211142240537
127.283187483535,410.248075864879,3.40746618202641
626.130165817727,311.773268550164,4.69504926857311
6.58412617403512,152.938572995136,4.22509966559134
544.186267906463,207.453444684288,4.22821551081873
34.2869043382774,490.976434220425,2.85274446629279
277.773811602664,24.3007075151055,3.86294220320342
533.768323007314,392.154297300378,3.31315856538099
69.3765175582954,81.2498166912096,5.15687518415894
2.14675324164365,78.2252255716536,3.61371220456592
592.86455796824,227.489723525246,4.08284691306671
437.377682500199,466.259654788345,4.80938282967746
657.101082651936,373.700856674466,3.12579136876589
103.430443174593,490.681122092738,4.45933465792139
620.858725977689,87.8849839492408,4.13737563045365
422.499471755075,257.566001078101,3.65146548311624
10.7123816206817,180.291664339575,3.22594015025974
57.5052361176562,103.983843002706,4.57354784255332
609.693187826835,194.955828017883,4.39171972939227
248.177049556535,221.985390001685,3.85961230615285
574.845758248796,426.268132016071,3.44499650225256
298.817621380706,137.306793890042,3.92194367044745
529.723749759203,452.991967270166,3.82037523512584
56.1147418206358,426.878239770102,3.90359542556214
194.361089652831,290.545176748104,4.68664951637576
544.503454353522,261.811091954386,3.59078079991592
183.987488677329,29.1308989959619,4.49042310553877
507.932723528629,335.624079156796,4.88553401317984
37.3669373747586,51.9069834612378,3.97127329457201
549.605094831023,147.364847845127,4.7227461567359
NA,NA,NA
659.864505398341,332.560871064214,3.50656015222495
455.598320449692,299.539448553159,3.63696260272386
14.774492653855,491.538514405053,3.72192820897896
560.156755967882,53.318607563188,4.23081241011878
69.0771752582754,376.944838210193,3.93491361861299
226.276905794671,410.998720187258,3.8611652345062
428.686597446847,11.7864834161651,3.3348775974494
361.213773214731,293.169225814525,2.92578144386724
601.264456209694,106.581494331209,4.16420573090402
397.03686085229,230.181612172247,4.22918223450462
572.69446620099,412.4668051404,4.77390636571026
139.717410496237,283.513141239652,4.60970390079978
194.673978921272,367.53841018217,4.12211142240537
127.283187483535,410.248075864879,3.40746618202641
626.130165817727,311.773268550164,4.69504926857311
6.58412617403512,152.938572995136,4.22509966559134
544.186267906463,207.453444684288,4.22821551081873
34.2869043382774,490.976434220425,2.85274446629279
277.773811602664,24.3007075151055,3.86294220320342
533.768323007314,392.154297300378,3.31315856538099
69.3765175582954,81.2498166912096,5.15687518415894
2.14675324164365,78.2252255716536,3.61371220456592
592.86455796824,227.489723525246,4.08284691306671
437.377682500199,466.259654788345,4.80938282967746
657.101082651936,373.700856674466,3.12579136876589
103.430443174593,490.681122092738,4.45933465792139
620.858725977689,87.8849839492408,4.13737563045365
422.499471755075,257.566001078101,3.65146548311624
10.7123816206817,180.291664339575,3.22594015025974
57.5052361176562,103.983843002706,4.57354784255332
609.693187826835,194.955828017883,4.39171972939227
248.177049556535,221.985390001685,3.85961230615285
574.845758248796,426.268132016071,3.44499650225256
298.817621380706,137.306793890042,3.92194367044745
529.723749759203,452.991967270166,3.82037523512584
56.1147418206358,426.878239770102,3.90359542556214
194.361089652831,290.545176748104,4.68664951637576
544.503454353522,261.811091954386,3.59078079991592
183.987488677329,29.1308989959619,4.49042310553877
507.932723528629,335.624079156796,4.88553401317984
37.3669373747586,51.9069834612378,3.97127329457201
549.605094831023,147.364847845127,4.7227461567359
NA,NA,NA
659.864505398341,332.560871064214,3.50656015222495
455.598320449692,299.539448553159,3.63696260272386
14.774492653855,491.538514405053,3.72192820897896
560.156755967882,53.318607563188,4.23081241011878
69.0771752582754,376.944838210193,3.93491361861299
226.276905794671,410.998720187258,3.8611652345062
428.686597446847,11.7864834161651,3.3348775974494
361.213773214731,293.169225814525,2.92578144386724
601.264456209694,106.581494331209,4.16420573090402
397.03686085229,230.181612172247,4.22918223450462
572.69446620099,412.4668051404,4.77390636571026
139.717410496237,283.513141239652,4.60970390079978
194.673978921272,367.53841018217,4.12211142240537
127.283187483535,410.248075864879,3.40746618202641
626.130165817727,311.773268550164,4.69504926857311
6.58412617403512,152.938572995136,4.22509966559134
544.186267906463,207.453444684288,4.22821551081873
34.2869043382774,490.976434220425,2.85274446629279
277.773811602664,24.3007075151055,3.86294220320342
533.768323007314,392.154297300378,3.31315856538099
69.3765175582954,81.2498166912096,5.15687518415894
2.14675324164365,78.2252255716536,3.61371220456592
592.86455796824,227.489723525246,4.08284691306671
437.377682500199,466.259654788345,4.80938282967746
657.101082651936,373.700856674466,3.12579136876589
103.430443174593,490.681122092738,4.45933465792139
620.858725977689,87.8849839492408,4.13737563045365
422.499471755075,257.566001078101,3.65146548311624
10.7123816206817,180.291664339575,3.22594015025974
57.5052361176562,103.983843002706,4.57354784255332
609.693187826835,194.955828017883,4.39171972939227
248.177049556535,221.985390001685,3.85961230615285
574.845758248796,426.268132016071,3.44499650225256
298.817621380706,137.306793890042,3.92194367044745
529.723749759203,452.991967270166,3.82037523512584
56.1147418206358,426.878239770102,3.90359542556214
194.361089652831,290.545176748104,4.68664951637576
544.503454353522,261.811091954386,3.59078079991592
183.987488677329,29.1308989959619,4.49042310553877
507.932723528629,335.624079156796,4.88553401317984
37.3669373747586,51.9069834612378,3.97127329457201
549.605094831023,147.364847845127,4.7227461567359
NA,NA,NA
659.864505398341,332.560871064214,3.50656015222495
455.598320449692,299.539448553159,3.63696260272386
14.774492653855,491.538514405053,3.72192820897896
560.156755967882,53.318607563188,4.23081241011878
69.0771752582754,376.944838210193,3.93491361861299
226.276905794671,410.998720187258,3.8611652345062
428.686597446847,11.7864834161651,3.3348775974494
361.213773214731,293.169225814525,2.92578144386724
601.264456209694,106.581494331209,4.16420573090402
397.03686085229,230.181612172247,4.22918223450462
572.69446620099,412.4668051404,4.77390636571026
139.717410496237,283.513141239652,4.60970390079978
194.673978921272,367.53841018217,4.12211142240537
127.283187483535,410.248075864879,3.40746618202641
626.130165817727,311.773268550164,4.69504926857311
6.58412617403512,152.938572995136,4.22509966559134
544.186267906463,207.453444684288,4.22821551081873
34.2869043382774,490.976434220425,2.85274446629279
277.773811602664,24.3007075151055,3.86294220320342
533.768323007314,392.154297300378,3.31315856538099
69.3765175582954,81.2498166912096,5.15687518415894
2.14675324164365,78.2252255716536,3.61371220456592
592.86455796824,227.489723525246,4.08284691306671
437.377682500199,466.259654788345,4.80938282967746
657.101082651936,373.700856674466,3.12579136876589
103.430443174593,490.681122092738,4.45933465792139
620.858725977689,87.8849839492408,4.13737563045365
422.499471755075,257.566001078101,3.65146548311624
10.7123816206817,180.291664339575,3.22594015025974
57.5052361176562,103.983843002706,4.57354784255332
609.693187826835,194.955828017883,4.39171972939227
248.177049556535,221.985390001685,3.85961230615285
574.845758248796,426.268132016071,3.44499650225256
298.817621380706,137.306793890042,3.92194367044745
529.723749759203,452.991967270166,3.82037523512584
56.1147418206358,426.878239770102,3.90359542556214
194.361089652831,290.545176748104,4.68664951637576
544.503454353522,261.811091954386,3.59078079991592
183.987488677329,29.1308989959619,4.49042310553877
507.932723528629,335.624079156796,4.88553401317984
37.3669373747586,51.9069834612378,3.97127329457201
549.605094831023,147.364847845127,4.7227461567359
NA,NA,NA
660.841423962229,335.144651734816,3.48994386266523
453.961075366937,302.554137667438,3.68649733540989
8.96101717855764,491.469556005669,3.63683458218452
554.202749140084,52.6442451022106,4.21382333922133
71.5353318153405,378.435826474154,3.95483764385244
223.870432145629,415.187099728375,3.85446193509425
426.021970790436,13.2198115327014,3.28086713429632
361.794097193034,295.954309405636,3.09759900290667
599.32870373993,102.938447789627,4.23773463859414
392.063857778603,230.483723667604,4.1394362044743
568.276245411584,405.090528578565,4.70981994203648
137.015877969742,284.56126147135,4.59908177380248
193.747361068168,361.537205751603,3.9954696680422
127.890096020895,409.561933015317,3.49442788020586
622.880937943997,313.794670092765,4.66844294281995
0.971883364786487,153.321447672849,4.2448411128307
541.613710414664,203.680472699111,4.12696858265171
34.119798968846,493.068258877368,3.019836836237
280.255714547451,26.2866509592214,3.91852741419719
537.201510334823,392.732300826626,3.1861560904484
71.0914633375131,82.5996173872819,5.18596645819803
3.41366565427437,76.0897311425202,3.4632893668531
588.083516282072,224.710471005025,4.06388538961865
437.350347924712,458.937775073224,4.81052221703568
654.912369034607,374.427941354783,3.05539778530072
102.272118645622,489.708076682232,4.28256760823308
620.616320164752,91.1642649030487,4.0933023887565
414.874441410153,259.532026732179,3.71143018477874
8.93704222613955,183.289314942694,3.08127304869179
74.83281707547,111.501647695943,4.42651911296329
602.980531684416,208.056750777354,4.14246064449015
248.499577559563,225.790783838273,3.99531687836521
574.560313425383,428.091151248143,4.0544864750911
303.456878609001,135.374964594312,4.08586317505143
528.099434153209,461.561407863811,3.55184558892184
56.616299048526,418.802834648141,3.71995209157533
185.764431107908,283.702664797048,3.97271577542067
559.096964647133,262.741832926624,3.60617577092796
168.773054155305,33.1022078442888,4.40925821309791
507.628177626102,341.09272633342,4.62359250696604
39.8408420379567,58.8045793515386,4.03098837634986
526.672473585082,145.154292667236,4.49086772231733
NA,NA,NA
660.841423962229,335.144651734816,3.48994386266523
453.961075366937,302.554137667438,3.68649733540989
8.96101717855764,491.469556005669,3.63683458218452
554.202749140084,52.6442451022106,4.21382333922133
71.5353318153405,378.435826474154,3.95483764385244
223.870432145629,415.187099728375,3.85446193509425
426.021970790436,13.2198115327014,3.28086713429632
361.794097193034,295.954309405636,3.09759900290667
599.32870373993,102.938447789627,4.23773463859414
392.063857778603,230.483723667604,4.1394362044743
568.276245411584,405.090528578565,4.70981994203648
137.015877969742,284.56126147135,4.59908177380248
193.747361068168,361.537205751603,3.9954696680422
127.890096020895,409.561933015317,3.49442788020586
622.880937943997,313.794670092765,4.66844294281995
0.971883364786487,153.321447672849,4.2448411128307
541.613710414664,203.680472699111,4.12696858265171
34.119798968846,493.068258877368,3.019836836237
280.255714547451,26.2866509592214,3.91852741419719
537.201510334823,392.732300826626,3.1861560904484
71.0914633375131,82.5996173872819,5.18596645819803
3.41366565427437,76.0897311425202,3.4632893668531
588.083516282072,224.710471005025,4.06388538961865
437.350347924712,458.937775073224,4.81052221703568
654.912369034607,374.427941354783,3.05539778530072
102.272118645622,489.708076682232,4.28256760823308
620.616320164752,91.1642649030487,4.0933023887565
414.874441410153,259.532026732179,3.71143018477874
8.93704222613955,183.289314942694,3.08127304869179
74.83281707547,111.501647695943,4.42651911296329
602.980531684416,208.056750777354,4.14246064449015
248.499577559563,225.790783838273,3.99531687836521
574.560313425383,428.091151248143,4.0544864750911
303.456878609001,135.374964594312,4.08586317505143
528.099434153209,461.561407863811,3.55184558892184
56.616299048526,418.802834648141,3.71995209157533
185.764431107908,283.702664797048,3.97271577542067
559.096964647133,262.741832926624,3.60617577092796
168.773054155305,33.1022078442888,4.40925821309791
507.628177626102,341.09272633342,4.62359250696604
39.8408420379567,58.8045793515386,4.03098837634986
526.672473585082,145.154292667236,4.49086772231733
NA,NA,NA
660.841423962229,335.144651734816,3.48994386266523
453.961075366937,302.554137667438,3.68649733540989
8.96101717855764,491.469556005669,3.63683458218452
554.202749140084,52.6442451022106,4.21382333922133
71.5353318153405,378.435826474154,3.95483764385244
223.870432145629,415.187099728375,3.85446193509425
426.021970790436,13.2198115327014,3.28086713429632
361.794097193034,295.954309405636,3.09759900290667
599.32870373993,102.938447789627,4.23773463859414
392.063857778603,230.483723667604,4.1394362044743
568.276245411584,405.090528578565,4.70981994203648
137.015877969742,284.56126147135,4.59908177380248
193.747361068168,361.537205751603,3.9954696680422
127.890096020895,409.561933015317,3.49442788020586
622.880937943997,313.794670092765,4.66844294281995
0.971883364786487,153.321447672849,4.2448411128307
541.613710414664,203.680472699111,4.12696858265171
34.119798968846,493.068258877368,3.019836836237
280.255714547451,26.2866509592214,3.91852741419719
537.201510334823,392.732300826626,3.1861560904484
71.0914633375131,82.5996173872819,5.18596645819803
3.41366565427437,76.0897311425202,3.4632893668531
588.083516282072,224.710471005025,4.06388538961865
437.350347924712,458.937775073224,4.81052221703568
654.912369034607,374.427941354783,3.05539778530072
102.272118645622,489.708076682232,4.28256760823308
620.616320164752,91.1642649030487,4.0933023887565
414.874441410153,259.532026732179,3.71143018477874
8.93704222613955,183.289314942694,3.08127304869179
74.83281707547,111.501647695943,4.42651911296329
602.980531684416,208.056750777354,4.14246064449015
248.499577559563,225.790783838273,3.99531687836521
574.560313425383,428.091151248143,4.0544864750911
303.456878609001,135.374964594312,4.08586317505143
528.099434153209,461.561407863811,3.55184558892184
56.616299048526,418.802834648141,3.71995209157533
185.764431107908,283.702664797048,3.97271577542067
559.096964647133,262.741832926624,3.60617577092796
168.773054155305,33.1022078442888,4.40925821309791
507.628177626102,341.09272633342,4.62359250696604
39.8408420379567,58.8045793515386,4.03098837634986
526.672473585082,145.154292667236,4.49086772231733
NA,NA,NA
660.841423962229,335.144651734816,3.48994386266523
453.961075366937,302.554137667438,3.68649733540989
8.96101717855764,491.469556005669,3.63683458218452
554.202749140084,52.6442451022106,4.21382333922133
71.5353318153405,378.435826474154,3.95483764385244
223.870432145629,415.187099728375,3.85446193509425
426.021970790436,13.2198115327014,3.28086713429632
361.794097193034,295.954309405636,3.09759900290667
599.32870373993,102.938447789627,4.23773463859414
392.063857778603,230.483723667604,4.1394362044743
568.276245411584,405.090528578565,4.70981994203648
137.015877969742,284.56126147135,4.59908177380248
193.747361068168,361.537205751603,3.9954696680422
127.890096020895,409.561933015317,3.49442788020586
622.880937943997,313.794670092765,4.66844294281995
0.971883364786487,153.321447672849,4.2448411128307
541.613710414664,203.680472699111,4.12696858265171
34.119798968846,493.068258877368,3.019836836237
280.255714547451,26.2866509592214,3.91852741419719
537.201510334823,392.732300826626,3.1861560904484
71.0914633375131,82.5996173872819,5.18596645819803
3.41366565427437,76.0897311425202,3.4632893668531
588.083516282072,224.710471005025,4.06388538961865
437.350347924712,458.937775073224,4.81052221703568
654.912369034607,374.427941354783,3.05539778530072
102.272118645622,489.708076682232,4.28256760823308
620.616320164752,91.1642649030487,4.0933023887565
414.874441410153,259.532026732179,3.71143018477874
8.93704222613955,183.289314942694,3.08127304869179
74.83281707547,111.501647695943,4.42651911296329
602.980531684416,208.056750777354,4.14246064449015
248.499577559563,225.790783838273,3.99531687836521
574.560313425383,428.091151248143,4.0544864750911
303.456878609001,135.374964594312,4.08586317505143
528.099434153209,461.561407863811,3.55184558892184
56.616299048526,418.802834648141,3.71995209157533
185.764431107908,283.702664797048,3.97271577542067
559.096964647133,262.741832926624,3.60617577092796
168.773054155305,33.1022078442888,4.40925821309791
507.628177626102,341.09272633342,4.62359250696604
39.8408420379567,58.8045793515386,4.03098837634986
526.672473585082,145.154292667236,4.49086772231733
NA,NA,NA
660.841423962229,335.144651734816,3.48994386266523
453.961075366937,302.554137667438,3.68649733540989
8.96101717855764,491.469556005669,3.63683458218452
554.202749140084,52.6442451022106,4.21382333922133
71.5353318153405,378.435826474154,3.95483764385244
223.870432145629,415.187099728375,3.85446193509425
426.021970790436,13.2198115327014,3.28086713429632
361.794097193034,295.954309405636,3.09759900290667
599.32870373993,102.938447789627,4.23773463859414
392.063857778603,230.483723667604,4.1394362044743
568.276245411584,405.090528578565,4.70981994203648
137.015877969742,284.56126147135,4.59908177380248
193.747361068168,361.537205751603,3.9954696680422
127.890096020895,409.561933015317,3.49442788020586
622.880937943997,313.794670092765,4.66844294281995
0.971883364786487,153.321447672849,4.2448411128307
541.613710414664,203.680472699111,4.12696858265171
34.119798968846,493.068258877368,3.019836836237
280.255714547451,26.2866509592214,3.91852741419719
537.201510334823,392.732300826626,3.1861560904484
71.0914633375131,82.5996173872819,5.18596645819803
3.41366565427437,76.0897311425202,3.4632893668531
588.083516282072,224.710471005025,4.06388538961865
437.350347924712,458.937775073224,4.81052221703568
654.912369034607,374.427941354783,3.05539778530072
102.272118645622,489.708076682232,4.28256760823308
620.616320164752,91.1642649030487,4.0933023887565
414.874441410153,259.532026732179,3.71143018477874
8.93704222613955,183.289314942694,3.08127304869179
74.83281707547,111.501647695943,4.42651911296329
602.980531684416,208.056750777354,4.14246064449015
248.499577559563,225.790783838273,3.99531687836521
574.560313425383,428.091151248143,4.0544864750911
303.456878609001,135.374964594312,4.08586317505143
528.099434153209,461.561407863811,3.55184558892184
56.616299048526,418.802834648141,3.71995209157533
185.764431107908,283.702664797048,3.97271577542067
559.096964647133,262.741832926624,3.60617577092796
168.773054155305,33.1022078442888,4.40925821309791
507.628177626102,341.09272633342,4.62359250696604
39.8408420379567,58.8045793515386,4.03098837634986
526.672473585082,145.154292667236,4.49086772231733
NA,NA,NA
660.841423962229,335.144651734816,3.48994386266523
453.961075366937,302.554137667438,3.68649733540989
8.96101717855764,491.469556005669,3.63683458218452
554.202749140084,52.6442451022106,4.21382333922133
71.5353318153405,378.435826474154,3.95483764385244
223.870432145629,415.187099728375,3.85446193509425
426.021970790436,13.2198115327014,3.28086713429632
361.794097193034,295.954309405636,3.09759900290667
599.32870373993,102.938447789627,4.23773463859414
392.063857778603,230.483723667604,4.1394362044743
568.276245411584,405.090528578565,4.70981994203648
137.015877969742,284.56126147135,4.59908177380248
193.747361068168,361.537205751603,3.9954696680422
127.890096020895,409.561933015317,3.49442788020586
622.880937943997,313.794670092765,4.66844294281995
0.971883364786487,153.321447672849,4.2448411128307
541.613710414664,203.680472699111,4.12696858265171
34.119798968846,493.068258877368,3.019836836237
280.255714547451,26.2866509592214,3.91852741419719
537.201510334823,392.732300826626,3.1861560904484
71.0914633375131,82.5996173872819,5.18596645819803
3.41366565427437,76.0897311425202,3.4632893668531
588.083516282072,224.710471005025,4.06388538961865
437.350347924712,458.937775073224,4.81052221703568
654.912369034607,374.427941354783,3.05539778530072
102.272118645622,489.708076682232,4.28256760823308
620.616320164752,91.1642649030487,4.0933023887565
414.874441410153,259.532026732179,3.71143018477874
8.93704222613955,183.289314942694,3.08127304869179
74.83281707547,111.501647695943,4.42651911296329
602.980531684416,208.056750777354,4.14246064449015
248.499577559563,225.790783838273,3.99531687836521
574.560313425383,428.091151248143,4.0544864750911
303.456878609001,135.374964594312,4.08586317505143
528.099434153209,461.561407863811,3.55184558892184
56.616299048526,418.802834648141,3.71995209157533
185.764431107908,283.702664797048,3.97271577542067
559.096964647133,262.741832926624,3.60617577092796
168.773054155305,33.1022078442888,4.40925821309791
507.628177626102,341.09272633342,4.62359250696604
39.8408420379567,58.8045793515386,4.03098837634986
526.672473585082,145.154292667236,4.49086772231733
NA,NA,NA
660.747717483068,330.480694215395,3.50636435297592
457.310589746653,300.062368062778,3.77778763751703
12.0158878560286,489.289411514714,3.73589519993725
556.714990398324,52.7802806004548,4.26134008787091
69.0464309428101,380.631344076163,3.95116658865377
228.103980991462,416.321809882943,3.86883290634226
428.069430661062,16.751219672665,3.38832339531286
363.604607211081,293.878974489574,3.08512342933049
609.904306520872,106.998732305721,4.16051832041147
393.319814921479,224.423055329258,4.10483912113368
570.506352110371,408.566955746833,4.73080549442979
138.091973453624,280.302700618433,4.63086767886561
201.612897250116,374.391197225352,3.90466890080427
124.428689226469,408.890267817521,3.40955337075272
627.980198827353,317.781992811913,4.54290673860551
-0.901248149365757,148.655027559191,4.29423222588889
542.583429882112,203.100043637555,4.03809280926473
33.7170122446938,490.561751544916,3.11308550496999
278.593534228268,24.2428147161683,3.89427412811741
531.792048544652,388.758703384805,3.36213715129373
66.7210587788494,73.9608944845876,5.3049164847957
9.55537490785887,77.2261751339333,3.32534293929074
589.256402842896,224.573833801489,4.04516348795806
440.72338585107,465.406781206557,4.730472642583
657.256193101314,375.747440916999,3.04269201113496
107.085190783179,488.833653120305,4.32999355167739
622.757107160286,88.2030562242676,4.08072002209633
419.561339323791,258.119260932475,3.55538556416327
13.1240640539678,183.359723685882,3.41911444596858
72.6979360323297,123.538685444101,4.40159749653103
601.423985476607,193.874517323294,4.27857610391684
258.032348153463,214.897705650924,3.89706474332406
575.520812124843,442.884424051951,3.85452836438898
300.836110486768,136.157182771587,3.89976631268168
524.066722403263,454.763062165015,3.68816994236629
36.7535935467818,419.691787968383,3.78881232605302
194.360513451826,282.758469224149,4.02827423206104
554.231201529166,258.778594426373,3.73599485441669
185.492580144632,20.9207478517029,4.28704465196789
491.170229586433,351.961977524266,4.52461884307064
48.3526726594333,51.3377150555453,4.03602377313156
533.202847137349,139.518045587584,4.79555315870052
NA,NA,NA
660.747717483068,330.480694215395,3.50636435297592
457.310589746653,300.062368062778,3.77778763751703
12.0158878560286,489.289411514714,3.73589519993725
556.714990398324,52.7802806004548,4.26134008787091
69.0464309428101,380.631344076163,3.95116658865377
228.103980991462,416.321809882943,3.86883290634226
428.069430661062,16.751219672665,3.38832339531286
363.604607211081,293.878974489574,3.08512342933049
609.904306520872,106.998732305721,4.16051832041147
393.319814921479,224.423055329258,4.10483912113368
570.506352110371,408.566955746833,4.73080549442979
138.091973453624,280.302700618433,4.63086767886561
201.612897250116,374.391197225352,3.90466890080427
124.428689226469,408.890267817521,3.40955337075272
627.980198827353,317.781992811913,4.54290673860551
-0.901248149365757,148.655027559191,4.29423222588889
542.583429882112,203.100043637555,4.03809280926473
33.7170122446938,490.561751544916,3.11308550496999
278.593534228268,24.2428147161683,3.89427412811741
531.792048544652,388.758703384805,3.36213715129373
66.7210587788494,73.9608944845876,5.3049164847957
9.55537490785887,77.2261751339333,3.32534293929074
589.256402842896,224.573833801489,4.04516348795806
440.72338585107,465.406781206557,4.730472642583
657.256193101314,375.747440916999,3.04269201113496
107.085190783179,488.833653120305,4.32999355167739
622.757107160286,88.2030562242676,4.08072002209633
419.561339323791,258.119260932475,3.55538556416327
13.1240640539678,183.359723685882,3.41911444596858
72.6979360323297,123.538685444101,4.40159749653103
601.423985476607,193.874517323294,4.27857610391684
258.032348153463,214.897705650924,3.89706474332406
575.520812124843,442.884424051951,3.85452836438898
300.836110486768,136.157182771587,3.89976631268168
524.066722403263,454.763062165015,3.68816994236629
36.7535935467818,419.691787968383,3.78881232605302
194.360513451826,282.758469224149,4.02827423206104
554.231201529166,258.778594426373,3.73599485441669
185.492580144632,20.9207478517029,4.28704465196789
491.170229586433,351.961977524266,4.52461884307064
48.3526726594333,51.3377150555453,4.03602377313156
533.202847137349,139.518045587584,4.79555315870052
NA,NA,NA
660.747717483068,330.480694215395,3.50636435297592
457.310589746653,300.062368062778,3.77778763751703
12.0158878560286,489.289411514714,3.73589519993725
556.714990398324,52.7802806004548,4.26134008787091
69.0464309428101,380.631344076163,3.95116658865377
228.103980991462,416.321809882943,3.86883290634226
428.069430661062,16.751219672665,3.38832339531286
363.604607211081,293.878974489574,3.08512342933049
609.904306520872,106.998732305721,4.16051832041147
393.319814921479,224.423055329258,4.10483912113368
570.506352110371,408.566955746833,4.73080549442979
138.091973453624,280.302700618433,4.63086767886561
201.612897250116,374.391197225352,3.90466890080427
124.428689226469,408.890267817521,3.40955337075272
627.980198827353,317.781992811913,4.54290673860551
-0.901248149365757,148.655027559191,4.29423222588889
542.583429882112,203.100043637555,4.03809280926473
33.7170122446938,490.561751544916,3.11308550496999
278.593534228268,24.2428147161683,3.89427412811741
531.792048544652,388.758703384805,3.36213715129373
66.7210587788494,73.9608944845876,5.3049164847957
9.55537490785887,77.2261751339333,3.32534293929074
589.256402842896,224.573833801489,4.04516348795806
440.72338585107,465.406781206557,4.730472642583
657.256193101314,375.747440916999,3.04269201113496
107.085190783179,488.833653120305,4.32999355167739
622.757107160286,88.2030562242676,4.08072002209633
419.561339323791,258.119260932475,3.55538556416327
13.1240640539678,183.359723685882,3.41911444596858
72.6979360323297,123.538685444101,4.40159749653103
601.423985476607,193.874517323294,4.27857610391684
258.032348153463,214.897705650924,3.89706474332406
575.520812124843,442.884424051951,3.85452836438898
300.836110486768,136.157182771587,3.89976631268168
524.066722403263,454.763062165015,3.68816994236629
36.7535935467818,419.691787968383,3.78881232605302
194.360513451826,282.758469224149,4.02827423206104
554.231201529166,258.778594426373,3.73599485441669
185.492580144632,20.9207478517029,4.28704465196789
491.170229586433,351.961977524266,4.52461884307064
48.3526726594333,51.3377150555453,4.03602377313156
533.202847137349,139.518045587584,4.79555315870052
NA,NA,NA
660.747717483068,330.480694215395,3.50636435297592
457.310589746653,300.062368062778,3.77778763751703
12.0158878560286,489.289411514714,3.73589519993725
556.714990398324,52.7802806004548,4.26134008787091
69.0464309428101,380.631344076163,3.95116658865377
228.103980991462,416.321809882943,3.86883290634226
428.069430661062,16.751219672665,3.38832339531286
363.604607211081,293.878974489574,3.08512342933049
609.904306520872,106.998732305721,4.16051832041147
393.319814921479,224.423055329258,4.10483912113368
570.506352110371,408.566955746833,4.73080549442979
138.091973453624,280.302700618433,4.63086767886561
201.612897250116,374.391197225352,3.90466890080427
124.428689226469,408.890267817521,3.40955337075272
627.980198827353,317.781992811913,4.54290673860551
-0.901248149365757,148.655027559191,4.29423222588889
542.583429882112,203.100043637555,4.03809280926473
33.7170122446938,490.561751544916,3.11308550496999
278.593534228268,24.2428147161683,3.89427412811741
531.792048544652,388.758703384805,3.36213715129373
66.7210587788494,73.9608944845876,5.3049164847957
9.55537490785887,77.2261751339333,3.32534293929074
589.256402842896,224.573833801489,4.04516348795806
440.72338585107,465.406781206557,4.730472642583
657.256193101314,375.747440916999,3.04269201113496
107.085190783179,488.833653120305,4.32999355167739
622.757107160286,88.2030562242676,4.08072002209633
419.561339323791,258.119260932475,3.55538556416327
13.1240640539678,183.359723685882,3.41911444596858
72.6979360323297,123.538685444101,4.40159749653103
601.423985476607,193.874517323294,4.27857610391684
258.032348153463,214.897705650924,3.89706474332406
575.520812124843,442.884424051951,3.85452836438898
300.836110486768,136.157182771587,3.89976631268168
524.066722403263,454.763062165015,3.68816994236629
36.7535935467818,419.691787968383,3.78881232605302
194.360513451826,282.758469224149,4.02827423206104
554.231201529166,258.778594426373,3.73599485441669
185.492580144632,20.9207478517029,4.28704465196789
491.170229586433,351.961977524266,4.52461884307064
48.3526726594333,51.3377150555453,4.03602377313156
533.202847137349,139.518045587584,4.79555315870052
NA,NA,NA
660.747717483068,330.480694215395,3.50636435297592
457.310589746653,300.062368062778,3.77778763751703
12.0158878560286,489.289411514714,3.73589519993725
556.714990398324,52.7802806004548,4.26134008787091
69.0464309428101,380.631344076163,3.95116658865377
228.103980991462,416.321809882943,3.86883290634226
428.069430661062,16.751219672665,3.38832339531286
363.604607211081,293.878974489574,3.08512342933049
609.904306520872,106.998732305721,4.16051832041147
393.319814921479,224.423055329258,4.10483912113368
570.506352110371,408.566955746833,4.73080549442979
138.091973453624,280.302700618433,4.63086767886561
201.612897250116,374.391197225352,3.90466890080427
124.428689226469,408.890267817521,3.40955337075272
627.980198827353,317.781992811913,4.54290673860551
-0.901248149365757,148.655027559191,4.29423222588889
542.583429882112,203.100043637555,4.03809280926473
33.7170122446938,490.561751544916,3.11308550496999
278.593534228268,24.2428147161683,3.89427412811741
531.792048544652,388.758703384805,3.36213715129373
66.7210587788494,73.9608944845876,5.3049164847957
9.55537490785887,77.2261751339333,3.32534293929074
589.256402842896,224.573833801489,4.04516348795806
440.72338585107,465.406781206557,4.730472642583
657.256193101314,375.747440916999,3.04269201113496
107.085190783179,488.833653120305,4.32999355167739
622.757107160286,88.2030562242676,4.08072002209633
419.561339323791,258.119260932475,3.55538556416327
13.1240640539678,183.359723685882,3.41911444596858
72.6979360323297,123.538685444101,4.40159749653103
601.423985476607,193.874517323294,4.27857610391684
258.032348153463,214.897705650924,3.89706474332406
575.520812124843,442.884424051951,3.85452836438898
300.836110486768,136.157182771587,3.89976631268168
524.066722403263,454.763062165015,3.68816994236629
36.7535935467818,419.691787968383,3.78881232605302
194.360513451826,282.758469224149,4.02827423206104
554.231201529166,258.778594426373,3.73599485441669
185.492580144632,20.9207478517029,4.28704465196789
491.170229586433,351.961977524266,4.52461884307064
48.3526726594333,51.3377150555453,4.03602377313156
533.202847137349,139.518045587584,4.79555315870052
NA,NA,NA
660.747717483068,330.480694215395,3.50636435297592
457.310589746653,300.062368062778,3.77778763751703
12.0158878560286,489.289411514714,3.73589519993725
556.714990398324,52.7802806004548,4.26134008787091
69.0464309428101,380.631344076163,3.95116658865377
228.103980991462,416.321809882943,3.86883290634226
428.069430661062,16.751219672665,3.38832339531286
363.604607211081,293.878974489574,3.08512342933049
609.904306520872,106.998732305721,4.16051832041147
393.319814921479,224.423055329258,4.10483912113368
570.506352110371,408.566955746833,4.73080549442979
138.091973453624,280.302700618433,4.63086767886561
201.612897250116,374.391197225352,3.90466890080427
124.428689226469,408.890267817521,3.40955337075272
627.980198827353,317.781992811913,4.54290673860551
-0.901248149365757,148.655027559191,4.29423222588889
542.583429882112,203.100043637555,4.03809280926473
33.7170122446938,490.561751544916,3.11308550496999
278.593534228268,24.2428147161683,3.89427412811741
531.792048544652,388.758703384805,3.36213715129373
66.7210587788494,73.9608944845876,5.3049164847957
9.55537490785887,77.2261751339333,3.32534293929074
589.256402842896,224.573833801489,4.04516348795806
440.72338585107,465.406781206557,4.730472642583
657.256193101314,375.747440916999,3.04269201113496
107.085190783179,488.833653120305,4.32999355167739
622.757107160286,88.2030562242676,4.08072002209633
419.561339323791,258.119260932475,3.55538556416327
13.1240640539678,183.359723685882,3.41911444596858
72.6979360323297,123.538685444101,4.40159749653103
601.423985476607,193.874517323294,4.27857610391684
258.032348153463,214.897705650924,3.89706474332406
575.520812124843,442.884424051951,3.85452836438898
300.836110486768,136.157182771587,3.89976631268168
524.066722403263,454.763062165015,3.68816994236629
36.7535935467818,419.691787968383,3.78881232605302
194.360513451826,282.758469224149,4.02827423206104
554.231201529166,258.778594426373,3.73599485441669
185.492580144632,20.9207478517029,4.28704465196789
491.170229586433,351.961977524266,4.52461884307064
48.3526726594333,51.3377150555453,4.03602377313156
533.202847137349,139.518045587584,4.79555315870052
NA,NA,NA
660.847768526833,336.94736538673,3.56016147859284
454.324328209885,297.300343834393,3.71489280322226
8.84879103085556,490.947049342807,3.66114575296328
557.524769434734,48.6842008013941,4.19043159133866
63.7633578817531,373.310092083599,3.96342582951226
228.066678884848,416.358244804576,3.94080959498898
430.037135078312,14.0952505466187,3.30891835821791
361.598985801679,291.493798874673,3.06948441439726
601.906642572685,105.719639649586,4.2493914241857
386.131698910755,228.639481191432,4.29252015586962
571.598859754486,408.151578319594,4.73025951951461
138.388951649608,275.923526961469,4.48302071385583
194.053039973203,373.1040707054,3.9681988498538
126.627349127891,412.990809469007,3.53425142703314
619.414588344667,313.171730380619,4.57082893577009
2.98027145851185,142.126342667165,4.30594883639648
541.225340914369,203.57836801208,4.09531816860498
33.905268025983,488.851494020625,3.14420399962884
283.727516424474,23.9092695684077,3.84168195569513
534.24011924593,388.83627143289,3.48038648850927
71.1761019089711,77.5526095780405,5.29770652582919
7.82561546013573,78.1945926478964,3.43729923330379
585.917264848236,225.093715145848,3.94794584155121
449.26634217127,461.983347090991,4.72527322648045
657.103358797939,372.509097184003,2.89210278080938
104.773529731641,490.219994105784,4.32134833885448
622.939820497863,93.0583132204594,4.1114903832811
418.372923553211,257.291297209427,3.66225336917735
11.3268357589863,182.188889222758,3.40767707645236
59.3884435917122,115.886541084473,4.39708103652285
615.721570821135,207.878674323345,4.38511416598691
253.809836803457,222.559998795606,3.30908620343903
576.29086574924,440.651703743491,4.03381019378579
300.612107719932,135.138979373362,3.83872970065234
525.688543217431,456.903919744826,3.44344338487783
46.5059355636424,416.939040802373,3.87925356219508
200.851805275971,287.005652264928,4.14775620454789
548.27928560139,266.830507507517,3.83829573337568
172.564304241874,20.2531970369669,4.31629283711108
497.77259636317,351.854295048177,4.47317595552248
42.8589171169844,51.2890081827846,3.80529532940037
523.900796532183,154.937997503908,4.31426643937397
NA,NA,NA
660.847768526833,336.94736538673,3.56016147859284
454.324328209885,297.300343834393,3.71489280322226
8.84879103085556,490.947049342807,3.66114575296328
557.524769434734,48.6842008013941,4.19043159133866
63.7633578817531,373.310092083599,3.96342582951226
228.066678884848,416.358244804576,3.94080959498898
430.037135078312,14.0952505466187,3.30891835821791
361.598985801679,291.493798874673,3.06948441439726
601.906642572685,105.719639649586,4.2493914241857
386.131698910755,228.639481191432,4.29252015586962
571.598859754486,408.151578319594,4.73025951951461
138.388951649608,275.923526961469,4.48302071385583
194.053039973203,373.1040707054,3.9681988498538
126.627349127891,412.990809469007,3.53425142703314
619.414588344667,313.171730380619,4.57082893577009
2.98027145851185,142.126342667165,4.30594883639648
541.225340914369,203.57836801208,4.09531816860498
33.905268025983,488.851494020625,3.14420399962884
283.727516424474,23.9092695684077,3.84168195569513
534.24011924593,388.83627143289,3.48038648850927
71.1761019089711,77.5526095780405,5.29770652582919
7.82561546013573,78.1945926478964,3.43729923330379
585.917264848236,225.093715145848,3.94794584155121
449.26634217127,461.983347090991,4.72527322648045
657.103358797939,372.509097184003,2.89210278080938
104.773529731641,490.219994105784,4.32134833885448
622.939820497863,93.0583132204594,4.1114903832811
418.372923553211,257.291297209427,3.66225336917735
11.3268357589863,182.188889222758,3.40767707645236
59.3884435917122,115.886541084473,4.39708103652285
615.721570821135,207.878674323345,4.38511416598691
253.809836803457,222.559998795606,3.30908620343903
576.29086574924,440.651703743491,4.03381019378579
300.612107719932,135.138979373362,3.83872970065234
525.688543217431,456.903919744826,3.44344338487783
46.5059355636424,416.939040802373,3.87925356219508
200.851805275971,287.005652264928,4.14775620454789
548.27928560139,266.830507507517,3.83829573337568
172.564304241874,20.2531970369669,4.31629283711108
497.77259636317,351.854295048177,4.47317595552248
42.8589171169844,51.2890081827846,3.80529532940037
523.900796532183,154.937997503908,4.31426643937397
NA,NA,NA
660.847768526833,336.94736538673,3.56016147859284
454.324328209885,297.300343834393,3.71489280322226
8.84879103085556,490.947049342807,3.66114575296328
557.524769434734,48.6842008013941,4.19043159133866
63.7633578817531,373.310092083599,3.96342582951226
228.066678884848,416.358244804576,3.94080959498898
430.037135078312,14.0952505466187,3.30891835821791
361.598985801679,291.493798874673,3.06948441439726
601.906642572685,105.719639649586,4.2493914241857
386.131698910755,228.639481191432,4.29252015586962
571.598859754486,408.151578319594,4.73025951951461
138.388951649608,275.923526961469,4.48302071385583
194.053039973203,373.1040707054,3.9681988498538
126.627349127891,412.990809469007,3.53425142703314
619.414588344667,313.171730380619,4.57082893577009
2.98027145851185,142.126342667165,4.30594883639648
541.225340914369,203.57836801208,4.09531816860498
33.905268025983,488.851494020625,3.14420399962884
283.727516424474,23.9092695684077,3.84168195569513
534.24011924593,388.83627143289,3.48038648850927
71.1761019089711,77.5526095780405,5.29770652582919
7.82561546013573,78.1945926478964,3.43729923330379
585.917264848236,225.093715145848,3.94794584155121
449.26634217127,461.983347090991,4.72527322648045
657.103358797939,372.509097184003,2.89210278080938
104.773529731641,490.219994105784,4.32134833885448
622.939820497863,93.0583132204594,4.1114903832811
418.372923553211,257.291297209427,3.66225336917735
11.3268357589863,182.188889222758,3.40767707645236
59.3884435917122,115.886541084473,4.39708103652285
615.721570821135,207.878674323345,4.38511416598691
253.809836803457,222.559998795606,3.30908620343903
576.29086574924,440.651703743491,4.03381019378579
300.612107719932,135.138979373362,3.83872970065234
525.688543217431,456.903919744826,3.44344338487783
46.5059355636424,416.939040802373,3.87925356219508
200.851805275971,287.005652264928,4.14775620454789
548.27928560139,266.830507507517,3.83829573337568
172.564304241874,20.2531970369669,4.31629283711108
497.77259636317,351.854295048177,4.47317595552248
42.8589171169844,51.2890081827846,3.80529532940037
523.900796532183,154.937997503908,4.31426643937397
NA,NA,NA
660.847768526833,336.94736538673,3.56016147859284
454.324328209885,297.300343834393,3.71489280322226
8.84879103085556,490.947049342807,3.66114575296328
557.524769434734,48.6842008013941,4.19043159133866
63.7633578817531,373.310092083599,3.96342582951226
228.066678884848,416.358244804576,3.94080959498898
430.037135078312,14.0952505466187,3.30891835821791
361.598985801679,291.493798874673,3.06948441439726
601.906642572685,105.719639649586,4.2493914241857
386.131698910755,228.639481191432,4.29252015586962
571.598859754486,408.151578319594,4.73025951951461
138.388951649608,275.923526961469,4.48302071385583
194.053039973203,373.1040707054,3.9681988498538
126.627349127891,412.990809469007,3.53425142703314
619.414588344667,313.171730380619,4.57082893577009
2.98027145851185,142.126342667165,4.30594883639648
541.225340914369,203.57836801208,4.09531816860498
33.905268025983,488.851494020625,3.14420399962884
283.727516424474,23.9092695684077,3.84168195569513
534.24011924593,388.83627143289,3.48038648850927
71.1761019089711,77.5526095780405,5.29770652582919
7.82561546013573,78.1945926478964,3.43729923330379
585.917264848236,225.093715145848,3.94794584155121
449.26634217127,461.983347090991,4.72527322648045
657.103358797939,372.509097184003,2.89210278080938
104.773529731641,490.219994105784,4.32134833885448
622.939820497863,93.0583132204594,4.1114903832811
418.372923553211,257.291297209427,3.66225336917735
11.3268357589863,182.188889222758,3.40767707645236
59.3884435917122,115.886541084473,4.39708103652285
615.721570821135,207.878674323345,4.38511416598691
253.809836803457,222.559998795606,3.30908620343903
576.29086574924,440.651703743491,4.03381019378579
300.612107719932,135.138979373362,3.83872970065234
525.688543217431,456.903919744826,3.44344338487783
46.5059355636424,416.939040802373,3.87925356219508
200.851805275971,287.005652264928,4.14775620454789
548.27928560139,266.830507507517,3.83829573337568
172.564304241874,20.2531970369669,4.31629283711108
497.77259636317,351.854295048177,4.47317595552248
42.8589171169844,51.2890081827846,3.80529532940037
523.900796532183,154.937997503908,4.31426643937397
NA,NA,NA
660.847768526833,336.94736538673,3.56016147859284
454.324328209885,297.300343834393,3.71489280322226
8.84879103085556,490.947049342807,3.66114575296328
557.524769434734,48.6842008013941,4.19043159133866
63.7633578817531,373.310092083599,3.96342582951226
228.066678884848,416.358244804576,3.94080959498898
430.037135078312,14.0952505466187,3.30891835821791
361.598985801679,291.493798874673,3.06948441439726
601.906642572685,105.719639649586,4.2493914241857
386.131698910755,228.639481191432,4.29252015586962
571.598859754486,408.151578319594,4.73025951951461
138.388951649608,275.923526961469,4.48302071385583
194.053039973203,373.1040707054,3.9681988498538
126.627349127891,412.990809469007,3.53425142703314
619.414588344667,313.171730380619,4.57082893577009
2.98027145851185,142.126342667165,4.30594883639648
541.225340914369,203.57836801208,4.09531816860498
33.905268025983,488.851494020625,3.14420399962884
283.727516424474,23.9092695684077,3.84168195569513
534.24011924593,388.83627143289,3.48038648850927
71.1761019089711,77.5526095780405,5.29770652582919
7.82561546013573,78.1945926478964,3.43729923330379
585.917264848236,225.093715145848,3.94794584155121
449.26634217127,461.983347090991,4.72527322648045
657.103358797939,372.509097184003,2.89210278080938
104.773529731641,490.219994105784,4.32134833885448
622.939820497863,93.0583132204594,4.1114903832811
418.372923553211,257.291297209427,3.66225336917735
11.3268357589863,182.188889222758,3.40767707645236
59.3884435917122,115.886541084473,4.39708103652285
615.721570821135,207.878674323345,4.38511416598691
253.809836803457,222.559998795606,3.30908620343903
576.29086574924,440.651703743491,4.03381019378579
300.612107719932,135.138979373362,3.83872970065234
525.688543217431,456.903919744826,3.44344338487783
46.5059355636424,416.939040802373,3.87925356219508
200.851805275971,287.005652264928,4.14775620454789
548.27928560139,266.830507507517,3.83829573337568
172.564304241874,20.2531970369669,4.31629283711108
497.77259636317,351.854295048177,4.47317595552248
42.8589171169844,51.2890081827846,3.80529532940037
523.900796532183,154.937997503908,4.31426643937397
NA,NA,NA
660.847768526833,336.94736538673,3.56016147859284
454.324328209885,297.300343834393,3.71489280322226
8.84879103085556,490.947049342807,3.66114575296328
557.524769434734,48.6842008013941,4.19043159133866
63.7633578817531,373.310092083599,3.96342582951226
228.066678884848,416.358244804576,3.94080959498898
430.037135078312,14.0952505466187,3.30891835821791
361.598985801679,291.493798874673,3.06948441439726
601.906642572685,105.719639649586,4.2493914241857
386.131698910755,228.639481191432,4.29252015586962
571.598859754486,408.151578319594,4.73025951951461
138.388951649608,275.923526961469,4.48302071385583
194.053039973203,373.1040707054,3.9681988498538
126.627349127891,412.990809469007,3.53425142703314
619.414588344667,313.171730380619,4.57082893577009
2.98027145851185,142.126342667165,4.30594883639648
541.225340914369,203.57836801208,4.09531816860498
33.905268025983,488.851494020625,3.14420399962884
283.727516424474,23.9092695684077,3.84168195569513
534.24011924593,388.83627143289,3.48038648850927
71.1761019089711,77.5526095780405,5.29770652582919
7.82561546013573,78.1945926478964,3.43729923330379
585.917264848236,225.093715145848,3.94794584155121
449.26634217127,461.983347090991,4.72527322648045
657.103358797939,372.509097184003,2.89210278080938
104.773529731641,490.219994105784,4.32134833885448
622.939820497863,93.0583132204594,4.1114903832811
418.372923553211,257.291297209427,3.66225336917735
11.3268357589863,182.188889222758,3.40767707645236
59.3884435917122,115.886541084473,4.39708103652285
615.721570821135,207.878674323345,4.38511416598691
253.809836803457,222.559998795606,3.30908620343903
576.29086574924,440.651703743491,4.03381019378579
300.612107719932,135.138979373362,3.83872970065234
525.688543217431,456.903919744826,3.44344338487783
46.5059355636424,416.939040802373,3.87925356219508
200.851805275971,287.005652264928,4.14775620454789
548.27928560139,266.830507507517,3.83829573337568
172.564304241874,20.2531970369669,4.31629283711108
497.77259636317,351.854295048177,4.47317595552248
42.8589171169844,51.2890081827846,3.80529532940037
523.900796532183,154.937997503908,4.31426643937397
NA,NA,NA
663.265764138011,335.935765846463,3.48446688352655
458.81569348592,297.106040678737,3.69274674867416
13.4748787043398,491.479964911575,3.61670517254011
559.713375022637,50.2857000244911,4.25157336099966
70.9428903817705,376.254901587044,3.99106329354255
228.977189536146,412.62764472405,3.9273247461101
430.257247447578,14.9136832355019,3.30826636095363
359.779310942119,291.847401026172,3.16896529412193
605.627443226279,102.635659382814,4.26991662176115
392.214284472944,233.565551179542,4.19667784739264
568.383211579116,400.898981352648,4.73052807602944
141.024258918887,284.419072950125,4.53503465420615
196.272528669131,371.222705888954,3.91835745638952
125.233770612568,408.689921749894,3.41220371026275
623.916775060597,311.125684972308,4.49249391292118
2.89713306430841,149.504584954483,4.30439564682278
546.806658584944,200.746948590775,4.22201929228065
33.4202598019204,491.446042718895,2.9945796534425
274.71520193863,23.6216187798548,3.85704100311222
531.027253538973,393.949343185108,3.27825128607884
71.0273740038386,68.5531905059449,5.2388268180516
3.36017760715094,74.7273868294463,3.53741577152144
583.551091573861,226.455265384057,4.00087334823585
441.546240192443,460.023288144111,4.7879726429572
661.300867306636,372.230658241197,3.04285244760414
107.036871964784,489.882259063751,4.25123689909678
622.681938850171,88.886184031091,4.06690531419286
417.982288785398,257.268511503822,3.64462843834088
13.5243602621927,181.983527831955,3.28289800763818
73.1512595092617,117.811068480457,4.47498061120394
608.140991574028,212.953408621837,4.46112534837766
253.446384827064,224.927703513996,3.63463030845685
565.647280363618,441.959435056693,3.95663654085098
292.683554715903,142.288121015406,3.84723508692648
524.875465866442,453.999344704121,3.5233842166846
53.4233064944399,420.131664538866,3.78682191615653
204.059950552592,296.015322861794,4.05834755791297
548.362973244723,270.818723154476,3.97981774532463
167.658959870585,40.2126068054012,4.26495945247252
495.597424868192,349.921830743246,4.80160508970257
31.6730782638093,52.1029541257771,3.9572017429548
537.24248782433,135.874407892541,4.90133768804088
NA,NA,NA
663.265764138011,335.935765846463,3.48446688352655
458.81569348592,297.106040678737,3.69274674867416
13.4748787043398,491.479964911575,3.61670517254011
559.713375022637,50.2857000244911,4.25157336099966
70.9428903817705,376.254901587044,3.99106329354255
228.977189536146,412.62764472405,3.9273247461101
430.257247447578,14.9136832355019,3.30826636095363
359.779310942119,291.847401026172,3.16896529412193
605.627443226279,102.635659382814,4.26991662176115
392.214284472944,233.565551179542,4.19667784739264
568.383211579116,400.898981352648,4.73052807602944
141.024258918887,284.419072950125,4.53503465420615
196.272528669131,371.222705888954,3.91835745638952
125.233770612568,408.689921749894,3.41220371026275
623.916775060597,311.125684972308,4.49249391292118
2.89713306430841,149.504584954483,4.30439564682278
546.806658584944,200.746948590775,4.22201929228065
33.4202598019204,491.446042718895,2.9945796534425
274.71520193863,23.6216187798548,3.85704100311222
531.027253538973,393.949343185108,3.27825128607884
71.0273740038386,68.5531905059449,5.2388268180516
3.36017760715094,74.7273868294463,3.53741577152144
583.551091573861,226.455265384057,4.00087334823585
441.546240192443,460.023288144111,4.7879726429572
661.300867306636,372.230658241197,3.04285244760414
107.036871964784,489.882259063751,4.25123689909678
622.681938850171,88.886184031091,4.06690531419286
417.982288785398,257.268511503822,3.64462843834088
13.5243602621927,181.983527831955,3.28289800763818
73.1512595092617,117.811068480457,4.47498061120394
608.140991574028,212.953408621837,4.46112534837766
253.446384827064,224.927703513996,3.63463030845685
565.647280363618,441.959435056693,3.95663654085098
292.683554715903,142.288121015406,3.84723508692648
524.875465866442,453.999344704121,3.5233842166846
53.4233064944399,420.131664538866,3.78682191615653
204.059950552592,296.015322861794,4.05834755791297
548.362973244723,270.818723154476,3.97981774532463
167.658959870585,40.2126068054012,4.26495945247252
495.597424868192,349.921830743246,4.80160508970257
31.6730782638093,52.1029541257771,3.9572017429548
537.24248782433,135.874407892541,4.90133768804088
NA,NA,NA
663.265764138011,335.935765846463,3.48446688352655
458.81569348592,297.106040678737,3.69274674867416
13.4748787043398,491.479964911575,3.61670517254011
559.713375022637,50.2857000244911,4.25157336099966
70.9428903817705,376.254901587044,3.99106329354255
228.977189536146,412.62764472405,3.9273247461101
430.257247447578,14.9136832355019,3.30826636095363
359.779310942119,291.847401026172,3.16896529412193
605.627443226279,102.635659382814,4.26991662176115
392.214284472944,233.565551179542,4.19667784739264
568.383211579116,400.898981352648,4.73052807602944
141.024258918887,284.419072950125,4.53503465420615
196.272528669131,371.222705888954,3.91835745638952
125.233770612568,408.689921749894,3.41220371026275
623.916775060597,311.125684972308,4.49249391292118
2.89713306430841,149.504584954483,4.30439564682278
546.806658584944,200.746948590775,4.22201929228065
33.4202598019204,491.446042718895,2.9945796534425
274.71520193863,23.6216187798548,3.85704100311222
531.027253538973,393.949343185108,3.27825128607884
71.0273740038386,68.5531905059449,5.2388268180516
3.36017760715094,74.7273868294463,3.53741577152144
583.551091573861,226.455265384057,4.00087334823585
441.546240192443,460.023288144111,4.7879726429572
661.300867306636,372.230658241197,3.04285244760414
107.036871964784,489.882259063751,4.25123689909678
622.681938850171,88.886184031091,4.06690531419286
417.982288785398,257.268511503822,3.64462843834088
13.5243602621927,181.983527831955,3.28289800763818
73.1512595092617,117.811068480457,4.47498061120394
608.140991574028,212.953408621837,4.46112534837766
253.446384827064,224.927703513996,3.63463030845685
565.647280363618,441.959435056693,3.95663654085098
292.683554715903,142.288121015406,3.84723508692648
524.875465866442,453.999344704121,3.5233842166846
53.4233064944399,420.131664538866,3.78682191615653
204.059950552592,296.015322861794,4.05834755791297
548.362973244723,270.818723154476,3.97981774532463
167.658959870585,40.2126068054012,4.26495945247252
495.597424868192,349.921830743246,4.80160508970257
31.6730782638093,52.1029541257771,3.9572017429548
537.24248782433,135.874407892541,4.90133768804088
NA,NA,NA
663.265764138011,335.935765846463,3.48446688352655
458.81569348592,297.106040678737,3.69274674867416
13.4748787043398,491.479964911575,3.61670517254011
559.713375022637,50.2857000244911,4.25157336099966
70.9428903817705,376.254901587044,3.99106329354255
228.977189536146,412.62764472405,3.9273247461101
430.257247447578,14.9136832355019,3.30826636095363
359.779310942119,291.847401026172,3.16896529412193
605.627443226279,102.635659382814,4.26991662176115
392.214284472944,233.565551179542,4.19667784739264
568.383211579116,400.898981352648,4.73052807602944
141.024258918887,284.419072950125,4.53503465420615
196.272528669131,371.222705888954,3.91835745638952
125.233770612568,408.689921749894,3.41220371026275
623.916775060597,311.125684972308,4.49249391292118
2.89713306430841,149.504584954483,4.30439564682278
546.806658584944,200.746948590775,4.22201929228065
33.4202598019204,491.446042718895,2.9945796534425
274.71520193863,23.6216187798548,3.85704100311222
531.027253538973,393.949343185108,3.27825128607884
71.0273740038386,68.5531905059449,5.2388268180516
3.36017760715094,74.7273868294463,3.53741577152144
583.551091573861,226.455265384057,4.00087334823585
441.546240192443,460.023288144111,4.7879726429572
661.300867306636,372.230658241197,3.04285244760414
107.036871964784,489.882259063751,4.25123689909678
622.681938850171,88.886184031091,4.06690531419286
417.982288785398,257.268511503822,3.64462843834088
13.5243602621927,181.983527831955,3.28289800763818
73.1512595092617,117.811068480457,4.47498061120394
608.140991574028,212.953408621837,4.46112534837766
253.446384827064,224.927703513996,3.63463030845685
565.647280363618,441.959435056693,3.95663654085098
292.683554715903,142.288121015406,3.84723508692648
524.875465866442,453.999344704121,3.5233842166846
53.4233064944399,420.131664538866,3.78682191615653
204.059950552592,296.015322861794,4.05834755791297
548.362973244723,270.818723154476,3.97981774532463
167.658959870585,40.2126068054012,4.26495945247252
495.597424868192,349.921830743246,4.80160508970257
31.6730782638093,52.1029541257771,3.9572017429548
537.24248782433,135.874407892541,4.90133768804088
NA,NA,NA
663.265764138011,335.935765846463,3.48446688352655
458.81569348592,297.106040678737,3.69274674867416
13.4748787043398,491.479964911575,3.61670517254011
559.713375022637,50.2857000244911,4.25157336099966
70.9428903817705,376.254901587044,3.99106329354255
228.977189536146,412.62764472405,3.9273247461101
430.257247447578,14.9136832355019,3.30826636095363
359.779310942119,291.847401026172,3.16896529412193
605.627443226279,102.635659382814,4.26991662176115
392.214284472944,233.565551179542,4.19667784739264
568.383211579116,400.898981352648,4.73052807602944
141.024258918887,284.419072950125,4.53503465420615
196.272528669131,371.222705888954,3.91835745638952
125.233770612568,408.689921749894,3.41220371026275
623.916775060597,311.125684972308,4.49249391292118
2.89713306430841,149.504584954483,4.30439564682278
546.806658584944,200.746948590775,4.22201929228065
33.4202598019204,491.446042718895,2.9945796534425
274.71520193863,23.6216187798548,3.85704100311222
531.027253538973,393.949343185108,3.27825128607884
71.0273740038386,68.5531905059449,5.2388268180516
3.36017760715094,74.7273868294463,3.53741577152144
583.551091573861,226.455265384057,4.00087334823585
441.546240192443,460.023288144111,4.7879726429572
661.300867306636,372.230658241197,3.04285244760414
107.036871964784,489.882259063751,4.25123689909678
622.681938850171,88.886184031091,4.06690531419286
417.982288785398,257.268511503822,3.64462843834088
13.5243602621927,181.983527831955,3.28289800763818
73.1512595092617,117.811068480457,4.47498061120394
608.140991574028,212.953408621837,4.46112534837766
253.446384827064,224.927703513996,3.63463030845685
565.647280363618,441.959435056693,3.95663654085098
292.683554715903,142.288121015406,3.84723508692648
524.875465866442,453.999344704121,3.5233842166846
53.4233064944399,420.131664538866,3.78682191615653
204.059950552592,296.015322861794,4.05834755791297
548.362973244723,270.818723154476,3.97981774532463
167.658959870585,40.2126068054012,4.26495945247252
495.597424868192,349.921830743246,4.80160508970257
31.6730782638093,52.1029541257771,3.9572017429548
537.24248782433,135.874407892541,4.90133768804088
NA,NA,NA
663.265764138011,335.935765846463,3.48446688352655
458.81569348592,297.106040678737,3.69274674867416
13.4748787043398,491.479964911575,3.61670517254011
559.713375022637,50.2857000244911,4.25157336099966
70.9428903817705,376.254901587044,3.99106329354255
228.977189536146,412.62764472405,3.9273247461101
430.257247447578,14.9136832355019,3.30826636095363
359.779310942119,291.847401026172,3.16896529412193
605.627443226279,102.635659382814,4.26991662176115
392.214284472944,233.565551179542,4.19667784739264
568.383211579116,400.898981352648,4.73052807602944
141.024258918887,284.419072950125,4.53503465420615
196.272528669131,371.222705888954,3.91835745638952
125.233770612568,408.689921749894,3.41220371026275
623.916775060597,311.125684972308,4.49249391292118
2.89713306430841,149.504584954483,4.30439564682278
546.806658584944,200.746948590775,4.22201929228065
33.4202598019204,491.446042718895,2.9945796534425
274.71520193863,23.6216187798548,3.85704100311222
531.027253538973,393.949343185108,3.27825128607884
71.0273740038386,68.5531905059449,5.2388268180516
3.36017760715094,74.7273868294463,3.53741577152144
583.551091573861,226.455265384057,4.00087334823585
441.546240192443,460.023288144111,4.7879726429572
661.300867306636,372.230658241197,3.04285244760414
107.036871964784,489.882259063751,4.25123689909678
622.681938850171,88.886184031091,4.06690531419286
417.982288785398,257.268511503822,3.64462843834088
13.5243602621927,181.983527831955,3.28289800763818
73.1512595092617,117.811068480457,4.47498061120394
608.140991574028,212.953408621837,4.46112534837766
253.446384827064,224.927703513996,3.63463030845685
565.647280363618,441.959435056693,3.95663654085098
292.683554715903,142.288121015406,3.84723508692648
524.875465866442,453.999344704121,3.5233842166846
53.4233064944399,420.131664538866,3.78682191615653
204.059950552592,296.015322861794,4.05834755791297
548.362973244723,270.818723154476,3.97981774532463
167.658959870585,40.2126068054012,4.26495945247252
495.597424868192,349.921830743246,4.80160508970257
31.6730782638093,52.1029541257771,3.9572017429548
537.24248782433,135.874407892541,4.90133768804088
NA,NA,NA
663.108947643622,333.342219714928,3.55683952985294
455.946263610477,296.832191047909,3.60635797463928
15.2855835925843,492.874436933885,3.56566823684858
558.255318749736,52.9840834321901,4.19449326215882
74.9738034056436,374.437204081501,3.99753311224251
233.337818570333,415.405659916177,3.88616884819532
428.308692853373,13.4547128787842,3.37187400135714
361.828739760608,292.793301601266,3.16981710824119
601.479809467978,105.838764565375,4.20105130636787
392.950977550036,230.477434279261,4.24522240115923
567.468755758577,401.094003046415,4.75270069643822
139.879127766734,286.533461884684,4.66633633805355
200.263486288158,370.68236310016,4.05255612166795
129.356082603461,407.32441993822,3.50356208298394
629.12037276413,313.488254210064,4.58613871858005
-0.958094200810709,153.680324531747,4.25898059348381
545.863523179416,204.053992064057,4.18332621065092
34.5535118344627,492.557362029736,2.91568188273413
276.33897751075,18.8586134127606,3.94883683993311
532.465407000463,392.692088378097,3.38278513728764
70.7926057657917,68.6160525115397,5.25236543683168
8.10078758912888,76.6049719713238,3.29729264782569
586.93528116489,226.064180366909,4.0555767773764
442.99490026268,462.398592957652,4.889858647138
657.789048497726,373.337367619868,3.02333053665432
106.870208894721,491.504847631821,4.40452487910693
626.671738764525,89.1911504434206,4.14053264861382
420.951907605088,259.557860125088,3.59481927923215
11.5460106133895,183.312850297324,3.31104243027206
59.398194551415,116.229690038249,4.75867655519285
608.596795698726,194.42461790431,4.30016033987066
254.731649781572,223.826949838341,3.92915028461667
577.060492614853,432.914829799043,4.05208467972763
303.415755174047,131.466586049103,3.74013628621108
532.823031567972,450.433513697273,3.27382102634614
31.990148248707,418.414201646366,3.92894433440506
201.417540491358,284.734307051554,3.9118140100245
543.305380757303,256.699385407986,3.70497033548867
181.956061582778,23.2474178770918,4.39337393015301
493.632944586813,346.848200938431,4.10288472524041
34.677890722557,58.1320991648347,3.64913290729213
521.757731679088,142.967766354497,4.93643305346838
NA,NA,NA
663.108947643622,333.342219714928,3.55683952985294
455.946263610477,296.832191047909,3.60635797463928
15.2855835925843,492.874436933885,3.56566823684858
558.255318749736,52.9840834321901,4.19449326215882
74.9738034056436,374.437204081501,3.99753311224251
233.337818570333,415.405659916177,3.88616884819532
428.308692853373,13.4547128787842,3.37187400135714
361.828739760608,292.793301601266,3.16981710824119
601.479809467978,105.838764565375,4.20105130636787
392.950977550036,230.477434279261,4.24522240115923
567.468755758577,401.094003046415,4.75270069643822
139.879127766734,286.533461884684,4.66633633805355
200.263486288158,370.68236310016,4.05255612166795
129.356082603461,407.32441993822,3.50356208298394
629.12037276413,313.488254210064,4.58613871858005
-0.958094200810709,153.680324531747,4.25898059348381
545.863523179416,204.053992064057,4.18332621065092
34.5535118344627,492.557362029736,2.91568188273413
276.33897751075,18.8586134127606,3.94883683993311
532.465407000463,392.692088378097,3.38278513728764
70.7926057657917,68.6160525115397,5.25236543683168
8.10078758912888,76.6049719713238,3.29729264782569
586.93528116489,226.064180366909,4.0555767773764
442.99490026268,462.398592957652,4.889858647138
657.789048497726,373.337367619868,3.02333053665432
106.870208894721,491.504847631821,4.40452487910693
626.671738764525,89.1911504434206,4.14053264861382
420.951907605088,259.557860125088,3.59481927923215
11.5460106133895,183.312850297324,3.31104243027206
59.398194551415,116.229690038249,4.75867655519285
608.596795698726,194.42461790431,4.30016033987066
254.731649781572,223.826949838341,3.92915028461667
577.060492614853,432.914829799043,4.05208467972763
303.415755174047,131.466586049103,3.74013628621108
532.823031567972,450.433513697273,3.27382102634614
31.990148248707,418.414201646366,3.92894433440506
201.417540491358,284.734307051554,3.9118140100245
543.305380757303,256.699385407986,3.70497033548867
181.956061582778,23.2474178770918,4.39337393015301
493.632944586813,346.848200938431,4.10288472524041
34.677890722557,58.1320991648347,3.64913290729213
521.757731679088,142.967766354497,4.93643305346838
NA,NA,NA
663.108947643622,333.342219714928,3.55683952985294
455.946263610477,296.832191047909,3.60635797463928
15.2855835925843,492.874436933885,3.56566823684858
558.255318749736,52.9840834321901,4.19449326215882
74.9738034056436,374.437204081501,3.99753311224251
233.337818570333,415.405659916177,3.88616884819532
428.308692853373,13.4547128787842,3.37187400135714
361.828739760608,292.793301601266,3.16981710824119
601.479809467978,105.838764565375,4.20105130636787
392.950977550036,230.477434279261,4.24522240115923
567.468755758577,401.094003046415,4.75270069643822
139.879127766734,286.533461884684,4.66633633805355
200.263486288158,370.68236310016,4.05255612166795
129.356082603461,407.32441993822,3.50356208298394
629.12037276413,313.488254210064,4.58613871858005
-0.958094200810709,153.680324531747,4.25898059348381
545.863523179416,204.053992064057,4.18332621065092
34.5535118344627,492.557362029736,2.91568188273413
276.33897751075,18.8586134127606,3.94883683993311
532.465407000463,392.692088378097,3.38278513728764
70.7926057657917,68.6160525115397,5.25236543683168
8.10078758912888,76.6049719713238,3.29729264782569
586.93528116489,226.064180366909,4.0555767773764
442.99490026268,462.398592957652,4.889858647138
657.789048497726,373.337367619868,3.02333053665432
106.870208894721,491.504847631821,4.40452487910693
626.671738764525,89.1911504434206,4.14053264861382
420.951907605088,259.557860125088,3.59481927923215
11.5460106133895,183.312850297324,3.31104243027206
59.398194551415,116.229690038249,4.75867655519285
608.596795698726,194.42461790431,4.30016033987066
254.731649781572,223.826949838341,3.92915028461667
577.060492614853,432.914829799043,4.05208467972763
303.415755174047,131.466586049103,3.74013628621108
532.823031567972,450.433513697273,3.27382102634614
31.990148248707,418.414201646366,3.92894433440506
201.417540491358,284.734307051554,3.9118140100245
543.305380757303,256.699385407986,3.70497033548867
181.956061582778,23.2474178770918,4.39337393015301
493.632944586813,346.848200938431,4.10288472524041
34.677890722557,58.1320991648347,3.64913290729213
521.757731679088,142.967766354497,4.93643305346838
NA,NA,NA
663.108947643622,333.342219714928,3.55683952985294
455.946263610477,296.832191047909,3.60635797463928
15.2855835925843,492.874436933885,3.56566823684858
558.255318749736,52.9840834321901,4.19449326215882
74.9738034056436,374.437204081501,3.99753311224251
233.337818570333,415.405659916177,3.88616884819532
428.308692853373,13.4547128787842,3.37187400135714
361.828739760608,292.793301601266,3.16981710824119
601.479809467978,105.838764565375,4.20105130636787
392.950977550036,230.477434279261,4.24522240115923
567.468755758577,401.094003046415,4.75270069643822
139.879127766734,286.533461884684,4.66633633805355
200.263486288158,370.68236310016,4.05255612166795
129.356082603461,407.32441993822,3.50356208298394
629.12037276413,313.488254210064,4.58613871858005
-0.958094200810709,153.680324531747,4.25898059348381
545.863523179416,204.053992064057,4.18332621065092
34.5535118344627,492.557362029736,2.91568188273413
276.33897751075,18.8586134127606,3.94883683993311
532.465407000463,392.692088378097,3.38278513728764
70.7926057657917,68.6160525115397,5.25236543683168
8.10078758912888,76.6049719713238,3.29729264782569
586.93528116489,226.064180366909,4.0555767773764
442.99490026268,462.398592957652,4.889858647138
657.789048497726,373.337367619868,3.02333053665432
106.870208894721,491.504847631821,4.40452487910693
626.671738764525,89.1911504434206,4.14053264861382
420.951907605088,259.557860125088,3.59481927923215
11.5460106133895,183.312850297324,3.31104243027206
59.398194551415,116.229690038249,4.75867655519285
608.596795698726,194.42461790431,4.30016033987066
254.731649781572,223.826949838341,3.92915028461667
577.060492614853,432.914829799043,4.05208467972763
303.415755174047,131.466586049103,3.74013628621108
532.823031567972,450.433513697273,3.27382102634614
31.990148248707,418.414201646366,3.92894433440506
201.417540491358,284.734307051554,3.9118140100245
543.305380757303,256.699385407986,3.70497033548867
181.956061582778,23.2474178770918,4.39337393015301
493.632944586813,346.848200938431,4.10288472524041
34.677890722557,58.1320991648347,3.64913290729213
521.757731679088,142.967766354497,4.93643305346838
NA,NA,NA
663.108947643622,333.342219714928,3.55683952985294
455.946263610477,296.832191047909,3.60635797463928
15.2855835925843,492.874436933885,3.56566823684858
558.255318749736,52.9840834321901,4.19449326215882
74.9738034056436,374.437204081501,3.99753311224251
233.337818570333,415.405659916177,3.88616884819532
428.308692853373,13.4547128787842,3.37187400135714
361.828739760608,292.793301601266,3.16981710824119
601.479809467978,105.838764565375,4.20105130636787
392.950977550036,230.477434279261,4.24522240115923
567.468755758577,401.094003046415,4.75270069643822
139.879127766734,286.533461884684,4.66633633805355
200.263486288158,370.68236310016,4.05255612166795
129.356082603461,407.32441993822,3.50356208298394
629.12037276413,313.488254210064,4.58613871858005
-0.958094200810709,153.680324531747,4.25898059348381
545.863523179416,204.053992064057,4.18332621065092
34.5535118344627,492.557362029736,2.91568188273413
276.33897751075,18.8586134127606,3.94883683993311
532.465407000463,392.692088378097,3.38278513728764
70.7926057657917,68.6160525115397,5.25236543683168
8.10078758912888,76.6049719713238,3.29729264782569
586.93528116489,226.064180366909,4.0555767773764
442.99490026268,462.398592957652,4.889858647138
657.789048497726,373.337367619868,3.02333053665432
106.870208894721,491.504847631821,4.40452487910693
626.671738764525,89.1911504434206,4.14053264861382
420.951907605088,259.557860125088,3.59481927923215
11.5460106133895,183.312850297324,3.31104243027206
59.398194551415,116.229690038249,4.75867655519285
608.596795698726,194.42461790431,4.30016033987066
254.731649781572,223.826949838341,3.92915028461667
577.060492614853,432.914829799043,4.05208467972763
303.415755174047,131.466586049103,3.74013628621108
532.823031567972,450.433513697273,3.27382102634614
31.990148248707,418.414201646366,3.92894433440506
201.417540491358,284.734307051554,3.9118140100245
543.305380757303,256.699385407986,3.70497033548867
181.956061582778,23.2474178770918,4.39337393015301
493.632944586813,346.848200938431,4.10288472524041
34.677890722557,58.1320991648347,3.64913290729213
521.757731679088,142.967766354497,4.93643305346838
NA,NA,NA
663.108947643622,333.342219714928,3.55683952985294
455.946263610477,296.832191047909,3.60635797463928
15.2855835925843,492.874436933885,3.56566823684858
558.255318749736,52.9840834321901,4.19449326215882
74.9738034056436,374.437204081501,3.99753311224251
233.337818570333,415.405659916177,3.88616884819532
428.308692853373,13.4547128787842,3.37187400135714
361.828739760608,292.793301601266,3.16981710824119
601.479809467978,105.838764565375,4.20105130636787
392.950977550036,230.477434279261,4.24522240115923
567.468755758577,401.094003046415,4.75270069643822
139.879127766734,286.533461884684,4.66633633805355
200.263486288158,370.68236310016,4.05255612166795
129.356082603461,407.32441993822,3.50356208298394
629.12037276413,313.488254210064,4.58613871858005
-0.958094200810709,153.680324531747,4.25898059348381
545.863523179416,204.053992064057,4.18332621065092
34.5535118344627,492.557362029736,2.91568188273413
276.33897751075,18.8586134127606,3.94883683993311
532.465407000463,392.692088378097,3.38278513728764
70.7926057657917,68.6160525115397,5.25236543683168
8.10078758912888,76.6049719713238,3.29729264782569
586.93528116489,226.064180366909,4.0555767773764
442.99490026268,462.398592957652,4.889858647138
657.789048497726,373.337367619868,3.02333053665432
106.870208894721,491.504847631821,4.40452487910693
626.671738764525,89.1911504434206,4.14053264861382
420.951907605088,259.557860125088,3.59481927923215
11.5460106133895,183.312850297324,3.31104243027206
59.398194551415,116.229690038249,4.75867655519285
608.596795698726,194.42461790431,4.30016033987066
254.731649781572,223.826949838341,3.92915028461667
577.060492614853,432.914829799043,4.05208467972763
303.415755174047,131.466586049103,3.74013628621108
532.823031567972,450.433513697273,3.27382102634614
31.990148248707,418.414201646366,3.92894433440506
201.417540491358,284.734307051554,3.9118140100245
543.305380757303,256.699385407986,3.70497033548867
181.956061582778,23.2474178770918,4.39337393015301
493.632944586813,346.848200938431,4.10288472524041
34.677890722557,58.1320991648347,3.64913290729213
521.757731679088,142.967766354497,4.93643305346838
NA,NA,NA
660.161051132033,331.207301711643,3.46351609721464
458.795639297608,297.021835084714,3.56771073718454
5.69177107739338,490.743579912666,3.72244050462192
561.940768791356,53.185255153263,4.14952066668141
71.1064665993265,376.945570122637,3.91997533634947
228.187782207832,417.638969430455,3.89109593775441
428.466848063282,12.9813580674541,3.51399289760789
362.155058191127,292.194533495698,3.05607653458549
604.761040829174,102.670198871116,4.17907744730483
395.92858119203,228.051040907279,4.27569213233905
569.796953669688,406.635460722301,4.71888689570156
135.771342901488,285.263296566399,4.48837316899002
204.349291302175,370.503340870396,4.05338783653066
121.669523817823,409.246701096414,3.36414210538307
627.614554791262,310.028193044813,4.56772502191811
3.78783152050258,149.046844631183,4.21073850245926
546.739273894006,202.982333215791,4.15213725991534
34.6498824613057,492.913587698011,3.04965832949765
282.220540556675,21.3641979559561,3.7223012408119
534.943370926066,390.907517888984,3.48489660304353
64.9456649215181,79.0590216965321,5.35369592857457
7.31761497027534,74.4618118092548,3.48081678007728
594.680249192321,224.636776637522,4.05549964573012
441.933242044054,465.496692719741,4.82857870424979
655.757457308032,372.528235351628,3.2068241275261
105.051631316101,482.936532455208,4.42582722168361
621.486657502125,85.3387083631032,4.02915709858712
422.313609916412,258.14028104362,3.65949131023796
14.1359017707923,180.618642634335,3.2166306325046
73.6330225494595,93.494805254841,4.38965157509788
610.895206055202,198.180294670028,4.32272384182324
254.64720578795,212.239416933128,3.6117807894579
574.827188218746,425.238201462664,3.85619700146103
300.41204393751,134.51256507486,3.94111555216495
523.771341721545,453.806520814872,3.50078144416816
41.155006593304,412.408430262612,3.44464285244263
201.179589196044,288.783324140706,3.91767279910111
559.594027770669,257.511032910414,3.60501359425938
166.118459513095,40.9374999102065,4.21915339233738
500.616959903776,334.042429180185,4.46781685996883
44.6117179084121,38.7397901555855,3.86749121984037
524.936514142847,152.546272978192,4.62913316990849
NA,NA,NA
660.161051132033,331.207301711643,3.46351609721464
458.795639297608,297.021835084714,3.56771073718454
5.69177107739338,490.743579912666,3.72244050462192
561.940768791356,53.185255153263,4.14952066668141
71.1064665993265,376.945570122637,3.91997533634947
228.187782207832,417.638969430455,3.89109593775441
428.466848063282,12.9813580674541,3.51399289760789
362.155058191127,292.194533495698,3.05607653458549
604.761040829174,102.670198871116,4.17907744730483
395.92858119203,228.051040907279,4.27569213233905
569.796953669688,406.635460722301,4.71888689570156
135.771342901488,285.263296566399,4.48837316899002
204.349291302175,370.503340870396,4.05338783653066
121.669523817823,409.246701096414,3.36414210538307
627.614554791262,310.028193044813,4.56772502191811
3.78783152050258,149.046844631183,4.21073850245926
546.739273894006,202.982333215791,4.15213725991534
34.6498824613057,492.913587698011,3.04965832949765
282.220540556675,21.3641979559561,3.7223012408119
534.943370926066,390.907517888984,3.48489660304353
64.9456649215181,79.0590216965321,5.35369592857457
7.31761497027534,74.4618118092548,3.48081678007728
594.680249192321,224.636776637522,4.05549964573012
441.933242044054,465.496692719741,4.82857870424979
655.757457308032,372.528235351628,3.2068241275261
105.051631316101,482.936532455208,4.42582722168361
621.486657502125,85.3387083631032,4.02915709858712
422.313609916412,258.14028104362,3.65949131023796
14.1359017707923,180.618642634335,3.2166306325046
73.6330225494595,93.494805254841,4.38965157509788
610.895206055202,198.180294670028,4.32272384182324
254.64720578795,212.239416933128,3.6117807894579
574.827188218746,425.238201462664,3.85619700146103
300.41204393751,134.51256507486,3.94111555216495
523.771341721545,453.806520814872,3.50078144416816
41.155006593304,412.408430262612,3.44464285244263
201.179589196044,288.783324140706,3.91767279910111
559.594027770669,257.511032910414,3.60501359425938
166.118459513095,40.9374999102065,4.21915339233738
500.616959903776,334.042429180185,4.46781685996883
44.6117179084121,38.7397901555855,3.86749121984037
524.936514142847,152.546272978192,4.62913316990849
NA,NA,NA
660.161051132033,331.207301711643,3.46351609721464
458.795639297608,297.021835084714,3.56771073718454
5.69177107739338,490.743579912666,3.72244050462192
561.940768791356,53.185255153263,4.14952066668141
71.1064665993265,376.945570122637,3.91997533634947
228.187782207832,417.638969430455,3.89109593775441
428.466848063282,12.9813580674541,3.51399289760789
362.155058191127,292.194533495698,3.05607653458549
604.761040829174,102.670198871116,4.17907744730483
395.92858119203,228.051040907279,4.27569213233905
569.796953669688,406.635460722301,4.71888689570156
135.771342901488,285.263296566399,4.48837316899002
204.349291302175,370.503340870396,4.05338783653066
121.669523817823,409.246701096414,3.36414210538307
627.614554791262,310.028193044813,4.56772502191811
3.78783152050258,149.046844631183,4.21073850245926
546.739273894006,202.982333215791,4.15213725991534
34.6498824613057,492.913587698011,3.04965832949765
282.220540556675,21.3641979559561,3.7223012408119
534.943370926066,390.907517888984,3.48489660304353
64.9456649215181,79.0590216965321,5.35369592857457
7.31761497027534,74.4618118092548,3.48081678007728
594.680249192321,224.636776637522,4.05549964573012
441.933242044054,465.496692719741,4.82857870424979
655.757457308032,372.528235351628,3.2068241275261
105.051631316101,482.936532455208,4.42582722168361
621.486657502125,85.3387083631032,4.02915709858712
422.313609916412,258.14028104362,3.65949131023796
14.1359017707923,180.618642634335,3.2166306325046
73.6330225494595,93.494805254841,4.38965157509788
610.895206055202,198.180294670028,4.32272384182324
254.64720578795,212.239416933128,3.6117807894579
574.827188218746,425.238201462664,3.85619700146103
300.41204393751,134.51256507486,3.94111555216495
523.771341721545,453.806520814872,3.50078144416816
41.155006593304,412.408430262612,3.44464285244263
201.179589196044,288.783324140706,3.91767279910111
559.594027770669,257.511032910414,3.60501359425938
166.118459513095,40.9374999102065,4.21915339233738
500.616959903776,334.042429180185,4.46781685996883
44.6117179084121,38.7397901555855,3.86749121984037
524.936514142847,152.546272978192,4.62913316990849
NA,NA,NA
660.161051132033,331.207301711643,3.46351609721464
458.795639297608,297.021835084714,3.56771073718454
5.69177107739338,490.743579912666,3.72244050462192
561.940768791356,53.185255153263,4.14952066668141
71.1064665993265,376.945570122637,3.91997533634947
228.187782207832,417.638969430455,3.89109593775441
428.466848063282,12.9813580674541,3.51399289760789
362.155058191127,292.194533495698,3.05607653458549
604.761040829174,102.670198871116,4.17907744730483
395.92858119203,228.051040907279,4.27569213233905
569.796953669688,406.635460722301,4.71888689570156
135.771342901488,285.263296566399,4.48837316899002
204.349291302175,370.503340870396,4.05338783653066
121.669523817823,409.246701096414,3.36414210538307
627.614554791262,310.028193044813,4.56772502191811
3.78783152050258,149.046844631183,4.21073850245926
546.739273894006,202.982333215791,4.15213725991534
34.6498824613057,492.913587698011,3.04965832949765
282.220540556675,21.3641979559561,3.7223012408119
534.943370926066,390.907517888984,3.48489660304353
64.9456649215181,79.0590216965321,5.35369592857457
7.31761497027534,74.4618118092548,3.48081678007728
594.680249192321,224.636776637522,4.05549964573012
441.933242044054,465.496692719741,4.82857870424979
655.757457308032,372.528235351628,3.2068241275261
105.051631316101,482.936532455208,4.42582722168361
621.486657502125,85.3387083631032,4.02915709858712
422.313609916412,258.14028104362,3.65949131023796
14.1359017707923,180.618642634335,3.2166306325046
73.6330225494595,93.494805254841,4.38965157509788
610.895206055202,198.180294670028,4.32272384182324
254.64720578795,212.239416933128,3.6117807894579
574.827188218746,425.238201462664,3.85619700146103
300.41204393751,134.51256507486,3.94111555216495
523.771341721545,453.806520814872,3.50078144416816
41.155006593304,412.408430262612,3.44464285244263
201.179589196044,288.783324140706,3.91767279910111
559.594027770669,257.511032910414,3.60501359425938
166.118459513095,40.9374999102065,4.21915339233738
500.616959903776,334.042429180185,4.46781685996883
44.6117179084121,38.7397901555855,3.86749121984037
524.936514142847,152.546272978192,4.62913316990849
NA,NA,NA
660.161051132033,331.207301711643,3.46351609721464
458.795639297608,297.021835084714,3.56771073718454
5.69177107739338,490.743579912666,3.72244050462192
561.940768791356,53.185255153263,4.14952066668141
71.1064665993265,376.945570122637,3.91997533634947
228.187782207832,417.638969430455,3.89109593775441
428.466848063282,12.9813580674541,3.51399289760789
362.155058191127,292.194533495698,3.05607653458549
604.761040829174,102.670198871116,4.17907744730483
395.92858119203,228.051040907279,4.27569213233905
569.796953669688,406.635460722301,4.71888689570156
135.771342901488,285.263296566399,4.48837316899002
204.349291302175,370.503340870396,4.05338783653066
121.669523817823,409.246701096414,3.36414210538307
627.614554791262,310.028193044813,4.56772502191811
3.78783152050258,149.046844631183,4.21073850245926
546.739273894006,202.982333215791,4.15213725991534
34.6498824613057,492.913587698011,3.04965832949765
282.220540556675,21.3641979559561,3.7223012408119
534.943370926066,390.907517888984,3.48489660304353
64.9456649215181,79.0590216965321,5.35369592857457
7.31761497027534,74.4618118092548,3.48081678007728
594.680249192321,224.636776637522,4.05549964573012
441.933242044054,465.496692719741,4.82857870424979
655.757457308032,372.528235351628,3.2068241275261
105.051631316101,482.936532455208,4.42582722168361
621.486657502125,85.3387083631032,4.02915709858712
422.313609916412,258.14028104362,3.65949131023796
14.1359017707923,180.618642634335,3.2166306325046
73.6330225494595,93.494805254841,4.38965157509788
610.895206055202,198.180294670028,4.32272384182324
254.64720578795,212.239416933128,3.6117807894579
574.827188218746,425.238201462664,3.85619700146103
300.41204393751,134.51256507486,3.94111555216495
523.771341721545,453.806520814872,3.50078144416816
41.155006593304,412.408430262612,3.44464285244263
201.179589196044,288.783324140706,3.91767279910111
559.594027770669,257.511032910414,3.60501359425938
166.118459513095,40.9374999102065,4.21915339233738
500.616959903776,334.042429180185,4.46781685996883
44.6117179084121,38.7397901555855,3.86749121984037
524.936514142847,152.546272978192,4.62913316990849
NA,NA,NA
660.161051132033,331.207301711643,3.46351609721464
458.795639297608,297.021835084714,3.56771073718454
5.69177107739338,490.743579912666,3.72244050462192
561.940768791356,53.185255153263,4.14952066668141
71.1064665993265,376.945570122637,3.91997533634947
228.187782207832,417.638969430455,3.89109593775441
428.466848063282,12.9813580674541,3.51399289760789
362.155058191127,292.194533495698,3.05607653458549
604.761040829174,102.670198871116,4.17907744730483
395.92858119203,228.051040907279,4.27569213233905
569.796953669688,406.635460722301,4.71888689570156
135.771342901488,285.263296566399,4.48837316899002
204.349291302175,370.503340870396,4.05338783653066
121.669523817823,409.246701096414,3.36414210538307
627.614554791262,310.028193044813,4.56772502191811
3.78783152050258,149.046844631183,4.21073850245926
546.739273894006,202.982333215791,4.15213725991534
34.6498824613057,492.913587698011,3.04965832949765
282.220540556675,21.3641979559561,3.7223012408119
534.943370926066,390.907517888984,3.48489660304353
64.9456649215181,79.0590216965321,5.35369592857457
7.31761497027534,74.4618118092548,3.48081678007728
594.680249192321,224.636776637522,4.05549964573012
441.933242044054,465.496692719741,4.82857870424979
655.757457308032,372.528235351628,3.2068241275261
105.051631316101,482.936532455208,4.42582722168361
621.486657502125,85.3387083631032,4.02915709858712
422.313609916412,258.14028104362,3.65949131023796
14.1359017707923,180.618642634335,3.2166306325046
73.6330225494595,93.494805254841,4.38965157509788
610.895206055202,198.180294670028,4.32272384182324
254.64720578795,212.239416933128,3.6117807894579
574.827188218746,425.238201462664,3.85619700146103
300.41204393751,134.51256507486,3.94111555216495
523.771341721545,453.806520814872,3.50078144416816
41.155006593304,412.408430262612,3.44464285244263
201.179589196044,288.783324140706,3.91767279910111
559.594027770669,257.511032910414,3.60501359425938
166.118459513095,40.9374999102065,4.21915339233738
500.616959903776,334.042429180185,4.46781685996883
44.6117179084121,38.7397901555855,3.86749121984037
524.936514142847,152.546272978192,4.62913316990849
NA,NA,NA
663.973681691927,335.615997160317,3.43227926915121
455.877792722525,298.431896769106,3.79239317965325
11.7922260059944,492.961399350366,3.75233720185666
566.955631633988,49.4713353446142,4.22695160238662
70.8691628774555,377.519035386811,3.8536372239673
227.249295514987,405.298521788106,3.93915034974309
427.382028934346,11.189174939974,3.21836356836419
363.336440207126,291.478495932284,3.13616997651324
599.895290185278,109.252169568007,4.22229370555243
389.854825048035,230.496521586846,4.0990515734431
573.060838401855,413.952197519333,4.75223810254901
145.779574299217,281.03101220472,4.62522047136766
198.732596280577,368.006750262338,3.95686507586509
126.677019367004,409.089214260377,3.39150455273827
626.388562993513,306.899455509392,4.50089288655735
4.13005118559515,152.461039318586,4.30719861301506
544.973012461041,209.52929158533,4.10705139835944
34.0548290636897,490.292984394278,2.9998414656042
276.625629879316,19.9419434074473,3.86356063526796
534.633244983785,390.046444901099,3.45313100356644
70.6006340564424,89.3533230350048,5.29403306545592
2.77829708285349,74.814453990101,3.45333553461725
587.637912743627,222.436987143823,4.12487125386337
440.317034238785,463.110563182474,4.84732252265327
660.751530488196,373.572673508876,3.09996549504001
102.977919461045,488.954915860031,4.30699781463386
626.958907447674,93.09501290388,4.09218878724641
421.605102826112,258.920184004868,3.62323683910462
11.5146612222772,181.308492858542,3.24332913322887
59.3580011361693,116.795716470352,4.4398480005557
607.683115873048,198.564410607921,4.11798144907483
258.163506167919,221.736393144667,3.77820467962837
573.404007397945,434.896300887892,3.97163492010116
298.945408799374,141.78309762171,3.79587794817131
527.252767048204,455.398120679197,3.7788792596532
41.0611752881345,419.898360682974,3.84195034606616
200.989100112452,289.933026324854,4.1452679128466
556.045421617846,266.562205133136,3.93837376437936
174.153793219128,24.9295324849534,4.14888520656081
508.077462192988,341.107239419798,4.43592397993542
34.3427640561459,55.3029928670688,3.97334525134222
539.879631743983,128.078845917876,4.7250827644433
NA,NA,NA
663.973681691927,335.615997160317,3.43227926915121
455.877792722525,298.431896769106,3.79239317965325
11.7922260059944,492.961399350366,3.75233720185666
566.955631633988,49.4713353446142,4.22695160238662
70.8691628774555,377.519035386811,3.8536372239673
227.249295514987,405.298521788106,3.93915034974309
427.382028934346,11.189174939974,3.21836356836419
363.336440207126,291.478495932284,3.13616997651324
599.895290185278,109.252169568007,4.22229370555243
389.854825048035,230.496521586846,4.0990515734431
573.060838401855,413.952197519333,4.75223810254901
145.779574299217,281.03101220472,4.62522047136766
198.732596280577,368.006750262338,3.95686507586509
126.677019367004,409.089214260377,3.39150455273827
626.388562993513,306.899455509392,4.50089288655735
4.13005118559515,152.461039318586,4.30719861301506
544.973012461041,209.52929158533,4.10705139835944
34.0548290636897,490.292984394278,2.9998414656042
276.625629879316,19.9419434074473,3.86356063526796
534.633244983785,390.046444901099,3.45313100356644
70.6006340564424,89.3533230350048,5.29403306545592
2.77829708285349,74.814453990101,3.45333553461725
587.637912743627,222.436987143823,4.12487125386337
440.317034238785,463.110563182474,4.84732252265327
660.751530488196,373.572673508876,3.09996549504001
102.977919461045,488.954915860031,4.30699781463386
626.958907447674,93.09501290388,4.09218878724641
421.605102826112,258.920184004868,3.62323683910462
11.5146612222772,181.308492858542,3.24332913322887
59.3580011361693,116.795716470352,4.4398480005557
607.683115873048,198.564410607921,4.11798144907483
258.163506167919,221.736393144667,3.77820467962837
573.404007397945,434.896300887892,3.97163492010116
298.945408799374,141.78309762171,3.79587794817131
527.252767048204,455.398120679197,3.7788792596532
41.0611752881345,419.898360682974,3.84195034606616
200.989100112452,289.933026324854,4.1452679128466
556.045421617846,266.562205133136,3.93837376437936
174.153793219128,24.9295324849534,4.14888520656081
508.077462192988,341.107239419798,4.43592397993542
34.3427640561459,55.3029928670688,3.97334525134222
539.879631743983,128.078845917876,4.7250827644433
NA,NA,NA
663.973681691927,335.615997160317,3.43227926915121
455.877792722525,298.431896769106,3.79239317965325
11.7922260059944,492.961399350366,3.75233720185666
566.955631633988,49.4713353446142,4.22695160238662
70.8691628774555,377.519035386811,3.8536372239673
227.249295514987,405.298521788106,3.93915034974309
427.382028934346,11.189174939974,3.21836356836419
363.336440207126,291.478495932284,3.13616997651324
599.895290185278,109.252169568007,4.22229370555243
389.854825048035,230.496521586846,4.0990515734431
573.060838401855,413.952197519333,4.75223810254901
145.779574299217,281.03101220472,4.62522047136766
198.732596280577,368.006750262338,3.95686507586509
126.677019367004,409.089214260377,3.39150455273827
626.388562993513,306.899455509392,4.50089288655735
4.13005118559515,152.461039318586,4.30719861301506
544.973012461041,209.52929158533,4.10705139835944
34.0548290636897,490.292984394278,2.9998414656042
276.625629879316,19.9419434074473,3.86356063526796
534.633244983785,390.046444901099,3.45313100356644
70.6006340564424,89.3533230350048,5.29403306545592
2.77829708285349,74.814453990101,3.45333553461725
587.637912743627,222.436987143823,4.12487125386337
440.317034238785,463.110563182474,4.84732252265327
660.751530488196,373.572673508876,3.09996549504001
102.977919461045,488.954915860031,4.30699781463386
626.958907447674,93.09501290388,4.09218878724641
421.605102826112,258.920184004868,3.62323683910462
11.5146612222772,181.308492858542,3.24332913322887
59.3580011361693,116.795716470352,4.4398480005557
607.683115873048,198.564410607921,4.11798144907483
258.163506167919,221.736393144667,3.77820467962837
573.404007397945,434.896300887892,3.97163492010116
298.945408799374,141.78309762171,3.79587794817131
527.252767048204,455.398120679197,3.7788792596532
41.0611752881345,419.898360682974,3.84195034606616
200.989100112452,289.933026324854,4.1452679128466
556.045421617846,266.562205133136,3.93837376437936
174.153793219128,24.9295324849534,4.14888520656081
508.077462192988,341.107239419798,4.43592397993542
34.3427640561459,55.3029928670688,3.97334525134222
539.879631743983,128.078845917876,4.7250827644433
NA,NA,NA
663.973681691927,335.615997160317,3.43227926915121
455.877792722525,298.431896769106,3.79239317965325
11.7922260059944,492.961399350366,3.75233720185666
566.955631633988,49.4713353446142,4.22695160238662
70.8691628774555,377.519035386811,3.8536372239673
227.249295514987,405.298521788106,3.93915034974309
427.382028934346,11.189174939974,3.21836356836419
363.336440207126,291.478495932284,3.13616997651324
599.895290185278,109.252169568007,4.22229370555243
389.854825048035,230.496521586846,4.0990515734431
573.060838401855,413.952197519333,4.75223810254901
145.779574299217,281.03101220472,4.62522047136766
198.732596280577,368.006750262338,3.95686507586509
126.677019367004,409.089214260377,3.39150455273827
626.388562993513,306.899455509392,4.50089288655735
4.13005118559515,152.461039318586,4.30719861301506
544.973012461041,209.52929158533,4.10705139835944
34.0548290636897,490.292984394278,2.9998414656042
276.625629879316,19.9419434074473,3.86356063526796
534.633244983785,390.046444901099,3.45313100356644
70.6006340564424,89.3533230350048,5.29403306545592
2.77829708285349,74.814453990101,3.45333553461725
587.637912743627,222.436987143823,4.12487125386337
440.317034238785,463.110563182474,4.84732252265327
660.751530488196,373.572673508876,3.09996549504001
102.977919461045,488.954915860031,4.30699781463386
626.958907447674,93.09501290388,4.09218878724641
421.605102826112,258.920184004868,3.62323683910462
11.5146612222772,181.308492858542,3.24332913322887
59.3580011361693,116.795716470352,4.4398480005557
607.683115873048,198.564410607921,4.11798144907483
258.163506167919,221.736393144667,3.77820467962837
573.404007397945,434.896300887892,3.97163492010116
298.945408799374,141.78309762171,3.79587794817131
527.252767048204,455.398120679197,3.7788792596532
41.0611752881345,419.898360682974,3.84195034606616
200.989100112452,289.933026324854,4.1452679128466
556.045421617846,266.562205133136,3.93837376437936
174.153793219128,24.9295324849534,4.14888520656081
508.077462192988,341.107239419798,4.43592397993542
34.3427640561459,55.3029928670688,3.97334525134222
539.879631743983,128.078845917876,4.7250827644433
NA,NA,NA
663.973681691927,335.615997160317,3.43227926915121
455.877792722525,298.431896769106,3.79239317965325
11.7922260059944,492.961399350366,3.75233720185666
566.955631633988,49.4713353446142,4.22695160238662
70.8691628774555,377.519035386811,3.8536372239673
227.249295514987,405.298521788106,3.93915034974309
427.382028934346,11.189174939974,3.21836356836419
363.336440207126,291.478495932284,3.13616997651324
599.895290185278,109.252169568007,4.22229370555243
389.854825048035,230.496521586846,4.0990515734431
573.060838401855,413.952197519333,4.75223810254901
145.779574299217,281.03101220472,4.62522047136766
198.732596280577,368.006750262338,3.95686507586509
126.677019367004,409.089214260377,3.39150455273827
626.388562993513,306.899455509392,4.50089288655735
4.13005118559515,152.461039318586,4.30719861301506
544.973012461041,209.52929158533,4.10705139835944
34.0548290636897,490.292984394278,2.9998414656042
276.625629879316,19.9419434074473,3.86356063526796
534.633244983785,390.046444901099,3.45313100356644
70.6006340564424,89.3533230350048,5.29403306545592
2.77829708285349,74.814453990101,3.45333553461725
587.637912743627,222.436987143823,4.12487125386337
440.317034238785,463.110563182474,4.84732252265327
660.751530488196,373.572673508876,3.09996549504001
102.977919461045,488.954915860031,4.30699781463386
626.958907447674,93.09501290388,4.09218878724641
421.605102826112,258.920184004868,3.62323683910462
11.5146612222772,181.308492858542,3.24332913322887
59.3580011361693,116.795716470352,4.4398480005557
607.683115873048,198.564410607921,4.11798144907483
258.163506167919,221.736393144667,3.77820467962837
573.404007397945,434.896300887892,3.97163492010116
298.945408799374,141.78309762171,3.79587794817131
527.252767048204,455.398120679197,3.7788792596532
41.0611752881345,419.898360682974,3.84195034606616
200.989100112452,289.933026324854,4.1452679128466
556.045421617846,266.562205133136,3.93837376437936
174.153793219128,24.9295324849534,4.14888520656081
508.077462192988,341.107239419798,4.43592397993542
34.3427640561459,55.3029928670688,3.97334525134222
539.879631743983,128.078845917876,4.7250827644433
NA,NA,NA
663.973681691927,335.615997160317,3.43227926915121
455.877792722525,298.431896769106,3.79239317965325
11.7922260059944,492.961399350366,3.75233720185666
566.955631633988,49.4713353446142,4.22695160238662
70.8691628774555,377.519035386811,3.8536372239673
227.249295514987,405.298521788106,3.93915034974309
427.382028934346,11.189174939974,3.21836356836419
363.336440207126,291.478495932284,3.13616997651324
599.895290185278,109.252169568007,4.22229370555243
389.854825048035,230.496521586846,4.0990515734431
573.060838401855,413.952197519333,4.75223810254901
145.779574299217,281.03101220472,4.62522047136766
198.732596280577,368.006750262338,3.95686507586509
126.677019367004,409.089214260377,3.39150455273827
626.388562993513,306.899455509392,4.50089288655735
4.13005118559515,152.461039318586,4.30719861301506
544.973012461041,209.52929158533,4.10705139835944
34.0548290636897,490.292984394278,2.9998414656042
276.625629879316,19.9419434074473,3.86356063526796
534.633244983785,390.046444901099,3.45313100356644
70.6006340564424,89.3533230350048,5.29403306545592
2.77829708285349,74.814453990101,3.45333553461725
587.637912743627,222.436987143823,4.12487125386337
440.317034238785,463.110563182474,4.84732252265327
660.751530488196,373.572673508876,3.09996549504001
102.977919461045,488.954915860031,4.30699781463386
626.958907447674,93.09501290388,4.09218878724641
421.605102826112,258.920184004868,3.62323683910462
11.5146612222772,181.308492858542,3.24332913322887
59.3580011361693,116.795716470352,4.4398480005557
607.683115873048,198.564410607921,4.11798144907483
258.163506167919,221.736393144667,3.77820467962837
573.404007397945,434.896300887892,3.97163492010116
298.945408799374,141.78309762171,3.79587794817131
527.252767048204,455.398120679197,3.7788792596532
41.0611752881345,419.898360682974,3.84195034606616
200.989100112452,289.933026324854,4.1452679128466
556.045421617846,266.562205133136,3.93837376437936
174.153793219128,24.9295324849534,4.14888520656081
508.077462192988,341.107239419798,4.43592397993542
34.3427640561459,55.3029928670688,3.97334525134222
539.879631743983,128.078845917876,4.7250827644433
NA,NA,NA
667.497846315439,334.633458127343,3.57409929005681
459.882824213183,299.26487942488,3.52258930465043
9.75484438350489,498.256972768479,3.66964361961711
561.839995526947,52.7619892812003,4.22843203922905
73.5917938577018,375.45172401922,3.98256017112562
228.643677737054,414.182811545263,3.95174343350504
425.099117094806,13.0350188514076,3.54039183400641
360.761970979402,292.794160840162,3.15123314549787
602.605030229338,104.096556533888,4.25742609477202
392.285262664019,228.175741114433,4.13316793965072
565.361663098239,418.355657877241,4.77990108725328
133.664838214945,283.449543551644,4.58115892016286
195.586839824291,373.890726582853,3.97297210905288
123.652668082994,411.920035749552,3.28067046070582
624.41793459394,309.003552613935,4.4914194833599
1.98460027477795,150.641054955561,4.29096291415323
543.622093881481,207.474898672983,4.14871587352375
33.607170348295,494.267913779425,3.02944531434289
282.799200928559,26.8374408027164,3.90125445254707
531.604835992398,390.426491015485,3.36905776601134
79.077614135902,80.1716856889954,5.32286967824691
6.69512795137105,73.3509048804318,3.45569550724395
588.968809408702,228.466574054379,4.03714383417792
435.635467426158,455.310115159221,4.69912150592403
659.406670948236,374.520825631409,3.41352687236304
98.4289339079002,478.892136945884,4.451319684579
622.164333323432,95.2254001563967,4.10851771762434
419.8960761506,260.363354946683,3.63615839905136
9.87176230415171,181.214798540673,3.33350451565522
69.18545424134,117.478948218427,4.49099034477244
619.840450180988,199.619138815421,4.12219945828953
251.725739706835,222.154202903467,4.0276755234233
580.907014567503,435.683251975927,3.75994341078174
302.709596336136,133.336890240952,3.97596042367497
528.101271408841,458.044684394319,3.61049276042527
45.1884964168883,426.830045799948,3.92452191119963
193.395934331665,287.128167703156,3.99956186717777
552.50059465475,258.653413095153,3.73286401232476
192.41268220583,36.4295333215154,4.18400571104528
500.084269616333,352.870827395156,4.48497089396186
40.6276538368678,52.7841663432664,3.70863389697709
513.701083410667,138.501343582519,4.70722959109898
NA,NA,NA
667.497846315439,334.633458127343,3.57409929005681
459.882824213183,299.26487942488,3.52258930465043
9.75484438350489,498.256972768479,3.66964361961711
561.839995526947,52.7619892812003,4.22843203922905
73.5917938577018,375.45172401922,3.98256017112562
228.643677737054,414.182811545263,3.95174343350504
425.099117094806,13.0350188514076,3.54039183400641
360.761970979402,292.794160840162,3.15123314549787
602.605030229338,104.096556533888,4.25742609477202
392.285262664019,228.175741114433,4.13316793965072
565.361663098239,418.355657877241,4.77990108725328
133.664838214945,283.449543551644,4.58115892016286
195.586839824291,373.890726582853,3.97297210905288
123.652668082994,411.920035749552,3.28067046070582
624.41793459394,309.003552613935,4.4914194833599
1.98460027477795,150.641054955561,4.29096291415323
543.622093881481,207.474898672983,4.14871587352375
33.607170348295,494.267913779425,3.02944531434289
282.799200928559,26.8374408027164,3.90125445254707
531.604835992398,390.426491015485,3.36905776601134
79.077614135902,80.1716856889954,5.32286967824691
6.69512795137105,73.3509048804318,3.45569550724395
588.968809408702,228.466574054379,4.03714383417792
435.635467426158,455.310115159221,4.69912150592403
659.406670948236,374.520825631409,3.41352687236304
98.4289339079002,478.892136945884,4.451319684579
622.164333323432,95.2254001563967,4.10851771762434
419.8960761506,260.363354946683,3.63615839905136
9.87176230415171,181.214798540673,3.33350451565522
69.18545424134,117.478948218427,4.49099034477244
619.840450180988,199.619138815421,4.12219945828953
251.725739706835,222.154202903467,4.0276755234233
580.907014567503,435.683251975927,3.75994341078174
302.709596336136,133.336890240952,3.97596042367497
528.101271408841,458.044684394319,3.61049276042527
45.1884964168883,426.830045799948,3.92452191119963
193.395934331665,287.128167703156,3.99956186717777
552.50059465475,258.653413095153,3.73286401232476
192.41268220583,36.4295333215154,4.18400571104528
500.084269616333,352.870827395156,4.48497089396186
40.6276538368678,52.7841663432664,3.70863389697709
513.701083410667,138.501343582519,4.70722959109898
NA,NA,NA
667.497846315439,334.633458127343,3.57409929005681
459.882824213183,299.26487942488,3.52258930465043
9.75484438350489,498.256972768479,3.66964361961711
561.839995526947,52.7619892812003,4.22843203922905
73.5917938577018,375.45172401922,3.98256017112562
228.643677737054,414.182811545263,3.95174343350504
425.099117094806,13.0350188514076,3.54039183400641
360.761970979402,292.794160840162,3.15123314549787
602.605030229338,104.096556533888,4.25742609477202
392.285262664019,228.175741114433,4.13316793965072
565.361663098239,418.355657877241,4.77990108725328
133.664838214945,283.449543551644,4.58115892016286
195.586839824291,373.890726582853,3.97297210905288
123.652668082994,411.920035749552,3.28067046070582
624.41793459394,309.003552613935,4.4914194833599
1.98460027477795,150.641054955561,4.29096291415323
543.622093881481,207.474898672983,4.14871587352375
33.607170348295,494.267913779425,3.02944531434289
282.799200928559,26.8374408027164,3.90125445254707
531.604835992398,390.426491015485,3.36905776601134
79.077614135902,80.1716856889954,5.32286967824691
6.69512795137105,73.3509048804318,3.45569550724395
588.968809408702,228.466574054379,4.03714383417792
435.635467426158,455.310115159221,4.69912150592403
659.406670948236,374.520825631409,3.41352687236304
98.4289339079002,478.892136945884,4.451319684579
622.164333323432,95.2254001563967,4.10851771762434
419.8960761506,260.363354946683,3.63615839905136
9.87176230415171,181.214798540673,3.33350451565522
69.18545424134,117.478948218427,4.49099034477244
619.840450180988,199.619138815421,4.12219945828953
251.725739706835,222.154202903467,4.0276755234233
580.907014567503,435.683251975927,3.75994341078174
302.709596336136,133.336890240952,3.97596042367497
528.101271408841,458.044684394319,3.61049276042527
45.1884964168883,426.830045799948,3.92452191119963
193.395934331665,287.128167703156,3.99956186717777
552.50059465475,258.653413095153,3.73286401232476
192.41268220583,36.4295333215154,4.18400571104528
500.084269616333,352.870827395156,4.48497089396186
40.6276538368678,52.7841663432664,3.70863389697709
513.701083410667,138.501343582519,4.70722959109898
NA,NA,NA
667.497846315439,334.633458127343,3.57409929005681
459.882824213183,299.26487942488,3.52258930465043
9.75484438350489,498.256972768479,3.66964361961711
561.839995526947,52.7619892812003,4.22843203922905
73.5917938577018,375.45172401922,3.98256017112562
228.643677737054,414.182811545263,3.95174343350504
425.099117094806,13.0350188514076,3.54039183400641
360.761970979402,292.794160840162,3.15123314549787
602.605030229338,104.096556533888,4.25742609477202
392.285262664019,228.175741114433,4.13316793965072
565.361663098239,418.355657877241,4.77990108725328
133.664838214945,283.449543551644,4.58115892016286
195.586839824291,373.890726582853,3.97297210905288
123.652668082994,411.920035749552,3.28067046070582
624.41793459394,309.003552613935,4.4914194833599
1.98460027477795,150.641054955561,4.29096291415323
543.622093881481,207.474898672983,4.14871587352375
33.607170348295,494.267913779425,3.02944531434289
282.799200928559,26.8374408027164,3.90125445254707
531.604835992398,390.426491015485,3.36905776601134
79.077614135902,80.1716856889954,5.32286967824691
6.69512795137105,73.3509048804318,3.45569550724395
588.968809408702,228.466574054379,4.03714383417792
435.635467426158,455.310115159221,4.69912150592403
659.406670948236,374.520825631409,3.41352687236304
98.4289339079002,478.892136945884,4.451319684579
622.164333323432,95.2254001563967,4.10851771762434
419.8960761506,260.363354946683,3.63615839905136
9.87176230415171,181.214798540673,3.33350451565522
69.18545424134,117.478948218427,4.49099034477244
619.840450180988,199.619138815421,4.12219945828953
251.725739706835,222.154202903467,4.0276755234233
580.907014567503,435.683251975927,3.75994341078174
302.709596336136,133.336890240952,3.97596042367497
528.101271408841,458.044684394319,3.61049276042527
45.1884964168883,426.830045799948,3.92452191119963
193.395934331665,287.128167703156,3.99956186717777
552.50059465475,258.653413095153,3.73286401232476
192.41268220583,36.4295333215154,4.18400571104528
500.084269616333,352.870827395156,4.48497089396186
40.6276538368678,52.7841663432664,3.70863389697709
513.701083410667,138.501343582519,4.70722959109898
NA,NA,NA
667.497846315439,334.633458127343,3.57409929005681
459.882824213183,299.26487942488,3.52258930465043
9.75484438350489,498.256972768479,3.66964361961711
561.839995526947,52.7619892812003,4.22843203922905
73.5917938577018,375.45172401922,3.98256017112562
228.643677737054,414.182811545263,3.95174343350504
425.099117094806,13.0350188514076,3.54039183400641
360.761970979402,292.794160840162,3.15123314549787
602.605030229338,104.096556533888,4.25742609477202
392.285262664019,228.175741114433,4.13316793965072
565.361663098239,418.355657877241,4.77990108725328
133.664838214945,283.449543551644,4.58115892016286
195.586839824291,373.890726582853,3.97297210905288
123.652668082994,411.920035749552,3.28067046070582
624.41793459394,309.003552613935,4.4914194833599
1.98460027477795,150.641054955561,4.29096291415323
543.622093881481,207.474898672983,4.14871587352375
33.607170348295,494.267913779425,3.02944531434289
282.799200928559,26.8374408027164,3.90125445254707
531.604835992398,390.426491015485,3.36905776601134
79.077614135902,80.1716856889954,5.32286967824691
6.69512795137105,73.3509048804318,3.45569550724395
588.968809408702,228.466574054379,4.03714383417792
435.635467426158,455.310115159221,4.69912150592403
659.406670948236,374.520825631409,3.41352687236304
98.4289339079002,478.892136945884,4.451319684579
622.164333323432,95.2254001563967,4.10851771762434
419.8960761506,260.363354946683,3.63615839905136
9.87176230415171,181.214798540673,3.33350451565522
69.18545424134,117.478948218427,4.49099034477244
619.840450180988,199.619138815421,4.12219945828953
251.725739706835,222.154202903467,4.0276755234233
580.907014567503,435.683251975927,3.75994341078174
302.709596336136,133.336890240952,3.97596042367497
528.101271408841,458.044684394319,3.61049276042527
45.1884964168883,426.830045799948,3.92452191119963
193.395934331665,287.128167703156,3.99956186717777
552.50059465475,258.653413095153,3.73286401232476
192.41268220583,36.4295333215154,4.18400571104528
500.084269616333,352.870827395156,4.48497089396186
40.6276538368678,52.7841663432664,3.70863389697709
513.701083410667,138.501343582519,4.70722959109898
NA,NA,NA
667.497846315439,334.633458127343,3.57409929005681
459.882824213183,299.26487942488,3.52258930465043
9.75484438350489,498.256972768479,3.66964361961711
561.839995526947,52.7619892812003,4.22843203922905
73.5917938577018,375.45172401922,3.98256017112562
228.643677737054,414.182811545263,3.95174343350504
425.099117094806,13.0350188514076,3.54039183400641
360.761970979402,292.794160840162,3.15123314549787
602.605030229338,104.096556533888,4.25742609477202
392.285262664019,228.175741114433,4.13316793965072
565.361663098239,418.355657877241,4.77990108725328
133.664838214945,283.449543551644,4.58115892016286
195.586839824291,373.890726582853,3.97297210905288
123.652668082994,411.920035749552,3.28067046070582
624.41793459394,309.003552613935,4.4914194833599
1.98460027477795,150.641054955561,4.29096291415323
543.622093881481,207.474898672983,4.14871587352375
33.607170348295,494.267913779425,3.02944531434289
282.799200928559,26.8374408027164,3.90125445254707
531.604835992398,390.426491015485,3.36905776601134
79.077614135902,80.1716856889954,5.32286967824691
6.69512795137105,73.3509048804318,3.45569550724395
588.968809408702,228.466574054379,4.03714383417792
435.635467426158,455.310115159221,4.69912150592403
659.406670948236,374.520825631409,3.41352687236304
98.4289339079002,478.892136945884,4.451319684579
622.164333323432,95.2254001563967,4.10851771762434
419.8960761506,260.363354946683,3.63615839905136
9.87176230415171,181.214798540673,3.33350451565522
69.18545424134,117.478948218427,4.49099034477244
619.840450180988,199.619138815421,4.12219945828953
251.725739706835,222.154202903467,4.0276755234233
580.907014567503,435.683251975927,3.75994341078174
302.709596336136,133.336890240952,3.97596042367497
528.101271408841,458.044684394319,3.61049276042527
45.1884964168883,426.830045799948,3.92452191119963
193.395934331665,287.128167703156,3.99956186717777
552.50059465475,258.653413095153,3.73286401232476
192.41268220583,36.4295333215154,4.18400571104528
500.084269616333,352.870827395156,4.48497089396186
40.6276538368678,52.7841663432664,3.70863389697709
513.701083410667,138.501343582519,4.70722959109898
NA,NA,NA
657.391968563955,336.780848146337,3.62049741539329
454.371336074799,294.829529563723,3.55953191033576
9.28714925203397,495.525474715414,3.70588127638066
563.079368072958,52.5726735675566,4.13327269847547
75.575388841721,371.481106382181,3.9857927248861
230.39377167335,415.362767807271,3.90474269122566
428.415189372001,10.9996645068312,3.22000727577494
360.790665559086,291.464025703609,3.07084781020039
605.260162607403,103.750378095359,4.23436763282312
394.362425737408,225.871234106302,4.1172409493421
571.27351600496,412.027387106703,4.69601285161584
143.402307579337,283.169740473582,4.59304246363728
202.675010296635,372.908998511496,3.94433907696369
123.025440144169,407.212352447667,3.39569357661834
626.704944965865,315.597241648281,4.52174670113451
3.21484314932341,152.812276040235,4.2496828158053
546.509763098238,206.526571770444,4.04715249579053
34.3655817683594,492.858072412847,2.99156106729252
279.739356890106,24.3138214681476,3.90721477488707
534.971839709896,393.200282146435,3.48508628373048
77.4161065007911,88.6890254719379,5.24006245977453
3.71053645721751,75.2016029476276,3.43080248055195
591.591156124238,226.026752824608,4.05096762935149
435.028732483706,454.091319607758,4.77711296397351
656.738467062664,371.930614015932,3.07160380350835
107.065070726427,483.937382979544,4.38177926519834
625.04449210674,85.597234353182,4.16759261525774
422.06316518811,260.60810443675,3.69063983765246
11.9924770195418,181.342581441727,3.15109147463503
67.0197665263454,101.062721873867,4.48886312482447
619.491366675055,202.771562254115,4.41608973514704
248.241580172614,220.371342363332,3.645933133346
573.314164126004,431.857792931203,3.74402974275047
300.713489454757,140.038584437243,4.07634886520412
530.026025468456,461.067054381382,3.61569800214897
53.3671828595679,417.210248276954,4.240629781453
203.812579724315,287.389717057503,4.0267755764281
551.250713035897,266.386216346426,3.61005788526468
175.83438208839,33.6074493846189,4.31291926267357
499.947803601644,342.951688087971,4.62245787040881
34.4406987075817,48.6882548742634,4.21542700140512
544.467222175503,150.942759289781,4.82659979545581
NA,NA,NA
657.391968563955,336.780848146337,3.62049741539329
454.371336074799,294.829529563723,3.55953191033576
9.28714925203397,495.525474715414,3.70588127638066
563.079368072958,52.5726735675566,4.13327269847547
75.575388841721,371.481106382181,3.9857927248861
230.39377167335,415.362767807271,3.90474269122566
428.415189372001,10.9996645068312,3.22000727577494
360.790665559086,291.464025703609,3.07084781020039
605.260162607403,103.750378095359,4.23436763282312
394.362425737408,225.871234106302,4.1172409493421
571.27351600496,412.027387106703,4.69601285161584
143.402307579337,283.169740473582,4.59304246363728
202.675010296635,372.908998511496,3.94433907696369
123.025440144169,407.212352447667,3.39569357661834
626.704944965865,315.597241648281,4.52174670113451
3.21484314932341,152.812276040235,4.2496828158053
546.509763098238,206.526571770444,4.04715249579053
34.3655817683594,492.858072412847,2.99156106729252
279.739356890106,24.3138214681476,3.90721477488707
534.971839709896,393.200282146435,3.48508628373048
77.4161065007911,88.6890254719379,5.24006245977453
3.71053645721751,75.2016029476276,3.43080248055195
591.591156124238,226.026752824608,4.05096762935149
435.028732483706,454.091319607758,4.77711296397351
656.738467062664,371.930614015932,3.07160380350835
107.065070726427,483.937382979544,4.38177926519834
625.04449210674,85.597234353182,4.16759261525774
422.06316518811,260.60810443675,3.69063983765246
11.9924770195418,181.342581441727,3.15109147463503
67.0197665263454,101.062721873867,4.48886312482447
619.491366675055,202.771562254115,4.41608973514704
248.241580172614,220.371342363332,3.645933133346
573.314164126004,431.857792931203,3.74402974275047
300.713489454757,140.038584437243,4.07634886520412
530.026025468456,461.067054381382,3.61569800214897
53.3671828595679,417.210248276954,4.240629781453
203.812579724315,287.389717057503,4.0267755764281
551.250713035897,266.386216346426,3.61005788526468
175.83438208839,33.6074493846189,4.31291926267357
499.947803601644,342.951688087971,4.62245787040881
34.4406987075817,48.6882548742634,4.21542700140512
544.467222175503,150.942759289781,4.82659979545581
NA,NA,NA
657.391968563955,336.780848146337,3.62049741539329
454.371336074799,294.829529563723,3.55953191033576
9.28714925203397,495.525474715414,3.70588127638066
563.079368072958,52.5726735675566,4.13327269847547
75.575388841721,371.481106382181,3.9857927248861
230.39377167335,415.362767807271,3.90474269122566
428.415189372001,10.9996645068312,3.22000727577494
360.790665559086,291.464025703609,3.07084781020039
605.260162607403,103.750378095359,4.23436763282312
394.362425737408,225.871234106302,4.1172409493421
571.27351600496,412.027387106703,4.69601285161584
143.402307579337,283.169740473582,4.59304246363728
202.675010296635,372.908998511496,3.94433907696369
123.025440144169,407.212352447667,3.39569357661834
626.704944965865,315.597241648281,4.52174670113451
3.21484314932341,152.812276040235,4.2496828158053
546.509763098238,206.526571770444,4.04715249579053
34.3655817683594,492.858072412847,2.99156106729252
279.739356890106,24.3138214681476,3.90721477488707
534.971839709896,393.200282146435,3.48508628373048
77.4161065007911,88.6890254719379,5.24006245977453
3.71053645721751,75.2016029476276,3.43080248055195
591.591156124238,226.026752824608,4.05096762935149
435.028732483706,454.091319607758,4.77711296397351
656.738467062664,371.930614015932,3.07160380350835
107.065070726427,483.937382979544,4.38177926519834
625.04449210674,85.597234353182,4.16759261525774
422.06316518811,260.60810443675,3.69063983765246
11.9924770195418,181.342581441727,3.15109147463503
67.0197665263454,101.062721873867,4.48886312482447
619.491366675055,202.771562254115,4.41608973514704
248.241580172614,220.371342363332,3.645933133346
573.314164126004,431.857792931203,3.74402974275047
300.713489454757,140.038584437243,4.07634886520412
530.026025468456,461.067054381382,3.61569800214897
53.3671828595679,417.210248276954,4.240629781453
203.812579724315,287.389717057503,4.0267755764281
551.250713035897,266.386216346426,3.61005788526468
175.83438208839,33.6074493846189,4.31291926267357
499.947803601644,342.951688087971,4.62245787040881
34.4406987075817,48.6882548742634,4.21542700140512
544.467222175503,150.942759289781,4.82659979545581
NA,NA,NA
657.391968563955,336.780848146337,3.62049741539329
454.371336074799,294.829529563723,3.55953191033576
9.28714925203397,495.525474715414,3.70588127638066
563.079368072958,52.5726735675566,4.13327269847547
75.575388841721,371.481106382181,3.9857927248861
230.39377167335,415.362767807271,3.90474269122566
428.415189372001,10.9996645068312,3.22000727577494
360.790665559086,291.464025703609,3.07084781020039
605.260162607403,103.750378095359,4.23436763282312
394.362425737408,225.871234106302,4.1172409493421
571.27351600496,412.027387106703,4.69601285161584
143.402307579337,283.169740473582,4.59304246363728
202.675010296635,372.908998511496,3.94433907696369
123.025440144169,407.212352447667,3.39569357661834
626.704944965865,315.597241648281,4.52174670113451
3.21484314932341,152.812276040235,4.2496828158053
546.509763098238,206.526571770444,4.04715249579053
34.3655817683594,492.858072412847,2.99156106729252
279.739356890106,24.3138214681476,3.90721477488707
534.971839709896,393.200282146435,3.48508628373048
77.4161065007911,88.6890254719379,5.24006245977453
3.71053645721751,75.2016029476276,3.43080248055195
591.591156124238,226.026752824608,4.05096762935149
435.028732483706,454.091319607758,4.77711296397351
656.738467062664,371.930614015932,3.07160380350835
107.065070726427,483.937382979544,4.38177926519834
625.04449210674,85.597234353182,4.16759261525774
422.06316518811,260.60810443675,3.69063983765246
11.9924770195418,181.342581441727,3.15109147463503
67.0197665263454,101.062721873867,4.48886312482447
619.491366675055,202.771562254115,4.41608973514704
248.241580172614,220.371342363332,3.645933133346
573.314164126004,431.857792931203,3.74402974275047
300.713489454757,140.038584437243,4.07634886520412
530.026025468456,461.067054381382,3.61569800214897
53.3671828595679,417.210248276954,4.240629781453
203.812579724315,287.389717057503,4.0267755764281
551.250713035897,266.386216346426,3.61005788526468
175.83438208839,33.6074493846189,4.31291926267357
499.947803601644,342.951688087971,4.62245787040881
34.4406987075817,48.6882548742634,4.21542700140512
544.467222175503,150.942759289781,4.82659979545581
NA,NA,NA
657.391968563955,336.780848146337,3.62049741539329
454.371336074799,294.829529563723,3.55953191033576
9.28714925203397,495.525474715414,3.70588127638066
563.079368072958,52.5726735675566,4.13327269847547
75.575388841721,371.481106382181,3.9857927248861
230.39377167335,415.362767807271,3.90474269122566
428.415189372001,10.9996645068312,3.22000727577494
360.790665559086,291.464025703609,3.07084781020039
605.260162607403,103.750378095359,4.23436763282312
394.362425737408,225.871234106302,4.1172409493421
571.27351600496,412.027387106703,4.69601285161584
143.402307579337,283.169740473582,4.59304246363728
202.675010296635,372.908998511496,3.94433907696369
123.025440144169,407.212352447667,3.39569357661834
626.704944965865,315.597241648281,4.52174670113451
3.21484314932341,152.812276040235,4.2496828158053
546.509763098238,206.526571770444,4.04715249579053
34.3655817683594,492.858072412847,2.99156106729252
279.739356890106,24.3138214681476,3.90721477488707
534.971839709896,393.200282146435,3.48508628373048
77.4161065007911,88.6890254719379,5.24006245977453
3.71053645721751,75.2016029476276,3.43080248055195
591.591156124238,226.026752824608,4.05096762935149
435.028732483706,454.091319607758,4.77711296397351
656.738467062664,371.930614015932,3.07160380350835
107.065070726427,483.937382979544,4.38177926519834
625.04449210674,85.597234353182,4.16759261525774
422.06316518811,260.60810443675,3.69063983765246
11.9924770195418,181.342581441727,3.15109147463503
67.0197665263454,101.062721873867,4.48886312482447
619.491366675055,202.771562254115,4.41608973514704
248.241580172614,220.371342363332,3.645933133346
573.314164126004,431.857792931203,3.74402974275047
300.713489454757,140.038584437243,4.07634886520412
530.026025468456,461.067054381382,3.61569800214897
53.3671828595679,417.210248276954,4.240629781453
203.812579724315,287.389717057503,4.0267755764281
551.250713035897,266.386216346426,3.61005788526468
175.83438208839,33.6074493846189,4.31291926267357
499.947803601644,342.951688087971,4.62245787040881
34.4406987075817,48.6882548742634,4.21542700140512
544.467222175503,150.942759289781,4.82659979545581
NA,NA,NA
657.391968563955,336.780848146337,3.62049741539329
454.371336074799,294.829529563723,3.55953191033576
9.28714925203397,495.525474715414,3.70588127638066
563.079368072958,52.5726735675566,4.13327269847547
75.575388841721,371.481106382181,3.9857927248861
230.39377167335,415.362767807271,3.90474269122566
428.415189372001,10.9996645068312,3.22000727577494
360.790665559086,291.464025703609,3.07084781020039
605.260162607403,103.750378095359,4.23436763282312
394.362425737408,225.871234106302,4.1172409493421
571.27351600496,412.027387106703,4.69601285161584
143.402307579337,283.169740473582,4.59304246363728
202.675010296635,372.908998511496,3.94433907696369
123.025440144169,407.212352447667,3.39569357661834
626.704944965865,315.597241648281,4.52174670113451
3.21484314932341,152.812276040235,4.2496828158053
546.509763098238,206.526571770444,4.04715249579053
34.3655817683594,492.858072412847,2.99156106729252
279.739356890106,24.3138214681476,3.90721477488707
534.971839709896,393.200282146435,3.48508628373048
77.4161065007911,88.6890254719379,5.24006245977453
3.71053645721751,75.2016029476276,3.43080248055195
591.591156124238,226.026752824608,4.05096762935149
435.028732483706,454.091319607758,4.77711296397351
656.738467062664,371.930614015932,3.07160380350835
107.065070726427,483.937382979544,4.38177926519834
625.04449210674,85.597234353182,4.16759261525774
422.06316518811,260.60810443675,3.69063983765246
11.9924770195418,181.342581441727,3.15109147463503
67.0197665263454,101.062721873867,4.48886312482447
619.491366675055,202.771562254115,4.41608973514704
248.241580172614,220.371342363332,3.645933133346
573.314164126004,431.857792931203,3.74402974275047
300.713489454757,140.038584437243,4.07634886520412
530.026025468456,461.067054381382,3.61569800214897
53.3671828595679,417.210248276954,4.240629781453
203.812579724315,287.389717057503,4.0267755764281
551.250713035897,266.386216346426,3.61005788526468
175.83438208839,33.6074493846189,4.31291926267357
499.947803601644,342.951688087971,4.62245787040881
34.4406987075817,48.6882548742634,4.21542700140512
544.467222175503,150.942759289781,4.82659979545581
NA,NA,NA
661.815298630456,335.668281187269,3.42692525991817
460.139383599658,294.749649830275,3.55172892497204
8.49226068200534,496.458649862899,3.58766825119159
566.789038429021,53.688911343127,4.25022571221871
74.5591041779978,375.797514524371,3.87427933843098
229.655142677806,413.547589334886,3.89897337290415
428.030176366949,12.7724560532809,3.26387714501172
361.040401240531,293.256341742729,3.03956492970412
602.711998330302,105.953785148717,4.34004058871778
391.590646373533,234.523038661316,4.32625004542619
564.711061998269,404.12893163368,4.76590450897002
141.292422874872,285.116656437083,4.65570030564735
199.056036344891,366.204880883743,3.92853884687668
124.206956912885,407.865582223417,3.47831079438676
627.17258104196,309.873788280215,4.50833614045133
-1.22792748703746,141.776573653889,4.18858289546207
540.215562964667,200.988734544652,4.11233225293093
35.6919120807697,492.396878775341,3.04310126478404
282.821501246011,20.0532798483631,3.77197086917929
534.591179295541,394.043947085574,3.380059254028
76.4109547460005,75.1881262536016,5.15398510640095
3.88719418190612,76.3700774475551,3.54524024847415
591.282147226337,226.550359979313,4.05910935081975
448.808017710515,462.161489065482,4.68056972398508
660.034168399218,372.635582655362,3.12042318554882
110.813743770094,483.976590752019,4.28051950059142
622.217056223136,90.5095165113095,4.05698722445833
422.216240579877,258.490695116676,3.65483184662043
12.4371825883355,182.912759914784,3.39184996309882
69.1746128353231,116.433789596921,4.61095896261231
605.041886040463,201.696095568765,4.05916728662091
243.665887517721,215.841950819046,4.11207535972044
565.53054972063,433.679482692857,3.85844891921832
302.126407707317,135.493765211126,3.84183297455372
532.543624798466,458.786543063077,3.49704036145743
48.5895576192906,420.028228371392,4.14682060546863
190.921478997286,284.300807777637,3.93084275096913
552.295252589756,259.397755635441,3.62082732260949
188.468085633048,31.545757060099,4.18284974270863
492.019712749335,338.111330881961,4.25794453328623
41.7095879629121,43.0295763487488,3.89638059529383
543.063352116809,143.727372211281,4.55353022560788
NA,NA,NA
661.815298630456,335.668281187269,3.42692525991817
460.139383599658,294.749649830275,3.55172892497204
8.49226068200534,496.458649862899,3.58766825119159
566.789038429021,53.688911343127,4.25022571221871
74.5591041779978,375.797514524371,3.87427933843098
229.655142677806,413.547589334886,3.89897337290415
428.030176366949,12.7724560532809,3.26387714501172
361.040401240531,293.256341742729,3.03956492970412
602.711998330302,105.953785148717,4.34004058871778
391.590646373533,234.523038661316,4.32625004542619
564.711061998269,404.12893163368,4.76590450897002
141.292422874872,285.116656437083,4.65570030564735
199.056036344891,366.204880883743,3.92853884687668
124.206956912885,407.865582223417,3.47831079438676
627.17258104196,309.873788280215,4.50833614045133
-1.22792748703746,141.776573653889,4.18858289546207
540.215562964667,200.988734544652,4.11233225293093
35.6919120807697,492.396878775341,3.04310126478404
282.821501246011,20.0532798483631,3.77197086917929
534.591179295541,394.043947085574,3.380059254028
76.4109547460005,75.1881262536016,5.15398510640095
3.88719418190612,76.3700774475551,3.54524024847415
591.282147226337,226.550359979313,4.05910935081975
448.808017710515,462.161489065482,4.68056972398508
660.034168399218,372.635582655362,3.12042318554882
110.813743770094,483.976590752019,4.28051950059142
622.217056223136,90.5095165113095,4.05698722445833
422.216240579877,258.490695116676,3.65483184662043
12.4371825883355,182.912759914784,3.39184996309882
69.1746128353231,116.433789596921,4.61095896261231
605.041886040463,201.696095568765,4.05916728662091
243.665887517721,215.841950819046,4.11207535972044
565.53054972063,433.679482692857,3.85844891921832
302.126407707317,135.493765211126,3.84183297455372
532.543624798466,458.786543063077,3.49704036145743
48.5895576192906,420.028228371392,4.14682060546863
190.921478997286,284.300807777637,3.93084275096913
552.295252589756,259.397755635441,3.62082732260949
188.468085633048,31.545757060099,4.18284974270863
492.019712749335,338.111330881961,4.25794453328623
41.7095879629121,43.0295763487488,3.89638059529383
543.063352116809,143.727372211281,4.55353022560788
NA,NA,NA
661.815298630456,335.668281187269,3.42692525991817
460.139383599658,294.749649830275,3.55172892497204
8.49226068200534,496.458649862899,3.58766825119159
566.789038429021,53.688911343127,4.25022571221871
74.5591041779978,375.797514524371,3.87427933843098
229.655142677806,413.547589334886,3.89897337290415
428.030176366949,12.7724560532809,3.26387714501172
361.040401240531,293.256341742729,3.03956492970412
602.711998330302,105.953785148717,4.34004058871778
391.590646373533,234.523038661316,4.32625004542619
564.711061998269,404.12893163368,4.76590450897002
141.292422874872,285.116656437083,4.65570030564735
199.056036344891,366.204880883743,3.92853884687668
124.206956912885,407.865582223417,3.47831079438676
627.17258104196,309.873788280215,4.50833614045133
-1.22792748703746,141.776573653889,4.18858289546207
540.215562964667,200.988734544652,4.11233225293093
35.6919120807697,492.396878775341,3.04310126478404
282.821501246011,20.0532798483631,3.77197086917929
534.591179295541,394.043947085574,3.380059254028
76.4109547460005,75.1881262536016,5.15398510640095
3.88719418190612,76.3700774475551,3.54524024847415
591.282147226337,226.550359979313,4.05910935081975
448.808017710515,462.161489065482,4.68056972398508
660.034168399218,372.635582655362,3.12042318554882
110.813743770094,483.976590752019,4.28051950059142
622.217056223136,90.5095165113095,4.05698722445833
422.216240579877,258.490695116676,3.65483184662043
12.4371825883355,182.912759914784,3.39184996309882
69.1746128353231,116.433789596921,4.61095896261231
605.041886040463,201.696095568765,4.05916728662091
243.665887517721,215.841950819046,4.11207535972044
565.53054972063,433.679482692857,3.85844891921832
302.126407707317,135.493765211126,3.84183297455372
532.543624798466,458.786543063077,3.49704036145743
48.5895576192906,420.028228371392,4.14682060546863
190.921478997286,284.300807777637,3.93084275096913
552.295252589756,259.397755635441,3.62082732260949
188.468085633048,31.545757060099,4.18284974270863
492.019712749335,338.111330881961,4.25794453328623
41.7095879629121,43.0295763487488,3.89638059529383
543.063352116809,143.727372211281,4.55353022560788
NA,NA,NA
661.815298630456,335.668281187269,3.42692525991817
460.139383599658,294.749649830275,3.55172892497204
8.49226068200534,496.458649862899,3.58766825119159
566.789038429021,53.688911343127,4.25022571221871
74.5591041779978,375.797514524371,3.87427933843098
229.655142677806,413.547589334886,3.89897337290415
428.030176366949,12.7724560532809,3.26387714501172
361.040401240531,293.256341742729,3.03956492970412
602.711998330302,105.953785148717,4.34004058871778
391.590646373533,234.523038661316,4.32625004542619
564.711061998269,404.12893163368,4.76590450897002
141.292422874872,285.116656437083,4.65570030564735
199.056036344891,366.204880883743,3.92853884687668
124.206956912885,407.865582223417,3.47831079438676
627.17258104196,309.873788280215,4.50833614045133
-1.22792748703746,141.776573653889,4.18858289546207
540.215562964667,200.988734544652,4.11233225293093
35.6919120807697,492.396878775341,3.04310126478404
282.821501246011,20.0532798483631,3.77197086917929
534.591179295541,394.043947085574,3.380059254028
76.4109547460005,75.1881262536016,5.15398510640095
3.88719418190612,76.3700774475551,3.54524024847415
591.282147226337,226.550359979313,4.05910935081975
448.808017710515,462.161489065482,4.68056972398508
660.034168399218,372.635582655362,3.12042318554882
110.813743770094,483.976590752019,4.28051950059142
622.217056223136,90.5095165113095,4.05698722445833
422.216240579877,258.490695116676,3.65483184662043
12.4371825883355,182.912759914784,3.39184996309882
69.1746128353231,116.433789596921,4.61095896261231
605.041886040463,201.696095568765,4.05916728662091
243.665887517721,215.841950819046,4.11207535972044
565.53054972063,433.679482692857,3.85844891921832
302.126407707317,135.493765211126,3.84183297455372
532.543624798466,458.786543063077,3.49704036145743
48.5895576192906,420.028228371392,4.14682060546863
190.921478997286,284.300807777637,3.93084275096913
552.295252589756,259.397755635441,3.62082732260949
188.468085633048,31.545757060099,4.18284974270863
492.019712749335,338.111330881961,4.25794453328623
41.7095879629121,43.0295763487488,3.89638059529383
543.063352116809,143.727372211281,4.55353022560788
NA,NA,NA
661.815298630456,335.668281187269,3.42692525991817
460.139383599658,294.749649830275,3.55172892497204
8.49226068200534,496.458649862899,3.58766825119159
566.789038429021,53.688911343127,4.25022571221871
74.5591041779978,375.797514524371,3.87427933843098
229.655142677806,413.547589334886,3.89897337290415
428.030176366949,12.7724560532809,3.26387714501172
361.040401240531,293.256341742729,3.03956492970412
602.711998330302,105.953785148717,4.34004058871778
391.590646373533,234.523038661316,4.32625004542619
564.711061998269,404.12893163368,4.76590450897002
141.292422874872,285.116656437083,4.65570030564735
199.056036344891,366.204880883743,3.92853884687668
124.206956912885,407.865582223417,3.47831079438676
627.17258104196,309.873788280215,4.50833614045133
-1.22792748703746,141.776573653889,4.18858289546207
540.215562964667,200.988734544652,4.11233225293093
35.6919120807697,492.396878775341,3.04310126478404
282.821501246011,20.0532798483631,3.77197086917929
534.591179295541,394.043947085574,3.380059254028
76.4109547460005,75.1881262536016,5.15398510640095
3.88719418190612,76.3700774475551,3.54524024847415
591.282147226337,226.550359979313,4.05910935081975
448.808017710515,462.161489065482,4.68056972398508
660.034168399218,372.635582655362,3.12042318554882
110.813743770094,483.976590752019,4.28051950059142
622.217056223136,90.5095165113095,4.05698722445833
422.216240579877,258.490695116676,3.65483184662043
12.4371825883355,182.912759914784,3.39184996309882
69.1746128353231,116.433789596921,4.61095896261231
605.041886040463,201.696095568765,4.05916728662091
243.665887517721,215.841950819046,4.11207535972044
565.53054972063,433.679482692857,3.85844891921832
302.126407707317,135.493765211126,3.84183297455372
532.543624798466,458.786543063077,3.49704036145743
48.5895576192906,420.028228371392,4.14682060546863
190.921478997286,284.300807777637,3.93084275096913
552.295252589756,259.397755635441,3.62082732260949
188.468085633048,31.545757060099,4.18284974270863
492.019712749335,338.111330881961,4.25794453328623
41.7095879629121,43.0295763487488,3.89638059529383
543.063352116809,143.727372211281,4.55353022560788
NA,NA,NA
661.815298630456,335.668281187269,3.42692525991817
460.139383599658,294.749649830275,3.55172892497204
8.49226068200534,496.458649862899,3.58766825119159
566.789038429021,53.688911343127,4.25022571221871
74.5591041779978,375.797514524371,3.87427933843098
229.655142677806,413.547589334886,3.89897337290415
428.030176366949,12.7724560532809,3.26387714501172
361.040401240531,293.256341742729,3.03956492970412
602.711998330302,105.953785148717,4.34004058871778
391.590646373533,234.523038661316,4.32625004542619
564.711061998269,404.12893163368,4.76590450897002
141.292422874872,285.116656437083,4.65570030564735
199.056036344891,366.204880883743,3.92853884687668
124.206956912885,407.865582223417,3.47831079438676
627.17258104196,309.873788280215,4.50833614045133
-1.22792748703746,141.776573653889,4.18858289546207
540.215562964667,200.988734544652,4.11233225293093
35.6919120807697,492.396878775341,3.04310126478404
282.821501246011,20.0532798483631,3.77197086917929
534.591179295541,394.043947085574,3.380059254028
76.4109547460005,75.1881262536016,5.15398510640095
3.88719418190612,76.3700774475551,3.54524024847415
591.282147226337,226.550359979313,4.05910935081975
448.808017710515,462.161489065482,4.68056972398508
660.034168399218,372.635582655362,3.12042318554882
110.813743770094,483.976590752019,4.28051950059142
622.217056223136,90.5095165113095,4.05698722445833
422.216240579877,258.490695116676,3.65483184662043
12.4371825883355,182.912759914784,3.39184996309882
69.1746128353231,116.433789596921,4.61095896261231
605.041886040463,201.696095568765,4.05916728662091
243.665887517721,215.841950819046,4.11207535972044
565.53054972063,433.679482692857,3.85844891921832
302.126407707317,135.493765211126,3.84183297455372
532.543624798466,458.786543063077,3.49704036145743
48.5895576192906,420.028228371392,4.14682060546863
190.921478997286,284.300807777637,3.93084275096913
552.295252589756,259.397755635441,3.62082732260949
188.468085633048,31.545757060099,4.18284974270863
492.019712749335,338.111330881961,4.25794453328623
41.7095879629121,43.0295763487488,3.89638059529383
543.063352116809,143.727372211281,4.55353022560788
NA,NA,NA
661.53944923448,333.850208838922,3.53398898898054
456.090491265791,298.617474661112,3.64260943598548
11.2770211863844,493.345240450873,3.67502574810889
558.555324204468,49.255066609278,4.13983038053209
75.5909708447106,374.940202602443,3.84869090616051
226.756867878088,414.200973386683,3.80221614065261
428.762632410534,14.3068249652406,3.3592778822234
362.472147716167,291.1916797548,3.08997968492821
608.651068199135,103.613711090718,4.26422507933697
388.867449946432,230.559684580571,4.11611917297425
563.443755868621,406.432539022873,4.76797631452409
141.501000463195,281.485490618342,4.5394193301184
200.013480382025,373.771443574704,3.99221561621856
127.33604029938,410.238903227742,3.49980834225014
628.116186481719,314.712192527608,4.48037571762823
-4.65535212353263,149.11502715553,4.16304092819889
540.725153950658,200.088063844256,4.02802640461802
34.9954228850241,493.577968128126,2.95625567832292
277.090196447285,23.5154515109479,3.69423317192996
531.716467128418,393.408113427897,3.36012774360917
71.9027503680903,76.9686750428471,5.21440321151503
5.7679423283646,71.1536106508567,3.50237815246333
584.380308837588,226.586309625375,3.9806343098091
440.177584226394,454.978111062068,4.74637340913433
658.394999391749,371.937805675956,3.0023752317815
108.310200034034,488.771245407231,4.39418271207757
625.784792146416,89.9791010426039,4.11315384029983
421.486944092599,262.088432768015,3.62002062254187
11.9464130941112,182.010310280368,3.27716721940017
61.7701157297296,118.667545119348,4.74902689941171
614.341406845095,199.302597434859,4.34420804718528
254.705964876533,221.266216262576,3.83468932247226
575.452523797558,439.368195124882,3.86319688592891
299.50783246015,134.107093309334,3.84447751708374
532.768283508222,462.759986417925,3.45080024876401
46.7552518802743,425.457531870287,4.01123656063464
205.647060599889,284.568350136985,4.19166280801386
561.57857202385,268.1723122612,3.67288165676333
179.077691426607,19.084961180218,4.54660321112869
504.489336281017,349.678693084212,4.70760118528649
39.5147584710216,44.5244805797995,4.00526305024203
521.684346968122,140.895305671772,4.72309406680204
NA,NA,NA
661.53944923448,333.850208838922,3.53398898898054
456.090491265791,298.617474661112,3.64260943598548
11.2770211863844,493.345240450873,3.67502574810889
558.555324204468,49.255066609278,4.13983038053209
75.5909708447106,374.940202602443,3.84869090616051
226.756867878088,414.200973386683,3.80221614065261
428.762632410534,14.3068249652406,3.3592778822234
362.472147716167,291.1916797548,3.08997968492821
608.651068199135,103.613711090718,4.26422507933697
388.867449946432,230.559684580571,4.11611917297425
563.443755868621,406.432539022873,4.76797631452409
141.501000463195,281.485490618342,4.5394193301184
200.013480382025,373.771443574704,3.99221561621856
127.33604029938,410.238903227742,3.49980834225014
628.116186481719,314.712192527608,4.48037571762823
-4.65535212353263,149.11502715553,4.16304092819889
540.725153950658,200.088063844256,4.02802640461802
34.9954228850241,493.577968128126,2.95625567832292
277.090196447285,23.5154515109479,3.69423317192996
531.716467128418,393.408113427897,3.36012774360917
71.9027503680903,76.9686750428471,5.21440321151503
5.7679423283646,71.1536106508567,3.50237815246333
584.380308837588,226.586309625375,3.9806343098091
440.177584226394,454.978111062068,4.74637340913433
658.394999391749,371.937805675956,3.0023752317815
108.310200034034,488.771245407231,4.39418271207757
625.784792146416,89.9791010426039,4.11315384029983
421.486944092599,262.088432768015,3.62002062254187
11.9464130941112,182.010310280368,3.27716721940017
61.7701157297296,118.667545119348,4.74902689941171
614.341406845095,199.302597434859,4.34420804718528
254.705964876533,221.266216262576,3.83468932247226
575.452523797558,439.368195124882,3.86319688592891
299.50783246015,134.107093309334,3.84447751708374
532.768283508222,462.759986417925,3.45080024876401
46.7552518802743,425.457531870287,4.01123656063464
205.647060599889,284.568350136985,4.19166280801386
561.57857202385,268.1723122612,3.67288165676333
179.077691426607,19.084961180218,4.54660321112869
504.489336281017,349.678693084212,4.70760118528649
39.5147584710216,44.5244805797995,4.00526305024203
521.684346968122,140.895305671772,4.72309406680204
NA,NA,NA
661.53944923448,333.850208838922,3.53398898898054
456.090491265791,298.617474661112,3.64260943598548
11.2770211863844,493.345240450873,3.67502574810889
558.555324204468,49.255066609278,4.13983038053209
75.5909708447106,374.940202602443,3.84869090616051
226.756867878088,414.200973386683,3.80221614065261
428.762632410534,14.3068249652406,3.3592778822234
362.472147716167,291.1916797548,3.08997968492821
608.651068199135,103.613711090718,4.26422507933697
388.867449946432,230.559684580571,4.11611917297425
563.443755868621,406.432539022873,4.76797631452409
141.501000463195,281.485490618342,4.5394193301184
200.013480382025,373.771443574704,3.99221561621856
127.33604029938,410.238903227742,3.49980834225014
628.116186481719,314.712192527608,4.48037571762823
-4.65535212353263,149.11502715553,4.16304092819889
540.725153950658,200.088063844256,4.02802640461802
34.9954228850241,493.577968128126,2.95625567832292
277.090196447285,23.5154515109479,3.69423317192996
531.716467128418,393.408113427897,3.36012774360917
71.9027503680903,76.9686750428471,5.21440321151503
5.7679423283646,71.1536106508567,3.50237815246333
584.380308837588,226.586309625375,3.9806343098091
440.177584226394,454.978111062068,4.74637340913433
658.394999391749,371.937805675956,3.0023752317815
108.310200034034,488.771245407231,4.39418271207757
625.784792146416,89.9791010426039,4.11315384029983
421.486944092599,262.088432768015,3.62002062254187
11.9464130941112,182.010310280368,3.27716721940017
61.7701157297296,118.667545119348,4.74902689941171
614.341406845095,199.302597434859,4.34420804718528
254.705964876533,221.266216262576,3.83468932247226
575.452523797558,439.368195124882,3.86319688592891
299.50783246015,134.107093309334,3.84447751708374
532.768283508222,462.759986417925,3.45080024876401
46.7552518802743,425.457531870287,4.01123656063464
205.647060599889,284.568350136985,4.19166280801386
561.57857202385,268.1723122612,3.67288165676333
179.077691426607,19.084961180218,4.54660321112869
504.489336281017,349.678693084212,4.70760118528649
39.5147584710216,44.5244805797995,4.00526305024203
521.684346968122,140.895305671772,4.72309406680204
NA,NA,NA
661.53944923448,333.850208838922,3.53398898898054
456.090491265791,298.617474661112,3.64260943598548
11.2770211863844,493.345240450873,3.67502574810889
558.555324204468,49.255066609278,4.13983038053209
75.5909708447106,374.940202602443,3.84869090616051
226.756867878088,414.200973386683,3.80221614065261
428.762632410534,14.3068249652406,3.3592778822234
362.472147716167,291.1916797548,3.08997968492821
608.651068199135,103.613711090718,4.26422507933697
388.867449946432,230.559684580571,4.11611917297425
563.443755868621,406.432539022873,4.76797631452409
141.501000463195,281.485490618342,4.5394193301184
200.013480382025,373.771443574704,3.99221561621856
127.33604029938,410.238903227742,3.49980834225014
628.116186481719,314.712192527608,4.48037571762823
-4.65535212353263,149.11502715553,4.16304092819889
540.725153950658,200.088063844256,4.02802640461802
34.9954228850241,493.577968128126,2.95625567832292
277.090196447285,23.5154515109479,3.69423317192996
531.716467128418,393.408113427897,3.36012774360917
71.9027503680903,76.9686750428471,5.21440321151503
5.7679423283646,71.1536106508567,3.50237815246333
584.380308837588,226.586309625375,3.9806343098091
440.177584226394,454.978111062068,4.74637340913433
658.394999391749,371.937805675956,3.0023752317815
108.310200034034,488.771245407231,4.39418271207757
625.784792146416,89.9791010426039,4.11315384029983
421.486944092599,262.088432768015,3.62002062254187
11.9464130941112,182.010310280368,3.27716721940017
61.7701157297296,118.667545119348,4.74902689941171
614.341406845095,199.302597434859,4.34420804718528
254.705964876533,221.266216262576,3.83468932247226
575.452523797558,439.368195124882,3.86319688592891
299.50783246015,134.107093309334,3.84447751708374
532.768283508222,462.759986417925,3.45080024876401
46.7552518802743,425.457531870287,4.01123656063464
205.647060599889,284.568350136985,4.19166280801386
561.57857202385,268.1723122612,3.67288165676333
179.077691426607,19.084961180218,4.54660321112869
504.489336281017,349.678693084212,4.70760118528649
39.5147584710216,44.5244805797995,4.00526305024203
521.684346968122,140.895305671772,4.72309406680204
NA,NA,NA
661.53944923448,333.850208838922,3.53398898898054
456.090491265791,298.617474661112,3.64260943598548
11.2770211863844,493.345240450873,3.67502574810889
558.555324204468,49.255066609278,4.13983038053209
75.5909708447106,374.940202602443,3.84869090616051
226.756867878088,414.200973386683,3.80221614065261
428.762632410534,14.3068249652406,3.3592778822234
362.472147716167,291.1916797548,3.08997968492821
608.651068199135,103.613711090718,4.26422507933697
388.867449946432,230.559684580571,4.11611917297425
563.443755868621,406.432539022873,4.76797631452409
141.501000463195,281.485490618342,4.5394193301184
200.013480382025,373.771443574704,3.99221561621856
127.33604029938,410.238903227742,3.49980834225014
628.116186481719,314.712192527608,4.48037571762823
-4.65535212353263,149.11502715553,4.16304092819889
540.725153950658,200.088063844256,4.02802640461802
34.9954228850241,493.577968128126,2.95625567832292
277.090196447285,23.5154515109479,3.69423317192996
531.716467128418,393.408113427897,3.36012774360917
71.9027503680903,76.9686750428471,5.21440321151503
5.7679423283646,71.1536106508567,3.50237815246333
584.380308837588,226.586309625375,3.9806343098091
440.177584226394,454.978111062068,4.74637340913433
658.394999391749,371.937805675956,3.0023752317815
108.310200034034,488.771245407231,4.39418271207757
625.784792146416,89.9791010426039,4.11315384029983
421.486944092599,262.088432768015,3.62002062254187
11.9464130941112,182.010310280368,3.27716721940017
61.7701157297296,118.667545119348,4.74902689941171
614.341406845095,199.302597434859,4.34420804718528
254.705964876533,221.266216262576,3.83468932247226
575.452523797558,439.368195124882,3.86319688592891
299.50783246015,134.107093309334,3.84447751708374
532.768283508222,462.759986417925,3.45080024876401
46.7552518802743,425.457531870287,4.01123656063464
205.647060599889,284.568350136985,4.19166280801386
561.57857202385,268.1723122612,3.67288165676333
179.077691426607,19.084961180218,4.54660321112869
504.489336281017,349.678693084212,4.70760118528649
39.5147584710216,44.5244805797995,4.00526305024203
521.684346968122,140.895305671772,4.72309406680204
NA,NA,NA
661.53944923448,333.850208838922,3.53398898898054
456.090491265791,298.617474661112,3.64260943598548
11.2770211863844,493.345240450873,3.67502574810889
558.555324204468,49.255066609278,4.13983038053209
75.5909708447106,374.940202602443,3.84869090616051
226.756867878088,414.200973386683,3.80221614065261
428.762632410534,14.3068249652406,3.3592778822234
362.472147716167,291.1916797548,3.08997968492821
608.651068199135,103.613711090718,4.26422507933697
388.867449946432,230.559684580571,4.11611917297425
563.443755868621,406.432539022873,4.76797631452409
141.501000463195,281.485490618342,4.5394193301184
200.013480382025,373.771443574704,3.99221561621856
127.33604029938,410.238903227742,3.49980834225014
628.116186481719,314.712192527608,4.48037571762823
-4.65535212353263,149.11502715553,4.16304092819889
540.725153950658,200.088063844256,4.02802640461802
34.9954228850241,493.577968128126,2.95625567832292
277.090196447285,23.5154515109479,3.69423317192996
531.716467128418,393.408113427897,3.36012774360917
71.9027503680903,76.9686750428471,5.21440321151503
5.7679423283646,71.1536106508567,3.50237815246333
584.380308837588,226.586309625375,3.9806343098091
440.177584226394,454.978111062068,4.74637340913433
658.394999391749,371.937805675956,3.0023752317815
108.310200034034,488.771245407231,4.39418271207757
625.784792146416,89.9791010426039,4.11315384029983
421.486944092599,262.088432768015,3.62002062254187
11.9464130941112,182.010310280368,3.27716721940017
61.7701157297296,118.667545119348,4.74902689941171
614.341406845095,199.302597434859,4.34420804718528
254.705964876533,221.266216262576,3.83468932247226
575.452523797558,439.368195124882,3.86319688592891
299.50783246015,134.107093309334,3.84447751708374
532.768283508222,462.759986417925,3.45080024876401
46.7552518802743,425.457531870287,4.01123656063464
205.647060599889,284.568350136985,4.19166280801386
561.57857202385,268.1723122612,3.67288165676333
179.077691426607,19.084961180218,4.54660321112869
504.489336281017,349.678693084212,4.70760118528649
39.5147584710216,44.5244805797995,4.00526305024203
521.684346968122,140.895305671772,4.72309406680204
NA,NA,NA
664.748411459567,335.819710914481,3.46135356967977
456.717576095797,299.174622140679,3.5634824955198
14.3253846959829,493.985555113976,3.45216208892792
559.81271538077,55.8688425012495,4.15142072738418
73.0043172328873,373.400209968264,3.84157671527795
227.773009729463,411.727513916844,3.99332596974116
427.726934900396,12.504785756629,3.49670284567084
360.54517754519,290.173195398567,3.03149776332696
607.310934243757,106.041866611088,4.27597004071213
390.224055320877,227.136693604588,4.2779499592858
566.720534422888,405.854644078799,4.74109136637636
136.950747745802,287.41403714292,4.50633576203662
207.208883356681,367.565679577839,3.9338996710027
124.328274777984,410.951547177446,3.5027619111591
622.390067756748,316.145090659023,4.63213103550412
3.5233735784901,146.111884760824,4.20121113862864
540.884925568158,200.262750670954,4.09127370078572
35.0473089800583,491.266779909109,3.00489769302441
279.773735302202,18.9542786200395,3.9296132145338
536.263272195168,392.010692649005,3.38681122234704
64.7935813339695,82.2130359952949,5.34929498288708
2.14649403753349,82.7840409081439,3.34083993729334
591.912024837823,223.843367517049,4.0423610094819
441.421081165192,462.593941574669,4.70876153234293
659.318653572013,374.387500974411,3.28668179631477
104.478840243674,496.12556388171,4.44276776833865
625.190655169954,97.0670143762748,4.02595900184903
421.854255840444,260.059051442934,3.70948259658091
11.7667937805022,182.225099028951,3.30731620806072
69.3091353450379,112.560329951725,4.53052344883778
614.178647944545,198.935575651895,4.31843761565481
256.920269468838,226.301077432917,3.75963779800971
564.110173678614,431.399075947967,3.75028921087219
297.086981755383,130.253858538772,3.98151010209103
532.762078980354,467.141866732012,3.65314468253203
47.2285303242099,410.529403744752,4.07868626033387
196.578079282416,276.983093466802,4.04331923933723
550.162310731777,255.602884926055,3.76540805488838
180.17876193231,28.5544734923493,4.22051839106889
509.354526904998,346.413006942722,4.2896812634548
45.2393109281334,48.5394293976754,3.88759345626671
528.345084244051,163.63500188163,4.93100374440096
NA,NA,NA
664.748411459567,335.819710914481,3.46135356967977
456.717576095797,299.174622140679,3.5634824955198
14.3253846959829,493.985555113976,3.45216208892792
559.81271538077,55.8688425012495,4.15142072738418
73.0043172328873,373.400209968264,3.84157671527795
227.773009729463,411.727513916844,3.99332596974116
427.726934900396,12.504785756629,3.49670284567084
360.54517754519,290.173195398567,3.03149776332696
607.310934243757,106.041866611088,4.27597004071213
390.224055320877,227.136693604588,4.2779499592858
566.720534422888,405.854644078799,4.74109136637636
136.950747745802,287.41403714292,4.50633576203662
207.208883356681,367.565679577839,3.9338996710027
124.328274777984,410.951547177446,3.5027619111591
622.390067756748,316.145090659023,4.63213103550412
3.5233735784901,146.111884760824,4.20121113862864
540.884925568158,200.262750670954,4.09127370078572
35.0473089800583,491.266779909109,3.00489769302441
279.773735302202,18.9542786200395,3.9296132145338
536.263272195168,392.010692649005,3.38681122234704
64.7935813339695,82.2130359952949,5.34929498288708
2.14649403753349,82.7840409081439,3.34083993729334
591.912024837823,223.843367517049,4.0423610094819
441.421081165192,462.593941574669,4.70876153234293
659.318653572013,374.387500974411,3.28668179631477
104.478840243674,496.12556388171,4.44276776833865
625.190655169954,97.0670143762748,4.02595900184903
421.854255840444,260.059051442934,3.70948259658091
11.7667937805022,182.225099028951,3.30731620806072
69.3091353450379,112.560329951725,4.53052344883778
614.178647944545,198.935575651895,4.31843761565481
256.920269468838,226.301077432917,3.75963779800971
564.110173678614,431.399075947967,3.75028921087219
297.086981755383,130.253858538772,3.98151010209103
532.762078980354,467.141866732012,3.65314468253203
47.2285303242099,410.529403744752,4.07868626033387
196.578079282416,276.983093466802,4.04331923933723
550.162310731777,255.602884926055,3.76540805488838
180.17876193231,28.5544734923493,4.22051839106889
509.354526904998,346.413006942722,4.2896812634548
45.2393109281334,48.5394293976754,3.88759345626671
528.345084244051,163.63500188163,4.93100374440096
NA,NA,NA
664.748411459567,335.819710914481,3.46135356967977
456.717576095797,299.174622140679,3.5634824955198
14.3253846959829,493.985555113976,3.45216208892792
559.81271538077,55.8688425012495,4.15142072738418
73.0043172328873,373.400209968264,3.84157671527795
227.773009729463,411.727513916844,3.99332596974116
427.726934900396,12.504785756629,3.49670284567084
360.54517754519,290.173195398567,3.03149776332696
607.310934243757,106.041866611088,4.27597004071213
390.224055320877,227.136693604588,4.2779499592858
566.720534422888,405.854644078799,4.74109136637636
136.950747745802,287.41403714292,4.50633576203662
207.208883356681,367.565679577839,3.9338996710027
124.328274777984,410.951547177446,3.5027619111591
622.390067756748,316.145090659023,4.63213103550412
3.5233735784901,146.111884760824,4.20121113862864
540.884925568158,200.262750670954,4.09127370078572
35.0473089800583,491.266779909109,3.00489769302441
279.773735302202,18.9542786200395,3.9296132145338
536.263272195168,392.010692649005,3.38681122234704
64.7935813339695,82.2130359952949,5.34929498288708
2.14649403753349,82.7840409081439,3.34083993729334
591.912024837823,223.843367517049,4.0423610094819
441.421081165192,462.593941574669,4.70876153234293
659.318653572013,374.387500974411,3.28668179631477
104.478840243674,496.12556388171,4.44276776833865
625.190655169954,97.0670143762748,4.02595900184903
421.854255840444,260.059051442934,3.70948259658091
11.7667937805022,182.225099028951,3.30731620806072
69.3091353450379,112.560329951725,4.53052344883778
614.178647944545,198.935575651895,4.31843761565481
256.920269468838,226.301077432917,3.75963779800971
564.110173678614,431.399075947967,3.75028921087219
297.086981755383,130.253858538772,3.98151010209103
532.762078980354,467.141866732012,3.65314468253203
47.2285303242099,410.529403744752,4.07868626033387
196.578079282416,276.983093466802,4.04331923933723
550.162310731777,255.602884926055,3.76540805488838
180.17876193231,28.5544734923493,4.22051839106889
509.354526904998,346.413006942722,4.2896812634548
45.2393109281334,48.5394293976754,3.88759345626671
528.345084244051,163.63500188163,4.93100374440096
NA,NA,NA
664.748411459567,335.819710914481,3.46135356967977
456.717576095797,299.174622140679,3.5634824955198
14.3253846959829,493.985555113976,3.45216208892792
559.81271538077,55.8688425012495,4.15142072738418
73.0043172328873,373.400209968264,3.84157671527795
227.773009729463,411.727513916844,3.99332596974116
427.726934900396,12.504785756629,3.49670284567084
360.54517754519,290.173195398567,3.03149776332696
607.310934243757,106.041866611088,4.27597004071213
390.224055320877,227.136693604588,4.2779499592858
566.720534422888,405.854644078799,4.74109136637636
136.950747745802,287.41403714292,4.50633576203662
207.208883356681,367.565679577839,3.9338996710027
124.328274777984,410.951547177446,3.5027619111591
622.390067756748,316.145090659023,4.63213103550412
3.5233735784901,146.111884760824,4.20121113862864
540.884925568158,200.262750670954,4.09127370078572
35.0473089800583,491.266779909109,3.00489769302441
279.773735302202,18.9542786200395,3.9296132145338
536.263272195168,392.010692649005,3.38681122234704
64.7935813339695,82.2130359952949,5.34929498288708
2.14649403753349,82.7840409081439,3.34083993729334
591.912024837823,223.843367517049,4.0423610094819
441.421081165192,462.593941574669,4.70876153234293
659.318653572013,374.387500974411,3.28668179631477
104.478840243674,496.12556388171,4.44276776833865
625.190655169954,97.0670143762748,4.02595900184903
421.854255840444,260.059051442934,3.70948259658091
11.7667937805022,182.225099028951,3.30731620806072
69.3091353450379,112.560329951725,4.53052344883778
614.178647944545,198.935575651895,4.31843761565481
256.920269468838,226.301077432917,3.75963779800971
564.110173678614,431.399075947967,3.75028921087219
297.086981755383,130.253858538772,3.98151010209103
532.762078980354,467.141866732012,3.65314468253203
47.2285303242099,410.529403744752,4.07868626033387
196.578079282416,276.983093466802,4.04331923933723
550.162310731777,255.602884926055,3.76540805488838
180.17876193231,28.5544734923493,4.22051839106889
509.354526904998,346.413006942722,4.2896812634548
45.2393109281334,48.5394293976754,3.88759345626671
528.345084244051,163.63500188163,4.93100374440096
NA,NA,NA
664.748411459567,335.819710914481,3.46135356967977
456.717576095797,299.174622140679,3.5634824955198
14.3253846959829,493.985555113976,3.45216208892792
559.81271538077,55.8688425012495,4.15142072738418
73.0043172328873,373.400209968264,3.84157671527795
227.773009729463,411.727513916844,3.99332596974116
427.726934900396,12.504785756629,3.49670284567084
360.54517754519,290.173195398567,3.03149776332696
607.310934243757,106.041866611088,4.27597004071213
390.224055320877,227.136693604588,4.2779499592858
566.720534422888,405.854644078799,4.74109136637636
136.950747745802,287.41403714292,4.50633576203662
207.208883356681,367.565679577839,3.9338996710027
124.328274777984,410.951547177446,3.5027619111591
622.390067756748,316.145090659023,4.63213103550412
3.5233735784901,146.111884760824,4.20121113862864
540.884925568158,200.262750670954,4.09127370078572
35.0473089800583,491.266779909109,3.00489769302441
279.773735302202,18.9542786200395,3.9296132145338
536.263272195168,392.010692649005,3.38681122234704
64.7935813339695,82.2130359952949,5.34929498288708
2.14649403753349,82.7840409081439,3.34083993729334
591.912024837823,223.843367517049,4.0423610094819
441.421081165192,462.593941574669,4.70876153234293
659.318653572013,374.387500974411,3.28668179631477
104.478840243674,496.12556388171,4.44276776833865
625.190655169954,97.0670143762748,4.02595900184903
421.854255840444,260.059051442934,3.70948259658091
11.7667937805022,182.225099028951,3.30731620806072
69.3091353450379,112.560329951725,4.53052344883778
614.178647944545,198.935575651895,4.31843761565481
256.920269468838,226.301077432917,3.75963779800971
564.110173678614,431.399075947967,3.75028921087219
297.086981755383,130.253858538772,3.98151010209103
532.762078980354,467.141866732012,3.65314468253203
47.2285303242099,410.529403744752,4.07868626033387
196.578079282416,276.983093466802,4.04331923933723
550.162310731777,255.602884926055,3.76540805488838
180.17876193231,28.5544734923493,4.22051839106889
509.354526904998,346.413006942722,4.2896812634548
45.2393109281334,48.5394293976754,3.88759345626671
528.345084244051,163.63500188163,4.93100374440096
NA,NA,NA
664.748411459567,335.819710914481,3.46135356967977
456.717576095797,299.174622140679,3.5634824955198
14.3253846959829,493.985555113976,3.45216208892792
559.81271538077,55.8688425012495,4.15142072738418
73.0043172328873,373.400209968264,3.84157671527795
227.773009729463,411.727513916844,3.99332596974116
427.726934900396,12.504785756629,3.49670284567084
360.54517754519,290.173195398567,3.03149776332696
607.310934243757,106.041866611088,4.27597004071213
390.224055320877,227.136693604588,4.2779499592858
566.720534422888,405.854644078799,4.74109136637636
136.950747745802,287.41403714292,4.50633576203662
207.208883356681,367.565679577839,3.9338996710027
124.328274777984,410.951547177446,3.5027619111591
622.390067756748,316.145090659023,4.63213103550412
3.5233735784901,146.111884760824,4.20121113862864
540.884925568158,200.262750670954,4.09127370078572
35.0473089800583,491.266779909109,3.00489769302441
279.773735302202,18.9542786200395,3.9296132145338
536.263272195168,392.010692649005,3.38681122234704
64.7935813339695,82.2130359952949,5.34929498288708
2.14649403753349,82.7840409081439,3.34083993729334
591.912024837823,223.843367517049,4.0423610094819
441.421081165192,462.593941574669,4.70876153234293
659.318653572013,374.387500974411,3.28668179631477
104.478840243674,496.12556388171,4.44276776833865
625.190655169954,97.0670143762748,4.02595900184903
421.854255840444,260.059051442934,3.70948259658091
11.7667937805022,182.225099028951,3.30731620806072
69.3091353450379,112.560329951725,4.53052344883778
614.178647944545,198.935575651895,4.31843761565481
256.920269468838,226.301077432917,3.75963779800971
564.110173678614,431.399075947967,3.75028921087219
297.086981755383,130.253858538772,3.98151010209103
532.762078980354,467.141866732012,3.65314468253203
47.2285303242099,410.529403744752,4.07868626033387
196.578079282416,276.983093466802,4.04331923933723
550.162310731777,255.602884926055,3.76540805488838
180.17876193231,28.5544734923493,4.22051839106889
509.354526904998,346.413006942722,4.2896812634548
45.2393109281334,48.5394293976754,3.88759345626671
528.345084244051,163.63500188163,4.93100374440096
NA,NA,NA
660.167519892885,333.914634796587,3.42184488319486
453.577125696888,296.445352532915,3.69586748354194
14.302759124178,495.598575827833,3.58381638036104
560.954077141374,50.4796457787913,4.28619618983184
67.3306934485342,374.404880354469,4.10963365070134
230.409704322696,414.613293907063,3.99176943662756
426.89040694098,13.0514384333822,3.28157221821757
363.013642172288,291.798884647562,2.89083647456461
609.273302947895,103.595132316719,4.19195042606666
391.294800589154,227.084384244257,4.10764207133775
572.20731257793,412.751706391485,4.69305906672124
139.33490025901,284.73007433535,4.4752013558468
200.15880030735,373.015466501296,3.94265634885552
127.445801782754,409.518502277866,3.49606883372685
626.143552975519,307.879854912327,4.47376099029021
1.37956150698425,147.487394494141,4.18117905909372
541.800356608526,207.083116035829,4.3418463664558
33.4650296400017,490.42773042355,2.91383450187047
277.126504322844,23.5250807760594,3.99612417798821
533.716062323545,390.899337637834,3.35594884911408
76.2416675963279,78.6164750675586,5.2599738746578
3.77289700655414,77.2086867728429,3.36122386512707
589.872520184193,229.826922145025,4.05309744003821
441.015320994791,459.068089021228,4.85949875613441
659.123307644357,374.186404058375,3.09451694273943
105.804140932563,487.476211343512,4.25961933584645
626.786567741899,87.5877987915832,4.07518939446258
421.646184080278,257.910048154106,3.56468014777489
9.79189588590944,181.30196854815,3.33607206711784
54.4930991753831,117.284604967486,4.31009234611842
612.472212464138,200.22132930307,4.25356843966576
261.3301498968,218.8553050863,4.02744391789707
572.69855377745,432.38022396809,3.86800847661809
305.137816932207,137.645094378651,3.65462483902879
529.101246710569,454.834485646991,3.60617754091659
49.299851775976,425.239452887295,3.99898531753781
199.980389850345,272.216837570801,3.69955847812671
555.998203307804,264.301668861077,3.47344206622256
167.421283649626,44.9278584509886,4.27116512167909
493.257913883763,342.426680502803,4.4068589805684
31.7107680318991,54.2038648179342,3.64147803135585
510.258791691563,137.584734542902,4.78178516792985
NA,NA,NA
660.167519892885,333.914634796587,3.42184488319486
453.577125696888,296.445352532915,3.69586748354194
14.302759124178,495.598575827833,3.58381638036104
560.954077141374,50.4796457787913,4.28619618983184
67.3306934485342,374.404880354469,4.10963365070134
230.409704322696,414.613293907063,3.99176943662756
426.89040694098,13.0514384333822,3.28157221821757
363.013642172288,291.798884647562,2.89083647456461
609.273302947895,103.595132316719,4.19195042606666
391.294800589154,227.084384244257,4.10764207133775
572.20731257793,412.751706391485,4.69305906672124
139.33490025901,284.73007433535,4.4752013558468
200.15880030735,373.015466501296,3.94265634885552
127.445801782754,409.518502277866,3.49606883372685
626.143552975519,307.879854912327,4.47376099029021
1.37956150698425,147.487394494141,4.18117905909372
541.800356608526,207.083116035829,4.3418463664558
33.4650296400017,490.42773042355,2.91383450187047
277.126504322844,23.5250807760594,3.99612417798821
533.716062323545,390.899337637834,3.35594884911408
76.2416675963279,78.6164750675586,5.2599738746578
3.77289700655414,77.2086867728429,3.36122386512707
589.872520184193,229.826922145025,4.05309744003821
441.015320994791,459.068089021228,4.85949875613441
659.123307644357,374.186404058375,3.09451694273943
105.804140932563,487.476211343512,4.25961933584645
626.786567741899,87.5877987915832,4.07518939446258
421.646184080278,257.910048154106,3.56468014777489
9.79189588590944,181.30196854815,3.33607206711784
54.4930991753831,117.284604967486,4.31009234611842
612.472212464138,200.22132930307,4.25356843966576
261.3301498968,218.8553050863,4.02744391789707
572.69855377745,432.38022396809,3.86800847661809
305.137816932207,137.645094378651,3.65462483902879
529.101246710569,454.834485646991,3.60617754091659
49.299851775976,425.239452887295,3.99898531753781
199.980389850345,272.216837570801,3.69955847812671
555.998203307804,264.301668861077,3.47344206622256
167.421283649626,44.9278584509886,4.27116512167909
493.257913883763,342.426680502803,4.4068589805684
31.7107680318991,54.2038648179342,3.64147803135585
510.258791691563,137.584734542902,4.78178516792985
NA,NA,NA
660.167519892885,333.914634796587,3.42184488319486
453.577125696888,296.445352532915,3.69586748354194
14.302759124178,495.598575827833,3.58381638036104
560.954077141374,50.4796457787913,4.28619618983184
67.3306934485342,374.404880354469,4.10963365070134
230.409704322696,414.613293907063,3.99176943662756
426.89040694098,13.0514384333822,3.28157221821757
363.013642172288,291.798884647562,2.89083647456461
609.273302947895,103.595132316719,4.19195042606666
391.294800589154,227.084384244257,4.10764207133775
572.20731257793,412.751706391485,4.69305906672124
139.33490025901,284.73007433535,4.4752013558468
200.15880030735,373.015466501296,3.94265634885552
127.445801782754,409.518502277866,3.49606883372685
626.143552975519,307.879854912327,4.47376099029021
1.37956150698425,147.487394494141,4.18117905909372
541.800356608526,207.083116035829,4.3418463664558
33.4650296400017,490.42773042355,2.91383450187047
277.126504322844,23.5250807760594,3.99612417798821
533.716062323545,390.899337637834,3.35594884911408
76.2416675963279,78.6164750675586,5.2599738746578
3.77289700655414,77.2086867728429,3.36122386512707
589.872520184193,229.826922145025,4.05309744003821
441.015320994791,459.068089021228,4.85949875613441
659.123307644357,374.186404058375,3.09451694273943
105.804140932563,487.476211343512,4.25961933584645
626.786567741899,87.5877987915832,4.07518939446258
421.646184080278,257.910048154106,3.56468014777489
9.79189588590944,181.30196854815,3.33607206711784
54.4930991753831,117.284604967486,4.31009234611842
612.472212464138,200.22132930307,4.25356843966576
261.3301498968,218.8553050863,4.02744391789707
572.69855377745,432.38022396809,3.86800847661809
305.137816932207,137.645094378651,3.65462483902879
529.101246710569,454.834485646991,3.60617754091659
49.299851775976,425.239452887295,3.99898531753781
199.980389850345,272.216837570801,3.69955847812671
555.998203307804,264.301668861077,3.47344206622256
167.421283649626,44.9278584509886,4.27116512167909
493.257913883763,342.426680502803,4.4068589805684
31.7107680318991,54.2038648179342,3.64147803135585
510.258791691563,137.584734542902,4.78178516792985
NA,NA,NA
660.167519892885,333.914634796587,3.42184488319486
453.577125696888,296.445352532915,3.69586748354194
14.302759124178,495.598575827833,3.58381638036104
560.954077141374,50.4796457787913,4.28619618983184
67.3306934485342,374.404880354469,4.10963365070134
230.409704322696,414.613293907063,3.99176943662756
426.89040694098,13.0514384333822,3.28157221821757
363.013642172288,291.798884647562,2.89083647456461
609.273302947895,103.595132316719,4.19195042606666
391.294800589154,227.084384244257,4.10764207133775
572.20731257793,412.751706391485,4.69305906672124
139.33490025901,284.73007433535,4.4752013558468
200.15880030735,373.015466501296,3.94265634885552
127.445801782754,409.518502277866,3.49606883372685
626.143552975519,307.879854912327,4.47376099029021
1.37956150698425,147.487394494141,4.18117905909372
541.800356608526,207.083116035829,4.3418463664558
33.4650296400017,490.42773042355,2.91383450187047
277.126504322844,23.5250807760594,3.99612417798821
533.716062323545,390.899337637834,3.35594884911408
76.2416675963279,78.6164750675586,5.2599738746578
3.77289700655414,77.2086867728429,3.36122386512707
589.872520184193,229.826922145025,4.05309744003821
441.015320994791,459.068089021228,4.85949875613441
659.123307644357,374.186404058375,3.09451694273943
105.804140932563,487.476211343512,4.25961933584645
626.786567741899,87.5877987915832,4.07518939446258
421.646184080278,257.910048154106,3.56468014777489
9.79189588590944,181.30196854815,3.33607206711784
54.4930991753831,117.284604967486,4.31009234611842
612.472212464138,200.22132930307,4.25356843966576
261.3301498968,218.8553050863,4.02744391789707
572.69855377745,432.38022396809,3.86800847661809
305.137816932207,137.645094378651,3.65462483902879
529.101246710569,454.834485646991,3.60617754091659
49.299851775976,425.239452887295,3.99898531753781
199.980389850345,272.216837570801,3.69955847812671
555.998203307804,264.301668861077,3.47344206622256
167.421283649626,44.9278584509886,4.27116512167909
493.257913883763,342.426680502803,4.4068589805684
31.7107680318991,54.2038648179342,3.64147803135585
510.258791691563,137.584734542902,4.78178516792985
NA,NA,NA
660.167519892885,333.914634796587,3.42184488319486
453.577125696888,296.445352532915,3.69586748354194
14.302759124178,495.598575827833,3.58381638036104
560.954077141374,50.4796457787913,4.28619618983184
67.3306934485342,374.404880354469,4.10963365070134
230.409704322696,414.613293907063,3.99176943662756
426.89040694098,13.0514384333822,3.28157221821757
363.013642172288,291.798884647562,2.89083647456461
609.273302947895,103.595132316719,4.19195042606666
391.294800589154,227.084384244257,4.10764207133775
572.20731257793,412.751706391485,4.69305906672124
139.33490025901,284.73007433535,4.4752013558468
200.15880030735,373.015466501296,3.94265634885552
127.445801782754,409.518502277866,3.49606883372685
626.143552975519,307.879854912327,4.47376099029021
1.37956150698425,147.487394494141,4.18117905909372
541.800356608526,207.083116035829,4.3418463664558
33.4650296400017,490.42773042355,2.91383450187047
277.126504322844,23.5250807760594,3.99612417798821
533.716062323545,390.899337637834,3.35594884911408
76.2416675963279,78.6164750675586,5.2599738746578
3.77289700655414,77.2086867728429,3.36122386512707
589.872520184193,229.826922145025,4.05309744003821
441.015320994791,459.068089021228,4.85949875613441
659.123307644357,374.186404058375,3.09451694273943
105.804140932563,487.476211343512,4.25961933584645
626.786567741899,87.5877987915832,4.07518939446258
421.646184080278,257.910048154106,3.56468014777489
9.79189588590944,181.30196854815,3.33607206711784
54.4930991753831,117.284604967486,4.31009234611842
612.472212464138,200.22132930307,4.25356843966576
261.3301498968,218.8553050863,4.02744391789707
572.69855377745,432.38022396809,3.86800847661809
305.137816932207,137.645094378651,3.65462483902879
529.101246710569,454.834485646991,3.60617754091659
49.299851775976,425.239452887295,3.99898531753781
199.980389850345,272.216837570801,3.69955847812671
555.998203307804,264.301668861077,3.47344206622256
167.421283649626,44.9278584509886,4.27116512167909
493.257913883763,342.426680502803,4.4068589805684
31.7107680318991,54.2038648179342,3.64147803135585
510.258791691563,137.584734542902,4.78178516792985
NA,NA,NA
660.167519892885,333.914634796587,3.42184488319486
453.577125696888,296.445352532915,3.69586748354194
14.302759124178,495.598575827833,3.58381638036104
560.954077141374,50.4796457787913,4.28619618983184
67.3306934485342,374.404880354469,4.10963365070134
230.409704322696,414.613293907063,3.99176943662756
426.89040694098,13.0514384333822,3.28157221821757
363.013642172288,291.798884647562,2.89083647456461
609.273302947895,103.595132316719,4.19195042606666
391.294800589154,227.084384244257,4.10764207133775
572.20731257793,412.751706391485,4.69305906672124
139.33490025901,284.73007433535,4.4752013558468
200.15880030735,373.015466501296,3.94265634885552
127.445801782754,409.518502277866,3.49606883372685
626.143552975519,307.879854912327,4.47376099029021
1.37956150698425,147.487394494141,4.18117905909372
541.800356608526,207.083116035829,4.3418463664558
33.4650296400017,490.42773042355,2.91383450187047
277.126504322844,23.5250807760594,3.99612417798821
533.716062323545,390.899337637834,3.35594884911408
76.2416675963279,78.6164750675586,5.2599738746578
3.77289700655414,77.2086867728429,3.36122386512707
589.872520184193,229.826922145025,4.05309744003821
441.015320994791,459.068089021228,4.85949875613441
659.123307644357,374.186404058375,3.09451694273943
105.804140932563,487.476211343512,4.25961933584645
626.786567741899,87.5877987915832,4.07518939446258
421.646184080278,257.910048154106,3.56468014777489
9.79189588590944,181.30196854815,3.33607206711784
54.4930991753831,117.284604967486,4.31009234611842
612.472212464138,200.22132930307,4.25356843966576
261.3301498968,218.8553050863,4.02744391789707
572.69855377745,432.38022396809,3.86800847661809
305.137816932207,137.645094378651,3.65462483902879
529.101246710569,454.834485646991,3.60617754091659
49.299851775976,425.239452887295,3.99898531753781
199.980389850345,272.216837570801,3.69955847812671
555.998203307804,264.301668861077,3.47344206622256
167.421283649626,44.9278584509886,4.27116512167909
493.257913883763,342.426680502803,4.4068589805684
31.7107680318991,54.2038648179342,3.64147803135585
510.258791691563,137.584734542902,4.78178516792985
NA,NA,NA
661.379892470794,329.286693730139,3.53411484203126
456.186241829798,299.75345099598,3.66158988772782
10.821763526711,494.648527566085,3.49318920775506
557.20851547216,51.2460099641262,4.23271307530245
71.7911528145522,372.546671272616,3.94806543219195
231.459483642166,417.709354265288,3.80047382372985
427.770553788714,10.9710076891916,3.33259848669595
362.454821229004,294.954003337449,2.92506042504911
604.692183660421,103.891633811748,4.11035616767847
393.586949074813,235.504552535896,4.20183216301658
574.372524258831,413.069374539413,4.80923535500411
143.567215288037,286.674708238029,4.58069464493892
197.90092995789,365.366433368022,4.00429206441643
128.579540436037,412.963304746492,3.45157940737509
629.20526839348,312.787446963299,4.47594607575747
6.79135760017019,148.634283426025,4.21965811205677
541.903211245385,201.674977308755,4.25060249512384
33.5351527319336,490.860083545836,3.08685004948147
276.31802908426,21.7674866732941,3.90422326733521
533.160034815101,389.701080529378,3.51074949108006
76.4220459831923,82.2762780810134,5.07632714343665
5.26161579361366,73.0261864137568,3.5038272432974
585.079665922687,227.160439074413,4.02572482640833
441.25554275909,461.383755041124,4.74855606548721
660.15087895431,371.283764099733,3.12455275347461
100.617613411062,482.493294331801,4.3735487697551
623.121941918618,93.5092314517628,4.05489226870395
418.275019390218,256.872906283028,3.58794600897587
9.79032088525631,181.49362161249,3.24813683194832
55.2550791308003,100.681696736658,4.33584874115434
613.869735726331,200.687666392805,4.09682984343791
258.815319270351,211.24892686845,3.90735813501078
580.135568149675,440.32689498947,3.94531212423959
302.435771933647,135.822734916141,3.77086384930476
526.59174360284,454.837660268642,3.32329449714013
46.4215350078482,412.825015051837,3.68605094047413
195.170471337853,282.551417243924,4.06199757037102
550.251908524294,261.743861980989,3.88411894203737
174.339446159266,11.4188538757414,4.3600882547315
503.73134449561,340.441493978617,4.69235162270543
31.4591718942173,57.5682882791574,4.21364599281378
526.224766667548,158.368715772912,4.8879121450451
NA,NA,NA
661.379892470794,329.286693730139,3.53411484203126
456.186241829798,299.75345099598,3.66158988772782
10.821763526711,494.648527566085,3.49318920775506
557.20851547216,51.2460099641262,4.23271307530245
71.7911528145522,372.546671272616,3.94806543219195
231.459483642166,417.709354265288,3.80047382372985
427.770553788714,10.9710076891916,3.33259848669595
362.454821229004,294.954003337449,2.92506042504911
604.692183660421,103.891633811748,4.11035616767847
393.586949074813,235.504552535896,4.20183216301658
574.372524258831,413.069374539413,4.80923535500411
143.567215288037,286.674708238029,4.58069464493892
197.90092995789,365.366433368022,4.00429206441643
128.579540436037,412.963304746492,3.45157940737509
629.20526839348,312.787446963299,4.47594607575747
6.79135760017019,148.634283426025,4.21965811205677
541.903211245385,201.674977308755,4.25060249512384
33.5351527319336,490.860083545836,3.08685004948147
276.31802908426,21.7674866732941,3.90422326733521
533.160034815101,389.701080529378,3.51074949108006
76.4220459831923,82.2762780810134,5.07632714343665
5.26161579361366,73.0261864137568,3.5038272432974
585.079665922687,227.160439074413,4.02572482640833
441.25554275909,461.383755041124,4.74855606548721
660.15087895431,371.283764099733,3.12455275347461
100.617613411062,482.493294331801,4.3735487697551
623.121941918618,93.5092314517628,4.05489226870395
418.275019390218,256.872906283028,3.58794600897587
9.79032088525631,181.49362161249,3.24813683194832
55.2550791308003,100.681696736658,4.33584874115434
613.869735726331,200.687666392805,4.09682984343791
258.815319270351,211.24892686845,3.90735813501078
580.135568149675,440.32689498947,3.94531212423959
302.435771933647,135.822734916141,3.77086384930476
526.59174360284,454.837660268642,3.32329449714013
46.4215350078482,412.825015051837,3.68605094047413
195.170471337853,282.551417243924,4.06199757037102
550.251908524294,261.743861980989,3.88411894203737
174.339446159266,11.4188538757414,4.3600882547315
503.73134449561,340.441493978617,4.69235162270543
31.4591718942173,57.5682882791574,4.21364599281378
526.224766667548,158.368715772912,4.8879121450451
NA,NA,NA
661.379892470794,329.286693730139,3.53411484203126
456.186241829798,299.75345099598,3.66158988772782
10.821763526711,494.648527566085,3.49318920775506
557.20851547216,51.2460099641262,4.23271307530245
71.7911528145522,372.546671272616,3.94806543219195
231.459483642166,417.709354265288,3.80047382372985
427.770553788714,10.9710076891916,3.33259848669595
362.454821229004,294.954003337449,2.92506042504911
604.692183660421,103.891633811748,4.11035616767847
393.586949074813,235.504552535896,4.20183216301658
574.372524258831,413.069374539413,4.80923535500411
143.567215288037,286.674708238029,4.58069464493892
197.90092995789,365.366433368022,4.00429206441643
128.579540436037,412.963304746492,3.45157940737509
629.20526839348,312.787446963299,4.47594607575747
6.79135760017019,148.634283426025,4.21965811205677
541.903211245385,201.674977308755,4.25060249512384
33.5351527319336,490.860083545836,3.08685004948147
276.31802908426,21.7674866732941,3.90422326733521
533.160034815101,389.701080529378,3.51074949108006
76.4220459831923,82.2762780810134,5.07632714343665
5.26161579361366,73.0261864137568,3.5038272432974
585.079665922687,227.160439074413,4.02572482640833
441.25554275909,461.383755041124,4.74855606548721
660.15087895431,371.283764099733,3.12455275347461
100.617613411062,482.493294331801,4.3735487697551
623.121941918618,93.5092314517628,4.05489226870395
418.275019390218,256.872906283028,3.58794600897587
9.79032088525631,181.49362161249,3.24813683194832
55.2550791308003,100.681696736658,4.33584874115434
613.869735726331,200.687666392805,4.09682984343791
258.815319270351,211.24892686845,3.90735813501078
580.135568149675,440.32689498947,3.94531212423959
302.435771933647,135.822734916141,3.77086384930476
526.59174360284,454.837660268642,3.32329449714013
46.4215350078482,412.825015051837,3.68605094047413
195.170471337853,282.551417243924,4.06199757037102
550.251908524294,261.743861980989,3.88411894203737
174.339446159266,11.4188538757414,4.3600882547315
503.73134449561,340.441493978617,4.69235162270543
31.4591718942173,57.5682882791574,4.21364599281378
526.224766667548,158.368715772912,4.8879121450451
NA,NA,NA
661.379892470794,329.286693730139,3.53411484203126
456.186241829798,299.75345099598,3.66158988772782
10.821763526711,494.648527566085,3.49318920775506
557.20851547216,51.2460099641262,4.23271307530245
71.7911528145522,372.546671272616,3.94806543219195
231.459483642166,417.709354265288,3.80047382372985
427.770553788714,10.9710076891916,3.33259848669595
362.454821229004,294.954003337449,2.92506042504911
604.692183660421,103.891633811748,4.11035616767847
393.586949074813,235.504552535896,4.20183216301658
574.372524258831,413.069374539413,4.80923535500411
143.567215288037,286.674708238029,4.58069464493892
197.90092995789,365.366433368022,4.00429206441643
128.579540436037,412.963304746492,3.45157940737509
629.20526839348,312.787446963299,4.47594607575747
6.79135760017019,148.634283426025,4.21965811205677
541.903211245385,201.674977308755,4.25060249512384
33.5351527319336,490.860083545836,3.08685004948147
276.31802908426,21.7674866732941,3.90422326733521
533.160034815101,389.701080529378,3.51074949108006
76.4220459831923,82.2762780810134,5.07632714343665
5.26161579361366,73.0261864137568,3.5038272432974
585.079665922687,227.160439074413,4.02572482640833
441.25554275909,461.383755041124,4.74855606548721
660.15087895431,371.283764099733,3.12455275347461
100.617613411062,482.493294331801,4.3735487697551
623.121941918618,93.5092314517628,4.05489226870395
418.275019390218,256.872906283028,3.58794600897587
9.79032088525631,181.49362161249,3.24813683194832
55.2550791308003,100.681696736658,4.33584874115434
613.869735726331,200.687666392805,4.09682984343791
258.815319270351,211.24892686845,3.90735813501078
580.135568149675,440.32689498947,3.94531212423959
302.435771933647,135.822734916141,3.77086384930476
526.59174360284,454.837660268642,3.32329449714013
46.4215350078482,412.825015051837,3.68605094047413
195.170471337853,282.551417243924,4.06199757037102
550.251908524294,261.743861980989,3.88411894203737
174.339446159266,11.4188538757414,4.3600882547315
503.73134449561,340.441493978617,4.69235162270543
31.4591718942173,57.5682882791574,4.21364599281378
526.224766667548,158.368715772912,4.8879121450451
NA,NA,NA
661.379892470794,329.286693730139,3.53411484203126
456.186241829798,299.75345099598,3.66158988772782
10.821763526711,494.648527566085,3.49318920775506
557.20851547216,51.2460099641262,4.23271307530245
71.7911528145522,372.546671272616,3.94806543219195
231.459483642166,417.709354265288,3.80047382372985
427.770553788714,10.9710076891916,3.33259848669595
362.454821229004,294.954003337449,2.92506042504911
604.692183660421,103.891633811748,4.11035616767847
393.586949074813,235.504552535896,4.20183216301658
574.372524258831,413.069374539413,4.80923535500411
143.567215288037,286.674708238029,4.58069464493892
197.90092995789,365.366433368022,4.00429206441643
128.579540436037,412.963304746492,3.45157940737509
629.20526839348,312.787446963299,4.47594607575747
6.79135760017019,148.634283426025,4.21965811205677
541.903211245385,201.674977308755,4.25060249512384
33.5351527319336,490.860083545836,3.08685004948147
276.31802908426,21.7674866732941,3.90422326733521
533.160034815101,389.701080529378,3.51074949108006
76.4220459831923,82.2762780810134,5.07632714343665
5.26161579361366,73.0261864137568,3.5038272432974
585.079665922687,227.160439074413,4.02572482640833
441.25554275909,461.383755041124,4.74855606548721
660.15087895431,371.283764099733,3.12455275347461
100.617613411062,482.493294331801,4.3735487697551
623.121941918618,93.5092314517628,4.05489226870395
418.275019390218,256.872906283028,3.58794600897587
9.79032088525631,181.49362161249,3.24813683194832
55.2550791308003,100.681696736658,4.33584874115434
613.869735726331,200.687666392805,4.09682984343791
258.815319270351,211.24892686845,3.90735813501078
580.135568149675,440.32689498947,3.94531212423959
302.435771933647,135.822734916141,3.77086384930476
526.59174360284,454.837660268642,3.32329449714013
46.4215350078482,412.825015051837,3.68605094047413
195.170471337853,282.551417243924,4.06199757037102
550.251908524294,261.743861980989,3.88411894203737
174.339446159266,11.4188538757414,4.3600882547315
503.73134449561,340.441493978617,4.69235162270543
31.4591718942173,57.5682882791574,4.21364599281378
526.224766667548,158.368715772912,4.8879121450451
NA,NA,NA
661.379892470794,329.286693730139,3.53411484203126
456.186241829798,299.75345099598,3.66158988772782
10.821763526711,494.648527566085,3.49318920775506
557.20851547216,51.2460099641262,4.23271307530245
71.7911528145522,372.546671272616,3.94806543219195
231.459483642166,417.709354265288,3.80047382372985
427.770553788714,10.9710076891916,3.33259848669595
362.454821229004,294.954003337449,2.92506042504911
604.692183660421,103.891633811748,4.11035616767847
393.586949074813,235.504552535896,4.20183216301658
574.372524258831,413.069374539413,4.80923535500411
143.567215288037,286.674708238029,4.58069464493892
197.90092995789,365.366433368022,4.00429206441643
128.579540436037,412.963304746492,3.45157940737509
629.20526839348,312.787446963299,4.47594607575747
6.79135760017019,148.634283426025,4.21965811205677
541.903211245385,201.674977308755,4.25060249512384
33.5351527319336,490.860083545836,3.08685004948147
276.31802908426,21.7674866732941,3.90422326733521
533.160034815101,389.701080529378,3.51074949108006
76.4220459831923,82.2762780810134,5.07632714343665
5.26161579361366,73.0261864137568,3.5038272432974
585.079665922687,227.160439074413,4.02572482640833
441.25554275909,461.383755041124,4.74855606548721
660.15087895431,371.283764099733,3.12455275347461
100.617613411062,482.493294331801,4.3735487697551
623.121941918618,93.5092314517628,4.05489226870395
418.275019390218,256.872906283028,3.58794600897587
9.79032088525631,181.49362161249,3.24813683194832
55.2550791308003,100.681696736658,4.33584874115434
613.869735726331,200.687666392805,4.09682984343791
258.815319270351,211.24892686845,3.90735813501078
580.135568149675,440.32689498947,3.94531212423959
302.435771933647,135.822734916141,3.77086384930476
526.59174360284,454.837660268642,3.32329449714013
46.4215350078482,412.825015051837,3.68605094047413
195.170471337853,282.551417243924,4.06199757037102
550.251908524294,261.743861980989,3.88411894203737
174.339446159266,11.4188538757414,4.3600882547315
503.73134449561,340.441493978617,4.69235162270543
31.4591718942173,57.5682882791574,4.21364599281378
526.224766667548,158.368715772912,4.8879121450451
NA,NA,NA
659.48597541524,334.180277710718,3.4896628620258
456.964030132892,295.53328781745,3.48076793176791
10.9107051437827,497.498955512628,3.61773005470074
558.344055183069,53.0591902039408,4.29888415819529
70.0574800636322,378.788537685192,4.02975460801917
232.495055511585,415.559823163243,3.88953463818243
430.578002088294,11.9409600907945,3.13843638784356
364.192224533854,294.4380313412,3.13796150300122
600.386831780322,106.346968156184,4.23125303013026
391.518959827463,229.164718729984,4.16506221044573
568.917213973884,400.301084625691,4.67764527742124
145.578589205792,275.304952398705,4.48632298176662
201.623817704802,373.271794377417,3.89305528463388
126.183866390877,407.585605986901,3.1968811880946
626.912589276578,311.823977902067,4.55862577661392
-0.106256919670886,149.265893640346,4.29667269950106
542.775118344937,205.133631752865,4.12238602250185
33.2005923210879,491.07412059514,2.90462666794447
281.244803053938,21.6762568323591,3.9925999872788
534.318713577848,394.00953961978,3.35495136532185
71.1443227996947,74.1416062190154,5.25626176848779
5.89557042452525,78.0760582832263,3.60530847411474
588.568998501225,226.326213709974,4.00867409468363
441.013391762755,459.972766975671,4.68531432447637
659.240569414699,372.615929469331,2.93631935555968
101.217076949592,484.431291356786,4.42923922783037
620.590402400033,91.116811439671,4.10735560845014
418.72869408877,260.016382742415,3.63274436268391
9.66715856606932,183.555077423009,3.19365695776228
67.2951388462014,131.060263287935,4.67781232583712
626.97942115638,203.962831496197,4.51873139484512
260.084024453404,218.569659009309,3.77652290383527
581.013016964886,433.271474446234,3.73521387583809
303.847929273723,133.784943626009,3.79939859053472
522.97393866225,456.997555401349,3.21429190213868
52.1219541250204,412.817379361569,3.67434066054571
200.342745684897,296.357128580563,3.89796126379261
548.079524683072,266.610038480442,3.88579233443746
174.303727942671,10.2502081271502,4.38246466607924
492.769459219124,341.058085345325,4.65444277461266
33.2545822579622,49.3312914356124,3.71795834231047
546.223230516511,144.299722554112,4.8447740190246
NA,NA,NA
659.48597541524,334.180277710718,3.4896628620258
456.964030132892,295.53328781745,3.48076793176791
10.9107051437827,497.498955512628,3.61773005470074
558.344055183069,53.0591902039408,4.29888415819529
70.0574800636322,378.788537685192,4.02975460801917
232.495055511585,415.559823163243,3.88953463818243
430.578002088294,11.9409600907945,3.13843638784356
364.192224533854,294.4380313412,3.13796150300122
600.386831780322,106.346968156184,4.23125303013026
391.518959827463,229.164718729984,4.16506221044573
568.917213973884,400.301084625691,4.67764527742124
145.578589205792,275.304952398705,4.48632298176662
201.623817704802,373.271794377417,3.89305528463388
126.183866390877,407.585605986901,3.1968811880946
626.912589276578,311.823977902067,4.55862577661392
-0.106256919670886,149.265893640346,4.29667269950106
542.775118344937,205.133631752865,4.12238602250185
33.2005923210879,491.07412059514,2.90462666794447
281.244803053938,21.6762568323591,3.9925999872788
534.318713577848,394.00953961978,3.35495136532185
71.1443227996947,74.1416062190154,5.25626176848779
5.89557042452525,78.0760582832263,3.60530847411474
588.568998501225,226.326213709974,4.00867409468363
441.013391762755,459.972766975671,4.68531432447637
659.240569414699,372.615929469331,2.93631935555968
101.217076949592,484.431291356786,4.42923922783037
620.590402400033,91.116811439671,4.10735560845014
418.72869408877,260.016382742415,3.63274436268391
9.66715856606932,183.555077423009,3.19365695776228
67.2951388462014,131.060263287935,4.67781232583712
626.97942115638,203.962831496197,4.51873139484512
260.084024453404,218.569659009309,3.77652290383527
581.013016964886,433.271474446234,3.73521387583809
303.847929273723,133.784943626009,3.79939859053472
522.97393866225,456.997555401349,3.21429190213868
52.1219541250204,412.817379361569,3.67434066054571
200.342745684897,296.357128580563,3.89796126379261
548.079524683072,266.610038480442,3.88579233443746
174.303727942671,10.2502081271502,4.38246466607924
492.769459219124,341.058085345325,4.65444277461266
33.2545822579622,49.3312914356124,3.71795834231047
546.223230516511,144.299722554112,4.8447740190246
NA,NA,NA
659.48597541524,334.180277710718,3.4896628620258
456.964030132892,295.53328781745,3.48076793176791
10.9107051437827,497.498955512628,3.61773005470074
558.344055183069,53.0591902039408,4.29888415819529
70.0574800636322,378.788537685192,4.02975460801917
232.495055511585,415.559823163243,3.88953463818243
430.578002088294,11.9409600907945,3.13843638784356
364.192224533854,294.4380313412,3.13796150300122
600.386831780322,106.346968156184,4.23125303013026
391.518959827463,229.164718729984,4.16506221044573
568.917213973884,400.301084625691,4.67764527742124
145.578589205792,275.304952398705,4.48632298176662
201.623817704802,373.271794377417,3.89305528463388
126.183866390877,407.585605986901,3.1968811880946
626.912589276578,311.823977902067,4.55862577661392
-0.106256919670886,149.265893640346,4.29667269950106
542.775118344937,205.133631752865,4.12238602250185
33.2005923210879,491.07412059514,2.90462666794447
281.244803053938,21.6762568323591,3.9925999872788
534.318713577848,394.00953961978,3.35495136532185
71.1443227996947,74.1416062190154,5.25626176848779
5.89557042452525,78.0760582832263,3.60530847411474
588.568998501225,226.326213709974,4.00867409468363
441.013391762755,459.972766975671,4.68531432447637
659.240569414699,372.615929469331,2.93631935555968
101.217076949592,484.431291356786,4.42923922783037
620.590402400033,91.116811439671,4.10735560845014
418.72869408877,260.016382742415,3.63274436268391
9.66715856606932,183.555077423009,3.19365695776228
67.2951388462014,131.060263287935,4.67781232583712
626.97942115638,203.962831496197,4.51873139484512
260.084024453404,218.569659009309,3.77652290383527
581.013016964886,433.271474446234,3.73521387583809
303.847929273723,133.784943626009,3.79939859053472
522.97393866225,456.997555401349,3.21429190213868
52.1219541250204,412.817379361569,3.67434066054571
200.342745684897,296.357128580563,3.89796126379261
548.079524683072,266.610038480442,3.88579233443746
174.303727942671,10.2502081271502,4.38246466607924
492.769459219124,341.058085345325,4.65444277461266
33.2545822579622,49.3312914356124,3.71795834231047
546.223230516511,144.299722554112,4.8447740190246
NA,NA,NA
659.48597541524,334.180277710718,3.4896628620258
456.964030132892,295.53328781745,3.48076793176791
10.9107051437827,497.498955512628,3.61773005470074
558.344055183069,53.0591902039408,4.29888415819529
70.0574800636322,378.788537685192,4.02975460801917
232.495055511585,415.559823163243,3.88953463818243
430.578002088294,11.9409600907945,3.13843638784356
364.192224533854,294.4380313412,3.13796150300122
600.386831780322,106.346968156184,4.23125303013026
391.518959827463,229.164718729984,4.16506221044573
568.917213973884,400.301084625691,4.67764527742124
145.578589205792,275.304952398705,4.48632298176662
201.623817704802,373.271794377417,3.89305528463388
126.183866390877,407.585605986901,3.1968811880946
626.912589276578,311.823977902067,4.55862577661392
-0.106256919670886,149.265893640346,4.29667269950106
542.775118344937,205.133631752865,4.12238602250185
33.2005923210879,491.07412059514,2.90462666794447
281.244803053938,21.6762568323591,3.9925999872788
534.318713577848,394.00953961978,3.35495136532185
71.1443227996947,74.1416062190154,5.25626176848779
5.89557042452525,78.0760582832263,3.60530847411474
588.568998501225,226.326213709974,4.00867409468363
441.013391762755,459.972766975671,4.68531432447637
659.240569414699,372.615929469331,2.93631935555968
101.217076949592,484.431291356786,4.42923922783037
620.590402400033,91.116811439671,4.10735560845014
418.72869408877,260.016382742415,3.63274436268391
9.66715856606932,183.555077423009,3.19365695776228
67.2951388462014,131.060263287935,4.67781232583712
626.97942115638,203.962831496197,4.51873139484512
260.084024453404,218.569659009309,3.77652290383527
581.013016964886,433.271474446234,3.73521387583809
303.847929273723,133.784943626009,3.79939859053472
522.97393866225,456.997555401349,3.21429190213868
52.1219541250204,412.817379361569,3.67434066054571
200.342745684897,296.357128580563,3.89796126379261
548.079524683072,266.610038480442,3.88579233443746
174.303727942671,10.2502081271502,4.38246466607924
492.769459219124,341.058085345325,4.65444277461266
33.2545822579622,49.3312914356124,3.71795834231047
546.223230516511,144.299722554112,4.8447740190246
NA,NA,NA
659.48597541524,334.180277710718,3.4896628620258
456.964030132892,295.53328781745,3.48076793176791
10.9107051437827,497.498955512628,3.61773005470074
558.344055183069,53.0591902039408,4.29888415819529
70.0574800636322,378.788537685192,4.02975460801917
232.495055511585,415.559823163243,3.88953463818243
430.578002088294,11.9409600907945,3.13843638784356
364.192224533854,294.4380313412,3.13796150300122
600.386831780322,106.346968156184,4.23125303013026
391.518959827463,229.164718729984,4.16506221044573
568.917213973884,400.301084625691,4.67764527742124
145.578589205792,275.304952398705,4.48632298176662
201.623817704802,373.271794377417,3.89305528463388
126.183866390877,407.585605986901,3.1968811880946
626.912589276578,311.823977902067,4.55862577661392
-0.106256919670886,149.265893640346,4.29667269950106
542.775118344937,205.133631752865,4.12238602250185
33.2005923210879,491.07412059514,2.90462666794447
281.244803053938,21.6762568323591,3.9925999872788
534.318713577848,394.00953961978,3.35495136532185
71.1443227996947,74.1416062190154,5.25626176848779
5.89557042452525,78.0760582832263,3.60530847411474
588.568998501225,226.326213709974,4.00867409468363
441.013391762755,459.972766975671,4.68531432447637
659.240569414699,372.615929469331,2.93631935555968
101.217076949592,484.431291356786,4.42923922783037
620.590402400033,91.116811439671,4.10735560845014
418.72869408877,260.016382742415,3.63274436268391
9.66715856606932,183.555077423009,3.19365695776228
67.2951388462014,131.060263287935,4.67781232583712
626.97942115638,203.962831496197,4.51873139484512
260.084024453404,218.569659009309,3.77652290383527
581.013016964886,433.271474446234,3.73521387583809
303.847929273723,133.784943626009,3.79939859053472
522.97393866225,456.997555401349,3.21429190213868
52.1219541250204,412.817379361569,3.67434066054571
200.342745684897,296.357128580563,3.89796126379261
548.079524683072,266.610038480442,3.88579233443746
174.303727942671,10.2502081271502,4.38246466607924
492.769459219124,341.058085345325,4.65444277461266
33.2545822579622,49.3312914356124,3.71795834231047
546.223230516511,144.299722554112,4.8447740190246
NA,NA,NA
659.48597541524,334.180277710718,3.4896628620258
456.964030132892,295.53328781745,3.48076793176791
10.9107051437827,497.498955512628,3.61773005470074
558.344055183069,53.0591902039408,4.29888415819529
70.0574800636322,378.788537685192,4.02975460801917
232.495055511585,415.559823163243,3.88953463818243
430.578002088294,11.9409600907945,3.13843638784356
364.192224533854,294.4380313412,3.13796150300122
600.386831780322,106.346968156184,4.23125303013026
391.518959827463,229.164718729984,4.16506221044573
568.917213973884,400.301084625691,4.67764527742124
145.578589205792,275.304952398705,4.48632298176662
201.623817704802,373.271794377417,3.89305528463388
126.183866390877,407.585605986901,3.1968811880946
626.912589276578,311.823977902067,4.55862577661392
-0.106256919670886,149.265893640346,4.29667269950106
542.775118344937,205.133631752865,4.12238602250185
33.2005923210879,491.07412059514,2.90462666794447
281.244803053938,21.6762568323591,3.9925999872788
534.318713577848,394.00953961978,3.35495136532185
71.1443227996947,74.1416062190154,5.25626176848779
5.89557042452525,78.0760582832263,3.60530847411474
588.568998501225,226.326213709974,4.00867409468363
441.013391762755,459.972766975671,4.68531432447637
659.240569414699,372.615929469331,2.93631935555968
101.217076949592,484.431291356786,4.42923922783037
620.590402400033,91.116811439671,4.10735560845014
418.72869408877,260.016382742415,3.63274436268391
9.66715856606932,183.555077423009,3.19365695776228
67.2951388462014,131.060263287935,4.67781232583712
626.97942115638,203.962831496197,4.51873139484512
260.084024453404,218.569659009309,3.77652290383527
581.013016964886,433.271474446234,3.73521387583809
303.847929273723,133.784943626009,3.79939859053472
522.97393866225,456.997555401349,3.21429190213868
52.1219541250204,412.817379361569,3.67434066054571
200.342745684897,296.357128580563,3.89796126379261
548.079524683072,266.610038480442,3.88579233443746
174.303727942671,10.2502081271502,4.38246466607924
492.769459219124,341.058085345325,4.65444277461266
33.2545822579622,49.3312914356124,3.71795834231047
546.223230516511,144.299722554112,4.8447740190246
NA,NA,NA
661.760309374492,335.423185738086,3.48747655689037
456.11599818732,296.322027113262,3.55660967082451
14.77286860178,489.750953467126,3.73357793678091
554.018909502559,53.0062470509908,4.15313004893287
75.5380621074586,374.851586663575,4.01370453246133
228.534096621725,412.899495955657,3.86883363886691
429.67571032099,15.5870430577375,3.57397103394421
362.156300429055,293.865109645597,2.98311771987719
604.089195905896,106.863440073981,4.26037776135323
391.858488507854,225.996031321962,4.30651432371837
574.723134531881,413.403284099383,4.6796051105714
145.732586506959,284.448869711014,4.7194457078688
196.739605272187,366.664324649457,4.0926182384927
125.648904160753,410.959048366758,3.46055913147129
628.914758235392,313.848153620229,4.5500993923722
4.37011084160676,144.174942591426,4.18213917041354
541.00299720034,199.972163442808,4.21398769407721
34.0079976874093,493.476082957941,3.00403959133293
289.250837632228,19.7922990172961,3.85477589406844
534.479748376547,391.816004812559,3.42752776751582
65.9375334019592,74.253530263024,5.22989495529384
6.57093641341844,74.8220728096003,3.28847353214239
587.2453135508,223.172625316387,4.05166720057085
438.133822332062,452.56141700633,4.78364999491261
657.198127662045,370.796014378163,2.91935756380539
100.894861159682,487.775340294021,4.22744203353906
625.707539221405,94.8348354637104,4.08887170576028
421.512146902187,259.209520262288,3.59286808369502
11.1560827349065,180.042353500129,3.32333728277337
51.5283630583964,125.801034581281,4.37854738179812
607.560318273653,210.879774660603,4.05019205629008
260.64289119878,220.953526648217,4.13754755159311
563.454472907425,438.037530521793,3.7908442896745
301.378594670275,135.931205203431,4.13513507131729
525.696669711425,460.17304494467,3.49277511553391
55.1072691412546,419.309715567401,3.81243304950716
204.201211956162,301.76342605842,4.24205533984642
549.001249192841,259.461402329115,3.82529163227445
171.474230464555,35.12852793482,4.39163182495528
513.777386592232,338.615773932262,4.9769893757767
37.2344177458428,49.7373565373611,3.82840551224382
544.66066494489,140.586916140909,5.08541382517206
NA,NA,NA
661.760309374492,335.423185738086,3.48747655689037
456.11599818732,296.322027113262,3.55660967082451
14.77286860178,489.750953467126,3.73357793678091
554.018909502559,53.0062470509908,4.15313004893287
75.5380621074586,374.851586663575,4.01370453246133
228.534096621725,412.899495955657,3.86883363886691
429.67571032099,15.5870430577375,3.57397103394421
362.156300429055,293.865109645597,2.98311771987719
604.089195905896,106.863440073981,4.26037776135323
391.858488507854,225.996031321962,4.30651432371837
574.723134531881,413.403284099383,4.6796051105714
145.732586506959,284.448869711014,4.7194457078688
196.739605272187,366.664324649457,4.0926182384927
125.648904160753,410.959048366758,3.46055913147129
628.914758235392,313.848153620229,4.5500993923722
4.37011084160676,144.174942591426,4.18213917041354
541.00299720034,199.972163442808,4.21398769407721
34.0079976874093,493.476082957941,3.00403959133293
289.250837632228,19.7922990172961,3.85477589406844
534.479748376547,391.816004812559,3.42752776751582
65.9375334019592,74.253530263024,5.22989495529384
6.57093641341844,74.8220728096003,3.28847353214239
587.2453135508,223.172625316387,4.05166720057085
438.133822332062,452.56141700633,4.78364999491261
657.198127662045,370.796014378163,2.91935756380539
100.894861159682,487.775340294021,4.22744203353906
625.707539221405,94.8348354637104,4.08887170576028
421.512146902187,259.209520262288,3.59286808369502
11.1560827349065,180.042353500129,3.32333728277337
51.5283630583964,125.801034581281,4.37854738179812
607.560318273653,210.879774660603,4.05019205629008
260.64289119878,220.953526648217,4.13754755159311
563.454472907425,438.037530521793,3.7908442896745
301.378594670275,135.931205203431,4.13513507131729
525.696669711425,460.17304494467,3.49277511553391
55.1072691412546,419.309715567401,3.81243304950716
204.201211956162,301.76342605842,4.24205533984642
549.001249192841,259.461402329115,3.82529163227445
171.474230464555,35.12852793482,4.39163182495528
513.777386592232,338.615773932262,4.9769893757767
37.2344177458428,49.7373565373611,3.82840551224382
544.66066494489,140.586916140909,5.08541382517206
NA,NA,NA
661.760309374492,335.423185738086,3.48747655689037
456.11599818732,296.322027113262,3.55660967082451
14.77286860178,489.750953467126,3.73357793678091
554.018909502559,53.0062470509908,4.15313004893287
75.5380621074586,374.851586663575,4.01370453246133
228.534096621725,412.899495955657,3.86883363886691
429.67571032099,15.5870430577375,3.57397103394421
362.156300429055,293.865109645597,2.98311771987719
604.089195905896,106.863440073981,4.26037776135323
391.858488507854,225.996031321962,4.30651432371837
574.723134531881,413.403284099383,4.6796051105714
145.732586506959,284.448869711014,4.7194457078688
196.739605272187,366.664324649457,4.0926182384927
125.648904160753,410.959048366758,3.46055913147129
628.914758235392,313.848153620229,4.5500993923722
4.37011084160676,144.174942591426,4.18213917041354
541.00299720034,199.972163442808,4.21398769407721
34.0079976874093,493.476082957941,3.00403959133293
289.250837632228,19.7922990172961,3.85477589406844
534.479748376547,391.816004812559,3.42752776751582
65.9375334019592,74.253530263024,5.22989495529384
6.57093641341844,74.8220728096003,3.28847353214239
587.2453135508,223.172625316387,4.05166720057085
438.133822332062,452.56141700633,4.78364999491261
657.198127662045,370.796014378163,2.91935756380539
100.894861159682,487.775340294021,4.22744203353906
625.707539221405,94.8348354637104,4.08887170576028
421.512146902187,259.209520262288,3.59286808369502
11.1560827349065,180.042353500129,3.32333728277337
51.5283630583964,125.801034581281,4.37854738179812
607.560318273653,210.879774660603,4.05019205629008
260.64289119878,220.953526648217,4.13754755159311
563.454472907425,438.037530521793,3.7908442896745
301.378594670275,135.931205203431,4.13513507131729
525.696669711425,460.17304494467,3.49277511553391
55.1072691412546,419.309715567401,3.81243304950716
204.201211956162,301.76342605842,4.24205533984642
549.001249192841,259.461402329115,3.82529163227445
171.474230464555,35.12852793482,4.39163182495528
513.777386592232,338.615773932262,4.9769893757767
37.2344177458428,49.7373565373611,3.82840551224382
544.66066494489,140.586916140909,5.08541382517206
NA,NA,NA
661.760309374492,335.423185738086,3.48747655689037
456.11599818732,296.322027113262,3.55660967082451
14.77286860178,489.750953467126,3.73357793678091
554.018909502559,53.0062470509908,4.15313004893287
75.5380621074586,374.851586663575,4.01370453246133
228.534096621725,412.899495955657,3.86883363886691
429.67571032099,15.5870430577375,3.57397103394421
362.156300429055,293.865109645597,2.98311771987719
604.089195905896,106.863440073981,4.26037776135323
391.858488507854,225.996031321962,4.30651432371837
574.723134531881,413.403284099383,4.6796051105714
145.732586506959,284.448869711014,4.7194457078688
196.739605272187,366.664324649457,4.0926182384927
125.648904160753,410.959048366758,3.46055913147129
628.914758235392,313.848153620229,4.5500993923722
4.37011084160676,144.174942591426,4.18213917041354
541.00299720034,199.972163442808,4.21398769407721
34.0079976874093,493.476082957941,3.00403959133293
289.250837632228,19.7922990172961,3.85477589406844
534.479748376547,391.816004812559,3.42752776751582
65.9375334019592,74.253530263024,5.22989495529384
6.57093641341844,74.8220728096003,3.28847353214239
587.2453135508,223.172625316387,4.05166720057085
438.133822332062,452.56141700633,4.78364999491261
657.198127662045,370.796014378163,2.91935756380539
100.894861159682,487.775340294021,4.22744203353906
625.707539221405,94.8348354637104,4.08887170576028
421.512146902187,259.209520262288,3.59286808369502
11.1560827349065,180.042353500129,3.32333728277337
51.5283630583964,125.801034581281,4.37854738179812
607.560318273653,210.879774660603,4.05019205629008
260.64289119878,220.953526648217,4.13754755159311
563.454472907425,438.037530521793,3.7908442896745
301.378594670275,135.931205203431,4.13513507131729
525.696669711425,460.17304494467,3.49277511553391
55.1072691412546,419.309715567401,3.81243304950716
204.201211956162,301.76342605842,4.24205533984642
549.001249192841,259.461402329115,3.82529163227445
171.474230464555,35.12852793482,4.39163182495528
513.777386592232,338.615773932262,4.9769893757767
37.2344177458428,49.7373565373611,3.82840551224382
544.66066494489,140.586916140909,5.08541382517206
NA,NA,NA
661.760309374492,335.423185738086,3.48747655689037
456.11599818732,296.322027113262,3.55660967082451
14.77286860178,489.750953467126,3.73357793678091
554.018909502559,53.0062470509908,4.15313004893287
75.5380621074586,374.851586663575,4.01370453246133
228.534096621725,412.899495955657,3.86883363886691
429.67571032099,15.5870430577375,3.57397103394421
362.156300429055,293.865109645597,2.98311771987719
604.089195905896,106.863440073981,4.26037776135323
391.858488507854,225.996031321962,4.30651432371837
574.723134531881,413.403284099383,4.6796051105714
145.732586506959,284.448869711014,4.7194457078688
196.739605272187,366.664324649457,4.0926182384927
125.648904160753,410.959048366758,3.46055913147129
628.914758235392,313.848153620229,4.5500993923722
4.37011084160676,144.174942591426,4.18213917041354
541.00299720034,199.972163442808,4.21398769407721
34.0079976874093,493.476082957941,3.00403959133293
289.250837632228,19.7922990172961,3.85477589406844
534.479748376547,391.816004812559,3.42752776751582
65.9375334019592,74.253530263024,5.22989495529384
6.57093641341844,74.8220728096003,3.28847353214239
587.2453135508,223.172625316387,4.05166720057085
438.133822332062,452.56141700633,4.78364999491261
657.198127662045,370.796014378163,2.91935756380539
100.894861159682,487.775340294021,4.22744203353906
625.707539221405,94.8348354637104,4.08887170576028
421.512146902187,259.209520262288,3.59286808369502
11.1560827349065,180.042353500129,3.32333728277337
51.5283630583964,125.801034581281,4.37854738179812
607.560318273653,210.879774660603,4.05019205629008
260.64289119878,220.953526648217,4.13754755159311
563.454472907425,438.037530521793,3.7908442896745
301.378594670275,135.931205203431,4.13513507131729
525.696669711425,460.17304494467,3.49277511553391
55.1072691412546,419.309715567401,3.81243304950716
204.201211956162,301.76342605842,4.24205533984642
549.001249192841,259.461402329115,3.82529163227445
171.474230464555,35.12852793482,4.39163182495528
513.777386592232,338.615773932262,4.9769893757767
37.2344177458428,49.7373565373611,3.82840551224382
544.66066494489,140.586916140909,5.08541382517206
NA,NA,NA
661.760309374492,335.423185738086,3.48747655689037
456.11599818732,296.322027113262,3.55660967082451
14.77286860178,489.750953467126,3.73357793678091
554.018909502559,53.0062470509908,4.15313004893287
75.5380621074586,374.851586663575,4.01370453246133
228.534096621725,412.899495955657,3.86883363886691
429.67571032099,15.5870430577375,3.57397103394421
362.156300429055,293.865109645597,2.98311771987719
604.089195905896,106.863440073981,4.26037776135323
391.858488507854,225.996031321962,4.30651432371837
574.723134531881,413.403284099383,4.6796051105714
145.732586506959,284.448869711014,4.7194457078688
196.739605272187,366.664324649457,4.0926182384927
125.648904160753,410.959048366758,3.46055913147129
628.914758235392,313.848153620229,4.5500993923722
4.37011084160676,144.174942591426,4.18213917041354
541.00299720034,199.972163442808,4.21398769407721
34.0079976874093,493.476082957941,3.00403959133293
289.250837632228,19.7922990172961,3.85477589406844
534.479748376547,391.816004812559,3.42752776751582
65.9375334019592,74.253530263024,5.22989495529384
6.57093641341844,74.8220728096003,3.28847353214239
587.2453135508,223.172625316387,4.05166720057085
438.133822332062,452.56141700633,4.78364999491261
657.198127662045,370.796014378163,2.91935756380539
100.894861159682,487.775340294021,4.22744203353906
625.707539221405,94.8348354637104,4.08887170576028
421.512146902187,259.209520262288,3.59286808369502
11.1560827349065,180.042353500129,3.32333728277337
51.5283630583964,125.801034581281,4.37854738179812
607.560318273653,210.879774660603,4.05019205629008
260.64289119878,220.953526648217,4.13754755159311
563.454472907425,438.037530521793,3.7908442896745
301.378594670275,135.931205203431,4.13513507131729
525.696669711425,460.17304494467,3.49277511553391
55.1072691412546,419.309715567401,3.81243304950716
204.201211956162,301.76342605842,4.24205533984642
549.001249192841,259.461402329115,3.82529163227445
171.474230464555,35.12852793482,4.39163182495528
513.777386592232,338.615773932262,4.9769893757767
37.2344177458428,49.7373565373611,3.82840551224382
544.66066494489,140.586916140909,5.08541382517206
NA,NA,NA
664.082334278653,335.456468660914,3.66444126183567
456.769155125586,296.62077541005,3.39319000466724
8.70657535948913,497.700945613465,3.47002018792144
557.216989281322,56.3198885738109,4.17727304742658
74.5763017179869,372.81172362556,3.97449088801128
227.959187282349,412.75389644394,3.97450859847868
428.761603108547,13.2551449418983,3.21033184506863
360.182656903715,293.105931452942,3.08899508076976
603.02599613497,105.037243192263,4.20523015674138
395.908021909263,228.039327158377,4.18306090943836
568.632641623157,409.700324834328,4.78638194957041
141.727114976684,285.883580791641,4.53544368889116
197.185813740992,368.227554844701,3.97806334611796
123.019861876278,412.122723882946,3.49497857958585
628.457986662492,309.113408791411,4.5739384694325
1.72191764154657,144.301848883725,4.27670416602074
541.074687232704,206.277021768222,4.20705217782203
34.1669782492247,490.389139747385,2.99354731292722
278.092991299305,21.4917964226546,3.89928677366512
535.556027722891,392.896230320127,3.35826813578533
73.0333378588454,79.4628011368001,5.19029688386942
2.66034331583832,76.9470696669089,3.57619647911344
589.349885540848,226.237287554338,4.02870502839442
435.29559363327,462.882077544007,4.81392953551135
659.781905991928,373.010818548799,3.1139648659148
108.134700461362,484.701129481904,4.3411294719481
626.221374663688,92.9843154007568,4.07849452811821
417.733489563084,259.629457029939,3.67764757825738
11.4801084920491,182.559949915952,3.26185458795206
69.0299090434618,111.816039646131,4.372246868872
616.876686746812,220.687514576273,4.38632490593792
253.497166822842,217.296962622422,3.62562127846296
579.301916225948,437.224432979568,3.91631573911809
304.017239792397,129.59028069483,3.79055562170003
528.771154840421,464.404792048468,3.73121772813387
48.7015546645736,414.785002858585,3.46723221205507
186.004587457945,279.661112124446,4.09412790317031
547.578673842765,263.643397631677,3.72982337753036
180.075899037486,37.1704130481056,4.35084364018863
487.879429111859,341.206713943189,4.44800181132222
40.9514472965209,38.3510227250507,4.2404764602972
532.722695633265,144.258855150919,4.04353261822793
NA,NA,NA
664.082334278653,335.456468660914,3.66444126183567
456.769155125586,296.62077541005,3.39319000466724
8.70657535948913,497.700945613465,3.47002018792144
557.216989281322,56.3198885738109,4.17727304742658
74.5763017179869,372.81172362556,3.97449088801128
227.959187282349,412.75389644394,3.97450859847868
428.761603108547,13.2551449418983,3.21033184506863
360.182656903715,293.105931452942,3.08899508076976
603.02599613497,105.037243192263,4.20523015674138
395.908021909263,228.039327158377,4.18306090943836
568.632641623157,409.700324834328,4.78638194957041
141.727114976684,285.883580791641,4.53544368889116
197.185813740992,368.227554844701,3.97806334611796
123.019861876278,412.122723882946,3.49497857958585
628.457986662492,309.113408791411,4.5739384694325
1.72191764154657,144.301848883725,4.27670416602074
541.074687232704,206.277021768222,4.20705217782203
34.1669782492247,490.389139747385,2.99354731292722
278.092991299305,21.4917964226546,3.89928677366512
535.556027722891,392.896230320127,3.35826813578533
73.0333378588454,79.4628011368001,5.19029688386942
2.66034331583832,76.9470696669089,3.57619647911344
589.349885540848,226.237287554338,4.02870502839442
435.29559363327,462.882077544007,4.81392953551135
659.781905991928,373.010818548799,3.1139648659148
108.134700461362,484.701129481904,4.3411294719481
626.221374663688,92.9843154007568,4.07849452811821
417.733489563084,259.629457029939,3.67764757825738
11.4801084920491,182.559949915952,3.26185458795206
69.0299090434618,111.816039646131,4.372246868872
616.876686746812,220.687514576273,4.38632490593792
253.497166822842,217.296962622422,3.62562127846296
579.301916225948,437.224432979568,3.91631573911809
304.017239792397,129.59028069483,3.79055562170003
528.771154840421,464.404792048468,3.73121772813387
48.7015546645736,414.785002858585,3.46723221205507
186.004587457945,279.661112124446,4.09412790317031
547.578673842765,263.643397631677,3.72982337753036
180.075899037486,37.1704130481056,4.35084364018863
487.879429111859,341.206713943189,4.44800181132222
40.9514472965209,38.3510227250507,4.2404764602972
532.722695633265,144.258855150919,4.04353261822793
NA,NA,NA
664.082334278653,335.456468660914,3.66444126183567
456.769155125586,296.62077541005,3.39319000466724
8.70657535948913,497.700945613465,3.47002018792144
557.216989281322,56.3198885738109,4.17727304742658
74.5763017179869,372.81172362556,3.97449088801128
227.959187282349,412.75389644394,3.97450859847868
428.761603108547,13.2551449418983,3.21033184506863
360.182656903715,293.105931452942,3.08899508076976
603.02599613497,105.037243192263,4.20523015674138
395.908021909263,228.039327158377,4.18306090943836
568.632641623157,409.700324834328,4.78638194957041
141.727114976684,285.883580791641,4.53544368889116
197.185813740992,368.227554844701,3.97806334611796
123.019861876278,412.122723882946,3.49497857958585
628.457986662492,309.113408791411,4.5739384694325
1.72191764154657,144.301848883725,4.27670416602074
541.074687232704,206.277021768222,4.20705217782203
34.1669782492247,490.389139747385,2.99354731292722
278.092991299305,21.4917964226546,3.89928677366512
535.556027722891,392.896230320127,3.35826813578533
73.0333378588454,79.4628011368001,5.19029688386942
2.66034331583832,76.9470696669089,3.57619647911344
589.349885540848,226.237287554338,4.02870502839442
435.29559363327,462.882077544007,4.81392953551135
659.781905991928,373.010818548799,3.1139648659148
108.134700461362,484.701129481904,4.3411294719481
626.221374663688,92.9843154007568,4.07849452811821
417.733489563084,259.629457029939,3.67764757825738
11.4801084920491,182.559949915952,3.26185458795206
69.0299090434618,111.816039646131,4.372246868872
616.876686746812,220.687514576273,4.38632490593792
253.497166822842,217.296962622422,3.62562127846296
579.301916225948,437.224432979568,3.91631573911809
304.017239792397,129.59028069483,3.79055562170003
528.771154840421,464.404792048468,3.73121772813387
48.7015546645736,414.785002858585,3.46723221205507
186.004587457945,279.661112124446,4.09412790317031
547.578673842765,263.643397631677,3.72982337753036
180.075899037486,37.1704130481056,4.35084364018863
487.879429111859,341.206713943189,4.44800181132222
40.9514472965209,38.3510227250507,4.2404764602972
532.722695633265,144.258855150919,4.04353261822793
NA,NA,NA
664.082334278653,335.456468660914,3.66444126183567
456.769155125586,296.62077541005,3.39319000466724
8.70657535948913,497.700945613465,3.47002018792144
557.216989281322,56.3198885738109,4.17727304742658
74.5763017179869,372.81172362556,3.97449088801128
227.959187282349,412.75389644394,3.97450859847868
428.761603108547,13.2551449418983,3.21033184506863
360.182656903715,293.105931452942,3.08899508076976
603.02599613497,105.037243192263,4.20523015674138
395.908021909263,228.039327158377,4.18306090943836
568.632641623157,409.700324834328,4.78638194957041
141.727114976684,285.883580791641,4.53544368889116
197.185813740992,368.227554844701,3.97806334611796
123.019861876278,412.122723882946,3.49497857958585
628.457986662492,309.113408791411,4.5739384694325
1.72191764154657,144.301848883725,4.27670416602074
541.074687232704,206.277021768222,4.20705217782203
34.1669782492247,490.389139747385,2.99354731292722
278.092991299305,21.4917964226546,3.89928677366512
535.556027722891,392.896230320127,3.35826813578533
73.0333378588454,79.4628011368001,5.19029688386942
2.66034331583832,76.9470696669089,3.57619647911344
589.349885540848,226.237287554338,4.02870502839442
435.29559363327,462.882077544007,4.81392953551135
659.781905991928,373.010818548799,3.1139648659148
108.134700461362,484.701129481904,4.3411294719481
626.221374663688,92.9843154007568,4.07849452811821
417.733489563084,259.629457029939,3.67764757825738
11.4801084920491,182.559949915952,3.26185458795206
69.0299090434618,111.816039646131,4.372246868872
616.876686746812,220.687514576273,4.38632490593792
253.497166822842,217.296962622422,3.62562127846296
579.301916225948,437.224432979568,3.91631573911809
304.017239792397,129.59028069483,3.79055562170003
528.771154840421,464.404792048468,3.73121772813387
48.7015546645736,414.785002858585,3.46723221205507
186.004587457945,279.661112124446,4.09412790317031
547.578673842765,263.643397631677,3.72982337753036
180.075899037486,37.1704130481056,4.35084364018863
487.879429111859,341.206713943189,4.44800181132222
40.9514472965209,38.3510227250507,4.2404764602972
532.722695633265,144.258855150919,4.04353261822793
NA,NA,NA
664.082334278653,335.456468660914,3.66444126183567
456.769155125586,296.62077541005,3.39319000466724
8.70657535948913,497.700945613465,3.47002018792144
557.216989281322,56.3198885738109,4.17727304742658
74.5763017179869,372.81172362556,3.97449088801128
227.959187282349,412.75389644394,3.97450859847868
428.761603108547,13.2551449418983,3.21033184506863
360.182656903715,293.105931452942,3.08899508076976
603.02599613497,105.037243192263,4.20523015674138
395.908021909263,228.039327158377,4.18306090943836
568.632641623157,409.700324834328,4.78638194957041
141.727114976684,285.883580791641,4.53544368889116
197.185813740992,368.227554844701,3.97806334611796
123.019861876278,412.122723882946,3.49497857958585
628.457986662492,309.113408791411,4.5739384694325
1.72191764154657,144.301848883725,4.27670416602074
541.074687232704,206.277021768222,4.20705217782203
34.1669782492247,490.389139747385,2.99354731292722
278.092991299305,21.4917964226546,3.89928677366512
535.556027722891,392.896230320127,3.35826813578533
73.0333378588454,79.4628011368001,5.19029688386942
2.66034331583832,76.9470696669089,3.57619647911344
589.349885540848,226.237287554338,4.02870502839442
435.29559363327,462.882077544007,4.81392953551135
659.781905991928,373.010818548799,3.1139648659148
108.134700461362,484.701129481904,4.3411294719481
626.221374663688,92.9843154007568,4.07849452811821
417.733489563084,259.629457029939,3.67764757825738
11.4801084920491,182.559949915952,3.26185458795206
69.0299090434618,111.816039646131,4.372246868872
616.876686746812,220.687514576273,4.38632490593792
253.497166822842,217.296962622422,3.62562127846296
579.301916225948,437.224432979568,3.91631573911809
304.017239792397,129.59028069483,3.79055562170003
528.771154840421,464.404792048468,3.73121772813387
48.7015546645736,414.785002858585,3.46723221205507
186.004587457945,279.661112124446,4.09412790317031
547.578673842765,263.643397631677,3.72982337753036
180.075899037486,37.1704130481056,4.35084364018863
487.879429111859,341.206713943189,4.44800181132222
40.9514472965209,38.3510227250507,4.2404764602972
532.722695633265,144.258855150919,4.04353261822793
NA,NA,NA
664.082334278653,335.456468660914,3.66444126183567
456.769155125586,296.62077541005,3.39319000466724
8.70657535948913,497.700945613465,3.47002018792144
557.216989281322,56.3198885738109,4.17727304742658
74.5763017179869,372.81172362556,3.97449088801128
227.959187282349,412.75389644394,3.97450859847868
428.761603108547,13.2551449418983,3.21033184506863
360.182656903715,293.105931452942,3.08899508076976
603.02599613497,105.037243192263,4.20523015674138
395.908021909263,228.039327158377,4.18306090943836
568.632641623157,409.700324834328,4.78638194957041
141.727114976684,285.883580791641,4.53544368889116
197.185813740992,368.227554844701,3.97806334611796
123.019861876278,412.122723882946,3.49497857958585
628.457986662492,309.113408791411,4.5739384694325
1.72191764154657,144.301848883725,4.27670416602074
541.074687232704,206.277021768222,4.20705217782203
34.1669782492247,490.389139747385,2.99354731292722
278.092991299305,21.4917964226546,3.89928677366512
535.556027722891,392.896230320127,3.35826813578533
73.0333378588454,79.4628011368001,5.19029688386942
2.66034331583832,76.9470696669089,3.57619647911344
589.349885540848,226.237287554338,4.02870502839442
435.29559363327,462.882077544007,4.81392953551135
659.781905991928,373.010818548799,3.1139648659148
108.134700461362,484.701129481904,4.3411294719481
626.221374663688,92.9843154007568,4.07849452811821
417.733489563084,259.629457029939,3.67764757825738
11.4801084920491,182.559949915952,3.26185458795206
69.0299090434618,111.816039646131,4.372246868872
616.876686746812,220.687514576273,4.38632490593792
253.497166822842,217.296962622422,3.62562127846296
579.301916225948,437.224432979568,3.91631573911809
304.017239792397,129.59028069483,3.79055562170003
528.771154840421,464.404792048468,3.73121772813387
48.7015546645736,414.785002858585,3.46723221205507
186.004587457945,279.661112124446,4.09412790317031
547.578673842765,263.643397631677,3.72982337753036
180.075899037486,37.1704130481056,4.35084364018863
487.879429111859,341.206713943189,4.44800181132222
40.9514472965209,38.3510227250507,4.2404764602972
532.722695633265,144.258855150919,4.04353261822793
NA,NA,NA
659.93941510441,334.349220154291,3.5664473948148
451.263813594559,301.6659389249,3.41470134913398
8.0018730462213,493.41407440218,3.56166391104165
562.382549187133,52.0677485958944,4.22308065567222
72.6123041028618,368.133735991845,4.03400228835547
227.18969652535,416.886177344103,3.82288216373425
426.939816915839,12.511871931755,3.2330271740344
361.421573414138,290.467329771647,3.1666307483898
606.425077803243,107.469044131429,4.27053438958531
393.101991863127,227.760545644947,4.28844984165843
567.490039536086,401.691970404501,4.64003113647297
139.958857787697,285.621109456731,4.59316953521833
199.038895607902,369.599204997097,4.06876097747285
127.039580406704,409.698910985929,3.36572344088861
627.668582123147,309.327051933683,4.60888056677416
2.97401942522385,148.887248706429,4.26200156742719
541.066695546877,201.826285680919,4.17463313781516
34.4847653746044,489.806366437613,3.02323061132289
275.792171691423,22.3601091699198,3.99617521061415
535.816047880978,393.416324180262,3.39609646519713
68.9027159785246,75.0629272281872,5.13475057883648
2.63590238497089,75.8753826071047,3.5368601404658
590.166632560232,224.186077095439,4.0475476483714
432.606525465848,461.417822365613,4.762346343343
661.930579213803,374.490381552931,3.11888587105518
104.17266167833,487.295645521665,4.43780247240619
621.725239630273,91.3825816845919,4.04730030473718
421.336205631387,259.835428438931,3.61453926974218
11.0310793871041,179.452383664045,3.41983728974808
66.3609476627464,116.07025322901,4.44736143109025
602.638808710815,206.925578691497,4.19833059515926
252.108589311471,216.07307646159,3.5591090312625
563.228872734822,440.268659475113,3.86366368321702
298.163330740841,142.300971174536,3.88125770133542
527.480005676665,461.155988402461,3.55604684696178
49.2650823300569,417.732748511787,3.99850051920864
195.459377712033,292.06556104767,3.64644733268687
544.111348152144,276.17047068084,3.70115220232216
171.22305526712,33.4347684828626,4.42900548300573
498.588145721119,331.704429648481,4.42236827813733
35.1496393702687,49.60155140865,4.09651723049512
533.323546935399,144.082992294734,4.81257089354541
NA,NA,NA
659.93941510441,334.349220154291,3.5664473948148
451.263813594559,301.6659389249,3.41470134913398
8.0018730462213,493.41407440218,3.56166391104165
562.382549187133,52.0677485958944,4.22308065567222
72.6123041028618,368.133735991845,4.03400228835547
227.18969652535,416.886177344103,3.82288216373425
426.939816915839,12.511871931755,3.2330271740344
361.421573414138,290.467329771647,3.1666307483898
606.425077803243,107.469044131429,4.27053438958531
393.101991863127,227.760545644947,4.28844984165843
567.490039536086,401.691970404501,4.64003113647297
139.958857787697,285.621109456731,4.59316953521833
199.038895607902,369.599204997097,4.06876097747285
127.039580406704,409.698910985929,3.36572344088861
627.668582123147,309.327051933683,4.60888056677416
2.97401942522385,148.887248706429,4.26200156742719
541.066695546877,201.826285680919,4.17463313781516
34.4847653746044,489.806366437613,3.02323061132289
275.792171691423,22.3601091699198,3.99617521061415
535.816047880978,393.416324180262,3.39609646519713
68.9027159785246,75.0629272281872,5.13475057883648
2.63590238497089,75.8753826071047,3.5368601404658
590.166632560232,224.186077095439,4.0475476483714
432.606525465848,461.417822365613,4.762346343343
661.930579213803,374.490381552931,3.11888587105518
104.17266167833,487.295645521665,4.43780247240619
621.725239630273,91.3825816845919,4.04730030473718
421.336205631387,259.835428438931,3.61453926974218
11.0310793871041,179.452383664045,3.41983728974808
66.3609476627464,116.07025322901,4.44736143109025
602.638808710815,206.925578691497,4.19833059515926
252.108589311471,216.07307646159,3.5591090312625
563.228872734822,440.268659475113,3.86366368321702
298.163330740841,142.300971174536,3.88125770133542
527.480005676665,461.155988402461,3.55604684696178
49.2650823300569,417.732748511787,3.99850051920864
195.459377712033,292.06556104767,3.64644733268687
544.111348152144,276.17047068084,3.70115220232216
171.22305526712,33.4347684828626,4.42900548300573
498.588145721119,331.704429648481,4.42236827813733
35.1496393702687,49.60155140865,4.09651723049512
533.323546935399,144.082992294734,4.81257089354541
NA,NA,NA
659.93941510441,334.349220154291,3.5664473948148
451.263813594559,301.6659389249,3.41470134913398
8.0018730462213,493.41407440218,3.56166391104165
562.382549187133,52.0677485958944,4.22308065567222
72.6123041028618,368.133735991845,4.03400228835547
227.18969652535,416.886177344103,3.82288216373425
426.939816915839,12.511871931755,3.2330271740344
361.421573414138,290.467329771647,3.1666307483898
606.425077803243,107.469044131429,4.27053438958531
393.101991863127,227.760545644947,4.28844984165843
567.490039536086,401.691970404501,4.64003113647297
139.958857787697,285.621109456731,4.59316953521833
199.038895607902,369.599204997097,4.06876097747285
127.039580406704,409.698910985929,3.36572344088861
627.668582123147,309.327051933683,4.60888056677416
2.97401942522385,148.887248706429,4.26200156742719
541.066695546877,201.826285680919,4.17463313781516
34.4847653746044,489.806366437613,3.02323061132289
275.792171691423,22.3601091699198,3.99617521061415
535.816047880978,393.416324180262,3.39609646519713
68.9027159785246,75.0629272281872,5.13475057883648
2.63590238497089,75.8753826071047,3.5368601404658
590.166632560232,224.186077095439,4.0475476483714
432.606525465848,461.417822365613,4.762346343343
661.930579213803,374.490381552931,3.11888587105518
104.17266167833,487.295645521665,4.43780247240619
621.725239630273,91.3825816845919,4.04730030473718
421.336205631387,259.835428438931,3.61453926974218
11.0310793871041,179.452383664045,3.41983728974808
66.3609476627464,116.07025322901,4.44736143109025
602.638808710815,206.925578691497,4.19833059515926
252.108589311471,216.07307646159,3.5591090312625
563.228872734822,440.268659475113,3.86366368321702
298.163330740841,142.300971174536,3.88125770133542
527.480005676665,461.155988402461,3.55604684696178
49.2650823300569,417.732748511787,3.99850051920864
195.459377712033,292.06556104767,3.64644733268687
544.111348152144,276.17047068084,3.70115220232216
171.22305526712,33.4347684828626,4.42900548300573
498.588145721119,331.704429648481,4.42236827813733
35.1496393702687,49.60155140865,4.09651723049512
533.323546935399,144.082992294734,4.81257089354541
NA,NA,NA
659.93941510441,334.349220154291,3.5664473948148
451.263813594559,301.6659389249,3.41470134913398
8.0018730462213,493.41407440218,3.56166391104165
562.382549187133,52.0677485958944,4.22308065567222
72.6123041028618,368.133735991845,4.03400228835547
227.18969652535,416.886177344103,3.82288216373425
426.939816915839,12.511871931755,3.2330271740344
361.421573414138,290.467329771647,3.1666307483898
606.425077803243,107.469044131429,4.27053438958531
393.101991863127,227.760545644947,4.28844984165843
567.490039536086,401.691970404501,4.64003113647297
139.958857787697,285.621109456731,4.59316953521833
199.038895607902,369.599204997097,4.06876097747285
127.039580406704,409.698910985929,3.36572344088861
627.668582123147,309.327051933683,4.60888056677416
2.97401942522385,148.887248706429,4.26200156742719
541.066695546877,201.826285680919,4.17463313781516
34.4847653746044,489.806366437613,3.02323061132289
275.792171691423,22.3601091699198,3.99617521061415
535.816047880978,393.416324180262,3.39609646519713
68.9027159785246,75.0629272281872,5.13475057883648
2.63590238497089,75.8753826071047,3.5368601404658
590.166632560232,224.186077095439,4.0475476483714
432.606525465848,461.417822365613,4.762346343343
661.930579213803,374.490381552931,3.11888587105518
104.17266167833,487.295645521665,4.43780247240619
621.725239630273,91.3825816845919,4.04730030473718
421.336205631387,259.835428438931,3.61453926974218
11.0310793871041,179.452383664045,3.41983728974808
66.3609476627464,116.07025322901,4.44736143109025
602.638808710815,206.925578691497,4.19833059515926
252.108589311471,216.07307646159,3.5591090312625
563.228872734822,440.268659475113,3.86366368321702
298.163330740841,142.300971174536,3.88125770133542
527.480005676665,461.155988402461,3.55604684696178
49.2650823300569,417.732748511787,3.99850051920864
195.459377712033,292.06556104767,3.64644733268687
544.111348152144,276.17047068084,3.70115220232216
171.22305526712,33.4347684828626,4.42900548300573
498.588145721119,331.704429648481,4.42236827813733
35.1496393702687,49.60155140865,4.09651723049512
533.323546935399,144.082992294734,4.81257089354541
NA,NA,NA
659.93941510441,334.349220154291,3.5664473948148
451.263813594559,301.6659389249,3.41470134913398
8.0018730462213,493.41407440218,3.56166391104165
562.382549187133,52.0677485958944,4.22308065567222
72.6123041028618,368.133735991845,4.03400228835547
227.18969652535,416.886177344103,3.82288216373425
426.939816915839,12.511871931755,3.2330271740344
361.421573414138,290.467329771647,3.1666307483898
606.425077803243,107.469044131429,4.27053438958531
393.101991863127,227.760545644947,4.28844984165843
567.490039536086,401.691970404501,4.64003113647297
139.958857787697,285.621109456731,4.59316953521833
199.038895607902,369.599204997097,4.06876097747285
127.039580406704,409.698910985929,3.36572344088861
627.668582123147,309.327051933683,4.60888056677416
2.97401942522385,148.887248706429,4.26200156742719
541.066695546877,201.826285680919,4.17463313781516
34.4847653746044,489.806366437613,3.02323061132289
275.792171691423,22.3601091699198,3.99617521061415
535.816047880978,393.416324180262,3.39609646519713
68.9027159785246,75.0629272281872,5.13475057883648
2.63590238497089,75.8753826071047,3.5368601404658
590.166632560232,224.186077095439,4.0475476483714
432.606525465848,461.417822365613,4.762346343343
661.930579213803,374.490381552931,3.11888587105518
104.17266167833,487.295645521665,4.43780247240619
621.725239630273,91.3825816845919,4.04730030473718
421.336205631387,259.835428438931,3.61453926974218
11.0310793871041,179.452383664045,3.41983728974808
66.3609476627464,116.07025322901,4.44736143109025
602.638808710815,206.925578691497,4.19833059515926
252.108589311471,216.07307646159,3.5591090312625
563.228872734822,440.268659475113,3.86366368321702
298.163330740841,142.300971174536,3.88125770133542
527.480005676665,461.155988402461,3.55604684696178
49.2650823300569,417.732748511787,3.99850051920864
195.459377712033,292.06556104767,3.64644733268687
544.111348152144,276.17047068084,3.70115220232216
171.22305526712,33.4347684828626,4.42900548300573
498.588145721119,331.704429648481,4.42236827813733
35.1496393702687,49.60155140865,4.09651723049512
533.323546935399,144.082992294734,4.81257089354541
NA,NA,NA
659.93941510441,334.349220154291,3.5664473948148
451.263813594559,301.6659389249,3.41470134913398
8.0018730462213,493.41407440218,3.56166391104165
562.382549187133,52.0677485958944,4.22308065567222
72.6123041028618,368.133735991845,4.03400228835547
227.18969652535,416.886177344103,3.82288216373425
426.939816915839,12.511871931755,3.2330271740344
361.421573414138,290.467329771647,3.1666307483898
606.425077803243,107.469044131429,4.27053438958531
393.101991863127,227.760545644947,4.28844984165843
567.490039536086,401.691970404501,4.64003113647297
139.958857787697,285.621109456731,4.59316953521833
199.038895607902,369.599204997097,4.06876097747285
127.039580406704,409.698910985929,3.36572344088861
627.668582123147,309.327051933683,4.60888056677416
2.97401942522385,148.887248706429,4.26200156742719
541.066695546877,201.826285680919,4.17463313781516
34.4847653746044,489.806366437613,3.02323061132289
275.792171691423,22.3601091699198,3.99617521061415
535.816047880978,393.416324180262,3.39609646519713
68.9027159785246,75.0629272281872,5.13475057883648
2.63590238497089,75.8753826071047,3.5368601404658
590.166632560232,224.186077095439,4.0475476483714
432.606525465848,461.417822365613,4.762346343343
661.930579213803,374.490381552931,3.11888587105518
104.17266167833,487.295645521665,4.43780247240619
621.725239630273,91.3825816845919,4.04730030473718
421.336205631387,259.835428438931,3.61453926974218
11.0310793871041,179.452383664045,3.41983728974808
66.3609476627464,116.07025322901,4.44736143109025
602.638808710815,206.925578691497,4.19833059515926
252.108589311471,216.07307646159,3.5591090312625
563.228872734822,440.268659475113,3.86366368321702
298.163330740841,142.300971174536,3.88125770133542
527.480005676665,461.155988402461,3.55604684696178
49.2650823300569,417.732748511787,3.99850051920864
195.459377712033,292.06556104767,3.64644733268687
544.111348152144,276.17047068084,3.70115220232216
171.22305526712,33.4347684828626,4.42900548300573
498.588145721119,331.704429648481,4.42236827813733
35.1496393702687,49.60155140865,4.09651723049512
533.323546935399,144.082992294734,4.81257089354541
NA,NA,NA
660.793855940212,335.398032037165,3.49002399340732
456.385460800122,302.87123786641,3.6515838270489
11.8126906664672,494.988166770971,3.51456336384647
560.25907349207,49.8746559990913,4.15745472121784
72.1195654191186,374.421168519989,3.9186969367789
228.006709490615,413.547710809217,3.84163057455804
427.062300159864,11.3185263348612,3.16568200076058
360.442320204835,290.333964806943,3.20397332796037
601.228503536373,102.826246678227,4.26271516962168
391.107072475295,223.493856910988,4.2056961229526
572.01518346145,401.610309335431,4.68957892579029
139.1704194509,281.840030105353,4.5254544716183
197.144745367581,365.107625000788,4.02036835508042
125.539185812051,410.789234966355,3.54654831588087
626.333355873156,306.076099115358,4.60496817367102
-4.29145254055396,148.791654533302,4.30112838126839
535.879259619632,203.627206075795,4.18482812872208
35.4575023590551,490.386001372359,2.94349500515982
276.635697602876,26.444441678338,3.86055155029352
534.00755851362,387.375670974987,3.55316255066604
79.1378696128853,72.7477516615537,5.20304580655209
5.66377596512832,75.0953462225391,3.46837776928052
586.153704676199,225.771585549991,4.04370696030519
440.021227189446,459.303170223709,4.86124960957489
659.228925876307,373.076031646858,3.09619547523669
102.050049740589,487.566319724711,4.35157205284847
623.646790695913,88.8021491452541,4.10071227926215
420.519181980839,257.954939940178,3.66431394902683
12.2842906327051,184.262692458394,3.19715595963633
70.0246950067572,110.250868461432,4.36223120821573
597.571161368099,214.928823086936,4.24454083562236
252.029291552599,213.937093631704,3.48867551560847
572.283871195707,445.855145906771,3.87420794377371
296.275761867751,132.72358544496,3.93901173608171
530.542814680971,450.868069134039,3.595386283511
40.3317448060295,421.312743505234,3.96451583090551
203.071731416057,277.47866275753,4.34172346649348
550.080631051477,270.287835945103,3.71881254078616
175.402483632219,30.5821713443409,4.42984518591688
501.641263555929,337.050997070873,4.63148850212831
33.1597464392022,49.9194770876763,3.99872944703853
537.448065698707,141.766799879602,4.92773056149052
NA,NA,NA
660.793855940212,335.398032037165,3.49002399340732
456.385460800122,302.87123786641,3.6515838270489
11.8126906664672,494.988166770971,3.51456336384647
560.25907349207,49.8746559990913,4.15745472121784
72.1195654191186,374.421168519989,3.9186969367789
228.006709490615,413.547710809217,3.84163057455804
427.062300159864,11.3185263348612,3.16568200076058
360.442320204835,290.333964806943,3.20397332796037
601.228503536373,102.826246678227,4.26271516962168
391.107072475295,223.493856910988,4.2056961229526
572.01518346145,401.610309335431,4.68957892579029
139.1704194509,281.840030105353,4.5254544716183
197.144745367581,365.107625000788,4.02036835508042
125.539185812051,410.789234966355,3.54654831588087
626.333355873156,306.076099115358,4.60496817367102
-4.29145254055396,148.791654533302,4.30112838126839
535.879259619632,203.627206075795,4.18482812872208
35.4575023590551,490.386001372359,2.94349500515982
276.635697602876,26.444441678338,3.86055155029352
534.00755851362,387.375670974987,3.55316255066604
79.1378696128853,72.7477516615537,5.20304580655209
5.66377596512832,75.0953462225391,3.46837776928052
586.153704676199,225.771585549991,4.04370696030519
440.021227189446,459.303170223709,4.86124960957489
659.228925876307,373.076031646858,3.09619547523669
102.050049740589,487.566319724711,4.35157205284847
623.646790695913,88.8021491452541,4.10071227926215
420.519181980839,257.954939940178,3.66431394902683
12.2842906327051,184.262692458394,3.19715595963633
70.0246950067572,110.250868461432,4.36223120821573
597.571161368099,214.928823086936,4.24454083562236
252.029291552599,213.937093631704,3.48867551560847
572.283871195707,445.855145906771,3.87420794377371
296.275761867751,132.72358544496,3.93901173608171
530.542814680971,450.868069134039,3.595386283511
40.3317448060295,421.312743505234,3.96451583090551
203.071731416057,277.47866275753,4.34172346649348
550.080631051477,270.287835945103,3.71881254078616
175.402483632219,30.5821713443409,4.42984518591688
501.641263555929,337.050997070873,4.63148850212831
33.1597464392022,49.9194770876763,3.99872944703853
537.448065698707,141.766799879602,4.92773056149052
NA,NA,NA
660.793855940212,335.398032037165,3.49002399340732
456.385460800122,302.87123786641,3.6515838270489
11.8126906664672,494.988166770971,3.51456336384647
560.25907349207,49.8746559990913,4.15745472121784
72.1195654191186,374.421168519989,3.9186969367789
228.006709490615,413.547710809217,3.84163057455804
427.062300159864,11.3185263348612,3.16568200076058
360.442320204835,290.333964806943,3.20397332796037
601.228503536373,102.826246678227,4.26271516962168
391.107072475295,223.493856910988,4.2056961229526
572.01518346145,401.610309335431,4.68957892579029
139.1704194509,281.840030105353,4.5254544716183
197.144745367581,365.107625000788,4.02036835508042
125.539185812051,410.789234966355,3.54654831588087
626.333355873156,306.076099115358,4.60496817367102
-4.29145254055396,148.791654533302,4.30112838126839
535.879259619632,203.627206075795,4.18482812872208
35.4575023590551,490.386001372359,2.94349500515982
276.635697602876,26.444441678338,3.86055155029352
534.00755851362,387.375670974987,3.55316255066604
79.1378696128853,72.7477516615537,5.20304580655209
5.66377596512832,75.0953462225391,3.46837776928052
586.153704676199,225.771585549991,4.04370696030519
440.021227189446,459.303170223709,4.86124960957489
659.228925876307,373.076031646858,3.09619547523669
102.050049740589,487.566319724711,4.35157205284847
623.646790695913,88.8021491452541,4.10071227926215
420.519181980839,257.954939940178,3.66431394902683
12.2842906327051,184.262692458394,3.19715595963633
70.0246950067572,110.250868461432,4.36223120821573
597.571161368099,214.928823086936,4.24454083562236
252.029291552599,213.937093631704,3.48867551560847
572.283871195707,445.855145906771,3.87420794377371
296.275761867751,132.72358544496,3.93901173608171
530.542814680971,450.868069134039,3.595386283511
40.3317448060295,421.312743505234,3.96451583090551
203.071731416057,277.47866275753,4.34172346649348
550.080631051477,270.287835945103,3.71881254078616
175.402483632219,30.5821713443409,4.42984518591688
501.641263555929,337.050997070873,4.63148850212831
33.1597464392022,49.9194770876763,3.99872944703853
537.448065698707,141.766799879602,4.92773056149052
NA,NA,NA
660.793855940212,335.398032037165,3.49002399340732
456.385460800122,302.87123786641,3.6515838270489
11.8126906664672,494.988166770971,3.51456336384647
560.25907349207,49.8746559990913,4.15745472121784
72.1195654191186,374.421168519989,3.9186969367789
228.006709490615,413.547710809217,3.84163057455804
427.062300159864,11.3185263348612,3.16568200076058
360.442320204835,290.333964806943,3.20397332796037
601.228503536373,102.826246678227,4.26271516962168
391.107072475295,223.493856910988,4.2056961229526
572.01518346145,401.610309335431,4.68957892579029
139.1704194509,281.840030105353,4.5254544716183
197.144745367581,365.107625000788,4.02036835508042
125.539185812051,410.789234966355,3.54654831588087
626.333355873156,306.076099115358,4.60496817367102
-4.29145254055396,148.791654533302,4.30112838126839
535.879259619632,203.627206075795,4.18482812872208
35.4575023590551,490.386001372359,2.94349500515982
276.635697602876,26.444441678338,3.86055155029352
534.00755851362,387.375670974987,3.55316255066604
79.1378696128853,72.7477516615537,5.20304580655209
5.66377596512832,75.0953462225391,3.46837776928052
586.153704676199,225.771585549991,4.04370696030519
440.021227189446,459.303170223709,4.86124960957489
659.228925876307,373.076031646858,3.09619547523669
102.050049740589,487.566319724711,4.35157205284847
623.646790695913,88.8021491452541,4.10071227926215
420.519181980839,257.954939940178,3.66431394902683
12.2842906327051,184.262692458394,3.19715595963633
70.0246950067572,110.250868461432,4.36223120821573
597.571161368099,214.928823086936,4.24454083562236
252.029291552599,213.937093631704,3.48867551560847
572.283871195707,445.855145906771,3.87420794377371
296.275761867751,132.72358544496,3.93901173608171
530.542814680971,450.868069134039,3.595386283511
40.3317448060295,421.312743505234,3.96451583090551
203.071731416057,277.47866275753,4.34172346649348
550.080631051477,270.287835945103,3.71881254078616
175.402483632219,30.5821713443409,4.42984518591688
501.641263555929,337.050997070873,4.63148850212831
33.1597464392022,49.9194770876763,3.99872944703853
537.448065698707,141.766799879602,4.92773056149052
NA,NA,NA
660.793855940212,335.398032037165,3.49002399340732
456.385460800122,302.87123786641,3.6515838270489
11.8126906664672,494.988166770971,3.51456336384647
560.25907349207,49.8746559990913,4.15745472121784
72.1195654191186,374.421168519989,3.9186969367789
228.006709490615,413.547710809217,3.84163057455804
427.062300159864,11.3185263348612,3.16568200076058
360.442320204835,290.333964806943,3.20397332796037
601.228503536373,102.826246678227,4.26271516962168
391.107072475295,223.493856910988,4.2056961229526
572.01518346145,401.610309335431,4.68957892579029
139.1704194509,281.840030105353,4.5254544716183
197.144745367581,365.107625000788,4.02036835508042
125.539185812051,410.789234966355,3.54654831588087
626.333355873156,306.076099115358,4.60496817367102
-4.29145254055396,148.791654533302,4.30112838126839
535.879259619632,203.627206075795,4.18482812872208
35.4575023590551,490.386001372359,2.94349500515982
276.635697602876,26.444441678338,3.86055155029352
534.00755851362,387.375670974987,3.55316255066604
79.1378696128853,72.7477516615537,5.20304580655209
5.66377596512832,75.0953462225391,3.46837776928052
586.153704676199,225.771585549991,4.04370696030519
440.021227189446,459.303170223709,4.86124960957489
659.228925876307,373.076031646858,3.09619547523669
102.050049740589,487.566319724711,4.35157205284847
623.646790695913,88.8021491452541,4.10071227926215
420.519181980839,257.954939940178,3.66431394902683
12.2842906327051,184.262692458394,3.19715595963633
70.0246950067572,110.250868461432,4.36223120821573
597.571161368099,214.928823086936,4.24454083562236
252.029291552599,213.937093631704,3.48867551560847
572.283871195707,445.855145906771,3.87420794377371
296.275761867751,132.72358544496,3.93901173608171
530.542814680971,450.868069134039,3.595386283511
40.3317448060295,421.312743505234,3.96451583090551
203.071731416057,277.47866275753,4.34172346649348
550.080631051477,270.287835945103,3.71881254078616
175.402483632219,30.5821713443409,4.42984518591688
501.641263555929,337.050997070873,4.63148850212831
33.1597464392022,49.9194770876763,3.99872944703853
537.448065698707,141.766799879602,4.92773056149052
NA,NA,NA
660.793855940212,335.398032037165,3.49002399340732
456.385460800122,302.87123786641,3.6515838270489
11.8126906664672,494.988166770971,3.51456336384647
560.25907349207,49.8746559990913,4.15745472121784
72.1195654191186,374.421168519989,3.9186969367789
228.006709490615,413.547710809217,3.84163057455804
427.062300159864,11.3185263348612,3.16568200076058
360.442320204835,290.333964806943,3.20397332796037
601.228503536373,102.826246678227,4.26271516962168
391.107072475295,223.493856910988,4.2056961229526
572.01518346145,401.610309335431,4.68957892579029
139.1704194509,281.840030105353,4.5254544716183
197.144745367581,365.107625000788,4.02036835508042
125.539185812051,410.789234966355,3.54654831588087
626.333355873156,306.076099115358,4.60496817367102
-4.29145254055396,148.791654533302,4.30112838126839
535.879259619632,203.627206075795,4.18482812872208
35.4575023590551,490.386001372359,2.94349500515982
276.635697602876,26.444441678338,3.86055155029352
534.00755851362,387.375670974987,3.55316255066604
79.1378696128853,72.7477516615537,5.20304580655209
5.66377596512832,75.0953462225391,3.46837776928052
586.153704676199,225.771585549991,4.04370696030519
440.021227189446,459.303170223709,4.86124960957489
659.228925876307,373.076031646858,3.09619547523669
102.050049740589,487.566319724711,4.35157205284847
623.646790695913,88.8021491452541,4.10071227926215
420.519181980839,257.954939940178,3.66431394902683
12.2842906327051,184.262692458394,3.19715595963633
70.0246950067572,110.250868461432,4.36223120821573
597.571161368099,214.928823086936,4.24454083562236
252.029291552599,213.937093631704,3.48867551560847
572.283871195707,445.855145906771,3.87420794377371
296.275761867751,132.72358544496,3.93901173608171
530.542814680971,450.868069134039,3.595386283511
40.3317448060295,421.312743505234,3.96451583090551
203.071731416057,277.47866275753,4.34172346649348
550.080631051477,270.287835945103,3.71881254078616
175.402483632219,30.5821713443409,4.42984518591688
501.641263555929,337.050997070873,4.63148850212831
33.1597464392022,49.9194770876763,3.99872944703853
537.448065698707,141.766799879602,4.92773056149052
NA,NA,NA
660.776388928959,335.551259138317,3.66123236215979
455.42262504857,302.265696230603,3.66618150362784
9.51453413301784,495.296502776303,3.65895326641069
557.884177709027,54.6073026261256,4.20257938143533
72.3171004827978,371.345195651959,3.99530236683489
221.80852727841,414.536036430156,3.87853639420972
428.386489968767,14.2040716145332,3.46831061286099
361.445795265405,292.526825567797,3.14537685824863
604.378347363448,101.306011544283,4.23672628851015
392.199097360199,229.03912229986,4.13124415313029
577.582744114237,407.613675993465,4.73201602904289
141.123457243697,280.568785938472,4.57147272489486
201.048892308397,370.194771808488,4.14396612021774
127.33551798892,412.62634569497,3.41303454504215
626.445531599333,306.958429646354,4.49246905348656
-2.07887983179697,150.374588544749,4.26140603297783
537.853852806785,199.243055380185,4.34357325184812
33.6854161322441,492.766492786595,2.94798827232245
277.876796393116,19.7249250570124,3.79228346072331
533.364406690774,391.364403425547,3.31482241894861
75.8153829182552,78.7454810099743,5.21577075734529
5.86243392583194,79.2406916280089,3.55383075278252
585.39389562846,227.674277386721,3.89796313893437
438.462033207328,454.732587853556,4.72166129067156
657.672783317477,372.863445915184,2.96028115587902
106.787451905282,490.703241983114,4.36950424096502
629.646098800285,90.4055790279287,4.13378512373945
418.165798320089,259.077906744221,3.64161639991611
10.4989345149098,182.917210989029,3.03962689592406
57.8541740668907,101.327400939291,4.4001035125911
606.496015185314,204.92388632368,4.26119641485006
258.643919807632,222.316755674936,3.70399135013123
584.1022578854,441.399884704033,3.7460642197866
301.697602641811,137.181741629729,3.97949689223165
531.044962702577,453.974348447902,3.55124516792051
38.8124686763662,425.007159515026,4.00571401601801
203.773688994887,283.372837454629,4.10024397001743
547.121606733991,259.574843729205,3.5328908182873
174.818026224875,27.290870905441,4.25472884450034
511.645664526464,347.192794695842,4.48626836297775
45.2975133081383,53.1074896353284,4.0790879540168
533.859523455923,163.487120949316,4.57143155900204
NA,NA,NA
660.776388928959,335.551259138317,3.66123236215979
455.42262504857,302.265696230603,3.66618150362784
9.51453413301784,495.296502776303,3.65895326641069
557.884177709027,54.6073026261256,4.20257938143533
72.3171004827978,371.345195651959,3.99530236683489
221.80852727841,414.536036430156,3.87853639420972
428.386489968767,14.2040716145332,3.46831061286099
361.445795265405,292.526825567797,3.14537685824863
604.378347363448,101.306011544283,4.23672628851015
392.199097360199,229.03912229986,4.13124415313029
577.582744114237,407.613675993465,4.73201602904289
141.123457243697,280.568785938472,4.57147272489486
201.048892308397,370.194771808488,4.14396612021774
127.33551798892,412.62634569497,3.41303454504215
626.445531599333,306.958429646354,4.49246905348656
-2.07887983179697,150.374588544749,4.26140603297783
537.853852806785,199.243055380185,4.34357325184812
33.6854161322441,492.766492786595,2.94798827232245
277.876796393116,19.7249250570124,3.79228346072331
533.364406690774,391.364403425547,3.31482241894861
75.8153829182552,78.7454810099743,5.21577075734529
5.86243392583194,79.2406916280089,3.55383075278252
585.39389562846,227.674277386721,3.89796313893437
438.462033207328,454.732587853556,4.72166129067156
657.672783317477,372.863445915184,2.96028115587902
106.787451905282,490.703241983114,4.36950424096502
629.646098800285,90.4055790279287,4.13378512373945
418.165798320089,259.077906744221,3.64161639991611
10.4989345149098,182.917210989029,3.03962689592406
57.8541740668907,101.327400939291,4.4001035125911
606.496015185314,204.92388632368,4.26119641485006
258.643919807632,222.316755674936,3.70399135013123
584.1022578854,441.399884704033,3.7460642197866
301.697602641811,137.181741629729,3.97949689223165
531.044962702577,453.974348447902,3.55124516792051
38.8124686763662,425.007159515026,4.00571401601801
203.773688994887,283.372837454629,4.10024397001743
547.121606733991,259.574843729205,3.5328908182873
174.818026224875,27.290870905441,4.25472884450034
511.645664526464,347.192794695842,4.48626836297775
45.2975133081383,53.1074896353284,4.0790879540168
533.859523455923,163.487120949316,4.57143155900204
NA,NA,NA
660.776388928959,335.551259138317,3.66123236215979
455.42262504857,302.265696230603,3.66618150362784
9.51453413301784,495.296502776303,3.65895326641069
557.884177709027,54.6073026261256,4.20257938143533
72.3171004827978,371.345195651959,3.99530236683489
221.80852727841,414.536036430156,3.87853639420972
428.386489968767,14.2040716145332,3.46831061286099
361.445795265405,292.526825567797,3.14537685824863
604.378347363448,101.306011544283,4.23672628851015
392.199097360199,229.03912229986,4.13124415313029
577.582744114237,407.613675993465,4.73201602904289
141.123457243697,280.568785938472,4.57147272489486
201.048892308397,370.194771808488,4.14396612021774
127.33551798892,412.62634569497,3.41303454504215
626.445531599333,306.958429646354,4.49246905348656
-2.07887983179697,150.374588544749,4.26140603297783
537.853852806785,199.243055380185,4.34357325184812
33.6854161322441,492.766492786595,2.94798827232245
277.876796393116,19.7249250570124,3.79228346072331
533.364406690774,391.364403425547,3.31482241894861
75.8153829182552,78.7454810099743,5.21577075734529
5.86243392583194,79.2406916280089,3.55383075278252
585.39389562846,227.674277386721,3.89796313893437
438.462033207328,454.732587853556,4.72166129067156
657.672783317477,372.863445915184,2.96028115587902
106.787451905282,490.703241983114,4.36950424096502
629.646098800285,90.4055790279287,4.13378512373945
418.165798320089,259.077906744221,3.64161639991611
10.4989345149098,182.917210989029,3.03962689592406
57.8541740668907,101.327400939291,4.4001035125911
606.496015185314,204.92388632368,4.26119641485006
258.643919807632,222.316755674936,3.70399135013123
584.1022578854,441.399884704033,3.7460642197866
301.697602641811,137.181741629729,3.97949689223165
531.044962702577,453.974348447902,3.55124516792051
38.8124686763662,425.007159515026,4.00571401601801
203.773688994887,283.372837454629,4.10024397001743
547.121606733991,259.574843729205,3.5328908182873
174.818026224875,27.290870905441,4.25472884450034
511.645664526464,347.192794695842,4.48626836297775
45.2975133081383,53.1074896353284,4.0790879540168
533.859523455923,163.487120949316,4.57143155900204
NA,NA,NA
660.776388928959,335.551259138317,3.66123236215979
455.42262504857,302.265696230603,3.66618150362784
9.51453413301784,495.296502776303,3.65895326641069
557.884177709027,54.6073026261256,4.20257938143533
72.3171004827978,371.345195651959,3.99530236683489
221.80852727841,414.536036430156,3.87853639420972
428.386489968767,14.2040716145332,3.46831061286099
361.445795265405,292.526825567797,3.14537685824863
604.378347363448,101.306011544283,4.23672628851015
392.199097360199,229.03912229986,4.13124415313029
577.582744114237,407.613675993465,4.73201602904289
141.123457243697,280.568785938472,4.57147272489486
201.048892308397,370.194771808488,4.14396612021774
127.33551798892,412.62634569497,3.41303454504215
626.445531599333,306.958429646354,4.49246905348656
-2.07887983179697,150.374588544749,4.26140603297783
537.853852806785,199.243055380185,4.34357325184812
33.6854161322441,492.766492786595,2.94798827232245
277.876796393116,19.7249250570124,3.79228346072331
533.364406690774,391.364403425547,3.31482241894861
75.8153829182552,78.7454810099743,5.21577075734529
5.86243392583194,79.2406916280089,3.55383075278252
585.39389562846,227.674277386721,3.89796313893437
438.462033207328,454.732587853556,4.72166129067156
657.672783317477,372.863445915184,2.96028115587902
106.787451905282,490.703241983114,4.36950424096502
629.646098800285,90.4055790279287,4.13378512373945
418.165798320089,259.077906744221,3.64161639991611
10.4989345149098,182.917210989029,3.03962689592406
57.8541740668907,101.327400939291,4.4001035125911
606.496015185314,204.92388632368,4.26119641485006
258.643919807632,222.316755674936,3.70399135013123
584.1022578854,441.399884704033,3.7460642197866
301.697602641811,137.181741629729,3.97949689223165
531.044962702577,453.974348447902,3.55124516792051
38.8124686763662,425.007159515026,4.00571401601801
203.773688994887,283.372837454629,4.10024397001743
547.121606733991,259.574843729205,3.5328908182873
174.818026224875,27.290870905441,4.25472884450034
511.645664526464,347.192794695842,4.48626836297775
45.2975133081383,53.1074896353284,4.0790879540168
533.859523455923,163.487120949316,4.57143155900204
NA,NA,NA
660.776388928959,335.551259138317,3.66123236215979
455.42262504857,302.265696230603,3.66618150362784
9.51453413301784,495.296502776303,3.65895326641069
557.884177709027,54.6073026261256,4.20257938143533
72.3171004827978,371.345195651959,3.99530236683489
221.80852727841,414.536036430156,3.87853639420972
428.386489968767,14.2040716145332,3.46831061286099
361.445795265405,292.526825567797,3.14537685824863
604.378347363448,101.306011544283,4.23672628851015
392.199097360199,229.03912229986,4.13124415313029
577.582744114237,407.613675993465,4.73201602904289
141.123457243697,280.568785938472,4.57147272489486
201.048892308397,370.194771808488,4.14396612021774
127.33551798892,412.62634569497,3.41303454504215
626.445531599333,306.958429646354,4.49246905348656
-2.07887983179697,150.374588544749,4.26140603297783
537.853852806785,199.243055380185,4.34357325184812
33.6854161322441,492.766492786595,2.94798827232245
277.876796393116,19.7249250570124,3.79228346072331
533.364406690774,391.364403425547,3.31482241894861
75.8153829182552,78.7454810099743,5.21577075734529
5.86243392583194,79.2406916280089,3.55383075278252
585.39389562846,227.674277386721,3.89796313893437
438.462033207328,454.732587853556,4.72166129067156
657.672783317477,372.863445915184,2.96028115587902
106.787451905282,490.703241983114,4.36950424096502
629.646098800285,90.4055790279287,4.13378512373945
418.165798320089,259.077906744221,3.64161639991611
10.4989345149098,182.917210989029,3.03962689592406
57.8541740668907,101.327400939291,4.4001035125911
606.496015185314,204.92388632368,4.26119641485006
258.643919807632,222.316755674936,3.70399135013123
584.1022578854,441.399884704033,3.7460642197866
301.697602641811,137.181741629729,3.97949689223165
531.044962702577,453.974348447902,3.55124516792051
38.8124686763662,425.007159515026,4.00571401601801
203.773688994887,283.372837454629,4.10024397001743
547.121606733991,259.574843729205,3.5328908182873
174.818026224875,27.290870905441,4.25472884450034
511.645664526464,347.192794695842,4.48626836297775
45.2975133081383,53.1074896353284,4.0790879540168
533.859523455923,163.487120949316,4.57143155900204
NA,NA,NA
660.776388928959,335.551259138317,3.66123236215979
455.42262504857,302.265696230603,3.66618150362784
9.51453413301784,495.296502776303,3.65895326641069
557.884177709027,54.6073026261256,4.20257938143533
72.3171004827978,371.345195651959,3.99530236683489
221.80852727841,414.536036430156,3.87853639420972
428.386489968767,14.2040716145332,3.46831061286099
361.445795265405,292.526825567797,3.14537685824863
604.378347363448,101.306011544283,4.23672628851015
392.199097360199,229.03912229986,4.13124415313029
577.582744114237,407.613675993465,4.73201602904289
141.123457243697,280.568785938472,4.57147272489486
201.048892308397,370.194771808488,4.14396612021774
127.33551798892,412.62634569497,3.41303454504215
626.445531599333,306.958429646354,4.49246905348656
-2.07887983179697,150.374588544749,4.26140603297783
537.853852806785,199.243055380185,4.34357325184812
33.6854161322441,492.766492786595,2.94798827232245
277.876796393116,19.7249250570124,3.79228346072331
533.364406690774,391.364403425547,3.31482241894861
75.8153829182552,78.7454810099743,5.21577075734529
5.86243392583194,79.2406916280089,3.55383075278252
585.39389562846,227.674277386721,3.89796313893437
438.462033207328,454.732587853556,4.72166129067156
657.672783317477,372.863445915184,2.96028115587902
106.787451905282,490.703241983114,4.36950424096502
629.646098800285,90.4055790279287,4.13378512373945
418.165798320089,259.077906744221,3.64161639991611
10.4989345149098,182.917210989029,3.03962689592406
57.8541740668907,101.327400939291,4.4001035125911
606.496015185314,204.92388632368,4.26119641485006
258.643919807632,222.316755674936,3.70399135013123
584.1022578854,441.399884704033,3.7460642197866
301.697602641811,137.181741629729,3.97949689223165
531.044962702577,453.974348447902,3.55124516792051
38.8124686763662,425.007159515026,4.00571401601801
203.773688994887,283.372837454629,4.10024397001743
547.121606733991,259.574843729205,3.5328908182873
174.818026224875,27.290870905441,4.25472884450034
511.645664526464,347.192794695842,4.48626836297775
45.2975133081383,53.1074896353284,4.0790879540168
533.859523455923,163.487120949316,4.57143155900204
NA,NA,NA
659.580410734271,337.298267453043,3.52579908412349
455.448365990547,300.293339405404,3.64545703910653
10.7729607771673,495.30910974146,3.64519369967746
559.58455127301,53.0079670218118,4.17082771950025
71.9810523261034,376.41258998515,3.94926328600419
231.459763096152,413.864361606331,3.90136504281283
426.381795298262,11.2402708356358,3.36229407286059
363.373555365512,290.01107161728,3.02468950689879
605.782718853668,104.72818927998,4.14971510081279
392.175087678666,226.575007777517,4.18204950420308
574.696655977091,411.192477339123,4.64989133841674
141.124777103676,280.464379373927,4.49858245335875
198.005224717479,364.022988524571,4.07455010756916
122.601200144669,412.084776808084,3.43945355152778
625.384398051422,310.34461155068,4.48423151737445
-4.73093122419712,146.777072020836,4.27120145496143
543.00048434684,201.255553989491,4.29034596301243
33.2838351030723,490.968111489681,2.95866644634733
282.145387739676,17.8423863808321,3.91429729794113
534.322667513822,392.207385144647,3.37073516206419
75.5969818714615,71.348259574836,5.14350948990969
5.00950848542723,78.1871313462337,3.56034947891809
590.032111270883,229.694392442478,4.07214557783391
445.454761369019,460.276806505819,4.79480909555911
655.901875817197,374.453037232914,3.09639489761935
104.34648110733,486.92749491914,4.42337538353854
621.246325878904,92.9204785904312,4.10623704198463
418.750448160956,259.638472164364,3.63901407656876
11.9362738631229,180.87625515184,3.21971180427729
69.6024062952387,122.852297159842,4.2975960144492
612.028483305367,197.324871718459,4.52906635089335
249.729103767896,223.508858210105,3.75404098633384
575.857645053921,432.495734376739,3.77325968050267
300.457120711168,137.099705473166,3.87475850523448
525.589626253889,454.169371867852,3.72296213242464
29.2799720598049,416.397647116243,3.7563481006848
187.676266109233,297.119103553537,4.18456494303997
563.430600617243,256.422350255216,3.70250108360814
166.229723249728,28.4333711614873,4.2572558742547
502.533509464388,351.547566870392,4.69866830240892
40.5490021801407,54.0151246266776,3.67590114656618
542.696526013941,147.232119309423,4.19825225528352
NA,NA,NA
659.580410734271,337.298267453043,3.52579908412349
455.448365990547,300.293339405404,3.64545703910653
10.7729607771673,495.30910974146,3.64519369967746
559.58455127301,53.0079670218118,4.17082771950025
71.9810523261034,376.41258998515,3.94926328600419
231.459763096152,413.864361606331,3.90136504281283
426.381795298262,11.2402708356358,3.36229407286059
363.373555365512,290.01107161728,3.02468950689879
605.782718853668,104.72818927998,4.14971510081279
392.175087678666,226.575007777517,4.18204950420308
574.696655977091,411.192477339123,4.64989133841674
141.124777103676,280.464379373927,4.49858245335875
198.005224717479,364.022988524571,4.07455010756916
122.601200144669,412.084776808084,3.43945355152778
625.384398051422,310.34461155068,4.48423151737445
-4.73093122419712,146.777072020836,4.27120145496143
543.00048434684,201.255553989491,4.29034596301243
33.2838351030723,490.968111489681,2.95866644634733
282.145387739676,17.8423863808321,3.91429729794113
534.322667513822,392.207385144647,3.37073516206419
75.5969818714615,71.348259574836,5.14350948990969
5.00950848542723,78.1871313462337,3.56034947891809
590.032111270883,229.694392442478,4.07214557783391
445.454761369019,460.276806505819,4.79480909555911
655.901875817197,374.453037232914,3.09639489761935
104.34648110733,486.92749491914,4.42337538353854
621.246325878904,92.9204785904312,4.10623704198463
418.750448160956,259.638472164364,3.63901407656876
11.9362738631229,180.87625515184,3.21971180427729
69.6024062952387,122.852297159842,4.2975960144492
612.028483305367,197.324871718459,4.52906635089335
249.729103767896,223.508858210105,3.75404098633384
575.857645053921,432.495734376739,3.77325968050267
300.457120711168,137.099705473166,3.87475850523448
525.589626253889,454.169371867852,3.72296213242464
29.2799720598049,416.397647116243,3.7563481006848
187.676266109233,297.119103553537,4.18456494303997
563.430600617243,256.422350255216,3.70250108360814
166.229723249728,28.4333711614873,4.2572558742547
502.533509464388,351.547566870392,4.69866830240892
40.5490021801407,54.0151246266776,3.67590114656618
542.696526013941,147.232119309423,4.19825225528352
NA,NA,NA
659.580410734271,337.298267453043,3.52579908412349
455.448365990547,300.293339405404,3.64545703910653
10.7729607771673,495.30910974146,3.64519369967746
559.58455127301,53.0079670218118,4.17082771950025
71.9810523261034,376.41258998515,3.94926328600419
231.459763096152,413.864361606331,3.90136504281283
426.381795298262,11.2402708356358,3.36229407286059
363.373555365512,290.01107161728,3.02468950689879
605.782718853668,104.72818927998,4.14971510081279
392.175087678666,226.575007777517,4.18204950420308
574.696655977091,411.192477339123,4.64989133841674
141.124777103676,280.464379373927,4.49858245335875
198.005224717479,364.022988524571,4.07455010756916
122.601200144669,412.084776808084,3.43945355152778
625.384398051422,310.34461155068,4.48423151737445
-4.73093122419712,146.777072020836,4.27120145496143
543.00048434684,201.255553989491,4.29034596301243
33.2838351030723,490.968111489681,2.95866644634733
282.145387739676,17.8423863808321,3.91429729794113
534.322667513822,392.207385144647,3.37073516206419
75.5969818714615,71.348259574836,5.14350948990969
5.00950848542723,78.1871313462337,3.56034947891809
590.032111270883,229.694392442478,4.07214557783391
445.454761369019,460.276806505819,4.79480909555911
655.901875817197,374.453037232914,3.09639489761935
104.34648110733,486.92749491914,4.42337538353854
621.246325878904,92.9204785904312,4.10623704198463
418.750448160956,259.638472164364,3.63901407656876
11.9362738631229,180.87625515184,3.21971180427729
69.6024062952387,122.852297159842,4.2975960144492
612.028483305367,197.324871718459,4.52906635089335
249.729103767896,223.508858210105,3.75404098633384
575.857645053921,432.495734376739,3.77325968050267
300.457120711168,137.099705473166,3.87475850523448
525.589626253889,454.169371867852,3.72296213242464
29.2799720598049,416.397647116243,3.7563481006848
187.676266109233,297.119103553537,4.18456494303997
563.430600617243,256.422350255216,3.70250108360814
166.229723249728,28.4333711614873,4.2572558742547
502.533509464388,351.547566870392,4.69866830240892
40.5490021801407,54.0151246266776,3.67590114656618
542.696526013941,147.232119309423,4.19825225528352
NA,NA,NA
659.580410734271,337.298267453043,3.52579908412349
455.448365990547,300.293339405404,3.64545703910653
10.7729607771673,495.30910974146,3.64519369967746
559.58455127301,53.0079670218118,4.17082771950025
71.9810523261034,376.41258998515,3.94926328600419
231.459763096152,413.864361606331,3.90136504281283
426.381795298262,11.2402708356358,3.36229407286059
363.373555365512,290.01107161728,3.02468950689879
605.782718853668,104.72818927998,4.14971510081279
392.175087678666,226.575007777517,4.18204950420308
574.696655977091,411.192477339123,4.64989133841674
141.124777103676,280.464379373927,4.49858245335875
198.005224717479,364.022988524571,4.07455010756916
122.601200144669,412.084776808084,3.43945355152778
625.384398051422,310.34461155068,4.48423151737445
-4.73093122419712,146.777072020836,4.27120145496143
543.00048434684,201.255553989491,4.29034596301243
33.2838351030723,490.968111489681,2.95866644634733
282.145387739676,17.8423863808321,3.91429729794113
534.322667513822,392.207385144647,3.37073516206419
75.5969818714615,71.348259574836,5.14350948990969
5.00950848542723,78.1871313462337,3.56034947891809
590.032111270883,229.694392442478,4.07214557783391
445.454761369019,460.276806505819,4.79480909555911
655.901875817197,374.453037232914,3.09639489761935
104.34648110733,486.92749491914,4.42337538353854
621.246325878904,92.9204785904312,4.10623704198463
418.750448160956,259.638472164364,3.63901407656876
11.9362738631229,180.87625515184,3.21971180427729
69.6024062952387,122.852297159842,4.2975960144492
612.028483305367,197.324871718459,4.52906635089335
249.729103767896,223.508858210105,3.75404098633384
575.857645053921,432.495734376739,3.77325968050267
300.457120711168,137.099705473166,3.87475850523448
525.589626253889,454.169371867852,3.72296213242464
29.2799720598049,416.397647116243,3.7563481006848
187.676266109233,297.119103553537,4.18456494303997
563.430600617243,256.422350255216,3.70250108360814
166.229723249728,28.4333711614873,4.2572558742547
502.533509464388,351.547566870392,4.69866830240892
40.5490021801407,54.0151246266776,3.67590114656618
542.696526013941,147.232119309423,4.19825225528352
NA,NA,NA
659.580410734271,337.298267453043,3.52579908412349
455.448365990547,300.293339405404,3.64545703910653
10.7729607771673,495.30910974146,3.64519369967746
559.58455127301,53.0079670218118,4.17082771950025
71.9810523261034,376.41258998515,3.94926328600419
231.459763096152,413.864361606331,3.90136504281283
426.381795298262,11.2402708356358,3.36229407286059
363.373555365512,290.01107161728,3.02468950689879
605.782718853668,104.72818927998,4.14971510081279
392.175087678666,226.575007777517,4.18204950420308
574.696655977091,411.192477339123,4.64989133841674
141.124777103676,280.464379373927,4.49858245335875
198.005224717479,364.022988524571,4.07455010756916
122.601200144669,412.084776808084,3.43945355152778
625.384398051422,310.34461155068,4.48423151737445
-4.73093122419712,146.777072020836,4.27120145496143
543.00048434684,201.255553989491,4.29034596301243
33.2838351030723,490.968111489681,2.95866644634733
282.145387739676,17.8423863808321,3.91429729794113
534.322667513822,392.207385144647,3.37073516206419
75.5969818714615,71.348259574836,5.14350948990969
5.00950848542723,78.1871313462337,3.56034947891809
590.032111270883,229.694392442478,4.07214557783391
445.454761369019,460.276806505819,4.79480909555911
655.901875817197,374.453037232914,3.09639489761935
104.34648110733,486.92749491914,4.42337538353854
621.246325878904,92.9204785904312,4.10623704198463
418.750448160956,259.638472164364,3.63901407656876
11.9362738631229,180.87625515184,3.21971180427729
69.6024062952387,122.852297159842,4.2975960144492
612.028483305367,197.324871718459,4.52906635089335
249.729103767896,223.508858210105,3.75404098633384
575.857645053921,432.495734376739,3.77325968050267
300.457120711168,137.099705473166,3.87475850523448
525.589626253889,454.169371867852,3.72296213242464
29.2799720598049,416.397647116243,3.7563481006848
187.676266109233,297.119103553537,4.18456494303997
563.430600617243,256.422350255216,3.70250108360814
166.229723249728,28.4333711614873,4.2572558742547
502.533509464388,351.547566870392,4.69866830240892
40.5490021801407,54.0151246266776,3.67590114656618
542.696526013941,147.232119309423,4.19825225528352
NA,NA,NA
659.580410734271,337.298267453043,3.52579908412349
455.448365990547,300.293339405404,3.64545703910653
10.7729607771673,495.30910974146,3.64519369967746
559.58455127301,53.0079670218118,4.17082771950025
71.9810523261034,376.41258998515,3.94926328600419
231.459763096152,413.864361606331,3.90136504281283
426.381795298262,11.2402708356358,3.36229407286059
363.373555365512,290.01107161728,3.02468950689879
605.782718853668,104.72818927998,4.14971510081279
392.175087678666,226.575007777517,4.18204950420308
574.696655977091,411.192477339123,4.64989133841674
141.124777103676,280.464379373927,4.49858245335875
198.005224717479,364.022988524571,4.07455010756916
122.601200144669,412.084776808084,3.43945355152778
625.384398051422,310.34461155068,4.48423151737445
-4.73093122419712,146.777072020836,4.27120145496143
543.00048434684,201.255553989491,4.29034596301243
33.2838351030723,490.968111489681,2.95866644634733
282.145387739676,17.8423863808321,3.91429729794113
534.322667513822,392.207385144647,3.37073516206419
75.5969818714615,71.348259574836,5.14350948990969
5.00950848542723,78.1871313462337,3.56034947891809
590.032111270883,229.694392442478,4.07214557783391
445.454761369019,460.276806505819,4.79480909555911
655.901875817197,374.453037232914,3.09639489761935
104.34648110733,486.92749491914,4.42337538353854
621.246325878904,92.9204785904312,4.10623704198463
418.750448160956,259.638472164364,3.63901407656876
11.9362738631229,180.87625515184,3.21971180427729
69.6024062952387,122.852297159842,4.2975960144492
612.028483305367,197.324871718459,4.52906635089335
249.729103767896,223.508858210105,3.75404098633384
575.857645053921,432.495734376739,3.77325968050267
300.457120711168,137.099705473166,3.87475850523448
525.589626253889,454.169371867852,3.72296213242464
29.2799720598049,416.397647116243,3.7563481006848
187.676266109233,297.119103553537,4.18456494303997
563.430600617243,256.422350255216,3.70250108360814
166.229723249728,28.4333711614873,4.2572558742547
502.533509464388,351.547566870392,4.69866830240892
40.5490021801407,54.0151246266776,3.67590114656618
542.696526013941,147.232119309423,4.19825225528352
NA,NA,NA
658.685775618243,333.890987566454,3.542797229769
458.587056134244,300.846749195958,3.6078604989284
9.69941576256956,491.642293859557,3.68684232580364
560.516669665272,49.9013942963762,4.18753489169083
69.7283191432215,376.276357192706,3.90592279503693
226.377526960657,411.443183113626,4.03212202092599
428.95538520725,12.4597819516032,3.2919517721119
363.36944325852,290.31702624529,3.06820890344424
601.309638669531,105.668223004898,4.26136269864304
391.078965951865,228.393993680939,3.99351029930743
578.314565034715,416.52191176861,4.7295278072652
139.614644819118,277.857086878659,4.53237117786669
203.201457389823,368.581120205564,4.09144299976343
121.980537779117,412.72060038424,3.34278909437449
625.659200417986,312.870757489041,4.44175110319732
2.93128074461968,143.085669932372,4.27610458059381
542.294416676661,201.044303928846,4.10226461659367
35.6787623958919,493.228724672071,3.03491057105231
281.200542527537,25.2692600921821,4.01022638519712
533.875751792833,390.495297914736,3.45344547272688
71.6454103739388,78.2335790706656,5.38600637826287
0.897665428109005,78.2470540091469,3.50625677391425
588.003691569542,226.743231523412,4.08919216083418
441.687065227074,452.215750138751,4.85199303810208
657.296000632821,375.68071282214,3.14729800387298
107.119757970463,484.731608671306,4.44401471804875
620.137908656108,91.4181025552773,4.10312662683294
418.458330228849,258.46179471324,3.6767767005264
9.80471565155238,182.009741877625,3.25996483886783
77.6446390877055,123.305093488307,4.43384592508427
619.455080801702,195.755234072323,4.16945481411392
255.911465229823,213.535029566408,3.87841140445451
581.822234716025,433.335996749448,3.8234865638701
300.169751326582,134.816865141893,3.92151372088021
538.628646981177,464.887097885717,3.68831178798144
49.6610442851973,415.317197439067,3.67297342239591
206.817345364075,292.589840916154,4.10356679583067
551.644407825119,265.779518591592,3.69565690791507
168.556585478525,14.5798319247578,4.39987711607424
497.646369206791,348.912232922894,4.72236175259227
38.4594008689027,54.3240595112013,3.81371167313215
534.549349538089,143.148886629404,4.59009614172522
NA,NA,NA
658.685775618243,333.890987566454,3.542797229769
458.587056134244,300.846749195958,3.6078604989284
9.69941576256956,491.642293859557,3.68684232580364
560.516669665272,49.9013942963762,4.18753489169083
69.7283191432215,376.276357192706,3.90592279503693
226.377526960657,411.443183113626,4.03212202092599
428.95538520725,12.4597819516032,3.2919517721119
363.36944325852,290.31702624529,3.06820890344424
601.309638669531,105.668223004898,4.26136269864304
391.078965951865,228.393993680939,3.99351029930743
578.314565034715,416.52191176861,4.7295278072652
139.614644819118,277.857086878659,4.53237117786669
203.201457389823,368.581120205564,4.09144299976343
121.980537779117,412.72060038424,3.34278909437449
625.659200417986,312.870757489041,4.44175110319732
2.93128074461968,143.085669932372,4.27610458059381
542.294416676661,201.044303928846,4.10226461659367
35.6787623958919,493.228724672071,3.03491057105231
281.200542527537,25.2692600921821,4.01022638519712
533.875751792833,390.495297914736,3.45344547272688
71.6454103739388,78.2335790706656,5.38600637826287
0.897665428109005,78.2470540091469,3.50625677391425
588.003691569542,226.743231523412,4.08919216083418
441.687065227074,452.215750138751,4.85199303810208
657.296000632821,375.68071282214,3.14729800387298
107.119757970463,484.731608671306,4.44401471804875
620.137908656108,91.4181025552773,4.10312662683294
418.458330228849,258.46179471324,3.6767767005264
9.80471565155238,182.009741877625,3.25996483886783
77.6446390877055,123.305093488307,4.43384592508427
619.455080801702,195.755234072323,4.16945481411392
255.911465229823,213.535029566408,3.87841140445451
581.822234716025,433.335996749448,3.8234865638701
300.169751326582,134.816865141893,3.92151372088021
538.628646981177,464.887097885717,3.68831178798144
49.6610442851973,415.317197439067,3.67297342239591
206.817345364075,292.589840916154,4.10356679583067
551.644407825119,265.779518591592,3.69565690791507
168.556585478525,14.5798319247578,4.39987711607424
497.646369206791,348.912232922894,4.72236175259227
38.4594008689027,54.3240595112013,3.81371167313215
534.549349538089,143.148886629404,4.59009614172522
NA,NA,NA
658.685775618243,333.890987566454,3.542797229769
458.587056134244,300.846749195958,3.6078604989284
9.69941576256956,491.642293859557,3.68684232580364
560.516669665272,49.9013942963762,4.18753489169083
69.7283191432215,376.276357192706,3.90592279503693
226.377526960657,411.443183113626,4.03212202092599
428.95538520725,12.4597819516032,3.2919517721119
363.36944325852,290.31702624529,3.06820890344424
601.309638669531,105.668223004898,4.26136269864304
391.078965951865,228.393993680939,3.99351029930743
578.314565034715,416.52191176861,4.7295278072652
139.614644819118,277.857086878659,4.53237117786669
203.201457389823,368.581120205564,4.09144299976343
121.980537779117,412.72060038424,3.34278909437449
625.659200417986,312.870757489041,4.44175110319732
2.93128074461968,143.085669932372,4.27610458059381
542.294416676661,201.044303928846,4.10226461659367
35.6787623958919,493.228724672071,3.03491057105231
281.200542527537,25.2692600921821,4.01022638519712
533.875751792833,390.495297914736,3.45344547272688
71.6454103739388,78.2335790706656,5.38600637826287
0.897665428109005,78.2470540091469,3.50625677391425
588.003691569542,226.743231523412,4.08919216083418
441.687065227074,452.215750138751,4.85199303810208
657.296000632821,375.68071282214,3.14729800387298
107.119757970463,484.731608671306,4.44401471804875
620.137908656108,91.4181025552773,4.10312662683294
418.458330228849,258.46179471324,3.6767767005264
9.80471565155238,182.009741877625,3.25996483886783
77.6446390877055,123.305093488307,4.43384592508427
619.455080801702,195.755234072323,4.16945481411392
255.911465229823,213.535029566408,3.87841140445451
581.822234716025,433.335996749448,3.8234865638701
300.169751326582,134.816865141893,3.92151372088021
538.628646981177,464.887097885717,3.68831178798144
49.6610442851973,415.317197439067,3.67297342239591
206.817345364075,292.589840916154,4.10356679583067
551.644407825119,265.779518591592,3.69565690791507
168.556585478525,14.5798319247578,4.39987711607424
497.646369206791,348.912232922894,4.72236175259227
38.4594008689027,54.3240595112013,3.81371167313215
534.549349538089,143.148886629404,4.59009614172522
NA,NA,NA
658.685775618243,333.890987566454,3.542797229769
458.587056134244,300.846749195958,3.6078604989284
9.69941576256956,491.642293859557,3.68684232580364
560.516669665272,49.9013942963762,4.18753489169083
69.7283191432215,376.276357192706,3.90592279503693
226.377526960657,411.443183113626,4.03212202092599
428.95538520725,12.4597819516032,3.2919517721119
363.36944325852,290.31702624529,3.06820890344424
601.309638669531,105.668223004898,4.26136269864304
391.078965951865,228.393993680939,3.99351029930743
578.314565034715,416.52191176861,4.7295278072652
139.614644819118,277.857086878659,4.53237117786669
203.201457389823,368.581120205564,4.09144299976343
121.980537779117,412.72060038424,3.34278909437449
625.659200417986,312.870757489041,4.44175110319732
2.93128074461968,143.085669932372,4.27610458059381
542.294416676661,201.044303928846,4.10226461659367
35.6787623958919,493.228724672071,3.03491057105231
281.200542527537,25.2692600921821,4.01022638519712
533.875751792833,390.495297914736,3.45344547272688
71.6454103739388,78.2335790706656,5.38600637826287
0.897665428109005,78.2470540091469,3.50625677391425
588.003691569542,226.743231523412,4.08919216083418
441.687065227074,452.215750138751,4.85199303810208
657.296000632821,375.68071282214,3.14729800387298
107.119757970463,484.731608671306,4.44401471804875
620.137908656108,91.4181025552773,4.10312662683294
418.458330228849,258.46179471324,3.6767767005264
9.80471565155238,182.009741877625,3.25996483886783
77.6446390877055,123.305093488307,4.43384592508427
619.455080801702,195.755234072323,4.16945481411392
255.911465229823,213.535029566408,3.87841140445451
581.822234716025,433.335996749448,3.8234865638701
300.169751326582,134.816865141893,3.92151372088021
538.628646981177,464.887097885717,3.68831178798144
49.6610442851973,415.317197439067,3.67297342239591
206.817345364075,292.589840916154,4.10356679583067
551.644407825119,265.779518591592,3.69565690791507
168.556585478525,14.5798319247578,4.39987711607424
497.646369206791,348.912232922894,4.72236175259227
38.4594008689027,54.3240595112013,3.81371167313215
534.549349538089,143.148886629404,4.59009614172522
NA,NA,NA
658.685775618243,333.890987566454,3.542797229769
458.587056134244,300.846749195958,3.6078604989284
9.69941576256956,491.642293859557,3.68684232580364
560.516669665272,49.9013942963762,4.18753489169083
69.7283191432215,376.276357192706,3.90592279503693
226.377526960657,411.443183113626,4.03212202092599
428.95538520725,12.4597819516032,3.2919517721119
363.36944325852,290.31702624529,3.06820890344424
601.309638669531,105.668223004898,4.26136269864304
391.078965951865,228.393993680939,3.99351029930743
578.314565034715,416.52191176861,4.7295278072652
139.614644819118,277.857086878659,4.53237117786669
203.201457389823,368.581120205564,4.09144299976343
121.980537779117,412.72060038424,3.34278909437449
625.659200417986,312.870757489041,4.44175110319732
2.93128074461968,143.085669932372,4.27610458059381
542.294416676661,201.044303928846,4.10226461659367
35.6787623958919,493.228724672071,3.03491057105231
281.200542527537,25.2692600921821,4.01022638519712
533.875751792833,390.495297914736,3.45344547272688
71.6454103739388,78.2335790706656,5.38600637826287
0.897665428109005,78.2470540091469,3.50625677391425
588.003691569542,226.743231523412,4.08919216083418
441.687065227074,452.215750138751,4.85199303810208
657.296000632821,375.68071282214,3.14729800387298
107.119757970463,484.731608671306,4.44401471804875
620.137908656108,91.4181025552773,4.10312662683294
418.458330228849,258.46179471324,3.6767767005264
9.80471565155238,182.009741877625,3.25996483886783
77.6446390877055,123.305093488307,4.43384592508427
619.455080801702,195.755234072323,4.16945481411392
255.911465229823,213.535029566408,3.87841140445451
581.822234716025,433.335996749448,3.8234865638701
300.169751326582,134.816865141893,3.92151372088021
538.628646981177,464.887097885717,3.68831178798144
49.6610442851973,415.317197439067,3.67297342239591
206.817345364075,292.589840916154,4.10356679583067
551.644407825119,265.779518591592,3.69565690791507
168.556585478525,14.5798319247578,4.39987711607424
497.646369206791,348.912232922894,4.72236175259227
38.4594008689027,54.3240595112013,3.81371167313215
534.549349538089,143.148886629404,4.59009614172522
NA,NA,NA
658.685775618243,333.890987566454,3.542797229769
458.587056134244,300.846749195958,3.6078604989284
9.69941576256956,491.642293859557,3.68684232580364
560.516669665272,49.9013942963762,4.18753489169083
69.7283191432215,376.276357192706,3.90592279503693
226.377526960657,411.443183113626,4.03212202092599
428.95538520725,12.4597819516032,3.2919517721119
363.36944325852,290.31702624529,3.06820890344424
601.309638669531,105.668223004898,4.26136269864304
391.078965951865,228.393993680939,3.99351029930743
578.314565034715,416.52191176861,4.7295278072652
139.614644819118,277.857086878659,4.53237117786669
203.201457389823,368.581120205564,4.09144299976343
121.980537779117,412.72060038424,3.34278909437449
625.659200417986,312.870757489041,4.44175110319732
2.93128074461968,143.085669932372,4.27610458059381
542.294416676661,201.044303928846,4.10226461659367
35.6787623958919,493.228724672071,3.03491057105231
281.200542527537,25.2692600921821,4.01022638519712
533.875751792833,390.495297914736,3.45344547272688
71.6454103739388,78.2335790706656,5.38600637826287
0.897665428109005,78.2470540091469,3.50625677391425
588.003691569542,226.743231523412,4.08919216083418
441.687065227074,452.215750138751,4.85199303810208
657.296000632821,375.68071282214,3.14729800387298
107.119757970463,484.731608671306,4.44401471804875
620.137908656108,91.4181025552773,4.10312662683294
418.458330228849,258.46179471324,3.6767767005264
9.80471565155238,182.009741877625,3.25996483886783
77.6446390877055,123.305093488307,4.43384592508427
619.455080801702,195.755234072323,4.16945481411392
255.911465229823,213.535029566408,3.87841140445451
581.822234716025,433.335996749448,3.8234865638701
300.169751326582,134.816865141893,3.92151372088021
538.628646981177,464.887097885717,3.68831178798144
49.6610442851973,415.317197439067,3.67297342239591
206.817345364075,292.589840916154,4.10356679583067
551.644407825119,265.779518591592,3.69565690791507
168.556585478525,14.5798319247578,4.39987711607424
497.646369206791,348.912232922894,4.72236175259227
38.4594008689027,54.3240595112013,3.81371167313215
534.549349538089,143.148886629404,4.59009614172522
NA,NA,NA
659.666542815872,334.777018948878,3.58397783170645
454.83324400111,298.686814153694,3.6333114758815
10.141651964101,494.12012136702,3.67850908774458
563.866995739964,48.9902856526608,4.13721523423643
73.9645887144719,374.77087153836,4.07620347635071
225.131119431117,410.48662377123,3.92035388735666
431.43527235489,14.9199334102025,3.19372040791769
364.923187055208,291.779419287438,3.07452461462568
603.106476132377,107.178435587677,4.19220489749678
394.505712349233,228.756922470812,4.12476427352337
566.875490253539,415.030736132736,4.71909990655815
142.493366860715,277.350850268979,4.46672513287558
197.245626937806,364.670375058006,4.12329559353906
124.146412094565,406.974420383244,3.32393502112622
626.19668657786,322.131625355236,4.54963542103471
2.60871400187455,145.238078820729,4.28267004210582
540.760407194986,206.753495245148,4.28000107510549
32.004781714756,491.385688302287,3.08227719171139
282.665334057361,21.5642612078164,3.8173635740312
531.570300993822,395.987289670298,3.52580562695233
68.0794113173116,78.5730352760026,5.29758399158102
3.58402766271459,74.2536333493641,3.47839430342264
585.126278334819,221.357079216467,4.00164136842519
438.658099507347,459.789923198771,4.83602976523383
656.555486186474,374.113866529305,2.98576626685357
102.419227119845,481.788168641692,4.46229730326614
620.04763212683,87.9934369236827,4.08100884647109
420.869295123343,259.44786969691,3.69372671328481
11.8662306483911,180.681179476796,3.13948558331789
70.1824906989966,119.093766560101,4.28772578752878
586.966229755675,200.221179907054,4.28351877620254
256.825573900912,219.666869482599,3.72883098027716
573.837008323465,431.804740085941,3.69534541801436
298.585272759471,135.08517787827,4.0225071775107
528.96475838107,454.701058699265,3.70518298482803
41.6467858066211,422.435921869405,3.87948343958336
194.33282077867,299.786014952013,3.88433071844583
548.025029760448,262.694025093477,3.75644490965526
171.00442247811,38.9105429058101,4.33919187538779
498.718073179386,338.552019075346,4.56627019128446
41.0717595318644,48.9834251160002,3.60801412462626
541.667436305729,153.171285625849,4.59631588169303
NA,NA,NA
659.666542815872,334.777018948878,3.58397783170645
454.83324400111,298.686814153694,3.6333114758815
10.141651964101,494.12012136702,3.67850908774458
563.866995739964,48.9902856526608,4.13721523423643
73.9645887144719,374.77087153836,4.07620347635071
225.131119431117,410.48662377123,3.92035388735666
431.43527235489,14.9199334102025,3.19372040791769
364.923187055208,291.779419287438,3.07452461462568
603.106476132377,107.178435587677,4.19220489749678
394.505712349233,228.756922470812,4.12476427352337
566.875490253539,415.030736132736,4.71909990655815
142.493366860715,277.350850268979,4.46672513287558
197.245626937806,364.670375058006,4.12329559353906
124.146412094565,406.974420383244,3.32393502112622
626.19668657786,322.131625355236,4.54963542103471
2.60871400187455,145.238078820729,4.28267004210582
540.760407194986,206.753495245148,4.28000107510549
32.004781714756,491.385688302287,3.08227719171139
282.665334057361,21.5642612078164,3.8173635740312
531.570300993822,395.987289670298,3.52580562695233
68.0794113173116,78.5730352760026,5.29758399158102
3.58402766271459,74.2536333493641,3.47839430342264
585.126278334819,221.357079216467,4.00164136842519
438.658099507347,459.789923198771,4.83602976523383
656.555486186474,374.113866529305,2.98576626685357
102.419227119845,481.788168641692,4.46229730326614
620.04763212683,87.9934369236827,4.08100884647109
420.869295123343,259.44786969691,3.69372671328481
11.8662306483911,180.681179476796,3.13948558331789
70.1824906989966,119.093766560101,4.28772578752878
586.966229755675,200.221179907054,4.28351877620254
256.825573900912,219.666869482599,3.72883098027716
573.837008323465,431.804740085941,3.69534541801436
298.585272759471,135.08517787827,4.0225071775107
528.96475838107,454.701058699265,3.70518298482803
41.6467858066211,422.435921869405,3.87948343958336
194.33282077867,299.786014952013,3.88433071844583
548.025029760448,262.694025093477,3.75644490965526
171.00442247811,38.9105429058101,4.33919187538779
498.718073179386,338.552019075346,4.56627019128446
41.0717595318644,48.9834251160002,3.60801412462626
541.667436305729,153.171285625849,4.59631588169303
NA,NA,NA
659.666542815872,334.777018948878,3.58397783170645
454.83324400111,298.686814153694,3.6333114758815
10.141651964101,494.12012136702,3.67850908774458
563.866995739964,48.9902856526608,4.13721523423643
73.9645887144719,374.77087153836,4.07620347635071
225.131119431117,410.48662377123,3.92035388735666
431.43527235489,14.9199334102025,3.19372040791769
364.923187055208,291.779419287438,3.07452461462568
603.106476132377,107.178435587677,4.19220489749678
394.505712349233,228.756922470812,4.12476427352337
566.875490253539,415.030736132736,4.71909990655815
142.493366860715,277.350850268979,4.46672513287558
197.245626937806,364.670375058006,4.12329559353906
124.146412094565,406.974420383244,3.32393502112622
626.19668657786,322.131625355236,4.54963542103471
2.60871400187455,145.238078820729,4.28267004210582
540.760407194986,206.753495245148,4.28000107510549
32.004781714756,491.385688302287,3.08227719171139
282.665334057361,21.5642612078164,3.8173635740312
531.570300993822,395.987289670298,3.52580562695233
68.0794113173116,78.5730352760026,5.29758399158102
3.58402766271459,74.2536333493641,3.47839430342264
585.126278334819,221.357079216467,4.00164136842519
438.658099507347,459.789923198771,4.83602976523383
656.555486186474,374.113866529305,2.98576626685357
102.419227119845,481.788168641692,4.46229730326614
620.04763212683,87.9934369236827,4.08100884647109
420.869295123343,259.44786969691,3.69372671328481
11.8662306483911,180.681179476796,3.13948558331789
70.1824906989966,119.093766560101,4.28772578752878
586.966229755675,200.221179907054,4.28351877620254
256.825573900912,219.666869482599,3.72883098027716
573.837008323465,431.804740085941,3.69534541801436
298.585272759471,135.08517787827,4.0225071775107
528.96475838107,454.701058699265,3.70518298482803
41.6467858066211,422.435921869405,3.87948343958336
194.33282077867,299.786014952013,3.88433071844583
548.025029760448,262.694025093477,3.75644490965526
171.00442247811,38.9105429058101,4.33919187538779
498.718073179386,338.552019075346,4.56627019128446
41.0717595318644,48.9834251160002,3.60801412462626
541.667436305729,153.171285625849,4.59631588169303
NA,NA,NA
659.666542815872,334.777018948878,3.58397783170645
454.83324400111,298.686814153694,3.6333114758815
10.141651964101,494.12012136702,3.67850908774458
563.866995739964,48.9902856526608,4.13721523423643
73.9645887144719,374.77087153836,4.07620347635071
225.131119431117,410.48662377123,3.92035388735666
431.43527235489,14.9199334102025,3.19372040791769
364.923187055208,291.779419287438,3.07452461462568
603.106476132377,107.178435587677,4.19220489749678
394.505712349233,228.756922470812,4.12476427352337
566.875490253539,415.030736132736,4.71909990655815
142.493366860715,277.350850268979,4.46672513287558
197.245626937806,364.670375058006,4.12329559353906
124.146412094565,406.974420383244,3.32393502112622
626.19668657786,322.131625355236,4.54963542103471
2.60871400187455,145.238078820729,4.28267004210582
540.760407194986,206.753495245148,4.28000107510549
32.004781714756,491.385688302287,3.08227719171139
282.665334057361,21.5642612078164,3.8173635740312
531.570300993822,395.987289670298,3.52580562695233
68.0794113173116,78.5730352760026,5.29758399158102
3.58402766271459,74.2536333493641,3.47839430342264
585.126278334819,221.357079216467,4.00164136842519
438.658099507347,459.789923198771,4.83602976523383
656.555486186474,374.113866529305,2.98576626685357
102.419227119845,481.788168641692,4.46229730326614
620.04763212683,87.9934369236827,4.08100884647109
420.869295123343,259.44786969691,3.69372671328481
11.8662306483911,180.681179476796,3.13948558331789
70.1824906989966,119.093766560101,4.28772578752878
586.966229755675,200.221179907054,4.28351877620254
256.825573900912,219.666869482599,3.72883098027716
573.837008323465,431.804740085941,3.69534541801436
298.585272759471,135.08517787827,4.0225071775107
528.96475838107,454.701058699265,3.70518298482803
41.6467858066211,422.435921869405,3.87948343958336
194.33282077867,299.786014952013,3.88433071844583
548.025029760448,262.694025093477,3.75644490965526
171.00442247811,38.9105429058101,4.33919187538779
498.718073179386,338.552019075346,4.56627019128446
41.0717595318644,48.9834251160002,3.60801412462626
541.667436305729,153.171285625849,4.59631588169303
NA,NA,NA
659.666542815872,334.777018948878,3.58397783170645
454.83324400111,298.686814153694,3.6333114758815
10.141651964101,494.12012136702,3.67850908774458
563.866995739964,48.9902856526608,4.13721523423643
73.9645887144719,374.77087153836,4.07620347635071
225.131119431117,410.48662377123,3.92035388735666
431.43527235489,14.9199334102025,3.19372040791769
364.923187055208,291.779419287438,3.07452461462568
603.106476132377,107.178435587677,4.19220489749678
394.505712349233,228.756922470812,4.12476427352337
566.875490253539,415.030736132736,4.71909990655815
142.493366860715,277.350850268979,4.46672513287558
197.245626937806,364.670375058006,4.12329559353906
124.146412094565,406.974420383244,3.32393502112622
626.19668657786,322.131625355236,4.54963542103471
2.60871400187455,145.238078820729,4.28267004210582
540.760407194986,206.753495245148,4.28000107510549
32.004781714756,491.385688302287,3.08227719171139
282.665334057361,21.5642612078164,3.8173635740312
531.570300993822,395.987289670298,3.52580562695233
68.0794113173116,78.5730352760026,5.29758399158102
3.58402766271459,74.2536333493641,3.47839430342264
585.126278334819,221.357079216467,4.00164136842519
438.658099507347,459.789923198771,4.83602976523383
656.555486186474,374.113866529305,2.98576626685357
102.419227119845,481.788168641692,4.46229730326614
620.04763212683,87.9934369236827,4.08100884647109
420.869295123343,259.44786969691,3.69372671328481
11.8662306483911,180.681179476796,3.13948558331789
70.1824906989966,119.093766560101,4.28772578752878
586.966229755675,200.221179907054,4.28351877620254
256.825573900912,219.666869482599,3.72883098027716
573.837008323465,431.804740085941,3.69534541801436
298.585272759471,135.08517787827,4.0225071775107
528.96475838107,454.701058699265,3.70518298482803
41.6467858066211,422.435921869405,3.87948343958336
194.33282077867,299.786014952013,3.88433071844583
548.025029760448,262.694025093477,3.75644490965526
171.00442247811,38.9105429058101,4.33919187538779
498.718073179386,338.552019075346,4.56627019128446
41.0717595318644,48.9834251160002,3.60801412462626
541.667436305729,153.171285625849,4.59631588169303
NA,NA,NA
659.666542815872,334.777018948878,3.58397783170645
454.83324400111,298.686814153694,3.6333114758815
10.141651964101,494.12012136702,3.67850908774458
563.866995739964,48.9902856526608,4.13721523423643
73.9645887144719,374.77087153836,4.07620347635071
225.131119431117,410.48662377123,3.92035388735666
431.43527235489,14.9199334102025,3.19372040791769
364.923187055208,291.779419287438,3.07452461462568
603.106476132377,107.178435587677,4.19220489749678
394.505712349233,228.756922470812,4.12476427352337
566.875490253539,415.030736132736,4.71909990655815
142.493366860715,277.350850268979,4.46672513287558
197.245626937806,364.670375058006,4.12329559353906
124.146412094565,406.974420383244,3.32393502112622
626.19668657786,322.131625355236,4.54963542103471
2.60871400187455,145.238078820729,4.28267004210582
540.760407194986,206.753495245148,4.28000107510549
32.004781714756,491.385688302287,3.08227719171139
282.665334057361,21.5642612078164,3.8173635740312
531.570300993822,395.987289670298,3.52580562695233
68.0794113173116,78.5730352760026,5.29758399158102
3.58402766271459,74.2536333493641,3.47839430342264
585.126278334819,221.357079216467,4.00164136842519
438.658099507347,459.789923198771,4.83602976523383
656.555486186474,374.113866529305,2.98576626685357
102.419227119845,481.788168641692,4.46229730326614
620.04763212683,87.9934369236827,4.08100884647109
420.869295123343,259.44786969691,3.69372671328481
11.8662306483911,180.681179476796,3.13948558331789
70.1824906989966,119.093766560101,4.28772578752878
586.966229755675,200.221179907054,4.28351877620254
256.825573900912,219.666869482599,3.72883098027716
573.837008323465,431.804740085941,3.69534541801436
298.585272759471,135.08517787827,4.0225071775107
528.96475838107,454.701058699265,3.70518298482803
41.6467858066211,422.435921869405,3.87948343958336
194.33282077867,299.786014952013,3.88433071844583
548.025029760448,262.694025093477,3.75644490965526
171.00442247811,38.9105429058101,4.33919187538779
498.718073179386,338.552019075346,4.56627019128446
41.0717595318644,48.9834251160002,3.60801412462626
541.667436305729,153.171285625849,4.59631588169303
NA,NA,NA
662.920056232867,328.31924091372,3.41721957904667
453.370546022997,300.192779261764,3.65296431365269
12.9286962804619,492.013917868688,3.5694064031495
565.818579326464,48.3948566952871,4.20368999481535
69.4374036160645,372.214339922322,4.13581548409212
230.561234625189,416.160947505657,3.8181598264179
427.01800576716,12.8959011129202,3.34904918898131
361.126939606002,289.278924147829,3.08302875579076
607.937520014712,105.593134177784,4.18993478967781
394.788331788877,230.43546594424,4.331478273702
569.294843027575,408.259881633187,4.66523482691811
139.473406132158,280.518249911932,4.51662598228709
200.483447599905,365.375657065873,4.16219923902286
122.93094093701,410.315559258899,3.3965162382135
630.034216823276,313.954794450632,4.45610321031312
-1.16734657778284,145.636248623314,4.30969858360462
547.819907205176,202.294406958298,4.09635300563643
32.8403370717686,490.583964062591,2.9785550607416
278.045731433716,23.9040026402434,3.82591212400619
534.663110267063,390.777506723038,3.36916965737374
78.9800872776923,79.2618745974457,5.28676061697734
3.55863226410265,75.0190471727093,3.51285889369652
589.688676774696,223.808671595805,4.00900279729234
432.755990766347,457.280538321419,4.91289768718641
658.706143644477,371.543450318444,2.92984568776744
112.186513846131,485.232692261296,4.38691303463676
623.401442326548,89.4369666634406,4.01688458243136
417.392346853066,258.873157057175,3.64301180160028
12.0594842194746,184.031678750067,3.31853372688943
63.2558384380514,115.838203774363,4.45698845290687
615.381465366912,201.159451829617,4.38289609671734
252.641807979454,212.904708871887,3.49145347675774
575.876859136115,427.33296755651,3.98393193265212
302.9607659655,137.945528359731,3.85887154935694
526.706087241522,463.50283294896,3.59561438782103
46.5464862145675,415.912900121781,3.8896293576086
207.35011142219,297.507665885816,4.45062803914801
559.795628693603,263.091566453778,3.58682915936777
169.500237100168,28.9540595490192,4.47718739877315
494.339815137874,340.656234379003,4.40757872265502
37.2205567955927,41.9968147168762,3.80097661479596
531.804664433702,129.832055039624,4.75686442177051
NA,NA,NA
662.920056232867,328.31924091372,3.41721957904667
453.370546022997,300.192779261764,3.65296431365269
12.9286962804619,492.013917868688,3.5694064031495
565.818579326464,48.3948566952871,4.20368999481535
69.4374036160645,372.214339922322,4.13581548409212
230.561234625189,416.160947505657,3.8181598264179
427.01800576716,12.8959011129202,3.34904918898131
361.126939606002,289.278924147829,3.08302875579076
607.937520014712,105.593134177784,4.18993478967781
394.788331788877,230.43546594424,4.331478273702
569.294843027575,408.259881633187,4.66523482691811
139.473406132158,280.518249911932,4.51662598228709
200.483447599905,365.375657065873,4.16219923902286
122.93094093701,410.315559258899,3.3965162382135
630.034216823276,313.954794450632,4.45610321031312
-1.16734657778284,145.636248623314,4.30969858360462
547.819907205176,202.294406958298,4.09635300563643
32.8403370717686,490.583964062591,2.9785550607416
278.045731433716,23.9040026402434,3.82591212400619
534.663110267063,390.777506723038,3.36916965737374
78.9800872776923,79.2618745974457,5.28676061697734
3.55863226410265,75.0190471727093,3.51285889369652
589.688676774696,223.808671595805,4.00900279729234
432.755990766347,457.280538321419,4.91289768718641
658.706143644477,371.543450318444,2.92984568776744
112.186513846131,485.232692261296,4.38691303463676
623.401442326548,89.4369666634406,4.01688458243136
417.392346853066,258.873157057175,3.64301180160028
12.0594842194746,184.031678750067,3.31853372688943
63.2558384380514,115.838203774363,4.45698845290687
615.381465366912,201.159451829617,4.38289609671734
252.641807979454,212.904708871887,3.49145347675774
575.876859136115,427.33296755651,3.98393193265212
302.9607659655,137.945528359731,3.85887154935694
526.706087241522,463.50283294896,3.59561438782103
46.5464862145675,415.912900121781,3.8896293576086
207.35011142219,297.507665885816,4.45062803914801
559.795628693603,263.091566453778,3.58682915936777
169.500237100168,28.9540595490192,4.47718739877315
494.339815137874,340.656234379003,4.40757872265502
37.2205567955927,41.9968147168762,3.80097661479596
531.804664433702,129.832055039624,4.75686442177051
NA,NA,NA
662.920056232867,328.31924091372,3.41721957904667
453.370546022997,300.192779261764,3.65296431365269
12.9286962804619,492.013917868688,3.5694064031495
565.818579326464,48.3948566952871,4.20368999481535
69.4374036160645,372.214339922322,4.13581548409212
230.561234625189,416.160947505657,3.8181598264179
427.01800576716,12.8959011129202,3.34904918898131
361.126939606002,289.278924147829,3.08302875579076
607.937520014712,105.593134177784,4.18993478967781
394.788331788877,230.43546594424,4.331478273702
569.294843027575,408.259881633187,4.66523482691811
139.473406132158,280.518249911932,4.51662598228709
200.483447599905,365.375657065873,4.16219923902286
122.93094093701,410.315559258899,3.3965162382135
630.034216823276,313.954794450632,4.45610321031312
-1.16734657778284,145.636248623314,4.30969858360462
547.819907205176,202.294406958298,4.09635300563643
32.8403370717686,490.583964062591,2.9785550607416
278.045731433716,23.9040026402434,3.82591212400619
534.663110267063,390.777506723038,3.36916965737374
78.9800872776923,79.2618745974457,5.28676061697734
3.55863226410265,75.0190471727093,3.51285889369652
589.688676774696,223.808671595805,4.00900279729234
432.755990766347,457.280538321419,4.91289768718641
658.706143644477,371.543450318444,2.92984568776744
112.186513846131,485.232692261296,4.38691303463676
623.401442326548,89.4369666634406,4.01688458243136
417.392346853066,258.873157057175,3.64301180160028
12.0594842194746,184.031678750067,3.31853372688943
63.2558384380514,115.838203774363,4.45698845290687
615.381465366912,201.159451829617,4.38289609671734
252.641807979454,212.904708871887,3.49145347675774
575.876859136115,427.33296755651,3.98393193265212
302.9607659655,137.945528359731,3.85887154935694
526.706087241522,463.50283294896,3.59561438782103
46.5464862145675,415.912900121781,3.8896293576086
207.35011142219,297.507665885816,4.45062803914801
559.795628693603,263.091566453778,3.58682915936777
169.500237100168,28.9540595490192,4.47718739877315
494.339815137874,340.656234379003,4.40757872265502
37.2205567955927,41.9968147168762,3.80097661479596
531.804664433702,129.832055039624,4.75686442177051
NA,NA,NA
662.920056232867,328.31924091372,3.41721957904667
453.370546022997,300.192779261764,3.65296431365269
12.9286962804619,492.013917868688,3.5694064031495
565.818579326464,48.3948566952871,4.20368999481535
69.4374036160645,372.214339922322,4.13581548409212
230.561234625189,416.160947505657,3.8181598264179
427.01800576716,12.8959011129202,3.34904918898131
361.126939606002,289.278924147829,3.08302875579076
607.937520014712,105.593134177784,4.18993478967781
394.788331788877,230.43546594424,4.331478273702
569.294843027575,408.259881633187,4.66523482691811
139.473406132158,280.518249911932,4.51662598228709
200.483447599905,365.375657065873,4.16219923902286
122.93094093701,410.315559258899,3.3965162382135
630.034216823276,313.954794450632,4.45610321031312
-1.16734657778284,145.636248623314,4.30969858360462
547.819907205176,202.294406958298,4.09635300563643
32.8403370717686,490.583964062591,2.9785550607416
278.045731433716,23.9040026402434,3.82591212400619
534.663110267063,390.777506723038,3.36916965737374
78.9800872776923,79.2618745974457,5.28676061697734
3.55863226410265,75.0190471727093,3.51285889369652
589.688676774696,223.808671595805,4.00900279729234
432.755990766347,457.280538321419,4.91289768718641
658.706143644477,371.543450318444,2.92984568776744
112.186513846131,485.232692261296,4.38691303463676
623.401442326548,89.4369666634406,4.01688458243136
417.392346853066,258.873157057175,3.64301180160028
12.0594842194746,184.031678750067,3.31853372688943
63.2558384380514,115.838203774363,4.45698845290687
615.381465366912,201.159451829617,4.38289609671734
252.641807979454,212.904708871887,3.49145347675774
575.876859136115,427.33296755651,3.98393193265212
302.9607659655,137.945528359731,3.85887154935694
526.706087241522,463.50283294896,3.59561438782103
46.5464862145675,415.912900121781,3.8896293576086
207.35011142219,297.507665885816,4.45062803914801
559.795628693603,263.091566453778,3.58682915936777
169.500237100168,28.9540595490192,4.47718739877315
494.339815137874,340.656234379003,4.40757872265502
37.2205567955927,41.9968147168762,3.80097661479596
531.804664433702,129.832055039624,4.75686442177051
NA,NA,NA
662.920056232867,328.31924091372,3.41721957904667
453.370546022997,300.192779261764,3.65296431365269
12.9286962804619,492.013917868688,3.5694064031495
565.818579326464,48.3948566952871,4.20368999481535
69.4374036160645,372.214339922322,4.13581548409212
230.561234625189,416.160947505657,3.8181598264179
427.01800576716,12.8959011129202,3.34904918898131
361.126939606002,289.278924147829,3.08302875579076
607.937520014712,105.593134177784,4.18993478967781
394.788331788877,230.43546594424,4.331478273702
569.294843027575,408.259881633187,4.66523482691811
139.473406132158,280.518249911932,4.51662598228709
200.483447599905,365.375657065873,4.16219923902286
122.93094093701,410.315559258899,3.3965162382135
630.034216823276,313.954794450632,4.45610321031312
-1.16734657778284,145.636248623314,4.30969858360462
547.819907205176,202.294406958298,4.09635300563643
32.8403370717686,490.583964062591,2.9785550607416
278.045731433716,23.9040026402434,3.82591212400619
534.663110267063,390.777506723038,3.36916965737374
78.9800872776923,79.2618745974457,5.28676061697734
3.55863226410265,75.0190471727093,3.51285889369652
589.688676774696,223.808671595805,4.00900279729234
432.755990766347,457.280538321419,4.91289768718641
658.706143644477,371.543450318444,2.92984568776744
112.186513846131,485.232692261296,4.38691303463676
623.401442326548,89.4369666634406,4.01688458243136
417.392346853066,258.873157057175,3.64301180160028
12.0594842194746,184.031678750067,3.31853372688943
63.2558384380514,115.838203774363,4.45698845290687
615.381465366912,201.159451829617,4.38289609671734
252.641807979454,212.904708871887,3.49145347675774
575.876859136115,427.33296755651,3.98393193265212
302.9607659655,137.945528359731,3.85887154935694
526.706087241522,463.50283294896,3.59561438782103
46.5464862145675,415.912900121781,3.8896293576086
207.35011142219,297.507665885816,4.45062803914801
559.795628693603,263.091566453778,3.58682915936777
169.500237100168,28.9540595490192,4.47718739877315
494.339815137874,340.656234379003,4.40757872265502
37.2205567955927,41.9968147168762,3.80097661479596
531.804664433702,129.832055039624,4.75686442177051
NA,NA,NA
662.920056232867,328.31924091372,3.41721957904667
453.370546022997,300.192779261764,3.65296431365269
12.9286962804619,492.013917868688,3.5694064031495
565.818579326464,48.3948566952871,4.20368999481535
69.4374036160645,372.214339922322,4.13581548409212
230.561234625189,416.160947505657,3.8181598264179
427.01800576716,12.8959011129202,3.34904918898131
361.126939606002,289.278924147829,3.08302875579076
607.937520014712,105.593134177784,4.18993478967781
394.788331788877,230.43546594424,4.331478273702
569.294843027575,408.259881633187,4.66523482691811
139.473406132158,280.518249911932,4.51662598228709
200.483447599905,365.375657065873,4.16219923902286
122.93094093701,410.315559258899,3.3965162382135
630.034216823276,313.954794450632,4.45610321031312
-1.16734657778284,145.636248623314,4.30969858360462
547.819907205176,202.294406958298,4.09635300563643
32.8403370717686,490.583964062591,2.9785550607416
278.045731433716,23.9040026402434,3.82591212400619
534.663110267063,390.777506723038,3.36916965737374
78.9800872776923,79.2618745974457,5.28676061697734
3.55863226410265,75.0190471727093,3.51285889369652
589.688676774696,223.808671595805,4.00900279729234
432.755990766347,457.280538321419,4.91289768718641
658.706143644477,371.543450318444,2.92984568776744
112.186513846131,485.232692261296,4.38691303463676
623.401442326548,89.4369666634406,4.01688458243136
417.392346853066,258.873157057175,3.64301180160028
12.0594842194746,184.031678750067,3.31853372688943
63.2558384380514,115.838203774363,4.45698845290687
615.381465366912,201.159451829617,4.38289609671734
252.641807979454,212.904708871887,3.49145347675774
575.876859136115,427.33296755651,3.98393193265212
302.9607659655,137.945528359731,3.85887154935694
526.706087241522,463.50283294896,3.59561438782103
46.5464862145675,415.912900121781,3.8896293576086
207.35011142219,297.507665885816,4.45062803914801
559.795628693603,263.091566453778,3.58682915936777
169.500237100168,28.9540595490192,4.47718739877315
494.339815137874,340.656234379003,4.40757872265502
37.2205567955927,41.9968147168762,3.80097661479596
531.804664433702,129.832055039624,4.75686442177051
NA,NA,NA
664.246401841536,333.355079003891,3.60005214327555
456.376546044174,299.610851730791,3.55404623973128
8.65022972370306,492.319595131544,3.73422414260516
561.959788629821,57.9516248287685,4.187031285023
67.9656654256482,374.110199804428,3.89845658280815
225.289083408994,416.859558885202,3.92746901935072
427.17283183471,13.7141485788212,3.34451560735515
360.257440663435,291.483133783859,3.12194794752906
602.133284850806,103.898144163617,4.27729983898513
392.624815855098,236.856704373376,4.2889178294132
569.694988651602,408.9388808491,4.74409866227222
138.453218489952,285.939615875875,4.35323012362241
201.40201285835,371.927391385951,4.06309258356543
123.033269116807,411.963715779475,3.4458534704343
623.838315318491,312.388420588816,4.51948786242789
2.02958811343848,151.386273104042,4.32077972923818
541.545905700829,201.750389770766,4.24277045197936
33.0843001423921,489.707983929311,3.05580110916751
279.009816331548,22.8866526124525,3.97463174292655
530.741639531502,393.968525218822,3.59224437754257
74.4214156215118,78.022861666629,5.32328856564844
5.24254551096402,75.7804137875297,3.44788773305943
591.224592148118,224.072844371453,4.07226742915286
440.551240805655,458.744637792142,4.8642011002044
660.346418331627,374.615220938692,3.16969200372245
100.833619015108,487.410246951117,4.38897262771165
624.66249921305,92.9425194300699,4.11439635491861
423.622078037086,257.437119819442,3.72365661639927
12.0578273038757,181.017579899093,3.17055233738684
68.2190977367197,114.645608145566,4.36817878359107
616.435172086063,207.058228427567,4.24257112957308
250.364192354205,229.919289324961,3.83553175022213
576.426919692897,432.239842716646,3.67512919065711
302.082309147377,138.700619743293,3.85903981670975
528.921450708938,460.921586419818,3.52860593828974
46.8266927201158,411.756636513703,3.87201025121948
190.10389240346,293.373161258111,4.3153398486455
547.239591838232,267.750946451172,3.5612171316742
173.748846016515,12.7635221803005,4.11974692913753
500.380510878628,343.131283046925,4.28360033046663
44.356148847574,49.7451618511526,3.95086155795953
532.029051546742,160.329171441358,4.84118633193843
NA,NA,NA
664.246401841536,333.355079003891,3.60005214327555
456.376546044174,299.610851730791,3.55404623973128
8.65022972370306,492.319595131544,3.73422414260516
561.959788629821,57.9516248287685,4.187031285023
67.9656654256482,374.110199804428,3.89845658280815
225.289083408994,416.859558885202,3.92746901935072
427.17283183471,13.7141485788212,3.34451560735515
360.257440663435,291.483133783859,3.12194794752906
602.133284850806,103.898144163617,4.27729983898513
392.624815855098,236.856704373376,4.2889178294132
569.694988651602,408.9388808491,4.74409866227222
138.453218489952,285.939615875875,4.35323012362241
201.40201285835,371.927391385951,4.06309258356543
123.033269116807,411.963715779475,3.4458534704343
623.838315318491,312.388420588816,4.51948786242789
2.02958811343848,151.386273104042,4.32077972923818
541.545905700829,201.750389770766,4.24277045197936
33.0843001423921,489.707983929311,3.05580110916751
279.009816331548,22.8866526124525,3.97463174292655
530.741639531502,393.968525218822,3.59224437754257
74.4214156215118,78.022861666629,5.32328856564844
5.24254551096402,75.7804137875297,3.44788773305943
591.224592148118,224.072844371453,4.07226742915286
440.551240805655,458.744637792142,4.8642011002044
660.346418331627,374.615220938692,3.16969200372245
100.833619015108,487.410246951117,4.38897262771165
624.66249921305,92.9425194300699,4.11439635491861
423.622078037086,257.437119819442,3.72365661639927
12.0578273038757,181.017579899093,3.17055233738684
68.2190977367197,114.645608145566,4.36817878359107
616.435172086063,207.058228427567,4.24257112957308
250.364192354205,229.919289324961,3.83553175022213
576.426919692897,432.239842716646,3.67512919065711
302.082309147377,138.700619743293,3.85903981670975
528.921450708938,460.921586419818,3.52860593828974
46.8266927201158,411.756636513703,3.87201025121948
190.10389240346,293.373161258111,4.3153398486455
547.239591838232,267.750946451172,3.5612171316742
173.748846016515,12.7635221803005,4.11974692913753
500.380510878628,343.131283046925,4.28360033046663
44.356148847574,49.7451618511526,3.95086155795953
532.029051546742,160.329171441358,4.84118633193843
NA,NA,NA
664.246401841536,333.355079003891,3.60005214327555
456.376546044174,299.610851730791,3.55404623973128
8.65022972370306,492.319595131544,3.73422414260516
561.959788629821,57.9516248287685,4.187031285023
67.9656654256482,374.110199804428,3.89845658280815
225.289083408994,416.859558885202,3.92746901935072
427.17283183471,13.7141485788212,3.34451560735515
360.257440663435,291.483133783859,3.12194794752906
602.133284850806,103.898144163617,4.27729983898513
392.624815855098,236.856704373376,4.2889178294132
569.694988651602,408.9388808491,4.74409866227222
138.453218489952,285.939615875875,4.35323012362241
201.40201285835,371.927391385951,4.06309258356543
123.033269116807,411.963715779475,3.4458534704343
623.838315318491,312.388420588816,4.51948786242789
2.02958811343848,151.386273104042,4.32077972923818
541.545905700829,201.750389770766,4.24277045197936
33.0843001423921,489.707983929311,3.05580110916751
279.009816331548,22.8866526124525,3.97463174292655
530.741639531502,393.968525218822,3.59224437754257
74.4214156215118,78.022861666629,5.32328856564844
5.24254551096402,75.7804137875297,3.44788773305943
591.224592148118,224.072844371453,4.07226742915286
440.551240805655,458.744637792142,4.8642011002044
660.346418331627,374.615220938692,3.16969200372245
100.833619015108,487.410246951117,4.38897262771165
624.66249921305,92.9425194300699,4.11439635491861
423.622078037086,257.437119819442,3.72365661639927
12.0578273038757,181.017579899093,3.17055233738684
68.2190977367197,114.645608145566,4.36817878359107
616.435172086063,207.058228427567,4.24257112957308
250.364192354205,229.919289324961,3.83553175022213
576.426919692897,432.239842716646,3.67512919065711
302.082309147377,138.700619743293,3.85903981670975
528.921450708938,460.921586419818,3.52860593828974
46.8266927201158,411.756636513703,3.87201025121948
190.10389240346,293.373161258111,4.3153398486455
547.239591838232,267.750946451172,3.5612171316742
173.748846016515,12.7635221803005,4.11974692913753
500.380510878628,343.131283046925,4.28360033046663
44.356148847574,49.7451618511526,3.95086155795953
532.029051546742,160.329171441358,4.84118633193843
NA,NA,NA
664.246401841536,333.355079003891,3.60005214327555
456.376546044174,299.610851730791,3.55404623973128
8.65022972370306,492.319595131544,3.73422414260516
561.959788629821,57.9516248287685,4.187031285023
67.9656654256482,374.110199804428,3.89845658280815
225.289083408994,416.859558885202,3.92746901935072
427.17283183471,13.7141485788212,3.34451560735515
360.257440663435,291.483133783859,3.12194794752906
602.133284850806,103.898144163617,4.27729983898513
392.624815855098,236.856704373376,4.2889178294132
569.694988651602,408.9388808491,4.74409866227222
138.453218489952,285.939615875875,4.35323012362241
201.40201285835,371.927391385951,4.06309258356543
123.033269116807,411.963715779475,3.4458534704343
623.838315318491,312.388420588816,4.51948786242789
2.02958811343848,151.386273104042,4.32077972923818
541.545905700829,201.750389770766,4.24277045197936
33.0843001423921,489.707983929311,3.05580110916751
279.009816331548,22.8866526124525,3.97463174292655
530.741639531502,393.968525218822,3.59224437754257
74.4214156215118,78.022861666629,5.32328856564844
5.24254551096402,75.7804137875297,3.44788773305943
591.224592148118,224.072844371453,4.07226742915286
440.551240805655,458.744637792142,4.8642011002044
660.346418331627,374.615220938692,3.16969200372245
100.833619015108,487.410246951117,4.38897262771165
624.66249921305,92.9425194300699,4.11439635491861
423.622078037086,257.437119819442,3.72365661639927
12.0578273038757,181.017579899093,3.17055233738684
68.2190977367197,114.645608145566,4.36817878359107
616.435172086063,207.058228427567,4.24257112957308
250.364192354205,229.919289324961,3.83553175022213
576.426919692897,432.239842716646,3.67512919065711
302.082309147377,138.700619743293,3.85903981670975
528.921450708938,460.921586419818,3.52860593828974
46.8266927201158,411.756636513703,3.87201025121948
190.10389240346,293.373161258111,4.3153398486455
547.239591838232,267.750946451172,3.5612171316742
173.748846016515,12.7635221803005,4.11974692913753
500.380510878628,343.131283046925,4.28360033046663
44.356148847574,49.7451618511526,3.95086155795953
532.029051546742,160.329171441358,4.84118633193843
NA,NA,NA
664.246401841536,333.355079003891,3.60005214327555
456.376546044174,299.610851730791,3.55404623973128
8.65022972370306,492.319595131544,3.73422414260516
561.959788629821,57.9516248287685,4.187031285023
67.9656654256482,374.110199804428,3.89845658280815
225.289083408994,416.859558885202,3.92746901935072
427.17283183471,13.7141485788212,3.34451560735515
360.257440663435,291.483133783859,3.12194794752906
602.133284850806,103.898144163617,4.27729983898513
392.624815855098,236.856704373376,4.2889178294132
569.694988651602,408.9388808491,4.74409866227222
138.453218489952,285.939615875875,4.35323012362241
201.40201285835,371.927391385951,4.06309258356543
123.033269116807,411.963715779475,3.4458534704343
623.838315318491,312.388420588816,4.51948786242789
2.02958811343848,151.386273104042,4.32077972923818
541.545905700829,201.750389770766,4.24277045197936
33.0843001423921,489.707983929311,3.05580110916751
279.009816331548,22.8866526124525,3.97463174292655
530.741639531502,393.968525218822,3.59224437754257
74.4214156215118,78.022861666629,5.32328856564844
5.24254551096402,75.7804137875297,3.44788773305943
591.224592148118,224.072844371453,4.07226742915286
440.551240805655,458.744637792142,4.8642011002044
660.346418331627,374.615220938692,3.16969200372245
100.833619015108,487.410246951117,4.38897262771165
624.66249921305,92.9425194300699,4.11439635491861
423.622078037086,257.437119819442,3.72365661639927
12.0578273038757,181.017579899093,3.17055233738684
68.2190977367197,114.645608145566,4.36817878359107
616.435172086063,207.058228427567,4.24257112957308
250.364192354205,229.919289324961,3.83553175022213
576.426919692897,432.239842716646,3.67512919065711
302.082309147377,138.700619743293,3.85903981670975
528.921450708938,460.921586419818,3.52860593828974
46.8266927201158,411.756636513703,3.87201025121948
190.10389240346,293.373161258111,4.3153398486455
547.239591838232,267.750946451172,3.5612171316742
173.748846016515,12.7635221803005,4.11974692913753
500.380510878628,343.131283046925,4.28360033046663
44.356148847574,49.7451618511526,3.95086155795953
532.029051546742,160.329171441358,4.84118633193843
NA,NA,NA
664.246401841536,333.355079003891,3.60005214327555
456.376546044174,299.610851730791,3.55404623973128
8.65022972370306,492.319595131544,3.73422414260516
561.959788629821,57.9516248287685,4.187031285023
67.9656654256482,374.110199804428,3.89845658280815
225.289083408994,416.859558885202,3.92746901935072
427.17283183471,13.7141485788212,3.34451560735515
360.257440663435,291.483133783859,3.12194794752906
602.133284850806,103.898144163617,4.27729983898513
392.624815855098,236.856704373376,4.2889178294132
569.694988651602,408.9388808491,4.74409866227222
138.453218489952,285.939615875875,4.35323012362241
201.40201285835,371.927391385951,4.06309258356543
123.033269116807,411.963715779475,3.4458534704343
623.838315318491,312.388420588816,4.51948786242789
2.02958811343848,151.386273104042,4.32077972923818
541.545905700829,201.750389770766,4.24277045197936
33.0843001423921,489.707983929311,3.05580110916751
279.009816331548,22.8866526124525,3.97463174292655
530.741639531502,393.968525218822,3.59224437754257
74.4214156215118,78.022861666629,5.32328856564844
5.24254551096402,75.7804137875297,3.44788773305943
591.224592148118,224.072844371453,4.07226742915286
440.551240805655,458.744637792142,4.8642011002044
660.346418331627,374.615220938692,3.16969200372245
100.833619015108,487.410246951117,4.38897262771165
624.66249921305,92.9425194300699,4.11439635491861
423.622078037086,257.437119819442,3.72365661639927
12.0578273038757,181.017579899093,3.17055233738684
68.2190977367197,114.645608145566,4.36817878359107
616.435172086063,207.058228427567,4.24257112957308
250.364192354205,229.919289324961,3.83553175022213
576.426919692897,432.239842716646,3.67512919065711
302.082309147377,138.700619743293,3.85903981670975
528.921450708938,460.921586419818,3.52860593828974
46.8266927201158,411.756636513703,3.87201025121948
190.10389240346,293.373161258111,4.3153398486455
547.239591838232,267.750946451172,3.5612171316742
173.748846016515,12.7635221803005,4.11974692913753
500.380510878628,343.131283046925,4.28360033046663
44.356148847574,49.7451618511526,3.95086155795953
532.029051546742,160.329171441358,4.84118633193843
NA,NA,NA
659.71213668512,333.775066496353,3.44639657862694
454.435283513938,298.811045851143,3.79263430561714
11.3918255903494,491.66655045723,3.78339910789202
561.345733271383,49.5699231571562,4.18978141905771
70.4216500062636,379.385222186658,3.89198112105187
226.721636047688,415.934868747735,3.82796307246677
427.355979700874,11.5725005973293,3.27631340269164
363.645282472281,291.421771351909,3.06562862310554
600.374051985343,107.680741892349,4.30027629142732
391.606101676523,228.913902596164,4.0831716815519
563.380616767561,412.117120897023,4.72897899758333
131.264177746247,277.661023494464,4.4717482517172
194.469999186356,366.277948211207,4.06140243738679
126.339321861827,407.436072564935,3.44247087204849
625.277932915862,313.824130194748,4.62782820207753
-2.8552594301442,144.663934668332,4.17953639541316
544.165517034883,204.141455074077,4.22944979939338
37.4151781471149,491.022404962447,3.0455925185762
278.371185839062,17.6668336269004,3.75987250178317
534.022802682879,390.307898079583,3.48437287459462
75.3376184459727,73.8229346875393,5.22654757901093
1.88025370897764,78.4420570466265,3.53602863922281
589.809675633717,226.977051716074,4.08975004127729
442.965887565288,461.69906699242,4.81359415906882
659.154352814286,371.949275544598,2.97914300965448
109.036026709368,490.290016413478,4.23034283779353
625.175037730937,92.7314281496758,4.06730681486997
416.866506925576,257.258435432139,3.59819773869347
9.39548652834981,181.219456174158,3.38421807107008
71.2183276450289,117.030776960159,4.50919447848935
614.434297329478,203.196214613986,4.30113421824651
258.757393564841,219.535669320923,3.83280121892057
567.701798410701,437.260501976261,4.00651879026194
297.621270062051,142.763257006039,3.86691274354138
528.238519242399,459.727386471376,3.59321471334855
45.7160362486827,420.373709268397,3.72210270422458
208.015158536561,288.013439907886,4.37958340039219
562.328524488932,264.50661034126,3.96554104799976
179.579371359624,36.8646913536548,4.2106166393079
499.09070883731,343.85969301668,4.6073462211564
42.1892811743368,48.4168291379207,3.62909889798761
531.756890439428,141.249496128983,4.18074490212812
NA,NA,NA
659.71213668512,333.775066496353,3.44639657862694
454.435283513938,298.811045851143,3.79263430561714
11.3918255903494,491.66655045723,3.78339910789202
561.345733271383,49.5699231571562,4.18978141905771
70.4216500062636,379.385222186658,3.89198112105187
226.721636047688,415.934868747735,3.82796307246677
427.355979700874,11.5725005973293,3.27631340269164
363.645282472281,291.421771351909,3.06562862310554
600.374051985343,107.680741892349,4.30027629142732
391.606101676523,228.913902596164,4.0831716815519
563.380616767561,412.117120897023,4.72897899758333
131.264177746247,277.661023494464,4.4717482517172
194.469999186356,366.277948211207,4.06140243738679
126.339321861827,407.436072564935,3.44247087204849
625.277932915862,313.824130194748,4.62782820207753
-2.8552594301442,144.663934668332,4.17953639541316
544.165517034883,204.141455074077,4.22944979939338
37.4151781471149,491.022404962447,3.0455925185762
278.371185839062,17.6668336269004,3.75987250178317
534.022802682879,390.307898079583,3.48437287459462
75.3376184459727,73.8229346875393,5.22654757901093
1.88025370897764,78.4420570466265,3.53602863922281
589.809675633717,226.977051716074,4.08975004127729
442.965887565288,461.69906699242,4.81359415906882
659.154352814286,371.949275544598,2.97914300965448
109.036026709368,490.290016413478,4.23034283779353
625.175037730937,92.7314281496758,4.06730681486997
416.866506925576,257.258435432139,3.59819773869347
9.39548652834981,181.219456174158,3.38421807107008
71.2183276450289,117.030776960159,4.50919447848935
614.434297329478,203.196214613986,4.30113421824651
258.757393564841,219.535669320923,3.83280121892057
567.701798410701,437.260501976261,4.00651879026194
297.621270062051,142.763257006039,3.86691274354138
528.238519242399,459.727386471376,3.59321471334855
45.7160362486827,420.373709268397,3.72210270422458
208.015158536561,288.013439907886,4.37958340039219
562.328524488932,264.50661034126,3.96554104799976
179.579371359624,36.8646913536548,4.2106166393079
499.09070883731,343.85969301668,4.6073462211564
42.1892811743368,48.4168291379207,3.62909889798761
531.756890439428,141.249496128983,4.18074490212812
NA,NA,NA
659.71213668512,333.775066496353,3.44639657862694
454.435283513938,298.811045851143,3.79263430561714
11.3918255903494,491.66655045723,3.78339910789202
561.345733271383,49.5699231571562,4.18978141905771
70.4216500062636,379.385222186658,3.89198112105187
226.721636047688,415.934868747735,3.82796307246677
427.355979700874,11.5725005973293,3.27631340269164
363.645282472281,291.421771351909,3.06562862310554
600.374051985343,107.680741892349,4.30027629142732
391.606101676523,228.913902596164,4.0831716815519
563.380616767561,412.117120897023,4.72897899758333
131.264177746247,277.661023494464,4.4717482517172
194.469999186356,366.277948211207,4.06140243738679
126.339321861827,407.436072564935,3.44247087204849
625.277932915862,313.824130194748,4.62782820207753
-2.8552594301442,144.663934668332,4.17953639541316
544.165517034883,204.141455074077,4.22944979939338
37.4151781471149,491.022404962447,3.0455925185762
278.371185839062,17.6668336269004,3.75987250178317
534.022802682879,390.307898079583,3.48437287459462
75.3376184459727,73.8229346875393,5.22654757901093
1.88025370897764,78.4420570466265,3.53602863922281
589.809675633717,226.977051716074,4.08975004127729
442.965887565288,461.69906699242,4.81359415906882
659.154352814286,371.949275544598,2.97914300965448
109.036026709368,490.290016413478,4.23034283779353
625.175037730937,92.7314281496758,4.06730681486997
416.866506925576,257.258435432139,3.59819773869347
9.39548652834981,181.219456174158,3.38421807107008
71.2183276450289,117.030776960159,4.50919447848935
614.434297329478,203.196214613986,4.30113421824651
258.757393564841,219.535669320923,3.83280121892057
567.701798410701,437.260501976261,4.00651879026194
297.621270062051,142.763257006039,3.86691274354138
528.238519242399,459.727386471376,3.59321471334855
45.7160362486827,420.373709268397,3.72210270422458
208.015158536561,288.013439907886,4.37958340039219
562.328524488932,264.50661034126,3.96554104799976
179.579371359624,36.8646913536548,4.2106166393079
499.09070883731,343.85969301668,4.6073462211564
42.1892811743368,48.4168291379207,3.62909889798761
531.756890439428,141.249496128983,4.18074490212812
NA,NA,NA
659.71213668512,333.775066496353,3.44639657862694
454.435283513938,298.811045851143,3.79263430561714
11.3918255903494,491.66655045723,3.78339910789202
561.345733271383,49.5699231571562,4.18978141905771
70.4216500062636,379.385222186658,3.89198112105187
226.721636047688,415.934868747735,3.82796307246677
427.355979700874,11.5725005973293,3.27631340269164
363.645282472281,291.421771351909,3.06562862310554
600.374051985343,107.680741892349,4.30027629142732
391.606101676523,228.913902596164,4.0831716815519
563.380616767561,412.117120897023,4.72897899758333
131.264177746247,277.661023494464,4.4717482517172
194.469999186356,366.277948211207,4.06140243738679
126.339321861827,407.436072564935,3.44247087204849
625.277932915862,313.824130194748,4.62782820207753
-2.8552594301442,144.663934668332,4.17953639541316
544.165517034883,204.141455074077,4.22944979939338
37.4151781471149,491.022404962447,3.0455925185762
278.371185839062,17.6668336269004,3.75987250178317
534.022802682879,390.307898079583,3.48437287459462
75.3376184459727,73.8229346875393,5.22654757901093
1.88025370897764,78.4420570466265,3.53602863922281
589.809675633717,226.977051716074,4.08975004127729
442.965887565288,461.69906699242,4.81359415906882
659.154352814286,371.949275544598,2.97914300965448
109.036026709368,490.290016413478,4.23034283779353
625.175037730937,92.7314281496758,4.06730681486997
416.866506925576,257.258435432139,3.59819773869347
9.39548652834981,181.219456174158,3.38421807107008
71.2183276450289,117.030776960159,4.50919447848935
614.434297329478,203.196214613986,4.30113421824651
258.757393564841,219.535669320923,3.83280121892057
567.701798410701,437.260501976261,4.00651879026194
297.621270062051,142.763257006039,3.86691274354138
528.238519242399,459.727386471376,3.59321471334855
45.7160362486827,420.373709268397,3.72210270422458
208.015158536561,288.013439907886,4.37958340039219
562.328524488932,264.50661034126,3.96554104799976
179.579371359624,36.8646913536548,4.2106166393079
499.09070883731,343.85969301668,4.6073462211564
42.1892811743368,48.4168291379207,3.62909889798761
531.756890439428,141.249496128983,4.18074490212812
NA,NA,NA
659.71213668512,333.775066496353,3.44639657862694
454.435283513938,298.811045851143,3.79263430561714
11.3918255903494,491.66655045723,3.78339910789202
561.345733271383,49.5699231571562,4.18978141905771
70.4216500062636,379.385222186658,3.89198112105187
226.721636047688,415.934868747735,3.82796307246677
427.355979700874,11.5725005973293,3.27631340269164
363.645282472281,291.421771351909,3.06562862310554
600.374051985343,107.680741892349,4.30027629142732
391.606101676523,228.913902596164,4.0831716815519
563.380616767561,412.117120897023,4.72897899758333
131.264177746247,277.661023494464,4.4717482517172
194.469999186356,366.277948211207,4.06140243738679
126.339321861827,407.436072564935,3.44247087204849
625.277932915862,313.824130194748,4.62782820207753
-2.8552594301442,144.663934668332,4.17953639541316
544.165517034883,204.141455074077,4.22944979939338
37.4151781471149,491.022404962447,3.0455925185762
278.371185839062,17.6668336269004,3.75987250178317
534.022802682879,390.307898079583,3.48437287459462
75.3376184459727,73.8229346875393,5.22654757901093
1.88025370897764,78.4420570466265,3.53602863922281
589.809675633717,226.977051716074,4.08975004127729
442.965887565288,461.69906699242,4.81359415906882
659.154352814286,371.949275544598,2.97914300965448
109.036026709368,490.290016413478,4.23034283779353
625.175037730937,92.7314281496758,4.06730681486997
416.866506925576,257.258435432139,3.59819773869347
9.39548652834981,181.219456174158,3.38421807107008
71.2183276450289,117.030776960159,4.50919447848935
614.434297329478,203.196214613986,4.30113421824651
258.757393564841,219.535669320923,3.83280121892057
567.701798410701,437.260501976261,4.00651879026194
297.621270062051,142.763257006039,3.86691274354138
528.238519242399,459.727386471376,3.59321471334855
45.7160362486827,420.373709268397,3.72210270422458
208.015158536561,288.013439907886,4.37958340039219
562.328524488932,264.50661034126,3.96554104799976
179.579371359624,36.8646913536548,4.2106166393079
499.09070883731,343.85969301668,4.6073462211564
42.1892811743368,48.4168291379207,3.62909889798761
531.756890439428,141.249496128983,4.18074490212812
NA,NA,NA
659.71213668512,333.775066496353,3.44639657862694
454.435283513938,298.811045851143,3.79263430561714
11.3918255903494,491.66655045723,3.78339910789202
561.345733271383,49.5699231571562,4.18978141905771
70.4216500062636,379.385222186658,3.89198112105187
226.721636047688,415.934868747735,3.82796307246677
427.355979700874,11.5725005973293,3.27631340269164
363.645282472281,291.421771351909,3.06562862310554
600.374051985343,107.680741892349,4.30027629142732
391.606101676523,228.913902596164,4.0831716815519
563.380616767561,412.117120897023,4.72897899758333
131.264177746247,277.661023494464,4.4717482517172
194.469999186356,366.277948211207,4.06140243738679
126.339321861827,407.436072564935,3.44247087204849
625.277932915862,313.824130194748,4.62782820207753
-2.8552594301442,144.663934668332,4.17953639541316
544.165517034883,204.141455074077,4.22944979939338
37.4151781471149,491.022404962447,3.0455925185762
278.371185839062,17.6668336269004,3.75987250178317
534.022802682879,390.307898079583,3.48437287459462
75.3376184459727,73.8229346875393,5.22654757901093
1.88025370897764,78.4420570466265,3.53602863922281
589.809675633717,226.977051716074,4.08975004127729
442.965887565288,461.69906699242,4.81359415906882
659.154352814286,371.949275544598,2.97914300965448
109.036026709368,490.290016413478,4.23034283779353
625.175037730937,92.7314281496758,4.06730681486997
416.866506925576,257.258435432139,3.59819773869347
9.39548652834981,181.219456174158,3.38421807107008
71.2183276450289,117.030776960159,4.50919447848935
614.434297329478,203.196214613986,4.30113421824651
258.757393564841,219.535669320923,3.83280121892057
567.701798410701,437.260501976261,4.00651879026194
297.621270062051,142.763257006039,3.86691274354138
528.238519242399,459.727386471376,3.59321471334855
45.7160362486827,420.373709268397,3.72210270422458
208.015158536561,288.013439907886,4.37958340039219
562.328524488932,264.50661034126,3.96554104799976
179.579371359624,36.8646913536548,4.2106166393079
499.09070883731,343.85969301668,4.6073462211564
42.1892811743368,48.4168291379207,3.62909889798761
531.756890439428,141.249496128983,4.18074490212812
NA,NA,NA
661.295772536275,332.701651207507,3.59315231149071
455.546123629253,298.899746636191,3.86902112877037
10.4448141791242,496.188087585819,3.62269082066394
559.189022923066,52.1460768488695,4.19681198596555
72.955483659325,372.261389781937,3.95403834969288
231.86134667326,413.069732669611,3.90823952282489
427.423432369926,10.5541768488063,3.44493039486985
364.070729252225,292.975010243956,2.82794909684229
606.967442785742,100.851238867189,4.16246593654845
393.826887112812,225.907387986653,4.17299306087317
570.384936517963,407.326765905646,4.68435780267749
135.256449995604,278.839371330984,4.49437696405855
199.654326247047,366.445774560238,4.09858555456819
126.826967748007,410.198832118677,3.28087108284489
629.681451822927,317.0767473383,4.60339991633874
7.38147876381158,149.305493726385,4.19585416646192
550.576198115755,202.624116284989,4.19348133779848
34.847638971385,493.308380480578,3.17122695558941
278.432840300288,27.3830233842185,3.75744869148687
532.838923507644,389.090847878068,3.49305409257899
82.9628023586915,73.0667537133004,5.31346410593484
5.75702564275302,75.067819019694,3.47073015387461
586.259639852577,226.098576254122,4.08685036412563
437.2495035419,457.785884185617,4.81459726177611
660.05778923787,373.878412005579,3.29814261678074
110.032080348835,488.238397469313,4.38236896852557
623.545946891995,91.7084461659832,4.05226559323456
422.138024842529,259.291570117603,3.67513561373642
13.6751687157886,182.703365026285,3.21415794352772
62.1938267348474,106.736529298589,4.25030224768197
613.314984199445,188.301065154206,4.27670719540771
264.047132123881,228.464947640802,3.86105382646357
573.031119785772,434.234243410038,3.76322776490297
298.306593217966,139.192701898861,3.94618782850244
528.855300540827,463.243236103211,3.75138468076878
50.0797107630157,417.974379007002,3.84923543494175
192.368306521485,287.729789251714,4.00185401115035
546.988175693414,258.302564974427,3.57160415798169
173.531946758482,25.2580667512211,4.30827451119641
511.56601946779,327.671854678057,4.47396770358718
38.106842142281,57.1475318312439,3.93758210194476
538.458823647949,152.938122720543,5.16766172296817
NA,NA,NA
661.295772536275,332.701651207507,3.59315231149071
455.546123629253,298.899746636191,3.86902112877037
10.4448141791242,496.188087585819,3.62269082066394
559.189022923066,52.1460768488695,4.19681198596555
72.955483659325,372.261389781937,3.95403834969288
231.86134667326,413.069732669611,3.90823952282489
427.423432369926,10.5541768488063,3.44493039486985
364.070729252225,292.975010243956,2.82794909684229
606.967442785742,100.851238867189,4.16246593654845
393.826887112812,225.907387986653,4.17299306087317
570.384936517963,407.326765905646,4.68435780267749
135.256449995604,278.839371330984,4.49437696405855
199.654326247047,366.445774560238,4.09858555456819
126.826967748007,410.198832118677,3.28087108284489
629.681451822927,317.0767473383,4.60339991633874
7.38147876381158,149.305493726385,4.19585416646192
550.576198115755,202.624116284989,4.19348133779848
34.847638971385,493.308380480578,3.17122695558941
278.432840300288,27.3830233842185,3.75744869148687
532.838923507644,389.090847878068,3.49305409257899
82.9628023586915,73.0667537133004,5.31346410593484
5.75702564275302,75.067819019694,3.47073015387461
586.259639852577,226.098576254122,4.08685036412563
437.2495035419,457.785884185617,4.81459726177611
660.05778923787,373.878412005579,3.29814261678074
110.032080348835,488.238397469313,4.38236896852557
623.545946891995,91.7084461659832,4.05226559323456
422.138024842529,259.291570117603,3.67513561373642
13.6751687157886,182.703365026285,3.21415794352772
62.1938267348474,106.736529298589,4.25030224768197
613.314984199445,188.301065154206,4.27670719540771
264.047132123881,228.464947640802,3.86105382646357
573.031119785772,434.234243410038,3.76322776490297
298.306593217966,139.192701898861,3.94618782850244
528.855300540827,463.243236103211,3.75138468076878
50.0797107630157,417.974379007002,3.84923543494175
192.368306521485,287.729789251714,4.00185401115035
546.988175693414,258.302564974427,3.57160415798169
173.531946758482,25.2580667512211,4.30827451119641
511.56601946779,327.671854678057,4.47396770358718
38.106842142281,57.1475318312439,3.93758210194476
538.458823647949,152.938122720543,5.16766172296817
NA,NA,NA
661.295772536275,332.701651207507,3.59315231149071
455.546123629253,298.899746636191,3.86902112877037
10.4448141791242,496.188087585819,3.62269082066394
559.189022923066,52.1460768488695,4.19681198596555
72.955483659325,372.261389781937,3.95403834969288
231.86134667326,413.069732669611,3.90823952282489
427.423432369926,10.5541768488063,3.44493039486985
364.070729252225,292.975010243956,2.82794909684229
606.967442785742,100.851238867189,4.16246593654845
393.826887112812,225.907387986653,4.17299306087317
570.384936517963,407.326765905646,4.68435780267749
135.256449995604,278.839371330984,4.49437696405855
199.654326247047,366.445774560238,4.09858555456819
126.826967748007,410.198832118677,3.28087108284489
629.681451822927,317.0767473383,4.60339991633874
7.38147876381158,149.305493726385,4.19585416646192
550.576198115755,202.624116284989,4.19348133779848
34.847638971385,493.308380480578,3.17122695558941
278.432840300288,27.3830233842185,3.75744869148687
532.838923507644,389.090847878068,3.49305409257899
82.9628023586915,73.0667537133004,5.31346410593484
5.75702564275302,75.067819019694,3.47073015387461
586.259639852577,226.098576254122,4.08685036412563
437.2495035419,457.785884185617,4.81459726177611
660.05778923787,373.878412005579,3.29814261678074
110.032080348835,488.238397469313,4.38236896852557
623.545946891995,91.7084461659832,4.05226559323456
422.138024842529,259.291570117603,3.67513561373642
13.6751687157886,182.703365026285,3.21415794352772
62.1938267348474,106.736529298589,4.25030224768197
613.314984199445,188.301065154206,4.27670719540771
264.047132123881,228.464947640802,3.86105382646357
573.031119785772,434.234243410038,3.76322776490297
298.306593217966,139.192701898861,3.94618782850244
528.855300540827,463.243236103211,3.75138468076878
50.0797107630157,417.974379007002,3.84923543494175
192.368306521485,287.729789251714,4.00185401115035
546.988175693414,258.302564974427,3.57160415798169
173.531946758482,25.2580667512211,4.30827451119641
511.56601946779,327.671854678057,4.47396770358718
38.106842142281,57.1475318312439,3.93758210194476
538.458823647949,152.938122720543,5.16766172296817
NA,NA,NA
661.295772536275,332.701651207507,3.59315231149071
455.546123629253,298.899746636191,3.86902112877037
10.4448141791242,496.188087585819,3.62269082066394
559.189022923066,52.1460768488695,4.19681198596555
72.955483659325,372.261389781937,3.95403834969288
231.86134667326,413.069732669611,3.90823952282489
427.423432369926,10.5541768488063,3.44493039486985
364.070729252225,292.975010243956,2.82794909684229
606.967442785742,100.851238867189,4.16246593654845
393.826887112812,225.907387986653,4.17299306087317
570.384936517963,407.326765905646,4.68435780267749
135.256449995604,278.839371330984,4.49437696405855
199.654326247047,366.445774560238,4.09858555456819
126.826967748007,410.198832118677,3.28087108284489
629.681451822927,317.0767473383,4.60339991633874
7.38147876381158,149.305493726385,4.19585416646192
550.576198115755,202.624116284989,4.19348133779848
34.847638971385,493.308380480578,3.17122695558941
278.432840300288,27.3830233842185,3.75744869148687
532.838923507644,389.090847878068,3.49305409257899
82.9628023586915,73.0667537133004,5.31346410593484
5.75702564275302,75.067819019694,3.47073015387461
586.259639852577,226.098576254122,4.08685036412563
437.2495035419,457.785884185617,4.81459726177611
660.05778923787,373.878412005579,3.29814261678074
110.032080348835,488.238397469313,4.38236896852557
623.545946891995,91.7084461659832,4.05226559323456
422.138024842529,259.291570117603,3.67513561373642
13.6751687157886,182.703365026285,3.21415794352772
62.1938267348474,106.736529298589,4.25030224768197
613.314984199445,188.301065154206,4.27670719540771
264.047132123881,228.464947640802,3.86105382646357
573.031119785772,434.234243410038,3.76322776490297
298.306593217966,139.192701898861,3.94618782850244
528.855300540827,463.243236103211,3.75138468076878
50.0797107630157,417.974379007002,3.84923543494175
192.368306521485,287.729789251714,4.00185401115035
546.988175693414,258.302564974427,3.57160415798169
173.531946758482,25.2580667512211,4.30827451119641
511.56601946779,327.671854678057,4.47396770358718
38.106842142281,57.1475318312439,3.93758210194476
538.458823647949,152.938122720543,5.16766172296817
NA,NA,NA
661.295772536275,332.701651207507,3.59315231149071
455.546123629253,298.899746636191,3.86902112877037
10.4448141791242,496.188087585819,3.62269082066394
559.189022923066,52.1460768488695,4.19681198596555
72.955483659325,372.261389781937,3.95403834969288
231.86134667326,413.069732669611,3.90823952282489
427.423432369926,10.5541768488063,3.44493039486985
364.070729252225,292.975010243956,2.82794909684229
606.967442785742,100.851238867189,4.16246593654845
393.826887112812,225.907387986653,4.17299306087317
570.384936517963,407.326765905646,4.68435780267749
135.256449995604,278.839371330984,4.49437696405855
199.654326247047,366.445774560238,4.09858555456819
126.826967748007,410.198832118677,3.28087108284489
629.681451822927,317.0767473383,4.60339991633874
7.38147876381158,149.305493726385,4.19585416646192
550.576198115755,202.624116284989,4.19348133779848
34.847638971385,493.308380480578,3.17122695558941
278.432840300288,27.3830233842185,3.75744869148687
532.838923507644,389.090847878068,3.49305409257899
82.9628023586915,73.0667537133004,5.31346410593484
5.75702564275302,75.067819019694,3.47073015387461
586.259639852577,226.098576254122,4.08685036412563
437.2495035419,457.785884185617,4.81459726177611
660.05778923787,373.878412005579,3.29814261678074
110.032080348835,488.238397469313,4.38236896852557
623.545946891995,91.7084461659832,4.05226559323456
422.138024842529,259.291570117603,3.67513561373642
13.6751687157886,182.703365026285,3.21415794352772
62.1938267348474,106.736529298589,4.25030224768197
613.314984199445,188.301065154206,4.27670719540771
264.047132123881,228.464947640802,3.86105382646357
573.031119785772,434.234243410038,3.76322776490297
298.306593217966,139.192701898861,3.94618782850244
528.855300540827,463.243236103211,3.75138468076878
50.0797107630157,417.974379007002,3.84923543494175
192.368306521485,287.729789251714,4.00185401115035
546.988175693414,258.302564974427,3.57160415798169
173.531946758482,25.2580667512211,4.30827451119641
511.56601946779,327.671854678057,4.47396770358718
38.106842142281,57.1475318312439,3.93758210194476
538.458823647949,152.938122720543,5.16766172296817
NA,NA,NA
661.295772536275,332.701651207507,3.59315231149071
455.546123629253,298.899746636191,3.86902112877037
10.4448141791242,496.188087585819,3.62269082066394
559.189022923066,52.1460768488695,4.19681198596555
72.955483659325,372.261389781937,3.95403834969288
231.86134667326,413.069732669611,3.90823952282489
427.423432369926,10.5541768488063,3.44493039486985
364.070729252225,292.975010243956,2.82794909684229
606.967442785742,100.851238867189,4.16246593654845
393.826887112812,225.907387986653,4.17299306087317
570.384936517963,407.326765905646,4.68435780267749
135.256449995604,278.839371330984,4.49437696405855
199.654326247047,366.445774560238,4.09858555456819
126.826967748007,410.198832118677,3.28087108284489
629.681451822927,317.0767473383,4.60339991633874
7.38147876381158,149.305493726385,4.19585416646192
550.576198115755,202.624116284989,4.19348133779848
34.847638971385,493.308380480578,3.17122695558941
278.432840300288,27.3830233842185,3.75744869148687
532.838923507644,389.090847878068,3.49305409257899
82.9628023586915,73.0667537133004,5.31346410593484
5.75702564275302,75.067819019694,3.47073015387461
586.259639852577,226.098576254122,4.08685036412563
437.2495035419,457.785884185617,4.81459726177611
660.05778923787,373.878412005579,3.29814261678074
110.032080348835,488.238397469313,4.38236896852557
623.545946891995,91.7084461659832,4.05226559323456
422.138024842529,259.291570117603,3.67513561373642
13.6751687157886,182.703365026285,3.21415794352772
62.1938267348474,106.736529298589,4.25030224768197
613.314984199445,188.301065154206,4.27670719540771
264.047132123881,228.464947640802,3.86105382646357
573.031119785772,434.234243410038,3.76322776490297
298.306593217966,139.192701898861,3.94618782850244
528.855300540827,463.243236103211,3.75138468076878
50.0797107630157,417.974379007002,3.84923543494175
192.368306521485,287.729789251714,4.00185401115035
546.988175693414,258.302564974427,3.57160415798169
173.531946758482,25.2580667512211,4.30827451119641
511.56601946779,327.671854678057,4.47396770358718
38.106842142281,57.1475318312439,3.93758210194476
538.458823647949,152.938122720543,5.16766172296817
NA,NA,NA
665.874277996539,334.830318202226,3.4977741930067
456.81358280352,299.573373125446,3.77773473503454
10.6500037556313,496.17842617107,3.49900185122292
564.882435231234,51.0902282163808,4.26845342799698
74.5011867065937,372.908935700874,3.95470918663823
228.561986154399,408.520566361494,3.95643148843282
428.041315756069,11.2823195741126,3.41996629327149
361.100493788025,292.925079349289,3.02904981395171
598.40287215221,105.42030872451,4.15005941011897
390.42733724112,230.9346637272,4.32504318870669
577.484797488989,418.834300601728,4.70667475468648
144.441845933493,281.133421586827,4.46696562396721
199.59237445206,370.440341666745,3.98363595968206
125.398558240683,410.77517058471,3.61404965100285
622.411756005712,308.647497081411,4.48005016000122
3.11462960957825,153.29905090565,4.30301133992264
542.915108208223,200.610708865446,4.12803242819287
32.5306050891308,492.70365854314,2.92746665945818
276.183361649289,20.3406950842621,3.7915401078002
531.096608107557,389.735568090234,3.47216440309086
72.4734848772957,74.2260207895691,5.3319350038649
7.3888504455003,76.3181390003196,3.48767105876785
586.774966910922,222.802490361517,4.0356693953683
446.635552537784,462.424977185274,4.7922547530798
661.56228186906,373.466496909713,3.11514163476885
101.291751714448,482.256603379648,4.3583632857928
621.523903195511,91.9803957440065,4.07060881645515
417.190495617603,257.662110538228,3.73405041385481
11.3522973248166,179.262167986782,3.38489594188453
77.444375874926,111.873217599691,4.46856448270216
609.266158895554,203.586531436876,4.20764794933934
254.886682615557,223.313424530009,3.93747917766351
576.73172371723,435.826740613698,3.81069241695507
300.709292474136,132.520279978899,4.01502147098448
522.296067988683,461.901568135976,3.48145042915131
37.9768991205866,413.386577393223,3.90058608393875
192.70554650437,278.593509185288,4.27348080950491
554.565079462402,258.653806833241,3.69491453834568
174.733712515961,34.3827585971409,4.20431444783392
498.266027710155,345.413951047275,4.59234307829894
44.2311339312927,40.2671288975788,4.10599643018749
517.713138062558,155.13031108901,4.78577045932848
NA,NA,NA
665.874277996539,334.830318202226,3.4977741930067
456.81358280352,299.573373125446,3.77773473503454
10.6500037556313,496.17842617107,3.49900185122292
564.882435231234,51.0902282163808,4.26845342799698
74.5011867065937,372.908935700874,3.95470918663823
228.561986154399,408.520566361494,3.95643148843282
428.041315756069,11.2823195741126,3.41996629327149
361.100493788025,292.925079349289,3.02904981395171
598.40287215221,105.42030872451,4.15005941011897
390.42733724112,230.9346637272,4.32504318870669
577.484797488989,418.834300601728,4.70667475468648
144.441845933493,281.133421586827,4.46696562396721
199.59237445206,370.440341666745,3.98363595968206
125.398558240683,410.77517058471,3.61404965100285
622.411756005712,308.647497081411,4.48005016000122
3.11462960957825,153.29905090565,4.30301133992264
542.915108208223,200.610708865446,4.12803242819287
32.5306050891308,492.70365854314,2.92746665945818
276.183361649289,20.3406950842621,3.7915401078002
531.096608107557,389.735568090234,3.47216440309086
72.4734848772957,74.2260207895691,5.3319350038649
7.3888504455003,76.3181390003196,3.48767105876785
586.774966910922,222.802490361517,4.0356693953683
446.635552537784,462.424977185274,4.7922547530798
661.56228186906,373.466496909713,3.11514163476885
101.291751714448,482.256603379648,4.3583632857928
621.523903195511,91.9803957440065,4.07060881645515
417.190495617603,257.662110538228,3.73405041385481
11.3522973248166,179.262167986782,3.38489594188453
77.444375874926,111.873217599691,4.46856448270216
609.266158895554,203.586531436876,4.20764794933934
254.886682615557,223.313424530009,3.93747917766351
576.73172371723,435.826740613698,3.81069241695507
300.709292474136,132.520279978899,4.01502147098448
522.296067988683,461.901568135976,3.48145042915131
37.9768991205866,413.386577393223,3.90058608393875
192.70554650437,278.593509185288,4.27348080950491
554.565079462402,258.653806833241,3.69491453834568
174.733712515961,34.3827585971409,4.20431444783392
498.266027710155,345.413951047275,4.59234307829894
44.2311339312927,40.2671288975788,4.10599643018749
517.713138062558,155.13031108901,4.78577045932848
NA,NA,NA
665.874277996539,334.830318202226,3.4977741930067
456.81358280352,299.573373125446,3.77773473503454
10.6500037556313,496.17842617107,3.49900185122292
564.882435231234,51.0902282163808,4.26845342799698
74.5011867065937,372.908935700874,3.95470918663823
228.561986154399,408.520566361494,3.95643148843282
428.041315756069,11.2823195741126,3.41996629327149
361.100493788025,292.925079349289,3.02904981395171
598.40287215221,105.42030872451,4.15005941011897
390.42733724112,230.9346637272,4.32504318870669
577.484797488989,418.834300601728,4.70667475468648
144.441845933493,281.133421586827,4.46696562396721
199.59237445206,370.440341666745,3.98363595968206
125.398558240683,410.77517058471,3.61404965100285
622.411756005712,308.647497081411,4.48005016000122
3.11462960957825,153.29905090565,4.30301133992264
542.915108208223,200.610708865446,4.12803242819287
32.5306050891308,492.70365854314,2.92746665945818
276.183361649289,20.3406950842621,3.7915401078002
531.096608107557,389.735568090234,3.47216440309086
72.4734848772957,74.2260207895691,5.3319350038649
7.3888504455003,76.3181390003196,3.48767105876785
586.774966910922,222.802490361517,4.0356693953683
446.635552537784,462.424977185274,4.7922547530798
661.56228186906,373.466496909713,3.11514163476885
101.291751714448,482.256603379648,4.3583632857928
621.523903195511,91.9803957440065,4.07060881645515
417.190495617603,257.662110538228,3.73405041385481
11.3522973248166,179.262167986782,3.38489594188453
77.444375874926,111.873217599691,4.46856448270216
609.266158895554,203.586531436876,4.20764794933934
254.886682615557,223.313424530009,3.93747917766351
576.73172371723,435.826740613698,3.81069241695507
300.709292474136,132.520279978899,4.01502147098448
522.296067988683,461.901568135976,3.48145042915131
37.9768991205866,413.386577393223,3.90058608393875
192.70554650437,278.593509185288,4.27348080950491
554.565079462402,258.653806833241,3.69491453834568
174.733712515961,34.3827585971409,4.20431444783392
498.266027710155,345.413951047275,4.59234307829894
44.2311339312927,40.2671288975788,4.10599643018749
517.713138062558,155.13031108901,4.78577045932848
NA,NA,NA
665.874277996539,334.830318202226,3.4977741930067
456.81358280352,299.573373125446,3.77773473503454
10.6500037556313,496.17842617107,3.49900185122292
564.882435231234,51.0902282163808,4.26845342799698
74.5011867065937,372.908935700874,3.95470918663823
228.561986154399,408.520566361494,3.95643148843282
428.041315756069,11.2823195741126,3.41996629327149
361.100493788025,292.925079349289,3.02904981395171
598.40287215221,105.42030872451,4.15005941011897
390.42733724112,230.9346637272,4.32504318870669
577.484797488989,418.834300601728,4.70667475468648
144.441845933493,281.133421586827,4.46696562396721
199.59237445206,370.440341666745,3.98363595968206
125.398558240683,410.77517058471,3.61404965100285
622.411756005712,308.647497081411,4.48005016000122
3.11462960957825,153.29905090565,4.30301133992264
542.915108208223,200.610708865446,4.12803242819287
32.5306050891308,492.70365854314,2.92746665945818
276.183361649289,20.3406950842621,3.7915401078002
531.096608107557,389.735568090234,3.47216440309086
72.4734848772957,74.2260207895691,5.3319350038649
7.3888504455003,76.3181390003196,3.48767105876785
586.774966910922,222.802490361517,4.0356693953683
446.635552537784,462.424977185274,4.7922547530798
661.56228186906,373.466496909713,3.11514163476885
101.291751714448,482.256603379648,4.3583632857928
621.523903195511,91.9803957440065,4.07060881645515
417.190495617603,257.662110538228,3.73405041385481
11.3522973248166,179.262167986782,3.38489594188453
77.444375874926,111.873217599691,4.46856448270216
609.266158895554,203.586531436876,4.20764794933934
254.886682615557,223.313424530009,3.93747917766351
576.73172371723,435.826740613698,3.81069241695507
300.709292474136,132.520279978899,4.01502147098448
522.296067988683,461.901568135976,3.48145042915131
37.9768991205866,413.386577393223,3.90058608393875
192.70554650437,278.593509185288,4.27348080950491
554.565079462402,258.653806833241,3.69491453834568
174.733712515961,34.3827585971409,4.20431444783392
498.266027710155,345.413951047275,4.59234307829894
44.2311339312927,40.2671288975788,4.10599643018749
517.713138062558,155.13031108901,4.78577045932848
NA,NA,NA
665.874277996539,334.830318202226,3.4977741930067
456.81358280352,299.573373125446,3.77773473503454
10.6500037556313,496.17842617107,3.49900185122292
564.882435231234,51.0902282163808,4.26845342799698
74.5011867065937,372.908935700874,3.95470918663823
228.561986154399,408.520566361494,3.95643148843282
428.041315756069,11.2823195741126,3.41996629327149
361.100493788025,292.925079349289,3.02904981395171
598.40287215221,105.42030872451,4.15005941011897
390.42733724112,230.9346637272,4.32504318870669
577.484797488989,418.834300601728,4.70667475468648
144.441845933493,281.133421586827,4.46696562396721
199.59237445206,370.440341666745,3.98363595968206
125.398558240683,410.77517058471,3.61404965100285
622.411756005712,308.647497081411,4.48005016000122
3.11462960957825,153.29905090565,4.30301133992264
542.915108208223,200.610708865446,4.12803242819287
32.5306050891308,492.70365854314,2.92746665945818
276.183361649289,20.3406950842621,3.7915401078002
531.096608107557,389.735568090234,3.47216440309086
72.4734848772957,74.2260207895691,5.3319350038649
7.3888504455003,76.3181390003196,3.48767105876785
586.774966910922,222.802490361517,4.0356693953683
446.635552537784,462.424977185274,4.7922547530798
661.56228186906,373.466496909713,3.11514163476885
101.291751714448,482.256603379648,4.3583632857928
621.523903195511,91.9803957440065,4.07060881645515
417.190495617603,257.662110538228,3.73405041385481
11.3522973248166,179.262167986782,3.38489594188453
77.444375874926,111.873217599691,4.46856448270216
609.266158895554,203.586531436876,4.20764794933934
254.886682615557,223.313424530009,3.93747917766351
576.73172371723,435.826740613698,3.81069241695507
300.709292474136,132.520279978899,4.01502147098448
522.296067988683,461.901568135976,3.48145042915131
37.9768991205866,413.386577393223,3.90058608393875
192.70554650437,278.593509185288,4.27348080950491
554.565079462402,258.653806833241,3.69491453834568
174.733712515961,34.3827585971409,4.20431444783392
498.266027710155,345.413951047275,4.59234307829894
44.2311339312927,40.2671288975788,4.10599643018749
517.713138062558,155.13031108901,4.78577045932848
NA,NA,NA
665.874277996539,334.830318202226,3.4977741930067
456.81358280352,299.573373125446,3.77773473503454
10.6500037556313,496.17842617107,3.49900185122292
564.882435231234,51.0902282163808,4.26845342799698
74.5011867065937,372.908935700874,3.95470918663823
228.561986154399,408.520566361494,3.95643148843282
428.041315756069,11.2823195741126,3.41996629327149
361.100493788025,292.925079349289,3.02904981395171
598.40287215221,105.42030872451,4.15005941011897
390.42733724112,230.9346637272,4.32504318870669
577.484797488989,418.834300601728,4.70667475468648
144.441845933493,281.133421586827,4.46696562396721
199.59237445206,370.440341666745,3.98363595968206
125.398558240683,410.77517058471,3.61404965100285
622.411756005712,308.647497081411,4.48005016000122
3.11462960957825,153.29905090565,4.30301133992264
542.915108208223,200.610708865446,4.12803242819287
32.5306050891308,492.70365854314,2.92746665945818
276.183361649289,20.3406950842621,3.7915401078002
531.096608107557,389.735568090234,3.47216440309086
72.4734848772957,74.2260207895691,5.3319350038649
7.3888504455003,76.3181390003196,3.48767105876785
586.774966910922,222.802490361517,4.0356693953683
446.635552537784,462.424977185274,4.7922547530798
661.56228186906,373.466496909713,3.11514163476885
101.291751714448,482.256603379648,4.3583632857928
621.523903195511,91.9803957440065,4.07060881645515
417.190495617603,257.662110538228,3.73405041385481
11.3522973248166,179.262167986782,3.38489594188453
77.444375874926,111.873217599691,4.46856448270216
609.266158895554,203.586531436876,4.20764794933934
254.886682615557,223.313424530009,3.93747917766351
576.73172371723,435.826740613698,3.81069241695507
300.709292474136,132.520279978899,4.01502147098448
522.296067988683,461.901568135976,3.48145042915131
37.9768991205866,413.386577393223,3.90058608393875
192.70554650437,278.593509185288,4.27348080950491
554.565079462402,258.653806833241,3.69491453834568
174.733712515961,34.3827585971409,4.20431444783392
498.266027710155,345.413951047275,4.59234307829894
44.2311339312927,40.2671288975788,4.10599643018749
517.713138062558,155.13031108901,4.78577045932848
NA,NA,NA
665.250685497464,335.29688278457,3.50024953783183
455.425229072572,296.73078264656,3.39086805232324
13.9643062856102,495.467162598547,3.66650692536641
560.589192755637,48.1681046445789,4.14692349851962
72.4075706214857,373.620132351101,3.89297705845411
230.290791175128,416.056692470812,3.91029724712965
426.744194358703,13.7672641667366,3.4409984363825
360.377458499323,293.567807863833,3.2201634141572
606.11370761826,105.428541357761,4.26039488087277
391.687429602158,228.975324418413,4.16919611187679
567.679293547721,411.598403052913,4.72947897279879
143.883260629798,281.103455171825,4.48786842425318
201.039146084218,369.799856390438,4.13008686537455
125.184182926131,410.124564521505,3.44177824323625
624.500487632404,313.655117154774,4.48916229856848
1.27575620471099,148.186067665583,4.25391854018413
538.924103474034,201.255069591977,4.3337402591201
33.1360663422036,492.310502535384,3.05879355197014
277.620231244378,19.8139986486805,3.94214280796689
532.972663423473,394.133006373757,3.42530048312714
77.1975139229,85.6356920196865,5.3245295882072
8.28419965231097,77.4407350163632,3.52203679685856
590.20234636028,226.577448441084,4.04376369494855
443.274072169509,457.177139236958,4.71183260690459
660.659099803353,372.92613406872,2.88077521164715
105.662662942688,492.716385058987,4.44946203133317
625.996500223267,91.5787187578456,4.04339606591378
421.862732327307,257.169729524864,3.69125990884832
11.467847644594,178.592610084928,3.25535105270699
53.3240867441575,119.410762736862,4.37707298537636
614.440646391552,212.136350506849,4.4718851674878
253.722296596939,218.704497375506,3.99096609623573
564.492438069953,428.984881682867,3.83370544017054
292.347431597087,138.090345074747,3.79061459129038
529.052334298254,453.285680345491,3.87812618130659
46.9556566732316,418.69996746472,3.58324921567333
193.062182011084,294.224694298386,3.62192731650172
556.531284989321,266.462026589497,3.70944673325058
181.799325310675,40.9351186046113,4.32364715590033
503.525848469711,337.968436650953,4.31432308800837
40.479224021531,49.3868583039383,3.71295112949887
527.187558892937,147.161152566935,4.948316147435
NA,NA,NA
665.250685497464,335.29688278457,3.50024953783183
455.425229072572,296.73078264656,3.39086805232324
13.9643062856102,495.467162598547,3.66650692536641
560.589192755637,48.1681046445789,4.14692349851962
72.4075706214857,373.620132351101,3.89297705845411
230.290791175128,416.056692470812,3.91029724712965
426.744194358703,13.7672641667366,3.4409984363825
360.377458499323,293.567807863833,3.2201634141572
606.11370761826,105.428541357761,4.26039488087277
391.687429602158,228.975324418413,4.16919611187679
567.679293547721,411.598403052913,4.72947897279879
143.883260629798,281.103455171825,4.48786842425318
201.039146084218,369.799856390438,4.13008686537455
125.184182926131,410.124564521505,3.44177824323625
624.500487632404,313.655117154774,4.48916229856848
1.27575620471099,148.186067665583,4.25391854018413
538.924103474034,201.255069591977,4.3337402591201
33.1360663422036,492.310502535384,3.05879355197014
277.620231244378,19.8139986486805,3.94214280796689
532.972663423473,394.133006373757,3.42530048312714
77.1975139229,85.6356920196865,5.3245295882072
8.28419965231097,77.4407350163632,3.52203679685856
590.20234636028,226.577448441084,4.04376369494855
443.274072169509,457.177139236958,4.71183260690459
660.659099803353,372.92613406872,2.88077521164715
105.662662942688,492.716385058987,4.44946203133317
625.996500223267,91.5787187578456,4.04339606591378
421.862732327307,257.169729524864,3.69125990884832
11.467847644594,178.592610084928,3.25535105270699
53.3240867441575,119.410762736862,4.37707298537636
614.440646391552,212.136350506849,4.4718851674878
253.722296596939,218.704497375506,3.99096609623573
564.492438069953,428.984881682867,3.83370544017054
292.347431597087,138.090345074747,3.79061459129038
529.052334298254,453.285680345491,3.87812618130659
46.9556566732316,418.69996746472,3.58324921567333
193.062182011084,294.224694298386,3.62192731650172
556.531284989321,266.462026589497,3.70944673325058
181.799325310675,40.9351186046113,4.32364715590033
503.525848469711,337.968436650953,4.31432308800837
40.479224021531,49.3868583039383,3.71295112949887
527.187558892937,147.161152566935,4.948316147435
NA,NA,NA
665.250685497464,335.29688278457,3.50024953783183
455.425229072572,296.73078264656,3.39086805232324
13.9643062856102,495.467162598547,3.66650692536641
560.589192755637,48.1681046445789,4.14692349851962
72.4075706214857,373.620132351101,3.89297705845411
230.290791175128,416.056692470812,3.91029724712965
426.744194358703,13.7672641667366,3.4409984363825
360.377458499323,293.567807863833,3.2201634141572
606.11370761826,105.428541357761,4.26039488087277
391.687429602158,228.975324418413,4.16919611187679
567.679293547721,411.598403052913,4.72947897279879
143.883260629798,281.103455171825,4.48786842425318
201.039146084218,369.799856390438,4.13008686537455
125.184182926131,410.124564521505,3.44177824323625
624.500487632404,313.655117154774,4.48916229856848
1.27575620471099,148.186067665583,4.25391854018413
538.924103474034,201.255069591977,4.3337402591201
33.1360663422036,492.310502535384,3.05879355197014
277.620231244378,19.8139986486805,3.94214280796689
532.972663423473,394.133006373757,3.42530048312714
77.1975139229,85.6356920196865,5.3245295882072
8.28419965231097,77.4407350163632,3.52203679685856
590.20234636028,226.577448441084,4.04376369494855
443.274072169509,457.177139236958,4.71183260690459
660.659099803353,372.92613406872,2.88077521164715
105.662662942688,492.716385058987,4.44946203133317
625.996500223267,91.5787187578456,4.04339606591378
421.862732327307,257.169729524864,3.69125990884832
11.467847644594,178.592610084928,3.25535105270699
53.3240867441575,119.410762736862,4.37707298537636
614.440646391552,212.136350506849,4.4718851674878
253.722296596939,218.704497375506,3.99096609623573
564.492438069953,428.984881682867,3.83370544017054
292.347431597087,138.090345074747,3.79061459129038
529.052334298254,453.285680345491,3.87812618130659
46.9556566732316,418.69996746472,3.58324921567333
193.062182011084,294.224694298386,3.62192731650172
556.531284989321,266.462026589497,3.70944673325058
181.799325310675,40.9351186046113,4.32364715590033
503.525848469711,337.968436650953,4.31432308800837
40.479224021531,49.3868583039383,3.71295112949887
527.187558892937,147.161152566935,4.948316147435
NA,NA,NA
665.250685497464,335.29688278457,3.50024953783183
455.425229072572,296.73078264656,3.39086805232324
13.9643062856102,495.467162598547,3.66650692536641
560.589192755637,48.1681046445789,4.14692349851962
72.4075706214857,373.620132351101,3.89297705845411
230.290791175128,416.056692470812,3.91029724712965
426.744194358703,13.7672641667366,3.4409984363825
360.377458499323,293.567807863833,3.2201634141572
606.11370761826,105.428541357761,4.26039488087277
391.687429602158,228.975324418413,4.16919611187679
567.679293547721,411.598403052913,4.72947897279879
143.883260629798,281.103455171825,4.48786842425318
201.039146084218,369.799856390438,4.13008686537455
125.184182926131,410.124564521505,3.44177824323625
624.500487632404,313.655117154774,4.48916229856848
1.27575620471099,148.186067665583,4.25391854018413
538.924103474034,201.255069591977,4.3337402591201
33.1360663422036,492.310502535384,3.05879355197014
277.620231244378,19.8139986486805,3.94214280796689
532.972663423473,394.133006373757,3.42530048312714
77.1975139229,85.6356920196865,5.3245295882072
8.28419965231097,77.4407350163632,3.52203679685856
590.20234636028,226.577448441084,4.04376369494855
443.274072169509,457.177139236958,4.71183260690459
660.659099803353,372.92613406872,2.88077521164715
105.662662942688,492.716385058987,4.44946203133317
625.996500223267,91.5787187578456,4.04339606591378
421.862732327307,257.169729524864,3.69125990884832
11.467847644594,178.592610084928,3.25535105270699
53.3240867441575,119.410762736862,4.37707298537636
614.440646391552,212.136350506849,4.4718851674878
253.722296596939,218.704497375506,3.99096609623573
564.492438069953,428.984881682867,3.83370544017054
292.347431597087,138.090345074747,3.79061459129038
529.052334298254,453.285680345491,3.87812618130659
46.9556566732316,418.69996746472,3.58324921567333
193.062182011084,294.224694298386,3.62192731650172
556.531284989321,266.462026589497,3.70944673325058
181.799325310675,40.9351186046113,4.32364715590033
503.525848469711,337.968436650953,4.31432308800837
40.479224021531,49.3868583039383,3.71295112949887
527.187558892937,147.161152566935,4.948316147435
NA,NA,NA
665.250685497464,335.29688278457,3.50024953783183
455.425229072572,296.73078264656,3.39086805232324
13.9643062856102,495.467162598547,3.66650692536641
560.589192755637,48.1681046445789,4.14692349851962
72.4075706214857,373.620132351101,3.89297705845411
230.290791175128,416.056692470812,3.91029724712965
426.744194358703,13.7672641667366,3.4409984363825
360.377458499323,293.567807863833,3.2201634141572
606.11370761826,105.428541357761,4.26039488087277
391.687429602158,228.975324418413,4.16919611187679
567.679293547721,411.598403052913,4.72947897279879
143.883260629798,281.103455171825,4.48786842425318
201.039146084218,369.799856390438,4.13008686537455
125.184182926131,410.124564521505,3.44177824323625
624.500487632404,313.655117154774,4.48916229856848
1.27575620471099,148.186067665583,4.25391854018413
538.924103474034,201.255069591977,4.3337402591201
33.1360663422036,492.310502535384,3.05879355197014
277.620231244378,19.8139986486805,3.94214280796689
532.972663423473,394.133006373757,3.42530048312714
77.1975139229,85.6356920196865,5.3245295882072
8.28419965231097,77.4407350163632,3.52203679685856
590.20234636028,226.577448441084,4.04376369494855
443.274072169509,457.177139236958,4.71183260690459
660.659099803353,372.92613406872,2.88077521164715
105.662662942688,492.716385058987,4.44946203133317
625.996500223267,91.5787187578456,4.04339606591378
421.862732327307,257.169729524864,3.69125990884832
11.467847644594,178.592610084928,3.25535105270699
53.3240867441575,119.410762736862,4.37707298537636
614.440646391552,212.136350506849,4.4718851674878
253.722296596939,218.704497375506,3.99096609623573
564.492438069953,428.984881682867,3.83370544017054
292.347431597087,138.090345074747,3.79061459129038
529.052334298254,453.285680345491,3.87812618130659
46.9556566732316,418.69996746472,3.58324921567333
193.062182011084,294.224694298386,3.62192731650172
556.531284989321,266.462026589497,3.70944673325058
181.799325310675,40.9351186046113,4.32364715590033
503.525848469711,337.968436650953,4.31432308800837
40.479224021531,49.3868583039383,3.71295112949887
527.187558892937,147.161152566935,4.948316147435
NA,NA,NA
665.250685497464,335.29688278457,3.50024953783183
455.425229072572,296.73078264656,3.39086805232324
13.9643062856102,495.467162598547,3.66650692536641
560.589192755637,48.1681046445789,4.14692349851962
72.4075706214857,373.620132351101,3.89297705845411
230.290791175128,416.056692470812,3.91029724712965
426.744194358703,13.7672641667366,3.4409984363825
360.377458499323,293.567807863833,3.2201634141572
606.11370761826,105.428541357761,4.26039488087277
391.687429602158,228.975324418413,4.16919611187679
567.679293547721,411.598403052913,4.72947897279879
143.883260629798,281.103455171825,4.48786842425318
201.039146084218,369.799856390438,4.13008686537455
125.184182926131,410.124564521505,3.44177824323625
624.500487632404,313.655117154774,4.48916229856848
1.27575620471099,148.186067665583,4.25391854018413
538.924103474034,201.255069591977,4.3337402591201
33.1360663422036,492.310502535384,3.05879355197014
277.620231244378,19.8139986486805,3.94214280796689
532.972663423473,394.133006373757,3.42530048312714
77.1975139229,85.6356920196865,5.3245295882072
8.28419965231097,77.4407350163632,3.52203679685856
590.20234636028,226.577448441084,4.04376369494855
443.274072169509,457.177139236958,4.71183260690459
660.659099803353,372.92613406872,2.88077521164715
105.662662942688,492.716385058987,4.44946203133317
625.996500223267,91.5787187578456,4.04339606591378
421.862732327307,257.169729524864,3.69125990884832
11.467847644594,178.592610084928,3.25535105270699
53.3240867441575,119.410762736862,4.37707298537636
614.440646391552,212.136350506849,4.4718851674878
253.722296596939,218.704497375506,3.99096609623573
564.492438069953,428.984881682867,3.83370544017054
292.347431597087,138.090345074747,3.79061459129038
529.052334298254,453.285680345491,3.87812618130659
46.9556566732316,418.69996746472,3.58324921567333
193.062182011084,294.224694298386,3.62192731650172
556.531284989321,266.462026589497,3.70944673325058
181.799325310675,40.9351186046113,4.32364715590033
503.525848469711,337.968436650953,4.31432308800837
40.479224021531,49.3868583039383,3.71295112949887
527.187558892937,147.161152566935,4.948316147435
NA,NA,NA
665.492593175926,335.713036873761,3.48639364905128
452.283979858529,297.727556181161,3.7336364830658
10.8930634539893,495.409715349871,3.57040392364606
558.629320316377,50.3868557165684,4.20382119286202
75.5669138508972,380.632719859799,4.02064178453929
229.4738057572,416.134289716276,3.82342201537416
426.260710853986,12.9551683934985,3.42134586040146
363.350429897756,292.671074355103,2.92173718494577
599.550520235623,104.598437978805,4.1649029632383
391.000441174615,236.985893991766,4.17848414499328
574.323376319621,419.866196368195,4.72205465711564
141.712287879279,275.573852127317,4.66678093843795
194.97214911787,370.65923941703,3.98649948775584
120.996364637149,409.020451517623,3.53579919298788
629.677073732687,315.558357884629,4.59253989292846
1.39611971735964,151.963021055171,4.23654545173765
539.570835841439,204.083088020204,4.26751304950309
33.7745765698877,491.385971498524,2.99988810932492
276.691033656597,27.6078560638615,3.85464554215532
534.21976575446,389.978753797886,3.3639948530576
68.4739894331793,68.7397663843146,5.0984372275143
7.10931635598138,74.0073088740618,3.49021070344967
585.420607894329,225.514603581019,4.0216270372832
443.735178403308,463.445753240749,4.75412653405992
661.309995303547,372.076515793855,2.94041475754588
101.22133258323,490.000004557405,4.36322352727247
624.623470334443,87.4550586374716,4.10638445341336
422.851947712612,257.219548196391,3.5667854964162
11.2837003963964,182.834689184054,3.45272474170425
73.6977710213755,115.985355014853,4.35721215073734
604.207187688394,199.514148160708,4.23279524046789
252.731012560349,220.406988588715,3.73868750613653
567.7369917562,435.88017110661,4.12317123312144
299.570356862951,138.837864653016,3.99813786825879
534.966217920154,457.048480593049,3.91982940077406
39.2597460414331,415.281944669324,3.71585302677559
211.266465263794,278.333588821567,3.93688801071527
553.989635775357,257.166288271363,3.74415073431471
176.96517496488,20.4231098357849,4.16419495126156
509.30495709475,335.038239015,4.23540853132135
24.0021088185496,62.6116003438548,4.61975736612144
536.829099431191,149.798269183374,4.82396822324698
NA,NA,NA
665.492593175926,335.713036873761,3.48639364905128
452.283979858529,297.727556181161,3.7336364830658
10.8930634539893,495.409715349871,3.57040392364606
558.629320316377,50.3868557165684,4.20382119286202
75.5669138508972,380.632719859799,4.02064178453929
229.4738057572,416.134289716276,3.82342201537416
426.260710853986,12.9551683934985,3.42134586040146
363.350429897756,292.671074355103,2.92173718494577
599.550520235623,104.598437978805,4.1649029632383
391.000441174615,236.985893991766,4.17848414499328
574.323376319621,419.866196368195,4.72205465711564
141.712287879279,275.573852127317,4.66678093843795
194.97214911787,370.65923941703,3.98649948775584
120.996364637149,409.020451517623,3.53579919298788
629.677073732687,315.558357884629,4.59253989292846
1.39611971735964,151.963021055171,4.23654545173765
539.570835841439,204.083088020204,4.26751304950309
33.7745765698877,491.385971498524,2.99988810932492
276.691033656597,27.6078560638615,3.85464554215532
534.21976575446,389.978753797886,3.3639948530576
68.4739894331793,68.7397663843146,5.0984372275143
7.10931635598138,74.0073088740618,3.49021070344967
585.420607894329,225.514603581019,4.0216270372832
443.735178403308,463.445753240749,4.75412653405992
661.309995303547,372.076515793855,2.94041475754588
101.22133258323,490.000004557405,4.36322352727247
624.623470334443,87.4550586374716,4.10638445341336
422.851947712612,257.219548196391,3.5667854964162
11.2837003963964,182.834689184054,3.45272474170425
73.6977710213755,115.985355014853,4.35721215073734
604.207187688394,199.514148160708,4.23279524046789
252.731012560349,220.406988588715,3.73868750613653
567.7369917562,435.88017110661,4.12317123312144
299.570356862951,138.837864653016,3.99813786825879
534.966217920154,457.048480593049,3.91982940077406
39.2597460414331,415.281944669324,3.71585302677559
211.266465263794,278.333588821567,3.93688801071527
553.989635775357,257.166288271363,3.74415073431471
176.96517496488,20.4231098357849,4.16419495126156
509.30495709475,335.038239015,4.23540853132135
24.0021088185496,62.6116003438548,4.61975736612144
536.829099431191,149.798269183374,4.82396822324698
NA,NA,NA
665.492593175926,335.713036873761,3.48639364905128
452.283979858529,297.727556181161,3.7336364830658
10.8930634539893,495.409715349871,3.57040392364606
558.629320316377,50.3868557165684,4.20382119286202
75.5669138508972,380.632719859799,4.02064178453929
229.4738057572,416.134289716276,3.82342201537416
426.260710853986,12.9551683934985,3.42134586040146
363.350429897756,292.671074355103,2.92173718494577
599.550520235623,104.598437978805,4.1649029632383
391.000441174615,236.985893991766,4.17848414499328
574.323376319621,419.866196368195,4.72205465711564
141.712287879279,275.573852127317,4.66678093843795
194.97214911787,370.65923941703,3.98649948775584
120.996364637149,409.020451517623,3.53579919298788
629.677073732687,315.558357884629,4.59253989292846
1.39611971735964,151.963021055171,4.23654545173765
539.570835841439,204.083088020204,4.26751304950309
33.7745765698877,491.385971498524,2.99988810932492
276.691033656597,27.6078560638615,3.85464554215532
534.21976575446,389.978753797886,3.3639948530576
68.4739894331793,68.7397663843146,5.0984372275143
7.10931635598138,74.0073088740618,3.49021070344967
585.420607894329,225.514603581019,4.0216270372832
443.735178403308,463.445753240749,4.75412653405992
661.309995303547,372.076515793855,2.94041475754588
101.22133258323,490.000004557405,4.36322352727247
624.623470334443,87.4550586374716,4.10638445341336
422.851947712612,257.219548196391,3.5667854964162
11.2837003963964,182.834689184054,3.45272474170425
73.6977710213755,115.985355014853,4.35721215073734
604.207187688394,199.514148160708,4.23279524046789
252.731012560349,220.406988588715,3.73868750613653
567.7369917562,435.88017110661,4.12317123312144
299.570356862951,138.837864653016,3.99813786825879
534.966217920154,457.048480593049,3.91982940077406
39.2597460414331,415.281944669324,3.71585302677559
211.266465263794,278.333588821567,3.93688801071527
553.989635775357,257.166288271363,3.74415073431471
176.96517496488,20.4231098357849,4.16419495126156
509.30495709475,335.038239015,4.23540853132135
24.0021088185496,62.6116003438548,4.61975736612144
536.829099431191,149.798269183374,4.82396822324698
NA,NA,NA
665.492593175926,335.713036873761,3.48639364905128
452.283979858529,297.727556181161,3.7336364830658
10.8930634539893,495.409715349871,3.57040392364606
558.629320316377,50.3868557165684,4.20382119286202
75.5669138508972,380.632719859799,4.02064178453929
229.4738057572,416.134289716276,3.82342201537416
426.260710853986,12.9551683934985,3.42134586040146
363.350429897756,292.671074355103,2.92173718494577
599.550520235623,104.598437978805,4.1649029632383
391.000441174615,236.985893991766,4.17848414499328
574.323376319621,419.866196368195,4.72205465711564
141.712287879279,275.573852127317,4.66678093843795
194.97214911787,370.65923941703,3.98649948775584
120.996364637149,409.020451517623,3.53579919298788
629.677073732687,315.558357884629,4.59253989292846
1.39611971735964,151.963021055171,4.23654545173765
539.570835841439,204.083088020204,4.26751304950309
33.7745765698877,491.385971498524,2.99988810932492
276.691033656597,27.6078560638615,3.85464554215532
534.21976575446,389.978753797886,3.3639948530576
68.4739894331793,68.7397663843146,5.0984372275143
7.10931635598138,74.0073088740618,3.49021070344967
585.420607894329,225.514603581019,4.0216270372832
443.735178403308,463.445753240749,4.75412653405992
661.309995303547,372.076515793855,2.94041475754588
101.22133258323,490.000004557405,4.36322352727247
624.623470334443,87.4550586374716,4.10638445341336
422.851947712612,257.219548196391,3.5667854964162
11.2837003963964,182.834689184054,3.45272474170425
73.6977710213755,115.985355014853,4.35721215073734
604.207187688394,199.514148160708,4.23279524046789
252.731012560349,220.406988588715,3.73868750613653
567.7369917562,435.88017110661,4.12317123312144
299.570356862951,138.837864653016,3.99813786825879
534.966217920154,457.048480593049,3.91982940077406
39.2597460414331,415.281944669324,3.71585302677559
211.266465263794,278.333588821567,3.93688801071527
553.989635775357,257.166288271363,3.74415073431471
176.96517496488,20.4231098357849,4.16419495126156
509.30495709475,335.038239015,4.23540853132135
24.0021088185496,62.6116003438548,4.61975736612144
536.829099431191,149.798269183374,4.82396822324698
NA,NA,NA
665.492593175926,335.713036873761,3.48639364905128
452.283979858529,297.727556181161,3.7336364830658
10.8930634539893,495.409715349871,3.57040392364606
558.629320316377,50.3868557165684,4.20382119286202
75.5669138508972,380.632719859799,4.02064178453929
229.4738057572,416.134289716276,3.82342201537416
426.260710853986,12.9551683934985,3.42134586040146
363.350429897756,292.671074355103,2.92173718494577
599.550520235623,104.598437978805,4.1649029632383
391.000441174615,236.985893991766,4.17848414499328
574.323376319621,419.866196368195,4.72205465711564
141.712287879279,275.573852127317,4.66678093843795
194.97214911787,370.65923941703,3.98649948775584
120.996364637149,409.020451517623,3.53579919298788
629.677073732687,315.558357884629,4.59253989292846
1.39611971735964,151.963021055171,4.23654545173765
539.570835841439,204.083088020204,4.26751304950309
33.7745765698877,491.385971498524,2.99988810932492
276.691033656597,27.6078560638615,3.85464554215532
534.21976575446,389.978753797886,3.3639948530576
68.4739894331793,68.7397663843146,5.0984372275143
7.10931635598138,74.0073088740618,3.49021070344967
585.420607894329,225.514603581019,4.0216270372832
443.735178403308,463.445753240749,4.75412653405992
661.309995303547,372.076515793855,2.94041475754588
101.22133258323,490.000004557405,4.36322352727247
624.623470334443,87.4550586374716,4.10638445341336
422.851947712612,257.219548196391,3.5667854964162
11.2837003963964,182.834689184054,3.45272474170425
73.6977710213755,115.985355014853,4.35721215073734
604.207187688394,199.514148160708,4.23279524046789
252.731012560349,220.406988588715,3.73868750613653
567.7369917562,435.88017110661,4.12317123312144
299.570356862951,138.837864653016,3.99813786825879
534.966217920154,457.048480593049,3.91982940077406
39.2597460414331,415.281944669324,3.71585302677559
211.266465263794,278.333588821567,3.93688801071527
553.989635775357,257.166288271363,3.74415073431471
176.96517496488,20.4231098357849,4.16419495126156
509.30495709475,335.038239015,4.23540853132135
24.0021088185496,62.6116003438548,4.61975736612144
536.829099431191,149.798269183374,4.82396822324698
NA,NA,NA
665.492593175926,335.713036873761,3.48639364905128
452.283979858529,297.727556181161,3.7336364830658
10.8930634539893,495.409715349871,3.57040392364606
558.629320316377,50.3868557165684,4.20382119286202
75.5669138508972,380.632719859799,4.02064178453929
229.4738057572,416.134289716276,3.82342201537416
426.260710853986,12.9551683934985,3.42134586040146
363.350429897756,292.671074355103,2.92173718494577
599.550520235623,104.598437978805,4.1649029632383
391.000441174615,236.985893991766,4.17848414499328
574.323376319621,419.866196368195,4.72205465711564
141.712287879279,275.573852127317,4.66678093843795
194.97214911787,370.65923941703,3.98649948775584
120.996364637149,409.020451517623,3.53579919298788
629.677073732687,315.558357884629,4.59253989292846
1.39611971735964,151.963021055171,4.23654545173765
539.570835841439,204.083088020204,4.26751304950309
33.7745765698877,491.385971498524,2.99988810932492
276.691033656597,27.6078560638615,3.85464554215532
534.21976575446,389.978753797886,3.3639948530576
68.4739894331793,68.7397663843146,5.0984372275143
7.10931635598138,74.0073088740618,3.49021070344967
585.420607894329,225.514603581019,4.0216270372832
443.735178403308,463.445753240749,4.75412653405992
661.309995303547,372.076515793855,2.94041475754588
101.22133258323,490.000004557405,4.36322352727247
624.623470334443,87.4550586374716,4.10638445341336
422.851947712612,257.219548196391,3.5667854964162
11.2837003963964,182.834689184054,3.45272474170425
73.6977710213755,115.985355014853,4.35721215073734
604.207187688394,199.514148160708,4.23279524046789
252.731012560349,220.406988588715,3.73868750613653
567.7369917562,435.88017110661,4.12317123312144
299.570356862951,138.837864653016,3.99813786825879
534.966217920154,457.048480593049,3.91982940077406
39.2597460414331,415.281944669324,3.71585302677559
211.266465263794,278.333588821567,3.93688801071527
553.989635775357,257.166288271363,3.74415073431471
176.96517496488,20.4231098357849,4.16419495126156
509.30495709475,335.038239015,4.23540853132135
24.0021088185496,62.6116003438548,4.61975736612144
536.829099431191,149.798269183374,4.82396822324698
NA,NA,NA
658.726386135028,333.048539314413,3.60895614316004
454.87126108884,299.024695213329,3.60209705169795
8.99827537719749,492.923219975007,3.54898656330585
562.455117994256,48.7616725132111,4.24370542276905
71.1353331503496,372.10184726003,3.99022720518918
229.413955730974,415.64888166316,3.92430847041158
430.257489836563,12.8258350066406,3.38727953721387
362.755457122807,295.447828924376,3.0126940841304
605.852189199686,105.656046370577,4.15802670655035
387.998702440163,226.543046092569,4.1315348787833
575.675818655791,408.675867228012,4.79549257116728
140.270251089292,279.896000953406,4.47326612581569
199.424042051447,368.631949412313,3.99030904158693
126.954540679931,413.597819933122,3.46257087136981
631.758025199159,312.990239757184,4.56847279545371
4.56040002592325,147.034628393406,4.34147277801691
547.101028387109,205.385754259825,4.00636493873342
34.5081465472829,489.922195785409,3.08314686053958
277.608357386938,20.2493150445495,3.86974744527727
533.568482624398,393.543164790478,3.37574623407397
76.0660407706574,74.6519155095026,5.19557318534241
3.04485786029007,76.4297781551821,3.47178540807785
589.600428417275,228.60165147509,4.06156597181628
441.258788302857,464.703585929787,4.62738186350073
658.5164934455,374.193307489478,3.19548438400494
108.086283982054,486.835551826629,4.34980211475183
626.858003919183,94.400772346374,4.06705999588045
418.736889284368,256.471976402549,3.7436238276095
9.64641933450742,182.400116510141,3.22706559680626
85.1938024573032,108.051040974295,4.47435485869237
612.50342271052,195.218750423451,4.420686102746
253.194438230466,230.792319985373,3.92243685517708
576.055172122491,435.406266263344,3.71115340206388
303.296402732146,129.149961324278,3.85206638711839
530.445716360257,449.484119991395,3.91952428630004
44.3890277884919,422.297840294205,4.07285438819981
203.667390965375,285.18312070459,4.03432884475207
553.175702021078,259.026893192845,3.72893178012337
178.573478057644,34.0432438043023,4.26712625851878
505.497481015564,341.173188345325,4.47645723531402
38.3057292896215,52.4730816228685,3.79936087544303
530.737507153368,160.463327920778,4.96592417121183
NA,NA,NA
658.726386135028,333.048539314413,3.60895614316004
454.87126108884,299.024695213329,3.60209705169795
8.99827537719749,492.923219975007,3.54898656330585
562.455117994256,48.7616725132111,4.24370542276905
71.1353331503496,372.10184726003,3.99022720518918
229.413955730974,415.64888166316,3.92430847041158
430.257489836563,12.8258350066406,3.38727953721387
362.755457122807,295.447828924376,3.0126940841304
605.852189199686,105.656046370577,4.15802670655035
387.998702440163,226.543046092569,4.1315348787833
575.675818655791,408.675867228012,4.79549257116728
140.270251089292,279.896000953406,4.47326612581569
199.424042051447,368.631949412313,3.99030904158693
126.954540679931,413.597819933122,3.46257087136981
631.758025199159,312.990239757184,4.56847279545371
4.56040002592325,147.034628393406,4.34147277801691
547.101028387109,205.385754259825,4.00636493873342
34.5081465472829,489.922195785409,3.08314686053958
277.608357386938,20.2493150445495,3.86974744527727
533.568482624398,393.543164790478,3.37574623407397
76.0660407706574,74.6519155095026,5.19557318534241
3.04485786029007,76.4297781551821,3.47178540807785
589.600428417275,228.60165147509,4.06156597181628
441.258788302857,464.703585929787,4.62738186350073
658.5164934455,374.193307489478,3.19548438400494
108.086283982054,486.835551826629,4.34980211475183
626.858003919183,94.400772346374,4.06705999588045
418.736889284368,256.471976402549,3.7436238276095
9.64641933450742,182.400116510141,3.22706559680626
85.1938024573032,108.051040974295,4.47435485869237
612.50342271052,195.218750423451,4.420686102746
253.194438230466,230.792319985373,3.92243685517708
576.055172122491,435.406266263344,3.71115340206388
303.296402732146,129.149961324278,3.85206638711839
530.445716360257,449.484119991395,3.91952428630004
44.3890277884919,422.297840294205,4.07285438819981
203.667390965375,285.18312070459,4.03432884475207
553.175702021078,259.026893192845,3.72893178012337
178.573478057644,34.0432438043023,4.26712625851878
505.497481015564,341.173188345325,4.47645723531402
38.3057292896215,52.4730816228685,3.79936087544303
530.737507153368,160.463327920778,4.96592417121183
NA,NA,NA
658.726386135028,333.048539314413,3.60895614316004
454.87126108884,299.024695213329,3.60209705169795
8.99827537719749,492.923219975007,3.54898656330585
562.455117994256,48.7616725132111,4.24370542276905
71.1353331503496,372.10184726003,3.99022720518918
229.413955730974,415.64888166316,3.92430847041158
430.257489836563,12.8258350066406,3.38727953721387
362.755457122807,295.447828924376,3.0126940841304
605.852189199686,105.656046370577,4.15802670655035
387.998702440163,226.543046092569,4.1315348787833
575.675818655791,408.675867228012,4.79549257116728
140.270251089292,279.896000953406,4.47326612581569
199.424042051447,368.631949412313,3.99030904158693
126.954540679931,413.597819933122,3.46257087136981
631.758025199159,312.990239757184,4.56847279545371
4.56040002592325,147.034628393406,4.34147277801691
547.101028387109,205.385754259825,4.00636493873342
34.5081465472829,489.922195785409,3.08314686053958
277.608357386938,20.2493150445495,3.86974744527727
533.568482624398,393.543164790478,3.37574623407397
76.0660407706574,74.6519155095026,5.19557318534241
3.04485786029007,76.4297781551821,3.47178540807785
589.600428417275,228.60165147509,4.06156597181628
441.258788302857,464.703585929787,4.62738186350073
658.5164934455,374.193307489478,3.19548438400494
108.086283982054,486.835551826629,4.34980211475183
626.858003919183,94.400772346374,4.06705999588045
418.736889284368,256.471976402549,3.7436238276095
9.64641933450742,182.400116510141,3.22706559680626
85.1938024573032,108.051040974295,4.47435485869237
612.50342271052,195.218750423451,4.420686102746
253.194438230466,230.792319985373,3.92243685517708
576.055172122491,435.406266263344,3.71115340206388
303.296402732146,129.149961324278,3.85206638711839
530.445716360257,449.484119991395,3.91952428630004
44.3890277884919,422.297840294205,4.07285438819981
203.667390965375,285.18312070459,4.03432884475207
553.175702021078,259.026893192845,3.72893178012337
178.573478057644,34.0432438043023,4.26712625851878
505.497481015564,341.173188345325,4.47645723531402
38.3057292896215,52.4730816228685,3.79936087544303
530.737507153368,160.463327920778,4.96592417121183
NA,NA,NA
658.726386135028,333.048539314413,3.60895614316004
454.87126108884,299.024695213329,3.60209705169795
8.99827537719749,492.923219975007,3.54898656330585
562.455117994256,48.7616725132111,4.24370542276905
71.1353331503496,372.10184726003,3.99022720518918
229.413955730974,415.64888166316,3.92430847041158
430.257489836563,12.8258350066406,3.38727953721387
362.755457122807,295.447828924376,3.0126940841304
605.852189199686,105.656046370577,4.15802670655035
387.998702440163,226.543046092569,4.1315348787833
575.675818655791,408.675867228012,4.79549257116728
140.270251089292,279.896000953406,4.47326612581569
199.424042051447,368.631949412313,3.99030904158693
126.954540679931,413.597819933122,3.46257087136981
631.758025199159,312.990239757184,4.56847279545371
4.56040002592325,147.034628393406,4.34147277801691
547.101028387109,205.385754259825,4.00636493873342
34.5081465472829,489.922195785409,3.08314686053958
277.608357386938,20.2493150445495,3.86974744527727
533.568482624398,393.543164790478,3.37574623407397
76.0660407706574,74.6519155095026,5.19557318534241
3.04485786029007,76.4297781551821,3.47178540807785
589.600428417275,228.60165147509,4.06156597181628
441.258788302857,464.703585929787,4.62738186350073
658.5164934455,374.193307489478,3.19548438400494
108.086283982054,486.835551826629,4.34980211475183
626.858003919183,94.400772346374,4.06705999588045
418.736889284368,256.471976402549,3.7436238276095
9.64641933450742,182.400116510141,3.22706559680626
85.1938024573032,108.051040974295,4.47435485869237
612.50342271052,195.218750423451,4.420686102746
253.194438230466,230.792319985373,3.92243685517708
576.055172122491,435.406266263344,3.71115340206388
303.296402732146,129.149961324278,3.85206638711839
530.445716360257,449.484119991395,3.91952428630004
44.3890277884919,422.297840294205,4.07285438819981
203.667390965375,285.18312070459,4.03432884475207
553.175702021078,259.026893192845,3.72893178012337
178.573478057644,34.0432438043023,4.26712625851878
505.497481015564,341.173188345325,4.47645723531402
38.3057292896215,52.4730816228685,3.79936087544303
530.737507153368,160.463327920778,4.96592417121183
NA,NA,NA
658.726386135028,333.048539314413,3.60895614316004
454.87126108884,299.024695213329,3.60209705169795
8.99827537719749,492.923219975007,3.54898656330585
562.455117994256,48.7616725132111,4.24370542276905
71.1353331503496,372.10184726003,3.99022720518918
229.413955730974,415.64888166316,3.92430847041158
430.257489836563,12.8258350066406,3.38727953721387
362.755457122807,295.447828924376,3.0126940841304
605.852189199686,105.656046370577,4.15802670655035
387.998702440163,226.543046092569,4.1315348787833
575.675818655791,408.675867228012,4.79549257116728
140.270251089292,279.896000953406,4.47326612581569
199.424042051447,368.631949412313,3.99030904158693
126.954540679931,413.597819933122,3.46257087136981
631.758025199159,312.990239757184,4.56847279545371
4.56040002592325,147.034628393406,4.34147277801691
547.101028387109,205.385754259825,4.00636493873342
34.5081465472829,489.922195785409,3.08314686053958
277.608357386938,20.2493150445495,3.86974744527727
533.568482624398,393.543164790478,3.37574623407397
76.0660407706574,74.6519155095026,5.19557318534241
3.04485786029007,76.4297781551821,3.47178540807785
589.600428417275,228.60165147509,4.06156597181628
441.258788302857,464.703585929787,4.62738186350073
658.5164934455,374.193307489478,3.19548438400494
108.086283982054,486.835551826629,4.34980211475183
626.858003919183,94.400772346374,4.06705999588045
418.736889284368,256.471976402549,3.7436238276095
9.64641933450742,182.400116510141,3.22706559680626
85.1938024573032,108.051040974295,4.47435485869237
612.50342271052,195.218750423451,4.420686102746
253.194438230466,230.792319985373,3.92243685517708
576.055172122491,435.406266263344,3.71115340206388
303.296402732146,129.149961324278,3.85206638711839
530.445716360257,449.484119991395,3.91952428630004
44.3890277884919,422.297840294205,4.07285438819981
203.667390965375,285.18312070459,4.03432884475207
553.175702021078,259.026893192845,3.72893178012337
178.573478057644,34.0432438043023,4.26712625851878
505.497481015564,341.173188345325,4.47645723531402
38.3057292896215,52.4730816228685,3.79936087544303
530.737507153368,160.463327920778,4.96592417121183
NA,NA,NA
658.726386135028,333.048539314413,3.60895614316004
454.87126108884,299.024695213329,3.60209705169795
8.99827537719749,492.923219975007,3.54898656330585
562.455117994256,48.7616725132111,4.24370542276905
71.1353331503496,372.10184726003,3.99022720518918
229.413955730974,415.64888166316,3.92430847041158
430.257489836563,12.8258350066406,3.38727953721387
362.755457122807,295.447828924376,3.0126940841304
605.852189199686,105.656046370577,4.15802670655035
387.998702440163,226.543046092569,4.1315348787833
575.675818655791,408.675867228012,4.79549257116728
140.270251089292,279.896000953406,4.47326612581569
199.424042051447,368.631949412313,3.99030904158693
126.954540679931,413.597819933122,3.46257087136981
631.758025199159,312.990239757184,4.56847279545371
4.56040002592325,147.034628393406,4.34147277801691
547.101028387109,205.385754259825,4.00636493873342
34.5081465472829,489.922195785409,3.08314686053958
277.608357386938,20.2493150445495,3.86974744527727
533.568482624398,393.543164790478,3.37574623407397
76.0660407706574,74.6519155095026,5.19557318534241
3.04485786029007,76.4297781551821,3.47178540807785
589.600428417275,228.60165147509,4.06156597181628
441.258788302857,464.703585929787,4.62738186350073
658.5164934455,374.193307489478,3.19548438400494
108.086283982054,486.835551826629,4.34980211475183
626.858003919183,94.400772346374,4.06705999588045
418.736889284368,256.471976402549,3.7436238276095
9.64641933450742,182.400116510141,3.22706559680626
85.1938024573032,108.051040974295,4.47435485869237
612.50342271052,195.218750423451,4.420686102746
253.194438230466,230.792319985373,3.92243685517708
576.055172122491,435.406266263344,3.71115340206388
303.296402732146,129.149961324278,3.85206638711839
530.445716360257,449.484119991395,3.91952428630004
44.3890277884919,422.297840294205,4.07285438819981
203.667390965375,285.18312070459,4.03432884475207
553.175702021078,259.026893192845,3.72893178012337
178.573478057644,34.0432438043023,4.26712625851878
505.497481015564,341.173188345325,4.47645723531402
38.3057292896215,52.4730816228685,3.79936087544303
530.737507153368,160.463327920778,4.96592417121183
NA,NA,NA
663.165999446955,337.212736577651,3.51667128732588
454.816860984095,299.129609378503,3.55476161530307
14.7121779081688,492.288146863826,3.45182778104659
561.129229234547,49.7758055505123,4.11447536493777
73.3918980174173,373.425331489708,3.89183663386415
225.515914660385,414.373465495445,3.89685121395163
426.307882993233,13.6765451777431,3.41852487261858
361.061506044802,292.563162085326,3.25079273854204
603.984104692556,107.548644551133,4.34395645893205
393.882457062877,228.376463550772,4.27789541233401
568.824447551782,414.870793487286,4.76279806186942
138.924029146419,291.571330441037,4.60032652440422
198.137137084694,364.831374076221,4.02570629104973
124.501325121452,409.007940547216,3.33603946286749
627.190503377556,306.598140855086,4.56075836809787
-1.3032376119416,150.835545207444,4.2560167661823
541.541696578258,203.763062897386,4.05071061686654
34.1273747814368,492.751474493107,3.07103324574392
279.794998542511,24.6400467722624,4.01515898410853
536.021001762554,394.885566980659,3.56122196996743
69.1282577126282,77.3736249988805,5.2083142278402
3.43629369158758,79.4106347502311,3.34844504316059
589.431460130027,223.945597525651,3.93460210680931
442.272112975463,453.535201624484,4.87386470559922
660.017120327338,372.776540252642,3.19849435812366
105.005465107954,490.643407595407,4.25860515133503
622.250899980648,91.2840002221338,4.02942751347395
418.74795055991,261.215314329335,3.6970679333409
11.2042434445146,180.753097994308,3.10510477897613
63.5017557760488,115.472936186452,4.44770745708862
620.48942972175,198.762956134909,4.25055466096269
260.182274109359,223.062555383998,3.90250676707015
569.173596363819,434.33781322942,3.76253984316088
295.612835739581,141.698017773595,3.76470621378237
524.965524768245,465.402799576321,3.62844266858527
37.6681301481721,421.927744785723,3.72204793430643
186.708236412243,285.91329544778,4.65378075561436
552.054269414986,254.089513614885,3.73784926390001
167.791630872606,35.7774620352308,4.26794483859485
510.047510135928,346.680844837717,4.59135914204959
31.3942969018656,52.8395280487469,3.94984831101972
534.552987457558,129.126791379711,4.60585759263399
NA,NA,NA
663.165999446955,337.212736577651,3.51667128732588
454.816860984095,299.129609378503,3.55476161530307
14.7121779081688,492.288146863826,3.45182778104659
561.129229234547,49.7758055505123,4.11447536493777
73.3918980174173,373.425331489708,3.89183663386415
225.515914660385,414.373465495445,3.89685121395163
426.307882993233,13.6765451777431,3.41852487261858
361.061506044802,292.563162085326,3.25079273854204
603.984104692556,107.548644551133,4.34395645893205
393.882457062877,228.376463550772,4.27789541233401
568.824447551782,414.870793487286,4.76279806186942
138.924029146419,291.571330441037,4.60032652440422
198.137137084694,364.831374076221,4.02570629104973
124.501325121452,409.007940547216,3.33603946286749
627.190503377556,306.598140855086,4.56075836809787
-1.3032376119416,150.835545207444,4.2560167661823
541.541696578258,203.763062897386,4.05071061686654
34.1273747814368,492.751474493107,3.07103324574392
279.794998542511,24.6400467722624,4.01515898410853
536.021001762554,394.885566980659,3.56122196996743
69.1282577126282,77.3736249988805,5.2083142278402
3.43629369158758,79.4106347502311,3.34844504316059
589.431460130027,223.945597525651,3.93460210680931
442.272112975463,453.535201624484,4.87386470559922
660.017120327338,372.776540252642,3.19849435812366
105.005465107954,490.643407595407,4.25860515133503
622.250899980648,91.2840002221338,4.02942751347395
418.74795055991,261.215314329335,3.6970679333409
11.2042434445146,180.753097994308,3.10510477897613
63.5017557760488,115.472936186452,4.44770745708862
620.48942972175,198.762956134909,4.25055466096269
260.182274109359,223.062555383998,3.90250676707015
569.173596363819,434.33781322942,3.76253984316088
295.612835739581,141.698017773595,3.76470621378237
524.965524768245,465.402799576321,3.62844266858527
37.6681301481721,421.927744785723,3.72204793430643
186.708236412243,285.91329544778,4.65378075561436
552.054269414986,254.089513614885,3.73784926390001
167.791630872606,35.7774620352308,4.26794483859485
510.047510135928,346.680844837717,4.59135914204959
31.3942969018656,52.8395280487469,3.94984831101972
534.552987457558,129.126791379711,4.60585759263399
NA,NA,NA
663.165999446955,337.212736577651,3.51667128732588
454.816860984095,299.129609378503,3.55476161530307
14.7121779081688,492.288146863826,3.45182778104659
561.129229234547,49.7758055505123,4.11447536493777
73.3918980174173,373.425331489708,3.89183663386415
225.515914660385,414.373465495445,3.89685121395163
426.307882993233,13.6765451777431,3.41852487261858
361.061506044802,292.563162085326,3.25079273854204
603.984104692556,107.548644551133,4.34395645893205
393.882457062877,228.376463550772,4.27789541233401
568.824447551782,414.870793487286,4.76279806186942
138.924029146419,291.571330441037,4.60032652440422
198.137137084694,364.831374076221,4.02570629104973
124.501325121452,409.007940547216,3.33603946286749
627.190503377556,306.598140855086,4.56075836809787
-1.3032376119416,150.835545207444,4.2560167661823
541.541696578258,203.763062897386,4.05071061686654
34.1273747814368,492.751474493107,3.07103324574392
279.794998542511,24.6400467722624,4.01515898410853
536.021001762554,394.885566980659,3.56122196996743
69.1282577126282,77.3736249988805,5.2083142278402
3.43629369158758,79.4106347502311,3.34844504316059
589.431460130027,223.945597525651,3.93460210680931
442.272112975463,453.535201624484,4.87386470559922
660.017120327338,372.776540252642,3.19849435812366
105.005465107954,490.643407595407,4.25860515133503
622.250899980648,91.2840002221338,4.02942751347395
418.74795055991,261.215314329335,3.6970679333409
11.2042434445146,180.753097994308,3.10510477897613
63.5017557760488,115.472936186452,4.44770745708862
620.48942972175,198.762956134909,4.25055466096269
260.182274109359,223.062555383998,3.90250676707015
569.173596363819,434.33781322942,3.76253984316088
295.612835739581,141.698017773595,3.76470621378237
524.965524768245,465.402799576321,3.62844266858527
37.6681301481721,421.927744785723,3.72204793430643
186.708236412243,285.91329544778,4.65378075561436
552.054269414986,254.089513614885,3.73784926390001
167.791630872606,35.7774620352308,4.26794483859485
510.047510135928,346.680844837717,4.59135914204959
31.3942969018656,52.8395280487469,3.94984831101972
534.552987457558,129.126791379711,4.60585759263399
NA,NA,NA
663.165999446955,337.212736577651,3.51667128732588
454.816860984095,299.129609378503,3.55476161530307
14.7121779081688,492.288146863826,3.45182778104659
561.129229234547,49.7758055505123,4.11447536493777
73.3918980174173,373.425331489708,3.89183663386415
225.515914660385,414.373465495445,3.89685121395163
426.307882993233,13.6765451777431,3.41852487261858
361.061506044802,292.563162085326,3.25079273854204
603.984104692556,107.548644551133,4.34395645893205
393.882457062877,228.376463550772,4.27789541233401
568.824447551782,414.870793487286,4.76279806186942
138.924029146419,291.571330441037,4.60032652440422
198.137137084694,364.831374076221,4.02570629104973
124.501325121452,409.007940547216,3.33603946286749
627.190503377556,306.598140855086,4.56075836809787
-1.3032376119416,150.835545207444,4.2560167661823
541.541696578258,203.763062897386,4.05071061686654
34.1273747814368,492.751474493107,3.07103324574392
279.794998542511,24.6400467722624,4.01515898410853
536.021001762554,394.885566980659,3.56122196996743
69.1282577126282,77.3736249988805,5.2083142278402
3.43629369158758,79.4106347502311,3.34844504316059
589.431460130027,223.945597525651,3.93460210680931
442.272112975463,453.535201624484,4.87386470559922
660.017120327338,372.776540252642,3.19849435812366
105.005465107954,490.643407595407,4.25860515133503
622.250899980648,91.2840002221338,4.02942751347395
418.74795055991,261.215314329335,3.6970679333409
11.2042434445146,180.753097994308,3.10510477897613
63.5017557760488,115.472936186452,4.44770745708862
620.48942972175,198.762956134909,4.25055466096269
260.182274109359,223.062555383998,3.90250676707015
569.173596363819,434.33781322942,3.76253984316088
295.612835739581,141.698017773595,3.76470621378237
524.965524768245,465.402799576321,3.62844266858527
37.6681301481721,421.927744785723,3.72204793430643
186.708236412243,285.91329544778,4.65378075561436
552.054269414986,254.089513614885,3.73784926390001
167.791630872606,35.7774620352308,4.26794483859485
510.047510135928,346.680844837717,4.59135914204959
31.3942969018656,52.8395280487469,3.94984831101972
534.552987457558,129.126791379711,4.60585759263399
NA,NA,NA
663.165999446955,337.212736577651,3.51667128732588
454.816860984095,299.129609378503,3.55476161530307
14.7121779081688,492.288146863826,3.45182778104659
561.129229234547,49.7758055505123,4.11447536493777
73.3918980174173,373.425331489708,3.89183663386415
225.515914660385,414.373465495445,3.89685121395163
426.307882993233,13.6765451777431,3.41852487261858
361.061506044802,292.563162085326,3.25079273854204
603.984104692556,107.548644551133,4.34395645893205
393.882457062877,228.376463550772,4.27789541233401
568.824447551782,414.870793487286,4.76279806186942
138.924029146419,291.571330441037,4.60032652440422
198.137137084694,364.831374076221,4.02570629104973
124.501325121452,409.007940547216,3.33603946286749
627.190503377556,306.598140855086,4.56075836809787
-1.3032376119416,150.835545207444,4.2560167661823
541.541696578258,203.763062897386,4.05071061686654
34.1273747814368,492.751474493107,3.07103324574392
279.794998542511,24.6400467722624,4.01515898410853
536.021001762554,394.885566980659,3.56122196996743
69.1282577126282,77.3736249988805,5.2083142278402
3.43629369158758,79.4106347502311,3.34844504316059
589.431460130027,223.945597525651,3.93460210680931
442.272112975463,453.535201624484,4.87386470559922
660.017120327338,372.776540252642,3.19849435812366
105.005465107954,490.643407595407,4.25860515133503
622.250899980648,91.2840002221338,4.02942751347395
418.74795055991,261.215314329335,3.6970679333409
11.2042434445146,180.753097994308,3.10510477897613
63.5017557760488,115.472936186452,4.44770745708862
620.48942972175,198.762956134909,4.25055466096269
260.182274109359,223.062555383998,3.90250676707015
569.173596363819,434.33781322942,3.76253984316088
295.612835739581,141.698017773595,3.76470621378237
524.965524768245,465.402799576321,3.62844266858527
37.6681301481721,421.927744785723,3.72204793430643
186.708236412243,285.91329544778,4.65378075561436
552.054269414986,254.089513614885,3.73784926390001
167.791630872606,35.7774620352308,4.26794483859485
510.047510135928,346.680844837717,4.59135914204959
31.3942969018656,52.8395280487469,3.94984831101972
534.552987457558,129.126791379711,4.60585759263399
NA,NA,NA
663.165999446955,337.212736577651,3.51667128732588
454.816860984095,299.129609378503,3.55476161530307
14.7121779081688,492.288146863826,3.45182778104659
561.129229234547,49.7758055505123,4.11447536493777
73.3918980174173,373.425331489708,3.89183663386415
225.515914660385,414.373465495445,3.89685121395163
426.307882993233,13.6765451777431,3.41852487261858
361.061506044802,292.563162085326,3.25079273854204
603.984104692556,107.548644551133,4.34395645893205
393.882457062877,228.376463550772,4.27789541233401
568.824447551782,414.870793487286,4.76279806186942
138.924029146419,291.571330441037,4.60032652440422
198.137137084694,364.831374076221,4.02570629104973
124.501325121452,409.007940547216,3.33603946286749
627.190503377556,306.598140855086,4.56075836809787
-1.3032376119416,150.835545207444,4.2560167661823
541.541696578258,203.763062897386,4.05071061686654
34.1273747814368,492.751474493107,3.07103324574392
279.794998542511,24.6400467722624,4.01515898410853
536.021001762554,394.885566980659,3.56122196996743
69.1282577126282,77.3736249988805,5.2083142278402
3.43629369158758,79.4106347502311,3.34844504316059
589.431460130027,223.945597525651,3.93460210680931
442.272112975463,453.535201624484,4.87386470559922
660.017120327338,372.776540252642,3.19849435812366
105.005465107954,490.643407595407,4.25860515133503
622.250899980648,91.2840002221338,4.02942751347395
418.74795055991,261.215314329335,3.6970679333409
11.2042434445146,180.753097994308,3.10510477897613
63.5017557760488,115.472936186452,4.44770745708862
620.48942972175,198.762956134909,4.25055466096269
260.182274109359,223.062555383998,3.90250676707015
569.173596363819,434.33781322942,3.76253984316088
295.612835739581,141.698017773595,3.76470621378237
524.965524768245,465.402799576321,3.62844266858527
37.6681301481721,421.927744785723,3.72204793430643
186.708236412243,285.91329544778,4.65378075561436
552.054269414986,254.089513614885,3.73784926390001
167.791630872606,35.7774620352308,4.26794483859485
510.047510135928,346.680844837717,4.59135914204959
31.3942969018656,52.8395280487469,3.94984831101972
534.552987457558,129.126791379711,4.60585759263399
NA,NA,NA
660.918708834491,334.530348690424,3.43890107198966
457.538780404091,297.132818562491,3.78889943317683
9.1206670172619,498.300962914569,3.48793392535417
565.160983703485,52.7441843814654,4.2218080961391
67.8283323560626,381.252359650013,3.95466733460733
228.542389921783,413.226017971292,3.95048880534741
429.548515237497,12.8458184383323,3.34542195086947
364.329269007097,293.82489366969,3.13167227193305
602.693967005191,102.724991553966,4.25374287298226
392.346378864464,228.180651299824,4.28679368171295
570.206332662732,407.477051800953,4.72724391584075
140.553039799509,283.231096982769,4.66363816972676
198.075413576137,366.153601865378,4.01660383137259
127.931096402868,409.93921996,3.4427929231265
625.496940862291,312.302218695263,4.57153614745335
-6.30352541182493,147.881854133952,4.24330278665103
543.373496679634,203.500514698688,4.19325592132856
35.8252792734489,493.947165455908,3.13515832184082
279.751396354707,26.7911109504913,3.86633293514593
535.088245689056,390.880297368471,3.49630641509695
79.4201036553096,71.9864449172256,5.17042912569154
3.10263995090792,79.2928124587971,3.54573698723354
586.723534447332,225.675926914183,4.04306283632262
443.343230979557,460.422386964957,4.8749953922765
661.170561632671,372.537230093463,2.86423766860835
102.325616807674,491.816287359369,4.36586714654306
620.180787031015,85.9556860244135,4.12196823718493
419.618001175304,258.249947690552,3.59073444504709
11.3827224322847,183.926401298565,3.09684863329896
67.90334034126,110.095331539278,4.61886432479202
609.589589254004,207.232107878612,4.45822724477949
256.349073814976,218.036454937659,3.78660504913619
575.704951500138,443.039052980745,3.88136299714172
304.938071725686,141.631286724987,3.92872400637846
530.359366236797,459.207034890284,3.60204174101042
48.128241466617,414.736982963428,4.12908284411515
187.982547386602,289.961308260082,3.87346397641786
547.350716779236,266.360644507498,3.77482896386449
177.135463143488,38.3700098895259,4.44911083483632
501.889583588294,344.443079812954,4.3530214613645
31.3431199954209,56.48075601297,3.94727210678697
514.02531997969,147.847655105895,4.58523288852377
NA,NA,NA
660.918708834491,334.530348690424,3.43890107198966
457.538780404091,297.132818562491,3.78889943317683
9.1206670172619,498.300962914569,3.48793392535417
565.160983703485,52.7441843814654,4.2218080961391
67.8283323560626,381.252359650013,3.95466733460733
228.542389921783,413.226017971292,3.95048880534741
429.548515237497,12.8458184383323,3.34542195086947
364.329269007097,293.82489366969,3.13167227193305
602.693967005191,102.724991553966,4.25374287298226
392.346378864464,228.180651299824,4.28679368171295
570.206332662732,407.477051800953,4.72724391584075
140.553039799509,283.231096982769,4.66363816972676
198.075413576137,366.153601865378,4.01660383137259
127.931096402868,409.93921996,3.4427929231265
625.496940862291,312.302218695263,4.57153614745335
-6.30352541182493,147.881854133952,4.24330278665103
543.373496679634,203.500514698688,4.19325592132856
35.8252792734489,493.947165455908,3.13515832184082
279.751396354707,26.7911109504913,3.86633293514593
535.088245689056,390.880297368471,3.49630641509695
79.4201036553096,71.9864449172256,5.17042912569154
3.10263995090792,79.2928124587971,3.54573698723354
586.723534447332,225.675926914183,4.04306283632262
443.343230979557,460.422386964957,4.8749953922765
661.170561632671,372.537230093463,2.86423766860835
102.325616807674,491.816287359369,4.36586714654306
620.180787031015,85.9556860244135,4.12196823718493
419.618001175304,258.249947690552,3.59073444504709
11.3827224322847,183.926401298565,3.09684863329896
67.90334034126,110.095331539278,4.61886432479202
609.589589254004,207.232107878612,4.45822724477949
256.349073814976,218.036454937659,3.78660504913619
575.704951500138,443.039052980745,3.88136299714172
304.938071725686,141.631286724987,3.92872400637846
530.359366236797,459.207034890284,3.60204174101042
48.128241466617,414.736982963428,4.12908284411515
187.982547386602,289.961308260082,3.87346397641786
547.350716779236,266.360644507498,3.77482896386449
177.135463143488,38.3700098895259,4.44911083483632
501.889583588294,344.443079812954,4.3530214613645
31.3431199954209,56.48075601297,3.94727210678697
514.02531997969,147.847655105895,4.58523288852377
NA,NA,NA
660.918708834491,334.530348690424,3.43890107198966
457.538780404091,297.132818562491,3.78889943317683
9.1206670172619,498.300962914569,3.48793392535417
565.160983703485,52.7441843814654,4.2218080961391
67.8283323560626,381.252359650013,3.95466733460733
228.542389921783,413.226017971292,3.95048880534741
429.548515237497,12.8458184383323,3.34542195086947
364.329269007097,293.82489366969,3.13167227193305
602.693967005191,102.724991553966,4.25374287298226
392.346378864464,228.180651299824,4.28679368171295
570.206332662732,407.477051800953,4.72724391584075
140.553039799509,283.231096982769,4.66363816972676
198.075413576137,366.153601865378,4.01660383137259
127.931096402868,409.93921996,3.4427929231265
625.496940862291,312.302218695263,4.57153614745335
-6.30352541182493,147.881854133952,4.24330278665103
543.373496679634,203.500514698688,4.19325592132856
35.8252792734489,493.947165455908,3.13515832184082
279.751396354707,26.7911109504913,3.86633293514593
535.088245689056,390.880297368471,3.49630641509695
79.4201036553096,71.9864449172256,5.17042912569154
3.10263995090792,79.2928124587971,3.54573698723354
586.723534447332,225.675926914183,4.04306283632262
443.343230979557,460.422386964957,4.8749953922765
661.170561632671,372.537230093463,2.86423766860835
102.325616807674,491.816287359369,4.36586714654306
620.180787031015,85.9556860244135,4.12196823718493
419.618001175304,258.249947690552,3.59073444504709
11.3827224322847,183.926401298565,3.09684863329896
67.90334034126,110.095331539278,4.61886432479202
609.589589254004,207.232107878612,4.45822724477949
256.349073814976,218.036454937659,3.78660504913619
575.704951500138,443.039052980745,3.88136299714172
304.938071725686,141.631286724987,3.92872400637846
530.359366236797,459.207034890284,3.60204174101042
48.128241466617,414.736982963428,4.12908284411515
187.982547386602,289.961308260082,3.87346397641786
547.350716779236,266.360644507498,3.77482896386449
177.135463143488,38.3700098895259,4.44911083483632
501.889583588294,344.443079812954,4.3530214613645
31.3431199954209,56.48075601297,3.94727210678697
514.02531997969,147.847655105895,4.58523288852377
NA,NA,NA
660.918708834491,334.530348690424,3.43890107198966
457.538780404091,297.132818562491,3.78889943317683
9.1206670172619,498.300962914569,3.48793392535417
565.160983703485,52.7441843814654,4.2218080961391
67.8283323560626,381.252359650013,3.95466733460733
228.542389921783,413.226017971292,3.95048880534741
429.548515237497,12.8458184383323,3.34542195086947
364.329269007097,293.82489366969,3.13167227193305
602.693967005191,102.724991553966,4.25374287298226
392.346378864464,228.180651299824,4.28679368171295
570.206332662732,407.477051800953,4.72724391584075
140.553039799509,283.231096982769,4.66363816972676
198.075413576137,366.153601865378,4.01660383137259
127.931096402868,409.93921996,3.4427929231265
625.496940862291,312.302218695263,4.57153614745335
-6.30352541182493,147.881854133952,4.24330278665103
543.373496679634,203.500514698688,4.19325592132856
35.8252792734489,493.947165455908,3.13515832184082
279.751396354707,26.7911109504913,3.86633293514593
535.088245689056,390.880297368471,3.49630641509695
79.4201036553096,71.9864449172256,5.17042912569154
3.10263995090792,79.2928124587971,3.54573698723354
586.723534447332,225.675926914183,4.04306283632262
443.343230979557,460.422386964957,4.8749953922765
661.170561632671,372.537230093463,2.86423766860835
102.325616807674,491.816287359369,4.36586714654306
620.180787031015,85.9556860244135,4.12196823718493
419.618001175304,258.249947690552,3.59073444504709
11.3827224322847,183.926401298565,3.09684863329896
67.90334034126,110.095331539278,4.61886432479202
609.589589254004,207.232107878612,4.45822724477949
256.349073814976,218.036454937659,3.78660504913619
575.704951500138,443.039052980745,3.88136299714172
304.938071725686,141.631286724987,3.92872400637846
530.359366236797,459.207034890284,3.60204174101042
48.128241466617,414.736982963428,4.12908284411515
187.982547386602,289.961308260082,3.87346397641786
547.350716779236,266.360644507498,3.77482896386449
177.135463143488,38.3700098895259,4.44911083483632
501.889583588294,344.443079812954,4.3530214613645
31.3431199954209,56.48075601297,3.94727210678697
514.02531997969,147.847655105895,4.58523288852377
NA,NA,NA
660.918708834491,334.530348690424,3.43890107198966
457.538780404091,297.132818562491,3.78889943317683
9.1206670172619,498.300962914569,3.48793392535417
565.160983703485,52.7441843814654,4.2218080961391
67.8283323560626,381.252359650013,3.95466733460733
228.542389921783,413.226017971292,3.95048880534741
429.548515237497,12.8458184383323,3.34542195086947
364.329269007097,293.82489366969,3.13167227193305
602.693967005191,102.724991553966,4.25374287298226
392.346378864464,228.180651299824,4.28679368171295
570.206332662732,407.477051800953,4.72724391584075
140.553039799509,283.231096982769,4.66363816972676
198.075413576137,366.153601865378,4.01660383137259
127.931096402868,409.93921996,3.4427929231265
625.496940862291,312.302218695263,4.57153614745335
-6.30352541182493,147.881854133952,4.24330278665103
543.373496679634,203.500514698688,4.19325592132856
35.8252792734489,493.947165455908,3.13515832184082
279.751396354707,26.7911109504913,3.86633293514593
535.088245689056,390.880297368471,3.49630641509695
79.4201036553096,71.9864449172256,5.17042912569154
3.10263995090792,79.2928124587971,3.54573698723354
586.723534447332,225.675926914183,4.04306283632262
443.343230979557,460.422386964957,4.8749953922765
661.170561632671,372.537230093463,2.86423766860835
102.325616807674,491.816287359369,4.36586714654306
620.180787031015,85.9556860244135,4.12196823718493
419.618001175304,258.249947690552,3.59073444504709
11.3827224322847,183.926401298565,3.09684863329896
67.90334034126,110.095331539278,4.61886432479202
609.589589254004,207.232107878612,4.45822724477949
256.349073814976,218.036454937659,3.78660504913619
575.704951500138,443.039052980745,3.88136299714172
304.938071725686,141.631286724987,3.92872400637846
530.359366236797,459.207034890284,3.60204174101042
48.128241466617,414.736982963428,4.12908284411515
187.982547386602,289.961308260082,3.87346397641786
547.350716779236,266.360644507498,3.77482896386449
177.135463143488,38.3700098895259,4.44911083483632
501.889583588294,344.443079812954,4.3530214613645
31.3431199954209,56.48075601297,3.94727210678697
514.02531997969,147.847655105895,4.58523288852377
NA,NA,NA
660.918708834491,334.530348690424,3.43890107198966
457.538780404091,297.132818562491,3.78889943317683
9.1206670172619,498.300962914569,3.48793392535417
565.160983703485,52.7441843814654,4.2218080961391
67.8283323560626,381.252359650013,3.95466733460733
228.542389921783,413.226017971292,3.95048880534741
429.548515237497,12.8458184383323,3.34542195086947
364.329269007097,293.82489366969,3.13167227193305
602.693967005191,102.724991553966,4.25374287298226
392.346378864464,228.180651299824,4.28679368171295
570.206332662732,407.477051800953,4.72724391584075
140.553039799509,283.231096982769,4.66363816972676
198.075413576137,366.153601865378,4.01660383137259
127.931096402868,409.93921996,3.4427929231265
625.496940862291,312.302218695263,4.57153614745335
-6.30352541182493,147.881854133952,4.24330278665103
543.373496679634,203.500514698688,4.19325592132856
35.8252792734489,493.947165455908,3.13515832184082
279.751396354707,26.7911109504913,3.86633293514593
535.088245689056,390.880297368471,3.49630641509695
79.4201036553096,71.9864449172256,5.17042912569154
3.10263995090792,79.2928124587971,3.54573698723354
586.723534447332,225.675926914183,4.04306283632262
443.343230979557,460.422386964957,4.8749953922765
661.170561632671,372.537230093463,2.86423766860835
102.325616807674,491.816287359369,4.36586714654306
620.180787031015,85.9556860244135,4.12196823718493
419.618001175304,258.249947690552,3.59073444504709
11.3827224322847,183.926401298565,3.09684863329896
67.90334034126,110.095331539278,4.61886432479202
609.589589254004,207.232107878612,4.45822724477949
256.349073814976,218.036454937659,3.78660504913619
575.704951500138,443.039052980745,3.88136299714172
304.938071725686,141.631286724987,3.92872400637846
530.359366236797,459.207034890284,3.60204174101042
48.128241466617,414.736982963428,4.12908284411515
187.982547386602,289.961308260082,3.87346397641786
547.350716779236,266.360644507498,3.77482896386449
177.135463143488,38.3700098895259,4.44911083483632
501.889583588294,344.443079812954,4.3530214613645
31.3431199954209,56.48075601297,3.94727210678697
514.02531997969,147.847655105895,4.58523288852377
NA,NA,NA
662.11053085641,333.269357666724,3.50008819126657
458.390971293898,298.72006869932,3.54897234288562
7.95232339978701,497.59818936955,3.60465618669104
561.270246942321,51.900564749244,4.22149240358108
76.5837568653367,374.185223340321,3.9192852053464
221.622170587386,414.792905411184,3.97694436837226
428.801608229301,10.9992112863844,3.4117844563786
364.786033264598,292.975150785239,3.07032639609776
607.36693031502,105.612776219883,4.12303696852661
395.629398645062,227.402492110765,4.13941636598485
564.047706144916,415.473779932165,4.73221181905016
142.902712843688,280.021920127643,4.49713696180504
195.467293269398,369.814927123009,4.02132462197642
125.498800026164,412.70481094844,3.39494904234375
629.487738918742,311.119982744568,4.49224277211021
0.0811452920123092,148.956335159771,4.25004381133173
540.473596533439,202.007728587002,4.24069393844855
33.4429662229819,491.512106955753,3.03913642190051
277.228809410323,23.1799875685684,3.69528137459186
531.71870895676,395.083511742473,3.42870227464169
77.8279260257576,81.5648181704992,5.26159934009449
7.73361998063217,77.9590082952691,3.54261991930526
588.468778937286,227.870744654466,4.0551741528494
438.323352407032,457.183718488031,4.85052815823747
660.041901614837,375.210300724946,3.0461322875522
104.72597256771,491.026888960034,4.41993949572493
629.607759505412,82.70986885633,4.04063023918921
420.160133793358,259.447934024718,3.66854935677031
11.934958318576,181.803422466516,3.08119050081223
57.8023124298825,112.595062815846,4.36201837575022
627.518135529513,203.370403057337,4.3960917617507
258.014946363927,216.781391318873,3.91298047249317
569.835509964549,443.005464902758,3.90880439703989
304.283680638205,138.955452132872,4.12493535040406
533.058955754014,459.720863592879,3.86778243233046
37.6852237230217,427.006259072525,4.00067484924458
200.056185462992,279.791404439913,4.33230434239646
560.42067035795,258.250355704575,3.70650851335895
189.307877705569,29.8254932809437,4.0407115999874
496.6671780133,349.132783573926,4.5102661058075
36.9472779016467,54.2988676398627,3.96374091886669
527.745415676658,146.151191569823,4.60638678126937
NA,NA,NA
662.11053085641,333.269357666724,3.50008819126657
458.390971293898,298.72006869932,3.54897234288562
7.95232339978701,497.59818936955,3.60465618669104
561.270246942321,51.900564749244,4.22149240358108
76.5837568653367,374.185223340321,3.9192852053464
221.622170587386,414.792905411184,3.97694436837226
428.801608229301,10.9992112863844,3.4117844563786
364.786033264598,292.975150785239,3.07032639609776
607.36693031502,105.612776219883,4.12303696852661
395.629398645062,227.402492110765,4.13941636598485
564.047706144916,415.473779932165,4.73221181905016
142.902712843688,280.021920127643,4.49713696180504
195.467293269398,369.814927123009,4.02132462197642
125.498800026164,412.70481094844,3.39494904234375
629.487738918742,311.119982744568,4.49224277211021
0.0811452920123092,148.956335159771,4.25004381133173
540.473596533439,202.007728587002,4.24069393844855
33.4429662229819,491.512106955753,3.03913642190051
277.228809410323,23.1799875685684,3.69528137459186
531.71870895676,395.083511742473,3.42870227464169
77.8279260257576,81.5648181704992,5.26159934009449
7.73361998063217,77.9590082952691,3.54261991930526
588.468778937286,227.870744654466,4.0551741528494
438.323352407032,457.183718488031,4.85052815823747
660.041901614837,375.210300724946,3.0461322875522
104.72597256771,491.026888960034,4.41993949572493
629.607759505412,82.70986885633,4.04063023918921
420.160133793358,259.447934024718,3.66854935677031
11.934958318576,181.803422466516,3.08119050081223
57.8023124298825,112.595062815846,4.36201837575022
627.518135529513,203.370403057337,4.3960917617507
258.014946363927,216.781391318873,3.91298047249317
569.835509964549,443.005464902758,3.90880439703989
304.283680638205,138.955452132872,4.12493535040406
533.058955754014,459.720863592879,3.86778243233046
37.6852237230217,427.006259072525,4.00067484924458
200.056185462992,279.791404439913,4.33230434239646
560.42067035795,258.250355704575,3.70650851335895
189.307877705569,29.8254932809437,4.0407115999874
496.6671780133,349.132783573926,4.5102661058075
36.9472779016467,54.2988676398627,3.96374091886669
527.745415676658,146.151191569823,4.60638678126937
NA,NA,NA
662.11053085641,333.269357666724,3.50008819126657
458.390971293898,298.72006869932,3.54897234288562
7.95232339978701,497.59818936955,3.60465618669104
561.270246942321,51.900564749244,4.22149240358108
76.5837568653367,374.185223340321,3.9192852053464
221.622170587386,414.792905411184,3.97694436837226
428.801608229301,10.9992112863844,3.4117844563786
364.786033264598,292.975150785239,3.07032639609776
607.36693031502,105.612776219883,4.12303696852661
395.629398645062,227.402492110765,4.13941636598485
564.047706144916,415.473779932165,4.73221181905016
142.902712843688,280.021920127643,4.49713696180504
195.467293269398,369.814927123009,4.02132462197642
125.498800026164,412.70481094844,3.39494904234375
629.487738918742,311.119982744568,4.49224277211021
0.0811452920123092,148.956335159771,4.25004381133173
540.473596533439,202.007728587002,4.24069393844855
33.4429662229819,491.512106955753,3.03913642190051
277.228809410323,23.1799875685684,3.69528137459186
531.71870895676,395.083511742473,3.42870227464169
77.8279260257576,81.5648181704992,5.26159934009449
7.73361998063217,77.9590082952691,3.54261991930526
588.468778937286,227.870744654466,4.0551741528494
438.323352407032,457.183718488031,4.85052815823747
660.041901614837,375.210300724946,3.0461322875522
104.72597256771,491.026888960034,4.41993949572493
629.607759505412,82.70986885633,4.04063023918921
420.160133793358,259.447934024718,3.66854935677031
11.934958318576,181.803422466516,3.08119050081223
57.8023124298825,112.595062815846,4.36201837575022
627.518135529513,203.370403057337,4.3960917617507
258.014946363927,216.781391318873,3.91298047249317
569.835509964549,443.005464902758,3.90880439703989
304.283680638205,138.955452132872,4.12493535040406
533.058955754014,459.720863592879,3.86778243233046
37.6852237230217,427.006259072525,4.00067484924458
200.056185462992,279.791404439913,4.33230434239646
560.42067035795,258.250355704575,3.70650851335895
189.307877705569,29.8254932809437,4.0407115999874
496.6671780133,349.132783573926,4.5102661058075
36.9472779016467,54.2988676398627,3.96374091886669
527.745415676658,146.151191569823,4.60638678126937
NA,NA,NA
662.11053085641,333.269357666724,3.50008819126657
458.390971293898,298.72006869932,3.54897234288562
7.95232339978701,497.59818936955,3.60465618669104
561.270246942321,51.900564749244,4.22149240358108
76.5837568653367,374.185223340321,3.9192852053464
221.622170587386,414.792905411184,3.97694436837226
428.801608229301,10.9992112863844,3.4117844563786
364.786033264598,292.975150785239,3.07032639609776
607.36693031502,105.612776219883,4.12303696852661
395.629398645062,227.402492110765,4.13941636598485
564.047706144916,415.473779932165,4.73221181905016
142.902712843688,280.021920127643,4.49713696180504
195.467293269398,369.814927123009,4.02132462197642
125.498800026164,412.70481094844,3.39494904234375
629.487738918742,311.119982744568,4.49224277211021
0.0811452920123092,148.956335159771,4.25004381133173
540.473596533439,202.007728587002,4.24069393844855
33.4429662229819,491.512106955753,3.03913642190051
277.228809410323,23.1799875685684,3.69528137459186
531.71870895676,395.083511742473,3.42870227464169
77.8279260257576,81.5648181704992,5.26159934009449
7.73361998063217,77.9590082952691,3.54261991930526
588.468778937286,227.870744654466,4.0551741528494
438.323352407032,457.183718488031,4.85052815823747
660.041901614837,375.210300724946,3.0461322875522
104.72597256771,491.026888960034,4.41993949572493
629.607759505412,82.70986885633,4.04063023918921
420.160133793358,259.447934024718,3.66854935677031
11.934958318576,181.803422466516,3.08119050081223
57.8023124298825,112.595062815846,4.36201837575022
627.518135529513,203.370403057337,4.3960917617507
258.014946363927,216.781391318873,3.91298047249317
569.835509964549,443.005464902758,3.90880439703989
304.283680638205,138.955452132872,4.12493535040406
533.058955754014,459.720863592879,3.86778243233046
37.6852237230217,427.006259072525,4.00067484924458
200.056185462992,279.791404439913,4.33230434239646
560.42067035795,258.250355704575,3.70650851335895
189.307877705569,29.8254932809437,4.0407115999874
496.6671780133,349.132783573926,4.5102661058075
36.9472779016467,54.2988676398627,3.96374091886669
527.745415676658,146.151191569823,4.60638678126937
NA,NA,NA
662.11053085641,333.269357666724,3.50008819126657
458.390971293898,298.72006869932,3.54897234288562
7.95232339978701,497.59818936955,3.60465618669104
561.270246942321,51.900564749244,4.22149240358108
76.5837568653367,374.185223340321,3.9192852053464
221.622170587386,414.792905411184,3.97694436837226
428.801608229301,10.9992112863844,3.4117844563786
364.786033264598,292.975150785239,3.07032639609776
607.36693031502,105.612776219883,4.12303696852661
395.629398645062,227.402492110765,4.13941636598485
564.047706144916,415.473779932165,4.73221181905016
142.902712843688,280.021920127643,4.49713696180504
195.467293269398,369.814927123009,4.02132462197642
125.498800026164,412.70481094844,3.39494904234375
629.487738918742,311.119982744568,4.49224277211021
0.0811452920123092,148.956335159771,4.25004381133173
540.473596533439,202.007728587002,4.24069393844855
33.4429662229819,491.512106955753,3.03913642190051
277.228809410323,23.1799875685684,3.69528137459186
531.71870895676,395.083511742473,3.42870227464169
77.8279260257576,81.5648181704992,5.26159934009449
7.73361998063217,77.9590082952691,3.54261991930526
588.468778937286,227.870744654466,4.0551741528494
438.323352407032,457.183718488031,4.85052815823747
660.041901614837,375.210300724946,3.0461322875522
104.72597256771,491.026888960034,4.41993949572493
629.607759505412,82.70986885633,4.04063023918921
420.160133793358,259.447934024718,3.66854935677031
11.934958318576,181.803422466516,3.08119050081223
57.8023124298825,112.595062815846,4.36201837575022
627.518135529513,203.370403057337,4.3960917617507
258.014946363927,216.781391318873,3.91298047249317
569.835509964549,443.005464902758,3.90880439703989
304.283680638205,138.955452132872,4.12493535040406
533.058955754014,459.720863592879,3.86778243233046
37.6852237230217,427.006259072525,4.00067484924458
200.056185462992,279.791404439913,4.33230434239646
560.42067035795,258.250355704575,3.70650851335895
189.307877705569,29.8254932809437,4.0407115999874
496.6671780133,349.132783573926,4.5102661058075
36.9472779016467,54.2988676398627,3.96374091886669
527.745415676658,146.151191569823,4.60638678126937
NA,NA,NA
662.11053085641,333.269357666724,3.50008819126657
458.390971293898,298.72006869932,3.54897234288562
7.95232339978701,497.59818936955,3.60465618669104
561.270246942321,51.900564749244,4.22149240358108
76.5837568653367,374.185223340321,3.9192852053464
221.622170587386,414.792905411184,3.97694436837226
428.801608229301,10.9992112863844,3.4117844563786
364.786033264598,292.975150785239,3.07032639609776
607.36693031502,105.612776219883,4.12303696852661
395.629398645062,227.402492110765,4.13941636598485
564.047706144916,415.473779932165,4.73221181905016
142.902712843688,280.021920127643,4.49713696180504
195.467293269398,369.814927123009,4.02132462197642
125.498800026164,412.70481094844,3.39494904234375
629.487738918742,311.119982744568,4.49224277211021
0.0811452920123092,148.956335159771,4.25004381133173
540.473596533439,202.007728587002,4.24069393844855
33.4429662229819,491.512106955753,3.03913642190051
277.228809410323,23.1799875685684,3.69528137459186
531.71870895676,395.083511742473,3.42870227464169
77.8279260257576,81.5648181704992,5.26159934009449
7.73361998063217,77.9590082952691,3.54261991930526
588.468778937286,227.870744654466,4.0551741528494
438.323352407032,457.183718488031,4.85052815823747
660.041901614837,375.210300724946,3.0461322875522
104.72597256771,491.026888960034,4.41993949572493
629.607759505412,82.70986885633,4.04063023918921
420.160133793358,259.447934024718,3.66854935677031
11.934958318576,181.803422466516,3.08119050081223
57.8023124298825,112.595062815846,4.36201837575022
627.518135529513,203.370403057337,4.3960917617507
258.014946363927,216.781391318873,3.91298047249317
569.835509964549,443.005464902758,3.90880439703989
304.283680638205,138.955452132872,4.12493535040406
533.058955754014,459.720863592879,3.86778243233046
37.6852237230217,427.006259072525,4.00067484924458
200.056185462992,279.791404439913,4.33230434239646
560.42067035795,258.250355704575,3.70650851335895
189.307877705569,29.8254932809437,4.0407115999874
496.6671780133,349.132783573926,4.5102661058075
36.9472779016467,54.2988676398627,3.96374091886669
527.745415676658,146.151191569823,4.60638678126937
NA,NA,NA
660.67196034339,333.692221570248,3.43370888120283
456.569370598005,294.159791368229,3.69004029282117
13.4229601138986,496.091516917948,3.74137240584977
557.274922575901,53.5564562612082,4.10000717983409
68.4776262822584,376.479360404502,3.92402886205206
231.008739975323,413.418581754019,3.86119063918454
430.598225209113,13.9555480317965,3.33063693656712
363.07670084738,293.038941941101,2.8830971848805
603.641376016593,105.230889194225,4.28861690143877
392.398407710204,233.344030476139,4.25393793839912
570.16128833702,409.245734828164,4.72297197038059
143.195544421194,286.272886290291,4.578457497219
196.260653734715,371.167988707013,3.91129503642661
123.579878993523,416.711313481434,3.47918943596276
627.225499104497,315.930794286438,4.65655856290772
3.25214038035496,150.222654359316,4.24595982265181
536.491866566036,203.214378254377,4.17399219375273
34.1463202284384,495.490754100498,2.93567757066124
272.986921708293,18.5973627656413,3.81700036016736
533.487329916912,390.949590801117,3.55224239074884
74.4047214069177,80.008610185854,5.27208482435226
1.27190807178253,75.7282004226236,3.31620912522313
588.042077710416,222.597283811518,4.05832685390427
442.810647409888,462.244345827161,4.89120241467595
659.001123728366,373.601284361387,2.91210854265323
105.474887564849,490.407435559223,4.44814080727837
623.775662415746,88.6445494585401,4.05076455369054
418.470458087368,259.832719271705,3.60915045506204
12.3093552999193,181.272136325343,3.23567279963861
56.2997207236974,99.9981259473493,4.65344362208284
610.602237613449,214.84333643761,4.34487680493917
254.734773659072,221.934346012015,4.02225449412217
568.956778810875,432.503283198177,3.79083335358784
305.975971314988,132.37367169226,4.00877306689378
523.169319037407,460.980254194111,3.55272380492934
40.9147046823554,416.063235503646,3.7759723292441
199.894575860242,288.489917510814,3.767546588653
554.453672554867,265.443294097085,3.80012551639715
173.729937263189,31.1827984036636,4.46337712533018
500.511891098024,339.854165935964,4.72968717967002
33.2418157584848,46.6031827349583,4.28757080393685
514.053828643728,155.547892719974,4.87415786230681
NA,NA,NA
660.67196034339,333.692221570248,3.43370888120283
456.569370598005,294.159791368229,3.69004029282117
13.4229601138986,496.091516917948,3.74137240584977
557.274922575901,53.5564562612082,4.10000717983409
68.4776262822584,376.479360404502,3.92402886205206
231.008739975323,413.418581754019,3.86119063918454
430.598225209113,13.9555480317965,3.33063693656712
363.07670084738,293.038941941101,2.8830971848805
603.641376016593,105.230889194225,4.28861690143877
392.398407710204,233.344030476139,4.25393793839912
570.16128833702,409.245734828164,4.72297197038059
143.195544421194,286.272886290291,4.578457497219
196.260653734715,371.167988707013,3.91129503642661
123.579878993523,416.711313481434,3.47918943596276
627.225499104497,315.930794286438,4.65655856290772
3.25214038035496,150.222654359316,4.24595982265181
536.491866566036,203.214378254377,4.17399219375273
34.1463202284384,495.490754100498,2.93567757066124
272.986921708293,18.5973627656413,3.81700036016736
533.487329916912,390.949590801117,3.55224239074884
74.4047214069177,80.008610185854,5.27208482435226
1.27190807178253,75.7282004226236,3.31620912522313
588.042077710416,222.597283811518,4.05832685390427
442.810647409888,462.244345827161,4.89120241467595
659.001123728366,373.601284361387,2.91210854265323
105.474887564849,490.407435559223,4.44814080727837
623.775662415746,88.6445494585401,4.05076455369054
418.470458087368,259.832719271705,3.60915045506204
12.3093552999193,181.272136325343,3.23567279963861
56.2997207236974,99.9981259473493,4.65344362208284
610.602237613449,214.84333643761,4.34487680493917
254.734773659072,221.934346012015,4.02225449412217
568.956778810875,432.503283198177,3.79083335358784
305.975971314988,132.37367169226,4.00877306689378
523.169319037407,460.980254194111,3.55272380492934
40.9147046823554,416.063235503646,3.7759723292441
199.894575860242,288.489917510814,3.767546588653
554.453672554867,265.443294097085,3.80012551639715
173.729937263189,31.1827984036636,4.46337712533018
500.511891098024,339.854165935964,4.72968717967002
33.2418157584848,46.6031827349583,4.28757080393685
514.053828643728,155.547892719974,4.87415786230681
NA,NA,NA
660.67196034339,333.692221570248,3.43370888120283
456.569370598005,294.159791368229,3.69004029282117
13.4229601138986,496.091516917948,3.74137240584977
557.274922575901,53.5564562612082,4.10000717983409
68.4776262822584,376.479360404502,3.92402886205206
231.008739975323,413.418581754019,3.86119063918454
430.598225209113,13.9555480317965,3.33063693656712
363.07670084738,293.038941941101,2.8830971848805
603.641376016593,105.230889194225,4.28861690143877
392.398407710204,233.344030476139,4.25393793839912
570.16128833702,409.245734828164,4.72297197038059
143.195544421194,286.272886290291,4.578457497219
196.260653734715,371.167988707013,3.91129503642661
123.579878993523,416.711313481434,3.47918943596276
627.225499104497,315.930794286438,4.65655856290772
3.25214038035496,150.222654359316,4.24595982265181
536.491866566036,203.214378254377,4.17399219375273
34.1463202284384,495.490754100498,2.93567757066124
272.986921708293,18.5973627656413,3.81700036016736
533.487329916912,390.949590801117,3.55224239074884
74.4047214069177,80.008610185854,5.27208482435226
1.27190807178253,75.7282004226236,3.31620912522313
588.042077710416,222.597283811518,4.05832685390427
442.810647409888,462.244345827161,4.89120241467595
659.001123728366,373.601284361387,2.91210854265323
105.474887564849,490.407435559223,4.44814080727837
623.775662415746,88.6445494585401,4.05076455369054
418.470458087368,259.832719271705,3.60915045506204
12.3093552999193,181.272136325343,3.23567279963861
56.2997207236974,99.9981259473493,4.65344362208284
610.602237613449,214.84333643761,4.34487680493917
254.734773659072,221.934346012015,4.02225449412217
568.956778810875,432.503283198177,3.79083335358784
305.975971314988,132.37367169226,4.00877306689378
523.169319037407,460.980254194111,3.55272380492934
40.9147046823554,416.063235503646,3.7759723292441
199.894575860242,288.489917510814,3.767546588653
554.453672554867,265.443294097085,3.80012551639715
173.729937263189,31.1827984036636,4.46337712533018
500.511891098024,339.854165935964,4.72968717967002
33.2418157584848,46.6031827349583,4.28757080393685
514.053828643728,155.547892719974,4.87415786230681
NA,NA,NA
660.67196034339,333.692221570248,3.43370888120283
456.569370598005,294.159791368229,3.69004029282117
13.4229601138986,496.091516917948,3.74137240584977
557.274922575901,53.5564562612082,4.10000717983409
68.4776262822584,376.479360404502,3.92402886205206
231.008739975323,413.418581754019,3.86119063918454
430.598225209113,13.9555480317965,3.33063693656712
363.07670084738,293.038941941101,2.8830971848805
603.641376016593,105.230889194225,4.28861690143877
392.398407710204,233.344030476139,4.25393793839912
570.16128833702,409.245734828164,4.72297197038059
143.195544421194,286.272886290291,4.578457497219
196.260653734715,371.167988707013,3.91129503642661
123.579878993523,416.711313481434,3.47918943596276
627.225499104497,315.930794286438,4.65655856290772
3.25214038035496,150.222654359316,4.24595982265181
536.491866566036,203.214378254377,4.17399219375273
34.1463202284384,495.490754100498,2.93567757066124
272.986921708293,18.5973627656413,3.81700036016736
533.487329916912,390.949590801117,3.55224239074884
74.4047214069177,80.008610185854,5.27208482435226
1.27190807178253,75.7282004226236,3.31620912522313
588.042077710416,222.597283811518,4.05832685390427
442.810647409888,462.244345827161,4.89120241467595
659.001123728366,373.601284361387,2.91210854265323
105.474887564849,490.407435559223,4.44814080727837
623.775662415746,88.6445494585401,4.05076455369054
418.470458087368,259.832719271705,3.60915045506204
12.3093552999193,181.272136325343,3.23567279963861
56.2997207236974,99.9981259473493,4.65344362208284
610.602237613449,214.84333643761,4.34487680493917
254.734773659072,221.934346012015,4.02225449412217
568.956778810875,432.503283198177,3.79083335358784
305.975971314988,132.37367169226,4.00877306689378
523.169319037407,460.980254194111,3.55272380492934
40.9147046823554,416.063235503646,3.7759723292441
199.894575860242,288.489917510814,3.767546588653
554.453672554867,265.443294097085,3.80012551639715
173.729937263189,31.1827984036636,4.46337712533018
500.511891098024,339.854165935964,4.72968717967002
33.2418157584848,46.6031827349583,4.28757080393685
514.053828643728,155.547892719974,4.87415786230681
NA,NA,NA
660.67196034339,333.692221570248,3.43370888120283
456.569370598005,294.159791368229,3.69004029282117
13.4229601138986,496.091516917948,3.74137240584977
557.274922575901,53.5564562612082,4.10000717983409
68.4776262822584,376.479360404502,3.92402886205206
231.008739975323,413.418581754019,3.86119063918454
430.598225209113,13.9555480317965,3.33063693656712
363.07670084738,293.038941941101,2.8830971848805
603.641376016593,105.230889194225,4.28861690143877
392.398407710204,233.344030476139,4.25393793839912
570.16128833702,409.245734828164,4.72297197038059
143.195544421194,286.272886290291,4.578457497219
196.260653734715,371.167988707013,3.91129503642661
123.579878993523,416.711313481434,3.47918943596276
627.225499104497,315.930794286438,4.65655856290772
3.25214038035496,150.222654359316,4.24595982265181
536.491866566036,203.214378254377,4.17399219375273
34.1463202284384,495.490754100498,2.93567757066124
272.986921708293,18.5973627656413,3.81700036016736
533.487329916912,390.949590801117,3.55224239074884
74.4047214069177,80.008610185854,5.27208482435226
1.27190807178253,75.7282004226236,3.31620912522313
588.042077710416,222.597283811518,4.05832685390427
442.810647409888,462.244345827161,4.89120241467595
659.001123728366,373.601284361387,2.91210854265323
105.474887564849,490.407435559223,4.44814080727837
623.775662415746,88.6445494585401,4.05076455369054
418.470458087368,259.832719271705,3.60915045506204
12.3093552999193,181.272136325343,3.23567279963861
56.2997207236974,99.9981259473493,4.65344362208284
610.602237613449,214.84333643761,4.34487680493917
254.734773659072,221.934346012015,4.02225449412217
568.956778810875,432.503283198177,3.79083335358784
305.975971314988,132.37367169226,4.00877306689378
523.169319037407,460.980254194111,3.55272380492934
40.9147046823554,416.063235503646,3.7759723292441
199.894575860242,288.489917510814,3.767546588653
554.453672554867,265.443294097085,3.80012551639715
173.729937263189,31.1827984036636,4.46337712533018
500.511891098024,339.854165935964,4.72968717967002
33.2418157584848,46.6031827349583,4.28757080393685
514.053828643728,155.547892719974,4.87415786230681
NA,NA,NA
660.67196034339,333.692221570248,3.43370888120283
456.569370598005,294.159791368229,3.69004029282117
13.4229601138986,496.091516917948,3.74137240584977
557.274922575901,53.5564562612082,4.10000717983409
68.4776262822584,376.479360404502,3.92402886205206
231.008739975323,413.418581754019,3.86119063918454
430.598225209113,13.9555480317965,3.33063693656712
363.07670084738,293.038941941101,2.8830971848805
603.641376016593,105.230889194225,4.28861690143877
392.398407710204,233.344030476139,4.25393793839912
570.16128833702,409.245734828164,4.72297197038059
143.195544421194,286.272886290291,4.578457497219
196.260653734715,371.167988707013,3.91129503642661
123.579878993523,416.711313481434,3.47918943596276
627.225499104497,315.930794286438,4.65655856290772
3.25214038035496,150.222654359316,4.24595982265181
536.491866566036,203.214378254377,4.17399219375273
34.1463202284384,495.490754100498,2.93567757066124
272.986921708293,18.5973627656413,3.81700036016736
533.487329916912,390.949590801117,3.55224239074884
74.4047214069177,80.008610185854,5.27208482435226
1.27190807178253,75.7282004226236,3.31620912522313
588.042077710416,222.597283811518,4.05832685390427
442.810647409888,462.244345827161,4.89120241467595
659.001123728366,373.601284361387,2.91210854265323
105.474887564849,490.407435559223,4.44814080727837
623.775662415746,88.6445494585401,4.05076455369054
418.470458087368,259.832719271705,3.60915045506204
12.3093552999193,181.272136325343,3.23567279963861
56.2997207236974,99.9981259473493,4.65344362208284
610.602237613449,214.84333643761,4.34487680493917
254.734773659072,221.934346012015,4.02225449412217
568.956778810875,432.503283198177,3.79083335358784
305.975971314988,132.37367169226,4.00877306689378
523.169319037407,460.980254194111,3.55272380492934
40.9147046823554,416.063235503646,3.7759723292441
199.894575860242,288.489917510814,3.767546588653
554.453672554867,265.443294097085,3.80012551639715
173.729937263189,31.1827984036636,4.46337712533018
500.511891098024,339.854165935964,4.72968717967002
33.2418157584848,46.6031827349583,4.28757080393685
514.053828643728,155.547892719974,4.87415786230681
NA,NA,NA
661.811230766495,329.611933680313,3.43424187511896
454.63787167356,296.703072685413,3.65198603327076
8.95090698952404,495.267107432628,3.56216474879113
560.303123667751,51.7145798960544,4.23546841631295
70.9461971989152,379.967591328287,3.95563056366333
229.789718617056,416.426240309639,3.86756164360465
429.600923554392,12.7525452661851,3.27995185426546
364.430580343055,290.565260300623,2.89912077589227
603.71333943042,105.915780115451,4.19337137558031
391.481602155891,234.033640286391,4.16120489307862
567.309653956135,411.582665862181,4.71569378328456
136.317256371772,285.213194269554,4.60826376199274
198.783224606724,370.596100422195,3.99566421772655
130.253526380129,416.007120325986,3.54078510846649
629.591045932416,315.355208282121,4.55076776367585
3.94721095242105,148.913478043764,4.22493239199725
550.027959177098,203.089611477629,4.11739798057813
31.0625630592431,490.74595436732,3.09701537307828
280.116798576835,21.6776974352801,3.819661434218
537.370512479731,393.472105987797,3.53649196016173
75.4944880710178,67.2667602445312,5.27302313943327
3.88768724629308,73.9782787033844,3.41672300497545
589.593569885704,233.018074544856,4.04639962068785
448.012924111943,461.189942859586,4.82930858212445
657.543447588167,373.535026777141,3.09582266178635
102.307252462589,482.345345167276,4.27708097895505
621.402154101254,90.7692054224547,4.11709100055485
420.61362761459,257.893850330559,3.68389648348785
10.1636078916223,181.534063964963,3.27867460592434
73.6460667748337,129.375309994347,4.34122127204636
615.132803379512,206.440233030161,4.22986766488238
252.169586912687,219.498516922006,4.02999134830461
568.787859337882,427.031841295962,3.97458204856538
304.261897033314,135.893651012351,3.97525656243316
520.520807004516,458.317756628672,3.81282105442727
54.0268394332877,424.671086908702,4.0605239691207
195.363749106722,290.269249712008,4.0020950406779
553.044012066969,265.709175467635,3.8047822134581
187.745289582766,29.3144332907793,4.26895505439258
503.001841005264,343.997807992127,4.75044129221197
42.9673611190069,51.7416320619855,3.52565888396303
548.624838413536,142.535260473247,4.50200480899185
NA,NA,NA
661.811230766495,329.611933680313,3.43424187511896
454.63787167356,296.703072685413,3.65198603327076
8.95090698952404,495.267107432628,3.56216474879113
560.303123667751,51.7145798960544,4.23546841631295
70.9461971989152,379.967591328287,3.95563056366333
229.789718617056,416.426240309639,3.86756164360465
429.600923554392,12.7525452661851,3.27995185426546
364.430580343055,290.565260300623,2.89912077589227
603.71333943042,105.915780115451,4.19337137558031
391.481602155891,234.033640286391,4.16120489307862
567.309653956135,411.582665862181,4.71569378328456
136.317256371772,285.213194269554,4.60826376199274
198.783224606724,370.596100422195,3.99566421772655
130.253526380129,416.007120325986,3.54078510846649
629.591045932416,315.355208282121,4.55076776367585
3.94721095242105,148.913478043764,4.22493239199725
550.027959177098,203.089611477629,4.11739798057813
31.0625630592431,490.74595436732,3.09701537307828
280.116798576835,21.6776974352801,3.819661434218
537.370512479731,393.472105987797,3.53649196016173
75.4944880710178,67.2667602445312,5.27302313943327
3.88768724629308,73.9782787033844,3.41672300497545
589.593569885704,233.018074544856,4.04639962068785
448.012924111943,461.189942859586,4.82930858212445
657.543447588167,373.535026777141,3.09582266178635
102.307252462589,482.345345167276,4.27708097895505
621.402154101254,90.7692054224547,4.11709100055485
420.61362761459,257.893850330559,3.68389648348785
10.1636078916223,181.534063964963,3.27867460592434
73.6460667748337,129.375309994347,4.34122127204636
615.132803379512,206.440233030161,4.22986766488238
252.169586912687,219.498516922006,4.02999134830461
568.787859337882,427.031841295962,3.97458204856538
304.261897033314,135.893651012351,3.97525656243316
520.520807004516,458.317756628672,3.81282105442727
54.0268394332877,424.671086908702,4.0605239691207
195.363749106722,290.269249712008,4.0020950406779
553.044012066969,265.709175467635,3.8047822134581
187.745289582766,29.3144332907793,4.26895505439258
503.001841005264,343.997807992127,4.75044129221197
42.9673611190069,51.7416320619855,3.52565888396303
548.624838413536,142.535260473247,4.50200480899185
NA,NA,NA
661.811230766495,329.611933680313,3.43424187511896
454.63787167356,296.703072685413,3.65198603327076
8.95090698952404,495.267107432628,3.56216474879113
560.303123667751,51.7145798960544,4.23546841631295
70.9461971989152,379.967591328287,3.95563056366333
229.789718617056,416.426240309639,3.86756164360465
429.600923554392,12.7525452661851,3.27995185426546
364.430580343055,290.565260300623,2.89912077589227
603.71333943042,105.915780115451,4.19337137558031
391.481602155891,234.033640286391,4.16120489307862
567.309653956135,411.582665862181,4.71569378328456
136.317256371772,285.213194269554,4.60826376199274
198.783224606724,370.596100422195,3.99566421772655
130.253526380129,416.007120325986,3.54078510846649
629.591045932416,315.355208282121,4.55076776367585
3.94721095242105,148.913478043764,4.22493239199725
550.027959177098,203.089611477629,4.11739798057813
31.0625630592431,490.74595436732,3.09701537307828
280.116798576835,21.6776974352801,3.819661434218
537.370512479731,393.472105987797,3.53649196016173
75.4944880710178,67.2667602445312,5.27302313943327
3.88768724629308,73.9782787033844,3.41672300497545
589.593569885704,233.018074544856,4.04639962068785
448.012924111943,461.189942859586,4.82930858212445
657.543447588167,373.535026777141,3.09582266178635
102.307252462589,482.345345167276,4.27708097895505
621.402154101254,90.7692054224547,4.11709100055485
420.61362761459,257.893850330559,3.68389648348785
10.1636078916223,181.534063964963,3.27867460592434
73.6460667748337,129.375309994347,4.34122127204636
615.132803379512,206.440233030161,4.22986766488238
252.169586912687,219.498516922006,4.02999134830461
568.787859337882,427.031841295962,3.97458204856538
304.261897033314,135.893651012351,3.97525656243316
520.520807004516,458.317756628672,3.81282105442727
54.0268394332877,424.671086908702,4.0605239691207
195.363749106722,290.269249712008,4.0020950406779
553.044012066969,265.709175467635,3.8047822134581
187.745289582766,29.3144332907793,4.26895505439258
503.001841005264,343.997807992127,4.75044129221197
42.9673611190069,51.7416320619855,3.52565888396303
548.624838413536,142.535260473247,4.50200480899185
NA,NA,NA
661.811230766495,329.611933680313,3.43424187511896
454.63787167356,296.703072685413,3.65198603327076
8.95090698952404,495.267107432628,3.56216474879113
560.303123667751,51.7145798960544,4.23546841631295
70.9461971989152,379.967591328287,3.95563056366333
229.789718617056,416.426240309639,3.86756164360465
429.600923554392,12.7525452661851,3.27995185426546
364.430580343055,290.565260300623,2.89912077589227
603.71333943042,105.915780115451,4.19337137558031
391.481602155891,234.033640286391,4.16120489307862
567.309653956135,411.582665862181,4.71569378328456
136.317256371772,285.213194269554,4.60826376199274
198.783224606724,370.596100422195,3.99566421772655
130.253526380129,416.007120325986,3.54078510846649
629.591045932416,315.355208282121,4.55076776367585
3.94721095242105,148.913478043764,4.22493239199725
550.027959177098,203.089611477629,4.11739798057813
31.0625630592431,490.74595436732,3.09701537307828
280.116798576835,21.6776974352801,3.819661434218
537.370512479731,393.472105987797,3.53649196016173
75.4944880710178,67.2667602445312,5.27302313943327
3.88768724629308,73.9782787033844,3.41672300497545
589.593569885704,233.018074544856,4.04639962068785
448.012924111943,461.189942859586,4.82930858212445
657.543447588167,373.535026777141,3.09582266178635
102.307252462589,482.345345167276,4.27708097895505
621.402154101254,90.7692054224547,4.11709100055485
420.61362761459,257.893850330559,3.68389648348785
10.1636078916223,181.534063964963,3.27867460592434
73.6460667748337,129.375309994347,4.34122127204636
615.132803379512,206.440233030161,4.22986766488238
252.169586912687,219.498516922006,4.02999134830461
568.787859337882,427.031841295962,3.97458204856538
304.261897033314,135.893651012351,3.97525656243316
520.520807004516,458.317756628672,3.81282105442727
54.0268394332877,424.671086908702,4.0605239691207
195.363749106722,290.269249712008,4.0020950406779
553.044012066969,265.709175467635,3.8047822134581
187.745289582766,29.3144332907793,4.26895505439258
503.001841005264,343.997807992127,4.75044129221197
42.9673611190069,51.7416320619855,3.52565888396303
548.624838413536,142.535260473247,4.50200480899185
NA,NA,NA
661.811230766495,329.611933680313,3.43424187511896
454.63787167356,296.703072685413,3.65198603327076
8.95090698952404,495.267107432628,3.56216474879113
560.303123667751,51.7145798960544,4.23546841631295
70.9461971989152,379.967591328287,3.95563056366333
229.789718617056,416.426240309639,3.86756164360465
429.600923554392,12.7525452661851,3.27995185426546
364.430580343055,290.565260300623,2.89912077589227
603.71333943042,105.915780115451,4.19337137558031
391.481602155891,234.033640286391,4.16120489307862
567.309653956135,411.582665862181,4.71569378328456
136.317256371772,285.213194269554,4.60826376199274
198.783224606724,370.596100422195,3.99566421772655
130.253526380129,416.007120325986,3.54078510846649
629.591045932416,315.355208282121,4.55076776367585
3.94721095242105,148.913478043764,4.22493239199725
550.027959177098,203.089611477629,4.11739798057813
31.0625630592431,490.74595436732,3.09701537307828
280.116798576835,21.6776974352801,3.819661434218
537.370512479731,393.472105987797,3.53649196016173
75.4944880710178,67.2667602445312,5.27302313943327
3.88768724629308,73.9782787033844,3.41672300497545
589.593569885704,233.018074544856,4.04639962068785
448.012924111943,461.189942859586,4.82930858212445
657.543447588167,373.535026777141,3.09582266178635
102.307252462589,482.345345167276,4.27708097895505
621.402154101254,90.7692054224547,4.11709100055485
420.61362761459,257.893850330559,3.68389648348785
10.1636078916223,181.534063964963,3.27867460592434
73.6460667748337,129.375309994347,4.34122127204636
615.132803379512,206.440233030161,4.22986766488238
252.169586912687,219.498516922006,4.02999134830461
568.787859337882,427.031841295962,3.97458204856538
304.261897033314,135.893651012351,3.97525656243316
520.520807004516,458.317756628672,3.81282105442727
54.0268394332877,424.671086908702,4.0605239691207
195.363749106722,290.269249712008,4.0020950406779
553.044012066969,265.709175467635,3.8047822134581
187.745289582766,29.3144332907793,4.26895505439258
503.001841005264,343.997807992127,4.75044129221197
42.9673611190069,51.7416320619855,3.52565888396303
548.624838413536,142.535260473247,4.50200480899185
NA,NA,NA
661.811230766495,329.611933680313,3.43424187511896
454.63787167356,296.703072685413,3.65198603327076
8.95090698952404,495.267107432628,3.56216474879113
560.303123667751,51.7145798960544,4.23546841631295
70.9461971989152,379.967591328287,3.95563056366333
229.789718617056,416.426240309639,3.86756164360465
429.600923554392,12.7525452661851,3.27995185426546
364.430580343055,290.565260300623,2.89912077589227
603.71333943042,105.915780115451,4.19337137558031
391.481602155891,234.033640286391,4.16120489307862
567.309653956135,411.582665862181,4.71569378328456
136.317256371772,285.213194269554,4.60826376199274
198.783224606724,370.596100422195,3.99566421772655
130.253526380129,416.007120325986,3.54078510846649
629.591045932416,315.355208282121,4.55076776367585
3.94721095242105,148.913478043764,4.22493239199725
550.027959177098,203.089611477629,4.11739798057813
31.0625630592431,490.74595436732,3.09701537307828
280.116798576835,21.6776974352801,3.819661434218
537.370512479731,393.472105987797,3.53649196016173
75.4944880710178,67.2667602445312,5.27302313943327
3.88768724629308,73.9782787033844,3.41672300497545
589.593569885704,233.018074544856,4.04639962068785
448.012924111943,461.189942859586,4.82930858212445
657.543447588167,373.535026777141,3.09582266178635
102.307252462589,482.345345167276,4.27708097895505
621.402154101254,90.7692054224547,4.11709100055485
420.61362761459,257.893850330559,3.68389648348785
10.1636078916223,181.534063964963,3.27867460592434
73.6460667748337,129.375309994347,4.34122127204636
615.132803379512,206.440233030161,4.22986766488238
252.169586912687,219.498516922006,4.02999134830461
568.787859337882,427.031841295962,3.97458204856538
304.261897033314,135.893651012351,3.97525656243316
520.520807004516,458.317756628672,3.81282105442727
54.0268394332877,424.671086908702,4.0605239691207
195.363749106722,290.269249712008,4.0020950406779
553.044012066969,265.709175467635,3.8047822134581
187.745289582766,29.3144332907793,4.26895505439258
503.001841005264,343.997807992127,4.75044129221197
42.9673611190069,51.7416320619855,3.52565888396303
548.624838413536,142.535260473247,4.50200480899185
NA,NA,NA
662.727167443895,333.376263066024,3.50324634185655
452.388053249742,299.061761776625,3.66169118229843
12.1759916197018,497.228989606818,3.68693776868281
555.784936693882,49.4883611756682,4.14465223646655
71.6977242845219,372.799911641478,3.90364813895406
231.673076876084,418.122562552974,3.84827827582881
429.128220493117,12.9580255970063,3.29956047393096
362.084694061577,290.086779531911,3.0318398737657
606.244811014281,104.448046180531,4.21496772382918
395.971502514943,229.685000170017,4.31649414055084
573.898941904283,410.843158623011,4.81468171823757
140.435739810066,281.141160168005,4.62339914545282
199.3299013254,371.114245850934,4.08135155497746
126.026396701282,410.750604953211,3.38172657425676
627.828699047788,316.292271403879,4.50910248265823
3.86452064467252,150.616547121285,4.2026189382191
540.77204005874,204.139265239589,4.28679877859839
33.8492378578551,490.324811937126,3.03659670951474
278.975515469866,19.6792755492007,3.81251480277068
537.479060000108,391.133221004994,3.34688025730341
73.3242066693248,78.8285867267592,5.29219257152573
5.38786762512814,78.144481921951,3.54286891106428
589.867683876423,225.979155481912,4.09728078354698
443.325454873697,464.093523955306,4.79107402316006
660.06736708541,373.4583769593,3.02685170178852
108.279833446806,486.263988703647,4.4385292830387
623.293501865062,89.5081639682386,4.08441387431967
419.889854352765,259.557449279448,3.67229771031858
13.3109233702894,181.725509698092,3.39197956353073
70.0791924346749,114.048070263091,4.25969866684402
607.631387128921,199.975777590458,4.46795561152421
259.028142067234,215.672701953428,3.88564556233686
570.296429323328,432.565712778652,3.72720559015933
299.618146688676,135.001571955387,3.95378707258254
532.098084732616,458.495824062629,3.77318842687275
49.4685035056238,413.901834381414,4.28765959024098
187.09315073185,286.732749592266,4.47008580882301
545.725071064187,266.109145831636,3.8520577398745
172.641483915565,36.6832814962021,4.44522641729864
500.950187033942,341.442199831971,4.35442953291938
24.2439396650373,44.2147108709996,4.20122982703119
532.656784917371,152.169503356795,4.57728312690116
NA,NA,NA
662.727167443895,333.376263066024,3.50324634185655
452.388053249742,299.061761776625,3.66169118229843
12.1759916197018,497.228989606818,3.68693776868281
555.784936693882,49.4883611756682,4.14465223646655
71.6977242845219,372.799911641478,3.90364813895406
231.673076876084,418.122562552974,3.84827827582881
429.128220493117,12.9580255970063,3.29956047393096
362.084694061577,290.086779531911,3.0318398737657
606.244811014281,104.448046180531,4.21496772382918
395.971502514943,229.685000170017,4.31649414055084
573.898941904283,410.843158623011,4.81468171823757
140.435739810066,281.141160168005,4.62339914545282
199.3299013254,371.114245850934,4.08135155497746
126.026396701282,410.750604953211,3.38172657425676
627.828699047788,316.292271403879,4.50910248265823
3.86452064467252,150.616547121285,4.2026189382191
540.77204005874,204.139265239589,4.28679877859839
33.8492378578551,490.324811937126,3.03659670951474
278.975515469866,19.6792755492007,3.81251480277068
537.479060000108,391.133221004994,3.34688025730341
73.3242066693248,78.8285867267592,5.29219257152573
5.38786762512814,78.144481921951,3.54286891106428
589.867683876423,225.979155481912,4.09728078354698
443.325454873697,464.093523955306,4.79107402316006
660.06736708541,373.4583769593,3.02685170178852
108.279833446806,486.263988703647,4.4385292830387
623.293501865062,89.5081639682386,4.08441387431967
419.889854352765,259.557449279448,3.67229771031858
13.3109233702894,181.725509698092,3.39197956353073
70.0791924346749,114.048070263091,4.25969866684402
607.631387128921,199.975777590458,4.46795561152421
259.028142067234,215.672701953428,3.88564556233686
570.296429323328,432.565712778652,3.72720559015933
299.618146688676,135.001571955387,3.95378707258254
532.098084732616,458.495824062629,3.77318842687275
49.4685035056238,413.901834381414,4.28765959024098
187.09315073185,286.732749592266,4.47008580882301
545.725071064187,266.109145831636,3.8520577398745
172.641483915565,36.6832814962021,4.44522641729864
500.950187033942,341.442199831971,4.35442953291938
24.2439396650373,44.2147108709996,4.20122982703119
532.656784917371,152.169503356795,4.57728312690116
NA,NA,NA
662.727167443895,333.376263066024,3.50324634185655
452.388053249742,299.061761776625,3.66169118229843
12.1759916197018,497.228989606818,3.68693776868281
555.784936693882,49.4883611756682,4.14465223646655
71.6977242845219,372.799911641478,3.90364813895406
231.673076876084,418.122562552974,3.84827827582881
429.128220493117,12.9580255970063,3.29956047393096
362.084694061577,290.086779531911,3.0318398737657
606.244811014281,104.448046180531,4.21496772382918
395.971502514943,229.685000170017,4.31649414055084
573.898941904283,410.843158623011,4.81468171823757
140.435739810066,281.141160168005,4.62339914545282
199.3299013254,371.114245850934,4.08135155497746
126.026396701282,410.750604953211,3.38172657425676
627.828699047788,316.292271403879,4.50910248265823
3.86452064467252,150.616547121285,4.2026189382191
540.77204005874,204.139265239589,4.28679877859839
33.8492378578551,490.324811937126,3.03659670951474
278.975515469866,19.6792755492007,3.81251480277068
537.479060000108,391.133221004994,3.34688025730341
73.3242066693248,78.8285867267592,5.29219257152573
5.38786762512814,78.144481921951,3.54286891106428
589.867683876423,225.979155481912,4.09728078354698
443.325454873697,464.093523955306,4.79107402316006
660.06736708541,373.4583769593,3.02685170178852
108.279833446806,486.263988703647,4.4385292830387
623.293501865062,89.5081639682386,4.08441387431967
419.889854352765,259.557449279448,3.67229771031858
13.3109233702894,181.725509698092,3.39197956353073
70.0791924346749,114.048070263091,4.25969866684402
607.631387128921,199.975777590458,4.46795561152421
259.028142067234,215.672701953428,3.88564556233686
570.296429323328,432.565712778652,3.72720559015933
299.618146688676,135.001571955387,3.95378707258254
532.098084732616,458.495824062629,3.77318842687275
49.4685035056238,413.901834381414,4.28765959024098
187.09315073185,286.732749592266,4.47008580882301
545.725071064187,266.109145831636,3.8520577398745
172.641483915565,36.6832814962021,4.44522641729864
500.950187033942,341.442199831971,4.35442953291938
24.2439396650373,44.2147108709996,4.20122982703119
532.656784917371,152.169503356795,4.57728312690116
NA,NA,NA
662.727167443895,333.376263066024,3.50324634185655
452.388053249742,299.061761776625,3.66169118229843
12.1759916197018,497.228989606818,3.68693776868281
555.784936693882,49.4883611756682,4.14465223646655
71.6977242845219,372.799911641478,3.90364813895406
231.673076876084,418.122562552974,3.84827827582881
429.128220493117,12.9580255970063,3.29956047393096
362.084694061577,290.086779531911,3.0318398737657
606.244811014281,104.448046180531,4.21496772382918
395.971502514943,229.685000170017,4.31649414055084
573.898941904283,410.843158623011,4.81468171823757
140.435739810066,281.141160168005,4.62339914545282
199.3299013254,371.114245850934,4.08135155497746
126.026396701282,410.750604953211,3.38172657425676
627.828699047788,316.292271403879,4.50910248265823
3.86452064467252,150.616547121285,4.2026189382191
540.77204005874,204.139265239589,4.28679877859839
33.8492378578551,490.324811937126,3.03659670951474
278.975515469866,19.6792755492007,3.81251480277068
537.479060000108,391.133221004994,3.34688025730341
73.3242066693248,78.8285867267592,5.29219257152573
5.38786762512814,78.144481921951,3.54286891106428
589.867683876423,225.979155481912,4.09728078354698
443.325454873697,464.093523955306,4.79107402316006
660.06736708541,373.4583769593,3.02685170178852
108.279833446806,486.263988703647,4.4385292830387
623.293501865062,89.5081639682386,4.08441387431967
419.889854352765,259.557449279448,3.67229771031858
13.3109233702894,181.725509698092,3.39197956353073
70.0791924346749,114.048070263091,4.25969866684402
607.631387128921,199.975777590458,4.46795561152421
259.028142067234,215.672701953428,3.88564556233686
570.296429323328,432.565712778652,3.72720559015933
299.618146688676,135.001571955387,3.95378707258254
532.098084732616,458.495824062629,3.77318842687275
49.4685035056238,413.901834381414,4.28765959024098
187.09315073185,286.732749592266,4.47008580882301
545.725071064187,266.109145831636,3.8520577398745
172.641483915565,36.6832814962021,4.44522641729864
500.950187033942,341.442199831971,4.35442953291938
24.2439396650373,44.2147108709996,4.20122982703119
532.656784917371,152.169503356795,4.57728312690116
NA,NA,NA
662.727167443895,333.376263066024,3.50324634185655
452.388053249742,299.061761776625,3.66169118229843
12.1759916197018,497.228989606818,3.68693776868281
555.784936693882,49.4883611756682,4.14465223646655
71.6977242845219,372.799911641478,3.90364813895406
231.673076876084,418.122562552974,3.84827827582881
429.128220493117,12.9580255970063,3.29956047393096
362.084694061577,290.086779531911,3.0318398737657
606.244811014281,104.448046180531,4.21496772382918
395.971502514943,229.685000170017,4.31649414055084
573.898941904283,410.843158623011,4.81468171823757
140.435739810066,281.141160168005,4.62339914545282
199.3299013254,371.114245850934,4.08135155497746
126.026396701282,410.750604953211,3.38172657425676
627.828699047788,316.292271403879,4.50910248265823
3.86452064467252,150.616547121285,4.2026189382191
540.77204005874,204.139265239589,4.28679877859839
33.8492378578551,490.324811937126,3.03659670951474
278.975515469866,19.6792755492007,3.81251480277068
537.479060000108,391.133221004994,3.34688025730341
73.3242066693248,78.8285867267592,5.29219257152573
5.38786762512814,78.144481921951,3.54286891106428
589.867683876423,225.979155481912,4.09728078354698
443.325454873697,464.093523955306,4.79107402316006
660.06736708541,373.4583769593,3.02685170178852
108.279833446806,486.263988703647,4.4385292830387
623.293501865062,89.5081639682386,4.08441387431967
419.889854352765,259.557449279448,3.67229771031858
13.3109233702894,181.725509698092,3.39197956353073
70.0791924346749,114.048070263091,4.25969866684402
607.631387128921,199.975777590458,4.46795561152421
259.028142067234,215.672701953428,3.88564556233686
570.296429323328,432.565712778652,3.72720559015933
299.618146688676,135.001571955387,3.95378707258254
532.098084732616,458.495824062629,3.77318842687275
49.4685035056238,413.901834381414,4.28765959024098
187.09315073185,286.732749592266,4.47008580882301
545.725071064187,266.109145831636,3.8520577398745
172.641483915565,36.6832814962021,4.44522641729864
500.950187033942,341.442199831971,4.35442953291938
24.2439396650373,44.2147108709996,4.20122982703119
532.656784917371,152.169503356795,4.57728312690116
NA,NA,NA
662.727167443895,333.376263066024,3.50324634185655
452.388053249742,299.061761776625,3.66169118229843
12.1759916197018,497.228989606818,3.68693776868281
555.784936693882,49.4883611756682,4.14465223646655
71.6977242845219,372.799911641478,3.90364813895406
231.673076876084,418.122562552974,3.84827827582881
429.128220493117,12.9580255970063,3.29956047393096
362.084694061577,290.086779531911,3.0318398737657
606.244811014281,104.448046180531,4.21496772382918
395.971502514943,229.685000170017,4.31649414055084
573.898941904283,410.843158623011,4.81468171823757
140.435739810066,281.141160168005,4.62339914545282
199.3299013254,371.114245850934,4.08135155497746
126.026396701282,410.750604953211,3.38172657425676
627.828699047788,316.292271403879,4.50910248265823
3.86452064467252,150.616547121285,4.2026189382191
540.77204005874,204.139265239589,4.28679877859839
33.8492378578551,490.324811937126,3.03659670951474
278.975515469866,19.6792755492007,3.81251480277068
537.479060000108,391.133221004994,3.34688025730341
73.3242066693248,78.8285867267592,5.29219257152573
5.38786762512814,78.144481921951,3.54286891106428
589.867683876423,225.979155481912,4.09728078354698
443.325454873697,464.093523955306,4.79107402316006
660.06736708541,373.4583769593,3.02685170178852
108.279833446806,486.263988703647,4.4385292830387
623.293501865062,89.5081639682386,4.08441387431967
419.889854352765,259.557449279448,3.67229771031858
13.3109233702894,181.725509698092,3.39197956353073
70.0791924346749,114.048070263091,4.25969866684402
607.631387128921,199.975777590458,4.46795561152421
259.028142067234,215.672701953428,3.88564556233686
570.296429323328,432.565712778652,3.72720559015933
299.618146688676,135.001571955387,3.95378707258254
532.098084732616,458.495824062629,3.77318842687275
49.4685035056238,413.901834381414,4.28765959024098
187.09315073185,286.732749592266,4.47008580882301
545.725071064187,266.109145831636,3.8520577398745
172.641483915565,36.6832814962021,4.44522641729864
500.950187033942,341.442199831971,4.35442953291938
24.2439396650373,44.2147108709996,4.20122982703119
532.656784917371,152.169503356795,4.57728312690116
NA,NA,NA
661.600391796836,335.342787081613,3.57734104197787
457.586468395767,300.525928721015,3.56377987615603
11.5869420244451,489.388886071745,3.85648697271426
562.116555168617,47.0592737547638,4.13059141345925
72.1331456121552,377.086483680838,3.992706280016
231.991250520743,409.949018542145,3.9041709561608
427.06432549423,12.4796733964662,3.28895010827443
361.037677419147,293.937006807549,3.06661828584107
605.3373543429,102.099442084963,4.18363497415792
391.344631014767,229.5477650424,4.23101598233043
571.108954429735,408.418225169418,4.77655595312933
145.3231307431,278.660121302397,4.57767846263848
199.447093871579,368.840358299512,3.99827765270693
122.775340311887,415.787072227084,3.44978136200212
625.196476201813,309.615442069747,4.42623851340159
2.49866371853174,150.397195215066,4.21037732537187
540.304359410066,198.14493467696,4.19752165625728
31.8826713231909,492.638034577919,2.93506687554428
281.243054840793,23.1330617811164,3.85604645501822
534.253493170343,390.810559450691,3.28333066644557
77.7207304141774,73.0176384166147,5.26083579712714
5.30789943959253,71.6202887554239,3.33318284137116
591.306032372452,231.148004195847,4.08150983024688
442.538336620933,460.304158921611,4.78495357992708
659.626382279201,374.331899441658,2.94659427653255
110.076565825738,485.677701432241,4.30165876308571
624.912335268772,91.9211226141444,4.13603546814347
422.906524602601,260.535294679,3.69212741281672
11.5396371597805,181.16092227111,3.19566868879766
65.9695280050521,120.668268041931,4.74521436109238
604.423487294175,195.609433658715,4.38593238553058
257.115856006393,222.544168846532,3.61661493610106
572.873020543668,434.09459824517,3.74606596909595
297.673791466963,138.369106756879,3.67895139229007
531.13484272372,457.327933986285,3.69134959702794
54.1588946443507,417.161591877612,3.91756527311243
197.99941286918,290.2585011175,3.64229681686082
555.912990270172,260.608312896106,3.77497009312787
175.057856597336,22.4015748108686,4.37318838009418
507.334033553032,337.444099517628,4.6078296758655
41.8217387083543,58.5614351002942,3.99402386642011
519.923474723551,148.610779702395,4.75694616008932
NA,NA,NA
661.600391796836,335.342787081613,3.57734104197787
457.586468395767,300.525928721015,3.56377987615603
11.5869420244451,489.388886071745,3.85648697271426
562.116555168617,47.0592737547638,4.13059141345925
72.1331456121552,377.086483680838,3.992706280016
231.991250520743,409.949018542145,3.9041709561608
427.06432549423,12.4796733964662,3.28895010827443
361.037677419147,293.937006807549,3.06661828584107
605.3373543429,102.099442084963,4.18363497415792
391.344631014767,229.5477650424,4.23101598233043
571.108954429735,408.418225169418,4.77655595312933
145.3231307431,278.660121302397,4.57767846263848
199.447093871579,368.840358299512,3.99827765270693
122.775340311887,415.787072227084,3.44978136200212
625.196476201813,309.615442069747,4.42623851340159
2.49866371853174,150.397195215066,4.21037732537187
540.304359410066,198.14493467696,4.19752165625728
31.8826713231909,492.638034577919,2.93506687554428
281.243054840793,23.1330617811164,3.85604645501822
534.253493170343,390.810559450691,3.28333066644557
77.7207304141774,73.0176384166147,5.26083579712714
5.30789943959253,71.6202887554239,3.33318284137116
591.306032372452,231.148004195847,4.08150983024688
442.538336620933,460.304158921611,4.78495357992708
659.626382279201,374.331899441658,2.94659427653255
110.076565825738,485.677701432241,4.30165876308571
624.912335268772,91.9211226141444,4.13603546814347
422.906524602601,260.535294679,3.69212741281672
11.5396371597805,181.16092227111,3.19566868879766
65.9695280050521,120.668268041931,4.74521436109238
604.423487294175,195.609433658715,4.38593238553058
257.115856006393,222.544168846532,3.61661493610106
572.873020543668,434.09459824517,3.74606596909595
297.673791466963,138.369106756879,3.67895139229007
531.13484272372,457.327933986285,3.69134959702794
54.1588946443507,417.161591877612,3.91756527311243
197.99941286918,290.2585011175,3.64229681686082
555.912990270172,260.608312896106,3.77497009312787
175.057856597336,22.4015748108686,4.37318838009418
507.334033553032,337.444099517628,4.6078296758655
41.8217387083543,58.5614351002942,3.99402386642011
519.923474723551,148.610779702395,4.75694616008932
NA,NA,NA
661.600391796836,335.342787081613,3.57734104197787
457.586468395767,300.525928721015,3.56377987615603
11.5869420244451,489.388886071745,3.85648697271426
562.116555168617,47.0592737547638,4.13059141345925
72.1331456121552,377.086483680838,3.992706280016
231.991250520743,409.949018542145,3.9041709561608
427.06432549423,12.4796733964662,3.28895010827443
361.037677419147,293.937006807549,3.06661828584107
605.3373543429,102.099442084963,4.18363497415792
391.344631014767,229.5477650424,4.23101598233043
571.108954429735,408.418225169418,4.77655595312933
145.3231307431,278.660121302397,4.57767846263848
199.447093871579,368.840358299512,3.99827765270693
122.775340311887,415.787072227084,3.44978136200212
625.196476201813,309.615442069747,4.42623851340159
2.49866371853174,150.397195215066,4.21037732537187
540.304359410066,198.14493467696,4.19752165625728
31.8826713231909,492.638034577919,2.93506687554428
281.243054840793,23.1330617811164,3.85604645501822
534.253493170343,390.810559450691,3.28333066644557
77.7207304141774,73.0176384166147,5.26083579712714
5.30789943959253,71.6202887554239,3.33318284137116
591.306032372452,231.148004195847,4.08150983024688
442.538336620933,460.304158921611,4.78495357992708
659.626382279201,374.331899441658,2.94659427653255
110.076565825738,485.677701432241,4.30165876308571
624.912335268772,91.9211226141444,4.13603546814347
422.906524602601,260.535294679,3.69212741281672
11.5396371597805,181.16092227111,3.19566868879766
65.9695280050521,120.668268041931,4.74521436109238
604.423487294175,195.609433658715,4.38593238553058
257.115856006393,222.544168846532,3.61661493610106
572.873020543668,434.09459824517,3.74606596909595
297.673791466963,138.369106756879,3.67895139229007
531.13484272372,457.327933986285,3.69134959702794
54.1588946443507,417.161591877612,3.91756527311243
197.99941286918,290.2585011175,3.64229681686082
555.912990270172,260.608312896106,3.77497009312787
175.057856597336,22.4015748108686,4.37318838009418
507.334033553032,337.444099517628,4.6078296758655
41.8217387083543,58.5614351002942,3.99402386642011
519.923474723551,148.610779702395,4.75694616008932
NA,NA,NA
661.600391796836,335.342787081613,3.57734104197787
457.586468395767,300.525928721015,3.56377987615603
11.5869420244451,489.388886071745,3.85648697271426
562.116555168617,47.0592737547638,4.13059141345925
72.1331456121552,377.086483680838,3.992706280016
231.991250520743,409.949018542145,3.9041709561608
427.06432549423,12.4796733964662,3.28895010827443
361.037677419147,293.937006807549,3.06661828584107
605.3373543429,102.099442084963,4.18363497415792
391.344631014767,229.5477650424,4.23101598233043
571.108954429735,408.418225169418,4.77655595312933
145.3231307431,278.660121302397,4.57767846263848
199.447093871579,368.840358299512,3.99827765270693
122.775340311887,415.787072227084,3.44978136200212
625.196476201813,309.615442069747,4.42623851340159
2.49866371853174,150.397195215066,4.21037732537187
540.304359410066,198.14493467696,4.19752165625728
31.8826713231909,492.638034577919,2.93506687554428
281.243054840793,23.1330617811164,3.85604645501822
534.253493170343,390.810559450691,3.28333066644557
77.7207304141774,73.0176384166147,5.26083579712714
5.30789943959253,71.6202887554239,3.33318284137116
591.306032372452,231.148004195847,4.08150983024688
442.538336620933,460.304158921611,4.78495357992708
659.626382279201,374.331899441658,2.94659427653255
110.076565825738,485.677701432241,4.30165876308571
624.912335268772,91.9211226141444,4.13603546814347
422.906524602601,260.535294679,3.69212741281672
11.5396371597805,181.16092227111,3.19566868879766
65.9695280050521,120.668268041931,4.74521436109238
604.423487294175,195.609433658715,4.38593238553058
257.115856006393,222.544168846532,3.61661493610106
572.873020543668,434.09459824517,3.74606596909595
297.673791466963,138.369106756879,3.67895139229007
531.13484272372,457.327933986285,3.69134959702794
54.1588946443507,417.161591877612,3.91756527311243
197.99941286918,290.2585011175,3.64229681686082
555.912990270172,260.608312896106,3.77497009312787
175.057856597336,22.4015748108686,4.37318838009418
507.334033553032,337.444099517628,4.6078296758655
41.8217387083543,58.5614351002942,3.99402386642011
519.923474723551,148.610779702395,4.75694616008932
NA,NA,NA
661.600391796836,335.342787081613,3.57734104197787
457.586468395767,300.525928721015,3.56377987615603
11.5869420244451,489.388886071745,3.85648697271426
562.116555168617,47.0592737547638,4.13059141345925
72.1331456121552,377.086483680838,3.992706280016
231.991250520743,409.949018542145,3.9041709561608
427.06432549423,12.4796733964662,3.28895010827443
361.037677419147,293.937006807549,3.06661828584107
605.3373543429,102.099442084963,4.18363497415792
391.344631014767,229.5477650424,4.23101598233043
571.108954429735,408.418225169418,4.77655595312933
145.3231307431,278.660121302397,4.57767846263848
199.447093871579,368.840358299512,3.99827765270693
122.775340311887,415.787072227084,3.44978136200212
625.196476201813,309.615442069747,4.42623851340159
2.49866371853174,150.397195215066,4.21037732537187
540.304359410066,198.14493467696,4.19752165625728
31.8826713231909,492.638034577919,2.93506687554428
281.243054840793,23.1330617811164,3.85604645501822
534.253493170343,390.810559450691,3.28333066644557
77.7207304141774,73.0176384166147,5.26083579712714
5.30789943959253,71.6202887554239,3.33318284137116
591.306032372452,231.148004195847,4.08150983024688
442.538336620933,460.304158921611,4.78495357992708
659.626382279201,374.331899441658,2.94659427653255
110.076565825738,485.677701432241,4.30165876308571
624.912335268772,91.9211226141444,4.13603546814347
422.906524602601,260.535294679,3.69212741281672
11.5396371597805,181.16092227111,3.19566868879766
65.9695280050521,120.668268041931,4.74521436109238
604.423487294175,195.609433658715,4.38593238553058
257.115856006393,222.544168846532,3.61661493610106
572.873020543668,434.09459824517,3.74606596909595
297.673791466963,138.369106756879,3.67895139229007
531.13484272372,457.327933986285,3.69134959702794
54.1588946443507,417.161591877612,3.91756527311243
197.99941286918,290.2585011175,3.64229681686082
555.912990270172,260.608312896106,3.77497009312787
175.057856597336,22.4015748108686,4.37318838009418
507.334033553032,337.444099517628,4.6078296758655
41.8217387083543,58.5614351002942,3.99402386642011
519.923474723551,148.610779702395,4.75694616008932
NA,NA,NA
661.600391796836,335.342787081613,3.57734104197787
457.586468395767,300.525928721015,3.56377987615603
11.5869420244451,489.388886071745,3.85648697271426
562.116555168617,47.0592737547638,4.13059141345925
72.1331456121552,377.086483680838,3.992706280016
231.991250520743,409.949018542145,3.9041709561608
427.06432549423,12.4796733964662,3.28895010827443
361.037677419147,293.937006807549,3.06661828584107
605.3373543429,102.099442084963,4.18363497415792
391.344631014767,229.5477650424,4.23101598233043
571.108954429735,408.418225169418,4.77655595312933
145.3231307431,278.660121302397,4.57767846263848
199.447093871579,368.840358299512,3.99827765270693
122.775340311887,415.787072227084,3.44978136200212
625.196476201813,309.615442069747,4.42623851340159
2.49866371853174,150.397195215066,4.21037732537187
540.304359410066,198.14493467696,4.19752165625728
31.8826713231909,492.638034577919,2.93506687554428
281.243054840793,23.1330617811164,3.85604645501822
534.253493170343,390.810559450691,3.28333066644557
77.7207304141774,73.0176384166147,5.26083579712714
5.30789943959253,71.6202887554239,3.33318284137116
591.306032372452,231.148004195847,4.08150983024688
442.538336620933,460.304158921611,4.78495357992708
659.626382279201,374.331899441658,2.94659427653255
110.076565825738,485.677701432241,4.30165876308571
624.912335268772,91.9211226141444,4.13603546814347
422.906524602601,260.535294679,3.69212741281672
11.5396371597805,181.16092227111,3.19566868879766
65.9695280050521,120.668268041931,4.74521436109238
604.423487294175,195.609433658715,4.38593238553058
257.115856006393,222.544168846532,3.61661493610106
572.873020543668,434.09459824517,3.74606596909595
297.673791466963,138.369106756879,3.67895139229007
531.13484272372,457.327933986285,3.69134959702794
54.1588946443507,417.161591877612,3.91756527311243
197.99941286918,290.2585011175,3.64229681686082
555.912990270172,260.608312896106,3.77497009312787
175.057856597336,22.4015748108686,4.37318838009418
507.334033553032,337.444099517628,4.6078296758655
41.8217387083543,58.5614351002942,3.99402386642011
519.923474723551,148.610779702395,4.75694616008932
NA,NA,NA
658.935366664368,336.122139826484,3.43329346359912
456.999616798499,297.481088202992,3.60116673978737
6.97296318081397,494.854253327865,3.64073043162965
559.689670114451,48.6526981579052,4.23029312783206
72.0475940972452,378.410784167085,4.03521018986045
228.381601292786,416.265006447275,3.82400909822911
428.817369679481,11.6694874468138,3.38819146887328
361.038366749685,293.16264980192,3.22322420077166
604.503385864069,108.097256635124,4.28740164624465
396.772419772856,226.933776465861,4.15874965381372
573.904633026628,411.329480114286,4.70585252939768
138.960850387946,281.189634125545,4.52581714996941
197.236003792271,367.773764083959,4.04152598324377
125.630489787073,413.796204852549,3.35360771717366
631.476859593471,314.30623360011,4.5137369515691
2.35099198459262,149.165076357517,4.27992501430545
541.676342645817,206.784628976459,4.15245403031884
33.9181217626887,492.819953707896,2.98166266025439
276.99888650039,23.9513034376497,3.89764503483133
531.904142773129,389.675503587399,3.39138963453508
78.8569237607186,69.1023056673934,5.12629950379085
7.85316008065939,74.1578915051877,3.41951932889361
590.615402085721,231.00780321119,4.04344436045951
440.420960106651,467.522595335194,4.82642018816495
659.002510356169,373.864053913097,2.89533875773585
105.924169397807,485.903644887638,4.36635968125532
624.28562025136,88.772886778969,4.04529713343222
420.986671454673,259.119030254749,3.65170814210234
11.9130933086518,184.283697856791,3.24704650113961
69.4315074738126,122.556425640356,4.62087514538196
612.84650107792,201.65619109913,4.1096227182895
260.107557076822,221.205582272314,3.91999947615029
575.865485213268,431.228247682016,3.93131163350671
304.347158353599,136.368779007975,3.74515069577511
515.916499487697,460.915677764597,3.59710998260488
45.7693147834341,412.298455768655,3.93400514225679
198.421851189265,298.468987893864,4.35780947430014
551.856271894154,259.583843406187,3.54189200264669
160.278296846688,21.3417999275374,4.24535274454373
493.213664247571,338.201185373076,4.27023055969014
43.4542545100397,47.0225083599423,4.18610532484915
537.593493255421,142.27476120391,4.61926317902299
NA,NA,NA
658.935366664368,336.122139826484,3.43329346359912
456.999616798499,297.481088202992,3.60116673978737
6.97296318081397,494.854253327865,3.64073043162965
559.689670114451,48.6526981579052,4.23029312783206
72.0475940972452,378.410784167085,4.03521018986045
228.381601292786,416.265006447275,3.82400909822911
428.817369679481,11.6694874468138,3.38819146887328
361.038366749685,293.16264980192,3.22322420077166
604.503385864069,108.097256635124,4.28740164624465
396.772419772856,226.933776465861,4.15874965381372
573.904633026628,411.329480114286,4.70585252939768
138.960850387946,281.189634125545,4.52581714996941
197.236003792271,367.773764083959,4.04152598324377
125.630489787073,413.796204852549,3.35360771717366
631.476859593471,314.30623360011,4.5137369515691
2.35099198459262,149.165076357517,4.27992501430545
541.676342645817,206.784628976459,4.15245403031884
33.9181217626887,492.819953707896,2.98166266025439
276.99888650039,23.9513034376497,3.89764503483133
531.904142773129,389.675503587399,3.39138963453508
78.8569237607186,69.1023056673934,5.12629950379085
7.85316008065939,74.1578915051877,3.41951932889361
590.615402085721,231.00780321119,4.04344436045951
440.420960106651,467.522595335194,4.82642018816495
659.002510356169,373.864053913097,2.89533875773585
105.924169397807,485.903644887638,4.36635968125532
624.28562025136,88.772886778969,4.04529713343222
420.986671454673,259.119030254749,3.65170814210234
11.9130933086518,184.283697856791,3.24704650113961
69.4315074738126,122.556425640356,4.62087514538196
612.84650107792,201.65619109913,4.1096227182895
260.107557076822,221.205582272314,3.91999947615029
575.865485213268,431.228247682016,3.93131163350671
304.347158353599,136.368779007975,3.74515069577511
515.916499487697,460.915677764597,3.59710998260488
45.7693147834341,412.298455768655,3.93400514225679
198.421851189265,298.468987893864,4.35780947430014
551.856271894154,259.583843406187,3.54189200264669
160.278296846688,21.3417999275374,4.24535274454373
493.213664247571,338.201185373076,4.27023055969014
43.4542545100397,47.0225083599423,4.18610532484915
537.593493255421,142.27476120391,4.61926317902299
NA,NA,NA
658.935366664368,336.122139826484,3.43329346359912
456.999616798499,297.481088202992,3.60116673978737
6.97296318081397,494.854253327865,3.64073043162965
559.689670114451,48.6526981579052,4.23029312783206
72.0475940972452,378.410784167085,4.03521018986045
228.381601292786,416.265006447275,3.82400909822911
428.817369679481,11.6694874468138,3.38819146887328
361.038366749685,293.16264980192,3.22322420077166
604.503385864069,108.097256635124,4.28740164624465
396.772419772856,226.933776465861,4.15874965381372
573.904633026628,411.329480114286,4.70585252939768
138.960850387946,281.189634125545,4.52581714996941
197.236003792271,367.773764083959,4.04152598324377
125.630489787073,413.796204852549,3.35360771717366
631.476859593471,314.30623360011,4.5137369515691
2.35099198459262,149.165076357517,4.27992501430545
541.676342645817,206.784628976459,4.15245403031884
33.9181217626887,492.819953707896,2.98166266025439
276.99888650039,23.9513034376497,3.89764503483133
531.904142773129,389.675503587399,3.39138963453508
78.8569237607186,69.1023056673934,5.12629950379085
7.85316008065939,74.1578915051877,3.41951932889361
590.615402085721,231.00780321119,4.04344436045951
440.420960106651,467.522595335194,4.82642018816495
659.002510356169,373.864053913097,2.89533875773585
105.924169397807,485.903644887638,4.36635968125532
624.28562025136,88.772886778969,4.04529713343222
420.986671454673,259.119030254749,3.65170814210234
11.9130933086518,184.283697856791,3.24704650113961
69.4315074738126,122.556425640356,4.62087514538196
612.84650107792,201.65619109913,4.1096227182895
260.107557076822,221.205582272314,3.91999947615029
575.865485213268,431.228247682016,3.93131163350671
304.347158353599,136.368779007975,3.74515069577511
515.916499487697,460.915677764597,3.59710998260488
45.7693147834341,412.298455768655,3.93400514225679
198.421851189265,298.468987893864,4.35780947430014
551.856271894154,259.583843406187,3.54189200264669
160.278296846688,21.3417999275374,4.24535274454373
493.213664247571,338.201185373076,4.27023055969014
43.4542545100397,47.0225083599423,4.18610532484915
537.593493255421,142.27476120391,4.61926317902299
NA,NA,NA
658.935366664368,336.122139826484,3.43329346359912
456.999616798499,297.481088202992,3.60116673978737
6.97296318081397,494.854253327865,3.64073043162965
559.689670114451,48.6526981579052,4.23029312783206
72.0475940972452,378.410784167085,4.03521018986045
228.381601292786,416.265006447275,3.82400909822911
428.817369679481,11.6694874468138,3.38819146887328
361.038366749685,293.16264980192,3.22322420077166
604.503385864069,108.097256635124,4.28740164624465
396.772419772856,226.933776465861,4.15874965381372
573.904633026628,411.329480114286,4.70585252939768
138.960850387946,281.189634125545,4.52581714996941
197.236003792271,367.773764083959,4.04152598324377
125.630489787073,413.796204852549,3.35360771717366
631.476859593471,314.30623360011,4.5137369515691
2.35099198459262,149.165076357517,4.27992501430545
541.676342645817,206.784628976459,4.15245403031884
33.9181217626887,492.819953707896,2.98166266025439
276.99888650039,23.9513034376497,3.89764503483133
531.904142773129,389.675503587399,3.39138963453508
78.8569237607186,69.1023056673934,5.12629950379085
7.85316008065939,74.1578915051877,3.41951932889361
590.615402085721,231.00780321119,4.04344436045951
440.420960106651,467.522595335194,4.82642018816495
659.002510356169,373.864053913097,2.89533875773585
105.924169397807,485.903644887638,4.36635968125532
624.28562025136,88.772886778969,4.04529713343222
420.986671454673,259.119030254749,3.65170814210234
11.9130933086518,184.283697856791,3.24704650113961
69.4315074738126,122.556425640356,4.62087514538196
612.84650107792,201.65619109913,4.1096227182895
260.107557076822,221.205582272314,3.91999947615029
575.865485213268,431.228247682016,3.93131163350671
304.347158353599,136.368779007975,3.74515069577511
515.916499487697,460.915677764597,3.59710998260488
45.7693147834341,412.298455768655,3.93400514225679
198.421851189265,298.468987893864,4.35780947430014
551.856271894154,259.583843406187,3.54189200264669
160.278296846688,21.3417999275374,4.24535274454373
493.213664247571,338.201185373076,4.27023055969014
43.4542545100397,47.0225083599423,4.18610532484915
537.593493255421,142.27476120391,4.61926317902299
NA,NA,NA
658.935366664368,336.122139826484,3.43329346359912
456.999616798499,297.481088202992,3.60116673978737
6.97296318081397,494.854253327865,3.64073043162965
559.689670114451,48.6526981579052,4.23029312783206
72.0475940972452,378.410784167085,4.03521018986045
228.381601292786,416.265006447275,3.82400909822911
428.817369679481,11.6694874468138,3.38819146887328
361.038366749685,293.16264980192,3.22322420077166
604.503385864069,108.097256635124,4.28740164624465
396.772419772856,226.933776465861,4.15874965381372
573.904633026628,411.329480114286,4.70585252939768
138.960850387946,281.189634125545,4.52581714996941
197.236003792271,367.773764083959,4.04152598324377
125.630489787073,413.796204852549,3.35360771717366
631.476859593471,314.30623360011,4.5137369515691
2.35099198459262,149.165076357517,4.27992501430545
541.676342645817,206.784628976459,4.15245403031884
33.9181217626887,492.819953707896,2.98166266025439
276.99888650039,23.9513034376497,3.89764503483133
531.904142773129,389.675503587399,3.39138963453508
78.8569237607186,69.1023056673934,5.12629950379085
7.85316008065939,74.1578915051877,3.41951932889361
590.615402085721,231.00780321119,4.04344436045951
440.420960106651,467.522595335194,4.82642018816495
659.002510356169,373.864053913097,2.89533875773585
105.924169397807,485.903644887638,4.36635968125532
624.28562025136,88.772886778969,4.04529713343222
420.986671454673,259.119030254749,3.65170814210234
11.9130933086518,184.283697856791,3.24704650113961
69.4315074738126,122.556425640356,4.62087514538196
612.84650107792,201.65619109913,4.1096227182895
260.107557076822,221.205582272314,3.91999947615029
575.865485213268,431.228247682016,3.93131163350671
304.347158353599,136.368779007975,3.74515069577511
515.916499487697,460.915677764597,3.59710998260488
45.7693147834341,412.298455768655,3.93400514225679
198.421851189265,298.468987893864,4.35780947430014
551.856271894154,259.583843406187,3.54189200264669
160.278296846688,21.3417999275374,4.24535274454373
493.213664247571,338.201185373076,4.27023055969014
43.4542545100397,47.0225083599423,4.18610532484915
537.593493255421,142.27476120391,4.61926317902299
NA,NA,NA
658.935366664368,336.122139826484,3.43329346359912
456.999616798499,297.481088202992,3.60116673978737
6.97296318081397,494.854253327865,3.64073043162965
559.689670114451,48.6526981579052,4.23029312783206
72.0475940972452,378.410784167085,4.03521018986045
228.381601292786,416.265006447275,3.82400909822911
428.817369679481,11.6694874468138,3.38819146887328
361.038366749685,293.16264980192,3.22322420077166
604.503385864069,108.097256635124,4.28740164624465
396.772419772856,226.933776465861,4.15874965381372
573.904633026628,411.329480114286,4.70585252939768
138.960850387946,281.189634125545,4.52581714996941
197.236003792271,367.773764083959,4.04152598324377
125.630489787073,413.796204852549,3.35360771717366
631.476859593471,314.30623360011,4.5137369515691
2.35099198459262,149.165076357517,4.27992501430545
541.676342645817,206.784628976459,4.15245403031884
33.9181217626887,492.819953707896,2.98166266025439
276.99888650039,23.9513034376497,3.89764503483133
531.904142773129,389.675503587399,3.39138963453508
78.8569237607186,69.1023056673934,5.12629950379085
7.85316008065939,74.1578915051877,3.41951932889361
590.615402085721,231.00780321119,4.04344436045951
440.420960106651,467.522595335194,4.82642018816495
659.002510356169,373.864053913097,2.89533875773585
105.924169397807,485.903644887638,4.36635968125532
624.28562025136,88.772886778969,4.04529713343222
420.986671454673,259.119030254749,3.65170814210234
11.9130933086518,184.283697856791,3.24704650113961
69.4315074738126,122.556425640356,4.62087514538196
612.84650107792,201.65619109913,4.1096227182895
260.107557076822,221.205582272314,3.91999947615029
575.865485213268,431.228247682016,3.93131163350671
304.347158353599,136.368779007975,3.74515069577511
515.916499487697,460.915677764597,3.59710998260488
45.7693147834341,412.298455768655,3.93400514225679
198.421851189265,298.468987893864,4.35780947430014
551.856271894154,259.583843406187,3.54189200264669
160.278296846688,21.3417999275374,4.24535274454373
493.213664247571,338.201185373076,4.27023055969014
43.4542545100397,47.0225083599423,4.18610532484915
537.593493255421,142.27476120391,4.61926317902299
NA,NA,NA
660.692800502705,331.847831170877,3.38471550580933
458.734324987643,300.326157000904,3.74229859427896
12.1016060761338,492.459922286848,3.66964521182316
559.195212661859,52.0460337387109,4.21491640701512
70.1706517934442,375.318693021397,3.92407294851705
226.498966884672,414.583702368338,3.85333380603838
429.107283448112,11.1370786923178,3.38619718859793
366.604660691799,290.860588292336,3.05829307039265
603.445836626101,102.374063327296,4.07520552600563
393.189005892237,229.749904004532,4.21654450050005
571.050471646112,411.796431047851,4.72850135954149
142.766989778895,283.286522337261,4.57811053193867
196.525346438117,367.994594132052,4.01857184679794
125.064752065622,410.073760947295,3.41365122117062
626.633580383506,315.413707505939,4.51400390510495
4.9723103669215,148.274298762105,4.24028968637973
542.091382381055,206.546987945183,4.09480783879261
33.0795981809286,493.725473556652,2.99282266815026
280.17816283923,24.8320756900325,3.89209401082569
534.561461998491,391.562959070809,3.52381291969833
74.4169159112497,78.2283676654466,5.2164206101246
5.73240955515749,77.0690159584376,3.5039441822497
588.390823060398,224.399375514857,4.05021530788589
443.54226108448,462.074648787046,4.82486047849988
660.296657479317,372.693492807708,2.904818475214
113.210677122627,488.768972661245,4.42673425417454
620.082114360491,91.4887332930515,4.11552802259995
420.397822062688,258.440692995463,3.5786837246701
9.31426723642735,183.335198131055,3.41647694545975
72.452651361645,120.643314215444,4.28731289485206
614.663271670851,200.888335394215,4.28764524157548
248.387742825389,219.753371004476,3.99726651976486
578.278793532867,435.719337204616,3.57489034445645
298.523429677421,144.714040793221,4.0502978634593
527.600311886669,455.017302830657,3.60125022210475
45.0613295180032,413.885580930365,4.00612329797423
194.577331696869,297.247099437293,4.28686333004425
550.874510399892,264.049885321834,3.58477717403
167.011203065128,17.4275015247927,4.38497824488878
505.53171104634,349.827364518285,4.7831172013028
29.9482811653618,50.0546693000075,4.28340216179837
530.139915930102,155.642689423699,4.73397794228936
NA,NA,NA
660.692800502705,331.847831170877,3.38471550580933
458.734324987643,300.326157000904,3.74229859427896
12.1016060761338,492.459922286848,3.66964521182316
559.195212661859,52.0460337387109,4.21491640701512
70.1706517934442,375.318693021397,3.92407294851705
226.498966884672,414.583702368338,3.85333380603838
429.107283448112,11.1370786923178,3.38619718859793
366.604660691799,290.860588292336,3.05829307039265
603.445836626101,102.374063327296,4.07520552600563
393.189005892237,229.749904004532,4.21654450050005
571.050471646112,411.796431047851,4.72850135954149
142.766989778895,283.286522337261,4.57811053193867
196.525346438117,367.994594132052,4.01857184679794
125.064752065622,410.073760947295,3.41365122117062
626.633580383506,315.413707505939,4.51400390510495
4.9723103669215,148.274298762105,4.24028968637973
542.091382381055,206.546987945183,4.09480783879261
33.0795981809286,493.725473556652,2.99282266815026
280.17816283923,24.8320756900325,3.89209401082569
534.561461998491,391.562959070809,3.52381291969833
74.4169159112497,78.2283676654466,5.2164206101246
5.73240955515749,77.0690159584376,3.5039441822497
588.390823060398,224.399375514857,4.05021530788589
443.54226108448,462.074648787046,4.82486047849988
660.296657479317,372.693492807708,2.904818475214
113.210677122627,488.768972661245,4.42673425417454
620.082114360491,91.4887332930515,4.11552802259995
420.397822062688,258.440692995463,3.5786837246701
9.31426723642735,183.335198131055,3.41647694545975
72.452651361645,120.643314215444,4.28731289485206
614.663271670851,200.888335394215,4.28764524157548
248.387742825389,219.753371004476,3.99726651976486
578.278793532867,435.719337204616,3.57489034445645
298.523429677421,144.714040793221,4.0502978634593
527.600311886669,455.017302830657,3.60125022210475
45.0613295180032,413.885580930365,4.00612329797423
194.577331696869,297.247099437293,4.28686333004425
550.874510399892,264.049885321834,3.58477717403
167.011203065128,17.4275015247927,4.38497824488878
505.53171104634,349.827364518285,4.7831172013028
29.9482811653618,50.0546693000075,4.28340216179837
530.139915930102,155.642689423699,4.73397794228936
NA,NA,NA
660.692800502705,331.847831170877,3.38471550580933
458.734324987643,300.326157000904,3.74229859427896
12.1016060761338,492.459922286848,3.66964521182316
559.195212661859,52.0460337387109,4.21491640701512
70.1706517934442,375.318693021397,3.92407294851705
226.498966884672,414.583702368338,3.85333380603838
429.107283448112,11.1370786923178,3.38619718859793
366.604660691799,290.860588292336,3.05829307039265
603.445836626101,102.374063327296,4.07520552600563
393.189005892237,229.749904004532,4.21654450050005
571.050471646112,411.796431047851,4.72850135954149
142.766989778895,283.286522337261,4.57811053193867
196.525346438117,367.994594132052,4.01857184679794
125.064752065622,410.073760947295,3.41365122117062
626.633580383506,315.413707505939,4.51400390510495
4.9723103669215,148.274298762105,4.24028968637973
542.091382381055,206.546987945183,4.09480783879261
33.0795981809286,493.725473556652,2.99282266815026
280.17816283923,24.8320756900325,3.89209401082569
534.561461998491,391.562959070809,3.52381291969833
74.4169159112497,78.2283676654466,5.2164206101246
5.73240955515749,77.0690159584376,3.5039441822497
588.390823060398,224.399375514857,4.05021530788589
443.54226108448,462.074648787046,4.82486047849988
660.296657479317,372.693492807708,2.904818475214
113.210677122627,488.768972661245,4.42673425417454
620.082114360491,91.4887332930515,4.11552802259995
420.397822062688,258.440692995463,3.5786837246701
9.31426723642735,183.335198131055,3.41647694545975
72.452651361645,120.643314215444,4.28731289485206
614.663271670851,200.888335394215,4.28764524157548
248.387742825389,219.753371004476,3.99726651976486
578.278793532867,435.719337204616,3.57489034445645
298.523429677421,144.714040793221,4.0502978634593
527.600311886669,455.017302830657,3.60125022210475
45.0613295180032,413.885580930365,4.00612329797423
194.577331696869,297.247099437293,4.28686333004425
550.874510399892,264.049885321834,3.58477717403
167.011203065128,17.4275015247927,4.38497824488878
505.53171104634,349.827364518285,4.7831172013028
29.9482811653618,50.0546693000075,4.28340216179837
530.139915930102,155.642689423699,4.73397794228936
NA,NA,NA
660.692800502705,331.847831170877,3.38471550580933
458.734324987643,300.326157000904,3.74229859427896
12.1016060761338,492.459922286848,3.66964521182316
559.195212661859,52.0460337387109,4.21491640701512
70.1706517934442,375.318693021397,3.92407294851705
226.498966884672,414.583702368338,3.85333380603838
429.107283448112,11.1370786923178,3.38619718859793
366.604660691799,290.860588292336,3.05829307039265
603.445836626101,102.374063327296,4.07520552600563
393.189005892237,229.749904004532,4.21654450050005
571.050471646112,411.796431047851,4.72850135954149
142.766989778895,283.286522337261,4.57811053193867
196.525346438117,367.994594132052,4.01857184679794
125.064752065622,410.073760947295,3.41365122117062
626.633580383506,315.413707505939,4.51400390510495
4.9723103669215,148.274298762105,4.24028968637973
542.091382381055,206.546987945183,4.09480783879261
33.0795981809286,493.725473556652,2.99282266815026
280.17816283923,24.8320756900325,3.89209401082569
534.561461998491,391.562959070809,3.52381291969833
74.4169159112497,78.2283676654466,5.2164206101246
5.73240955515749,77.0690159584376,3.5039441822497
588.390823060398,224.399375514857,4.05021530788589
443.54226108448,462.074648787046,4.82486047849988
660.296657479317,372.693492807708,2.904818475214
113.210677122627,488.768972661245,4.42673425417454
620.082114360491,91.4887332930515,4.11552802259995
420.397822062688,258.440692995463,3.5786837246701
9.31426723642735,183.335198131055,3.41647694545975
72.452651361645,120.643314215444,4.28731289485206
614.663271670851,200.888335394215,4.28764524157548
248.387742825389,219.753371004476,3.99726651976486
578.278793532867,435.719337204616,3.57489034445645
298.523429677421,144.714040793221,4.0502978634593
527.600311886669,455.017302830657,3.60125022210475
45.0613295180032,413.885580930365,4.00612329797423
194.577331696869,297.247099437293,4.28686333004425
550.874510399892,264.049885321834,3.58477717403
167.011203065128,17.4275015247927,4.38497824488878
505.53171104634,349.827364518285,4.7831172013028
29.9482811653618,50.0546693000075,4.28340216179837
530.139915930102,155.642689423699,4.73397794228936
NA,NA,NA
660.692800502705,331.847831170877,3.38471550580933
458.734324987643,300.326157000904,3.74229859427896
12.1016060761338,492.459922286848,3.66964521182316
559.195212661859,52.0460337387109,4.21491640701512
70.1706517934442,375.318693021397,3.92407294851705
226.498966884672,414.583702368338,3.85333380603838
429.107283448112,11.1370786923178,3.38619718859793
366.604660691799,290.860588292336,3.05829307039265
603.445836626101,102.374063327296,4.07520552600563
393.189005892237,229.749904004532,4.21654450050005
571.050471646112,411.796431047851,4.72850135954149
142.766989778895,283.286522337261,4.57811053193867
196.525346438117,367.994594132052,4.01857184679794
125.064752065622,410.073760947295,3.41365122117062
626.633580383506,315.413707505939,4.51400390510495
4.9723103669215,148.274298762105,4.24028968637973
542.091382381055,206.546987945183,4.09480783879261
33.0795981809286,493.725473556652,2.99282266815026
280.17816283923,24.8320756900325,3.89209401082569
534.561461998491,391.562959070809,3.52381291969833
74.4169159112497,78.2283676654466,5.2164206101246
5.73240955515749,77.0690159584376,3.5039441822497
588.390823060398,224.399375514857,4.05021530788589
443.54226108448,462.074648787046,4.82486047849988
660.296657479317,372.693492807708,2.904818475214
113.210677122627,488.768972661245,4.42673425417454
620.082114360491,91.4887332930515,4.11552802259995
420.397822062688,258.440692995463,3.5786837246701
9.31426723642735,183.335198131055,3.41647694545975
72.452651361645,120.643314215444,4.28731289485206
614.663271670851,200.888335394215,4.28764524157548
248.387742825389,219.753371004476,3.99726651976486
578.278793532867,435.719337204616,3.57489034445645
298.523429677421,144.714040793221,4.0502978634593
527.600311886669,455.017302830657,3.60125022210475
45.0613295180032,413.885580930365,4.00612329797423
194.577331696869,297.247099437293,4.28686333004425
550.874510399892,264.049885321834,3.58477717403
167.011203065128,17.4275015247927,4.38497824488878
505.53171104634,349.827364518285,4.7831172013028
29.9482811653618,50.0546693000075,4.28340216179837
530.139915930102,155.642689423699,4.73397794228936
NA,NA,NA
660.692800502705,331.847831170877,3.38471550580933
458.734324987643,300.326157000904,3.74229859427896
12.1016060761338,492.459922286848,3.66964521182316
559.195212661859,52.0460337387109,4.21491640701512
70.1706517934442,375.318693021397,3.92407294851705
226.498966884672,414.583702368338,3.85333380603838
429.107283448112,11.1370786923178,3.38619718859793
366.604660691799,290.860588292336,3.05829307039265
603.445836626101,102.374063327296,4.07520552600563
393.189005892237,229.749904004532,4.21654450050005
571.050471646112,411.796431047851,4.72850135954149
142.766989778895,283.286522337261,4.57811053193867
196.525346438117,367.994594132052,4.01857184679794
125.064752065622,410.073760947295,3.41365122117062
626.633580383506,315.413707505939,4.51400390510495
4.9723103669215,148.274298762105,4.24028968637973
542.091382381055,206.546987945183,4.09480783879261
33.0795981809286,493.725473556652,2.99282266815026
280.17816283923,24.8320756900325,3.89209401082569
534.561461998491,391.562959070809,3.52381291969833
74.4169159112497,78.2283676654466,5.2164206101246
5.73240955515749,77.0690159584376,3.5039441822497
588.390823060398,224.399375514857,4.05021530788589
443.54226108448,462.074648787046,4.82486047849988
660.296657479317,372.693492807708,2.904818475214
113.210677122627,488.768972661245,4.42673425417454
620.082114360491,91.4887332930515,4.11552802259995
420.397822062688,258.440692995463,3.5786837246701
9.31426723642735,183.335198131055,3.41647694545975
72.452651361645,120.643314215444,4.28731289485206
614.663271670851,200.888335394215,4.28764524157548
248.387742825389,219.753371004476,3.99726651976486
578.278793532867,435.719337204616,3.57489034445645
298.523429677421,144.714040793221,4.0502978634593
527.600311886669,455.017302830657,3.60125022210475
45.0613295180032,413.885580930365,4.00612329797423
194.577331696869,297.247099437293,4.28686333004425
550.874510399892,264.049885321834,3.58477717403
167.011203065128,17.4275015247927,4.38497824488878
505.53171104634,349.827364518285,4.7831172013028
29.9482811653618,50.0546693000075,4.28340216179837
530.139915930102,155.642689423699,4.73397794228936
NA,NA,NA
662.179925210262,334.701282824475,3.4739288154913
456.700872924031,299.76818261296,3.84247850199715
9.43523684440028,495.911491515263,3.71125334787469
555.01844347357,53.2674620736283,4.15340293535941
73.8966891873506,376.332306697606,4.0062967035189
224.027373229567,417.213271083391,3.80590637728942
428.27177369079,13.4122125465923,3.38975664419994
361.232194008403,291.605752435485,2.99942195253771
606.396245732967,101.631682154542,4.28856917151709
393.431976182037,233.607230937891,4.19003222373011
566.715147942064,404.416144879537,4.73289837615159
139.338447737198,283.579219800023,4.50523209154671
198.614808205247,364.883742567282,4.06513068473046
122.60233349389,415.840717954238,3.34286626319398
623.767006748419,314.983673625877,4.52018599535499
-0.639176864120528,156.13739961173,4.37151064540396
542.133105214879,206.790951447621,4.12858144405219
35.0807411182707,490.995390717055,2.96970932453566
283.010278161962,21.7871675005295,3.95522542401663
534.00891842342,389.055936286836,3.30956429442398
73.2490263831404,76.3399320302186,5.22809943651629
7.31739087043529,76.428674814643,3.46590331478705
585.116363875072,225.30682813344,4.02736137386311
444.342216378615,460.204317151376,4.78047874466355
659.448516945782,370.89227441316,3.20796346996325
105.428705774361,487.770390112896,4.29792312619369
624.123351006468,91.686726014504,4.14949568989818
424.237392902103,258.988788372115,3.6493946165731
10.3803261009419,182.024661897823,3.20167174275482
66.0711713619151,125.244992889727,4.54376835493296
603.380789700616,199.915012870102,4.21379382392119
259.51067654298,218.218359836423,4.19607077040904
566.598533512118,428.470914424542,3.89460367791969
304.03216217418,135.840008613236,3.90043833994897
528.999650054073,454.704147988857,3.59462401901946
40.939760374714,420.124009187169,3.75803803660154
206.893900728285,301.383514487818,3.89020965057196
555.623596330491,261.218953074232,3.86121745623433
164.517086024574,25.9930508097916,4.30561739164346
511.477190543871,354.009248125734,4.68005746431591
42.7752995349409,43.1459598694029,3.86981412519536
538.138192331352,141.554936820165,4.46291240801629
NA,NA,NA
662.179925210262,334.701282824475,3.4739288154913
456.700872924031,299.76818261296,3.84247850199715
9.43523684440028,495.911491515263,3.71125334787469
555.01844347357,53.2674620736283,4.15340293535941
73.8966891873506,376.332306697606,4.0062967035189
224.027373229567,417.213271083391,3.80590637728942
428.27177369079,13.4122125465923,3.38975664419994
361.232194008403,291.605752435485,2.99942195253771
606.396245732967,101.631682154542,4.28856917151709
393.431976182037,233.607230937891,4.19003222373011
566.715147942064,404.416144879537,4.73289837615159
139.338447737198,283.579219800023,4.50523209154671
198.614808205247,364.883742567282,4.06513068473046
122.60233349389,415.840717954238,3.34286626319398
623.767006748419,314.983673625877,4.52018599535499
-0.639176864120528,156.13739961173,4.37151064540396
542.133105214879,206.790951447621,4.12858144405219
35.0807411182707,490.995390717055,2.96970932453566
283.010278161962,21.7871675005295,3.95522542401663
534.00891842342,389.055936286836,3.30956429442398
73.2490263831404,76.3399320302186,5.22809943651629
7.31739087043529,76.428674814643,3.46590331478705
585.116363875072,225.30682813344,4.02736137386311
444.342216378615,460.204317151376,4.78047874466355
659.448516945782,370.89227441316,3.20796346996325
105.428705774361,487.770390112896,4.29792312619369
624.123351006468,91.686726014504,4.14949568989818
424.237392902103,258.988788372115,3.6493946165731
10.3803261009419,182.024661897823,3.20167174275482
66.0711713619151,125.244992889727,4.54376835493296
603.380789700616,199.915012870102,4.21379382392119
259.51067654298,218.218359836423,4.19607077040904
566.598533512118,428.470914424542,3.89460367791969
304.03216217418,135.840008613236,3.90043833994897
528.999650054073,454.704147988857,3.59462401901946
40.939760374714,420.124009187169,3.75803803660154
206.893900728285,301.383514487818,3.89020965057196
555.623596330491,261.218953074232,3.86121745623433
164.517086024574,25.9930508097916,4.30561739164346
511.477190543871,354.009248125734,4.68005746431591
42.7752995349409,43.1459598694029,3.86981412519536
538.138192331352,141.554936820165,4.46291240801629
NA,NA,NA
662.179925210262,334.701282824475,3.4739288154913
456.700872924031,299.76818261296,3.84247850199715
9.43523684440028,495.911491515263,3.71125334787469
555.01844347357,53.2674620736283,4.15340293535941
73.8966891873506,376.332306697606,4.0062967035189
224.027373229567,417.213271083391,3.80590637728942
428.27177369079,13.4122125465923,3.38975664419994
361.232194008403,291.605752435485,2.99942195253771
606.396245732967,101.631682154542,4.28856917151709
393.431976182037,233.607230937891,4.19003222373011
566.715147942064,404.416144879537,4.73289837615159
139.338447737198,283.579219800023,4.50523209154671
198.614808205247,364.883742567282,4.06513068473046
122.60233349389,415.840717954238,3.34286626319398
623.767006748419,314.983673625877,4.52018599535499
-0.639176864120528,156.13739961173,4.37151064540396
542.133105214879,206.790951447621,4.12858144405219
35.0807411182707,490.995390717055,2.96970932453566
283.010278161962,21.7871675005295,3.95522542401663
534.00891842342,389.055936286836,3.30956429442398
73.2490263831404,76.3399320302186,5.22809943651629
7.31739087043529,76.428674814643,3.46590331478705
585.116363875072,225.30682813344,4.02736137386311
444.342216378615,460.204317151376,4.78047874466355
659.448516945782,370.89227441316,3.20796346996325
105.428705774361,487.770390112896,4.29792312619369
624.123351006468,91.686726014504,4.14949568989818
424.237392902103,258.988788372115,3.6493946165731
10.3803261009419,182.024661897823,3.20167174275482
66.0711713619151,125.244992889727,4.54376835493296
603.380789700616,199.915012870102,4.21379382392119
259.51067654298,218.218359836423,4.19607077040904
566.598533512118,428.470914424542,3.89460367791969
304.03216217418,135.840008613236,3.90043833994897
528.999650054073,454.704147988857,3.59462401901946
40.939760374714,420.124009187169,3.75803803660154
206.893900728285,301.383514487818,3.89020965057196
555.623596330491,261.218953074232,3.86121745623433
164.517086024574,25.9930508097916,4.30561739164346
511.477190543871,354.009248125734,4.68005746431591
42.7752995349409,43.1459598694029,3.86981412519536
538.138192331352,141.554936820165,4.46291240801629
NA,NA,NA
662.179925210262,334.701282824475,3.4739288154913
456.700872924031,299.76818261296,3.84247850199715
9.43523684440028,495.911491515263,3.71125334787469
555.01844347357,53.2674620736283,4.15340293535941
73.8966891873506,376.332306697606,4.0062967035189
224.027373229567,417.213271083391,3.80590637728942
428.27177369079,13.4122125465923,3.38975664419994
361.232194008403,291.605752435485,2.99942195253771
606.396245732967,101.631682154542,4.28856917151709
393.431976182037,233.607230937891,4.19003222373011
566.715147942064,404.416144879537,4.73289837615159
139.338447737198,283.579219800023,4.50523209154671
198.614808205247,364.883742567282,4.06513068473046
122.60233349389,415.840717954238,3.34286626319398
623.767006748419,314.983673625877,4.52018599535499
-0.639176864120528,156.13739961173,4.37151064540396
542.133105214879,206.790951447621,4.12858144405219
35.0807411182707,490.995390717055,2.96970932453566
283.010278161962,21.7871675005295,3.95522542401663
534.00891842342,389.055936286836,3.30956429442398
73.2490263831404,76.3399320302186,5.22809943651629
7.31739087043529,76.428674814643,3.46590331478705
585.116363875072,225.30682813344,4.02736137386311
444.342216378615,460.204317151376,4.78047874466355
659.448516945782,370.89227441316,3.20796346996325
105.428705774361,487.770390112896,4.29792312619369
624.123351006468,91.686726014504,4.14949568989818
424.237392902103,258.988788372115,3.6493946165731
10.3803261009419,182.024661897823,3.20167174275482
66.0711713619151,125.244992889727,4.54376835493296
603.380789700616,199.915012870102,4.21379382392119
259.51067654298,218.218359836423,4.19607077040904
566.598533512118,428.470914424542,3.89460367791969
304.03216217418,135.840008613236,3.90043833994897
528.999650054073,454.704147988857,3.59462401901946
40.939760374714,420.124009187169,3.75803803660154
206.893900728285,301.383514487818,3.89020965057196
555.623596330491,261.218953074232,3.86121745623433
164.517086024574,25.9930508097916,4.30561739164346
511.477190543871,354.009248125734,4.68005746431591
42.7752995349409,43.1459598694029,3.86981412519536
538.138192331352,141.554936820165,4.46291240801629
NA,NA,NA
662.179925210262,334.701282824475,3.4739288154913
456.700872924031,299.76818261296,3.84247850199715
9.43523684440028,495.911491515263,3.71125334787469
555.01844347357,53.2674620736283,4.15340293535941
73.8966891873506,376.332306697606,4.0062967035189
224.027373229567,417.213271083391,3.80590637728942
428.27177369079,13.4122125465923,3.38975664419994
361.232194008403,291.605752435485,2.99942195253771
606.396245732967,101.631682154542,4.28856917151709
393.431976182037,233.607230937891,4.19003222373011
566.715147942064,404.416144879537,4.73289837615159
139.338447737198,283.579219800023,4.50523209154671
198.614808205247,364.883742567282,4.06513068473046
122.60233349389,415.840717954238,3.34286626319398
623.767006748419,314.983673625877,4.52018599535499
-0.639176864120528,156.13739961173,4.37151064540396
542.133105214879,206.790951447621,4.12858144405219
35.0807411182707,490.995390717055,2.96970932453566
283.010278161962,21.7871675005295,3.95522542401663
534.00891842342,389.055936286836,3.30956429442398
73.2490263831404,76.3399320302186,5.22809943651629
7.31739087043529,76.428674814643,3.46590331478705
585.116363875072,225.30682813344,4.02736137386311
444.342216378615,460.204317151376,4.78047874466355
659.448516945782,370.89227441316,3.20796346996325
105.428705774361,487.770390112896,4.29792312619369
624.123351006468,91.686726014504,4.14949568989818
424.237392902103,258.988788372115,3.6493946165731
10.3803261009419,182.024661897823,3.20167174275482
66.0711713619151,125.244992889727,4.54376835493296
603.380789700616,199.915012870102,4.21379382392119
259.51067654298,218.218359836423,4.19607077040904
566.598533512118,428.470914424542,3.89460367791969
304.03216217418,135.840008613236,3.90043833994897
528.999650054073,454.704147988857,3.59462401901946
40.939760374714,420.124009187169,3.75803803660154
206.893900728285,301.383514487818,3.89020965057196
555.623596330491,261.218953074232,3.86121745623433
164.517086024574,25.9930508097916,4.30561739164346
511.477190543871,354.009248125734,4.68005746431591
42.7752995349409,43.1459598694029,3.86981412519536
538.138192331352,141.554936820165,4.46291240801629
NA,NA,NA
662.179925210262,334.701282824475,3.4739288154913
456.700872924031,299.76818261296,3.84247850199715
9.43523684440028,495.911491515263,3.71125334787469
555.01844347357,53.2674620736283,4.15340293535941
73.8966891873506,376.332306697606,4.0062967035189
224.027373229567,417.213271083391,3.80590637728942
428.27177369079,13.4122125465923,3.38975664419994
361.232194008403,291.605752435485,2.99942195253771
606.396245732967,101.631682154542,4.28856917151709
393.431976182037,233.607230937891,4.19003222373011
566.715147942064,404.416144879537,4.73289837615159
139.338447737198,283.579219800023,4.50523209154671
198.614808205247,364.883742567282,4.06513068473046
122.60233349389,415.840717954238,3.34286626319398
623.767006748419,314.983673625877,4.52018599535499
-0.639176864120528,156.13739961173,4.37151064540396
542.133105214879,206.790951447621,4.12858144405219
35.0807411182707,490.995390717055,2.96970932453566
283.010278161962,21.7871675005295,3.95522542401663
534.00891842342,389.055936286836,3.30956429442398
73.2490263831404,76.3399320302186,5.22809943651629
7.31739087043529,76.428674814643,3.46590331478705
585.116363875072,225.30682813344,4.02736137386311
444.342216378615,460.204317151376,4.78047874466355
659.448516945782,370.89227441316,3.20796346996325
105.428705774361,487.770390112896,4.29792312619369
624.123351006468,91.686726014504,4.14949568989818
424.237392902103,258.988788372115,3.6493946165731
10.3803261009419,182.024661897823,3.20167174275482
66.0711713619151,125.244992889727,4.54376835493296
603.380789700616,199.915012870102,4.21379382392119
259.51067654298,218.218359836423,4.19607077040904
566.598533512118,428.470914424542,3.89460367791969
304.03216217418,135.840008613236,3.90043833994897
528.999650054073,454.704147988857,3.59462401901946
40.939760374714,420.124009187169,3.75803803660154
206.893900728285,301.383514487818,3.89020965057196
555.623596330491,261.218953074232,3.86121745623433
164.517086024574,25.9930508097916,4.30561739164346
511.477190543871,354.009248125734,4.68005746431591
42.7752995349409,43.1459598694029,3.86981412519536
538.138192331352,141.554936820165,4.46291240801629
NA,NA,NA
660.230335515807,331.048302852741,3.50377579321371
459.877703031292,301.541632620997,3.79595454372389
9.97958860135774,495.949660738585,3.68693796764832
558.475702723127,48.9729154620638,4.2306782442054
77.026080584546,375.086376020442,4.03914682286821
228.10531372928,416.569218622177,3.88951614901153
427.085050118035,12.9762613927884,3.38451530746672
362.995443075423,293.788949127569,3.22576751828557
609.260310432003,106.306246317846,4.10011144541753
391.31580231151,226.115237142207,4.20700541703702
566.956953418451,406.735470468858,4.73244401216048
139.468858219981,282.498477247516,4.5526199663043
195.289615140888,369.979885469317,3.97114650631632
122.774591275618,412.220203793726,3.39647085769703
623.336550823531,312.206989173546,4.61339780187932
6.25967235933764,151.575421855609,4.32721266107676
539.06086214143,200.630344800986,4.29657880730893
34.7827137124462,490.160978039652,3.07680643712225
276.501081753028,23.9798735660335,3.93508817979474
533.021196966073,391.221530280886,3.517190940385
69.4845509653636,75.9348282914348,5.27236689277396
5.67444836679621,74.6843701799697,3.50785515834426
586.723180005909,227.545923132796,4.08365416561884
437.275365677535,458.499388545916,4.76259330479061
658.509289700242,373.797145121105,3.08984325644695
108.014117115259,479.394763726265,4.33478394209005
625.331503467255,90.4222620139743,4.09021032287031
420.333649080034,255.913180880589,3.66585440601139
13.2746960999369,183.856786150521,3.24529562969296
64.3648456734014,110.62832828448,4.59526272685599
615.473513308106,219.77101935836,4.33627899349361
253.855796800851,215.635101135996,3.82616369911297
580.409617045193,439.349617720011,3.73022911638046
298.997934946915,139.347830883164,3.84527107553463
526.152348091256,464.484344410264,3.68938814644559
51.9809285452246,425.183908549354,3.89797584506969
195.937793994118,292.821635346647,3.83844338568331
548.505842652098,259.48916119631,3.48294100073754
178.709143610231,31.2503995913677,4.34233642024104
502.492868202371,341.367752945493,4.48751381374663
39.5539333274999,46.2581006761245,3.97104682220918
535.463171138204,124.87219250873,4.81665328470427
NA,NA,NA
660.230335515807,331.048302852741,3.50377579321371
459.877703031292,301.541632620997,3.79595454372389
9.97958860135774,495.949660738585,3.68693796764832
558.475702723127,48.9729154620638,4.2306782442054
77.026080584546,375.086376020442,4.03914682286821
228.10531372928,416.569218622177,3.88951614901153
427.085050118035,12.9762613927884,3.38451530746672
362.995443075423,293.788949127569,3.22576751828557
609.260310432003,106.306246317846,4.10011144541753
391.31580231151,226.115237142207,4.20700541703702
566.956953418451,406.735470468858,4.73244401216048
139.468858219981,282.498477247516,4.5526199663043
195.289615140888,369.979885469317,3.97114650631632
122.774591275618,412.220203793726,3.39647085769703
623.336550823531,312.206989173546,4.61339780187932
6.25967235933764,151.575421855609,4.32721266107676
539.06086214143,200.630344800986,4.29657880730893
34.7827137124462,490.160978039652,3.07680643712225
276.501081753028,23.9798735660335,3.93508817979474
533.021196966073,391.221530280886,3.517190940385
69.4845509653636,75.9348282914348,5.27236689277396
5.67444836679621,74.6843701799697,3.50785515834426
586.723180005909,227.545923132796,4.08365416561884
437.275365677535,458.499388545916,4.76259330479061
658.509289700242,373.797145121105,3.08984325644695
108.014117115259,479.394763726265,4.33478394209005
625.331503467255,90.4222620139743,4.09021032287031
420.333649080034,255.913180880589,3.66585440601139
13.2746960999369,183.856786150521,3.24529562969296
64.3648456734014,110.62832828448,4.59526272685599
615.473513308106,219.77101935836,4.33627899349361
253.855796800851,215.635101135996,3.82616369911297
580.409617045193,439.349617720011,3.73022911638046
298.997934946915,139.347830883164,3.84527107553463
526.152348091256,464.484344410264,3.68938814644559
51.9809285452246,425.183908549354,3.89797584506969
195.937793994118,292.821635346647,3.83844338568331
548.505842652098,259.48916119631,3.48294100073754
178.709143610231,31.2503995913677,4.34233642024104
502.492868202371,341.367752945493,4.48751381374663
39.5539333274999,46.2581006761245,3.97104682220918
535.463171138204,124.87219250873,4.81665328470427
NA,NA,NA
660.230335515807,331.048302852741,3.50377579321371
459.877703031292,301.541632620997,3.79595454372389
9.97958860135774,495.949660738585,3.68693796764832
558.475702723127,48.9729154620638,4.2306782442054
77.026080584546,375.086376020442,4.03914682286821
228.10531372928,416.569218622177,3.88951614901153
427.085050118035,12.9762613927884,3.38451530746672
362.995443075423,293.788949127569,3.22576751828557
609.260310432003,106.306246317846,4.10011144541753
391.31580231151,226.115237142207,4.20700541703702
566.956953418451,406.735470468858,4.73244401216048
139.468858219981,282.498477247516,4.5526199663043
195.289615140888,369.979885469317,3.97114650631632
122.774591275618,412.220203793726,3.39647085769703
623.336550823531,312.206989173546,4.61339780187932
6.25967235933764,151.575421855609,4.32721266107676
539.06086214143,200.630344800986,4.29657880730893
34.7827137124462,490.160978039652,3.07680643712225
276.501081753028,23.9798735660335,3.93508817979474
533.021196966073,391.221530280886,3.517190940385
69.4845509653636,75.9348282914348,5.27236689277396
5.67444836679621,74.6843701799697,3.50785515834426
586.723180005909,227.545923132796,4.08365416561884
437.275365677535,458.499388545916,4.76259330479061
658.509289700242,373.797145121105,3.08984325644695
108.014117115259,479.394763726265,4.33478394209005
625.331503467255,90.4222620139743,4.09021032287031
420.333649080034,255.913180880589,3.66585440601139
13.2746960999369,183.856786150521,3.24529562969296
64.3648456734014,110.62832828448,4.59526272685599
615.473513308106,219.77101935836,4.33627899349361
253.855796800851,215.635101135996,3.82616369911297
580.409617045193,439.349617720011,3.73022911638046
298.997934946915,139.347830883164,3.84527107553463
526.152348091256,464.484344410264,3.68938814644559
51.9809285452246,425.183908549354,3.89797584506969
195.937793994118,292.821635346647,3.83844338568331
548.505842652098,259.48916119631,3.48294100073754
178.709143610231,31.2503995913677,4.34233642024104
502.492868202371,341.367752945493,4.48751381374663
39.5539333274999,46.2581006761245,3.97104682220918
535.463171138204,124.87219250873,4.81665328470427
NA,NA,NA
660.230335515807,331.048302852741,3.50377579321371
459.877703031292,301.541632620997,3.79595454372389
9.97958860135774,495.949660738585,3.68693796764832
558.475702723127,48.9729154620638,4.2306782442054
77.026080584546,375.086376020442,4.03914682286821
228.10531372928,416.569218622177,3.88951614901153
427.085050118035,12.9762613927884,3.38451530746672
362.995443075423,293.788949127569,3.22576751828557
609.260310432003,106.306246317846,4.10011144541753
391.31580231151,226.115237142207,4.20700541703702
566.956953418451,406.735470468858,4.73244401216048
139.468858219981,282.498477247516,4.5526199663043
195.289615140888,369.979885469317,3.97114650631632
122.774591275618,412.220203793726,3.39647085769703
623.336550823531,312.206989173546,4.61339780187932
6.25967235933764,151.575421855609,4.32721266107676
539.06086214143,200.630344800986,4.29657880730893
34.7827137124462,490.160978039652,3.07680643712225
276.501081753028,23.9798735660335,3.93508817979474
533.021196966073,391.221530280886,3.517190940385
69.4845509653636,75.9348282914348,5.27236689277396
5.67444836679621,74.6843701799697,3.50785515834426
586.723180005909,227.545923132796,4.08365416561884
437.275365677535,458.499388545916,4.76259330479061
658.509289700242,373.797145121105,3.08984325644695
108.014117115259,479.394763726265,4.33478394209005
625.331503467255,90.4222620139743,4.09021032287031
420.333649080034,255.913180880589,3.66585440601139
13.2746960999369,183.856786150521,3.24529562969296
64.3648456734014,110.62832828448,4.59526272685599
615.473513308106,219.77101935836,4.33627899349361
253.855796800851,215.635101135996,3.82616369911297
580.409617045193,439.349617720011,3.73022911638046
298.997934946915,139.347830883164,3.84527107553463
526.152348091256,464.484344410264,3.68938814644559
51.9809285452246,425.183908549354,3.89797584506969
195.937793994118,292.821635346647,3.83844338568331
548.505842652098,259.48916119631,3.48294100073754
178.709143610231,31.2503995913677,4.34233642024104
502.492868202371,341.367752945493,4.48751381374663
39.5539333274999,46.2581006761245,3.97104682220918
535.463171138204,124.87219250873,4.81665328470427
NA,NA,NA
660.230335515807,331.048302852741,3.50377579321371
459.877703031292,301.541632620997,3.79595454372389
9.97958860135774,495.949660738585,3.68693796764832
558.475702723127,48.9729154620638,4.2306782442054
77.026080584546,375.086376020442,4.03914682286821
228.10531372928,416.569218622177,3.88951614901153
427.085050118035,12.9762613927884,3.38451530746672
362.995443075423,293.788949127569,3.22576751828557
609.260310432003,106.306246317846,4.10011144541753
391.31580231151,226.115237142207,4.20700541703702
566.956953418451,406.735470468858,4.73244401216048
139.468858219981,282.498477247516,4.5526199663043
195.289615140888,369.979885469317,3.97114650631632
122.774591275618,412.220203793726,3.39647085769703
623.336550823531,312.206989173546,4.61339780187932
6.25967235933764,151.575421855609,4.32721266107676
539.06086214143,200.630344800986,4.29657880730893
34.7827137124462,490.160978039652,3.07680643712225
276.501081753028,23.9798735660335,3.93508817979474
533.021196966073,391.221530280886,3.517190940385
69.4845509653636,75.9348282914348,5.27236689277396
5.67444836679621,74.6843701799697,3.50785515834426
586.723180005909,227.545923132796,4.08365416561884
437.275365677535,458.499388545916,4.76259330479061
658.509289700242,373.797145121105,3.08984325644695
108.014117115259,479.394763726265,4.33478394209005
625.331503467255,90.4222620139743,4.09021032287031
420.333649080034,255.913180880589,3.66585440601139
13.2746960999369,183.856786150521,3.24529562969296
64.3648456734014,110.62832828448,4.59526272685599
615.473513308106,219.77101935836,4.33627899349361
253.855796800851,215.635101135996,3.82616369911297
580.409617045193,439.349617720011,3.73022911638046
298.997934946915,139.347830883164,3.84527107553463
526.152348091256,464.484344410264,3.68938814644559
51.9809285452246,425.183908549354,3.89797584506969
195.937793994118,292.821635346647,3.83844338568331
548.505842652098,259.48916119631,3.48294100073754
178.709143610231,31.2503995913677,4.34233642024104
502.492868202371,341.367752945493,4.48751381374663
39.5539333274999,46.2581006761245,3.97104682220918
535.463171138204,124.87219250873,4.81665328470427
NA,NA,NA
660.230335515807,331.048302852741,3.50377579321371
459.877703031292,301.541632620997,3.79595454372389
9.97958860135774,495.949660738585,3.68693796764832
558.475702723127,48.9729154620638,4.2306782442054
77.026080584546,375.086376020442,4.03914682286821
228.10531372928,416.569218622177,3.88951614901153
427.085050118035,12.9762613927884,3.38451530746672
362.995443075423,293.788949127569,3.22576751828557
609.260310432003,106.306246317846,4.10011144541753
391.31580231151,226.115237142207,4.20700541703702
566.956953418451,406.735470468858,4.73244401216048
139.468858219981,282.498477247516,4.5526199663043
195.289615140888,369.979885469317,3.97114650631632
122.774591275618,412.220203793726,3.39647085769703
623.336550823531,312.206989173546,4.61339780187932
6.25967235933764,151.575421855609,4.32721266107676
539.06086214143,200.630344800986,4.29657880730893
34.7827137124462,490.160978039652,3.07680643712225
276.501081753028,23.9798735660335,3.93508817979474
533.021196966073,391.221530280886,3.517190940385
69.4845509653636,75.9348282914348,5.27236689277396
5.67444836679621,74.6843701799697,3.50785515834426
586.723180005909,227.545923132796,4.08365416561884
437.275365677535,458.499388545916,4.76259330479061
658.509289700242,373.797145121105,3.08984325644695
108.014117115259,479.394763726265,4.33478394209005
625.331503467255,90.4222620139743,4.09021032287031
420.333649080034,255.913180880589,3.66585440601139
13.2746960999369,183.856786150521,3.24529562969296
64.3648456734014,110.62832828448,4.59526272685599
615.473513308106,219.77101935836,4.33627899349361
253.855796800851,215.635101135996,3.82616369911297
580.409617045193,439.349617720011,3.73022911638046
298.997934946915,139.347830883164,3.84527107553463
526.152348091256,464.484344410264,3.68938814644559
51.9809285452246,425.183908549354,3.89797584506969
195.937793994118,292.821635346647,3.83844338568331
548.505842652098,259.48916119631,3.48294100073754
178.709143610231,31.2503995913677,4.34233642024104
502.492868202371,341.367752945493,4.48751381374663
39.5539333274999,46.2581006761245,3.97104682220918
535.463171138204,124.87219250873,4.81665328470427
NA,NA,NA
658.959357943483,335.733796838244,3.40296976148629
454.465632139839,300.285666389956,3.57799083578002
7.59747172821081,497.581954599833,3.68137848190982
558.633362683613,55.67747858585,4.14000998510459
72.6670367314762,377.618126467916,3.99602654836539
232.452456798895,414.255158306434,3.88078351834136
427.782138369965,13.2414030948187,3.18472652293176
362.949867605262,294.4005165439,3.18882923057276
600.743442607016,100.628023806069,4.09768149132101
394.807166833035,232.38266827309,4.24682845411294
572.753468739174,413.665352841687,4.67368671315488
139.853220064322,279.120348274331,4.70362298083457
199.42809475204,366.751683420268,4.0244038544234
125.303195672025,411.595931131685,3.4302106665658
626.349594812651,311.872744264838,4.60320796582609
2.7675274678531,148.832441048254,4.29742340197724
539.305061065177,200.095479854743,4.10792822732757
34.6787961332171,494.097266785009,3.03871942513345
279.445888677235,20.9041241278291,3.83397842021458
532.17459144302,394.877195074319,3.39216439353846
73.5772994893297,81.6197680072514,5.20413422103647
3.69281380989787,78.8544328834705,3.4190803072719
592.591139062858,229.555808040219,4.08704248792143
438.917492320206,463.063785323527,4.84221802784289
660.527881880469,374.92287240051,2.98816483791499
106.674235053508,483.36855982724,4.37576026971509
622.85054637635,92.7534121893886,4.09244927192749
419.715460728996,258.177321747711,3.68861206103544
10.4418288762761,180.886128676892,3.35119447412231
59.4301735082182,108.828054131665,4.27419055572865
613.673189333946,200.818850437178,4.46098139172399
257.077978344381,224.183001119326,4.09455050189825
568.481409949774,432.153269425766,3.84047582510392
298.440309252924,136.298528643648,3.73648970161822
524.633706197866,458.317845146184,3.69588029423423
51.3352349599891,409.122105048165,3.77838226182589
202.969780494124,287.300275037833,3.72703698689571
550.986836244508,267.295166273345,3.79190478585854
186.724993780154,30.1225210617814,4.27857736830411
502.519649743116,341.879391592628,4.45480909405021
28.6886364384456,55.6287974733229,3.87741497382001
523.841716997437,138.258918507334,4.75301911762779
NA,NA,NA
658.959357943483,335.733796838244,3.40296976148629
454.465632139839,300.285666389956,3.57799083578002
7.59747172821081,497.581954599833,3.68137848190982
558.633362683613,55.67747858585,4.14000998510459
72.6670367314762,377.618126467916,3.99602654836539
232.452456798895,414.255158306434,3.88078351834136
427.782138369965,13.2414030948187,3.18472652293176
362.949867605262,294.4005165439,3.18882923057276
600.743442607016,100.628023806069,4.09768149132101
394.807166833035,232.38266827309,4.24682845411294
572.753468739174,413.665352841687,4.67368671315488
139.853220064322,279.120348274331,4.70362298083457
199.42809475204,366.751683420268,4.0244038544234
125.303195672025,411.595931131685,3.4302106665658
626.349594812651,311.872744264838,4.60320796582609
2.7675274678531,148.832441048254,4.29742340197724
539.305061065177,200.095479854743,4.10792822732757
34.6787961332171,494.097266785009,3.03871942513345
279.445888677235,20.9041241278291,3.83397842021458
532.17459144302,394.877195074319,3.39216439353846
73.5772994893297,81.6197680072514,5.20413422103647
3.69281380989787,78.8544328834705,3.4190803072719
592.591139062858,229.555808040219,4.08704248792143
438.917492320206,463.063785323527,4.84221802784289
660.527881880469,374.92287240051,2.98816483791499
106.674235053508,483.36855982724,4.37576026971509
622.85054637635,92.7534121893886,4.09244927192749
419.715460728996,258.177321747711,3.68861206103544
10.4418288762761,180.886128676892,3.35119447412231
59.4301735082182,108.828054131665,4.27419055572865
613.673189333946,200.818850437178,4.46098139172399
257.077978344381,224.183001119326,4.09455050189825
568.481409949774,432.153269425766,3.84047582510392
298.440309252924,136.298528643648,3.73648970161822
524.633706197866,458.317845146184,3.69588029423423
51.3352349599891,409.122105048165,3.77838226182589
202.969780494124,287.300275037833,3.72703698689571
550.986836244508,267.295166273345,3.79190478585854
186.724993780154,30.1225210617814,4.27857736830411
502.519649743116,341.879391592628,4.45480909405021
28.6886364384456,55.6287974733229,3.87741497382001
523.841716997437,138.258918507334,4.75301911762779
NA,NA,NA
658.959357943483,335.733796838244,3.40296976148629
454.465632139839,300.285666389956,3.57799083578002
7.59747172821081,497.581954599833,3.68137848190982
558.633362683613,55.67747858585,4.14000998510459
72.6670367314762,377.618126467916,3.99602654836539
232.452456798895,414.255158306434,3.88078351834136
427.782138369965,13.2414030948187,3.18472652293176
362.949867605262,294.4005165439,3.18882923057276
600.743442607016,100.628023806069,4.09768149132101
394.807166833035,232.38266827309,4.24682845411294
572.753468739174,413.665352841687,4.67368671315488
139.853220064322,279.120348274331,4.70362298083457
199.42809475204,366.751683420268,4.0244038544234
125.303195672025,411.595931131685,3.4302106665658
626.349594812651,311.872744264838,4.60320796582609
2.7675274678531,148.832441048254,4.29742340197724
539.305061065177,200.095479854743,4.10792822732757
34.6787961332171,494.097266785009,3.03871942513345
279.445888677235,20.9041241278291,3.83397842021458
532.17459144302,394.877195074319,3.39216439353846
73.5772994893297,81.6197680072514,5.20413422103647
3.69281380989787,78.8544328834705,3.4190803072719
592.591139062858,229.555808040219,4.08704248792143
438.917492320206,463.063785323527,4.84221802784289
660.527881880469,374.92287240051,2.98816483791499
106.674235053508,483.36855982724,4.37576026971509
622.85054637635,92.7534121893886,4.09244927192749
419.715460728996,258.177321747711,3.68861206103544
10.4418288762761,180.886128676892,3.35119447412231
59.4301735082182,108.828054131665,4.27419055572865
613.673189333946,200.818850437178,4.46098139172399
257.077978344381,224.183001119326,4.09455050189825
568.481409949774,432.153269425766,3.84047582510392
298.440309252924,136.298528643648,3.73648970161822
524.633706197866,458.317845146184,3.69588029423423
51.3352349599891,409.122105048165,3.77838226182589
202.969780494124,287.300275037833,3.72703698689571
550.986836244508,267.295166273345,3.79190478585854
186.724993780154,30.1225210617814,4.27857736830411
502.519649743116,341.879391592628,4.45480909405021
28.6886364384456,55.6287974733229,3.87741497382001
523.841716997437,138.258918507334,4.75301911762779
NA,NA,NA
658.959357943483,335.733796838244,3.40296976148629
454.465632139839,300.285666389956,3.57799083578002
7.59747172821081,497.581954599833,3.68137848190982
558.633362683613,55.67747858585,4.14000998510459
72.6670367314762,377.618126467916,3.99602654836539
232.452456798895,414.255158306434,3.88078351834136
427.782138369965,13.2414030948187,3.18472652293176
362.949867605262,294.4005165439,3.18882923057276
600.743442607016,100.628023806069,4.09768149132101
394.807166833035,232.38266827309,4.24682845411294
572.753468739174,413.665352841687,4.67368671315488
139.853220064322,279.120348274331,4.70362298083457
199.42809475204,366.751683420268,4.0244038544234
125.303195672025,411.595931131685,3.4302106665658
626.349594812651,311.872744264838,4.60320796582609
2.7675274678531,148.832441048254,4.29742340197724
539.305061065177,200.095479854743,4.10792822732757
34.6787961332171,494.097266785009,3.03871942513345
279.445888677235,20.9041241278291,3.83397842021458
532.17459144302,394.877195074319,3.39216439353846
73.5772994893297,81.6197680072514,5.20413422103647
3.69281380989787,78.8544328834705,3.4190803072719
592.591139062858,229.555808040219,4.08704248792143
438.917492320206,463.063785323527,4.84221802784289
660.527881880469,374.92287240051,2.98816483791499
106.674235053508,483.36855982724,4.37576026971509
622.85054637635,92.7534121893886,4.09244927192749
419.715460728996,258.177321747711,3.68861206103544
10.4418288762761,180.886128676892,3.35119447412231
59.4301735082182,108.828054131665,4.27419055572865
613.673189333946,200.818850437178,4.46098139172399
257.077978344381,224.183001119326,4.09455050189825
568.481409949774,432.153269425766,3.84047582510392
298.440309252924,136.298528643648,3.73648970161822
524.633706197866,458.317845146184,3.69588029423423
51.3352349599891,409.122105048165,3.77838226182589
202.969780494124,287.300275037833,3.72703698689571
550.986836244508,267.295166273345,3.79190478585854
186.724993780154,30.1225210617814,4.27857736830411
502.519649743116,341.879391592628,4.45480909405021
28.6886364384456,55.6287974733229,3.87741497382001
523.841716997437,138.258918507334,4.75301911762779
NA,NA,NA
658.959357943483,335.733796838244,3.40296976148629
454.465632139839,300.285666389956,3.57799083578002
7.59747172821081,497.581954599833,3.68137848190982
558.633362683613,55.67747858585,4.14000998510459
72.6670367314762,377.618126467916,3.99602654836539
232.452456798895,414.255158306434,3.88078351834136
427.782138369965,13.2414030948187,3.18472652293176
362.949867605262,294.4005165439,3.18882923057276
600.743442607016,100.628023806069,4.09768149132101
394.807166833035,232.38266827309,4.24682845411294
572.753468739174,413.665352841687,4.67368671315488
139.853220064322,279.120348274331,4.70362298083457
199.42809475204,366.751683420268,4.0244038544234
125.303195672025,411.595931131685,3.4302106665658
626.349594812651,311.872744264838,4.60320796582609
2.7675274678531,148.832441048254,4.29742340197724
539.305061065177,200.095479854743,4.10792822732757
34.6787961332171,494.097266785009,3.03871942513345
279.445888677235,20.9041241278291,3.83397842021458
532.17459144302,394.877195074319,3.39216439353846
73.5772994893297,81.6197680072514,5.20413422103647
3.69281380989787,78.8544328834705,3.4190803072719
592.591139062858,229.555808040219,4.08704248792143
438.917492320206,463.063785323527,4.84221802784289
660.527881880469,374.92287240051,2.98816483791499
106.674235053508,483.36855982724,4.37576026971509
622.85054637635,92.7534121893886,4.09244927192749
419.715460728996,258.177321747711,3.68861206103544
10.4418288762761,180.886128676892,3.35119447412231
59.4301735082182,108.828054131665,4.27419055572865
613.673189333946,200.818850437178,4.46098139172399
257.077978344381,224.183001119326,4.09455050189825
568.481409949774,432.153269425766,3.84047582510392
298.440309252924,136.298528643648,3.73648970161822
524.633706197866,458.317845146184,3.69588029423423
51.3352349599891,409.122105048165,3.77838226182589
202.969780494124,287.300275037833,3.72703698689571
550.986836244508,267.295166273345,3.79190478585854
186.724993780154,30.1225210617814,4.27857736830411
502.519649743116,341.879391592628,4.45480909405021
28.6886364384456,55.6287974733229,3.87741497382001
523.841716997437,138.258918507334,4.75301911762779
NA,NA,NA
658.959357943483,335.733796838244,3.40296976148629
454.465632139839,300.285666389956,3.57799083578002
7.59747172821081,497.581954599833,3.68137848190982
558.633362683613,55.67747858585,4.14000998510459
72.6670367314762,377.618126467916,3.99602654836539
232.452456798895,414.255158306434,3.88078351834136
427.782138369965,13.2414030948187,3.18472652293176
362.949867605262,294.4005165439,3.18882923057276
600.743442607016,100.628023806069,4.09768149132101
394.807166833035,232.38266827309,4.24682845411294
572.753468739174,413.665352841687,4.67368671315488
139.853220064322,279.120348274331,4.70362298083457
199.42809475204,366.751683420268,4.0244038544234
125.303195672025,411.595931131685,3.4302106665658
626.349594812651,311.872744264838,4.60320796582609
2.7675274678531,148.832441048254,4.29742340197724
539.305061065177,200.095479854743,4.10792822732757
34.6787961332171,494.097266785009,3.03871942513345
279.445888677235,20.9041241278291,3.83397842021458
532.17459144302,394.877195074319,3.39216439353846
73.5772994893297,81.6197680072514,5.20413422103647
3.69281380989787,78.8544328834705,3.4190803072719
592.591139062858,229.555808040219,4.08704248792143
438.917492320206,463.063785323527,4.84221802784289
660.527881880469,374.92287240051,2.98816483791499
106.674235053508,483.36855982724,4.37576026971509
622.85054637635,92.7534121893886,4.09244927192749
419.715460728996,258.177321747711,3.68861206103544
10.4418288762761,180.886128676892,3.35119447412231
59.4301735082182,108.828054131665,4.27419055572865
613.673189333946,200.818850437178,4.46098139172399
257.077978344381,224.183001119326,4.09455050189825
568.481409949774,432.153269425766,3.84047582510392
298.440309252924,136.298528643648,3.73648970161822
524.633706197866,458.317845146184,3.69588029423423
51.3352349599891,409.122105048165,3.77838226182589
202.969780494124,287.300275037833,3.72703698689571
550.986836244508,267.295166273345,3.79190478585854
186.724993780154,30.1225210617814,4.27857736830411
502.519649743116,341.879391592628,4.45480909405021
28.6886364384456,55.6287974733229,3.87741497382001
523.841716997437,138.258918507334,4.75301911762779
NA,NA,NA
664.385028922425,339.772304217625,3.42995118125633
454.351600650873,298.819808134523,3.56297497412843
5.95622839232433,495.752698993845,3.55566062536498
557.684668971634,52.8914985177025,4.2782912602388
68.0328834534345,372.930375814706,3.89823525136748
229.042246680306,414.104112580887,3.96925130722659
427.359579044037,12.9195552595599,3.26962104044383
362.332066161157,292.469868254781,3.10077551244941
604.068137962302,107.421179170584,4.37688378238483
396.921565973615,232.161125966915,4.18924846809979
556.189230983714,408.746755143397,4.76991832181195
138.841188722852,277.873549860157,4.50503331651183
199.636246743699,366.196724925756,3.98943692412543
126.231502593554,412.357111965971,3.41657841799535
629.585186335002,318.265905163025,4.45790364612335
3.21541830122844,149.374895817749,4.24594534039193
544.692527163914,200.785902424508,4.10376195560668
33.6053421008979,492.487882619098,2.91950185673362
278.748899379975,22.7489836977652,3.73160844691139
534.33060214728,394.038799970304,3.43292969375329
65.7411390054707,84.9310015909232,5.18210403122524
1.07412384513975,79.7755987197784,3.52746895610282
586.60300334096,230.234322012957,4.02009516790341
434.737911047239,455.240033664718,4.81264018701635
658.054666331987,374.488979080775,2.99002107397781
103.440162815959,482.410152275391,4.35991760821012
629.657677534827,84.7101029849891,4.10527448804317
419.698939870662,257.490362480409,3.64694815009702
10.8991099160027,182.119428569845,2.99691735972657
68.0690509285132,106.561775920501,4.31855883100236
620.326010990752,195.07255781973,4.27091790498387
253.880318343439,220.595078019455,3.96531497709176
564.917769132642,440.932545388018,3.80556519025257
299.51805316696,140.125727713268,4.1638345441268
532.172429011917,455.129547788638,3.6813857982392
47.6347549638458,427.66919591087,3.89968852428469
201.243036249456,291.02198510169,4.10012510040966
564.324550525459,265.95335346808,3.78121294782334
179.996232540019,27.6299588736607,4.38818662550152
499.238983913882,339.315883935045,4.55463819510709
32.630465589615,49.6612805855778,3.59517227862548
520.13605851476,140.299218875608,4.23399420273206
NA,NA,NA
664.385028922425,339.772304217625,3.42995118125633
454.351600650873,298.819808134523,3.56297497412843
5.95622839232433,495.752698993845,3.55566062536498
557.684668971634,52.8914985177025,4.2782912602388
68.0328834534345,372.930375814706,3.89823525136748
229.042246680306,414.104112580887,3.96925130722659
427.359579044037,12.9195552595599,3.26962104044383
362.332066161157,292.469868254781,3.10077551244941
604.068137962302,107.421179170584,4.37688378238483
396.921565973615,232.161125966915,4.18924846809979
556.189230983714,408.746755143397,4.76991832181195
138.841188722852,277.873549860157,4.50503331651183
199.636246743699,366.196724925756,3.98943692412543
126.231502593554,412.357111965971,3.41657841799535
629.585186335002,318.265905163025,4.45790364612335
3.21541830122844,149.374895817749,4.24594534039193
544.692527163914,200.785902424508,4.10376195560668
33.6053421008979,492.487882619098,2.91950185673362
278.748899379975,22.7489836977652,3.73160844691139
534.33060214728,394.038799970304,3.43292969375329
65.7411390054707,84.9310015909232,5.18210403122524
1.07412384513975,79.7755987197784,3.52746895610282
586.60300334096,230.234322012957,4.02009516790341
434.737911047239,455.240033664718,4.81264018701635
658.054666331987,374.488979080775,2.99002107397781
103.440162815959,482.410152275391,4.35991760821012
629.657677534827,84.7101029849891,4.10527448804317
419.698939870662,257.490362480409,3.64694815009702
10.8991099160027,182.119428569845,2.99691735972657
68.0690509285132,106.561775920501,4.31855883100236
620.326010990752,195.07255781973,4.27091790498387
253.880318343439,220.595078019455,3.96531497709176
564.917769132642,440.932545388018,3.80556519025257
299.51805316696,140.125727713268,4.1638345441268
532.172429011917,455.129547788638,3.6813857982392
47.6347549638458,427.66919591087,3.89968852428469
201.243036249456,291.02198510169,4.10012510040966
564.324550525459,265.95335346808,3.78121294782334
179.996232540019,27.6299588736607,4.38818662550152
499.238983913882,339.315883935045,4.55463819510709
32.630465589615,49.6612805855778,3.59517227862548
520.13605851476,140.299218875608,4.23399420273206
NA,NA,NA
664.385028922425,339.772304217625,3.42995118125633
454.351600650873,298.819808134523,3.56297497412843
5.95622839232433,495.752698993845,3.55566062536498
557.684668971634,52.8914985177025,4.2782912602388
68.0328834534345,372.930375814706,3.89823525136748
229.042246680306,414.104112580887,3.96925130722659
427.359579044037,12.9195552595599,3.26962104044383
362.332066161157,292.469868254781,3.10077551244941
604.068137962302,107.421179170584,4.37688378238483
396.921565973615,232.161125966915,4.18924846809979
556.189230983714,408.746755143397,4.76991832181195
138.841188722852,277.873549860157,4.50503331651183
199.636246743699,366.196724925756,3.98943692412543
126.231502593554,412.357111965971,3.41657841799535
629.585186335002,318.265905163025,4.45790364612335
3.21541830122844,149.374895817749,4.24594534039193
544.692527163914,200.785902424508,4.10376195560668
33.6053421008979,492.487882619098,2.91950185673362
278.748899379975,22.7489836977652,3.73160844691139
534.33060214728,394.038799970304,3.43292969375329
65.7411390054707,84.9310015909232,5.18210403122524
1.07412384513975,79.7755987197784,3.52746895610282
586.60300334096,230.234322012957,4.02009516790341
434.737911047239,455.240033664718,4.81264018701635
658.054666331987,374.488979080775,2.99002107397781
103.440162815959,482.410152275391,4.35991760821012
629.657677534827,84.7101029849891,4.10527448804317
419.698939870662,257.490362480409,3.64694815009702
10.8991099160027,182.119428569845,2.99691735972657
68.0690509285132,106.561775920501,4.31855883100236
620.326010990752,195.07255781973,4.27091790498387
253.880318343439,220.595078019455,3.96531497709176
564.917769132642,440.932545388018,3.80556519025257
299.51805316696,140.125727713268,4.1638345441268
532.172429011917,455.129547788638,3.6813857982392
47.6347549638458,427.66919591087,3.89968852428469
201.243036249456,291.02198510169,4.10012510040966
564.324550525459,265.95335346808,3.78121294782334
179.996232540019,27.6299588736607,4.38818662550152
499.238983913882,339.315883935045,4.55463819510709
32.630465589615,49.6612805855778,3.59517227862548
520.13605851476,140.299218875608,4.23399420273206
NA,NA,NA
664.385028922425,339.772304217625,3.42995118125633
454.351600650873,298.819808134523,3.56297497412843
5.95622839232433,495.752698993845,3.55566062536498
557.684668971634,52.8914985177025,4.2782912602388
68.0328834534345,372.930375814706,3.89823525136748
229.042246680306,414.104112580887,3.96925130722659
427.359579044037,12.9195552595599,3.26962104044383
362.332066161157,292.469868254781,3.10077551244941
604.068137962302,107.421179170584,4.37688378238483
396.921565973615,232.161125966915,4.18924846809979
556.189230983714,408.746755143397,4.76991832181195
138.841188722852,277.873549860157,4.50503331651183
199.636246743699,366.196724925756,3.98943692412543
126.231502593554,412.357111965971,3.41657841799535
629.585186335002,318.265905163025,4.45790364612335
3.21541830122844,149.374895817749,4.24594534039193
544.692527163914,200.785902424508,4.10376195560668
33.6053421008979,492.487882619098,2.91950185673362
278.748899379975,22.7489836977652,3.73160844691139
534.33060214728,394.038799970304,3.43292969375329
65.7411390054707,84.9310015909232,5.18210403122524
1.07412384513975,79.7755987197784,3.52746895610282
586.60300334096,230.234322012957,4.02009516790341
434.737911047239,455.240033664718,4.81264018701635
658.054666331987,374.488979080775,2.99002107397781
103.440162815959,482.410152275391,4.35991760821012
629.657677534827,84.7101029849891,4.10527448804317
419.698939870662,257.490362480409,3.64694815009702
10.8991099160027,182.119428569845,2.99691735972657
68.0690509285132,106.561775920501,4.31855883100236
620.326010990752,195.07255781973,4.27091790498387
253.880318343439,220.595078019455,3.96531497709176
564.917769132642,440.932545388018,3.80556519025257
299.51805316696,140.125727713268,4.1638345441268
532.172429011917,455.129547788638,3.6813857982392
47.6347549638458,427.66919591087,3.89968852428469
201.243036249456,291.02198510169,4.10012510040966
564.324550525459,265.95335346808,3.78121294782334
179.996232540019,27.6299588736607,4.38818662550152
499.238983913882,339.315883935045,4.55463819510709
32.630465589615,49.6612805855778,3.59517227862548
520.13605851476,140.299218875608,4.23399420273206
NA,NA,NA
664.385028922425,339.772304217625,3.42995118125633
454.351600650873,298.819808134523,3.56297497412843
5.95622839232433,495.752698993845,3.55566062536498
557.684668971634,52.8914985177025,4.2782912602388
68.0328834534345,372.930375814706,3.89823525136748
229.042246680306,414.104112580887,3.96925130722659
427.359579044037,12.9195552595599,3.26962104044383
362.332066161157,292.469868254781,3.10077551244941
604.068137962302,107.421179170584,4.37688378238483
396.921565973615,232.161125966915,4.18924846809979
556.189230983714,408.746755143397,4.76991832181195
138.841188722852,277.873549860157,4.50503331651183
199.636246743699,366.196724925756,3.98943692412543
126.231502593554,412.357111965971,3.41657841799535
629.585186335002,318.265905163025,4.45790364612335
3.21541830122844,149.374895817749,4.24594534039193
544.692527163914,200.785902424508,4.10376195560668
33.6053421008979,492.487882619098,2.91950185673362
278.748899379975,22.7489836977652,3.73160844691139
534.33060214728,394.038799970304,3.43292969375329
65.7411390054707,84.9310015909232,5.18210403122524
1.07412384513975,79.7755987197784,3.52746895610282
586.60300334096,230.234322012957,4.02009516790341
434.737911047239,455.240033664718,4.81264018701635
658.054666331987,374.488979080775,2.99002107397781
103.440162815959,482.410152275391,4.35991760821012
629.657677534827,84.7101029849891,4.10527448804317
419.698939870662,257.490362480409,3.64694815009702
10.8991099160027,182.119428569845,2.99691735972657
68.0690509285132,106.561775920501,4.31855883100236
620.326010990752,195.07255781973,4.27091790498387
253.880318343439,220.595078019455,3.96531497709176
564.917769132642,440.932545388018,3.80556519025257
299.51805316696,140.125727713268,4.1638345441268
532.172429011917,455.129547788638,3.6813857982392
47.6347549638458,427.66919591087,3.89968852428469
201.243036249456,291.02198510169,4.10012510040966
564.324550525459,265.95335346808,3.78121294782334
179.996232540019,27.6299588736607,4.38818662550152
499.238983913882,339.315883935045,4.55463819510709
32.630465589615,49.6612805855778,3.59517227862548
520.13605851476,140.299218875608,4.23399420273206
NA,NA,NA
664.385028922425,339.772304217625,3.42995118125633
454.351600650873,298.819808134523,3.56297497412843
5.95622839232433,495.752698993845,3.55566062536498
557.684668971634,52.8914985177025,4.2782912602388
68.0328834534345,372.930375814706,3.89823525136748
229.042246680306,414.104112580887,3.96925130722659
427.359579044037,12.9195552595599,3.26962104044383
362.332066161157,292.469868254781,3.10077551244941
604.068137962302,107.421179170584,4.37688378238483
396.921565973615,232.161125966915,4.18924846809979
556.189230983714,408.746755143397,4.76991832181195
138.841188722852,277.873549860157,4.50503331651183
199.636246743699,366.196724925756,3.98943692412543
126.231502593554,412.357111965971,3.41657841799535
629.585186335002,318.265905163025,4.45790364612335
3.21541830122844,149.374895817749,4.24594534039193
544.692527163914,200.785902424508,4.10376195560668
33.6053421008979,492.487882619098,2.91950185673362
278.748899379975,22.7489836977652,3.73160844691139
534.33060214728,394.038799970304,3.43292969375329
65.7411390054707,84.9310015909232,5.18210403122524
1.07412384513975,79.7755987197784,3.52746895610282
586.60300334096,230.234322012957,4.02009516790341
434.737911047239,455.240033664718,4.81264018701635
658.054666331987,374.488979080775,2.99002107397781
103.440162815959,482.410152275391,4.35991760821012
629.657677534827,84.7101029849891,4.10527448804317
419.698939870662,257.490362480409,3.64694815009702
10.8991099160027,182.119428569845,2.99691735972657
68.0690509285132,106.561775920501,4.31855883100236
620.326010990752,195.07255781973,4.27091790498387
253.880318343439,220.595078019455,3.96531497709176
564.917769132642,440.932545388018,3.80556519025257
299.51805316696,140.125727713268,4.1638345441268
532.172429011917,455.129547788638,3.6813857982392
47.6347549638458,427.66919591087,3.89968852428469
201.243036249456,291.02198510169,4.10012510040966
564.324550525459,265.95335346808,3.78121294782334
179.996232540019,27.6299588736607,4.38818662550152
499.238983913882,339.315883935045,4.55463819510709
32.630465589615,49.6612805855778,3.59517227862548
520.13605851476,140.299218875608,4.23399420273206
NA,NA,NA
658.373264189696,333.440921166311,3.60412529100962
459.695136390413,297.537523319325,3.64265356330867
10.1753477444644,492.800794574104,3.62985200472816
558.505028090197,55.0354583926468,4.23779305820188
72.1922719200309,375.06457143169,4.08748559025156
228.351506050295,416.320843505725,4.01846866522548
427.773028102835,12.2875278938732,3.35458840589857
360.957776446507,290.371342582572,3.0703071085337
604.706624696494,100.651703140833,4.23130037553355
390.413375325108,227.438938681595,4.28095751876882
573.355298511235,406.22935935004,4.76948889710944
136.23086416685,280.81084333442,4.539472029226
199.5090185654,373.842295078071,3.96917327661706
125.892601492761,413.020888656241,3.44724467787924
624.541374995825,316.634576771781,4.64591723057032
-2.17124734132351,153.019154466535,4.26489579552761
541.047508345826,202.751525246418,4.02666012194615
33.4273003157355,493.312912701938,3.00065747065475
280.840991492523,22.878656913745,3.83509293905519
533.76182822078,392.536665659791,3.39953384651802
70.6189358911184,80.0736788597626,5.26506467134447
7.28972164967211,75.6075433634192,3.43886547004301
584.543456839049,225.347855561744,3.93787656060467
444.029837168526,454.73045320496,4.74875051435522
658.900467318037,374.993001933305,2.85891731511226
102.221698209467,485.253420768069,4.46104311858699
623.145268098093,90.3599699249995,4.04108206411004
420.718370342664,261.448932625018,3.66853310887032
10.7292235601453,181.888344143799,3.21148663498921
87.8701456471318,113.528689605647,4.62414380940709
614.31379950075,205.632324715115,4.55198304310426
253.868182523962,216.546756597151,3.67098705767343
567.422770312055,434.947309766922,3.81843030817987
298.188787566309,134.673463435605,3.98960765326588
537.732817109689,466.220867782163,3.25864095711854
38.6108674343307,415.70505647243,3.8349206478319
207.302235858467,284.35283662082,4.02250635255869
554.354566585542,263.14626078934,3.85251869139887
171.263834459157,34.609657486615,4.63615069301159
496.989124284246,348.852308082618,4.34219618628263
46.239034070465,52.2310201884688,3.95826512598521
529.967545026023,136.888437164324,5.00751879384614
NA,NA,NA
658.373264189696,333.440921166311,3.60412529100962
459.695136390413,297.537523319325,3.64265356330867
10.1753477444644,492.800794574104,3.62985200472816
558.505028090197,55.0354583926468,4.23779305820188
72.1922719200309,375.06457143169,4.08748559025156
228.351506050295,416.320843505725,4.01846866522548
427.773028102835,12.2875278938732,3.35458840589857
360.957776446507,290.371342582572,3.0703071085337
604.706624696494,100.651703140833,4.23130037553355
390.413375325108,227.438938681595,4.28095751876882
573.355298511235,406.22935935004,4.76948889710944
136.23086416685,280.81084333442,4.539472029226
199.5090185654,373.842295078071,3.96917327661706
125.892601492761,413.020888656241,3.44724467787924
624.541374995825,316.634576771781,4.64591723057032
-2.17124734132351,153.019154466535,4.26489579552761
541.047508345826,202.751525246418,4.02666012194615
33.4273003157355,493.312912701938,3.00065747065475
280.840991492523,22.878656913745,3.83509293905519
533.76182822078,392.536665659791,3.39953384651802
70.6189358911184,80.0736788597626,5.26506467134447
7.28972164967211,75.6075433634192,3.43886547004301
584.543456839049,225.347855561744,3.93787656060467
444.029837168526,454.73045320496,4.74875051435522
658.900467318037,374.993001933305,2.85891731511226
102.221698209467,485.253420768069,4.46104311858699
623.145268098093,90.3599699249995,4.04108206411004
420.718370342664,261.448932625018,3.66853310887032
10.7292235601453,181.888344143799,3.21148663498921
87.8701456471318,113.528689605647,4.62414380940709
614.31379950075,205.632324715115,4.55198304310426
253.868182523962,216.546756597151,3.67098705767343
567.422770312055,434.947309766922,3.81843030817987
298.188787566309,134.673463435605,3.98960765326588
537.732817109689,466.220867782163,3.25864095711854
38.6108674343307,415.70505647243,3.8349206478319
207.302235858467,284.35283662082,4.02250635255869
554.354566585542,263.14626078934,3.85251869139887
171.263834459157,34.609657486615,4.63615069301159
496.989124284246,348.852308082618,4.34219618628263
46.239034070465,52.2310201884688,3.95826512598521
529.967545026023,136.888437164324,5.00751879384614
NA,NA,NA
658.373264189696,333.440921166311,3.60412529100962
459.695136390413,297.537523319325,3.64265356330867
10.1753477444644,492.800794574104,3.62985200472816
558.505028090197,55.0354583926468,4.23779305820188
72.1922719200309,375.06457143169,4.08748559025156
228.351506050295,416.320843505725,4.01846866522548
427.773028102835,12.2875278938732,3.35458840589857
360.957776446507,290.371342582572,3.0703071085337
604.706624696494,100.651703140833,4.23130037553355
390.413375325108,227.438938681595,4.28095751876882
573.355298511235,406.22935935004,4.76948889710944
136.23086416685,280.81084333442,4.539472029226
199.5090185654,373.842295078071,3.96917327661706
125.892601492761,413.020888656241,3.44724467787924
624.541374995825,316.634576771781,4.64591723057032
-2.17124734132351,153.019154466535,4.26489579552761
541.047508345826,202.751525246418,4.02666012194615
33.4273003157355,493.312912701938,3.00065747065475
280.840991492523,22.878656913745,3.83509293905519
533.76182822078,392.536665659791,3.39953384651802
70.6189358911184,80.0736788597626,5.26506467134447
7.28972164967211,75.6075433634192,3.43886547004301
584.543456839049,225.347855561744,3.93787656060467
444.029837168526,454.73045320496,4.74875051435522
658.900467318037,374.993001933305,2.85891731511226
102.221698209467,485.253420768069,4.46104311858699
623.145268098093,90.3599699249995,4.04108206411004
420.718370342664,261.448932625018,3.66853310887032
10.7292235601453,181.888344143799,3.21148663498921
87.8701456471318,113.528689605647,4.62414380940709
614.31379950075,205.632324715115,4.55198304310426
253.868182523962,216.546756597151,3.67098705767343
567.422770312055,434.947309766922,3.81843030817987
298.188787566309,134.673463435605,3.98960765326588
537.732817109689,466.220867782163,3.25864095711854
38.6108674343307,415.70505647243,3.8349206478319
207.302235858467,284.35283662082,4.02250635255869
554.354566585542,263.14626078934,3.85251869139887
171.263834459157,34.609657486615,4.63615069301159
496.989124284246,348.852308082618,4.34219618628263
46.239034070465,52.2310201884688,3.95826512598521
529.967545026023,136.888437164324,5.00751879384614
NA,NA,NA
658.373264189696,333.440921166311,3.60412529100962
459.695136390413,297.537523319325,3.64265356330867
10.1753477444644,492.800794574104,3.62985200472816
558.505028090197,55.0354583926468,4.23779305820188
72.1922719200309,375.06457143169,4.08748559025156
228.351506050295,416.320843505725,4.01846866522548
427.773028102835,12.2875278938732,3.35458840589857
360.957776446507,290.371342582572,3.0703071085337
604.706624696494,100.651703140833,4.23130037553355
390.413375325108,227.438938681595,4.28095751876882
573.355298511235,406.22935935004,4.76948889710944
136.23086416685,280.81084333442,4.539472029226
199.5090185654,373.842295078071,3.96917327661706
125.892601492761,413.020888656241,3.44724467787924
624.541374995825,316.634576771781,4.64591723057032
-2.17124734132351,153.019154466535,4.26489579552761
541.047508345826,202.751525246418,4.02666012194615
33.4273003157355,493.312912701938,3.00065747065475
280.840991492523,22.878656913745,3.83509293905519
533.76182822078,392.536665659791,3.39953384651802
70.6189358911184,80.0736788597626,5.26506467134447
7.28972164967211,75.6075433634192,3.43886547004301
584.543456839049,225.347855561744,3.93787656060467
444.029837168526,454.73045320496,4.74875051435522
658.900467318037,374.993001933305,2.85891731511226
102.221698209467,485.253420768069,4.46104311858699
623.145268098093,90.3599699249995,4.04108206411004
420.718370342664,261.448932625018,3.66853310887032
10.7292235601453,181.888344143799,3.21148663498921
87.8701456471318,113.528689605647,4.62414380940709
614.31379950075,205.632324715115,4.55198304310426
253.868182523962,216.546756597151,3.67098705767343
567.422770312055,434.947309766922,3.81843030817987
298.188787566309,134.673463435605,3.98960765326588
537.732817109689,466.220867782163,3.25864095711854
38.6108674343307,415.70505647243,3.8349206478319
207.302235858467,284.35283662082,4.02250635255869
554.354566585542,263.14626078934,3.85251869139887
171.263834459157,34.609657486615,4.63615069301159
496.989124284246,348.852308082618,4.34219618628263
46.239034070465,52.2310201884688,3.95826512598521
529.967545026023,136.888437164324,5.00751879384614
NA,NA,NA
658.373264189696,333.440921166311,3.60412529100962
459.695136390413,297.537523319325,3.64265356330867
10.1753477444644,492.800794574104,3.62985200472816
558.505028090197,55.0354583926468,4.23779305820188
72.1922719200309,375.06457143169,4.08748559025156
228.351506050295,416.320843505725,4.01846866522548
427.773028102835,12.2875278938732,3.35458840589857
360.957776446507,290.371342582572,3.0703071085337
604.706624696494,100.651703140833,4.23130037553355
390.413375325108,227.438938681595,4.28095751876882
573.355298511235,406.22935935004,4.76948889710944
136.23086416685,280.81084333442,4.539472029226
199.5090185654,373.842295078071,3.96917327661706
125.892601492761,413.020888656241,3.44724467787924
624.541374995825,316.634576771781,4.64591723057032
-2.17124734132351,153.019154466535,4.26489579552761
541.047508345826,202.751525246418,4.02666012194615
33.4273003157355,493.312912701938,3.00065747065475
280.840991492523,22.878656913745,3.83509293905519
533.76182822078,392.536665659791,3.39953384651802
70.6189358911184,80.0736788597626,5.26506467134447
7.28972164967211,75.6075433634192,3.43886547004301
584.543456839049,225.347855561744,3.93787656060467
444.029837168526,454.73045320496,4.74875051435522
658.900467318037,374.993001933305,2.85891731511226
102.221698209467,485.253420768069,4.46104311858699
623.145268098093,90.3599699249995,4.04108206411004
420.718370342664,261.448932625018,3.66853310887032
10.7292235601453,181.888344143799,3.21148663498921
87.8701456471318,113.528689605647,4.62414380940709
614.31379950075,205.632324715115,4.55198304310426
253.868182523962,216.546756597151,3.67098705767343
567.422770312055,434.947309766922,3.81843030817987
298.188787566309,134.673463435605,3.98960765326588
537.732817109689,466.220867782163,3.25864095711854
38.6108674343307,415.70505647243,3.8349206478319
207.302235858467,284.35283662082,4.02250635255869
554.354566585542,263.14626078934,3.85251869139887
171.263834459157,34.609657486615,4.63615069301159
496.989124284246,348.852308082618,4.34219618628263
46.239034070465,52.2310201884688,3.95826512598521
529.967545026023,136.888437164324,5.00751879384614
NA,NA,NA
658.373264189696,333.440921166311,3.60412529100962
459.695136390413,297.537523319325,3.64265356330867
10.1753477444644,492.800794574104,3.62985200472816
558.505028090197,55.0354583926468,4.23779305820188
72.1922719200309,375.06457143169,4.08748559025156
228.351506050295,416.320843505725,4.01846866522548
427.773028102835,12.2875278938732,3.35458840589857
360.957776446507,290.371342582572,3.0703071085337
604.706624696494,100.651703140833,4.23130037553355
390.413375325108,227.438938681595,4.28095751876882
573.355298511235,406.22935935004,4.76948889710944
136.23086416685,280.81084333442,4.539472029226
199.5090185654,373.842295078071,3.96917327661706
125.892601492761,413.020888656241,3.44724467787924
624.541374995825,316.634576771781,4.64591723057032
-2.17124734132351,153.019154466535,4.26489579552761
541.047508345826,202.751525246418,4.02666012194615
33.4273003157355,493.312912701938,3.00065747065475
280.840991492523,22.878656913745,3.83509293905519
533.76182822078,392.536665659791,3.39953384651802
70.6189358911184,80.0736788597626,5.26506467134447
7.28972164967211,75.6075433634192,3.43886547004301
584.543456839049,225.347855561744,3.93787656060467
444.029837168526,454.73045320496,4.74875051435522
658.900467318037,374.993001933305,2.85891731511226
102.221698209467,485.253420768069,4.46104311858699
623.145268098093,90.3599699249995,4.04108206411004
420.718370342664,261.448932625018,3.66853310887032
10.7292235601453,181.888344143799,3.21148663498921
87.8701456471318,113.528689605647,4.62414380940709
614.31379950075,205.632324715115,4.55198304310426
253.868182523962,216.546756597151,3.67098705767343
567.422770312055,434.947309766922,3.81843030817987
298.188787566309,134.673463435605,3.98960765326588
537.732817109689,466.220867782163,3.25864095711854
38.6108674343307,415.70505647243,3.8349206478319
207.302235858467,284.35283662082,4.02250635255869
554.354566585542,263.14626078934,3.85251869139887
171.263834459157,34.609657486615,4.63615069301159
496.989124284246,348.852308082618,4.34219618628263
46.239034070465,52.2310201884688,3.95826512598521
529.967545026023,136.888437164324,5.00751879384614
NA,NA,NA
657.335295186014,331.610764992327,3.55307332100854
457.66749343477,295.4998204521,3.54684814106901
10.3984878555919,496.955484935129,3.60129358970777
563.551505091149,48.7505524238746,4.20777894322771
72.1017682988172,376.538684669209,3.81177386564487
226.162050633712,411.208445184282,3.85856808887131
428.971246269339,13.105970609703,3.30619398473418
360.281675163047,290.524968125036,3.0131784982209
606.832179641053,103.385883327292,4.29442922689336
394.09557096998,233.207294278711,4.2478317364009
566.354241052317,409.708886548269,4.69587121700883
142.707828972031,286.364766571762,4.61304959608433
199.447086807145,363.28422631054,4.01783750149509
127.242346830618,408.04490488698,3.47983107225749
627.987606674161,311.929031299396,4.6347485991791
3.75884637330196,153.10428632067,4.21965134704024
541.159998864651,201.035904571817,4.09487632240695
34.7832167058952,491.793598406582,3.06780146520009
281.693266197958,20.8842962194823,3.96236283296336
534.796087702817,391.444621734398,3.3941690813108
68.3584684248379,73.5839841389773,5.29808297340343
3.76154843985147,75.5388539644892,3.44422883618276
586.783839079274,226.346888112738,4.02583966664952
445.04006997327,461.833286814018,4.78202347402021
657.845320786453,373.189918963613,3.07947163434575
103.070274149014,488.312450488978,4.38112489218536
627.831174362114,89.0410153810149,4.06102838020882
420.760014601327,260.615090671818,3.65174184058964
10.963699831621,180.990771472711,3.3535698621772
65.6146145636767,111.371656215398,4.44792354778832
609.904193870541,216.368084673929,4.49463232156953
253.706177611351,215.580967081031,3.68030075655248
572.432644382557,426.436500508373,3.916628261594
298.820794791609,141.368573150187,3.81734146736016
532.887864428588,462.535569523412,3.54956770000423
41.1488570317737,426.288374422802,3.63753357096559
189.739070045331,278.561027932962,3.79517385876392
545.538416256897,257.223187107837,3.92171359931504
183.936936864772,30.5153316523526,4.25370907277895
508.81398294266,344.255291602718,4.54740244220642
37.0873080561619,51.0763906729062,4.0968684956165
536.225817121952,159.454962637924,4.75690768836194
NA,NA,NA
657.335295186014,331.610764992327,3.55307332100854
457.66749343477,295.4998204521,3.54684814106901
10.3984878555919,496.955484935129,3.60129358970777
563.551505091149,48.7505524238746,4.20777894322771
72.1017682988172,376.538684669209,3.81177386564487
226.162050633712,411.208445184282,3.85856808887131
428.971246269339,13.105970609703,3.30619398473418
360.281675163047,290.524968125036,3.0131784982209
606.832179641053,103.385883327292,4.29442922689336
394.09557096998,233.207294278711,4.2478317364009
566.354241052317,409.708886548269,4.69587121700883
142.707828972031,286.364766571762,4.61304959608433
199.447086807145,363.28422631054,4.01783750149509
127.242346830618,408.04490488698,3.47983107225749
627.987606674161,311.929031299396,4.6347485991791
3.75884637330196,153.10428632067,4.21965134704024
541.159998864651,201.035904571817,4.09487632240695
34.7832167058952,491.793598406582,3.06780146520009
281.693266197958,20.8842962194823,3.96236283296336
534.796087702817,391.444621734398,3.3941690813108
68.3584684248379,73.5839841389773,5.29808297340343
3.76154843985147,75.5388539644892,3.44422883618276
586.783839079274,226.346888112738,4.02583966664952
445.04006997327,461.833286814018,4.78202347402021
657.845320786453,373.189918963613,3.07947163434575
103.070274149014,488.312450488978,4.38112489218536
627.831174362114,89.0410153810149,4.06102838020882
420.760014601327,260.615090671818,3.65174184058964
10.963699831621,180.990771472711,3.3535698621772
65.6146145636767,111.371656215398,4.44792354778832
609.904193870541,216.368084673929,4.49463232156953
253.706177611351,215.580967081031,3.68030075655248
572.432644382557,426.436500508373,3.916628261594
298.820794791609,141.368573150187,3.81734146736016
532.887864428588,462.535569523412,3.54956770000423
41.1488570317737,426.288374422802,3.63753357096559
189.739070045331,278.561027932962,3.79517385876392
545.538416256897,257.223187107837,3.92171359931504
183.936936864772,30.5153316523526,4.25370907277895
508.81398294266,344.255291602718,4.54740244220642
37.0873080561619,51.0763906729062,4.0968684956165
536.225817121952,159.454962637924,4.75690768836194
NA,NA,NA
657.335295186014,331.610764992327,3.55307332100854
457.66749343477,295.4998204521,3.54684814106901
10.3984878555919,496.955484935129,3.60129358970777
563.551505091149,48.7505524238746,4.20777894322771
72.1017682988172,376.538684669209,3.81177386564487
226.162050633712,411.208445184282,3.85856808887131
428.971246269339,13.105970609703,3.30619398473418
360.281675163047,290.524968125036,3.0131784982209
606.832179641053,103.385883327292,4.29442922689336
394.09557096998,233.207294278711,4.2478317364009
566.354241052317,409.708886548269,4.69587121700883
142.707828972031,286.364766571762,4.61304959608433
199.447086807145,363.28422631054,4.01783750149509
127.242346830618,408.04490488698,3.47983107225749
627.987606674161,311.929031299396,4.6347485991791
3.75884637330196,153.10428632067,4.21965134704024
541.159998864651,201.035904571817,4.09487632240695
34.7832167058952,491.793598406582,3.06780146520009
281.693266197958,20.8842962194823,3.96236283296336
534.796087702817,391.444621734398,3.3941690813108
68.3584684248379,73.5839841389773,5.29808297340343
3.76154843985147,75.5388539644892,3.44422883618276
586.783839079274,226.346888112738,4.02583966664952
445.04006997327,461.833286814018,4.78202347402021
657.845320786453,373.189918963613,3.07947163434575
103.070274149014,488.312450488978,4.38112489218536
627.831174362114,89.0410153810149,4.06102838020882
420.760014601327,260.615090671818,3.65174184058964
10.963699831621,180.990771472711,3.3535698621772
65.6146145636767,111.371656215398,4.44792354778832
609.904193870541,216.368084673929,4.49463232156953
253.706177611351,215.580967081031,3.68030075655248
572.432644382557,426.436500508373,3.916628261594
298.820794791609,141.368573150187,3.81734146736016
532.887864428588,462.535569523412,3.54956770000423
41.1488570317737,426.288374422802,3.63753357096559
189.739070045331,278.561027932962,3.79517385876392
545.538416256897,257.223187107837,3.92171359931504
183.936936864772,30.5153316523526,4.25370907277895
508.81398294266,344.255291602718,4.54740244220642
37.0873080561619,51.0763906729062,4.0968684956165
536.225817121952,159.454962637924,4.75690768836194
NA,NA,NA
657.335295186014,331.610764992327,3.55307332100854
457.66749343477,295.4998204521,3.54684814106901
10.3984878555919,496.955484935129,3.60129358970777
563.551505091149,48.7505524238746,4.20777894322771
72.1017682988172,376.538684669209,3.81177386564487
226.162050633712,411.208445184282,3.85856808887131
428.971246269339,13.105970609703,3.30619398473418
360.281675163047,290.524968125036,3.0131784982209
606.832179641053,103.385883327292,4.29442922689336
394.09557096998,233.207294278711,4.2478317364009
566.354241052317,409.708886548269,4.69587121700883
142.707828972031,286.364766571762,4.61304959608433
199.447086807145,363.28422631054,4.01783750149509
127.242346830618,408.04490488698,3.47983107225749
627.987606674161,311.929031299396,4.6347485991791
3.75884637330196,153.10428632067,4.21965134704024
541.159998864651,201.035904571817,4.09487632240695
34.7832167058952,491.793598406582,3.06780146520009
281.693266197958,20.8842962194823,3.96236283296336
534.796087702817,391.444621734398,3.3941690813108
68.3584684248379,73.5839841389773,5.29808297340343
3.76154843985147,75.5388539644892,3.44422883618276
586.783839079274,226.346888112738,4.02583966664952
445.04006997327,461.833286814018,4.78202347402021
657.845320786453,373.189918963613,3.07947163434575
103.070274149014,488.312450488978,4.38112489218536
627.831174362114,89.0410153810149,4.06102838020882
420.760014601327,260.615090671818,3.65174184058964
10.963699831621,180.990771472711,3.3535698621772
65.6146145636767,111.371656215398,4.44792354778832
609.904193870541,216.368084673929,4.49463232156953
253.706177611351,215.580967081031,3.68030075655248
572.432644382557,426.436500508373,3.916628261594
298.820794791609,141.368573150187,3.81734146736016
532.887864428588,462.535569523412,3.54956770000423
41.1488570317737,426.288374422802,3.63753357096559
189.739070045331,278.561027932962,3.79517385876392
545.538416256897,257.223187107837,3.92171359931504
183.936936864772,30.5153316523526,4.25370907277895
508.81398294266,344.255291602718,4.54740244220642
37.0873080561619,51.0763906729062,4.0968684956165
536.225817121952,159.454962637924,4.75690768836194
NA,NA,NA
657.335295186014,331.610764992327,3.55307332100854
457.66749343477,295.4998204521,3.54684814106901
10.3984878555919,496.955484935129,3.60129358970777
563.551505091149,48.7505524238746,4.20777894322771
72.1017682988172,376.538684669209,3.81177386564487
226.162050633712,411.208445184282,3.85856808887131
428.971246269339,13.105970609703,3.30619398473418
360.281675163047,290.524968125036,3.0131784982209
606.832179641053,103.385883327292,4.29442922689336
394.09557096998,233.207294278711,4.2478317364009
566.354241052317,409.708886548269,4.69587121700883
142.707828972031,286.364766571762,4.61304959608433
199.447086807145,363.28422631054,4.01783750149509
127.242346830618,408.04490488698,3.47983107225749
627.987606674161,311.929031299396,4.6347485991791
3.75884637330196,153.10428632067,4.21965134704024
541.159998864651,201.035904571817,4.09487632240695
34.7832167058952,491.793598406582,3.06780146520009
281.693266197958,20.8842962194823,3.96236283296336
534.796087702817,391.444621734398,3.3941690813108
68.3584684248379,73.5839841389773,5.29808297340343
3.76154843985147,75.5388539644892,3.44422883618276
586.783839079274,226.346888112738,4.02583966664952
445.04006997327,461.833286814018,4.78202347402021
657.845320786453,373.189918963613,3.07947163434575
103.070274149014,488.312450488978,4.38112489218536
627.831174362114,89.0410153810149,4.06102838020882
420.760014601327,260.615090671818,3.65174184058964
10.963699831621,180.990771472711,3.3535698621772
65.6146145636767,111.371656215398,4.44792354778832
609.904193870541,216.368084673929,4.49463232156953
253.706177611351,215.580967081031,3.68030075655248
572.432644382557,426.436500508373,3.916628261594
298.820794791609,141.368573150187,3.81734146736016
532.887864428588,462.535569523412,3.54956770000423
41.1488570317737,426.288374422802,3.63753357096559
189.739070045331,278.561027932962,3.79517385876392
545.538416256897,257.223187107837,3.92171359931504
183.936936864772,30.5153316523526,4.25370907277895
508.81398294266,344.255291602718,4.54740244220642
37.0873080561619,51.0763906729062,4.0968684956165
536.225817121952,159.454962637924,4.75690768836194
NA,NA,NA
657.335295186014,331.610764992327,3.55307332100854
457.66749343477,295.4998204521,3.54684814106901
10.3984878555919,496.955484935129,3.60129358970777
563.551505091149,48.7505524238746,4.20777894322771
72.1017682988172,376.538684669209,3.81177386564487
226.162050633712,411.208445184282,3.85856808887131
428.971246269339,13.105970609703,3.30619398473418
360.281675163047,290.524968125036,3.0131784982209
606.832179641053,103.385883327292,4.29442922689336
394.09557096998,233.207294278711,4.2478317364009
566.354241052317,409.708886548269,4.69587121700883
142.707828972031,286.364766571762,4.61304959608433
199.447086807145,363.28422631054,4.01783750149509
127.242346830618,408.04490488698,3.47983107225749
627.987606674161,311.929031299396,4.6347485991791
3.75884637330196,153.10428632067,4.21965134704024
541.159998864651,201.035904571817,4.09487632240695
34.7832167058952,491.793598406582,3.06780146520009
281.693266197958,20.8842962194823,3.96236283296336
534.796087702817,391.444621734398,3.3941690813108
68.3584684248379,73.5839841389773,5.29808297340343
3.76154843985147,75.5388539644892,3.44422883618276
586.783839079274,226.346888112738,4.02583966664952
445.04006997327,461.833286814018,4.78202347402021
657.845320786453,373.189918963613,3.07947163434575
103.070274149014,488.312450488978,4.38112489218536
627.831174362114,89.0410153810149,4.06102838020882
420.760014601327,260.615090671818,3.65174184058964
10.963699831621,180.990771472711,3.3535698621772
65.6146145636767,111.371656215398,4.44792354778832
609.904193870541,216.368084673929,4.49463232156953
253.706177611351,215.580967081031,3.68030075655248
572.432644382557,426.436500508373,3.916628261594
298.820794791609,141.368573150187,3.81734146736016
532.887864428588,462.535569523412,3.54956770000423
41.1488570317737,426.288374422802,3.63753357096559
189.739070045331,278.561027932962,3.79517385876392
545.538416256897,257.223187107837,3.92171359931504
183.936936864772,30.5153316523526,4.25370907277895
508.81398294266,344.255291602718,4.54740244220642
37.0873080561619,51.0763906729062,4.0968684956165
536.225817121952,159.454962637924,4.75690768836194
NA,NA,NA
663.459176228396,331.498996554604,3.51520781432758
454.360713340931,300.864646631417,3.64266101868284
9.0626985608033,495.640490625832,3.64156127493348
563.366475870866,54.6085616374536,4.20326983550026
72.1265872128211,375.308137167061,4.03293044026435
226.268063965694,413.924458415321,3.86986090903114
427.852401196736,12.0969012677035,3.29886677286307
360.875293234506,294.386587247201,2.96443224899196
598.98470085485,109.717271312529,4.13825054270795
393.087628430069,231.057508664143,4.282929486924
573.207510461575,419.612492406781,4.69771648628213
138.598234567428,282.256950157857,4.69752821390521
198.497243355436,362.55732560383,4.10844432501223
127.271894868845,410.270994563192,3.48367636382328
625.895130520446,314.607663218136,4.60144419676167
-3.90849973224258,146.877461236482,4.29400898773573
546.199968567654,204.941722277806,4.30292692335562
32.4610511237315,492.91751883791,3.02362965259909
277.903646736561,21.8861143956704,4.00493226404694
536.606413655353,389.898011987533,3.12116280810039
84.9582041524588,79.6181888983719,5.21709426923661
5.58253773163051,75.0367528069516,3.53447853577705
589.064439124105,225.976346136592,4.03887639452705
434.454531712248,465.754679997737,4.73642377591001
658.971931847653,373.270463834932,3.02463362588216
106.886008703399,486.332507610758,4.23293312199387
620.882691206003,89.3252509307346,4.1064850209429
419.861595600265,259.025424060421,3.70819587811947
11.4771360981995,180.569380555395,3.43613154855005
55.850535500883,112.990487359772,4.57785454906305
612.272593942213,210.851506362628,4.30810190818029
252.12258699142,212.880602952779,3.84735262253891
572.743451009233,428.775504517885,3.86196903800891
303.743201356084,138.083137464724,3.89708776704355
522.100009837633,458.504393393041,3.50663804297664
43.4690090632097,431.418770457337,3.8097460246494
194.287811333073,296.505875703837,3.91557018533258
545.047000938795,262.578339312452,3.59993221289801
168.464562557223,25.9700043860913,4.23296857913086
496.316603303942,342.525827580483,4.14651357504416
49.0583530039791,50.5548161928459,4.0400842174459
545.454897708185,145.937466173533,4.74214212037497
NA,NA,NA
663.459176228396,331.498996554604,3.51520781432758
454.360713340931,300.864646631417,3.64266101868284
9.0626985608033,495.640490625832,3.64156127493348
563.366475870866,54.6085616374536,4.20326983550026
72.1265872128211,375.308137167061,4.03293044026435
226.268063965694,413.924458415321,3.86986090903114
427.852401196736,12.0969012677035,3.29886677286307
360.875293234506,294.386587247201,2.96443224899196
598.98470085485,109.717271312529,4.13825054270795
393.087628430069,231.057508664143,4.282929486924
573.207510461575,419.612492406781,4.69771648628213
138.598234567428,282.256950157857,4.69752821390521
198.497243355436,362.55732560383,4.10844432501223
127.271894868845,410.270994563192,3.48367636382328
625.895130520446,314.607663218136,4.60144419676167
-3.90849973224258,146.877461236482,4.29400898773573
546.199968567654,204.941722277806,4.30292692335562
32.4610511237315,492.91751883791,3.02362965259909
277.903646736561,21.8861143956704,4.00493226404694
536.606413655353,389.898011987533,3.12116280810039
84.9582041524588,79.6181888983719,5.21709426923661
5.58253773163051,75.0367528069516,3.53447853577705
589.064439124105,225.976346136592,4.03887639452705
434.454531712248,465.754679997737,4.73642377591001
658.971931847653,373.270463834932,3.02463362588216
106.886008703399,486.332507610758,4.23293312199387
620.882691206003,89.3252509307346,4.1064850209429
419.861595600265,259.025424060421,3.70819587811947
11.4771360981995,180.569380555395,3.43613154855005
55.850535500883,112.990487359772,4.57785454906305
612.272593942213,210.851506362628,4.30810190818029
252.12258699142,212.880602952779,3.84735262253891
572.743451009233,428.775504517885,3.86196903800891
303.743201356084,138.083137464724,3.89708776704355
522.100009837633,458.504393393041,3.50663804297664
43.4690090632097,431.418770457337,3.8097460246494
194.287811333073,296.505875703837,3.91557018533258
545.047000938795,262.578339312452,3.59993221289801
168.464562557223,25.9700043860913,4.23296857913086
496.316603303942,342.525827580483,4.14651357504416
49.0583530039791,50.5548161928459,4.0400842174459
545.454897708185,145.937466173533,4.74214212037497
NA,NA,NA
663.459176228396,331.498996554604,3.51520781432758
454.360713340931,300.864646631417,3.64266101868284
9.0626985608033,495.640490625832,3.64156127493348
563.366475870866,54.6085616374536,4.20326983550026
72.1265872128211,375.308137167061,4.03293044026435
226.268063965694,413.924458415321,3.86986090903114
427.852401196736,12.0969012677035,3.29886677286307
360.875293234506,294.386587247201,2.96443224899196
598.98470085485,109.717271312529,4.13825054270795
393.087628430069,231.057508664143,4.282929486924
573.207510461575,419.612492406781,4.69771648628213
138.598234567428,282.256950157857,4.69752821390521
198.497243355436,362.55732560383,4.10844432501223
127.271894868845,410.270994563192,3.48367636382328
625.895130520446,314.607663218136,4.60144419676167
-3.90849973224258,146.877461236482,4.29400898773573
546.199968567654,204.941722277806,4.30292692335562
32.4610511237315,492.91751883791,3.02362965259909
277.903646736561,21.8861143956704,4.00493226404694
536.606413655353,389.898011987533,3.12116280810039
84.9582041524588,79.6181888983719,5.21709426923661
5.58253773163051,75.0367528069516,3.53447853577705
589.064439124105,225.976346136592,4.03887639452705
434.454531712248,465.754679997737,4.73642377591001
658.971931847653,373.270463834932,3.02463362588216
106.886008703399,486.332507610758,4.23293312199387
620.882691206003,89.3252509307346,4.1064850209429
419.861595600265,259.025424060421,3.70819587811947
11.4771360981995,180.569380555395,3.43613154855005
55.850535500883,112.990487359772,4.57785454906305
612.272593942213,210.851506362628,4.30810190818029
252.12258699142,212.880602952779,3.84735262253891
572.743451009233,428.775504517885,3.86196903800891
303.743201356084,138.083137464724,3.89708776704355
522.100009837633,458.504393393041,3.50663804297664
43.4690090632097,431.418770457337,3.8097460246494
194.287811333073,296.505875703837,3.91557018533258
545.047000938795,262.578339312452,3.59993221289801
168.464562557223,25.9700043860913,4.23296857913086
496.316603303942,342.525827580483,4.14651357504416
49.0583530039791,50.5548161928459,4.0400842174459
545.454897708185,145.937466173533,4.74214212037497
NA,NA,NA
663.459176228396,331.498996554604,3.51520781432758
454.360713340931,300.864646631417,3.64266101868284
9.0626985608033,495.640490625832,3.64156127493348
563.366475870866,54.6085616374536,4.20326983550026
72.1265872128211,375.308137167061,4.03293044026435
226.268063965694,413.924458415321,3.86986090903114
427.852401196736,12.0969012677035,3.29886677286307
360.875293234506,294.386587247201,2.96443224899196
598.98470085485,109.717271312529,4.13825054270795
393.087628430069,231.057508664143,4.282929486924
573.207510461575,419.612492406781,4.69771648628213
138.598234567428,282.256950157857,4.69752821390521
198.497243355436,362.55732560383,4.10844432501223
127.271894868845,410.270994563192,3.48367636382328
625.895130520446,314.607663218136,4.60144419676167
-3.90849973224258,146.877461236482,4.29400898773573
546.199968567654,204.941722277806,4.30292692335562
32.4610511237315,492.91751883791,3.02362965259909
277.903646736561,21.8861143956704,4.00493226404694
536.606413655353,389.898011987533,3.12116280810039
84.9582041524588,79.6181888983719,5.21709426923661
5.58253773163051,75.0367528069516,3.53447853577705
589.064439124105,225.976346136592,4.03887639452705
434.454531712248,465.754679997737,4.73642377591001
658.971931847653,373.270463834932,3.02463362588216
106.886008703399,486.332507610758,4.23293312199387
620.882691206003,89.3252509307346,4.1064850209429
419.861595600265,259.025424060421,3.70819587811947
11.4771360981995,180.569380555395,3.43613154855005
55.850535500883,112.990487359772,4.57785454906305
612.272593942213,210.851506362628,4.30810190818029
252.12258699142,212.880602952779,3.84735262253891
572.743451009233,428.775504517885,3.86196903800891
303.743201356084,138.083137464724,3.89708776704355
522.100009837633,458.504393393041,3.50663804297664
43.4690090632097,431.418770457337,3.8097460246494
194.287811333073,296.505875703837,3.91557018533258
545.047000938795,262.578339312452,3.59993221289801
168.464562557223,25.9700043860913,4.23296857913086
496.316603303942,342.525827580483,4.14651357504416
49.0583530039791,50.5548161928459,4.0400842174459
545.454897708185,145.937466173533,4.74214212037497
NA,NA,NA
663.459176228396,331.498996554604,3.51520781432758
454.360713340931,300.864646631417,3.64266101868284
9.0626985608033,495.640490625832,3.64156127493348
563.366475870866,54.6085616374536,4.20326983550026
72.1265872128211,375.308137167061,4.03293044026435
226.268063965694,413.924458415321,3.86986090903114
427.852401196736,12.0969012677035,3.29886677286307
360.875293234506,294.386587247201,2.96443224899196
598.98470085485,109.717271312529,4.13825054270795
393.087628430069,231.057508664143,4.282929486924
573.207510461575,419.612492406781,4.69771648628213
138.598234567428,282.256950157857,4.69752821390521
198.497243355436,362.55732560383,4.10844432501223
127.271894868845,410.270994563192,3.48367636382328
625.895130520446,314.607663218136,4.60144419676167
-3.90849973224258,146.877461236482,4.29400898773573
546.199968567654,204.941722277806,4.30292692335562
32.4610511237315,492.91751883791,3.02362965259909
277.903646736561,21.8861143956704,4.00493226404694
536.606413655353,389.898011987533,3.12116280810039
84.9582041524588,79.6181888983719,5.21709426923661
5.58253773163051,75.0367528069516,3.53447853577705
589.064439124105,225.976346136592,4.03887639452705
434.454531712248,465.754679997737,4.73642377591001
658.971931847653,373.270463834932,3.02463362588216
106.886008703399,486.332507610758,4.23293312199387
620.882691206003,89.3252509307346,4.1064850209429
419.861595600265,259.025424060421,3.70819587811947
11.4771360981995,180.569380555395,3.43613154855005
55.850535500883,112.990487359772,4.57785454906305
612.272593942213,210.851506362628,4.30810190818029
252.12258699142,212.880602952779,3.84735262253891
572.743451009233,428.775504517885,3.86196903800891
303.743201356084,138.083137464724,3.89708776704355
522.100009837633,458.504393393041,3.50663804297664
43.4690090632097,431.418770457337,3.8097460246494
194.287811333073,296.505875703837,3.91557018533258
545.047000938795,262.578339312452,3.59993221289801
168.464562557223,25.9700043860913,4.23296857913086
496.316603303942,342.525827580483,4.14651357504416
49.0583530039791,50.5548161928459,4.0400842174459
545.454897708185,145.937466173533,4.74214212037497
NA,NA,NA
663.459176228396,331.498996554604,3.51520781432758
454.360713340931,300.864646631417,3.64266101868284
9.0626985608033,495.640490625832,3.64156127493348
563.366475870866,54.6085616374536,4.20326983550026
72.1265872128211,375.308137167061,4.03293044026435
226.268063965694,413.924458415321,3.86986090903114
427.852401196736,12.0969012677035,3.29886677286307
360.875293234506,294.386587247201,2.96443224899196
598.98470085485,109.717271312529,4.13825054270795
393.087628430069,231.057508664143,4.282929486924
573.207510461575,419.612492406781,4.69771648628213
138.598234567428,282.256950157857,4.69752821390521
198.497243355436,362.55732560383,4.10844432501223
127.271894868845,410.270994563192,3.48367636382328
625.895130520446,314.607663218136,4.60144419676167
-3.90849973224258,146.877461236482,4.29400898773573
546.199968567654,204.941722277806,4.30292692335562
32.4610511237315,492.91751883791,3.02362965259909
277.903646736561,21.8861143956704,4.00493226404694
536.606413655353,389.898011987533,3.12116280810039
84.9582041524588,79.6181888983719,5.21709426923661
5.58253773163051,75.0367528069516,3.53447853577705
589.064439124105,225.976346136592,4.03887639452705
434.454531712248,465.754679997737,4.73642377591001
658.971931847653,373.270463834932,3.02463362588216
106.886008703399,486.332507610758,4.23293312199387
620.882691206003,89.3252509307346,4.1064850209429
419.861595600265,259.025424060421,3.70819587811947
11.4771360981995,180.569380555395,3.43613154855005
55.850535500883,112.990487359772,4.57785454906305
612.272593942213,210.851506362628,4.30810190818029
252.12258699142,212.880602952779,3.84735262253891
572.743451009233,428.775504517885,3.86196903800891
303.743201356084,138.083137464724,3.89708776704355
522.100009837633,458.504393393041,3.50663804297664
43.4690090632097,431.418770457337,3.8097460246494
194.287811333073,296.505875703837,3.91557018533258
545.047000938795,262.578339312452,3.59993221289801
168.464562557223,25.9700043860913,4.23296857913086
496.316603303942,342.525827580483,4.14651357504416
49.0583530039791,50.5548161928459,4.0400842174459
545.454897708185,145.937466173533,4.74214212037497
NA,NA,NA
660.20240839368,334.555800041753,3.49835036688464
455.415040016541,297.542560361601,3.39874528344092
13.6494691269515,492.273246623419,3.63474095791955
561.492238972586,49.8509779352866,4.17797018434501
77.0677365752804,378.179570974955,3.99788175809706
230.374407497416,415.926989304952,3.84231470831802
425.78911835245,14.1603631498331,3.33862186946093
361.207456193965,291.962540022791,3.12358011335964
598.730469383972,98.5084858307687,4.15015606850436
390.891054749738,231.302788176392,4.22534807426485
568.107724406707,409.534808352235,4.75402226576964
140.696947705718,279.826898131551,4.71062770702076
203.41887072869,372.625250007434,4.09538303432231
122.096009246557,413.5254051657,3.4505079547515
630.209479215802,311.128822693956,4.75413225221527
4.45419369553326,149.946432466394,4.26510496981821
546.224935993618,196.033230956529,4.21824833189442
33.7926278546054,490.906749333726,2.92487532735953
279.105287097253,22.4428451342417,3.84934093540374
536.336458928991,393.49489726096,3.38106832375396
72.8118698385908,74.1252940668292,5.35464450118545
2.96019902274697,76.0074975467204,3.54878606708114
587.165361152986,224.04797654679,4.01716521316256
439.635646945437,464.064816779143,4.82000954281463
657.955523047211,373.845920525255,3.11032290382617
111.304162627996,488.69146471494,4.27402942551747
626.183465886522,88.9866156394177,4.14868788729727
417.771122736858,259.148223607905,3.64456243623882
9.7274358806601,181.134545487029,3.33345733909947
54.4139999690568,123.185855632972,4.36657797045858
611.851284563362,212.417281958245,4.26816294384442
251.353747643763,225.180243640362,3.72843878581873
584.4410907574,425.228423563363,3.82122043544794
308.045805979858,136.170351231226,3.67917649138884
530.899962473617,453.504236498223,3.70342458837166
41.1539227537686,416.774793266383,3.79528537456207
191.600313388534,289.099795052074,3.99795011779772
548.611059614817,261.92526889501,3.67278194475994
178.320788192671,30.9572006975192,4.1283070627324
508.065564485407,344.009115914082,4.34299431648768
34.6644845790439,47.6937683247282,3.75957684794965
510.994548269196,150.353811188314,5.14759519864381
NA,NA,NA
660.20240839368,334.555800041753,3.49835036688464
455.415040016541,297.542560361601,3.39874528344092
13.6494691269515,492.273246623419,3.63474095791955
561.492238972586,49.8509779352866,4.17797018434501
77.0677365752804,378.179570974955,3.99788175809706
230.374407497416,415.926989304952,3.84231470831802
425.78911835245,14.1603631498331,3.33862186946093
361.207456193965,291.962540022791,3.12358011335964
598.730469383972,98.5084858307687,4.15015606850436
390.891054749738,231.302788176392,4.22534807426485
568.107724406707,409.534808352235,4.75402226576964
140.696947705718,279.826898131551,4.71062770702076
203.41887072869,372.625250007434,4.09538303432231
122.096009246557,413.5254051657,3.4505079547515
630.209479215802,311.128822693956,4.75413225221527
4.45419369553326,149.946432466394,4.26510496981821
546.224935993618,196.033230956529,4.21824833189442
33.7926278546054,490.906749333726,2.92487532735953
279.105287097253,22.4428451342417,3.84934093540374
536.336458928991,393.49489726096,3.38106832375396
72.8118698385908,74.1252940668292,5.35464450118545
2.96019902274697,76.0074975467204,3.54878606708114
587.165361152986,224.04797654679,4.01716521316256
439.635646945437,464.064816779143,4.82000954281463
657.955523047211,373.845920525255,3.11032290382617
111.304162627996,488.69146471494,4.27402942551747
626.183465886522,88.9866156394177,4.14868788729727
417.771122736858,259.148223607905,3.64456243623882
9.7274358806601,181.134545487029,3.33345733909947
54.4139999690568,123.185855632972,4.36657797045858
611.851284563362,212.417281958245,4.26816294384442
251.353747643763,225.180243640362,3.72843878581873
584.4410907574,425.228423563363,3.82122043544794
308.045805979858,136.170351231226,3.67917649138884
530.899962473617,453.504236498223,3.70342458837166
41.1539227537686,416.774793266383,3.79528537456207
191.600313388534,289.099795052074,3.99795011779772
548.611059614817,261.92526889501,3.67278194475994
178.320788192671,30.9572006975192,4.1283070627324
508.065564485407,344.009115914082,4.34299431648768
34.6644845790439,47.6937683247282,3.75957684794965
510.994548269196,150.353811188314,5.14759519864381
NA,NA,NA
660.20240839368,334.555800041753,3.49835036688464
455.415040016541,297.542560361601,3.39874528344092
13.6494691269515,492.273246623419,3.63474095791955
561.492238972586,49.8509779352866,4.17797018434501
77.0677365752804,378.179570974955,3.99788175809706
230.374407497416,415.926989304952,3.84231470831802
425.78911835245,14.1603631498331,3.33862186946093
361.207456193965,291.962540022791,3.12358011335964
598.730469383972,98.5084858307687,4.15015606850436
390.891054749738,231.302788176392,4.22534807426485
568.107724406707,409.534808352235,4.75402226576964
140.696947705718,279.826898131551,4.71062770702076
203.41887072869,372.625250007434,4.09538303432231
122.096009246557,413.5254051657,3.4505079547515
630.209479215802,311.128822693956,4.75413225221527
4.45419369553326,149.946432466394,4.26510496981821
546.224935993618,196.033230956529,4.21824833189442
33.7926278546054,490.906749333726,2.92487532735953
279.105287097253,22.4428451342417,3.84934093540374
536.336458928991,393.49489726096,3.38106832375396
72.8118698385908,74.1252940668292,5.35464450118545
2.96019902274697,76.0074975467204,3.54878606708114
587.165361152986,224.04797654679,4.01716521316256
439.635646945437,464.064816779143,4.82000954281463
657.955523047211,373.845920525255,3.11032290382617
111.304162627996,488.69146471494,4.27402942551747
626.183465886522,88.9866156394177,4.14868788729727
417.771122736858,259.148223607905,3.64456243623882
9.7274358806601,181.134545487029,3.33345733909947
54.4139999690568,123.185855632972,4.36657797045858
611.851284563362,212.417281958245,4.26816294384442
251.353747643763,225.180243640362,3.72843878581873
584.4410907574,425.228423563363,3.82122043544794
308.045805979858,136.170351231226,3.67917649138884
530.899962473617,453.504236498223,3.70342458837166
41.1539227537686,416.774793266383,3.79528537456207
191.600313388534,289.099795052074,3.99795011779772
548.611059614817,261.92526889501,3.67278194475994
178.320788192671,30.9572006975192,4.1283070627324
508.065564485407,344.009115914082,4.34299431648768
34.6644845790439,47.6937683247282,3.75957684794965
510.994548269196,150.353811188314,5.14759519864381
NA,NA,NA
660.20240839368,334.555800041753,3.49835036688464
455.415040016541,297.542560361601,3.39874528344092
13.6494691269515,492.273246623419,3.63474095791955
561.492238972586,49.8509779352866,4.17797018434501
77.0677365752804,378.179570974955,3.99788175809706
230.374407497416,415.926989304952,3.84231470831802
425.78911835245,14.1603631498331,3.33862186946093
361.207456193965,291.962540022791,3.12358011335964
598.730469383972,98.5084858307687,4.15015606850436
390.891054749738,231.302788176392,4.22534807426485
568.107724406707,409.534808352235,4.75402226576964
140.696947705718,279.826898131551,4.71062770702076
203.41887072869,372.625250007434,4.09538303432231
122.096009246557,413.5254051657,3.4505079547515
630.209479215802,311.128822693956,4.75413225221527
4.45419369553326,149.946432466394,4.26510496981821
546.224935993618,196.033230956529,4.21824833189442
33.7926278546054,490.906749333726,2.92487532735953
279.105287097253,22.4428451342417,3.84934093540374
536.336458928991,393.49489726096,3.38106832375396
72.8118698385908,74.1252940668292,5.35464450118545
2.96019902274697,76.0074975467204,3.54878606708114
587.165361152986,224.04797654679,4.01716521316256
439.635646945437,464.064816779143,4.82000954281463
657.955523047211,373.845920525255,3.11032290382617
111.304162627996,488.69146471494,4.27402942551747
626.183465886522,88.9866156394177,4.14868788729727
417.771122736858,259.148223607905,3.64456243623882
9.7274358806601,181.134545487029,3.33345733909947
54.4139999690568,123.185855632972,4.36657797045858
611.851284563362,212.417281958245,4.26816294384442
251.353747643763,225.180243640362,3.72843878581873
584.4410907574,425.228423563363,3.82122043544794
308.045805979858,136.170351231226,3.67917649138884
530.899962473617,453.504236498223,3.70342458837166
41.1539227537686,416.774793266383,3.79528537456207
191.600313388534,289.099795052074,3.99795011779772
548.611059614817,261.92526889501,3.67278194475994
178.320788192671,30.9572006975192,4.1283070627324
508.065564485407,344.009115914082,4.34299431648768
34.6644845790439,47.6937683247282,3.75957684794965
510.994548269196,150.353811188314,5.14759519864381
NA,NA,NA
660.20240839368,334.555800041753,3.49835036688464
455.415040016541,297.542560361601,3.39874528344092
13.6494691269515,492.273246623419,3.63474095791955
561.492238972586,49.8509779352866,4.17797018434501
77.0677365752804,378.179570974955,3.99788175809706
230.374407497416,415.926989304952,3.84231470831802
425.78911835245,14.1603631498331,3.33862186946093
361.207456193965,291.962540022791,3.12358011335964
598.730469383972,98.5084858307687,4.15015606850436
390.891054749738,231.302788176392,4.22534807426485
568.107724406707,409.534808352235,4.75402226576964
140.696947705718,279.826898131551,4.71062770702076
203.41887072869,372.625250007434,4.09538303432231
122.096009246557,413.5254051657,3.4505079547515
630.209479215802,311.128822693956,4.75413225221527
4.45419369553326,149.946432466394,4.26510496981821
546.224935993618,196.033230956529,4.21824833189442
33.7926278546054,490.906749333726,2.92487532735953
279.105287097253,22.4428451342417,3.84934093540374
536.336458928991,393.49489726096,3.38106832375396
72.8118698385908,74.1252940668292,5.35464450118545
2.96019902274697,76.0074975467204,3.54878606708114
587.165361152986,224.04797654679,4.01716521316256
439.635646945437,464.064816779143,4.82000954281463
657.955523047211,373.845920525255,3.11032290382617
111.304162627996,488.69146471494,4.27402942551747
626.183465886522,88.9866156394177,4.14868788729727
417.771122736858,259.148223607905,3.64456243623882
9.7274358806601,181.134545487029,3.33345733909947
54.4139999690568,123.185855632972,4.36657797045858
611.851284563362,212.417281958245,4.26816294384442
251.353747643763,225.180243640362,3.72843878581873
584.4410907574,425.228423563363,3.82122043544794
308.045805979858,136.170351231226,3.67917649138884
530.899962473617,453.504236498223,3.70342458837166
41.1539227537686,416.774793266383,3.79528537456207
191.600313388534,289.099795052074,3.99795011779772
548.611059614817,261.92526889501,3.67278194475994
178.320788192671,30.9572006975192,4.1283070627324
508.065564485407,344.009115914082,4.34299431648768
34.6644845790439,47.6937683247282,3.75957684794965
510.994548269196,150.353811188314,5.14759519864381
NA,NA,NA
660.20240839368,334.555800041753,3.49835036688464
455.415040016541,297.542560361601,3.39874528344092
13.6494691269515,492.273246623419,3.63474095791955
561.492238972586,49.8509779352866,4.17797018434501
77.0677365752804,378.179570974955,3.99788175809706
230.374407497416,415.926989304952,3.84231470831802
425.78911835245,14.1603631498331,3.33862186946093
361.207456193965,291.962540022791,3.12358011335964
598.730469383972,98.5084858307687,4.15015606850436
390.891054749738,231.302788176392,4.22534807426485
568.107724406707,409.534808352235,4.75402226576964
140.696947705718,279.826898131551,4.71062770702076
203.41887072869,372.625250007434,4.09538303432231
122.096009246557,413.5254051657,3.4505079547515
630.209479215802,311.128822693956,4.75413225221527
4.45419369553326,149.946432466394,4.26510496981821
546.224935993618,196.033230956529,4.21824833189442
33.7926278546054,490.906749333726,2.92487532735953
279.105287097253,22.4428451342417,3.84934093540374
536.336458928991,393.49489726096,3.38106832375396
72.8118698385908,74.1252940668292,5.35464450118545
2.96019902274697,76.0074975467204,3.54878606708114
587.165361152986,224.04797654679,4.01716521316256
439.635646945437,464.064816779143,4.82000954281463
657.955523047211,373.845920525255,3.11032290382617
111.304162627996,488.69146471494,4.27402942551747
626.183465886522,88.9866156394177,4.14868788729727
417.771122736858,259.148223607905,3.64456243623882
9.7274358806601,181.134545487029,3.33345733909947
54.4139999690568,123.185855632972,4.36657797045858
611.851284563362,212.417281958245,4.26816294384442
251.353747643763,225.180243640362,3.72843878581873
584.4410907574,425.228423563363,3.82122043544794
308.045805979858,136.170351231226,3.67917649138884
530.899962473617,453.504236498223,3.70342458837166
41.1539227537686,416.774793266383,3.79528537456207
191.600313388534,289.099795052074,3.99795011779772
548.611059614817,261.92526889501,3.67278194475994
178.320788192671,30.9572006975192,4.1283070627324
508.065564485407,344.009115914082,4.34299431648768
34.6644845790439,47.6937683247282,3.75957684794965
510.994548269196,150.353811188314,5.14759519864381
NA,NA,NA
661.850764936426,332.895739532814,3.52438727210522
454.873681359129,300.793758987807,3.57438917821048
11.3980352105548,489.036345071701,3.66546744440274
562.882194168701,51.5054128417368,4.22459427839863
71.0251958609712,374.180701975812,3.96349429571976
231.556208400398,412.268003663999,3.96277395974542
425.292779458451,12.359486012102,3.41589367651659
364.216528121121,295.087737572013,2.98351356154189
602.050633277831,105.380776082304,4.17745675608157
389.891653542707,228.918135752922,4.28652436271826
565.426820090861,405.936428230235,4.74869548701772
141.032447718374,282.886037777466,4.69382076550619
196.472904395428,367.950776891435,4.10500767821749
124.646526374964,408.385607314332,3.36124825694411
631.581458228629,311.166869103976,4.43459401825466
3.21981459460604,148.448974660046,4.38216912296142
542.417540557099,201.407635555633,4.11117507167237
32.3276955735103,492.847468430054,2.98258189565193
280.05497355748,24.9024528014278,3.84929618891706
529.642602984757,389.967188362528,3.56304329790538
77.8863211683253,72.0431114087305,5.18056871398985
4.2391092824795,78.3753118341498,3.54116189533325
586.832550266463,229.161632561689,3.99594570119692
438.514493751075,458.325293130138,4.81961511872434
657.863460433037,374.060737037497,2.98333210685383
108.179393106766,489.38507044551,4.355625418809
621.528931918314,89.4609508060638,4.09864066026224
420.765490727801,258.104123562563,3.70320780087846
10.6556594857044,182.681084004723,3.20027187725204
74.9618398579166,119.841701812319,4.50045842950565
604.29149247405,192.886305403628,4.22127346712105
257.341464545639,221.443095787045,3.79045986389862
565.320464629268,439.080180761969,4.05834412518234
298.292762385742,133.587217084862,3.65749491626134
530.93701201256,462.626745978492,3.53416785004414
47.6840397703683,428.52597046468,4.36486072384828
199.609959469231,293.585668135527,4.17195975067551
553.875139548429,257.046491341285,3.87391243887521
182.665026427104,17.6133001074896,4.32655209075456
500.130289122078,340.535257816253,4.75335400007413
38.6739755546378,36.1473671766095,3.42977352949988
523.809447250583,132.682077820253,4.91359014463359
NA,NA,NA
661.850764936426,332.895739532814,3.52438727210522
454.873681359129,300.793758987807,3.57438917821048
11.3980352105548,489.036345071701,3.66546744440274
562.882194168701,51.5054128417368,4.22459427839863
71.0251958609712,374.180701975812,3.96349429571976
231.556208400398,412.268003663999,3.96277395974542
425.292779458451,12.359486012102,3.41589367651659
364.216528121121,295.087737572013,2.98351356154189
602.050633277831,105.380776082304,4.17745675608157
389.891653542707,228.918135752922,4.28652436271826
565.426820090861,405.936428230235,4.74869548701772
141.032447718374,282.886037777466,4.69382076550619
196.472904395428,367.950776891435,4.10500767821749
124.646526374964,408.385607314332,3.36124825694411
631.581458228629,311.166869103976,4.43459401825466
3.21981459460604,148.448974660046,4.38216912296142
542.417540557099,201.407635555633,4.11117507167237
32.3276955735103,492.847468430054,2.98258189565193
280.05497355748,24.9024528014278,3.84929618891706
529.642602984757,389.967188362528,3.56304329790538
77.8863211683253,72.0431114087305,5.18056871398985
4.2391092824795,78.3753118341498,3.54116189533325
586.832550266463,229.161632561689,3.99594570119692
438.514493751075,458.325293130138,4.81961511872434
657.863460433037,374.060737037497,2.98333210685383
108.179393106766,489.38507044551,4.355625418809
621.528931918314,89.4609508060638,4.09864066026224
420.765490727801,258.104123562563,3.70320780087846
10.6556594857044,182.681084004723,3.20027187725204
74.9618398579166,119.841701812319,4.50045842950565
604.29149247405,192.886305403628,4.22127346712105
257.341464545639,221.443095787045,3.79045986389862
565.320464629268,439.080180761969,4.05834412518234
298.292762385742,133.587217084862,3.65749491626134
530.93701201256,462.626745978492,3.53416785004414
47.6840397703683,428.52597046468,4.36486072384828
199.609959469231,293.585668135527,4.17195975067551
553.875139548429,257.046491341285,3.87391243887521
182.665026427104,17.6133001074896,4.32655209075456
500.130289122078,340.535257816253,4.75335400007413
38.6739755546378,36.1473671766095,3.42977352949988
523.809447250583,132.682077820253,4.91359014463359
NA,NA,NA
661.850764936426,332.895739532814,3.52438727210522
454.873681359129,300.793758987807,3.57438917821048
11.3980352105548,489.036345071701,3.66546744440274
562.882194168701,51.5054128417368,4.22459427839863
71.0251958609712,374.180701975812,3.96349429571976
231.556208400398,412.268003663999,3.96277395974542
425.292779458451,12.359486012102,3.41589367651659
364.216528121121,295.087737572013,2.98351356154189
602.050633277831,105.380776082304,4.17745675608157
389.891653542707,228.918135752922,4.28652436271826
565.426820090861,405.936428230235,4.74869548701772
141.032447718374,282.886037777466,4.69382076550619
196.472904395428,367.950776891435,4.10500767821749
124.646526374964,408.385607314332,3.36124825694411
631.581458228629,311.166869103976,4.43459401825466
3.21981459460604,148.448974660046,4.38216912296142
542.417540557099,201.407635555633,4.11117507167237
32.3276955735103,492.847468430054,2.98258189565193
280.05497355748,24.9024528014278,3.84929618891706
529.642602984757,389.967188362528,3.56304329790538
77.8863211683253,72.0431114087305,5.18056871398985
4.2391092824795,78.3753118341498,3.54116189533325
586.832550266463,229.161632561689,3.99594570119692
438.514493751075,458.325293130138,4.81961511872434
657.863460433037,374.060737037497,2.98333210685383
108.179393106766,489.38507044551,4.355625418809
621.528931918314,89.4609508060638,4.09864066026224
420.765490727801,258.104123562563,3.70320780087846
10.6556594857044,182.681084004723,3.20027187725204
74.9618398579166,119.841701812319,4.50045842950565
604.29149247405,192.886305403628,4.22127346712105
257.341464545639,221.443095787045,3.79045986389862
565.320464629268,439.080180761969,4.05834412518234
298.292762385742,133.587217084862,3.65749491626134
530.93701201256,462.626745978492,3.53416785004414
47.6840397703683,428.52597046468,4.36486072384828
199.609959469231,293.585668135527,4.17195975067551
553.875139548429,257.046491341285,3.87391243887521
182.665026427104,17.6133001074896,4.32655209075456
500.130289122078,340.535257816253,4.75335400007413
38.6739755546378,36.1473671766095,3.42977352949988
523.809447250583,132.682077820253,4.91359014463359
NA,NA,NA
661.850764936426,332.895739532814,3.52438727210522
454.873681359129,300.793758987807,3.57438917821048
11.3980352105548,489.036345071701,3.66546744440274
562.882194168701,51.5054128417368,4.22459427839863
71.0251958609712,374.180701975812,3.96349429571976
231.556208400398,412.268003663999,3.96277395974542
425.292779458451,12.359486012102,3.41589367651659
364.216528121121,295.087737572013,2.98351356154189
602.050633277831,105.380776082304,4.17745675608157
389.891653542707,228.918135752922,4.28652436271826
565.426820090861,405.936428230235,4.74869548701772
141.032447718374,282.886037777466,4.69382076550619
196.472904395428,367.950776891435,4.10500767821749
124.646526374964,408.385607314332,3.36124825694411
631.581458228629,311.166869103976,4.43459401825466
3.21981459460604,148.448974660046,4.38216912296142
542.417540557099,201.407635555633,4.11117507167237
32.3276955735103,492.847468430054,2.98258189565193
280.05497355748,24.9024528014278,3.84929618891706
529.642602984757,389.967188362528,3.56304329790538
77.8863211683253,72.0431114087305,5.18056871398985
4.2391092824795,78.3753118341498,3.54116189533325
586.832550266463,229.161632561689,3.99594570119692
438.514493751075,458.325293130138,4.81961511872434
657.863460433037,374.060737037497,2.98333210685383
108.179393106766,489.38507044551,4.355625418809
621.528931918314,89.4609508060638,4.09864066026224
420.765490727801,258.104123562563,3.70320780087846
10.6556594857044,182.681084004723,3.20027187725204
74.9618398579166,119.841701812319,4.50045842950565
604.29149247405,192.886305403628,4.22127346712105
257.341464545639,221.443095787045,3.79045986389862
565.320464629268,439.080180761969,4.05834412518234
298.292762385742,133.587217084862,3.65749491626134
530.93701201256,462.626745978492,3.53416785004414
47.6840397703683,428.52597046468,4.36486072384828
199.609959469231,293.585668135527,4.17195975067551
553.875139548429,257.046491341285,3.87391243887521
182.665026427104,17.6133001074896,4.32655209075456
500.130289122078,340.535257816253,4.75335400007413
38.6739755546378,36.1473671766095,3.42977352949988
523.809447250583,132.682077820253,4.91359014463359
NA,NA,NA
661.850764936426,332.895739532814,3.52438727210522
454.873681359129,300.793758987807,3.57438917821048
11.3980352105548,489.036345071701,3.66546744440274
562.882194168701,51.5054128417368,4.22459427839863
71.0251958609712,374.180701975812,3.96349429571976
231.556208400398,412.268003663999,3.96277395974542
425.292779458451,12.359486012102,3.41589367651659
364.216528121121,295.087737572013,2.98351356154189
602.050633277831,105.380776082304,4.17745675608157
389.891653542707,228.918135752922,4.28652436271826
565.426820090861,405.936428230235,4.74869548701772
141.032447718374,282.886037777466,4.69382076550619
196.472904395428,367.950776891435,4.10500767821749
124.646526374964,408.385607314332,3.36124825694411
631.581458228629,311.166869103976,4.43459401825466
3.21981459460604,148.448974660046,4.38216912296142
542.417540557099,201.407635555633,4.11117507167237
32.3276955735103,492.847468430054,2.98258189565193
280.05497355748,24.9024528014278,3.84929618891706
529.642602984757,389.967188362528,3.56304329790538
77.8863211683253,72.0431114087305,5.18056871398985
4.2391092824795,78.3753118341498,3.54116189533325
586.832550266463,229.161632561689,3.99594570119692
438.514493751075,458.325293130138,4.81961511872434
657.863460433037,374.060737037497,2.98333210685383
108.179393106766,489.38507044551,4.355625418809
621.528931918314,89.4609508060638,4.09864066026224
420.765490727801,258.104123562563,3.70320780087846
10.6556594857044,182.681084004723,3.20027187725204
74.9618398579166,119.841701812319,4.50045842950565
604.29149247405,192.886305403628,4.22127346712105
257.341464545639,221.443095787045,3.79045986389862
565.320464629268,439.080180761969,4.05834412518234
298.292762385742,133.587217084862,3.65749491626134
530.93701201256,462.626745978492,3.53416785004414
47.6840397703683,428.52597046468,4.36486072384828
199.609959469231,293.585668135527,4.17195975067551
553.875139548429,257.046491341285,3.87391243887521
182.665026427104,17.6133001074896,4.32655209075456
500.130289122078,340.535257816253,4.75335400007413
38.6739755546378,36.1473671766095,3.42977352949988
523.809447250583,132.682077820253,4.91359014463359
NA,NA,NA
661.850764936426,332.895739532814,3.52438727210522
454.873681359129,300.793758987807,3.57438917821048
11.3980352105548,489.036345071701,3.66546744440274
562.882194168701,51.5054128417368,4.22459427839863
71.0251958609712,374.180701975812,3.96349429571976
231.556208400398,412.268003663999,3.96277395974542
425.292779458451,12.359486012102,3.41589367651659
364.216528121121,295.087737572013,2.98351356154189
602.050633277831,105.380776082304,4.17745675608157
389.891653542707,228.918135752922,4.28652436271826
565.426820090861,405.936428230235,4.74869548701772
141.032447718374,282.886037777466,4.69382076550619
196.472904395428,367.950776891435,4.10500767821749
124.646526374964,408.385607314332,3.36124825694411
631.581458228629,311.166869103976,4.43459401825466
3.21981459460604,148.448974660046,4.38216912296142
542.417540557099,201.407635555633,4.11117507167237
32.3276955735103,492.847468430054,2.98258189565193
280.05497355748,24.9024528014278,3.84929618891706
529.642602984757,389.967188362528,3.56304329790538
77.8863211683253,72.0431114087305,5.18056871398985
4.2391092824795,78.3753118341498,3.54116189533325
586.832550266463,229.161632561689,3.99594570119692
438.514493751075,458.325293130138,4.81961511872434
657.863460433037,374.060737037497,2.98333210685383
108.179393106766,489.38507044551,4.355625418809
621.528931918314,89.4609508060638,4.09864066026224
420.765490727801,258.104123562563,3.70320780087846
10.6556594857044,182.681084004723,3.20027187725204
74.9618398579166,119.841701812319,4.50045842950565
604.29149247405,192.886305403628,4.22127346712105
257.341464545639,221.443095787045,3.79045986389862
565.320464629268,439.080180761969,4.05834412518234
298.292762385742,133.587217084862,3.65749491626134
530.93701201256,462.626745978492,3.53416785004414
47.6840397703683,428.52597046468,4.36486072384828
199.609959469231,293.585668135527,4.17195975067551
553.875139548429,257.046491341285,3.87391243887521
182.665026427104,17.6133001074896,4.32655209075456
500.130289122078,340.535257816253,4.75335400007413
38.6739755546378,36.1473671766095,3.42977352949988
523.809447250583,132.682077820253,4.91359014463359
NA,NA,NA
664.307185167496,333.0043674945,3.57636236057297
458.563654730301,294.22026107191,3.60674457500505
7.45964613133129,494.071314768933,3.71230290363409
558.881809199317,48.8820543684868,4.1755496905791
68.112466404915,369.121543413302,3.95979548877984
229.731321360382,414.855857338468,3.88576961207629
430.371861331072,12.392251125627,3.15701410441274
363.081892273243,292.659744561026,3.08321225289773
607.39139564018,109.553412293733,4.15788882696488
393.479528429542,227.882594454084,4.18082271888523
573.995993112393,407.46074736562,4.7041636221707
136.536121239347,285.091890563707,4.5621924433236
199.392254452592,376.27512926148,3.89646584012967
123.623457886162,410.042271315226,3.42286113225467
627.035086893173,306.55979550368,4.45857995712673
5.71550984308237,147.710600241978,4.31089403520415
546.085976596715,199.452787465871,4.13948350709942
33.2050575872309,489.670869971528,3.14462566105667
283.116634480061,21.9295457469561,3.83790807810286
532.674399135741,394.124812173131,3.38365865833607
76.7334183308987,70.7224580397584,5.26356905465301
2.15641881262966,76.8096685420332,3.5713380249626
588.406816628481,225.65263550804,4.1042428971183
448.713089024117,460.0328691424,4.7676148505149
657.664090997264,373.852178057029,3.16757439062718
100.982601046085,492.147698479408,4.41271683871856
622.168915358961,86.9130054059789,4.12061162721453
419.192831085917,259.90600726073,3.64603590314941
9.63379064027711,181.814828591175,3.23447236332589
58.993309191531,115.880118464402,4.45196720368726
615.171681292705,205.9403229106,4.23424403278686
249.735476791519,224.864767160888,3.61063407647845
568.715278776617,439.593821696224,3.8613313415385
303.796589295368,137.472701545289,3.84525129685568
527.373551050063,453.101212952566,3.74316150869736
45.8992297255402,425.546028380768,4.12078051955808
209.997548499281,288.896473293053,3.74921441171622
549.81300880987,260.049390713004,3.85852302235421
192.905897430388,25.763929619775,4.33354166044673
501.330221092659,340.609418596224,4.31147021175667
26.4266220733612,54.6887280807378,4.00578563883168
523.393921869213,159.031730282662,4.35859713707712
NA,NA,NA
664.307185167496,333.0043674945,3.57636236057297
458.563654730301,294.22026107191,3.60674457500505
7.45964613133129,494.071314768933,3.71230290363409
558.881809199317,48.8820543684868,4.1755496905791
68.112466404915,369.121543413302,3.95979548877984
229.731321360382,414.855857338468,3.88576961207629
430.371861331072,12.392251125627,3.15701410441274
363.081892273243,292.659744561026,3.08321225289773
607.39139564018,109.553412293733,4.15788882696488
393.479528429542,227.882594454084,4.18082271888523
573.995993112393,407.46074736562,4.7041636221707
136.536121239347,285.091890563707,4.5621924433236
199.392254452592,376.27512926148,3.89646584012967
123.623457886162,410.042271315226,3.42286113225467
627.035086893173,306.55979550368,4.45857995712673
5.71550984308237,147.710600241978,4.31089403520415
546.085976596715,199.452787465871,4.13948350709942
33.2050575872309,489.670869971528,3.14462566105667
283.116634480061,21.9295457469561,3.83790807810286
532.674399135741,394.124812173131,3.38365865833607
76.7334183308987,70.7224580397584,5.26356905465301
2.15641881262966,76.8096685420332,3.5713380249626
588.406816628481,225.65263550804,4.1042428971183
448.713089024117,460.0328691424,4.7676148505149
657.664090997264,373.852178057029,3.16757439062718
100.982601046085,492.147698479408,4.41271683871856
622.168915358961,86.9130054059789,4.12061162721453
419.192831085917,259.90600726073,3.64603590314941
9.63379064027711,181.814828591175,3.23447236332589
58.993309191531,115.880118464402,4.45196720368726
615.171681292705,205.9403229106,4.23424403278686
249.735476791519,224.864767160888,3.61063407647845
568.715278776617,439.593821696224,3.8613313415385
303.796589295368,137.472701545289,3.84525129685568
527.373551050063,453.101212952566,3.74316150869736
45.8992297255402,425.546028380768,4.12078051955808
209.997548499281,288.896473293053,3.74921441171622
549.81300880987,260.049390713004,3.85852302235421
192.905897430388,25.763929619775,4.33354166044673
501.330221092659,340.609418596224,4.31147021175667
26.4266220733612,54.6887280807378,4.00578563883168
523.393921869213,159.031730282662,4.35859713707712
NA,NA,NA
664.307185167496,333.0043674945,3.57636236057297
458.563654730301,294.22026107191,3.60674457500505
7.45964613133129,494.071314768933,3.71230290363409
558.881809199317,48.8820543684868,4.1755496905791
68.112466404915,369.121543413302,3.95979548877984
229.731321360382,414.855857338468,3.88576961207629
430.371861331072,12.392251125627,3.15701410441274
363.081892273243,292.659744561026,3.08321225289773
607.39139564018,109.553412293733,4.15788882696488
393.479528429542,227.882594454084,4.18082271888523
573.995993112393,407.46074736562,4.7041636221707
136.536121239347,285.091890563707,4.5621924433236
199.392254452592,376.27512926148,3.89646584012967
123.623457886162,410.042271315226,3.42286113225467
627.035086893173,306.55979550368,4.45857995712673
5.71550984308237,147.710600241978,4.31089403520415
546.085976596715,199.452787465871,4.13948350709942
33.2050575872309,489.670869971528,3.14462566105667
283.116634480061,21.9295457469561,3.83790807810286
532.674399135741,394.124812173131,3.38365865833607
76.7334183308987,70.7224580397584,5.26356905465301
2.15641881262966,76.8096685420332,3.5713380249626
588.406816628481,225.65263550804,4.1042428971183
448.713089024117,460.0328691424,4.7676148505149
657.664090997264,373.852178057029,3.16757439062718
100.982601046085,492.147698479408,4.41271683871856
622.168915358961,86.9130054059789,4.12061162721453
419.192831085917,259.90600726073,3.64603590314941
9.63379064027711,181.814828591175,3.23447236332589
58.993309191531,115.880118464402,4.45196720368726
615.171681292705,205.9403229106,4.23424403278686
249.735476791519,224.864767160888,3.61063407647845
568.715278776617,439.593821696224,3.8613313415385
303.796589295368,137.472701545289,3.84525129685568
527.373551050063,453.101212952566,3.74316150869736
45.8992297255402,425.546028380768,4.12078051955808
209.997548499281,288.896473293053,3.74921441171622
549.81300880987,260.049390713004,3.85852302235421
192.905897430388,25.763929619775,4.33354166044673
501.330221092659,340.609418596224,4.31147021175667
26.4266220733612,54.6887280807378,4.00578563883168
523.393921869213,159.031730282662,4.35859713707712
NA,NA,NA
664.307185167496,333.0043674945,3.57636236057297
458.563654730301,294.22026107191,3.60674457500505
7.45964613133129,494.071314768933,3.71230290363409
558.881809199317,48.8820543684868,4.1755496905791
68.112466404915,369.121543413302,3.95979548877984
229.731321360382,414.855857338468,3.88576961207629
430.371861331072,12.392251125627,3.15701410441274
363.081892273243,292.659744561026,3.08321225289773
607.39139564018,109.553412293733,4.15788882696488
393.479528429542,227.882594454084,4.18082271888523
573.995993112393,407.46074736562,4.7041636221707
136.536121239347,285.091890563707,4.5621924433236
199.392254452592,376.27512926148,3.89646584012967
123.623457886162,410.042271315226,3.42286113225467
627.035086893173,306.55979550368,4.45857995712673
5.71550984308237,147.710600241978,4.31089403520415
546.085976596715,199.452787465871,4.13948350709942
33.2050575872309,489.670869971528,3.14462566105667
283.116634480061,21.9295457469561,3.83790807810286
532.674399135741,394.124812173131,3.38365865833607
76.7334183308987,70.7224580397584,5.26356905465301
2.15641881262966,76.8096685420332,3.5713380249626
588.406816628481,225.65263550804,4.1042428971183
448.713089024117,460.0328691424,4.7676148505149
657.664090997264,373.852178057029,3.16757439062718
100.982601046085,492.147698479408,4.41271683871856
622.168915358961,86.9130054059789,4.12061162721453
419.192831085917,259.90600726073,3.64603590314941
9.63379064027711,181.814828591175,3.23447236332589
58.993309191531,115.880118464402,4.45196720368726
615.171681292705,205.9403229106,4.23424403278686
249.735476791519,224.864767160888,3.61063407647845
568.715278776617,439.593821696224,3.8613313415385
303.796589295368,137.472701545289,3.84525129685568
527.373551050063,453.101212952566,3.74316150869736
45.8992297255402,425.546028380768,4.12078051955808
209.997548499281,288.896473293053,3.74921441171622
549.81300880987,260.049390713004,3.85852302235421
192.905897430388,25.763929619775,4.33354166044673
501.330221092659,340.609418596224,4.31147021175667
26.4266220733612,54.6887280807378,4.00578563883168
523.393921869213,159.031730282662,4.35859713707712
NA,NA,NA
664.307185167496,333.0043674945,3.57636236057297
458.563654730301,294.22026107191,3.60674457500505
7.45964613133129,494.071314768933,3.71230290363409
558.881809199317,48.8820543684868,4.1755496905791
68.112466404915,369.121543413302,3.95979548877984
229.731321360382,414.855857338468,3.88576961207629
430.371861331072,12.392251125627,3.15701410441274
363.081892273243,292.659744561026,3.08321225289773
607.39139564018,109.553412293733,4.15788882696488
393.479528429542,227.882594454084,4.18082271888523
573.995993112393,407.46074736562,4.7041636221707
136.536121239347,285.091890563707,4.5621924433236
199.392254452592,376.27512926148,3.89646584012967
123.623457886162,410.042271315226,3.42286113225467
627.035086893173,306.55979550368,4.45857995712673
5.71550984308237,147.710600241978,4.31089403520415
546.085976596715,199.452787465871,4.13948350709942
33.2050575872309,489.670869971528,3.14462566105667
283.116634480061,21.9295457469561,3.83790807810286
532.674399135741,394.124812173131,3.38365865833607
76.7334183308987,70.7224580397584,5.26356905465301
2.15641881262966,76.8096685420332,3.5713380249626
588.406816628481,225.65263550804,4.1042428971183
448.713089024117,460.0328691424,4.7676148505149
657.664090997264,373.852178057029,3.16757439062718
100.982601046085,492.147698479408,4.41271683871856
622.168915358961,86.9130054059789,4.12061162721453
419.192831085917,259.90600726073,3.64603590314941
9.63379064027711,181.814828591175,3.23447236332589
58.993309191531,115.880118464402,4.45196720368726
615.171681292705,205.9403229106,4.23424403278686
249.735476791519,224.864767160888,3.61063407647845
568.715278776617,439.593821696224,3.8613313415385
303.796589295368,137.472701545289,3.84525129685568
527.373551050063,453.101212952566,3.74316150869736
45.8992297255402,425.546028380768,4.12078051955808
209.997548499281,288.896473293053,3.74921441171622
549.81300880987,260.049390713004,3.85852302235421
192.905897430388,25.763929619775,4.33354166044673
501.330221092659,340.609418596224,4.31147021175667
26.4266220733612,54.6887280807378,4.00578563883168
523.393921869213,159.031730282662,4.35859713707712
NA,NA,NA
664.307185167496,333.0043674945,3.57636236057297
458.563654730301,294.22026107191,3.60674457500505
7.45964613133129,494.071314768933,3.71230290363409
558.881809199317,48.8820543684868,4.1755496905791
68.112466404915,369.121543413302,3.95979548877984
229.731321360382,414.855857338468,3.88576961207629
430.371861331072,12.392251125627,3.15701410441274
363.081892273243,292.659744561026,3.08321225289773
607.39139564018,109.553412293733,4.15788882696488
393.479528429542,227.882594454084,4.18082271888523
573.995993112393,407.46074736562,4.7041636221707
136.536121239347,285.091890563707,4.5621924433236
199.392254452592,376.27512926148,3.89646584012967
123.623457886162,410.042271315226,3.42286113225467
627.035086893173,306.55979550368,4.45857995712673
5.71550984308237,147.710600241978,4.31089403520415
546.085976596715,199.452787465871,4.13948350709942
33.2050575872309,489.670869971528,3.14462566105667
283.116634480061,21.9295457469561,3.83790807810286
532.674399135741,394.124812173131,3.38365865833607
76.7334183308987,70.7224580397584,5.26356905465301
2.15641881262966,76.8096685420332,3.5713380249626
588.406816628481,225.65263550804,4.1042428971183
448.713089024117,460.0328691424,4.7676148505149
657.664090997264,373.852178057029,3.16757439062718
100.982601046085,492.147698479408,4.41271683871856
622.168915358961,86.9130054059789,4.12061162721453
419.192831085917,259.90600726073,3.64603590314941
9.63379064027711,181.814828591175,3.23447236332589
58.993309191531,115.880118464402,4.45196720368726
615.171681292705,205.9403229106,4.23424403278686
249.735476791519,224.864767160888,3.61063407647845
568.715278776617,439.593821696224,3.8613313415385
303.796589295368,137.472701545289,3.84525129685568
527.373551050063,453.101212952566,3.74316150869736
45.8992297255402,425.546028380768,4.12078051955808
209.997548499281,288.896473293053,3.74921441171622
549.81300880987,260.049390713004,3.85852302235421
192.905897430388,25.763929619775,4.33354166044673
501.330221092659,340.609418596224,4.31147021175667
26.4266220733612,54.6887280807378,4.00578563883168
523.393921869213,159.031730282662,4.35859713707712
NA,NA,NA
661.394828835747,335.98317968622,3.54628282554208
456.297247347931,299.183045973302,3.63471386126497
10.7486759862983,498.28127209972,3.51178110747143
558.864835264378,49.2856687495103,4.12102089699935
68.3304160569418,373.073362965967,3.93663190267219
230.961695271249,412.24114584712,3.84882425875499
428.435219061631,15.0736937711846,3.41420203029424
360.606091870779,295.368073158992,3.17425379941376
605.023873027072,104.043760923576,4.11566233477226
394.388170074357,222.440800009171,4.16845329064489
565.863428259648,411.419034595888,4.72292877108236
139.826509394885,281.893850287432,4.54291880901777
198.71275017189,363.726682064144,3.98771227738024
125.360260079488,410.825131458862,3.45889437746177
627.679365927495,319.23345852387,4.49474442530169
2.10580744854754,148.589249370564,4.2669146451598
536.617972710024,204.66529072197,4.26725624679615
34.5352405564056,492.273305059099,3.01221955669508
280.70215122665,26.978703104012,3.77915731579709
533.951519459131,390.209311276408,3.25099962079788
68.7063565591835,79.071306285407,5.22355352982982
3.42630046744474,79.1281523561312,3.45352023982483
587.008596681182,227.485995472835,4.01091447155119
436.201729012301,457.733660829386,4.79573917638888
657.851651623037,372.640493827082,2.88706559634165
113.274572764374,487.752680453775,4.46864935819866
623.293763750955,89.634008268698,4.12481857275514
422.811348680853,259.799209445905,3.66658931742082
11.2038114251846,181.972211389413,3.17244341645537
67.5799701157422,121.581012261469,4.32861311380343
606.997027311402,218.491601173843,4.20508658285651
251.241222548593,224.454280794185,3.67870577734573
576.876443821803,424.082517991088,3.81830674355427
299.607522413174,136.750907418598,3.90291884377622
525.208190608861,458.671788723,3.57282293820431
47.6877449213311,412.029155391873,3.81588289343388
197.85508418823,301.122123001643,4.14441615565957
552.427182894021,263.174296304626,3.97956440032409
173.474464554435,32.3353310511633,4.41969787340803
514.142235152965,346.476747622804,4.63583843725909
31.2957937489669,58.0140434357518,3.76033965637758
534.781906364503,143.791819481888,4.54955223920982
NA,NA,NA
661.394828835747,335.98317968622,3.54628282554208
456.297247347931,299.183045973302,3.63471386126497
10.7486759862983,498.28127209972,3.51178110747143
558.864835264378,49.2856687495103,4.12102089699935
68.3304160569418,373.073362965967,3.93663190267219
230.961695271249,412.24114584712,3.84882425875499
428.435219061631,15.0736937711846,3.41420203029424
360.606091870779,295.368073158992,3.17425379941376
605.023873027072,104.043760923576,4.11566233477226
394.388170074357,222.440800009171,4.16845329064489
565.863428259648,411.419034595888,4.72292877108236
139.826509394885,281.893850287432,4.54291880901777
198.71275017189,363.726682064144,3.98771227738024
125.360260079488,410.825131458862,3.45889437746177
627.679365927495,319.23345852387,4.49474442530169
2.10580744854754,148.589249370564,4.2669146451598
536.617972710024,204.66529072197,4.26725624679615
34.5352405564056,492.273305059099,3.01221955669508
280.70215122665,26.978703104012,3.77915731579709
533.951519459131,390.209311276408,3.25099962079788
68.7063565591835,79.071306285407,5.22355352982982
3.42630046744474,79.1281523561312,3.45352023982483
587.008596681182,227.485995472835,4.01091447155119
436.201729012301,457.733660829386,4.79573917638888
657.851651623037,372.640493827082,2.88706559634165
113.274572764374,487.752680453775,4.46864935819866
623.293763750955,89.634008268698,4.12481857275514
422.811348680853,259.799209445905,3.66658931742082
11.2038114251846,181.972211389413,3.17244341645537
67.5799701157422,121.581012261469,4.32861311380343
606.997027311402,218.491601173843,4.20508658285651
251.241222548593,224.454280794185,3.67870577734573
576.876443821803,424.082517991088,3.81830674355427
299.607522413174,136.750907418598,3.90291884377622
525.208190608861,458.671788723,3.57282293820431
47.6877449213311,412.029155391873,3.81588289343388
197.85508418823,301.122123001643,4.14441615565957
552.427182894021,263.174296304626,3.97956440032409
173.474464554435,32.3353310511633,4.41969787340803
514.142235152965,346.476747622804,4.63583843725909
31.2957937489669,58.0140434357518,3.76033965637758
534.781906364503,143.791819481888,4.54955223920982
NA,NA,NA
661.394828835747,335.98317968622,3.54628282554208
456.297247347931,299.183045973302,3.63471386126497
10.7486759862983,498.28127209972,3.51178110747143
558.864835264378,49.2856687495103,4.12102089699935
68.3304160569418,373.073362965967,3.93663190267219
230.961695271249,412.24114584712,3.84882425875499
428.435219061631,15.0736937711846,3.41420203029424
360.606091870779,295.368073158992,3.17425379941376
605.023873027072,104.043760923576,4.11566233477226
394.388170074357,222.440800009171,4.16845329064489
565.863428259648,411.419034595888,4.72292877108236
139.826509394885,281.893850287432,4.54291880901777
198.71275017189,363.726682064144,3.98771227738024
125.360260079488,410.825131458862,3.45889437746177
627.679365927495,319.23345852387,4.49474442530169
2.10580744854754,148.589249370564,4.2669146451598
536.617972710024,204.66529072197,4.26725624679615
34.5352405564056,492.273305059099,3.01221955669508
280.70215122665,26.978703104012,3.77915731579709
533.951519459131,390.209311276408,3.25099962079788
68.7063565591835,79.071306285407,5.22355352982982
3.42630046744474,79.1281523561312,3.45352023982483
587.008596681182,227.485995472835,4.01091447155119
436.201729012301,457.733660829386,4.79573917638888
657.851651623037,372.640493827082,2.88706559634165
113.274572764374,487.752680453775,4.46864935819866
623.293763750955,89.634008268698,4.12481857275514
422.811348680853,259.799209445905,3.66658931742082
11.2038114251846,181.972211389413,3.17244341645537
67.5799701157422,121.581012261469,4.32861311380343
606.997027311402,218.491601173843,4.20508658285651
251.241222548593,224.454280794185,3.67870577734573
576.876443821803,424.082517991088,3.81830674355427
299.607522413174,136.750907418598,3.90291884377622
525.208190608861,458.671788723,3.57282293820431
47.6877449213311,412.029155391873,3.81588289343388
197.85508418823,301.122123001643,4.14441615565957
552.427182894021,263.174296304626,3.97956440032409
173.474464554435,32.3353310511633,4.41969787340803
514.142235152965,346.476747622804,4.63583843725909
31.2957937489669,58.0140434357518,3.76033965637758
534.781906364503,143.791819481888,4.54955223920982
NA,NA,NA
661.394828835747,335.98317968622,3.54628282554208
456.297247347931,299.183045973302,3.63471386126497
10.7486759862983,498.28127209972,3.51178110747143
558.864835264378,49.2856687495103,4.12102089699935
68.3304160569418,373.073362965967,3.93663190267219
230.961695271249,412.24114584712,3.84882425875499
428.435219061631,15.0736937711846,3.41420203029424
360.606091870779,295.368073158992,3.17425379941376
605.023873027072,104.043760923576,4.11566233477226
394.388170074357,222.440800009171,4.16845329064489
565.863428259648,411.419034595888,4.72292877108236
139.826509394885,281.893850287432,4.54291880901777
198.71275017189,363.726682064144,3.98771227738024
125.360260079488,410.825131458862,3.45889437746177
627.679365927495,319.23345852387,4.49474442530169
2.10580744854754,148.589249370564,4.2669146451598
536.617972710024,204.66529072197,4.26725624679615
34.5352405564056,492.273305059099,3.01221955669508
280.70215122665,26.978703104012,3.77915731579709
533.951519459131,390.209311276408,3.25099962079788
68.7063565591835,79.071306285407,5.22355352982982
3.42630046744474,79.1281523561312,3.45352023982483
587.008596681182,227.485995472835,4.01091447155119
436.201729012301,457.733660829386,4.79573917638888
657.851651623037,372.640493827082,2.88706559634165
113.274572764374,487.752680453775,4.46864935819866
623.293763750955,89.634008268698,4.12481857275514
422.811348680853,259.799209445905,3.66658931742082
11.2038114251846,181.972211389413,3.17244341645537
67.5799701157422,121.581012261469,4.32861311380343
606.997027311402,218.491601173843,4.20508658285651
251.241222548593,224.454280794185,3.67870577734573
576.876443821803,424.082517991088,3.81830674355427
299.607522413174,136.750907418598,3.90291884377622
525.208190608861,458.671788723,3.57282293820431
47.6877449213311,412.029155391873,3.81588289343388
197.85508418823,301.122123001643,4.14441615565957
552.427182894021,263.174296304626,3.97956440032409
173.474464554435,32.3353310511633,4.41969787340803
514.142235152965,346.476747622804,4.63583843725909
31.2957937489669,58.0140434357518,3.76033965637758
534.781906364503,143.791819481888,4.54955223920982
NA,NA,NA
661.394828835747,335.98317968622,3.54628282554208
456.297247347931,299.183045973302,3.63471386126497
10.7486759862983,498.28127209972,3.51178110747143
558.864835264378,49.2856687495103,4.12102089699935
68.3304160569418,373.073362965967,3.93663190267219
230.961695271249,412.24114584712,3.84882425875499
428.435219061631,15.0736937711846,3.41420203029424
360.606091870779,295.368073158992,3.17425379941376
605.023873027072,104.043760923576,4.11566233477226
394.388170074357,222.440800009171,4.16845329064489
565.863428259648,411.419034595888,4.72292877108236
139.826509394885,281.893850287432,4.54291880901777
198.71275017189,363.726682064144,3.98771227738024
125.360260079488,410.825131458862,3.45889437746177
627.679365927495,319.23345852387,4.49474442530169
2.10580744854754,148.589249370564,4.2669146451598
536.617972710024,204.66529072197,4.26725624679615
34.5352405564056,492.273305059099,3.01221955669508
280.70215122665,26.978703104012,3.77915731579709
533.951519459131,390.209311276408,3.25099962079788
68.7063565591835,79.071306285407,5.22355352982982
3.42630046744474,79.1281523561312,3.45352023982483
587.008596681182,227.485995472835,4.01091447155119
436.201729012301,457.733660829386,4.79573917638888
657.851651623037,372.640493827082,2.88706559634165
113.274572764374,487.752680453775,4.46864935819866
623.293763750955,89.634008268698,4.12481857275514
422.811348680853,259.799209445905,3.66658931742082
11.2038114251846,181.972211389413,3.17244341645537
67.5799701157422,121.581012261469,4.32861311380343
606.997027311402,218.491601173843,4.20508658285651
251.241222548593,224.454280794185,3.67870577734573
576.876443821803,424.082517991088,3.81830674355427
299.607522413174,136.750907418598,3.90291884377622
525.208190608861,458.671788723,3.57282293820431
47.6877449213311,412.029155391873,3.81588289343388
197.85508418823,301.122123001643,4.14441615565957
552.427182894021,263.174296304626,3.97956440032409
173.474464554435,32.3353310511633,4.41969787340803
514.142235152965,346.476747622804,4.63583843725909
31.2957937489669,58.0140434357518,3.76033965637758
534.781906364503,143.791819481888,4.54955223920982
NA,NA,NA
661.394828835747,335.98317968622,3.54628282554208
456.297247347931,299.183045973302,3.63471386126497
10.7486759862983,498.28127209972,3.51178110747143
558.864835264378,49.2856687495103,4.12102089699935
68.3304160569418,373.073362965967,3.93663190267219
230.961695271249,412.24114584712,3.84882425875499
428.435219061631,15.0736937711846,3.41420203029424
360.606091870779,295.368073158992,3.17425379941376
605.023873027072,104.043760923576,4.11566233477226
394.388170074357,222.440800009171,4.16845329064489
565.863428259648,411.419034595888,4.72292877108236
139.826509394885,281.893850287432,4.54291880901777
198.71275017189,363.726682064144,3.98771227738024
125.360260079488,410.825131458862,3.45889437746177
627.679365927495,319.23345852387,4.49474442530169
2.10580744854754,148.589249370564,4.2669146451598
536.617972710024,204.66529072197,4.26725624679615
34.5352405564056,492.273305059099,3.01221955669508
280.70215122665,26.978703104012,3.77915731579709
533.951519459131,390.209311276408,3.25099962079788
68.7063565591835,79.071306285407,5.22355352982982
3.42630046744474,79.1281523561312,3.45352023982483
587.008596681182,227.485995472835,4.01091447155119
436.201729012301,457.733660829386,4.79573917638888
657.851651623037,372.640493827082,2.88706559634165
113.274572764374,487.752680453775,4.46864935819866
623.293763750955,89.634008268698,4.12481857275514
422.811348680853,259.799209445905,3.66658931742082
11.2038114251846,181.972211389413,3.17244341645537
67.5799701157422,121.581012261469,4.32861311380343
606.997027311402,218.491601173843,4.20508658285651
251.241222548593,224.454280794185,3.67870577734573
576.876443821803,424.082517991088,3.81830674355427
299.607522413174,136.750907418598,3.90291884377622
525.208190608861,458.671788723,3.57282293820431
47.6877449213311,412.029155391873,3.81588289343388
197.85508418823,301.122123001643,4.14441615565957
552.427182894021,263.174296304626,3.97956440032409
173.474464554435,32.3353310511633,4.41969787340803
514.142235152965,346.476747622804,4.63583843725909
31.2957937489669,58.0140434357518,3.76033965637758
534.781906364503,143.791819481888,4.54955223920982
NA,NA,NA
662.247985888268,333.673257099277,3.51176702332615
457.67108189316,297.81437308686,3.62605313862496
9.55139249214168,496.065695748333,3.56437521694993
560.370496875206,55.81606493524,4.20091078462854
68.5002498225664,377.389069044938,3.9596286904163
229.569538194509,413.323283257851,3.87558027892414
427.100294495821,15.4300879239413,3.32540501556984
362.230080177879,294.678472140012,2.96329179750202
606.977072635545,103.69379514442,4.19805192563564
389.670981252627,228.120243816514,4.23655981584658
570.880008985457,414.809939739185,4.72375736548127
137.062736995013,283.329486208918,4.53414779506462
194.932653036585,374.956279732682,3.98860061954241
121.507966182459,412.478562322703,3.19167284008792
627.53936542294,310.783055739677,4.55688487973079
1.67779443956018,150.246156502704,4.19352332983465
540.031501758231,200.92778534807,4.18436946420424
34.2331600169177,491.61474992237,2.98185225867422
282.37009078054,23.0974988944957,3.93114838897207
531.798707954211,394.840895161523,3.37179155135102
73.3012767253284,77.0816485411907,5.16668946053526
2.16578291483678,70.6968182526457,3.43823552925123
589.985209696695,225.970816645682,3.9816946541704
450.134460580629,454.479618924466,4.82991451377511
658.517941949805,372.82725544508,3.16452064101228
102.598253019027,486.034433547502,4.32474455564124
623.674522060453,87.7144120384478,4.07476573552174
417.84853149204,258.607569681097,3.50696050619314
10.5100679812864,184.594197586079,3.33903732942847
61.4691011611913,127.587763498528,4.34150127749927
602.706168921876,205.864713895663,4.31768937884396
245.844847582312,219.429733116024,3.57053281487348
579.499087386065,424.396708024588,3.60456346020113
300.720402921294,133.176860584719,3.90446895991519
530.818942579228,458.259430701796,3.53611810009758
47.2050576527947,415.16429566601,3.91719467601474
200.771682468857,286.370775002337,4.13670226983881
553.253072329667,266.226508332693,3.84645758562916
175.760983229918,24.7972135264022,4.29439952358448
506.144347047281,352.641596454475,4.66722061130281
38.8077703391855,51.3707596232118,3.95572241731041
523.822630235858,150.015557514751,4.85076830713757
NA,NA,NA
662.247985888268,333.673257099277,3.51176702332615
457.67108189316,297.81437308686,3.62605313862496
9.55139249214168,496.065695748333,3.56437521694993
560.370496875206,55.81606493524,4.20091078462854
68.5002498225664,377.389069044938,3.9596286904163
229.569538194509,413.323283257851,3.87558027892414
427.100294495821,15.4300879239413,3.32540501556984
362.230080177879,294.678472140012,2.96329179750202
606.977072635545,103.69379514442,4.19805192563564
389.670981252627,228.120243816514,4.23655981584658
570.880008985457,414.809939739185,4.72375736548127
137.062736995013,283.329486208918,4.53414779506462
194.932653036585,374.956279732682,3.98860061954241
121.507966182459,412.478562322703,3.19167284008792
627.53936542294,310.783055739677,4.55688487973079
1.67779443956018,150.246156502704,4.19352332983465
540.031501758231,200.92778534807,4.18436946420424
34.2331600169177,491.61474992237,2.98185225867422
282.37009078054,23.0974988944957,3.93114838897207
531.798707954211,394.840895161523,3.37179155135102
73.3012767253284,77.0816485411907,5.16668946053526
2.16578291483678,70.6968182526457,3.43823552925123
589.985209696695,225.970816645682,3.9816946541704
450.134460580629,454.479618924466,4.82991451377511
658.517941949805,372.82725544508,3.16452064101228
102.598253019027,486.034433547502,4.32474455564124
623.674522060453,87.7144120384478,4.07476573552174
417.84853149204,258.607569681097,3.50696050619314
10.5100679812864,184.594197586079,3.33903732942847
61.4691011611913,127.587763498528,4.34150127749927
602.706168921876,205.864713895663,4.31768937884396
245.844847582312,219.429733116024,3.57053281487348
579.499087386065,424.396708024588,3.60456346020113
300.720402921294,133.176860584719,3.90446895991519
530.818942579228,458.259430701796,3.53611810009758
47.2050576527947,415.16429566601,3.91719467601474
200.771682468857,286.370775002337,4.13670226983881
553.253072329667,266.226508332693,3.84645758562916
175.760983229918,24.7972135264022,4.29439952358448
506.144347047281,352.641596454475,4.66722061130281
38.8077703391855,51.3707596232118,3.95572241731041
523.822630235858,150.015557514751,4.85076830713757
NA,NA,NA
662.247985888268,333.673257099277,3.51176702332615
457.67108189316,297.81437308686,3.62605313862496
9.55139249214168,496.065695748333,3.56437521694993
560.370496875206,55.81606493524,4.20091078462854
68.5002498225664,377.389069044938,3.9596286904163
229.569538194509,413.323283257851,3.87558027892414
427.100294495821,15.4300879239413,3.32540501556984
362.230080177879,294.678472140012,2.96329179750202
606.977072635545,103.69379514442,4.19805192563564
389.670981252627,228.120243816514,4.23655981584658
570.880008985457,414.809939739185,4.72375736548127
137.062736995013,283.329486208918,4.53414779506462
194.932653036585,374.956279732682,3.98860061954241
121.507966182459,412.478562322703,3.19167284008792
627.53936542294,310.783055739677,4.55688487973079
1.67779443956018,150.246156502704,4.19352332983465
540.031501758231,200.92778534807,4.18436946420424
34.2331600169177,491.61474992237,2.98185225867422
282.37009078054,23.0974988944957,3.93114838897207
531.798707954211,394.840895161523,3.37179155135102
73.3012767253284,77.0816485411907,5.16668946053526
2.16578291483678,70.6968182526457,3.43823552925123
589.985209696695,225.970816645682,3.9816946541704
450.134460580629,454.479618924466,4.82991451377511
658.517941949805,372.82725544508,3.16452064101228
102.598253019027,486.034433547502,4.32474455564124
623.674522060453,87.7144120384478,4.07476573552174
417.84853149204,258.607569681097,3.50696050619314
10.5100679812864,184.594197586079,3.33903732942847
61.4691011611913,127.587763498528,4.34150127749927
602.706168921876,205.864713895663,4.31768937884396
245.844847582312,219.429733116024,3.57053281487348
579.499087386065,424.396708024588,3.60456346020113
300.720402921294,133.176860584719,3.90446895991519
530.818942579228,458.259430701796,3.53611810009758
47.2050576527947,415.16429566601,3.91719467601474
200.771682468857,286.370775002337,4.13670226983881
553.253072329667,266.226508332693,3.84645758562916
175.760983229918,24.7972135264022,4.29439952358448
506.144347047281,352.641596454475,4.66722061130281
38.8077703391855,51.3707596232118,3.95572241731041
523.822630235858,150.015557514751,4.85076830713757
NA,NA,NA
662.247985888268,333.673257099277,3.51176702332615
457.67108189316,297.81437308686,3.62605313862496
9.55139249214168,496.065695748333,3.56437521694993
560.370496875206,55.81606493524,4.20091078462854
68.5002498225664,377.389069044938,3.9596286904163
229.569538194509,413.323283257851,3.87558027892414
427.100294495821,15.4300879239413,3.32540501556984
362.230080177879,294.678472140012,2.96329179750202
606.977072635545,103.69379514442,4.19805192563564
389.670981252627,228.120243816514,4.23655981584658
570.880008985457,414.809939739185,4.72375736548127
137.062736995013,283.329486208918,4.53414779506462
194.932653036585,374.956279732682,3.98860061954241
121.507966182459,412.478562322703,3.19167284008792
627.53936542294,310.783055739677,4.55688487973079
1.67779443956018,150.246156502704,4.19352332983465
540.031501758231,200.92778534807,4.18436946420424
34.2331600169177,491.61474992237,2.98185225867422
282.37009078054,23.0974988944957,3.93114838897207
531.798707954211,394.840895161523,3.37179155135102
73.3012767253284,77.0816485411907,5.16668946053526
2.16578291483678,70.6968182526457,3.43823552925123
589.985209696695,225.970816645682,3.9816946541704
450.134460580629,454.479618924466,4.82991451377511
658.517941949805,372.82725544508,3.16452064101228
102.598253019027,486.034433547502,4.32474455564124
623.674522060453,87.7144120384478,4.07476573552174
417.84853149204,258.607569681097,3.50696050619314
10.5100679812864,184.594197586079,3.33903732942847
61.4691011611913,127.587763498528,4.34150127749927
602.706168921876,205.864713895663,4.31768937884396
245.844847582312,219.429733116024,3.57053281487348
579.499087386065,424.396708024588,3.60456346020113
300.720402921294,133.176860584719,3.90446895991519
530.818942579228,458.259430701796,3.53611810009758
47.2050576527947,415.16429566601,3.91719467601474
200.771682468857,286.370775002337,4.13670226983881
553.253072329667,266.226508332693,3.84645758562916
175.760983229918,24.7972135264022,4.29439952358448
506.144347047281,352.641596454475,4.66722061130281
38.8077703391855,51.3707596232118,3.95572241731041
523.822630235858,150.015557514751,4.85076830713757
NA,NA,NA
662.247985888268,333.673257099277,3.51176702332615
457.67108189316,297.81437308686,3.62605313862496
9.55139249214168,496.065695748333,3.56437521694993
560.370496875206,55.81606493524,4.20091078462854
68.5002498225664,377.389069044938,3.9596286904163
229.569538194509,413.323283257851,3.87558027892414
427.100294495821,15.4300879239413,3.32540501556984
362.230080177879,294.678472140012,2.96329179750202
606.977072635545,103.69379514442,4.19805192563564
389.670981252627,228.120243816514,4.23655981584658
570.880008985457,414.809939739185,4.72375736548127
137.062736995013,283.329486208918,4.53414779506462
194.932653036585,374.956279732682,3.98860061954241
121.507966182459,412.478562322703,3.19167284008792
627.53936542294,310.783055739677,4.55688487973079
1.67779443956018,150.246156502704,4.19352332983465
540.031501758231,200.92778534807,4.18436946420424
34.2331600169177,491.61474992237,2.98185225867422
282.37009078054,23.0974988944957,3.93114838897207
531.798707954211,394.840895161523,3.37179155135102
73.3012767253284,77.0816485411907,5.16668946053526
2.16578291483678,70.6968182526457,3.43823552925123
589.985209696695,225.970816645682,3.9816946541704
450.134460580629,454.479618924466,4.82991451377511
658.517941949805,372.82725544508,3.16452064101228
102.598253019027,486.034433547502,4.32474455564124
623.674522060453,87.7144120384478,4.07476573552174
417.84853149204,258.607569681097,3.50696050619314
10.5100679812864,184.594197586079,3.33903732942847
61.4691011611913,127.587763498528,4.34150127749927
602.706168921876,205.864713895663,4.31768937884396
245.844847582312,219.429733116024,3.57053281487348
579.499087386065,424.396708024588,3.60456346020113
300.720402921294,133.176860584719,3.90446895991519
530.818942579228,458.259430701796,3.53611810009758
47.2050576527947,415.16429566601,3.91719467601474
200.771682468857,286.370775002337,4.13670226983881
553.253072329667,266.226508332693,3.84645758562916
175.760983229918,24.7972135264022,4.29439952358448
506.144347047281,352.641596454475,4.66722061130281
38.8077703391855,51.3707596232118,3.95572241731041
523.822630235858,150.015557514751,4.85076830713757
NA,NA,NA
662.247985888268,333.673257099277,3.51176702332615
457.67108189316,297.81437308686,3.62605313862496
9.55139249214168,496.065695748333,3.56437521694993
560.370496875206,55.81606493524,4.20091078462854
68.5002498225664,377.389069044938,3.9596286904163
229.569538194509,413.323283257851,3.87558027892414
427.100294495821,15.4300879239413,3.32540501556984
362.230080177879,294.678472140012,2.96329179750202
606.977072635545,103.69379514442,4.19805192563564
389.670981252627,228.120243816514,4.23655981584658
570.880008985457,414.809939739185,4.72375736548127
137.062736995013,283.329486208918,4.53414779506462
194.932653036585,374.956279732682,3.98860061954241
121.507966182459,412.478562322703,3.19167284008792
627.53936542294,310.783055739677,4.55688487973079
1.67779443956018,150.246156502704,4.19352332983465
540.031501758231,200.92778534807,4.18436946420424
34.2331600169177,491.61474992237,2.98185225867422
282.37009078054,23.0974988944957,3.93114838897207
531.798707954211,394.840895161523,3.37179155135102
73.3012767253284,77.0816485411907,5.16668946053526
2.16578291483678,70.6968182526457,3.43823552925123
589.985209696695,225.970816645682,3.9816946541704
450.134460580629,454.479618924466,4.82991451377511
658.517941949805,372.82725544508,3.16452064101228
102.598253019027,486.034433547502,4.32474455564124
623.674522060453,87.7144120384478,4.07476573552174
417.84853149204,258.607569681097,3.50696050619314
10.5100679812864,184.594197586079,3.33903732942847
61.4691011611913,127.587763498528,4.34150127749927
602.706168921876,205.864713895663,4.31768937884396
245.844847582312,219.429733116024,3.57053281487348
579.499087386065,424.396708024588,3.60456346020113
300.720402921294,133.176860584719,3.90446895991519
530.818942579228,458.259430701796,3.53611810009758
47.2050576527947,415.16429566601,3.91719467601474
200.771682468857,286.370775002337,4.13670226983881
553.253072329667,266.226508332693,3.84645758562916
175.760983229918,24.7972135264022,4.29439952358448
506.144347047281,352.641596454475,4.66722061130281
38.8077703391855,51.3707596232118,3.95572241731041
523.822630235858,150.015557514751,4.85076830713757
NA,NA,NA
666.11147760918,333.49151459809,3.57358011265467
455.90881850478,300.605653390931,3.45274549619884
11.1409729822136,494.768315293205,3.53457070745357
565.0624730462,56.1370214840721,4.12090346121308
75.9111013351081,379.869872532868,3.91216295900505
225.650270382174,414.139872137798,4.00827724635054
427.710282437698,10.0567318807685,3.34247418985477
363.016122037438,292.175170411864,3.13310485241478
604.947708313108,107.230634477749,4.1658817641748
389.059837556768,231.39708404436,4.11697897300334
571.163329182698,407.404026845603,4.75967733635073
146.564281887773,283.103085982943,4.52885687290287
197.490594903363,368.821254866014,4.03867029131363
125.479985886626,413.45271145642,3.4628808398057
630.311301404939,309.462371340273,4.50716739532946
0.111405453722203,141.040502426629,4.37254090997565
542.445332787221,203.448198524477,4.12478684747154
33.8472901093202,490.549261817494,2.97397076035826
278.00491456025,26.3469950728292,3.9598289447529
536.565071207458,393.137085258901,3.34775457337916
70.1640234899446,83.9893933272875,5.3408476124675
5.14608833732287,72.5612670016122,3.62779347654769
592.088495657972,225.027837465567,3.99108296628773
443.371682979795,459.672998907671,4.82485226447098
660.331086836353,373.054198424491,3.03037049474108
111.75061949194,491.663911911232,4.35913623928004
625.295183770998,89.2711894402762,4.12970536044243
420.405738236534,258.088691258134,3.63289681057291
11.5653419088983,181.897677817235,3.13500448588752
50.4574556785034,121.46141624829,4.52276596476173
623.694889840291,210.024374650451,4.16382898074853
244.924824712193,218.193476774509,3.51366443992533
576.293136658599,440.274823996238,3.63751890211605
303.298263737712,136.191022791525,3.99900413563418
531.03850141331,461.099515077177,3.80816044537785
40.7758908884405,421.683226887915,3.90387319242171
194.955071545065,283.834404772606,4.10816987630404
557.467767458235,261.35589184623,3.73524059006828
172.9339660791,19.3705059105529,4.53055191105557
494.065026405702,335.455583179796,4.60446920150623
32.4288110364671,49.7535428996662,4.10673489241738
531.278440321709,155.625601543858,4.48115063399413
NA,NA,NA
666.11147760918,333.49151459809,3.57358011265467
455.90881850478,300.605653390931,3.45274549619884
11.1409729822136,494.768315293205,3.53457070745357
565.0624730462,56.1370214840721,4.12090346121308
75.9111013351081,379.869872532868,3.91216295900505
225.650270382174,414.139872137798,4.00827724635054
427.710282437698,10.0567318807685,3.34247418985477
363.016122037438,292.175170411864,3.13310485241478
604.947708313108,107.230634477749,4.1658817641748
389.059837556768,231.39708404436,4.11697897300334
571.163329182698,407.404026845603,4.75967733635073
146.564281887773,283.103085982943,4.52885687290287
197.490594903363,368.821254866014,4.03867029131363
125.479985886626,413.45271145642,3.4628808398057
630.311301404939,309.462371340273,4.50716739532946
0.111405453722203,141.040502426629,4.37254090997565
542.445332787221,203.448198524477,4.12478684747154
33.8472901093202,490.549261817494,2.97397076035826
278.00491456025,26.3469950728292,3.9598289447529
536.565071207458,393.137085258901,3.34775457337916
70.1640234899446,83.9893933272875,5.3408476124675
5.14608833732287,72.5612670016122,3.62779347654769
592.088495657972,225.027837465567,3.99108296628773
443.371682979795,459.672998907671,4.82485226447098
660.331086836353,373.054198424491,3.03037049474108
111.75061949194,491.663911911232,4.35913623928004
625.295183770998,89.2711894402762,4.12970536044243
420.405738236534,258.088691258134,3.63289681057291
11.5653419088983,181.897677817235,3.13500448588752
50.4574556785034,121.46141624829,4.52276596476173
623.694889840291,210.024374650451,4.16382898074853
244.924824712193,218.193476774509,3.51366443992533
576.293136658599,440.274823996238,3.63751890211605
303.298263737712,136.191022791525,3.99900413563418
531.03850141331,461.099515077177,3.80816044537785
40.7758908884405,421.683226887915,3.90387319242171
194.955071545065,283.834404772606,4.10816987630404
557.467767458235,261.35589184623,3.73524059006828
172.9339660791,19.3705059105529,4.53055191105557
494.065026405702,335.455583179796,4.60446920150623
32.4288110364671,49.7535428996662,4.10673489241738
531.278440321709,155.625601543858,4.48115063399413
NA,NA,NA
666.11147760918,333.49151459809,3.57358011265467
455.90881850478,300.605653390931,3.45274549619884
11.1409729822136,494.768315293205,3.53457070745357
565.0624730462,56.1370214840721,4.12090346121308
75.9111013351081,379.869872532868,3.91216295900505
225.650270382174,414.139872137798,4.00827724635054
427.710282437698,10.0567318807685,3.34247418985477
363.016122037438,292.175170411864,3.13310485241478
604.947708313108,107.230634477749,4.1658817641748
389.059837556768,231.39708404436,4.11697897300334
571.163329182698,407.404026845603,4.75967733635073
146.564281887773,283.103085982943,4.52885687290287
197.490594903363,368.821254866014,4.03867029131363
125.479985886626,413.45271145642,3.4628808398057
630.311301404939,309.462371340273,4.50716739532946
0.111405453722203,141.040502426629,4.37254090997565
542.445332787221,203.448198524477,4.12478684747154
33.8472901093202,490.549261817494,2.97397076035826
278.00491456025,26.3469950728292,3.9598289447529
536.565071207458,393.137085258901,3.34775457337916
70.1640234899446,83.9893933272875,5.3408476124675
5.14608833732287,72.5612670016122,3.62779347654769
592.088495657972,225.027837465567,3.99108296628773
443.371682979795,459.672998907671,4.82485226447098
660.331086836353,373.054198424491,3.03037049474108
111.75061949194,491.663911911232,4.35913623928004
625.295183770998,89.2711894402762,4.12970536044243
420.405738236534,258.088691258134,3.63289681057291
11.5653419088983,181.897677817235,3.13500448588752
50.4574556785034,121.46141624829,4.52276596476173
623.694889840291,210.024374650451,4.16382898074853
244.924824712193,218.193476774509,3.51366443992533
576.293136658599,440.274823996238,3.63751890211605
303.298263737712,136.191022791525,3.99900413563418
531.03850141331,461.099515077177,3.80816044537785
40.7758908884405,421.683226887915,3.90387319242171
194.955071545065,283.834404772606,4.10816987630404
557.467767458235,261.35589184623,3.73524059006828
172.9339660791,19.3705059105529,4.53055191105557
494.065026405702,335.455583179796,4.60446920150623
32.4288110364671,49.7535428996662,4.10673489241738
531.278440321709,155.625601543858,4.48115063399413
NA,NA,NA
666.11147760918,333.49151459809,3.57358011265467
455.90881850478,300.605653390931,3.45274549619884
11.1409729822136,494.768315293205,3.53457070745357
565.0624730462,56.1370214840721,4.12090346121308
75.9111013351081,379.869872532868,3.91216295900505
225.650270382174,414.139872137798,4.00827724635054
427.710282437698,10.0567318807685,3.34247418985477
363.016122037438,292.175170411864,3.13310485241478
604.947708313108,107.230634477749,4.1658817641748
389.059837556768,231.39708404436,4.11697897300334
571.163329182698,407.404026845603,4.75967733635073
146.564281887773,283.103085982943,4.52885687290287
197.490594903363,368.821254866014,4.03867029131363
125.479985886626,413.45271145642,3.4628808398057
630.311301404939,309.462371340273,4.50716739532946
0.111405453722203,141.040502426629,4.37254090997565
542.445332787221,203.448198524477,4.12478684747154
33.8472901093202,490.549261817494,2.97397076035826
278.00491456025,26.3469950728292,3.9598289447529
536.565071207458,393.137085258901,3.34775457337916
70.1640234899446,83.9893933272875,5.3408476124675
5.14608833732287,72.5612670016122,3.62779347654769
592.088495657972,225.027837465567,3.99108296628773
443.371682979795,459.672998907671,4.82485226447098
660.331086836353,373.054198424491,3.03037049474108
111.75061949194,491.663911911232,4.35913623928004
625.295183770998,89.2711894402762,4.12970536044243
420.405738236534,258.088691258134,3.63289681057291
11.5653419088983,181.897677817235,3.13500448588752
50.4574556785034,121.46141624829,4.52276596476173
623.694889840291,210.024374650451,4.16382898074853
244.924824712193,218.193476774509,3.51366443992533
576.293136658599,440.274823996238,3.63751890211605
303.298263737712,136.191022791525,3.99900413563418
531.03850141331,461.099515077177,3.80816044537785
40.7758908884405,421.683226887915,3.90387319242171
194.955071545065,283.834404772606,4.10816987630404
557.467767458235,261.35589184623,3.73524059006828
172.9339660791,19.3705059105529,4.53055191105557
494.065026405702,335.455583179796,4.60446920150623
32.4288110364671,49.7535428996662,4.10673489241738
531.278440321709,155.625601543858,4.48115063399413
NA,NA,NA
666.11147760918,333.49151459809,3.57358011265467
455.90881850478,300.605653390931,3.45274549619884
11.1409729822136,494.768315293205,3.53457070745357
565.0624730462,56.1370214840721,4.12090346121308
75.9111013351081,379.869872532868,3.91216295900505
225.650270382174,414.139872137798,4.00827724635054
427.710282437698,10.0567318807685,3.34247418985477
363.016122037438,292.175170411864,3.13310485241478
604.947708313108,107.230634477749,4.1658817641748
389.059837556768,231.39708404436,4.11697897300334
571.163329182698,407.404026845603,4.75967733635073
146.564281887773,283.103085982943,4.52885687290287
197.490594903363,368.821254866014,4.03867029131363
125.479985886626,413.45271145642,3.4628808398057
630.311301404939,309.462371340273,4.50716739532946
0.111405453722203,141.040502426629,4.37254090997565
542.445332787221,203.448198524477,4.12478684747154
33.8472901093202,490.549261817494,2.97397076035826
278.00491456025,26.3469950728292,3.9598289447529
536.565071207458,393.137085258901,3.34775457337916
70.1640234899446,83.9893933272875,5.3408476124675
5.14608833732287,72.5612670016122,3.62779347654769
592.088495657972,225.027837465567,3.99108296628773
443.371682979795,459.672998907671,4.82485226447098
660.331086836353,373.054198424491,3.03037049474108
111.75061949194,491.663911911232,4.35913623928004
625.295183770998,89.2711894402762,4.12970536044243
420.405738236534,258.088691258134,3.63289681057291
11.5653419088983,181.897677817235,3.13500448588752
50.4574556785034,121.46141624829,4.52276596476173
623.694889840291,210.024374650451,4.16382898074853
244.924824712193,218.193476774509,3.51366443992533
576.293136658599,440.274823996238,3.63751890211605
303.298263737712,136.191022791525,3.99900413563418
531.03850141331,461.099515077177,3.80816044537785
40.7758908884405,421.683226887915,3.90387319242171
194.955071545065,283.834404772606,4.10816987630404
557.467767458235,261.35589184623,3.73524059006828
172.9339660791,19.3705059105529,4.53055191105557
494.065026405702,335.455583179796,4.60446920150623
32.4288110364671,49.7535428996662,4.10673489241738
531.278440321709,155.625601543858,4.48115063399413
NA,NA,NA
666.11147760918,333.49151459809,3.57358011265467
455.90881850478,300.605653390931,3.45274549619884
11.1409729822136,494.768315293205,3.53457070745357
565.0624730462,56.1370214840721,4.12090346121308
75.9111013351081,379.869872532868,3.91216295900505
225.650270382174,414.139872137798,4.00827724635054
427.710282437698,10.0567318807685,3.34247418985477
363.016122037438,292.175170411864,3.13310485241478
604.947708313108,107.230634477749,4.1658817641748
389.059837556768,231.39708404436,4.11697897300334
571.163329182698,407.404026845603,4.75967733635073
146.564281887773,283.103085982943,4.52885687290287
197.490594903363,368.821254866014,4.03867029131363
125.479985886626,413.45271145642,3.4628808398057
630.311301404939,309.462371340273,4.50716739532946
0.111405453722203,141.040502426629,4.37254090997565
542.445332787221,203.448198524477,4.12478684747154
33.8472901093202,490.549261817494,2.97397076035826
278.00491456025,26.3469950728292,3.9598289447529
536.565071207458,393.137085258901,3.34775457337916
70.1640234899446,83.9893933272875,5.3408476124675
5.14608833732287,72.5612670016122,3.62779347654769
592.088495657972,225.027837465567,3.99108296628773
443.371682979795,459.672998907671,4.82485226447098
660.331086836353,373.054198424491,3.03037049474108
111.75061949194,491.663911911232,4.35913623928004
625.295183770998,89.2711894402762,4.12970536044243
420.405738236534,258.088691258134,3.63289681057291
11.5653419088983,181.897677817235,3.13500448588752
50.4574556785034,121.46141624829,4.52276596476173
623.694889840291,210.024374650451,4.16382898074853
244.924824712193,218.193476774509,3.51366443992533
576.293136658599,440.274823996238,3.63751890211605
303.298263737712,136.191022791525,3.99900413563418
531.03850141331,461.099515077177,3.80816044537785
40.7758908884405,421.683226887915,3.90387319242171
194.955071545065,283.834404772606,4.10816987630404
557.467767458235,261.35589184623,3.73524059006828
172.9339660791,19.3705059105529,4.53055191105557
494.065026405702,335.455583179796,4.60446920150623
32.4288110364671,49.7535428996662,4.10673489241738
531.278440321709,155.625601543858,4.48115063399413
NA,NA,NA
661.813475112158,338.946715199522,3.44649227700569
454.069345268209,298.182054096462,3.58023419943465
9.82866103460401,496.153281227579,3.53048658604844
558.502933256898,52.5490735167789,4.18316849865825
70.4904234526478,376.546173710684,3.97888768739411
227.524534036828,413.57824280361,3.87565299944128
427.138802658409,15.4620473615794,3.24335030697293
362.93862784744,294.490635238,3.04646902665153
598.486006859501,110.095663505559,4.06213501076392
394.530950661268,230.867588072163,4.1475233725521
562.437262593234,410.755402910724,4.77384258112523
140.09205277438,280.326120309997,4.58724551739678
200.284587601801,362.70583342967,4.04586786610214
127.880891188257,407.670688093146,3.44735984240178
626.814031646089,315.500150192262,4.44006450302745
7.27406933933467,153.447894482778,4.16475547804891
539.199605234518,203.140916178736,4.10993940530974
32.102413808808,489.458946970849,3.02915742745067
278.494773978643,24.4581526277825,3.70897430777215
532.755900047519,391.394382734243,3.34337478107931
75.9442262854926,80.9219560136569,5.37659868181429
4.45216506130603,75.5372494898965,3.60844053936037
590.472560771166,227.543151586915,4.06084245248932
440.84178488508,457.154757235737,4.77449967779068
657.560907775204,372.503480717041,2.98995797771751
107.368531897385,479.292740909194,4.40234569381852
628.80081422264,84.3816611751867,4.05922533891282
417.087492360629,258.652571660066,3.65746981568285
11.2224753902131,182.694220305037,3.25482273286759
69.6862081575688,99.0069097901367,4.34349900764366
612.060953958068,197.505119080735,4.33354408167682
244.97195220932,215.23097125055,3.68313600477559
570.561585562471,432.589016210684,3.94858050898669
303.50823435934,137.983602290205,4.05210860087922
528.485289851385,467.905500693385,3.79430867602841
33.4410952831693,416.548254666431,4.00621912348288
203.724739905147,295.672073346696,4.33469704687602
553.793178282305,262.905936361847,3.63428845672985
172.423172559423,26.8848933211139,4.72359640638902
496.940022221151,350.49289436671,4.35043454549814
32.845360140961,46.9376887917149,3.90345546939725
522.046439367101,147.03220409477,4.71535894520168
NA,NA,NA
661.813475112158,338.946715199522,3.44649227700569
454.069345268209,298.182054096462,3.58023419943465
9.82866103460401,496.153281227579,3.53048658604844
558.502933256898,52.5490735167789,4.18316849865825
70.4904234526478,376.546173710684,3.97888768739411
227.524534036828,413.57824280361,3.87565299944128
427.138802658409,15.4620473615794,3.24335030697293
362.93862784744,294.490635238,3.04646902665153
598.486006859501,110.095663505559,4.06213501076392
394.530950661268,230.867588072163,4.1475233725521
562.437262593234,410.755402910724,4.77384258112523
140.09205277438,280.326120309997,4.58724551739678
200.284587601801,362.70583342967,4.04586786610214
127.880891188257,407.670688093146,3.44735984240178
626.814031646089,315.500150192262,4.44006450302745
7.27406933933467,153.447894482778,4.16475547804891
539.199605234518,203.140916178736,4.10993940530974
32.102413808808,489.458946970849,3.02915742745067
278.494773978643,24.4581526277825,3.70897430777215
532.755900047519,391.394382734243,3.34337478107931
75.9442262854926,80.9219560136569,5.37659868181429
4.45216506130603,75.5372494898965,3.60844053936037
590.472560771166,227.543151586915,4.06084245248932
440.84178488508,457.154757235737,4.77449967779068
657.560907775204,372.503480717041,2.98995797771751
107.368531897385,479.292740909194,4.40234569381852
628.80081422264,84.3816611751867,4.05922533891282
417.087492360629,258.652571660066,3.65746981568285
11.2224753902131,182.694220305037,3.25482273286759
69.6862081575688,99.0069097901367,4.34349900764366
612.060953958068,197.505119080735,4.33354408167682
244.97195220932,215.23097125055,3.68313600477559
570.561585562471,432.589016210684,3.94858050898669
303.50823435934,137.983602290205,4.05210860087922
528.485289851385,467.905500693385,3.79430867602841
33.4410952831693,416.548254666431,4.00621912348288
203.724739905147,295.672073346696,4.33469704687602
553.793178282305,262.905936361847,3.63428845672985
172.423172559423,26.8848933211139,4.72359640638902
496.940022221151,350.49289436671,4.35043454549814
32.845360140961,46.9376887917149,3.90345546939725
522.046439367101,147.03220409477,4.71535894520168
NA,NA,NA
661.813475112158,338.946715199522,3.44649227700569
454.069345268209,298.182054096462,3.58023419943465
9.82866103460401,496.153281227579,3.53048658604844
558.502933256898,52.5490735167789,4.18316849865825
70.4904234526478,376.546173710684,3.97888768739411
227.524534036828,413.57824280361,3.87565299944128
427.138802658409,15.4620473615794,3.24335030697293
362.93862784744,294.490635238,3.04646902665153
598.486006859501,110.095663505559,4.06213501076392
394.530950661268,230.867588072163,4.1475233725521
562.437262593234,410.755402910724,4.77384258112523
140.09205277438,280.326120309997,4.58724551739678
200.284587601801,362.70583342967,4.04586786610214
127.880891188257,407.670688093146,3.44735984240178
626.814031646089,315.500150192262,4.44006450302745
7.27406933933467,153.447894482778,4.16475547804891
539.199605234518,203.140916178736,4.10993940530974
32.102413808808,489.458946970849,3.02915742745067
278.494773978643,24.4581526277825,3.70897430777215
532.755900047519,391.394382734243,3.34337478107931
75.9442262854926,80.9219560136569,5.37659868181429
4.45216506130603,75.5372494898965,3.60844053936037
590.472560771166,227.543151586915,4.06084245248932
440.84178488508,457.154757235737,4.77449967779068
657.560907775204,372.503480717041,2.98995797771751
107.368531897385,479.292740909194,4.40234569381852
628.80081422264,84.3816611751867,4.05922533891282
417.087492360629,258.652571660066,3.65746981568285
11.2224753902131,182.694220305037,3.25482273286759
69.6862081575688,99.0069097901367,4.34349900764366
612.060953958068,197.505119080735,4.33354408167682
244.97195220932,215.23097125055,3.68313600477559
570.561585562471,432.589016210684,3.94858050898669
303.50823435934,137.983602290205,4.05210860087922
528.485289851385,467.905500693385,3.79430867602841
33.4410952831693,416.548254666431,4.00621912348288
203.724739905147,295.672073346696,4.33469704687602
553.793178282305,262.905936361847,3.63428845672985
172.423172559423,26.8848933211139,4.72359640638902
496.940022221151,350.49289436671,4.35043454549814
32.845360140961,46.9376887917149,3.90345546939725
522.046439367101,147.03220409477,4.71535894520168
NA,NA,NA
661.813475112158,338.946715199522,3.44649227700569
454.069345268209,298.182054096462,3.58023419943465
9.82866103460401,496.153281227579,3.53048658604844
558.502933256898,52.5490735167789,4.18316849865825
70.4904234526478,376.546173710684,3.97888768739411
227.524534036828,413.57824280361,3.87565299944128
427.138802658409,15.4620473615794,3.24335030697293
362.93862784744,294.490635238,3.04646902665153
598.486006859501,110.095663505559,4.06213501076392
394.530950661268,230.867588072163,4.1475233725521
562.437262593234,410.755402910724,4.77384258112523
140.09205277438,280.326120309997,4.58724551739678
200.284587601801,362.70583342967,4.04586786610214
127.880891188257,407.670688093146,3.44735984240178
626.814031646089,315.500150192262,4.44006450302745
7.27406933933467,153.447894482778,4.16475547804891
539.199605234518,203.140916178736,4.10993940530974
32.102413808808,489.458946970849,3.02915742745067
278.494773978643,24.4581526277825,3.70897430777215
532.755900047519,391.394382734243,3.34337478107931
75.9442262854926,80.9219560136569,5.37659868181429
4.45216506130603,75.5372494898965,3.60844053936037
590.472560771166,227.543151586915,4.06084245248932
440.84178488508,457.154757235737,4.77449967779068
657.560907775204,372.503480717041,2.98995797771751
107.368531897385,479.292740909194,4.40234569381852
628.80081422264,84.3816611751867,4.05922533891282
417.087492360629,258.652571660066,3.65746981568285
11.2224753902131,182.694220305037,3.25482273286759
69.6862081575688,99.0069097901367,4.34349900764366
612.060953958068,197.505119080735,4.33354408167682
244.97195220932,215.23097125055,3.68313600477559
570.561585562471,432.589016210684,3.94858050898669
303.50823435934,137.983602290205,4.05210860087922
528.485289851385,467.905500693385,3.79430867602841
33.4410952831693,416.548254666431,4.00621912348288
203.724739905147,295.672073346696,4.33469704687602
553.793178282305,262.905936361847,3.63428845672985
172.423172559423,26.8848933211139,4.72359640638902
496.940022221151,350.49289436671,4.35043454549814
32.845360140961,46.9376887917149,3.90345546939725
522.046439367101,147.03220409477,4.71535894520168
NA,NA,NA
661.813475112158,338.946715199522,3.44649227700569
454.069345268209,298.182054096462,3.58023419943465
9.82866103460401,496.153281227579,3.53048658604844
558.502933256898,52.5490735167789,4.18316849865825
70.4904234526478,376.546173710684,3.97888768739411
227.524534036828,413.57824280361,3.87565299944128
427.138802658409,15.4620473615794,3.24335030697293
362.93862784744,294.490635238,3.04646902665153
598.486006859501,110.095663505559,4.06213501076392
394.530950661268,230.867588072163,4.1475233725521
562.437262593234,410.755402910724,4.77384258112523
140.09205277438,280.326120309997,4.58724551739678
200.284587601801,362.70583342967,4.04586786610214
127.880891188257,407.670688093146,3.44735984240178
626.814031646089,315.500150192262,4.44006450302745
7.27406933933467,153.447894482778,4.16475547804891
539.199605234518,203.140916178736,4.10993940530974
32.102413808808,489.458946970849,3.02915742745067
278.494773978643,24.4581526277825,3.70897430777215
532.755900047519,391.394382734243,3.34337478107931
75.9442262854926,80.9219560136569,5.37659868181429
4.45216506130603,75.5372494898965,3.60844053936037
590.472560771166,227.543151586915,4.06084245248932
440.84178488508,457.154757235737,4.77449967779068
657.560907775204,372.503480717041,2.98995797771751
107.368531897385,479.292740909194,4.40234569381852
628.80081422264,84.3816611751867,4.05922533891282
417.087492360629,258.652571660066,3.65746981568285
11.2224753902131,182.694220305037,3.25482273286759
69.6862081575688,99.0069097901367,4.34349900764366
612.060953958068,197.505119080735,4.33354408167682
244.97195220932,215.23097125055,3.68313600477559
570.561585562471,432.589016210684,3.94858050898669
303.50823435934,137.983602290205,4.05210860087922
528.485289851385,467.905500693385,3.79430867602841
33.4410952831693,416.548254666431,4.00621912348288
203.724739905147,295.672073346696,4.33469704687602
553.793178282305,262.905936361847,3.63428845672985
172.423172559423,26.8848933211139,4.72359640638902
496.940022221151,350.49289436671,4.35043454549814
32.845360140961,46.9376887917149,3.90345546939725
522.046439367101,147.03220409477,4.71535894520168
NA,NA,NA
661.813475112158,338.946715199522,3.44649227700569
454.069345268209,298.182054096462,3.58023419943465
9.82866103460401,496.153281227579,3.53048658604844
558.502933256898,52.5490735167789,4.18316849865825
70.4904234526478,376.546173710684,3.97888768739411
227.524534036828,413.57824280361,3.87565299944128
427.138802658409,15.4620473615794,3.24335030697293
362.93862784744,294.490635238,3.04646902665153
598.486006859501,110.095663505559,4.06213501076392
394.530950661268,230.867588072163,4.1475233725521
562.437262593234,410.755402910724,4.77384258112523
140.09205277438,280.326120309997,4.58724551739678
200.284587601801,362.70583342967,4.04586786610214
127.880891188257,407.670688093146,3.44735984240178
626.814031646089,315.500150192262,4.44006450302745
7.27406933933467,153.447894482778,4.16475547804891
539.199605234518,203.140916178736,4.10993940530974
32.102413808808,489.458946970849,3.02915742745067
278.494773978643,24.4581526277825,3.70897430777215
532.755900047519,391.394382734243,3.34337478107931
75.9442262854926,80.9219560136569,5.37659868181429
4.45216506130603,75.5372494898965,3.60844053936037
590.472560771166,227.543151586915,4.06084245248932
440.84178488508,457.154757235737,4.77449967779068
657.560907775204,372.503480717041,2.98995797771751
107.368531897385,479.292740909194,4.40234569381852
628.80081422264,84.3816611751867,4.05922533891282
417.087492360629,258.652571660066,3.65746981568285
11.2224753902131,182.694220305037,3.25482273286759
69.6862081575688,99.0069097901367,4.34349900764366
612.060953958068,197.505119080735,4.33354408167682
244.97195220932,215.23097125055,3.68313600477559
570.561585562471,432.589016210684,3.94858050898669
303.50823435934,137.983602290205,4.05210860087922
528.485289851385,467.905500693385,3.79430867602841
33.4410952831693,416.548254666431,4.00621912348288
203.724739905147,295.672073346696,4.33469704687602
553.793178282305,262.905936361847,3.63428845672985
172.423172559423,26.8848933211139,4.72359640638902
496.940022221151,350.49289436671,4.35043454549814
32.845360140961,46.9376887917149,3.90345546939725
522.046439367101,147.03220409477,4.71535894520168
NA,NA,NA
662.80596095119,332.284758727168,3.57245082630702
454.637169877238,299.274927022526,3.71791180791725
10.7979746458985,490.470619605756,3.63124228838737
563.163434275034,53.3425218068228,4.19828239962373
69.1005099810244,374.835445447918,3.9238711754892
225.331505581099,414.797317177673,3.85804390955216
430.365299478608,10.6947481097959,3.28050327532901
357.255989113519,292.577314973209,3.19609861532607
602.50803656728,101.695616411485,4.16504739306412
393.218232940943,231.469730061922,4.14326897729393
574.606661391479,401.151637927048,4.73591564992672
135.605595262875,281.488464713063,4.5323618326904
199.584009054937,367.796000271857,4.04309018271637
125.647636911406,414.365767179632,3.37988932121626
624.109377958719,313.706871702019,4.48260072022672
2.2093490858769,146.166322114398,4.25702658103152
544.780600176191,203.05532501565,4.2031698431075
34.463899300088,491.772355279188,2.9028891635046
281.511567432736,22.1300105124009,4.09757942285353
529.502244189474,392.908528114295,3.35922943563002
68.1316063831562,70.2189409695116,5.30111162696345
9.96993092680254,77.6247198847997,3.35585445198687
588.501598346473,230.105536990795,3.9812888315161
443.396464997071,459.113014815626,4.83358144014867
658.681114649858,372.522001171803,3.1239470769051
96.8075001318952,489.463056458473,4.32947420449628
621.887152331584,87.3326599730792,4.15405731048365
420.27933101284,258.845946005019,3.60367842928159
9.81071536533805,182.301535773411,3.19808164055844
73.7068707060298,105.671646836332,4.5795985915316
608.724192003607,213.440753143024,4.29365351146307
251.519862327363,212.723752665449,3.87206236992045
570.310197958324,441.399154246713,3.93655931012147
301.226167536192,139.217785344633,3.80565933912145
531.851111161522,460.001261219525,3.63071107645889
49.8507138448803,424.214228849657,3.89520369795539
187.172792126183,283.762128803079,4.34853244032496
544.026610739785,250.820422183279,3.68019088635267
164.592524916588,36.0937188817686,4.27753168908827
499.338564750479,344.626244808026,4.77952678075322
36.3036272529487,54.291807398981,4.32446989873078
539.461411373505,140.378667961303,4.38142560708447
NA,NA,NA
662.80596095119,332.284758727168,3.57245082630702
454.637169877238,299.274927022526,3.71791180791725
10.7979746458985,490.470619605756,3.63124228838737
563.163434275034,53.3425218068228,4.19828239962373
69.1005099810244,374.835445447918,3.9238711754892
225.331505581099,414.797317177673,3.85804390955216
430.365299478608,10.6947481097959,3.28050327532901
357.255989113519,292.577314973209,3.19609861532607
602.50803656728,101.695616411485,4.16504739306412
393.218232940943,231.469730061922,4.14326897729393
574.606661391479,401.151637927048,4.73591564992672
135.605595262875,281.488464713063,4.5323618326904
199.584009054937,367.796000271857,4.04309018271637
125.647636911406,414.365767179632,3.37988932121626
624.109377958719,313.706871702019,4.48260072022672
2.2093490858769,146.166322114398,4.25702658103152
544.780600176191,203.05532501565,4.2031698431075
34.463899300088,491.772355279188,2.9028891635046
281.511567432736,22.1300105124009,4.09757942285353
529.502244189474,392.908528114295,3.35922943563002
68.1316063831562,70.2189409695116,5.30111162696345
9.96993092680254,77.6247198847997,3.35585445198687
588.501598346473,230.105536990795,3.9812888315161
443.396464997071,459.113014815626,4.83358144014867
658.681114649858,372.522001171803,3.1239470769051
96.8075001318952,489.463056458473,4.32947420449628
621.887152331584,87.3326599730792,4.15405731048365
420.27933101284,258.845946005019,3.60367842928159
9.81071536533805,182.301535773411,3.19808164055844
73.7068707060298,105.671646836332,4.5795985915316
608.724192003607,213.440753143024,4.29365351146307
251.519862327363,212.723752665449,3.87206236992045
570.310197958324,441.399154246713,3.93655931012147
301.226167536192,139.217785344633,3.80565933912145
531.851111161522,460.001261219525,3.63071107645889
49.8507138448803,424.214228849657,3.89520369795539
187.172792126183,283.762128803079,4.34853244032496
544.026610739785,250.820422183279,3.68019088635267
164.592524916588,36.0937188817686,4.27753168908827
499.338564750479,344.626244808026,4.77952678075322
36.3036272529487,54.291807398981,4.32446989873078
539.461411373505,140.378667961303,4.38142560708447
NA,NA,NA
662.80596095119,332.284758727168,3.57245082630702
454.637169877238,299.274927022526,3.71791180791725
10.7979746458985,490.470619605756,3.63124228838737
563.163434275034,53.3425218068228,4.19828239962373
69.1005099810244,374.835445447918,3.9238711754892
225.331505581099,414.797317177673,3.85804390955216
430.365299478608,10.6947481097959,3.28050327532901
357.255989113519,292.577314973209,3.19609861532607
602.50803656728,101.695616411485,4.16504739306412
393.218232940943,231.469730061922,4.14326897729393
574.606661391479,401.151637927048,4.73591564992672
135.605595262875,281.488464713063,4.5323618326904
199.584009054937,367.796000271857,4.04309018271637
125.647636911406,414.365767179632,3.37988932121626
624.109377958719,313.706871702019,4.48260072022672
2.2093490858769,146.166322114398,4.25702658103152
544.780600176191,203.05532501565,4.2031698431075
34.463899300088,491.772355279188,2.9028891635046
281.511567432736,22.1300105124009,4.09757942285353
529.502244189474,392.908528114295,3.35922943563002
68.1316063831562,70.2189409695116,5.30111162696345
9.96993092680254,77.6247198847997,3.35585445198687
588.501598346473,230.105536990795,3.9812888315161
443.396464997071,459.113014815626,4.83358144014867
658.681114649858,372.522001171803,3.1239470769051
96.8075001318952,489.463056458473,4.32947420449628
621.887152331584,87.3326599730792,4.15405731048365
420.27933101284,258.845946005019,3.60367842928159
9.81071536533805,182.301535773411,3.19808164055844
73.7068707060298,105.671646836332,4.5795985915316
608.724192003607,213.440753143024,4.29365351146307
251.519862327363,212.723752665449,3.87206236992045
570.310197958324,441.399154246713,3.93655931012147
301.226167536192,139.217785344633,3.80565933912145
531.851111161522,460.001261219525,3.63071107645889
49.8507138448803,424.214228849657,3.89520369795539
187.172792126183,283.762128803079,4.34853244032496
544.026610739785,250.820422183279,3.68019088635267
164.592524916588,36.0937188817686,4.27753168908827
499.338564750479,344.626244808026,4.77952678075322
36.3036272529487,54.291807398981,4.32446989873078
539.461411373505,140.378667961303,4.38142560708447
NA,NA,NA
662.80596095119,332.284758727168,3.57245082630702
454.637169877238,299.274927022526,3.71791180791725
10.7979746458985,490.470619605756,3.63124228838737
563.163434275034,53.3425218068228,4.19828239962373
69.1005099810244,374.835445447918,3.9238711754892
225.331505581099,414.797317177673,3.85804390955216
430.365299478608,10.6947481097959,3.28050327532901
357.255989113519,292.577314973209,3.19609861532607
602.50803656728,101.695616411485,4.16504739306412
393.218232940943,231.469730061922,4.14326897729393
574.606661391479,401.151637927048,4.73591564992672
135.605595262875,281.488464713063,4.5323618326904
199.584009054937,367.796000271857,4.04309018271637
125.647636911406,414.365767179632,3.37988932121626
624.109377958719,313.706871702019,4.48260072022672
2.2093490858769,146.166322114398,4.25702658103152
544.780600176191,203.05532501565,4.2031698431075
34.463899300088,491.772355279188,2.9028891635046
281.511567432736,22.1300105124009,4.09757942285353
529.502244189474,392.908528114295,3.35922943563002
68.1316063831562,70.2189409695116,5.30111162696345
9.96993092680254,77.6247198847997,3.35585445198687
588.501598346473,230.105536990795,3.9812888315161
443.396464997071,459.113014815626,4.83358144014867
658.681114649858,372.522001171803,3.1239470769051
96.8075001318952,489.463056458473,4.32947420449628
621.887152331584,87.3326599730792,4.15405731048365
420.27933101284,258.845946005019,3.60367842928159
9.81071536533805,182.301535773411,3.19808164055844
73.7068707060298,105.671646836332,4.5795985915316
608.724192003607,213.440753143024,4.29365351146307
251.519862327363,212.723752665449,3.87206236992045
570.310197958324,441.399154246713,3.93655931012147
301.226167536192,139.217785344633,3.80565933912145
531.851111161522,460.001261219525,3.63071107645889
49.8507138448803,424.214228849657,3.89520369795539
187.172792126183,283.762128803079,4.34853244032496
544.026610739785,250.820422183279,3.68019088635267
164.592524916588,36.0937188817686,4.27753168908827
499.338564750479,344.626244808026,4.77952678075322
36.3036272529487,54.291807398981,4.32446989873078
539.461411373505,140.378667961303,4.38142560708447
NA,NA,NA
662.80596095119,332.284758727168,3.57245082630702
454.637169877238,299.274927022526,3.71791180791725
10.7979746458985,490.470619605756,3.63124228838737
563.163434275034,53.3425218068228,4.19828239962373
69.1005099810244,374.835445447918,3.9238711754892
225.331505581099,414.797317177673,3.85804390955216
430.365299478608,10.6947481097959,3.28050327532901
357.255989113519,292.577314973209,3.19609861532607
602.50803656728,101.695616411485,4.16504739306412
393.218232940943,231.469730061922,4.14326897729393
574.606661391479,401.151637927048,4.73591564992672
135.605595262875,281.488464713063,4.5323618326904
199.584009054937,367.796000271857,4.04309018271637
125.647636911406,414.365767179632,3.37988932121626
624.109377958719,313.706871702019,4.48260072022672
2.2093490858769,146.166322114398,4.25702658103152
544.780600176191,203.05532501565,4.2031698431075
34.463899300088,491.772355279188,2.9028891635046
281.511567432736,22.1300105124009,4.09757942285353
529.502244189474,392.908528114295,3.35922943563002
68.1316063831562,70.2189409695116,5.30111162696345
9.96993092680254,77.6247198847997,3.35585445198687
588.501598346473,230.105536990795,3.9812888315161
443.396464997071,459.113014815626,4.83358144014867
658.681114649858,372.522001171803,3.1239470769051
96.8075001318952,489.463056458473,4.32947420449628
621.887152331584,87.3326599730792,4.15405731048365
420.27933101284,258.845946005019,3.60367842928159
9.81071536533805,182.301535773411,3.19808164055844
73.7068707060298,105.671646836332,4.5795985915316
608.724192003607,213.440753143024,4.29365351146307
251.519862327363,212.723752665449,3.87206236992045
570.310197958324,441.399154246713,3.93655931012147
301.226167536192,139.217785344633,3.80565933912145
531.851111161522,460.001261219525,3.63071107645889
49.8507138448803,424.214228849657,3.89520369795539
187.172792126183,283.762128803079,4.34853244032496
544.026610739785,250.820422183279,3.68019088635267
164.592524916588,36.0937188817686,4.27753168908827
499.338564750479,344.626244808026,4.77952678075322
36.3036272529487,54.291807398981,4.32446989873078
539.461411373505,140.378667961303,4.38142560708447
NA,NA,NA
662.80596095119,332.284758727168,3.57245082630702
454.637169877238,299.274927022526,3.71791180791725
10.7979746458985,490.470619605756,3.63124228838737
563.163434275034,53.3425218068228,4.19828239962373
69.1005099810244,374.835445447918,3.9238711754892
225.331505581099,414.797317177673,3.85804390955216
430.365299478608,10.6947481097959,3.28050327532901
357.255989113519,292.577314973209,3.19609861532607
602.50803656728,101.695616411485,4.16504739306412
393.218232940943,231.469730061922,4.14326897729393
574.606661391479,401.151637927048,4.73591564992672
135.605595262875,281.488464713063,4.5323618326904
199.584009054937,367.796000271857,4.04309018271637
125.647636911406,414.365767179632,3.37988932121626
624.109377958719,313.706871702019,4.48260072022672
2.2093490858769,146.166322114398,4.25702658103152
544.780600176191,203.05532501565,4.2031698431075
34.463899300088,491.772355279188,2.9028891635046
281.511567432736,22.1300105124009,4.09757942285353
529.502244189474,392.908528114295,3.35922943563002
68.1316063831562,70.2189409695116,5.30111162696345
9.96993092680254,77.6247198847997,3.35585445198687
588.501598346473,230.105536990795,3.9812888315161
443.396464997071,459.113014815626,4.83358144014867
658.681114649858,372.522001171803,3.1239470769051
96.8075001318952,489.463056458473,4.32947420449628
621.887152331584,87.3326599730792,4.15405731048365
420.27933101284,258.845946005019,3.60367842928159
9.81071536533805,182.301535773411,3.19808164055844
73.7068707060298,105.671646836332,4.5795985915316
608.724192003607,213.440753143024,4.29365351146307
251.519862327363,212.723752665449,3.87206236992045
570.310197958324,441.399154246713,3.93655931012147
301.226167536192,139.217785344633,3.80565933912145
531.851111161522,460.001261219525,3.63071107645889
49.8507138448803,424.214228849657,3.89520369795539
187.172792126183,283.762128803079,4.34853244032496
544.026610739785,250.820422183279,3.68019088635267
164.592524916588,36.0937188817686,4.27753168908827
499.338564750479,344.626244808026,4.77952678075322
36.3036272529487,54.291807398981,4.32446989873078
539.461411373505,140.378667961303,4.38142560708447
NA,NA,NA
659.297199607458,335.067520134876,3.46749736773801
454.963166842269,301.717502411818,3.84610942139851
7.97397960792621,494.74734528776,3.54760042982468
560.906574307629,48.2715166626618,4.19314264945518
61.9565911381966,375.790082496485,4.13562957780908
229.330577214208,414.828945527268,3.94290186966933
430.152546556806,14.4118242974098,3.35000774247801
362.939518177714,293.90108727882,3.06165537363808
603.732298807443,105.506229666256,4.23078752491993
391.114155362044,233.312734950825,4.34865103368279
570.547015733255,403.423107075624,4.67460810452362
141.973101560751,281.511334821499,4.56474474512868
191.541030147416,367.516015859447,3.99009150027213
125.385164176886,412.690684013729,3.47171526264769
624.975005674543,315.210065224327,4.38971950465156
7.13624320146411,147.900645989347,4.28683903720617
543.660983118349,204.79345574906,4.40679881902367
35.0540375168167,491.43557466933,2.93200165450421
283.827328024508,24.1824719304757,4.00220177922843
531.775043418922,392.347071702784,3.36873311021222
76.8281581780235,81.2825097452291,5.23654400321596
4.35377014320152,73.1430448069658,3.52061059268868
593.331427950452,226.950573826353,4.02715061139666
433.223812252224,460.60078820256,4.78714684427556
658.92864990112,375.461771293142,3.04946928951187
109.688597761973,490.591847382274,4.29596864671647
620.290543729516,91.4384372185218,4.13672999853479
422.055587684517,256.144803704436,3.57018303894523
11.2287510843872,181.38951252834,3.00166993743658
64.4306304511913,113.783497793012,4.561968908583
625.229151063383,195.920736303656,4.52939363286337
258.911320964369,218.023161831684,3.93891244146173
570.277541268355,433.112521172868,3.83851096598208
302.762742789068,140.682076684451,3.80971217503502
535.335545018989,460.638322590926,3.41869698194702
40.9937029529399,419.137165062779,3.98220578287351
196.237913248469,294.055215691869,4.14851477448102
558.815472633375,251.67758741235,3.75239547783743
179.14126228314,20.2363605866439,4.17361975016013
502.338944001675,339.624224884149,4.66524111229928
41.8379240732333,52.1711077127651,4.00825684956213
532.00454825455,143.60807060931,4.89694288038707
NA,NA,NA
659.297199607458,335.067520134876,3.46749736773801
454.963166842269,301.717502411818,3.84610942139851
7.97397960792621,494.74734528776,3.54760042982468
560.906574307629,48.2715166626618,4.19314264945518
61.9565911381966,375.790082496485,4.13562957780908
229.330577214208,414.828945527268,3.94290186966933
430.152546556806,14.4118242974098,3.35000774247801
362.939518177714,293.90108727882,3.06165537363808
603.732298807443,105.506229666256,4.23078752491993
391.114155362044,233.312734950825,4.34865103368279
570.547015733255,403.423107075624,4.67460810452362
141.973101560751,281.511334821499,4.56474474512868
191.541030147416,367.516015859447,3.99009150027213
125.385164176886,412.690684013729,3.47171526264769
624.975005674543,315.210065224327,4.38971950465156
7.13624320146411,147.900645989347,4.28683903720617
543.660983118349,204.79345574906,4.40679881902367
35.0540375168167,491.43557466933,2.93200165450421
283.827328024508,24.1824719304757,4.00220177922843
531.775043418922,392.347071702784,3.36873311021222
76.8281581780235,81.2825097452291,5.23654400321596
4.35377014320152,73.1430448069658,3.52061059268868
593.331427950452,226.950573826353,4.02715061139666
433.223812252224,460.60078820256,4.78714684427556
658.92864990112,375.461771293142,3.04946928951187
109.688597761973,490.591847382274,4.29596864671647
620.290543729516,91.4384372185218,4.13672999853479
422.055587684517,256.144803704436,3.57018303894523
11.2287510843872,181.38951252834,3.00166993743658
64.4306304511913,113.783497793012,4.561968908583
625.229151063383,195.920736303656,4.52939363286337
258.911320964369,218.023161831684,3.93891244146173
570.277541268355,433.112521172868,3.83851096598208
302.762742789068,140.682076684451,3.80971217503502
535.335545018989,460.638322590926,3.41869698194702
40.9937029529399,419.137165062779,3.98220578287351
196.237913248469,294.055215691869,4.14851477448102
558.815472633375,251.67758741235,3.75239547783743
179.14126228314,20.2363605866439,4.17361975016013
502.338944001675,339.624224884149,4.66524111229928
41.8379240732333,52.1711077127651,4.00825684956213
532.00454825455,143.60807060931,4.89694288038707
NA,NA,NA
659.297199607458,335.067520134876,3.46749736773801
454.963166842269,301.717502411818,3.84610942139851
7.97397960792621,494.74734528776,3.54760042982468
560.906574307629,48.2715166626618,4.19314264945518
61.9565911381966,375.790082496485,4.13562957780908
229.330577214208,414.828945527268,3.94290186966933
430.152546556806,14.4118242974098,3.35000774247801
362.939518177714,293.90108727882,3.06165537363808
603.732298807443,105.506229666256,4.23078752491993
391.114155362044,233.312734950825,4.34865103368279
570.547015733255,403.423107075624,4.67460810452362
141.973101560751,281.511334821499,4.56474474512868
191.541030147416,367.516015859447,3.99009150027213
125.385164176886,412.690684013729,3.47171526264769
624.975005674543,315.210065224327,4.38971950465156
7.13624320146411,147.900645989347,4.28683903720617
543.660983118349,204.79345574906,4.40679881902367
35.0540375168167,491.43557466933,2.93200165450421
283.827328024508,24.1824719304757,4.00220177922843
531.775043418922,392.347071702784,3.36873311021222
76.8281581780235,81.2825097452291,5.23654400321596
4.35377014320152,73.1430448069658,3.52061059268868
593.331427950452,226.950573826353,4.02715061139666
433.223812252224,460.60078820256,4.78714684427556
658.92864990112,375.461771293142,3.04946928951187
109.688597761973,490.591847382274,4.29596864671647
620.290543729516,91.4384372185218,4.13672999853479
422.055587684517,256.144803704436,3.57018303894523
11.2287510843872,181.38951252834,3.00166993743658
64.4306304511913,113.783497793012,4.561968908583
625.229151063383,195.920736303656,4.52939363286337
258.911320964369,218.023161831684,3.93891244146173
570.277541268355,433.112521172868,3.83851096598208
302.762742789068,140.682076684451,3.80971217503502
535.335545018989,460.638322590926,3.41869698194702
40.9937029529399,419.137165062779,3.98220578287351
196.237913248469,294.055215691869,4.14851477448102
558.815472633375,251.67758741235,3.75239547783743
179.14126228314,20.2363605866439,4.17361975016013
502.338944001675,339.624224884149,4.66524111229928
41.8379240732333,52.1711077127651,4.00825684956213
532.00454825455,143.60807060931,4.89694288038707
NA,NA,NA
659.297199607458,335.067520134876,3.46749736773801
454.963166842269,301.717502411818,3.84610942139851
7.97397960792621,494.74734528776,3.54760042982468
560.906574307629,48.2715166626618,4.19314264945518
61.9565911381966,375.790082496485,4.13562957780908
229.330577214208,414.828945527268,3.94290186966933
430.152546556806,14.4118242974098,3.35000774247801
362.939518177714,293.90108727882,3.06165537363808
603.732298807443,105.506229666256,4.23078752491993
391.114155362044,233.312734950825,4.34865103368279
570.547015733255,403.423107075624,4.67460810452362
141.973101560751,281.511334821499,4.56474474512868
191.541030147416,367.516015859447,3.99009150027213
125.385164176886,412.690684013729,3.47171526264769
624.975005674543,315.210065224327,4.38971950465156
7.13624320146411,147.900645989347,4.28683903720617
543.660983118349,204.79345574906,4.40679881902367
35.0540375168167,491.43557466933,2.93200165450421
283.827328024508,24.1824719304757,4.00220177922843
531.775043418922,392.347071702784,3.36873311021222
76.8281581780235,81.2825097452291,5.23654400321596
4.35377014320152,73.1430448069658,3.52061059268868
593.331427950452,226.950573826353,4.02715061139666
433.223812252224,460.60078820256,4.78714684427556
658.92864990112,375.461771293142,3.04946928951187
109.688597761973,490.591847382274,4.29596864671647
620.290543729516,91.4384372185218,4.13672999853479
422.055587684517,256.144803704436,3.57018303894523
11.2287510843872,181.38951252834,3.00166993743658
64.4306304511913,113.783497793012,4.561968908583
625.229151063383,195.920736303656,4.52939363286337
258.911320964369,218.023161831684,3.93891244146173
570.277541268355,433.112521172868,3.83851096598208
302.762742789068,140.682076684451,3.80971217503502
535.335545018989,460.638322590926,3.41869698194702
40.9937029529399,419.137165062779,3.98220578287351
196.237913248469,294.055215691869,4.14851477448102
558.815472633375,251.67758741235,3.75239547783743
179.14126228314,20.2363605866439,4.17361975016013
502.338944001675,339.624224884149,4.66524111229928
41.8379240732333,52.1711077127651,4.00825684956213
532.00454825455,143.60807060931,4.89694288038707
NA,NA,NA
659.297199607458,335.067520134876,3.46749736773801
454.963166842269,301.717502411818,3.84610942139851
7.97397960792621,494.74734528776,3.54760042982468
560.906574307629,48.2715166626618,4.19314264945518
61.9565911381966,375.790082496485,4.13562957780908
229.330577214208,414.828945527268,3.94290186966933
430.152546556806,14.4118242974098,3.35000774247801
362.939518177714,293.90108727882,3.06165537363808
603.732298807443,105.506229666256,4.23078752491993
391.114155362044,233.312734950825,4.34865103368279
570.547015733255,403.423107075624,4.67460810452362
141.973101560751,281.511334821499,4.56474474512868
191.541030147416,367.516015859447,3.99009150027213
125.385164176886,412.690684013729,3.47171526264769
624.975005674543,315.210065224327,4.38971950465156
7.13624320146411,147.900645989347,4.28683903720617
543.660983118349,204.79345574906,4.40679881902367
35.0540375168167,491.43557466933,2.93200165450421
283.827328024508,24.1824719304757,4.00220177922843
531.775043418922,392.347071702784,3.36873311021222
76.8281581780235,81.2825097452291,5.23654400321596
4.35377014320152,73.1430448069658,3.52061059268868
593.331427950452,226.950573826353,4.02715061139666
433.223812252224,460.60078820256,4.78714684427556
658.92864990112,375.461771293142,3.04946928951187
109.688597761973,490.591847382274,4.29596864671647
620.290543729516,91.4384372185218,4.13672999853479
422.055587684517,256.144803704436,3.57018303894523
11.2287510843872,181.38951252834,3.00166993743658
64.4306304511913,113.783497793012,4.561968908583
625.229151063383,195.920736303656,4.52939363286337
258.911320964369,218.023161831684,3.93891244146173
570.277541268355,433.112521172868,3.83851096598208
302.762742789068,140.682076684451,3.80971217503502
535.335545018989,460.638322590926,3.41869698194702
40.9937029529399,419.137165062779,3.98220578287351
196.237913248469,294.055215691869,4.14851477448102
558.815472633375,251.67758741235,3.75239547783743
179.14126228314,20.2363605866439,4.17361975016013
502.338944001675,339.624224884149,4.66524111229928
41.8379240732333,52.1711077127651,4.00825684956213
532.00454825455,143.60807060931,4.89694288038707
NA,NA,NA
659.297199607458,335.067520134876,3.46749736773801
454.963166842269,301.717502411818,3.84610942139851
7.97397960792621,494.74734528776,3.54760042982468
560.906574307629,48.2715166626618,4.19314264945518
61.9565911381966,375.790082496485,4.13562957780908
229.330577214208,414.828945527268,3.94290186966933
430.152546556806,14.4118242974098,3.35000774247801
362.939518177714,293.90108727882,3.06165537363808
603.732298807443,105.506229666256,4.23078752491993
391.114155362044,233.312734950825,4.34865103368279
570.547015733255,403.423107075624,4.67460810452362
141.973101560751,281.511334821499,4.56474474512868
191.541030147416,367.516015859447,3.99009150027213
125.385164176886,412.690684013729,3.47171526264769
624.975005674543,315.210065224327,4.38971950465156
7.13624320146411,147.900645989347,4.28683903720617
543.660983118349,204.79345574906,4.40679881902367
35.0540375168167,491.43557466933,2.93200165450421
283.827328024508,24.1824719304757,4.00220177922843
531.775043418922,392.347071702784,3.36873311021222
76.8281581780235,81.2825097452291,5.23654400321596
4.35377014320152,73.1430448069658,3.52061059268868
593.331427950452,226.950573826353,4.02715061139666
433.223812252224,460.60078820256,4.78714684427556
658.92864990112,375.461771293142,3.04946928951187
109.688597761973,490.591847382274,4.29596864671647
620.290543729516,91.4384372185218,4.13672999853479
422.055587684517,256.144803704436,3.57018303894523
11.2287510843872,181.38951252834,3.00166993743658
64.4306304511913,113.783497793012,4.561968908583
625.229151063383,195.920736303656,4.52939363286337
258.911320964369,218.023161831684,3.93891244146173
570.277541268355,433.112521172868,3.83851096598208
302.762742789068,140.682076684451,3.80971217503502
535.335545018989,460.638322590926,3.41869698194702
40.9937029529399,419.137165062779,3.98220578287351
196.237913248469,294.055215691869,4.14851477448102
558.815472633375,251.67758741235,3.75239547783743
179.14126228314,20.2363605866439,4.17361975016013
502.338944001675,339.624224884149,4.66524111229928
41.8379240732333,52.1711077127651,4.00825684956213
532.00454825455,143.60807060931,4.89694288038707
NA,NA,NA
663.583684288305,333.372766118714,3.40508516115677
452.703526290761,297.338927820347,3.64360025694193
10.4195612294433,491.389648817419,3.56859964926008
565.119433324025,50.1442416484359,4.18422023802454
66.1321460696512,376.395306953158,3.90287513153751
233.243573317715,415.17845972135,3.87407232128847
432.161812154656,11.9962465263703,3.42035380232529
362.640289357474,293.970371741437,3.07133900445499
602.435014334239,107.077778010909,4.28841580043042
395.077834517803,227.283430222986,4.29306037149775
573.086822309242,404.693459606374,4.73789514867295
141.462103291644,282.775383424323,4.54296323261335
196.302176088049,361.877597456078,4.10040969148931
124.436669455752,409.360404169117,3.57343719084734
620.852621217243,316.174128684788,4.5504871850181
2.95970400711553,145.046247443408,4.20014562389709
539.613382197086,207.970977976773,4.07253433345957
33.5717537147275,492.634778424855,3.02885730931645
278.616662049611,17.06431660781,3.76856592370477
535.069747506295,393.490607856365,3.41291508079122
62.8687579952541,82.0470327173664,5.1838232800408
4.30061447675362,77.822513533643,3.57975085270626
589.109260040857,226.765293884809,4.06295513904682
446.525106299628,453.191801625673,4.77488841973388
661.075036719795,373.712538032776,3.20526062781516
107.053528637965,486.054652702166,4.328192507552
619.816992701049,89.3640860166294,4.06071889307054
421.785086640469,257.978463406009,3.59372401241873
14.0652300212832,180.768829595722,3.06373675613423
62.2228094686626,122.147434122619,4.51042700162459
615.924109826967,185.120218695717,4.48015113486557
259.672855158351,217.772835233713,3.78898400598363
579.501695411262,439.865805528779,3.884634581403
298.220072851826,131.207229101828,3.81239740500016
524.418502083658,458.744016651384,3.66854421787244
51.7612371970241,414.744047463972,3.9738986224324
187.865195941284,275.502079621739,3.97489309400195
560.035076697719,262.896854428147,3.77664513662621
181.1213742434,31.1756169742211,4.15594365900319
499.762995889755,340.855480879677,4.55768594324015
45.7435907764063,52.2853691073494,3.78210234625229
529.30211884187,154.459584967348,4.42015879580946
NA,NA,NA
663.583684288305,333.372766118714,3.40508516115677
452.703526290761,297.338927820347,3.64360025694193
10.4195612294433,491.389648817419,3.56859964926008
565.119433324025,50.1442416484359,4.18422023802454
66.1321460696512,376.395306953158,3.90287513153751
233.243573317715,415.17845972135,3.87407232128847
432.161812154656,11.9962465263703,3.42035380232529
362.640289357474,293.970371741437,3.07133900445499
602.435014334239,107.077778010909,4.28841580043042
395.077834517803,227.283430222986,4.29306037149775
573.086822309242,404.693459606374,4.73789514867295
141.462103291644,282.775383424323,4.54296323261335
196.302176088049,361.877597456078,4.10040969148931
124.436669455752,409.360404169117,3.57343719084734
620.852621217243,316.174128684788,4.5504871850181
2.95970400711553,145.046247443408,4.20014562389709
539.613382197086,207.970977976773,4.07253433345957
33.5717537147275,492.634778424855,3.02885730931645
278.616662049611,17.06431660781,3.76856592370477
535.069747506295,393.490607856365,3.41291508079122
62.8687579952541,82.0470327173664,5.1838232800408
4.30061447675362,77.822513533643,3.57975085270626
589.109260040857,226.765293884809,4.06295513904682
446.525106299628,453.191801625673,4.77488841973388
661.075036719795,373.712538032776,3.20526062781516
107.053528637965,486.054652702166,4.328192507552
619.816992701049,89.3640860166294,4.06071889307054
421.785086640469,257.978463406009,3.59372401241873
14.0652300212832,180.768829595722,3.06373675613423
62.2228094686626,122.147434122619,4.51042700162459
615.924109826967,185.120218695717,4.48015113486557
259.672855158351,217.772835233713,3.78898400598363
579.501695411262,439.865805528779,3.884634581403
298.220072851826,131.207229101828,3.81239740500016
524.418502083658,458.744016651384,3.66854421787244
51.7612371970241,414.744047463972,3.9738986224324
187.865195941284,275.502079621739,3.97489309400195
560.035076697719,262.896854428147,3.77664513662621
181.1213742434,31.1756169742211,4.15594365900319
499.762995889755,340.855480879677,4.55768594324015
45.7435907764063,52.2853691073494,3.78210234625229
529.30211884187,154.459584967348,4.42015879580946
NA,NA,NA
663.583684288305,333.372766118714,3.40508516115677
452.703526290761,297.338927820347,3.64360025694193
10.4195612294433,491.389648817419,3.56859964926008
565.119433324025,50.1442416484359,4.18422023802454
66.1321460696512,376.395306953158,3.90287513153751
233.243573317715,415.17845972135,3.87407232128847
432.161812154656,11.9962465263703,3.42035380232529
362.640289357474,293.970371741437,3.07133900445499
602.435014334239,107.077778010909,4.28841580043042
395.077834517803,227.283430222986,4.29306037149775
573.086822309242,404.693459606374,4.73789514867295
141.462103291644,282.775383424323,4.54296323261335
196.302176088049,361.877597456078,4.10040969148931
124.436669455752,409.360404169117,3.57343719084734
620.852621217243,316.174128684788,4.5504871850181
2.95970400711553,145.046247443408,4.20014562389709
539.613382197086,207.970977976773,4.07253433345957
33.5717537147275,492.634778424855,3.02885730931645
278.616662049611,17.06431660781,3.76856592370477
535.069747506295,393.490607856365,3.41291508079122
62.8687579952541,82.0470327173664,5.1838232800408
4.30061447675362,77.822513533643,3.57975085270626
589.109260040857,226.765293884809,4.06295513904682
446.525106299628,453.191801625673,4.77488841973388
661.075036719795,373.712538032776,3.20526062781516
107.053528637965,486.054652702166,4.328192507552
619.816992701049,89.3640860166294,4.06071889307054
421.785086640469,257.978463406009,3.59372401241873
14.0652300212832,180.768829595722,3.06373675613423
62.2228094686626,122.147434122619,4.51042700162459
615.924109826967,185.120218695717,4.48015113486557
259.672855158351,217.772835233713,3.78898400598363
579.501695411262,439.865805528779,3.884634581403
298.220072851826,131.207229101828,3.81239740500016
524.418502083658,458.744016651384,3.66854421787244
51.7612371970241,414.744047463972,3.9738986224324
187.865195941284,275.502079621739,3.97489309400195
560.035076697719,262.896854428147,3.77664513662621
181.1213742434,31.1756169742211,4.15594365900319
499.762995889755,340.855480879677,4.55768594324015
45.7435907764063,52.2853691073494,3.78210234625229
529.30211884187,154.459584967348,4.42015879580946
NA,NA,NA
663.583684288305,333.372766118714,3.40508516115677
452.703526290761,297.338927820347,3.64360025694193
10.4195612294433,491.389648817419,3.56859964926008
565.119433324025,50.1442416484359,4.18422023802454
66.1321460696512,376.395306953158,3.90287513153751
233.243573317715,415.17845972135,3.87407232128847
432.161812154656,11.9962465263703,3.42035380232529
362.640289357474,293.970371741437,3.07133900445499
602.435014334239,107.077778010909,4.28841580043042
395.077834517803,227.283430222986,4.29306037149775
573.086822309242,404.693459606374,4.73789514867295
141.462103291644,282.775383424323,4.54296323261335
196.302176088049,361.877597456078,4.10040969148931
124.436669455752,409.360404169117,3.57343719084734
620.852621217243,316.174128684788,4.5504871850181
2.95970400711553,145.046247443408,4.20014562389709
539.613382197086,207.970977976773,4.07253433345957
33.5717537147275,492.634778424855,3.02885730931645
278.616662049611,17.06431660781,3.76856592370477
535.069747506295,393.490607856365,3.41291508079122
62.8687579952541,82.0470327173664,5.1838232800408
4.30061447675362,77.822513533643,3.57975085270626
589.109260040857,226.765293884809,4.06295513904682
446.525106299628,453.191801625673,4.77488841973388
661.075036719795,373.712538032776,3.20526062781516
107.053528637965,486.054652702166,4.328192507552
619.816992701049,89.3640860166294,4.06071889307054
421.785086640469,257.978463406009,3.59372401241873
14.0652300212832,180.768829595722,3.06373675613423
62.2228094686626,122.147434122619,4.51042700162459
615.924109826967,185.120218695717,4.48015113486557
259.672855158351,217.772835233713,3.78898400598363
579.501695411262,439.865805528779,3.884634581403
298.220072851826,131.207229101828,3.81239740500016
524.418502083658,458.744016651384,3.66854421787244
51.7612371970241,414.744047463972,3.9738986224324
187.865195941284,275.502079621739,3.97489309400195
560.035076697719,262.896854428147,3.77664513662621
181.1213742434,31.1756169742211,4.15594365900319
499.762995889755,340.855480879677,4.55768594324015
45.7435907764063,52.2853691073494,3.78210234625229
529.30211884187,154.459584967348,4.42015879580946
NA,NA,NA
663.583684288305,333.372766118714,3.40508516115677
452.703526290761,297.338927820347,3.64360025694193
10.4195612294433,491.389648817419,3.56859964926008
565.119433324025,50.1442416484359,4.18422023802454
66.1321460696512,376.395306953158,3.90287513153751
233.243573317715,415.17845972135,3.87407232128847
432.161812154656,11.9962465263703,3.42035380232529
362.640289357474,293.970371741437,3.07133900445499
602.435014334239,107.077778010909,4.28841580043042
395.077834517803,227.283430222986,4.29306037149775
573.086822309242,404.693459606374,4.73789514867295
141.462103291644,282.775383424323,4.54296323261335
196.302176088049,361.877597456078,4.10040969148931
124.436669455752,409.360404169117,3.57343719084734
620.852621217243,316.174128684788,4.5504871850181
2.95970400711553,145.046247443408,4.20014562389709
539.613382197086,207.970977976773,4.07253433345957
33.5717537147275,492.634778424855,3.02885730931645
278.616662049611,17.06431660781,3.76856592370477
535.069747506295,393.490607856365,3.41291508079122
62.8687579952541,82.0470327173664,5.1838232800408
4.30061447675362,77.822513533643,3.57975085270626
589.109260040857,226.765293884809,4.06295513904682
446.525106299628,453.191801625673,4.77488841973388
661.075036719795,373.712538032776,3.20526062781516
107.053528637965,486.054652702166,4.328192507552
619.816992701049,89.3640860166294,4.06071889307054
421.785086640469,257.978463406009,3.59372401241873
14.0652300212832,180.768829595722,3.06373675613423
62.2228094686626,122.147434122619,4.51042700162459
615.924109826967,185.120218695717,4.48015113486557
259.672855158351,217.772835233713,3.78898400598363
579.501695411262,439.865805528779,3.884634581403
298.220072851826,131.207229101828,3.81239740500016
524.418502083658,458.744016651384,3.66854421787244
51.7612371970241,414.744047463972,3.9738986224324
187.865195941284,275.502079621739,3.97489309400195
560.035076697719,262.896854428147,3.77664513662621
181.1213742434,31.1756169742211,4.15594365900319
499.762995889755,340.855480879677,4.55768594324015
45.7435907764063,52.2853691073494,3.78210234625229
529.30211884187,154.459584967348,4.42015879580946
NA,NA,NA
663.583684288305,333.372766118714,3.40508516115677
452.703526290761,297.338927820347,3.64360025694193
10.4195612294433,491.389648817419,3.56859964926008
565.119433324025,50.1442416484359,4.18422023802454
66.1321460696512,376.395306953158,3.90287513153751
233.243573317715,415.17845972135,3.87407232128847
432.161812154656,11.9962465263703,3.42035380232529
362.640289357474,293.970371741437,3.07133900445499
602.435014334239,107.077778010909,4.28841580043042
395.077834517803,227.283430222986,4.29306037149775
573.086822309242,404.693459606374,4.73789514867295
141.462103291644,282.775383424323,4.54296323261335
196.302176088049,361.877597456078,4.10040969148931
124.436669455752,409.360404169117,3.57343719084734
620.852621217243,316.174128684788,4.5504871850181
2.95970400711553,145.046247443408,4.20014562389709
539.613382197086,207.970977976773,4.07253433345957
33.5717537147275,492.634778424855,3.02885730931645
278.616662049611,17.06431660781,3.76856592370477
535.069747506295,393.490607856365,3.41291508079122
62.8687579952541,82.0470327173664,5.1838232800408
4.30061447675362,77.822513533643,3.57975085270626
589.109260040857,226.765293884809,4.06295513904682
446.525106299628,453.191801625673,4.77488841973388
661.075036719795,373.712538032776,3.20526062781516
107.053528637965,486.054652702166,4.328192507552
619.816992701049,89.3640860166294,4.06071889307054
421.785086640469,257.978463406009,3.59372401241873
14.0652300212832,180.768829595722,3.06373675613423
62.2228094686626,122.147434122619,4.51042700162459
615.924109826967,185.120218695717,4.48015113486557
259.672855158351,217.772835233713,3.78898400598363
579.501695411262,439.865805528779,3.884634581403
298.220072851826,131.207229101828,3.81239740500016
524.418502083658,458.744016651384,3.66854421787244
51.7612371970241,414.744047463972,3.9738986224324
187.865195941284,275.502079621739,3.97489309400195
560.035076697719,262.896854428147,3.77664513662621
181.1213742434,31.1756169742211,4.15594365900319
499.762995889755,340.855480879677,4.55768594324015
45.7435907764063,52.2853691073494,3.78210234625229
529.30211884187,154.459584967348,4.42015879580946
NA,NA,NA
662.588411242287,336.693553151417,3.43240806000885
456.36505804698,299.690238246189,3.67613913710581
10.5769551384338,498.612272194265,3.60569029983752
560.612912004565,46.5537466193798,4.20093321555846
74.4687646485481,373.842915927182,3.97687287448746
227.98096123196,414.587071085259,3.8111832362324
425.915561253199,13.6050744891378,3.45967990195567
359.696333847108,292.273929432072,3.03269035974397
606.309129529143,103.507602160616,4.16083424794521
393.854958454887,229.395666578571,4.32754516961177
568.440961936539,401.369958640018,4.74908174823657
143.692248435007,286.815648729558,4.49534859815317
202.360834376671,366.402841705405,4.09974710367386
124.609180857499,414.313701926381,3.40244308906178
625.953873362899,316.14589951701,4.52641368599302
3.31633624266244,145.350843376573,4.36840418078845
545.87465840394,201.449252895109,4.10275432785612
35.1749158027332,491.539649962092,2.9835003345887
280.063519805807,23.5443103244517,3.8990021945634
537.477418236521,391.374778983055,3.40389306198861
83.2644582363807,76.0402227455561,5.24765038890426
10.2698615772675,79.1572878456595,3.51909924779885
588.86834539133,227.460219719522,4.1022522682413
433.560834490576,462.589219198962,4.85092120325254
660.782325090506,372.400364142494,3.11233669877065
104.518947600494,485.075541202986,4.26174847869556
622.250369054455,91.1747850406016,4.05313646930841
424.247746284488,258.500263003935,3.67658200626135
12.8673167784432,181.702497282813,3.21857036414319
78.7601330921636,117.960507768746,4.5680197907974
602.472497119821,208.384630903258,4.13971443596541
248.919367009084,222.505152309607,3.71170482484946
570.655757950377,432.007895718083,3.75387677623481
303.58198028025,135.076374367444,3.94282658407402
528.200352988729,467.890680871955,3.68733051338478
46.8744593773979,418.888459650124,3.69154641237436
195.942342752665,289.225772289834,3.81725809316294
541.980393642346,269.947022400471,4.00633193548285
179.421211082463,35.8839500243945,4.33064678592615
503.803546066122,347.450542313137,4.73657862863365
31.8235190232242,51.4610836667326,4.2838487605438
302.063544071907,142.107759985006,3.697334280627
523.102078299305,136.016064519554,4.72990243092781
NA,NA,NA
662.588411242287,336.693553151417,3.43240806000885
456.36505804698,299.690238246189,3.67613913710581
10.5769551384338,498.612272194265,3.60569029983752
560.612912004565,46.5537466193798,4.20093321555846
74.4687646485481,373.842915927182,3.97687287448746
227.98096123196,414.587071085259,3.8111832362324
425.915561253199,13.6050744891378,3.45967990195567
359.696333847108,292.273929432072,3.03269035974397
606.309129529143,103.507602160616,4.16083424794521
393.854958454887,229.395666578571,4.32754516961177
568.440961936539,401.369958640018,4.74908174823657
143.692248435007,286.815648729558,4.49534859815317
202.360834376671,366.402841705405,4.09974710367386
124.609180857499,414.313701926381,3.40244308906178
625.953873362899,316.14589951701,4.52641368599302
3.31633624266244,145.350843376573,4.36840418078845
545.87465840394,201.449252895109,4.10275432785612
35.1749158027332,491.539649962092,2.9835003345887
280.063519805807,23.5443103244517,3.8990021945634
537.477418236521,391.374778983055,3.40389306198861
83.2644582363807,76.0402227455561,5.24765038890426
10.2698615772675,79.1572878456595,3.51909924779885
588.86834539133,227.460219719522,4.1022522682413
433.560834490576,462.589219198962,4.85092120325254
660.782325090506,372.400364142494,3.11233669877065
104.518947600494,485.075541202986,4.26174847869556
622.250369054455,91.1747850406016,4.05313646930841
424.247746284488,258.500263003935,3.67658200626135
12.8673167784432,181.702497282813,3.21857036414319
78.7601330921636,117.960507768746,4.5680197907974
602.472497119821,208.384630903258,4.13971443596541
248.919367009084,222.505152309607,3.71170482484946
570.655757950377,432.007895718083,3.75387677623481
303.58198028025,135.076374367444,3.94282658407402
528.200352988729,467.890680871955,3.68733051338478
46.8744593773979,418.888459650124,3.69154641237436
195.942342752665,289.225772289834,3.81725809316294
541.980393642346,269.947022400471,4.00633193548285
179.421211082463,35.8839500243945,4.33064678592615
503.803546066122,347.450542313137,4.73657862863365
31.8235190232242,51.4610836667326,4.2838487605438
302.063544071907,142.107759985006,3.697334280627
523.102078299305,136.016064519554,4.72990243092781
NA,NA,NA
662.588411242287,336.693553151417,3.43240806000885
456.36505804698,299.690238246189,3.67613913710581
10.5769551384338,498.612272194265,3.60569029983752
560.612912004565,46.5537466193798,4.20093321555846
74.4687646485481,373.842915927182,3.97687287448746
227.98096123196,414.587071085259,3.8111832362324
425.915561253199,13.6050744891378,3.45967990195567
359.696333847108,292.273929432072,3.03269035974397
606.309129529143,103.507602160616,4.16083424794521
393.854958454887,229.395666578571,4.32754516961177
568.440961936539,401.369958640018,4.74908174823657
143.692248435007,286.815648729558,4.49534859815317
202.360834376671,366.402841705405,4.09974710367386
124.609180857499,414.313701926381,3.40244308906178
625.953873362899,316.14589951701,4.52641368599302
3.31633624266244,145.350843376573,4.36840418078845
545.87465840394,201.449252895109,4.10275432785612
35.1749158027332,491.539649962092,2.9835003345887
280.063519805807,23.5443103244517,3.8990021945634
537.477418236521,391.374778983055,3.40389306198861
83.2644582363807,76.0402227455561,5.24765038890426
10.2698615772675,79.1572878456595,3.51909924779885
588.86834539133,227.460219719522,4.1022522682413
433.560834490576,462.589219198962,4.85092120325254
660.782325090506,372.400364142494,3.11233669877065
104.518947600494,485.075541202986,4.26174847869556
622.250369054455,91.1747850406016,4.05313646930841
424.247746284488,258.500263003935,3.67658200626135
12.8673167784432,181.702497282813,3.21857036414319
78.7601330921636,117.960507768746,4.5680197907974
602.472497119821,208.384630903258,4.13971443596541
248.919367009084,222.505152309607,3.71170482484946
570.655757950377,432.007895718083,3.75387677623481
303.58198028025,135.076374367444,3.94282658407402
528.200352988729,467.890680871955,3.68733051338478
46.8744593773979,418.888459650124,3.69154641237436
195.942342752665,289.225772289834,3.81725809316294
541.980393642346,269.947022400471,4.00633193548285
179.421211082463,35.8839500243945,4.33064678592615
503.803546066122,347.450542313137,4.73657862863365
31.8235190232242,51.4610836667326,4.2838487605438
302.063544071907,142.107759985006,3.697334280627
523.102078299305,136.016064519554,4.72990243092781
NA,NA,NA
662.588411242287,336.693553151417,3.43240806000885
456.36505804698,299.690238246189,3.67613913710581
10.5769551384338,498.612272194265,3.60569029983752
560.612912004565,46.5537466193798,4.20093321555846
74.4687646485481,373.842915927182,3.97687287448746
227.98096123196,414.587071085259,3.8111832362324
425.915561253199,13.6050744891378,3.45967990195567
359.696333847108,292.273929432072,3.03269035974397
606.309129529143,103.507602160616,4.16083424794521
393.854958454887,229.395666578571,4.32754516961177
568.440961936539,401.369958640018,4.74908174823657
143.692248435007,286.815648729558,4.49534859815317
202.360834376671,366.402841705405,4.09974710367386
124.609180857499,414.313701926381,3.40244308906178
625.953873362899,316.14589951701,4.52641368599302
3.31633624266244,145.350843376573,4.36840418078845
545.87465840394,201.449252895109,4.10275432785612
35.1749158027332,491.539649962092,2.9835003345887
280.063519805807,23.5443103244517,3.8990021945634
537.477418236521,391.374778983055,3.40389306198861
83.2644582363807,76.0402227455561,5.24765038890426
10.2698615772675,79.1572878456595,3.51909924779885
588.86834539133,227.460219719522,4.1022522682413
433.560834490576,462.589219198962,4.85092120325254
660.782325090506,372.400364142494,3.11233669877065
104.518947600494,485.075541202986,4.26174847869556
622.250369054455,91.1747850406016,4.05313646930841
424.247746284488,258.500263003935,3.67658200626135
12.8673167784432,181.702497282813,3.21857036414319
78.7601330921636,117.960507768746,4.5680197907974
602.472497119821,208.384630903258,4.13971443596541
248.919367009084,222.505152309607,3.71170482484946
570.655757950377,432.007895718083,3.75387677623481
303.58198028025,135.076374367444,3.94282658407402
528.200352988729,467.890680871955,3.68733051338478
46.8744593773979,418.888459650124,3.69154641237436
195.942342752665,289.225772289834,3.81725809316294
541.980393642346,269.947022400471,4.00633193548285
179.421211082463,35.8839500243945,4.33064678592615
503.803546066122,347.450542313137,4.73657862863365
31.8235190232242,51.4610836667326,4.2838487605438
302.063544071907,142.107759985006,3.697334280627
523.102078299305,136.016064519554,4.72990243092781
NA,NA,NA
662.588411242287,336.693553151417,3.43240806000885
456.36505804698,299.690238246189,3.67613913710581
10.5769551384338,498.612272194265,3.60569029983752
560.612912004565,46.5537466193798,4.20093321555846
74.4687646485481,373.842915927182,3.97687287448746
227.98096123196,414.587071085259,3.8111832362324
425.915561253199,13.6050744891378,3.45967990195567
359.696333847108,292.273929432072,3.03269035974397
606.309129529143,103.507602160616,4.16083424794521
393.854958454887,229.395666578571,4.32754516961177
568.440961936539,401.369958640018,4.74908174823657
143.692248435007,286.815648729558,4.49534859815317
202.360834376671,366.402841705405,4.09974710367386
124.609180857499,414.313701926381,3.40244308906178
625.953873362899,316.14589951701,4.52641368599302
3.31633624266244,145.350843376573,4.36840418078845
545.87465840394,201.449252895109,4.10275432785612
35.1749158027332,491.539649962092,2.9835003345887
280.063519805807,23.5443103244517,3.8990021945634
537.477418236521,391.374778983055,3.40389306198861
83.2644582363807,76.0402227455561,5.24765038890426
10.2698615772675,79.1572878456595,3.51909924779885
588.86834539133,227.460219719522,4.1022522682413
433.560834490576,462.589219198962,4.85092120325254
660.782325090506,372.400364142494,3.11233669877065
104.518947600494,485.075541202986,4.26174847869556
622.250369054455,91.1747850406016,4.05313646930841
424.247746284488,258.500263003935,3.67658200626135
12.8673167784432,181.702497282813,3.21857036414319
78.7601330921636,117.960507768746,4.5680197907974
602.472497119821,208.384630903258,4.13971443596541
248.919367009084,222.505152309607,3.71170482484946
570.655757950377,432.007895718083,3.75387677623481
303.58198028025,135.076374367444,3.94282658407402
528.200352988729,467.890680871955,3.68733051338478
46.8744593773979,418.888459650124,3.69154641237436
195.942342752665,289.225772289834,3.81725809316294
541.980393642346,269.947022400471,4.00633193548285
179.421211082463,35.8839500243945,4.33064678592615
503.803546066122,347.450542313137,4.73657862863365
31.8235190232242,51.4610836667326,4.2838487605438
302.063544071907,142.107759985006,3.697334280627
523.102078299305,136.016064519554,4.72990243092781
NA,NA,NA
662.588411242287,336.693553151417,3.43240806000885
456.36505804698,299.690238246189,3.67613913710581
10.5769551384338,498.612272194265,3.60569029983752
560.612912004565,46.5537466193798,4.20093321555846
74.4687646485481,373.842915927182,3.97687287448746
227.98096123196,414.587071085259,3.8111832362324
425.915561253199,13.6050744891378,3.45967990195567
359.696333847108,292.273929432072,3.03269035974397
606.309129529143,103.507602160616,4.16083424794521
393.854958454887,229.395666578571,4.32754516961177
568.440961936539,401.369958640018,4.74908174823657
143.692248435007,286.815648729558,4.49534859815317
202.360834376671,366.402841705405,4.09974710367386
124.609180857499,414.313701926381,3.40244308906178
625.953873362899,316.14589951701,4.52641368599302
3.31633624266244,145.350843376573,4.36840418078845
545.87465840394,201.449252895109,4.10275432785612
35.1749158027332,491.539649962092,2.9835003345887
280.063519805807,23.5443103244517,3.8990021945634
537.477418236521,391.374778983055,3.40389306198861
83.2644582363807,76.0402227455561,5.24765038890426
10.2698615772675,79.1572878456595,3.51909924779885
588.86834539133,227.460219719522,4.1022522682413
433.560834490576,462.589219198962,4.85092120325254
660.782325090506,372.400364142494,3.11233669877065
104.518947600494,485.075541202986,4.26174847869556
622.250369054455,91.1747850406016,4.05313646930841
424.247746284488,258.500263003935,3.67658200626135
12.8673167784432,181.702497282813,3.21857036414319
78.7601330921636,117.960507768746,4.5680197907974
602.472497119821,208.384630903258,4.13971443596541
248.919367009084,222.505152309607,3.71170482484946
570.655757950377,432.007895718083,3.75387677623481
303.58198028025,135.076374367444,3.94282658407402
528.200352988729,467.890680871955,3.68733051338478
46.8744593773979,418.888459650124,3.69154641237436
195.942342752665,289.225772289834,3.81725809316294
541.980393642346,269.947022400471,4.00633193548285
179.421211082463,35.8839500243945,4.33064678592615
503.803546066122,347.450542313137,4.73657862863365
31.8235190232242,51.4610836667326,4.2838487605438
302.063544071907,142.107759985006,3.697334280627
523.102078299305,136.016064519554,4.72990243092781
NA,NA,NA
664.906382336469,332.18087650796,3.51210176114755
455.004402491597,300.304192092041,3.69094038075512
13.7532812319592,490.005650615892,3.55992193516396
562.316046240843,55.2308303298801,4.19458191703597
68.3770079073463,378.689373810788,3.92399318520283
228.024196596975,416.586757633621,3.90592314101974
427.439091470509,14.3744474167504,3.342905010277
359.85868283789,293.399783400499,3.09145777853229
606.438334051773,103.890229172204,4.19473860309611
396.312303091456,234.311599582319,4.14772047873181
566.922370214383,405.554150593252,4.77082737616922
140.662044435056,281.1500574454,4.40258345359955
201.669128112899,366.546216381104,3.96224855482538
125.557564159021,412.59897219004,3.39380204773524
631.966918606516,318.845878530056,4.57711596737238
-0.51774209245075,142.906207038856,4.33273167655859
542.180446014464,206.907428591773,4.149400779344
32.8302666568749,490.069045720692,3.02146399400441
277.522287562355,21.8099355742756,3.93239630576974
532.65638942562,393.295091916294,3.40042051824132
74.9937680268594,71.795488255529,5.24127130123435
2.84921407735461,73.9207743684348,3.71268447664323
585.152619216872,227.744819636771,3.99019241898437
436.777435080405,460.338883272082,4.77374007055306
660.679933905798,375.273989167581,3.20338998653609
104.922912034781,482.771925218676,4.28433314380953
622.497491133388,88.6948378633464,4.06503979865497
419.397594930885,259.550519476467,3.7030266483199
11.5990669747373,182.872273494472,3.08047552303707
56.8977961416394,129.074887314789,4.2860503236706
620.291537777556,216.95186536681,4.45389947378269
263.412080316697,217.966791345531,3.65543380201643
576.437071821621,439.978423570415,3.88969460769393
296.613809401117,132.789936633043,4.01913559894779
531.263308545178,456.598498871903,3.38242771309011
47.3681117022919,426.307257250326,3.82034723650271
202.711509334164,278.521596545104,4.21319994117684
557.470280372725,265.261064988974,3.78848139429308
175.709320334387,27.2420355001416,4.07232125264269
491.806835415405,347.045282460351,4.51392001309505
41.890788897441,48.3986374544486,4.1053323484455
292.301562691614,134.327660953734,3.72916656203596
522.103290399815,151.849855682246,4.76991307334369
NA,NA,NA
664.906382336469,332.18087650796,3.51210176114755
455.004402491597,300.304192092041,3.69094038075512
13.7532812319592,490.005650615892,3.55992193516396
562.316046240843,55.2308303298801,4.19458191703597
68.3770079073463,378.689373810788,3.92399318520283
228.024196596975,416.586757633621,3.90592314101974
427.439091470509,14.3744474167504,3.342905010277
359.85868283789,293.399783400499,3.09145777853229
606.438334051773,103.890229172204,4.19473860309611
396.312303091456,234.311599582319,4.14772047873181
566.922370214383,405.554150593252,4.77082737616922
140.662044435056,281.1500574454,4.40258345359955
201.669128112899,366.546216381104,3.96224855482538
125.557564159021,412.59897219004,3.39380204773524
631.966918606516,318.845878530056,4.57711596737238
-0.51774209245075,142.906207038856,4.33273167655859
542.180446014464,206.907428591773,4.149400779344
32.8302666568749,490.069045720692,3.02146399400441
277.522287562355,21.8099355742756,3.93239630576974
532.65638942562,393.295091916294,3.40042051824132
74.9937680268594,71.795488255529,5.24127130123435
2.84921407735461,73.9207743684348,3.71268447664323
585.152619216872,227.744819636771,3.99019241898437
436.777435080405,460.338883272082,4.77374007055306
660.679933905798,375.273989167581,3.20338998653609
104.922912034781,482.771925218676,4.28433314380953
622.497491133388,88.6948378633464,4.06503979865497
419.397594930885,259.550519476467,3.7030266483199
11.5990669747373,182.872273494472,3.08047552303707
56.8977961416394,129.074887314789,4.2860503236706
620.291537777556,216.95186536681,4.45389947378269
263.412080316697,217.966791345531,3.65543380201643
576.437071821621,439.978423570415,3.88969460769393
296.613809401117,132.789936633043,4.01913559894779
531.263308545178,456.598498871903,3.38242771309011
47.3681117022919,426.307257250326,3.82034723650271
202.711509334164,278.521596545104,4.21319994117684
557.470280372725,265.261064988974,3.78848139429308
175.709320334387,27.2420355001416,4.07232125264269
491.806835415405,347.045282460351,4.51392001309505
41.890788897441,48.3986374544486,4.1053323484455
292.301562691614,134.327660953734,3.72916656203596
522.103290399815,151.849855682246,4.76991307334369
NA,NA,NA
664.906382336469,332.18087650796,3.51210176114755
455.004402491597,300.304192092041,3.69094038075512
13.7532812319592,490.005650615892,3.55992193516396
562.316046240843,55.2308303298801,4.19458191703597
68.3770079073463,378.689373810788,3.92399318520283
228.024196596975,416.586757633621,3.90592314101974
427.439091470509,14.3744474167504,3.342905010277
359.85868283789,293.399783400499,3.09145777853229
606.438334051773,103.890229172204,4.19473860309611
396.312303091456,234.311599582319,4.14772047873181
566.922370214383,405.554150593252,4.77082737616922
140.662044435056,281.1500574454,4.40258345359955
201.669128112899,366.546216381104,3.96224855482538
125.557564159021,412.59897219004,3.39380204773524
631.966918606516,318.845878530056,4.57711596737238
-0.51774209245075,142.906207038856,4.33273167655859
542.180446014464,206.907428591773,4.149400779344
32.8302666568749,490.069045720692,3.02146399400441
277.522287562355,21.8099355742756,3.93239630576974
532.65638942562,393.295091916294,3.40042051824132
74.9937680268594,71.795488255529,5.24127130123435
2.84921407735461,73.9207743684348,3.71268447664323
585.152619216872,227.744819636771,3.99019241898437
436.777435080405,460.338883272082,4.77374007055306
660.679933905798,375.273989167581,3.20338998653609
104.922912034781,482.771925218676,4.28433314380953
622.497491133388,88.6948378633464,4.06503979865497
419.397594930885,259.550519476467,3.7030266483199
11.5990669747373,182.872273494472,3.08047552303707
56.8977961416394,129.074887314789,4.2860503236706
620.291537777556,216.95186536681,4.45389947378269
263.412080316697,217.966791345531,3.65543380201643
576.437071821621,439.978423570415,3.88969460769393
296.613809401117,132.789936633043,4.01913559894779
531.263308545178,456.598498871903,3.38242771309011
47.3681117022919,426.307257250326,3.82034723650271
202.711509334164,278.521596545104,4.21319994117684
557.470280372725,265.261064988974,3.78848139429308
175.709320334387,27.2420355001416,4.07232125264269
491.806835415405,347.045282460351,4.51392001309505
41.890788897441,48.3986374544486,4.1053323484455
292.301562691614,134.327660953734,3.72916656203596
522.103290399815,151.849855682246,4.76991307334369
NA,NA,NA
664.906382336469,332.18087650796,3.51210176114755
455.004402491597,300.304192092041,3.69094038075512
13.7532812319592,490.005650615892,3.55992193516396
562.316046240843,55.2308303298801,4.19458191703597
68.3770079073463,378.689373810788,3.92399318520283
228.024196596975,416.586757633621,3.90592314101974
427.439091470509,14.3744474167504,3.342905010277
359.85868283789,293.399783400499,3.09145777853229
606.438334051773,103.890229172204,4.19473860309611
396.312303091456,234.311599582319,4.14772047873181
566.922370214383,405.554150593252,4.77082737616922
140.662044435056,281.1500574454,4.40258345359955
201.669128112899,366.546216381104,3.96224855482538
125.557564159021,412.59897219004,3.39380204773524
631.966918606516,318.845878530056,4.57711596737238
-0.51774209245075,142.906207038856,4.33273167655859
542.180446014464,206.907428591773,4.149400779344
32.8302666568749,490.069045720692,3.02146399400441
277.522287562355,21.8099355742756,3.93239630576974
532.65638942562,393.295091916294,3.40042051824132
74.9937680268594,71.795488255529,5.24127130123435
2.84921407735461,73.9207743684348,3.71268447664323
585.152619216872,227.744819636771,3.99019241898437
436.777435080405,460.338883272082,4.77374007055306
660.679933905798,375.273989167581,3.20338998653609
104.922912034781,482.771925218676,4.28433314380953
622.497491133388,88.6948378633464,4.06503979865497
419.397594930885,259.550519476467,3.7030266483199
11.5990669747373,182.872273494472,3.08047552303707
56.8977961416394,129.074887314789,4.2860503236706
620.291537777556,216.95186536681,4.45389947378269
263.412080316697,217.966791345531,3.65543380201643
576.437071821621,439.978423570415,3.88969460769393
296.613809401117,132.789936633043,4.01913559894779
531.263308545178,456.598498871903,3.38242771309011
47.3681117022919,426.307257250326,3.82034723650271
202.711509334164,278.521596545104,4.21319994117684
557.470280372725,265.261064988974,3.78848139429308
175.709320334387,27.2420355001416,4.07232125264269
491.806835415405,347.045282460351,4.51392001309505
41.890788897441,48.3986374544486,4.1053323484455
292.301562691614,134.327660953734,3.72916656203596
522.103290399815,151.849855682246,4.76991307334369
NA,NA,NA
664.906382336469,332.18087650796,3.51210176114755
455.004402491597,300.304192092041,3.69094038075512
13.7532812319592,490.005650615892,3.55992193516396
562.316046240843,55.2308303298801,4.19458191703597
68.3770079073463,378.689373810788,3.92399318520283
228.024196596975,416.586757633621,3.90592314101974
427.439091470509,14.3744474167504,3.342905010277
359.85868283789,293.399783400499,3.09145777853229
606.438334051773,103.890229172204,4.19473860309611
396.312303091456,234.311599582319,4.14772047873181
566.922370214383,405.554150593252,4.77082737616922
140.662044435056,281.1500574454,4.40258345359955
201.669128112899,366.546216381104,3.96224855482538
125.557564159021,412.59897219004,3.39380204773524
631.966918606516,318.845878530056,4.57711596737238
-0.51774209245075,142.906207038856,4.33273167655859
542.180446014464,206.907428591773,4.149400779344
32.8302666568749,490.069045720692,3.02146399400441
277.522287562355,21.8099355742756,3.93239630576974
532.65638942562,393.295091916294,3.40042051824132
74.9937680268594,71.795488255529,5.24127130123435
2.84921407735461,73.9207743684348,3.71268447664323
585.152619216872,227.744819636771,3.99019241898437
436.777435080405,460.338883272082,4.77374007055306
660.679933905798,375.273989167581,3.20338998653609
104.922912034781,482.771925218676,4.28433314380953
622.497491133388,88.6948378633464,4.06503979865497
419.397594930885,259.550519476467,3.7030266483199
11.5990669747373,182.872273494472,3.08047552303707
56.8977961416394,129.074887314789,4.2860503236706
620.291537777556,216.95186536681,4.45389947378269
263.412080316697,217.966791345531,3.65543380201643
576.437071821621,439.978423570415,3.88969460769393
296.613809401117,132.789936633043,4.01913559894779
531.263308545178,456.598498871903,3.38242771309011
47.3681117022919,426.307257250326,3.82034723650271
202.711509334164,278.521596545104,4.21319994117684
557.470280372725,265.261064988974,3.78848139429308
175.709320334387,27.2420355001416,4.07232125264269
491.806835415405,347.045282460351,4.51392001309505
41.890788897441,48.3986374544486,4.1053323484455
292.301562691614,134.327660953734,3.72916656203596
522.103290399815,151.849855682246,4.76991307334369
NA,NA,NA
664.906382336469,332.18087650796,3.51210176114755
455.004402491597,300.304192092041,3.69094038075512
13.7532812319592,490.005650615892,3.55992193516396
562.316046240843,55.2308303298801,4.19458191703597
68.3770079073463,378.689373810788,3.92399318520283
228.024196596975,416.586757633621,3.90592314101974
427.439091470509,14.3744474167504,3.342905010277
359.85868283789,293.399783400499,3.09145777853229
606.438334051773,103.890229172204,4.19473860309611
396.312303091456,234.311599582319,4.14772047873181
566.922370214383,405.554150593252,4.77082737616922
140.662044435056,281.1500574454,4.40258345359955
201.669128112899,366.546216381104,3.96224855482538
125.557564159021,412.59897219004,3.39380204773524
631.966918606516,318.845878530056,4.57711596737238
-0.51774209245075,142.906207038856,4.33273167655859
542.180446014464,206.907428591773,4.149400779344
32.8302666568749,490.069045720692,3.02146399400441
277.522287562355,21.8099355742756,3.93239630576974
532.65638942562,393.295091916294,3.40042051824132
74.9937680268594,71.795488255529,5.24127130123435
2.84921407735461,73.9207743684348,3.71268447664323
585.152619216872,227.744819636771,3.99019241898437
436.777435080405,460.338883272082,4.77374007055306
660.679933905798,375.273989167581,3.20338998653609
104.922912034781,482.771925218676,4.28433314380953
622.497491133388,88.6948378633464,4.06503979865497
419.397594930885,259.550519476467,3.7030266483199
11.5990669747373,182.872273494472,3.08047552303707
56.8977961416394,129.074887314789,4.2860503236706
620.291537777556,216.95186536681,4.45389947378269
263.412080316697,217.966791345531,3.65543380201643
576.437071821621,439.978423570415,3.88969460769393
296.613809401117,132.789936633043,4.01913559894779
531.263308545178,456.598498871903,3.38242771309011
47.3681117022919,426.307257250326,3.82034723650271
202.711509334164,278.521596545104,4.21319994117684
557.470280372725,265.261064988974,3.78848139429308
175.709320334387,27.2420355001416,4.07232125264269
491.806835415405,347.045282460351,4.51392001309505
41.890788897441,48.3986374544486,4.1053323484455
292.301562691614,134.327660953734,3.72916656203596
522.103290399815,151.849855682246,4.76991307334369
NA,NA,NA
664.105545598832,336.128702870812,3.47938370743298
453.191554050067,302.519979014404,3.81202647635677
14.4425477622608,496.323537958962,3.62349713388204
559.822173245767,50.4092180205759,4.20234564384961
69.3006924432101,375.874957296134,4.03816413328763
228.20023508344,414.413297278662,3.7850129768377
427.317761874149,13.363921668416,3.37717942883399
359.773541820974,292.574203093853,3.08721096302902
601.464196286893,106.03707493311,4.22696444615574
395.938604836831,230.890672110017,4.1465690566279
564.743297425039,407.873136733547,4.72459014489141
137.946125080496,279.850980583112,4.62179494150476
204.624841255753,369.149943182505,4.07983919372797
126.601493764594,412.52014608641,3.55219013402501
627.232466548937,317.167392948508,4.5183933390563
2.68189120659558,145.109052266645,4.35170455617135
545.426291847453,203.202673058546,4.18404541675419
34.1113130487384,494.127357703619,3.1681815090266
281.500103071571,24.3867536280884,3.99379354595555
534.223444788575,389.781430472649,3.2532186302214
68.4820740131072,83.0340096719631,5.24231277239972
-1.67235673016209,78.2616503783696,3.45016903161978
587.455005855815,226.736061649903,4.04981622941788
435.820455978346,455.306849688795,4.77834836245657
657.384402676963,374.34406236079,3.11734007389195
103.716287200525,485.28870564058,4.40476674508143
625.876373063206,90.5363479640812,4.04458674712529
423.906978402852,260.910347150844,3.62800562254421
12.1168742737663,182.900594299522,3.15087064910139
77.6954035006163,112.452957694524,4.73486969564658
612.848114002907,205.893386007967,4.41142978551235
266.961291991354,233.530243537911,4.19871581275812
580.742421851838,433.563796308832,3.63693451788798
298.390076371445,139.053047720074,3.73950569655919
528.009482598372,459.723914782289,3.687530747625
45.1147168944686,424.55295332189,3.9781436945741
187.488885512907,287.158801106479,3.54623934242536
554.205263091567,255.53146926625,3.67719410155206
170.974714049356,39.983600230819,4.44795104595584
504.402937670711,342.475529253825,4.62158156706921
29.2893122125613,53.0375072525187,4.02410513836755
311.093040589066,134.896562278314,3.51450557177621
531.292319096223,131.24034009754,4.71387878680283
NA,NA,NA
664.105545598832,336.128702870812,3.47938370743298
453.191554050067,302.519979014404,3.81202647635677
14.4425477622608,496.323537958962,3.62349713388204
559.822173245767,50.4092180205759,4.20234564384961
69.3006924432101,375.874957296134,4.03816413328763
228.20023508344,414.413297278662,3.7850129768377
427.317761874149,13.363921668416,3.37717942883399
359.773541820974,292.574203093853,3.08721096302902
601.464196286893,106.03707493311,4.22696444615574
395.938604836831,230.890672110017,4.1465690566279
564.743297425039,407.873136733547,4.72459014489141
137.946125080496,279.850980583112,4.62179494150476
204.624841255753,369.149943182505,4.07983919372797
126.601493764594,412.52014608641,3.55219013402501
627.232466548937,317.167392948508,4.5183933390563
2.68189120659558,145.109052266645,4.35170455617135
545.426291847453,203.202673058546,4.18404541675419
34.1113130487384,494.127357703619,3.1681815090266
281.500103071571,24.3867536280884,3.99379354595555
534.223444788575,389.781430472649,3.2532186302214
68.4820740131072,83.0340096719631,5.24231277239972
-1.67235673016209,78.2616503783696,3.45016903161978
587.455005855815,226.736061649903,4.04981622941788
435.820455978346,455.306849688795,4.77834836245657
657.384402676963,374.34406236079,3.11734007389195
103.716287200525,485.28870564058,4.40476674508143
625.876373063206,90.5363479640812,4.04458674712529
423.906978402852,260.910347150844,3.62800562254421
12.1168742737663,182.900594299522,3.15087064910139
77.6954035006163,112.452957694524,4.73486969564658
612.848114002907,205.893386007967,4.41142978551235
266.961291991354,233.530243537911,4.19871581275812
580.742421851838,433.563796308832,3.63693451788798
298.390076371445,139.053047720074,3.73950569655919
528.009482598372,459.723914782289,3.687530747625
45.1147168944686,424.55295332189,3.9781436945741
187.488885512907,287.158801106479,3.54623934242536
554.205263091567,255.53146926625,3.67719410155206
170.974714049356,39.983600230819,4.44795104595584
504.402937670711,342.475529253825,4.62158156706921
29.2893122125613,53.0375072525187,4.02410513836755
311.093040589066,134.896562278314,3.51450557177621
531.292319096223,131.24034009754,4.71387878680283
NA,NA,NA
664.105545598832,336.128702870812,3.47938370743298
453.191554050067,302.519979014404,3.81202647635677
14.4425477622608,496.323537958962,3.62349713388204
559.822173245767,50.4092180205759,4.20234564384961
69.3006924432101,375.874957296134,4.03816413328763
228.20023508344,414.413297278662,3.7850129768377
427.317761874149,13.363921668416,3.37717942883399
359.773541820974,292.574203093853,3.08721096302902
601.464196286893,106.03707493311,4.22696444615574
395.938604836831,230.890672110017,4.1465690566279
564.743297425039,407.873136733547,4.72459014489141
137.946125080496,279.850980583112,4.62179494150476
204.624841255753,369.149943182505,4.07983919372797
126.601493764594,412.52014608641,3.55219013402501
627.232466548937,317.167392948508,4.5183933390563
2.68189120659558,145.109052266645,4.35170455617135
545.426291847453,203.202673058546,4.18404541675419
34.1113130487384,494.127357703619,3.1681815090266
281.500103071571,24.3867536280884,3.99379354595555
534.223444788575,389.781430472649,3.2532186302214
68.4820740131072,83.0340096719631,5.24231277239972
-1.67235673016209,78.2616503783696,3.45016903161978
587.455005855815,226.736061649903,4.04981622941788
435.820455978346,455.306849688795,4.77834836245657
657.384402676963,374.34406236079,3.11734007389195
103.716287200525,485.28870564058,4.40476674508143
625.876373063206,90.5363479640812,4.04458674712529
423.906978402852,260.910347150844,3.62800562254421
12.1168742737663,182.900594299522,3.15087064910139
77.6954035006163,112.452957694524,4.73486969564658
612.848114002907,205.893386007967,4.41142978551235
266.961291991354,233.530243537911,4.19871581275812
580.742421851838,433.563796308832,3.63693451788798
298.390076371445,139.053047720074,3.73950569655919
528.009482598372,459.723914782289,3.687530747625
45.1147168944686,424.55295332189,3.9781436945741
187.488885512907,287.158801106479,3.54623934242536
554.205263091567,255.53146926625,3.67719410155206
170.974714049356,39.983600230819,4.44795104595584
504.402937670711,342.475529253825,4.62158156706921
29.2893122125613,53.0375072525187,4.02410513836755
311.093040589066,134.896562278314,3.51450557177621
531.292319096223,131.24034009754,4.71387878680283
NA,NA,NA
664.105545598832,336.128702870812,3.47938370743298
453.191554050067,302.519979014404,3.81202647635677
14.4425477622608,496.323537958962,3.62349713388204
559.822173245767,50.4092180205759,4.20234564384961
69.3006924432101,375.874957296134,4.03816413328763
228.20023508344,414.413297278662,3.7850129768377
427.317761874149,13.363921668416,3.37717942883399
359.773541820974,292.574203093853,3.08721096302902
601.464196286893,106.03707493311,4.22696444615574
395.938604836831,230.890672110017,4.1465690566279
564.743297425039,407.873136733547,4.72459014489141
137.946125080496,279.850980583112,4.62179494150476
204.624841255753,369.149943182505,4.07983919372797
126.601493764594,412.52014608641,3.55219013402501
627.232466548937,317.167392948508,4.5183933390563
2.68189120659558,145.109052266645,4.35170455617135
545.426291847453,203.202673058546,4.18404541675419
34.1113130487384,494.127357703619,3.1681815090266
281.500103071571,24.3867536280884,3.99379354595555
534.223444788575,389.781430472649,3.2532186302214
68.4820740131072,83.0340096719631,5.24231277239972
-1.67235673016209,78.2616503783696,3.45016903161978
587.455005855815,226.736061649903,4.04981622941788
435.820455978346,455.306849688795,4.77834836245657
657.384402676963,374.34406236079,3.11734007389195
103.716287200525,485.28870564058,4.40476674508143
625.876373063206,90.5363479640812,4.04458674712529
423.906978402852,260.910347150844,3.62800562254421
12.1168742737663,182.900594299522,3.15087064910139
77.6954035006163,112.452957694524,4.73486969564658
612.848114002907,205.893386007967,4.41142978551235
266.961291991354,233.530243537911,4.19871581275812
580.742421851838,433.563796308832,3.63693451788798
298.390076371445,139.053047720074,3.73950569655919
528.009482598372,459.723914782289,3.687530747625
45.1147168944686,424.55295332189,3.9781436945741
187.488885512907,287.158801106479,3.54623934242536
554.205263091567,255.53146926625,3.67719410155206
170.974714049356,39.983600230819,4.44795104595584
504.402937670711,342.475529253825,4.62158156706921
29.2893122125613,53.0375072525187,4.02410513836755
311.093040589066,134.896562278314,3.51450557177621
531.292319096223,131.24034009754,4.71387878680283
NA,NA,NA
664.105545598832,336.128702870812,3.47938370743298
453.191554050067,302.519979014404,3.81202647635677
14.4425477622608,496.323537958962,3.62349713388204
559.822173245767,50.4092180205759,4.20234564384961
69.3006924432101,375.874957296134,4.03816413328763
228.20023508344,414.413297278662,3.7850129768377
427.317761874149,13.363921668416,3.37717942883399
359.773541820974,292.574203093853,3.08721096302902
601.464196286893,106.03707493311,4.22696444615574
395.938604836831,230.890672110017,4.1465690566279
564.743297425039,407.873136733547,4.72459014489141
137.946125080496,279.850980583112,4.62179494150476
204.624841255753,369.149943182505,4.07983919372797
126.601493764594,412.52014608641,3.55219013402501
627.232466548937,317.167392948508,4.5183933390563
2.68189120659558,145.109052266645,4.35170455617135
545.426291847453,203.202673058546,4.18404541675419
34.1113130487384,494.127357703619,3.1681815090266
281.500103071571,24.3867536280884,3.99379354595555
534.223444788575,389.781430472649,3.2532186302214
68.4820740131072,83.0340096719631,5.24231277239972
-1.67235673016209,78.2616503783696,3.45016903161978
587.455005855815,226.736061649903,4.04981622941788
435.820455978346,455.306849688795,4.77834836245657
657.384402676963,374.34406236079,3.11734007389195
103.716287200525,485.28870564058,4.40476674508143
625.876373063206,90.5363479640812,4.04458674712529
423.906978402852,260.910347150844,3.62800562254421
12.1168742737663,182.900594299522,3.15087064910139
77.6954035006163,112.452957694524,4.73486969564658
612.848114002907,205.893386007967,4.41142978551235
266.961291991354,233.530243537911,4.19871581275812
580.742421851838,433.563796308832,3.63693451788798
298.390076371445,139.053047720074,3.73950569655919
528.009482598372,459.723914782289,3.687530747625
45.1147168944686,424.55295332189,3.9781436945741
187.488885512907,287.158801106479,3.54623934242536
554.205263091567,255.53146926625,3.67719410155206
170.974714049356,39.983600230819,4.44795104595584
504.402937670711,342.475529253825,4.62158156706921
29.2893122125613,53.0375072525187,4.02410513836755
311.093040589066,134.896562278314,3.51450557177621
531.292319096223,131.24034009754,4.71387878680283
NA,NA,NA
664.105545598832,336.128702870812,3.47938370743298
453.191554050067,302.519979014404,3.81202647635677
14.4425477622608,496.323537958962,3.62349713388204
559.822173245767,50.4092180205759,4.20234564384961
69.3006924432101,375.874957296134,4.03816413328763
228.20023508344,414.413297278662,3.7850129768377
427.317761874149,13.363921668416,3.37717942883399
359.773541820974,292.574203093853,3.08721096302902
601.464196286893,106.03707493311,4.22696444615574
395.938604836831,230.890672110017,4.1465690566279
564.743297425039,407.873136733547,4.72459014489141
137.946125080496,279.850980583112,4.62179494150476
204.624841255753,369.149943182505,4.07983919372797
126.601493764594,412.52014608641,3.55219013402501
627.232466548937,317.167392948508,4.5183933390563
2.68189120659558,145.109052266645,4.35170455617135
545.426291847453,203.202673058546,4.18404541675419
34.1113130487384,494.127357703619,3.1681815090266
281.500103071571,24.3867536280884,3.99379354595555
534.223444788575,389.781430472649,3.2532186302214
68.4820740131072,83.0340096719631,5.24231277239972
-1.67235673016209,78.2616503783696,3.45016903161978
587.455005855815,226.736061649903,4.04981622941788
435.820455978346,455.306849688795,4.77834836245657
657.384402676963,374.34406236079,3.11734007389195
103.716287200525,485.28870564058,4.40476674508143
625.876373063206,90.5363479640812,4.04458674712529
423.906978402852,260.910347150844,3.62800562254421
12.1168742737663,182.900594299522,3.15087064910139
77.6954035006163,112.452957694524,4.73486969564658
612.848114002907,205.893386007967,4.41142978551235
266.961291991354,233.530243537911,4.19871581275812
580.742421851838,433.563796308832,3.63693451788798
298.390076371445,139.053047720074,3.73950569655919
528.009482598372,459.723914782289,3.687530747625
45.1147168944686,424.55295332189,3.9781436945741
187.488885512907,287.158801106479,3.54623934242536
554.205263091567,255.53146926625,3.67719410155206
170.974714049356,39.983600230819,4.44795104595584
504.402937670711,342.475529253825,4.62158156706921
29.2893122125613,53.0375072525187,4.02410513836755
311.093040589066,134.896562278314,3.51450557177621
531.292319096223,131.24034009754,4.71387878680283
NA,NA,NA
663.65347158307,332.92911198024,3.58511366234103
459.600550687388,300.542895974063,3.72667554589004
9.12382407949679,495.350107322677,3.63477257498036
564.666086092342,55.0863020023012,4.22039561977619
72.225772512932,378.340752899164,3.84148759479704
228.266531546778,415.337118493901,3.82834024861189
429.020277704709,11.6320082995263,3.29161786118404
361.519744592895,292.836784944618,3.01061647521254
604.37346085174,102.340078577403,4.21618162007906
389.660934022903,225.541429680923,4.10010326005504
562.486493208914,413.253929461665,4.7571241592746
143.263854198224,278.293377084876,4.54978748388696
201.794723165826,371.063278799525,4.00968334251007
125.338877757861,411.88244971168,3.4682927369508
624.805224524168,320.78616341763,4.59459281139005
1.38248128737429,146.341450281019,4.26721202476717
539.270595933093,205.190032361563,4.11913659129193
34.0919857409875,492.207644146969,3.11780797356829
278.018769136872,23.9157431451512,3.93453658507735
535.850242793124,392.915630948339,3.39413182418326
68.2266989734059,76.2104350720546,5.20466573430056
3.49157745496802,75.6558570399572,3.33237313417134
586.050153836058,229.404750467597,3.98542767643485
439.242541187375,459.390768473553,4.73928703353068
656.338249953616,373.254230972924,3.20901317929151
103.540081024077,485.861842011781,4.4286745987664
621.877725257873,94.844193735108,4.04172207571113
421.651236675723,260.672833504929,3.67208192205438
11.9532257089225,181.614410155695,3.08977169001747
78.0176521242126,108.7469824687,4.40614916309529
613.323005346147,192.604773067726,4.34306237714248
250.446461913821,219.630290151393,3.61508473279922
577.011109859584,431.252474661442,3.57258916801549
304.436420424012,134.774581842237,3.79117775311758
526.343913390664,453.429055389907,3.55183076841457
50.1363735852298,414.069548482046,3.97040398160931
199.370414058488,293.919680918416,4.18597813110715
543.34983960069,265.204895736376,3.79381934170614
171.245423418131,49.7722601313194,4.08637713740759
491.340574078573,340.476153696498,4.4872673676557
44.0577091250813,52.2276199845032,3.72390601046363
297.503252021383,130.336200708675,3.93006517809634
530.035714707908,151.534462904621,4.96413505077119
NA,NA,NA
663.65347158307,332.92911198024,3.58511366234103
459.600550687388,300.542895974063,3.72667554589004
9.12382407949679,495.350107322677,3.63477257498036
564.666086092342,55.0863020023012,4.22039561977619
72.225772512932,378.340752899164,3.84148759479704
228.266531546778,415.337118493901,3.82834024861189
429.020277704709,11.6320082995263,3.29161786118404
361.519744592895,292.836784944618,3.01061647521254
604.37346085174,102.340078577403,4.21618162007906
389.660934022903,225.541429680923,4.10010326005504
562.486493208914,413.253929461665,4.7571241592746
143.263854198224,278.293377084876,4.54978748388696
201.794723165826,371.063278799525,4.00968334251007
125.338877757861,411.88244971168,3.4682927369508
624.805224524168,320.78616341763,4.59459281139005
1.38248128737429,146.341450281019,4.26721202476717
539.270595933093,205.190032361563,4.11913659129193
34.0919857409875,492.207644146969,3.11780797356829
278.018769136872,23.9157431451512,3.93453658507735
535.850242793124,392.915630948339,3.39413182418326
68.2266989734059,76.2104350720546,5.20466573430056
3.49157745496802,75.6558570399572,3.33237313417134
586.050153836058,229.404750467597,3.98542767643485
439.242541187375,459.390768473553,4.73928703353068
656.338249953616,373.254230972924,3.20901317929151
103.540081024077,485.861842011781,4.4286745987664
621.877725257873,94.844193735108,4.04172207571113
421.651236675723,260.672833504929,3.67208192205438
11.9532257089225,181.614410155695,3.08977169001747
78.0176521242126,108.7469824687,4.40614916309529
613.323005346147,192.604773067726,4.34306237714248
250.446461913821,219.630290151393,3.61508473279922
577.011109859584,431.252474661442,3.57258916801549
304.436420424012,134.774581842237,3.79117775311758
526.343913390664,453.429055389907,3.55183076841457
50.1363735852298,414.069548482046,3.97040398160931
199.370414058488,293.919680918416,4.18597813110715
543.34983960069,265.204895736376,3.79381934170614
171.245423418131,49.7722601313194,4.08637713740759
491.340574078573,340.476153696498,4.4872673676557
44.0577091250813,52.2276199845032,3.72390601046363
530.035714707908,151.534462904621,4.96413505077119
NA,NA,NA
663.65347158307,332.92911198024,3.58511366234103
459.600550687388,300.542895974063,3.72667554589004
9.12382407949679,495.350107322677,3.63477257498036
564.666086092342,55.0863020023012,4.22039561977619
72.225772512932,378.340752899164,3.84148759479704
228.266531546778,415.337118493901,3.82834024861189
429.020277704709,11.6320082995263,3.29161786118404
361.519744592895,292.836784944618,3.01061647521254
604.37346085174,102.340078577403,4.21618162007906
389.660934022903,225.541429680923,4.10010326005504
562.486493208914,413.253929461665,4.7571241592746
143.263854198224,278.293377084876,4.54978748388696
201.794723165826,371.063278799525,4.00968334251007
125.338877757861,411.88244971168,3.4682927369508
624.805224524168,320.78616341763,4.59459281139005
1.38248128737429,146.341450281019,4.26721202476717
539.270595933093,205.190032361563,4.11913659129193
34.0919857409875,492.207644146969,3.11780797356829
278.018769136872,23.9157431451512,3.93453658507735
535.850242793124,392.915630948339,3.39413182418326
68.2266989734059,76.2104350720546,5.20466573430056
3.49157745496802,75.6558570399572,3.33237313417134
586.050153836058,229.404750467597,3.98542767643485
439.242541187375,459.390768473553,4.73928703353068
656.338249953616,373.254230972924,3.20901317929151
103.540081024077,485.861842011781,4.4286745987664
621.877725257873,94.844193735108,4.04172207571113
421.651236675723,260.672833504929,3.67208192205438
11.9532257089225,181.614410155695,3.08977169001747
78.0176521242126,108.7469824687,4.40614916309529
613.323005346147,192.604773067726,4.34306237714248
250.446461913821,219.630290151393,3.61508473279922
577.011109859584,431.252474661442,3.57258916801549
304.436420424012,134.774581842237,3.79117775311758
526.343913390664,453.429055389907,3.55183076841457
50.1363735852298,414.069548482046,3.97040398160931
199.370414058488,293.919680918416,4.18597813110715
543.34983960069,265.204895736376,3.79381934170614
171.245423418131,49.7722601313194,4.08637713740759
491.340574078573,340.476153696498,4.4872673676557
44.0577091250813,52.2276199845032,3.72390601046363
530.035714707908,151.534462904621,4.96413505077119
NA,NA,NA
663.65347158307,332.92911198024,3.58511366234103
459.600550687388,300.542895974063,3.72667554589004
9.12382407949679,495.350107322677,3.63477257498036
564.666086092342,55.0863020023012,4.22039561977619
72.225772512932,378.340752899164,3.84148759479704
228.266531546778,415.337118493901,3.82834024861189
429.020277704709,11.6320082995263,3.29161786118404
361.519744592895,292.836784944618,3.01061647521254
604.37346085174,102.340078577403,4.21618162007906
389.660934022903,225.541429680923,4.10010326005504
562.486493208914,413.253929461665,4.7571241592746
143.263854198224,278.293377084876,4.54978748388696
201.794723165826,371.063278799525,4.00968334251007
125.338877757861,411.88244971168,3.4682927369508
624.805224524168,320.78616341763,4.59459281139005
1.38248128737429,146.341450281019,4.26721202476717
539.270595933093,205.190032361563,4.11913659129193
34.0919857409875,492.207644146969,3.11780797356829
278.018769136872,23.9157431451512,3.93453658507735
535.850242793124,392.915630948339,3.39413182418326
68.2266989734059,76.2104350720546,5.20466573430056
3.49157745496802,75.6558570399572,3.33237313417134
586.050153836058,229.404750467597,3.98542767643485
439.242541187375,459.390768473553,4.73928703353068
656.338249953616,373.254230972924,3.20901317929151
103.540081024077,485.861842011781,4.4286745987664
621.877725257873,94.844193735108,4.04172207571113
421.651236675723,260.672833504929,3.67208192205438
11.9532257089225,181.614410155695,3.08977169001747
78.0176521242126,108.7469824687,4.40614916309529
613.323005346147,192.604773067726,4.34306237714248
250.446461913821,219.630290151393,3.61508473279922
577.011109859584,431.252474661442,3.57258916801549
304.436420424012,134.774581842237,3.79117775311758
526.343913390664,453.429055389907,3.55183076841457
50.1363735852298,414.069548482046,3.97040398160931
199.370414058488,293.919680918416,4.18597813110715
543.34983960069,265.204895736376,3.79381934170614
171.245423418131,49.7722601313194,4.08637713740759
491.340574078573,340.476153696498,4.4872673676557
44.0577091250813,52.2276199845032,3.72390601046363
530.035714707908,151.534462904621,4.96413505077119
NA,NA,NA
663.65347158307,332.92911198024,3.58511366234103
459.600550687388,300.542895974063,3.72667554589004
9.12382407949679,495.350107322677,3.63477257498036
564.666086092342,55.0863020023012,4.22039561977619
72.225772512932,378.340752899164,3.84148759479704
228.266531546778,415.337118493901,3.82834024861189
429.020277704709,11.6320082995263,3.29161786118404
361.519744592895,292.836784944618,3.01061647521254
604.37346085174,102.340078577403,4.21618162007906
389.660934022903,225.541429680923,4.10010326005504
562.486493208914,413.253929461665,4.7571241592746
143.263854198224,278.293377084876,4.54978748388696
201.794723165826,371.063278799525,4.00968334251007
125.338877757861,411.88244971168,3.4682927369508
624.805224524168,320.78616341763,4.59459281139005
1.38248128737429,146.341450281019,4.26721202476717
539.270595933093,205.190032361563,4.11913659129193
34.0919857409875,492.207644146969,3.11780797356829
278.018769136872,23.9157431451512,3.93453658507735
535.850242793124,392.915630948339,3.39413182418326
68.2266989734059,76.2104350720546,5.20466573430056
3.49157745496802,75.6558570399572,3.33237313417134
586.050153836058,229.404750467597,3.98542767643485
439.242541187375,459.390768473553,4.73928703353068
656.338249953616,373.254230972924,3.20901317929151
103.540081024077,485.861842011781,4.4286745987664
621.877725257873,94.844193735108,4.04172207571113
421.651236675723,260.672833504929,3.67208192205438
11.9532257089225,181.614410155695,3.08977169001747
78.0176521242126,108.7469824687,4.40614916309529
613.323005346147,192.604773067726,4.34306237714248
250.446461913821,219.630290151393,3.61508473279922
577.011109859584,431.252474661442,3.57258916801549
304.436420424012,134.774581842237,3.79117775311758
526.343913390664,453.429055389907,3.55183076841457
50.1363735852298,414.069548482046,3.97040398160931
199.370414058488,293.919680918416,4.18597813110715
543.34983960069,265.204895736376,3.79381934170614
171.245423418131,49.7722601313194,4.08637713740759
491.340574078573,340.476153696498,4.4872673676557
44.0577091250813,52.2276199845032,3.72390601046363
530.035714707908,151.534462904621,4.96413505077119
NA,NA,NA
663.65347158307,332.92911198024,3.58511366234103
459.600550687388,300.542895974063,3.72667554589004
9.12382407949679,495.350107322677,3.63477257498036
564.666086092342,55.0863020023012,4.22039561977619
72.225772512932,378.340752899164,3.84148759479704
228.266531546778,415.337118493901,3.82834024861189
429.020277704709,11.6320082995263,3.29161786118404
361.519744592895,292.836784944618,3.01061647521254
604.37346085174,102.340078577403,4.21618162007906
389.660934022903,225.541429680923,4.10010326005504
562.486493208914,413.253929461665,4.7571241592746
143.263854198224,278.293377084876,4.54978748388696
201.794723165826,371.063278799525,4.00968334251007
125.338877757861,411.88244971168,3.4682927369508
624.805224524168,320.78616341763,4.59459281139005
1.38248128737429,146.341450281019,4.26721202476717
539.270595933093,205.190032361563,4.11913659129193
34.0919857409875,492.207644146969,3.11780797356829
278.018769136872,23.9157431451512,3.93453658507735
535.850242793124,392.915630948339,3.39413182418326
68.2266989734059,76.2104350720546,5.20466573430056
3.49157745496802,75.6558570399572,3.33237313417134
586.050153836058,229.404750467597,3.98542767643485
439.242541187375,459.390768473553,4.73928703353068
656.338249953616,373.254230972924,3.20901317929151
103.540081024077,485.861842011781,4.4286745987664
621.877725257873,94.844193735108,4.04172207571113
421.651236675723,260.672833504929,3.67208192205438
11.9532257089225,181.614410155695,3.08977169001747
78.0176521242126,108.7469824687,4.40614916309529
613.323005346147,192.604773067726,4.34306237714248
250.446461913821,219.630290151393,3.61508473279922
577.011109859584,431.252474661442,3.57258916801549
304.436420424012,134.774581842237,3.79117775311758
526.343913390664,453.429055389907,3.55183076841457
50.1363735852298,414.069548482046,3.97040398160931
199.370414058488,293.919680918416,4.18597813110715
543.34983960069,265.204895736376,3.79381934170614
171.245423418131,49.7722601313194,4.08637713740759
491.340574078573,340.476153696498,4.4872673676557
44.0577091250813,52.2276199845032,3.72390601046363
530.035714707908,151.534462904621,4.96413505077119
NA,NA,NA
662.655621035672,332.939506169806,3.38700053433363
455.605187000982,296.107107929189,3.6270620360788
11.6670848308869,498.033907326739,3.57930810781778
566.312233778492,52.0971179307532,4.13528108660467
77.5497767341155,373.607069480513,4.00464020750373
230.224047926023,414.571070832699,3.82798191542487
427.50470748128,15.5612812356678,3.17418436554534
362.438369459974,292.878330223509,2.92215372866119
603.950998369161,102.151405520454,4.30135024272685
393.357233125152,229.746172815073,4.22983579708758
571.502053556354,412.809381592908,4.70336954507111
142.948266209445,280.502208729702,4.48400244747311
200.031290362841,367.166570291657,4.06869703815928
127.085859863266,408.622276913157,3.38788113582171
631.108748178382,310.089878067298,4.54252373932276
2.5558346471128,148.708561214958,4.25109869584771
545.611925595477,204.315512993755,4.20188872382835
33.7987300892223,490.907514843358,3.0570916551367
276.805320088053,21.1333382381012,3.90690429418119
532.541706032519,393.844563790221,3.30624462102329
69.2218354615744,84.6655716502699,5.32186631690705
4.31002962978652,78.2922916607164,3.4397561017091
587.901509647391,229.892327077743,4.15598492514455
442.234635600004,452.50504209964,4.74476466238966
657.225052505423,372.250227898043,3.1342625401163
107.032379133642,487.263269365202,4.3270901273843
623.77106968778,89.189350518085,4.0367113922094
421.698132643529,259.115384327224,3.70296812442139
12.8024940816588,183.079671078783,3.10751206252232
62.4350031080749,119.539974151674,4.52580651110983
602.196472680544,203.029949764445,4.42595686015038
256.911531358658,213.811323596232,3.40151364363725
585.267624329221,433.530441416443,3.86823697947534
300.200000400443,141.72597979773,3.91380976780443
523.928531878557,465.097812581952,3.60110348895555
45.6899781786277,422.217675585311,3.85560582825968
200.461231637934,291.410000100843,4.25144086544328
546.833864329495,267.981437271649,4.0635307069168
178.500484105465,33.1304407006002,4.23444728309602
501.180659827045,346.493190437912,4.48251856545135
28.9428884481084,61.5094028479434,4.1384951716401
545.469439685705,168.952852811448,4.63513512383928
NA,NA,NA
662.655621035672,332.939506169806,3.38700053433363
455.605187000982,296.107107929189,3.6270620360788
11.6670848308869,498.033907326739,3.57930810781778
566.312233778492,52.0971179307532,4.13528108660467
77.5497767341155,373.607069480513,4.00464020750373
230.224047926023,414.571070832699,3.82798191542487
427.50470748128,15.5612812356678,3.17418436554534
362.438369459974,292.878330223509,2.92215372866119
603.950998369161,102.151405520454,4.30135024272685
393.357233125152,229.746172815073,4.22983579708758
571.502053556354,412.809381592908,4.70336954507111
142.948266209445,280.502208729702,4.48400244747311
200.031290362841,367.166570291657,4.06869703815928
127.085859863266,408.622276913157,3.38788113582171
631.108748178382,310.089878067298,4.54252373932276
2.5558346471128,148.708561214958,4.25109869584771
545.611925595477,204.315512993755,4.20188872382835
33.7987300892223,490.907514843358,3.0570916551367
276.805320088053,21.1333382381012,3.90690429418119
532.541706032519,393.844563790221,3.30624462102329
69.2218354615744,84.6655716502699,5.32186631690705
4.31002962978652,78.2922916607164,3.4397561017091
587.901509647391,229.892327077743,4.15598492514455
442.234635600004,452.50504209964,4.74476466238966
657.225052505423,372.250227898043,3.1342625401163
107.032379133642,487.263269365202,4.3270901273843
623.77106968778,89.189350518085,4.0367113922094
421.698132643529,259.115384327224,3.70296812442139
12.8024940816588,183.079671078783,3.10751206252232
62.4350031080749,119.539974151674,4.52580651110983
602.196472680544,203.029949764445,4.42595686015038
256.911531358658,213.811323596232,3.40151364363725
585.267624329221,433.530441416443,3.86823697947534
300.200000400443,141.72597979773,3.91380976780443
523.928531878557,465.097812581952,3.60110348895555
45.6899781786277,422.217675585311,3.85560582825968
200.461231637934,291.410000100843,4.25144086544328
546.833864329495,267.981437271649,4.0635307069168
178.500484105465,33.1304407006002,4.23444728309602
501.180659827045,346.493190437912,4.48251856545135
28.9428884481084,61.5094028479434,4.1384951716401
545.469439685705,168.952852811448,4.63513512383928
NA,NA,NA
662.655621035672,332.939506169806,3.38700053433363
455.605187000982,296.107107929189,3.6270620360788
11.6670848308869,498.033907326739,3.57930810781778
566.312233778492,52.0971179307532,4.13528108660467
77.5497767341155,373.607069480513,4.00464020750373
230.224047926023,414.571070832699,3.82798191542487
427.50470748128,15.5612812356678,3.17418436554534
362.438369459974,292.878330223509,2.92215372866119
603.950998369161,102.151405520454,4.30135024272685
393.357233125152,229.746172815073,4.22983579708758
571.502053556354,412.809381592908,4.70336954507111
142.948266209445,280.502208729702,4.48400244747311
200.031290362841,367.166570291657,4.06869703815928
127.085859863266,408.622276913157,3.38788113582171
631.108748178382,310.089878067298,4.54252373932276
2.5558346471128,148.708561214958,4.25109869584771
545.611925595477,204.315512993755,4.20188872382835
33.7987300892223,490.907514843358,3.0570916551367
276.805320088053,21.1333382381012,3.90690429418119
532.541706032519,393.844563790221,3.30624462102329
69.2218354615744,84.6655716502699,5.32186631690705
4.31002962978652,78.2922916607164,3.4397561017091
587.901509647391,229.892327077743,4.15598492514455
442.234635600004,452.50504209964,4.74476466238966
657.225052505423,372.250227898043,3.1342625401163
107.032379133642,487.263269365202,4.3270901273843
623.77106968778,89.189350518085,4.0367113922094
421.698132643529,259.115384327224,3.70296812442139
12.8024940816588,183.079671078783,3.10751206252232
62.4350031080749,119.539974151674,4.52580651110983
602.196472680544,203.029949764445,4.42595686015038
256.911531358658,213.811323596232,3.40151364363725
585.267624329221,433.530441416443,3.86823697947534
300.200000400443,141.72597979773,3.91380976780443
523.928531878557,465.097812581952,3.60110348895555
45.6899781786277,422.217675585311,3.85560582825968
200.461231637934,291.410000100843,4.25144086544328
546.833864329495,267.981437271649,4.0635307069168
178.500484105465,33.1304407006002,4.23444728309602
501.180659827045,346.493190437912,4.48251856545135
28.9428884481084,61.5094028479434,4.1384951716401
545.469439685705,168.952852811448,4.63513512383928
NA,NA,NA
662.655621035672,332.939506169806,3.38700053433363
455.605187000982,296.107107929189,3.6270620360788
11.6670848308869,498.033907326739,3.57930810781778
566.312233778492,52.0971179307532,4.13528108660467
77.5497767341155,373.607069480513,4.00464020750373
230.224047926023,414.571070832699,3.82798191542487
427.50470748128,15.5612812356678,3.17418436554534
362.438369459974,292.878330223509,2.92215372866119
603.950998369161,102.151405520454,4.30135024272685
393.357233125152,229.746172815073,4.22983579708758
571.502053556354,412.809381592908,4.70336954507111
142.948266209445,280.502208729702,4.48400244747311
200.031290362841,367.166570291657,4.06869703815928
127.085859863266,408.622276913157,3.38788113582171
631.108748178382,310.089878067298,4.54252373932276
2.5558346471128,148.708561214958,4.25109869584771
545.611925595477,204.315512993755,4.20188872382835
33.7987300892223,490.907514843358,3.0570916551367
276.805320088053,21.1333382381012,3.90690429418119
532.541706032519,393.844563790221,3.30624462102329
69.2218354615744,84.6655716502699,5.32186631690705
4.31002962978652,78.2922916607164,3.4397561017091
587.901509647391,229.892327077743,4.15598492514455
442.234635600004,452.50504209964,4.74476466238966
657.225052505423,372.250227898043,3.1342625401163
107.032379133642,487.263269365202,4.3270901273843
623.77106968778,89.189350518085,4.0367113922094
421.698132643529,259.115384327224,3.70296812442139
12.8024940816588,183.079671078783,3.10751206252232
62.4350031080749,119.539974151674,4.52580651110983
602.196472680544,203.029949764445,4.42595686015038
256.911531358658,213.811323596232,3.40151364363725
585.267624329221,433.530441416443,3.86823697947534
300.200000400443,141.72597979773,3.91380976780443
523.928531878557,465.097812581952,3.60110348895555
45.6899781786277,422.217675585311,3.85560582825968
200.461231637934,291.410000100843,4.25144086544328
546.833864329495,267.981437271649,4.0635307069168
178.500484105465,33.1304407006002,4.23444728309602
501.180659827045,346.493190437912,4.48251856545135
28.9428884481084,61.5094028479434,4.1384951716401
545.469439685705,168.952852811448,4.63513512383928
NA,NA,NA
662.655621035672,332.939506169806,3.38700053433363
455.605187000982,296.107107929189,3.6270620360788
11.6670848308869,498.033907326739,3.57930810781778
566.312233778492,52.0971179307532,4.13528108660467
77.5497767341155,373.607069480513,4.00464020750373
230.224047926023,414.571070832699,3.82798191542487
427.50470748128,15.5612812356678,3.17418436554534
362.438369459974,292.878330223509,2.92215372866119
603.950998369161,102.151405520454,4.30135024272685
393.357233125152,229.746172815073,4.22983579708758
571.502053556354,412.809381592908,4.70336954507111
142.948266209445,280.502208729702,4.48400244747311
200.031290362841,367.166570291657,4.06869703815928
127.085859863266,408.622276913157,3.38788113582171
631.108748178382,310.089878067298,4.54252373932276
2.5558346471128,148.708561214958,4.25109869584771
545.611925595477,204.315512993755,4.20188872382835
33.7987300892223,490.907514843358,3.0570916551367
276.805320088053,21.1333382381012,3.90690429418119
532.541706032519,393.844563790221,3.30624462102329
69.2218354615744,84.6655716502699,5.32186631690705
4.31002962978652,78.2922916607164,3.4397561017091
587.901509647391,229.892327077743,4.15598492514455
442.234635600004,452.50504209964,4.74476466238966
657.225052505423,372.250227898043,3.1342625401163
107.032379133642,487.263269365202,4.3270901273843
623.77106968778,89.189350518085,4.0367113922094
421.698132643529,259.115384327224,3.70296812442139
12.8024940816588,183.079671078783,3.10751206252232
62.4350031080749,119.539974151674,4.52580651110983
602.196472680544,203.029949764445,4.42595686015038
256.911531358658,213.811323596232,3.40151364363725
585.267624329221,433.530441416443,3.86823697947534
300.200000400443,141.72597979773,3.91380976780443
523.928531878557,465.097812581952,3.60110348895555
45.6899781786277,422.217675585311,3.85560582825968
200.461231637934,291.410000100843,4.25144086544328
546.833864329495,267.981437271649,4.0635307069168
178.500484105465,33.1304407006002,4.23444728309602
501.180659827045,346.493190437912,4.48251856545135
28.9428884481084,61.5094028479434,4.1384951716401
545.469439685705,168.952852811448,4.63513512383928
NA,NA,NA
662.655621035672,332.939506169806,3.38700053433363
455.605187000982,296.107107929189,3.6270620360788
11.6670848308869,498.033907326739,3.57930810781778
566.312233778492,52.0971179307532,4.13528108660467
77.5497767341155,373.607069480513,4.00464020750373
230.224047926023,414.571070832699,3.82798191542487
427.50470748128,15.5612812356678,3.17418436554534
362.438369459974,292.878330223509,2.92215372866119
603.950998369161,102.151405520454,4.30135024272685
393.357233125152,229.746172815073,4.22983579708758
571.502053556354,412.809381592908,4.70336954507111
142.948266209445,280.502208729702,4.48400244747311
200.031290362841,367.166570291657,4.06869703815928
127.085859863266,408.622276913157,3.38788113582171
631.108748178382,310.089878067298,4.54252373932276
2.5558346471128,148.708561214958,4.25109869584771
545.611925595477,204.315512993755,4.20188872382835
33.7987300892223,490.907514843358,3.0570916551367
276.805320088053,21.1333382381012,3.90690429418119
532.541706032519,393.844563790221,3.30624462102329
69.2218354615744,84.6655716502699,5.32186631690705
4.31002962978652,78.2922916607164,3.4397561017091
587.901509647391,229.892327077743,4.15598492514455
442.234635600004,452.50504209964,4.74476466238966
657.225052505423,372.250227898043,3.1342625401163
107.032379133642,487.263269365202,4.3270901273843
623.77106968778,89.189350518085,4.0367113922094
421.698132643529,259.115384327224,3.70296812442139
12.8024940816588,183.079671078783,3.10751206252232
62.4350031080749,119.539974151674,4.52580651110983
602.196472680544,203.029949764445,4.42595686015038
256.911531358658,213.811323596232,3.40151364363725
585.267624329221,433.530441416443,3.86823697947534
300.200000400443,141.72597979773,3.91380976780443
523.928531878557,465.097812581952,3.60110348895555
45.6899781786277,422.217675585311,3.85560582825968
200.461231637934,291.410000100843,4.25144086544328
546.833864329495,267.981437271649,4.0635307069168
178.500484105465,33.1304407006002,4.23444728309602
501.180659827045,346.493190437912,4.48251856545135
28.9428884481084,61.5094028479434,4.1384951716401
545.469439685705,168.952852811448,4.63513512383928
NA,NA,NA
665.378572816441,330.56955542772,3.4825039202031
457.138197184347,300.882115891425,3.46396319793932
15.3626529978258,495.299987889175,3.57986365666669
558.828733093518,51.1643737108971,4.17953125797922
73.0632899773733,374.59598028742,3.98076752640806
230.518542379231,414.469465050921,3.89020148385976
427.397052201255,11.3910641479472,3.37778081836589
360.476843353625,293.174542568133,2.95599357086159
606.431332996403,100.481503841308,4.20760045423756
392.581047625492,228.580032936049,4.14798789690438
567.891110918618,409.825431403944,4.58820537377744
137.942581144157,283.132149674142,4.51855400742886
199.498693493788,371.864836828187,4.15548398110352
127.310552967718,409.879442355985,3.36619498195753
628.376751204564,312.802561104608,4.52309174970143
4.47351759097394,151.637823276073,4.16896085602713
546.476421877902,200.614344575981,4.07507603429803
33.0149246867476,491.607157780396,3.02383827640313
279.340729076627,20.3845507544047,3.72860296492004
532.964315831344,393.047104655922,3.37339161063323
68.1360237391903,81.3539997002769,5.35719029637944
3.69691564996879,78.0533744337759,3.503899071746
589.766193542648,228.635492008404,4.06735563439343
437.434430235576,461.29137081566,4.7997921050733
660.904650005695,373.746366119402,3.09934217308916
101.334563168509,480.246119306141,4.36994970839064
626.646072426612,91.1334889493686,4.07895235254901
419.293579728459,259.421293663997,3.54306847587505
10.0004462045172,177.971834711704,3.35704376933352
46.7613834602129,128.033556919571,4.35522352788726
624.934059528985,211.264197828307,4.53097335317327
256.978055352129,219.850960789111,3.76788257213345
568.639885242772,436.933647802428,4.04326166304405
299.130098184008,136.739666194303,3.9150097436852
530.963748349843,455.645394190605,3.81663910078552
46.8109692084611,411.822483178708,4.01676066763189
199.023562268794,278.161092004794,3.72644290664548
547.355670721988,260.929676064852,3.71262520647017
177.404416362506,9.32058811738186,4.25731734965145
488.593267203147,349.923867189823,4.39681494859726
37.0855556777651,54.172780346506,3.45640924146397
539.319139639896,149.64852671562,4.59317616929784
NA,NA,NA
665.378572816441,330.56955542772,3.4825039202031
457.138197184347,300.882115891425,3.46396319793932
15.3626529978258,495.299987889175,3.57986365666669
558.828733093518,51.1643737108971,4.17953125797922
73.0632899773733,374.59598028742,3.98076752640806
230.518542379231,414.469465050921,3.89020148385976
427.397052201255,11.3910641479472,3.37778081836589
360.476843353625,293.174542568133,2.95599357086159
606.431332996403,100.481503841308,4.20760045423756
392.581047625492,228.580032936049,4.14798789690438
567.891110918618,409.825431403944,4.58820537377744
137.942581144157,283.132149674142,4.51855400742886
199.498693493788,371.864836828187,4.15548398110352
127.310552967718,409.879442355985,3.36619498195753
628.376751204564,312.802561104608,4.52309174970143
4.47351759097394,151.637823276073,4.16896085602713
546.476421877902,200.614344575981,4.07507603429803
33.0149246867476,491.607157780396,3.02383827640313
279.340729076627,20.3845507544047,3.72860296492004
532.964315831344,393.047104655922,3.37339161063323
68.1360237391903,81.3539997002769,5.35719029637944
3.69691564996879,78.0533744337759,3.503899071746
589.766193542648,228.635492008404,4.06735563439343
437.434430235576,461.29137081566,4.7997921050733
660.904650005695,373.746366119402,3.09934217308916
101.334563168509,480.246119306141,4.36994970839064
626.646072426612,91.1334889493686,4.07895235254901
419.293579728459,259.421293663997,3.54306847587505
10.0004462045172,177.971834711704,3.35704376933352
46.7613834602129,128.033556919571,4.35522352788726
624.934059528985,211.264197828307,4.53097335317327
256.978055352129,219.850960789111,3.76788257213345
568.639885242772,436.933647802428,4.04326166304405
299.130098184008,136.739666194303,3.9150097436852
530.963748349843,455.645394190605,3.81663910078552
46.8109692084611,411.822483178708,4.01676066763189
199.023562268794,278.161092004794,3.72644290664548
547.355670721988,260.929676064852,3.71262520647017
177.404416362506,9.32058811738186,4.25731734965145
488.593267203147,349.923867189823,4.39681494859726
37.0855556777651,54.172780346506,3.45640924146397
539.319139639896,149.64852671562,4.59317616929784
NA,NA,NA
665.378572816441,330.56955542772,3.4825039202031
457.138197184347,300.882115891425,3.46396319793932
15.3626529978258,495.299987889175,3.57986365666669
558.828733093518,51.1643737108971,4.17953125797922
73.0632899773733,374.59598028742,3.98076752640806
230.518542379231,414.469465050921,3.89020148385976
427.397052201255,11.3910641479472,3.37778081836589
360.476843353625,293.174542568133,2.95599357086159
606.431332996403,100.481503841308,4.20760045423756
392.581047625492,228.580032936049,4.14798789690438
567.891110918618,409.825431403944,4.58820537377744
137.942581144157,283.132149674142,4.51855400742886
199.498693493788,371.864836828187,4.15548398110352
127.310552967718,409.879442355985,3.36619498195753
628.376751204564,312.802561104608,4.52309174970143
4.47351759097394,151.637823276073,4.16896085602713
546.476421877902,200.614344575981,4.07507603429803
33.0149246867476,491.607157780396,3.02383827640313
279.340729076627,20.3845507544047,3.72860296492004
532.964315831344,393.047104655922,3.37339161063323
68.1360237391903,81.3539997002769,5.35719029637944
3.69691564996879,78.0533744337759,3.503899071746
589.766193542648,228.635492008404,4.06735563439343
437.434430235576,461.29137081566,4.7997921050733
660.904650005695,373.746366119402,3.09934217308916
101.334563168509,480.246119306141,4.36994970839064
626.646072426612,91.1334889493686,4.07895235254901
419.293579728459,259.421293663997,3.54306847587505
10.0004462045172,177.971834711704,3.35704376933352
46.7613834602129,128.033556919571,4.35522352788726
624.934059528985,211.264197828307,4.53097335317327
256.978055352129,219.850960789111,3.76788257213345
568.639885242772,436.933647802428,4.04326166304405
299.130098184008,136.739666194303,3.9150097436852
530.963748349843,455.645394190605,3.81663910078552
46.8109692084611,411.822483178708,4.01676066763189
199.023562268794,278.161092004794,3.72644290664548
547.355670721988,260.929676064852,3.71262520647017
177.404416362506,9.32058811738186,4.25731734965145
488.593267203147,349.923867189823,4.39681494859726
37.0855556777651,54.172780346506,3.45640924146397
539.319139639896,149.64852671562,4.59317616929784
NA,NA,NA
665.378572816441,330.56955542772,3.4825039202031
457.138197184347,300.882115891425,3.46396319793932
15.3626529978258,495.299987889175,3.57986365666669
558.828733093518,51.1643737108971,4.17953125797922
73.0632899773733,374.59598028742,3.98076752640806
230.518542379231,414.469465050921,3.89020148385976
427.397052201255,11.3910641479472,3.37778081836589
360.476843353625,293.174542568133,2.95599357086159
606.431332996403,100.481503841308,4.20760045423756
392.581047625492,228.580032936049,4.14798789690438
567.891110918618,409.825431403944,4.58820537377744
137.942581144157,283.132149674142,4.51855400742886
199.498693493788,371.864836828187,4.15548398110352
127.310552967718,409.879442355985,3.36619498195753
628.376751204564,312.802561104608,4.52309174970143
4.47351759097394,151.637823276073,4.16896085602713
546.476421877902,200.614344575981,4.07507603429803
33.0149246867476,491.607157780396,3.02383827640313
279.340729076627,20.3845507544047,3.72860296492004
532.964315831344,393.047104655922,3.37339161063323
68.1360237391903,81.3539997002769,5.35719029637944
3.69691564996879,78.0533744337759,3.503899071746
589.766193542648,228.635492008404,4.06735563439343
437.434430235576,461.29137081566,4.7997921050733
660.904650005695,373.746366119402,3.09934217308916
101.334563168509,480.246119306141,4.36994970839064
626.646072426612,91.1334889493686,4.07895235254901
419.293579728459,259.421293663997,3.54306847587505
10.0004462045172,177.971834711704,3.35704376933352
46.7613834602129,128.033556919571,4.35522352788726
624.934059528985,211.264197828307,4.53097335317327
256.978055352129,219.850960789111,3.76788257213345
568.639885242772,436.933647802428,4.04326166304405
299.130098184008,136.739666194303,3.9150097436852
530.963748349843,455.645394190605,3.81663910078552
46.8109692084611,411.822483178708,4.01676066763189
199.023562268794,278.161092004794,3.72644290664548
547.355670721988,260.929676064852,3.71262520647017
177.404416362506,9.32058811738186,4.25731734965145
488.593267203147,349.923867189823,4.39681494859726
37.0855556777651,54.172780346506,3.45640924146397
539.319139639896,149.64852671562,4.59317616929784
NA,NA,NA
665.378572816441,330.56955542772,3.4825039202031
457.138197184347,300.882115891425,3.46396319793932
15.3626529978258,495.299987889175,3.57986365666669
558.828733093518,51.1643737108971,4.17953125797922
73.0632899773733,374.59598028742,3.98076752640806
230.518542379231,414.469465050921,3.89020148385976
427.397052201255,11.3910641479472,3.37778081836589
360.476843353625,293.174542568133,2.95599357086159
606.431332996403,100.481503841308,4.20760045423756
392.581047625492,228.580032936049,4.14798789690438
567.891110918618,409.825431403944,4.58820537377744
137.942581144157,283.132149674142,4.51855400742886
199.498693493788,371.864836828187,4.15548398110352
127.310552967718,409.879442355985,3.36619498195753
628.376751204564,312.802561104608,4.52309174970143
4.47351759097394,151.637823276073,4.16896085602713
546.476421877902,200.614344575981,4.07507603429803
33.0149246867476,491.607157780396,3.02383827640313
279.340729076627,20.3845507544047,3.72860296492004
532.964315831344,393.047104655922,3.37339161063323
68.1360237391903,81.3539997002769,5.35719029637944
3.69691564996879,78.0533744337759,3.503899071746
589.766193542648,228.635492008404,4.06735563439343
437.434430235576,461.29137081566,4.7997921050733
660.904650005695,373.746366119402,3.09934217308916
101.334563168509,480.246119306141,4.36994970839064
626.646072426612,91.1334889493686,4.07895235254901
419.293579728459,259.421293663997,3.54306847587505
10.0004462045172,177.971834711704,3.35704376933352
46.7613834602129,128.033556919571,4.35522352788726
624.934059528985,211.264197828307,4.53097335317327
256.978055352129,219.850960789111,3.76788257213345
568.639885242772,436.933647802428,4.04326166304405
299.130098184008,136.739666194303,3.9150097436852
530.963748349843,455.645394190605,3.81663910078552
46.8109692084611,411.822483178708,4.01676066763189
199.023562268794,278.161092004794,3.72644290664548
547.355670721988,260.929676064852,3.71262520647017
177.404416362506,9.32058811738186,4.25731734965145
488.593267203147,349.923867189823,4.39681494859726
37.0855556777651,54.172780346506,3.45640924146397
539.319139639896,149.64852671562,4.59317616929784
NA,NA,NA
665.378572816441,330.56955542772,3.4825039202031
457.138197184347,300.882115891425,3.46396319793932
15.3626529978258,495.299987889175,3.57986365666669
558.828733093518,51.1643737108971,4.17953125797922
73.0632899773733,374.59598028742,3.98076752640806
230.518542379231,414.469465050921,3.89020148385976
427.397052201255,11.3910641479472,3.37778081836589
360.476843353625,293.174542568133,2.95599357086159
606.431332996403,100.481503841308,4.20760045423756
392.581047625492,228.580032936049,4.14798789690438
567.891110918618,409.825431403944,4.58820537377744
137.942581144157,283.132149674142,4.51855400742886
199.498693493788,371.864836828187,4.15548398110352
127.310552967718,409.879442355985,3.36619498195753
628.376751204564,312.802561104608,4.52309174970143
4.47351759097394,151.637823276073,4.16896085602713
546.476421877902,200.614344575981,4.07507603429803
33.0149246867476,491.607157780396,3.02383827640313
279.340729076627,20.3845507544047,3.72860296492004
532.964315831344,393.047104655922,3.37339161063323
68.1360237391903,81.3539997002769,5.35719029637944
3.69691564996879,78.0533744337759,3.503899071746
589.766193542648,228.635492008404,4.06735563439343
437.434430235576,461.29137081566,4.7997921050733
660.904650005695,373.746366119402,3.09934217308916
101.334563168509,480.246119306141,4.36994970839064
626.646072426612,91.1334889493686,4.07895235254901
419.293579728459,259.421293663997,3.54306847587505
10.0004462045172,177.971834711704,3.35704376933352
46.7613834602129,128.033556919571,4.35522352788726
624.934059528985,211.264197828307,4.53097335317327
256.978055352129,219.850960789111,3.76788257213345
568.639885242772,436.933647802428,4.04326166304405
299.130098184008,136.739666194303,3.9150097436852
530.963748349843,455.645394190605,3.81663910078552
46.8109692084611,411.822483178708,4.01676066763189
199.023562268794,278.161092004794,3.72644290664548
547.355670721988,260.929676064852,3.71262520647017
177.404416362506,9.32058811738186,4.25731734965145
488.593267203147,349.923867189823,4.39681494859726
37.0855556777651,54.172780346506,3.45640924146397
539.319139639896,149.64852671562,4.59317616929784
NA,NA,NA
657.985455326865,331.651471359805,3.53614114010545
454.925470932932,302.593597315591,3.85727434299953
7.13715512242793,495.539890004338,3.61850460950815
560.490239597041,49.6864456797292,4.24387799831546
68.2283806744504,374.945830787679,3.90849081128444
231.905498231628,412.047938109141,3.92503643242173
428.824175359105,11.5640327512569,3.38001207503093
360.348830411887,292.387021597474,2.94956350474526
606.027774399394,109.727307820686,4.2160580372598
392.836425789897,231.191885414113,4.15671687808321
573.68891196075,414.591182726251,4.70532123336376
143.492155643284,290.48913687416,4.49193876576056
194.855260852435,369.833980220909,4.05827078391938
128.801406631518,411.178127685517,3.42372164449716
626.963268203035,315.515360795961,4.60656009283172
-3.17807585470454,142.963873039844,4.25555565535834
539.430425254753,204.781005434124,4.1714278292194
33.8168414402718,493.210040235167,3.02747428545431
278.166841343434,20.1510150126267,3.83662236409111
531.559765588435,393.641434636208,3.4232931260183
62.2129362264887,67.6894440497018,5.2322190095729
4.62846714898346,77.120278408593,3.59653659914007
592.641203866935,227.296402313513,4.11251882394873
437.121354321343,455.553218441276,4.78282071630308
657.041612814942,372.909390740263,3.21143262732533
108.867894742918,483.827017013495,4.37045618875536
625.85164067862,89.9499031804591,4.02885543632584
418.471687602345,255.04117985925,3.52859067548496
10.0763870493116,182.789977731609,2.91800235241981
64.4068126069745,118.250583843289,4.28900780736849
617.442848958315,194.293563202438,4.35653944520335
252.761624948235,221.690705835026,3.71561864018366
569.291277167603,436.592255396092,3.90368449163411
302.243176515722,132.089688096015,3.83139171456188
532.432718076662,454.323808128611,3.64707751385121
45.1145425871139,422.415374593476,4.01854851861046
203.601604056368,281.832054254519,4.18779769084211
554.226091886696,261.332270804005,3.56543982299359
169.362582858775,43.027715748162,4.32265107082727
502.979042495221,353.933002750997,4.50657509390029
36.0840875476523,52.7637513154858,3.90918582959482
556.521481872839,161.372665038,4.51346981723131
NA,NA,NA
657.985455326865,331.651471359805,3.53614114010545
454.925470932932,302.593597315591,3.85727434299953
7.13715512242793,495.539890004338,3.61850460950815
560.490239597041,49.6864456797292,4.24387799831546
68.2283806744504,374.945830787679,3.90849081128444
231.905498231628,412.047938109141,3.92503643242173
428.824175359105,11.5640327512569,3.38001207503093
360.348830411887,292.387021597474,2.94956350474526
606.027774399394,109.727307820686,4.2160580372598
392.836425789897,231.191885414113,4.15671687808321
573.68891196075,414.591182726251,4.70532123336376
143.492155643284,290.48913687416,4.49193876576056
194.855260852435,369.833980220909,4.05827078391938
128.801406631518,411.178127685517,3.42372164449716
626.963268203035,315.515360795961,4.60656009283172
-3.17807585470454,142.963873039844,4.25555565535834
539.430425254753,204.781005434124,4.1714278292194
33.8168414402718,493.210040235167,3.02747428545431
278.166841343434,20.1510150126267,3.83662236409111
531.559765588435,393.641434636208,3.4232931260183
62.2129362264887,67.6894440497018,5.2322190095729
4.62846714898346,77.120278408593,3.59653659914007
592.641203866935,227.296402313513,4.11251882394873
437.121354321343,455.553218441276,4.78282071630308
657.041612814942,372.909390740263,3.21143262732533
108.867894742918,483.827017013495,4.37045618875536
625.85164067862,89.9499031804591,4.02885543632584
418.471687602345,255.04117985925,3.52859067548496
10.0763870493116,182.789977731609,2.91800235241981
64.4068126069745,118.250583843289,4.28900780736849
617.442848958315,194.293563202438,4.35653944520335
252.761624948235,221.690705835026,3.71561864018366
569.291277167603,436.592255396092,3.90368449163411
302.243176515722,132.089688096015,3.83139171456188
532.432718076662,454.323808128611,3.64707751385121
45.1145425871139,422.415374593476,4.01854851861046
203.601604056368,281.832054254519,4.18779769084211
554.226091886696,261.332270804005,3.56543982299359
169.362582858775,43.027715748162,4.32265107082727
502.979042495221,353.933002750997,4.50657509390029
36.0840875476523,52.7637513154858,3.90918582959482
556.521481872839,161.372665038,4.51346981723131
NA,NA,NA
657.985455326865,331.651471359805,3.53614114010545
454.925470932932,302.593597315591,3.85727434299953
7.13715512242793,495.539890004338,3.61850460950815
560.490239597041,49.6864456797292,4.24387799831546
68.2283806744504,374.945830787679,3.90849081128444
231.905498231628,412.047938109141,3.92503643242173
428.824175359105,11.5640327512569,3.38001207503093
360.348830411887,292.387021597474,2.94956350474526
606.027774399394,109.727307820686,4.2160580372598
392.836425789897,231.191885414113,4.15671687808321
573.68891196075,414.591182726251,4.70532123336376
143.492155643284,290.48913687416,4.49193876576056
194.855260852435,369.833980220909,4.05827078391938
128.801406631518,411.178127685517,3.42372164449716
626.963268203035,315.515360795961,4.60656009283172
-3.17807585470454,142.963873039844,4.25555565535834
539.430425254753,204.781005434124,4.1714278292194
33.8168414402718,493.210040235167,3.02747428545431
278.166841343434,20.1510150126267,3.83662236409111
531.559765588435,393.641434636208,3.4232931260183
62.2129362264887,67.6894440497018,5.2322190095729
4.62846714898346,77.120278408593,3.59653659914007
592.641203866935,227.296402313513,4.11251882394873
437.121354321343,455.553218441276,4.78282071630308
657.041612814942,372.909390740263,3.21143262732533
108.867894742918,483.827017013495,4.37045618875536
625.85164067862,89.9499031804591,4.02885543632584
418.471687602345,255.04117985925,3.52859067548496
10.0763870493116,182.789977731609,2.91800235241981
64.4068126069745,118.250583843289,4.28900780736849
617.442848958315,194.293563202438,4.35653944520335
252.761624948235,221.690705835026,3.71561864018366
569.291277167603,436.592255396092,3.90368449163411
302.243176515722,132.089688096015,3.83139171456188
532.432718076662,454.323808128611,3.64707751385121
45.1145425871139,422.415374593476,4.01854851861046
203.601604056368,281.832054254519,4.18779769084211
554.226091886696,261.332270804005,3.56543982299359
169.362582858775,43.027715748162,4.32265107082727
502.979042495221,353.933002750997,4.50657509390029
36.0840875476523,52.7637513154858,3.90918582959482
556.521481872839,161.372665038,4.51346981723131
NA,NA,NA
657.985455326865,331.651471359805,3.53614114010545
454.925470932932,302.593597315591,3.85727434299953
7.13715512242793,495.539890004338,3.61850460950815
560.490239597041,49.6864456797292,4.24387799831546
68.2283806744504,374.945830787679,3.90849081128444
231.905498231628,412.047938109141,3.92503643242173
428.824175359105,11.5640327512569,3.38001207503093
360.348830411887,292.387021597474,2.94956350474526
606.027774399394,109.727307820686,4.2160580372598
392.836425789897,231.191885414113,4.15671687808321
573.68891196075,414.591182726251,4.70532123336376
143.492155643284,290.48913687416,4.49193876576056
194.855260852435,369.833980220909,4.05827078391938
128.801406631518,411.178127685517,3.42372164449716
626.963268203035,315.515360795961,4.60656009283172
-3.17807585470454,142.963873039844,4.25555565535834
539.430425254753,204.781005434124,4.1714278292194
33.8168414402718,493.210040235167,3.02747428545431
278.166841343434,20.1510150126267,3.83662236409111
531.559765588435,393.641434636208,3.4232931260183
62.2129362264887,67.6894440497018,5.2322190095729
4.62846714898346,77.120278408593,3.59653659914007
592.641203866935,227.296402313513,4.11251882394873
437.121354321343,455.553218441276,4.78282071630308
657.041612814942,372.909390740263,3.21143262732533
108.867894742918,483.827017013495,4.37045618875536
625.85164067862,89.9499031804591,4.02885543632584
418.471687602345,255.04117985925,3.52859067548496
10.0763870493116,182.789977731609,2.91800235241981
64.4068126069745,118.250583843289,4.28900780736849
617.442848958315,194.293563202438,4.35653944520335
252.761624948235,221.690705835026,3.71561864018366
569.291277167603,436.592255396092,3.90368449163411
302.243176515722,132.089688096015,3.83139171456188
532.432718076662,454.323808128611,3.64707751385121
45.1145425871139,422.415374593476,4.01854851861046
203.601604056368,281.832054254519,4.18779769084211
554.226091886696,261.332270804005,3.56543982299359
169.362582858775,43.027715748162,4.32265107082727
502.979042495221,353.933002750997,4.50657509390029
36.0840875476523,52.7637513154858,3.90918582959482
556.521481872839,161.372665038,4.51346981723131
NA,NA,NA
657.985455326865,331.651471359805,3.53614114010545
454.925470932932,302.593597315591,3.85727434299953
7.13715512242793,495.539890004338,3.61850460950815
560.490239597041,49.6864456797292,4.24387799831546
68.2283806744504,374.945830787679,3.90849081128444
231.905498231628,412.047938109141,3.92503643242173
428.824175359105,11.5640327512569,3.38001207503093
360.348830411887,292.387021597474,2.94956350474526
606.027774399394,109.727307820686,4.2160580372598
392.836425789897,231.191885414113,4.15671687808321
573.68891196075,414.591182726251,4.70532123336376
143.492155643284,290.48913687416,4.49193876576056
194.855260852435,369.833980220909,4.05827078391938
128.801406631518,411.178127685517,3.42372164449716
626.963268203035,315.515360795961,4.60656009283172
-3.17807585470454,142.963873039844,4.25555565535834
539.430425254753,204.781005434124,4.1714278292194
33.8168414402718,493.210040235167,3.02747428545431
278.166841343434,20.1510150126267,3.83662236409111
531.559765588435,393.641434636208,3.4232931260183
62.2129362264887,67.6894440497018,5.2322190095729
4.62846714898346,77.120278408593,3.59653659914007
592.641203866935,227.296402313513,4.11251882394873
437.121354321343,455.553218441276,4.78282071630308
657.041612814942,372.909390740263,3.21143262732533
108.867894742918,483.827017013495,4.37045618875536
625.85164067862,89.9499031804591,4.02885543632584
418.471687602345,255.04117985925,3.52859067548496
10.0763870493116,182.789977731609,2.91800235241981
64.4068126069745,118.250583843289,4.28900780736849
617.442848958315,194.293563202438,4.35653944520335
252.761624948235,221.690705835026,3.71561864018366
569.291277167603,436.592255396092,3.90368449163411
302.243176515722,132.089688096015,3.83139171456188
532.432718076662,454.323808128611,3.64707751385121
45.1145425871139,422.415374593476,4.01854851861046
203.601604056368,281.832054254519,4.18779769084211
554.226091886696,261.332270804005,3.56543982299359
169.362582858775,43.027715748162,4.32265107082727
502.979042495221,353.933002750997,4.50657509390029
36.0840875476523,52.7637513154858,3.90918582959482
556.521481872839,161.372665038,4.51346981723131
NA,NA,NA
657.985455326865,331.651471359805,3.53614114010545
454.925470932932,302.593597315591,3.85727434299953
7.13715512242793,495.539890004338,3.61850460950815
560.490239597041,49.6864456797292,4.24387799831546
68.2283806744504,374.945830787679,3.90849081128444
231.905498231628,412.047938109141,3.92503643242173
428.824175359105,11.5640327512569,3.38001207503093
360.348830411887,292.387021597474,2.94956350474526
606.027774399394,109.727307820686,4.2160580372598
392.836425789897,231.191885414113,4.15671687808321
573.68891196075,414.591182726251,4.70532123336376
143.492155643284,290.48913687416,4.49193876576056
194.855260852435,369.833980220909,4.05827078391938
128.801406631518,411.178127685517,3.42372164449716
626.963268203035,315.515360795961,4.60656009283172
-3.17807585470454,142.963873039844,4.25555565535834
539.430425254753,204.781005434124,4.1714278292194
33.8168414402718,493.210040235167,3.02747428545431
278.166841343434,20.1510150126267,3.83662236409111
531.559765588435,393.641434636208,3.4232931260183
62.2129362264887,67.6894440497018,5.2322190095729
4.62846714898346,77.120278408593,3.59653659914007
592.641203866935,227.296402313513,4.11251882394873
437.121354321343,455.553218441276,4.78282071630308
657.041612814942,372.909390740263,3.21143262732533
108.867894742918,483.827017013495,4.37045618875536
625.85164067862,89.9499031804591,4.02885543632584
418.471687602345,255.04117985925,3.52859067548496
10.0763870493116,182.789977731609,2.91800235241981
64.4068126069745,118.250583843289,4.28900780736849
617.442848958315,194.293563202438,4.35653944520335
252.761624948235,221.690705835026,3.71561864018366
569.291277167603,436.592255396092,3.90368449163411
302.243176515722,132.089688096015,3.83139171456188
532.432718076662,454.323808128611,3.64707751385121
45.1145425871139,422.415374593476,4.01854851861046
203.601604056368,281.832054254519,4.18779769084211
554.226091886696,261.332270804005,3.56543982299359
169.362582858775,43.027715748162,4.32265107082727
502.979042495221,353.933002750997,4.50657509390029
36.0840875476523,52.7637513154858,3.90918582959482
556.521481872839,161.372665038,4.51346981723131
NA,NA,NA
658.975593954448,336.357395189858,3.36257527401243
454.853370041727,295.694206231308,3.6244218067917
12.1732822523437,494.791116064535,3.65986222627351
563.867270085827,51.2874985677336,4.26534251457907
68.9652390117188,372.579774252669,3.96125804078379
230.262576376215,414.234736464022,3.90191976400844
425.081553973037,10.093323049517,3.39649778441438
362.100212162126,294.047609429902,3.186561354836
605.843531481708,108.257463713864,4.2279210928681
395.081206762937,228.871138217599,4.25677532784753
562.090792802742,404.102855937556,4.70517549300386
142.941636495127,288.48742743403,4.6636200053755
201.783717458369,369.910253475216,4.06828244537826
124.066013018958,411.754109462986,3.37077040141487
622.145385856448,311.335597596751,4.45936953977835
-2.54808188918481,146.295435981798,4.2382305469579
545.312141563634,199.333138792018,4.05369188266204
35.2540864084608,491.010039272648,2.98176100537417
277.318837564777,24.4067480842978,4.00970709479159
533.940922636601,392.468906919236,3.58770058525552
73.3285947315135,76.1326287647853,5.3488589313108
6.78508843411911,75.6527627666064,3.5610741803035
590.881149283419,224.419327726792,4.04914536670403
444.234302889718,458.582351850989,4.7149277883747
657.681588650215,375.179806451471,2.82416915095651
102.996132041408,488.15067397206,4.47414690388026
624.577165753231,94.5429664807437,4.12116749347272
419.651067080157,259.963080003552,3.62688432274694
12.7579117164751,180.898995717683,3.22725387539858
69.9717733251714,119.517264206553,4.61092624454677
609.141923326976,194.172036747945,4.4266550959583
258.500237721753,217.039281464361,3.71977088641974
584.6336581339,440.262972552936,3.80397703931223
302.851840543931,137.088617298401,3.88555643565035
528.482298930211,460.3855250985,3.47938907587893
46.6553729115637,426.497995236111,3.94537066311918
198.132052785884,277.268121008325,3.97180186046058
556.643804260342,270.636426014002,3.76826233548971
167.345381310295,32.6092930803277,4.14830216920214
503.206649828742,338.742261036876,4.62751799363876
32.5427859223719,58.9351908743145,4.04891474127837
535.697121233293,142.343591826862,4.51547769597644
NA,NA,NA
658.975593954448,336.357395189858,3.36257527401243
454.853370041727,295.694206231308,3.6244218067917
12.1732822523437,494.791116064535,3.65986222627351
563.867270085827,51.2874985677336,4.26534251457907
68.9652390117188,372.579774252669,3.96125804078379
230.262576376215,414.234736464022,3.90191976400844
425.081553973037,10.093323049517,3.39649778441438
362.100212162126,294.047609429902,3.186561354836
605.843531481708,108.257463713864,4.2279210928681
395.081206762937,228.871138217599,4.25677532784753
562.090792802742,404.102855937556,4.70517549300386
142.941636495127,288.48742743403,4.6636200053755
201.783717458369,369.910253475216,4.06828244537826
124.066013018958,411.754109462986,3.37077040141487
622.145385856448,311.335597596751,4.45936953977835
-2.54808188918481,146.295435981798,4.2382305469579
545.312141563634,199.333138792018,4.05369188266204
35.2540864084608,491.010039272648,2.98176100537417
277.318837564777,24.4067480842978,4.00970709479159
533.940922636601,392.468906919236,3.58770058525552
73.3285947315135,76.1326287647853,5.3488589313108
6.78508843411911,75.6527627666064,3.5610741803035
590.881149283419,224.419327726792,4.04914536670403
444.234302889718,458.582351850989,4.7149277883747
657.681588650215,375.179806451471,2.82416915095651
102.996132041408,488.15067397206,4.47414690388026
624.577165753231,94.5429664807437,4.12116749347272
419.651067080157,259.963080003552,3.62688432274694
12.7579117164751,180.898995717683,3.22725387539858
69.9717733251714,119.517264206553,4.61092624454677
609.141923326976,194.172036747945,4.4266550959583
258.500237721753,217.039281464361,3.71977088641974
584.6336581339,440.262972552936,3.80397703931223
302.851840543931,137.088617298401,3.88555643565035
528.482298930211,460.3855250985,3.47938907587893
46.6553729115637,426.497995236111,3.94537066311918
198.132052785884,277.268121008325,3.97180186046058
556.643804260342,270.636426014002,3.76826233548971
167.345381310295,32.6092930803277,4.14830216920214
503.206649828742,338.742261036876,4.62751799363876
32.5427859223719,58.9351908743145,4.04891474127837
535.697121233293,142.343591826862,4.51547769597644
NA,NA,NA
658.975593954448,336.357395189858,3.36257527401243
454.853370041727,295.694206231308,3.6244218067917
12.1732822523437,494.791116064535,3.65986222627351
563.867270085827,51.2874985677336,4.26534251457907
68.9652390117188,372.579774252669,3.96125804078379
230.262576376215,414.234736464022,3.90191976400844
425.081553973037,10.093323049517,3.39649778441438
362.100212162126,294.047609429902,3.186561354836
605.843531481708,108.257463713864,4.2279210928681
395.081206762937,228.871138217599,4.25677532784753
562.090792802742,404.102855937556,4.70517549300386
142.941636495127,288.48742743403,4.6636200053755
201.783717458369,369.910253475216,4.06828244537826
124.066013018958,411.754109462986,3.37077040141487
622.145385856448,311.335597596751,4.45936953977835
-2.54808188918481,146.295435981798,4.2382305469579
545.312141563634,199.333138792018,4.05369188266204
35.2540864084608,491.010039272648,2.98176100537417
277.318837564777,24.4067480842978,4.00970709479159
533.940922636601,392.468906919236,3.58770058525552
73.3285947315135,76.1326287647853,5.3488589313108
6.78508843411911,75.6527627666064,3.5610741803035
590.881149283419,224.419327726792,4.04914536670403
444.234302889718,458.582351850989,4.7149277883747
657.681588650215,375.179806451471,2.82416915095651
102.996132041408,488.15067397206,4.47414690388026
624.577165753231,94.5429664807437,4.12116749347272
419.651067080157,259.963080003552,3.62688432274694
12.7579117164751,180.898995717683,3.22725387539858
69.9717733251714,119.517264206553,4.61092624454677
609.141923326976,194.172036747945,4.4266550959583
258.500237721753,217.039281464361,3.71977088641974
584.6336581339,440.262972552936,3.80397703931223
302.851840543931,137.088617298401,3.88555643565035
528.482298930211,460.3855250985,3.47938907587893
46.6553729115637,426.497995236111,3.94537066311918
198.132052785884,277.268121008325,3.97180186046058
556.643804260342,270.636426014002,3.76826233548971
167.345381310295,32.6092930803277,4.14830216920214
503.206649828742,338.742261036876,4.62751799363876
32.5427859223719,58.9351908743145,4.04891474127837
535.697121233293,142.343591826862,4.51547769597644
NA,NA,NA
658.975593954448,336.357395189858,3.36257527401243
454.853370041727,295.694206231308,3.6244218067917
12.1732822523437,494.791116064535,3.65986222627351
563.867270085827,51.2874985677336,4.26534251457907
68.9652390117188,372.579774252669,3.96125804078379
230.262576376215,414.234736464022,3.90191976400844
425.081553973037,10.093323049517,3.39649778441438
362.100212162126,294.047609429902,3.186561354836
605.843531481708,108.257463713864,4.2279210928681
395.081206762937,228.871138217599,4.25677532784753
562.090792802742,404.102855937556,4.70517549300386
142.941636495127,288.48742743403,4.6636200053755
201.783717458369,369.910253475216,4.06828244537826
124.066013018958,411.754109462986,3.37077040141487
622.145385856448,311.335597596751,4.45936953977835
-2.54808188918481,146.295435981798,4.2382305469579
545.312141563634,199.333138792018,4.05369188266204
35.2540864084608,491.010039272648,2.98176100537417
277.318837564777,24.4067480842978,4.00970709479159
533.940922636601,392.468906919236,3.58770058525552
73.3285947315135,76.1326287647853,5.3488589313108
6.78508843411911,75.6527627666064,3.5610741803035
590.881149283419,224.419327726792,4.04914536670403
444.234302889718,458.582351850989,4.7149277883747
657.681588650215,375.179806451471,2.82416915095651
102.996132041408,488.15067397206,4.47414690388026
624.577165753231,94.5429664807437,4.12116749347272
419.651067080157,259.963080003552,3.62688432274694
12.7579117164751,180.898995717683,3.22725387539858
69.9717733251714,119.517264206553,4.61092624454677
609.141923326976,194.172036747945,4.4266550959583
258.500237721753,217.039281464361,3.71977088641974
584.6336581339,440.262972552936,3.80397703931223
302.851840543931,137.088617298401,3.88555643565035
528.482298930211,460.3855250985,3.47938907587893
46.6553729115637,426.497995236111,3.94537066311918
198.132052785884,277.268121008325,3.97180186046058
556.643804260342,270.636426014002,3.76826233548971
167.345381310295,32.6092930803277,4.14830216920214
503.206649828742,338.742261036876,4.62751799363876
32.5427859223719,58.9351908743145,4.04891474127837
535.697121233293,142.343591826862,4.51547769597644
NA,NA,NA
658.975593954448,336.357395189858,3.36257527401243
454.853370041727,295.694206231308,3.6244218067917
12.1732822523437,494.791116064535,3.65986222627351
563.867270085827,51.2874985677336,4.26534251457907
68.9652390117188,372.579774252669,3.96125804078379
230.262576376215,414.234736464022,3.90191976400844
425.081553973037,10.093323049517,3.39649778441438
362.100212162126,294.047609429902,3.186561354836
605.843531481708,108.257463713864,4.2279210928681
395.081206762937,228.871138217599,4.25677532784753
562.090792802742,404.102855937556,4.70517549300386
142.941636495127,288.48742743403,4.6636200053755
201.783717458369,369.910253475216,4.06828244537826
124.066013018958,411.754109462986,3.37077040141487
622.145385856448,311.335597596751,4.45936953977835
-2.54808188918481,146.295435981798,4.2382305469579
545.312141563634,199.333138792018,4.05369188266204
35.2540864084608,491.010039272648,2.98176100537417
277.318837564777,24.4067480842978,4.00970709479159
533.940922636601,392.468906919236,3.58770058525552
73.3285947315135,76.1326287647853,5.3488589313108
6.78508843411911,75.6527627666064,3.5610741803035
590.881149283419,224.419327726792,4.04914536670403
444.234302889718,458.582351850989,4.7149277883747
657.681588650215,375.179806451471,2.82416915095651
102.996132041408,488.15067397206,4.47414690388026
624.577165753231,94.5429664807437,4.12116749347272
419.651067080157,259.963080003552,3.62688432274694
12.7579117164751,180.898995717683,3.22725387539858
69.9717733251714,119.517264206553,4.61092624454677
609.141923326976,194.172036747945,4.4266550959583
258.500237721753,217.039281464361,3.71977088641974
584.6336581339,440.262972552936,3.80397703931223
302.851840543931,137.088617298401,3.88555643565035
528.482298930211,460.3855250985,3.47938907587893
46.6553729115637,426.497995236111,3.94537066311918
198.132052785884,277.268121008325,3.97180186046058
556.643804260342,270.636426014002,3.76826233548971
167.345381310295,32.6092930803277,4.14830216920214
503.206649828742,338.742261036876,4.62751799363876
32.5427859223719,58.9351908743145,4.04891474127837
535.697121233293,142.343591826862,4.51547769597644
NA,NA,NA
658.975593954448,336.357395189858,3.36257527401243
454.853370041727,295.694206231308,3.6244218067917
12.1732822523437,494.791116064535,3.65986222627351
563.867270085827,51.2874985677336,4.26534251457907
68.9652390117188,372.579774252669,3.96125804078379
230.262576376215,414.234736464022,3.90191976400844
425.081553973037,10.093323049517,3.39649778441438
362.100212162126,294.047609429902,3.186561354836
605.843531481708,108.257463713864,4.2279210928681
395.081206762937,228.871138217599,4.25677532784753
562.090792802742,404.102855937556,4.70517549300386
142.941636495127,288.48742743403,4.6636200053755
201.783717458369,369.910253475216,4.06828244537826
124.066013018958,411.754109462986,3.37077040141487
622.145385856448,311.335597596751,4.45936953977835
-2.54808188918481,146.295435981798,4.2382305469579
545.312141563634,199.333138792018,4.05369188266204
35.2540864084608,491.010039272648,2.98176100537417
277.318837564777,24.4067480842978,4.00970709479159
533.940922636601,392.468906919236,3.58770058525552
73.3285947315135,76.1326287647853,5.3488589313108
6.78508843411911,75.6527627666064,3.5610741803035
590.881149283419,224.419327726792,4.04914536670403
444.234302889718,458.582351850989,4.7149277883747
657.681588650215,375.179806451471,2.82416915095651
102.996132041408,488.15067397206,4.47414690388026
624.577165753231,94.5429664807437,4.12116749347272
419.651067080157,259.963080003552,3.62688432274694
12.7579117164751,180.898995717683,3.22725387539858
69.9717733251714,119.517264206553,4.61092624454677
609.141923326976,194.172036747945,4.4266550959583
258.500237721753,217.039281464361,3.71977088641974
584.6336581339,440.262972552936,3.80397703931223
302.851840543931,137.088617298401,3.88555643565035
528.482298930211,460.3855250985,3.47938907587893
46.6553729115637,426.497995236111,3.94537066311918
198.132052785884,277.268121008325,3.97180186046058
556.643804260342,270.636426014002,3.76826233548971
167.345381310295,32.6092930803277,4.14830216920214
503.206649828742,338.742261036876,4.62751799363876
32.5427859223719,58.9351908743145,4.04891474127837
535.697121233293,142.343591826862,4.51547769597644
NA,NA,NA
659.039907685222,330.394561541978,3.50477717321335
455.347647182647,302.419082206511,3.72999465812232
11.6629609523525,499.103685016871,3.63515520084376
560.533781421306,49.7011431605192,4.21467061885635
78.7852965900898,378.171461066941,4.06777686103584
227.360016321492,415.689191632072,3.85112594149849
426.898243868182,10.6424475994979,3.45495770738717
362.256052224694,291.241531839823,2.99093937688114
601.102604218469,109.908602587772,4.25196886476954
395.587546734361,228.928453370725,4.38217542589716
560.126173281639,407.518065680244,4.71981155863677
137.2648912767,278.896112906023,4.73235994580344
204.357591240944,365.640881955468,4.05728639206545
124.629600486203,411.739122455079,3.46817988906414
623.868215540635,313.757976492982,4.42368523264122
7.49603618813863,150.790024714721,4.31930626495883
539.617704568698,207.391823538388,4.13496326059298
32.3257921359761,493.414777809641,2.99386852637318
276.949736026226,25.4608212698123,3.82321145212223
531.503221999879,393.038029566049,3.46810973545506
70.6915176039283,76.8186578021143,5.17479956886736
4.57507377669286,77.4956356208306,3.61058793770327
583.315836380326,230.756695405333,3.98530639880398
441.758598271657,462.067758913266,4.73598415238583
656.77252744009,374.179959253097,3.0333370542883
104.869707706548,488.243830663436,4.38771371259331
619.476487996974,87.2262135191576,4.09940029815622
418.899450932491,258.69850499644,3.59178946164468
12.1486181389019,178.216590125882,3.30086292113613
76.2366083855741,105.038322556157,4.44338544869168
604.158605911485,202.030462091594,4.43379314330976
254.597409346271,208.252825061691,3.72741491051691
570.230136786138,443.640744058142,4.10156022185581
303.12606102848,133.72066992831,3.92213610036809
536.052416658461,459.354720441325,3.41402817927905
42.389494890906,421.175409243763,3.91004457427761
206.174295130061,296.64941471912,3.93952849779972
550.153475490065,252.248011156261,3.96889272531735
172.3233955879,42.5837407661838,4.22241471630652
499.069071186351,348.039292346229,4.4750749980436
39.871194174734,51.3072981296844,4.33583166759627
531.7626501093,134.987143538902,4.60862333099
NA,NA,NA
659.039907685222,330.394561541978,3.50477717321335
455.347647182647,302.419082206511,3.72999465812232
11.6629609523525,499.103685016871,3.63515520084376
560.533781421306,49.7011431605192,4.21467061885635
78.7852965900898,378.171461066941,4.06777686103584
227.360016321492,415.689191632072,3.85112594149849
426.898243868182,10.6424475994979,3.45495770738717
362.256052224694,291.241531839823,2.99093937688114
601.102604218469,109.908602587772,4.25196886476954
395.587546734361,228.928453370725,4.38217542589716
560.126173281639,407.518065680244,4.71981155863677
137.2648912767,278.896112906023,4.73235994580344
204.357591240944,365.640881955468,4.05728639206545
124.629600486203,411.739122455079,3.46817988906414
623.868215540635,313.757976492982,4.42368523264122
7.49603618813863,150.790024714721,4.31930626495883
539.617704568698,207.391823538388,4.13496326059298
32.3257921359761,493.414777809641,2.99386852637318
276.949736026226,25.4608212698123,3.82321145212223
531.503221999879,393.038029566049,3.46810973545506
70.6915176039283,76.8186578021143,5.17479956886736
4.57507377669286,77.4956356208306,3.61058793770327
583.315836380326,230.756695405333,3.98530639880398
441.758598271657,462.067758913266,4.73598415238583
656.77252744009,374.179959253097,3.0333370542883
104.869707706548,488.243830663436,4.38771371259331
619.476487996974,87.2262135191576,4.09940029815622
418.899450932491,258.69850499644,3.59178946164468
12.1486181389019,178.216590125882,3.30086292113613
76.2366083855741,105.038322556157,4.44338544869168
604.158605911485,202.030462091594,4.43379314330976
254.597409346271,208.252825061691,3.72741491051691
570.230136786138,443.640744058142,4.10156022185581
303.12606102848,133.72066992831,3.92213610036809
536.052416658461,459.354720441325,3.41402817927905
42.389494890906,421.175409243763,3.91004457427761
206.174295130061,296.64941471912,3.93952849779972
550.153475490065,252.248011156261,3.96889272531735
172.3233955879,42.5837407661838,4.22241471630652
499.069071186351,348.039292346229,4.4750749980436
39.871194174734,51.3072981296844,4.33583166759627
531.7626501093,134.987143538902,4.60862333099
NA,NA,NA
659.039907685222,330.394561541978,3.50477717321335
455.347647182647,302.419082206511,3.72999465812232
11.6629609523525,499.103685016871,3.63515520084376
560.533781421306,49.7011431605192,4.21467061885635
78.7852965900898,378.171461066941,4.06777686103584
227.360016321492,415.689191632072,3.85112594149849
426.898243868182,10.6424475994979,3.45495770738717
362.256052224694,291.241531839823,2.99093937688114
601.102604218469,109.908602587772,4.25196886476954
395.587546734361,228.928453370725,4.38217542589716
560.126173281639,407.518065680244,4.71981155863677
137.2648912767,278.896112906023,4.73235994580344
204.357591240944,365.640881955468,4.05728639206545
124.629600486203,411.739122455079,3.46817988906414
623.868215540635,313.757976492982,4.42368523264122
7.49603618813863,150.790024714721,4.31930626495883
539.617704568698,207.391823538388,4.13496326059298
32.3257921359761,493.414777809641,2.99386852637318
276.949736026226,25.4608212698123,3.82321145212223
531.503221999879,393.038029566049,3.46810973545506
70.6915176039283,76.8186578021143,5.17479956886736
4.57507377669286,77.4956356208306,3.61058793770327
583.315836380326,230.756695405333,3.98530639880398
441.758598271657,462.067758913266,4.73598415238583
656.77252744009,374.179959253097,3.0333370542883
104.869707706548,488.243830663436,4.38771371259331
619.476487996974,87.2262135191576,4.09940029815622
418.899450932491,258.69850499644,3.59178946164468
12.1486181389019,178.216590125882,3.30086292113613
76.2366083855741,105.038322556157,4.44338544869168
604.158605911485,202.030462091594,4.43379314330976
254.597409346271,208.252825061691,3.72741491051691
570.230136786138,443.640744058142,4.10156022185581
303.12606102848,133.72066992831,3.92213610036809
536.052416658461,459.354720441325,3.41402817927905
42.389494890906,421.175409243763,3.91004457427761
206.174295130061,296.64941471912,3.93952849779972
550.153475490065,252.248011156261,3.96889272531735
172.3233955879,42.5837407661838,4.22241471630652
499.069071186351,348.039292346229,4.4750749980436
39.871194174734,51.3072981296844,4.33583166759627
531.7626501093,134.987143538902,4.60862333099
NA,NA,NA
659.039907685222,330.394561541978,3.50477717321335
455.347647182647,302.419082206511,3.72999465812232
11.6629609523525,499.103685016871,3.63515520084376
560.533781421306,49.7011431605192,4.21467061885635
78.7852965900898,378.171461066941,4.06777686103584
227.360016321492,415.689191632072,3.85112594149849
426.898243868182,10.6424475994979,3.45495770738717
362.256052224694,291.241531839823,2.99093937688114
601.102604218469,109.908602587772,4.25196886476954
395.587546734361,228.928453370725,4.38217542589716
560.126173281639,407.518065680244,4.71981155863677
137.2648912767,278.896112906023,4.73235994580344
204.357591240944,365.640881955468,4.05728639206545
124.629600486203,411.739122455079,3.46817988906414
623.868215540635,313.757976492982,4.42368523264122
7.49603618813863,150.790024714721,4.31930626495883
539.617704568698,207.391823538388,4.13496326059298
32.3257921359761,493.414777809641,2.99386852637318
276.949736026226,25.4608212698123,3.82321145212223
531.503221999879,393.038029566049,3.46810973545506
70.6915176039283,76.8186578021143,5.17479956886736
4.57507377669286,77.4956356208306,3.61058793770327
583.315836380326,230.756695405333,3.98530639880398
441.758598271657,462.067758913266,4.73598415238583
656.77252744009,374.179959253097,3.0333370542883
104.869707706548,488.243830663436,4.38771371259331
619.476487996974,87.2262135191576,4.09940029815622
418.899450932491,258.69850499644,3.59178946164468
12.1486181389019,178.216590125882,3.30086292113613
76.2366083855741,105.038322556157,4.44338544869168
604.158605911485,202.030462091594,4.43379314330976
254.597409346271,208.252825061691,3.72741491051691
570.230136786138,443.640744058142,4.10156022185581
303.12606102848,133.72066992831,3.92213610036809
536.052416658461,459.354720441325,3.41402817927905
42.389494890906,421.175409243763,3.91004457427761
206.174295130061,296.64941471912,3.93952849779972
550.153475490065,252.248011156261,3.96889272531735
172.3233955879,42.5837407661838,4.22241471630652
499.069071186351,348.039292346229,4.4750749980436
39.871194174734,51.3072981296844,4.33583166759627
531.7626501093,134.987143538902,4.60862333099
NA,NA,NA
659.039907685222,330.394561541978,3.50477717321335
455.347647182647,302.419082206511,3.72999465812232
11.6629609523525,499.103685016871,3.63515520084376
560.533781421306,49.7011431605192,4.21467061885635
78.7852965900898,378.171461066941,4.06777686103584
227.360016321492,415.689191632072,3.85112594149849
426.898243868182,10.6424475994979,3.45495770738717
362.256052224694,291.241531839823,2.99093937688114
601.102604218469,109.908602587772,4.25196886476954
395.587546734361,228.928453370725,4.38217542589716
560.126173281639,407.518065680244,4.71981155863677
137.2648912767,278.896112906023,4.73235994580344
204.357591240944,365.640881955468,4.05728639206545
124.629600486203,411.739122455079,3.46817988906414
623.868215540635,313.757976492982,4.42368523264122
7.49603618813863,150.790024714721,4.31930626495883
539.617704568698,207.391823538388,4.13496326059298
32.3257921359761,493.414777809641,2.99386852637318
276.949736026226,25.4608212698123,3.82321145212223
531.503221999879,393.038029566049,3.46810973545506
70.6915176039283,76.8186578021143,5.17479956886736
4.57507377669286,77.4956356208306,3.61058793770327
583.315836380326,230.756695405333,3.98530639880398
441.758598271657,462.067758913266,4.73598415238583
656.77252744009,374.179959253097,3.0333370542883
104.869707706548,488.243830663436,4.38771371259331
619.476487996974,87.2262135191576,4.09940029815622
418.899450932491,258.69850499644,3.59178946164468
12.1486181389019,178.216590125882,3.30086292113613
76.2366083855741,105.038322556157,4.44338544869168
604.158605911485,202.030462091594,4.43379314330976
254.597409346271,208.252825061691,3.72741491051691
570.230136786138,443.640744058142,4.10156022185581
303.12606102848,133.72066992831,3.92213610036809
536.052416658461,459.354720441325,3.41402817927905
42.389494890906,421.175409243763,3.91004457427761
206.174295130061,296.64941471912,3.93952849779972
550.153475490065,252.248011156261,3.96889272531735
172.3233955879,42.5837407661838,4.22241471630652
499.069071186351,348.039292346229,4.4750749980436
39.871194174734,51.3072981296844,4.33583166759627
531.7626501093,134.987143538902,4.60862333099
NA,NA,NA
659.039907685222,330.394561541978,3.50477717321335
455.347647182647,302.419082206511,3.72999465812232
11.6629609523525,499.103685016871,3.63515520084376
560.533781421306,49.7011431605192,4.21467061885635
78.7852965900898,378.171461066941,4.06777686103584
227.360016321492,415.689191632072,3.85112594149849
426.898243868182,10.6424475994979,3.45495770738717
362.256052224694,291.241531839823,2.99093937688114
601.102604218469,109.908602587772,4.25196886476954
395.587546734361,228.928453370725,4.38217542589716
560.126173281639,407.518065680244,4.71981155863677
137.2648912767,278.896112906023,4.73235994580344
204.357591240944,365.640881955468,4.05728639206545
124.629600486203,411.739122455079,3.46817988906414
623.868215540635,313.757976492982,4.42368523264122
7.49603618813863,150.790024714721,4.31930626495883
539.617704568698,207.391823538388,4.13496326059298
32.3257921359761,493.414777809641,2.99386852637318
276.949736026226,25.4608212698123,3.82321145212223
531.503221999879,393.038029566049,3.46810973545506
70.6915176039283,76.8186578021143,5.17479956886736
4.57507377669286,77.4956356208306,3.61058793770327
583.315836380326,230.756695405333,3.98530639880398
441.758598271657,462.067758913266,4.73598415238583
656.77252744009,374.179959253097,3.0333370542883
104.869707706548,488.243830663436,4.38771371259331
619.476487996974,87.2262135191576,4.09940029815622
418.899450932491,258.69850499644,3.59178946164468
12.1486181389019,178.216590125882,3.30086292113613
76.2366083855741,105.038322556157,4.44338544869168
604.158605911485,202.030462091594,4.43379314330976
254.597409346271,208.252825061691,3.72741491051691
570.230136786138,443.640744058142,4.10156022185581
303.12606102848,133.72066992831,3.92213610036809
536.052416658461,459.354720441325,3.41402817927905
42.389494890906,421.175409243763,3.91004457427761
206.174295130061,296.64941471912,3.93952849779972
550.153475490065,252.248011156261,3.96889272531735
172.3233955879,42.5837407661838,4.22241471630652
499.069071186351,348.039292346229,4.4750749980436
39.871194174734,51.3072981296844,4.33583166759627
531.7626501093,134.987143538902,4.60862333099
NA,NA,NA
661.483521710809,333.503917478476,3.4484410138434
454.087729206645,299.366572171159,3.58970021164407
6.84448094601479,494.412825553232,3.63319286878529
563.273818422669,45.0538944824113,4.19419440209474
69.652081320298,374.867192321166,3.94652271039983
226.133808505758,413.18825520862,3.86917544475325
426.566443860196,11.5933748311319,3.4195764083943
361.935416517906,294.332063103807,3.11847359001907
600.880059665638,104.80421630332,4.17358784785622
387.923138425283,233.182127603094,4.10539008707961
568.036706046717,404.514812072791,4.7986720953506
146.40244115997,285.113507782637,4.43215192336172
200.852863423799,368.564349357989,4.00528211573763
126.17318589439,411.323867799578,3.35655905001756
631.430122307501,316.575208144053,4.7243234756463
-2.16294610556013,151.564402521416,4.28168152679684
539.622182014366,199.724621685021,4.12256940359331
32.6400703756579,492.08159979714,2.93905477521513
282.201148571655,21.6101003258689,3.91580533618353
532.671762741638,391.116464301072,3.38100788875213
83.4506751806289,78.6516648345108,5.29274547834242
1.54837792283968,74.4452120194014,3.50081367909187
590.404897212622,226.252525852701,4.02111988897913
445.754815358606,464.121145949455,4.85991886744622
660.587790226936,372.744228142696,2.93290704247749
106.134900680218,487.045833275491,4.22139444680656
623.390721710411,89.8394662787309,4.05466166268789
422.1593419295,256.190780533813,3.62618954873703
11.3697534409141,182.21765824092,3.28572614253191
67.6616515678879,116.19672667435,4.31187827333275
611.745035086484,195.009829499806,4.30311549914651
249.895866807473,218.115889682341,3.66161545591755
577.096945058701,438.611760187381,3.50137503565532
300.929487390718,138.026667839134,3.83893040372211
532.814621023822,459.083421746833,3.45683491226246
46.8552872498667,420.206838537578,3.66017466402012
198.201529603311,284.139971402796,4.53176571501378
552.30521283201,268.445403393949,4.03779784305177
167.773188502427,15.9350598445818,4.23130711062463
495.376526777673,335.38077158162,4.33306844138739
34.7389486078373,44.013746472586,3.43958038821674
533.632865262437,153.627477797417,4.69288293030785
NA,NA,NA
661.483521710809,333.503917478476,3.4484410138434
454.087729206645,299.366572171159,3.58970021164407
6.84448094601479,494.412825553232,3.63319286878529
563.273818422669,45.0538944824113,4.19419440209474
69.652081320298,374.867192321166,3.94652271039983
226.133808505758,413.18825520862,3.86917544475325
426.566443860196,11.5933748311319,3.4195764083943
361.935416517906,294.332063103807,3.11847359001907
600.880059665638,104.80421630332,4.17358784785622
387.923138425283,233.182127603094,4.10539008707961
568.036706046717,404.514812072791,4.7986720953506
146.40244115997,285.113507782637,4.43215192336172
200.852863423799,368.564349357989,4.00528211573763
126.17318589439,411.323867799578,3.35655905001756
631.430122307501,316.575208144053,4.7243234756463
-2.16294610556013,151.564402521416,4.28168152679684
539.622182014366,199.724621685021,4.12256940359331
32.6400703756579,492.08159979714,2.93905477521513
282.201148571655,21.6101003258689,3.91580533618353
532.671762741638,391.116464301072,3.38100788875213
83.4506751806289,78.6516648345108,5.29274547834242
1.54837792283968,74.4452120194014,3.50081367909187
590.404897212622,226.252525852701,4.02111988897913
445.754815358606,464.121145949455,4.85991886744622
660.587790226936,372.744228142696,2.93290704247749
106.134900680218,487.045833275491,4.22139444680656
623.390721710411,89.8394662787309,4.05466166268789
422.1593419295,256.190780533813,3.62618954873703
11.3697534409141,182.21765824092,3.28572614253191
67.6616515678879,116.19672667435,4.31187827333275
611.745035086484,195.009829499806,4.30311549914651
249.895866807473,218.115889682341,3.66161545591755
577.096945058701,438.611760187381,3.50137503565532
300.929487390718,138.026667839134,3.83893040372211
532.814621023822,459.083421746833,3.45683491226246
46.8552872498667,420.206838537578,3.66017466402012
198.201529603311,284.139971402796,4.53176571501378
552.30521283201,268.445403393949,4.03779784305177
167.773188502427,15.9350598445818,4.23130711062463
495.376526777673,335.38077158162,4.33306844138739
34.7389486078373,44.013746472586,3.43958038821674
533.632865262437,153.627477797417,4.69288293030785
NA,NA,NA
661.483521710809,333.503917478476,3.4484410138434
454.087729206645,299.366572171159,3.58970021164407
6.84448094601479,494.412825553232,3.63319286878529
563.273818422669,45.0538944824113,4.19419440209474
69.652081320298,374.867192321166,3.94652271039983
226.133808505758,413.18825520862,3.86917544475325
426.566443860196,11.5933748311319,3.4195764083943
361.935416517906,294.332063103807,3.11847359001907
600.880059665638,104.80421630332,4.17358784785622
387.923138425283,233.182127603094,4.10539008707961
568.036706046717,404.514812072791,4.7986720953506
146.40244115997,285.113507782637,4.43215192336172
200.852863423799,368.564349357989,4.00528211573763
126.17318589439,411.323867799578,3.35655905001756
631.430122307501,316.575208144053,4.7243234756463
-2.16294610556013,151.564402521416,4.28168152679684
539.622182014366,199.724621685021,4.12256940359331
32.6400703756579,492.08159979714,2.93905477521513
282.201148571655,21.6101003258689,3.91580533618353
532.671762741638,391.116464301072,3.38100788875213
83.4506751806289,78.6516648345108,5.29274547834242
1.54837792283968,74.4452120194014,3.50081367909187
590.404897212622,226.252525852701,4.02111988897913
445.754815358606,464.121145949455,4.85991886744622
660.587790226936,372.744228142696,2.93290704247749
106.134900680218,487.045833275491,4.22139444680656
623.390721710411,89.8394662787309,4.05466166268789
422.1593419295,256.190780533813,3.62618954873703
11.3697534409141,182.21765824092,3.28572614253191
67.6616515678879,116.19672667435,4.31187827333275
611.745035086484,195.009829499806,4.30311549914651
249.895866807473,218.115889682341,3.66161545591755
577.096945058701,438.611760187381,3.50137503565532
300.929487390718,138.026667839134,3.83893040372211
532.814621023822,459.083421746833,3.45683491226246
46.8552872498667,420.206838537578,3.66017466402012
198.201529603311,284.139971402796,4.53176571501378
552.30521283201,268.445403393949,4.03779784305177
167.773188502427,15.9350598445818,4.23130711062463
495.376526777673,335.38077158162,4.33306844138739
34.7389486078373,44.013746472586,3.43958038821674
533.632865262437,153.627477797417,4.69288293030785
NA,NA,NA
661.483521710809,333.503917478476,3.4484410138434
454.087729206645,299.366572171159,3.58970021164407
6.84448094601479,494.412825553232,3.63319286878529
563.273818422669,45.0538944824113,4.19419440209474
69.652081320298,374.867192321166,3.94652271039983
226.133808505758,413.18825520862,3.86917544475325
426.566443860196,11.5933748311319,3.4195764083943
361.935416517906,294.332063103807,3.11847359001907
600.880059665638,104.80421630332,4.17358784785622
387.923138425283,233.182127603094,4.10539008707961
568.036706046717,404.514812072791,4.7986720953506
146.40244115997,285.113507782637,4.43215192336172
200.852863423799,368.564349357989,4.00528211573763
126.17318589439,411.323867799578,3.35655905001756
631.430122307501,316.575208144053,4.7243234756463
-2.16294610556013,151.564402521416,4.28168152679684
539.622182014366,199.724621685021,4.12256940359331
32.6400703756579,492.08159979714,2.93905477521513
282.201148571655,21.6101003258689,3.91580533618353
532.671762741638,391.116464301072,3.38100788875213
83.4506751806289,78.6516648345108,5.29274547834242
1.54837792283968,74.4452120194014,3.50081367909187
590.404897212622,226.252525852701,4.02111988897913
445.754815358606,464.121145949455,4.85991886744622
660.587790226936,372.744228142696,2.93290704247749
106.134900680218,487.045833275491,4.22139444680656
623.390721710411,89.8394662787309,4.05466166268789
422.1593419295,256.190780533813,3.62618954873703
11.3697534409141,182.21765824092,3.28572614253191
67.6616515678879,116.19672667435,4.31187827333275
611.745035086484,195.009829499806,4.30311549914651
249.895866807473,218.115889682341,3.66161545591755
577.096945058701,438.611760187381,3.50137503565532
300.929487390718,138.026667839134,3.83893040372211
532.814621023822,459.083421746833,3.45683491226246
46.8552872498667,420.206838537578,3.66017466402012
198.201529603311,284.139971402796,4.53176571501378
552.30521283201,268.445403393949,4.03779784305177
167.773188502427,15.9350598445818,4.23130711062463
495.376526777673,335.38077158162,4.33306844138739
34.7389486078373,44.013746472586,3.43958038821674
533.632865262437,153.627477797417,4.69288293030785
NA,NA,NA
661.483521710809,333.503917478476,3.4484410138434
454.087729206645,299.366572171159,3.58970021164407
6.84448094601479,494.412825553232,3.63319286878529
563.273818422669,45.0538944824113,4.19419440209474
69.652081320298,374.867192321166,3.94652271039983
226.133808505758,413.18825520862,3.86917544475325
426.566443860196,11.5933748311319,3.4195764083943
361.935416517906,294.332063103807,3.11847359001907
600.880059665638,104.80421630332,4.17358784785622
387.923138425283,233.182127603094,4.10539008707961
568.036706046717,404.514812072791,4.7986720953506
146.40244115997,285.113507782637,4.43215192336172
200.852863423799,368.564349357989,4.00528211573763
126.17318589439,411.323867799578,3.35655905001756
631.430122307501,316.575208144053,4.7243234756463
-2.16294610556013,151.564402521416,4.28168152679684
539.622182014366,199.724621685021,4.12256940359331
32.6400703756579,492.08159979714,2.93905477521513
282.201148571655,21.6101003258689,3.91580533618353
532.671762741638,391.116464301072,3.38100788875213
83.4506751806289,78.6516648345108,5.29274547834242
1.54837792283968,74.4452120194014,3.50081367909187
590.404897212622,226.252525852701,4.02111988897913
445.754815358606,464.121145949455,4.85991886744622
660.587790226936,372.744228142696,2.93290704247749
106.134900680218,487.045833275491,4.22139444680656
623.390721710411,89.8394662787309,4.05466166268789
422.1593419295,256.190780533813,3.62618954873703
11.3697534409141,182.21765824092,3.28572614253191
67.6616515678879,116.19672667435,4.31187827333275
611.745035086484,195.009829499806,4.30311549914651
249.895866807473,218.115889682341,3.66161545591755
577.096945058701,438.611760187381,3.50137503565532
300.929487390718,138.026667839134,3.83893040372211
532.814621023822,459.083421746833,3.45683491226246
46.8552872498667,420.206838537578,3.66017466402012
198.201529603311,284.139971402796,4.53176571501378
552.30521283201,268.445403393949,4.03779784305177
167.773188502427,15.9350598445818,4.23130711062463
495.376526777673,335.38077158162,4.33306844138739
34.7389486078373,44.013746472586,3.43958038821674
533.632865262437,153.627477797417,4.69288293030785
NA,NA,NA
661.483521710809,333.503917478476,3.4484410138434
454.087729206645,299.366572171159,3.58970021164407
6.84448094601479,494.412825553232,3.63319286878529
563.273818422669,45.0538944824113,4.19419440209474
69.652081320298,374.867192321166,3.94652271039983
226.133808505758,413.18825520862,3.86917544475325
426.566443860196,11.5933748311319,3.4195764083943
361.935416517906,294.332063103807,3.11847359001907
600.880059665638,104.80421630332,4.17358784785622
387.923138425283,233.182127603094,4.10539008707961
568.036706046717,404.514812072791,4.7986720953506
146.40244115997,285.113507782637,4.43215192336172
200.852863423799,368.564349357989,4.00528211573763
126.17318589439,411.323867799578,3.35655905001756
631.430122307501,316.575208144053,4.7243234756463
-2.16294610556013,151.564402521416,4.28168152679684
539.622182014366,199.724621685021,4.12256940359331
32.6400703756579,492.08159979714,2.93905477521513
282.201148571655,21.6101003258689,3.91580533618353
532.671762741638,391.116464301072,3.38100788875213
83.4506751806289,78.6516648345108,5.29274547834242
1.54837792283968,74.4452120194014,3.50081367909187
590.404897212622,226.252525852701,4.02111988897913
445.754815358606,464.121145949455,4.85991886744622
660.587790226936,372.744228142696,2.93290704247749
106.134900680218,487.045833275491,4.22139444680656
623.390721710411,89.8394662787309,4.05466166268789
422.1593419295,256.190780533813,3.62618954873703
11.3697534409141,182.21765824092,3.28572614253191
67.6616515678879,116.19672667435,4.31187827333275
611.745035086484,195.009829499806,4.30311549914651
249.895866807473,218.115889682341,3.66161545591755
577.096945058701,438.611760187381,3.50137503565532
300.929487390718,138.026667839134,3.83893040372211
532.814621023822,459.083421746833,3.45683491226246
46.8552872498667,420.206838537578,3.66017466402012
198.201529603311,284.139971402796,4.53176571501378
552.30521283201,268.445403393949,4.03779784305177
167.773188502427,15.9350598445818,4.23130711062463
495.376526777673,335.38077158162,4.33306844138739
34.7389486078373,44.013746472586,3.43958038821674
533.632865262437,153.627477797417,4.69288293030785
NA,NA,NA
660.315950451654,335.926845676741,3.5875282365993
455.875766583594,300.120049704299,3.45700078716219
15.3271904901492,491.933690210058,3.65135792202563
557.8025033834,55.3659554468573,4.20716658713593
71.8526130746353,379.933960365679,4.07732791074284
230.234035918529,415.703547004621,3.88440982867909
429.799233069118,10.5926327624749,3.36716350506069
360.291174156091,292.616192391298,3.11612663849822
601.22714625602,110.26206497543,4.32098822121321
391.708304951819,231.485586771742,4.17993274635895
567.210163756664,417.748864556789,4.74453685614064
137.743349661206,276.185761742245,4.76191845230991
199.136252635844,372.873381790761,4.03222164452404
126.076079656955,406.739707804311,3.40747442512084
629.200692904409,317.838751126425,4.61699197773565
0.264386447750574,150.220385773717,4.31712430876503
542.944769128794,206.18624977673,4.33229103097395
33.7493515356051,494.612115346617,3.02566322940821
278.107525124455,22.5139290805824,3.92360221948415
534.409584229497,391.427745128075,3.14791532079367
77.2423300370976,71.8076670346446,5.07010342934143
8.00957721808483,74.7075545304953,3.52894945455296
587.327910177471,230.71881583148,3.96584488946089
446.39716297742,461.261216741166,4.72879653747375
658.263386821286,373.745782791482,2.89067599572641
101.644571747449,489.538890601441,4.37580744668955
619.979919365276,86.1651075537349,4.10096152664341
421.28841285079,260.526300292954,3.73389686300298
9.53676454360525,182.401917269966,3.20536825092262
67.5386465730765,108.196110227468,4.66603905112582
621.446970547391,204.0808927829,4.37576707547914
249.756899210506,213.565498657629,3.92654914857415
572.336048246272,438.732251353635,4.01918642684372
296.686142353853,133.368541737494,3.94470943910192
529.459733781732,459.210122777458,3.52183667781056
58.7572201585702,419.528811782207,3.6529061340051
202.456291416293,288.817140957414,4.02171971945704
549.734159813823,263.486844794701,3.65806656890574
164.623085136713,26.0450872419028,4.12366974799188
486.538717919062,342.456020267009,4.70341232115594
38.5669911255679,47.4894918947725,3.75429490727689
537.189687045213,144.649826727306,4.78527923424286
NA,NA,NA
660.315950451654,335.926845676741,3.5875282365993
455.875766583594,300.120049704299,3.45700078716219
15.3271904901492,491.933690210058,3.65135792202563
557.8025033834,55.3659554468573,4.20716658713593
71.8526130746353,379.933960365679,4.07732791074284
230.234035918529,415.703547004621,3.88440982867909
429.799233069118,10.5926327624749,3.36716350506069
360.291174156091,292.616192391298,3.11612663849822
601.22714625602,110.26206497543,4.32098822121321
391.708304951819,231.485586771742,4.17993274635895
567.210163756664,417.748864556789,4.74453685614064
137.743349661206,276.185761742245,4.76191845230991
199.136252635844,372.873381790761,4.03222164452404
126.076079656955,406.739707804311,3.40747442512084
629.200692904409,317.838751126425,4.61699197773565
0.264386447750574,150.220385773717,4.31712430876503
542.944769128794,206.18624977673,4.33229103097395
33.7493515356051,494.612115346617,3.02566322940821
278.107525124455,22.5139290805824,3.92360221948415
534.409584229497,391.427745128075,3.14791532079367
77.2423300370976,71.8076670346446,5.07010342934143
8.00957721808483,74.7075545304953,3.52894945455296
587.327910177471,230.71881583148,3.96584488946089
446.39716297742,461.261216741166,4.72879653747375
658.263386821286,373.745782791482,2.89067599572641
101.644571747449,489.538890601441,4.37580744668955
619.979919365276,86.1651075537349,4.10096152664341
421.28841285079,260.526300292954,3.73389686300298
9.53676454360525,182.401917269966,3.20536825092262
67.5386465730765,108.196110227468,4.66603905112582
621.446970547391,204.0808927829,4.37576707547914
249.756899210506,213.565498657629,3.92654914857415
572.336048246272,438.732251353635,4.01918642684372
296.686142353853,133.368541737494,3.94470943910192
529.459733781732,459.210122777458,3.52183667781056
58.7572201585702,419.528811782207,3.6529061340051
202.456291416293,288.817140957414,4.02171971945704
549.734159813823,263.486844794701,3.65806656890574
164.623085136713,26.0450872419028,4.12366974799188
486.538717919062,342.456020267009,4.70341232115594
38.5669911255679,47.4894918947725,3.75429490727689
537.189687045213,144.649826727306,4.78527923424286
NA,NA,NA
660.315950451654,335.926845676741,3.5875282365993
455.875766583594,300.120049704299,3.45700078716219
15.3271904901492,491.933690210058,3.65135792202563
557.8025033834,55.3659554468573,4.20716658713593
71.8526130746353,379.933960365679,4.07732791074284
230.234035918529,415.703547004621,3.88440982867909
429.799233069118,10.5926327624749,3.36716350506069
360.291174156091,292.616192391298,3.11612663849822
601.22714625602,110.26206497543,4.32098822121321
391.708304951819,231.485586771742,4.17993274635895
567.210163756664,417.748864556789,4.74453685614064
137.743349661206,276.185761742245,4.76191845230991
199.136252635844,372.873381790761,4.03222164452404
126.076079656955,406.739707804311,3.40747442512084
629.200692904409,317.838751126425,4.61699197773565
0.264386447750574,150.220385773717,4.31712430876503
542.944769128794,206.18624977673,4.33229103097395
33.7493515356051,494.612115346617,3.02566322940821
278.107525124455,22.5139290805824,3.92360221948415
534.409584229497,391.427745128075,3.14791532079367
77.2423300370976,71.8076670346446,5.07010342934143
8.00957721808483,74.7075545304953,3.52894945455296
587.327910177471,230.71881583148,3.96584488946089
446.39716297742,461.261216741166,4.72879653747375
658.263386821286,373.745782791482,2.89067599572641
101.644571747449,489.538890601441,4.37580744668955
619.979919365276,86.1651075537349,4.10096152664341
421.28841285079,260.526300292954,3.73389686300298
9.53676454360525,182.401917269966,3.20536825092262
67.5386465730765,108.196110227468,4.66603905112582
621.446970547391,204.0808927829,4.37576707547914
249.756899210506,213.565498657629,3.92654914857415
572.336048246272,438.732251353635,4.01918642684372
296.686142353853,133.368541737494,3.94470943910192
529.459733781732,459.210122777458,3.52183667781056
58.7572201585702,419.528811782207,3.6529061340051
202.456291416293,288.817140957414,4.02171971945704
549.734159813823,263.486844794701,3.65806656890574
164.623085136713,26.0450872419028,4.12366974799188
486.538717919062,342.456020267009,4.70341232115594
38.5669911255679,47.4894918947725,3.75429490727689
537.189687045213,144.649826727306,4.78527923424286
NA,NA,NA
660.315950451654,335.926845676741,3.5875282365993
455.875766583594,300.120049704299,3.45700078716219
15.3271904901492,491.933690210058,3.65135792202563
557.8025033834,55.3659554468573,4.20716658713593
71.8526130746353,379.933960365679,4.07732791074284
230.234035918529,415.703547004621,3.88440982867909
429.799233069118,10.5926327624749,3.36716350506069
360.291174156091,292.616192391298,3.11612663849822
601.22714625602,110.26206497543,4.32098822121321
391.708304951819,231.485586771742,4.17993274635895
567.210163756664,417.748864556789,4.74453685614064
137.743349661206,276.185761742245,4.76191845230991
199.136252635844,372.873381790761,4.03222164452404
126.076079656955,406.739707804311,3.40747442512084
629.200692904409,317.838751126425,4.61699197773565
0.264386447750574,150.220385773717,4.31712430876503
542.944769128794,206.18624977673,4.33229103097395
33.7493515356051,494.612115346617,3.02566322940821
278.107525124455,22.5139290805824,3.92360221948415
534.409584229497,391.427745128075,3.14791532079367
77.2423300370976,71.8076670346446,5.07010342934143
8.00957721808483,74.7075545304953,3.52894945455296
587.327910177471,230.71881583148,3.96584488946089
446.39716297742,461.261216741166,4.72879653747375
658.263386821286,373.745782791482,2.89067599572641
101.644571747449,489.538890601441,4.37580744668955
619.979919365276,86.1651075537349,4.10096152664341
421.28841285079,260.526300292954,3.73389686300298
9.53676454360525,182.401917269966,3.20536825092262
67.5386465730765,108.196110227468,4.66603905112582
621.446970547391,204.0808927829,4.37576707547914
249.756899210506,213.565498657629,3.92654914857415
572.336048246272,438.732251353635,4.01918642684372
296.686142353853,133.368541737494,3.94470943910192
529.459733781732,459.210122777458,3.52183667781056
58.7572201585702,419.528811782207,3.6529061340051
202.456291416293,288.817140957414,4.02171971945704
549.734159813823,263.486844794701,3.65806656890574
164.623085136713,26.0450872419028,4.12366974799188
486.538717919062,342.456020267009,4.70341232115594
38.5669911255679,47.4894918947725,3.75429490727689
537.189687045213,144.649826727306,4.78527923424286
NA,NA,NA
660.315950451654,335.926845676741,3.5875282365993
455.875766583594,300.120049704299,3.45700078716219
15.3271904901492,491.933690210058,3.65135792202563
557.8025033834,55.3659554468573,4.20716658713593
71.8526130746353,379.933960365679,4.07732791074284
230.234035918529,415.703547004621,3.88440982867909
429.799233069118,10.5926327624749,3.36716350506069
360.291174156091,292.616192391298,3.11612663849822
601.22714625602,110.26206497543,4.32098822121321
391.708304951819,231.485586771742,4.17993274635895
567.210163756664,417.748864556789,4.74453685614064
137.743349661206,276.185761742245,4.76191845230991
199.136252635844,372.873381790761,4.03222164452404
126.076079656955,406.739707804311,3.40747442512084
629.200692904409,317.838751126425,4.61699197773565
0.264386447750574,150.220385773717,4.31712430876503
542.944769128794,206.18624977673,4.33229103097395
33.7493515356051,494.612115346617,3.02566322940821
278.107525124455,22.5139290805824,3.92360221948415
534.409584229497,391.427745128075,3.14791532079367
77.2423300370976,71.8076670346446,5.07010342934143
8.00957721808483,74.7075545304953,3.52894945455296
587.327910177471,230.71881583148,3.96584488946089
446.39716297742,461.261216741166,4.72879653747375
658.263386821286,373.745782791482,2.89067599572641
101.644571747449,489.538890601441,4.37580744668955
619.979919365276,86.1651075537349,4.10096152664341
421.28841285079,260.526300292954,3.73389686300298
9.53676454360525,182.401917269966,3.20536825092262
67.5386465730765,108.196110227468,4.66603905112582
621.446970547391,204.0808927829,4.37576707547914
249.756899210506,213.565498657629,3.92654914857415
572.336048246272,438.732251353635,4.01918642684372
296.686142353853,133.368541737494,3.94470943910192
529.459733781732,459.210122777458,3.52183667781056
58.7572201585702,419.528811782207,3.6529061340051
202.456291416293,288.817140957414,4.02171971945704
549.734159813823,263.486844794701,3.65806656890574
164.623085136713,26.0450872419028,4.12366974799188
486.538717919062,342.456020267009,4.70341232115594
38.5669911255679,47.4894918947725,3.75429490727689
537.189687045213,144.649826727306,4.78527923424286
NA,NA,NA
660.315950451654,335.926845676741,3.5875282365993
455.875766583594,300.120049704299,3.45700078716219
15.3271904901492,491.933690210058,3.65135792202563
557.8025033834,55.3659554468573,4.20716658713593
71.8526130746353,379.933960365679,4.07732791074284
230.234035918529,415.703547004621,3.88440982867909
429.799233069118,10.5926327624749,3.36716350506069
360.291174156091,292.616192391298,3.11612663849822
601.22714625602,110.26206497543,4.32098822121321
391.708304951819,231.485586771742,4.17993274635895
567.210163756664,417.748864556789,4.74453685614064
137.743349661206,276.185761742245,4.76191845230991
199.136252635844,372.873381790761,4.03222164452404
126.076079656955,406.739707804311,3.40747442512084
629.200692904409,317.838751126425,4.61699197773565
0.264386447750574,150.220385773717,4.31712430876503
542.944769128794,206.18624977673,4.33229103097395
33.7493515356051,494.612115346617,3.02566322940821
278.107525124455,22.5139290805824,3.92360221948415
534.409584229497,391.427745128075,3.14791532079367
77.2423300370976,71.8076670346446,5.07010342934143
8.00957721808483,74.7075545304953,3.52894945455296
587.327910177471,230.71881583148,3.96584488946089
446.39716297742,461.261216741166,4.72879653747375
658.263386821286,373.745782791482,2.89067599572641
101.644571747449,489.538890601441,4.37580744668955
619.979919365276,86.1651075537349,4.10096152664341
421.28841285079,260.526300292954,3.73389686300298
9.53676454360525,182.401917269966,3.20536825092262
67.5386465730765,108.196110227468,4.66603905112582
621.446970547391,204.0808927829,4.37576707547914
249.756899210506,213.565498657629,3.92654914857415
572.336048246272,438.732251353635,4.01918642684372
296.686142353853,133.368541737494,3.94470943910192
529.459733781732,459.210122777458,3.52183667781056
58.7572201585702,419.528811782207,3.6529061340051
202.456291416293,288.817140957414,4.02171971945704
549.734159813823,263.486844794701,3.65806656890574
164.623085136713,26.0450872419028,4.12366974799188
486.538717919062,342.456020267009,4.70341232115594
38.5669911255679,47.4894918947725,3.75429490727689
537.189687045213,144.649826727306,4.78527923424286
NA,NA,NA
661.77413260362,330.582849183147,3.58169881633017
455.254601935737,300.227423169162,3.64621096956908
10.1963102485616,496.127761248531,3.44581394749977
560.465735357092,47.8757480647726,4.03696559891731
67.0172390750082,373.409711269041,4.02381570900582
225.950090408751,412.286304035772,3.88898893614213
428.506216411569,14.2890162840089,3.35941033867603
362.054310693096,290.724882006065,2.84038016362668
608.55336229571,106.222761342753,4.21531475482014
389.124081830643,234.587877443193,4.18806887562941
570.455461109922,407.55385268989,4.73159996700859
146.2164185278,279.315826345488,4.461935678636
197.025957139764,368.629757101127,4.1430911924004
122.709811676536,411.700774371057,3.495846377323
629.356201218123,311.812081492627,4.53018248296038
1.66626657564272,142.67199070519,4.34703961726861
542.295034606343,203.838010027953,4.10137073722844
37.006000800562,493.084526406048,3.02102140172095
279.574924221496,25.2320170851536,3.89867759159896
533.869077580746,392.095195211641,3.61223396651337
68.0884404101018,77.1584690365929,5.17102472492678
0.943819141025353,74.6693503582545,3.2272987225922
585.202883122049,224.495309061014,3.91787440305319
438.935131067824,461.84278594053,4.76038575926568
660.521468028964,373.214918750161,3.17956029147464
100.126603694053,488.233343799709,4.45783112476644
624.731942008583,94.9751591717846,4.07323731145608
421.062274628192,256.841404804288,3.66218059643874
9.89066198547228,181.981738916297,3.0667444913133
59.9468303824457,122.217694991236,4.70915828284993
611.193399055099,190.464812188486,4.16630625539264
260.069511514208,221.830869005991,3.85673761695804
569.578473655777,440.60017948769,3.75534877960383
300.72693043624,137.580464315011,3.74738105253536
524.197164454103,460.418271687213,3.76701699929258
46.0832137413088,426.220576208013,3.7439622870049
195.477010321679,292.038670435815,4.49731961087121
548.276266478808,255.126884153244,3.87354513379087
168.663725366845,38.1710683257138,4.46294810970975
496.692474655457,349.25924646429,4.45900771797379
42.864944699534,44.3144730902139,3.97670451686383
539.252300419471,161.801912512663,4.50410236928377
NA,NA,NA
661.77413260362,330.582849183147,3.58169881633017
455.254601935737,300.227423169162,3.64621096956908
10.1963102485616,496.127761248531,3.44581394749977
560.465735357092,47.8757480647726,4.03696559891731
67.0172390750082,373.409711269041,4.02381570900582
225.950090408751,412.286304035772,3.88898893614213
428.506216411569,14.2890162840089,3.35941033867603
362.054310693096,290.724882006065,2.84038016362668
608.55336229571,106.222761342753,4.21531475482014
389.124081830643,234.587877443193,4.18806887562941
570.455461109922,407.55385268989,4.73159996700859
146.2164185278,279.315826345488,4.461935678636
197.025957139764,368.629757101127,4.1430911924004
122.709811676536,411.700774371057,3.495846377323
629.356201218123,311.812081492627,4.53018248296038
1.66626657564272,142.67199070519,4.34703961726861
542.295034606343,203.838010027953,4.10137073722844
37.006000800562,493.084526406048,3.02102140172095
279.574924221496,25.2320170851536,3.89867759159896
533.869077580746,392.095195211641,3.61223396651337
68.0884404101018,77.1584690365929,5.17102472492678
0.943819141025353,74.6693503582545,3.2272987225922
585.202883122049,224.495309061014,3.91787440305319
438.935131067824,461.84278594053,4.76038575926568
660.521468028964,373.214918750161,3.17956029147464
100.126603694053,488.233343799709,4.45783112476644
624.731942008583,94.9751591717846,4.07323731145608
421.062274628192,256.841404804288,3.66218059643874
9.89066198547228,181.981738916297,3.0667444913133
59.9468303824457,122.217694991236,4.70915828284993
611.193399055099,190.464812188486,4.16630625539264
260.069511514208,221.830869005991,3.85673761695804
569.578473655777,440.60017948769,3.75534877960383
300.72693043624,137.580464315011,3.74738105253536
524.197164454103,460.418271687213,3.76701699929258
46.0832137413088,426.220576208013,3.7439622870049
195.477010321679,292.038670435815,4.49731961087121
548.276266478808,255.126884153244,3.87354513379087
168.663725366845,38.1710683257138,4.46294810970975
496.692474655457,349.25924646429,4.45900771797379
42.864944699534,44.3144730902139,3.97670451686383
539.252300419471,161.801912512663,4.50410236928377
NA,NA,NA
661.77413260362,330.582849183147,3.58169881633017
455.254601935737,300.227423169162,3.64621096956908
10.1963102485616,496.127761248531,3.44581394749977
560.465735357092,47.8757480647726,4.03696559891731
67.0172390750082,373.409711269041,4.02381570900582
225.950090408751,412.286304035772,3.88898893614213
428.506216411569,14.2890162840089,3.35941033867603
362.054310693096,290.724882006065,2.84038016362668
608.55336229571,106.222761342753,4.21531475482014
389.124081830643,234.587877443193,4.18806887562941
570.455461109922,407.55385268989,4.73159996700859
146.2164185278,279.315826345488,4.461935678636
197.025957139764,368.629757101127,4.1430911924004
122.709811676536,411.700774371057,3.495846377323
629.356201218123,311.812081492627,4.53018248296038
1.66626657564272,142.67199070519,4.34703961726861
542.295034606343,203.838010027953,4.10137073722844
37.006000800562,493.084526406048,3.02102140172095
279.574924221496,25.2320170851536,3.89867759159896
533.869077580746,392.095195211641,3.61223396651337
68.0884404101018,77.1584690365929,5.17102472492678
0.943819141025353,74.6693503582545,3.2272987225922
585.202883122049,224.495309061014,3.91787440305319
438.935131067824,461.84278594053,4.76038575926568
660.521468028964,373.214918750161,3.17956029147464
100.126603694053,488.233343799709,4.45783112476644
624.731942008583,94.9751591717846,4.07323731145608
421.062274628192,256.841404804288,3.66218059643874
9.89066198547228,181.981738916297,3.0667444913133
59.9468303824457,122.217694991236,4.70915828284993
611.193399055099,190.464812188486,4.16630625539264
260.069511514208,221.830869005991,3.85673761695804
569.578473655777,440.60017948769,3.75534877960383
300.72693043624,137.580464315011,3.74738105253536
524.197164454103,460.418271687213,3.76701699929258
46.0832137413088,426.220576208013,3.7439622870049
195.477010321679,292.038670435815,4.49731961087121
548.276266478808,255.126884153244,3.87354513379087
168.663725366845,38.1710683257138,4.46294810970975
496.692474655457,349.25924646429,4.45900771797379
42.864944699534,44.3144730902139,3.97670451686383
539.252300419471,161.801912512663,4.50410236928377
NA,NA,NA
661.77413260362,330.582849183147,3.58169881633017
455.254601935737,300.227423169162,3.64621096956908
10.1963102485616,496.127761248531,3.44581394749977
560.465735357092,47.8757480647726,4.03696559891731
67.0172390750082,373.409711269041,4.02381570900582
225.950090408751,412.286304035772,3.88898893614213
428.506216411569,14.2890162840089,3.35941033867603
362.054310693096,290.724882006065,2.84038016362668
608.55336229571,106.222761342753,4.21531475482014
389.124081830643,234.587877443193,4.18806887562941
570.455461109922,407.55385268989,4.73159996700859
146.2164185278,279.315826345488,4.461935678636
197.025957139764,368.629757101127,4.1430911924004
122.709811676536,411.700774371057,3.495846377323
629.356201218123,311.812081492627,4.53018248296038
1.66626657564272,142.67199070519,4.34703961726861
542.295034606343,203.838010027953,4.10137073722844
37.006000800562,493.084526406048,3.02102140172095
279.574924221496,25.2320170851536,3.89867759159896
533.869077580746,392.095195211641,3.61223396651337
68.0884404101018,77.1584690365929,5.17102472492678
0.943819141025353,74.6693503582545,3.2272987225922
585.202883122049,224.495309061014,3.91787440305319
438.935131067824,461.84278594053,4.76038575926568
660.521468028964,373.214918750161,3.17956029147464
100.126603694053,488.233343799709,4.45783112476644
624.731942008583,94.9751591717846,4.07323731145608
421.062274628192,256.841404804288,3.66218059643874
9.89066198547228,181.981738916297,3.0667444913133
59.9468303824457,122.217694991236,4.70915828284993
611.193399055099,190.464812188486,4.16630625539264
260.069511514208,221.830869005991,3.85673761695804
569.578473655777,440.60017948769,3.75534877960383
300.72693043624,137.580464315011,3.74738105253536
524.197164454103,460.418271687213,3.76701699929258
46.0832137413088,426.220576208013,3.7439622870049
195.477010321679,292.038670435815,4.49731961087121
548.276266478808,255.126884153244,3.87354513379087
168.663725366845,38.1710683257138,4.46294810970975
496.692474655457,349.25924646429,4.45900771797379
42.864944699534,44.3144730902139,3.97670451686383
539.252300419471,161.801912512663,4.50410236928377
NA,NA,NA
661.77413260362,330.582849183147,3.58169881633017
455.254601935737,300.227423169162,3.64621096956908
10.1963102485616,496.127761248531,3.44581394749977
560.465735357092,47.8757480647726,4.03696559891731
67.0172390750082,373.409711269041,4.02381570900582
225.950090408751,412.286304035772,3.88898893614213
428.506216411569,14.2890162840089,3.35941033867603
362.054310693096,290.724882006065,2.84038016362668
608.55336229571,106.222761342753,4.21531475482014
389.124081830643,234.587877443193,4.18806887562941
570.455461109922,407.55385268989,4.73159996700859
146.2164185278,279.315826345488,4.461935678636
197.025957139764,368.629757101127,4.1430911924004
122.709811676536,411.700774371057,3.495846377323
629.356201218123,311.812081492627,4.53018248296038
1.66626657564272,142.67199070519,4.34703961726861
542.295034606343,203.838010027953,4.10137073722844
37.006000800562,493.084526406048,3.02102140172095
279.574924221496,25.2320170851536,3.89867759159896
533.869077580746,392.095195211641,3.61223396651337
68.0884404101018,77.1584690365929,5.17102472492678
0.943819141025353,74.6693503582545,3.2272987225922
585.202883122049,224.495309061014,3.91787440305319
438.935131067824,461.84278594053,4.76038575926568
660.521468028964,373.214918750161,3.17956029147464
100.126603694053,488.233343799709,4.45783112476644
624.731942008583,94.9751591717846,4.07323731145608
421.062274628192,256.841404804288,3.66218059643874
9.89066198547228,181.981738916297,3.0667444913133
59.9468303824457,122.217694991236,4.70915828284993
611.193399055099,190.464812188486,4.16630625539264
260.069511514208,221.830869005991,3.85673761695804
569.578473655777,440.60017948769,3.75534877960383
300.72693043624,137.580464315011,3.74738105253536
524.197164454103,460.418271687213,3.76701699929258
46.0832137413088,426.220576208013,3.7439622870049
195.477010321679,292.038670435815,4.49731961087121
548.276266478808,255.126884153244,3.87354513379087
168.663725366845,38.1710683257138,4.46294810970975
496.692474655457,349.25924646429,4.45900771797379
42.864944699534,44.3144730902139,3.97670451686383
539.252300419471,161.801912512663,4.50410236928377
NA,NA,NA
661.77413260362,330.582849183147,3.58169881633017
455.254601935737,300.227423169162,3.64621096956908
10.1963102485616,496.127761248531,3.44581394749977
560.465735357092,47.8757480647726,4.03696559891731
67.0172390750082,373.409711269041,4.02381570900582
225.950090408751,412.286304035772,3.88898893614213
428.506216411569,14.2890162840089,3.35941033867603
362.054310693096,290.724882006065,2.84038016362668
608.55336229571,106.222761342753,4.21531475482014
389.124081830643,234.587877443193,4.18806887562941
570.455461109922,407.55385268989,4.73159996700859
146.2164185278,279.315826345488,4.461935678636
197.025957139764,368.629757101127,4.1430911924004
122.709811676536,411.700774371057,3.495846377323
629.356201218123,311.812081492627,4.53018248296038
1.66626657564272,142.67199070519,4.34703961726861
542.295034606343,203.838010027953,4.10137073722844
37.006000800562,493.084526406048,3.02102140172095
279.574924221496,25.2320170851536,3.89867759159896
533.869077580746,392.095195211641,3.61223396651337
68.0884404101018,77.1584690365929,5.17102472492678
0.943819141025353,74.6693503582545,3.2272987225922
585.202883122049,224.495309061014,3.91787440305319
438.935131067824,461.84278594053,4.76038575926568
660.521468028964,373.214918750161,3.17956029147464
100.126603694053,488.233343799709,4.45783112476644
624.731942008583,94.9751591717846,4.07323731145608
421.062274628192,256.841404804288,3.66218059643874
9.89066198547228,181.981738916297,3.0667444913133
59.9468303824457,122.217694991236,4.70915828284993
611.193399055099,190.464812188486,4.16630625539264
260.069511514208,221.830869005991,3.85673761695804
569.578473655777,440.60017948769,3.75534877960383
300.72693043624,137.580464315011,3.74738105253536
524.197164454103,460.418271687213,3.76701699929258
46.0832137413088,426.220576208013,3.7439622870049
195.477010321679,292.038670435815,4.49731961087121
548.276266478808,255.126884153244,3.87354513379087
168.663725366845,38.1710683257138,4.46294810970975
496.692474655457,349.25924646429,4.45900771797379
42.864944699534,44.3144730902139,3.97670451686383
539.252300419471,161.801912512663,4.50410236928377
NA,NA,NA
659.419723991484,333.429470964339,3.56471979272441
457.371527983966,298.313537448981,3.82807153815528
8.62089291467449,492.320295850481,3.54589822808988
563.068737492061,49.2268837652667,4.19450775978944
75.8072577705134,371.543886936276,4.00487886890326
226.641473144626,415.361763643195,3.87369639102265
428.065996896046,12.9778276498072,3.31848648919205
360.409064011674,293.549614436888,2.98448365884837
602.058769491858,109.404940070958,4.19623972272551
395.310477142869,229.169268302555,4.16726186077987
574.078270976771,410.915030934606,4.71505084303852
131.679795630937,283.129093157999,4.52928711530743
201.2439988598,370.333862441976,4.01133093366882
124.632144928856,412.294538200132,3.59033109380258
625.544169186584,313.002793457383,4.52429025530773
-0.955171879473291,148.188044342707,4.20737402778218
543.939724582655,202.940101366218,4.16022950683826
33.4577342812352,491.972064796327,3.06013174840729
278.417808715965,23.5486511736632,3.88941943942559
533.142501041431,391.841932961164,3.36820540355215
76.2572905606778,78.6403919226596,5.29986072964049
6.08091923983995,79.1091257469534,3.55063650004654
585.331628006558,227.149842203289,3.99277600899885
446.189369177662,458.031086145226,4.81129560741374
658.291405219962,374.034587946129,3.16546657886062
111.984501221756,484.84791162993,4.42088428733849
625.618705710819,88.0328403684998,4.10801237775303
419.597152782322,258.355569738402,3.61120570349855
11.8509982465273,181.830397937587,3.25885593054049
73.2163497780355,119.077537961844,4.32234369864371
609.906187067628,210.435018161073,4.46454198139164
251.470613149601,225.221904806345,4.14954895553331
574.612227721744,426.231106844844,3.89942398889149
297.314808190724,143.267867595449,3.74473566129835
529.15956501022,459.436567114836,3.58261781018374
42.0884347278269,413.764862302202,3.40456577369413
206.016390296656,292.97596735558,3.98790955252886
537.475862519081,265.303891994483,3.65899306870216
166.31193435819,33.8729148051288,4.35324087620227
508.717964884096,347.593231519312,4.6895897182651
44.0273135752082,50.16804484475,4.01202051526621
550.450718723778,139.554035221069,4.77043134180373
NA,NA,NA
659.419723991484,333.429470964339,3.56471979272441
457.371527983966,298.313537448981,3.82807153815528
8.62089291467449,492.320295850481,3.54589822808988
563.068737492061,49.2268837652667,4.19450775978944
75.8072577705134,371.543886936276,4.00487886890326
226.641473144626,415.361763643195,3.87369639102265
428.065996896046,12.9778276498072,3.31848648919205
360.409064011674,293.549614436888,2.98448365884837
602.058769491858,109.404940070958,4.19623972272551
395.310477142869,229.169268302555,4.16726186077987
574.078270976771,410.915030934606,4.71505084303852
131.679795630937,283.129093157999,4.52928711530743
201.2439988598,370.333862441976,4.01133093366882
124.632144928856,412.294538200132,3.59033109380258
625.544169186584,313.002793457383,4.52429025530773
-0.955171879473291,148.188044342707,4.20737402778218
543.939724582655,202.940101366218,4.16022950683826
33.4577342812352,491.972064796327,3.06013174840729
278.417808715965,23.5486511736632,3.88941943942559
533.142501041431,391.841932961164,3.36820540355215
76.2572905606778,78.6403919226596,5.29986072964049
6.08091923983995,79.1091257469534,3.55063650004654
585.331628006558,227.149842203289,3.99277600899885
446.189369177662,458.031086145226,4.81129560741374
658.291405219962,374.034587946129,3.16546657886062
111.984501221756,484.84791162993,4.42088428733849
625.618705710819,88.0328403684998,4.10801237775303
419.597152782322,258.355569738402,3.61120570349855
11.8509982465273,181.830397937587,3.25885593054049
73.2163497780355,119.077537961844,4.32234369864371
609.906187067628,210.435018161073,4.46454198139164
251.470613149601,225.221904806345,4.14954895553331
574.612227721744,426.231106844844,3.89942398889149
297.314808190724,143.267867595449,3.74473566129835
529.15956501022,459.436567114836,3.58261781018374
42.0884347278269,413.764862302202,3.40456577369413
206.016390296656,292.97596735558,3.98790955252886
537.475862519081,265.303891994483,3.65899306870216
166.31193435819,33.8729148051288,4.35324087620227
508.717964884096,347.593231519312,4.6895897182651
44.0273135752082,50.16804484475,4.01202051526621
550.450718723778,139.554035221069,4.77043134180373
NA,NA,NA
659.419723991484,333.429470964339,3.56471979272441
457.371527983966,298.313537448981,3.82807153815528
8.62089291467449,492.320295850481,3.54589822808988
563.068737492061,49.2268837652667,4.19450775978944
75.8072577705134,371.543886936276,4.00487886890326
226.641473144626,415.361763643195,3.87369639102265
428.065996896046,12.9778276498072,3.31848648919205
360.409064011674,293.549614436888,2.98448365884837
602.058769491858,109.404940070958,4.19623972272551
395.310477142869,229.169268302555,4.16726186077987
574.078270976771,410.915030934606,4.71505084303852
131.679795630937,283.129093157999,4.52928711530743
201.2439988598,370.333862441976,4.01133093366882
124.632144928856,412.294538200132,3.59033109380258
625.544169186584,313.002793457383,4.52429025530773
-0.955171879473291,148.188044342707,4.20737402778218
543.939724582655,202.940101366218,4.16022950683826
33.4577342812352,491.972064796327,3.06013174840729
278.417808715965,23.5486511736632,3.88941943942559
533.142501041431,391.841932961164,3.36820540355215
76.2572905606778,78.6403919226596,5.29986072964049
6.08091923983995,79.1091257469534,3.55063650004654
585.331628006558,227.149842203289,3.99277600899885
446.189369177662,458.031086145226,4.81129560741374
658.291405219962,374.034587946129,3.16546657886062
111.984501221756,484.84791162993,4.42088428733849
625.618705710819,88.0328403684998,4.10801237775303
419.597152782322,258.355569738402,3.61120570349855
11.8509982465273,181.830397937587,3.25885593054049
73.2163497780355,119.077537961844,4.32234369864371
609.906187067628,210.435018161073,4.46454198139164
251.470613149601,225.221904806345,4.14954895553331
574.612227721744,426.231106844844,3.89942398889149
297.314808190724,143.267867595449,3.74473566129835
529.15956501022,459.436567114836,3.58261781018374
42.0884347278269,413.764862302202,3.40456577369413
206.016390296656,292.97596735558,3.98790955252886
537.475862519081,265.303891994483,3.65899306870216
166.31193435819,33.8729148051288,4.35324087620227
508.717964884096,347.593231519312,4.6895897182651
44.0273135752082,50.16804484475,4.01202051526621
550.450718723778,139.554035221069,4.77043134180373
NA,NA,NA
659.419723991484,333.429470964339,3.56471979272441
457.371527983966,298.313537448981,3.82807153815528
8.62089291467449,492.320295850481,3.54589822808988
563.068737492061,49.2268837652667,4.19450775978944
75.8072577705134,371.543886936276,4.00487886890326
226.641473144626,415.361763643195,3.87369639102265
428.065996896046,12.9778276498072,3.31848648919205
360.409064011674,293.549614436888,2.98448365884837
602.058769491858,109.404940070958,4.19623972272551
395.310477142869,229.169268302555,4.16726186077987
574.078270976771,410.915030934606,4.71505084303852
131.679795630937,283.129093157999,4.52928711530743
201.2439988598,370.333862441976,4.01133093366882
124.632144928856,412.294538200132,3.59033109380258
625.544169186584,313.002793457383,4.52429025530773
-0.955171879473291,148.188044342707,4.20737402778218
543.939724582655,202.940101366218,4.16022950683826
33.4577342812352,491.972064796327,3.06013174840729
278.417808715965,23.5486511736632,3.88941943942559
533.142501041431,391.841932961164,3.36820540355215
76.2572905606778,78.6403919226596,5.29986072964049
6.08091923983995,79.1091257469534,3.55063650004654
585.331628006558,227.149842203289,3.99277600899885
446.189369177662,458.031086145226,4.81129560741374
658.291405219962,374.034587946129,3.16546657886062
111.984501221756,484.84791162993,4.42088428733849
625.618705710819,88.0328403684998,4.10801237775303
419.597152782322,258.355569738402,3.61120570349855
11.8509982465273,181.830397937587,3.25885593054049
73.2163497780355,119.077537961844,4.32234369864371
609.906187067628,210.435018161073,4.46454198139164
251.470613149601,225.221904806345,4.14954895553331
574.612227721744,426.231106844844,3.89942398889149
297.314808190724,143.267867595449,3.74473566129835
529.15956501022,459.436567114836,3.58261781018374
42.0884347278269,413.764862302202,3.40456577369413
206.016390296656,292.97596735558,3.98790955252886
537.475862519081,265.303891994483,3.65899306870216
166.31193435819,33.8729148051288,4.35324087620227
508.717964884096,347.593231519312,4.6895897182651
44.0273135752082,50.16804484475,4.01202051526621
550.450718723778,139.554035221069,4.77043134180373
NA,NA,NA
659.419723991484,333.429470964339,3.56471979272441
457.371527983966,298.313537448981,3.82807153815528
8.62089291467449,492.320295850481,3.54589822808988
563.068737492061,49.2268837652667,4.19450775978944
75.8072577705134,371.543886936276,4.00487886890326
226.641473144626,415.361763643195,3.87369639102265
428.065996896046,12.9778276498072,3.31848648919205
360.409064011674,293.549614436888,2.98448365884837
602.058769491858,109.404940070958,4.19623972272551
395.310477142869,229.169268302555,4.16726186077987
574.078270976771,410.915030934606,4.71505084303852
131.679795630937,283.129093157999,4.52928711530743
201.2439988598,370.333862441976,4.01133093366882
124.632144928856,412.294538200132,3.59033109380258
625.544169186584,313.002793457383,4.52429025530773
-0.955171879473291,148.188044342707,4.20737402778218
543.939724582655,202.940101366218,4.16022950683826
33.4577342812352,491.972064796327,3.06013174840729
278.417808715965,23.5486511736632,3.88941943942559
533.142501041431,391.841932961164,3.36820540355215
76.2572905606778,78.6403919226596,5.29986072964049
6.08091923983995,79.1091257469534,3.55063650004654
585.331628006558,227.149842203289,3.99277600899885
446.189369177662,458.031086145226,4.81129560741374
658.291405219962,374.034587946129,3.16546657886062
111.984501221756,484.84791162993,4.42088428733849
625.618705710819,88.0328403684998,4.10801237775303
419.597152782322,258.355569738402,3.61120570349855
11.8509982465273,181.830397937587,3.25885593054049
73.2163497780355,119.077537961844,4.32234369864371
609.906187067628,210.435018161073,4.46454198139164
251.470613149601,225.221904806345,4.14954895553331
574.612227721744,426.231106844844,3.89942398889149
297.314808190724,143.267867595449,3.74473566129835
529.15956501022,459.436567114836,3.58261781018374
42.0884347278269,413.764862302202,3.40456577369413
206.016390296656,292.97596735558,3.98790955252886
537.475862519081,265.303891994483,3.65899306870216
166.31193435819,33.8729148051288,4.35324087620227
508.717964884096,347.593231519312,4.6895897182651
44.0273135752082,50.16804484475,4.01202051526621
550.450718723778,139.554035221069,4.77043134180373
NA,NA,NA
659.419723991484,333.429470964339,3.56471979272441
457.371527983966,298.313537448981,3.82807153815528
8.62089291467449,492.320295850481,3.54589822808988
563.068737492061,49.2268837652667,4.19450775978944
75.8072577705134,371.543886936276,4.00487886890326
226.641473144626,415.361763643195,3.87369639102265
428.065996896046,12.9778276498072,3.31848648919205
360.409064011674,293.549614436888,2.98448365884837
602.058769491858,109.404940070958,4.19623972272551
395.310477142869,229.169268302555,4.16726186077987
574.078270976771,410.915030934606,4.71505084303852
131.679795630937,283.129093157999,4.52928711530743
201.2439988598,370.333862441976,4.01133093366882
124.632144928856,412.294538200132,3.59033109380258
625.544169186584,313.002793457383,4.52429025530773
-0.955171879473291,148.188044342707,4.20737402778218
543.939724582655,202.940101366218,4.16022950683826
33.4577342812352,491.972064796327,3.06013174840729
278.417808715965,23.5486511736632,3.88941943942559
533.142501041431,391.841932961164,3.36820540355215
76.2572905606778,78.6403919226596,5.29986072964049
6.08091923983995,79.1091257469534,3.55063650004654
585.331628006558,227.149842203289,3.99277600899885
446.189369177662,458.031086145226,4.81129560741374
658.291405219962,374.034587946129,3.16546657886062
111.984501221756,484.84791162993,4.42088428733849
625.618705710819,88.0328403684998,4.10801237775303
419.597152782322,258.355569738402,3.61120570349855
11.8509982465273,181.830397937587,3.25885593054049
73.2163497780355,119.077537961844,4.32234369864371
609.906187067628,210.435018161073,4.46454198139164
251.470613149601,225.221904806345,4.14954895553331
574.612227721744,426.231106844844,3.89942398889149
297.314808190724,143.267867595449,3.74473566129835
529.15956501022,459.436567114836,3.58261781018374
42.0884347278269,413.764862302202,3.40456577369413
206.016390296656,292.97596735558,3.98790955252886
537.475862519081,265.303891994483,3.65899306870216
166.31193435819,33.8729148051288,4.35324087620227
508.717964884096,347.593231519312,4.6895897182651
44.0273135752082,50.16804484475,4.01202051526621
550.450718723778,139.554035221069,4.77043134180373
NA,NA,NA
657.840277072938,334.670483943554,3.4930043724741
456.387089920564,298.42075490484,3.53182796331775
12.6691529666307,493.977096070024,3.56777134549559
559.83219206721,49.1898433239584,4.09620120625041
72.2737122607446,375.069260905783,3.96131612618846
232.216963011873,412.600588615761,3.95345927448868
427.789384353271,13.7095900371841,3.43501835886601
359.229278069325,291.890448185905,2.89407784757652
607.588420769821,98.9275735825649,4.23867641578424
395.236033878677,226.00891623478,4.26644851081088
569.099508171326,407.164539126384,4.74415221394776
139.111233255539,279.716836858322,4.62690715125329
198.090301855099,371.625391791412,4.03676827072488
125.758581219692,408.361362837128,3.39588317391758
626.18728461972,310.69535334474,4.56051555873171
8.55761787021165,144.281623652322,4.22302380812805
545.438686369798,205.192257852203,4.14268340012909
32.1650753121322,491.319521180764,2.97767558834033
280.419344986341,26.4790963794499,3.79999497736194
537.013542487493,391.274220394765,3.41127793020759
84.7973798707742,73.8562440638249,5.09208625720288
2.94680642333735,77.032260265654,3.49878775440778
586.171040677746,224.150222187308,4.05416056960235
439.687678046747,460.338757090642,4.80549681764302
659.455256507285,375.63046050728,2.84834230785394
105.756261839905,489.85492261705,4.3957131987036
627.251409411163,91.9302920342235,4.00251563543574
418.488303488667,260.131954390507,3.64303050252809
11.8993731142937,183.043733142191,3.04929374321571
69.9270432322261,109.211841686046,4.60875254155443
630.219297981446,203.579369582092,4.40932047292205
252.13603889866,221.150361206445,3.54270836336527
573.907395418703,430.426835512605,3.727249478535
300.248259892972,134.765301340196,4.02041803595899
529.019589043156,461.672718524529,3.7017412880742
54.4670046802469,420.908522088863,3.97224439262292
204.096934673464,296.410599734355,4.21339279689039
557.394454074984,260.149137624724,3.31316941361287
179.118499915674,47.0594827291284,4.0870029276056
492.487385622578,345.544686028672,4.41606363766551
31.5952863690999,40.4062630325842,3.76960796540887
528.849913548473,135.057841212089,4.76449263722602
NA,NA,NA
657.840277072938,334.670483943554,3.4930043724741
456.387089920564,298.42075490484,3.53182796331775
12.6691529666307,493.977096070024,3.56777134549559
559.83219206721,49.1898433239584,4.09620120625041
72.2737122607446,375.069260905783,3.96131612618846
232.216963011873,412.600588615761,3.95345927448868
427.789384353271,13.7095900371841,3.43501835886601
359.229278069325,291.890448185905,2.89407784757652
607.588420769821,98.9275735825649,4.23867641578424
395.236033878677,226.00891623478,4.26644851081088
569.099508171326,407.164539126384,4.74415221394776
139.111233255539,279.716836858322,4.62690715125329
198.090301855099,371.625391791412,4.03676827072488
125.758581219692,408.361362837128,3.39588317391758
626.18728461972,310.69535334474,4.56051555873171
8.55761787021165,144.281623652322,4.22302380812805
545.438686369798,205.192257852203,4.14268340012909
32.1650753121322,491.319521180764,2.97767558834033
280.419344986341,26.4790963794499,3.79999497736194
537.013542487493,391.274220394765,3.41127793020759
84.7973798707742,73.8562440638249,5.09208625720288
2.94680642333735,77.032260265654,3.49878775440778
586.171040677746,224.150222187308,4.05416056960235
439.687678046747,460.338757090642,4.80549681764302
659.455256507285,375.63046050728,2.84834230785394
105.756261839905,489.85492261705,4.3957131987036
627.251409411163,91.9302920342235,4.00251563543574
418.488303488667,260.131954390507,3.64303050252809
11.8993731142937,183.043733142191,3.04929374321571
69.9270432322261,109.211841686046,4.60875254155443
630.219297981446,203.579369582092,4.40932047292205
252.13603889866,221.150361206445,3.54270836336527
573.907395418703,430.426835512605,3.727249478535
300.248259892972,134.765301340196,4.02041803595899
529.019589043156,461.672718524529,3.7017412880742
54.4670046802469,420.908522088863,3.97224439262292
204.096934673464,296.410599734355,4.21339279689039
557.394454074984,260.149137624724,3.31316941361287
179.118499915674,47.0594827291284,4.0870029276056
492.487385622578,345.544686028672,4.41606363766551
31.5952863690999,40.4062630325842,3.76960796540887
528.849913548473,135.057841212089,4.76449263722602
NA,NA,NA
657.840277072938,334.670483943554,3.4930043724741
456.387089920564,298.42075490484,3.53182796331775
12.6691529666307,493.977096070024,3.56777134549559
559.83219206721,49.1898433239584,4.09620120625041
72.2737122607446,375.069260905783,3.96131612618846
232.216963011873,412.600588615761,3.95345927448868
427.789384353271,13.7095900371841,3.43501835886601
359.229278069325,291.890448185905,2.89407784757652
607.588420769821,98.9275735825649,4.23867641578424
395.236033878677,226.00891623478,4.26644851081088
569.099508171326,407.164539126384,4.74415221394776
139.111233255539,279.716836858322,4.62690715125329
198.090301855099,371.625391791412,4.03676827072488
125.758581219692,408.361362837128,3.39588317391758
626.18728461972,310.69535334474,4.56051555873171
8.55761787021165,144.281623652322,4.22302380812805
545.438686369798,205.192257852203,4.14268340012909
32.1650753121322,491.319521180764,2.97767558834033
280.419344986341,26.4790963794499,3.79999497736194
537.013542487493,391.274220394765,3.41127793020759
84.7973798707742,73.8562440638249,5.09208625720288
2.94680642333735,77.032260265654,3.49878775440778
586.171040677746,224.150222187308,4.05416056960235
439.687678046747,460.338757090642,4.80549681764302
659.455256507285,375.63046050728,2.84834230785394
105.756261839905,489.85492261705,4.3957131987036
627.251409411163,91.9302920342235,4.00251563543574
418.488303488667,260.131954390507,3.64303050252809
11.8993731142937,183.043733142191,3.04929374321571
69.9270432322261,109.211841686046,4.60875254155443
630.219297981446,203.579369582092,4.40932047292205
252.13603889866,221.150361206445,3.54270836336527
573.907395418703,430.426835512605,3.727249478535
300.248259892972,134.765301340196,4.02041803595899
529.019589043156,461.672718524529,3.7017412880742
54.4670046802469,420.908522088863,3.97224439262292
204.096934673464,296.410599734355,4.21339279689039
557.394454074984,260.149137624724,3.31316941361287
179.118499915674,47.0594827291284,4.0870029276056
492.487385622578,345.544686028672,4.41606363766551
31.5952863690999,40.4062630325842,3.76960796540887
528.849913548473,135.057841212089,4.76449263722602
NA,NA,NA
657.840277072938,334.670483943554,3.4930043724741
456.387089920564,298.42075490484,3.53182796331775
12.6691529666307,493.977096070024,3.56777134549559
559.83219206721,49.1898433239584,4.09620120625041
72.2737122607446,375.069260905783,3.96131612618846
232.216963011873,412.600588615761,3.95345927448868
427.789384353271,13.7095900371841,3.43501835886601
359.229278069325,291.890448185905,2.89407784757652
607.588420769821,98.9275735825649,4.23867641578424
395.236033878677,226.00891623478,4.26644851081088
569.099508171326,407.164539126384,4.74415221394776
139.111233255539,279.716836858322,4.62690715125329
198.090301855099,371.625391791412,4.03676827072488
125.758581219692,408.361362837128,3.39588317391758
626.18728461972,310.69535334474,4.56051555873171
8.55761787021165,144.281623652322,4.22302380812805
545.438686369798,205.192257852203,4.14268340012909
32.1650753121322,491.319521180764,2.97767558834033
280.419344986341,26.4790963794499,3.79999497736194
537.013542487493,391.274220394765,3.41127793020759
84.7973798707742,73.8562440638249,5.09208625720288
2.94680642333735,77.032260265654,3.49878775440778
586.171040677746,224.150222187308,4.05416056960235
439.687678046747,460.338757090642,4.80549681764302
659.455256507285,375.63046050728,2.84834230785394
105.756261839905,489.85492261705,4.3957131987036
627.251409411163,91.9302920342235,4.00251563543574
418.488303488667,260.131954390507,3.64303050252809
11.8993731142937,183.043733142191,3.04929374321571
69.9270432322261,109.211841686046,4.60875254155443
630.219297981446,203.579369582092,4.40932047292205
252.13603889866,221.150361206445,3.54270836336527
573.907395418703,430.426835512605,3.727249478535
300.248259892972,134.765301340196,4.02041803595899
529.019589043156,461.672718524529,3.7017412880742
54.4670046802469,420.908522088863,3.97224439262292
204.096934673464,296.410599734355,4.21339279689039
557.394454074984,260.149137624724,3.31316941361287
179.118499915674,47.0594827291284,4.0870029276056
492.487385622578,345.544686028672,4.41606363766551
31.5952863690999,40.4062630325842,3.76960796540887
528.849913548473,135.057841212089,4.76449263722602
NA,NA,NA
657.840277072938,334.670483943554,3.4930043724741
456.387089920564,298.42075490484,3.53182796331775
12.6691529666307,493.977096070024,3.56777134549559
559.83219206721,49.1898433239584,4.09620120625041
72.2737122607446,375.069260905783,3.96131612618846
232.216963011873,412.600588615761,3.95345927448868
427.789384353271,13.7095900371841,3.43501835886601
359.229278069325,291.890448185905,2.89407784757652
607.588420769821,98.9275735825649,4.23867641578424
395.236033878677,226.00891623478,4.26644851081088
569.099508171326,407.164539126384,4.74415221394776
139.111233255539,279.716836858322,4.62690715125329
198.090301855099,371.625391791412,4.03676827072488
125.758581219692,408.361362837128,3.39588317391758
626.18728461972,310.69535334474,4.56051555873171
8.55761787021165,144.281623652322,4.22302380812805
545.438686369798,205.192257852203,4.14268340012909
32.1650753121322,491.319521180764,2.97767558834033
280.419344986341,26.4790963794499,3.79999497736194
537.013542487493,391.274220394765,3.41127793020759
84.7973798707742,73.8562440638249,5.09208625720288
2.94680642333735,77.032260265654,3.49878775440778
586.171040677746,224.150222187308,4.05416056960235
439.687678046747,460.338757090642,4.80549681764302
659.455256507285,375.63046050728,2.84834230785394
105.756261839905,489.85492261705,4.3957131987036
627.251409411163,91.9302920342235,4.00251563543574
418.488303488667,260.131954390507,3.64303050252809
11.8993731142937,183.043733142191,3.04929374321571
69.9270432322261,109.211841686046,4.60875254155443
630.219297981446,203.579369582092,4.40932047292205
252.13603889866,221.150361206445,3.54270836336527
573.907395418703,430.426835512605,3.727249478535
300.248259892972,134.765301340196,4.02041803595899
529.019589043156,461.672718524529,3.7017412880742
54.4670046802469,420.908522088863,3.97224439262292
204.096934673464,296.410599734355,4.21339279689039
557.394454074984,260.149137624724,3.31316941361287
179.118499915674,47.0594827291284,4.0870029276056
492.487385622578,345.544686028672,4.41606363766551
31.5952863690999,40.4062630325842,3.76960796540887
528.849913548473,135.057841212089,4.76449263722602
NA,NA,NA
657.840277072938,334.670483943554,3.4930043724741
456.387089920564,298.42075490484,3.53182796331775
12.6691529666307,493.977096070024,3.56777134549559
559.83219206721,49.1898433239584,4.09620120625041
72.2737122607446,375.069260905783,3.96131612618846
232.216963011873,412.600588615761,3.95345927448868
427.789384353271,13.7095900371841,3.43501835886601
359.229278069325,291.890448185905,2.89407784757652
607.588420769821,98.9275735825649,4.23867641578424
395.236033878677,226.00891623478,4.26644851081088
569.099508171326,407.164539126384,4.74415221394776
139.111233255539,279.716836858322,4.62690715125329
198.090301855099,371.625391791412,4.03676827072488
125.758581219692,408.361362837128,3.39588317391758
626.18728461972,310.69535334474,4.56051555873171
8.55761787021165,144.281623652322,4.22302380812805
545.438686369798,205.192257852203,4.14268340012909
32.1650753121322,491.319521180764,2.97767558834033
280.419344986341,26.4790963794499,3.79999497736194
537.013542487493,391.274220394765,3.41127793020759
84.7973798707742,73.8562440638249,5.09208625720288
2.94680642333735,77.032260265654,3.49878775440778
586.171040677746,224.150222187308,4.05416056960235
439.687678046747,460.338757090642,4.80549681764302
659.455256507285,375.63046050728,2.84834230785394
105.756261839905,489.85492261705,4.3957131987036
627.251409411163,91.9302920342235,4.00251563543574
418.488303488667,260.131954390507,3.64303050252809
11.8993731142937,183.043733142191,3.04929374321571
69.9270432322261,109.211841686046,4.60875254155443
630.219297981446,203.579369582092,4.40932047292205
252.13603889866,221.150361206445,3.54270836336527
573.907395418703,430.426835512605,3.727249478535
300.248259892972,134.765301340196,4.02041803595899
529.019589043156,461.672718524529,3.7017412880742
54.4670046802469,420.908522088863,3.97224439262292
204.096934673464,296.410599734355,4.21339279689039
557.394454074984,260.149137624724,3.31316941361287
179.118499915674,47.0594827291284,4.0870029276056
492.487385622578,345.544686028672,4.41606363766551
31.5952863690999,40.4062630325842,3.76960796540887
528.849913548473,135.057841212089,4.76449263722602
NA,NA,NA
661.020862550205,338.479301126462,3.5275225377728
456.499419867856,297.922536180373,3.7769928634088
14.0978255012688,498.326501160528,3.63830208893002
557.624570192776,51.9827627926784,4.23877506372137
71.4162341397506,375.201714035477,4.01612676306431
226.694391211091,415.746944268445,3.87162132951186
429.09743163266,16.3161514997355,3.1468365768403
362.152058547384,293.13214822551,3.00301858461415
599.219176243807,104.12584062387,4.29384013368433
390.449527807223,230.326415171903,4.12171308912314
571.328537541612,416.99280620385,4.73093076023475
144.414686606332,282.949551629257,4.53403073061549
203.031024049649,364.479190871724,4.12662378193972
128.79948421491,413.190372064988,3.48804533179331
629.702700893771,315.445077549396,4.7214313820768
5.17950583110452,145.719937723436,4.20007346075053
542.535520822402,202.505596962631,4.29393580561287
33.3763191949599,492.40631549057,3.13741106832879
277.803999130794,24.2956629584846,3.73554039772621
536.785976497322,391.794848362508,3.40437926381885
72.0447810324074,82.8408368589466,5.25844392683176
4.10196413906178,79.198067756885,3.36357409963678
587.690055478148,229.610141251903,4.00882060896737
448.631073179007,467.407730510084,4.75039349349834
660.086575904531,371.858750954493,2.92848342517778
103.095522349236,483.907217035605,4.46808694490085
621.157269864632,93.2623735480441,4.08911012582787
418.493210772596,259.705869416203,3.70305173090623
12.4061072017308,182.427876768455,3.32784818703168
58.1768877129339,107.36135415979,4.12852723087553
606.612945097217,213.128533126698,4.14712395376811
246.736872221758,226.180371692336,3.64918720638935
565.275901974058,433.565891705235,4.06598718185861
304.211316054478,138.635736725921,3.79788937058276
529.667311705904,463.422848109004,3.40572878124597
44.6191405548054,423.510110755211,3.93983760813481
194.756168706626,300.590176659938,3.81685628210167
549.415881476214,263.958264191611,4.09910053558938
168.009336386166,30.2913552207199,4.3327863202304
510.390723394748,356.640777837855,4.36478660353894
25.4904489478506,43.3358028518271,3.91435654581778
541.976829162339,139.746230954689,4.69641201305348
NA,NA,NA
661.020862550205,338.479301126462,3.5275225377728
456.499419867856,297.922536180373,3.7769928634088
14.0978255012688,498.326501160528,3.63830208893002
557.624570192776,51.9827627926784,4.23877506372137
71.4162341397506,375.201714035477,4.01612676306431
226.694391211091,415.746944268445,3.87162132951186
429.09743163266,16.3161514997355,3.1468365768403
362.152058547384,293.13214822551,3.00301858461415
599.219176243807,104.12584062387,4.29384013368433
390.449527807223,230.326415171903,4.12171308912314
571.328537541612,416.99280620385,4.73093076023475
144.414686606332,282.949551629257,4.53403073061549
203.031024049649,364.479190871724,4.12662378193972
128.79948421491,413.190372064988,3.48804533179331
629.702700893771,315.445077549396,4.7214313820768
5.17950583110452,145.719937723436,4.20007346075053
542.535520822402,202.505596962631,4.29393580561287
33.3763191949599,492.40631549057,3.13741106832879
277.803999130794,24.2956629584846,3.73554039772621
536.785976497322,391.794848362508,3.40437926381885
72.0447810324074,82.8408368589466,5.25844392683176
4.10196413906178,79.198067756885,3.36357409963678
587.690055478148,229.610141251903,4.00882060896737
448.631073179007,467.407730510084,4.75039349349834
660.086575904531,371.858750954493,2.92848342517778
103.095522349236,483.907217035605,4.46808694490085
621.157269864632,93.2623735480441,4.08911012582787
418.493210772596,259.705869416203,3.70305173090623
12.4061072017308,182.427876768455,3.32784818703168
58.1768877129339,107.36135415979,4.12852723087553
606.612945097217,213.128533126698,4.14712395376811
246.736872221758,226.180371692336,3.64918720638935
565.275901974058,433.565891705235,4.06598718185861
304.211316054478,138.635736725921,3.79788937058276
529.667311705904,463.422848109004,3.40572878124597
44.6191405548054,423.510110755211,3.93983760813481
194.756168706626,300.590176659938,3.81685628210167
549.415881476214,263.958264191611,4.09910053558938
168.009336386166,30.2913552207199,4.3327863202304
510.390723394748,356.640777837855,4.36478660353894
25.4904489478506,43.3358028518271,3.91435654581778
541.976829162339,139.746230954689,4.69641201305348
NA,NA,NA
661.020862550205,338.479301126462,3.5275225377728
456.499419867856,297.922536180373,3.7769928634088
14.0978255012688,498.326501160528,3.63830208893002
557.624570192776,51.9827627926784,4.23877506372137
71.4162341397506,375.201714035477,4.01612676306431
226.694391211091,415.746944268445,3.87162132951186
429.09743163266,16.3161514997355,3.1468365768403
362.152058547384,293.13214822551,3.00301858461415
599.219176243807,104.12584062387,4.29384013368433
390.449527807223,230.326415171903,4.12171308912314
571.328537541612,416.99280620385,4.73093076023475
144.414686606332,282.949551629257,4.53403073061549
203.031024049649,364.479190871724,4.12662378193972
128.79948421491,413.190372064988,3.48804533179331
629.702700893771,315.445077549396,4.7214313820768
5.17950583110452,145.719937723436,4.20007346075053
542.535520822402,202.505596962631,4.29393580561287
33.3763191949599,492.40631549057,3.13741106832879
277.803999130794,24.2956629584846,3.73554039772621
536.785976497322,391.794848362508,3.40437926381885
72.0447810324074,82.8408368589466,5.25844392683176
4.10196413906178,79.198067756885,3.36357409963678
587.690055478148,229.610141251903,4.00882060896737
448.631073179007,467.407730510084,4.75039349349834
660.086575904531,371.858750954493,2.92848342517778
103.095522349236,483.907217035605,4.46808694490085
621.157269864632,93.2623735480441,4.08911012582787
418.493210772596,259.705869416203,3.70305173090623
12.4061072017308,182.427876768455,3.32784818703168
58.1768877129339,107.36135415979,4.12852723087553
606.612945097217,213.128533126698,4.14712395376811
246.736872221758,226.180371692336,3.64918720638935
565.275901974058,433.565891705235,4.06598718185861
304.211316054478,138.635736725921,3.79788937058276
529.667311705904,463.422848109004,3.40572878124597
44.6191405548054,423.510110755211,3.93983760813481
194.756168706626,300.590176659938,3.81685628210167
549.415881476214,263.958264191611,4.09910053558938
168.009336386166,30.2913552207199,4.3327863202304
510.390723394748,356.640777837855,4.36478660353894
25.4904489478506,43.3358028518271,3.91435654581778
541.976829162339,139.746230954689,4.69641201305348
NA,NA,NA
661.020862550205,338.479301126462,3.5275225377728
456.499419867856,297.922536180373,3.7769928634088
14.0978255012688,498.326501160528,3.63830208893002
557.624570192776,51.9827627926784,4.23877506372137
71.4162341397506,375.201714035477,4.01612676306431
226.694391211091,415.746944268445,3.87162132951186
429.09743163266,16.3161514997355,3.1468365768403
362.152058547384,293.13214822551,3.00301858461415
599.219176243807,104.12584062387,4.29384013368433
390.449527807223,230.326415171903,4.12171308912314
571.328537541612,416.99280620385,4.73093076023475
144.414686606332,282.949551629257,4.53403073061549
203.031024049649,364.479190871724,4.12662378193972
128.79948421491,413.190372064988,3.48804533179331
629.702700893771,315.445077549396,4.7214313820768
5.17950583110452,145.719937723436,4.20007346075053
542.535520822402,202.505596962631,4.29393580561287
33.3763191949599,492.40631549057,3.13741106832879
277.803999130794,24.2956629584846,3.73554039772621
536.785976497322,391.794848362508,3.40437926381885
72.0447810324074,82.8408368589466,5.25844392683176
4.10196413906178,79.198067756885,3.36357409963678
587.690055478148,229.610141251903,4.00882060896737
448.631073179007,467.407730510084,4.75039349349834
660.086575904531,371.858750954493,2.92848342517778
103.095522349236,483.907217035605,4.46808694490085
621.157269864632,93.2623735480441,4.08911012582787
418.493210772596,259.705869416203,3.70305173090623
12.4061072017308,182.427876768455,3.32784818703168
58.1768877129339,107.36135415979,4.12852723087553
606.612945097217,213.128533126698,4.14712395376811
246.736872221758,226.180371692336,3.64918720638935
565.275901974058,433.565891705235,4.06598718185861
304.211316054478,138.635736725921,3.79788937058276
529.667311705904,463.422848109004,3.40572878124597
44.6191405548054,423.510110755211,3.93983760813481
194.756168706626,300.590176659938,3.81685628210167
549.415881476214,263.958264191611,4.09910053558938
168.009336386166,30.2913552207199,4.3327863202304
510.390723394748,356.640777837855,4.36478660353894
25.4904489478506,43.3358028518271,3.91435654581778
541.976829162339,139.746230954689,4.69641201305348
NA,NA,NA
661.020862550205,338.479301126462,3.5275225377728
456.499419867856,297.922536180373,3.7769928634088
14.0978255012688,498.326501160528,3.63830208893002
557.624570192776,51.9827627926784,4.23877506372137
71.4162341397506,375.201714035477,4.01612676306431
226.694391211091,415.746944268445,3.87162132951186
429.09743163266,16.3161514997355,3.1468365768403
362.152058547384,293.13214822551,3.00301858461415
599.219176243807,104.12584062387,4.29384013368433
390.449527807223,230.326415171903,4.12171308912314
571.328537541612,416.99280620385,4.73093076023475
144.414686606332,282.949551629257,4.53403073061549
203.031024049649,364.479190871724,4.12662378193972
128.79948421491,413.190372064988,3.48804533179331
629.702700893771,315.445077549396,4.7214313820768
5.17950583110452,145.719937723436,4.20007346075053
542.535520822402,202.505596962631,4.29393580561287
33.3763191949599,492.40631549057,3.13741106832879
277.803999130794,24.2956629584846,3.73554039772621
536.785976497322,391.794848362508,3.40437926381885
72.0447810324074,82.8408368589466,5.25844392683176
4.10196413906178,79.198067756885,3.36357409963678
587.690055478148,229.610141251903,4.00882060896737
448.631073179007,467.407730510084,4.75039349349834
660.086575904531,371.858750954493,2.92848342517778
103.095522349236,483.907217035605,4.46808694490085
621.157269864632,93.2623735480441,4.08911012582787
418.493210772596,259.705869416203,3.70305173090623
12.4061072017308,182.427876768455,3.32784818703168
58.1768877129339,107.36135415979,4.12852723087553
606.612945097217,213.128533126698,4.14712395376811
246.736872221758,226.180371692336,3.64918720638935
565.275901974058,433.565891705235,4.06598718185861
304.211316054478,138.635736725921,3.79788937058276
529.667311705904,463.422848109004,3.40572878124597
44.6191405548054,423.510110755211,3.93983760813481
194.756168706626,300.590176659938,3.81685628210167
549.415881476214,263.958264191611,4.09910053558938
168.009336386166,30.2913552207199,4.3327863202304
510.390723394748,356.640777837855,4.36478660353894
25.4904489478506,43.3358028518271,3.91435654581778
541.976829162339,139.746230954689,4.69641201305348
NA,NA,NA
661.020862550205,338.479301126462,3.5275225377728
456.499419867856,297.922536180373,3.7769928634088
14.0978255012688,498.326501160528,3.63830208893002
557.624570192776,51.9827627926784,4.23877506372137
71.4162341397506,375.201714035477,4.01612676306431
226.694391211091,415.746944268445,3.87162132951186
429.09743163266,16.3161514997355,3.1468365768403
362.152058547384,293.13214822551,3.00301858461415
599.219176243807,104.12584062387,4.29384013368433
390.449527807223,230.326415171903,4.12171308912314
571.328537541612,416.99280620385,4.73093076023475
144.414686606332,282.949551629257,4.53403073061549
203.031024049649,364.479190871724,4.12662378193972
128.79948421491,413.190372064988,3.48804533179331
629.702700893771,315.445077549396,4.7214313820768
5.17950583110452,145.719937723436,4.20007346075053
542.535520822402,202.505596962631,4.29393580561287
33.3763191949599,492.40631549057,3.13741106832879
277.803999130794,24.2956629584846,3.73554039772621
536.785976497322,391.794848362508,3.40437926381885
72.0447810324074,82.8408368589466,5.25844392683176
4.10196413906178,79.198067756885,3.36357409963678
587.690055478148,229.610141251903,4.00882060896737
448.631073179007,467.407730510084,4.75039349349834
660.086575904531,371.858750954493,2.92848342517778
103.095522349236,483.907217035605,4.46808694490085
621.157269864632,93.2623735480441,4.08911012582787
418.493210772596,259.705869416203,3.70305173090623
12.4061072017308,182.427876768455,3.32784818703168
58.1768877129339,107.36135415979,4.12852723087553
606.612945097217,213.128533126698,4.14712395376811
246.736872221758,226.180371692336,3.64918720638935
565.275901974058,433.565891705235,4.06598718185861
304.211316054478,138.635736725921,3.79788937058276
529.667311705904,463.422848109004,3.40572878124597
44.6191405548054,423.510110755211,3.93983760813481
194.756168706626,300.590176659938,3.81685628210167
549.415881476214,263.958264191611,4.09910053558938
168.009336386166,30.2913552207199,4.3327863202304
510.390723394748,356.640777837855,4.36478660353894
25.4904489478506,43.3358028518271,3.91435654581778
541.976829162339,139.746230954689,4.69641201305348
NA,NA,NA
660.896020384035,335.178673535667,3.58197463845778
455.61111197967,299.017847687239,3.65594120776261
12.4589558306091,495.995017337465,3.58368311543035
554.67456893379,44.8415550789839,4.17227954155711
77.3396808831651,377.568236385167,4.00811789210085
223.038354741369,412.701908170819,3.91911452236247
428.332313587541,13.8144815794839,3.25391240409261
361.257200398958,292.402198238828,3.08302499803276
604.117720516098,102.096073015903,4.26789098405818
392.803036384311,230.449200855668,4.22324898534834
571.723850381966,404.182729482004,4.66474192674987
146.674737814,286.600153153745,4.63086602722102
203.247021211885,368.042945123375,3.96592578040285
124.804534009853,410.608249968868,3.48549301392644
628.177238617393,313.714858408425,4.53772776769187
2.8996518798439,149.217903342332,4.27233264132478
545.71218605239,201.932883666071,4.0173705629783
32.8802727206746,493.410842470881,3.07810253022611
279.935388893207,21.0346088876199,3.75882132361561
537.201797946214,389.393064887517,3.21098628158337
72.4804406013855,85.280729096844,5.31551016713085
4.64806477176213,78.2763417018998,3.43756832345912
587.316604871609,226.282868024159,3.99017035811321
447.722767837758,460.698253017204,4.79346339690589
659.946107191625,373.368467392714,3.1363486694265
109.345914550016,484.078943270233,4.34470109512903
620.208419321359,91.9482678590873,4.01451475892065
420.885822051378,256.363957130813,3.54580160468677
10.8872994872111,179.453519892238,3.32395738421263
73.11659507772,115.227406635453,4.42814189838591
605.51757319239,215.763464947733,4.32051888869377
256.456471213815,222.100400892968,3.70537809776237
570.174981349517,439.374640487674,3.61945756568029
299.536917612298,135.495020288128,3.73637977835698
528.129299865154,453.312008155515,3.55481174924937
47.8084544582927,421.670397629464,3.9228993501945
189.512322655334,286.890632911975,3.93935492436873
543.799957239666,272.670987398461,3.54640497172411
163.617843200295,23.3050355052469,4.50763644664466
498.035685048375,342.657191424332,4.57297490304199
40.064683882621,41.0725120595506,3.89771283798955
544.417787422825,131.054223366891,4.81924744886766
NA,NA,NA
660.896020384035,335.178673535667,3.58197463845778
455.61111197967,299.017847687239,3.65594120776261
12.4589558306091,495.995017337465,3.58368311543035
554.67456893379,44.8415550789839,4.17227954155711
77.3396808831651,377.568236385167,4.00811789210085
223.038354741369,412.701908170819,3.91911452236247
428.332313587541,13.8144815794839,3.25391240409261
361.257200398958,292.402198238828,3.08302499803276
604.117720516098,102.096073015903,4.26789098405818
392.803036384311,230.449200855668,4.22324898534834
571.723850381966,404.182729482004,4.66474192674987
146.674737814,286.600153153745,4.63086602722102
203.247021211885,368.042945123375,3.96592578040285
124.804534009853,410.608249968868,3.48549301392644
628.177238617393,313.714858408425,4.53772776769187
2.8996518798439,149.217903342332,4.27233264132478
545.71218605239,201.932883666071,4.0173705629783
32.8802727206746,493.410842470881,3.07810253022611
279.935388893207,21.0346088876199,3.75882132361561
537.201797946214,389.393064887517,3.21098628158337
72.4804406013855,85.280729096844,5.31551016713085
4.64806477176213,78.2763417018998,3.43756832345912
587.316604871609,226.282868024159,3.99017035811321
447.722767837758,460.698253017204,4.79346339690589
659.946107191625,373.368467392714,3.1363486694265
109.345914550016,484.078943270233,4.34470109512903
620.208419321359,91.9482678590873,4.01451475892065
420.885822051378,256.363957130813,3.54580160468677
10.8872994872111,179.453519892238,3.32395738421263
73.11659507772,115.227406635453,4.42814189838591
605.51757319239,215.763464947733,4.32051888869377
256.456471213815,222.100400892968,3.70537809776237
570.174981349517,439.374640487674,3.61945756568029
299.536917612298,135.495020288128,3.73637977835698
528.129299865154,453.312008155515,3.55481174924937
47.8084544582927,421.670397629464,3.9228993501945
189.512322655334,286.890632911975,3.93935492436873
543.799957239666,272.670987398461,3.54640497172411
163.617843200295,23.3050355052469,4.50763644664466
498.035685048375,342.657191424332,4.57297490304199
40.064683882621,41.0725120595506,3.89771283798955
544.417787422825,131.054223366891,4.81924744886766
NA,NA,NA
660.896020384035,335.178673535667,3.58197463845778
455.61111197967,299.017847687239,3.65594120776261
12.4589558306091,495.995017337465,3.58368311543035
554.67456893379,44.8415550789839,4.17227954155711
77.3396808831651,377.568236385167,4.00811789210085
223.038354741369,412.701908170819,3.91911452236247
428.332313587541,13.8144815794839,3.25391240409261
361.257200398958,292.402198238828,3.08302499803276
604.117720516098,102.096073015903,4.26789098405818
392.803036384311,230.449200855668,4.22324898534834
571.723850381966,404.182729482004,4.66474192674987
146.674737814,286.600153153745,4.63086602722102
203.247021211885,368.042945123375,3.96592578040285
124.804534009853,410.608249968868,3.48549301392644
628.177238617393,313.714858408425,4.53772776769187
2.8996518798439,149.217903342332,4.27233264132478
545.71218605239,201.932883666071,4.0173705629783
32.8802727206746,493.410842470881,3.07810253022611
279.935388893207,21.0346088876199,3.75882132361561
537.201797946214,389.393064887517,3.21098628158337
72.4804406013855,85.280729096844,5.31551016713085
4.64806477176213,78.2763417018998,3.43756832345912
587.316604871609,226.282868024159,3.99017035811321
447.722767837758,460.698253017204,4.79346339690589
659.946107191625,373.368467392714,3.1363486694265
109.345914550016,484.078943270233,4.34470109512903
620.208419321359,91.9482678590873,4.01451475892065
420.885822051378,256.363957130813,3.54580160468677
10.8872994872111,179.453519892238,3.32395738421263
73.11659507772,115.227406635453,4.42814189838591
605.51757319239,215.763464947733,4.32051888869377
256.456471213815,222.100400892968,3.70537809776237
570.174981349517,439.374640487674,3.61945756568029
299.536917612298,135.495020288128,3.73637977835698
528.129299865154,453.312008155515,3.55481174924937
47.8084544582927,421.670397629464,3.9228993501945
189.512322655334,286.890632911975,3.93935492436873
543.799957239666,272.670987398461,3.54640497172411
163.617843200295,23.3050355052469,4.50763644664466
498.035685048375,342.657191424332,4.57297490304199
40.064683882621,41.0725120595506,3.89771283798955
544.417787422825,131.054223366891,4.81924744886766
NA,NA,NA
660.896020384035,335.178673535667,3.58197463845778
455.61111197967,299.017847687239,3.65594120776261
12.4589558306091,495.995017337465,3.58368311543035
554.67456893379,44.8415550789839,4.17227954155711
77.3396808831651,377.568236385167,4.00811789210085
223.038354741369,412.701908170819,3.91911452236247
428.332313587541,13.8144815794839,3.25391240409261
361.257200398958,292.402198238828,3.08302499803276
604.117720516098,102.096073015903,4.26789098405818
392.803036384311,230.449200855668,4.22324898534834
571.723850381966,404.182729482004,4.66474192674987
146.674737814,286.600153153745,4.63086602722102
203.247021211885,368.042945123375,3.96592578040285
124.804534009853,410.608249968868,3.48549301392644
628.177238617393,313.714858408425,4.53772776769187
2.8996518798439,149.217903342332,4.27233264132478
545.71218605239,201.932883666071,4.0173705629783
32.8802727206746,493.410842470881,3.07810253022611
279.935388893207,21.0346088876199,3.75882132361561
537.201797946214,389.393064887517,3.21098628158337
72.4804406013855,85.280729096844,5.31551016713085
4.64806477176213,78.2763417018998,3.43756832345912
587.316604871609,226.282868024159,3.99017035811321
447.722767837758,460.698253017204,4.79346339690589
659.946107191625,373.368467392714,3.1363486694265
109.345914550016,484.078943270233,4.34470109512903
620.208419321359,91.9482678590873,4.01451475892065
420.885822051378,256.363957130813,3.54580160468677
10.8872994872111,179.453519892238,3.32395738421263
73.11659507772,115.227406635453,4.42814189838591
605.51757319239,215.763464947733,4.32051888869377
256.456471213815,222.100400892968,3.70537809776237
570.174981349517,439.374640487674,3.61945756568029
299.536917612298,135.495020288128,3.73637977835698
528.129299865154,453.312008155515,3.55481174924937
47.8084544582927,421.670397629464,3.9228993501945
189.512322655334,286.890632911975,3.93935492436873
543.799957239666,272.670987398461,3.54640497172411
163.617843200295,23.3050355052469,4.50763644664466
498.035685048375,342.657191424332,4.57297490304199
40.064683882621,41.0725120595506,3.89771283798955
544.417787422825,131.054223366891,4.81924744886766
NA,NA,NA
660.896020384035,335.178673535667,3.58197463845778
455.61111197967,299.017847687239,3.65594120776261
12.4589558306091,495.995017337465,3.58368311543035
554.67456893379,44.8415550789839,4.17227954155711
77.3396808831651,377.568236385167,4.00811789210085
223.038354741369,412.701908170819,3.91911452236247
428.332313587541,13.8144815794839,3.25391240409261
361.257200398958,292.402198238828,3.08302499803276
604.117720516098,102.096073015903,4.26789098405818
392.803036384311,230.449200855668,4.22324898534834
571.723850381966,404.182729482004,4.66474192674987
146.674737814,286.600153153745,4.63086602722102
203.247021211885,368.042945123375,3.96592578040285
124.804534009853,410.608249968868,3.48549301392644
628.177238617393,313.714858408425,4.53772776769187
2.8996518798439,149.217903342332,4.27233264132478
545.71218605239,201.932883666071,4.0173705629783
32.8802727206746,493.410842470881,3.07810253022611
279.935388893207,21.0346088876199,3.75882132361561
537.201797946214,389.393064887517,3.21098628158337
72.4804406013855,85.280729096844,5.31551016713085
4.64806477176213,78.2763417018998,3.43756832345912
587.316604871609,226.282868024159,3.99017035811321
447.722767837758,460.698253017204,4.79346339690589
659.946107191625,373.368467392714,3.1363486694265
109.345914550016,484.078943270233,4.34470109512903
620.208419321359,91.9482678590873,4.01451475892065
420.885822051378,256.363957130813,3.54580160468677
10.8872994872111,179.453519892238,3.32395738421263
73.11659507772,115.227406635453,4.42814189838591
605.51757319239,215.763464947733,4.32051888869377
256.456471213815,222.100400892968,3.70537809776237
570.174981349517,439.374640487674,3.61945756568029
299.536917612298,135.495020288128,3.73637977835698
528.129299865154,453.312008155515,3.55481174924937
47.8084544582927,421.670397629464,3.9228993501945
189.512322655334,286.890632911975,3.93935492436873
543.799957239666,272.670987398461,3.54640497172411
163.617843200295,23.3050355052469,4.50763644664466
498.035685048375,342.657191424332,4.57297490304199
40.064683882621,41.0725120595506,3.89771283798955
544.417787422825,131.054223366891,4.81924744886766
NA,NA,NA
660.896020384035,335.178673535667,3.58197463845778
455.61111197967,299.017847687239,3.65594120776261
12.4589558306091,495.995017337465,3.58368311543035
554.67456893379,44.8415550789839,4.17227954155711
77.3396808831651,377.568236385167,4.00811789210085
223.038354741369,412.701908170819,3.91911452236247
428.332313587541,13.8144815794839,3.25391240409261
361.257200398958,292.402198238828,3.08302499803276
604.117720516098,102.096073015903,4.26789098405818
392.803036384311,230.449200855668,4.22324898534834
571.723850381966,404.182729482004,4.66474192674987
146.674737814,286.600153153745,4.63086602722102
203.247021211885,368.042945123375,3.96592578040285
124.804534009853,410.608249968868,3.48549301392644
628.177238617393,313.714858408425,4.53772776769187
2.8996518798439,149.217903342332,4.27233264132478
545.71218605239,201.932883666071,4.0173705629783
32.8802727206746,493.410842470881,3.07810253022611
279.935388893207,21.0346088876199,3.75882132361561
537.201797946214,389.393064887517,3.21098628158337
72.4804406013855,85.280729096844,5.31551016713085
4.64806477176213,78.2763417018998,3.43756832345912
587.316604871609,226.282868024159,3.99017035811321
447.722767837758,460.698253017204,4.79346339690589
659.946107191625,373.368467392714,3.1363486694265
109.345914550016,484.078943270233,4.34470109512903
620.208419321359,91.9482678590873,4.01451475892065
420.885822051378,256.363957130813,3.54580160468677
10.8872994872111,179.453519892238,3.32395738421263
73.11659507772,115.227406635453,4.42814189838591
605.51757319239,215.763464947733,4.32051888869377
256.456471213815,222.100400892968,3.70537809776237
570.174981349517,439.374640487674,3.61945756568029
299.536917612298,135.495020288128,3.73637977835698
528.129299865154,453.312008155515,3.55481174924937
47.8084544582927,421.670397629464,3.9228993501945
189.512322655334,286.890632911975,3.93935492436873
543.799957239666,272.670987398461,3.54640497172411
163.617843200295,23.3050355052469,4.50763644664466
498.035685048375,342.657191424332,4.57297490304199
40.064683882621,41.0725120595506,3.89771283798955
544.417787422825,131.054223366891,4.81924744886766
NA,NA,NA
660.648319178966,331.433541595062,3.60107768508009
458.656951712486,299.778953117989,3.58582806971279
11.5336184677628,496.555586053656,3.52534442646537
559.47972239777,47.6717526249428,4.3129028286242
74.6324267817874,376.391434476483,3.97833326288117
231.325903681484,410.922012006416,3.91665984451836
426.842564773088,13.8030635358999,3.43899103521917
363.267218002011,291.860521298399,3.02329782172608
603.651104450346,104.004805457115,4.12978056837615
394.82784864248,230.494840212579,4.28063290567582
561.342368242185,410.845431884081,4.76633723349934
137.136132558265,286.977120756773,4.65535886150789
195.407993692312,368.426655740134,4.02207889849359
125.29980064142,409.691023860583,3.32530906525628
621.113361681892,315.386048159902,4.61914569931617
-0.519231058365826,156.282119708764,4.27492631641882
542.640186115059,201.845256023887,4.22956662620274
35.0047234056276,490.654973014738,3.02066556601681
279.140404404976,23.7834016184984,3.965201463474
536.721253976984,391.202747244964,3.1747411756363
71.0391198387612,83.8924238989805,5.19051790352999
8.8720698863089,79.3845245511541,3.35160381581089
584.86059447112,227.424209736106,4.12445242473236
438.160290448132,457.539976364189,4.7429535847402
659.559140660779,374.774602641861,3.10785724064423
110.926935508424,487.217812500116,4.30681153935003
626.688878986639,88.5127489607653,4.06012195929639
420.159840315138,255.924975410674,3.67664621919945
9.54178102385077,182.865047662825,3.22550235553463
72.8337408801704,110.884140873784,4.46713218708562
616.341539822188,205.266065953506,4.26620247692759
249.038330914105,211.386220483071,3.61948228684963
577.791390976977,427.287927837086,3.85685024130885
299.965020343842,136.762333880446,3.88802651807349
533.320483822314,455.317226667444,3.40580867953384
47.5222939846917,417.186581386777,3.99277525092433
194.541978764612,282.545487131266,4.40397700733269
551.101519023987,259.960486137025,3.7079397832932
176.050566512664,33.1470189164547,4.3520038011698
504.854175572042,348.606698380954,4.48493888265137
28.1919264235565,60.2119474898004,3.90425143067435
542.945796855324,145.269662688599,4.73482003539673
NA,NA,NA
660.648319178966,331.433541595062,3.60107768508009
458.656951712486,299.778953117989,3.58582806971279
11.5336184677628,496.555586053656,3.52534442646537
559.47972239777,47.6717526249428,4.3129028286242
74.6324267817874,376.391434476483,3.97833326288117
231.325903681484,410.922012006416,3.91665984451836
426.842564773088,13.8030635358999,3.43899103521917
363.267218002011,291.860521298399,3.02329782172608
603.651104450346,104.004805457115,4.12978056837615
394.82784864248,230.494840212579,4.28063290567582
561.342368242185,410.845431884081,4.76633723349934
137.136132558265,286.977120756773,4.65535886150789
195.407993692312,368.426655740134,4.02207889849359
125.29980064142,409.691023860583,3.32530906525628
621.113361681892,315.386048159902,4.61914569931617
-0.519231058365826,156.282119708764,4.27492631641882
542.640186115059,201.845256023887,4.22956662620274
35.0047234056276,490.654973014738,3.02066556601681
279.140404404976,23.7834016184984,3.965201463474
536.721253976984,391.202747244964,3.1747411756363
71.0391198387612,83.8924238989805,5.19051790352999
8.8720698863089,79.3845245511541,3.35160381581089
584.86059447112,227.424209736106,4.12445242473236
438.160290448132,457.539976364189,4.7429535847402
659.559140660779,374.774602641861,3.10785724064423
110.926935508424,487.217812500116,4.30681153935003
626.688878986639,88.5127489607653,4.06012195929639
420.159840315138,255.924975410674,3.67664621919945
9.54178102385077,182.865047662825,3.22550235553463
72.8337408801704,110.884140873784,4.46713218708562
616.341539822188,205.266065953506,4.26620247692759
249.038330914105,211.386220483071,3.61948228684963
577.791390976977,427.287927837086,3.85685024130885
299.965020343842,136.762333880446,3.88802651807349
533.320483822314,455.317226667444,3.40580867953384
47.5222939846917,417.186581386777,3.99277525092433
194.541978764612,282.545487131266,4.40397700733269
551.101519023987,259.960486137025,3.7079397832932
176.050566512664,33.1470189164547,4.3520038011698
504.854175572042,348.606698380954,4.48493888265137
28.1919264235565,60.2119474898004,3.90425143067435
542.945796855324,145.269662688599,4.73482003539673
NA,NA,NA
660.648319178966,331.433541595062,3.60107768508009
458.656951712486,299.778953117989,3.58582806971279
11.5336184677628,496.555586053656,3.52534442646537
559.47972239777,47.6717526249428,4.3129028286242
74.6324267817874,376.391434476483,3.97833326288117
231.325903681484,410.922012006416,3.91665984451836
426.842564773088,13.8030635358999,3.43899103521917
363.267218002011,291.860521298399,3.02329782172608
603.651104450346,104.004805457115,4.12978056837615
394.82784864248,230.494840212579,4.28063290567582
561.342368242185,410.845431884081,4.76633723349934
137.136132558265,286.977120756773,4.65535886150789
195.407993692312,368.426655740134,4.02207889849359
125.29980064142,409.691023860583,3.32530906525628
621.113361681892,315.386048159902,4.61914569931617
-0.519231058365826,156.282119708764,4.27492631641882
542.640186115059,201.845256023887,4.22956662620274
35.0047234056276,490.654973014738,3.02066556601681
279.140404404976,23.7834016184984,3.965201463474
536.721253976984,391.202747244964,3.1747411756363
71.0391198387612,83.8924238989805,5.19051790352999
8.8720698863089,79.3845245511541,3.35160381581089
584.86059447112,227.424209736106,4.12445242473236
438.160290448132,457.539976364189,4.7429535847402
659.559140660779,374.774602641861,3.10785724064423
110.926935508424,487.217812500116,4.30681153935003
626.688878986639,88.5127489607653,4.06012195929639
420.159840315138,255.924975410674,3.67664621919945
9.54178102385077,182.865047662825,3.22550235553463
72.8337408801704,110.884140873784,4.46713218708562
616.341539822188,205.266065953506,4.26620247692759
249.038330914105,211.386220483071,3.61948228684963
577.791390976977,427.287927837086,3.85685024130885
299.965020343842,136.762333880446,3.88802651807349
533.320483822314,455.317226667444,3.40580867953384
47.5222939846917,417.186581386777,3.99277525092433
194.541978764612,282.545487131266,4.40397700733269
551.101519023987,259.960486137025,3.7079397832932
176.050566512664,33.1470189164547,4.3520038011698
504.854175572042,348.606698380954,4.48493888265137
28.1919264235565,60.2119474898004,3.90425143067435
542.945796855324,145.269662688599,4.73482003539673
NA,NA,NA
660.648319178966,331.433541595062,3.60107768508009
458.656951712486,299.778953117989,3.58582806971279
11.5336184677628,496.555586053656,3.52534442646537
559.47972239777,47.6717526249428,4.3129028286242
74.6324267817874,376.391434476483,3.97833326288117
231.325903681484,410.922012006416,3.91665984451836
426.842564773088,13.8030635358999,3.43899103521917
363.267218002011,291.860521298399,3.02329782172608
603.651104450346,104.004805457115,4.12978056837615
394.82784864248,230.494840212579,4.28063290567582
561.342368242185,410.845431884081,4.76633723349934
137.136132558265,286.977120756773,4.65535886150789
195.407993692312,368.426655740134,4.02207889849359
125.29980064142,409.691023860583,3.32530906525628
621.113361681892,315.386048159902,4.61914569931617
-0.519231058365826,156.282119708764,4.27492631641882
542.640186115059,201.845256023887,4.22956662620274
35.0047234056276,490.654973014738,3.02066556601681
279.140404404976,23.7834016184984,3.965201463474
536.721253976984,391.202747244964,3.1747411756363
71.0391198387612,83.8924238989805,5.19051790352999
8.8720698863089,79.3845245511541,3.35160381581089
584.86059447112,227.424209736106,4.12445242473236
438.160290448132,457.539976364189,4.7429535847402
659.559140660779,374.774602641861,3.10785724064423
110.926935508424,487.217812500116,4.30681153935003
626.688878986639,88.5127489607653,4.06012195929639
420.159840315138,255.924975410674,3.67664621919945
9.54178102385077,182.865047662825,3.22550235553463
72.8337408801704,110.884140873784,4.46713218708562
616.341539822188,205.266065953506,4.26620247692759
249.038330914105,211.386220483071,3.61948228684963
577.791390976977,427.287927837086,3.85685024130885
299.965020343842,136.762333880446,3.88802651807349
533.320483822314,455.317226667444,3.40580867953384
47.5222939846917,417.186581386777,3.99277525092433
194.541978764612,282.545487131266,4.40397700733269
551.101519023987,259.960486137025,3.7079397832932
176.050566512664,33.1470189164547,4.3520038011698
504.854175572042,348.606698380954,4.48493888265137
28.1919264235565,60.2119474898004,3.90425143067435
542.945796855324,145.269662688599,4.73482003539673
NA,NA,NA
660.648319178966,331.433541595062,3.60107768508009
458.656951712486,299.778953117989,3.58582806971279
11.5336184677628,496.555586053656,3.52534442646537
559.47972239777,47.6717526249428,4.3129028286242
74.6324267817874,376.391434476483,3.97833326288117
231.325903681484,410.922012006416,3.91665984451836
426.842564773088,13.8030635358999,3.43899103521917
363.267218002011,291.860521298399,3.02329782172608
603.651104450346,104.004805457115,4.12978056837615
394.82784864248,230.494840212579,4.28063290567582
561.342368242185,410.845431884081,4.76633723349934
137.136132558265,286.977120756773,4.65535886150789
195.407993692312,368.426655740134,4.02207889849359
125.29980064142,409.691023860583,3.32530906525628
621.113361681892,315.386048159902,4.61914569931617
-0.519231058365826,156.282119708764,4.27492631641882
542.640186115059,201.845256023887,4.22956662620274
35.0047234056276,490.654973014738,3.02066556601681
279.140404404976,23.7834016184984,3.965201463474
536.721253976984,391.202747244964,3.1747411756363
71.0391198387612,83.8924238989805,5.19051790352999
8.8720698863089,79.3845245511541,3.35160381581089
584.86059447112,227.424209736106,4.12445242473236
438.160290448132,457.539976364189,4.7429535847402
659.559140660779,374.774602641861,3.10785724064423
110.926935508424,487.217812500116,4.30681153935003
626.688878986639,88.5127489607653,4.06012195929639
420.159840315138,255.924975410674,3.67664621919945
9.54178102385077,182.865047662825,3.22550235553463
72.8337408801704,110.884140873784,4.46713218708562
616.341539822188,205.266065953506,4.26620247692759
249.038330914105,211.386220483071,3.61948228684963
577.791390976977,427.287927837086,3.85685024130885
299.965020343842,136.762333880446,3.88802651807349
533.320483822314,455.317226667444,3.40580867953384
47.5222939846917,417.186581386777,3.99277525092433
194.541978764612,282.545487131266,4.40397700733269
551.101519023987,259.960486137025,3.7079397832932
176.050566512664,33.1470189164547,4.3520038011698
504.854175572042,348.606698380954,4.48493888265137
28.1919264235565,60.2119474898004,3.90425143067435
542.945796855324,145.269662688599,4.73482003539673
NA,NA,NA
660.648319178966,331.433541595062,3.60107768508009
458.656951712486,299.778953117989,3.58582806971279
11.5336184677628,496.555586053656,3.52534442646537
559.47972239777,47.6717526249428,4.3129028286242
74.6324267817874,376.391434476483,3.97833326288117
231.325903681484,410.922012006416,3.91665984451836
426.842564773088,13.8030635358999,3.43899103521917
363.267218002011,291.860521298399,3.02329782172608
603.651104450346,104.004805457115,4.12978056837615
394.82784864248,230.494840212579,4.28063290567582
561.342368242185,410.845431884081,4.76633723349934
137.136132558265,286.977120756773,4.65535886150789
195.407993692312,368.426655740134,4.02207889849359
125.29980064142,409.691023860583,3.32530906525628
621.113361681892,315.386048159902,4.61914569931617
-0.519231058365826,156.282119708764,4.27492631641882
542.640186115059,201.845256023887,4.22956662620274
35.0047234056276,490.654973014738,3.02066556601681
279.140404404976,23.7834016184984,3.965201463474
536.721253976984,391.202747244964,3.1747411756363
71.0391198387612,83.8924238989805,5.19051790352999
8.8720698863089,79.3845245511541,3.35160381581089
584.86059447112,227.424209736106,4.12445242473236
438.160290448132,457.539976364189,4.7429535847402
659.559140660779,374.774602641861,3.10785724064423
110.926935508424,487.217812500116,4.30681153935003
626.688878986639,88.5127489607653,4.06012195929639
420.159840315138,255.924975410674,3.67664621919945
9.54178102385077,182.865047662825,3.22550235553463
72.8337408801704,110.884140873784,4.46713218708562
616.341539822188,205.266065953506,4.26620247692759
249.038330914105,211.386220483071,3.61948228684963
577.791390976977,427.287927837086,3.85685024130885
299.965020343842,136.762333880446,3.88802651807349
533.320483822314,455.317226667444,3.40580867953384
47.5222939846917,417.186581386777,3.99277525092433
194.541978764612,282.545487131266,4.40397700733269
551.101519023987,259.960486137025,3.7079397832932
176.050566512664,33.1470189164547,4.3520038011698
504.854175572042,348.606698380954,4.48493888265137
28.1919264235565,60.2119474898004,3.90425143067435
542.945796855324,145.269662688599,4.73482003539673
NA,NA,NA
661.711684883087,333.828181567263,3.50774401916393
456.194362583016,297.277010875244,3.49526200766093
11.0423265870937,493.042263142914,3.61493183187209
559.346354623337,50.5577926207258,4.17370627118009
74.6092335942857,377.012370218856,3.99264861460814
225.521459084915,411.860101268166,3.91601569973721
426.579145214706,11.5476909612737,3.23962821676479
361.085517775708,292.142192882253,3.00529815015344
599.729417775509,104.421177124554,4.25802918772504
393.219894308112,224.742618180714,4.15031751880974
568.699270446914,406.118288928045,4.75227197247143
138.813434282622,282.351645039709,4.64274330907574
194.314219736276,370.777275056883,4.12250581866012
127.586475833162,410.907445663467,3.37663027648064
631.190562762138,314.099275111372,4.55477301492861
1.20282546395414,140.193732995839,4.14943130517336
546.176006462609,202.111709032334,4.13947433494902
33.0188864514763,492.980855911037,2.93514467614051
280.671301332325,23.6655678395861,3.97516093056819
532.236950534994,393.033754082374,3.37276533391866
70.6051712676404,82.6864714431507,5.17204623698163
6.797938726102,79.0161737242793,3.58619099307989
587.917111931174,226.929674124163,4.0712391188355
445.832858258587,466.421449555348,4.73235007008452
657.379026453485,373.793233919355,3.01711338427357
102.920914541267,486.913760928568,4.272692864137
620.404059311123,86.2057174345391,4.1129716138315
420.415519747614,256.746758160008,3.51686203141253
12.1950177006381,183.622111277533,3.25982223318375
50.9576209329546,95.2249745339437,4.32976178592771
602.044087453592,198.69255816397,4.35015283183385
251.729335348063,217.557206305835,3.66455376052445
564.633647017937,442.527276169835,3.92999742377585
298.604875207197,136.578829114174,3.88737128297879
533.494849829101,455.656910381914,3.67877465632915
42.77641923604,412.957112007534,3.76219083476088
193.977107365551,288.799047112677,4.02395485840125
549.892634927363,264.465663087775,3.6718642821324
180.450443344735,29.7776199371837,4.50745750423378
499.594700629559,352.409496607869,4.74943968702259
44.4212091677657,48.5159430943481,3.81485039249768
521.27789442811,159.428949808285,4.62614679073047
NA,NA,NA
661.711684883087,333.828181567263,3.50774401916393
456.194362583016,297.277010875244,3.49526200766093
11.0423265870937,493.042263142914,3.61493183187209
559.346354623337,50.5577926207258,4.17370627118009
74.6092335942857,377.012370218856,3.99264861460814
225.521459084915,411.860101268166,3.91601569973721
426.579145214706,11.5476909612737,3.23962821676479
361.085517775708,292.142192882253,3.00529815015344
599.729417775509,104.421177124554,4.25802918772504
393.219894308112,224.742618180714,4.15031751880974
568.699270446914,406.118288928045,4.75227197247143
138.813434282622,282.351645039709,4.64274330907574
194.314219736276,370.777275056883,4.12250581866012
127.586475833162,410.907445663467,3.37663027648064
631.190562762138,314.099275111372,4.55477301492861
1.20282546395414,140.193732995839,4.14943130517336
546.176006462609,202.111709032334,4.13947433494902
33.0188864514763,492.980855911037,2.93514467614051
280.671301332325,23.6655678395861,3.97516093056819
532.236950534994,393.033754082374,3.37276533391866
70.6051712676404,82.6864714431507,5.17204623698163
6.797938726102,79.0161737242793,3.58619099307989
587.917111931174,226.929674124163,4.0712391188355
445.832858258587,466.421449555348,4.73235007008452
657.379026453485,373.793233919355,3.01711338427357
102.920914541267,486.913760928568,4.272692864137
620.404059311123,86.2057174345391,4.1129716138315
420.415519747614,256.746758160008,3.51686203141253
12.1950177006381,183.622111277533,3.25982223318375
50.9576209329546,95.2249745339437,4.32976178592771
602.044087453592,198.69255816397,4.35015283183385
251.729335348063,217.557206305835,3.66455376052445
564.633647017937,442.527276169835,3.92999742377585
298.604875207197,136.578829114174,3.88737128297879
533.494849829101,455.656910381914,3.67877465632915
42.77641923604,412.957112007534,3.76219083476088
193.977107365551,288.799047112677,4.02395485840125
549.892634927363,264.465663087775,3.6718642821324
180.450443344735,29.7776199371837,4.50745750423378
499.594700629559,352.409496607869,4.74943968702259
44.4212091677657,48.5159430943481,3.81485039249768
521.27789442811,159.428949808285,4.62614679073047
NA,NA,NA
661.711684883087,333.828181567263,3.50774401916393
456.194362583016,297.277010875244,3.49526200766093
11.0423265870937,493.042263142914,3.61493183187209
559.346354623337,50.5577926207258,4.17370627118009
74.6092335942857,377.012370218856,3.99264861460814
225.521459084915,411.860101268166,3.91601569973721
426.579145214706,11.5476909612737,3.23962821676479
361.085517775708,292.142192882253,3.00529815015344
599.729417775509,104.421177124554,4.25802918772504
393.219894308112,224.742618180714,4.15031751880974
568.699270446914,406.118288928045,4.75227197247143
138.813434282622,282.351645039709,4.64274330907574
194.314219736276,370.777275056883,4.12250581866012
127.586475833162,410.907445663467,3.37663027648064
631.190562762138,314.099275111372,4.55477301492861
1.20282546395414,140.193732995839,4.14943130517336
546.176006462609,202.111709032334,4.13947433494902
33.0188864514763,492.980855911037,2.93514467614051
280.671301332325,23.6655678395861,3.97516093056819
532.236950534994,393.033754082374,3.37276533391866
70.6051712676404,82.6864714431507,5.17204623698163
6.797938726102,79.0161737242793,3.58619099307989
587.917111931174,226.929674124163,4.0712391188355
445.832858258587,466.421449555348,4.73235007008452
657.379026453485,373.793233919355,3.01711338427357
102.920914541267,486.913760928568,4.272692864137
620.404059311123,86.2057174345391,4.1129716138315
420.415519747614,256.746758160008,3.51686203141253
12.1950177006381,183.622111277533,3.25982223318375
50.9576209329546,95.2249745339437,4.32976178592771
602.044087453592,198.69255816397,4.35015283183385
251.729335348063,217.557206305835,3.66455376052445
564.633647017937,442.527276169835,3.92999742377585
298.604875207197,136.578829114174,3.88737128297879
533.494849829101,455.656910381914,3.67877465632915
42.77641923604,412.957112007534,3.76219083476088
193.977107365551,288.799047112677,4.02395485840125
549.892634927363,264.465663087775,3.6718642821324
180.450443344735,29.7776199371837,4.50745750423378
499.594700629559,352.409496607869,4.74943968702259
44.4212091677657,48.5159430943481,3.81485039249768
521.27789442811,159.428949808285,4.62614679073047
NA,NA,NA
661.711684883087,333.828181567263,3.50774401916393
456.194362583016,297.277010875244,3.49526200766093
11.0423265870937,493.042263142914,3.61493183187209
559.346354623337,50.5577926207258,4.17370627118009
74.6092335942857,377.012370218856,3.99264861460814
225.521459084915,411.860101268166,3.91601569973721
426.579145214706,11.5476909612737,3.23962821676479
361.085517775708,292.142192882253,3.00529815015344
599.729417775509,104.421177124554,4.25802918772504
393.219894308112,224.742618180714,4.15031751880974
568.699270446914,406.118288928045,4.75227197247143
138.813434282622,282.351645039709,4.64274330907574
194.314219736276,370.777275056883,4.12250581866012
127.586475833162,410.907445663467,3.37663027648064
631.190562762138,314.099275111372,4.55477301492861
1.20282546395414,140.193732995839,4.14943130517336
546.176006462609,202.111709032334,4.13947433494902
33.0188864514763,492.980855911037,2.93514467614051
280.671301332325,23.6655678395861,3.97516093056819
532.236950534994,393.033754082374,3.37276533391866
70.6051712676404,82.6864714431507,5.17204623698163
6.797938726102,79.0161737242793,3.58619099307989
587.917111931174,226.929674124163,4.0712391188355
445.832858258587,466.421449555348,4.73235007008452
657.379026453485,373.793233919355,3.01711338427357
102.920914541267,486.913760928568,4.272692864137
620.404059311123,86.2057174345391,4.1129716138315
420.415519747614,256.746758160008,3.51686203141253
12.1950177006381,183.622111277533,3.25982223318375
50.9576209329546,95.2249745339437,4.32976178592771
602.044087453592,198.69255816397,4.35015283183385
251.729335348063,217.557206305835,3.66455376052445
564.633647017937,442.527276169835,3.92999742377585
298.604875207197,136.578829114174,3.88737128297879
533.494849829101,455.656910381914,3.67877465632915
42.77641923604,412.957112007534,3.76219083476088
193.977107365551,288.799047112677,4.02395485840125
549.892634927363,264.465663087775,3.6718642821324
180.450443344735,29.7776199371837,4.50745750423378
499.594700629559,352.409496607869,4.74943968702259
44.4212091677657,48.5159430943481,3.81485039249768
521.27789442811,159.428949808285,4.62614679073047
NA,NA,NA
661.711684883087,333.828181567263,3.50774401916393
456.194362583016,297.277010875244,3.49526200766093
11.0423265870937,493.042263142914,3.61493183187209
559.346354623337,50.5577926207258,4.17370627118009
74.6092335942857,377.012370218856,3.99264861460814
225.521459084915,411.860101268166,3.91601569973721
426.579145214706,11.5476909612737,3.23962821676479
361.085517775708,292.142192882253,3.00529815015344
599.729417775509,104.421177124554,4.25802918772504
393.219894308112,224.742618180714,4.15031751880974
568.699270446914,406.118288928045,4.75227197247143
138.813434282622,282.351645039709,4.64274330907574
194.314219736276,370.777275056883,4.12250581866012
127.586475833162,410.907445663467,3.37663027648064
631.190562762138,314.099275111372,4.55477301492861
1.20282546395414,140.193732995839,4.14943130517336
546.176006462609,202.111709032334,4.13947433494902
33.0188864514763,492.980855911037,2.93514467614051
280.671301332325,23.6655678395861,3.97516093056819
532.236950534994,393.033754082374,3.37276533391866
70.6051712676404,82.6864714431507,5.17204623698163
6.797938726102,79.0161737242793,3.58619099307989
587.917111931174,226.929674124163,4.0712391188355
445.832858258587,466.421449555348,4.73235007008452
657.379026453485,373.793233919355,3.01711338427357
102.920914541267,486.913760928568,4.272692864137
620.404059311123,86.2057174345391,4.1129716138315
420.415519747614,256.746758160008,3.51686203141253
12.1950177006381,183.622111277533,3.25982223318375
50.9576209329546,95.2249745339437,4.32976178592771
602.044087453592,198.69255816397,4.35015283183385
251.729335348063,217.557206305835,3.66455376052445
564.633647017937,442.527276169835,3.92999742377585
298.604875207197,136.578829114174,3.88737128297879
533.494849829101,455.656910381914,3.67877465632915
42.77641923604,412.957112007534,3.76219083476088
193.977107365551,288.799047112677,4.02395485840125
549.892634927363,264.465663087775,3.6718642821324
180.450443344735,29.7776199371837,4.50745750423378
499.594700629559,352.409496607869,4.74943968702259
44.4212091677657,48.5159430943481,3.81485039249768
521.27789442811,159.428949808285,4.62614679073047
NA,NA,NA
661.711684883087,333.828181567263,3.50774401916393
456.194362583016,297.277010875244,3.49526200766093
11.0423265870937,493.042263142914,3.61493183187209
559.346354623337,50.5577926207258,4.17370627118009
74.6092335942857,377.012370218856,3.99264861460814
225.521459084915,411.860101268166,3.91601569973721
426.579145214706,11.5476909612737,3.23962821676479
361.085517775708,292.142192882253,3.00529815015344
599.729417775509,104.421177124554,4.25802918772504
393.219894308112,224.742618180714,4.15031751880974
568.699270446914,406.118288928045,4.75227197247143
138.813434282622,282.351645039709,4.64274330907574
194.314219736276,370.777275056883,4.12250581866012
127.586475833162,410.907445663467,3.37663027648064
631.190562762138,314.099275111372,4.55477301492861
1.20282546395414,140.193732995839,4.14943130517336
546.176006462609,202.111709032334,4.13947433494902
33.0188864514763,492.980855911037,2.93514467614051
280.671301332325,23.6655678395861,3.97516093056819
532.236950534994,393.033754082374,3.37276533391866
70.6051712676404,82.6864714431507,5.17204623698163
6.797938726102,79.0161737242793,3.58619099307989
587.917111931174,226.929674124163,4.0712391188355
445.832858258587,466.421449555348,4.73235007008452
657.379026453485,373.793233919355,3.01711338427357
102.920914541267,486.913760928568,4.272692864137
620.404059311123,86.2057174345391,4.1129716138315
420.415519747614,256.746758160008,3.51686203141253
12.1950177006381,183.622111277533,3.25982223318375
50.9576209329546,95.2249745339437,4.32976178592771
602.044087453592,198.69255816397,4.35015283183385
251.729335348063,217.557206305835,3.66455376052445
564.633647017937,442.527276169835,3.92999742377585
298.604875207197,136.578829114174,3.88737128297879
533.494849829101,455.656910381914,3.67877465632915
42.77641923604,412.957112007534,3.76219083476088
193.977107365551,288.799047112677,4.02395485840125
549.892634927363,264.465663087775,3.6718642821324
180.450443344735,29.7776199371837,4.50745750423378
499.594700629559,352.409496607869,4.74943968702259
44.4212091677657,48.5159430943481,3.81485039249768
521.27789442811,159.428949808285,4.62614679073047
NA,NA,NA
664.303250908441,336.011220243384,3.59303166719031
456.243308414774,296.277019315193,3.51162583649297
13.6277679865859,495.073484155865,3.64728109997056
562.67666895774,54.5612107203709,4.14898782821797
67.7282246592435,376.198783734162,4.03614535357183
228.374750075003,413.614383031028,3.91971850401762
428.297281515373,12.0038055056042,3.21434035523706
363.832773157474,292.270487247101,3.11286501021288
608.056599109914,106.551061806322,4.15647589607746
392.625982416095,229.492247162371,4.17656827693067
570.443681436653,401.095658353678,4.71650809431822
137.051427953681,285.024698659053,4.58143737691258
196.346406855841,373.222672267659,3.99099106389603
126.040350484064,411.465223207953,3.41973554373576
627.820214404856,311.908751674356,4.53405564428771
-1.01754307411562,145.868576585576,4.32205976607361
537.862884736277,200.994632744268,4.17348991915124
33.2106809834502,494.08018324454,3.0567050437593
280.495925800747,22.3466172522704,3.90018940102174
530.848088271028,392.368485770476,3.48508332798052
66.1778893802087,68.1792446496614,5.23744400267332
5.57029783450511,77.8838750341514,3.51127620682099
588.29006839789,229.516787910817,4.01043989171967
442.953467805979,462.06926876277,4.89320990592411
659.15750881284,372.645791797803,3.05147453199701
108.43739949909,491.02642172246,4.39398574599961
624.091995043199,90.6831897574348,3.98700271487714
419.435710531788,263.656703500308,3.65865467181067
12.3714475373199,182.247129834287,3.38055507271557
77.4748538610575,125.730295004566,4.56541520377889
613.383791229806,201.869126456338,4.02035758977993
258.896193626299,219.45734330063,3.51608121063234
576.367376117017,443.361651041744,3.82871793446516
298.567484362559,139.182303617509,3.97545963898185
532.040882494722,458.022984020682,3.85016498433133
56.5307536543408,421.224270349936,4.09487338918814
199.802351174954,282.599648611961,4.2584884738542
550.434493310319,263.855907987305,4.08484023880859
173.073748890684,32.4548028409968,4.09537201986974
499.32280673727,341.519200220748,4.41375087360473
34.2464131759024,42.9504979497004,4.17790243083975
533.566648483218,149.426334568113,4.4865082338371
NA,NA,NA
664.303250908441,336.011220243384,3.59303166719031
456.243308414774,296.277019315193,3.51162583649297
13.6277679865859,495.073484155865,3.64728109997056
562.67666895774,54.5612107203709,4.14898782821797
67.7282246592435,376.198783734162,4.03614535357183
228.374750075003,413.614383031028,3.91971850401762
428.297281515373,12.0038055056042,3.21434035523706
363.832773157474,292.270487247101,3.11286501021288
608.056599109914,106.551061806322,4.15647589607746
392.625982416095,229.492247162371,4.17656827693067
570.443681436653,401.095658353678,4.71650809431822
137.051427953681,285.024698659053,4.58143737691258
196.346406855841,373.222672267659,3.99099106389603
126.040350484064,411.465223207953,3.41973554373576
627.820214404856,311.908751674356,4.53405564428771
-1.01754307411562,145.868576585576,4.32205976607361
537.862884736277,200.994632744268,4.17348991915124
33.2106809834502,494.08018324454,3.0567050437593
280.495925800747,22.3466172522704,3.90018940102174
530.848088271028,392.368485770476,3.48508332798052
66.1778893802087,68.1792446496614,5.23744400267332
5.57029783450511,77.8838750341514,3.51127620682099
588.29006839789,229.516787910817,4.01043989171967
442.953467805979,462.06926876277,4.89320990592411
659.15750881284,372.645791797803,3.05147453199701
108.43739949909,491.02642172246,4.39398574599961
624.091995043199,90.6831897574348,3.98700271487714
419.435710531788,263.656703500308,3.65865467181067
12.3714475373199,182.247129834287,3.38055507271557
77.4748538610575,125.730295004566,4.56541520377889
613.383791229806,201.869126456338,4.02035758977993
258.896193626299,219.45734330063,3.51608121063234
576.367376117017,443.361651041744,3.82871793446516
298.567484362559,139.182303617509,3.97545963898185
532.040882494722,458.022984020682,3.85016498433133
56.5307536543408,421.224270349936,4.09487338918814
199.802351174954,282.599648611961,4.2584884738542
550.434493310319,263.855907987305,4.08484023880859
173.073748890684,32.4548028409968,4.09537201986974
499.32280673727,341.519200220748,4.41375087360473
34.2464131759024,42.9504979497004,4.17790243083975
533.566648483218,149.426334568113,4.4865082338371
NA,NA,NA
664.303250908441,336.011220243384,3.59303166719031
456.243308414774,296.277019315193,3.51162583649297
13.6277679865859,495.073484155865,3.64728109997056
562.67666895774,54.5612107203709,4.14898782821797
67.7282246592435,376.198783734162,4.03614535357183
228.374750075003,413.614383031028,3.91971850401762
428.297281515373,12.0038055056042,3.21434035523706
363.832773157474,292.270487247101,3.11286501021288
608.056599109914,106.551061806322,4.15647589607746
392.625982416095,229.492247162371,4.17656827693067
570.443681436653,401.095658353678,4.71650809431822
137.051427953681,285.024698659053,4.58143737691258
196.346406855841,373.222672267659,3.99099106389603
126.040350484064,411.465223207953,3.41973554373576
627.820214404856,311.908751674356,4.53405564428771
-1.01754307411562,145.868576585576,4.32205976607361
537.862884736277,200.994632744268,4.17348991915124
33.2106809834502,494.08018324454,3.0567050437593
280.495925800747,22.3466172522704,3.90018940102174
530.848088271028,392.368485770476,3.48508332798052
66.1778893802087,68.1792446496614,5.23744400267332
5.57029783450511,77.8838750341514,3.51127620682099
588.29006839789,229.516787910817,4.01043989171967
442.953467805979,462.06926876277,4.89320990592411
659.15750881284,372.645791797803,3.05147453199701
108.43739949909,491.02642172246,4.39398574599961
624.091995043199,90.6831897574348,3.98700271487714
419.435710531788,263.656703500308,3.65865467181067
12.3714475373199,182.247129834287,3.38055507271557
77.4748538610575,125.730295004566,4.56541520377889
613.383791229806,201.869126456338,4.02035758977993
258.896193626299,219.45734330063,3.51608121063234
576.367376117017,443.361651041744,3.82871793446516
298.567484362559,139.182303617509,3.97545963898185
532.040882494722,458.022984020682,3.85016498433133
56.5307536543408,421.224270349936,4.09487338918814
199.802351174954,282.599648611961,4.2584884738542
550.434493310319,263.855907987305,4.08484023880859
173.073748890684,32.4548028409968,4.09537201986974
499.32280673727,341.519200220748,4.41375087360473
34.2464131759024,42.9504979497004,4.17790243083975
533.566648483218,149.426334568113,4.4865082338371
NA,NA,NA
664.303250908441,336.011220243384,3.59303166719031
456.243308414774,296.277019315193,3.51162583649297
13.6277679865859,495.073484155865,3.64728109997056
562.67666895774,54.5612107203709,4.14898782821797
67.7282246592435,376.198783734162,4.03614535357183
228.374750075003,413.614383031028,3.91971850401762
428.297281515373,12.0038055056042,3.21434035523706
363.832773157474,292.270487247101,3.11286501021288
608.056599109914,106.551061806322,4.15647589607746
392.625982416095,229.492247162371,4.17656827693067
570.443681436653,401.095658353678,4.71650809431822
137.051427953681,285.024698659053,4.58143737691258
196.346406855841,373.222672267659,3.99099106389603
126.040350484064,411.465223207953,3.41973554373576
627.820214404856,311.908751674356,4.53405564428771
-1.01754307411562,145.868576585576,4.32205976607361
537.862884736277,200.994632744268,4.17348991915124
33.2106809834502,494.08018324454,3.0567050437593
280.495925800747,22.3466172522704,3.90018940102174
530.848088271028,392.368485770476,3.48508332798052
66.1778893802087,68.1792446496614,5.23744400267332
5.57029783450511,77.8838750341514,3.51127620682099
588.29006839789,229.516787910817,4.01043989171967
442.953467805979,462.06926876277,4.89320990592411
659.15750881284,372.645791797803,3.05147453199701
108.43739949909,491.02642172246,4.39398574599961
624.091995043199,90.6831897574348,3.98700271487714
419.435710531788,263.656703500308,3.65865467181067
12.3714475373199,182.247129834287,3.38055507271557
77.4748538610575,125.730295004566,4.56541520377889
613.383791229806,201.869126456338,4.02035758977993
258.896193626299,219.45734330063,3.51608121063234
576.367376117017,443.361651041744,3.82871793446516
298.567484362559,139.182303617509,3.97545963898185
532.040882494722,458.022984020682,3.85016498433133
56.5307536543408,421.224270349936,4.09487338918814
199.802351174954,282.599648611961,4.2584884738542
550.434493310319,263.855907987305,4.08484023880859
173.073748890684,32.4548028409968,4.09537201986974
499.32280673727,341.519200220748,4.41375087360473
34.2464131759024,42.9504979497004,4.17790243083975
533.566648483218,149.426334568113,4.4865082338371
NA,NA,NA
664.303250908441,336.011220243384,3.59303166719031
456.243308414774,296.277019315193,3.51162583649297
13.6277679865859,495.073484155865,3.64728109997056
562.67666895774,54.5612107203709,4.14898782821797
67.7282246592435,376.198783734162,4.03614535357183
228.374750075003,413.614383031028,3.91971850401762
428.297281515373,12.0038055056042,3.21434035523706
363.832773157474,292.270487247101,3.11286501021288
608.056599109914,106.551061806322,4.15647589607746
392.625982416095,229.492247162371,4.17656827693067
570.443681436653,401.095658353678,4.71650809431822
137.051427953681,285.024698659053,4.58143737691258
196.346406855841,373.222672267659,3.99099106389603
126.040350484064,411.465223207953,3.41973554373576
627.820214404856,311.908751674356,4.53405564428771
-1.01754307411562,145.868576585576,4.32205976607361
537.862884736277,200.994632744268,4.17348991915124
33.2106809834502,494.08018324454,3.0567050437593
280.495925800747,22.3466172522704,3.90018940102174
530.848088271028,392.368485770476,3.48508332798052
66.1778893802087,68.1792446496614,5.23744400267332
5.57029783450511,77.8838750341514,3.51127620682099
588.29006839789,229.516787910817,4.01043989171967
442.953467805979,462.06926876277,4.89320990592411
659.15750881284,372.645791797803,3.05147453199701
108.43739949909,491.02642172246,4.39398574599961
624.091995043199,90.6831897574348,3.98700271487714
419.435710531788,263.656703500308,3.65865467181067
12.3714475373199,182.247129834287,3.38055507271557
77.4748538610575,125.730295004566,4.56541520377889
613.383791229806,201.869126456338,4.02035758977993
258.896193626299,219.45734330063,3.51608121063234
576.367376117017,443.361651041744,3.82871793446516
298.567484362559,139.182303617509,3.97545963898185
532.040882494722,458.022984020682,3.85016498433133
56.5307536543408,421.224270349936,4.09487338918814
199.802351174954,282.599648611961,4.2584884738542
550.434493310319,263.855907987305,4.08484023880859
173.073748890684,32.4548028409968,4.09537201986974
499.32280673727,341.519200220748,4.41375087360473
34.2464131759024,42.9504979497004,4.17790243083975
533.566648483218,149.426334568113,4.4865082338371
NA,NA,NA
664.303250908441,336.011220243384,3.59303166719031
456.243308414774,296.277019315193,3.51162583649297
13.6277679865859,495.073484155865,3.64728109997056
562.67666895774,54.5612107203709,4.14898782821797
67.7282246592435,376.198783734162,4.03614535357183
228.374750075003,413.614383031028,3.91971850401762
428.297281515373,12.0038055056042,3.21434035523706
363.832773157474,292.270487247101,3.11286501021288
608.056599109914,106.551061806322,4.15647589607746
392.625982416095,229.492247162371,4.17656827693067
570.443681436653,401.095658353678,4.71650809431822
137.051427953681,285.024698659053,4.58143737691258
196.346406855841,373.222672267659,3.99099106389603
126.040350484064,411.465223207953,3.41973554373576
627.820214404856,311.908751674356,4.53405564428771
-1.01754307411562,145.868576585576,4.32205976607361
537.862884736277,200.994632744268,4.17348991915124
33.2106809834502,494.08018324454,3.0567050437593
280.495925800747,22.3466172522704,3.90018940102174
530.848088271028,392.368485770476,3.48508332798052
66.1778893802087,68.1792446496614,5.23744400267332
5.57029783450511,77.8838750341514,3.51127620682099
588.29006839789,229.516787910817,4.01043989171967
442.953467805979,462.06926876277,4.89320990592411
659.15750881284,372.645791797803,3.05147453199701
108.43739949909,491.02642172246,4.39398574599961
624.091995043199,90.6831897574348,3.98700271487714
419.435710531788,263.656703500308,3.65865467181067
12.3714475373199,182.247129834287,3.38055507271557
77.4748538610575,125.730295004566,4.56541520377889
613.383791229806,201.869126456338,4.02035758977993
258.896193626299,219.45734330063,3.51608121063234
576.367376117017,443.361651041744,3.82871793446516
298.567484362559,139.182303617509,3.97545963898185
532.040882494722,458.022984020682,3.85016498433133
56.5307536543408,421.224270349936,4.09487338918814
199.802351174954,282.599648611961,4.2584884738542
550.434493310319,263.855907987305,4.08484023880859
173.073748890684,32.4548028409968,4.09537201986974
499.32280673727,341.519200220748,4.41375087360473
34.2464131759024,42.9504979497004,4.17790243083975
533.566648483218,149.426334568113,4.4865082338371
NA,NA,NA
664.139842514873,334.610576010738,3.61712060564618
454.597001251334,298.574966347453,3.68088956299178
13.0413584034018,494.532201274887,3.60371688656992
562.144839781827,53.3764517148101,4.21474881638542
73.6969148394291,371.345778408267,3.88475191059341
225.339730590651,413.922018333325,3.82641197432062
427.817672233577,11.0087180245781,3.3524033177408
361.899103877542,290.123772773996,3.0022078995909
610.765101048353,103.610832684733,4.0843200761365
396.65113803367,227.377000917308,4.23337162042696
566.358631862536,407.923122744471,4.7303605153955
134.591656421113,283.142152114648,4.61457623096337
200.452594055648,371.172986075674,3.94562992954456
125.429758160493,412.324351817883,3.5086081231452
625.948974422802,317.334010020543,4.5276331778261
1.0958051181255,144.961903395496,4.29955691862586
547.346729300377,199.11674221803,4.04346113793724
36.7028853209023,492.28137462671,3.0335015587783
283.639015681445,26.7609110797707,4.0122139892401
534.58366396852,392.448947201578,3.44847554332115
75.4654406900091,81.0284260936428,5.16267292179828
7.30722142842842,75.8723246262786,3.44982081449094
588.139980889611,228.745280945092,4.02958488221887
445.716075366337,455.079552641331,4.85838799966466
658.096607780068,374.008771887595,3.13862069951387
100.572626184379,487.223575913068,4.41752805590363
626.934153779144,92.8436425254615,4.1022106276137
422.79121701634,259.550541329844,3.60590262731651
11.0648586892388,184.133466780263,3.34021995818038
66.2047661675227,123.927853195167,4.43823501898145
618.041660956753,203.979980909895,4.25201218265861
259.06156102883,218.326336351318,3.39066464293564
571.907831685043,423.488034140432,4.03513507862287
304.750447328292,138.141799881384,3.86504929120819
530.93761448066,459.834520339269,3.70628191254797
47.3692995269303,425.929903802516,4.04944219096603
199.744602001363,280.468255403286,4.17023469962644
542.32502535498,264.229358774295,4.05447179672737
176.695122682521,21.6583250067919,4.75498525684712
504.435178134067,342.911114983433,4.71170653265067
31.9379475695827,43.4453470919819,4.08947210972117
544.296245917521,148.996937876367,4.35919212292319
NA,NA,NA
664.139842514873,334.610576010738,3.61712060564618
454.597001251334,298.574966347453,3.68088956299178
13.0413584034018,494.532201274887,3.60371688656992
562.144839781827,53.3764517148101,4.21474881638542
73.6969148394291,371.345778408267,3.88475191059341
225.339730590651,413.922018333325,3.82641197432062
427.817672233577,11.0087180245781,3.3524033177408
361.899103877542,290.123772773996,3.0022078995909
610.765101048353,103.610832684733,4.0843200761365
396.65113803367,227.377000917308,4.23337162042696
566.358631862536,407.923122744471,4.7303605153955
134.591656421113,283.142152114648,4.61457623096337
200.452594055648,371.172986075674,3.94562992954456
125.429758160493,412.324351817883,3.5086081231452
625.948974422802,317.334010020543,4.5276331778261
1.0958051181255,144.961903395496,4.29955691862586
547.346729300377,199.11674221803,4.04346113793724
36.7028853209023,492.28137462671,3.0335015587783
283.639015681445,26.7609110797707,4.0122139892401
534.58366396852,392.448947201578,3.44847554332115
75.4654406900091,81.0284260936428,5.16267292179828
7.30722142842842,75.8723246262786,3.44982081449094
588.139980889611,228.745280945092,4.02958488221887
445.716075366337,455.079552641331,4.85838799966466
658.096607780068,374.008771887595,3.13862069951387
100.572626184379,487.223575913068,4.41752805590363
626.934153779144,92.8436425254615,4.1022106276137
422.79121701634,259.550541329844,3.60590262731651
11.0648586892388,184.133466780263,3.34021995818038
66.2047661675227,123.927853195167,4.43823501898145
618.041660956753,203.979980909895,4.25201218265861
259.06156102883,218.326336351318,3.39066464293564
571.907831685043,423.488034140432,4.03513507862287
304.750447328292,138.141799881384,3.86504929120819
530.93761448066,459.834520339269,3.70628191254797
47.3692995269303,425.929903802516,4.04944219096603
199.744602001363,280.468255403286,4.17023469962644
542.32502535498,264.229358774295,4.05447179672737
176.695122682521,21.6583250067919,4.75498525684712
504.435178134067,342.911114983433,4.71170653265067
31.9379475695827,43.4453470919819,4.08947210972117
544.296245917521,148.996937876367,4.35919212292319
NA,NA,NA
664.139842514873,334.610576010738,3.61712060564618
454.597001251334,298.574966347453,3.68088956299178
13.0413584034018,494.532201274887,3.60371688656992
562.144839781827,53.3764517148101,4.21474881638542
73.6969148394291,371.345778408267,3.88475191059341
225.339730590651,413.922018333325,3.82641197432062
427.817672233577,11.0087180245781,3.3524033177408
361.899103877542,290.123772773996,3.0022078995909
610.765101048353,103.610832684733,4.0843200761365
396.65113803367,227.377000917308,4.23337162042696
566.358631862536,407.923122744471,4.7303605153955
134.591656421113,283.142152114648,4.61457623096337
200.452594055648,371.172986075674,3.94562992954456
125.429758160493,412.324351817883,3.5086081231452
625.948974422802,317.334010020543,4.5276331778261
1.0958051181255,144.961903395496,4.29955691862586
547.346729300377,199.11674221803,4.04346113793724
36.7028853209023,492.28137462671,3.0335015587783
283.639015681445,26.7609110797707,4.0122139892401
534.58366396852,392.448947201578,3.44847554332115
75.4654406900091,81.0284260936428,5.16267292179828
7.30722142842842,75.8723246262786,3.44982081449094
588.139980889611,228.745280945092,4.02958488221887
445.716075366337,455.079552641331,4.85838799966466
658.096607780068,374.008771887595,3.13862069951387
100.572626184379,487.223575913068,4.41752805590363
626.934153779144,92.8436425254615,4.1022106276137
422.79121701634,259.550541329844,3.60590262731651
11.0648586892388,184.133466780263,3.34021995818038
66.2047661675227,123.927853195167,4.43823501898145
618.041660956753,203.979980909895,4.25201218265861
259.06156102883,218.326336351318,3.39066464293564
571.907831685043,423.488034140432,4.03513507862287
304.750447328292,138.141799881384,3.86504929120819
530.93761448066,459.834520339269,3.70628191254797
47.3692995269303,425.929903802516,4.04944219096603
199.744602001363,280.468255403286,4.17023469962644
542.32502535498,264.229358774295,4.05447179672737
176.695122682521,21.6583250067919,4.75498525684712
504.435178134067,342.911114983433,4.71170653265067
31.9379475695827,43.4453470919819,4.08947210972117
544.296245917521,148.996937876367,4.35919212292319
NA,NA,NA
664.139842514873,334.610576010738,3.61712060564618
454.597001251334,298.574966347453,3.68088956299178
13.0413584034018,494.532201274887,3.60371688656992
562.144839781827,53.3764517148101,4.21474881638542
73.6969148394291,371.345778408267,3.88475191059341
225.339730590651,413.922018333325,3.82641197432062
427.817672233577,11.0087180245781,3.3524033177408
361.899103877542,290.123772773996,3.0022078995909
610.765101048353,103.610832684733,4.0843200761365
396.65113803367,227.377000917308,4.23337162042696
566.358631862536,407.923122744471,4.7303605153955
134.591656421113,283.142152114648,4.61457623096337
200.452594055648,371.172986075674,3.94562992954456
125.429758160493,412.324351817883,3.5086081231452
625.948974422802,317.334010020543,4.5276331778261
1.0958051181255,144.961903395496,4.29955691862586
547.346729300377,199.11674221803,4.04346113793724
36.7028853209023,492.28137462671,3.0335015587783
283.639015681445,26.7609110797707,4.0122139892401
534.58366396852,392.448947201578,3.44847554332115
75.4654406900091,81.0284260936428,5.16267292179828
7.30722142842842,75.8723246262786,3.44982081449094
588.139980889611,228.745280945092,4.02958488221887
445.716075366337,455.079552641331,4.85838799966466
658.096607780068,374.008771887595,3.13862069951387
100.572626184379,487.223575913068,4.41752805590363
626.934153779144,92.8436425254615,4.1022106276137
422.79121701634,259.550541329844,3.60590262731651
11.0648586892388,184.133466780263,3.34021995818038
66.2047661675227,123.927853195167,4.43823501898145
618.041660956753,203.979980909895,4.25201218265861
259.06156102883,218.326336351318,3.39066464293564
571.907831685043,423.488034140432,4.03513507862287
304.750447328292,138.141799881384,3.86504929120819
530.93761448066,459.834520339269,3.70628191254797
47.3692995269303,425.929903802516,4.04944219096603
199.744602001363,280.468255403286,4.17023469962644
542.32502535498,264.229358774295,4.05447179672737
176.695122682521,21.6583250067919,4.75498525684712
504.435178134067,342.911114983433,4.71170653265067
31.9379475695827,43.4453470919819,4.08947210972117
544.296245917521,148.996937876367,4.35919212292319
NA,NA,NA
664.139842514873,334.610576010738,3.61712060564618
454.597001251334,298.574966347453,3.68088956299178
13.0413584034018,494.532201274887,3.60371688656992
562.144839781827,53.3764517148101,4.21474881638542
73.6969148394291,371.345778408267,3.88475191059341
225.339730590651,413.922018333325,3.82641197432062
427.817672233577,11.0087180245781,3.3524033177408
361.899103877542,290.123772773996,3.0022078995909
610.765101048353,103.610832684733,4.0843200761365
396.65113803367,227.377000917308,4.23337162042696
566.358631862536,407.923122744471,4.7303605153955
134.591656421113,283.142152114648,4.61457623096337
200.452594055648,371.172986075674,3.94562992954456
125.429758160493,412.324351817883,3.5086081231452
625.948974422802,317.334010020543,4.5276331778261
1.0958051181255,144.961903395496,4.29955691862586
547.346729300377,199.11674221803,4.04346113793724
36.7028853209023,492.28137462671,3.0335015587783
283.639015681445,26.7609110797707,4.0122139892401
534.58366396852,392.448947201578,3.44847554332115
75.4654406900091,81.0284260936428,5.16267292179828
7.30722142842842,75.8723246262786,3.44982081449094
588.139980889611,228.745280945092,4.02958488221887
445.716075366337,455.079552641331,4.85838799966466
658.096607780068,374.008771887595,3.13862069951387
100.572626184379,487.223575913068,4.41752805590363
626.934153779144,92.8436425254615,4.1022106276137
422.79121701634,259.550541329844,3.60590262731651
11.0648586892388,184.133466780263,3.34021995818038
66.2047661675227,123.927853195167,4.43823501898145
618.041660956753,203.979980909895,4.25201218265861
259.06156102883,218.326336351318,3.39066464293564
571.907831685043,423.488034140432,4.03513507862287
304.750447328292,138.141799881384,3.86504929120819
530.93761448066,459.834520339269,3.70628191254797
47.3692995269303,425.929903802516,4.04944219096603
199.744602001363,280.468255403286,4.17023469962644
542.32502535498,264.229358774295,4.05447179672737
176.695122682521,21.6583250067919,4.75498525684712
504.435178134067,342.911114983433,4.71170653265067
31.9379475695827,43.4453470919819,4.08947210972117
544.296245917521,148.996937876367,4.35919212292319
NA,NA,NA
664.139842514873,334.610576010738,3.61712060564618
454.597001251334,298.574966347453,3.68088956299178
13.0413584034018,494.532201274887,3.60371688656992
562.144839781827,53.3764517148101,4.21474881638542
73.6969148394291,371.345778408267,3.88475191059341
225.339730590651,413.922018333325,3.82641197432062
427.817672233577,11.0087180245781,3.3524033177408
361.899103877542,290.123772773996,3.0022078995909
610.765101048353,103.610832684733,4.0843200761365
396.65113803367,227.377000917308,4.23337162042696
566.358631862536,407.923122744471,4.7303605153955
134.591656421113,283.142152114648,4.61457623096337
200.452594055648,371.172986075674,3.94562992954456
125.429758160493,412.324351817883,3.5086081231452
625.948974422802,317.334010020543,4.5276331778261
1.0958051181255,144.961903395496,4.29955691862586
547.346729300377,199.11674221803,4.04346113793724
36.7028853209023,492.28137462671,3.0335015587783
283.639015681445,26.7609110797707,4.0122139892401
534.58366396852,392.448947201578,3.44847554332115
75.4654406900091,81.0284260936428,5.16267292179828
7.30722142842842,75.8723246262786,3.44982081449094
588.139980889611,228.745280945092,4.02958488221887
445.716075366337,455.079552641331,4.85838799966466
658.096607780068,374.008771887595,3.13862069951387
100.572626184379,487.223575913068,4.41752805590363
626.934153779144,92.8436425254615,4.1022106276137
422.79121701634,259.550541329844,3.60590262731651
11.0648586892388,184.133466780263,3.34021995818038
66.2047661675227,123.927853195167,4.43823501898145
618.041660956753,203.979980909895,4.25201218265861
259.06156102883,218.326336351318,3.39066464293564
571.907831685043,423.488034140432,4.03513507862287
304.750447328292,138.141799881384,3.86504929120819
530.93761448066,459.834520339269,3.70628191254797
47.3692995269303,425.929903802516,4.04944219096603
199.744602001363,280.468255403286,4.17023469962644
542.32502535498,264.229358774295,4.05447179672737
176.695122682521,21.6583250067919,4.75498525684712
504.435178134067,342.911114983433,4.71170653265067
31.9379475695827,43.4453470919819,4.08947210972117
544.296245917521,148.996937876367,4.35919212292319
NA,NA,NA
662.578494882915,330.567871460122,3.45223123352129
454.412684035267,297.108404316834,3.54013321391713
6.00909416041778,494.886202883864,3.51150764954201
559.684846921604,54.0669126349533,4.18290087874645
69.9269382043355,378.935145067706,4.12542565130056
230.9202579702,411.349040952004,3.90439052415928
429.410525299887,12.4715451580015,3.19343974080844
362.234065862973,294.469633364217,3.17173061174705
600.618879603402,109.803533765269,4.17693241625751
391.342009204855,229.320574507451,4.17766626368305
566.642943231677,413.718736604244,4.72282013290732
137.037702545906,285.254891558692,4.63404062967047
194.381693484679,367.308228620914,4.04235764419142
125.611054306278,411.907442485192,3.37841990750109
625.512464784001,314.290633782319,4.51956553576904
0.821267331783158,148.879185659721,4.35359577185956
543.187423125589,203.2814724631,4.15408176349507
34.1666524361619,491.666283685176,3.11033551807912
281.024605268192,16.8319572211682,3.85880072187792
532.781366126243,392.218389035408,3.47168165961445
73.3962707809163,77.8412642395016,5.18848707722502
3.29539737012905,75.7392140856575,3.51925267124505
587.223687149729,226.794472344813,4.00779527620736
440.562409885684,458.032358931061,4.72110722919195
658.952672857603,374.09087588342,3.26607374019096
102.695559015967,487.253256155534,4.30164328630723
623.24989888163,89.6140712519342,4.06014690616962
416.577134288883,260.038028693962,3.71356613749227
12.467502817954,182.217572395338,3.21869272668244
64.3579389091056,104.750007696858,4.49221243712857
614.691835249817,186.830218868061,4.54628815747122
251.945358254514,221.230626550169,3.6959587933844
570.156368286415,437.79652322069,3.9476270691564
300.540554616788,139.191615727511,3.90376049921757
524.277904778037,461.01968931778,3.58899307021065
40.5492972663585,423.718632347616,3.96002398078361
205.664221496885,289.278632844699,3.60739170424882
546.622713418021,261.113177998843,3.77481652040489
189.307955231343,30.7561597872985,4.3296985949816
508.701129135868,353.446061409914,4.71386156052348
36.7409661905621,44.29011237078,3.95683743834379
526.410289323438,145.482431012865,4.47455205941456
NA,NA,NA
662.578494882915,330.567871460122,3.45223123352129
454.412684035267,297.108404316834,3.54013321391713
6.00909416041778,494.886202883864,3.51150764954201
559.684846921604,54.0669126349533,4.18290087874645
69.9269382043355,378.935145067706,4.12542565130056
230.9202579702,411.349040952004,3.90439052415928
429.410525299887,12.4715451580015,3.19343974080844
362.234065862973,294.469633364217,3.17173061174705
600.618879603402,109.803533765269,4.17693241625751
391.342009204855,229.320574507451,4.17766626368305
566.642943231677,413.718736604244,4.72282013290732
137.037702545906,285.254891558692,4.63404062967047
194.381693484679,367.308228620914,4.04235764419142
125.611054306278,411.907442485192,3.37841990750109
625.512464784001,314.290633782319,4.51956553576904
0.821267331783158,148.879185659721,4.35359577185956
543.187423125589,203.2814724631,4.15408176349507
34.1666524361619,491.666283685176,3.11033551807912
281.024605268192,16.8319572211682,3.85880072187792
532.781366126243,392.218389035408,3.47168165961445
73.3962707809163,77.8412642395016,5.18848707722502
3.29539737012905,75.7392140856575,3.51925267124505
587.223687149729,226.794472344813,4.00779527620736
440.562409885684,458.032358931061,4.72110722919195
658.952672857603,374.09087588342,3.26607374019096
102.695559015967,487.253256155534,4.30164328630723
623.24989888163,89.6140712519342,4.06014690616962
416.577134288883,260.038028693962,3.71356613749227
12.467502817954,182.217572395338,3.21869272668244
64.3579389091056,104.750007696858,4.49221243712857
614.691835249817,186.830218868061,4.54628815747122
251.945358254514,221.230626550169,3.6959587933844
570.156368286415,437.79652322069,3.9476270691564
300.540554616788,139.191615727511,3.90376049921757
524.277904778037,461.01968931778,3.58899307021065
40.5492972663585,423.718632347616,3.96002398078361
205.664221496885,289.278632844699,3.60739170424882
546.622713418021,261.113177998843,3.77481652040489
189.307955231343,30.7561597872985,4.3296985949816
508.701129135868,353.446061409914,4.71386156052348
36.7409661905621,44.29011237078,3.95683743834379
526.410289323438,145.482431012865,4.47455205941456
NA,NA,NA
662.578494882915,330.567871460122,3.45223123352129
454.412684035267,297.108404316834,3.54013321391713
6.00909416041778,494.886202883864,3.51150764954201
559.684846921604,54.0669126349533,4.18290087874645
69.9269382043355,378.935145067706,4.12542565130056
230.9202579702,411.349040952004,3.90439052415928
429.410525299887,12.4715451580015,3.19343974080844
362.234065862973,294.469633364217,3.17173061174705
600.618879603402,109.803533765269,4.17693241625751
391.342009204855,229.320574507451,4.17766626368305
566.642943231677,413.718736604244,4.72282013290732
137.037702545906,285.254891558692,4.63404062967047
194.381693484679,367.308228620914,4.04235764419142
125.611054306278,411.907442485192,3.37841990750109
625.512464784001,314.290633782319,4.51956553576904
0.821267331783158,148.879185659721,4.35359577185956
543.187423125589,203.2814724631,4.15408176349507
34.1666524361619,491.666283685176,3.11033551807912
281.024605268192,16.8319572211682,3.85880072187792
532.781366126243,392.218389035408,3.47168165961445
73.3962707809163,77.8412642395016,5.18848707722502
3.29539737012905,75.7392140856575,3.51925267124505
587.223687149729,226.794472344813,4.00779527620736
440.562409885684,458.032358931061,4.72110722919195
658.952672857603,374.09087588342,3.26607374019096
102.695559015967,487.253256155534,4.30164328630723
623.24989888163,89.6140712519342,4.06014690616962
416.577134288883,260.038028693962,3.71356613749227
12.467502817954,182.217572395338,3.21869272668244
64.3579389091056,104.750007696858,4.49221243712857
614.691835249817,186.830218868061,4.54628815747122
251.945358254514,221.230626550169,3.6959587933844
570.156368286415,437.79652322069,3.9476270691564
300.540554616788,139.191615727511,3.90376049921757
524.277904778037,461.01968931778,3.58899307021065
40.5492972663585,423.718632347616,3.96002398078361
205.664221496885,289.278632844699,3.60739170424882
546.622713418021,261.113177998843,3.77481652040489
189.307955231343,30.7561597872985,4.3296985949816
508.701129135868,353.446061409914,4.71386156052348
36.7409661905621,44.29011237078,3.95683743834379
526.410289323438,145.482431012865,4.47455205941456
NA,NA,NA
662.578494882915,330.567871460122,3.45223123352129
454.412684035267,297.108404316834,3.54013321391713
6.00909416041778,494.886202883864,3.51150764954201
559.684846921604,54.0669126349533,4.18290087874645
69.9269382043355,378.935145067706,4.12542565130056
230.9202579702,411.349040952004,3.90439052415928
429.410525299887,12.4715451580015,3.19343974080844
362.234065862973,294.469633364217,3.17173061174705
600.618879603402,109.803533765269,4.17693241625751
391.342009204855,229.320574507451,4.17766626368305
566.642943231677,413.718736604244,4.72282013290732
137.037702545906,285.254891558692,4.63404062967047
194.381693484679,367.308228620914,4.04235764419142
125.611054306278,411.907442485192,3.37841990750109
625.512464784001,314.290633782319,4.51956553576904
0.821267331783158,148.879185659721,4.35359577185956
543.187423125589,203.2814724631,4.15408176349507
34.1666524361619,491.666283685176,3.11033551807912
281.024605268192,16.8319572211682,3.85880072187792
532.781366126243,392.218389035408,3.47168165961445
73.3962707809163,77.8412642395016,5.18848707722502
3.29539737012905,75.7392140856575,3.51925267124505
587.223687149729,226.794472344813,4.00779527620736
440.562409885684,458.032358931061,4.72110722919195
658.952672857603,374.09087588342,3.26607374019096
102.695559015967,487.253256155534,4.30164328630723
623.24989888163,89.6140712519342,4.06014690616962
416.577134288883,260.038028693962,3.71356613749227
12.467502817954,182.217572395338,3.21869272668244
64.3579389091056,104.750007696858,4.49221243712857
614.691835249817,186.830218868061,4.54628815747122
251.945358254514,221.230626550169,3.6959587933844
570.156368286415,437.79652322069,3.9476270691564
300.540554616788,139.191615727511,3.90376049921757
524.277904778037,461.01968931778,3.58899307021065
40.5492972663585,423.718632347616,3.96002398078361
205.664221496885,289.278632844699,3.60739170424882
546.622713418021,261.113177998843,3.77481652040489
189.307955231343,30.7561597872985,4.3296985949816
508.701129135868,353.446061409914,4.71386156052348
36.7409661905621,44.29011237078,3.95683743834379
526.410289323438,145.482431012865,4.47455205941456
NA,NA,NA
662.578494882915,330.567871460122,3.45223123352129
454.412684035267,297.108404316834,3.54013321391713
6.00909416041778,494.886202883864,3.51150764954201
559.684846921604,54.0669126349533,4.18290087874645
69.9269382043355,378.935145067706,4.12542565130056
230.9202579702,411.349040952004,3.90439052415928
429.410525299887,12.4715451580015,3.19343974080844
362.234065862973,294.469633364217,3.17173061174705
600.618879603402,109.803533765269,4.17693241625751
391.342009204855,229.320574507451,4.17766626368305
566.642943231677,413.718736604244,4.72282013290732
137.037702545906,285.254891558692,4.63404062967047
194.381693484679,367.308228620914,4.04235764419142
125.611054306278,411.907442485192,3.37841990750109
625.512464784001,314.290633782319,4.51956553576904
0.821267331783158,148.879185659721,4.35359577185956
543.187423125589,203.2814724631,4.15408176349507
34.1666524361619,491.666283685176,3.11033551807912
281.024605268192,16.8319572211682,3.85880072187792
532.781366126243,392.218389035408,3.47168165961445
73.3962707809163,77.8412642395016,5.18848707722502
3.29539737012905,75.7392140856575,3.51925267124505
587.223687149729,226.794472344813,4.00779527620736
440.562409885684,458.032358931061,4.72110722919195
658.952672857603,374.09087588342,3.26607374019096
102.695559015967,487.253256155534,4.30164328630723
623.24989888163,89.6140712519342,4.06014690616962
416.577134288883,260.038028693962,3.71356613749227
12.467502817954,182.217572395338,3.21869272668244
64.3579389091056,104.750007696858,4.49221243712857
614.691835249817,186.830218868061,4.54628815747122
251.945358254514,221.230626550169,3.6959587933844
570.156368286415,437.79652322069,3.9476270691564
300.540554616788,139.191615727511,3.90376049921757
524.277904778037,461.01968931778,3.58899307021065
40.5492972663585,423.718632347616,3.96002398078361
205.664221496885,289.278632844699,3.60739170424882
546.622713418021,261.113177998843,3.77481652040489
189.307955231343,30.7561597872985,4.3296985949816
508.701129135868,353.446061409914,4.71386156052348
36.7409661905621,44.29011237078,3.95683743834379
526.410289323438,145.482431012865,4.47455205941456
NA,NA,NA
662.578494882915,330.567871460122,3.45223123352129
454.412684035267,297.108404316834,3.54013321391713
6.00909416041778,494.886202883864,3.51150764954201
559.684846921604,54.0669126349533,4.18290087874645
69.9269382043355,378.935145067706,4.12542565130056
230.9202579702,411.349040952004,3.90439052415928
429.410525299887,12.4715451580015,3.19343974080844
362.234065862973,294.469633364217,3.17173061174705
600.618879603402,109.803533765269,4.17693241625751
391.342009204855,229.320574507451,4.17766626368305
566.642943231677,413.718736604244,4.72282013290732
137.037702545906,285.254891558692,4.63404062967047
194.381693484679,367.308228620914,4.04235764419142
125.611054306278,411.907442485192,3.37841990750109
625.512464784001,314.290633782319,4.51956553576904
0.821267331783158,148.879185659721,4.35359577185956
543.187423125589,203.2814724631,4.15408176349507
34.1666524361619,491.666283685176,3.11033551807912
281.024605268192,16.8319572211682,3.85880072187792
532.781366126243,392.218389035408,3.47168165961445
73.3962707809163,77.8412642395016,5.18848707722502
3.29539737012905,75.7392140856575,3.51925267124505
587.223687149729,226.794472344813,4.00779527620736
440.562409885684,458.032358931061,4.72110722919195
658.952672857603,374.09087588342,3.26607374019096
102.695559015967,487.253256155534,4.30164328630723
623.24989888163,89.6140712519342,4.06014690616962
416.577134288883,260.038028693962,3.71356613749227
12.467502817954,182.217572395338,3.21869272668244
64.3579389091056,104.750007696858,4.49221243712857
614.691835249817,186.830218868061,4.54628815747122
251.945358254514,221.230626550169,3.6959587933844
570.156368286415,437.79652322069,3.9476270691564
300.540554616788,139.191615727511,3.90376049921757
524.277904778037,461.01968931778,3.58899307021065
40.5492972663585,423.718632347616,3.96002398078361
205.664221496885,289.278632844699,3.60739170424882
546.622713418021,261.113177998843,3.77481652040489
189.307955231343,30.7561597872985,4.3296985949816
508.701129135868,353.446061409914,4.71386156052348
36.7409661905621,44.29011237078,3.95683743834379
526.410289323438,145.482431012865,4.47455205941456
NA,NA,NA
662.31319671441,334.044314858456,3.48788820722142
456.060457177419,296.267555271576,3.84323078813316
3.15040390148978,488.934919951242,3.64096296206939
557.945493633483,50.8388916911749,4.18340115883458
68.8319898944175,373.893707257925,4.0490550972531
228.046134380124,412.207323350276,3.94153479234875
428.691307843999,13.8585860973883,3.38585809126346
360.852590554888,293.715780243372,3.1300599982674
605.266427537492,106.838059405489,4.26462233151138
392.940005660467,234.396615336827,4.23178568802521
566.815100010243,403.329440822399,4.7490494630933
140.324487337971,284.388846997133,4.54700709386198
198.736229976308,372.910024748577,4.11442083441074
126.247719474415,413.458880459044,3.47614964594714
624.807696415388,311.582478719241,4.55364389697545
6.93696161377319,147.139209165819,4.20543190096124
542.887938274819,201.449381724536,4.19955975425637
33.8852941960083,490.295865637078,3.05710315873326
279.051697068936,24.430386487861,3.7452666668128
533.774549342317,395.45428932046,3.32876216915835
71.4068294240118,79.6755383525792,5.30201037858507
2.69026375829855,75.8881630089999,3.49179677816802
589.239403842163,233.863042157091,4.06949969597199
443.920886556787,454.677724587274,4.8803796511759
659.166663620498,372.195475539706,3.09304137105415
108.371749042042,490.304447408347,4.33035124417608
622.505546042084,93.6296373100732,4.11413030578841
420.740006341787,260.671900606623,3.65230461328397
10.9244973388327,183.624200893729,3.16835569581492
59.3305409090224,113.890044048805,4.69090300434229
607.039841226843,211.864166182548,4.31571564524093
260.457549554443,221.787356224924,3.73042823678603
569.271043765733,440.730056770832,3.92376192571457
294.182920817823,135.11524100043,3.82374309059538
523.434524069813,462.194272542703,3.65485402179207
46.0823632629768,416.478666652868,3.56426691203245
189.45923409395,285.751264096681,3.98280856557374
544.255002817335,256.579136732098,3.84433627007719
169.929623467781,34.1721927250144,4.40957791338074
497.94096055592,346.364416273103,4.52155252413982
36.4777052164955,42.3177014404348,4.17354459951738
532.055093428979,147.706908461408,4.45396874845641
NA,NA,NA
662.31319671441,334.044314858456,3.48788820722142
456.060457177419,296.267555271576,3.84323078813316
3.15040390148978,488.934919951242,3.64096296206939
557.945493633483,50.8388916911749,4.18340115883458
68.8319898944175,373.893707257925,4.0490550972531
228.046134380124,412.207323350276,3.94153479234875
428.691307843999,13.8585860973883,3.38585809126346
360.852590554888,293.715780243372,3.1300599982674
605.266427537492,106.838059405489,4.26462233151138
392.940005660467,234.396615336827,4.23178568802521
566.815100010243,403.329440822399,4.7490494630933
140.324487337971,284.388846997133,4.54700709386198
198.736229976308,372.910024748577,4.11442083441074
126.247719474415,413.458880459044,3.47614964594714
624.807696415388,311.582478719241,4.55364389697545
6.93696161377319,147.139209165819,4.20543190096124
542.887938274819,201.449381724536,4.19955975425637
33.8852941960083,490.295865637078,3.05710315873326
279.051697068936,24.430386487861,3.7452666668128
533.774549342317,395.45428932046,3.32876216915835
71.4068294240118,79.6755383525792,5.30201037858507
2.69026375829855,75.8881630089999,3.49179677816802
589.239403842163,233.863042157091,4.06949969597199
443.920886556787,454.677724587274,4.8803796511759
659.166663620498,372.195475539706,3.09304137105415
108.371749042042,490.304447408347,4.33035124417608
622.505546042084,93.6296373100732,4.11413030578841
420.740006341787,260.671900606623,3.65230461328397
10.9244973388327,183.624200893729,3.16835569581492
59.3305409090224,113.890044048805,4.69090300434229
607.039841226843,211.864166182548,4.31571564524093
260.457549554443,221.787356224924,3.73042823678603
569.271043765733,440.730056770832,3.92376192571457
294.182920817823,135.11524100043,3.82374309059538
523.434524069813,462.194272542703,3.65485402179207
46.0823632629768,416.478666652868,3.56426691203245
189.45923409395,285.751264096681,3.98280856557374
544.255002817335,256.579136732098,3.84433627007719
169.929623467781,34.1721927250144,4.40957791338074
497.94096055592,346.364416273103,4.52155252413982
36.4777052164955,42.3177014404348,4.17354459951738
532.055093428979,147.706908461408,4.45396874845641
NA,NA,NA
662.31319671441,334.044314858456,3.48788820722142
456.060457177419,296.267555271576,3.84323078813316
3.15040390148978,488.934919951242,3.64096296206939
557.945493633483,50.8388916911749,4.18340115883458
68.8319898944175,373.893707257925,4.0490550972531
228.046134380124,412.207323350276,3.94153479234875
428.691307843999,13.8585860973883,3.38585809126346
360.852590554888,293.715780243372,3.1300599982674
605.266427537492,106.838059405489,4.26462233151138
392.940005660467,234.396615336827,4.23178568802521
566.815100010243,403.329440822399,4.7490494630933
140.324487337971,284.388846997133,4.54700709386198
198.736229976308,372.910024748577,4.11442083441074
126.247719474415,413.458880459044,3.47614964594714
624.807696415388,311.582478719241,4.55364389697545
6.93696161377319,147.139209165819,4.20543190096124
542.887938274819,201.449381724536,4.19955975425637
33.8852941960083,490.295865637078,3.05710315873326
279.051697068936,24.430386487861,3.7452666668128
533.774549342317,395.45428932046,3.32876216915835
71.4068294240118,79.6755383525792,5.30201037858507
2.69026375829855,75.8881630089999,3.49179677816802
589.239403842163,233.863042157091,4.06949969597199
443.920886556787,454.677724587274,4.8803796511759
659.166663620498,372.195475539706,3.09304137105415
108.371749042042,490.304447408347,4.33035124417608
622.505546042084,93.6296373100732,4.11413030578841
420.740006341787,260.671900606623,3.65230461328397
10.9244973388327,183.624200893729,3.16835569581492
59.3305409090224,113.890044048805,4.69090300434229
607.039841226843,211.864166182548,4.31571564524093
260.457549554443,221.787356224924,3.73042823678603
569.271043765733,440.730056770832,3.92376192571457
294.182920817823,135.11524100043,3.82374309059538
523.434524069813,462.194272542703,3.65485402179207
46.0823632629768,416.478666652868,3.56426691203245
189.45923409395,285.751264096681,3.98280856557374
544.255002817335,256.579136732098,3.84433627007719
169.929623467781,34.1721927250144,4.40957791338074
497.94096055592,346.364416273103,4.52155252413982
36.4777052164955,42.3177014404348,4.17354459951738
532.055093428979,147.706908461408,4.45396874845641
NA,NA,NA
662.31319671441,334.044314858456,3.48788820722142
456.060457177419,296.267555271576,3.84323078813316
3.15040390148978,488.934919951242,3.64096296206939
557.945493633483,50.8388916911749,4.18340115883458
68.8319898944175,373.893707257925,4.0490550972531
228.046134380124,412.207323350276,3.94153479234875
428.691307843999,13.8585860973883,3.38585809126346
360.852590554888,293.715780243372,3.1300599982674
605.266427537492,106.838059405489,4.26462233151138
392.940005660467,234.396615336827,4.23178568802521
566.815100010243,403.329440822399,4.7490494630933
140.324487337971,284.388846997133,4.54700709386198
198.736229976308,372.910024748577,4.11442083441074
126.247719474415,413.458880459044,3.47614964594714
624.807696415388,311.582478719241,4.55364389697545
6.93696161377319,147.139209165819,4.20543190096124
542.887938274819,201.449381724536,4.19955975425637
33.8852941960083,490.295865637078,3.05710315873326
279.051697068936,24.430386487861,3.7452666668128
533.774549342317,395.45428932046,3.32876216915835
71.4068294240118,79.6755383525792,5.30201037858507
2.69026375829855,75.8881630089999,3.49179677816802
589.239403842163,233.863042157091,4.06949969597199
443.920886556787,454.677724587274,4.8803796511759
659.166663620498,372.195475539706,3.09304137105415
108.371749042042,490.304447408347,4.33035124417608
622.505546042084,93.6296373100732,4.11413030578841
420.740006341787,260.671900606623,3.65230461328397
10.9244973388327,183.624200893729,3.16835569581492
59.3305409090224,113.890044048805,4.69090300434229
607.039841226843,211.864166182548,4.31571564524093
260.457549554443,221.787356224924,3.73042823678603
569.271043765733,440.730056770832,3.92376192571457
294.182920817823,135.11524100043,3.82374309059538
523.434524069813,462.194272542703,3.65485402179207
46.0823632629768,416.478666652868,3.56426691203245
189.45923409395,285.751264096681,3.98280856557374
544.255002817335,256.579136732098,3.84433627007719
169.929623467781,34.1721927250144,4.40957791338074
497.94096055592,346.364416273103,4.52155252413982
36.4777052164955,42.3177014404348,4.17354459951738
532.055093428979,147.706908461408,4.45396874845641
NA,NA,NA
662.31319671441,334.044314858456,3.48788820722142
456.060457177419,296.267555271576,3.84323078813316
3.15040390148978,488.934919951242,3.64096296206939
557.945493633483,50.8388916911749,4.18340115883458
68.8319898944175,373.893707257925,4.0490550972531
228.046134380124,412.207323350276,3.94153479234875
428.691307843999,13.8585860973883,3.38585809126346
360.852590554888,293.715780243372,3.1300599982674
605.266427537492,106.838059405489,4.26462233151138
392.940005660467,234.396615336827,4.23178568802521
566.815100010243,403.329440822399,4.7490494630933
140.324487337971,284.388846997133,4.54700709386198
198.736229976308,372.910024748577,4.11442083441074
126.247719474415,413.458880459044,3.47614964594714
624.807696415388,311.582478719241,4.55364389697545
6.93696161377319,147.139209165819,4.20543190096124
542.887938274819,201.449381724536,4.19955975425637
33.8852941960083,490.295865637078,3.05710315873326
279.051697068936,24.430386487861,3.7452666668128
533.774549342317,395.45428932046,3.32876216915835
71.4068294240118,79.6755383525792,5.30201037858507
2.69026375829855,75.8881630089999,3.49179677816802
589.239403842163,233.863042157091,4.06949969597199
443.920886556787,454.677724587274,4.8803796511759
659.166663620498,372.195475539706,3.09304137105415
108.371749042042,490.304447408347,4.33035124417608
622.505546042084,93.6296373100732,4.11413030578841
420.740006341787,260.671900606623,3.65230461328397
10.9244973388327,183.624200893729,3.16835569581492
59.3305409090224,113.890044048805,4.69090300434229
607.039841226843,211.864166182548,4.31571564524093
260.457549554443,221.787356224924,3.73042823678603
569.271043765733,440.730056770832,3.92376192571457
294.182920817823,135.11524100043,3.82374309059538
523.434524069813,462.194272542703,3.65485402179207
46.0823632629768,416.478666652868,3.56426691203245
189.45923409395,285.751264096681,3.98280856557374
544.255002817335,256.579136732098,3.84433627007719
169.929623467781,34.1721927250144,4.40957791338074
497.94096055592,346.364416273103,4.52155252413982
36.4777052164955,42.3177014404348,4.17354459951738
532.055093428979,147.706908461408,4.45396874845641
NA,NA,NA
662.31319671441,334.044314858456,3.48788820722142
456.060457177419,296.267555271576,3.84323078813316
3.15040390148978,488.934919951242,3.64096296206939
557.945493633483,50.8388916911749,4.18340115883458
68.8319898944175,373.893707257925,4.0490550972531
228.046134380124,412.207323350276,3.94153479234875
428.691307843999,13.8585860973883,3.38585809126346
360.852590554888,293.715780243372,3.1300599982674
605.266427537492,106.838059405489,4.26462233151138
392.940005660467,234.396615336827,4.23178568802521
566.815100010243,403.329440822399,4.7490494630933
140.324487337971,284.388846997133,4.54700709386198
198.736229976308,372.910024748577,4.11442083441074
126.247719474415,413.458880459044,3.47614964594714
624.807696415388,311.582478719241,4.55364389697545
6.93696161377319,147.139209165819,4.20543190096124
542.887938274819,201.449381724536,4.19955975425637
33.8852941960083,490.295865637078,3.05710315873326
279.051697068936,24.430386487861,3.7452666668128
533.774549342317,395.45428932046,3.32876216915835
71.4068294240118,79.6755383525792,5.30201037858507
2.69026375829855,75.8881630089999,3.49179677816802
589.239403842163,233.863042157091,4.06949969597199
443.920886556787,454.677724587274,4.8803796511759
659.166663620498,372.195475539706,3.09304137105415
108.371749042042,490.304447408347,4.33035124417608
622.505546042084,93.6296373100732,4.11413030578841
420.740006341787,260.671900606623,3.65230461328397
10.9244973388327,183.624200893729,3.16835569581492
59.3305409090224,113.890044048805,4.69090300434229
607.039841226843,211.864166182548,4.31571564524093
260.457549554443,221.787356224924,3.73042823678603
569.271043765733,440.730056770832,3.92376192571457
294.182920817823,135.11524100043,3.82374309059538
523.434524069813,462.194272542703,3.65485402179207
46.0823632629768,416.478666652868,3.56426691203245
189.45923409395,285.751264096681,3.98280856557374
544.255002817335,256.579136732098,3.84433627007719
169.929623467781,34.1721927250144,4.40957791338074
497.94096055592,346.364416273103,4.52155252413982
36.4777052164955,42.3177014404348,4.17354459951738
532.055093428979,147.706908461408,4.45396874845641
NA,NA,NA
664.593355586903,336.725316447994,3.4275431791232
456.238930577146,295.980612850546,3.76159627997996
12.5291144022738,494.200077545778,3.58775583772885
563.668966899191,48.3938741971734,4.14899600493072
72.2300652636677,375.711047453129,3.92831212536499
232.80875100047,415.612489998925,3.76721906679414
428.475896904181,12.8079134778884,3.31570107285458
362.561321453745,293.036516282538,2.94421359907123
606.857990838493,99.4648869314103,4.23865281780571
395.058456590834,228.278643054567,4.26893859133525
573.978222730105,409.199347247759,4.70337184468641
137.846211382147,279.046979033872,4.53036543575524
197.678515826278,368.867027551499,4.1715336945969
123.640189261618,412.853895071356,3.41022296437984
626.68656809949,313.191944137823,4.48485325201522
2.00049552002347,147.677797938043,4.32288150383139
542.785843234724,201.540885887431,4.02763306280858
34.4817151713785,490.55722107806,2.97207030421997
278.190334604113,21.6717059202622,3.84435493397891
533.601863692612,393.635277370284,3.36537563358331
74.3970822863575,72.3318558116421,5.15330179196142
9.43277035527291,78.0257064253049,3.44668841441828
590.266083257944,229.650430036833,4.07235949174076
443.927777304437,458.281570488227,4.69316076970821
659.726958700022,373.570843060172,2.93138620623381
108.701458490411,479.736490998555,4.36997449286697
620.247916123237,87.9528332751138,4.10460298264487
421.280474568454,258.740480064892,3.71521764379049
11.2220094173509,183.41088421981,3.19177748966049
80.8665453012672,122.987290856529,4.62395954505504
602.692428498689,212.292459655352,4.27657888758945
251.688287731454,214.353675520294,3.78745325596973
567.573296362507,432.225302181422,3.77614010408837
301.539201671693,139.689945537712,4.11214268351962
526.031859801256,458.229245899326,3.69304012228782
52.6708837381038,413.25381511175,3.6453694177603
190.209547287042,284.822475977363,3.95350527214333
554.158647978996,261.361892749925,3.37331417435976
183.048493030831,34.58849663399,4.53566965617056
493.682191029215,337.495226194469,4.64493335887834
40.2728632421933,63.575587436385,4.04584315512289
529.347595012041,161.022046932324,4.88807139818403
NA,NA,NA
664.593355586903,336.725316447994,3.4275431791232
456.238930577146,295.980612850546,3.76159627997996
12.5291144022738,494.200077545778,3.58775583772885
563.668966899191,48.3938741971734,4.14899600493072
72.2300652636677,375.711047453129,3.92831212536499
232.80875100047,415.612489998925,3.76721906679414
428.475896904181,12.8079134778884,3.31570107285458
362.561321453745,293.036516282538,2.94421359907123
606.857990838493,99.4648869314103,4.23865281780571
395.058456590834,228.278643054567,4.26893859133525
573.978222730105,409.199347247759,4.70337184468641
137.846211382147,279.046979033872,4.53036543575524
197.678515826278,368.867027551499,4.1715336945969
123.640189261618,412.853895071356,3.41022296437984
626.68656809949,313.191944137823,4.48485325201522
2.00049552002347,147.677797938043,4.32288150383139
542.785843234724,201.540885887431,4.02763306280858
34.4817151713785,490.55722107806,2.97207030421997
278.190334604113,21.6717059202622,3.84435493397891
533.601863692612,393.635277370284,3.36537563358331
74.3970822863575,72.3318558116421,5.15330179196142
9.43277035527291,78.0257064253049,3.44668841441828
590.266083257944,229.650430036833,4.07235949174076
443.927777304437,458.281570488227,4.69316076970821
659.726958700022,373.570843060172,2.93138620623381
108.701458490411,479.736490998555,4.36997449286697
620.247916123237,87.9528332751138,4.10460298264487
421.280474568454,258.740480064892,3.71521764379049
11.2220094173509,183.41088421981,3.19177748966049
80.8665453012672,122.987290856529,4.62395954505504
602.692428498689,212.292459655352,4.27657888758945
251.688287731454,214.353675520294,3.78745325596973
567.573296362507,432.225302181422,3.77614010408837
301.539201671693,139.689945537712,4.11214268351962
526.031859801256,458.229245899326,3.69304012228782
52.6708837381038,413.25381511175,3.6453694177603
190.209547287042,284.822475977363,3.95350527214333
554.158647978996,261.361892749925,3.37331417435976
183.048493030831,34.58849663399,4.53566965617056
493.682191029215,337.495226194469,4.64493335887834
40.2728632421933,63.575587436385,4.04584315512289
529.347595012041,161.022046932324,4.88807139818403
NA,NA,NA
664.593355586903,336.725316447994,3.4275431791232
456.238930577146,295.980612850546,3.76159627997996
12.5291144022738,494.200077545778,3.58775583772885
563.668966899191,48.3938741971734,4.14899600493072
72.2300652636677,375.711047453129,3.92831212536499
232.80875100047,415.612489998925,3.76721906679414
428.475896904181,12.8079134778884,3.31570107285458
362.561321453745,293.036516282538,2.94421359907123
606.857990838493,99.4648869314103,4.23865281780571
395.058456590834,228.278643054567,4.26893859133525
573.978222730105,409.199347247759,4.70337184468641
137.846211382147,279.046979033872,4.53036543575524
197.678515826278,368.867027551499,4.1715336945969
123.640189261618,412.853895071356,3.41022296437984
626.68656809949,313.191944137823,4.48485325201522
2.00049552002347,147.677797938043,4.32288150383139
542.785843234724,201.540885887431,4.02763306280858
34.4817151713785,490.55722107806,2.97207030421997
278.190334604113,21.6717059202622,3.84435493397891
533.601863692612,393.635277370284,3.36537563358331
74.3970822863575,72.3318558116421,5.15330179196142
9.43277035527291,78.0257064253049,3.44668841441828
590.266083257944,229.650430036833,4.07235949174076
443.927777304437,458.281570488227,4.69316076970821
659.726958700022,373.570843060172,2.93138620623381
108.701458490411,479.736490998555,4.36997449286697
620.247916123237,87.9528332751138,4.10460298264487
421.280474568454,258.740480064892,3.71521764379049
11.2220094173509,183.41088421981,3.19177748966049
80.8665453012672,122.987290856529,4.62395954505504
602.692428498689,212.292459655352,4.27657888758945
251.688287731454,214.353675520294,3.78745325596973
567.573296362507,432.225302181422,3.77614010408837
301.539201671693,139.689945537712,4.11214268351962
526.031859801256,458.229245899326,3.69304012228782
52.6708837381038,413.25381511175,3.6453694177603
190.209547287042,284.822475977363,3.95350527214333
554.158647978996,261.361892749925,3.37331417435976
183.048493030831,34.58849663399,4.53566965617056
493.682191029215,337.495226194469,4.64493335887834
40.2728632421933,63.575587436385,4.04584315512289
529.347595012041,161.022046932324,4.88807139818403
NA,NA,NA
664.593355586903,336.725316447994,3.4275431791232
456.238930577146,295.980612850546,3.76159627997996
12.5291144022738,494.200077545778,3.58775583772885
563.668966899191,48.3938741971734,4.14899600493072
72.2300652636677,375.711047453129,3.92831212536499
232.80875100047,415.612489998925,3.76721906679414
428.475896904181,12.8079134778884,3.31570107285458
362.561321453745,293.036516282538,2.94421359907123
606.857990838493,99.4648869314103,4.23865281780571
395.058456590834,228.278643054567,4.26893859133525
573.978222730105,409.199347247759,4.70337184468641
137.846211382147,279.046979033872,4.53036543575524
197.678515826278,368.867027551499,4.1715336945969
123.640189261618,412.853895071356,3.41022296437984
626.68656809949,313.191944137823,4.48485325201522
2.00049552002347,147.677797938043,4.32288150383139
542.785843234724,201.540885887431,4.02763306280858
34.4817151713785,490.55722107806,2.97207030421997
278.190334604113,21.6717059202622,3.84435493397891
533.601863692612,393.635277370284,3.36537563358331
74.3970822863575,72.3318558116421,5.15330179196142
9.43277035527291,78.0257064253049,3.44668841441828
590.266083257944,229.650430036833,4.07235949174076
443.927777304437,458.281570488227,4.69316076970821
659.726958700022,373.570843060172,2.93138620623381
108.701458490411,479.736490998555,4.36997449286697
620.247916123237,87.9528332751138,4.10460298264487
421.280474568454,258.740480064892,3.71521764379049
11.2220094173509,183.41088421981,3.19177748966049
80.8665453012672,122.987290856529,4.62395954505504
602.692428498689,212.292459655352,4.27657888758945
251.688287731454,214.353675520294,3.78745325596973
567.573296362507,432.225302181422,3.77614010408837
301.539201671693,139.689945537712,4.11214268351962
526.031859801256,458.229245899326,3.69304012228782
52.6708837381038,413.25381511175,3.6453694177603
190.209547287042,284.822475977363,3.95350527214333
554.158647978996,261.361892749925,3.37331417435976
183.048493030831,34.58849663399,4.53566965617056
493.682191029215,337.495226194469,4.64493335887834
40.2728632421933,63.575587436385,4.04584315512289
529.347595012041,161.022046932324,4.88807139818403
NA,NA,NA
664.593355586903,336.725316447994,3.4275431791232
456.238930577146,295.980612850546,3.76159627997996
12.5291144022738,494.200077545778,3.58775583772885
563.668966899191,48.3938741971734,4.14899600493072
72.2300652636677,375.711047453129,3.92831212536499
232.80875100047,415.612489998925,3.76721906679414
428.475896904181,12.8079134778884,3.31570107285458
362.561321453745,293.036516282538,2.94421359907123
606.857990838493,99.4648869314103,4.23865281780571
395.058456590834,228.278643054567,4.26893859133525
573.978222730105,409.199347247759,4.70337184468641
137.846211382147,279.046979033872,4.53036543575524
197.678515826278,368.867027551499,4.1715336945969
123.640189261618,412.853895071356,3.41022296437984
626.68656809949,313.191944137823,4.48485325201522
2.00049552002347,147.677797938043,4.32288150383139
542.785843234724,201.540885887431,4.02763306280858
34.4817151713785,490.55722107806,2.97207030421997
278.190334604113,21.6717059202622,3.84435493397891
533.601863692612,393.635277370284,3.36537563358331
74.3970822863575,72.3318558116421,5.15330179196142
9.43277035527291,78.0257064253049,3.44668841441828
590.266083257944,229.650430036833,4.07235949174076
443.927777304437,458.281570488227,4.69316076970821
659.726958700022,373.570843060172,2.93138620623381
108.701458490411,479.736490998555,4.36997449286697
620.247916123237,87.9528332751138,4.10460298264487
421.280474568454,258.740480064892,3.71521764379049
11.2220094173509,183.41088421981,3.19177748966049
80.8665453012672,122.987290856529,4.62395954505504
602.692428498689,212.292459655352,4.27657888758945
251.688287731454,214.353675520294,3.78745325596973
567.573296362507,432.225302181422,3.77614010408837
301.539201671693,139.689945537712,4.11214268351962
526.031859801256,458.229245899326,3.69304012228782
52.6708837381038,413.25381511175,3.6453694177603
190.209547287042,284.822475977363,3.95350527214333
554.158647978996,261.361892749925,3.37331417435976
183.048493030831,34.58849663399,4.53566965617056
493.682191029215,337.495226194469,4.64493335887834
40.2728632421933,63.575587436385,4.04584315512289
529.347595012041,161.022046932324,4.88807139818403
NA,NA,NA
664.593355586903,336.725316447994,3.4275431791232
456.238930577146,295.980612850546,3.76159627997996
12.5291144022738,494.200077545778,3.58775583772885
563.668966899191,48.3938741971734,4.14899600493072
72.2300652636677,375.711047453129,3.92831212536499
232.80875100047,415.612489998925,3.76721906679414
428.475896904181,12.8079134778884,3.31570107285458
362.561321453745,293.036516282538,2.94421359907123
606.857990838493,99.4648869314103,4.23865281780571
395.058456590834,228.278643054567,4.26893859133525
573.978222730105,409.199347247759,4.70337184468641
137.846211382147,279.046979033872,4.53036543575524
197.678515826278,368.867027551499,4.1715336945969
123.640189261618,412.853895071356,3.41022296437984
626.68656809949,313.191944137823,4.48485325201522
2.00049552002347,147.677797938043,4.32288150383139
542.785843234724,201.540885887431,4.02763306280858
34.4817151713785,490.55722107806,2.97207030421997
278.190334604113,21.6717059202622,3.84435493397891
533.601863692612,393.635277370284,3.36537563358331
74.3970822863575,72.3318558116421,5.15330179196142
9.43277035527291,78.0257064253049,3.44668841441828
590.266083257944,229.650430036833,4.07235949174076
443.927777304437,458.281570488227,4.69316076970821
659.726958700022,373.570843060172,2.93138620623381
108.701458490411,479.736490998555,4.36997449286697
620.247916123237,87.9528332751138,4.10460298264487
421.280474568454,258.740480064892,3.71521764379049
11.2220094173509,183.41088421981,3.19177748966049
80.8665453012672,122.987290856529,4.62395954505504
602.692428498689,212.292459655352,4.27657888758945
251.688287731454,214.353675520294,3.78745325596973
567.573296362507,432.225302181422,3.77614010408837
301.539201671693,139.689945537712,4.11214268351962
526.031859801256,458.229245899326,3.69304012228782
52.6708837381038,413.25381511175,3.6453694177603
190.209547287042,284.822475977363,3.95350527214333
554.158647978996,261.361892749925,3.37331417435976
183.048493030831,34.58849663399,4.53566965617056
493.682191029215,337.495226194469,4.64493335887834
40.2728632421933,63.575587436385,4.04584315512289
529.347595012041,161.022046932324,4.88807139818403
NA,NA,NA
664.358867893819,333.633274970817,3.57883680320792
458.828280801062,297.732120914571,3.45605598286099
8.25838823733002,494.277048890568,3.55021018172288
556.50219119989,55.7548495169541,4.27103364777766
71.2619151166542,374.092594746458,3.9351942338431
230.400731935903,411.801467641664,3.85235374780071
431.541037285904,12.7477864711454,3.17323135499256
364.432156089476,291.552383082048,3.08535821906286
600.739405302533,105.109257295258,4.26620179652326
393.142536113697,235.837081503865,4.0991102561015
561.355686683531,405.746354387932,4.73713858062401
143.441196559665,284.878990719862,4.73190449749816
202.823600608443,375.023867746817,4.01447224800647
126.618574192641,410.034497658841,3.35830137349962
632.823935031397,311.366140153326,4.51614884869503
8.30944267742311,145.412345461428,4.25879025438493
541.824605720573,204.531715793676,4.19250373184519
32.1471351269719,491.851423720916,2.96340068439436
282.349056465537,16.8731593533754,3.98310590673378
533.965596467038,391.077351365393,3.45707305015881
72.1228811795741,79.395635970279,5.24142121543184
8.45697064142496,74.347605749342,3.44578263262286
590.30789213942,228.195893634495,3.93934559127086
441.748051086602,457.93405899974,4.76608388962142
660.53545759407,374.430626788943,2.96641668852766
108.987132799684,486.883105225179,4.41290641529581
624.45896382663,87.8530235768891,4.08630672445049
423.001521015098,255.490766746213,3.7856754093723
8.7634022781652,183.274444207688,3.15503670412879
67.6732598644129,111.334517232603,4.37560142632126
608.520685726726,202.149154593789,4.52539783870892
263.450961008645,225.090537362828,3.56860321554644
571.038613939437,432.538352678441,3.67524336686166
302.116355423201,133.802577588935,3.92061095930561
526.857517972298,457.786468165779,3.56356419892004
52.2083869569879,414.019508989364,3.85527700284702
193.87607018039,283.410177024864,3.88357038696634
566.578411936628,254.636411118522,3.69139711345714
177.438126538154,21.5959858626464,4.32698965792552
504.167684946029,352.708430847418,4.6087993405524
31.7717590494418,42.5738642175309,4.13371724165706
524.516729513175,159.244156781983,4.75393872429263
NA,NA,NA
664.358867893819,333.633274970817,3.57883680320792
458.828280801062,297.732120914571,3.45605598286099
8.25838823733002,494.277048890568,3.55021018172288
556.50219119989,55.7548495169541,4.27103364777766
71.2619151166542,374.092594746458,3.9351942338431
230.400731935903,411.801467641664,3.85235374780071
431.541037285904,12.7477864711454,3.17323135499256
364.432156089476,291.552383082048,3.08535821906286
600.739405302533,105.109257295258,4.26620179652326
393.142536113697,235.837081503865,4.0991102561015
561.355686683531,405.746354387932,4.73713858062401
143.441196559665,284.878990719862,4.73190449749816
202.823600608443,375.023867746817,4.01447224800647
126.618574192641,410.034497658841,3.35830137349962
632.823935031397,311.366140153326,4.51614884869503
8.30944267742311,145.412345461428,4.25879025438493
541.824605720573,204.531715793676,4.19250373184519
32.1471351269719,491.851423720916,2.96340068439436
282.349056465537,16.8731593533754,3.98310590673378
533.965596467038,391.077351365393,3.45707305015881
72.1228811795741,79.395635970279,5.24142121543184
8.45697064142496,74.347605749342,3.44578263262286
590.30789213942,228.195893634495,3.93934559127086
441.748051086602,457.93405899974,4.76608388962142
660.53545759407,374.430626788943,2.96641668852766
108.987132799684,486.883105225179,4.41290641529581
624.45896382663,87.8530235768891,4.08630672445049
423.001521015098,255.490766746213,3.7856754093723
8.7634022781652,183.274444207688,3.15503670412879
67.6732598644129,111.334517232603,4.37560142632126
608.520685726726,202.149154593789,4.52539783870892
263.450961008645,225.090537362828,3.56860321554644
571.038613939437,432.538352678441,3.67524336686166
302.116355423201,133.802577588935,3.92061095930561
526.857517972298,457.786468165779,3.56356419892004
52.2083869569879,414.019508989364,3.85527700284702
193.87607018039,283.410177024864,3.88357038696634
566.578411936628,254.636411118522,3.69139711345714
177.438126538154,21.5959858626464,4.32698965792552
504.167684946029,352.708430847418,4.6087993405524
31.7717590494418,42.5738642175309,4.13371724165706
524.516729513175,159.244156781983,4.75393872429263
NA,NA,NA
664.358867893819,333.633274970817,3.57883680320792
458.828280801062,297.732120914571,3.45605598286099
8.25838823733002,494.277048890568,3.55021018172288
556.50219119989,55.7548495169541,4.27103364777766
71.2619151166542,374.092594746458,3.9351942338431
230.400731935903,411.801467641664,3.85235374780071
431.541037285904,12.7477864711454,3.17323135499256
364.432156089476,291.552383082048,3.08535821906286
600.739405302533,105.109257295258,4.26620179652326
393.142536113697,235.837081503865,4.0991102561015
561.355686683531,405.746354387932,4.73713858062401
143.441196559665,284.878990719862,4.73190449749816
202.823600608443,375.023867746817,4.01447224800647
126.618574192641,410.034497658841,3.35830137349962
632.823935031397,311.366140153326,4.51614884869503
8.30944267742311,145.412345461428,4.25879025438493
541.824605720573,204.531715793676,4.19250373184519
32.1471351269719,491.851423720916,2.96340068439436
282.349056465537,16.8731593533754,3.98310590673378
533.965596467038,391.077351365393,3.45707305015881
72.1228811795741,79.395635970279,5.24142121543184
8.45697064142496,74.347605749342,3.44578263262286
590.30789213942,228.195893634495,3.93934559127086
441.748051086602,457.93405899974,4.76608388962142
660.53545759407,374.430626788943,2.96641668852766
108.987132799684,486.883105225179,4.41290641529581
624.45896382663,87.8530235768891,4.08630672445049
423.001521015098,255.490766746213,3.7856754093723
8.7634022781652,183.274444207688,3.15503670412879
67.6732598644129,111.334517232603,4.37560142632126
608.520685726726,202.149154593789,4.52539783870892
263.450961008645,225.090537362828,3.56860321554644
571.038613939437,432.538352678441,3.67524336686166
302.116355423201,133.802577588935,3.92061095930561
526.857517972298,457.786468165779,3.56356419892004
52.2083869569879,414.019508989364,3.85527700284702
193.87607018039,283.410177024864,3.88357038696634
566.578411936628,254.636411118522,3.69139711345714
177.438126538154,21.5959858626464,4.32698965792552
504.167684946029,352.708430847418,4.6087993405524
31.7717590494418,42.5738642175309,4.13371724165706
524.516729513175,159.244156781983,4.75393872429263
NA,NA,NA
664.358867893819,333.633274970817,3.57883680320792
458.828280801062,297.732120914571,3.45605598286099
8.25838823733002,494.277048890568,3.55021018172288
556.50219119989,55.7548495169541,4.27103364777766
71.2619151166542,374.092594746458,3.9351942338431
230.400731935903,411.801467641664,3.85235374780071
431.541037285904,12.7477864711454,3.17323135499256
364.432156089476,291.552383082048,3.08535821906286
600.739405302533,105.109257295258,4.26620179652326
393.142536113697,235.837081503865,4.0991102561015
561.355686683531,405.746354387932,4.73713858062401
143.441196559665,284.878990719862,4.73190449749816
202.823600608443,375.023867746817,4.01447224800647
126.618574192641,410.034497658841,3.35830137349962
632.823935031397,311.366140153326,4.51614884869503
8.30944267742311,145.412345461428,4.25879025438493
541.824605720573,204.531715793676,4.19250373184519
32.1471351269719,491.851423720916,2.96340068439436
282.349056465537,16.8731593533754,3.98310590673378
533.965596467038,391.077351365393,3.45707305015881
72.1228811795741,79.395635970279,5.24142121543184
8.45697064142496,74.347605749342,3.44578263262286
590.30789213942,228.195893634495,3.93934559127086
441.748051086602,457.93405899974,4.76608388962142
660.53545759407,374.430626788943,2.96641668852766
108.987132799684,486.883105225179,4.41290641529581
624.45896382663,87.8530235768891,4.08630672445049
423.001521015098,255.490766746213,3.7856754093723
8.7634022781652,183.274444207688,3.15503670412879
67.6732598644129,111.334517232603,4.37560142632126
608.520685726726,202.149154593789,4.52539783870892
263.450961008645,225.090537362828,3.56860321554644
571.038613939437,432.538352678441,3.67524336686166
302.116355423201,133.802577588935,3.92061095930561
526.857517972298,457.786468165779,3.56356419892004
52.2083869569879,414.019508989364,3.85527700284702
193.87607018039,283.410177024864,3.88357038696634
566.578411936628,254.636411118522,3.69139711345714
177.438126538154,21.5959858626464,4.32698965792552
504.167684946029,352.708430847418,4.6087993405524
31.7717590494418,42.5738642175309,4.13371724165706
524.516729513175,159.244156781983,4.75393872429263
NA,NA,NA
664.358867893819,333.633274970817,3.57883680320792
458.828280801062,297.732120914571,3.45605598286099
8.25838823733002,494.277048890568,3.55021018172288
556.50219119989,55.7548495169541,4.27103364777766
71.2619151166542,374.092594746458,3.9351942338431
230.400731935903,411.801467641664,3.85235374780071
431.541037285904,12.7477864711454,3.17323135499256
364.432156089476,291.552383082048,3.08535821906286
600.739405302533,105.109257295258,4.26620179652326
393.142536113697,235.837081503865,4.0991102561015
561.355686683531,405.746354387932,4.73713858062401
143.441196559665,284.878990719862,4.73190449749816
202.823600608443,375.023867746817,4.01447224800647
126.618574192641,410.034497658841,3.35830137349962
632.823935031397,311.366140153326,4.51614884869503
8.30944267742311,145.412345461428,4.25879025438493
541.824605720573,204.531715793676,4.19250373184519
32.1471351269719,491.851423720916,2.96340068439436
282.349056465537,16.8731593533754,3.98310590673378
533.965596467038,391.077351365393,3.45707305015881
72.1228811795741,79.395635970279,5.24142121543184
8.45697064142496,74.347605749342,3.44578263262286
590.30789213942,228.195893634495,3.93934559127086
441.748051086602,457.93405899974,4.76608388962142
660.53545759407,374.430626788943,2.96641668852766
108.987132799684,486.883105225179,4.41290641529581
624.45896382663,87.8530235768891,4.08630672445049
423.001521015098,255.490766746213,3.7856754093723
8.7634022781652,183.274444207688,3.15503670412879
67.6732598644129,111.334517232603,4.37560142632126
608.520685726726,202.149154593789,4.52539783870892
263.450961008645,225.090537362828,3.56860321554644
571.038613939437,432.538352678441,3.67524336686166
302.116355423201,133.802577588935,3.92061095930561
526.857517972298,457.786468165779,3.56356419892004
52.2083869569879,414.019508989364,3.85527700284702
193.87607018039,283.410177024864,3.88357038696634
566.578411936628,254.636411118522,3.69139711345714
177.438126538154,21.5959858626464,4.32698965792552
504.167684946029,352.708430847418,4.6087993405524
31.7717590494418,42.5738642175309,4.13371724165706
524.516729513175,159.244156781983,4.75393872429263
NA,NA,NA
664.358867893819,333.633274970817,3.57883680320792
458.828280801062,297.732120914571,3.45605598286099
8.25838823733002,494.277048890568,3.55021018172288
556.50219119989,55.7548495169541,4.27103364777766
71.2619151166542,374.092594746458,3.9351942338431
230.400731935903,411.801467641664,3.85235374780071
431.541037285904,12.7477864711454,3.17323135499256
364.432156089476,291.552383082048,3.08535821906286
600.739405302533,105.109257295258,4.26620179652326
393.142536113697,235.837081503865,4.0991102561015
561.355686683531,405.746354387932,4.73713858062401
143.441196559665,284.878990719862,4.73190449749816
202.823600608443,375.023867746817,4.01447224800647
126.618574192641,410.034497658841,3.35830137349962
632.823935031397,311.366140153326,4.51614884869503
8.30944267742311,145.412345461428,4.25879025438493
541.824605720573,204.531715793676,4.19250373184519
32.1471351269719,491.851423720916,2.96340068439436
282.349056465537,16.8731593533754,3.98310590673378
533.965596467038,391.077351365393,3.45707305015881
72.1228811795741,79.395635970279,5.24142121543184
8.45697064142496,74.347605749342,3.44578263262286
590.30789213942,228.195893634495,3.93934559127086
441.748051086602,457.93405899974,4.76608388962142
660.53545759407,374.430626788943,2.96641668852766
108.987132799684,486.883105225179,4.41290641529581
624.45896382663,87.8530235768891,4.08630672445049
423.001521015098,255.490766746213,3.7856754093723
8.7634022781652,183.274444207688,3.15503670412879
67.6732598644129,111.334517232603,4.37560142632126
608.520685726726,202.149154593789,4.52539783870892
263.450961008645,225.090537362828,3.56860321554644
571.038613939437,432.538352678441,3.67524336686166
302.116355423201,133.802577588935,3.92061095930561
526.857517972298,457.786468165779,3.56356419892004
52.2083869569879,414.019508989364,3.85527700284702
193.87607018039,283.410177024864,3.88357038696634
566.578411936628,254.636411118522,3.69139711345714
177.438126538154,21.5959858626464,4.32698965792552
504.167684946029,352.708430847418,4.6087993405524
31.7717590494418,42.5738642175309,4.13371724165706
524.516729513175,159.244156781983,4.75393872429263
NA,NA,NA
661.055418527024,338.404896354093,3.45833466525681
453.386573302082,299.456751896997,3.73690012575188
9.3229621960953,494.866026010839,3.68707824601817
562.098670120624,55.6623460271845,4.17630224315242
72.9492806027269,376.175504956295,4.08629537593947
227.361928355549,409.186581848467,3.8353183877986
425.903965119326,13.5125579965897,3.31474211381197
362.067721494915,294.817127690966,3.0090587036797
602.521673090958,103.370983096961,4.19984413235023
392.268476733808,229.413781381767,4.26753166826011
570.888998148435,402.732951223245,4.77200196948937
136.991060345853,287.254536422452,4.41935313321783
200.650736716383,370.839968444332,3.95906656607123
127.986533333491,409.466002962116,3.49966367302042
628.841490795613,314.85001168663,4.66829611170178
-0.890995988778164,148.45702453003,4.30071679468717
541.866877096156,201.513578591819,4.15553066130907
32.9116967906511,490.666320516427,3.02335573099672
281.010470646032,24.7042996255472,3.8470703396046
529.038109899959,393.594594780215,3.53645987741435
73.5802004186669,74.8353815720515,5.1714114865262
5.08587472991724,73.7710193230357,3.48037912595948
592.751670066501,228.811089725459,4.06499174881335
446.920590861761,464.716085926687,4.70305712932539
659.660689351258,374.306099266991,3.14627605865632
105.263565898046,487.660516085674,4.33732355290785
625.429134104129,89.9645399589964,4.0426445190974
418.128488530489,258.718014553284,3.69721779302066
10.7562315360412,182.030420113223,3.07426975086976
68.4266949719948,115.931181339702,4.5025890619336
621.763643980816,183.04564843385,4.41647186392029
255.590656056,210.085396011385,3.89891810094062
569.672086981023,436.671430514521,3.76756435054214
297.525283229101,136.620306984666,3.74436462763929
532.994827622611,452.762091261683,3.79765735237727
45.2009542184926,418.520231292602,4.01334724364057
199.062073575297,274.261443411174,4.31188947423757
555.001011529142,255.832991052981,3.94560285917214
167.151118506153,19.9763588902375,4.49279970360692
502.152425673432,338.495668311982,4.39743766566345
43.575446463703,47.440292252109,4.1830038890048
530.092410301553,154.587143885722,4.43391267617687
NA,NA,NA
661.055418527024,338.404896354093,3.45833466525681
453.386573302082,299.456751896997,3.73690012575188
9.3229621960953,494.866026010839,3.68707824601817
562.098670120624,55.6623460271845,4.17630224315242
72.9492806027269,376.175504956295,4.08629537593947
227.361928355549,409.186581848467,3.8353183877986
425.903965119326,13.5125579965897,3.31474211381197
362.067721494915,294.817127690966,3.0090587036797
602.521673090958,103.370983096961,4.19984413235023
392.268476733808,229.413781381767,4.26753166826011
570.888998148435,402.732951223245,4.77200196948937
136.991060345853,287.254536422452,4.41935313321783
200.650736716383,370.839968444332,3.95906656607123
127.986533333491,409.466002962116,3.49966367302042
628.841490795613,314.85001168663,4.66829611170178
-0.890995988778164,148.45702453003,4.30071679468717
541.866877096156,201.513578591819,4.15553066130907
32.9116967906511,490.666320516427,3.02335573099672
281.010470646032,24.7042996255472,3.8470703396046
529.038109899959,393.594594780215,3.53645987741435
73.5802004186669,74.8353815720515,5.1714114865262
5.08587472991724,73.7710193230357,3.48037912595948
592.751670066501,228.811089725459,4.06499174881335
446.920590861761,464.716085926687,4.70305712932539
659.660689351258,374.306099266991,3.14627605865632
105.263565898046,487.660516085674,4.33732355290785
625.429134104129,89.9645399589964,4.0426445190974
418.128488530489,258.718014553284,3.69721779302066
10.7562315360412,182.030420113223,3.07426975086976
68.4266949719948,115.931181339702,4.5025890619336
621.763643980816,183.04564843385,4.41647186392029
255.590656056,210.085396011385,3.89891810094062
569.672086981023,436.671430514521,3.76756435054214
297.525283229101,136.620306984666,3.74436462763929
532.994827622611,452.762091261683,3.79765735237727
45.2009542184926,418.520231292602,4.01334724364057
199.062073575297,274.261443411174,4.31188947423757
555.001011529142,255.832991052981,3.94560285917214
167.151118506153,19.9763588902375,4.49279970360692
502.152425673432,338.495668311982,4.39743766566345
43.575446463703,47.440292252109,4.1830038890048
530.092410301553,154.587143885722,4.43391267617687
NA,NA,NA
661.055418527024,338.404896354093,3.45833466525681
453.386573302082,299.456751896997,3.73690012575188
9.3229621960953,494.866026010839,3.68707824601817
562.098670120624,55.6623460271845,4.17630224315242
72.9492806027269,376.175504956295,4.08629537593947
227.361928355549,409.186581848467,3.8353183877986
425.903965119326,13.5125579965897,3.31474211381197
362.067721494915,294.817127690966,3.0090587036797
602.521673090958,103.370983096961,4.19984413235023
392.268476733808,229.413781381767,4.26753166826011
570.888998148435,402.732951223245,4.77200196948937
136.991060345853,287.254536422452,4.41935313321783
200.650736716383,370.839968444332,3.95906656607123
127.986533333491,409.466002962116,3.49966367302042
628.841490795613,314.85001168663,4.66829611170178
-0.890995988778164,148.45702453003,4.30071679468717
541.866877096156,201.513578591819,4.15553066130907
32.9116967906511,490.666320516427,3.02335573099672
281.010470646032,24.7042996255472,3.8470703396046
529.038109899959,393.594594780215,3.53645987741435
73.5802004186669,74.8353815720515,5.1714114865262
5.08587472991724,73.7710193230357,3.48037912595948
592.751670066501,228.811089725459,4.06499174881335
446.920590861761,464.716085926687,4.70305712932539
659.660689351258,374.306099266991,3.14627605865632
105.263565898046,487.660516085674,4.33732355290785
625.429134104129,89.9645399589964,4.0426445190974
418.128488530489,258.718014553284,3.69721779302066
10.7562315360412,182.030420113223,3.07426975086976
68.4266949719948,115.931181339702,4.5025890619336
621.763643980816,183.04564843385,4.41647186392029
255.590656056,210.085396011385,3.89891810094062
569.672086981023,436.671430514521,3.76756435054214
297.525283229101,136.620306984666,3.74436462763929
532.994827622611,452.762091261683,3.79765735237727
45.2009542184926,418.520231292602,4.01334724364057
199.062073575297,274.261443411174,4.31188947423757
555.001011529142,255.832991052981,3.94560285917214
167.151118506153,19.9763588902375,4.49279970360692
502.152425673432,338.495668311982,4.39743766566345
43.575446463703,47.440292252109,4.1830038890048
530.092410301553,154.587143885722,4.43391267617687
NA,NA,NA
661.055418527024,338.404896354093,3.45833466525681
453.386573302082,299.456751896997,3.73690012575188
9.3229621960953,494.866026010839,3.68707824601817
562.098670120624,55.6623460271845,4.17630224315242
72.9492806027269,376.175504956295,4.08629537593947
227.361928355549,409.186581848467,3.8353183877986
425.903965119326,13.5125579965897,3.31474211381197
362.067721494915,294.817127690966,3.0090587036797
602.521673090958,103.370983096961,4.19984413235023
392.268476733808,229.413781381767,4.26753166826011
570.888998148435,402.732951223245,4.77200196948937
136.991060345853,287.254536422452,4.41935313321783
200.650736716383,370.839968444332,3.95906656607123
127.986533333491,409.466002962116,3.49966367302042
628.841490795613,314.85001168663,4.66829611170178
-0.890995988778164,148.45702453003,4.30071679468717
541.866877096156,201.513578591819,4.15553066130907
32.9116967906511,490.666320516427,3.02335573099672
281.010470646032,24.7042996255472,3.8470703396046
529.038109899959,393.594594780215,3.53645987741435
73.5802004186669,74.8353815720515,5.1714114865262
5.08587472991724,73.7710193230357,3.48037912595948
592.751670066501,228.811089725459,4.06499174881335
446.920590861761,464.716085926687,4.70305712932539
659.660689351258,374.306099266991,3.14627605865632
105.263565898046,487.660516085674,4.33732355290785
625.429134104129,89.9645399589964,4.0426445190974
418.128488530489,258.718014553284,3.69721779302066
10.7562315360412,182.030420113223,3.07426975086976
68.4266949719948,115.931181339702,4.5025890619336
621.763643980816,183.04564843385,4.41647186392029
255.590656056,210.085396011385,3.89891810094062
569.672086981023,436.671430514521,3.76756435054214
297.525283229101,136.620306984666,3.74436462763929
532.994827622611,452.762091261683,3.79765735237727
45.2009542184926,418.520231292602,4.01334724364057
199.062073575297,274.261443411174,4.31188947423757
555.001011529142,255.832991052981,3.94560285917214
167.151118506153,19.9763588902375,4.49279970360692
502.152425673432,338.495668311982,4.39743766566345
43.575446463703,47.440292252109,4.1830038890048
530.092410301553,154.587143885722,4.43391267617687
NA,NA,NA
661.055418527024,338.404896354093,3.45833466525681
453.386573302082,299.456751896997,3.73690012575188
9.3229621960953,494.866026010839,3.68707824601817
562.098670120624,55.6623460271845,4.17630224315242
72.9492806027269,376.175504956295,4.08629537593947
227.361928355549,409.186581848467,3.8353183877986
425.903965119326,13.5125579965897,3.31474211381197
362.067721494915,294.817127690966,3.0090587036797
602.521673090958,103.370983096961,4.19984413235023
392.268476733808,229.413781381767,4.26753166826011
570.888998148435,402.732951223245,4.77200196948937
136.991060345853,287.254536422452,4.41935313321783
200.650736716383,370.839968444332,3.95906656607123
127.986533333491,409.466002962116,3.49966367302042
628.841490795613,314.85001168663,4.66829611170178
-0.890995988778164,148.45702453003,4.30071679468717
541.866877096156,201.513578591819,4.15553066130907
32.9116967906511,490.666320516427,3.02335573099672
281.010470646032,24.7042996255472,3.8470703396046
529.038109899959,393.594594780215,3.53645987741435
73.5802004186669,74.8353815720515,5.1714114865262
5.08587472991724,73.7710193230357,3.48037912595948
592.751670066501,228.811089725459,4.06499174881335
446.920590861761,464.716085926687,4.70305712932539
659.660689351258,374.306099266991,3.14627605865632
105.263565898046,487.660516085674,4.33732355290785
625.429134104129,89.9645399589964,4.0426445190974
418.128488530489,258.718014553284,3.69721779302066
10.7562315360412,182.030420113223,3.07426975086976
68.4266949719948,115.931181339702,4.5025890619336
621.763643980816,183.04564843385,4.41647186392029
255.590656056,210.085396011385,3.89891810094062
569.672086981023,436.671430514521,3.76756435054214
297.525283229101,136.620306984666,3.74436462763929
532.994827622611,452.762091261683,3.79765735237727
45.2009542184926,418.520231292602,4.01334724364057
199.062073575297,274.261443411174,4.31188947423757
555.001011529142,255.832991052981,3.94560285917214
167.151118506153,19.9763588902375,4.49279970360692
502.152425673432,338.495668311982,4.39743766566345
43.575446463703,47.440292252109,4.1830038890048
530.092410301553,154.587143885722,4.43391267617687
NA,NA,NA
661.055418527024,338.404896354093,3.45833466525681
453.386573302082,299.456751896997,3.73690012575188
9.3229621960953,494.866026010839,3.68707824601817
562.098670120624,55.6623460271845,4.17630224315242
72.9492806027269,376.175504956295,4.08629537593947
227.361928355549,409.186581848467,3.8353183877986
425.903965119326,13.5125579965897,3.31474211381197
362.067721494915,294.817127690966,3.0090587036797
602.521673090958,103.370983096961,4.19984413235023
392.268476733808,229.413781381767,4.26753166826011
570.888998148435,402.732951223245,4.77200196948937
136.991060345853,287.254536422452,4.41935313321783
200.650736716383,370.839968444332,3.95906656607123
127.986533333491,409.466002962116,3.49966367302042
628.841490795613,314.85001168663,4.66829611170178
-0.890995988778164,148.45702453003,4.30071679468717
541.866877096156,201.513578591819,4.15553066130907
32.9116967906511,490.666320516427,3.02335573099672
281.010470646032,24.7042996255472,3.8470703396046
529.038109899959,393.594594780215,3.53645987741435
73.5802004186669,74.8353815720515,5.1714114865262
5.08587472991724,73.7710193230357,3.48037912595948
592.751670066501,228.811089725459,4.06499174881335
446.920590861761,464.716085926687,4.70305712932539
659.660689351258,374.306099266991,3.14627605865632
105.263565898046,487.660516085674,4.33732355290785
625.429134104129,89.9645399589964,4.0426445190974
418.128488530489,258.718014553284,3.69721779302066
10.7562315360412,182.030420113223,3.07426975086976
68.4266949719948,115.931181339702,4.5025890619336
621.763643980816,183.04564843385,4.41647186392029
255.590656056,210.085396011385,3.89891810094062
569.672086981023,436.671430514521,3.76756435054214
297.525283229101,136.620306984666,3.74436462763929
532.994827622611,452.762091261683,3.79765735237727
45.2009542184926,418.520231292602,4.01334724364057
199.062073575297,274.261443411174,4.31188947423757
555.001011529142,255.832991052981,3.94560285917214
167.151118506153,19.9763588902375,4.49279970360692
502.152425673432,338.495668311982,4.39743766566345
43.575446463703,47.440292252109,4.1830038890048
530.092410301553,154.587143885722,4.43391267617687
NA,NA,NA
660.758906859076,338.189777178867,3.33129579636942
454.731864380275,296.918905886109,3.41396477899589
12.5773511690992,497.847854587486,3.68990202893555
562.348769927447,54.2105233963591,4.18203323987554
67.5200849478769,373.028499449004,3.87795476801536
231.365950286818,415.954369325405,3.91391436079586
428.789685151925,11.6591789202318,3.31149912129094
362.337182418213,292.395549700087,3.14259680295071
601.60847279517,101.014418659511,4.11710462939561
394.550282901332,229.145033340203,4.15430838725612
570.505052732572,410.453756273655,4.76595302790605
135.294951998999,286.467026050525,4.58283256114187
201.356424329334,365.791990506819,4.04035686490709
122.157493055326,412.672658667011,3.40852433724123
624.606351746552,315.534878581571,4.6207046597457
-2.18184785299633,150.41371630393,4.25812760149391
543.586242451325,206.212018262028,4.1391901302914
33.1882774462647,492.439144702352,3.12242540752462
279.771248214236,22.6150648421377,3.92911656489095
531.94909134647,393.414311552343,3.40377533735328
70.5296339106637,78.7514489869187,5.22779200368389
4.26395446046866,77.889317959985,3.52786452519728
588.0786048053,225.985984121778,4.04929104930793
446.87762252911,454.004866246419,4.75866030900651
658.290092857336,372.630957906072,2.94613088775336
105.434346772374,490.105858431413,4.26839809189615
618.811498512211,94.3249985142954,4.08024515985211
419.685758629181,256.619019462532,3.64214203482595
11.2446762255654,182.88354415121,3.27225679015238
69.4609917983727,123.368423246965,4.31374050684688
609.288556611569,195.774305977043,4.20525971385197
257.175470334752,218.997268566643,3.77434713745952
570.626429264722,424.071742103186,3.82756756152175
302.141756507838,137.119709057497,3.72717225814821
535.561669192878,455.007272662867,3.45495445230202
38.6574913955426,425.825389143906,3.66908640478441
198.849112295573,300.101654985242,4.03591791925331
542.438317564297,273.004840335606,3.66324942620713
177.34158459689,36.1779707641919,4.37010320222008
496.586774170261,340.935354773983,4.40316840934275
32.3051622747891,45.6492038623012,3.85433542066609
516.628845353725,144.616803650651,4.33552617548066
NA,NA,NA
660.758906859076,338.189777178867,3.33129579636942
454.731864380275,296.918905886109,3.41396477899589
12.5773511690992,497.847854587486,3.68990202893555
562.348769927447,54.2105233963591,4.18203323987554
67.5200849478769,373.028499449004,3.87795476801536
231.365950286818,415.954369325405,3.91391436079586
428.789685151925,11.6591789202318,3.31149912129094
362.337182418213,292.395549700087,3.14259680295071
601.60847279517,101.014418659511,4.11710462939561
394.550282901332,229.145033340203,4.15430838725612
570.505052732572,410.453756273655,4.76595302790605
135.294951998999,286.467026050525,4.58283256114187
201.356424329334,365.791990506819,4.04035686490709
122.157493055326,412.672658667011,3.40852433724123
624.606351746552,315.534878581571,4.6207046597457
-2.18184785299633,150.41371630393,4.25812760149391
543.586242451325,206.212018262028,4.1391901302914
33.1882774462647,492.439144702352,3.12242540752462
279.771248214236,22.6150648421377,3.92911656489095
531.94909134647,393.414311552343,3.40377533735328
70.5296339106637,78.7514489869187,5.22779200368389
4.26395446046866,77.889317959985,3.52786452519728
588.0786048053,225.985984121778,4.04929104930793
446.87762252911,454.004866246419,4.75866030900651
658.290092857336,372.630957906072,2.94613088775336
105.434346772374,490.105858431413,4.26839809189615
618.811498512211,94.3249985142954,4.08024515985211
419.685758629181,256.619019462532,3.64214203482595
11.2446762255654,182.88354415121,3.27225679015238
69.4609917983727,123.368423246965,4.31374050684688
609.288556611569,195.774305977043,4.20525971385197
257.175470334752,218.997268566643,3.77434713745952
570.626429264722,424.071742103186,3.82756756152175
302.141756507838,137.119709057497,3.72717225814821
535.561669192878,455.007272662867,3.45495445230202
38.6574913955426,425.825389143906,3.66908640478441
198.849112295573,300.101654985242,4.03591791925331
542.438317564297,273.004840335606,3.66324942620713
177.34158459689,36.1779707641919,4.37010320222008
496.586774170261,340.935354773983,4.40316840934275
32.3051622747891,45.6492038623012,3.85433542066609
516.628845353725,144.616803650651,4.33552617548066
NA,NA,NA
660.758906859076,338.189777178867,3.33129579636942
454.731864380275,296.918905886109,3.41396477899589
12.5773511690992,497.847854587486,3.68990202893555
562.348769927447,54.2105233963591,4.18203323987554
67.5200849478769,373.028499449004,3.87795476801536
231.365950286818,415.954369325405,3.91391436079586
428.789685151925,11.6591789202318,3.31149912129094
362.337182418213,292.395549700087,3.14259680295071
601.60847279517,101.014418659511,4.11710462939561
394.550282901332,229.145033340203,4.15430838725612
570.505052732572,410.453756273655,4.76595302790605
135.294951998999,286.467026050525,4.58283256114187
201.356424329334,365.791990506819,4.04035686490709
122.157493055326,412.672658667011,3.40852433724123
624.606351746552,315.534878581571,4.6207046597457
-2.18184785299633,150.41371630393,4.25812760149391
543.586242451325,206.212018262028,4.1391901302914
33.1882774462647,492.439144702352,3.12242540752462
279.771248214236,22.6150648421377,3.92911656489095
531.94909134647,393.414311552343,3.40377533735328
70.5296339106637,78.7514489869187,5.22779200368389
4.26395446046866,77.889317959985,3.52786452519728
588.0786048053,225.985984121778,4.04929104930793
446.87762252911,454.004866246419,4.75866030900651
658.290092857336,372.630957906072,2.94613088775336
105.434346772374,490.105858431413,4.26839809189615
618.811498512211,94.3249985142954,4.08024515985211
419.685758629181,256.619019462532,3.64214203482595
11.2446762255654,182.88354415121,3.27225679015238
69.4609917983727,123.368423246965,4.31374050684688
609.288556611569,195.774305977043,4.20525971385197
257.175470334752,218.997268566643,3.77434713745952
570.626429264722,424.071742103186,3.82756756152175
302.141756507838,137.119709057497,3.72717225814821
535.561669192878,455.007272662867,3.45495445230202
38.6574913955426,425.825389143906,3.66908640478441
198.849112295573,300.101654985242,4.03591791925331
542.438317564297,273.004840335606,3.66324942620713
177.34158459689,36.1779707641919,4.37010320222008
496.586774170261,340.935354773983,4.40316840934275
32.3051622747891,45.6492038623012,3.85433542066609
516.628845353725,144.616803650651,4.33552617548066
NA,NA,NA
660.758906859076,338.189777178867,3.33129579636942
454.731864380275,296.918905886109,3.41396477899589
12.5773511690992,497.847854587486,3.68990202893555
562.348769927447,54.2105233963591,4.18203323987554
67.5200849478769,373.028499449004,3.87795476801536
231.365950286818,415.954369325405,3.91391436079586
428.789685151925,11.6591789202318,3.31149912129094
362.337182418213,292.395549700087,3.14259680295071
601.60847279517,101.014418659511,4.11710462939561
394.550282901332,229.145033340203,4.15430838725612
570.505052732572,410.453756273655,4.76595302790605
135.294951998999,286.467026050525,4.58283256114187
201.356424329334,365.791990506819,4.04035686490709
122.157493055326,412.672658667011,3.40852433724123
624.606351746552,315.534878581571,4.6207046597457
-2.18184785299633,150.41371630393,4.25812760149391
543.586242451325,206.212018262028,4.1391901302914
33.1882774462647,492.439144702352,3.12242540752462
279.771248214236,22.6150648421377,3.92911656489095
531.94909134647,393.414311552343,3.40377533735328
70.5296339106637,78.7514489869187,5.22779200368389
4.26395446046866,77.889317959985,3.52786452519728
588.0786048053,225.985984121778,4.04929104930793
446.87762252911,454.004866246419,4.75866030900651
658.290092857336,372.630957906072,2.94613088775336
105.434346772374,490.105858431413,4.26839809189615
618.811498512211,94.3249985142954,4.08024515985211
419.685758629181,256.619019462532,3.64214203482595
11.2446762255654,182.88354415121,3.27225679015238
69.4609917983727,123.368423246965,4.31374050684688
609.288556611569,195.774305977043,4.20525971385197
257.175470334752,218.997268566643,3.77434713745952
570.626429264722,424.071742103186,3.82756756152175
302.141756507838,137.119709057497,3.72717225814821
535.561669192878,455.007272662867,3.45495445230202
38.6574913955426,425.825389143906,3.66908640478441
198.849112295573,300.101654985242,4.03591791925331
542.438317564297,273.004840335606,3.66324942620713
177.34158459689,36.1779707641919,4.37010320222008
496.586774170261,340.935354773983,4.40316840934275
32.3051622747891,45.6492038623012,3.85433542066609
516.628845353725,144.616803650651,4.33552617548066
NA,NA,NA
660.758906859076,338.189777178867,3.33129579636942
454.731864380275,296.918905886109,3.41396477899589
12.5773511690992,497.847854587486,3.68990202893555
562.348769927447,54.2105233963591,4.18203323987554
67.5200849478769,373.028499449004,3.87795476801536
231.365950286818,415.954369325405,3.91391436079586
428.789685151925,11.6591789202318,3.31149912129094
362.337182418213,292.395549700087,3.14259680295071
601.60847279517,101.014418659511,4.11710462939561
394.550282901332,229.145033340203,4.15430838725612
570.505052732572,410.453756273655,4.76595302790605
135.294951998999,286.467026050525,4.58283256114187
201.356424329334,365.791990506819,4.04035686490709
122.157493055326,412.672658667011,3.40852433724123
624.606351746552,315.534878581571,4.6207046597457
-2.18184785299633,150.41371630393,4.25812760149391
543.586242451325,206.212018262028,4.1391901302914
33.1882774462647,492.439144702352,3.12242540752462
279.771248214236,22.6150648421377,3.92911656489095
531.94909134647,393.414311552343,3.40377533735328
70.5296339106637,78.7514489869187,5.22779200368389
4.26395446046866,77.889317959985,3.52786452519728
588.0786048053,225.985984121778,4.04929104930793
446.87762252911,454.004866246419,4.75866030900651
658.290092857336,372.630957906072,2.94613088775336
105.434346772374,490.105858431413,4.26839809189615
618.811498512211,94.3249985142954,4.08024515985211
419.685758629181,256.619019462532,3.64214203482595
11.2446762255654,182.88354415121,3.27225679015238
69.4609917983727,123.368423246965,4.31374050684688
609.288556611569,195.774305977043,4.20525971385197
257.175470334752,218.997268566643,3.77434713745952
570.626429264722,424.071742103186,3.82756756152175
302.141756507838,137.119709057497,3.72717225814821
535.561669192878,455.007272662867,3.45495445230202
38.6574913955426,425.825389143906,3.66908640478441
198.849112295573,300.101654985242,4.03591791925331
542.438317564297,273.004840335606,3.66324942620713
177.34158459689,36.1779707641919,4.37010320222008
496.586774170261,340.935354773983,4.40316840934275
32.3051622747891,45.6492038623012,3.85433542066609
516.628845353725,144.616803650651,4.33552617548066
NA,NA,NA
660.758906859076,338.189777178867,3.33129579636942
454.731864380275,296.918905886109,3.41396477899589
12.5773511690992,497.847854587486,3.68990202893555
562.348769927447,54.2105233963591,4.18203323987554
67.5200849478769,373.028499449004,3.87795476801536
231.365950286818,415.954369325405,3.91391436079586
428.789685151925,11.6591789202318,3.31149912129094
362.337182418213,292.395549700087,3.14259680295071
601.60847279517,101.014418659511,4.11710462939561
394.550282901332,229.145033340203,4.15430838725612
570.505052732572,410.453756273655,4.76595302790605
135.294951998999,286.467026050525,4.58283256114187
201.356424329334,365.791990506819,4.04035686490709
122.157493055326,412.672658667011,3.40852433724123
624.606351746552,315.534878581571,4.6207046597457
-2.18184785299633,150.41371630393,4.25812760149391
543.586242451325,206.212018262028,4.1391901302914
33.1882774462647,492.439144702352,3.12242540752462
279.771248214236,22.6150648421377,3.92911656489095
531.94909134647,393.414311552343,3.40377533735328
70.5296339106637,78.7514489869187,5.22779200368389
4.26395446046866,77.889317959985,3.52786452519728
588.0786048053,225.985984121778,4.04929104930793
446.87762252911,454.004866246419,4.75866030900651
658.290092857336,372.630957906072,2.94613088775336
105.434346772374,490.105858431413,4.26839809189615
618.811498512211,94.3249985142954,4.08024515985211
419.685758629181,256.619019462532,3.64214203482595
11.2446762255654,182.88354415121,3.27225679015238
69.4609917983727,123.368423246965,4.31374050684688
609.288556611569,195.774305977043,4.20525971385197
257.175470334752,218.997268566643,3.77434713745952
570.626429264722,424.071742103186,3.82756756152175
302.141756507838,137.119709057497,3.72717225814821
535.561669192878,455.007272662867,3.45495445230202
38.6574913955426,425.825389143906,3.66908640478441
198.849112295573,300.101654985242,4.03591791925331
542.438317564297,273.004840335606,3.66324942620713
177.34158459689,36.1779707641919,4.37010320222008
496.586774170261,340.935354773983,4.40316840934275
32.3051622747891,45.6492038623012,3.85433542066609
516.628845353725,144.616803650651,4.33552617548066
NA,NA,NA
666.412753793587,335.359361553493,3.64385361437497
452.546163776224,301.916923691975,3.80516443371085
7.27814454002858,498.775902036943,3.55209408746592
562.757135799086,49.6985667017396,4.27115373024214
76.9641188585952,372.713637088268,4.0966426376012
228.670802045437,415.834074855141,3.85784605115046
427.500409901273,14.9962047756712,3.25557805414784
362.251700283984,294.201949579636,3.15214821270384
604.200506404271,106.033637481556,4.33834142495787
390.955066088611,230.023778453442,4.261532693883
581.008334357896,411.778741107053,4.71508072655184
147.768014021755,281.86549471977,4.59650242307621
200.502439522399,368.529492929019,4.04609764532259
123.93595722124,410.548071575515,3.40259400625333
627.023756675077,318.653872879799,4.56715229945499
2.23535965738948,149.198043961973,4.22298120585638
541.764383729934,207.188607000726,4.22720217207225
33.4757659690529,492.256573870474,3.0171569571013
280.811816210102,21.207162440505,3.83947522686613
531.033127240168,389.665904230668,3.33066523227619
67.6157879493109,75.6409796498585,5.24691777058104
6.32290080006642,76.2158049231306,3.54736729627263
588.911993241509,227.153842261075,3.98633828580288
438.758831491003,462.28353624946,4.76661191364201
660.253730947237,372.125335885313,3.144161191261
105.709401360277,487.440808044671,4.41817043780835
619.004568442583,91.2398516582552,4.16546930232551
421.048998230536,259.25106167975,3.6363714623629
14.6987709048933,183.143471113938,3.10020844551814
64.593852830175,118.300484937687,4.52510073624798
617.79601189711,213.077075557438,4.41329976846511
255.191983428718,223.687329129854,3.93781245840809
567.785162693438,437.175816404398,3.9170099061122
301.019533982293,141.532948916242,3.85458162666405
529.403872640417,458.225150752085,3.5186707493385
54.1801974900648,413.272852828716,3.6865303983438
193.376104432519,291.560691550384,4.32078525024958
545.363041705732,266.516361027498,3.86998564408029
171.2497348688,24.1572681070116,4.51533497750869
503.655208625937,346.309436146452,4.66093251250654
33.8281962578295,50.6580199462876,3.84086533245875
531.95427998537,153.525800654966,4.53477503428596
NA,NA,NA
666.412753793587,335.359361553493,3.64385361437497
452.546163776224,301.916923691975,3.80516443371085
7.27814454002858,498.775902036943,3.55209408746592
562.757135799086,49.6985667017396,4.27115373024214
76.9641188585952,372.713637088268,4.0966426376012
228.670802045437,415.834074855141,3.85784605115046
427.500409901273,14.9962047756712,3.25557805414784
362.251700283984,294.201949579636,3.15214821270384
604.200506404271,106.033637481556,4.33834142495787
390.955066088611,230.023778453442,4.261532693883
581.008334357896,411.778741107053,4.71508072655184
147.768014021755,281.86549471977,4.59650242307621
200.502439522399,368.529492929019,4.04609764532259
123.93595722124,410.548071575515,3.40259400625333
627.023756675077,318.653872879799,4.56715229945499
2.23535965738948,149.198043961973,4.22298120585638
541.764383729934,207.188607000726,4.22720217207225
33.4757659690529,492.256573870474,3.0171569571013
280.811816210102,21.207162440505,3.83947522686613
531.033127240168,389.665904230668,3.33066523227619
67.6157879493109,75.6409796498585,5.24691777058104
6.32290080006642,76.2158049231306,3.54736729627263
588.911993241509,227.153842261075,3.98633828580288
438.758831491003,462.28353624946,4.76661191364201
660.253730947237,372.125335885313,3.144161191261
105.709401360277,487.440808044671,4.41817043780835
619.004568442583,91.2398516582552,4.16546930232551
421.048998230536,259.25106167975,3.6363714623629
14.6987709048933,183.143471113938,3.10020844551814
64.593852830175,118.300484937687,4.52510073624798
617.79601189711,213.077075557438,4.41329976846511
255.191983428718,223.687329129854,3.93781245840809
567.785162693438,437.175816404398,3.9170099061122
301.019533982293,141.532948916242,3.85458162666405
529.403872640417,458.225150752085,3.5186707493385
54.1801974900648,413.272852828716,3.6865303983438
193.376104432519,291.560691550384,4.32078525024958
545.363041705732,266.516361027498,3.86998564408029
171.2497348688,24.1572681070116,4.51533497750869
503.655208625937,346.309436146452,4.66093251250654
33.8281962578295,50.6580199462876,3.84086533245875
531.95427998537,153.525800654966,4.53477503428596
NA,NA,NA
666.412753793587,335.359361553493,3.64385361437497
452.546163776224,301.916923691975,3.80516443371085
7.27814454002858,498.775902036943,3.55209408746592
562.757135799086,49.6985667017396,4.27115373024214
76.9641188585952,372.713637088268,4.0966426376012
228.670802045437,415.834074855141,3.85784605115046
427.500409901273,14.9962047756712,3.25557805414784
362.251700283984,294.201949579636,3.15214821270384
604.200506404271,106.033637481556,4.33834142495787
390.955066088611,230.023778453442,4.261532693883
581.008334357896,411.778741107053,4.71508072655184
147.768014021755,281.86549471977,4.59650242307621
200.502439522399,368.529492929019,4.04609764532259
123.93595722124,410.548071575515,3.40259400625333
627.023756675077,318.653872879799,4.56715229945499
2.23535965738948,149.198043961973,4.22298120585638
541.764383729934,207.188607000726,4.22720217207225
33.4757659690529,492.256573870474,3.0171569571013
280.811816210102,21.207162440505,3.83947522686613
531.033127240168,389.665904230668,3.33066523227619
67.6157879493109,75.6409796498585,5.24691777058104
6.32290080006642,76.2158049231306,3.54736729627263
588.911993241509,227.153842261075,3.98633828580288
438.758831491003,462.28353624946,4.76661191364201
660.253730947237,372.125335885313,3.144161191261
105.709401360277,487.440808044671,4.41817043780835
619.004568442583,91.2398516582552,4.16546930232551
421.048998230536,259.25106167975,3.6363714623629
14.6987709048933,183.143471113938,3.10020844551814
64.593852830175,118.300484937687,4.52510073624798
617.79601189711,213.077075557438,4.41329976846511
255.191983428718,223.687329129854,3.93781245840809
567.785162693438,437.175816404398,3.9170099061122
301.019533982293,141.532948916242,3.85458162666405
529.403872640417,458.225150752085,3.5186707493385
54.1801974900648,413.272852828716,3.6865303983438
193.376104432519,291.560691550384,4.32078525024958
545.363041705732,266.516361027498,3.86998564408029
171.2497348688,24.1572681070116,4.51533497750869
503.655208625937,346.309436146452,4.66093251250654
33.8281962578295,50.6580199462876,3.84086533245875
531.95427998537,153.525800654966,4.53477503428596
NA,NA,NA
666.412753793587,335.359361553493,3.64385361437497
452.546163776224,301.916923691975,3.80516443371085
7.27814454002858,498.775902036943,3.55209408746592
562.757135799086,49.6985667017396,4.27115373024214
76.9641188585952,372.713637088268,4.0966426376012
228.670802045437,415.834074855141,3.85784605115046
427.500409901273,14.9962047756712,3.25557805414784
362.251700283984,294.201949579636,3.15214821270384
604.200506404271,106.033637481556,4.33834142495787
390.955066088611,230.023778453442,4.261532693883
581.008334357896,411.778741107053,4.71508072655184
147.768014021755,281.86549471977,4.59650242307621
200.502439522399,368.529492929019,4.04609764532259
123.93595722124,410.548071575515,3.40259400625333
627.023756675077,318.653872879799,4.56715229945499
2.23535965738948,149.198043961973,4.22298120585638
541.764383729934,207.188607000726,4.22720217207225
33.4757659690529,492.256573870474,3.0171569571013
280.811816210102,21.207162440505,3.83947522686613
531.033127240168,389.665904230668,3.33066523227619
67.6157879493109,75.6409796498585,5.24691777058104
6.32290080006642,76.2158049231306,3.54736729627263
588.911993241509,227.153842261075,3.98633828580288
438.758831491003,462.28353624946,4.76661191364201
660.253730947237,372.125335885313,3.144161191261
105.709401360277,487.440808044671,4.41817043780835
619.004568442583,91.2398516582552,4.16546930232551
421.048998230536,259.25106167975,3.6363714623629
14.6987709048933,183.143471113938,3.10020844551814
64.593852830175,118.300484937687,4.52510073624798
617.79601189711,213.077075557438,4.41329976846511
255.191983428718,223.687329129854,3.93781245840809
567.785162693438,437.175816404398,3.9170099061122
301.019533982293,141.532948916242,3.85458162666405
529.403872640417,458.225150752085,3.5186707493385
54.1801974900648,413.272852828716,3.6865303983438
193.376104432519,291.560691550384,4.32078525024958
545.363041705732,266.516361027498,3.86998564408029
171.2497348688,24.1572681070116,4.51533497750869
503.655208625937,346.309436146452,4.66093251250654
33.8281962578295,50.6580199462876,3.84086533245875
531.95427998537,153.525800654966,4.53477503428596
NA,NA,NA
666.412753793587,335.359361553493,3.64385361437497
452.546163776224,301.916923691975,3.80516443371085
7.27814454002858,498.775902036943,3.55209408746592
562.757135799086,49.6985667017396,4.27115373024214
76.9641188585952,372.713637088268,4.0966426376012
228.670802045437,415.834074855141,3.85784605115046
427.500409901273,14.9962047756712,3.25557805414784
362.251700283984,294.201949579636,3.15214821270384
604.200506404271,106.033637481556,4.33834142495787
390.955066088611,230.023778453442,4.261532693883
581.008334357896,411.778741107053,4.71508072655184
147.768014021755,281.86549471977,4.59650242307621
200.502439522399,368.529492929019,4.04609764532259
123.93595722124,410.548071575515,3.40259400625333
627.023756675077,318.653872879799,4.56715229945499
2.23535965738948,149.198043961973,4.22298120585638
541.764383729934,207.188607000726,4.22720217207225
33.4757659690529,492.256573870474,3.0171569571013
280.811816210102,21.207162440505,3.83947522686613
531.033127240168,389.665904230668,3.33066523227619
67.6157879493109,75.6409796498585,5.24691777058104
6.32290080006642,76.2158049231306,3.54736729627263
588.911993241509,227.153842261075,3.98633828580288
438.758831491003,462.28353624946,4.76661191364201
660.253730947237,372.125335885313,3.144161191261
105.709401360277,487.440808044671,4.41817043780835
619.004568442583,91.2398516582552,4.16546930232551
421.048998230536,259.25106167975,3.6363714623629
14.6987709048933,183.143471113938,3.10020844551814
64.593852830175,118.300484937687,4.52510073624798
617.79601189711,213.077075557438,4.41329976846511
255.191983428718,223.687329129854,3.93781245840809
567.785162693438,437.175816404398,3.9170099061122
301.019533982293,141.532948916242,3.85458162666405
529.403872640417,458.225150752085,3.5186707493385
54.1801974900648,413.272852828716,3.6865303983438
193.376104432519,291.560691550384,4.32078525024958
545.363041705732,266.516361027498,3.86998564408029
171.2497348688,24.1572681070116,4.51533497750869
503.655208625937,346.309436146452,4.66093251250654
33.8281962578295,50.6580199462876,3.84086533245875
531.95427998537,153.525800654966,4.53477503428596
NA,NA,NA
666.412753793587,335.359361553493,3.64385361437497
452.546163776224,301.916923691975,3.80516443371085
7.27814454002858,498.775902036943,3.55209408746592
562.757135799086,49.6985667017396,4.27115373024214
76.9641188585952,372.713637088268,4.0966426376012
228.670802045437,415.834074855141,3.85784605115046
427.500409901273,14.9962047756712,3.25557805414784
362.251700283984,294.201949579636,3.15214821270384
604.200506404271,106.033637481556,4.33834142495787
390.955066088611,230.023778453442,4.261532693883
581.008334357896,411.778741107053,4.71508072655184
147.768014021755,281.86549471977,4.59650242307621
200.502439522399,368.529492929019,4.04609764532259
123.93595722124,410.548071575515,3.40259400625333
627.023756675077,318.653872879799,4.56715229945499
2.23535965738948,149.198043961973,4.22298120585638
541.764383729934,207.188607000726,4.22720217207225
33.4757659690529,492.256573870474,3.0171569571013
280.811816210102,21.207162440505,3.83947522686613
531.033127240168,389.665904230668,3.33066523227619
67.6157879493109,75.6409796498585,5.24691777058104
6.32290080006642,76.2158049231306,3.54736729627263
588.911993241509,227.153842261075,3.98633828580288
438.758831491003,462.28353624946,4.76661191364201
660.253730947237,372.125335885313,3.144161191261
105.709401360277,487.440808044671,4.41817043780835
619.004568442583,91.2398516582552,4.16546930232551
421.048998230536,259.25106167975,3.6363714623629
14.6987709048933,183.143471113938,3.10020844551814
64.593852830175,118.300484937687,4.52510073624798
617.79601189711,213.077075557438,4.41329976846511
255.191983428718,223.687329129854,3.93781245840809
567.785162693438,437.175816404398,3.9170099061122
301.019533982293,141.532948916242,3.85458162666405
529.403872640417,458.225150752085,3.5186707493385
54.1801974900648,413.272852828716,3.6865303983438
193.376104432519,291.560691550384,4.32078525024958
545.363041705732,266.516361027498,3.86998564408029
171.2497348688,24.1572681070116,4.51533497750869
503.655208625937,346.309436146452,4.66093251250654
33.8281962578295,50.6580199462876,3.84086533245875
531.95427998537,153.525800654966,4.53477503428596
NA,NA,NA
661.298510870672,334.325588620096,3.54724691967038
456.050379013684,295.943746143053,3.66821656072576
12.8411378208396,495.475302182116,3.68998498318364
563.44436971992,52.5389123068974,4.22231540425796
70.7631631608163,378.852836618754,3.91883193432776
224.005773242208,416.867885833481,3.81283400253287
426.934919961324,14.3904622034951,3.29531925610191
360.673214361184,290.865940326897,3.05145454054578
603.092350075473,104.488943038729,4.20669999441231
389.953539656078,229.32859100631,4.1244986777745
570.463550687759,407.768621488863,4.66348635881233
136.954621195787,273.088524808015,4.58277693191759
203.088749338989,367.729524271209,4.08946614413544
125.638275870312,411.656584421008,3.38807618632309
627.351943082299,313.754734473487,4.52119979345471
6.22447104587164,150.408889430734,4.28937111128442
546.466805963407,205.007090872487,4.13875764321523
33.9455030104917,495.585966124666,3.08578551688276
281.073644768474,22.7527775704461,3.79128095835812
536.90507958832,392.406338615515,3.45200075812118
79.4624186924071,70.5919079568029,5.17113643216068
4.73582477812976,77.4561387505758,3.45847840125863
589.148745697622,229.405273941963,4.1181587987646
439.25244343586,460.421521202763,4.73776885043561
659.697579247404,374.042906865488,3.21130145566624
106.944376757753,488.580633662316,4.36598628411761
625.447242055604,88.6040803146885,4.03223439691942
420.586029761089,257.891883044243,3.69865606540835
11.2202700785544,179.239685793401,3.37547617055181
66.0845796580396,117.447687881109,4.38692202795893
609.647144854802,193.194074187843,4.31729366214865
248.340952880088,223.558477757636,3.61299826253388
564.511864249924,428.855781880293,3.9696328531458
302.403688532111,137.093747605608,3.80038001352512
539.069305610582,456.762167949017,3.4585617407606
48.656242212511,412.587519769177,3.73050281381888
195.485967813383,284.873645387401,4.42244045072706
542.707095908039,257.476675092883,3.60283939755327
179.895701230649,11.0443277407659,4.50573191978418
508.35744669034,339.284154789068,4.56868080358587
33.6564216388385,37.1607458069866,3.53359466498626
529.94321096307,148.753324746935,4.46128475409089
NA,NA,NA
661.298510870672,334.325588620096,3.54724691967038
456.050379013684,295.943746143053,3.66821656072576
12.8411378208396,495.475302182116,3.68998498318364
563.44436971992,52.5389123068974,4.22231540425796
70.7631631608163,378.852836618754,3.91883193432776
224.005773242208,416.867885833481,3.81283400253287
426.934919961324,14.3904622034951,3.29531925610191
360.673214361184,290.865940326897,3.05145454054578
603.092350075473,104.488943038729,4.20669999441231
389.953539656078,229.32859100631,4.1244986777745
570.463550687759,407.768621488863,4.66348635881233
136.954621195787,273.088524808015,4.58277693191759
203.088749338989,367.729524271209,4.08946614413544
125.638275870312,411.656584421008,3.38807618632309
627.351943082299,313.754734473487,4.52119979345471
6.22447104587164,150.408889430734,4.28937111128442
546.466805963407,205.007090872487,4.13875764321523
33.9455030104917,495.585966124666,3.08578551688276
281.073644768474,22.7527775704461,3.79128095835812
536.90507958832,392.406338615515,3.45200075812118
79.4624186924071,70.5919079568029,5.17113643216068
4.73582477812976,77.4561387505758,3.45847840125863
589.148745697622,229.405273941963,4.1181587987646
439.25244343586,460.421521202763,4.73776885043561
659.697579247404,374.042906865488,3.21130145566624
106.944376757753,488.580633662316,4.36598628411761
625.447242055604,88.6040803146885,4.03223439691942
420.586029761089,257.891883044243,3.69865606540835
11.2202700785544,179.239685793401,3.37547617055181
66.0845796580396,117.447687881109,4.38692202795893
609.647144854802,193.194074187843,4.31729366214865
248.340952880088,223.558477757636,3.61299826253388
564.511864249924,428.855781880293,3.9696328531458
302.403688532111,137.093747605608,3.80038001352512
539.069305610582,456.762167949017,3.4585617407606
48.656242212511,412.587519769177,3.73050281381888
195.485967813383,284.873645387401,4.42244045072706
542.707095908039,257.476675092883,3.60283939755327
179.895701230649,11.0443277407659,4.50573191978418
508.35744669034,339.284154789068,4.56868080358587
33.6564216388385,37.1607458069866,3.53359466498626
529.94321096307,148.753324746935,4.46128475409089
NA,NA,NA
661.298510870672,334.325588620096,3.54724691967038
456.050379013684,295.943746143053,3.66821656072576
12.8411378208396,495.475302182116,3.68998498318364
563.44436971992,52.5389123068974,4.22231540425796
70.7631631608163,378.852836618754,3.91883193432776
224.005773242208,416.867885833481,3.81283400253287
426.934919961324,14.3904622034951,3.29531925610191
360.673214361184,290.865940326897,3.05145454054578
603.092350075473,104.488943038729,4.20669999441231
389.953539656078,229.32859100631,4.1244986777745
570.463550687759,407.768621488863,4.66348635881233
136.954621195787,273.088524808015,4.58277693191759
203.088749338989,367.729524271209,4.08946614413544
125.638275870312,411.656584421008,3.38807618632309
627.351943082299,313.754734473487,4.52119979345471
6.22447104587164,150.408889430734,4.28937111128442
546.466805963407,205.007090872487,4.13875764321523
33.9455030104917,495.585966124666,3.08578551688276
281.073644768474,22.7527775704461,3.79128095835812
536.90507958832,392.406338615515,3.45200075812118
79.4624186924071,70.5919079568029,5.17113643216068
4.73582477812976,77.4561387505758,3.45847840125863
589.148745697622,229.405273941963,4.1181587987646
439.25244343586,460.421521202763,4.73776885043561
659.697579247404,374.042906865488,3.21130145566624
106.944376757753,488.580633662316,4.36598628411761
625.447242055604,88.6040803146885,4.03223439691942
420.586029761089,257.891883044243,3.69865606540835
11.2202700785544,179.239685793401,3.37547617055181
66.0845796580396,117.447687881109,4.38692202795893
609.647144854802,193.194074187843,4.31729366214865
248.340952880088,223.558477757636,3.61299826253388
564.511864249924,428.855781880293,3.9696328531458
302.403688532111,137.093747605608,3.80038001352512
539.069305610582,456.762167949017,3.4585617407606
48.656242212511,412.587519769177,3.73050281381888
195.485967813383,284.873645387401,4.42244045072706
542.707095908039,257.476675092883,3.60283939755327
179.895701230649,11.0443277407659,4.50573191978418
508.35744669034,339.284154789068,4.56868080358587
33.6564216388385,37.1607458069866,3.53359466498626
529.94321096307,148.753324746935,4.46128475409089
NA,NA,NA
661.298510870672,334.325588620096,3.54724691967038
456.050379013684,295.943746143053,3.66821656072576
12.8411378208396,495.475302182116,3.68998498318364
563.44436971992,52.5389123068974,4.22231540425796
70.7631631608163,378.852836618754,3.91883193432776
224.005773242208,416.867885833481,3.81283400253287
426.934919961324,14.3904622034951,3.29531925610191
360.673214361184,290.865940326897,3.05145454054578
603.092350075473,104.488943038729,4.20669999441231
389.953539656078,229.32859100631,4.1244986777745
570.463550687759,407.768621488863,4.66348635881233
136.954621195787,273.088524808015,4.58277693191759
203.088749338989,367.729524271209,4.08946614413544
125.638275870312,411.656584421008,3.38807618632309
627.351943082299,313.754734473487,4.52119979345471
6.22447104587164,150.408889430734,4.28937111128442
546.466805963407,205.007090872487,4.13875764321523
33.9455030104917,495.585966124666,3.08578551688276
281.073644768474,22.7527775704461,3.79128095835812
536.90507958832,392.406338615515,3.45200075812118
79.4624186924071,70.5919079568029,5.17113643216068
4.73582477812976,77.4561387505758,3.45847840125863
589.148745697622,229.405273941963,4.1181587987646
439.25244343586,460.421521202763,4.73776885043561
659.697579247404,374.042906865488,3.21130145566624
106.944376757753,488.580633662316,4.36598628411761
625.447242055604,88.6040803146885,4.03223439691942
420.586029761089,257.891883044243,3.69865606540835
11.2202700785544,179.239685793401,3.37547617055181
66.0845796580396,117.447687881109,4.38692202795893
609.647144854802,193.194074187843,4.31729366214865
248.340952880088,223.558477757636,3.61299826253388
564.511864249924,428.855781880293,3.9696328531458
302.403688532111,137.093747605608,3.80038001352512
539.069305610582,456.762167949017,3.4585617407606
48.656242212511,412.587519769177,3.73050281381888
195.485967813383,284.873645387401,4.42244045072706
542.707095908039,257.476675092883,3.60283939755327
179.895701230649,11.0443277407659,4.50573191978418
508.35744669034,339.284154789068,4.56868080358587
33.6564216388385,37.1607458069866,3.53359466498626
529.94321096307,148.753324746935,4.46128475409089
NA,NA,NA
661.298510870672,334.325588620096,3.54724691967038
456.050379013684,295.943746143053,3.66821656072576
12.8411378208396,495.475302182116,3.68998498318364
563.44436971992,52.5389123068974,4.22231540425796
70.7631631608163,378.852836618754,3.91883193432776
224.005773242208,416.867885833481,3.81283400253287
426.934919961324,14.3904622034951,3.29531925610191
360.673214361184,290.865940326897,3.05145454054578
603.092350075473,104.488943038729,4.20669999441231
389.953539656078,229.32859100631,4.1244986777745
570.463550687759,407.768621488863,4.66348635881233
136.954621195787,273.088524808015,4.58277693191759
203.088749338989,367.729524271209,4.08946614413544
125.638275870312,411.656584421008,3.38807618632309
627.351943082299,313.754734473487,4.52119979345471
6.22447104587164,150.408889430734,4.28937111128442
546.466805963407,205.007090872487,4.13875764321523
33.9455030104917,495.585966124666,3.08578551688276
281.073644768474,22.7527775704461,3.79128095835812
536.90507958832,392.406338615515,3.45200075812118
79.4624186924071,70.5919079568029,5.17113643216068
4.73582477812976,77.4561387505758,3.45847840125863
589.148745697622,229.405273941963,4.1181587987646
439.25244343586,460.421521202763,4.73776885043561
659.697579247404,374.042906865488,3.21130145566624
106.944376757753,488.580633662316,4.36598628411761
625.447242055604,88.6040803146885,4.03223439691942
420.586029761089,257.891883044243,3.69865606540835
11.2202700785544,179.239685793401,3.37547617055181
66.0845796580396,117.447687881109,4.38692202795893
609.647144854802,193.194074187843,4.31729366214865
248.340952880088,223.558477757636,3.61299826253388
564.511864249924,428.855781880293,3.9696328531458
302.403688532111,137.093747605608,3.80038001352512
539.069305610582,456.762167949017,3.4585617407606
48.656242212511,412.587519769177,3.73050281381888
195.485967813383,284.873645387401,4.42244045072706
542.707095908039,257.476675092883,3.60283939755327
179.895701230649,11.0443277407659,4.50573191978418
508.35744669034,339.284154789068,4.56868080358587
33.6564216388385,37.1607458069866,3.53359466498626
529.94321096307,148.753324746935,4.46128475409089
NA,NA,NA
661.298510870672,334.325588620096,3.54724691967038
456.050379013684,295.943746143053,3.66821656072576
12.8411378208396,495.475302182116,3.68998498318364
563.44436971992,52.5389123068974,4.22231540425796
70.7631631608163,378.852836618754,3.91883193432776
224.005773242208,416.867885833481,3.81283400253287
426.934919961324,14.3904622034951,3.29531925610191
360.673214361184,290.865940326897,3.05145454054578
603.092350075473,104.488943038729,4.20669999441231
389.953539656078,229.32859100631,4.1244986777745
570.463550687759,407.768621488863,4.66348635881233
136.954621195787,273.088524808015,4.58277693191759
203.088749338989,367.729524271209,4.08946614413544
125.638275870312,411.656584421008,3.38807618632309
627.351943082299,313.754734473487,4.52119979345471
6.22447104587164,150.408889430734,4.28937111128442
546.466805963407,205.007090872487,4.13875764321523
33.9455030104917,495.585966124666,3.08578551688276
281.073644768474,22.7527775704461,3.79128095835812
536.90507958832,392.406338615515,3.45200075812118
79.4624186924071,70.5919079568029,5.17113643216068
4.73582477812976,77.4561387505758,3.45847840125863
589.148745697622,229.405273941963,4.1181587987646
439.25244343586,460.421521202763,4.73776885043561
659.697579247404,374.042906865488,3.21130145566624
106.944376757753,488.580633662316,4.36598628411761
625.447242055604,88.6040803146885,4.03223439691942
420.586029761089,257.891883044243,3.69865606540835
11.2202700785544,179.239685793401,3.37547617055181
66.0845796580396,117.447687881109,4.38692202795893
609.647144854802,193.194074187843,4.31729366214865
248.340952880088,223.558477757636,3.61299826253388
564.511864249924,428.855781880293,3.9696328531458
302.403688532111,137.093747605608,3.80038001352512
539.069305610582,456.762167949017,3.4585617407606
48.656242212511,412.587519769177,3.73050281381888
195.485967813383,284.873645387401,4.42244045072706
542.707095908039,257.476675092883,3.60283939755327
179.895701230649,11.0443277407659,4.50573191978418
508.35744669034,339.284154789068,4.56868080358587
33.6564216388385,37.1607458069866,3.53359466498626
529.94321096307,148.753324746935,4.46128475409089
NA,NA,NA
660.992142562995,331.664061818975,3.50638687059554
456.629666237888,298.847021627238,3.67280746635756
10.8300797164046,498.422717203341,3.62338011022893
559.756624463306,49.1512774978801,4.17363836925969
73.4265083216403,374.469798086627,3.85478250542416
228.712083713755,413.044373234078,3.88338760260038
432.265127889707,13.4933287934663,3.66416102044376
359.387477268212,291.877221932309,3.10122117947755
600.876416770559,104.884882437514,4.24377720201575
394.173639532961,222.396757232871,4.2253564856859
567.716127249947,405.180708899444,4.74293824658051
144.66985660248,287.013173472191,4.4317479241487
199.498197505638,362.040399626158,3.96720513533808
129.492529357895,409.251618702808,3.44572063212265
620.685195010188,318.14567695074,4.57512409864407
3.59042226295921,142.392493836067,4.28250442827147
545.558866280535,202.825295738596,4.33035859891079
34.7484358421158,491.142645274161,2.88109867510504
280.21557165417,21.125405180181,3.85060459222161
534.739644652711,389.264752159797,3.44698954994258
69.5774756457275,76.8262870973047,5.31012008794937
4.55602237357523,71.9779059425101,3.46678697624803
590.667396980205,223.347041451127,3.94078220783
434.605724170599,459.159252698121,4.79108728860016
660.152408278303,373.826655843872,3.05625480086489
113.129089526907,493.046634059802,4.24791594109376
622.060616715645,91.4649496249683,4.04687734641274
422.718520225206,259.226672464363,3.59048988042279
12.8803283698,180.687240230901,3.08889465845462
77.1813059222624,119.192353902714,4.3591088722586
607.520156414701,201.448108383181,4.29331513736684
249.686612398123,225.551106235037,3.74975561830626
567.956383087812,436.892593659973,3.86223457372587
304.430805429698,138.168841410197,4.04535679659123
530.472184912241,459.39413755413,3.62785879245439
40.4128245529455,422.746660724978,3.84397713048303
202.093674524423,297.406710870827,4.05912534719241
547.596218676492,264.101775910008,3.58101055193218
175.322783227729,33.5216053573866,4.43693567137107
509.043141817973,352.352508399397,5.080775077657
33.4318815588161,53.202847288212,4.01552443331425
535.652419487872,141.744075582774,4.58050096219289
NA,NA,NA
660.992142562995,331.664061818975,3.50638687059554
456.629666237888,298.847021627238,3.67280746635756
10.8300797164046,498.422717203341,3.62338011022893
559.756624463306,49.1512774978801,4.17363836925969
73.4265083216403,374.469798086627,3.85478250542416
228.712083713755,413.044373234078,3.88338760260038
432.265127889707,13.4933287934663,3.66416102044376
359.387477268212,291.877221932309,3.10122117947755
600.876416770559,104.884882437514,4.24377720201575
394.173639532961,222.396757232871,4.2253564856859
567.716127249947,405.180708899444,4.74293824658051
144.66985660248,287.013173472191,4.4317479241487
199.498197505638,362.040399626158,3.96720513533808
129.492529357895,409.251618702808,3.44572063212265
620.685195010188,318.14567695074,4.57512409864407
3.59042226295921,142.392493836067,4.28250442827147
545.558866280535,202.825295738596,4.33035859891079
34.7484358421158,491.142645274161,2.88109867510504
280.21557165417,21.125405180181,3.85060459222161
534.739644652711,389.264752159797,3.44698954994258
69.5774756457275,76.8262870973047,5.31012008794937
4.55602237357523,71.9779059425101,3.46678697624803
590.667396980205,223.347041451127,3.94078220783
434.605724170599,459.159252698121,4.79108728860016
660.152408278303,373.826655843872,3.05625480086489
113.129089526907,493.046634059802,4.24791594109376
622.060616715645,91.4649496249683,4.04687734641274
422.718520225206,259.226672464363,3.59048988042279
12.8803283698,180.687240230901,3.08889465845462
77.1813059222624,119.192353902714,4.3591088722586
607.520156414701,201.448108383181,4.29331513736684
249.686612398123,225.551106235037,3.74975561830626
567.956383087812,436.892593659973,3.86223457372587
304.430805429698,138.168841410197,4.04535679659123
530.472184912241,459.39413755413,3.62785879245439
40.4128245529455,422.746660724978,3.84397713048303
202.093674524423,297.406710870827,4.05912534719241
547.596218676492,264.101775910008,3.58101055193218
175.322783227729,33.5216053573866,4.43693567137107
509.043141817973,352.352508399397,5.080775077657
33.4318815588161,53.202847288212,4.01552443331425
535.652419487872,141.744075582774,4.58050096219289
NA,NA,NA
660.992142562995,331.664061818975,3.50638687059554
456.629666237888,298.847021627238,3.67280746635756
10.8300797164046,498.422717203341,3.62338011022893
559.756624463306,49.1512774978801,4.17363836925969
73.4265083216403,374.469798086627,3.85478250542416
228.712083713755,413.044373234078,3.88338760260038
432.265127889707,13.4933287934663,3.66416102044376
359.387477268212,291.877221932309,3.10122117947755
600.876416770559,104.884882437514,4.24377720201575
394.173639532961,222.396757232871,4.2253564856859
567.716127249947,405.180708899444,4.74293824658051
144.66985660248,287.013173472191,4.4317479241487
199.498197505638,362.040399626158,3.96720513533808
129.492529357895,409.251618702808,3.44572063212265
620.685195010188,318.14567695074,4.57512409864407
3.59042226295921,142.392493836067,4.28250442827147
545.558866280535,202.825295738596,4.33035859891079
34.7484358421158,491.142645274161,2.88109867510504
280.21557165417,21.125405180181,3.85060459222161
534.739644652711,389.264752159797,3.44698954994258
69.5774756457275,76.8262870973047,5.31012008794937
4.55602237357523,71.9779059425101,3.46678697624803
590.667396980205,223.347041451127,3.94078220783
434.605724170599,459.159252698121,4.79108728860016
660.152408278303,373.826655843872,3.05625480086489
113.129089526907,493.046634059802,4.24791594109376
622.060616715645,91.4649496249683,4.04687734641274
422.718520225206,259.226672464363,3.59048988042279
12.8803283698,180.687240230901,3.08889465845462
77.1813059222624,119.192353902714,4.3591088722586
607.520156414701,201.448108383181,4.29331513736684
249.686612398123,225.551106235037,3.74975561830626
567.956383087812,436.892593659973,3.86223457372587
304.430805429698,138.168841410197,4.04535679659123
530.472184912241,459.39413755413,3.62785879245439
40.4128245529455,422.746660724978,3.84397713048303
202.093674524423,297.406710870827,4.05912534719241
547.596218676492,264.101775910008,3.58101055193218
175.322783227729,33.5216053573866,4.43693567137107
509.043141817973,352.352508399397,5.080775077657
33.4318815588161,53.202847288212,4.01552443331425
535.652419487872,141.744075582774,4.58050096219289
NA,NA,NA
660.992142562995,331.664061818975,3.50638687059554
456.629666237888,298.847021627238,3.67280746635756
10.8300797164046,498.422717203341,3.62338011022893
559.756624463306,49.1512774978801,4.17363836925969
73.4265083216403,374.469798086627,3.85478250542416
228.712083713755,413.044373234078,3.88338760260038
432.265127889707,13.4933287934663,3.66416102044376
359.387477268212,291.877221932309,3.10122117947755
600.876416770559,104.884882437514,4.24377720201575
394.173639532961,222.396757232871,4.2253564856859
567.716127249947,405.180708899444,4.74293824658051
144.66985660248,287.013173472191,4.4317479241487
199.498197505638,362.040399626158,3.96720513533808
129.492529357895,409.251618702808,3.44572063212265
620.685195010188,318.14567695074,4.57512409864407
3.59042226295921,142.392493836067,4.28250442827147
545.558866280535,202.825295738596,4.33035859891079
34.7484358421158,491.142645274161,2.88109867510504
280.21557165417,21.125405180181,3.85060459222161
534.739644652711,389.264752159797,3.44698954994258
69.5774756457275,76.8262870973047,5.31012008794937
4.55602237357523,71.9779059425101,3.46678697624803
590.667396980205,223.347041451127,3.94078220783
434.605724170599,459.159252698121,4.79108728860016
660.152408278303,373.826655843872,3.05625480086489
113.129089526907,493.046634059802,4.24791594109376
622.060616715645,91.4649496249683,4.04687734641274
422.718520225206,259.226672464363,3.59048988042279
12.8803283698,180.687240230901,3.08889465845462
77.1813059222624,119.192353902714,4.3591088722586
607.520156414701,201.448108383181,4.29331513736684
249.686612398123,225.551106235037,3.74975561830626
567.956383087812,436.892593659973,3.86223457372587
304.430805429698,138.168841410197,4.04535679659123
530.472184912241,459.39413755413,3.62785879245439
40.4128245529455,422.746660724978,3.84397713048303
202.093674524423,297.406710870827,4.05912534719241
547.596218676492,264.101775910008,3.58101055193218
175.322783227729,33.5216053573866,4.43693567137107
509.043141817973,352.352508399397,5.080775077657
33.4318815588161,53.202847288212,4.01552443331425
535.652419487872,141.744075582774,4.58050096219289
NA,NA,NA
660.992142562995,331.664061818975,3.50638687059554
456.629666237888,298.847021627238,3.67280746635756
10.8300797164046,498.422717203341,3.62338011022893
559.756624463306,49.1512774978801,4.17363836925969
73.4265083216403,374.469798086627,3.85478250542416
228.712083713755,413.044373234078,3.88338760260038
432.265127889707,13.4933287934663,3.66416102044376
359.387477268212,291.877221932309,3.10122117947755
600.876416770559,104.884882437514,4.24377720201575
394.173639532961,222.396757232871,4.2253564856859
567.716127249947,405.180708899444,4.74293824658051
144.66985660248,287.013173472191,4.4317479241487
199.498197505638,362.040399626158,3.96720513533808
129.492529357895,409.251618702808,3.44572063212265
620.685195010188,318.14567695074,4.57512409864407
3.59042226295921,142.392493836067,4.28250442827147
545.558866280535,202.825295738596,4.33035859891079
34.7484358421158,491.142645274161,2.88109867510504
280.21557165417,21.125405180181,3.85060459222161
534.739644652711,389.264752159797,3.44698954994258
69.5774756457275,76.8262870973047,5.31012008794937
4.55602237357523,71.9779059425101,3.46678697624803
590.667396980205,223.347041451127,3.94078220783
434.605724170599,459.159252698121,4.79108728860016
660.152408278303,373.826655843872,3.05625480086489
113.129089526907,493.046634059802,4.24791594109376
622.060616715645,91.4649496249683,4.04687734641274
422.718520225206,259.226672464363,3.59048988042279
12.8803283698,180.687240230901,3.08889465845462
77.1813059222624,119.192353902714,4.3591088722586
607.520156414701,201.448108383181,4.29331513736684
249.686612398123,225.551106235037,3.74975561830626
567.956383087812,436.892593659973,3.86223457372587
304.430805429698,138.168841410197,4.04535679659123
530.472184912241,459.39413755413,3.62785879245439
40.4128245529455,422.746660724978,3.84397713048303
202.093674524423,297.406710870827,4.05912534719241
547.596218676492,264.101775910008,3.58101055193218
175.322783227729,33.5216053573866,4.43693567137107
509.043141817973,352.352508399397,5.080775077657
33.4318815588161,53.202847288212,4.01552443331425
535.652419487872,141.744075582774,4.58050096219289
NA,NA,NA
660.992142562995,331.664061818975,3.50638687059554
456.629666237888,298.847021627238,3.67280746635756
10.8300797164046,498.422717203341,3.62338011022893
559.756624463306,49.1512774978801,4.17363836925969
73.4265083216403,374.469798086627,3.85478250542416
228.712083713755,413.044373234078,3.88338760260038
432.265127889707,13.4933287934663,3.66416102044376
359.387477268212,291.877221932309,3.10122117947755
600.876416770559,104.884882437514,4.24377720201575
394.173639532961,222.396757232871,4.2253564856859
567.716127249947,405.180708899444,4.74293824658051
144.66985660248,287.013173472191,4.4317479241487
199.498197505638,362.040399626158,3.96720513533808
129.492529357895,409.251618702808,3.44572063212265
620.685195010188,318.14567695074,4.57512409864407
3.59042226295921,142.392493836067,4.28250442827147
545.558866280535,202.825295738596,4.33035859891079
34.7484358421158,491.142645274161,2.88109867510504
280.21557165417,21.125405180181,3.85060459222161
534.739644652711,389.264752159797,3.44698954994258
69.5774756457275,76.8262870973047,5.31012008794937
4.55602237357523,71.9779059425101,3.46678697624803
590.667396980205,223.347041451127,3.94078220783
434.605724170599,459.159252698121,4.79108728860016
660.152408278303,373.826655843872,3.05625480086489
113.129089526907,493.046634059802,4.24791594109376
622.060616715645,91.4649496249683,4.04687734641274
422.718520225206,259.226672464363,3.59048988042279
12.8803283698,180.687240230901,3.08889465845462
77.1813059222624,119.192353902714,4.3591088722586
607.520156414701,201.448108383181,4.29331513736684
249.686612398123,225.551106235037,3.74975561830626
567.956383087812,436.892593659973,3.86223457372587
304.430805429698,138.168841410197,4.04535679659123
530.472184912241,459.39413755413,3.62785879245439
40.4128245529455,422.746660724978,3.84397713048303
202.093674524423,297.406710870827,4.05912534719241
547.596218676492,264.101775910008,3.58101055193218
175.322783227729,33.5216053573866,4.43693567137107
509.043141817973,352.352508399397,5.080775077657
33.4318815588161,53.202847288212,4.01552443331425
535.652419487872,141.744075582774,4.58050096219289
NA,NA,NA
660.573441750755,335.439674626261,3.55268831063208
452.845080638194,296.087890965692,3.59429200218328
9.54054002114404,495.009013057097,3.72270494374429
557.874240330631,49.6830251495949,4.15076895082837
74.7325111416501,377.775404265551,3.95030606409793
231.827763182225,414.943742993205,3.91154892674911
431.116503191552,11.6373469347994,3.3373263846633
362.780544044445,291.818380669934,3.02431296033533
610.758111435214,103.979036622951,4.22403811743758
392.374632274719,226.781188799493,4.20152878752607
569.246008134002,409.363286210598,4.6526722501481
138.806405297463,277.396764386181,4.47244709055599
195.739390761696,367.492903428067,3.96826128136701
126.278023330368,410.127896622588,3.4216268511886
628.471430568315,312.156839078039,4.45283453735182
6.49515728793746,147.451261739281,4.26679772081368
543.40193271511,202.15465875364,4.14465084419089
34.970331067364,490.509540453414,3.14674565028795
278.616942691,22.6389059185198,4.01354887762814
531.752787712526,392.459971873636,3.50222635064797
66.7607772983441,71.2628214844116,5.25884419516216
11.3955437943008,78.1132239446474,3.52860873761743
588.034615336722,226.75363200852,4.00028169325449
445.403124762426,459.91900766118,4.74723665659175
658.301965895741,372.787984715738,3.36202936848351
107.211503052707,493.462264467383,4.35760513652491
625.304517735703,89.2826201178563,4.07849641986638
418.778623119387,260.558179088472,3.56753614756458
9.10855547743458,180.022320454017,3.192513108823
59.9001604058192,107.372105090999,4.51485447103732
602.594200845445,204.869386651074,4.20705892488629
264.535848658139,221.03706343346,3.80549223940901
578.417790322111,437.987121575804,3.70314044988157
300.767832519285,135.190714455966,3.88525522248728
535.491005699612,452.354979273842,3.38686158691224
53.1348279578299,409.82035259477,3.8102603371541
190.950394094027,289.406481469474,4.06191822801993
554.838751065528,270.777632947512,3.75755408562141
169.116593587426,25.9205636446981,4.26304647888338
502.502597871566,348.449802882566,4.27327127695853
37.1001996220995,43.2766498504006,3.49751641605895
537.988158547005,153.649827884443,4.38222915956662
NA,NA,NA
660.573441750755,335.439674626261,3.55268831063208
452.845080638194,296.087890965692,3.59429200218328
9.54054002114404,495.009013057097,3.72270494374429
557.874240330631,49.6830251495949,4.15076895082837
74.7325111416501,377.775404265551,3.95030606409793
231.827763182225,414.943742993205,3.91154892674911
431.116503191552,11.6373469347994,3.3373263846633
362.780544044445,291.818380669934,3.02431296033533
610.758111435214,103.979036622951,4.22403811743758
392.374632274719,226.781188799493,4.20152878752607
569.246008134002,409.363286210598,4.6526722501481
138.806405297463,277.396764386181,4.47244709055599
195.739390761696,367.492903428067,3.96826128136701
126.278023330368,410.127896622588,3.4216268511886
628.471430568315,312.156839078039,4.45283453735182
6.49515728793746,147.451261739281,4.26679772081368
543.40193271511,202.15465875364,4.14465084419089
34.970331067364,490.509540453414,3.14674565028795
278.616942691,22.6389059185198,4.01354887762814
531.752787712526,392.459971873636,3.50222635064797
66.7607772983441,71.2628214844116,5.25884419516216
11.3955437943008,78.1132239446474,3.52860873761743
588.034615336722,226.75363200852,4.00028169325449
445.403124762426,459.91900766118,4.74723665659175
658.301965895741,372.787984715738,3.36202936848351
107.211503052707,493.462264467383,4.35760513652491
625.304517735703,89.2826201178563,4.07849641986638
418.778623119387,260.558179088472,3.56753614756458
9.10855547743458,180.022320454017,3.192513108823
59.9001604058192,107.372105090999,4.51485447103732
602.594200845445,204.869386651074,4.20705892488629
264.535848658139,221.03706343346,3.80549223940901
578.417790322111,437.987121575804,3.70314044988157
300.767832519285,135.190714455966,3.88525522248728
535.491005699612,452.354979273842,3.38686158691224
53.1348279578299,409.82035259477,3.8102603371541
190.950394094027,289.406481469474,4.06191822801993
554.838751065528,270.777632947512,3.75755408562141
169.116593587426,25.9205636446981,4.26304647888338
502.502597871566,348.449802882566,4.27327127695853
37.1001996220995,43.2766498504006,3.49751641605895
537.988158547005,153.649827884443,4.38222915956662
NA,NA,NA
660.573441750755,335.439674626261,3.55268831063208
452.845080638194,296.087890965692,3.59429200218328
9.54054002114404,495.009013057097,3.72270494374429
557.874240330631,49.6830251495949,4.15076895082837
74.7325111416501,377.775404265551,3.95030606409793
231.827763182225,414.943742993205,3.91154892674911
431.116503191552,11.6373469347994,3.3373263846633
362.780544044445,291.818380669934,3.02431296033533
610.758111435214,103.979036622951,4.22403811743758
392.374632274719,226.781188799493,4.20152878752607
569.246008134002,409.363286210598,4.6526722501481
138.806405297463,277.396764386181,4.47244709055599
195.739390761696,367.492903428067,3.96826128136701
126.278023330368,410.127896622588,3.4216268511886
628.471430568315,312.156839078039,4.45283453735182
6.49515728793746,147.451261739281,4.26679772081368
543.40193271511,202.15465875364,4.14465084419089
34.970331067364,490.509540453414,3.14674565028795
278.616942691,22.6389059185198,4.01354887762814
531.752787712526,392.459971873636,3.50222635064797
66.7607772983441,71.2628214844116,5.25884419516216
11.3955437943008,78.1132239446474,3.52860873761743
588.034615336722,226.75363200852,4.00028169325449
445.403124762426,459.91900766118,4.74723665659175
658.301965895741,372.787984715738,3.36202936848351
107.211503052707,493.462264467383,4.35760513652491
625.304517735703,89.2826201178563,4.07849641986638
418.778623119387,260.558179088472,3.56753614756458
9.10855547743458,180.022320454017,3.192513108823
59.9001604058192,107.372105090999,4.51485447103732
602.594200845445,204.869386651074,4.20705892488629
264.535848658139,221.03706343346,3.80549223940901
578.417790322111,437.987121575804,3.70314044988157
300.767832519285,135.190714455966,3.88525522248728
535.491005699612,452.354979273842,3.38686158691224
53.1348279578299,409.82035259477,3.8102603371541
190.950394094027,289.406481469474,4.06191822801993
554.838751065528,270.777632947512,3.75755408562141
169.116593587426,25.9205636446981,4.26304647888338
502.502597871566,348.449802882566,4.27327127695853
37.1001996220995,43.2766498504006,3.49751641605895
537.988158547005,153.649827884443,4.38222915956662
NA,NA,NA
660.573441750755,335.439674626261,3.55268831063208
452.845080638194,296.087890965692,3.59429200218328
9.54054002114404,495.009013057097,3.72270494374429
557.874240330631,49.6830251495949,4.15076895082837
74.7325111416501,377.775404265551,3.95030606409793
231.827763182225,414.943742993205,3.91154892674911
431.116503191552,11.6373469347994,3.3373263846633
362.780544044445,291.818380669934,3.02431296033533
610.758111435214,103.979036622951,4.22403811743758
392.374632274719,226.781188799493,4.20152878752607
569.246008134002,409.363286210598,4.6526722501481
138.806405297463,277.396764386181,4.47244709055599
195.739390761696,367.492903428067,3.96826128136701
126.278023330368,410.127896622588,3.4216268511886
628.471430568315,312.156839078039,4.45283453735182
6.49515728793746,147.451261739281,4.26679772081368
543.40193271511,202.15465875364,4.14465084419089
34.970331067364,490.509540453414,3.14674565028795
278.616942691,22.6389059185198,4.01354887762814
531.752787712526,392.459971873636,3.50222635064797
66.7607772983441,71.2628214844116,5.25884419516216
11.3955437943008,78.1132239446474,3.52860873761743
588.034615336722,226.75363200852,4.00028169325449
445.403124762426,459.91900766118,4.74723665659175
658.301965895741,372.787984715738,3.36202936848351
107.211503052707,493.462264467383,4.35760513652491
625.304517735703,89.2826201178563,4.07849641986638
418.778623119387,260.558179088472,3.56753614756458
9.10855547743458,180.022320454017,3.192513108823
59.9001604058192,107.372105090999,4.51485447103732
602.594200845445,204.869386651074,4.20705892488629
264.535848658139,221.03706343346,3.80549223940901
578.417790322111,437.987121575804,3.70314044988157
300.767832519285,135.190714455966,3.88525522248728
535.491005699612,452.354979273842,3.38686158691224
53.1348279578299,409.82035259477,3.8102603371541
190.950394094027,289.406481469474,4.06191822801993
554.838751065528,270.777632947512,3.75755408562141
169.116593587426,25.9205636446981,4.26304647888338
502.502597871566,348.449802882566,4.27327127695853
37.1001996220995,43.2766498504006,3.49751641605895
537.988158547005,153.649827884443,4.38222915956662
NA,NA,NA
660.573441750755,335.439674626261,3.55268831063208
452.845080638194,296.087890965692,3.59429200218328
9.54054002114404,495.009013057097,3.72270494374429
557.874240330631,49.6830251495949,4.15076895082837
74.7325111416501,377.775404265551,3.95030606409793
231.827763182225,414.943742993205,3.91154892674911
431.116503191552,11.6373469347994,3.3373263846633
362.780544044445,291.818380669934,3.02431296033533
610.758111435214,103.979036622951,4.22403811743758
392.374632274719,226.781188799493,4.20152878752607
569.246008134002,409.363286210598,4.6526722501481
138.806405297463,277.396764386181,4.47244709055599
195.739390761696,367.492903428067,3.96826128136701
126.278023330368,410.127896622588,3.4216268511886
628.471430568315,312.156839078039,4.45283453735182
6.49515728793746,147.451261739281,4.26679772081368
543.40193271511,202.15465875364,4.14465084419089
34.970331067364,490.509540453414,3.14674565028795
278.616942691,22.6389059185198,4.01354887762814
531.752787712526,392.459971873636,3.50222635064797
66.7607772983441,71.2628214844116,5.25884419516216
11.3955437943008,78.1132239446474,3.52860873761743
588.034615336722,226.75363200852,4.00028169325449
445.403124762426,459.91900766118,4.74723665659175
658.301965895741,372.787984715738,3.36202936848351
107.211503052707,493.462264467383,4.35760513652491
625.304517735703,89.2826201178563,4.07849641986638
418.778623119387,260.558179088472,3.56753614756458
9.10855547743458,180.022320454017,3.192513108823
59.9001604058192,107.372105090999,4.51485447103732
602.594200845445,204.869386651074,4.20705892488629
264.535848658139,221.03706343346,3.80549223940901
578.417790322111,437.987121575804,3.70314044988157
300.767832519285,135.190714455966,3.88525522248728
535.491005699612,452.354979273842,3.38686158691224
53.1348279578299,409.82035259477,3.8102603371541
190.950394094027,289.406481469474,4.06191822801993
554.838751065528,270.777632947512,3.75755408562141
169.116593587426,25.9205636446981,4.26304647888338
502.502597871566,348.449802882566,4.27327127695853
37.1001996220995,43.2766498504006,3.49751641605895
537.988158547005,153.649827884443,4.38222915956662
NA,NA,NA
660.573441750755,335.439674626261,3.55268831063208
452.845080638194,296.087890965692,3.59429200218328
9.54054002114404,495.009013057097,3.72270494374429
557.874240330631,49.6830251495949,4.15076895082837
74.7325111416501,377.775404265551,3.95030606409793
231.827763182225,414.943742993205,3.91154892674911
431.116503191552,11.6373469347994,3.3373263846633
362.780544044445,291.818380669934,3.02431296033533
610.758111435214,103.979036622951,4.22403811743758
392.374632274719,226.781188799493,4.20152878752607
569.246008134002,409.363286210598,4.6526722501481
138.806405297463,277.396764386181,4.47244709055599
195.739390761696,367.492903428067,3.96826128136701
126.278023330368,410.127896622588,3.4216268511886
628.471430568315,312.156839078039,4.45283453735182
6.49515728793746,147.451261739281,4.26679772081368
543.40193271511,202.15465875364,4.14465084419089
34.970331067364,490.509540453414,3.14674565028795
278.616942691,22.6389059185198,4.01354887762814
531.752787712526,392.459971873636,3.50222635064797
66.7607772983441,71.2628214844116,5.25884419516216
11.3955437943008,78.1132239446474,3.52860873761743
588.034615336722,226.75363200852,4.00028169325449
445.403124762426,459.91900766118,4.74723665659175
658.301965895741,372.787984715738,3.36202936848351
107.211503052707,493.462264467383,4.35760513652491
625.304517735703,89.2826201178563,4.07849641986638
418.778623119387,260.558179088472,3.56753614756458
9.10855547743458,180.022320454017,3.192513108823
59.9001604058192,107.372105090999,4.51485447103732
602.594200845445,204.869386651074,4.20705892488629
264.535848658139,221.03706343346,3.80549223940901
578.417790322111,437.987121575804,3.70314044988157
300.767832519285,135.190714455966,3.88525522248728
535.491005699612,452.354979273842,3.38686158691224
53.1348279578299,409.82035259477,3.8102603371541
190.950394094027,289.406481469474,4.06191822801993
554.838751065528,270.777632947512,3.75755408562141
169.116593587426,25.9205636446981,4.26304647888338
502.502597871566,348.449802882566,4.27327127695853
37.1001996220995,43.2766498504006,3.49751641605895
537.988158547005,153.649827884443,4.38222915956662
NA,NA,NA
664.051564968516,335.245703378483,3.47146993130719
460.977751419864,298.316407038253,3.73155966609314
5.54477794494663,494.556356791928,3.58953720822926
561.676341310224,52.338609346951,4.17724563166102
72.0171350964461,370.542931920735,3.82802394874633
229.059058431524,415.501570455253,3.86307816103293
430.038966043722,12.7739752987967,3.27725936473907
363.301107564858,289.931778792505,3.15330857051177
605.387813574748,109.658110378089,4.2092017811994
391.934976705627,231.419113531907,4.10999285911023
576.707113204772,411.811339832335,4.77522621092548
136.985551434219,281.961206839182,4.57682744592721
200.956042165333,365.808328993005,3.88701104169807
129.056001295347,409.252723706937,3.24064167942428
622.425756085051,313.136211128674,4.60021889038507
3.89049814226607,148.555979129155,4.29374068917116
538.365725105984,205.686246390651,4.11257774620897
32.1099628916832,493.174815482121,2.99483718675962
280.687898298591,21.3908603772657,4.010332386663
532.673586221798,390.131324927269,3.47847073479578
81.0700580513893,79.470094880166,5.38113361231157
6.16577618844036,79.2016889810732,3.591702080259
587.67358822953,227.270201954336,4.11931725284777
444.464261683996,454.184891776493,4.79589409989462
660.243781351691,373.272989850632,3.074138208012
100.906873324575,481.051959541069,4.3575093121462
625.282364893767,94.1330949076878,4.119126133874
417.650153217491,258.412360715584,3.67064213711688
11.2320767361278,181.361423888612,3.14594664953763
62.8634305186989,103.707052560758,4.6866174137672
592.960263925514,207.883371626139,4.14963204676271
261.688254290095,228.855786637212,3.85966959318893
572.20234590683,433.012712133567,3.89632331130221
300.034534816536,138.223984755265,3.8885353862222
527.864576658555,457.873723827474,3.60240443858713
41.8563528801318,419.478824075896,3.7486206687009
196.098579689236,291.333153622696,3.91683240508092
544.590834961051,264.119547134357,3.72691945223995
164.545386745842,23.9246035632956,4.19025499921978
510.976382594302,347.129797841828,4.47375250704134
39.836333202328,56.9801692815422,4.39728330235053
531.63925066385,149.073555570951,4.8334590536024
NA,NA,NA
664.051564968516,335.245703378483,3.47146993130719
460.977751419864,298.316407038253,3.73155966609314
5.54477794494663,494.556356791928,3.58953720822926
561.676341310224,52.338609346951,4.17724563166102
72.0171350964461,370.542931920735,3.82802394874633
229.059058431524,415.501570455253,3.86307816103293
430.038966043722,12.7739752987967,3.27725936473907
363.301107564858,289.931778792505,3.15330857051177
605.387813574748,109.658110378089,4.2092017811994
391.934976705627,231.419113531907,4.10999285911023
576.707113204772,411.811339832335,4.77522621092548
136.985551434219,281.961206839182,4.57682744592721
200.956042165333,365.808328993005,3.88701104169807
129.056001295347,409.252723706937,3.24064167942428
622.425756085051,313.136211128674,4.60021889038507
3.89049814226607,148.555979129155,4.29374068917116
538.365725105984,205.686246390651,4.11257774620897
32.1099628916832,493.174815482121,2.99483718675962
280.687898298591,21.3908603772657,4.010332386663
532.673586221798,390.131324927269,3.47847073479578
81.0700580513893,79.470094880166,5.38113361231157
6.16577618844036,79.2016889810732,3.591702080259
587.67358822953,227.270201954336,4.11931725284777
444.464261683996,454.184891776493,4.79589409989462
660.243781351691,373.272989850632,3.074138208012
100.906873324575,481.051959541069,4.3575093121462
625.282364893767,94.1330949076878,4.119126133874
417.650153217491,258.412360715584,3.67064213711688
11.2320767361278,181.361423888612,3.14594664953763
62.8634305186989,103.707052560758,4.6866174137672
592.960263925514,207.883371626139,4.14963204676271
261.688254290095,228.855786637212,3.85966959318893
572.20234590683,433.012712133567,3.89632331130221
300.034534816536,138.223984755265,3.8885353862222
527.864576658555,457.873723827474,3.60240443858713
41.8563528801318,419.478824075896,3.7486206687009
196.098579689236,291.333153622696,3.91683240508092
544.590834961051,264.119547134357,3.72691945223995
164.545386745842,23.9246035632956,4.19025499921978
510.976382594302,347.129797841828,4.47375250704134
39.836333202328,56.9801692815422,4.39728330235053
531.63925066385,149.073555570951,4.8334590536024
NA,NA,NA
664.051564968516,335.245703378483,3.47146993130719
460.977751419864,298.316407038253,3.73155966609314
5.54477794494663,494.556356791928,3.58953720822926
561.676341310224,52.338609346951,4.17724563166102
72.0171350964461,370.542931920735,3.82802394874633
229.059058431524,415.501570455253,3.86307816103293
430.038966043722,12.7739752987967,3.27725936473907
363.301107564858,289.931778792505,3.15330857051177
605.387813574748,109.658110378089,4.2092017811994
391.934976705627,231.419113531907,4.10999285911023
576.707113204772,411.811339832335,4.77522621092548
136.985551434219,281.961206839182,4.57682744592721
200.956042165333,365.808328993005,3.88701104169807
129.056001295347,409.252723706937,3.24064167942428
622.425756085051,313.136211128674,4.60021889038507
3.89049814226607,148.555979129155,4.29374068917116
538.365725105984,205.686246390651,4.11257774620897
32.1099628916832,493.174815482121,2.99483718675962
280.687898298591,21.3908603772657,4.010332386663
532.673586221798,390.131324927269,3.47847073479578
81.0700580513893,79.470094880166,5.38113361231157
6.16577618844036,79.2016889810732,3.591702080259
587.67358822953,227.270201954336,4.11931725284777
444.464261683996,454.184891776493,4.79589409989462
660.243781351691,373.272989850632,3.074138208012
100.906873324575,481.051959541069,4.3575093121462
625.282364893767,94.1330949076878,4.119126133874
417.650153217491,258.412360715584,3.67064213711688
11.2320767361278,181.361423888612,3.14594664953763
62.8634305186989,103.707052560758,4.6866174137672
592.960263925514,207.883371626139,4.14963204676271
261.688254290095,228.855786637212,3.85966959318893
572.20234590683,433.012712133567,3.89632331130221
300.034534816536,138.223984755265,3.8885353862222
527.864576658555,457.873723827474,3.60240443858713
41.8563528801318,419.478824075896,3.7486206687009
196.098579689236,291.333153622696,3.91683240508092
544.590834961051,264.119547134357,3.72691945223995
164.545386745842,23.9246035632956,4.19025499921978
510.976382594302,347.129797841828,4.47375250704134
39.836333202328,56.9801692815422,4.39728330235053
531.63925066385,149.073555570951,4.8334590536024
NA,NA,NA
664.051564968516,335.245703378483,3.47146993130719
460.977751419864,298.316407038253,3.73155966609314
5.54477794494663,494.556356791928,3.58953720822926
561.676341310224,52.338609346951,4.17724563166102
72.0171350964461,370.542931920735,3.82802394874633
229.059058431524,415.501570455253,3.86307816103293
430.038966043722,12.7739752987967,3.27725936473907
363.301107564858,289.931778792505,3.15330857051177
605.387813574748,109.658110378089,4.2092017811994
391.934976705627,231.419113531907,4.10999285911023
576.707113204772,411.811339832335,4.77522621092548
136.985551434219,281.961206839182,4.57682744592721
200.956042165333,365.808328993005,3.88701104169807
129.056001295347,409.252723706937,3.24064167942428
622.425756085051,313.136211128674,4.60021889038507
3.89049814226607,148.555979129155,4.29374068917116
538.365725105984,205.686246390651,4.11257774620897
32.1099628916832,493.174815482121,2.99483718675962
280.687898298591,21.3908603772657,4.010332386663
532.673586221798,390.131324927269,3.47847073479578
81.0700580513893,79.470094880166,5.38113361231157
6.16577618844036,79.2016889810732,3.591702080259
587.67358822953,227.270201954336,4.11931725284777
444.464261683996,454.184891776493,4.79589409989462
660.243781351691,373.272989850632,3.074138208012
100.906873324575,481.051959541069,4.3575093121462
625.282364893767,94.1330949076878,4.119126133874
417.650153217491,258.412360715584,3.67064213711688
11.2320767361278,181.361423888612,3.14594664953763
62.8634305186989,103.707052560758,4.6866174137672
592.960263925514,207.883371626139,4.14963204676271
261.688254290095,228.855786637212,3.85966959318893
572.20234590683,433.012712133567,3.89632331130221
300.034534816536,138.223984755265,3.8885353862222
527.864576658555,457.873723827474,3.60240443858713
41.8563528801318,419.478824075896,3.7486206687009
196.098579689236,291.333153622696,3.91683240508092
544.590834961051,264.119547134357,3.72691945223995
164.545386745842,23.9246035632956,4.19025499921978
510.976382594302,347.129797841828,4.47375250704134
39.836333202328,56.9801692815422,4.39728330235053
531.63925066385,149.073555570951,4.8334590536024
NA,NA,NA
664.051564968516,335.245703378483,3.47146993130719
460.977751419864,298.316407038253,3.73155966609314
5.54477794494663,494.556356791928,3.58953720822926
561.676341310224,52.338609346951,4.17724563166102
72.0171350964461,370.542931920735,3.82802394874633
229.059058431524,415.501570455253,3.86307816103293
430.038966043722,12.7739752987967,3.27725936473907
363.301107564858,289.931778792505,3.15330857051177
605.387813574748,109.658110378089,4.2092017811994
391.934976705627,231.419113531907,4.10999285911023
576.707113204772,411.811339832335,4.77522621092548
136.985551434219,281.961206839182,4.57682744592721
200.956042165333,365.808328993005,3.88701104169807
129.056001295347,409.252723706937,3.24064167942428
622.425756085051,313.136211128674,4.60021889038507
3.89049814226607,148.555979129155,4.29374068917116
538.365725105984,205.686246390651,4.11257774620897
32.1099628916832,493.174815482121,2.99483718675962
280.687898298591,21.3908603772657,4.010332386663
532.673586221798,390.131324927269,3.47847073479578
81.0700580513893,79.470094880166,5.38113361231157
6.16577618844036,79.2016889810732,3.591702080259
587.67358822953,227.270201954336,4.11931725284777
444.464261683996,454.184891776493,4.79589409989462
660.243781351691,373.272989850632,3.074138208012
100.906873324575,481.051959541069,4.3575093121462
625.282364893767,94.1330949076878,4.119126133874
417.650153217491,258.412360715584,3.67064213711688
11.2320767361278,181.361423888612,3.14594664953763
62.8634305186989,103.707052560758,4.6866174137672
592.960263925514,207.883371626139,4.14963204676271
261.688254290095,228.855786637212,3.85966959318893
572.20234590683,433.012712133567,3.89632331130221
300.034534816536,138.223984755265,3.8885353862222
527.864576658555,457.873723827474,3.60240443858713
41.8563528801318,419.478824075896,3.7486206687009
196.098579689236,291.333153622696,3.91683240508092
544.590834961051,264.119547134357,3.72691945223995
164.545386745842,23.9246035632956,4.19025499921978
510.976382594302,347.129797841828,4.47375250704134
39.836333202328,56.9801692815422,4.39728330235053
531.63925066385,149.073555570951,4.8334590536024
NA,NA,NA
664.051564968516,335.245703378483,3.47146993130719
460.977751419864,298.316407038253,3.73155966609314
5.54477794494663,494.556356791928,3.58953720822926
561.676341310224,52.338609346951,4.17724563166102
72.0171350964461,370.542931920735,3.82802394874633
229.059058431524,415.501570455253,3.86307816103293
430.038966043722,12.7739752987967,3.27725936473907
363.301107564858,289.931778792505,3.15330857051177
605.387813574748,109.658110378089,4.2092017811994
391.934976705627,231.419113531907,4.10999285911023
576.707113204772,411.811339832335,4.77522621092548
136.985551434219,281.961206839182,4.57682744592721
200.956042165333,365.808328993005,3.88701104169807
129.056001295347,409.252723706937,3.24064167942428
622.425756085051,313.136211128674,4.60021889038507
3.89049814226607,148.555979129155,4.29374068917116
538.365725105984,205.686246390651,4.11257774620897
32.1099628916832,493.174815482121,2.99483718675962
280.687898298591,21.3908603772657,4.010332386663
532.673586221798,390.131324927269,3.47847073479578
81.0700580513893,79.470094880166,5.38113361231157
6.16577618844036,79.2016889810732,3.591702080259
587.67358822953,227.270201954336,4.11931725284777
444.464261683996,454.184891776493,4.79589409989462
660.243781351691,373.272989850632,3.074138208012
100.906873324575,481.051959541069,4.3575093121462
625.282364893767,94.1330949076878,4.119126133874
417.650153217491,258.412360715584,3.67064213711688
11.2320767361278,181.361423888612,3.14594664953763
62.8634305186989,103.707052560758,4.6866174137672
592.960263925514,207.883371626139,4.14963204676271
261.688254290095,228.855786637212,3.85966959318893
572.20234590683,433.012712133567,3.89632331130221
300.034534816536,138.223984755265,3.8885353862222
527.864576658555,457.873723827474,3.60240443858713
41.8563528801318,419.478824075896,3.7486206687009
196.098579689236,291.333153622696,3.91683240508092
544.590834961051,264.119547134357,3.72691945223995
164.545386745842,23.9246035632956,4.19025499921978
510.976382594302,347.129797841828,4.47375250704134
39.836333202328,56.9801692815422,4.39728330235053
531.63925066385,149.073555570951,4.8334590536024
NA,NA,NA
664.227550199339,328.658193205032,3.41186198829909
454.516281346363,297.89862139269,3.72823333870601
14.4727129800144,496.106079533199,3.56941438921203
564.246155197333,51.7539467304475,4.21952589741495
67.2133192817462,376.274378437544,3.96403046540863
226.570517512153,411.842246459042,3.92469760206581
427.847580940078,12.6330681570564,3.33751650605429
365.824989072169,293.525332049465,3.01446303700106
599.134745939144,112.27906345254,4.25575102345592
393.412529607073,231.224135370302,4.19379539892896
563.643284231977,409.913918201347,4.71560882158848
145.897172607468,284.866366149821,4.59529200045084
197.181216476787,369.711426328481,4.07787726412142
123.460373754015,413.805364621277,3.44418494582285
628.590376860342,312.8757239105,4.56272041226778
3.93335569348503,147.206335822571,4.30572418839801
544.368322552204,203.860666268827,4.26626517333756
34.3632286916689,490.870890998236,3.04057070725058
274.742402237022,26.8741029276944,3.84163569350767
536.154201268009,394.997252228319,3.42009489476476
76.671565067737,76.4658603333215,5.32220661835321
5.12005011286522,77.579290300668,3.48533042559509
589.686234410485,224.569970999448,4.0551498752175
433.732018069521,464.431168142343,4.78589563196943
659.44025870805,375.351999468594,2.98925892873404
109.735135424808,484.945579096184,4.33733054236887
628.120532273784,93.5185210566501,4.07928419380317
422.830696019353,256.023230324801,3.53559046250006
12.2047151936995,181.741623351439,3.03516041279548
63.753312774491,134.604521142738,4.54438523104853
609.612952718003,188.170440502327,4.3584506977259
256.746410335743,222.129417457225,3.88733742840863
571.14908978316,439.051047333122,3.70512078632634
303.428328282275,140.207409989784,4.02423107173205
526.95442445992,453.435704951704,3.41874795832617
47.5475128528322,424.172868031257,4.02513856541083
205.465555879055,299.997877487518,4.22503376631209
541.739159270956,265.222327785523,3.78251104111976
187.456475587651,31.6702899734822,4.34313923611552
503.91525544373,344.07561711533,4.70006834085083
41.4642834850747,52.7492722784637,3.49126980897654
527.833712681883,155.580846229323,4.53306262635954
NA,NA,NA
664.227550199339,328.658193205032,3.41186198829909
454.516281346363,297.89862139269,3.72823333870601
14.4727129800144,496.106079533199,3.56941438921203
564.246155197333,51.7539467304475,4.21952589741495
67.2133192817462,376.274378437544,3.96403046540863
226.570517512153,411.842246459042,3.92469760206581
427.847580940078,12.6330681570564,3.33751650605429
365.824989072169,293.525332049465,3.01446303700106
599.134745939144,112.27906345254,4.25575102345592
393.412529607073,231.224135370302,4.19379539892896
563.643284231977,409.913918201347,4.71560882158848
145.897172607468,284.866366149821,4.59529200045084
197.181216476787,369.711426328481,4.07787726412142
123.460373754015,413.805364621277,3.44418494582285
628.590376860342,312.8757239105,4.56272041226778
3.93335569348503,147.206335822571,4.30572418839801
544.368322552204,203.860666268827,4.26626517333756
34.3632286916689,490.870890998236,3.04057070725058
274.742402237022,26.8741029276944,3.84163569350767
536.154201268009,394.997252228319,3.42009489476476
76.671565067737,76.4658603333215,5.32220661835321
5.12005011286522,77.579290300668,3.48533042559509
589.686234410485,224.569970999448,4.0551498752175
433.732018069521,464.431168142343,4.78589563196943
659.44025870805,375.351999468594,2.98925892873404
109.735135424808,484.945579096184,4.33733054236887
628.120532273784,93.5185210566501,4.07928419380317
422.830696019353,256.023230324801,3.53559046250006
12.2047151936995,181.741623351439,3.03516041279548
63.753312774491,134.604521142738,4.54438523104853
609.612952718003,188.170440502327,4.3584506977259
256.746410335743,222.129417457225,3.88733742840863
571.14908978316,439.051047333122,3.70512078632634
303.428328282275,140.207409989784,4.02423107173205
526.95442445992,453.435704951704,3.41874795832617
47.5475128528322,424.172868031257,4.02513856541083
205.465555879055,299.997877487518,4.22503376631209
541.739159270956,265.222327785523,3.78251104111976
187.456475587651,31.6702899734822,4.34313923611552
503.91525544373,344.07561711533,4.70006834085083
41.4642834850747,52.7492722784637,3.49126980897654
527.833712681883,155.580846229323,4.53306262635954
NA,NA,NA
664.227550199339,328.658193205032,3.41186198829909
454.516281346363,297.89862139269,3.72823333870601
14.4727129800144,496.106079533199,3.56941438921203
564.246155197333,51.7539467304475,4.21952589741495
67.2133192817462,376.274378437544,3.96403046540863
226.570517512153,411.842246459042,3.92469760206581
427.847580940078,12.6330681570564,3.33751650605429
365.824989072169,293.525332049465,3.01446303700106
599.134745939144,112.27906345254,4.25575102345592
393.412529607073,231.224135370302,4.19379539892896
563.643284231977,409.913918201347,4.71560882158848
145.897172607468,284.866366149821,4.59529200045084
197.181216476787,369.711426328481,4.07787726412142
123.460373754015,413.805364621277,3.44418494582285
628.590376860342,312.8757239105,4.56272041226778
3.93335569348503,147.206335822571,4.30572418839801
544.368322552204,203.860666268827,4.26626517333756
34.3632286916689,490.870890998236,3.04057070725058
274.742402237022,26.8741029276944,3.84163569350767
536.154201268009,394.997252228319,3.42009489476476
76.671565067737,76.4658603333215,5.32220661835321
5.12005011286522,77.579290300668,3.48533042559509
589.686234410485,224.569970999448,4.0551498752175
433.732018069521,464.431168142343,4.78589563196943
659.44025870805,375.351999468594,2.98925892873404
109.735135424808,484.945579096184,4.33733054236887
628.120532273784,93.5185210566501,4.07928419380317
422.830696019353,256.023230324801,3.53559046250006
12.2047151936995,181.741623351439,3.03516041279548
63.753312774491,134.604521142738,4.54438523104853
609.612952718003,188.170440502327,4.3584506977259
256.746410335743,222.129417457225,3.88733742840863
571.14908978316,439.051047333122,3.70512078632634
303.428328282275,140.207409989784,4.02423107173205
526.95442445992,453.435704951704,3.41874795832617
47.5475128528322,424.172868031257,4.02513856541083
205.465555879055,299.997877487518,4.22503376631209
541.739159270956,265.222327785523,3.78251104111976
187.456475587651,31.6702899734822,4.34313923611552
503.91525544373,344.07561711533,4.70006834085083
41.4642834850747,52.7492722784637,3.49126980897654
527.833712681883,155.580846229323,4.53306262635954
NA,NA,NA
664.227550199339,328.658193205032,3.41186198829909
454.516281346363,297.89862139269,3.72823333870601
14.4727129800144,496.106079533199,3.56941438921203
564.246155197333,51.7539467304475,4.21952589741495
67.2133192817462,376.274378437544,3.96403046540863
226.570517512153,411.842246459042,3.92469760206581
427.847580940078,12.6330681570564,3.33751650605429
365.824989072169,293.525332049465,3.01446303700106
599.134745939144,112.27906345254,4.25575102345592
393.412529607073,231.224135370302,4.19379539892896
563.643284231977,409.913918201347,4.71560882158848
145.897172607468,284.866366149821,4.59529200045084
197.181216476787,369.711426328481,4.07787726412142
123.460373754015,413.805364621277,3.44418494582285
628.590376860342,312.8757239105,4.56272041226778
3.93335569348503,147.206335822571,4.30572418839801
544.368322552204,203.860666268827,4.26626517333756
34.3632286916689,490.870890998236,3.04057070725058
274.742402237022,26.8741029276944,3.84163569350767
536.154201268009,394.997252228319,3.42009489476476
76.671565067737,76.4658603333215,5.32220661835321
5.12005011286522,77.579290300668,3.48533042559509
589.686234410485,224.569970999448,4.0551498752175
433.732018069521,464.431168142343,4.78589563196943
659.44025870805,375.351999468594,2.98925892873404
109.735135424808,484.945579096184,4.33733054236887
628.120532273784,93.5185210566501,4.07928419380317
422.830696019353,256.023230324801,3.53559046250006
12.2047151936995,181.741623351439,3.03516041279548
63.753312774491,134.604521142738,4.54438523104853
609.612952718003,188.170440502327,4.3584506977259
256.746410335743,222.129417457225,3.88733742840863
571.14908978316,439.051047333122,3.70512078632634
303.428328282275,140.207409989784,4.02423107173205
526.95442445992,453.435704951704,3.41874795832617
47.5475128528322,424.172868031257,4.02513856541083
205.465555879055,299.997877487518,4.22503376631209
541.739159270956,265.222327785523,3.78251104111976
187.456475587651,31.6702899734822,4.34313923611552
503.91525544373,344.07561711533,4.70006834085083
41.4642834850747,52.7492722784637,3.49126980897654
527.833712681883,155.580846229323,4.53306262635954
NA,NA,NA
664.227550199339,328.658193205032,3.41186198829909
454.516281346363,297.89862139269,3.72823333870601
14.4727129800144,496.106079533199,3.56941438921203
564.246155197333,51.7539467304475,4.21952589741495
67.2133192817462,376.274378437544,3.96403046540863
226.570517512153,411.842246459042,3.92469760206581
427.847580940078,12.6330681570564,3.33751650605429
365.824989072169,293.525332049465,3.01446303700106
599.134745939144,112.27906345254,4.25575102345592
393.412529607073,231.224135370302,4.19379539892896
563.643284231977,409.913918201347,4.71560882158848
145.897172607468,284.866366149821,4.59529200045084
197.181216476787,369.711426328481,4.07787726412142
123.460373754015,413.805364621277,3.44418494582285
628.590376860342,312.8757239105,4.56272041226778
3.93335569348503,147.206335822571,4.30572418839801
544.368322552204,203.860666268827,4.26626517333756
34.3632286916689,490.870890998236,3.04057070725058
274.742402237022,26.8741029276944,3.84163569350767
536.154201268009,394.997252228319,3.42009489476476
76.671565067737,76.4658603333215,5.32220661835321
5.12005011286522,77.579290300668,3.48533042559509
589.686234410485,224.569970999448,4.0551498752175
433.732018069521,464.431168142343,4.78589563196943
659.44025870805,375.351999468594,2.98925892873404
109.735135424808,484.945579096184,4.33733054236887
628.120532273784,93.5185210566501,4.07928419380317
422.830696019353,256.023230324801,3.53559046250006
12.2047151936995,181.741623351439,3.03516041279548
63.753312774491,134.604521142738,4.54438523104853
609.612952718003,188.170440502327,4.3584506977259
256.746410335743,222.129417457225,3.88733742840863
571.14908978316,439.051047333122,3.70512078632634
303.428328282275,140.207409989784,4.02423107173205
526.95442445992,453.435704951704,3.41874795832617
47.5475128528322,424.172868031257,4.02513856541083
205.465555879055,299.997877487518,4.22503376631209
541.739159270956,265.222327785523,3.78251104111976
187.456475587651,31.6702899734822,4.34313923611552
503.91525544373,344.07561711533,4.70006834085083
41.4642834850747,52.7492722784637,3.49126980897654
527.833712681883,155.580846229323,4.53306262635954
NA,NA,NA
664.227550199339,328.658193205032,3.41186198829909
454.516281346363,297.89862139269,3.72823333870601
14.4727129800144,496.106079533199,3.56941438921203
564.246155197333,51.7539467304475,4.21952589741495
67.2133192817462,376.274378437544,3.96403046540863
226.570517512153,411.842246459042,3.92469760206581
427.847580940078,12.6330681570564,3.33751650605429
365.824989072169,293.525332049465,3.01446303700106
599.134745939144,112.27906345254,4.25575102345592
393.412529607073,231.224135370302,4.19379539892896
563.643284231977,409.913918201347,4.71560882158848
145.897172607468,284.866366149821,4.59529200045084
197.181216476787,369.711426328481,4.07787726412142
123.460373754015,413.805364621277,3.44418494582285
628.590376860342,312.8757239105,4.56272041226778
3.93335569348503,147.206335822571,4.30572418839801
544.368322552204,203.860666268827,4.26626517333756
34.3632286916689,490.870890998236,3.04057070725058
274.742402237022,26.8741029276944,3.84163569350767
536.154201268009,394.997252228319,3.42009489476476
76.671565067737,76.4658603333215,5.32220661835321
5.12005011286522,77.579290300668,3.48533042559509
589.686234410485,224.569970999448,4.0551498752175
433.732018069521,464.431168142343,4.78589563196943
659.44025870805,375.351999468594,2.98925892873404
109.735135424808,484.945579096184,4.33733054236887
628.120532273784,93.5185210566501,4.07928419380317
422.830696019353,256.023230324801,3.53559046250006
12.2047151936995,181.741623351439,3.03516041279548
63.753312774491,134.604521142738,4.54438523104853
609.612952718003,188.170440502327,4.3584506977259
256.746410335743,222.129417457225,3.88733742840863
571.14908978316,439.051047333122,3.70512078632634
303.428328282275,140.207409989784,4.02423107173205
526.95442445992,453.435704951704,3.41874795832617
47.5475128528322,424.172868031257,4.02513856541083
205.465555879055,299.997877487518,4.22503376631209
541.739159270956,265.222327785523,3.78251104111976
187.456475587651,31.6702899734822,4.34313923611552
503.91525544373,344.07561711533,4.70006834085083
41.4642834850747,52.7492722784637,3.49126980897654
527.833712681883,155.580846229323,4.53306262635954
NA,NA,NA
658.091940049289,331.9085355027,3.53255994578419
453.902587867971,298.856760169588,3.84279380786467
9.02553258229469,496.136819100497,3.55572502709257
562.819765019144,50.8262250952648,4.14768388293402
73.4050136084658,374.941373950556,3.87328572038031
228.433214816595,414.871369256002,3.8531435328417
428.101157084182,14.0121125250372,3.10498977961321
362.291663610211,294.865718309438,2.99108708739103
604.416376795446,105.690987010693,4.0961122013435
391.323111290315,228.675598601918,4.15547054333425
562.322401530048,405.359776169264,4.7265166783138
138.002248179814,286.268183664687,4.57615869224209
198.221185442048,365.124733623972,4.06042170633493
126.309362565785,411.587454293763,3.45664599005742
623.792735315115,314.157830748425,4.49987688639976
3.70473638807356,146.026111201774,4.26239955957563
544.659898114985,203.698692295066,4.27668849612469
33.9452240987947,489.945812630892,2.9790753002325
281.05132695285,24.9840966124684,3.79699976632657
535.109817290931,391.435309979361,3.46614365198644
75.4753430173782,66.5961274812963,5.24194931391947
0.375070291132534,76.1119626734105,3.51968808568711
591.079006450184,224.664853735727,4.10718706925584
446.281382123135,455.284578398694,4.73261095958648
660.209682418371,372.629714578933,3.22030733948971
109.433673587782,487.970043300764,4.33408317399796
626.798622647523,89.1820808939154,4.05447540648247
419.555311942176,255.9517049217,3.76116104386508
10.7865402633193,181.096821035131,3.14055408778064
84.7538426924371,91.9502067201022,4.40124664234261
594.808077492582,198.698618195244,4.1244663259599
256.249153310323,223.247816953259,3.64089613144786
583.143980472444,432.114444935037,3.95323811175381
299.6130458957,134.868451275188,3.70486248040313
527.836281382845,461.222008550352,3.51622545505609
42.1948372674243,419.895514867114,3.87771576055028
202.945602496138,289.402650337283,3.70174491766257
541.717743569516,266.449304314262,3.879482254417
182.108088482717,20.5507745727043,4.04053611060566
494.858177209808,350.271796553431,4.48664238930011
30.9726793118153,39.2108166260704,3.89167470301792
538.053094161713,142.60871373885,4.09042272920309
NA,NA,NA
658.091940049289,331.9085355027,3.53255994578419
453.902587867971,298.856760169588,3.84279380786467
9.02553258229469,496.136819100497,3.55572502709257
562.819765019144,50.8262250952648,4.14768388293402
73.4050136084658,374.941373950556,3.87328572038031
228.433214816595,414.871369256002,3.8531435328417
428.101157084182,14.0121125250372,3.10498977961321
362.291663610211,294.865718309438,2.99108708739103
604.416376795446,105.690987010693,4.0961122013435
391.323111290315,228.675598601918,4.15547054333425
562.322401530048,405.359776169264,4.7265166783138
138.002248179814,286.268183664687,4.57615869224209
198.221185442048,365.124733623972,4.06042170633493
126.309362565785,411.587454293763,3.45664599005742
623.792735315115,314.157830748425,4.49987688639976
3.70473638807356,146.026111201774,4.26239955957563
544.659898114985,203.698692295066,4.27668849612469
33.9452240987947,489.945812630892,2.9790753002325
281.05132695285,24.9840966124684,3.79699976632657
535.109817290931,391.435309979361,3.46614365198644
75.4753430173782,66.5961274812963,5.24194931391947
0.375070291132534,76.1119626734105,3.51968808568711
591.079006450184,224.664853735727,4.10718706925584
446.281382123135,455.284578398694,4.73261095958648
660.209682418371,372.629714578933,3.22030733948971
109.433673587782,487.970043300764,4.33408317399796
626.798622647523,89.1820808939154,4.05447540648247
419.555311942176,255.9517049217,3.76116104386508
10.7865402633193,181.096821035131,3.14055408778064
84.7538426924371,91.9502067201022,4.40124664234261
594.808077492582,198.698618195244,4.1244663259599
256.249153310323,223.247816953259,3.64089613144786
583.143980472444,432.114444935037,3.95323811175381
299.6130458957,134.868451275188,3.70486248040313
527.836281382845,461.222008550352,3.51622545505609
42.1948372674243,419.895514867114,3.87771576055028
202.945602496138,289.402650337283,3.70174491766257
541.717743569516,266.449304314262,3.879482254417
182.108088482717,20.5507745727043,4.04053611060566
494.858177209808,350.271796553431,4.48664238930011
30.9726793118153,39.2108166260704,3.89167470301792
538.053094161713,142.60871373885,4.09042272920309
NA,NA,NA
658.091940049289,331.9085355027,3.53255994578419
453.902587867971,298.856760169588,3.84279380786467
9.02553258229469,496.136819100497,3.55572502709257
562.819765019144,50.8262250952648,4.14768388293402
73.4050136084658,374.941373950556,3.87328572038031
228.433214816595,414.871369256002,3.8531435328417
428.101157084182,14.0121125250372,3.10498977961321
362.291663610211,294.865718309438,2.99108708739103
604.416376795446,105.690987010693,4.0961122013435
391.323111290315,228.675598601918,4.15547054333425
562.322401530048,405.359776169264,4.7265166783138
138.002248179814,286.268183664687,4.57615869224209
198.221185442048,365.124733623972,4.06042170633493
126.309362565785,411.587454293763,3.45664599005742
623.792735315115,314.157830748425,4.49987688639976
3.70473638807356,146.026111201774,4.26239955957563
544.659898114985,203.698692295066,4.27668849612469
33.9452240987947,489.945812630892,2.9790753002325
281.05132695285,24.9840966124684,3.79699976632657
535.109817290931,391.435309979361,3.46614365198644
75.4753430173782,66.5961274812963,5.24194931391947
0.375070291132534,76.1119626734105,3.51968808568711
591.079006450184,224.664853735727,4.10718706925584
446.281382123135,455.284578398694,4.73261095958648
660.209682418371,372.629714578933,3.22030733948971
109.433673587782,487.970043300764,4.33408317399796
626.798622647523,89.1820808939154,4.05447540648247
419.555311942176,255.9517049217,3.76116104386508
10.7865402633193,181.096821035131,3.14055408778064
84.7538426924371,91.9502067201022,4.40124664234261
594.808077492582,198.698618195244,4.1244663259599
256.249153310323,223.247816953259,3.64089613144786
583.143980472444,432.114444935037,3.95323811175381
299.6130458957,134.868451275188,3.70486248040313
527.836281382845,461.222008550352,3.51622545505609
42.1948372674243,419.895514867114,3.87771576055028
202.945602496138,289.402650337283,3.70174491766257
541.717743569516,266.449304314262,3.879482254417
182.108088482717,20.5507745727043,4.04053611060566
494.858177209808,350.271796553431,4.48664238930011
30.9726793118153,39.2108166260704,3.89167470301792
538.053094161713,142.60871373885,4.09042272920309
NA,NA,NA
658.091940049289,331.9085355027,3.53255994578419
453.902587867971,298.856760169588,3.84279380786467
9.02553258229469,496.136819100497,3.55572502709257
562.819765019144,50.8262250952648,4.14768388293402
73.4050136084658,374.941373950556,3.87328572038031
228.433214816595,414.871369256002,3.8531435328417
428.101157084182,14.0121125250372,3.10498977961321
362.291663610211,294.865718309438,2.99108708739103
604.416376795446,105.690987010693,4.0961122013435
391.323111290315,228.675598601918,4.15547054333425
562.322401530048,405.359776169264,4.7265166783138
138.002248179814,286.268183664687,4.57615869224209
198.221185442048,365.124733623972,4.06042170633493
126.309362565785,411.587454293763,3.45664599005742
623.792735315115,314.157830748425,4.49987688639976
3.70473638807356,146.026111201774,4.26239955957563
544.659898114985,203.698692295066,4.27668849612469
33.9452240987947,489.945812630892,2.9790753002325
281.05132695285,24.9840966124684,3.79699976632657
535.109817290931,391.435309979361,3.46614365198644
75.4753430173782,66.5961274812963,5.24194931391947
0.375070291132534,76.1119626734105,3.51968808568711
591.079006450184,224.664853735727,4.10718706925584
446.281382123135,455.284578398694,4.73261095958648
660.209682418371,372.629714578933,3.22030733948971
109.433673587782,487.970043300764,4.33408317399796
626.798622647523,89.1820808939154,4.05447540648247
419.555311942176,255.9517049217,3.76116104386508
10.7865402633193,181.096821035131,3.14055408778064
84.7538426924371,91.9502067201022,4.40124664234261
594.808077492582,198.698618195244,4.1244663259599
256.249153310323,223.247816953259,3.64089613144786
583.143980472444,432.114444935037,3.95323811175381
299.6130458957,134.868451275188,3.70486248040313
527.836281382845,461.222008550352,3.51622545505609
42.1948372674243,419.895514867114,3.87771576055028
202.945602496138,289.402650337283,3.70174491766257
541.717743569516,266.449304314262,3.879482254417
182.108088482717,20.5507745727043,4.04053611060566
494.858177209808,350.271796553431,4.48664238930011
30.9726793118153,39.2108166260704,3.89167470301792
538.053094161713,142.60871373885,4.09042272920309
NA,NA,NA
658.091940049289,331.9085355027,3.53255994578419
453.902587867971,298.856760169588,3.84279380786467
9.02553258229469,496.136819100497,3.55572502709257
562.819765019144,50.8262250952648,4.14768388293402
73.4050136084658,374.941373950556,3.87328572038031
228.433214816595,414.871369256002,3.8531435328417
428.101157084182,14.0121125250372,3.10498977961321
362.291663610211,294.865718309438,2.99108708739103
604.416376795446,105.690987010693,4.0961122013435
391.323111290315,228.675598601918,4.15547054333425
562.322401530048,405.359776169264,4.7265166783138
138.002248179814,286.268183664687,4.57615869224209
198.221185442048,365.124733623972,4.06042170633493
126.309362565785,411.587454293763,3.45664599005742
623.792735315115,314.157830748425,4.49987688639976
3.70473638807356,146.026111201774,4.26239955957563
544.659898114985,203.698692295066,4.27668849612469
33.9452240987947,489.945812630892,2.9790753002325
281.05132695285,24.9840966124684,3.79699976632657
535.109817290931,391.435309979361,3.46614365198644
75.4753430173782,66.5961274812963,5.24194931391947
0.375070291132534,76.1119626734105,3.51968808568711
591.079006450184,224.664853735727,4.10718706925584
446.281382123135,455.284578398694,4.73261095958648
660.209682418371,372.629714578933,3.22030733948971
109.433673587782,487.970043300764,4.33408317399796
626.798622647523,89.1820808939154,4.05447540648247
419.555311942176,255.9517049217,3.76116104386508
10.7865402633193,181.096821035131,3.14055408778064
84.7538426924371,91.9502067201022,4.40124664234261
594.808077492582,198.698618195244,4.1244663259599
256.249153310323,223.247816953259,3.64089613144786
583.143980472444,432.114444935037,3.95323811175381
299.6130458957,134.868451275188,3.70486248040313
527.836281382845,461.222008550352,3.51622545505609
42.1948372674243,419.895514867114,3.87771576055028
202.945602496138,289.402650337283,3.70174491766257
541.717743569516,266.449304314262,3.879482254417
182.108088482717,20.5507745727043,4.04053611060566
494.858177209808,350.271796553431,4.48664238930011
30.9726793118153,39.2108166260704,3.89167470301792
538.053094161713,142.60871373885,4.09042272920309
NA,NA,NA
658.091940049289,331.9085355027,3.53255994578419
453.902587867971,298.856760169588,3.84279380786467
9.02553258229469,496.136819100497,3.55572502709257
562.819765019144,50.8262250952648,4.14768388293402
73.4050136084658,374.941373950556,3.87328572038031
228.433214816595,414.871369256002,3.8531435328417
428.101157084182,14.0121125250372,3.10498977961321
362.291663610211,294.865718309438,2.99108708739103
604.416376795446,105.690987010693,4.0961122013435
391.323111290315,228.675598601918,4.15547054333425
562.322401530048,405.359776169264,4.7265166783138
138.002248179814,286.268183664687,4.57615869224209
198.221185442048,365.124733623972,4.06042170633493
126.309362565785,411.587454293763,3.45664599005742
623.792735315115,314.157830748425,4.49987688639976
3.70473638807356,146.026111201774,4.26239955957563
544.659898114985,203.698692295066,4.27668849612469
33.9452240987947,489.945812630892,2.9790753002325
281.05132695285,24.9840966124684,3.79699976632657
535.109817290931,391.435309979361,3.46614365198644
75.4753430173782,66.5961274812963,5.24194931391947
0.375070291132534,76.1119626734105,3.51968808568711
591.079006450184,224.664853735727,4.10718706925584
446.281382123135,455.284578398694,4.73261095958648
660.209682418371,372.629714578933,3.22030733948971
109.433673587782,487.970043300764,4.33408317399796
626.798622647523,89.1820808939154,4.05447540648247
419.555311942176,255.9517049217,3.76116104386508
10.7865402633193,181.096821035131,3.14055408778064
84.7538426924371,91.9502067201022,4.40124664234261
594.808077492582,198.698618195244,4.1244663259599
256.249153310323,223.247816953259,3.64089613144786
583.143980472444,432.114444935037,3.95323811175381
299.6130458957,134.868451275188,3.70486248040313
527.836281382845,461.222008550352,3.51622545505609
42.1948372674243,419.895514867114,3.87771576055028
202.945602496138,289.402650337283,3.70174491766257
541.717743569516,266.449304314262,3.879482254417
182.108088482717,20.5507745727043,4.04053611060566
494.858177209808,350.271796553431,4.48664238930011
30.9726793118153,39.2108166260704,3.89167470301792
538.053094161713,142.60871373885,4.09042272920309
NA,NA,NA
661.495119390313,335.413853728725,3.59475843832313
455.817644513132,293.814583360731,3.6630311668267
6.03768647356715,493.460607967956,3.69273806791643
561.411037915214,47.4326255348615,4.19596849685657
71.7986614996405,374.533763485243,3.95157936020346
225.626569173437,414.728153912479,4.00479610971322
428.70505304797,10.6617772284703,3.14028659469263
363.259183064891,293.189345808686,3.11667702685007
601.084964937394,109.79435341837,4.14613990000601
391.73594590489,232.250230817073,4.18430196057042
569.712749460848,405.057324777204,4.77255808484861
144.036111437251,284.384659016748,4.57732038790435
197.774212874179,367.864828391213,3.91379264893438
123.753794442291,410.200753853176,3.40778003678205
627.700055813166,313.614479771847,4.59479074949489
2.42269806082694,148.34191286616,4.26790161027309
541.477587930553,198.112575508482,4.13326803799241
34.6359979452931,491.616658902921,2.96954504550962
277.906460261262,23.6077841061724,3.86713986108641
533.672219034953,389.360326787683,3.3510179902172
73.6145228061975,81.3915397258071,5.31514543089674
5.54640369749135,75.8031921137406,3.52732417547599
588.269914003678,222.186983284595,3.99578313904739
439.866446036153,461.251058206033,4.75879378613009
657.19549072035,373.24769918057,3.23423419955703
101.521213290843,487.477745631849,4.40434947051424
624.327332049632,93.6078757826525,4.10052201132275
421.266474391754,258.99332860789,3.72372042997838
11.2291841835645,181.351874484971,3.23278844486306
66.3441564359476,118.575032078582,4.57588291996771
609.004147915026,197.057471066991,4.52976351099723
248.870164180388,220.734519545948,3.6725240273013
573.694339515839,435.500322911754,3.62626417970155
303.134965824173,131.982019365217,3.83654502349837
519.079357914864,458.246319435692,3.62748920874039
45.8434407311914,425.150263972655,4.02349670882629
195.174380456813,284.099362637489,4.00840672874148
542.959040794451,264.91295845085,3.64078713314928
173.303895241324,33.240510124421,4.23965059667729
502.977273956652,355.042074482223,4.72065510098559
32.783633054909,53.4576210515581,3.90359849745129
549.61806776085,157.42100326288,4.57986212310744
NA,NA,NA
661.495119390313,335.413853728725,3.59475843832313
455.817644513132,293.814583360731,3.6630311668267
6.03768647356715,493.460607967956,3.69273806791643
561.411037915214,47.4326255348615,4.19596849685657
71.7986614996405,374.533763485243,3.95157936020346
225.626569173437,414.728153912479,4.00479610971322
428.70505304797,10.6617772284703,3.14028659469263
363.259183064891,293.189345808686,3.11667702685007
601.084964937394,109.79435341837,4.14613990000601
391.73594590489,232.250230817073,4.18430196057042
569.712749460848,405.057324777204,4.77255808484861
144.036111437251,284.384659016748,4.57732038790435
197.774212874179,367.864828391213,3.91379264893438
123.753794442291,410.200753853176,3.40778003678205
627.700055813166,313.614479771847,4.59479074949489
2.42269806082694,148.34191286616,4.26790161027309
541.477587930553,198.112575508482,4.13326803799241
34.6359979452931,491.616658902921,2.96954504550962
277.906460261262,23.6077841061724,3.86713986108641
533.672219034953,389.360326787683,3.3510179902172
73.6145228061975,81.3915397258071,5.31514543089674
5.54640369749135,75.8031921137406,3.52732417547599
588.269914003678,222.186983284595,3.99578313904739
439.866446036153,461.251058206033,4.75879378613009
657.19549072035,373.24769918057,3.23423419955703
101.521213290843,487.477745631849,4.40434947051424
624.327332049632,93.6078757826525,4.10052201132275
421.266474391754,258.99332860789,3.72372042997838
11.2291841835645,181.351874484971,3.23278844486306
66.3441564359476,118.575032078582,4.57588291996771
609.004147915026,197.057471066991,4.52976351099723
248.870164180388,220.734519545948,3.6725240273013
573.694339515839,435.500322911754,3.62626417970155
303.134965824173,131.982019365217,3.83654502349837
519.079357914864,458.246319435692,3.62748920874039
45.8434407311914,425.150263972655,4.02349670882629
195.174380456813,284.099362637489,4.00840672874148
542.959040794451,264.91295845085,3.64078713314928
173.303895241324,33.240510124421,4.23965059667729
502.977273956652,355.042074482223,4.72065510098559
32.783633054909,53.4576210515581,3.90359849745129
549.61806776085,157.42100326288,4.57986212310744
NA,NA,NA
661.495119390313,335.413853728725,3.59475843832313
455.817644513132,293.814583360731,3.6630311668267
6.03768647356715,493.460607967956,3.69273806791643
561.411037915214,47.4326255348615,4.19596849685657
71.7986614996405,374.533763485243,3.95157936020346
225.626569173437,414.728153912479,4.00479610971322
428.70505304797,10.6617772284703,3.14028659469263
363.259183064891,293.189345808686,3.11667702685007
601.084964937394,109.79435341837,4.14613990000601
391.73594590489,232.250230817073,4.18430196057042
569.712749460848,405.057324777204,4.77255808484861
144.036111437251,284.384659016748,4.57732038790435
197.774212874179,367.864828391213,3.91379264893438
123.753794442291,410.200753853176,3.40778003678205
627.700055813166,313.614479771847,4.59479074949489
2.42269806082694,148.34191286616,4.26790161027309
541.477587930553,198.112575508482,4.13326803799241
34.6359979452931,491.616658902921,2.96954504550962
277.906460261262,23.6077841061724,3.86713986108641
533.672219034953,389.360326787683,3.3510179902172
73.6145228061975,81.3915397258071,5.31514543089674
5.54640369749135,75.8031921137406,3.52732417547599
588.269914003678,222.186983284595,3.99578313904739
439.866446036153,461.251058206033,4.75879378613009
657.19549072035,373.24769918057,3.23423419955703
101.521213290843,487.477745631849,4.40434947051424
624.327332049632,93.6078757826525,4.10052201132275
421.266474391754,258.99332860789,3.72372042997838
11.2291841835645,181.351874484971,3.23278844486306
66.3441564359476,118.575032078582,4.57588291996771
609.004147915026,197.057471066991,4.52976351099723
248.870164180388,220.734519545948,3.6725240273013
573.694339515839,435.500322911754,3.62626417970155
303.134965824173,131.982019365217,3.83654502349837
519.079357914864,458.246319435692,3.62748920874039
45.8434407311914,425.150263972655,4.02349670882629
195.174380456813,284.099362637489,4.00840672874148
542.959040794451,264.91295845085,3.64078713314928
173.303895241324,33.240510124421,4.23965059667729
502.977273956652,355.042074482223,4.72065510098559
32.783633054909,53.4576210515581,3.90359849745129
549.61806776085,157.42100326288,4.57986212310744
NA,NA,NA
661.495119390313,335.413853728725,3.59475843832313
455.817644513132,293.814583360731,3.6630311668267
6.03768647356715,493.460607967956,3.69273806791643
561.411037915214,47.4326255348615,4.19596849685657
71.7986614996405,374.533763485243,3.95157936020346
225.626569173437,414.728153912479,4.00479610971322
428.70505304797,10.6617772284703,3.14028659469263
363.259183064891,293.189345808686,3.11667702685007
601.084964937394,109.79435341837,4.14613990000601
391.73594590489,232.250230817073,4.18430196057042
569.712749460848,405.057324777204,4.77255808484861
144.036111437251,284.384659016748,4.57732038790435
197.774212874179,367.864828391213,3.91379264893438
123.753794442291,410.200753853176,3.40778003678205
627.700055813166,313.614479771847,4.59479074949489
2.42269806082694,148.34191286616,4.26790161027309
541.477587930553,198.112575508482,4.13326803799241
34.6359979452931,491.616658902921,2.96954504550962
277.906460261262,23.6077841061724,3.86713986108641
533.672219034953,389.360326787683,3.3510179902172
73.6145228061975,81.3915397258071,5.31514543089674
5.54640369749135,75.8031921137406,3.52732417547599
588.269914003678,222.186983284595,3.99578313904739
439.866446036153,461.251058206033,4.75879378613009
657.19549072035,373.24769918057,3.23423419955703
101.521213290843,487.477745631849,4.40434947051424
624.327332049632,93.6078757826525,4.10052201132275
421.266474391754,258.99332860789,3.72372042997838
11.2291841835645,181.351874484971,3.23278844486306
66.3441564359476,118.575032078582,4.57588291996771
609.004147915026,197.057471066991,4.52976351099723
248.870164180388,220.734519545948,3.6725240273013
573.694339515839,435.500322911754,3.62626417970155
303.134965824173,131.982019365217,3.83654502349837
519.079357914864,458.246319435692,3.62748920874039
45.8434407311914,425.150263972655,4.02349670882629
195.174380456813,284.099362637489,4.00840672874148
542.959040794451,264.91295845085,3.64078713314928
173.303895241324,33.240510124421,4.23965059667729
502.977273956652,355.042074482223,4.72065510098559
32.783633054909,53.4576210515581,3.90359849745129
549.61806776085,157.42100326288,4.57986212310744
NA,NA,NA
661.495119390313,335.413853728725,3.59475843832313
455.817644513132,293.814583360731,3.6630311668267
6.03768647356715,493.460607967956,3.69273806791643
561.411037915214,47.4326255348615,4.19596849685657
71.7986614996405,374.533763485243,3.95157936020346
225.626569173437,414.728153912479,4.00479610971322
428.70505304797,10.6617772284703,3.14028659469263
363.259183064891,293.189345808686,3.11667702685007
601.084964937394,109.79435341837,4.14613990000601
391.73594590489,232.250230817073,4.18430196057042
569.712749460848,405.057324777204,4.77255808484861
144.036111437251,284.384659016748,4.57732038790435
197.774212874179,367.864828391213,3.91379264893438
123.753794442291,410.200753853176,3.40778003678205
627.700055813166,313.614479771847,4.59479074949489
2.42269806082694,148.34191286616,4.26790161027309
541.477587930553,198.112575508482,4.13326803799241
34.6359979452931,491.616658902921,2.96954504550962
277.906460261262,23.6077841061724,3.86713986108641
533.672219034953,389.360326787683,3.3510179902172
73.6145228061975,81.3915397258071,5.31514543089674
5.54640369749135,75.8031921137406,3.52732417547599
588.269914003678,222.186983284595,3.99578313904739
439.866446036153,461.251058206033,4.75879378613009
657.19549072035,373.24769918057,3.23423419955703
101.521213290843,487.477745631849,4.40434947051424
624.327332049632,93.6078757826525,4.10052201132275
421.266474391754,258.99332860789,3.72372042997838
11.2291841835645,181.351874484971,3.23278844486306
66.3441564359476,118.575032078582,4.57588291996771
609.004147915026,197.057471066991,4.52976351099723
248.870164180388,220.734519545948,3.6725240273013
573.694339515839,435.500322911754,3.62626417970155
303.134965824173,131.982019365217,3.83654502349837
519.079357914864,458.246319435692,3.62748920874039
45.8434407311914,425.150263972655,4.02349670882629
195.174380456813,284.099362637489,4.00840672874148
542.959040794451,264.91295845085,3.64078713314928
173.303895241324,33.240510124421,4.23965059667729
502.977273956652,355.042074482223,4.72065510098559
32.783633054909,53.4576210515581,3.90359849745129
549.61806776085,157.42100326288,4.57986212310744
NA,NA,NA
661.495119390313,335.413853728725,3.59475843832313
455.817644513132,293.814583360731,3.6630311668267
6.03768647356715,493.460607967956,3.69273806791643
561.411037915214,47.4326255348615,4.19596849685657
71.7986614996405,374.533763485243,3.95157936020346
225.626569173437,414.728153912479,4.00479610971322
428.70505304797,10.6617772284703,3.14028659469263
363.259183064891,293.189345808686,3.11667702685007
601.084964937394,109.79435341837,4.14613990000601
391.73594590489,232.250230817073,4.18430196057042
569.712749460848,405.057324777204,4.77255808484861
144.036111437251,284.384659016748,4.57732038790435
197.774212874179,367.864828391213,3.91379264893438
123.753794442291,410.200753853176,3.40778003678205
627.700055813166,313.614479771847,4.59479074949489
2.42269806082694,148.34191286616,4.26790161027309
541.477587930553,198.112575508482,4.13326803799241
34.6359979452931,491.616658902921,2.96954504550962
277.906460261262,23.6077841061724,3.86713986108641
533.672219034953,389.360326787683,3.3510179902172
73.6145228061975,81.3915397258071,5.31514543089674
5.54640369749135,75.8031921137406,3.52732417547599
588.269914003678,222.186983284595,3.99578313904739
439.866446036153,461.251058206033,4.75879378613009
657.19549072035,373.24769918057,3.23423419955703
101.521213290843,487.477745631849,4.40434947051424
624.327332049632,93.6078757826525,4.10052201132275
421.266474391754,258.99332860789,3.72372042997838
11.2291841835645,181.351874484971,3.23278844486306
66.3441564359476,118.575032078582,4.57588291996771
609.004147915026,197.057471066991,4.52976351099723
248.870164180388,220.734519545948,3.6725240273013
573.694339515839,435.500322911754,3.62626417970155
303.134965824173,131.982019365217,3.83654502349837
519.079357914864,458.246319435692,3.62748920874039
45.8434407311914,425.150263972655,4.02349670882629
195.174380456813,284.099362637489,4.00840672874148
542.959040794451,264.91295845085,3.64078713314928
173.303895241324,33.240510124421,4.23965059667729
502.977273956652,355.042074482223,4.72065510098559
32.783633054909,53.4576210515581,3.90359849745129
549.61806776085,157.42100326288,4.57986212310744
NA,NA,NA
662.014643667714,335.245560631637,3.59215491633809
458.2772885563,301.738540196955,3.68468263592249
11.352983677604,494.445333109232,3.553648644002
562.188010211202,52.2136805188923,4.15813605252974
75.0384414849296,375.873396796218,3.876596003185
230.749388694706,410.89704519941,3.94592157147353
428.749623877815,13.4223060879,3.29919896085539
364.643799080926,291.979831051307,3.01345529914552
604.225350810603,99.6997235372187,4.15566618483707
392.352750232041,229.491937115566,4.15782312557265
572.217534214804,412.116824495119,4.75291854124261
144.537443914206,278.782983028774,4.65066072234073
195.420421715339,368.800795384573,3.87767939626469
125.844594289075,407.394101063615,3.42302666282073
625.735180081641,312.051868996866,4.60688233080205
-2.88038863483028,154.591041872859,4.21216828158905
541.984656473459,200.860654905905,4.13305272158529
35.5414408933419,491.478910962577,2.93903701065928
279.046879611598,23.458548869961,3.98884182025524
533.275458199616,388.204395439754,3.3129233243427
79.7720217834206,70.6631154293575,5.21301394910965
6.33409856082731,76.1160512587951,3.53128372180415
587.967253514555,223.813939925019,3.9030503558139
439.685384809799,460.846590773733,4.79721799635479
656.620711583109,373.457151472228,2.95026980072972
104.624754156155,488.660682995597,4.36850555115445
622.582597598931,91.4899685480624,4.03216814975448
422.782334304183,256.341480092498,3.65380418114419
12.8165669210531,182.106614609058,3.28562278959563
73.4563779288369,124.059793294307,4.35780383990842
606.739818147263,205.212251196424,4.03756408618375
256.885477553133,216.069463493783,3.68550773666608
575.910891778071,439.776307195086,3.57383281395244
297.384777632014,141.883974926686,3.89068431640357
533.625516266428,453.407899704648,3.49274715741441
45.9068307752414,417.652269254424,3.87515762969199
199.587169778027,282.500696771615,3.77355559135675
558.58770288065,262.705322120896,3.87497783890211
176.421723284533,31.3099646164179,4.41756795360966
500.982887489146,355.634884022921,4.57230506339717
39.8075490411669,55.5754947846624,3.92967525101672
531.139212924783,142.437564648412,4.76575149030439
NA,NA,NA
662.014643667714,335.245560631637,3.59215491633809
458.2772885563,301.738540196955,3.68468263592249
11.352983677604,494.445333109232,3.553648644002
562.188010211202,52.2136805188923,4.15813605252974
75.0384414849296,375.873396796218,3.876596003185
230.749388694706,410.89704519941,3.94592157147353
428.749623877815,13.4223060879,3.29919896085539
364.643799080926,291.979831051307,3.01345529914552
604.225350810603,99.6997235372187,4.15566618483707
392.352750232041,229.491937115566,4.15782312557265
572.217534214804,412.116824495119,4.75291854124261
144.537443914206,278.782983028774,4.65066072234073
195.420421715339,368.800795384573,3.87767939626469
125.844594289075,407.394101063615,3.42302666282073
625.735180081641,312.051868996866,4.60688233080205
-2.88038863483028,154.591041872859,4.21216828158905
541.984656473459,200.860654905905,4.13305272158529
35.5414408933419,491.478910962577,2.93903701065928
279.046879611598,23.458548869961,3.98884182025524
533.275458199616,388.204395439754,3.3129233243427
79.7720217834206,70.6631154293575,5.21301394910965
6.33409856082731,76.1160512587951,3.53128372180415
587.967253514555,223.813939925019,3.9030503558139
439.685384809799,460.846590773733,4.79721799635479
656.620711583109,373.457151472228,2.95026980072972
104.624754156155,488.660682995597,4.36850555115445
622.582597598931,91.4899685480624,4.03216814975448
422.782334304183,256.341480092498,3.65380418114419
12.8165669210531,182.106614609058,3.28562278959563
73.4563779288369,124.059793294307,4.35780383990842
606.739818147263,205.212251196424,4.03756408618375
256.885477553133,216.069463493783,3.68550773666608
575.910891778071,439.776307195086,3.57383281395244
297.384777632014,141.883974926686,3.89068431640357
533.625516266428,453.407899704648,3.49274715741441
45.9068307752414,417.652269254424,3.87515762969199
199.587169778027,282.500696771615,3.77355559135675
558.58770288065,262.705322120896,3.87497783890211
176.421723284533,31.3099646164179,4.41756795360966
500.982887489146,355.634884022921,4.57230506339717
39.8075490411669,55.5754947846624,3.92967525101672
531.139212924783,142.437564648412,4.76575149030439
NA,NA,NA
662.014643667714,335.245560631637,3.59215491633809
458.2772885563,301.738540196955,3.68468263592249
11.352983677604,494.445333109232,3.553648644002
562.188010211202,52.2136805188923,4.15813605252974
75.0384414849296,375.873396796218,3.876596003185
230.749388694706,410.89704519941,3.94592157147353
428.749623877815,13.4223060879,3.29919896085539
364.643799080926,291.979831051307,3.01345529914552
604.225350810603,99.6997235372187,4.15566618483707
392.352750232041,229.491937115566,4.15782312557265
572.217534214804,412.116824495119,4.75291854124261
144.537443914206,278.782983028774,4.65066072234073
195.420421715339,368.800795384573,3.87767939626469
125.844594289075,407.394101063615,3.42302666282073
625.735180081641,312.051868996866,4.60688233080205
-2.88038863483028,154.591041872859,4.21216828158905
541.984656473459,200.860654905905,4.13305272158529
35.5414408933419,491.478910962577,2.93903701065928
279.046879611598,23.458548869961,3.98884182025524
533.275458199616,388.204395439754,3.3129233243427
79.7720217834206,70.6631154293575,5.21301394910965
6.33409856082731,76.1160512587951,3.53128372180415
587.967253514555,223.813939925019,3.9030503558139
439.685384809799,460.846590773733,4.79721799635479
656.620711583109,373.457151472228,2.95026980072972
104.624754156155,488.660682995597,4.36850555115445
622.582597598931,91.4899685480624,4.03216814975448
422.782334304183,256.341480092498,3.65380418114419
12.8165669210531,182.106614609058,3.28562278959563
73.4563779288369,124.059793294307,4.35780383990842
606.739818147263,205.212251196424,4.03756408618375
256.885477553133,216.069463493783,3.68550773666608
575.910891778071,439.776307195086,3.57383281395244
297.384777632014,141.883974926686,3.89068431640357
533.625516266428,453.407899704648,3.49274715741441
45.9068307752414,417.652269254424,3.87515762969199
199.587169778027,282.500696771615,3.77355559135675
558.58770288065,262.705322120896,3.87497783890211
176.421723284533,31.3099646164179,4.41756795360966
500.982887489146,355.634884022921,4.57230506339717
39.8075490411669,55.5754947846624,3.92967525101672
531.139212924783,142.437564648412,4.76575149030439
NA,NA,NA
662.014643667714,335.245560631637,3.59215491633809
458.2772885563,301.738540196955,3.68468263592249
11.352983677604,494.445333109232,3.553648644002
562.188010211202,52.2136805188923,4.15813605252974
75.0384414849296,375.873396796218,3.876596003185
230.749388694706,410.89704519941,3.94592157147353
428.749623877815,13.4223060879,3.29919896085539
364.643799080926,291.979831051307,3.01345529914552
604.225350810603,99.6997235372187,4.15566618483707
392.352750232041,229.491937115566,4.15782312557265
572.217534214804,412.116824495119,4.75291854124261
144.537443914206,278.782983028774,4.65066072234073
195.420421715339,368.800795384573,3.87767939626469
125.844594289075,407.394101063615,3.42302666282073
625.735180081641,312.051868996866,4.60688233080205
-2.88038863483028,154.591041872859,4.21216828158905
541.984656473459,200.860654905905,4.13305272158529
35.5414408933419,491.478910962577,2.93903701065928
279.046879611598,23.458548869961,3.98884182025524
533.275458199616,388.204395439754,3.3129233243427
79.7720217834206,70.6631154293575,5.21301394910965
6.33409856082731,76.1160512587951,3.53128372180415
587.967253514555,223.813939925019,3.9030503558139
439.685384809799,460.846590773733,4.79721799635479
656.620711583109,373.457151472228,2.95026980072972
104.624754156155,488.660682995597,4.36850555115445
622.582597598931,91.4899685480624,4.03216814975448
422.782334304183,256.341480092498,3.65380418114419
12.8165669210531,182.106614609058,3.28562278959563
73.4563779288369,124.059793294307,4.35780383990842
606.739818147263,205.212251196424,4.03756408618375
256.885477553133,216.069463493783,3.68550773666608
575.910891778071,439.776307195086,3.57383281395244
297.384777632014,141.883974926686,3.89068431640357
533.625516266428,453.407899704648,3.49274715741441
45.9068307752414,417.652269254424,3.87515762969199
199.587169778027,282.500696771615,3.77355559135675
558.58770288065,262.705322120896,3.87497783890211
176.421723284533,31.3099646164179,4.41756795360966
500.982887489146,355.634884022921,4.57230506339717
39.8075490411669,55.5754947846624,3.92967525101672
531.139212924783,142.437564648412,4.76575149030439
NA,NA,NA
662.014643667714,335.245560631637,3.59215491633809
458.2772885563,301.738540196955,3.68468263592249
11.352983677604,494.445333109232,3.553648644002
562.188010211202,52.2136805188923,4.15813605252974
75.0384414849296,375.873396796218,3.876596003185
230.749388694706,410.89704519941,3.94592157147353
428.749623877815,13.4223060879,3.29919896085539
364.643799080926,291.979831051307,3.01345529914552
604.225350810603,99.6997235372187,4.15566618483707
392.352750232041,229.491937115566,4.15782312557265
572.217534214804,412.116824495119,4.75291854124261
144.537443914206,278.782983028774,4.65066072234073
195.420421715339,368.800795384573,3.87767939626469
125.844594289075,407.394101063615,3.42302666282073
625.735180081641,312.051868996866,4.60688233080205
-2.88038863483028,154.591041872859,4.21216828158905
541.984656473459,200.860654905905,4.13305272158529
35.5414408933419,491.478910962577,2.93903701065928
279.046879611598,23.458548869961,3.98884182025524
533.275458199616,388.204395439754,3.3129233243427
79.7720217834206,70.6631154293575,5.21301394910965
6.33409856082731,76.1160512587951,3.53128372180415
587.967253514555,223.813939925019,3.9030503558139
439.685384809799,460.846590773733,4.79721799635479
656.620711583109,373.457151472228,2.95026980072972
104.624754156155,488.660682995597,4.36850555115445
622.582597598931,91.4899685480624,4.03216814975448
422.782334304183,256.341480092498,3.65380418114419
12.8165669210531,182.106614609058,3.28562278959563
73.4563779288369,124.059793294307,4.35780383990842
606.739818147263,205.212251196424,4.03756408618375
256.885477553133,216.069463493783,3.68550773666608
575.910891778071,439.776307195086,3.57383281395244
297.384777632014,141.883974926686,3.89068431640357
533.625516266428,453.407899704648,3.49274715741441
45.9068307752414,417.652269254424,3.87515762969199
199.587169778027,282.500696771615,3.77355559135675
558.58770288065,262.705322120896,3.87497783890211
176.421723284533,31.3099646164179,4.41756795360966
500.982887489146,355.634884022921,4.57230506339717
39.8075490411669,55.5754947846624,3.92967525101672
531.139212924783,142.437564648412,4.76575149030439
NA,NA,NA
662.014643667714,335.245560631637,3.59215491633809
458.2772885563,301.738540196955,3.68468263592249
11.352983677604,494.445333109232,3.553648644002
562.188010211202,52.2136805188923,4.15813605252974
75.0384414849296,375.873396796218,3.876596003185
230.749388694706,410.89704519941,3.94592157147353
428.749623877815,13.4223060879,3.29919896085539
364.643799080926,291.979831051307,3.01345529914552
604.225350810603,99.6997235372187,4.15566618483707
392.352750232041,229.491937115566,4.15782312557265
572.217534214804,412.116824495119,4.75291854124261
144.537443914206,278.782983028774,4.65066072234073
195.420421715339,368.800795384573,3.87767939626469
125.844594289075,407.394101063615,3.42302666282073
625.735180081641,312.051868996866,4.60688233080205
-2.88038863483028,154.591041872859,4.21216828158905
541.984656473459,200.860654905905,4.13305272158529
35.5414408933419,491.478910962577,2.93903701065928
279.046879611598,23.458548869961,3.98884182025524
533.275458199616,388.204395439754,3.3129233243427
79.7720217834206,70.6631154293575,5.21301394910965
6.33409856082731,76.1160512587951,3.53128372180415
587.967253514555,223.813939925019,3.9030503558139
439.685384809799,460.846590773733,4.79721799635479
656.620711583109,373.457151472228,2.95026980072972
104.624754156155,488.660682995597,4.36850555115445
622.582597598931,91.4899685480624,4.03216814975448
422.782334304183,256.341480092498,3.65380418114419
12.8165669210531,182.106614609058,3.28562278959563
73.4563779288369,124.059793294307,4.35780383990842
606.739818147263,205.212251196424,4.03756408618375
256.885477553133,216.069463493783,3.68550773666608
575.910891778071,439.776307195086,3.57383281395244
297.384777632014,141.883974926686,3.89068431640357
533.625516266428,453.407899704648,3.49274715741441
45.9068307752414,417.652269254424,3.87515762969199
199.587169778027,282.500696771615,3.77355559135675
558.58770288065,262.705322120896,3.87497783890211
176.421723284533,31.3099646164179,4.41756795360966
500.982887489146,355.634884022921,4.57230506339717
39.8075490411669,55.5754947846624,3.92967525101672
531.139212924783,142.437564648412,4.76575149030439
NA,NA,NA
662.703973705843,333.735799320424,3.4891672548984
455.684831703573,299.544781831841,3.5909688643055
16.7230426276627,494.353634891016,3.57513885954293
562.071893369004,56.6129505576788,4.18083784897086
73.5477866067521,380.476356399786,3.92619238200134
227.733952699225,416.261856314407,3.93078615288117
426.793790460541,15.3180465712026,3.13123177510992
363.621831207916,293.606618954089,2.88155228599876
602.704306707333,105.137839019291,4.25038824303068
390.542029562146,230.389375394676,4.240153135051
570.436491240955,405.259043791639,4.83464939567458
147.219324175567,290.389806551266,4.45055880521645
196.607042727298,370.763322980696,4.10031570801026
123.682274200249,411.915442316913,3.32498556550161
622.104203063758,313.286994623063,4.63438488912644
5.94153687320681,145.484411906867,4.23275823337941
540.42676956816,203.921388617799,4.2011319712191
33.988260263219,493.320028144443,3.04256469447923
280.236093398835,23.2813571443217,3.94838861624324
534.948505219796,389.548058945949,3.40241612232353
68.4849875483135,73.0195088143145,5.29383219224779
5.43044482464795,77.0465139594594,3.55298924196185
587.788351529128,226.301670680222,4.03215215537874
448.763062033973,461.925132489055,4.80186153409543
660.004722959501,373.773191897107,3.38222375583427
102.136624111691,486.261167942151,4.390882424452
623.625654875363,93.2834927830899,4.14328072804132
418.199248709066,258.459338116532,3.5669518403776
12.3718110659681,185.079475272446,3.25113210489616
73.0052456692095,126.517202719924,4.4891011384304
613.112717697985,206.98486881408,4.30197476157148
257.738725512299,217.048610754067,3.7077150103617
583.521657856093,440.077359499896,3.94054607079667
298.860562595703,137.890833787849,3.82302771640628
529.957898048272,460.604688710666,3.41055225008075
59.5101797684918,427.576020233473,4.05174241564543
202.398139607407,277.245801154441,4.03612150666016
554.040996622477,261.633050752049,3.903976937121
167.636011365366,14.5136343389451,4.20954596213833
504.020472341687,356.124504538531,4.52086071603576
43.0069934265197,49.2653934457713,3.97004990120477
544.526624433334,143.203780407464,4.64514656215456
NA,NA,NA
662.703973705843,333.735799320424,3.4891672548984
455.684831703573,299.544781831841,3.5909688643055
16.7230426276627,494.353634891016,3.57513885954293
562.071893369004,56.6129505576788,4.18083784897086
73.5477866067521,380.476356399786,3.92619238200134
227.733952699225,416.261856314407,3.93078615288117
426.793790460541,15.3180465712026,3.13123177510992
363.621831207916,293.606618954089,2.88155228599876
602.704306707333,105.137839019291,4.25038824303068
390.542029562146,230.389375394676,4.240153135051
570.436491240955,405.259043791639,4.83464939567458
147.219324175567,290.389806551266,4.45055880521645
196.607042727298,370.763322980696,4.10031570801026
123.682274200249,411.915442316913,3.32498556550161
622.104203063758,313.286994623063,4.63438488912644
5.94153687320681,145.484411906867,4.23275823337941
540.42676956816,203.921388617799,4.2011319712191
33.988260263219,493.320028144443,3.04256469447923
280.236093398835,23.2813571443217,3.94838861624324
534.948505219796,389.548058945949,3.40241612232353
68.4849875483135,73.0195088143145,5.29383219224779
5.43044482464795,77.0465139594594,3.55298924196185
587.788351529128,226.301670680222,4.03215215537874
448.763062033973,461.925132489055,4.80186153409543
660.004722959501,373.773191897107,3.38222375583427
102.136624111691,486.261167942151,4.390882424452
623.625654875363,93.2834927830899,4.14328072804132
418.199248709066,258.459338116532,3.5669518403776
12.3718110659681,185.079475272446,3.25113210489616
73.0052456692095,126.517202719924,4.4891011384304
613.112717697985,206.98486881408,4.30197476157148
257.738725512299,217.048610754067,3.7077150103617
583.521657856093,440.077359499896,3.94054607079667
298.860562595703,137.890833787849,3.82302771640628
529.957898048272,460.604688710666,3.41055225008075
59.5101797684918,427.576020233473,4.05174241564543
202.398139607407,277.245801154441,4.03612150666016
554.040996622477,261.633050752049,3.903976937121
167.636011365366,14.5136343389451,4.20954596213833
504.020472341687,356.124504538531,4.52086071603576
43.0069934265197,49.2653934457713,3.97004990120477
544.526624433334,143.203780407464,4.64514656215456
NA,NA,NA
662.703973705843,333.735799320424,3.4891672548984
455.684831703573,299.544781831841,3.5909688643055
16.7230426276627,494.353634891016,3.57513885954293
562.071893369004,56.6129505576788,4.18083784897086
73.5477866067521,380.476356399786,3.92619238200134
227.733952699225,416.261856314407,3.93078615288117
426.793790460541,15.3180465712026,3.13123177510992
363.621831207916,293.606618954089,2.88155228599876
602.704306707333,105.137839019291,4.25038824303068
390.542029562146,230.389375394676,4.240153135051
570.436491240955,405.259043791639,4.83464939567458
147.219324175567,290.389806551266,4.45055880521645
196.607042727298,370.763322980696,4.10031570801026
123.682274200249,411.915442316913,3.32498556550161
622.104203063758,313.286994623063,4.63438488912644
5.94153687320681,145.484411906867,4.23275823337941
540.42676956816,203.921388617799,4.2011319712191
33.988260263219,493.320028144443,3.04256469447923
280.236093398835,23.2813571443217,3.94838861624324
534.948505219796,389.548058945949,3.40241612232353
68.4849875483135,73.0195088143145,5.29383219224779
5.43044482464795,77.0465139594594,3.55298924196185
587.788351529128,226.301670680222,4.03215215537874
448.763062033973,461.925132489055,4.80186153409543
660.004722959501,373.773191897107,3.38222375583427
102.136624111691,486.261167942151,4.390882424452
623.625654875363,93.2834927830899,4.14328072804132
418.199248709066,258.459338116532,3.5669518403776
12.3718110659681,185.079475272446,3.25113210489616
73.0052456692095,126.517202719924,4.4891011384304
613.112717697985,206.98486881408,4.30197476157148
257.738725512299,217.048610754067,3.7077150103617
583.521657856093,440.077359499896,3.94054607079667
298.860562595703,137.890833787849,3.82302771640628
529.957898048272,460.604688710666,3.41055225008075
59.5101797684918,427.576020233473,4.05174241564543
202.398139607407,277.245801154441,4.03612150666016
554.040996622477,261.633050752049,3.903976937121
167.636011365366,14.5136343389451,4.20954596213833
504.020472341687,356.124504538531,4.52086071603576
43.0069934265197,49.2653934457713,3.97004990120477
544.526624433334,143.203780407464,4.64514656215456
NA,NA,NA
662.703973705843,333.735799320424,3.4891672548984
455.684831703573,299.544781831841,3.5909688643055
16.7230426276627,494.353634891016,3.57513885954293
562.071893369004,56.6129505576788,4.18083784897086
73.5477866067521,380.476356399786,3.92619238200134
227.733952699225,416.261856314407,3.93078615288117
426.793790460541,15.3180465712026,3.13123177510992
363.621831207916,293.606618954089,2.88155228599876
602.704306707333,105.137839019291,4.25038824303068
390.542029562146,230.389375394676,4.240153135051
570.436491240955,405.259043791639,4.83464939567458
147.219324175567,290.389806551266,4.45055880521645
196.607042727298,370.763322980696,4.10031570801026
123.682274200249,411.915442316913,3.32498556550161
622.104203063758,313.286994623063,4.63438488912644
5.94153687320681,145.484411906867,4.23275823337941
540.42676956816,203.921388617799,4.2011319712191
33.988260263219,493.320028144443,3.04256469447923
280.236093398835,23.2813571443217,3.94838861624324
534.948505219796,389.548058945949,3.40241612232353
68.4849875483135,73.0195088143145,5.29383219224779
5.43044482464795,77.0465139594594,3.55298924196185
587.788351529128,226.301670680222,4.03215215537874
448.763062033973,461.925132489055,4.80186153409543
660.004722959501,373.773191897107,3.38222375583427
102.136624111691,486.261167942151,4.390882424452
623.625654875363,93.2834927830899,4.14328072804132
418.199248709066,258.459338116532,3.5669518403776
12.3718110659681,185.079475272446,3.25113210489616
73.0052456692095,126.517202719924,4.4891011384304
613.112717697985,206.98486881408,4.30197476157148
257.738725512299,217.048610754067,3.7077150103617
583.521657856093,440.077359499896,3.94054607079667
298.860562595703,137.890833787849,3.82302771640628
529.957898048272,460.604688710666,3.41055225008075
59.5101797684918,427.576020233473,4.05174241564543
202.398139607407,277.245801154441,4.03612150666016
554.040996622477,261.633050752049,3.903976937121
167.636011365366,14.5136343389451,4.20954596213833
504.020472341687,356.124504538531,4.52086071603576
43.0069934265197,49.2653934457713,3.97004990120477
544.526624433334,143.203780407464,4.64514656215456
NA,NA,NA
662.703973705843,333.735799320424,3.4891672548984
455.684831703573,299.544781831841,3.5909688643055
16.7230426276627,494.353634891016,3.57513885954293
562.071893369004,56.6129505576788,4.18083784897086
73.5477866067521,380.476356399786,3.92619238200134
227.733952699225,416.261856314407,3.93078615288117
426.793790460541,15.3180465712026,3.13123177510992
363.621831207916,293.606618954089,2.88155228599876
602.704306707333,105.137839019291,4.25038824303068
390.542029562146,230.389375394676,4.240153135051
570.436491240955,405.259043791639,4.83464939567458
147.219324175567,290.389806551266,4.45055880521645
196.607042727298,370.763322980696,4.10031570801026
123.682274200249,411.915442316913,3.32498556550161
622.104203063758,313.286994623063,4.63438488912644
5.94153687320681,145.484411906867,4.23275823337941
540.42676956816,203.921388617799,4.2011319712191
33.988260263219,493.320028144443,3.04256469447923
280.236093398835,23.2813571443217,3.94838861624324
534.948505219796,389.548058945949,3.40241612232353
68.4849875483135,73.0195088143145,5.29383219224779
5.43044482464795,77.0465139594594,3.55298924196185
587.788351529128,226.301670680222,4.03215215537874
448.763062033973,461.925132489055,4.80186153409543
660.004722959501,373.773191897107,3.38222375583427
102.136624111691,486.261167942151,4.390882424452
623.625654875363,93.2834927830899,4.14328072804132
418.199248709066,258.459338116532,3.5669518403776
12.3718110659681,185.079475272446,3.25113210489616
73.0052456692095,126.517202719924,4.4891011384304
613.112717697985,206.98486881408,4.30197476157148
257.738725512299,217.048610754067,3.7077150103617
583.521657856093,440.077359499896,3.94054607079667
298.860562595703,137.890833787849,3.82302771640628
529.957898048272,460.604688710666,3.41055225008075
59.5101797684918,427.576020233473,4.05174241564543
202.398139607407,277.245801154441,4.03612150666016
554.040996622477,261.633050752049,3.903976937121
167.636011365366,14.5136343389451,4.20954596213833
504.020472341687,356.124504538531,4.52086071603576
43.0069934265197,49.2653934457713,3.97004990120477
544.526624433334,143.203780407464,4.64514656215456
NA,NA,NA
662.703973705843,333.735799320424,3.4891672548984
455.684831703573,299.544781831841,3.5909688643055
16.7230426276627,494.353634891016,3.57513885954293
562.071893369004,56.6129505576788,4.18083784897086
73.5477866067521,380.476356399786,3.92619238200134
227.733952699225,416.261856314407,3.93078615288117
426.793790460541,15.3180465712026,3.13123177510992
363.621831207916,293.606618954089,2.88155228599876
602.704306707333,105.137839019291,4.25038824303068
390.542029562146,230.389375394676,4.240153135051
570.436491240955,405.259043791639,4.83464939567458
147.219324175567,290.389806551266,4.45055880521645
196.607042727298,370.763322980696,4.10031570801026
123.682274200249,411.915442316913,3.32498556550161
622.104203063758,313.286994623063,4.63438488912644
5.94153687320681,145.484411906867,4.23275823337941
540.42676956816,203.921388617799,4.2011319712191
33.988260263219,493.320028144443,3.04256469447923
280.236093398835,23.2813571443217,3.94838861624324
534.948505219796,389.548058945949,3.40241612232353
68.4849875483135,73.0195088143145,5.29383219224779
5.43044482464795,77.0465139594594,3.55298924196185
587.788351529128,226.301670680222,4.03215215537874
448.763062033973,461.925132489055,4.80186153409543
660.004722959501,373.773191897107,3.38222375583427
102.136624111691,486.261167942151,4.390882424452
623.625654875363,93.2834927830899,4.14328072804132
418.199248709066,258.459338116532,3.5669518403776
12.3718110659681,185.079475272446,3.25113210489616
73.0052456692095,126.517202719924,4.4891011384304
613.112717697985,206.98486881408,4.30197476157148
257.738725512299,217.048610754067,3.7077150103617
583.521657856093,440.077359499896,3.94054607079667
298.860562595703,137.890833787849,3.82302771640628
529.957898048272,460.604688710666,3.41055225008075
59.5101797684918,427.576020233473,4.05174241564543
202.398139607407,277.245801154441,4.03612150666016
554.040996622477,261.633050752049,3.903976937121
167.636011365366,14.5136343389451,4.20954596213833
504.020472341687,356.124504538531,4.52086071603576
43.0069934265197,49.2653934457713,3.97004990120477
544.526624433334,143.203780407464,4.64514656215456
NA,NA,NA
663.39065786892,333.052121620029,3.56610455604737
457.721036904511,299.331198387608,3.52890880077197
11.6530085749212,496.195492136074,3.60656294750535
568.099540854697,49.2310964903344,4.18078217660008
72.576980481669,373.586737618655,3.99835667237897
227.582698355205,414.285808555405,3.8620983076451
430.876273575324,13.6236573053422,3.32493808547713
361.471840389749,290.604193080409,3.05054988188214
604.3458086434,102.366935626784,4.18836310822815
394.301070041176,228.409426772624,4.18216200316451
560.575846924902,409.778082005767,4.791755638611
144.577736165943,277.437505469943,4.56893124824838
199.941077348196,368.210419423437,4.01330403871077
123.443951061151,411.463161295278,3.43624291483399
625.375135048329,316.536816032797,4.60525898068663
-1.57146017643482,150.23070264541,4.18230110644452
543.717436085425,199.430625847275,4.29143551356732
33.9529183411171,491.42933321978,3.09356288446365
278.35060816336,21.6404348454284,3.83415090219713
535.08059368776,395.370788971965,3.37998330631517
70.5379685447137,78.3321462595738,5.18091624983784
5.17008640612638,77.3971009875264,3.53541647750781
587.39386269415,224.961216447685,3.9730098442606
439.714632095543,457.461009594676,4.79264310995896
659.36432089379,375.085829493856,2.96361802477877
107.359492140245,488.228513957271,4.3072575507361
621.430964036637,89.6409404028725,4.05631057080667
416.70265185836,258.989075518014,3.68085138396533
11.9256947993266,183.175673300033,3.18596152397837
61.6245610941412,111.408482356864,4.46320110939
602.3318300076,208.13192419187,4.24183625029538
253.815980598366,216.427289712348,3.670735255811
570.54831567497,440.346756068793,3.76267401180489
303.369074055392,139.820122378512,3.88643411298998
530.799365861356,459.330857322617,3.44543530684457
38.9508871799109,414.197495674339,3.80974803075895
197.190490851147,284.095706756484,3.83217041381195
549.321796602372,264.17654159817,3.94454784656845
174.178603730601,25.0435836587933,4.55825583979099
505.574170731745,341.482135669511,4.57816561671711
35.5580611936004,44.7906060949102,3.73124358831894
541.007889051317,147.619194582303,4.60073817838192
NA,NA,NA
663.39065786892,333.052121620029,3.56610455604737
457.721036904511,299.331198387608,3.52890880077197
11.6530085749212,496.195492136074,3.60656294750535
568.099540854697,49.2310964903344,4.18078217660008
72.576980481669,373.586737618655,3.99835667237897
227.582698355205,414.285808555405,3.8620983076451
430.876273575324,13.6236573053422,3.32493808547713
361.471840389749,290.604193080409,3.05054988188214
604.3458086434,102.366935626784,4.18836310822815
394.301070041176,228.409426772624,4.18216200316451
560.575846924902,409.778082005767,4.791755638611
144.577736165943,277.437505469943,4.56893124824838
199.941077348196,368.210419423437,4.01330403871077
123.443951061151,411.463161295278,3.43624291483399
625.375135048329,316.536816032797,4.60525898068663
-1.57146017643482,150.23070264541,4.18230110644452
543.717436085425,199.430625847275,4.29143551356732
33.9529183411171,491.42933321978,3.09356288446365
278.35060816336,21.6404348454284,3.83415090219713
535.08059368776,395.370788971965,3.37998330631517
70.5379685447137,78.3321462595738,5.18091624983784
5.17008640612638,77.3971009875264,3.53541647750781
587.39386269415,224.961216447685,3.9730098442606
439.714632095543,457.461009594676,4.79264310995896
659.36432089379,375.085829493856,2.96361802477877
107.359492140245,488.228513957271,4.3072575507361
621.430964036637,89.6409404028725,4.05631057080667
416.70265185836,258.989075518014,3.68085138396533
11.9256947993266,183.175673300033,3.18596152397837
61.6245610941412,111.408482356864,4.46320110939
602.3318300076,208.13192419187,4.24183625029538
253.815980598366,216.427289712348,3.670735255811
570.54831567497,440.346756068793,3.76267401180489
303.369074055392,139.820122378512,3.88643411298998
530.799365861356,459.330857322617,3.44543530684457
38.9508871799109,414.197495674339,3.80974803075895
197.190490851147,284.095706756484,3.83217041381195
549.321796602372,264.17654159817,3.94454784656845
174.178603730601,25.0435836587933,4.55825583979099
505.574170731745,341.482135669511,4.57816561671711
35.5580611936004,44.7906060949102,3.73124358831894
541.007889051317,147.619194582303,4.60073817838192
NA,NA,NA
663.39065786892,333.052121620029,3.56610455604737
457.721036904511,299.331198387608,3.52890880077197
11.6530085749212,496.195492136074,3.60656294750535
568.099540854697,49.2310964903344,4.18078217660008
72.576980481669,373.586737618655,3.99835667237897
227.582698355205,414.285808555405,3.8620983076451
430.876273575324,13.6236573053422,3.32493808547713
361.471840389749,290.604193080409,3.05054988188214
604.3458086434,102.366935626784,4.18836310822815
394.301070041176,228.409426772624,4.18216200316451
560.575846924902,409.778082005767,4.791755638611
144.577736165943,277.437505469943,4.56893124824838
199.941077348196,368.210419423437,4.01330403871077
123.443951061151,411.463161295278,3.43624291483399
625.375135048329,316.536816032797,4.60525898068663
-1.57146017643482,150.23070264541,4.18230110644452
543.717436085425,199.430625847275,4.29143551356732
33.9529183411171,491.42933321978,3.09356288446365
278.35060816336,21.6404348454284,3.83415090219713
535.08059368776,395.370788971965,3.37998330631517
70.5379685447137,78.3321462595738,5.18091624983784
5.17008640612638,77.3971009875264,3.53541647750781
587.39386269415,224.961216447685,3.9730098442606
439.714632095543,457.461009594676,4.79264310995896
659.36432089379,375.085829493856,2.96361802477877
107.359492140245,488.228513957271,4.3072575507361
621.430964036637,89.6409404028725,4.05631057080667
416.70265185836,258.989075518014,3.68085138396533
11.9256947993266,183.175673300033,3.18596152397837
61.6245610941412,111.408482356864,4.46320110939
602.3318300076,208.13192419187,4.24183625029538
253.815980598366,216.427289712348,3.670735255811
570.54831567497,440.346756068793,3.76267401180489
303.369074055392,139.820122378512,3.88643411298998
530.799365861356,459.330857322617,3.44543530684457
38.9508871799109,414.197495674339,3.80974803075895
197.190490851147,284.095706756484,3.83217041381195
549.321796602372,264.17654159817,3.94454784656845
174.178603730601,25.0435836587933,4.55825583979099
505.574170731745,341.482135669511,4.57816561671711
35.5580611936004,44.7906060949102,3.73124358831894
541.007889051317,147.619194582303,4.60073817838192
NA,NA,NA
663.39065786892,333.052121620029,3.56610455604737
457.721036904511,299.331198387608,3.52890880077197
11.6530085749212,496.195492136074,3.60656294750535
568.099540854697,49.2310964903344,4.18078217660008
72.576980481669,373.586737618655,3.99835667237897
227.582698355205,414.285808555405,3.8620983076451
430.876273575324,13.6236573053422,3.32493808547713
361.471840389749,290.604193080409,3.05054988188214
604.3458086434,102.366935626784,4.18836310822815
394.301070041176,228.409426772624,4.18216200316451
560.575846924902,409.778082005767,4.791755638611
144.577736165943,277.437505469943,4.56893124824838
199.941077348196,368.210419423437,4.01330403871077
123.443951061151,411.463161295278,3.43624291483399
625.375135048329,316.536816032797,4.60525898068663
-1.57146017643482,150.23070264541,4.18230110644452
543.717436085425,199.430625847275,4.29143551356732
33.9529183411171,491.42933321978,3.09356288446365
278.35060816336,21.6404348454284,3.83415090219713
535.08059368776,395.370788971965,3.37998330631517
70.5379685447137,78.3321462595738,5.18091624983784
5.17008640612638,77.3971009875264,3.53541647750781
587.39386269415,224.961216447685,3.9730098442606
439.714632095543,457.461009594676,4.79264310995896
659.36432089379,375.085829493856,2.96361802477877
107.359492140245,488.228513957271,4.3072575507361
621.430964036637,89.6409404028725,4.05631057080667
416.70265185836,258.989075518014,3.68085138396533
11.9256947993266,183.175673300033,3.18596152397837
61.6245610941412,111.408482356864,4.46320110939
602.3318300076,208.13192419187,4.24183625029538
253.815980598366,216.427289712348,3.670735255811
570.54831567497,440.346756068793,3.76267401180489
303.369074055392,139.820122378512,3.88643411298998
530.799365861356,459.330857322617,3.44543530684457
38.9508871799109,414.197495674339,3.80974803075895
197.190490851147,284.095706756484,3.83217041381195
549.321796602372,264.17654159817,3.94454784656845
174.178603730601,25.0435836587933,4.55825583979099
505.574170731745,341.482135669511,4.57816561671711
35.5580611936004,44.7906060949102,3.73124358831894
541.007889051317,147.619194582303,4.60073817838192
NA,NA,NA
663.39065786892,333.052121620029,3.56610455604737
457.721036904511,299.331198387608,3.52890880077197
11.6530085749212,496.195492136074,3.60656294750535
568.099540854697,49.2310964903344,4.18078217660008
72.576980481669,373.586737618655,3.99835667237897
227.582698355205,414.285808555405,3.8620983076451
430.876273575324,13.6236573053422,3.32493808547713
361.471840389749,290.604193080409,3.05054988188214
604.3458086434,102.366935626784,4.18836310822815
394.301070041176,228.409426772624,4.18216200316451
560.575846924902,409.778082005767,4.791755638611
144.577736165943,277.437505469943,4.56893124824838
199.941077348196,368.210419423437,4.01330403871077
123.443951061151,411.463161295278,3.43624291483399
625.375135048329,316.536816032797,4.60525898068663
-1.57146017643482,150.23070264541,4.18230110644452
543.717436085425,199.430625847275,4.29143551356732
33.9529183411171,491.42933321978,3.09356288446365
278.35060816336,21.6404348454284,3.83415090219713
535.08059368776,395.370788971965,3.37998330631517
70.5379685447137,78.3321462595738,5.18091624983784
5.17008640612638,77.3971009875264,3.53541647750781
587.39386269415,224.961216447685,3.9730098442606
439.714632095543,457.461009594676,4.79264310995896
659.36432089379,375.085829493856,2.96361802477877
107.359492140245,488.228513957271,4.3072575507361
621.430964036637,89.6409404028725,4.05631057080667
416.70265185836,258.989075518014,3.68085138396533
11.9256947993266,183.175673300033,3.18596152397837
61.6245610941412,111.408482356864,4.46320110939
602.3318300076,208.13192419187,4.24183625029538
253.815980598366,216.427289712348,3.670735255811
570.54831567497,440.346756068793,3.76267401180489
303.369074055392,139.820122378512,3.88643411298998
530.799365861356,459.330857322617,3.44543530684457
38.9508871799109,414.197495674339,3.80974803075895
197.190490851147,284.095706756484,3.83217041381195
549.321796602372,264.17654159817,3.94454784656845
174.178603730601,25.0435836587933,4.55825583979099
505.574170731745,341.482135669511,4.57816561671711
35.5580611936004,44.7906060949102,3.73124358831894
541.007889051317,147.619194582303,4.60073817838192
NA,NA,NA
663.39065786892,333.052121620029,3.56610455604737
457.721036904511,299.331198387608,3.52890880077197
11.6530085749212,496.195492136074,3.60656294750535
568.099540854697,49.2310964903344,4.18078217660008
72.576980481669,373.586737618655,3.99835667237897
227.582698355205,414.285808555405,3.8620983076451
430.876273575324,13.6236573053422,3.32493808547713
361.471840389749,290.604193080409,3.05054988188214
604.3458086434,102.366935626784,4.18836310822815
394.301070041176,228.409426772624,4.18216200316451
560.575846924902,409.778082005767,4.791755638611
144.577736165943,277.437505469943,4.56893124824838
199.941077348196,368.210419423437,4.01330403871077
123.443951061151,411.463161295278,3.43624291483399
625.375135048329,316.536816032797,4.60525898068663
-1.57146017643482,150.23070264541,4.18230110644452
543.717436085425,199.430625847275,4.29143551356732
33.9529183411171,491.42933321978,3.09356288446365
278.35060816336,21.6404348454284,3.83415090219713
535.08059368776,395.370788971965,3.37998330631517
70.5379685447137,78.3321462595738,5.18091624983784
5.17008640612638,77.3971009875264,3.53541647750781
587.39386269415,224.961216447685,3.9730098442606
439.714632095543,457.461009594676,4.79264310995896
659.36432089379,375.085829493856,2.96361802477877
107.359492140245,488.228513957271,4.3072575507361
621.430964036637,89.6409404028725,4.05631057080667
416.70265185836,258.989075518014,3.68085138396533
11.9256947993266,183.175673300033,3.18596152397837
61.6245610941412,111.408482356864,4.46320110939
602.3318300076,208.13192419187,4.24183625029538
253.815980598366,216.427289712348,3.670735255811
570.54831567497,440.346756068793,3.76267401180489
303.369074055392,139.820122378512,3.88643411298998
530.799365861356,459.330857322617,3.44543530684457
38.9508871799109,414.197495674339,3.80974803075895
197.190490851147,284.095706756484,3.83217041381195
549.321796602372,264.17654159817,3.94454784656845
174.178603730601,25.0435836587933,4.55825583979099
505.574170731745,341.482135669511,4.57816561671711
35.5580611936004,44.7906060949102,3.73124358831894
541.007889051317,147.619194582303,4.60073817838192
NA,NA,NA
663.820909620106,333.74586105776,3.54543738109715
455.291006901595,299.269986477256,3.71099462225892
12.2538876310143,495.246033329342,3.62341300334885
561.072477890447,55.1517635349778,4.16665051962245
75.5451881334387,372.782862365919,3.93938792292331
223.835360400534,416.917803565454,3.89495164219943
431.064484649905,11.7759706072167,3.21775341477594
363.989082746579,292.901582447835,3.02538402512223
602.372638676858,104.200611525849,4.31786259105562
390.565588215835,231.550803274401,4.18088788067171
567.449023932719,423.03302678768,4.73386098691227
141.799237693698,281.756424597276,4.6433112957434
198.099086299867,371.406287318393,4.03098589513659
120.97944282688,413.184910499725,3.44407275187916
624.119641671884,316.067960279053,4.64149967697842
-1.78837816164573,142.353845389931,4.3726227626713
544.000092682573,202.211145062558,4.23380233816183
34.9971601968992,491.352618671291,3.01573780387279
281.451326068848,22.6228561226003,3.99174874450445
534.200530354893,392.784628417946,3.42267461195844
78.6072645241301,74.0992600479407,5.11282112065962
6.71361144894233,74.91377585564,3.50865478149244
585.566017962788,226.377753723259,3.93321198456929
436.731321424921,457.91866190062,4.72682940405354
657.525358197806,371.828313443846,3.08053866655272
104.271626479543,493.237889325734,4.3140788125413
626.05079775635,92.1260607653405,4.05377016321254
422.618746524724,262.561029484037,3.62786441191394
10.9909633623281,182.610519538143,3.24940029464131
62.8916318916828,116.19905995907,4.65607109614197
616.176922094841,199.30840461746,4.30871319480352
244.256825291076,220.711346949566,4.08198185984277
560.535550808562,434.394232210827,3.77615560174564
299.864197464391,139.270068901897,3.82881041949525
526.739421501305,458.045801229556,3.55311185848654
57.7720765457532,421.195539087108,3.85990718748585
198.381577355247,291.889764888757,3.67261907197499
557.903371525481,267.464217108747,3.62905768613692
170.429230898679,32.4242877394473,4.27164996176722
501.353585708035,335.348960008715,4.70434176021746
32.2275722471837,51.8655460586,3.5181654812967
534.17935208343,167.055567786117,4.42556644540223
NA,NA,NA
663.820909620106,333.74586105776,3.54543738109715
455.291006901595,299.269986477256,3.71099462225892
12.2538876310143,495.246033329342,3.62341300334885
561.072477890447,55.1517635349778,4.16665051962245
75.5451881334387,372.782862365919,3.93938792292331
223.835360400534,416.917803565454,3.89495164219943
431.064484649905,11.7759706072167,3.21775341477594
363.989082746579,292.901582447835,3.02538402512223
602.372638676858,104.200611525849,4.31786259105562
390.565588215835,231.550803274401,4.18088788067171
567.449023932719,423.03302678768,4.73386098691227
141.799237693698,281.756424597276,4.6433112957434
198.099086299867,371.406287318393,4.03098589513659
120.97944282688,413.184910499725,3.44407275187916
624.119641671884,316.067960279053,4.64149967697842
-1.78837816164573,142.353845389931,4.3726227626713
544.000092682573,202.211145062558,4.23380233816183
34.9971601968992,491.352618671291,3.01573780387279
281.451326068848,22.6228561226003,3.99174874450445
534.200530354893,392.784628417946,3.42267461195844
78.6072645241301,74.0992600479407,5.11282112065962
6.71361144894233,74.91377585564,3.50865478149244
585.566017962788,226.377753723259,3.93321198456929
436.731321424921,457.91866190062,4.72682940405354
657.525358197806,371.828313443846,3.08053866655272
104.271626479543,493.237889325734,4.3140788125413
626.05079775635,92.1260607653405,4.05377016321254
422.618746524724,262.561029484037,3.62786441191394
10.9909633623281,182.610519538143,3.24940029464131
62.8916318916828,116.19905995907,4.65607109614197
616.176922094841,199.30840461746,4.30871319480352
244.256825291076,220.711346949566,4.08198185984277
560.535550808562,434.394232210827,3.77615560174564
299.864197464391,139.270068901897,3.82881041949525
526.739421501305,458.045801229556,3.55311185848654
57.7720765457532,421.195539087108,3.85990718748585
198.381577355247,291.889764888757,3.67261907197499
557.903371525481,267.464217108747,3.62905768613692
170.429230898679,32.4242877394473,4.27164996176722
501.353585708035,335.348960008715,4.70434176021746
32.2275722471837,51.8655460586,3.5181654812967
534.17935208343,167.055567786117,4.42556644540223
NA,NA,NA
663.820909620106,333.74586105776,3.54543738109715
455.291006901595,299.269986477256,3.71099462225892
12.2538876310143,495.246033329342,3.62341300334885
561.072477890447,55.1517635349778,4.16665051962245
75.5451881334387,372.782862365919,3.93938792292331
223.835360400534,416.917803565454,3.89495164219943
431.064484649905,11.7759706072167,3.21775341477594
363.989082746579,292.901582447835,3.02538402512223
602.372638676858,104.200611525849,4.31786259105562
390.565588215835,231.550803274401,4.18088788067171
567.449023932719,423.03302678768,4.73386098691227
141.799237693698,281.756424597276,4.6433112957434
198.099086299867,371.406287318393,4.03098589513659
120.97944282688,413.184910499725,3.44407275187916
624.119641671884,316.067960279053,4.64149967697842
-1.78837816164573,142.353845389931,4.3726227626713
544.000092682573,202.211145062558,4.23380233816183
34.9971601968992,491.352618671291,3.01573780387279
281.451326068848,22.6228561226003,3.99174874450445
534.200530354893,392.784628417946,3.42267461195844
78.6072645241301,74.0992600479407,5.11282112065962
6.71361144894233,74.91377585564,3.50865478149244
585.566017962788,226.377753723259,3.93321198456929
436.731321424921,457.91866190062,4.72682940405354
657.525358197806,371.828313443846,3.08053866655272
104.271626479543,493.237889325734,4.3140788125413
626.05079775635,92.1260607653405,4.05377016321254
422.618746524724,262.561029484037,3.62786441191394
10.9909633623281,182.610519538143,3.24940029464131
62.8916318916828,116.19905995907,4.65607109614197
616.176922094841,199.30840461746,4.30871319480352
244.256825291076,220.711346949566,4.08198185984277
560.535550808562,434.394232210827,3.77615560174564
299.864197464391,139.270068901897,3.82881041949525
526.739421501305,458.045801229556,3.55311185848654
57.7720765457532,421.195539087108,3.85990718748585
198.381577355247,291.889764888757,3.67261907197499
557.903371525481,267.464217108747,3.62905768613692
170.429230898679,32.4242877394473,4.27164996176722
501.353585708035,335.348960008715,4.70434176021746
32.2275722471837,51.8655460586,3.5181654812967
534.17935208343,167.055567786117,4.42556644540223
NA,NA,NA
663.820909620106,333.74586105776,3.54543738109715
455.291006901595,299.269986477256,3.71099462225892
12.2538876310143,495.246033329342,3.62341300334885
561.072477890447,55.1517635349778,4.16665051962245
75.5451881334387,372.782862365919,3.93938792292331
223.835360400534,416.917803565454,3.89495164219943
431.064484649905,11.7759706072167,3.21775341477594
363.989082746579,292.901582447835,3.02538402512223
602.372638676858,104.200611525849,4.31786259105562
390.565588215835,231.550803274401,4.18088788067171
567.449023932719,423.03302678768,4.73386098691227
141.799237693698,281.756424597276,4.6433112957434
198.099086299867,371.406287318393,4.03098589513659
120.97944282688,413.184910499725,3.44407275187916
624.119641671884,316.067960279053,4.64149967697842
-1.78837816164573,142.353845389931,4.3726227626713
544.000092682573,202.211145062558,4.23380233816183
34.9971601968992,491.352618671291,3.01573780387279
281.451326068848,22.6228561226003,3.99174874450445
534.200530354893,392.784628417946,3.42267461195844
78.6072645241301,74.0992600479407,5.11282112065962
6.71361144894233,74.91377585564,3.50865478149244
585.566017962788,226.377753723259,3.93321198456929
436.731321424921,457.91866190062,4.72682940405354
657.525358197806,371.828313443846,3.08053866655272
104.271626479543,493.237889325734,4.3140788125413
626.05079775635,92.1260607653405,4.05377016321254
422.618746524724,262.561029484037,3.62786441191394
10.9909633623281,182.610519538143,3.24940029464131
62.8916318916828,116.19905995907,4.65607109614197
616.176922094841,199.30840461746,4.30871319480352
244.256825291076,220.711346949566,4.08198185984277
560.535550808562,434.394232210827,3.77615560174564
299.864197464391,139.270068901897,3.82881041949525
526.739421501305,458.045801229556,3.55311185848654
57.7720765457532,421.195539087108,3.85990718748585
198.381577355247,291.889764888757,3.67261907197499
557.903371525481,267.464217108747,3.62905768613692
170.429230898679,32.4242877394473,4.27164996176722
501.353585708035,335.348960008715,4.70434176021746
32.2275722471837,51.8655460586,3.5181654812967
534.17935208343,167.055567786117,4.42556644540223
NA,NA,NA
663.820909620106,333.74586105776,3.54543738109715
455.291006901595,299.269986477256,3.71099462225892
12.2538876310143,495.246033329342,3.62341300334885
561.072477890447,55.1517635349778,4.16665051962245
75.5451881334387,372.782862365919,3.93938792292331
223.835360400534,416.917803565454,3.89495164219943
431.064484649905,11.7759706072167,3.21775341477594
363.989082746579,292.901582447835,3.02538402512223
602.372638676858,104.200611525849,4.31786259105562
390.565588215835,231.550803274401,4.18088788067171
567.449023932719,423.03302678768,4.73386098691227
141.799237693698,281.756424597276,4.6433112957434
198.099086299867,371.406287318393,4.03098589513659
120.97944282688,413.184910499725,3.44407275187916
624.119641671884,316.067960279053,4.64149967697842
-1.78837816164573,142.353845389931,4.3726227626713
544.000092682573,202.211145062558,4.23380233816183
34.9971601968992,491.352618671291,3.01573780387279
281.451326068848,22.6228561226003,3.99174874450445
534.200530354893,392.784628417946,3.42267461195844
78.6072645241301,74.0992600479407,5.11282112065962
6.71361144894233,74.91377585564,3.50865478149244
585.566017962788,226.377753723259,3.93321198456929
436.731321424921,457.91866190062,4.72682940405354
657.525358197806,371.828313443846,3.08053866655272
104.271626479543,493.237889325734,4.3140788125413
626.05079775635,92.1260607653405,4.05377016321254
422.618746524724,262.561029484037,3.62786441191394
10.9909633623281,182.610519538143,3.24940029464131
62.8916318916828,116.19905995907,4.65607109614197
616.176922094841,199.30840461746,4.30871319480352
244.256825291076,220.711346949566,4.08198185984277
560.535550808562,434.394232210827,3.77615560174564
299.864197464391,139.270068901897,3.82881041949525
526.739421501305,458.045801229556,3.55311185848654
57.7720765457532,421.195539087108,3.85990718748585
198.381577355247,291.889764888757,3.67261907197499
557.903371525481,267.464217108747,3.62905768613692
170.429230898679,32.4242877394473,4.27164996176722
501.353585708035,335.348960008715,4.70434176021746
32.2275722471837,51.8655460586,3.5181654812967
534.17935208343,167.055567786117,4.42556644540223
NA,NA,NA
663.820909620106,333.74586105776,3.54543738109715
455.291006901595,299.269986477256,3.71099462225892
12.2538876310143,495.246033329342,3.62341300334885
561.072477890447,55.1517635349778,4.16665051962245
75.5451881334387,372.782862365919,3.93938792292331
223.835360400534,416.917803565454,3.89495164219943
431.064484649905,11.7759706072167,3.21775341477594
363.989082746579,292.901582447835,3.02538402512223
602.372638676858,104.200611525849,4.31786259105562
390.565588215835,231.550803274401,4.18088788067171
567.449023932719,423.03302678768,4.73386098691227
141.799237693698,281.756424597276,4.6433112957434
198.099086299867,371.406287318393,4.03098589513659
120.97944282688,413.184910499725,3.44407275187916
624.119641671884,316.067960279053,4.64149967697842
-1.78837816164573,142.353845389931,4.3726227626713
544.000092682573,202.211145062558,4.23380233816183
34.9971601968992,491.352618671291,3.01573780387279
281.451326068848,22.6228561226003,3.99174874450445
534.200530354893,392.784628417946,3.42267461195844
78.6072645241301,74.0992600479407,5.11282112065962
6.71361144894233,74.91377585564,3.50865478149244
585.566017962788,226.377753723259,3.93321198456929
436.731321424921,457.91866190062,4.72682940405354
657.525358197806,371.828313443846,3.08053866655272
104.271626479543,493.237889325734,4.3140788125413
626.05079775635,92.1260607653405,4.05377016321254
422.618746524724,262.561029484037,3.62786441191394
10.9909633623281,182.610519538143,3.24940029464131
62.8916318916828,116.19905995907,4.65607109614197
616.176922094841,199.30840461746,4.30871319480352
244.256825291076,220.711346949566,4.08198185984277
560.535550808562,434.394232210827,3.77615560174564
299.864197464391,139.270068901897,3.82881041949525
526.739421501305,458.045801229556,3.55311185848654
57.7720765457532,421.195539087108,3.85990718748585
198.381577355247,291.889764888757,3.67261907197499
557.903371525481,267.464217108747,3.62905768613692
170.429230898679,32.4242877394473,4.27164996176722
501.353585708035,335.348960008715,4.70434176021746
32.2275722471837,51.8655460586,3.5181654812967
534.17935208343,167.055567786117,4.42556644540223
NA,NA,NA
661.291490034086,334.719483272969,3.51590992762413
453.976771828824,300.21702023884,3.64743076386925
14.6411117821607,493.179539199562,3.47204824246897
560.468082607695,51.7398249883224,4.15953038865666
71.5289310247962,377.743737371805,3.8876818030882
226.964308983213,417.555115622272,3.86761017007118
427.402904778579,18.0329038458979,3.25744462736957
359.973199396391,290.341421980578,2.99402255682741
604.139877888195,100.491956347749,4.17957829328848
391.954160817006,228.723054890602,4.25361188111752
579.540977728878,401.131077093014,4.72483720352925
140.458547967449,279.665921980905,4.5280132615872
197.917874614132,370.850973913989,4.04250713144877
123.245413303659,412.100520006572,3.4193261101688
626.824491437587,317.227205544305,4.61383240523348
-2.0388222276882,148.163724016679,4.24096549912157
544.621472593374,203.873093304347,4.22688386095839
31.2200114283297,489.937358656066,2.98481230906637
275.455733348345,26.8083107099786,3.79555939329595
535.589511674096,393.062319795548,3.59155846906307
73.7491608311071,81.9740188232441,5.28083496142932
0.767195378180917,74.7091243162093,3.58952581561233
590.09395403115,225.597715678831,4.13101402477392
445.616822053577,465.553893959079,4.70457783298291
660.082811683696,375.122997958987,2.88948610676712
106.95674119569,489.387696981082,4.43953154467694
619.717041673615,85.0828039080791,4.06367419588035
416.641745484635,256.684615347873,3.62874898503286
10.8598667335253,181.81626468433,3.27762176796904
81.0348724742596,115.258497124098,4.54827570072193
610.734479710209,207.518269274027,4.41879672429209
256.063000441582,222.282071230807,4.03708320499139
574.233706587283,441.797313807369,3.95684097204018
298.564261677683,138.798029988857,3.97752286799366
531.13249068687,456.456755346264,3.4899081199105
40.5158142756447,417.497313154187,3.51982093198518
193.459510164367,290.533526206304,3.75325459044587
543.279254102901,266.166157180969,3.79219901676375
185.96372154294,27.6363124534772,4.19148208587488
510.941276972947,354.824321810492,4.30623254487596
34.9137906551678,51.0926746185623,3.76556818040143
509.82372917195,157.585352802185,4.67837908069661
NA,NA,NA
661.291490034086,334.719483272969,3.51590992762413
453.976771828824,300.21702023884,3.64743076386925
14.6411117821607,493.179539199562,3.47204824246897
560.468082607695,51.7398249883224,4.15953038865666
71.5289310247962,377.743737371805,3.8876818030882
226.964308983213,417.555115622272,3.86761017007118
427.402904778579,18.0329038458979,3.25744462736957
359.973199396391,290.341421980578,2.99402255682741
604.139877888195,100.491956347749,4.17957829328848
391.954160817006,228.723054890602,4.25361188111752
579.540977728878,401.131077093014,4.72483720352925
140.458547967449,279.665921980905,4.5280132615872
197.917874614132,370.850973913989,4.04250713144877
123.245413303659,412.100520006572,3.4193261101688
626.824491437587,317.227205544305,4.61383240523348
-2.0388222276882,148.163724016679,4.24096549912157
544.621472593374,203.873093304347,4.22688386095839
31.2200114283297,489.937358656066,2.98481230906637
275.455733348345,26.8083107099786,3.79555939329595
535.589511674096,393.062319795548,3.59155846906307
73.7491608311071,81.9740188232441,5.28083496142932
0.767195378180917,74.7091243162093,3.58952581561233
590.09395403115,225.597715678831,4.13101402477392
445.616822053577,465.553893959079,4.70457783298291
660.082811683696,375.122997958987,2.88948610676712
106.95674119569,489.387696981082,4.43953154467694
619.717041673615,85.0828039080791,4.06367419588035
416.641745484635,256.684615347873,3.62874898503286
10.8598667335253,181.81626468433,3.27762176796904
81.0348724742596,115.258497124098,4.54827570072193
610.734479710209,207.518269274027,4.41879672429209
256.063000441582,222.282071230807,4.03708320499139
574.233706587283,441.797313807369,3.95684097204018
298.564261677683,138.798029988857,3.97752286799366
531.13249068687,456.456755346264,3.4899081199105
40.5158142756447,417.497313154187,3.51982093198518
193.459510164367,290.533526206304,3.75325459044587
543.279254102901,266.166157180969,3.79219901676375
185.96372154294,27.6363124534772,4.19148208587488
510.941276972947,354.824321810492,4.30623254487596
34.9137906551678,51.0926746185623,3.76556818040143
509.82372917195,157.585352802185,4.67837908069661
NA,NA,NA
661.291490034086,334.719483272969,3.51590992762413
453.976771828824,300.21702023884,3.64743076386925
14.6411117821607,493.179539199562,3.47204824246897
560.468082607695,51.7398249883224,4.15953038865666
71.5289310247962,377.743737371805,3.8876818030882
226.964308983213,417.555115622272,3.86761017007118
427.402904778579,18.0329038458979,3.25744462736957
359.973199396391,290.341421980578,2.99402255682741
604.139877888195,100.491956347749,4.17957829328848
391.954160817006,228.723054890602,4.25361188111752
579.540977728878,401.131077093014,4.72483720352925
140.458547967449,279.665921980905,4.5280132615872
197.917874614132,370.850973913989,4.04250713144877
123.245413303659,412.100520006572,3.4193261101688
626.824491437587,317.227205544305,4.61383240523348
-2.0388222276882,148.163724016679,4.24096549912157
544.621472593374,203.873093304347,4.22688386095839
31.2200114283297,489.937358656066,2.98481230906637
275.455733348345,26.8083107099786,3.79555939329595
535.589511674096,393.062319795548,3.59155846906307
73.7491608311071,81.9740188232441,5.28083496142932
0.767195378180917,74.7091243162093,3.58952581561233
590.09395403115,225.597715678831,4.13101402477392
445.616822053577,465.553893959079,4.70457783298291
660.082811683696,375.122997958987,2.88948610676712
106.95674119569,489.387696981082,4.43953154467694
619.717041673615,85.0828039080791,4.06367419588035
416.641745484635,256.684615347873,3.62874898503286
10.8598667335253,181.81626468433,3.27762176796904
81.0348724742596,115.258497124098,4.54827570072193
610.734479710209,207.518269274027,4.41879672429209
256.063000441582,222.282071230807,4.03708320499139
574.233706587283,441.797313807369,3.95684097204018
298.564261677683,138.798029988857,3.97752286799366
531.13249068687,456.456755346264,3.4899081199105
40.5158142756447,417.497313154187,3.51982093198518
193.459510164367,290.533526206304,3.75325459044587
543.279254102901,266.166157180969,3.79219901676375
185.96372154294,27.6363124534772,4.19148208587488
510.941276972947,354.824321810492,4.30623254487596
34.9137906551678,51.0926746185623,3.76556818040143
509.82372917195,157.585352802185,4.67837908069661
NA,NA,NA
661.291490034086,334.719483272969,3.51590992762413
453.976771828824,300.21702023884,3.64743076386925
14.6411117821607,493.179539199562,3.47204824246897
560.468082607695,51.7398249883224,4.15953038865666
71.5289310247962,377.743737371805,3.8876818030882
226.964308983213,417.555115622272,3.86761017007118
427.402904778579,18.0329038458979,3.25744462736957
359.973199396391,290.341421980578,2.99402255682741
604.139877888195,100.491956347749,4.17957829328848
391.954160817006,228.723054890602,4.25361188111752
579.540977728878,401.131077093014,4.72483720352925
140.458547967449,279.665921980905,4.5280132615872
197.917874614132,370.850973913989,4.04250713144877
123.245413303659,412.100520006572,3.4193261101688
626.824491437587,317.227205544305,4.61383240523348
-2.0388222276882,148.163724016679,4.24096549912157
544.621472593374,203.873093304347,4.22688386095839
31.2200114283297,489.937358656066,2.98481230906637
275.455733348345,26.8083107099786,3.79555939329595
535.589511674096,393.062319795548,3.59155846906307
73.7491608311071,81.9740188232441,5.28083496142932
0.767195378180917,74.7091243162093,3.58952581561233
590.09395403115,225.597715678831,4.13101402477392
445.616822053577,465.553893959079,4.70457783298291
660.082811683696,375.122997958987,2.88948610676712
106.95674119569,489.387696981082,4.43953154467694
619.717041673615,85.0828039080791,4.06367419588035
416.641745484635,256.684615347873,3.62874898503286
10.8598667335253,181.81626468433,3.27762176796904
81.0348724742596,115.258497124098,4.54827570072193
610.734479710209,207.518269274027,4.41879672429209
256.063000441582,222.282071230807,4.03708320499139
574.233706587283,441.797313807369,3.95684097204018
298.564261677683,138.798029988857,3.97752286799366
531.13249068687,456.456755346264,3.4899081199105
40.5158142756447,417.497313154187,3.51982093198518
193.459510164367,290.533526206304,3.75325459044587
543.279254102901,266.166157180969,3.79219901676375
185.96372154294,27.6363124534772,4.19148208587488
510.941276972947,354.824321810492,4.30623254487596
34.9137906551678,51.0926746185623,3.76556818040143
509.82372917195,157.585352802185,4.67837908069661
NA,NA,NA
661.291490034086,334.719483272969,3.51590992762413
453.976771828824,300.21702023884,3.64743076386925
14.6411117821607,493.179539199562,3.47204824246897
560.468082607695,51.7398249883224,4.15953038865666
71.5289310247962,377.743737371805,3.8876818030882
226.964308983213,417.555115622272,3.86761017007118
427.402904778579,18.0329038458979,3.25744462736957
359.973199396391,290.341421980578,2.99402255682741
604.139877888195,100.491956347749,4.17957829328848
391.954160817006,228.723054890602,4.25361188111752
579.540977728878,401.131077093014,4.72483720352925
140.458547967449,279.665921980905,4.5280132615872
197.917874614132,370.850973913989,4.04250713144877
123.245413303659,412.100520006572,3.4193261101688
626.824491437587,317.227205544305,4.61383240523348
-2.0388222276882,148.163724016679,4.24096549912157
544.621472593374,203.873093304347,4.22688386095839
31.2200114283297,489.937358656066,2.98481230906637
275.455733348345,26.8083107099786,3.79555939329595
535.589511674096,393.062319795548,3.59155846906307
73.7491608311071,81.9740188232441,5.28083496142932
0.767195378180917,74.7091243162093,3.58952581561233
590.09395403115,225.597715678831,4.13101402477392
445.616822053577,465.553893959079,4.70457783298291
660.082811683696,375.122997958987,2.88948610676712
106.95674119569,489.387696981082,4.43953154467694
619.717041673615,85.0828039080791,4.06367419588035
416.641745484635,256.684615347873,3.62874898503286
10.8598667335253,181.81626468433,3.27762176796904
81.0348724742596,115.258497124098,4.54827570072193
610.734479710209,207.518269274027,4.41879672429209
256.063000441582,222.282071230807,4.03708320499139
574.233706587283,441.797313807369,3.95684097204018
298.564261677683,138.798029988857,3.97752286799366
531.13249068687,456.456755346264,3.4899081199105
40.5158142756447,417.497313154187,3.51982093198518
193.459510164367,290.533526206304,3.75325459044587
543.279254102901,266.166157180969,3.79219901676375
185.96372154294,27.6363124534772,4.19148208587488
510.941276972947,354.824321810492,4.30623254487596
34.9137906551678,51.0926746185623,3.76556818040143
509.82372917195,157.585352802185,4.67837908069661
NA,NA,NA
661.291490034086,334.719483272969,3.51590992762413
453.976771828824,300.21702023884,3.64743076386925
14.6411117821607,493.179539199562,3.47204824246897
560.468082607695,51.7398249883224,4.15953038865666
71.5289310247962,377.743737371805,3.8876818030882
226.964308983213,417.555115622272,3.86761017007118
427.402904778579,18.0329038458979,3.25744462736957
359.973199396391,290.341421980578,2.99402255682741
604.139877888195,100.491956347749,4.17957829328848
391.954160817006,228.723054890602,4.25361188111752
579.540977728878,401.131077093014,4.72483720352925
140.458547967449,279.665921980905,4.5280132615872
197.917874614132,370.850973913989,4.04250713144877
123.245413303659,412.100520006572,3.4193261101688
626.824491437587,317.227205544305,4.61383240523348
-2.0388222276882,148.163724016679,4.24096549912157
544.621472593374,203.873093304347,4.22688386095839
31.2200114283297,489.937358656066,2.98481230906637
275.455733348345,26.8083107099786,3.79555939329595
535.589511674096,393.062319795548,3.59155846906307
73.7491608311071,81.9740188232441,5.28083496142932
0.767195378180917,74.7091243162093,3.58952581561233
590.09395403115,225.597715678831,4.13101402477392
445.616822053577,465.553893959079,4.70457783298291
660.082811683696,375.122997958987,2.88948610676712
106.95674119569,489.387696981082,4.43953154467694
619.717041673615,85.0828039080791,4.06367419588035
416.641745484635,256.684615347873,3.62874898503286
10.8598667335253,181.81626468433,3.27762176796904
81.0348724742596,115.258497124098,4.54827570072193
610.734479710209,207.518269274027,4.41879672429209
256.063000441582,222.282071230807,4.03708320499139
574.233706587283,441.797313807369,3.95684097204018
298.564261677683,138.798029988857,3.97752286799366
531.13249068687,456.456755346264,3.4899081199105
40.5158142756447,417.497313154187,3.51982093198518
193.459510164367,290.533526206304,3.75325459044587
543.279254102901,266.166157180969,3.79219901676375
185.96372154294,27.6363124534772,4.19148208587488
510.941276972947,354.824321810492,4.30623254487596
34.9137906551678,51.0926746185623,3.76556818040143
509.82372917195,157.585352802185,4.67837908069661
NA,NA,NA
663.631745943323,334.738567641185,3.39807093302319
457.354926906303,298.627945859037,3.63803240714417
8.34904531312479,497.307016850616,3.61461375328562
556.706952221471,51.5500294614952,4.25646293420763
71.945506638782,378.745733295196,3.93496934250014
228.194670872242,414.144325510365,3.84709322792048
426.807829055117,12.8089197907983,3.30009565802799
361.37437327056,293.260761893076,3.04963380530265
597.793184121572,103.482064479389,4.17101713134975
390.424906817802,232.03871159518,4.2425261039379
576.882550799095,407.445738517744,4.70852472614615
139.932686016701,285.911158071658,4.61600914535486
201.407621409892,366.755856408381,3.93736151972264
123.657151931839,410.498787870494,3.39107069602715
626.290017739733,312.524609394899,4.58628222184228
5.93411455465546,143.212590672399,4.26147909463642
545.281796576428,203.328550598679,4.16357886601512
34.4402444733414,493.032441934909,2.86099811315748
279.440663905785,26.972361672849,3.89667856935835
534.194858685754,391.665926631861,3.39651721669921
79.3714326174418,71.5993372132143,5.2955874984058
6.90205677834079,76.8105158104247,3.4384687545865
586.996528967921,228.091762394468,4.01126672370883
440.865932745615,462.046570201263,4.89432612202202
660.482882284869,375.615417498599,3.19316222897239
102.037245984226,491.204133818399,4.41731172489636
624.798611845841,87.3732635402084,4.06959938683696
417.311189317801,260.151754744785,3.62345222354729
8.90402400529969,182.177673524068,3.09976986230007
73.5528427429733,116.419505129934,4.64285014955874
624.412036139157,216.505957352076,4.35564326814761
250.777348530909,223.989844308583,3.67025808391869
579.058743225464,424.249214545715,3.74221486707487
302.383050576125,138.348447732769,3.6546262785262
537.10537002964,458.842410120546,3.66583260117516
42.1060336346758,415.10307464289,3.82348372177946
196.492663756567,286.674577155028,4.25960446609443
556.503519275046,262.652481098844,3.8455385677664
167.397766370697,29.2254826791921,4.26216024763907
494.251813229902,343.15118197325,4.49730127590584
25.0941313794107,61.8596400689666,3.84964370969833
526.496693483869,169.471545926082,4.229105594955
NA,NA,NA
663.631745943323,334.738567641185,3.39807093302319
457.354926906303,298.627945859037,3.63803240714417
8.34904531312479,497.307016850616,3.61461375328562
556.706952221471,51.5500294614952,4.25646293420763
71.945506638782,378.745733295196,3.93496934250014
228.194670872242,414.144325510365,3.84709322792048
426.807829055117,12.8089197907983,3.30009565802799
361.37437327056,293.260761893076,3.04963380530265
597.793184121572,103.482064479389,4.17101713134975
390.424906817802,232.03871159518,4.2425261039379
576.882550799095,407.445738517744,4.70852472614615
139.932686016701,285.911158071658,4.61600914535486
201.407621409892,366.755856408381,3.93736151972264
123.657151931839,410.498787870494,3.39107069602715
626.290017739733,312.524609394899,4.58628222184228
5.93411455465546,143.212590672399,4.26147909463642
545.281796576428,203.328550598679,4.16357886601512
34.4402444733414,493.032441934909,2.86099811315748
279.440663905785,26.972361672849,3.89667856935835
534.194858685754,391.665926631861,3.39651721669921
79.3714326174418,71.5993372132143,5.2955874984058
6.90205677834079,76.8105158104247,3.4384687545865
586.996528967921,228.091762394468,4.01126672370883
440.865932745615,462.046570201263,4.89432612202202
660.482882284869,375.615417498599,3.19316222897239
102.037245984226,491.204133818399,4.41731172489636
624.798611845841,87.3732635402084,4.06959938683696
417.311189317801,260.151754744785,3.62345222354729
8.90402400529969,182.177673524068,3.09976986230007
73.5528427429733,116.419505129934,4.64285014955874
624.412036139157,216.505957352076,4.35564326814761
250.777348530909,223.989844308583,3.67025808391869
579.058743225464,424.249214545715,3.74221486707487
302.383050576125,138.348447732769,3.6546262785262
537.10537002964,458.842410120546,3.66583260117516
42.1060336346758,415.10307464289,3.82348372177946
196.492663756567,286.674577155028,4.25960446609443
556.503519275046,262.652481098844,3.8455385677664
167.397766370697,29.2254826791921,4.26216024763907
494.251813229902,343.15118197325,4.49730127590584
25.0941313794107,61.8596400689666,3.84964370969833
526.496693483869,169.471545926082,4.229105594955
NA,NA,NA
663.631745943323,334.738567641185,3.39807093302319
457.354926906303,298.627945859037,3.63803240714417
8.34904531312479,497.307016850616,3.61461375328562
556.706952221471,51.5500294614952,4.25646293420763
71.945506638782,378.745733295196,3.93496934250014
228.194670872242,414.144325510365,3.84709322792048
426.807829055117,12.8089197907983,3.30009565802799
361.37437327056,293.260761893076,3.04963380530265
597.793184121572,103.482064479389,4.17101713134975
390.424906817802,232.03871159518,4.2425261039379
576.882550799095,407.445738517744,4.70852472614615
139.932686016701,285.911158071658,4.61600914535486
201.407621409892,366.755856408381,3.93736151972264
123.657151931839,410.498787870494,3.39107069602715
626.290017739733,312.524609394899,4.58628222184228
5.93411455465546,143.212590672399,4.26147909463642
545.281796576428,203.328550598679,4.16357886601512
34.4402444733414,493.032441934909,2.86099811315748
279.440663905785,26.972361672849,3.89667856935835
534.194858685754,391.665926631861,3.39651721669921
79.3714326174418,71.5993372132143,5.2955874984058
6.90205677834079,76.8105158104247,3.4384687545865
586.996528967921,228.091762394468,4.01126672370883
440.865932745615,462.046570201263,4.89432612202202
660.482882284869,375.615417498599,3.19316222897239
102.037245984226,491.204133818399,4.41731172489636
624.798611845841,87.3732635402084,4.06959938683696
417.311189317801,260.151754744785,3.62345222354729
8.90402400529969,182.177673524068,3.09976986230007
73.5528427429733,116.419505129934,4.64285014955874
624.412036139157,216.505957352076,4.35564326814761
250.777348530909,223.989844308583,3.67025808391869
579.058743225464,424.249214545715,3.74221486707487
302.383050576125,138.348447732769,3.6546262785262
537.10537002964,458.842410120546,3.66583260117516
42.1060336346758,415.10307464289,3.82348372177946
196.492663756567,286.674577155028,4.25960446609443
556.503519275046,262.652481098844,3.8455385677664
167.397766370697,29.2254826791921,4.26216024763907
494.251813229902,343.15118197325,4.49730127590584
25.0941313794107,61.8596400689666,3.84964370969833
526.496693483869,169.471545926082,4.229105594955
NA,NA,NA
663.631745943323,334.738567641185,3.39807093302319
457.354926906303,298.627945859037,3.63803240714417
8.34904531312479,497.307016850616,3.61461375328562
556.706952221471,51.5500294614952,4.25646293420763
71.945506638782,378.745733295196,3.93496934250014
228.194670872242,414.144325510365,3.84709322792048
426.807829055117,12.8089197907983,3.30009565802799
361.37437327056,293.260761893076,3.04963380530265
597.793184121572,103.482064479389,4.17101713134975
390.424906817802,232.03871159518,4.2425261039379
576.882550799095,407.445738517744,4.70852472614615
139.932686016701,285.911158071658,4.61600914535486
201.407621409892,366.755856408381,3.93736151972264
123.657151931839,410.498787870494,3.39107069602715
626.290017739733,312.524609394899,4.58628222184228
5.93411455465546,143.212590672399,4.26147909463642
545.281796576428,203.328550598679,4.16357886601512
34.4402444733414,493.032441934909,2.86099811315748
279.440663905785,26.972361672849,3.89667856935835
534.194858685754,391.665926631861,3.39651721669921
79.3714326174418,71.5993372132143,5.2955874984058
6.90205677834079,76.8105158104247,3.4384687545865
586.996528967921,228.091762394468,4.01126672370883
440.865932745615,462.046570201263,4.89432612202202
660.482882284869,375.615417498599,3.19316222897239
102.037245984226,491.204133818399,4.41731172489636
624.798611845841,87.3732635402084,4.06959938683696
417.311189317801,260.151754744785,3.62345222354729
8.90402400529969,182.177673524068,3.09976986230007
73.5528427429733,116.419505129934,4.64285014955874
624.412036139157,216.505957352076,4.35564326814761
250.777348530909,223.989844308583,3.67025808391869
579.058743225464,424.249214545715,3.74221486707487
302.383050576125,138.348447732769,3.6546262785262
537.10537002964,458.842410120546,3.66583260117516
42.1060336346758,415.10307464289,3.82348372177946
196.492663756567,286.674577155028,4.25960446609443
556.503519275046,262.652481098844,3.8455385677664
167.397766370697,29.2254826791921,4.26216024763907
494.251813229902,343.15118197325,4.49730127590584
25.0941313794107,61.8596400689666,3.84964370969833
526.496693483869,169.471545926082,4.229105594955
NA,NA,NA
663.631745943323,334.738567641185,3.39807093302319
457.354926906303,298.627945859037,3.63803240714417
8.34904531312479,497.307016850616,3.61461375328562
556.706952221471,51.5500294614952,4.25646293420763
71.945506638782,378.745733295196,3.93496934250014
228.194670872242,414.144325510365,3.84709322792048
426.807829055117,12.8089197907983,3.30009565802799
361.37437327056,293.260761893076,3.04963380530265
597.793184121572,103.482064479389,4.17101713134975
390.424906817802,232.03871159518,4.2425261039379
576.882550799095,407.445738517744,4.70852472614615
139.932686016701,285.911158071658,4.61600914535486
201.407621409892,366.755856408381,3.93736151972264
123.657151931839,410.498787870494,3.39107069602715
626.290017739733,312.524609394899,4.58628222184228
5.93411455465546,143.212590672399,4.26147909463642
545.281796576428,203.328550598679,4.16357886601512
34.4402444733414,493.032441934909,2.86099811315748
279.440663905785,26.972361672849,3.89667856935835
534.194858685754,391.665926631861,3.39651721669921
79.3714326174418,71.5993372132143,5.2955874984058
6.90205677834079,76.8105158104247,3.4384687545865
586.996528967921,228.091762394468,4.01126672370883
440.865932745615,462.046570201263,4.89432612202202
660.482882284869,375.615417498599,3.19316222897239
102.037245984226,491.204133818399,4.41731172489636
624.798611845841,87.3732635402084,4.06959938683696
417.311189317801,260.151754744785,3.62345222354729
8.90402400529969,182.177673524068,3.09976986230007
73.5528427429733,116.419505129934,4.64285014955874
624.412036139157,216.505957352076,4.35564326814761
250.777348530909,223.989844308583,3.67025808391869
579.058743225464,424.249214545715,3.74221486707487
302.383050576125,138.348447732769,3.6546262785262
537.10537002964,458.842410120546,3.66583260117516
42.1060336346758,415.10307464289,3.82348372177946
196.492663756567,286.674577155028,4.25960446609443
556.503519275046,262.652481098844,3.8455385677664
167.397766370697,29.2254826791921,4.26216024763907
494.251813229902,343.15118197325,4.49730127590584
25.0941313794107,61.8596400689666,3.84964370969833
526.496693483869,169.471545926082,4.229105594955
NA,NA,NA
663.631745943323,334.738567641185,3.39807093302319
457.354926906303,298.627945859037,3.63803240714417
8.34904531312479,497.307016850616,3.61461375328562
556.706952221471,51.5500294614952,4.25646293420763
71.945506638782,378.745733295196,3.93496934250014
228.194670872242,414.144325510365,3.84709322792048
426.807829055117,12.8089197907983,3.30009565802799
361.37437327056,293.260761893076,3.04963380530265
597.793184121572,103.482064479389,4.17101713134975
390.424906817802,232.03871159518,4.2425261039379
576.882550799095,407.445738517744,4.70852472614615
139.932686016701,285.911158071658,4.61600914535486
201.407621409892,366.755856408381,3.93736151972264
123.657151931839,410.498787870494,3.39107069602715
626.290017739733,312.524609394899,4.58628222184228
5.93411455465546,143.212590672399,4.26147909463642
545.281796576428,203.328550598679,4.16357886601512
34.4402444733414,493.032441934909,2.86099811315748
279.440663905785,26.972361672849,3.89667856935835
534.194858685754,391.665926631861,3.39651721669921
79.3714326174418,71.5993372132143,5.2955874984058
6.90205677834079,76.8105158104247,3.4384687545865
586.996528967921,228.091762394468,4.01126672370883
440.865932745615,462.046570201263,4.89432612202202
660.482882284869,375.615417498599,3.19316222897239
102.037245984226,491.204133818399,4.41731172489636
624.798611845841,87.3732635402084,4.06959938683696
417.311189317801,260.151754744785,3.62345222354729
8.90402400529969,182.177673524068,3.09976986230007
73.5528427429733,116.419505129934,4.64285014955874
624.412036139157,216.505957352076,4.35564326814761
250.777348530909,223.989844308583,3.67025808391869
579.058743225464,424.249214545715,3.74221486707487
302.383050576125,138.348447732769,3.6546262785262
537.10537002964,458.842410120546,3.66583260117516
42.1060336346758,415.10307464289,3.82348372177946
196.492663756567,286.674577155028,4.25960446609443
556.503519275046,262.652481098844,3.8455385677664
167.397766370697,29.2254826791921,4.26216024763907
494.251813229902,343.15118197325,4.49730127590584
25.0941313794107,61.8596400689666,3.84964370969833
526.496693483869,169.471545926082,4.229105594955
NA,NA,NA
659.723248248184,334.24539530831,3.45503974789664
457.205179165454,300.420906271011,3.96906986574067
11.9318197035482,493.340897064559,3.5024646917296
556.200405516621,48.9668623183914,4.18601239504775
70.9874993396802,376.816775560041,4.02202408345455
230.273249531837,419.359171131278,3.88146428014423
426.926970117168,14.6618740892199,3.2804224267916
362.270323420967,294.216456635478,3.1410340267043
603.374308946611,100.801093126053,4.29857575449042
394.655893647924,228.809589283312,4.2686382731569
563.28066257407,410.424226688949,4.72589430847777
142.956456817689,279.675643615785,4.70216292234568
198.412641848648,370.283182243683,3.98836120674657
128.200384757082,412.139804749946,3.46745241850643
619.42820336727,309.391213981603,4.72958006241265
3.63338202858541,152.503242718632,4.21036497797967
540.82066990459,205.167674889093,4.13167717357967
34.6222574118073,490.97417156617,2.97976766884336
280.305049531716,21.6104292943581,4.12887440057976
534.340903762571,395.112030224934,3.45298226353306
71.0260298081186,78.7240250462278,5.36580336348116
3.43739181448603,72.1534667343383,3.56534472076551
586.135832232757,225.371458758608,3.94598890946596
442.445756867643,459.218375050083,4.76081638739218
659.779239298629,374.182114180584,2.95571734308945
103.071466280211,480.482963561378,4.33824097620466
624.487160237424,89.5826742470147,4.08114888641379
420.201460306646,261.489625158267,3.66319127750412
13.5365902248933,179.769894761778,3.17461446551518
61.8490627033511,108.297801609861,4.71554459446435
601.726662868726,200.248291342311,4.18438999042923
259.096497381423,224.297559648239,3.83454562903544
578.254863346773,434.181587043558,3.72148875900258
304.036038216648,133.464503737522,3.90112472077548
536.57230623608,458.932210791721,3.70302728540086
46.1866349786712,408.821456160022,4.19523593413686
207.127478734963,287.530921621002,4.4188748428419
564.826199264976,258.74423592354,3.67311639089966
190.556229970129,29.8440288434224,4.33717820697098
505.615065950454,347.001395531056,4.58143015410789
39.5280065189358,59.2405563953657,3.30292942265142
524.792443733494,163.911206390249,4.54636920168675
NA,NA,NA
659.723248248184,334.24539530831,3.45503974789664
457.205179165454,300.420906271011,3.96906986574067
11.9318197035482,493.340897064559,3.5024646917296
556.200405516621,48.9668623183914,4.18601239504775
70.9874993396802,376.816775560041,4.02202408345455
230.273249531837,419.359171131278,3.88146428014423
426.926970117168,14.6618740892199,3.2804224267916
362.270323420967,294.216456635478,3.1410340267043
603.374308946611,100.801093126053,4.29857575449042
394.655893647924,228.809589283312,4.2686382731569
563.28066257407,410.424226688949,4.72589430847777
142.956456817689,279.675643615785,4.70216292234568
198.412641848648,370.283182243683,3.98836120674657
128.200384757082,412.139804749946,3.46745241850643
619.42820336727,309.391213981603,4.72958006241265
3.63338202858541,152.503242718632,4.21036497797967
540.82066990459,205.167674889093,4.13167717357967
34.6222574118073,490.97417156617,2.97976766884336
280.305049531716,21.6104292943581,4.12887440057976
534.340903762571,395.112030224934,3.45298226353306
71.0260298081186,78.7240250462278,5.36580336348116
3.43739181448603,72.1534667343383,3.56534472076551
586.135832232757,225.371458758608,3.94598890946596
442.445756867643,459.218375050083,4.76081638739218
659.779239298629,374.182114180584,2.95571734308945
103.071466280211,480.482963561378,4.33824097620466
624.487160237424,89.5826742470147,4.08114888641379
420.201460306646,261.489625158267,3.66319127750412
13.5365902248933,179.769894761778,3.17461446551518
61.8490627033511,108.297801609861,4.71554459446435
601.726662868726,200.248291342311,4.18438999042923
259.096497381423,224.297559648239,3.83454562903544
578.254863346773,434.181587043558,3.72148875900258
304.036038216648,133.464503737522,3.90112472077548
536.57230623608,458.932210791721,3.70302728540086
46.1866349786712,408.821456160022,4.19523593413686
207.127478734963,287.530921621002,4.4188748428419
564.826199264976,258.74423592354,3.67311639089966
190.556229970129,29.8440288434224,4.33717820697098
505.615065950454,347.001395531056,4.58143015410789
39.5280065189358,59.2405563953657,3.30292942265142
524.792443733494,163.911206390249,4.54636920168675
NA,NA,NA
659.723248248184,334.24539530831,3.45503974789664
457.205179165454,300.420906271011,3.96906986574067
11.9318197035482,493.340897064559,3.5024646917296
556.200405516621,48.9668623183914,4.18601239504775
70.9874993396802,376.816775560041,4.02202408345455
230.273249531837,419.359171131278,3.88146428014423
426.926970117168,14.6618740892199,3.2804224267916
362.270323420967,294.216456635478,3.1410340267043
603.374308946611,100.801093126053,4.29857575449042
394.655893647924,228.809589283312,4.2686382731569
563.28066257407,410.424226688949,4.72589430847777
142.956456817689,279.675643615785,4.70216292234568
198.412641848648,370.283182243683,3.98836120674657
128.200384757082,412.139804749946,3.46745241850643
619.42820336727,309.391213981603,4.72958006241265
3.63338202858541,152.503242718632,4.21036497797967
540.82066990459,205.167674889093,4.13167717357967
34.6222574118073,490.97417156617,2.97976766884336
280.305049531716,21.6104292943581,4.12887440057976
534.340903762571,395.112030224934,3.45298226353306
71.0260298081186,78.7240250462278,5.36580336348116
3.43739181448603,72.1534667343383,3.56534472076551
586.135832232757,225.371458758608,3.94598890946596
442.445756867643,459.218375050083,4.76081638739218
659.779239298629,374.182114180584,2.95571734308945
103.071466280211,480.482963561378,4.33824097620466
624.487160237424,89.5826742470147,4.08114888641379
420.201460306646,261.489625158267,3.66319127750412
13.5365902248933,179.769894761778,3.17461446551518
61.8490627033511,108.297801609861,4.71554459446435
601.726662868726,200.248291342311,4.18438999042923
259.096497381423,224.297559648239,3.83454562903544
578.254863346773,434.181587043558,3.72148875900258
304.036038216648,133.464503737522,3.90112472077548
536.57230623608,458.932210791721,3.70302728540086
46.1866349786712,408.821456160022,4.19523593413686
207.127478734963,287.530921621002,4.4188748428419
564.826199264976,258.74423592354,3.67311639089966
190.556229970129,29.8440288434224,4.33717820697098
505.615065950454,347.001395531056,4.58143015410789
39.5280065189358,59.2405563953657,3.30292942265142
524.792443733494,163.911206390249,4.54636920168675
NA,NA,NA
659.723248248184,334.24539530831,3.45503974789664
457.205179165454,300.420906271011,3.96906986574067
11.9318197035482,493.340897064559,3.5024646917296
556.200405516621,48.9668623183914,4.18601239504775
70.9874993396802,376.816775560041,4.02202408345455
230.273249531837,419.359171131278,3.88146428014423
426.926970117168,14.6618740892199,3.2804224267916
362.270323420967,294.216456635478,3.1410340267043
603.374308946611,100.801093126053,4.29857575449042
394.655893647924,228.809589283312,4.2686382731569
563.28066257407,410.424226688949,4.72589430847777
142.956456817689,279.675643615785,4.70216292234568
198.412641848648,370.283182243683,3.98836120674657
128.200384757082,412.139804749946,3.46745241850643
619.42820336727,309.391213981603,4.72958006241265
3.63338202858541,152.503242718632,4.21036497797967
540.82066990459,205.167674889093,4.13167717357967
34.6222574118073,490.97417156617,2.97976766884336
280.305049531716,21.6104292943581,4.12887440057976
534.340903762571,395.112030224934,3.45298226353306
71.0260298081186,78.7240250462278,5.36580336348116
3.43739181448603,72.1534667343383,3.56534472076551
586.135832232757,225.371458758608,3.94598890946596
442.445756867643,459.218375050083,4.76081638739218
659.779239298629,374.182114180584,2.95571734308945
103.071466280211,480.482963561378,4.33824097620466
624.487160237424,89.5826742470147,4.08114888641379
420.201460306646,261.489625158267,3.66319127750412
13.5365902248933,179.769894761778,3.17461446551518
61.8490627033511,108.297801609861,4.71554459446435
601.726662868726,200.248291342311,4.18438999042923
259.096497381423,224.297559648239,3.83454562903544
578.254863346773,434.181587043558,3.72148875900258
304.036038216648,133.464503737522,3.90112472077548
536.57230623608,458.932210791721,3.70302728540086
46.1866349786712,408.821456160022,4.19523593413686
207.127478734963,287.530921621002,4.4188748428419
564.826199264976,258.74423592354,3.67311639089966
190.556229970129,29.8440288434224,4.33717820697098
505.615065950454,347.001395531056,4.58143015410789
39.5280065189358,59.2405563953657,3.30292942265142
524.792443733494,163.911206390249,4.54636920168675
NA,NA,NA
659.723248248184,334.24539530831,3.45503974789664
457.205179165454,300.420906271011,3.96906986574067
11.9318197035482,493.340897064559,3.5024646917296
556.200405516621,48.9668623183914,4.18601239504775
70.9874993396802,376.816775560041,4.02202408345455
230.273249531837,419.359171131278,3.88146428014423
426.926970117168,14.6618740892199,3.2804224267916
362.270323420967,294.216456635478,3.1410340267043
603.374308946611,100.801093126053,4.29857575449042
394.655893647924,228.809589283312,4.2686382731569
563.28066257407,410.424226688949,4.72589430847777
142.956456817689,279.675643615785,4.70216292234568
198.412641848648,370.283182243683,3.98836120674657
128.200384757082,412.139804749946,3.46745241850643
619.42820336727,309.391213981603,4.72958006241265
3.63338202858541,152.503242718632,4.21036497797967
540.82066990459,205.167674889093,4.13167717357967
34.6222574118073,490.97417156617,2.97976766884336
280.305049531716,21.6104292943581,4.12887440057976
534.340903762571,395.112030224934,3.45298226353306
71.0260298081186,78.7240250462278,5.36580336348116
3.43739181448603,72.1534667343383,3.56534472076551
586.135832232757,225.371458758608,3.94598890946596
442.445756867643,459.218375050083,4.76081638739218
659.779239298629,374.182114180584,2.95571734308945
103.071466280211,480.482963561378,4.33824097620466
624.487160237424,89.5826742470147,4.08114888641379
420.201460306646,261.489625158267,3.66319127750412
13.5365902248933,179.769894761778,3.17461446551518
61.8490627033511,108.297801609861,4.71554459446435
601.726662868726,200.248291342311,4.18438999042923
259.096497381423,224.297559648239,3.83454562903544
578.254863346773,434.181587043558,3.72148875900258
304.036038216648,133.464503737522,3.90112472077548
536.57230623608,458.932210791721,3.70302728540086
46.1866349786712,408.821456160022,4.19523593413686
207.127478734963,287.530921621002,4.4188748428419
564.826199264976,258.74423592354,3.67311639089966
190.556229970129,29.8440288434224,4.33717820697098
505.615065950454,347.001395531056,4.58143015410789
39.5280065189358,59.2405563953657,3.30292942265142
524.792443733494,163.911206390249,4.54636920168675
NA,NA,NA
659.723248248184,334.24539530831,3.45503974789664
457.205179165454,300.420906271011,3.96906986574067
11.9318197035482,493.340897064559,3.5024646917296
556.200405516621,48.9668623183914,4.18601239504775
70.9874993396802,376.816775560041,4.02202408345455
230.273249531837,419.359171131278,3.88146428014423
426.926970117168,14.6618740892199,3.2804224267916
362.270323420967,294.216456635478,3.1410340267043
603.374308946611,100.801093126053,4.29857575449042
394.655893647924,228.809589283312,4.2686382731569
563.28066257407,410.424226688949,4.72589430847777
142.956456817689,279.675643615785,4.70216292234568
198.412641848648,370.283182243683,3.98836120674657
128.200384757082,412.139804749946,3.46745241850643
619.42820336727,309.391213981603,4.72958006241265
3.63338202858541,152.503242718632,4.21036497797967
540.82066990459,205.167674889093,4.13167717357967
34.6222574118073,490.97417156617,2.97976766884336
280.305049531716,21.6104292943581,4.12887440057976
534.340903762571,395.112030224934,3.45298226353306
71.0260298081186,78.7240250462278,5.36580336348116
3.43739181448603,72.1534667343383,3.56534472076551
586.135832232757,225.371458758608,3.94598890946596
442.445756867643,459.218375050083,4.76081638739218
659.779239298629,374.182114180584,2.95571734308945
103.071466280211,480.482963561378,4.33824097620466
624.487160237424,89.5826742470147,4.08114888641379
420.201460306646,261.489625158267,3.66319127750412
13.5365902248933,179.769894761778,3.17461446551518
61.8490627033511,108.297801609861,4.71554459446435
601.726662868726,200.248291342311,4.18438999042923
259.096497381423,224.297559648239,3.83454562903544
578.254863346773,434.181587043558,3.72148875900258
304.036038216648,133.464503737522,3.90112472077548
536.57230623608,458.932210791721,3.70302728540086
46.1866349786712,408.821456160022,4.19523593413686
207.127478734963,287.530921621002,4.4188748428419
564.826199264976,258.74423592354,3.67311639089966
190.556229970129,29.8440288434224,4.33717820697098
505.615065950454,347.001395531056,4.58143015410789
39.5280065189358,59.2405563953657,3.30292942265142
524.792443733494,163.911206390249,4.54636920168675
NA,NA,NA
663.914362481488,331.916233691121,3.59083408898335
453.788237267503,300.632618238199,3.4648764531878
8.73773555156199,494.818300894035,3.44587434494744
561.797465530795,51.5940893661682,4.20515946045356
67.6683988031145,378.725488752491,3.95379499556651
226.978821224277,417.493067898081,3.90632148785904
428.615661616416,12.6402051513735,3.23112127333492
362.335462055876,292.57665807333,3.13289529667805
607.21505166054,108.387271279564,4.30089725742046
389.03064209747,227.797203065259,4.15432778948272
569.179751950383,414.318579294598,4.76860720978505
142.280880770306,280.652461661241,4.61787773839129
199.533237244291,370.405775087961,3.77450142996696
124.235771306574,416.536555565412,3.38153280722541
622.545353249933,312.449536988556,4.64184159108408
1.48125625783252,148.564348769859,4.18038142709348
544.900320066102,203.386064342236,4.1995734338628
34.8323411510561,493.885320470672,2.92293862037398
277.635683706079,23.8832972619447,3.8679194879618
534.916156296694,391.903425153855,3.43736730546658
72.5816664816232,82.8323380653721,5.1427916397285
10.0898833939924,77.367297123069,3.61660915196122
589.705590806516,226.083581309348,4.03229821889978
436.742148798256,457.459608261801,4.67745099119727
656.721616233608,372.209739439034,3.00275888719847
108.294156591463,486.992082265927,4.45305409031037
623.53565295017,89.4883866515071,4.06097711919526
420.702991895008,258.359287428874,3.68381606055789
12.6913440563321,180.857421276351,2.91763289267972
72.721904168931,105.675908062512,4.49238389428455
617.767234503413,201.746266579187,4.44333297951543
255.098730722239,217.607093025692,3.80175985586946
577.151259618221,432.454012205701,4.11049467649262
302.110035179438,137.87360996316,3.8795082582228
529.497484532119,461.149918162717,3.67236118576256
40.3863777995303,416.920442851718,3.86768078011597
199.68909297443,295.317596884718,4.11300084857798
559.199422366616,257.08724957318,3.96371212882477
174.617888901336,29.9809289949044,4.40632693403832
495.553818139538,342.520347652323,4.68811433958139
34.5654237755336,50.6578412303622,3.54235305432439
536.480975666089,135.179619698555,4.6668650513935
NA,NA,NA
663.914362481488,331.916233691121,3.59083408898335
453.788237267503,300.632618238199,3.4648764531878
8.73773555156199,494.818300894035,3.44587434494744
561.797465530795,51.5940893661682,4.20515946045356
67.6683988031145,378.725488752491,3.95379499556651
226.978821224277,417.493067898081,3.90632148785904
428.615661616416,12.6402051513735,3.23112127333492
362.335462055876,292.57665807333,3.13289529667805
607.21505166054,108.387271279564,4.30089725742046
389.03064209747,227.797203065259,4.15432778948272
569.179751950383,414.318579294598,4.76860720978505
142.280880770306,280.652461661241,4.61787773839129
199.533237244291,370.405775087961,3.77450142996696
124.235771306574,416.536555565412,3.38153280722541
622.545353249933,312.449536988556,4.64184159108408
1.48125625783252,148.564348769859,4.18038142709348
544.900320066102,203.386064342236,4.1995734338628
34.8323411510561,493.885320470672,2.92293862037398
277.635683706079,23.8832972619447,3.8679194879618
534.916156296694,391.903425153855,3.43736730546658
72.5816664816232,82.8323380653721,5.1427916397285
10.0898833939924,77.367297123069,3.61660915196122
589.705590806516,226.083581309348,4.03229821889978
436.742148798256,457.459608261801,4.67745099119727
656.721616233608,372.209739439034,3.00275888719847
108.294156591463,486.992082265927,4.45305409031037
623.53565295017,89.4883866515071,4.06097711919526
420.702991895008,258.359287428874,3.68381606055789
12.6913440563321,180.857421276351,2.91763289267972
72.721904168931,105.675908062512,4.49238389428455
617.767234503413,201.746266579187,4.44333297951543
255.098730722239,217.607093025692,3.80175985586946
577.151259618221,432.454012205701,4.11049467649262
302.110035179438,137.87360996316,3.8795082582228
529.497484532119,461.149918162717,3.67236118576256
40.3863777995303,416.920442851718,3.86768078011597
199.68909297443,295.317596884718,4.11300084857798
559.199422366616,257.08724957318,3.96371212882477
174.617888901336,29.9809289949044,4.40632693403832
495.553818139538,342.520347652323,4.68811433958139
34.5654237755336,50.6578412303622,3.54235305432439
536.480975666089,135.179619698555,4.6668650513935
NA,NA,NA
663.914362481488,331.916233691121,3.59083408898335
453.788237267503,300.632618238199,3.4648764531878
8.73773555156199,494.818300894035,3.44587434494744
561.797465530795,51.5940893661682,4.20515946045356
67.6683988031145,378.725488752491,3.95379499556651
226.978821224277,417.493067898081,3.90632148785904
428.615661616416,12.6402051513735,3.23112127333492
362.335462055876,292.57665807333,3.13289529667805
607.21505166054,108.387271279564,4.30089725742046
389.03064209747,227.797203065259,4.15432778948272
569.179751950383,414.318579294598,4.76860720978505
142.280880770306,280.652461661241,4.61787773839129
199.533237244291,370.405775087961,3.77450142996696
124.235771306574,416.536555565412,3.38153280722541
622.545353249933,312.449536988556,4.64184159108408
1.48125625783252,148.564348769859,4.18038142709348
544.900320066102,203.386064342236,4.1995734338628
34.8323411510561,493.885320470672,2.92293862037398
277.635683706079,23.8832972619447,3.8679194879618
534.916156296694,391.903425153855,3.43736730546658
72.5816664816232,82.8323380653721,5.1427916397285
10.0898833939924,77.367297123069,3.61660915196122
589.705590806516,226.083581309348,4.03229821889978
436.742148798256,457.459608261801,4.67745099119727
656.721616233608,372.209739439034,3.00275888719847
108.294156591463,486.992082265927,4.45305409031037
623.53565295017,89.4883866515071,4.06097711919526
420.702991895008,258.359287428874,3.68381606055789
12.6913440563321,180.857421276351,2.91763289267972
72.721904168931,105.675908062512,4.49238389428455
617.767234503413,201.746266579187,4.44333297951543
255.098730722239,217.607093025692,3.80175985586946
577.151259618221,432.454012205701,4.11049467649262
302.110035179438,137.87360996316,3.8795082582228
529.497484532119,461.149918162717,3.67236118576256
40.3863777995303,416.920442851718,3.86768078011597
199.68909297443,295.317596884718,4.11300084857798
559.199422366616,257.08724957318,3.96371212882477
174.617888901336,29.9809289949044,4.40632693403832
495.553818139538,342.520347652323,4.68811433958139
34.5654237755336,50.6578412303622,3.54235305432439
536.480975666089,135.179619698555,4.6668650513935
NA,NA,NA
663.914362481488,331.916233691121,3.59083408898335
453.788237267503,300.632618238199,3.4648764531878
8.73773555156199,494.818300894035,3.44587434494744
561.797465530795,51.5940893661682,4.20515946045356
67.6683988031145,378.725488752491,3.95379499556651
226.978821224277,417.493067898081,3.90632148785904
428.615661616416,12.6402051513735,3.23112127333492
362.335462055876,292.57665807333,3.13289529667805
607.21505166054,108.387271279564,4.30089725742046
389.03064209747,227.797203065259,4.15432778948272
569.179751950383,414.318579294598,4.76860720978505
142.280880770306,280.652461661241,4.61787773839129
199.533237244291,370.405775087961,3.77450142996696
124.235771306574,416.536555565412,3.38153280722541
622.545353249933,312.449536988556,4.64184159108408
1.48125625783252,148.564348769859,4.18038142709348
544.900320066102,203.386064342236,4.1995734338628
34.8323411510561,493.885320470672,2.92293862037398
277.635683706079,23.8832972619447,3.8679194879618
534.916156296694,391.903425153855,3.43736730546658
72.5816664816232,82.8323380653721,5.1427916397285
10.0898833939924,77.367297123069,3.61660915196122
589.705590806516,226.083581309348,4.03229821889978
436.742148798256,457.459608261801,4.67745099119727
656.721616233608,372.209739439034,3.00275888719847
108.294156591463,486.992082265927,4.45305409031037
623.53565295017,89.4883866515071,4.06097711919526
420.702991895008,258.359287428874,3.68381606055789
12.6913440563321,180.857421276351,2.91763289267972
72.721904168931,105.675908062512,4.49238389428455
617.767234503413,201.746266579187,4.44333297951543
255.098730722239,217.607093025692,3.80175985586946
577.151259618221,432.454012205701,4.11049467649262
302.110035179438,137.87360996316,3.8795082582228
529.497484532119,461.149918162717,3.67236118576256
40.3863777995303,416.920442851718,3.86768078011597
199.68909297443,295.317596884718,4.11300084857798
559.199422366616,257.08724957318,3.96371212882477
174.617888901336,29.9809289949044,4.40632693403832
495.553818139538,342.520347652323,4.68811433958139
34.5654237755336,50.6578412303622,3.54235305432439
536.480975666089,135.179619698555,4.6668650513935
NA,NA,NA
663.914362481488,331.916233691121,3.59083408898335
453.788237267503,300.632618238199,3.4648764531878
8.73773555156199,494.818300894035,3.44587434494744
561.797465530795,51.5940893661682,4.20515946045356
67.6683988031145,378.725488752491,3.95379499556651
226.978821224277,417.493067898081,3.90632148785904
428.615661616416,12.6402051513735,3.23112127333492
362.335462055876,292.57665807333,3.13289529667805
607.21505166054,108.387271279564,4.30089725742046
389.03064209747,227.797203065259,4.15432778948272
569.179751950383,414.318579294598,4.76860720978505
142.280880770306,280.652461661241,4.61787773839129
199.533237244291,370.405775087961,3.77450142996696
124.235771306574,416.536555565412,3.38153280722541
622.545353249933,312.449536988556,4.64184159108408
1.48125625783252,148.564348769859,4.18038142709348
544.900320066102,203.386064342236,4.1995734338628
34.8323411510561,493.885320470672,2.92293862037398
277.635683706079,23.8832972619447,3.8679194879618
534.916156296694,391.903425153855,3.43736730546658
72.5816664816232,82.8323380653721,5.1427916397285
10.0898833939924,77.367297123069,3.61660915196122
589.705590806516,226.083581309348,4.03229821889978
436.742148798256,457.459608261801,4.67745099119727
656.721616233608,372.209739439034,3.00275888719847
108.294156591463,486.992082265927,4.45305409031037
623.53565295017,89.4883866515071,4.06097711919526
420.702991895008,258.359287428874,3.68381606055789
12.6913440563321,180.857421276351,2.91763289267972
72.721904168931,105.675908062512,4.49238389428455
617.767234503413,201.746266579187,4.44333297951543
255.098730722239,217.607093025692,3.80175985586946
577.151259618221,432.454012205701,4.11049467649262
302.110035179438,137.87360996316,3.8795082582228
529.497484532119,461.149918162717,3.67236118576256
40.3863777995303,416.920442851718,3.86768078011597
199.68909297443,295.317596884718,4.11300084857798
559.199422366616,257.08724957318,3.96371212882477
174.617888901336,29.9809289949044,4.40632693403832
495.553818139538,342.520347652323,4.68811433958139
34.5654237755336,50.6578412303622,3.54235305432439
536.480975666089,135.179619698555,4.6668650513935
NA,NA,NA
663.914362481488,331.916233691121,3.59083408898335
453.788237267503,300.632618238199,3.4648764531878
8.73773555156199,494.818300894035,3.44587434494744
561.797465530795,51.5940893661682,4.20515946045356
67.6683988031145,378.725488752491,3.95379499556651
226.978821224277,417.493067898081,3.90632148785904
428.615661616416,12.6402051513735,3.23112127333492
362.335462055876,292.57665807333,3.13289529667805
607.21505166054,108.387271279564,4.30089725742046
389.03064209747,227.797203065259,4.15432778948272
569.179751950383,414.318579294598,4.76860720978505
142.280880770306,280.652461661241,4.61787773839129
199.533237244291,370.405775087961,3.77450142996696
124.235771306574,416.536555565412,3.38153280722541
622.545353249933,312.449536988556,4.64184159108408
1.48125625783252,148.564348769859,4.18038142709348
544.900320066102,203.386064342236,4.1995734338628
34.8323411510561,493.885320470672,2.92293862037398
277.635683706079,23.8832972619447,3.8679194879618
534.916156296694,391.903425153855,3.43736730546658
72.5816664816232,82.8323380653721,5.1427916397285
10.0898833939924,77.367297123069,3.61660915196122
589.705590806516,226.083581309348,4.03229821889978
436.742148798256,457.459608261801,4.67745099119727
656.721616233608,372.209739439034,3.00275888719847
108.294156591463,486.992082265927,4.45305409031037
623.53565295017,89.4883866515071,4.06097711919526
420.702991895008,258.359287428874,3.68381606055789
12.6913440563321,180.857421276351,2.91763289267972
72.721904168931,105.675908062512,4.49238389428455
617.767234503413,201.746266579187,4.44333297951543
255.098730722239,217.607093025692,3.80175985586946
577.151259618221,432.454012205701,4.11049467649262
302.110035179438,137.87360996316,3.8795082582228
529.497484532119,461.149918162717,3.67236118576256
40.3863777995303,416.920442851718,3.86768078011597
199.68909297443,295.317596884718,4.11300084857798
559.199422366616,257.08724957318,3.96371212882477
174.617888901336,29.9809289949044,4.40632693403832
495.553818139538,342.520347652323,4.68811433958139
34.5654237755336,50.6578412303622,3.54235305432439
536.480975666089,135.179619698555,4.6668650513935
NA,NA,NA
665.168169934116,332.344997138894,3.64099915378158
454.971276993281,295.810662363572,3.58892215512269
5.2865475322915,493.43971672377,3.71605555629819
560.627664273476,52.4038367509568,4.20887287182516
75.7394598227871,376.416399112456,3.87689629771009
229.85484135731,414.320848747008,3.84354352496393
426.912081311506,14.4021901265001,3.24062285490484
361.422795899967,292.028321964885,3.14318182242703
604.191387123182,106.189684112683,4.18758310544842
394.901591800812,231.159875094273,4.08896229490627
574.214154724671,407.701671898778,4.70108897910689
146.774001035284,281.592399088251,4.5545369588698
198.683183319444,366.589946616595,4.00748943871864
127.944861713989,412.942024599832,3.53017155749893
622.402396107305,318.524454094734,4.56658470824165
7.58473586460045,151.034299196925,4.30281028248146
543.736263293079,201.44186496557,4.19382354079702
36.3912998431863,490.609958210729,3.13248080028085
279.454030323826,23.8500747297813,3.80218766484456
534.197796719611,393.622001437023,3.37957561542763
76.4198858945547,77.2043581933148,5.24225334159773
2.285927743258,76.7696234122873,3.56947685626881
586.558502496819,227.648365196581,4.13581269866401
447.725187347103,457.510319095297,4.73540056202558
658.479457641093,373.181489267742,3.0503206362904
108.675559949337,482.859605166651,4.30633971982454
622.483724158828,89.7055011142694,4.00919814366184
422.447775109971,257.650433891626,3.72948122318762
13.6623253603126,180.826302073595,3.09769015958566
71.1438203927987,122.952990071004,4.32289548889451
606.269715083308,199.104779069245,4.1565048140292
257.296713350149,227.073079382049,4.07494248192575
572.360687871017,442.044387926918,3.70979536980299
296.280837918606,139.338510093918,3.96864023755969
528.944288096926,460.125872920364,3.4264436301736
36.1231358386016,415.943786863196,3.87310055990615
194.569394841368,293.187544698308,4.02769438547821
558.415371056588,249.990746184243,4.18429517747201
171.260446688236,19.151259490405,4.06952389445907
500.364819156382,353.492689706605,4.80959823269433
31.9567118693998,54.16301641039,3.68332584851524
514.229330424289,136.49112600419,4.51898140997532
NA,NA,NA
665.168169934116,332.344997138894,3.64099915378158
454.971276993281,295.810662363572,3.58892215512269
5.2865475322915,493.43971672377,3.71605555629819
560.627664273476,52.4038367509568,4.20887287182516
75.7394598227871,376.416399112456,3.87689629771009
229.85484135731,414.320848747008,3.84354352496393
426.912081311506,14.4021901265001,3.24062285490484
361.422795899967,292.028321964885,3.14318182242703
604.191387123182,106.189684112683,4.18758310544842
394.901591800812,231.159875094273,4.08896229490627
574.214154724671,407.701671898778,4.70108897910689
146.774001035284,281.592399088251,4.5545369588698
198.683183319444,366.589946616595,4.00748943871864
127.944861713989,412.942024599832,3.53017155749893
622.402396107305,318.524454094734,4.56658470824165
7.58473586460045,151.034299196925,4.30281028248146
543.736263293079,201.44186496557,4.19382354079702
36.3912998431863,490.609958210729,3.13248080028085
279.454030323826,23.8500747297813,3.80218766484456
534.197796719611,393.622001437023,3.37957561542763
76.4198858945547,77.2043581933148,5.24225334159773
2.285927743258,76.7696234122873,3.56947685626881
586.558502496819,227.648365196581,4.13581269866401
447.725187347103,457.510319095297,4.73540056202558
658.479457641093,373.181489267742,3.0503206362904
108.675559949337,482.859605166651,4.30633971982454
622.483724158828,89.7055011142694,4.00919814366184
422.447775109971,257.650433891626,3.72948122318762
13.6623253603126,180.826302073595,3.09769015958566
71.1438203927987,122.952990071004,4.32289548889451
606.269715083308,199.104779069245,4.1565048140292
257.296713350149,227.073079382049,4.07494248192575
572.360687871017,442.044387926918,3.70979536980299
296.280837918606,139.338510093918,3.96864023755969
528.944288096926,460.125872920364,3.4264436301736
36.1231358386016,415.943786863196,3.87310055990615
194.569394841368,293.187544698308,4.02769438547821
558.415371056588,249.990746184243,4.18429517747201
171.260446688236,19.151259490405,4.06952389445907
500.364819156382,353.492689706605,4.80959823269433
31.9567118693998,54.16301641039,3.68332584851524
514.229330424289,136.49112600419,4.51898140997532
NA,NA,NA
665.168169934116,332.344997138894,3.64099915378158
454.971276993281,295.810662363572,3.58892215512269
5.2865475322915,493.43971672377,3.71605555629819
560.627664273476,52.4038367509568,4.20887287182516
75.7394598227871,376.416399112456,3.87689629771009
229.85484135731,414.320848747008,3.84354352496393
426.912081311506,14.4021901265001,3.24062285490484
361.422795899967,292.028321964885,3.14318182242703
604.191387123182,106.189684112683,4.18758310544842
394.901591800812,231.159875094273,4.08896229490627
574.214154724671,407.701671898778,4.70108897910689
146.774001035284,281.592399088251,4.5545369588698
198.683183319444,366.589946616595,4.00748943871864
127.944861713989,412.942024599832,3.53017155749893
622.402396107305,318.524454094734,4.56658470824165
7.58473586460045,151.034299196925,4.30281028248146
543.736263293079,201.44186496557,4.19382354079702
36.3912998431863,490.609958210729,3.13248080028085
279.454030323826,23.8500747297813,3.80218766484456
534.197796719611,393.622001437023,3.37957561542763
76.4198858945547,77.2043581933148,5.24225334159773
2.285927743258,76.7696234122873,3.56947685626881
586.558502496819,227.648365196581,4.13581269866401
447.725187347103,457.510319095297,4.73540056202558
658.479457641093,373.181489267742,3.0503206362904
108.675559949337,482.859605166651,4.30633971982454
622.483724158828,89.7055011142694,4.00919814366184
422.447775109971,257.650433891626,3.72948122318762
13.6623253603126,180.826302073595,3.09769015958566
71.1438203927987,122.952990071004,4.32289548889451
606.269715083308,199.104779069245,4.1565048140292
257.296713350149,227.073079382049,4.07494248192575
572.360687871017,442.044387926918,3.70979536980299
296.280837918606,139.338510093918,3.96864023755969
528.944288096926,460.125872920364,3.4264436301736
36.1231358386016,415.943786863196,3.87310055990615
194.569394841368,293.187544698308,4.02769438547821
558.415371056588,249.990746184243,4.18429517747201
171.260446688236,19.151259490405,4.06952389445907
500.364819156382,353.492689706605,4.80959823269433
31.9567118693998,54.16301641039,3.68332584851524
514.229330424289,136.49112600419,4.51898140997532
NA,NA,NA
665.168169934116,332.344997138894,3.64099915378158
454.971276993281,295.810662363572,3.58892215512269
5.2865475322915,493.43971672377,3.71605555629819
560.627664273476,52.4038367509568,4.20887287182516
75.7394598227871,376.416399112456,3.87689629771009
229.85484135731,414.320848747008,3.84354352496393
426.912081311506,14.4021901265001,3.24062285490484
361.422795899967,292.028321964885,3.14318182242703
604.191387123182,106.189684112683,4.18758310544842
394.901591800812,231.159875094273,4.08896229490627
574.214154724671,407.701671898778,4.70108897910689
146.774001035284,281.592399088251,4.5545369588698
198.683183319444,366.589946616595,4.00748943871864
127.944861713989,412.942024599832,3.53017155749893
622.402396107305,318.524454094734,4.56658470824165
7.58473586460045,151.034299196925,4.30281028248146
543.736263293079,201.44186496557,4.19382354079702
36.3912998431863,490.609958210729,3.13248080028085
279.454030323826,23.8500747297813,3.80218766484456
534.197796719611,393.622001437023,3.37957561542763
76.4198858945547,77.2043581933148,5.24225334159773
2.285927743258,76.7696234122873,3.56947685626881
586.558502496819,227.648365196581,4.13581269866401
447.725187347103,457.510319095297,4.73540056202558
658.479457641093,373.181489267742,3.0503206362904
108.675559949337,482.859605166651,4.30633971982454
622.483724158828,89.7055011142694,4.00919814366184
422.447775109971,257.650433891626,3.72948122318762
13.6623253603126,180.826302073595,3.09769015958566
71.1438203927987,122.952990071004,4.32289548889451
606.269715083308,199.104779069245,4.1565048140292
257.296713350149,227.073079382049,4.07494248192575
572.360687871017,442.044387926918,3.70979536980299
296.280837918606,139.338510093918,3.96864023755969
528.944288096926,460.125872920364,3.4264436301736
36.1231358386016,415.943786863196,3.87310055990615
194.569394841368,293.187544698308,4.02769438547821
558.415371056588,249.990746184243,4.18429517747201
171.260446688236,19.151259490405,4.06952389445907
500.364819156382,353.492689706605,4.80959823269433
31.9567118693998,54.16301641039,3.68332584851524
514.229330424289,136.49112600419,4.51898140997532
NA,NA,NA
665.168169934116,332.344997138894,3.64099915378158
454.971276993281,295.810662363572,3.58892215512269
5.2865475322915,493.43971672377,3.71605555629819
560.627664273476,52.4038367509568,4.20887287182516
75.7394598227871,376.416399112456,3.87689629771009
229.85484135731,414.320848747008,3.84354352496393
426.912081311506,14.4021901265001,3.24062285490484
361.422795899967,292.028321964885,3.14318182242703
604.191387123182,106.189684112683,4.18758310544842
394.901591800812,231.159875094273,4.08896229490627
574.214154724671,407.701671898778,4.70108897910689
146.774001035284,281.592399088251,4.5545369588698
198.683183319444,366.589946616595,4.00748943871864
127.944861713989,412.942024599832,3.53017155749893
622.402396107305,318.524454094734,4.56658470824165
7.58473586460045,151.034299196925,4.30281028248146
543.736263293079,201.44186496557,4.19382354079702
36.3912998431863,490.609958210729,3.13248080028085
279.454030323826,23.8500747297813,3.80218766484456
534.197796719611,393.622001437023,3.37957561542763
76.4198858945547,77.2043581933148,5.24225334159773
2.285927743258,76.7696234122873,3.56947685626881
586.558502496819,227.648365196581,4.13581269866401
447.725187347103,457.510319095297,4.73540056202558
658.479457641093,373.181489267742,3.0503206362904
108.675559949337,482.859605166651,4.30633971982454
622.483724158828,89.7055011142694,4.00919814366184
422.447775109971,257.650433891626,3.72948122318762
13.6623253603126,180.826302073595,3.09769015958566
71.1438203927987,122.952990071004,4.32289548889451
606.269715083308,199.104779069245,4.1565048140292
257.296713350149,227.073079382049,4.07494248192575
572.360687871017,442.044387926918,3.70979536980299
296.280837918606,139.338510093918,3.96864023755969
528.944288096926,460.125872920364,3.4264436301736
36.1231358386016,415.943786863196,3.87310055990615
194.569394841368,293.187544698308,4.02769438547821
558.415371056588,249.990746184243,4.18429517747201
171.260446688236,19.151259490405,4.06952389445907
500.364819156382,353.492689706605,4.80959823269433
31.9567118693998,54.16301641039,3.68332584851524
514.229330424289,136.49112600419,4.51898140997532
NA,NA,NA
665.168169934116,332.344997138894,3.64099915378158
454.971276993281,295.810662363572,3.58892215512269
5.2865475322915,493.43971672377,3.71605555629819
560.627664273476,52.4038367509568,4.20887287182516
75.7394598227871,376.416399112456,3.87689629771009
229.85484135731,414.320848747008,3.84354352496393
426.912081311506,14.4021901265001,3.24062285490484
361.422795899967,292.028321964885,3.14318182242703
604.191387123182,106.189684112683,4.18758310544842
394.901591800812,231.159875094273,4.08896229490627
574.214154724671,407.701671898778,4.70108897910689
146.774001035284,281.592399088251,4.5545369588698
198.683183319444,366.589946616595,4.00748943871864
127.944861713989,412.942024599832,3.53017155749893
622.402396107305,318.524454094734,4.56658470824165
7.58473586460045,151.034299196925,4.30281028248146
543.736263293079,201.44186496557,4.19382354079702
36.3912998431863,490.609958210729,3.13248080028085
279.454030323826,23.8500747297813,3.80218766484456
534.197796719611,393.622001437023,3.37957561542763
76.4198858945547,77.2043581933148,5.24225334159773
2.285927743258,76.7696234122873,3.56947685626881
586.558502496819,227.648365196581,4.13581269866401
447.725187347103,457.510319095297,4.73540056202558
658.479457641093,373.181489267742,3.0503206362904
108.675559949337,482.859605166651,4.30633971982454
622.483724158828,89.7055011142694,4.00919814366184
422.447775109971,257.650433891626,3.72948122318762
13.6623253603126,180.826302073595,3.09769015958566
71.1438203927987,122.952990071004,4.32289548889451
606.269715083308,199.104779069245,4.1565048140292
257.296713350149,227.073079382049,4.07494248192575
572.360687871017,442.044387926918,3.70979536980299
296.280837918606,139.338510093918,3.96864023755969
528.944288096926,460.125872920364,3.4264436301736
36.1231358386016,415.943786863196,3.87310055990615
194.569394841368,293.187544698308,4.02769438547821
558.415371056588,249.990746184243,4.18429517747201
171.260446688236,19.151259490405,4.06952389445907
500.364819156382,353.492689706605,4.80959823269433
31.9567118693998,54.16301641039,3.68332584851524
514.229330424289,136.49112600419,4.51898140997532
NA,NA,NA
661.691361140714,336.336337600109,3.5066990265018
457.238243278675,298.091780982624,3.83913255735145
11.7413828013834,496.364690669814,3.54224698954843
561.323435894345,53.6004117426891,4.22015258941076
67.2780806784294,379.357342257958,3.94414555263124
229.155732575712,417.096902239075,3.98647932442938
431.314568098046,14.3394287138684,3.21556831462562
361.854226275243,291.554392550628,3.09798480510014
603.293302594847,106.530281000051,4.2535020227684
385.958895508539,229.754642785584,4.10751149268193
571.476278337832,406.983676384226,4.68480061220236
144.513728970619,277.960088056821,4.48777905525798
203.292105144028,367.279821585438,4.06067030358849
126.624942946763,410.375832944575,3.4028481854286
625.884897091441,313.27538924718,4.55738401901775
1.2073335928502,150.783891935343,4.36699754371319
541.220143564128,202.574126575351,4.21081289338809
34.8972889818613,490.148809858156,2.88696102602707
280.352643386869,20.2390607886901,3.89997055607129
532.319188793777,392.141980866716,3.45589618885287
77.6903465961328,76.5854828857563,5.29345614991281
7.04187390380008,74.3766451235681,3.70339185691352
588.293810987529,229.669117991592,4.03128744341641
443.447189698777,462.804683938762,4.69720043481041
657.154100810014,376.121319099411,3.01229187103673
104.433088259684,487.932924163016,4.41308656485795
623.422738647199,93.1413158963657,4.12179747089892
420.724416253075,258.842349013256,3.66004132582796
10.8148050834894,181.679107830573,3.20648249866089
68.9991736748545,114.586210294957,4.47569798895457
604.800262055414,209.05248292988,4.19518761666335
247.992654295438,217.569259520557,4.11262344151834
575.935347531889,428.271727917609,3.5925191017046
298.278286067671,138.441914616811,3.88701378463106
527.761111104736,457.427104921939,3.56916918582868
44.3945506039741,438.138777401807,3.96374954531775
209.228284882327,287.141704990183,3.61890828873497
554.479946644346,259.136792806008,3.53489878452318
170.290396814601,21.9156424121626,4.15255432184686
491.063158054198,340.065351648202,4.56834970926683
30.9248052018255,52.7213972937553,3.6422188080364
525.461115797929,137.543393501784,4.16041440742129
NA,NA,NA
661.691361140714,336.336337600109,3.5066990265018
457.238243278675,298.091780982624,3.83913255735145
11.7413828013834,496.364690669814,3.54224698954843
561.323435894345,53.6004117426891,4.22015258941076
67.2780806784294,379.357342257958,3.94414555263124
229.155732575712,417.096902239075,3.98647932442938
431.314568098046,14.3394287138684,3.21556831462562
361.854226275243,291.554392550628,3.09798480510014
603.293302594847,106.530281000051,4.2535020227684
385.958895508539,229.754642785584,4.10751149268193
571.476278337832,406.983676384226,4.68480061220236
144.513728970619,277.960088056821,4.48777905525798
203.292105144028,367.279821585438,4.06067030358849
126.624942946763,410.375832944575,3.4028481854286
625.884897091441,313.27538924718,4.55738401901775
1.2073335928502,150.783891935343,4.36699754371319
541.220143564128,202.574126575351,4.21081289338809
34.8972889818613,490.148809858156,2.88696102602707
280.352643386869,20.2390607886901,3.89997055607129
532.319188793777,392.141980866716,3.45589618885287
77.6903465961328,76.5854828857563,5.29345614991281
7.04187390380008,74.3766451235681,3.70339185691352
588.293810987529,229.669117991592,4.03128744341641
443.447189698777,462.804683938762,4.69720043481041
657.154100810014,376.121319099411,3.01229187103673
104.433088259684,487.932924163016,4.41308656485795
623.422738647199,93.1413158963657,4.12179747089892
420.724416253075,258.842349013256,3.66004132582796
10.8148050834894,181.679107830573,3.20648249866089
68.9991736748545,114.586210294957,4.47569798895457
604.800262055414,209.05248292988,4.19518761666335
247.992654295438,217.569259520557,4.11262344151834
575.935347531889,428.271727917609,3.5925191017046
298.278286067671,138.441914616811,3.88701378463106
527.761111104736,457.427104921939,3.56916918582868
44.3945506039741,438.138777401807,3.96374954531775
209.228284882327,287.141704990183,3.61890828873497
554.479946644346,259.136792806008,3.53489878452318
170.290396814601,21.9156424121626,4.15255432184686
491.063158054198,340.065351648202,4.56834970926683
30.9248052018255,52.7213972937553,3.6422188080364
525.461115797929,137.543393501784,4.16041440742129
NA,NA,NA
661.691361140714,336.336337600109,3.5066990265018
457.238243278675,298.091780982624,3.83913255735145
11.7413828013834,496.364690669814,3.54224698954843
561.323435894345,53.6004117426891,4.22015258941076
67.2780806784294,379.357342257958,3.94414555263124
229.155732575712,417.096902239075,3.98647932442938
431.314568098046,14.3394287138684,3.21556831462562
361.854226275243,291.554392550628,3.09798480510014
603.293302594847,106.530281000051,4.2535020227684
385.958895508539,229.754642785584,4.10751149268193
571.476278337832,406.983676384226,4.68480061220236
144.513728970619,277.960088056821,4.48777905525798
203.292105144028,367.279821585438,4.06067030358849
126.624942946763,410.375832944575,3.4028481854286
625.884897091441,313.27538924718,4.55738401901775
1.2073335928502,150.783891935343,4.36699754371319
541.220143564128,202.574126575351,4.21081289338809
34.8972889818613,490.148809858156,2.88696102602707
280.352643386869,20.2390607886901,3.89997055607129
532.319188793777,392.141980866716,3.45589618885287
77.6903465961328,76.5854828857563,5.29345614991281
7.04187390380008,74.3766451235681,3.70339185691352
588.293810987529,229.669117991592,4.03128744341641
443.447189698777,462.804683938762,4.69720043481041
657.154100810014,376.121319099411,3.01229187103673
104.433088259684,487.932924163016,4.41308656485795
623.422738647199,93.1413158963657,4.12179747089892
420.724416253075,258.842349013256,3.66004132582796
10.8148050834894,181.679107830573,3.20648249866089
68.9991736748545,114.586210294957,4.47569798895457
604.800262055414,209.05248292988,4.19518761666335
247.992654295438,217.569259520557,4.11262344151834
575.935347531889,428.271727917609,3.5925191017046
298.278286067671,138.441914616811,3.88701378463106
527.761111104736,457.427104921939,3.56916918582868
44.3945506039741,438.138777401807,3.96374954531775
209.228284882327,287.141704990183,3.61890828873497
554.479946644346,259.136792806008,3.53489878452318
170.290396814601,21.9156424121626,4.15255432184686
491.063158054198,340.065351648202,4.56834970926683
30.9248052018255,52.7213972937553,3.6422188080364
525.461115797929,137.543393501784,4.16041440742129
NA,NA,NA
661.691361140714,336.336337600109,3.5066990265018
457.238243278675,298.091780982624,3.83913255735145
11.7413828013834,496.364690669814,3.54224698954843
561.323435894345,53.6004117426891,4.22015258941076
67.2780806784294,379.357342257958,3.94414555263124
229.155732575712,417.096902239075,3.98647932442938
431.314568098046,14.3394287138684,3.21556831462562
361.854226275243,291.554392550628,3.09798480510014
603.293302594847,106.530281000051,4.2535020227684
385.958895508539,229.754642785584,4.10751149268193
571.476278337832,406.983676384226,4.68480061220236
144.513728970619,277.960088056821,4.48777905525798
203.292105144028,367.279821585438,4.06067030358849
126.624942946763,410.375832944575,3.4028481854286
625.884897091441,313.27538924718,4.55738401901775
1.2073335928502,150.783891935343,4.36699754371319
541.220143564128,202.574126575351,4.21081289338809
34.8972889818613,490.148809858156,2.88696102602707
280.352643386869,20.2390607886901,3.89997055607129
532.319188793777,392.141980866716,3.45589618885287
77.6903465961328,76.5854828857563,5.29345614991281
7.04187390380008,74.3766451235681,3.70339185691352
588.293810987529,229.669117991592,4.03128744341641
443.447189698777,462.804683938762,4.69720043481041
657.154100810014,376.121319099411,3.01229187103673
104.433088259684,487.932924163016,4.41308656485795
623.422738647199,93.1413158963657,4.12179747089892
420.724416253075,258.842349013256,3.66004132582796
10.8148050834894,181.679107830573,3.20648249866089
68.9991736748545,114.586210294957,4.47569798895457
604.800262055414,209.05248292988,4.19518761666335
247.992654295438,217.569259520557,4.11262344151834
575.935347531889,428.271727917609,3.5925191017046
298.278286067671,138.441914616811,3.88701378463106
527.761111104736,457.427104921939,3.56916918582868
44.3945506039741,438.138777401807,3.96374954531775
209.228284882327,287.141704990183,3.61890828873497
554.479946644346,259.136792806008,3.53489878452318
170.290396814601,21.9156424121626,4.15255432184686
491.063158054198,340.065351648202,4.56834970926683
30.9248052018255,52.7213972937553,3.6422188080364
525.461115797929,137.543393501784,4.16041440742129
NA,NA,NA
661.691361140714,336.336337600109,3.5066990265018
457.238243278675,298.091780982624,3.83913255735145
11.7413828013834,496.364690669814,3.54224698954843
561.323435894345,53.6004117426891,4.22015258941076
67.2780806784294,379.357342257958,3.94414555263124
229.155732575712,417.096902239075,3.98647932442938
431.314568098046,14.3394287138684,3.21556831462562
361.854226275243,291.554392550628,3.09798480510014
603.293302594847,106.530281000051,4.2535020227684
385.958895508539,229.754642785584,4.10751149268193
571.476278337832,406.983676384226,4.68480061220236
144.513728970619,277.960088056821,4.48777905525798
203.292105144028,367.279821585438,4.06067030358849
126.624942946763,410.375832944575,3.4028481854286
625.884897091441,313.27538924718,4.55738401901775
1.2073335928502,150.783891935343,4.36699754371319
541.220143564128,202.574126575351,4.21081289338809
34.8972889818613,490.148809858156,2.88696102602707
280.352643386869,20.2390607886901,3.89997055607129
532.319188793777,392.141980866716,3.45589618885287
77.6903465961328,76.5854828857563,5.29345614991281
7.04187390380008,74.3766451235681,3.70339185691352
588.293810987529,229.669117991592,4.03128744341641
443.447189698777,462.804683938762,4.69720043481041
657.154100810014,376.121319099411,3.01229187103673
104.433088259684,487.932924163016,4.41308656485795
623.422738647199,93.1413158963657,4.12179747089892
420.724416253075,258.842349013256,3.66004132582796
10.8148050834894,181.679107830573,3.20648249866089
68.9991736748545,114.586210294957,4.47569798895457
604.800262055414,209.05248292988,4.19518761666335
247.992654295438,217.569259520557,4.11262344151834
575.935347531889,428.271727917609,3.5925191017046
298.278286067671,138.441914616811,3.88701378463106
527.761111104736,457.427104921939,3.56916918582868
44.3945506039741,438.138777401807,3.96374954531775
209.228284882327,287.141704990183,3.61890828873497
554.479946644346,259.136792806008,3.53489878452318
170.290396814601,21.9156424121626,4.15255432184686
491.063158054198,340.065351648202,4.56834970926683
30.9248052018255,52.7213972937553,3.6422188080364
525.461115797929,137.543393501784,4.16041440742129
NA,NA,NA
661.691361140714,336.336337600109,3.5066990265018
457.238243278675,298.091780982624,3.83913255735145
11.7413828013834,496.364690669814,3.54224698954843
561.323435894345,53.6004117426891,4.22015258941076
67.2780806784294,379.357342257958,3.94414555263124
229.155732575712,417.096902239075,3.98647932442938
431.314568098046,14.3394287138684,3.21556831462562
361.854226275243,291.554392550628,3.09798480510014
603.293302594847,106.530281000051,4.2535020227684
385.958895508539,229.754642785584,4.10751149268193
571.476278337832,406.983676384226,4.68480061220236
144.513728970619,277.960088056821,4.48777905525798
203.292105144028,367.279821585438,4.06067030358849
126.624942946763,410.375832944575,3.4028481854286
625.884897091441,313.27538924718,4.55738401901775
1.2073335928502,150.783891935343,4.36699754371319
541.220143564128,202.574126575351,4.21081289338809
34.8972889818613,490.148809858156,2.88696102602707
280.352643386869,20.2390607886901,3.89997055607129
532.319188793777,392.141980866716,3.45589618885287
77.6903465961328,76.5854828857563,5.29345614991281
7.04187390380008,74.3766451235681,3.70339185691352
588.293810987529,229.669117991592,4.03128744341641
443.447189698777,462.804683938762,4.69720043481041
657.154100810014,376.121319099411,3.01229187103673
104.433088259684,487.932924163016,4.41308656485795
623.422738647199,93.1413158963657,4.12179747089892
420.724416253075,258.842349013256,3.66004132582796
10.8148050834894,181.679107830573,3.20648249866089
68.9991736748545,114.586210294957,4.47569798895457
604.800262055414,209.05248292988,4.19518761666335
247.992654295438,217.569259520557,4.11262344151834
575.935347531889,428.271727917609,3.5925191017046
298.278286067671,138.441914616811,3.88701378463106
527.761111104736,457.427104921939,3.56916918582868
44.3945506039741,438.138777401807,3.96374954531775
209.228284882327,287.141704990183,3.61890828873497
554.479946644346,259.136792806008,3.53489878452318
170.290396814601,21.9156424121626,4.15255432184686
491.063158054198,340.065351648202,4.56834970926683
30.9248052018255,52.7213972937553,3.6422188080364
525.461115797929,137.543393501784,4.16041440742129
NA,NA,NA
662.432834927644,332.822527558772,3.6620897640899
456.800394550743,299.897237138506,3.69936695962709
12.7788930135688,493.240454087189,3.60276712244554
558.284447813936,53.9119833852398,4.15837559741282
73.822654273182,380.244228194389,3.89806463463837
231.152337544132,413.509751281963,3.93807499833509
429.749490989291,10.3815623107305,3.22450896643106
358.639166687068,293.121404832856,3.07929792024322
598.997141863274,104.987989155765,4.24263197904432
392.111665229469,227.159018785144,4.2218079467595
563.212752913299,408.14663404671,4.70132878686688
136.449811764626,280.493147793892,4.52712202719195
205.79972959635,366.013850251144,4.10472442891566
124.480007210913,411.85156385112,3.36978985985461
624.564235665776,311.210795440173,4.4246614375465
1.77135374675781,152.698988650673,4.2909568775618
546.046891255516,207.029503527872,4.18235630851437
32.6405640996674,493.662268728783,2.99305568932458
282.567175356003,21.5981481991642,3.9169329155848
535.508088996584,391.60907479134,3.32683436977072
80.1040455032324,77.3537693147033,5.31473009959285
4.32980917704614,74.6973936334498,3.4437658363084
586.352119162852,225.353286908068,4.04017453156681
440.21828848705,459.741675370381,4.7140997362446
657.430032387078,373.608225367429,3.17317956213475
107.421176225531,493.430412440762,4.33079217418074
626.032931678053,93.114799891049,4.05506496667366
422.02775821336,259.027311785139,3.68890093978136
10.4656803294256,182.115163748582,3.14351445490927
63.5246370967544,116.051259099918,4.40207454833281
610.23023173206,183.056371012718,4.19894119881264
253.11015295279,219.389863567208,4.03639564356511
564.086048923142,431.284580263985,3.98537305722641
307.733718565969,136.50262834507,3.60630403136791
528.498897760227,458.074622824596,3.56604328932569
44.1527311364172,426.196601074553,4.10705493470647
198.81146968174,279.359089945009,3.88082782634195
546.483984854471,256.217523129289,3.71357634847584
169.85484692353,40.5335509109176,4.31860748686482
495.601775024746,350.496265788724,4.38731588861527
41.5145020979992,48.1945903935678,3.65497835588464
531.340196975741,126.526012161663,4.95346042251186
NA,NA,NA
662.432834927644,332.822527558772,3.6620897640899
456.800394550743,299.897237138506,3.69936695962709
12.7788930135688,493.240454087189,3.60276712244554
558.284447813936,53.9119833852398,4.15837559741282
73.822654273182,380.244228194389,3.89806463463837
231.152337544132,413.509751281963,3.93807499833509
429.749490989291,10.3815623107305,3.22450896643106
358.639166687068,293.121404832856,3.07929792024322
598.997141863274,104.987989155765,4.24263197904432
392.111665229469,227.159018785144,4.2218079467595
563.212752913299,408.14663404671,4.70132878686688
136.449811764626,280.493147793892,4.52712202719195
205.79972959635,366.013850251144,4.10472442891566
124.480007210913,411.85156385112,3.36978985985461
624.564235665776,311.210795440173,4.4246614375465
1.77135374675781,152.698988650673,4.2909568775618
546.046891255516,207.029503527872,4.18235630851437
32.6405640996674,493.662268728783,2.99305568932458
282.567175356003,21.5981481991642,3.9169329155848
535.508088996584,391.60907479134,3.32683436977072
80.1040455032324,77.3537693147033,5.31473009959285
4.32980917704614,74.6973936334498,3.4437658363084
586.352119162852,225.353286908068,4.04017453156681
440.21828848705,459.741675370381,4.7140997362446
657.430032387078,373.608225367429,3.17317956213475
107.421176225531,493.430412440762,4.33079217418074
626.032931678053,93.114799891049,4.05506496667366
422.02775821336,259.027311785139,3.68890093978136
10.4656803294256,182.115163748582,3.14351445490927
63.5246370967544,116.051259099918,4.40207454833281
610.23023173206,183.056371012718,4.19894119881264
253.11015295279,219.389863567208,4.03639564356511
564.086048923142,431.284580263985,3.98537305722641
307.733718565969,136.50262834507,3.60630403136791
528.498897760227,458.074622824596,3.56604328932569
44.1527311364172,426.196601074553,4.10705493470647
198.81146968174,279.359089945009,3.88082782634195
546.483984854471,256.217523129289,3.71357634847584
169.85484692353,40.5335509109176,4.31860748686482
495.601775024746,350.496265788724,4.38731588861527
41.5145020979992,48.1945903935678,3.65497835588464
531.340196975741,126.526012161663,4.95346042251186
NA,NA,NA
662.432834927644,332.822527558772,3.6620897640899
456.800394550743,299.897237138506,3.69936695962709
12.7788930135688,493.240454087189,3.60276712244554
558.284447813936,53.9119833852398,4.15837559741282
73.822654273182,380.244228194389,3.89806463463837
231.152337544132,413.509751281963,3.93807499833509
429.749490989291,10.3815623107305,3.22450896643106
358.639166687068,293.121404832856,3.07929792024322
598.997141863274,104.987989155765,4.24263197904432
392.111665229469,227.159018785144,4.2218079467595
563.212752913299,408.14663404671,4.70132878686688
136.449811764626,280.493147793892,4.52712202719195
205.79972959635,366.013850251144,4.10472442891566
124.480007210913,411.85156385112,3.36978985985461
624.564235665776,311.210795440173,4.4246614375465
1.77135374675781,152.698988650673,4.2909568775618
546.046891255516,207.029503527872,4.18235630851437
32.6405640996674,493.662268728783,2.99305568932458
282.567175356003,21.5981481991642,3.9169329155848
535.508088996584,391.60907479134,3.32683436977072
80.1040455032324,77.3537693147033,5.31473009959285
4.32980917704614,74.6973936334498,3.4437658363084
586.352119162852,225.353286908068,4.04017453156681
440.21828848705,459.741675370381,4.7140997362446
657.430032387078,373.608225367429,3.17317956213475
107.421176225531,493.430412440762,4.33079217418074
626.032931678053,93.114799891049,4.05506496667366
422.02775821336,259.027311785139,3.68890093978136
10.4656803294256,182.115163748582,3.14351445490927
63.5246370967544,116.051259099918,4.40207454833281
610.23023173206,183.056371012718,4.19894119881264
253.11015295279,219.389863567208,4.03639564356511
564.086048923142,431.284580263985,3.98537305722641
307.733718565969,136.50262834507,3.60630403136791
528.498897760227,458.074622824596,3.56604328932569
44.1527311364172,426.196601074553,4.10705493470647
198.81146968174,279.359089945009,3.88082782634195
546.483984854471,256.217523129289,3.71357634847584
169.85484692353,40.5335509109176,4.31860748686482
495.601775024746,350.496265788724,4.38731588861527
41.5145020979992,48.1945903935678,3.65497835588464
531.340196975741,126.526012161663,4.95346042251186
NA,NA,NA
662.432834927644,332.822527558772,3.6620897640899
456.800394550743,299.897237138506,3.69936695962709
12.7788930135688,493.240454087189,3.60276712244554
558.284447813936,53.9119833852398,4.15837559741282
73.822654273182,380.244228194389,3.89806463463837
231.152337544132,413.509751281963,3.93807499833509
429.749490989291,10.3815623107305,3.22450896643106
358.639166687068,293.121404832856,3.07929792024322
598.997141863274,104.987989155765,4.24263197904432
392.111665229469,227.159018785144,4.2218079467595
563.212752913299,408.14663404671,4.70132878686688
136.449811764626,280.493147793892,4.52712202719195
205.79972959635,366.013850251144,4.10472442891566
124.480007210913,411.85156385112,3.36978985985461
624.564235665776,311.210795440173,4.4246614375465
1.77135374675781,152.698988650673,4.2909568775618
546.046891255516,207.029503527872,4.18235630851437
32.6405640996674,493.662268728783,2.99305568932458
282.567175356003,21.5981481991642,3.9169329155848
535.508088996584,391.60907479134,3.32683436977072
80.1040455032324,77.3537693147033,5.31473009959285
4.32980917704614,74.6973936334498,3.4437658363084
586.352119162852,225.353286908068,4.04017453156681
440.21828848705,459.741675370381,4.7140997362446
657.430032387078,373.608225367429,3.17317956213475
107.421176225531,493.430412440762,4.33079217418074
626.032931678053,93.114799891049,4.05506496667366
422.02775821336,259.027311785139,3.68890093978136
10.4656803294256,182.115163748582,3.14351445490927
63.5246370967544,116.051259099918,4.40207454833281
610.23023173206,183.056371012718,4.19894119881264
253.11015295279,219.389863567208,4.03639564356511
564.086048923142,431.284580263985,3.98537305722641
307.733718565969,136.50262834507,3.60630403136791
528.498897760227,458.074622824596,3.56604328932569
44.1527311364172,426.196601074553,4.10705493470647
198.81146968174,279.359089945009,3.88082782634195
546.483984854471,256.217523129289,3.71357634847584
169.85484692353,40.5335509109176,4.31860748686482
495.601775024746,350.496265788724,4.38731588861527
41.5145020979992,48.1945903935678,3.65497835588464
531.340196975741,126.526012161663,4.95346042251186
NA,NA,NA
662.432834927644,332.822527558772,3.6620897640899
456.800394550743,299.897237138506,3.69936695962709
12.7788930135688,493.240454087189,3.60276712244554
558.284447813936,53.9119833852398,4.15837559741282
73.822654273182,380.244228194389,3.89806463463837
231.152337544132,413.509751281963,3.93807499833509
429.749490989291,10.3815623107305,3.22450896643106
358.639166687068,293.121404832856,3.07929792024322
598.997141863274,104.987989155765,4.24263197904432
392.111665229469,227.159018785144,4.2218079467595
563.212752913299,408.14663404671,4.70132878686688
136.449811764626,280.493147793892,4.52712202719195
205.79972959635,366.013850251144,4.10472442891566
124.480007210913,411.85156385112,3.36978985985461
624.564235665776,311.210795440173,4.4246614375465
1.77135374675781,152.698988650673,4.2909568775618
546.046891255516,207.029503527872,4.18235630851437
32.6405640996674,493.662268728783,2.99305568932458
282.567175356003,21.5981481991642,3.9169329155848
535.508088996584,391.60907479134,3.32683436977072
80.1040455032324,77.3537693147033,5.31473009959285
4.32980917704614,74.6973936334498,3.4437658363084
586.352119162852,225.353286908068,4.04017453156681
440.21828848705,459.741675370381,4.7140997362446
657.430032387078,373.608225367429,3.17317956213475
107.421176225531,493.430412440762,4.33079217418074
626.032931678053,93.114799891049,4.05506496667366
422.02775821336,259.027311785139,3.68890093978136
10.4656803294256,182.115163748582,3.14351445490927
63.5246370967544,116.051259099918,4.40207454833281
610.23023173206,183.056371012718,4.19894119881264
253.11015295279,219.389863567208,4.03639564356511
564.086048923142,431.284580263985,3.98537305722641
307.733718565969,136.50262834507,3.60630403136791
528.498897760227,458.074622824596,3.56604328932569
44.1527311364172,426.196601074553,4.10705493470647
198.81146968174,279.359089945009,3.88082782634195
546.483984854471,256.217523129289,3.71357634847584
169.85484692353,40.5335509109176,4.31860748686482
495.601775024746,350.496265788724,4.38731588861527
41.5145020979992,48.1945903935678,3.65497835588464
531.340196975741,126.526012161663,4.95346042251186
NA,NA,NA
662.432834927644,332.822527558772,3.6620897640899
456.800394550743,299.897237138506,3.69936695962709
12.7788930135688,493.240454087189,3.60276712244554
558.284447813936,53.9119833852398,4.15837559741282
73.822654273182,380.244228194389,3.89806463463837
231.152337544132,413.509751281963,3.93807499833509
429.749490989291,10.3815623107305,3.22450896643106
358.639166687068,293.121404832856,3.07929792024322
598.997141863274,104.987989155765,4.24263197904432
392.111665229469,227.159018785144,4.2218079467595
563.212752913299,408.14663404671,4.70132878686688
136.449811764626,280.493147793892,4.52712202719195
205.79972959635,366.013850251144,4.10472442891566
124.480007210913,411.85156385112,3.36978985985461
624.564235665776,311.210795440173,4.4246614375465
1.77135374675781,152.698988650673,4.2909568775618
546.046891255516,207.029503527872,4.18235630851437
32.6405640996674,493.662268728783,2.99305568932458
282.567175356003,21.5981481991642,3.9169329155848
535.508088996584,391.60907479134,3.32683436977072
80.1040455032324,77.3537693147033,5.31473009959285
4.32980917704614,74.6973936334498,3.4437658363084
586.352119162852,225.353286908068,4.04017453156681
440.21828848705,459.741675370381,4.7140997362446
657.430032387078,373.608225367429,3.17317956213475
107.421176225531,493.430412440762,4.33079217418074
626.032931678053,93.114799891049,4.05506496667366
422.02775821336,259.027311785139,3.68890093978136
10.4656803294256,182.115163748582,3.14351445490927
63.5246370967544,116.051259099918,4.40207454833281
610.23023173206,183.056371012718,4.19894119881264
253.11015295279,219.389863567208,4.03639564356511
564.086048923142,431.284580263985,3.98537305722641
307.733718565969,136.50262834507,3.60630403136791
528.498897760227,458.074622824596,3.56604328932569
44.1527311364172,426.196601074553,4.10705493470647
198.81146968174,279.359089945009,3.88082782634195
546.483984854471,256.217523129289,3.71357634847584
169.85484692353,40.5335509109176,4.31860748686482
495.601775024746,350.496265788724,4.38731588861527
41.5145020979992,48.1945903935678,3.65497835588464
531.340196975741,126.526012161663,4.95346042251186
NA,NA,NA
662.623676902185,333.685322937404,3.57457643594551
458.832500543299,299.210872257242,3.69849549627211
10.5274845482112,495.194473212425,3.69248243985149
562.787096912642,49.1909707920863,4.26059040416142
75.2680064883787,372.988537807995,3.86846614186258
225.056676587699,415.287878228206,3.79609085359819
426.477258377319,12.3270008302588,3.32153491971482
362.159589873867,292.137787491983,3.26291681988099
602.935869304662,103.246564234455,4.14552124376959
391.081262307719,235.11536442803,4.17232722600604
581.334089261143,412.256653869947,4.70817878434077
142.000854211295,282.649040809791,4.54941442785993
198.800951817484,369.269003055786,3.97028709761367
122.279450674574,410.397390673476,3.47643854508786
629.206080523619,310.909772173868,4.64397307866582
1.24762342392065,141.42140349953,4.22723772281923
543.054105050057,206.362607081581,4.23718487178038
36.434933203931,492.431431756992,2.89906504354034
281.359011347075,27.0996482513953,3.82225347415385
532.390100202596,391.352915880691,3.36478166089435
69.6296356912547,86.1279615863529,5.20376257484
6.3937963255871,72.3340339944586,3.45327239033301
593.330173945738,229.077089764345,4.040306700177
447.553698097906,467.308862990897,4.70555694046863
657.899513677245,372.437796351341,2.87631540689975
106.325951576838,488.541632554536,4.34562913761595
624.326135839853,90.2218306787132,4.07307459087902
417.355940852662,260.11148254701,3.72490661370813
9.66578833227454,179.532649049763,3.2133291513485
76.4590461407503,125.269982402022,4.56606709381866
619.007904022186,199.225488787977,4.26417178569371
260.666431982878,221.907509988411,3.71130125545713
569.25824093331,442.52260327997,3.66273720599142
304.213086344622,146.871331758404,3.83025839058392
530.8344897589,465.245543433664,3.7593741535413
53.6715287183792,415.015151396428,3.79309460137374
208.476373070911,290.371776320752,4.33023241958073
543.057084456649,265.813967311706,4.15531133440091
176.694881827667,37.6045773493555,4.35475768241782
492.206522704992,359.350957715958,4.53434208450487
32.2619388715617,44.9732737136534,3.48741244508155
520.082791090465,138.076453413624,4.58072280005358
NA,NA,NA
662.623676902185,333.685322937404,3.57457643594551
458.832500543299,299.210872257242,3.69849549627211
10.5274845482112,495.194473212425,3.69248243985149
562.787096912642,49.1909707920863,4.26059040416142
75.2680064883787,372.988537807995,3.86846614186258
225.056676587699,415.287878228206,3.79609085359819
426.477258377319,12.3270008302588,3.32153491971482
362.159589873867,292.137787491983,3.26291681988099
602.935869304662,103.246564234455,4.14552124376959
391.081262307719,235.11536442803,4.17232722600604
581.334089261143,412.256653869947,4.70817878434077
142.000854211295,282.649040809791,4.54941442785993
198.800951817484,369.269003055786,3.97028709761367
122.279450674574,410.397390673476,3.47643854508786
629.206080523619,310.909772173868,4.64397307866582
1.24762342392065,141.42140349953,4.22723772281923
543.054105050057,206.362607081581,4.23718487178038
36.434933203931,492.431431756992,2.89906504354034
281.359011347075,27.0996482513953,3.82225347415385
532.390100202596,391.352915880691,3.36478166089435
69.6296356912547,86.1279615863529,5.20376257484
6.3937963255871,72.3340339944586,3.45327239033301
593.330173945738,229.077089764345,4.040306700177
447.553698097906,467.308862990897,4.70555694046863
657.899513677245,372.437796351341,2.87631540689975
106.325951576838,488.541632554536,4.34562913761595
624.326135839853,90.2218306787132,4.07307459087902
417.355940852662,260.11148254701,3.72490661370813
9.66578833227454,179.532649049763,3.2133291513485
76.4590461407503,125.269982402022,4.56606709381866
619.007904022186,199.225488787977,4.26417178569371
260.666431982878,221.907509988411,3.71130125545713
569.25824093331,442.52260327997,3.66273720599142
304.213086344622,146.871331758404,3.83025839058392
530.8344897589,465.245543433664,3.7593741535413
53.6715287183792,415.015151396428,3.79309460137374
208.476373070911,290.371776320752,4.33023241958073
543.057084456649,265.813967311706,4.15531133440091
176.694881827667,37.6045773493555,4.35475768241782
492.206522704992,359.350957715958,4.53434208450487
32.2619388715617,44.9732737136534,3.48741244508155
520.082791090465,138.076453413624,4.58072280005358
NA,NA,NA
662.623676902185,333.685322937404,3.57457643594551
458.832500543299,299.210872257242,3.69849549627211
10.5274845482112,495.194473212425,3.69248243985149
562.787096912642,49.1909707920863,4.26059040416142
75.2680064883787,372.988537807995,3.86846614186258
225.056676587699,415.287878228206,3.79609085359819
426.477258377319,12.3270008302588,3.32153491971482
362.159589873867,292.137787491983,3.26291681988099
602.935869304662,103.246564234455,4.14552124376959
391.081262307719,235.11536442803,4.17232722600604
581.334089261143,412.256653869947,4.70817878434077
142.000854211295,282.649040809791,4.54941442785993
198.800951817484,369.269003055786,3.97028709761367
122.279450674574,410.397390673476,3.47643854508786
629.206080523619,310.909772173868,4.64397307866582
1.24762342392065,141.42140349953,4.22723772281923
543.054105050057,206.362607081581,4.23718487178038
36.434933203931,492.431431756992,2.89906504354034
281.359011347075,27.0996482513953,3.82225347415385
532.390100202596,391.352915880691,3.36478166089435
69.6296356912547,86.1279615863529,5.20376257484
6.3937963255871,72.3340339944586,3.45327239033301
593.330173945738,229.077089764345,4.040306700177
447.553698097906,467.308862990897,4.70555694046863
657.899513677245,372.437796351341,2.87631540689975
106.325951576838,488.541632554536,4.34562913761595
624.326135839853,90.2218306787132,4.07307459087902
417.355940852662,260.11148254701,3.72490661370813
9.66578833227454,179.532649049763,3.2133291513485
76.4590461407503,125.269982402022,4.56606709381866
619.007904022186,199.225488787977,4.26417178569371
260.666431982878,221.907509988411,3.71130125545713
569.25824093331,442.52260327997,3.66273720599142
304.213086344622,146.871331758404,3.83025839058392
530.8344897589,465.245543433664,3.7593741535413
53.6715287183792,415.015151396428,3.79309460137374
208.476373070911,290.371776320752,4.33023241958073
543.057084456649,265.813967311706,4.15531133440091
176.694881827667,37.6045773493555,4.35475768241782
492.206522704992,359.350957715958,4.53434208450487
32.2619388715617,44.9732737136534,3.48741244508155
520.082791090465,138.076453413624,4.58072280005358
NA,NA,NA
662.623676902185,333.685322937404,3.57457643594551
458.832500543299,299.210872257242,3.69849549627211
10.5274845482112,495.194473212425,3.69248243985149
562.787096912642,49.1909707920863,4.26059040416142
75.2680064883787,372.988537807995,3.86846614186258
225.056676587699,415.287878228206,3.79609085359819
426.477258377319,12.3270008302588,3.32153491971482
362.159589873867,292.137787491983,3.26291681988099
602.935869304662,103.246564234455,4.14552124376959
391.081262307719,235.11536442803,4.17232722600604
581.334089261143,412.256653869947,4.70817878434077
142.000854211295,282.649040809791,4.54941442785993
198.800951817484,369.269003055786,3.97028709761367
122.279450674574,410.397390673476,3.47643854508786
629.206080523619,310.909772173868,4.64397307866582
1.24762342392065,141.42140349953,4.22723772281923
543.054105050057,206.362607081581,4.23718487178038
36.434933203931,492.431431756992,2.89906504354034
281.359011347075,27.0996482513953,3.82225347415385
532.390100202596,391.352915880691,3.36478166089435
69.6296356912547,86.1279615863529,5.20376257484
6.3937963255871,72.3340339944586,3.45327239033301
593.330173945738,229.077089764345,4.040306700177
447.553698097906,467.308862990897,4.70555694046863
657.899513677245,372.437796351341,2.87631540689975
106.325951576838,488.541632554536,4.34562913761595
624.326135839853,90.2218306787132,4.07307459087902
417.355940852662,260.11148254701,3.72490661370813
9.66578833227454,179.532649049763,3.2133291513485
76.4590461407503,125.269982402022,4.56606709381866
619.007904022186,199.225488787977,4.26417178569371
260.666431982878,221.907509988411,3.71130125545713
569.25824093331,442.52260327997,3.66273720599142
304.213086344622,146.871331758404,3.83025839058392
530.8344897589,465.245543433664,3.7593741535413
53.6715287183792,415.015151396428,3.79309460137374
208.476373070911,290.371776320752,4.33023241958073
543.057084456649,265.813967311706,4.15531133440091
176.694881827667,37.6045773493555,4.35475768241782
492.206522704992,359.350957715958,4.53434208450487
32.2619388715617,44.9732737136534,3.48741244508155
520.082791090465,138.076453413624,4.58072280005358
NA,NA,NA
662.623676902185,333.685322937404,3.57457643594551
458.832500543299,299.210872257242,3.69849549627211
10.5274845482112,495.194473212425,3.69248243985149
562.787096912642,49.1909707920863,4.26059040416142
75.2680064883787,372.988537807995,3.86846614186258
225.056676587699,415.287878228206,3.79609085359819
426.477258377319,12.3270008302588,3.32153491971482
362.159589873867,292.137787491983,3.26291681988099
602.935869304662,103.246564234455,4.14552124376959
391.081262307719,235.11536442803,4.17232722600604
581.334089261143,412.256653869947,4.70817878434077
142.000854211295,282.649040809791,4.54941442785993
198.800951817484,369.269003055786,3.97028709761367
122.279450674574,410.397390673476,3.47643854508786
629.206080523619,310.909772173868,4.64397307866582
1.24762342392065,141.42140349953,4.22723772281923
543.054105050057,206.362607081581,4.23718487178038
36.434933203931,492.431431756992,2.89906504354034
281.359011347075,27.0996482513953,3.82225347415385
532.390100202596,391.352915880691,3.36478166089435
69.6296356912547,86.1279615863529,5.20376257484
6.3937963255871,72.3340339944586,3.45327239033301
593.330173945738,229.077089764345,4.040306700177
447.553698097906,467.308862990897,4.70555694046863
657.899513677245,372.437796351341,2.87631540689975
106.325951576838,488.541632554536,4.34562913761595
624.326135839853,90.2218306787132,4.07307459087902
417.355940852662,260.11148254701,3.72490661370813
9.66578833227454,179.532649049763,3.2133291513485
76.4590461407503,125.269982402022,4.56606709381866
619.007904022186,199.225488787977,4.26417178569371
260.666431982878,221.907509988411,3.71130125545713
569.25824093331,442.52260327997,3.66273720599142
304.213086344622,146.871331758404,3.83025839058392
530.8344897589,465.245543433664,3.7593741535413
53.6715287183792,415.015151396428,3.79309460137374
208.476373070911,290.371776320752,4.33023241958073
543.057084456649,265.813967311706,4.15531133440091
176.694881827667,37.6045773493555,4.35475768241782
492.206522704992,359.350957715958,4.53434208450487
32.2619388715617,44.9732737136534,3.48741244508155
520.082791090465,138.076453413624,4.58072280005358
NA,NA,NA
662.623676902185,333.685322937404,3.57457643594551
458.832500543299,299.210872257242,3.69849549627211
10.5274845482112,495.194473212425,3.69248243985149
562.787096912642,49.1909707920863,4.26059040416142
75.2680064883787,372.988537807995,3.86846614186258
225.056676587699,415.287878228206,3.79609085359819
426.477258377319,12.3270008302588,3.32153491971482
362.159589873867,292.137787491983,3.26291681988099
602.935869304662,103.246564234455,4.14552124376959
391.081262307719,235.11536442803,4.17232722600604
581.334089261143,412.256653869947,4.70817878434077
142.000854211295,282.649040809791,4.54941442785993
198.800951817484,369.269003055786,3.97028709761367
122.279450674574,410.397390673476,3.47643854508786
629.206080523619,310.909772173868,4.64397307866582
1.24762342392065,141.42140349953,4.22723772281923
543.054105050057,206.362607081581,4.23718487178038
36.434933203931,492.431431756992,2.89906504354034
281.359011347075,27.0996482513953,3.82225347415385
532.390100202596,391.352915880691,3.36478166089435
69.6296356912547,86.1279615863529,5.20376257484
6.3937963255871,72.3340339944586,3.45327239033301
593.330173945738,229.077089764345,4.040306700177
447.553698097906,467.308862990897,4.70555694046863
657.899513677245,372.437796351341,2.87631540689975
106.325951576838,488.541632554536,4.34562913761595
624.326135839853,90.2218306787132,4.07307459087902
417.355940852662,260.11148254701,3.72490661370813
9.66578833227454,179.532649049763,3.2133291513485
76.4590461407503,125.269982402022,4.56606709381866
619.007904022186,199.225488787977,4.26417178569371
260.666431982878,221.907509988411,3.71130125545713
569.25824093331,442.52260327997,3.66273720599142
304.213086344622,146.871331758404,3.83025839058392
530.8344897589,465.245543433664,3.7593741535413
53.6715287183792,415.015151396428,3.79309460137374
208.476373070911,290.371776320752,4.33023241958073
543.057084456649,265.813967311706,4.15531133440091
176.694881827667,37.6045773493555,4.35475768241782
492.206522704992,359.350957715958,4.53434208450487
32.2619388715617,44.9732737136534,3.48741244508155
520.082791090465,138.076453413624,4.58072280005358
NA,NA,NA
661.725545384104,335.939933811978,3.45120157985545
453.231718929842,298.414818763868,3.74772381531813
7.53995928356269,491.610169228627,3.70989536088523
560.254284348384,49.457489695715,4.20700737000843
74.803905033082,372.248978906017,4.00194009638527
226.644939688563,416.165088060829,3.81397840748628
428.567713410493,13.3747235967155,3.32206419857805
358.773752121967,292.078459466598,3.10969730944912
607.90517319625,102.30165183857,4.23630757027314
391.32037309577,234.732892535715,4.19848569783773
580.16928401628,415.353110646629,4.75156668533416
139.119018361336,279.409168151308,4.52277160097537
200.045229669999,371.984039778462,4.08301771187737
126.788161337418,408.315977890446,3.34217492244027
622.71515221945,317.263885830513,4.49550733978623
1.42724457909891,147.712368754161,4.37022555206943
543.964421840168,205.383938066548,4.26419569042051
33.6201817011444,491.850594859463,2.87205990685953
280.304853102688,22.7179777967885,3.83692314419494
540.088310510169,389.932726568038,3.30801913486188
74.4262232912209,76.4575488095521,5.26490500475666
1.36173475885932,76.0756292081355,3.54634764496124
591.368632625122,226.670898034399,3.9689158298885
436.988932241933,457.671468949074,4.74592756382143
658.186176791775,376.198173355725,3.20683248361333
107.185149898887,488.60917196556,4.39548777622359
625.788511037631,91.8633076150934,4.06679169036075
420.771103643497,257.604784777784,3.65308445020975
10.7434305214158,182.554301162732,3.33181581345692
62.1826209873844,111.442966749698,4.43815430846092
593.675002086735,193.97143411098,4.14441338558091
257.179146800188,219.230687896729,3.71011922442435
576.048965016152,433.234568254788,3.91570139917866
303.966766328248,139.716756005387,3.78792270121789
531.220544587367,454.410593748563,3.42420956698674
45.9930977647326,424.621665020472,3.78566351170873
191.441368639042,290.601761197023,3.85342632736217
553.881203803919,260.275212371495,3.74682522032283
166.321923128548,27.6407942073072,4.17303696573048
485.433531208526,344.321966828442,4.24563112473088
43.2604847494683,40.2351297377963,3.1710432003505
517.771187830049,141.709060799883,4.83869304788836
NA,NA,NA
661.725545384104,335.939933811978,3.45120157985545
453.231718929842,298.414818763868,3.74772381531813
7.53995928356269,491.610169228627,3.70989536088523
560.254284348384,49.457489695715,4.20700737000843
74.803905033082,372.248978906017,4.00194009638527
226.644939688563,416.165088060829,3.81397840748628
428.567713410493,13.3747235967155,3.32206419857805
358.773752121967,292.078459466598,3.10969730944912
607.90517319625,102.30165183857,4.23630757027314
391.32037309577,234.732892535715,4.19848569783773
580.16928401628,415.353110646629,4.75156668533416
139.119018361336,279.409168151308,4.52277160097537
200.045229669999,371.984039778462,4.08301771187737
126.788161337418,408.315977890446,3.34217492244027
622.71515221945,317.263885830513,4.49550733978623
1.42724457909891,147.712368754161,4.37022555206943
543.964421840168,205.383938066548,4.26419569042051
33.6201817011444,491.850594859463,2.87205990685953
280.304853102688,22.7179777967885,3.83692314419494
540.088310510169,389.932726568038,3.30801913486188
74.4262232912209,76.4575488095521,5.26490500475666
1.36173475885932,76.0756292081355,3.54634764496124
591.368632625122,226.670898034399,3.9689158298885
436.988932241933,457.671468949074,4.74592756382143
658.186176791775,376.198173355725,3.20683248361333
107.185149898887,488.60917196556,4.39548777622359
625.788511037631,91.8633076150934,4.06679169036075
420.771103643497,257.604784777784,3.65308445020975
10.7434305214158,182.554301162732,3.33181581345692
62.1826209873844,111.442966749698,4.43815430846092
593.675002086735,193.97143411098,4.14441338558091
257.179146800188,219.230687896729,3.71011922442435
576.048965016152,433.234568254788,3.91570139917866
303.966766328248,139.716756005387,3.78792270121789
531.220544587367,454.410593748563,3.42420956698674
45.9930977647326,424.621665020472,3.78566351170873
191.441368639042,290.601761197023,3.85342632736217
553.881203803919,260.275212371495,3.74682522032283
166.321923128548,27.6407942073072,4.17303696573048
485.433531208526,344.321966828442,4.24563112473088
43.2604847494683,40.2351297377963,3.1710432003505
517.771187830049,141.709060799883,4.83869304788836
NA,NA,NA
661.725545384104,335.939933811978,3.45120157985545
453.231718929842,298.414818763868,3.74772381531813
7.53995928356269,491.610169228627,3.70989536088523
560.254284348384,49.457489695715,4.20700737000843
74.803905033082,372.248978906017,4.00194009638527
226.644939688563,416.165088060829,3.81397840748628
428.567713410493,13.3747235967155,3.32206419857805
358.773752121967,292.078459466598,3.10969730944912
607.90517319625,102.30165183857,4.23630757027314
391.32037309577,234.732892535715,4.19848569783773
580.16928401628,415.353110646629,4.75156668533416
139.119018361336,279.409168151308,4.52277160097537
200.045229669999,371.984039778462,4.08301771187737
126.788161337418,408.315977890446,3.34217492244027
622.71515221945,317.263885830513,4.49550733978623
1.42724457909891,147.712368754161,4.37022555206943
543.964421840168,205.383938066548,4.26419569042051
33.6201817011444,491.850594859463,2.87205990685953
280.304853102688,22.7179777967885,3.83692314419494
540.088310510169,389.932726568038,3.30801913486188
74.4262232912209,76.4575488095521,5.26490500475666
1.36173475885932,76.0756292081355,3.54634764496124
591.368632625122,226.670898034399,3.9689158298885
436.988932241933,457.671468949074,4.74592756382143
658.186176791775,376.198173355725,3.20683248361333
107.185149898887,488.60917196556,4.39548777622359
625.788511037631,91.8633076150934,4.06679169036075
420.771103643497,257.604784777784,3.65308445020975
10.7434305214158,182.554301162732,3.33181581345692
62.1826209873844,111.442966749698,4.43815430846092
593.675002086735,193.97143411098,4.14441338558091
257.179146800188,219.230687896729,3.71011922442435
576.048965016152,433.234568254788,3.91570139917866
303.966766328248,139.716756005387,3.78792270121789
531.220544587367,454.410593748563,3.42420956698674
45.9930977647326,424.621665020472,3.78566351170873
191.441368639042,290.601761197023,3.85342632736217
553.881203803919,260.275212371495,3.74682522032283
166.321923128548,27.6407942073072,4.17303696573048
485.433531208526,344.321966828442,4.24563112473088
43.2604847494683,40.2351297377963,3.1710432003505
517.771187830049,141.709060799883,4.83869304788836
NA,NA,NA
661.725545384104,335.939933811978,3.45120157985545
453.231718929842,298.414818763868,3.74772381531813
7.53995928356269,491.610169228627,3.70989536088523
560.254284348384,49.457489695715,4.20700737000843
74.803905033082,372.248978906017,4.00194009638527
226.644939688563,416.165088060829,3.81397840748628
428.567713410493,13.3747235967155,3.32206419857805
358.773752121967,292.078459466598,3.10969730944912
607.90517319625,102.30165183857,4.23630757027314
391.32037309577,234.732892535715,4.19848569783773
580.16928401628,415.353110646629,4.75156668533416
139.119018361336,279.409168151308,4.52277160097537
200.045229669999,371.984039778462,4.08301771187737
126.788161337418,408.315977890446,3.34217492244027
622.71515221945,317.263885830513,4.49550733978623
1.42724457909891,147.712368754161,4.37022555206943
543.964421840168,205.383938066548,4.26419569042051
33.6201817011444,491.850594859463,2.87205990685953
280.304853102688,22.7179777967885,3.83692314419494
540.088310510169,389.932726568038,3.30801913486188
74.4262232912209,76.4575488095521,5.26490500475666
1.36173475885932,76.0756292081355,3.54634764496124
591.368632625122,226.670898034399,3.9689158298885
436.988932241933,457.671468949074,4.74592756382143
658.186176791775,376.198173355725,3.20683248361333
107.185149898887,488.60917196556,4.39548777622359
625.788511037631,91.8633076150934,4.06679169036075
420.771103643497,257.604784777784,3.65308445020975
10.7434305214158,182.554301162732,3.33181581345692
62.1826209873844,111.442966749698,4.43815430846092
593.675002086735,193.97143411098,4.14441338558091
257.179146800188,219.230687896729,3.71011922442435
576.048965016152,433.234568254788,3.91570139917866
303.966766328248,139.716756005387,3.78792270121789
531.220544587367,454.410593748563,3.42420956698674
45.9930977647326,424.621665020472,3.78566351170873
191.441368639042,290.601761197023,3.85342632736217
553.881203803919,260.275212371495,3.74682522032283
166.321923128548,27.6407942073072,4.17303696573048
485.433531208526,344.321966828442,4.24563112473088
43.2604847494683,40.2351297377963,3.1710432003505
517.771187830049,141.709060799883,4.83869304788836
NA,NA,NA
661.725545384104,335.939933811978,3.45120157985545
453.231718929842,298.414818763868,3.74772381531813
7.53995928356269,491.610169228627,3.70989536088523
560.254284348384,49.457489695715,4.20700737000843
74.803905033082,372.248978906017,4.00194009638527
226.644939688563,416.165088060829,3.81397840748628
428.567713410493,13.3747235967155,3.32206419857805
358.773752121967,292.078459466598,3.10969730944912
607.90517319625,102.30165183857,4.23630757027314
391.32037309577,234.732892535715,4.19848569783773
580.16928401628,415.353110646629,4.75156668533416
139.119018361336,279.409168151308,4.52277160097537
200.045229669999,371.984039778462,4.08301771187737
126.788161337418,408.315977890446,3.34217492244027
622.71515221945,317.263885830513,4.49550733978623
1.42724457909891,147.712368754161,4.37022555206943
543.964421840168,205.383938066548,4.26419569042051
33.6201817011444,491.850594859463,2.87205990685953
280.304853102688,22.7179777967885,3.83692314419494
540.088310510169,389.932726568038,3.30801913486188
74.4262232912209,76.4575488095521,5.26490500475666
1.36173475885932,76.0756292081355,3.54634764496124
591.368632625122,226.670898034399,3.9689158298885
436.988932241933,457.671468949074,4.74592756382143
658.186176791775,376.198173355725,3.20683248361333
107.185149898887,488.60917196556,4.39548777622359
625.788511037631,91.8633076150934,4.06679169036075
420.771103643497,257.604784777784,3.65308445020975
10.7434305214158,182.554301162732,3.33181581345692
62.1826209873844,111.442966749698,4.43815430846092
593.675002086735,193.97143411098,4.14441338558091
257.179146800188,219.230687896729,3.71011922442435
576.048965016152,433.234568254788,3.91570139917866
303.966766328248,139.716756005387,3.78792270121789
531.220544587367,454.410593748563,3.42420956698674
45.9930977647326,424.621665020472,3.78566351170873
191.441368639042,290.601761197023,3.85342632736217
553.881203803919,260.275212371495,3.74682522032283
166.321923128548,27.6407942073072,4.17303696573048
485.433531208526,344.321966828442,4.24563112473088
43.2604847494683,40.2351297377963,3.1710432003505
517.771187830049,141.709060799883,4.83869304788836
NA,NA,NA
661.725545384104,335.939933811978,3.45120157985545
453.231718929842,298.414818763868,3.74772381531813
7.53995928356269,491.610169228627,3.70989536088523
560.254284348384,49.457489695715,4.20700737000843
74.803905033082,372.248978906017,4.00194009638527
226.644939688563,416.165088060829,3.81397840748628
428.567713410493,13.3747235967155,3.32206419857805
358.773752121967,292.078459466598,3.10969730944912
607.90517319625,102.30165183857,4.23630757027314
391.32037309577,234.732892535715,4.19848569783773
580.16928401628,415.353110646629,4.75156668533416
139.119018361336,279.409168151308,4.52277160097537
200.045229669999,371.984039778462,4.08301771187737
126.788161337418,408.315977890446,3.34217492244027
622.71515221945,317.263885830513,4.49550733978623
1.42724457909891,147.712368754161,4.37022555206943
543.964421840168,205.383938066548,4.26419569042051
33.6201817011444,491.850594859463,2.87205990685953
280.304853102688,22.7179777967885,3.83692314419494
540.088310510169,389.932726568038,3.30801913486188
74.4262232912209,76.4575488095521,5.26490500475666
1.36173475885932,76.0756292081355,3.54634764496124
591.368632625122,226.670898034399,3.9689158298885
436.988932241933,457.671468949074,4.74592756382143
658.186176791775,376.198173355725,3.20683248361333
107.185149898887,488.60917196556,4.39548777622359
625.788511037631,91.8633076150934,4.06679169036075
420.771103643497,257.604784777784,3.65308445020975
10.7434305214158,182.554301162732,3.33181581345692
62.1826209873844,111.442966749698,4.43815430846092
593.675002086735,193.97143411098,4.14441338558091
257.179146800188,219.230687896729,3.71011922442435
576.048965016152,433.234568254788,3.91570139917866
303.966766328248,139.716756005387,3.78792270121789
531.220544587367,454.410593748563,3.42420956698674
45.9930977647326,424.621665020472,3.78566351170873
191.441368639042,290.601761197023,3.85342632736217
553.881203803919,260.275212371495,3.74682522032283
166.321923128548,27.6407942073072,4.17303696573048
485.433531208526,344.321966828442,4.24563112473088
43.2604847494683,40.2351297377963,3.1710432003505
517.771187830049,141.709060799883,4.83869304788836
NA,NA,NA
665.330474721983,332.458429281818,3.54504057748075
460.928739903591,297.725633582855,3.44042679794254
11.5821477538404,491.935238243994,3.58999998098732
562.873687219681,47.9565719887681,4.20134000549845
73.2988675767664,380.907434333288,4.03478358487782
234.86795745952,413.952986785468,3.85575706679303
429.811721119893,13.1540656242046,3.40415585684543
362.842882665301,294.590740591752,3.0223073522061
606.490439568109,104.774548537562,4.26468683535803
396.238535512958,227.819714086475,4.06747860640022
560.318481163417,412.969595458302,4.7272759245463
143.942811881368,277.162800538256,4.48249820268948
195.251511114997,370.494401347617,4.06475558938393
126.570750879278,411.538691028492,3.4799058129752
629.794505491446,313.14143927762,4.51763929151221
1.3622213775769,144.836556632826,4.2306959790471
543.465625047199,202.034990118447,3.9423906094916
33.0382259038691,492.575535041079,3.00602847521529
280.441578509354,25.9163471995898,3.95251347579091
532.206786403921,393.786345418698,3.40390330699577
60.5804532006589,79.9207429136921,5.28882441783969
5.16261127336395,77.1643435099609,3.56389179342309
590.524157181568,228.084930340133,4.07105551934896
437.011965948789,463.945870315492,4.76989768479669
661.696669673254,372.384297298471,3.04139242759187
106.802375564522,481.222623533915,4.4478736195518
624.272979101949,89.0858477593291,4.08915665673476
419.606403884042,258.94054971613,3.60440726479499
11.1958100968582,182.742555143177,3.23644686061711
69.3457393739571,111.510887105354,4.40629949552033
601.369646562362,202.025227931246,4.35766801173755
259.853195064689,213.717524233486,3.54926770666798
584.814841723793,437.521505995291,3.70725334580424
304.426222174255,143.363816972465,4.10678165144088
530.903964036608,452.292912037904,3.60552339924067
49.1148740698398,420.416793035621,4.10910412392036
205.678722343037,285.548889007947,3.81492761969857
556.845093738428,260.702738444088,3.94381963311282
170.365629933271,28.3306337220243,4.48478867734526
506.601550892861,347.630381317694,4.44670466633128
45.1219315831791,53.0517217060267,3.3246925506821
530.06858155932,138.871082572194,4.87279531836607
NA,NA,NA
665.330474721983,332.458429281818,3.54504057748075
460.928739903591,297.725633582855,3.44042679794254
11.5821477538404,491.935238243994,3.58999998098732
562.873687219681,47.9565719887681,4.20134000549845
73.2988675767664,380.907434333288,4.03478358487782
234.86795745952,413.952986785468,3.85575706679303
429.811721119893,13.1540656242046,3.40415585684543
362.842882665301,294.590740591752,3.0223073522061
606.490439568109,104.774548537562,4.26468683535803
396.238535512958,227.819714086475,4.06747860640022
560.318481163417,412.969595458302,4.7272759245463
143.942811881368,277.162800538256,4.48249820268948
195.251511114997,370.494401347617,4.06475558938393
126.570750879278,411.538691028492,3.4799058129752
629.794505491446,313.14143927762,4.51763929151221
1.3622213775769,144.836556632826,4.2306959790471
543.465625047199,202.034990118447,3.9423906094916
33.0382259038691,492.575535041079,3.00602847521529
280.441578509354,25.9163471995898,3.95251347579091
532.206786403921,393.786345418698,3.40390330699577
60.5804532006589,79.9207429136921,5.28882441783969
5.16261127336395,77.1643435099609,3.56389179342309
590.524157181568,228.084930340133,4.07105551934896
437.011965948789,463.945870315492,4.76989768479669
661.696669673254,372.384297298471,3.04139242759187
106.802375564522,481.222623533915,4.4478736195518
624.272979101949,89.0858477593291,4.08915665673476
419.606403884042,258.94054971613,3.60440726479499
11.1958100968582,182.742555143177,3.23644686061711
69.3457393739571,111.510887105354,4.40629949552033
601.369646562362,202.025227931246,4.35766801173755
259.853195064689,213.717524233486,3.54926770666798
584.814841723793,437.521505995291,3.70725334580424
304.426222174255,143.363816972465,4.10678165144088
530.903964036608,452.292912037904,3.60552339924067
49.1148740698398,420.416793035621,4.10910412392036
205.678722343037,285.548889007947,3.81492761969857
556.845093738428,260.702738444088,3.94381963311282
170.365629933271,28.3306337220243,4.48478867734526
506.601550892861,347.630381317694,4.44670466633128
45.1219315831791,53.0517217060267,3.3246925506821
530.06858155932,138.871082572194,4.87279531836607
NA,NA,NA
665.330474721983,332.458429281818,3.54504057748075
460.928739903591,297.725633582855,3.44042679794254
11.5821477538404,491.935238243994,3.58999998098732
562.873687219681,47.9565719887681,4.20134000549845
73.2988675767664,380.907434333288,4.03478358487782
234.86795745952,413.952986785468,3.85575706679303
429.811721119893,13.1540656242046,3.40415585684543
362.842882665301,294.590740591752,3.0223073522061
606.490439568109,104.774548537562,4.26468683535803
396.238535512958,227.819714086475,4.06747860640022
560.318481163417,412.969595458302,4.7272759245463
143.942811881368,277.162800538256,4.48249820268948
195.251511114997,370.494401347617,4.06475558938393
126.570750879278,411.538691028492,3.4799058129752
629.794505491446,313.14143927762,4.51763929151221
1.3622213775769,144.836556632826,4.2306959790471
543.465625047199,202.034990118447,3.9423906094916
33.0382259038691,492.575535041079,3.00602847521529
280.441578509354,25.9163471995898,3.95251347579091
532.206786403921,393.786345418698,3.40390330699577
60.5804532006589,79.9207429136921,5.28882441783969
5.16261127336395,77.1643435099609,3.56389179342309
590.524157181568,228.084930340133,4.07105551934896
437.011965948789,463.945870315492,4.76989768479669
661.696669673254,372.384297298471,3.04139242759187
106.802375564522,481.222623533915,4.4478736195518
624.272979101949,89.0858477593291,4.08915665673476
419.606403884042,258.94054971613,3.60440726479499
11.1958100968582,182.742555143177,3.23644686061711
69.3457393739571,111.510887105354,4.40629949552033
601.369646562362,202.025227931246,4.35766801173755
259.853195064689,213.717524233486,3.54926770666798
584.814841723793,437.521505995291,3.70725334580424
304.426222174255,143.363816972465,4.10678165144088
530.903964036608,452.292912037904,3.60552339924067
49.1148740698398,420.416793035621,4.10910412392036
205.678722343037,285.548889007947,3.81492761969857
556.845093738428,260.702738444088,3.94381963311282
170.365629933271,28.3306337220243,4.48478867734526
506.601550892861,347.630381317694,4.44670466633128
45.1219315831791,53.0517217060267,3.3246925506821
530.06858155932,138.871082572194,4.87279531836607
NA,NA,NA
665.330474721983,332.458429281818,3.54504057748075
460.928739903591,297.725633582855,3.44042679794254
11.5821477538404,491.935238243994,3.58999998098732
562.873687219681,47.9565719887681,4.20134000549845
73.2988675767664,380.907434333288,4.03478358487782
234.86795745952,413.952986785468,3.85575706679303
429.811721119893,13.1540656242046,3.40415585684543
362.842882665301,294.590740591752,3.0223073522061
606.490439568109,104.774548537562,4.26468683535803
396.238535512958,227.819714086475,4.06747860640022
560.318481163417,412.969595458302,4.7272759245463
143.942811881368,277.162800538256,4.48249820268948
195.251511114997,370.494401347617,4.06475558938393
126.570750879278,411.538691028492,3.4799058129752
629.794505491446,313.14143927762,4.51763929151221
1.3622213775769,144.836556632826,4.2306959790471
543.465625047199,202.034990118447,3.9423906094916
33.0382259038691,492.575535041079,3.00602847521529
280.441578509354,25.9163471995898,3.95251347579091
532.206786403921,393.786345418698,3.40390330699577
60.5804532006589,79.9207429136921,5.28882441783969
5.16261127336395,77.1643435099609,3.56389179342309
590.524157181568,228.084930340133,4.07105551934896
437.011965948789,463.945870315492,4.76989768479669
661.696669673254,372.384297298471,3.04139242759187
106.802375564522,481.222623533915,4.4478736195518
624.272979101949,89.0858477593291,4.08915665673476
419.606403884042,258.94054971613,3.60440726479499
11.1958100968582,182.742555143177,3.23644686061711
69.3457393739571,111.510887105354,4.40629949552033
601.369646562362,202.025227931246,4.35766801173755
259.853195064689,213.717524233486,3.54926770666798
584.814841723793,437.521505995291,3.70725334580424
304.426222174255,143.363816972465,4.10678165144088
530.903964036608,452.292912037904,3.60552339924067
49.1148740698398,420.416793035621,4.10910412392036
205.678722343037,285.548889007947,3.81492761969857
556.845093738428,260.702738444088,3.94381963311282
170.365629933271,28.3306337220243,4.48478867734526
506.601550892861,347.630381317694,4.44670466633128
45.1219315831791,53.0517217060267,3.3246925506821
530.06858155932,138.871082572194,4.87279531836607
NA,NA,NA
665.330474721983,332.458429281818,3.54504057748075
460.928739903591,297.725633582855,3.44042679794254
11.5821477538404,491.935238243994,3.58999998098732
562.873687219681,47.9565719887681,4.20134000549845
73.2988675767664,380.907434333288,4.03478358487782
234.86795745952,413.952986785468,3.85575706679303
429.811721119893,13.1540656242046,3.40415585684543
362.842882665301,294.590740591752,3.0223073522061
606.490439568109,104.774548537562,4.26468683535803
396.238535512958,227.819714086475,4.06747860640022
560.318481163417,412.969595458302,4.7272759245463
143.942811881368,277.162800538256,4.48249820268948
195.251511114997,370.494401347617,4.06475558938393
126.570750879278,411.538691028492,3.4799058129752
629.794505491446,313.14143927762,4.51763929151221
1.3622213775769,144.836556632826,4.2306959790471
543.465625047199,202.034990118447,3.9423906094916
33.0382259038691,492.575535041079,3.00602847521529
280.441578509354,25.9163471995898,3.95251347579091
532.206786403921,393.786345418698,3.40390330699577
60.5804532006589,79.9207429136921,5.28882441783969
5.16261127336395,77.1643435099609,3.56389179342309
590.524157181568,228.084930340133,4.07105551934896
437.011965948789,463.945870315492,4.76989768479669
661.696669673254,372.384297298471,3.04139242759187
106.802375564522,481.222623533915,4.4478736195518
624.272979101949,89.0858477593291,4.08915665673476
419.606403884042,258.94054971613,3.60440726479499
11.1958100968582,182.742555143177,3.23644686061711
69.3457393739571,111.510887105354,4.40629949552033
601.369646562362,202.025227931246,4.35766801173755
259.853195064689,213.717524233486,3.54926770666798
584.814841723793,437.521505995291,3.70725334580424
304.426222174255,143.363816972465,4.10678165144088
530.903964036608,452.292912037904,3.60552339924067
49.1148740698398,420.416793035621,4.10910412392036
205.678722343037,285.548889007947,3.81492761969857
556.845093738428,260.702738444088,3.94381963311282
170.365629933271,28.3306337220243,4.48478867734526
506.601550892861,347.630381317694,4.44670466633128
45.1219315831791,53.0517217060267,3.3246925506821
530.06858155932,138.871082572194,4.87279531836607
NA,NA,NA
665.330474721983,332.458429281818,3.54504057748075
460.928739903591,297.725633582855,3.44042679794254
11.5821477538404,491.935238243994,3.58999998098732
562.873687219681,47.9565719887681,4.20134000549845
73.2988675767664,380.907434333288,4.03478358487782
234.86795745952,413.952986785468,3.85575706679303
429.811721119893,13.1540656242046,3.40415585684543
362.842882665301,294.590740591752,3.0223073522061
606.490439568109,104.774548537562,4.26468683535803
396.238535512958,227.819714086475,4.06747860640022
560.318481163417,412.969595458302,4.7272759245463
143.942811881368,277.162800538256,4.48249820268948
195.251511114997,370.494401347617,4.06475558938393
126.570750879278,411.538691028492,3.4799058129752
629.794505491446,313.14143927762,4.51763929151221
1.3622213775769,144.836556632826,4.2306959790471
543.465625047199,202.034990118447,3.9423906094916
33.0382259038691,492.575535041079,3.00602847521529
280.441578509354,25.9163471995898,3.95251347579091
532.206786403921,393.786345418698,3.40390330699577
60.5804532006589,79.9207429136921,5.28882441783969
5.16261127336395,77.1643435099609,3.56389179342309
590.524157181568,228.084930340133,4.07105551934896
437.011965948789,463.945870315492,4.76989768479669
661.696669673254,372.384297298471,3.04139242759187
106.802375564522,481.222623533915,4.4478736195518
624.272979101949,89.0858477593291,4.08915665673476
419.606403884042,258.94054971613,3.60440726479499
11.1958100968582,182.742555143177,3.23644686061711
69.3457393739571,111.510887105354,4.40629949552033
601.369646562362,202.025227931246,4.35766801173755
259.853195064689,213.717524233486,3.54926770666798
584.814841723793,437.521505995291,3.70725334580424
304.426222174255,143.363816972465,4.10678165144088
530.903964036608,452.292912037904,3.60552339924067
49.1148740698398,420.416793035621,4.10910412392036
205.678722343037,285.548889007947,3.81492761969857
556.845093738428,260.702738444088,3.94381963311282
170.365629933271,28.3306337220243,4.48478867734526
506.601550892861,347.630381317694,4.44670466633128
45.1219315831791,53.0517217060267,3.3246925506821
530.06858155932,138.871082572194,4.87279531836607
NA,NA,NA
664.589931940185,334.599449556748,3.33219103912804
455.810741748297,296.84832112403,3.37321018232279
9.66289947282733,496.021243393065,3.6666028702162
563.926577097849,50.4981205797089,4.22761535440524
77.6857970311753,379.674573805992,3.94408775852423
228.010146131728,413.771137163746,3.86639479505884
430.75764994903,11.6102086996071,3.28731884307815
362.839734603359,291.75320823511,2.89907448475138
603.241359915074,102.895244131818,4.11259225676213
391.519975816053,226.554183226823,4.22709871823577
571.226176926756,406.475458728161,4.72520006363726
142.564537014684,282.596389263946,4.55693477308395
203.296993155883,366.163136329158,3.99598570812555
128.513766767921,407.982054160993,3.44776636188475
630.879795646143,312.590819689326,4.71089938231597
-1.49915834867786,146.55989610538,4.22678053344227
540.019733322196,203.074151064112,4.09693532988894
34.0140559912804,490.91164672422,3.02935109360907
277.056617802063,27.3213594195671,4.04074540208646
534.795011745243,395.13897741865,3.5011367646836
81.6700434919493,69.3261929093603,5.27622657314378
4.93427624600291,77.9281437337899,3.43588611840574
586.026006086374,230.620583689792,3.97007093123877
441.220942675956,462.271860956756,4.81256397228156
660.36937549913,374.694808239433,3.06994934041615
103.394871218499,484.200593272485,4.37622335829425
623.904097716164,86.1584307327667,4.06797732333757
419.799038103057,258.950259415363,3.53670433777565
11.0990679262056,182.56404666936,3.31137127580574
53.446258219136,117.014780541884,4.55931437654979
592.422701392497,199.488397379988,4.28662508748299
251.931015795831,219.783118252761,3.97734662477723
571.021303439767,437.463205065739,3.8549358130166
300.842061441116,143.230215690129,3.93451773719832
519.551423195987,453.897393880035,3.38507633100302
46.659101930906,412.852986641214,3.59932665015532
199.225484148347,277.636156951878,3.93309417526298
550.560194948562,267.833676529867,3.92103447944554
183.205869834795,26.5383418231203,4.35390614607281
490.185609051378,334.883995670893,4.48958584282961
37.010751316414,47.0891761797047,3.55700873601528
539.986111612321,133.298676051795,4.85902415757983
NA,NA,NA
664.589931940185,334.599449556748,3.33219103912804
455.810741748297,296.84832112403,3.37321018232279
9.66289947282733,496.021243393065,3.6666028702162
563.926577097849,50.4981205797089,4.22761535440524
77.6857970311753,379.674573805992,3.94408775852423
228.010146131728,413.771137163746,3.86639479505884
430.75764994903,11.6102086996071,3.28731884307815
362.839734603359,291.75320823511,2.89907448475138
603.241359915074,102.895244131818,4.11259225676213
391.519975816053,226.554183226823,4.22709871823577
571.226176926756,406.475458728161,4.72520006363726
142.564537014684,282.596389263946,4.55693477308395
203.296993155883,366.163136329158,3.99598570812555
128.513766767921,407.982054160993,3.44776636188475
630.879795646143,312.590819689326,4.71089938231597
-1.49915834867786,146.55989610538,4.22678053344227
540.019733322196,203.074151064112,4.09693532988894
34.0140559912804,490.91164672422,3.02935109360907
277.056617802063,27.3213594195671,4.04074540208646
534.795011745243,395.13897741865,3.5011367646836
81.6700434919493,69.3261929093603,5.27622657314378
4.93427624600291,77.9281437337899,3.43588611840574
586.026006086374,230.620583689792,3.97007093123877
441.220942675956,462.271860956756,4.81256397228156
660.36937549913,374.694808239433,3.06994934041615
103.394871218499,484.200593272485,4.37622335829425
623.904097716164,86.1584307327667,4.06797732333757
419.799038103057,258.950259415363,3.53670433777565
11.0990679262056,182.56404666936,3.31137127580574
53.446258219136,117.014780541884,4.55931437654979
592.422701392497,199.488397379988,4.28662508748299
251.931015795831,219.783118252761,3.97734662477723
571.021303439767,437.463205065739,3.8549358130166
300.842061441116,143.230215690129,3.93451773719832
519.551423195987,453.897393880035,3.38507633100302
46.659101930906,412.852986641214,3.59932665015532
199.225484148347,277.636156951878,3.93309417526298
550.560194948562,267.833676529867,3.92103447944554
183.205869834795,26.5383418231203,4.35390614607281
490.185609051378,334.883995670893,4.48958584282961
37.010751316414,47.0891761797047,3.55700873601528
539.986111612321,133.298676051795,4.85902415757983
NA,NA,NA
664.589931940185,334.599449556748,3.33219103912804
455.810741748297,296.84832112403,3.37321018232279
9.66289947282733,496.021243393065,3.6666028702162
563.926577097849,50.4981205797089,4.22761535440524
77.6857970311753,379.674573805992,3.94408775852423
228.010146131728,413.771137163746,3.86639479505884
430.75764994903,11.6102086996071,3.28731884307815
362.839734603359,291.75320823511,2.89907448475138
603.241359915074,102.895244131818,4.11259225676213
391.519975816053,226.554183226823,4.22709871823577
571.226176926756,406.475458728161,4.72520006363726
142.564537014684,282.596389263946,4.55693477308395
203.296993155883,366.163136329158,3.99598570812555
128.513766767921,407.982054160993,3.44776636188475
630.879795646143,312.590819689326,4.71089938231597
-1.49915834867786,146.55989610538,4.22678053344227
540.019733322196,203.074151064112,4.09693532988894
34.0140559912804,490.91164672422,3.02935109360907
277.056617802063,27.3213594195671,4.04074540208646
534.795011745243,395.13897741865,3.5011367646836
81.6700434919493,69.3261929093603,5.27622657314378
4.93427624600291,77.9281437337899,3.43588611840574
586.026006086374,230.620583689792,3.97007093123877
441.220942675956,462.271860956756,4.81256397228156
660.36937549913,374.694808239433,3.06994934041615
103.394871218499,484.200593272485,4.37622335829425
623.904097716164,86.1584307327667,4.06797732333757
419.799038103057,258.950259415363,3.53670433777565
11.0990679262056,182.56404666936,3.31137127580574
53.446258219136,117.014780541884,4.55931437654979
592.422701392497,199.488397379988,4.28662508748299
251.931015795831,219.783118252761,3.97734662477723
571.021303439767,437.463205065739,3.8549358130166
300.842061441116,143.230215690129,3.93451773719832
519.551423195987,453.897393880035,3.38507633100302
46.659101930906,412.852986641214,3.59932665015532
199.225484148347,277.636156951878,3.93309417526298
550.560194948562,267.833676529867,3.92103447944554
183.205869834795,26.5383418231203,4.35390614607281
490.185609051378,334.883995670893,4.48958584282961
37.010751316414,47.0891761797047,3.55700873601528
539.986111612321,133.298676051795,4.85902415757983
NA,NA,NA
664.589931940185,334.599449556748,3.33219103912804
455.810741748297,296.84832112403,3.37321018232279
9.66289947282733,496.021243393065,3.6666028702162
563.926577097849,50.4981205797089,4.22761535440524
77.6857970311753,379.674573805992,3.94408775852423
228.010146131728,413.771137163746,3.86639479505884
430.75764994903,11.6102086996071,3.28731884307815
362.839734603359,291.75320823511,2.89907448475138
603.241359915074,102.895244131818,4.11259225676213
391.519975816053,226.554183226823,4.22709871823577
571.226176926756,406.475458728161,4.72520006363726
142.564537014684,282.596389263946,4.55693477308395
203.296993155883,366.163136329158,3.99598570812555
128.513766767921,407.982054160993,3.44776636188475
630.879795646143,312.590819689326,4.71089938231597
-1.49915834867786,146.55989610538,4.22678053344227
540.019733322196,203.074151064112,4.09693532988894
34.0140559912804,490.91164672422,3.02935109360907
277.056617802063,27.3213594195671,4.04074540208646
534.795011745243,395.13897741865,3.5011367646836
81.6700434919493,69.3261929093603,5.27622657314378
4.93427624600291,77.9281437337899,3.43588611840574
586.026006086374,230.620583689792,3.97007093123877
441.220942675956,462.271860956756,4.81256397228156
660.36937549913,374.694808239433,3.06994934041615
103.394871218499,484.200593272485,4.37622335829425
623.904097716164,86.1584307327667,4.06797732333757
419.799038103057,258.950259415363,3.53670433777565
11.0990679262056,182.56404666936,3.31137127580574
53.446258219136,117.014780541884,4.55931437654979
592.422701392497,199.488397379988,4.28662508748299
251.931015795831,219.783118252761,3.97734662477723
571.021303439767,437.463205065739,3.8549358130166
300.842061441116,143.230215690129,3.93451773719832
519.551423195987,453.897393880035,3.38507633100302
46.659101930906,412.852986641214,3.59932665015532
199.225484148347,277.636156951878,3.93309417526298
550.560194948562,267.833676529867,3.92103447944554
183.205869834795,26.5383418231203,4.35390614607281
490.185609051378,334.883995670893,4.48958584282961
37.010751316414,47.0891761797047,3.55700873601528
539.986111612321,133.298676051795,4.85902415757983
NA,NA,NA
664.589931940185,334.599449556748,3.33219103912804
455.810741748297,296.84832112403,3.37321018232279
9.66289947282733,496.021243393065,3.6666028702162
563.926577097849,50.4981205797089,4.22761535440524
77.6857970311753,379.674573805992,3.94408775852423
228.010146131728,413.771137163746,3.86639479505884
430.75764994903,11.6102086996071,3.28731884307815
362.839734603359,291.75320823511,2.89907448475138
603.241359915074,102.895244131818,4.11259225676213
391.519975816053,226.554183226823,4.22709871823577
571.226176926756,406.475458728161,4.72520006363726
142.564537014684,282.596389263946,4.55693477308395
203.296993155883,366.163136329158,3.99598570812555
128.513766767921,407.982054160993,3.44776636188475
630.879795646143,312.590819689326,4.71089938231597
-1.49915834867786,146.55989610538,4.22678053344227
540.019733322196,203.074151064112,4.09693532988894
34.0140559912804,490.91164672422,3.02935109360907
277.056617802063,27.3213594195671,4.04074540208646
534.795011745243,395.13897741865,3.5011367646836
81.6700434919493,69.3261929093603,5.27622657314378
4.93427624600291,77.9281437337899,3.43588611840574
586.026006086374,230.620583689792,3.97007093123877
441.220942675956,462.271860956756,4.81256397228156
660.36937549913,374.694808239433,3.06994934041615
103.394871218499,484.200593272485,4.37622335829425
623.904097716164,86.1584307327667,4.06797732333757
419.799038103057,258.950259415363,3.53670433777565
11.0990679262056,182.56404666936,3.31137127580574
53.446258219136,117.014780541884,4.55931437654979
592.422701392497,199.488397379988,4.28662508748299
251.931015795831,219.783118252761,3.97734662477723
571.021303439767,437.463205065739,3.8549358130166
300.842061441116,143.230215690129,3.93451773719832
519.551423195987,453.897393880035,3.38507633100302
46.659101930906,412.852986641214,3.59932665015532
199.225484148347,277.636156951878,3.93309417526298
550.560194948562,267.833676529867,3.92103447944554
183.205869834795,26.5383418231203,4.35390614607281
490.185609051378,334.883995670893,4.48958584282961
37.010751316414,47.0891761797047,3.55700873601528
539.986111612321,133.298676051795,4.85902415757983
NA,NA,NA
664.589931940185,334.599449556748,3.33219103912804
455.810741748297,296.84832112403,3.37321018232279
9.66289947282733,496.021243393065,3.6666028702162
563.926577097849,50.4981205797089,4.22761535440524
77.6857970311753,379.674573805992,3.94408775852423
228.010146131728,413.771137163746,3.86639479505884
430.75764994903,11.6102086996071,3.28731884307815
362.839734603359,291.75320823511,2.89907448475138
603.241359915074,102.895244131818,4.11259225676213
391.519975816053,226.554183226823,4.22709871823577
571.226176926756,406.475458728161,4.72520006363726
142.564537014684,282.596389263946,4.55693477308395
203.296993155883,366.163136329158,3.99598570812555
128.513766767921,407.982054160993,3.44776636188475
630.879795646143,312.590819689326,4.71089938231597
-1.49915834867786,146.55989610538,4.22678053344227
540.019733322196,203.074151064112,4.09693532988894
34.0140559912804,490.91164672422,3.02935109360907
277.056617802063,27.3213594195671,4.04074540208646
534.795011745243,395.13897741865,3.5011367646836
81.6700434919493,69.3261929093603,5.27622657314378
4.93427624600291,77.9281437337899,3.43588611840574
586.026006086374,230.620583689792,3.97007093123877
441.220942675956,462.271860956756,4.81256397228156
660.36937549913,374.694808239433,3.06994934041615
103.394871218499,484.200593272485,4.37622335829425
623.904097716164,86.1584307327667,4.06797732333757
419.799038103057,258.950259415363,3.53670433777565
11.0990679262056,182.56404666936,3.31137127580574
53.446258219136,117.014780541884,4.55931437654979
592.422701392497,199.488397379988,4.28662508748299
251.931015795831,219.783118252761,3.97734662477723
571.021303439767,437.463205065739,3.8549358130166
300.842061441116,143.230215690129,3.93451773719832
519.551423195987,453.897393880035,3.38507633100302
46.659101930906,412.852986641214,3.59932665015532
199.225484148347,277.636156951878,3.93309417526298
550.560194948562,267.833676529867,3.92103447944554
183.205869834795,26.5383418231203,4.35390614607281
490.185609051378,334.883995670893,4.48958584282961
37.010751316414,47.0891761797047,3.55700873601528
539.986111612321,133.298676051795,4.85902415757983
NA,NA,NA
661.35334642201,333.244886254003,3.6390822728676
458.94508262124,298.410079396841,3.85767618030091
9.68827546916653,494.136614184663,3.64166760803632
563.886238624238,50.9171545691606,4.16978517432071
70.0844399983496,375.485120497842,4.02329792470534
232.105535062953,414.459189323211,3.91691688290346
428.744311510502,14.104590182042,3.37011751600502
360.67829123252,292.927899292164,2.99765174501342
602.677782436384,103.376740836948,4.18765947074355
389.755700928955,233.055838058757,4.19246216787633
565.793717483559,402.054819582034,4.73413131885113
139.713520803485,284.387525815342,4.69085811772367
199.61448761059,365.647216321076,4.15511099127447
125.125977406049,406.974697413922,3.46627558397717
627.219050722047,311.683896613128,4.57584978914297
1.85704246966163,139.467433085054,4.28930884709423
543.979555308868,199.082354037301,4.14640953414756
34.3449757408693,489.858021821371,3.02143106664791
275.827097812023,23.8744732822473,3.82312697616826
534.810211541889,391.157530475517,3.39038133534511
75.6600452981429,79.7263593875416,5.18328526793156
2.75196858839266,76.7182815607424,3.56315231651122
586.20480743338,228.463212635844,4.01169027020153
439.647213202915,466.631994252871,4.79350631852283
656.148888173179,373.404413046024,2.89699093869529
97.1580722030472,483.265042917279,4.42493518539553
617.764684628015,90.9424994378337,4.10615856422269
420.329646943328,260.576523920947,3.60115812274668
12.0878041305151,182.507050367708,3.28263951633896
67.885803649828,119.415421831954,4.59342257529328
610.988160032587,191.380113663774,4.16454403824623
258.011871761012,220.17332932582,3.76166881894168
576.008097093121,439.777841172102,3.83392031064481
298.825192224681,137.606799818981,3.67191856040887
532.260911533854,459.131047066822,3.57730174454085
35.359244416128,417.938701394055,3.99386546627642
192.894524450391,279.065543834373,4.50623461998823
547.488288885361,260.174684049384,3.76457580564168
169.549680771317,30.3969050465789,4.29835482590635
504.237518205632,338.818150131461,4.47371729326665
39.1011132947188,37.408535445876,3.97942140450397
543.638249697154,161.905578096416,4.77850686720751
NA,NA,NA
661.35334642201,333.244886254003,3.6390822728676
458.94508262124,298.410079396841,3.85767618030091
9.68827546916653,494.136614184663,3.64166760803632
563.886238624238,50.9171545691606,4.16978517432071
70.0844399983496,375.485120497842,4.02329792470534
232.105535062953,414.459189323211,3.91691688290346
428.744311510502,14.104590182042,3.37011751600502
360.67829123252,292.927899292164,2.99765174501342
602.677782436384,103.376740836948,4.18765947074355
389.755700928955,233.055838058757,4.19246216787633
565.793717483559,402.054819582034,4.73413131885113
139.713520803485,284.387525815342,4.69085811772367
199.61448761059,365.647216321076,4.15511099127447
125.125977406049,406.974697413922,3.46627558397717
627.219050722047,311.683896613128,4.57584978914297
1.85704246966163,139.467433085054,4.28930884709423
543.979555308868,199.082354037301,4.14640953414756
34.3449757408693,489.858021821371,3.02143106664791
275.827097812023,23.8744732822473,3.82312697616826
534.810211541889,391.157530475517,3.39038133534511
75.6600452981429,79.7263593875416,5.18328526793156
2.75196858839266,76.7182815607424,3.56315231651122
586.20480743338,228.463212635844,4.01169027020153
439.647213202915,466.631994252871,4.79350631852283
656.148888173179,373.404413046024,2.89699093869529
97.1580722030472,483.265042917279,4.42493518539553
617.764684628015,90.9424994378337,4.10615856422269
420.329646943328,260.576523920947,3.60115812274668
12.0878041305151,182.507050367708,3.28263951633896
67.885803649828,119.415421831954,4.59342257529328
610.988160032587,191.380113663774,4.16454403824623
258.011871761012,220.17332932582,3.76166881894168
576.008097093121,439.777841172102,3.83392031064481
298.825192224681,137.606799818981,3.67191856040887
532.260911533854,459.131047066822,3.57730174454085
35.359244416128,417.938701394055,3.99386546627642
192.894524450391,279.065543834373,4.50623461998823
547.488288885361,260.174684049384,3.76457580564168
169.549680771317,30.3969050465789,4.29835482590635
504.237518205632,338.818150131461,4.47371729326665
39.1011132947188,37.408535445876,3.97942140450397
543.638249697154,161.905578096416,4.77850686720751
NA,NA,NA
661.35334642201,333.244886254003,3.6390822728676
458.94508262124,298.410079396841,3.85767618030091
9.68827546916653,494.136614184663,3.64166760803632
563.886238624238,50.9171545691606,4.16978517432071
70.0844399983496,375.485120497842,4.02329792470534
232.105535062953,414.459189323211,3.91691688290346
428.744311510502,14.104590182042,3.37011751600502
360.67829123252,292.927899292164,2.99765174501342
602.677782436384,103.376740836948,4.18765947074355
389.755700928955,233.055838058757,4.19246216787633
565.793717483559,402.054819582034,4.73413131885113
139.713520803485,284.387525815342,4.69085811772367
199.61448761059,365.647216321076,4.15511099127447
125.125977406049,406.974697413922,3.46627558397717
627.219050722047,311.683896613128,4.57584978914297
1.85704246966163,139.467433085054,4.28930884709423
543.979555308868,199.082354037301,4.14640953414756
34.3449757408693,489.858021821371,3.02143106664791
275.827097812023,23.8744732822473,3.82312697616826
534.810211541889,391.157530475517,3.39038133534511
75.6600452981429,79.7263593875416,5.18328526793156
2.75196858839266,76.7182815607424,3.56315231651122
586.20480743338,228.463212635844,4.01169027020153
439.647213202915,466.631994252871,4.79350631852283
656.148888173179,373.404413046024,2.89699093869529
97.1580722030472,483.265042917279,4.42493518539553
617.764684628015,90.9424994378337,4.10615856422269
420.329646943328,260.576523920947,3.60115812274668
12.0878041305151,182.507050367708,3.28263951633896
67.885803649828,119.415421831954,4.59342257529328
610.988160032587,191.380113663774,4.16454403824623
258.011871761012,220.17332932582,3.76166881894168
576.008097093121,439.777841172102,3.83392031064481
298.825192224681,137.606799818981,3.67191856040887
532.260911533854,459.131047066822,3.57730174454085
35.359244416128,417.938701394055,3.99386546627642
192.894524450391,279.065543834373,4.50623461998823
547.488288885361,260.174684049384,3.76457580564168
169.549680771317,30.3969050465789,4.29835482590635
504.237518205632,338.818150131461,4.47371729326665
39.1011132947188,37.408535445876,3.97942140450397
543.638249697154,161.905578096416,4.77850686720751
NA,NA,NA
661.35334642201,333.244886254003,3.6390822728676
458.94508262124,298.410079396841,3.85767618030091
9.68827546916653,494.136614184663,3.64166760803632
563.886238624238,50.9171545691606,4.16978517432071
70.0844399983496,375.485120497842,4.02329792470534
232.105535062953,414.459189323211,3.91691688290346
428.744311510502,14.104590182042,3.37011751600502
360.67829123252,292.927899292164,2.99765174501342
602.677782436384,103.376740836948,4.18765947074355
389.755700928955,233.055838058757,4.19246216787633
565.793717483559,402.054819582034,4.73413131885113
139.713520803485,284.387525815342,4.69085811772367
199.61448761059,365.647216321076,4.15511099127447
125.125977406049,406.974697413922,3.46627558397717
627.219050722047,311.683896613128,4.57584978914297
1.85704246966163,139.467433085054,4.28930884709423
543.979555308868,199.082354037301,4.14640953414756
34.3449757408693,489.858021821371,3.02143106664791
275.827097812023,23.8744732822473,3.82312697616826
534.810211541889,391.157530475517,3.39038133534511
75.6600452981429,79.7263593875416,5.18328526793156
2.75196858839266,76.7182815607424,3.56315231651122
586.20480743338,228.463212635844,4.01169027020153
439.647213202915,466.631994252871,4.79350631852283
656.148888173179,373.404413046024,2.89699093869529
97.1580722030472,483.265042917279,4.42493518539553
617.764684628015,90.9424994378337,4.10615856422269
420.329646943328,260.576523920947,3.60115812274668
12.0878041305151,182.507050367708,3.28263951633896
67.885803649828,119.415421831954,4.59342257529328
610.988160032587,191.380113663774,4.16454403824623
258.011871761012,220.17332932582,3.76166881894168
576.008097093121,439.777841172102,3.83392031064481
298.825192224681,137.606799818981,3.67191856040887
532.260911533854,459.131047066822,3.57730174454085
35.359244416128,417.938701394055,3.99386546627642
192.894524450391,279.065543834373,4.50623461998823
547.488288885361,260.174684049384,3.76457580564168
169.549680771317,30.3969050465789,4.29835482590635
504.237518205632,338.818150131461,4.47371729326665
39.1011132947188,37.408535445876,3.97942140450397
543.638249697154,161.905578096416,4.77850686720751
NA,NA,NA
661.35334642201,333.244886254003,3.6390822728676
458.94508262124,298.410079396841,3.85767618030091
9.68827546916653,494.136614184663,3.64166760803632
563.886238624238,50.9171545691606,4.16978517432071
70.0844399983496,375.485120497842,4.02329792470534
232.105535062953,414.459189323211,3.91691688290346
428.744311510502,14.104590182042,3.37011751600502
360.67829123252,292.927899292164,2.99765174501342
602.677782436384,103.376740836948,4.18765947074355
389.755700928955,233.055838058757,4.19246216787633
565.793717483559,402.054819582034,4.73413131885113
139.713520803485,284.387525815342,4.69085811772367
199.61448761059,365.647216321076,4.15511099127447
125.125977406049,406.974697413922,3.46627558397717
627.219050722047,311.683896613128,4.57584978914297
1.85704246966163,139.467433085054,4.28930884709423
543.979555308868,199.082354037301,4.14640953414756
34.3449757408693,489.858021821371,3.02143106664791
275.827097812023,23.8744732822473,3.82312697616826
534.810211541889,391.157530475517,3.39038133534511
75.6600452981429,79.7263593875416,5.18328526793156
2.75196858839266,76.7182815607424,3.56315231651122
586.20480743338,228.463212635844,4.01169027020153
439.647213202915,466.631994252871,4.79350631852283
656.148888173179,373.404413046024,2.89699093869529
97.1580722030472,483.265042917279,4.42493518539553
617.764684628015,90.9424994378337,4.10615856422269
420.329646943328,260.576523920947,3.60115812274668
12.0878041305151,182.507050367708,3.28263951633896
67.885803649828,119.415421831954,4.59342257529328
610.988160032587,191.380113663774,4.16454403824623
258.011871761012,220.17332932582,3.76166881894168
576.008097093121,439.777841172102,3.83392031064481
298.825192224681,137.606799818981,3.67191856040887
532.260911533854,459.131047066822,3.57730174454085
35.359244416128,417.938701394055,3.99386546627642
192.894524450391,279.065543834373,4.50623461998823
547.488288885361,260.174684049384,3.76457580564168
169.549680771317,30.3969050465789,4.29835482590635
504.237518205632,338.818150131461,4.47371729326665
39.1011132947188,37.408535445876,3.97942140450397
543.638249697154,161.905578096416,4.77850686720751
NA,NA,NA
661.35334642201,333.244886254003,3.6390822728676
458.94508262124,298.410079396841,3.85767618030091
9.68827546916653,494.136614184663,3.64166760803632
563.886238624238,50.9171545691606,4.16978517432071
70.0844399983496,375.485120497842,4.02329792470534
232.105535062953,414.459189323211,3.91691688290346
428.744311510502,14.104590182042,3.37011751600502
360.67829123252,292.927899292164,2.99765174501342
602.677782436384,103.376740836948,4.18765947074355
389.755700928955,233.055838058757,4.19246216787633
565.793717483559,402.054819582034,4.73413131885113
139.713520803485,284.387525815342,4.69085811772367
199.61448761059,365.647216321076,4.15511099127447
125.125977406049,406.974697413922,3.46627558397717
627.219050722047,311.683896613128,4.57584978914297
1.85704246966163,139.467433085054,4.28930884709423
543.979555308868,199.082354037301,4.14640953414756
34.3449757408693,489.858021821371,3.02143106664791
275.827097812023,23.8744732822473,3.82312697616826
534.810211541889,391.157530475517,3.39038133534511
75.6600452981429,79.7263593875416,5.18328526793156
2.75196858839266,76.7182815607424,3.56315231651122
586.20480743338,228.463212635844,4.01169027020153
439.647213202915,466.631994252871,4.79350631852283
656.148888173179,373.404413046024,2.89699093869529
97.1580722030472,483.265042917279,4.42493518539553
617.764684628015,90.9424994378337,4.10615856422269
420.329646943328,260.576523920947,3.60115812274668
12.0878041305151,182.507050367708,3.28263951633896
67.885803649828,119.415421831954,4.59342257529328
610.988160032587,191.380113663774,4.16454403824623
258.011871761012,220.17332932582,3.76166881894168
576.008097093121,439.777841172102,3.83392031064481
298.825192224681,137.606799818981,3.67191856040887
532.260911533854,459.131047066822,3.57730174454085
35.359244416128,417.938701394055,3.99386546627642
192.894524450391,279.065543834373,4.50623461998823
547.488288885361,260.174684049384,3.76457580564168
169.549680771317,30.3969050465789,4.29835482590635
504.237518205632,338.818150131461,4.47371729326665
39.1011132947188,37.408535445876,3.97942140450397
543.638249697154,161.905578096416,4.77850686720751
NA,NA,NA
664.699647863904,336.128571233171,3.46718598661032
452.045146728803,296.29878286619,3.57295948918016
11.7389134268218,497.075529025181,3.69018628961544
556.820003612512,50.9903624788756,4.22394722504719
67.4233089801793,377.50468231005,3.94230449104606
229.506005416785,411.589448035418,3.89405801945787
426.30877590674,14.9202298623141,3.30822253297457
358.309248048744,292.983030111218,3.21603044317624
605.656656448137,103.28330136508,4.16096780218645
396.904126442907,228.176208137033,4.20646492569481
574.21602172297,415.877573072612,4.72019320758145
140.540433289525,280.903079544511,4.72952649120003
197.953735684336,372.188385848773,4.03477096808155
124.688547235369,410.916605706685,3.40300227016525
628.741782467407,311.109342402675,4.54596258073774
2.9051405160294,143.935129526714,4.28675417156205
541.560428349732,208.124980275386,4.30596209943065
32.4042155941785,491.870837784283,3.0652303833733
283.288044370605,21.4405998625831,3.8527660988025
531.903555741281,393.725586587585,3.19366700981776
66.4937300746703,81.5951999779082,5.10285208980554
2.20682605379206,72.8929332754816,3.41923799108061
588.47631284104,229.638177840178,4.10211598634897
443.219784744952,450.05630062904,4.77004839046714
661.969833681449,374.930338219605,3.0096675818015
103.758148550076,491.906521785174,4.27549600443617
628.41957395908,88.766157232911,4.04048706230423
416.54250603628,256.441735186399,3.65174709756397
11.8947273869788,181.216629765103,3.38187699623826
72.5975762736457,124.455746325214,4.44940716419373
603.312184310162,194.206857742821,4.39048188556543
246.412443261021,220.572899096871,3.60040784711934
577.423101804921,439.438812184862,3.92946211079249
300.919872150352,138.358920559795,3.7804179929372
531.040095610925,457.4704111239,3.41385070129501
49.492205558021,418.859880510956,4.07685009435135
195.015940754045,284.450315068462,4.27761601819488
560.80454196646,272.662882807104,3.71754233093847
175.940421106987,30.8313792807161,4.24981976736633
500.055561681225,344.159518319165,4.74140781808627
29.3359815272927,48.0912601989807,3.39873369294939
518.140284461923,146.997216942064,4.43698559262984
NA,NA,NA
664.699647863904,336.128571233171,3.46718598661032
452.045146728803,296.29878286619,3.57295948918016
11.7389134268218,497.075529025181,3.69018628961544
556.820003612512,50.9903624788756,4.22394722504719
67.4233089801793,377.50468231005,3.94230449104606
229.506005416785,411.589448035418,3.89405801945787
426.30877590674,14.9202298623141,3.30822253297457
358.309248048744,292.983030111218,3.21603044317624
605.656656448137,103.28330136508,4.16096780218645
396.904126442907,228.176208137033,4.20646492569481
574.21602172297,415.877573072612,4.72019320758145
140.540433289525,280.903079544511,4.72952649120003
197.953735684336,372.188385848773,4.03477096808155
124.688547235369,410.916605706685,3.40300227016525
628.741782467407,311.109342402675,4.54596258073774
2.9051405160294,143.935129526714,4.28675417156205
541.560428349732,208.124980275386,4.30596209943065
32.4042155941785,491.870837784283,3.0652303833733
283.288044370605,21.4405998625831,3.8527660988025
531.903555741281,393.725586587585,3.19366700981776
66.4937300746703,81.5951999779082,5.10285208980554
2.20682605379206,72.8929332754816,3.41923799108061
588.47631284104,229.638177840178,4.10211598634897
443.219784744952,450.05630062904,4.77004839046714
661.969833681449,374.930338219605,3.0096675818015
103.758148550076,491.906521785174,4.27549600443617
628.41957395908,88.766157232911,4.04048706230423
416.54250603628,256.441735186399,3.65174709756397
11.8947273869788,181.216629765103,3.38187699623826
72.5975762736457,124.455746325214,4.44940716419373
603.312184310162,194.206857742821,4.39048188556543
246.412443261021,220.572899096871,3.60040784711934
577.423101804921,439.438812184862,3.92946211079249
300.919872150352,138.358920559795,3.7804179929372
531.040095610925,457.4704111239,3.41385070129501
49.492205558021,418.859880510956,4.07685009435135
195.015940754045,284.450315068462,4.27761601819488
560.80454196646,272.662882807104,3.71754233093847
175.940421106987,30.8313792807161,4.24981976736633
500.055561681225,344.159518319165,4.74140781808627
29.3359815272927,48.0912601989807,3.39873369294939
518.140284461923,146.997216942064,4.43698559262984
NA,NA,NA
664.699647863904,336.128571233171,3.46718598661032
452.045146728803,296.29878286619,3.57295948918016
11.7389134268218,497.075529025181,3.69018628961544
556.820003612512,50.9903624788756,4.22394722504719
67.4233089801793,377.50468231005,3.94230449104606
229.506005416785,411.589448035418,3.89405801945787
426.30877590674,14.9202298623141,3.30822253297457
358.309248048744,292.983030111218,3.21603044317624
605.656656448137,103.28330136508,4.16096780218645
396.904126442907,228.176208137033,4.20646492569481
574.21602172297,415.877573072612,4.72019320758145
140.540433289525,280.903079544511,4.72952649120003
197.953735684336,372.188385848773,4.03477096808155
124.688547235369,410.916605706685,3.40300227016525
628.741782467407,311.109342402675,4.54596258073774
2.9051405160294,143.935129526714,4.28675417156205
541.560428349732,208.124980275386,4.30596209943065
32.4042155941785,491.870837784283,3.0652303833733
283.288044370605,21.4405998625831,3.8527660988025
531.903555741281,393.725586587585,3.19366700981776
66.4937300746703,81.5951999779082,5.10285208980554
2.20682605379206,72.8929332754816,3.41923799108061
588.47631284104,229.638177840178,4.10211598634897
443.219784744952,450.05630062904,4.77004839046714
661.969833681449,374.930338219605,3.0096675818015
103.758148550076,491.906521785174,4.27549600443617
628.41957395908,88.766157232911,4.04048706230423
416.54250603628,256.441735186399,3.65174709756397
11.8947273869788,181.216629765103,3.38187699623826
72.5975762736457,124.455746325214,4.44940716419373
603.312184310162,194.206857742821,4.39048188556543
246.412443261021,220.572899096871,3.60040784711934
577.423101804921,439.438812184862,3.92946211079249
300.919872150352,138.358920559795,3.7804179929372
531.040095610925,457.4704111239,3.41385070129501
49.492205558021,418.859880510956,4.07685009435135
195.015940754045,284.450315068462,4.27761601819488
560.80454196646,272.662882807104,3.71754233093847
175.940421106987,30.8313792807161,4.24981976736633
500.055561681225,344.159518319165,4.74140781808627
29.3359815272927,48.0912601989807,3.39873369294939
518.140284461923,146.997216942064,4.43698559262984
NA,NA,NA
664.699647863904,336.128571233171,3.46718598661032
452.045146728803,296.29878286619,3.57295948918016
11.7389134268218,497.075529025181,3.69018628961544
556.820003612512,50.9903624788756,4.22394722504719
67.4233089801793,377.50468231005,3.94230449104606
229.506005416785,411.589448035418,3.89405801945787
426.30877590674,14.9202298623141,3.30822253297457
358.309248048744,292.983030111218,3.21603044317624
605.656656448137,103.28330136508,4.16096780218645
396.904126442907,228.176208137033,4.20646492569481
574.21602172297,415.877573072612,4.72019320758145
140.540433289525,280.903079544511,4.72952649120003
197.953735684336,372.188385848773,4.03477096808155
124.688547235369,410.916605706685,3.40300227016525
628.741782467407,311.109342402675,4.54596258073774
2.9051405160294,143.935129526714,4.28675417156205
541.560428349732,208.124980275386,4.30596209943065
32.4042155941785,491.870837784283,3.0652303833733
283.288044370605,21.4405998625831,3.8527660988025
531.903555741281,393.725586587585,3.19366700981776
66.4937300746703,81.5951999779082,5.10285208980554
2.20682605379206,72.8929332754816,3.41923799108061
588.47631284104,229.638177840178,4.10211598634897
443.219784744952,450.05630062904,4.77004839046714
661.969833681449,374.930338219605,3.0096675818015
103.758148550076,491.906521785174,4.27549600443617
628.41957395908,88.766157232911,4.04048706230423
416.54250603628,256.441735186399,3.65174709756397
11.8947273869788,181.216629765103,3.38187699623826
72.5975762736457,124.455746325214,4.44940716419373
603.312184310162,194.206857742821,4.39048188556543
246.412443261021,220.572899096871,3.60040784711934
577.423101804921,439.438812184862,3.92946211079249
300.919872150352,138.358920559795,3.7804179929372
531.040095610925,457.4704111239,3.41385070129501
49.492205558021,418.859880510956,4.07685009435135
195.015940754045,284.450315068462,4.27761601819488
560.80454196646,272.662882807104,3.71754233093847
175.940421106987,30.8313792807161,4.24981976736633
500.055561681225,344.159518319165,4.74140781808627
29.3359815272927,48.0912601989807,3.39873369294939
518.140284461923,146.997216942064,4.43698559262984
NA,NA,NA
664.699647863904,336.128571233171,3.46718598661032
452.045146728803,296.29878286619,3.57295948918016
11.7389134268218,497.075529025181,3.69018628961544
556.820003612512,50.9903624788756,4.22394722504719
67.4233089801793,377.50468231005,3.94230449104606
229.506005416785,411.589448035418,3.89405801945787
426.30877590674,14.9202298623141,3.30822253297457
358.309248048744,292.983030111218,3.21603044317624
605.656656448137,103.28330136508,4.16096780218645
396.904126442907,228.176208137033,4.20646492569481
574.21602172297,415.877573072612,4.72019320758145
140.540433289525,280.903079544511,4.72952649120003
197.953735684336,372.188385848773,4.03477096808155
124.688547235369,410.916605706685,3.40300227016525
628.741782467407,311.109342402675,4.54596258073774
2.9051405160294,143.935129526714,4.28675417156205
541.560428349732,208.124980275386,4.30596209943065
32.4042155941785,491.870837784283,3.0652303833733
283.288044370605,21.4405998625831,3.8527660988025
531.903555741281,393.725586587585,3.19366700981776
66.4937300746703,81.5951999779082,5.10285208980554
2.20682605379206,72.8929332754816,3.41923799108061
588.47631284104,229.638177840178,4.10211598634897
443.219784744952,450.05630062904,4.77004839046714
661.969833681449,374.930338219605,3.0096675818015
103.758148550076,491.906521785174,4.27549600443617
628.41957395908,88.766157232911,4.04048706230423
416.54250603628,256.441735186399,3.65174709756397
11.8947273869788,181.216629765103,3.38187699623826
72.5975762736457,124.455746325214,4.44940716419373
603.312184310162,194.206857742821,4.39048188556543
246.412443261021,220.572899096871,3.60040784711934
577.423101804921,439.438812184862,3.92946211079249
300.919872150352,138.358920559795,3.7804179929372
531.040095610925,457.4704111239,3.41385070129501
49.492205558021,418.859880510956,4.07685009435135
195.015940754045,284.450315068462,4.27761601819488
560.80454196646,272.662882807104,3.71754233093847
175.940421106987,30.8313792807161,4.24981976736633
500.055561681225,344.159518319165,4.74140781808627
29.3359815272927,48.0912601989807,3.39873369294939
518.140284461923,146.997216942064,4.43698559262984
NA,NA,NA
664.699647863904,336.128571233171,3.46718598661032
452.045146728803,296.29878286619,3.57295948918016
11.7389134268218,497.075529025181,3.69018628961544
556.820003612512,50.9903624788756,4.22394722504719
67.4233089801793,377.50468231005,3.94230449104606
229.506005416785,411.589448035418,3.89405801945787
426.30877590674,14.9202298623141,3.30822253297457
358.309248048744,292.983030111218,3.21603044317624
605.656656448137,103.28330136508,4.16096780218645
396.904126442907,228.176208137033,4.20646492569481
574.21602172297,415.877573072612,4.72019320758145
140.540433289525,280.903079544511,4.72952649120003
197.953735684336,372.188385848773,4.03477096808155
124.688547235369,410.916605706685,3.40300227016525
628.741782467407,311.109342402675,4.54596258073774
2.9051405160294,143.935129526714,4.28675417156205
541.560428349732,208.124980275386,4.30596209943065
32.4042155941785,491.870837784283,3.0652303833733
283.288044370605,21.4405998625831,3.8527660988025
531.903555741281,393.725586587585,3.19366700981776
66.4937300746703,81.5951999779082,5.10285208980554
2.20682605379206,72.8929332754816,3.41923799108061
588.47631284104,229.638177840178,4.10211598634897
443.219784744952,450.05630062904,4.77004839046714
661.969833681449,374.930338219605,3.0096675818015
103.758148550076,491.906521785174,4.27549600443617
628.41957395908,88.766157232911,4.04048706230423
416.54250603628,256.441735186399,3.65174709756397
11.8947273869788,181.216629765103,3.38187699623826
72.5975762736457,124.455746325214,4.44940716419373
603.312184310162,194.206857742821,4.39048188556543
246.412443261021,220.572899096871,3.60040784711934
577.423101804921,439.438812184862,3.92946211079249
300.919872150352,138.358920559795,3.7804179929372
531.040095610925,457.4704111239,3.41385070129501
49.492205558021,418.859880510956,4.07685009435135
195.015940754045,284.450315068462,4.27761601819488
560.80454196646,272.662882807104,3.71754233093847
175.940421106987,30.8313792807161,4.24981976736633
500.055561681225,344.159518319165,4.74140781808627
29.3359815272927,48.0912601989807,3.39873369294939
518.140284461923,146.997216942064,4.43698559262984
NA,NA,NA
660.027784755762,334.712414735273,3.51995253965373
456.318931163036,299.829270335033,3.83253017620639
13.8797568728733,489.814305869494,3.66315578911207
558.008976748557,54.4931236893246,4.20165452478018
69.3833367020267,372.6299801165,3.97024490930904
226.542204720496,415.36851862169,3.93662807108712
425.157292487105,15.3611135209022,3.32082525530486
362.259082350914,293.852408769336,3.12750713428439
604.60851131756,106.985497259538,4.39158653163429
396.884216014015,228.670788342587,4.2371837716488
575.587595458344,408.315826371,4.7750084497143
135.232197244731,280.986150266823,4.659698729779
197.610200694491,366.442883649855,4.0169572565362
125.117624577156,409.565478738282,3.47913312123859
629.338526792532,312.313804542174,4.63658206191735
5.36847072444761,150.687144070244,4.25703078429331
542.078058098278,212.119990319447,4.1570077193624
33.6047187809088,492.58941955729,2.95981374324353
275.164974910098,25.128747810265,3.84302537980819
531.059385044603,395.391534907129,3.400514388124
71.871074220962,68.9118422311535,5.3165064023383
1.50102899656248,78.0170557305844,3.51455694242187
589.589899084152,226.970577933502,4.05975395141837
440.592569794946,452.486480584127,4.80842889459383
660.130504532064,373.78606065719,3.05695092625989
114.499543973187,490.363342825824,4.52651179847488
623.975815160299,89.8972430003767,4.06295019682867
417.629270294361,257.737837899792,3.54789797415852
12.2025757021608,183.279245467419,3.15874357621136
67.2073293730592,128.81715173868,4.35840892091578
610.392064208347,210.699713464559,4.39111914257032
251.77800494494,216.270528274899,3.79349332000673
573.2970142147,435.769103304164,3.75736745377145
297.098001895744,144.894770942978,3.71500796569762
527.00251196927,452.525189103361,3.64675087569037
50.5633335679418,425.185518767713,4.02336883314867
190.791899892294,282.587440997606,4.24635608135441
550.932683456487,259.384001640103,3.6787994765351
168.986782684985,37.422220167376,4.36203069183007
486.096880969139,353.378361232503,4.48334786815286
43.2609437280532,43.3661088317973,3.54205095945918
534.492008975309,146.325557564847,4.33173093103155
NA,NA,NA
660.027784755762,334.712414735273,3.51995253965373
456.318931163036,299.829270335033,3.83253017620639
13.8797568728733,489.814305869494,3.66315578911207
558.008976748557,54.4931236893246,4.20165452478018
69.3833367020267,372.6299801165,3.97024490930904
226.542204720496,415.36851862169,3.93662807108712
425.157292487105,15.3611135209022,3.32082525530486
362.259082350914,293.852408769336,3.12750713428439
604.60851131756,106.985497259538,4.39158653163429
396.884216014015,228.670788342587,4.2371837716488
575.587595458344,408.315826371,4.7750084497143
135.232197244731,280.986150266823,4.659698729779
197.610200694491,366.442883649855,4.0169572565362
125.117624577156,409.565478738282,3.47913312123859
629.338526792532,312.313804542174,4.63658206191735
5.36847072444761,150.687144070244,4.25703078429331
542.078058098278,212.119990319447,4.1570077193624
33.6047187809088,492.58941955729,2.95981374324353
275.164974910098,25.128747810265,3.84302537980819
531.059385044603,395.391534907129,3.400514388124
71.871074220962,68.9118422311535,5.3165064023383
1.50102899656248,78.0170557305844,3.51455694242187
589.589899084152,226.970577933502,4.05975395141837
440.592569794946,452.486480584127,4.80842889459383
660.130504532064,373.78606065719,3.05695092625989
114.499543973187,490.363342825824,4.52651179847488
623.975815160299,89.8972430003767,4.06295019682867
417.629270294361,257.737837899792,3.54789797415852
12.2025757021608,183.279245467419,3.15874357621136
67.2073293730592,128.81715173868,4.35840892091578
610.392064208347,210.699713464559,4.39111914257032
251.77800494494,216.270528274899,3.79349332000673
573.2970142147,435.769103304164,3.75736745377145
297.098001895744,144.894770942978,3.71500796569762
527.00251196927,452.525189103361,3.64675087569037
50.5633335679418,425.185518767713,4.02336883314867
190.791899892294,282.587440997606,4.24635608135441
550.932683456487,259.384001640103,3.6787994765351
168.986782684985,37.422220167376,4.36203069183007
486.096880969139,353.378361232503,4.48334786815286
43.2609437280532,43.3661088317973,3.54205095945918
534.492008975309,146.325557564847,4.33173093103155
NA,NA,NA
660.027784755762,334.712414735273,3.51995253965373
456.318931163036,299.829270335033,3.83253017620639
13.8797568728733,489.814305869494,3.66315578911207
558.008976748557,54.4931236893246,4.20165452478018
69.3833367020267,372.6299801165,3.97024490930904
226.542204720496,415.36851862169,3.93662807108712
425.157292487105,15.3611135209022,3.32082525530486
362.259082350914,293.852408769336,3.12750713428439
604.60851131756,106.985497259538,4.39158653163429
396.884216014015,228.670788342587,4.2371837716488
575.587595458344,408.315826371,4.7750084497143
135.232197244731,280.986150266823,4.659698729779
197.610200694491,366.442883649855,4.0169572565362
125.117624577156,409.565478738282,3.47913312123859
629.338526792532,312.313804542174,4.63658206191735
5.36847072444761,150.687144070244,4.25703078429331
542.078058098278,212.119990319447,4.1570077193624
33.6047187809088,492.58941955729,2.95981374324353
275.164974910098,25.128747810265,3.84302537980819
531.059385044603,395.391534907129,3.400514388124
71.871074220962,68.9118422311535,5.3165064023383
1.50102899656248,78.0170557305844,3.51455694242187
589.589899084152,226.970577933502,4.05975395141837
440.592569794946,452.486480584127,4.80842889459383
660.130504532064,373.78606065719,3.05695092625989
114.499543973187,490.363342825824,4.52651179847488
623.975815160299,89.8972430003767,4.06295019682867
417.629270294361,257.737837899792,3.54789797415852
12.2025757021608,183.279245467419,3.15874357621136
67.2073293730592,128.81715173868,4.35840892091578
610.392064208347,210.699713464559,4.39111914257032
251.77800494494,216.270528274899,3.79349332000673
573.2970142147,435.769103304164,3.75736745377145
297.098001895744,144.894770942978,3.71500796569762
527.00251196927,452.525189103361,3.64675087569037
50.5633335679418,425.185518767713,4.02336883314867
190.791899892294,282.587440997606,4.24635608135441
550.932683456487,259.384001640103,3.6787994765351
168.986782684985,37.422220167376,4.36203069183007
486.096880969139,353.378361232503,4.48334786815286
43.2609437280532,43.3661088317973,3.54205095945918
534.492008975309,146.325557564847,4.33173093103155
NA,NA,NA
660.027784755762,334.712414735273,3.51995253965373
456.318931163036,299.829270335033,3.83253017620639
13.8797568728733,489.814305869494,3.66315578911207
558.008976748557,54.4931236893246,4.20165452478018
69.3833367020267,372.6299801165,3.97024490930904
226.542204720496,415.36851862169,3.93662807108712
425.157292487105,15.3611135209022,3.32082525530486
362.259082350914,293.852408769336,3.12750713428439
604.60851131756,106.985497259538,4.39158653163429
396.884216014015,228.670788342587,4.2371837716488
575.587595458344,408.315826371,4.7750084497143
135.232197244731,280.986150266823,4.659698729779
197.610200694491,366.442883649855,4.0169572565362
125.117624577156,409.565478738282,3.47913312123859
629.338526792532,312.313804542174,4.63658206191735
5.36847072444761,150.687144070244,4.25703078429331
542.078058098278,212.119990319447,4.1570077193624
33.6047187809088,492.58941955729,2.95981374324353
275.164974910098,25.128747810265,3.84302537980819
531.059385044603,395.391534907129,3.400514388124
71.871074220962,68.9118422311535,5.3165064023383
1.50102899656248,78.0170557305844,3.51455694242187
589.589899084152,226.970577933502,4.05975395141837
440.592569794946,452.486480584127,4.80842889459383
660.130504532064,373.78606065719,3.05695092625989
114.499543973187,490.363342825824,4.52651179847488
623.975815160299,89.8972430003767,4.06295019682867
417.629270294361,257.737837899792,3.54789797415852
12.2025757021608,183.279245467419,3.15874357621136
67.2073293730592,128.81715173868,4.35840892091578
610.392064208347,210.699713464559,4.39111914257032
251.77800494494,216.270528274899,3.79349332000673
573.2970142147,435.769103304164,3.75736745377145
297.098001895744,144.894770942978,3.71500796569762
527.00251196927,452.525189103361,3.64675087569037
50.5633335679418,425.185518767713,4.02336883314867
190.791899892294,282.587440997606,4.24635608135441
550.932683456487,259.384001640103,3.6787994765351
168.986782684985,37.422220167376,4.36203069183007
486.096880969139,353.378361232503,4.48334786815286
43.2609437280532,43.3661088317973,3.54205095945918
534.492008975309,146.325557564847,4.33173093103155
NA,NA,NA
660.027784755762,334.712414735273,3.51995253965373
456.318931163036,299.829270335033,3.83253017620639
13.8797568728733,489.814305869494,3.66315578911207
558.008976748557,54.4931236893246,4.20165452478018
69.3833367020267,372.6299801165,3.97024490930904
226.542204720496,415.36851862169,3.93662807108712
425.157292487105,15.3611135209022,3.32082525530486
362.259082350914,293.852408769336,3.12750713428439
604.60851131756,106.985497259538,4.39158653163429
396.884216014015,228.670788342587,4.2371837716488
575.587595458344,408.315826371,4.7750084497143
135.232197244731,280.986150266823,4.659698729779
197.610200694491,366.442883649855,4.0169572565362
125.117624577156,409.565478738282,3.47913312123859
629.338526792532,312.313804542174,4.63658206191735
5.36847072444761,150.687144070244,4.25703078429331
542.078058098278,212.119990319447,4.1570077193624
33.6047187809088,492.58941955729,2.95981374324353
275.164974910098,25.128747810265,3.84302537980819
531.059385044603,395.391534907129,3.400514388124
71.871074220962,68.9118422311535,5.3165064023383
1.50102899656248,78.0170557305844,3.51455694242187
589.589899084152,226.970577933502,4.05975395141837
440.592569794946,452.486480584127,4.80842889459383
660.130504532064,373.78606065719,3.05695092625989
114.499543973187,490.363342825824,4.52651179847488
623.975815160299,89.8972430003767,4.06295019682867
417.629270294361,257.737837899792,3.54789797415852
12.2025757021608,183.279245467419,3.15874357621136
67.2073293730592,128.81715173868,4.35840892091578
610.392064208347,210.699713464559,4.39111914257032
251.77800494494,216.270528274899,3.79349332000673
573.2970142147,435.769103304164,3.75736745377145
297.098001895744,144.894770942978,3.71500796569762
527.00251196927,452.525189103361,3.64675087569037
50.5633335679418,425.185518767713,4.02336883314867
190.791899892294,282.587440997606,4.24635608135441
550.932683456487,259.384001640103,3.6787994765351
168.986782684985,37.422220167376,4.36203069183007
486.096880969139,353.378361232503,4.48334786815286
43.2609437280532,43.3661088317973,3.54205095945918
534.492008975309,146.325557564847,4.33173093103155
NA,NA,NA
660.027784755762,334.712414735273,3.51995253965373
456.318931163036,299.829270335033,3.83253017620639
13.8797568728733,489.814305869494,3.66315578911207
558.008976748557,54.4931236893246,4.20165452478018
69.3833367020267,372.6299801165,3.97024490930904
226.542204720496,415.36851862169,3.93662807108712
425.157292487105,15.3611135209022,3.32082525530486
362.259082350914,293.852408769336,3.12750713428439
604.60851131756,106.985497259538,4.39158653163429
396.884216014015,228.670788342587,4.2371837716488
575.587595458344,408.315826371,4.7750084497143
135.232197244731,280.986150266823,4.659698729779
197.610200694491,366.442883649855,4.0169572565362
125.117624577156,409.565478738282,3.47913312123859
629.338526792532,312.313804542174,4.63658206191735
5.36847072444761,150.687144070244,4.25703078429331
542.078058098278,212.119990319447,4.1570077193624
33.6047187809088,492.58941955729,2.95981374324353
275.164974910098,25.128747810265,3.84302537980819
531.059385044603,395.391534907129,3.400514388124
71.871074220962,68.9118422311535,5.3165064023383
1.50102899656248,78.0170557305844,3.51455694242187
589.589899084152,226.970577933502,4.05975395141837
440.592569794946,452.486480584127,4.80842889459383
660.130504532064,373.78606065719,3.05695092625989
114.499543973187,490.363342825824,4.52651179847488
623.975815160299,89.8972430003767,4.06295019682867
417.629270294361,257.737837899792,3.54789797415852
12.2025757021608,183.279245467419,3.15874357621136
67.2073293730592,128.81715173868,4.35840892091578
610.392064208347,210.699713464559,4.39111914257032
251.77800494494,216.270528274899,3.79349332000673
573.2970142147,435.769103304164,3.75736745377145
297.098001895744,144.894770942978,3.71500796569762
527.00251196927,452.525189103361,3.64675087569037
50.5633335679418,425.185518767713,4.02336883314867
190.791899892294,282.587440997606,4.24635608135441
550.932683456487,259.384001640103,3.6787994765351
168.986782684985,37.422220167376,4.36203069183007
486.096880969139,353.378361232503,4.48334786815286
43.2609437280532,43.3661088317973,3.54205095945918
534.492008975309,146.325557564847,4.33173093103155
NA,NA,NA
663.515310363328,334.946549654954,3.47895307422583
454.947067196758,301.670896017749,3.69432361021814
10.6334181375665,496.242129469191,3.77209588751906
560.771825084533,49.8705210794199,4.18147932159214
71.8227538236703,369.29320955779,3.87002447143951
225.247012074423,416.562390004743,3.87189279028814
426.508940117601,13.2693938429565,3.49792285801764
363.02465979478,291.145058577504,2.90143566830436
600.225158647532,107.376517911808,4.24902705224107
387.235333338213,231.664275554674,4.08321240508647
566.863133465551,410.291375907005,4.71643615953763
137.986270605049,278.745054226016,4.60588271442276
206.673117096751,368.671091750161,3.98386405018464
127.093771910502,408.544789973152,3.53435146203007
621.554693268104,302.128975252237,4.56505938638087
3.41538811078855,145.772619761371,4.30716785939233
538.645384903,208.208745222678,4.27880881786796
34.3382901228134,489.681182449508,2.91148813575966
281.174197195184,22.4032172107841,3.79208414104208
535.229401994505,393.488136051491,3.4997524451073
69.2508271665122,71.2460615979254,5.23199811157232
0.43624614974503,73.1599528937832,3.5335235898891
587.763677585145,232.369002409322,4.07514900233777
443.686659202762,460.257329038449,4.82685097200081
658.980334525378,374.161840940542,2.96329723621594
108.325548184193,495.504444592022,4.38791793422556
625.710335265282,91.4720295246051,4.12797703449679
421.521874772035,259.106226722801,3.61779409554058
12.0801013387352,183.153588892832,3.01003959162517
58.2883098362777,121.927062313087,4.50289889627879
609.263025801955,214.883065441645,4.68401667159156
246.755032406103,226.171489313987,3.79548788606267
565.377522955667,434.548920182959,4.04644581802784
299.092128779965,139.405943415338,3.69097304487109
529.08734726695,454.47662251046,3.42678493121599
47.7204480645101,423.951798035635,4.04020517187358
196.091348039823,291.118051928348,4.09812986829031
560.756448231178,261.488741816963,3.70730511227951
175.982890934073,31.8671388459026,4.42512066072686
504.718943505954,333.600782518335,4.37683153834871
34.346950344385,59.5514321043602,3.24383183731785
530.125034266694,174.414882808124,4.44617078170717
NA,NA,NA
663.515310363328,334.946549654954,3.47895307422583
454.947067196758,301.670896017749,3.69432361021814
10.6334181375665,496.242129469191,3.77209588751906
560.771825084533,49.8705210794199,4.18147932159214
71.8227538236703,369.29320955779,3.87002447143951
225.247012074423,416.562390004743,3.87189279028814
426.508940117601,13.2693938429565,3.49792285801764
363.02465979478,291.145058577504,2.90143566830436
600.225158647532,107.376517911808,4.24902705224107
387.235333338213,231.664275554674,4.08321240508647
566.863133465551,410.291375907005,4.71643615953763
137.986270605049,278.745054226016,4.60588271442276
206.673117096751,368.671091750161,3.98386405018464
127.093771910502,408.544789973152,3.53435146203007
621.554693268104,302.128975252237,4.56505938638087
3.41538811078855,145.772619761371,4.30716785939233
538.645384903,208.208745222678,4.27880881786796
34.3382901228134,489.681182449508,2.91148813575966
281.174197195184,22.4032172107841,3.79208414104208
535.229401994505,393.488136051491,3.4997524451073
69.2508271665122,71.2460615979254,5.23199811157232
0.43624614974503,73.1599528937832,3.5335235898891
587.763677585145,232.369002409322,4.07514900233777
443.686659202762,460.257329038449,4.82685097200081
658.980334525378,374.161840940542,2.96329723621594
108.325548184193,495.504444592022,4.38791793422556
625.710335265282,91.4720295246051,4.12797703449679
421.521874772035,259.106226722801,3.61779409554058
12.0801013387352,183.153588892832,3.01003959162517
58.2883098362777,121.927062313087,4.50289889627879
609.263025801955,214.883065441645,4.68401667159156
246.755032406103,226.171489313987,3.79548788606267
565.377522955667,434.548920182959,4.04644581802784
299.092128779965,139.405943415338,3.69097304487109
529.08734726695,454.47662251046,3.42678493121599
47.7204480645101,423.951798035635,4.04020517187358
196.091348039823,291.118051928348,4.09812986829031
560.756448231178,261.488741816963,3.70730511227951
175.982890934073,31.8671388459026,4.42512066072686
504.718943505954,333.600782518335,4.37683153834871
34.346950344385,59.5514321043602,3.24383183731785
530.125034266694,174.414882808124,4.44617078170717
NA,NA,NA
663.515310363328,334.946549654954,3.47895307422583
454.947067196758,301.670896017749,3.69432361021814
10.6334181375665,496.242129469191,3.77209588751906
560.771825084533,49.8705210794199,4.18147932159214
71.8227538236703,369.29320955779,3.87002447143951
225.247012074423,416.562390004743,3.87189279028814
426.508940117601,13.2693938429565,3.49792285801764
363.02465979478,291.145058577504,2.90143566830436
600.225158647532,107.376517911808,4.24902705224107
387.235333338213,231.664275554674,4.08321240508647
566.863133465551,410.291375907005,4.71643615953763
137.986270605049,278.745054226016,4.60588271442276
206.673117096751,368.671091750161,3.98386405018464
127.093771910502,408.544789973152,3.53435146203007
621.554693268104,302.128975252237,4.56505938638087
3.41538811078855,145.772619761371,4.30716785939233
538.645384903,208.208745222678,4.27880881786796
34.3382901228134,489.681182449508,2.91148813575966
281.174197195184,22.4032172107841,3.79208414104208
535.229401994505,393.488136051491,3.4997524451073
69.2508271665122,71.2460615979254,5.23199811157232
0.43624614974503,73.1599528937832,3.5335235898891
587.763677585145,232.369002409322,4.07514900233777
443.686659202762,460.257329038449,4.82685097200081
658.980334525378,374.161840940542,2.96329723621594
108.325548184193,495.504444592022,4.38791793422556
625.710335265282,91.4720295246051,4.12797703449679
421.521874772035,259.106226722801,3.61779409554058
12.0801013387352,183.153588892832,3.01003959162517
58.2883098362777,121.927062313087,4.50289889627879
609.263025801955,214.883065441645,4.68401667159156
246.755032406103,226.171489313987,3.79548788606267
565.377522955667,434.548920182959,4.04644581802784
299.092128779965,139.405943415338,3.69097304487109
529.08734726695,454.47662251046,3.42678493121599
47.7204480645101,423.951798035635,4.04020517187358
196.091348039823,291.118051928348,4.09812986829031
560.756448231178,261.488741816963,3.70730511227951
175.982890934073,31.8671388459026,4.42512066072686
504.718943505954,333.600782518335,4.37683153834871
34.346950344385,59.5514321043602,3.24383183731785
530.125034266694,174.414882808124,4.44617078170717
NA,NA,NA
663.515310363328,334.946549654954,3.47895307422583
454.947067196758,301.670896017749,3.69432361021814
10.6334181375665,496.242129469191,3.77209588751906
560.771825084533,49.8705210794199,4.18147932159214
71.8227538236703,369.29320955779,3.87002447143951
225.247012074423,416.562390004743,3.87189279028814
426.508940117601,13.2693938429565,3.49792285801764
363.02465979478,291.145058577504,2.90143566830436
600.225158647532,107.376517911808,4.24902705224107
387.235333338213,231.664275554674,4.08321240508647
566.863133465551,410.291375907005,4.71643615953763
137.986270605049,278.745054226016,4.60588271442276
206.673117096751,368.671091750161,3.98386405018464
127.093771910502,408.544789973152,3.53435146203007
621.554693268104,302.128975252237,4.56505938638087
3.41538811078855,145.772619761371,4.30716785939233
538.645384903,208.208745222678,4.27880881786796
34.3382901228134,489.681182449508,2.91148813575966
281.174197195184,22.4032172107841,3.79208414104208
535.229401994505,393.488136051491,3.4997524451073
69.2508271665122,71.2460615979254,5.23199811157232
0.43624614974503,73.1599528937832,3.5335235898891
587.763677585145,232.369002409322,4.07514900233777
443.686659202762,460.257329038449,4.82685097200081
658.980334525378,374.161840940542,2.96329723621594
108.325548184193,495.504444592022,4.38791793422556
625.710335265282,91.4720295246051,4.12797703449679
421.521874772035,259.106226722801,3.61779409554058
12.0801013387352,183.153588892832,3.01003959162517
58.2883098362777,121.927062313087,4.50289889627879
609.263025801955,214.883065441645,4.68401667159156
246.755032406103,226.171489313987,3.79548788606267
565.377522955667,434.548920182959,4.04644581802784
299.092128779965,139.405943415338,3.69097304487109
529.08734726695,454.47662251046,3.42678493121599
47.7204480645101,423.951798035635,4.04020517187358
196.091348039823,291.118051928348,4.09812986829031
560.756448231178,261.488741816963,3.70730511227951
175.982890934073,31.8671388459026,4.42512066072686
504.718943505954,333.600782518335,4.37683153834871
34.346950344385,59.5514321043602,3.24383183731785
530.125034266694,174.414882808124,4.44617078170717
NA,NA,NA
663.515310363328,334.946549654954,3.47895307422583
454.947067196758,301.670896017749,3.69432361021814
10.6334181375665,496.242129469191,3.77209588751906
560.771825084533,49.8705210794199,4.18147932159214
71.8227538236703,369.29320955779,3.87002447143951
225.247012074423,416.562390004743,3.87189279028814
426.508940117601,13.2693938429565,3.49792285801764
363.02465979478,291.145058577504,2.90143566830436
600.225158647532,107.376517911808,4.24902705224107
387.235333338213,231.664275554674,4.08321240508647
566.863133465551,410.291375907005,4.71643615953763
137.986270605049,278.745054226016,4.60588271442276
206.673117096751,368.671091750161,3.98386405018464
127.093771910502,408.544789973152,3.53435146203007
621.554693268104,302.128975252237,4.56505938638087
3.41538811078855,145.772619761371,4.30716785939233
538.645384903,208.208745222678,4.27880881786796
34.3382901228134,489.681182449508,2.91148813575966
281.174197195184,22.4032172107841,3.79208414104208
535.229401994505,393.488136051491,3.4997524451073
69.2508271665122,71.2460615979254,5.23199811157232
0.43624614974503,73.1599528937832,3.5335235898891
587.763677585145,232.369002409322,4.07514900233777
443.686659202762,460.257329038449,4.82685097200081
658.980334525378,374.161840940542,2.96329723621594
108.325548184193,495.504444592022,4.38791793422556
625.710335265282,91.4720295246051,4.12797703449679
421.521874772035,259.106226722801,3.61779409554058
12.0801013387352,183.153588892832,3.01003959162517
58.2883098362777,121.927062313087,4.50289889627879
609.263025801955,214.883065441645,4.68401667159156
246.755032406103,226.171489313987,3.79548788606267
565.377522955667,434.548920182959,4.04644581802784
299.092128779965,139.405943415338,3.69097304487109
529.08734726695,454.47662251046,3.42678493121599
47.7204480645101,423.951798035635,4.04020517187358
196.091348039823,291.118051928348,4.09812986829031
560.756448231178,261.488741816963,3.70730511227951
175.982890934073,31.8671388459026,4.42512066072686
504.718943505954,333.600782518335,4.37683153834871
34.346950344385,59.5514321043602,3.24383183731785
530.125034266694,174.414882808124,4.44617078170717
NA,NA,NA
663.515310363328,334.946549654954,3.47895307422583
454.947067196758,301.670896017749,3.69432361021814
10.6334181375665,496.242129469191,3.77209588751906
560.771825084533,49.8705210794199,4.18147932159214
71.8227538236703,369.29320955779,3.87002447143951
225.247012074423,416.562390004743,3.87189279028814
426.508940117601,13.2693938429565,3.49792285801764
363.02465979478,291.145058577504,2.90143566830436
600.225158647532,107.376517911808,4.24902705224107
387.235333338213,231.664275554674,4.08321240508647
566.863133465551,410.291375907005,4.71643615953763
137.986270605049,278.745054226016,4.60588271442276
206.673117096751,368.671091750161,3.98386405018464
127.093771910502,408.544789973152,3.53435146203007
621.554693268104,302.128975252237,4.56505938638087
3.41538811078855,145.772619761371,4.30716785939233
538.645384903,208.208745222678,4.27880881786796
34.3382901228134,489.681182449508,2.91148813575966
281.174197195184,22.4032172107841,3.79208414104208
535.229401994505,393.488136051491,3.4997524451073
69.2508271665122,71.2460615979254,5.23199811157232
0.43624614974503,73.1599528937832,3.5335235898891
587.763677585145,232.369002409322,4.07514900233777
443.686659202762,460.257329038449,4.82685097200081
658.980334525378,374.161840940542,2.96329723621594
108.325548184193,495.504444592022,4.38791793422556
625.710335265282,91.4720295246051,4.12797703449679
421.521874772035,259.106226722801,3.61779409554058
12.0801013387352,183.153588892832,3.01003959162517
58.2883098362777,121.927062313087,4.50289889627879
609.263025801955,214.883065441645,4.68401667159156
246.755032406103,226.171489313987,3.79548788606267
565.377522955667,434.548920182959,4.04644581802784
299.092128779965,139.405943415338,3.69097304487109
529.08734726695,454.47662251046,3.42678493121599
47.7204480645101,423.951798035635,4.04020517187358
196.091348039823,291.118051928348,4.09812986829031
560.756448231178,261.488741816963,3.70730511227951
175.982890934073,31.8671388459026,4.42512066072686
504.718943505954,333.600782518335,4.37683153834871
34.346950344385,59.5514321043602,3.24383183731785
530.125034266694,174.414882808124,4.44617078170717
NA,NA,NA
658.024171535979,332.951653939056,3.46956733719348
453.586907514615,296.204243651194,3.56486326257856
11.3269625287339,493.625613514674,3.57935029080452
563.266556014728,49.2142779528012,4.14530245557276
69.5334374417709,377.854509254313,4.04396818913248
226.4122411122,412.518353755134,3.85926314953308
428.371484080966,11.8219952284551,3.40852507544834
362.598133817408,292.639222307285,3.06533799282663
608.775101280652,97.7114652764038,4.1738364491118
395.478166715353,227.131649943441,4.14979587651767
564.456958551796,408.548666685948,4.68327115448853
137.11121314079,276.038881171627,4.63851660828978
201.471417676763,375.105211923945,4.014962297817
124.41402087559,413.572938624657,3.31815878667159
624.500737471459,314.650963357389,4.66449299983758
6.03925586635306,148.314889947338,4.20792792376483
542.575079682014,200.285554374984,4.18610939467939
33.5031629527151,491.271657088565,3.08117615116568
278.95463239041,23.6957141150558,3.70885416142462
531.998991210865,394.080433352799,3.36015644220067
79.2681525609871,70.5299493023681,5.24585754678527
1.37065193736858,77.7807692765558,3.45150056340123
586.494858986391,223.982294871473,3.99395920385175
446.099397457415,457.120197600923,4.72645801127139
660.798153075,375.690636794125,2.98026319178091
109.172704218999,492.16639477342,4.3306661376486
627.09536777941,88.4812949732594,4.0796012022288
418.798230423167,259.151640642942,3.62895585344147
10.4115545730919,181.389461270319,3.2007874492995
59.1676844209778,114.810887323717,4.49383639274631
614.877139324626,203.229123631381,4.3075135847988
251.633867305588,220.692042961966,3.35997889409589
566.738516334773,445.008728618232,3.95001366219206
297.161361133325,141.700873091152,3.93223541401162
527.507482272079,457.464859556584,3.74291885668527
47.8923327475944,423.153241058704,3.76563464807355
191.565623034141,286.042437317193,4.26722506503802
540.065634820083,262.999864943621,3.37397092228889
180.097113218815,38.317943679861,4.42076980502449
490.269942570083,354.88916616436,4.43497030433662
43.6239550563543,50.7085232770832,3.2624491317322
539.088700134172,154.783786490108,4.65312618046632
NA,NA,NA
658.024171535979,332.951653939056,3.46956733719348
453.586907514615,296.204243651194,3.56486326257856
11.3269625287339,493.625613514674,3.57935029080452
563.266556014728,49.2142779528012,4.14530245557276
69.5334374417709,377.854509254313,4.04396818913248
226.4122411122,412.518353755134,3.85926314953308
428.371484080966,11.8219952284551,3.40852507544834
362.598133817408,292.639222307285,3.06533799282663
608.775101280652,97.7114652764038,4.1738364491118
395.478166715353,227.131649943441,4.14979587651767
564.456958551796,408.548666685948,4.68327115448853
137.11121314079,276.038881171627,4.63851660828978
201.471417676763,375.105211923945,4.014962297817
124.41402087559,413.572938624657,3.31815878667159
624.500737471459,314.650963357389,4.66449299983758
6.03925586635306,148.314889947338,4.20792792376483
542.575079682014,200.285554374984,4.18610939467939
33.5031629527151,491.271657088565,3.08117615116568
278.95463239041,23.6957141150558,3.70885416142462
531.998991210865,394.080433352799,3.36015644220067
79.2681525609871,70.5299493023681,5.24585754678527
1.37065193736858,77.7807692765558,3.45150056340123
586.494858986391,223.982294871473,3.99395920385175
446.099397457415,457.120197600923,4.72645801127139
660.798153075,375.690636794125,2.98026319178091
109.172704218999,492.16639477342,4.3306661376486
627.09536777941,88.4812949732594,4.0796012022288
418.798230423167,259.151640642942,3.62895585344147
10.4115545730919,181.389461270319,3.2007874492995
59.1676844209778,114.810887323717,4.49383639274631
614.877139324626,203.229123631381,4.3075135847988
251.633867305588,220.692042961966,3.35997889409589
566.738516334773,445.008728618232,3.95001366219206
297.161361133325,141.700873091152,3.93223541401162
527.507482272079,457.464859556584,3.74291885668527
47.8923327475944,423.153241058704,3.76563464807355
191.565623034141,286.042437317193,4.26722506503802
540.065634820083,262.999864943621,3.37397092228889
180.097113218815,38.317943679861,4.42076980502449
490.269942570083,354.88916616436,4.43497030433662
43.6239550563543,50.7085232770832,3.2624491317322
539.088700134172,154.783786490108,4.65312618046632
NA,NA,NA
658.024171535979,332.951653939056,3.46956733719348
453.586907514615,296.204243651194,3.56486326257856
11.3269625287339,493.625613514674,3.57935029080452
563.266556014728,49.2142779528012,4.14530245557276
69.5334374417709,377.854509254313,4.04396818913248
226.4122411122,412.518353755134,3.85926314953308
428.371484080966,11.8219952284551,3.40852507544834
362.598133817408,292.639222307285,3.06533799282663
608.775101280652,97.7114652764038,4.1738364491118
395.478166715353,227.131649943441,4.14979587651767
564.456958551796,408.548666685948,4.68327115448853
137.11121314079,276.038881171627,4.63851660828978
201.471417676763,375.105211923945,4.014962297817
124.41402087559,413.572938624657,3.31815878667159
624.500737471459,314.650963357389,4.66449299983758
6.03925586635306,148.314889947338,4.20792792376483
542.575079682014,200.285554374984,4.18610939467939
33.5031629527151,491.271657088565,3.08117615116568
278.95463239041,23.6957141150558,3.70885416142462
531.998991210865,394.080433352799,3.36015644220067
79.2681525609871,70.5299493023681,5.24585754678527
1.37065193736858,77.7807692765558,3.45150056340123
586.494858986391,223.982294871473,3.99395920385175
446.099397457415,457.120197600923,4.72645801127139
660.798153075,375.690636794125,2.98026319178091
109.172704218999,492.16639477342,4.3306661376486
627.09536777941,88.4812949732594,4.0796012022288
418.798230423167,259.151640642942,3.62895585344147
10.4115545730919,181.389461270319,3.2007874492995
59.1676844209778,114.810887323717,4.49383639274631
614.877139324626,203.229123631381,4.3075135847988
251.633867305588,220.692042961966,3.35997889409589
566.738516334773,445.008728618232,3.95001366219206
297.161361133325,141.700873091152,3.93223541401162
527.507482272079,457.464859556584,3.74291885668527
47.8923327475944,423.153241058704,3.76563464807355
191.565623034141,286.042437317193,4.26722506503802
540.065634820083,262.999864943621,3.37397092228889
180.097113218815,38.317943679861,4.42076980502449
490.269942570083,354.88916616436,4.43497030433662
43.6239550563543,50.7085232770832,3.2624491317322
539.088700134172,154.783786490108,4.65312618046632
NA,NA,NA
658.024171535979,332.951653939056,3.46956733719348
453.586907514615,296.204243651194,3.56486326257856
11.3269625287339,493.625613514674,3.57935029080452
563.266556014728,49.2142779528012,4.14530245557276
69.5334374417709,377.854509254313,4.04396818913248
226.4122411122,412.518353755134,3.85926314953308
428.371484080966,11.8219952284551,3.40852507544834
362.598133817408,292.639222307285,3.06533799282663
608.775101280652,97.7114652764038,4.1738364491118
395.478166715353,227.131649943441,4.14979587651767
564.456958551796,408.548666685948,4.68327115448853
137.11121314079,276.038881171627,4.63851660828978
201.471417676763,375.105211923945,4.014962297817
124.41402087559,413.572938624657,3.31815878667159
624.500737471459,314.650963357389,4.66449299983758
6.03925586635306,148.314889947338,4.20792792376483
542.575079682014,200.285554374984,4.18610939467939
33.5031629527151,491.271657088565,3.08117615116568
278.95463239041,23.6957141150558,3.70885416142462
531.998991210865,394.080433352799,3.36015644220067
79.2681525609871,70.5299493023681,5.24585754678527
1.37065193736858,77.7807692765558,3.45150056340123
586.494858986391,223.982294871473,3.99395920385175
446.099397457415,457.120197600923,4.72645801127139
660.798153075,375.690636794125,2.98026319178091
109.172704218999,492.16639477342,4.3306661376486
627.09536777941,88.4812949732594,4.0796012022288
418.798230423167,259.151640642942,3.62895585344147
10.4115545730919,181.389461270319,3.2007874492995
59.1676844209778,114.810887323717,4.49383639274631
614.877139324626,203.229123631381,4.3075135847988
251.633867305588,220.692042961966,3.35997889409589
566.738516334773,445.008728618232,3.95001366219206
297.161361133325,141.700873091152,3.93223541401162
527.507482272079,457.464859556584,3.74291885668527
47.8923327475944,423.153241058704,3.76563464807355
191.565623034141,286.042437317193,4.26722506503802
540.065634820083,262.999864943621,3.37397092228889
180.097113218815,38.317943679861,4.42076980502449
490.269942570083,354.88916616436,4.43497030433662
43.6239550563543,50.7085232770832,3.2624491317322
539.088700134172,154.783786490108,4.65312618046632
NA,NA,NA
658.024171535979,332.951653939056,3.46956733719348
453.586907514615,296.204243651194,3.56486326257856
11.3269625287339,493.625613514674,3.57935029080452
563.266556014728,49.2142779528012,4.14530245557276
69.5334374417709,377.854509254313,4.04396818913248
226.4122411122,412.518353755134,3.85926314953308
428.371484080966,11.8219952284551,3.40852507544834
362.598133817408,292.639222307285,3.06533799282663
608.775101280652,97.7114652764038,4.1738364491118
395.478166715353,227.131649943441,4.14979587651767
564.456958551796,408.548666685948,4.68327115448853
137.11121314079,276.038881171627,4.63851660828978
201.471417676763,375.105211923945,4.014962297817
124.41402087559,413.572938624657,3.31815878667159
624.500737471459,314.650963357389,4.66449299983758
6.03925586635306,148.314889947338,4.20792792376483
542.575079682014,200.285554374984,4.18610939467939
33.5031629527151,491.271657088565,3.08117615116568
278.95463239041,23.6957141150558,3.70885416142462
531.998991210865,394.080433352799,3.36015644220067
79.2681525609871,70.5299493023681,5.24585754678527
1.37065193736858,77.7807692765558,3.45150056340123
586.494858986391,223.982294871473,3.99395920385175
446.099397457415,457.120197600923,4.72645801127139
660.798153075,375.690636794125,2.98026319178091
109.172704218999,492.16639477342,4.3306661376486
627.09536777941,88.4812949732594,4.0796012022288
418.798230423167,259.151640642942,3.62895585344147
10.4115545730919,181.389461270319,3.2007874492995
59.1676844209778,114.810887323717,4.49383639274631
614.877139324626,203.229123631381,4.3075135847988
251.633867305588,220.692042961966,3.35997889409589
566.738516334773,445.008728618232,3.95001366219206
297.161361133325,141.700873091152,3.93223541401162
527.507482272079,457.464859556584,3.74291885668527
47.8923327475944,423.153241058704,3.76563464807355
191.565623034141,286.042437317193,4.26722506503802
540.065634820083,262.999864943621,3.37397092228889
180.097113218815,38.317943679861,4.42076980502449
490.269942570083,354.88916616436,4.43497030433662
43.6239550563543,50.7085232770832,3.2624491317322
539.088700134172,154.783786490108,4.65312618046632
NA,NA,NA
658.024171535979,332.951653939056,3.46956733719348
453.586907514615,296.204243651194,3.56486326257856
11.3269625287339,493.625613514674,3.57935029080452
563.266556014728,49.2142779528012,4.14530245557276
69.5334374417709,377.854509254313,4.04396818913248
226.4122411122,412.518353755134,3.85926314953308
428.371484080966,11.8219952284551,3.40852507544834
362.598133817408,292.639222307285,3.06533799282663
608.775101280652,97.7114652764038,4.1738364491118
395.478166715353,227.131649943441,4.14979587651767
564.456958551796,408.548666685948,4.68327115448853
137.11121314079,276.038881171627,4.63851660828978
201.471417676763,375.105211923945,4.014962297817
124.41402087559,413.572938624657,3.31815878667159
624.500737471459,314.650963357389,4.66449299983758
6.03925586635306,148.314889947338,4.20792792376483
542.575079682014,200.285554374984,4.18610939467939
33.5031629527151,491.271657088565,3.08117615116568
278.95463239041,23.6957141150558,3.70885416142462
531.998991210865,394.080433352799,3.36015644220067
79.2681525609871,70.5299493023681,5.24585754678527
1.37065193736858,77.7807692765558,3.45150056340123
586.494858986391,223.982294871473,3.99395920385175
446.099397457415,457.120197600923,4.72645801127139
660.798153075,375.690636794125,2.98026319178091
109.172704218999,492.16639477342,4.3306661376486
627.09536777941,88.4812949732594,4.0796012022288
418.798230423167,259.151640642942,3.62895585344147
10.4115545730919,181.389461270319,3.2007874492995
59.1676844209778,114.810887323717,4.49383639274631
614.877139324626,203.229123631381,4.3075135847988
251.633867305588,220.692042961966,3.35997889409589
566.738516334773,445.008728618232,3.95001366219206
297.161361133325,141.700873091152,3.93223541401162
527.507482272079,457.464859556584,3.74291885668527
47.8923327475944,423.153241058704,3.76563464807355
191.565623034141,286.042437317193,4.26722506503802
540.065634820083,262.999864943621,3.37397092228889
180.097113218815,38.317943679861,4.42076980502449
490.269942570083,354.88916616436,4.43497030433662
43.6239550563543,50.7085232770832,3.2624491317322
539.088700134172,154.783786490108,4.65312618046632
NA,NA,NA
660.37965755208,334.788708103758,3.49419250872408
455.746186883799,301.89115495814,3.51307468221713
10.3989443122656,492.20597536684,3.45070444155849
556.21331915834,49.1240121493011,4.12915113912742
69.8917459890029,378.017953076765,3.99364952446977
231.465740378439,414.719378339062,3.98364660513438
428.904535575045,12.6386086268442,3.21846326297036
361.292291816977,293.759877832406,3.10088141709355
602.521423794965,103.593385898731,4.31656626979065
391.119855927244,225.159906024173,4.1117550795065
576.942998524103,405.360418117096,4.72561282406312
139.077790260934,279.057066136387,4.51059132455544
199.441307002368,363.931898266275,4.00452419166709
127.227122091691,413.26612430194,3.52277388611241
621.773480011762,312.059382921835,4.64488611908462
5.73763448529044,148.229538081637,4.29299859460137
545.227931195146,205.921374946089,4.23900166369991
33.8137478895627,493.019655114989,3.07644755053051
278.62767114357,21.460550914217,3.72404792777454
533.658438366685,389.097572893137,3.59041137266878
67.8931378351533,74.1973538313218,5.15498308217808
4.35992722377126,76.590166225164,3.48727747197744
589.726960838192,226.629072485777,3.98233155011945
452.587063420033,448.171329574345,4.81225659965832
658.266288621783,373.928560086623,3.20908386920386
106.706374570452,491.344287440967,4.32897499712899
620.847420465743,85.461535129758,4.07472705858493
418.444116190248,259.326057918699,3.55099753384277
11.5846648625142,181.610668317704,3.24560926124037
60.8313493323935,117.917500815908,4.346373311113
616.935765703686,197.580566712617,4.26581177091797
259.638927831838,220.32160111834,3.78351302369152
568.456886905307,438.844458416198,3.97207359720609
298.343604988483,130.637890067174,3.94301176196098
528.219535095,459.63240542823,3.70683636641077
43.7204023641908,423.603893035907,3.81186512386844
197.91380397032,283.045257341908,3.93413210552464
555.639540130309,264.429956037131,3.81816284912013
164.777731054445,19.1355053366075,4.52088807827509
493.256734743005,354.119986039357,4.57616098895443
40.224805752487,50.0794993146511,3.80771385520096
543.287215237396,139.259681913243,4.60650259298671
NA,NA,NA
660.37965755208,334.788708103758,3.49419250872408
455.746186883799,301.89115495814,3.51307468221713
10.3989443122656,492.20597536684,3.45070444155849
556.21331915834,49.1240121493011,4.12915113912742
69.8917459890029,378.017953076765,3.99364952446977
231.465740378439,414.719378339062,3.98364660513438
428.904535575045,12.6386086268442,3.21846326297036
361.292291816977,293.759877832406,3.10088141709355
602.521423794965,103.593385898731,4.31656626979065
391.119855927244,225.159906024173,4.1117550795065
576.942998524103,405.360418117096,4.72561282406312
139.077790260934,279.057066136387,4.51059132455544
199.441307002368,363.931898266275,4.00452419166709
127.227122091691,413.26612430194,3.52277388611241
621.773480011762,312.059382921835,4.64488611908462
5.73763448529044,148.229538081637,4.29299859460137
545.227931195146,205.921374946089,4.23900166369991
33.8137478895627,493.019655114989,3.07644755053051
278.62767114357,21.460550914217,3.72404792777454
533.658438366685,389.097572893137,3.59041137266878
67.8931378351533,74.1973538313218,5.15498308217808
4.35992722377126,76.590166225164,3.48727747197744
589.726960838192,226.629072485777,3.98233155011945
452.587063420033,448.171329574345,4.81225659965832
658.266288621783,373.928560086623,3.20908386920386
106.706374570452,491.344287440967,4.32897499712899
620.847420465743,85.461535129758,4.07472705858493
418.444116190248,259.326057918699,3.55099753384277
11.5846648625142,181.610668317704,3.24560926124037
60.8313493323935,117.917500815908,4.346373311113
616.935765703686,197.580566712617,4.26581177091797
259.638927831838,220.32160111834,3.78351302369152
568.456886905307,438.844458416198,3.97207359720609
298.343604988483,130.637890067174,3.94301176196098
528.219535095,459.63240542823,3.70683636641077
43.7204023641908,423.603893035907,3.81186512386844
197.91380397032,283.045257341908,3.93413210552464
555.639540130309,264.429956037131,3.81816284912013
164.777731054445,19.1355053366075,4.52088807827509
493.256734743005,354.119986039357,4.57616098895443
40.224805752487,50.0794993146511,3.80771385520096
543.287215237396,139.259681913243,4.60650259298671
NA,NA,NA
660.37965755208,334.788708103758,3.49419250872408
455.746186883799,301.89115495814,3.51307468221713
10.3989443122656,492.20597536684,3.45070444155849
556.21331915834,49.1240121493011,4.12915113912742
69.8917459890029,378.017953076765,3.99364952446977
231.465740378439,414.719378339062,3.98364660513438
428.904535575045,12.6386086268442,3.21846326297036
361.292291816977,293.759877832406,3.10088141709355
602.521423794965,103.593385898731,4.31656626979065
391.119855927244,225.159906024173,4.1117550795065
576.942998524103,405.360418117096,4.72561282406312
139.077790260934,279.057066136387,4.51059132455544
199.441307002368,363.931898266275,4.00452419166709
127.227122091691,413.26612430194,3.52277388611241
621.773480011762,312.059382921835,4.64488611908462
5.73763448529044,148.229538081637,4.29299859460137
545.227931195146,205.921374946089,4.23900166369991
33.8137478895627,493.019655114989,3.07644755053051
278.62767114357,21.460550914217,3.72404792777454
533.658438366685,389.097572893137,3.59041137266878
67.8931378351533,74.1973538313218,5.15498308217808
4.35992722377126,76.590166225164,3.48727747197744
589.726960838192,226.629072485777,3.98233155011945
452.587063420033,448.171329574345,4.81225659965832
658.266288621783,373.928560086623,3.20908386920386
106.706374570452,491.344287440967,4.32897499712899
620.847420465743,85.461535129758,4.07472705858493
418.444116190248,259.326057918699,3.55099753384277
11.5846648625142,181.610668317704,3.24560926124037
60.8313493323935,117.917500815908,4.346373311113
616.935765703686,197.580566712617,4.26581177091797
259.638927831838,220.32160111834,3.78351302369152
568.456886905307,438.844458416198,3.97207359720609
298.343604988483,130.637890067174,3.94301176196098
528.219535095,459.63240542823,3.70683636641077
43.7204023641908,423.603893035907,3.81186512386844
197.91380397032,283.045257341908,3.93413210552464
555.639540130309,264.429956037131,3.81816284912013
164.777731054445,19.1355053366075,4.52088807827509
493.256734743005,354.119986039357,4.57616098895443
40.224805752487,50.0794993146511,3.80771385520096
543.287215237396,139.259681913243,4.60650259298671
NA,NA,NA
660.37965755208,334.788708103758,3.49419250872408
455.746186883799,301.89115495814,3.51307468221713
10.3989443122656,492.20597536684,3.45070444155849
556.21331915834,49.1240121493011,4.12915113912742
69.8917459890029,378.017953076765,3.99364952446977
231.465740378439,414.719378339062,3.98364660513438
428.904535575045,12.6386086268442,3.21846326297036
361.292291816977,293.759877832406,3.10088141709355
602.521423794965,103.593385898731,4.31656626979065
391.119855927244,225.159906024173,4.1117550795065
576.942998524103,405.360418117096,4.72561282406312
139.077790260934,279.057066136387,4.51059132455544
199.441307002368,363.931898266275,4.00452419166709
127.227122091691,413.26612430194,3.52277388611241
621.773480011762,312.059382921835,4.64488611908462
5.73763448529044,148.229538081637,4.29299859460137
545.227931195146,205.921374946089,4.23900166369991
33.8137478895627,493.019655114989,3.07644755053051
278.62767114357,21.460550914217,3.72404792777454
533.658438366685,389.097572893137,3.59041137266878
67.8931378351533,74.1973538313218,5.15498308217808
4.35992722377126,76.590166225164,3.48727747197744
589.726960838192,226.629072485777,3.98233155011945
452.587063420033,448.171329574345,4.81225659965832
658.266288621783,373.928560086623,3.20908386920386
106.706374570452,491.344287440967,4.32897499712899
620.847420465743,85.461535129758,4.07472705858493
418.444116190248,259.326057918699,3.55099753384277
11.5846648625142,181.610668317704,3.24560926124037
60.8313493323935,117.917500815908,4.346373311113
616.935765703686,197.580566712617,4.26581177091797
259.638927831838,220.32160111834,3.78351302369152
568.456886905307,438.844458416198,3.97207359720609
298.343604988483,130.637890067174,3.94301176196098
528.219535095,459.63240542823,3.70683636641077
43.7204023641908,423.603893035907,3.81186512386844
197.91380397032,283.045257341908,3.93413210552464
555.639540130309,264.429956037131,3.81816284912013
164.777731054445,19.1355053366075,4.52088807827509
493.256734743005,354.119986039357,4.57616098895443
40.224805752487,50.0794993146511,3.80771385520096
543.287215237396,139.259681913243,4.60650259298671
NA,NA,NA
660.37965755208,334.788708103758,3.49419250872408
455.746186883799,301.89115495814,3.51307468221713
10.3989443122656,492.20597536684,3.45070444155849
556.21331915834,49.1240121493011,4.12915113912742
69.8917459890029,378.017953076765,3.99364952446977
231.465740378439,414.719378339062,3.98364660513438
428.904535575045,12.6386086268442,3.21846326297036
361.292291816977,293.759877832406,3.10088141709355
602.521423794965,103.593385898731,4.31656626979065
391.119855927244,225.159906024173,4.1117550795065
576.942998524103,405.360418117096,4.72561282406312
139.077790260934,279.057066136387,4.51059132455544
199.441307002368,363.931898266275,4.00452419166709
127.227122091691,413.26612430194,3.52277388611241
621.773480011762,312.059382921835,4.64488611908462
5.73763448529044,148.229538081637,4.29299859460137
545.227931195146,205.921374946089,4.23900166369991
33.8137478895627,493.019655114989,3.07644755053051
278.62767114357,21.460550914217,3.72404792777454
533.658438366685,389.097572893137,3.59041137266878
67.8931378351533,74.1973538313218,5.15498308217808
4.35992722377126,76.590166225164,3.48727747197744
589.726960838192,226.629072485777,3.98233155011945
452.587063420033,448.171329574345,4.81225659965832
658.266288621783,373.928560086623,3.20908386920386
106.706374570452,491.344287440967,4.32897499712899
620.847420465743,85.461535129758,4.07472705858493
418.444116190248,259.326057918699,3.55099753384277
11.5846648625142,181.610668317704,3.24560926124037
60.8313493323935,117.917500815908,4.346373311113
616.935765703686,197.580566712617,4.26581177091797
259.638927831838,220.32160111834,3.78351302369152
568.456886905307,438.844458416198,3.97207359720609
298.343604988483,130.637890067174,3.94301176196098
528.219535095,459.63240542823,3.70683636641077
43.7204023641908,423.603893035907,3.81186512386844
197.91380397032,283.045257341908,3.93413210552464
555.639540130309,264.429956037131,3.81816284912013
164.777731054445,19.1355053366075,4.52088807827509
493.256734743005,354.119986039357,4.57616098895443
40.224805752487,50.0794993146511,3.80771385520096
543.287215237396,139.259681913243,4.60650259298671
NA,NA,NA
660.37965755208,334.788708103758,3.49419250872408
455.746186883799,301.89115495814,3.51307468221713
10.3989443122656,492.20597536684,3.45070444155849
556.21331915834,49.1240121493011,4.12915113912742
69.8917459890029,378.017953076765,3.99364952446977
231.465740378439,414.719378339062,3.98364660513438
428.904535575045,12.6386086268442,3.21846326297036
361.292291816977,293.759877832406,3.10088141709355
602.521423794965,103.593385898731,4.31656626979065
391.119855927244,225.159906024173,4.1117550795065
576.942998524103,405.360418117096,4.72561282406312
139.077790260934,279.057066136387,4.51059132455544
199.441307002368,363.931898266275,4.00452419166709
127.227122091691,413.26612430194,3.52277388611241
621.773480011762,312.059382921835,4.64488611908462
5.73763448529044,148.229538081637,4.29299859460137
545.227931195146,205.921374946089,4.23900166369991
33.8137478895627,493.019655114989,3.07644755053051
278.62767114357,21.460550914217,3.72404792777454
533.658438366685,389.097572893137,3.59041137266878
67.8931378351533,74.1973538313218,5.15498308217808
4.35992722377126,76.590166225164,3.48727747197744
589.726960838192,226.629072485777,3.98233155011945
452.587063420033,448.171329574345,4.81225659965832
658.266288621783,373.928560086623,3.20908386920386
106.706374570452,491.344287440967,4.32897499712899
620.847420465743,85.461535129758,4.07472705858493
418.444116190248,259.326057918699,3.55099753384277
11.5846648625142,181.610668317704,3.24560926124037
60.8313493323935,117.917500815908,4.346373311113
616.935765703686,197.580566712617,4.26581177091797
259.638927831838,220.32160111834,3.78351302369152
568.456886905307,438.844458416198,3.97207359720609
298.343604988483,130.637890067174,3.94301176196098
528.219535095,459.63240542823,3.70683636641077
43.7204023641908,423.603893035907,3.81186512386844
197.91380397032,283.045257341908,3.93413210552464
555.639540130309,264.429956037131,3.81816284912013
164.777731054445,19.1355053366075,4.52088807827509
493.256734743005,354.119986039357,4.57616098895443
40.224805752487,50.0794993146511,3.80771385520096
543.287215237396,139.259681913243,4.60650259298671
NA,NA,NA
660.427572868628,338.845852545061,3.57466120548429
454.817874953323,299.273385075774,3.75970226147807
8.55893900323697,495.315861141652,3.77398439682636
560.807429090826,57.3630931601644,4.20223579416078
70.1654698407825,377.133625712292,4.02035574940007
228.658224413332,412.420763233326,3.90574988878486
428.541914646713,13.1963503400674,3.16976992124415
359.335453355761,292.29779702435,2.98882263940622
605.309148343586,104.671469667119,4.19255146035945
394.782991958013,231.230824916796,4.22775365589956
568.248504885746,408.118496708242,4.74122457788054
139.109747261956,287.60666868454,4.59490068311448
201.199916463237,371.742546968842,3.92075381760699
124.986836854989,412.294424409809,3.41772087251382
627.827291599432,316.834271576524,4.57789992363143
3.20629923356747,147.796939603128,4.09645084653342
543.090458695044,198.594146348597,4.23705045430761
34.5679612966643,491.922710891615,3.06526567199027
275.773185392491,23.4909523331424,4.03822163988002
534.310849117703,390.457629410703,3.32329385353789
69.8388612218646,71.4409301506231,5.20104350962561
1.02020286356941,74.9930823964456,3.42514029084627
585.953312027713,227.608115563582,3.96900861508968
438.700763365264,466.243599141211,4.75858322181892
659.30898377918,374.356930996361,3.21413632372226
111.548971412315,492.15695198202,4.38568320915684
624.21772944968,90.1365331007743,4.02387928231251
419.088356792205,261.862053021712,3.63843926569676
10.1118267806625,181.121656749363,3.31933432378744
57.0297186048755,124.548678264522,4.41429970052751
603.073725852592,200.432397842834,4.55287362205661
250.509518324035,218.443013769028,3.52274214308867
572.778078495261,438.931134974323,3.89711429809851
292.708034034347,136.874529646159,3.89601107279054
518.622110286753,459.623991439934,3.70305409588856
53.2374564897783,420.773715759008,4.0205170887131
193.874221360178,291.808015944294,4.06314138949685
545.396440343877,254.907517850579,3.96760382624395
167.43429942103,25.3906752040923,4.21164901840467
503.675072672338,346.078571539559,4.50813030111367
37.7161068177393,52.3670947412094,4.09526111538149
531.759827401193,135.226355118564,4.21391897545102
NA,NA,NA
660.427572868628,338.845852545061,3.57466120548429
454.817874953323,299.273385075774,3.75970226147807
8.55893900323697,495.315861141652,3.77398439682636
560.807429090826,57.3630931601644,4.20223579416078
70.1654698407825,377.133625712292,4.02035574940007
228.658224413332,412.420763233326,3.90574988878486
428.541914646713,13.1963503400674,3.16976992124415
359.335453355761,292.29779702435,2.98882263940622
605.309148343586,104.671469667119,4.19255146035945
394.782991958013,231.230824916796,4.22775365589956
568.248504885746,408.118496708242,4.74122457788054
139.109747261956,287.60666868454,4.59490068311448
201.199916463237,371.742546968842,3.92075381760699
124.986836854989,412.294424409809,3.41772087251382
627.827291599432,316.834271576524,4.57789992363143
3.20629923356747,147.796939603128,4.09645084653342
543.090458695044,198.594146348597,4.23705045430761
34.5679612966643,491.922710891615,3.06526567199027
275.773185392491,23.4909523331424,4.03822163988002
534.310849117703,390.457629410703,3.32329385353789
69.8388612218646,71.4409301506231,5.20104350962561
1.02020286356941,74.9930823964456,3.42514029084627
585.953312027713,227.608115563582,3.96900861508968
438.700763365264,466.243599141211,4.75858322181892
659.30898377918,374.356930996361,3.21413632372226
111.548971412315,492.15695198202,4.38568320915684
624.21772944968,90.1365331007743,4.02387928231251
419.088356792205,261.862053021712,3.63843926569676
10.1118267806625,181.121656749363,3.31933432378744
57.0297186048755,124.548678264522,4.41429970052751
603.073725852592,200.432397842834,4.55287362205661
250.509518324035,218.443013769028,3.52274214308867
572.778078495261,438.931134974323,3.89711429809851
292.708034034347,136.874529646159,3.89601107279054
518.622110286753,459.623991439934,3.70305409588856
53.2374564897783,420.773715759008,4.0205170887131
193.874221360178,291.808015944294,4.06314138949685
545.396440343877,254.907517850579,3.96760382624395
167.43429942103,25.3906752040923,4.21164901840467
503.675072672338,346.078571539559,4.50813030111367
37.7161068177393,52.3670947412094,4.09526111538149
531.759827401193,135.226355118564,4.21391897545102
NA,NA,NA
660.427572868628,338.845852545061,3.57466120548429
454.817874953323,299.273385075774,3.75970226147807
8.55893900323697,495.315861141652,3.77398439682636
560.807429090826,57.3630931601644,4.20223579416078
70.1654698407825,377.133625712292,4.02035574940007
228.658224413332,412.420763233326,3.90574988878486
428.541914646713,13.1963503400674,3.16976992124415
359.335453355761,292.29779702435,2.98882263940622
605.309148343586,104.671469667119,4.19255146035945
394.782991958013,231.230824916796,4.22775365589956
568.248504885746,408.118496708242,4.74122457788054
139.109747261956,287.60666868454,4.59490068311448
201.199916463237,371.742546968842,3.92075381760699
124.986836854989,412.294424409809,3.41772087251382
627.827291599432,316.834271576524,4.57789992363143
3.20629923356747,147.796939603128,4.09645084653342
543.090458695044,198.594146348597,4.23705045430761
34.5679612966643,491.922710891615,3.06526567199027
275.773185392491,23.4909523331424,4.03822163988002
534.310849117703,390.457629410703,3.32329385353789
69.8388612218646,71.4409301506231,5.20104350962561
1.02020286356941,74.9930823964456,3.42514029084627
585.953312027713,227.608115563582,3.96900861508968
438.700763365264,466.243599141211,4.75858322181892
659.30898377918,374.356930996361,3.21413632372226
111.548971412315,492.15695198202,4.38568320915684
624.21772944968,90.1365331007743,4.02387928231251
419.088356792205,261.862053021712,3.63843926569676
10.1118267806625,181.121656749363,3.31933432378744
57.0297186048755,124.548678264522,4.41429970052751
603.073725852592,200.432397842834,4.55287362205661
250.509518324035,218.443013769028,3.52274214308867
572.778078495261,438.931134974323,3.89711429809851
292.708034034347,136.874529646159,3.89601107279054
518.622110286753,459.623991439934,3.70305409588856
53.2374564897783,420.773715759008,4.0205170887131
193.874221360178,291.808015944294,4.06314138949685
545.396440343877,254.907517850579,3.96760382624395
167.43429942103,25.3906752040923,4.21164901840467
503.675072672338,346.078571539559,4.50813030111367
37.7161068177393,52.3670947412094,4.09526111538149
531.759827401193,135.226355118564,4.21391897545102
NA,NA,NA
660.427572868628,338.845852545061,3.57466120548429
454.817874953323,299.273385075774,3.75970226147807
8.55893900323697,495.315861141652,3.77398439682636
560.807429090826,57.3630931601644,4.20223579416078
70.1654698407825,377.133625712292,4.02035574940007
228.658224413332,412.420763233326,3.90574988878486
428.541914646713,13.1963503400674,3.16976992124415
359.335453355761,292.29779702435,2.98882263940622
605.309148343586,104.671469667119,4.19255146035945
394.782991958013,231.230824916796,4.22775365589956
568.248504885746,408.118496708242,4.74122457788054
139.109747261956,287.60666868454,4.59490068311448
201.199916463237,371.742546968842,3.92075381760699
124.986836854989,412.294424409809,3.41772087251382
627.827291599432,316.834271576524,4.57789992363143
3.20629923356747,147.796939603128,4.09645084653342
543.090458695044,198.594146348597,4.23705045430761
34.5679612966643,491.922710891615,3.06526567199027
275.773185392491,23.4909523331424,4.03822163988002
534.310849117703,390.457629410703,3.32329385353789
69.8388612218646,71.4409301506231,5.20104350962561
1.02020286356941,74.9930823964456,3.42514029084627
585.953312027713,227.608115563582,3.96900861508968
438.700763365264,466.243599141211,4.75858322181892
659.30898377918,374.356930996361,3.21413632372226
111.548971412315,492.15695198202,4.38568320915684
624.21772944968,90.1365331007743,4.02387928231251
419.088356792205,261.862053021712,3.63843926569676
10.1118267806625,181.121656749363,3.31933432378744
57.0297186048755,124.548678264522,4.41429970052751
603.073725852592,200.432397842834,4.55287362205661
250.509518324035,218.443013769028,3.52274214308867
572.778078495261,438.931134974323,3.89711429809851
292.708034034347,136.874529646159,3.89601107279054
518.622110286753,459.623991439934,3.70305409588856
53.2374564897783,420.773715759008,4.0205170887131
193.874221360178,291.808015944294,4.06314138949685
545.396440343877,254.907517850579,3.96760382624395
167.43429942103,25.3906752040923,4.21164901840467
503.675072672338,346.078571539559,4.50813030111367
37.7161068177393,52.3670947412094,4.09526111538149
531.759827401193,135.226355118564,4.21391897545102
NA,NA,NA
660.427572868628,338.845852545061,3.57466120548429
454.817874953323,299.273385075774,3.75970226147807
8.55893900323697,495.315861141652,3.77398439682636
560.807429090826,57.3630931601644,4.20223579416078
70.1654698407825,377.133625712292,4.02035574940007
228.658224413332,412.420763233326,3.90574988878486
428.541914646713,13.1963503400674,3.16976992124415
359.335453355761,292.29779702435,2.98882263940622
605.309148343586,104.671469667119,4.19255146035945
394.782991958013,231.230824916796,4.22775365589956
568.248504885746,408.118496708242,4.74122457788054
139.109747261956,287.60666868454,4.59490068311448
201.199916463237,371.742546968842,3.92075381760699
124.986836854989,412.294424409809,3.41772087251382
627.827291599432,316.834271576524,4.57789992363143
3.20629923356747,147.796939603128,4.09645084653342
543.090458695044,198.594146348597,4.23705045430761
34.5679612966643,491.922710891615,3.06526567199027
275.773185392491,23.4909523331424,4.03822163988002
534.310849117703,390.457629410703,3.32329385353789
69.8388612218646,71.4409301506231,5.20104350962561
1.02020286356941,74.9930823964456,3.42514029084627
585.953312027713,227.608115563582,3.96900861508968
438.700763365264,466.243599141211,4.75858322181892
659.30898377918,374.356930996361,3.21413632372226
111.548971412315,492.15695198202,4.38568320915684
624.21772944968,90.1365331007743,4.02387928231251
419.088356792205,261.862053021712,3.63843926569676
10.1118267806625,181.121656749363,3.31933432378744
57.0297186048755,124.548678264522,4.41429970052751
603.073725852592,200.432397842834,4.55287362205661
250.509518324035,218.443013769028,3.52274214308867
572.778078495261,438.931134974323,3.89711429809851
292.708034034347,136.874529646159,3.89601107279054
518.622110286753,459.623991439934,3.70305409588856
53.2374564897783,420.773715759008,4.0205170887131
193.874221360178,291.808015944294,4.06314138949685
545.396440343877,254.907517850579,3.96760382624395
167.43429942103,25.3906752040923,4.21164901840467
503.675072672338,346.078571539559,4.50813030111367
37.7161068177393,52.3670947412094,4.09526111538149
531.759827401193,135.226355118564,4.21391897545102
NA,NA,NA
660.427572868628,338.845852545061,3.57466120548429
454.817874953323,299.273385075774,3.75970226147807
8.55893900323697,495.315861141652,3.77398439682636
560.807429090826,57.3630931601644,4.20223579416078
70.1654698407825,377.133625712292,4.02035574940007
228.658224413332,412.420763233326,3.90574988878486
428.541914646713,13.1963503400674,3.16976992124415
359.335453355761,292.29779702435,2.98882263940622
605.309148343586,104.671469667119,4.19255146035945
394.782991958013,231.230824916796,4.22775365589956
568.248504885746,408.118496708242,4.74122457788054
139.109747261956,287.60666868454,4.59490068311448
201.199916463237,371.742546968842,3.92075381760699
124.986836854989,412.294424409809,3.41772087251382
627.827291599432,316.834271576524,4.57789992363143
3.20629923356747,147.796939603128,4.09645084653342
543.090458695044,198.594146348597,4.23705045430761
34.5679612966643,491.922710891615,3.06526567199027
275.773185392491,23.4909523331424,4.03822163988002
534.310849117703,390.457629410703,3.32329385353789
69.8388612218646,71.4409301506231,5.20104350962561
1.02020286356941,74.9930823964456,3.42514029084627
585.953312027713,227.608115563582,3.96900861508968
438.700763365264,466.243599141211,4.75858322181892
659.30898377918,374.356930996361,3.21413632372226
111.548971412315,492.15695198202,4.38568320915684
624.21772944968,90.1365331007743,4.02387928231251
419.088356792205,261.862053021712,3.63843926569676
10.1118267806625,181.121656749363,3.31933432378744
57.0297186048755,124.548678264522,4.41429970052751
603.073725852592,200.432397842834,4.55287362205661
250.509518324035,218.443013769028,3.52274214308867
572.778078495261,438.931134974323,3.89711429809851
292.708034034347,136.874529646159,3.89601107279054
518.622110286753,459.623991439934,3.70305409588856
53.2374564897783,420.773715759008,4.0205170887131
193.874221360178,291.808015944294,4.06314138949685
545.396440343877,254.907517850579,3.96760382624395
167.43429942103,25.3906752040923,4.21164901840467
503.675072672338,346.078571539559,4.50813030111367
37.7161068177393,52.3670947412094,4.09526111538149
531.759827401193,135.226355118564,4.21391897545102
NA,NA,NA
665.143444123778,332.658242252331,3.56080206056669
461.043693021062,301.273090802435,3.53255642716312
15.674822591082,497.768557520823,3.48918362698484
558.544718356849,50.3798287423406,4.2223822111418
72.0278148306197,374.730231507044,3.97394664826186
226.918280811835,416.115615426249,3.87701049249594
428.694578209565,10.2797112953057,3.33786597901824
361.831405532399,293.789698660819,2.91018445745849
599.996312102919,99.234922068266,4.40024154080941
393.207304819704,231.58870684209,4.15228013159807
575.391107352705,411.54682525198,4.80405352849233
139.223541210126,288.116487251304,4.58945621504332
196.745790121614,366.721313726557,4.01354037216312
122.214977412966,414.225681488732,3.4047422906457
626.518080081732,310.893261733537,4.59559998974914
-6.34700686274653,144.825139593301,4.31258551423605
543.366365830395,203.894113636858,4.14790975289858
33.9294370519102,493.529138944246,3.08923050631747
277.0658678501,22.202051420686,3.89249946827806
529.412804661535,392.196317661904,3.27362237317009
83.2847041400555,78.2043023084014,5.24702022271239
6.55472453369552,75.1440775079838,3.52529919479664
588.966909510528,225.788436754151,4.12057854008183
437.89149504847,456.880005188511,4.76024175754755
657.779896295203,374.506053978694,2.87165188310011
105.526363854431,489.072092414168,4.48200615963268
624.716175253492,90.326003970636,4.11084195165904
418.625393499909,262.005425070686,3.69588204370615
11.3165236243397,180.865376065077,3.20234753297906
63.9818955927646,110.172275671414,4.64792885772928
599.828912497441,197.817142350998,4.43120759682997
252.285978874132,225.613539107863,3.49755506352572
559.624297975111,433.063768721621,3.84409094337642
300.789115914649,136.98005734362,3.78666879730422
527.749671124137,457.250417363451,3.55746965406636
47.3609871752615,417.272079292901,3.55768877330887
198.544240234984,287.608173842098,4.323955798197
549.101110655282,262.736094703772,3.68420399643696
175.086932195033,31.1750423538064,4.07529001646356
521.002287826444,333.248577449303,4.25597322063314
37.7197580122241,43.0276765845461,3.63743713591589
519.66558699184,149.632641884535,4.89104803126648
NA,NA,NA
665.143444123778,332.658242252331,3.56080206056669
461.043693021062,301.273090802435,3.53255642716312
15.674822591082,497.768557520823,3.48918362698484
558.544718356849,50.3798287423406,4.2223822111418
72.0278148306197,374.730231507044,3.97394664826186
226.918280811835,416.115615426249,3.87701049249594
428.694578209565,10.2797112953057,3.33786597901824
361.831405532399,293.789698660819,2.91018445745849
599.996312102919,99.234922068266,4.40024154080941
393.207304819704,231.58870684209,4.15228013159807
575.391107352705,411.54682525198,4.80405352849233
139.223541210126,288.116487251304,4.58945621504332
196.745790121614,366.721313726557,4.01354037216312
122.214977412966,414.225681488732,3.4047422906457
626.518080081732,310.893261733537,4.59559998974914
-6.34700686274653,144.825139593301,4.31258551423605
543.366365830395,203.894113636858,4.14790975289858
33.9294370519102,493.529138944246,3.08923050631747
277.0658678501,22.202051420686,3.89249946827806
529.412804661535,392.196317661904,3.27362237317009
83.2847041400555,78.2043023084014,5.24702022271239
6.55472453369552,75.1440775079838,3.52529919479664
588.966909510528,225.788436754151,4.12057854008183
437.89149504847,456.880005188511,4.76024175754755
657.779896295203,374.506053978694,2.87165188310011
105.526363854431,489.072092414168,4.48200615963268
624.716175253492,90.326003970636,4.11084195165904
418.625393499909,262.005425070686,3.69588204370615
11.3165236243397,180.865376065077,3.20234753297906
63.9818955927646,110.172275671414,4.64792885772928
599.828912497441,197.817142350998,4.43120759682997
252.285978874132,225.613539107863,3.49755506352572
559.624297975111,433.063768721621,3.84409094337642
300.789115914649,136.98005734362,3.78666879730422
527.749671124137,457.250417363451,3.55746965406636
47.3609871752615,417.272079292901,3.55768877330887
198.544240234984,287.608173842098,4.323955798197
549.101110655282,262.736094703772,3.68420399643696
175.086932195033,31.1750423538064,4.07529001646356
521.002287826444,333.248577449303,4.25597322063314
37.7197580122241,43.0276765845461,3.63743713591589
519.66558699184,149.632641884535,4.89104803126648
NA,NA,NA
665.143444123778,332.658242252331,3.56080206056669
461.043693021062,301.273090802435,3.53255642716312
15.674822591082,497.768557520823,3.48918362698484
558.544718356849,50.3798287423406,4.2223822111418
72.0278148306197,374.730231507044,3.97394664826186
226.918280811835,416.115615426249,3.87701049249594
428.694578209565,10.2797112953057,3.33786597901824
361.831405532399,293.789698660819,2.91018445745849
599.996312102919,99.234922068266,4.40024154080941
393.207304819704,231.58870684209,4.15228013159807
575.391107352705,411.54682525198,4.80405352849233
139.223541210126,288.116487251304,4.58945621504332
196.745790121614,366.721313726557,4.01354037216312
122.214977412966,414.225681488732,3.4047422906457
626.518080081732,310.893261733537,4.59559998974914
-6.34700686274653,144.825139593301,4.31258551423605
543.366365830395,203.894113636858,4.14790975289858
33.9294370519102,493.529138944246,3.08923050631747
277.0658678501,22.202051420686,3.89249946827806
529.412804661535,392.196317661904,3.27362237317009
83.2847041400555,78.2043023084014,5.24702022271239
6.55472453369552,75.1440775079838,3.52529919479664
588.966909510528,225.788436754151,4.12057854008183
437.89149504847,456.880005188511,4.76024175754755
657.779896295203,374.506053978694,2.87165188310011
105.526363854431,489.072092414168,4.48200615963268
624.716175253492,90.326003970636,4.11084195165904
418.625393499909,262.005425070686,3.69588204370615
11.3165236243397,180.865376065077,3.20234753297906
63.9818955927646,110.172275671414,4.64792885772928
599.828912497441,197.817142350998,4.43120759682997
252.285978874132,225.613539107863,3.49755506352572
559.624297975111,433.063768721621,3.84409094337642
300.789115914649,136.98005734362,3.78666879730422
527.749671124137,457.250417363451,3.55746965406636
47.3609871752615,417.272079292901,3.55768877330887
198.544240234984,287.608173842098,4.323955798197
549.101110655282,262.736094703772,3.68420399643696
175.086932195033,31.1750423538064,4.07529001646356
521.002287826444,333.248577449303,4.25597322063314
37.7197580122241,43.0276765845461,3.63743713591589
519.66558699184,149.632641884535,4.89104803126648
NA,NA,NA
665.143444123778,332.658242252331,3.56080206056669
461.043693021062,301.273090802435,3.53255642716312
15.674822591082,497.768557520823,3.48918362698484
558.544718356849,50.3798287423406,4.2223822111418
72.0278148306197,374.730231507044,3.97394664826186
226.918280811835,416.115615426249,3.87701049249594
428.694578209565,10.2797112953057,3.33786597901824
361.831405532399,293.789698660819,2.91018445745849
599.996312102919,99.234922068266,4.40024154080941
393.207304819704,231.58870684209,4.15228013159807
575.391107352705,411.54682525198,4.80405352849233
139.223541210126,288.116487251304,4.58945621504332
196.745790121614,366.721313726557,4.01354037216312
122.214977412966,414.225681488732,3.4047422906457
626.518080081732,310.893261733537,4.59559998974914
-6.34700686274653,144.825139593301,4.31258551423605
543.366365830395,203.894113636858,4.14790975289858
33.9294370519102,493.529138944246,3.08923050631747
277.0658678501,22.202051420686,3.89249946827806
529.412804661535,392.196317661904,3.27362237317009
83.2847041400555,78.2043023084014,5.24702022271239
6.55472453369552,75.1440775079838,3.52529919479664
588.966909510528,225.788436754151,4.12057854008183
437.89149504847,456.880005188511,4.76024175754755
657.779896295203,374.506053978694,2.87165188310011
105.526363854431,489.072092414168,4.48200615963268
624.716175253492,90.326003970636,4.11084195165904
418.625393499909,262.005425070686,3.69588204370615
11.3165236243397,180.865376065077,3.20234753297906
63.9818955927646,110.172275671414,4.64792885772928
599.828912497441,197.817142350998,4.43120759682997
252.285978874132,225.613539107863,3.49755506352572
559.624297975111,433.063768721621,3.84409094337642
300.789115914649,136.98005734362,3.78666879730422
527.749671124137,457.250417363451,3.55746965406636
47.3609871752615,417.272079292901,3.55768877330887
198.544240234984,287.608173842098,4.323955798197
549.101110655282,262.736094703772,3.68420399643696
175.086932195033,31.1750423538064,4.07529001646356
521.002287826444,333.248577449303,4.25597322063314
37.7197580122241,43.0276765845461,3.63743713591589
519.66558699184,149.632641884535,4.89104803126648
NA,NA,NA
665.143444123778,332.658242252331,3.56080206056669
461.043693021062,301.273090802435,3.53255642716312
15.674822591082,497.768557520823,3.48918362698484
558.544718356849,50.3798287423406,4.2223822111418
72.0278148306197,374.730231507044,3.97394664826186
226.918280811835,416.115615426249,3.87701049249594
428.694578209565,10.2797112953057,3.33786597901824
361.831405532399,293.789698660819,2.91018445745849
599.996312102919,99.234922068266,4.40024154080941
393.207304819704,231.58870684209,4.15228013159807
575.391107352705,411.54682525198,4.80405352849233
139.223541210126,288.116487251304,4.58945621504332
196.745790121614,366.721313726557,4.01354037216312
122.214977412966,414.225681488732,3.4047422906457
626.518080081732,310.893261733537,4.59559998974914
-6.34700686274653,144.825139593301,4.31258551423605
543.366365830395,203.894113636858,4.14790975289858
33.9294370519102,493.529138944246,3.08923050631747
277.0658678501,22.202051420686,3.89249946827806
529.412804661535,392.196317661904,3.27362237317009
83.2847041400555,78.2043023084014,5.24702022271239
6.55472453369552,75.1440775079838,3.52529919479664
588.966909510528,225.788436754151,4.12057854008183
437.89149504847,456.880005188511,4.76024175754755
657.779896295203,374.506053978694,2.87165188310011
105.526363854431,489.072092414168,4.48200615963268
624.716175253492,90.326003970636,4.11084195165904
418.625393499909,262.005425070686,3.69588204370615
11.3165236243397,180.865376065077,3.20234753297906
63.9818955927646,110.172275671414,4.64792885772928
599.828912497441,197.817142350998,4.43120759682997
252.285978874132,225.613539107863,3.49755506352572
559.624297975111,433.063768721621,3.84409094337642
300.789115914649,136.98005734362,3.78666879730422
527.749671124137,457.250417363451,3.55746965406636
47.3609871752615,417.272079292901,3.55768877330887
198.544240234984,287.608173842098,4.323955798197
549.101110655282,262.736094703772,3.68420399643696
175.086932195033,31.1750423538064,4.07529001646356
521.002287826444,333.248577449303,4.25597322063314
37.7197580122241,43.0276765845461,3.63743713591589
519.66558699184,149.632641884535,4.89104803126648
NA,NA,NA
665.143444123778,332.658242252331,3.56080206056669
461.043693021062,301.273090802435,3.53255642716312
15.674822591082,497.768557520823,3.48918362698484
558.544718356849,50.3798287423406,4.2223822111418
72.0278148306197,374.730231507044,3.97394664826186
226.918280811835,416.115615426249,3.87701049249594
428.694578209565,10.2797112953057,3.33786597901824
361.831405532399,293.789698660819,2.91018445745849
599.996312102919,99.234922068266,4.40024154080941
393.207304819704,231.58870684209,4.15228013159807
575.391107352705,411.54682525198,4.80405352849233
139.223541210126,288.116487251304,4.58945621504332
196.745790121614,366.721313726557,4.01354037216312
122.214977412966,414.225681488732,3.4047422906457
626.518080081732,310.893261733537,4.59559998974914
-6.34700686274653,144.825139593301,4.31258551423605
543.366365830395,203.894113636858,4.14790975289858
33.9294370519102,493.529138944246,3.08923050631747
277.0658678501,22.202051420686,3.89249946827806
529.412804661535,392.196317661904,3.27362237317009
83.2847041400555,78.2043023084014,5.24702022271239
6.55472453369552,75.1440775079838,3.52529919479664
588.966909510528,225.788436754151,4.12057854008183
437.89149504847,456.880005188511,4.76024175754755
657.779896295203,374.506053978694,2.87165188310011
105.526363854431,489.072092414168,4.48200615963268
624.716175253492,90.326003970636,4.11084195165904
418.625393499909,262.005425070686,3.69588204370615
11.3165236243397,180.865376065077,3.20234753297906
63.9818955927646,110.172275671414,4.64792885772928
599.828912497441,197.817142350998,4.43120759682997
252.285978874132,225.613539107863,3.49755506352572
559.624297975111,433.063768721621,3.84409094337642
300.789115914649,136.98005734362,3.78666879730422
527.749671124137,457.250417363451,3.55746965406636
47.3609871752615,417.272079292901,3.55768877330887
198.544240234984,287.608173842098,4.323955798197
549.101110655282,262.736094703772,3.68420399643696
175.086932195033,31.1750423538064,4.07529001646356
521.002287826444,333.248577449303,4.25597322063314
37.7197580122241,43.0276765845461,3.63743713591589
519.66558699184,149.632641884535,4.89104803126648
NA,NA,NA
664.298320361706,336.887038510811,3.5980641579
455.306625812141,297.728864294442,3.64185761136461
11.1182971520098,499.303980509456,3.70333062941562
561.602605715096,49.5758017782657,4.28524011999464
70.888213443504,377.652749841257,3.93555925098982
227.112799125971,418.173431468048,3.91106304278993
428.736166178906,12.6114719035196,3.21934578077585
361.404247671333,293.825927394149,3.05956122422491
602.945250050618,105.203776777208,4.19813719305096
395.067231896325,232.841481120627,4.21578644811376
565.334011473522,416.017615631553,4.7419273242018
137.312393970955,277.739280011263,4.55885625112998
201.416272145381,360.921275198427,4.07495946480229
124.686729476942,411.234960106132,3.32417534802255
621.663419909584,312.823760788182,4.49968511503057
0.426270845680009,147.835220476448,4.28672646533795
542.954412601388,203.520538007136,4.1117239293517
33.1047441162501,491.566443492997,3.2372508904577
281.41630873615,20.2012092462694,3.92079014517396
534.826865755234,394.023864954795,3.21293682849043
71.8475151625073,74.3511997380015,5.26774016665616
9.06248680216506,75.4591984689762,3.56303781172605
590.436022953734,227.047023441083,4.04063525793685
441.058215900525,459.490872066353,4.68736822117448
658.226527772334,371.53226776953,2.96845099107904
103.24460658499,486.944362163152,4.37795041778993
628.047735252237,91.6847171501861,4.06035330879187
416.478654436616,259.291276783447,3.59600540823119
11.1159146558994,182.019066315517,3.25138936011777
70.0843621038267,126.615300868401,4.29082351672651
610.814124343815,197.396178838239,4.26146070509002
257.241920727411,222.085240248178,4.11695712804733
576.709279888809,436.446748111085,3.92878265268925
299.842479618601,137.786686585694,3.82089615944703
534.841218512108,463.534418955488,3.56365759966197
52.6333669867899,416.764876459413,3.87234466706924
192.919812769074,282.588593328924,4.04952143947578
548.716025977708,270.964855530401,4.08365965014932
157.853503046979,29.3268384353771,4.49796696748204
508.478883273388,351.302868149236,4.40251573880402
43.7802032787588,55.9184096310709,3.50198052800641
525.107869888716,145.411543249887,4.48315970359334
NA,NA,NA
664.298320361706,336.887038510811,3.5980641579
455.306625812141,297.728864294442,3.64185761136461
11.1182971520098,499.303980509456,3.70333062941562
561.602605715096,49.5758017782657,4.28524011999464
70.888213443504,377.652749841257,3.93555925098982
227.112799125971,418.173431468048,3.91106304278993
428.736166178906,12.6114719035196,3.21934578077585
361.404247671333,293.825927394149,3.05956122422491
602.945250050618,105.203776777208,4.19813719305096
395.067231896325,232.841481120627,4.21578644811376
565.334011473522,416.017615631553,4.7419273242018
137.312393970955,277.739280011263,4.55885625112998
201.416272145381,360.921275198427,4.07495946480229
124.686729476942,411.234960106132,3.32417534802255
621.663419909584,312.823760788182,4.49968511503057
0.426270845680009,147.835220476448,4.28672646533795
542.954412601388,203.520538007136,4.1117239293517
33.1047441162501,491.566443492997,3.2372508904577
281.41630873615,20.2012092462694,3.92079014517396
534.826865755234,394.023864954795,3.21293682849043
71.8475151625073,74.3511997380015,5.26774016665616
9.06248680216506,75.4591984689762,3.56303781172605
590.436022953734,227.047023441083,4.04063525793685
441.058215900525,459.490872066353,4.68736822117448
658.226527772334,371.53226776953,2.96845099107904
103.24460658499,486.944362163152,4.37795041778993
628.047735252237,91.6847171501861,4.06035330879187
416.478654436616,259.291276783447,3.59600540823119
11.1159146558994,182.019066315517,3.25138936011777
70.0843621038267,126.615300868401,4.29082351672651
610.814124343815,197.396178838239,4.26146070509002
257.241920727411,222.085240248178,4.11695712804733
576.709279888809,436.446748111085,3.92878265268925
299.842479618601,137.786686585694,3.82089615944703
534.841218512108,463.534418955488,3.56365759966197
52.6333669867899,416.764876459413,3.87234466706924
192.919812769074,282.588593328924,4.04952143947578
548.716025977708,270.964855530401,4.08365965014932
157.853503046979,29.3268384353771,4.49796696748204
508.478883273388,351.302868149236,4.40251573880402
43.7802032787588,55.9184096310709,3.50198052800641
525.107869888716,145.411543249887,4.48315970359334
NA,NA,NA
664.298320361706,336.887038510811,3.5980641579
455.306625812141,297.728864294442,3.64185761136461
11.1182971520098,499.303980509456,3.70333062941562
561.602605715096,49.5758017782657,4.28524011999464
70.888213443504,377.652749841257,3.93555925098982
227.112799125971,418.173431468048,3.91106304278993
428.736166178906,12.6114719035196,3.21934578077585
361.404247671333,293.825927394149,3.05956122422491
602.945250050618,105.203776777208,4.19813719305096
395.067231896325,232.841481120627,4.21578644811376
565.334011473522,416.017615631553,4.7419273242018
137.312393970955,277.739280011263,4.55885625112998
201.416272145381,360.921275198427,4.07495946480229
124.686729476942,411.234960106132,3.32417534802255
621.663419909584,312.823760788182,4.49968511503057
0.426270845680009,147.835220476448,4.28672646533795
542.954412601388,203.520538007136,4.1117239293517
33.1047441162501,491.566443492997,3.2372508904577
281.41630873615,20.2012092462694,3.92079014517396
534.826865755234,394.023864954795,3.21293682849043
71.8475151625073,74.3511997380015,5.26774016665616
9.06248680216506,75.4591984689762,3.56303781172605
590.436022953734,227.047023441083,4.04063525793685
441.058215900525,459.490872066353,4.68736822117448
658.226527772334,371.53226776953,2.96845099107904
103.24460658499,486.944362163152,4.37795041778993
628.047735252237,91.6847171501861,4.06035330879187
416.478654436616,259.291276783447,3.59600540823119
11.1159146558994,182.019066315517,3.25138936011777
70.0843621038267,126.615300868401,4.29082351672651
610.814124343815,197.396178838239,4.26146070509002
257.241920727411,222.085240248178,4.11695712804733
576.709279888809,436.446748111085,3.92878265268925
299.842479618601,137.786686585694,3.82089615944703
534.841218512108,463.534418955488,3.56365759966197
52.6333669867899,416.764876459413,3.87234466706924
192.919812769074,282.588593328924,4.04952143947578
548.716025977708,270.964855530401,4.08365965014932
157.853503046979,29.3268384353771,4.49796696748204
508.478883273388,351.302868149236,4.40251573880402
43.7802032787588,55.9184096310709,3.50198052800641
525.107869888716,145.411543249887,4.48315970359334
NA,NA,NA
664.298320361706,336.887038510811,3.5980641579
455.306625812141,297.728864294442,3.64185761136461
11.1182971520098,499.303980509456,3.70333062941562
561.602605715096,49.5758017782657,4.28524011999464
70.888213443504,377.652749841257,3.93555925098982
227.112799125971,418.173431468048,3.91106304278993
428.736166178906,12.6114719035196,3.21934578077585
361.404247671333,293.825927394149,3.05956122422491
602.945250050618,105.203776777208,4.19813719305096
395.067231896325,232.841481120627,4.21578644811376
565.334011473522,416.017615631553,4.7419273242018
137.312393970955,277.739280011263,4.55885625112998
201.416272145381,360.921275198427,4.07495946480229
124.686729476942,411.234960106132,3.32417534802255
621.663419909584,312.823760788182,4.49968511503057
0.426270845680009,147.835220476448,4.28672646533795
542.954412601388,203.520538007136,4.1117239293517
33.1047441162501,491.566443492997,3.2372508904577
281.41630873615,20.2012092462694,3.92079014517396
534.826865755234,394.023864954795,3.21293682849043
71.8475151625073,74.3511997380015,5.26774016665616
9.06248680216506,75.4591984689762,3.56303781172605
590.436022953734,227.047023441083,4.04063525793685
441.058215900525,459.490872066353,4.68736822117448
658.226527772334,371.53226776953,2.96845099107904
103.24460658499,486.944362163152,4.37795041778993
628.047735252237,91.6847171501861,4.06035330879187
416.478654436616,259.291276783447,3.59600540823119
11.1159146558994,182.019066315517,3.25138936011777
70.0843621038267,126.615300868401,4.29082351672651
610.814124343815,197.396178838239,4.26146070509002
257.241920727411,222.085240248178,4.11695712804733
576.709279888809,436.446748111085,3.92878265268925
299.842479618601,137.786686585694,3.82089615944703
534.841218512108,463.534418955488,3.56365759966197
52.6333669867899,416.764876459413,3.87234466706924
192.919812769074,282.588593328924,4.04952143947578
548.716025977708,270.964855530401,4.08365965014932
157.853503046979,29.3268384353771,4.49796696748204
508.478883273388,351.302868149236,4.40251573880402
43.7802032787588,55.9184096310709,3.50198052800641
525.107869888716,145.411543249887,4.48315970359334
NA,NA,NA
664.298320361706,336.887038510811,3.5980641579
455.306625812141,297.728864294442,3.64185761136461
11.1182971520098,499.303980509456,3.70333062941562
561.602605715096,49.5758017782657,4.28524011999464
70.888213443504,377.652749841257,3.93555925098982
227.112799125971,418.173431468048,3.91106304278993
428.736166178906,12.6114719035196,3.21934578077585
361.404247671333,293.825927394149,3.05956122422491
602.945250050618,105.203776777208,4.19813719305096
395.067231896325,232.841481120627,4.21578644811376
565.334011473522,416.017615631553,4.7419273242018
137.312393970955,277.739280011263,4.55885625112998
201.416272145381,360.921275198427,4.07495946480229
124.686729476942,411.234960106132,3.32417534802255
621.663419909584,312.823760788182,4.49968511503057
0.426270845680009,147.835220476448,4.28672646533795
542.954412601388,203.520538007136,4.1117239293517
33.1047441162501,491.566443492997,3.2372508904577
281.41630873615,20.2012092462694,3.92079014517396
534.826865755234,394.023864954795,3.21293682849043
71.8475151625073,74.3511997380015,5.26774016665616
9.06248680216506,75.4591984689762,3.56303781172605
590.436022953734,227.047023441083,4.04063525793685
441.058215900525,459.490872066353,4.68736822117448
658.226527772334,371.53226776953,2.96845099107904
103.24460658499,486.944362163152,4.37795041778993
628.047735252237,91.6847171501861,4.06035330879187
416.478654436616,259.291276783447,3.59600540823119
11.1159146558994,182.019066315517,3.25138936011777
70.0843621038267,126.615300868401,4.29082351672651
610.814124343815,197.396178838239,4.26146070509002
257.241920727411,222.085240248178,4.11695712804733
576.709279888809,436.446748111085,3.92878265268925
299.842479618601,137.786686585694,3.82089615944703
534.841218512108,463.534418955488,3.56365759966197
52.6333669867899,416.764876459413,3.87234466706924
192.919812769074,282.588593328924,4.04952143947578
548.716025977708,270.964855530401,4.08365965014932
157.853503046979,29.3268384353771,4.49796696748204
508.478883273388,351.302868149236,4.40251573880402
43.7802032787588,55.9184096310709,3.50198052800641
525.107869888716,145.411543249887,4.48315970359334
NA,NA,NA
664.298320361706,336.887038510811,3.5980641579
455.306625812141,297.728864294442,3.64185761136461
11.1182971520098,499.303980509456,3.70333062941562
561.602605715096,49.5758017782657,4.28524011999464
70.888213443504,377.652749841257,3.93555925098982
227.112799125971,418.173431468048,3.91106304278993
428.736166178906,12.6114719035196,3.21934578077585
361.404247671333,293.825927394149,3.05956122422491
602.945250050618,105.203776777208,4.19813719305096
395.067231896325,232.841481120627,4.21578644811376
565.334011473522,416.017615631553,4.7419273242018
137.312393970955,277.739280011263,4.55885625112998
201.416272145381,360.921275198427,4.07495946480229
124.686729476942,411.234960106132,3.32417534802255
621.663419909584,312.823760788182,4.49968511503057
0.426270845680009,147.835220476448,4.28672646533795
542.954412601388,203.520538007136,4.1117239293517
33.1047441162501,491.566443492997,3.2372508904577
281.41630873615,20.2012092462694,3.92079014517396
534.826865755234,394.023864954795,3.21293682849043
71.8475151625073,74.3511997380015,5.26774016665616
9.06248680216506,75.4591984689762,3.56303781172605
590.436022953734,227.047023441083,4.04063525793685
441.058215900525,459.490872066353,4.68736822117448
658.226527772334,371.53226776953,2.96845099107904
103.24460658499,486.944362163152,4.37795041778993
628.047735252237,91.6847171501861,4.06035330879187
416.478654436616,259.291276783447,3.59600540823119
11.1159146558994,182.019066315517,3.25138936011777
70.0843621038267,126.615300868401,4.29082351672651
610.814124343815,197.396178838239,4.26146070509002
257.241920727411,222.085240248178,4.11695712804733
576.709279888809,436.446748111085,3.92878265268925
299.842479618601,137.786686585694,3.82089615944703
534.841218512108,463.534418955488,3.56365759966197
52.6333669867899,416.764876459413,3.87234466706924
192.919812769074,282.588593328924,4.04952143947578
548.716025977708,270.964855530401,4.08365965014932
157.853503046979,29.3268384353771,4.49796696748204
508.478883273388,351.302868149236,4.40251573880402
43.7802032787588,55.9184096310709,3.50198052800641
525.107869888716,145.411543249887,4.48315970359334
NA,NA,NA
658.919423908876,331.997610349228,3.53539281395175
456.594719921794,296.157220785918,3.65050385786135
11.5707910624442,495.519045706824,3.50056773801974
558.535336108266,52.8653411871109,4.19124366508891
70.7104765069888,378.489804820412,3.97353192440896
229.457312920041,415.175164287841,3.89801881719691
429.108151049695,10.3511876728461,3.41297480131912
361.949838726604,292.964140936232,3.08874903252026
603.173175432762,106.857060278968,4.23812034988979
394.526310479001,231.005827697663,4.16033945936948
570.82848110654,413.014922954382,4.71213399214699
143.949903404597,276.665627737159,4.56643529067424
196.327828346073,371.875552813986,3.96379399465368
125.694820786071,410.616304958034,3.41858328917741
626.655827628306,310.043566595921,4.56791130512583
0.89444654663787,149.433539589621,4.28475681580045
543.997239921591,204.065407426068,4.09233051576631
34.7600187484698,492.371257356313,2.99868148110076
284.61564031817,20.0699723994713,3.71572356547656
535.347997512981,393.349615973036,3.44824809733348
73.0865775275709,76.5530133472886,5.15787470439305
2.93108776498167,76.379843629649,3.40955569797691
587.167577736863,222.942325742167,4.06223240003742
438.817384141206,457.861771366845,4.74704063221548
660.502391636539,372.983636995452,2.89642203200802
107.851679294757,488.243390785247,4.34515990237898
626.508248791182,87.4838623619435,4.06854238931273
418.207880324876,259.097383876288,3.57628523812163
12.2814363177174,182.08775577656,3.35053979951064
66.9302745792164,107.088196080374,4.48874996765905
619.076789681771,206.399868785979,4.7141474643537
240.930905067733,215.071299460661,3.82259745269203
574.547360194036,441.088246676928,3.73502403635323
296.954222243868,138.113992365852,3.916121009987
526.072897843047,447.477855484069,3.43295257276279
51.2842757010081,409.951684473128,4.14863473355015
192.067277333308,287.343648966485,3.68588420883488
551.387114186625,268.803469852644,3.9698932602554
172.763561671236,26.0561597375069,4.29785484256444
505.548158362522,346.259091567496,4.43716773081539
31.7892981095425,56.0939860229609,3.2301259973717
520.397385552323,136.118997326115,5.11498830883497
NA,NA,NA
658.919423908876,331.997610349228,3.53539281395175
456.594719921794,296.157220785918,3.65050385786135
11.5707910624442,495.519045706824,3.50056773801974
558.535336108266,52.8653411871109,4.19124366508891
70.7104765069888,378.489804820412,3.97353192440896
229.457312920041,415.175164287841,3.89801881719691
429.108151049695,10.3511876728461,3.41297480131912
361.949838726604,292.964140936232,3.08874903252026
603.173175432762,106.857060278968,4.23812034988979
394.526310479001,231.005827697663,4.16033945936948
570.82848110654,413.014922954382,4.71213399214699
143.949903404597,276.665627737159,4.56643529067424
196.327828346073,371.875552813986,3.96379399465368
125.694820786071,410.616304958034,3.41858328917741
626.655827628306,310.043566595921,4.56791130512583
0.89444654663787,149.433539589621,4.28475681580045
543.997239921591,204.065407426068,4.09233051576631
34.7600187484698,492.371257356313,2.99868148110076
284.61564031817,20.0699723994713,3.71572356547656
535.347997512981,393.349615973036,3.44824809733348
73.0865775275709,76.5530133472886,5.15787470439305
2.93108776498167,76.379843629649,3.40955569797691
587.167577736863,222.942325742167,4.06223240003742
438.817384141206,457.861771366845,4.74704063221548
660.502391636539,372.983636995452,2.89642203200802
107.851679294757,488.243390785247,4.34515990237898
626.508248791182,87.4838623619435,4.06854238931273
418.207880324876,259.097383876288,3.57628523812163
12.2814363177174,182.08775577656,3.35053979951064
66.9302745792164,107.088196080374,4.48874996765905
619.076789681771,206.399868785979,4.7141474643537
240.930905067733,215.071299460661,3.82259745269203
574.547360194036,441.088246676928,3.73502403635323
296.954222243868,138.113992365852,3.916121009987
526.072897843047,447.477855484069,3.43295257276279
51.2842757010081,409.951684473128,4.14863473355015
192.067277333308,287.343648966485,3.68588420883488
551.387114186625,268.803469852644,3.9698932602554
172.763561671236,26.0561597375069,4.29785484256444
505.548158362522,346.259091567496,4.43716773081539
31.7892981095425,56.0939860229609,3.2301259973717
520.397385552323,136.118997326115,5.11498830883497
NA,NA,NA
658.919423908876,331.997610349228,3.53539281395175
456.594719921794,296.157220785918,3.65050385786135
11.5707910624442,495.519045706824,3.50056773801974
558.535336108266,52.8653411871109,4.19124366508891
70.7104765069888,378.489804820412,3.97353192440896
229.457312920041,415.175164287841,3.89801881719691
429.108151049695,10.3511876728461,3.41297480131912
361.949838726604,292.964140936232,3.08874903252026
603.173175432762,106.857060278968,4.23812034988979
394.526310479001,231.005827697663,4.16033945936948
570.82848110654,413.014922954382,4.71213399214699
143.949903404597,276.665627737159,4.56643529067424
196.327828346073,371.875552813986,3.96379399465368
125.694820786071,410.616304958034,3.41858328917741
626.655827628306,310.043566595921,4.56791130512583
0.89444654663787,149.433539589621,4.28475681580045
543.997239921591,204.065407426068,4.09233051576631
34.7600187484698,492.371257356313,2.99868148110076
284.61564031817,20.0699723994713,3.71572356547656
535.347997512981,393.349615973036,3.44824809733348
73.0865775275709,76.5530133472886,5.15787470439305
2.93108776498167,76.379843629649,3.40955569797691
587.167577736863,222.942325742167,4.06223240003742
438.817384141206,457.861771366845,4.74704063221548
660.502391636539,372.983636995452,2.89642203200802
107.851679294757,488.243390785247,4.34515990237898
626.508248791182,87.4838623619435,4.06854238931273
418.207880324876,259.097383876288,3.57628523812163
12.2814363177174,182.08775577656,3.35053979951064
66.9302745792164,107.088196080374,4.48874996765905
619.076789681771,206.399868785979,4.7141474643537
240.930905067733,215.071299460661,3.82259745269203
574.547360194036,441.088246676928,3.73502403635323
296.954222243868,138.113992365852,3.916121009987
526.072897843047,447.477855484069,3.43295257276279
51.2842757010081,409.951684473128,4.14863473355015
192.067277333308,287.343648966485,3.68588420883488
551.387114186625,268.803469852644,3.9698932602554
172.763561671236,26.0561597375069,4.29785484256444
505.548158362522,346.259091567496,4.43716773081539
31.7892981095425,56.0939860229609,3.2301259973717
520.397385552323,136.118997326115,5.11498830883497
NA,NA,NA
658.919423908876,331.997610349228,3.53539281395175
456.594719921794,296.157220785918,3.65050385786135
11.5707910624442,495.519045706824,3.50056773801974
558.535336108266,52.8653411871109,4.19124366508891
70.7104765069888,378.489804820412,3.97353192440896
229.457312920041,415.175164287841,3.89801881719691
429.108151049695,10.3511876728461,3.41297480131912
361.949838726604,292.964140936232,3.08874903252026
603.173175432762,106.857060278968,4.23812034988979
394.526310479001,231.005827697663,4.16033945936948
570.82848110654,413.014922954382,4.71213399214699
143.949903404597,276.665627737159,4.56643529067424
196.327828346073,371.875552813986,3.96379399465368
125.694820786071,410.616304958034,3.41858328917741
626.655827628306,310.043566595921,4.56791130512583
0.89444654663787,149.433539589621,4.28475681580045
543.997239921591,204.065407426068,4.09233051576631
34.7600187484698,492.371257356313,2.99868148110076
284.61564031817,20.0699723994713,3.71572356547656
535.347997512981,393.349615973036,3.44824809733348
73.0865775275709,76.5530133472886,5.15787470439305
2.93108776498167,76.379843629649,3.40955569797691
587.167577736863,222.942325742167,4.06223240003742
438.817384141206,457.861771366845,4.74704063221548
660.502391636539,372.983636995452,2.89642203200802
107.851679294757,488.243390785247,4.34515990237898
626.508248791182,87.4838623619435,4.06854238931273
418.207880324876,259.097383876288,3.57628523812163
12.2814363177174,182.08775577656,3.35053979951064
66.9302745792164,107.088196080374,4.48874996765905
619.076789681771,206.399868785979,4.7141474643537
240.930905067733,215.071299460661,3.82259745269203
574.547360194036,441.088246676928,3.73502403635323
296.954222243868,138.113992365852,3.916121009987
526.072897843047,447.477855484069,3.43295257276279
51.2842757010081,409.951684473128,4.14863473355015
192.067277333308,287.343648966485,3.68588420883488
551.387114186625,268.803469852644,3.9698932602554
172.763561671236,26.0561597375069,4.29785484256444
505.548158362522,346.259091567496,4.43716773081539
31.7892981095425,56.0939860229609,3.2301259973717
520.397385552323,136.118997326115,5.11498830883497
NA,NA,NA
658.919423908876,331.997610349228,3.53539281395175
456.594719921794,296.157220785918,3.65050385786135
11.5707910624442,495.519045706824,3.50056773801974
558.535336108266,52.8653411871109,4.19124366508891
70.7104765069888,378.489804820412,3.97353192440896
229.457312920041,415.175164287841,3.89801881719691
429.108151049695,10.3511876728461,3.41297480131912
361.949838726604,292.964140936232,3.08874903252026
603.173175432762,106.857060278968,4.23812034988979
394.526310479001,231.005827697663,4.16033945936948
570.82848110654,413.014922954382,4.71213399214699
143.949903404597,276.665627737159,4.56643529067424
196.327828346073,371.875552813986,3.96379399465368
125.694820786071,410.616304958034,3.41858328917741
626.655827628306,310.043566595921,4.56791130512583
0.89444654663787,149.433539589621,4.28475681580045
543.997239921591,204.065407426068,4.09233051576631
34.7600187484698,492.371257356313,2.99868148110076
284.61564031817,20.0699723994713,3.71572356547656
535.347997512981,393.349615973036,3.44824809733348
73.0865775275709,76.5530133472886,5.15787470439305
2.93108776498167,76.379843629649,3.40955569797691
587.167577736863,222.942325742167,4.06223240003742
438.817384141206,457.861771366845,4.74704063221548
660.502391636539,372.983636995452,2.89642203200802
107.851679294757,488.243390785247,4.34515990237898
626.508248791182,87.4838623619435,4.06854238931273
418.207880324876,259.097383876288,3.57628523812163
12.2814363177174,182.08775577656,3.35053979951064
66.9302745792164,107.088196080374,4.48874996765905
619.076789681771,206.399868785979,4.7141474643537
240.930905067733,215.071299460661,3.82259745269203
574.547360194036,441.088246676928,3.73502403635323
296.954222243868,138.113992365852,3.916121009987
526.072897843047,447.477855484069,3.43295257276279
51.2842757010081,409.951684473128,4.14863473355015
192.067277333308,287.343648966485,3.68588420883488
551.387114186625,268.803469852644,3.9698932602554
172.763561671236,26.0561597375069,4.29785484256444
505.548158362522,346.259091567496,4.43716773081539
31.7892981095425,56.0939860229609,3.2301259973717
520.397385552323,136.118997326115,5.11498830883497
NA,NA,NA
658.919423908876,331.997610349228,3.53539281395175
456.594719921794,296.157220785918,3.65050385786135
11.5707910624442,495.519045706824,3.50056773801974
558.535336108266,52.8653411871109,4.19124366508891
70.7104765069888,378.489804820412,3.97353192440896
229.457312920041,415.175164287841,3.89801881719691
429.108151049695,10.3511876728461,3.41297480131912
361.949838726604,292.964140936232,3.08874903252026
603.173175432762,106.857060278968,4.23812034988979
394.526310479001,231.005827697663,4.16033945936948
570.82848110654,413.014922954382,4.71213399214699
143.949903404597,276.665627737159,4.56643529067424
196.327828346073,371.875552813986,3.96379399465368
125.694820786071,410.616304958034,3.41858328917741
626.655827628306,310.043566595921,4.56791130512583
0.89444654663787,149.433539589621,4.28475681580045
543.997239921591,204.065407426068,4.09233051576631
34.7600187484698,492.371257356313,2.99868148110076
284.61564031817,20.0699723994713,3.71572356547656
535.347997512981,393.349615973036,3.44824809733348
73.0865775275709,76.5530133472886,5.15787470439305
2.93108776498167,76.379843629649,3.40955569797691
587.167577736863,222.942325742167,4.06223240003742
438.817384141206,457.861771366845,4.74704063221548
660.502391636539,372.983636995452,2.89642203200802
107.851679294757,488.243390785247,4.34515990237898
626.508248791182,87.4838623619435,4.06854238931273
418.207880324876,259.097383876288,3.57628523812163
12.2814363177174,182.08775577656,3.35053979951064
66.9302745792164,107.088196080374,4.48874996765905
619.076789681771,206.399868785979,4.7141474643537
240.930905067733,215.071299460661,3.82259745269203
574.547360194036,441.088246676928,3.73502403635323
296.954222243868,138.113992365852,3.916121009987
526.072897843047,447.477855484069,3.43295257276279
51.2842757010081,409.951684473128,4.14863473355015
192.067277333308,287.343648966485,3.68588420883488
551.387114186625,268.803469852644,3.9698932602554
172.763561671236,26.0561597375069,4.29785484256444
505.548158362522,346.259091567496,4.43716773081539
31.7892981095425,56.0939860229609,3.2301259973717
520.397385552323,136.118997326115,5.11498830883497
NA,NA,NA
662.357488710249,330.625198614505,3.54942580850174
453.273180727404,301.131626958275,3.80425251541675
13.2806867965143,497.065448192408,3.58540218732825
562.374982364578,46.2401107193665,4.26004278693425
71.6639272873736,375.646582463667,3.9449062276686
225.388754524479,414.347146691527,3.86611463936277
427.755798471888,13.7972508548055,3.3157397896829
360.414521434913,296.895299463491,3.11008018626854
603.331451425128,105.120993925101,4.23617246071933
394.143639645482,233.254526829475,4.22953242116173
574.057055842597,411.104390871773,4.76447660123964
141.454708030395,281.066283593797,4.45332415671921
203.319965588136,376.4831782867,4.05744455686203
127.017433725908,409.192383478817,3.30570376946907
625.015463435514,314.967265055529,4.53856190668781
2.06326444518317,148.838580030219,4.0970830240274
540.073407681303,204.829501294293,4.13707883620913
35.0281152328561,493.09713055067,3.08356314581526
281.092376560811,20.5788628124351,3.94332652548004
537.55839773509,394.092398348175,3.38872509051585
77.3461245720996,75.384220963656,5.17917538411747
8.62362257028402,74.553938607932,3.39665874026735
588.715258583402,225.350030039702,3.98181601185468
437.762625518313,454.913212764996,4.79876238840485
658.107696469076,375.618732148186,2.91713288757241
108.047577469614,487.565094366747,4.40972439926448
621.950149929867,90.3547980375702,4.08335668888483
421.5889245742,258.159066720801,3.70792463626133
9.14321986340235,183.390449404303,3.29786430694885
76.8113178686619,120.687644248162,4.79576569454494
597.509802918103,211.898061484982,4.39420102539678
249.590706704638,221.655959946681,3.80338757363175
572.831772529378,433.483593246436,4.02092151707734
303.507097647135,135.23849629506,3.86011726208543
533.073485088891,458.583751671695,3.33260628445569
47.1667471968071,412.745171631661,3.75301657157958
195.097609795045,280.454639939224,3.92322057830199
549.072170671656,258.424000091615,3.57540906923712
172.386329255911,23.5468930014147,4.48079424539896
504.156408345666,339.393465567702,4.23999042115584
31.8542621125085,53.2973122994478,3.85953868356321
527.299308160887,150.883032043695,4.46181035629877
NA,NA,NA
662.357488710249,330.625198614505,3.54942580850174
453.273180727404,301.131626958275,3.80425251541675
13.2806867965143,497.065448192408,3.58540218732825
562.374982364578,46.2401107193665,4.26004278693425
71.6639272873736,375.646582463667,3.9449062276686
225.388754524479,414.347146691527,3.86611463936277
427.755798471888,13.7972508548055,3.3157397896829
360.414521434913,296.895299463491,3.11008018626854
603.331451425128,105.120993925101,4.23617246071933
394.143639645482,233.254526829475,4.22953242116173
574.057055842597,411.104390871773,4.76447660123964
141.454708030395,281.066283593797,4.45332415671921
203.319965588136,376.4831782867,4.05744455686203
127.017433725908,409.192383478817,3.30570376946907
625.015463435514,314.967265055529,4.53856190668781
2.06326444518317,148.838580030219,4.0970830240274
540.073407681303,204.829501294293,4.13707883620913
35.0281152328561,493.09713055067,3.08356314581526
281.092376560811,20.5788628124351,3.94332652548004
537.55839773509,394.092398348175,3.38872509051585
77.3461245720996,75.384220963656,5.17917538411747
8.62362257028402,74.553938607932,3.39665874026735
588.715258583402,225.350030039702,3.98181601185468
437.762625518313,454.913212764996,4.79876238840485
658.107696469076,375.618732148186,2.91713288757241
108.047577469614,487.565094366747,4.40972439926448
621.950149929867,90.3547980375702,4.08335668888483
421.5889245742,258.159066720801,3.70792463626133
9.14321986340235,183.390449404303,3.29786430694885
76.8113178686619,120.687644248162,4.79576569454494
597.509802918103,211.898061484982,4.39420102539678
249.590706704638,221.655959946681,3.80338757363175
572.831772529378,433.483593246436,4.02092151707734
303.507097647135,135.23849629506,3.86011726208543
533.073485088891,458.583751671695,3.33260628445569
47.1667471968071,412.745171631661,3.75301657157958
195.097609795045,280.454639939224,3.92322057830199
549.072170671656,258.424000091615,3.57540906923712
172.386329255911,23.5468930014147,4.48079424539896
504.156408345666,339.393465567702,4.23999042115584
31.8542621125085,53.2973122994478,3.85953868356321
527.299308160887,150.883032043695,4.46181035629877
NA,NA,NA
662.357488710249,330.625198614505,3.54942580850174
453.273180727404,301.131626958275,3.80425251541675
13.2806867965143,497.065448192408,3.58540218732825
562.374982364578,46.2401107193665,4.26004278693425
71.6639272873736,375.646582463667,3.9449062276686
225.388754524479,414.347146691527,3.86611463936277
427.755798471888,13.7972508548055,3.3157397896829
360.414521434913,296.895299463491,3.11008018626854
603.331451425128,105.120993925101,4.23617246071933
394.143639645482,233.254526829475,4.22953242116173
574.057055842597,411.104390871773,4.76447660123964
141.454708030395,281.066283593797,4.45332415671921
203.319965588136,376.4831782867,4.05744455686203
127.017433725908,409.192383478817,3.30570376946907
625.015463435514,314.967265055529,4.53856190668781
2.06326444518317,148.838580030219,4.0970830240274
540.073407681303,204.829501294293,4.13707883620913
35.0281152328561,493.09713055067,3.08356314581526
281.092376560811,20.5788628124351,3.94332652548004
537.55839773509,394.092398348175,3.38872509051585
77.3461245720996,75.384220963656,5.17917538411747
8.62362257028402,74.553938607932,3.39665874026735
588.715258583402,225.350030039702,3.98181601185468
437.762625518313,454.913212764996,4.79876238840485
658.107696469076,375.618732148186,2.91713288757241
108.047577469614,487.565094366747,4.40972439926448
621.950149929867,90.3547980375702,4.08335668888483
421.5889245742,258.159066720801,3.70792463626133
9.14321986340235,183.390449404303,3.29786430694885
76.8113178686619,120.687644248162,4.79576569454494
597.509802918103,211.898061484982,4.39420102539678
249.590706704638,221.655959946681,3.80338757363175
572.831772529378,433.483593246436,4.02092151707734
303.507097647135,135.23849629506,3.86011726208543
533.073485088891,458.583751671695,3.33260628445569
47.1667471968071,412.745171631661,3.75301657157958
195.097609795045,280.454639939224,3.92322057830199
549.072170671656,258.424000091615,3.57540906923712
172.386329255911,23.5468930014147,4.48079424539896
504.156408345666,339.393465567702,4.23999042115584
31.8542621125085,53.2973122994478,3.85953868356321
527.299308160887,150.883032043695,4.46181035629877
NA,NA,NA
662.357488710249,330.625198614505,3.54942580850174
453.273180727404,301.131626958275,3.80425251541675
13.2806867965143,497.065448192408,3.58540218732825
562.374982364578,46.2401107193665,4.26004278693425
71.6639272873736,375.646582463667,3.9449062276686
225.388754524479,414.347146691527,3.86611463936277
427.755798471888,13.7972508548055,3.3157397896829
360.414521434913,296.895299463491,3.11008018626854
603.331451425128,105.120993925101,4.23617246071933
394.143639645482,233.254526829475,4.22953242116173
574.057055842597,411.104390871773,4.76447660123964
141.454708030395,281.066283593797,4.45332415671921
203.319965588136,376.4831782867,4.05744455686203
127.017433725908,409.192383478817,3.30570376946907
625.015463435514,314.967265055529,4.53856190668781
2.06326444518317,148.838580030219,4.0970830240274
540.073407681303,204.829501294293,4.13707883620913
35.0281152328561,493.09713055067,3.08356314581526
281.092376560811,20.5788628124351,3.94332652548004
537.55839773509,394.092398348175,3.38872509051585
77.3461245720996,75.384220963656,5.17917538411747
8.62362257028402,74.553938607932,3.39665874026735
588.715258583402,225.350030039702,3.98181601185468
437.762625518313,454.913212764996,4.79876238840485
658.107696469076,375.618732148186,2.91713288757241
108.047577469614,487.565094366747,4.40972439926448
621.950149929867,90.3547980375702,4.08335668888483
421.5889245742,258.159066720801,3.70792463626133
9.14321986340235,183.390449404303,3.29786430694885
76.8113178686619,120.687644248162,4.79576569454494
597.509802918103,211.898061484982,4.39420102539678
249.590706704638,221.655959946681,3.80338757363175
572.831772529378,433.483593246436,4.02092151707734
303.507097647135,135.23849629506,3.86011726208543
533.073485088891,458.583751671695,3.33260628445569
47.1667471968071,412.745171631661,3.75301657157958
195.097609795045,280.454639939224,3.92322057830199
549.072170671656,258.424000091615,3.57540906923712
172.386329255911,23.5468930014147,4.48079424539896
504.156408345666,339.393465567702,4.23999042115584
31.8542621125085,53.2973122994478,3.85953868356321
527.299308160887,150.883032043695,4.46181035629877
NA,NA,NA
662.357488710249,330.625198614505,3.54942580850174
453.273180727404,301.131626958275,3.80425251541675
13.2806867965143,497.065448192408,3.58540218732825
562.374982364578,46.2401107193665,4.26004278693425
71.6639272873736,375.646582463667,3.9449062276686
225.388754524479,414.347146691527,3.86611463936277
427.755798471888,13.7972508548055,3.3157397896829
360.414521434913,296.895299463491,3.11008018626854
603.331451425128,105.120993925101,4.23617246071933
394.143639645482,233.254526829475,4.22953242116173
574.057055842597,411.104390871773,4.76447660123964
141.454708030395,281.066283593797,4.45332415671921
203.319965588136,376.4831782867,4.05744455686203
127.017433725908,409.192383478817,3.30570376946907
625.015463435514,314.967265055529,4.53856190668781
2.06326444518317,148.838580030219,4.0970830240274
540.073407681303,204.829501294293,4.13707883620913
35.0281152328561,493.09713055067,3.08356314581526
281.092376560811,20.5788628124351,3.94332652548004
537.55839773509,394.092398348175,3.38872509051585
77.3461245720996,75.384220963656,5.17917538411747
8.62362257028402,74.553938607932,3.39665874026735
588.715258583402,225.350030039702,3.98181601185468
437.762625518313,454.913212764996,4.79876238840485
658.107696469076,375.618732148186,2.91713288757241
108.047577469614,487.565094366747,4.40972439926448
621.950149929867,90.3547980375702,4.08335668888483
421.5889245742,258.159066720801,3.70792463626133
9.14321986340235,183.390449404303,3.29786430694885
76.8113178686619,120.687644248162,4.79576569454494
597.509802918103,211.898061484982,4.39420102539678
249.590706704638,221.655959946681,3.80338757363175
572.831772529378,433.483593246436,4.02092151707734
303.507097647135,135.23849629506,3.86011726208543
533.073485088891,458.583751671695,3.33260628445569
47.1667471968071,412.745171631661,3.75301657157958
195.097609795045,280.454639939224,3.92322057830199
549.072170671656,258.424000091615,3.57540906923712
172.386329255911,23.5468930014147,4.48079424539896
504.156408345666,339.393465567702,4.23999042115584
31.8542621125085,53.2973122994478,3.85953868356321
527.299308160887,150.883032043695,4.46181035629877
NA,NA,NA
662.357488710249,330.625198614505,3.54942580850174
453.273180727404,301.131626958275,3.80425251541675
13.2806867965143,497.065448192408,3.58540218732825
562.374982364578,46.2401107193665,4.26004278693425
71.6639272873736,375.646582463667,3.9449062276686
225.388754524479,414.347146691527,3.86611463936277
427.755798471888,13.7972508548055,3.3157397896829
360.414521434913,296.895299463491,3.11008018626854
603.331451425128,105.120993925101,4.23617246071933
394.143639645482,233.254526829475,4.22953242116173
574.057055842597,411.104390871773,4.76447660123964
141.454708030395,281.066283593797,4.45332415671921
203.319965588136,376.4831782867,4.05744455686203
127.017433725908,409.192383478817,3.30570376946907
625.015463435514,314.967265055529,4.53856190668781
2.06326444518317,148.838580030219,4.0970830240274
540.073407681303,204.829501294293,4.13707883620913
35.0281152328561,493.09713055067,3.08356314581526
281.092376560811,20.5788628124351,3.94332652548004
537.55839773509,394.092398348175,3.38872509051585
77.3461245720996,75.384220963656,5.17917538411747
8.62362257028402,74.553938607932,3.39665874026735
588.715258583402,225.350030039702,3.98181601185468
437.762625518313,454.913212764996,4.79876238840485
658.107696469076,375.618732148186,2.91713288757241
108.047577469614,487.565094366747,4.40972439926448
621.950149929867,90.3547980375702,4.08335668888483
421.5889245742,258.159066720801,3.70792463626133
9.14321986340235,183.390449404303,3.29786430694885
76.8113178686619,120.687644248162,4.79576569454494
597.509802918103,211.898061484982,4.39420102539678
249.590706704638,221.655959946681,3.80338757363175
572.831772529378,433.483593246436,4.02092151707734
303.507097647135,135.23849629506,3.86011726208543
533.073485088891,458.583751671695,3.33260628445569
47.1667471968071,412.745171631661,3.75301657157958
195.097609795045,280.454639939224,3.92322057830199
549.072170671656,258.424000091615,3.57540906923712
172.386329255911,23.5468930014147,4.48079424539896
504.156408345666,339.393465567702,4.23999042115584
31.8542621125085,53.2973122994478,3.85953868356321
527.299308160887,150.883032043695,4.46181035629877
NA,NA,NA
661.693805450801,335.289122933196,3.41149890313483
455.718904017948,301.582800032336,3.58965326099237
13.6446829582212,493.329951831547,3.61162586081019
562.753735783861,50.9025093670278,4.18003427947905
69.981556539736,371.610302123991,4.10991398257846
228.606787818854,418.175639459332,3.99569415718341
430.389260635659,8.63945086039748,3.21943877855029
364.024968822917,293.467281646818,3.16413883489085
607.327458655999,104.051879094476,4.29228522687125
390.799644941035,232.527473038044,4.1616314115146
570.58590848118,413.015686602439,4.75326785398267
133.905055673728,275.33688584706,4.51087902605563
200.733736832265,369.254732727248,4.09807386388701
126.868134576688,411.580175677184,3.52462886170915
629.122546289482,308.896970998193,4.45764029894161
2.37272454759537,148.572829297913,4.29681926372996
543.316496600739,203.153921029437,4.22857116924005
33.4799765674798,492.910138043037,3.03442904477324
279.491376908573,25.9659505501008,3.80512399815241
534.695731441175,392.193611343543,3.51328388307584
76.3665238879008,67.1873113219738,5.41305243753471
3.20113059766596,78.4611549930032,3.603161718943
585.772624644587,228.529584759697,3.9144643507465
441.207508565383,464.441441805585,4.75212180996595
658.600780522044,374.183158754682,3.15989857316277
106.705117334482,488.256400470142,4.25727582437865
623.366739465422,87.9998395186117,4.08710114476004
421.438806353213,257.758696952125,3.63681985374038
13.1724562389988,183.750105419464,3.23813773413677
80.8116365159325,126.041706542826,4.47482763538652
602.607790493919,198.241083992175,4.75667687250837
251.804836980135,223.636918628635,3.71786872859896
575.605908121421,436.587673799779,3.96659681511054
299.792672876031,138.982019958679,3.87040959906417
525.431832493588,457.9417899606,3.54709773822714
39.9496035244743,427.118612618227,3.44402439005001
199.440087418099,286.203733256428,4.6149751682862
546.138923702855,266.119035472105,3.80979458043961
183.675435979694,15.6328523668527,4.18233697539938
498.667202707645,342.571135044318,4.48703198943765
32.6035936616472,62.898987236925,3.66871346107272
516.777047975343,159.377904185175,4.61775814900776
NA,NA,NA
661.693805450801,335.289122933196,3.41149890313483
455.718904017948,301.582800032336,3.58965326099237
13.6446829582212,493.329951831547,3.61162586081019
562.753735783861,50.9025093670278,4.18003427947905
69.981556539736,371.610302123991,4.10991398257846
228.606787818854,418.175639459332,3.99569415718341
430.389260635659,8.63945086039748,3.21943877855029
364.024968822917,293.467281646818,3.16413883489085
607.327458655999,104.051879094476,4.29228522687125
390.799644941035,232.527473038044,4.1616314115146
570.58590848118,413.015686602439,4.75326785398267
133.905055673728,275.33688584706,4.51087902605563
200.733736832265,369.254732727248,4.09807386388701
126.868134576688,411.580175677184,3.52462886170915
629.122546289482,308.896970998193,4.45764029894161
2.37272454759537,148.572829297913,4.29681926372996
543.316496600739,203.153921029437,4.22857116924005
33.4799765674798,492.910138043037,3.03442904477324
279.491376908573,25.9659505501008,3.80512399815241
534.695731441175,392.193611343543,3.51328388307584
76.3665238879008,67.1873113219738,5.41305243753471
3.20113059766596,78.4611549930032,3.603161718943
585.772624644587,228.529584759697,3.9144643507465
441.207508565383,464.441441805585,4.75212180996595
658.600780522044,374.183158754682,3.15989857316277
106.705117334482,488.256400470142,4.25727582437865
623.366739465422,87.9998395186117,4.08710114476004
421.438806353213,257.758696952125,3.63681985374038
13.1724562389988,183.750105419464,3.23813773413677
80.8116365159325,126.041706542826,4.47482763538652
602.607790493919,198.241083992175,4.75667687250837
251.804836980135,223.636918628635,3.71786872859896
575.605908121421,436.587673799779,3.96659681511054
299.792672876031,138.982019958679,3.87040959906417
525.431832493588,457.9417899606,3.54709773822714
39.9496035244743,427.118612618227,3.44402439005001
199.440087418099,286.203733256428,4.6149751682862
546.138923702855,266.119035472105,3.80979458043961
183.675435979694,15.6328523668527,4.18233697539938
498.667202707645,342.571135044318,4.48703198943765
32.6035936616472,62.898987236925,3.66871346107272
516.777047975343,159.377904185175,4.61775814900776
NA,NA,NA
661.693805450801,335.289122933196,3.41149890313483
455.718904017948,301.582800032336,3.58965326099237
13.6446829582212,493.329951831547,3.61162586081019
562.753735783861,50.9025093670278,4.18003427947905
69.981556539736,371.610302123991,4.10991398257846
228.606787818854,418.175639459332,3.99569415718341
430.389260635659,8.63945086039748,3.21943877855029
364.024968822917,293.467281646818,3.16413883489085
607.327458655999,104.051879094476,4.29228522687125
390.799644941035,232.527473038044,4.1616314115146
570.58590848118,413.015686602439,4.75326785398267
133.905055673728,275.33688584706,4.51087902605563
200.733736832265,369.254732727248,4.09807386388701
126.868134576688,411.580175677184,3.52462886170915
629.122546289482,308.896970998193,4.45764029894161
2.37272454759537,148.572829297913,4.29681926372996
543.316496600739,203.153921029437,4.22857116924005
33.4799765674798,492.910138043037,3.03442904477324
279.491376908573,25.9659505501008,3.80512399815241
534.695731441175,392.193611343543,3.51328388307584
76.3665238879008,67.1873113219738,5.41305243753471
3.20113059766596,78.4611549930032,3.603161718943
585.772624644587,228.529584759697,3.9144643507465
441.207508565383,464.441441805585,4.75212180996595
658.600780522044,374.183158754682,3.15989857316277
106.705117334482,488.256400470142,4.25727582437865
623.366739465422,87.9998395186117,4.08710114476004
421.438806353213,257.758696952125,3.63681985374038
13.1724562389988,183.750105419464,3.23813773413677
80.8116365159325,126.041706542826,4.47482763538652
602.607790493919,198.241083992175,4.75667687250837
251.804836980135,223.636918628635,3.71786872859896
575.605908121421,436.587673799779,3.96659681511054
299.792672876031,138.982019958679,3.87040959906417
525.431832493588,457.9417899606,3.54709773822714
39.9496035244743,427.118612618227,3.44402439005001
199.440087418099,286.203733256428,4.6149751682862
546.138923702855,266.119035472105,3.80979458043961
183.675435979694,15.6328523668527,4.18233697539938
498.667202707645,342.571135044318,4.48703198943765
32.6035936616472,62.898987236925,3.66871346107272
516.777047975343,159.377904185175,4.61775814900776
NA,NA,NA
661.693805450801,335.289122933196,3.41149890313483
455.718904017948,301.582800032336,3.58965326099237
13.6446829582212,493.329951831547,3.61162586081019
562.753735783861,50.9025093670278,4.18003427947905
69.981556539736,371.610302123991,4.10991398257846
228.606787818854,418.175639459332,3.99569415718341
430.389260635659,8.63945086039748,3.21943877855029
364.024968822917,293.467281646818,3.16413883489085
607.327458655999,104.051879094476,4.29228522687125
390.799644941035,232.527473038044,4.1616314115146
570.58590848118,413.015686602439,4.75326785398267
133.905055673728,275.33688584706,4.51087902605563
200.733736832265,369.254732727248,4.09807386388701
126.868134576688,411.580175677184,3.52462886170915
629.122546289482,308.896970998193,4.45764029894161
2.37272454759537,148.572829297913,4.29681926372996
543.316496600739,203.153921029437,4.22857116924005
33.4799765674798,492.910138043037,3.03442904477324
279.491376908573,25.9659505501008,3.80512399815241
534.695731441175,392.193611343543,3.51328388307584
76.3665238879008,67.1873113219738,5.41305243753471
3.20113059766596,78.4611549930032,3.603161718943
585.772624644587,228.529584759697,3.9144643507465
441.207508565383,464.441441805585,4.75212180996595
658.600780522044,374.183158754682,3.15989857316277
106.705117334482,488.256400470142,4.25727582437865
623.366739465422,87.9998395186117,4.08710114476004
421.438806353213,257.758696952125,3.63681985374038
13.1724562389988,183.750105419464,3.23813773413677
80.8116365159325,126.041706542826,4.47482763538652
602.607790493919,198.241083992175,4.75667687250837
251.804836980135,223.636918628635,3.71786872859896
575.605908121421,436.587673799779,3.96659681511054
299.792672876031,138.982019958679,3.87040959906417
525.431832493588,457.9417899606,3.54709773822714
39.9496035244743,427.118612618227,3.44402439005001
199.440087418099,286.203733256428,4.6149751682862
546.138923702855,266.119035472105,3.80979458043961
183.675435979694,15.6328523668527,4.18233697539938
498.667202707645,342.571135044318,4.48703198943765
32.6035936616472,62.898987236925,3.66871346107272
516.777047975343,159.377904185175,4.61775814900776
NA,NA,NA
661.693805450801,335.289122933196,3.41149890313483
455.718904017948,301.582800032336,3.58965326099237
13.6446829582212,493.329951831547,3.61162586081019
562.753735783861,50.9025093670278,4.18003427947905
69.981556539736,371.610302123991,4.10991398257846
228.606787818854,418.175639459332,3.99569415718341
430.389260635659,8.63945086039748,3.21943877855029
364.024968822917,293.467281646818,3.16413883489085
607.327458655999,104.051879094476,4.29228522687125
390.799644941035,232.527473038044,4.1616314115146
570.58590848118,413.015686602439,4.75326785398267
133.905055673728,275.33688584706,4.51087902605563
200.733736832265,369.254732727248,4.09807386388701
126.868134576688,411.580175677184,3.52462886170915
629.122546289482,308.896970998193,4.45764029894161
2.37272454759537,148.572829297913,4.29681926372996
543.316496600739,203.153921029437,4.22857116924005
33.4799765674798,492.910138043037,3.03442904477324
279.491376908573,25.9659505501008,3.80512399815241
534.695731441175,392.193611343543,3.51328388307584
76.3665238879008,67.1873113219738,5.41305243753471
3.20113059766596,78.4611549930032,3.603161718943
585.772624644587,228.529584759697,3.9144643507465
441.207508565383,464.441441805585,4.75212180996595
658.600780522044,374.183158754682,3.15989857316277
106.705117334482,488.256400470142,4.25727582437865
623.366739465422,87.9998395186117,4.08710114476004
421.438806353213,257.758696952125,3.63681985374038
13.1724562389988,183.750105419464,3.23813773413677
80.8116365159325,126.041706542826,4.47482763538652
602.607790493919,198.241083992175,4.75667687250837
251.804836980135,223.636918628635,3.71786872859896
575.605908121421,436.587673799779,3.96659681511054
299.792672876031,138.982019958679,3.87040959906417
525.431832493588,457.9417899606,3.54709773822714
39.9496035244743,427.118612618227,3.44402439005001
199.440087418099,286.203733256428,4.6149751682862
546.138923702855,266.119035472105,3.80979458043961
183.675435979694,15.6328523668527,4.18233697539938
498.667202707645,342.571135044318,4.48703198943765
32.6035936616472,62.898987236925,3.66871346107272
516.777047975343,159.377904185175,4.61775814900776
NA,NA,NA
661.693805450801,335.289122933196,3.41149890313483
455.718904017948,301.582800032336,3.58965326099237
13.6446829582212,493.329951831547,3.61162586081019
562.753735783861,50.9025093670278,4.18003427947905
69.981556539736,371.610302123991,4.10991398257846
228.606787818854,418.175639459332,3.99569415718341
430.389260635659,8.63945086039748,3.21943877855029
364.024968822917,293.467281646818,3.16413883489085
607.327458655999,104.051879094476,4.29228522687125
390.799644941035,232.527473038044,4.1616314115146
570.58590848118,413.015686602439,4.75326785398267
133.905055673728,275.33688584706,4.51087902605563
200.733736832265,369.254732727248,4.09807386388701
126.868134576688,411.580175677184,3.52462886170915
629.122546289482,308.896970998193,4.45764029894161
2.37272454759537,148.572829297913,4.29681926372996
543.316496600739,203.153921029437,4.22857116924005
33.4799765674798,492.910138043037,3.03442904477324
279.491376908573,25.9659505501008,3.80512399815241
534.695731441175,392.193611343543,3.51328388307584
76.3665238879008,67.1873113219738,5.41305243753471
3.20113059766596,78.4611549930032,3.603161718943
585.772624644587,228.529584759697,3.9144643507465
441.207508565383,464.441441805585,4.75212180996595
658.600780522044,374.183158754682,3.15989857316277
106.705117334482,488.256400470142,4.25727582437865
623.366739465422,87.9998395186117,4.08710114476004
421.438806353213,257.758696952125,3.63681985374038
13.1724562389988,183.750105419464,3.23813773413677
80.8116365159325,126.041706542826,4.47482763538652
602.607790493919,198.241083992175,4.75667687250837
251.804836980135,223.636918628635,3.71786872859896
575.605908121421,436.587673799779,3.96659681511054
299.792672876031,138.982019958679,3.87040959906417
525.431832493588,457.9417899606,3.54709773822714
39.9496035244743,427.118612618227,3.44402439005001
199.440087418099,286.203733256428,4.6149751682862
546.138923702855,266.119035472105,3.80979458043961
183.675435979694,15.6328523668527,4.18233697539938
498.667202707645,342.571135044318,4.48703198943765
32.6035936616472,62.898987236925,3.66871346107272
516.777047975343,159.377904185175,4.61775814900776
NA,NA,NA
660.270770165084,334.78062157675,3.58484424072197
456.415342836421,303.392726916396,3.72036983800827
12.0395172138457,495.629148849764,3.63551665474882
564.517302829887,51.1400872498144,4.24154606847754
68.2167892309941,369.801062530426,4.01357301856761
225.612414831953,413.328605961794,3.94570182478599
427.297911666532,10.1799106246025,3.2936245365122
360.382839223353,293.282102723094,3.06469923337681
602.033135389762,102.782177269705,4.10001005307896
390.800374220671,233.778476070581,4.15489363431767
575.395224993852,408.744633327081,4.73952955827444
144.192051952896,282.222369192522,4.62087011630049
196.006430284478,371.690432178462,4.07603790041908
125.636749085662,411.426396056768,3.41429414721676
627.661564326946,310.469110812418,4.56087564298701
-3.28884131045565,151.924317247321,4.31250915598646
545.575508490899,203.456288910804,4.16195540449808
34.1397684465117,492.778183975619,2.93505678748675
281.584340536997,26.2681062824886,3.92003119545611
532.018157656598,391.400328058435,3.22833942968124
77.5364855778362,74.444827381361,5.27877917777965
6.06698522080416,77.0678106142416,3.59518122083012
585.97901725774,222.936849349063,3.93914096607728
437.08163719359,454.04918385647,4.79827840235172
659.524581313999,375.625321272722,3.06779364296864
108.724069063095,488.479155835621,4.41799385031015
621.09854728663,90.6710680590857,4.09133452658613
420.740263594768,258.076198280082,3.64239794653775
10.4281657183765,181.524494273118,3.14195619821578
71.1432145595863,116.834031175155,4.59832218505706
601.778031352418,185.049790698876,4.28539842378054
250.124041329399,219.988461385154,3.76591093735912
572.233804463489,426.861537390848,3.75973894540548
299.20787494719,134.832064428746,3.86081288986139
526.056571225545,454.237451464677,3.61552734605905
49.191924258877,423.445279130368,4.09059386080559
196.195322130693,287.278768556781,4.21990606025748
556.914062392226,264.708066202825,3.90872001063357
161.649920577929,28.4574033115497,4.36882418409301
502.321835436223,338.94866150107,4.48772316809508
32.9820249531932,43.5768172699601,3.73237096538088
537.329057218874,154.429125158128,4.58482121476603
NA,NA,NA
660.270770165084,334.78062157675,3.58484424072197
456.415342836421,303.392726916396,3.72036983800827
12.0395172138457,495.629148849764,3.63551665474882
564.517302829887,51.1400872498144,4.24154606847754
68.2167892309941,369.801062530426,4.01357301856761
225.612414831953,413.328605961794,3.94570182478599
427.297911666532,10.1799106246025,3.2936245365122
360.382839223353,293.282102723094,3.06469923337681
602.033135389762,102.782177269705,4.10001005307896
390.800374220671,233.778476070581,4.15489363431767
575.395224993852,408.744633327081,4.73952955827444
144.192051952896,282.222369192522,4.62087011630049
196.006430284478,371.690432178462,4.07603790041908
125.636749085662,411.426396056768,3.41429414721676
627.661564326946,310.469110812418,4.56087564298701
-3.28884131045565,151.924317247321,4.31250915598646
545.575508490899,203.456288910804,4.16195540449808
34.1397684465117,492.778183975619,2.93505678748675
281.584340536997,26.2681062824886,3.92003119545611
532.018157656598,391.400328058435,3.22833942968124
77.5364855778362,74.444827381361,5.27877917777965
6.06698522080416,77.0678106142416,3.59518122083012
585.97901725774,222.936849349063,3.93914096607728
437.08163719359,454.04918385647,4.79827840235172
659.524581313999,375.625321272722,3.06779364296864
108.724069063095,488.479155835621,4.41799385031015
621.09854728663,90.6710680590857,4.09133452658613
420.740263594768,258.076198280082,3.64239794653775
10.4281657183765,181.524494273118,3.14195619821578
71.1432145595863,116.834031175155,4.59832218505706
601.778031352418,185.049790698876,4.28539842378054
250.124041329399,219.988461385154,3.76591093735912
572.233804463489,426.861537390848,3.75973894540548
299.20787494719,134.832064428746,3.86081288986139
526.056571225545,454.237451464677,3.61552734605905
49.191924258877,423.445279130368,4.09059386080559
196.195322130693,287.278768556781,4.21990606025748
556.914062392226,264.708066202825,3.90872001063357
161.649920577929,28.4574033115497,4.36882418409301
502.321835436223,338.94866150107,4.48772316809508
32.9820249531932,43.5768172699601,3.73237096538088
537.329057218874,154.429125158128,4.58482121476603
NA,NA,NA
660.270770165084,334.78062157675,3.58484424072197
456.415342836421,303.392726916396,3.72036983800827
12.0395172138457,495.629148849764,3.63551665474882
564.517302829887,51.1400872498144,4.24154606847754
68.2167892309941,369.801062530426,4.01357301856761
225.612414831953,413.328605961794,3.94570182478599
427.297911666532,10.1799106246025,3.2936245365122
360.382839223353,293.282102723094,3.06469923337681
602.033135389762,102.782177269705,4.10001005307896
390.800374220671,233.778476070581,4.15489363431767
575.395224993852,408.744633327081,4.73952955827444
144.192051952896,282.222369192522,4.62087011630049
196.006430284478,371.690432178462,4.07603790041908
125.636749085662,411.426396056768,3.41429414721676
627.661564326946,310.469110812418,4.56087564298701
-3.28884131045565,151.924317247321,4.31250915598646
545.575508490899,203.456288910804,4.16195540449808
34.1397684465117,492.778183975619,2.93505678748675
281.584340536997,26.2681062824886,3.92003119545611
532.018157656598,391.400328058435,3.22833942968124
77.5364855778362,74.444827381361,5.27877917777965
6.06698522080416,77.0678106142416,3.59518122083012
585.97901725774,222.936849349063,3.93914096607728
437.08163719359,454.04918385647,4.79827840235172
659.524581313999,375.625321272722,3.06779364296864
108.724069063095,488.479155835621,4.41799385031015
621.09854728663,90.6710680590857,4.09133452658613
420.740263594768,258.076198280082,3.64239794653775
10.4281657183765,181.524494273118,3.14195619821578
71.1432145595863,116.834031175155,4.59832218505706
601.778031352418,185.049790698876,4.28539842378054
250.124041329399,219.988461385154,3.76591093735912
572.233804463489,426.861537390848,3.75973894540548
299.20787494719,134.832064428746,3.86081288986139
526.056571225545,454.237451464677,3.61552734605905
49.191924258877,423.445279130368,4.09059386080559
196.195322130693,287.278768556781,4.21990606025748
556.914062392226,264.708066202825,3.90872001063357
161.649920577929,28.4574033115497,4.36882418409301
502.321835436223,338.94866150107,4.48772316809508
32.9820249531932,43.5768172699601,3.73237096538088
537.329057218874,154.429125158128,4.58482121476603
NA,NA,NA
660.270770165084,334.78062157675,3.58484424072197
456.415342836421,303.392726916396,3.72036983800827
12.0395172138457,495.629148849764,3.63551665474882
564.517302829887,51.1400872498144,4.24154606847754
68.2167892309941,369.801062530426,4.01357301856761
225.612414831953,413.328605961794,3.94570182478599
427.297911666532,10.1799106246025,3.2936245365122
360.382839223353,293.282102723094,3.06469923337681
602.033135389762,102.782177269705,4.10001005307896
390.800374220671,233.778476070581,4.15489363431767
575.395224993852,408.744633327081,4.73952955827444
144.192051952896,282.222369192522,4.62087011630049
196.006430284478,371.690432178462,4.07603790041908
125.636749085662,411.426396056768,3.41429414721676
627.661564326946,310.469110812418,4.56087564298701
-3.28884131045565,151.924317247321,4.31250915598646
545.575508490899,203.456288910804,4.16195540449808
34.1397684465117,492.778183975619,2.93505678748675
281.584340536997,26.2681062824886,3.92003119545611
532.018157656598,391.400328058435,3.22833942968124
77.5364855778362,74.444827381361,5.27877917777965
6.06698522080416,77.0678106142416,3.59518122083012
585.97901725774,222.936849349063,3.93914096607728
437.08163719359,454.04918385647,4.79827840235172
659.524581313999,375.625321272722,3.06779364296864
108.724069063095,488.479155835621,4.41799385031015
621.09854728663,90.6710680590857,4.09133452658613
420.740263594768,258.076198280082,3.64239794653775
10.4281657183765,181.524494273118,3.14195619821578
71.1432145595863,116.834031175155,4.59832218505706
601.778031352418,185.049790698876,4.28539842378054
250.124041329399,219.988461385154,3.76591093735912
572.233804463489,426.861537390848,3.75973894540548
299.20787494719,134.832064428746,3.86081288986139
526.056571225545,454.237451464677,3.61552734605905
49.191924258877,423.445279130368,4.09059386080559
196.195322130693,287.278768556781,4.21990606025748
556.914062392226,264.708066202825,3.90872001063357
161.649920577929,28.4574033115497,4.36882418409301
502.321835436223,338.94866150107,4.48772316809508
32.9820249531932,43.5768172699601,3.73237096538088
537.329057218874,154.429125158128,4.58482121476603
NA,NA,NA
660.270770165084,334.78062157675,3.58484424072197
456.415342836421,303.392726916396,3.72036983800827
12.0395172138457,495.629148849764,3.63551665474882
564.517302829887,51.1400872498144,4.24154606847754
68.2167892309941,369.801062530426,4.01357301856761
225.612414831953,413.328605961794,3.94570182478599
427.297911666532,10.1799106246025,3.2936245365122
360.382839223353,293.282102723094,3.06469923337681
602.033135389762,102.782177269705,4.10001005307896
390.800374220671,233.778476070581,4.15489363431767
575.395224993852,408.744633327081,4.73952955827444
144.192051952896,282.222369192522,4.62087011630049
196.006430284478,371.690432178462,4.07603790041908
125.636749085662,411.426396056768,3.41429414721676
627.661564326946,310.469110812418,4.56087564298701
-3.28884131045565,151.924317247321,4.31250915598646
545.575508490899,203.456288910804,4.16195540449808
34.1397684465117,492.778183975619,2.93505678748675
281.584340536997,26.2681062824886,3.92003119545611
532.018157656598,391.400328058435,3.22833942968124
77.5364855778362,74.444827381361,5.27877917777965
6.06698522080416,77.0678106142416,3.59518122083012
585.97901725774,222.936849349063,3.93914096607728
437.08163719359,454.04918385647,4.79827840235172
659.524581313999,375.625321272722,3.06779364296864
108.724069063095,488.479155835621,4.41799385031015
621.09854728663,90.6710680590857,4.09133452658613
420.740263594768,258.076198280082,3.64239794653775
10.4281657183765,181.524494273118,3.14195619821578
71.1432145595863,116.834031175155,4.59832218505706
601.778031352418,185.049790698876,4.28539842378054
250.124041329399,219.988461385154,3.76591093735912
572.233804463489,426.861537390848,3.75973894540548
299.20787494719,134.832064428746,3.86081288986139
526.056571225545,454.237451464677,3.61552734605905
49.191924258877,423.445279130368,4.09059386080559
196.195322130693,287.278768556781,4.21990606025748
556.914062392226,264.708066202825,3.90872001063357
161.649920577929,28.4574033115497,4.36882418409301
502.321835436223,338.94866150107,4.48772316809508
32.9820249531932,43.5768172699601,3.73237096538088
537.329057218874,154.429125158128,4.58482121476603
NA,NA,NA
660.270770165084,334.78062157675,3.58484424072197
456.415342836421,303.392726916396,3.72036983800827
12.0395172138457,495.629148849764,3.63551665474882
564.517302829887,51.1400872498144,4.24154606847754
68.2167892309941,369.801062530426,4.01357301856761
225.612414831953,413.328605961794,3.94570182478599
427.297911666532,10.1799106246025,3.2936245365122
360.382839223353,293.282102723094,3.06469923337681
602.033135389762,102.782177269705,4.10001005307896
390.800374220671,233.778476070581,4.15489363431767
575.395224993852,408.744633327081,4.73952955827444
144.192051952896,282.222369192522,4.62087011630049
196.006430284478,371.690432178462,4.07603790041908
125.636749085662,411.426396056768,3.41429414721676
627.661564326946,310.469110812418,4.56087564298701
-3.28884131045565,151.924317247321,4.31250915598646
545.575508490899,203.456288910804,4.16195540449808
34.1397684465117,492.778183975619,2.93505678748675
281.584340536997,26.2681062824886,3.92003119545611
532.018157656598,391.400328058435,3.22833942968124
77.5364855778362,74.444827381361,5.27877917777965
6.06698522080416,77.0678106142416,3.59518122083012
585.97901725774,222.936849349063,3.93914096607728
437.08163719359,454.04918385647,4.79827840235172
659.524581313999,375.625321272722,3.06779364296864
108.724069063095,488.479155835621,4.41799385031015
621.09854728663,90.6710680590857,4.09133452658613
420.740263594768,258.076198280082,3.64239794653775
10.4281657183765,181.524494273118,3.14195619821578
71.1432145595863,116.834031175155,4.59832218505706
601.778031352418,185.049790698876,4.28539842378054
250.124041329399,219.988461385154,3.76591093735912
572.233804463489,426.861537390848,3.75973894540548
299.20787494719,134.832064428746,3.86081288986139
526.056571225545,454.237451464677,3.61552734605905
49.191924258877,423.445279130368,4.09059386080559
196.195322130693,287.278768556781,4.21990606025748
556.914062392226,264.708066202825,3.90872001063357
161.649920577929,28.4574033115497,4.36882418409301
502.321835436223,338.94866150107,4.48772316809508
32.9820249531932,43.5768172699601,3.73237096538088
537.329057218874,154.429125158128,4.58482121476603
NA,NA,NA
662.976675705393,336.814732167196,3.55902774911645
456.798802675125,298.853481351548,3.45879659136459
13.1386116340259,494.003119414112,3.69527334503008
561.702566788262,52.4757049598509,4.18837762726724
71.4736196520627,371.846567053674,4.05958530330309
230.802054987365,411.561238498653,3.93322914115723
428.385340739158,14.5988055681229,3.4050950251083
364.343271173024,292.147157540114,3.09151200290708
601.262967485184,102.654832514463,4.2098132556438
391.472618498749,232.845741185294,4.11437166490762
566.023853709831,410.949527803639,4.71819266344048
141.799152956859,278.938056923357,4.53523061123908
199.523924146382,370.045809512616,4.00459840398554
128.612307189218,412.661361004463,3.32968114614913
626.684132786565,317.645292039608,4.51881119082615
0.321128909493173,147.542476826117,4.21828680551187
541.767712268564,207.47994497905,4.15917139407866
33.0814568794683,493.554470795619,2.91403762428766
278.598405609419,22.2054983951906,3.96228328696097
533.173854322922,392.617691081935,3.29618996313327
73.8305101699019,78.6586279415889,5.26650357863515
6.20060131473746,78.0899461084621,3.42890174830851
589.41466348885,221.523389286809,4.05034407929032
444.008202632663,459.389725939188,4.79313368483391
659.78251770782,373.248198210489,2.79759887319634
110.069738673419,490.648292180596,4.31258346382681
625.469419368907,90.0619611327022,4.11505922788816
417.87402093389,256.305217207061,3.5762255265806
9.41558623425623,183.044999710232,3.13075680728752
82.8330174263056,114.716468260478,4.47587005935488
602.803837066774,187.998696842266,4.1299185072619
257.90813165065,224.48937369813,3.71487558331915
569.17366034073,434.814381731162,3.71894278301057
307.020930755097,137.102514145589,3.93237652267295
532.2404357399,443.563585353531,3.53245501479534
48.6773343800127,402.952011309812,3.52934587006332
188.989324776265,287.225649680447,3.91305912679551
553.03913219837,271.180994689797,3.83245433667547
168.739198930238,39.8218358069798,4.02982389400421
512.020046470895,336.252448183758,4.88318531476934
44.2936113252574,45.1110207089202,3.26988735986182
528.531463705542,154.823462874842,4.57290556372207
NA,NA,NA
662.976675705393,336.814732167196,3.55902774911645
456.798802675125,298.853481351548,3.45879659136459
13.1386116340259,494.003119414112,3.69527334503008
561.702566788262,52.4757049598509,4.18837762726724
71.4736196520627,371.846567053674,4.05958530330309
230.802054987365,411.561238498653,3.93322914115723
428.385340739158,14.5988055681229,3.4050950251083
364.343271173024,292.147157540114,3.09151200290708
601.262967485184,102.654832514463,4.2098132556438
391.472618498749,232.845741185294,4.11437166490762
566.023853709831,410.949527803639,4.71819266344048
141.799152956859,278.938056923357,4.53523061123908
199.523924146382,370.045809512616,4.00459840398554
128.612307189218,412.661361004463,3.32968114614913
626.684132786565,317.645292039608,4.51881119082615
0.321128909493173,147.542476826117,4.21828680551187
541.767712268564,207.47994497905,4.15917139407866
33.0814568794683,493.554470795619,2.91403762428766
278.598405609419,22.2054983951906,3.96228328696097
533.173854322922,392.617691081935,3.29618996313327
73.8305101699019,78.6586279415889,5.26650357863515
6.20060131473746,78.0899461084621,3.42890174830851
589.41466348885,221.523389286809,4.05034407929032
444.008202632663,459.389725939188,4.79313368483391
659.78251770782,373.248198210489,2.79759887319634
110.069738673419,490.648292180596,4.31258346382681
625.469419368907,90.0619611327022,4.11505922788816
417.87402093389,256.305217207061,3.5762255265806
9.41558623425623,183.044999710232,3.13075680728752
82.8330174263056,114.716468260478,4.47587005935488
602.803837066774,187.998696842266,4.1299185072619
257.90813165065,224.48937369813,3.71487558331915
569.17366034073,434.814381731162,3.71894278301057
307.020930755097,137.102514145589,3.93237652267295
532.2404357399,443.563585353531,3.53245501479534
48.6773343800127,402.952011309812,3.52934587006332
188.989324776265,287.225649680447,3.91305912679551
553.03913219837,271.180994689797,3.83245433667547
168.739198930238,39.8218358069798,4.02982389400421
512.020046470895,336.252448183758,4.88318531476934
44.2936113252574,45.1110207089202,3.26988735986182
528.531463705542,154.823462874842,4.57290556372207
NA,NA,NA
662.976675705393,336.814732167196,3.55902774911645
456.798802675125,298.853481351548,3.45879659136459
13.1386116340259,494.003119414112,3.69527334503008
561.702566788262,52.4757049598509,4.18837762726724
71.4736196520627,371.846567053674,4.05958530330309
230.802054987365,411.561238498653,3.93322914115723
428.385340739158,14.5988055681229,3.4050950251083
364.343271173024,292.147157540114,3.09151200290708
601.262967485184,102.654832514463,4.2098132556438
391.472618498749,232.845741185294,4.11437166490762
566.023853709831,410.949527803639,4.71819266344048
141.799152956859,278.938056923357,4.53523061123908
199.523924146382,370.045809512616,4.00459840398554
128.612307189218,412.661361004463,3.32968114614913
626.684132786565,317.645292039608,4.51881119082615
0.321128909493173,147.542476826117,4.21828680551187
541.767712268564,207.47994497905,4.15917139407866
33.0814568794683,493.554470795619,2.91403762428766
278.598405609419,22.2054983951906,3.96228328696097
533.173854322922,392.617691081935,3.29618996313327
73.8305101699019,78.6586279415889,5.26650357863515
6.20060131473746,78.0899461084621,3.42890174830851
589.41466348885,221.523389286809,4.05034407929032
444.008202632663,459.389725939188,4.79313368483391
659.78251770782,373.248198210489,2.79759887319634
110.069738673419,490.648292180596,4.31258346382681
625.469419368907,90.0619611327022,4.11505922788816
417.87402093389,256.305217207061,3.5762255265806
9.41558623425623,183.044999710232,3.13075680728752
82.8330174263056,114.716468260478,4.47587005935488
602.803837066774,187.998696842266,4.1299185072619
257.90813165065,224.48937369813,3.71487558331915
569.17366034073,434.814381731162,3.71894278301057
307.020930755097,137.102514145589,3.93237652267295
532.2404357399,443.563585353531,3.53245501479534
48.6773343800127,402.952011309812,3.52934587006332
188.989324776265,287.225649680447,3.91305912679551
553.03913219837,271.180994689797,3.83245433667547
168.739198930238,39.8218358069798,4.02982389400421
512.020046470895,336.252448183758,4.88318531476934
44.2936113252574,45.1110207089202,3.26988735986182
528.531463705542,154.823462874842,4.57290556372207
NA,NA,NA
662.976675705393,336.814732167196,3.55902774911645
456.798802675125,298.853481351548,3.45879659136459
13.1386116340259,494.003119414112,3.69527334503008
561.702566788262,52.4757049598509,4.18837762726724
71.4736196520627,371.846567053674,4.05958530330309
230.802054987365,411.561238498653,3.93322914115723
428.385340739158,14.5988055681229,3.4050950251083
364.343271173024,292.147157540114,3.09151200290708
601.262967485184,102.654832514463,4.2098132556438
391.472618498749,232.845741185294,4.11437166490762
566.023853709831,410.949527803639,4.71819266344048
141.799152956859,278.938056923357,4.53523061123908
199.523924146382,370.045809512616,4.00459840398554
128.612307189218,412.661361004463,3.32968114614913
626.684132786565,317.645292039608,4.51881119082615
0.321128909493173,147.542476826117,4.21828680551187
541.767712268564,207.47994497905,4.15917139407866
33.0814568794683,493.554470795619,2.91403762428766
278.598405609419,22.2054983951906,3.96228328696097
533.173854322922,392.617691081935,3.29618996313327
73.8305101699019,78.6586279415889,5.26650357863515
6.20060131473746,78.0899461084621,3.42890174830851
589.41466348885,221.523389286809,4.05034407929032
444.008202632663,459.389725939188,4.79313368483391
659.78251770782,373.248198210489,2.79759887319634
110.069738673419,490.648292180596,4.31258346382681
625.469419368907,90.0619611327022,4.11505922788816
417.87402093389,256.305217207061,3.5762255265806
9.41558623425623,183.044999710232,3.13075680728752
82.8330174263056,114.716468260478,4.47587005935488
602.803837066774,187.998696842266,4.1299185072619
257.90813165065,224.48937369813,3.71487558331915
569.17366034073,434.814381731162,3.71894278301057
307.020930755097,137.102514145589,3.93237652267295
532.2404357399,443.563585353531,3.53245501479534
48.6773343800127,402.952011309812,3.52934587006332
188.989324776265,287.225649680447,3.91305912679551
553.03913219837,271.180994689797,3.83245433667547
168.739198930238,39.8218358069798,4.02982389400421
512.020046470895,336.252448183758,4.88318531476934
44.2936113252574,45.1110207089202,3.26988735986182
528.531463705542,154.823462874842,4.57290556372207
NA,NA,NA
662.976675705393,336.814732167196,3.55902774911645
456.798802675125,298.853481351548,3.45879659136459
13.1386116340259,494.003119414112,3.69527334503008
561.702566788262,52.4757049598509,4.18837762726724
71.4736196520627,371.846567053674,4.05958530330309
230.802054987365,411.561238498653,3.93322914115723
428.385340739158,14.5988055681229,3.4050950251083
364.343271173024,292.147157540114,3.09151200290708
601.262967485184,102.654832514463,4.2098132556438
391.472618498749,232.845741185294,4.11437166490762
566.023853709831,410.949527803639,4.71819266344048
141.799152956859,278.938056923357,4.53523061123908
199.523924146382,370.045809512616,4.00459840398554
128.612307189218,412.661361004463,3.32968114614913
626.684132786565,317.645292039608,4.51881119082615
0.321128909493173,147.542476826117,4.21828680551187
541.767712268564,207.47994497905,4.15917139407866
33.0814568794683,493.554470795619,2.91403762428766
278.598405609419,22.2054983951906,3.96228328696097
533.173854322922,392.617691081935,3.29618996313327
73.8305101699019,78.6586279415889,5.26650357863515
6.20060131473746,78.0899461084621,3.42890174830851
589.41466348885,221.523389286809,4.05034407929032
444.008202632663,459.389725939188,4.79313368483391
659.78251770782,373.248198210489,2.79759887319634
110.069738673419,490.648292180596,4.31258346382681
625.469419368907,90.0619611327022,4.11505922788816
417.87402093389,256.305217207061,3.5762255265806
9.41558623425623,183.044999710232,3.13075680728752
82.8330174263056,114.716468260478,4.47587005935488
602.803837066774,187.998696842266,4.1299185072619
257.90813165065,224.48937369813,3.71487558331915
569.17366034073,434.814381731162,3.71894278301057
307.020930755097,137.102514145589,3.93237652267295
532.2404357399,443.563585353531,3.53245501479534
48.6773343800127,402.952011309812,3.52934587006332
188.989324776265,287.225649680447,3.91305912679551
553.03913219837,271.180994689797,3.83245433667547
168.739198930238,39.8218358069798,4.02982389400421
512.020046470895,336.252448183758,4.88318531476934
44.2936113252574,45.1110207089202,3.26988735986182
528.531463705542,154.823462874842,4.57290556372207
NA,NA,NA
662.976675705393,336.814732167196,3.55902774911645
456.798802675125,298.853481351548,3.45879659136459
13.1386116340259,494.003119414112,3.69527334503008
561.702566788262,52.4757049598509,4.18837762726724
71.4736196520627,371.846567053674,4.05958530330309
230.802054987365,411.561238498653,3.93322914115723
428.385340739158,14.5988055681229,3.4050950251083
364.343271173024,292.147157540114,3.09151200290708
601.262967485184,102.654832514463,4.2098132556438
391.472618498749,232.845741185294,4.11437166490762
566.023853709831,410.949527803639,4.71819266344048
141.799152956859,278.938056923357,4.53523061123908
199.523924146382,370.045809512616,4.00459840398554
128.612307189218,412.661361004463,3.32968114614913
626.684132786565,317.645292039608,4.51881119082615
0.321128909493173,147.542476826117,4.21828680551187
541.767712268564,207.47994497905,4.15917139407866
33.0814568794683,493.554470795619,2.91403762428766
278.598405609419,22.2054983951906,3.96228328696097
533.173854322922,392.617691081935,3.29618996313327
73.8305101699019,78.6586279415889,5.26650357863515
6.20060131473746,78.0899461084621,3.42890174830851
589.41466348885,221.523389286809,4.05034407929032
444.008202632663,459.389725939188,4.79313368483391
659.78251770782,373.248198210489,2.79759887319634
110.069738673419,490.648292180596,4.31258346382681
625.469419368907,90.0619611327022,4.11505922788816
417.87402093389,256.305217207061,3.5762255265806
9.41558623425623,183.044999710232,3.13075680728752
82.8330174263056,114.716468260478,4.47587005935488
602.803837066774,187.998696842266,4.1299185072619
257.90813165065,224.48937369813,3.71487558331915
569.17366034073,434.814381731162,3.71894278301057
307.020930755097,137.102514145589,3.93237652267295
532.2404357399,443.563585353531,3.53245501479534
48.6773343800127,402.952011309812,3.52934587006332
188.989324776265,287.225649680447,3.91305912679551
553.03913219837,271.180994689797,3.83245433667547
168.739198930238,39.8218358069798,4.02982389400421
512.020046470895,336.252448183758,4.88318531476934
44.2936113252574,45.1110207089202,3.26988735986182
528.531463705542,154.823462874842,4.57290556372207
NA,NA,NA
663.367169277642,336.791772304012,3.49735082246942
452.69588030456,301.375414549455,3.52551057535815
9.57021338764135,491.98369523108,3.67309544566192
557.980421079743,53.9712062001846,4.21497806750926
70.4802159243413,376.910052497037,3.97062033320319
229.693523319162,411.612939059038,3.90382442838295
427.074854857872,10.7094965389546,3.37315937748486
363.437932087806,293.541287961592,3.00985448614811
604.635382857856,101.920039989912,4.15267671271616
388.819787128096,231.010235250093,4.14997385569294
570.716065694901,412.880189623519,4.70337364045385
142.070305790321,283.083211978339,4.49920650974309
196.27624412597,371.695380481487,4.14111580600299
125.777635860334,411.443844964041,3.5529297806231
624.547651810196,308.153007939887,4.4239965078129
4.68585574319641,150.61842486604,4.26231681183566
543.764008429263,208.442400215416,4.20152399891248
33.9779938163188,491.633239584621,3.1139390739963
285.690439806925,31.5372141666218,3.95797593080357
532.515901432274,390.955092269435,3.36286242085534
73.0445589944975,68.4565521712749,5.25510716215378
9.40373479779826,72.7273066489834,3.53145150002459
588.278904521252,224.714894836533,3.9940463395434
432.986345782845,460.22903205846,4.77758598465222
659.834011614102,374.750436291118,2.89321954806697
105.047537337204,487.901829226496,4.32035278336752
622.653186071518,91.2101673765719,4.09095153443147
419.455044803534,260.930813660559,3.55824996764396
10.9945974267343,183.439677313189,3.28587747926069
70.8999637579647,107.554927440217,4.48844636272207
607.387819425236,200.895871073152,4.46707755877323
241.536140411781,210.018418359705,4.02288828121088
566.262377293185,426.286755084383,3.66791767367719
299.399065738586,137.336308094496,3.83180875014497
534.984497368316,446.537035014361,3.60439606119152
54.5817198439106,423.410654013365,3.99859479597109
202.125545208678,278.765265447993,4.45798229226142
552.435695076929,256.065295287117,3.66529441277132
175.261122588546,17.3747116479989,4.23127001672999
510.670765020791,351.413477608348,4.48667940571333
41.3453243682445,60.5982920876202,3.70029524560276
529.552597909571,138.517683680973,4.79981198253567
NA,NA,NA
663.367169277642,336.791772304012,3.49735082246942
452.69588030456,301.375414549455,3.52551057535815
9.57021338764135,491.98369523108,3.67309544566192
557.980421079743,53.9712062001846,4.21497806750926
70.4802159243413,376.910052497037,3.97062033320319
229.693523319162,411.612939059038,3.90382442838295
427.074854857872,10.7094965389546,3.37315937748486
363.437932087806,293.541287961592,3.00985448614811
604.635382857856,101.920039989912,4.15267671271616
388.819787128096,231.010235250093,4.14997385569294
570.716065694901,412.880189623519,4.70337364045385
142.070305790321,283.083211978339,4.49920650974309
196.27624412597,371.695380481487,4.14111580600299
125.777635860334,411.443844964041,3.5529297806231
624.547651810196,308.153007939887,4.4239965078129
4.68585574319641,150.61842486604,4.26231681183566
543.764008429263,208.442400215416,4.20152399891248
33.9779938163188,491.633239584621,3.1139390739963
285.690439806925,31.5372141666218,3.95797593080357
532.515901432274,390.955092269435,3.36286242085534
73.0445589944975,68.4565521712749,5.25510716215378
9.40373479779826,72.7273066489834,3.53145150002459
588.278904521252,224.714894836533,3.9940463395434
432.986345782845,460.22903205846,4.77758598465222
659.834011614102,374.750436291118,2.89321954806697
105.047537337204,487.901829226496,4.32035278336752
622.653186071518,91.2101673765719,4.09095153443147
419.455044803534,260.930813660559,3.55824996764396
10.9945974267343,183.439677313189,3.28587747926069
70.8999637579647,107.554927440217,4.48844636272207
607.387819425236,200.895871073152,4.46707755877323
241.536140411781,210.018418359705,4.02288828121088
566.262377293185,426.286755084383,3.66791767367719
299.399065738586,137.336308094496,3.83180875014497
534.984497368316,446.537035014361,3.60439606119152
54.5817198439106,423.410654013365,3.99859479597109
202.125545208678,278.765265447993,4.45798229226142
552.435695076929,256.065295287117,3.66529441277132
175.261122588546,17.3747116479989,4.23127001672999
510.670765020791,351.413477608348,4.48667940571333
41.3453243682445,60.5982920876202,3.70029524560276
529.552597909571,138.517683680973,4.79981198253567
NA,NA,NA
663.367169277642,336.791772304012,3.49735082246942
452.69588030456,301.375414549455,3.52551057535815
9.57021338764135,491.98369523108,3.67309544566192
557.980421079743,53.9712062001846,4.21497806750926
70.4802159243413,376.910052497037,3.97062033320319
229.693523319162,411.612939059038,3.90382442838295
427.074854857872,10.7094965389546,3.37315937748486
363.437932087806,293.541287961592,3.00985448614811
604.635382857856,101.920039989912,4.15267671271616
388.819787128096,231.010235250093,4.14997385569294
570.716065694901,412.880189623519,4.70337364045385
142.070305790321,283.083211978339,4.49920650974309
196.27624412597,371.695380481487,4.14111580600299
125.777635860334,411.443844964041,3.5529297806231
624.547651810196,308.153007939887,4.4239965078129
4.68585574319641,150.61842486604,4.26231681183566
543.764008429263,208.442400215416,4.20152399891248
33.9779938163188,491.633239584621,3.1139390739963
285.690439806925,31.5372141666218,3.95797593080357
532.515901432274,390.955092269435,3.36286242085534
73.0445589944975,68.4565521712749,5.25510716215378
9.40373479779826,72.7273066489834,3.53145150002459
588.278904521252,224.714894836533,3.9940463395434
432.986345782845,460.22903205846,4.77758598465222
659.834011614102,374.750436291118,2.89321954806697
105.047537337204,487.901829226496,4.32035278336752
622.653186071518,91.2101673765719,4.09095153443147
419.455044803534,260.930813660559,3.55824996764396
10.9945974267343,183.439677313189,3.28587747926069
70.8999637579647,107.554927440217,4.48844636272207
607.387819425236,200.895871073152,4.46707755877323
241.536140411781,210.018418359705,4.02288828121088
566.262377293185,426.286755084383,3.66791767367719
299.399065738586,137.336308094496,3.83180875014497
534.984497368316,446.537035014361,3.60439606119152
54.5817198439106,423.410654013365,3.99859479597109
202.125545208678,278.765265447993,4.45798229226142
552.435695076929,256.065295287117,3.66529441277132
175.261122588546,17.3747116479989,4.23127001672999
510.670765020791,351.413477608348,4.48667940571333
41.3453243682445,60.5982920876202,3.70029524560276
529.552597909571,138.517683680973,4.79981198253567
NA,NA,NA
663.367169277642,336.791772304012,3.49735082246942
452.69588030456,301.375414549455,3.52551057535815
9.57021338764135,491.98369523108,3.67309544566192
557.980421079743,53.9712062001846,4.21497806750926
70.4802159243413,376.910052497037,3.97062033320319
229.693523319162,411.612939059038,3.90382442838295
427.074854857872,10.7094965389546,3.37315937748486
363.437932087806,293.541287961592,3.00985448614811
604.635382857856,101.920039989912,4.15267671271616
388.819787128096,231.010235250093,4.14997385569294
570.716065694901,412.880189623519,4.70337364045385
142.070305790321,283.083211978339,4.49920650974309
196.27624412597,371.695380481487,4.14111580600299
125.777635860334,411.443844964041,3.5529297806231
624.547651810196,308.153007939887,4.4239965078129
4.68585574319641,150.61842486604,4.26231681183566
543.764008429263,208.442400215416,4.20152399891248
33.9779938163188,491.633239584621,3.1139390739963
285.690439806925,31.5372141666218,3.95797593080357
532.515901432274,390.955092269435,3.36286242085534
73.0445589944975,68.4565521712749,5.25510716215378
9.40373479779826,72.7273066489834,3.53145150002459
588.278904521252,224.714894836533,3.9940463395434
432.986345782845,460.22903205846,4.77758598465222
659.834011614102,374.750436291118,2.89321954806697
105.047537337204,487.901829226496,4.32035278336752
622.653186071518,91.2101673765719,4.09095153443147
419.455044803534,260.930813660559,3.55824996764396
10.9945974267343,183.439677313189,3.28587747926069
70.8999637579647,107.554927440217,4.48844636272207
607.387819425236,200.895871073152,4.46707755877323
241.536140411781,210.018418359705,4.02288828121088
566.262377293185,426.286755084383,3.66791767367719
299.399065738586,137.336308094496,3.83180875014497
534.984497368316,446.537035014361,3.60439606119152
54.5817198439106,423.410654013365,3.99859479597109
202.125545208678,278.765265447993,4.45798229226142
552.435695076929,256.065295287117,3.66529441277132
175.261122588546,17.3747116479989,4.23127001672999
510.670765020791,351.413477608348,4.48667940571333
41.3453243682445,60.5982920876202,3.70029524560276
529.552597909571,138.517683680973,4.79981198253567
NA,NA,NA
663.367169277642,336.791772304012,3.49735082246942
452.69588030456,301.375414549455,3.52551057535815
9.57021338764135,491.98369523108,3.67309544566192
557.980421079743,53.9712062001846,4.21497806750926
70.4802159243413,376.910052497037,3.97062033320319
229.693523319162,411.612939059038,3.90382442838295
427.074854857872,10.7094965389546,3.37315937748486
363.437932087806,293.541287961592,3.00985448614811
604.635382857856,101.920039989912,4.15267671271616
388.819787128096,231.010235250093,4.14997385569294
570.716065694901,412.880189623519,4.70337364045385
142.070305790321,283.083211978339,4.49920650974309
196.27624412597,371.695380481487,4.14111580600299
125.777635860334,411.443844964041,3.5529297806231
624.547651810196,308.153007939887,4.4239965078129
4.68585574319641,150.61842486604,4.26231681183566
543.764008429263,208.442400215416,4.20152399891248
33.9779938163188,491.633239584621,3.1139390739963
285.690439806925,31.5372141666218,3.95797593080357
532.515901432274,390.955092269435,3.36286242085534
73.0445589944975,68.4565521712749,5.25510716215378
9.40373479779826,72.7273066489834,3.53145150002459
588.278904521252,224.714894836533,3.9940463395434
432.986345782845,460.22903205846,4.77758598465222
659.834011614102,374.750436291118,2.89321954806697
105.047537337204,487.901829226496,4.32035278336752
622.653186071518,91.2101673765719,4.09095153443147
419.455044803534,260.930813660559,3.55824996764396
10.9945974267343,183.439677313189,3.28587747926069
70.8999637579647,107.554927440217,4.48844636272207
607.387819425236,200.895871073152,4.46707755877323
241.536140411781,210.018418359705,4.02288828121088
566.262377293185,426.286755084383,3.66791767367719
299.399065738586,137.336308094496,3.83180875014497
534.984497368316,446.537035014361,3.60439606119152
54.5817198439106,423.410654013365,3.99859479597109
202.125545208678,278.765265447993,4.45798229226142
552.435695076929,256.065295287117,3.66529441277132
175.261122588546,17.3747116479989,4.23127001672999
510.670765020791,351.413477608348,4.48667940571333
41.3453243682445,60.5982920876202,3.70029524560276
529.552597909571,138.517683680973,4.79981198253567
NA,NA,NA
663.367169277642,336.791772304012,3.49735082246942
452.69588030456,301.375414549455,3.52551057535815
9.57021338764135,491.98369523108,3.67309544566192
557.980421079743,53.9712062001846,4.21497806750926
70.4802159243413,376.910052497037,3.97062033320319
229.693523319162,411.612939059038,3.90382442838295
427.074854857872,10.7094965389546,3.37315937748486
363.437932087806,293.541287961592,3.00985448614811
604.635382857856,101.920039989912,4.15267671271616
388.819787128096,231.010235250093,4.14997385569294
570.716065694901,412.880189623519,4.70337364045385
142.070305790321,283.083211978339,4.49920650974309
196.27624412597,371.695380481487,4.14111580600299
125.777635860334,411.443844964041,3.5529297806231
624.547651810196,308.153007939887,4.4239965078129
4.68585574319641,150.61842486604,4.26231681183566
543.764008429263,208.442400215416,4.20152399891248
33.9779938163188,491.633239584621,3.1139390739963
285.690439806925,31.5372141666218,3.95797593080357
532.515901432274,390.955092269435,3.36286242085534
73.0445589944975,68.4565521712749,5.25510716215378
9.40373479779826,72.7273066489834,3.53145150002459
588.278904521252,224.714894836533,3.9940463395434
432.986345782845,460.22903205846,4.77758598465222
659.834011614102,374.750436291118,2.89321954806697
105.047537337204,487.901829226496,4.32035278336752
622.653186071518,91.2101673765719,4.09095153443147
419.455044803534,260.930813660559,3.55824996764396
10.9945974267343,183.439677313189,3.28587747926069
70.8999637579647,107.554927440217,4.48844636272207
607.387819425236,200.895871073152,4.46707755877323
241.536140411781,210.018418359705,4.02288828121088
566.262377293185,426.286755084383,3.66791767367719
299.399065738586,137.336308094496,3.83180875014497
534.984497368316,446.537035014361,3.60439606119152
54.5817198439106,423.410654013365,3.99859479597109
202.125545208678,278.765265447993,4.45798229226142
552.435695076929,256.065295287117,3.66529441277132
175.261122588546,17.3747116479989,4.23127001672999
510.670765020791,351.413477608348,4.48667940571333
41.3453243682445,60.5982920876202,3.70029524560276
529.552597909571,138.517683680973,4.79981198253567
NA,NA,NA
659.52611749723,333.240531534306,3.50619543051023
455.872630126778,300.458503597462,3.7169898430046
12.5434165050896,495.054696681166,3.64613833746903
557.374202989839,53.2582191263467,4.17931357330704
74.0181654797858,375.771079060546,3.96953586244891
229.351121251138,417.834561575824,3.85487214020442
427.355840088624,12.5107510605252,3.21149137124768
362.076108624494,294.516626657339,2.98573537284699
598.545550525342,105.465175040873,4.12229828485518
394.466491929171,226.520915756823,4.19819940057801
562.059023993189,414.015709680491,4.69346146475179
136.176007810188,283.435309877955,4.47507215296597
205.426260276282,370.982406658749,3.95517826066934
124.564577453134,411.56963948243,3.53549229566157
633.301868775417,315.776172458307,4.49103523357561
6.4038325167921,148.31048064933,4.21893461356161
543.459410299096,204.132476065526,4.15931667507234
34.6533424151394,490.815219740424,2.98727722727033
276.119409518353,23.9683328287166,3.84343639670377
532.168895973819,392.451015032746,3.41546569979755
70.1961723741501,79.0880803776161,5.30852814760666
3.98941988128336,79.988066977169,3.5750636563751
586.877399041346,228.87967554814,4.08788077196084
442.706414536554,456.277411851908,4.7163315671269
660.44277069228,374.330440033327,3.01035615169388
104.26576621477,491.643837822399,4.40789237949561
621.822917296285,94.1521116065182,4.06144663636422
418.903419262244,256.007691827029,3.58090857628977
11.3783210212154,182.822381335037,3.16838935598028
73.0950937357417,138.977151993781,4.38479463568318
608.887993232254,210.835283034008,4.42219308885219
249.618767404608,224.835506735695,3.98784581380106
575.218354266924,435.102066540418,3.76491110117786
296.470950621379,134.721595800615,3.77788839502741
536.191957427191,455.489700023128,3.49273043958377
42.327190594713,409.054909507214,3.59663886990863
200.670787709737,289.569158068858,3.99078287148674
552.008236270997,263.286221474106,3.67547923645551
176.198294530088,36.1339901661872,4.39861537625812
503.697756583812,347.827017528744,4.54358941397891
37.0323656375891,46.4936411558149,3.20355042418794
520.746022024702,152.453800692585,4.57736704564971
NA,NA,NA
659.52611749723,333.240531534306,3.50619543051023
455.872630126778,300.458503597462,3.7169898430046
12.5434165050896,495.054696681166,3.64613833746903
557.374202989839,53.2582191263467,4.17931357330704
74.0181654797858,375.771079060546,3.96953586244891
229.351121251138,417.834561575824,3.85487214020442
427.355840088624,12.5107510605252,3.21149137124768
362.076108624494,294.516626657339,2.98573537284699
598.545550525342,105.465175040873,4.12229828485518
394.466491929171,226.520915756823,4.19819940057801
562.059023993189,414.015709680491,4.69346146475179
136.176007810188,283.435309877955,4.47507215296597
205.426260276282,370.982406658749,3.95517826066934
124.564577453134,411.56963948243,3.53549229566157
633.301868775417,315.776172458307,4.49103523357561
6.4038325167921,148.31048064933,4.21893461356161
543.459410299096,204.132476065526,4.15931667507234
34.6533424151394,490.815219740424,2.98727722727033
276.119409518353,23.9683328287166,3.84343639670377
532.168895973819,392.451015032746,3.41546569979755
70.1961723741501,79.0880803776161,5.30852814760666
3.98941988128336,79.988066977169,3.5750636563751
586.877399041346,228.87967554814,4.08788077196084
442.706414536554,456.277411851908,4.7163315671269
660.44277069228,374.330440033327,3.01035615169388
104.26576621477,491.643837822399,4.40789237949561
621.822917296285,94.1521116065182,4.06144663636422
418.903419262244,256.007691827029,3.58090857628977
11.3783210212154,182.822381335037,3.16838935598028
73.0950937357417,138.977151993781,4.38479463568318
608.887993232254,210.835283034008,4.42219308885219
249.618767404608,224.835506735695,3.98784581380106
575.218354266924,435.102066540418,3.76491110117786
296.470950621379,134.721595800615,3.77788839502741
536.191957427191,455.489700023128,3.49273043958377
42.327190594713,409.054909507214,3.59663886990863
200.670787709737,289.569158068858,3.99078287148674
552.008236270997,263.286221474106,3.67547923645551
176.198294530088,36.1339901661872,4.39861537625812
503.697756583812,347.827017528744,4.54358941397891
37.0323656375891,46.4936411558149,3.20355042418794
520.746022024702,152.453800692585,4.57736704564971
NA,NA,NA
659.52611749723,333.240531534306,3.50619543051023
455.872630126778,300.458503597462,3.7169898430046
12.5434165050896,495.054696681166,3.64613833746903
557.374202989839,53.2582191263467,4.17931357330704
74.0181654797858,375.771079060546,3.96953586244891
229.351121251138,417.834561575824,3.85487214020442
427.355840088624,12.5107510605252,3.21149137124768
362.076108624494,294.516626657339,2.98573537284699
598.545550525342,105.465175040873,4.12229828485518
394.466491929171,226.520915756823,4.19819940057801
562.059023993189,414.015709680491,4.69346146475179
136.176007810188,283.435309877955,4.47507215296597
205.426260276282,370.982406658749,3.95517826066934
124.564577453134,411.56963948243,3.53549229566157
633.301868775417,315.776172458307,4.49103523357561
6.4038325167921,148.31048064933,4.21893461356161
543.459410299096,204.132476065526,4.15931667507234
34.6533424151394,490.815219740424,2.98727722727033
276.119409518353,23.9683328287166,3.84343639670377
532.168895973819,392.451015032746,3.41546569979755
70.1961723741501,79.0880803776161,5.30852814760666
3.98941988128336,79.988066977169,3.5750636563751
586.877399041346,228.87967554814,4.08788077196084
442.706414536554,456.277411851908,4.7163315671269
660.44277069228,374.330440033327,3.01035615169388
104.26576621477,491.643837822399,4.40789237949561
621.822917296285,94.1521116065182,4.06144663636422
418.903419262244,256.007691827029,3.58090857628977
11.3783210212154,182.822381335037,3.16838935598028
73.0950937357417,138.977151993781,4.38479463568318
608.887993232254,210.835283034008,4.42219308885219
249.618767404608,224.835506735695,3.98784581380106
575.218354266924,435.102066540418,3.76491110117786
296.470950621379,134.721595800615,3.77788839502741
536.191957427191,455.489700023128,3.49273043958377
42.327190594713,409.054909507214,3.59663886990863
200.670787709737,289.569158068858,3.99078287148674
552.008236270997,263.286221474106,3.67547923645551
176.198294530088,36.1339901661872,4.39861537625812
503.697756583812,347.827017528744,4.54358941397891
37.0323656375891,46.4936411558149,3.20355042418794
520.746022024702,152.453800692585,4.57736704564971
NA,NA,NA
659.52611749723,333.240531534306,3.50619543051023
455.872630126778,300.458503597462,3.7169898430046
12.5434165050896,495.054696681166,3.64613833746903
557.374202989839,53.2582191263467,4.17931357330704
74.0181654797858,375.771079060546,3.96953586244891
229.351121251138,417.834561575824,3.85487214020442
427.355840088624,12.5107510605252,3.21149137124768
362.076108624494,294.516626657339,2.98573537284699
598.545550525342,105.465175040873,4.12229828485518
394.466491929171,226.520915756823,4.19819940057801
562.059023993189,414.015709680491,4.69346146475179
136.176007810188,283.435309877955,4.47507215296597
205.426260276282,370.982406658749,3.95517826066934
124.564577453134,411.56963948243,3.53549229566157
633.301868775417,315.776172458307,4.49103523357561
6.4038325167921,148.31048064933,4.21893461356161
543.459410299096,204.132476065526,4.15931667507234
34.6533424151394,490.815219740424,2.98727722727033
276.119409518353,23.9683328287166,3.84343639670377
532.168895973819,392.451015032746,3.41546569979755
70.1961723741501,79.0880803776161,5.30852814760666
3.98941988128336,79.988066977169,3.5750636563751
586.877399041346,228.87967554814,4.08788077196084
442.706414536554,456.277411851908,4.7163315671269
660.44277069228,374.330440033327,3.01035615169388
104.26576621477,491.643837822399,4.40789237949561
621.822917296285,94.1521116065182,4.06144663636422
418.903419262244,256.007691827029,3.58090857628977
11.3783210212154,182.822381335037,3.16838935598028
73.0950937357417,138.977151993781,4.38479463568318
608.887993232254,210.835283034008,4.42219308885219
249.618767404608,224.835506735695,3.98784581380106
575.218354266924,435.102066540418,3.76491110117786
296.470950621379,134.721595800615,3.77788839502741
536.191957427191,455.489700023128,3.49273043958377
42.327190594713,409.054909507214,3.59663886990863
200.670787709737,289.569158068858,3.99078287148674
552.008236270997,263.286221474106,3.67547923645551
176.198294530088,36.1339901661872,4.39861537625812
503.697756583812,347.827017528744,4.54358941397891
37.0323656375891,46.4936411558149,3.20355042418794
520.746022024702,152.453800692585,4.57736704564971
NA,NA,NA
659.52611749723,333.240531534306,3.50619543051023
455.872630126778,300.458503597462,3.7169898430046
12.5434165050896,495.054696681166,3.64613833746903
557.374202989839,53.2582191263467,4.17931357330704
74.0181654797858,375.771079060546,3.96953586244891
229.351121251138,417.834561575824,3.85487214020442
427.355840088624,12.5107510605252,3.21149137124768
362.076108624494,294.516626657339,2.98573537284699
598.545550525342,105.465175040873,4.12229828485518
394.466491929171,226.520915756823,4.19819940057801
562.059023993189,414.015709680491,4.69346146475179
136.176007810188,283.435309877955,4.47507215296597
205.426260276282,370.982406658749,3.95517826066934
124.564577453134,411.56963948243,3.53549229566157
633.301868775417,315.776172458307,4.49103523357561
6.4038325167921,148.31048064933,4.21893461356161
543.459410299096,204.132476065526,4.15931667507234
34.6533424151394,490.815219740424,2.98727722727033
276.119409518353,23.9683328287166,3.84343639670377
532.168895973819,392.451015032746,3.41546569979755
70.1961723741501,79.0880803776161,5.30852814760666
3.98941988128336,79.988066977169,3.5750636563751
586.877399041346,228.87967554814,4.08788077196084
442.706414536554,456.277411851908,4.7163315671269
660.44277069228,374.330440033327,3.01035615169388
104.26576621477,491.643837822399,4.40789237949561
621.822917296285,94.1521116065182,4.06144663636422
418.903419262244,256.007691827029,3.58090857628977
11.3783210212154,182.822381335037,3.16838935598028
73.0950937357417,138.977151993781,4.38479463568318
608.887993232254,210.835283034008,4.42219308885219
249.618767404608,224.835506735695,3.98784581380106
575.218354266924,435.102066540418,3.76491110117786
296.470950621379,134.721595800615,3.77788839502741
536.191957427191,455.489700023128,3.49273043958377
42.327190594713,409.054909507214,3.59663886990863
200.670787709737,289.569158068858,3.99078287148674
552.008236270997,263.286221474106,3.67547923645551
176.198294530088,36.1339901661872,4.39861537625812
503.697756583812,347.827017528744,4.54358941397891
37.0323656375891,46.4936411558149,3.20355042418794
520.746022024702,152.453800692585,4.57736704564971
NA,NA,NA
659.52611749723,333.240531534306,3.50619543051023
455.872630126778,300.458503597462,3.7169898430046
12.5434165050896,495.054696681166,3.64613833746903
557.374202989839,53.2582191263467,4.17931357330704
74.0181654797858,375.771079060546,3.96953586244891
229.351121251138,417.834561575824,3.85487214020442
427.355840088624,12.5107510605252,3.21149137124768
362.076108624494,294.516626657339,2.98573537284699
598.545550525342,105.465175040873,4.12229828485518
394.466491929171,226.520915756823,4.19819940057801
562.059023993189,414.015709680491,4.69346146475179
136.176007810188,283.435309877955,4.47507215296597
205.426260276282,370.982406658749,3.95517826066934
124.564577453134,411.56963948243,3.53549229566157
633.301868775417,315.776172458307,4.49103523357561
6.4038325167921,148.31048064933,4.21893461356161
543.459410299096,204.132476065526,4.15931667507234
34.6533424151394,490.815219740424,2.98727722727033
276.119409518353,23.9683328287166,3.84343639670377
532.168895973819,392.451015032746,3.41546569979755
70.1961723741501,79.0880803776161,5.30852814760666
3.98941988128336,79.988066977169,3.5750636563751
586.877399041346,228.87967554814,4.08788077196084
442.706414536554,456.277411851908,4.7163315671269
660.44277069228,374.330440033327,3.01035615169388
104.26576621477,491.643837822399,4.40789237949561
621.822917296285,94.1521116065182,4.06144663636422
418.903419262244,256.007691827029,3.58090857628977
11.3783210212154,182.822381335037,3.16838935598028
73.0950937357417,138.977151993781,4.38479463568318
608.887993232254,210.835283034008,4.42219308885219
249.618767404608,224.835506735695,3.98784581380106
575.218354266924,435.102066540418,3.76491110117786
296.470950621379,134.721595800615,3.77788839502741
536.191957427191,455.489700023128,3.49273043958377
42.327190594713,409.054909507214,3.59663886990863
200.670787709737,289.569158068858,3.99078287148674
552.008236270997,263.286221474106,3.67547923645551
176.198294530088,36.1339901661872,4.39861537625812
503.697756583812,347.827017528744,4.54358941397891
37.0323656375891,46.4936411558149,3.20355042418794
520.746022024702,152.453800692585,4.57736704564971
NA,NA,NA
666.418804600121,333.269170606788,3.42701185070664
456.552678575178,299.537743988156,3.76369346073833
10.3040457464913,494.360579169408,3.62379245936047
563.309278107699,50.0530337312676,4.25351302894696
76.5775010996456,372.600734409419,3.95020891577715
227.35702770568,416.041801121666,3.89666534626185
426.601067377206,13.3491736515328,3.23280124891435
361.397785235456,293.825779914352,2.94986431181314
602.203480963427,108.591308305394,4.16632159411298
390.104188734663,230.127841299686,4.18551419910338
569.374300068885,406.854255301726,4.74706662215402
138.784166762632,284.545195668204,4.41924048716744
200.947311362554,370.406525614979,4.04441246671103
124.608333911166,410.668044476789,3.44154328763229
634.17763132966,310.677183350021,4.49651009758496
3.71146840941455,147.36126582056,4.24994652575295
546.067132051649,205.971785521111,4.17693078251936
34.2636152720115,492.642662040043,3.01079450478709
276.856780029081,25.1572991404563,3.90437037698489
532.658781094415,393.861771217486,3.36432564837675
79.0932557180672,82.3469450739848,5.18020668710271
4.40300532585987,76.0884153198529,3.57317318696967
591.572564612657,224.295736965612,4.1110777804002
440.122380899753,456.774612052304,4.72669773420884
660.480239974462,374.647965731976,3.04679703964912
107.695709304178,491.196180274867,4.29354161018443
623.548756963356,90.2347421307318,4.10358051935387
415.417864039978,254.299952468726,3.53673569359381
11.3394231852382,180.939601265329,3.32328224557379
74.5910852516537,122.212719033585,4.49585204519123
604.721016451061,201.198436064449,4.03643607557815
246.016899882358,220.591655890238,3.75436858053042
570.571300757837,434.89615462626,3.57470569727667
302.881024271158,139.496895559831,3.79474884171097
529.215081175726,457.998320139235,3.45244865928595
45.9703576190355,424.782755003221,4.06122761558657
194.065512754207,293.15355048846,3.92448592096296
547.931207392832,270.6677105834,3.92735447416896
170.417768491841,21.5830341000355,4.36522541763964
496.061117066252,341.459169584304,4.43851490585005
41.1200146636308,51.9839981186786,4.33751688521173
530.091479673499,162.540134797353,4.5496038253532
NA,NA,NA
666.418804600121,333.269170606788,3.42701185070664
456.552678575178,299.537743988156,3.76369346073833
10.3040457464913,494.360579169408,3.62379245936047
563.309278107699,50.0530337312676,4.25351302894696
76.5775010996456,372.600734409419,3.95020891577715
227.35702770568,416.041801121666,3.89666534626185
426.601067377206,13.3491736515328,3.23280124891435
361.397785235456,293.825779914352,2.94986431181314
602.203480963427,108.591308305394,4.16632159411298
390.104188734663,230.127841299686,4.18551419910338
569.374300068885,406.854255301726,4.74706662215402
138.784166762632,284.545195668204,4.41924048716744
200.947311362554,370.406525614979,4.04441246671103
124.608333911166,410.668044476789,3.44154328763229
634.17763132966,310.677183350021,4.49651009758496
3.71146840941455,147.36126582056,4.24994652575295
546.067132051649,205.971785521111,4.17693078251936
34.2636152720115,492.642662040043,3.01079450478709
276.856780029081,25.1572991404563,3.90437037698489
532.658781094415,393.861771217486,3.36432564837675
79.0932557180672,82.3469450739848,5.18020668710271
4.40300532585987,76.0884153198529,3.57317318696967
591.572564612657,224.295736965612,4.1110777804002
440.122380899753,456.774612052304,4.72669773420884
660.480239974462,374.647965731976,3.04679703964912
107.695709304178,491.196180274867,4.29354161018443
623.548756963356,90.2347421307318,4.10358051935387
415.417864039978,254.299952468726,3.53673569359381
11.3394231852382,180.939601265329,3.32328224557379
74.5910852516537,122.212719033585,4.49585204519123
604.721016451061,201.198436064449,4.03643607557815
246.016899882358,220.591655890238,3.75436858053042
570.571300757837,434.89615462626,3.57470569727667
302.881024271158,139.496895559831,3.79474884171097
529.215081175726,457.998320139235,3.45244865928595
45.9703576190355,424.782755003221,4.06122761558657
194.065512754207,293.15355048846,3.92448592096296
547.931207392832,270.6677105834,3.92735447416896
170.417768491841,21.5830341000355,4.36522541763964
496.061117066252,341.459169584304,4.43851490585005
41.1200146636308,51.9839981186786,4.33751688521173
530.091479673499,162.540134797353,4.5496038253532
NA,NA,NA
666.418804600121,333.269170606788,3.42701185070664
456.552678575178,299.537743988156,3.76369346073833
10.3040457464913,494.360579169408,3.62379245936047
563.309278107699,50.0530337312676,4.25351302894696
76.5775010996456,372.600734409419,3.95020891577715
227.35702770568,416.041801121666,3.89666534626185
426.601067377206,13.3491736515328,3.23280124891435
361.397785235456,293.825779914352,2.94986431181314
602.203480963427,108.591308305394,4.16632159411298
390.104188734663,230.127841299686,4.18551419910338
569.374300068885,406.854255301726,4.74706662215402
138.784166762632,284.545195668204,4.41924048716744
200.947311362554,370.406525614979,4.04441246671103
124.608333911166,410.668044476789,3.44154328763229
634.17763132966,310.677183350021,4.49651009758496
3.71146840941455,147.36126582056,4.24994652575295
546.067132051649,205.971785521111,4.17693078251936
34.2636152720115,492.642662040043,3.01079450478709
276.856780029081,25.1572991404563,3.90437037698489
532.658781094415,393.861771217486,3.36432564837675
79.0932557180672,82.3469450739848,5.18020668710271
4.40300532585987,76.0884153198529,3.57317318696967
591.572564612657,224.295736965612,4.1110777804002
440.122380899753,456.774612052304,4.72669773420884
660.480239974462,374.647965731976,3.04679703964912
107.695709304178,491.196180274867,4.29354161018443
623.548756963356,90.2347421307318,4.10358051935387
415.417864039978,254.299952468726,3.53673569359381
11.3394231852382,180.939601265329,3.32328224557379
74.5910852516537,122.212719033585,4.49585204519123
604.721016451061,201.198436064449,4.03643607557815
246.016899882358,220.591655890238,3.75436858053042
570.571300757837,434.89615462626,3.57470569727667
302.881024271158,139.496895559831,3.79474884171097
529.215081175726,457.998320139235,3.45244865928595
45.9703576190355,424.782755003221,4.06122761558657
194.065512754207,293.15355048846,3.92448592096296
547.931207392832,270.6677105834,3.92735447416896
170.417768491841,21.5830341000355,4.36522541763964
496.061117066252,341.459169584304,4.43851490585005
41.1200146636308,51.9839981186786,4.33751688521173
530.091479673499,162.540134797353,4.5496038253532
NA,NA,NA
666.418804600121,333.269170606788,3.42701185070664
456.552678575178,299.537743988156,3.76369346073833
10.3040457464913,494.360579169408,3.62379245936047
563.309278107699,50.0530337312676,4.25351302894696
76.5775010996456,372.600734409419,3.95020891577715
227.35702770568,416.041801121666,3.89666534626185
426.601067377206,13.3491736515328,3.23280124891435
361.397785235456,293.825779914352,2.94986431181314
602.203480963427,108.591308305394,4.16632159411298
390.104188734663,230.127841299686,4.18551419910338
569.374300068885,406.854255301726,4.74706662215402
138.784166762632,284.545195668204,4.41924048716744
200.947311362554,370.406525614979,4.04441246671103
124.608333911166,410.668044476789,3.44154328763229
634.17763132966,310.677183350021,4.49651009758496
3.71146840941455,147.36126582056,4.24994652575295
546.067132051649,205.971785521111,4.17693078251936
34.2636152720115,492.642662040043,3.01079450478709
276.856780029081,25.1572991404563,3.90437037698489
532.658781094415,393.861771217486,3.36432564837675
79.0932557180672,82.3469450739848,5.18020668710271
4.40300532585987,76.0884153198529,3.57317318696967
591.572564612657,224.295736965612,4.1110777804002
440.122380899753,456.774612052304,4.72669773420884
660.480239974462,374.647965731976,3.04679703964912
107.695709304178,491.196180274867,4.29354161018443
623.548756963356,90.2347421307318,4.10358051935387
415.417864039978,254.299952468726,3.53673569359381
11.3394231852382,180.939601265329,3.32328224557379
74.5910852516537,122.212719033585,4.49585204519123
604.721016451061,201.198436064449,4.03643607557815
246.016899882358,220.591655890238,3.75436858053042
570.571300757837,434.89615462626,3.57470569727667
302.881024271158,139.496895559831,3.79474884171097
529.215081175726,457.998320139235,3.45244865928595
45.9703576190355,424.782755003221,4.06122761558657
194.065512754207,293.15355048846,3.92448592096296
547.931207392832,270.6677105834,3.92735447416896
170.417768491841,21.5830341000355,4.36522541763964
496.061117066252,341.459169584304,4.43851490585005
41.1200146636308,51.9839981186786,4.33751688521173
530.091479673499,162.540134797353,4.5496038253532
NA,NA,NA
666.418804600121,333.269170606788,3.42701185070664
456.552678575178,299.537743988156,3.76369346073833
10.3040457464913,494.360579169408,3.62379245936047
563.309278107699,50.0530337312676,4.25351302894696
76.5775010996456,372.600734409419,3.95020891577715
227.35702770568,416.041801121666,3.89666534626185
426.601067377206,13.3491736515328,3.23280124891435
361.397785235456,293.825779914352,2.94986431181314
602.203480963427,108.591308305394,4.16632159411298
390.104188734663,230.127841299686,4.18551419910338
569.374300068885,406.854255301726,4.74706662215402
138.784166762632,284.545195668204,4.41924048716744
200.947311362554,370.406525614979,4.04441246671103
124.608333911166,410.668044476789,3.44154328763229
634.17763132966,310.677183350021,4.49651009758496
3.71146840941455,147.36126582056,4.24994652575295
546.067132051649,205.971785521111,4.17693078251936
34.2636152720115,492.642662040043,3.01079450478709
276.856780029081,25.1572991404563,3.90437037698489
532.658781094415,393.861771217486,3.36432564837675
79.0932557180672,82.3469450739848,5.18020668710271
4.40300532585987,76.0884153198529,3.57317318696967
591.572564612657,224.295736965612,4.1110777804002
440.122380899753,456.774612052304,4.72669773420884
660.480239974462,374.647965731976,3.04679703964912
107.695709304178,491.196180274867,4.29354161018443
623.548756963356,90.2347421307318,4.10358051935387
415.417864039978,254.299952468726,3.53673569359381
11.3394231852382,180.939601265329,3.32328224557379
74.5910852516537,122.212719033585,4.49585204519123
604.721016451061,201.198436064449,4.03643607557815
246.016899882358,220.591655890238,3.75436858053042
570.571300757837,434.89615462626,3.57470569727667
302.881024271158,139.496895559831,3.79474884171097
529.215081175726,457.998320139235,3.45244865928595
45.9703576190355,424.782755003221,4.06122761558657
194.065512754207,293.15355048846,3.92448592096296
547.931207392832,270.6677105834,3.92735447416896
170.417768491841,21.5830341000355,4.36522541763964
496.061117066252,341.459169584304,4.43851490585005
41.1200146636308,51.9839981186786,4.33751688521173
530.091479673499,162.540134797353,4.5496038253532
NA,NA,NA
666.418804600121,333.269170606788,3.42701185070664
456.552678575178,299.537743988156,3.76369346073833
10.3040457464913,494.360579169408,3.62379245936047
563.309278107699,50.0530337312676,4.25351302894696
76.5775010996456,372.600734409419,3.95020891577715
227.35702770568,416.041801121666,3.89666534626185
426.601067377206,13.3491736515328,3.23280124891435
361.397785235456,293.825779914352,2.94986431181314
602.203480963427,108.591308305394,4.16632159411298
390.104188734663,230.127841299686,4.18551419910338
569.374300068885,406.854255301726,4.74706662215402
138.784166762632,284.545195668204,4.41924048716744
200.947311362554,370.406525614979,4.04441246671103
124.608333911166,410.668044476789,3.44154328763229
634.17763132966,310.677183350021,4.49651009758496
3.71146840941455,147.36126582056,4.24994652575295
546.067132051649,205.971785521111,4.17693078251936
34.2636152720115,492.642662040043,3.01079450478709
276.856780029081,25.1572991404563,3.90437037698489
532.658781094415,393.861771217486,3.36432564837675
79.0932557180672,82.3469450739848,5.18020668710271
4.40300532585987,76.0884153198529,3.57317318696967
591.572564612657,224.295736965612,4.1110777804002
440.122380899753,456.774612052304,4.72669773420884
660.480239974462,374.647965731976,3.04679703964912
107.695709304178,491.196180274867,4.29354161018443
623.548756963356,90.2347421307318,4.10358051935387
415.417864039978,254.299952468726,3.53673569359381
11.3394231852382,180.939601265329,3.32328224557379
74.5910852516537,122.212719033585,4.49585204519123
604.721016451061,201.198436064449,4.03643607557815
246.016899882358,220.591655890238,3.75436858053042
570.571300757837,434.89615462626,3.57470569727667
302.881024271158,139.496895559831,3.79474884171097
529.215081175726,457.998320139235,3.45244865928595
45.9703576190355,424.782755003221,4.06122761558657
194.065512754207,293.15355048846,3.92448592096296
547.931207392832,270.6677105834,3.92735447416896
170.417768491841,21.5830341000355,4.36522541763964
496.061117066252,341.459169584304,4.43851490585005
41.1200146636308,51.9839981186786,4.33751688521173
530.091479673499,162.540134797353,4.5496038253532
NA,NA,NA
661.745165652256,335.841592292389,3.44709533331855
455.289033596837,300.636167315385,3.70530566732301
12.3604060517044,490.786044273466,3.5609205448987
562.049472295163,50.9476870012629,4.22127113496208
72.4477151100636,378.361510027962,4.10793035787047
229.285797074623,410.124947205663,3.94543458276727
428.218764881015,10.2270561342327,3.39628445633845
363.77642757192,291.154672572306,3.00061897446363
605.032501002362,102.111260344298,4.24742838869229
392.624753135722,225.449536064127,4.02220066715644
573.109604307565,414.748439126024,4.75697507087637
139.1855579133,276.948490242543,4.44593925280435
199.902904111822,368.460102825112,4.00623099802502
126.00082726256,412.871090280807,3.42113589042763
633.293352032971,310.642772443014,4.49212677692999
1.4807424357759,144.384395768819,4.16059944509849
542.288347193059,205.413727767823,4.1231275676213
34.974867599068,491.528886408066,3.00403489065622
280.925231158123,17.9415234620113,3.86158881053017
535.256367277592,395.406815463267,3.40455769032963
76.7212148596324,78.7764002125874,5.25754456003238
5.31709113439563,73.7826438035015,3.40214225039208
588.107311223995,225.746548406441,4.08198701076362
431.373238333158,452.712030784256,4.77470748709163
658.266016907879,373.610807098294,3.17535496164506
99.7148396075884,485.326004455019,4.40336239422838
623.006878533382,96.5045223342664,4.01585325822396
422.080060782125,259.251672527244,3.66092365240978
11.609448440758,180.957497613337,3.33028979309521
66.3640001589491,118.580891791458,4.47183573598609
601.185911998503,197.210245063942,4.03158645316945
260.450261585094,226.757262131402,3.78228649365564
575.911250392088,434.376017415072,3.74229376948887
303.048168058956,133.190002608269,3.98810108591961
530.428193479847,452.278559667785,3.52393596575764
53.5949575266313,416.693246455567,4.00538119064423
191.617131666439,278.438996740322,3.76317662333738
549.903936651883,259.109544597454,3.78459306213895
178.963606732442,32.1569722107994,4.18271527577965
506.472711675664,351.977102174872,4.14185925243703
36.4952311631048,61.635404970575,3.62126421653781
531.688991884375,139.697179269968,4.5400619779111
NA,NA,NA
661.745165652256,335.841592292389,3.44709533331855
455.289033596837,300.636167315385,3.70530566732301
12.3604060517044,490.786044273466,3.5609205448987
562.049472295163,50.9476870012629,4.22127113496208
72.4477151100636,378.361510027962,4.10793035787047
229.285797074623,410.124947205663,3.94543458276727
428.218764881015,10.2270561342327,3.39628445633845
363.77642757192,291.154672572306,3.00061897446363
605.032501002362,102.111260344298,4.24742838869229
392.624753135722,225.449536064127,4.02220066715644
573.109604307565,414.748439126024,4.75697507087637
139.1855579133,276.948490242543,4.44593925280435
199.902904111822,368.460102825112,4.00623099802502
126.00082726256,412.871090280807,3.42113589042763
633.293352032971,310.642772443014,4.49212677692999
1.4807424357759,144.384395768819,4.16059944509849
542.288347193059,205.413727767823,4.1231275676213
34.974867599068,491.528886408066,3.00403489065622
280.925231158123,17.9415234620113,3.86158881053017
535.256367277592,395.406815463267,3.40455769032963
76.7212148596324,78.7764002125874,5.25754456003238
5.31709113439563,73.7826438035015,3.40214225039208
588.107311223995,225.746548406441,4.08198701076362
431.373238333158,452.712030784256,4.77470748709163
658.266016907879,373.610807098294,3.17535496164506
99.7148396075884,485.326004455019,4.40336239422838
623.006878533382,96.5045223342664,4.01585325822396
422.080060782125,259.251672527244,3.66092365240978
11.609448440758,180.957497613337,3.33028979309521
66.3640001589491,118.580891791458,4.47183573598609
601.185911998503,197.210245063942,4.03158645316945
260.450261585094,226.757262131402,3.78228649365564
575.911250392088,434.376017415072,3.74229376948887
303.048168058956,133.190002608269,3.98810108591961
530.428193479847,452.278559667785,3.52393596575764
53.5949575266313,416.693246455567,4.00538119064423
191.617131666439,278.438996740322,3.76317662333738
549.903936651883,259.109544597454,3.78459306213895
178.963606732442,32.1569722107994,4.18271527577965
506.472711675664,351.977102174872,4.14185925243703
36.4952311631048,61.635404970575,3.62126421653781
531.688991884375,139.697179269968,4.5400619779111
NA,NA,NA
661.745165652256,335.841592292389,3.44709533331855
455.289033596837,300.636167315385,3.70530566732301
12.3604060517044,490.786044273466,3.5609205448987
562.049472295163,50.9476870012629,4.22127113496208
72.4477151100636,378.361510027962,4.10793035787047
229.285797074623,410.124947205663,3.94543458276727
428.218764881015,10.2270561342327,3.39628445633845
363.77642757192,291.154672572306,3.00061897446363
605.032501002362,102.111260344298,4.24742838869229
392.624753135722,225.449536064127,4.02220066715644
573.109604307565,414.748439126024,4.75697507087637
139.1855579133,276.948490242543,4.44593925280435
199.902904111822,368.460102825112,4.00623099802502
126.00082726256,412.871090280807,3.42113589042763
633.293352032971,310.642772443014,4.49212677692999
1.4807424357759,144.384395768819,4.16059944509849
542.288347193059,205.413727767823,4.1231275676213
34.974867599068,491.528886408066,3.00403489065622
280.925231158123,17.9415234620113,3.86158881053017
535.256367277592,395.406815463267,3.40455769032963
76.7212148596324,78.7764002125874,5.25754456003238
5.31709113439563,73.7826438035015,3.40214225039208
588.107311223995,225.746548406441,4.08198701076362
431.373238333158,452.712030784256,4.77470748709163
658.266016907879,373.610807098294,3.17535496164506
99.7148396075884,485.326004455019,4.40336239422838
623.006878533382,96.5045223342664,4.01585325822396
422.080060782125,259.251672527244,3.66092365240978
11.609448440758,180.957497613337,3.33028979309521
66.3640001589491,118.580891791458,4.47183573598609
601.185911998503,197.210245063942,4.03158645316945
260.450261585094,226.757262131402,3.78228649365564
575.911250392088,434.376017415072,3.74229376948887
303.048168058956,133.190002608269,3.98810108591961
530.428193479847,452.278559667785,3.52393596575764
53.5949575266313,416.693246455567,4.00538119064423
191.617131666439,278.438996740322,3.76317662333738
549.903936651883,259.109544597454,3.78459306213895
178.963606732442,32.1569722107994,4.18271527577965
506.472711675664,351.977102174872,4.14185925243703
36.4952311631048,61.635404970575,3.62126421653781
531.688991884375,139.697179269968,4.5400619779111
NA,NA,NA
661.745165652256,335.841592292389,3.44709533331855
455.289033596837,300.636167315385,3.70530566732301
12.3604060517044,490.786044273466,3.5609205448987
562.049472295163,50.9476870012629,4.22127113496208
72.4477151100636,378.361510027962,4.10793035787047
229.285797074623,410.124947205663,3.94543458276727
428.218764881015,10.2270561342327,3.39628445633845
363.77642757192,291.154672572306,3.00061897446363
605.032501002362,102.111260344298,4.24742838869229
392.624753135722,225.449536064127,4.02220066715644
573.109604307565,414.748439126024,4.75697507087637
139.1855579133,276.948490242543,4.44593925280435
199.902904111822,368.460102825112,4.00623099802502
126.00082726256,412.871090280807,3.42113589042763
633.293352032971,310.642772443014,4.49212677692999
1.4807424357759,144.384395768819,4.16059944509849
542.288347193059,205.413727767823,4.1231275676213
34.974867599068,491.528886408066,3.00403489065622
280.925231158123,17.9415234620113,3.86158881053017
535.256367277592,395.406815463267,3.40455769032963
76.7212148596324,78.7764002125874,5.25754456003238
5.31709113439563,73.7826438035015,3.40214225039208
588.107311223995,225.746548406441,4.08198701076362
431.373238333158,452.712030784256,4.77470748709163
658.266016907879,373.610807098294,3.17535496164506
99.7148396075884,485.326004455019,4.40336239422838
623.006878533382,96.5045223342664,4.01585325822396
422.080060782125,259.251672527244,3.66092365240978
11.609448440758,180.957497613337,3.33028979309521
66.3640001589491,118.580891791458,4.47183573598609
601.185911998503,197.210245063942,4.03158645316945
260.450261585094,226.757262131402,3.78228649365564
575.911250392088,434.376017415072,3.74229376948887
303.048168058956,133.190002608269,3.98810108591961
530.428193479847,452.278559667785,3.52393596575764
53.5949575266313,416.693246455567,4.00538119064423
191.617131666439,278.438996740322,3.76317662333738
549.903936651883,259.109544597454,3.78459306213895
178.963606732442,32.1569722107994,4.18271527577965
506.472711675664,351.977102174872,4.14185925243703
36.4952311631048,61.635404970575,3.62126421653781
531.688991884375,139.697179269968,4.5400619779111
NA,NA,NA
661.745165652256,335.841592292389,3.44709533331855
455.289033596837,300.636167315385,3.70530566732301
12.3604060517044,490.786044273466,3.5609205448987
562.049472295163,50.9476870012629,4.22127113496208
72.4477151100636,378.361510027962,4.10793035787047
229.285797074623,410.124947205663,3.94543458276727
428.218764881015,10.2270561342327,3.39628445633845
363.77642757192,291.154672572306,3.00061897446363
605.032501002362,102.111260344298,4.24742838869229
392.624753135722,225.449536064127,4.02220066715644
573.109604307565,414.748439126024,4.75697507087637
139.1855579133,276.948490242543,4.44593925280435
199.902904111822,368.460102825112,4.00623099802502
126.00082726256,412.871090280807,3.42113589042763
633.293352032971,310.642772443014,4.49212677692999
1.4807424357759,144.384395768819,4.16059944509849
542.288347193059,205.413727767823,4.1231275676213
34.974867599068,491.528886408066,3.00403489065622
280.925231158123,17.9415234620113,3.86158881053017
535.256367277592,395.406815463267,3.40455769032963
76.7212148596324,78.7764002125874,5.25754456003238
5.31709113439563,73.7826438035015,3.40214225039208
588.107311223995,225.746548406441,4.08198701076362
431.373238333158,452.712030784256,4.77470748709163
658.266016907879,373.610807098294,3.17535496164506
99.7148396075884,485.326004455019,4.40336239422838
623.006878533382,96.5045223342664,4.01585325822396
422.080060782125,259.251672527244,3.66092365240978
11.609448440758,180.957497613337,3.33028979309521
66.3640001589491,118.580891791458,4.47183573598609
601.185911998503,197.210245063942,4.03158645316945
260.450261585094,226.757262131402,3.78228649365564
575.911250392088,434.376017415072,3.74229376948887
303.048168058956,133.190002608269,3.98810108591961
530.428193479847,452.278559667785,3.52393596575764
53.5949575266313,416.693246455567,4.00538119064423
191.617131666439,278.438996740322,3.76317662333738
549.903936651883,259.109544597454,3.78459306213895
178.963606732442,32.1569722107994,4.18271527577965
506.472711675664,351.977102174872,4.14185925243703
36.4952311631048,61.635404970575,3.62126421653781
531.688991884375,139.697179269968,4.5400619779111
NA,NA,NA
661.745165652256,335.841592292389,3.44709533331855
455.289033596837,300.636167315385,3.70530566732301
12.3604060517044,490.786044273466,3.5609205448987
562.049472295163,50.9476870012629,4.22127113496208
72.4477151100636,378.361510027962,4.10793035787047
229.285797074623,410.124947205663,3.94543458276727
428.218764881015,10.2270561342327,3.39628445633845
363.77642757192,291.154672572306,3.00061897446363
605.032501002362,102.111260344298,4.24742838869229
392.624753135722,225.449536064127,4.02220066715644
573.109604307565,414.748439126024,4.75697507087637
139.1855579133,276.948490242543,4.44593925280435
199.902904111822,368.460102825112,4.00623099802502
126.00082726256,412.871090280807,3.42113589042763
633.293352032971,310.642772443014,4.49212677692999
1.4807424357759,144.384395768819,4.16059944509849
542.288347193059,205.413727767823,4.1231275676213
34.974867599068,491.528886408066,3.00403489065622
280.925231158123,17.9415234620113,3.86158881053017
535.256367277592,395.406815463267,3.40455769032963
76.7212148596324,78.7764002125874,5.25754456003238
5.31709113439563,73.7826438035015,3.40214225039208
588.107311223995,225.746548406441,4.08198701076362
431.373238333158,452.712030784256,4.77470748709163
658.266016907879,373.610807098294,3.17535496164506
99.7148396075884,485.326004455019,4.40336239422838
623.006878533382,96.5045223342664,4.01585325822396
422.080060782125,259.251672527244,3.66092365240978
11.609448440758,180.957497613337,3.33028979309521
66.3640001589491,118.580891791458,4.47183573598609
601.185911998503,197.210245063942,4.03158645316945
260.450261585094,226.757262131402,3.78228649365564
575.911250392088,434.376017415072,3.74229376948887
303.048168058956,133.190002608269,3.98810108591961
530.428193479847,452.278559667785,3.52393596575764
53.5949575266313,416.693246455567,4.00538119064423
191.617131666439,278.438996740322,3.76317662333738
549.903936651883,259.109544597454,3.78459306213895
178.963606732442,32.1569722107994,4.18271527577965
506.472711675664,351.977102174872,4.14185925243703
36.4952311631048,61.635404970575,3.62126421653781
531.688991884375,139.697179269968,4.5400619779111
NA,NA,NA
659.447917623526,332.666170567909,3.61459374205623
455.049014032614,297.356634306807,3.61477522917689
11.5961480580377,492.478779755436,3.62511508935036
564.177745583331,49.8986979205969,4.17783239242606
70.1309988285413,378.672365639079,3.84169236163822
225.178383767472,415.616948225821,4.01752051180291
427.047616255219,15.4243883794564,3.22797883274982
362.155946448899,295.641080220466,2.9483151618287
610.313253030285,99.781651206956,4.20981463422329
399.7251133507,225.980210506189,4.22393881626212
558.683712586348,406.647622978787,4.79278612820227
140.102498306087,273.737229314881,4.57869366210263
200.35319530253,369.14004082627,3.99583020009951
123.299427287293,410.137924918617,3.35977130410352
627.748969167413,310.110726313582,4.38054547420691
0.101956046509062,149.103632065654,4.31775838791192
544.128956827603,204.999862123155,4.22947050093536
31.62727774599,490.574468417092,2.91782036328392
279.776612985625,20.4507182121181,3.82802089909491
535.888790557805,393.705585377727,3.49143854611426
76.2475767757862,71.1583247798615,5.17219006843489
6.32915597223098,75.1517028496968,3.41721547256036
587.040394507201,227.353656386801,4.11536190789659
440.951690661896,463.336430819825,4.78910134451543
658.465154179222,373.397463280064,3.24267639523429
104.947039465508,488.078107220626,4.28361141199293
625.725082054341,85.2289074145857,4.07700481973763
420.46620534405,263.512960693474,3.55260713635043
12.1227315405903,181.531427380988,3.29968958755796
70.9041319985875,115.195785161856,4.17321039521575
617.077146683438,206.191245901075,4.41781608506409
252.513025344452,217.316403702417,3.62375235077924
579.259969882353,442.686965131493,3.73716416282635
298.856951165507,137.773096740816,3.80517862049821
530.10255006509,449.472946245949,3.56069913241261
42.3641919128558,416.509094420852,3.96121852083327
192.904042251888,290.563634996551,4.10200134493562
549.450356430092,255.773123325728,3.88663314899491
173.576129834803,35.1955331431993,4.3295314880653
493.751770498558,346.399709688731,4.57630841266495
36.5466753614167,60.7056103847074,3.82343097715763
536.216068643116,154.608242685951,4.53232757429744
NA,NA,NA
659.447917623526,332.666170567909,3.61459374205623
455.049014032614,297.356634306807,3.61477522917689
11.5961480580377,492.478779755436,3.62511508935036
564.177745583331,49.8986979205969,4.17783239242606
70.1309988285413,378.672365639079,3.84169236163822
225.178383767472,415.616948225821,4.01752051180291
427.047616255219,15.4243883794564,3.22797883274982
362.155946448899,295.641080220466,2.9483151618287
610.313253030285,99.781651206956,4.20981463422329
399.7251133507,225.980210506189,4.22393881626212
558.683712586348,406.647622978787,4.79278612820227
140.102498306087,273.737229314881,4.57869366210263
200.35319530253,369.14004082627,3.99583020009951
123.299427287293,410.137924918617,3.35977130410352
627.748969167413,310.110726313582,4.38054547420691
0.101956046509062,149.103632065654,4.31775838791192
544.128956827603,204.999862123155,4.22947050093536
31.62727774599,490.574468417092,2.91782036328392
279.776612985625,20.4507182121181,3.82802089909491
535.888790557805,393.705585377727,3.49143854611426
76.2475767757862,71.1583247798615,5.17219006843489
6.32915597223098,75.1517028496968,3.41721547256036
587.040394507201,227.353656386801,4.11536190789659
440.951690661896,463.336430819825,4.78910134451543
658.465154179222,373.397463280064,3.24267639523429
104.947039465508,488.078107220626,4.28361141199293
625.725082054341,85.2289074145857,4.07700481973763
420.46620534405,263.512960693474,3.55260713635043
12.1227315405903,181.531427380988,3.29968958755796
70.9041319985875,115.195785161856,4.17321039521575
617.077146683438,206.191245901075,4.41781608506409
252.513025344452,217.316403702417,3.62375235077924
579.259969882353,442.686965131493,3.73716416282635
298.856951165507,137.773096740816,3.80517862049821
530.10255006509,449.472946245949,3.56069913241261
42.3641919128558,416.509094420852,3.96121852083327
192.904042251888,290.563634996551,4.10200134493562
549.450356430092,255.773123325728,3.88663314899491
173.576129834803,35.1955331431993,4.3295314880653
493.751770498558,346.399709688731,4.57630841266495
36.5466753614167,60.7056103847074,3.82343097715763
536.216068643116,154.608242685951,4.53232757429744
NA,NA,NA
659.447917623526,332.666170567909,3.61459374205623
455.049014032614,297.356634306807,3.61477522917689
11.5961480580377,492.478779755436,3.62511508935036
564.177745583331,49.8986979205969,4.17783239242606
70.1309988285413,378.672365639079,3.84169236163822
225.178383767472,415.616948225821,4.01752051180291
427.047616255219,15.4243883794564,3.22797883274982
362.155946448899,295.641080220466,2.9483151618287
610.313253030285,99.781651206956,4.20981463422329
399.7251133507,225.980210506189,4.22393881626212
558.683712586348,406.647622978787,4.79278612820227
140.102498306087,273.737229314881,4.57869366210263
200.35319530253,369.14004082627,3.99583020009951
123.299427287293,410.137924918617,3.35977130410352
627.748969167413,310.110726313582,4.38054547420691
0.101956046509062,149.103632065654,4.31775838791192
544.128956827603,204.999862123155,4.22947050093536
31.62727774599,490.574468417092,2.91782036328392
279.776612985625,20.4507182121181,3.82802089909491
535.888790557805,393.705585377727,3.49143854611426
76.2475767757862,71.1583247798615,5.17219006843489
6.32915597223098,75.1517028496968,3.41721547256036
587.040394507201,227.353656386801,4.11536190789659
440.951690661896,463.336430819825,4.78910134451543
658.465154179222,373.397463280064,3.24267639523429
104.947039465508,488.078107220626,4.28361141199293
625.725082054341,85.2289074145857,4.07700481973763
420.46620534405,263.512960693474,3.55260713635043
12.1227315405903,181.531427380988,3.29968958755796
70.9041319985875,115.195785161856,4.17321039521575
617.077146683438,206.191245901075,4.41781608506409
252.513025344452,217.316403702417,3.62375235077924
579.259969882353,442.686965131493,3.73716416282635
298.856951165507,137.773096740816,3.80517862049821
530.10255006509,449.472946245949,3.56069913241261
42.3641919128558,416.509094420852,3.96121852083327
192.904042251888,290.563634996551,4.10200134493562
549.450356430092,255.773123325728,3.88663314899491
173.576129834803,35.1955331431993,4.3295314880653
493.751770498558,346.399709688731,4.57630841266495
36.5466753614167,60.7056103847074,3.82343097715763
536.216068643116,154.608242685951,4.53232757429744
NA,NA,NA
659.447917623526,332.666170567909,3.61459374205623
455.049014032614,297.356634306807,3.61477522917689
11.5961480580377,492.478779755436,3.62511508935036
564.177745583331,49.8986979205969,4.17783239242606
70.1309988285413,378.672365639079,3.84169236163822
225.178383767472,415.616948225821,4.01752051180291
427.047616255219,15.4243883794564,3.22797883274982
362.155946448899,295.641080220466,2.9483151618287
610.313253030285,99.781651206956,4.20981463422329
399.7251133507,225.980210506189,4.22393881626212
558.683712586348,406.647622978787,4.79278612820227
140.102498306087,273.737229314881,4.57869366210263
200.35319530253,369.14004082627,3.99583020009951
123.299427287293,410.137924918617,3.35977130410352
627.748969167413,310.110726313582,4.38054547420691
0.101956046509062,149.103632065654,4.31775838791192
544.128956827603,204.999862123155,4.22947050093536
31.62727774599,490.574468417092,2.91782036328392
279.776612985625,20.4507182121181,3.82802089909491
535.888790557805,393.705585377727,3.49143854611426
76.2475767757862,71.1583247798615,5.17219006843489
6.32915597223098,75.1517028496968,3.41721547256036
587.040394507201,227.353656386801,4.11536190789659
440.951690661896,463.336430819825,4.78910134451543
658.465154179222,373.397463280064,3.24267639523429
104.947039465508,488.078107220626,4.28361141199293
625.725082054341,85.2289074145857,4.07700481973763
420.46620534405,263.512960693474,3.55260713635043
12.1227315405903,181.531427380988,3.29968958755796
70.9041319985875,115.195785161856,4.17321039521575
617.077146683438,206.191245901075,4.41781608506409
252.513025344452,217.316403702417,3.62375235077924
579.259969882353,442.686965131493,3.73716416282635
298.856951165507,137.773096740816,3.80517862049821
530.10255006509,449.472946245949,3.56069913241261
42.3641919128558,416.509094420852,3.96121852083327
192.904042251888,290.563634996551,4.10200134493562
549.450356430092,255.773123325728,3.88663314899491
173.576129834803,35.1955331431993,4.3295314880653
493.751770498558,346.399709688731,4.57630841266495
36.5466753614167,60.7056103847074,3.82343097715763
536.216068643116,154.608242685951,4.53232757429744
NA,NA,NA
659.447917623526,332.666170567909,3.61459374205623
455.049014032614,297.356634306807,3.61477522917689
11.5961480580377,492.478779755436,3.62511508935036
564.177745583331,49.8986979205969,4.17783239242606
70.1309988285413,378.672365639079,3.84169236163822
225.178383767472,415.616948225821,4.01752051180291
427.047616255219,15.4243883794564,3.22797883274982
362.155946448899,295.641080220466,2.9483151618287
610.313253030285,99.781651206956,4.20981463422329
399.7251133507,225.980210506189,4.22393881626212
558.683712586348,406.647622978787,4.79278612820227
140.102498306087,273.737229314881,4.57869366210263
200.35319530253,369.14004082627,3.99583020009951
123.299427287293,410.137924918617,3.35977130410352
627.748969167413,310.110726313582,4.38054547420691
0.101956046509062,149.103632065654,4.31775838791192
544.128956827603,204.999862123155,4.22947050093536
31.62727774599,490.574468417092,2.91782036328392
279.776612985625,20.4507182121181,3.82802089909491
535.888790557805,393.705585377727,3.49143854611426
76.2475767757862,71.1583247798615,5.17219006843489
6.32915597223098,75.1517028496968,3.41721547256036
587.040394507201,227.353656386801,4.11536190789659
440.951690661896,463.336430819825,4.78910134451543
658.465154179222,373.397463280064,3.24267639523429
104.947039465508,488.078107220626,4.28361141199293
625.725082054341,85.2289074145857,4.07700481973763
420.46620534405,263.512960693474,3.55260713635043
12.1227315405903,181.531427380988,3.29968958755796
70.9041319985875,115.195785161856,4.17321039521575
617.077146683438,206.191245901075,4.41781608506409
252.513025344452,217.316403702417,3.62375235077924
579.259969882353,442.686965131493,3.73716416282635
298.856951165507,137.773096740816,3.80517862049821
530.10255006509,449.472946245949,3.56069913241261
42.3641919128558,416.509094420852,3.96121852083327
192.904042251888,290.563634996551,4.10200134493562
549.450356430092,255.773123325728,3.88663314899491
173.576129834803,35.1955331431993,4.3295314880653
493.751770498558,346.399709688731,4.57630841266495
36.5466753614167,60.7056103847074,3.82343097715763
536.216068643116,154.608242685951,4.53232757429744
NA,NA,NA
659.447917623526,332.666170567909,3.61459374205623
455.049014032614,297.356634306807,3.61477522917689
11.5961480580377,492.478779755436,3.62511508935036
564.177745583331,49.8986979205969,4.17783239242606
70.1309988285413,378.672365639079,3.84169236163822
225.178383767472,415.616948225821,4.01752051180291
427.047616255219,15.4243883794564,3.22797883274982
362.155946448899,295.641080220466,2.9483151618287
610.313253030285,99.781651206956,4.20981463422329
399.7251133507,225.980210506189,4.22393881626212
558.683712586348,406.647622978787,4.79278612820227
140.102498306087,273.737229314881,4.57869366210263
200.35319530253,369.14004082627,3.99583020009951
123.299427287293,410.137924918617,3.35977130410352
627.748969167413,310.110726313582,4.38054547420691
0.101956046509062,149.103632065654,4.31775838791192
544.128956827603,204.999862123155,4.22947050093536
31.62727774599,490.574468417092,2.91782036328392
279.776612985625,20.4507182121181,3.82802089909491
535.888790557805,393.705585377727,3.49143854611426
76.2475767757862,71.1583247798615,5.17219006843489
6.32915597223098,75.1517028496968,3.41721547256036
587.040394507201,227.353656386801,4.11536190789659
440.951690661896,463.336430819825,4.78910134451543
658.465154179222,373.397463280064,3.24267639523429
104.947039465508,488.078107220626,4.28361141199293
625.725082054341,85.2289074145857,4.07700481973763
420.46620534405,263.512960693474,3.55260713635043
12.1227315405903,181.531427380988,3.29968958755796
70.9041319985875,115.195785161856,4.17321039521575
617.077146683438,206.191245901075,4.41781608506409
252.513025344452,217.316403702417,3.62375235077924
579.259969882353,442.686965131493,3.73716416282635
298.856951165507,137.773096740816,3.80517862049821
530.10255006509,449.472946245949,3.56069913241261
42.3641919128558,416.509094420852,3.96121852083327
192.904042251888,290.563634996551,4.10200134493562
549.450356430092,255.773123325728,3.88663314899491
173.576129834803,35.1955331431993,4.3295314880653
493.751770498558,346.399709688731,4.57630841266495
36.5466753614167,60.7056103847074,3.82343097715763
536.216068643116,154.608242685951,4.53232757429744
NA,NA,NA
660.744757869239,334.564758070271,3.53540927950933
456.610239386909,296.997041900891,3.72515949855197
11.1016217077002,492.87370470045,3.60174078227567
563.056404542376,51.5321869426253,4.17787269104787
69.2959982539785,376.407205803418,3.89517326826519
228.716541092982,411.189332002701,3.96095335050681
427.474831950289,12.094833549107,3.30597730131224
360.21237033895,293.242968611765,3.01175332308721
606.973182752592,105.310532974171,4.21492635784333
397.174622530597,232.366844456732,4.28504139171955
572.80351742364,415.048264229511,4.73093839906274
146.861076377075,277.681313281761,4.51501203369061
196.019909364199,369.547087694748,4.05141855474298
125.841358620893,407.442409229379,3.56059435116352
629.678018401191,312.865704111787,4.55858926321424
0.705270652770656,149.051833214996,4.31623013579562
540.975436713818,202.111261733192,4.1915526035657
31.578565658568,491.427057253896,3.194451129671
279.486260498872,21.0491001944077,3.87290671619725
534.720454198766,390.075048387424,3.34407897771831
81.3377155003923,82.7897403486253,5.12892267337647
3.68478928272346,81.1844911855701,3.51871117937999
591.477762924982,226.603175806112,3.96292567608066
435.6351568957,460.735969380102,4.7630474935356
658.273510466255,369.726232251363,3.04132155531772
103.948715889535,485.363706953562,4.34297459146605
624.608176138758,90.6850590032779,4.08954946858203
418.78017210561,257.526816613206,3.64170057461307
11.6357387311099,182.885032410944,3.15802597654922
67.1314274642205,118.218411995423,4.49807067369748
604.599336279611,202.588335911582,4.38075007059209
249.055079468824,217.189501074969,3.58711706656249
567.953555257867,432.872552888241,3.58826256441421
300.361388181336,133.861255962179,3.96414131107455
528.363702365803,451.760651762901,3.79112862307299
44.2889198962008,421.425113593311,3.78670720394198
199.175174121013,282.040365031346,4.03428576105845
554.650530600001,263.733766351305,3.68463233608415
170.3801008775,42.5985568036121,4.28800901881218
482.329610570404,345.243749849775,4.27700996104961
34.750703029185,46.9470654561652,3.88526611791406
522.93446128011,169.840599961657,4.60473557420927
NA,NA,NA
660.744757869239,334.564758070271,3.53540927950933
456.610239386909,296.997041900891,3.72515949855197
11.1016217077002,492.87370470045,3.60174078227567
563.056404542376,51.5321869426253,4.17787269104787
69.2959982539785,376.407205803418,3.89517326826519
228.716541092982,411.189332002701,3.96095335050681
427.474831950289,12.094833549107,3.30597730131224
360.21237033895,293.242968611765,3.01175332308721
606.973182752592,105.310532974171,4.21492635784333
397.174622530597,232.366844456732,4.28504139171955
572.80351742364,415.048264229511,4.73093839906274
146.861076377075,277.681313281761,4.51501203369061
196.019909364199,369.547087694748,4.05141855474298
125.841358620893,407.442409229379,3.56059435116352
629.678018401191,312.865704111787,4.55858926321424
0.705270652770656,149.051833214996,4.31623013579562
540.975436713818,202.111261733192,4.1915526035657
31.578565658568,491.427057253896,3.194451129671
279.486260498872,21.0491001944077,3.87290671619725
534.720454198766,390.075048387424,3.34407897771831
81.3377155003923,82.7897403486253,5.12892267337647
3.68478928272346,81.1844911855701,3.51871117937999
591.477762924982,226.603175806112,3.96292567608066
435.6351568957,460.735969380102,4.7630474935356
658.273510466255,369.726232251363,3.04132155531772
103.948715889535,485.363706953562,4.34297459146605
624.608176138758,90.6850590032779,4.08954946858203
418.78017210561,257.526816613206,3.64170057461307
11.6357387311099,182.885032410944,3.15802597654922
67.1314274642205,118.218411995423,4.49807067369748
604.599336279611,202.588335911582,4.38075007059209
249.055079468824,217.189501074969,3.58711706656249
567.953555257867,432.872552888241,3.58826256441421
300.361388181336,133.861255962179,3.96414131107455
528.363702365803,451.760651762901,3.79112862307299
44.2889198962008,421.425113593311,3.78670720394198
199.175174121013,282.040365031346,4.03428576105845
554.650530600001,263.733766351305,3.68463233608415
170.3801008775,42.5985568036121,4.28800901881218
482.329610570404,345.243749849775,4.27700996104961
34.750703029185,46.9470654561652,3.88526611791406
522.93446128011,169.840599961657,4.60473557420927
NA,NA,NA
660.744757869239,334.564758070271,3.53540927950933
456.610239386909,296.997041900891,3.72515949855197
11.1016217077002,492.87370470045,3.60174078227567
563.056404542376,51.5321869426253,4.17787269104787
69.2959982539785,376.407205803418,3.89517326826519
228.716541092982,411.189332002701,3.96095335050681
427.474831950289,12.094833549107,3.30597730131224
360.21237033895,293.242968611765,3.01175332308721
606.973182752592,105.310532974171,4.21492635784333
397.174622530597,232.366844456732,4.28504139171955
572.80351742364,415.048264229511,4.73093839906274
146.861076377075,277.681313281761,4.51501203369061
196.019909364199,369.547087694748,4.05141855474298
125.841358620893,407.442409229379,3.56059435116352
629.678018401191,312.865704111787,4.55858926321424
0.705270652770656,149.051833214996,4.31623013579562
540.975436713818,202.111261733192,4.1915526035657
31.578565658568,491.427057253896,3.194451129671
279.486260498872,21.0491001944077,3.87290671619725
534.720454198766,390.075048387424,3.34407897771831
81.3377155003923,82.7897403486253,5.12892267337647
3.68478928272346,81.1844911855701,3.51871117937999
591.477762924982,226.603175806112,3.96292567608066
435.6351568957,460.735969380102,4.7630474935356
658.273510466255,369.726232251363,3.04132155531772
103.948715889535,485.363706953562,4.34297459146605
624.608176138758,90.6850590032779,4.08954946858203
418.78017210561,257.526816613206,3.64170057461307
11.6357387311099,182.885032410944,3.15802597654922
67.1314274642205,118.218411995423,4.49807067369748
604.599336279611,202.588335911582,4.38075007059209
249.055079468824,217.189501074969,3.58711706656249
567.953555257867,432.872552888241,3.58826256441421
300.361388181336,133.861255962179,3.96414131107455
528.363702365803,451.760651762901,3.79112862307299
44.2889198962008,421.425113593311,3.78670720394198
199.175174121013,282.040365031346,4.03428576105845
554.650530600001,263.733766351305,3.68463233608415
170.3801008775,42.5985568036121,4.28800901881218
482.329610570404,345.243749849775,4.27700996104961
34.750703029185,46.9470654561652,3.88526611791406
522.93446128011,169.840599961657,4.60473557420927
NA,NA,NA
660.744757869239,334.564758070271,3.53540927950933
456.610239386909,296.997041900891,3.72515949855197
11.1016217077002,492.87370470045,3.60174078227567
563.056404542376,51.5321869426253,4.17787269104787
69.2959982539785,376.407205803418,3.89517326826519
228.716541092982,411.189332002701,3.96095335050681
427.474831950289,12.094833549107,3.30597730131224
360.21237033895,293.242968611765,3.01175332308721
606.973182752592,105.310532974171,4.21492635784333
397.174622530597,232.366844456732,4.28504139171955
572.80351742364,415.048264229511,4.73093839906274
146.861076377075,277.681313281761,4.51501203369061
196.019909364199,369.547087694748,4.05141855474298
125.841358620893,407.442409229379,3.56059435116352
629.678018401191,312.865704111787,4.55858926321424
0.705270652770656,149.051833214996,4.31623013579562
540.975436713818,202.111261733192,4.1915526035657
31.578565658568,491.427057253896,3.194451129671
279.486260498872,21.0491001944077,3.87290671619725
534.720454198766,390.075048387424,3.34407897771831
81.3377155003923,82.7897403486253,5.12892267337647
3.68478928272346,81.1844911855701,3.51871117937999
591.477762924982,226.603175806112,3.96292567608066
435.6351568957,460.735969380102,4.7630474935356
658.273510466255,369.726232251363,3.04132155531772
103.948715889535,485.363706953562,4.34297459146605
624.608176138758,90.6850590032779,4.08954946858203
418.78017210561,257.526816613206,3.64170057461307
11.6357387311099,182.885032410944,3.15802597654922
67.1314274642205,118.218411995423,4.49807067369748
604.599336279611,202.588335911582,4.38075007059209
249.055079468824,217.189501074969,3.58711706656249
567.953555257867,432.872552888241,3.58826256441421
300.361388181336,133.861255962179,3.96414131107455
528.363702365803,451.760651762901,3.79112862307299
44.2889198962008,421.425113593311,3.78670720394198
199.175174121013,282.040365031346,4.03428576105845
554.650530600001,263.733766351305,3.68463233608415
170.3801008775,42.5985568036121,4.28800901881218
482.329610570404,345.243749849775,4.27700996104961
34.750703029185,46.9470654561652,3.88526611791406
522.93446128011,169.840599961657,4.60473557420927
NA,NA,NA
660.744757869239,334.564758070271,3.53540927950933
456.610239386909,296.997041900891,3.72515949855197
11.1016217077002,492.87370470045,3.60174078227567
563.056404542376,51.5321869426253,4.17787269104787
69.2959982539785,376.407205803418,3.89517326826519
228.716541092982,411.189332002701,3.96095335050681
427.474831950289,12.094833549107,3.30597730131224
360.21237033895,293.242968611765,3.01175332308721
606.973182752592,105.310532974171,4.21492635784333
397.174622530597,232.366844456732,4.28504139171955
572.80351742364,415.048264229511,4.73093839906274
146.861076377075,277.681313281761,4.51501203369061
196.019909364199,369.547087694748,4.05141855474298
125.841358620893,407.442409229379,3.56059435116352
629.678018401191,312.865704111787,4.55858926321424
0.705270652770656,149.051833214996,4.31623013579562
540.975436713818,202.111261733192,4.1915526035657
31.578565658568,491.427057253896,3.194451129671
279.486260498872,21.0491001944077,3.87290671619725
534.720454198766,390.075048387424,3.34407897771831
81.3377155003923,82.7897403486253,5.12892267337647
3.68478928272346,81.1844911855701,3.51871117937999
591.477762924982,226.603175806112,3.96292567608066
435.6351568957,460.735969380102,4.7630474935356
658.273510466255,369.726232251363,3.04132155531772
103.948715889535,485.363706953562,4.34297459146605
624.608176138758,90.6850590032779,4.08954946858203
418.78017210561,257.526816613206,3.64170057461307
11.6357387311099,182.885032410944,3.15802597654922
67.1314274642205,118.218411995423,4.49807067369748
604.599336279611,202.588335911582,4.38075007059209
249.055079468824,217.189501074969,3.58711706656249
567.953555257867,432.872552888241,3.58826256441421
300.361388181336,133.861255962179,3.96414131107455
528.363702365803,451.760651762901,3.79112862307299
44.2889198962008,421.425113593311,3.78670720394198
199.175174121013,282.040365031346,4.03428576105845
554.650530600001,263.733766351305,3.68463233608415
170.3801008775,42.5985568036121,4.28800901881218
482.329610570404,345.243749849775,4.27700996104961
34.750703029185,46.9470654561652,3.88526611791406
522.93446128011,169.840599961657,4.60473557420927
NA,NA,NA
660.744757869239,334.564758070271,3.53540927950933
456.610239386909,296.997041900891,3.72515949855197
11.1016217077002,492.87370470045,3.60174078227567
563.056404542376,51.5321869426253,4.17787269104787
69.2959982539785,376.407205803418,3.89517326826519
228.716541092982,411.189332002701,3.96095335050681
427.474831950289,12.094833549107,3.30597730131224
360.21237033895,293.242968611765,3.01175332308721
606.973182752592,105.310532974171,4.21492635784333
397.174622530597,232.366844456732,4.28504139171955
572.80351742364,415.048264229511,4.73093839906274
146.861076377075,277.681313281761,4.51501203369061
196.019909364199,369.547087694748,4.05141855474298
125.841358620893,407.442409229379,3.56059435116352
629.678018401191,312.865704111787,4.55858926321424
0.705270652770656,149.051833214996,4.31623013579562
540.975436713818,202.111261733192,4.1915526035657
31.578565658568,491.427057253896,3.194451129671
279.486260498872,21.0491001944077,3.87290671619725
534.720454198766,390.075048387424,3.34407897771831
81.3377155003923,82.7897403486253,5.12892267337647
3.68478928272346,81.1844911855701,3.51871117937999
591.477762924982,226.603175806112,3.96292567608066
435.6351568957,460.735969380102,4.7630474935356
658.273510466255,369.726232251363,3.04132155531772
103.948715889535,485.363706953562,4.34297459146605
624.608176138758,90.6850590032779,4.08954946858203
418.78017210561,257.526816613206,3.64170057461307
11.6357387311099,182.885032410944,3.15802597654922
67.1314274642205,118.218411995423,4.49807067369748
604.599336279611,202.588335911582,4.38075007059209
249.055079468824,217.189501074969,3.58711706656249
567.953555257867,432.872552888241,3.58826256441421
300.361388181336,133.861255962179,3.96414131107455
528.363702365803,451.760651762901,3.79112862307299
44.2889198962008,421.425113593311,3.78670720394198
199.175174121013,282.040365031346,4.03428576105845
554.650530600001,263.733766351305,3.68463233608415
170.3801008775,42.5985568036121,4.28800901881218
482.329610570404,345.243749849775,4.27700996104961
34.750703029185,46.9470654561652,3.88526611791406
522.93446128011,169.840599961657,4.60473557420927
NA,NA,NA
659.899510805002,336.845860502591,3.59648809926084
454.435720069022,294.628444627437,3.75678259172021
15.2170444684885,493.815994258918,3.65298973482537
561.174880003427,47.6087744726979,4.18585260987167
75.671984199089,373.722854994725,4.02516807976478
229.526482208158,413.106935687546,3.95438592122011
429.408946411424,15.1055722109229,3.14614108236558
363.32086939777,289.610192416883,3.00864977227434
606.122398307665,106.732326226509,4.18446686990202
394.245848414568,229.826150467249,4.23088575025492
571.07304516826,406.573749670404,4.80465796368666
147.835632167207,284.152336453999,4.62726994057328
194.864449701553,365.358432681779,3.9981932242263
129.003411983769,412.822901837998,3.43890750675047
624.448191308204,310.581881115618,4.556223686234
2.28915195834252,150.794067567616,4.2534590846788
541.138022735543,199.768411464094,4.06803271355907
33.8680055595188,491.390836342405,3.09660857218841
276.177777415836,20.4684792367612,3.83160866710215
533.417356847505,391.42518633314,3.42542359371206
75.3491097009501,80.6496328156629,5.22708051261914
1.76821667080846,79.8235911609488,3.41956308847147
587.562050082882,225.753157208506,4.05050797562368
436.530221604989,457.582128894045,4.74661394177027
658.161373358963,373.941404518347,3.17913320514444
104.854602504851,493.679544453855,4.41036905524718
625.241950508322,90.2032981237029,4.04397463437409
417.331036742285,255.447809106864,3.66802448059158
11.5356797967049,182.390095383692,3.19465949096047
81.2157648858642,104.152996421382,4.47267769148162
609.355203393402,200.947366250489,4.57148443774224
258.177217358955,212.546648863832,3.8987182381228
571.062963198449,427.993053793212,3.73335099693793
300.661454994153,134.754043342128,3.72156435972422
535.724951718551,454.449408854549,3.4898700474961
44.7103682687213,416.812171698977,3.80753683042609
202.330141376981,283.597092364314,4.07882540816698
558.940005297449,257.464020342615,3.79980661788788
163.818366791189,14.324019744418,4.49444488768724
499.745610023676,354.231783478174,4.72629584744774
30.5384189254571,55.9875978146917,3.62640750105012
527.81987401673,169.473256917649,4.8354388691953
NA,NA,NA
659.899510805002,336.845860502591,3.59648809926084
454.435720069022,294.628444627437,3.75678259172021
15.2170444684885,493.815994258918,3.65298973482537
561.174880003427,47.6087744726979,4.18585260987167
75.671984199089,373.722854994725,4.02516807976478
229.526482208158,413.106935687546,3.95438592122011
429.408946411424,15.1055722109229,3.14614108236558
363.32086939777,289.610192416883,3.00864977227434
606.122398307665,106.732326226509,4.18446686990202
394.245848414568,229.826150467249,4.23088575025492
571.07304516826,406.573749670404,4.80465796368666
147.835632167207,284.152336453999,4.62726994057328
194.864449701553,365.358432681779,3.9981932242263
129.003411983769,412.822901837998,3.43890750675047
624.448191308204,310.581881115618,4.556223686234
2.28915195834252,150.794067567616,4.2534590846788
541.138022735543,199.768411464094,4.06803271355907
33.8680055595188,491.390836342405,3.09660857218841
276.177777415836,20.4684792367612,3.83160866710215
533.417356847505,391.42518633314,3.42542359371206
75.3491097009501,80.6496328156629,5.22708051261914
1.76821667080846,79.8235911609488,3.41956308847147
587.562050082882,225.753157208506,4.05050797562368
436.530221604989,457.582128894045,4.74661394177027
658.161373358963,373.941404518347,3.17913320514444
104.854602504851,493.679544453855,4.41036905524718
625.241950508322,90.2032981237029,4.04397463437409
417.331036742285,255.447809106864,3.66802448059158
11.5356797967049,182.390095383692,3.19465949096047
81.2157648858642,104.152996421382,4.47267769148162
609.355203393402,200.947366250489,4.57148443774224
258.177217358955,212.546648863832,3.8987182381228
571.062963198449,427.993053793212,3.73335099693793
300.661454994153,134.754043342128,3.72156435972422
535.724951718551,454.449408854549,3.4898700474961
44.7103682687213,416.812171698977,3.80753683042609
202.330141376981,283.597092364314,4.07882540816698
558.940005297449,257.464020342615,3.79980661788788
163.818366791189,14.324019744418,4.49444488768724
499.745610023676,354.231783478174,4.72629584744774
30.5384189254571,55.9875978146917,3.62640750105012
527.81987401673,169.473256917649,4.8354388691953
NA,NA,NA
659.899510805002,336.845860502591,3.59648809926084
454.435720069022,294.628444627437,3.75678259172021
15.2170444684885,493.815994258918,3.65298973482537
561.174880003427,47.6087744726979,4.18585260987167
75.671984199089,373.722854994725,4.02516807976478
229.526482208158,413.106935687546,3.95438592122011
429.408946411424,15.1055722109229,3.14614108236558
363.32086939777,289.610192416883,3.00864977227434
606.122398307665,106.732326226509,4.18446686990202
394.245848414568,229.826150467249,4.23088575025492
571.07304516826,406.573749670404,4.80465796368666
147.835632167207,284.152336453999,4.62726994057328
194.864449701553,365.358432681779,3.9981932242263
129.003411983769,412.822901837998,3.43890750675047
624.448191308204,310.581881115618,4.556223686234
2.28915195834252,150.794067567616,4.2534590846788
541.138022735543,199.768411464094,4.06803271355907
33.8680055595188,491.390836342405,3.09660857218841
276.177777415836,20.4684792367612,3.83160866710215
533.417356847505,391.42518633314,3.42542359371206
75.3491097009501,80.6496328156629,5.22708051261914
1.76821667080846,79.8235911609488,3.41956308847147
587.562050082882,225.753157208506,4.05050797562368
436.530221604989,457.582128894045,4.74661394177027
658.161373358963,373.941404518347,3.17913320514444
104.854602504851,493.679544453855,4.41036905524718
625.241950508322,90.2032981237029,4.04397463437409
417.331036742285,255.447809106864,3.66802448059158
11.5356797967049,182.390095383692,3.19465949096047
81.2157648858642,104.152996421382,4.47267769148162
609.355203393402,200.947366250489,4.57148443774224
258.177217358955,212.546648863832,3.8987182381228
571.062963198449,427.993053793212,3.73335099693793
300.661454994153,134.754043342128,3.72156435972422
535.724951718551,454.449408854549,3.4898700474961
44.7103682687213,416.812171698977,3.80753683042609
202.330141376981,283.597092364314,4.07882540816698
558.940005297449,257.464020342615,3.79980661788788
163.818366791189,14.324019744418,4.49444488768724
499.745610023676,354.231783478174,4.72629584744774
30.5384189254571,55.9875978146917,3.62640750105012
527.81987401673,169.473256917649,4.8354388691953
NA,NA,NA
659.899510805002,336.845860502591,3.59648809926084
454.435720069022,294.628444627437,3.75678259172021
15.2170444684885,493.815994258918,3.65298973482537
561.174880003427,47.6087744726979,4.18585260987167
75.671984199089,373.722854994725,4.02516807976478
229.526482208158,413.106935687546,3.95438592122011
429.408946411424,15.1055722109229,3.14614108236558
363.32086939777,289.610192416883,3.00864977227434
606.122398307665,106.732326226509,4.18446686990202
394.245848414568,229.826150467249,4.23088575025492
571.07304516826,406.573749670404,4.80465796368666
147.835632167207,284.152336453999,4.62726994057328
194.864449701553,365.358432681779,3.9981932242263
129.003411983769,412.822901837998,3.43890750675047
624.448191308204,310.581881115618,4.556223686234
2.28915195834252,150.794067567616,4.2534590846788
541.138022735543,199.768411464094,4.06803271355907
33.8680055595188,491.390836342405,3.09660857218841
276.177777415836,20.4684792367612,3.83160866710215
533.417356847505,391.42518633314,3.42542359371206
75.3491097009501,80.6496328156629,5.22708051261914
1.76821667080846,79.8235911609488,3.41956308847147
587.562050082882,225.753157208506,4.05050797562368
436.530221604989,457.582128894045,4.74661394177027
658.161373358963,373.941404518347,3.17913320514444
104.854602504851,493.679544453855,4.41036905524718
625.241950508322,90.2032981237029,4.04397463437409
417.331036742285,255.447809106864,3.66802448059158
11.5356797967049,182.390095383692,3.19465949096047
81.2157648858642,104.152996421382,4.47267769148162
609.355203393402,200.947366250489,4.57148443774224
258.177217358955,212.546648863832,3.8987182381228
571.062963198449,427.993053793212,3.73335099693793
300.661454994153,134.754043342128,3.72156435972422
535.724951718551,454.449408854549,3.4898700474961
44.7103682687213,416.812171698977,3.80753683042609
202.330141376981,283.597092364314,4.07882540816698
558.940005297449,257.464020342615,3.79980661788788
163.818366791189,14.324019744418,4.49444488768724
499.745610023676,354.231783478174,4.72629584744774
30.5384189254571,55.9875978146917,3.62640750105012
527.81987401673,169.473256917649,4.8354388691953
NA,NA,NA
659.899510805002,336.845860502591,3.59648809926084
454.435720069022,294.628444627437,3.75678259172021
15.2170444684885,493.815994258918,3.65298973482537
561.174880003427,47.6087744726979,4.18585260987167
75.671984199089,373.722854994725,4.02516807976478
229.526482208158,413.106935687546,3.95438592122011
429.408946411424,15.1055722109229,3.14614108236558
363.32086939777,289.610192416883,3.00864977227434
606.122398307665,106.732326226509,4.18446686990202
394.245848414568,229.826150467249,4.23088575025492
571.07304516826,406.573749670404,4.80465796368666
147.835632167207,284.152336453999,4.62726994057328
194.864449701553,365.358432681779,3.9981932242263
129.003411983769,412.822901837998,3.43890750675047
624.448191308204,310.581881115618,4.556223686234
2.28915195834252,150.794067567616,4.2534590846788
541.138022735543,199.768411464094,4.06803271355907
33.8680055595188,491.390836342405,3.09660857218841
276.177777415836,20.4684792367612,3.83160866710215
533.417356847505,391.42518633314,3.42542359371206
75.3491097009501,80.6496328156629,5.22708051261914
1.76821667080846,79.8235911609488,3.41956308847147
587.562050082882,225.753157208506,4.05050797562368
436.530221604989,457.582128894045,4.74661394177027
658.161373358963,373.941404518347,3.17913320514444
104.854602504851,493.679544453855,4.41036905524718
625.241950508322,90.2032981237029,4.04397463437409
417.331036742285,255.447809106864,3.66802448059158
11.5356797967049,182.390095383692,3.19465949096047
81.2157648858642,104.152996421382,4.47267769148162
609.355203393402,200.947366250489,4.57148443774224
258.177217358955,212.546648863832,3.8987182381228
571.062963198449,427.993053793212,3.73335099693793
300.661454994153,134.754043342128,3.72156435972422
535.724951718551,454.449408854549,3.4898700474961
44.7103682687213,416.812171698977,3.80753683042609
202.330141376981,283.597092364314,4.07882540816698
558.940005297449,257.464020342615,3.79980661788788
163.818366791189,14.324019744418,4.49444488768724
499.745610023676,354.231783478174,4.72629584744774
30.5384189254571,55.9875978146917,3.62640750105012
527.81987401673,169.473256917649,4.8354388691953
NA,NA,NA
659.899510805002,336.845860502591,3.59648809926084
454.435720069022,294.628444627437,3.75678259172021
15.2170444684885,493.815994258918,3.65298973482537
561.174880003427,47.6087744726979,4.18585260987167
75.671984199089,373.722854994725,4.02516807976478
229.526482208158,413.106935687546,3.95438592122011
429.408946411424,15.1055722109229,3.14614108236558
363.32086939777,289.610192416883,3.00864977227434
606.122398307665,106.732326226509,4.18446686990202
394.245848414568,229.826150467249,4.23088575025492
571.07304516826,406.573749670404,4.80465796368666
147.835632167207,284.152336453999,4.62726994057328
194.864449701553,365.358432681779,3.9981932242263
129.003411983769,412.822901837998,3.43890750675047
624.448191308204,310.581881115618,4.556223686234
2.28915195834252,150.794067567616,4.2534590846788
541.138022735543,199.768411464094,4.06803271355907
33.8680055595188,491.390836342405,3.09660857218841
276.177777415836,20.4684792367612,3.83160866710215
533.417356847505,391.42518633314,3.42542359371206
75.3491097009501,80.6496328156629,5.22708051261914
1.76821667080846,79.8235911609488,3.41956308847147
587.562050082882,225.753157208506,4.05050797562368
436.530221604989,457.582128894045,4.74661394177027
658.161373358963,373.941404518347,3.17913320514444
104.854602504851,493.679544453855,4.41036905524718
625.241950508322,90.2032981237029,4.04397463437409
417.331036742285,255.447809106864,3.66802448059158
11.5356797967049,182.390095383692,3.19465949096047
81.2157648858642,104.152996421382,4.47267769148162
609.355203393402,200.947366250489,4.57148443774224
258.177217358955,212.546648863832,3.8987182381228
571.062963198449,427.993053793212,3.73335099693793
300.661454994153,134.754043342128,3.72156435972422
535.724951718551,454.449408854549,3.4898700474961
44.7103682687213,416.812171698977,3.80753683042609
202.330141376981,283.597092364314,4.07882540816698
558.940005297449,257.464020342615,3.79980661788788
163.818366791189,14.324019744418,4.49444488768724
499.745610023676,354.231783478174,4.72629584744774
30.5384189254571,55.9875978146917,3.62640750105012
527.81987401673,169.473256917649,4.8354388691953
NA,NA,NA
660.545689762444,337.492028778121,3.56259118432683
455.144384233605,300.109661462237,3.76545775070283
12.1612808952129,494.113120268803,3.55280457007877
563.704052743361,50.6078902823441,4.1993794299722
68.3365163000283,375.993838953088,4.19303195747254
227.674307554878,411.89733641511,3.87411888142936
431.279296904198,9.8697341644183,3.45444470195459
361.911357756553,290.301411711471,3.05706560810836
604.602099787503,103.107842750323,4.17601993791302
388.489836063952,230.667921141256,4.15643795997516
569.227727925857,404.030108274297,4.75556946926311
135.881012270595,284.907635477991,4.64793246364402
198.193907374518,379.898634397679,4.08205090024186
125.440799017923,414.830157720906,3.34947096352324
627.651408805353,316.827117832406,4.51024220966632
6.71074423641745,145.938473967395,4.27100917129048
545.633795851273,197.194549889091,4.09958710085962
34.3849615159747,491.452429286614,2.96177031790795
283.215349214344,22.9447983694478,4.01399936940657
535.238979886215,392.885899899921,3.40418436373872
75.0925107475382,74.5075712918037,5.23193645164203
1.70133764294862,72.743932562007,3.50322463834561
586.638829279402,228.406289392982,4.15534867129283
441.707651988028,462.415814015248,4.72074896101676
661.947633287893,372.649292695157,3.0810146333104
107.874873593042,488.879938949536,4.30454253122382
620.173443140618,88.3369491979286,4.05804850302331
419.087178770809,256.56720742888,3.66877151203631
11.748635775319,183.997649180478,3.27520775036029
66.492754500015,115.723450580738,4.53152109599366
610.363944935432,203.229209072742,4.27292259971996
246.90979089413,217.085012035492,3.63019461823304
572.440412272013,425.097986977844,3.95915787151577
299.860806961814,136.188566777618,3.98262979196742
533.560631770552,457.39971653354,3.72589197346589
39.3168048176985,426.837005667635,3.45204912713559
203.798168657881,287.832350728509,4.03061182038904
552.86505958537,259.478441478486,4.04177227718708
161.628571514202,28.1361221656716,4.05584293622507
502.2851060852,339.092365049224,4.71465850896932
33.3187199502554,54.6729419129266,3.78866779447443
535.833544593028,134.174875387184,4.48175417059309
NA,NA,NA
660.545689762444,337.492028778121,3.56259118432683
455.144384233605,300.109661462237,3.76545775070283
12.1612808952129,494.113120268803,3.55280457007877
563.704052743361,50.6078902823441,4.1993794299722
68.3365163000283,375.993838953088,4.19303195747254
227.674307554878,411.89733641511,3.87411888142936
431.279296904198,9.8697341644183,3.45444470195459
361.911357756553,290.301411711471,3.05706560810836
604.602099787503,103.107842750323,4.17601993791302
388.489836063952,230.667921141256,4.15643795997516
569.227727925857,404.030108274297,4.75556946926311
135.881012270595,284.907635477991,4.64793246364402
198.193907374518,379.898634397679,4.08205090024186
125.440799017923,414.830157720906,3.34947096352324
627.651408805353,316.827117832406,4.51024220966632
6.71074423641745,145.938473967395,4.27100917129048
545.633795851273,197.194549889091,4.09958710085962
34.3849615159747,491.452429286614,2.96177031790795
283.215349214344,22.9447983694478,4.01399936940657
535.238979886215,392.885899899921,3.40418436373872
75.0925107475382,74.5075712918037,5.23193645164203
1.70133764294862,72.743932562007,3.50322463834561
586.638829279402,228.406289392982,4.15534867129283
441.707651988028,462.415814015248,4.72074896101676
661.947633287893,372.649292695157,3.0810146333104
107.874873593042,488.879938949536,4.30454253122382
620.173443140618,88.3369491979286,4.05804850302331
419.087178770809,256.56720742888,3.66877151203631
11.748635775319,183.997649180478,3.27520775036029
66.492754500015,115.723450580738,4.53152109599366
610.363944935432,203.229209072742,4.27292259971996
246.90979089413,217.085012035492,3.63019461823304
572.440412272013,425.097986977844,3.95915787151577
299.860806961814,136.188566777618,3.98262979196742
533.560631770552,457.39971653354,3.72589197346589
39.3168048176985,426.837005667635,3.45204912713559
203.798168657881,287.832350728509,4.03061182038904
552.86505958537,259.478441478486,4.04177227718708
161.628571514202,28.1361221656716,4.05584293622507
502.2851060852,339.092365049224,4.71465850896932
33.3187199502554,54.6729419129266,3.78866779447443
535.833544593028,134.174875387184,4.48175417059309
NA,NA,NA
660.545689762444,337.492028778121,3.56259118432683
455.144384233605,300.109661462237,3.76545775070283
12.1612808952129,494.113120268803,3.55280457007877
563.704052743361,50.6078902823441,4.1993794299722
68.3365163000283,375.993838953088,4.19303195747254
227.674307554878,411.89733641511,3.87411888142936
431.279296904198,9.8697341644183,3.45444470195459
361.911357756553,290.301411711471,3.05706560810836
604.602099787503,103.107842750323,4.17601993791302
388.489836063952,230.667921141256,4.15643795997516
569.227727925857,404.030108274297,4.75556946926311
135.881012270595,284.907635477991,4.64793246364402
198.193907374518,379.898634397679,4.08205090024186
125.440799017923,414.830157720906,3.34947096352324
627.651408805353,316.827117832406,4.51024220966632
6.71074423641745,145.938473967395,4.27100917129048
545.633795851273,197.194549889091,4.09958710085962
34.3849615159747,491.452429286614,2.96177031790795
283.215349214344,22.9447983694478,4.01399936940657
535.238979886215,392.885899899921,3.40418436373872
75.0925107475382,74.5075712918037,5.23193645164203
1.70133764294862,72.743932562007,3.50322463834561
586.638829279402,228.406289392982,4.15534867129283
441.707651988028,462.415814015248,4.72074896101676
661.947633287893,372.649292695157,3.0810146333104
107.874873593042,488.879938949536,4.30454253122382
620.173443140618,88.3369491979286,4.05804850302331
419.087178770809,256.56720742888,3.66877151203631
11.748635775319,183.997649180478,3.27520775036029
66.492754500015,115.723450580738,4.53152109599366
610.363944935432,203.229209072742,4.27292259971996
246.90979089413,217.085012035492,3.63019461823304
572.440412272013,425.097986977844,3.95915787151577
299.860806961814,136.188566777618,3.98262979196742
533.560631770552,457.39971653354,3.72589197346589
39.3168048176985,426.837005667635,3.45204912713559
203.798168657881,287.832350728509,4.03061182038904
552.86505958537,259.478441478486,4.04177227718708
161.628571514202,28.1361221656716,4.05584293622507
502.2851060852,339.092365049224,4.71465850896932
33.3187199502554,54.6729419129266,3.78866779447443
535.833544593028,134.174875387184,4.48175417059309
NA,NA,NA
660.545689762444,337.492028778121,3.56259118432683
455.144384233605,300.109661462237,3.76545775070283
12.1612808952129,494.113120268803,3.55280457007877
563.704052743361,50.6078902823441,4.1993794299722
68.3365163000283,375.993838953088,4.19303195747254
227.674307554878,411.89733641511,3.87411888142936
431.279296904198,9.8697341644183,3.45444470195459
361.911357756553,290.301411711471,3.05706560810836
604.602099787503,103.107842750323,4.17601993791302
388.489836063952,230.667921141256,4.15643795997516
569.227727925857,404.030108274297,4.75556946926311
135.881012270595,284.907635477991,4.64793246364402
198.193907374518,379.898634397679,4.08205090024186
125.440799017923,414.830157720906,3.34947096352324
627.651408805353,316.827117832406,4.51024220966632
6.71074423641745,145.938473967395,4.27100917129048
545.633795851273,197.194549889091,4.09958710085962
34.3849615159747,491.452429286614,2.96177031790795
283.215349214344,22.9447983694478,4.01399936940657
535.238979886215,392.885899899921,3.40418436373872
75.0925107475382,74.5075712918037,5.23193645164203
1.70133764294862,72.743932562007,3.50322463834561
586.638829279402,228.406289392982,4.15534867129283
441.707651988028,462.415814015248,4.72074896101676
661.947633287893,372.649292695157,3.0810146333104
107.874873593042,488.879938949536,4.30454253122382
620.173443140618,88.3369491979286,4.05804850302331
419.087178770809,256.56720742888,3.66877151203631
11.748635775319,183.997649180478,3.27520775036029
66.492754500015,115.723450580738,4.53152109599366
610.363944935432,203.229209072742,4.27292259971996
246.90979089413,217.085012035492,3.63019461823304
572.440412272013,425.097986977844,3.95915787151577
299.860806961814,136.188566777618,3.98262979196742
533.560631770552,457.39971653354,3.72589197346589
39.3168048176985,426.837005667635,3.45204912713559
203.798168657881,287.832350728509,4.03061182038904
552.86505958537,259.478441478486,4.04177227718708
161.628571514202,28.1361221656716,4.05584293622507
502.2851060852,339.092365049224,4.71465850896932
33.3187199502554,54.6729419129266,3.78866779447443
535.833544593028,134.174875387184,4.48175417059309
NA,NA,NA
660.545689762444,337.492028778121,3.56259118432683
455.144384233605,300.109661462237,3.76545775070283
12.1612808952129,494.113120268803,3.55280457007877
563.704052743361,50.6078902823441,4.1993794299722
68.3365163000283,375.993838953088,4.19303195747254
227.674307554878,411.89733641511,3.87411888142936
431.279296904198,9.8697341644183,3.45444470195459
361.911357756553,290.301411711471,3.05706560810836
604.602099787503,103.107842750323,4.17601993791302
388.489836063952,230.667921141256,4.15643795997516
569.227727925857,404.030108274297,4.75556946926311
135.881012270595,284.907635477991,4.64793246364402
198.193907374518,379.898634397679,4.08205090024186
125.440799017923,414.830157720906,3.34947096352324
627.651408805353,316.827117832406,4.51024220966632
6.71074423641745,145.938473967395,4.27100917129048
545.633795851273,197.194549889091,4.09958710085962
34.3849615159747,491.452429286614,2.96177031790795
283.215349214344,22.9447983694478,4.01399936940657
535.238979886215,392.885899899921,3.40418436373872
75.0925107475382,74.5075712918037,5.23193645164203
1.70133764294862,72.743932562007,3.50322463834561
586.638829279402,228.406289392982,4.15534867129283
441.707651988028,462.415814015248,4.72074896101676
661.947633287893,372.649292695157,3.0810146333104
107.874873593042,488.879938949536,4.30454253122382
620.173443140618,88.3369491979286,4.05804850302331
419.087178770809,256.56720742888,3.66877151203631
11.748635775319,183.997649180478,3.27520775036029
66.492754500015,115.723450580738,4.53152109599366
610.363944935432,203.229209072742,4.27292259971996
246.90979089413,217.085012035492,3.63019461823304
572.440412272013,425.097986977844,3.95915787151577
299.860806961814,136.188566777618,3.98262979196742
533.560631770552,457.39971653354,3.72589197346589
39.3168048176985,426.837005667635,3.45204912713559
203.798168657881,287.832350728509,4.03061182038904
552.86505958537,259.478441478486,4.04177227718708
161.628571514202,28.1361221656716,4.05584293622507
502.2851060852,339.092365049224,4.71465850896932
33.3187199502554,54.6729419129266,3.78866779447443
535.833544593028,134.174875387184,4.48175417059309
NA,NA,NA
660.545689762444,337.492028778121,3.56259118432683
455.144384233605,300.109661462237,3.76545775070283
12.1612808952129,494.113120268803,3.55280457007877
563.704052743361,50.6078902823441,4.1993794299722
68.3365163000283,375.993838953088,4.19303195747254
227.674307554878,411.89733641511,3.87411888142936
431.279296904198,9.8697341644183,3.45444470195459
361.911357756553,290.301411711471,3.05706560810836
604.602099787503,103.107842750323,4.17601993791302
388.489836063952,230.667921141256,4.15643795997516
569.227727925857,404.030108274297,4.75556946926311
135.881012270595,284.907635477991,4.64793246364402
198.193907374518,379.898634397679,4.08205090024186
125.440799017923,414.830157720906,3.34947096352324
627.651408805353,316.827117832406,4.51024220966632
6.71074423641745,145.938473967395,4.27100917129048
545.633795851273,197.194549889091,4.09958710085962
34.3849615159747,491.452429286614,2.96177031790795
283.215349214344,22.9447983694478,4.01399936940657
535.238979886215,392.885899899921,3.40418436373872
75.0925107475382,74.5075712918037,5.23193645164203
1.70133764294862,72.743932562007,3.50322463834561
586.638829279402,228.406289392982,4.15534867129283
441.707651988028,462.415814015248,4.72074896101676
661.947633287893,372.649292695157,3.0810146333104
107.874873593042,488.879938949536,4.30454253122382
620.173443140618,88.3369491979286,4.05804850302331
419.087178770809,256.56720742888,3.66877151203631
11.748635775319,183.997649180478,3.27520775036029
66.492754500015,115.723450580738,4.53152109599366
610.363944935432,203.229209072742,4.27292259971996
246.90979089413,217.085012035492,3.63019461823304
572.440412272013,425.097986977844,3.95915787151577
299.860806961814,136.188566777618,3.98262979196742
533.560631770552,457.39971653354,3.72589197346589
39.3168048176985,426.837005667635,3.45204912713559
203.798168657881,287.832350728509,4.03061182038904
552.86505958537,259.478441478486,4.04177227718708
161.628571514202,28.1361221656716,4.05584293622507
502.2851060852,339.092365049224,4.71465850896932
33.3187199502554,54.6729419129266,3.78866779447443
535.833544593028,134.174875387184,4.48175417059309
NA,NA,NA
663.019648610532,332.664714275477,3.41055096759715
455.937241293849,301.747654707873,3.64146851078066
14.3448594977022,497.318262842683,3.5153788649528
558.351765454661,53.1108257994295,4.2466120389635
72.8292186073896,374.486910501743,3.85590460333481
224.220396369036,414.173270521747,3.81976405002692
427.158247321439,13.0772390445242,3.47910395667256
362.25707439631,292.897401658287,3.0106338847203
603.138170449823,102.447057799972,4.11781810073617
393.388169807065,230.411020049557,4.12320346546027
565.779727977455,409.099693718901,4.69508471318986
141.033239563199,277.811438224877,4.59666791329328
198.10172089825,369.147449494511,3.97707545225366
124.090897522274,412.124521271611,3.36595045788499
619.10125475159,311.37861716488,4.59070945171843
11.6023937012925,144.323863368491,4.30764984203678
541.181026350596,206.625011884591,4.09695240006136
35.3986143434761,492.570600557626,3.01680562552047
281.364929933567,22.1675135911288,3.70883816432611
534.236858836448,391.060610072358,3.42500844048338
85.7257856691758,78.4544210637042,5.27073141459602
7.90665264540101,76.5362550682741,3.49144001947748
586.837118888135,231.523054150942,4.03095369304486
441.857667689732,460.794470175996,4.81767175340469
657.531378129928,375.377426868518,3.06910052444619
108.706182270534,482.457523855748,4.35101519604394
620.315778918655,89.3033944481025,4.06479246604283
416.069242624834,254.667477184497,3.6424672079098
11.4108582616126,180.326104850846,3.24445344097884
53.9819148381493,101.69769388455,4.45373482471292
606.233791273497,211.088015982934,4.54636038342376
257.419880268637,222.457983006102,3.8094215615101
571.975931838345,440.861788354257,3.81769600241603
300.596195853008,137.402552249859,3.90680421134268
538.012509442983,457.198291889361,3.78675293038051
55.2150580667299,415.049026773318,3.77785778017617
194.143301681687,298.816656412776,3.97490471565368
543.068029916847,282.33354541392,3.76203264180138
170.448348112518,31.0908313970011,4.37154192647692
507.078723372555,346.76269109807,4.15850987919235
32.426569017387,55.7183424395585,3.92804873736468
531.484372197498,148.042683746644,4.27949026192882
NA,NA,NA
663.019648610532,332.664714275477,3.41055096759715
455.937241293849,301.747654707873,3.64146851078066
14.3448594977022,497.318262842683,3.5153788649528
558.351765454661,53.1108257994295,4.2466120389635
72.8292186073896,374.486910501743,3.85590460333481
224.220396369036,414.173270521747,3.81976405002692
427.158247321439,13.0772390445242,3.47910395667256
362.25707439631,292.897401658287,3.0106338847203
603.138170449823,102.447057799972,4.11781810073617
393.388169807065,230.411020049557,4.12320346546027
565.779727977455,409.099693718901,4.69508471318986
141.033239563199,277.811438224877,4.59666791329328
198.10172089825,369.147449494511,3.97707545225366
124.090897522274,412.124521271611,3.36595045788499
619.10125475159,311.37861716488,4.59070945171843
11.6023937012925,144.323863368491,4.30764984203678
541.181026350596,206.625011884591,4.09695240006136
35.3986143434761,492.570600557626,3.01680562552047
281.364929933567,22.1675135911288,3.70883816432611
534.236858836448,391.060610072358,3.42500844048338
85.7257856691758,78.4544210637042,5.27073141459602
7.90665264540101,76.5362550682741,3.49144001947748
586.837118888135,231.523054150942,4.03095369304486
441.857667689732,460.794470175996,4.81767175340469
657.531378129928,375.377426868518,3.06910052444619
108.706182270534,482.457523855748,4.35101519604394
620.315778918655,89.3033944481025,4.06479246604283
416.069242624834,254.667477184497,3.6424672079098
11.4108582616126,180.326104850846,3.24445344097884
53.9819148381493,101.69769388455,4.45373482471292
606.233791273497,211.088015982934,4.54636038342376
257.419880268637,222.457983006102,3.8094215615101
571.975931838345,440.861788354257,3.81769600241603
300.596195853008,137.402552249859,3.90680421134268
538.012509442983,457.198291889361,3.78675293038051
55.2150580667299,415.049026773318,3.77785778017617
194.143301681687,298.816656412776,3.97490471565368
543.068029916847,282.33354541392,3.76203264180138
170.448348112518,31.0908313970011,4.37154192647692
507.078723372555,346.76269109807,4.15850987919235
32.426569017387,55.7183424395585,3.92804873736468
531.484372197498,148.042683746644,4.27949026192882
NA,NA,NA
663.019648610532,332.664714275477,3.41055096759715
455.937241293849,301.747654707873,3.64146851078066
14.3448594977022,497.318262842683,3.5153788649528
558.351765454661,53.1108257994295,4.2466120389635
72.8292186073896,374.486910501743,3.85590460333481
224.220396369036,414.173270521747,3.81976405002692
427.158247321439,13.0772390445242,3.47910395667256
362.25707439631,292.897401658287,3.0106338847203
603.138170449823,102.447057799972,4.11781810073617
393.388169807065,230.411020049557,4.12320346546027
565.779727977455,409.099693718901,4.69508471318986
141.033239563199,277.811438224877,4.59666791329328
198.10172089825,369.147449494511,3.97707545225366
124.090897522274,412.124521271611,3.36595045788499
619.10125475159,311.37861716488,4.59070945171843
11.6023937012925,144.323863368491,4.30764984203678
541.181026350596,206.625011884591,4.09695240006136
35.3986143434761,492.570600557626,3.01680562552047
281.364929933567,22.1675135911288,3.70883816432611
534.236858836448,391.060610072358,3.42500844048338
85.7257856691758,78.4544210637042,5.27073141459602
7.90665264540101,76.5362550682741,3.49144001947748
586.837118888135,231.523054150942,4.03095369304486
441.857667689732,460.794470175996,4.81767175340469
657.531378129928,375.377426868518,3.06910052444619
108.706182270534,482.457523855748,4.35101519604394
620.315778918655,89.3033944481025,4.06479246604283
416.069242624834,254.667477184497,3.6424672079098
11.4108582616126,180.326104850846,3.24445344097884
53.9819148381493,101.69769388455,4.45373482471292
606.233791273497,211.088015982934,4.54636038342376
257.419880268637,222.457983006102,3.8094215615101
571.975931838345,440.861788354257,3.81769600241603
300.596195853008,137.402552249859,3.90680421134268
538.012509442983,457.198291889361,3.78675293038051
55.2150580667299,415.049026773318,3.77785778017617
194.143301681687,298.816656412776,3.97490471565368
543.068029916847,282.33354541392,3.76203264180138
170.448348112518,31.0908313970011,4.37154192647692
507.078723372555,346.76269109807,4.15850987919235
32.426569017387,55.7183424395585,3.92804873736468
531.484372197498,148.042683746644,4.27949026192882
NA,NA,NA
663.019648610532,332.664714275477,3.41055096759715
455.937241293849,301.747654707873,3.64146851078066
14.3448594977022,497.318262842683,3.5153788649528
558.351765454661,53.1108257994295,4.2466120389635
72.8292186073896,374.486910501743,3.85590460333481
224.220396369036,414.173270521747,3.81976405002692
427.158247321439,13.0772390445242,3.47910395667256
362.25707439631,292.897401658287,3.0106338847203
603.138170449823,102.447057799972,4.11781810073617
393.388169807065,230.411020049557,4.12320346546027
565.779727977455,409.099693718901,4.69508471318986
141.033239563199,277.811438224877,4.59666791329328
198.10172089825,369.147449494511,3.97707545225366
124.090897522274,412.124521271611,3.36595045788499
619.10125475159,311.37861716488,4.59070945171843
11.6023937012925,144.323863368491,4.30764984203678
541.181026350596,206.625011884591,4.09695240006136
35.3986143434761,492.570600557626,3.01680562552047
281.364929933567,22.1675135911288,3.70883816432611
534.236858836448,391.060610072358,3.42500844048338
85.7257856691758,78.4544210637042,5.27073141459602
7.90665264540101,76.5362550682741,3.49144001947748
586.837118888135,231.523054150942,4.03095369304486
441.857667689732,460.794470175996,4.81767175340469
657.531378129928,375.377426868518,3.06910052444619
108.706182270534,482.457523855748,4.35101519604394
620.315778918655,89.3033944481025,4.06479246604283
416.069242624834,254.667477184497,3.6424672079098
11.4108582616126,180.326104850846,3.24445344097884
53.9819148381493,101.69769388455,4.45373482471292
606.233791273497,211.088015982934,4.54636038342376
257.419880268637,222.457983006102,3.8094215615101
571.975931838345,440.861788354257,3.81769600241603
300.596195853008,137.402552249859,3.90680421134268
538.012509442983,457.198291889361,3.78675293038051
55.2150580667299,415.049026773318,3.77785778017617
194.143301681687,298.816656412776,3.97490471565368
543.068029916847,282.33354541392,3.76203264180138
170.448348112518,31.0908313970011,4.37154192647692
507.078723372555,346.76269109807,4.15850987919235
32.426569017387,55.7183424395585,3.92804873736468
531.484372197498,148.042683746644,4.27949026192882
NA,NA,NA
663.019648610532,332.664714275477,3.41055096759715
455.937241293849,301.747654707873,3.64146851078066
14.3448594977022,497.318262842683,3.5153788649528
558.351765454661,53.1108257994295,4.2466120389635
72.8292186073896,374.486910501743,3.85590460333481
224.220396369036,414.173270521747,3.81976405002692
427.158247321439,13.0772390445242,3.47910395667256
362.25707439631,292.897401658287,3.0106338847203
603.138170449823,102.447057799972,4.11781810073617
393.388169807065,230.411020049557,4.12320346546027
565.779727977455,409.099693718901,4.69508471318986
141.033239563199,277.811438224877,4.59666791329328
198.10172089825,369.147449494511,3.97707545225366
124.090897522274,412.124521271611,3.36595045788499
619.10125475159,311.37861716488,4.59070945171843
11.6023937012925,144.323863368491,4.30764984203678
541.181026350596,206.625011884591,4.09695240006136
35.3986143434761,492.570600557626,3.01680562552047
281.364929933567,22.1675135911288,3.70883816432611
534.236858836448,391.060610072358,3.42500844048338
85.7257856691758,78.4544210637042,5.27073141459602
7.90665264540101,76.5362550682741,3.49144001947748
586.837118888135,231.523054150942,4.03095369304486
441.857667689732,460.794470175996,4.81767175340469
657.531378129928,375.377426868518,3.06910052444619
108.706182270534,482.457523855748,4.35101519604394
620.315778918655,89.3033944481025,4.06479246604283
416.069242624834,254.667477184497,3.6424672079098
11.4108582616126,180.326104850846,3.24445344097884
53.9819148381493,101.69769388455,4.45373482471292
606.233791273497,211.088015982934,4.54636038342376
257.419880268637,222.457983006102,3.8094215615101
571.975931838345,440.861788354257,3.81769600241603
300.596195853008,137.402552249859,3.90680421134268
538.012509442983,457.198291889361,3.78675293038051
55.2150580667299,415.049026773318,3.77785778017617
194.143301681687,298.816656412776,3.97490471565368
543.068029916847,282.33354541392,3.76203264180138
170.448348112518,31.0908313970011,4.37154192647692
507.078723372555,346.76269109807,4.15850987919235
32.426569017387,55.7183424395585,3.92804873736468
531.484372197498,148.042683746644,4.27949026192882
NA,NA,NA
663.019648610532,332.664714275477,3.41055096759715
455.937241293849,301.747654707873,3.64146851078066
14.3448594977022,497.318262842683,3.5153788649528
558.351765454661,53.1108257994295,4.2466120389635
72.8292186073896,374.486910501743,3.85590460333481
224.220396369036,414.173270521747,3.81976405002692
427.158247321439,13.0772390445242,3.47910395667256
362.25707439631,292.897401658287,3.0106338847203
603.138170449823,102.447057799972,4.11781810073617
393.388169807065,230.411020049557,4.12320346546027
565.779727977455,409.099693718901,4.69508471318986
141.033239563199,277.811438224877,4.59666791329328
198.10172089825,369.147449494511,3.97707545225366
124.090897522274,412.124521271611,3.36595045788499
619.10125475159,311.37861716488,4.59070945171843
11.6023937012925,144.323863368491,4.30764984203678
541.181026350596,206.625011884591,4.09695240006136
35.3986143434761,492.570600557626,3.01680562552047
281.364929933567,22.1675135911288,3.70883816432611
534.236858836448,391.060610072358,3.42500844048338
85.7257856691758,78.4544210637042,5.27073141459602
7.90665264540101,76.5362550682741,3.49144001947748
586.837118888135,231.523054150942,4.03095369304486
441.857667689732,460.794470175996,4.81767175340469
657.531378129928,375.377426868518,3.06910052444619
108.706182270534,482.457523855748,4.35101519604394
620.315778918655,89.3033944481025,4.06479246604283
416.069242624834,254.667477184497,3.6424672079098
11.4108582616126,180.326104850846,3.24445344097884
53.9819148381493,101.69769388455,4.45373482471292
606.233791273497,211.088015982934,4.54636038342376
257.419880268637,222.457983006102,3.8094215615101
571.975931838345,440.861788354257,3.81769600241603
300.596195853008,137.402552249859,3.90680421134268
538.012509442983,457.198291889361,3.78675293038051
55.2150580667299,415.049026773318,3.77785778017617
194.143301681687,298.816656412776,3.97490471565368
543.068029916847,282.33354541392,3.76203264180138
170.448348112518,31.0908313970011,4.37154192647692
507.078723372555,346.76269109807,4.15850987919235
32.426569017387,55.7183424395585,3.92804873736468
531.484372197498,148.042683746644,4.27949026192882
NA,NA,NA
662.305912005907,332.993658953446,3.6399224528596
458.513562587318,302.405574974271,3.84228457619343
12.409012178444,493.349681374149,3.59952830711668
565.447705748605,51.8470906699156,4.15245950042634
70.2892893862338,379.935197497491,4.05772163053066
226.206414822803,416.576485652569,3.88662421174578
427.865096761846,14.2474742169453,3.48936442928661
362.423660074202,292.205133285817,3.02833520758312
604.494113444674,104.714238662754,4.29177511592687
396.303729629379,229.411871957397,4.32400120746097
565.126317673074,416.88022011921,4.73640914111262
145.909940815518,279.279715636789,4.57825309411306
198.390173991455,369.208085413464,4.04146970986663
127.11295230402,409.687723540305,3.25393125934054
624.038319355378,318.766934297675,4.57443484414951
3.22452503494607,150.091508450051,4.16999976584114
538.944420226872,201.27988644405,4.21632667930802
35.5353908393078,493.830389220339,3.02447721324446
278.433773877497,23.3828779432662,4.01463727338369
535.278138806201,391.570131548899,3.53661462747493
76.8090554814787,86.5588988235004,5.21903282956418
2.15182662774242,76.9750430140159,3.53630490893823
584.564794345705,226.526888367992,4.04195976109021
445.977361273155,457.887771805436,4.83729312546231
658.456850632856,375.076543456117,3.01102885024708
110.800331277183,485.766897810206,4.34071092982208
621.239976904892,91.3042545275421,4.06928230091094
419.378573859579,258.11496023851,3.54494135155418
13.1216376558523,179.763164188463,3.17818816812112
63.1795360307644,124.642749424715,4.35251724566335
605.912271098919,211.327233479283,4.33675839137395
255.866737890435,220.915184513628,3.81309794535805
576.443266207723,424.62189077988,3.7932997446027
301.167902368014,139.857380902185,3.73342796059531
529.175737105895,456.530995198644,3.60507476946706
51.5921273796776,411.354431708373,3.99795690041074
203.349527882534,289.890690076539,4.21475618121202
542.329163823307,270.733903384756,3.49473256154604
180.573693375016,26.3474201915608,4.1820180808428
496.360621533406,343.959473015213,4.75262072398761
28.2588300380163,42.1954425161544,3.92449442543118
518.590770200348,149.799733828961,4.25492900624766
NA,NA,NA
662.305912005907,332.993658953446,3.6399224528596
458.513562587318,302.405574974271,3.84228457619343
12.409012178444,493.349681374149,3.59952830711668
565.447705748605,51.8470906699156,4.15245950042634
70.2892893862338,379.935197497491,4.05772163053066
226.206414822803,416.576485652569,3.88662421174578
427.865096761846,14.2474742169453,3.48936442928661
362.423660074202,292.205133285817,3.02833520758312
604.494113444674,104.714238662754,4.29177511592687
396.303729629379,229.411871957397,4.32400120746097
565.126317673074,416.88022011921,4.73640914111262
145.909940815518,279.279715636789,4.57825309411306
198.390173991455,369.208085413464,4.04146970986663
127.11295230402,409.687723540305,3.25393125934054
624.038319355378,318.766934297675,4.57443484414951
3.22452503494607,150.091508450051,4.16999976584114
538.944420226872,201.27988644405,4.21632667930802
35.5353908393078,493.830389220339,3.02447721324446
278.433773877497,23.3828779432662,4.01463727338369
535.278138806201,391.570131548899,3.53661462747493
76.8090554814787,86.5588988235004,5.21903282956418
2.15182662774242,76.9750430140159,3.53630490893823
584.564794345705,226.526888367992,4.04195976109021
445.977361273155,457.887771805436,4.83729312546231
658.456850632856,375.076543456117,3.01102885024708
110.800331277183,485.766897810206,4.34071092982208
621.239976904892,91.3042545275421,4.06928230091094
419.378573859579,258.11496023851,3.54494135155418
13.1216376558523,179.763164188463,3.17818816812112
63.1795360307644,124.642749424715,4.35251724566335
605.912271098919,211.327233479283,4.33675839137395
255.866737890435,220.915184513628,3.81309794535805
576.443266207723,424.62189077988,3.7932997446027
301.167902368014,139.857380902185,3.73342796059531
529.175737105895,456.530995198644,3.60507476946706
51.5921273796776,411.354431708373,3.99795690041074
203.349527882534,289.890690076539,4.21475618121202
542.329163823307,270.733903384756,3.49473256154604
180.573693375016,26.3474201915608,4.1820180808428
496.360621533406,343.959473015213,4.75262072398761
28.2588300380163,42.1954425161544,3.92449442543118
518.590770200348,149.799733828961,4.25492900624766
NA,NA,NA
662.305912005907,332.993658953446,3.6399224528596
458.513562587318,302.405574974271,3.84228457619343
12.409012178444,493.349681374149,3.59952830711668
565.447705748605,51.8470906699156,4.15245950042634
70.2892893862338,379.935197497491,4.05772163053066
226.206414822803,416.576485652569,3.88662421174578
427.865096761846,14.2474742169453,3.48936442928661
362.423660074202,292.205133285817,3.02833520758312
604.494113444674,104.714238662754,4.29177511592687
396.303729629379,229.411871957397,4.32400120746097
565.126317673074,416.88022011921,4.73640914111262
145.909940815518,279.279715636789,4.57825309411306
198.390173991455,369.208085413464,4.04146970986663
127.11295230402,409.687723540305,3.25393125934054
624.038319355378,318.766934297675,4.57443484414951
3.22452503494607,150.091508450051,4.16999976584114
538.944420226872,201.27988644405,4.21632667930802
35.5353908393078,493.830389220339,3.02447721324446
278.433773877497,23.3828779432662,4.01463727338369
535.278138806201,391.570131548899,3.53661462747493
76.8090554814787,86.5588988235004,5.21903282956418
2.15182662774242,76.9750430140159,3.53630490893823
584.564794345705,226.526888367992,4.04195976109021
445.977361273155,457.887771805436,4.83729312546231
658.456850632856,375.076543456117,3.01102885024708
110.800331277183,485.766897810206,4.34071092982208
621.239976904892,91.3042545275421,4.06928230091094
419.378573859579,258.11496023851,3.54494135155418
13.1216376558523,179.763164188463,3.17818816812112
63.1795360307644,124.642749424715,4.35251724566335
605.912271098919,211.327233479283,4.33675839137395
255.866737890435,220.915184513628,3.81309794535805
576.443266207723,424.62189077988,3.7932997446027
301.167902368014,139.857380902185,3.73342796059531
529.175737105895,456.530995198644,3.60507476946706
51.5921273796776,411.354431708373,3.99795690041074
203.349527882534,289.890690076539,4.21475618121202
542.329163823307,270.733903384756,3.49473256154604
180.573693375016,26.3474201915608,4.1820180808428
496.360621533406,343.959473015213,4.75262072398761
28.2588300380163,42.1954425161544,3.92449442543118
518.590770200348,149.799733828961,4.25492900624766
NA,NA,NA
662.305912005907,332.993658953446,3.6399224528596
458.513562587318,302.405574974271,3.84228457619343
12.409012178444,493.349681374149,3.59952830711668
565.447705748605,51.8470906699156,4.15245950042634
70.2892893862338,379.935197497491,4.05772163053066
226.206414822803,416.576485652569,3.88662421174578
427.865096761846,14.2474742169453,3.48936442928661
362.423660074202,292.205133285817,3.02833520758312
604.494113444674,104.714238662754,4.29177511592687
396.303729629379,229.411871957397,4.32400120746097
565.126317673074,416.88022011921,4.73640914111262
145.909940815518,279.279715636789,4.57825309411306
198.390173991455,369.208085413464,4.04146970986663
127.11295230402,409.687723540305,3.25393125934054
624.038319355378,318.766934297675,4.57443484414951
3.22452503494607,150.091508450051,4.16999976584114
538.944420226872,201.27988644405,4.21632667930802
35.5353908393078,493.830389220339,3.02447721324446
278.433773877497,23.3828779432662,4.01463727338369
535.278138806201,391.570131548899,3.53661462747493
76.8090554814787,86.5588988235004,5.21903282956418
2.15182662774242,76.9750430140159,3.53630490893823
584.564794345705,226.526888367992,4.04195976109021
445.977361273155,457.887771805436,4.83729312546231
658.456850632856,375.076543456117,3.01102885024708
110.800331277183,485.766897810206,4.34071092982208
621.239976904892,91.3042545275421,4.06928230091094
419.378573859579,258.11496023851,3.54494135155418
13.1216376558523,179.763164188463,3.17818816812112
63.1795360307644,124.642749424715,4.35251724566335
605.912271098919,211.327233479283,4.33675839137395
255.866737890435,220.915184513628,3.81309794535805
576.443266207723,424.62189077988,3.7932997446027
301.167902368014,139.857380902185,3.73342796059531
529.175737105895,456.530995198644,3.60507476946706
51.5921273796776,411.354431708373,3.99795690041074
203.349527882534,289.890690076539,4.21475618121202
542.329163823307,270.733903384756,3.49473256154604
180.573693375016,26.3474201915608,4.1820180808428
496.360621533406,343.959473015213,4.75262072398761
28.2588300380163,42.1954425161544,3.92449442543118
518.590770200348,149.799733828961,4.25492900624766
NA,NA,NA
662.305912005907,332.993658953446,3.6399224528596
458.513562587318,302.405574974271,3.84228457619343
12.409012178444,493.349681374149,3.59952830711668
565.447705748605,51.8470906699156,4.15245950042634
70.2892893862338,379.935197497491,4.05772163053066
226.206414822803,416.576485652569,3.88662421174578
427.865096761846,14.2474742169453,3.48936442928661
362.423660074202,292.205133285817,3.02833520758312
604.494113444674,104.714238662754,4.29177511592687
396.303729629379,229.411871957397,4.32400120746097
565.126317673074,416.88022011921,4.73640914111262
145.909940815518,279.279715636789,4.57825309411306
198.390173991455,369.208085413464,4.04146970986663
127.11295230402,409.687723540305,3.25393125934054
624.038319355378,318.766934297675,4.57443484414951
3.22452503494607,150.091508450051,4.16999976584114
538.944420226872,201.27988644405,4.21632667930802
35.5353908393078,493.830389220339,3.02447721324446
278.433773877497,23.3828779432662,4.01463727338369
535.278138806201,391.570131548899,3.53661462747493
76.8090554814787,86.5588988235004,5.21903282956418
2.15182662774242,76.9750430140159,3.53630490893823
584.564794345705,226.526888367992,4.04195976109021
445.977361273155,457.887771805436,4.83729312546231
658.456850632856,375.076543456117,3.01102885024708
110.800331277183,485.766897810206,4.34071092982208
621.239976904892,91.3042545275421,4.06928230091094
419.378573859579,258.11496023851,3.54494135155418
13.1216376558523,179.763164188463,3.17818816812112
63.1795360307644,124.642749424715,4.35251724566335
605.912271098919,211.327233479283,4.33675839137395
255.866737890435,220.915184513628,3.81309794535805
576.443266207723,424.62189077988,3.7932997446027
301.167902368014,139.857380902185,3.73342796059531
529.175737105895,456.530995198644,3.60507476946706
51.5921273796776,411.354431708373,3.99795690041074
203.349527882534,289.890690076539,4.21475618121202
542.329163823307,270.733903384756,3.49473256154604
180.573693375016,26.3474201915608,4.1820180808428
496.360621533406,343.959473015213,4.75262072398761
28.2588300380163,42.1954425161544,3.92449442543118
518.590770200348,149.799733828961,4.25492900624766
NA,NA,NA
662.305912005907,332.993658953446,3.6399224528596
458.513562587318,302.405574974271,3.84228457619343
12.409012178444,493.349681374149,3.59952830711668
565.447705748605,51.8470906699156,4.15245950042634
70.2892893862338,379.935197497491,4.05772163053066
226.206414822803,416.576485652569,3.88662421174578
427.865096761846,14.2474742169453,3.48936442928661
362.423660074202,292.205133285817,3.02833520758312
604.494113444674,104.714238662754,4.29177511592687
396.303729629379,229.411871957397,4.32400120746097
565.126317673074,416.88022011921,4.73640914111262
145.909940815518,279.279715636789,4.57825309411306
198.390173991455,369.208085413464,4.04146970986663
127.11295230402,409.687723540305,3.25393125934054
624.038319355378,318.766934297675,4.57443484414951
3.22452503494607,150.091508450051,4.16999976584114
538.944420226872,201.27988644405,4.21632667930802
35.5353908393078,493.830389220339,3.02447721324446
278.433773877497,23.3828779432662,4.01463727338369
535.278138806201,391.570131548899,3.53661462747493
76.8090554814787,86.5588988235004,5.21903282956418
2.15182662774242,76.9750430140159,3.53630490893823
584.564794345705,226.526888367992,4.04195976109021
445.977361273155,457.887771805436,4.83729312546231
658.456850632856,375.076543456117,3.01102885024708
110.800331277183,485.766897810206,4.34071092982208
621.239976904892,91.3042545275421,4.06928230091094
419.378573859579,258.11496023851,3.54494135155418
13.1216376558523,179.763164188463,3.17818816812112
63.1795360307644,124.642749424715,4.35251724566335
605.912271098919,211.327233479283,4.33675839137395
255.866737890435,220.915184513628,3.81309794535805
576.443266207723,424.62189077988,3.7932997446027
301.167902368014,139.857380902185,3.73342796059531
529.175737105895,456.530995198644,3.60507476946706
51.5921273796776,411.354431708373,3.99795690041074
203.349527882534,289.890690076539,4.21475618121202
542.329163823307,270.733903384756,3.49473256154604
180.573693375016,26.3474201915608,4.1820180808428
496.360621533406,343.959473015213,4.75262072398761
28.2588300380163,42.1954425161544,3.92449442543118
518.590770200348,149.799733828961,4.25492900624766
NA,NA,NA
664.621976784255,338.548910973057,3.42664138188488
456.875899096498,299.462452430788,3.69683382414973
13.3913161352321,493.7865636402,3.48809836399587
561.501234430849,54.4263801014068,4.16981717353548
72.5785460334383,368.445582046307,3.87968341871181
227.62042853295,413.778507186988,3.9218307367865
429.230219821005,11.0455148924123,3.44325613025392
361.437210425876,291.54770694976,3.05459472401652
599.613120704951,108.036616368087,4.2603464398419
394.106538375852,234.16750784926,4.19636579056548
566.322473649018,411.412635989793,4.66384347671428
145.176249477674,280.151693237722,4.50330124228695
196.118515977857,365.326304269209,3.94669839037458
125.584331956571,410.84734985212,3.44281676349697
622.33733757088,314.76837466987,4.5323418374773
2.45934404725218,142.828095374377,4.29733046466735
544.475544332846,202.642122043797,4.22158143923036
33.1928186766531,490.027290755183,3.07680324398267
279.152090990095,27.2776691119787,4.04707603954105
533.890284799599,394.015913426454,3.3392376115499
67.0624624672222,80.1424330469616,5.20131511280963
0.82550844374985,76.5959256075554,3.48072572232226
587.352132325862,224.203170360949,3.936034851082
442.488637060952,462.323976616364,4.79940028688221
657.121007639872,374.029978924094,3.12687813238211
107.779135731161,487.75292242448,4.32940298537227
623.980824821396,93.56045592798,4.09612927002475
421.693771968022,256.703543183188,3.6069957138958
12.3506024125687,181.485811295069,3.03886387804166
60.7177968262253,110.907620162474,4.39323237535111
604.747067198317,200.460587390983,4.1188763018066
255.28631778716,221.827239417283,3.97356106824616
575.336881487101,438.159241031666,3.6696318118427
298.847345909755,141.711447691718,3.79552962713481
529.232149656146,456.010144432758,3.45685635534992
49.0979872843375,412.659247987798,3.94588896539533
204.142362861541,286.913778456214,3.83156219320076
556.219901769644,257.811503833924,3.64718083038952
173.222402275026,28.7680343378537,4.23588190274848
508.50988013216,352.394792692946,4.36494918760046
35.1388016918461,51.0689174480865,4.26707370900571
540.920880302545,151.91387175336,4.4149930720159
NA,NA,NA
664.621976784255,338.548910973057,3.42664138188488
456.875899096498,299.462452430788,3.69683382414973
13.3913161352321,493.7865636402,3.48809836399587
561.501234430849,54.4263801014068,4.16981717353548
72.5785460334383,368.445582046307,3.87968341871181
227.62042853295,413.778507186988,3.9218307367865
429.230219821005,11.0455148924123,3.44325613025392
361.437210425876,291.54770694976,3.05459472401652
599.613120704951,108.036616368087,4.2603464398419
394.106538375852,234.16750784926,4.19636579056548
566.322473649018,411.412635989793,4.66384347671428
145.176249477674,280.151693237722,4.50330124228695
196.118515977857,365.326304269209,3.94669839037458
125.584331956571,410.84734985212,3.44281676349697
622.33733757088,314.76837466987,4.5323418374773
2.45934404725218,142.828095374377,4.29733046466735
544.475544332846,202.642122043797,4.22158143923036
33.1928186766531,490.027290755183,3.07680324398267
279.152090990095,27.2776691119787,4.04707603954105
533.890284799599,394.015913426454,3.3392376115499
67.0624624672222,80.1424330469616,5.20131511280963
0.82550844374985,76.5959256075554,3.48072572232226
587.352132325862,224.203170360949,3.936034851082
442.488637060952,462.323976616364,4.79940028688221
657.121007639872,374.029978924094,3.12687813238211
107.779135731161,487.75292242448,4.32940298537227
623.980824821396,93.56045592798,4.09612927002475
421.693771968022,256.703543183188,3.6069957138958
12.3506024125687,181.485811295069,3.03886387804166
60.7177968262253,110.907620162474,4.39323237535111
604.747067198317,200.460587390983,4.1188763018066
255.28631778716,221.827239417283,3.97356106824616
575.336881487101,438.159241031666,3.6696318118427
298.847345909755,141.711447691718,3.79552962713481
529.232149656146,456.010144432758,3.45685635534992
49.0979872843375,412.659247987798,3.94588896539533
204.142362861541,286.913778456214,3.83156219320076
556.219901769644,257.811503833924,3.64718083038952
173.222402275026,28.7680343378537,4.23588190274848
508.50988013216,352.394792692946,4.36494918760046
35.1388016918461,51.0689174480865,4.26707370900571
540.920880302545,151.91387175336,4.4149930720159
NA,NA,NA
664.621976784255,338.548910973057,3.42664138188488
456.875899096498,299.462452430788,3.69683382414973
13.3913161352321,493.7865636402,3.48809836399587
561.501234430849,54.4263801014068,4.16981717353548
72.5785460334383,368.445582046307,3.87968341871181
227.62042853295,413.778507186988,3.9218307367865
429.230219821005,11.0455148924123,3.44325613025392
361.437210425876,291.54770694976,3.05459472401652
599.613120704951,108.036616368087,4.2603464398419
394.106538375852,234.16750784926,4.19636579056548
566.322473649018,411.412635989793,4.66384347671428
145.176249477674,280.151693237722,4.50330124228695
196.118515977857,365.326304269209,3.94669839037458
125.584331956571,410.84734985212,3.44281676349697
622.33733757088,314.76837466987,4.5323418374773
2.45934404725218,142.828095374377,4.29733046466735
544.475544332846,202.642122043797,4.22158143923036
33.1928186766531,490.027290755183,3.07680324398267
279.152090990095,27.2776691119787,4.04707603954105
533.890284799599,394.015913426454,3.3392376115499
67.0624624672222,80.1424330469616,5.20131511280963
0.82550844374985,76.5959256075554,3.48072572232226
587.352132325862,224.203170360949,3.936034851082
442.488637060952,462.323976616364,4.79940028688221
657.121007639872,374.029978924094,3.12687813238211
107.779135731161,487.75292242448,4.32940298537227
623.980824821396,93.56045592798,4.09612927002475
421.693771968022,256.703543183188,3.6069957138958
12.3506024125687,181.485811295069,3.03886387804166
60.7177968262253,110.907620162474,4.39323237535111
604.747067198317,200.460587390983,4.1188763018066
255.28631778716,221.827239417283,3.97356106824616
575.336881487101,438.159241031666,3.6696318118427
298.847345909755,141.711447691718,3.79552962713481
529.232149656146,456.010144432758,3.45685635534992
49.0979872843375,412.659247987798,3.94588896539533
204.142362861541,286.913778456214,3.83156219320076
556.219901769644,257.811503833924,3.64718083038952
173.222402275026,28.7680343378537,4.23588190274848
508.50988013216,352.394792692946,4.36494918760046
35.1388016918461,51.0689174480865,4.26707370900571
540.920880302545,151.91387175336,4.4149930720159
NA,NA,NA
664.621976784255,338.548910973057,3.42664138188488
456.875899096498,299.462452430788,3.69683382414973
13.3913161352321,493.7865636402,3.48809836399587
561.501234430849,54.4263801014068,4.16981717353548
72.5785460334383,368.445582046307,3.87968341871181
227.62042853295,413.778507186988,3.9218307367865
429.230219821005,11.0455148924123,3.44325613025392
361.437210425876,291.54770694976,3.05459472401652
599.613120704951,108.036616368087,4.2603464398419
394.106538375852,234.16750784926,4.19636579056548
566.322473649018,411.412635989793,4.66384347671428
145.176249477674,280.151693237722,4.50330124228695
196.118515977857,365.326304269209,3.94669839037458
125.584331956571,410.84734985212,3.44281676349697
622.33733757088,314.76837466987,4.5323418374773
2.45934404725218,142.828095374377,4.29733046466735
544.475544332846,202.642122043797,4.22158143923036
33.1928186766531,490.027290755183,3.07680324398267
279.152090990095,27.2776691119787,4.04707603954105
533.890284799599,394.015913426454,3.3392376115499
67.0624624672222,80.1424330469616,5.20131511280963
0.82550844374985,76.5959256075554,3.48072572232226
587.352132325862,224.203170360949,3.936034851082
442.488637060952,462.323976616364,4.79940028688221
657.121007639872,374.029978924094,3.12687813238211
107.779135731161,487.75292242448,4.32940298537227
623.980824821396,93.56045592798,4.09612927002475
421.693771968022,256.703543183188,3.6069957138958
12.3506024125687,181.485811295069,3.03886387804166
60.7177968262253,110.907620162474,4.39323237535111
604.747067198317,200.460587390983,4.1188763018066
255.28631778716,221.827239417283,3.97356106824616
575.336881487101,438.159241031666,3.6696318118427
298.847345909755,141.711447691718,3.79552962713481
529.232149656146,456.010144432758,3.45685635534992
49.0979872843375,412.659247987798,3.94588896539533
204.142362861541,286.913778456214,3.83156219320076
556.219901769644,257.811503833924,3.64718083038952
173.222402275026,28.7680343378537,4.23588190274848
508.50988013216,352.394792692946,4.36494918760046
35.1388016918461,51.0689174480865,4.26707370900571
540.920880302545,151.91387175336,4.4149930720159
NA,NA,NA
664.621976784255,338.548910973057,3.42664138188488
456.875899096498,299.462452430788,3.69683382414973
13.3913161352321,493.7865636402,3.48809836399587
561.501234430849,54.4263801014068,4.16981717353548
72.5785460334383,368.445582046307,3.87968341871181
227.62042853295,413.778507186988,3.9218307367865
429.230219821005,11.0455148924123,3.44325613025392
361.437210425876,291.54770694976,3.05459472401652
599.613120704951,108.036616368087,4.2603464398419
394.106538375852,234.16750784926,4.19636579056548
566.322473649018,411.412635989793,4.66384347671428
145.176249477674,280.151693237722,4.50330124228695
196.118515977857,365.326304269209,3.94669839037458
125.584331956571,410.84734985212,3.44281676349697
622.33733757088,314.76837466987,4.5323418374773
2.45934404725218,142.828095374377,4.29733046466735
544.475544332846,202.642122043797,4.22158143923036
33.1928186766531,490.027290755183,3.07680324398267
279.152090990095,27.2776691119787,4.04707603954105
533.890284799599,394.015913426454,3.3392376115499
67.0624624672222,80.1424330469616,5.20131511280963
0.82550844374985,76.5959256075554,3.48072572232226
587.352132325862,224.203170360949,3.936034851082
442.488637060952,462.323976616364,4.79940028688221
657.121007639872,374.029978924094,3.12687813238211
107.779135731161,487.75292242448,4.32940298537227
623.980824821396,93.56045592798,4.09612927002475
421.693771968022,256.703543183188,3.6069957138958
12.3506024125687,181.485811295069,3.03886387804166
60.7177968262253,110.907620162474,4.39323237535111
604.747067198317,200.460587390983,4.1188763018066
255.28631778716,221.827239417283,3.97356106824616
575.336881487101,438.159241031666,3.6696318118427
298.847345909755,141.711447691718,3.79552962713481
529.232149656146,456.010144432758,3.45685635534992
49.0979872843375,412.659247987798,3.94588896539533
204.142362861541,286.913778456214,3.83156219320076
556.219901769644,257.811503833924,3.64718083038952
173.222402275026,28.7680343378537,4.23588190274848
508.50988013216,352.394792692946,4.36494918760046
35.1388016918461,51.0689174480865,4.26707370900571
540.920880302545,151.91387175336,4.4149930720159
NA,NA,NA
664.621976784255,338.548910973057,3.42664138188488
456.875899096498,299.462452430788,3.69683382414973
13.3913161352321,493.7865636402,3.48809836399587
561.501234430849,54.4263801014068,4.16981717353548
72.5785460334383,368.445582046307,3.87968341871181
227.62042853295,413.778507186988,3.9218307367865
429.230219821005,11.0455148924123,3.44325613025392
361.437210425876,291.54770694976,3.05459472401652
599.613120704951,108.036616368087,4.2603464398419
394.106538375852,234.16750784926,4.19636579056548
566.322473649018,411.412635989793,4.66384347671428
145.176249477674,280.151693237722,4.50330124228695
196.118515977857,365.326304269209,3.94669839037458
125.584331956571,410.84734985212,3.44281676349697
622.33733757088,314.76837466987,4.5323418374773
2.45934404725218,142.828095374377,4.29733046466735
544.475544332846,202.642122043797,4.22158143923036
33.1928186766531,490.027290755183,3.07680324398267
279.152090990095,27.2776691119787,4.04707603954105
533.890284799599,394.015913426454,3.3392376115499
67.0624624672222,80.1424330469616,5.20131511280963
0.82550844374985,76.5959256075554,3.48072572232226
587.352132325862,224.203170360949,3.936034851082
442.488637060952,462.323976616364,4.79940028688221
657.121007639872,374.029978924094,3.12687813238211
107.779135731161,487.75292242448,4.32940298537227
623.980824821396,93.56045592798,4.09612927002475
421.693771968022,256.703543183188,3.6069957138958
12.3506024125687,181.485811295069,3.03886387804166
60.7177968262253,110.907620162474,4.39323237535111
604.747067198317,200.460587390983,4.1188763018066
255.28631778716,221.827239417283,3.97356106824616
575.336881487101,438.159241031666,3.6696318118427
298.847345909755,141.711447691718,3.79552962713481
529.232149656146,456.010144432758,3.45685635534992
49.0979872843375,412.659247987798,3.94588896539533
204.142362861541,286.913778456214,3.83156219320076
556.219901769644,257.811503833924,3.64718083038952
173.222402275026,28.7680343378537,4.23588190274848
508.50988013216,352.394792692946,4.36494918760046
35.1388016918461,51.0689174480865,4.26707370900571
540.920880302545,151.91387175336,4.4149930720159
NA,NA,NA
663.202830157075,335.719736613787,3.55987385813646
454.085130800978,295.791894163002,3.55029868541806
9.69345505827183,497.77943064269,3.65595775688813
559.923479193925,54.6906485915241,4.1462643325915
68.6556143365189,372.480635919137,3.90690009186523
229.487326034286,414.427132366987,3.9657146367421
427.085357854792,15.7004993843657,3.28165218841114
360.414886890214,292.522302051401,2.93462845339225
605.815266184576,103.607503659204,4.20500809369965
389.282474899848,227.89616588621,4.09277744690419
569.589554469268,408.559133464345,4.73651790857348
145.622010821211,281.76830909213,4.60048322256085
204.584591940081,370.324843662958,4.07366608061125
129.193077125817,411.211019462122,3.53973233337084
631.853862281275,315.601761187268,4.49230405591652
-0.100694936558599,150.510113958054,4.15294594432781
542.563737485651,210.758835172303,4.18640869069949
32.8100140131808,492.752602457078,2.99736280425206
282.917270709595,19.7161641799658,3.85937375023936
536.111367849734,393.507184750822,3.51575805774145
78.3795585312542,81.7045583631352,5.27431109447279
1.3473821205082,78.0940375857339,3.43218692614886
587.083143982235,230.232060223851,4.09586551862422
443.8522754875,463.715342257764,4.80698131390857
658.038636894825,375.303050278714,3.15522291122693
103.68142707903,487.438946353569,4.34704836158822
625.63369918302,92.8742551822439,4.04378952677741
418.988008311254,258.155266103242,3.71459610595319
12.387682854771,183.901086054393,3.26366546212369
59.8949503566168,131.975828333695,4.41296741634566
617.737252809198,200.519170098602,4.32272490122576
263.994956576327,222.122808716223,3.98263321836205
579.757948330939,440.11082210411,3.90436208431778
299.684774847643,139.606667734106,4.0202494664447
533.854373197397,458.364253641885,3.26680789368476
42.4709273282351,411.010428048965,3.67078999220629
200.90517805285,290.396733326902,3.88279888074529
547.917931748635,266.624779772352,3.92419561919827
167.35602277355,32.7192217096504,4.56790057261149
497.937108842178,338.340891917234,4.57137036779011
47.9089634955749,43.0586522923176,3.41564899970087
540.187036325651,151.78432443153,4.71324204692713
NA,NA,NA
663.202830157075,335.719736613787,3.55987385813646
454.085130800978,295.791894163002,3.55029868541806
9.69345505827183,497.77943064269,3.65595775688813
559.923479193925,54.6906485915241,4.1462643325915
68.6556143365189,372.480635919137,3.90690009186523
229.487326034286,414.427132366987,3.9657146367421
427.085357854792,15.7004993843657,3.28165218841114
360.414886890214,292.522302051401,2.93462845339225
605.815266184576,103.607503659204,4.20500809369965
389.282474899848,227.89616588621,4.09277744690419
569.589554469268,408.559133464345,4.73651790857348
145.622010821211,281.76830909213,4.60048322256085
204.584591940081,370.324843662958,4.07366608061125
129.193077125817,411.211019462122,3.53973233337084
631.853862281275,315.601761187268,4.49230405591652
-0.100694936558599,150.510113958054,4.15294594432781
542.563737485651,210.758835172303,4.18640869069949
32.8100140131808,492.752602457078,2.99736280425206
282.917270709595,19.7161641799658,3.85937375023936
536.111367849734,393.507184750822,3.51575805774145
78.3795585312542,81.7045583631352,5.27431109447279
1.3473821205082,78.0940375857339,3.43218692614886
587.083143982235,230.232060223851,4.09586551862422
443.8522754875,463.715342257764,4.80698131390857
658.038636894825,375.303050278714,3.15522291122693
103.68142707903,487.438946353569,4.34704836158822
625.63369918302,92.8742551822439,4.04378952677741
418.988008311254,258.155266103242,3.71459610595319
12.387682854771,183.901086054393,3.26366546212369
59.8949503566168,131.975828333695,4.41296741634566
617.737252809198,200.519170098602,4.32272490122576
263.994956576327,222.122808716223,3.98263321836205
579.757948330939,440.11082210411,3.90436208431778
299.684774847643,139.606667734106,4.0202494664447
533.854373197397,458.364253641885,3.26680789368476
42.4709273282351,411.010428048965,3.67078999220629
200.90517805285,290.396733326902,3.88279888074529
547.917931748635,266.624779772352,3.92419561919827
167.35602277355,32.7192217096504,4.56790057261149
497.937108842178,338.340891917234,4.57137036779011
47.9089634955749,43.0586522923176,3.41564899970087
540.187036325651,151.78432443153,4.71324204692713
NA,NA,NA
663.202830157075,335.719736613787,3.55987385813646
454.085130800978,295.791894163002,3.55029868541806
9.69345505827183,497.77943064269,3.65595775688813
559.923479193925,54.6906485915241,4.1462643325915
68.6556143365189,372.480635919137,3.90690009186523
229.487326034286,414.427132366987,3.9657146367421
427.085357854792,15.7004993843657,3.28165218841114
360.414886890214,292.522302051401,2.93462845339225
605.815266184576,103.607503659204,4.20500809369965
389.282474899848,227.89616588621,4.09277744690419
569.589554469268,408.559133464345,4.73651790857348
145.622010821211,281.76830909213,4.60048322256085
204.584591940081,370.324843662958,4.07366608061125
129.193077125817,411.211019462122,3.53973233337084
631.853862281275,315.601761187268,4.49230405591652
-0.100694936558599,150.510113958054,4.15294594432781
542.563737485651,210.758835172303,4.18640869069949
32.8100140131808,492.752602457078,2.99736280425206
282.917270709595,19.7161641799658,3.85937375023936
536.111367849734,393.507184750822,3.51575805774145
78.3795585312542,81.7045583631352,5.27431109447279
1.3473821205082,78.0940375857339,3.43218692614886
587.083143982235,230.232060223851,4.09586551862422
443.8522754875,463.715342257764,4.80698131390857
658.038636894825,375.303050278714,3.15522291122693
103.68142707903,487.438946353569,4.34704836158822
625.63369918302,92.8742551822439,4.04378952677741
418.988008311254,258.155266103242,3.71459610595319
12.387682854771,183.901086054393,3.26366546212369
59.8949503566168,131.975828333695,4.41296741634566
617.737252809198,200.519170098602,4.32272490122576
263.994956576327,222.122808716223,3.98263321836205
579.757948330939,440.11082210411,3.90436208431778
299.684774847643,139.606667734106,4.0202494664447
533.854373197397,458.364253641885,3.26680789368476
42.4709273282351,411.010428048965,3.67078999220629
200.90517805285,290.396733326902,3.88279888074529
547.917931748635,266.624779772352,3.92419561919827
167.35602277355,32.7192217096504,4.56790057261149
497.937108842178,338.340891917234,4.57137036779011
47.9089634955749,43.0586522923176,3.41564899970087
540.187036325651,151.78432443153,4.71324204692713
NA,NA,NA
663.202830157075,335.719736613787,3.55987385813646
454.085130800978,295.791894163002,3.55029868541806
9.69345505827183,497.77943064269,3.65595775688813
559.923479193925,54.6906485915241,4.1462643325915
68.6556143365189,372.480635919137,3.90690009186523
229.487326034286,414.427132366987,3.9657146367421
427.085357854792,15.7004993843657,3.28165218841114
360.414886890214,292.522302051401,2.93462845339225
605.815266184576,103.607503659204,4.20500809369965
389.282474899848,227.89616588621,4.09277744690419
569.589554469268,408.559133464345,4.73651790857348
145.622010821211,281.76830909213,4.60048322256085
204.584591940081,370.324843662958,4.07366608061125
129.193077125817,411.211019462122,3.53973233337084
631.853862281275,315.601761187268,4.49230405591652
-0.100694936558599,150.510113958054,4.15294594432781
542.563737485651,210.758835172303,4.18640869069949
32.8100140131808,492.752602457078,2.99736280425206
282.917270709595,19.7161641799658,3.85937375023936
536.111367849734,393.507184750822,3.51575805774145
78.3795585312542,81.7045583631352,5.27431109447279
1.3473821205082,78.0940375857339,3.43218692614886
587.083143982235,230.232060223851,4.09586551862422
443.8522754875,463.715342257764,4.80698131390857
658.038636894825,375.303050278714,3.15522291122693
103.68142707903,487.438946353569,4.34704836158822
625.63369918302,92.8742551822439,4.04378952677741
418.988008311254,258.155266103242,3.71459610595319
12.387682854771,183.901086054393,3.26366546212369
59.8949503566168,131.975828333695,4.41296741634566
617.737252809198,200.519170098602,4.32272490122576
263.994956576327,222.122808716223,3.98263321836205
579.757948330939,440.11082210411,3.90436208431778
299.684774847643,139.606667734106,4.0202494664447
533.854373197397,458.364253641885,3.26680789368476
42.4709273282351,411.010428048965,3.67078999220629
200.90517805285,290.396733326902,3.88279888074529
547.917931748635,266.624779772352,3.92419561919827
167.35602277355,32.7192217096504,4.56790057261149
497.937108842178,338.340891917234,4.57137036779011
47.9089634955749,43.0586522923176,3.41564899970087
540.187036325651,151.78432443153,4.71324204692713
NA,NA,NA
663.202830157075,335.719736613787,3.55987385813646
454.085130800978,295.791894163002,3.55029868541806
9.69345505827183,497.77943064269,3.65595775688813
559.923479193925,54.6906485915241,4.1462643325915
68.6556143365189,372.480635919137,3.90690009186523
229.487326034286,414.427132366987,3.9657146367421
427.085357854792,15.7004993843657,3.28165218841114
360.414886890214,292.522302051401,2.93462845339225
605.815266184576,103.607503659204,4.20500809369965
389.282474899848,227.89616588621,4.09277744690419
569.589554469268,408.559133464345,4.73651790857348
145.622010821211,281.76830909213,4.60048322256085
204.584591940081,370.324843662958,4.07366608061125
129.193077125817,411.211019462122,3.53973233337084
631.853862281275,315.601761187268,4.49230405591652
-0.100694936558599,150.510113958054,4.15294594432781
542.563737485651,210.758835172303,4.18640869069949
32.8100140131808,492.752602457078,2.99736280425206
282.917270709595,19.7161641799658,3.85937375023936
536.111367849734,393.507184750822,3.51575805774145
78.3795585312542,81.7045583631352,5.27431109447279
1.3473821205082,78.0940375857339,3.43218692614886
587.083143982235,230.232060223851,4.09586551862422
443.8522754875,463.715342257764,4.80698131390857
658.038636894825,375.303050278714,3.15522291122693
103.68142707903,487.438946353569,4.34704836158822
625.63369918302,92.8742551822439,4.04378952677741
418.988008311254,258.155266103242,3.71459610595319
12.387682854771,183.901086054393,3.26366546212369
59.8949503566168,131.975828333695,4.41296741634566
617.737252809198,200.519170098602,4.32272490122576
263.994956576327,222.122808716223,3.98263321836205
579.757948330939,440.11082210411,3.90436208431778
299.684774847643,139.606667734106,4.0202494664447
533.854373197397,458.364253641885,3.26680789368476
42.4709273282351,411.010428048965,3.67078999220629
200.90517805285,290.396733326902,3.88279888074529
547.917931748635,266.624779772352,3.92419561919827
167.35602277355,32.7192217096504,4.56790057261149
497.937108842178,338.340891917234,4.57137036779011
47.9089634955749,43.0586522923176,3.41564899970087
540.187036325651,151.78432443153,4.71324204692713
NA,NA,NA
663.202830157075,335.719736613787,3.55987385813646
454.085130800978,295.791894163002,3.55029868541806
9.69345505827183,497.77943064269,3.65595775688813
559.923479193925,54.6906485915241,4.1462643325915
68.6556143365189,372.480635919137,3.90690009186523
229.487326034286,414.427132366987,3.9657146367421
427.085357854792,15.7004993843657,3.28165218841114
360.414886890214,292.522302051401,2.93462845339225
605.815266184576,103.607503659204,4.20500809369965
389.282474899848,227.89616588621,4.09277744690419
569.589554469268,408.559133464345,4.73651790857348
145.622010821211,281.76830909213,4.60048322256085
204.584591940081,370.324843662958,4.07366608061125
129.193077125817,411.211019462122,3.53973233337084
631.853862281275,315.601761187268,4.49230405591652
-0.100694936558599,150.510113958054,4.15294594432781
542.563737485651,210.758835172303,4.18640869069949
32.8100140131808,492.752602457078,2.99736280425206
282.917270709595,19.7161641799658,3.85937375023936
536.111367849734,393.507184750822,3.51575805774145
78.3795585312542,81.7045583631352,5.27431109447279
1.3473821205082,78.0940375857339,3.43218692614886
587.083143982235,230.232060223851,4.09586551862422
443.8522754875,463.715342257764,4.80698131390857
658.038636894825,375.303050278714,3.15522291122693
103.68142707903,487.438946353569,4.34704836158822
625.63369918302,92.8742551822439,4.04378952677741
418.988008311254,258.155266103242,3.71459610595319
12.387682854771,183.901086054393,3.26366546212369
59.8949503566168,131.975828333695,4.41296741634566
617.737252809198,200.519170098602,4.32272490122576
263.994956576327,222.122808716223,3.98263321836205
579.757948330939,440.11082210411,3.90436208431778
299.684774847643,139.606667734106,4.0202494664447
533.854373197397,458.364253641885,3.26680789368476
42.4709273282351,411.010428048965,3.67078999220629
200.90517805285,290.396733326902,3.88279888074529
547.917931748635,266.624779772352,3.92419561919827
167.35602277355,32.7192217096504,4.56790057261149
497.937108842178,338.340891917234,4.57137036779011
47.9089634955749,43.0586522923176,3.41564899970087
540.187036325651,151.78432443153,4.71324204692713
NA,NA,NA
661.728618103052,335.087398125647,3.50282468157803
453.561683221124,300.814096648143,3.60546313978163
8.95392889512271,493.738776363926,3.60471866323454
558.194394040792,48.0658218944787,4.21791764938988
73.4051937784243,372.688464864764,4.02622409994482
225.716343951979,414.97931657401,3.8734365090762
428.196733651038,13.8560965439712,3.34308781206177
361.794024596465,294.314851327043,3.05810201758835
604.365967793786,104.41128668691,4.39908464101428
387.314919036367,226.605046900308,4.12680762424379
568.748447585663,409.609057291111,4.83916318344046
135.953987177662,282.48667617688,4.60166764153478
203.885330926738,372.62735702669,4.12619992730092
123.922396607493,410.616628916782,3.49245300486138
626.48855335622,315.846623285577,4.53071594211849
1.05025984466595,153.228154420334,4.23535168936321
545.005753944831,200.434061651201,4.09956948698782
33.9780640158287,493.17920282999,2.97532220340519
278.587703817813,18.0005906618639,3.91766139356252
532.577400316805,393.395796258362,3.44083017947667
73.0486478561824,72.9659941107441,5.07559268876775
8.46423076820662,77.3704224332777,3.43581749945166
584.230206211528,223.532956600581,4.04910229770099
455.925541066087,457.971562916548,4.81875923776031
660.68745367833,374.308151593031,3.173059262484
109.811399666641,492.441241824502,4.33527737222456
628.512286958261,89.580186974527,4.08603550744589
418.110705077758,256.293779699196,3.65806140810507
11.2440847574904,181.760563187128,3.25654621861276
45.8536815832437,115.476472875834,4.52016494781735
607.517762123121,210.378768775499,4.44631149315222
248.801684733621,215.1315525705,3.74336832556835
567.035656436309,433.306695662912,3.61072890936667
304.623554924922,140.972698007056,3.98394870316867
530.828019114372,456.979235896716,3.50249155566354
42.8524815960283,415.237600722926,3.63721165230549
192.918715631735,283.154486969765,4.16523959715062
553.611555592994,261.543199312788,3.73023216998554
175.509420584999,36.3839113045709,4.08559322413223
508.327828891051,345.254169578371,4.53712721646347
37.0603232908643,51.8029899177879,4.25660314716457
534.867476126302,160.819588209319,4.38744303586804
NA,NA,NA
661.728618103052,335.087398125647,3.50282468157803
453.561683221124,300.814096648143,3.60546313978163
8.95392889512271,493.738776363926,3.60471866323454
558.194394040792,48.0658218944787,4.21791764938988
73.4051937784243,372.688464864764,4.02622409994482
225.716343951979,414.97931657401,3.8734365090762
428.196733651038,13.8560965439712,3.34308781206177
361.794024596465,294.314851327043,3.05810201758835
604.365967793786,104.41128668691,4.39908464101428
387.314919036367,226.605046900308,4.12680762424379
568.748447585663,409.609057291111,4.83916318344046
135.953987177662,282.48667617688,4.60166764153478
203.885330926738,372.62735702669,4.12619992730092
123.922396607493,410.616628916782,3.49245300486138
626.48855335622,315.846623285577,4.53071594211849
1.05025984466595,153.228154420334,4.23535168936321
545.005753944831,200.434061651201,4.09956948698782
33.9780640158287,493.17920282999,2.97532220340519
278.587703817813,18.0005906618639,3.91766139356252
532.577400316805,393.395796258362,3.44083017947667
73.0486478561824,72.9659941107441,5.07559268876775
8.46423076820662,77.3704224332777,3.43581749945166
584.230206211528,223.532956600581,4.04910229770099
455.925541066087,457.971562916548,4.81875923776031
660.68745367833,374.308151593031,3.173059262484
109.811399666641,492.441241824502,4.33527737222456
628.512286958261,89.580186974527,4.08603550744589
418.110705077758,256.293779699196,3.65806140810507
11.2440847574904,181.760563187128,3.25654621861276
45.8536815832437,115.476472875834,4.52016494781735
607.517762123121,210.378768775499,4.44631149315222
248.801684733621,215.1315525705,3.74336832556835
567.035656436309,433.306695662912,3.61072890936667
304.623554924922,140.972698007056,3.98394870316867
530.828019114372,456.979235896716,3.50249155566354
42.8524815960283,415.237600722926,3.63721165230549
192.918715631735,283.154486969765,4.16523959715062
553.611555592994,261.543199312788,3.73023216998554
175.509420584999,36.3839113045709,4.08559322413223
508.327828891051,345.254169578371,4.53712721646347
37.0603232908643,51.8029899177879,4.25660314716457
534.867476126302,160.819588209319,4.38744303586804
NA,NA,NA
661.728618103052,335.087398125647,3.50282468157803
453.561683221124,300.814096648143,3.60546313978163
8.95392889512271,493.738776363926,3.60471866323454
558.194394040792,48.0658218944787,4.21791764938988
73.4051937784243,372.688464864764,4.02622409994482
225.716343951979,414.97931657401,3.8734365090762
428.196733651038,13.8560965439712,3.34308781206177
361.794024596465,294.314851327043,3.05810201758835
604.365967793786,104.41128668691,4.39908464101428
387.314919036367,226.605046900308,4.12680762424379
568.748447585663,409.609057291111,4.83916318344046
135.953987177662,282.48667617688,4.60166764153478
203.885330926738,372.62735702669,4.12619992730092
123.922396607493,410.616628916782,3.49245300486138
626.48855335622,315.846623285577,4.53071594211849
1.05025984466595,153.228154420334,4.23535168936321
545.005753944831,200.434061651201,4.09956948698782
33.9780640158287,493.17920282999,2.97532220340519
278.587703817813,18.0005906618639,3.91766139356252
532.577400316805,393.395796258362,3.44083017947667
73.0486478561824,72.9659941107441,5.07559268876775
8.46423076820662,77.3704224332777,3.43581749945166
584.230206211528,223.532956600581,4.04910229770099
455.925541066087,457.971562916548,4.81875923776031
660.68745367833,374.308151593031,3.173059262484
109.811399666641,492.441241824502,4.33527737222456
628.512286958261,89.580186974527,4.08603550744589
418.110705077758,256.293779699196,3.65806140810507
11.2440847574904,181.760563187128,3.25654621861276
45.8536815832437,115.476472875834,4.52016494781735
607.517762123121,210.378768775499,4.44631149315222
248.801684733621,215.1315525705,3.74336832556835
567.035656436309,433.306695662912,3.61072890936667
304.623554924922,140.972698007056,3.98394870316867
530.828019114372,456.979235896716,3.50249155566354
42.8524815960283,415.237600722926,3.63721165230549
192.918715631735,283.154486969765,4.16523959715062
553.611555592994,261.543199312788,3.73023216998554
175.509420584999,36.3839113045709,4.08559322413223
508.327828891051,345.254169578371,4.53712721646347
37.0603232908643,51.8029899177879,4.25660314716457
534.867476126302,160.819588209319,4.38744303586804
NA,NA,NA
661.728618103052,335.087398125647,3.50282468157803
453.561683221124,300.814096648143,3.60546313978163
8.95392889512271,493.738776363926,3.60471866323454
558.194394040792,48.0658218944787,4.21791764938988
73.4051937784243,372.688464864764,4.02622409994482
225.716343951979,414.97931657401,3.8734365090762
428.196733651038,13.8560965439712,3.34308781206177
361.794024596465,294.314851327043,3.05810201758835
604.365967793786,104.41128668691,4.39908464101428
387.314919036367,226.605046900308,4.12680762424379
568.748447585663,409.609057291111,4.83916318344046
135.953987177662,282.48667617688,4.60166764153478
203.885330926738,372.62735702669,4.12619992730092
123.922396607493,410.616628916782,3.49245300486138
626.48855335622,315.846623285577,4.53071594211849
1.05025984466595,153.228154420334,4.23535168936321
545.005753944831,200.434061651201,4.09956948698782
33.9780640158287,493.17920282999,2.97532220340519
278.587703817813,18.0005906618639,3.91766139356252
532.577400316805,393.395796258362,3.44083017947667
73.0486478561824,72.9659941107441,5.07559268876775
8.46423076820662,77.3704224332777,3.43581749945166
584.230206211528,223.532956600581,4.04910229770099
455.925541066087,457.971562916548,4.81875923776031
660.68745367833,374.308151593031,3.173059262484
109.811399666641,492.441241824502,4.33527737222456
628.512286958261,89.580186974527,4.08603550744589
418.110705077758,256.293779699196,3.65806140810507
11.2440847574904,181.760563187128,3.25654621861276
45.8536815832437,115.476472875834,4.52016494781735
607.517762123121,210.378768775499,4.44631149315222
248.801684733621,215.1315525705,3.74336832556835
567.035656436309,433.306695662912,3.61072890936667
304.623554924922,140.972698007056,3.98394870316867
530.828019114372,456.979235896716,3.50249155566354
42.8524815960283,415.237600722926,3.63721165230549
192.918715631735,283.154486969765,4.16523959715062
553.611555592994,261.543199312788,3.73023216998554
175.509420584999,36.3839113045709,4.08559322413223
508.327828891051,345.254169578371,4.53712721646347
37.0603232908643,51.8029899177879,4.25660314716457
534.867476126302,160.819588209319,4.38744303586804
NA,NA,NA
661.728618103052,335.087398125647,3.50282468157803
453.561683221124,300.814096648143,3.60546313978163
8.95392889512271,493.738776363926,3.60471866323454
558.194394040792,48.0658218944787,4.21791764938988
73.4051937784243,372.688464864764,4.02622409994482
225.716343951979,414.97931657401,3.8734365090762
428.196733651038,13.8560965439712,3.34308781206177
361.794024596465,294.314851327043,3.05810201758835
604.365967793786,104.41128668691,4.39908464101428
387.314919036367,226.605046900308,4.12680762424379
568.748447585663,409.609057291111,4.83916318344046
135.953987177662,282.48667617688,4.60166764153478
203.885330926738,372.62735702669,4.12619992730092
123.922396607493,410.616628916782,3.49245300486138
626.48855335622,315.846623285577,4.53071594211849
1.05025984466595,153.228154420334,4.23535168936321
545.005753944831,200.434061651201,4.09956948698782
33.9780640158287,493.17920282999,2.97532220340519
278.587703817813,18.0005906618639,3.91766139356252
532.577400316805,393.395796258362,3.44083017947667
73.0486478561824,72.9659941107441,5.07559268876775
8.46423076820662,77.3704224332777,3.43581749945166
584.230206211528,223.532956600581,4.04910229770099
455.925541066087,457.971562916548,4.81875923776031
660.68745367833,374.308151593031,3.173059262484
109.811399666641,492.441241824502,4.33527737222456
628.512286958261,89.580186974527,4.08603550744589
418.110705077758,256.293779699196,3.65806140810507
11.2440847574904,181.760563187128,3.25654621861276
45.8536815832437,115.476472875834,4.52016494781735
607.517762123121,210.378768775499,4.44631149315222
248.801684733621,215.1315525705,3.74336832556835
567.035656436309,433.306695662912,3.61072890936667
304.623554924922,140.972698007056,3.98394870316867
530.828019114372,456.979235896716,3.50249155566354
42.8524815960283,415.237600722926,3.63721165230549
192.918715631735,283.154486969765,4.16523959715062
553.611555592994,261.543199312788,3.73023216998554
175.509420584999,36.3839113045709,4.08559322413223
508.327828891051,345.254169578371,4.53712721646347
37.0603232908643,51.8029899177879,4.25660314716457
534.867476126302,160.819588209319,4.38744303586804
NA,NA,NA
661.728618103052,335.087398125647,3.50282468157803
453.561683221124,300.814096648143,3.60546313978163
8.95392889512271,493.738776363926,3.60471866323454
558.194394040792,48.0658218944787,4.21791764938988
73.4051937784243,372.688464864764,4.02622409994482
225.716343951979,414.97931657401,3.8734365090762
428.196733651038,13.8560965439712,3.34308781206177
361.794024596465,294.314851327043,3.05810201758835
604.365967793786,104.41128668691,4.39908464101428
387.314919036367,226.605046900308,4.12680762424379
568.748447585663,409.609057291111,4.83916318344046
135.953987177662,282.48667617688,4.60166764153478
203.885330926738,372.62735702669,4.12619992730092
123.922396607493,410.616628916782,3.49245300486138
626.48855335622,315.846623285577,4.53071594211849
1.05025984466595,153.228154420334,4.23535168936321
545.005753944831,200.434061651201,4.09956948698782
33.9780640158287,493.17920282999,2.97532220340519
278.587703817813,18.0005906618639,3.91766139356252
532.577400316805,393.395796258362,3.44083017947667
73.0486478561824,72.9659941107441,5.07559268876775
8.46423076820662,77.3704224332777,3.43581749945166
584.230206211528,223.532956600581,4.04910229770099
455.925541066087,457.971562916548,4.81875923776031
660.68745367833,374.308151593031,3.173059262484
109.811399666641,492.441241824502,4.33527737222456
628.512286958261,89.580186974527,4.08603550744589
418.110705077758,256.293779699196,3.65806140810507
11.2440847574904,181.760563187128,3.25654621861276
45.8536815832437,115.476472875834,4.52016494781735
607.517762123121,210.378768775499,4.44631149315222
248.801684733621,215.1315525705,3.74336832556835
567.035656436309,433.306695662912,3.61072890936667
304.623554924922,140.972698007056,3.98394870316867
530.828019114372,456.979235896716,3.50249155566354
42.8524815960283,415.237600722926,3.63721165230549
192.918715631735,283.154486969765,4.16523959715062
553.611555592994,261.543199312788,3.73023216998554
175.509420584999,36.3839113045709,4.08559322413223
508.327828891051,345.254169578371,4.53712721646347
37.0603232908643,51.8029899177879,4.25660314716457
534.867476126302,160.819588209319,4.38744303586804
NA,NA,NA
662.107242719283,332.438847190132,3.60521523049256
457.712079089825,299.906426288477,3.64303726228713
9.78806450580142,488.783911124784,3.63910443871981
559.365804555409,51.1797468169986,4.18794313823894
68.7293387557983,382.288872018315,3.88471941871295
231.975583221201,412.970018331392,3.90804273013125
425.98943789205,12.6987882990736,3.3571934347634
361.277430078296,293.003954619227,3.14292186402457
603.216165935701,104.146941920087,4.22711252340419
392.995670110966,232.171885061494,4.23519235616326
566.615596983266,409.059587844067,4.69092872588388
136.667889620598,286.895050227838,4.35855216302842
198.896472979452,366.398841828659,4.02455284495052
128.633869884703,411.751702144404,3.37845928363503
624.015545305629,311.668936010912,4.48070729857803
7.75449678226156,148.558278131574,4.1707611757444
541.253675713916,195.926182560327,4.21885081862381
32.673519766939,491.125110470778,2.96612578125472
278.246094094367,26.296969087093,3.88840968807497
530.709787947335,390.692061945336,3.2366610876595
85.3333961086124,70.6705598270653,5.24824669850499
6.03033299954359,81.4252458993084,3.46573550919999
592.582732504861,228.515608526325,4.06034608178582
443.831122636236,465.756470529226,4.79391864135676
659.435185850926,375.993715675551,2.96512893546759
102.728348017068,491.586773408007,4.29587820185177
624.050505735579,90.7346783666448,4.07742929379059
424.290685966323,261.35781466735,3.50274551500047
13.8823683246527,181.489161356261,3.28029433136033
70.61280281335,115.763499204437,4.59869751111005
618.843977640697,199.782027715801,4.44545961536375
253.181052964833,219.435987797135,3.88861122625658
581.279051468799,443.640195032031,3.75718705161905
295.214485247011,132.237711789764,4.07208859469772
524.456951388465,465.672459943136,3.64715416966843
42.2556710447082,420.086669067901,3.8029158465705
196.363148154942,288.779805404249,3.93616939649236
546.561767934146,273.143685509233,3.49375057503649
173.652782341041,23.8663453332206,4.33771643784645
490.284202899594,345.757050463155,4.69227756697974
42.5510968819782,41.9943840199239,3.68199000579086
518.807743752875,132.211843315201,4.71622230220639
NA,NA,NA
662.107242719283,332.438847190132,3.60521523049256
457.712079089825,299.906426288477,3.64303726228713
9.78806450580142,488.783911124784,3.63910443871981
559.365804555409,51.1797468169986,4.18794313823894
68.7293387557983,382.288872018315,3.88471941871295
231.975583221201,412.970018331392,3.90804273013125
425.98943789205,12.6987882990736,3.3571934347634
361.277430078296,293.003954619227,3.14292186402457
603.216165935701,104.146941920087,4.22711252340419
392.995670110966,232.171885061494,4.23519235616326
566.615596983266,409.059587844067,4.69092872588388
136.667889620598,286.895050227838,4.35855216302842
198.896472979452,366.398841828659,4.02455284495052
128.633869884703,411.751702144404,3.37845928363503
624.015545305629,311.668936010912,4.48070729857803
7.75449678226156,148.558278131574,4.1707611757444
541.253675713916,195.926182560327,4.21885081862381
32.673519766939,491.125110470778,2.96612578125472
278.246094094367,26.296969087093,3.88840968807497
530.709787947335,390.692061945336,3.2366610876595
85.3333961086124,70.6705598270653,5.24824669850499
6.03033299954359,81.4252458993084,3.46573550919999
592.582732504861,228.515608526325,4.06034608178582
443.831122636236,465.756470529226,4.79391864135676
659.435185850926,375.993715675551,2.96512893546759
102.728348017068,491.586773408007,4.29587820185177
624.050505735579,90.7346783666448,4.07742929379059
424.290685966323,261.35781466735,3.50274551500047
13.8823683246527,181.489161356261,3.28029433136033
70.61280281335,115.763499204437,4.59869751111005
618.843977640697,199.782027715801,4.44545961536375
253.181052964833,219.435987797135,3.88861122625658
581.279051468799,443.640195032031,3.75718705161905
295.214485247011,132.237711789764,4.07208859469772
524.456951388465,465.672459943136,3.64715416966843
42.2556710447082,420.086669067901,3.8029158465705
196.363148154942,288.779805404249,3.93616939649236
546.561767934146,273.143685509233,3.49375057503649
173.652782341041,23.8663453332206,4.33771643784645
490.284202899594,345.757050463155,4.69227756697974
42.5510968819782,41.9943840199239,3.68199000579086
518.807743752875,132.211843315201,4.71622230220639
NA,NA,NA
662.107242719283,332.438847190132,3.60521523049256
457.712079089825,299.906426288477,3.64303726228713
9.78806450580142,488.783911124784,3.63910443871981
559.365804555409,51.1797468169986,4.18794313823894
68.7293387557983,382.288872018315,3.88471941871295
231.975583221201,412.970018331392,3.90804273013125
425.98943789205,12.6987882990736,3.3571934347634
361.277430078296,293.003954619227,3.14292186402457
603.216165935701,104.146941920087,4.22711252340419
392.995670110966,232.171885061494,4.23519235616326
566.615596983266,409.059587844067,4.69092872588388
136.667889620598,286.895050227838,4.35855216302842
198.896472979452,366.398841828659,4.02455284495052
128.633869884703,411.751702144404,3.37845928363503
624.015545305629,311.668936010912,4.48070729857803
7.75449678226156,148.558278131574,4.1707611757444
541.253675713916,195.926182560327,4.21885081862381
32.673519766939,491.125110470778,2.96612578125472
278.246094094367,26.296969087093,3.88840968807497
530.709787947335,390.692061945336,3.2366610876595
85.3333961086124,70.6705598270653,5.24824669850499
6.03033299954359,81.4252458993084,3.46573550919999
592.582732504861,228.515608526325,4.06034608178582
443.831122636236,465.756470529226,4.79391864135676
659.435185850926,375.993715675551,2.96512893546759
102.728348017068,491.586773408007,4.29587820185177
624.050505735579,90.7346783666448,4.07742929379059
424.290685966323,261.35781466735,3.50274551500047
13.8823683246527,181.489161356261,3.28029433136033
70.61280281335,115.763499204437,4.59869751111005
618.843977640697,199.782027715801,4.44545961536375
253.181052964833,219.435987797135,3.88861122625658
581.279051468799,443.640195032031,3.75718705161905
295.214485247011,132.237711789764,4.07208859469772
524.456951388465,465.672459943136,3.64715416966843
42.2556710447082,420.086669067901,3.8029158465705
196.363148154942,288.779805404249,3.93616939649236
546.561767934146,273.143685509233,3.49375057503649
173.652782341041,23.8663453332206,4.33771643784645
490.284202899594,345.757050463155,4.69227756697974
42.5510968819782,41.9943840199239,3.68199000579086
518.807743752875,132.211843315201,4.71622230220639
NA,NA,NA
662.107242719283,332.438847190132,3.60521523049256
457.712079089825,299.906426288477,3.64303726228713
9.78806450580142,488.783911124784,3.63910443871981
559.365804555409,51.1797468169986,4.18794313823894
68.7293387557983,382.288872018315,3.88471941871295
231.975583221201,412.970018331392,3.90804273013125
425.98943789205,12.6987882990736,3.3571934347634
361.277430078296,293.003954619227,3.14292186402457
603.216165935701,104.146941920087,4.22711252340419
392.995670110966,232.171885061494,4.23519235616326
566.615596983266,409.059587844067,4.69092872588388
136.667889620598,286.895050227838,4.35855216302842
198.896472979452,366.398841828659,4.02455284495052
128.633869884703,411.751702144404,3.37845928363503
624.015545305629,311.668936010912,4.48070729857803
7.75449678226156,148.558278131574,4.1707611757444
541.253675713916,195.926182560327,4.21885081862381
32.673519766939,491.125110470778,2.96612578125472
278.246094094367,26.296969087093,3.88840968807497
530.709787947335,390.692061945336,3.2366610876595
85.3333961086124,70.6705598270653,5.24824669850499
6.03033299954359,81.4252458993084,3.46573550919999
592.582732504861,228.515608526325,4.06034608178582
443.831122636236,465.756470529226,4.79391864135676
659.435185850926,375.993715675551,2.96512893546759
102.728348017068,491.586773408007,4.29587820185177
624.050505735579,90.7346783666448,4.07742929379059
424.290685966323,261.35781466735,3.50274551500047
13.8823683246527,181.489161356261,3.28029433136033
70.61280281335,115.763499204437,4.59869751111005
618.843977640697,199.782027715801,4.44545961536375
253.181052964833,219.435987797135,3.88861122625658
581.279051468799,443.640195032031,3.75718705161905
295.214485247011,132.237711789764,4.07208859469772
524.456951388465,465.672459943136,3.64715416966843
42.2556710447082,420.086669067901,3.8029158465705
196.363148154942,288.779805404249,3.93616939649236
546.561767934146,273.143685509233,3.49375057503649
173.652782341041,23.8663453332206,4.33771643784645
490.284202899594,345.757050463155,4.69227756697974
42.5510968819782,41.9943840199239,3.68199000579086
518.807743752875,132.211843315201,4.71622230220639
NA,NA,NA
662.107242719283,332.438847190132,3.60521523049256
457.712079089825,299.906426288477,3.64303726228713
9.78806450580142,488.783911124784,3.63910443871981
559.365804555409,51.1797468169986,4.18794313823894
68.7293387557983,382.288872018315,3.88471941871295
231.975583221201,412.970018331392,3.90804273013125
425.98943789205,12.6987882990736,3.3571934347634
361.277430078296,293.003954619227,3.14292186402457
603.216165935701,104.146941920087,4.22711252340419
392.995670110966,232.171885061494,4.23519235616326
566.615596983266,409.059587844067,4.69092872588388
136.667889620598,286.895050227838,4.35855216302842
198.896472979452,366.398841828659,4.02455284495052
128.633869884703,411.751702144404,3.37845928363503
624.015545305629,311.668936010912,4.48070729857803
7.75449678226156,148.558278131574,4.1707611757444
541.253675713916,195.926182560327,4.21885081862381
32.673519766939,491.125110470778,2.96612578125472
278.246094094367,26.296969087093,3.88840968807497
530.709787947335,390.692061945336,3.2366610876595
85.3333961086124,70.6705598270653,5.24824669850499
6.03033299954359,81.4252458993084,3.46573550919999
592.582732504861,228.515608526325,4.06034608178582
443.831122636236,465.756470529226,4.79391864135676
659.435185850926,375.993715675551,2.96512893546759
102.728348017068,491.586773408007,4.29587820185177
624.050505735579,90.7346783666448,4.07742929379059
424.290685966323,261.35781466735,3.50274551500047
13.8823683246527,181.489161356261,3.28029433136033
70.61280281335,115.763499204437,4.59869751111005
618.843977640697,199.782027715801,4.44545961536375
253.181052964833,219.435987797135,3.88861122625658
581.279051468799,443.640195032031,3.75718705161905
295.214485247011,132.237711789764,4.07208859469772
524.456951388465,465.672459943136,3.64715416966843
42.2556710447082,420.086669067901,3.8029158465705
196.363148154942,288.779805404249,3.93616939649236
546.561767934146,273.143685509233,3.49375057503649
173.652782341041,23.8663453332206,4.33771643784645
490.284202899594,345.757050463155,4.69227756697974
42.5510968819782,41.9943840199239,3.68199000579086
518.807743752875,132.211843315201,4.71622230220639
NA,NA,NA
662.107242719283,332.438847190132,3.60521523049256
457.712079089825,299.906426288477,3.64303726228713
9.78806450580142,488.783911124784,3.63910443871981
559.365804555409,51.1797468169986,4.18794313823894
68.7293387557983,382.288872018315,3.88471941871295
231.975583221201,412.970018331392,3.90804273013125
425.98943789205,12.6987882990736,3.3571934347634
361.277430078296,293.003954619227,3.14292186402457
603.216165935701,104.146941920087,4.22711252340419
392.995670110966,232.171885061494,4.23519235616326
566.615596983266,409.059587844067,4.69092872588388
136.667889620598,286.895050227838,4.35855216302842
198.896472979452,366.398841828659,4.02455284495052
128.633869884703,411.751702144404,3.37845928363503
624.015545305629,311.668936010912,4.48070729857803
7.75449678226156,148.558278131574,4.1707611757444
541.253675713916,195.926182560327,4.21885081862381
32.673519766939,491.125110470778,2.96612578125472
278.246094094367,26.296969087093,3.88840968807497
530.709787947335,390.692061945336,3.2366610876595
85.3333961086124,70.6705598270653,5.24824669850499
6.03033299954359,81.4252458993084,3.46573550919999
592.582732504861,228.515608526325,4.06034608178582
443.831122636236,465.756470529226,4.79391864135676
659.435185850926,375.993715675551,2.96512893546759
102.728348017068,491.586773408007,4.29587820185177
624.050505735579,90.7346783666448,4.07742929379059
424.290685966323,261.35781466735,3.50274551500047
13.8823683246527,181.489161356261,3.28029433136033
70.61280281335,115.763499204437,4.59869751111005
618.843977640697,199.782027715801,4.44545961536375
253.181052964833,219.435987797135,3.88861122625658
581.279051468799,443.640195032031,3.75718705161905
295.214485247011,132.237711789764,4.07208859469772
524.456951388465,465.672459943136,3.64715416966843
42.2556710447082,420.086669067901,3.8029158465705
196.363148154942,288.779805404249,3.93616939649236
546.561767934146,273.143685509233,3.49375057503649
173.652782341041,23.8663453332206,4.33771643784645
490.284202899594,345.757050463155,4.69227756697974
42.5510968819782,41.9943840199239,3.68199000579086
518.807743752875,132.211843315201,4.71622230220639
NA,NA,NA
659.612894350939,332.917048350894,3.51296125524805
455.240434245374,297.574190122587,3.71106549714845
9.75667586378438,489.789307106321,3.76226276224998
558.477564423903,48.4292255244363,4.17841575643366
71.4365181635888,372.416735488051,3.93847464217699
226.553519242343,410.48482831535,3.78994991667975
427.251898805689,13.3898232148759,3.26899760430889
361.776918966304,291.893583870334,3.01118445983436
603.190223393948,104.712843180787,4.10870978434419
392.640037617182,229.65859297434,4.37275527026719
567.651641529605,407.795181776061,4.77078270318001
147.276384659486,278.781925389293,4.54400506489155
196.990075410492,370.28757172834,4.12360177015236
126.576750006846,411.664415908968,3.35536652027159
630.703019178257,312.051394335716,4.51625303578466
3.08439994538204,143.978685345536,4.23094510098925
543.886975374898,199.379064166966,4.22926431497185
33.8920933122341,490.996377872835,2.92645006434617
279.690516157074,23.1131896382321,3.93763866993253
536.224519241482,391.106347913177,3.38563465800553
71.622057640713,76.2902102973247,5.2193385578444
5.35973202302484,79.1141561133577,3.51157947406518
587.298423742873,227.67048003707,4.05877391721316
432.244175941895,465.521473680484,4.77479203235471
659.508228206533,374.402733509681,3.08296063942867
103.373023854708,486.81075234785,4.38223942957334
625.185613241828,92.3022351960773,4.04251280993524
417.890679593736,257.348664936202,3.60478710277867
10.3756406700742,181.530055446113,3.266572624897
64.8414070144649,118.885803238853,4.34589159547889
613.45873038981,194.600059963789,4.18174498155327
270.773231977448,218.195324223443,3.80458666238047
572.344039348656,446.400817108398,3.95378473590222
296.72925802771,134.290451922544,3.90113167021587
529.271902130336,458.464373026891,3.90870840856762
49.2027669029072,407.690052542212,3.70463466968338
184.454117741856,285.536110375429,3.98611368472239
548.248842224297,253.356729744079,3.88402798175638
173.988420885726,34.6006574525276,4.36132071552457
499.393287956893,345.922227832297,4.71037238652159
43.2724120425716,39.0871032875041,4.00497675198474
525.42760545999,151.416101845165,4.35046653258615
NA,NA,NA
659.612894350939,332.917048350894,3.51296125524805
455.240434245374,297.574190122587,3.71106549714845
9.75667586378438,489.789307106321,3.76226276224998
558.477564423903,48.4292255244363,4.17841575643366
71.4365181635888,372.416735488051,3.93847464217699
226.553519242343,410.48482831535,3.78994991667975
427.251898805689,13.3898232148759,3.26899760430889
361.776918966304,291.893583870334,3.01118445983436
603.190223393948,104.712843180787,4.10870978434419
392.640037617182,229.65859297434,4.37275527026719
567.651641529605,407.795181776061,4.77078270318001
147.276384659486,278.781925389293,4.54400506489155
196.990075410492,370.28757172834,4.12360177015236
126.576750006846,411.664415908968,3.35536652027159
630.703019178257,312.051394335716,4.51625303578466
3.08439994538204,143.978685345536,4.23094510098925
543.886975374898,199.379064166966,4.22926431497185
33.8920933122341,490.996377872835,2.92645006434617
279.690516157074,23.1131896382321,3.93763866993253
536.224519241482,391.106347913177,3.38563465800553
71.622057640713,76.2902102973247,5.2193385578444
5.35973202302484,79.1141561133577,3.51157947406518
587.298423742873,227.67048003707,4.05877391721316
432.244175941895,465.521473680484,4.77479203235471
659.508228206533,374.402733509681,3.08296063942867
103.373023854708,486.81075234785,4.38223942957334
625.185613241828,92.3022351960773,4.04251280993524
417.890679593736,257.348664936202,3.60478710277867
10.3756406700742,181.530055446113,3.266572624897
64.8414070144649,118.885803238853,4.34589159547889
613.45873038981,194.600059963789,4.18174498155327
270.773231977448,218.195324223443,3.80458666238047
572.344039348656,446.400817108398,3.95378473590222
296.72925802771,134.290451922544,3.90113167021587
529.271902130336,458.464373026891,3.90870840856762
49.2027669029072,407.690052542212,3.70463466968338
184.454117741856,285.536110375429,3.98611368472239
548.248842224297,253.356729744079,3.88402798175638
173.988420885726,34.6006574525276,4.36132071552457
499.393287956893,345.922227832297,4.71037238652159
43.2724120425716,39.0871032875041,4.00497675198474
525.42760545999,151.416101845165,4.35046653258615
NA,NA,NA
659.612894350939,332.917048350894,3.51296125524805
455.240434245374,297.574190122587,3.71106549714845
9.75667586378438,489.789307106321,3.76226276224998
558.477564423903,48.4292255244363,4.17841575643366
71.4365181635888,372.416735488051,3.93847464217699
226.553519242343,410.48482831535,3.78994991667975
427.251898805689,13.3898232148759,3.26899760430889
361.776918966304,291.893583870334,3.01118445983436
603.190223393948,104.712843180787,4.10870978434419
392.640037617182,229.65859297434,4.37275527026719
567.651641529605,407.795181776061,4.77078270318001
147.276384659486,278.781925389293,4.54400506489155
196.990075410492,370.28757172834,4.12360177015236
126.576750006846,411.664415908968,3.35536652027159
630.703019178257,312.051394335716,4.51625303578466
3.08439994538204,143.978685345536,4.23094510098925
543.886975374898,199.379064166966,4.22926431497185
33.8920933122341,490.996377872835,2.92645006434617
279.690516157074,23.1131896382321,3.93763866993253
536.224519241482,391.106347913177,3.38563465800553
71.622057640713,76.2902102973247,5.2193385578444
5.35973202302484,79.1141561133577,3.51157947406518
587.298423742873,227.67048003707,4.05877391721316
432.244175941895,465.521473680484,4.77479203235471
659.508228206533,374.402733509681,3.08296063942867
103.373023854708,486.81075234785,4.38223942957334
625.185613241828,92.3022351960773,4.04251280993524
417.890679593736,257.348664936202,3.60478710277867
10.3756406700742,181.530055446113,3.266572624897
64.8414070144649,118.885803238853,4.34589159547889
613.45873038981,194.600059963789,4.18174498155327
270.773231977448,218.195324223443,3.80458666238047
572.344039348656,446.400817108398,3.95378473590222
296.72925802771,134.290451922544,3.90113167021587
529.271902130336,458.464373026891,3.90870840856762
49.2027669029072,407.690052542212,3.70463466968338
184.454117741856,285.536110375429,3.98611368472239
548.248842224297,253.356729744079,3.88402798175638
173.988420885726,34.6006574525276,4.36132071552457
499.393287956893,345.922227832297,4.71037238652159
43.2724120425716,39.0871032875041,4.00497675198474
525.42760545999,151.416101845165,4.35046653258615
NA,NA,NA
659.612894350939,332.917048350894,3.51296125524805
455.240434245374,297.574190122587,3.71106549714845
9.75667586378438,489.789307106321,3.76226276224998
558.477564423903,48.4292255244363,4.17841575643366
71.4365181635888,372.416735488051,3.93847464217699
226.553519242343,410.48482831535,3.78994991667975
427.251898805689,13.3898232148759,3.26899760430889
361.776918966304,291.893583870334,3.01118445983436
603.190223393948,104.712843180787,4.10870978434419
392.640037617182,229.65859297434,4.37275527026719
567.651641529605,407.795181776061,4.77078270318001
147.276384659486,278.781925389293,4.54400506489155
196.990075410492,370.28757172834,4.12360177015236
126.576750006846,411.664415908968,3.35536652027159
630.703019178257,312.051394335716,4.51625303578466
3.08439994538204,143.978685345536,4.23094510098925
543.886975374898,199.379064166966,4.22926431497185
33.8920933122341,490.996377872835,2.92645006434617
279.690516157074,23.1131896382321,3.93763866993253
536.224519241482,391.106347913177,3.38563465800553
71.622057640713,76.2902102973247,5.2193385578444
5.35973202302484,79.1141561133577,3.51157947406518
587.298423742873,227.67048003707,4.05877391721316
432.244175941895,465.521473680484,4.77479203235471
659.508228206533,374.402733509681,3.08296063942867
103.373023854708,486.81075234785,4.38223942957334
625.185613241828,92.3022351960773,4.04251280993524
417.890679593736,257.348664936202,3.60478710277867
10.3756406700742,181.530055446113,3.266572624897
64.8414070144649,118.885803238853,4.34589159547889
613.45873038981,194.600059963789,4.18174498155327
270.773231977448,218.195324223443,3.80458666238047
572.344039348656,446.400817108398,3.95378473590222
296.72925802771,134.290451922544,3.90113167021587
529.271902130336,458.464373026891,3.90870840856762
49.2027669029072,407.690052542212,3.70463466968338
184.454117741856,285.536110375429,3.98611368472239
548.248842224297,253.356729744079,3.88402798175638
173.988420885726,34.6006574525276,4.36132071552457
499.393287956893,345.922227832297,4.71037238652159
43.2724120425716,39.0871032875041,4.00497675198474
525.42760545999,151.416101845165,4.35046653258615
NA,NA,NA
659.612894350939,332.917048350894,3.51296125524805
455.240434245374,297.574190122587,3.71106549714845
9.75667586378438,489.789307106321,3.76226276224998
558.477564423903,48.4292255244363,4.17841575643366
71.4365181635888,372.416735488051,3.93847464217699
226.553519242343,410.48482831535,3.78994991667975
427.251898805689,13.3898232148759,3.26899760430889
361.776918966304,291.893583870334,3.01118445983436
603.190223393948,104.712843180787,4.10870978434419
392.640037617182,229.65859297434,4.37275527026719
567.651641529605,407.795181776061,4.77078270318001
147.276384659486,278.781925389293,4.54400506489155
196.990075410492,370.28757172834,4.12360177015236
126.576750006846,411.664415908968,3.35536652027159
630.703019178257,312.051394335716,4.51625303578466
3.08439994538204,143.978685345536,4.23094510098925
543.886975374898,199.379064166966,4.22926431497185
33.8920933122341,490.996377872835,2.92645006434617
279.690516157074,23.1131896382321,3.93763866993253
536.224519241482,391.106347913177,3.38563465800553
71.622057640713,76.2902102973247,5.2193385578444
5.35973202302484,79.1141561133577,3.51157947406518
587.298423742873,227.67048003707,4.05877391721316
432.244175941895,465.521473680484,4.77479203235471
659.508228206533,374.402733509681,3.08296063942867
103.373023854708,486.81075234785,4.38223942957334
625.185613241828,92.3022351960773,4.04251280993524
417.890679593736,257.348664936202,3.60478710277867
10.3756406700742,181.530055446113,3.266572624897
64.8414070144649,118.885803238853,4.34589159547889
613.45873038981,194.600059963789,4.18174498155327
270.773231977448,218.195324223443,3.80458666238047
572.344039348656,446.400817108398,3.95378473590222
296.72925802771,134.290451922544,3.90113167021587
529.271902130336,458.464373026891,3.90870840856762
49.2027669029072,407.690052542212,3.70463466968338
184.454117741856,285.536110375429,3.98611368472239
548.248842224297,253.356729744079,3.88402798175638
173.988420885726,34.6006574525276,4.36132071552457
499.393287956893,345.922227832297,4.71037238652159
43.2724120425716,39.0871032875041,4.00497675198474
525.42760545999,151.416101845165,4.35046653258615
NA,NA,NA
659.612894350939,332.917048350894,3.51296125524805
455.240434245374,297.574190122587,3.71106549714845
9.75667586378438,489.789307106321,3.76226276224998
558.477564423903,48.4292255244363,4.17841575643366
71.4365181635888,372.416735488051,3.93847464217699
226.553519242343,410.48482831535,3.78994991667975
427.251898805689,13.3898232148759,3.26899760430889
361.776918966304,291.893583870334,3.01118445983436
603.190223393948,104.712843180787,4.10870978434419
392.640037617182,229.65859297434,4.37275527026719
567.651641529605,407.795181776061,4.77078270318001
147.276384659486,278.781925389293,4.54400506489155
196.990075410492,370.28757172834,4.12360177015236
126.576750006846,411.664415908968,3.35536652027159
630.703019178257,312.051394335716,4.51625303578466
3.08439994538204,143.978685345536,4.23094510098925
543.886975374898,199.379064166966,4.22926431497185
33.8920933122341,490.996377872835,2.92645006434617
279.690516157074,23.1131896382321,3.93763866993253
536.224519241482,391.106347913177,3.38563465800553
71.622057640713,76.2902102973247,5.2193385578444
5.35973202302484,79.1141561133577,3.51157947406518
587.298423742873,227.67048003707,4.05877391721316
432.244175941895,465.521473680484,4.77479203235471
659.508228206533,374.402733509681,3.08296063942867
103.373023854708,486.81075234785,4.38223942957334
625.185613241828,92.3022351960773,4.04251280993524
417.890679593736,257.348664936202,3.60478710277867
10.3756406700742,181.530055446113,3.266572624897
64.8414070144649,118.885803238853,4.34589159547889
613.45873038981,194.600059963789,4.18174498155327
270.773231977448,218.195324223443,3.80458666238047
572.344039348656,446.400817108398,3.95378473590222
296.72925802771,134.290451922544,3.90113167021587
529.271902130336,458.464373026891,3.90870840856762
49.2027669029072,407.690052542212,3.70463466968338
184.454117741856,285.536110375429,3.98611368472239
548.248842224297,253.356729744079,3.88402798175638
173.988420885726,34.6006574525276,4.36132071552457
499.393287956893,345.922227832297,4.71037238652159
43.2724120425716,39.0871032875041,4.00497675198474
525.42760545999,151.416101845165,4.35046653258615
NA,NA,NA
661.377129776894,335.75291936459,3.45220273374848
458.066283381693,298.975350216013,3.48361321136604
8.66248039732303,495.839820116715,3.58926189997705
559.834291740606,49.1575461067139,4.14382233064122
73.2218009278906,377.51807863983,3.95675179875421
232.463363715329,414.314412074618,3.93334994256936
426.486172814745,14.495688280766,3.36743043352869
362.402365271722,294.071168979323,3.0687216562951
601.852544270895,100.891075910474,4.21508951532642
386.722304696959,223.601725366827,4.11255210392862
570.421791549945,412.23828207052,4.67379483703732
146.954553494151,286.941404069076,4.64160726519066
207.689872110207,368.296356713952,3.99841119666867
124.165752450676,411.867639376171,3.54686830145275
627.566141613176,310.235991655467,4.4845757233986
12.379414864611,141.806272935535,4.28163952884247
544.338614601284,204.32133293824,4.25259538953775
34.5528002205591,493.572318275196,3.06559622909585
275.000903717326,22.5582335617066,3.7766781247716
531.514842444888,391.074288868635,3.40763904449588
72.2952664010227,78.3713197731034,5.13889622233239
4.95782145761991,79.1085637137469,3.51180718205798
588.542314997523,227.795022637808,4.03727376802845
444.851855430549,465.529121807419,4.72574402810741
659.86494227011,375.495658582395,3.08941494197606
108.153311052401,488.64645397193,4.46512912133352
624.525233438089,92.9272794602947,4.08424845818353
422.694723480161,261.390420724228,3.76714227282114
11.1105003888827,182.310680760065,3.30942190970686
64.4553656154631,117.405337742411,4.48536887215164
620.367991266838,210.431897155241,4.16451931858117
255.571920644552,228.929598440042,3.74441043361706
571.876619285616,437.453847722704,3.81229803378223
296.706712179294,136.901403655916,4.05447886561667
529.117484120703,457.69551570814,3.70926650896425
51.7602458432793,419.572410274917,3.83583005229127
191.39467951003,285.656886487072,3.90837662328626
549.89241186769,270.970441856469,3.51620270374235
174.057308297966,25.4387579430065,4.32350022598313
501.248417930991,338.0994976844,4.24799514214341
40.6156345058587,51.1620249971041,3.80786081867965
522.414269286335,145.214183695964,4.72339271362794
NA,NA,NA
661.377129776894,335.75291936459,3.45220273374848
458.066283381693,298.975350216013,3.48361321136604
8.66248039732303,495.839820116715,3.58926189997705
559.834291740606,49.1575461067139,4.14382233064122
73.2218009278906,377.51807863983,3.95675179875421
232.463363715329,414.314412074618,3.93334994256936
426.486172814745,14.495688280766,3.36743043352869
362.402365271722,294.071168979323,3.0687216562951
601.852544270895,100.891075910474,4.21508951532642
386.722304696959,223.601725366827,4.11255210392862
570.421791549945,412.23828207052,4.67379483703732
146.954553494151,286.941404069076,4.64160726519066
207.689872110207,368.296356713952,3.99841119666867
124.165752450676,411.867639376171,3.54686830145275
627.566141613176,310.235991655467,4.4845757233986
12.379414864611,141.806272935535,4.28163952884247
544.338614601284,204.32133293824,4.25259538953775
34.5528002205591,493.572318275196,3.06559622909585
275.000903717326,22.5582335617066,3.7766781247716
531.514842444888,391.074288868635,3.40763904449588
72.2952664010227,78.3713197731034,5.13889622233239
4.95782145761991,79.1085637137469,3.51180718205798
588.542314997523,227.795022637808,4.03727376802845
444.851855430549,465.529121807419,4.72574402810741
659.86494227011,375.495658582395,3.08941494197606
108.153311052401,488.64645397193,4.46512912133352
624.525233438089,92.9272794602947,4.08424845818353
422.694723480161,261.390420724228,3.76714227282114
11.1105003888827,182.310680760065,3.30942190970686
64.4553656154631,117.405337742411,4.48536887215164
620.367991266838,210.431897155241,4.16451931858117
255.571920644552,228.929598440042,3.74441043361706
571.876619285616,437.453847722704,3.81229803378223
296.706712179294,136.901403655916,4.05447886561667
529.117484120703,457.69551570814,3.70926650896425
51.7602458432793,419.572410274917,3.83583005229127
191.39467951003,285.656886487072,3.90837662328626
549.89241186769,270.970441856469,3.51620270374235
174.057308297966,25.4387579430065,4.32350022598313
501.248417930991,338.0994976844,4.24799514214341
40.6156345058587,51.1620249971041,3.80786081867965
522.414269286335,145.214183695964,4.72339271362794
NA,NA,NA
661.377129776894,335.75291936459,3.45220273374848
458.066283381693,298.975350216013,3.48361321136604
8.66248039732303,495.839820116715,3.58926189997705
559.834291740606,49.1575461067139,4.14382233064122
73.2218009278906,377.51807863983,3.95675179875421
232.463363715329,414.314412074618,3.93334994256936
426.486172814745,14.495688280766,3.36743043352869
362.402365271722,294.071168979323,3.0687216562951
601.852544270895,100.891075910474,4.21508951532642
386.722304696959,223.601725366827,4.11255210392862
570.421791549945,412.23828207052,4.67379483703732
146.954553494151,286.941404069076,4.64160726519066
207.689872110207,368.296356713952,3.99841119666867
124.165752450676,411.867639376171,3.54686830145275
627.566141613176,310.235991655467,4.4845757233986
12.379414864611,141.806272935535,4.28163952884247
544.338614601284,204.32133293824,4.25259538953775
34.5528002205591,493.572318275196,3.06559622909585
275.000903717326,22.5582335617066,3.7766781247716
531.514842444888,391.074288868635,3.40763904449588
72.2952664010227,78.3713197731034,5.13889622233239
4.95782145761991,79.1085637137469,3.51180718205798
588.542314997523,227.795022637808,4.03727376802845
444.851855430549,465.529121807419,4.72574402810741
659.86494227011,375.495658582395,3.08941494197606
108.153311052401,488.64645397193,4.46512912133352
624.525233438089,92.9272794602947,4.08424845818353
422.694723480161,261.390420724228,3.76714227282114
11.1105003888827,182.310680760065,3.30942190970686
64.4553656154631,117.405337742411,4.48536887215164
620.367991266838,210.431897155241,4.16451931858117
255.571920644552,228.929598440042,3.74441043361706
571.876619285616,437.453847722704,3.81229803378223
296.706712179294,136.901403655916,4.05447886561667
529.117484120703,457.69551570814,3.70926650896425
51.7602458432793,419.572410274917,3.83583005229127
191.39467951003,285.656886487072,3.90837662328626
549.89241186769,270.970441856469,3.51620270374235
174.057308297966,25.4387579430065,4.32350022598313
501.248417930991,338.0994976844,4.24799514214341
40.6156345058587,51.1620249971041,3.80786081867965
522.414269286335,145.214183695964,4.72339271362794
NA,NA,NA
661.377129776894,335.75291936459,3.45220273374848
458.066283381693,298.975350216013,3.48361321136604
8.66248039732303,495.839820116715,3.58926189997705
559.834291740606,49.1575461067139,4.14382233064122
73.2218009278906,377.51807863983,3.95675179875421
232.463363715329,414.314412074618,3.93334994256936
426.486172814745,14.495688280766,3.36743043352869
362.402365271722,294.071168979323,3.0687216562951
601.852544270895,100.891075910474,4.21508951532642
386.722304696959,223.601725366827,4.11255210392862
570.421791549945,412.23828207052,4.67379483703732
146.954553494151,286.941404069076,4.64160726519066
207.689872110207,368.296356713952,3.99841119666867
124.165752450676,411.867639376171,3.54686830145275
627.566141613176,310.235991655467,4.4845757233986
12.379414864611,141.806272935535,4.28163952884247
544.338614601284,204.32133293824,4.25259538953775
34.5528002205591,493.572318275196,3.06559622909585
275.000903717326,22.5582335617066,3.7766781247716
531.514842444888,391.074288868635,3.40763904449588
72.2952664010227,78.3713197731034,5.13889622233239
4.95782145761991,79.1085637137469,3.51180718205798
588.542314997523,227.795022637808,4.03727376802845
444.851855430549,465.529121807419,4.72574402810741
659.86494227011,375.495658582395,3.08941494197606
108.153311052401,488.64645397193,4.46512912133352
624.525233438089,92.9272794602947,4.08424845818353
422.694723480161,261.390420724228,3.76714227282114
11.1105003888827,182.310680760065,3.30942190970686
64.4553656154631,117.405337742411,4.48536887215164
620.367991266838,210.431897155241,4.16451931858117
255.571920644552,228.929598440042,3.74441043361706
571.876619285616,437.453847722704,3.81229803378223
296.706712179294,136.901403655916,4.05447886561667
529.117484120703,457.69551570814,3.70926650896425
51.7602458432793,419.572410274917,3.83583005229127
191.39467951003,285.656886487072,3.90837662328626
549.89241186769,270.970441856469,3.51620270374235
174.057308297966,25.4387579430065,4.32350022598313
501.248417930991,338.0994976844,4.24799514214341
40.6156345058587,51.1620249971041,3.80786081867965
522.414269286335,145.214183695964,4.72339271362794
NA,NA,NA
661.377129776894,335.75291936459,3.45220273374848
458.066283381693,298.975350216013,3.48361321136604
8.66248039732303,495.839820116715,3.58926189997705
559.834291740606,49.1575461067139,4.14382233064122
73.2218009278906,377.51807863983,3.95675179875421
232.463363715329,414.314412074618,3.93334994256936
426.486172814745,14.495688280766,3.36743043352869
362.402365271722,294.071168979323,3.0687216562951
601.852544270895,100.891075910474,4.21508951532642
386.722304696959,223.601725366827,4.11255210392862
570.421791549945,412.23828207052,4.67379483703732
146.954553494151,286.941404069076,4.64160726519066
207.689872110207,368.296356713952,3.99841119666867
124.165752450676,411.867639376171,3.54686830145275
627.566141613176,310.235991655467,4.4845757233986
12.379414864611,141.806272935535,4.28163952884247
544.338614601284,204.32133293824,4.25259538953775
34.5528002205591,493.572318275196,3.06559622909585
275.000903717326,22.5582335617066,3.7766781247716
531.514842444888,391.074288868635,3.40763904449588
72.2952664010227,78.3713197731034,5.13889622233239
4.95782145761991,79.1085637137469,3.51180718205798
588.542314997523,227.795022637808,4.03727376802845
444.851855430549,465.529121807419,4.72574402810741
659.86494227011,375.495658582395,3.08941494197606
108.153311052401,488.64645397193,4.46512912133352
624.525233438089,92.9272794602947,4.08424845818353
422.694723480161,261.390420724228,3.76714227282114
11.1105003888827,182.310680760065,3.30942190970686
64.4553656154631,117.405337742411,4.48536887215164
620.367991266838,210.431897155241,4.16451931858117
255.571920644552,228.929598440042,3.74441043361706
571.876619285616,437.453847722704,3.81229803378223
296.706712179294,136.901403655916,4.05447886561667
529.117484120703,457.69551570814,3.70926650896425
51.7602458432793,419.572410274917,3.83583005229127
191.39467951003,285.656886487072,3.90837662328626
549.89241186769,270.970441856469,3.51620270374235
174.057308297966,25.4387579430065,4.32350022598313
501.248417930991,338.0994976844,4.24799514214341
40.6156345058587,51.1620249971041,3.80786081867965
522.414269286335,145.214183695964,4.72339271362794
NA,NA,NA
661.377129776894,335.75291936459,3.45220273374848
458.066283381693,298.975350216013,3.48361321136604
8.66248039732303,495.839820116715,3.58926189997705
559.834291740606,49.1575461067139,4.14382233064122
73.2218009278906,377.51807863983,3.95675179875421
232.463363715329,414.314412074618,3.93334994256936
426.486172814745,14.495688280766,3.36743043352869
362.402365271722,294.071168979323,3.0687216562951
601.852544270895,100.891075910474,4.21508951532642
386.722304696959,223.601725366827,4.11255210392862
570.421791549945,412.23828207052,4.67379483703732
146.954553494151,286.941404069076,4.64160726519066
207.689872110207,368.296356713952,3.99841119666867
124.165752450676,411.867639376171,3.54686830145275
627.566141613176,310.235991655467,4.4845757233986
12.379414864611,141.806272935535,4.28163952884247
544.338614601284,204.32133293824,4.25259538953775
34.5528002205591,493.572318275196,3.06559622909585
275.000903717326,22.5582335617066,3.7766781247716
531.514842444888,391.074288868635,3.40763904449588
72.2952664010227,78.3713197731034,5.13889622233239
4.95782145761991,79.1085637137469,3.51180718205798
588.542314997523,227.795022637808,4.03727376802845
444.851855430549,465.529121807419,4.72574402810741
659.86494227011,375.495658582395,3.08941494197606
108.153311052401,488.64645397193,4.46512912133352
624.525233438089,92.9272794602947,4.08424845818353
422.694723480161,261.390420724228,3.76714227282114
11.1105003888827,182.310680760065,3.30942190970686
64.4553656154631,117.405337742411,4.48536887215164
620.367991266838,210.431897155241,4.16451931858117
255.571920644552,228.929598440042,3.74441043361706
571.876619285616,437.453847722704,3.81229803378223
296.706712179294,136.901403655916,4.05447886561667
529.117484120703,457.69551570814,3.70926650896425
51.7602458432793,419.572410274917,3.83583005229127
191.39467951003,285.656886487072,3.90837662328626
549.89241186769,270.970441856469,3.51620270374235
174.057308297966,25.4387579430065,4.32350022598313
501.248417930991,338.0994976844,4.24799514214341
40.6156345058587,51.1620249971041,3.80786081867965
522.414269286335,145.214183695964,4.72339271362794
NA,NA,NA
661.752395186328,333.035236612252,3.44325602273707
454.867616848026,296.342910948114,3.72938672039469
12.5159252443076,496.294108750268,3.48305360143207
559.489828009693,51.078504575076,4.19629482788703
71.5092874335967,372.504369814356,4.00430629950398
229.729257246158,413.388427385859,3.84984761974295
429.354538894181,13.7102422131769,3.3693345401245
361.112379198075,292.304503475315,3.0704826883123
601.256702948674,106.049501941053,4.21360639641395
393.319529650782,228.985981369277,4.23586961212815
574.170311217743,413.666086196883,4.79757632047665
141.158625341184,283.517741774891,4.66595909722921
201.064195758524,369.109175529186,4.1128006483266
123.978531112057,408.537112658699,3.4849956371323
624.344756830413,319.147884120387,4.49921797298749
1.77573954552022,143.251312143346,4.18907410194222
544.643518440571,200.440048166228,4.12324584977896
34.430965059599,492.595821570332,2.90761767567682
282.290378264725,23.177995522752,3.8652764152986
537.268136833362,396.275191393686,3.57015028457023
68.9969525277522,83.5995909261128,5.36483367639774
6.23164363393304,78.6419797937761,3.60260142052784
587.706293154771,226.037618733989,4.03925655496804
440.955654167036,458.642551230405,4.72681914320707
662.025814836603,372.00331540249,3.20216616042436
103.776194206676,486.319160177122,4.4316560342303
626.430655762209,91.6074983022953,4.07907611104111
421.536163890145,257.986054189956,3.54468540678317
10.6244936947493,182.192897077834,3.25544949311699
46.0299128358072,114.276245898508,4.36477900060825
591.520089048591,203.481220812121,4.24244774504786
248.256748573071,219.350110081342,3.53531506861039
570.215395638135,433.572901154094,3.86241593340707
303.8859298819,135.530982147755,3.7442728500987
527.359875893384,462.012749181916,3.60107842816005
29.1121471433907,422.105691236703,3.97448938844596
190.872942606735,287.457684300558,4.16153526849409
555.749576216191,261.450871464029,3.98583661741301
169.214561790383,28.9470386660326,4.28525348652317
494.757828893495,342.598224714296,4.46470391751428
37.6062244725381,53.0696754026394,4.10584650169662
527.790506964829,163.007485702153,4.48651878762431
NA,NA,NA
661.752395186328,333.035236612252,3.44325602273707
454.867616848026,296.342910948114,3.72938672039469
12.5159252443076,496.294108750268,3.48305360143207
559.489828009693,51.078504575076,4.19629482788703
71.5092874335967,372.504369814356,4.00430629950398
229.729257246158,413.388427385859,3.84984761974295
429.354538894181,13.7102422131769,3.3693345401245
361.112379198075,292.304503475315,3.0704826883123
601.256702948674,106.049501941053,4.21360639641395
393.319529650782,228.985981369277,4.23586961212815
574.170311217743,413.666086196883,4.79757632047665
141.158625341184,283.517741774891,4.66595909722921
201.064195758524,369.109175529186,4.1128006483266
123.978531112057,408.537112658699,3.4849956371323
624.344756830413,319.147884120387,4.49921797298749
1.77573954552022,143.251312143346,4.18907410194222
544.643518440571,200.440048166228,4.12324584977896
34.430965059599,492.595821570332,2.90761767567682
282.290378264725,23.177995522752,3.8652764152986
537.268136833362,396.275191393686,3.57015028457023
68.9969525277522,83.5995909261128,5.36483367639774
6.23164363393304,78.6419797937761,3.60260142052784
587.706293154771,226.037618733989,4.03925655496804
440.955654167036,458.642551230405,4.72681914320707
662.025814836603,372.00331540249,3.20216616042436
103.776194206676,486.319160177122,4.4316560342303
626.430655762209,91.6074983022953,4.07907611104111
421.536163890145,257.986054189956,3.54468540678317
10.6244936947493,182.192897077834,3.25544949311699
46.0299128358072,114.276245898508,4.36477900060825
591.520089048591,203.481220812121,4.24244774504786
248.256748573071,219.350110081342,3.53531506861039
570.215395638135,433.572901154094,3.86241593340707
303.8859298819,135.530982147755,3.7442728500987
527.359875893384,462.012749181916,3.60107842816005
29.1121471433907,422.105691236703,3.97448938844596
190.872942606735,287.457684300558,4.16153526849409
555.749576216191,261.450871464029,3.98583661741301
169.214561790383,28.9470386660326,4.28525348652317
494.757828893495,342.598224714296,4.46470391751428
37.6062244725381,53.0696754026394,4.10584650169662
527.790506964829,163.007485702153,4.48651878762431
NA,NA,NA
661.752395186328,333.035236612252,3.44325602273707
454.867616848026,296.342910948114,3.72938672039469
12.5159252443076,496.294108750268,3.48305360143207
559.489828009693,51.078504575076,4.19629482788703
71.5092874335967,372.504369814356,4.00430629950398
229.729257246158,413.388427385859,3.84984761974295
429.354538894181,13.7102422131769,3.3693345401245
361.112379198075,292.304503475315,3.0704826883123
601.256702948674,106.049501941053,4.21360639641395
393.319529650782,228.985981369277,4.23586961212815
574.170311217743,413.666086196883,4.79757632047665
141.158625341184,283.517741774891,4.66595909722921
201.064195758524,369.109175529186,4.1128006483266
123.978531112057,408.537112658699,3.4849956371323
624.344756830413,319.147884120387,4.49921797298749
1.77573954552022,143.251312143346,4.18907410194222
544.643518440571,200.440048166228,4.12324584977896
34.430965059599,492.595821570332,2.90761767567682
282.290378264725,23.177995522752,3.8652764152986
537.268136833362,396.275191393686,3.57015028457023
68.9969525277522,83.5995909261128,5.36483367639774
6.23164363393304,78.6419797937761,3.60260142052784
587.706293154771,226.037618733989,4.03925655496804
440.955654167036,458.642551230405,4.72681914320707
662.025814836603,372.00331540249,3.20216616042436
103.776194206676,486.319160177122,4.4316560342303
626.430655762209,91.6074983022953,4.07907611104111
421.536163890145,257.986054189956,3.54468540678317
10.6244936947493,182.192897077834,3.25544949311699
46.0299128358072,114.276245898508,4.36477900060825
591.520089048591,203.481220812121,4.24244774504786
248.256748573071,219.350110081342,3.53531506861039
570.215395638135,433.572901154094,3.86241593340707
303.8859298819,135.530982147755,3.7442728500987
527.359875893384,462.012749181916,3.60107842816005
29.1121471433907,422.105691236703,3.97448938844596
190.872942606735,287.457684300558,4.16153526849409
555.749576216191,261.450871464029,3.98583661741301
169.214561790383,28.9470386660326,4.28525348652317
494.757828893495,342.598224714296,4.46470391751428
37.6062244725381,53.0696754026394,4.10584650169662
527.790506964829,163.007485702153,4.48651878762431
NA,NA,NA
661.752395186328,333.035236612252,3.44325602273707
454.867616848026,296.342910948114,3.72938672039469
12.5159252443076,496.294108750268,3.48305360143207
559.489828009693,51.078504575076,4.19629482788703
71.5092874335967,372.504369814356,4.00430629950398
229.729257246158,413.388427385859,3.84984761974295
429.354538894181,13.7102422131769,3.3693345401245
361.112379198075,292.304503475315,3.0704826883123
601.256702948674,106.049501941053,4.21360639641395
393.319529650782,228.985981369277,4.23586961212815
574.170311217743,413.666086196883,4.79757632047665
141.158625341184,283.517741774891,4.66595909722921
201.064195758524,369.109175529186,4.1128006483266
123.978531112057,408.537112658699,3.4849956371323
624.344756830413,319.147884120387,4.49921797298749
1.77573954552022,143.251312143346,4.18907410194222
544.643518440571,200.440048166228,4.12324584977896
34.430965059599,492.595821570332,2.90761767567682
282.290378264725,23.177995522752,3.8652764152986
537.268136833362,396.275191393686,3.57015028457023
68.9969525277522,83.5995909261128,5.36483367639774
6.23164363393304,78.6419797937761,3.60260142052784
587.706293154771,226.037618733989,4.03925655496804
440.955654167036,458.642551230405,4.72681914320707
662.025814836603,372.00331540249,3.20216616042436
103.776194206676,486.319160177122,4.4316560342303
626.430655762209,91.6074983022953,4.07907611104111
421.536163890145,257.986054189956,3.54468540678317
10.6244936947493,182.192897077834,3.25544949311699
46.0299128358072,114.276245898508,4.36477900060825
591.520089048591,203.481220812121,4.24244774504786
248.256748573071,219.350110081342,3.53531506861039
570.215395638135,433.572901154094,3.86241593340707
303.8859298819,135.530982147755,3.7442728500987
527.359875893384,462.012749181916,3.60107842816005
29.1121471433907,422.105691236703,3.97448938844596
190.872942606735,287.457684300558,4.16153526849409
555.749576216191,261.450871464029,3.98583661741301
169.214561790383,28.9470386660326,4.28525348652317
494.757828893495,342.598224714296,4.46470391751428
37.6062244725381,53.0696754026394,4.10584650169662
527.790506964829,163.007485702153,4.48651878762431
NA,NA,NA
661.752395186328,333.035236612252,3.44325602273707
454.867616848026,296.342910948114,3.72938672039469
12.5159252443076,496.294108750268,3.48305360143207
559.489828009693,51.078504575076,4.19629482788703
71.5092874335967,372.504369814356,4.00430629950398
229.729257246158,413.388427385859,3.84984761974295
429.354538894181,13.7102422131769,3.3693345401245
361.112379198075,292.304503475315,3.0704826883123
601.256702948674,106.049501941053,4.21360639641395
393.319529650782,228.985981369277,4.23586961212815
574.170311217743,413.666086196883,4.79757632047665
141.158625341184,283.517741774891,4.66595909722921
201.064195758524,369.109175529186,4.1128006483266
123.978531112057,408.537112658699,3.4849956371323
624.344756830413,319.147884120387,4.49921797298749
1.77573954552022,143.251312143346,4.18907410194222
544.643518440571,200.440048166228,4.12324584977896
34.430965059599,492.595821570332,2.90761767567682
282.290378264725,23.177995522752,3.8652764152986
537.268136833362,396.275191393686,3.57015028457023
68.9969525277522,83.5995909261128,5.36483367639774
6.23164363393304,78.6419797937761,3.60260142052784
587.706293154771,226.037618733989,4.03925655496804
440.955654167036,458.642551230405,4.72681914320707
662.025814836603,372.00331540249,3.20216616042436
103.776194206676,486.319160177122,4.4316560342303
626.430655762209,91.6074983022953,4.07907611104111
421.536163890145,257.986054189956,3.54468540678317
10.6244936947493,182.192897077834,3.25544949311699
46.0299128358072,114.276245898508,4.36477900060825
591.520089048591,203.481220812121,4.24244774504786
248.256748573071,219.350110081342,3.53531506861039
570.215395638135,433.572901154094,3.86241593340707
303.8859298819,135.530982147755,3.7442728500987
527.359875893384,462.012749181916,3.60107842816005
29.1121471433907,422.105691236703,3.97448938844596
190.872942606735,287.457684300558,4.16153526849409
555.749576216191,261.450871464029,3.98583661741301
169.214561790383,28.9470386660326,4.28525348652317
494.757828893495,342.598224714296,4.46470391751428
37.6062244725381,53.0696754026394,4.10584650169662
527.790506964829,163.007485702153,4.48651878762431
NA,NA,NA
661.752395186328,333.035236612252,3.44325602273707
454.867616848026,296.342910948114,3.72938672039469
12.5159252443076,496.294108750268,3.48305360143207
559.489828009693,51.078504575076,4.19629482788703
71.5092874335967,372.504369814356,4.00430629950398
229.729257246158,413.388427385859,3.84984761974295
429.354538894181,13.7102422131769,3.3693345401245
361.112379198075,292.304503475315,3.0704826883123
601.256702948674,106.049501941053,4.21360639641395
393.319529650782,228.985981369277,4.23586961212815
574.170311217743,413.666086196883,4.79757632047665
141.158625341184,283.517741774891,4.66595909722921
201.064195758524,369.109175529186,4.1128006483266
123.978531112057,408.537112658699,3.4849956371323
624.344756830413,319.147884120387,4.49921797298749
1.77573954552022,143.251312143346,4.18907410194222
544.643518440571,200.440048166228,4.12324584977896
34.430965059599,492.595821570332,2.90761767567682
282.290378264725,23.177995522752,3.8652764152986
537.268136833362,396.275191393686,3.57015028457023
68.9969525277522,83.5995909261128,5.36483367639774
6.23164363393304,78.6419797937761,3.60260142052784
587.706293154771,226.037618733989,4.03925655496804
440.955654167036,458.642551230405,4.72681914320707
662.025814836603,372.00331540249,3.20216616042436
103.776194206676,486.319160177122,4.4316560342303
626.430655762209,91.6074983022953,4.07907611104111
421.536163890145,257.986054189956,3.54468540678317
10.6244936947493,182.192897077834,3.25544949311699
46.0299128358072,114.276245898508,4.36477900060825
591.520089048591,203.481220812121,4.24244774504786
248.256748573071,219.350110081342,3.53531506861039
570.215395638135,433.572901154094,3.86241593340707
303.8859298819,135.530982147755,3.7442728500987
527.359875893384,462.012749181916,3.60107842816005
29.1121471433907,422.105691236703,3.97448938844596
190.872942606735,287.457684300558,4.16153526849409
555.749576216191,261.450871464029,3.98583661741301
169.214561790383,28.9470386660326,4.28525348652317
494.757828893495,342.598224714296,4.46470391751428
37.6062244725381,53.0696754026394,4.10584650169662
527.790506964829,163.007485702153,4.48651878762431
NA,NA,NA
661.005112547116,334.591061039449,3.48188743454241
455.41194173265,297.932299595287,3.62411405093561
11.4914644304962,490.010611341151,3.56589657971423
565.592274041968,48.297173903997,4.24334906429638
70.654434311277,373.198987729889,4.01685625907387
226.226666449525,411.76387893518,3.84952222675375
428.866784328622,14.5007600121457,3.43610342660435
362.775112810857,292.792273883709,3.08796940925098
604.984438684792,103.270289793952,4.27242412676947
391.648974222126,225.900433913173,4.10738981650647
566.066572390091,410.932681115269,4.67394087616029
141.731082143866,284.992809003248,4.46785785714704
200.462152685771,366.983507374394,4.14507549612137
124.013098297688,410.888749944371,3.46616307466008
623.882157268305,313.108032040262,4.67314235615731
-0.0748706900411924,146.862425459187,4.33398414593921
540.924340510103,199.229885542724,4.0979862292
33.2934485692095,491.71840666162,2.99081171517843
283.677277357884,20.5281444939452,3.82632037599265
530.443974230198,394.355038320481,3.57264682654584
70.9484205277503,74.7741088331985,5.23919944191311
6.50601849019742,75.8682284223628,3.45866288612087
588.522718196372,230.012202229695,3.92245882190906
446.40304832934,460.987641002633,4.81491572260987
659.233602559676,373.590229908195,2.71530582255303
109.19858697004,494.055843995569,4.42654422374359
622.571738380146,85.6946979566659,4.11414190826763
416.888674258743,260.823548853829,3.68332777859393
11.6904717205214,182.059702513108,3.01538225348077
70.3275338514832,131.310242063718,4.50633515926461
613.697224417595,198.924849833411,4.46832238015089
245.17556969644,218.668603508367,3.59908767807968
576.465003443455,430.332235268198,3.65375587329053
303.547018638122,138.691817699419,3.64568138831413
533.153497796367,455.98336371524,3.64548261252539
51.623394810843,413.984828976538,3.86389681218507
198.660422512973,279.947369203885,3.72341360695577
569.998015544018,259.265586477973,3.83367035256639
176.868661746673,33.787908943463,4.53248416068652
493.685805444234,334.579809996018,4.61588725404125
37.5513885764388,62.4357284352247,3.89054836640156
537.839825197172,141.796454614155,4.76063875396726
NA,NA,NA
661.005112547116,334.591061039449,3.48188743454241
455.41194173265,297.932299595287,3.62411405093561
11.4914644304962,490.010611341151,3.56589657971423
565.592274041968,48.297173903997,4.24334906429638
70.654434311277,373.198987729889,4.01685625907387
226.226666449525,411.76387893518,3.84952222675375
428.866784328622,14.5007600121457,3.43610342660435
362.775112810857,292.792273883709,3.08796940925098
604.984438684792,103.270289793952,4.27242412676947
391.648974222126,225.900433913173,4.10738981650647
566.066572390091,410.932681115269,4.67394087616029
141.731082143866,284.992809003248,4.46785785714704
200.462152685771,366.983507374394,4.14507549612137
124.013098297688,410.888749944371,3.46616307466008
623.882157268305,313.108032040262,4.67314235615731
-0.0748706900411924,146.862425459187,4.33398414593921
540.924340510103,199.229885542724,4.0979862292
33.2934485692095,491.71840666162,2.99081171517843
283.677277357884,20.5281444939452,3.82632037599265
530.443974230198,394.355038320481,3.57264682654584
70.9484205277503,74.7741088331985,5.23919944191311
6.50601849019742,75.8682284223628,3.45866288612087
588.522718196372,230.012202229695,3.92245882190906
446.40304832934,460.987641002633,4.81491572260987
659.233602559676,373.590229908195,2.71530582255303
109.19858697004,494.055843995569,4.42654422374359
622.571738380146,85.6946979566659,4.11414190826763
416.888674258743,260.823548853829,3.68332777859393
11.6904717205214,182.059702513108,3.01538225348077
70.3275338514832,131.310242063718,4.50633515926461
613.697224417595,198.924849833411,4.46832238015089
245.17556969644,218.668603508367,3.59908767807968
576.465003443455,430.332235268198,3.65375587329053
303.547018638122,138.691817699419,3.64568138831413
533.153497796367,455.98336371524,3.64548261252539
51.623394810843,413.984828976538,3.86389681218507
198.660422512973,279.947369203885,3.72341360695577
569.998015544018,259.265586477973,3.83367035256639
176.868661746673,33.787908943463,4.53248416068652
493.685805444234,334.579809996018,4.61588725404125
37.5513885764388,62.4357284352247,3.89054836640156
537.839825197172,141.796454614155,4.76063875396726
NA,NA,NA
661.005112547116,334.591061039449,3.48188743454241
455.41194173265,297.932299595287,3.62411405093561
11.4914644304962,490.010611341151,3.56589657971423
565.592274041968,48.297173903997,4.24334906429638
70.654434311277,373.198987729889,4.01685625907387
226.226666449525,411.76387893518,3.84952222675375
428.866784328622,14.5007600121457,3.43610342660435
362.775112810857,292.792273883709,3.08796940925098
604.984438684792,103.270289793952,4.27242412676947
391.648974222126,225.900433913173,4.10738981650647
566.066572390091,410.932681115269,4.67394087616029
141.731082143866,284.992809003248,4.46785785714704
200.462152685771,366.983507374394,4.14507549612137
124.013098297688,410.888749944371,3.46616307466008
623.882157268305,313.108032040262,4.67314235615731
-0.0748706900411924,146.862425459187,4.33398414593921
540.924340510103,199.229885542724,4.0979862292
33.2934485692095,491.71840666162,2.99081171517843
283.677277357884,20.5281444939452,3.82632037599265
530.443974230198,394.355038320481,3.57264682654584
70.9484205277503,74.7741088331985,5.23919944191311
6.50601849019742,75.8682284223628,3.45866288612087
588.522718196372,230.012202229695,3.92245882190906
446.40304832934,460.987641002633,4.81491572260987
659.233602559676,373.590229908195,2.71530582255303
109.19858697004,494.055843995569,4.42654422374359
622.571738380146,85.6946979566659,4.11414190826763
416.888674258743,260.823548853829,3.68332777859393
11.6904717205214,182.059702513108,3.01538225348077
70.3275338514832,131.310242063718,4.50633515926461
613.697224417595,198.924849833411,4.46832238015089
245.17556969644,218.668603508367,3.59908767807968
576.465003443455,430.332235268198,3.65375587329053
303.547018638122,138.691817699419,3.64568138831413
533.153497796367,455.98336371524,3.64548261252539
51.623394810843,413.984828976538,3.86389681218507
198.660422512973,279.947369203885,3.72341360695577
569.998015544018,259.265586477973,3.83367035256639
176.868661746673,33.787908943463,4.53248416068652
493.685805444234,334.579809996018,4.61588725404125
37.5513885764388,62.4357284352247,3.89054836640156
537.839825197172,141.796454614155,4.76063875396726
NA,NA,NA
661.005112547116,334.591061039449,3.48188743454241
455.41194173265,297.932299595287,3.62411405093561
11.4914644304962,490.010611341151,3.56589657971423
565.592274041968,48.297173903997,4.24334906429638
70.654434311277,373.198987729889,4.01685625907387
226.226666449525,411.76387893518,3.84952222675375
428.866784328622,14.5007600121457,3.43610342660435
362.775112810857,292.792273883709,3.08796940925098
604.984438684792,103.270289793952,4.27242412676947
391.648974222126,225.900433913173,4.10738981650647
566.066572390091,410.932681115269,4.67394087616029
141.731082143866,284.992809003248,4.46785785714704
200.462152685771,366.983507374394,4.14507549612137
124.013098297688,410.888749944371,3.46616307466008
623.882157268305,313.108032040262,4.67314235615731
-0.0748706900411924,146.862425459187,4.33398414593921
540.924340510103,199.229885542724,4.0979862292
33.2934485692095,491.71840666162,2.99081171517843
283.677277357884,20.5281444939452,3.82632037599265
530.443974230198,394.355038320481,3.57264682654584
70.9484205277503,74.7741088331985,5.23919944191311
6.50601849019742,75.8682284223628,3.45866288612087
588.522718196372,230.012202229695,3.92245882190906
446.40304832934,460.987641002633,4.81491572260987
659.233602559676,373.590229908195,2.71530582255303
109.19858697004,494.055843995569,4.42654422374359
622.571738380146,85.6946979566659,4.11414190826763
416.888674258743,260.823548853829,3.68332777859393
11.6904717205214,182.059702513108,3.01538225348077
70.3275338514832,131.310242063718,4.50633515926461
613.697224417595,198.924849833411,4.46832238015089
245.17556969644,218.668603508367,3.59908767807968
576.465003443455,430.332235268198,3.65375587329053
303.547018638122,138.691817699419,3.64568138831413
533.153497796367,455.98336371524,3.64548261252539
51.623394810843,413.984828976538,3.86389681218507
198.660422512973,279.947369203885,3.72341360695577
569.998015544018,259.265586477973,3.83367035256639
176.868661746673,33.787908943463,4.53248416068652
493.685805444234,334.579809996018,4.61588725404125
37.5513885764388,62.4357284352247,3.89054836640156
537.839825197172,141.796454614155,4.76063875396726
NA,NA,NA
661.005112547116,334.591061039449,3.48188743454241
455.41194173265,297.932299595287,3.62411405093561
11.4914644304962,490.010611341151,3.56589657971423
565.592274041968,48.297173903997,4.24334906429638
70.654434311277,373.198987729889,4.01685625907387
226.226666449525,411.76387893518,3.84952222675375
428.866784328622,14.5007600121457,3.43610342660435
362.775112810857,292.792273883709,3.08796940925098
604.984438684792,103.270289793952,4.27242412676947
391.648974222126,225.900433913173,4.10738981650647
566.066572390091,410.932681115269,4.67394087616029
141.731082143866,284.992809003248,4.46785785714704
200.462152685771,366.983507374394,4.14507549612137
124.013098297688,410.888749944371,3.46616307466008
623.882157268305,313.108032040262,4.67314235615731
-0.0748706900411924,146.862425459187,4.33398414593921
540.924340510103,199.229885542724,4.0979862292
33.2934485692095,491.71840666162,2.99081171517843
283.677277357884,20.5281444939452,3.82632037599265
530.443974230198,394.355038320481,3.57264682654584
70.9484205277503,74.7741088331985,5.23919944191311
6.50601849019742,75.8682284223628,3.45866288612087
588.522718196372,230.012202229695,3.92245882190906
446.40304832934,460.987641002633,4.81491572260987
659.233602559676,373.590229908195,2.71530582255303
109.19858697004,494.055843995569,4.42654422374359
622.571738380146,85.6946979566659,4.11414190826763
416.888674258743,260.823548853829,3.68332777859393
11.6904717205214,182.059702513108,3.01538225348077
70.3275338514832,131.310242063718,4.50633515926461
613.697224417595,198.924849833411,4.46832238015089
245.17556969644,218.668603508367,3.59908767807968
576.465003443455,430.332235268198,3.65375587329053
303.547018638122,138.691817699419,3.64568138831413
533.153497796367,455.98336371524,3.64548261252539
51.623394810843,413.984828976538,3.86389681218507
198.660422512973,279.947369203885,3.72341360695577
569.998015544018,259.265586477973,3.83367035256639
176.868661746673,33.787908943463,4.53248416068652
493.685805444234,334.579809996018,4.61588725404125
37.5513885764388,62.4357284352247,3.89054836640156
537.839825197172,141.796454614155,4.76063875396726
NA,NA,NA
661.005112547116,334.591061039449,3.48188743454241
455.41194173265,297.932299595287,3.62411405093561
11.4914644304962,490.010611341151,3.56589657971423
565.592274041968,48.297173903997,4.24334906429638
70.654434311277,373.198987729889,4.01685625907387
226.226666449525,411.76387893518,3.84952222675375
428.866784328622,14.5007600121457,3.43610342660435
362.775112810857,292.792273883709,3.08796940925098
604.984438684792,103.270289793952,4.27242412676947
391.648974222126,225.900433913173,4.10738981650647
566.066572390091,410.932681115269,4.67394087616029
141.731082143866,284.992809003248,4.46785785714704
200.462152685771,366.983507374394,4.14507549612137
124.013098297688,410.888749944371,3.46616307466008
623.882157268305,313.108032040262,4.67314235615731
-0.0748706900411924,146.862425459187,4.33398414593921
540.924340510103,199.229885542724,4.0979862292
33.2934485692095,491.71840666162,2.99081171517843
283.677277357884,20.5281444939452,3.82632037599265
530.443974230198,394.355038320481,3.57264682654584
70.9484205277503,74.7741088331985,5.23919944191311
6.50601849019742,75.8682284223628,3.45866288612087
588.522718196372,230.012202229695,3.92245882190906
446.40304832934,460.987641002633,4.81491572260987
659.233602559676,373.590229908195,2.71530582255303
109.19858697004,494.055843995569,4.42654422374359
622.571738380146,85.6946979566659,4.11414190826763
416.888674258743,260.823548853829,3.68332777859393
11.6904717205214,182.059702513108,3.01538225348077
70.3275338514832,131.310242063718,4.50633515926461
613.697224417595,198.924849833411,4.46832238015089
245.17556969644,218.668603508367,3.59908767807968
576.465003443455,430.332235268198,3.65375587329053
303.547018638122,138.691817699419,3.64568138831413
533.153497796367,455.98336371524,3.64548261252539
51.623394810843,413.984828976538,3.86389681218507
198.660422512973,279.947369203885,3.72341360695577
569.998015544018,259.265586477973,3.83367035256639
176.868661746673,33.787908943463,4.53248416068652
493.685805444234,334.579809996018,4.61588725404125
37.5513885764388,62.4357284352247,3.89054836640156
537.839825197172,141.796454614155,4.76063875396726
NA,NA,NA
664.036103392479,333.616536219957,3.56391113620058
453.119295959273,298.030320001383,3.7525099795122
8.8933008631373,489.174418492015,3.68939530618991
562.458342001491,52.5439031620151,4.18070743326934
76.3906065205874,374.959469654655,3.98058999127811
231.866716185808,414.184184826674,3.89063661236052
427.685721476365,12.6379075883863,3.31610146858786
364.8665957951,293.812099776698,3.09044074600237
602.317390703577,100.265866294168,4.19983473932145
397.059894462789,230.032078485942,4.10277347035701
566.132301025668,412.501808270025,4.77800923580128
138.475664011788,283.193457602321,4.43510786237973
194.702999671778,368.611260677131,3.99002719446373
125.777647362508,411.165707403154,3.4378879977577
627.831011677063,312.15867321495,4.48780716852459
2.09343739727535,150.135528037118,4.3454559451181
545.00771697226,198.288289475944,4.19385860150316
30.9828926090096,491.679887366202,3.15211972433496
283.851085851258,19.5009611998408,3.84435017070901
531.232871163902,390.431577458217,3.39508328790972
79.2642090435695,77.8082426947238,5.19617503422808
1.48067013067768,76.1381635819794,3.44730243682021
589.58070240882,228.460839451827,3.96594760391989
444.10702830271,460.576037065913,4.69695880963265
658.644198176096,372.729547064121,3.23466746955882
105.159031771361,483.086508220429,4.37208229208074
625.550348190283,86.3630591714857,4.0605297845625
417.495558977348,258.917950613501,3.52531103889128
12.3422067305043,179.282555772097,3.18489538322103
60.1495505190952,117.051511406826,4.53247170696593
625.277125255752,204.183002606428,3.98921860093121
252.947568384511,224.834875119038,3.41480001653022
581.124653008153,425.317321952403,3.69746323235851
302.793309160552,134.26901894097,3.81174521128384
529.368677649088,460.226070706495,3.52524768834123
54.4509888206963,431.999845241497,4.39004604540626
199.278908532876,280.187692689436,4.04276301090512
553.539812892462,267.228869367284,3.63355435070727
176.350960485545,23.5446794758658,4.16938031287544
488.011774292184,347.987413946678,4.21270975728489
43.5412627484092,51.1878866687791,4.05124935823195
519.298365306891,150.131415174775,4.38784402059566
NA,NA,NA
664.036103392479,333.616536219957,3.56391113620058
453.119295959273,298.030320001383,3.7525099795122
8.8933008631373,489.174418492015,3.68939530618991
562.458342001491,52.5439031620151,4.18070743326934
76.3906065205874,374.959469654655,3.98058999127811
231.866716185808,414.184184826674,3.89063661236052
427.685721476365,12.6379075883863,3.31610146858786
364.8665957951,293.812099776698,3.09044074600237
602.317390703577,100.265866294168,4.19983473932145
397.059894462789,230.032078485942,4.10277347035701
566.132301025668,412.501808270025,4.77800923580128
138.475664011788,283.193457602321,4.43510786237973
194.702999671778,368.611260677131,3.99002719446373
125.777647362508,411.165707403154,3.4378879977577
627.831011677063,312.15867321495,4.48780716852459
2.09343739727535,150.135528037118,4.3454559451181
545.00771697226,198.288289475944,4.19385860150316
30.9828926090096,491.679887366202,3.15211972433496
283.851085851258,19.5009611998408,3.84435017070901
531.232871163902,390.431577458217,3.39508328790972
79.2642090435695,77.8082426947238,5.19617503422808
1.48067013067768,76.1381635819794,3.44730243682021
589.58070240882,228.460839451827,3.96594760391989
444.10702830271,460.576037065913,4.69695880963265
658.644198176096,372.729547064121,3.23466746955882
105.159031771361,483.086508220429,4.37208229208074
625.550348190283,86.3630591714857,4.0605297845625
417.495558977348,258.917950613501,3.52531103889128
12.3422067305043,179.282555772097,3.18489538322103
60.1495505190952,117.051511406826,4.53247170696593
625.277125255752,204.183002606428,3.98921860093121
252.947568384511,224.834875119038,3.41480001653022
581.124653008153,425.317321952403,3.69746323235851
302.793309160552,134.26901894097,3.81174521128384
529.368677649088,460.226070706495,3.52524768834123
54.4509888206963,431.999845241497,4.39004604540626
199.278908532876,280.187692689436,4.04276301090512
553.539812892462,267.228869367284,3.63355435070727
176.350960485545,23.5446794758658,4.16938031287544
488.011774292184,347.987413946678,4.21270975728489
43.5412627484092,51.1878866687791,4.05124935823195
519.298365306891,150.131415174775,4.38784402059566
NA,NA,NA
664.036103392479,333.616536219957,3.56391113620058
453.119295959273,298.030320001383,3.7525099795122
8.8933008631373,489.174418492015,3.68939530618991
562.458342001491,52.5439031620151,4.18070743326934
76.3906065205874,374.959469654655,3.98058999127811
231.866716185808,414.184184826674,3.89063661236052
427.685721476365,12.6379075883863,3.31610146858786
364.8665957951,293.812099776698,3.09044074600237
602.317390703577,100.265866294168,4.19983473932145
397.059894462789,230.032078485942,4.10277347035701
566.132301025668,412.501808270025,4.77800923580128
138.475664011788,283.193457602321,4.43510786237973
194.702999671778,368.611260677131,3.99002719446373
125.777647362508,411.165707403154,3.4378879977577
627.831011677063,312.15867321495,4.48780716852459
2.09343739727535,150.135528037118,4.3454559451181
545.00771697226,198.288289475944,4.19385860150316
30.9828926090096,491.679887366202,3.15211972433496
283.851085851258,19.5009611998408,3.84435017070901
531.232871163902,390.431577458217,3.39508328790972
79.2642090435695,77.8082426947238,5.19617503422808
1.48067013067768,76.1381635819794,3.44730243682021
589.58070240882,228.460839451827,3.96594760391989
444.10702830271,460.576037065913,4.69695880963265
658.644198176096,372.729547064121,3.23466746955882
105.159031771361,483.086508220429,4.37208229208074
625.550348190283,86.3630591714857,4.0605297845625
417.495558977348,258.917950613501,3.52531103889128
12.3422067305043,179.282555772097,3.18489538322103
60.1495505190952,117.051511406826,4.53247170696593
625.277125255752,204.183002606428,3.98921860093121
252.947568384511,224.834875119038,3.41480001653022
581.124653008153,425.317321952403,3.69746323235851
302.793309160552,134.26901894097,3.81174521128384
529.368677649088,460.226070706495,3.52524768834123
54.4509888206963,431.999845241497,4.39004604540626
199.278908532876,280.187692689436,4.04276301090512
553.539812892462,267.228869367284,3.63355435070727
176.350960485545,23.5446794758658,4.16938031287544
488.011774292184,347.987413946678,4.21270975728489
43.5412627484092,51.1878866687791,4.05124935823195
519.298365306891,150.131415174775,4.38784402059566
NA,NA,NA
664.036103392479,333.616536219957,3.56391113620058
453.119295959273,298.030320001383,3.7525099795122
8.8933008631373,489.174418492015,3.68939530618991
562.458342001491,52.5439031620151,4.18070743326934
76.3906065205874,374.959469654655,3.98058999127811
231.866716185808,414.184184826674,3.89063661236052
427.685721476365,12.6379075883863,3.31610146858786
364.8665957951,293.812099776698,3.09044074600237
602.317390703577,100.265866294168,4.19983473932145
397.059894462789,230.032078485942,4.10277347035701
566.132301025668,412.501808270025,4.77800923580128
138.475664011788,283.193457602321,4.43510786237973
194.702999671778,368.611260677131,3.99002719446373
125.777647362508,411.165707403154,3.4378879977577
627.831011677063,312.15867321495,4.48780716852459
2.09343739727535,150.135528037118,4.3454559451181
545.00771697226,198.288289475944,4.19385860150316
30.9828926090096,491.679887366202,3.15211972433496
283.851085851258,19.5009611998408,3.84435017070901
531.232871163902,390.431577458217,3.39508328790972
79.2642090435695,77.8082426947238,5.19617503422808
1.48067013067768,76.1381635819794,3.44730243682021
589.58070240882,228.460839451827,3.96594760391989
444.10702830271,460.576037065913,4.69695880963265
658.644198176096,372.729547064121,3.23466746955882
105.159031771361,483.086508220429,4.37208229208074
625.550348190283,86.3630591714857,4.0605297845625
417.495558977348,258.917950613501,3.52531103889128
12.3422067305043,179.282555772097,3.18489538322103
60.1495505190952,117.051511406826,4.53247170696593
625.277125255752,204.183002606428,3.98921860093121
252.947568384511,224.834875119038,3.41480001653022
581.124653008153,425.317321952403,3.69746323235851
302.793309160552,134.26901894097,3.81174521128384
529.368677649088,460.226070706495,3.52524768834123
54.4509888206963,431.999845241497,4.39004604540626
199.278908532876,280.187692689436,4.04276301090512
553.539812892462,267.228869367284,3.63355435070727
176.350960485545,23.5446794758658,4.16938031287544
488.011774292184,347.987413946678,4.21270975728489
43.5412627484092,51.1878866687791,4.05124935823195
519.298365306891,150.131415174775,4.38784402059566
NA,NA,NA
664.036103392479,333.616536219957,3.56391113620058
453.119295959273,298.030320001383,3.7525099795122
8.8933008631373,489.174418492015,3.68939530618991
562.458342001491,52.5439031620151,4.18070743326934
76.3906065205874,374.959469654655,3.98058999127811
231.866716185808,414.184184826674,3.89063661236052
427.685721476365,12.6379075883863,3.31610146858786
364.8665957951,293.812099776698,3.09044074600237
602.317390703577,100.265866294168,4.19983473932145
397.059894462789,230.032078485942,4.10277347035701
566.132301025668,412.501808270025,4.77800923580128
138.475664011788,283.193457602321,4.43510786237973
194.702999671778,368.611260677131,3.99002719446373
125.777647362508,411.165707403154,3.4378879977577
627.831011677063,312.15867321495,4.48780716852459
2.09343739727535,150.135528037118,4.3454559451181
545.00771697226,198.288289475944,4.19385860150316
30.9828926090096,491.679887366202,3.15211972433496
283.851085851258,19.5009611998408,3.84435017070901
531.232871163902,390.431577458217,3.39508328790972
79.2642090435695,77.8082426947238,5.19617503422808
1.48067013067768,76.1381635819794,3.44730243682021
589.58070240882,228.460839451827,3.96594760391989
444.10702830271,460.576037065913,4.69695880963265
658.644198176096,372.729547064121,3.23466746955882
105.159031771361,483.086508220429,4.37208229208074
625.550348190283,86.3630591714857,4.0605297845625
417.495558977348,258.917950613501,3.52531103889128
12.3422067305043,179.282555772097,3.18489538322103
60.1495505190952,117.051511406826,4.53247170696593
625.277125255752,204.183002606428,3.98921860093121
252.947568384511,224.834875119038,3.41480001653022
581.124653008153,425.317321952403,3.69746323235851
302.793309160552,134.26901894097,3.81174521128384
529.368677649088,460.226070706495,3.52524768834123
54.4509888206963,431.999845241497,4.39004604540626
199.278908532876,280.187692689436,4.04276301090512
553.539812892462,267.228869367284,3.63355435070727
176.350960485545,23.5446794758658,4.16938031287544
488.011774292184,347.987413946678,4.21270975728489
43.5412627484092,51.1878866687791,4.05124935823195
519.298365306891,150.131415174775,4.38784402059566
NA,NA,NA
664.036103392479,333.616536219957,3.56391113620058
453.119295959273,298.030320001383,3.7525099795122
8.8933008631373,489.174418492015,3.68939530618991
562.458342001491,52.5439031620151,4.18070743326934
76.3906065205874,374.959469654655,3.98058999127811
231.866716185808,414.184184826674,3.89063661236052
427.685721476365,12.6379075883863,3.31610146858786
364.8665957951,293.812099776698,3.09044074600237
602.317390703577,100.265866294168,4.19983473932145
397.059894462789,230.032078485942,4.10277347035701
566.132301025668,412.501808270025,4.77800923580128
138.475664011788,283.193457602321,4.43510786237973
194.702999671778,368.611260677131,3.99002719446373
125.777647362508,411.165707403154,3.4378879977577
627.831011677063,312.15867321495,4.48780716852459
2.09343739727535,150.135528037118,4.3454559451181
545.00771697226,198.288289475944,4.19385860150316
30.9828926090096,491.679887366202,3.15211972433496
283.851085851258,19.5009611998408,3.84435017070901
531.232871163902,390.431577458217,3.39508328790972
79.2642090435695,77.8082426947238,5.19617503422808
1.48067013067768,76.1381635819794,3.44730243682021
589.58070240882,228.460839451827,3.96594760391989
444.10702830271,460.576037065913,4.69695880963265
658.644198176096,372.729547064121,3.23466746955882
105.159031771361,483.086508220429,4.37208229208074
625.550348190283,86.3630591714857,4.0605297845625
417.495558977348,258.917950613501,3.52531103889128
12.3422067305043,179.282555772097,3.18489538322103
60.1495505190952,117.051511406826,4.53247170696593
625.277125255752,204.183002606428,3.98921860093121
252.947568384511,224.834875119038,3.41480001653022
581.124653008153,425.317321952403,3.69746323235851
302.793309160552,134.26901894097,3.81174521128384
529.368677649088,460.226070706495,3.52524768834123
54.4509888206963,431.999845241497,4.39004604540626
199.278908532876,280.187692689436,4.04276301090512
553.539812892462,267.228869367284,3.63355435070727
176.350960485545,23.5446794758658,4.16938031287544
488.011774292184,347.987413946678,4.21270975728489
43.5412627484092,51.1878866687791,4.05124935823195
519.298365306891,150.131415174775,4.38784402059566
NA,NA,NA
659.873097261515,334.412750880586,3.50617503186806
456.784319496402,298.855508107114,3.68515702356573
11.9481113818495,496.771896294791,3.68838176394994
563.399835173483,49.6732451207649,4.14106341221382
73.5538388193258,378.462148626059,3.9496939677014
226.298184349724,413.361057980606,3.84375055154688
426.947307860497,12.8052383133543,3.28875979286164
364.012328125808,290.787985785895,2.97643072423426
605.928363298563,104.851738152924,4.26505047707192
392.013010164747,223.419417759643,4.1994811094084
564.063637352168,410.509050091996,4.72768081396535
136.420342254119,280.355516283872,4.5584123624052
194.776510493652,371.96485824388,3.89346486777353
121.448158144949,412.507413930516,3.47795965462169
628.731025521942,310.115663181547,4.53370409915851
-0.430715126386023,144.312284803967,4.09045542420405
541.258948509114,205.473760244193,4.1944628354807
35.2032062048804,490.988882698273,3.03283329148219
279.16606286532,23.2188391849195,4.08725546273976
535.438913122582,395.006893485066,3.38014693520882
62.8898851384531,75.7817171065239,5.2635932190125
5.05332673562902,74.4705832768515,3.49310936972602
591.58886536096,221.832004704299,3.97393814925023
441.09394995194,461.045820683493,4.78598401904171
661.779647627102,373.149813541101,2.99910973593145
106.792512023922,487.386031646976,4.29787204753028
618.855248849579,86.5531379342993,4.11354451295022
422.743704892562,258.100929117844,3.59214493597527
13.3818063152072,182.771701850203,3.33497286994857
83.3743412384077,111.63127055247,4.50773247400153
611.084645689157,200.607597081895,4.21735974904211
255.061010262846,215.959680453302,3.72738256748511
576.295076072514,440.243628849706,3.80916761808804
304.962248238492,137.773868958818,3.82891630606339
528.906611899563,458.360902370447,3.42881201363862
37.8023322301997,425.27158608442,3.86707654321765
198.254554838131,298.389780903079,4.07397563568875
555.965757228426,267.395591006055,3.23291931967575
170.532704386023,30.7225165510503,4.26107186164081
499.793246335123,346.964574597918,4.79354939722023
28.7708686178184,60.3378279992322,3.68782443773218
544.46380629794,166.539078752824,4.38297166777756
NA,NA,NA
659.873097261515,334.412750880586,3.50617503186806
456.784319496402,298.855508107114,3.68515702356573
11.9481113818495,496.771896294791,3.68838176394994
563.399835173483,49.6732451207649,4.14106341221382
73.5538388193258,378.462148626059,3.9496939677014
226.298184349724,413.361057980606,3.84375055154688
426.947307860497,12.8052383133543,3.28875979286164
364.012328125808,290.787985785895,2.97643072423426
605.928363298563,104.851738152924,4.26505047707192
392.013010164747,223.419417759643,4.1994811094084
564.063637352168,410.509050091996,4.72768081396535
136.420342254119,280.355516283872,4.5584123624052
194.776510493652,371.96485824388,3.89346486777353
121.448158144949,412.507413930516,3.47795965462169
628.731025521942,310.115663181547,4.53370409915851
-0.430715126386023,144.312284803967,4.09045542420405
541.258948509114,205.473760244193,4.1944628354807
35.2032062048804,490.988882698273,3.03283329148219
279.16606286532,23.2188391849195,4.08725546273976
535.438913122582,395.006893485066,3.38014693520882
62.8898851384531,75.7817171065239,5.2635932190125
5.05332673562902,74.4705832768515,3.49310936972602
591.58886536096,221.832004704299,3.97393814925023
441.09394995194,461.045820683493,4.78598401904171
661.779647627102,373.149813541101,2.99910973593145
106.792512023922,487.386031646976,4.29787204753028
618.855248849579,86.5531379342993,4.11354451295022
422.743704892562,258.100929117844,3.59214493597527
13.3818063152072,182.771701850203,3.33497286994857
83.3743412384077,111.63127055247,4.50773247400153
611.084645689157,200.607597081895,4.21735974904211
255.061010262846,215.959680453302,3.72738256748511
576.295076072514,440.243628849706,3.80916761808804
304.962248238492,137.773868958818,3.82891630606339
528.906611899563,458.360902370447,3.42881201363862
37.8023322301997,425.27158608442,3.86707654321765
198.254554838131,298.389780903079,4.07397563568875
555.965757228426,267.395591006055,3.23291931967575
170.532704386023,30.7225165510503,4.26107186164081
499.793246335123,346.964574597918,4.79354939722023
28.7708686178184,60.3378279992322,3.68782443773218
544.46380629794,166.539078752824,4.38297166777756
NA,NA,NA
659.873097261515,334.412750880586,3.50617503186806
456.784319496402,298.855508107114,3.68515702356573
11.9481113818495,496.771896294791,3.68838176394994
563.399835173483,49.6732451207649,4.14106341221382
73.5538388193258,378.462148626059,3.9496939677014
226.298184349724,413.361057980606,3.84375055154688
426.947307860497,12.8052383133543,3.28875979286164
364.012328125808,290.787985785895,2.97643072423426
605.928363298563,104.851738152924,4.26505047707192
392.013010164747,223.419417759643,4.1994811094084
564.063637352168,410.509050091996,4.72768081396535
136.420342254119,280.355516283872,4.5584123624052
194.776510493652,371.96485824388,3.89346486777353
121.448158144949,412.507413930516,3.47795965462169
628.731025521942,310.115663181547,4.53370409915851
-0.430715126386023,144.312284803967,4.09045542420405
541.258948509114,205.473760244193,4.1944628354807
35.2032062048804,490.988882698273,3.03283329148219
279.16606286532,23.2188391849195,4.08725546273976
535.438913122582,395.006893485066,3.38014693520882
62.8898851384531,75.7817171065239,5.2635932190125
5.05332673562902,74.4705832768515,3.49310936972602
591.58886536096,221.832004704299,3.97393814925023
441.09394995194,461.045820683493,4.78598401904171
661.779647627102,373.149813541101,2.99910973593145
106.792512023922,487.386031646976,4.29787204753028
618.855248849579,86.5531379342993,4.11354451295022
422.743704892562,258.100929117844,3.59214493597527
13.3818063152072,182.771701850203,3.33497286994857
83.3743412384077,111.63127055247,4.50773247400153
611.084645689157,200.607597081895,4.21735974904211
255.061010262846,215.959680453302,3.72738256748511
576.295076072514,440.243628849706,3.80916761808804
304.962248238492,137.773868958818,3.82891630606339
528.906611899563,458.360902370447,3.42881201363862
37.8023322301997,425.27158608442,3.86707654321765
198.254554838131,298.389780903079,4.07397563568875
555.965757228426,267.395591006055,3.23291931967575
170.532704386023,30.7225165510503,4.26107186164081
499.793246335123,346.964574597918,4.79354939722023
28.7708686178184,60.3378279992322,3.68782443773218
544.46380629794,166.539078752824,4.38297166777756
NA,NA,NA
659.873097261515,334.412750880586,3.50617503186806
456.784319496402,298.855508107114,3.68515702356573
11.9481113818495,496.771896294791,3.68838176394994
563.399835173483,49.6732451207649,4.14106341221382
73.5538388193258,378.462148626059,3.9496939677014
226.298184349724,413.361057980606,3.84375055154688
426.947307860497,12.8052383133543,3.28875979286164
364.012328125808,290.787985785895,2.97643072423426
605.928363298563,104.851738152924,4.26505047707192
392.013010164747,223.419417759643,4.1994811094084
564.063637352168,410.509050091996,4.72768081396535
136.420342254119,280.355516283872,4.5584123624052
194.776510493652,371.96485824388,3.89346486777353
121.448158144949,412.507413930516,3.47795965462169
628.731025521942,310.115663181547,4.53370409915851
-0.430715126386023,144.312284803967,4.09045542420405
541.258948509114,205.473760244193,4.1944628354807
35.2032062048804,490.988882698273,3.03283329148219
279.16606286532,23.2188391849195,4.08725546273976
535.438913122582,395.006893485066,3.38014693520882
62.8898851384531,75.7817171065239,5.2635932190125
5.05332673562902,74.4705832768515,3.49310936972602
591.58886536096,221.832004704299,3.97393814925023
441.09394995194,461.045820683493,4.78598401904171
661.779647627102,373.149813541101,2.99910973593145
106.792512023922,487.386031646976,4.29787204753028
618.855248849579,86.5531379342993,4.11354451295022
422.743704892562,258.100929117844,3.59214493597527
13.3818063152072,182.771701850203,3.33497286994857
83.3743412384077,111.63127055247,4.50773247400153
611.084645689157,200.607597081895,4.21735974904211
255.061010262846,215.959680453302,3.72738256748511
576.295076072514,440.243628849706,3.80916761808804
304.962248238492,137.773868958818,3.82891630606339
528.906611899563,458.360902370447,3.42881201363862
37.8023322301997,425.27158608442,3.86707654321765
198.254554838131,298.389780903079,4.07397563568875
555.965757228426,267.395591006055,3.23291931967575
170.532704386023,30.7225165510503,4.26107186164081
499.793246335123,346.964574597918,4.79354939722023
28.7708686178184,60.3378279992322,3.68782443773218
544.46380629794,166.539078752824,4.38297166777756
NA,NA,NA
659.873097261515,334.412750880586,3.50617503186806
456.784319496402,298.855508107114,3.68515702356573
11.9481113818495,496.771896294791,3.68838176394994
563.399835173483,49.6732451207649,4.14106341221382
73.5538388193258,378.462148626059,3.9496939677014
226.298184349724,413.361057980606,3.84375055154688
426.947307860497,12.8052383133543,3.28875979286164
364.012328125808,290.787985785895,2.97643072423426
605.928363298563,104.851738152924,4.26505047707192
392.013010164747,223.419417759643,4.1994811094084
564.063637352168,410.509050091996,4.72768081396535
136.420342254119,280.355516283872,4.5584123624052
194.776510493652,371.96485824388,3.89346486777353
121.448158144949,412.507413930516,3.47795965462169
628.731025521942,310.115663181547,4.53370409915851
-0.430715126386023,144.312284803967,4.09045542420405
541.258948509114,205.473760244193,4.1944628354807
35.2032062048804,490.988882698273,3.03283329148219
279.16606286532,23.2188391849195,4.08725546273976
535.438913122582,395.006893485066,3.38014693520882
62.8898851384531,75.7817171065239,5.2635932190125
5.05332673562902,74.4705832768515,3.49310936972602
591.58886536096,221.832004704299,3.97393814925023
441.09394995194,461.045820683493,4.78598401904171
661.779647627102,373.149813541101,2.99910973593145
106.792512023922,487.386031646976,4.29787204753028
618.855248849579,86.5531379342993,4.11354451295022
422.743704892562,258.100929117844,3.59214493597527
13.3818063152072,182.771701850203,3.33497286994857
83.3743412384077,111.63127055247,4.50773247400153
611.084645689157,200.607597081895,4.21735974904211
255.061010262846,215.959680453302,3.72738256748511
576.295076072514,440.243628849706,3.80916761808804
304.962248238492,137.773868958818,3.82891630606339
528.906611899563,458.360902370447,3.42881201363862
37.8023322301997,425.27158608442,3.86707654321765
198.254554838131,298.389780903079,4.07397563568875
555.965757228426,267.395591006055,3.23291931967575
170.532704386023,30.7225165510503,4.26107186164081
499.793246335123,346.964574597918,4.79354939722023
28.7708686178184,60.3378279992322,3.68782443773218
544.46380629794,166.539078752824,4.38297166777756
NA,NA,NA
659.873097261515,334.412750880586,3.50617503186806
456.784319496402,298.855508107114,3.68515702356573
11.9481113818495,496.771896294791,3.68838176394994
563.399835173483,49.6732451207649,4.14106341221382
73.5538388193258,378.462148626059,3.9496939677014
226.298184349724,413.361057980606,3.84375055154688
426.947307860497,12.8052383133543,3.28875979286164
364.012328125808,290.787985785895,2.97643072423426
605.928363298563,104.851738152924,4.26505047707192
392.013010164747,223.419417759643,4.1994811094084
564.063637352168,410.509050091996,4.72768081396535
136.420342254119,280.355516283872,4.5584123624052
194.776510493652,371.96485824388,3.89346486777353
121.448158144949,412.507413930516,3.47795965462169
628.731025521942,310.115663181547,4.53370409915851
-0.430715126386023,144.312284803967,4.09045542420405
541.258948509114,205.473760244193,4.1944628354807
35.2032062048804,490.988882698273,3.03283329148219
279.16606286532,23.2188391849195,4.08725546273976
535.438913122582,395.006893485066,3.38014693520882
62.8898851384531,75.7817171065239,5.2635932190125
5.05332673562902,74.4705832768515,3.49310936972602
591.58886536096,221.832004704299,3.97393814925023
441.09394995194,461.045820683493,4.78598401904171
661.779647627102,373.149813541101,2.99910973593145
106.792512023922,487.386031646976,4.29787204753028
618.855248849579,86.5531379342993,4.11354451295022
422.743704892562,258.100929117844,3.59214493597527
13.3818063152072,182.771701850203,3.33497286994857
83.3743412384077,111.63127055247,4.50773247400153
611.084645689157,200.607597081895,4.21735974904211
255.061010262846,215.959680453302,3.72738256748511
576.295076072514,440.243628849706,3.80916761808804
304.962248238492,137.773868958818,3.82891630606339
528.906611899563,458.360902370447,3.42881201363862
37.8023322301997,425.27158608442,3.86707654321765
198.254554838131,298.389780903079,4.07397563568875
555.965757228426,267.395591006055,3.23291931967575
170.532704386023,30.7225165510503,4.26107186164081
499.793246335123,346.964574597918,4.79354939722023
28.7708686178184,60.3378279992322,3.68782443773218
544.46380629794,166.539078752824,4.38297166777756
NA,NA,NA
663.783009430957,335.5867942266,3.42101673052393
458.243607402195,299.046654861156,3.63867007123167
6.32677831910544,498.123399827266,3.71571958898433
561.129114775216,55.7600301074151,4.27895370106636
73.6347802477848,378.851438686044,3.86102615804024
226.862628488894,417.658485092405,3.75961372652055
429.165736521187,13.6669938014541,3.21917210185967
362.411946979376,292.774454364021,2.98927630194949
603.53647127368,103.281446145773,4.13283551763142
396.39853806687,231.538278228037,4.21426193743284
571.558709557145,410.451696124036,4.77543776625343
140.062331205424,274.904167119691,4.60007726962402
195.955293706867,365.990518307615,4.04609016918711
127.504704551675,410.819809853678,3.52059587802608
622.578282953935,317.886544659145,4.61123879311858
3.53863946051908,144.63632827747,4.37325229265314
544.706586943288,202.612856206233,4.28265872942974
35.1518478387108,492.235203607751,3.06086174941829
278.667950617273,23.1784545180598,3.9275754803721
533.694783824641,393.108817854259,3.26597778280932
66.880786881101,68.8364481014044,5.26896756519263
5.75046824237007,79.1155667424631,3.44888001289057
592.172349652427,225.61285629194,4.12759772059138
436.819459839321,460.127732385104,4.78501571626261
658.614359941629,373.862190018765,3.00364505289154
107.557891289785,490.183831517287,4.45196067010016
623.843040285572,91.24107861372,4.01982889679772
421.266767900567,257.356353012707,3.66964697077444
10.7798286713636,181.417798595533,3.13817300655823
84.2535035548999,117.832629065036,4.51444326437581
607.307411709973,209.140809579684,4.23477211522057
259.413290377148,215.354854882698,3.48843143802609
571.965053193916,431.571470262797,3.66040422636514
309.210662870615,134.141976630537,3.85876189513635
533.149915496479,457.506743178667,3.56769332222172
45.8418606295052,422.452752834665,3.81402229427091
200.934389714977,275.906181455531,3.6853552493031
559.422107151433,262.690149320931,3.78671774003671
178.20651358451,42.3885779879896,4.36443162526428
495.093666588314,338.767109920846,4.19252250464914
37.3380533794881,50.7587932028425,4.25971154623468
523.126851687701,147.733230024342,4.5736466945446
NA,NA,NA
663.783009430957,335.5867942266,3.42101673052393
458.243607402195,299.046654861156,3.63867007123167
6.32677831910544,498.123399827266,3.71571958898433
561.129114775216,55.7600301074151,4.27895370106636
73.6347802477848,378.851438686044,3.86102615804024
226.862628488894,417.658485092405,3.75961372652055
429.165736521187,13.6669938014541,3.21917210185967
362.411946979376,292.774454364021,2.98927630194949
603.53647127368,103.281446145773,4.13283551763142
396.39853806687,231.538278228037,4.21426193743284
571.558709557145,410.451696124036,4.77543776625343
140.062331205424,274.904167119691,4.60007726962402
195.955293706867,365.990518307615,4.04609016918711
127.504704551675,410.819809853678,3.52059587802608
622.578282953935,317.886544659145,4.61123879311858
3.53863946051908,144.63632827747,4.37325229265314
544.706586943288,202.612856206233,4.28265872942974
35.1518478387108,492.235203607751,3.06086174941829
278.667950617273,23.1784545180598,3.9275754803721
533.694783824641,393.108817854259,3.26597778280932
66.880786881101,68.8364481014044,5.26896756519263
5.75046824237007,79.1155667424631,3.44888001289057
592.172349652427,225.61285629194,4.12759772059138
436.819459839321,460.127732385104,4.78501571626261
658.614359941629,373.862190018765,3.00364505289154
107.557891289785,490.183831517287,4.45196067010016
623.843040285572,91.24107861372,4.01982889679772
421.266767900567,257.356353012707,3.66964697077444
10.7798286713636,181.417798595533,3.13817300655823
84.2535035548999,117.832629065036,4.51444326437581
607.307411709973,209.140809579684,4.23477211522057
259.413290377148,215.354854882698,3.48843143802609
571.965053193916,431.571470262797,3.66040422636514
309.210662870615,134.141976630537,3.85876189513635
533.149915496479,457.506743178667,3.56769332222172
45.8418606295052,422.452752834665,3.81402229427091
200.934389714977,275.906181455531,3.6853552493031
559.422107151433,262.690149320931,3.78671774003671
178.20651358451,42.3885779879896,4.36443162526428
495.093666588314,338.767109920846,4.19252250464914
37.3380533794881,50.7587932028425,4.25971154623468
523.126851687701,147.733230024342,4.5736466945446
NA,NA,NA
663.783009430957,335.5867942266,3.42101673052393
458.243607402195,299.046654861156,3.63867007123167
6.32677831910544,498.123399827266,3.71571958898433
561.129114775216,55.7600301074151,4.27895370106636
73.6347802477848,378.851438686044,3.86102615804024
226.862628488894,417.658485092405,3.75961372652055
429.165736521187,13.6669938014541,3.21917210185967
362.411946979376,292.774454364021,2.98927630194949
603.53647127368,103.281446145773,4.13283551763142
396.39853806687,231.538278228037,4.21426193743284
571.558709557145,410.451696124036,4.77543776625343
140.062331205424,274.904167119691,4.60007726962402
195.955293706867,365.990518307615,4.04609016918711
127.504704551675,410.819809853678,3.52059587802608
622.578282953935,317.886544659145,4.61123879311858
3.53863946051908,144.63632827747,4.37325229265314
544.706586943288,202.612856206233,4.28265872942974
35.1518478387108,492.235203607751,3.06086174941829
278.667950617273,23.1784545180598,3.9275754803721
533.694783824641,393.108817854259,3.26597778280932
66.880786881101,68.8364481014044,5.26896756519263
5.75046824237007,79.1155667424631,3.44888001289057
592.172349652427,225.61285629194,4.12759772059138
436.819459839321,460.127732385104,4.78501571626261
658.614359941629,373.862190018765,3.00364505289154
107.557891289785,490.183831517287,4.45196067010016
623.843040285572,91.24107861372,4.01982889679772
421.266767900567,257.356353012707,3.66964697077444
10.7798286713636,181.417798595533,3.13817300655823
84.2535035548999,117.832629065036,4.51444326437581
607.307411709973,209.140809579684,4.23477211522057
259.413290377148,215.354854882698,3.48843143802609
571.965053193916,431.571470262797,3.66040422636514
309.210662870615,134.141976630537,3.85876189513635
533.149915496479,457.506743178667,3.56769332222172
45.8418606295052,422.452752834665,3.81402229427091
200.934389714977,275.906181455531,3.6853552493031
559.422107151433,262.690149320931,3.78671774003671
178.20651358451,42.3885779879896,4.36443162526428
495.093666588314,338.767109920846,4.19252250464914
37.3380533794881,50.7587932028425,4.25971154623468
523.126851687701,147.733230024342,4.5736466945446
NA,NA,NA
663.783009430957,335.5867942266,3.42101673052393
458.243607402195,299.046654861156,3.63867007123167
6.32677831910544,498.123399827266,3.71571958898433
561.129114775216,55.7600301074151,4.27895370106636
73.6347802477848,378.851438686044,3.86102615804024
226.862628488894,417.658485092405,3.75961372652055
429.165736521187,13.6669938014541,3.21917210185967
362.411946979376,292.774454364021,2.98927630194949
603.53647127368,103.281446145773,4.13283551763142
396.39853806687,231.538278228037,4.21426193743284
571.558709557145,410.451696124036,4.77543776625343
140.062331205424,274.904167119691,4.60007726962402
195.955293706867,365.990518307615,4.04609016918711
127.504704551675,410.819809853678,3.52059587802608
622.578282953935,317.886544659145,4.61123879311858
3.53863946051908,144.63632827747,4.37325229265314
544.706586943288,202.612856206233,4.28265872942974
35.1518478387108,492.235203607751,3.06086174941829
278.667950617273,23.1784545180598,3.9275754803721
533.694783824641,393.108817854259,3.26597778280932
66.880786881101,68.8364481014044,5.26896756519263
5.75046824237007,79.1155667424631,3.44888001289057
592.172349652427,225.61285629194,4.12759772059138
436.819459839321,460.127732385104,4.78501571626261
658.614359941629,373.862190018765,3.00364505289154
107.557891289785,490.183831517287,4.45196067010016
623.843040285572,91.24107861372,4.01982889679772
421.266767900567,257.356353012707,3.66964697077444
10.7798286713636,181.417798595533,3.13817300655823
84.2535035548999,117.832629065036,4.51444326437581
607.307411709973,209.140809579684,4.23477211522057
259.413290377148,215.354854882698,3.48843143802609
571.965053193916,431.571470262797,3.66040422636514
309.210662870615,134.141976630537,3.85876189513635
533.149915496479,457.506743178667,3.56769332222172
45.8418606295052,422.452752834665,3.81402229427091
200.934389714977,275.906181455531,3.6853552493031
559.422107151433,262.690149320931,3.78671774003671
178.20651358451,42.3885779879896,4.36443162526428
495.093666588314,338.767109920846,4.19252250464914
37.3380533794881,50.7587932028425,4.25971154623468
523.126851687701,147.733230024342,4.5736466945446
NA,NA,NA
663.783009430957,335.5867942266,3.42101673052393
458.243607402195,299.046654861156,3.63867007123167
6.32677831910544,498.123399827266,3.71571958898433
561.129114775216,55.7600301074151,4.27895370106636
73.6347802477848,378.851438686044,3.86102615804024
226.862628488894,417.658485092405,3.75961372652055
429.165736521187,13.6669938014541,3.21917210185967
362.411946979376,292.774454364021,2.98927630194949
603.53647127368,103.281446145773,4.13283551763142
396.39853806687,231.538278228037,4.21426193743284
571.558709557145,410.451696124036,4.77543776625343
140.062331205424,274.904167119691,4.60007726962402
195.955293706867,365.990518307615,4.04609016918711
127.504704551675,410.819809853678,3.52059587802608
622.578282953935,317.886544659145,4.61123879311858
3.53863946051908,144.63632827747,4.37325229265314
544.706586943288,202.612856206233,4.28265872942974
35.1518478387108,492.235203607751,3.06086174941829
278.667950617273,23.1784545180598,3.9275754803721
533.694783824641,393.108817854259,3.26597778280932
66.880786881101,68.8364481014044,5.26896756519263
5.75046824237007,79.1155667424631,3.44888001289057
592.172349652427,225.61285629194,4.12759772059138
436.819459839321,460.127732385104,4.78501571626261
658.614359941629,373.862190018765,3.00364505289154
107.557891289785,490.183831517287,4.45196067010016
623.843040285572,91.24107861372,4.01982889679772
421.266767900567,257.356353012707,3.66964697077444
10.7798286713636,181.417798595533,3.13817300655823
84.2535035548999,117.832629065036,4.51444326437581
607.307411709973,209.140809579684,4.23477211522057
259.413290377148,215.354854882698,3.48843143802609
571.965053193916,431.571470262797,3.66040422636514
309.210662870615,134.141976630537,3.85876189513635
533.149915496479,457.506743178667,3.56769332222172
45.8418606295052,422.452752834665,3.81402229427091
200.934389714977,275.906181455531,3.6853552493031
559.422107151433,262.690149320931,3.78671774003671
178.20651358451,42.3885779879896,4.36443162526428
495.093666588314,338.767109920846,4.19252250464914
37.3380533794881,50.7587932028425,4.25971154623468
523.126851687701,147.733230024342,4.5736466945446
NA,NA,NA
663.783009430957,335.5867942266,3.42101673052393
458.243607402195,299.046654861156,3.63867007123167
6.32677831910544,498.123399827266,3.71571958898433
561.129114775216,55.7600301074151,4.27895370106636
73.6347802477848,378.851438686044,3.86102615804024
226.862628488894,417.658485092405,3.75961372652055
429.165736521187,13.6669938014541,3.21917210185967
362.411946979376,292.774454364021,2.98927630194949
603.53647127368,103.281446145773,4.13283551763142
396.39853806687,231.538278228037,4.21426193743284
571.558709557145,410.451696124036,4.77543776625343
140.062331205424,274.904167119691,4.60007726962402
195.955293706867,365.990518307615,4.04609016918711
127.504704551675,410.819809853678,3.52059587802608
622.578282953935,317.886544659145,4.61123879311858
3.53863946051908,144.63632827747,4.37325229265314
544.706586943288,202.612856206233,4.28265872942974
35.1518478387108,492.235203607751,3.06086174941829
278.667950617273,23.1784545180598,3.9275754803721
533.694783824641,393.108817854259,3.26597778280932
66.880786881101,68.8364481014044,5.26896756519263
5.75046824237007,79.1155667424631,3.44888001289057
592.172349652427,225.61285629194,4.12759772059138
436.819459839321,460.127732385104,4.78501571626261
658.614359941629,373.862190018765,3.00364505289154
107.557891289785,490.183831517287,4.45196067010016
623.843040285572,91.24107861372,4.01982889679772
421.266767900567,257.356353012707,3.66964697077444
10.7798286713636,181.417798595533,3.13817300655823
84.2535035548999,117.832629065036,4.51444326437581
607.307411709973,209.140809579684,4.23477211522057
259.413290377148,215.354854882698,3.48843143802609
571.965053193916,431.571470262797,3.66040422636514
309.210662870615,134.141976630537,3.85876189513635
533.149915496479,457.506743178667,3.56769332222172
45.8418606295052,422.452752834665,3.81402229427091
200.934389714977,275.906181455531,3.6853552493031
559.422107151433,262.690149320931,3.78671774003671
178.20651358451,42.3885779879896,4.36443162526428
495.093666588314,338.767109920846,4.19252250464914
37.3380533794881,50.7587932028425,4.25971154623468
523.126851687701,147.733230024342,4.5736466945446
NA,NA,NA
660.239913881845,331.487026320278,3.51303624287165
459.435270917003,297.976500539988,3.44457953431522
7.7469046799826,492.980971882469,3.547399427002
559.831541155302,48.4604196695756,4.18950063786829
76.3996573279714,375.260019537979,4.04108595924439
228.718302431789,418.142873470607,3.77733620041499
430.242211469461,13.1767879015818,3.39140465381664
361.312426300849,292.989640759899,3.17540249691204
604.289247228866,106.756799886359,4.16829839944958
393.821098000354,234.093316611069,4.2172626420341
563.512019667161,405.524074771124,4.72847232251295
145.360881418013,280.610968999127,4.67005330261297
201.906337354815,365.193392195848,3.95006220893379
125.321930424645,412.284723175763,3.41514029057843
623.021529218687,308.858865115891,4.501711727085
0.473607731540284,150.082061101066,4.27629636048354
543.760399453458,201.684273410897,4.14961459483597
34.8633162476073,491.690186863679,3.0943263221266
278.189194086266,23.3817630248542,3.76514516055298
535.538954487443,393.702508843724,3.40076503882954
82.7979634949295,76.8385734086007,5.31233474793757
9.88968917080959,77.8671097046216,3.4894016602934
585.973405986625,226.727863409444,4.01421158100541
433.027175917434,464.736057551286,4.70323498381595
658.600756594664,374.554861802269,3.19372288128495
104.928048152704,480.850874251277,4.33842704470454
619.758981131265,87.1956764875533,4.06141023345505
420.094128165604,260.504240322735,3.65335434263156
10.4735347456149,182.463701620737,3.15397458329871
68.2364249868586,118.746803090695,4.6566044041227
617.355540727555,195.47030237479,4.51217488174684
259.524481106178,228.343946655545,3.64206546991598
571.374633357557,436.810296805909,3.7875124005361
298.891587014782,139.715860746818,3.75735435723186
525.463130337005,457.968529711523,3.63724513006407
38.3783214648216,422.820180391481,3.84997890740074
198.198533904573,286.74480362497,4.12804997074685
549.144912216503,256.882316788566,3.48509537248054
158.557649251611,34.5607894605099,4.2737847757348
496.133611772178,337.474106204738,4.33458051955833
34.9793947933155,63.4515877700212,3.48912797566163
524.407460761631,154.757040564569,4.68207225445558
NA,NA,NA
660.239913881845,331.487026320278,3.51303624287165
459.435270917003,297.976500539988,3.44457953431522
7.7469046799826,492.980971882469,3.547399427002
559.831541155302,48.4604196695756,4.18950063786829
76.3996573279714,375.260019537979,4.04108595924439
228.718302431789,418.142873470607,3.77733620041499
430.242211469461,13.1767879015818,3.39140465381664
361.312426300849,292.989640759899,3.17540249691204
604.289247228866,106.756799886359,4.16829839944958
393.821098000354,234.093316611069,4.2172626420341
563.512019667161,405.524074771124,4.72847232251295
145.360881418013,280.610968999127,4.67005330261297
201.906337354815,365.193392195848,3.95006220893379
125.321930424645,412.284723175763,3.41514029057843
623.021529218687,308.858865115891,4.501711727085
0.473607731540284,150.082061101066,4.27629636048354
543.760399453458,201.684273410897,4.14961459483597
34.8633162476073,491.690186863679,3.0943263221266
278.189194086266,23.3817630248542,3.76514516055298
535.538954487443,393.702508843724,3.40076503882954
82.7979634949295,76.8385734086007,5.31233474793757
9.88968917080959,77.8671097046216,3.4894016602934
585.973405986625,226.727863409444,4.01421158100541
433.027175917434,464.736057551286,4.70323498381595
658.600756594664,374.554861802269,3.19372288128495
104.928048152704,480.850874251277,4.33842704470454
619.758981131265,87.1956764875533,4.06141023345505
420.094128165604,260.504240322735,3.65335434263156
10.4735347456149,182.463701620737,3.15397458329871
68.2364249868586,118.746803090695,4.6566044041227
617.355540727555,195.47030237479,4.51217488174684
259.524481106178,228.343946655545,3.64206546991598
571.374633357557,436.810296805909,3.7875124005361
298.891587014782,139.715860746818,3.75735435723186
525.463130337005,457.968529711523,3.63724513006407
38.3783214648216,422.820180391481,3.84997890740074
198.198533904573,286.74480362497,4.12804997074685
549.144912216503,256.882316788566,3.48509537248054
158.557649251611,34.5607894605099,4.2737847757348
496.133611772178,337.474106204738,4.33458051955833
34.9793947933155,63.4515877700212,3.48912797566163
524.407460761631,154.757040564569,4.68207225445558
NA,NA,NA
660.239913881845,331.487026320278,3.51303624287165
459.435270917003,297.976500539988,3.44457953431522
7.7469046799826,492.980971882469,3.547399427002
559.831541155302,48.4604196695756,4.18950063786829
76.3996573279714,375.260019537979,4.04108595924439
228.718302431789,418.142873470607,3.77733620041499
430.242211469461,13.1767879015818,3.39140465381664
361.312426300849,292.989640759899,3.17540249691204
604.289247228866,106.756799886359,4.16829839944958
393.821098000354,234.093316611069,4.2172626420341
563.512019667161,405.524074771124,4.72847232251295
145.360881418013,280.610968999127,4.67005330261297
201.906337354815,365.193392195848,3.95006220893379
125.321930424645,412.284723175763,3.41514029057843
623.021529218687,308.858865115891,4.501711727085
0.473607731540284,150.082061101066,4.27629636048354
543.760399453458,201.684273410897,4.14961459483597
34.8633162476073,491.690186863679,3.0943263221266
278.189194086266,23.3817630248542,3.76514516055298
535.538954487443,393.702508843724,3.40076503882954
82.7979634949295,76.8385734086007,5.31233474793757
9.88968917080959,77.8671097046216,3.4894016602934
585.973405986625,226.727863409444,4.01421158100541
433.027175917434,464.736057551286,4.70323498381595
658.600756594664,374.554861802269,3.19372288128495
104.928048152704,480.850874251277,4.33842704470454
619.758981131265,87.1956764875533,4.06141023345505
420.094128165604,260.504240322735,3.65335434263156
10.4735347456149,182.463701620737,3.15397458329871
68.2364249868586,118.746803090695,4.6566044041227
617.355540727555,195.47030237479,4.51217488174684
259.524481106178,228.343946655545,3.64206546991598
571.374633357557,436.810296805909,3.7875124005361
298.891587014782,139.715860746818,3.75735435723186
525.463130337005,457.968529711523,3.63724513006407
38.3783214648216,422.820180391481,3.84997890740074
198.198533904573,286.74480362497,4.12804997074685
549.144912216503,256.882316788566,3.48509537248054
158.557649251611,34.5607894605099,4.2737847757348
496.133611772178,337.474106204738,4.33458051955833
34.9793947933155,63.4515877700212,3.48912797566163
524.407460761631,154.757040564569,4.68207225445558
NA,NA,NA
660.239913881845,331.487026320278,3.51303624287165
459.435270917003,297.976500539988,3.44457953431522
7.7469046799826,492.980971882469,3.547399427002
559.831541155302,48.4604196695756,4.18950063786829
76.3996573279714,375.260019537979,4.04108595924439
228.718302431789,418.142873470607,3.77733620041499
430.242211469461,13.1767879015818,3.39140465381664
361.312426300849,292.989640759899,3.17540249691204
604.289247228866,106.756799886359,4.16829839944958
393.821098000354,234.093316611069,4.2172626420341
563.512019667161,405.524074771124,4.72847232251295
145.360881418013,280.610968999127,4.67005330261297
201.906337354815,365.193392195848,3.95006220893379
125.321930424645,412.284723175763,3.41514029057843
623.021529218687,308.858865115891,4.501711727085
0.473607731540284,150.082061101066,4.27629636048354
543.760399453458,201.684273410897,4.14961459483597
34.8633162476073,491.690186863679,3.0943263221266
278.189194086266,23.3817630248542,3.76514516055298
535.538954487443,393.702508843724,3.40076503882954
82.7979634949295,76.8385734086007,5.31233474793757
9.88968917080959,77.8671097046216,3.4894016602934
585.973405986625,226.727863409444,4.01421158100541
433.027175917434,464.736057551286,4.70323498381595
658.600756594664,374.554861802269,3.19372288128495
104.928048152704,480.850874251277,4.33842704470454
619.758981131265,87.1956764875533,4.06141023345505
420.094128165604,260.504240322735,3.65335434263156
10.4735347456149,182.463701620737,3.15397458329871
68.2364249868586,118.746803090695,4.6566044041227
617.355540727555,195.47030237479,4.51217488174684
259.524481106178,228.343946655545,3.64206546991598
571.374633357557,436.810296805909,3.7875124005361
298.891587014782,139.715860746818,3.75735435723186
525.463130337005,457.968529711523,3.63724513006407
38.3783214648216,422.820180391481,3.84997890740074
198.198533904573,286.74480362497,4.12804997074685
549.144912216503,256.882316788566,3.48509537248054
158.557649251611,34.5607894605099,4.2737847757348
496.133611772178,337.474106204738,4.33458051955833
34.9793947933155,63.4515877700212,3.48912797566163
524.407460761631,154.757040564569,4.68207225445558
NA,NA,NA
660.239913881845,331.487026320278,3.51303624287165
459.435270917003,297.976500539988,3.44457953431522
7.7469046799826,492.980971882469,3.547399427002
559.831541155302,48.4604196695756,4.18950063786829
76.3996573279714,375.260019537979,4.04108595924439
228.718302431789,418.142873470607,3.77733620041499
430.242211469461,13.1767879015818,3.39140465381664
361.312426300849,292.989640759899,3.17540249691204
604.289247228866,106.756799886359,4.16829839944958
393.821098000354,234.093316611069,4.2172626420341
563.512019667161,405.524074771124,4.72847232251295
145.360881418013,280.610968999127,4.67005330261297
201.906337354815,365.193392195848,3.95006220893379
125.321930424645,412.284723175763,3.41514029057843
623.021529218687,308.858865115891,4.501711727085
0.473607731540284,150.082061101066,4.27629636048354
543.760399453458,201.684273410897,4.14961459483597
34.8633162476073,491.690186863679,3.0943263221266
278.189194086266,23.3817630248542,3.76514516055298
535.538954487443,393.702508843724,3.40076503882954
82.7979634949295,76.8385734086007,5.31233474793757
9.88968917080959,77.8671097046216,3.4894016602934
585.973405986625,226.727863409444,4.01421158100541
433.027175917434,464.736057551286,4.70323498381595
658.600756594664,374.554861802269,3.19372288128495
104.928048152704,480.850874251277,4.33842704470454
619.758981131265,87.1956764875533,4.06141023345505
420.094128165604,260.504240322735,3.65335434263156
10.4735347456149,182.463701620737,3.15397458329871
68.2364249868586,118.746803090695,4.6566044041227
617.355540727555,195.47030237479,4.51217488174684
259.524481106178,228.343946655545,3.64206546991598
571.374633357557,436.810296805909,3.7875124005361
298.891587014782,139.715860746818,3.75735435723186
525.463130337005,457.968529711523,3.63724513006407
38.3783214648216,422.820180391481,3.84997890740074
198.198533904573,286.74480362497,4.12804997074685
549.144912216503,256.882316788566,3.48509537248054
158.557649251611,34.5607894605099,4.2737847757348
496.133611772178,337.474106204738,4.33458051955833
34.9793947933155,63.4515877700212,3.48912797566163
524.407460761631,154.757040564569,4.68207225445558
NA,NA,NA
660.239913881845,331.487026320278,3.51303624287165
459.435270917003,297.976500539988,3.44457953431522
7.7469046799826,492.980971882469,3.547399427002
559.831541155302,48.4604196695756,4.18950063786829
76.3996573279714,375.260019537979,4.04108595924439
228.718302431789,418.142873470607,3.77733620041499
430.242211469461,13.1767879015818,3.39140465381664
361.312426300849,292.989640759899,3.17540249691204
604.289247228866,106.756799886359,4.16829839944958
393.821098000354,234.093316611069,4.2172626420341
563.512019667161,405.524074771124,4.72847232251295
145.360881418013,280.610968999127,4.67005330261297
201.906337354815,365.193392195848,3.95006220893379
125.321930424645,412.284723175763,3.41514029057843
623.021529218687,308.858865115891,4.501711727085
0.473607731540284,150.082061101066,4.27629636048354
543.760399453458,201.684273410897,4.14961459483597
34.8633162476073,491.690186863679,3.0943263221266
278.189194086266,23.3817630248542,3.76514516055298
535.538954487443,393.702508843724,3.40076503882954
82.7979634949295,76.8385734086007,5.31233474793757
9.88968917080959,77.8671097046216,3.4894016602934
585.973405986625,226.727863409444,4.01421158100541
433.027175917434,464.736057551286,4.70323498381595
658.600756594664,374.554861802269,3.19372288128495
104.928048152704,480.850874251277,4.33842704470454
619.758981131265,87.1956764875533,4.06141023345505
420.094128165604,260.504240322735,3.65335434263156
10.4735347456149,182.463701620737,3.15397458329871
68.2364249868586,118.746803090695,4.6566044041227
617.355540727555,195.47030237479,4.51217488174684
259.524481106178,228.343946655545,3.64206546991598
571.374633357557,436.810296805909,3.7875124005361
298.891587014782,139.715860746818,3.75735435723186
525.463130337005,457.968529711523,3.63724513006407
38.3783214648216,422.820180391481,3.84997890740074
198.198533904573,286.74480362497,4.12804997074685
549.144912216503,256.882316788566,3.48509537248054
158.557649251611,34.5607894605099,4.2737847757348
496.133611772178,337.474106204738,4.33458051955833
34.9793947933155,63.4515877700212,3.48912797566163
524.407460761631,154.757040564569,4.68207225445558
NA,NA,NA
662.379764617524,334.506732746364,3.56755118554838
457.098442386791,298.693049156138,3.6579080348715
9.56619809123185,494.812441959156,3.66272209994386
562.363734458827,45.160921756877,4.19169068261585
68.7007584549912,374.225119132374,3.93328175204154
230.434973852362,409.388119269178,3.94019526877247
428.40394068462,12.2582449990868,3.3337337629164
364.976875892871,293.967696692318,2.99658845956057
609.590964071716,108.875304867882,4.07546957943154
395.182283591267,233.616916132056,4.26158643153657
565.577477900038,410.038067769371,4.69375522495497
139.61263363144,281.27227121789,4.51350966469133
199.13090593438,370.303607863755,3.984790851916
122.382146519339,408.929763905188,3.35225744502054
628.145385917618,315.750617169894,4.54097195154224
-0.275417876202034,147.977963001591,4.28616743344386
545.204303997277,203.218440123267,4.13379290348793
33.4448462599338,490.769940338435,3.13909551354895
280.043640817051,19.9953341233886,4.07909385343524
534.010292211069,391.740312389225,3.44266469487005
77.1499664609808,78.6800667490219,5.17596280725699
0.326140249067159,75.4369674361277,3.45841009049798
586.929621296345,231.076296496623,4.08958271710929
442.305268443675,457.705837471034,4.72861435275721
659.345850860075,375.95762754974,3.00344131437058
106.492200734277,482.138227419207,4.41470259809393
621.571693794941,93.9953112646306,4.07575754418937
420.067504573415,256.748475881611,3.66125177279844
13.7121689979849,182.52894801554,3.12095734199711
72.3521599789952,110.464630148256,4.7252109777066
600.64722032753,191.86770286722,4.24126309830502
254.634393276465,219.436407013235,3.9344355094678
561.47605468865,443.89395993385,3.87931236138509
304.436928383302,139.715540549509,3.99431498485459
527.48514790737,458.341436392016,3.35551044790359
53.5230267033303,415.307453713058,3.69380655529544
202.155164230671,293.475157000509,4.24485805779956
561.045816777455,263.518533661792,3.80106385674616
175.73888028503,35.6949887347683,4.4789037694802
506.496044609411,334.204527528861,4.41010866022602
43.8002592861207,57.568459330859,4.12458256983224
534.675241231713,156.878040891726,4.45634418228261
NA,NA,NA
662.379764617524,334.506732746364,3.56755118554838
457.098442386791,298.693049156138,3.6579080348715
9.56619809123185,494.812441959156,3.66272209994386
562.363734458827,45.160921756877,4.19169068261585
68.7007584549912,374.225119132374,3.93328175204154
230.434973852362,409.388119269178,3.94019526877247
428.40394068462,12.2582449990868,3.3337337629164
364.976875892871,293.967696692318,2.99658845956057
609.590964071716,108.875304867882,4.07546957943154
395.182283591267,233.616916132056,4.26158643153657
565.577477900038,410.038067769371,4.69375522495497
139.61263363144,281.27227121789,4.51350966469133
199.13090593438,370.303607863755,3.984790851916
122.382146519339,408.929763905188,3.35225744502054
628.145385917618,315.750617169894,4.54097195154224
-0.275417876202034,147.977963001591,4.28616743344386
545.204303997277,203.218440123267,4.13379290348793
33.4448462599338,490.769940338435,3.13909551354895
280.043640817051,19.9953341233886,4.07909385343524
534.010292211069,391.740312389225,3.44266469487005
77.1499664609808,78.6800667490219,5.17596280725699
0.326140249067159,75.4369674361277,3.45841009049798
586.929621296345,231.076296496623,4.08958271710929
442.305268443675,457.705837471034,4.72861435275721
659.345850860075,375.95762754974,3.00344131437058
106.492200734277,482.138227419207,4.41470259809393
621.571693794941,93.9953112646306,4.07575754418937
420.067504573415,256.748475881611,3.66125177279844
13.7121689979849,182.52894801554,3.12095734199711
72.3521599789952,110.464630148256,4.7252109777066
600.64722032753,191.86770286722,4.24126309830502
254.634393276465,219.436407013235,3.9344355094678
561.47605468865,443.89395993385,3.87931236138509
304.436928383302,139.715540549509,3.99431498485459
527.48514790737,458.341436392016,3.35551044790359
53.5230267033303,415.307453713058,3.69380655529544
202.155164230671,293.475157000509,4.24485805779956
561.045816777455,263.518533661792,3.80106385674616
175.73888028503,35.6949887347683,4.4789037694802
506.496044609411,334.204527528861,4.41010866022602
43.8002592861207,57.568459330859,4.12458256983224
534.675241231713,156.878040891726,4.45634418228261
NA,NA,NA
662.379764617524,334.506732746364,3.56755118554838
457.098442386791,298.693049156138,3.6579080348715
9.56619809123185,494.812441959156,3.66272209994386
562.363734458827,45.160921756877,4.19169068261585
68.7007584549912,374.225119132374,3.93328175204154
230.434973852362,409.388119269178,3.94019526877247
428.40394068462,12.2582449990868,3.3337337629164
364.976875892871,293.967696692318,2.99658845956057
609.590964071716,108.875304867882,4.07546957943154
395.182283591267,233.616916132056,4.26158643153657
565.577477900038,410.038067769371,4.69375522495497
139.61263363144,281.27227121789,4.51350966469133
199.13090593438,370.303607863755,3.984790851916
122.382146519339,408.929763905188,3.35225744502054
628.145385917618,315.750617169894,4.54097195154224
-0.275417876202034,147.977963001591,4.28616743344386
545.204303997277,203.218440123267,4.13379290348793
33.4448462599338,490.769940338435,3.13909551354895
280.043640817051,19.9953341233886,4.07909385343524
534.010292211069,391.740312389225,3.44266469487005
77.1499664609808,78.6800667490219,5.17596280725699
0.326140249067159,75.4369674361277,3.45841009049798
586.929621296345,231.076296496623,4.08958271710929
442.305268443675,457.705837471034,4.72861435275721
659.345850860075,375.95762754974,3.00344131437058
106.492200734277,482.138227419207,4.41470259809393
621.571693794941,93.9953112646306,4.07575754418937
420.067504573415,256.748475881611,3.66125177279844
13.7121689979849,182.52894801554,3.12095734199711
72.3521599789952,110.464630148256,4.7252109777066
600.64722032753,191.86770286722,4.24126309830502
254.634393276465,219.436407013235,3.9344355094678
561.47605468865,443.89395993385,3.87931236138509
304.436928383302,139.715540549509,3.99431498485459
527.48514790737,458.341436392016,3.35551044790359
53.5230267033303,415.307453713058,3.69380655529544
202.155164230671,293.475157000509,4.24485805779956
561.045816777455,263.518533661792,3.80106385674616
175.73888028503,35.6949887347683,4.4789037694802
506.496044609411,334.204527528861,4.41010866022602
43.8002592861207,57.568459330859,4.12458256983224
534.675241231713,156.878040891726,4.45634418228261
NA,NA,NA
662.379764617524,334.506732746364,3.56755118554838
457.098442386791,298.693049156138,3.6579080348715
9.56619809123185,494.812441959156,3.66272209994386
562.363734458827,45.160921756877,4.19169068261585
68.7007584549912,374.225119132374,3.93328175204154
230.434973852362,409.388119269178,3.94019526877247
428.40394068462,12.2582449990868,3.3337337629164
364.976875892871,293.967696692318,2.99658845956057
609.590964071716,108.875304867882,4.07546957943154
395.182283591267,233.616916132056,4.26158643153657
565.577477900038,410.038067769371,4.69375522495497
139.61263363144,281.27227121789,4.51350966469133
199.13090593438,370.303607863755,3.984790851916
122.382146519339,408.929763905188,3.35225744502054
628.145385917618,315.750617169894,4.54097195154224
-0.275417876202034,147.977963001591,4.28616743344386
545.204303997277,203.218440123267,4.13379290348793
33.4448462599338,490.769940338435,3.13909551354895
280.043640817051,19.9953341233886,4.07909385343524
534.010292211069,391.740312389225,3.44266469487005
77.1499664609808,78.6800667490219,5.17596280725699
0.326140249067159,75.4369674361277,3.45841009049798
586.929621296345,231.076296496623,4.08958271710929
442.305268443675,457.705837471034,4.72861435275721
659.345850860075,375.95762754974,3.00344131437058
106.492200734277,482.138227419207,4.41470259809393
621.571693794941,93.9953112646306,4.07575754418937
420.067504573415,256.748475881611,3.66125177279844
13.7121689979849,182.52894801554,3.12095734199711
72.3521599789952,110.464630148256,4.7252109777066
600.64722032753,191.86770286722,4.24126309830502
254.634393276465,219.436407013235,3.9344355094678
561.47605468865,443.89395993385,3.87931236138509
304.436928383302,139.715540549509,3.99431498485459
527.48514790737,458.341436392016,3.35551044790359
53.5230267033303,415.307453713058,3.69380655529544
202.155164230671,293.475157000509,4.24485805779956
561.045816777455,263.518533661792,3.80106385674616
175.73888028503,35.6949887347683,4.4789037694802
506.496044609411,334.204527528861,4.41010866022602
43.8002592861207,57.568459330859,4.12458256983224
534.675241231713,156.878040891726,4.45634418228261
NA,NA,NA
662.379764617524,334.506732746364,3.56755118554838
457.098442386791,298.693049156138,3.6579080348715
9.56619809123185,494.812441959156,3.66272209994386
562.363734458827,45.160921756877,4.19169068261585
68.7007584549912,374.225119132374,3.93328175204154
230.434973852362,409.388119269178,3.94019526877247
428.40394068462,12.2582449990868,3.3337337629164
364.976875892871,293.967696692318,2.99658845956057
609.590964071716,108.875304867882,4.07546957943154
395.182283591267,233.616916132056,4.26158643153657
565.577477900038,410.038067769371,4.69375522495497
139.61263363144,281.27227121789,4.51350966469133
199.13090593438,370.303607863755,3.984790851916
122.382146519339,408.929763905188,3.35225744502054
628.145385917618,315.750617169894,4.54097195154224
-0.275417876202034,147.977963001591,4.28616743344386
545.204303997277,203.218440123267,4.13379290348793
33.4448462599338,490.769940338435,3.13909551354895
280.043640817051,19.9953341233886,4.07909385343524
534.010292211069,391.740312389225,3.44266469487005
77.1499664609808,78.6800667490219,5.17596280725699
0.326140249067159,75.4369674361277,3.45841009049798
586.929621296345,231.076296496623,4.08958271710929
442.305268443675,457.705837471034,4.72861435275721
659.345850860075,375.95762754974,3.00344131437058
106.492200734277,482.138227419207,4.41470259809393
621.571693794941,93.9953112646306,4.07575754418937
420.067504573415,256.748475881611,3.66125177279844
13.7121689979849,182.52894801554,3.12095734199711
72.3521599789952,110.464630148256,4.7252109777066
600.64722032753,191.86770286722,4.24126309830502
254.634393276465,219.436407013235,3.9344355094678
561.47605468865,443.89395993385,3.87931236138509
304.436928383302,139.715540549509,3.99431498485459
527.48514790737,458.341436392016,3.35551044790359
53.5230267033303,415.307453713058,3.69380655529544
202.155164230671,293.475157000509,4.24485805779956
561.045816777455,263.518533661792,3.80106385674616
175.73888028503,35.6949887347683,4.4789037694802
506.496044609411,334.204527528861,4.41010866022602
43.8002592861207,57.568459330859,4.12458256983224
534.675241231713,156.878040891726,4.45634418228261
NA,NA,NA
662.379764617524,334.506732746364,3.56755118554838
457.098442386791,298.693049156138,3.6579080348715
9.56619809123185,494.812441959156,3.66272209994386
562.363734458827,45.160921756877,4.19169068261585
68.7007584549912,374.225119132374,3.93328175204154
230.434973852362,409.388119269178,3.94019526877247
428.40394068462,12.2582449990868,3.3337337629164
364.976875892871,293.967696692318,2.99658845956057
609.590964071716,108.875304867882,4.07546957943154
395.182283591267,233.616916132056,4.26158643153657
565.577477900038,410.038067769371,4.69375522495497
139.61263363144,281.27227121789,4.51350966469133
199.13090593438,370.303607863755,3.984790851916
122.382146519339,408.929763905188,3.35225744502054
628.145385917618,315.750617169894,4.54097195154224
-0.275417876202034,147.977963001591,4.28616743344386
545.204303997277,203.218440123267,4.13379290348793
33.4448462599338,490.769940338435,3.13909551354895
280.043640817051,19.9953341233886,4.07909385343524
534.010292211069,391.740312389225,3.44266469487005
77.1499664609808,78.6800667490219,5.17596280725699
0.326140249067159,75.4369674361277,3.45841009049798
586.929621296345,231.076296496623,4.08958271710929
442.305268443675,457.705837471034,4.72861435275721
659.345850860075,375.95762754974,3.00344131437058
106.492200734277,482.138227419207,4.41470259809393
621.571693794941,93.9953112646306,4.07575754418937
420.067504573415,256.748475881611,3.66125177279844
13.7121689979849,182.52894801554,3.12095734199711
72.3521599789952,110.464630148256,4.7252109777066
600.64722032753,191.86770286722,4.24126309830502
254.634393276465,219.436407013235,3.9344355094678
561.47605468865,443.89395993385,3.87931236138509
304.436928383302,139.715540549509,3.99431498485459
527.48514790737,458.341436392016,3.35551044790359
53.5230267033303,415.307453713058,3.69380655529544
202.155164230671,293.475157000509,4.24485805779956
561.045816777455,263.518533661792,3.80106385674616
175.73888028503,35.6949887347683,4.4789037694802
506.496044609411,334.204527528861,4.41010866022602
43.8002592861207,57.568459330859,4.12458256983224
534.675241231713,156.878040891726,4.45634418228261
NA,NA,NA
659.811826174486,335.833593101347,3.57047348908709
452.168561227499,303.243353751262,3.70249501068964
9.43743985081404,496.823079057562,3.60769692893126
562.066911047112,54.1068156722951,4.28103504070251
68.9146377606187,375.859080392733,4.00918784088454
230.237656342749,417.93658663693,3.88130354697103
427.365312020691,11.747705858373,3.17590597711396
361.91382120479,291.679362340047,2.98574274119905
603.931637150092,104.819318044626,4.28901810634554
392.522711791868,222.703963179665,4.19610502395197
579.066025390077,410.367993546058,4.76641189755856
134.19888133604,281.335390342464,4.54437365210841
200.244201786363,369.404335562349,3.93876549231279
130.701732605979,412.296506253597,3.24091074123054
631.913485833581,303.550640591262,4.58990859006499
1.56106979038925,145.984373690678,4.30638340898256
545.230063562311,202.847275465952,4.15486902105813
34.5927290867772,492.598993317719,2.94923895676857
274.716522965023,20.268349611968,4.07112220452526
530.184390034249,394.149084571866,3.35375233434769
70.5842977060114,76.1685553146008,5.22434227181702
2.36568287286261,77.8337081346268,3.49771178244749
589.255939643218,227.262758936016,4.04191340756297
444.172879009682,460.06314048703,4.7804686734507
657.372598430685,375.577675920809,3.11520072894467
106.819073481872,486.502424361695,4.27054477934293
623.548684131927,91.5078856283903,4.07653052426196
420.014401960036,260.390873963923,3.62698915588684
10.0539854725293,182.249880649625,3.25659126556949
70.5176570735721,99.2024735553128,4.39436676000051
619.848984089222,196.225629982506,4.43816966661339
261.770842047882,217.70431192581,4.10709047485285
573.223660001061,434.441103656929,3.88779763453315
299.534254761759,132.572245162788,3.96184375770196
531.629276715007,455.503352954205,3.53901462388131
41.3930822925278,410.573620924592,3.90080644283252
193.860609419796,275.404973568856,3.89099415076813
552.766473865759,259.483323775417,3.73046507046914
171.377230539382,19.6348318374804,4.31080707466022
509.136641696203,342.692770035965,4.5693240544234
32.5444663814141,41.0680464731374,3.80280475724274
524.452764482044,154.000610307047,5.00381001295108
NA,NA,NA
659.811826174486,335.833593101347,3.57047348908709
452.168561227499,303.243353751262,3.70249501068964
9.43743985081404,496.823079057562,3.60769692893126
562.066911047112,54.1068156722951,4.28103504070251
68.9146377606187,375.859080392733,4.00918784088454
230.237656342749,417.93658663693,3.88130354697103
427.365312020691,11.747705858373,3.17590597711396
361.91382120479,291.679362340047,2.98574274119905
603.931637150092,104.819318044626,4.28901810634554
392.522711791868,222.703963179665,4.19610502395197
579.066025390077,410.367993546058,4.76641189755856
134.19888133604,281.335390342464,4.54437365210841
200.244201786363,369.404335562349,3.93876549231279
130.701732605979,412.296506253597,3.24091074123054
631.913485833581,303.550640591262,4.58990859006499
1.56106979038925,145.984373690678,4.30638340898256
545.230063562311,202.847275465952,4.15486902105813
34.5927290867772,492.598993317719,2.94923895676857
274.716522965023,20.268349611968,4.07112220452526
530.184390034249,394.149084571866,3.35375233434769
70.5842977060114,76.1685553146008,5.22434227181702
2.36568287286261,77.8337081346268,3.49771178244749
589.255939643218,227.262758936016,4.04191340756297
444.172879009682,460.06314048703,4.7804686734507
657.372598430685,375.577675920809,3.11520072894467
106.819073481872,486.502424361695,4.27054477934293
623.548684131927,91.5078856283903,4.07653052426196
420.014401960036,260.390873963923,3.62698915588684
10.0539854725293,182.249880649625,3.25659126556949
70.5176570735721,99.2024735553128,4.39436676000051
619.848984089222,196.225629982506,4.43816966661339
261.770842047882,217.70431192581,4.10709047485285
573.223660001061,434.441103656929,3.88779763453315
299.534254761759,132.572245162788,3.96184375770196
531.629276715007,455.503352954205,3.53901462388131
41.3930822925278,410.573620924592,3.90080644283252
193.860609419796,275.404973568856,3.89099415076813
552.766473865759,259.483323775417,3.73046507046914
171.377230539382,19.6348318374804,4.31080707466022
509.136641696203,342.692770035965,4.5693240544234
32.5444663814141,41.0680464731374,3.80280475724274
524.452764482044,154.000610307047,5.00381001295108
NA,NA,NA
659.811826174486,335.833593101347,3.57047348908709
452.168561227499,303.243353751262,3.70249501068964
9.43743985081404,496.823079057562,3.60769692893126
562.066911047112,54.1068156722951,4.28103504070251
68.9146377606187,375.859080392733,4.00918784088454
230.237656342749,417.93658663693,3.88130354697103
427.365312020691,11.747705858373,3.17590597711396
361.91382120479,291.679362340047,2.98574274119905
603.931637150092,104.819318044626,4.28901810634554
392.522711791868,222.703963179665,4.19610502395197
579.066025390077,410.367993546058,4.76641189755856
134.19888133604,281.335390342464,4.54437365210841
200.244201786363,369.404335562349,3.93876549231279
130.701732605979,412.296506253597,3.24091074123054
631.913485833581,303.550640591262,4.58990859006499
1.56106979038925,145.984373690678,4.30638340898256
545.230063562311,202.847275465952,4.15486902105813
34.5927290867772,492.598993317719,2.94923895676857
274.716522965023,20.268349611968,4.07112220452526
530.184390034249,394.149084571866,3.35375233434769
70.5842977060114,76.1685553146008,5.22434227181702
2.36568287286261,77.8337081346268,3.49771178244749
589.255939643218,227.262758936016,4.04191340756297
444.172879009682,460.06314048703,4.7804686734507
657.372598430685,375.577675920809,3.11520072894467
106.819073481872,486.502424361695,4.27054477934293
623.548684131927,91.5078856283903,4.07653052426196
420.014401960036,260.390873963923,3.62698915588684
10.0539854725293,182.249880649625,3.25659126556949
70.5176570735721,99.2024735553128,4.39436676000051
619.848984089222,196.225629982506,4.43816966661339
261.770842047882,217.70431192581,4.10709047485285
573.223660001061,434.441103656929,3.88779763453315
299.534254761759,132.572245162788,3.96184375770196
531.629276715007,455.503352954205,3.53901462388131
41.3930822925278,410.573620924592,3.90080644283252
193.860609419796,275.404973568856,3.89099415076813
552.766473865759,259.483323775417,3.73046507046914
171.377230539382,19.6348318374804,4.31080707466022
509.136641696203,342.692770035965,4.5693240544234
32.5444663814141,41.0680464731374,3.80280475724274
524.452764482044,154.000610307047,5.00381001295108
NA,NA,NA
659.811826174486,335.833593101347,3.57047348908709
452.168561227499,303.243353751262,3.70249501068964
9.43743985081404,496.823079057562,3.60769692893126
562.066911047112,54.1068156722951,4.28103504070251
68.9146377606187,375.859080392733,4.00918784088454
230.237656342749,417.93658663693,3.88130354697103
427.365312020691,11.747705858373,3.17590597711396
361.91382120479,291.679362340047,2.98574274119905
603.931637150092,104.819318044626,4.28901810634554
392.522711791868,222.703963179665,4.19610502395197
579.066025390077,410.367993546058,4.76641189755856
134.19888133604,281.335390342464,4.54437365210841
200.244201786363,369.404335562349,3.93876549231279
130.701732605979,412.296506253597,3.24091074123054
631.913485833581,303.550640591262,4.58990859006499
1.56106979038925,145.984373690678,4.30638340898256
545.230063562311,202.847275465952,4.15486902105813
34.5927290867772,492.598993317719,2.94923895676857
274.716522965023,20.268349611968,4.07112220452526
530.184390034249,394.149084571866,3.35375233434769
70.5842977060114,76.1685553146008,5.22434227181702
2.36568287286261,77.8337081346268,3.49771178244749
589.255939643218,227.262758936016,4.04191340756297
444.172879009682,460.06314048703,4.7804686734507
657.372598430685,375.577675920809,3.11520072894467
106.819073481872,486.502424361695,4.27054477934293
623.548684131927,91.5078856283903,4.07653052426196
420.014401960036,260.390873963923,3.62698915588684
10.0539854725293,182.249880649625,3.25659126556949
70.5176570735721,99.2024735553128,4.39436676000051
619.848984089222,196.225629982506,4.43816966661339
261.770842047882,217.70431192581,4.10709047485285
573.223660001061,434.441103656929,3.88779763453315
299.534254761759,132.572245162788,3.96184375770196
531.629276715007,455.503352954205,3.53901462388131
41.3930822925278,410.573620924592,3.90080644283252
193.860609419796,275.404973568856,3.89099415076813
552.766473865759,259.483323775417,3.73046507046914
171.377230539382,19.6348318374804,4.31080707466022
509.136641696203,342.692770035965,4.5693240544234
32.5444663814141,41.0680464731374,3.80280475724274
524.452764482044,154.000610307047,5.00381001295108
NA,NA,NA
659.811826174486,335.833593101347,3.57047348908709
452.168561227499,303.243353751262,3.70249501068964
9.43743985081404,496.823079057562,3.60769692893126
562.066911047112,54.1068156722951,4.28103504070251
68.9146377606187,375.859080392733,4.00918784088454
230.237656342749,417.93658663693,3.88130354697103
427.365312020691,11.747705858373,3.17590597711396
361.91382120479,291.679362340047,2.98574274119905
603.931637150092,104.819318044626,4.28901810634554
392.522711791868,222.703963179665,4.19610502395197
579.066025390077,410.367993546058,4.76641189755856
134.19888133604,281.335390342464,4.54437365210841
200.244201786363,369.404335562349,3.93876549231279
130.701732605979,412.296506253597,3.24091074123054
631.913485833581,303.550640591262,4.58990859006499
1.56106979038925,145.984373690678,4.30638340898256
545.230063562311,202.847275465952,4.15486902105813
34.5927290867772,492.598993317719,2.94923895676857
274.716522965023,20.268349611968,4.07112220452526
530.184390034249,394.149084571866,3.35375233434769
70.5842977060114,76.1685553146008,5.22434227181702
2.36568287286261,77.8337081346268,3.49771178244749
589.255939643218,227.262758936016,4.04191340756297
444.172879009682,460.06314048703,4.7804686734507
657.372598430685,375.577675920809,3.11520072894467
106.819073481872,486.502424361695,4.27054477934293
623.548684131927,91.5078856283903,4.07653052426196
420.014401960036,260.390873963923,3.62698915588684
10.0539854725293,182.249880649625,3.25659126556949
70.5176570735721,99.2024735553128,4.39436676000051
619.848984089222,196.225629982506,4.43816966661339
261.770842047882,217.70431192581,4.10709047485285
573.223660001061,434.441103656929,3.88779763453315
299.534254761759,132.572245162788,3.96184375770196
531.629276715007,455.503352954205,3.53901462388131
41.3930822925278,410.573620924592,3.90080644283252
193.860609419796,275.404973568856,3.89099415076813
552.766473865759,259.483323775417,3.73046507046914
171.377230539382,19.6348318374804,4.31080707466022
509.136641696203,342.692770035965,4.5693240544234
32.5444663814141,41.0680464731374,3.80280475724274
524.452764482044,154.000610307047,5.00381001295108
NA,NA,NA
659.811826174486,335.833593101347,3.57047348908709
452.168561227499,303.243353751262,3.70249501068964
9.43743985081404,496.823079057562,3.60769692893126
562.066911047112,54.1068156722951,4.28103504070251
68.9146377606187,375.859080392733,4.00918784088454
230.237656342749,417.93658663693,3.88130354697103
427.365312020691,11.747705858373,3.17590597711396
361.91382120479,291.679362340047,2.98574274119905
603.931637150092,104.819318044626,4.28901810634554
392.522711791868,222.703963179665,4.19610502395197
579.066025390077,410.367993546058,4.76641189755856
134.19888133604,281.335390342464,4.54437365210841
200.244201786363,369.404335562349,3.93876549231279
130.701732605979,412.296506253597,3.24091074123054
631.913485833581,303.550640591262,4.58990859006499
1.56106979038925,145.984373690678,4.30638340898256
545.230063562311,202.847275465952,4.15486902105813
34.5927290867772,492.598993317719,2.94923895676857
274.716522965023,20.268349611968,4.07112220452526
530.184390034249,394.149084571866,3.35375233434769
70.5842977060114,76.1685553146008,5.22434227181702
2.36568287286261,77.8337081346268,3.49771178244749
589.255939643218,227.262758936016,4.04191340756297
444.172879009682,460.06314048703,4.7804686734507
657.372598430685,375.577675920809,3.11520072894467
106.819073481872,486.502424361695,4.27054477934293
623.548684131927,91.5078856283903,4.07653052426196
420.014401960036,260.390873963923,3.62698915588684
10.0539854725293,182.249880649625,3.25659126556949
70.5176570735721,99.2024735553128,4.39436676000051
619.848984089222,196.225629982506,4.43816966661339
261.770842047882,217.70431192581,4.10709047485285
573.223660001061,434.441103656929,3.88779763453315
299.534254761759,132.572245162788,3.96184375770196
531.629276715007,455.503352954205,3.53901462388131
41.3930822925278,410.573620924592,3.90080644283252
193.860609419796,275.404973568856,3.89099415076813
552.766473865759,259.483323775417,3.73046507046914
171.377230539382,19.6348318374804,4.31080707466022
509.136641696203,342.692770035965,4.5693240544234
32.5444663814141,41.0680464731374,3.80280475724274
524.452764482044,154.000610307047,5.00381001295108
NA,NA,NA
660.526611592257,337.136690012397,3.46432839476656
453.1215643939,300.004667251301,3.62629247023498
10.872164291774,495.20725914142,3.56314449214141
564.110564924408,51.0470062647328,4.19607060466012
73.5715289192779,378.948795421317,3.98975105459862
230.467930597511,413.321553489316,4.00976150433737
427.704031502301,12.4873504190152,3.34608624785668
360.736941016768,291.706758306402,3.03174950338768
602.404723739987,102.936695969372,4.18692878467
393.676858257698,228.724939263398,4.15137146672508
569.24643740883,416.273675619405,4.799191569306
146.10725371966,287.681593614355,4.3936548613099
198.42219875013,366.569050280178,4.07880212174134
124.36510791912,410.333481300831,3.60096393910436
624.98373629115,307.280300308343,4.50777503783583
-6.84858803121281,147.518987756558,4.15709640549823
543.254738693222,200.710885422249,4.25099132928329
32.9113671302526,491.90869587314,3.06582566290005
277.994253878876,22.7826479985299,3.90369111681948
533.161044563078,393.45455746811,3.27072029457262
70.369306167961,74.9357902342588,5.19754995816424
4.22625691200691,74.9753174462897,3.57370979839061
591.059298376854,227.37391143208,4.02000261333539
442.399873362028,460.141774287485,4.80175080983385
656.511498076189,373.711151070633,2.86230480025102
109.840404094447,484.905457270986,4.32443753879391
622.597761441954,95.5135087087555,4.03769538332893
418.100438292689,260.245406498417,3.6777294465506
13.3606755522072,181.54053562933,3.22229814191846
56.869317264045,118.51623692798,4.50135358775223
582.161930528596,195.752303860484,4.0987179907977
243.434384859002,223.337757199316,3.88778580566258
578.613173229811,437.731179809831,3.87689635767769
305.926247128628,133.702041658517,3.5743310991929
531.396003837558,460.027847123415,3.44765205222142
43.4391093427915,423.085146490436,3.9531971985542
196.371203525827,287.31748342768,4.14160952166349
556.797430535745,263.440783855327,3.68026300977148
174.812566077689,36.8304695317249,4.00324911900359
501.430913135899,340.181143194556,4.41279582841255
33.4552991031185,52.726980063037,3.86383393715079
523.608278489957,138.07638550468,4.61263423857302
NA,NA,NA
660.526611592257,337.136690012397,3.46432839476656
453.1215643939,300.004667251301,3.62629247023498
10.872164291774,495.20725914142,3.56314449214141
564.110564924408,51.0470062647328,4.19607060466012
73.5715289192779,378.948795421317,3.98975105459862
230.467930597511,413.321553489316,4.00976150433737
427.704031502301,12.4873504190152,3.34608624785668
360.736941016768,291.706758306402,3.03174950338768
602.404723739987,102.936695969372,4.18692878467
393.676858257698,228.724939263398,4.15137146672508
569.24643740883,416.273675619405,4.799191569306
146.10725371966,287.681593614355,4.3936548613099
198.42219875013,366.569050280178,4.07880212174134
124.36510791912,410.333481300831,3.60096393910436
624.98373629115,307.280300308343,4.50777503783583
-6.84858803121281,147.518987756558,4.15709640549823
543.254738693222,200.710885422249,4.25099132928329
32.9113671302526,491.90869587314,3.06582566290005
277.994253878876,22.7826479985299,3.90369111681948
533.161044563078,393.45455746811,3.27072029457262
70.369306167961,74.9357902342588,5.19754995816424
4.22625691200691,74.9753174462897,3.57370979839061
591.059298376854,227.37391143208,4.02000261333539
442.399873362028,460.141774287485,4.80175080983385
656.511498076189,373.711151070633,2.86230480025102
109.840404094447,484.905457270986,4.32443753879391
622.597761441954,95.5135087087555,4.03769538332893
418.100438292689,260.245406498417,3.6777294465506
13.3606755522072,181.54053562933,3.22229814191846
56.869317264045,118.51623692798,4.50135358775223
582.161930528596,195.752303860484,4.0987179907977
243.434384859002,223.337757199316,3.88778580566258
578.613173229811,437.731179809831,3.87689635767769
305.926247128628,133.702041658517,3.5743310991929
531.396003837558,460.027847123415,3.44765205222142
43.4391093427915,423.085146490436,3.9531971985542
196.371203525827,287.31748342768,4.14160952166349
556.797430535745,263.440783855327,3.68026300977148
174.812566077689,36.8304695317249,4.00324911900359
501.430913135899,340.181143194556,4.41279582841255
33.4552991031185,52.726980063037,3.86383393715079
523.608278489957,138.07638550468,4.61263423857302
NA,NA,NA
660.526611592257,337.136690012397,3.46432839476656
453.1215643939,300.004667251301,3.62629247023498
10.872164291774,495.20725914142,3.56314449214141
564.110564924408,51.0470062647328,4.19607060466012
73.5715289192779,378.948795421317,3.98975105459862
230.467930597511,413.321553489316,4.00976150433737
427.704031502301,12.4873504190152,3.34608624785668
360.736941016768,291.706758306402,3.03174950338768
602.404723739987,102.936695969372,4.18692878467
393.676858257698,228.724939263398,4.15137146672508
569.24643740883,416.273675619405,4.799191569306
146.10725371966,287.681593614355,4.3936548613099
198.42219875013,366.569050280178,4.07880212174134
124.36510791912,410.333481300831,3.60096393910436
624.98373629115,307.280300308343,4.50777503783583
-6.84858803121281,147.518987756558,4.15709640549823
543.254738693222,200.710885422249,4.25099132928329
32.9113671302526,491.90869587314,3.06582566290005
277.994253878876,22.7826479985299,3.90369111681948
533.161044563078,393.45455746811,3.27072029457262
70.369306167961,74.9357902342588,5.19754995816424
4.22625691200691,74.9753174462897,3.57370979839061
591.059298376854,227.37391143208,4.02000261333539
442.399873362028,460.141774287485,4.80175080983385
656.511498076189,373.711151070633,2.86230480025102
109.840404094447,484.905457270986,4.32443753879391
622.597761441954,95.5135087087555,4.03769538332893
418.100438292689,260.245406498417,3.6777294465506
13.3606755522072,181.54053562933,3.22229814191846
56.869317264045,118.51623692798,4.50135358775223
582.161930528596,195.752303860484,4.0987179907977
243.434384859002,223.337757199316,3.88778580566258
578.613173229811,437.731179809831,3.87689635767769
305.926247128628,133.702041658517,3.5743310991929
531.396003837558,460.027847123415,3.44765205222142
43.4391093427915,423.085146490436,3.9531971985542
196.371203525827,287.31748342768,4.14160952166349
556.797430535745,263.440783855327,3.68026300977148
174.812566077689,36.8304695317249,4.00324911900359
501.430913135899,340.181143194556,4.41279582841255
33.4552991031185,52.726980063037,3.86383393715079
523.608278489957,138.07638550468,4.61263423857302
NA,NA,NA
660.526611592257,337.136690012397,3.46432839476656
453.1215643939,300.004667251301,3.62629247023498
10.872164291774,495.20725914142,3.56314449214141
564.110564924408,51.0470062647328,4.19607060466012
73.5715289192779,378.948795421317,3.98975105459862
230.467930597511,413.321553489316,4.00976150433737
427.704031502301,12.4873504190152,3.34608624785668
360.736941016768,291.706758306402,3.03174950338768
602.404723739987,102.936695969372,4.18692878467
393.676858257698,228.724939263398,4.15137146672508
569.24643740883,416.273675619405,4.799191569306
146.10725371966,287.681593614355,4.3936548613099
198.42219875013,366.569050280178,4.07880212174134
124.36510791912,410.333481300831,3.60096393910436
624.98373629115,307.280300308343,4.50777503783583
-6.84858803121281,147.518987756558,4.15709640549823
543.254738693222,200.710885422249,4.25099132928329
32.9113671302526,491.90869587314,3.06582566290005
277.994253878876,22.7826479985299,3.90369111681948
533.161044563078,393.45455746811,3.27072029457262
70.369306167961,74.9357902342588,5.19754995816424
4.22625691200691,74.9753174462897,3.57370979839061
591.059298376854,227.37391143208,4.02000261333539
442.399873362028,460.141774287485,4.80175080983385
656.511498076189,373.711151070633,2.86230480025102
109.840404094447,484.905457270986,4.32443753879391
622.597761441954,95.5135087087555,4.03769538332893
418.100438292689,260.245406498417,3.6777294465506
13.3606755522072,181.54053562933,3.22229814191846
56.869317264045,118.51623692798,4.50135358775223
582.161930528596,195.752303860484,4.0987179907977
243.434384859002,223.337757199316,3.88778580566258
578.613173229811,437.731179809831,3.87689635767769
305.926247128628,133.702041658517,3.5743310991929
531.396003837558,460.027847123415,3.44765205222142
43.4391093427915,423.085146490436,3.9531971985542
196.371203525827,287.31748342768,4.14160952166349
556.797430535745,263.440783855327,3.68026300977148
174.812566077689,36.8304695317249,4.00324911900359
501.430913135899,340.181143194556,4.41279582841255
33.4552991031185,52.726980063037,3.86383393715079
523.608278489957,138.07638550468,4.61263423857302
NA,NA,NA
660.526611592257,337.136690012397,3.46432839476656
453.1215643939,300.004667251301,3.62629247023498
10.872164291774,495.20725914142,3.56314449214141
564.110564924408,51.0470062647328,4.19607060466012
73.5715289192779,378.948795421317,3.98975105459862
230.467930597511,413.321553489316,4.00976150433737
427.704031502301,12.4873504190152,3.34608624785668
360.736941016768,291.706758306402,3.03174950338768
602.404723739987,102.936695969372,4.18692878467
393.676858257698,228.724939263398,4.15137146672508
569.24643740883,416.273675619405,4.799191569306
146.10725371966,287.681593614355,4.3936548613099
198.42219875013,366.569050280178,4.07880212174134
124.36510791912,410.333481300831,3.60096393910436
624.98373629115,307.280300308343,4.50777503783583
-6.84858803121281,147.518987756558,4.15709640549823
543.254738693222,200.710885422249,4.25099132928329
32.9113671302526,491.90869587314,3.06582566290005
277.994253878876,22.7826479985299,3.90369111681948
533.161044563078,393.45455746811,3.27072029457262
70.369306167961,74.9357902342588,5.19754995816424
4.22625691200691,74.9753174462897,3.57370979839061
591.059298376854,227.37391143208,4.02000261333539
442.399873362028,460.141774287485,4.80175080983385
656.511498076189,373.711151070633,2.86230480025102
109.840404094447,484.905457270986,4.32443753879391
622.597761441954,95.5135087087555,4.03769538332893
418.100438292689,260.245406498417,3.6777294465506
13.3606755522072,181.54053562933,3.22229814191846
56.869317264045,118.51623692798,4.50135358775223
582.161930528596,195.752303860484,4.0987179907977
243.434384859002,223.337757199316,3.88778580566258
578.613173229811,437.731179809831,3.87689635767769
305.926247128628,133.702041658517,3.5743310991929
531.396003837558,460.027847123415,3.44765205222142
43.4391093427915,423.085146490436,3.9531971985542
196.371203525827,287.31748342768,4.14160952166349
556.797430535745,263.440783855327,3.68026300977148
174.812566077689,36.8304695317249,4.00324911900359
501.430913135899,340.181143194556,4.41279582841255
33.4552991031185,52.726980063037,3.86383393715079
523.608278489957,138.07638550468,4.61263423857302
NA,NA,NA
660.526611592257,337.136690012397,3.46432839476656
453.1215643939,300.004667251301,3.62629247023498
10.872164291774,495.20725914142,3.56314449214141
564.110564924408,51.0470062647328,4.19607060466012
73.5715289192779,378.948795421317,3.98975105459862
230.467930597511,413.321553489316,4.00976150433737
427.704031502301,12.4873504190152,3.34608624785668
360.736941016768,291.706758306402,3.03174950338768
602.404723739987,102.936695969372,4.18692878467
393.676858257698,228.724939263398,4.15137146672508
569.24643740883,416.273675619405,4.799191569306
146.10725371966,287.681593614355,4.3936548613099
198.42219875013,366.569050280178,4.07880212174134
124.36510791912,410.333481300831,3.60096393910436
624.98373629115,307.280300308343,4.50777503783583
-6.84858803121281,147.518987756558,4.15709640549823
543.254738693222,200.710885422249,4.25099132928329
32.9113671302526,491.90869587314,3.06582566290005
277.994253878876,22.7826479985299,3.90369111681948
533.161044563078,393.45455746811,3.27072029457262
70.369306167961,74.9357902342588,5.19754995816424
4.22625691200691,74.9753174462897,3.57370979839061
591.059298376854,227.37391143208,4.02000261333539
442.399873362028,460.141774287485,4.80175080983385
656.511498076189,373.711151070633,2.86230480025102
109.840404094447,484.905457270986,4.32443753879391
622.597761441954,95.5135087087555,4.03769538332893
418.100438292689,260.245406498417,3.6777294465506
13.3606755522072,181.54053562933,3.22229814191846
56.869317264045,118.51623692798,4.50135358775223
582.161930528596,195.752303860484,4.0987179907977
243.434384859002,223.337757199316,3.88778580566258
578.613173229811,437.731179809831,3.87689635767769
305.926247128628,133.702041658517,3.5743310991929
531.396003837558,460.027847123415,3.44765205222142
43.4391093427915,423.085146490436,3.9531971985542
196.371203525827,287.31748342768,4.14160952166349
556.797430535745,263.440783855327,3.68026300977148
174.812566077689,36.8304695317249,4.00324911900359
501.430913135899,340.181143194556,4.41279582841255
33.4552991031185,52.726980063037,3.86383393715079
523.608278489957,138.07638550468,4.61263423857302
NA,NA,NA
663.386399165133,335.120896273696,3.39075437925789
455.78410356867,303.139572976142,3.76888187026316
8.64650765995249,491.641539421465,3.67894443376532
560.52790001625,49.1773714169518,4.19899011522409
71.5511075526692,375.616624939826,4.00427246974314
228.146943829978,418.579108609634,3.79905302327539
428.275888601024,12.3479553607249,3.42973149424652
363.671292312113,292.922471699929,2.999111280012
601.480168257393,105.711495699141,4.20761216208434
390.487053988497,232.178138309709,4.16076664971559
572.111035124664,408.81996774435,4.71333717795311
136.830427666782,283.287711120787,4.68507026139875
198.697389600011,365.581855004632,3.93402374656852
119.109498798622,412.081467706912,3.45352012759517
625.56380885552,312.948225157895,4.57860803149341
-1.83892365538695,146.550272068746,4.16122203714302
542.241464182054,206.426331280664,4.17492523131194
36.1931995424347,491.671499688144,3.01459263892273
276.575721662768,21.8287357781531,3.90226398050245
533.770464413898,391.327345330023,3.18578356738631
78.0969754005459,71.9818288519059,5.34821503595283
7.78733994044045,76.8548002241862,3.51128228815454
588.160137948801,225.651359062063,4.06879266279885
439.401504904053,453.662798949623,4.75831265971215
659.074154326742,376.537871752502,3.11205265408425
98.4958578851738,489.923171186883,4.38538209291757
628.965825266572,90.5567054969429,4.12025647727346
417.27510268406,257.693894062217,3.6486332305524
10.5676025489493,183.258431445337,3.24600916996141
59.274394052732,129.567920017377,4.42393753739776
606.9515100509,205.078838583855,4.24147291741301
246.279214702853,226.625849898431,4.19771625679073
575.719516721596,430.220845060794,3.70625754727787
297.604286347232,135.242240877324,3.86492121850485
537.695559909817,449.517949757315,3.76826562917016
50.1735955365065,424.37565497767,3.86918154646304
195.237014605037,284.261542395874,4.08699335407471
542.673185156269,269.139424368111,3.88372438278705
167.080975061719,25.4034145854647,4.21325381022189
491.608463792824,344.684416386199,4.42885673788239
43.3275967714934,46.8856735143682,3.91342350778738
528.740443506828,152.020969007535,5.077971973759
NA,NA,NA
663.386399165133,335.120896273696,3.39075437925789
455.78410356867,303.139572976142,3.76888187026316
8.64650765995249,491.641539421465,3.67894443376532
560.52790001625,49.1773714169518,4.19899011522409
71.5511075526692,375.616624939826,4.00427246974314
228.146943829978,418.579108609634,3.79905302327539
428.275888601024,12.3479553607249,3.42973149424652
363.671292312113,292.922471699929,2.999111280012
601.480168257393,105.711495699141,4.20761216208434
390.487053988497,232.178138309709,4.16076664971559
572.111035124664,408.81996774435,4.71333717795311
136.830427666782,283.287711120787,4.68507026139875
198.697389600011,365.581855004632,3.93402374656852
119.109498798622,412.081467706912,3.45352012759517
625.56380885552,312.948225157895,4.57860803149341
-1.83892365538695,146.550272068746,4.16122203714302
542.241464182054,206.426331280664,4.17492523131194
36.1931995424347,491.671499688144,3.01459263892273
276.575721662768,21.8287357781531,3.90226398050245
533.770464413898,391.327345330023,3.18578356738631
78.0969754005459,71.9818288519059,5.34821503595283
7.78733994044045,76.8548002241862,3.51128228815454
588.160137948801,225.651359062063,4.06879266279885
439.401504904053,453.662798949623,4.75831265971215
659.074154326742,376.537871752502,3.11205265408425
98.4958578851738,489.923171186883,4.38538209291757
628.965825266572,90.5567054969429,4.12025647727346
417.27510268406,257.693894062217,3.6486332305524
10.5676025489493,183.258431445337,3.24600916996141
59.274394052732,129.567920017377,4.42393753739776
606.9515100509,205.078838583855,4.24147291741301
246.279214702853,226.625849898431,4.19771625679073
575.719516721596,430.220845060794,3.70625754727787
297.604286347232,135.242240877324,3.86492121850485
537.695559909817,449.517949757315,3.76826562917016
50.1735955365065,424.37565497767,3.86918154646304
195.237014605037,284.261542395874,4.08699335407471
542.673185156269,269.139424368111,3.88372438278705
167.080975061719,25.4034145854647,4.21325381022189
491.608463792824,344.684416386199,4.42885673788239
43.3275967714934,46.8856735143682,3.91342350778738
528.740443506828,152.020969007535,5.077971973759
NA,NA,NA
663.386399165133,335.120896273696,3.39075437925789
455.78410356867,303.139572976142,3.76888187026316
8.64650765995249,491.641539421465,3.67894443376532
560.52790001625,49.1773714169518,4.19899011522409
71.5511075526692,375.616624939826,4.00427246974314
228.146943829978,418.579108609634,3.79905302327539
428.275888601024,12.3479553607249,3.42973149424652
363.671292312113,292.922471699929,2.999111280012
601.480168257393,105.711495699141,4.20761216208434
390.487053988497,232.178138309709,4.16076664971559
572.111035124664,408.81996774435,4.71333717795311
136.830427666782,283.287711120787,4.68507026139875
198.697389600011,365.581855004632,3.93402374656852
119.109498798622,412.081467706912,3.45352012759517
625.56380885552,312.948225157895,4.57860803149341
-1.83892365538695,146.550272068746,4.16122203714302
542.241464182054,206.426331280664,4.17492523131194
36.1931995424347,491.671499688144,3.01459263892273
276.575721662768,21.8287357781531,3.90226398050245
533.770464413898,391.327345330023,3.18578356738631
78.0969754005459,71.9818288519059,5.34821503595283
7.78733994044045,76.8548002241862,3.51128228815454
588.160137948801,225.651359062063,4.06879266279885
439.401504904053,453.662798949623,4.75831265971215
659.074154326742,376.537871752502,3.11205265408425
98.4958578851738,489.923171186883,4.38538209291757
628.965825266572,90.5567054969429,4.12025647727346
417.27510268406,257.693894062217,3.6486332305524
10.5676025489493,183.258431445337,3.24600916996141
59.274394052732,129.567920017377,4.42393753739776
606.9515100509,205.078838583855,4.24147291741301
246.279214702853,226.625849898431,4.19771625679073
575.719516721596,430.220845060794,3.70625754727787
297.604286347232,135.242240877324,3.86492121850485
537.695559909817,449.517949757315,3.76826562917016
50.1735955365065,424.37565497767,3.86918154646304
195.237014605037,284.261542395874,4.08699335407471
542.673185156269,269.139424368111,3.88372438278705
167.080975061719,25.4034145854647,4.21325381022189
491.608463792824,344.684416386199,4.42885673788239
43.3275967714934,46.8856735143682,3.91342350778738
528.740443506828,152.020969007535,5.077971973759
NA,NA,NA
663.386399165133,335.120896273696,3.39075437925789
455.78410356867,303.139572976142,3.76888187026316
8.64650765995249,491.641539421465,3.67894443376532
560.52790001625,49.1773714169518,4.19899011522409
71.5511075526692,375.616624939826,4.00427246974314
228.146943829978,418.579108609634,3.79905302327539
428.275888601024,12.3479553607249,3.42973149424652
363.671292312113,292.922471699929,2.999111280012
601.480168257393,105.711495699141,4.20761216208434
390.487053988497,232.178138309709,4.16076664971559
572.111035124664,408.81996774435,4.71333717795311
136.830427666782,283.287711120787,4.68507026139875
198.697389600011,365.581855004632,3.93402374656852
119.109498798622,412.081467706912,3.45352012759517
625.56380885552,312.948225157895,4.57860803149341
-1.83892365538695,146.550272068746,4.16122203714302
542.241464182054,206.426331280664,4.17492523131194
36.1931995424347,491.671499688144,3.01459263892273
276.575721662768,21.8287357781531,3.90226398050245
533.770464413898,391.327345330023,3.18578356738631
78.0969754005459,71.9818288519059,5.34821503595283
7.78733994044045,76.8548002241862,3.51128228815454
588.160137948801,225.651359062063,4.06879266279885
439.401504904053,453.662798949623,4.75831265971215
659.074154326742,376.537871752502,3.11205265408425
98.4958578851738,489.923171186883,4.38538209291757
628.965825266572,90.5567054969429,4.12025647727346
417.27510268406,257.693894062217,3.6486332305524
10.5676025489493,183.258431445337,3.24600916996141
59.274394052732,129.567920017377,4.42393753739776
606.9515100509,205.078838583855,4.24147291741301
246.279214702853,226.625849898431,4.19771625679073
575.719516721596,430.220845060794,3.70625754727787
297.604286347232,135.242240877324,3.86492121850485
537.695559909817,449.517949757315,3.76826562917016
50.1735955365065,424.37565497767,3.86918154646304
195.237014605037,284.261542395874,4.08699335407471
542.673185156269,269.139424368111,3.88372438278705
167.080975061719,25.4034145854647,4.21325381022189
491.608463792824,344.684416386199,4.42885673788239
43.3275967714934,46.8856735143682,3.91342350778738
528.740443506828,152.020969007535,5.077971973759
NA,NA,NA
663.386399165133,335.120896273696,3.39075437925789
455.78410356867,303.139572976142,3.76888187026316
8.64650765995249,491.641539421465,3.67894443376532
560.52790001625,49.1773714169518,4.19899011522409
71.5511075526692,375.616624939826,4.00427246974314
228.146943829978,418.579108609634,3.79905302327539
428.275888601024,12.3479553607249,3.42973149424652
363.671292312113,292.922471699929,2.999111280012
601.480168257393,105.711495699141,4.20761216208434
390.487053988497,232.178138309709,4.16076664971559
572.111035124664,408.81996774435,4.71333717795311
136.830427666782,283.287711120787,4.68507026139875
198.697389600011,365.581855004632,3.93402374656852
119.109498798622,412.081467706912,3.45352012759517
625.56380885552,312.948225157895,4.57860803149341
-1.83892365538695,146.550272068746,4.16122203714302
542.241464182054,206.426331280664,4.17492523131194
36.1931995424347,491.671499688144,3.01459263892273
276.575721662768,21.8287357781531,3.90226398050245
533.770464413898,391.327345330023,3.18578356738631
78.0969754005459,71.9818288519059,5.34821503595283
7.78733994044045,76.8548002241862,3.51128228815454
588.160137948801,225.651359062063,4.06879266279885
439.401504904053,453.662798949623,4.75831265971215
659.074154326742,376.537871752502,3.11205265408425
98.4958578851738,489.923171186883,4.38538209291757
628.965825266572,90.5567054969429,4.12025647727346
417.27510268406,257.693894062217,3.6486332305524
10.5676025489493,183.258431445337,3.24600916996141
59.274394052732,129.567920017377,4.42393753739776
606.9515100509,205.078838583855,4.24147291741301
246.279214702853,226.625849898431,4.19771625679073
575.719516721596,430.220845060794,3.70625754727787
297.604286347232,135.242240877324,3.86492121850485
537.695559909817,449.517949757315,3.76826562917016
50.1735955365065,424.37565497767,3.86918154646304
195.237014605037,284.261542395874,4.08699335407471
542.673185156269,269.139424368111,3.88372438278705
167.080975061719,25.4034145854647,4.21325381022189
491.608463792824,344.684416386199,4.42885673788239
43.3275967714934,46.8856735143682,3.91342350778738
528.740443506828,152.020969007535,5.077971973759
NA,NA,NA
663.386399165133,335.120896273696,3.39075437925789
455.78410356867,303.139572976142,3.76888187026316
8.64650765995249,491.641539421465,3.67894443376532
560.52790001625,49.1773714169518,4.19899011522409
71.5511075526692,375.616624939826,4.00427246974314
228.146943829978,418.579108609634,3.79905302327539
428.275888601024,12.3479553607249,3.42973149424652
363.671292312113,292.922471699929,2.999111280012
601.480168257393,105.711495699141,4.20761216208434
390.487053988497,232.178138309709,4.16076664971559
572.111035124664,408.81996774435,4.71333717795311
136.830427666782,283.287711120787,4.68507026139875
198.697389600011,365.581855004632,3.93402374656852
119.109498798622,412.081467706912,3.45352012759517
625.56380885552,312.948225157895,4.57860803149341
-1.83892365538695,146.550272068746,4.16122203714302
542.241464182054,206.426331280664,4.17492523131194
36.1931995424347,491.671499688144,3.01459263892273
276.575721662768,21.8287357781531,3.90226398050245
533.770464413898,391.327345330023,3.18578356738631
78.0969754005459,71.9818288519059,5.34821503595283
7.78733994044045,76.8548002241862,3.51128228815454
588.160137948801,225.651359062063,4.06879266279885
439.401504904053,453.662798949623,4.75831265971215
659.074154326742,376.537871752502,3.11205265408425
98.4958578851738,489.923171186883,4.38538209291757
628.965825266572,90.5567054969429,4.12025647727346
417.27510268406,257.693894062217,3.6486332305524
10.5676025489493,183.258431445337,3.24600916996141
59.274394052732,129.567920017377,4.42393753739776
606.9515100509,205.078838583855,4.24147291741301
246.279214702853,226.625849898431,4.19771625679073
575.719516721596,430.220845060794,3.70625754727787
297.604286347232,135.242240877324,3.86492121850485
537.695559909817,449.517949757315,3.76826562917016
50.1735955365065,424.37565497767,3.86918154646304
195.237014605037,284.261542395874,4.08699335407471
542.673185156269,269.139424368111,3.88372438278705
167.080975061719,25.4034145854647,4.21325381022189
491.608463792824,344.684416386199,4.42885673788239
43.3275967714934,46.8856735143682,3.91342350778738
528.740443506828,152.020969007535,5.077971973759
NA,NA,NA
658.697160481983,334.493871412273,3.49330614058291
458.011786322979,298.124740281119,3.6896855633123
9.06347075421924,499.342245801914,3.61755365486915
559.628418219543,50.4209046560835,4.18094722234147
70.0503686094026,381.124256294711,3.85605055410435
226.384622964263,414.132758260476,3.90641390921064
426.782467870503,13.5433837563241,3.31625817381907
364.150096375098,293.594283105709,3.05781278691058
603.358652300001,105.720480561141,4.20929664163495
389.844196079343,232.329107518104,4.22297667139526
562.37211351316,413.282489653227,4.74006466313778
142.316555517336,279.405264672806,4.55679395681082
195.910198296542,370.166583028457,4.03823790615422
127.921211019594,411.541646823554,3.40587035265002
623.44187159434,312.609030974133,4.50731549535526
2.87232439957463,149.999354861083,4.25558513745592
542.749310966286,205.881132371033,4.11168384549102
33.1600839575317,493.102533913593,3.04160239641968
280.932370571435,21.9783496184228,3.84446586941163
533.855549778471,393.239183593622,3.42685272376455
88.556032120305,80.402076156696,5.29277156233703
4.0342559763827,77.137203105056,3.43835139399315
586.557735691497,228.015796849971,4.08031016307714
440.208899011229,459.264892435346,4.69949569741635
658.478761653302,374.835986031138,3.05164121937381
109.868523331017,484.750764758308,4.38690151922122
622.826737653111,89.021699228612,4.05701409283749
418.985107092152,255.648534213878,3.56013736468968
12.3342250510793,182.692690831699,3.20370735119727
73.1297608264485,116.412356614348,4.41377889470029
601.931741969904,201.852270721071,4.04872285386728
253.715179651153,220.636171752433,3.35880326754888
566.752800749808,435.686366260102,3.72188000985442
299.848026230041,137.785355866414,3.8958187784206
522.34702209721,457.352555238361,3.6744185934708
51.8350108070543,428.222686500038,3.89613152934285
192.263891382499,280.409021021469,4.40107815547465
553.944019501329,258.300466999715,3.81295101001925
183.943989807847,30.3079379958796,4.28811197517841
509.750919969401,341.370108940597,4.44397520719399
34.9166494129425,46.123505029656,3.87360538290821
532.196374871409,136.275735305737,4.81121505217598
NA,NA,NA
658.697160481983,334.493871412273,3.49330614058291
458.011786322979,298.124740281119,3.6896855633123
9.06347075421924,499.342245801914,3.61755365486915
559.628418219543,50.4209046560835,4.18094722234147
70.0503686094026,381.124256294711,3.85605055410435
226.384622964263,414.132758260476,3.90641390921064
426.782467870503,13.5433837563241,3.31625817381907
364.150096375098,293.594283105709,3.05781278691058
603.358652300001,105.720480561141,4.20929664163495
389.844196079343,232.329107518104,4.22297667139526
562.37211351316,413.282489653227,4.74006466313778
142.316555517336,279.405264672806,4.55679395681082
195.910198296542,370.166583028457,4.03823790615422
127.921211019594,411.541646823554,3.40587035265002
623.44187159434,312.609030974133,4.50731549535526
2.87232439957463,149.999354861083,4.25558513745592
542.749310966286,205.881132371033,4.11168384549102
33.1600839575317,493.102533913593,3.04160239641968
280.932370571435,21.9783496184228,3.84446586941163
533.855549778471,393.239183593622,3.42685272376455
88.556032120305,80.402076156696,5.29277156233703
4.0342559763827,77.137203105056,3.43835139399315
586.557735691497,228.015796849971,4.08031016307714
440.208899011229,459.264892435346,4.69949569741635
658.478761653302,374.835986031138,3.05164121937381
109.868523331017,484.750764758308,4.38690151922122
622.826737653111,89.021699228612,4.05701409283749
418.985107092152,255.648534213878,3.56013736468968
12.3342250510793,182.692690831699,3.20370735119727
73.1297608264485,116.412356614348,4.41377889470029
601.931741969904,201.852270721071,4.04872285386728
253.715179651153,220.636171752433,3.35880326754888
566.752800749808,435.686366260102,3.72188000985442
299.848026230041,137.785355866414,3.8958187784206
522.34702209721,457.352555238361,3.6744185934708
51.8350108070543,428.222686500038,3.89613152934285
192.263891382499,280.409021021469,4.40107815547465
553.944019501329,258.300466999715,3.81295101001925
183.943989807847,30.3079379958796,4.28811197517841
509.750919969401,341.370108940597,4.44397520719399
34.9166494129425,46.123505029656,3.87360538290821
532.196374871409,136.275735305737,4.81121505217598
NA,NA,NA
658.697160481983,334.493871412273,3.49330614058291
458.011786322979,298.124740281119,3.6896855633123
9.06347075421924,499.342245801914,3.61755365486915
559.628418219543,50.4209046560835,4.18094722234147
70.0503686094026,381.124256294711,3.85605055410435
226.384622964263,414.132758260476,3.90641390921064
426.782467870503,13.5433837563241,3.31625817381907
364.150096375098,293.594283105709,3.05781278691058
603.358652300001,105.720480561141,4.20929664163495
389.844196079343,232.329107518104,4.22297667139526
562.37211351316,413.282489653227,4.74006466313778
142.316555517336,279.405264672806,4.55679395681082
195.910198296542,370.166583028457,4.03823790615422
127.921211019594,411.541646823554,3.40587035265002
623.44187159434,312.609030974133,4.50731549535526
2.87232439957463,149.999354861083,4.25558513745592
542.749310966286,205.881132371033,4.11168384549102
33.1600839575317,493.102533913593,3.04160239641968
280.932370571435,21.9783496184228,3.84446586941163
533.855549778471,393.239183593622,3.42685272376455
88.556032120305,80.402076156696,5.29277156233703
4.0342559763827,77.137203105056,3.43835139399315
586.557735691497,228.015796849971,4.08031016307714
440.208899011229,459.264892435346,4.69949569741635
658.478761653302,374.835986031138,3.05164121937381
109.868523331017,484.750764758308,4.38690151922122
622.826737653111,89.021699228612,4.05701409283749
418.985107092152,255.648534213878,3.56013736468968
12.3342250510793,182.692690831699,3.20370735119727
73.1297608264485,116.412356614348,4.41377889470029
601.931741969904,201.852270721071,4.04872285386728
253.715179651153,220.636171752433,3.35880326754888
566.752800749808,435.686366260102,3.72188000985442
299.848026230041,137.785355866414,3.8958187784206
522.34702209721,457.352555238361,3.6744185934708
51.8350108070543,428.222686500038,3.89613152934285
192.263891382499,280.409021021469,4.40107815547465
553.944019501329,258.300466999715,3.81295101001925
183.943989807847,30.3079379958796,4.28811197517841
509.750919969401,341.370108940597,4.44397520719399
34.9166494129425,46.123505029656,3.87360538290821
532.196374871409,136.275735305737,4.81121505217598
NA,NA,NA
658.697160481983,334.493871412273,3.49330614058291
458.011786322979,298.124740281119,3.6896855633123
9.06347075421924,499.342245801914,3.61755365486915
559.628418219543,50.4209046560835,4.18094722234147
70.0503686094026,381.124256294711,3.85605055410435
226.384622964263,414.132758260476,3.90641390921064
426.782467870503,13.5433837563241,3.31625817381907
364.150096375098,293.594283105709,3.05781278691058
603.358652300001,105.720480561141,4.20929664163495
389.844196079343,232.329107518104,4.22297667139526
562.37211351316,413.282489653227,4.74006466313778
142.316555517336,279.405264672806,4.55679395681082
195.910198296542,370.166583028457,4.03823790615422
127.921211019594,411.541646823554,3.40587035265002
623.44187159434,312.609030974133,4.50731549535526
2.87232439957463,149.999354861083,4.25558513745592
542.749310966286,205.881132371033,4.11168384549102
33.1600839575317,493.102533913593,3.04160239641968
280.932370571435,21.9783496184228,3.84446586941163
533.855549778471,393.239183593622,3.42685272376455
88.556032120305,80.402076156696,5.29277156233703
4.0342559763827,77.137203105056,3.43835139399315
586.557735691497,228.015796849971,4.08031016307714
440.208899011229,459.264892435346,4.69949569741635
658.478761653302,374.835986031138,3.05164121937381
109.868523331017,484.750764758308,4.38690151922122
622.826737653111,89.021699228612,4.05701409283749
418.985107092152,255.648534213878,3.56013736468968
12.3342250510793,182.692690831699,3.20370735119727
73.1297608264485,116.412356614348,4.41377889470029
601.931741969904,201.852270721071,4.04872285386728
253.715179651153,220.636171752433,3.35880326754888
566.752800749808,435.686366260102,3.72188000985442
299.848026230041,137.785355866414,3.8958187784206
522.34702209721,457.352555238361,3.6744185934708
51.8350108070543,428.222686500038,3.89613152934285
192.263891382499,280.409021021469,4.40107815547465
553.944019501329,258.300466999715,3.81295101001925
183.943989807847,30.3079379958796,4.28811197517841
509.750919969401,341.370108940597,4.44397520719399
34.9166494129425,46.123505029656,3.87360538290821
532.196374871409,136.275735305737,4.81121505217598
NA,NA,NA
658.697160481983,334.493871412273,3.49330614058291
458.011786322979,298.124740281119,3.6896855633123
9.06347075421924,499.342245801914,3.61755365486915
559.628418219543,50.4209046560835,4.18094722234147
70.0503686094026,381.124256294711,3.85605055410435
226.384622964263,414.132758260476,3.90641390921064
426.782467870503,13.5433837563241,3.31625817381907
364.150096375098,293.594283105709,3.05781278691058
603.358652300001,105.720480561141,4.20929664163495
389.844196079343,232.329107518104,4.22297667139526
562.37211351316,413.282489653227,4.74006466313778
142.316555517336,279.405264672806,4.55679395681082
195.910198296542,370.166583028457,4.03823790615422
127.921211019594,411.541646823554,3.40587035265002
623.44187159434,312.609030974133,4.50731549535526
2.87232439957463,149.999354861083,4.25558513745592
542.749310966286,205.881132371033,4.11168384549102
33.1600839575317,493.102533913593,3.04160239641968
280.932370571435,21.9783496184228,3.84446586941163
533.855549778471,393.239183593622,3.42685272376455
88.556032120305,80.402076156696,5.29277156233703
4.0342559763827,77.137203105056,3.43835139399315
586.557735691497,228.015796849971,4.08031016307714
440.208899011229,459.264892435346,4.69949569741635
658.478761653302,374.835986031138,3.05164121937381
109.868523331017,484.750764758308,4.38690151922122
622.826737653111,89.021699228612,4.05701409283749
418.985107092152,255.648534213878,3.56013736468968
12.3342250510793,182.692690831699,3.20370735119727
73.1297608264485,116.412356614348,4.41377889470029
601.931741969904,201.852270721071,4.04872285386728
253.715179651153,220.636171752433,3.35880326754888
566.752800749808,435.686366260102,3.72188000985442
299.848026230041,137.785355866414,3.8958187784206
522.34702209721,457.352555238361,3.6744185934708
51.8350108070543,428.222686500038,3.89613152934285
192.263891382499,280.409021021469,4.40107815547465
553.944019501329,258.300466999715,3.81295101001925
183.943989807847,30.3079379958796,4.28811197517841
509.750919969401,341.370108940597,4.44397520719399
34.9166494129425,46.123505029656,3.87360538290821
532.196374871409,136.275735305737,4.81121505217598
NA,NA,NA
658.697160481983,334.493871412273,3.49330614058291
458.011786322979,298.124740281119,3.6896855633123
9.06347075421924,499.342245801914,3.61755365486915
559.628418219543,50.4209046560835,4.18094722234147
70.0503686094026,381.124256294711,3.85605055410435
226.384622964263,414.132758260476,3.90641390921064
426.782467870503,13.5433837563241,3.31625817381907
364.150096375098,293.594283105709,3.05781278691058
603.358652300001,105.720480561141,4.20929664163495
389.844196079343,232.329107518104,4.22297667139526
562.37211351316,413.282489653227,4.74006466313778
142.316555517336,279.405264672806,4.55679395681082
195.910198296542,370.166583028457,4.03823790615422
127.921211019594,411.541646823554,3.40587035265002
623.44187159434,312.609030974133,4.50731549535526
2.87232439957463,149.999354861083,4.25558513745592
542.749310966286,205.881132371033,4.11168384549102
33.1600839575317,493.102533913593,3.04160239641968
280.932370571435,21.9783496184228,3.84446586941163
533.855549778471,393.239183593622,3.42685272376455
88.556032120305,80.402076156696,5.29277156233703
4.0342559763827,77.137203105056,3.43835139399315
586.557735691497,228.015796849971,4.08031016307714
440.208899011229,459.264892435346,4.69949569741635
658.478761653302,374.835986031138,3.05164121937381
109.868523331017,484.750764758308,4.38690151922122
622.826737653111,89.021699228612,4.05701409283749
418.985107092152,255.648534213878,3.56013736468968
12.3342250510793,182.692690831699,3.20370735119727
73.1297608264485,116.412356614348,4.41377889470029
601.931741969904,201.852270721071,4.04872285386728
253.715179651153,220.636171752433,3.35880326754888
566.752800749808,435.686366260102,3.72188000985442
299.848026230041,137.785355866414,3.8958187784206
522.34702209721,457.352555238361,3.6744185934708
51.8350108070543,428.222686500038,3.89613152934285
192.263891382499,280.409021021469,4.40107815547465
553.944019501329,258.300466999715,3.81295101001925
183.943989807847,30.3079379958796,4.28811197517841
509.750919969401,341.370108940597,4.44397520719399
34.9166494129425,46.123505029656,3.87360538290821
532.196374871409,136.275735305737,4.81121505217598
NA,NA,NA
660.643666403886,332.359918890732,3.41726092144597
453.543909145756,298.757374265019,3.67927156164938
9.67033017721562,493.50228896725,3.60247983902111
562.105297009453,47.0757877350831,4.17946712928972
76.9074287244908,377.159841057758,4.00922942010858
232.173304138758,414.984480418654,3.87334803328586
425.471278742206,15.0519166392079,3.32835091747218
362.67992947647,294.078114007968,2.94815931257027
606.191797567045,104.129005316507,4.15047636641158
390.312422665385,231.940273808337,4.17061991829862
563.635527791554,413.643484409235,4.79599353134941
141.192086800642,286.661941573496,4.56770909684375
202.422459278504,373.512601546023,3.9982001154803
125.376813274607,410.354305869592,3.32174031859621
621.262419570045,314.449131553737,4.53709785175179
0.944599158872259,147.126573648321,4.2944602737284
541.587595463092,199.387906461861,4.16185245646267
33.8039723358023,490.71847296469,3.01138534894586
277.453567941572,17.4735061728992,3.91856156026382
537.050694583774,388.163999782657,3.35657613483589
69.4287602534018,79.4777242478662,5.18012058126592
-0.0764060094390544,79.2375247885729,3.45852080533954
584.219165537118,225.324570363482,4.08843422871244
438.683322896235,462.818541032877,4.74645367716776
658.503709283336,374.425193300175,3.11712555996296
107.649690643125,485.630754369363,4.29328616484351
624.117828650745,93.970707103992,4.05956108727289
422.189391710539,257.561714250209,3.70741894181716
10.9550460095366,181.962376646398,3.32651642307441
55.5025549322894,117.814329532876,4.6336046840366
599.553410101889,205.51366219434,3.96344196930278
246.078986610391,225.160292061758,3.34737617956032
576.95728952957,433.542474485633,4.09892626735011
300.719169708821,135.877008425534,3.77924867841534
536.46050839989,458.030874571158,3.65083052067051
50.4275199866702,423.816616066216,4.15354938306061
202.139738475686,283.906461491106,4.55637678577701
555.323190223245,262.391145065368,4.17391582357083
187.898619093394,15.3505813342245,4.20917706569872
490.155180147713,337.752957114359,4.29407810872382
24.9301239585967,47.9820862900443,3.79336272923867
536.294717793149,172.960576110726,4.51537027296989
NA,NA,NA
660.643666403886,332.359918890732,3.41726092144597
453.543909145756,298.757374265019,3.67927156164938
9.67033017721562,493.50228896725,3.60247983902111
562.105297009453,47.0757877350831,4.17946712928972
76.9074287244908,377.159841057758,4.00922942010858
232.173304138758,414.984480418654,3.87334803328586
425.471278742206,15.0519166392079,3.32835091747218
362.67992947647,294.078114007968,2.94815931257027
606.191797567045,104.129005316507,4.15047636641158
390.312422665385,231.940273808337,4.17061991829862
563.635527791554,413.643484409235,4.79599353134941
141.192086800642,286.661941573496,4.56770909684375
202.422459278504,373.512601546023,3.9982001154803
125.376813274607,410.354305869592,3.32174031859621
621.262419570045,314.449131553737,4.53709785175179
0.944599158872259,147.126573648321,4.2944602737284
541.587595463092,199.387906461861,4.16185245646267
33.8039723358023,490.71847296469,3.01138534894586
277.453567941572,17.4735061728992,3.91856156026382
537.050694583774,388.163999782657,3.35657613483589
69.4287602534018,79.4777242478662,5.18012058126592
-0.0764060094390544,79.2375247885729,3.45852080533954
584.219165537118,225.324570363482,4.08843422871244
438.683322896235,462.818541032877,4.74645367716776
658.503709283336,374.425193300175,3.11712555996296
107.649690643125,485.630754369363,4.29328616484351
624.117828650745,93.970707103992,4.05956108727289
422.189391710539,257.561714250209,3.70741894181716
10.9550460095366,181.962376646398,3.32651642307441
55.5025549322894,117.814329532876,4.6336046840366
599.553410101889,205.51366219434,3.96344196930278
246.078986610391,225.160292061758,3.34737617956032
576.95728952957,433.542474485633,4.09892626735011
300.719169708821,135.877008425534,3.77924867841534
536.46050839989,458.030874571158,3.65083052067051
50.4275199866702,423.816616066216,4.15354938306061
202.139738475686,283.906461491106,4.55637678577701
555.323190223245,262.391145065368,4.17391582357083
187.898619093394,15.3505813342245,4.20917706569872
490.155180147713,337.752957114359,4.29407810872382
24.9301239585967,47.9820862900443,3.79336272923867
536.294717793149,172.960576110726,4.51537027296989
NA,NA,NA
660.643666403886,332.359918890732,3.41726092144597
453.543909145756,298.757374265019,3.67927156164938
9.67033017721562,493.50228896725,3.60247983902111
562.105297009453,47.0757877350831,4.17946712928972
76.9074287244908,377.159841057758,4.00922942010858
232.173304138758,414.984480418654,3.87334803328586
425.471278742206,15.0519166392079,3.32835091747218
362.67992947647,294.078114007968,2.94815931257027
606.191797567045,104.129005316507,4.15047636641158
390.312422665385,231.940273808337,4.17061991829862
563.635527791554,413.643484409235,4.79599353134941
141.192086800642,286.661941573496,4.56770909684375
202.422459278504,373.512601546023,3.9982001154803
125.376813274607,410.354305869592,3.32174031859621
621.262419570045,314.449131553737,4.53709785175179
0.944599158872259,147.126573648321,4.2944602737284
541.587595463092,199.387906461861,4.16185245646267
33.8039723358023,490.71847296469,3.01138534894586
277.453567941572,17.4735061728992,3.91856156026382
537.050694583774,388.163999782657,3.35657613483589
69.4287602534018,79.4777242478662,5.18012058126592
-0.0764060094390544,79.2375247885729,3.45852080533954
584.219165537118,225.324570363482,4.08843422871244
438.683322896235,462.818541032877,4.74645367716776
658.503709283336,374.425193300175,3.11712555996296
107.649690643125,485.630754369363,4.29328616484351
624.117828650745,93.970707103992,4.05956108727289
422.189391710539,257.561714250209,3.70741894181716
10.9550460095366,181.962376646398,3.32651642307441
55.5025549322894,117.814329532876,4.6336046840366
599.553410101889,205.51366219434,3.96344196930278
246.078986610391,225.160292061758,3.34737617956032
576.95728952957,433.542474485633,4.09892626735011
300.719169708821,135.877008425534,3.77924867841534
536.46050839989,458.030874571158,3.65083052067051
50.4275199866702,423.816616066216,4.15354938306061
202.139738475686,283.906461491106,4.55637678577701
555.323190223245,262.391145065368,4.17391582357083
187.898619093394,15.3505813342245,4.20917706569872
490.155180147713,337.752957114359,4.29407810872382
24.9301239585967,47.9820862900443,3.79336272923867
536.294717793149,172.960576110726,4.51537027296989
NA,NA,NA
660.643666403886,332.359918890732,3.41726092144597
453.543909145756,298.757374265019,3.67927156164938
9.67033017721562,493.50228896725,3.60247983902111
562.105297009453,47.0757877350831,4.17946712928972
76.9074287244908,377.159841057758,4.00922942010858
232.173304138758,414.984480418654,3.87334803328586
425.471278742206,15.0519166392079,3.32835091747218
362.67992947647,294.078114007968,2.94815931257027
606.191797567045,104.129005316507,4.15047636641158
390.312422665385,231.940273808337,4.17061991829862
563.635527791554,413.643484409235,4.79599353134941
141.192086800642,286.661941573496,4.56770909684375
202.422459278504,373.512601546023,3.9982001154803
125.376813274607,410.354305869592,3.32174031859621
621.262419570045,314.449131553737,4.53709785175179
0.944599158872259,147.126573648321,4.2944602737284
541.587595463092,199.387906461861,4.16185245646267
33.8039723358023,490.71847296469,3.01138534894586
277.453567941572,17.4735061728992,3.91856156026382
537.050694583774,388.163999782657,3.35657613483589
69.4287602534018,79.4777242478662,5.18012058126592
-0.0764060094390544,79.2375247885729,3.45852080533954
584.219165537118,225.324570363482,4.08843422871244
438.683322896235,462.818541032877,4.74645367716776
658.503709283336,374.425193300175,3.11712555996296
107.649690643125,485.630754369363,4.29328616484351
624.117828650745,93.970707103992,4.05956108727289
422.189391710539,257.561714250209,3.70741894181716
10.9550460095366,181.962376646398,3.32651642307441
55.5025549322894,117.814329532876,4.6336046840366
599.553410101889,205.51366219434,3.96344196930278
246.078986610391,225.160292061758,3.34737617956032
576.95728952957,433.542474485633,4.09892626735011
300.719169708821,135.877008425534,3.77924867841534
536.46050839989,458.030874571158,3.65083052067051
50.4275199866702,423.816616066216,4.15354938306061
202.139738475686,283.906461491106,4.55637678577701
555.323190223245,262.391145065368,4.17391582357083
187.898619093394,15.3505813342245,4.20917706569872
490.155180147713,337.752957114359,4.29407810872382
24.9301239585967,47.9820862900443,3.79336272923867
536.294717793149,172.960576110726,4.51537027296989
NA,NA,NA
660.643666403886,332.359918890732,3.41726092144597
453.543909145756,298.757374265019,3.67927156164938
9.67033017721562,493.50228896725,3.60247983902111
562.105297009453,47.0757877350831,4.17946712928972
76.9074287244908,377.159841057758,4.00922942010858
232.173304138758,414.984480418654,3.87334803328586
425.471278742206,15.0519166392079,3.32835091747218
362.67992947647,294.078114007968,2.94815931257027
606.191797567045,104.129005316507,4.15047636641158
390.312422665385,231.940273808337,4.17061991829862
563.635527791554,413.643484409235,4.79599353134941
141.192086800642,286.661941573496,4.56770909684375
202.422459278504,373.512601546023,3.9982001154803
125.376813274607,410.354305869592,3.32174031859621
621.262419570045,314.449131553737,4.53709785175179
0.944599158872259,147.126573648321,4.2944602737284
541.587595463092,199.387906461861,4.16185245646267
33.8039723358023,490.71847296469,3.01138534894586
277.453567941572,17.4735061728992,3.91856156026382
537.050694583774,388.163999782657,3.35657613483589
69.4287602534018,79.4777242478662,5.18012058126592
-0.0764060094390544,79.2375247885729,3.45852080533954
584.219165537118,225.324570363482,4.08843422871244
438.683322896235,462.818541032877,4.74645367716776
658.503709283336,374.425193300175,3.11712555996296
107.649690643125,485.630754369363,4.29328616484351
624.117828650745,93.970707103992,4.05956108727289
422.189391710539,257.561714250209,3.70741894181716
10.9550460095366,181.962376646398,3.32651642307441
55.5025549322894,117.814329532876,4.6336046840366
599.553410101889,205.51366219434,3.96344196930278
246.078986610391,225.160292061758,3.34737617956032
576.95728952957,433.542474485633,4.09892626735011
300.719169708821,135.877008425534,3.77924867841534
536.46050839989,458.030874571158,3.65083052067051
50.4275199866702,423.816616066216,4.15354938306061
202.139738475686,283.906461491106,4.55637678577701
555.323190223245,262.391145065368,4.17391582357083
187.898619093394,15.3505813342245,4.20917706569872
490.155180147713,337.752957114359,4.29407810872382
24.9301239585967,47.9820862900443,3.79336272923867
536.294717793149,172.960576110726,4.51537027296989
NA,NA,NA
660.643666403886,332.359918890732,3.41726092144597
453.543909145756,298.757374265019,3.67927156164938
9.67033017721562,493.50228896725,3.60247983902111
562.105297009453,47.0757877350831,4.17946712928972
76.9074287244908,377.159841057758,4.00922942010858
232.173304138758,414.984480418654,3.87334803328586
425.471278742206,15.0519166392079,3.32835091747218
362.67992947647,294.078114007968,2.94815931257027
606.191797567045,104.129005316507,4.15047636641158
390.312422665385,231.940273808337,4.17061991829862
563.635527791554,413.643484409235,4.79599353134941
141.192086800642,286.661941573496,4.56770909684375
202.422459278504,373.512601546023,3.9982001154803
125.376813274607,410.354305869592,3.32174031859621
621.262419570045,314.449131553737,4.53709785175179
0.944599158872259,147.126573648321,4.2944602737284
541.587595463092,199.387906461861,4.16185245646267
33.8039723358023,490.71847296469,3.01138534894586
277.453567941572,17.4735061728992,3.91856156026382
537.050694583774,388.163999782657,3.35657613483589
69.4287602534018,79.4777242478662,5.18012058126592
-0.0764060094390544,79.2375247885729,3.45852080533954
584.219165537118,225.324570363482,4.08843422871244
438.683322896235,462.818541032877,4.74645367716776
658.503709283336,374.425193300175,3.11712555996296
107.649690643125,485.630754369363,4.29328616484351
624.117828650745,93.970707103992,4.05956108727289
422.189391710539,257.561714250209,3.70741894181716
10.9550460095366,181.962376646398,3.32651642307441
55.5025549322894,117.814329532876,4.6336046840366
599.553410101889,205.51366219434,3.96344196930278
246.078986610391,225.160292061758,3.34737617956032
576.95728952957,433.542474485633,4.09892626735011
300.719169708821,135.877008425534,3.77924867841534
536.46050839989,458.030874571158,3.65083052067051
50.4275199866702,423.816616066216,4.15354938306061
202.139738475686,283.906461491106,4.55637678577701
555.323190223245,262.391145065368,4.17391582357083
187.898619093394,15.3505813342245,4.20917706569872
490.155180147713,337.752957114359,4.29407810872382
24.9301239585967,47.9820862900443,3.79336272923867
536.294717793149,172.960576110726,4.51537027296989
NA,NA,NA
666.090169105289,333.806666069631,3.60209530326952
454.941428228624,297.892450968813,3.78227032526669
13.007218501737,497.502966279939,3.6247509482563
558.797117051522,48.3497911414157,4.17730050011808
76.1041673148231,374.893146333069,4.05950735026176
233.548514488419,409.660661151301,3.9359982092306
429.74982648004,15.297056898474,3.31242349651876
363.499702680358,292.663168371319,3.0975593545067
601.682835249577,102.548270871586,4.30732947907127
388.656896456957,231.490273927904,4.210536842828
565.102176970573,410.829581757187,4.75589669371553
138.052080787494,279.391788758849,4.454082146516
193.547309235686,370.415256372548,3.97441132786766
124.221118232106,413.957584574032,3.31355656657704
628.086585163391,311.441870178818,4.52618611103256
-0.107053689328109,147.749227748204,4.32635149559301
543.585197597698,204.993427796269,4.14265808889775
36.2406730647351,492.06635428356,3.07207741762865
277.997016759106,23.8751550998559,3.7435419463344
534.706859425283,390.815391118071,3.29346261701581
76.7267749146376,85.9675874164079,5.30185621118869
4.31154395138588,74.2066591981813,3.47711095891264
589.408563262121,229.2401528087,3.98295194777817
438.602156393272,453.588620556466,4.69153498692204
660.694999643906,375.881770244157,3.17220255620139
105.623006204946,491.307385337398,4.37009777829848
627.798273597209,87.030064665847,4.05485091773214
418.062792775522,255.422032950074,3.65140805403293
9.34415397182063,179.795576640943,3.14546821871951
54.3666589408891,118.149673424352,4.57554715039693
606.175625514967,205.379661174073,4.34300854558119
255.68659219767,216.801683219352,3.71034170471236
581.52409470807,432.435546454199,3.62327925501558
297.684431864833,136.61894313423,3.93422491439585
526.768001019145,452.830039711652,3.80611153109697
42.825877039079,421.917472543023,3.93533791234717
191.596445705344,277.2412159195,3.77933220719866
547.26341309157,268.703053397579,3.63430077837525
179.826162764539,32.4271308399915,4.16505174186266
496.62073127323,333.637134798131,4.31650050363929
35.2407247245464,55.9177262734073,3.97790083457762
535.939163745158,134.071422148208,4.69971177916413
NA,NA,NA
666.090169105289,333.806666069631,3.60209530326952
454.941428228624,297.892450968813,3.78227032526669
13.007218501737,497.502966279939,3.6247509482563
558.797117051522,48.3497911414157,4.17730050011808
76.1041673148231,374.893146333069,4.05950735026176
233.548514488419,409.660661151301,3.9359982092306
429.74982648004,15.297056898474,3.31242349651876
363.499702680358,292.663168371319,3.0975593545067
601.682835249577,102.548270871586,4.30732947907127
388.656896456957,231.490273927904,4.210536842828
565.102176970573,410.829581757187,4.75589669371553
138.052080787494,279.391788758849,4.454082146516
193.547309235686,370.415256372548,3.97441132786766
124.221118232106,413.957584574032,3.31355656657704
628.086585163391,311.441870178818,4.52618611103256
-0.107053689328109,147.749227748204,4.32635149559301
543.585197597698,204.993427796269,4.14265808889775
36.2406730647351,492.06635428356,3.07207741762865
277.997016759106,23.8751550998559,3.7435419463344
534.706859425283,390.815391118071,3.29346261701581
76.7267749146376,85.9675874164079,5.30185621118869
4.31154395138588,74.2066591981813,3.47711095891264
589.408563262121,229.2401528087,3.98295194777817
438.602156393272,453.588620556466,4.69153498692204
660.694999643906,375.881770244157,3.17220255620139
105.623006204946,491.307385337398,4.37009777829848
627.798273597209,87.030064665847,4.05485091773214
418.062792775522,255.422032950074,3.65140805403293
9.34415397182063,179.795576640943,3.14546821871951
54.3666589408891,118.149673424352,4.57554715039693
606.175625514967,205.379661174073,4.34300854558119
255.68659219767,216.801683219352,3.71034170471236
581.52409470807,432.435546454199,3.62327925501558
297.684431864833,136.61894313423,3.93422491439585
526.768001019145,452.830039711652,3.80611153109697
42.825877039079,421.917472543023,3.93533791234717
191.596445705344,277.2412159195,3.77933220719866
547.26341309157,268.703053397579,3.63430077837525
179.826162764539,32.4271308399915,4.16505174186266
496.62073127323,333.637134798131,4.31650050363929
35.2407247245464,55.9177262734073,3.97790083457762
535.939163745158,134.071422148208,4.69971177916413
NA,NA,NA
666.090169105289,333.806666069631,3.60209530326952
454.941428228624,297.892450968813,3.78227032526669
13.007218501737,497.502966279939,3.6247509482563
558.797117051522,48.3497911414157,4.17730050011808
76.1041673148231,374.893146333069,4.05950735026176
233.548514488419,409.660661151301,3.9359982092306
429.74982648004,15.297056898474,3.31242349651876
363.499702680358,292.663168371319,3.0975593545067
601.682835249577,102.548270871586,4.30732947907127
388.656896456957,231.490273927904,4.210536842828
565.102176970573,410.829581757187,4.75589669371553
138.052080787494,279.391788758849,4.454082146516
193.547309235686,370.415256372548,3.97441132786766
124.221118232106,413.957584574032,3.31355656657704
628.086585163391,311.441870178818,4.52618611103256
-0.107053689328109,147.749227748204,4.32635149559301
543.585197597698,204.993427796269,4.14265808889775
36.2406730647351,492.06635428356,3.07207741762865
277.997016759106,23.8751550998559,3.7435419463344
534.706859425283,390.815391118071,3.29346261701581
76.7267749146376,85.9675874164079,5.30185621118869
4.31154395138588,74.2066591981813,3.47711095891264
589.408563262121,229.2401528087,3.98295194777817
438.602156393272,453.588620556466,4.69153498692204
660.694999643906,375.881770244157,3.17220255620139
105.623006204946,491.307385337398,4.37009777829848
627.798273597209,87.030064665847,4.05485091773214
418.062792775522,255.422032950074,3.65140805403293
9.34415397182063,179.795576640943,3.14546821871951
54.3666589408891,118.149673424352,4.57554715039693
606.175625514967,205.379661174073,4.34300854558119
255.68659219767,216.801683219352,3.71034170471236
581.52409470807,432.435546454199,3.62327925501558
297.684431864833,136.61894313423,3.93422491439585
526.768001019145,452.830039711652,3.80611153109697
42.825877039079,421.917472543023,3.93533791234717
191.596445705344,277.2412159195,3.77933220719866
547.26341309157,268.703053397579,3.63430077837525
179.826162764539,32.4271308399915,4.16505174186266
496.62073127323,333.637134798131,4.31650050363929
35.2407247245464,55.9177262734073,3.97790083457762
535.939163745158,134.071422148208,4.69971177916413
NA,NA,NA
666.090169105289,333.806666069631,3.60209530326952
454.941428228624,297.892450968813,3.78227032526669
13.007218501737,497.502966279939,3.6247509482563
558.797117051522,48.3497911414157,4.17730050011808
76.1041673148231,374.893146333069,4.05950735026176
233.548514488419,409.660661151301,3.9359982092306
429.74982648004,15.297056898474,3.31242349651876
363.499702680358,292.663168371319,3.0975593545067
601.682835249577,102.548270871586,4.30732947907127
388.656896456957,231.490273927904,4.210536842828
565.102176970573,410.829581757187,4.75589669371553
138.052080787494,279.391788758849,4.454082146516
193.547309235686,370.415256372548,3.97441132786766
124.221118232106,413.957584574032,3.31355656657704
628.086585163391,311.441870178818,4.52618611103256
-0.107053689328109,147.749227748204,4.32635149559301
543.585197597698,204.993427796269,4.14265808889775
36.2406730647351,492.06635428356,3.07207741762865
277.997016759106,23.8751550998559,3.7435419463344
534.706859425283,390.815391118071,3.29346261701581
76.7267749146376,85.9675874164079,5.30185621118869
4.31154395138588,74.2066591981813,3.47711095891264
589.408563262121,229.2401528087,3.98295194777817
438.602156393272,453.588620556466,4.69153498692204
660.694999643906,375.881770244157,3.17220255620139
105.623006204946,491.307385337398,4.37009777829848
627.798273597209,87.030064665847,4.05485091773214
418.062792775522,255.422032950074,3.65140805403293
9.34415397182063,179.795576640943,3.14546821871951
54.3666589408891,118.149673424352,4.57554715039693
606.175625514967,205.379661174073,4.34300854558119
255.68659219767,216.801683219352,3.71034170471236
581.52409470807,432.435546454199,3.62327925501558
297.684431864833,136.61894313423,3.93422491439585
526.768001019145,452.830039711652,3.80611153109697
42.825877039079,421.917472543023,3.93533791234717
191.596445705344,277.2412159195,3.77933220719866
547.26341309157,268.703053397579,3.63430077837525
179.826162764539,32.4271308399915,4.16505174186266
496.62073127323,333.637134798131,4.31650050363929
35.2407247245464,55.9177262734073,3.97790083457762
535.939163745158,134.071422148208,4.69971177916413
NA,NA,NA
666.090169105289,333.806666069631,3.60209530326952
454.941428228624,297.892450968813,3.78227032526669
13.007218501737,497.502966279939,3.6247509482563
558.797117051522,48.3497911414157,4.17730050011808
76.1041673148231,374.893146333069,4.05950735026176
233.548514488419,409.660661151301,3.9359982092306
429.74982648004,15.297056898474,3.31242349651876
363.499702680358,292.663168371319,3.0975593545067
601.682835249577,102.548270871586,4.30732947907127
388.656896456957,231.490273927904,4.210536842828
565.102176970573,410.829581757187,4.75589669371553
138.052080787494,279.391788758849,4.454082146516
193.547309235686,370.415256372548,3.97441132786766
124.221118232106,413.957584574032,3.31355656657704
628.086585163391,311.441870178818,4.52618611103256
-0.107053689328109,147.749227748204,4.32635149559301
543.585197597698,204.993427796269,4.14265808889775
36.2406730647351,492.06635428356,3.07207741762865
277.997016759106,23.8751550998559,3.7435419463344
534.706859425283,390.815391118071,3.29346261701581
76.7267749146376,85.9675874164079,5.30185621118869
4.31154395138588,74.2066591981813,3.47711095891264
589.408563262121,229.2401528087,3.98295194777817
438.602156393272,453.588620556466,4.69153498692204
660.694999643906,375.881770244157,3.17220255620139
105.623006204946,491.307385337398,4.37009777829848
627.798273597209,87.030064665847,4.05485091773214
418.062792775522,255.422032950074,3.65140805403293
9.34415397182063,179.795576640943,3.14546821871951
54.3666589408891,118.149673424352,4.57554715039693
606.175625514967,205.379661174073,4.34300854558119
255.68659219767,216.801683219352,3.71034170471236
581.52409470807,432.435546454199,3.62327925501558
297.684431864833,136.61894313423,3.93422491439585
526.768001019145,452.830039711652,3.80611153109697
42.825877039079,421.917472543023,3.93533791234717
191.596445705344,277.2412159195,3.77933220719866
547.26341309157,268.703053397579,3.63430077837525
179.826162764539,32.4271308399915,4.16505174186266
496.62073127323,333.637134798131,4.31650050363929
35.2407247245464,55.9177262734073,3.97790083457762
535.939163745158,134.071422148208,4.69971177916413
NA,NA,NA
666.090169105289,333.806666069631,3.60209530326952
454.941428228624,297.892450968813,3.78227032526669
13.007218501737,497.502966279939,3.6247509482563
558.797117051522,48.3497911414157,4.17730050011808
76.1041673148231,374.893146333069,4.05950735026176
233.548514488419,409.660661151301,3.9359982092306
429.74982648004,15.297056898474,3.31242349651876
363.499702680358,292.663168371319,3.0975593545067
601.682835249577,102.548270871586,4.30732947907127
388.656896456957,231.490273927904,4.210536842828
565.102176970573,410.829581757187,4.75589669371553
138.052080787494,279.391788758849,4.454082146516
193.547309235686,370.415256372548,3.97441132786766
124.221118232106,413.957584574032,3.31355656657704
628.086585163391,311.441870178818,4.52618611103256
-0.107053689328109,147.749227748204,4.32635149559301
543.585197597698,204.993427796269,4.14265808889775
36.2406730647351,492.06635428356,3.07207741762865
277.997016759106,23.8751550998559,3.7435419463344
534.706859425283,390.815391118071,3.29346261701581
76.7267749146376,85.9675874164079,5.30185621118869
4.31154395138588,74.2066591981813,3.47711095891264
589.408563262121,229.2401528087,3.98295194777817
438.602156393272,453.588620556466,4.69153498692204
660.694999643906,375.881770244157,3.17220255620139
105.623006204946,491.307385337398,4.37009777829848
627.798273597209,87.030064665847,4.05485091773214
418.062792775522,255.422032950074,3.65140805403293
9.34415397182063,179.795576640943,3.14546821871951
54.3666589408891,118.149673424352,4.57554715039693
606.175625514967,205.379661174073,4.34300854558119
255.68659219767,216.801683219352,3.71034170471236
581.52409470807,432.435546454199,3.62327925501558
297.684431864833,136.61894313423,3.93422491439585
526.768001019145,452.830039711652,3.80611153109697
42.825877039079,421.917472543023,3.93533791234717
191.596445705344,277.2412159195,3.77933220719866
547.26341309157,268.703053397579,3.63430077837525
179.826162764539,32.4271308399915,4.16505174186266
496.62073127323,333.637134798131,4.31650050363929
35.2407247245464,55.9177262734073,3.97790083457762
535.939163745158,134.071422148208,4.69971177916413
NA,NA,NA
663.401709108031,334.677857225984,3.48566032557655
455.064653470273,299.958569783036,3.57177408936786
9.13307355135807,494.548294582772,3.45349294267798
556.678542208587,51.2294816829166,4.1778783402468
72.5151576340385,374.450760141788,4.07061140324494
229.863178513185,413.979250988419,3.97953321776611
428.717839866046,10.2057945977938,3.32333100305183
361.980701960988,290.670231413926,3.13044900741136
602.571138278792,100.268999911247,4.24679249863177
394.491451371897,227.107865438817,4.16965354978467
567.947257790978,406.16177673114,4.75427133122753
144.324641437776,282.885337688019,4.57991630620563
194.66091666271,368.731188467064,3.98591435174259
128.828853828649,410.315633313038,3.44104016703636
629.641279323844,311.808213251939,4.54149624625641
5.84058754672401,147.230153158835,4.24613589443263
545.074502369016,202.946729160902,4.22968783780222
33.9416333633619,491.663654626284,3.0543478175058
278.0290276097,27.1856116485888,3.99092992938959
532.348596692831,393.040429117147,3.43156229782224
77.0923802913031,80.6878727961376,5.15479551468876
3.17999185458844,76.3664892055031,3.48232583794327
588.707241661217,223.299779507536,3.84697380233498
437.141412494673,458.838686735028,4.82964686441098
657.429301243965,371.347119491004,2.72825405109875
109.601506449986,486.739238180251,4.43369809472141
625.014150059867,87.4018087446468,4.05966134453959
420.447355099592,259.277625163989,3.66202453837071
10.1994969446382,182.877968960664,3.13444008218345
72.6504515514084,121.572543066478,4.54558835726877
602.766613316349,209.462516592091,4.28143804247697
251.293431891332,218.715620478559,3.67406587080009
565.098273305328,429.335038999358,3.77498378761933
298.542592963027,134.767927053369,3.84508384377936
526.798048619395,463.41801949328,3.33724390098538
39.8758928204254,416.988590272847,3.72001106672337
206.71443447829,283.372774791961,3.5957174665692
547.409617699903,256.024575986186,3.79546150135305
167.688009116714,22.5870120393265,4.29618652378976
501.486814092464,347.678777013726,4.54855674776338
37.5105106197333,49.9756045813385,4.1130217800568
547.679331072766,166.694807508542,4.62468847297479
NA,NA,NA
663.401709108031,334.677857225984,3.48566032557655
455.064653470273,299.958569783036,3.57177408936786
9.13307355135807,494.548294582772,3.45349294267798
556.678542208587,51.2294816829166,4.1778783402468
72.5151576340385,374.450760141788,4.07061140324494
229.863178513185,413.979250988419,3.97953321776611
428.717839866046,10.2057945977938,3.32333100305183
361.980701960988,290.670231413926,3.13044900741136
602.571138278792,100.268999911247,4.24679249863177
394.491451371897,227.107865438817,4.16965354978467
567.947257790978,406.16177673114,4.75427133122753
144.324641437776,282.885337688019,4.57991630620563
194.66091666271,368.731188467064,3.98591435174259
128.828853828649,410.315633313038,3.44104016703636
629.641279323844,311.808213251939,4.54149624625641
5.84058754672401,147.230153158835,4.24613589443263
545.074502369016,202.946729160902,4.22968783780222
33.9416333633619,491.663654626284,3.0543478175058
278.0290276097,27.1856116485888,3.99092992938959
532.348596692831,393.040429117147,3.43156229782224
77.0923802913031,80.6878727961376,5.15479551468876
3.17999185458844,76.3664892055031,3.48232583794327
588.707241661217,223.299779507536,3.84697380233498
437.141412494673,458.838686735028,4.82964686441098
657.429301243965,371.347119491004,2.72825405109875
109.601506449986,486.739238180251,4.43369809472141
625.014150059867,87.4018087446468,4.05966134453959
420.447355099592,259.277625163989,3.66202453837071
10.1994969446382,182.877968960664,3.13444008218345
72.6504515514084,121.572543066478,4.54558835726877
602.766613316349,209.462516592091,4.28143804247697
251.293431891332,218.715620478559,3.67406587080009
565.098273305328,429.335038999358,3.77498378761933
298.542592963027,134.767927053369,3.84508384377936
526.798048619395,463.41801949328,3.33724390098538
39.8758928204254,416.988590272847,3.72001106672337
206.71443447829,283.372774791961,3.5957174665692
547.409617699903,256.024575986186,3.79546150135305
167.688009116714,22.5870120393265,4.29618652378976
501.486814092464,347.678777013726,4.54855674776338
37.5105106197333,49.9756045813385,4.1130217800568
547.679331072766,166.694807508542,4.62468847297479
NA,NA,NA
663.401709108031,334.677857225984,3.48566032557655
455.064653470273,299.958569783036,3.57177408936786
9.13307355135807,494.548294582772,3.45349294267798
556.678542208587,51.2294816829166,4.1778783402468
72.5151576340385,374.450760141788,4.07061140324494
229.863178513185,413.979250988419,3.97953321776611
428.717839866046,10.2057945977938,3.32333100305183
361.980701960988,290.670231413926,3.13044900741136
602.571138278792,100.268999911247,4.24679249863177
394.491451371897,227.107865438817,4.16965354978467
567.947257790978,406.16177673114,4.75427133122753
144.324641437776,282.885337688019,4.57991630620563
194.66091666271,368.731188467064,3.98591435174259
128.828853828649,410.315633313038,3.44104016703636
629.641279323844,311.808213251939,4.54149624625641
5.84058754672401,147.230153158835,4.24613589443263
545.074502369016,202.946729160902,4.22968783780222
33.9416333633619,491.663654626284,3.0543478175058
278.0290276097,27.1856116485888,3.99092992938959
532.348596692831,393.040429117147,3.43156229782224
77.0923802913031,80.6878727961376,5.15479551468876
3.17999185458844,76.3664892055031,3.48232583794327
588.707241661217,223.299779507536,3.84697380233498
437.141412494673,458.838686735028,4.82964686441098
657.429301243965,371.347119491004,2.72825405109875
109.601506449986,486.739238180251,4.43369809472141
625.014150059867,87.4018087446468,4.05966134453959
420.447355099592,259.277625163989,3.66202453837071
10.1994969446382,182.877968960664,3.13444008218345
72.6504515514084,121.572543066478,4.54558835726877
602.766613316349,209.462516592091,4.28143804247697
251.293431891332,218.715620478559,3.67406587080009
565.098273305328,429.335038999358,3.77498378761933
298.542592963027,134.767927053369,3.84508384377936
526.798048619395,463.41801949328,3.33724390098538
39.8758928204254,416.988590272847,3.72001106672337
206.71443447829,283.372774791961,3.5957174665692
547.409617699903,256.024575986186,3.79546150135305
167.688009116714,22.5870120393265,4.29618652378976
501.486814092464,347.678777013726,4.54855674776338
37.5105106197333,49.9756045813385,4.1130217800568
547.679331072766,166.694807508542,4.62468847297479
NA,NA,NA
663.401709108031,334.677857225984,3.48566032557655
455.064653470273,299.958569783036,3.57177408936786
9.13307355135807,494.548294582772,3.45349294267798
556.678542208587,51.2294816829166,4.1778783402468
72.5151576340385,374.450760141788,4.07061140324494
229.863178513185,413.979250988419,3.97953321776611
428.717839866046,10.2057945977938,3.32333100305183
361.980701960988,290.670231413926,3.13044900741136
602.571138278792,100.268999911247,4.24679249863177
394.491451371897,227.107865438817,4.16965354978467
567.947257790978,406.16177673114,4.75427133122753
144.324641437776,282.885337688019,4.57991630620563
194.66091666271,368.731188467064,3.98591435174259
128.828853828649,410.315633313038,3.44104016703636
629.641279323844,311.808213251939,4.54149624625641
5.84058754672401,147.230153158835,4.24613589443263
545.074502369016,202.946729160902,4.22968783780222
33.9416333633619,491.663654626284,3.0543478175058
278.0290276097,27.1856116485888,3.99092992938959
532.348596692831,393.040429117147,3.43156229782224
77.0923802913031,80.6878727961376,5.15479551468876
3.17999185458844,76.3664892055031,3.48232583794327
588.707241661217,223.299779507536,3.84697380233498
437.141412494673,458.838686735028,4.82964686441098
657.429301243965,371.347119491004,2.72825405109875
109.601506449986,486.739238180251,4.43369809472141
625.014150059867,87.4018087446468,4.05966134453959
420.447355099592,259.277625163989,3.66202453837071
10.1994969446382,182.877968960664,3.13444008218345
72.6504515514084,121.572543066478,4.54558835726877
602.766613316349,209.462516592091,4.28143804247697
251.293431891332,218.715620478559,3.67406587080009
565.098273305328,429.335038999358,3.77498378761933
298.542592963027,134.767927053369,3.84508384377936
526.798048619395,463.41801949328,3.33724390098538
39.8758928204254,416.988590272847,3.72001106672337
206.71443447829,283.372774791961,3.5957174665692
547.409617699903,256.024575986186,3.79546150135305
167.688009116714,22.5870120393265,4.29618652378976
501.486814092464,347.678777013726,4.54855674776338
37.5105106197333,49.9756045813385,4.1130217800568
547.679331072766,166.694807508542,4.62468847297479
NA,NA,NA
663.401709108031,334.677857225984,3.48566032557655
455.064653470273,299.958569783036,3.57177408936786
9.13307355135807,494.548294582772,3.45349294267798
556.678542208587,51.2294816829166,4.1778783402468
72.5151576340385,374.450760141788,4.07061140324494
229.863178513185,413.979250988419,3.97953321776611
428.717839866046,10.2057945977938,3.32333100305183
361.980701960988,290.670231413926,3.13044900741136
602.571138278792,100.268999911247,4.24679249863177
394.491451371897,227.107865438817,4.16965354978467
567.947257790978,406.16177673114,4.75427133122753
144.324641437776,282.885337688019,4.57991630620563
194.66091666271,368.731188467064,3.98591435174259
128.828853828649,410.315633313038,3.44104016703636
629.641279323844,311.808213251939,4.54149624625641
5.84058754672401,147.230153158835,4.24613589443263
545.074502369016,202.946729160902,4.22968783780222
33.9416333633619,491.663654626284,3.0543478175058
278.0290276097,27.1856116485888,3.99092992938959
532.348596692831,393.040429117147,3.43156229782224
77.0923802913031,80.6878727961376,5.15479551468876
3.17999185458844,76.3664892055031,3.48232583794327
588.707241661217,223.299779507536,3.84697380233498
437.141412494673,458.838686735028,4.82964686441098
657.429301243965,371.347119491004,2.72825405109875
109.601506449986,486.739238180251,4.43369809472141
625.014150059867,87.4018087446468,4.05966134453959
420.447355099592,259.277625163989,3.66202453837071
10.1994969446382,182.877968960664,3.13444008218345
72.6504515514084,121.572543066478,4.54558835726877
602.766613316349,209.462516592091,4.28143804247697
251.293431891332,218.715620478559,3.67406587080009
565.098273305328,429.335038999358,3.77498378761933
298.542592963027,134.767927053369,3.84508384377936
526.798048619395,463.41801949328,3.33724390098538
39.8758928204254,416.988590272847,3.72001106672337
206.71443447829,283.372774791961,3.5957174665692
547.409617699903,256.024575986186,3.79546150135305
167.688009116714,22.5870120393265,4.29618652378976
501.486814092464,347.678777013726,4.54855674776338
37.5105106197333,49.9756045813385,4.1130217800568
547.679331072766,166.694807508542,4.62468847297479
NA,NA,NA
663.401709108031,334.677857225984,3.48566032557655
455.064653470273,299.958569783036,3.57177408936786
9.13307355135807,494.548294582772,3.45349294267798
556.678542208587,51.2294816829166,4.1778783402468
72.5151576340385,374.450760141788,4.07061140324494
229.863178513185,413.979250988419,3.97953321776611
428.717839866046,10.2057945977938,3.32333100305183
361.980701960988,290.670231413926,3.13044900741136
602.571138278792,100.268999911247,4.24679249863177
394.491451371897,227.107865438817,4.16965354978467
567.947257790978,406.16177673114,4.75427133122753
144.324641437776,282.885337688019,4.57991630620563
194.66091666271,368.731188467064,3.98591435174259
128.828853828649,410.315633313038,3.44104016703636
629.641279323844,311.808213251939,4.54149624625641
5.84058754672401,147.230153158835,4.24613589443263
545.074502369016,202.946729160902,4.22968783780222
33.9416333633619,491.663654626284,3.0543478175058
278.0290276097,27.1856116485888,3.99092992938959
532.348596692831,393.040429117147,3.43156229782224
77.0923802913031,80.6878727961376,5.15479551468876
3.17999185458844,76.3664892055031,3.48232583794327
588.707241661217,223.299779507536,3.84697380233498
437.141412494673,458.838686735028,4.82964686441098
657.429301243965,371.347119491004,2.72825405109875
109.601506449986,486.739238180251,4.43369809472141
625.014150059867,87.4018087446468,4.05966134453959
420.447355099592,259.277625163989,3.66202453837071
10.1994969446382,182.877968960664,3.13444008218345
72.6504515514084,121.572543066478,4.54558835726877
602.766613316349,209.462516592091,4.28143804247697
251.293431891332,218.715620478559,3.67406587080009
565.098273305328,429.335038999358,3.77498378761933
298.542592963027,134.767927053369,3.84508384377936
526.798048619395,463.41801949328,3.33724390098538
39.8758928204254,416.988590272847,3.72001106672337
206.71443447829,283.372774791961,3.5957174665692
547.409617699903,256.024575986186,3.79546150135305
167.688009116714,22.5870120393265,4.29618652378976
501.486814092464,347.678777013726,4.54855674776338
37.5105106197333,49.9756045813385,4.1130217800568
547.679331072766,166.694807508542,4.62468847297479
NA,NA,NA
666.760516270871,336.00585426366,3.63305659881054
455.389653210694,301.524703727762,3.61621473676358
11.7629755733542,494.617607546466,3.71460271582621
555.82502835747,50.7337408306072,4.12650656133362
75.9447421921798,369.575876887607,4.02586231174883
232.683931519137,412.307925137305,3.91039545885874
427.960304645874,10.390715317475,3.29098428039802
364.515566820831,290.747565870141,2.89580774842378
605.262347278326,105.367096417702,4.12769525448768
392.835649335558,230.103813232803,4.20925446806729
565.723486428448,405.719816185769,4.71517986849531
141.02875157033,284.838504197052,4.49280316189828
195.657596624829,365.545437943423,4.13928287484092
125.968044112216,411.067575695953,3.47057574326872
627.974382428754,313.110706456605,4.66065530097195
-0.0946601142730283,144.309429429114,4.19447613579008
547.258928742048,204.934512571222,4.1620645120793
34.5102866826048,490.304224915794,2.98038162925591
279.834923934839,18.8164626379373,4.03118723517936
536.953019094063,392.240218760057,3.30155790410165
76.9759393936545,78.87792793114,5.16635460037412
6.65039111166427,76.5569834517019,3.58334982663845
588.660894056332,226.721225645466,4.01291946049093
436.516801001438,457.947969605872,4.78690930232969
660.244549009757,372.55807903075,3.0676414483832
101.039238340364,490.764577872612,4.4369861914025
623.732329370984,90.795339362059,4.13565126780257
417.375897069112,261.023526448991,3.64724442632092
10.7970250465959,181.512207704042,3.10382636630033
68.3353087486314,119.822766127798,4.49664175933251
605.827234721451,198.190121166401,4.17279377729428
256.248619899213,208.471773775773,3.45385389958559
578.334361667775,433.191467719695,3.77524136678286
302.125991672429,132.345512076448,4.0004151902416
527.502983739878,461.165725132335,3.73394630879283
46.9077798684997,415.56261570424,3.85507062293794
185.713094443356,281.612681760826,3.85816802973127
552.340000882891,248.253972179338,3.70590127708741
184.596969521414,27.4758610455089,3.99116066470325
501.304759955198,350.54507689501,4.50225816132245
42.7378230232917,48.7268223420214,4.25708461784109
543.381032262962,154.918174175335,5.13871943019015
NA,NA,NA
666.760516270871,336.00585426366,3.63305659881054
455.389653210694,301.524703727762,3.61621473676358
11.7629755733542,494.617607546466,3.71460271582621
555.82502835747,50.7337408306072,4.12650656133362
75.9447421921798,369.575876887607,4.02586231174883
232.683931519137,412.307925137305,3.91039545885874
427.960304645874,10.390715317475,3.29098428039802
364.515566820831,290.747565870141,2.89580774842378
605.262347278326,105.367096417702,4.12769525448768
392.835649335558,230.103813232803,4.20925446806729
565.723486428448,405.719816185769,4.71517986849531
141.02875157033,284.838504197052,4.49280316189828
195.657596624829,365.545437943423,4.13928287484092
125.968044112216,411.067575695953,3.47057574326872
627.974382428754,313.110706456605,4.66065530097195
-0.0946601142730283,144.309429429114,4.19447613579008
547.258928742048,204.934512571222,4.1620645120793
34.5102866826048,490.304224915794,2.98038162925591
279.834923934839,18.8164626379373,4.03118723517936
536.953019094063,392.240218760057,3.30155790410165
76.9759393936545,78.87792793114,5.16635460037412
6.65039111166427,76.5569834517019,3.58334982663845
588.660894056332,226.721225645466,4.01291946049093
436.516801001438,457.947969605872,4.78690930232969
660.244549009757,372.55807903075,3.0676414483832
101.039238340364,490.764577872612,4.4369861914025
623.732329370984,90.795339362059,4.13565126780257
417.375897069112,261.023526448991,3.64724442632092
10.7970250465959,181.512207704042,3.10382636630033
68.3353087486314,119.822766127798,4.49664175933251
605.827234721451,198.190121166401,4.17279377729428
256.248619899213,208.471773775773,3.45385389958559
578.334361667775,433.191467719695,3.77524136678286
302.125991672429,132.345512076448,4.0004151902416
527.502983739878,461.165725132335,3.73394630879283
46.9077798684997,415.56261570424,3.85507062293794
185.713094443356,281.612681760826,3.85816802973127
552.340000882891,248.253972179338,3.70590127708741
184.596969521414,27.4758610455089,3.99116066470325
501.304759955198,350.54507689501,4.50225816132245
42.7378230232917,48.7268223420214,4.25708461784109
543.381032262962,154.918174175335,5.13871943019015
NA,NA,NA
666.760516270871,336.00585426366,3.63305659881054
455.389653210694,301.524703727762,3.61621473676358
11.7629755733542,494.617607546466,3.71460271582621
555.82502835747,50.7337408306072,4.12650656133362
75.9447421921798,369.575876887607,4.02586231174883
232.683931519137,412.307925137305,3.91039545885874
427.960304645874,10.390715317475,3.29098428039802
364.515566820831,290.747565870141,2.89580774842378
605.262347278326,105.367096417702,4.12769525448768
392.835649335558,230.103813232803,4.20925446806729
565.723486428448,405.719816185769,4.71517986849531
141.02875157033,284.838504197052,4.49280316189828
195.657596624829,365.545437943423,4.13928287484092
125.968044112216,411.067575695953,3.47057574326872
627.974382428754,313.110706456605,4.66065530097195
-0.0946601142730283,144.309429429114,4.19447613579008
547.258928742048,204.934512571222,4.1620645120793
34.5102866826048,490.304224915794,2.98038162925591
279.834923934839,18.8164626379373,4.03118723517936
536.953019094063,392.240218760057,3.30155790410165
76.9759393936545,78.87792793114,5.16635460037412
6.65039111166427,76.5569834517019,3.58334982663845
588.660894056332,226.721225645466,4.01291946049093
436.516801001438,457.947969605872,4.78690930232969
660.244549009757,372.55807903075,3.0676414483832
101.039238340364,490.764577872612,4.4369861914025
623.732329370984,90.795339362059,4.13565126780257
417.375897069112,261.023526448991,3.64724442632092
10.7970250465959,181.512207704042,3.10382636630033
68.3353087486314,119.822766127798,4.49664175933251
605.827234721451,198.190121166401,4.17279377729428
256.248619899213,208.471773775773,3.45385389958559
578.334361667775,433.191467719695,3.77524136678286
302.125991672429,132.345512076448,4.0004151902416
527.502983739878,461.165725132335,3.73394630879283
46.9077798684997,415.56261570424,3.85507062293794
185.713094443356,281.612681760826,3.85816802973127
552.340000882891,248.253972179338,3.70590127708741
184.596969521414,27.4758610455089,3.99116066470325
501.304759955198,350.54507689501,4.50225816132245
42.7378230232917,48.7268223420214,4.25708461784109
543.381032262962,154.918174175335,5.13871943019015
NA,NA,NA
666.760516270871,336.00585426366,3.63305659881054
455.389653210694,301.524703727762,3.61621473676358
11.7629755733542,494.617607546466,3.71460271582621
555.82502835747,50.7337408306072,4.12650656133362
75.9447421921798,369.575876887607,4.02586231174883
232.683931519137,412.307925137305,3.91039545885874
427.960304645874,10.390715317475,3.29098428039802
364.515566820831,290.747565870141,2.89580774842378
605.262347278326,105.367096417702,4.12769525448768
392.835649335558,230.103813232803,4.20925446806729
565.723486428448,405.719816185769,4.71517986849531
141.02875157033,284.838504197052,4.49280316189828
195.657596624829,365.545437943423,4.13928287484092
125.968044112216,411.067575695953,3.47057574326872
627.974382428754,313.110706456605,4.66065530097195
-0.0946601142730283,144.309429429114,4.19447613579008
547.258928742048,204.934512571222,4.1620645120793
34.5102866826048,490.304224915794,2.98038162925591
279.834923934839,18.8164626379373,4.03118723517936
536.953019094063,392.240218760057,3.30155790410165
76.9759393936545,78.87792793114,5.16635460037412
6.65039111166427,76.5569834517019,3.58334982663845
588.660894056332,226.721225645466,4.01291946049093
436.516801001438,457.947969605872,4.78690930232969
660.244549009757,372.55807903075,3.0676414483832
101.039238340364,490.764577872612,4.4369861914025
623.732329370984,90.795339362059,4.13565126780257
417.375897069112,261.023526448991,3.64724442632092
10.7970250465959,181.512207704042,3.10382636630033
68.3353087486314,119.822766127798,4.49664175933251
605.827234721451,198.190121166401,4.17279377729428
256.248619899213,208.471773775773,3.45385389958559
578.334361667775,433.191467719695,3.77524136678286
302.125991672429,132.345512076448,4.0004151902416
527.502983739878,461.165725132335,3.73394630879283
46.9077798684997,415.56261570424,3.85507062293794
185.713094443356,281.612681760826,3.85816802973127
552.340000882891,248.253972179338,3.70590127708741
184.596969521414,27.4758610455089,3.99116066470325
501.304759955198,350.54507689501,4.50225816132245
42.7378230232917,48.7268223420214,4.25708461784109
543.381032262962,154.918174175335,5.13871943019015
NA,NA,NA
666.760516270871,336.00585426366,3.63305659881054
455.389653210694,301.524703727762,3.61621473676358
11.7629755733542,494.617607546466,3.71460271582621
555.82502835747,50.7337408306072,4.12650656133362
75.9447421921798,369.575876887607,4.02586231174883
232.683931519137,412.307925137305,3.91039545885874
427.960304645874,10.390715317475,3.29098428039802
364.515566820831,290.747565870141,2.89580774842378
605.262347278326,105.367096417702,4.12769525448768
392.835649335558,230.103813232803,4.20925446806729
565.723486428448,405.719816185769,4.71517986849531
141.02875157033,284.838504197052,4.49280316189828
195.657596624829,365.545437943423,4.13928287484092
125.968044112216,411.067575695953,3.47057574326872
627.974382428754,313.110706456605,4.66065530097195
-0.0946601142730283,144.309429429114,4.19447613579008
547.258928742048,204.934512571222,4.1620645120793
34.5102866826048,490.304224915794,2.98038162925591
279.834923934839,18.8164626379373,4.03118723517936
536.953019094063,392.240218760057,3.30155790410165
76.9759393936545,78.87792793114,5.16635460037412
6.65039111166427,76.5569834517019,3.58334982663845
588.660894056332,226.721225645466,4.01291946049093
436.516801001438,457.947969605872,4.78690930232969
660.244549009757,372.55807903075,3.0676414483832
101.039238340364,490.764577872612,4.4369861914025
623.732329370984,90.795339362059,4.13565126780257
417.375897069112,261.023526448991,3.64724442632092
10.7970250465959,181.512207704042,3.10382636630033
68.3353087486314,119.822766127798,4.49664175933251
605.827234721451,198.190121166401,4.17279377729428
256.248619899213,208.471773775773,3.45385389958559
578.334361667775,433.191467719695,3.77524136678286
302.125991672429,132.345512076448,4.0004151902416
527.502983739878,461.165725132335,3.73394630879283
46.9077798684997,415.56261570424,3.85507062293794
185.713094443356,281.612681760826,3.85816802973127
552.340000882891,248.253972179338,3.70590127708741
184.596969521414,27.4758610455089,3.99116066470325
501.304759955198,350.54507689501,4.50225816132245
42.7378230232917,48.7268223420214,4.25708461784109
543.381032262962,154.918174175335,5.13871943019015
NA,NA,NA
666.760516270871,336.00585426366,3.63305659881054
455.389653210694,301.524703727762,3.61621473676358
11.7629755733542,494.617607546466,3.71460271582621
555.82502835747,50.7337408306072,4.12650656133362
75.9447421921798,369.575876887607,4.02586231174883
232.683931519137,412.307925137305,3.91039545885874
427.960304645874,10.390715317475,3.29098428039802
364.515566820831,290.747565870141,2.89580774842378
605.262347278326,105.367096417702,4.12769525448768
392.835649335558,230.103813232803,4.20925446806729
565.723486428448,405.719816185769,4.71517986849531
141.02875157033,284.838504197052,4.49280316189828
195.657596624829,365.545437943423,4.13928287484092
125.968044112216,411.067575695953,3.47057574326872
627.974382428754,313.110706456605,4.66065530097195
-0.0946601142730283,144.309429429114,4.19447613579008
547.258928742048,204.934512571222,4.1620645120793
34.5102866826048,490.304224915794,2.98038162925591
279.834923934839,18.8164626379373,4.03118723517936
536.953019094063,392.240218760057,3.30155790410165
76.9759393936545,78.87792793114,5.16635460037412
6.65039111166427,76.5569834517019,3.58334982663845
588.660894056332,226.721225645466,4.01291946049093
436.516801001438,457.947969605872,4.78690930232969
660.244549009757,372.55807903075,3.0676414483832
101.039238340364,490.764577872612,4.4369861914025
623.732329370984,90.795339362059,4.13565126780257
417.375897069112,261.023526448991,3.64724442632092
10.7970250465959,181.512207704042,3.10382636630033
68.3353087486314,119.822766127798,4.49664175933251
605.827234721451,198.190121166401,4.17279377729428
256.248619899213,208.471773775773,3.45385389958559
578.334361667775,433.191467719695,3.77524136678286
302.125991672429,132.345512076448,4.0004151902416
527.502983739878,461.165725132335,3.73394630879283
46.9077798684997,415.56261570424,3.85507062293794
185.713094443356,281.612681760826,3.85816802973127
552.340000882891,248.253972179338,3.70590127708741
184.596969521414,27.4758610455089,3.99116066470325
501.304759955198,350.54507689501,4.50225816132245
42.7378230232917,48.7268223420214,4.25708461784109
543.381032262962,154.918174175335,5.13871943019015
NA,NA,NA
663.880348229971,335.314756522324,3.57361296771974
457.173712666098,297.690628206482,3.72285515942811
14.8300180794017,495.68095552392,3.54460285888285
561.331457480593,50.3233027539166,4.2011455705093
69.6311507726201,375.303791525068,3.99692952563895
229.568092753738,414.952126420962,3.93962645451664
426.372226754524,11.8738087165949,3.39734486776116
359.567799223455,293.983520219085,3.11864245777175
602.119178364202,104.634946716453,4.09548487771569
394.155041218957,220.187263995224,4.14590844059679
571.75106215497,404.45175581336,4.76803860966852
136.573214458135,276.66964124923,4.60206668784177
202.259686341404,369.024323424129,4.14204280609541
122.115167225843,412.158138477274,3.31247520972354
622.114662245127,315.129406448083,4.64412885134717
1.81938630308609,148.564915133147,4.23795399373787
542.861930736995,203.740148824102,4.12728730042357
34.6888606605415,492.884678401375,3.06213578367224
277.222260209223,22.2345402507669,3.85313335231121
535.351725363996,390.692601335543,3.30059419872375
74.4167998562049,80.2198839780678,5.30323180760794
3.04448824483622,77.1155061080876,3.49020921339267
588.672006792706,223.560350213286,4.03631978116792
443.364520004083,455.92257411489,4.74842874383296
659.167286952664,372.870706965489,2.98187819436643
110.185498731517,489.773893619346,4.37350853434018
630.29970316054,91.4054653192584,4.03625083589241
419.574308723538,259.601978121428,3.71524477426944
11.1246377563611,181.386031619202,3.30512843863033
72.6742138431455,123.173805075238,4.45425865500937
629.209621766261,206.464923478369,4.35779497378726
248.281339904618,222.073662426449,4.3140364797359
571.617589259495,433.568685491588,3.78824065586604
296.780533773125,140.087001972526,3.90601490648442
527.565434923195,455.948191819783,3.68012156015165
38.4249153439644,406.235411013559,3.87003238514865
193.438942917121,281.833687445793,4.46885272386811
552.683788228174,258.846982811403,3.57933407227612
170.947426979345,50.5619615799642,4.3098271454376
496.224494290102,355.383411354585,4.56617722610819
43.0458948190866,60.573282383335,3.85834144830675
516.605669702036,152.978343207898,4.64326881521901
NA,NA,NA
663.880348229971,335.314756522324,3.57361296771974
457.173712666098,297.690628206482,3.72285515942811
14.8300180794017,495.68095552392,3.54460285888285
561.331457480593,50.3233027539166,4.2011455705093
69.6311507726201,375.303791525068,3.99692952563895
229.568092753738,414.952126420962,3.93962645451664
426.372226754524,11.8738087165949,3.39734486776116
359.567799223455,293.983520219085,3.11864245777175
602.119178364202,104.634946716453,4.09548487771569
394.155041218957,220.187263995224,4.14590844059679
571.75106215497,404.45175581336,4.76803860966852
136.573214458135,276.66964124923,4.60206668784177
202.259686341404,369.024323424129,4.14204280609541
122.115167225843,412.158138477274,3.31247520972354
622.114662245127,315.129406448083,4.64412885134717
1.81938630308609,148.564915133147,4.23795399373787
542.861930736995,203.740148824102,4.12728730042357
34.6888606605415,492.884678401375,3.06213578367224
277.222260209223,22.2345402507669,3.85313335231121
535.351725363996,390.692601335543,3.30059419872375
74.4167998562049,80.2198839780678,5.30323180760794
3.04448824483622,77.1155061080876,3.49020921339267
588.672006792706,223.560350213286,4.03631978116792
443.364520004083,455.92257411489,4.74842874383296
659.167286952664,372.870706965489,2.98187819436643
110.185498731517,489.773893619346,4.37350853434018
630.29970316054,91.4054653192584,4.03625083589241
419.574308723538,259.601978121428,3.71524477426944
11.1246377563611,181.386031619202,3.30512843863033
72.6742138431455,123.173805075238,4.45425865500937
629.209621766261,206.464923478369,4.35779497378726
248.281339904618,222.073662426449,4.3140364797359
571.617589259495,433.568685491588,3.78824065586604
296.780533773125,140.087001972526,3.90601490648442
527.565434923195,455.948191819783,3.68012156015165
38.4249153439644,406.235411013559,3.87003238514865
193.438942917121,281.833687445793,4.46885272386811
552.683788228174,258.846982811403,3.57933407227612
170.947426979345,50.5619615799642,4.3098271454376
496.224494290102,355.383411354585,4.56617722610819
43.0458948190866,60.573282383335,3.85834144830675
516.605669702036,152.978343207898,4.64326881521901
NA,NA,NA
663.880348229971,335.314756522324,3.57361296771974
457.173712666098,297.690628206482,3.72285515942811
14.8300180794017,495.68095552392,3.54460285888285
561.331457480593,50.3233027539166,4.2011455705093
69.6311507726201,375.303791525068,3.99692952563895
229.568092753738,414.952126420962,3.93962645451664
426.372226754524,11.8738087165949,3.39734486776116
359.567799223455,293.983520219085,3.11864245777175
602.119178364202,104.634946716453,4.09548487771569
394.155041218957,220.187263995224,4.14590844059679
571.75106215497,404.45175581336,4.76803860966852
136.573214458135,276.66964124923,4.60206668784177
202.259686341404,369.024323424129,4.14204280609541
122.115167225843,412.158138477274,3.31247520972354
622.114662245127,315.129406448083,4.64412885134717
1.81938630308609,148.564915133147,4.23795399373787
542.861930736995,203.740148824102,4.12728730042357
34.6888606605415,492.884678401375,3.06213578367224
277.222260209223,22.2345402507669,3.85313335231121
535.351725363996,390.692601335543,3.30059419872375
74.4167998562049,80.2198839780678,5.30323180760794
3.04448824483622,77.1155061080876,3.49020921339267
588.672006792706,223.560350213286,4.03631978116792
443.364520004083,455.92257411489,4.74842874383296
659.167286952664,372.870706965489,2.98187819436643
110.185498731517,489.773893619346,4.37350853434018
630.29970316054,91.4054653192584,4.03625083589241
419.574308723538,259.601978121428,3.71524477426944
11.1246377563611,181.386031619202,3.30512843863033
72.6742138431455,123.173805075238,4.45425865500937
629.209621766261,206.464923478369,4.35779497378726
248.281339904618,222.073662426449,4.3140364797359
571.617589259495,433.568685491588,3.78824065586604
296.780533773125,140.087001972526,3.90601490648442
527.565434923195,455.948191819783,3.68012156015165
38.4249153439644,406.235411013559,3.87003238514865
193.438942917121,281.833687445793,4.46885272386811
552.683788228174,258.846982811403,3.57933407227612
170.947426979345,50.5619615799642,4.3098271454376
496.224494290102,355.383411354585,4.56617722610819
43.0458948190866,60.573282383335,3.85834144830675
516.605669702036,152.978343207898,4.64326881521901
NA,NA,NA
663.880348229971,335.314756522324,3.57361296771974
457.173712666098,297.690628206482,3.72285515942811
14.8300180794017,495.68095552392,3.54460285888285
561.331457480593,50.3233027539166,4.2011455705093
69.6311507726201,375.303791525068,3.99692952563895
229.568092753738,414.952126420962,3.93962645451664
426.372226754524,11.8738087165949,3.39734486776116
359.567799223455,293.983520219085,3.11864245777175
602.119178364202,104.634946716453,4.09548487771569
394.155041218957,220.187263995224,4.14590844059679
571.75106215497,404.45175581336,4.76803860966852
136.573214458135,276.66964124923,4.60206668784177
202.259686341404,369.024323424129,4.14204280609541
122.115167225843,412.158138477274,3.31247520972354
622.114662245127,315.129406448083,4.64412885134717
1.81938630308609,148.564915133147,4.23795399373787
542.861930736995,203.740148824102,4.12728730042357
34.6888606605415,492.884678401375,3.06213578367224
277.222260209223,22.2345402507669,3.85313335231121
535.351725363996,390.692601335543,3.30059419872375
74.4167998562049,80.2198839780678,5.30323180760794
3.04448824483622,77.1155061080876,3.49020921339267
588.672006792706,223.560350213286,4.03631978116792
443.364520004083,455.92257411489,4.74842874383296
659.167286952664,372.870706965489,2.98187819436643
110.185498731517,489.773893619346,4.37350853434018
630.29970316054,91.4054653192584,4.03625083589241
419.574308723538,259.601978121428,3.71524477426944
11.1246377563611,181.386031619202,3.30512843863033
72.6742138431455,123.173805075238,4.45425865500937
629.209621766261,206.464923478369,4.35779497378726
248.281339904618,222.073662426449,4.3140364797359
571.617589259495,433.568685491588,3.78824065586604
296.780533773125,140.087001972526,3.90601490648442
527.565434923195,455.948191819783,3.68012156015165
38.4249153439644,406.235411013559,3.87003238514865
193.438942917121,281.833687445793,4.46885272386811
552.683788228174,258.846982811403,3.57933407227612
170.947426979345,50.5619615799642,4.3098271454376
496.224494290102,355.383411354585,4.56617722610819
43.0458948190866,60.573282383335,3.85834144830675
516.605669702036,152.978343207898,4.64326881521901
NA,NA,NA
663.880348229971,335.314756522324,3.57361296771974
457.173712666098,297.690628206482,3.72285515942811
14.8300180794017,495.68095552392,3.54460285888285
561.331457480593,50.3233027539166,4.2011455705093
69.6311507726201,375.303791525068,3.99692952563895
229.568092753738,414.952126420962,3.93962645451664
426.372226754524,11.8738087165949,3.39734486776116
359.567799223455,293.983520219085,3.11864245777175
602.119178364202,104.634946716453,4.09548487771569
394.155041218957,220.187263995224,4.14590844059679
571.75106215497,404.45175581336,4.76803860966852
136.573214458135,276.66964124923,4.60206668784177
202.259686341404,369.024323424129,4.14204280609541
122.115167225843,412.158138477274,3.31247520972354
622.114662245127,315.129406448083,4.64412885134717
1.81938630308609,148.564915133147,4.23795399373787
542.861930736995,203.740148824102,4.12728730042357
34.6888606605415,492.884678401375,3.06213578367224
277.222260209223,22.2345402507669,3.85313335231121
535.351725363996,390.692601335543,3.30059419872375
74.4167998562049,80.2198839780678,5.30323180760794
3.04448824483622,77.1155061080876,3.49020921339267
588.672006792706,223.560350213286,4.03631978116792
443.364520004083,455.92257411489,4.74842874383296
659.167286952664,372.870706965489,2.98187819436643
110.185498731517,489.773893619346,4.37350853434018
630.29970316054,91.4054653192584,4.03625083589241
419.574308723538,259.601978121428,3.71524477426944
11.1246377563611,181.386031619202,3.30512843863033
72.6742138431455,123.173805075238,4.45425865500937
629.209621766261,206.464923478369,4.35779497378726
248.281339904618,222.073662426449,4.3140364797359
571.617589259495,433.568685491588,3.78824065586604
296.780533773125,140.087001972526,3.90601490648442
527.565434923195,455.948191819783,3.68012156015165
38.4249153439644,406.235411013559,3.87003238514865
193.438942917121,281.833687445793,4.46885272386811
552.683788228174,258.846982811403,3.57933407227612
170.947426979345,50.5619615799642,4.3098271454376
496.224494290102,355.383411354585,4.56617722610819
43.0458948190866,60.573282383335,3.85834144830675
516.605669702036,152.978343207898,4.64326881521901
NA,NA,NA
663.880348229971,335.314756522324,3.57361296771974
457.173712666098,297.690628206482,3.72285515942811
14.8300180794017,495.68095552392,3.54460285888285
561.331457480593,50.3233027539166,4.2011455705093
69.6311507726201,375.303791525068,3.99692952563895
229.568092753738,414.952126420962,3.93962645451664
426.372226754524,11.8738087165949,3.39734486776116
359.567799223455,293.983520219085,3.11864245777175
602.119178364202,104.634946716453,4.09548487771569
394.155041218957,220.187263995224,4.14590844059679
571.75106215497,404.45175581336,4.76803860966852
136.573214458135,276.66964124923,4.60206668784177
202.259686341404,369.024323424129,4.14204280609541
122.115167225843,412.158138477274,3.31247520972354
622.114662245127,315.129406448083,4.64412885134717
1.81938630308609,148.564915133147,4.23795399373787
542.861930736995,203.740148824102,4.12728730042357
34.6888606605415,492.884678401375,3.06213578367224
277.222260209223,22.2345402507669,3.85313335231121
535.351725363996,390.692601335543,3.30059419872375
74.4167998562049,80.2198839780678,5.30323180760794
3.04448824483622,77.1155061080876,3.49020921339267
588.672006792706,223.560350213286,4.03631978116792
443.364520004083,455.92257411489,4.74842874383296
659.167286952664,372.870706965489,2.98187819436643
110.185498731517,489.773893619346,4.37350853434018
630.29970316054,91.4054653192584,4.03625083589241
419.574308723538,259.601978121428,3.71524477426944
11.1246377563611,181.386031619202,3.30512843863033
72.6742138431455,123.173805075238,4.45425865500937
629.209621766261,206.464923478369,4.35779497378726
248.281339904618,222.073662426449,4.3140364797359
571.617589259495,433.568685491588,3.78824065586604
296.780533773125,140.087001972526,3.90601490648442
527.565434923195,455.948191819783,3.68012156015165
38.4249153439644,406.235411013559,3.87003238514865
193.438942917121,281.833687445793,4.46885272386811
552.683788228174,258.846982811403,3.57933407227612
170.947426979345,50.5619615799642,4.3098271454376
496.224494290102,355.383411354585,4.56617722610819
43.0458948190866,60.573282383335,3.85834144830675
516.605669702036,152.978343207898,4.64326881521901
NA,NA,NA
661.283501768233,336.137668508412,3.48091292905169
455.972733558779,296.135179120346,3.46902507493629
6.23259604070476,493.486660527675,3.55496097780388
558.729343108491,50.2383621818206,4.02673310475161
69.234734120453,373.128845982218,3.9347973970373
229.595423009558,413.597441410922,3.90369067555382
427.872557805152,13.4522333083702,3.31760623060536
361.389136374045,291.797923788128,2.93740371815157
604.350524162917,105.618497985328,4.18226033763036
391.035153079443,232.036264073921,4.26261570057774
566.959931744914,402.301625131847,4.66790282750384
137.723068667446,285.800068963396,4.57790315407964
199.997546035126,367.206208536229,3.97342709678335
125.179254717627,409.670117502081,3.35082431734819
625.786988917633,314.130494543125,4.51636882954641
-1.49453735107372,147.145944788057,4.13463274152723
539.577129390266,205.784081369691,4.25405719835761
34.8215176527908,490.211796821092,2.98571293414229
278.977114249384,22.8965393915271,3.85900090638261
536.982731987284,394.192863304669,3.41207542376525
74.7602623045583,64.1517766561406,5.15173740912797
3.96558523817132,77.1112246285382,3.5263210675854
592.365820139022,229.518256549906,4.05506233544543
440.377224892957,462.38558973615,4.85654401564565
659.946073607093,374.417437024702,3.20972110248796
107.490414188225,479.598190461841,4.3799427312676
624.749097600321,88.6754219254448,4.10470218751978
421.023015137358,259.691405287279,3.67134127521341
14.1111502643803,183.151335199019,3.18180245914865
58.5238812873961,120.76395609969,4.47068033094658
600.999691654806,194.025240286821,4.36906263016492
260.609812753483,225.422073181174,4.18206198241746
570.973150610006,438.649171346399,3.87577395460847
299.399623674338,141.636131325605,3.85104752841068
524.99798143445,453.285289910457,3.70459026100495
52.888832614858,417.334621147316,3.89572861096057
188.745545415617,287.533106569046,4.00228058793586
546.193772499386,259.47617295286,3.71403560354841
174.558854565806,22.1259624817298,4.26709470540613
493.005674098706,343.998665547943,4.37289637386347
31.5815604860331,52.1372772836845,3.42907273795859
532.100990948157,137.485219992393,4.71855045853907
NA,NA,NA
661.283501768233,336.137668508412,3.48091292905169
455.972733558779,296.135179120346,3.46902507493629
6.23259604070476,493.486660527675,3.55496097780388
558.729343108491,50.2383621818206,4.02673310475161
69.234734120453,373.128845982218,3.9347973970373
229.595423009558,413.597441410922,3.90369067555382
427.872557805152,13.4522333083702,3.31760623060536
361.389136374045,291.797923788128,2.93740371815157
604.350524162917,105.618497985328,4.18226033763036
391.035153079443,232.036264073921,4.26261570057774
566.959931744914,402.301625131847,4.66790282750384
137.723068667446,285.800068963396,4.57790315407964
199.997546035126,367.206208536229,3.97342709678335
125.179254717627,409.670117502081,3.35082431734819
625.786988917633,314.130494543125,4.51636882954641
-1.49453735107372,147.145944788057,4.13463274152723
539.577129390266,205.784081369691,4.25405719835761
34.8215176527908,490.211796821092,2.98571293414229
278.977114249384,22.8965393915271,3.85900090638261
536.982731987284,394.192863304669,3.41207542376525
74.7602623045583,64.1517766561406,5.15173740912797
3.96558523817132,77.1112246285382,3.5263210675854
592.365820139022,229.518256549906,4.05506233544543
440.377224892957,462.38558973615,4.85654401564565
659.946073607093,374.417437024702,3.20972110248796
107.490414188225,479.598190461841,4.3799427312676
624.749097600321,88.6754219254448,4.10470218751978
421.023015137358,259.691405287279,3.67134127521341
14.1111502643803,183.151335199019,3.18180245914865
58.5238812873961,120.76395609969,4.47068033094658
600.999691654806,194.025240286821,4.36906263016492
260.609812753483,225.422073181174,4.18206198241746
570.973150610006,438.649171346399,3.87577395460847
299.399623674338,141.636131325605,3.85104752841068
524.99798143445,453.285289910457,3.70459026100495
52.888832614858,417.334621147316,3.89572861096057
188.745545415617,287.533106569046,4.00228058793586
546.193772499386,259.47617295286,3.71403560354841
174.558854565806,22.1259624817298,4.26709470540613
493.005674098706,343.998665547943,4.37289637386347
31.5815604860331,52.1372772836845,3.42907273795859
532.100990948157,137.485219992393,4.71855045853907
NA,NA,NA
661.283501768233,336.137668508412,3.48091292905169
455.972733558779,296.135179120346,3.46902507493629
6.23259604070476,493.486660527675,3.55496097780388
558.729343108491,50.2383621818206,4.02673310475161
69.234734120453,373.128845982218,3.9347973970373
229.595423009558,413.597441410922,3.90369067555382
427.872557805152,13.4522333083702,3.31760623060536
361.389136374045,291.797923788128,2.93740371815157
604.350524162917,105.618497985328,4.18226033763036
391.035153079443,232.036264073921,4.26261570057774
566.959931744914,402.301625131847,4.66790282750384
137.723068667446,285.800068963396,4.57790315407964
199.997546035126,367.206208536229,3.97342709678335
125.179254717627,409.670117502081,3.35082431734819
625.786988917633,314.130494543125,4.51636882954641
-1.49453735107372,147.145944788057,4.13463274152723
539.577129390266,205.784081369691,4.25405719835761
34.8215176527908,490.211796821092,2.98571293414229
278.977114249384,22.8965393915271,3.85900090638261
536.982731987284,394.192863304669,3.41207542376525
74.7602623045583,64.1517766561406,5.15173740912797
3.96558523817132,77.1112246285382,3.5263210675854
592.365820139022,229.518256549906,4.05506233544543
440.377224892957,462.38558973615,4.85654401564565
659.946073607093,374.417437024702,3.20972110248796
107.490414188225,479.598190461841,4.3799427312676
624.749097600321,88.6754219254448,4.10470218751978
421.023015137358,259.691405287279,3.67134127521341
14.1111502643803,183.151335199019,3.18180245914865
58.5238812873961,120.76395609969,4.47068033094658
600.999691654806,194.025240286821,4.36906263016492
260.609812753483,225.422073181174,4.18206198241746
570.973150610006,438.649171346399,3.87577395460847
299.399623674338,141.636131325605,3.85104752841068
524.99798143445,453.285289910457,3.70459026100495
52.888832614858,417.334621147316,3.89572861096057
188.745545415617,287.533106569046,4.00228058793586
546.193772499386,259.47617295286,3.71403560354841
174.558854565806,22.1259624817298,4.26709470540613
493.005674098706,343.998665547943,4.37289637386347
31.5815604860331,52.1372772836845,3.42907273795859
532.100990948157,137.485219992393,4.71855045853907
NA,NA,NA
661.283501768233,336.137668508412,3.48091292905169
455.972733558779,296.135179120346,3.46902507493629
6.23259604070476,493.486660527675,3.55496097780388
558.729343108491,50.2383621818206,4.02673310475161
69.234734120453,373.128845982218,3.9347973970373
229.595423009558,413.597441410922,3.90369067555382
427.872557805152,13.4522333083702,3.31760623060536
361.389136374045,291.797923788128,2.93740371815157
604.350524162917,105.618497985328,4.18226033763036
391.035153079443,232.036264073921,4.26261570057774
566.959931744914,402.301625131847,4.66790282750384
137.723068667446,285.800068963396,4.57790315407964
199.997546035126,367.206208536229,3.97342709678335
125.179254717627,409.670117502081,3.35082431734819
625.786988917633,314.130494543125,4.51636882954641
-1.49453735107372,147.145944788057,4.13463274152723
539.577129390266,205.784081369691,4.25405719835761
34.8215176527908,490.211796821092,2.98571293414229
278.977114249384,22.8965393915271,3.85900090638261
536.982731987284,394.192863304669,3.41207542376525
74.7602623045583,64.1517766561406,5.15173740912797
3.96558523817132,77.1112246285382,3.5263210675854
592.365820139022,229.518256549906,4.05506233544543
440.377224892957,462.38558973615,4.85654401564565
659.946073607093,374.417437024702,3.20972110248796
107.490414188225,479.598190461841,4.3799427312676
624.749097600321,88.6754219254448,4.10470218751978
421.023015137358,259.691405287279,3.67134127521341
14.1111502643803,183.151335199019,3.18180245914865
58.5238812873961,120.76395609969,4.47068033094658
600.999691654806,194.025240286821,4.36906263016492
260.609812753483,225.422073181174,4.18206198241746
570.973150610006,438.649171346399,3.87577395460847
299.399623674338,141.636131325605,3.85104752841068
524.99798143445,453.285289910457,3.70459026100495
52.888832614858,417.334621147316,3.89572861096057
188.745545415617,287.533106569046,4.00228058793586
546.193772499386,259.47617295286,3.71403560354841
174.558854565806,22.1259624817298,4.26709470540613
493.005674098706,343.998665547943,4.37289637386347
31.5815604860331,52.1372772836845,3.42907273795859
532.100990948157,137.485219992393,4.71855045853907
NA,NA,NA
661.283501768233,336.137668508412,3.48091292905169
455.972733558779,296.135179120346,3.46902507493629
6.23259604070476,493.486660527675,3.55496097780388
558.729343108491,50.2383621818206,4.02673310475161
69.234734120453,373.128845982218,3.9347973970373
229.595423009558,413.597441410922,3.90369067555382
427.872557805152,13.4522333083702,3.31760623060536
361.389136374045,291.797923788128,2.93740371815157
604.350524162917,105.618497985328,4.18226033763036
391.035153079443,232.036264073921,4.26261570057774
566.959931744914,402.301625131847,4.66790282750384
137.723068667446,285.800068963396,4.57790315407964
199.997546035126,367.206208536229,3.97342709678335
125.179254717627,409.670117502081,3.35082431734819
625.786988917633,314.130494543125,4.51636882954641
-1.49453735107372,147.145944788057,4.13463274152723
539.577129390266,205.784081369691,4.25405719835761
34.8215176527908,490.211796821092,2.98571293414229
278.977114249384,22.8965393915271,3.85900090638261
536.982731987284,394.192863304669,3.41207542376525
74.7602623045583,64.1517766561406,5.15173740912797
3.96558523817132,77.1112246285382,3.5263210675854
592.365820139022,229.518256549906,4.05506233544543
440.377224892957,462.38558973615,4.85654401564565
659.946073607093,374.417437024702,3.20972110248796
107.490414188225,479.598190461841,4.3799427312676
624.749097600321,88.6754219254448,4.10470218751978
421.023015137358,259.691405287279,3.67134127521341
14.1111502643803,183.151335199019,3.18180245914865
58.5238812873961,120.76395609969,4.47068033094658
600.999691654806,194.025240286821,4.36906263016492
260.609812753483,225.422073181174,4.18206198241746
570.973150610006,438.649171346399,3.87577395460847
299.399623674338,141.636131325605,3.85104752841068
524.99798143445,453.285289910457,3.70459026100495
52.888832614858,417.334621147316,3.89572861096057
188.745545415617,287.533106569046,4.00228058793586
546.193772499386,259.47617295286,3.71403560354841
174.558854565806,22.1259624817298,4.26709470540613
493.005674098706,343.998665547943,4.37289637386347
31.5815604860331,52.1372772836845,3.42907273795859
532.100990948157,137.485219992393,4.71855045853907
NA,NA,NA
661.283501768233,336.137668508412,3.48091292905169
455.972733558779,296.135179120346,3.46902507493629
6.23259604070476,493.486660527675,3.55496097780388
558.729343108491,50.2383621818206,4.02673310475161
69.234734120453,373.128845982218,3.9347973970373
229.595423009558,413.597441410922,3.90369067555382
427.872557805152,13.4522333083702,3.31760623060536
361.389136374045,291.797923788128,2.93740371815157
604.350524162917,105.618497985328,4.18226033763036
391.035153079443,232.036264073921,4.26261570057774
566.959931744914,402.301625131847,4.66790282750384
137.723068667446,285.800068963396,4.57790315407964
199.997546035126,367.206208536229,3.97342709678335
125.179254717627,409.670117502081,3.35082431734819
625.786988917633,314.130494543125,4.51636882954641
-1.49453735107372,147.145944788057,4.13463274152723
539.577129390266,205.784081369691,4.25405719835761
34.8215176527908,490.211796821092,2.98571293414229
278.977114249384,22.8965393915271,3.85900090638261
536.982731987284,394.192863304669,3.41207542376525
74.7602623045583,64.1517766561406,5.15173740912797
3.96558523817132,77.1112246285382,3.5263210675854
592.365820139022,229.518256549906,4.05506233544543
440.377224892957,462.38558973615,4.85654401564565
659.946073607093,374.417437024702,3.20972110248796
107.490414188225,479.598190461841,4.3799427312676
624.749097600321,88.6754219254448,4.10470218751978
421.023015137358,259.691405287279,3.67134127521341
14.1111502643803,183.151335199019,3.18180245914865
58.5238812873961,120.76395609969,4.47068033094658
600.999691654806,194.025240286821,4.36906263016492
260.609812753483,225.422073181174,4.18206198241746
570.973150610006,438.649171346399,3.87577395460847
299.399623674338,141.636131325605,3.85104752841068
524.99798143445,453.285289910457,3.70459026100495
52.888832614858,417.334621147316,3.89572861096057
188.745545415617,287.533106569046,4.00228058793586
546.193772499386,259.47617295286,3.71403560354841
174.558854565806,22.1259624817298,4.26709470540613
493.005674098706,343.998665547943,4.37289637386347
31.5815604860331,52.1372772836845,3.42907273795859
532.100990948157,137.485219992393,4.71855045853907
NA,NA,NA
662.616029361448,334.186295808992,3.62160093212372
458.024091540713,295.392162440601,3.48927825738209
8.73767287797991,497.032337282855,3.67372264231995
560.744421535216,47.7864937820297,4.14504215962014
71.4322424324004,375.24307671546,3.94250723206975
227.736584745096,411.337947271162,3.96961285431214
427.829315986405,12.6867489305802,3.26652111915022
362.405410831359,294.895580818992,3.00775223514031
602.16973161776,106.308860917409,4.36014176895167
394.659750121826,230.650904541566,4.30447902343956
571.352849311245,403.152133594477,4.68899495064229
141.063125199736,281.148419073013,4.48785750629184
198.183138812233,374.970406642702,4.03176246553728
129.985542238801,412.674448038955,3.59268030136555
624.914330104392,316.430247009621,4.50136784613803
-3.37525771351491,152.491591681993,4.30251895062491
542.646031777327,201.509928981701,4.07685083865823
34.0406543232913,489.813639152352,3.07269855112065
281.797316191934,24.3034421616013,3.86133524712959
533.110794608256,390.719725958894,3.36117144534829
72.3830462462388,74.0209279454276,5.21890471291236
2.71348770837739,78.8983847514397,3.61706206135661
585.886703075418,229.517151871932,4.08545247078288
436.578832186422,459.394906620474,4.69992003979089
660.431439224995,372.5196683067,3.30080266059488
102.280096839117,485.524171149323,4.34590470162817
625.102210505304,86.9969599352786,4.05865920202074
424.010011547616,261.793209816285,3.59527047146217
10.7030564084377,183.472804315123,3.26475407844368
56.2532471104764,121.170416560451,4.35481360080092
613.493749735858,205.611134188638,4.33528830750153
258.79796962058,218.344635840584,3.93014640814691
572.593622275605,430.541678948949,4.09294395595988
302.956457969509,136.194515898328,3.89868821902212
523.932669514612,458.66255791538,3.59773312925804
49.8858461424052,424.606626219192,3.7491278197062
206.803116140664,279.017069005093,4.27315101626473
544.010589406775,272.883809393267,3.56724735811745
170.900298657737,27.6180284174148,4.25438325538922
509.311797072317,348.117880366163,4.67437431366444
41.5942698398327,46.7120094933691,3.44700027710023
519.561365227992,154.691260343554,4.58489803547077
NA,NA,NA
662.616029361448,334.186295808992,3.62160093212372
458.024091540713,295.392162440601,3.48927825738209
8.73767287797991,497.032337282855,3.67372264231995
560.744421535216,47.7864937820297,4.14504215962014
71.4322424324004,375.24307671546,3.94250723206975
227.736584745096,411.337947271162,3.96961285431214
427.829315986405,12.6867489305802,3.26652111915022
362.405410831359,294.895580818992,3.00775223514031
602.16973161776,106.308860917409,4.36014176895167
394.659750121826,230.650904541566,4.30447902343956
571.352849311245,403.152133594477,4.68899495064229
141.063125199736,281.148419073013,4.48785750629184
198.183138812233,374.970406642702,4.03176246553728
129.985542238801,412.674448038955,3.59268030136555
624.914330104392,316.430247009621,4.50136784613803
-3.37525771351491,152.491591681993,4.30251895062491
542.646031777327,201.509928981701,4.07685083865823
34.0406543232913,489.813639152352,3.07269855112065
281.797316191934,24.3034421616013,3.86133524712959
533.110794608256,390.719725958894,3.36117144534829
72.3830462462388,74.0209279454276,5.21890471291236
2.71348770837739,78.8983847514397,3.61706206135661
585.886703075418,229.517151871932,4.08545247078288
436.578832186422,459.394906620474,4.69992003979089
660.431439224995,372.5196683067,3.30080266059488
102.280096839117,485.524171149323,4.34590470162817
625.102210505304,86.9969599352786,4.05865920202074
424.010011547616,261.793209816285,3.59527047146217
10.7030564084377,183.472804315123,3.26475407844368
56.2532471104764,121.170416560451,4.35481360080092
613.493749735858,205.611134188638,4.33528830750153
258.79796962058,218.344635840584,3.93014640814691
572.593622275605,430.541678948949,4.09294395595988
302.956457969509,136.194515898328,3.89868821902212
523.932669514612,458.66255791538,3.59773312925804
49.8858461424052,424.606626219192,3.7491278197062
206.803116140664,279.017069005093,4.27315101626473
544.010589406775,272.883809393267,3.56724735811745
170.900298657737,27.6180284174148,4.25438325538922
509.311797072317,348.117880366163,4.67437431366444
41.5942698398327,46.7120094933691,3.44700027710023
519.561365227992,154.691260343554,4.58489803547077
NA,NA,NA
662.616029361448,334.186295808992,3.62160093212372
458.024091540713,295.392162440601,3.48927825738209
8.73767287797991,497.032337282855,3.67372264231995
560.744421535216,47.7864937820297,4.14504215962014
71.4322424324004,375.24307671546,3.94250723206975
227.736584745096,411.337947271162,3.96961285431214
427.829315986405,12.6867489305802,3.26652111915022
362.405410831359,294.895580818992,3.00775223514031
602.16973161776,106.308860917409,4.36014176895167
394.659750121826,230.650904541566,4.30447902343956
571.352849311245,403.152133594477,4.68899495064229
141.063125199736,281.148419073013,4.48785750629184
198.183138812233,374.970406642702,4.03176246553728
129.985542238801,412.674448038955,3.59268030136555
624.914330104392,316.430247009621,4.50136784613803
-3.37525771351491,152.491591681993,4.30251895062491
542.646031777327,201.509928981701,4.07685083865823
34.0406543232913,489.813639152352,3.07269855112065
281.797316191934,24.3034421616013,3.86133524712959
533.110794608256,390.719725958894,3.36117144534829
72.3830462462388,74.0209279454276,5.21890471291236
2.71348770837739,78.8983847514397,3.61706206135661
585.886703075418,229.517151871932,4.08545247078288
436.578832186422,459.394906620474,4.69992003979089
660.431439224995,372.5196683067,3.30080266059488
102.280096839117,485.524171149323,4.34590470162817
625.102210505304,86.9969599352786,4.05865920202074
424.010011547616,261.793209816285,3.59527047146217
10.7030564084377,183.472804315123,3.26475407844368
56.2532471104764,121.170416560451,4.35481360080092
613.493749735858,205.611134188638,4.33528830750153
258.79796962058,218.344635840584,3.93014640814691
572.593622275605,430.541678948949,4.09294395595988
302.956457969509,136.194515898328,3.89868821902212
523.932669514612,458.66255791538,3.59773312925804
49.8858461424052,424.606626219192,3.7491278197062
206.803116140664,279.017069005093,4.27315101626473
544.010589406775,272.883809393267,3.56724735811745
170.900298657737,27.6180284174148,4.25438325538922
509.311797072317,348.117880366163,4.67437431366444
41.5942698398327,46.7120094933691,3.44700027710023
519.561365227992,154.691260343554,4.58489803547077
NA,NA,NA
662.616029361448,334.186295808992,3.62160093212372
458.024091540713,295.392162440601,3.48927825738209
8.73767287797991,497.032337282855,3.67372264231995
560.744421535216,47.7864937820297,4.14504215962014
71.4322424324004,375.24307671546,3.94250723206975
227.736584745096,411.337947271162,3.96961285431214
427.829315986405,12.6867489305802,3.26652111915022
362.405410831359,294.895580818992,3.00775223514031
602.16973161776,106.308860917409,4.36014176895167
394.659750121826,230.650904541566,4.30447902343956
571.352849311245,403.152133594477,4.68899495064229
141.063125199736,281.148419073013,4.48785750629184
198.183138812233,374.970406642702,4.03176246553728
129.985542238801,412.674448038955,3.59268030136555
624.914330104392,316.430247009621,4.50136784613803
-3.37525771351491,152.491591681993,4.30251895062491
542.646031777327,201.509928981701,4.07685083865823
34.0406543232913,489.813639152352,3.07269855112065
281.797316191934,24.3034421616013,3.86133524712959
533.110794608256,390.719725958894,3.36117144534829
72.3830462462388,74.0209279454276,5.21890471291236
2.71348770837739,78.8983847514397,3.61706206135661
585.886703075418,229.517151871932,4.08545247078288
436.578832186422,459.394906620474,4.69992003979089
660.431439224995,372.5196683067,3.30080266059488
102.280096839117,485.524171149323,4.34590470162817
625.102210505304,86.9969599352786,4.05865920202074
424.010011547616,261.793209816285,3.59527047146217
10.7030564084377,183.472804315123,3.26475407844368
56.2532471104764,121.170416560451,4.35481360080092
613.493749735858,205.611134188638,4.33528830750153
258.79796962058,218.344635840584,3.93014640814691
572.593622275605,430.541678948949,4.09294395595988
302.956457969509,136.194515898328,3.89868821902212
523.932669514612,458.66255791538,3.59773312925804
49.8858461424052,424.606626219192,3.7491278197062
206.803116140664,279.017069005093,4.27315101626473
544.010589406775,272.883809393267,3.56724735811745
170.900298657737,27.6180284174148,4.25438325538922
509.311797072317,348.117880366163,4.67437431366444
41.5942698398327,46.7120094933691,3.44700027710023
519.561365227992,154.691260343554,4.58489803547077
NA,NA,NA
662.616029361448,334.186295808992,3.62160093212372
458.024091540713,295.392162440601,3.48927825738209
8.73767287797991,497.032337282855,3.67372264231995
560.744421535216,47.7864937820297,4.14504215962014
71.4322424324004,375.24307671546,3.94250723206975
227.736584745096,411.337947271162,3.96961285431214
427.829315986405,12.6867489305802,3.26652111915022
362.405410831359,294.895580818992,3.00775223514031
602.16973161776,106.308860917409,4.36014176895167
394.659750121826,230.650904541566,4.30447902343956
571.352849311245,403.152133594477,4.68899495064229
141.063125199736,281.148419073013,4.48785750629184
198.183138812233,374.970406642702,4.03176246553728
129.985542238801,412.674448038955,3.59268030136555
624.914330104392,316.430247009621,4.50136784613803
-3.37525771351491,152.491591681993,4.30251895062491
542.646031777327,201.509928981701,4.07685083865823
34.0406543232913,489.813639152352,3.07269855112065
281.797316191934,24.3034421616013,3.86133524712959
533.110794608256,390.719725958894,3.36117144534829
72.3830462462388,74.0209279454276,5.21890471291236
2.71348770837739,78.8983847514397,3.61706206135661
585.886703075418,229.517151871932,4.08545247078288
436.578832186422,459.394906620474,4.69992003979089
660.431439224995,372.5196683067,3.30080266059488
102.280096839117,485.524171149323,4.34590470162817
625.102210505304,86.9969599352786,4.05865920202074
424.010011547616,261.793209816285,3.59527047146217
10.7030564084377,183.472804315123,3.26475407844368
56.2532471104764,121.170416560451,4.35481360080092
613.493749735858,205.611134188638,4.33528830750153
258.79796962058,218.344635840584,3.93014640814691
572.593622275605,430.541678948949,4.09294395595988
302.956457969509,136.194515898328,3.89868821902212
523.932669514612,458.66255791538,3.59773312925804
49.8858461424052,424.606626219192,3.7491278197062
206.803116140664,279.017069005093,4.27315101626473
544.010589406775,272.883809393267,3.56724735811745
170.900298657737,27.6180284174148,4.25438325538922
509.311797072317,348.117880366163,4.67437431366444
41.5942698398327,46.7120094933691,3.44700027710023
519.561365227992,154.691260343554,4.58489803547077
NA,NA,NA
662.616029361448,334.186295808992,3.62160093212372
458.024091540713,295.392162440601,3.48927825738209
8.73767287797991,497.032337282855,3.67372264231995
560.744421535216,47.7864937820297,4.14504215962014
71.4322424324004,375.24307671546,3.94250723206975
227.736584745096,411.337947271162,3.96961285431214
427.829315986405,12.6867489305802,3.26652111915022
362.405410831359,294.895580818992,3.00775223514031
602.16973161776,106.308860917409,4.36014176895167
394.659750121826,230.650904541566,4.30447902343956
571.352849311245,403.152133594477,4.68899495064229
141.063125199736,281.148419073013,4.48785750629184
198.183138812233,374.970406642702,4.03176246553728
129.985542238801,412.674448038955,3.59268030136555
624.914330104392,316.430247009621,4.50136784613803
-3.37525771351491,152.491591681993,4.30251895062491
542.646031777327,201.509928981701,4.07685083865823
34.0406543232913,489.813639152352,3.07269855112065
281.797316191934,24.3034421616013,3.86133524712959
533.110794608256,390.719725958894,3.36117144534829
72.3830462462388,74.0209279454276,5.21890471291236
2.71348770837739,78.8983847514397,3.61706206135661
585.886703075418,229.517151871932,4.08545247078288
436.578832186422,459.394906620474,4.69992003979089
660.431439224995,372.5196683067,3.30080266059488
102.280096839117,485.524171149323,4.34590470162817
625.102210505304,86.9969599352786,4.05865920202074
424.010011547616,261.793209816285,3.59527047146217
10.7030564084377,183.472804315123,3.26475407844368
56.2532471104764,121.170416560451,4.35481360080092
613.493749735858,205.611134188638,4.33528830750153
258.79796962058,218.344635840584,3.93014640814691
572.593622275605,430.541678948949,4.09294395595988
302.956457969509,136.194515898328,3.89868821902212
523.932669514612,458.66255791538,3.59773312925804
49.8858461424052,424.606626219192,3.7491278197062
206.803116140664,279.017069005093,4.27315101626473
544.010589406775,272.883809393267,3.56724735811745
170.900298657737,27.6180284174148,4.25438325538922
509.311797072317,348.117880366163,4.67437431366444
41.5942698398327,46.7120094933691,3.44700027710023
519.561365227992,154.691260343554,4.58489803547077
NA,NA,NA
658.478127808542,335.049669995843,3.5513713641511
459.037153111665,297.159724779364,3.6560038614105
10.8457522307237,494.018539106754,3.68389404365985
559.878156652708,48.4444556943308,4.12159694769738
70.711238737708,380.400371888771,3.97885880988408
228.299211222296,415.938893352067,3.85154224207303
428.02978687044,11.3830490552897,3.40037647512437
362.301244650468,293.603477401458,3.06250946738643
604.498066178587,102.322959177665,4.20141716777135
391.847592825999,231.935629079424,4.13073623057371
569.748066960063,413.618287821481,4.73521952714327
135.659421649759,273.667220546063,4.82156823573746
201.207457558433,370.060148758738,3.9217336791398
121.734814687249,410.648466175931,3.36200731729402
625.22438371965,310.689672432858,4.57850850926762
3.12211527643442,154.192134946627,4.36033548322926
543.395057241647,204.868039988041,4.18890679404385
35.2897731087905,492.387237913791,3.05818985086857
278.681388647835,21.3670517661643,3.86838646155733
531.471347456354,393.16000472071,3.41922157590205
63.4792701715916,78.91934014568,5.18626760633892
3.26244048482819,76.0924228386496,3.48507837045603
586.595748504141,224.26706807041,4.04278699068223
443.18346807696,462.258022161256,4.85598272007306
656.949294355261,374.034263481961,3.24088506674166
104.459293940258,493.126895415747,4.33376032418739
622.525238889766,93.2591539140455,4.12735374272363
421.065566299252,260.797052333305,3.61296863830565
12.6778663385353,181.973188725697,3.08851382345179
68.6926677246371,128.934205216555,4.43318444717738
611.290368257356,204.464157819425,4.21466979832469
252.408571447685,214.682210585725,4.0968180831107
570.536429577459,434.755292340837,4.00093993902401
299.021644132385,140.994786904261,3.56130914223372
521.563123152225,464.01040882091,3.85212932863435
44.373765463589,418.154077028254,3.80220179331534
192.050898794747,282.107881403949,3.91514410297793
548.726271730006,264.687494301459,3.55188934053878
180.919705451792,37.5713322862166,4.1553875734434
490.134558049394,345.590435707691,4.67103266949893
36.0444270121069,60.3121349032897,3.67289307852351
527.880726212893,153.096632469904,4.43499132026641
NA,NA,NA
658.478127808542,335.049669995843,3.5513713641511
459.037153111665,297.159724779364,3.6560038614105
10.8457522307237,494.018539106754,3.68389404365985
559.878156652708,48.4444556943308,4.12159694769738
70.711238737708,380.400371888771,3.97885880988408
228.299211222296,415.938893352067,3.85154224207303
428.02978687044,11.3830490552897,3.40037647512437
362.301244650468,293.603477401458,3.06250946738643
604.498066178587,102.322959177665,4.20141716777135
391.847592825999,231.935629079424,4.13073623057371
569.748066960063,413.618287821481,4.73521952714327
135.659421649759,273.667220546063,4.82156823573746
201.207457558433,370.060148758738,3.9217336791398
121.734814687249,410.648466175931,3.36200731729402
625.22438371965,310.689672432858,4.57850850926762
3.12211527643442,154.192134946627,4.36033548322926
543.395057241647,204.868039988041,4.18890679404385
35.2897731087905,492.387237913791,3.05818985086857
278.681388647835,21.3670517661643,3.86838646155733
531.471347456354,393.16000472071,3.41922157590205
63.4792701715916,78.91934014568,5.18626760633892
3.26244048482819,76.0924228386496,3.48507837045603
586.595748504141,224.26706807041,4.04278699068223
443.18346807696,462.258022161256,4.85598272007306
656.949294355261,374.034263481961,3.24088506674166
104.459293940258,493.126895415747,4.33376032418739
622.525238889766,93.2591539140455,4.12735374272363
421.065566299252,260.797052333305,3.61296863830565
12.6778663385353,181.973188725697,3.08851382345179
68.6926677246371,128.934205216555,4.43318444717738
611.290368257356,204.464157819425,4.21466979832469
252.408571447685,214.682210585725,4.0968180831107
570.536429577459,434.755292340837,4.00093993902401
299.021644132385,140.994786904261,3.56130914223372
521.563123152225,464.01040882091,3.85212932863435
44.373765463589,418.154077028254,3.80220179331534
192.050898794747,282.107881403949,3.91514410297793
548.726271730006,264.687494301459,3.55188934053878
180.919705451792,37.5713322862166,4.1553875734434
490.134558049394,345.590435707691,4.67103266949893
36.0444270121069,60.3121349032897,3.67289307852351
527.880726212893,153.096632469904,4.43499132026641
NA,NA,NA
658.478127808542,335.049669995843,3.5513713641511
459.037153111665,297.159724779364,3.6560038614105
10.8457522307237,494.018539106754,3.68389404365985
559.878156652708,48.4444556943308,4.12159694769738
70.711238737708,380.400371888771,3.97885880988408
228.299211222296,415.938893352067,3.85154224207303
428.02978687044,11.3830490552897,3.40037647512437
362.301244650468,293.603477401458,3.06250946738643
604.498066178587,102.322959177665,4.20141716777135
391.847592825999,231.935629079424,4.13073623057371
569.748066960063,413.618287821481,4.73521952714327
135.659421649759,273.667220546063,4.82156823573746
201.207457558433,370.060148758738,3.9217336791398
121.734814687249,410.648466175931,3.36200731729402
625.22438371965,310.689672432858,4.57850850926762
3.12211527643442,154.192134946627,4.36033548322926
543.395057241647,204.868039988041,4.18890679404385
35.2897731087905,492.387237913791,3.05818985086857
278.681388647835,21.3670517661643,3.86838646155733
531.471347456354,393.16000472071,3.41922157590205
63.4792701715916,78.91934014568,5.18626760633892
3.26244048482819,76.0924228386496,3.48507837045603
586.595748504141,224.26706807041,4.04278699068223
443.18346807696,462.258022161256,4.85598272007306
656.949294355261,374.034263481961,3.24088506674166
104.459293940258,493.126895415747,4.33376032418739
622.525238889766,93.2591539140455,4.12735374272363
421.065566299252,260.797052333305,3.61296863830565
12.6778663385353,181.973188725697,3.08851382345179
68.6926677246371,128.934205216555,4.43318444717738
611.290368257356,204.464157819425,4.21466979832469
252.408571447685,214.682210585725,4.0968180831107
570.536429577459,434.755292340837,4.00093993902401
299.021644132385,140.994786904261,3.56130914223372
521.563123152225,464.01040882091,3.85212932863435
44.373765463589,418.154077028254,3.80220179331534
192.050898794747,282.107881403949,3.91514410297793
548.726271730006,264.687494301459,3.55188934053878
180.919705451792,37.5713322862166,4.1553875734434
490.134558049394,345.590435707691,4.67103266949893
36.0444270121069,60.3121349032897,3.67289307852351
527.880726212893,153.096632469904,4.43499132026641
NA,NA,NA
658.478127808542,335.049669995843,3.5513713641511
459.037153111665,297.159724779364,3.6560038614105
10.8457522307237,494.018539106754,3.68389404365985
559.878156652708,48.4444556943308,4.12159694769738
70.711238737708,380.400371888771,3.97885880988408
228.299211222296,415.938893352067,3.85154224207303
428.02978687044,11.3830490552897,3.40037647512437
362.301244650468,293.603477401458,3.06250946738643
604.498066178587,102.322959177665,4.20141716777135
391.847592825999,231.935629079424,4.13073623057371
569.748066960063,413.618287821481,4.73521952714327
135.659421649759,273.667220546063,4.82156823573746
201.207457558433,370.060148758738,3.9217336791398
121.734814687249,410.648466175931,3.36200731729402
625.22438371965,310.689672432858,4.57850850926762
3.12211527643442,154.192134946627,4.36033548322926
543.395057241647,204.868039988041,4.18890679404385
35.2897731087905,492.387237913791,3.05818985086857
278.681388647835,21.3670517661643,3.86838646155733
531.471347456354,393.16000472071,3.41922157590205
63.4792701715916,78.91934014568,5.18626760633892
3.26244048482819,76.0924228386496,3.48507837045603
586.595748504141,224.26706807041,4.04278699068223
443.18346807696,462.258022161256,4.85598272007306
656.949294355261,374.034263481961,3.24088506674166
104.459293940258,493.126895415747,4.33376032418739
622.525238889766,93.2591539140455,4.12735374272363
421.065566299252,260.797052333305,3.61296863830565
12.6778663385353,181.973188725697,3.08851382345179
68.6926677246371,128.934205216555,4.43318444717738
611.290368257356,204.464157819425,4.21466979832469
252.408571447685,214.682210585725,4.0968180831107
570.536429577459,434.755292340837,4.00093993902401
299.021644132385,140.994786904261,3.56130914223372
521.563123152225,464.01040882091,3.85212932863435
44.373765463589,418.154077028254,3.80220179331534
192.050898794747,282.107881403949,3.91514410297793
548.726271730006,264.687494301459,3.55188934053878
180.919705451792,37.5713322862166,4.1553875734434
490.134558049394,345.590435707691,4.67103266949893
36.0444270121069,60.3121349032897,3.67289307852351
527.880726212893,153.096632469904,4.43499132026641
NA,NA,NA
658.478127808542,335.049669995843,3.5513713641511
459.037153111665,297.159724779364,3.6560038614105
10.8457522307237,494.018539106754,3.68389404365985
559.878156652708,48.4444556943308,4.12159694769738
70.711238737708,380.400371888771,3.97885880988408
228.299211222296,415.938893352067,3.85154224207303
428.02978687044,11.3830490552897,3.40037647512437
362.301244650468,293.603477401458,3.06250946738643
604.498066178587,102.322959177665,4.20141716777135
391.847592825999,231.935629079424,4.13073623057371
569.748066960063,413.618287821481,4.73521952714327
135.659421649759,273.667220546063,4.82156823573746
201.207457558433,370.060148758738,3.9217336791398
121.734814687249,410.648466175931,3.36200731729402
625.22438371965,310.689672432858,4.57850850926762
3.12211527643442,154.192134946627,4.36033548322926
543.395057241647,204.868039988041,4.18890679404385
35.2897731087905,492.387237913791,3.05818985086857
278.681388647835,21.3670517661643,3.86838646155733
531.471347456354,393.16000472071,3.41922157590205
63.4792701715916,78.91934014568,5.18626760633892
3.26244048482819,76.0924228386496,3.48507837045603
586.595748504141,224.26706807041,4.04278699068223
443.18346807696,462.258022161256,4.85598272007306
656.949294355261,374.034263481961,3.24088506674166
104.459293940258,493.126895415747,4.33376032418739
622.525238889766,93.2591539140455,4.12735374272363
421.065566299252,260.797052333305,3.61296863830565
12.6778663385353,181.973188725697,3.08851382345179
68.6926677246371,128.934205216555,4.43318444717738
611.290368257356,204.464157819425,4.21466979832469
252.408571447685,214.682210585725,4.0968180831107
570.536429577459,434.755292340837,4.00093993902401
299.021644132385,140.994786904261,3.56130914223372
521.563123152225,464.01040882091,3.85212932863435
44.373765463589,418.154077028254,3.80220179331534
192.050898794747,282.107881403949,3.91514410297793
548.726271730006,264.687494301459,3.55188934053878
180.919705451792,37.5713322862166,4.1553875734434
490.134558049394,345.590435707691,4.67103266949893
36.0444270121069,60.3121349032897,3.67289307852351
527.880726212893,153.096632469904,4.43499132026641
NA,NA,NA
658.478127808542,335.049669995843,3.5513713641511
459.037153111665,297.159724779364,3.6560038614105
10.8457522307237,494.018539106754,3.68389404365985
559.878156652708,48.4444556943308,4.12159694769738
70.711238737708,380.400371888771,3.97885880988408
228.299211222296,415.938893352067,3.85154224207303
428.02978687044,11.3830490552897,3.40037647512437
362.301244650468,293.603477401458,3.06250946738643
604.498066178587,102.322959177665,4.20141716777135
391.847592825999,231.935629079424,4.13073623057371
569.748066960063,413.618287821481,4.73521952714327
135.659421649759,273.667220546063,4.82156823573746
201.207457558433,370.060148758738,3.9217336791398
121.734814687249,410.648466175931,3.36200731729402
625.22438371965,310.689672432858,4.57850850926762
3.12211527643442,154.192134946627,4.36033548322926
543.395057241647,204.868039988041,4.18890679404385
35.2897731087905,492.387237913791,3.05818985086857
278.681388647835,21.3670517661643,3.86838646155733
531.471347456354,393.16000472071,3.41922157590205
63.4792701715916,78.91934014568,5.18626760633892
3.26244048482819,76.0924228386496,3.48507837045603
586.595748504141,224.26706807041,4.04278699068223
443.18346807696,462.258022161256,4.85598272007306
656.949294355261,374.034263481961,3.24088506674166
104.459293940258,493.126895415747,4.33376032418739
622.525238889766,93.2591539140455,4.12735374272363
421.065566299252,260.797052333305,3.61296863830565
12.6778663385353,181.973188725697,3.08851382345179
68.6926677246371,128.934205216555,4.43318444717738
611.290368257356,204.464157819425,4.21466979832469
252.408571447685,214.682210585725,4.0968180831107
570.536429577459,434.755292340837,4.00093993902401
299.021644132385,140.994786904261,3.56130914223372
521.563123152225,464.01040882091,3.85212932863435
44.373765463589,418.154077028254,3.80220179331534
192.050898794747,282.107881403949,3.91514410297793
548.726271730006,264.687494301459,3.55188934053878
180.919705451792,37.5713322862166,4.1553875734434
490.134558049394,345.590435707691,4.67103266949893
36.0444270121069,60.3121349032897,3.67289307852351
527.880726212893,153.096632469904,4.43499132026641
NA,NA,NA
662.84897597544,333.822154594343,3.4304179898099
455.525260067369,299.61710802565,3.47742339851875
11.8728907624411,491.424979815471,3.61042224474203
562.969755882908,52.5303764173323,4.2353695539765
71.3024603756618,375.037706208533,3.95198299524769
229.078099984811,414.723365159713,3.95358312304975
427.250223374138,12.5518400136924,3.30078114247903
359.614209367136,290.236700104911,3.14340250632144
599.480133240407,99.568059696493,4.20174143632952
390.464023404017,229.897459258403,4.13501683373746
582.253693853288,411.738653647881,4.68159827746893
142.06366544804,278.984400477337,4.7372624380797
203.089773793112,367.926515508014,3.97718508543364
123.712866920259,410.300565399332,3.53933969326798
621.819885329089,310.889052124389,4.51930103855396
0.747982099608895,149.887259360687,4.21865290615827
540.491459720111,198.682980090712,4.19639299414384
33.2599040537462,492.793341360989,3.05813099398952
284.266130164222,26.4665376087941,3.8826512103087
533.196494447764,394.291794203237,3.26531132331268
66.422338274276,74.4346020583908,5.24707150179695
2.53631849555789,77.8341981726713,3.41634069162064
585.927101040148,228.116839004615,3.97378673674425
443.173681012983,462.349102836707,4.76315111308682
657.106104088904,373.189437425906,3.19010831494607
105.678950361611,488.548240740998,4.31964895941255
620.119349306572,88.114787760106,4.09910179068132
420.030818596267,259.463390422729,3.66629393484997
11.5217180245866,180.069318228571,3.34304217307143
60.6396903011899,115.489171696555,4.29438046032133
602.148848633458,188.195150232407,4.54869043732684
247.886742255396,224.409196528651,3.56817288375154
568.219558811531,433.230555437996,3.69969063468709
297.061792367724,137.266317967119,3.77229851355935
531.475419591437,461.929647725844,3.63611049406703
50.6300357303738,410.211787323026,3.97336987491113
182.15513520287,286.804781978693,4.34111135417361
554.565209137318,271.251479262934,3.83498619677684
183.183303496434,35.9113327027412,4.28475456414178
495.682376351334,342.893253483726,4.67552479691887
36.2689959293374,52.9353435231475,4.30349607131486
544.348228349303,148.696324661604,4.43696756248898
NA,NA,NA
662.84897597544,333.822154594343,3.4304179898099
455.525260067369,299.61710802565,3.47742339851875
11.8728907624411,491.424979815471,3.61042224474203
562.969755882908,52.5303764173323,4.2353695539765
71.3024603756618,375.037706208533,3.95198299524769
229.078099984811,414.723365159713,3.95358312304975
427.250223374138,12.5518400136924,3.30078114247903
359.614209367136,290.236700104911,3.14340250632144
599.480133240407,99.568059696493,4.20174143632952
390.464023404017,229.897459258403,4.13501683373746
582.253693853288,411.738653647881,4.68159827746893
142.06366544804,278.984400477337,4.7372624380797
203.089773793112,367.926515508014,3.97718508543364
123.712866920259,410.300565399332,3.53933969326798
621.819885329089,310.889052124389,4.51930103855396
0.747982099608895,149.887259360687,4.21865290615827
540.491459720111,198.682980090712,4.19639299414384
33.2599040537462,492.793341360989,3.05813099398952
284.266130164222,26.4665376087941,3.8826512103087
533.196494447764,394.291794203237,3.26531132331268
66.422338274276,74.4346020583908,5.24707150179695
2.53631849555789,77.8341981726713,3.41634069162064
585.927101040148,228.116839004615,3.97378673674425
443.173681012983,462.349102836707,4.76315111308682
657.106104088904,373.189437425906,3.19010831494607
105.678950361611,488.548240740998,4.31964895941255
620.119349306572,88.114787760106,4.09910179068132
420.030818596267,259.463390422729,3.66629393484997
11.5217180245866,180.069318228571,3.34304217307143
60.6396903011899,115.489171696555,4.29438046032133
602.148848633458,188.195150232407,4.54869043732684
247.886742255396,224.409196528651,3.56817288375154
568.219558811531,433.230555437996,3.69969063468709
297.061792367724,137.266317967119,3.77229851355935
531.475419591437,461.929647725844,3.63611049406703
50.6300357303738,410.211787323026,3.97336987491113
182.15513520287,286.804781978693,4.34111135417361
554.565209137318,271.251479262934,3.83498619677684
183.183303496434,35.9113327027412,4.28475456414178
495.682376351334,342.893253483726,4.67552479691887
36.2689959293374,52.9353435231475,4.30349607131486
544.348228349303,148.696324661604,4.43696756248898
NA,NA,NA
662.84897597544,333.822154594343,3.4304179898099
455.525260067369,299.61710802565,3.47742339851875
11.8728907624411,491.424979815471,3.61042224474203
562.969755882908,52.5303764173323,4.2353695539765
71.3024603756618,375.037706208533,3.95198299524769
229.078099984811,414.723365159713,3.95358312304975
427.250223374138,12.5518400136924,3.30078114247903
359.614209367136,290.236700104911,3.14340250632144
599.480133240407,99.568059696493,4.20174143632952
390.464023404017,229.897459258403,4.13501683373746
582.253693853288,411.738653647881,4.68159827746893
142.06366544804,278.984400477337,4.7372624380797
203.089773793112,367.926515508014,3.97718508543364
123.712866920259,410.300565399332,3.53933969326798
621.819885329089,310.889052124389,4.51930103855396
0.747982099608895,149.887259360687,4.21865290615827
540.491459720111,198.682980090712,4.19639299414384
33.2599040537462,492.793341360989,3.05813099398952
284.266130164222,26.4665376087941,3.8826512103087
533.196494447764,394.291794203237,3.26531132331268
66.422338274276,74.4346020583908,5.24707150179695
2.53631849555789,77.8341981726713,3.41634069162064
585.927101040148,228.116839004615,3.97378673674425
443.173681012983,462.349102836707,4.76315111308682
657.106104088904,373.189437425906,3.19010831494607
105.678950361611,488.548240740998,4.31964895941255
620.119349306572,88.114787760106,4.09910179068132
420.030818596267,259.463390422729,3.66629393484997
11.5217180245866,180.069318228571,3.34304217307143
60.6396903011899,115.489171696555,4.29438046032133
602.148848633458,188.195150232407,4.54869043732684
247.886742255396,224.409196528651,3.56817288375154
568.219558811531,433.230555437996,3.69969063468709
297.061792367724,137.266317967119,3.77229851355935
531.475419591437,461.929647725844,3.63611049406703
50.6300357303738,410.211787323026,3.97336987491113
182.15513520287,286.804781978693,4.34111135417361
554.565209137318,271.251479262934,3.83498619677684
183.183303496434,35.9113327027412,4.28475456414178
495.682376351334,342.893253483726,4.67552479691887
36.2689959293374,52.9353435231475,4.30349607131486
544.348228349303,148.696324661604,4.43696756248898
NA,NA,NA
662.84897597544,333.822154594343,3.4304179898099
455.525260067369,299.61710802565,3.47742339851875
11.8728907624411,491.424979815471,3.61042224474203
562.969755882908,52.5303764173323,4.2353695539765
71.3024603756618,375.037706208533,3.95198299524769
229.078099984811,414.723365159713,3.95358312304975
427.250223374138,12.5518400136924,3.30078114247903
359.614209367136,290.236700104911,3.14340250632144
599.480133240407,99.568059696493,4.20174143632952
390.464023404017,229.897459258403,4.13501683373746
582.253693853288,411.738653647881,4.68159827746893
142.06366544804,278.984400477337,4.7372624380797
203.089773793112,367.926515508014,3.97718508543364
123.712866920259,410.300565399332,3.53933969326798
621.819885329089,310.889052124389,4.51930103855396
0.747982099608895,149.887259360687,4.21865290615827
540.491459720111,198.682980090712,4.19639299414384
33.2599040537462,492.793341360989,3.05813099398952
284.266130164222,26.4665376087941,3.8826512103087
533.196494447764,394.291794203237,3.26531132331268
66.422338274276,74.4346020583908,5.24707150179695
2.53631849555789,77.8341981726713,3.41634069162064
585.927101040148,228.116839004615,3.97378673674425
443.173681012983,462.349102836707,4.76315111308682
657.106104088904,373.189437425906,3.19010831494607
105.678950361611,488.548240740998,4.31964895941255
620.119349306572,88.114787760106,4.09910179068132
420.030818596267,259.463390422729,3.66629393484997
11.5217180245866,180.069318228571,3.34304217307143
60.6396903011899,115.489171696555,4.29438046032133
602.148848633458,188.195150232407,4.54869043732684
247.886742255396,224.409196528651,3.56817288375154
568.219558811531,433.230555437996,3.69969063468709
297.061792367724,137.266317967119,3.77229851355935
531.475419591437,461.929647725844,3.63611049406703
50.6300357303738,410.211787323026,3.97336987491113
182.15513520287,286.804781978693,4.34111135417361
554.565209137318,271.251479262934,3.83498619677684
183.183303496434,35.9113327027412,4.28475456414178
495.682376351334,342.893253483726,4.67552479691887
36.2689959293374,52.9353435231475,4.30349607131486
544.348228349303,148.696324661604,4.43696756248898
NA,NA,NA
662.84897597544,333.822154594343,3.4304179898099
455.525260067369,299.61710802565,3.47742339851875
11.8728907624411,491.424979815471,3.61042224474203
562.969755882908,52.5303764173323,4.2353695539765
71.3024603756618,375.037706208533,3.95198299524769
229.078099984811,414.723365159713,3.95358312304975
427.250223374138,12.5518400136924,3.30078114247903
359.614209367136,290.236700104911,3.14340250632144
599.480133240407,99.568059696493,4.20174143632952
390.464023404017,229.897459258403,4.13501683373746
582.253693853288,411.738653647881,4.68159827746893
142.06366544804,278.984400477337,4.7372624380797
203.089773793112,367.926515508014,3.97718508543364
123.712866920259,410.300565399332,3.53933969326798
621.819885329089,310.889052124389,4.51930103855396
0.747982099608895,149.887259360687,4.21865290615827
540.491459720111,198.682980090712,4.19639299414384
33.2599040537462,492.793341360989,3.05813099398952
284.266130164222,26.4665376087941,3.8826512103087
533.196494447764,394.291794203237,3.26531132331268
66.422338274276,74.4346020583908,5.24707150179695
2.53631849555789,77.8341981726713,3.41634069162064
585.927101040148,228.116839004615,3.97378673674425
443.173681012983,462.349102836707,4.76315111308682
657.106104088904,373.189437425906,3.19010831494607
105.678950361611,488.548240740998,4.31964895941255
620.119349306572,88.114787760106,4.09910179068132
420.030818596267,259.463390422729,3.66629393484997
11.5217180245866,180.069318228571,3.34304217307143
60.6396903011899,115.489171696555,4.29438046032133
602.148848633458,188.195150232407,4.54869043732684
247.886742255396,224.409196528651,3.56817288375154
568.219558811531,433.230555437996,3.69969063468709
297.061792367724,137.266317967119,3.77229851355935
531.475419591437,461.929647725844,3.63611049406703
50.6300357303738,410.211787323026,3.97336987491113
182.15513520287,286.804781978693,4.34111135417361
554.565209137318,271.251479262934,3.83498619677684
183.183303496434,35.9113327027412,4.28475456414178
495.682376351334,342.893253483726,4.67552479691887
36.2689959293374,52.9353435231475,4.30349607131486
544.348228349303,148.696324661604,4.43696756248898
NA,NA,NA
662.84897597544,333.822154594343,3.4304179898099
455.525260067369,299.61710802565,3.47742339851875
11.8728907624411,491.424979815471,3.61042224474203
562.969755882908,52.5303764173323,4.2353695539765
71.3024603756618,375.037706208533,3.95198299524769
229.078099984811,414.723365159713,3.95358312304975
427.250223374138,12.5518400136924,3.30078114247903
359.614209367136,290.236700104911,3.14340250632144
599.480133240407,99.568059696493,4.20174143632952
390.464023404017,229.897459258403,4.13501683373746
582.253693853288,411.738653647881,4.68159827746893
142.06366544804,278.984400477337,4.7372624380797
203.089773793112,367.926515508014,3.97718508543364
123.712866920259,410.300565399332,3.53933969326798
621.819885329089,310.889052124389,4.51930103855396
0.747982099608895,149.887259360687,4.21865290615827
540.491459720111,198.682980090712,4.19639299414384
33.2599040537462,492.793341360989,3.05813099398952
284.266130164222,26.4665376087941,3.8826512103087
533.196494447764,394.291794203237,3.26531132331268
66.422338274276,74.4346020583908,5.24707150179695
2.53631849555789,77.8341981726713,3.41634069162064
585.927101040148,228.116839004615,3.97378673674425
443.173681012983,462.349102836707,4.76315111308682
657.106104088904,373.189437425906,3.19010831494607
105.678950361611,488.548240740998,4.31964895941255
620.119349306572,88.114787760106,4.09910179068132
420.030818596267,259.463390422729,3.66629393484997
11.5217180245866,180.069318228571,3.34304217307143
60.6396903011899,115.489171696555,4.29438046032133
602.148848633458,188.195150232407,4.54869043732684
247.886742255396,224.409196528651,3.56817288375154
568.219558811531,433.230555437996,3.69969063468709
297.061792367724,137.266317967119,3.77229851355935
531.475419591437,461.929647725844,3.63611049406703
50.6300357303738,410.211787323026,3.97336987491113
182.15513520287,286.804781978693,4.34111135417361
554.565209137318,271.251479262934,3.83498619677684
183.183303496434,35.9113327027412,4.28475456414178
495.682376351334,342.893253483726,4.67552479691887
36.2689959293374,52.9353435231475,4.30349607131486
544.348228349303,148.696324661604,4.43696756248898
NA,NA,NA
660.046379968632,335.284326329083,3.61504612306038
455.116033062399,301.656720304653,3.6268370810775
11.1642752878379,492.950851417946,3.7468423271419
563.416521628393,48.3794204648772,4.22112150847149
70.4046907812427,373.447055688098,4.01061808385856
231.718316267457,413.860229678326,3.8852119742893
427.333649154073,12.964083531089,3.26268045984475
360.266573809928,292.58929301036,3.06826318181091
599.821491100203,103.708666408625,4.25837000319946
393.224459826713,229.298022108726,4.20318512401769
572.565118862367,405.357306451834,4.69387165748492
138.38694276333,281.579464869472,4.45660820075414
185.407879478102,369.707987940115,4.01693672347955
124.534075842933,411.222913916685,3.38292416267947
622.771235016586,308.224851410268,4.62649451886756
1.98070083907367,154.864116554989,4.33697148728
543.81538656349,202.503180331595,4.08540799203768
33.5940486258737,491.614822166631,3.16912663263493
276.28951501566,26.7360370482833,3.85010446737637
534.40642432754,390.291867690346,3.25137999243612
74.3480994280903,81.3205137906685,5.25536859003442
6.29260805974082,78.0273745147274,3.39165132157541
585.06697653732,223.249738650056,3.95875960211158
439.052191320094,462.047505576915,4.80342384292516
659.916035720578,373.371327350079,2.99593089384367
107.578077489186,487.70461864123,4.40829508752338
625.457814570859,85.6534833002664,4.08258278933494
420.62912930036,259.940420157592,3.63328521788598
11.077979397237,183.790556188361,3.25565628829864
63.0398141272739,113.569623044218,4.45318712458902
626.715744914298,201.819359454881,4.47796707923774
247.413039904425,222.769622398847,3.4496852435973
576.03863552429,428.208550142899,3.84148293937545
300.313773928963,140.770174276219,3.88265774174382
524.916059860693,470.839695564763,3.73594352190605
47.2743282117586,410.07941238481,3.90708598086764
197.310378798941,290.670007176653,4.18719621375576
541.120349868424,256.724386134993,3.83124712826752
187.444986353005,38.045050003861,4.22747375600286
506.988061960256,357.134432442092,4.77494547154715
39.7951874943667,67.2077694368467,3.4528122631425
541.585247430323,139.54399787494,4.72391907612207
NA,NA,NA
660.046379968632,335.284326329083,3.61504612306038
455.116033062399,301.656720304653,3.6268370810775
11.1642752878379,492.950851417946,3.7468423271419
563.416521628393,48.3794204648772,4.22112150847149
70.4046907812427,373.447055688098,4.01061808385856
231.718316267457,413.860229678326,3.8852119742893
427.333649154073,12.964083531089,3.26268045984475
360.266573809928,292.58929301036,3.06826318181091
599.821491100203,103.708666408625,4.25837000319946
393.224459826713,229.298022108726,4.20318512401769
572.565118862367,405.357306451834,4.69387165748492
138.38694276333,281.579464869472,4.45660820075414
185.407879478102,369.707987940115,4.01693672347955
124.534075842933,411.222913916685,3.38292416267947
622.771235016586,308.224851410268,4.62649451886756
1.98070083907367,154.864116554989,4.33697148728
543.81538656349,202.503180331595,4.08540799203768
33.5940486258737,491.614822166631,3.16912663263493
276.28951501566,26.7360370482833,3.85010446737637
534.40642432754,390.291867690346,3.25137999243612
74.3480994280903,81.3205137906685,5.25536859003442
6.29260805974082,78.0273745147274,3.39165132157541
585.06697653732,223.249738650056,3.95875960211158
439.052191320094,462.047505576915,4.80342384292516
659.916035720578,373.371327350079,2.99593089384367
107.578077489186,487.70461864123,4.40829508752338
625.457814570859,85.6534833002664,4.08258278933494
420.62912930036,259.940420157592,3.63328521788598
11.077979397237,183.790556188361,3.25565628829864
63.0398141272739,113.569623044218,4.45318712458902
626.715744914298,201.819359454881,4.47796707923774
247.413039904425,222.769622398847,3.4496852435973
576.03863552429,428.208550142899,3.84148293937545
300.313773928963,140.770174276219,3.88265774174382
524.916059860693,470.839695564763,3.73594352190605
47.2743282117586,410.07941238481,3.90708598086764
197.310378798941,290.670007176653,4.18719621375576
541.120349868424,256.724386134993,3.83124712826752
187.444986353005,38.045050003861,4.22747375600286
506.988061960256,357.134432442092,4.77494547154715
39.7951874943667,67.2077694368467,3.4528122631425
541.585247430323,139.54399787494,4.72391907612207
NA,NA,NA
660.046379968632,335.284326329083,3.61504612306038
455.116033062399,301.656720304653,3.6268370810775
11.1642752878379,492.950851417946,3.7468423271419
563.416521628393,48.3794204648772,4.22112150847149
70.4046907812427,373.447055688098,4.01061808385856
231.718316267457,413.860229678326,3.8852119742893
427.333649154073,12.964083531089,3.26268045984475
360.266573809928,292.58929301036,3.06826318181091
599.821491100203,103.708666408625,4.25837000319946
393.224459826713,229.298022108726,4.20318512401769
572.565118862367,405.357306451834,4.69387165748492
138.38694276333,281.579464869472,4.45660820075414
185.407879478102,369.707987940115,4.01693672347955
124.534075842933,411.222913916685,3.38292416267947
622.771235016586,308.224851410268,4.62649451886756
1.98070083907367,154.864116554989,4.33697148728
543.81538656349,202.503180331595,4.08540799203768
33.5940486258737,491.614822166631,3.16912663263493
276.28951501566,26.7360370482833,3.85010446737637
534.40642432754,390.291867690346,3.25137999243612
74.3480994280903,81.3205137906685,5.25536859003442
6.29260805974082,78.0273745147274,3.39165132157541
585.06697653732,223.249738650056,3.95875960211158
439.052191320094,462.047505576915,4.80342384292516
659.916035720578,373.371327350079,2.99593089384367
107.578077489186,487.70461864123,4.40829508752338
625.457814570859,85.6534833002664,4.08258278933494
420.62912930036,259.940420157592,3.63328521788598
11.077979397237,183.790556188361,3.25565628829864
63.0398141272739,113.569623044218,4.45318712458902
626.715744914298,201.819359454881,4.47796707923774
247.413039904425,222.769622398847,3.4496852435973
576.03863552429,428.208550142899,3.84148293937545
300.313773928963,140.770174276219,3.88265774174382
524.916059860693,470.839695564763,3.73594352190605
47.2743282117586,410.07941238481,3.90708598086764
197.310378798941,290.670007176653,4.18719621375576
541.120349868424,256.724386134993,3.83124712826752
187.444986353005,38.045050003861,4.22747375600286
506.988061960256,357.134432442092,4.77494547154715
39.7951874943667,67.2077694368467,3.4528122631425
541.585247430323,139.54399787494,4.72391907612207
NA,NA,NA
660.046379968632,335.284326329083,3.61504612306038
455.116033062399,301.656720304653,3.6268370810775
11.1642752878379,492.950851417946,3.7468423271419
563.416521628393,48.3794204648772,4.22112150847149
70.4046907812427,373.447055688098,4.01061808385856
231.718316267457,413.860229678326,3.8852119742893
427.333649154073,12.964083531089,3.26268045984475
360.266573809928,292.58929301036,3.06826318181091
599.821491100203,103.708666408625,4.25837000319946
393.224459826713,229.298022108726,4.20318512401769
572.565118862367,405.357306451834,4.69387165748492
138.38694276333,281.579464869472,4.45660820075414
185.407879478102,369.707987940115,4.01693672347955
124.534075842933,411.222913916685,3.38292416267947
622.771235016586,308.224851410268,4.62649451886756
1.98070083907367,154.864116554989,4.33697148728
543.81538656349,202.503180331595,4.08540799203768
33.5940486258737,491.614822166631,3.16912663263493
276.28951501566,26.7360370482833,3.85010446737637
534.40642432754,390.291867690346,3.25137999243612
74.3480994280903,81.3205137906685,5.25536859003442
6.29260805974082,78.0273745147274,3.39165132157541
585.06697653732,223.249738650056,3.95875960211158
439.052191320094,462.047505576915,4.80342384292516
659.916035720578,373.371327350079,2.99593089384367
107.578077489186,487.70461864123,4.40829508752338
625.457814570859,85.6534833002664,4.08258278933494
420.62912930036,259.940420157592,3.63328521788598
11.077979397237,183.790556188361,3.25565628829864
63.0398141272739,113.569623044218,4.45318712458902
626.715744914298,201.819359454881,4.47796707923774
247.413039904425,222.769622398847,3.4496852435973
576.03863552429,428.208550142899,3.84148293937545
300.313773928963,140.770174276219,3.88265774174382
524.916059860693,470.839695564763,3.73594352190605
47.2743282117586,410.07941238481,3.90708598086764
197.310378798941,290.670007176653,4.18719621375576
541.120349868424,256.724386134993,3.83124712826752
187.444986353005,38.045050003861,4.22747375600286
506.988061960256,357.134432442092,4.77494547154715
39.7951874943667,67.2077694368467,3.4528122631425
541.585247430323,139.54399787494,4.72391907612207
NA,NA,NA
660.046379968632,335.284326329083,3.61504612306038
455.116033062399,301.656720304653,3.6268370810775
11.1642752878379,492.950851417946,3.7468423271419
563.416521628393,48.3794204648772,4.22112150847149
70.4046907812427,373.447055688098,4.01061808385856
231.718316267457,413.860229678326,3.8852119742893
427.333649154073,12.964083531089,3.26268045984475
360.266573809928,292.58929301036,3.06826318181091
599.821491100203,103.708666408625,4.25837000319946
393.224459826713,229.298022108726,4.20318512401769
572.565118862367,405.357306451834,4.69387165748492
138.38694276333,281.579464869472,4.45660820075414
185.407879478102,369.707987940115,4.01693672347955
124.534075842933,411.222913916685,3.38292416267947
622.771235016586,308.224851410268,4.62649451886756
1.98070083907367,154.864116554989,4.33697148728
543.81538656349,202.503180331595,4.08540799203768
33.5940486258737,491.614822166631,3.16912663263493
276.28951501566,26.7360370482833,3.85010446737637
534.40642432754,390.291867690346,3.25137999243612
74.3480994280903,81.3205137906685,5.25536859003442
6.29260805974082,78.0273745147274,3.39165132157541
585.06697653732,223.249738650056,3.95875960211158
439.052191320094,462.047505576915,4.80342384292516
659.916035720578,373.371327350079,2.99593089384367
107.578077489186,487.70461864123,4.40829508752338
625.457814570859,85.6534833002664,4.08258278933494
420.62912930036,259.940420157592,3.63328521788598
11.077979397237,183.790556188361,3.25565628829864
63.0398141272739,113.569623044218,4.45318712458902
626.715744914298,201.819359454881,4.47796707923774
247.413039904425,222.769622398847,3.4496852435973
576.03863552429,428.208550142899,3.84148293937545
300.313773928963,140.770174276219,3.88265774174382
524.916059860693,470.839695564763,3.73594352190605
47.2743282117586,410.07941238481,3.90708598086764
197.310378798941,290.670007176653,4.18719621375576
541.120349868424,256.724386134993,3.83124712826752
187.444986353005,38.045050003861,4.22747375600286
506.988061960256,357.134432442092,4.77494547154715
39.7951874943667,67.2077694368467,3.4528122631425
541.585247430323,139.54399787494,4.72391907612207
NA,NA,NA
660.046379968632,335.284326329083,3.61504612306038
455.116033062399,301.656720304653,3.6268370810775
11.1642752878379,492.950851417946,3.7468423271419
563.416521628393,48.3794204648772,4.22112150847149
70.4046907812427,373.447055688098,4.01061808385856
231.718316267457,413.860229678326,3.8852119742893
427.333649154073,12.964083531089,3.26268045984475
360.266573809928,292.58929301036,3.06826318181091
599.821491100203,103.708666408625,4.25837000319946
393.224459826713,229.298022108726,4.20318512401769
572.565118862367,405.357306451834,4.69387165748492
138.38694276333,281.579464869472,4.45660820075414
185.407879478102,369.707987940115,4.01693672347955
124.534075842933,411.222913916685,3.38292416267947
622.771235016586,308.224851410268,4.62649451886756
1.98070083907367,154.864116554989,4.33697148728
543.81538656349,202.503180331595,4.08540799203768
33.5940486258737,491.614822166631,3.16912663263493
276.28951501566,26.7360370482833,3.85010446737637
534.40642432754,390.291867690346,3.25137999243612
74.3480994280903,81.3205137906685,5.25536859003442
6.29260805974082,78.0273745147274,3.39165132157541
585.06697653732,223.249738650056,3.95875960211158
439.052191320094,462.047505576915,4.80342384292516
659.916035720578,373.371327350079,2.99593089384367
107.578077489186,487.70461864123,4.40829508752338
625.457814570859,85.6534833002664,4.08258278933494
420.62912930036,259.940420157592,3.63328521788598
11.077979397237,183.790556188361,3.25565628829864
63.0398141272739,113.569623044218,4.45318712458902
626.715744914298,201.819359454881,4.47796707923774
247.413039904425,222.769622398847,3.4496852435973
576.03863552429,428.208550142899,3.84148293937545
300.313773928963,140.770174276219,3.88265774174382
524.916059860693,470.839695564763,3.73594352190605
47.2743282117586,410.07941238481,3.90708598086764
197.310378798941,290.670007176653,4.18719621375576
541.120349868424,256.724386134993,3.83124712826752
187.444986353005,38.045050003861,4.22747375600286
506.988061960256,357.134432442092,4.77494547154715
39.7951874943667,67.2077694368467,3.4528122631425
541.585247430323,139.54399787494,4.72391907612207
NA,NA,NA
660.413310377261,332.994277456712,3.55076966996492
450.592664380384,292.493438918626,3.64726727797396
7.52819540211265,494.996475614475,3.63523723548591
562.954948943194,53.9790572615863,4.18686659145768
73.4321531339146,372.890326260834,4.12590042241364
228.696865348248,416.459305520587,3.92113496952555
431.507546238827,12.1312376106052,3.42940154775215
362.584035395238,291.107211248794,3.18501469038052
603.161095945914,103.591628060877,4.17461554787941
389.557471461364,228.379618821587,4.16132395200429
570.336589255123,407.004301781852,4.72777876554951
136.061335958732,287.03882812134,4.75088073785292
202.065483733385,369.871129168511,4.0188684038375
126.583395300981,415.408055437637,3.39271225189321
627.556573789824,313.131869026473,4.61160620989103
2.75125789904062,152.115024407786,4.19213552203759
542.916464120482,199.33738862285,4.08773032338505
34.8073439940404,492.333505020705,3.03374982486515
280.795282218441,20.1388597493509,3.93588114167591
532.861604828348,394.67639962146,3.43584473564855
73.880605790985,68.4479547118349,5.20960039219499
6.88565744869421,80.6636396331476,3.29170940252896
586.849540389749,224.974510846856,4.08132786206652
445.580209497418,453.304294898311,4.80823784390961
657.118153177914,374.007395769337,3.32376113817859
105.086395350183,491.131870933787,4.36013128676322
622.172047047805,91.0485740601038,4.08521241845796
420.543239020993,255.891416243272,3.50284750528024
10.2453174211944,183.86904455526,3.20469104516539
67.6497594588423,104.678328019092,4.45499554978027
605.834745107813,207.445055986894,4.37002207459089
256.641446988975,218.361392464509,3.59558282397448
565.954558676666,435.332776204951,3.90482299413619
300.519261431243,137.642803294489,3.9101336214436
529.029209441443,457.283400338236,3.73690070262571
45.2808548957178,416.484362075998,3.87401033202533
187.016426406317,295.442706520005,3.83652090295018
546.955910335905,268.927125939032,3.54317535697689
172.198870020772,30.2635907744947,4.27987338072387
503.872741963046,347.062290133567,4.47255876550881
39.8520863402528,44.0142824844621,3.85312204728518
539.568069934771,140.938752965475,4.91028684645948
NA,NA,NA
660.413310377261,332.994277456712,3.55076966996492
450.592664380384,292.493438918626,3.64726727797396
7.52819540211265,494.996475614475,3.63523723548591
562.954948943194,53.9790572615863,4.18686659145768
73.4321531339146,372.890326260834,4.12590042241364
228.696865348248,416.459305520587,3.92113496952555
431.507546238827,12.1312376106052,3.42940154775215
362.584035395238,291.107211248794,3.18501469038052
603.161095945914,103.591628060877,4.17461554787941
389.557471461364,228.379618821587,4.16132395200429
570.336589255123,407.004301781852,4.72777876554951
136.061335958732,287.03882812134,4.75088073785292
202.065483733385,369.871129168511,4.0188684038375
126.583395300981,415.408055437637,3.39271225189321
627.556573789824,313.131869026473,4.61160620989103
2.75125789904062,152.115024407786,4.19213552203759
542.916464120482,199.33738862285,4.08773032338505
34.8073439940404,492.333505020705,3.03374982486515
280.795282218441,20.1388597493509,3.93588114167591
532.861604828348,394.67639962146,3.43584473564855
73.880605790985,68.4479547118349,5.20960039219499
6.88565744869421,80.6636396331476,3.29170940252896
586.849540389749,224.974510846856,4.08132786206652
445.580209497418,453.304294898311,4.80823784390961
657.118153177914,374.007395769337,3.32376113817859
105.086395350183,491.131870933787,4.36013128676322
622.172047047805,91.0485740601038,4.08521241845796
420.543239020993,255.891416243272,3.50284750528024
10.2453174211944,183.86904455526,3.20469104516539
67.6497594588423,104.678328019092,4.45499554978027
605.834745107813,207.445055986894,4.37002207459089
256.641446988975,218.361392464509,3.59558282397448
565.954558676666,435.332776204951,3.90482299413619
300.519261431243,137.642803294489,3.9101336214436
529.029209441443,457.283400338236,3.73690070262571
45.2808548957178,416.484362075998,3.87401033202533
187.016426406317,295.442706520005,3.83652090295018
546.955910335905,268.927125939032,3.54317535697689
172.198870020772,30.2635907744947,4.27987338072387
503.872741963046,347.062290133567,4.47255876550881
39.8520863402528,44.0142824844621,3.85312204728518
539.568069934771,140.938752965475,4.91028684645948
NA,NA,NA
660.413310377261,332.994277456712,3.55076966996492
450.592664380384,292.493438918626,3.64726727797396
7.52819540211265,494.996475614475,3.63523723548591
562.954948943194,53.9790572615863,4.18686659145768
73.4321531339146,372.890326260834,4.12590042241364
228.696865348248,416.459305520587,3.92113496952555
431.507546238827,12.1312376106052,3.42940154775215
362.584035395238,291.107211248794,3.18501469038052
603.161095945914,103.591628060877,4.17461554787941
389.557471461364,228.379618821587,4.16132395200429
570.336589255123,407.004301781852,4.72777876554951
136.061335958732,287.03882812134,4.75088073785292
202.065483733385,369.871129168511,4.0188684038375
126.583395300981,415.408055437637,3.39271225189321
627.556573789824,313.131869026473,4.61160620989103
2.75125789904062,152.115024407786,4.19213552203759
542.916464120482,199.33738862285,4.08773032338505
34.8073439940404,492.333505020705,3.03374982486515
280.795282218441,20.1388597493509,3.93588114167591
532.861604828348,394.67639962146,3.43584473564855
73.880605790985,68.4479547118349,5.20960039219499
6.88565744869421,80.6636396331476,3.29170940252896
586.849540389749,224.974510846856,4.08132786206652
445.580209497418,453.304294898311,4.80823784390961
657.118153177914,374.007395769337,3.32376113817859
105.086395350183,491.131870933787,4.36013128676322
622.172047047805,91.0485740601038,4.08521241845796
420.543239020993,255.891416243272,3.50284750528024
10.2453174211944,183.86904455526,3.20469104516539
67.6497594588423,104.678328019092,4.45499554978027
605.834745107813,207.445055986894,4.37002207459089
256.641446988975,218.361392464509,3.59558282397448
565.954558676666,435.332776204951,3.90482299413619
300.519261431243,137.642803294489,3.9101336214436
529.029209441443,457.283400338236,3.73690070262571
45.2808548957178,416.484362075998,3.87401033202533
187.016426406317,295.442706520005,3.83652090295018
546.955910335905,268.927125939032,3.54317535697689
172.198870020772,30.2635907744947,4.27987338072387
503.872741963046,347.062290133567,4.47255876550881
39.8520863402528,44.0142824844621,3.85312204728518
539.568069934771,140.938752965475,4.91028684645948
NA,NA,NA
660.413310377261,332.994277456712,3.55076966996492
450.592664380384,292.493438918626,3.64726727797396
7.52819540211265,494.996475614475,3.63523723548591
562.954948943194,53.9790572615863,4.18686659145768
73.4321531339146,372.890326260834,4.12590042241364
228.696865348248,416.459305520587,3.92113496952555
431.507546238827,12.1312376106052,3.42940154775215
362.584035395238,291.107211248794,3.18501469038052
603.161095945914,103.591628060877,4.17461554787941
389.557471461364,228.379618821587,4.16132395200429
570.336589255123,407.004301781852,4.72777876554951
136.061335958732,287.03882812134,4.75088073785292
202.065483733385,369.871129168511,4.0188684038375
126.583395300981,415.408055437637,3.39271225189321
627.556573789824,313.131869026473,4.61160620989103
2.75125789904062,152.115024407786,4.19213552203759
542.916464120482,199.33738862285,4.08773032338505
34.8073439940404,492.333505020705,3.03374982486515
280.795282218441,20.1388597493509,3.93588114167591
532.861604828348,394.67639962146,3.43584473564855
73.880605790985,68.4479547118349,5.20960039219499
6.88565744869421,80.6636396331476,3.29170940252896
586.849540389749,224.974510846856,4.08132786206652
445.580209497418,453.304294898311,4.80823784390961
657.118153177914,374.007395769337,3.32376113817859
105.086395350183,491.131870933787,4.36013128676322
622.172047047805,91.0485740601038,4.08521241845796
420.543239020993,255.891416243272,3.50284750528024
10.2453174211944,183.86904455526,3.20469104516539
67.6497594588423,104.678328019092,4.45499554978027
605.834745107813,207.445055986894,4.37002207459089
256.641446988975,218.361392464509,3.59558282397448
565.954558676666,435.332776204951,3.90482299413619
300.519261431243,137.642803294489,3.9101336214436
529.029209441443,457.283400338236,3.73690070262571
45.2808548957178,416.484362075998,3.87401033202533
187.016426406317,295.442706520005,3.83652090295018
546.955910335905,268.927125939032,3.54317535697689
172.198870020772,30.2635907744947,4.27987338072387
503.872741963046,347.062290133567,4.47255876550881
39.8520863402528,44.0142824844621,3.85312204728518
539.568069934771,140.938752965475,4.91028684645948
NA,NA,NA
660.413310377261,332.994277456712,3.55076966996492
450.592664380384,292.493438918626,3.64726727797396
7.52819540211265,494.996475614475,3.63523723548591
562.954948943194,53.9790572615863,4.18686659145768
73.4321531339146,372.890326260834,4.12590042241364
228.696865348248,416.459305520587,3.92113496952555
431.507546238827,12.1312376106052,3.42940154775215
362.584035395238,291.107211248794,3.18501469038052
603.161095945914,103.591628060877,4.17461554787941
389.557471461364,228.379618821587,4.16132395200429
570.336589255123,407.004301781852,4.72777876554951
136.061335958732,287.03882812134,4.75088073785292
202.065483733385,369.871129168511,4.0188684038375
126.583395300981,415.408055437637,3.39271225189321
627.556573789824,313.131869026473,4.61160620989103
2.75125789904062,152.115024407786,4.19213552203759
542.916464120482,199.33738862285,4.08773032338505
34.8073439940404,492.333505020705,3.03374982486515
280.795282218441,20.1388597493509,3.93588114167591
532.861604828348,394.67639962146,3.43584473564855
73.880605790985,68.4479547118349,5.20960039219499
6.88565744869421,80.6636396331476,3.29170940252896
586.849540389749,224.974510846856,4.08132786206652
445.580209497418,453.304294898311,4.80823784390961
657.118153177914,374.007395769337,3.32376113817859
105.086395350183,491.131870933787,4.36013128676322
622.172047047805,91.0485740601038,4.08521241845796
420.543239020993,255.891416243272,3.50284750528024
10.2453174211944,183.86904455526,3.20469104516539
67.6497594588423,104.678328019092,4.45499554978027
605.834745107813,207.445055986894,4.37002207459089
256.641446988975,218.361392464509,3.59558282397448
565.954558676666,435.332776204951,3.90482299413619
300.519261431243,137.642803294489,3.9101336214436
529.029209441443,457.283400338236,3.73690070262571
45.2808548957178,416.484362075998,3.87401033202533
187.016426406317,295.442706520005,3.83652090295018
546.955910335905,268.927125939032,3.54317535697689
172.198870020772,30.2635907744947,4.27987338072387
503.872741963046,347.062290133567,4.47255876550881
39.8520863402528,44.0142824844621,3.85312204728518
539.568069934771,140.938752965475,4.91028684645948
NA,NA,NA
660.413310377261,332.994277456712,3.55076966996492
450.592664380384,292.493438918626,3.64726727797396
7.52819540211265,494.996475614475,3.63523723548591
562.954948943194,53.9790572615863,4.18686659145768
73.4321531339146,372.890326260834,4.12590042241364
228.696865348248,416.459305520587,3.92113496952555
431.507546238827,12.1312376106052,3.42940154775215
362.584035395238,291.107211248794,3.18501469038052
603.161095945914,103.591628060877,4.17461554787941
389.557471461364,228.379618821587,4.16132395200429
570.336589255123,407.004301781852,4.72777876554951
136.061335958732,287.03882812134,4.75088073785292
202.065483733385,369.871129168511,4.0188684038375
126.583395300981,415.408055437637,3.39271225189321
627.556573789824,313.131869026473,4.61160620989103
2.75125789904062,152.115024407786,4.19213552203759
542.916464120482,199.33738862285,4.08773032338505
34.8073439940404,492.333505020705,3.03374982486515
280.795282218441,20.1388597493509,3.93588114167591
532.861604828348,394.67639962146,3.43584473564855
73.880605790985,68.4479547118349,5.20960039219499
6.88565744869421,80.6636396331476,3.29170940252896
586.849540389749,224.974510846856,4.08132786206652
445.580209497418,453.304294898311,4.80823784390961
657.118153177914,374.007395769337,3.32376113817859
105.086395350183,491.131870933787,4.36013128676322
622.172047047805,91.0485740601038,4.08521241845796
420.543239020993,255.891416243272,3.50284750528024
10.2453174211944,183.86904455526,3.20469104516539
67.6497594588423,104.678328019092,4.45499554978027
605.834745107813,207.445055986894,4.37002207459089
256.641446988975,218.361392464509,3.59558282397448
565.954558676666,435.332776204951,3.90482299413619
300.519261431243,137.642803294489,3.9101336214436
529.029209441443,457.283400338236,3.73690070262571
45.2808548957178,416.484362075998,3.87401033202533
187.016426406317,295.442706520005,3.83652090295018
546.955910335905,268.927125939032,3.54317535697689
172.198870020772,30.2635907744947,4.27987338072387
503.872741963046,347.062290133567,4.47255876550881
39.8520863402528,44.0142824844621,3.85312204728518
539.568069934771,140.938752965475,4.91028684645948
NA,NA,NA
663.202363943786,329.873724337553,3.57110942961731
453.685011666027,302.178541326695,3.61937105513735
13.6920795556559,491.248196354833,3.56569634771197
558.424722369636,55.0826924691277,4.23484143157499
69.1583475297856,373.711177621008,4.05139524757693
228.388298018889,416.97206938786,3.87525552259363
429.876566057163,11.3295078596464,3.2848565162873
363.287970341437,291.08136014765,2.96069835289172
599.029836869451,100.432849991249,4.15789922026673
393.788534148113,228.489294547671,4.15030543418456
573.783020859721,413.433465465862,4.73188035583814
133.478023775517,284.169012825976,4.53601399324901
198.206266651266,379.515834986685,4.22531114617669
121.213891997687,410.659860658106,3.55979933165708
623.135839208661,313.230079794764,4.55774174544367
-1.35499793200294,148.848184071971,4.27299943686217
541.616674097849,201.059984159181,4.23842524023471
32.9191808992583,491.701737562321,3.02607158433588
279.091552119676,22.0044417598264,3.97885956761568
531.212455683162,394.09270785513,3.57707177318967
74.5304194100295,75.846638441489,5.30304594069437
2.81422686179119,77.8964733421886,3.43701859755306
590.070328670783,220.897999971758,4.00824316567779
438.457915866376,460.202981024521,4.77664459329915
656.109453307338,374.240719848122,3.11628460020365
99.7977982809133,489.746565021296,4.37389868624762
624.14525989023,91.4965579071227,4.00087086341222
420.427042146549,256.66120409287,3.58416297715712
11.0417338458351,180.384373987231,3.27594120836745
58.1618918274261,114.03718762079,4.64253392823393
609.346267906161,213.776024115275,4.37358949828372
256.248027612581,231.607078945925,3.55409664319182
581.430174020561,428.974736305066,3.89836981272164
300.537300966984,140.111037852892,3.81933293136129
525.806510165695,455.175792107386,3.67367711278131
56.1813801679739,426.860473225133,4.03260914512729
199.677377517633,287.937382884855,4.49991906907358
543.607009435837,258.646292979868,3.72994176039792
176.488870545401,29.9624219157929,4.473516996348
493.690240862008,357.470333924734,4.33673560981899
37.9601586137994,54.0391976376788,3.55770444288161
551.0933118404,144.180864715268,4.5088071698634
NA,NA,NA
663.202363943786,329.873724337553,3.57110942961731
453.685011666027,302.178541326695,3.61937105513735
13.6920795556559,491.248196354833,3.56569634771197
558.424722369636,55.0826924691277,4.23484143157499
69.1583475297856,373.711177621008,4.05139524757693
228.388298018889,416.97206938786,3.87525552259363
429.876566057163,11.3295078596464,3.2848565162873
363.287970341437,291.08136014765,2.96069835289172
599.029836869451,100.432849991249,4.15789922026673
393.788534148113,228.489294547671,4.15030543418456
573.783020859721,413.433465465862,4.73188035583814
133.478023775517,284.169012825976,4.53601399324901
198.206266651266,379.515834986685,4.22531114617669
121.213891997687,410.659860658106,3.55979933165708
623.135839208661,313.230079794764,4.55774174544367
-1.35499793200294,148.848184071971,4.27299943686217
541.616674097849,201.059984159181,4.23842524023471
32.9191808992583,491.701737562321,3.02607158433588
279.091552119676,22.0044417598264,3.97885956761568
531.212455683162,394.09270785513,3.57707177318967
74.5304194100295,75.846638441489,5.30304594069437
2.81422686179119,77.8964733421886,3.43701859755306
590.070328670783,220.897999971758,4.00824316567779
438.457915866376,460.202981024521,4.77664459329915
656.109453307338,374.240719848122,3.11628460020365
99.7977982809133,489.746565021296,4.37389868624762
624.14525989023,91.4965579071227,4.00087086341222
420.427042146549,256.66120409287,3.58416297715712
11.0417338458351,180.384373987231,3.27594120836745
58.1618918274261,114.03718762079,4.64253392823393
609.346267906161,213.776024115275,4.37358949828372
256.248027612581,231.607078945925,3.55409664319182
581.430174020561,428.974736305066,3.89836981272164
300.537300966984,140.111037852892,3.81933293136129
525.806510165695,455.175792107386,3.67367711278131
56.1813801679739,426.860473225133,4.03260914512729
199.677377517633,287.937382884855,4.49991906907358
543.607009435837,258.646292979868,3.72994176039792
176.488870545401,29.9624219157929,4.473516996348
493.690240862008,357.470333924734,4.33673560981899
37.9601586137994,54.0391976376788,3.55770444288161
551.0933118404,144.180864715268,4.5088071698634
NA,NA,NA
663.202363943786,329.873724337553,3.57110942961731
453.685011666027,302.178541326695,3.61937105513735
13.6920795556559,491.248196354833,3.56569634771197
558.424722369636,55.0826924691277,4.23484143157499
69.1583475297856,373.711177621008,4.05139524757693
228.388298018889,416.97206938786,3.87525552259363
429.876566057163,11.3295078596464,3.2848565162873
363.287970341437,291.08136014765,2.96069835289172
599.029836869451,100.432849991249,4.15789922026673
393.788534148113,228.489294547671,4.15030543418456
573.783020859721,413.433465465862,4.73188035583814
133.478023775517,284.169012825976,4.53601399324901
198.206266651266,379.515834986685,4.22531114617669
121.213891997687,410.659860658106,3.55979933165708
623.135839208661,313.230079794764,4.55774174544367
-1.35499793200294,148.848184071971,4.27299943686217
541.616674097849,201.059984159181,4.23842524023471
32.9191808992583,491.701737562321,3.02607158433588
279.091552119676,22.0044417598264,3.97885956761568
531.212455683162,394.09270785513,3.57707177318967
74.5304194100295,75.846638441489,5.30304594069437
2.81422686179119,77.8964733421886,3.43701859755306
590.070328670783,220.897999971758,4.00824316567779
438.457915866376,460.202981024521,4.77664459329915
656.109453307338,374.240719848122,3.11628460020365
99.7977982809133,489.746565021296,4.37389868624762
624.14525989023,91.4965579071227,4.00087086341222
420.427042146549,256.66120409287,3.58416297715712
11.0417338458351,180.384373987231,3.27594120836745
58.1618918274261,114.03718762079,4.64253392823393
609.346267906161,213.776024115275,4.37358949828372
256.248027612581,231.607078945925,3.55409664319182
581.430174020561,428.974736305066,3.89836981272164
300.537300966984,140.111037852892,3.81933293136129
525.806510165695,455.175792107386,3.67367711278131
56.1813801679739,426.860473225133,4.03260914512729
199.677377517633,287.937382884855,4.49991906907358
543.607009435837,258.646292979868,3.72994176039792
176.488870545401,29.9624219157929,4.473516996348
493.690240862008,357.470333924734,4.33673560981899
37.9601586137994,54.0391976376788,3.55770444288161
551.0933118404,144.180864715268,4.5088071698634
NA,NA,NA
663.202363943786,329.873724337553,3.57110942961731
453.685011666027,302.178541326695,3.61937105513735
13.6920795556559,491.248196354833,3.56569634771197
558.424722369636,55.0826924691277,4.23484143157499
69.1583475297856,373.711177621008,4.05139524757693
228.388298018889,416.97206938786,3.87525552259363
429.876566057163,11.3295078596464,3.2848565162873
363.287970341437,291.08136014765,2.96069835289172
599.029836869451,100.432849991249,4.15789922026673
393.788534148113,228.489294547671,4.15030543418456
573.783020859721,413.433465465862,4.73188035583814
133.478023775517,284.169012825976,4.53601399324901
198.206266651266,379.515834986685,4.22531114617669
121.213891997687,410.659860658106,3.55979933165708
623.135839208661,313.230079794764,4.55774174544367
-1.35499793200294,148.848184071971,4.27299943686217
541.616674097849,201.059984159181,4.23842524023471
32.9191808992583,491.701737562321,3.02607158433588
279.091552119676,22.0044417598264,3.97885956761568
531.212455683162,394.09270785513,3.57707177318967
74.5304194100295,75.846638441489,5.30304594069437
2.81422686179119,77.8964733421886,3.43701859755306
590.070328670783,220.897999971758,4.00824316567779
438.457915866376,460.202981024521,4.77664459329915
656.109453307338,374.240719848122,3.11628460020365
99.7977982809133,489.746565021296,4.37389868624762
624.14525989023,91.4965579071227,4.00087086341222
420.427042146549,256.66120409287,3.58416297715712
11.0417338458351,180.384373987231,3.27594120836745
58.1618918274261,114.03718762079,4.64253392823393
609.346267906161,213.776024115275,4.37358949828372
256.248027612581,231.607078945925,3.55409664319182
581.430174020561,428.974736305066,3.89836981272164
300.537300966984,140.111037852892,3.81933293136129
525.806510165695,455.175792107386,3.67367711278131
56.1813801679739,426.860473225133,4.03260914512729
199.677377517633,287.937382884855,4.49991906907358
543.607009435837,258.646292979868,3.72994176039792
176.488870545401,29.9624219157929,4.473516996348
493.690240862008,357.470333924734,4.33673560981899
37.9601586137994,54.0391976376788,3.55770444288161
551.0933118404,144.180864715268,4.5088071698634
NA,NA,NA
663.202363943786,329.873724337553,3.57110942961731
453.685011666027,302.178541326695,3.61937105513735
13.6920795556559,491.248196354833,3.56569634771197
558.424722369636,55.0826924691277,4.23484143157499
69.1583475297856,373.711177621008,4.05139524757693
228.388298018889,416.97206938786,3.87525552259363
429.876566057163,11.3295078596464,3.2848565162873
363.287970341437,291.08136014765,2.96069835289172
599.029836869451,100.432849991249,4.15789922026673
393.788534148113,228.489294547671,4.15030543418456
573.783020859721,413.433465465862,4.73188035583814
133.478023775517,284.169012825976,4.53601399324901
198.206266651266,379.515834986685,4.22531114617669
121.213891997687,410.659860658106,3.55979933165708
623.135839208661,313.230079794764,4.55774174544367
-1.35499793200294,148.848184071971,4.27299943686217
541.616674097849,201.059984159181,4.23842524023471
32.9191808992583,491.701737562321,3.02607158433588
279.091552119676,22.0044417598264,3.97885956761568
531.212455683162,394.09270785513,3.57707177318967
74.5304194100295,75.846638441489,5.30304594069437
2.81422686179119,77.8964733421886,3.43701859755306
590.070328670783,220.897999971758,4.00824316567779
438.457915866376,460.202981024521,4.77664459329915
656.109453307338,374.240719848122,3.11628460020365
99.7977982809133,489.746565021296,4.37389868624762
624.14525989023,91.4965579071227,4.00087086341222
420.427042146549,256.66120409287,3.58416297715712
11.0417338458351,180.384373987231,3.27594120836745
58.1618918274261,114.03718762079,4.64253392823393
609.346267906161,213.776024115275,4.37358949828372
256.248027612581,231.607078945925,3.55409664319182
581.430174020561,428.974736305066,3.89836981272164
300.537300966984,140.111037852892,3.81933293136129
525.806510165695,455.175792107386,3.67367711278131
56.1813801679739,426.860473225133,4.03260914512729
199.677377517633,287.937382884855,4.49991906907358
543.607009435837,258.646292979868,3.72994176039792
176.488870545401,29.9624219157929,4.473516996348
493.690240862008,357.470333924734,4.33673560981899
37.9601586137994,54.0391976376788,3.55770444288161
551.0933118404,144.180864715268,4.5088071698634
NA,NA,NA
663.202363943786,329.873724337553,3.57110942961731
453.685011666027,302.178541326695,3.61937105513735
13.6920795556559,491.248196354833,3.56569634771197
558.424722369636,55.0826924691277,4.23484143157499
69.1583475297856,373.711177621008,4.05139524757693
228.388298018889,416.97206938786,3.87525552259363
429.876566057163,11.3295078596464,3.2848565162873
363.287970341437,291.08136014765,2.96069835289172
599.029836869451,100.432849991249,4.15789922026673
393.788534148113,228.489294547671,4.15030543418456
573.783020859721,413.433465465862,4.73188035583814
133.478023775517,284.169012825976,4.53601399324901
198.206266651266,379.515834986685,4.22531114617669
121.213891997687,410.659860658106,3.55979933165708
623.135839208661,313.230079794764,4.55774174544367
-1.35499793200294,148.848184071971,4.27299943686217
541.616674097849,201.059984159181,4.23842524023471
32.9191808992583,491.701737562321,3.02607158433588
279.091552119676,22.0044417598264,3.97885956761568
531.212455683162,394.09270785513,3.57707177318967
74.5304194100295,75.846638441489,5.30304594069437
2.81422686179119,77.8964733421886,3.43701859755306
590.070328670783,220.897999971758,4.00824316567779
438.457915866376,460.202981024521,4.77664459329915
656.109453307338,374.240719848122,3.11628460020365
99.7977982809133,489.746565021296,4.37389868624762
624.14525989023,91.4965579071227,4.00087086341222
420.427042146549,256.66120409287,3.58416297715712
11.0417338458351,180.384373987231,3.27594120836745
58.1618918274261,114.03718762079,4.64253392823393
609.346267906161,213.776024115275,4.37358949828372
256.248027612581,231.607078945925,3.55409664319182
581.430174020561,428.974736305066,3.89836981272164
300.537300966984,140.111037852892,3.81933293136129
525.806510165695,455.175792107386,3.67367711278131
56.1813801679739,426.860473225133,4.03260914512729
199.677377517633,287.937382884855,4.49991906907358
543.607009435837,258.646292979868,3.72994176039792
176.488870545401,29.9624219157929,4.473516996348
493.690240862008,357.470333924734,4.33673560981899
37.9601586137994,54.0391976376788,3.55770444288161
551.0933118404,144.180864715268,4.5088071698634
NA,NA,NA
657.919009687117,339.280488853463,3.52224691131162
460.226238182992,299.57272617575,3.69875610607652
8.26809394137189,492.600568550332,3.59584364812497
556.681610718966,52.9707872812683,4.19496152315934
68.7798850800337,376.714942945655,3.8678022923696
228.077909017107,414.548618322902,3.92850863532045
428.222094684649,11.3861694878796,3.27524693309923
365.829635431433,291.44340801766,3.09263331469989
612.115721845756,101.356406333656,4.13248733321416
397.390554465281,231.691022276587,4.17333932775325
567.563533965216,408.609450704156,4.6621735918408
141.582916062768,282.680634178667,4.60122575842154
194.922000779439,370.536232095402,4.04963861382347
128.933894725769,410.089855597441,3.45338071940805
629.621680493773,309.936960821452,4.57160972371118
-0.615688008690285,151.072911328533,4.26083150834848
542.807480992213,203.800498723272,4.16259460913742
35.4318915772353,493.262782573264,3.0517473312844
278.844663659377,20.223697376051,3.85967377728774
535.684237923069,391.438851234136,3.50799612776564
74.4536584831781,73.6452199805221,5.26866464080873
1.17738739628118,77.8143568896333,3.39088135444813
588.041760522396,224.194323529492,4.0200934987573
435.242080455795,459.930660395861,4.82337411092672
655.731608236316,374.728752257906,3.06669435565862
106.162161481583,490.418644948445,4.30922550324397
626.258263216623,93.9339083647391,4.06250701130039
415.56232036836,257.813841302059,3.68968811080428
12.5622982701064,182.831081773289,3.14049386402341
70.3305051736505,112.744388145502,4.39231052941899
603.592306666164,208.633774732091,4.52812543590403
254.612489884957,220.426304553147,3.91654767853838
573.025070042245,438.472462355165,3.80049511136453
301.196925847936,135.1968048289,4.09244150012725
533.070189306733,459.541176055928,3.61353892392634
43.6538796697543,410.71560740024,3.87896432552906
195.462356206146,291.874409385548,3.97932012647949
542.242366208402,274.361378172195,3.92873924741488
174.075135692031,38.9700933382015,4.27493776207344
502.185026010135,349.588777260022,4.83245283114597
49.3302429908083,62.5985494984559,4.13635440477728
535.070519979076,161.513542305195,4.83652954913431
NA,NA,NA
657.919009687117,339.280488853463,3.52224691131162
460.226238182992,299.57272617575,3.69875610607652
8.26809394137189,492.600568550332,3.59584364812497
556.681610718966,52.9707872812683,4.19496152315934
68.7798850800337,376.714942945655,3.8678022923696
228.077909017107,414.548618322902,3.92850863532045
428.222094684649,11.3861694878796,3.27524693309923
365.829635431433,291.44340801766,3.09263331469989
612.115721845756,101.356406333656,4.13248733321416
397.390554465281,231.691022276587,4.17333932775325
567.563533965216,408.609450704156,4.6621735918408
141.582916062768,282.680634178667,4.60122575842154
194.922000779439,370.536232095402,4.04963861382347
128.933894725769,410.089855597441,3.45338071940805
629.621680493773,309.936960821452,4.57160972371118
-0.615688008690285,151.072911328533,4.26083150834848
542.807480992213,203.800498723272,4.16259460913742
35.4318915772353,493.262782573264,3.0517473312844
278.844663659377,20.223697376051,3.85967377728774
535.684237923069,391.438851234136,3.50799612776564
74.4536584831781,73.6452199805221,5.26866464080873
1.17738739628118,77.8143568896333,3.39088135444813
588.041760522396,224.194323529492,4.0200934987573
435.242080455795,459.930660395861,4.82337411092672
655.731608236316,374.728752257906,3.06669435565862
106.162161481583,490.418644948445,4.30922550324397
626.258263216623,93.9339083647391,4.06250701130039
415.56232036836,257.813841302059,3.68968811080428
12.5622982701064,182.831081773289,3.14049386402341
70.3305051736505,112.744388145502,4.39231052941899
603.592306666164,208.633774732091,4.52812543590403
254.612489884957,220.426304553147,3.91654767853838
573.025070042245,438.472462355165,3.80049511136453
301.196925847936,135.1968048289,4.09244150012725
533.070189306733,459.541176055928,3.61353892392634
43.6538796697543,410.71560740024,3.87896432552906
195.462356206146,291.874409385548,3.97932012647949
542.242366208402,274.361378172195,3.92873924741488
174.075135692031,38.9700933382015,4.27493776207344
502.185026010135,349.588777260022,4.83245283114597
49.3302429908083,62.5985494984559,4.13635440477728
535.070519979076,161.513542305195,4.83652954913431
NA,NA,NA
657.919009687117,339.280488853463,3.52224691131162
460.226238182992,299.57272617575,3.69875610607652
8.26809394137189,492.600568550332,3.59584364812497
556.681610718966,52.9707872812683,4.19496152315934
68.7798850800337,376.714942945655,3.8678022923696
228.077909017107,414.548618322902,3.92850863532045
428.222094684649,11.3861694878796,3.27524693309923
365.829635431433,291.44340801766,3.09263331469989
612.115721845756,101.356406333656,4.13248733321416
397.390554465281,231.691022276587,4.17333932775325
567.563533965216,408.609450704156,4.6621735918408
141.582916062768,282.680634178667,4.60122575842154
194.922000779439,370.536232095402,4.04963861382347
128.933894725769,410.089855597441,3.45338071940805
629.621680493773,309.936960821452,4.57160972371118
-0.615688008690285,151.072911328533,4.26083150834848
542.807480992213,203.800498723272,4.16259460913742
35.4318915772353,493.262782573264,3.0517473312844
278.844663659377,20.223697376051,3.85967377728774
535.684237923069,391.438851234136,3.50799612776564
74.4536584831781,73.6452199805221,5.26866464080873
1.17738739628118,77.8143568896333,3.39088135444813
588.041760522396,224.194323529492,4.0200934987573
435.242080455795,459.930660395861,4.82337411092672
655.731608236316,374.728752257906,3.06669435565862
106.162161481583,490.418644948445,4.30922550324397
626.258263216623,93.9339083647391,4.06250701130039
415.56232036836,257.813841302059,3.68968811080428
12.5622982701064,182.831081773289,3.14049386402341
70.3305051736505,112.744388145502,4.39231052941899
603.592306666164,208.633774732091,4.52812543590403
254.612489884957,220.426304553147,3.91654767853838
573.025070042245,438.472462355165,3.80049511136453
301.196925847936,135.1968048289,4.09244150012725
533.070189306733,459.541176055928,3.61353892392634
43.6538796697543,410.71560740024,3.87896432552906
195.462356206146,291.874409385548,3.97932012647949
542.242366208402,274.361378172195,3.92873924741488
174.075135692031,38.9700933382015,4.27493776207344
502.185026010135,349.588777260022,4.83245283114597
49.3302429908083,62.5985494984559,4.13635440477728
535.070519979076,161.513542305195,4.83652954913431
NA,NA,NA
657.919009687117,339.280488853463,3.52224691131162
460.226238182992,299.57272617575,3.69875610607652
8.26809394137189,492.600568550332,3.59584364812497
556.681610718966,52.9707872812683,4.19496152315934
68.7798850800337,376.714942945655,3.8678022923696
228.077909017107,414.548618322902,3.92850863532045
428.222094684649,11.3861694878796,3.27524693309923
365.829635431433,291.44340801766,3.09263331469989
612.115721845756,101.356406333656,4.13248733321416
397.390554465281,231.691022276587,4.17333932775325
567.563533965216,408.609450704156,4.6621735918408
141.582916062768,282.680634178667,4.60122575842154
194.922000779439,370.536232095402,4.04963861382347
128.933894725769,410.089855597441,3.45338071940805
629.621680493773,309.936960821452,4.57160972371118
-0.615688008690285,151.072911328533,4.26083150834848
542.807480992213,203.800498723272,4.16259460913742
35.4318915772353,493.262782573264,3.0517473312844
278.844663659377,20.223697376051,3.85967377728774
535.684237923069,391.438851234136,3.50799612776564
74.4536584831781,73.6452199805221,5.26866464080873
1.17738739628118,77.8143568896333,3.39088135444813
588.041760522396,224.194323529492,4.0200934987573
435.242080455795,459.930660395861,4.82337411092672
655.731608236316,374.728752257906,3.06669435565862
106.162161481583,490.418644948445,4.30922550324397
626.258263216623,93.9339083647391,4.06250701130039
415.56232036836,257.813841302059,3.68968811080428
12.5622982701064,182.831081773289,3.14049386402341
70.3305051736505,112.744388145502,4.39231052941899
603.592306666164,208.633774732091,4.52812543590403
254.612489884957,220.426304553147,3.91654767853838
573.025070042245,438.472462355165,3.80049511136453
301.196925847936,135.1968048289,4.09244150012725
533.070189306733,459.541176055928,3.61353892392634
43.6538796697543,410.71560740024,3.87896432552906
195.462356206146,291.874409385548,3.97932012647949
542.242366208402,274.361378172195,3.92873924741488
174.075135692031,38.9700933382015,4.27493776207344
502.185026010135,349.588777260022,4.83245283114597
49.3302429908083,62.5985494984559,4.13635440477728
535.070519979076,161.513542305195,4.83652954913431
NA,NA,NA
657.919009687117,339.280488853463,3.52224691131162
460.226238182992,299.57272617575,3.69875610607652
8.26809394137189,492.600568550332,3.59584364812497
556.681610718966,52.9707872812683,4.19496152315934
68.7798850800337,376.714942945655,3.8678022923696
228.077909017107,414.548618322902,3.92850863532045
428.222094684649,11.3861694878796,3.27524693309923
365.829635431433,291.44340801766,3.09263331469989
612.115721845756,101.356406333656,4.13248733321416
397.390554465281,231.691022276587,4.17333932775325
567.563533965216,408.609450704156,4.6621735918408
141.582916062768,282.680634178667,4.60122575842154
194.922000779439,370.536232095402,4.04963861382347
128.933894725769,410.089855597441,3.45338071940805
629.621680493773,309.936960821452,4.57160972371118
-0.615688008690285,151.072911328533,4.26083150834848
542.807480992213,203.800498723272,4.16259460913742
35.4318915772353,493.262782573264,3.0517473312844
278.844663659377,20.223697376051,3.85967377728774
535.684237923069,391.438851234136,3.50799612776564
74.4536584831781,73.6452199805221,5.26866464080873
1.17738739628118,77.8143568896333,3.39088135444813
588.041760522396,224.194323529492,4.0200934987573
435.242080455795,459.930660395861,4.82337411092672
655.731608236316,374.728752257906,3.06669435565862
106.162161481583,490.418644948445,4.30922550324397
626.258263216623,93.9339083647391,4.06250701130039
415.56232036836,257.813841302059,3.68968811080428
12.5622982701064,182.831081773289,3.14049386402341
70.3305051736505,112.744388145502,4.39231052941899
603.592306666164,208.633774732091,4.52812543590403
254.612489884957,220.426304553147,3.91654767853838
573.025070042245,438.472462355165,3.80049511136453
301.196925847936,135.1968048289,4.09244150012725
533.070189306733,459.541176055928,3.61353892392634
43.6538796697543,410.71560740024,3.87896432552906
195.462356206146,291.874409385548,3.97932012647949
542.242366208402,274.361378172195,3.92873924741488
174.075135692031,38.9700933382015,4.27493776207344
502.185026010135,349.588777260022,4.83245283114597
49.3302429908083,62.5985494984559,4.13635440477728
535.070519979076,161.513542305195,4.83652954913431
NA,NA,NA
657.919009687117,339.280488853463,3.52224691131162
460.226238182992,299.57272617575,3.69875610607652
8.26809394137189,492.600568550332,3.59584364812497
556.681610718966,52.9707872812683,4.19496152315934
68.7798850800337,376.714942945655,3.8678022923696
228.077909017107,414.548618322902,3.92850863532045
428.222094684649,11.3861694878796,3.27524693309923
365.829635431433,291.44340801766,3.09263331469989
612.115721845756,101.356406333656,4.13248733321416
397.390554465281,231.691022276587,4.17333932775325
567.563533965216,408.609450704156,4.6621735918408
141.582916062768,282.680634178667,4.60122575842154
194.922000779439,370.536232095402,4.04963861382347
128.933894725769,410.089855597441,3.45338071940805
629.621680493773,309.936960821452,4.57160972371118
-0.615688008690285,151.072911328533,4.26083150834848
542.807480992213,203.800498723272,4.16259460913742
35.4318915772353,493.262782573264,3.0517473312844
278.844663659377,20.223697376051,3.85967377728774
535.684237923069,391.438851234136,3.50799612776564
74.4536584831781,73.6452199805221,5.26866464080873
1.17738739628118,77.8143568896333,3.39088135444813
588.041760522396,224.194323529492,4.0200934987573
435.242080455795,459.930660395861,4.82337411092672
655.731608236316,374.728752257906,3.06669435565862
106.162161481583,490.418644948445,4.30922550324397
626.258263216623,93.9339083647391,4.06250701130039
415.56232036836,257.813841302059,3.68968811080428
12.5622982701064,182.831081773289,3.14049386402341
70.3305051736505,112.744388145502,4.39231052941899
603.592306666164,208.633774732091,4.52812543590403
254.612489884957,220.426304553147,3.91654767853838
573.025070042245,438.472462355165,3.80049511136453
301.196925847936,135.1968048289,4.09244150012725
533.070189306733,459.541176055928,3.61353892392634
43.6538796697543,410.71560740024,3.87896432552906
195.462356206146,291.874409385548,3.97932012647949
542.242366208402,274.361378172195,3.92873924741488
174.075135692031,38.9700933382015,4.27493776207344
502.185026010135,349.588777260022,4.83245283114597
49.3302429908083,62.5985494984559,4.13635440477728
535.070519979076,161.513542305195,4.83652954913431
NA,NA,NA
660.692563131994,332.848481440604,3.40121804055074
458.089828758955,299.560201315965,3.59534416797169
8.60016351515876,498.161157137782,3.66425708624722
562.581748201982,49.5304967070683,4.26805083009185
77.1745008894315,378.847532191469,3.93051357276977
227.006233356465,415.585363573734,3.9682006474803
426.682947582717,11.5231227859471,3.3219688506385
362.053889071451,292.467129925653,3.00387620668483
609.74806373812,101.827339177655,4.25593418970037
390.958441880915,229.289551738686,4.18303358770982
577.06397003922,410.899978974048,4.70690110775458
141.009050649853,283.318314894887,4.68879628278122
199.480908923716,366.792920733978,3.87743074648342
123.091855964081,412.364352516467,3.38348370854819
629.220340759853,310.139268752648,4.53531931453584
0.128282297235057,143.203856025266,4.28235926166123
548.35819538161,202.954650128695,4.24295172783143
34.0138955564189,490.491340028171,3.00176518399306
278.863624890657,26.021653642888,3.96879496177521
532.670662044666,392.56206743488,3.48216583723529
68.4004951983379,81.8523102929593,5.21056464201271
6.41320784461313,74.8013367480026,3.56556822981159
583.605004383962,225.674181892075,3.9591395520624
439.926674670432,459.928441004305,4.8157955986318
660.676836440951,373.068380199687,2.94198842703264
106.094761503015,489.499608966124,4.23053154898611
622.020624673519,84.9093159247158,4.06598822386314
422.759197972851,258.632142923683,3.65890337868322
11.8927422689021,182.708372105127,3.15543669253148
66.3988251093837,122.245229421099,4.44145572494591
589.380219223341,202.932986283609,4.2152202866106
255.840544700432,219.024535386101,3.94334673808128
569.498359802457,428.72710694874,3.95836235294425
297.426438045115,134.241648531543,3.75866872334474
531.590798941301,443.000127088274,3.82259478729411
41.6222708941746,419.259047202586,4.01488884629163
200.573051203148,298.128135017241,4.39431103560591
553.425750648419,258.963429044855,3.7747334575839
176.714391635743,36.133049746291,4.40581766101222
501.745651707407,347.408760192283,4.48881564601055
38.2097284253484,53.6005821454269,4.0466802983594
524.674612415998,133.644708761502,4.74259578711837
NA,NA,NA
660.692563131994,332.848481440604,3.40121804055074
458.089828758955,299.560201315965,3.59534416797169
8.60016351515876,498.161157137782,3.66425708624722
562.581748201982,49.5304967070683,4.26805083009185
77.1745008894315,378.847532191469,3.93051357276977
227.006233356465,415.585363573734,3.9682006474803
426.682947582717,11.5231227859471,3.3219688506385
362.053889071451,292.467129925653,3.00387620668483
609.74806373812,101.827339177655,4.25593418970037
390.958441880915,229.289551738686,4.18303358770982
577.06397003922,410.899978974048,4.70690110775458
141.009050649853,283.318314894887,4.68879628278122
199.480908923716,366.792920733978,3.87743074648342
123.091855964081,412.364352516467,3.38348370854819
629.220340759853,310.139268752648,4.53531931453584
0.128282297235057,143.203856025266,4.28235926166123
548.35819538161,202.954650128695,4.24295172783143
34.0138955564189,490.491340028171,3.00176518399306
278.863624890657,26.021653642888,3.96879496177521
532.670662044666,392.56206743488,3.48216583723529
68.4004951983379,81.8523102929593,5.21056464201271
6.41320784461313,74.8013367480026,3.56556822981159
583.605004383962,225.674181892075,3.9591395520624
439.926674670432,459.928441004305,4.8157955986318
660.676836440951,373.068380199687,2.94198842703264
106.094761503015,489.499608966124,4.23053154898611
622.020624673519,84.9093159247158,4.06598822386314
422.759197972851,258.632142923683,3.65890337868322
11.8927422689021,182.708372105127,3.15543669253148
66.3988251093837,122.245229421099,4.44145572494591
589.380219223341,202.932986283609,4.2152202866106
255.840544700432,219.024535386101,3.94334673808128
569.498359802457,428.72710694874,3.95836235294425
297.426438045115,134.241648531543,3.75866872334474
531.590798941301,443.000127088274,3.82259478729411
41.6222708941746,419.259047202586,4.01488884629163
200.573051203148,298.128135017241,4.39431103560591
553.425750648419,258.963429044855,3.7747334575839
176.714391635743,36.133049746291,4.40581766101222
501.745651707407,347.408760192283,4.48881564601055
38.2097284253484,53.6005821454269,4.0466802983594
524.674612415998,133.644708761502,4.74259578711837
NA,NA,NA
660.692563131994,332.848481440604,3.40121804055074
458.089828758955,299.560201315965,3.59534416797169
8.60016351515876,498.161157137782,3.66425708624722
562.581748201982,49.5304967070683,4.26805083009185
77.1745008894315,378.847532191469,3.93051357276977
227.006233356465,415.585363573734,3.9682006474803
426.682947582717,11.5231227859471,3.3219688506385
362.053889071451,292.467129925653,3.00387620668483
609.74806373812,101.827339177655,4.25593418970037
390.958441880915,229.289551738686,4.18303358770982
577.06397003922,410.899978974048,4.70690110775458
141.009050649853,283.318314894887,4.68879628278122
199.480908923716,366.792920733978,3.87743074648342
123.091855964081,412.364352516467,3.38348370854819
629.220340759853,310.139268752648,4.53531931453584
0.128282297235057,143.203856025266,4.28235926166123
548.35819538161,202.954650128695,4.24295172783143
34.0138955564189,490.491340028171,3.00176518399306
278.863624890657,26.021653642888,3.96879496177521
532.670662044666,392.56206743488,3.48216583723529
68.4004951983379,81.8523102929593,5.21056464201271
6.41320784461313,74.8013367480026,3.56556822981159
583.605004383962,225.674181892075,3.9591395520624
439.926674670432,459.928441004305,4.8157955986318
660.676836440951,373.068380199687,2.94198842703264
106.094761503015,489.499608966124,4.23053154898611
622.020624673519,84.9093159247158,4.06598822386314
422.759197972851,258.632142923683,3.65890337868322
11.8927422689021,182.708372105127,3.15543669253148
66.3988251093837,122.245229421099,4.44145572494591
589.380219223341,202.932986283609,4.2152202866106
255.840544700432,219.024535386101,3.94334673808128
569.498359802457,428.72710694874,3.95836235294425
297.426438045115,134.241648531543,3.75866872334474
531.590798941301,443.000127088274,3.82259478729411
41.6222708941746,419.259047202586,4.01488884629163
200.573051203148,298.128135017241,4.39431103560591
553.425750648419,258.963429044855,3.7747334575839
176.714391635743,36.133049746291,4.40581766101222
501.745651707407,347.408760192283,4.48881564601055
38.2097284253484,53.6005821454269,4.0466802983594
524.674612415998,133.644708761502,4.74259578711837
NA,NA,NA
660.692563131994,332.848481440604,3.40121804055074
458.089828758955,299.560201315965,3.59534416797169
8.60016351515876,498.161157137782,3.66425708624722
562.581748201982,49.5304967070683,4.26805083009185
77.1745008894315,378.847532191469,3.93051357276977
227.006233356465,415.585363573734,3.9682006474803
426.682947582717,11.5231227859471,3.3219688506385
362.053889071451,292.467129925653,3.00387620668483
609.74806373812,101.827339177655,4.25593418970037
390.958441880915,229.289551738686,4.18303358770982
577.06397003922,410.899978974048,4.70690110775458
141.009050649853,283.318314894887,4.68879628278122
199.480908923716,366.792920733978,3.87743074648342
123.091855964081,412.364352516467,3.38348370854819
629.220340759853,310.139268752648,4.53531931453584
0.128282297235057,143.203856025266,4.28235926166123
548.35819538161,202.954650128695,4.24295172783143
34.0138955564189,490.491340028171,3.00176518399306
278.863624890657,26.021653642888,3.96879496177521
532.670662044666,392.56206743488,3.48216583723529
68.4004951983379,81.8523102929593,5.21056464201271
6.41320784461313,74.8013367480026,3.56556822981159
583.605004383962,225.674181892075,3.9591395520624
439.926674670432,459.928441004305,4.8157955986318
660.676836440951,373.068380199687,2.94198842703264
106.094761503015,489.499608966124,4.23053154898611
622.020624673519,84.9093159247158,4.06598822386314
422.759197972851,258.632142923683,3.65890337868322
11.8927422689021,182.708372105127,3.15543669253148
66.3988251093837,122.245229421099,4.44145572494591
589.380219223341,202.932986283609,4.2152202866106
255.840544700432,219.024535386101,3.94334673808128
569.498359802457,428.72710694874,3.95836235294425
297.426438045115,134.241648531543,3.75866872334474
531.590798941301,443.000127088274,3.82259478729411
41.6222708941746,419.259047202586,4.01488884629163
200.573051203148,298.128135017241,4.39431103560591
553.425750648419,258.963429044855,3.7747334575839
176.714391635743,36.133049746291,4.40581766101222
501.745651707407,347.408760192283,4.48881564601055
38.2097284253484,53.6005821454269,4.0466802983594
524.674612415998,133.644708761502,4.74259578711837
NA,NA,NA
660.692563131994,332.848481440604,3.40121804055074
458.089828758955,299.560201315965,3.59534416797169
8.60016351515876,498.161157137782,3.66425708624722
562.581748201982,49.5304967070683,4.26805083009185
77.1745008894315,378.847532191469,3.93051357276977
227.006233356465,415.585363573734,3.9682006474803
426.682947582717,11.5231227859471,3.3219688506385
362.053889071451,292.467129925653,3.00387620668483
609.74806373812,101.827339177655,4.25593418970037
390.958441880915,229.289551738686,4.18303358770982
577.06397003922,410.899978974048,4.70690110775458
141.009050649853,283.318314894887,4.68879628278122
199.480908923716,366.792920733978,3.87743074648342
123.091855964081,412.364352516467,3.38348370854819
629.220340759853,310.139268752648,4.53531931453584
0.128282297235057,143.203856025266,4.28235926166123
548.35819538161,202.954650128695,4.24295172783143
34.0138955564189,490.491340028171,3.00176518399306
278.863624890657,26.021653642888,3.96879496177521
532.670662044666,392.56206743488,3.48216583723529
68.4004951983379,81.8523102929593,5.21056464201271
6.41320784461313,74.8013367480026,3.56556822981159
583.605004383962,225.674181892075,3.9591395520624
439.926674670432,459.928441004305,4.8157955986318
660.676836440951,373.068380199687,2.94198842703264
106.094761503015,489.499608966124,4.23053154898611
622.020624673519,84.9093159247158,4.06598822386314
422.759197972851,258.632142923683,3.65890337868322
11.8927422689021,182.708372105127,3.15543669253148
66.3988251093837,122.245229421099,4.44145572494591
589.380219223341,202.932986283609,4.2152202866106
255.840544700432,219.024535386101,3.94334673808128
569.498359802457,428.72710694874,3.95836235294425
297.426438045115,134.241648531543,3.75866872334474
531.590798941301,443.000127088274,3.82259478729411
41.6222708941746,419.259047202586,4.01488884629163
200.573051203148,298.128135017241,4.39431103560591
553.425750648419,258.963429044855,3.7747334575839
176.714391635743,36.133049746291,4.40581766101222
501.745651707407,347.408760192283,4.48881564601055
38.2097284253484,53.6005821454269,4.0466802983594
524.674612415998,133.644708761502,4.74259578711837
NA,NA,NA
660.692563131994,332.848481440604,3.40121804055074
458.089828758955,299.560201315965,3.59534416797169
8.60016351515876,498.161157137782,3.66425708624722
562.581748201982,49.5304967070683,4.26805083009185
77.1745008894315,378.847532191469,3.93051357276977
227.006233356465,415.585363573734,3.9682006474803
426.682947582717,11.5231227859471,3.3219688506385
362.053889071451,292.467129925653,3.00387620668483
609.74806373812,101.827339177655,4.25593418970037
390.958441880915,229.289551738686,4.18303358770982
577.06397003922,410.899978974048,4.70690110775458
141.009050649853,283.318314894887,4.68879628278122
199.480908923716,366.792920733978,3.87743074648342
123.091855964081,412.364352516467,3.38348370854819
629.220340759853,310.139268752648,4.53531931453584
0.128282297235057,143.203856025266,4.28235926166123
548.35819538161,202.954650128695,4.24295172783143
34.0138955564189,490.491340028171,3.00176518399306
278.863624890657,26.021653642888,3.96879496177521
532.670662044666,392.56206743488,3.48216583723529
68.4004951983379,81.8523102929593,5.21056464201271
6.41320784461313,74.8013367480026,3.56556822981159
583.605004383962,225.674181892075,3.9591395520624
439.926674670432,459.928441004305,4.8157955986318
660.676836440951,373.068380199687,2.94198842703264
106.094761503015,489.499608966124,4.23053154898611
622.020624673519,84.9093159247158,4.06598822386314
422.759197972851,258.632142923683,3.65890337868322
11.8927422689021,182.708372105127,3.15543669253148
66.3988251093837,122.245229421099,4.44145572494591
589.380219223341,202.932986283609,4.2152202866106
255.840544700432,219.024535386101,3.94334673808128
569.498359802457,428.72710694874,3.95836235294425
297.426438045115,134.241648531543,3.75866872334474
531.590798941301,443.000127088274,3.82259478729411
41.6222708941746,419.259047202586,4.01488884629163
200.573051203148,298.128135017241,4.39431103560591
553.425750648419,258.963429044855,3.7747334575839
176.714391635743,36.133049746291,4.40581766101222
501.745651707407,347.408760192283,4.48881564601055
38.2097284253484,53.6005821454269,4.0466802983594
524.674612415998,133.644708761502,4.74259578711837
NA,NA,NA
662.300506364262,332.934977310094,3.43800217023783
452.964059674158,299.29026073779,3.58324264787147
12.1622939558052,493.794077818519,3.62171133073219
561.279657552751,53.744861843549,4.13936129226232
70.6847396144467,368.488049384785,3.85882742563852
230.193223166701,413.07100979586,3.78346073341674
428.234658252291,13.2595101319309,3.22073357076847
360.234146195811,293.39821332084,2.94670475455386
602.692475673796,105.756705344039,4.33205831407133
391.118897984894,230.803404561014,4.24397275177193
559.75359756096,403.58313135807,4.67808821644027
143.754828187733,286.581316943597,4.52613031118611
199.933431183877,368.402013412799,4.03668696906865
125.463226583078,408.089194111256,3.42162061610136
630.343041954365,312.063978834142,4.60911546525926
9.39479061939458,144.65012250123,4.3010312177475
541.482699184465,204.295647714856,4.18969656941336
33.8390295189388,494.07628511097,3.04293350990986
276.814329233923,22.2808248979915,3.96537470214847
531.836299351126,393.233634178551,3.39190224535464
71.0593950546165,82.5271309527822,5.2245891101981
4.3274312416848,78.0035969075631,3.53918566590031
587.130709043455,224.419346185951,4.02340427222631
442.163957435068,457.33283544013,4.80126517925529
657.11690646126,374.301176767948,3.07726239304525
112.468640997881,485.606181915428,4.27051917677219
623.296801025215,84.1338221424556,4.13466808135956
424.195222190244,260.905900074963,3.62164208988281
11.8946211021976,182.958174807277,3.24039440712693
56.6752581735278,111.191078740413,4.20146442949397
605.009796325916,195.870985977629,4.10997864813788
248.898677815688,216.370703341872,3.85597317553652
567.797718698625,433.477490003929,3.87378367853034
297.628532863538,141.761391988769,3.87341421788752
529.589832973577,459.200668399006,3.55117796351118
40.0870278292201,426.71819045825,3.99817507344086
194.325191573206,289.73778679758,4.17242280608531
553.32207595089,266.364685932938,3.63147430450063
181.395072044153,30.3508045793083,4.33111774882088
502.629725382117,346.817300056796,4.59667184560098
30.5515866659927,51.4593203310603,3.80878481113143
536.794065690066,144.174404494194,4.78867645109587
NA,NA,NA
662.300506364262,332.934977310094,3.43800217023783
452.964059674158,299.29026073779,3.58324264787147
12.1622939558052,493.794077818519,3.62171133073219
561.279657552751,53.744861843549,4.13936129226232
70.6847396144467,368.488049384785,3.85882742563852
230.193223166701,413.07100979586,3.78346073341674
428.234658252291,13.2595101319309,3.22073357076847
360.234146195811,293.39821332084,2.94670475455386
602.692475673796,105.756705344039,4.33205831407133
391.118897984894,230.803404561014,4.24397275177193
559.75359756096,403.58313135807,4.67808821644027
143.754828187733,286.581316943597,4.52613031118611
199.933431183877,368.402013412799,4.03668696906865
125.463226583078,408.089194111256,3.42162061610136
630.343041954365,312.063978834142,4.60911546525926
9.39479061939458,144.65012250123,4.3010312177475
541.482699184465,204.295647714856,4.18969656941336
33.8390295189388,494.07628511097,3.04293350990986
276.814329233923,22.2808248979915,3.96537470214847
531.836299351126,393.233634178551,3.39190224535464
71.0593950546165,82.5271309527822,5.2245891101981
4.3274312416848,78.0035969075631,3.53918566590031
587.130709043455,224.419346185951,4.02340427222631
442.163957435068,457.33283544013,4.80126517925529
657.11690646126,374.301176767948,3.07726239304525
112.468640997881,485.606181915428,4.27051917677219
623.296801025215,84.1338221424556,4.13466808135956
424.195222190244,260.905900074963,3.62164208988281
11.8946211021976,182.958174807277,3.24039440712693
56.6752581735278,111.191078740413,4.20146442949397
605.009796325916,195.870985977629,4.10997864813788
248.898677815688,216.370703341872,3.85597317553652
567.797718698625,433.477490003929,3.87378367853034
297.628532863538,141.761391988769,3.87341421788752
529.589832973577,459.200668399006,3.55117796351118
40.0870278292201,426.71819045825,3.99817507344086
194.325191573206,289.73778679758,4.17242280608531
553.32207595089,266.364685932938,3.63147430450063
181.395072044153,30.3508045793083,4.33111774882088
502.629725382117,346.817300056796,4.59667184560098
30.5515866659927,51.4593203310603,3.80878481113143
536.794065690066,144.174404494194,4.78867645109587
NA,NA,NA
662.300506364262,332.934977310094,3.43800217023783
452.964059674158,299.29026073779,3.58324264787147
12.1622939558052,493.794077818519,3.62171133073219
561.279657552751,53.744861843549,4.13936129226232
70.6847396144467,368.488049384785,3.85882742563852
230.193223166701,413.07100979586,3.78346073341674
428.234658252291,13.2595101319309,3.22073357076847
360.234146195811,293.39821332084,2.94670475455386
602.692475673796,105.756705344039,4.33205831407133
391.118897984894,230.803404561014,4.24397275177193
559.75359756096,403.58313135807,4.67808821644027
143.754828187733,286.581316943597,4.52613031118611
199.933431183877,368.402013412799,4.03668696906865
125.463226583078,408.089194111256,3.42162061610136
630.343041954365,312.063978834142,4.60911546525926
9.39479061939458,144.65012250123,4.3010312177475
541.482699184465,204.295647714856,4.18969656941336
33.8390295189388,494.07628511097,3.04293350990986
276.814329233923,22.2808248979915,3.96537470214847
531.836299351126,393.233634178551,3.39190224535464
71.0593950546165,82.5271309527822,5.2245891101981
4.3274312416848,78.0035969075631,3.53918566590031
587.130709043455,224.419346185951,4.02340427222631
442.163957435068,457.33283544013,4.80126517925529
657.11690646126,374.301176767948,3.07726239304525
112.468640997881,485.606181915428,4.27051917677219
623.296801025215,84.1338221424556,4.13466808135956
424.195222190244,260.905900074963,3.62164208988281
11.8946211021976,182.958174807277,3.24039440712693
56.6752581735278,111.191078740413,4.20146442949397
605.009796325916,195.870985977629,4.10997864813788
248.898677815688,216.370703341872,3.85597317553652
567.797718698625,433.477490003929,3.87378367853034
297.628532863538,141.761391988769,3.87341421788752
529.589832973577,459.200668399006,3.55117796351118
40.0870278292201,426.71819045825,3.99817507344086
194.325191573206,289.73778679758,4.17242280608531
553.32207595089,266.364685932938,3.63147430450063
181.395072044153,30.3508045793083,4.33111774882088
502.629725382117,346.817300056796,4.59667184560098
30.5515866659927,51.4593203310603,3.80878481113143
536.794065690066,144.174404494194,4.78867645109587
NA,NA,NA
662.300506364262,332.934977310094,3.43800217023783
452.964059674158,299.29026073779,3.58324264787147
12.1622939558052,493.794077818519,3.62171133073219
561.279657552751,53.744861843549,4.13936129226232
70.6847396144467,368.488049384785,3.85882742563852
230.193223166701,413.07100979586,3.78346073341674
428.234658252291,13.2595101319309,3.22073357076847
360.234146195811,293.39821332084,2.94670475455386
602.692475673796,105.756705344039,4.33205831407133
391.118897984894,230.803404561014,4.24397275177193
559.75359756096,403.58313135807,4.67808821644027
143.754828187733,286.581316943597,4.52613031118611
199.933431183877,368.402013412799,4.03668696906865
125.463226583078,408.089194111256,3.42162061610136
630.343041954365,312.063978834142,4.60911546525926
9.39479061939458,144.65012250123,4.3010312177475
541.482699184465,204.295647714856,4.18969656941336
33.8390295189388,494.07628511097,3.04293350990986
276.814329233923,22.2808248979915,3.96537470214847
531.836299351126,393.233634178551,3.39190224535464
71.0593950546165,82.5271309527822,5.2245891101981
4.3274312416848,78.0035969075631,3.53918566590031
587.130709043455,224.419346185951,4.02340427222631
442.163957435068,457.33283544013,4.80126517925529
657.11690646126,374.301176767948,3.07726239304525
112.468640997881,485.606181915428,4.27051917677219
623.296801025215,84.1338221424556,4.13466808135956
424.195222190244,260.905900074963,3.62164208988281
11.8946211021976,182.958174807277,3.24039440712693
56.6752581735278,111.191078740413,4.20146442949397
605.009796325916,195.870985977629,4.10997864813788
248.898677815688,216.370703341872,3.85597317553652
567.797718698625,433.477490003929,3.87378367853034
297.628532863538,141.761391988769,3.87341421788752
529.589832973577,459.200668399006,3.55117796351118
40.0870278292201,426.71819045825,3.99817507344086
194.325191573206,289.73778679758,4.17242280608531
553.32207595089,266.364685932938,3.63147430450063
181.395072044153,30.3508045793083,4.33111774882088
502.629725382117,346.817300056796,4.59667184560098
30.5515866659927,51.4593203310603,3.80878481113143
536.794065690066,144.174404494194,4.78867645109587
NA,NA,NA
662.300506364262,332.934977310094,3.43800217023783
452.964059674158,299.29026073779,3.58324264787147
12.1622939558052,493.794077818519,3.62171133073219
561.279657552751,53.744861843549,4.13936129226232
70.6847396144467,368.488049384785,3.85882742563852
230.193223166701,413.07100979586,3.78346073341674
428.234658252291,13.2595101319309,3.22073357076847
360.234146195811,293.39821332084,2.94670475455386
602.692475673796,105.756705344039,4.33205831407133
391.118897984894,230.803404561014,4.24397275177193
559.75359756096,403.58313135807,4.67808821644027
143.754828187733,286.581316943597,4.52613031118611
199.933431183877,368.402013412799,4.03668696906865
125.463226583078,408.089194111256,3.42162061610136
630.343041954365,312.063978834142,4.60911546525926
9.39479061939458,144.65012250123,4.3010312177475
541.482699184465,204.295647714856,4.18969656941336
33.8390295189388,494.07628511097,3.04293350990986
276.814329233923,22.2808248979915,3.96537470214847
531.836299351126,393.233634178551,3.39190224535464
71.0593950546165,82.5271309527822,5.2245891101981
4.3274312416848,78.0035969075631,3.53918566590031
587.130709043455,224.419346185951,4.02340427222631
442.163957435068,457.33283544013,4.80126517925529
657.11690646126,374.301176767948,3.07726239304525
112.468640997881,485.606181915428,4.27051917677219
623.296801025215,84.1338221424556,4.13466808135956
424.195222190244,260.905900074963,3.62164208988281
11.8946211021976,182.958174807277,3.24039440712693
56.6752581735278,111.191078740413,4.20146442949397
605.009796325916,195.870985977629,4.10997864813788
248.898677815688,216.370703341872,3.85597317553652
567.797718698625,433.477490003929,3.87378367853034
297.628532863538,141.761391988769,3.87341421788752
529.589832973577,459.200668399006,3.55117796351118
40.0870278292201,426.71819045825,3.99817507344086
194.325191573206,289.73778679758,4.17242280608531
553.32207595089,266.364685932938,3.63147430450063
181.395072044153,30.3508045793083,4.33111774882088
502.629725382117,346.817300056796,4.59667184560098
30.5515866659927,51.4593203310603,3.80878481113143
536.794065690066,144.174404494194,4.78867645109587
NA,NA,NA
662.300506364262,332.934977310094,3.43800217023783
452.964059674158,299.29026073779,3.58324264787147
12.1622939558052,493.794077818519,3.62171133073219
561.279657552751,53.744861843549,4.13936129226232
70.6847396144467,368.488049384785,3.85882742563852
230.193223166701,413.07100979586,3.78346073341674
428.234658252291,13.2595101319309,3.22073357076847
360.234146195811,293.39821332084,2.94670475455386
602.692475673796,105.756705344039,4.33205831407133
391.118897984894,230.803404561014,4.24397275177193
559.75359756096,403.58313135807,4.67808821644027
143.754828187733,286.581316943597,4.52613031118611
199.933431183877,368.402013412799,4.03668696906865
125.463226583078,408.089194111256,3.42162061610136
630.343041954365,312.063978834142,4.60911546525926
9.39479061939458,144.65012250123,4.3010312177475
541.482699184465,204.295647714856,4.18969656941336
33.8390295189388,494.07628511097,3.04293350990986
276.814329233923,22.2808248979915,3.96537470214847
531.836299351126,393.233634178551,3.39190224535464
71.0593950546165,82.5271309527822,5.2245891101981
4.3274312416848,78.0035969075631,3.53918566590031
587.130709043455,224.419346185951,4.02340427222631
442.163957435068,457.33283544013,4.80126517925529
657.11690646126,374.301176767948,3.07726239304525
112.468640997881,485.606181915428,4.27051917677219
623.296801025215,84.1338221424556,4.13466808135956
424.195222190244,260.905900074963,3.62164208988281
11.8946211021976,182.958174807277,3.24039440712693
56.6752581735278,111.191078740413,4.20146442949397
605.009796325916,195.870985977629,4.10997864813788
248.898677815688,216.370703341872,3.85597317553652
567.797718698625,433.477490003929,3.87378367853034
297.628532863538,141.761391988769,3.87341421788752
529.589832973577,459.200668399006,3.55117796351118
40.0870278292201,426.71819045825,3.99817507344086
194.325191573206,289.73778679758,4.17242280608531
553.32207595089,266.364685932938,3.63147430450063
181.395072044153,30.3508045793083,4.33111774882088
502.629725382117,346.817300056796,4.59667184560098
30.5515866659927,51.4593203310603,3.80878481113143
536.794065690066,144.174404494194,4.78867645109587
NA,NA,NA
661.278975294514,334.952640404807,3.41576395783079
456.704157693988,300.767218467707,3.58907145622735
11.3516752377663,495.044315454995,3.64952263923389
562.402123280116,52.7342554283208,4.27565711188951
71.1635643742164,380.530040415385,4.04816709127996
229.505207771804,411.936640889252,3.87307790266469
427.206445829444,13.1582022679456,3.30984816536359
364.916674537465,291.91612855321,2.84117683229521
600.875292136819,108.06737823766,4.14264952199092
394.277551894694,226.099552240162,4.14575437876212
565.991641315054,415.629304797876,4.74681989322592
142.343245362434,279.000717441128,4.65896406017953
199.787665885202,365.119622682653,4.00827437052738
126.63002253632,409.874144494051,3.47723093124509
623.605773383316,308.303830658554,4.62658894454324
-1.72064331880347,142.342913920655,4.31377130039342
542.145048883378,207.10074821712,4.28026535762999
32.4367175227746,491.769327305095,3.00138742072228
279.357602152838,21.2201879955886,4.03917021034922
538.348635686827,391.989781039595,3.41705379686903
69.6205070536705,77.3623229372667,5.18040174903078
3.40897786344007,76.4695012846258,3.5083599004857
587.780097810876,226.705677578078,4.10474685645474
442.763857002571,453.857973599816,4.80796378134296
660.431692247158,372.302614586916,3.10808604470904
107.825521748987,484.636057016464,4.3887116671815
624.744837850634,94.097476295244,4.0529692006915
421.604146342477,259.179598639982,3.59366886498741
11.8981216252206,181.48324987381,3.30259605183647
49.7693616507184,109.752597547959,4.25991175067044
601.922165451182,201.308248103594,4.55990752360842
254.788823276544,214.78644116511,3.64409762206805
570.397252249875,437.326670159016,4.01219284755647
300.477656550702,142.132970706906,3.70931696360485
531.515401895516,454.190106904209,3.59463110339358
49.4353501036803,400.583240867755,3.96972947481934
192.820688828738,287.960898235296,3.86483926202015
544.118168156764,269.324702926459,3.67788002223294
176.366406982223,29.2589781407506,4.35723991068639
512.887280153101,338.81021040451,4.40974037617967
44.1017401900496,43.8101531625671,3.64576553399069
536.009877268723,156.042793071984,4.86580535574879
NA,NA,NA
661.278975294514,334.952640404807,3.41576395783079
456.704157693988,300.767218467707,3.58907145622735
11.3516752377663,495.044315454995,3.64952263923389
562.402123280116,52.7342554283208,4.27565711188951
71.1635643742164,380.530040415385,4.04816709127996
229.505207771804,411.936640889252,3.87307790266469
427.206445829444,13.1582022679456,3.30984816536359
364.916674537465,291.91612855321,2.84117683229521
600.875292136819,108.06737823766,4.14264952199092
394.277551894694,226.099552240162,4.14575437876212
565.991641315054,415.629304797876,4.74681989322592
142.343245362434,279.000717441128,4.65896406017953
199.787665885202,365.119622682653,4.00827437052738
126.63002253632,409.874144494051,3.47723093124509
623.605773383316,308.303830658554,4.62658894454324
-1.72064331880347,142.342913920655,4.31377130039342
542.145048883378,207.10074821712,4.28026535762999
32.4367175227746,491.769327305095,3.00138742072228
279.357602152838,21.2201879955886,4.03917021034922
538.348635686827,391.989781039595,3.41705379686903
69.6205070536705,77.3623229372667,5.18040174903078
3.40897786344007,76.4695012846258,3.5083599004857
587.780097810876,226.705677578078,4.10474685645474
442.763857002571,453.857973599816,4.80796378134296
660.431692247158,372.302614586916,3.10808604470904
107.825521748987,484.636057016464,4.3887116671815
624.744837850634,94.097476295244,4.0529692006915
421.604146342477,259.179598639982,3.59366886498741
11.8981216252206,181.48324987381,3.30259605183647
49.7693616507184,109.752597547959,4.25991175067044
601.922165451182,201.308248103594,4.55990752360842
254.788823276544,214.78644116511,3.64409762206805
570.397252249875,437.326670159016,4.01219284755647
300.477656550702,142.132970706906,3.70931696360485
531.515401895516,454.190106904209,3.59463110339358
49.4353501036803,400.583240867755,3.96972947481934
192.820688828738,287.960898235296,3.86483926202015
544.118168156764,269.324702926459,3.67788002223294
176.366406982223,29.2589781407506,4.35723991068639
512.887280153101,338.81021040451,4.40974037617967
44.1017401900496,43.8101531625671,3.64576553399069
536.009877268723,156.042793071984,4.86580535574879
NA,NA,NA
661.278975294514,334.952640404807,3.41576395783079
456.704157693988,300.767218467707,3.58907145622735
11.3516752377663,495.044315454995,3.64952263923389
562.402123280116,52.7342554283208,4.27565711188951
71.1635643742164,380.530040415385,4.04816709127996
229.505207771804,411.936640889252,3.87307790266469
427.206445829444,13.1582022679456,3.30984816536359
364.916674537465,291.91612855321,2.84117683229521
600.875292136819,108.06737823766,4.14264952199092
394.277551894694,226.099552240162,4.14575437876212
565.991641315054,415.629304797876,4.74681989322592
142.343245362434,279.000717441128,4.65896406017953
199.787665885202,365.119622682653,4.00827437052738
126.63002253632,409.874144494051,3.47723093124509
623.605773383316,308.303830658554,4.62658894454324
-1.72064331880347,142.342913920655,4.31377130039342
542.145048883378,207.10074821712,4.28026535762999
32.4367175227746,491.769327305095,3.00138742072228
279.357602152838,21.2201879955886,4.03917021034922
538.348635686827,391.989781039595,3.41705379686903
69.6205070536705,77.3623229372667,5.18040174903078
3.40897786344007,76.4695012846258,3.5083599004857
587.780097810876,226.705677578078,4.10474685645474
442.763857002571,453.857973599816,4.80796378134296
660.431692247158,372.302614586916,3.10808604470904
107.825521748987,484.636057016464,4.3887116671815
624.744837850634,94.097476295244,4.0529692006915
421.604146342477,259.179598639982,3.59366886498741
11.8981216252206,181.48324987381,3.30259605183647
49.7693616507184,109.752597547959,4.25991175067044
601.922165451182,201.308248103594,4.55990752360842
254.788823276544,214.78644116511,3.64409762206805
570.397252249875,437.326670159016,4.01219284755647
300.477656550702,142.132970706906,3.70931696360485
531.515401895516,454.190106904209,3.59463110339358
49.4353501036803,400.583240867755,3.96972947481934
192.820688828738,287.960898235296,3.86483926202015
544.118168156764,269.324702926459,3.67788002223294
176.366406982223,29.2589781407506,4.35723991068639
512.887280153101,338.81021040451,4.40974037617967
44.1017401900496,43.8101531625671,3.64576553399069
536.009877268723,156.042793071984,4.86580535574879
NA,NA,NA
661.278975294514,334.952640404807,3.41576395783079
456.704157693988,300.767218467707,3.58907145622735
11.3516752377663,495.044315454995,3.64952263923389
562.402123280116,52.7342554283208,4.27565711188951
71.1635643742164,380.530040415385,4.04816709127996
229.505207771804,411.936640889252,3.87307790266469
427.206445829444,13.1582022679456,3.30984816536359
364.916674537465,291.91612855321,2.84117683229521
600.875292136819,108.06737823766,4.14264952199092
394.277551894694,226.099552240162,4.14575437876212
565.991641315054,415.629304797876,4.74681989322592
142.343245362434,279.000717441128,4.65896406017953
199.787665885202,365.119622682653,4.00827437052738
126.63002253632,409.874144494051,3.47723093124509
623.605773383316,308.303830658554,4.62658894454324
-1.72064331880347,142.342913920655,4.31377130039342
542.145048883378,207.10074821712,4.28026535762999
32.4367175227746,491.769327305095,3.00138742072228
279.357602152838,21.2201879955886,4.03917021034922
538.348635686827,391.989781039595,3.41705379686903
69.6205070536705,77.3623229372667,5.18040174903078
3.40897786344007,76.4695012846258,3.5083599004857
587.780097810876,226.705677578078,4.10474685645474
442.763857002571,453.857973599816,4.80796378134296
660.431692247158,372.302614586916,3.10808604470904
107.825521748987,484.636057016464,4.3887116671815
624.744837850634,94.097476295244,4.0529692006915
421.604146342477,259.179598639982,3.59366886498741
11.8981216252206,181.48324987381,3.30259605183647
49.7693616507184,109.752597547959,4.25991175067044
601.922165451182,201.308248103594,4.55990752360842
254.788823276544,214.78644116511,3.64409762206805
570.397252249875,437.326670159016,4.01219284755647
300.477656550702,142.132970706906,3.70931696360485
531.515401895516,454.190106904209,3.59463110339358
49.4353501036803,400.583240867755,3.96972947481934
192.820688828738,287.960898235296,3.86483926202015
544.118168156764,269.324702926459,3.67788002223294
176.366406982223,29.2589781407506,4.35723991068639
512.887280153101,338.81021040451,4.40974037617967
44.1017401900496,43.8101531625671,3.64576553399069
536.009877268723,156.042793071984,4.86580535574879
NA,NA,NA
661.278975294514,334.952640404807,3.41576395783079
456.704157693988,300.767218467707,3.58907145622735
11.3516752377663,495.044315454995,3.64952263923389
562.402123280116,52.7342554283208,4.27565711188951
71.1635643742164,380.530040415385,4.04816709127996
229.505207771804,411.936640889252,3.87307790266469
427.206445829444,13.1582022679456,3.30984816536359
364.916674537465,291.91612855321,2.84117683229521
600.875292136819,108.06737823766,4.14264952199092
394.277551894694,226.099552240162,4.14575437876212
565.991641315054,415.629304797876,4.74681989322592
142.343245362434,279.000717441128,4.65896406017953
199.787665885202,365.119622682653,4.00827437052738
126.63002253632,409.874144494051,3.47723093124509
623.605773383316,308.303830658554,4.62658894454324
-1.72064331880347,142.342913920655,4.31377130039342
542.145048883378,207.10074821712,4.28026535762999
32.4367175227746,491.769327305095,3.00138742072228
279.357602152838,21.2201879955886,4.03917021034922
538.348635686827,391.989781039595,3.41705379686903
69.6205070536705,77.3623229372667,5.18040174903078
3.40897786344007,76.4695012846258,3.5083599004857
587.780097810876,226.705677578078,4.10474685645474
442.763857002571,453.857973599816,4.80796378134296
660.431692247158,372.302614586916,3.10808604470904
107.825521748987,484.636057016464,4.3887116671815
624.744837850634,94.097476295244,4.0529692006915
421.604146342477,259.179598639982,3.59366886498741
11.8981216252206,181.48324987381,3.30259605183647
49.7693616507184,109.752597547959,4.25991175067044
601.922165451182,201.308248103594,4.55990752360842
254.788823276544,214.78644116511,3.64409762206805
570.397252249875,437.326670159016,4.01219284755647
300.477656550702,142.132970706906,3.70931696360485
531.515401895516,454.190106904209,3.59463110339358
49.4353501036803,400.583240867755,3.96972947481934
192.820688828738,287.960898235296,3.86483926202015
544.118168156764,269.324702926459,3.67788002223294
176.366406982223,29.2589781407506,4.35723991068639
512.887280153101,338.81021040451,4.40974037617967
44.1017401900496,43.8101531625671,3.64576553399069
536.009877268723,156.042793071984,4.86580535574879
NA,NA,NA
661.278975294514,334.952640404807,3.41576395783079
456.704157693988,300.767218467707,3.58907145622735
11.3516752377663,495.044315454995,3.64952263923389
562.402123280116,52.7342554283208,4.27565711188951
71.1635643742164,380.530040415385,4.04816709127996
229.505207771804,411.936640889252,3.87307790266469
427.206445829444,13.1582022679456,3.30984816536359
364.916674537465,291.91612855321,2.84117683229521
600.875292136819,108.06737823766,4.14264952199092
394.277551894694,226.099552240162,4.14575437876212
565.991641315054,415.629304797876,4.74681989322592
142.343245362434,279.000717441128,4.65896406017953
199.787665885202,365.119622682653,4.00827437052738
126.63002253632,409.874144494051,3.47723093124509
623.605773383316,308.303830658554,4.62658894454324
-1.72064331880347,142.342913920655,4.31377130039342
542.145048883378,207.10074821712,4.28026535762999
32.4367175227746,491.769327305095,3.00138742072228
279.357602152838,21.2201879955886,4.03917021034922
538.348635686827,391.989781039595,3.41705379686903
69.6205070536705,77.3623229372667,5.18040174903078
3.40897786344007,76.4695012846258,3.5083599004857
587.780097810876,226.705677578078,4.10474685645474
442.763857002571,453.857973599816,4.80796378134296
660.431692247158,372.302614586916,3.10808604470904
107.825521748987,484.636057016464,4.3887116671815
624.744837850634,94.097476295244,4.0529692006915
421.604146342477,259.179598639982,3.59366886498741
11.8981216252206,181.48324987381,3.30259605183647
49.7693616507184,109.752597547959,4.25991175067044
601.922165451182,201.308248103594,4.55990752360842
254.788823276544,214.78644116511,3.64409762206805
570.397252249875,437.326670159016,4.01219284755647
300.477656550702,142.132970706906,3.70931696360485
531.515401895516,454.190106904209,3.59463110339358
49.4353501036803,400.583240867755,3.96972947481934
192.820688828738,287.960898235296,3.86483926202015
544.118168156764,269.324702926459,3.67788002223294
176.366406982223,29.2589781407506,4.35723991068639
512.887280153101,338.81021040451,4.40974037617967
44.1017401900496,43.8101531625671,3.64576553399069
536.009877268723,156.042793071984,4.86580535574879
NA,NA,NA
663.85290386639,330.897838534428,3.4492398152323
455.735506653685,300.638395874816,3.61268166776818
4.14625925822869,494.157210654605,3.66854873892305
560.062057598176,54.6915013553193,4.21754793149138
71.7709842117608,377.104387794025,4.04404127410792
227.428369632396,405.394805102423,3.99503537041475
428.627150886403,11.9793533901487,3.3632766811475
360.793266503618,290.95448456351,3.04458127332432
607.586898287826,101.675685335492,4.26702633717129
393.901868869142,225.848753290443,4.18723001378318
565.860877988856,415.531599968274,4.74041781602407
136.369031290043,276.064053307548,4.6137497494804
201.773533097825,366.783741979589,4.01870051372349
127.532244706203,413.429680519057,3.47778870009769
617.794713912376,320.034520895543,4.57797471441126
-0.283614102461402,147.927254857767,4.23722478811386
541.741546405796,206.889442165178,4.13923874626332
34.2676473862648,494.622713361788,2.97915900954197
281.769511597052,23.2276038403817,4.06898871437448
537.460478728653,394.250631015753,3.52879776374319
71.9768044237019,69.0482416761254,5.12851411535438
3.41478214809618,76.5802815053412,3.33355260142348
591.461249673713,226.81285493335,4.07592554731211
444.253828906549,447.947743393607,4.73417095529787
659.310660908146,373.993090482914,2.97649576153489
106.010204507785,489.924368817407,4.26185804741239
621.553639069449,92.8402393306978,4.05383324501436
419.366634220135,260.05608389639,3.63909796560701
12.1866955007415,183.471126258019,3.21648191891646
58.6128865307679,109.836845094908,4.39552245605741
608.644179322021,202.789019964502,4.45218406563684
250.31037887592,219.019902343429,3.79859518673407
565.3358006955,432.947074621012,4.13149615855178
301.321470285798,135.490675791747,3.67483444252631
529.408219967466,447.952943169075,3.59792854527396
59.6610286232645,432.254210735249,3.54139634509069
199.465572139555,287.331679092672,4.22627073396567
554.823136170705,272.307300977903,3.64415226984751
180.047551002043,15.3858427360808,4.14732701071453
504.841050139446,346.585530800477,4.29703678704799
33.1683185321697,45.9717079091907,3.56459336864591
534.028255251981,136.87071958115,4.71347596759444
NA,NA,NA
663.85290386639,330.897838534428,3.4492398152323
455.735506653685,300.638395874816,3.61268166776818
4.14625925822869,494.157210654605,3.66854873892305
560.062057598176,54.6915013553193,4.21754793149138
71.7709842117608,377.104387794025,4.04404127410792
227.428369632396,405.394805102423,3.99503537041475
428.627150886403,11.9793533901487,3.3632766811475
360.793266503618,290.95448456351,3.04458127332432
607.586898287826,101.675685335492,4.26702633717129
393.901868869142,225.848753290443,4.18723001378318
565.860877988856,415.531599968274,4.74041781602407
136.369031290043,276.064053307548,4.6137497494804
201.773533097825,366.783741979589,4.01870051372349
127.532244706203,413.429680519057,3.47778870009769
617.794713912376,320.034520895543,4.57797471441126
-0.283614102461402,147.927254857767,4.23722478811386
541.741546405796,206.889442165178,4.13923874626332
34.2676473862648,494.622713361788,2.97915900954197
281.769511597052,23.2276038403817,4.06898871437448
537.460478728653,394.250631015753,3.52879776374319
71.9768044237019,69.0482416761254,5.12851411535438
3.41478214809618,76.5802815053412,3.33355260142348
591.461249673713,226.81285493335,4.07592554731211
444.253828906549,447.947743393607,4.73417095529787
659.310660908146,373.993090482914,2.97649576153489
106.010204507785,489.924368817407,4.26185804741239
621.553639069449,92.8402393306978,4.05383324501436
419.366634220135,260.05608389639,3.63909796560701
12.1866955007415,183.471126258019,3.21648191891646
58.6128865307679,109.836845094908,4.39552245605741
608.644179322021,202.789019964502,4.45218406563684
250.31037887592,219.019902343429,3.79859518673407
565.3358006955,432.947074621012,4.13149615855178
301.321470285798,135.490675791747,3.67483444252631
529.408219967466,447.952943169075,3.59792854527396
59.6610286232645,432.254210735249,3.54139634509069
199.465572139555,287.331679092672,4.22627073396567
554.823136170705,272.307300977903,3.64415226984751
180.047551002043,15.3858427360808,4.14732701071453
504.841050139446,346.585530800477,4.29703678704799
33.1683185321697,45.9717079091907,3.56459336864591
534.028255251981,136.87071958115,4.71347596759444
NA,NA,NA
663.85290386639,330.897838534428,3.4492398152323
455.735506653685,300.638395874816,3.61268166776818
4.14625925822869,494.157210654605,3.66854873892305
560.062057598176,54.6915013553193,4.21754793149138
71.7709842117608,377.104387794025,4.04404127410792
227.428369632396,405.394805102423,3.99503537041475
428.627150886403,11.9793533901487,3.3632766811475
360.793266503618,290.95448456351,3.04458127332432
607.586898287826,101.675685335492,4.26702633717129
393.901868869142,225.848753290443,4.18723001378318
565.860877988856,415.531599968274,4.74041781602407
136.369031290043,276.064053307548,4.6137497494804
201.773533097825,366.783741979589,4.01870051372349
127.532244706203,413.429680519057,3.47778870009769
617.794713912376,320.034520895543,4.57797471441126
-0.283614102461402,147.927254857767,4.23722478811386
541.741546405796,206.889442165178,4.13923874626332
34.2676473862648,494.622713361788,2.97915900954197
281.769511597052,23.2276038403817,4.06898871437448
537.460478728653,394.250631015753,3.52879776374319
71.9768044237019,69.0482416761254,5.12851411535438
3.41478214809618,76.5802815053412,3.33355260142348
591.461249673713,226.81285493335,4.07592554731211
444.253828906549,447.947743393607,4.73417095529787
659.310660908146,373.993090482914,2.97649576153489
106.010204507785,489.924368817407,4.26185804741239
621.553639069449,92.8402393306978,4.05383324501436
419.366634220135,260.05608389639,3.63909796560701
12.1866955007415,183.471126258019,3.21648191891646
58.6128865307679,109.836845094908,4.39552245605741
608.644179322021,202.789019964502,4.45218406563684
250.31037887592,219.019902343429,3.79859518673407
565.3358006955,432.947074621012,4.13149615855178
301.321470285798,135.490675791747,3.67483444252631
529.408219967466,447.952943169075,3.59792854527396
59.6610286232645,432.254210735249,3.54139634509069
199.465572139555,287.331679092672,4.22627073396567
554.823136170705,272.307300977903,3.64415226984751
180.047551002043,15.3858427360808,4.14732701071453
504.841050139446,346.585530800477,4.29703678704799
33.1683185321697,45.9717079091907,3.56459336864591
534.028255251981,136.87071958115,4.71347596759444
NA,NA,NA
663.85290386639,330.897838534428,3.4492398152323
455.735506653685,300.638395874816,3.61268166776818
4.14625925822869,494.157210654605,3.66854873892305
560.062057598176,54.6915013553193,4.21754793149138
71.7709842117608,377.104387794025,4.04404127410792
227.428369632396,405.394805102423,3.99503537041475
428.627150886403,11.9793533901487,3.3632766811475
360.793266503618,290.95448456351,3.04458127332432
607.586898287826,101.675685335492,4.26702633717129
393.901868869142,225.848753290443,4.18723001378318
565.860877988856,415.531599968274,4.74041781602407
136.369031290043,276.064053307548,4.6137497494804
201.773533097825,366.783741979589,4.01870051372349
127.532244706203,413.429680519057,3.47778870009769
617.794713912376,320.034520895543,4.57797471441126
-0.283614102461402,147.927254857767,4.23722478811386
541.741546405796,206.889442165178,4.13923874626332
34.2676473862648,494.622713361788,2.97915900954197
281.769511597052,23.2276038403817,4.06898871437448
537.460478728653,394.250631015753,3.52879776374319
71.9768044237019,69.0482416761254,5.12851411535438
3.41478214809618,76.5802815053412,3.33355260142348
591.461249673713,226.81285493335,4.07592554731211
444.253828906549,447.947743393607,4.73417095529787
659.310660908146,373.993090482914,2.97649576153489
106.010204507785,489.924368817407,4.26185804741239
621.553639069449,92.8402393306978,4.05383324501436
419.366634220135,260.05608389639,3.63909796560701
12.1866955007415,183.471126258019,3.21648191891646
58.6128865307679,109.836845094908,4.39552245605741
608.644179322021,202.789019964502,4.45218406563684
250.31037887592,219.019902343429,3.79859518673407
565.3358006955,432.947074621012,4.13149615855178
301.321470285798,135.490675791747,3.67483444252631
529.408219967466,447.952943169075,3.59792854527396
59.6610286232645,432.254210735249,3.54139634509069
199.465572139555,287.331679092672,4.22627073396567
554.823136170705,272.307300977903,3.64415226984751
180.047551002043,15.3858427360808,4.14732701071453
504.841050139446,346.585530800477,4.29703678704799
33.1683185321697,45.9717079091907,3.56459336864591
534.028255251981,136.87071958115,4.71347596759444
NA,NA,NA
663.85290386639,330.897838534428,3.4492398152323
455.735506653685,300.638395874816,3.61268166776818
4.14625925822869,494.157210654605,3.66854873892305
560.062057598176,54.6915013553193,4.21754793149138
71.7709842117608,377.104387794025,4.04404127410792
227.428369632396,405.394805102423,3.99503537041475
428.627150886403,11.9793533901487,3.3632766811475
360.793266503618,290.95448456351,3.04458127332432
607.586898287826,101.675685335492,4.26702633717129
393.901868869142,225.848753290443,4.18723001378318
565.860877988856,415.531599968274,4.74041781602407
136.369031290043,276.064053307548,4.6137497494804
201.773533097825,366.783741979589,4.01870051372349
127.532244706203,413.429680519057,3.47778870009769
617.794713912376,320.034520895543,4.57797471441126
-0.283614102461402,147.927254857767,4.23722478811386
541.741546405796,206.889442165178,4.13923874626332
34.2676473862648,494.622713361788,2.97915900954197
281.769511597052,23.2276038403817,4.06898871437448
537.460478728653,394.250631015753,3.52879776374319
71.9768044237019,69.0482416761254,5.12851411535438
3.41478214809618,76.5802815053412,3.33355260142348
591.461249673713,226.81285493335,4.07592554731211
444.253828906549,447.947743393607,4.73417095529787
659.310660908146,373.993090482914,2.97649576153489
106.010204507785,489.924368817407,4.26185804741239
621.553639069449,92.8402393306978,4.05383324501436
419.366634220135,260.05608389639,3.63909796560701
12.1866955007415,183.471126258019,3.21648191891646
58.6128865307679,109.836845094908,4.39552245605741
608.644179322021,202.789019964502,4.45218406563684
250.31037887592,219.019902343429,3.79859518673407
565.3358006955,432.947074621012,4.13149615855178
301.321470285798,135.490675791747,3.67483444252631
529.408219967466,447.952943169075,3.59792854527396
59.6610286232645,432.254210735249,3.54139634509069
199.465572139555,287.331679092672,4.22627073396567
554.823136170705,272.307300977903,3.64415226984751
180.047551002043,15.3858427360808,4.14732701071453
504.841050139446,346.585530800477,4.29703678704799
33.1683185321697,45.9717079091907,3.56459336864591
534.028255251981,136.87071958115,4.71347596759444
NA,NA,NA
663.85290386639,330.897838534428,3.4492398152323
455.735506653685,300.638395874816,3.61268166776818
4.14625925822869,494.157210654605,3.66854873892305
560.062057598176,54.6915013553193,4.21754793149138
71.7709842117608,377.104387794025,4.04404127410792
227.428369632396,405.394805102423,3.99503537041475
428.627150886403,11.9793533901487,3.3632766811475
360.793266503618,290.95448456351,3.04458127332432
607.586898287826,101.675685335492,4.26702633717129
393.901868869142,225.848753290443,4.18723001378318
565.860877988856,415.531599968274,4.74041781602407
136.369031290043,276.064053307548,4.6137497494804
201.773533097825,366.783741979589,4.01870051372349
127.532244706203,413.429680519057,3.47778870009769
617.794713912376,320.034520895543,4.57797471441126
-0.283614102461402,147.927254857767,4.23722478811386
541.741546405796,206.889442165178,4.13923874626332
34.2676473862648,494.622713361788,2.97915900954197
281.769511597052,23.2276038403817,4.06898871437448
537.460478728653,394.250631015753,3.52879776374319
71.9768044237019,69.0482416761254,5.12851411535438
3.41478214809618,76.5802815053412,3.33355260142348
591.461249673713,226.81285493335,4.07592554731211
444.253828906549,447.947743393607,4.73417095529787
659.310660908146,373.993090482914,2.97649576153489
106.010204507785,489.924368817407,4.26185804741239
621.553639069449,92.8402393306978,4.05383324501436
419.366634220135,260.05608389639,3.63909796560701
12.1866955007415,183.471126258019,3.21648191891646
58.6128865307679,109.836845094908,4.39552245605741
608.644179322021,202.789019964502,4.45218406563684
250.31037887592,219.019902343429,3.79859518673407
565.3358006955,432.947074621012,4.13149615855178
301.321470285798,135.490675791747,3.67483444252631
529.408219967466,447.952943169075,3.59792854527396
59.6610286232645,432.254210735249,3.54139634509069
199.465572139555,287.331679092672,4.22627073396567
554.823136170705,272.307300977903,3.64415226984751
180.047551002043,15.3858427360808,4.14732701071453
504.841050139446,346.585530800477,4.29703678704799
33.1683185321697,45.9717079091907,3.56459336864591
534.028255251981,136.87071958115,4.71347596759444
NA,NA,NA
659.443233926011,332.605634621368,3.4270385706734
455.73985037518,295.893722748295,3.61664124750022
12.6343531659818,492.760435963658,3.7312810792551
561.711700732799,49.4341366088495,4.10961917120848
70.1635485165443,372.486143681132,4.06723759383729
227.532983338292,411.533052949247,3.93315461227937
426.861574336743,12.3823803373004,3.30129437295328
360.477405775548,292.27854855045,3.01199357785769
603.156174833799,98.2683934444506,4.08991112093865
395.151292059553,230.048255919057,4.12121082763803
572.978190426488,406.136698971503,4.70912118103145
141.092935947709,282.080863069352,4.51720125063143
202.761183119209,367.415865294226,4.04763923317246
128.31063795634,409.237330911822,3.46330729560542
625.748976570072,314.839332346395,4.69150896558881
1.43731923384003,148.43993268716,4.18607773125831
540.420823705687,204.433790659709,4.16445008115228
34.8561773224985,491.027865003428,3.07733687705416
273.831456966042,22.8729872660816,3.89454636736695
534.324358756042,394.851031691156,3.3650423094174
79.0958819829213,77.6356124173562,5.30205578876722
2.7218393848357,77.9723545810539,3.51436112889644
588.159673964918,226.099148128015,3.91077843657674
447.608192198538,456.57037233166,4.81830164097327
658.071597906344,372.554383913753,3.11060705365893
104.616316226036,485.401990695195,4.26209024612046
626.619870976786,91.3353986721937,4.09705648752013
418.204435761301,257.726957151473,3.62477980133494
9.81925842484191,179.530907420275,3.23270494368408
68.4651393155881,108.534346842845,4.49005734376101
610.573181223505,204.377606425994,4.28741760169344
257.291539452116,218.879802402084,3.81037940695614
569.957453978282,431.525999707764,3.93476032895049
300.647336114556,138.424361806012,3.81368053531639
525.883441114884,464.026974895708,3.49350702809607
45.6764042000834,428.208223360836,4.04965405264751
200.608733022131,290.986354148865,3.97943469757161
556.334346748568,259.640025166919,4.04174249596595
183.53204355931,36.9212780496744,4.41806716393454
491.430681228773,347.176112221903,4.80250898297517
41.1577702279776,55.2942411017373,4.01579266081381
536.681741501956,146.762946455773,4.34021070485381
NA,NA,NA
659.443233926011,332.605634621368,3.4270385706734
455.73985037518,295.893722748295,3.61664124750022
12.6343531659818,492.760435963658,3.7312810792551
561.711700732799,49.4341366088495,4.10961917120848
70.1635485165443,372.486143681132,4.06723759383729
227.532983338292,411.533052949247,3.93315461227937
426.861574336743,12.3823803373004,3.30129437295328
360.477405775548,292.27854855045,3.01199357785769
603.156174833799,98.2683934444506,4.08991112093865
395.151292059553,230.048255919057,4.12121082763803
572.978190426488,406.136698971503,4.70912118103145
141.092935947709,282.080863069352,4.51720125063143
202.761183119209,367.415865294226,4.04763923317246
128.31063795634,409.237330911822,3.46330729560542
625.748976570072,314.839332346395,4.69150896558881
1.43731923384003,148.43993268716,4.18607773125831
540.420823705687,204.433790659709,4.16445008115228
34.8561773224985,491.027865003428,3.07733687705416
273.831456966042,22.8729872660816,3.89454636736695
534.324358756042,394.851031691156,3.3650423094174
79.0958819829213,77.6356124173562,5.30205578876722
2.7218393848357,77.9723545810539,3.51436112889644
588.159673964918,226.099148128015,3.91077843657674
447.608192198538,456.57037233166,4.81830164097327
658.071597906344,372.554383913753,3.11060705365893
104.616316226036,485.401990695195,4.26209024612046
626.619870976786,91.3353986721937,4.09705648752013
418.204435761301,257.726957151473,3.62477980133494
9.81925842484191,179.530907420275,3.23270494368408
68.4651393155881,108.534346842845,4.49005734376101
610.573181223505,204.377606425994,4.28741760169344
257.291539452116,218.879802402084,3.81037940695614
569.957453978282,431.525999707764,3.93476032895049
300.647336114556,138.424361806012,3.81368053531639
525.883441114884,464.026974895708,3.49350702809607
45.6764042000834,428.208223360836,4.04965405264751
200.608733022131,290.986354148865,3.97943469757161
556.334346748568,259.640025166919,4.04174249596595
183.53204355931,36.9212780496744,4.41806716393454
491.430681228773,347.176112221903,4.80250898297517
41.1577702279776,55.2942411017373,4.01579266081381
536.681741501956,146.762946455773,4.34021070485381
NA,NA,NA
659.443233926011,332.605634621368,3.4270385706734
455.73985037518,295.893722748295,3.61664124750022
12.6343531659818,492.760435963658,3.7312810792551
561.711700732799,49.4341366088495,4.10961917120848
70.1635485165443,372.486143681132,4.06723759383729
227.532983338292,411.533052949247,3.93315461227937
426.861574336743,12.3823803373004,3.30129437295328
360.477405775548,292.27854855045,3.01199357785769
603.156174833799,98.2683934444506,4.08991112093865
395.151292059553,230.048255919057,4.12121082763803
572.978190426488,406.136698971503,4.70912118103145
141.092935947709,282.080863069352,4.51720125063143
202.761183119209,367.415865294226,4.04763923317246
128.31063795634,409.237330911822,3.46330729560542
625.748976570072,314.839332346395,4.69150896558881
1.43731923384003,148.43993268716,4.18607773125831
540.420823705687,204.433790659709,4.16445008115228
34.8561773224985,491.027865003428,3.07733687705416
273.831456966042,22.8729872660816,3.89454636736695
534.324358756042,394.851031691156,3.3650423094174
79.0958819829213,77.6356124173562,5.30205578876722
2.7218393848357,77.9723545810539,3.51436112889644
588.159673964918,226.099148128015,3.91077843657674
447.608192198538,456.57037233166,4.81830164097327
658.071597906344,372.554383913753,3.11060705365893
104.616316226036,485.401990695195,4.26209024612046
626.619870976786,91.3353986721937,4.09705648752013
418.204435761301,257.726957151473,3.62477980133494
9.81925842484191,179.530907420275,3.23270494368408
68.4651393155881,108.534346842845,4.49005734376101
610.573181223505,204.377606425994,4.28741760169344
257.291539452116,218.879802402084,3.81037940695614
569.957453978282,431.525999707764,3.93476032895049
300.647336114556,138.424361806012,3.81368053531639
525.883441114884,464.026974895708,3.49350702809607
45.6764042000834,428.208223360836,4.04965405264751
200.608733022131,290.986354148865,3.97943469757161
556.334346748568,259.640025166919,4.04174249596595
183.53204355931,36.9212780496744,4.41806716393454
491.430681228773,347.176112221903,4.80250898297517
41.1577702279776,55.2942411017373,4.01579266081381
536.681741501956,146.762946455773,4.34021070485381
NA,NA,NA
659.443233926011,332.605634621368,3.4270385706734
455.73985037518,295.893722748295,3.61664124750022
12.6343531659818,492.760435963658,3.7312810792551
561.711700732799,49.4341366088495,4.10961917120848
70.1635485165443,372.486143681132,4.06723759383729
227.532983338292,411.533052949247,3.93315461227937
426.861574336743,12.3823803373004,3.30129437295328
360.477405775548,292.27854855045,3.01199357785769
603.156174833799,98.2683934444506,4.08991112093865
395.151292059553,230.048255919057,4.12121082763803
572.978190426488,406.136698971503,4.70912118103145
141.092935947709,282.080863069352,4.51720125063143
202.761183119209,367.415865294226,4.04763923317246
128.31063795634,409.237330911822,3.46330729560542
625.748976570072,314.839332346395,4.69150896558881
1.43731923384003,148.43993268716,4.18607773125831
540.420823705687,204.433790659709,4.16445008115228
34.8561773224985,491.027865003428,3.07733687705416
273.831456966042,22.8729872660816,3.89454636736695
534.324358756042,394.851031691156,3.3650423094174
79.0958819829213,77.6356124173562,5.30205578876722
2.7218393848357,77.9723545810539,3.51436112889644
588.159673964918,226.099148128015,3.91077843657674
447.608192198538,456.57037233166,4.81830164097327
658.071597906344,372.554383913753,3.11060705365893
104.616316226036,485.401990695195,4.26209024612046
626.619870976786,91.3353986721937,4.09705648752013
418.204435761301,257.726957151473,3.62477980133494
9.81925842484191,179.530907420275,3.23270494368408
68.4651393155881,108.534346842845,4.49005734376101
610.573181223505,204.377606425994,4.28741760169344
257.291539452116,218.879802402084,3.81037940695614
569.957453978282,431.525999707764,3.93476032895049
300.647336114556,138.424361806012,3.81368053531639
525.883441114884,464.026974895708,3.49350702809607
45.6764042000834,428.208223360836,4.04965405264751
200.608733022131,290.986354148865,3.97943469757161
556.334346748568,259.640025166919,4.04174249596595
183.53204355931,36.9212780496744,4.41806716393454
491.430681228773,347.176112221903,4.80250898297517
41.1577702279776,55.2942411017373,4.01579266081381
536.681741501956,146.762946455773,4.34021070485381
NA,NA,NA
659.443233926011,332.605634621368,3.4270385706734
455.73985037518,295.893722748295,3.61664124750022
12.6343531659818,492.760435963658,3.7312810792551
561.711700732799,49.4341366088495,4.10961917120848
70.1635485165443,372.486143681132,4.06723759383729
227.532983338292,411.533052949247,3.93315461227937
426.861574336743,12.3823803373004,3.30129437295328
360.477405775548,292.27854855045,3.01199357785769
603.156174833799,98.2683934444506,4.08991112093865
395.151292059553,230.048255919057,4.12121082763803
572.978190426488,406.136698971503,4.70912118103145
141.092935947709,282.080863069352,4.51720125063143
202.761183119209,367.415865294226,4.04763923317246
128.31063795634,409.237330911822,3.46330729560542
625.748976570072,314.839332346395,4.69150896558881
1.43731923384003,148.43993268716,4.18607773125831
540.420823705687,204.433790659709,4.16445008115228
34.8561773224985,491.027865003428,3.07733687705416
273.831456966042,22.8729872660816,3.89454636736695
534.324358756042,394.851031691156,3.3650423094174
79.0958819829213,77.6356124173562,5.30205578876722
2.7218393848357,77.9723545810539,3.51436112889644
588.159673964918,226.099148128015,3.91077843657674
447.608192198538,456.57037233166,4.81830164097327
658.071597906344,372.554383913753,3.11060705365893
104.616316226036,485.401990695195,4.26209024612046
626.619870976786,91.3353986721937,4.09705648752013
418.204435761301,257.726957151473,3.62477980133494
9.81925842484191,179.530907420275,3.23270494368408
68.4651393155881,108.534346842845,4.49005734376101
610.573181223505,204.377606425994,4.28741760169344
257.291539452116,218.879802402084,3.81037940695614
569.957453978282,431.525999707764,3.93476032895049
300.647336114556,138.424361806012,3.81368053531639
525.883441114884,464.026974895708,3.49350702809607
45.6764042000834,428.208223360836,4.04965405264751
200.608733022131,290.986354148865,3.97943469757161
556.334346748568,259.640025166919,4.04174249596595
183.53204355931,36.9212780496744,4.41806716393454
491.430681228773,347.176112221903,4.80250898297517
41.1577702279776,55.2942411017373,4.01579266081381
536.681741501956,146.762946455773,4.34021070485381
NA,NA,NA
659.443233926011,332.605634621368,3.4270385706734
455.73985037518,295.893722748295,3.61664124750022
12.6343531659818,492.760435963658,3.7312810792551
561.711700732799,49.4341366088495,4.10961917120848
70.1635485165443,372.486143681132,4.06723759383729
227.532983338292,411.533052949247,3.93315461227937
426.861574336743,12.3823803373004,3.30129437295328
360.477405775548,292.27854855045,3.01199357785769
603.156174833799,98.2683934444506,4.08991112093865
395.151292059553,230.048255919057,4.12121082763803
572.978190426488,406.136698971503,4.70912118103145
141.092935947709,282.080863069352,4.51720125063143
202.761183119209,367.415865294226,4.04763923317246
128.31063795634,409.237330911822,3.46330729560542
625.748976570072,314.839332346395,4.69150896558881
1.43731923384003,148.43993268716,4.18607773125831
540.420823705687,204.433790659709,4.16445008115228
34.8561773224985,491.027865003428,3.07733687705416
273.831456966042,22.8729872660816,3.89454636736695
534.324358756042,394.851031691156,3.3650423094174
79.0958819829213,77.6356124173562,5.30205578876722
2.7218393848357,77.9723545810539,3.51436112889644
588.159673964918,226.099148128015,3.91077843657674
447.608192198538,456.57037233166,4.81830164097327
658.071597906344,372.554383913753,3.11060705365893
104.616316226036,485.401990695195,4.26209024612046
626.619870976786,91.3353986721937,4.09705648752013
418.204435761301,257.726957151473,3.62477980133494
9.81925842484191,179.530907420275,3.23270494368408
68.4651393155881,108.534346842845,4.49005734376101
610.573181223505,204.377606425994,4.28741760169344
257.291539452116,218.879802402084,3.81037940695614
569.957453978282,431.525999707764,3.93476032895049
300.647336114556,138.424361806012,3.81368053531639
525.883441114884,464.026974895708,3.49350702809607
45.6764042000834,428.208223360836,4.04965405264751
200.608733022131,290.986354148865,3.97943469757161
556.334346748568,259.640025166919,4.04174249596595
183.53204355931,36.9212780496744,4.41806716393454
491.430681228773,347.176112221903,4.80250898297517
41.1577702279776,55.2942411017373,4.01579266081381
536.681741501956,146.762946455773,4.34021070485381
NA,NA,NA
662.510315557936,333.565202675094,3.46464098428691
454.909911684045,297.879170579528,3.6112116017965
13.3054775775062,492.303794526516,3.51076370818591
561.612412312083,50.2821648880462,4.12945304578794
71.1402587684944,374.948999146519,4.10051332019068
228.819490855574,416.611478640714,3.83705477021616
428.690502640943,13.9771939943818,3.22770400873747
360.599121947119,293.497994865339,2.91131306531116
600.598951561354,102.852046462486,4.18730850062863
394.156905216534,231.130000400982,4.12139160920365
573.232280345417,416.052283413178,4.7948780475976
135.690620794242,284.158299517678,4.60893546940537
200.542572674938,371.662940069339,4.03086511246715
123.641514685806,407.970779154186,3.42391583770968
626.475802376185,306.821249698474,4.60837159647184
2.55695628119796,148.408701658274,4.24292191600984
542.279070649027,204.616516802511,4.23829483414525
33.0425470179366,490.972291118044,3.00785385284475
283.033344847203,22.3432707316214,3.78283924985095
533.769799689754,388.657357708752,3.42395790668483
76.9598219846686,74.8474582614365,5.24103779532325
4.92851530694037,74.2614847460529,3.45428584687205
588.369047551664,228.984855602028,4.07150489626852
435.766619578145,460.682716755387,4.80354234776998
659.973799609636,374.903634213615,3.09121421539725
97.3469397260879,486.243662051471,4.28361271588887
627.388349966637,90.9348375089837,4.06728083051578
419.318900385203,261.937775897081,3.76603853712117
12.0234327281035,182.152070317095,3.14998060097939
73.527773429921,97.7476440589711,4.3173158650666
621.1720130675,209.444837602798,4.07364888713523
258.975652481566,222.208476697916,3.56012250949304
569.703911074957,432.316915531419,3.52654620481788
299.560509483658,134.771961007489,3.76361723524481
529.400099697576,454.46527661468,3.34368005442
51.2775450324711,421.195585165209,3.90996563403657
191.123205899262,300.271036600432,4.11646257343579
549.285106359702,269.835635189546,3.70238201273003
174.891079622294,18.3024465889847,4.43348025281381
495.450846278339,345.627843853051,4.70359937326146
31.9599116141594,46.3035148323091,3.98170738553287
520.794112652681,149.373960102999,4.35911370652153
NA,NA,NA
662.510315557936,333.565202675094,3.46464098428691
454.909911684045,297.879170579528,3.6112116017965
13.3054775775062,492.303794526516,3.51076370818591
561.612412312083,50.2821648880462,4.12945304578794
71.1402587684944,374.948999146519,4.10051332019068
228.819490855574,416.611478640714,3.83705477021616
428.690502640943,13.9771939943818,3.22770400873747
360.599121947119,293.497994865339,2.91131306531116
600.598951561354,102.852046462486,4.18730850062863
394.156905216534,231.130000400982,4.12139160920365
573.232280345417,416.052283413178,4.7948780475976
135.690620794242,284.158299517678,4.60893546940537
200.542572674938,371.662940069339,4.03086511246715
123.641514685806,407.970779154186,3.42391583770968
626.475802376185,306.821249698474,4.60837159647184
2.55695628119796,148.408701658274,4.24292191600984
542.279070649027,204.616516802511,4.23829483414525
33.0425470179366,490.972291118044,3.00785385284475
283.033344847203,22.3432707316214,3.78283924985095
533.769799689754,388.657357708752,3.42395790668483
76.9598219846686,74.8474582614365,5.24103779532325
4.92851530694037,74.2614847460529,3.45428584687205
588.369047551664,228.984855602028,4.07150489626852
435.766619578145,460.682716755387,4.80354234776998
659.973799609636,374.903634213615,3.09121421539725
97.3469397260879,486.243662051471,4.28361271588887
627.388349966637,90.9348375089837,4.06728083051578
419.318900385203,261.937775897081,3.76603853712117
12.0234327281035,182.152070317095,3.14998060097939
73.527773429921,97.7476440589711,4.3173158650666
621.1720130675,209.444837602798,4.07364888713523
258.975652481566,222.208476697916,3.56012250949304
569.703911074957,432.316915531419,3.52654620481788
299.560509483658,134.771961007489,3.76361723524481
529.400099697576,454.46527661468,3.34368005442
51.2775450324711,421.195585165209,3.90996563403657
191.123205899262,300.271036600432,4.11646257343579
549.285106359702,269.835635189546,3.70238201273003
174.891079622294,18.3024465889847,4.43348025281381
495.450846278339,345.627843853051,4.70359937326146
31.9599116141594,46.3035148323091,3.98170738553287
520.794112652681,149.373960102999,4.35911370652153
NA,NA,NA
662.510315557936,333.565202675094,3.46464098428691
454.909911684045,297.879170579528,3.6112116017965
13.3054775775062,492.303794526516,3.51076370818591
561.612412312083,50.2821648880462,4.12945304578794
71.1402587684944,374.948999146519,4.10051332019068
228.819490855574,416.611478640714,3.83705477021616
428.690502640943,13.9771939943818,3.22770400873747
360.599121947119,293.497994865339,2.91131306531116
600.598951561354,102.852046462486,4.18730850062863
394.156905216534,231.130000400982,4.12139160920365
573.232280345417,416.052283413178,4.7948780475976
135.690620794242,284.158299517678,4.60893546940537
200.542572674938,371.662940069339,4.03086511246715
123.641514685806,407.970779154186,3.42391583770968
626.475802376185,306.821249698474,4.60837159647184
2.55695628119796,148.408701658274,4.24292191600984
542.279070649027,204.616516802511,4.23829483414525
33.0425470179366,490.972291118044,3.00785385284475
283.033344847203,22.3432707316214,3.78283924985095
533.769799689754,388.657357708752,3.42395790668483
76.9598219846686,74.8474582614365,5.24103779532325
4.92851530694037,74.2614847460529,3.45428584687205
588.369047551664,228.984855602028,4.07150489626852
435.766619578145,460.682716755387,4.80354234776998
659.973799609636,374.903634213615,3.09121421539725
97.3469397260879,486.243662051471,4.28361271588887
627.388349966637,90.9348375089837,4.06728083051578
419.318900385203,261.937775897081,3.76603853712117
12.0234327281035,182.152070317095,3.14998060097939
73.527773429921,97.7476440589711,4.3173158650666
621.1720130675,209.444837602798,4.07364888713523
258.975652481566,222.208476697916,3.56012250949304
569.703911074957,432.316915531419,3.52654620481788
299.560509483658,134.771961007489,3.76361723524481
529.400099697576,454.46527661468,3.34368005442
51.2775450324711,421.195585165209,3.90996563403657
191.123205899262,300.271036600432,4.11646257343579
549.285106359702,269.835635189546,3.70238201273003
174.891079622294,18.3024465889847,4.43348025281381
495.450846278339,345.627843853051,4.70359937326146
31.9599116141594,46.3035148323091,3.98170738553287
520.794112652681,149.373960102999,4.35911370652153
NA,NA,NA
662.510315557936,333.565202675094,3.46464098428691
454.909911684045,297.879170579528,3.6112116017965
13.3054775775062,492.303794526516,3.51076370818591
561.612412312083,50.2821648880462,4.12945304578794
71.1402587684944,374.948999146519,4.10051332019068
228.819490855574,416.611478640714,3.83705477021616
428.690502640943,13.9771939943818,3.22770400873747
360.599121947119,293.497994865339,2.91131306531116
600.598951561354,102.852046462486,4.18730850062863
394.156905216534,231.130000400982,4.12139160920365
573.232280345417,416.052283413178,4.7948780475976
135.690620794242,284.158299517678,4.60893546940537
200.542572674938,371.662940069339,4.03086511246715
123.641514685806,407.970779154186,3.42391583770968
626.475802376185,306.821249698474,4.60837159647184
2.55695628119796,148.408701658274,4.24292191600984
542.279070649027,204.616516802511,4.23829483414525
33.0425470179366,490.972291118044,3.00785385284475
283.033344847203,22.3432707316214,3.78283924985095
533.769799689754,388.657357708752,3.42395790668483
76.9598219846686,74.8474582614365,5.24103779532325
4.92851530694037,74.2614847460529,3.45428584687205
588.369047551664,228.984855602028,4.07150489626852
435.766619578145,460.682716755387,4.80354234776998
659.973799609636,374.903634213615,3.09121421539725
97.3469397260879,486.243662051471,4.28361271588887
627.388349966637,90.9348375089837,4.06728083051578
419.318900385203,261.937775897081,3.76603853712117
12.0234327281035,182.152070317095,3.14998060097939
73.527773429921,97.7476440589711,4.3173158650666
621.1720130675,209.444837602798,4.07364888713523
258.975652481566,222.208476697916,3.56012250949304
569.703911074957,432.316915531419,3.52654620481788
299.560509483658,134.771961007489,3.76361723524481
529.400099697576,454.46527661468,3.34368005442
51.2775450324711,421.195585165209,3.90996563403657
191.123205899262,300.271036600432,4.11646257343579
549.285106359702,269.835635189546,3.70238201273003
174.891079622294,18.3024465889847,4.43348025281381
495.450846278339,345.627843853051,4.70359937326146
31.9599116141594,46.3035148323091,3.98170738553287
520.794112652681,149.373960102999,4.35911370652153
NA,NA,NA
662.510315557936,333.565202675094,3.46464098428691
454.909911684045,297.879170579528,3.6112116017965
13.3054775775062,492.303794526516,3.51076370818591
561.612412312083,50.2821648880462,4.12945304578794
71.1402587684944,374.948999146519,4.10051332019068
228.819490855574,416.611478640714,3.83705477021616
428.690502640943,13.9771939943818,3.22770400873747
360.599121947119,293.497994865339,2.91131306531116
600.598951561354,102.852046462486,4.18730850062863
394.156905216534,231.130000400982,4.12139160920365
573.232280345417,416.052283413178,4.7948780475976
135.690620794242,284.158299517678,4.60893546940537
200.542572674938,371.662940069339,4.03086511246715
123.641514685806,407.970779154186,3.42391583770968
626.475802376185,306.821249698474,4.60837159647184
2.55695628119796,148.408701658274,4.24292191600984
542.279070649027,204.616516802511,4.23829483414525
33.0425470179366,490.972291118044,3.00785385284475
283.033344847203,22.3432707316214,3.78283924985095
533.769799689754,388.657357708752,3.42395790668483
76.9598219846686,74.8474582614365,5.24103779532325
4.92851530694037,74.2614847460529,3.45428584687205
588.369047551664,228.984855602028,4.07150489626852
435.766619578145,460.682716755387,4.80354234776998
659.973799609636,374.903634213615,3.09121421539725
97.3469397260879,486.243662051471,4.28361271588887
627.388349966637,90.9348375089837,4.06728083051578
419.318900385203,261.937775897081,3.76603853712117
12.0234327281035,182.152070317095,3.14998060097939
73.527773429921,97.7476440589711,4.3173158650666
621.1720130675,209.444837602798,4.07364888713523
258.975652481566,222.208476697916,3.56012250949304
569.703911074957,432.316915531419,3.52654620481788
299.560509483658,134.771961007489,3.76361723524481
529.400099697576,454.46527661468,3.34368005442
51.2775450324711,421.195585165209,3.90996563403657
191.123205899262,300.271036600432,4.11646257343579
549.285106359702,269.835635189546,3.70238201273003
174.891079622294,18.3024465889847,4.43348025281381
495.450846278339,345.627843853051,4.70359937326146
31.9599116141594,46.3035148323091,3.98170738553287
520.794112652681,149.373960102999,4.35911370652153
NA,NA,NA
662.510315557936,333.565202675094,3.46464098428691
454.909911684045,297.879170579528,3.6112116017965
13.3054775775062,492.303794526516,3.51076370818591
561.612412312083,50.2821648880462,4.12945304578794
71.1402587684944,374.948999146519,4.10051332019068
228.819490855574,416.611478640714,3.83705477021616
428.690502640943,13.9771939943818,3.22770400873747
360.599121947119,293.497994865339,2.91131306531116
600.598951561354,102.852046462486,4.18730850062863
394.156905216534,231.130000400982,4.12139160920365
573.232280345417,416.052283413178,4.7948780475976
135.690620794242,284.158299517678,4.60893546940537
200.542572674938,371.662940069339,4.03086511246715
123.641514685806,407.970779154186,3.42391583770968
626.475802376185,306.821249698474,4.60837159647184
2.55695628119796,148.408701658274,4.24292191600984
542.279070649027,204.616516802511,4.23829483414525
33.0425470179366,490.972291118044,3.00785385284475
283.033344847203,22.3432707316214,3.78283924985095
533.769799689754,388.657357708752,3.42395790668483
76.9598219846686,74.8474582614365,5.24103779532325
4.92851530694037,74.2614847460529,3.45428584687205
588.369047551664,228.984855602028,4.07150489626852
435.766619578145,460.682716755387,4.80354234776998
659.973799609636,374.903634213615,3.09121421539725
97.3469397260879,486.243662051471,4.28361271588887
627.388349966637,90.9348375089837,4.06728083051578
419.318900385203,261.937775897081,3.76603853712117
12.0234327281035,182.152070317095,3.14998060097939
73.527773429921,97.7476440589711,4.3173158650666
621.1720130675,209.444837602798,4.07364888713523
258.975652481566,222.208476697916,3.56012250949304
569.703911074957,432.316915531419,3.52654620481788
299.560509483658,134.771961007489,3.76361723524481
529.400099697576,454.46527661468,3.34368005442
51.2775450324711,421.195585165209,3.90996563403657
191.123205899262,300.271036600432,4.11646257343579
549.285106359702,269.835635189546,3.70238201273003
174.891079622294,18.3024465889847,4.43348025281381
495.450846278339,345.627843853051,4.70359937326146
31.9599116141594,46.3035148323091,3.98170738553287
520.794112652681,149.373960102999,4.35911370652153
NA,NA,NA
660.456002810329,340.175606302918,3.56328094706065
458.262371321621,296.831925176822,3.65157694044814
13.618099662575,496.069944781655,3.53385213293002
560.555719372637,52.0908334358083,4.17995664898692
74.5481603893659,373.551971242371,3.93186118897514
223.227621652799,413.338450593164,3.82081073183783
428.88985639613,10.2596420288434,3.30516821847526
361.548521756658,291.737826779527,3.02109852752449
604.982124504924,106.967711651021,4.17281906825532
390.850003665206,227.277264173099,4.29341076349845
566.545014286225,405.180076356795,4.77279316306063
140.552694575078,287.500885083829,4.64981822029198
197.698800157378,369.626881045484,4.00227804993902
123.746094523153,407.05884765728,3.28736543983499
623.326936566087,313.981469661241,4.69190685276118
5.36821804936477,149.988961286449,4.20151284601023
541.758670198983,204.812674265863,4.10317444982073
33.000490071873,490.782474276114,3.03562529943616
276.964763985328,19.008886962022,3.94540178923575
535.235100559989,391.176558300107,3.56352234019625
81.1249255138392,79.9673891735382,5.38595441929982
6.4074378060433,75.9941063100424,3.53535167821111
585.977387700105,230.182451264408,3.8864600251631
443.30169982692,460.244834722784,4.75066477136592
657.583292434774,373.074336504927,3.22860831775306
103.497277696769,491.610514091784,4.38738164963346
624.906618844003,87.3615723732299,4.05326589821108
419.889346533893,256.31938519065,3.59695908267857
13.5426067528349,181.545662972417,3.24691922973011
45.0380248392417,131.029228086996,4.39488238123376
605.626999702963,198.279321195526,4.06586122892167
254.461896754469,223.535055659311,3.75757343316614
582.101196389411,438.476899431832,3.80667039267696
300.776099316289,138.979292636581,4.11783291019963
531.909683199731,465.680485123286,3.9404003420472
39.4291476885746,422.503100886911,3.98552912522795
201.926827721804,297.967119630011,4.10568986823571
556.334875987209,263.283747592022,3.91986064192493
163.193400993601,32.0900809350958,4.32061522597766
495.849104657662,334.155544207209,4.56324539609093
44.8129716123958,45.5813239802806,3.49732453050186
539.14588498456,154.392284617576,4.32101369565046
NA,NA,NA
660.456002810329,340.175606302918,3.56328094706065
458.262371321621,296.831925176822,3.65157694044814
13.618099662575,496.069944781655,3.53385213293002
560.555719372637,52.0908334358083,4.17995664898692
74.5481603893659,373.551971242371,3.93186118897514
223.227621652799,413.338450593164,3.82081073183783
428.88985639613,10.2596420288434,3.30516821847526
361.548521756658,291.737826779527,3.02109852752449
604.982124504924,106.967711651021,4.17281906825532
390.850003665206,227.277264173099,4.29341076349845
566.545014286225,405.180076356795,4.77279316306063
140.552694575078,287.500885083829,4.64981822029198
197.698800157378,369.626881045484,4.00227804993902
123.746094523153,407.05884765728,3.28736543983499
623.326936566087,313.981469661241,4.69190685276118
5.36821804936477,149.988961286449,4.20151284601023
541.758670198983,204.812674265863,4.10317444982073
33.000490071873,490.782474276114,3.03562529943616
276.964763985328,19.008886962022,3.94540178923575
535.235100559989,391.176558300107,3.56352234019625
81.1249255138392,79.9673891735382,5.38595441929982
6.4074378060433,75.9941063100424,3.53535167821111
585.977387700105,230.182451264408,3.8864600251631
443.30169982692,460.244834722784,4.75066477136592
657.583292434774,373.074336504927,3.22860831775306
103.497277696769,491.610514091784,4.38738164963346
624.906618844003,87.3615723732299,4.05326589821108
419.889346533893,256.31938519065,3.59695908267857
13.5426067528349,181.545662972417,3.24691922973011
45.0380248392417,131.029228086996,4.39488238123376
605.626999702963,198.279321195526,4.06586122892167
254.461896754469,223.535055659311,3.75757343316614
582.101196389411,438.476899431832,3.80667039267696
300.776099316289,138.979292636581,4.11783291019963
531.909683199731,465.680485123286,3.9404003420472
39.4291476885746,422.503100886911,3.98552912522795
201.926827721804,297.967119630011,4.10568986823571
556.334875987209,263.283747592022,3.91986064192493
163.193400993601,32.0900809350958,4.32061522597766
495.849104657662,334.155544207209,4.56324539609093
44.8129716123958,45.5813239802806,3.49732453050186
539.14588498456,154.392284617576,4.32101369565046
NA,NA,NA
660.456002810329,340.175606302918,3.56328094706065
458.262371321621,296.831925176822,3.65157694044814
13.618099662575,496.069944781655,3.53385213293002
560.555719372637,52.0908334358083,4.17995664898692
74.5481603893659,373.551971242371,3.93186118897514
223.227621652799,413.338450593164,3.82081073183783
428.88985639613,10.2596420288434,3.30516821847526
361.548521756658,291.737826779527,3.02109852752449
604.982124504924,106.967711651021,4.17281906825532
390.850003665206,227.277264173099,4.29341076349845
566.545014286225,405.180076356795,4.77279316306063
140.552694575078,287.500885083829,4.64981822029198
197.698800157378,369.626881045484,4.00227804993902
123.746094523153,407.05884765728,3.28736543983499
623.326936566087,313.981469661241,4.69190685276118
5.36821804936477,149.988961286449,4.20151284601023
541.758670198983,204.812674265863,4.10317444982073
33.000490071873,490.782474276114,3.03562529943616
276.964763985328,19.008886962022,3.94540178923575
535.235100559989,391.176558300107,3.56352234019625
81.1249255138392,79.9673891735382,5.38595441929982
6.4074378060433,75.9941063100424,3.53535167821111
585.977387700105,230.182451264408,3.8864600251631
443.30169982692,460.244834722784,4.75066477136592
657.583292434774,373.074336504927,3.22860831775306
103.497277696769,491.610514091784,4.38738164963346
624.906618844003,87.3615723732299,4.05326589821108
419.889346533893,256.31938519065,3.59695908267857
13.5426067528349,181.545662972417,3.24691922973011
45.0380248392417,131.029228086996,4.39488238123376
605.626999702963,198.279321195526,4.06586122892167
254.461896754469,223.535055659311,3.75757343316614
582.101196389411,438.476899431832,3.80667039267696
300.776099316289,138.979292636581,4.11783291019963
531.909683199731,465.680485123286,3.9404003420472
39.4291476885746,422.503100886911,3.98552912522795
201.926827721804,297.967119630011,4.10568986823571
556.334875987209,263.283747592022,3.91986064192493
163.193400993601,32.0900809350958,4.32061522597766
495.849104657662,334.155544207209,4.56324539609093
44.8129716123958,45.5813239802806,3.49732453050186
539.14588498456,154.392284617576,4.32101369565046
NA,NA,NA
660.456002810329,340.175606302918,3.56328094706065
458.262371321621,296.831925176822,3.65157694044814
13.618099662575,496.069944781655,3.53385213293002
560.555719372637,52.0908334358083,4.17995664898692
74.5481603893659,373.551971242371,3.93186118897514
223.227621652799,413.338450593164,3.82081073183783
428.88985639613,10.2596420288434,3.30516821847526
361.548521756658,291.737826779527,3.02109852752449
604.982124504924,106.967711651021,4.17281906825532
390.850003665206,227.277264173099,4.29341076349845
566.545014286225,405.180076356795,4.77279316306063
140.552694575078,287.500885083829,4.64981822029198
197.698800157378,369.626881045484,4.00227804993902
123.746094523153,407.05884765728,3.28736543983499
623.326936566087,313.981469661241,4.69190685276118
5.36821804936477,149.988961286449,4.20151284601023
541.758670198983,204.812674265863,4.10317444982073
33.000490071873,490.782474276114,3.03562529943616
276.964763985328,19.008886962022,3.94540178923575
535.235100559989,391.176558300107,3.56352234019625
81.1249255138392,79.9673891735382,5.38595441929982
6.4074378060433,75.9941063100424,3.53535167821111
585.977387700105,230.182451264408,3.8864600251631
443.30169982692,460.244834722784,4.75066477136592
657.583292434774,373.074336504927,3.22860831775306
103.497277696769,491.610514091784,4.38738164963346
624.906618844003,87.3615723732299,4.05326589821108
419.889346533893,256.31938519065,3.59695908267857
13.5426067528349,181.545662972417,3.24691922973011
45.0380248392417,131.029228086996,4.39488238123376
605.626999702963,198.279321195526,4.06586122892167
254.461896754469,223.535055659311,3.75757343316614
582.101196389411,438.476899431832,3.80667039267696
300.776099316289,138.979292636581,4.11783291019963
531.909683199731,465.680485123286,3.9404003420472
39.4291476885746,422.503100886911,3.98552912522795
201.926827721804,297.967119630011,4.10568986823571
556.334875987209,263.283747592022,3.91986064192493
163.193400993601,32.0900809350958,4.32061522597766
495.849104657662,334.155544207209,4.56324539609093
44.8129716123958,45.5813239802806,3.49732453050186
539.14588498456,154.392284617576,4.32101369565046
NA,NA,NA
660.456002810329,340.175606302918,3.56328094706065
458.262371321621,296.831925176822,3.65157694044814
13.618099662575,496.069944781655,3.53385213293002
560.555719372637,52.0908334358083,4.17995664898692
74.5481603893659,373.551971242371,3.93186118897514
223.227621652799,413.338450593164,3.82081073183783
428.88985639613,10.2596420288434,3.30516821847526
361.548521756658,291.737826779527,3.02109852752449
604.982124504924,106.967711651021,4.17281906825532
390.850003665206,227.277264173099,4.29341076349845
566.545014286225,405.180076356795,4.77279316306063
140.552694575078,287.500885083829,4.64981822029198
197.698800157378,369.626881045484,4.00227804993902
123.746094523153,407.05884765728,3.28736543983499
623.326936566087,313.981469661241,4.69190685276118
5.36821804936477,149.988961286449,4.20151284601023
541.758670198983,204.812674265863,4.10317444982073
33.000490071873,490.782474276114,3.03562529943616
276.964763985328,19.008886962022,3.94540178923575
535.235100559989,391.176558300107,3.56352234019625
81.1249255138392,79.9673891735382,5.38595441929982
6.4074378060433,75.9941063100424,3.53535167821111
585.977387700105,230.182451264408,3.8864600251631
443.30169982692,460.244834722784,4.75066477136592
657.583292434774,373.074336504927,3.22860831775306
103.497277696769,491.610514091784,4.38738164963346
624.906618844003,87.3615723732299,4.05326589821108
419.889346533893,256.31938519065,3.59695908267857
13.5426067528349,181.545662972417,3.24691922973011
45.0380248392417,131.029228086996,4.39488238123376
605.626999702963,198.279321195526,4.06586122892167
254.461896754469,223.535055659311,3.75757343316614
582.101196389411,438.476899431832,3.80667039267696
300.776099316289,138.979292636581,4.11783291019963
531.909683199731,465.680485123286,3.9404003420472
39.4291476885746,422.503100886911,3.98552912522795
201.926827721804,297.967119630011,4.10568986823571
556.334875987209,263.283747592022,3.91986064192493
163.193400993601,32.0900809350958,4.32061522597766
495.849104657662,334.155544207209,4.56324539609093
44.8129716123958,45.5813239802806,3.49732453050186
539.14588498456,154.392284617576,4.32101369565046
NA,NA,NA
660.456002810329,340.175606302918,3.56328094706065
458.262371321621,296.831925176822,3.65157694044814
13.618099662575,496.069944781655,3.53385213293002
560.555719372637,52.0908334358083,4.17995664898692
74.5481603893659,373.551971242371,3.93186118897514
223.227621652799,413.338450593164,3.82081073183783
428.88985639613,10.2596420288434,3.30516821847526
361.548521756658,291.737826779527,3.02109852752449
604.982124504924,106.967711651021,4.17281906825532
390.850003665206,227.277264173099,4.29341076349845
566.545014286225,405.180076356795,4.77279316306063
140.552694575078,287.500885083829,4.64981822029198
197.698800157378,369.626881045484,4.00227804993902
123.746094523153,407.05884765728,3.28736543983499
623.326936566087,313.981469661241,4.69190685276118
5.36821804936477,149.988961286449,4.20151284601023
541.758670198983,204.812674265863,4.10317444982073
33.000490071873,490.782474276114,3.03562529943616
276.964763985328,19.008886962022,3.94540178923575
535.235100559989,391.176558300107,3.56352234019625
81.1249255138392,79.9673891735382,5.38595441929982
6.4074378060433,75.9941063100424,3.53535167821111
585.977387700105,230.182451264408,3.8864600251631
443.30169982692,460.244834722784,4.75066477136592
657.583292434774,373.074336504927,3.22860831775306
103.497277696769,491.610514091784,4.38738164963346
624.906618844003,87.3615723732299,4.05326589821108
419.889346533893,256.31938519065,3.59695908267857
13.5426067528349,181.545662972417,3.24691922973011
45.0380248392417,131.029228086996,4.39488238123376
605.626999702963,198.279321195526,4.06586122892167
254.461896754469,223.535055659311,3.75757343316614
582.101196389411,438.476899431832,3.80667039267696
300.776099316289,138.979292636581,4.11783291019963
531.909683199731,465.680485123286,3.9404003420472
39.4291476885746,422.503100886911,3.98552912522795
201.926827721804,297.967119630011,4.10568986823571
556.334875987209,263.283747592022,3.91986064192493
163.193400993601,32.0900809350958,4.32061522597766
495.849104657662,334.155544207209,4.56324539609093
44.8129716123958,45.5813239802806,3.49732453050186
539.14588498456,154.392284617576,4.32101369565046
NA,NA,NA
665.920794768458,331.869271360188,3.51037091018307
453.290241176543,299.206873181155,3.56448341327837
11.1728828791961,495.604760578155,3.59278943041184
559.505766021915,51.6264677619401,4.13407258513226
71.9270865040114,374.884585259602,3.92514065382705
230.525990387307,413.067906228822,3.81811521792105
429.697060404663,12.3127929284763,3.45823072688714
363.849745265353,293.783689740627,2.98214369180891
604.915562036666,104.695232213498,4.2567775952979
392.168160096498,234.326492641768,4.27804327712542
575.313261544349,412.539419504157,4.73324339140544
142.26114495505,282.693263594693,4.3763733995128
199.790885005381,368.953041232253,4.097078306422
125.336023884399,410.442352658295,3.42004626795928
629.120911890583,316.597204578736,4.58219714077759
-0.0143910422087057,147.667323670043,4.35108339161846
543.580969186877,200.328565065472,4.16902864501847
33.4052969927,492.489327339977,3.15024462418194
279.238444572349,25.9151145855032,4.0333686457995
533.713436380051,392.742170790598,3.39886934434907
76.6763988025781,79.2350285428866,5.1936510894713
6.11956417704318,73.9429043732903,3.38559118059668
591.94388100218,226.714134081662,4.0349423083845
437.170806561044,458.701745420512,4.83192493484539
658.347455680593,374.191022000946,3.04094033371486
107.794591168959,489.174432843616,4.36374296646385
627.3555678132,93.4042887179043,4.039258136832
419.159402186422,256.604285572314,3.68128591362815
10.3652036836144,181.798175920825,3.32747438776432
50.7165958569098,130.269671104279,4.59982854184043
603.47475853379,189.89133643528,4.33692928643857
259.62804834226,214.977157816858,3.47072527911684
573.534854638953,428.046634697834,3.97932417316489
296.877457894634,135.472768949973,3.97213815415557
526.30015860592,460.647191701771,3.66590521536284
42.5895596435343,424.016779046818,3.66655781401522
203.651820745464,301.555870333411,3.85297230639465
559.023841124859,269.854106098724,4.2430835043338
182.306124058174,27.3118512206924,4.26180970344817
502.293277813835,347.581755346823,4.62436734374585
27.1307745897005,51.0523193261448,3.75763562222478
516.590831649684,124.219462909793,4.58500260301483
NA,NA,NA
665.920794768458,331.869271360188,3.51037091018307
453.290241176543,299.206873181155,3.56448341327837
11.1728828791961,495.604760578155,3.59278943041184
559.505766021915,51.6264677619401,4.13407258513226
71.9270865040114,374.884585259602,3.92514065382705
230.525990387307,413.067906228822,3.81811521792105
429.697060404663,12.3127929284763,3.45823072688714
363.849745265353,293.783689740627,2.98214369180891
604.915562036666,104.695232213498,4.2567775952979
392.168160096498,234.326492641768,4.27804327712542
575.313261544349,412.539419504157,4.73324339140544
142.26114495505,282.693263594693,4.3763733995128
199.790885005381,368.953041232253,4.097078306422
125.336023884399,410.442352658295,3.42004626795928
629.120911890583,316.597204578736,4.58219714077759
-0.0143910422087057,147.667323670043,4.35108339161846
543.580969186877,200.328565065472,4.16902864501847
33.4052969927,492.489327339977,3.15024462418194
279.238444572349,25.9151145855032,4.0333686457995
533.713436380051,392.742170790598,3.39886934434907
76.6763988025781,79.2350285428866,5.1936510894713
6.11956417704318,73.9429043732903,3.38559118059668
591.94388100218,226.714134081662,4.0349423083845
437.170806561044,458.701745420512,4.83192493484539
658.347455680593,374.191022000946,3.04094033371486
107.794591168959,489.174432843616,4.36374296646385
627.3555678132,93.4042887179043,4.039258136832
419.159402186422,256.604285572314,3.68128591362815
10.3652036836144,181.798175920825,3.32747438776432
50.7165958569098,130.269671104279,4.59982854184043
603.47475853379,189.89133643528,4.33692928643857
259.62804834226,214.977157816858,3.47072527911684
573.534854638953,428.046634697834,3.97932417316489
296.877457894634,135.472768949973,3.97213815415557
526.30015860592,460.647191701771,3.66590521536284
42.5895596435343,424.016779046818,3.66655781401522
203.651820745464,301.555870333411,3.85297230639465
559.023841124859,269.854106098724,4.2430835043338
182.306124058174,27.3118512206924,4.26180970344817
502.293277813835,347.581755346823,4.62436734374585
27.1307745897005,51.0523193261448,3.75763562222478
516.590831649684,124.219462909793,4.58500260301483
NA,NA,NA
665.920794768458,331.869271360188,3.51037091018307
453.290241176543,299.206873181155,3.56448341327837
11.1728828791961,495.604760578155,3.59278943041184
559.505766021915,51.6264677619401,4.13407258513226
71.9270865040114,374.884585259602,3.92514065382705
230.525990387307,413.067906228822,3.81811521792105
429.697060404663,12.3127929284763,3.45823072688714
363.849745265353,293.783689740627,2.98214369180891
604.915562036666,104.695232213498,4.2567775952979
392.168160096498,234.326492641768,4.27804327712542
575.313261544349,412.539419504157,4.73324339140544
142.26114495505,282.693263594693,4.3763733995128
199.790885005381,368.953041232253,4.097078306422
125.336023884399,410.442352658295,3.42004626795928
629.120911890583,316.597204578736,4.58219714077759
-0.0143910422087057,147.667323670043,4.35108339161846
543.580969186877,200.328565065472,4.16902864501847
33.4052969927,492.489327339977,3.15024462418194
279.238444572349,25.9151145855032,4.0333686457995
533.713436380051,392.742170790598,3.39886934434907
76.6763988025781,79.2350285428866,5.1936510894713
6.11956417704318,73.9429043732903,3.38559118059668
591.94388100218,226.714134081662,4.0349423083845
437.170806561044,458.701745420512,4.83192493484539
658.347455680593,374.191022000946,3.04094033371486
107.794591168959,489.174432843616,4.36374296646385
627.3555678132,93.4042887179043,4.039258136832
419.159402186422,256.604285572314,3.68128591362815
10.3652036836144,181.798175920825,3.32747438776432
50.7165958569098,130.269671104279,4.59982854184043
603.47475853379,189.89133643528,4.33692928643857
259.62804834226,214.977157816858,3.47072527911684
573.534854638953,428.046634697834,3.97932417316489
296.877457894634,135.472768949973,3.97213815415557
526.30015860592,460.647191701771,3.66590521536284
42.5895596435343,424.016779046818,3.66655781401522
203.651820745464,301.555870333411,3.85297230639465
559.023841124859,269.854106098724,4.2430835043338
182.306124058174,27.3118512206924,4.26180970344817
502.293277813835,347.581755346823,4.62436734374585
27.1307745897005,51.0523193261448,3.75763562222478
516.590831649684,124.219462909793,4.58500260301483
NA,NA,NA
665.920794768458,331.869271360188,3.51037091018307
453.290241176543,299.206873181155,3.56448341327837
11.1728828791961,495.604760578155,3.59278943041184
559.505766021915,51.6264677619401,4.13407258513226
71.9270865040114,374.884585259602,3.92514065382705
230.525990387307,413.067906228822,3.81811521792105
429.697060404663,12.3127929284763,3.45823072688714
363.849745265353,293.783689740627,2.98214369180891
604.915562036666,104.695232213498,4.2567775952979
392.168160096498,234.326492641768,4.27804327712542
575.313261544349,412.539419504157,4.73324339140544
142.26114495505,282.693263594693,4.3763733995128
199.790885005381,368.953041232253,4.097078306422
125.336023884399,410.442352658295,3.42004626795928
629.120911890583,316.597204578736,4.58219714077759
-0.0143910422087057,147.667323670043,4.35108339161846
543.580969186877,200.328565065472,4.16902864501847
33.4052969927,492.489327339977,3.15024462418194
279.238444572349,25.9151145855032,4.0333686457995
533.713436380051,392.742170790598,3.39886934434907
76.6763988025781,79.2350285428866,5.1936510894713
6.11956417704318,73.9429043732903,3.38559118059668
591.94388100218,226.714134081662,4.0349423083845
437.170806561044,458.701745420512,4.83192493484539
658.347455680593,374.191022000946,3.04094033371486
107.794591168959,489.174432843616,4.36374296646385
627.3555678132,93.4042887179043,4.039258136832
419.159402186422,256.604285572314,3.68128591362815
10.3652036836144,181.798175920825,3.32747438776432
50.7165958569098,130.269671104279,4.59982854184043
603.47475853379,189.89133643528,4.33692928643857
259.62804834226,214.977157816858,3.47072527911684
573.534854638953,428.046634697834,3.97932417316489
296.877457894634,135.472768949973,3.97213815415557
526.30015860592,460.647191701771,3.66590521536284
42.5895596435343,424.016779046818,3.66655781401522
203.651820745464,301.555870333411,3.85297230639465
559.023841124859,269.854106098724,4.2430835043338
182.306124058174,27.3118512206924,4.26180970344817
502.293277813835,347.581755346823,4.62436734374585
27.1307745897005,51.0523193261448,3.75763562222478
516.590831649684,124.219462909793,4.58500260301483
NA,NA,NA
665.920794768458,331.869271360188,3.51037091018307
453.290241176543,299.206873181155,3.56448341327837
11.1728828791961,495.604760578155,3.59278943041184
559.505766021915,51.6264677619401,4.13407258513226
71.9270865040114,374.884585259602,3.92514065382705
230.525990387307,413.067906228822,3.81811521792105
429.697060404663,12.3127929284763,3.45823072688714
363.849745265353,293.783689740627,2.98214369180891
604.915562036666,104.695232213498,4.2567775952979
392.168160096498,234.326492641768,4.27804327712542
575.313261544349,412.539419504157,4.73324339140544
142.26114495505,282.693263594693,4.3763733995128
199.790885005381,368.953041232253,4.097078306422
125.336023884399,410.442352658295,3.42004626795928
629.120911890583,316.597204578736,4.58219714077759
-0.0143910422087057,147.667323670043,4.35108339161846
543.580969186877,200.328565065472,4.16902864501847
33.4052969927,492.489327339977,3.15024462418194
279.238444572349,25.9151145855032,4.0333686457995
533.713436380051,392.742170790598,3.39886934434907
76.6763988025781,79.2350285428866,5.1936510894713
6.11956417704318,73.9429043732903,3.38559118059668
591.94388100218,226.714134081662,4.0349423083845
437.170806561044,458.701745420512,4.83192493484539
658.347455680593,374.191022000946,3.04094033371486
107.794591168959,489.174432843616,4.36374296646385
627.3555678132,93.4042887179043,4.039258136832
419.159402186422,256.604285572314,3.68128591362815
10.3652036836144,181.798175920825,3.32747438776432
50.7165958569098,130.269671104279,4.59982854184043
603.47475853379,189.89133643528,4.33692928643857
259.62804834226,214.977157816858,3.47072527911684
573.534854638953,428.046634697834,3.97932417316489
296.877457894634,135.472768949973,3.97213815415557
526.30015860592,460.647191701771,3.66590521536284
42.5895596435343,424.016779046818,3.66655781401522
203.651820745464,301.555870333411,3.85297230639465
559.023841124859,269.854106098724,4.2430835043338
182.306124058174,27.3118512206924,4.26180970344817
502.293277813835,347.581755346823,4.62436734374585
27.1307745897005,51.0523193261448,3.75763562222478
516.590831649684,124.219462909793,4.58500260301483
NA,NA,NA
665.920794768458,331.869271360188,3.51037091018307
453.290241176543,299.206873181155,3.56448341327837
11.1728828791961,495.604760578155,3.59278943041184
559.505766021915,51.6264677619401,4.13407258513226
71.9270865040114,374.884585259602,3.92514065382705
230.525990387307,413.067906228822,3.81811521792105
429.697060404663,12.3127929284763,3.45823072688714
363.849745265353,293.783689740627,2.98214369180891
604.915562036666,104.695232213498,4.2567775952979
392.168160096498,234.326492641768,4.27804327712542
575.313261544349,412.539419504157,4.73324339140544
142.26114495505,282.693263594693,4.3763733995128
199.790885005381,368.953041232253,4.097078306422
125.336023884399,410.442352658295,3.42004626795928
629.120911890583,316.597204578736,4.58219714077759
-0.0143910422087057,147.667323670043,4.35108339161846
543.580969186877,200.328565065472,4.16902864501847
33.4052969927,492.489327339977,3.15024462418194
279.238444572349,25.9151145855032,4.0333686457995
533.713436380051,392.742170790598,3.39886934434907
76.6763988025781,79.2350285428866,5.1936510894713
6.11956417704318,73.9429043732903,3.38559118059668
591.94388100218,226.714134081662,4.0349423083845
437.170806561044,458.701745420512,4.83192493484539
658.347455680593,374.191022000946,3.04094033371486
107.794591168959,489.174432843616,4.36374296646385
627.3555678132,93.4042887179043,4.039258136832
419.159402186422,256.604285572314,3.68128591362815
10.3652036836144,181.798175920825,3.32747438776432
50.7165958569098,130.269671104279,4.59982854184043
603.47475853379,189.89133643528,4.33692928643857
259.62804834226,214.977157816858,3.47072527911684
573.534854638953,428.046634697834,3.97932417316489
296.877457894634,135.472768949973,3.97213815415557
526.30015860592,460.647191701771,3.66590521536284
42.5895596435343,424.016779046818,3.66655781401522
203.651820745464,301.555870333411,3.85297230639465
559.023841124859,269.854106098724,4.2430835043338
182.306124058174,27.3118512206924,4.26180970344817
502.293277813835,347.581755346823,4.62436734374585
27.1307745897005,51.0523193261448,3.75763562222478
516.590831649684,124.219462909793,4.58500260301483
NA,NA,NA
660.28679822953,334.545605389479,3.4180950680602
456.262177091922,299.846665912139,3.81925932597994
9.2479943261107,496.203089097613,3.77656763439944
564.372666141094,51.0355947622941,4.14498033315774
74.1582182841317,376.035403153348,4.08782461805121
225.963060817251,412.982885616361,3.91981715913942
429.142168521993,12.618600002355,3.29108268963164
361.482747373344,292.208799359046,2.95635467190627
605.091778560346,103.445782632686,4.3724045978023
390.611357620208,231.434473608029,4.07373306482921
563.576213601355,413.667968870722,4.68950409246984
148.482349143583,288.076830011311,4.52476994854417
203.373563070597,360.742294074072,4.13043957225913
124.588703404251,409.666691484587,3.50601636723843
631.071420571939,316.371457888943,4.70770468728845
-4.61311189865431,153.504645267794,4.27377497412651
543.632249675075,200.146101448624,4.18578723251498
34.0936189295629,493.313629267639,2.95544911888669
285.169330911238,26.8954031318009,3.89613025368216
533.194899220567,391.822605163537,3.41643538519891
76.7272348548028,77.4182684926393,5.24718376677768
2.95020522346498,73.7088674041006,3.49116351163728
590.722343468313,227.948868604101,4.0636654984571
434.521186676373,463.520064026981,4.72039025842261
657.891039515932,374.297682659351,3.08499732862742
105.585323805501,482.135959190005,4.37387701302905
626.075973026858,92.7250365387578,4.08179557618613
420.901665455394,261.19679737042,3.63972487225835
13.1835893863289,180.982683851375,3.33587464170971
59.401915207239,113.600013057247,4.55526860168918
598.941466033651,208.599708209896,4.29328967162529
254.356346327295,237.100569593223,3.4357562125027
570.361228922998,442.221520595448,3.90922235450786
303.634295190229,136.577268400775,4.03375214935212
527.569370341875,461.236582520666,3.74102604124164
53.0796358940946,419.972070792734,4.12814052789201
193.728771519993,281.520324134622,4.02599395201448
541.513541725743,263.506372963005,3.44932673478297
184.960136078578,30.2134246854415,4.41989318187501
500.852543723695,345.565875662754,4.50468044141308
44.8796720499806,48.0428902273586,3.6578872213074
537.733999009822,152.162793424293,5.17804896910117
NA,NA,NA
660.28679822953,334.545605389479,3.4180950680602
456.262177091922,299.846665912139,3.81925932597994
9.2479943261107,496.203089097613,3.77656763439944
564.372666141094,51.0355947622941,4.14498033315774
74.1582182841317,376.035403153348,4.08782461805121
225.963060817251,412.982885616361,3.91981715913942
429.142168521993,12.618600002355,3.29108268963164
361.482747373344,292.208799359046,2.95635467190627
605.091778560346,103.445782632686,4.3724045978023
390.611357620208,231.434473608029,4.07373306482921
563.576213601355,413.667968870722,4.68950409246984
148.482349143583,288.076830011311,4.52476994854417
203.373563070597,360.742294074072,4.13043957225913
124.588703404251,409.666691484587,3.50601636723843
631.071420571939,316.371457888943,4.70770468728845
-4.61311189865431,153.504645267794,4.27377497412651
543.632249675075,200.146101448624,4.18578723251498
34.0936189295629,493.313629267639,2.95544911888669
285.169330911238,26.8954031318009,3.89613025368216
533.194899220567,391.822605163537,3.41643538519891
76.7272348548028,77.4182684926393,5.24718376677768
2.95020522346498,73.7088674041006,3.49116351163728
590.722343468313,227.948868604101,4.0636654984571
434.521186676373,463.520064026981,4.72039025842261
657.891039515932,374.297682659351,3.08499732862742
105.585323805501,482.135959190005,4.37387701302905
626.075973026858,92.7250365387578,4.08179557618613
420.901665455394,261.19679737042,3.63972487225835
13.1835893863289,180.982683851375,3.33587464170971
59.401915207239,113.600013057247,4.55526860168918
598.941466033651,208.599708209896,4.29328967162529
254.356346327295,237.100569593223,3.4357562125027
570.361228922998,442.221520595448,3.90922235450786
303.634295190229,136.577268400775,4.03375214935212
527.569370341875,461.236582520666,3.74102604124164
53.0796358940946,419.972070792734,4.12814052789201
193.728771519993,281.520324134622,4.02599395201448
541.513541725743,263.506372963005,3.44932673478297
184.960136078578,30.2134246854415,4.41989318187501
500.852543723695,345.565875662754,4.50468044141308
44.8796720499806,48.0428902273586,3.6578872213074
537.733999009822,152.162793424293,5.17804896910117
NA,NA,NA
660.28679822953,334.545605389479,3.4180950680602
456.262177091922,299.846665912139,3.81925932597994
9.2479943261107,496.203089097613,3.77656763439944
564.372666141094,51.0355947622941,4.14498033315774
74.1582182841317,376.035403153348,4.08782461805121
225.963060817251,412.982885616361,3.91981715913942
429.142168521993,12.618600002355,3.29108268963164
361.482747373344,292.208799359046,2.95635467190627
605.091778560346,103.445782632686,4.3724045978023
390.611357620208,231.434473608029,4.07373306482921
563.576213601355,413.667968870722,4.68950409246984
148.482349143583,288.076830011311,4.52476994854417
203.373563070597,360.742294074072,4.13043957225913
124.588703404251,409.666691484587,3.50601636723843
631.071420571939,316.371457888943,4.70770468728845
-4.61311189865431,153.504645267794,4.27377497412651
543.632249675075,200.146101448624,4.18578723251498
34.0936189295629,493.313629267639,2.95544911888669
285.169330911238,26.8954031318009,3.89613025368216
533.194899220567,391.822605163537,3.41643538519891
76.7272348548028,77.4182684926393,5.24718376677768
2.95020522346498,73.7088674041006,3.49116351163728
590.722343468313,227.948868604101,4.0636654984571
434.521186676373,463.520064026981,4.72039025842261
657.891039515932,374.297682659351,3.08499732862742
105.585323805501,482.135959190005,4.37387701302905
626.075973026858,92.7250365387578,4.08179557618613
420.901665455394,261.19679737042,3.63972487225835
13.1835893863289,180.982683851375,3.33587464170971
59.401915207239,113.600013057247,4.55526860168918
598.941466033651,208.599708209896,4.29328967162529
254.356346327295,237.100569593223,3.4357562125027
570.361228922998,442.221520595448,3.90922235450786
303.634295190229,136.577268400775,4.03375214935212
527.569370341875,461.236582520666,3.74102604124164
53.0796358940946,419.972070792734,4.12814052789201
193.728771519993,281.520324134622,4.02599395201448
541.513541725743,263.506372963005,3.44932673478297
184.960136078578,30.2134246854415,4.41989318187501
500.852543723695,345.565875662754,4.50468044141308
44.8796720499806,48.0428902273586,3.6578872213074
537.733999009822,152.162793424293,5.17804896910117
NA,NA,NA
660.28679822953,334.545605389479,3.4180950680602
456.262177091922,299.846665912139,3.81925932597994
9.2479943261107,496.203089097613,3.77656763439944
564.372666141094,51.0355947622941,4.14498033315774
74.1582182841317,376.035403153348,4.08782461805121
225.963060817251,412.982885616361,3.91981715913942
429.142168521993,12.618600002355,3.29108268963164
361.482747373344,292.208799359046,2.95635467190627
605.091778560346,103.445782632686,4.3724045978023
390.611357620208,231.434473608029,4.07373306482921
563.576213601355,413.667968870722,4.68950409246984
148.482349143583,288.076830011311,4.52476994854417
203.373563070597,360.742294074072,4.13043957225913
124.588703404251,409.666691484587,3.50601636723843
631.071420571939,316.371457888943,4.70770468728845
-4.61311189865431,153.504645267794,4.27377497412651
543.632249675075,200.146101448624,4.18578723251498
34.0936189295629,493.313629267639,2.95544911888669
285.169330911238,26.8954031318009,3.89613025368216
533.194899220567,391.822605163537,3.41643538519891
76.7272348548028,77.4182684926393,5.24718376677768
2.95020522346498,73.7088674041006,3.49116351163728
590.722343468313,227.948868604101,4.0636654984571
434.521186676373,463.520064026981,4.72039025842261
657.891039515932,374.297682659351,3.08499732862742
105.585323805501,482.135959190005,4.37387701302905
626.075973026858,92.7250365387578,4.08179557618613
420.901665455394,261.19679737042,3.63972487225835
13.1835893863289,180.982683851375,3.33587464170971
59.401915207239,113.600013057247,4.55526860168918
598.941466033651,208.599708209896,4.29328967162529
254.356346327295,237.100569593223,3.4357562125027
570.361228922998,442.221520595448,3.90922235450786
303.634295190229,136.577268400775,4.03375214935212
527.569370341875,461.236582520666,3.74102604124164
53.0796358940946,419.972070792734,4.12814052789201
193.728771519993,281.520324134622,4.02599395201448
541.513541725743,263.506372963005,3.44932673478297
184.960136078578,30.2134246854415,4.41989318187501
500.852543723695,345.565875662754,4.50468044141308
44.8796720499806,48.0428902273586,3.6578872213074
537.733999009822,152.162793424293,5.17804896910117
NA,NA,NA
660.28679822953,334.545605389479,3.4180950680602
456.262177091922,299.846665912139,3.81925932597994
9.2479943261107,496.203089097613,3.77656763439944
564.372666141094,51.0355947622941,4.14498033315774
74.1582182841317,376.035403153348,4.08782461805121
225.963060817251,412.982885616361,3.91981715913942
429.142168521993,12.618600002355,3.29108268963164
361.482747373344,292.208799359046,2.95635467190627
605.091778560346,103.445782632686,4.3724045978023
390.611357620208,231.434473608029,4.07373306482921
563.576213601355,413.667968870722,4.68950409246984
148.482349143583,288.076830011311,4.52476994854417
203.373563070597,360.742294074072,4.13043957225913
124.588703404251,409.666691484587,3.50601636723843
631.071420571939,316.371457888943,4.70770468728845
-4.61311189865431,153.504645267794,4.27377497412651
543.632249675075,200.146101448624,4.18578723251498
34.0936189295629,493.313629267639,2.95544911888669
285.169330911238,26.8954031318009,3.89613025368216
533.194899220567,391.822605163537,3.41643538519891
76.7272348548028,77.4182684926393,5.24718376677768
2.95020522346498,73.7088674041006,3.49116351163728
590.722343468313,227.948868604101,4.0636654984571
434.521186676373,463.520064026981,4.72039025842261
657.891039515932,374.297682659351,3.08499732862742
105.585323805501,482.135959190005,4.37387701302905
626.075973026858,92.7250365387578,4.08179557618613
420.901665455394,261.19679737042,3.63972487225835
13.1835893863289,180.982683851375,3.33587464170971
59.401915207239,113.600013057247,4.55526860168918
598.941466033651,208.599708209896,4.29328967162529
254.356346327295,237.100569593223,3.4357562125027
570.361228922998,442.221520595448,3.90922235450786
303.634295190229,136.577268400775,4.03375214935212
527.569370341875,461.236582520666,3.74102604124164
53.0796358940946,419.972070792734,4.12814052789201
193.728771519993,281.520324134622,4.02599395201448
541.513541725743,263.506372963005,3.44932673478297
184.960136078578,30.2134246854415,4.41989318187501
500.852543723695,345.565875662754,4.50468044141308
44.8796720499806,48.0428902273586,3.6578872213074
537.733999009822,152.162793424293,5.17804896910117
NA,NA,NA
660.28679822953,334.545605389479,3.4180950680602
456.262177091922,299.846665912139,3.81925932597994
9.2479943261107,496.203089097613,3.77656763439944
564.372666141094,51.0355947622941,4.14498033315774
74.1582182841317,376.035403153348,4.08782461805121
225.963060817251,412.982885616361,3.91981715913942
429.142168521993,12.618600002355,3.29108268963164
361.482747373344,292.208799359046,2.95635467190627
605.091778560346,103.445782632686,4.3724045978023
390.611357620208,231.434473608029,4.07373306482921
563.576213601355,413.667968870722,4.68950409246984
148.482349143583,288.076830011311,4.52476994854417
203.373563070597,360.742294074072,4.13043957225913
124.588703404251,409.666691484587,3.50601636723843
631.071420571939,316.371457888943,4.70770468728845
-4.61311189865431,153.504645267794,4.27377497412651
543.632249675075,200.146101448624,4.18578723251498
34.0936189295629,493.313629267639,2.95544911888669
285.169330911238,26.8954031318009,3.89613025368216
533.194899220567,391.822605163537,3.41643538519891
76.7272348548028,77.4182684926393,5.24718376677768
2.95020522346498,73.7088674041006,3.49116351163728
590.722343468313,227.948868604101,4.0636654984571
434.521186676373,463.520064026981,4.72039025842261
657.891039515932,374.297682659351,3.08499732862742
105.585323805501,482.135959190005,4.37387701302905
626.075973026858,92.7250365387578,4.08179557618613
420.901665455394,261.19679737042,3.63972487225835
13.1835893863289,180.982683851375,3.33587464170971
59.401915207239,113.600013057247,4.55526860168918
598.941466033651,208.599708209896,4.29328967162529
254.356346327295,237.100569593223,3.4357562125027
570.361228922998,442.221520595448,3.90922235450786
303.634295190229,136.577268400775,4.03375214935212
527.569370341875,461.236582520666,3.74102604124164
53.0796358940946,419.972070792734,4.12814052789201
193.728771519993,281.520324134622,4.02599395201448
541.513541725743,263.506372963005,3.44932673478297
184.960136078578,30.2134246854415,4.41989318187501
500.852543723695,345.565875662754,4.50468044141308
44.8796720499806,48.0428902273586,3.6578872213074
537.733999009822,152.162793424293,5.17804896910117
NA,NA,NA
657.060761555969,338.250206371085,3.61178952155515
453.579619315183,299.489421267304,3.61341767663532
12.3310689248469,492.45518314636,3.55525316469152
562.414710110122,50.9738935632945,4.18688962307849
70.1911017897442,374.385934751038,4.0214735628069
230.335794635159,412.398235428582,3.9584820130392
428.392465567548,12.5529703707205,3.39081212190932
362.059578804789,290.774316955513,2.97961608317457
603.139285314901,108.886562529158,4.13622264751765
387.125703844381,232.166291525961,4.1317187075529
568.486335551834,408.801955468555,4.75614393152076
134.730579695052,288.711251954397,4.47114362109518
197.88015652546,369.816655305042,4.1035508855985
127.71355228864,412.171821604196,3.40706842754095
624.909895902913,314.310393982233,4.71664547445004
1.4485422065425,149.368705028224,4.18958210406536
540.289885389892,207.898619318093,4.22327935448022
35.9396854819291,493.221057557356,2.90707688479366
279.796189660736,23.4197784770293,3.80973799020811
535.619569729841,392.860295496951,3.25699270285939
85.3826748849521,86.1584623951757,5.25472219705773
4.33302636858465,77.2673172377047,3.48797679424426
588.804327683824,229.215942569286,4.08665736019293
439.33885288631,456.150704305025,4.79937300824087
657.447828767033,370.496053119724,2.99854613638992
107.802575699128,491.319408626868,4.30825545081137
620.65162168778,91.2312427228109,4.12666850583188
422.469016473703,258.317418103316,3.7487091255706
11.2664071793995,182.867606700212,3.41469471778198
62.9349572317474,120.135660494354,4.58901421417302
599.26553242564,203.232573894849,4.3916973589949
253.015984410899,216.396477506967,4.14401212690257
578.640352573612,434.964486638012,3.73111073265979
298.358841081161,133.829840714415,3.88701567650283
524.306322946484,452.561381646077,3.63625931005168
44.6681849899971,414.405346525571,3.93379772904995
198.36663250568,296.525956881414,4.53244089712292
553.772637535416,269.367747212839,3.66625252167727
156.17692364662,31.9692236452171,4.17508126260287
496.663039284789,349.919477314444,4.53555390802328
32.1811257041805,43.6107443882506,3.78004201932583
514.413871302041,158.028180397427,4.68187127827136
NA,NA,NA
657.060761555969,338.250206371085,3.61178952155515
453.579619315183,299.489421267304,3.61341767663532
12.3310689248469,492.45518314636,3.55525316469152
562.414710110122,50.9738935632945,4.18688962307849
70.1911017897442,374.385934751038,4.0214735628069
230.335794635159,412.398235428582,3.9584820130392
428.392465567548,12.5529703707205,3.39081212190932
362.059578804789,290.774316955513,2.97961608317457
603.139285314901,108.886562529158,4.13622264751765
387.125703844381,232.166291525961,4.1317187075529
568.486335551834,408.801955468555,4.75614393152076
134.730579695052,288.711251954397,4.47114362109518
197.88015652546,369.816655305042,4.1035508855985
127.71355228864,412.171821604196,3.40706842754095
624.909895902913,314.310393982233,4.71664547445004
1.4485422065425,149.368705028224,4.18958210406536
540.289885389892,207.898619318093,4.22327935448022
35.9396854819291,493.221057557356,2.90707688479366
279.796189660736,23.4197784770293,3.80973799020811
535.619569729841,392.860295496951,3.25699270285939
85.3826748849521,86.1584623951757,5.25472219705773
4.33302636858465,77.2673172377047,3.48797679424426
588.804327683824,229.215942569286,4.08665736019293
439.33885288631,456.150704305025,4.79937300824087
657.447828767033,370.496053119724,2.99854613638992
107.802575699128,491.319408626868,4.30825545081137
620.65162168778,91.2312427228109,4.12666850583188
422.469016473703,258.317418103316,3.7487091255706
11.2664071793995,182.867606700212,3.41469471778198
62.9349572317474,120.135660494354,4.58901421417302
599.26553242564,203.232573894849,4.3916973589949
253.015984410899,216.396477506967,4.14401212690257
578.640352573612,434.964486638012,3.73111073265979
298.358841081161,133.829840714415,3.88701567650283
524.306322946484,452.561381646077,3.63625931005168
44.6681849899971,414.405346525571,3.93379772904995
198.36663250568,296.525956881414,4.53244089712292
553.772637535416,269.367747212839,3.66625252167727
156.17692364662,31.9692236452171,4.17508126260287
496.663039284789,349.919477314444,4.53555390802328
32.1811257041805,43.6107443882506,3.78004201932583
514.413871302041,158.028180397427,4.68187127827136
NA,NA,NA
657.060761555969,338.250206371085,3.61178952155515
453.579619315183,299.489421267304,3.61341767663532
12.3310689248469,492.45518314636,3.55525316469152
562.414710110122,50.9738935632945,4.18688962307849
70.1911017897442,374.385934751038,4.0214735628069
230.335794635159,412.398235428582,3.9584820130392
428.392465567548,12.5529703707205,3.39081212190932
362.059578804789,290.774316955513,2.97961608317457
603.139285314901,108.886562529158,4.13622264751765
387.125703844381,232.166291525961,4.1317187075529
568.486335551834,408.801955468555,4.75614393152076
134.730579695052,288.711251954397,4.47114362109518
197.88015652546,369.816655305042,4.1035508855985
127.71355228864,412.171821604196,3.40706842754095
624.909895902913,314.310393982233,4.71664547445004
1.4485422065425,149.368705028224,4.18958210406536
540.289885389892,207.898619318093,4.22327935448022
35.9396854819291,493.221057557356,2.90707688479366
279.796189660736,23.4197784770293,3.80973799020811
535.619569729841,392.860295496951,3.25699270285939
85.3826748849521,86.1584623951757,5.25472219705773
4.33302636858465,77.2673172377047,3.48797679424426
588.804327683824,229.215942569286,4.08665736019293
439.33885288631,456.150704305025,4.79937300824087
657.447828767033,370.496053119724,2.99854613638992
107.802575699128,491.319408626868,4.30825545081137
620.65162168778,91.2312427228109,4.12666850583188
422.469016473703,258.317418103316,3.7487091255706
11.2664071793995,182.867606700212,3.41469471778198
62.9349572317474,120.135660494354,4.58901421417302
599.26553242564,203.232573894849,4.3916973589949
253.015984410899,216.396477506967,4.14401212690257
578.640352573612,434.964486638012,3.73111073265979
298.358841081161,133.829840714415,3.88701567650283
524.306322946484,452.561381646077,3.63625931005168
44.6681849899971,414.405346525571,3.93379772904995
198.36663250568,296.525956881414,4.53244089712292
553.772637535416,269.367747212839,3.66625252167727
156.17692364662,31.9692236452171,4.17508126260287
496.663039284789,349.919477314444,4.53555390802328
32.1811257041805,43.6107443882506,3.78004201932583
514.413871302041,158.028180397427,4.68187127827136
NA,NA,NA
657.060761555969,338.250206371085,3.61178952155515
453.579619315183,299.489421267304,3.61341767663532
12.3310689248469,492.45518314636,3.55525316469152
562.414710110122,50.9738935632945,4.18688962307849
70.1911017897442,374.385934751038,4.0214735628069
230.335794635159,412.398235428582,3.9584820130392
428.392465567548,12.5529703707205,3.39081212190932
362.059578804789,290.774316955513,2.97961608317457
603.139285314901,108.886562529158,4.13622264751765
387.125703844381,232.166291525961,4.1317187075529
568.486335551834,408.801955468555,4.75614393152076
134.730579695052,288.711251954397,4.47114362109518
197.88015652546,369.816655305042,4.1035508855985
127.71355228864,412.171821604196,3.40706842754095
624.909895902913,314.310393982233,4.71664547445004
1.4485422065425,149.368705028224,4.18958210406536
540.289885389892,207.898619318093,4.22327935448022
35.9396854819291,493.221057557356,2.90707688479366
279.796189660736,23.4197784770293,3.80973799020811
535.619569729841,392.860295496951,3.25699270285939
85.3826748849521,86.1584623951757,5.25472219705773
4.33302636858465,77.2673172377047,3.48797679424426
588.804327683824,229.215942569286,4.08665736019293
439.33885288631,456.150704305025,4.79937300824087
657.447828767033,370.496053119724,2.99854613638992
107.802575699128,491.319408626868,4.30825545081137
620.65162168778,91.2312427228109,4.12666850583188
422.469016473703,258.317418103316,3.7487091255706
11.2664071793995,182.867606700212,3.41469471778198
62.9349572317474,120.135660494354,4.58901421417302
599.26553242564,203.232573894849,4.3916973589949
253.015984410899,216.396477506967,4.14401212690257
578.640352573612,434.964486638012,3.73111073265979
298.358841081161,133.829840714415,3.88701567650283
524.306322946484,452.561381646077,3.63625931005168
44.6681849899971,414.405346525571,3.93379772904995
198.36663250568,296.525956881414,4.53244089712292
553.772637535416,269.367747212839,3.66625252167727
156.17692364662,31.9692236452171,4.17508126260287
496.663039284789,349.919477314444,4.53555390802328
32.1811257041805,43.6107443882506,3.78004201932583
514.413871302041,158.028180397427,4.68187127827136
NA,NA,NA
657.060761555969,338.250206371085,3.61178952155515
453.579619315183,299.489421267304,3.61341767663532
12.3310689248469,492.45518314636,3.55525316469152
562.414710110122,50.9738935632945,4.18688962307849
70.1911017897442,374.385934751038,4.0214735628069
230.335794635159,412.398235428582,3.9584820130392
428.392465567548,12.5529703707205,3.39081212190932
362.059578804789,290.774316955513,2.97961608317457
603.139285314901,108.886562529158,4.13622264751765
387.125703844381,232.166291525961,4.1317187075529
568.486335551834,408.801955468555,4.75614393152076
134.730579695052,288.711251954397,4.47114362109518
197.88015652546,369.816655305042,4.1035508855985
127.71355228864,412.171821604196,3.40706842754095
624.909895902913,314.310393982233,4.71664547445004
1.4485422065425,149.368705028224,4.18958210406536
540.289885389892,207.898619318093,4.22327935448022
35.9396854819291,493.221057557356,2.90707688479366
279.796189660736,23.4197784770293,3.80973799020811
535.619569729841,392.860295496951,3.25699270285939
85.3826748849521,86.1584623951757,5.25472219705773
4.33302636858465,77.2673172377047,3.48797679424426
588.804327683824,229.215942569286,4.08665736019293
439.33885288631,456.150704305025,4.79937300824087
657.447828767033,370.496053119724,2.99854613638992
107.802575699128,491.319408626868,4.30825545081137
620.65162168778,91.2312427228109,4.12666850583188
422.469016473703,258.317418103316,3.7487091255706
11.2664071793995,182.867606700212,3.41469471778198
62.9349572317474,120.135660494354,4.58901421417302
599.26553242564,203.232573894849,4.3916973589949
253.015984410899,216.396477506967,4.14401212690257
578.640352573612,434.964486638012,3.73111073265979
298.358841081161,133.829840714415,3.88701567650283
524.306322946484,452.561381646077,3.63625931005168
44.6681849899971,414.405346525571,3.93379772904995
198.36663250568,296.525956881414,4.53244089712292
553.772637535416,269.367747212839,3.66625252167727
156.17692364662,31.9692236452171,4.17508126260287
496.663039284789,349.919477314444,4.53555390802328
32.1811257041805,43.6107443882506,3.78004201932583
514.413871302041,158.028180397427,4.68187127827136
NA,NA,NA
657.060761555969,338.250206371085,3.61178952155515
453.579619315183,299.489421267304,3.61341767663532
12.3310689248469,492.45518314636,3.55525316469152
562.414710110122,50.9738935632945,4.18688962307849
70.1911017897442,374.385934751038,4.0214735628069
230.335794635159,412.398235428582,3.9584820130392
428.392465567548,12.5529703707205,3.39081212190932
362.059578804789,290.774316955513,2.97961608317457
603.139285314901,108.886562529158,4.13622264751765
387.125703844381,232.166291525961,4.1317187075529
568.486335551834,408.801955468555,4.75614393152076
134.730579695052,288.711251954397,4.47114362109518
197.88015652546,369.816655305042,4.1035508855985
127.71355228864,412.171821604196,3.40706842754095
624.909895902913,314.310393982233,4.71664547445004
1.4485422065425,149.368705028224,4.18958210406536
540.289885389892,207.898619318093,4.22327935448022
35.9396854819291,493.221057557356,2.90707688479366
279.796189660736,23.4197784770293,3.80973799020811
535.619569729841,392.860295496951,3.25699270285939
85.3826748849521,86.1584623951757,5.25472219705773
4.33302636858465,77.2673172377047,3.48797679424426
588.804327683824,229.215942569286,4.08665736019293
439.33885288631,456.150704305025,4.79937300824087
657.447828767033,370.496053119724,2.99854613638992
107.802575699128,491.319408626868,4.30825545081137
620.65162168778,91.2312427228109,4.12666850583188
422.469016473703,258.317418103316,3.7487091255706
11.2664071793995,182.867606700212,3.41469471778198
62.9349572317474,120.135660494354,4.58901421417302
599.26553242564,203.232573894849,4.3916973589949
253.015984410899,216.396477506967,4.14401212690257
578.640352573612,434.964486638012,3.73111073265979
298.358841081161,133.829840714415,3.88701567650283
524.306322946484,452.561381646077,3.63625931005168
44.6681849899971,414.405346525571,3.93379772904995
198.36663250568,296.525956881414,4.53244089712292
553.772637535416,269.367747212839,3.66625252167727
156.17692364662,31.9692236452171,4.17508126260287
496.663039284789,349.919477314444,4.53555390802328
32.1811257041805,43.6107443882506,3.78004201932583
514.413871302041,158.028180397427,4.68187127827136
NA,NA,NA
662.241569903013,337.043365897849,3.41273075034231
456.008960722716,299.45072236997,3.61264992429532
12.127424499347,496.239004682193,3.71119324185628
559.753576714602,52.4005055575771,4.22510185647301
76.2553863824704,374.943093217257,3.95062553150509
225.956627654523,414.117577533043,3.86212988564993
428.658994509401,12.3080695363853,3.27605607228357
360.005092077958,290.401129544582,3.11724945062642
610.84391769047,104.066954468325,4.17673344011924
396.810799201765,226.830070658271,4.20942904926422
573.604605115495,406.064406626165,4.72360110220029
139.625636138689,279.32332800121,4.60504490013582
193.558316903211,373.800047411434,4.05009307827115
124.463253083911,409.382144744816,3.4725970616984
628.010881175228,311.769948540219,4.54733432174709
-1.7558984422693,149.317270422892,4.33859751250175
541.29973840032,201.451918877371,4.38768550107923
33.5645572279041,491.527375576126,2.86807260647359
283.330917785919,23.8214873014076,3.88060443273298
532.398665142546,391.651672164449,3.39438662426315
72.3309462571156,74.3681072162655,5.29705291179135
6.98793876322926,76.9548767262881,3.54734170618876
582.307874022289,226.955485267258,4.01010548867818
440.015228798253,450.036392112252,4.73338362009742
657.998766990983,372.584331494958,2.89553873351519
108.365263692182,493.209678600167,4.3303323518351
625.389803401912,91.0866212698022,4.06058783587611
419.028348453219,259.658444598922,3.59639731759174
10.6070002444355,181.142463622831,3.21966615423146
77.1245882168274,109.715511972009,4.32284521186475
612.761565592173,200.070535650677,4.07208968010576
257.766602804667,220.414348965614,3.70038081626629
566.713901012175,439.691654747877,3.9006092393256
297.845397491895,132.119422561881,4.17152652524327
521.457207311379,458.284795458036,3.74117978230173
47.8397260513835,426.131466808716,3.85264602337881
201.712303593584,283.222470590712,3.88876330998019
550.402534920519,259.119202670167,3.71516767487856
170.941651141131,35.5795897491881,4.38995733794646
500.167294308765,340.293993350383,4.56247332640803
37.2549723759,50.8470060031806,4.07365799563912
538.295978177255,137.897061964496,4.83205919172324
NA,NA,NA
662.241569903013,337.043365897849,3.41273075034231
456.008960722716,299.45072236997,3.61264992429532
12.127424499347,496.239004682193,3.71119324185628
559.753576714602,52.4005055575771,4.22510185647301
76.2553863824704,374.943093217257,3.95062553150509
225.956627654523,414.117577533043,3.86212988564993
428.658994509401,12.3080695363853,3.27605607228357
360.005092077958,290.401129544582,3.11724945062642
610.84391769047,104.066954468325,4.17673344011924
396.810799201765,226.830070658271,4.20942904926422
573.604605115495,406.064406626165,4.72360110220029
139.625636138689,279.32332800121,4.60504490013582
193.558316903211,373.800047411434,4.05009307827115
124.463253083911,409.382144744816,3.4725970616984
628.010881175228,311.769948540219,4.54733432174709
-1.7558984422693,149.317270422892,4.33859751250175
541.29973840032,201.451918877371,4.38768550107923
33.5645572279041,491.527375576126,2.86807260647359
283.330917785919,23.8214873014076,3.88060443273298
532.398665142546,391.651672164449,3.39438662426315
72.3309462571156,74.3681072162655,5.29705291179135
6.98793876322926,76.9548767262881,3.54734170618876
582.307874022289,226.955485267258,4.01010548867818
440.015228798253,450.036392112252,4.73338362009742
657.998766990983,372.584331494958,2.89553873351519
108.365263692182,493.209678600167,4.3303323518351
625.389803401912,91.0866212698022,4.06058783587611
419.028348453219,259.658444598922,3.59639731759174
10.6070002444355,181.142463622831,3.21966615423146
77.1245882168274,109.715511972009,4.32284521186475
612.761565592173,200.070535650677,4.07208968010576
257.766602804667,220.414348965614,3.70038081626629
566.713901012175,439.691654747877,3.9006092393256
297.845397491895,132.119422561881,4.17152652524327
521.457207311379,458.284795458036,3.74117978230173
47.8397260513835,426.131466808716,3.85264602337881
201.712303593584,283.222470590712,3.88876330998019
550.402534920519,259.119202670167,3.71516767487856
170.941651141131,35.5795897491881,4.38995733794646
500.167294308765,340.293993350383,4.56247332640803
37.2549723759,50.8470060031806,4.07365799563912
538.295978177255,137.897061964496,4.83205919172324
NA,NA,NA
662.241569903013,337.043365897849,3.41273075034231
456.008960722716,299.45072236997,3.61264992429532
12.127424499347,496.239004682193,3.71119324185628
559.753576714602,52.4005055575771,4.22510185647301
76.2553863824704,374.943093217257,3.95062553150509
225.956627654523,414.117577533043,3.86212988564993
428.658994509401,12.3080695363853,3.27605607228357
360.005092077958,290.401129544582,3.11724945062642
610.84391769047,104.066954468325,4.17673344011924
396.810799201765,226.830070658271,4.20942904926422
573.604605115495,406.064406626165,4.72360110220029
139.625636138689,279.32332800121,4.60504490013582
193.558316903211,373.800047411434,4.05009307827115
124.463253083911,409.382144744816,3.4725970616984
628.010881175228,311.769948540219,4.54733432174709
-1.7558984422693,149.317270422892,4.33859751250175
541.29973840032,201.451918877371,4.38768550107923
33.5645572279041,491.527375576126,2.86807260647359
283.330917785919,23.8214873014076,3.88060443273298
532.398665142546,391.651672164449,3.39438662426315
72.3309462571156,74.3681072162655,5.29705291179135
6.98793876322926,76.9548767262881,3.54734170618876
582.307874022289,226.955485267258,4.01010548867818
440.015228798253,450.036392112252,4.73338362009742
657.998766990983,372.584331494958,2.89553873351519
108.365263692182,493.209678600167,4.3303323518351
625.389803401912,91.0866212698022,4.06058783587611
419.028348453219,259.658444598922,3.59639731759174
10.6070002444355,181.142463622831,3.21966615423146
77.1245882168274,109.715511972009,4.32284521186475
612.761565592173,200.070535650677,4.07208968010576
257.766602804667,220.414348965614,3.70038081626629
566.713901012175,439.691654747877,3.9006092393256
297.845397491895,132.119422561881,4.17152652524327
521.457207311379,458.284795458036,3.74117978230173
47.8397260513835,426.131466808716,3.85264602337881
201.712303593584,283.222470590712,3.88876330998019
550.402534920519,259.119202670167,3.71516767487856
170.941651141131,35.5795897491881,4.38995733794646
500.167294308765,340.293993350383,4.56247332640803
37.2549723759,50.8470060031806,4.07365799563912
538.295978177255,137.897061964496,4.83205919172324
NA,NA,NA
662.241569903013,337.043365897849,3.41273075034231
456.008960722716,299.45072236997,3.61264992429532
12.127424499347,496.239004682193,3.71119324185628
559.753576714602,52.4005055575771,4.22510185647301
76.2553863824704,374.943093217257,3.95062553150509
225.956627654523,414.117577533043,3.86212988564993
428.658994509401,12.3080695363853,3.27605607228357
360.005092077958,290.401129544582,3.11724945062642
610.84391769047,104.066954468325,4.17673344011924
396.810799201765,226.830070658271,4.20942904926422
573.604605115495,406.064406626165,4.72360110220029
139.625636138689,279.32332800121,4.60504490013582
193.558316903211,373.800047411434,4.05009307827115
124.463253083911,409.382144744816,3.4725970616984
628.010881175228,311.769948540219,4.54733432174709
-1.7558984422693,149.317270422892,4.33859751250175
541.29973840032,201.451918877371,4.38768550107923
33.5645572279041,491.527375576126,2.86807260647359
283.330917785919,23.8214873014076,3.88060443273298
532.398665142546,391.651672164449,3.39438662426315
72.3309462571156,74.3681072162655,5.29705291179135
6.98793876322926,76.9548767262881,3.54734170618876
582.307874022289,226.955485267258,4.01010548867818
440.015228798253,450.036392112252,4.73338362009742
657.998766990983,372.584331494958,2.89553873351519
108.365263692182,493.209678600167,4.3303323518351
625.389803401912,91.0866212698022,4.06058783587611
419.028348453219,259.658444598922,3.59639731759174
10.6070002444355,181.142463622831,3.21966615423146
77.1245882168274,109.715511972009,4.32284521186475
612.761565592173,200.070535650677,4.07208968010576
257.766602804667,220.414348965614,3.70038081626629
566.713901012175,439.691654747877,3.9006092393256
297.845397491895,132.119422561881,4.17152652524327
521.457207311379,458.284795458036,3.74117978230173
47.8397260513835,426.131466808716,3.85264602337881
201.712303593584,283.222470590712,3.88876330998019
550.402534920519,259.119202670167,3.71516767487856
170.941651141131,35.5795897491881,4.38995733794646
500.167294308765,340.293993350383,4.56247332640803
37.2549723759,50.8470060031806,4.07365799563912
538.295978177255,137.897061964496,4.83205919172324
NA,NA,NA
662.241569903013,337.043365897849,3.41273075034231
456.008960722716,299.45072236997,3.61264992429532
12.127424499347,496.239004682193,3.71119324185628
559.753576714602,52.4005055575771,4.22510185647301
76.2553863824704,374.943093217257,3.95062553150509
225.956627654523,414.117577533043,3.86212988564993
428.658994509401,12.3080695363853,3.27605607228357
360.005092077958,290.401129544582,3.11724945062642
610.84391769047,104.066954468325,4.17673344011924
396.810799201765,226.830070658271,4.20942904926422
573.604605115495,406.064406626165,4.72360110220029
139.625636138689,279.32332800121,4.60504490013582
193.558316903211,373.800047411434,4.05009307827115
124.463253083911,409.382144744816,3.4725970616984
628.010881175228,311.769948540219,4.54733432174709
-1.7558984422693,149.317270422892,4.33859751250175
541.29973840032,201.451918877371,4.38768550107923
33.5645572279041,491.527375576126,2.86807260647359
283.330917785919,23.8214873014076,3.88060443273298
532.398665142546,391.651672164449,3.39438662426315
72.3309462571156,74.3681072162655,5.29705291179135
6.98793876322926,76.9548767262881,3.54734170618876
582.307874022289,226.955485267258,4.01010548867818
440.015228798253,450.036392112252,4.73338362009742
657.998766990983,372.584331494958,2.89553873351519
108.365263692182,493.209678600167,4.3303323518351
625.389803401912,91.0866212698022,4.06058783587611
419.028348453219,259.658444598922,3.59639731759174
10.6070002444355,181.142463622831,3.21966615423146
77.1245882168274,109.715511972009,4.32284521186475
612.761565592173,200.070535650677,4.07208968010576
257.766602804667,220.414348965614,3.70038081626629
566.713901012175,439.691654747877,3.9006092393256
297.845397491895,132.119422561881,4.17152652524327
521.457207311379,458.284795458036,3.74117978230173
47.8397260513835,426.131466808716,3.85264602337881
201.712303593584,283.222470590712,3.88876330998019
550.402534920519,259.119202670167,3.71516767487856
170.941651141131,35.5795897491881,4.38995733794646
500.167294308765,340.293993350383,4.56247332640803
37.2549723759,50.8470060031806,4.07365799563912
538.295978177255,137.897061964496,4.83205919172324
NA,NA,NA
662.241569903013,337.043365897849,3.41273075034231
456.008960722716,299.45072236997,3.61264992429532
12.127424499347,496.239004682193,3.71119324185628
559.753576714602,52.4005055575771,4.22510185647301
76.2553863824704,374.943093217257,3.95062553150509
225.956627654523,414.117577533043,3.86212988564993
428.658994509401,12.3080695363853,3.27605607228357
360.005092077958,290.401129544582,3.11724945062642
610.84391769047,104.066954468325,4.17673344011924
396.810799201765,226.830070658271,4.20942904926422
573.604605115495,406.064406626165,4.72360110220029
139.625636138689,279.32332800121,4.60504490013582
193.558316903211,373.800047411434,4.05009307827115
124.463253083911,409.382144744816,3.4725970616984
628.010881175228,311.769948540219,4.54733432174709
-1.7558984422693,149.317270422892,4.33859751250175
541.29973840032,201.451918877371,4.38768550107923
33.5645572279041,491.527375576126,2.86807260647359
283.330917785919,23.8214873014076,3.88060443273298
532.398665142546,391.651672164449,3.39438662426315
72.3309462571156,74.3681072162655,5.29705291179135
6.98793876322926,76.9548767262881,3.54734170618876
582.307874022289,226.955485267258,4.01010548867818
440.015228798253,450.036392112252,4.73338362009742
657.998766990983,372.584331494958,2.89553873351519
108.365263692182,493.209678600167,4.3303323518351
625.389803401912,91.0866212698022,4.06058783587611
419.028348453219,259.658444598922,3.59639731759174
10.6070002444355,181.142463622831,3.21966615423146
77.1245882168274,109.715511972009,4.32284521186475
612.761565592173,200.070535650677,4.07208968010576
257.766602804667,220.414348965614,3.70038081626629
566.713901012175,439.691654747877,3.9006092393256
297.845397491895,132.119422561881,4.17152652524327
521.457207311379,458.284795458036,3.74117978230173
47.8397260513835,426.131466808716,3.85264602337881
201.712303593584,283.222470590712,3.88876330998019
550.402534920519,259.119202670167,3.71516767487856
170.941651141131,35.5795897491881,4.38995733794646
500.167294308765,340.293993350383,4.56247332640803
37.2549723759,50.8470060031806,4.07365799563912
538.295978177255,137.897061964496,4.83205919172324
NA,NA,NA
664.094767577918,334.168163021645,3.40096409482092
456.433489806834,295.405157782093,3.89865485942202
15.7320315564476,495.727253545276,3.44377172955071
556.970676150982,49.5827587606828,4.09207952986094
70.803820243089,381.075130817022,3.96649946915233
223.950075332423,412.790823526258,3.9597724799282
428.065834607749,11.4185975995685,3.18847780609242
360.860049673736,291.074780972004,3.07539697511025
604.760825704003,103.06263901413,4.18735072629035
393.234620813921,229.378079921643,4.22831717737462
565.925719705236,412.245652537526,4.78611518925982
144.58521804534,281.469344865558,4.46543968435266
198.11352453403,366.657014111267,3.95503898885324
122.028934223219,408.637837105908,3.33764004388861
623.209168968826,312.39232401093,4.66860158244465
4.27315035268538,145.568611163832,4.21626440619995
542.651031181317,201.930740983392,4.11355324134781
35.1220905758557,492.224053701371,3.08716615502946
279.359152954776,26.138804309766,3.92981487629028
532.969270578695,391.778957602584,3.23053471182571
72.6726922486238,77.1024732287,5.1455565285108
3.17544008241214,78.8574611728109,3.50003207219632
588.210182009926,225.132909962455,3.90854231633994
438.581514000643,453.0526790166,4.8193538869704
660.914772598465,374.130441435105,3.21814473263061
109.077906469964,483.32332397018,4.42527222096877
618.60705743816,89.6328973007448,4.10114925222164
421.518379700288,255.350966452365,3.58750320365856
11.5998250415954,181.041260291955,3.12141219232816
73.3123026635494,129.70077079392,4.7172980917526
609.825073043451,197.890310378196,4.45193360582053
261.128419072871,214.610927809192,3.99419232523138
577.560725071505,441.795903833666,3.46296398338422
302.706435252618,140.397803342796,3.97229576365792
527.355733130973,453.298867006921,3.69067304430127
42.8101462918513,420.348838880997,4.05392898759954
196.901685213132,285.11852779495,4.14945963334834
566.223868054808,255.983502983307,3.67867552031248
170.898896726459,39.2097200238419,4.25748421354514
500.53959972723,347.745516556278,4.52477089990471
32.660695953501,45.5053503387717,3.93582773196858
514.789389104795,151.019185193971,4.93416913824005
NA,NA,NA
664.094767577918,334.168163021645,3.40096409482092
456.433489806834,295.405157782093,3.89865485942202
15.7320315564476,495.727253545276,3.44377172955071
556.970676150982,49.5827587606828,4.09207952986094
70.803820243089,381.075130817022,3.96649946915233
223.950075332423,412.790823526258,3.9597724799282
428.065834607749,11.4185975995685,3.18847780609242
360.860049673736,291.074780972004,3.07539697511025
604.760825704003,103.06263901413,4.18735072629035
393.234620813921,229.378079921643,4.22831717737462
565.925719705236,412.245652537526,4.78611518925982
144.58521804534,281.469344865558,4.46543968435266
198.11352453403,366.657014111267,3.95503898885324
122.028934223219,408.637837105908,3.33764004388861
623.209168968826,312.39232401093,4.66860158244465
4.27315035268538,145.568611163832,4.21626440619995
542.651031181317,201.930740983392,4.11355324134781
35.1220905758557,492.224053701371,3.08716615502946
279.359152954776,26.138804309766,3.92981487629028
532.969270578695,391.778957602584,3.23053471182571
72.6726922486238,77.1024732287,5.1455565285108
3.17544008241214,78.8574611728109,3.50003207219632
588.210182009926,225.132909962455,3.90854231633994
438.581514000643,453.0526790166,4.8193538869704
660.914772598465,374.130441435105,3.21814473263061
109.077906469964,483.32332397018,4.42527222096877
618.60705743816,89.6328973007448,4.10114925222164
421.518379700288,255.350966452365,3.58750320365856
11.5998250415954,181.041260291955,3.12141219232816
73.3123026635494,129.70077079392,4.7172980917526
609.825073043451,197.890310378196,4.45193360582053
261.128419072871,214.610927809192,3.99419232523138
577.560725071505,441.795903833666,3.46296398338422
302.706435252618,140.397803342796,3.97229576365792
527.355733130973,453.298867006921,3.69067304430127
42.8101462918513,420.348838880997,4.05392898759954
196.901685213132,285.11852779495,4.14945963334834
566.223868054808,255.983502983307,3.67867552031248
170.898896726459,39.2097200238419,4.25748421354514
500.53959972723,347.745516556278,4.52477089990471
32.660695953501,45.5053503387717,3.93582773196858
514.789389104795,151.019185193971,4.93416913824005
NA,NA,NA
664.094767577918,334.168163021645,3.40096409482092
456.433489806834,295.405157782093,3.89865485942202
15.7320315564476,495.727253545276,3.44377172955071
556.970676150982,49.5827587606828,4.09207952986094
70.803820243089,381.075130817022,3.96649946915233
223.950075332423,412.790823526258,3.9597724799282
428.065834607749,11.4185975995685,3.18847780609242
360.860049673736,291.074780972004,3.07539697511025
604.760825704003,103.06263901413,4.18735072629035
393.234620813921,229.378079921643,4.22831717737462
565.925719705236,412.245652537526,4.78611518925982
144.58521804534,281.469344865558,4.46543968435266
198.11352453403,366.657014111267,3.95503898885324
122.028934223219,408.637837105908,3.33764004388861
623.209168968826,312.39232401093,4.66860158244465
4.27315035268538,145.568611163832,4.21626440619995
542.651031181317,201.930740983392,4.11355324134781
35.1220905758557,492.224053701371,3.08716615502946
279.359152954776,26.138804309766,3.92981487629028
532.969270578695,391.778957602584,3.23053471182571
72.6726922486238,77.1024732287,5.1455565285108
3.17544008241214,78.8574611728109,3.50003207219632
588.210182009926,225.132909962455,3.90854231633994
438.581514000643,453.0526790166,4.8193538869704
660.914772598465,374.130441435105,3.21814473263061
109.077906469964,483.32332397018,4.42527222096877
618.60705743816,89.6328973007448,4.10114925222164
421.518379700288,255.350966452365,3.58750320365856
11.5998250415954,181.041260291955,3.12141219232816
73.3123026635494,129.70077079392,4.7172980917526
609.825073043451,197.890310378196,4.45193360582053
261.128419072871,214.610927809192,3.99419232523138
577.560725071505,441.795903833666,3.46296398338422
302.706435252618,140.397803342796,3.97229576365792
527.355733130973,453.298867006921,3.69067304430127
42.8101462918513,420.348838880997,4.05392898759954
196.901685213132,285.11852779495,4.14945963334834
566.223868054808,255.983502983307,3.67867552031248
170.898896726459,39.2097200238419,4.25748421354514
500.53959972723,347.745516556278,4.52477089990471
32.660695953501,45.5053503387717,3.93582773196858
514.789389104795,151.019185193971,4.93416913824005
NA,NA,NA
664.094767577918,334.168163021645,3.40096409482092
456.433489806834,295.405157782093,3.89865485942202
15.7320315564476,495.727253545276,3.44377172955071
556.970676150982,49.5827587606828,4.09207952986094
70.803820243089,381.075130817022,3.96649946915233
223.950075332423,412.790823526258,3.9597724799282
428.065834607749,11.4185975995685,3.18847780609242
360.860049673736,291.074780972004,3.07539697511025
604.760825704003,103.06263901413,4.18735072629035
393.234620813921,229.378079921643,4.22831717737462
565.925719705236,412.245652537526,4.78611518925982
144.58521804534,281.469344865558,4.46543968435266
198.11352453403,366.657014111267,3.95503898885324
122.028934223219,408.637837105908,3.33764004388861
623.209168968826,312.39232401093,4.66860158244465
4.27315035268538,145.568611163832,4.21626440619995
542.651031181317,201.930740983392,4.11355324134781
35.1220905758557,492.224053701371,3.08716615502946
279.359152954776,26.138804309766,3.92981487629028
532.969270578695,391.778957602584,3.23053471182571
72.6726922486238,77.1024732287,5.1455565285108
3.17544008241214,78.8574611728109,3.50003207219632
588.210182009926,225.132909962455,3.90854231633994
438.581514000643,453.0526790166,4.8193538869704
660.914772598465,374.130441435105,3.21814473263061
109.077906469964,483.32332397018,4.42527222096877
618.60705743816,89.6328973007448,4.10114925222164
421.518379700288,255.350966452365,3.58750320365856
11.5998250415954,181.041260291955,3.12141219232816
73.3123026635494,129.70077079392,4.7172980917526
609.825073043451,197.890310378196,4.45193360582053
261.128419072871,214.610927809192,3.99419232523138
577.560725071505,441.795903833666,3.46296398338422
302.706435252618,140.397803342796,3.97229576365792
527.355733130973,453.298867006921,3.69067304430127
42.8101462918513,420.348838880997,4.05392898759954
196.901685213132,285.11852779495,4.14945963334834
566.223868054808,255.983502983307,3.67867552031248
170.898896726459,39.2097200238419,4.25748421354514
500.53959972723,347.745516556278,4.52477089990471
32.660695953501,45.5053503387717,3.93582773196858
514.789389104795,151.019185193971,4.93416913824005
NA,NA,NA
664.094767577918,334.168163021645,3.40096409482092
456.433489806834,295.405157782093,3.89865485942202
15.7320315564476,495.727253545276,3.44377172955071
556.970676150982,49.5827587606828,4.09207952986094
70.803820243089,381.075130817022,3.96649946915233
223.950075332423,412.790823526258,3.9597724799282
428.065834607749,11.4185975995685,3.18847780609242
360.860049673736,291.074780972004,3.07539697511025
604.760825704003,103.06263901413,4.18735072629035
393.234620813921,229.378079921643,4.22831717737462
565.925719705236,412.245652537526,4.78611518925982
144.58521804534,281.469344865558,4.46543968435266
198.11352453403,366.657014111267,3.95503898885324
122.028934223219,408.637837105908,3.33764004388861
623.209168968826,312.39232401093,4.66860158244465
4.27315035268538,145.568611163832,4.21626440619995
542.651031181317,201.930740983392,4.11355324134781
35.1220905758557,492.224053701371,3.08716615502946
279.359152954776,26.138804309766,3.92981487629028
532.969270578695,391.778957602584,3.23053471182571
72.6726922486238,77.1024732287,5.1455565285108
3.17544008241214,78.8574611728109,3.50003207219632
588.210182009926,225.132909962455,3.90854231633994
438.581514000643,453.0526790166,4.8193538869704
660.914772598465,374.130441435105,3.21814473263061
109.077906469964,483.32332397018,4.42527222096877
618.60705743816,89.6328973007448,4.10114925222164
421.518379700288,255.350966452365,3.58750320365856
11.5998250415954,181.041260291955,3.12141219232816
73.3123026635494,129.70077079392,4.7172980917526
609.825073043451,197.890310378196,4.45193360582053
261.128419072871,214.610927809192,3.99419232523138
577.560725071505,441.795903833666,3.46296398338422
302.706435252618,140.397803342796,3.97229576365792
527.355733130973,453.298867006921,3.69067304430127
42.8101462918513,420.348838880997,4.05392898759954
196.901685213132,285.11852779495,4.14945963334834
566.223868054808,255.983502983307,3.67867552031248
170.898896726459,39.2097200238419,4.25748421354514
500.53959972723,347.745516556278,4.52477089990471
32.660695953501,45.5053503387717,3.93582773196858
514.789389104795,151.019185193971,4.93416913824005
NA,NA,NA
664.094767577918,334.168163021645,3.40096409482092
456.433489806834,295.405157782093,3.89865485942202
15.7320315564476,495.727253545276,3.44377172955071
556.970676150982,49.5827587606828,4.09207952986094
70.803820243089,381.075130817022,3.96649946915233
223.950075332423,412.790823526258,3.9597724799282
428.065834607749,11.4185975995685,3.18847780609242
360.860049673736,291.074780972004,3.07539697511025
604.760825704003,103.06263901413,4.18735072629035
393.234620813921,229.378079921643,4.22831717737462
565.925719705236,412.245652537526,4.78611518925982
144.58521804534,281.469344865558,4.46543968435266
198.11352453403,366.657014111267,3.95503898885324
122.028934223219,408.637837105908,3.33764004388861
623.209168968826,312.39232401093,4.66860158244465
4.27315035268538,145.568611163832,4.21626440619995
542.651031181317,201.930740983392,4.11355324134781
35.1220905758557,492.224053701371,3.08716615502946
279.359152954776,26.138804309766,3.92981487629028
532.969270578695,391.778957602584,3.23053471182571
72.6726922486238,77.1024732287,5.1455565285108
3.17544008241214,78.8574611728109,3.50003207219632
588.210182009926,225.132909962455,3.90854231633994
438.581514000643,453.0526790166,4.8193538869704
660.914772598465,374.130441435105,3.21814473263061
109.077906469964,483.32332397018,4.42527222096877
618.60705743816,89.6328973007448,4.10114925222164
421.518379700288,255.350966452365,3.58750320365856
11.5998250415954,181.041260291955,3.12141219232816
73.3123026635494,129.70077079392,4.7172980917526
609.825073043451,197.890310378196,4.45193360582053
261.128419072871,214.610927809192,3.99419232523138
577.560725071505,441.795903833666,3.46296398338422
302.706435252618,140.397803342796,3.97229576365792
527.355733130973,453.298867006921,3.69067304430127
42.8101462918513,420.348838880997,4.05392898759954
196.901685213132,285.11852779495,4.14945963334834
566.223868054808,255.983502983307,3.67867552031248
170.898896726459,39.2097200238419,4.25748421354514
500.53959972723,347.745516556278,4.52477089990471
32.660695953501,45.5053503387717,3.93582773196858
514.789389104795,151.019185193971,4.93416913824005
NA,NA,NA
664.55864863566,337.093144683946,3.57707077370107
457.187332052583,297.337782261109,3.55402170137002
13.1887281987746,497.609239568416,3.7126783492654
564.345710350265,49.602366768261,4.22416470242935
66.5494151429385,374.223185689104,3.99876008270285
230.191679667574,415.442056522336,3.93463497973278
429.749831977508,12.5104035163696,3.34633789927472
363.299153117441,292.021660976078,2.94591344200703
602.069044590838,102.879028774931,4.16122969979468
388.991844431063,231.454350079355,4.24994503223393
560.670703162512,410.811182831055,4.75424150164166
139.657084296642,281.096627210101,4.5853297165837
199.518940381548,371.779927385188,4.04027378806614
126.50498848145,411.517595164992,3.480353556885
623.978731208657,311.618227399497,4.58946217531431
5.14095899118427,149.922015472413,4.30656279690655
539.275584902957,201.527429109302,4.25886861073124
35.7922715229068,494.99188473134,3.01669859333741
279.208556398379,24.8654049120133,3.78013708865363
534.675934269057,392.94218193442,3.58999936346135
75.8721272050997,78.5659298591031,5.44522036628369
1.05157959922326,76.5629141691388,3.51011021539617
589.003240386421,230.569236973853,4.07754091214728
435.935905918561,456.118415088207,4.79509513292607
658.441755771354,372.246719094715,3.04724163503045
105.048018944365,484.315391690356,4.35832486041992
620.524771665064,88.8167708672093,4.08589156904012
418.002895791524,257.481556135418,3.5554124349771
9.98107644721058,181.437433028841,3.2985953299606
58.1169100079073,112.106394034079,4.55022314321819
609.932753813894,208.127268087587,4.41276317815252
258.564373474036,211.212650298019,3.82719867585423
571.639064950188,436.657441189513,3.755675661741
299.114384671426,139.218963869777,3.91464045235394
521.612981652827,457.803146584098,3.36780064135091
38.0229827785719,419.194876445883,3.54434750530661
193.817946047418,290.439020917879,4.16520186142369
557.97390030184,256.770746167153,3.76048280369109
170.602087531832,25.4946923656368,4.2237121928396
497.030551917508,346.273725042411,4.30921929603657
38.3595892026758,54.6888813056133,3.71491291693496
523.464026869107,143.259219244681,4.72478155852901
NA,NA,NA
664.55864863566,337.093144683946,3.57707077370107
457.187332052583,297.337782261109,3.55402170137002
13.1887281987746,497.609239568416,3.7126783492654
564.345710350265,49.602366768261,4.22416470242935
66.5494151429385,374.223185689104,3.99876008270285
230.191679667574,415.442056522336,3.93463497973278
429.749831977508,12.5104035163696,3.34633789927472
363.299153117441,292.021660976078,2.94591344200703
602.069044590838,102.879028774931,4.16122969979468
388.991844431063,231.454350079355,4.24994503223393
560.670703162512,410.811182831055,4.75424150164166
139.657084296642,281.096627210101,4.5853297165837
199.518940381548,371.779927385188,4.04027378806614
126.50498848145,411.517595164992,3.480353556885
623.978731208657,311.618227399497,4.58946217531431
5.14095899118427,149.922015472413,4.30656279690655
539.275584902957,201.527429109302,4.25886861073124
35.7922715229068,494.99188473134,3.01669859333741
279.208556398379,24.8654049120133,3.78013708865363
534.675934269057,392.94218193442,3.58999936346135
75.8721272050997,78.5659298591031,5.44522036628369
1.05157959922326,76.5629141691388,3.51011021539617
589.003240386421,230.569236973853,4.07754091214728
435.935905918561,456.118415088207,4.79509513292607
658.441755771354,372.246719094715,3.04724163503045
105.048018944365,484.315391690356,4.35832486041992
620.524771665064,88.8167708672093,4.08589156904012
418.002895791524,257.481556135418,3.5554124349771
9.98107644721058,181.437433028841,3.2985953299606
58.1169100079073,112.106394034079,4.55022314321819
609.932753813894,208.127268087587,4.41276317815252
258.564373474036,211.212650298019,3.82719867585423
571.639064950188,436.657441189513,3.755675661741
299.114384671426,139.218963869777,3.91464045235394
521.612981652827,457.803146584098,3.36780064135091
38.0229827785719,419.194876445883,3.54434750530661
193.817946047418,290.439020917879,4.16520186142369
557.97390030184,256.770746167153,3.76048280369109
170.602087531832,25.4946923656368,4.2237121928396
497.030551917508,346.273725042411,4.30921929603657
38.3595892026758,54.6888813056133,3.71491291693496
523.464026869107,143.259219244681,4.72478155852901
NA,NA,NA
664.55864863566,337.093144683946,3.57707077370107
457.187332052583,297.337782261109,3.55402170137002
13.1887281987746,497.609239568416,3.7126783492654
564.345710350265,49.602366768261,4.22416470242935
66.5494151429385,374.223185689104,3.99876008270285
230.191679667574,415.442056522336,3.93463497973278
429.749831977508,12.5104035163696,3.34633789927472
363.299153117441,292.021660976078,2.94591344200703
602.069044590838,102.879028774931,4.16122969979468
388.991844431063,231.454350079355,4.24994503223393
560.670703162512,410.811182831055,4.75424150164166
139.657084296642,281.096627210101,4.5853297165837
199.518940381548,371.779927385188,4.04027378806614
126.50498848145,411.517595164992,3.480353556885
623.978731208657,311.618227399497,4.58946217531431
5.14095899118427,149.922015472413,4.30656279690655
539.275584902957,201.527429109302,4.25886861073124
35.7922715229068,494.99188473134,3.01669859333741
279.208556398379,24.8654049120133,3.78013708865363
534.675934269057,392.94218193442,3.58999936346135
75.8721272050997,78.5659298591031,5.44522036628369
1.05157959922326,76.5629141691388,3.51011021539617
589.003240386421,230.569236973853,4.07754091214728
435.935905918561,456.118415088207,4.79509513292607
658.441755771354,372.246719094715,3.04724163503045
105.048018944365,484.315391690356,4.35832486041992
620.524771665064,88.8167708672093,4.08589156904012
418.002895791524,257.481556135418,3.5554124349771
9.98107644721058,181.437433028841,3.2985953299606
58.1169100079073,112.106394034079,4.55022314321819
609.932753813894,208.127268087587,4.41276317815252
258.564373474036,211.212650298019,3.82719867585423
571.639064950188,436.657441189513,3.755675661741
299.114384671426,139.218963869777,3.91464045235394
521.612981652827,457.803146584098,3.36780064135091
38.0229827785719,419.194876445883,3.54434750530661
193.817946047418,290.439020917879,4.16520186142369
557.97390030184,256.770746167153,3.76048280369109
170.602087531832,25.4946923656368,4.2237121928396
497.030551917508,346.273725042411,4.30921929603657
38.3595892026758,54.6888813056133,3.71491291693496
523.464026869107,143.259219244681,4.72478155852901
NA,NA,NA
664.55864863566,337.093144683946,3.57707077370107
457.187332052583,297.337782261109,3.55402170137002
13.1887281987746,497.609239568416,3.7126783492654
564.345710350265,49.602366768261,4.22416470242935
66.5494151429385,374.223185689104,3.99876008270285
230.191679667574,415.442056522336,3.93463497973278
429.749831977508,12.5104035163696,3.34633789927472
363.299153117441,292.021660976078,2.94591344200703
602.069044590838,102.879028774931,4.16122969979468
388.991844431063,231.454350079355,4.24994503223393
560.670703162512,410.811182831055,4.75424150164166
139.657084296642,281.096627210101,4.5853297165837
199.518940381548,371.779927385188,4.04027378806614
126.50498848145,411.517595164992,3.480353556885
623.978731208657,311.618227399497,4.58946217531431
5.14095899118427,149.922015472413,4.30656279690655
539.275584902957,201.527429109302,4.25886861073124
35.7922715229068,494.99188473134,3.01669859333741
279.208556398379,24.8654049120133,3.78013708865363
534.675934269057,392.94218193442,3.58999936346135
75.8721272050997,78.5659298591031,5.44522036628369
1.05157959922326,76.5629141691388,3.51011021539617
589.003240386421,230.569236973853,4.07754091214728
435.935905918561,456.118415088207,4.79509513292607
658.441755771354,372.246719094715,3.04724163503045
105.048018944365,484.315391690356,4.35832486041992
620.524771665064,88.8167708672093,4.08589156904012
418.002895791524,257.481556135418,3.5554124349771
9.98107644721058,181.437433028841,3.2985953299606
58.1169100079073,112.106394034079,4.55022314321819
609.932753813894,208.127268087587,4.41276317815252
258.564373474036,211.212650298019,3.82719867585423
571.639064950188,436.657441189513,3.755675661741
299.114384671426,139.218963869777,3.91464045235394
521.612981652827,457.803146584098,3.36780064135091
38.0229827785719,419.194876445883,3.54434750530661
193.817946047418,290.439020917879,4.16520186142369
557.97390030184,256.770746167153,3.76048280369109
170.602087531832,25.4946923656368,4.2237121928396
497.030551917508,346.273725042411,4.30921929603657
38.3595892026758,54.6888813056133,3.71491291693496
523.464026869107,143.259219244681,4.72478155852901
NA,NA,NA
664.55864863566,337.093144683946,3.57707077370107
457.187332052583,297.337782261109,3.55402170137002
13.1887281987746,497.609239568416,3.7126783492654
564.345710350265,49.602366768261,4.22416470242935
66.5494151429385,374.223185689104,3.99876008270285
230.191679667574,415.442056522336,3.93463497973278
429.749831977508,12.5104035163696,3.34633789927472
363.299153117441,292.021660976078,2.94591344200703
602.069044590838,102.879028774931,4.16122969979468
388.991844431063,231.454350079355,4.24994503223393
560.670703162512,410.811182831055,4.75424150164166
139.657084296642,281.096627210101,4.5853297165837
199.518940381548,371.779927385188,4.04027378806614
126.50498848145,411.517595164992,3.480353556885
623.978731208657,311.618227399497,4.58946217531431
5.14095899118427,149.922015472413,4.30656279690655
539.275584902957,201.527429109302,4.25886861073124
35.7922715229068,494.99188473134,3.01669859333741
279.208556398379,24.8654049120133,3.78013708865363
534.675934269057,392.94218193442,3.58999936346135
75.8721272050997,78.5659298591031,5.44522036628369
1.05157959922326,76.5629141691388,3.51011021539617
589.003240386421,230.569236973853,4.07754091214728
435.935905918561,456.118415088207,4.79509513292607
658.441755771354,372.246719094715,3.04724163503045
105.048018944365,484.315391690356,4.35832486041992
620.524771665064,88.8167708672093,4.08589156904012
418.002895791524,257.481556135418,3.5554124349771
9.98107644721058,181.437433028841,3.2985953299606
58.1169100079073,112.106394034079,4.55022314321819
609.932753813894,208.127268087587,4.41276317815252
258.564373474036,211.212650298019,3.82719867585423
571.639064950188,436.657441189513,3.755675661741
299.114384671426,139.218963869777,3.91464045235394
521.612981652827,457.803146584098,3.36780064135091
38.0229827785719,419.194876445883,3.54434750530661
193.817946047418,290.439020917879,4.16520186142369
557.97390030184,256.770746167153,3.76048280369109
170.602087531832,25.4946923656368,4.2237121928396
497.030551917508,346.273725042411,4.30921929603657
38.3595892026758,54.6888813056133,3.71491291693496
523.464026869107,143.259219244681,4.72478155852901
NA,NA,NA
664.55864863566,337.093144683946,3.57707077370107
457.187332052583,297.337782261109,3.55402170137002
13.1887281987746,497.609239568416,3.7126783492654
564.345710350265,49.602366768261,4.22416470242935
66.5494151429385,374.223185689104,3.99876008270285
230.191679667574,415.442056522336,3.93463497973278
429.749831977508,12.5104035163696,3.34633789927472
363.299153117441,292.021660976078,2.94591344200703
602.069044590838,102.879028774931,4.16122969979468
388.991844431063,231.454350079355,4.24994503223393
560.670703162512,410.811182831055,4.75424150164166
139.657084296642,281.096627210101,4.5853297165837
199.518940381548,371.779927385188,4.04027378806614
126.50498848145,411.517595164992,3.480353556885
623.978731208657,311.618227399497,4.58946217531431
5.14095899118427,149.922015472413,4.30656279690655
539.275584902957,201.527429109302,4.25886861073124
35.7922715229068,494.99188473134,3.01669859333741
279.208556398379,24.8654049120133,3.78013708865363
534.675934269057,392.94218193442,3.58999936346135
75.8721272050997,78.5659298591031,5.44522036628369
1.05157959922326,76.5629141691388,3.51011021539617
589.003240386421,230.569236973853,4.07754091214728
435.935905918561,456.118415088207,4.79509513292607
658.441755771354,372.246719094715,3.04724163503045
105.048018944365,484.315391690356,4.35832486041992
620.524771665064,88.8167708672093,4.08589156904012
418.002895791524,257.481556135418,3.5554124349771
9.98107644721058,181.437433028841,3.2985953299606
58.1169100079073,112.106394034079,4.55022314321819
609.932753813894,208.127268087587,4.41276317815252
258.564373474036,211.212650298019,3.82719867585423
571.639064950188,436.657441189513,3.755675661741
299.114384671426,139.218963869777,3.91464045235394
521.612981652827,457.803146584098,3.36780064135091
38.0229827785719,419.194876445883,3.54434750530661
193.817946047418,290.439020917879,4.16520186142369
557.97390030184,256.770746167153,3.76048280369109
170.602087531832,25.4946923656368,4.2237121928396
497.030551917508,346.273725042411,4.30921929603657
38.3595892026758,54.6888813056133,3.71491291693496
523.464026869107,143.259219244681,4.72478155852901
NA,NA,NA
660.437556006177,336.770539856944,3.33452172546784
455.055791507541,300.715664790484,3.76292669843591
12.3021986422342,493.413753157392,3.72008179619108
568.593099815983,55.2541788428684,4.14073101354212
71.8672497474989,377.729501148145,4.00119190654009
229.180344588598,415.416873165987,3.84800092783088
432.085832994875,11.3071521252639,3.40341997554706
363.279259387939,295.151882243071,2.96766320933919
604.620010268304,103.525409886832,4.21374697736062
391.535030585561,228.87341601024,4.0924596008958
570.246728239317,411.161875992014,4.67864556799229
138.728944850037,284.403068169513,4.59202531271757
197.785962426275,369.786744398563,3.99139669007106
126.961424625911,413.313058341378,3.449237260278
625.109871332525,313.199717772719,4.53666634210615
-2.36326450467795,148.717295182042,4.34499878490045
544.331694784506,201.459423485862,4.02670777703529
34.1331820566689,492.326044802979,2.97950930652087
279.333610170548,21.9786459389897,3.95794546015128
531.67906831053,392.459163184554,3.41116785050019
79.6488924419534,71.9295432391582,5.27061072134743
5.93779394685438,74.7069419735488,3.55003948156561
590.07264662436,226.885300911296,3.97359250625645
446.984962207254,453.80835108549,4.7860817775612
657.085733309799,375.082715274183,2.831742268588
105.817987015025,488.425652038546,4.18237156682329
619.927282378386,90.5920966341638,4.06111116883067
419.981392860425,259.221366601702,3.53511909687822
12.5532159348421,181.888976606944,3.26280787691066
72.5437311867426,101.678883050957,4.4247652476709
607.427359789403,214.49546388815,4.25310129490315
252.717125542026,217.710667199546,3.85760921317683
574.382669185907,432.945959367959,3.8894889081264
301.728949511002,138.449877865704,3.98405716784234
533.153681079603,451.421647265102,3.51615181523072
36.810453387511,422.118220959546,3.83218733361737
201.021628122142,284.709715627394,4.13884641755101
546.516343326598,257.076216299133,3.65726936242809
175.610058522772,23.4558494037046,4.20797641248433
499.674708319806,333.680061990607,4.25368318791601
31.6869914675035,55.8812425390227,4.01423409769586
533.137795339566,153.648957415137,4.97821757361406
NA,NA,NA
660.437556006177,336.770539856944,3.33452172546784
455.055791507541,300.715664790484,3.76292669843591
12.3021986422342,493.413753157392,3.72008179619108
568.593099815983,55.2541788428684,4.14073101354212
71.8672497474989,377.729501148145,4.00119190654009
229.180344588598,415.416873165987,3.84800092783088
432.085832994875,11.3071521252639,3.40341997554706
363.279259387939,295.151882243071,2.96766320933919
604.620010268304,103.525409886832,4.21374697736062
391.535030585561,228.87341601024,4.0924596008958
570.246728239317,411.161875992014,4.67864556799229
138.728944850037,284.403068169513,4.59202531271757
197.785962426275,369.786744398563,3.99139669007106
126.961424625911,413.313058341378,3.449237260278
625.109871332525,313.199717772719,4.53666634210615
-2.36326450467795,148.717295182042,4.34499878490045
544.331694784506,201.459423485862,4.02670777703529
34.1331820566689,492.326044802979,2.97950930652087
279.333610170548,21.9786459389897,3.95794546015128
531.67906831053,392.459163184554,3.41116785050019
79.6488924419534,71.9295432391582,5.27061072134743
5.93779394685438,74.7069419735488,3.55003948156561
590.07264662436,226.885300911296,3.97359250625645
446.984962207254,453.80835108549,4.7860817775612
657.085733309799,375.082715274183,2.831742268588
105.817987015025,488.425652038546,4.18237156682329
619.927282378386,90.5920966341638,4.06111116883067
419.981392860425,259.221366601702,3.53511909687822
12.5532159348421,181.888976606944,3.26280787691066
72.5437311867426,101.678883050957,4.4247652476709
607.427359789403,214.49546388815,4.25310129490315
252.717125542026,217.710667199546,3.85760921317683
574.382669185907,432.945959367959,3.8894889081264
301.728949511002,138.449877865704,3.98405716784234
533.153681079603,451.421647265102,3.51615181523072
36.810453387511,422.118220959546,3.83218733361737
201.021628122142,284.709715627394,4.13884641755101
546.516343326598,257.076216299133,3.65726936242809
175.610058522772,23.4558494037046,4.20797641248433
499.674708319806,333.680061990607,4.25368318791601
31.6869914675035,55.8812425390227,4.01423409769586
533.137795339566,153.648957415137,4.97821757361406
NA,NA,NA
660.437556006177,336.770539856944,3.33452172546784
455.055791507541,300.715664790484,3.76292669843591
12.3021986422342,493.413753157392,3.72008179619108
568.593099815983,55.2541788428684,4.14073101354212
71.8672497474989,377.729501148145,4.00119190654009
229.180344588598,415.416873165987,3.84800092783088
432.085832994875,11.3071521252639,3.40341997554706
363.279259387939,295.151882243071,2.96766320933919
604.620010268304,103.525409886832,4.21374697736062
391.535030585561,228.87341601024,4.0924596008958
570.246728239317,411.161875992014,4.67864556799229
138.728944850037,284.403068169513,4.59202531271757
197.785962426275,369.786744398563,3.99139669007106
126.961424625911,413.313058341378,3.449237260278
625.109871332525,313.199717772719,4.53666634210615
-2.36326450467795,148.717295182042,4.34499878490045
544.331694784506,201.459423485862,4.02670777703529
34.1331820566689,492.326044802979,2.97950930652087
279.333610170548,21.9786459389897,3.95794546015128
531.67906831053,392.459163184554,3.41116785050019
79.6488924419534,71.9295432391582,5.27061072134743
5.93779394685438,74.7069419735488,3.55003948156561
590.07264662436,226.885300911296,3.97359250625645
446.984962207254,453.80835108549,4.7860817775612
657.085733309799,375.082715274183,2.831742268588
105.817987015025,488.425652038546,4.18237156682329
619.927282378386,90.5920966341638,4.06111116883067
419.981392860425,259.221366601702,3.53511909687822
12.5532159348421,181.888976606944,3.26280787691066
72.5437311867426,101.678883050957,4.4247652476709
607.427359789403,214.49546388815,4.25310129490315
252.717125542026,217.710667199546,3.85760921317683
574.382669185907,432.945959367959,3.8894889081264
301.728949511002,138.449877865704,3.98405716784234
533.153681079603,451.421647265102,3.51615181523072
36.810453387511,422.118220959546,3.83218733361737
201.021628122142,284.709715627394,4.13884641755101
546.516343326598,257.076216299133,3.65726936242809
175.610058522772,23.4558494037046,4.20797641248433
499.674708319806,333.680061990607,4.25368318791601
31.6869914675035,55.8812425390227,4.01423409769586
533.137795339566,153.648957415137,4.97821757361406
NA,NA,NA
660.437556006177,336.770539856944,3.33452172546784
455.055791507541,300.715664790484,3.76292669843591
12.3021986422342,493.413753157392,3.72008179619108
568.593099815983,55.2541788428684,4.14073101354212
71.8672497474989,377.729501148145,4.00119190654009
229.180344588598,415.416873165987,3.84800092783088
432.085832994875,11.3071521252639,3.40341997554706
363.279259387939,295.151882243071,2.96766320933919
604.620010268304,103.525409886832,4.21374697736062
391.535030585561,228.87341601024,4.0924596008958
570.246728239317,411.161875992014,4.67864556799229
138.728944850037,284.403068169513,4.59202531271757
197.785962426275,369.786744398563,3.99139669007106
126.961424625911,413.313058341378,3.449237260278
625.109871332525,313.199717772719,4.53666634210615
-2.36326450467795,148.717295182042,4.34499878490045
544.331694784506,201.459423485862,4.02670777703529
34.1331820566689,492.326044802979,2.97950930652087
279.333610170548,21.9786459389897,3.95794546015128
531.67906831053,392.459163184554,3.41116785050019
79.6488924419534,71.9295432391582,5.27061072134743
5.93779394685438,74.7069419735488,3.55003948156561
590.07264662436,226.885300911296,3.97359250625645
446.984962207254,453.80835108549,4.7860817775612
657.085733309799,375.082715274183,2.831742268588
105.817987015025,488.425652038546,4.18237156682329
619.927282378386,90.5920966341638,4.06111116883067
419.981392860425,259.221366601702,3.53511909687822
12.5532159348421,181.888976606944,3.26280787691066
72.5437311867426,101.678883050957,4.4247652476709
607.427359789403,214.49546388815,4.25310129490315
252.717125542026,217.710667199546,3.85760921317683
574.382669185907,432.945959367959,3.8894889081264
301.728949511002,138.449877865704,3.98405716784234
533.153681079603,451.421647265102,3.51615181523072
36.810453387511,422.118220959546,3.83218733361737
201.021628122142,284.709715627394,4.13884641755101
546.516343326598,257.076216299133,3.65726936242809
175.610058522772,23.4558494037046,4.20797641248433
499.674708319806,333.680061990607,4.25368318791601
31.6869914675035,55.8812425390227,4.01423409769586
533.137795339566,153.648957415137,4.97821757361406
NA,NA,NA
660.437556006177,336.770539856944,3.33452172546784
455.055791507541,300.715664790484,3.76292669843591
12.3021986422342,493.413753157392,3.72008179619108
568.593099815983,55.2541788428684,4.14073101354212
71.8672497474989,377.729501148145,4.00119190654009
229.180344588598,415.416873165987,3.84800092783088
432.085832994875,11.3071521252639,3.40341997554706
363.279259387939,295.151882243071,2.96766320933919
604.620010268304,103.525409886832,4.21374697736062
391.535030585561,228.87341601024,4.0924596008958
570.246728239317,411.161875992014,4.67864556799229
138.728944850037,284.403068169513,4.59202531271757
197.785962426275,369.786744398563,3.99139669007106
126.961424625911,413.313058341378,3.449237260278
625.109871332525,313.199717772719,4.53666634210615
-2.36326450467795,148.717295182042,4.34499878490045
544.331694784506,201.459423485862,4.02670777703529
34.1331820566689,492.326044802979,2.97950930652087
279.333610170548,21.9786459389897,3.95794546015128
531.67906831053,392.459163184554,3.41116785050019
79.6488924419534,71.9295432391582,5.27061072134743
5.93779394685438,74.7069419735488,3.55003948156561
590.07264662436,226.885300911296,3.97359250625645
446.984962207254,453.80835108549,4.7860817775612
657.085733309799,375.082715274183,2.831742268588
105.817987015025,488.425652038546,4.18237156682329
619.927282378386,90.5920966341638,4.06111116883067
419.981392860425,259.221366601702,3.53511909687822
12.5532159348421,181.888976606944,3.26280787691066
72.5437311867426,101.678883050957,4.4247652476709
607.427359789403,214.49546388815,4.25310129490315
252.717125542026,217.710667199546,3.85760921317683
574.382669185907,432.945959367959,3.8894889081264
301.728949511002,138.449877865704,3.98405716784234
533.153681079603,451.421647265102,3.51615181523072
36.810453387511,422.118220959546,3.83218733361737
201.021628122142,284.709715627394,4.13884641755101
546.516343326598,257.076216299133,3.65726936242809
175.610058522772,23.4558494037046,4.20797641248433
499.674708319806,333.680061990607,4.25368318791601
31.6869914675035,55.8812425390227,4.01423409769586
533.137795339566,153.648957415137,4.97821757361406
NA,NA,NA
660.437556006177,336.770539856944,3.33452172546784
455.055791507541,300.715664790484,3.76292669843591
12.3021986422342,493.413753157392,3.72008179619108
568.593099815983,55.2541788428684,4.14073101354212
71.8672497474989,377.729501148145,4.00119190654009
229.180344588598,415.416873165987,3.84800092783088
432.085832994875,11.3071521252639,3.40341997554706
363.279259387939,295.151882243071,2.96766320933919
604.620010268304,103.525409886832,4.21374697736062
391.535030585561,228.87341601024,4.0924596008958
570.246728239317,411.161875992014,4.67864556799229
138.728944850037,284.403068169513,4.59202531271757
197.785962426275,369.786744398563,3.99139669007106
126.961424625911,413.313058341378,3.449237260278
625.109871332525,313.199717772719,4.53666634210615
-2.36326450467795,148.717295182042,4.34499878490045
544.331694784506,201.459423485862,4.02670777703529
34.1331820566689,492.326044802979,2.97950930652087
279.333610170548,21.9786459389897,3.95794546015128
531.67906831053,392.459163184554,3.41116785050019
79.6488924419534,71.9295432391582,5.27061072134743
5.93779394685438,74.7069419735488,3.55003948156561
590.07264662436,226.885300911296,3.97359250625645
446.984962207254,453.80835108549,4.7860817775612
657.085733309799,375.082715274183,2.831742268588
105.817987015025,488.425652038546,4.18237156682329
619.927282378386,90.5920966341638,4.06111116883067
419.981392860425,259.221366601702,3.53511909687822
12.5532159348421,181.888976606944,3.26280787691066
72.5437311867426,101.678883050957,4.4247652476709
607.427359789403,214.49546388815,4.25310129490315
252.717125542026,217.710667199546,3.85760921317683
574.382669185907,432.945959367959,3.8894889081264
301.728949511002,138.449877865704,3.98405716784234
533.153681079603,451.421647265102,3.51615181523072
36.810453387511,422.118220959546,3.83218733361737
201.021628122142,284.709715627394,4.13884641755101
546.516343326598,257.076216299133,3.65726936242809
175.610058522772,23.4558494037046,4.20797641248433
499.674708319806,333.680061990607,4.25368318791601
31.6869914675035,55.8812425390227,4.01423409769586
533.137795339566,153.648957415137,4.97821757361406
NA,NA,NA
661.938150023674,331.716521479773,3.52893058772659
452.240431515817,296.285070098763,3.57353306159919
11.7689076761891,496.343833996079,3.70047990479647
560.26133352933,50.9488504678988,4.22194737701491
73.8101022361977,379.336926350569,3.99657772598042
230.90069106554,415.171003826173,3.85511963696066
428.442287492719,12.2949825504224,3.30319073642518
360.045452636684,292.325505712265,3.15002249922155
601.839530997104,108.207746458106,4.17903790619933
389.905294150189,231.905461760577,4.20808939749724
565.907356242076,411.390382665642,4.80946850024819
138.069949928161,284.364226456579,4.5850607252577
201.663802358938,367.817573688585,4.0729222227608
125.199339365999,410.946559808747,3.41147396350864
627.031622027118,316.732558742658,4.42254199164347
6.24199387055468,146.989111676393,4.2857680629952
538.676013745096,208.19821511972,4.18626419645856
35.2505710483414,490.903030603833,3.08800932570193
282.033383865609,21.0517465427264,3.69989255392419
530.889895887713,392.594904979089,3.42316148278395
62.8666173774456,78.6299027612218,5.25628365858013
6.6568268071939,78.3902942545259,3.58404238797377
587.814430416333,225.543654943275,3.99226429988898
443.272690468771,455.719845262568,4.83640279724544
657.350841390704,374.878520358698,3.37523010644283
110.321453680021,487.061731772266,4.26402456140131
624.222260649714,86.6267203059661,4.07589866218565
420.092526025926,259.616857237604,3.54268367116387
12.3274594527341,182.106290827982,3.15038480646802
65.7834297109939,124.886412075314,4.44040467752525
627.446810818487,198.518244863036,4.48051554859579
250.234400658595,216.438738415121,4.17841841837714
580.457644467766,436.406564048427,3.88608878416409
302.193387905591,143.059173533211,3.80128778461892
531.669133448284,459.807061699167,3.52240034030109
49.3737496548187,428.329984819967,4.13807376383222
188.210489685202,301.216491244963,3.95080080050541
566.677429468455,262.556732704065,3.58140610367601
156.815487347198,33.892703182845,4.47002438472761
503.647783057488,344.64177151057,4.59009087250866
40.0398211174345,59.8734339795813,3.69978193962098
522.641304575844,158.76751217134,4.390059435376
NA,NA,NA
661.938150023674,331.716521479773,3.52893058772659
452.240431515817,296.285070098763,3.57353306159919
11.7689076761891,496.343833996079,3.70047990479647
560.26133352933,50.9488504678988,4.22194737701491
73.8101022361977,379.336926350569,3.99657772598042
230.90069106554,415.171003826173,3.85511963696066
428.442287492719,12.2949825504224,3.30319073642518
360.045452636684,292.325505712265,3.15002249922155
601.839530997104,108.207746458106,4.17903790619933
389.905294150189,231.905461760577,4.20808939749724
565.907356242076,411.390382665642,4.80946850024819
138.069949928161,284.364226456579,4.5850607252577
201.663802358938,367.817573688585,4.0729222227608
125.199339365999,410.946559808747,3.41147396350864
627.031622027118,316.732558742658,4.42254199164347
6.24199387055468,146.989111676393,4.2857680629952
538.676013745096,208.19821511972,4.18626419645856
35.2505710483414,490.903030603833,3.08800932570193
282.033383865609,21.0517465427264,3.69989255392419
530.889895887713,392.594904979089,3.42316148278395
62.8666173774456,78.6299027612218,5.25628365858013
6.6568268071939,78.3902942545259,3.58404238797377
587.814430416333,225.543654943275,3.99226429988898
443.272690468771,455.719845262568,4.83640279724544
657.350841390704,374.878520358698,3.37523010644283
110.321453680021,487.061731772266,4.26402456140131
624.222260649714,86.6267203059661,4.07589866218565
420.092526025926,259.616857237604,3.54268367116387
12.3274594527341,182.106290827982,3.15038480646802
65.7834297109939,124.886412075314,4.44040467752525
627.446810818487,198.518244863036,4.48051554859579
250.234400658595,216.438738415121,4.17841841837714
580.457644467766,436.406564048427,3.88608878416409
302.193387905591,143.059173533211,3.80128778461892
531.669133448284,459.807061699167,3.52240034030109
49.3737496548187,428.329984819967,4.13807376383222
188.210489685202,301.216491244963,3.95080080050541
566.677429468455,262.556732704065,3.58140610367601
156.815487347198,33.892703182845,4.47002438472761
503.647783057488,344.64177151057,4.59009087250866
40.0398211174345,59.8734339795813,3.69978193962098
522.641304575844,158.76751217134,4.390059435376
NA,NA,NA
661.938150023674,331.716521479773,3.52893058772659
452.240431515817,296.285070098763,3.57353306159919
11.7689076761891,496.343833996079,3.70047990479647
560.26133352933,50.9488504678988,4.22194737701491
73.8101022361977,379.336926350569,3.99657772598042
230.90069106554,415.171003826173,3.85511963696066
428.442287492719,12.2949825504224,3.30319073642518
360.045452636684,292.325505712265,3.15002249922155
601.839530997104,108.207746458106,4.17903790619933
389.905294150189,231.905461760577,4.20808939749724
565.907356242076,411.390382665642,4.80946850024819
138.069949928161,284.364226456579,4.5850607252577
201.663802358938,367.817573688585,4.0729222227608
125.199339365999,410.946559808747,3.41147396350864
627.031622027118,316.732558742658,4.42254199164347
6.24199387055468,146.989111676393,4.2857680629952
538.676013745096,208.19821511972,4.18626419645856
35.2505710483414,490.903030603833,3.08800932570193
282.033383865609,21.0517465427264,3.69989255392419
530.889895887713,392.594904979089,3.42316148278395
62.8666173774456,78.6299027612218,5.25628365858013
6.6568268071939,78.3902942545259,3.58404238797377
587.814430416333,225.543654943275,3.99226429988898
443.272690468771,455.719845262568,4.83640279724544
657.350841390704,374.878520358698,3.37523010644283
110.321453680021,487.061731772266,4.26402456140131
624.222260649714,86.6267203059661,4.07589866218565
420.092526025926,259.616857237604,3.54268367116387
12.3274594527341,182.106290827982,3.15038480646802
65.7834297109939,124.886412075314,4.44040467752525
627.446810818487,198.518244863036,4.48051554859579
250.234400658595,216.438738415121,4.17841841837714
580.457644467766,436.406564048427,3.88608878416409
302.193387905591,143.059173533211,3.80128778461892
531.669133448284,459.807061699167,3.52240034030109
49.3737496548187,428.329984819967,4.13807376383222
188.210489685202,301.216491244963,3.95080080050541
566.677429468455,262.556732704065,3.58140610367601
156.815487347198,33.892703182845,4.47002438472761
503.647783057488,344.64177151057,4.59009087250866
40.0398211174345,59.8734339795813,3.69978193962098
522.641304575844,158.76751217134,4.390059435376
NA,NA,NA
661.938150023674,331.716521479773,3.52893058772659
452.240431515817,296.285070098763,3.57353306159919
11.7689076761891,496.343833996079,3.70047990479647
560.26133352933,50.9488504678988,4.22194737701491
73.8101022361977,379.336926350569,3.99657772598042
230.90069106554,415.171003826173,3.85511963696066
428.442287492719,12.2949825504224,3.30319073642518
360.045452636684,292.325505712265,3.15002249922155
601.839530997104,108.207746458106,4.17903790619933
389.905294150189,231.905461760577,4.20808939749724
565.907356242076,411.390382665642,4.80946850024819
138.069949928161,284.364226456579,4.5850607252577
201.663802358938,367.817573688585,4.0729222227608
125.199339365999,410.946559808747,3.41147396350864
627.031622027118,316.732558742658,4.42254199164347
6.24199387055468,146.989111676393,4.2857680629952
538.676013745096,208.19821511972,4.18626419645856
35.2505710483414,490.903030603833,3.08800932570193
282.033383865609,21.0517465427264,3.69989255392419
530.889895887713,392.594904979089,3.42316148278395
62.8666173774456,78.6299027612218,5.25628365858013
6.6568268071939,78.3902942545259,3.58404238797377
587.814430416333,225.543654943275,3.99226429988898
443.272690468771,455.719845262568,4.83640279724544
657.350841390704,374.878520358698,3.37523010644283
110.321453680021,487.061731772266,4.26402456140131
624.222260649714,86.6267203059661,4.07589866218565
420.092526025926,259.616857237604,3.54268367116387
12.3274594527341,182.106290827982,3.15038480646802
65.7834297109939,124.886412075314,4.44040467752525
627.446810818487,198.518244863036,4.48051554859579
250.234400658595,216.438738415121,4.17841841837714
580.457644467766,436.406564048427,3.88608878416409
302.193387905591,143.059173533211,3.80128778461892
531.669133448284,459.807061699167,3.52240034030109
49.3737496548187,428.329984819967,4.13807376383222
188.210489685202,301.216491244963,3.95080080050541
566.677429468455,262.556732704065,3.58140610367601
156.815487347198,33.892703182845,4.47002438472761
503.647783057488,344.64177151057,4.59009087250866
40.0398211174345,59.8734339795813,3.69978193962098
522.641304575844,158.76751217134,4.390059435376
NA,NA,NA
661.938150023674,331.716521479773,3.52893058772659
452.240431515817,296.285070098763,3.57353306159919
11.7689076761891,496.343833996079,3.70047990479647
560.26133352933,50.9488504678988,4.22194737701491
73.8101022361977,379.336926350569,3.99657772598042
230.90069106554,415.171003826173,3.85511963696066
428.442287492719,12.2949825504224,3.30319073642518
360.045452636684,292.325505712265,3.15002249922155
601.839530997104,108.207746458106,4.17903790619933
389.905294150189,231.905461760577,4.20808939749724
565.907356242076,411.390382665642,4.80946850024819
138.069949928161,284.364226456579,4.5850607252577
201.663802358938,367.817573688585,4.0729222227608
125.199339365999,410.946559808747,3.41147396350864
627.031622027118,316.732558742658,4.42254199164347
6.24199387055468,146.989111676393,4.2857680629952
538.676013745096,208.19821511972,4.18626419645856
35.2505710483414,490.903030603833,3.08800932570193
282.033383865609,21.0517465427264,3.69989255392419
530.889895887713,392.594904979089,3.42316148278395
62.8666173774456,78.6299027612218,5.25628365858013
6.6568268071939,78.3902942545259,3.58404238797377
587.814430416333,225.543654943275,3.99226429988898
443.272690468771,455.719845262568,4.83640279724544
657.350841390704,374.878520358698,3.37523010644283
110.321453680021,487.061731772266,4.26402456140131
624.222260649714,86.6267203059661,4.07589866218565
420.092526025926,259.616857237604,3.54268367116387
12.3274594527341,182.106290827982,3.15038480646802
65.7834297109939,124.886412075314,4.44040467752525
627.446810818487,198.518244863036,4.48051554859579
250.234400658595,216.438738415121,4.17841841837714
580.457644467766,436.406564048427,3.88608878416409
302.193387905591,143.059173533211,3.80128778461892
531.669133448284,459.807061699167,3.52240034030109
49.3737496548187,428.329984819967,4.13807376383222
188.210489685202,301.216491244963,3.95080080050541
566.677429468455,262.556732704065,3.58140610367601
156.815487347198,33.892703182845,4.47002438472761
503.647783057488,344.64177151057,4.59009087250866
40.0398211174345,59.8734339795813,3.69978193962098
522.641304575844,158.76751217134,4.390059435376
NA,NA,NA
661.938150023674,331.716521479773,3.52893058772659
452.240431515817,296.285070098763,3.57353306159919
11.7689076761891,496.343833996079,3.70047990479647
560.26133352933,50.9488504678988,4.22194737701491
73.8101022361977,379.336926350569,3.99657772598042
230.90069106554,415.171003826173,3.85511963696066
428.442287492719,12.2949825504224,3.30319073642518
360.045452636684,292.325505712265,3.15002249922155
601.839530997104,108.207746458106,4.17903790619933
389.905294150189,231.905461760577,4.20808939749724
565.907356242076,411.390382665642,4.80946850024819
138.069949928161,284.364226456579,4.5850607252577
201.663802358938,367.817573688585,4.0729222227608
125.199339365999,410.946559808747,3.41147396350864
627.031622027118,316.732558742658,4.42254199164347
6.24199387055468,146.989111676393,4.2857680629952
538.676013745096,208.19821511972,4.18626419645856
35.2505710483414,490.903030603833,3.08800932570193
282.033383865609,21.0517465427264,3.69989255392419
530.889895887713,392.594904979089,3.42316148278395
62.8666173774456,78.6299027612218,5.25628365858013
6.6568268071939,78.3902942545259,3.58404238797377
587.814430416333,225.543654943275,3.99226429988898
443.272690468771,455.719845262568,4.83640279724544
657.350841390704,374.878520358698,3.37523010644283
110.321453680021,487.061731772266,4.26402456140131
624.222260649714,86.6267203059661,4.07589866218565
420.092526025926,259.616857237604,3.54268367116387
12.3274594527341,182.106290827982,3.15038480646802
65.7834297109939,124.886412075314,4.44040467752525
627.446810818487,198.518244863036,4.48051554859579
250.234400658595,216.438738415121,4.17841841837714
580.457644467766,436.406564048427,3.88608878416409
302.193387905591,143.059173533211,3.80128778461892
531.669133448284,459.807061699167,3.52240034030109
49.3737496548187,428.329984819967,4.13807376383222
188.210489685202,301.216491244963,3.95080080050541
566.677429468455,262.556732704065,3.58140610367601
156.815487347198,33.892703182845,4.47002438472761
503.647783057488,344.64177151057,4.59009087250866
40.0398211174345,59.8734339795813,3.69978193962098
522.641304575844,158.76751217134,4.390059435376
NA,NA,NA
662.217079463207,334.133940726329,3.55007830463801
454.637087672832,298.798586472712,3.54321048280086
9.35516144535791,494.851656353709,3.6469440862733
555.826981013228,52.3109560218248,4.30194515379782
74.1164438916333,371.617454193901,3.95967611545923
226.055959686356,415.416075018107,3.923336853582
428.528611924637,14.2718853640199,3.26358677709572
364.26880202623,291.954953258881,3.12281875385741
607.313411714681,110.203922851012,4.31587423458311
391.334518317552,232.194728407792,4.14455803315438
568.404701008229,413.945321361269,4.76269097225205
139.971910779698,279.005937378939,4.49398554743842
199.983875151119,371.897348327948,3.99767214996202
126.980470320977,411.338539390337,3.43476094097799
626.73943387752,309.221973906561,4.5725687804921
1.26709656725812,147.222728351891,4.2141969327712
548.582148908805,204.854455727158,4.10314957739103
32.6841661013688,491.164617588161,2.94500110907049
280.050995985955,28.0519682487391,4.04857704003047
534.409068370551,393.414447378154,3.35377605301861
81.8279318147452,76.0472324719539,5.26673691476984
3.89013583087736,76.7847912976744,3.3748290212826
586.686677497737,225.207372207283,4.01870513660657
442.392890044549,462.037438433522,4.84208807657962
659.678316715344,373.329814887805,2.86469633628042
108.779644918183,485.106829621018,4.35956462772393
624.997895868778,88.7038123521199,4.13475630455736
420.544122035371,258.94771953791,3.57193772364149
10.7446632120613,179.124564147905,3.15464702289024
64.7146173652125,124.824772429544,4.45933418305182
602.226489445538,207.818420205923,4.28905538567023
257.227533012172,212.796340297649,3.89062411860001
569.418186283661,429.089314219466,3.96620632520596
301.766949643597,137.682182725901,3.86256775261979
525.140329763901,454.437642124194,3.77468029378638
40.5459505606461,417.820634212177,3.9265331064091
199.275231235068,281.032553190114,3.62968423432132
553.898654670496,261.453781412892,4.04735617552155
173.896254243234,11.8766686664338,4.36587683230804
499.608734655081,336.753578380415,4.56576655937759
35.8406953941545,52.2094608838523,3.93624372503408
525.223909705082,154.051392205852,4.5342699886186
NA,NA,NA
662.217079463207,334.133940726329,3.55007830463801
454.637087672832,298.798586472712,3.54321048280086
9.35516144535791,494.851656353709,3.6469440862733
555.826981013228,52.3109560218248,4.30194515379782
74.1164438916333,371.617454193901,3.95967611545923
226.055959686356,415.416075018107,3.923336853582
428.528611924637,14.2718853640199,3.26358677709572
364.26880202623,291.954953258881,3.12281875385741
607.313411714681,110.203922851012,4.31587423458311
391.334518317552,232.194728407792,4.14455803315438
568.404701008229,413.945321361269,4.76269097225205
139.971910779698,279.005937378939,4.49398554743842
199.983875151119,371.897348327948,3.99767214996202
126.980470320977,411.338539390337,3.43476094097799
626.73943387752,309.221973906561,4.5725687804921
1.26709656725812,147.222728351891,4.2141969327712
548.582148908805,204.854455727158,4.10314957739103
32.6841661013688,491.164617588161,2.94500110907049
280.050995985955,28.0519682487391,4.04857704003047
534.409068370551,393.414447378154,3.35377605301861
81.8279318147452,76.0472324719539,5.26673691476984
3.89013583087736,76.7847912976744,3.3748290212826
586.686677497737,225.207372207283,4.01870513660657
442.392890044549,462.037438433522,4.84208807657962
659.678316715344,373.329814887805,2.86469633628042
108.779644918183,485.106829621018,4.35956462772393
624.997895868778,88.7038123521199,4.13475630455736
420.544122035371,258.94771953791,3.57193772364149
10.7446632120613,179.124564147905,3.15464702289024
64.7146173652125,124.824772429544,4.45933418305182
602.226489445538,207.818420205923,4.28905538567023
257.227533012172,212.796340297649,3.89062411860001
569.418186283661,429.089314219466,3.96620632520596
301.766949643597,137.682182725901,3.86256775261979
525.140329763901,454.437642124194,3.77468029378638
40.5459505606461,417.820634212177,3.9265331064091
199.275231235068,281.032553190114,3.62968423432132
553.898654670496,261.453781412892,4.04735617552155
173.896254243234,11.8766686664338,4.36587683230804
499.608734655081,336.753578380415,4.56576655937759
35.8406953941545,52.2094608838523,3.93624372503408
525.223909705082,154.051392205852,4.5342699886186
NA,NA,NA
662.217079463207,334.133940726329,3.55007830463801
454.637087672832,298.798586472712,3.54321048280086
9.35516144535791,494.851656353709,3.6469440862733
555.826981013228,52.3109560218248,4.30194515379782
74.1164438916333,371.617454193901,3.95967611545923
226.055959686356,415.416075018107,3.923336853582
428.528611924637,14.2718853640199,3.26358677709572
364.26880202623,291.954953258881,3.12281875385741
607.313411714681,110.203922851012,4.31587423458311
391.334518317552,232.194728407792,4.14455803315438
568.404701008229,413.945321361269,4.76269097225205
139.971910779698,279.005937378939,4.49398554743842
199.983875151119,371.897348327948,3.99767214996202
126.980470320977,411.338539390337,3.43476094097799
626.73943387752,309.221973906561,4.5725687804921
1.26709656725812,147.222728351891,4.2141969327712
548.582148908805,204.854455727158,4.10314957739103
32.6841661013688,491.164617588161,2.94500110907049
280.050995985955,28.0519682487391,4.04857704003047
534.409068370551,393.414447378154,3.35377605301861
81.8279318147452,76.0472324719539,5.26673691476984
3.89013583087736,76.7847912976744,3.3748290212826
586.686677497737,225.207372207283,4.01870513660657
442.392890044549,462.037438433522,4.84208807657962
659.678316715344,373.329814887805,2.86469633628042
108.779644918183,485.106829621018,4.35956462772393
624.997895868778,88.7038123521199,4.13475630455736
420.544122035371,258.94771953791,3.57193772364149
10.7446632120613,179.124564147905,3.15464702289024
64.7146173652125,124.824772429544,4.45933418305182
602.226489445538,207.818420205923,4.28905538567023
257.227533012172,212.796340297649,3.89062411860001
569.418186283661,429.089314219466,3.96620632520596
301.766949643597,137.682182725901,3.86256775261979
525.140329763901,454.437642124194,3.77468029378638
40.5459505606461,417.820634212177,3.9265331064091
199.275231235068,281.032553190114,3.62968423432132
553.898654670496,261.453781412892,4.04735617552155
173.896254243234,11.8766686664338,4.36587683230804
499.608734655081,336.753578380415,4.56576655937759
35.8406953941545,52.2094608838523,3.93624372503408
525.223909705082,154.051392205852,4.5342699886186
NA,NA,NA
662.217079463207,334.133940726329,3.55007830463801
454.637087672832,298.798586472712,3.54321048280086
9.35516144535791,494.851656353709,3.6469440862733
555.826981013228,52.3109560218248,4.30194515379782
74.1164438916333,371.617454193901,3.95967611545923
226.055959686356,415.416075018107,3.923336853582
428.528611924637,14.2718853640199,3.26358677709572
364.26880202623,291.954953258881,3.12281875385741
607.313411714681,110.203922851012,4.31587423458311
391.334518317552,232.194728407792,4.14455803315438
568.404701008229,413.945321361269,4.76269097225205
139.971910779698,279.005937378939,4.49398554743842
199.983875151119,371.897348327948,3.99767214996202
126.980470320977,411.338539390337,3.43476094097799
626.73943387752,309.221973906561,4.5725687804921
1.26709656725812,147.222728351891,4.2141969327712
548.582148908805,204.854455727158,4.10314957739103
32.6841661013688,491.164617588161,2.94500110907049
280.050995985955,28.0519682487391,4.04857704003047
534.409068370551,393.414447378154,3.35377605301861
81.8279318147452,76.0472324719539,5.26673691476984
3.89013583087736,76.7847912976744,3.3748290212826
586.686677497737,225.207372207283,4.01870513660657
442.392890044549,462.037438433522,4.84208807657962
659.678316715344,373.329814887805,2.86469633628042
108.779644918183,485.106829621018,4.35956462772393
624.997895868778,88.7038123521199,4.13475630455736
420.544122035371,258.94771953791,3.57193772364149
10.7446632120613,179.124564147905,3.15464702289024
64.7146173652125,124.824772429544,4.45933418305182
602.226489445538,207.818420205923,4.28905538567023
257.227533012172,212.796340297649,3.89062411860001
569.418186283661,429.089314219466,3.96620632520596
301.766949643597,137.682182725901,3.86256775261979
525.140329763901,454.437642124194,3.77468029378638
40.5459505606461,417.820634212177,3.9265331064091
199.275231235068,281.032553190114,3.62968423432132
553.898654670496,261.453781412892,4.04735617552155
173.896254243234,11.8766686664338,4.36587683230804
499.608734655081,336.753578380415,4.56576655937759
35.8406953941545,52.2094608838523,3.93624372503408
525.223909705082,154.051392205852,4.5342699886186
NA,NA,NA
662.217079463207,334.133940726329,3.55007830463801
454.637087672832,298.798586472712,3.54321048280086
9.35516144535791,494.851656353709,3.6469440862733
555.826981013228,52.3109560218248,4.30194515379782
74.1164438916333,371.617454193901,3.95967611545923
226.055959686356,415.416075018107,3.923336853582
428.528611924637,14.2718853640199,3.26358677709572
364.26880202623,291.954953258881,3.12281875385741
607.313411714681,110.203922851012,4.31587423458311
391.334518317552,232.194728407792,4.14455803315438
568.404701008229,413.945321361269,4.76269097225205
139.971910779698,279.005937378939,4.49398554743842
199.983875151119,371.897348327948,3.99767214996202
126.980470320977,411.338539390337,3.43476094097799
626.73943387752,309.221973906561,4.5725687804921
1.26709656725812,147.222728351891,4.2141969327712
548.582148908805,204.854455727158,4.10314957739103
32.6841661013688,491.164617588161,2.94500110907049
280.050995985955,28.0519682487391,4.04857704003047
534.409068370551,393.414447378154,3.35377605301861
81.8279318147452,76.0472324719539,5.26673691476984
3.89013583087736,76.7847912976744,3.3748290212826
586.686677497737,225.207372207283,4.01870513660657
442.392890044549,462.037438433522,4.84208807657962
659.678316715344,373.329814887805,2.86469633628042
108.779644918183,485.106829621018,4.35956462772393
624.997895868778,88.7038123521199,4.13475630455736
420.544122035371,258.94771953791,3.57193772364149
10.7446632120613,179.124564147905,3.15464702289024
64.7146173652125,124.824772429544,4.45933418305182
602.226489445538,207.818420205923,4.28905538567023
257.227533012172,212.796340297649,3.89062411860001
569.418186283661,429.089314219466,3.96620632520596
301.766949643597,137.682182725901,3.86256775261979
525.140329763901,454.437642124194,3.77468029378638
40.5459505606461,417.820634212177,3.9265331064091
199.275231235068,281.032553190114,3.62968423432132
553.898654670496,261.453781412892,4.04735617552155
173.896254243234,11.8766686664338,4.36587683230804
499.608734655081,336.753578380415,4.56576655937759
35.8406953941545,52.2094608838523,3.93624372503408
525.223909705082,154.051392205852,4.5342699886186
NA,NA,NA
662.217079463207,334.133940726329,3.55007830463801
454.637087672832,298.798586472712,3.54321048280086
9.35516144535791,494.851656353709,3.6469440862733
555.826981013228,52.3109560218248,4.30194515379782
74.1164438916333,371.617454193901,3.95967611545923
226.055959686356,415.416075018107,3.923336853582
428.528611924637,14.2718853640199,3.26358677709572
364.26880202623,291.954953258881,3.12281875385741
607.313411714681,110.203922851012,4.31587423458311
391.334518317552,232.194728407792,4.14455803315438
568.404701008229,413.945321361269,4.76269097225205
139.971910779698,279.005937378939,4.49398554743842
199.983875151119,371.897348327948,3.99767214996202
126.980470320977,411.338539390337,3.43476094097799
626.73943387752,309.221973906561,4.5725687804921
1.26709656725812,147.222728351891,4.2141969327712
548.582148908805,204.854455727158,4.10314957739103
32.6841661013688,491.164617588161,2.94500110907049
280.050995985955,28.0519682487391,4.04857704003047
534.409068370551,393.414447378154,3.35377605301861
81.8279318147452,76.0472324719539,5.26673691476984
3.89013583087736,76.7847912976744,3.3748290212826
586.686677497737,225.207372207283,4.01870513660657
442.392890044549,462.037438433522,4.84208807657962
659.678316715344,373.329814887805,2.86469633628042
108.779644918183,485.106829621018,4.35956462772393
624.997895868778,88.7038123521199,4.13475630455736
420.544122035371,258.94771953791,3.57193772364149
10.7446632120613,179.124564147905,3.15464702289024
64.7146173652125,124.824772429544,4.45933418305182
602.226489445538,207.818420205923,4.28905538567023
257.227533012172,212.796340297649,3.89062411860001
569.418186283661,429.089314219466,3.96620632520596
301.766949643597,137.682182725901,3.86256775261979
525.140329763901,454.437642124194,3.77468029378638
40.5459505606461,417.820634212177,3.9265331064091
199.275231235068,281.032553190114,3.62968423432132
553.898654670496,261.453781412892,4.04735617552155
173.896254243234,11.8766686664338,4.36587683230804
499.608734655081,336.753578380415,4.56576655937759
35.8406953941545,52.2094608838523,3.93624372503408
525.223909705082,154.051392205852,4.5342699886186
NA,NA,NA
663.84685297596,336.627055237712,3.55086630306897
456.853295387798,297.986156643686,3.52236253541222
13.9824301927532,495.41350593922,3.61907958143523
564.610889291996,55.2129409235069,4.17829449282694
69.4809884719283,372.101345072041,4.05977437199912
230.704986934579,415.595599686927,3.78564672807226
431.10171891285,11.2718461605364,3.34539123256925
362.117008173268,293.479211291307,3.03484133035624
605.429371872167,107.847552296681,4.1896660014411
393.221669716007,227.582667310856,4.26070345700836
571.787951233838,410.017631499565,4.78771702552321
141.169501368491,285.611405524016,4.6504397317646
198.801364403527,366.67249804867,3.96083051493092
125.836156070521,410.096177789807,3.47295589481196
629.390673697025,316.010371325526,4.6350019000819
1.58049333938937,146.70811815281,4.19954476265559
544.505015619955,200.458600283031,4.16892220255599
34.5430689883126,491.792319882575,3.13222307221719
275.923213529047,23.1508484878619,3.56376541984196
532.259230065514,392.923601901285,3.3658115380535
66.9098930809242,82.8025458099227,5.25384272327581
3.53291870318244,74.5156563179712,3.42204064014826
587.841172195511,226.819512402702,3.9864794128469
440.562178903747,459.117440794574,4.79256353332905
658.227784844171,374.608708228694,3.08330623554703
109.692229964397,485.415828030067,4.18929908447691
627.554056401384,93.7253496763757,4.10525887600807
419.998323217227,258.057801098516,3.62506590624944
11.8574839195762,181.059266600388,3.34046478289814
63.8496279242622,121.914945381115,4.30904730402084
613.997052825689,208.425860567855,4.36885850466142
240.963895053834,211.470834661584,3.65051500388615
574.358944410654,442.630342125688,3.89858974141077
298.618879627509,139.14959166156,3.88088346005584
532.26494991463,449.120881741291,3.96215156668098
36.7496706940704,397.121982348432,4.08221781600399
193.715253411036,280.266545153686,4.59768607564154
565.474512764987,269.429038909641,3.96663325793837
171.3298500627,37.9245611268762,4.28522321151102
506.647219568855,348.119569620916,4.58712632794428
33.1931217681387,48.0399019276176,4.21608173548006
522.970250623537,143.620713199973,4.56887466423303
NA,NA,NA
663.84685297596,336.627055237712,3.55086630306897
456.853295387798,297.986156643686,3.52236253541222
13.9824301927532,495.41350593922,3.61907958143523
564.610889291996,55.2129409235069,4.17829449282694
69.4809884719283,372.101345072041,4.05977437199912
230.704986934579,415.595599686927,3.78564672807226
431.10171891285,11.2718461605364,3.34539123256925
362.117008173268,293.479211291307,3.03484133035624
605.429371872167,107.847552296681,4.1896660014411
393.221669716007,227.582667310856,4.26070345700836
571.787951233838,410.017631499565,4.78771702552321
141.169501368491,285.611405524016,4.6504397317646
198.801364403527,366.67249804867,3.96083051493092
125.836156070521,410.096177789807,3.47295589481196
629.390673697025,316.010371325526,4.6350019000819
1.58049333938937,146.70811815281,4.19954476265559
544.505015619955,200.458600283031,4.16892220255599
34.5430689883126,491.792319882575,3.13222307221719
275.923213529047,23.1508484878619,3.56376541984196
532.259230065514,392.923601901285,3.3658115380535
66.9098930809242,82.8025458099227,5.25384272327581
3.53291870318244,74.5156563179712,3.42204064014826
587.841172195511,226.819512402702,3.9864794128469
440.562178903747,459.117440794574,4.79256353332905
658.227784844171,374.608708228694,3.08330623554703
109.692229964397,485.415828030067,4.18929908447691
627.554056401384,93.7253496763757,4.10525887600807
419.998323217227,258.057801098516,3.62506590624944
11.8574839195762,181.059266600388,3.34046478289814
63.8496279242622,121.914945381115,4.30904730402084
613.997052825689,208.425860567855,4.36885850466142
240.963895053834,211.470834661584,3.65051500388615
574.358944410654,442.630342125688,3.89858974141077
298.618879627509,139.14959166156,3.88088346005584
532.26494991463,449.120881741291,3.96215156668098
36.7496706940704,397.121982348432,4.08221781600399
193.715253411036,280.266545153686,4.59768607564154
565.474512764987,269.429038909641,3.96663325793837
171.3298500627,37.9245611268762,4.28522321151102
506.647219568855,348.119569620916,4.58712632794428
33.1931217681387,48.0399019276176,4.21608173548006
522.970250623537,143.620713199973,4.56887466423303
NA,NA,NA
663.84685297596,336.627055237712,3.55086630306897
456.853295387798,297.986156643686,3.52236253541222
13.9824301927532,495.41350593922,3.61907958143523
564.610889291996,55.2129409235069,4.17829449282694
69.4809884719283,372.101345072041,4.05977437199912
230.704986934579,415.595599686927,3.78564672807226
431.10171891285,11.2718461605364,3.34539123256925
362.117008173268,293.479211291307,3.03484133035624
605.429371872167,107.847552296681,4.1896660014411
393.221669716007,227.582667310856,4.26070345700836
571.787951233838,410.017631499565,4.78771702552321
141.169501368491,285.611405524016,4.6504397317646
198.801364403527,366.67249804867,3.96083051493092
125.836156070521,410.096177789807,3.47295589481196
629.390673697025,316.010371325526,4.6350019000819
1.58049333938937,146.70811815281,4.19954476265559
544.505015619955,200.458600283031,4.16892220255599
34.5430689883126,491.792319882575,3.13222307221719
275.923213529047,23.1508484878619,3.56376541984196
532.259230065514,392.923601901285,3.3658115380535
66.9098930809242,82.8025458099227,5.25384272327581
3.53291870318244,74.5156563179712,3.42204064014826
587.841172195511,226.819512402702,3.9864794128469
440.562178903747,459.117440794574,4.79256353332905
658.227784844171,374.608708228694,3.08330623554703
109.692229964397,485.415828030067,4.18929908447691
627.554056401384,93.7253496763757,4.10525887600807
419.998323217227,258.057801098516,3.62506590624944
11.8574839195762,181.059266600388,3.34046478289814
63.8496279242622,121.914945381115,4.30904730402084
613.997052825689,208.425860567855,4.36885850466142
240.963895053834,211.470834661584,3.65051500388615
574.358944410654,442.630342125688,3.89858974141077
298.618879627509,139.14959166156,3.88088346005584
532.26494991463,449.120881741291,3.96215156668098
36.7496706940704,397.121982348432,4.08221781600399
193.715253411036,280.266545153686,4.59768607564154
565.474512764987,269.429038909641,3.96663325793837
171.3298500627,37.9245611268762,4.28522321151102
506.647219568855,348.119569620916,4.58712632794428
33.1931217681387,48.0399019276176,4.21608173548006
522.970250623537,143.620713199973,4.56887466423303
NA,NA,NA
663.84685297596,336.627055237712,3.55086630306897
456.853295387798,297.986156643686,3.52236253541222
13.9824301927532,495.41350593922,3.61907958143523
564.610889291996,55.2129409235069,4.17829449282694
69.4809884719283,372.101345072041,4.05977437199912
230.704986934579,415.595599686927,3.78564672807226
431.10171891285,11.2718461605364,3.34539123256925
362.117008173268,293.479211291307,3.03484133035624
605.429371872167,107.847552296681,4.1896660014411
393.221669716007,227.582667310856,4.26070345700836
571.787951233838,410.017631499565,4.78771702552321
141.169501368491,285.611405524016,4.6504397317646
198.801364403527,366.67249804867,3.96083051493092
125.836156070521,410.096177789807,3.47295589481196
629.390673697025,316.010371325526,4.6350019000819
1.58049333938937,146.70811815281,4.19954476265559
544.505015619955,200.458600283031,4.16892220255599
34.5430689883126,491.792319882575,3.13222307221719
275.923213529047,23.1508484878619,3.56376541984196
532.259230065514,392.923601901285,3.3658115380535
66.9098930809242,82.8025458099227,5.25384272327581
3.53291870318244,74.5156563179712,3.42204064014826
587.841172195511,226.819512402702,3.9864794128469
440.562178903747,459.117440794574,4.79256353332905
658.227784844171,374.608708228694,3.08330623554703
109.692229964397,485.415828030067,4.18929908447691
627.554056401384,93.7253496763757,4.10525887600807
419.998323217227,258.057801098516,3.62506590624944
11.8574839195762,181.059266600388,3.34046478289814
63.8496279242622,121.914945381115,4.30904730402084
613.997052825689,208.425860567855,4.36885850466142
240.963895053834,211.470834661584,3.65051500388615
574.358944410654,442.630342125688,3.89858974141077
298.618879627509,139.14959166156,3.88088346005584
532.26494991463,449.120881741291,3.96215156668098
36.7496706940704,397.121982348432,4.08221781600399
193.715253411036,280.266545153686,4.59768607564154
565.474512764987,269.429038909641,3.96663325793837
171.3298500627,37.9245611268762,4.28522321151102
506.647219568855,348.119569620916,4.58712632794428
33.1931217681387,48.0399019276176,4.21608173548006
522.970250623537,143.620713199973,4.56887466423303
NA,NA,NA
663.84685297596,336.627055237712,3.55086630306897
456.853295387798,297.986156643686,3.52236253541222
13.9824301927532,495.41350593922,3.61907958143523
564.610889291996,55.2129409235069,4.17829449282694
69.4809884719283,372.101345072041,4.05977437199912
230.704986934579,415.595599686927,3.78564672807226
431.10171891285,11.2718461605364,3.34539123256925
362.117008173268,293.479211291307,3.03484133035624
605.429371872167,107.847552296681,4.1896660014411
393.221669716007,227.582667310856,4.26070345700836
571.787951233838,410.017631499565,4.78771702552321
141.169501368491,285.611405524016,4.6504397317646
198.801364403527,366.67249804867,3.96083051493092
125.836156070521,410.096177789807,3.47295589481196
629.390673697025,316.010371325526,4.6350019000819
1.58049333938937,146.70811815281,4.19954476265559
544.505015619955,200.458600283031,4.16892220255599
34.5430689883126,491.792319882575,3.13222307221719
275.923213529047,23.1508484878619,3.56376541984196
532.259230065514,392.923601901285,3.3658115380535
66.9098930809242,82.8025458099227,5.25384272327581
3.53291870318244,74.5156563179712,3.42204064014826
587.841172195511,226.819512402702,3.9864794128469
440.562178903747,459.117440794574,4.79256353332905
658.227784844171,374.608708228694,3.08330623554703
109.692229964397,485.415828030067,4.18929908447691
627.554056401384,93.7253496763757,4.10525887600807
419.998323217227,258.057801098516,3.62506590624944
11.8574839195762,181.059266600388,3.34046478289814
63.8496279242622,121.914945381115,4.30904730402084
613.997052825689,208.425860567855,4.36885850466142
240.963895053834,211.470834661584,3.65051500388615
574.358944410654,442.630342125688,3.89858974141077
298.618879627509,139.14959166156,3.88088346005584
532.26494991463,449.120881741291,3.96215156668098
36.7496706940704,397.121982348432,4.08221781600399
193.715253411036,280.266545153686,4.59768607564154
565.474512764987,269.429038909641,3.96663325793837
171.3298500627,37.9245611268762,4.28522321151102
506.647219568855,348.119569620916,4.58712632794428
33.1931217681387,48.0399019276176,4.21608173548006
522.970250623537,143.620713199973,4.56887466423303
NA,NA,NA
663.84685297596,336.627055237712,3.55086630306897
456.853295387798,297.986156643686,3.52236253541222
13.9824301927532,495.41350593922,3.61907958143523
564.610889291996,55.2129409235069,4.17829449282694
69.4809884719283,372.101345072041,4.05977437199912
230.704986934579,415.595599686927,3.78564672807226
431.10171891285,11.2718461605364,3.34539123256925
362.117008173268,293.479211291307,3.03484133035624
605.429371872167,107.847552296681,4.1896660014411
393.221669716007,227.582667310856,4.26070345700836
571.787951233838,410.017631499565,4.78771702552321
141.169501368491,285.611405524016,4.6504397317646
198.801364403527,366.67249804867,3.96083051493092
125.836156070521,410.096177789807,3.47295589481196
629.390673697025,316.010371325526,4.6350019000819
1.58049333938937,146.70811815281,4.19954476265559
544.505015619955,200.458600283031,4.16892220255599
34.5430689883126,491.792319882575,3.13222307221719
275.923213529047,23.1508484878619,3.56376541984196
532.259230065514,392.923601901285,3.3658115380535
66.9098930809242,82.8025458099227,5.25384272327581
3.53291870318244,74.5156563179712,3.42204064014826
587.841172195511,226.819512402702,3.9864794128469
440.562178903747,459.117440794574,4.79256353332905
658.227784844171,374.608708228694,3.08330623554703
109.692229964397,485.415828030067,4.18929908447691
627.554056401384,93.7253496763757,4.10525887600807
419.998323217227,258.057801098516,3.62506590624944
11.8574839195762,181.059266600388,3.34046478289814
63.8496279242622,121.914945381115,4.30904730402084
613.997052825689,208.425860567855,4.36885850466142
240.963895053834,211.470834661584,3.65051500388615
574.358944410654,442.630342125688,3.89858974141077
298.618879627509,139.14959166156,3.88088346005584
532.26494991463,449.120881741291,3.96215156668098
36.7496706940704,397.121982348432,4.08221781600399
193.715253411036,280.266545153686,4.59768607564154
565.474512764987,269.429038909641,3.96663325793837
171.3298500627,37.9245611268762,4.28522321151102
506.647219568855,348.119569620916,4.58712632794428
33.1931217681387,48.0399019276176,4.21608173548006
522.970250623537,143.620713199973,4.56887466423303
NA,NA,NA
659.007341709446,337.96428625508,3.64407467208878
456.066632093024,294.23327771583,3.49596032432012
11.9021820187531,490.00774870337,3.412654609504
560.29550503972,46.0476804148349,4.21440865222036
71.0176230465614,374.114005058321,3.9308565583284
228.291375149903,410.378470142373,3.87799240727565
427.885386998413,12.0231982479948,3.40742521851679
362.521900183665,292.985688040636,2.95606256575036
601.682540788211,104.765526563927,4.37449002845871
394.657159609486,231.325698991698,4.2659045930889
570.180323020122,406.766200168586,4.77034130643177
138.906719568825,279.405114081449,4.54527416499739
201.545397007354,372.635706578135,4.00005346186465
123.707401548497,413.459622298279,3.35810025617179
624.040873328414,312.710498633526,4.62420796519598
0.206345802413846,148.61657180126,4.25496076713379
541.761991701739,200.249016472224,3.90619809396983
34.3060064545549,490.51837056964,2.82028482301329
278.135015970848,20.6275902249391,3.82937931409267
534.271717874873,394.285822599657,3.41151682235423
78.4137667352073,68.7828297132877,5.16486792892606
6.65765176215276,74.8607700615797,3.4582096414579
589.080221405734,228.320548019501,3.95478632480988
438.352500779414,462.738293475927,4.79213925671592
659.163534075798,371.298764214882,2.76972345831854
106.046375128084,492.213526960663,4.4707127525112
621.273515399092,91.6003248890622,4.00961290551851
420.702565367616,261.087323839526,3.57313771311109
13.8278082083469,181.097079933992,3.1338468765006
56.3144709747504,112.54853425189,4.45262434259544
608.97837314429,202.736093930492,4.31529750492977
259.626366739169,215.536836304339,4.12103230797857
578.897926001719,437.135393957887,3.74393016870158
303.63176118821,133.517523562812,3.77400813364061
525.495135734898,460.091573037899,3.65471902736906
35.3103060879247,427.470919611781,4.04723162891669
200.574916282046,292.897412545946,3.71782455746596
554.69639957398,269.688212833362,3.3485615928364
172.406124438415,31.015434029011,4.31490581291979
505.515898022499,335.313642516587,4.66441104125751
42.7728141993398,55.0048759472107,4.09503154536028
533.168779874584,149.37856172561,4.33060737674994
NA,NA,NA
659.007341709446,337.96428625508,3.64407467208878
456.066632093024,294.23327771583,3.49596032432012
11.9021820187531,490.00774870337,3.412654609504
560.29550503972,46.0476804148349,4.21440865222036
71.0176230465614,374.114005058321,3.9308565583284
228.291375149903,410.378470142373,3.87799240727565
427.885386998413,12.0231982479948,3.40742521851679
362.521900183665,292.985688040636,2.95606256575036
601.682540788211,104.765526563927,4.37449002845871
394.657159609486,231.325698991698,4.2659045930889
570.180323020122,406.766200168586,4.77034130643177
138.906719568825,279.405114081449,4.54527416499739
201.545397007354,372.635706578135,4.00005346186465
123.707401548497,413.459622298279,3.35810025617179
624.040873328414,312.710498633526,4.62420796519598
0.206345802413846,148.61657180126,4.25496076713379
541.761991701739,200.249016472224,3.90619809396983
34.3060064545549,490.51837056964,2.82028482301329
278.135015970848,20.6275902249391,3.82937931409267
534.271717874873,394.285822599657,3.41151682235423
78.4137667352073,68.7828297132877,5.16486792892606
6.65765176215276,74.8607700615797,3.4582096414579
589.080221405734,228.320548019501,3.95478632480988
438.352500779414,462.738293475927,4.79213925671592
659.163534075798,371.298764214882,2.76972345831854
106.046375128084,492.213526960663,4.4707127525112
621.273515399092,91.6003248890622,4.00961290551851
420.702565367616,261.087323839526,3.57313771311109
13.8278082083469,181.097079933992,3.1338468765006
56.3144709747504,112.54853425189,4.45262434259544
608.97837314429,202.736093930492,4.31529750492977
259.626366739169,215.536836304339,4.12103230797857
578.897926001719,437.135393957887,3.74393016870158
303.63176118821,133.517523562812,3.77400813364061
525.495135734898,460.091573037899,3.65471902736906
35.3103060879247,427.470919611781,4.04723162891669
200.574916282046,292.897412545946,3.71782455746596
554.69639957398,269.688212833362,3.3485615928364
172.406124438415,31.015434029011,4.31490581291979
505.515898022499,335.313642516587,4.66441104125751
42.7728141993398,55.0048759472107,4.09503154536028
533.168779874584,149.37856172561,4.33060737674994
NA,NA,NA
659.007341709446,337.96428625508,3.64407467208878
456.066632093024,294.23327771583,3.49596032432012
11.9021820187531,490.00774870337,3.412654609504
560.29550503972,46.0476804148349,4.21440865222036
71.0176230465614,374.114005058321,3.9308565583284
228.291375149903,410.378470142373,3.87799240727565
427.885386998413,12.0231982479948,3.40742521851679
362.521900183665,292.985688040636,2.95606256575036
601.682540788211,104.765526563927,4.37449002845871
394.657159609486,231.325698991698,4.2659045930889
570.180323020122,406.766200168586,4.77034130643177
138.906719568825,279.405114081449,4.54527416499739
201.545397007354,372.635706578135,4.00005346186465
123.707401548497,413.459622298279,3.35810025617179
624.040873328414,312.710498633526,4.62420796519598
0.206345802413846,148.61657180126,4.25496076713379
541.761991701739,200.249016472224,3.90619809396983
34.3060064545549,490.51837056964,2.82028482301329
278.135015970848,20.6275902249391,3.82937931409267
534.271717874873,394.285822599657,3.41151682235423
78.4137667352073,68.7828297132877,5.16486792892606
6.65765176215276,74.8607700615797,3.4582096414579
589.080221405734,228.320548019501,3.95478632480988
438.352500779414,462.738293475927,4.79213925671592
659.163534075798,371.298764214882,2.76972345831854
106.046375128084,492.213526960663,4.4707127525112
621.273515399092,91.6003248890622,4.00961290551851
420.702565367616,261.087323839526,3.57313771311109
13.8278082083469,181.097079933992,3.1338468765006
56.3144709747504,112.54853425189,4.45262434259544
608.97837314429,202.736093930492,4.31529750492977
259.626366739169,215.536836304339,4.12103230797857
578.897926001719,437.135393957887,3.74393016870158
303.63176118821,133.517523562812,3.77400813364061
525.495135734898,460.091573037899,3.65471902736906
35.3103060879247,427.470919611781,4.04723162891669
200.574916282046,292.897412545946,3.71782455746596
554.69639957398,269.688212833362,3.3485615928364
172.406124438415,31.015434029011,4.31490581291979
505.515898022499,335.313642516587,4.66441104125751
42.7728141993398,55.0048759472107,4.09503154536028
533.168779874584,149.37856172561,4.33060737674994
NA,NA,NA
659.007341709446,337.96428625508,3.64407467208878
456.066632093024,294.23327771583,3.49596032432012
11.9021820187531,490.00774870337,3.412654609504
560.29550503972,46.0476804148349,4.21440865222036
71.0176230465614,374.114005058321,3.9308565583284
228.291375149903,410.378470142373,3.87799240727565
427.885386998413,12.0231982479948,3.40742521851679
362.521900183665,292.985688040636,2.95606256575036
601.682540788211,104.765526563927,4.37449002845871
394.657159609486,231.325698991698,4.2659045930889
570.180323020122,406.766200168586,4.77034130643177
138.906719568825,279.405114081449,4.54527416499739
201.545397007354,372.635706578135,4.00005346186465
123.707401548497,413.459622298279,3.35810025617179
624.040873328414,312.710498633526,4.62420796519598
0.206345802413846,148.61657180126,4.25496076713379
541.761991701739,200.249016472224,3.90619809396983
34.3060064545549,490.51837056964,2.82028482301329
278.135015970848,20.6275902249391,3.82937931409267
534.271717874873,394.285822599657,3.41151682235423
78.4137667352073,68.7828297132877,5.16486792892606
6.65765176215276,74.8607700615797,3.4582096414579
589.080221405734,228.320548019501,3.95478632480988
438.352500779414,462.738293475927,4.79213925671592
659.163534075798,371.298764214882,2.76972345831854
106.046375128084,492.213526960663,4.4707127525112
621.273515399092,91.6003248890622,4.00961290551851
420.702565367616,261.087323839526,3.57313771311109
13.8278082083469,181.097079933992,3.1338468765006
56.3144709747504,112.54853425189,4.45262434259544
608.97837314429,202.736093930492,4.31529750492977
259.626366739169,215.536836304339,4.12103230797857
578.897926001719,437.135393957887,3.74393016870158
303.63176118821,133.517523562812,3.77400813364061
525.495135734898,460.091573037899,3.65471902736906
35.3103060879247,427.470919611781,4.04723162891669
200.574916282046,292.897412545946,3.71782455746596
554.69639957398,269.688212833362,3.3485615928364
172.406124438415,31.015434029011,4.31490581291979
505.515898022499,335.313642516587,4.66441104125751
42.7728141993398,55.0048759472107,4.09503154536028
533.168779874584,149.37856172561,4.33060737674994
NA,NA,NA
659.007341709446,337.96428625508,3.64407467208878
456.066632093024,294.23327771583,3.49596032432012
11.9021820187531,490.00774870337,3.412654609504
560.29550503972,46.0476804148349,4.21440865222036
71.0176230465614,374.114005058321,3.9308565583284
228.291375149903,410.378470142373,3.87799240727565
427.885386998413,12.0231982479948,3.40742521851679
362.521900183665,292.985688040636,2.95606256575036
601.682540788211,104.765526563927,4.37449002845871
394.657159609486,231.325698991698,4.2659045930889
570.180323020122,406.766200168586,4.77034130643177
138.906719568825,279.405114081449,4.54527416499739
201.545397007354,372.635706578135,4.00005346186465
123.707401548497,413.459622298279,3.35810025617179
624.040873328414,312.710498633526,4.62420796519598
0.206345802413846,148.61657180126,4.25496076713379
541.761991701739,200.249016472224,3.90619809396983
34.3060064545549,490.51837056964,2.82028482301329
278.135015970848,20.6275902249391,3.82937931409267
534.271717874873,394.285822599657,3.41151682235423
78.4137667352073,68.7828297132877,5.16486792892606
6.65765176215276,74.8607700615797,3.4582096414579
589.080221405734,228.320548019501,3.95478632480988
438.352500779414,462.738293475927,4.79213925671592
659.163534075798,371.298764214882,2.76972345831854
106.046375128084,492.213526960663,4.4707127525112
621.273515399092,91.6003248890622,4.00961290551851
420.702565367616,261.087323839526,3.57313771311109
13.8278082083469,181.097079933992,3.1338468765006
56.3144709747504,112.54853425189,4.45262434259544
608.97837314429,202.736093930492,4.31529750492977
259.626366739169,215.536836304339,4.12103230797857
578.897926001719,437.135393957887,3.74393016870158
303.63176118821,133.517523562812,3.77400813364061
525.495135734898,460.091573037899,3.65471902736906
35.3103060879247,427.470919611781,4.04723162891669
200.574916282046,292.897412545946,3.71782455746596
554.69639957398,269.688212833362,3.3485615928364
172.406124438415,31.015434029011,4.31490581291979
505.515898022499,335.313642516587,4.66441104125751
42.7728141993398,55.0048759472107,4.09503154536028
533.168779874584,149.37856172561,4.33060737674994
NA,NA,NA
659.007341709446,337.96428625508,3.64407467208878
456.066632093024,294.23327771583,3.49596032432012
11.9021820187531,490.00774870337,3.412654609504
560.29550503972,46.0476804148349,4.21440865222036
71.0176230465614,374.114005058321,3.9308565583284
228.291375149903,410.378470142373,3.87799240727565
427.885386998413,12.0231982479948,3.40742521851679
362.521900183665,292.985688040636,2.95606256575036
601.682540788211,104.765526563927,4.37449002845871
394.657159609486,231.325698991698,4.2659045930889
570.180323020122,406.766200168586,4.77034130643177
138.906719568825,279.405114081449,4.54527416499739
201.545397007354,372.635706578135,4.00005346186465
123.707401548497,413.459622298279,3.35810025617179
624.040873328414,312.710498633526,4.62420796519598
0.206345802413846,148.61657180126,4.25496076713379
541.761991701739,200.249016472224,3.90619809396983
34.3060064545549,490.51837056964,2.82028482301329
278.135015970848,20.6275902249391,3.82937931409267
534.271717874873,394.285822599657,3.41151682235423
78.4137667352073,68.7828297132877,5.16486792892606
6.65765176215276,74.8607700615797,3.4582096414579
589.080221405734,228.320548019501,3.95478632480988
438.352500779414,462.738293475927,4.79213925671592
659.163534075798,371.298764214882,2.76972345831854
106.046375128084,492.213526960663,4.4707127525112
621.273515399092,91.6003248890622,4.00961290551851
420.702565367616,261.087323839526,3.57313771311109
13.8278082083469,181.097079933992,3.1338468765006
56.3144709747504,112.54853425189,4.45262434259544
608.97837314429,202.736093930492,4.31529750492977
259.626366739169,215.536836304339,4.12103230797857
578.897926001719,437.135393957887,3.74393016870158
303.63176118821,133.517523562812,3.77400813364061
525.495135734898,460.091573037899,3.65471902736906
35.3103060879247,427.470919611781,4.04723162891669
200.574916282046,292.897412545946,3.71782455746596
554.69639957398,269.688212833362,3.3485615928364
172.406124438415,31.015434029011,4.31490581291979
505.515898022499,335.313642516587,4.66441104125751
42.7728141993398,55.0048759472107,4.09503154536028
533.168779874584,149.37856172561,4.33060737674994
NA,NA,NA
664.839496589776,334.276922108853,3.32639366137851
457.348216905493,298.260137851889,3.68173974186351
9.51646724229943,493.024398945908,3.63105598054123
564.750138446554,50.5721356712557,4.24536354235775
72.6699260381248,377.560441704567,3.98300701667066
223.746434127135,413.068083630771,3.82037776056021
428.189803853315,14.3724331209393,3.1578513207727
364.25055696553,293.865169431528,3.10851899910414
604.685390848111,102.394632411193,4.19337650862562
390.930761903345,227.07227423079,4.2052379179853
563.526887630122,406.551024252279,4.67286821406974
150.167663866354,285.315151100564,4.42574915231793
198.788191306209,368.091717238977,3.96951215681345
127.030103232314,410.146524951519,3.55622710245293
625.781662950049,314.814410173861,4.58504631071474
1.88274777627583,149.771894040748,4.21007214407266
541.596543216781,201.566222733789,4.43207236215497
34.3589394106445,491.388477524962,3.01930477105155
277.307912131235,20.5579943732243,3.87519618154712
536.342181702593,392.104197715291,3.45788819631372
74.3050843588246,88.8249267705059,5.28020402559424
2.73838933672299,77.5474522615233,3.33028836737379
590.244734642812,227.006912160928,4.03617651078795
442.974541615676,465.654315046363,4.78774051716574
659.511716262456,374.628215548622,3.26446438198931
105.66760106307,490.433755211531,4.3707095064573
623.739519838344,88.559960902984,4.06564057015264
421.325847455432,261.342195785228,3.62661209638794
11.6059832528875,182.437561503071,3.4131792967397
67.6656698616341,118.993385052365,4.59938791601595
612.55250229759,216.305739962129,4.48763142157513
251.252043611659,231.792312801337,3.21905628570932
581.71106096113,436.891072190078,3.83516226314795
299.466095210966,138.090150791174,3.8119119535542
532.768381540451,466.117576584977,3.5871657324789
44.3283185950585,413.442957936969,4.03348735869208
201.345029018711,291.167022804686,3.93789541887271
552.759035583223,261.450195089357,3.89635362362811
178.356042664171,16.2783786956867,4.06881686393945
491.34684297193,348.11071427628,4.52907057301465
33.5540176753685,46.8946682629952,4.05538582978363
532.133839901867,149.573593800753,4.51460602174362
NA,NA,NA
664.839496589776,334.276922108853,3.32639366137851
457.348216905493,298.260137851889,3.68173974186351
9.51646724229943,493.024398945908,3.63105598054123
564.750138446554,50.5721356712557,4.24536354235775
72.6699260381248,377.560441704567,3.98300701667066
223.746434127135,413.068083630771,3.82037776056021
428.189803853315,14.3724331209393,3.1578513207727
364.25055696553,293.865169431528,3.10851899910414
604.685390848111,102.394632411193,4.19337650862562
390.930761903345,227.07227423079,4.2052379179853
563.526887630122,406.551024252279,4.67286821406974
150.167663866354,285.315151100564,4.42574915231793
198.788191306209,368.091717238977,3.96951215681345
127.030103232314,410.146524951519,3.55622710245293
625.781662950049,314.814410173861,4.58504631071474
1.88274777627583,149.771894040748,4.21007214407266
541.596543216781,201.566222733789,4.43207236215497
34.3589394106445,491.388477524962,3.01930477105155
277.307912131235,20.5579943732243,3.87519618154712
536.342181702593,392.104197715291,3.45788819631372
74.3050843588246,88.8249267705059,5.28020402559424
2.73838933672299,77.5474522615233,3.33028836737379
590.244734642812,227.006912160928,4.03617651078795
442.974541615676,465.654315046363,4.78774051716574
659.511716262456,374.628215548622,3.26446438198931
105.66760106307,490.433755211531,4.3707095064573
623.739519838344,88.559960902984,4.06564057015264
421.325847455432,261.342195785228,3.62661209638794
11.6059832528875,182.437561503071,3.4131792967397
67.6656698616341,118.993385052365,4.59938791601595
612.55250229759,216.305739962129,4.48763142157513
251.252043611659,231.792312801337,3.21905628570932
581.71106096113,436.891072190078,3.83516226314795
299.466095210966,138.090150791174,3.8119119535542
532.768381540451,466.117576584977,3.5871657324789
44.3283185950585,413.442957936969,4.03348735869208
201.345029018711,291.167022804686,3.93789541887271
552.759035583223,261.450195089357,3.89635362362811
178.356042664171,16.2783786956867,4.06881686393945
491.34684297193,348.11071427628,4.52907057301465
33.5540176753685,46.8946682629952,4.05538582978363
532.133839901867,149.573593800753,4.51460602174362
NA,NA,NA
664.839496589776,334.276922108853,3.32639366137851
457.348216905493,298.260137851889,3.68173974186351
9.51646724229943,493.024398945908,3.63105598054123
564.750138446554,50.5721356712557,4.24536354235775
72.6699260381248,377.560441704567,3.98300701667066
223.746434127135,413.068083630771,3.82037776056021
428.189803853315,14.3724331209393,3.1578513207727
364.25055696553,293.865169431528,3.10851899910414
604.685390848111,102.394632411193,4.19337650862562
390.930761903345,227.07227423079,4.2052379179853
563.526887630122,406.551024252279,4.67286821406974
150.167663866354,285.315151100564,4.42574915231793
198.788191306209,368.091717238977,3.96951215681345
127.030103232314,410.146524951519,3.55622710245293
625.781662950049,314.814410173861,4.58504631071474
1.88274777627583,149.771894040748,4.21007214407266
541.596543216781,201.566222733789,4.43207236215497
34.3589394106445,491.388477524962,3.01930477105155
277.307912131235,20.5579943732243,3.87519618154712
536.342181702593,392.104197715291,3.45788819631372
74.3050843588246,88.8249267705059,5.28020402559424
2.73838933672299,77.5474522615233,3.33028836737379
590.244734642812,227.006912160928,4.03617651078795
442.974541615676,465.654315046363,4.78774051716574
659.511716262456,374.628215548622,3.26446438198931
105.66760106307,490.433755211531,4.3707095064573
623.739519838344,88.559960902984,4.06564057015264
421.325847455432,261.342195785228,3.62661209638794
11.6059832528875,182.437561503071,3.4131792967397
67.6656698616341,118.993385052365,4.59938791601595
612.55250229759,216.305739962129,4.48763142157513
251.252043611659,231.792312801337,3.21905628570932
581.71106096113,436.891072190078,3.83516226314795
299.466095210966,138.090150791174,3.8119119535542
532.768381540451,466.117576584977,3.5871657324789
44.3283185950585,413.442957936969,4.03348735869208
201.345029018711,291.167022804686,3.93789541887271
552.759035583223,261.450195089357,3.89635362362811
178.356042664171,16.2783786956867,4.06881686393945
491.34684297193,348.11071427628,4.52907057301465
33.5540176753685,46.8946682629952,4.05538582978363
532.133839901867,149.573593800753,4.51460602174362
NA,NA,NA
664.839496589776,334.276922108853,3.32639366137851
457.348216905493,298.260137851889,3.68173974186351
9.51646724229943,493.024398945908,3.63105598054123
564.750138446554,50.5721356712557,4.24536354235775
72.6699260381248,377.560441704567,3.98300701667066
223.746434127135,413.068083630771,3.82037776056021
428.189803853315,14.3724331209393,3.1578513207727
364.25055696553,293.865169431528,3.10851899910414
604.685390848111,102.394632411193,4.19337650862562
390.930761903345,227.07227423079,4.2052379179853
563.526887630122,406.551024252279,4.67286821406974
150.167663866354,285.315151100564,4.42574915231793
198.788191306209,368.091717238977,3.96951215681345
127.030103232314,410.146524951519,3.55622710245293
625.781662950049,314.814410173861,4.58504631071474
1.88274777627583,149.771894040748,4.21007214407266
541.596543216781,201.566222733789,4.43207236215497
34.3589394106445,491.388477524962,3.01930477105155
277.307912131235,20.5579943732243,3.87519618154712
536.342181702593,392.104197715291,3.45788819631372
74.3050843588246,88.8249267705059,5.28020402559424
2.73838933672299,77.5474522615233,3.33028836737379
590.244734642812,227.006912160928,4.03617651078795
442.974541615676,465.654315046363,4.78774051716574
659.511716262456,374.628215548622,3.26446438198931
105.66760106307,490.433755211531,4.3707095064573
623.739519838344,88.559960902984,4.06564057015264
421.325847455432,261.342195785228,3.62661209638794
11.6059832528875,182.437561503071,3.4131792967397
67.6656698616341,118.993385052365,4.59938791601595
612.55250229759,216.305739962129,4.48763142157513
251.252043611659,231.792312801337,3.21905628570932
581.71106096113,436.891072190078,3.83516226314795
299.466095210966,138.090150791174,3.8119119535542
532.768381540451,466.117576584977,3.5871657324789
44.3283185950585,413.442957936969,4.03348735869208
201.345029018711,291.167022804686,3.93789541887271
552.759035583223,261.450195089357,3.89635362362811
178.356042664171,16.2783786956867,4.06881686393945
491.34684297193,348.11071427628,4.52907057301465
33.5540176753685,46.8946682629952,4.05538582978363
532.133839901867,149.573593800753,4.51460602174362
NA,NA,NA
664.839496589776,334.276922108853,3.32639366137851
457.348216905493,298.260137851889,3.68173974186351
9.51646724229943,493.024398945908,3.63105598054123
564.750138446554,50.5721356712557,4.24536354235775
72.6699260381248,377.560441704567,3.98300701667066
223.746434127135,413.068083630771,3.82037776056021
428.189803853315,14.3724331209393,3.1578513207727
364.25055696553,293.865169431528,3.10851899910414
604.685390848111,102.394632411193,4.19337650862562
390.930761903345,227.07227423079,4.2052379179853
563.526887630122,406.551024252279,4.67286821406974
150.167663866354,285.315151100564,4.42574915231793
198.788191306209,368.091717238977,3.96951215681345
127.030103232314,410.146524951519,3.55622710245293
625.781662950049,314.814410173861,4.58504631071474
1.88274777627583,149.771894040748,4.21007214407266
541.596543216781,201.566222733789,4.43207236215497
34.3589394106445,491.388477524962,3.01930477105155
277.307912131235,20.5579943732243,3.87519618154712
536.342181702593,392.104197715291,3.45788819631372
74.3050843588246,88.8249267705059,5.28020402559424
2.73838933672299,77.5474522615233,3.33028836737379
590.244734642812,227.006912160928,4.03617651078795
442.974541615676,465.654315046363,4.78774051716574
659.511716262456,374.628215548622,3.26446438198931
105.66760106307,490.433755211531,4.3707095064573
623.739519838344,88.559960902984,4.06564057015264
421.325847455432,261.342195785228,3.62661209638794
11.6059832528875,182.437561503071,3.4131792967397
67.6656698616341,118.993385052365,4.59938791601595
612.55250229759,216.305739962129,4.48763142157513
251.252043611659,231.792312801337,3.21905628570932
581.71106096113,436.891072190078,3.83516226314795
299.466095210966,138.090150791174,3.8119119535542
532.768381540451,466.117576584977,3.5871657324789
44.3283185950585,413.442957936969,4.03348735869208
201.345029018711,291.167022804686,3.93789541887271
552.759035583223,261.450195089357,3.89635362362811
178.356042664171,16.2783786956867,4.06881686393945
491.34684297193,348.11071427628,4.52907057301465
33.5540176753685,46.8946682629952,4.05538582978363
532.133839901867,149.573593800753,4.51460602174362
NA,NA,NA
664.839496589776,334.276922108853,3.32639366137851
457.348216905493,298.260137851889,3.68173974186351
9.51646724229943,493.024398945908,3.63105598054123
564.750138446554,50.5721356712557,4.24536354235775
72.6699260381248,377.560441704567,3.98300701667066
223.746434127135,413.068083630771,3.82037776056021
428.189803853315,14.3724331209393,3.1578513207727
364.25055696553,293.865169431528,3.10851899910414
604.685390848111,102.394632411193,4.19337650862562
390.930761903345,227.07227423079,4.2052379179853
563.526887630122,406.551024252279,4.67286821406974
150.167663866354,285.315151100564,4.42574915231793
198.788191306209,368.091717238977,3.96951215681345
127.030103232314,410.146524951519,3.55622710245293
625.781662950049,314.814410173861,4.58504631071474
1.88274777627583,149.771894040748,4.21007214407266
541.596543216781,201.566222733789,4.43207236215497
34.3589394106445,491.388477524962,3.01930477105155
277.307912131235,20.5579943732243,3.87519618154712
536.342181702593,392.104197715291,3.45788819631372
74.3050843588246,88.8249267705059,5.28020402559424
2.73838933672299,77.5474522615233,3.33028836737379
590.244734642812,227.006912160928,4.03617651078795
442.974541615676,465.654315046363,4.78774051716574
659.511716262456,374.628215548622,3.26446438198931
105.66760106307,490.433755211531,4.3707095064573
623.739519838344,88.559960902984,4.06564057015264
421.325847455432,261.342195785228,3.62661209638794
11.6059832528875,182.437561503071,3.4131792967397
67.6656698616341,118.993385052365,4.59938791601595
612.55250229759,216.305739962129,4.48763142157513
251.252043611659,231.792312801337,3.21905628570932
581.71106096113,436.891072190078,3.83516226314795
299.466095210966,138.090150791174,3.8119119535542
532.768381540451,466.117576584977,3.5871657324789
44.3283185950585,413.442957936969,4.03348735869208
201.345029018711,291.167022804686,3.93789541887271
552.759035583223,261.450195089357,3.89635362362811
178.356042664171,16.2783786956867,4.06881686393945
491.34684297193,348.11071427628,4.52907057301465
33.5540176753685,46.8946682629952,4.05538582978363
532.133839901867,149.573593800753,4.51460602174362
NA,NA,NA
661.202400957432,334.56573317702,3.60036459343125
454.721163502257,294.424531515419,3.64926031628665
11.091101954953,491.997912984732,3.66153366729129
563.624506027225,51.5729535464447,4.24339246053212
73.3198280014821,376.644424639787,4.00209341594142
230.335870198745,416.447568579457,3.86557319650449
429.219370803032,15.3298290489348,3.32781067513497
363.427209730837,291.874346745709,3.02479470846172
607.883214292817,105.845752183491,4.15650148654793
395.574868161055,227.554578612579,4.09969131594746
566.136430879295,409.670457533436,4.73364452213259
140.031914900422,278.774677877444,4.49516140768685
197.876919055908,373.326402267742,3.99040592095043
124.383057810775,409.598536964873,3.4196629581114
624.861860429671,315.804517688882,4.51765714218843
-5.89498879480191,150.655465834035,4.36270003264925
542.470299345362,206.938133496711,4.10416570931876
34.4349316380633,492.021723648981,2.94737319231462
276.208303999834,21.6962672469733,3.928694575967
535.998551687722,393.170748868236,3.35230930347695
74.6968142191957,73.5172489135014,5.32218200979128
4.05499514940724,75.5230274265322,3.6159171055901
586.62136662998,232.088801974749,4.00060181548984
443.965225219805,465.151070588847,4.84160283713627
660.080865571336,373.180928685169,3.02441527069045
105.433103997803,488.587513939571,4.3900458551006
624.654114918444,90.6344186791718,4.07269890545412
417.110543232755,256.703430484126,3.59797985625103
14.3148356803246,182.571076100792,3.22173827745141
66.0522908326756,109.908684577286,4.45834347703015
608.464766401436,203.0402119584,4.36855353871737
259.208565292053,221.923097566638,3.60942264720236
575.893895254213,432.159843540286,3.69174110763269
301.116385865356,137.969656598604,3.76717394928305
527.476709918903,453.994548148644,3.53990149382777
39.0927902391921,414.820439955164,3.87904133113499
202.343855345161,284.848676289419,4.03574490877941
558.335692544545,259.547088930868,3.75202095912558
167.607477996373,40.4301611783521,4.30387859831255
497.426018021948,343.357563749882,4.47572892320966
31.4419008648271,56.8719054972497,3.51345227628289
523.951090166556,152.53294458078,4.55417262428398
NA,NA,NA
661.202400957432,334.56573317702,3.60036459343125
454.721163502257,294.424531515419,3.64926031628665
11.091101954953,491.997912984732,3.66153366729129
563.624506027225,51.5729535464447,4.24339246053212
73.3198280014821,376.644424639787,4.00209341594142
230.335870198745,416.447568579457,3.86557319650449
429.219370803032,15.3298290489348,3.32781067513497
363.427209730837,291.874346745709,3.02479470846172
607.883214292817,105.845752183491,4.15650148654793
395.574868161055,227.554578612579,4.09969131594746
566.136430879295,409.670457533436,4.73364452213259
140.031914900422,278.774677877444,4.49516140768685
197.876919055908,373.326402267742,3.99040592095043
124.383057810775,409.598536964873,3.4196629581114
624.861860429671,315.804517688882,4.51765714218843
-5.89498879480191,150.655465834035,4.36270003264925
542.470299345362,206.938133496711,4.10416570931876
34.4349316380633,492.021723648981,2.94737319231462
276.208303999834,21.6962672469733,3.928694575967
535.998551687722,393.170748868236,3.35230930347695
74.6968142191957,73.5172489135014,5.32218200979128
4.05499514940724,75.5230274265322,3.6159171055901
586.62136662998,232.088801974749,4.00060181548984
443.965225219805,465.151070588847,4.84160283713627
660.080865571336,373.180928685169,3.02441527069045
105.433103997803,488.587513939571,4.3900458551006
624.654114918444,90.6344186791718,4.07269890545412
417.110543232755,256.703430484126,3.59797985625103
14.3148356803246,182.571076100792,3.22173827745141
66.0522908326756,109.908684577286,4.45834347703015
608.464766401436,203.0402119584,4.36855353871737
259.208565292053,221.923097566638,3.60942264720236
575.893895254213,432.159843540286,3.69174110763269
301.116385865356,137.969656598604,3.76717394928305
527.476709918903,453.994548148644,3.53990149382777
39.0927902391921,414.820439955164,3.87904133113499
202.343855345161,284.848676289419,4.03574490877941
558.335692544545,259.547088930868,3.75202095912558
167.607477996373,40.4301611783521,4.30387859831255
497.426018021948,343.357563749882,4.47572892320966
31.4419008648271,56.8719054972497,3.51345227628289
523.951090166556,152.53294458078,4.55417262428398
NA,NA,NA
661.202400957432,334.56573317702,3.60036459343125
454.721163502257,294.424531515419,3.64926031628665
11.091101954953,491.997912984732,3.66153366729129
563.624506027225,51.5729535464447,4.24339246053212
73.3198280014821,376.644424639787,4.00209341594142
230.335870198745,416.447568579457,3.86557319650449
429.219370803032,15.3298290489348,3.32781067513497
363.427209730837,291.874346745709,3.02479470846172
607.883214292817,105.845752183491,4.15650148654793
395.574868161055,227.554578612579,4.09969131594746
566.136430879295,409.670457533436,4.73364452213259
140.031914900422,278.774677877444,4.49516140768685
197.876919055908,373.326402267742,3.99040592095043
124.383057810775,409.598536964873,3.4196629581114
624.861860429671,315.804517688882,4.51765714218843
-5.89498879480191,150.655465834035,4.36270003264925
542.470299345362,206.938133496711,4.10416570931876
34.4349316380633,492.021723648981,2.94737319231462
276.208303999834,21.6962672469733,3.928694575967
535.998551687722,393.170748868236,3.35230930347695
74.6968142191957,73.5172489135014,5.32218200979128
4.05499514940724,75.5230274265322,3.6159171055901
586.62136662998,232.088801974749,4.00060181548984
443.965225219805,465.151070588847,4.84160283713627
660.080865571336,373.180928685169,3.02441527069045
105.433103997803,488.587513939571,4.3900458551006
624.654114918444,90.6344186791718,4.07269890545412
417.110543232755,256.703430484126,3.59797985625103
14.3148356803246,182.571076100792,3.22173827745141
66.0522908326756,109.908684577286,4.45834347703015
608.464766401436,203.0402119584,4.36855353871737
259.208565292053,221.923097566638,3.60942264720236
575.893895254213,432.159843540286,3.69174110763269
301.116385865356,137.969656598604,3.76717394928305
527.476709918903,453.994548148644,3.53990149382777
39.0927902391921,414.820439955164,3.87904133113499
202.343855345161,284.848676289419,4.03574490877941
558.335692544545,259.547088930868,3.75202095912558
167.607477996373,40.4301611783521,4.30387859831255
497.426018021948,343.357563749882,4.47572892320966
31.4419008648271,56.8719054972497,3.51345227628289
523.951090166556,152.53294458078,4.55417262428398
NA,NA,NA
661.202400957432,334.56573317702,3.60036459343125
454.721163502257,294.424531515419,3.64926031628665
11.091101954953,491.997912984732,3.66153366729129
563.624506027225,51.5729535464447,4.24339246053212
73.3198280014821,376.644424639787,4.00209341594142
230.335870198745,416.447568579457,3.86557319650449
429.219370803032,15.3298290489348,3.32781067513497
363.427209730837,291.874346745709,3.02479470846172
607.883214292817,105.845752183491,4.15650148654793
395.574868161055,227.554578612579,4.09969131594746
566.136430879295,409.670457533436,4.73364452213259
140.031914900422,278.774677877444,4.49516140768685
197.876919055908,373.326402267742,3.99040592095043
124.383057810775,409.598536964873,3.4196629581114
624.861860429671,315.804517688882,4.51765714218843
-5.89498879480191,150.655465834035,4.36270003264925
542.470299345362,206.938133496711,4.10416570931876
34.4349316380633,492.021723648981,2.94737319231462
276.208303999834,21.6962672469733,3.928694575967
535.998551687722,393.170748868236,3.35230930347695
74.6968142191957,73.5172489135014,5.32218200979128
4.05499514940724,75.5230274265322,3.6159171055901
586.62136662998,232.088801974749,4.00060181548984
443.965225219805,465.151070588847,4.84160283713627
660.080865571336,373.180928685169,3.02441527069045
105.433103997803,488.587513939571,4.3900458551006
624.654114918444,90.6344186791718,4.07269890545412
417.110543232755,256.703430484126,3.59797985625103
14.3148356803246,182.571076100792,3.22173827745141
66.0522908326756,109.908684577286,4.45834347703015
608.464766401436,203.0402119584,4.36855353871737
259.208565292053,221.923097566638,3.60942264720236
575.893895254213,432.159843540286,3.69174110763269
301.116385865356,137.969656598604,3.76717394928305
527.476709918903,453.994548148644,3.53990149382777
39.0927902391921,414.820439955164,3.87904133113499
202.343855345161,284.848676289419,4.03574490877941
558.335692544545,259.547088930868,3.75202095912558
167.607477996373,40.4301611783521,4.30387859831255
497.426018021948,343.357563749882,4.47572892320966
31.4419008648271,56.8719054972497,3.51345227628289
523.951090166556,152.53294458078,4.55417262428398
NA,NA,NA
661.202400957432,334.56573317702,3.60036459343125
454.721163502257,294.424531515419,3.64926031628665
11.091101954953,491.997912984732,3.66153366729129
563.624506027225,51.5729535464447,4.24339246053212
73.3198280014821,376.644424639787,4.00209341594142
230.335870198745,416.447568579457,3.86557319650449
429.219370803032,15.3298290489348,3.32781067513497
363.427209730837,291.874346745709,3.02479470846172
607.883214292817,105.845752183491,4.15650148654793
395.574868161055,227.554578612579,4.09969131594746
566.136430879295,409.670457533436,4.73364452213259
140.031914900422,278.774677877444,4.49516140768685
197.876919055908,373.326402267742,3.99040592095043
124.383057810775,409.598536964873,3.4196629581114
624.861860429671,315.804517688882,4.51765714218843
-5.89498879480191,150.655465834035,4.36270003264925
542.470299345362,206.938133496711,4.10416570931876
34.4349316380633,492.021723648981,2.94737319231462
276.208303999834,21.6962672469733,3.928694575967
535.998551687722,393.170748868236,3.35230930347695
74.6968142191957,73.5172489135014,5.32218200979128
4.05499514940724,75.5230274265322,3.6159171055901
586.62136662998,232.088801974749,4.00060181548984
443.965225219805,465.151070588847,4.84160283713627
660.080865571336,373.180928685169,3.02441527069045
105.433103997803,488.587513939571,4.3900458551006
624.654114918444,90.6344186791718,4.07269890545412
417.110543232755,256.703430484126,3.59797985625103
14.3148356803246,182.571076100792,3.22173827745141
66.0522908326756,109.908684577286,4.45834347703015
608.464766401436,203.0402119584,4.36855353871737
259.208565292053,221.923097566638,3.60942264720236
575.893895254213,432.159843540286,3.69174110763269
301.116385865356,137.969656598604,3.76717394928305
527.476709918903,453.994548148644,3.53990149382777
39.0927902391921,414.820439955164,3.87904133113499
202.343855345161,284.848676289419,4.03574490877941
558.335692544545,259.547088930868,3.75202095912558
167.607477996373,40.4301611783521,4.30387859831255
497.426018021948,343.357563749882,4.47572892320966
31.4419008648271,56.8719054972497,3.51345227628289
523.951090166556,152.53294458078,4.55417262428398
NA,NA,NA
661.202400957432,334.56573317702,3.60036459343125
454.721163502257,294.424531515419,3.64926031628665
11.091101954953,491.997912984732,3.66153366729129
563.624506027225,51.5729535464447,4.24339246053212
73.3198280014821,376.644424639787,4.00209341594142
230.335870198745,416.447568579457,3.86557319650449
429.219370803032,15.3298290489348,3.32781067513497
363.427209730837,291.874346745709,3.02479470846172
607.883214292817,105.845752183491,4.15650148654793
395.574868161055,227.554578612579,4.09969131594746
566.136430879295,409.670457533436,4.73364452213259
140.031914900422,278.774677877444,4.49516140768685
197.876919055908,373.326402267742,3.99040592095043
124.383057810775,409.598536964873,3.4196629581114
624.861860429671,315.804517688882,4.51765714218843
-5.89498879480191,150.655465834035,4.36270003264925
542.470299345362,206.938133496711,4.10416570931876
34.4349316380633,492.021723648981,2.94737319231462
276.208303999834,21.6962672469733,3.928694575967
535.998551687722,393.170748868236,3.35230930347695
74.6968142191957,73.5172489135014,5.32218200979128
4.05499514940724,75.5230274265322,3.6159171055901
586.62136662998,232.088801974749,4.00060181548984
443.965225219805,465.151070588847,4.84160283713627
660.080865571336,373.180928685169,3.02441527069045
105.433103997803,488.587513939571,4.3900458551006
624.654114918444,90.6344186791718,4.07269890545412
417.110543232755,256.703430484126,3.59797985625103
14.3148356803246,182.571076100792,3.22173827745141
66.0522908326756,109.908684577286,4.45834347703015
608.464766401436,203.0402119584,4.36855353871737
259.208565292053,221.923097566638,3.60942264720236
575.893895254213,432.159843540286,3.69174110763269
301.116385865356,137.969656598604,3.76717394928305
527.476709918903,453.994548148644,3.53990149382777
39.0927902391921,414.820439955164,3.87904133113499
202.343855345161,284.848676289419,4.03574490877941
558.335692544545,259.547088930868,3.75202095912558
167.607477996373,40.4301611783521,4.30387859831255
497.426018021948,343.357563749882,4.47572892320966
31.4419008648271,56.8719054972497,3.51345227628289
523.951090166556,152.53294458078,4.55417262428398
NA,NA,NA
664.563343385109,334.809638977969,3.52613562345647
452.90897431138,299.009122495116,3.6198013511657
4.02498486626835,492.023036286778,3.54731708994185
561.779341444725,49.3621010651555,4.15691736562502
72.3639882469578,375.993781229813,3.91959380137712
233.812390560488,414.792888103755,3.95752360171382
424.815322607108,11.8774170642988,3.27423765599372
363.461819082446,293.796189854363,3.04448556672458
600.772993099325,108.00160133929,4.09516327612747
398.208234749282,227.80409132668,4.31048849672593
574.21821799623,404.138331549493,4.69629750678375
141.947351704029,276.32480297361,4.46197261641026
201.52325807538,368.702872154826,4.00194602066392
125.149419449638,408.560555873237,3.22267346942013
633.569759600478,310.152859729221,4.73032238126959
0.526548781167558,148.329069520302,4.28355535684675
540.043596349733,204.274389790745,4.02542307549112
35.7943577565422,492.805021699131,3.05489091346139
277.506280147999,25.5932530966152,4.01154787321783
535.207032933352,390.308959316336,3.42038234226906
69.5649708102797,79.3059508638183,5.15308398824926
0.569695926105188,78.8555496180176,3.42270482263696
589.108268006497,220.706873305644,3.95385228810594
436.241653063235,463.533109740669,4.75644498081821
659.737441297197,375.750749110278,3.12217568469471
107.806270738912,493.980525897989,4.33760231936579
621.425904607161,90.2539847390108,4.11742208174503
420.529215241261,256.301272747379,3.60467307110464
12.2304306802077,181.188375527191,3.20630554674575
59.6169918084207,110.892777583799,4.47316183804026
615.11349746311,217.433883030333,4.41145121293033
255.155003335253,212.055986549553,3.99627631565728
580.166308589634,445.675676302702,3.7641733415182
303.043059667953,136.781224123176,3.88442415141994
520.839942857723,462.662914079921,3.67464564887267
38.1739711968694,415.628541483472,3.96411915079012
193.076342675158,275.580438882997,4.0884871837207
551.977244786515,260.083362147497,3.88426974248691
178.830212677569,30.1848576298482,4.52382289209655
489.449283250807,339.303242133397,4.73386518061959
43.4649837918367,55.5289483672201,4.00028159080513
542.004270961913,147.743430561524,4.5330479530729
NA,NA,NA
664.563343385109,334.809638977969,3.52613562345647
452.90897431138,299.009122495116,3.6198013511657
4.02498486626835,492.023036286778,3.54731708994185
561.779341444725,49.3621010651555,4.15691736562502
72.3639882469578,375.993781229813,3.91959380137712
233.812390560488,414.792888103755,3.95752360171382
424.815322607108,11.8774170642988,3.27423765599372
363.461819082446,293.796189854363,3.04448556672458
600.772993099325,108.00160133929,4.09516327612747
398.208234749282,227.80409132668,4.31048849672593
574.21821799623,404.138331549493,4.69629750678375
141.947351704029,276.32480297361,4.46197261641026
201.52325807538,368.702872154826,4.00194602066392
125.149419449638,408.560555873237,3.22267346942013
633.569759600478,310.152859729221,4.73032238126959
0.526548781167558,148.329069520302,4.28355535684675
540.043596349733,204.274389790745,4.02542307549112
35.7943577565422,492.805021699131,3.05489091346139
277.506280147999,25.5932530966152,4.01154787321783
535.207032933352,390.308959316336,3.42038234226906
69.5649708102797,79.3059508638183,5.15308398824926
0.569695926105188,78.8555496180176,3.42270482263696
589.108268006497,220.706873305644,3.95385228810594
436.241653063235,463.533109740669,4.75644498081821
659.737441297197,375.750749110278,3.12217568469471
107.806270738912,493.980525897989,4.33760231936579
621.425904607161,90.2539847390108,4.11742208174503
420.529215241261,256.301272747379,3.60467307110464
12.2304306802077,181.188375527191,3.20630554674575
59.6169918084207,110.892777583799,4.47316183804026
615.11349746311,217.433883030333,4.41145121293033
255.155003335253,212.055986549553,3.99627631565728
580.166308589634,445.675676302702,3.7641733415182
303.043059667953,136.781224123176,3.88442415141994
520.839942857723,462.662914079921,3.67464564887267
38.1739711968694,415.628541483472,3.96411915079012
193.076342675158,275.580438882997,4.0884871837207
551.977244786515,260.083362147497,3.88426974248691
178.830212677569,30.1848576298482,4.52382289209655
489.449283250807,339.303242133397,4.73386518061959
43.4649837918367,55.5289483672201,4.00028159080513
542.004270961913,147.743430561524,4.5330479530729
NA,NA,NA
664.563343385109,334.809638977969,3.52613562345647
452.90897431138,299.009122495116,3.6198013511657
4.02498486626835,492.023036286778,3.54731708994185
561.779341444725,49.3621010651555,4.15691736562502
72.3639882469578,375.993781229813,3.91959380137712
233.812390560488,414.792888103755,3.95752360171382
424.815322607108,11.8774170642988,3.27423765599372
363.461819082446,293.796189854363,3.04448556672458
600.772993099325,108.00160133929,4.09516327612747
398.208234749282,227.80409132668,4.31048849672593
574.21821799623,404.138331549493,4.69629750678375
141.947351704029,276.32480297361,4.46197261641026
201.52325807538,368.702872154826,4.00194602066392
125.149419449638,408.560555873237,3.22267346942013
633.569759600478,310.152859729221,4.73032238126959
0.526548781167558,148.329069520302,4.28355535684675
540.043596349733,204.274389790745,4.02542307549112
35.7943577565422,492.805021699131,3.05489091346139
277.506280147999,25.5932530966152,4.01154787321783
535.207032933352,390.308959316336,3.42038234226906
69.5649708102797,79.3059508638183,5.15308398824926
0.569695926105188,78.8555496180176,3.42270482263696
589.108268006497,220.706873305644,3.95385228810594
436.241653063235,463.533109740669,4.75644498081821
659.737441297197,375.750749110278,3.12217568469471
107.806270738912,493.980525897989,4.33760231936579
621.425904607161,90.2539847390108,4.11742208174503
420.529215241261,256.301272747379,3.60467307110464
12.2304306802077,181.188375527191,3.20630554674575
59.6169918084207,110.892777583799,4.47316183804026
615.11349746311,217.433883030333,4.41145121293033
255.155003335253,212.055986549553,3.99627631565728
580.166308589634,445.675676302702,3.7641733415182
303.043059667953,136.781224123176,3.88442415141994
520.839942857723,462.662914079921,3.67464564887267
38.1739711968694,415.628541483472,3.96411915079012
193.076342675158,275.580438882997,4.0884871837207
551.977244786515,260.083362147497,3.88426974248691
178.830212677569,30.1848576298482,4.52382289209655
489.449283250807,339.303242133397,4.73386518061959
43.4649837918367,55.5289483672201,4.00028159080513
542.004270961913,147.743430561524,4.5330479530729
NA,NA,NA
664.563343385109,334.809638977969,3.52613562345647
452.90897431138,299.009122495116,3.6198013511657
4.02498486626835,492.023036286778,3.54731708994185
561.779341444725,49.3621010651555,4.15691736562502
72.3639882469578,375.993781229813,3.91959380137712
233.812390560488,414.792888103755,3.95752360171382
424.815322607108,11.8774170642988,3.27423765599372
363.461819082446,293.796189854363,3.04448556672458
600.772993099325,108.00160133929,4.09516327612747
398.208234749282,227.80409132668,4.31048849672593
574.21821799623,404.138331549493,4.69629750678375
141.947351704029,276.32480297361,4.46197261641026
201.52325807538,368.702872154826,4.00194602066392
125.149419449638,408.560555873237,3.22267346942013
633.569759600478,310.152859729221,4.73032238126959
0.526548781167558,148.329069520302,4.28355535684675
540.043596349733,204.274389790745,4.02542307549112
35.7943577565422,492.805021699131,3.05489091346139
277.506280147999,25.5932530966152,4.01154787321783
535.207032933352,390.308959316336,3.42038234226906
69.5649708102797,79.3059508638183,5.15308398824926
0.569695926105188,78.8555496180176,3.42270482263696
589.108268006497,220.706873305644,3.95385228810594
436.241653063235,463.533109740669,4.75644498081821
659.737441297197,375.750749110278,3.12217568469471
107.806270738912,493.980525897989,4.33760231936579
621.425904607161,90.2539847390108,4.11742208174503
420.529215241261,256.301272747379,3.60467307110464
12.2304306802077,181.188375527191,3.20630554674575
59.6169918084207,110.892777583799,4.47316183804026
615.11349746311,217.433883030333,4.41145121293033
255.155003335253,212.055986549553,3.99627631565728
580.166308589634,445.675676302702,3.7641733415182
303.043059667953,136.781224123176,3.88442415141994
520.839942857723,462.662914079921,3.67464564887267
38.1739711968694,415.628541483472,3.96411915079012
193.076342675158,275.580438882997,4.0884871837207
551.977244786515,260.083362147497,3.88426974248691
178.830212677569,30.1848576298482,4.52382289209655
489.449283250807,339.303242133397,4.73386518061959
43.4649837918367,55.5289483672201,4.00028159080513
542.004270961913,147.743430561524,4.5330479530729
NA,NA,NA
664.563343385109,334.809638977969,3.52613562345647
452.90897431138,299.009122495116,3.6198013511657
4.02498486626835,492.023036286778,3.54731708994185
561.779341444725,49.3621010651555,4.15691736562502
72.3639882469578,375.993781229813,3.91959380137712
233.812390560488,414.792888103755,3.95752360171382
424.815322607108,11.8774170642988,3.27423765599372
363.461819082446,293.796189854363,3.04448556672458
600.772993099325,108.00160133929,4.09516327612747
398.208234749282,227.80409132668,4.31048849672593
574.21821799623,404.138331549493,4.69629750678375
141.947351704029,276.32480297361,4.46197261641026
201.52325807538,368.702872154826,4.00194602066392
125.149419449638,408.560555873237,3.22267346942013
633.569759600478,310.152859729221,4.73032238126959
0.526548781167558,148.329069520302,4.28355535684675
540.043596349733,204.274389790745,4.02542307549112
35.7943577565422,492.805021699131,3.05489091346139
277.506280147999,25.5932530966152,4.01154787321783
535.207032933352,390.308959316336,3.42038234226906
69.5649708102797,79.3059508638183,5.15308398824926
0.569695926105188,78.8555496180176,3.42270482263696
589.108268006497,220.706873305644,3.95385228810594
436.241653063235,463.533109740669,4.75644498081821
659.737441297197,375.750749110278,3.12217568469471
107.806270738912,493.980525897989,4.33760231936579
621.425904607161,90.2539847390108,4.11742208174503
420.529215241261,256.301272747379,3.60467307110464
12.2304306802077,181.188375527191,3.20630554674575
59.6169918084207,110.892777583799,4.47316183804026
615.11349746311,217.433883030333,4.41145121293033
255.155003335253,212.055986549553,3.99627631565728
580.166308589634,445.675676302702,3.7641733415182
303.043059667953,136.781224123176,3.88442415141994
520.839942857723,462.662914079921,3.67464564887267
38.1739711968694,415.628541483472,3.96411915079012
193.076342675158,275.580438882997,4.0884871837207
551.977244786515,260.083362147497,3.88426974248691
178.830212677569,30.1848576298482,4.52382289209655
489.449283250807,339.303242133397,4.73386518061959
43.4649837918367,55.5289483672201,4.00028159080513
542.004270961913,147.743430561524,4.5330479530729
NA,NA,NA
664.563343385109,334.809638977969,3.52613562345647
452.90897431138,299.009122495116,3.6198013511657
4.02498486626835,492.023036286778,3.54731708994185
561.779341444725,49.3621010651555,4.15691736562502
72.3639882469578,375.993781229813,3.91959380137712
233.812390560488,414.792888103755,3.95752360171382
424.815322607108,11.8774170642988,3.27423765599372
363.461819082446,293.796189854363,3.04448556672458
600.772993099325,108.00160133929,4.09516327612747
398.208234749282,227.80409132668,4.31048849672593
574.21821799623,404.138331549493,4.69629750678375
141.947351704029,276.32480297361,4.46197261641026
201.52325807538,368.702872154826,4.00194602066392
125.149419449638,408.560555873237,3.22267346942013
633.569759600478,310.152859729221,4.73032238126959
0.526548781167558,148.329069520302,4.28355535684675
540.043596349733,204.274389790745,4.02542307549112
35.7943577565422,492.805021699131,3.05489091346139
277.506280147999,25.5932530966152,4.01154787321783
535.207032933352,390.308959316336,3.42038234226906
69.5649708102797,79.3059508638183,5.15308398824926
0.569695926105188,78.8555496180176,3.42270482263696
589.108268006497,220.706873305644,3.95385228810594
436.241653063235,463.533109740669,4.75644498081821
659.737441297197,375.750749110278,3.12217568469471
107.806270738912,493.980525897989,4.33760231936579
621.425904607161,90.2539847390108,4.11742208174503
420.529215241261,256.301272747379,3.60467307110464
12.2304306802077,181.188375527191,3.20630554674575
59.6169918084207,110.892777583799,4.47316183804026
615.11349746311,217.433883030333,4.41145121293033
255.155003335253,212.055986549553,3.99627631565728
580.166308589634,445.675676302702,3.7641733415182
303.043059667953,136.781224123176,3.88442415141994
520.839942857723,462.662914079921,3.67464564887267
38.1739711968694,415.628541483472,3.96411915079012
193.076342675158,275.580438882997,4.0884871837207
551.977244786515,260.083362147497,3.88426974248691
178.830212677569,30.1848576298482,4.52382289209655
489.449283250807,339.303242133397,4.73386518061959
43.4649837918367,55.5289483672201,4.00028159080513
542.004270961913,147.743430561524,4.5330479530729
NA,NA,NA
661.103719436508,335.841728547172,3.501732162169
452.555282147392,297.567654090021,3.53145802714021
10.2916243286503,499.001647064833,3.63542506597331
558.633407034338,48.5506915345724,4.13386321645827
78.5092869187641,376.740465892958,3.96898045078966
226.395868108483,416.462153907488,3.81689431474653
431.019220225018,10.5189192919376,3.33866160949531
364.075257493134,291.404637899745,3.1569905316128
604.113380204756,100.671979052496,4.22323642945847
393.970505187615,230.911946741549,4.27717242848573
573.028776259615,411.112352372757,4.70275231753543
138.410881694221,280.525748290217,4.789185335331
198.118130916167,370.819734398129,4.09086365844344
125.170707227161,407.884043994155,3.45254949617809
623.751793694767,317.989258093866,4.49185496086428
-1.73362388880477,144.32222475889,4.17072449494525
545.06527477886,201.689162094192,4.02354007354305
35.4319549434272,490.096047920017,3.02275443308353
279.279050582337,23.8054223303937,3.97369415542272
535.13990923786,394.019961269393,3.48223576543997
72.1731986398711,74.8485905331285,5.19324531343369
5.34105902940608,76.888449045471,3.46839636481585
588.61682194475,230.943328924783,4.07059876485906
436.140545306745,462.885522764944,4.77245580583077
660.2541554936,375.44185017698,3.08324493091195
107.707821688077,489.548897928746,4.32380268755251
625.101907948792,86.7119402968674,4.1062602087089
420.693031617464,257.694931199076,3.61787713790231
12.0010196954672,183.323429591288,3.02272442871105
68.7216888966901,113.074201817181,4.61333180607674
609.529599677896,198.260437006485,4.21621118279885
248.685364991113,219.682918196531,4.16529859342167
569.866794344963,436.62589944052,3.96614701674192
303.659383766622,129.579804360604,3.79545813360488
527.709104801682,458.746864914716,3.76407432722823
46.9167000894122,421.822009568258,3.880810299135
196.130995158622,285.60111767799,4.31133863035332
549.53896835272,263.191585700522,3.92486094576627
165.699682218745,41.0832089423191,4.19606048826525
503.447421914724,345.969400829063,4.56759954215014
37.2673094906188,42.0893806542348,4.23357070369425
542.421685201745,144.932505697199,4.36175082582767
NA,NA,NA
661.103719436508,335.841728547172,3.501732162169
452.555282147392,297.567654090021,3.53145802714021
10.2916243286503,499.001647064833,3.63542506597331
558.633407034338,48.5506915345724,4.13386321645827
78.5092869187641,376.740465892958,3.96898045078966
226.395868108483,416.462153907488,3.81689431474653
431.019220225018,10.5189192919376,3.33866160949531
364.075257493134,291.404637899745,3.1569905316128
604.113380204756,100.671979052496,4.22323642945847
393.970505187615,230.911946741549,4.27717242848573
573.028776259615,411.112352372757,4.70275231753543
138.410881694221,280.525748290217,4.789185335331
198.118130916167,370.819734398129,4.09086365844344
125.170707227161,407.884043994155,3.45254949617809
623.751793694767,317.989258093866,4.49185496086428
-1.73362388880477,144.32222475889,4.17072449494525
545.06527477886,201.689162094192,4.02354007354305
35.4319549434272,490.096047920017,3.02275443308353
279.279050582337,23.8054223303937,3.97369415542272
535.13990923786,394.019961269393,3.48223576543997
72.1731986398711,74.8485905331285,5.19324531343369
5.34105902940608,76.888449045471,3.46839636481585
588.61682194475,230.943328924783,4.07059876485906
436.140545306745,462.885522764944,4.77245580583077
660.2541554936,375.44185017698,3.08324493091195
107.707821688077,489.548897928746,4.32380268755251
625.101907948792,86.7119402968674,4.1062602087089
420.693031617464,257.694931199076,3.61787713790231
12.0010196954672,183.323429591288,3.02272442871105
68.7216888966901,113.074201817181,4.61333180607674
609.529599677896,198.260437006485,4.21621118279885
248.685364991113,219.682918196531,4.16529859342167
569.866794344963,436.62589944052,3.96614701674192
303.659383766622,129.579804360604,3.79545813360488
527.709104801682,458.746864914716,3.76407432722823
46.9167000894122,421.822009568258,3.880810299135
196.130995158622,285.60111767799,4.31133863035332
549.53896835272,263.191585700522,3.92486094576627
165.699682218745,41.0832089423191,4.19606048826525
503.447421914724,345.969400829063,4.56759954215014
37.2673094906188,42.0893806542348,4.23357070369425
542.421685201745,144.932505697199,4.36175082582767
NA,NA,NA
661.103719436508,335.841728547172,3.501732162169
452.555282147392,297.567654090021,3.53145802714021
10.2916243286503,499.001647064833,3.63542506597331
558.633407034338,48.5506915345724,4.13386321645827
78.5092869187641,376.740465892958,3.96898045078966
226.395868108483,416.462153907488,3.81689431474653
431.019220225018,10.5189192919376,3.33866160949531
364.075257493134,291.404637899745,3.1569905316128
604.113380204756,100.671979052496,4.22323642945847
393.970505187615,230.911946741549,4.27717242848573
573.028776259615,411.112352372757,4.70275231753543
138.410881694221,280.525748290217,4.789185335331
198.118130916167,370.819734398129,4.09086365844344
125.170707227161,407.884043994155,3.45254949617809
623.751793694767,317.989258093866,4.49185496086428
-1.73362388880477,144.32222475889,4.17072449494525
545.06527477886,201.689162094192,4.02354007354305
35.4319549434272,490.096047920017,3.02275443308353
279.279050582337,23.8054223303937,3.97369415542272
535.13990923786,394.019961269393,3.48223576543997
72.1731986398711,74.8485905331285,5.19324531343369
5.34105902940608,76.888449045471,3.46839636481585
588.61682194475,230.943328924783,4.07059876485906
436.140545306745,462.885522764944,4.77245580583077
660.2541554936,375.44185017698,3.08324493091195
107.707821688077,489.548897928746,4.32380268755251
625.101907948792,86.7119402968674,4.1062602087089
420.693031617464,257.694931199076,3.61787713790231
12.0010196954672,183.323429591288,3.02272442871105
68.7216888966901,113.074201817181,4.61333180607674
609.529599677896,198.260437006485,4.21621118279885
248.685364991113,219.682918196531,4.16529859342167
569.866794344963,436.62589944052,3.96614701674192
303.659383766622,129.579804360604,3.79545813360488
527.709104801682,458.746864914716,3.76407432722823
46.9167000894122,421.822009568258,3.880810299135
196.130995158622,285.60111767799,4.31133863035332
549.53896835272,263.191585700522,3.92486094576627
165.699682218745,41.0832089423191,4.19606048826525
503.447421914724,345.969400829063,4.56759954215014
37.2673094906188,42.0893806542348,4.23357070369425
542.421685201745,144.932505697199,4.36175082582767
NA,NA,NA
661.103719436508,335.841728547172,3.501732162169
452.555282147392,297.567654090021,3.53145802714021
10.2916243286503,499.001647064833,3.63542506597331
558.633407034338,48.5506915345724,4.13386321645827
78.5092869187641,376.740465892958,3.96898045078966
226.395868108483,416.462153907488,3.81689431474653
431.019220225018,10.5189192919376,3.33866160949531
364.075257493134,291.404637899745,3.1569905316128
604.113380204756,100.671979052496,4.22323642945847
393.970505187615,230.911946741549,4.27717242848573
573.028776259615,411.112352372757,4.70275231753543
138.410881694221,280.525748290217,4.789185335331
198.118130916167,370.819734398129,4.09086365844344
125.170707227161,407.884043994155,3.45254949617809
623.751793694767,317.989258093866,4.49185496086428
-1.73362388880477,144.32222475889,4.17072449494525
545.06527477886,201.689162094192,4.02354007354305
35.4319549434272,490.096047920017,3.02275443308353
279.279050582337,23.8054223303937,3.97369415542272
535.13990923786,394.019961269393,3.48223576543997
72.1731986398711,74.8485905331285,5.19324531343369
5.34105902940608,76.888449045471,3.46839636481585
588.61682194475,230.943328924783,4.07059876485906
436.140545306745,462.885522764944,4.77245580583077
660.2541554936,375.44185017698,3.08324493091195
107.707821688077,489.548897928746,4.32380268755251
625.101907948792,86.7119402968674,4.1062602087089
420.693031617464,257.694931199076,3.61787713790231
12.0010196954672,183.323429591288,3.02272442871105
68.7216888966901,113.074201817181,4.61333180607674
609.529599677896,198.260437006485,4.21621118279885
248.685364991113,219.682918196531,4.16529859342167
569.866794344963,436.62589944052,3.96614701674192
303.659383766622,129.579804360604,3.79545813360488
527.709104801682,458.746864914716,3.76407432722823
46.9167000894122,421.822009568258,3.880810299135
196.130995158622,285.60111767799,4.31133863035332
549.53896835272,263.191585700522,3.92486094576627
165.699682218745,41.0832089423191,4.19606048826525
503.447421914724,345.969400829063,4.56759954215014
37.2673094906188,42.0893806542348,4.23357070369425
542.421685201745,144.932505697199,4.36175082582767
NA,NA,NA
661.103719436508,335.841728547172,3.501732162169
452.555282147392,297.567654090021,3.53145802714021
10.2916243286503,499.001647064833,3.63542506597331
558.633407034338,48.5506915345724,4.13386321645827
78.5092869187641,376.740465892958,3.96898045078966
226.395868108483,416.462153907488,3.81689431474653
431.019220225018,10.5189192919376,3.33866160949531
364.075257493134,291.404637899745,3.1569905316128
604.113380204756,100.671979052496,4.22323642945847
393.970505187615,230.911946741549,4.27717242848573
573.028776259615,411.112352372757,4.70275231753543
138.410881694221,280.525748290217,4.789185335331
198.118130916167,370.819734398129,4.09086365844344
125.170707227161,407.884043994155,3.45254949617809
623.751793694767,317.989258093866,4.49185496086428
-1.73362388880477,144.32222475889,4.17072449494525
545.06527477886,201.689162094192,4.02354007354305
35.4319549434272,490.096047920017,3.02275443308353
279.279050582337,23.8054223303937,3.97369415542272
535.13990923786,394.019961269393,3.48223576543997
72.1731986398711,74.8485905331285,5.19324531343369
5.34105902940608,76.888449045471,3.46839636481585
588.61682194475,230.943328924783,4.07059876485906
436.140545306745,462.885522764944,4.77245580583077
660.2541554936,375.44185017698,3.08324493091195
107.707821688077,489.548897928746,4.32380268755251
625.101907948792,86.7119402968674,4.1062602087089
420.693031617464,257.694931199076,3.61787713790231
12.0010196954672,183.323429591288,3.02272442871105
68.7216888966901,113.074201817181,4.61333180607674
609.529599677896,198.260437006485,4.21621118279885
248.685364991113,219.682918196531,4.16529859342167
569.866794344963,436.62589944052,3.96614701674192
303.659383766622,129.579804360604,3.79545813360488
527.709104801682,458.746864914716,3.76407432722823
46.9167000894122,421.822009568258,3.880810299135
196.130995158622,285.60111767799,4.31133863035332
549.53896835272,263.191585700522,3.92486094576627
165.699682218745,41.0832089423191,4.19606048826525
503.447421914724,345.969400829063,4.56759954215014
37.2673094906188,42.0893806542348,4.23357070369425
542.421685201745,144.932505697199,4.36175082582767
NA,NA,NA
661.103719436508,335.841728547172,3.501732162169
452.555282147392,297.567654090021,3.53145802714021
10.2916243286503,499.001647064833,3.63542506597331
558.633407034338,48.5506915345724,4.13386321645827
78.5092869187641,376.740465892958,3.96898045078966
226.395868108483,416.462153907488,3.81689431474653
431.019220225018,10.5189192919376,3.33866160949531
364.075257493134,291.404637899745,3.1569905316128
604.113380204756,100.671979052496,4.22323642945847
393.970505187615,230.911946741549,4.27717242848573
573.028776259615,411.112352372757,4.70275231753543
138.410881694221,280.525748290217,4.789185335331
198.118130916167,370.819734398129,4.09086365844344
125.170707227161,407.884043994155,3.45254949617809
623.751793694767,317.989258093866,4.49185496086428
-1.73362388880477,144.32222475889,4.17072449494525
545.06527477886,201.689162094192,4.02354007354305
35.4319549434272,490.096047920017,3.02275443308353
279.279050582337,23.8054223303937,3.97369415542272
535.13990923786,394.019961269393,3.48223576543997
72.1731986398711,74.8485905331285,5.19324531343369
5.34105902940608,76.888449045471,3.46839636481585
588.61682194475,230.943328924783,4.07059876485906
436.140545306745,462.885522764944,4.77245580583077
660.2541554936,375.44185017698,3.08324493091195
107.707821688077,489.548897928746,4.32380268755251
625.101907948792,86.7119402968674,4.1062602087089
420.693031617464,257.694931199076,3.61787713790231
12.0010196954672,183.323429591288,3.02272442871105
68.7216888966901,113.074201817181,4.61333180607674
609.529599677896,198.260437006485,4.21621118279885
248.685364991113,219.682918196531,4.16529859342167
569.866794344963,436.62589944052,3.96614701674192
303.659383766622,129.579804360604,3.79545813360488
527.709104801682,458.746864914716,3.76407432722823
46.9167000894122,421.822009568258,3.880810299135
196.130995158622,285.60111767799,4.31133863035332
549.53896835272,263.191585700522,3.92486094576627
165.699682218745,41.0832089423191,4.19606048826525
503.447421914724,345.969400829063,4.56759954215014
37.2673094906188,42.0893806542348,4.23357070369425
542.421685201745,144.932505697199,4.36175082582767
NA,NA,NA
661.960544864841,331.331045214237,3.52769542072452
455.553865145598,302.212214313405,3.5454220878151
9.90206896547399,496.005558472764,3.4833948904414
559.863257108263,50.5242613890913,4.18961693730126
73.4293236223658,374.763713468633,4.1720109635625
228.167040361984,415.768278044655,3.89488296598394
426.504195045603,13.7237366785188,3.20247225677101
362.659287558407,292.444584616732,3.07384041948557
608.118610886358,108.324992012917,4.27465793242072
394.06833182523,225.444251821996,4.32453978948059
568.178802205548,401.789294344174,4.75646038860071
138.866700422375,282.9362342662,4.6131694499318
203.123588125185,372.874202778519,4.09173511232207
124.205445888966,413.786102015202,3.48897327883519
626.294666333887,311.182358390289,4.4650715880144
-1.12992116193127,141.979473524068,4.29717796411358
539.102864380826,202.226756719301,4.03207068005537
32.6172232545511,492.055029885031,2.97190026195648
283.733593681107,23.5404769534463,3.91475260230273
534.63215571281,392.940803932349,3.29291323495333
69.434859939975,73.3182737653464,5.29114931832026
7.47141722388362,79.3536616644931,3.4130222653275
585.586323482334,223.150278891826,3.98000033104063
440.309833609037,457.32296691577,4.72658191139437
658.687064801341,374.777855805671,3.063075057913
106.293529329366,484.034137600687,4.33072441244531
624.403298927512,89.3271101574914,4.12481722005646
420.165108775721,258.399122017,3.64967364561556
13.4475473384616,181.095814846751,3.15055020966287
82.3916647494884,102.549008575009,4.56178114885033
606.796452785747,211.340200440446,4.3431209457421
263.284686866904,206.678047594433,3.77148872781959
569.761213948279,431.715174238772,3.98687854551168
295.988696449623,134.834233246898,3.89662562729275
521.716610714953,456.653636319574,3.9158227824753
51.5629756133317,423.885320310488,4.03702566526281
196.205386533035,291.232952687033,4.14613181120037
555.642500511739,264.812106213398,3.56915704710512
173.583096420863,23.3580554833959,4.49202166764896
497.068933062724,343.534778784444,4.66387806233168
33.1255621131857,53.377097897666,4.00612666351727
532.97282752948,153.73182445057,4.84039331678075
NA,NA,NA
661.960544864841,331.331045214237,3.52769542072452
455.553865145598,302.212214313405,3.5454220878151
9.90206896547399,496.005558472764,3.4833948904414
559.863257108263,50.5242613890913,4.18961693730126
73.4293236223658,374.763713468633,4.1720109635625
228.167040361984,415.768278044655,3.89488296598394
426.504195045603,13.7237366785188,3.20247225677101
362.659287558407,292.444584616732,3.07384041948557
608.118610886358,108.324992012917,4.27465793242072
394.06833182523,225.444251821996,4.32453978948059
568.178802205548,401.789294344174,4.75646038860071
138.866700422375,282.9362342662,4.6131694499318
203.123588125185,372.874202778519,4.09173511232207
124.205445888966,413.786102015202,3.48897327883519
626.294666333887,311.182358390289,4.4650715880144
-1.12992116193127,141.979473524068,4.29717796411358
539.102864380826,202.226756719301,4.03207068005537
32.6172232545511,492.055029885031,2.97190026195648
283.733593681107,23.5404769534463,3.91475260230273
534.63215571281,392.940803932349,3.29291323495333
69.434859939975,73.3182737653464,5.29114931832026
7.47141722388362,79.3536616644931,3.4130222653275
585.586323482334,223.150278891826,3.98000033104063
440.309833609037,457.32296691577,4.72658191139437
658.687064801341,374.777855805671,3.063075057913
106.293529329366,484.034137600687,4.33072441244531
624.403298927512,89.3271101574914,4.12481722005646
420.165108775721,258.399122017,3.64967364561556
13.4475473384616,181.095814846751,3.15055020966287
82.3916647494884,102.549008575009,4.56178114885033
606.796452785747,211.340200440446,4.3431209457421
263.284686866904,206.678047594433,3.77148872781959
569.761213948279,431.715174238772,3.98687854551168
295.988696449623,134.834233246898,3.89662562729275
521.716610714953,456.653636319574,3.9158227824753
51.5629756133317,423.885320310488,4.03702566526281
196.205386533035,291.232952687033,4.14613181120037
555.642500511739,264.812106213398,3.56915704710512
173.583096420863,23.3580554833959,4.49202166764896
497.068933062724,343.534778784444,4.66387806233168
33.1255621131857,53.377097897666,4.00612666351727
532.97282752948,153.73182445057,4.84039331678075
NA,NA,NA
661.960544864841,331.331045214237,3.52769542072452
455.553865145598,302.212214313405,3.5454220878151
9.90206896547399,496.005558472764,3.4833948904414
559.863257108263,50.5242613890913,4.18961693730126
73.4293236223658,374.763713468633,4.1720109635625
228.167040361984,415.768278044655,3.89488296598394
426.504195045603,13.7237366785188,3.20247225677101
362.659287558407,292.444584616732,3.07384041948557
608.118610886358,108.324992012917,4.27465793242072
394.06833182523,225.444251821996,4.32453978948059
568.178802205548,401.789294344174,4.75646038860071
138.866700422375,282.9362342662,4.6131694499318
203.123588125185,372.874202778519,4.09173511232207
124.205445888966,413.786102015202,3.48897327883519
626.294666333887,311.182358390289,4.4650715880144
-1.12992116193127,141.979473524068,4.29717796411358
539.102864380826,202.226756719301,4.03207068005537
32.6172232545511,492.055029885031,2.97190026195648
283.733593681107,23.5404769534463,3.91475260230273
534.63215571281,392.940803932349,3.29291323495333
69.434859939975,73.3182737653464,5.29114931832026
7.47141722388362,79.3536616644931,3.4130222653275
585.586323482334,223.150278891826,3.98000033104063
440.309833609037,457.32296691577,4.72658191139437
658.687064801341,374.777855805671,3.063075057913
106.293529329366,484.034137600687,4.33072441244531
624.403298927512,89.3271101574914,4.12481722005646
420.165108775721,258.399122017,3.64967364561556
13.4475473384616,181.095814846751,3.15055020966287
82.3916647494884,102.549008575009,4.56178114885033
606.796452785747,211.340200440446,4.3431209457421
263.284686866904,206.678047594433,3.77148872781959
569.761213948279,431.715174238772,3.98687854551168
295.988696449623,134.834233246898,3.89662562729275
521.716610714953,456.653636319574,3.9158227824753
51.5629756133317,423.885320310488,4.03702566526281
196.205386533035,291.232952687033,4.14613181120037
555.642500511739,264.812106213398,3.56915704710512
173.583096420863,23.3580554833959,4.49202166764896
497.068933062724,343.534778784444,4.66387806233168
33.1255621131857,53.377097897666,4.00612666351727
532.97282752948,153.73182445057,4.84039331678075
NA,NA,NA
661.960544864841,331.331045214237,3.52769542072452
455.553865145598,302.212214313405,3.5454220878151
9.90206896547399,496.005558472764,3.4833948904414
559.863257108263,50.5242613890913,4.18961693730126
73.4293236223658,374.763713468633,4.1720109635625
228.167040361984,415.768278044655,3.89488296598394
426.504195045603,13.7237366785188,3.20247225677101
362.659287558407,292.444584616732,3.07384041948557
608.118610886358,108.324992012917,4.27465793242072
394.06833182523,225.444251821996,4.32453978948059
568.178802205548,401.789294344174,4.75646038860071
138.866700422375,282.9362342662,4.6131694499318
203.123588125185,372.874202778519,4.09173511232207
124.205445888966,413.786102015202,3.48897327883519
626.294666333887,311.182358390289,4.4650715880144
-1.12992116193127,141.979473524068,4.29717796411358
539.102864380826,202.226756719301,4.03207068005537
32.6172232545511,492.055029885031,2.97190026195648
283.733593681107,23.5404769534463,3.91475260230273
534.63215571281,392.940803932349,3.29291323495333
69.434859939975,73.3182737653464,5.29114931832026
7.47141722388362,79.3536616644931,3.4130222653275
585.586323482334,223.150278891826,3.98000033104063
440.309833609037,457.32296691577,4.72658191139437
658.687064801341,374.777855805671,3.063075057913
106.293529329366,484.034137600687,4.33072441244531
624.403298927512,89.3271101574914,4.12481722005646
420.165108775721,258.399122017,3.64967364561556
13.4475473384616,181.095814846751,3.15055020966287
82.3916647494884,102.549008575009,4.56178114885033
606.796452785747,211.340200440446,4.3431209457421
263.284686866904,206.678047594433,3.77148872781959
569.761213948279,431.715174238772,3.98687854551168
295.988696449623,134.834233246898,3.89662562729275
521.716610714953,456.653636319574,3.9158227824753
51.5629756133317,423.885320310488,4.03702566526281
196.205386533035,291.232952687033,4.14613181120037
555.642500511739,264.812106213398,3.56915704710512
173.583096420863,23.3580554833959,4.49202166764896
497.068933062724,343.534778784444,4.66387806233168
33.1255621131857,53.377097897666,4.00612666351727
532.97282752948,153.73182445057,4.84039331678075
NA,NA,NA
661.960544864841,331.331045214237,3.52769542072452
455.553865145598,302.212214313405,3.5454220878151
9.90206896547399,496.005558472764,3.4833948904414
559.863257108263,50.5242613890913,4.18961693730126
73.4293236223658,374.763713468633,4.1720109635625
228.167040361984,415.768278044655,3.89488296598394
426.504195045603,13.7237366785188,3.20247225677101
362.659287558407,292.444584616732,3.07384041948557
608.118610886358,108.324992012917,4.27465793242072
394.06833182523,225.444251821996,4.32453978948059
568.178802205548,401.789294344174,4.75646038860071
138.866700422375,282.9362342662,4.6131694499318
203.123588125185,372.874202778519,4.09173511232207
124.205445888966,413.786102015202,3.48897327883519
626.294666333887,311.182358390289,4.4650715880144
-1.12992116193127,141.979473524068,4.29717796411358
539.102864380826,202.226756719301,4.03207068005537
32.6172232545511,492.055029885031,2.97190026195648
283.733593681107,23.5404769534463,3.91475260230273
534.63215571281,392.940803932349,3.29291323495333
69.434859939975,73.3182737653464,5.29114931832026
7.47141722388362,79.3536616644931,3.4130222653275
585.586323482334,223.150278891826,3.98000033104063
440.309833609037,457.32296691577,4.72658191139437
658.687064801341,374.777855805671,3.063075057913
106.293529329366,484.034137600687,4.33072441244531
624.403298927512,89.3271101574914,4.12481722005646
420.165108775721,258.399122017,3.64967364561556
13.4475473384616,181.095814846751,3.15055020966287
82.3916647494884,102.549008575009,4.56178114885033
606.796452785747,211.340200440446,4.3431209457421
263.284686866904,206.678047594433,3.77148872781959
569.761213948279,431.715174238772,3.98687854551168
295.988696449623,134.834233246898,3.89662562729275
521.716610714953,456.653636319574,3.9158227824753
51.5629756133317,423.885320310488,4.03702566526281
196.205386533035,291.232952687033,4.14613181120037
555.642500511739,264.812106213398,3.56915704710512
173.583096420863,23.3580554833959,4.49202166764896
497.068933062724,343.534778784444,4.66387806233168
33.1255621131857,53.377097897666,4.00612666351727
532.97282752948,153.73182445057,4.84039331678075
NA,NA,NA
661.960544864841,331.331045214237,3.52769542072452
455.553865145598,302.212214313405,3.5454220878151
9.90206896547399,496.005558472764,3.4833948904414
559.863257108263,50.5242613890913,4.18961693730126
73.4293236223658,374.763713468633,4.1720109635625
228.167040361984,415.768278044655,3.89488296598394
426.504195045603,13.7237366785188,3.20247225677101
362.659287558407,292.444584616732,3.07384041948557
608.118610886358,108.324992012917,4.27465793242072
394.06833182523,225.444251821996,4.32453978948059
568.178802205548,401.789294344174,4.75646038860071
138.866700422375,282.9362342662,4.6131694499318
203.123588125185,372.874202778519,4.09173511232207
124.205445888966,413.786102015202,3.48897327883519
626.294666333887,311.182358390289,4.4650715880144
-1.12992116193127,141.979473524068,4.29717796411358
539.102864380826,202.226756719301,4.03207068005537
32.6172232545511,492.055029885031,2.97190026195648
283.733593681107,23.5404769534463,3.91475260230273
534.63215571281,392.940803932349,3.29291323495333
69.434859939975,73.3182737653464,5.29114931832026
7.47141722388362,79.3536616644931,3.4130222653275
585.586323482334,223.150278891826,3.98000033104063
440.309833609037,457.32296691577,4.72658191139437
658.687064801341,374.777855805671,3.063075057913
106.293529329366,484.034137600687,4.33072441244531
624.403298927512,89.3271101574914,4.12481722005646
420.165108775721,258.399122017,3.64967364561556
13.4475473384616,181.095814846751,3.15055020966287
82.3916647494884,102.549008575009,4.56178114885033
606.796452785747,211.340200440446,4.3431209457421
263.284686866904,206.678047594433,3.77148872781959
569.761213948279,431.715174238772,3.98687854551168
295.988696449623,134.834233246898,3.89662562729275
521.716610714953,456.653636319574,3.9158227824753
51.5629756133317,423.885320310488,4.03702566526281
196.205386533035,291.232952687033,4.14613181120037
555.642500511739,264.812106213398,3.56915704710512
173.583096420863,23.3580554833959,4.49202166764896
497.068933062724,343.534778784444,4.66387806233168
33.1255621131857,53.377097897666,4.00612666351727
532.97282752948,153.73182445057,4.84039331678075
NA,NA,NA
658.953614757827,328.82810501302,3.43907063901086
457.349637019702,299.979361742764,3.40903257325789
5.38896555772195,494.208178706036,3.54948485921463
557.982869917875,51.3366878125971,4.17525401149604
74.7570722817997,377.649907709864,3.81573670525647
226.650438932335,413.146750807278,3.91320517799879
429.893601232802,13.952944650544,3.25660313839044
362.352247230339,290.874771806413,2.97446380118427
604.820033206495,104.738705257403,4.15635258309623
395.734402444393,226.890614196473,4.24805939275897
570.058177603389,408.541913371747,4.78914565138701
135.708924933766,285.647689012775,4.51705149031873
200.405988965115,366.312718353693,4.12130384693712
122.855711454557,409.269037234081,3.4504835396322
629.101569306006,315.092654645821,4.59606172972385
3.54469472603571,148.141293166792,4.34605849865695
538.886902586278,206.684959369162,4.23140121403035
35.7715591767489,492.417526430373,3.00393212150829
282.318849074925,21.5734009260487,4.00060966866764
533.234845276731,390.069487155486,3.25739717738603
74.5347423623534,82.1284280399137,5.16990022346121
3.17046314801601,73.4682437584554,3.56302978042526
586.894229320092,228.127938017088,4.0872997833496
437.941512047268,454.18601100404,4.79800225181369
658.406584277423,375.151754410433,2.77919832841529
102.284775146289,486.442012453376,4.50033929222741
624.248953049416,89.0756562230546,4.08956069454668
420.895229999067,259.628090991888,3.71634961834296
14.0098837052823,181.476565119533,3.00299779653108
59.3384725810964,106.062881647813,4.4716369507363
615.292836588933,212.504697123522,4.26050499352196
255.840685706306,224.33071879074,4.0038283225479
581.440990899482,437.701929809401,3.80431958327019
298.574222786026,140.274986705328,3.80912799670498
528.349347877187,451.074292091262,3.39072159047326
40.5078579333118,427.134346133791,3.62515899505984
197.164160029754,285.742946825083,4.15505255664173
550.710326004883,261.861336407968,3.7324041690169
171.839443975573,29.6444374165815,4.35637259808879
493.358196716815,346.384700259275,4.80873739600448
45.2740280727852,49.533390185618,3.82360423532227
529.339161622565,157.694736762666,4.97509795345196
NA,NA,NA
658.953614757827,328.82810501302,3.43907063901086
457.349637019702,299.979361742764,3.40903257325789
5.38896555772195,494.208178706036,3.54948485921463
557.982869917875,51.3366878125971,4.17525401149604
74.7570722817997,377.649907709864,3.81573670525647
226.650438932335,413.146750807278,3.91320517799879
429.893601232802,13.952944650544,3.25660313839044
362.352247230339,290.874771806413,2.97446380118427
604.820033206495,104.738705257403,4.15635258309623
395.734402444393,226.890614196473,4.24805939275897
570.058177603389,408.541913371747,4.78914565138701
135.708924933766,285.647689012775,4.51705149031873
200.405988965115,366.312718353693,4.12130384693712
122.855711454557,409.269037234081,3.4504835396322
629.101569306006,315.092654645821,4.59606172972385
3.54469472603571,148.141293166792,4.34605849865695
538.886902586278,206.684959369162,4.23140121403035
35.7715591767489,492.417526430373,3.00393212150829
282.318849074925,21.5734009260487,4.00060966866764
533.234845276731,390.069487155486,3.25739717738603
74.5347423623534,82.1284280399137,5.16990022346121
3.17046314801601,73.4682437584554,3.56302978042526
586.894229320092,228.127938017088,4.0872997833496
437.941512047268,454.18601100404,4.79800225181369
658.406584277423,375.151754410433,2.77919832841529
102.284775146289,486.442012453376,4.50033929222741
624.248953049416,89.0756562230546,4.08956069454668
420.895229999067,259.628090991888,3.71634961834296
14.0098837052823,181.476565119533,3.00299779653108
59.3384725810964,106.062881647813,4.4716369507363
615.292836588933,212.504697123522,4.26050499352196
255.840685706306,224.33071879074,4.0038283225479
581.440990899482,437.701929809401,3.80431958327019
298.574222786026,140.274986705328,3.80912799670498
528.349347877187,451.074292091262,3.39072159047326
40.5078579333118,427.134346133791,3.62515899505984
197.164160029754,285.742946825083,4.15505255664173
550.710326004883,261.861336407968,3.7324041690169
171.839443975573,29.6444374165815,4.35637259808879
493.358196716815,346.384700259275,4.80873739600448
45.2740280727852,49.533390185618,3.82360423532227
529.339161622565,157.694736762666,4.97509795345196
NA,NA,NA
658.953614757827,328.82810501302,3.43907063901086
457.349637019702,299.979361742764,3.40903257325789
5.38896555772195,494.208178706036,3.54948485921463
557.982869917875,51.3366878125971,4.17525401149604
74.7570722817997,377.649907709864,3.81573670525647
226.650438932335,413.146750807278,3.91320517799879
429.893601232802,13.952944650544,3.25660313839044
362.352247230339,290.874771806413,2.97446380118427
604.820033206495,104.738705257403,4.15635258309623
395.734402444393,226.890614196473,4.24805939275897
570.058177603389,408.541913371747,4.78914565138701
135.708924933766,285.647689012775,4.51705149031873
200.405988965115,366.312718353693,4.12130384693712
122.855711454557,409.269037234081,3.4504835396322
629.101569306006,315.092654645821,4.59606172972385
3.54469472603571,148.141293166792,4.34605849865695
538.886902586278,206.684959369162,4.23140121403035
35.7715591767489,492.417526430373,3.00393212150829
282.318849074925,21.5734009260487,4.00060966866764
533.234845276731,390.069487155486,3.25739717738603
74.5347423623534,82.1284280399137,5.16990022346121
3.17046314801601,73.4682437584554,3.56302978042526
586.894229320092,228.127938017088,4.0872997833496
437.941512047268,454.18601100404,4.79800225181369
658.406584277423,375.151754410433,2.77919832841529
102.284775146289,486.442012453376,4.50033929222741
624.248953049416,89.0756562230546,4.08956069454668
420.895229999067,259.628090991888,3.71634961834296
14.0098837052823,181.476565119533,3.00299779653108
59.3384725810964,106.062881647813,4.4716369507363
615.292836588933,212.504697123522,4.26050499352196
255.840685706306,224.33071879074,4.0038283225479
581.440990899482,437.701929809401,3.80431958327019
298.574222786026,140.274986705328,3.80912799670498
528.349347877187,451.074292091262,3.39072159047326
40.5078579333118,427.134346133791,3.62515899505984
197.164160029754,285.742946825083,4.15505255664173
550.710326004883,261.861336407968,3.7324041690169
171.839443975573,29.6444374165815,4.35637259808879
493.358196716815,346.384700259275,4.80873739600448
45.2740280727852,49.533390185618,3.82360423532227
529.339161622565,157.694736762666,4.97509795345196
NA,NA,NA
658.953614757827,328.82810501302,3.43907063901086
457.349637019702,299.979361742764,3.40903257325789
5.38896555772195,494.208178706036,3.54948485921463
557.982869917875,51.3366878125971,4.17525401149604
74.7570722817997,377.649907709864,3.81573670525647
226.650438932335,413.146750807278,3.91320517799879
429.893601232802,13.952944650544,3.25660313839044
362.352247230339,290.874771806413,2.97446380118427
604.820033206495,104.738705257403,4.15635258309623
395.734402444393,226.890614196473,4.24805939275897
570.058177603389,408.541913371747,4.78914565138701
135.708924933766,285.647689012775,4.51705149031873
200.405988965115,366.312718353693,4.12130384693712
122.855711454557,409.269037234081,3.4504835396322
629.101569306006,315.092654645821,4.59606172972385
3.54469472603571,148.141293166792,4.34605849865695
538.886902586278,206.684959369162,4.23140121403035
35.7715591767489,492.417526430373,3.00393212150829
282.318849074925,21.5734009260487,4.00060966866764
533.234845276731,390.069487155486,3.25739717738603
74.5347423623534,82.1284280399137,5.16990022346121
3.17046314801601,73.4682437584554,3.56302978042526
586.894229320092,228.127938017088,4.0872997833496
437.941512047268,454.18601100404,4.79800225181369
658.406584277423,375.151754410433,2.77919832841529
102.284775146289,486.442012453376,4.50033929222741
624.248953049416,89.0756562230546,4.08956069454668
420.895229999067,259.628090991888,3.71634961834296
14.0098837052823,181.476565119533,3.00299779653108
59.3384725810964,106.062881647813,4.4716369507363
615.292836588933,212.504697123522,4.26050499352196
255.840685706306,224.33071879074,4.0038283225479
581.440990899482,437.701929809401,3.80431958327019
298.574222786026,140.274986705328,3.80912799670498
528.349347877187,451.074292091262,3.39072159047326
40.5078579333118,427.134346133791,3.62515899505984
197.164160029754,285.742946825083,4.15505255664173
550.710326004883,261.861336407968,3.7324041690169
171.839443975573,29.6444374165815,4.35637259808879
493.358196716815,346.384700259275,4.80873739600448
45.2740280727852,49.533390185618,3.82360423532227
529.339161622565,157.694736762666,4.97509795345196
NA,NA,NA
658.953614757827,328.82810501302,3.43907063901086
457.349637019702,299.979361742764,3.40903257325789
5.38896555772195,494.208178706036,3.54948485921463
557.982869917875,51.3366878125971,4.17525401149604
74.7570722817997,377.649907709864,3.81573670525647
226.650438932335,413.146750807278,3.91320517799879
429.893601232802,13.952944650544,3.25660313839044
362.352247230339,290.874771806413,2.97446380118427
604.820033206495,104.738705257403,4.15635258309623
395.734402444393,226.890614196473,4.24805939275897
570.058177603389,408.541913371747,4.78914565138701
135.708924933766,285.647689012775,4.51705149031873
200.405988965115,366.312718353693,4.12130384693712
122.855711454557,409.269037234081,3.4504835396322
629.101569306006,315.092654645821,4.59606172972385
3.54469472603571,148.141293166792,4.34605849865695
538.886902586278,206.684959369162,4.23140121403035
35.7715591767489,492.417526430373,3.00393212150829
282.318849074925,21.5734009260487,4.00060966866764
533.234845276731,390.069487155486,3.25739717738603
74.5347423623534,82.1284280399137,5.16990022346121
3.17046314801601,73.4682437584554,3.56302978042526
586.894229320092,228.127938017088,4.0872997833496
437.941512047268,454.18601100404,4.79800225181369
658.406584277423,375.151754410433,2.77919832841529
102.284775146289,486.442012453376,4.50033929222741
624.248953049416,89.0756562230546,4.08956069454668
420.895229999067,259.628090991888,3.71634961834296
14.0098837052823,181.476565119533,3.00299779653108
59.3384725810964,106.062881647813,4.4716369507363
615.292836588933,212.504697123522,4.26050499352196
255.840685706306,224.33071879074,4.0038283225479
581.440990899482,437.701929809401,3.80431958327019
298.574222786026,140.274986705328,3.80912799670498
528.349347877187,451.074292091262,3.39072159047326
40.5078579333118,427.134346133791,3.62515899505984
197.164160029754,285.742946825083,4.15505255664173
550.710326004883,261.861336407968,3.7324041690169
171.839443975573,29.6444374165815,4.35637259808879
493.358196716815,346.384700259275,4.80873739600448
45.2740280727852,49.533390185618,3.82360423532227
529.339161622565,157.694736762666,4.97509795345196
NA,NA,NA
658.953614757827,328.82810501302,3.43907063901086
457.349637019702,299.979361742764,3.40903257325789
5.38896555772195,494.208178706036,3.54948485921463
557.982869917875,51.3366878125971,4.17525401149604
74.7570722817997,377.649907709864,3.81573670525647
226.650438932335,413.146750807278,3.91320517799879
429.893601232802,13.952944650544,3.25660313839044
362.352247230339,290.874771806413,2.97446380118427
604.820033206495,104.738705257403,4.15635258309623
395.734402444393,226.890614196473,4.24805939275897
570.058177603389,408.541913371747,4.78914565138701
135.708924933766,285.647689012775,4.51705149031873
200.405988965115,366.312718353693,4.12130384693712
122.855711454557,409.269037234081,3.4504835396322
629.101569306006,315.092654645821,4.59606172972385
3.54469472603571,148.141293166792,4.34605849865695
538.886902586278,206.684959369162,4.23140121403035
35.7715591767489,492.417526430373,3.00393212150829
282.318849074925,21.5734009260487,4.00060966866764
533.234845276731,390.069487155486,3.25739717738603
74.5347423623534,82.1284280399137,5.16990022346121
3.17046314801601,73.4682437584554,3.56302978042526
586.894229320092,228.127938017088,4.0872997833496
437.941512047268,454.18601100404,4.79800225181369
658.406584277423,375.151754410433,2.77919832841529
102.284775146289,486.442012453376,4.50033929222741
624.248953049416,89.0756562230546,4.08956069454668
420.895229999067,259.628090991888,3.71634961834296
14.0098837052823,181.476565119533,3.00299779653108
59.3384725810964,106.062881647813,4.4716369507363
615.292836588933,212.504697123522,4.26050499352196
255.840685706306,224.33071879074,4.0038283225479
581.440990899482,437.701929809401,3.80431958327019
298.574222786026,140.274986705328,3.80912799670498
528.349347877187,451.074292091262,3.39072159047326
40.5078579333118,427.134346133791,3.62515899505984
197.164160029754,285.742946825083,4.15505255664173
550.710326004883,261.861336407968,3.7324041690169
171.839443975573,29.6444374165815,4.35637259808879
493.358196716815,346.384700259275,4.80873739600448
45.2740280727852,49.533390185618,3.82360423532227
529.339161622565,157.694736762666,4.97509795345196
NA,NA,NA
658.754566046153,332.346038066392,3.52406479250286
455.343939147694,298.955323411587,3.53338288604012
7.94754551197271,489.565223181806,3.56663572512507
556.774331594976,52.2710340858877,4.13801583254242
72.6088544344096,378.456201101483,3.9750797714309
228.707265607981,415.816272911192,3.93747463535199
427.541266133849,12.6523039865546,3.29825684783655
363.876220948473,293.637015486462,2.9420374678973
604.185173915271,107.847075690029,4.24149411058592
393.767144334801,236.678223485647,4.22103409045863
565.990158562248,415.020940880311,4.70658741768735
145.71622574289,279.104514130224,4.47513367183057
204.425194154416,363.123386455862,4.06553844961391
121.715277810947,412.810226806158,3.51768862874861
623.163869854005,319.793981898017,4.55313579122042
4.71117483788579,154.179066679695,4.25260685027552
539.404668487614,200.878353005621,4.02934653978146
32.9007142970241,494.51871757187,3.0843398088803
278.134754644201,23.704670706847,3.95094048889226
533.532034923653,393.837368163651,3.34860323756749
70.4298602233579,78.8083448904038,5.23886086215416
4.32256381715835,74.3448237220462,3.46252859371982
590.334005479029,225.329014155571,4.02431252919249
440.847500634685,457.046079561041,4.78135308074781
660.080386177895,370.376832381121,3.08652536476917
104.435665017091,490.047954543339,4.37126145384292
626.463550452162,87.0959071179386,4.10577969857412
419.039020439642,260.653397981244,3.69396448689257
10.6719661483811,180.670262462008,3.22816601823182
73.885345524587,125.75686966771,4.42013981828559
611.542423065194,197.386032996184,4.19159555434185
248.326594574086,225.388461431873,3.84922301196563
573.698929392349,434.390956263181,3.85947154678719
299.598236351804,140.762342166696,3.83572789475381
528.791603051728,458.140644138183,3.70372287486214
41.1817419738326,426.714847846937,4.01400801596784
195.214619261597,292.206557051531,4.18301737168652
559.768605752804,264.019074854457,3.8997615496707
167.113731541329,29.1861194186814,3.93494367755961
502.6208502198,339.537592658941,4.1620146363624
33.5398468085146,55.1031509336789,3.95474102214339
527.938822077142,145.020035970725,4.49248789876731
NA,NA,NA
658.754566046153,332.346038066392,3.52406479250286
455.343939147694,298.955323411587,3.53338288604012
7.94754551197271,489.565223181806,3.56663572512507
556.774331594976,52.2710340858877,4.13801583254242
72.6088544344096,378.456201101483,3.9750797714309
228.707265607981,415.816272911192,3.93747463535199
427.541266133849,12.6523039865546,3.29825684783655
363.876220948473,293.637015486462,2.9420374678973
604.185173915271,107.847075690029,4.24149411058592
393.767144334801,236.678223485647,4.22103409045863
565.990158562248,415.020940880311,4.70658741768735
145.71622574289,279.104514130224,4.47513367183057
204.425194154416,363.123386455862,4.06553844961391
121.715277810947,412.810226806158,3.51768862874861
623.163869854005,319.793981898017,4.55313579122042
4.71117483788579,154.179066679695,4.25260685027552
539.404668487614,200.878353005621,4.02934653978146
32.9007142970241,494.51871757187,3.0843398088803
278.134754644201,23.704670706847,3.95094048889226
533.532034923653,393.837368163651,3.34860323756749
70.4298602233579,78.8083448904038,5.23886086215416
4.32256381715835,74.3448237220462,3.46252859371982
590.334005479029,225.329014155571,4.02431252919249
440.847500634685,457.046079561041,4.78135308074781
660.080386177895,370.376832381121,3.08652536476917
104.435665017091,490.047954543339,4.37126145384292
626.463550452162,87.0959071179386,4.10577969857412
419.039020439642,260.653397981244,3.69396448689257
10.6719661483811,180.670262462008,3.22816601823182
73.885345524587,125.75686966771,4.42013981828559
611.542423065194,197.386032996184,4.19159555434185
248.326594574086,225.388461431873,3.84922301196563
573.698929392349,434.390956263181,3.85947154678719
299.598236351804,140.762342166696,3.83572789475381
528.791603051728,458.140644138183,3.70372287486214
41.1817419738326,426.714847846937,4.01400801596784
195.214619261597,292.206557051531,4.18301737168652
559.768605752804,264.019074854457,3.8997615496707
167.113731541329,29.1861194186814,3.93494367755961
502.6208502198,339.537592658941,4.1620146363624
33.5398468085146,55.1031509336789,3.95474102214339
527.938822077142,145.020035970725,4.49248789876731
NA,NA,NA
658.754566046153,332.346038066392,3.52406479250286
455.343939147694,298.955323411587,3.53338288604012
7.94754551197271,489.565223181806,3.56663572512507
556.774331594976,52.2710340858877,4.13801583254242
72.6088544344096,378.456201101483,3.9750797714309
228.707265607981,415.816272911192,3.93747463535199
427.541266133849,12.6523039865546,3.29825684783655
363.876220948473,293.637015486462,2.9420374678973
604.185173915271,107.847075690029,4.24149411058592
393.767144334801,236.678223485647,4.22103409045863
565.990158562248,415.020940880311,4.70658741768735
145.71622574289,279.104514130224,4.47513367183057
204.425194154416,363.123386455862,4.06553844961391
121.715277810947,412.810226806158,3.51768862874861
623.163869854005,319.793981898017,4.55313579122042
4.71117483788579,154.179066679695,4.25260685027552
539.404668487614,200.878353005621,4.02934653978146
32.9007142970241,494.51871757187,3.0843398088803
278.134754644201,23.704670706847,3.95094048889226
533.532034923653,393.837368163651,3.34860323756749
70.4298602233579,78.8083448904038,5.23886086215416
4.32256381715835,74.3448237220462,3.46252859371982
590.334005479029,225.329014155571,4.02431252919249
440.847500634685,457.046079561041,4.78135308074781
660.080386177895,370.376832381121,3.08652536476917
104.435665017091,490.047954543339,4.37126145384292
626.463550452162,87.0959071179386,4.10577969857412
419.039020439642,260.653397981244,3.69396448689257
10.6719661483811,180.670262462008,3.22816601823182
73.885345524587,125.75686966771,4.42013981828559
611.542423065194,197.386032996184,4.19159555434185
248.326594574086,225.388461431873,3.84922301196563
573.698929392349,434.390956263181,3.85947154678719
299.598236351804,140.762342166696,3.83572789475381
528.791603051728,458.140644138183,3.70372287486214
41.1817419738326,426.714847846937,4.01400801596784
195.214619261597,292.206557051531,4.18301737168652
559.768605752804,264.019074854457,3.8997615496707
167.113731541329,29.1861194186814,3.93494367755961
502.6208502198,339.537592658941,4.1620146363624
33.5398468085146,55.1031509336789,3.95474102214339
527.938822077142,145.020035970725,4.49248789876731
NA,NA,NA
658.754566046153,332.346038066392,3.52406479250286
455.343939147694,298.955323411587,3.53338288604012
7.94754551197271,489.565223181806,3.56663572512507
556.774331594976,52.2710340858877,4.13801583254242
72.6088544344096,378.456201101483,3.9750797714309
228.707265607981,415.816272911192,3.93747463535199
427.541266133849,12.6523039865546,3.29825684783655
363.876220948473,293.637015486462,2.9420374678973
604.185173915271,107.847075690029,4.24149411058592
393.767144334801,236.678223485647,4.22103409045863
565.990158562248,415.020940880311,4.70658741768735
145.71622574289,279.104514130224,4.47513367183057
204.425194154416,363.123386455862,4.06553844961391
121.715277810947,412.810226806158,3.51768862874861
623.163869854005,319.793981898017,4.55313579122042
4.71117483788579,154.179066679695,4.25260685027552
539.404668487614,200.878353005621,4.02934653978146
32.9007142970241,494.51871757187,3.0843398088803
278.134754644201,23.704670706847,3.95094048889226
533.532034923653,393.837368163651,3.34860323756749
70.4298602233579,78.8083448904038,5.23886086215416
4.32256381715835,74.3448237220462,3.46252859371982
590.334005479029,225.329014155571,4.02431252919249
440.847500634685,457.046079561041,4.78135308074781
660.080386177895,370.376832381121,3.08652536476917
104.435665017091,490.047954543339,4.37126145384292
626.463550452162,87.0959071179386,4.10577969857412
419.039020439642,260.653397981244,3.69396448689257
10.6719661483811,180.670262462008,3.22816601823182
73.885345524587,125.75686966771,4.42013981828559
611.542423065194,197.386032996184,4.19159555434185
248.326594574086,225.388461431873,3.84922301196563
573.698929392349,434.390956263181,3.85947154678719
299.598236351804,140.762342166696,3.83572789475381
528.791603051728,458.140644138183,3.70372287486214
41.1817419738326,426.714847846937,4.01400801596784
195.214619261597,292.206557051531,4.18301737168652
559.768605752804,264.019074854457,3.8997615496707
167.113731541329,29.1861194186814,3.93494367755961
502.6208502198,339.537592658941,4.1620146363624
33.5398468085146,55.1031509336789,3.95474102214339
527.938822077142,145.020035970725,4.49248789876731
NA,NA,NA
658.754566046153,332.346038066392,3.52406479250286
455.343939147694,298.955323411587,3.53338288604012
7.94754551197271,489.565223181806,3.56663572512507
556.774331594976,52.2710340858877,4.13801583254242
72.6088544344096,378.456201101483,3.9750797714309
228.707265607981,415.816272911192,3.93747463535199
427.541266133849,12.6523039865546,3.29825684783655
363.876220948473,293.637015486462,2.9420374678973
604.185173915271,107.847075690029,4.24149411058592
393.767144334801,236.678223485647,4.22103409045863
565.990158562248,415.020940880311,4.70658741768735
145.71622574289,279.104514130224,4.47513367183057
204.425194154416,363.123386455862,4.06553844961391
121.715277810947,412.810226806158,3.51768862874861
623.163869854005,319.793981898017,4.55313579122042
4.71117483788579,154.179066679695,4.25260685027552
539.404668487614,200.878353005621,4.02934653978146
32.9007142970241,494.51871757187,3.0843398088803
278.134754644201,23.704670706847,3.95094048889226
533.532034923653,393.837368163651,3.34860323756749
70.4298602233579,78.8083448904038,5.23886086215416
4.32256381715835,74.3448237220462,3.46252859371982
590.334005479029,225.329014155571,4.02431252919249
440.847500634685,457.046079561041,4.78135308074781
660.080386177895,370.376832381121,3.08652536476917
104.435665017091,490.047954543339,4.37126145384292
626.463550452162,87.0959071179386,4.10577969857412
419.039020439642,260.653397981244,3.69396448689257
10.6719661483811,180.670262462008,3.22816601823182
73.885345524587,125.75686966771,4.42013981828559
611.542423065194,197.386032996184,4.19159555434185
248.326594574086,225.388461431873,3.84922301196563
573.698929392349,434.390956263181,3.85947154678719
299.598236351804,140.762342166696,3.83572789475381
528.791603051728,458.140644138183,3.70372287486214
41.1817419738326,426.714847846937,4.01400801596784
195.214619261597,292.206557051531,4.18301737168652
559.768605752804,264.019074854457,3.8997615496707
167.113731541329,29.1861194186814,3.93494367755961
502.6208502198,339.537592658941,4.1620146363624
33.5398468085146,55.1031509336789,3.95474102214339
527.938822077142,145.020035970725,4.49248789876731
NA,NA,NA
658.754566046153,332.346038066392,3.52406479250286
455.343939147694,298.955323411587,3.53338288604012
7.94754551197271,489.565223181806,3.56663572512507
556.774331594976,52.2710340858877,4.13801583254242
72.6088544344096,378.456201101483,3.9750797714309
228.707265607981,415.816272911192,3.93747463535199
427.541266133849,12.6523039865546,3.29825684783655
363.876220948473,293.637015486462,2.9420374678973
604.185173915271,107.847075690029,4.24149411058592
393.767144334801,236.678223485647,4.22103409045863
565.990158562248,415.020940880311,4.70658741768735
145.71622574289,279.104514130224,4.47513367183057
204.425194154416,363.123386455862,4.06553844961391
121.715277810947,412.810226806158,3.51768862874861
623.163869854005,319.793981898017,4.55313579122042
4.71117483788579,154.179066679695,4.25260685027552
539.404668487614,200.878353005621,4.02934653978146
32.9007142970241,494.51871757187,3.0843398088803
278.134754644201,23.704670706847,3.95094048889226
533.532034923653,393.837368163651,3.34860323756749
70.4298602233579,78.8083448904038,5.23886086215416
4.32256381715835,74.3448237220462,3.46252859371982
590.334005479029,225.329014155571,4.02431252919249
440.847500634685,457.046079561041,4.78135308074781
660.080386177895,370.376832381121,3.08652536476917
104.435665017091,490.047954543339,4.37126145384292
626.463550452162,87.0959071179386,4.10577969857412
419.039020439642,260.653397981244,3.69396448689257
10.6719661483811,180.670262462008,3.22816601823182
73.885345524587,125.75686966771,4.42013981828559
611.542423065194,197.386032996184,4.19159555434185
248.326594574086,225.388461431873,3.84922301196563
573.698929392349,434.390956263181,3.85947154678719
299.598236351804,140.762342166696,3.83572789475381
528.791603051728,458.140644138183,3.70372287486214
41.1817419738326,426.714847846937,4.01400801596784
195.214619261597,292.206557051531,4.18301737168652
559.768605752804,264.019074854457,3.8997615496707
167.113731541329,29.1861194186814,3.93494367755961
502.6208502198,339.537592658941,4.1620146363624
33.5398468085146,55.1031509336789,3.95474102214339
527.938822077142,145.020035970725,4.49248789876731
NA,NA,NA
662.606257217112,341.317713291387,3.45566442491728
457.505921944501,298.19377347973,3.70058417971375
7.0261876372713,490.460901818795,3.55562907473937
566.284291115122,51.7691821143893,4.23643883538674
75.2815212885343,376.541403742197,3.91715124830186
230.003440972169,412.44417657926,3.79635807408162
427.582833183218,8.65477035953027,3.31157379959612
362.548783580272,290.474923069987,3.0854468190947
603.971538993659,107.311655946059,4.24360308331549
394.208171338749,227.025984420101,4.20711194142291
565.002386207182,404.807435077167,4.72358596549473
139.450086389685,278.678612610199,4.54198000394177
195.264705375695,372.084916671979,3.99784778438899
127.801987866444,409.691857902745,3.38915218034949
621.76109870281,313.876896392061,4.63798507194758
2.44459806430297,153.676733567692,4.23716931170393
547.471492690547,208.585728922044,4.24844173639395
32.979272659623,492.568093950746,2.95640767781704
273.82033542818,27.6079481451912,3.8944213818607
531.730606037769,392.928280630722,3.40135484145404
73.462496436988,72.5571036253316,5.25325933618248
4.16700722620208,71.9290568872093,3.49139511959715
586.893022424795,222.777549597648,4.01104808206614
438.932918226884,454.227353723158,4.76823548687403
659.690075004027,373.556185613055,3.08890490212379
110.499052763925,487.122181614061,4.33368041250603
625.675051305921,88.28971087969,4.03173277280032
421.427819273608,259.340443564324,3.62936670974947
11.0001333361175,181.050678679725,3.12730429860366
64.2654143292715,111.223622289532,4.53446142655331
609.724683928644,206.586304408194,4.38862313906617
251.288607984622,210.552729826185,3.83954464584756
579.570467539133,431.728048955347,3.85271765477155
304.54608142818,132.639297359028,3.86296722991794
529.153653885952,458.213372921203,3.45137748333755
50.5499971690689,415.640739537979,4.01310212156435
202.482823456127,294.303629529612,3.63843112904147
558.354611923673,268.283080912573,3.98447750082048
191.057992085446,23.3424066418685,4.39795067835405
511.467087339403,339.139130068922,4.10885315084907
43.6924545010494,43.2050757380229,3.66317073665607
531.64530891001,134.714158249043,4.61719631088172
NA,NA,NA
662.606257217112,341.317713291387,3.45566442491728
457.505921944501,298.19377347973,3.70058417971375
7.0261876372713,490.460901818795,3.55562907473937
566.284291115122,51.7691821143893,4.23643883538674
75.2815212885343,376.541403742197,3.91715124830186
230.003440972169,412.44417657926,3.79635807408162
427.582833183218,8.65477035953027,3.31157379959612
362.548783580272,290.474923069987,3.0854468190947
603.971538993659,107.311655946059,4.24360308331549
394.208171338749,227.025984420101,4.20711194142291
565.002386207182,404.807435077167,4.72358596549473
139.450086389685,278.678612610199,4.54198000394177
195.264705375695,372.084916671979,3.99784778438899
127.801987866444,409.691857902745,3.38915218034949
621.76109870281,313.876896392061,4.63798507194758
2.44459806430297,153.676733567692,4.23716931170393
547.471492690547,208.585728922044,4.24844173639395
32.979272659623,492.568093950746,2.95640767781704
273.82033542818,27.6079481451912,3.8944213818607
531.730606037769,392.928280630722,3.40135484145404
73.462496436988,72.5571036253316,5.25325933618248
4.16700722620208,71.9290568872093,3.49139511959715
586.893022424795,222.777549597648,4.01104808206614
438.932918226884,454.227353723158,4.76823548687403
659.690075004027,373.556185613055,3.08890490212379
110.499052763925,487.122181614061,4.33368041250603
625.675051305921,88.28971087969,4.03173277280032
421.427819273608,259.340443564324,3.62936670974947
11.0001333361175,181.050678679725,3.12730429860366
64.2654143292715,111.223622289532,4.53446142655331
609.724683928644,206.586304408194,4.38862313906617
251.288607984622,210.552729826185,3.83954464584756
579.570467539133,431.728048955347,3.85271765477155
304.54608142818,132.639297359028,3.86296722991794
529.153653885952,458.213372921203,3.45137748333755
50.5499971690689,415.640739537979,4.01310212156435
202.482823456127,294.303629529612,3.63843112904147
558.354611923673,268.283080912573,3.98447750082048
191.057992085446,23.3424066418685,4.39795067835405
511.467087339403,339.139130068922,4.10885315084907
43.6924545010494,43.2050757380229,3.66317073665607
531.64530891001,134.714158249043,4.61719631088172
NA,NA,NA
662.606257217112,341.317713291387,3.45566442491728
457.505921944501,298.19377347973,3.70058417971375
7.0261876372713,490.460901818795,3.55562907473937
566.284291115122,51.7691821143893,4.23643883538674
75.2815212885343,376.541403742197,3.91715124830186
230.003440972169,412.44417657926,3.79635807408162
427.582833183218,8.65477035953027,3.31157379959612
362.548783580272,290.474923069987,3.0854468190947
603.971538993659,107.311655946059,4.24360308331549
394.208171338749,227.025984420101,4.20711194142291
565.002386207182,404.807435077167,4.72358596549473
139.450086389685,278.678612610199,4.54198000394177
195.264705375695,372.084916671979,3.99784778438899
127.801987866444,409.691857902745,3.38915218034949
621.76109870281,313.876896392061,4.63798507194758
2.44459806430297,153.676733567692,4.23716931170393
547.471492690547,208.585728922044,4.24844173639395
32.979272659623,492.568093950746,2.95640767781704
273.82033542818,27.6079481451912,3.8944213818607
531.730606037769,392.928280630722,3.40135484145404
73.462496436988,72.5571036253316,5.25325933618248
4.16700722620208,71.9290568872093,3.49139511959715
586.893022424795,222.777549597648,4.01104808206614
438.932918226884,454.227353723158,4.76823548687403
659.690075004027,373.556185613055,3.08890490212379
110.499052763925,487.122181614061,4.33368041250603
625.675051305921,88.28971087969,4.03173277280032
421.427819273608,259.340443564324,3.62936670974947
11.0001333361175,181.050678679725,3.12730429860366
64.2654143292715,111.223622289532,4.53446142655331
609.724683928644,206.586304408194,4.38862313906617
251.288607984622,210.552729826185,3.83954464584756
579.570467539133,431.728048955347,3.85271765477155
304.54608142818,132.639297359028,3.86296722991794
529.153653885952,458.213372921203,3.45137748333755
50.5499971690689,415.640739537979,4.01310212156435
202.482823456127,294.303629529612,3.63843112904147
558.354611923673,268.283080912573,3.98447750082048
191.057992085446,23.3424066418685,4.39795067835405
511.467087339403,339.139130068922,4.10885315084907
43.6924545010494,43.2050757380229,3.66317073665607
531.64530891001,134.714158249043,4.61719631088172
NA,NA,NA
662.606257217112,341.317713291387,3.45566442491728
457.505921944501,298.19377347973,3.70058417971375
7.0261876372713,490.460901818795,3.55562907473937
566.284291115122,51.7691821143893,4.23643883538674
75.2815212885343,376.541403742197,3.91715124830186
230.003440972169,412.44417657926,3.79635807408162
427.582833183218,8.65477035953027,3.31157379959612
362.548783580272,290.474923069987,3.0854468190947
603.971538993659,107.311655946059,4.24360308331549
394.208171338749,227.025984420101,4.20711194142291
565.002386207182,404.807435077167,4.72358596549473
139.450086389685,278.678612610199,4.54198000394177
195.264705375695,372.084916671979,3.99784778438899
127.801987866444,409.691857902745,3.38915218034949
621.76109870281,313.876896392061,4.63798507194758
2.44459806430297,153.676733567692,4.23716931170393
547.471492690547,208.585728922044,4.24844173639395
32.979272659623,492.568093950746,2.95640767781704
273.82033542818,27.6079481451912,3.8944213818607
531.730606037769,392.928280630722,3.40135484145404
73.462496436988,72.5571036253316,5.25325933618248
4.16700722620208,71.9290568872093,3.49139511959715
586.893022424795,222.777549597648,4.01104808206614
438.932918226884,454.227353723158,4.76823548687403
659.690075004027,373.556185613055,3.08890490212379
110.499052763925,487.122181614061,4.33368041250603
625.675051305921,88.28971087969,4.03173277280032
421.427819273608,259.340443564324,3.62936670974947
11.0001333361175,181.050678679725,3.12730429860366
64.2654143292715,111.223622289532,4.53446142655331
609.724683928644,206.586304408194,4.38862313906617
251.288607984622,210.552729826185,3.83954464584756
579.570467539133,431.728048955347,3.85271765477155
304.54608142818,132.639297359028,3.86296722991794
529.153653885952,458.213372921203,3.45137748333755
50.5499971690689,415.640739537979,4.01310212156435
202.482823456127,294.303629529612,3.63843112904147
558.354611923673,268.283080912573,3.98447750082048
191.057992085446,23.3424066418685,4.39795067835405
511.467087339403,339.139130068922,4.10885315084907
43.6924545010494,43.2050757380229,3.66317073665607
531.64530891001,134.714158249043,4.61719631088172
NA,NA,NA
662.606257217112,341.317713291387,3.45566442491728
457.505921944501,298.19377347973,3.70058417971375
7.0261876372713,490.460901818795,3.55562907473937
566.284291115122,51.7691821143893,4.23643883538674
75.2815212885343,376.541403742197,3.91715124830186
230.003440972169,412.44417657926,3.79635807408162
427.582833183218,8.65477035953027,3.31157379959612
362.548783580272,290.474923069987,3.0854468190947
603.971538993659,107.311655946059,4.24360308331549
394.208171338749,227.025984420101,4.20711194142291
565.002386207182,404.807435077167,4.72358596549473
139.450086389685,278.678612610199,4.54198000394177
195.264705375695,372.084916671979,3.99784778438899
127.801987866444,409.691857902745,3.38915218034949
621.76109870281,313.876896392061,4.63798507194758
2.44459806430297,153.676733567692,4.23716931170393
547.471492690547,208.585728922044,4.24844173639395
32.979272659623,492.568093950746,2.95640767781704
273.82033542818,27.6079481451912,3.8944213818607
531.730606037769,392.928280630722,3.40135484145404
73.462496436988,72.5571036253316,5.25325933618248
4.16700722620208,71.9290568872093,3.49139511959715
586.893022424795,222.777549597648,4.01104808206614
438.932918226884,454.227353723158,4.76823548687403
659.690075004027,373.556185613055,3.08890490212379
110.499052763925,487.122181614061,4.33368041250603
625.675051305921,88.28971087969,4.03173277280032
421.427819273608,259.340443564324,3.62936670974947
11.0001333361175,181.050678679725,3.12730429860366
64.2654143292715,111.223622289532,4.53446142655331
609.724683928644,206.586304408194,4.38862313906617
251.288607984622,210.552729826185,3.83954464584756
579.570467539133,431.728048955347,3.85271765477155
304.54608142818,132.639297359028,3.86296722991794
529.153653885952,458.213372921203,3.45137748333755
50.5499971690689,415.640739537979,4.01310212156435
202.482823456127,294.303629529612,3.63843112904147
558.354611923673,268.283080912573,3.98447750082048
191.057992085446,23.3424066418685,4.39795067835405
511.467087339403,339.139130068922,4.10885315084907
43.6924545010494,43.2050757380229,3.66317073665607
531.64530891001,134.714158249043,4.61719631088172
NA,NA,NA
662.606257217112,341.317713291387,3.45566442491728
457.505921944501,298.19377347973,3.70058417971375
7.0261876372713,490.460901818795,3.55562907473937
566.284291115122,51.7691821143893,4.23643883538674
75.2815212885343,376.541403742197,3.91715124830186
230.003440972169,412.44417657926,3.79635807408162
427.582833183218,8.65477035953027,3.31157379959612
362.548783580272,290.474923069987,3.0854468190947
603.971538993659,107.311655946059,4.24360308331549
394.208171338749,227.025984420101,4.20711194142291
565.002386207182,404.807435077167,4.72358596549473
139.450086389685,278.678612610199,4.54198000394177
195.264705375695,372.084916671979,3.99784778438899
127.801987866444,409.691857902745,3.38915218034949
621.76109870281,313.876896392061,4.63798507194758
2.44459806430297,153.676733567692,4.23716931170393
547.471492690547,208.585728922044,4.24844173639395
32.979272659623,492.568093950746,2.95640767781704
273.82033542818,27.6079481451912,3.8944213818607
531.730606037769,392.928280630722,3.40135484145404
73.462496436988,72.5571036253316,5.25325933618248
4.16700722620208,71.9290568872093,3.49139511959715
586.893022424795,222.777549597648,4.01104808206614
438.932918226884,454.227353723158,4.76823548687403
659.690075004027,373.556185613055,3.08890490212379
110.499052763925,487.122181614061,4.33368041250603
625.675051305921,88.28971087969,4.03173277280032
421.427819273608,259.340443564324,3.62936670974947
11.0001333361175,181.050678679725,3.12730429860366
64.2654143292715,111.223622289532,4.53446142655331
609.724683928644,206.586304408194,4.38862313906617
251.288607984622,210.552729826185,3.83954464584756
579.570467539133,431.728048955347,3.85271765477155
304.54608142818,132.639297359028,3.86296722991794
529.153653885952,458.213372921203,3.45137748333755
50.5499971690689,415.640739537979,4.01310212156435
202.482823456127,294.303629529612,3.63843112904147
558.354611923673,268.283080912573,3.98447750082048
191.057992085446,23.3424066418685,4.39795067835405
511.467087339403,339.139130068922,4.10885315084907
43.6924545010494,43.2050757380229,3.66317073665607
531.64530891001,134.714158249043,4.61719631088172
NA,NA,NA
660.024718059848,335.871444773127,3.6189403862736
459.534129239361,293.000825021143,3.68549284651002
9.21063339998155,494.600687884172,3.55242081209331
558.93692508116,53.9979363026359,4.26990141039756
71.9249398062461,376.691983973472,4.02556977788009
228.253988453111,414.646679796919,3.91257178935984
429.611371509581,12.9315279424413,3.26078352890307
362.968033584832,293.491333208359,2.93567087350058
603.560633786421,101.751162915089,4.13806490176965
395.239492211977,230.306624504023,4.09677098719978
569.664410466876,409.069328975375,4.71805933005561
149.255554997493,284.171727950103,4.61219537627407
199.353772634307,369.476924699939,4.07408206613445
124.786989011888,409.441287587835,3.28962321653587
625.247498766142,316.309935364742,4.52395311818524
2.77313368326052,143.229376593944,4.20321907519229
545.993621088522,199.751901938414,4.18104335748255
35.7426696484521,491.905074297676,2.95193307078736
281.295108502736,21.8597784471567,3.929889297132
532.150702971957,395.080385748404,3.47261068428032
78.7396376680371,74.9687998937019,5.24983768086044
3.14896464511211,72.2329607231113,3.46743974591884
589.587612498486,225.730833547424,3.98891648875474
443.266639721881,462.989756099873,4.77039287612446
658.831018415365,373.622331562968,3.06020139391423
104.67188307463,482.832070509207,4.2444599933322
622.696959583928,92.4505594832355,4.11667578796862
422.310453860841,262.532964210065,3.53217151081685
12.3017243757985,180.845970861406,3.30240649137384
47.6207725326457,98.1234596307591,4.56748244284866
611.139900596515,194.040395341212,4.37384983909519
259.888085452548,223.046097726073,3.650149664551
573.530482927123,440.649633416337,3.82155063980702
299.992024113548,144.991261946187,3.86634189128268
520.767837681809,452.383222015896,3.45412963852308
50.0795496224574,423.123338514951,3.612276252859
200.548631115466,291.852902569003,3.99655800410725
554.653113367645,263.736440201503,3.89853960688506
169.49184090394,31.7493017744226,4.37561301063157
499.19484974406,339.403136765616,4.29460446364505
40.0554732867624,56.8612653297607,3.56350460932672
514.90592367984,138.057947171957,4.37816389769864
NA,NA,NA
660.024718059848,335.871444773127,3.6189403862736
459.534129239361,293.000825021143,3.68549284651002
9.21063339998155,494.600687884172,3.55242081209331
558.93692508116,53.9979363026359,4.26990141039756
71.9249398062461,376.691983973472,4.02556977788009
228.253988453111,414.646679796919,3.91257178935984
429.611371509581,12.9315279424413,3.26078352890307
362.968033584832,293.491333208359,2.93567087350058
603.560633786421,101.751162915089,4.13806490176965
395.239492211977,230.306624504023,4.09677098719978
569.664410466876,409.069328975375,4.71805933005561
149.255554997493,284.171727950103,4.61219537627407
199.353772634307,369.476924699939,4.07408206613445
124.786989011888,409.441287587835,3.28962321653587
625.247498766142,316.309935364742,4.52395311818524
2.77313368326052,143.229376593944,4.20321907519229
545.993621088522,199.751901938414,4.18104335748255
35.7426696484521,491.905074297676,2.95193307078736
281.295108502736,21.8597784471567,3.929889297132
532.150702971957,395.080385748404,3.47261068428032
78.7396376680371,74.9687998937019,5.24983768086044
3.14896464511211,72.2329607231113,3.46743974591884
589.587612498486,225.730833547424,3.98891648875474
443.266639721881,462.989756099873,4.77039287612446
658.831018415365,373.622331562968,3.06020139391423
104.67188307463,482.832070509207,4.2444599933322
622.696959583928,92.4505594832355,4.11667578796862
422.310453860841,262.532964210065,3.53217151081685
12.3017243757985,180.845970861406,3.30240649137384
47.6207725326457,98.1234596307591,4.56748244284866
611.139900596515,194.040395341212,4.37384983909519
259.888085452548,223.046097726073,3.650149664551
573.530482927123,440.649633416337,3.82155063980702
299.992024113548,144.991261946187,3.86634189128268
520.767837681809,452.383222015896,3.45412963852308
50.0795496224574,423.123338514951,3.612276252859
200.548631115466,291.852902569003,3.99655800410725
554.653113367645,263.736440201503,3.89853960688506
169.49184090394,31.7493017744226,4.37561301063157
499.19484974406,339.403136765616,4.29460446364505
40.0554732867624,56.8612653297607,3.56350460932672
514.90592367984,138.057947171957,4.37816389769864
NA,NA,NA
660.024718059848,335.871444773127,3.6189403862736
459.534129239361,293.000825021143,3.68549284651002
9.21063339998155,494.600687884172,3.55242081209331
558.93692508116,53.9979363026359,4.26990141039756
71.9249398062461,376.691983973472,4.02556977788009
228.253988453111,414.646679796919,3.91257178935984
429.611371509581,12.9315279424413,3.26078352890307
362.968033584832,293.491333208359,2.93567087350058
603.560633786421,101.751162915089,4.13806490176965
395.239492211977,230.306624504023,4.09677098719978
569.664410466876,409.069328975375,4.71805933005561
149.255554997493,284.171727950103,4.61219537627407
199.353772634307,369.476924699939,4.07408206613445
124.786989011888,409.441287587835,3.28962321653587
625.247498766142,316.309935364742,4.52395311818524
2.77313368326052,143.229376593944,4.20321907519229
545.993621088522,199.751901938414,4.18104335748255
35.7426696484521,491.905074297676,2.95193307078736
281.295108502736,21.8597784471567,3.929889297132
532.150702971957,395.080385748404,3.47261068428032
78.7396376680371,74.9687998937019,5.24983768086044
3.14896464511211,72.2329607231113,3.46743974591884
589.587612498486,225.730833547424,3.98891648875474
443.266639721881,462.989756099873,4.77039287612446
658.831018415365,373.622331562968,3.06020139391423
104.67188307463,482.832070509207,4.2444599933322
622.696959583928,92.4505594832355,4.11667578796862
422.310453860841,262.532964210065,3.53217151081685
12.3017243757985,180.845970861406,3.30240649137384
47.6207725326457,98.1234596307591,4.56748244284866
611.139900596515,194.040395341212,4.37384983909519
259.888085452548,223.046097726073,3.650149664551
573.530482927123,440.649633416337,3.82155063980702
299.992024113548,144.991261946187,3.86634189128268
520.767837681809,452.383222015896,3.45412963852308
50.0795496224574,423.123338514951,3.612276252859
200.548631115466,291.852902569003,3.99655800410725
554.653113367645,263.736440201503,3.89853960688506
169.49184090394,31.7493017744226,4.37561301063157
499.19484974406,339.403136765616,4.29460446364505
40.0554732867624,56.8612653297607,3.56350460932672
514.90592367984,138.057947171957,4.37816389769864
NA,NA,NA
660.024718059848,335.871444773127,3.6189403862736
459.534129239361,293.000825021143,3.68549284651002
9.21063339998155,494.600687884172,3.55242081209331
558.93692508116,53.9979363026359,4.26990141039756
71.9249398062461,376.691983973472,4.02556977788009
228.253988453111,414.646679796919,3.91257178935984
429.611371509581,12.9315279424413,3.26078352890307
362.968033584832,293.491333208359,2.93567087350058
603.560633786421,101.751162915089,4.13806490176965
395.239492211977,230.306624504023,4.09677098719978
569.664410466876,409.069328975375,4.71805933005561
149.255554997493,284.171727950103,4.61219537627407
199.353772634307,369.476924699939,4.07408206613445
124.786989011888,409.441287587835,3.28962321653587
625.247498766142,316.309935364742,4.52395311818524
2.77313368326052,143.229376593944,4.20321907519229
545.993621088522,199.751901938414,4.18104335748255
35.7426696484521,491.905074297676,2.95193307078736
281.295108502736,21.8597784471567,3.929889297132
532.150702971957,395.080385748404,3.47261068428032
78.7396376680371,74.9687998937019,5.24983768086044
3.14896464511211,72.2329607231113,3.46743974591884
589.587612498486,225.730833547424,3.98891648875474
443.266639721881,462.989756099873,4.77039287612446
658.831018415365,373.622331562968,3.06020139391423
104.67188307463,482.832070509207,4.2444599933322
622.696959583928,92.4505594832355,4.11667578796862
422.310453860841,262.532964210065,3.53217151081685
12.3017243757985,180.845970861406,3.30240649137384
47.6207725326457,98.1234596307591,4.56748244284866
611.139900596515,194.040395341212,4.37384983909519
259.888085452548,223.046097726073,3.650149664551
573.530482927123,440.649633416337,3.82155063980702
299.992024113548,144.991261946187,3.86634189128268
520.767837681809,452.383222015896,3.45412963852308
50.0795496224574,423.123338514951,3.612276252859
200.548631115466,291.852902569003,3.99655800410725
554.653113367645,263.736440201503,3.89853960688506
169.49184090394,31.7493017744226,4.37561301063157
499.19484974406,339.403136765616,4.29460446364505
40.0554732867624,56.8612653297607,3.56350460932672
514.90592367984,138.057947171957,4.37816389769864
NA,NA,NA
660.024718059848,335.871444773127,3.6189403862736
459.534129239361,293.000825021143,3.68549284651002
9.21063339998155,494.600687884172,3.55242081209331
558.93692508116,53.9979363026359,4.26990141039756
71.9249398062461,376.691983973472,4.02556977788009
228.253988453111,414.646679796919,3.91257178935984
429.611371509581,12.9315279424413,3.26078352890307
362.968033584832,293.491333208359,2.93567087350058
603.560633786421,101.751162915089,4.13806490176965
395.239492211977,230.306624504023,4.09677098719978
569.664410466876,409.069328975375,4.71805933005561
149.255554997493,284.171727950103,4.61219537627407
199.353772634307,369.476924699939,4.07408206613445
124.786989011888,409.441287587835,3.28962321653587
625.247498766142,316.309935364742,4.52395311818524
2.77313368326052,143.229376593944,4.20321907519229
545.993621088522,199.751901938414,4.18104335748255
35.7426696484521,491.905074297676,2.95193307078736
281.295108502736,21.8597784471567,3.929889297132
532.150702971957,395.080385748404,3.47261068428032
78.7396376680371,74.9687998937019,5.24983768086044
3.14896464511211,72.2329607231113,3.46743974591884
589.587612498486,225.730833547424,3.98891648875474
443.266639721881,462.989756099873,4.77039287612446
658.831018415365,373.622331562968,3.06020139391423
104.67188307463,482.832070509207,4.2444599933322
622.696959583928,92.4505594832355,4.11667578796862
422.310453860841,262.532964210065,3.53217151081685
12.3017243757985,180.845970861406,3.30240649137384
47.6207725326457,98.1234596307591,4.56748244284866
611.139900596515,194.040395341212,4.37384983909519
259.888085452548,223.046097726073,3.650149664551
573.530482927123,440.649633416337,3.82155063980702
299.992024113548,144.991261946187,3.86634189128268
520.767837681809,452.383222015896,3.45412963852308
50.0795496224574,423.123338514951,3.612276252859
200.548631115466,291.852902569003,3.99655800410725
554.653113367645,263.736440201503,3.89853960688506
169.49184090394,31.7493017744226,4.37561301063157
499.19484974406,339.403136765616,4.29460446364505
40.0554732867624,56.8612653297607,3.56350460932672
514.90592367984,138.057947171957,4.37816389769864
NA,NA,NA
660.024718059848,335.871444773127,3.6189403862736
459.534129239361,293.000825021143,3.68549284651002
9.21063339998155,494.600687884172,3.55242081209331
558.93692508116,53.9979363026359,4.26990141039756
71.9249398062461,376.691983973472,4.02556977788009
228.253988453111,414.646679796919,3.91257178935984
429.611371509581,12.9315279424413,3.26078352890307
362.968033584832,293.491333208359,2.93567087350058
603.560633786421,101.751162915089,4.13806490176965
395.239492211977,230.306624504023,4.09677098719978
569.664410466876,409.069328975375,4.71805933005561
149.255554997493,284.171727950103,4.61219537627407
199.353772634307,369.476924699939,4.07408206613445
124.786989011888,409.441287587835,3.28962321653587
625.247498766142,316.309935364742,4.52395311818524
2.77313368326052,143.229376593944,4.20321907519229
545.993621088522,199.751901938414,4.18104335748255
35.7426696484521,491.905074297676,2.95193307078736
281.295108502736,21.8597784471567,3.929889297132
532.150702971957,395.080385748404,3.47261068428032
78.7396376680371,74.9687998937019,5.24983768086044
3.14896464511211,72.2329607231113,3.46743974591884
589.587612498486,225.730833547424,3.98891648875474
443.266639721881,462.989756099873,4.77039287612446
658.831018415365,373.622331562968,3.06020139391423
104.67188307463,482.832070509207,4.2444599933322
622.696959583928,92.4505594832355,4.11667578796862
422.310453860841,262.532964210065,3.53217151081685
12.3017243757985,180.845970861406,3.30240649137384
47.6207725326457,98.1234596307591,4.56748244284866
611.139900596515,194.040395341212,4.37384983909519
259.888085452548,223.046097726073,3.650149664551
573.530482927123,440.649633416337,3.82155063980702
299.992024113548,144.991261946187,3.86634189128268
520.767837681809,452.383222015896,3.45412963852308
50.0795496224574,423.123338514951,3.612276252859
200.548631115466,291.852902569003,3.99655800410725
554.653113367645,263.736440201503,3.89853960688506
169.49184090394,31.7493017744226,4.37561301063157
499.19484974406,339.403136765616,4.29460446364505
40.0554732867624,56.8612653297607,3.56350460932672
514.90592367984,138.057947171957,4.37816389769864
NA,NA,NA
664.365655516394,336.289434127319,3.62065492870363
456.045894149384,295.573708484294,3.73389132013014
10.5610928038175,494.310085493579,3.53720423160449
558.261294506756,50.6529978921915,4.22178409309167
74.8065133249701,377.339381523105,3.92215092863269
224.81371954385,415.007377907483,3.87536647072301
429.393980648445,15.1651343678125,3.33581964922875
362.293587532916,291.773359952174,3.06801489051708
607.290155149289,107.337260918505,4.21460243079185
394.789087135594,223.182727920607,4.10245546543479
572.748637384424,406.059748142498,4.72972031409436
131.94899352849,280.84401447962,4.65385911606047
195.502820236999,367.484534949711,3.9536024666141
126.00501283404,409.98520639556,3.5181625440701
623.491051301043,317.276030618813,4.58334912002438
-5.11723633089786,147.832474767324,4.1765822654133
545.499638087162,202.767483815533,4.15157469924772
35.5501108901648,491.085977975788,2.9773465144119
283.028138168175,22.2177714766957,3.90642387406735
534.734972640345,393.529472412047,3.35931505003568
67.7417319989386,84.574194128483,5.12251325747583
5.5977811467177,76.6980565302237,3.67337581857552
587.770705278185,229.722863005897,3.99398187102269
445.91873312648,462.437996818652,4.80498878427008
659.878375321813,373.878238481855,3.23373740926122
102.446719263175,490.536563614801,4.42056244466687
624.250499862173,90.3834559017619,4.09311135789492
420.658463743151,258.181534922431,3.69874294372565
11.4427036415393,178.857550149838,3.1292818614169
63.0549540029214,107.351340115479,4.52735081263589
600.390616242142,209.165118321197,4.44618303047453
260.707699875893,217.615152681365,3.72455218188816
570.187538352152,436.393752945551,4.03648554910397
302.493675213997,135.610433741978,3.8484386639973
524.056788071559,455.777815284474,3.58990393386122
49.4985023067093,409.607289675117,3.97121201705282
189.996176203381,293.052167836656,3.75337294509939
551.364403526507,256.454808390552,4.11333784005352
176.191073517696,23.4795518369708,4.35044926732029
505.272645139538,348.335740151365,4.24052576075191
41.1983876864764,42.9183741210928,3.41579210575892
540.589750025114,148.103608796062,4.72066711882118
NA,NA,NA
664.365655516394,336.289434127319,3.62065492870363
456.045894149384,295.573708484294,3.73389132013014
10.5610928038175,494.310085493579,3.53720423160449
558.261294506756,50.6529978921915,4.22178409309167
74.8065133249701,377.339381523105,3.92215092863269
224.81371954385,415.007377907483,3.87536647072301
429.393980648445,15.1651343678125,3.33581964922875
362.293587532916,291.773359952174,3.06801489051708
607.290155149289,107.337260918505,4.21460243079185
394.789087135594,223.182727920607,4.10245546543479
572.748637384424,406.059748142498,4.72972031409436
131.94899352849,280.84401447962,4.65385911606047
195.502820236999,367.484534949711,3.9536024666141
126.00501283404,409.98520639556,3.5181625440701
623.491051301043,317.276030618813,4.58334912002438
-5.11723633089786,147.832474767324,4.1765822654133
545.499638087162,202.767483815533,4.15157469924772
35.5501108901648,491.085977975788,2.9773465144119
283.028138168175,22.2177714766957,3.90642387406735
534.734972640345,393.529472412047,3.35931505003568
67.7417319989386,84.574194128483,5.12251325747583
5.5977811467177,76.6980565302237,3.67337581857552
587.770705278185,229.722863005897,3.99398187102269
445.91873312648,462.437996818652,4.80498878427008
659.878375321813,373.878238481855,3.23373740926122
102.446719263175,490.536563614801,4.42056244466687
624.250499862173,90.3834559017619,4.09311135789492
420.658463743151,258.181534922431,3.69874294372565
11.4427036415393,178.857550149838,3.1292818614169
63.0549540029214,107.351340115479,4.52735081263589
600.390616242142,209.165118321197,4.44618303047453
260.707699875893,217.615152681365,3.72455218188816
570.187538352152,436.393752945551,4.03648554910397
302.493675213997,135.610433741978,3.8484386639973
524.056788071559,455.777815284474,3.58990393386122
49.4985023067093,409.607289675117,3.97121201705282
189.996176203381,293.052167836656,3.75337294509939
551.364403526507,256.454808390552,4.11333784005352
176.191073517696,23.4795518369708,4.35044926732029
505.272645139538,348.335740151365,4.24052576075191
41.1983876864764,42.9183741210928,3.41579210575892
540.589750025114,148.103608796062,4.72066711882118
NA,NA,NA
664.365655516394,336.289434127319,3.62065492870363
456.045894149384,295.573708484294,3.73389132013014
10.5610928038175,494.310085493579,3.53720423160449
558.261294506756,50.6529978921915,4.22178409309167
74.8065133249701,377.339381523105,3.92215092863269
224.81371954385,415.007377907483,3.87536647072301
429.393980648445,15.1651343678125,3.33581964922875
362.293587532916,291.773359952174,3.06801489051708
607.290155149289,107.337260918505,4.21460243079185
394.789087135594,223.182727920607,4.10245546543479
572.748637384424,406.059748142498,4.72972031409436
131.94899352849,280.84401447962,4.65385911606047
195.502820236999,367.484534949711,3.9536024666141
126.00501283404,409.98520639556,3.5181625440701
623.491051301043,317.276030618813,4.58334912002438
-5.11723633089786,147.832474767324,4.1765822654133
545.499638087162,202.767483815533,4.15157469924772
35.5501108901648,491.085977975788,2.9773465144119
283.028138168175,22.2177714766957,3.90642387406735
534.734972640345,393.529472412047,3.35931505003568
67.7417319989386,84.574194128483,5.12251325747583
5.5977811467177,76.6980565302237,3.67337581857552
587.770705278185,229.722863005897,3.99398187102269
445.91873312648,462.437996818652,4.80498878427008
659.878375321813,373.878238481855,3.23373740926122
102.446719263175,490.536563614801,4.42056244466687
624.250499862173,90.3834559017619,4.09311135789492
420.658463743151,258.181534922431,3.69874294372565
11.4427036415393,178.857550149838,3.1292818614169
63.0549540029214,107.351340115479,4.52735081263589
600.390616242142,209.165118321197,4.44618303047453
260.707699875893,217.615152681365,3.72455218188816
570.187538352152,436.393752945551,4.03648554910397
302.493675213997,135.610433741978,3.8484386639973
524.056788071559,455.777815284474,3.58990393386122
49.4985023067093,409.607289675117,3.97121201705282
189.996176203381,293.052167836656,3.75337294509939
551.364403526507,256.454808390552,4.11333784005352
176.191073517696,23.4795518369708,4.35044926732029
505.272645139538,348.335740151365,4.24052576075191
41.1983876864764,42.9183741210928,3.41579210575892
540.589750025114,148.103608796062,4.72066711882118
NA,NA,NA
664.365655516394,336.289434127319,3.62065492870363
456.045894149384,295.573708484294,3.73389132013014
10.5610928038175,494.310085493579,3.53720423160449
558.261294506756,50.6529978921915,4.22178409309167
74.8065133249701,377.339381523105,3.92215092863269
224.81371954385,415.007377907483,3.87536647072301
429.393980648445,15.1651343678125,3.33581964922875
362.293587532916,291.773359952174,3.06801489051708
607.290155149289,107.337260918505,4.21460243079185
394.789087135594,223.182727920607,4.10245546543479
572.748637384424,406.059748142498,4.72972031409436
131.94899352849,280.84401447962,4.65385911606047
195.502820236999,367.484534949711,3.9536024666141
126.00501283404,409.98520639556,3.5181625440701
623.491051301043,317.276030618813,4.58334912002438
-5.11723633089786,147.832474767324,4.1765822654133
545.499638087162,202.767483815533,4.15157469924772
35.5501108901648,491.085977975788,2.9773465144119
283.028138168175,22.2177714766957,3.90642387406735
534.734972640345,393.529472412047,3.35931505003568
67.7417319989386,84.574194128483,5.12251325747583
5.5977811467177,76.6980565302237,3.67337581857552
587.770705278185,229.722863005897,3.99398187102269
445.91873312648,462.437996818652,4.80498878427008
659.878375321813,373.878238481855,3.23373740926122
102.446719263175,490.536563614801,4.42056244466687
624.250499862173,90.3834559017619,4.09311135789492
420.658463743151,258.181534922431,3.69874294372565
11.4427036415393,178.857550149838,3.1292818614169
63.0549540029214,107.351340115479,4.52735081263589
600.390616242142,209.165118321197,4.44618303047453
260.707699875893,217.615152681365,3.72455218188816
570.187538352152,436.393752945551,4.03648554910397
302.493675213997,135.610433741978,3.8484386639973
524.056788071559,455.777815284474,3.58990393386122
49.4985023067093,409.607289675117,3.97121201705282
189.996176203381,293.052167836656,3.75337294509939
551.364403526507,256.454808390552,4.11333784005352
176.191073517696,23.4795518369708,4.35044926732029
505.272645139538,348.335740151365,4.24052576075191
41.1983876864764,42.9183741210928,3.41579210575892
540.589750025114,148.103608796062,4.72066711882118
NA,NA,NA
664.365655516394,336.289434127319,3.62065492870363
456.045894149384,295.573708484294,3.73389132013014
10.5610928038175,494.310085493579,3.53720423160449
558.261294506756,50.6529978921915,4.22178409309167
74.8065133249701,377.339381523105,3.92215092863269
224.81371954385,415.007377907483,3.87536647072301
429.393980648445,15.1651343678125,3.33581964922875
362.293587532916,291.773359952174,3.06801489051708
607.290155149289,107.337260918505,4.21460243079185
394.789087135594,223.182727920607,4.10245546543479
572.748637384424,406.059748142498,4.72972031409436
131.94899352849,280.84401447962,4.65385911606047
195.502820236999,367.484534949711,3.9536024666141
126.00501283404,409.98520639556,3.5181625440701
623.491051301043,317.276030618813,4.58334912002438
-5.11723633089786,147.832474767324,4.1765822654133
545.499638087162,202.767483815533,4.15157469924772
35.5501108901648,491.085977975788,2.9773465144119
283.028138168175,22.2177714766957,3.90642387406735
534.734972640345,393.529472412047,3.35931505003568
67.7417319989386,84.574194128483,5.12251325747583
5.5977811467177,76.6980565302237,3.67337581857552
587.770705278185,229.722863005897,3.99398187102269
445.91873312648,462.437996818652,4.80498878427008
659.878375321813,373.878238481855,3.23373740926122
102.446719263175,490.536563614801,4.42056244466687
624.250499862173,90.3834559017619,4.09311135789492
420.658463743151,258.181534922431,3.69874294372565
11.4427036415393,178.857550149838,3.1292818614169
63.0549540029214,107.351340115479,4.52735081263589
600.390616242142,209.165118321197,4.44618303047453
260.707699875893,217.615152681365,3.72455218188816
570.187538352152,436.393752945551,4.03648554910397
302.493675213997,135.610433741978,3.8484386639973
524.056788071559,455.777815284474,3.58990393386122
49.4985023067093,409.607289675117,3.97121201705282
189.996176203381,293.052167836656,3.75337294509939
551.364403526507,256.454808390552,4.11333784005352
176.191073517696,23.4795518369708,4.35044926732029
505.272645139538,348.335740151365,4.24052576075191
41.1983876864764,42.9183741210928,3.41579210575892
540.589750025114,148.103608796062,4.72066711882118
NA,NA,NA
664.365655516394,336.289434127319,3.62065492870363
456.045894149384,295.573708484294,3.73389132013014
10.5610928038175,494.310085493579,3.53720423160449
558.261294506756,50.6529978921915,4.22178409309167
74.8065133249701,377.339381523105,3.92215092863269
224.81371954385,415.007377907483,3.87536647072301
429.393980648445,15.1651343678125,3.33581964922875
362.293587532916,291.773359952174,3.06801489051708
607.290155149289,107.337260918505,4.21460243079185
394.789087135594,223.182727920607,4.10245546543479
572.748637384424,406.059748142498,4.72972031409436
131.94899352849,280.84401447962,4.65385911606047
195.502820236999,367.484534949711,3.9536024666141
126.00501283404,409.98520639556,3.5181625440701
623.491051301043,317.276030618813,4.58334912002438
-5.11723633089786,147.832474767324,4.1765822654133
545.499638087162,202.767483815533,4.15157469924772
35.5501108901648,491.085977975788,2.9773465144119
283.028138168175,22.2177714766957,3.90642387406735
534.734972640345,393.529472412047,3.35931505003568
67.7417319989386,84.574194128483,5.12251325747583
5.5977811467177,76.6980565302237,3.67337581857552
587.770705278185,229.722863005897,3.99398187102269
445.91873312648,462.437996818652,4.80498878427008
659.878375321813,373.878238481855,3.23373740926122
102.446719263175,490.536563614801,4.42056244466687
624.250499862173,90.3834559017619,4.09311135789492
420.658463743151,258.181534922431,3.69874294372565
11.4427036415393,178.857550149838,3.1292818614169
63.0549540029214,107.351340115479,4.52735081263589
600.390616242142,209.165118321197,4.44618303047453
260.707699875893,217.615152681365,3.72455218188816
570.187538352152,436.393752945551,4.03648554910397
302.493675213997,135.610433741978,3.8484386639973
524.056788071559,455.777815284474,3.58990393386122
49.4985023067093,409.607289675117,3.97121201705282
189.996176203381,293.052167836656,3.75337294509939
551.364403526507,256.454808390552,4.11333784005352
176.191073517696,23.4795518369708,4.35044926732029
505.272645139538,348.335740151365,4.24052576075191
41.1983876864764,42.9183741210928,3.41579210575892
540.589750025114,148.103608796062,4.72066711882118
NA,NA,NA
662.348441182741,334.354424626837,3.52134324047208
453.432738221087,300.608624361043,3.64152408743586
9.05606023407136,494.176964982565,3.61926006444701
564.172716256165,50.312589198271,4.16920887747568
68.9883582753407,374.479373047251,4.10534376208856
226.590677494159,417.944762812536,3.93289163966496
430.960579663426,10.1779425375368,3.35948837574111
359.646795598762,292.668100220759,3.00033830548889
610.118102647441,100.944500759914,4.13387734355135
391.946228682479,224.023449478507,4.18319329068199
573.574304146198,410.727550423738,4.71660304331373
142.763194732728,289.178451167731,4.5294478322577
201.873138924713,371.416920755812,4.15094074696136
126.270467036383,410.796037278622,3.5269237158291
621.99649637655,311.268854010982,4.54694480428306
0.379225249797693,149.99758677784,4.34612323950424
542.537903621532,203.678551951585,4.15099045861928
33.3395799834579,491.591790908382,2.94259873627138
278.364845444681,23.605268564908,3.95491250671096
533.40794551513,390.229251633081,3.3128045115084
73.5615540013514,79.6374552685321,5.20637639639139
3.72551750771699,74.7758715513896,3.5996965493776
588.56342158943,225.925807969027,4.00740156785265
439.873685160502,450.357936575166,4.82483880291303
656.336968866397,373.185534733878,3.16660523448203
105.033050778858,492.358697224621,4.36455149404198
625.795435479164,89.1935809486257,4.09123038291988
420.619082866473,256.746503763904,3.62745661566837
10.9488290653482,181.779577079662,3.17901220432017
76.184586935441,118.913185044654,4.42185011878645
599.941141299263,203.646151768554,4.34442727834907
257.199287539579,220.263572501813,3.86044511892729
574.17925444929,438.000056374239,4.06987832768556
301.037421225701,134.15606348334,3.87944160632371
527.51440521912,454.215977197375,3.61633782555506
41.0343013198905,414.072475744222,4.23830727774876
196.716132478868,280.04360417213,4.093870858671
550.014518645225,261.085745645379,3.76436465697635
170.103117720469,30.509519018544,4.34645868491744
498.657850120194,349.040330579368,4.66168731695077
39.0511591101601,46.4122560587304,3.88283410075939
519.030305199241,150.05104874606,5.01203425100677
NA,NA,NA
662.348441182741,334.354424626837,3.52134324047208
453.432738221087,300.608624361043,3.64152408743586
9.05606023407136,494.176964982565,3.61926006444701
564.172716256165,50.312589198271,4.16920887747568
68.9883582753407,374.479373047251,4.10534376208856
226.590677494159,417.944762812536,3.93289163966496
430.960579663426,10.1779425375368,3.35948837574111
359.646795598762,292.668100220759,3.00033830548889
610.118102647441,100.944500759914,4.13387734355135
391.946228682479,224.023449478507,4.18319329068199
573.574304146198,410.727550423738,4.71660304331373
142.763194732728,289.178451167731,4.5294478322577
201.873138924713,371.416920755812,4.15094074696136
126.270467036383,410.796037278622,3.5269237158291
621.99649637655,311.268854010982,4.54694480428306
0.379225249797693,149.99758677784,4.34612323950424
542.537903621532,203.678551951585,4.15099045861928
33.3395799834579,491.591790908382,2.94259873627138
278.364845444681,23.605268564908,3.95491250671096
533.40794551513,390.229251633081,3.3128045115084
73.5615540013514,79.6374552685321,5.20637639639139
3.72551750771699,74.7758715513896,3.5996965493776
588.56342158943,225.925807969027,4.00740156785265
439.873685160502,450.357936575166,4.82483880291303
656.336968866397,373.185534733878,3.16660523448203
105.033050778858,492.358697224621,4.36455149404198
625.795435479164,89.1935809486257,4.09123038291988
420.619082866473,256.746503763904,3.62745661566837
10.9488290653482,181.779577079662,3.17901220432017
76.184586935441,118.913185044654,4.42185011878645
599.941141299263,203.646151768554,4.34442727834907
257.199287539579,220.263572501813,3.86044511892729
574.17925444929,438.000056374239,4.06987832768556
301.037421225701,134.15606348334,3.87944160632371
527.51440521912,454.215977197375,3.61633782555506
41.0343013198905,414.072475744222,4.23830727774876
196.716132478868,280.04360417213,4.093870858671
550.014518645225,261.085745645379,3.76436465697635
170.103117720469,30.509519018544,4.34645868491744
498.657850120194,349.040330579368,4.66168731695077
39.0511591101601,46.4122560587304,3.88283410075939
519.030305199241,150.05104874606,5.01203425100677
NA,NA,NA
662.348441182741,334.354424626837,3.52134324047208
453.432738221087,300.608624361043,3.64152408743586
9.05606023407136,494.176964982565,3.61926006444701
564.172716256165,50.312589198271,4.16920887747568
68.9883582753407,374.479373047251,4.10534376208856
226.590677494159,417.944762812536,3.93289163966496
430.960579663426,10.1779425375368,3.35948837574111
359.646795598762,292.668100220759,3.00033830548889
610.118102647441,100.944500759914,4.13387734355135
391.946228682479,224.023449478507,4.18319329068199
573.574304146198,410.727550423738,4.71660304331373
142.763194732728,289.178451167731,4.5294478322577
201.873138924713,371.416920755812,4.15094074696136
126.270467036383,410.796037278622,3.5269237158291
621.99649637655,311.268854010982,4.54694480428306
0.379225249797693,149.99758677784,4.34612323950424
542.537903621532,203.678551951585,4.15099045861928
33.3395799834579,491.591790908382,2.94259873627138
278.364845444681,23.605268564908,3.95491250671096
533.40794551513,390.229251633081,3.3128045115084
73.5615540013514,79.6374552685321,5.20637639639139
3.72551750771699,74.7758715513896,3.5996965493776
588.56342158943,225.925807969027,4.00740156785265
439.873685160502,450.357936575166,4.82483880291303
656.336968866397,373.185534733878,3.16660523448203
105.033050778858,492.358697224621,4.36455149404198
625.795435479164,89.1935809486257,4.09123038291988
420.619082866473,256.746503763904,3.62745661566837
10.9488290653482,181.779577079662,3.17901220432017
76.184586935441,118.913185044654,4.42185011878645
599.941141299263,203.646151768554,4.34442727834907
257.199287539579,220.263572501813,3.86044511892729
574.17925444929,438.000056374239,4.06987832768556
301.037421225701,134.15606348334,3.87944160632371
527.51440521912,454.215977197375,3.61633782555506
41.0343013198905,414.072475744222,4.23830727774876
196.716132478868,280.04360417213,4.093870858671
550.014518645225,261.085745645379,3.76436465697635
170.103117720469,30.509519018544,4.34645868491744
498.657850120194,349.040330579368,4.66168731695077
39.0511591101601,46.4122560587304,3.88283410075939
519.030305199241,150.05104874606,5.01203425100677
NA,NA,NA
662.348441182741,334.354424626837,3.52134324047208
453.432738221087,300.608624361043,3.64152408743586
9.05606023407136,494.176964982565,3.61926006444701
564.172716256165,50.312589198271,4.16920887747568
68.9883582753407,374.479373047251,4.10534376208856
226.590677494159,417.944762812536,3.93289163966496
430.960579663426,10.1779425375368,3.35948837574111
359.646795598762,292.668100220759,3.00033830548889
610.118102647441,100.944500759914,4.13387734355135
391.946228682479,224.023449478507,4.18319329068199
573.574304146198,410.727550423738,4.71660304331373
142.763194732728,289.178451167731,4.5294478322577
201.873138924713,371.416920755812,4.15094074696136
126.270467036383,410.796037278622,3.5269237158291
621.99649637655,311.268854010982,4.54694480428306
0.379225249797693,149.99758677784,4.34612323950424
542.537903621532,203.678551951585,4.15099045861928
33.3395799834579,491.591790908382,2.94259873627138
278.364845444681,23.605268564908,3.95491250671096
533.40794551513,390.229251633081,3.3128045115084
73.5615540013514,79.6374552685321,5.20637639639139
3.72551750771699,74.7758715513896,3.5996965493776
588.56342158943,225.925807969027,4.00740156785265
439.873685160502,450.357936575166,4.82483880291303
656.336968866397,373.185534733878,3.16660523448203
105.033050778858,492.358697224621,4.36455149404198
625.795435479164,89.1935809486257,4.09123038291988
420.619082866473,256.746503763904,3.62745661566837
10.9488290653482,181.779577079662,3.17901220432017
76.184586935441,118.913185044654,4.42185011878645
599.941141299263,203.646151768554,4.34442727834907
257.199287539579,220.263572501813,3.86044511892729
574.17925444929,438.000056374239,4.06987832768556
301.037421225701,134.15606348334,3.87944160632371
527.51440521912,454.215977197375,3.61633782555506
41.0343013198905,414.072475744222,4.23830727774876
196.716132478868,280.04360417213,4.093870858671
550.014518645225,261.085745645379,3.76436465697635
170.103117720469,30.509519018544,4.34645868491744
498.657850120194,349.040330579368,4.66168731695077
39.0511591101601,46.4122560587304,3.88283410075939
519.030305199241,150.05104874606,5.01203425100677
NA,NA,NA
662.348441182741,334.354424626837,3.52134324047208
453.432738221087,300.608624361043,3.64152408743586
9.05606023407136,494.176964982565,3.61926006444701
564.172716256165,50.312589198271,4.16920887747568
68.9883582753407,374.479373047251,4.10534376208856
226.590677494159,417.944762812536,3.93289163966496
430.960579663426,10.1779425375368,3.35948837574111
359.646795598762,292.668100220759,3.00033830548889
610.118102647441,100.944500759914,4.13387734355135
391.946228682479,224.023449478507,4.18319329068199
573.574304146198,410.727550423738,4.71660304331373
142.763194732728,289.178451167731,4.5294478322577
201.873138924713,371.416920755812,4.15094074696136
126.270467036383,410.796037278622,3.5269237158291
621.99649637655,311.268854010982,4.54694480428306
0.379225249797693,149.99758677784,4.34612323950424
542.537903621532,203.678551951585,4.15099045861928
33.3395799834579,491.591790908382,2.94259873627138
278.364845444681,23.605268564908,3.95491250671096
533.40794551513,390.229251633081,3.3128045115084
73.5615540013514,79.6374552685321,5.20637639639139
3.72551750771699,74.7758715513896,3.5996965493776
588.56342158943,225.925807969027,4.00740156785265
439.873685160502,450.357936575166,4.82483880291303
656.336968866397,373.185534733878,3.16660523448203
105.033050778858,492.358697224621,4.36455149404198
625.795435479164,89.1935809486257,4.09123038291988
420.619082866473,256.746503763904,3.62745661566837
10.9488290653482,181.779577079662,3.17901220432017
76.184586935441,118.913185044654,4.42185011878645
599.941141299263,203.646151768554,4.34442727834907
257.199287539579,220.263572501813,3.86044511892729
574.17925444929,438.000056374239,4.06987832768556
301.037421225701,134.15606348334,3.87944160632371
527.51440521912,454.215977197375,3.61633782555506
41.0343013198905,414.072475744222,4.23830727774876
196.716132478868,280.04360417213,4.093870858671
550.014518645225,261.085745645379,3.76436465697635
170.103117720469,30.509519018544,4.34645868491744
498.657850120194,349.040330579368,4.66168731695077
39.0511591101601,46.4122560587304,3.88283410075939
519.030305199241,150.05104874606,5.01203425100677
NA,NA,NA
662.348441182741,334.354424626837,3.52134324047208
453.432738221087,300.608624361043,3.64152408743586
9.05606023407136,494.176964982565,3.61926006444701
564.172716256165,50.312589198271,4.16920887747568
68.9883582753407,374.479373047251,4.10534376208856
226.590677494159,417.944762812536,3.93289163966496
430.960579663426,10.1779425375368,3.35948837574111
359.646795598762,292.668100220759,3.00033830548889
610.118102647441,100.944500759914,4.13387734355135
391.946228682479,224.023449478507,4.18319329068199
573.574304146198,410.727550423738,4.71660304331373
142.763194732728,289.178451167731,4.5294478322577
201.873138924713,371.416920755812,4.15094074696136
126.270467036383,410.796037278622,3.5269237158291
621.99649637655,311.268854010982,4.54694480428306
0.379225249797693,149.99758677784,4.34612323950424
542.537903621532,203.678551951585,4.15099045861928
33.3395799834579,491.591790908382,2.94259873627138
278.364845444681,23.605268564908,3.95491250671096
533.40794551513,390.229251633081,3.3128045115084
73.5615540013514,79.6374552685321,5.20637639639139
3.72551750771699,74.7758715513896,3.5996965493776
588.56342158943,225.925807969027,4.00740156785265
439.873685160502,450.357936575166,4.82483880291303
656.336968866397,373.185534733878,3.16660523448203
105.033050778858,492.358697224621,4.36455149404198
625.795435479164,89.1935809486257,4.09123038291988
420.619082866473,256.746503763904,3.62745661566837
10.9488290653482,181.779577079662,3.17901220432017
76.184586935441,118.913185044654,4.42185011878645
599.941141299263,203.646151768554,4.34442727834907
257.199287539579,220.263572501813,3.86044511892729
574.17925444929,438.000056374239,4.06987832768556
301.037421225701,134.15606348334,3.87944160632371
527.51440521912,454.215977197375,3.61633782555506
41.0343013198905,414.072475744222,4.23830727774876
196.716132478868,280.04360417213,4.093870858671
550.014518645225,261.085745645379,3.76436465697635
170.103117720469,30.509519018544,4.34645868491744
498.657850120194,349.040330579368,4.66168731695077
39.0511591101601,46.4122560587304,3.88283410075939
519.030305199241,150.05104874606,5.01203425100677
NA,NA,NA
661.013775368083,335.985175685857,3.47260031643348
453.702791129563,303.777880137144,3.68112065531097
6.39786171601474,494.720034202601,3.52376668052015
562.098847106457,49.4248089442225,4.16006082412665
73.7997874124265,379.419323864062,4.04774383902305
234.344129652405,411.125909247194,3.90421580131985
429.652595208658,12.2056738482428,3.23055700158009
363.587653267355,291.65622118251,2.88384384444898
606.737680066826,99.7616040274705,4.22441346605523
395.022142340737,230.404281526357,4.24070792536269
573.9034196671,406.081896816317,4.68987436428339
135.996853939473,280.154227807948,4.68603967169509
201.151432885351,368.61427336279,4.0362495088929
125.119536515008,409.723948510662,3.31292514646006
627.641277859322,312.784704159618,4.67076106846714
0.807004316082107,145.0353230496,4.21857143453343
541.054094613811,207.10906775494,4.15543405322027
33.7142260480174,490.21323819168,2.96574238637926
277.84861227797,17.6945825983492,3.88401644618592
535.290154203672,393.864853580372,3.39436324188415
78.3681835973965,75.0376049162584,5.19925438017447
6.7457825653565,76.7279912828255,3.44788031740914
589.30714370123,227.403928164569,4.08228000048595
440.884468108902,464.662344730809,4.7722942914823
658.957375097473,373.417887061092,3.04401824910896
107.145539149454,485.40259220074,4.36103371112026
623.832277430848,91.0242603731649,4.08157599854575
420.540488005847,259.106392719603,3.65784181633833
10.047408063477,180.849991352783,3.17112584602593
69.1295347091618,118.115448574287,4.55062769617728
604.411541398733,205.752510468673,4.28681270256874
257.520898509045,219.796844202622,3.98878354405676
561.910304010154,440.535232103404,3.91830530155846
302.409267631187,141.586617724015,3.85455023275036
531.027272588354,463.01234768322,3.45720704129528
55.5004518057587,413.261818384254,3.97146298380624
186.615784745825,297.369673375122,3.68287730717777
552.014250693772,252.84100315163,3.81146862854143
170.820496154405,37.4110667817823,4.29445051080702
491.569332068548,338.500947339438,4.35873515808613
28.3912811720248,47.5266581265198,3.732527624496
537.650076793116,129.059601945098,4.79450076454252
NA,NA,NA
661.013775368083,335.985175685857,3.47260031643348
453.702791129563,303.777880137144,3.68112065531097
6.39786171601474,494.720034202601,3.52376668052015
562.098847106457,49.4248089442225,4.16006082412665
73.7997874124265,379.419323864062,4.04774383902305
234.344129652405,411.125909247194,3.90421580131985
429.652595208658,12.2056738482428,3.23055700158009
363.587653267355,291.65622118251,2.88384384444898
606.737680066826,99.7616040274705,4.22441346605523
395.022142340737,230.404281526357,4.24070792536269
573.9034196671,406.081896816317,4.68987436428339
135.996853939473,280.154227807948,4.68603967169509
201.151432885351,368.61427336279,4.0362495088929
125.119536515008,409.723948510662,3.31292514646006
627.641277859322,312.784704159618,4.67076106846714
0.807004316082107,145.0353230496,4.21857143453343
541.054094613811,207.10906775494,4.15543405322027
33.7142260480174,490.21323819168,2.96574238637926
277.84861227797,17.6945825983492,3.88401644618592
535.290154203672,393.864853580372,3.39436324188415
78.3681835973965,75.0376049162584,5.19925438017447
6.7457825653565,76.7279912828255,3.44788031740914
589.30714370123,227.403928164569,4.08228000048595
440.884468108902,464.662344730809,4.7722942914823
658.957375097473,373.417887061092,3.04401824910896
107.145539149454,485.40259220074,4.36103371112026
623.832277430848,91.0242603731649,4.08157599854575
420.540488005847,259.106392719603,3.65784181633833
10.047408063477,180.849991352783,3.17112584602593
69.1295347091618,118.115448574287,4.55062769617728
604.411541398733,205.752510468673,4.28681270256874
257.520898509045,219.796844202622,3.98878354405676
561.910304010154,440.535232103404,3.91830530155846
302.409267631187,141.586617724015,3.85455023275036
531.027272588354,463.01234768322,3.45720704129528
55.5004518057587,413.261818384254,3.97146298380624
186.615784745825,297.369673375122,3.68287730717777
552.014250693772,252.84100315163,3.81146862854143
170.820496154405,37.4110667817823,4.29445051080702
491.569332068548,338.500947339438,4.35873515808613
28.3912811720248,47.5266581265198,3.732527624496
537.650076793116,129.059601945098,4.79450076454252
NA,NA,NA
661.013775368083,335.985175685857,3.47260031643348
453.702791129563,303.777880137144,3.68112065531097
6.39786171601474,494.720034202601,3.52376668052015
562.098847106457,49.4248089442225,4.16006082412665
73.7997874124265,379.419323864062,4.04774383902305
234.344129652405,411.125909247194,3.90421580131985
429.652595208658,12.2056738482428,3.23055700158009
363.587653267355,291.65622118251,2.88384384444898
606.737680066826,99.7616040274705,4.22441346605523
395.022142340737,230.404281526357,4.24070792536269
573.9034196671,406.081896816317,4.68987436428339
135.996853939473,280.154227807948,4.68603967169509
201.151432885351,368.61427336279,4.0362495088929
125.119536515008,409.723948510662,3.31292514646006
627.641277859322,312.784704159618,4.67076106846714
0.807004316082107,145.0353230496,4.21857143453343
541.054094613811,207.10906775494,4.15543405322027
33.7142260480174,490.21323819168,2.96574238637926
277.84861227797,17.6945825983492,3.88401644618592
535.290154203672,393.864853580372,3.39436324188415
78.3681835973965,75.0376049162584,5.19925438017447
6.7457825653565,76.7279912828255,3.44788031740914
589.30714370123,227.403928164569,4.08228000048595
440.884468108902,464.662344730809,4.7722942914823
658.957375097473,373.417887061092,3.04401824910896
107.145539149454,485.40259220074,4.36103371112026
623.832277430848,91.0242603731649,4.08157599854575
420.540488005847,259.106392719603,3.65784181633833
10.047408063477,180.849991352783,3.17112584602593
69.1295347091618,118.115448574287,4.55062769617728
604.411541398733,205.752510468673,4.28681270256874
257.520898509045,219.796844202622,3.98878354405676
561.910304010154,440.535232103404,3.91830530155846
302.409267631187,141.586617724015,3.85455023275036
531.027272588354,463.01234768322,3.45720704129528
55.5004518057587,413.261818384254,3.97146298380624
186.615784745825,297.369673375122,3.68287730717777
552.014250693772,252.84100315163,3.81146862854143
170.820496154405,37.4110667817823,4.29445051080702
491.569332068548,338.500947339438,4.35873515808613
28.3912811720248,47.5266581265198,3.732527624496
537.650076793116,129.059601945098,4.79450076454252
NA,NA,NA
661.013775368083,335.985175685857,3.47260031643348
453.702791129563,303.777880137144,3.68112065531097
6.39786171601474,494.720034202601,3.52376668052015
562.098847106457,49.4248089442225,4.16006082412665
73.7997874124265,379.419323864062,4.04774383902305
234.344129652405,411.125909247194,3.90421580131985
429.652595208658,12.2056738482428,3.23055700158009
363.587653267355,291.65622118251,2.88384384444898
606.737680066826,99.7616040274705,4.22441346605523
395.022142340737,230.404281526357,4.24070792536269
573.9034196671,406.081896816317,4.68987436428339
135.996853939473,280.154227807948,4.68603967169509
201.151432885351,368.61427336279,4.0362495088929
125.119536515008,409.723948510662,3.31292514646006
627.641277859322,312.784704159618,4.67076106846714
0.807004316082107,145.0353230496,4.21857143453343
541.054094613811,207.10906775494,4.15543405322027
33.7142260480174,490.21323819168,2.96574238637926
277.84861227797,17.6945825983492,3.88401644618592
535.290154203672,393.864853580372,3.39436324188415
78.3681835973965,75.0376049162584,5.19925438017447
6.7457825653565,76.7279912828255,3.44788031740914
589.30714370123,227.403928164569,4.08228000048595
440.884468108902,464.662344730809,4.7722942914823
658.957375097473,373.417887061092,3.04401824910896
107.145539149454,485.40259220074,4.36103371112026
623.832277430848,91.0242603731649,4.08157599854575
420.540488005847,259.106392719603,3.65784181633833
10.047408063477,180.849991352783,3.17112584602593
69.1295347091618,118.115448574287,4.55062769617728
604.411541398733,205.752510468673,4.28681270256874
257.520898509045,219.796844202622,3.98878354405676
561.910304010154,440.535232103404,3.91830530155846
302.409267631187,141.586617724015,3.85455023275036
531.027272588354,463.01234768322,3.45720704129528
55.5004518057587,413.261818384254,3.97146298380624
186.615784745825,297.369673375122,3.68287730717777
552.014250693772,252.84100315163,3.81146862854143
170.820496154405,37.4110667817823,4.29445051080702
491.569332068548,338.500947339438,4.35873515808613
28.3912811720248,47.5266581265198,3.732527624496
537.650076793116,129.059601945098,4.79450076454252
NA,NA,NA
661.013775368083,335.985175685857,3.47260031643348
453.702791129563,303.777880137144,3.68112065531097
6.39786171601474,494.720034202601,3.52376668052015
562.098847106457,49.4248089442225,4.16006082412665
73.7997874124265,379.419323864062,4.04774383902305
234.344129652405,411.125909247194,3.90421580131985
429.652595208658,12.2056738482428,3.23055700158009
363.587653267355,291.65622118251,2.88384384444898
606.737680066826,99.7616040274705,4.22441346605523
395.022142340737,230.404281526357,4.24070792536269
573.9034196671,406.081896816317,4.68987436428339
135.996853939473,280.154227807948,4.68603967169509
201.151432885351,368.61427336279,4.0362495088929
125.119536515008,409.723948510662,3.31292514646006
627.641277859322,312.784704159618,4.67076106846714
0.807004316082107,145.0353230496,4.21857143453343
541.054094613811,207.10906775494,4.15543405322027
33.7142260480174,490.21323819168,2.96574238637926
277.84861227797,17.6945825983492,3.88401644618592
535.290154203672,393.864853580372,3.39436324188415
78.3681835973965,75.0376049162584,5.19925438017447
6.7457825653565,76.7279912828255,3.44788031740914
589.30714370123,227.403928164569,4.08228000048595
440.884468108902,464.662344730809,4.7722942914823
658.957375097473,373.417887061092,3.04401824910896
107.145539149454,485.40259220074,4.36103371112026
623.832277430848,91.0242603731649,4.08157599854575
420.540488005847,259.106392719603,3.65784181633833
10.047408063477,180.849991352783,3.17112584602593
69.1295347091618,118.115448574287,4.55062769617728
604.411541398733,205.752510468673,4.28681270256874
257.520898509045,219.796844202622,3.98878354405676
561.910304010154,440.535232103404,3.91830530155846
302.409267631187,141.586617724015,3.85455023275036
531.027272588354,463.01234768322,3.45720704129528
55.5004518057587,413.261818384254,3.97146298380624
186.615784745825,297.369673375122,3.68287730717777
552.014250693772,252.84100315163,3.81146862854143
170.820496154405,37.4110667817823,4.29445051080702
491.569332068548,338.500947339438,4.35873515808613
28.3912811720248,47.5266581265198,3.732527624496
537.650076793116,129.059601945098,4.79450076454252
NA,NA,NA
661.013775368083,335.985175685857,3.47260031643348
453.702791129563,303.777880137144,3.68112065531097
6.39786171601474,494.720034202601,3.52376668052015
562.098847106457,49.4248089442225,4.16006082412665
73.7997874124265,379.419323864062,4.04774383902305
234.344129652405,411.125909247194,3.90421580131985
429.652595208658,12.2056738482428,3.23055700158009
363.587653267355,291.65622118251,2.88384384444898
606.737680066826,99.7616040274705,4.22441346605523
395.022142340737,230.404281526357,4.24070792536269
573.9034196671,406.081896816317,4.68987436428339
135.996853939473,280.154227807948,4.68603967169509
201.151432885351,368.61427336279,4.0362495088929
125.119536515008,409.723948510662,3.31292514646006
627.641277859322,312.784704159618,4.67076106846714
0.807004316082107,145.0353230496,4.21857143453343
541.054094613811,207.10906775494,4.15543405322027
33.7142260480174,490.21323819168,2.96574238637926
277.84861227797,17.6945825983492,3.88401644618592
535.290154203672,393.864853580372,3.39436324188415
78.3681835973965,75.0376049162584,5.19925438017447
6.7457825653565,76.7279912828255,3.44788031740914
589.30714370123,227.403928164569,4.08228000048595
440.884468108902,464.662344730809,4.7722942914823
658.957375097473,373.417887061092,3.04401824910896
107.145539149454,485.40259220074,4.36103371112026
623.832277430848,91.0242603731649,4.08157599854575
420.540488005847,259.106392719603,3.65784181633833
10.047408063477,180.849991352783,3.17112584602593
69.1295347091618,118.115448574287,4.55062769617728
604.411541398733,205.752510468673,4.28681270256874
257.520898509045,219.796844202622,3.98878354405676
561.910304010154,440.535232103404,3.91830530155846
302.409267631187,141.586617724015,3.85455023275036
531.027272588354,463.01234768322,3.45720704129528
55.5004518057587,413.261818384254,3.97146298380624
186.615784745825,297.369673375122,3.68287730717777
552.014250693772,252.84100315163,3.81146862854143
170.820496154405,37.4110667817823,4.29445051080702
491.569332068548,338.500947339438,4.35873515808613
28.3912811720248,47.5266581265198,3.732527624496
537.650076793116,129.059601945098,4.79450076454252
NA,NA,NA
658.887763232876,334.972963187556,3.60589447525309
454.518579423503,298.631688191602,3.34866063941799
13.3541100445641,492.82612669981,3.71191049889359
557.606378413071,55.7953622288265,4.16618563275591
69.0682282192819,374.659280401086,4.04113787321371
223.98536775397,417.500126460427,3.97252889192209
429.604133051046,10.6885296765252,3.34711757007919
363.288638633086,292.665780367416,2.9967283935654
614.109247451086,102.902724793111,4.33428674015253
392.409394420314,231.981997697061,4.35617830407501
572.204106538314,407.06664334909,4.75954018022378
138.694191264179,282.274942595716,4.60887618477386
200.590188550044,368.160479497292,4.09120620817392
124.522940354146,414.334405979046,3.38017675414531
629.988767449362,312.504823652184,4.63923266251845
4.91479452442963,144.572142371003,4.37819395813381
541.779670207566,198.320138318003,4.27675337884215
31.9790984456214,491.025333729891,3.01804823328206
280.023497220222,26.4077755613192,4.00605210065907
532.610477638413,392.406636138764,3.39468155680643
75.9359263542779,88.5817145477694,5.31701655537321
5.17617811486179,79.5814471216909,3.42890527558394
587.313588871426,223.95404155521,4.04835877719518
438.65061413074,454.984244555347,4.79459952876973
657.704726904739,373.299775674318,3.03416136832937
107.066076083729,482.248654537347,4.3628126951758
628.709121469888,95.0969718381999,4.0519818826545
420.021359621523,258.495388214634,3.64274905640472
11.814656506241,182.604102824559,3.17723202344596
70.960147368997,106.249590634378,4.50510473621201
619.759057754215,207.326575307589,4.21550289037012
248.073743063297,227.516974419957,3.53830057484251
566.091589231183,438.91825974054,3.96301961684949
303.178128928193,133.803972731432,4.13339828777522
524.937150584843,458.543800273254,3.40702604127289
52.7472156341616,420.617875833657,4.21367316835798
197.158601952603,278.694074936714,3.79615496405049
550.868297667936,265.926247786993,3.73922734436616
156.339092646101,14.8529299711895,4.39741843088238
503.807537574966,342.112242633549,4.79443415127935
35.2512310980085,47.6850054341488,4.06776114596765
532.243991445324,142.085885486763,4.48044412568873
NA,NA,NA
658.887763232876,334.972963187556,3.60589447525309
454.518579423503,298.631688191602,3.34866063941799
13.3541100445641,492.82612669981,3.71191049889359
557.606378413071,55.7953622288265,4.16618563275591
69.0682282192819,374.659280401086,4.04113787321371
223.98536775397,417.500126460427,3.97252889192209
429.604133051046,10.6885296765252,3.34711757007919
363.288638633086,292.665780367416,2.9967283935654
614.109247451086,102.902724793111,4.33428674015253
392.409394420314,231.981997697061,4.35617830407501
572.204106538314,407.06664334909,4.75954018022378
138.694191264179,282.274942595716,4.60887618477386
200.590188550044,368.160479497292,4.09120620817392
124.522940354146,414.334405979046,3.38017675414531
629.988767449362,312.504823652184,4.63923266251845
4.91479452442963,144.572142371003,4.37819395813381
541.779670207566,198.320138318003,4.27675337884215
31.9790984456214,491.025333729891,3.01804823328206
280.023497220222,26.4077755613192,4.00605210065907
532.610477638413,392.406636138764,3.39468155680643
75.9359263542779,88.5817145477694,5.31701655537321
5.17617811486179,79.5814471216909,3.42890527558394
587.313588871426,223.95404155521,4.04835877719518
438.65061413074,454.984244555347,4.79459952876973
657.704726904739,373.299775674318,3.03416136832937
107.066076083729,482.248654537347,4.3628126951758
628.709121469888,95.0969718381999,4.0519818826545
420.021359621523,258.495388214634,3.64274905640472
11.814656506241,182.604102824559,3.17723202344596
70.960147368997,106.249590634378,4.50510473621201
619.759057754215,207.326575307589,4.21550289037012
248.073743063297,227.516974419957,3.53830057484251
566.091589231183,438.91825974054,3.96301961684949
303.178128928193,133.803972731432,4.13339828777522
524.937150584843,458.543800273254,3.40702604127289
52.7472156341616,420.617875833657,4.21367316835798
197.158601952603,278.694074936714,3.79615496405049
550.868297667936,265.926247786993,3.73922734436616
156.339092646101,14.8529299711895,4.39741843088238
503.807537574966,342.112242633549,4.79443415127935
35.2512310980085,47.6850054341488,4.06776114596765
532.243991445324,142.085885486763,4.48044412568873
NA,NA,NA
658.887763232876,334.972963187556,3.60589447525309
454.518579423503,298.631688191602,3.34866063941799
13.3541100445641,492.82612669981,3.71191049889359
557.606378413071,55.7953622288265,4.16618563275591
69.0682282192819,374.659280401086,4.04113787321371
223.98536775397,417.500126460427,3.97252889192209
429.604133051046,10.6885296765252,3.34711757007919
363.288638633086,292.665780367416,2.9967283935654
614.109247451086,102.902724793111,4.33428674015253
392.409394420314,231.981997697061,4.35617830407501
572.204106538314,407.06664334909,4.75954018022378
138.694191264179,282.274942595716,4.60887618477386
200.590188550044,368.160479497292,4.09120620817392
124.522940354146,414.334405979046,3.38017675414531
629.988767449362,312.504823652184,4.63923266251845
4.91479452442963,144.572142371003,4.37819395813381
541.779670207566,198.320138318003,4.27675337884215
31.9790984456214,491.025333729891,3.01804823328206
280.023497220222,26.4077755613192,4.00605210065907
532.610477638413,392.406636138764,3.39468155680643
75.9359263542779,88.5817145477694,5.31701655537321
5.17617811486179,79.5814471216909,3.42890527558394
587.313588871426,223.95404155521,4.04835877719518
438.65061413074,454.984244555347,4.79459952876973
657.704726904739,373.299775674318,3.03416136832937
107.066076083729,482.248654537347,4.3628126951758
628.709121469888,95.0969718381999,4.0519818826545
420.021359621523,258.495388214634,3.64274905640472
11.814656506241,182.604102824559,3.17723202344596
70.960147368997,106.249590634378,4.50510473621201
619.759057754215,207.326575307589,4.21550289037012
248.073743063297,227.516974419957,3.53830057484251
566.091589231183,438.91825974054,3.96301961684949
303.178128928193,133.803972731432,4.13339828777522
524.937150584843,458.543800273254,3.40702604127289
52.7472156341616,420.617875833657,4.21367316835798
197.158601952603,278.694074936714,3.79615496405049
550.868297667936,265.926247786993,3.73922734436616
156.339092646101,14.8529299711895,4.39741843088238
503.807537574966,342.112242633549,4.79443415127935
35.2512310980085,47.6850054341488,4.06776114596765
532.243991445324,142.085885486763,4.48044412568873
NA,NA,NA
658.887763232876,334.972963187556,3.60589447525309
454.518579423503,298.631688191602,3.34866063941799
13.3541100445641,492.82612669981,3.71191049889359
557.606378413071,55.7953622288265,4.16618563275591
69.0682282192819,374.659280401086,4.04113787321371
223.98536775397,417.500126460427,3.97252889192209
429.604133051046,10.6885296765252,3.34711757007919
363.288638633086,292.665780367416,2.9967283935654
614.109247451086,102.902724793111,4.33428674015253
392.409394420314,231.981997697061,4.35617830407501
572.204106538314,407.06664334909,4.75954018022378
138.694191264179,282.274942595716,4.60887618477386
200.590188550044,368.160479497292,4.09120620817392
124.522940354146,414.334405979046,3.38017675414531
629.988767449362,312.504823652184,4.63923266251845
4.91479452442963,144.572142371003,4.37819395813381
541.779670207566,198.320138318003,4.27675337884215
31.9790984456214,491.025333729891,3.01804823328206
280.023497220222,26.4077755613192,4.00605210065907
532.610477638413,392.406636138764,3.39468155680643
75.9359263542779,88.5817145477694,5.31701655537321
5.17617811486179,79.5814471216909,3.42890527558394
587.313588871426,223.95404155521,4.04835877719518
438.65061413074,454.984244555347,4.79459952876973
657.704726904739,373.299775674318,3.03416136832937
107.066076083729,482.248654537347,4.3628126951758
628.709121469888,95.0969718381999,4.0519818826545
420.021359621523,258.495388214634,3.64274905640472
11.814656506241,182.604102824559,3.17723202344596
70.960147368997,106.249590634378,4.50510473621201
619.759057754215,207.326575307589,4.21550289037012
248.073743063297,227.516974419957,3.53830057484251
566.091589231183,438.91825974054,3.96301961684949
303.178128928193,133.803972731432,4.13339828777522
524.937150584843,458.543800273254,3.40702604127289
52.7472156341616,420.617875833657,4.21367316835798
197.158601952603,278.694074936714,3.79615496405049
550.868297667936,265.926247786993,3.73922734436616
156.339092646101,14.8529299711895,4.39741843088238
503.807537574966,342.112242633549,4.79443415127935
35.2512310980085,47.6850054341488,4.06776114596765
532.243991445324,142.085885486763,4.48044412568873
NA,NA,NA
658.887763232876,334.972963187556,3.60589447525309
454.518579423503,298.631688191602,3.34866063941799
13.3541100445641,492.82612669981,3.71191049889359
557.606378413071,55.7953622288265,4.16618563275591
69.0682282192819,374.659280401086,4.04113787321371
223.98536775397,417.500126460427,3.97252889192209
429.604133051046,10.6885296765252,3.34711757007919
363.288638633086,292.665780367416,2.9967283935654
614.109247451086,102.902724793111,4.33428674015253
392.409394420314,231.981997697061,4.35617830407501
572.204106538314,407.06664334909,4.75954018022378
138.694191264179,282.274942595716,4.60887618477386
200.590188550044,368.160479497292,4.09120620817392
124.522940354146,414.334405979046,3.38017675414531
629.988767449362,312.504823652184,4.63923266251845
4.91479452442963,144.572142371003,4.37819395813381
541.779670207566,198.320138318003,4.27675337884215
31.9790984456214,491.025333729891,3.01804823328206
280.023497220222,26.4077755613192,4.00605210065907
532.610477638413,392.406636138764,3.39468155680643
75.9359263542779,88.5817145477694,5.31701655537321
5.17617811486179,79.5814471216909,3.42890527558394
587.313588871426,223.95404155521,4.04835877719518
438.65061413074,454.984244555347,4.79459952876973
657.704726904739,373.299775674318,3.03416136832937
107.066076083729,482.248654537347,4.3628126951758
628.709121469888,95.0969718381999,4.0519818826545
420.021359621523,258.495388214634,3.64274905640472
11.814656506241,182.604102824559,3.17723202344596
70.960147368997,106.249590634378,4.50510473621201
619.759057754215,207.326575307589,4.21550289037012
248.073743063297,227.516974419957,3.53830057484251
566.091589231183,438.91825974054,3.96301961684949
303.178128928193,133.803972731432,4.13339828777522
524.937150584843,458.543800273254,3.40702604127289
52.7472156341616,420.617875833657,4.21367316835798
197.158601952603,278.694074936714,3.79615496405049
550.868297667936,265.926247786993,3.73922734436616
156.339092646101,14.8529299711895,4.39741843088238
503.807537574966,342.112242633549,4.79443415127935
35.2512310980085,47.6850054341488,4.06776114596765
532.243991445324,142.085885486763,4.48044412568873
NA,NA,NA
658.887763232876,334.972963187556,3.60589447525309
454.518579423503,298.631688191602,3.34866063941799
13.3541100445641,492.82612669981,3.71191049889359
557.606378413071,55.7953622288265,4.16618563275591
69.0682282192819,374.659280401086,4.04113787321371
223.98536775397,417.500126460427,3.97252889192209
429.604133051046,10.6885296765252,3.34711757007919
363.288638633086,292.665780367416,2.9967283935654
614.109247451086,102.902724793111,4.33428674015253
392.409394420314,231.981997697061,4.35617830407501
572.204106538314,407.06664334909,4.75954018022378
138.694191264179,282.274942595716,4.60887618477386
200.590188550044,368.160479497292,4.09120620817392
124.522940354146,414.334405979046,3.38017675414531
629.988767449362,312.504823652184,4.63923266251845
4.91479452442963,144.572142371003,4.37819395813381
541.779670207566,198.320138318003,4.27675337884215
31.9790984456214,491.025333729891,3.01804823328206
280.023497220222,26.4077755613192,4.00605210065907
532.610477638413,392.406636138764,3.39468155680643
75.9359263542779,88.5817145477694,5.31701655537321
5.17617811486179,79.5814471216909,3.42890527558394
587.313588871426,223.95404155521,4.04835877719518
438.65061413074,454.984244555347,4.79459952876973
657.704726904739,373.299775674318,3.03416136832937
107.066076083729,482.248654537347,4.3628126951758
628.709121469888,95.0969718381999,4.0519818826545
420.021359621523,258.495388214634,3.64274905640472
11.814656506241,182.604102824559,3.17723202344596
70.960147368997,106.249590634378,4.50510473621201
619.759057754215,207.326575307589,4.21550289037012
248.073743063297,227.516974419957,3.53830057484251
566.091589231183,438.91825974054,3.96301961684949
303.178128928193,133.803972731432,4.13339828777522
524.937150584843,458.543800273254,3.40702604127289
52.7472156341616,420.617875833657,4.21367316835798
197.158601952603,278.694074936714,3.79615496405049
550.868297667936,265.926247786993,3.73922734436616
156.339092646101,14.8529299711895,4.39741843088238
503.807537574966,342.112242633549,4.79443415127935
35.2512310980085,47.6850054341488,4.06776114596765
532.243991445324,142.085885486763,4.48044412568873
NA,NA,NA
664.123412841786,335.051985654204,3.56258023790088
460.910716184452,300.052051902736,3.43044228903964
13.0213404506263,491.727577415239,3.46282972727087
560.429291796647,52.3974162304375,4.19038695177113
67.0911093281827,380.144013116945,3.82818252162315
225.380254106433,409.245500930982,3.94565724710977
430.190093306867,13.1771468088424,3.22742473733051
363.868353726797,289.972259447014,3.09939330896361
605.459297624688,102.213435537988,4.08047552280122
394.181095836072,232.79200290731,4.24331849030902
567.346441510059,409.533905017781,4.73634793653916
142.479521786078,282.566747340805,4.50150040181845
197.703605508357,377.375027133694,4.04926038442241
123.182471965648,409.52468732725,3.50732270848016
625.154730611805,314.823586748045,4.38293377043043
3.70434309395995,149.631994798191,4.25954842053111
541.933483227105,203.436384095376,4.18995565189185
34.3278596223018,494.061992169828,2.97352680743032
277.238161406811,23.4270436806984,3.88910514439849
530.984388368727,392.197273274259,3.55839476891645
71.9739537380864,81.2922867431461,5.12619361970146
3.58620166000502,77.4541308633729,3.55579728870073
587.681709366173,227.88808252135,4.11181382308168
441.254432410476,459.925686796939,4.88267686720769
659.556376464845,373.630626852706,2.8758098412737
104.034384243236,487.436203310315,4.29961816693268
621.177999334476,93.7997321405081,4.09980805039
420.096782838315,261.310128497824,3.68632461745209
12.5805117347997,181.039182774219,3.07652509199317
70.6037681349468,116.199504144292,4.46544113236962
601.369534129827,208.933113164105,4.48157033592247
257.749642770704,219.441482015741,3.69292792653974
570.044803062548,448.722532690267,3.53454759136389
301.332072029336,140.431056203762,3.86523902532015
523.430494208239,457.780917444299,3.35876545665182
45.6099406778264,406.279806731325,4.04205211105352
210.667654139282,288.415029441734,3.64157000652828
554.430591543703,262.57386301823,3.86846596217096
177.604571155565,23.2296854770258,4.23286237578651
509.532856064244,340.847675854356,4.63767734661882
39.1042327170052,49.2874065606552,4.50401790147336
538.953459724401,131.324836864568,5.12343012107084
NA,NA,NA
664.123412841786,335.051985654204,3.56258023790088
460.910716184452,300.052051902736,3.43044228903964
13.0213404506263,491.727577415239,3.46282972727087
560.429291796647,52.3974162304375,4.19038695177113
67.0911093281827,380.144013116945,3.82818252162315
225.380254106433,409.245500930982,3.94565724710977
430.190093306867,13.1771468088424,3.22742473733051
363.868353726797,289.972259447014,3.09939330896361
605.459297624688,102.213435537988,4.08047552280122
394.181095836072,232.79200290731,4.24331849030902
567.346441510059,409.533905017781,4.73634793653916
142.479521786078,282.566747340805,4.50150040181845
197.703605508357,377.375027133694,4.04926038442241
123.182471965648,409.52468732725,3.50732270848016
625.154730611805,314.823586748045,4.38293377043043
3.70434309395995,149.631994798191,4.25954842053111
541.933483227105,203.436384095376,4.18995565189185
34.3278596223018,494.061992169828,2.97352680743032
277.238161406811,23.4270436806984,3.88910514439849
530.984388368727,392.197273274259,3.55839476891645
71.9739537380864,81.2922867431461,5.12619361970146
3.58620166000502,77.4541308633729,3.55579728870073
587.681709366173,227.88808252135,4.11181382308168
441.254432410476,459.925686796939,4.88267686720769
659.556376464845,373.630626852706,2.8758098412737
104.034384243236,487.436203310315,4.29961816693268
621.177999334476,93.7997321405081,4.09980805039
420.096782838315,261.310128497824,3.68632461745209
12.5805117347997,181.039182774219,3.07652509199317
70.6037681349468,116.199504144292,4.46544113236962
601.369534129827,208.933113164105,4.48157033592247
257.749642770704,219.441482015741,3.69292792653974
570.044803062548,448.722532690267,3.53454759136389
301.332072029336,140.431056203762,3.86523902532015
523.430494208239,457.780917444299,3.35876545665182
45.6099406778264,406.279806731325,4.04205211105352
210.667654139282,288.415029441734,3.64157000652828
554.430591543703,262.57386301823,3.86846596217096
177.604571155565,23.2296854770258,4.23286237578651
509.532856064244,340.847675854356,4.63767734661882
39.1042327170052,49.2874065606552,4.50401790147336
538.953459724401,131.324836864568,5.12343012107084
NA,NA,NA
664.123412841786,335.051985654204,3.56258023790088
460.910716184452,300.052051902736,3.43044228903964
13.0213404506263,491.727577415239,3.46282972727087
560.429291796647,52.3974162304375,4.19038695177113
67.0911093281827,380.144013116945,3.82818252162315
225.380254106433,409.245500930982,3.94565724710977
430.190093306867,13.1771468088424,3.22742473733051
363.868353726797,289.972259447014,3.09939330896361
605.459297624688,102.213435537988,4.08047552280122
394.181095836072,232.79200290731,4.24331849030902
567.346441510059,409.533905017781,4.73634793653916
142.479521786078,282.566747340805,4.50150040181845
197.703605508357,377.375027133694,4.04926038442241
123.182471965648,409.52468732725,3.50732270848016
625.154730611805,314.823586748045,4.38293377043043
3.70434309395995,149.631994798191,4.25954842053111
541.933483227105,203.436384095376,4.18995565189185
34.3278596223018,494.061992169828,2.97352680743032
277.238161406811,23.4270436806984,3.88910514439849
530.984388368727,392.197273274259,3.55839476891645
71.9739537380864,81.2922867431461,5.12619361970146
3.58620166000502,77.4541308633729,3.55579728870073
587.681709366173,227.88808252135,4.11181382308168
441.254432410476,459.925686796939,4.88267686720769
659.556376464845,373.630626852706,2.8758098412737
104.034384243236,487.436203310315,4.29961816693268
621.177999334476,93.7997321405081,4.09980805039
420.096782838315,261.310128497824,3.68632461745209
12.5805117347997,181.039182774219,3.07652509199317
70.6037681349468,116.199504144292,4.46544113236962
601.369534129827,208.933113164105,4.48157033592247
257.749642770704,219.441482015741,3.69292792653974
570.044803062548,448.722532690267,3.53454759136389
301.332072029336,140.431056203762,3.86523902532015
523.430494208239,457.780917444299,3.35876545665182
45.6099406778264,406.279806731325,4.04205211105352
210.667654139282,288.415029441734,3.64157000652828
554.430591543703,262.57386301823,3.86846596217096
177.604571155565,23.2296854770258,4.23286237578651
509.532856064244,340.847675854356,4.63767734661882
39.1042327170052,49.2874065606552,4.50401790147336
538.953459724401,131.324836864568,5.12343012107084
NA,NA,NA
664.123412841786,335.051985654204,3.56258023790088
460.910716184452,300.052051902736,3.43044228903964
13.0213404506263,491.727577415239,3.46282972727087
560.429291796647,52.3974162304375,4.19038695177113
67.0911093281827,380.144013116945,3.82818252162315
225.380254106433,409.245500930982,3.94565724710977
430.190093306867,13.1771468088424,3.22742473733051
363.868353726797,289.972259447014,3.09939330896361
605.459297624688,102.213435537988,4.08047552280122
394.181095836072,232.79200290731,4.24331849030902
567.346441510059,409.533905017781,4.73634793653916
142.479521786078,282.566747340805,4.50150040181845
197.703605508357,377.375027133694,4.04926038442241
123.182471965648,409.52468732725,3.50732270848016
625.154730611805,314.823586748045,4.38293377043043
3.70434309395995,149.631994798191,4.25954842053111
541.933483227105,203.436384095376,4.18995565189185
34.3278596223018,494.061992169828,2.97352680743032
277.238161406811,23.4270436806984,3.88910514439849
530.984388368727,392.197273274259,3.55839476891645
71.9739537380864,81.2922867431461,5.12619361970146
3.58620166000502,77.4541308633729,3.55579728870073
587.681709366173,227.88808252135,4.11181382308168
441.254432410476,459.925686796939,4.88267686720769
659.556376464845,373.630626852706,2.8758098412737
104.034384243236,487.436203310315,4.29961816693268
621.177999334476,93.7997321405081,4.09980805039
420.096782838315,261.310128497824,3.68632461745209
12.5805117347997,181.039182774219,3.07652509199317
70.6037681349468,116.199504144292,4.46544113236962
601.369534129827,208.933113164105,4.48157033592247
257.749642770704,219.441482015741,3.69292792653974
570.044803062548,448.722532690267,3.53454759136389
301.332072029336,140.431056203762,3.86523902532015
523.430494208239,457.780917444299,3.35876545665182
45.6099406778264,406.279806731325,4.04205211105352
210.667654139282,288.415029441734,3.64157000652828
554.430591543703,262.57386301823,3.86846596217096
177.604571155565,23.2296854770258,4.23286237578651
509.532856064244,340.847675854356,4.63767734661882
39.1042327170052,49.2874065606552,4.50401790147336
538.953459724401,131.324836864568,5.12343012107084
NA,NA,NA
664.123412841786,335.051985654204,3.56258023790088
460.910716184452,300.052051902736,3.43044228903964
13.0213404506263,491.727577415239,3.46282972727087
560.429291796647,52.3974162304375,4.19038695177113
67.0911093281827,380.144013116945,3.82818252162315
225.380254106433,409.245500930982,3.94565724710977
430.190093306867,13.1771468088424,3.22742473733051
363.868353726797,289.972259447014,3.09939330896361
605.459297624688,102.213435537988,4.08047552280122
394.181095836072,232.79200290731,4.24331849030902
567.346441510059,409.533905017781,4.73634793653916
142.479521786078,282.566747340805,4.50150040181845
197.703605508357,377.375027133694,4.04926038442241
123.182471965648,409.52468732725,3.50732270848016
625.154730611805,314.823586748045,4.38293377043043
3.70434309395995,149.631994798191,4.25954842053111
541.933483227105,203.436384095376,4.18995565189185
34.3278596223018,494.061992169828,2.97352680743032
277.238161406811,23.4270436806984,3.88910514439849
530.984388368727,392.197273274259,3.55839476891645
71.9739537380864,81.2922867431461,5.12619361970146
3.58620166000502,77.4541308633729,3.55579728870073
587.681709366173,227.88808252135,4.11181382308168
441.254432410476,459.925686796939,4.88267686720769
659.556376464845,373.630626852706,2.8758098412737
104.034384243236,487.436203310315,4.29961816693268
621.177999334476,93.7997321405081,4.09980805039
420.096782838315,261.310128497824,3.68632461745209
12.5805117347997,181.039182774219,3.07652509199317
70.6037681349468,116.199504144292,4.46544113236962
601.369534129827,208.933113164105,4.48157033592247
257.749642770704,219.441482015741,3.69292792653974
570.044803062548,448.722532690267,3.53454759136389
301.332072029336,140.431056203762,3.86523902532015
523.430494208239,457.780917444299,3.35876545665182
45.6099406778264,406.279806731325,4.04205211105352
210.667654139282,288.415029441734,3.64157000652828
554.430591543703,262.57386301823,3.86846596217096
177.604571155565,23.2296854770258,4.23286237578651
509.532856064244,340.847675854356,4.63767734661882
39.1042327170052,49.2874065606552,4.50401790147336
538.953459724401,131.324836864568,5.12343012107084
NA,NA,NA
664.123412841786,335.051985654204,3.56258023790088
460.910716184452,300.052051902736,3.43044228903964
13.0213404506263,491.727577415239,3.46282972727087
560.429291796647,52.3974162304375,4.19038695177113
67.0911093281827,380.144013116945,3.82818252162315
225.380254106433,409.245500930982,3.94565724710977
430.190093306867,13.1771468088424,3.22742473733051
363.868353726797,289.972259447014,3.09939330896361
605.459297624688,102.213435537988,4.08047552280122
394.181095836072,232.79200290731,4.24331849030902
567.346441510059,409.533905017781,4.73634793653916
142.479521786078,282.566747340805,4.50150040181845
197.703605508357,377.375027133694,4.04926038442241
123.182471965648,409.52468732725,3.50732270848016
625.154730611805,314.823586748045,4.38293377043043
3.70434309395995,149.631994798191,4.25954842053111
541.933483227105,203.436384095376,4.18995565189185
34.3278596223018,494.061992169828,2.97352680743032
277.238161406811,23.4270436806984,3.88910514439849
530.984388368727,392.197273274259,3.55839476891645
71.9739537380864,81.2922867431461,5.12619361970146
3.58620166000502,77.4541308633729,3.55579728870073
587.681709366173,227.88808252135,4.11181382308168
441.254432410476,459.925686796939,4.88267686720769
659.556376464845,373.630626852706,2.8758098412737
104.034384243236,487.436203310315,4.29961816693268
621.177999334476,93.7997321405081,4.09980805039
420.096782838315,261.310128497824,3.68632461745209
12.5805117347997,181.039182774219,3.07652509199317
70.6037681349468,116.199504144292,4.46544113236962
601.369534129827,208.933113164105,4.48157033592247
257.749642770704,219.441482015741,3.69292792653974
570.044803062548,448.722532690267,3.53454759136389
301.332072029336,140.431056203762,3.86523902532015
523.430494208239,457.780917444299,3.35876545665182
45.6099406778264,406.279806731325,4.04205211105352
210.667654139282,288.415029441734,3.64157000652828
554.430591543703,262.57386301823,3.86846596217096
177.604571155565,23.2296854770258,4.23286237578651
509.532856064244,340.847675854356,4.63767734661882
39.1042327170052,49.2874065606552,4.50401790147336
538.953459724401,131.324836864568,5.12343012107084
NA,NA,NA
659.863350209264,334.553940437215,3.49503473714348
456.172703309168,296.507619424331,3.84151776640913
11.9681434301284,496.779580174991,3.62234359839937
561.594292101825,51.8259741575313,4.17598290315172
69.0194212714192,370.106301439364,4.05273932597354
227.331830553437,414.885344619663,3.9687968528992
427.803877599035,12.5629777235074,3.3114564228008
361.820150323152,292.287129440085,2.96811235625597
607.193372312833,107.965443694259,4.23732568139244
393.274425355233,233.567081529689,4.12702142205213
569.735756449298,403.957431439381,4.70258491646439
139.865204592773,277.030196204635,4.6489021300713
200.811554073032,369.041970445043,3.93265489540163
124.424814760143,413.383841302391,3.3987321808867
621.071177871804,309.885875977697,4.51709363389439
2.11300520610194,147.280989201914,4.23487812667633
548.46032256599,204.24525879165,4.18374645548708
34.0112813930041,494.103861675737,3.16027069736836
278.903192098802,26.4751174662276,3.85229276615166
534.904118485975,392.547802432031,3.44559379374293
69.4947226157233,79.2829742586621,5.16096600027014
2.93379714156109,79.4931488178328,3.58066932136296
586.685146624237,229.804807968175,3.9589170881787
451.019820937741,459.339700174336,4.82875566499239
659.564822974344,371.963683061161,3.06505114619216
104.486263668266,487.110854811458,4.31421260693288
623.65288085232,91.4631290177209,4.10434448481527
419.580890051056,257.304657995738,3.62086295879133
11.9127839377685,180.221577836952,3.4677028244308
64.7438797243297,118.394754118875,4.67223069027311
616.953202034601,211.093516950954,4.09833221114121
250.210484112017,223.561400391922,4.01329403985038
573.506503107394,422.912400923548,3.74815688125384
301.315617471514,139.477840828283,4.00796534332371
526.187198606714,459.46653183619,3.18205036012194
43.840456372862,418.985661219637,3.9036063087691
188.753910757359,283.761814567246,4.56912323583971
547.425309505594,271.748788390347,4.02748584826851
172.885624362668,22.8392609067789,4.5417320811684
495.182709426425,339.505660178205,4.37265409236685
36.225395898011,58.1286833104011,3.50622461332197
532.189341875765,156.520006190365,4.56584039327633
NA,NA,NA
659.863350209264,334.553940437215,3.49503473714348
456.172703309168,296.507619424331,3.84151776640913
11.9681434301284,496.779580174991,3.62234359839937
561.594292101825,51.8259741575313,4.17598290315172
69.0194212714192,370.106301439364,4.05273932597354
227.331830553437,414.885344619663,3.9687968528992
427.803877599035,12.5629777235074,3.3114564228008
361.820150323152,292.287129440085,2.96811235625597
607.193372312833,107.965443694259,4.23732568139244
393.274425355233,233.567081529689,4.12702142205213
569.735756449298,403.957431439381,4.70258491646439
139.865204592773,277.030196204635,4.6489021300713
200.811554073032,369.041970445043,3.93265489540163
124.424814760143,413.383841302391,3.3987321808867
621.071177871804,309.885875977697,4.51709363389439
2.11300520610194,147.280989201914,4.23487812667633
548.46032256599,204.24525879165,4.18374645548708
34.0112813930041,494.103861675737,3.16027069736836
278.903192098802,26.4751174662276,3.85229276615166
534.904118485975,392.547802432031,3.44559379374293
69.4947226157233,79.2829742586621,5.16096600027014
2.93379714156109,79.4931488178328,3.58066932136296
586.685146624237,229.804807968175,3.9589170881787
451.019820937741,459.339700174336,4.82875566499239
659.564822974344,371.963683061161,3.06505114619216
104.486263668266,487.110854811458,4.31421260693288
623.65288085232,91.4631290177209,4.10434448481527
419.580890051056,257.304657995738,3.62086295879133
11.9127839377685,180.221577836952,3.4677028244308
64.7438797243297,118.394754118875,4.67223069027311
616.953202034601,211.093516950954,4.09833221114121
250.210484112017,223.561400391922,4.01329403985038
573.506503107394,422.912400923548,3.74815688125384
301.315617471514,139.477840828283,4.00796534332371
526.187198606714,459.46653183619,3.18205036012194
43.840456372862,418.985661219637,3.9036063087691
188.753910757359,283.761814567246,4.56912323583971
547.425309505594,271.748788390347,4.02748584826851
172.885624362668,22.8392609067789,4.5417320811684
495.182709426425,339.505660178205,4.37265409236685
36.225395898011,58.1286833104011,3.50622461332197
532.189341875765,156.520006190365,4.56584039327633
NA,NA,NA
659.863350209264,334.553940437215,3.49503473714348
456.172703309168,296.507619424331,3.84151776640913
11.9681434301284,496.779580174991,3.62234359839937
561.594292101825,51.8259741575313,4.17598290315172
69.0194212714192,370.106301439364,4.05273932597354
227.331830553437,414.885344619663,3.9687968528992
427.803877599035,12.5629777235074,3.3114564228008
361.820150323152,292.287129440085,2.96811235625597
607.193372312833,107.965443694259,4.23732568139244
393.274425355233,233.567081529689,4.12702142205213
569.735756449298,403.957431439381,4.70258491646439
139.865204592773,277.030196204635,4.6489021300713
200.811554073032,369.041970445043,3.93265489540163
124.424814760143,413.383841302391,3.3987321808867
621.071177871804,309.885875977697,4.51709363389439
2.11300520610194,147.280989201914,4.23487812667633
548.46032256599,204.24525879165,4.18374645548708
34.0112813930041,494.103861675737,3.16027069736836
278.903192098802,26.4751174662276,3.85229276615166
534.904118485975,392.547802432031,3.44559379374293
69.4947226157233,79.2829742586621,5.16096600027014
2.93379714156109,79.4931488178328,3.58066932136296
586.685146624237,229.804807968175,3.9589170881787
451.019820937741,459.339700174336,4.82875566499239
659.564822974344,371.963683061161,3.06505114619216
104.486263668266,487.110854811458,4.31421260693288
623.65288085232,91.4631290177209,4.10434448481527
419.580890051056,257.304657995738,3.62086295879133
11.9127839377685,180.221577836952,3.4677028244308
64.7438797243297,118.394754118875,4.67223069027311
616.953202034601,211.093516950954,4.09833221114121
250.210484112017,223.561400391922,4.01329403985038
573.506503107394,422.912400923548,3.74815688125384
301.315617471514,139.477840828283,4.00796534332371
526.187198606714,459.46653183619,3.18205036012194
43.840456372862,418.985661219637,3.9036063087691
188.753910757359,283.761814567246,4.56912323583971
547.425309505594,271.748788390347,4.02748584826851
172.885624362668,22.8392609067789,4.5417320811684
495.182709426425,339.505660178205,4.37265409236685
36.225395898011,58.1286833104011,3.50622461332197
532.189341875765,156.520006190365,4.56584039327633
NA,NA,NA
659.863350209264,334.553940437215,3.49503473714348
456.172703309168,296.507619424331,3.84151776640913
11.9681434301284,496.779580174991,3.62234359839937
561.594292101825,51.8259741575313,4.17598290315172
69.0194212714192,370.106301439364,4.05273932597354
227.331830553437,414.885344619663,3.9687968528992
427.803877599035,12.5629777235074,3.3114564228008
361.820150323152,292.287129440085,2.96811235625597
607.193372312833,107.965443694259,4.23732568139244
393.274425355233,233.567081529689,4.12702142205213
569.735756449298,403.957431439381,4.70258491646439
139.865204592773,277.030196204635,4.6489021300713
200.811554073032,369.041970445043,3.93265489540163
124.424814760143,413.383841302391,3.3987321808867
621.071177871804,309.885875977697,4.51709363389439
2.11300520610194,147.280989201914,4.23487812667633
548.46032256599,204.24525879165,4.18374645548708
34.0112813930041,494.103861675737,3.16027069736836
278.903192098802,26.4751174662276,3.85229276615166
534.904118485975,392.547802432031,3.44559379374293
69.4947226157233,79.2829742586621,5.16096600027014
2.93379714156109,79.4931488178328,3.58066932136296
586.685146624237,229.804807968175,3.9589170881787
451.019820937741,459.339700174336,4.82875566499239
659.564822974344,371.963683061161,3.06505114619216
104.486263668266,487.110854811458,4.31421260693288
623.65288085232,91.4631290177209,4.10434448481527
419.580890051056,257.304657995738,3.62086295879133
11.9127839377685,180.221577836952,3.4677028244308
64.7438797243297,118.394754118875,4.67223069027311
616.953202034601,211.093516950954,4.09833221114121
250.210484112017,223.561400391922,4.01329403985038
573.506503107394,422.912400923548,3.74815688125384
301.315617471514,139.477840828283,4.00796534332371
526.187198606714,459.46653183619,3.18205036012194
43.840456372862,418.985661219637,3.9036063087691
188.753910757359,283.761814567246,4.56912323583971
547.425309505594,271.748788390347,4.02748584826851
172.885624362668,22.8392609067789,4.5417320811684
495.182709426425,339.505660178205,4.37265409236685
36.225395898011,58.1286833104011,3.50622461332197
532.189341875765,156.520006190365,4.56584039327633
NA,NA,NA
659.863350209264,334.553940437215,3.49503473714348
456.172703309168,296.507619424331,3.84151776640913
11.9681434301284,496.779580174991,3.62234359839937
561.594292101825,51.8259741575313,4.17598290315172
69.0194212714192,370.106301439364,4.05273932597354
227.331830553437,414.885344619663,3.9687968528992
427.803877599035,12.5629777235074,3.3114564228008
361.820150323152,292.287129440085,2.96811235625597
607.193372312833,107.965443694259,4.23732568139244
393.274425355233,233.567081529689,4.12702142205213
569.735756449298,403.957431439381,4.70258491646439
139.865204592773,277.030196204635,4.6489021300713
200.811554073032,369.041970445043,3.93265489540163
124.424814760143,413.383841302391,3.3987321808867
621.071177871804,309.885875977697,4.51709363389439
2.11300520610194,147.280989201914,4.23487812667633
548.46032256599,204.24525879165,4.18374645548708
34.0112813930041,494.103861675737,3.16027069736836
278.903192098802,26.4751174662276,3.85229276615166
534.904118485975,392.547802432031,3.44559379374293
69.4947226157233,79.2829742586621,5.16096600027014
2.93379714156109,79.4931488178328,3.58066932136296
586.685146624237,229.804807968175,3.9589170881787
451.019820937741,459.339700174336,4.82875566499239
659.564822974344,371.963683061161,3.06505114619216
104.486263668266,487.110854811458,4.31421260693288
623.65288085232,91.4631290177209,4.10434448481527
419.580890051056,257.304657995738,3.62086295879133
11.9127839377685,180.221577836952,3.4677028244308
64.7438797243297,118.394754118875,4.67223069027311
616.953202034601,211.093516950954,4.09833221114121
250.210484112017,223.561400391922,4.01329403985038
573.506503107394,422.912400923548,3.74815688125384
301.315617471514,139.477840828283,4.00796534332371
526.187198606714,459.46653183619,3.18205036012194
43.840456372862,418.985661219637,3.9036063087691
188.753910757359,283.761814567246,4.56912323583971
547.425309505594,271.748788390347,4.02748584826851
172.885624362668,22.8392609067789,4.5417320811684
495.182709426425,339.505660178205,4.37265409236685
36.225395898011,58.1286833104011,3.50622461332197
532.189341875765,156.520006190365,4.56584039327633
NA,NA,NA
659.863350209264,334.553940437215,3.49503473714348
456.172703309168,296.507619424331,3.84151776640913
11.9681434301284,496.779580174991,3.62234359839937
561.594292101825,51.8259741575313,4.17598290315172
69.0194212714192,370.106301439364,4.05273932597354
227.331830553437,414.885344619663,3.9687968528992
427.803877599035,12.5629777235074,3.3114564228008
361.820150323152,292.287129440085,2.96811235625597
607.193372312833,107.965443694259,4.23732568139244
393.274425355233,233.567081529689,4.12702142205213
569.735756449298,403.957431439381,4.70258491646439
139.865204592773,277.030196204635,4.6489021300713
200.811554073032,369.041970445043,3.93265489540163
124.424814760143,413.383841302391,3.3987321808867
621.071177871804,309.885875977697,4.51709363389439
2.11300520610194,147.280989201914,4.23487812667633
548.46032256599,204.24525879165,4.18374645548708
34.0112813930041,494.103861675737,3.16027069736836
278.903192098802,26.4751174662276,3.85229276615166
534.904118485975,392.547802432031,3.44559379374293
69.4947226157233,79.2829742586621,5.16096600027014
2.93379714156109,79.4931488178328,3.58066932136296
586.685146624237,229.804807968175,3.9589170881787
451.019820937741,459.339700174336,4.82875566499239
659.564822974344,371.963683061161,3.06505114619216
104.486263668266,487.110854811458,4.31421260693288
623.65288085232,91.4631290177209,4.10434448481527
419.580890051056,257.304657995738,3.62086295879133
11.9127839377685,180.221577836952,3.4677028244308
64.7438797243297,118.394754118875,4.67223069027311
616.953202034601,211.093516950954,4.09833221114121
250.210484112017,223.561400391922,4.01329403985038
573.506503107394,422.912400923548,3.74815688125384
301.315617471514,139.477840828283,4.00796534332371
526.187198606714,459.46653183619,3.18205036012194
43.840456372862,418.985661219637,3.9036063087691
188.753910757359,283.761814567246,4.56912323583971
547.425309505594,271.748788390347,4.02748584826851
172.885624362668,22.8392609067789,4.5417320811684
495.182709426425,339.505660178205,4.37265409236685
36.225395898011,58.1286833104011,3.50622461332197
532.189341875765,156.520006190365,4.56584039327633
NA,NA,NA
662.215750871472,334.678229830918,3.4256951737414
454.81971543246,303.455155770278,3.71060376911726
11.2412979193078,494.738079923659,3.5420536894818
565.452822064982,54.733335559907,4.20765288330424
69.6370480801143,371.850072328157,3.88319797092885
228.415941197697,417.10971031865,3.98669025958928
428.382469526135,12.5282243665622,3.3036523974096
361.604259120229,291.543708397831,3.11209500934177
606.577156963948,109.637738017653,4.1954594081042
392.034839692039,233.694842110984,4.20725061536788
566.121023998497,413.82686826244,4.74000759581141
139.227556793345,278.726164697143,4.58143581662352
200.56852825857,372.520852299611,4.02264388891499
121.176442238992,410.423834067574,3.35990412883982
624.728734709378,310.855784718652,4.5012435135956
4.97723355782651,147.559825891181,4.22672840563207
542.39625867295,204.794397402882,4.20204546295819
35.739485279143,491.855152427025,2.96478278407378
283.361136429345,21.8005050161718,3.92573573122337
533.224704177153,391.479065632204,3.56245834345742
73.6546554495291,76.2848344260565,5.170868397856
7.04437720312278,78.3251945696816,3.41168163755845
588.979285584815,229.611918766713,4.00594198702693
433.868599953286,457.685545422795,4.70310954221367
660.75356227451,372.721974598142,3.2200583041078
107.064241627875,493.007412987118,4.37161515197807
621.924259723396,88.1522424368413,4.14243758529394
416.670276046183,259.43427220075,3.651177477471
12.4489286581406,183.047650737921,3.34958675446273
73.7887309539231,115.121199904796,4.42002676089016
609.589159611826,207.889784227893,4.39604882600232
249.83435279941,220.649041124968,3.91401631212218
570.88226614239,436.641696078448,3.79716671480784
301.032853070989,139.104578048878,3.92639223503545
531.359280487141,453.867551566088,3.6047821049942
44.5633210119273,413.369865324306,3.7973351464202
192.882247950095,295.946130857808,3.82837515223059
556.772897653766,264.432106102073,4.03461212092445
183.839410210954,29.2649508098933,4.41910792223019
508.32206502762,341.263357564866,4.56778524552558
39.3803637654957,49.2601674264676,3.23619306883085
523.613452426752,143.006183973732,4.85594474431302
NA,NA,NA
662.215750871472,334.678229830918,3.4256951737414
454.81971543246,303.455155770278,3.71060376911726
11.2412979193078,494.738079923659,3.5420536894818
565.452822064982,54.733335559907,4.20765288330424
69.6370480801143,371.850072328157,3.88319797092885
228.415941197697,417.10971031865,3.98669025958928
428.382469526135,12.5282243665622,3.3036523974096
361.604259120229,291.543708397831,3.11209500934177
606.577156963948,109.637738017653,4.1954594081042
392.034839692039,233.694842110984,4.20725061536788
566.121023998497,413.82686826244,4.74000759581141
139.227556793345,278.726164697143,4.58143581662352
200.56852825857,372.520852299611,4.02264388891499
121.176442238992,410.423834067574,3.35990412883982
624.728734709378,310.855784718652,4.5012435135956
4.97723355782651,147.559825891181,4.22672840563207
542.39625867295,204.794397402882,4.20204546295819
35.739485279143,491.855152427025,2.96478278407378
283.361136429345,21.8005050161718,3.92573573122337
533.224704177153,391.479065632204,3.56245834345742
73.6546554495291,76.2848344260565,5.170868397856
7.04437720312278,78.3251945696816,3.41168163755845
588.979285584815,229.611918766713,4.00594198702693
433.868599953286,457.685545422795,4.70310954221367
660.75356227451,372.721974598142,3.2200583041078
107.064241627875,493.007412987118,4.37161515197807
621.924259723396,88.1522424368413,4.14243758529394
416.670276046183,259.43427220075,3.651177477471
12.4489286581406,183.047650737921,3.34958675446273
73.7887309539231,115.121199904796,4.42002676089016
609.589159611826,207.889784227893,4.39604882600232
249.83435279941,220.649041124968,3.91401631212218
570.88226614239,436.641696078448,3.79716671480784
301.032853070989,139.104578048878,3.92639223503545
531.359280487141,453.867551566088,3.6047821049942
44.5633210119273,413.369865324306,3.7973351464202
192.882247950095,295.946130857808,3.82837515223059
556.772897653766,264.432106102073,4.03461212092445
183.839410210954,29.2649508098933,4.41910792223019
508.32206502762,341.263357564866,4.56778524552558
39.3803637654957,49.2601674264676,3.23619306883085
523.613452426752,143.006183973732,4.85594474431302
NA,NA,NA
662.215750871472,334.678229830918,3.4256951737414
454.81971543246,303.455155770278,3.71060376911726
11.2412979193078,494.738079923659,3.5420536894818
565.452822064982,54.733335559907,4.20765288330424
69.6370480801143,371.850072328157,3.88319797092885
228.415941197697,417.10971031865,3.98669025958928
428.382469526135,12.5282243665622,3.3036523974096
361.604259120229,291.543708397831,3.11209500934177
606.577156963948,109.637738017653,4.1954594081042
392.034839692039,233.694842110984,4.20725061536788
566.121023998497,413.82686826244,4.74000759581141
139.227556793345,278.726164697143,4.58143581662352
200.56852825857,372.520852299611,4.02264388891499
121.176442238992,410.423834067574,3.35990412883982
624.728734709378,310.855784718652,4.5012435135956
4.97723355782651,147.559825891181,4.22672840563207
542.39625867295,204.794397402882,4.20204546295819
35.739485279143,491.855152427025,2.96478278407378
283.361136429345,21.8005050161718,3.92573573122337
533.224704177153,391.479065632204,3.56245834345742
73.6546554495291,76.2848344260565,5.170868397856
7.04437720312278,78.3251945696816,3.41168163755845
588.979285584815,229.611918766713,4.00594198702693
433.868599953286,457.685545422795,4.70310954221367
660.75356227451,372.721974598142,3.2200583041078
107.064241627875,493.007412987118,4.37161515197807
621.924259723396,88.1522424368413,4.14243758529394
416.670276046183,259.43427220075,3.651177477471
12.4489286581406,183.047650737921,3.34958675446273
73.7887309539231,115.121199904796,4.42002676089016
609.589159611826,207.889784227893,4.39604882600232
249.83435279941,220.649041124968,3.91401631212218
570.88226614239,436.641696078448,3.79716671480784
301.032853070989,139.104578048878,3.92639223503545
531.359280487141,453.867551566088,3.6047821049942
44.5633210119273,413.369865324306,3.7973351464202
192.882247950095,295.946130857808,3.82837515223059
556.772897653766,264.432106102073,4.03461212092445
183.839410210954,29.2649508098933,4.41910792223019
508.32206502762,341.263357564866,4.56778524552558
39.3803637654957,49.2601674264676,3.23619306883085
523.613452426752,143.006183973732,4.85594474431302
NA,NA,NA
662.215750871472,334.678229830918,3.4256951737414
454.81971543246,303.455155770278,3.71060376911726
11.2412979193078,494.738079923659,3.5420536894818
565.452822064982,54.733335559907,4.20765288330424
69.6370480801143,371.850072328157,3.88319797092885
228.415941197697,417.10971031865,3.98669025958928
428.382469526135,12.5282243665622,3.3036523974096
361.604259120229,291.543708397831,3.11209500934177
606.577156963948,109.637738017653,4.1954594081042
392.034839692039,233.694842110984,4.20725061536788
566.121023998497,413.82686826244,4.74000759581141
139.227556793345,278.726164697143,4.58143581662352
200.56852825857,372.520852299611,4.02264388891499
121.176442238992,410.423834067574,3.35990412883982
624.728734709378,310.855784718652,4.5012435135956
4.97723355782651,147.559825891181,4.22672840563207
542.39625867295,204.794397402882,4.20204546295819
35.739485279143,491.855152427025,2.96478278407378
283.361136429345,21.8005050161718,3.92573573122337
533.224704177153,391.479065632204,3.56245834345742
73.6546554495291,76.2848344260565,5.170868397856
7.04437720312278,78.3251945696816,3.41168163755845
588.979285584815,229.611918766713,4.00594198702693
433.868599953286,457.685545422795,4.70310954221367
660.75356227451,372.721974598142,3.2200583041078
107.064241627875,493.007412987118,4.37161515197807
621.924259723396,88.1522424368413,4.14243758529394
416.670276046183,259.43427220075,3.651177477471
12.4489286581406,183.047650737921,3.34958675446273
73.7887309539231,115.121199904796,4.42002676089016
609.589159611826,207.889784227893,4.39604882600232
249.83435279941,220.649041124968,3.91401631212218
570.88226614239,436.641696078448,3.79716671480784
301.032853070989,139.104578048878,3.92639223503545
531.359280487141,453.867551566088,3.6047821049942
44.5633210119273,413.369865324306,3.7973351464202
192.882247950095,295.946130857808,3.82837515223059
556.772897653766,264.432106102073,4.03461212092445
183.839410210954,29.2649508098933,4.41910792223019
508.32206502762,341.263357564866,4.56778524552558
39.3803637654957,49.2601674264676,3.23619306883085
523.613452426752,143.006183973732,4.85594474431302
NA,NA,NA
662.215750871472,334.678229830918,3.4256951737414
454.81971543246,303.455155770278,3.71060376911726
11.2412979193078,494.738079923659,3.5420536894818
565.452822064982,54.733335559907,4.20765288330424
69.6370480801143,371.850072328157,3.88319797092885
228.415941197697,417.10971031865,3.98669025958928
428.382469526135,12.5282243665622,3.3036523974096
361.604259120229,291.543708397831,3.11209500934177
606.577156963948,109.637738017653,4.1954594081042
392.034839692039,233.694842110984,4.20725061536788
566.121023998497,413.82686826244,4.74000759581141
139.227556793345,278.726164697143,4.58143581662352
200.56852825857,372.520852299611,4.02264388891499
121.176442238992,410.423834067574,3.35990412883982
624.728734709378,310.855784718652,4.5012435135956
4.97723355782651,147.559825891181,4.22672840563207
542.39625867295,204.794397402882,4.20204546295819
35.739485279143,491.855152427025,2.96478278407378
283.361136429345,21.8005050161718,3.92573573122337
533.224704177153,391.479065632204,3.56245834345742
73.6546554495291,76.2848344260565,5.170868397856
7.04437720312278,78.3251945696816,3.41168163755845
588.979285584815,229.611918766713,4.00594198702693
433.868599953286,457.685545422795,4.70310954221367
660.75356227451,372.721974598142,3.2200583041078
107.064241627875,493.007412987118,4.37161515197807
621.924259723396,88.1522424368413,4.14243758529394
416.670276046183,259.43427220075,3.651177477471
12.4489286581406,183.047650737921,3.34958675446273
73.7887309539231,115.121199904796,4.42002676089016
609.589159611826,207.889784227893,4.39604882600232
249.83435279941,220.649041124968,3.91401631212218
570.88226614239,436.641696078448,3.79716671480784
301.032853070989,139.104578048878,3.92639223503545
531.359280487141,453.867551566088,3.6047821049942
44.5633210119273,413.369865324306,3.7973351464202
192.882247950095,295.946130857808,3.82837515223059
556.772897653766,264.432106102073,4.03461212092445
183.839410210954,29.2649508098933,4.41910792223019
508.32206502762,341.263357564866,4.56778524552558
39.3803637654957,49.2601674264676,3.23619306883085
523.613452426752,143.006183973732,4.85594474431302
NA,NA,NA
662.215750871472,334.678229830918,3.4256951737414
454.81971543246,303.455155770278,3.71060376911726
11.2412979193078,494.738079923659,3.5420536894818
565.452822064982,54.733335559907,4.20765288330424
69.6370480801143,371.850072328157,3.88319797092885
228.415941197697,417.10971031865,3.98669025958928
428.382469526135,12.5282243665622,3.3036523974096
361.604259120229,291.543708397831,3.11209500934177
606.577156963948,109.637738017653,4.1954594081042
392.034839692039,233.694842110984,4.20725061536788
566.121023998497,413.82686826244,4.74000759581141
139.227556793345,278.726164697143,4.58143581662352
200.56852825857,372.520852299611,4.02264388891499
121.176442238992,410.423834067574,3.35990412883982
624.728734709378,310.855784718652,4.5012435135956
4.97723355782651,147.559825891181,4.22672840563207
542.39625867295,204.794397402882,4.20204546295819
35.739485279143,491.855152427025,2.96478278407378
283.361136429345,21.8005050161718,3.92573573122337
533.224704177153,391.479065632204,3.56245834345742
73.6546554495291,76.2848344260565,5.170868397856
7.04437720312278,78.3251945696816,3.41168163755845
588.979285584815,229.611918766713,4.00594198702693
433.868599953286,457.685545422795,4.70310954221367
660.75356227451,372.721974598142,3.2200583041078
107.064241627875,493.007412987118,4.37161515197807
621.924259723396,88.1522424368413,4.14243758529394
416.670276046183,259.43427220075,3.651177477471
12.4489286581406,183.047650737921,3.34958675446273
73.7887309539231,115.121199904796,4.42002676089016
609.589159611826,207.889784227893,4.39604882600232
249.83435279941,220.649041124968,3.91401631212218
570.88226614239,436.641696078448,3.79716671480784
301.032853070989,139.104578048878,3.92639223503545
531.359280487141,453.867551566088,3.6047821049942
44.5633210119273,413.369865324306,3.7973351464202
192.882247950095,295.946130857808,3.82837515223059
556.772897653766,264.432106102073,4.03461212092445
183.839410210954,29.2649508098933,4.41910792223019
508.32206502762,341.263357564866,4.56778524552558
39.3803637654957,49.2601674264676,3.23619306883085
523.613452426752,143.006183973732,4.85594474431302
NA,NA,NA
662.208571611718,333.633297071896,3.57520641230804
455.888061396859,298.829862355439,3.72463982025721
11.9071181023171,495.998550297598,3.69980262079887
564.555520062149,50.9541796532117,4.12006495481355
74.2736597009302,375.855903635736,3.86021584603392
222.853529220469,410.656799749691,3.90880894967432
430.423088083194,13.9480943150067,3.30863087654424
358.167416535392,294.936053061404,3.11820783957754
609.702838234945,104.415891070968,4.2769874381501
393.774868664501,229.920074910702,4.20695575342167
567.865480230395,411.478529347982,4.72226380580222
136.327097851193,289.891677315588,4.63887885690573
200.303692899027,365.534366119947,4.05808786033494
125.40264615652,409.763649797598,3.40487821391493
631.817007141185,312.129881295353,4.48571922805192
0.889344132123778,145.466685641849,4.2187232447334
543.262863672285,203.963207697212,4.15692571221178
33.7774683589153,493.191914757594,2.98396212695263
276.248473294017,18.5607851767365,4.01520075079559
535.18759618001,394.334012794268,3.36895199915526
72.6538935832413,81.6098011330025,5.22906588095867
2.9503828769255,78.3809814191494,3.58418027314389
585.531311954946,220.656060873622,3.97324933953303
444.663386249765,453.057369751827,4.70494682254099
659.246842486696,371.180582086929,2.97761835687296
109.914988596586,486.330140191845,4.34435916323638
628.756450312303,93.4254704118728,4.06827196923538
418.907534178993,260.412884750439,3.55966302203487
10.3397203096435,183.860745978098,3.17268061370054
54.9056579239653,117.454213252442,4.51899099986786
617.31501926391,195.408100648419,4.31743622588414
262.126229142114,222.249579764859,3.67322402276352
570.31284501649,439.4815236205,3.68445063593977
298.920212382298,137.638532544273,4.16799670683133
523.435317564817,459.108888797199,3.51906665815332
53.4511562288678,416.494732909548,3.8546518408776
201.40991324202,297.600196858735,3.65819632831004
551.560551335154,267.347112636069,3.80201735589192
167.000447694186,29.0112461676831,4.24709955054019
489.909852574482,351.402195610352,4.68377583570858
31.9136162933399,55.923767530486,4.22119887156611
526.514967309356,134.29916561341,5.02608477526643
NA,NA,NA
662.208571611718,333.633297071896,3.57520641230804
455.888061396859,298.829862355439,3.72463982025721
11.9071181023171,495.998550297598,3.69980262079887
564.555520062149,50.9541796532117,4.12006495481355
74.2736597009302,375.855903635736,3.86021584603392
222.853529220469,410.656799749691,3.90880894967432
430.423088083194,13.9480943150067,3.30863087654424
358.167416535392,294.936053061404,3.11820783957754
609.702838234945,104.415891070968,4.2769874381501
393.774868664501,229.920074910702,4.20695575342167
567.865480230395,411.478529347982,4.72226380580222
136.327097851193,289.891677315588,4.63887885690573
200.303692899027,365.534366119947,4.05808786033494
125.40264615652,409.763649797598,3.40487821391493
631.817007141185,312.129881295353,4.48571922805192
0.889344132123778,145.466685641849,4.2187232447334
543.262863672285,203.963207697212,4.15692571221178
33.7774683589153,493.191914757594,2.98396212695263
276.248473294017,18.5607851767365,4.01520075079559
535.18759618001,394.334012794268,3.36895199915526
72.6538935832413,81.6098011330025,5.22906588095867
2.9503828769255,78.3809814191494,3.58418027314389
585.531311954946,220.656060873622,3.97324933953303
444.663386249765,453.057369751827,4.70494682254099
659.246842486696,371.180582086929,2.97761835687296
109.914988596586,486.330140191845,4.34435916323638
628.756450312303,93.4254704118728,4.06827196923538
418.907534178993,260.412884750439,3.55966302203487
10.3397203096435,183.860745978098,3.17268061370054
54.9056579239653,117.454213252442,4.51899099986786
617.31501926391,195.408100648419,4.31743622588414
262.126229142114,222.249579764859,3.67322402276352
570.31284501649,439.4815236205,3.68445063593977
298.920212382298,137.638532544273,4.16799670683133
523.435317564817,459.108888797199,3.51906665815332
53.4511562288678,416.494732909548,3.8546518408776
201.40991324202,297.600196858735,3.65819632831004
551.560551335154,267.347112636069,3.80201735589192
167.000447694186,29.0112461676831,4.24709955054019
489.909852574482,351.402195610352,4.68377583570858
31.9136162933399,55.923767530486,4.22119887156611
526.514967309356,134.29916561341,5.02608477526643
NA,NA,NA
662.208571611718,333.633297071896,3.57520641230804
455.888061396859,298.829862355439,3.72463982025721
11.9071181023171,495.998550297598,3.69980262079887
564.555520062149,50.9541796532117,4.12006495481355
74.2736597009302,375.855903635736,3.86021584603392
222.853529220469,410.656799749691,3.90880894967432
430.423088083194,13.9480943150067,3.30863087654424
358.167416535392,294.936053061404,3.11820783957754
609.702838234945,104.415891070968,4.2769874381501
393.774868664501,229.920074910702,4.20695575342167
567.865480230395,411.478529347982,4.72226380580222
136.327097851193,289.891677315588,4.63887885690573
200.303692899027,365.534366119947,4.05808786033494
125.40264615652,409.763649797598,3.40487821391493
631.817007141185,312.129881295353,4.48571922805192
0.889344132123778,145.466685641849,4.2187232447334
543.262863672285,203.963207697212,4.15692571221178
33.7774683589153,493.191914757594,2.98396212695263
276.248473294017,18.5607851767365,4.01520075079559
535.18759618001,394.334012794268,3.36895199915526
72.6538935832413,81.6098011330025,5.22906588095867
2.9503828769255,78.3809814191494,3.58418027314389
585.531311954946,220.656060873622,3.97324933953303
444.663386249765,453.057369751827,4.70494682254099
659.246842486696,371.180582086929,2.97761835687296
109.914988596586,486.330140191845,4.34435916323638
628.756450312303,93.4254704118728,4.06827196923538
418.907534178993,260.412884750439,3.55966302203487
10.3397203096435,183.860745978098,3.17268061370054
54.9056579239653,117.454213252442,4.51899099986786
617.31501926391,195.408100648419,4.31743622588414
262.126229142114,222.249579764859,3.67322402276352
570.31284501649,439.4815236205,3.68445063593977
298.920212382298,137.638532544273,4.16799670683133
523.435317564817,459.108888797199,3.51906665815332
53.4511562288678,416.494732909548,3.8546518408776
201.40991324202,297.600196858735,3.65819632831004
551.560551335154,267.347112636069,3.80201735589192
167.000447694186,29.0112461676831,4.24709955054019
489.909852574482,351.402195610352,4.68377583570858
31.9136162933399,55.923767530486,4.22119887156611
526.514967309356,134.29916561341,5.02608477526643
NA,NA,NA
662.208571611718,333.633297071896,3.57520641230804
455.888061396859,298.829862355439,3.72463982025721
11.9071181023171,495.998550297598,3.69980262079887
564.555520062149,50.9541796532117,4.12006495481355
74.2736597009302,375.855903635736,3.86021584603392
222.853529220469,410.656799749691,3.90880894967432
430.423088083194,13.9480943150067,3.30863087654424
358.167416535392,294.936053061404,3.11820783957754
609.702838234945,104.415891070968,4.2769874381501
393.774868664501,229.920074910702,4.20695575342167
567.865480230395,411.478529347982,4.72226380580222
136.327097851193,289.891677315588,4.63887885690573
200.303692899027,365.534366119947,4.05808786033494
125.40264615652,409.763649797598,3.40487821391493
631.817007141185,312.129881295353,4.48571922805192
0.889344132123778,145.466685641849,4.2187232447334
543.262863672285,203.963207697212,4.15692571221178
33.7774683589153,493.191914757594,2.98396212695263
276.248473294017,18.5607851767365,4.01520075079559
535.18759618001,394.334012794268,3.36895199915526
72.6538935832413,81.6098011330025,5.22906588095867
2.9503828769255,78.3809814191494,3.58418027314389
585.531311954946,220.656060873622,3.97324933953303
444.663386249765,453.057369751827,4.70494682254099
659.246842486696,371.180582086929,2.97761835687296
109.914988596586,486.330140191845,4.34435916323638
628.756450312303,93.4254704118728,4.06827196923538
418.907534178993,260.412884750439,3.55966302203487
10.3397203096435,183.860745978098,3.17268061370054
54.9056579239653,117.454213252442,4.51899099986786
617.31501926391,195.408100648419,4.31743622588414
262.126229142114,222.249579764859,3.67322402276352
570.31284501649,439.4815236205,3.68445063593977
298.920212382298,137.638532544273,4.16799670683133
523.435317564817,459.108888797199,3.51906665815332
53.4511562288678,416.494732909548,3.8546518408776
201.40991324202,297.600196858735,3.65819632831004
551.560551335154,267.347112636069,3.80201735589192
167.000447694186,29.0112461676831,4.24709955054019
489.909852574482,351.402195610352,4.68377583570858
31.9136162933399,55.923767530486,4.22119887156611
526.514967309356,134.29916561341,5.02608477526643
NA,NA,NA
662.208571611718,333.633297071896,3.57520641230804
455.888061396859,298.829862355439,3.72463982025721
11.9071181023171,495.998550297598,3.69980262079887
564.555520062149,50.9541796532117,4.12006495481355
74.2736597009302,375.855903635736,3.86021584603392
222.853529220469,410.656799749691,3.90880894967432
430.423088083194,13.9480943150067,3.30863087654424
358.167416535392,294.936053061404,3.11820783957754
609.702838234945,104.415891070968,4.2769874381501
393.774868664501,229.920074910702,4.20695575342167
567.865480230395,411.478529347982,4.72226380580222
136.327097851193,289.891677315588,4.63887885690573
200.303692899027,365.534366119947,4.05808786033494
125.40264615652,409.763649797598,3.40487821391493
631.817007141185,312.129881295353,4.48571922805192
0.889344132123778,145.466685641849,4.2187232447334
543.262863672285,203.963207697212,4.15692571221178
33.7774683589153,493.191914757594,2.98396212695263
276.248473294017,18.5607851767365,4.01520075079559
535.18759618001,394.334012794268,3.36895199915526
72.6538935832413,81.6098011330025,5.22906588095867
2.9503828769255,78.3809814191494,3.58418027314389
585.531311954946,220.656060873622,3.97324933953303
444.663386249765,453.057369751827,4.70494682254099
659.246842486696,371.180582086929,2.97761835687296
109.914988596586,486.330140191845,4.34435916323638
628.756450312303,93.4254704118728,4.06827196923538
418.907534178993,260.412884750439,3.55966302203487
10.3397203096435,183.860745978098,3.17268061370054
54.9056579239653,117.454213252442,4.51899099986786
617.31501926391,195.408100648419,4.31743622588414
262.126229142114,222.249579764859,3.67322402276352
570.31284501649,439.4815236205,3.68445063593977
298.920212382298,137.638532544273,4.16799670683133
523.435317564817,459.108888797199,3.51906665815332
53.4511562288678,416.494732909548,3.8546518408776
201.40991324202,297.600196858735,3.65819632831004
551.560551335154,267.347112636069,3.80201735589192
167.000447694186,29.0112461676831,4.24709955054019
489.909852574482,351.402195610352,4.68377583570858
31.9136162933399,55.923767530486,4.22119887156611
526.514967309356,134.29916561341,5.02608477526643
NA,NA,NA
662.208571611718,333.633297071896,3.57520641230804
455.888061396859,298.829862355439,3.72463982025721
11.9071181023171,495.998550297598,3.69980262079887
564.555520062149,50.9541796532117,4.12006495481355
74.2736597009302,375.855903635736,3.86021584603392
222.853529220469,410.656799749691,3.90880894967432
430.423088083194,13.9480943150067,3.30863087654424
358.167416535392,294.936053061404,3.11820783957754
609.702838234945,104.415891070968,4.2769874381501
393.774868664501,229.920074910702,4.20695575342167
567.865480230395,411.478529347982,4.72226380580222
136.327097851193,289.891677315588,4.63887885690573
200.303692899027,365.534366119947,4.05808786033494
125.40264615652,409.763649797598,3.40487821391493
631.817007141185,312.129881295353,4.48571922805192
0.889344132123778,145.466685641849,4.2187232447334
543.262863672285,203.963207697212,4.15692571221178
33.7774683589153,493.191914757594,2.98396212695263
276.248473294017,18.5607851767365,4.01520075079559
535.18759618001,394.334012794268,3.36895199915526
72.6538935832413,81.6098011330025,5.22906588095867
2.9503828769255,78.3809814191494,3.58418027314389
585.531311954946,220.656060873622,3.97324933953303
444.663386249765,453.057369751827,4.70494682254099
659.246842486696,371.180582086929,2.97761835687296
109.914988596586,486.330140191845,4.34435916323638
628.756450312303,93.4254704118728,4.06827196923538
418.907534178993,260.412884750439,3.55966302203487
10.3397203096435,183.860745978098,3.17268061370054
54.9056579239653,117.454213252442,4.51899099986786
617.31501926391,195.408100648419,4.31743622588414
262.126229142114,222.249579764859,3.67322402276352
570.31284501649,439.4815236205,3.68445063593977
298.920212382298,137.638532544273,4.16799670683133
523.435317564817,459.108888797199,3.51906665815332
53.4511562288678,416.494732909548,3.8546518408776
201.40991324202,297.600196858735,3.65819632831004
551.560551335154,267.347112636069,3.80201735589192
167.000447694186,29.0112461676831,4.24709955054019
489.909852574482,351.402195610352,4.68377583570858
31.9136162933399,55.923767530486,4.22119887156611
526.514967309356,134.29916561341,5.02608477526643
NA,NA,NA
659.511800203505,335.962103439222,3.57625289545774
455.182759658725,297.593280039562,3.52307000869437
8.76198426849425,494.544933563056,3.59597851136226
559.089518563638,47.4627855578787,4.16405607116473
70.3149938959346,377.060271471818,3.88981250985182
230.351674862173,411.935477045547,3.923262437322
427.222592341533,12.0464798620736,3.34684928662616
362.587755241497,290.614294924027,2.96024962019027
604.951846004549,103.784747866124,4.27908721998953
392.788618437751,225.715796830742,4.11980763494769
570.113921244061,407.956732551061,4.64800250406611
138.787463238349,281.641555291442,4.48430230001987
200.961798172332,372.460261467237,3.99949758321897
127.17879289297,410.078089436365,3.48939969739395
630.091507328213,308.689672303693,4.55737802872414
6.92790754283268,144.001515002615,4.33750088108794
545.112423322503,202.831527864895,4.03481800286762
34.6901681647714,492.867993390704,3.06562358407146
276.634571981564,17.1718419924001,3.70573804624262
534.577459158943,393.748595153869,3.36647225487629
75.8462331525339,75.903164243348,5.23647487552853
4.31380454426492,73.8368889190495,3.45761368382238
581.664417894012,228.270082320244,4.08522560406607
440.215432927058,461.04659584979,4.88251630312591
659.736049765091,373.265471063321,3.03549766638007
110.951441596901,490.796704487725,4.43276261286259
622.388225175551,90.2418031073007,4.08605230190069
420.230910249997,257.561884095701,3.57376285182306
8.40407237588794,182.948605053363,3.30949558107406
57.7967892093306,117.332557539704,4.32350262152107
595.507555232177,199.126817464569,4.41290123024499
255.600516940812,223.715621113165,4.12332186026036
571.983452197049,441.296512756156,3.80254414533133
301.531644325959,139.165214617297,4.10354135837904
533.878132414423,459.61813247511,3.82011458082669
42.7306228508779,425.790317200092,4.04268284557132
195.865483337562,287.332140350407,4.40617929502147
541.090997501657,257.630426853061,3.77289175887812
169.031803169685,29.8548108701133,4.40816696347482
489.439796484289,350.983305786698,4.22817341575572
24.0888327342317,46.6272172324003,3.25157086307551
519.758810367989,161.265489553791,5.05954525381029
NA,NA,NA
659.511800203505,335.962103439222,3.57625289545774
455.182759658725,297.593280039562,3.52307000869437
8.76198426849425,494.544933563056,3.59597851136226
559.089518563638,47.4627855578787,4.16405607116473
70.3149938959346,377.060271471818,3.88981250985182
230.351674862173,411.935477045547,3.923262437322
427.222592341533,12.0464798620736,3.34684928662616
362.587755241497,290.614294924027,2.96024962019027
604.951846004549,103.784747866124,4.27908721998953
392.788618437751,225.715796830742,4.11980763494769
570.113921244061,407.956732551061,4.64800250406611
138.787463238349,281.641555291442,4.48430230001987
200.961798172332,372.460261467237,3.99949758321897
127.17879289297,410.078089436365,3.48939969739395
630.091507328213,308.689672303693,4.55737802872414
6.92790754283268,144.001515002615,4.33750088108794
545.112423322503,202.831527864895,4.03481800286762
34.6901681647714,492.867993390704,3.06562358407146
276.634571981564,17.1718419924001,3.70573804624262
534.577459158943,393.748595153869,3.36647225487629
75.8462331525339,75.903164243348,5.23647487552853
4.31380454426492,73.8368889190495,3.45761368382238
581.664417894012,228.270082320244,4.08522560406607
440.215432927058,461.04659584979,4.88251630312591
659.736049765091,373.265471063321,3.03549766638007
110.951441596901,490.796704487725,4.43276261286259
622.388225175551,90.2418031073007,4.08605230190069
420.230910249997,257.561884095701,3.57376285182306
8.40407237588794,182.948605053363,3.30949558107406
57.7967892093306,117.332557539704,4.32350262152107
595.507555232177,199.126817464569,4.41290123024499
255.600516940812,223.715621113165,4.12332186026036
571.983452197049,441.296512756156,3.80254414533133
301.531644325959,139.165214617297,4.10354135837904
533.878132414423,459.61813247511,3.82011458082669
42.7306228508779,425.790317200092,4.04268284557132
195.865483337562,287.332140350407,4.40617929502147
541.090997501657,257.630426853061,3.77289175887812
169.031803169685,29.8548108701133,4.40816696347482
489.439796484289,350.983305786698,4.22817341575572
24.0888327342317,46.6272172324003,3.25157086307551
519.758810367989,161.265489553791,5.05954525381029
NA,NA,NA
659.511800203505,335.962103439222,3.57625289545774
455.182759658725,297.593280039562,3.52307000869437
8.76198426849425,494.544933563056,3.59597851136226
559.089518563638,47.4627855578787,4.16405607116473
70.3149938959346,377.060271471818,3.88981250985182
230.351674862173,411.935477045547,3.923262437322
427.222592341533,12.0464798620736,3.34684928662616
362.587755241497,290.614294924027,2.96024962019027
604.951846004549,103.784747866124,4.27908721998953
392.788618437751,225.715796830742,4.11980763494769
570.113921244061,407.956732551061,4.64800250406611
138.787463238349,281.641555291442,4.48430230001987
200.961798172332,372.460261467237,3.99949758321897
127.17879289297,410.078089436365,3.48939969739395
630.091507328213,308.689672303693,4.55737802872414
6.92790754283268,144.001515002615,4.33750088108794
545.112423322503,202.831527864895,4.03481800286762
34.6901681647714,492.867993390704,3.06562358407146
276.634571981564,17.1718419924001,3.70573804624262
534.577459158943,393.748595153869,3.36647225487629
75.8462331525339,75.903164243348,5.23647487552853
4.31380454426492,73.8368889190495,3.45761368382238
581.664417894012,228.270082320244,4.08522560406607
440.215432927058,461.04659584979,4.88251630312591
659.736049765091,373.265471063321,3.03549766638007
110.951441596901,490.796704487725,4.43276261286259
622.388225175551,90.2418031073007,4.08605230190069
420.230910249997,257.561884095701,3.57376285182306
8.40407237588794,182.948605053363,3.30949558107406
57.7967892093306,117.332557539704,4.32350262152107
595.507555232177,199.126817464569,4.41290123024499
255.600516940812,223.715621113165,4.12332186026036
571.983452197049,441.296512756156,3.80254414533133
301.531644325959,139.165214617297,4.10354135837904
533.878132414423,459.61813247511,3.82011458082669
42.7306228508779,425.790317200092,4.04268284557132
195.865483337562,287.332140350407,4.40617929502147
541.090997501657,257.630426853061,3.77289175887812
169.031803169685,29.8548108701133,4.40816696347482
489.439796484289,350.983305786698,4.22817341575572
24.0888327342317,46.6272172324003,3.25157086307551
519.758810367989,161.265489553791,5.05954525381029
NA,NA,NA
659.511800203505,335.962103439222,3.57625289545774
455.182759658725,297.593280039562,3.52307000869437
8.76198426849425,494.544933563056,3.59597851136226
559.089518563638,47.4627855578787,4.16405607116473
70.3149938959346,377.060271471818,3.88981250985182
230.351674862173,411.935477045547,3.923262437322
427.222592341533,12.0464798620736,3.34684928662616
362.587755241497,290.614294924027,2.96024962019027
604.951846004549,103.784747866124,4.27908721998953
392.788618437751,225.715796830742,4.11980763494769
570.113921244061,407.956732551061,4.64800250406611
138.787463238349,281.641555291442,4.48430230001987
200.961798172332,372.460261467237,3.99949758321897
127.17879289297,410.078089436365,3.48939969739395
630.091507328213,308.689672303693,4.55737802872414
6.92790754283268,144.001515002615,4.33750088108794
545.112423322503,202.831527864895,4.03481800286762
34.6901681647714,492.867993390704,3.06562358407146
276.634571981564,17.1718419924001,3.70573804624262
534.577459158943,393.748595153869,3.36647225487629
75.8462331525339,75.903164243348,5.23647487552853
4.31380454426492,73.8368889190495,3.45761368382238
581.664417894012,228.270082320244,4.08522560406607
440.215432927058,461.04659584979,4.88251630312591
659.736049765091,373.265471063321,3.03549766638007
110.951441596901,490.796704487725,4.43276261286259
622.388225175551,90.2418031073007,4.08605230190069
420.230910249997,257.561884095701,3.57376285182306
8.40407237588794,182.948605053363,3.30949558107406
57.7967892093306,117.332557539704,4.32350262152107
595.507555232177,199.126817464569,4.41290123024499
255.600516940812,223.715621113165,4.12332186026036
571.983452197049,441.296512756156,3.80254414533133
301.531644325959,139.165214617297,4.10354135837904
533.878132414423,459.61813247511,3.82011458082669
42.7306228508779,425.790317200092,4.04268284557132
195.865483337562,287.332140350407,4.40617929502147
541.090997501657,257.630426853061,3.77289175887812
169.031803169685,29.8548108701133,4.40816696347482
489.439796484289,350.983305786698,4.22817341575572
24.0888327342317,46.6272172324003,3.25157086307551
519.758810367989,161.265489553791,5.05954525381029
NA,NA,NA
659.511800203505,335.962103439222,3.57625289545774
455.182759658725,297.593280039562,3.52307000869437
8.76198426849425,494.544933563056,3.59597851136226
559.089518563638,47.4627855578787,4.16405607116473
70.3149938959346,377.060271471818,3.88981250985182
230.351674862173,411.935477045547,3.923262437322
427.222592341533,12.0464798620736,3.34684928662616
362.587755241497,290.614294924027,2.96024962019027
604.951846004549,103.784747866124,4.27908721998953
392.788618437751,225.715796830742,4.11980763494769
570.113921244061,407.956732551061,4.64800250406611
138.787463238349,281.641555291442,4.48430230001987
200.961798172332,372.460261467237,3.99949758321897
127.17879289297,410.078089436365,3.48939969739395
630.091507328213,308.689672303693,4.55737802872414
6.92790754283268,144.001515002615,4.33750088108794
545.112423322503,202.831527864895,4.03481800286762
34.6901681647714,492.867993390704,3.06562358407146
276.634571981564,17.1718419924001,3.70573804624262
534.577459158943,393.748595153869,3.36647225487629
75.8462331525339,75.903164243348,5.23647487552853
4.31380454426492,73.8368889190495,3.45761368382238
581.664417894012,228.270082320244,4.08522560406607
440.215432927058,461.04659584979,4.88251630312591
659.736049765091,373.265471063321,3.03549766638007
110.951441596901,490.796704487725,4.43276261286259
622.388225175551,90.2418031073007,4.08605230190069
420.230910249997,257.561884095701,3.57376285182306
8.40407237588794,182.948605053363,3.30949558107406
57.7967892093306,117.332557539704,4.32350262152107
595.507555232177,199.126817464569,4.41290123024499
255.600516940812,223.715621113165,4.12332186026036
571.983452197049,441.296512756156,3.80254414533133
301.531644325959,139.165214617297,4.10354135837904
533.878132414423,459.61813247511,3.82011458082669
42.7306228508779,425.790317200092,4.04268284557132
195.865483337562,287.332140350407,4.40617929502147
541.090997501657,257.630426853061,3.77289175887812
169.031803169685,29.8548108701133,4.40816696347482
489.439796484289,350.983305786698,4.22817341575572
24.0888327342317,46.6272172324003,3.25157086307551
519.758810367989,161.265489553791,5.05954525381029
NA,NA,NA
659.511800203505,335.962103439222,3.57625289545774
455.182759658725,297.593280039562,3.52307000869437
8.76198426849425,494.544933563056,3.59597851136226
559.089518563638,47.4627855578787,4.16405607116473
70.3149938959346,377.060271471818,3.88981250985182
230.351674862173,411.935477045547,3.923262437322
427.222592341533,12.0464798620736,3.34684928662616
362.587755241497,290.614294924027,2.96024962019027
604.951846004549,103.784747866124,4.27908721998953
392.788618437751,225.715796830742,4.11980763494769
570.113921244061,407.956732551061,4.64800250406611
138.787463238349,281.641555291442,4.48430230001987
200.961798172332,372.460261467237,3.99949758321897
127.17879289297,410.078089436365,3.48939969739395
630.091507328213,308.689672303693,4.55737802872414
6.92790754283268,144.001515002615,4.33750088108794
545.112423322503,202.831527864895,4.03481800286762
34.6901681647714,492.867993390704,3.06562358407146
276.634571981564,17.1718419924001,3.70573804624262
534.577459158943,393.748595153869,3.36647225487629
75.8462331525339,75.903164243348,5.23647487552853
4.31380454426492,73.8368889190495,3.45761368382238
581.664417894012,228.270082320244,4.08522560406607
440.215432927058,461.04659584979,4.88251630312591
659.736049765091,373.265471063321,3.03549766638007
110.951441596901,490.796704487725,4.43276261286259
622.388225175551,90.2418031073007,4.08605230190069
420.230910249997,257.561884095701,3.57376285182306
8.40407237588794,182.948605053363,3.30949558107406
57.7967892093306,117.332557539704,4.32350262152107
595.507555232177,199.126817464569,4.41290123024499
255.600516940812,223.715621113165,4.12332186026036
571.983452197049,441.296512756156,3.80254414533133
301.531644325959,139.165214617297,4.10354135837904
533.878132414423,459.61813247511,3.82011458082669
42.7306228508779,425.790317200092,4.04268284557132
195.865483337562,287.332140350407,4.40617929502147
541.090997501657,257.630426853061,3.77289175887812
169.031803169685,29.8548108701133,4.40816696347482
489.439796484289,350.983305786698,4.22817341575572
24.0888327342317,46.6272172324003,3.25157086307551
519.758810367989,161.265489553791,5.05954525381029
NA,NA,NA
659.629457249959,334.152141606386,3.57792500603832
455.961015612343,299.671699650492,3.60782640333216
11.5185890581928,491.598986841919,3.67346824798266
561.622539674702,52.3956683224249,4.21317774182487
69.4675143802424,375.39404106007,4.01639428657987
222.936828498739,418.581085976939,3.96953532992069
426.842882274431,14.6631708891296,3.28090937490459
359.960754680728,293.824460182321,3.10580708975834
603.78510679778,105.184927223647,4.36363781555907
387.822740641963,224.065023839823,4.20322732479722
567.451176730516,412.219992046459,4.73525401677682
139.30613194993,280.933443846174,4.63035163204683
198.505815361117,371.594420403747,3.94198627908608
123.890678122944,412.994003729233,3.37987363548938
627.318138829187,307.644027518876,4.61376074953414
2.94643715399855,147.14861966736,4.24762102261745
540.847886438752,204.611212714133,4.23697636704908
34.0681328338837,492.431323937459,3.09598775005293
275.307428596144,23.3577732783453,3.8891320397279
533.044071165808,391.479079961277,3.33737764256341
72.5704992203124,77.9663541850032,5.27817905500705
7.7431380772265,73.1647027964555,3.53423601516564
587.595989513249,230.465908148568,4.02738096041555
433.761229019693,460.864037486373,4.77365079014679
659.666853427704,372.227307424838,3.0507505898659
102.273980568953,490.250400710512,4.30866343601455
624.316049395485,91.2634553333659,4.09864302266477
424.03607378115,260.140847737581,3.56351915565203
11.2621466030844,180.178876024056,3.21342281813236
61.1443589417527,119.391588349254,4.31367138444548
609.514424633926,210.952549171327,4.48171586190927
251.114057962868,217.644000064486,3.8451001645858
567.231085431056,438.392779832603,3.87308315828449
297.130135084978,132.15090022396,4.04143138587863
521.581358651873,462.282768297167,3.6030946007837
40.9016714072842,411.214231327856,3.59987172026075
201.393081070618,283.32926358052,4.19467700268336
553.813528362089,268.34091518941,3.6493932791795
167.39793256372,21.9835518984943,4.11485040897019
493.624636387457,345.591812224515,4.54620156191462
28.2977298781196,46.2020650651269,4.05113745449777
537.824064588102,129.938315587244,4.61765252042636
NA,NA,NA
659.629457249959,334.152141606386,3.57792500603832
455.961015612343,299.671699650492,3.60782640333216
11.5185890581928,491.598986841919,3.67346824798266
561.622539674702,52.3956683224249,4.21317774182487
69.4675143802424,375.39404106007,4.01639428657987
222.936828498739,418.581085976939,3.96953532992069
426.842882274431,14.6631708891296,3.28090937490459
359.960754680728,293.824460182321,3.10580708975834
603.78510679778,105.184927223647,4.36363781555907
387.822740641963,224.065023839823,4.20322732479722
567.451176730516,412.219992046459,4.73525401677682
139.30613194993,280.933443846174,4.63035163204683
198.505815361117,371.594420403747,3.94198627908608
123.890678122944,412.994003729233,3.37987363548938
627.318138829187,307.644027518876,4.61376074953414
2.94643715399855,147.14861966736,4.24762102261745
540.847886438752,204.611212714133,4.23697636704908
34.0681328338837,492.431323937459,3.09598775005293
275.307428596144,23.3577732783453,3.8891320397279
533.044071165808,391.479079961277,3.33737764256341
72.5704992203124,77.9663541850032,5.27817905500705
7.7431380772265,73.1647027964555,3.53423601516564
587.595989513249,230.465908148568,4.02738096041555
433.761229019693,460.864037486373,4.77365079014679
659.666853427704,372.227307424838,3.0507505898659
102.273980568953,490.250400710512,4.30866343601455
624.316049395485,91.2634553333659,4.09864302266477
424.03607378115,260.140847737581,3.56351915565203
11.2621466030844,180.178876024056,3.21342281813236
61.1443589417527,119.391588349254,4.31367138444548
609.514424633926,210.952549171327,4.48171586190927
251.114057962868,217.644000064486,3.8451001645858
567.231085431056,438.392779832603,3.87308315828449
297.130135084978,132.15090022396,4.04143138587863
521.581358651873,462.282768297167,3.6030946007837
40.9016714072842,411.214231327856,3.59987172026075
201.393081070618,283.32926358052,4.19467700268336
553.813528362089,268.34091518941,3.6493932791795
167.39793256372,21.9835518984943,4.11485040897019
493.624636387457,345.591812224515,4.54620156191462
28.2977298781196,46.2020650651269,4.05113745449777
537.824064588102,129.938315587244,4.61765252042636
NA,NA,NA
659.629457249959,334.152141606386,3.57792500603832
455.961015612343,299.671699650492,3.60782640333216
11.5185890581928,491.598986841919,3.67346824798266
561.622539674702,52.3956683224249,4.21317774182487
69.4675143802424,375.39404106007,4.01639428657987
222.936828498739,418.581085976939,3.96953532992069
426.842882274431,14.6631708891296,3.28090937490459
359.960754680728,293.824460182321,3.10580708975834
603.78510679778,105.184927223647,4.36363781555907
387.822740641963,224.065023839823,4.20322732479722
567.451176730516,412.219992046459,4.73525401677682
139.30613194993,280.933443846174,4.63035163204683
198.505815361117,371.594420403747,3.94198627908608
123.890678122944,412.994003729233,3.37987363548938
627.318138829187,307.644027518876,4.61376074953414
2.94643715399855,147.14861966736,4.24762102261745
540.847886438752,204.611212714133,4.23697636704908
34.0681328338837,492.431323937459,3.09598775005293
275.307428596144,23.3577732783453,3.8891320397279
533.044071165808,391.479079961277,3.33737764256341
72.5704992203124,77.9663541850032,5.27817905500705
7.7431380772265,73.1647027964555,3.53423601516564
587.595989513249,230.465908148568,4.02738096041555
433.761229019693,460.864037486373,4.77365079014679
659.666853427704,372.227307424838,3.0507505898659
102.273980568953,490.250400710512,4.30866343601455
624.316049395485,91.2634553333659,4.09864302266477
424.03607378115,260.140847737581,3.56351915565203
11.2621466030844,180.178876024056,3.21342281813236
61.1443589417527,119.391588349254,4.31367138444548
609.514424633926,210.952549171327,4.48171586190927
251.114057962868,217.644000064486,3.8451001645858
567.231085431056,438.392779832603,3.87308315828449
297.130135084978,132.15090022396,4.04143138587863
521.581358651873,462.282768297167,3.6030946007837
40.9016714072842,411.214231327856,3.59987172026075
201.393081070618,283.32926358052,4.19467700268336
553.813528362089,268.34091518941,3.6493932791795
167.39793256372,21.9835518984943,4.11485040897019
493.624636387457,345.591812224515,4.54620156191462
28.2977298781196,46.2020650651269,4.05113745449777
537.824064588102,129.938315587244,4.61765252042636
NA,NA,NA
659.629457249959,334.152141606386,3.57792500603832
455.961015612343,299.671699650492,3.60782640333216
11.5185890581928,491.598986841919,3.67346824798266
561.622539674702,52.3956683224249,4.21317774182487
69.4675143802424,375.39404106007,4.01639428657987
222.936828498739,418.581085976939,3.96953532992069
426.842882274431,14.6631708891296,3.28090937490459
359.960754680728,293.824460182321,3.10580708975834
603.78510679778,105.184927223647,4.36363781555907
387.822740641963,224.065023839823,4.20322732479722
567.451176730516,412.219992046459,4.73525401677682
139.30613194993,280.933443846174,4.63035163204683
198.505815361117,371.594420403747,3.94198627908608
123.890678122944,412.994003729233,3.37987363548938
627.318138829187,307.644027518876,4.61376074953414
2.94643715399855,147.14861966736,4.24762102261745
540.847886438752,204.611212714133,4.23697636704908
34.0681328338837,492.431323937459,3.09598775005293
275.307428596144,23.3577732783453,3.8891320397279
533.044071165808,391.479079961277,3.33737764256341
72.5704992203124,77.9663541850032,5.27817905500705
7.7431380772265,73.1647027964555,3.53423601516564
587.595989513249,230.465908148568,4.02738096041555
433.761229019693,460.864037486373,4.77365079014679
659.666853427704,372.227307424838,3.0507505898659
102.273980568953,490.250400710512,4.30866343601455
624.316049395485,91.2634553333659,4.09864302266477
424.03607378115,260.140847737581,3.56351915565203
11.2621466030844,180.178876024056,3.21342281813236
61.1443589417527,119.391588349254,4.31367138444548
609.514424633926,210.952549171327,4.48171586190927
251.114057962868,217.644000064486,3.8451001645858
567.231085431056,438.392779832603,3.87308315828449
297.130135084978,132.15090022396,4.04143138587863
521.581358651873,462.282768297167,3.6030946007837
40.9016714072842,411.214231327856,3.59987172026075
201.393081070618,283.32926358052,4.19467700268336
553.813528362089,268.34091518941,3.6493932791795
167.39793256372,21.9835518984943,4.11485040897019
493.624636387457,345.591812224515,4.54620156191462
28.2977298781196,46.2020650651269,4.05113745449777
537.824064588102,129.938315587244,4.61765252042636
NA,NA,NA
659.629457249959,334.152141606386,3.57792500603832
455.961015612343,299.671699650492,3.60782640333216
11.5185890581928,491.598986841919,3.67346824798266
561.622539674702,52.3956683224249,4.21317774182487
69.4675143802424,375.39404106007,4.01639428657987
222.936828498739,418.581085976939,3.96953532992069
426.842882274431,14.6631708891296,3.28090937490459
359.960754680728,293.824460182321,3.10580708975834
603.78510679778,105.184927223647,4.36363781555907
387.822740641963,224.065023839823,4.20322732479722
567.451176730516,412.219992046459,4.73525401677682
139.30613194993,280.933443846174,4.63035163204683
198.505815361117,371.594420403747,3.94198627908608
123.890678122944,412.994003729233,3.37987363548938
627.318138829187,307.644027518876,4.61376074953414
2.94643715399855,147.14861966736,4.24762102261745
540.847886438752,204.611212714133,4.23697636704908
34.0681328338837,492.431323937459,3.09598775005293
275.307428596144,23.3577732783453,3.8891320397279
533.044071165808,391.479079961277,3.33737764256341
72.5704992203124,77.9663541850032,5.27817905500705
7.7431380772265,73.1647027964555,3.53423601516564
587.595989513249,230.465908148568,4.02738096041555
433.761229019693,460.864037486373,4.77365079014679
659.666853427704,372.227307424838,3.0507505898659
102.273980568953,490.250400710512,4.30866343601455
624.316049395485,91.2634553333659,4.09864302266477
424.03607378115,260.140847737581,3.56351915565203
11.2621466030844,180.178876024056,3.21342281813236
61.1443589417527,119.391588349254,4.31367138444548
609.514424633926,210.952549171327,4.48171586190927
251.114057962868,217.644000064486,3.8451001645858
567.231085431056,438.392779832603,3.87308315828449
297.130135084978,132.15090022396,4.04143138587863
521.581358651873,462.282768297167,3.6030946007837
40.9016714072842,411.214231327856,3.59987172026075
201.393081070618,283.32926358052,4.19467700268336
553.813528362089,268.34091518941,3.6493932791795
167.39793256372,21.9835518984943,4.11485040897019
493.624636387457,345.591812224515,4.54620156191462
28.2977298781196,46.2020650651269,4.05113745449777
537.824064588102,129.938315587244,4.61765252042636
NA,NA,NA
659.629457249959,334.152141606386,3.57792500603832
455.961015612343,299.671699650492,3.60782640333216
11.5185890581928,491.598986841919,3.67346824798266
561.622539674702,52.3956683224249,4.21317774182487
69.4675143802424,375.39404106007,4.01639428657987
222.936828498739,418.581085976939,3.96953532992069
426.842882274431,14.6631708891296,3.28090937490459
359.960754680728,293.824460182321,3.10580708975834
603.78510679778,105.184927223647,4.36363781555907
387.822740641963,224.065023839823,4.20322732479722
567.451176730516,412.219992046459,4.73525401677682
139.30613194993,280.933443846174,4.63035163204683
198.505815361117,371.594420403747,3.94198627908608
123.890678122944,412.994003729233,3.37987363548938
627.318138829187,307.644027518876,4.61376074953414
2.94643715399855,147.14861966736,4.24762102261745
540.847886438752,204.611212714133,4.23697636704908
34.0681328338837,492.431323937459,3.09598775005293
275.307428596144,23.3577732783453,3.8891320397279
533.044071165808,391.479079961277,3.33737764256341
72.5704992203124,77.9663541850032,5.27817905500705
7.7431380772265,73.1647027964555,3.53423601516564
587.595989513249,230.465908148568,4.02738096041555
433.761229019693,460.864037486373,4.77365079014679
659.666853427704,372.227307424838,3.0507505898659
102.273980568953,490.250400710512,4.30866343601455
624.316049395485,91.2634553333659,4.09864302266477
424.03607378115,260.140847737581,3.56351915565203
11.2621466030844,180.178876024056,3.21342281813236
61.1443589417527,119.391588349254,4.31367138444548
609.514424633926,210.952549171327,4.48171586190927
251.114057962868,217.644000064486,3.8451001645858
567.231085431056,438.392779832603,3.87308315828449
297.130135084978,132.15090022396,4.04143138587863
521.581358651873,462.282768297167,3.6030946007837
40.9016714072842,411.214231327856,3.59987172026075
201.393081070618,283.32926358052,4.19467700268336
553.813528362089,268.34091518941,3.6493932791795
167.39793256372,21.9835518984943,4.11485040897019
493.624636387457,345.591812224515,4.54620156191462
28.2977298781196,46.2020650651269,4.05113745449777
537.824064588102,129.938315587244,4.61765252042636
NA,NA,NA
661.366804417639,335.608082825924,3.58926241474058
458.406666683022,295.839825330478,3.5609513919857
11.5824117910939,493.654123285011,3.58618182182665
558.184978040603,51.0897916300201,4.20034731263883
75.2581992879843,377.785364477022,3.89356148274114
227.01174399635,413.451954754958,3.93093288810793
432.117292349384,13.5288476052544,3.31350208210795
361.390621322291,293.868670307103,3.00873639295947
601.270939856454,102.595341055479,4.07460563271722
395.495679284992,228.696539137496,4.23404652039835
568.166836645951,407.516888460585,4.760483141503
143.068888739328,285.369212251327,4.68228822151229
198.861421347227,368.868333693529,4.18474389048769
128.762135308072,413.332915879029,3.46687848158817
625.677423704531,313.515051796367,4.65760561732794
4.10542670475319,144.73743176762,4.27966712584131
546.801159798874,202.78724806157,4.13756921618013
32.0333807437042,488.94514183416,3.12815290050879
282.172221114184,22.5393113060664,3.81658628352747
531.206540562446,394.195450903813,3.41177873254548
74.2727769533476,74.3440849607072,5.32690196564668
3.82213878128714,77.6464142324305,3.47021860488649
583.594056933102,226.292404295577,3.90697835119798
439.383043025689,464.02374234428,4.82282224504954
660.719650168377,374.752245551277,3.11636164863117
104.611117411068,490.058799462768,4.35257261108086
626.253812474212,91.2148366757822,4.05996362140088
421.878409501684,260.40175559194,3.60933606777433
11.428215819154,182.47695496211,3.12542638151342
69.7805632870552,115.715557825138,4.39870410923836
605.203440189944,208.751546106152,4.36776990166037
253.551073515599,214.622237875518,3.89973859700475
582.408435192138,432.820718765075,3.8218217356311
300.666024425646,136.376116491899,3.81430089295655
529.934975374916,458.650356889663,3.74157328108782
54.6465592106126,429.936545384859,3.77684844992379
198.216802699577,281.1539019722,3.85586600451842
548.578962483851,264.897435074467,4.03917779532967
173.988740382745,29.5373198819954,4.55329454898559
499.142636246157,341.290965301414,4.63629099749707
41.8955777192561,46.1345966127265,4.01707867508331
532.128616769124,139.339611446684,4.72603630719047
NA,NA,NA
661.366804417639,335.608082825924,3.58926241474058
458.406666683022,295.839825330478,3.5609513919857
11.5824117910939,493.654123285011,3.58618182182665
558.184978040603,51.0897916300201,4.20034731263883
75.2581992879843,377.785364477022,3.89356148274114
227.01174399635,413.451954754958,3.93093288810793
432.117292349384,13.5288476052544,3.31350208210795
361.390621322291,293.868670307103,3.00873639295947
601.270939856454,102.595341055479,4.07460563271722
395.495679284992,228.696539137496,4.23404652039835
568.166836645951,407.516888460585,4.760483141503
143.068888739328,285.369212251327,4.68228822151229
198.861421347227,368.868333693529,4.18474389048769
128.762135308072,413.332915879029,3.46687848158817
625.677423704531,313.515051796367,4.65760561732794
4.10542670475319,144.73743176762,4.27966712584131
546.801159798874,202.78724806157,4.13756921618013
32.0333807437042,488.94514183416,3.12815290050879
282.172221114184,22.5393113060664,3.81658628352747
531.206540562446,394.195450903813,3.41177873254548
74.2727769533476,74.3440849607072,5.32690196564668
3.82213878128714,77.6464142324305,3.47021860488649
583.594056933102,226.292404295577,3.90697835119798
439.383043025689,464.02374234428,4.82282224504954
660.719650168377,374.752245551277,3.11636164863117
104.611117411068,490.058799462768,4.35257261108086
626.253812474212,91.2148366757822,4.05996362140088
421.878409501684,260.40175559194,3.60933606777433
11.428215819154,182.47695496211,3.12542638151342
69.7805632870552,115.715557825138,4.39870410923836
605.203440189944,208.751546106152,4.36776990166037
253.551073515599,214.622237875518,3.89973859700475
582.408435192138,432.820718765075,3.8218217356311
300.666024425646,136.376116491899,3.81430089295655
529.934975374916,458.650356889663,3.74157328108782
54.6465592106126,429.936545384859,3.77684844992379
198.216802699577,281.1539019722,3.85586600451842
548.578962483851,264.897435074467,4.03917779532967
173.988740382745,29.5373198819954,4.55329454898559
499.142636246157,341.290965301414,4.63629099749707
41.8955777192561,46.1345966127265,4.01707867508331
532.128616769124,139.339611446684,4.72603630719047
NA,NA,NA
661.366804417639,335.608082825924,3.58926241474058
458.406666683022,295.839825330478,3.5609513919857
11.5824117910939,493.654123285011,3.58618182182665
558.184978040603,51.0897916300201,4.20034731263883
75.2581992879843,377.785364477022,3.89356148274114
227.01174399635,413.451954754958,3.93093288810793
432.117292349384,13.5288476052544,3.31350208210795
361.390621322291,293.868670307103,3.00873639295947
601.270939856454,102.595341055479,4.07460563271722
395.495679284992,228.696539137496,4.23404652039835
568.166836645951,407.516888460585,4.760483141503
143.068888739328,285.369212251327,4.68228822151229
198.861421347227,368.868333693529,4.18474389048769
128.762135308072,413.332915879029,3.46687848158817
625.677423704531,313.515051796367,4.65760561732794
4.10542670475319,144.73743176762,4.27966712584131
546.801159798874,202.78724806157,4.13756921618013
32.0333807437042,488.94514183416,3.12815290050879
282.172221114184,22.5393113060664,3.81658628352747
531.206540562446,394.195450903813,3.41177873254548
74.2727769533476,74.3440849607072,5.32690196564668
3.82213878128714,77.6464142324305,3.47021860488649
583.594056933102,226.292404295577,3.90697835119798
439.383043025689,464.02374234428,4.82282224504954
660.719650168377,374.752245551277,3.11636164863117
104.611117411068,490.058799462768,4.35257261108086
626.253812474212,91.2148366757822,4.05996362140088
421.878409501684,260.40175559194,3.60933606777433
11.428215819154,182.47695496211,3.12542638151342
69.7805632870552,115.715557825138,4.39870410923836
605.203440189944,208.751546106152,4.36776990166037
253.551073515599,214.622237875518,3.89973859700475
582.408435192138,432.820718765075,3.8218217356311
300.666024425646,136.376116491899,3.81430089295655
529.934975374916,458.650356889663,3.74157328108782
54.6465592106126,429.936545384859,3.77684844992379
198.216802699577,281.1539019722,3.85586600451842
548.578962483851,264.897435074467,4.03917779532967
173.988740382745,29.5373198819954,4.55329454898559
499.142636246157,341.290965301414,4.63629099749707
41.8955777192561,46.1345966127265,4.01707867508331
532.128616769124,139.339611446684,4.72603630719047
NA,NA,NA
661.366804417639,335.608082825924,3.58926241474058
458.406666683022,295.839825330478,3.5609513919857
11.5824117910939,493.654123285011,3.58618182182665
558.184978040603,51.0897916300201,4.20034731263883
75.2581992879843,377.785364477022,3.89356148274114
227.01174399635,413.451954754958,3.93093288810793
432.117292349384,13.5288476052544,3.31350208210795
361.390621322291,293.868670307103,3.00873639295947
601.270939856454,102.595341055479,4.07460563271722
395.495679284992,228.696539137496,4.23404652039835
568.166836645951,407.516888460585,4.760483141503
143.068888739328,285.369212251327,4.68228822151229
198.861421347227,368.868333693529,4.18474389048769
128.762135308072,413.332915879029,3.46687848158817
625.677423704531,313.515051796367,4.65760561732794
4.10542670475319,144.73743176762,4.27966712584131
546.801159798874,202.78724806157,4.13756921618013
32.0333807437042,488.94514183416,3.12815290050879
282.172221114184,22.5393113060664,3.81658628352747
531.206540562446,394.195450903813,3.41177873254548
74.2727769533476,74.3440849607072,5.32690196564668
3.82213878128714,77.6464142324305,3.47021860488649
583.594056933102,226.292404295577,3.90697835119798
439.383043025689,464.02374234428,4.82282224504954
660.719650168377,374.752245551277,3.11636164863117
104.611117411068,490.058799462768,4.35257261108086
626.253812474212,91.2148366757822,4.05996362140088
421.878409501684,260.40175559194,3.60933606777433
11.428215819154,182.47695496211,3.12542638151342
69.7805632870552,115.715557825138,4.39870410923836
605.203440189944,208.751546106152,4.36776990166037
253.551073515599,214.622237875518,3.89973859700475
582.408435192138,432.820718765075,3.8218217356311
300.666024425646,136.376116491899,3.81430089295655
529.934975374916,458.650356889663,3.74157328108782
54.6465592106126,429.936545384859,3.77684844992379
198.216802699577,281.1539019722,3.85586600451842
548.578962483851,264.897435074467,4.03917779532967
173.988740382745,29.5373198819954,4.55329454898559
499.142636246157,341.290965301414,4.63629099749707
41.8955777192561,46.1345966127265,4.01707867508331
532.128616769124,139.339611446684,4.72603630719047
NA,NA,NA
661.366804417639,335.608082825924,3.58926241474058
458.406666683022,295.839825330478,3.5609513919857
11.5824117910939,493.654123285011,3.58618182182665
558.184978040603,51.0897916300201,4.20034731263883
75.2581992879843,377.785364477022,3.89356148274114
227.01174399635,413.451954754958,3.93093288810793
432.117292349384,13.5288476052544,3.31350208210795
361.390621322291,293.868670307103,3.00873639295947
601.270939856454,102.595341055479,4.07460563271722
395.495679284992,228.696539137496,4.23404652039835
568.166836645951,407.516888460585,4.760483141503
143.068888739328,285.369212251327,4.68228822151229
198.861421347227,368.868333693529,4.18474389048769
128.762135308072,413.332915879029,3.46687848158817
625.677423704531,313.515051796367,4.65760561732794
4.10542670475319,144.73743176762,4.27966712584131
546.801159798874,202.78724806157,4.13756921618013
32.0333807437042,488.94514183416,3.12815290050879
282.172221114184,22.5393113060664,3.81658628352747
531.206540562446,394.195450903813,3.41177873254548
74.2727769533476,74.3440849607072,5.32690196564668
3.82213878128714,77.6464142324305,3.47021860488649
583.594056933102,226.292404295577,3.90697835119798
439.383043025689,464.02374234428,4.82282224504954
660.719650168377,374.752245551277,3.11636164863117
104.611117411068,490.058799462768,4.35257261108086
626.253812474212,91.2148366757822,4.05996362140088
421.878409501684,260.40175559194,3.60933606777433
11.428215819154,182.47695496211,3.12542638151342
69.7805632870552,115.715557825138,4.39870410923836
605.203440189944,208.751546106152,4.36776990166037
253.551073515599,214.622237875518,3.89973859700475
582.408435192138,432.820718765075,3.8218217356311
300.666024425646,136.376116491899,3.81430089295655
529.934975374916,458.650356889663,3.74157328108782
54.6465592106126,429.936545384859,3.77684844992379
198.216802699577,281.1539019722,3.85586600451842
548.578962483851,264.897435074467,4.03917779532967
173.988740382745,29.5373198819954,4.55329454898559
499.142636246157,341.290965301414,4.63629099749707
41.8955777192561,46.1345966127265,4.01707867508331
532.128616769124,139.339611446684,4.72603630719047
NA,NA,NA
661.366804417639,335.608082825924,3.58926241474058
458.406666683022,295.839825330478,3.5609513919857
11.5824117910939,493.654123285011,3.58618182182665
558.184978040603,51.0897916300201,4.20034731263883
75.2581992879843,377.785364477022,3.89356148274114
227.01174399635,413.451954754958,3.93093288810793
432.117292349384,13.5288476052544,3.31350208210795
361.390621322291,293.868670307103,3.00873639295947
601.270939856454,102.595341055479,4.07460563271722
395.495679284992,228.696539137496,4.23404652039835
568.166836645951,407.516888460585,4.760483141503
143.068888739328,285.369212251327,4.68228822151229
198.861421347227,368.868333693529,4.18474389048769
128.762135308072,413.332915879029,3.46687848158817
625.677423704531,313.515051796367,4.65760561732794
4.10542670475319,144.73743176762,4.27966712584131
546.801159798874,202.78724806157,4.13756921618013
32.0333807437042,488.94514183416,3.12815290050879
282.172221114184,22.5393113060664,3.81658628352747
531.206540562446,394.195450903813,3.41177873254548
74.2727769533476,74.3440849607072,5.32690196564668
3.82213878128714,77.6464142324305,3.47021860488649
583.594056933102,226.292404295577,3.90697835119798
439.383043025689,464.02374234428,4.82282224504954
660.719650168377,374.752245551277,3.11636164863117
104.611117411068,490.058799462768,4.35257261108086
626.253812474212,91.2148366757822,4.05996362140088
421.878409501684,260.40175559194,3.60933606777433
11.428215819154,182.47695496211,3.12542638151342
69.7805632870552,115.715557825138,4.39870410923836
605.203440189944,208.751546106152,4.36776990166037
253.551073515599,214.622237875518,3.89973859700475
582.408435192138,432.820718765075,3.8218217356311
300.666024425646,136.376116491899,3.81430089295655
529.934975374916,458.650356889663,3.74157328108782
54.6465592106126,429.936545384859,3.77684844992379
198.216802699577,281.1539019722,3.85586600451842
548.578962483851,264.897435074467,4.03917779532967
173.988740382745,29.5373198819954,4.55329454898559
499.142636246157,341.290965301414,4.63629099749707
41.8955777192561,46.1345966127265,4.01707867508331
532.128616769124,139.339611446684,4.72603630719047
NA,NA,NA
664.21997579256,333.262563254703,3.46688120655327
452.529837546707,303.473817977336,3.46139577665258
10.3112530176559,495.96306482285,3.65446091057194
558.111285750957,54.8919979134423,4.24016780104055
72.9793458525168,383.512584161832,4.01486356161056
229.93929571269,414.451495358983,3.86219242874711
429.16128968883,14.1844844699671,3.32084365922561
362.049183969034,294.088189123046,2.96919089961299
602.589075704413,106.404547621635,4.12818661029928
392.149849951094,229.476085395382,4.33314772365879
566.827556951709,414.417059214565,4.69702673385541
145.52148682505,287.283350542195,4.50238315588727
198.127029756654,374.461381865624,4.06185111512749
128.55405494213,412.514632329514,3.4091974735719
629.292740764615,313.72393426136,4.61614299250575
3.7283448217501,148.188522345869,4.14734734871323
544.85437392774,204.315827449301,4.28562222401929
32.8584131467867,492.406550323595,3.11066114277066
280.194750383778,23.2160213118419,3.84172161412361
532.030829941814,388.994252053202,3.30854577293721
76.5746734316041,70.8091339896802,5.20708138973473
5.12636059921457,78.7090215708411,3.52724928257083
587.414514375251,221.99906882036,3.91833522512474
445.117154520204,458.203544616101,4.73454049659882
659.249884491733,372.635826848544,3.00282495082666
107.619101781245,488.048749535816,4.34222828756027
627.021563163908,86.8382727937561,4.03952028261874
418.83212566753,256.895930499601,3.58626241718442
11.7542048254184,181.367490328539,3.35929009391574
61.7534565468366,124.736768437202,4.41490837604513
604.394369403025,212.249215472613,4.54181829329227
241.997665191319,213.629935147119,4.05361109434136
568.212304627116,430.196989865112,3.61491785367955
300.781307322816,137.867999793939,3.77951462312617
530.430799502728,457.306174931652,3.77846608719888
42.7807628537252,412.320982422394,3.70868618326672
195.933804008116,286.289202032791,4.15787346284269
559.233806023789,256.243513711198,3.78539432149749
175.822818843275,32.8603307827759,4.36352544487351
493.442683344983,356.606149620252,4.56596318570921
44.9300666097647,48.4925040338616,3.85588472663357
548.007450987917,141.85146668983,4.58098066146823
NA,NA,NA
664.21997579256,333.262563254703,3.46688120655327
452.529837546707,303.473817977336,3.46139577665258
10.3112530176559,495.96306482285,3.65446091057194
558.111285750957,54.8919979134423,4.24016780104055
72.9793458525168,383.512584161832,4.01486356161056
229.93929571269,414.451495358983,3.86219242874711
429.16128968883,14.1844844699671,3.32084365922561
362.049183969034,294.088189123046,2.96919089961299
602.589075704413,106.404547621635,4.12818661029928
392.149849951094,229.476085395382,4.33314772365879
566.827556951709,414.417059214565,4.69702673385541
145.52148682505,287.283350542195,4.50238315588727
198.127029756654,374.461381865624,4.06185111512749
128.55405494213,412.514632329514,3.4091974735719
629.292740764615,313.72393426136,4.61614299250575
3.7283448217501,148.188522345869,4.14734734871323
544.85437392774,204.315827449301,4.28562222401929
32.8584131467867,492.406550323595,3.11066114277066
280.194750383778,23.2160213118419,3.84172161412361
532.030829941814,388.994252053202,3.30854577293721
76.5746734316041,70.8091339896802,5.20708138973473
5.12636059921457,78.7090215708411,3.52724928257083
587.414514375251,221.99906882036,3.91833522512474
445.117154520204,458.203544616101,4.73454049659882
659.249884491733,372.635826848544,3.00282495082666
107.619101781245,488.048749535816,4.34222828756027
627.021563163908,86.8382727937561,4.03952028261874
418.83212566753,256.895930499601,3.58626241718442
11.7542048254184,181.367490328539,3.35929009391574
61.7534565468366,124.736768437202,4.41490837604513
604.394369403025,212.249215472613,4.54181829329227
241.997665191319,213.629935147119,4.05361109434136
568.212304627116,430.196989865112,3.61491785367955
300.781307322816,137.867999793939,3.77951462312617
530.430799502728,457.306174931652,3.77846608719888
42.7807628537252,412.320982422394,3.70868618326672
195.933804008116,286.289202032791,4.15787346284269
559.233806023789,256.243513711198,3.78539432149749
175.822818843275,32.8603307827759,4.36352544487351
493.442683344983,356.606149620252,4.56596318570921
44.9300666097647,48.4925040338616,3.85588472663357
548.007450987917,141.85146668983,4.58098066146823
NA,NA,NA
664.21997579256,333.262563254703,3.46688120655327
452.529837546707,303.473817977336,3.46139577665258
10.3112530176559,495.96306482285,3.65446091057194
558.111285750957,54.8919979134423,4.24016780104055
72.9793458525168,383.512584161832,4.01486356161056
229.93929571269,414.451495358983,3.86219242874711
429.16128968883,14.1844844699671,3.32084365922561
362.049183969034,294.088189123046,2.96919089961299
602.589075704413,106.404547621635,4.12818661029928
392.149849951094,229.476085395382,4.33314772365879
566.827556951709,414.417059214565,4.69702673385541
145.52148682505,287.283350542195,4.50238315588727
198.127029756654,374.461381865624,4.06185111512749
128.55405494213,412.514632329514,3.4091974735719
629.292740764615,313.72393426136,4.61614299250575
3.7283448217501,148.188522345869,4.14734734871323
544.85437392774,204.315827449301,4.28562222401929
32.8584131467867,492.406550323595,3.11066114277066
280.194750383778,23.2160213118419,3.84172161412361
532.030829941814,388.994252053202,3.30854577293721
76.5746734316041,70.8091339896802,5.20708138973473
5.12636059921457,78.7090215708411,3.52724928257083
587.414514375251,221.99906882036,3.91833522512474
445.117154520204,458.203544616101,4.73454049659882
659.249884491733,372.635826848544,3.00282495082666
107.619101781245,488.048749535816,4.34222828756027
627.021563163908,86.8382727937561,4.03952028261874
418.83212566753,256.895930499601,3.58626241718442
11.7542048254184,181.367490328539,3.35929009391574
61.7534565468366,124.736768437202,4.41490837604513
604.394369403025,212.249215472613,4.54181829329227
241.997665191319,213.629935147119,4.05361109434136
568.212304627116,430.196989865112,3.61491785367955
300.781307322816,137.867999793939,3.77951462312617
530.430799502728,457.306174931652,3.77846608719888
42.7807628537252,412.320982422394,3.70868618326672
195.933804008116,286.289202032791,4.15787346284269
559.233806023789,256.243513711198,3.78539432149749
175.822818843275,32.8603307827759,4.36352544487351
493.442683344983,356.606149620252,4.56596318570921
44.9300666097647,48.4925040338616,3.85588472663357
548.007450987917,141.85146668983,4.58098066146823
NA,NA,NA
664.21997579256,333.262563254703,3.46688120655327
452.529837546707,303.473817977336,3.46139577665258
10.3112530176559,495.96306482285,3.65446091057194
558.111285750957,54.8919979134423,4.24016780104055
72.9793458525168,383.512584161832,4.01486356161056
229.93929571269,414.451495358983,3.86219242874711
429.16128968883,14.1844844699671,3.32084365922561
362.049183969034,294.088189123046,2.96919089961299
602.589075704413,106.404547621635,4.12818661029928
392.149849951094,229.476085395382,4.33314772365879
566.827556951709,414.417059214565,4.69702673385541
145.52148682505,287.283350542195,4.50238315588727
198.127029756654,374.461381865624,4.06185111512749
128.55405494213,412.514632329514,3.4091974735719
629.292740764615,313.72393426136,4.61614299250575
3.7283448217501,148.188522345869,4.14734734871323
544.85437392774,204.315827449301,4.28562222401929
32.8584131467867,492.406550323595,3.11066114277066
280.194750383778,23.2160213118419,3.84172161412361
532.030829941814,388.994252053202,3.30854577293721
76.5746734316041,70.8091339896802,5.20708138973473
5.12636059921457,78.7090215708411,3.52724928257083
587.414514375251,221.99906882036,3.91833522512474
445.117154520204,458.203544616101,4.73454049659882
659.249884491733,372.635826848544,3.00282495082666
107.619101781245,488.048749535816,4.34222828756027
627.021563163908,86.8382727937561,4.03952028261874
418.83212566753,256.895930499601,3.58626241718442
11.7542048254184,181.367490328539,3.35929009391574
61.7534565468366,124.736768437202,4.41490837604513
604.394369403025,212.249215472613,4.54181829329227
241.997665191319,213.629935147119,4.05361109434136
568.212304627116,430.196989865112,3.61491785367955
300.781307322816,137.867999793939,3.77951462312617
530.430799502728,457.306174931652,3.77846608719888
42.7807628537252,412.320982422394,3.70868618326672
195.933804008116,286.289202032791,4.15787346284269
559.233806023789,256.243513711198,3.78539432149749
175.822818843275,32.8603307827759,4.36352544487351
493.442683344983,356.606149620252,4.56596318570921
44.9300666097647,48.4925040338616,3.85588472663357
548.007450987917,141.85146668983,4.58098066146823
NA,NA,NA
664.21997579256,333.262563254703,3.46688120655327
452.529837546707,303.473817977336,3.46139577665258
10.3112530176559,495.96306482285,3.65446091057194
558.111285750957,54.8919979134423,4.24016780104055
72.9793458525168,383.512584161832,4.01486356161056
229.93929571269,414.451495358983,3.86219242874711
429.16128968883,14.1844844699671,3.32084365922561
362.049183969034,294.088189123046,2.96919089961299
602.589075704413,106.404547621635,4.12818661029928
392.149849951094,229.476085395382,4.33314772365879
566.827556951709,414.417059214565,4.69702673385541
145.52148682505,287.283350542195,4.50238315588727
198.127029756654,374.461381865624,4.06185111512749
128.55405494213,412.514632329514,3.4091974735719
629.292740764615,313.72393426136,4.61614299250575
3.7283448217501,148.188522345869,4.14734734871323
544.85437392774,204.315827449301,4.28562222401929
32.8584131467867,492.406550323595,3.11066114277066
280.194750383778,23.2160213118419,3.84172161412361
532.030829941814,388.994252053202,3.30854577293721
76.5746734316041,70.8091339896802,5.20708138973473
5.12636059921457,78.7090215708411,3.52724928257083
587.414514375251,221.99906882036,3.91833522512474
445.117154520204,458.203544616101,4.73454049659882
659.249884491733,372.635826848544,3.00282495082666
107.619101781245,488.048749535816,4.34222828756027
627.021563163908,86.8382727937561,4.03952028261874
418.83212566753,256.895930499601,3.58626241718442
11.7542048254184,181.367490328539,3.35929009391574
61.7534565468366,124.736768437202,4.41490837604513
604.394369403025,212.249215472613,4.54181829329227
241.997665191319,213.629935147119,4.05361109434136
568.212304627116,430.196989865112,3.61491785367955
300.781307322816,137.867999793939,3.77951462312617
530.430799502728,457.306174931652,3.77846608719888
42.7807628537252,412.320982422394,3.70868618326672
195.933804008116,286.289202032791,4.15787346284269
559.233806023789,256.243513711198,3.78539432149749
175.822818843275,32.8603307827759,4.36352544487351
493.442683344983,356.606149620252,4.56596318570921
44.9300666097647,48.4925040338616,3.85588472663357
548.007450987917,141.85146668983,4.58098066146823
NA,NA,NA
664.21997579256,333.262563254703,3.46688120655327
452.529837546707,303.473817977336,3.46139577665258
10.3112530176559,495.96306482285,3.65446091057194
558.111285750957,54.8919979134423,4.24016780104055
72.9793458525168,383.512584161832,4.01486356161056
229.93929571269,414.451495358983,3.86219242874711
429.16128968883,14.1844844699671,3.32084365922561
362.049183969034,294.088189123046,2.96919089961299
602.589075704413,106.404547621635,4.12818661029928
392.149849951094,229.476085395382,4.33314772365879
566.827556951709,414.417059214565,4.69702673385541
145.52148682505,287.283350542195,4.50238315588727
198.127029756654,374.461381865624,4.06185111512749
128.55405494213,412.514632329514,3.4091974735719
629.292740764615,313.72393426136,4.61614299250575
3.7283448217501,148.188522345869,4.14734734871323
544.85437392774,204.315827449301,4.28562222401929
32.8584131467867,492.406550323595,3.11066114277066
280.194750383778,23.2160213118419,3.84172161412361
532.030829941814,388.994252053202,3.30854577293721
76.5746734316041,70.8091339896802,5.20708138973473
5.12636059921457,78.7090215708411,3.52724928257083
587.414514375251,221.99906882036,3.91833522512474
445.117154520204,458.203544616101,4.73454049659882
659.249884491733,372.635826848544,3.00282495082666
107.619101781245,488.048749535816,4.34222828756027
627.021563163908,86.8382727937561,4.03952028261874
418.83212566753,256.895930499601,3.58626241718442
11.7542048254184,181.367490328539,3.35929009391574
61.7534565468366,124.736768437202,4.41490837604513
604.394369403025,212.249215472613,4.54181829329227
241.997665191319,213.629935147119,4.05361109434136
568.212304627116,430.196989865112,3.61491785367955
300.781307322816,137.867999793939,3.77951462312617
530.430799502728,457.306174931652,3.77846608719888
42.7807628537252,412.320982422394,3.70868618326672
195.933804008116,286.289202032791,4.15787346284269
559.233806023789,256.243513711198,3.78539432149749
175.822818843275,32.8603307827759,4.36352544487351
493.442683344983,356.606149620252,4.56596318570921
44.9300666097647,48.4925040338616,3.85588472663357
548.007450987917,141.85146668983,4.58098066146823
NA,NA,NA
660.255887594989,333.108192487483,3.46680544158128
459.762957624804,296.178915958137,3.61444086692497
11.4716753868037,501.539286169758,3.7066100368302
561.082666506752,50.7758310245839,4.26513826088239
69.5031964060749,377.397613942599,4.00651301638056
227.183281998415,414.651746135011,3.84637110395759
429.845809702499,14.8917386828919,3.26729677084204
358.308032322421,294.993690790613,3.00147803873455
603.793026948979,108.320254385688,4.20591513741372
387.258015419155,228.690992373828,4.18600366600318
568.981127321191,409.887413949553,4.74578957457731
138.704585703206,281.57427344768,4.66861254997446
200.666074617762,372.889650643975,3.87336152039675
124.258477832162,408.917335233965,3.33979939492733
626.681537057331,313.408415513293,4.56008570485508
-2.23545148468565,144.432920176582,4.22639419463856
541.90374534231,207.031643046723,4.15057336465086
34.6232361681819,492.525252769282,2.94826924469573
278.276726434755,20.1503380187748,3.80285989712066
535.417686211755,392.676311734859,3.43747369228114
75.4959197853778,84.2766442584178,5.19861038698858
4.07567286848285,74.2310719520709,3.46006499049043
588.199859888376,224.647949514829,4.17813203115534
443.119470597589,452.559832448573,4.8041529609877
659.136015152766,371.880976721809,3.02122616768889
107.046846179143,486.014451656815,4.31750041207878
623.496661455861,88.9392910727195,4.0801895309244
420.482722145119,259.138655315105,3.63789640367406
13.7247903813624,184.010586063879,3.13349349838001
58.191825092394,117.536315176153,4.48064599028303
597.223885731,192.090455141247,4.13550315644871
249.448565551913,222.618587961939,3.63298389251113
573.14191615311,438.378337264666,3.90805405248791
297.965501318849,133.508596227833,3.70901047497081
529.351530859198,450.463664903714,3.54695932970018
49.9907775309745,419.962062102099,3.90126235074057
194.982981672663,290.029343352358,4.40200110031203
548.581992337044,265.108853982771,3.58802433173111
173.320821645317,31.4835403106397,4.44132291900111
492.984379917641,348.111418936551,4.23450321812748
30.0120432056429,52.236272294046,3.80817802818485
528.793054094977,146.256160822278,4.69453083081636
NA,NA,NA
660.255887594989,333.108192487483,3.46680544158128
459.762957624804,296.178915958137,3.61444086692497
11.4716753868037,501.539286169758,3.7066100368302
561.082666506752,50.7758310245839,4.26513826088239
69.5031964060749,377.397613942599,4.00651301638056
227.183281998415,414.651746135011,3.84637110395759
429.845809702499,14.8917386828919,3.26729677084204
358.308032322421,294.993690790613,3.00147803873455
603.793026948979,108.320254385688,4.20591513741372
387.258015419155,228.690992373828,4.18600366600318
568.981127321191,409.887413949553,4.74578957457731
138.704585703206,281.57427344768,4.66861254997446
200.666074617762,372.889650643975,3.87336152039675
124.258477832162,408.917335233965,3.33979939492733
626.681537057331,313.408415513293,4.56008570485508
-2.23545148468565,144.432920176582,4.22639419463856
541.90374534231,207.031643046723,4.15057336465086
34.6232361681819,492.525252769282,2.94826924469573
278.276726434755,20.1503380187748,3.80285989712066
535.417686211755,392.676311734859,3.43747369228114
75.4959197853778,84.2766442584178,5.19861038698858
4.07567286848285,74.2310719520709,3.46006499049043
588.199859888376,224.647949514829,4.17813203115534
443.119470597589,452.559832448573,4.8041529609877
659.136015152766,371.880976721809,3.02122616768889
107.046846179143,486.014451656815,4.31750041207878
623.496661455861,88.9392910727195,4.0801895309244
420.482722145119,259.138655315105,3.63789640367406
13.7247903813624,184.010586063879,3.13349349838001
58.191825092394,117.536315176153,4.48064599028303
597.223885731,192.090455141247,4.13550315644871
249.448565551913,222.618587961939,3.63298389251113
573.14191615311,438.378337264666,3.90805405248791
297.965501318849,133.508596227833,3.70901047497081
529.351530859198,450.463664903714,3.54695932970018
49.9907775309745,419.962062102099,3.90126235074057
194.982981672663,290.029343352358,4.40200110031203
548.581992337044,265.108853982771,3.58802433173111
173.320821645317,31.4835403106397,4.44132291900111
492.984379917641,348.111418936551,4.23450321812748
30.0120432056429,52.236272294046,3.80817802818485
528.793054094977,146.256160822278,4.69453083081636
NA,NA,NA
660.255887594989,333.108192487483,3.46680544158128
459.762957624804,296.178915958137,3.61444086692497
11.4716753868037,501.539286169758,3.7066100368302
561.082666506752,50.7758310245839,4.26513826088239
69.5031964060749,377.397613942599,4.00651301638056
227.183281998415,414.651746135011,3.84637110395759
429.845809702499,14.8917386828919,3.26729677084204
358.308032322421,294.993690790613,3.00147803873455
603.793026948979,108.320254385688,4.20591513741372
387.258015419155,228.690992373828,4.18600366600318
568.981127321191,409.887413949553,4.74578957457731
138.704585703206,281.57427344768,4.66861254997446
200.666074617762,372.889650643975,3.87336152039675
124.258477832162,408.917335233965,3.33979939492733
626.681537057331,313.408415513293,4.56008570485508
-2.23545148468565,144.432920176582,4.22639419463856
541.90374534231,207.031643046723,4.15057336465086
34.6232361681819,492.525252769282,2.94826924469573
278.276726434755,20.1503380187748,3.80285989712066
535.417686211755,392.676311734859,3.43747369228114
75.4959197853778,84.2766442584178,5.19861038698858
4.07567286848285,74.2310719520709,3.46006499049043
588.199859888376,224.647949514829,4.17813203115534
443.119470597589,452.559832448573,4.8041529609877
659.136015152766,371.880976721809,3.02122616768889
107.046846179143,486.014451656815,4.31750041207878
623.496661455861,88.9392910727195,4.0801895309244
420.482722145119,259.138655315105,3.63789640367406
13.7247903813624,184.010586063879,3.13349349838001
58.191825092394,117.536315176153,4.48064599028303
597.223885731,192.090455141247,4.13550315644871
249.448565551913,222.618587961939,3.63298389251113
573.14191615311,438.378337264666,3.90805405248791
297.965501318849,133.508596227833,3.70901047497081
529.351530859198,450.463664903714,3.54695932970018
49.9907775309745,419.962062102099,3.90126235074057
194.982981672663,290.029343352358,4.40200110031203
548.581992337044,265.108853982771,3.58802433173111
173.320821645317,31.4835403106397,4.44132291900111
492.984379917641,348.111418936551,4.23450321812748
30.0120432056429,52.236272294046,3.80817802818485
528.793054094977,146.256160822278,4.69453083081636
NA,NA,NA
660.255887594989,333.108192487483,3.46680544158128
459.762957624804,296.178915958137,3.61444086692497
11.4716753868037,501.539286169758,3.7066100368302
561.082666506752,50.7758310245839,4.26513826088239
69.5031964060749,377.397613942599,4.00651301638056
227.183281998415,414.651746135011,3.84637110395759
429.845809702499,14.8917386828919,3.26729677084204
358.308032322421,294.993690790613,3.00147803873455
603.793026948979,108.320254385688,4.20591513741372
387.258015419155,228.690992373828,4.18600366600318
568.981127321191,409.887413949553,4.74578957457731
138.704585703206,281.57427344768,4.66861254997446
200.666074617762,372.889650643975,3.87336152039675
124.258477832162,408.917335233965,3.33979939492733
626.681537057331,313.408415513293,4.56008570485508
-2.23545148468565,144.432920176582,4.22639419463856
541.90374534231,207.031643046723,4.15057336465086
34.6232361681819,492.525252769282,2.94826924469573
278.276726434755,20.1503380187748,3.80285989712066
535.417686211755,392.676311734859,3.43747369228114
75.4959197853778,84.2766442584178,5.19861038698858
4.07567286848285,74.2310719520709,3.46006499049043
588.199859888376,224.647949514829,4.17813203115534
443.119470597589,452.559832448573,4.8041529609877
659.136015152766,371.880976721809,3.02122616768889
107.046846179143,486.014451656815,4.31750041207878
623.496661455861,88.9392910727195,4.0801895309244
420.482722145119,259.138655315105,3.63789640367406
13.7247903813624,184.010586063879,3.13349349838001
58.191825092394,117.536315176153,4.48064599028303
597.223885731,192.090455141247,4.13550315644871
249.448565551913,222.618587961939,3.63298389251113
573.14191615311,438.378337264666,3.90805405248791
297.965501318849,133.508596227833,3.70901047497081
529.351530859198,450.463664903714,3.54695932970018
49.9907775309745,419.962062102099,3.90126235074057
194.982981672663,290.029343352358,4.40200110031203
548.581992337044,265.108853982771,3.58802433173111
173.320821645317,31.4835403106397,4.44132291900111
492.984379917641,348.111418936551,4.23450321812748
30.0120432056429,52.236272294046,3.80817802818485
528.793054094977,146.256160822278,4.69453083081636
NA,NA,NA
660.255887594989,333.108192487483,3.46680544158128
459.762957624804,296.178915958137,3.61444086692497
11.4716753868037,501.539286169758,3.7066100368302
561.082666506752,50.7758310245839,4.26513826088239
69.5031964060749,377.397613942599,4.00651301638056
227.183281998415,414.651746135011,3.84637110395759
429.845809702499,14.8917386828919,3.26729677084204
358.308032322421,294.993690790613,3.00147803873455
603.793026948979,108.320254385688,4.20591513741372
387.258015419155,228.690992373828,4.18600366600318
568.981127321191,409.887413949553,4.74578957457731
138.704585703206,281.57427344768,4.66861254997446
200.666074617762,372.889650643975,3.87336152039675
124.258477832162,408.917335233965,3.33979939492733
626.681537057331,313.408415513293,4.56008570485508
-2.23545148468565,144.432920176582,4.22639419463856
541.90374534231,207.031643046723,4.15057336465086
34.6232361681819,492.525252769282,2.94826924469573
278.276726434755,20.1503380187748,3.80285989712066
535.417686211755,392.676311734859,3.43747369228114
75.4959197853778,84.2766442584178,5.19861038698858
4.07567286848285,74.2310719520709,3.46006499049043
588.199859888376,224.647949514829,4.17813203115534
443.119470597589,452.559832448573,4.8041529609877
659.136015152766,371.880976721809,3.02122616768889
107.046846179143,486.014451656815,4.31750041207878
623.496661455861,88.9392910727195,4.0801895309244
420.482722145119,259.138655315105,3.63789640367406
13.7247903813624,184.010586063879,3.13349349838001
58.191825092394,117.536315176153,4.48064599028303
597.223885731,192.090455141247,4.13550315644871
249.448565551913,222.618587961939,3.63298389251113
573.14191615311,438.378337264666,3.90805405248791
297.965501318849,133.508596227833,3.70901047497081
529.351530859198,450.463664903714,3.54695932970018
49.9907775309745,419.962062102099,3.90126235074057
194.982981672663,290.029343352358,4.40200110031203
548.581992337044,265.108853982771,3.58802433173111
173.320821645317,31.4835403106397,4.44132291900111
492.984379917641,348.111418936551,4.23450321812748
30.0120432056429,52.236272294046,3.80817802818485
528.793054094977,146.256160822278,4.69453083081636
NA,NA,NA
660.255887594989,333.108192487483,3.46680544158128
459.762957624804,296.178915958137,3.61444086692497
11.4716753868037,501.539286169758,3.7066100368302
561.082666506752,50.7758310245839,4.26513826088239
69.5031964060749,377.397613942599,4.00651301638056
227.183281998415,414.651746135011,3.84637110395759
429.845809702499,14.8917386828919,3.26729677084204
358.308032322421,294.993690790613,3.00147803873455
603.793026948979,108.320254385688,4.20591513741372
387.258015419155,228.690992373828,4.18600366600318
568.981127321191,409.887413949553,4.74578957457731
138.704585703206,281.57427344768,4.66861254997446
200.666074617762,372.889650643975,3.87336152039675
124.258477832162,408.917335233965,3.33979939492733
626.681537057331,313.408415513293,4.56008570485508
-2.23545148468565,144.432920176582,4.22639419463856
541.90374534231,207.031643046723,4.15057336465086
34.6232361681819,492.525252769282,2.94826924469573
278.276726434755,20.1503380187748,3.80285989712066
535.417686211755,392.676311734859,3.43747369228114
75.4959197853778,84.2766442584178,5.19861038698858
4.07567286848285,74.2310719520709,3.46006499049043
588.199859888376,224.647949514829,4.17813203115534
443.119470597589,452.559832448573,4.8041529609877
659.136015152766,371.880976721809,3.02122616768889
107.046846179143,486.014451656815,4.31750041207878
623.496661455861,88.9392910727195,4.0801895309244
420.482722145119,259.138655315105,3.63789640367406
13.7247903813624,184.010586063879,3.13349349838001
58.191825092394,117.536315176153,4.48064599028303
597.223885731,192.090455141247,4.13550315644871
249.448565551913,222.618587961939,3.63298389251113
573.14191615311,438.378337264666,3.90805405248791
297.965501318849,133.508596227833,3.70901047497081
529.351530859198,450.463664903714,3.54695932970018
49.9907775309745,419.962062102099,3.90126235074057
194.982981672663,290.029343352358,4.40200110031203
548.581992337044,265.108853982771,3.58802433173111
173.320821645317,31.4835403106397,4.44132291900111
492.984379917641,348.111418936551,4.23450321812748
30.0120432056429,52.236272294046,3.80817802818485
528.793054094977,146.256160822278,4.69453083081636
NA,NA,NA
657.38534632128,333.16230786586,3.49942097557082
454.43560253488,296.644045380415,3.64103133380627
12.8899371523782,491.549458423232,3.62783271437047
560.712825666503,53.1784044229125,4.22422544404564
69.5896490952042,378.18466446879,3.96357922391092
230.228013725267,416.16898761859,3.97859210327952
428.823608237438,14.3901158107012,3.20800141956063
363.909744808111,290.699799437877,2.90348494651504
606.13145204508,107.578734678562,4.16893138319623
393.337408548649,231.886487579348,4.1667680964829
564.095950522706,406.151589183739,4.65073189007796
139.759242459562,281.896954545282,4.56720923220451
197.961537773912,359.757214199407,4.06073609141499
124.809746819356,410.244649283429,3.46458095526605
628.458485024289,312.546248504599,4.58348366483304
1.49573034805984,148.255174313564,4.34407074281864
542.709540906859,204.096899012657,4.29829250649573
32.7900797897066,490.329863800997,2.97530710765841
278.382122619635,24.756666645002,3.89472028973451
532.328426605199,394.348950251962,3.28670984663452
75.4922100924195,76.3556341386472,5.22978116828466
4.68220121601266,76.3296076384234,3.32562005265632
587.096336328683,227.953854590513,3.95820511872063
439.171766318564,465.309800022516,4.82884180863468
659.721289546267,372.69286787471,2.85454084946514
103.752568956216,485.406189292448,4.32060623442951
625.394980664308,94.1644275689773,4.08003882187682
418.335511150633,261.270651359726,3.6985008532302
9.92782449636285,182.276048887902,3.20390840989312
64.0806570888232,132.810103803239,4.52271691650274
620.07371436306,201.034286395795,4.35361140212316
252.970787031376,214.133340200955,3.67722416199335
575.923214868848,438.11249465349,3.82676286892593
299.635668285729,135.336275979038,3.7941431626159
529.842067713584,456.945051408148,3.49627409587048
47.5927231001402,410.087289938061,3.91823435593183
196.014685865905,289.444328452772,3.71634060531781
556.020763553092,262.603553087399,3.99494264536229
170.548740529541,29.7443484632112,4.19063304584363
497.712121326184,359.673146188129,4.81090434627083
41.425892995244,52.5610011066894,4.11934798241148
521.955815803774,152.558115310052,4.49646253743961
NA,NA,NA
657.38534632128,333.16230786586,3.49942097557082
454.43560253488,296.644045380415,3.64103133380627
12.8899371523782,491.549458423232,3.62783271437047
560.712825666503,53.1784044229125,4.22422544404564
69.5896490952042,378.18466446879,3.96357922391092
230.228013725267,416.16898761859,3.97859210327952
428.823608237438,14.3901158107012,3.20800141956063
363.909744808111,290.699799437877,2.90348494651504
606.13145204508,107.578734678562,4.16893138319623
393.337408548649,231.886487579348,4.1667680964829
564.095950522706,406.151589183739,4.65073189007796
139.759242459562,281.896954545282,4.56720923220451
197.961537773912,359.757214199407,4.06073609141499
124.809746819356,410.244649283429,3.46458095526605
628.458485024289,312.546248504599,4.58348366483304
1.49573034805984,148.255174313564,4.34407074281864
542.709540906859,204.096899012657,4.29829250649573
32.7900797897066,490.329863800997,2.97530710765841
278.382122619635,24.756666645002,3.89472028973451
532.328426605199,394.348950251962,3.28670984663452
75.4922100924195,76.3556341386472,5.22978116828466
4.68220121601266,76.3296076384234,3.32562005265632
587.096336328683,227.953854590513,3.95820511872063
439.171766318564,465.309800022516,4.82884180863468
659.721289546267,372.69286787471,2.85454084946514
103.752568956216,485.406189292448,4.32060623442951
625.394980664308,94.1644275689773,4.08003882187682
418.335511150633,261.270651359726,3.6985008532302
9.92782449636285,182.276048887902,3.20390840989312
64.0806570888232,132.810103803239,4.52271691650274
620.07371436306,201.034286395795,4.35361140212316
252.970787031376,214.133340200955,3.67722416199335
575.923214868848,438.11249465349,3.82676286892593
299.635668285729,135.336275979038,3.7941431626159
529.842067713584,456.945051408148,3.49627409587048
47.5927231001402,410.087289938061,3.91823435593183
196.014685865905,289.444328452772,3.71634060531781
556.020763553092,262.603553087399,3.99494264536229
170.548740529541,29.7443484632112,4.19063304584363
497.712121326184,359.673146188129,4.81090434627083
41.425892995244,52.5610011066894,4.11934798241148
521.955815803774,152.558115310052,4.49646253743961
NA,NA,NA
657.38534632128,333.16230786586,3.49942097557082
454.43560253488,296.644045380415,3.64103133380627
12.8899371523782,491.549458423232,3.62783271437047
560.712825666503,53.1784044229125,4.22422544404564
69.5896490952042,378.18466446879,3.96357922391092
230.228013725267,416.16898761859,3.97859210327952
428.823608237438,14.3901158107012,3.20800141956063
363.909744808111,290.699799437877,2.90348494651504
606.13145204508,107.578734678562,4.16893138319623
393.337408548649,231.886487579348,4.1667680964829
564.095950522706,406.151589183739,4.65073189007796
139.759242459562,281.896954545282,4.56720923220451
197.961537773912,359.757214199407,4.06073609141499
124.809746819356,410.244649283429,3.46458095526605
628.458485024289,312.546248504599,4.58348366483304
1.49573034805984,148.255174313564,4.34407074281864
542.709540906859,204.096899012657,4.29829250649573
32.7900797897066,490.329863800997,2.97530710765841
278.382122619635,24.756666645002,3.89472028973451
532.328426605199,394.348950251962,3.28670984663452
75.4922100924195,76.3556341386472,5.22978116828466
4.68220121601266,76.3296076384234,3.32562005265632
587.096336328683,227.953854590513,3.95820511872063
439.171766318564,465.309800022516,4.82884180863468
659.721289546267,372.69286787471,2.85454084946514
103.752568956216,485.406189292448,4.32060623442951
625.394980664308,94.1644275689773,4.08003882187682
418.335511150633,261.270651359726,3.6985008532302
9.92782449636285,182.276048887902,3.20390840989312
64.0806570888232,132.810103803239,4.52271691650274
620.07371436306,201.034286395795,4.35361140212316
252.970787031376,214.133340200955,3.67722416199335
575.923214868848,438.11249465349,3.82676286892593
299.635668285729,135.336275979038,3.7941431626159
529.842067713584,456.945051408148,3.49627409587048
47.5927231001402,410.087289938061,3.91823435593183
196.014685865905,289.444328452772,3.71634060531781
556.020763553092,262.603553087399,3.99494264536229
170.548740529541,29.7443484632112,4.19063304584363
497.712121326184,359.673146188129,4.81090434627083
41.425892995244,52.5610011066894,4.11934798241148
521.955815803774,152.558115310052,4.49646253743961
NA,NA,NA
657.38534632128,333.16230786586,3.49942097557082
454.43560253488,296.644045380415,3.64103133380627
12.8899371523782,491.549458423232,3.62783271437047
560.712825666503,53.1784044229125,4.22422544404564
69.5896490952042,378.18466446879,3.96357922391092
230.228013725267,416.16898761859,3.97859210327952
428.823608237438,14.3901158107012,3.20800141956063
363.909744808111,290.699799437877,2.90348494651504
606.13145204508,107.578734678562,4.16893138319623
393.337408548649,231.886487579348,4.1667680964829
564.095950522706,406.151589183739,4.65073189007796
139.759242459562,281.896954545282,4.56720923220451
197.961537773912,359.757214199407,4.06073609141499
124.809746819356,410.244649283429,3.46458095526605
628.458485024289,312.546248504599,4.58348366483304
1.49573034805984,148.255174313564,4.34407074281864
542.709540906859,204.096899012657,4.29829250649573
32.7900797897066,490.329863800997,2.97530710765841
278.382122619635,24.756666645002,3.89472028973451
532.328426605199,394.348950251962,3.28670984663452
75.4922100924195,76.3556341386472,5.22978116828466
4.68220121601266,76.3296076384234,3.32562005265632
587.096336328683,227.953854590513,3.95820511872063
439.171766318564,465.309800022516,4.82884180863468
659.721289546267,372.69286787471,2.85454084946514
103.752568956216,485.406189292448,4.32060623442951
625.394980664308,94.1644275689773,4.08003882187682
418.335511150633,261.270651359726,3.6985008532302
9.92782449636285,182.276048887902,3.20390840989312
64.0806570888232,132.810103803239,4.52271691650274
620.07371436306,201.034286395795,4.35361140212316
252.970787031376,214.133340200955,3.67722416199335
575.923214868848,438.11249465349,3.82676286892593
299.635668285729,135.336275979038,3.7941431626159
529.842067713584,456.945051408148,3.49627409587048
47.5927231001402,410.087289938061,3.91823435593183
196.014685865905,289.444328452772,3.71634060531781
556.020763553092,262.603553087399,3.99494264536229
170.548740529541,29.7443484632112,4.19063304584363
497.712121326184,359.673146188129,4.81090434627083
41.425892995244,52.5610011066894,4.11934798241148
521.955815803774,152.558115310052,4.49646253743961
NA,NA,NA
657.38534632128,333.16230786586,3.49942097557082
454.43560253488,296.644045380415,3.64103133380627
12.8899371523782,491.549458423232,3.62783271437047
560.712825666503,53.1784044229125,4.22422544404564
69.5896490952042,378.18466446879,3.96357922391092
230.228013725267,416.16898761859,3.97859210327952
428.823608237438,14.3901158107012,3.20800141956063
363.909744808111,290.699799437877,2.90348494651504
606.13145204508,107.578734678562,4.16893138319623
393.337408548649,231.886487579348,4.1667680964829
564.095950522706,406.151589183739,4.65073189007796
139.759242459562,281.896954545282,4.56720923220451
197.961537773912,359.757214199407,4.06073609141499
124.809746819356,410.244649283429,3.46458095526605
628.458485024289,312.546248504599,4.58348366483304
1.49573034805984,148.255174313564,4.34407074281864
542.709540906859,204.096899012657,4.29829250649573
32.7900797897066,490.329863800997,2.97530710765841
278.382122619635,24.756666645002,3.89472028973451
532.328426605199,394.348950251962,3.28670984663452
75.4922100924195,76.3556341386472,5.22978116828466
4.68220121601266,76.3296076384234,3.32562005265632
587.096336328683,227.953854590513,3.95820511872063
439.171766318564,465.309800022516,4.82884180863468
659.721289546267,372.69286787471,2.85454084946514
103.752568956216,485.406189292448,4.32060623442951
625.394980664308,94.1644275689773,4.08003882187682
418.335511150633,261.270651359726,3.6985008532302
9.92782449636285,182.276048887902,3.20390840989312
64.0806570888232,132.810103803239,4.52271691650274
620.07371436306,201.034286395795,4.35361140212316
252.970787031376,214.133340200955,3.67722416199335
575.923214868848,438.11249465349,3.82676286892593
299.635668285729,135.336275979038,3.7941431626159
529.842067713584,456.945051408148,3.49627409587048
47.5927231001402,410.087289938061,3.91823435593183
196.014685865905,289.444328452772,3.71634060531781
556.020763553092,262.603553087399,3.99494264536229
170.548740529541,29.7443484632112,4.19063304584363
497.712121326184,359.673146188129,4.81090434627083
41.425892995244,52.5610011066894,4.11934798241148
521.955815803774,152.558115310052,4.49646253743961
NA,NA,NA
657.38534632128,333.16230786586,3.49942097557082
454.43560253488,296.644045380415,3.64103133380627
12.8899371523782,491.549458423232,3.62783271437047
560.712825666503,53.1784044229125,4.22422544404564
69.5896490952042,378.18466446879,3.96357922391092
230.228013725267,416.16898761859,3.97859210327952
428.823608237438,14.3901158107012,3.20800141956063
363.909744808111,290.699799437877,2.90348494651504
606.13145204508,107.578734678562,4.16893138319623
393.337408548649,231.886487579348,4.1667680964829
564.095950522706,406.151589183739,4.65073189007796
139.759242459562,281.896954545282,4.56720923220451
197.961537773912,359.757214199407,4.06073609141499
124.809746819356,410.244649283429,3.46458095526605
628.458485024289,312.546248504599,4.58348366483304
1.49573034805984,148.255174313564,4.34407074281864
542.709540906859,204.096899012657,4.29829250649573
32.7900797897066,490.329863800997,2.97530710765841
278.382122619635,24.756666645002,3.89472028973451
532.328426605199,394.348950251962,3.28670984663452
75.4922100924195,76.3556341386472,5.22978116828466
4.68220121601266,76.3296076384234,3.32562005265632
587.096336328683,227.953854590513,3.95820511872063
439.171766318564,465.309800022516,4.82884180863468
659.721289546267,372.69286787471,2.85454084946514
103.752568956216,485.406189292448,4.32060623442951
625.394980664308,94.1644275689773,4.08003882187682
418.335511150633,261.270651359726,3.6985008532302
9.92782449636285,182.276048887902,3.20390840989312
64.0806570888232,132.810103803239,4.52271691650274
620.07371436306,201.034286395795,4.35361140212316
252.970787031376,214.133340200955,3.67722416199335
575.923214868848,438.11249465349,3.82676286892593
299.635668285729,135.336275979038,3.7941431626159
529.842067713584,456.945051408148,3.49627409587048
47.5927231001402,410.087289938061,3.91823435593183
196.014685865905,289.444328452772,3.71634060531781
556.020763553092,262.603553087399,3.99494264536229
170.548740529541,29.7443484632112,4.19063304584363
497.712121326184,359.673146188129,4.81090434627083
41.425892995244,52.5610011066894,4.11934798241148
521.955815803774,152.558115310052,4.49646253743961
NA,NA,NA
659.786420683566,334.988949500304,3.54385218411272
455.857916804451,297.249080871683,3.70055098390158
8.26531579105292,492.468004783722,3.59330853829139
565.209089097315,48.8634355986034,4.25566418596372
73.948905747043,373.776630872764,3.97528707835822
227.61633990464,415.077719592848,3.9312618633932
430.414253701216,12.4422877064706,3.34470915285182
363.893958555679,293.637715552843,3.00913670382795
603.561160848372,111.005795081513,4.27780926897996
393.826448519777,228.750322063424,4.21584366703916
570.294523576914,411.240370310158,4.72829198817358
138.552701191211,275.941358514082,4.58499311942329
198.390985967464,372.432182189091,4.00406011254699
122.646539092867,411.797802687935,3.49447885095011
622.836658892708,315.325504242396,4.48412714142273
2.59877411494688,147.971241081051,4.25035122921478
544.977741345492,205.773816492854,4.24671907121591
34.6827344213757,490.330841535733,3.06775205855325
281.029800777845,18.1698626480523,3.834848688491
532.892460834081,390.843355118108,3.28680432968659
63.7542291119906,68.0879631844163,5.1352878543221
3.04474190730668,82.8321533759358,3.36350146106268
588.600459765149,226.707598709068,4.11795517669093
441.511599335751,457.617400282041,4.78717055834638
655.481044347002,372.407603776015,3.07708466130889
108.736699215751,486.8850722661,4.26036674351573
625.345642506867,88.5866620128966,4.07484574240621
418.226970874575,258.958560597838,3.62423737534297
13.6298960981137,183.192154423957,3.33130103409926
57.7619436668458,115.377273130193,4.41538106219111
606.652302966718,206.932876419764,4.31239120545976
255.833409121003,216.805258620951,4.20899026435536
569.608616095327,432.852179220873,4.04457408782585
303.641403140482,139.234235806614,3.82785754815925
525.183680524491,453.246099063516,3.42021947439715
48.1401484428546,403.422829887638,3.92657353398432
201.751313968088,284.681119295903,4.17285818198272
548.695735961766,253.375603357108,3.75831641108704
174.514443488536,27.0607700124855,4.33771873178935
499.289905581975,350.170685209238,4.66678525451094
33.5656836971623,61.1650704785989,3.75476841328118
526.349268093206,161.876091651344,4.68660286235835
NA,NA,NA
659.786420683566,334.988949500304,3.54385218411272
455.857916804451,297.249080871683,3.70055098390158
8.26531579105292,492.468004783722,3.59330853829139
565.209089097315,48.8634355986034,4.25566418596372
73.948905747043,373.776630872764,3.97528707835822
227.61633990464,415.077719592848,3.9312618633932
430.414253701216,12.4422877064706,3.34470915285182
363.893958555679,293.637715552843,3.00913670382795
603.561160848372,111.005795081513,4.27780926897996
393.826448519777,228.750322063424,4.21584366703916
570.294523576914,411.240370310158,4.72829198817358
138.552701191211,275.941358514082,4.58499311942329
198.390985967464,372.432182189091,4.00406011254699
122.646539092867,411.797802687935,3.49447885095011
622.836658892708,315.325504242396,4.48412714142273
2.59877411494688,147.971241081051,4.25035122921478
544.977741345492,205.773816492854,4.24671907121591
34.6827344213757,490.330841535733,3.06775205855325
281.029800777845,18.1698626480523,3.834848688491
532.892460834081,390.843355118108,3.28680432968659
63.7542291119906,68.0879631844163,5.1352878543221
3.04474190730668,82.8321533759358,3.36350146106268
588.600459765149,226.707598709068,4.11795517669093
441.511599335751,457.617400282041,4.78717055834638
655.481044347002,372.407603776015,3.07708466130889
108.736699215751,486.8850722661,4.26036674351573
625.345642506867,88.5866620128966,4.07484574240621
418.226970874575,258.958560597838,3.62423737534297
13.6298960981137,183.192154423957,3.33130103409926
57.7619436668458,115.377273130193,4.41538106219111
606.652302966718,206.932876419764,4.31239120545976
255.833409121003,216.805258620951,4.20899026435536
569.608616095327,432.852179220873,4.04457408782585
303.641403140482,139.234235806614,3.82785754815925
525.183680524491,453.246099063516,3.42021947439715
48.1401484428546,403.422829887638,3.92657353398432
201.751313968088,284.681119295903,4.17285818198272
548.695735961766,253.375603357108,3.75831641108704
174.514443488536,27.0607700124855,4.33771873178935
499.289905581975,350.170685209238,4.66678525451094
33.5656836971623,61.1650704785989,3.75476841328118
526.349268093206,161.876091651344,4.68660286235835
NA,NA,NA
659.786420683566,334.988949500304,3.54385218411272
455.857916804451,297.249080871683,3.70055098390158
8.26531579105292,492.468004783722,3.59330853829139
565.209089097315,48.8634355986034,4.25566418596372
73.948905747043,373.776630872764,3.97528707835822
227.61633990464,415.077719592848,3.9312618633932
430.414253701216,12.4422877064706,3.34470915285182
363.893958555679,293.637715552843,3.00913670382795
603.561160848372,111.005795081513,4.27780926897996
393.826448519777,228.750322063424,4.21584366703916
570.294523576914,411.240370310158,4.72829198817358
138.552701191211,275.941358514082,4.58499311942329
198.390985967464,372.432182189091,4.00406011254699
122.646539092867,411.797802687935,3.49447885095011
622.836658892708,315.325504242396,4.48412714142273
2.59877411494688,147.971241081051,4.25035122921478
544.977741345492,205.773816492854,4.24671907121591
34.6827344213757,490.330841535733,3.06775205855325
281.029800777845,18.1698626480523,3.834848688491
532.892460834081,390.843355118108,3.28680432968659
63.7542291119906,68.0879631844163,5.1352878543221
3.04474190730668,82.8321533759358,3.36350146106268
588.600459765149,226.707598709068,4.11795517669093
441.511599335751,457.617400282041,4.78717055834638
655.481044347002,372.407603776015,3.07708466130889
108.736699215751,486.8850722661,4.26036674351573
625.345642506867,88.5866620128966,4.07484574240621
418.226970874575,258.958560597838,3.62423737534297
13.6298960981137,183.192154423957,3.33130103409926
57.7619436668458,115.377273130193,4.41538106219111
606.652302966718,206.932876419764,4.31239120545976
255.833409121003,216.805258620951,4.20899026435536
569.608616095327,432.852179220873,4.04457408782585
303.641403140482,139.234235806614,3.82785754815925
525.183680524491,453.246099063516,3.42021947439715
48.1401484428546,403.422829887638,3.92657353398432
201.751313968088,284.681119295903,4.17285818198272
548.695735961766,253.375603357108,3.75831641108704
174.514443488536,27.0607700124855,4.33771873178935
499.289905581975,350.170685209238,4.66678525451094
33.5656836971623,61.1650704785989,3.75476841328118
526.349268093206,161.876091651344,4.68660286235835
NA,NA,NA
659.786420683566,334.988949500304,3.54385218411272
455.857916804451,297.249080871683,3.70055098390158
8.26531579105292,492.468004783722,3.59330853829139
565.209089097315,48.8634355986034,4.25566418596372
73.948905747043,373.776630872764,3.97528707835822
227.61633990464,415.077719592848,3.9312618633932
430.414253701216,12.4422877064706,3.34470915285182
363.893958555679,293.637715552843,3.00913670382795
603.561160848372,111.005795081513,4.27780926897996
393.826448519777,228.750322063424,4.21584366703916
570.294523576914,411.240370310158,4.72829198817358
138.552701191211,275.941358514082,4.58499311942329
198.390985967464,372.432182189091,4.00406011254699
122.646539092867,411.797802687935,3.49447885095011
622.836658892708,315.325504242396,4.48412714142273
2.59877411494688,147.971241081051,4.25035122921478
544.977741345492,205.773816492854,4.24671907121591
34.6827344213757,490.330841535733,3.06775205855325
281.029800777845,18.1698626480523,3.834848688491
532.892460834081,390.843355118108,3.28680432968659
63.7542291119906,68.0879631844163,5.1352878543221
3.04474190730668,82.8321533759358,3.36350146106268
588.600459765149,226.707598709068,4.11795517669093
441.511599335751,457.617400282041,4.78717055834638
655.481044347002,372.407603776015,3.07708466130889
108.736699215751,486.8850722661,4.26036674351573
625.345642506867,88.5866620128966,4.07484574240621
418.226970874575,258.958560597838,3.62423737534297
13.6298960981137,183.192154423957,3.33130103409926
57.7619436668458,115.377273130193,4.41538106219111
606.652302966718,206.932876419764,4.31239120545976
255.833409121003,216.805258620951,4.20899026435536
569.608616095327,432.852179220873,4.04457408782585
303.641403140482,139.234235806614,3.82785754815925
525.183680524491,453.246099063516,3.42021947439715
48.1401484428546,403.422829887638,3.92657353398432
201.751313968088,284.681119295903,4.17285818198272
548.695735961766,253.375603357108,3.75831641108704
174.514443488536,27.0607700124855,4.33771873178935
499.289905581975,350.170685209238,4.66678525451094
33.5656836971623,61.1650704785989,3.75476841328118
526.349268093206,161.876091651344,4.68660286235835
NA,NA,NA
659.786420683566,334.988949500304,3.54385218411272
455.857916804451,297.249080871683,3.70055098390158
8.26531579105292,492.468004783722,3.59330853829139
565.209089097315,48.8634355986034,4.25566418596372
73.948905747043,373.776630872764,3.97528707835822
227.61633990464,415.077719592848,3.9312618633932
430.414253701216,12.4422877064706,3.34470915285182
363.893958555679,293.637715552843,3.00913670382795
603.561160848372,111.005795081513,4.27780926897996
393.826448519777,228.750322063424,4.21584366703916
570.294523576914,411.240370310158,4.72829198817358
138.552701191211,275.941358514082,4.58499311942329
198.390985967464,372.432182189091,4.00406011254699
122.646539092867,411.797802687935,3.49447885095011
622.836658892708,315.325504242396,4.48412714142273
2.59877411494688,147.971241081051,4.25035122921478
544.977741345492,205.773816492854,4.24671907121591
34.6827344213757,490.330841535733,3.06775205855325
281.029800777845,18.1698626480523,3.834848688491
532.892460834081,390.843355118108,3.28680432968659
63.7542291119906,68.0879631844163,5.1352878543221
3.04474190730668,82.8321533759358,3.36350146106268
588.600459765149,226.707598709068,4.11795517669093
441.511599335751,457.617400282041,4.78717055834638
655.481044347002,372.407603776015,3.07708466130889
108.736699215751,486.8850722661,4.26036674351573
625.345642506867,88.5866620128966,4.07484574240621
418.226970874575,258.958560597838,3.62423737534297
13.6298960981137,183.192154423957,3.33130103409926
57.7619436668458,115.377273130193,4.41538106219111
606.652302966718,206.932876419764,4.31239120545976
255.833409121003,216.805258620951,4.20899026435536
569.608616095327,432.852179220873,4.04457408782585
303.641403140482,139.234235806614,3.82785754815925
525.183680524491,453.246099063516,3.42021947439715
48.1401484428546,403.422829887638,3.92657353398432
201.751313968088,284.681119295903,4.17285818198272
548.695735961766,253.375603357108,3.75831641108704
174.514443488536,27.0607700124855,4.33771873178935
499.289905581975,350.170685209238,4.66678525451094
33.5656836971623,61.1650704785989,3.75476841328118
526.349268093206,161.876091651344,4.68660286235835
NA,NA,NA
659.786420683566,334.988949500304,3.54385218411272
455.857916804451,297.249080871683,3.70055098390158
8.26531579105292,492.468004783722,3.59330853829139
565.209089097315,48.8634355986034,4.25566418596372
73.948905747043,373.776630872764,3.97528707835822
227.61633990464,415.077719592848,3.9312618633932
430.414253701216,12.4422877064706,3.34470915285182
363.893958555679,293.637715552843,3.00913670382795
603.561160848372,111.005795081513,4.27780926897996
393.826448519777,228.750322063424,4.21584366703916
570.294523576914,411.240370310158,4.72829198817358
138.552701191211,275.941358514082,4.58499311942329
198.390985967464,372.432182189091,4.00406011254699
122.646539092867,411.797802687935,3.49447885095011
622.836658892708,315.325504242396,4.48412714142273
2.59877411494688,147.971241081051,4.25035122921478
544.977741345492,205.773816492854,4.24671907121591
34.6827344213757,490.330841535733,3.06775205855325
281.029800777845,18.1698626480523,3.834848688491
532.892460834081,390.843355118108,3.28680432968659
63.7542291119906,68.0879631844163,5.1352878543221
3.04474190730668,82.8321533759358,3.36350146106268
588.600459765149,226.707598709068,4.11795517669093
441.511599335751,457.617400282041,4.78717055834638
655.481044347002,372.407603776015,3.07708466130889
108.736699215751,486.8850722661,4.26036674351573
625.345642506867,88.5866620128966,4.07484574240621
418.226970874575,258.958560597838,3.62423737534297
13.6298960981137,183.192154423957,3.33130103409926
57.7619436668458,115.377273130193,4.41538106219111
606.652302966718,206.932876419764,4.31239120545976
255.833409121003,216.805258620951,4.20899026435536
569.608616095327,432.852179220873,4.04457408782585
303.641403140482,139.234235806614,3.82785754815925
525.183680524491,453.246099063516,3.42021947439715
48.1401484428546,403.422829887638,3.92657353398432
201.751313968088,284.681119295903,4.17285818198272
548.695735961766,253.375603357108,3.75831641108704
174.514443488536,27.0607700124855,4.33771873178935
499.289905581975,350.170685209238,4.66678525451094
33.5656836971623,61.1650704785989,3.75476841328118
526.349268093206,161.876091651344,4.68660286235835
NA,NA,NA
660.572634105857,331.06435205135,3.36264162769859
455.350136126201,299.65575470994,3.69163325912261
13.6464396369495,496.01606302508,3.56484007486613
558.936617835593,50.1305331706787,4.13081293058002
75.4147805368118,370.391761030503,4.01614108149804
230.418910065637,416.535216150467,3.89180573646271
429.685175091211,11.7983387421332,3.3353846247677
359.203305755352,289.464513245152,3.04423978676669
604.950821606256,108.87131284751,4.17923143480704
390.291134885674,232.767216881646,4.20184450305372
568.61855225751,409.938689157017,4.74883530868213
140.92653229978,281.942733624152,4.65385203431632
199.884478250566,366.063830916696,4.0319094139092
127.520200462513,410.383249742187,3.38387515355432
631.453676360038,313.269513866489,4.60321857299673
2.17720764203411,150.871378736352,4.24977015853502
544.833182294861,201.71292408511,4.20389406294185
32.775926695072,491.163843955491,2.8655298059575
278.889030470561,26.0356726505057,3.70345914012148
535.240163739251,391.141421067666,3.4455739694254
67.4861525399099,74.5853709403659,5.3028356774693
3.48221370370878,77.7042517421369,3.59521166859355
588.206029374594,227.983225771529,3.99739342150891
441.979637836818,463.467330735047,4.74223597604653
661.652769585581,373.516547621949,3.03200443392472
109.097260455532,486.313430621669,4.33814415246642
624.850742233798,91.177665062423,4.10239220935535
419.441832691046,259.988263301823,3.6416881959582
10.3609893438003,183.085541030639,3.0935233977282
59.3702555400722,118.345818227112,4.36801018474146
614.782613629804,184.635251085503,4.16267844026627
253.648173000652,217.793588676337,3.62358909944138
574.624654187399,442.226709695625,3.8496095488918
303.252953728739,133.612248576059,3.9478263364254
525.156740860665,464.108505737267,3.49523219314713
42.873797887163,422.634146422047,3.80722150818301
196.085164828963,286.827417521888,3.72881098723961
553.696648785005,266.986639618599,3.90105943758276
166.022862651833,43.6001295778153,4.08676702461495
503.201709915918,340.816972228797,4.53792001148
33.2346451775794,52.7218342096707,3.36353709813996
545.144515754218,139.092613255377,4.828433114036
NA,NA,NA
660.572634105857,331.06435205135,3.36264162769859
455.350136126201,299.65575470994,3.69163325912261
13.6464396369495,496.01606302508,3.56484007486613
558.936617835593,50.1305331706787,4.13081293058002
75.4147805368118,370.391761030503,4.01614108149804
230.418910065637,416.535216150467,3.89180573646271
429.685175091211,11.7983387421332,3.3353846247677
359.203305755352,289.464513245152,3.04423978676669
604.950821606256,108.87131284751,4.17923143480704
390.291134885674,232.767216881646,4.20184450305372
568.61855225751,409.938689157017,4.74883530868213
140.92653229978,281.942733624152,4.65385203431632
199.884478250566,366.063830916696,4.0319094139092
127.520200462513,410.383249742187,3.38387515355432
631.453676360038,313.269513866489,4.60321857299673
2.17720764203411,150.871378736352,4.24977015853502
544.833182294861,201.71292408511,4.20389406294185
32.775926695072,491.163843955491,2.8655298059575
278.889030470561,26.0356726505057,3.70345914012148
535.240163739251,391.141421067666,3.4455739694254
67.4861525399099,74.5853709403659,5.3028356774693
3.48221370370878,77.7042517421369,3.59521166859355
588.206029374594,227.983225771529,3.99739342150891
441.979637836818,463.467330735047,4.74223597604653
661.652769585581,373.516547621949,3.03200443392472
109.097260455532,486.313430621669,4.33814415246642
624.850742233798,91.177665062423,4.10239220935535
419.441832691046,259.988263301823,3.6416881959582
10.3609893438003,183.085541030639,3.0935233977282
59.3702555400722,118.345818227112,4.36801018474146
614.782613629804,184.635251085503,4.16267844026627
253.648173000652,217.793588676337,3.62358909944138
574.624654187399,442.226709695625,3.8496095488918
303.252953728739,133.612248576059,3.9478263364254
525.156740860665,464.108505737267,3.49523219314713
42.873797887163,422.634146422047,3.80722150818301
196.085164828963,286.827417521888,3.72881098723961
553.696648785005,266.986639618599,3.90105943758276
166.022862651833,43.6001295778153,4.08676702461495
503.201709915918,340.816972228797,4.53792001148
33.2346451775794,52.7218342096707,3.36353709813996
545.144515754218,139.092613255377,4.828433114036
NA,NA,NA
660.572634105857,331.06435205135,3.36264162769859
455.350136126201,299.65575470994,3.69163325912261
13.6464396369495,496.01606302508,3.56484007486613
558.936617835593,50.1305331706787,4.13081293058002
75.4147805368118,370.391761030503,4.01614108149804
230.418910065637,416.535216150467,3.89180573646271
429.685175091211,11.7983387421332,3.3353846247677
359.203305755352,289.464513245152,3.04423978676669
604.950821606256,108.87131284751,4.17923143480704
390.291134885674,232.767216881646,4.20184450305372
568.61855225751,409.938689157017,4.74883530868213
140.92653229978,281.942733624152,4.65385203431632
199.884478250566,366.063830916696,4.0319094139092
127.520200462513,410.383249742187,3.38387515355432
631.453676360038,313.269513866489,4.60321857299673
2.17720764203411,150.871378736352,4.24977015853502
544.833182294861,201.71292408511,4.20389406294185
32.775926695072,491.163843955491,2.8655298059575
278.889030470561,26.0356726505057,3.70345914012148
535.240163739251,391.141421067666,3.4455739694254
67.4861525399099,74.5853709403659,5.3028356774693
3.48221370370878,77.7042517421369,3.59521166859355
588.206029374594,227.983225771529,3.99739342150891
441.979637836818,463.467330735047,4.74223597604653
661.652769585581,373.516547621949,3.03200443392472
109.097260455532,486.313430621669,4.33814415246642
624.850742233798,91.177665062423,4.10239220935535
419.441832691046,259.988263301823,3.6416881959582
10.3609893438003,183.085541030639,3.0935233977282
59.3702555400722,118.345818227112,4.36801018474146
614.782613629804,184.635251085503,4.16267844026627
253.648173000652,217.793588676337,3.62358909944138
574.624654187399,442.226709695625,3.8496095488918
303.252953728739,133.612248576059,3.9478263364254
525.156740860665,464.108505737267,3.49523219314713
42.873797887163,422.634146422047,3.80722150818301
196.085164828963,286.827417521888,3.72881098723961
553.696648785005,266.986639618599,3.90105943758276
166.022862651833,43.6001295778153,4.08676702461495
503.201709915918,340.816972228797,4.53792001148
33.2346451775794,52.7218342096707,3.36353709813996
545.144515754218,139.092613255377,4.828433114036
NA,NA,NA
660.572634105857,331.06435205135,3.36264162769859
455.350136126201,299.65575470994,3.69163325912261
13.6464396369495,496.01606302508,3.56484007486613
558.936617835593,50.1305331706787,4.13081293058002
75.4147805368118,370.391761030503,4.01614108149804
230.418910065637,416.535216150467,3.89180573646271
429.685175091211,11.7983387421332,3.3353846247677
359.203305755352,289.464513245152,3.04423978676669
604.950821606256,108.87131284751,4.17923143480704
390.291134885674,232.767216881646,4.20184450305372
568.61855225751,409.938689157017,4.74883530868213
140.92653229978,281.942733624152,4.65385203431632
199.884478250566,366.063830916696,4.0319094139092
127.520200462513,410.383249742187,3.38387515355432
631.453676360038,313.269513866489,4.60321857299673
2.17720764203411,150.871378736352,4.24977015853502
544.833182294861,201.71292408511,4.20389406294185
32.775926695072,491.163843955491,2.8655298059575
278.889030470561,26.0356726505057,3.70345914012148
535.240163739251,391.141421067666,3.4455739694254
67.4861525399099,74.5853709403659,5.3028356774693
3.48221370370878,77.7042517421369,3.59521166859355
588.206029374594,227.983225771529,3.99739342150891
441.979637836818,463.467330735047,4.74223597604653
661.652769585581,373.516547621949,3.03200443392472
109.097260455532,486.313430621669,4.33814415246642
624.850742233798,91.177665062423,4.10239220935535
419.441832691046,259.988263301823,3.6416881959582
10.3609893438003,183.085541030639,3.0935233977282
59.3702555400722,118.345818227112,4.36801018474146
614.782613629804,184.635251085503,4.16267844026627
253.648173000652,217.793588676337,3.62358909944138
574.624654187399,442.226709695625,3.8496095488918
303.252953728739,133.612248576059,3.9478263364254
525.156740860665,464.108505737267,3.49523219314713
42.873797887163,422.634146422047,3.80722150818301
196.085164828963,286.827417521888,3.72881098723961
553.696648785005,266.986639618599,3.90105943758276
166.022862651833,43.6001295778153,4.08676702461495
503.201709915918,340.816972228797,4.53792001148
33.2346451775794,52.7218342096707,3.36353709813996
545.144515754218,139.092613255377,4.828433114036
NA,NA,NA
660.572634105857,331.06435205135,3.36264162769859
455.350136126201,299.65575470994,3.69163325912261
13.6464396369495,496.01606302508,3.56484007486613
558.936617835593,50.1305331706787,4.13081293058002
75.4147805368118,370.391761030503,4.01614108149804
230.418910065637,416.535216150467,3.89180573646271
429.685175091211,11.7983387421332,3.3353846247677
359.203305755352,289.464513245152,3.04423978676669
604.950821606256,108.87131284751,4.17923143480704
390.291134885674,232.767216881646,4.20184450305372
568.61855225751,409.938689157017,4.74883530868213
140.92653229978,281.942733624152,4.65385203431632
199.884478250566,366.063830916696,4.0319094139092
127.520200462513,410.383249742187,3.38387515355432
631.453676360038,313.269513866489,4.60321857299673
2.17720764203411,150.871378736352,4.24977015853502
544.833182294861,201.71292408511,4.20389406294185
32.775926695072,491.163843955491,2.8655298059575
278.889030470561,26.0356726505057,3.70345914012148
535.240163739251,391.141421067666,3.4455739694254
67.4861525399099,74.5853709403659,5.3028356774693
3.48221370370878,77.7042517421369,3.59521166859355
588.206029374594,227.983225771529,3.99739342150891
441.979637836818,463.467330735047,4.74223597604653
661.652769585581,373.516547621949,3.03200443392472
109.097260455532,486.313430621669,4.33814415246642
624.850742233798,91.177665062423,4.10239220935535
419.441832691046,259.988263301823,3.6416881959582
10.3609893438003,183.085541030639,3.0935233977282
59.3702555400722,118.345818227112,4.36801018474146
614.782613629804,184.635251085503,4.16267844026627
253.648173000652,217.793588676337,3.62358909944138
574.624654187399,442.226709695625,3.8496095488918
303.252953728739,133.612248576059,3.9478263364254
525.156740860665,464.108505737267,3.49523219314713
42.873797887163,422.634146422047,3.80722150818301
196.085164828963,286.827417521888,3.72881098723961
553.696648785005,266.986639618599,3.90105943758276
166.022862651833,43.6001295778153,4.08676702461495
503.201709915918,340.816972228797,4.53792001148
33.2346451775794,52.7218342096707,3.36353709813996
545.144515754218,139.092613255377,4.828433114036
NA,NA,NA
660.572634105857,331.06435205135,3.36264162769859
455.350136126201,299.65575470994,3.69163325912261
13.6464396369495,496.01606302508,3.56484007486613
558.936617835593,50.1305331706787,4.13081293058002
75.4147805368118,370.391761030503,4.01614108149804
230.418910065637,416.535216150467,3.89180573646271
429.685175091211,11.7983387421332,3.3353846247677
359.203305755352,289.464513245152,3.04423978676669
604.950821606256,108.87131284751,4.17923143480704
390.291134885674,232.767216881646,4.20184450305372
568.61855225751,409.938689157017,4.74883530868213
140.92653229978,281.942733624152,4.65385203431632
199.884478250566,366.063830916696,4.0319094139092
127.520200462513,410.383249742187,3.38387515355432
631.453676360038,313.269513866489,4.60321857299673
2.17720764203411,150.871378736352,4.24977015853502
544.833182294861,201.71292408511,4.20389406294185
32.775926695072,491.163843955491,2.8655298059575
278.889030470561,26.0356726505057,3.70345914012148
535.240163739251,391.141421067666,3.4455739694254
67.4861525399099,74.5853709403659,5.3028356774693
3.48221370370878,77.7042517421369,3.59521166859355
588.206029374594,227.983225771529,3.99739342150891
441.979637836818,463.467330735047,4.74223597604653
661.652769585581,373.516547621949,3.03200443392472
109.097260455532,486.313430621669,4.33814415246642
624.850742233798,91.177665062423,4.10239220935535
419.441832691046,259.988263301823,3.6416881959582
10.3609893438003,183.085541030639,3.0935233977282
59.3702555400722,118.345818227112,4.36801018474146
614.782613629804,184.635251085503,4.16267844026627
253.648173000652,217.793588676337,3.62358909944138
574.624654187399,442.226709695625,3.8496095488918
303.252953728739,133.612248576059,3.9478263364254
525.156740860665,464.108505737267,3.49523219314713
42.873797887163,422.634146422047,3.80722150818301
196.085164828963,286.827417521888,3.72881098723961
553.696648785005,266.986639618599,3.90105943758276
166.022862651833,43.6001295778153,4.08676702461495
503.201709915918,340.816972228797,4.53792001148
33.2346451775794,52.7218342096707,3.36353709813996
545.144515754218,139.092613255377,4.828433114036
NA,NA,NA
658.729775834597,333.289410878992,3.57978443223255
453.014440572746,299.603317003681,3.65994961850414
9.65832436521223,496.596041702588,3.62957194557373
558.033801888272,51.8380092381549,4.17092764276851
76.377348891606,375.186435256799,3.91040646774806
229.334956435069,414.974875128832,3.81138599808156
427.107313487937,13.7748632381356,3.2340482909695
362.211411232542,291.823188917267,3.05429372369691
603.761053307807,103.268269956729,4.230695279775
392.765777065326,228.638957352834,4.17420137520489
575.688975837328,407.22262640371,4.72156277609618
145.782013980882,286.017612836871,4.58261489312907
198.352973116318,370.697397505186,4.03762477819009
125.308449995589,412.283615723775,3.51480884430384
627.787953100804,311.99781255111,4.53298204743208
3.96486962359556,152.84797098731,4.30078391739261
548.341846513692,206.689106392398,4.11830619512704
33.6162007508859,491.177172822364,2.97003653201203
280.253779186071,21.7296149406426,4.06547011937202
532.388372484015,391.948450686197,3.37507602792823
70.7460140847814,74.6072972245692,5.2879741577689
5.13583231367061,74.7873570933648,3.52245365666456
588.724509773655,223.548227456881,4.01332223829793
442.707951207525,457.727244927733,4.73715279683865
659.111212977706,372.172384223359,3.03230617757498
103.395957280087,490.28441778937,4.39125376214316
622.883713230219,90.23679487323,4.03434829522799
417.598892248853,257.220548075033,3.61334388497771
9.85772546346567,178.762417501199,2.93073895877148
74.4306333055339,122.227079421256,4.27805230983328
608.173357535953,206.796823320232,4.42807954759697
255.154212629897,210.600365430646,3.85210339111704
575.35477231361,432.104657872866,3.97076670032038
304.194315497891,129.844462791381,3.8389694050656
529.920433858118,460.943591917088,3.60135454539591
52.7859628532033,408.39968501145,3.8469403379516
193.961316958321,289.855231058378,3.9632397509674
543.228726756225,271.225065182835,3.62385527861754
162.728725167526,20.863041434811,4.20217634249842
492.523437328695,353.879633322029,4.60263493891022
51.7348947791961,49.8286182119095,3.68222681425108
546.066280511016,145.224109410096,4.3153578439835
NA,NA,NA
658.729775834597,333.289410878992,3.57978443223255
453.014440572746,299.603317003681,3.65994961850414
9.65832436521223,496.596041702588,3.62957194557373
558.033801888272,51.8380092381549,4.17092764276851
76.377348891606,375.186435256799,3.91040646774806
229.334956435069,414.974875128832,3.81138599808156
427.107313487937,13.7748632381356,3.2340482909695
362.211411232542,291.823188917267,3.05429372369691
603.761053307807,103.268269956729,4.230695279775
392.765777065326,228.638957352834,4.17420137520489
575.688975837328,407.22262640371,4.72156277609618
145.782013980882,286.017612836871,4.58261489312907
198.352973116318,370.697397505186,4.03762477819009
125.308449995589,412.283615723775,3.51480884430384
627.787953100804,311.99781255111,4.53298204743208
3.96486962359556,152.84797098731,4.30078391739261
548.341846513692,206.689106392398,4.11830619512704
33.6162007508859,491.177172822364,2.97003653201203
280.253779186071,21.7296149406426,4.06547011937202
532.388372484015,391.948450686197,3.37507602792823
70.7460140847814,74.6072972245692,5.2879741577689
5.13583231367061,74.7873570933648,3.52245365666456
588.724509773655,223.548227456881,4.01332223829793
442.707951207525,457.727244927733,4.73715279683865
659.111212977706,372.172384223359,3.03230617757498
103.395957280087,490.28441778937,4.39125376214316
622.883713230219,90.23679487323,4.03434829522799
417.598892248853,257.220548075033,3.61334388497771
9.85772546346567,178.762417501199,2.93073895877148
74.4306333055339,122.227079421256,4.27805230983328
608.173357535953,206.796823320232,4.42807954759697
255.154212629897,210.600365430646,3.85210339111704
575.35477231361,432.104657872866,3.97076670032038
304.194315497891,129.844462791381,3.8389694050656
529.920433858118,460.943591917088,3.60135454539591
52.7859628532033,408.39968501145,3.8469403379516
193.961316958321,289.855231058378,3.9632397509674
543.228726756225,271.225065182835,3.62385527861754
162.728725167526,20.863041434811,4.20217634249842
492.523437328695,353.879633322029,4.60263493891022
51.7348947791961,49.8286182119095,3.68222681425108
546.066280511016,145.224109410096,4.3153578439835
NA,NA,NA
658.729775834597,333.289410878992,3.57978443223255
453.014440572746,299.603317003681,3.65994961850414
9.65832436521223,496.596041702588,3.62957194557373
558.033801888272,51.8380092381549,4.17092764276851
76.377348891606,375.186435256799,3.91040646774806
229.334956435069,414.974875128832,3.81138599808156
427.107313487937,13.7748632381356,3.2340482909695
362.211411232542,291.823188917267,3.05429372369691
603.761053307807,103.268269956729,4.230695279775
392.765777065326,228.638957352834,4.17420137520489
575.688975837328,407.22262640371,4.72156277609618
145.782013980882,286.017612836871,4.58261489312907
198.352973116318,370.697397505186,4.03762477819009
125.308449995589,412.283615723775,3.51480884430384
627.787953100804,311.99781255111,4.53298204743208
3.96486962359556,152.84797098731,4.30078391739261
548.341846513692,206.689106392398,4.11830619512704
33.6162007508859,491.177172822364,2.97003653201203
280.253779186071,21.7296149406426,4.06547011937202
532.388372484015,391.948450686197,3.37507602792823
70.7460140847814,74.6072972245692,5.2879741577689
5.13583231367061,74.7873570933648,3.52245365666456
588.724509773655,223.548227456881,4.01332223829793
442.707951207525,457.727244927733,4.73715279683865
659.111212977706,372.172384223359,3.03230617757498
103.395957280087,490.28441778937,4.39125376214316
622.883713230219,90.23679487323,4.03434829522799
417.598892248853,257.220548075033,3.61334388497771
9.85772546346567,178.762417501199,2.93073895877148
74.4306333055339,122.227079421256,4.27805230983328
608.173357535953,206.796823320232,4.42807954759697
255.154212629897,210.600365430646,3.85210339111704
575.35477231361,432.104657872866,3.97076670032038
304.194315497891,129.844462791381,3.8389694050656
529.920433858118,460.943591917088,3.60135454539591
52.7859628532033,408.39968501145,3.8469403379516
193.961316958321,289.855231058378,3.9632397509674
543.228726756225,271.225065182835,3.62385527861754
162.728725167526,20.863041434811,4.20217634249842
492.523437328695,353.879633322029,4.60263493891022
51.7348947791961,49.8286182119095,3.68222681425108
546.066280511016,145.224109410096,4.3153578439835
NA,NA,NA
658.729775834597,333.289410878992,3.57978443223255
453.014440572746,299.603317003681,3.65994961850414
9.65832436521223,496.596041702588,3.62957194557373
558.033801888272,51.8380092381549,4.17092764276851
76.377348891606,375.186435256799,3.91040646774806
229.334956435069,414.974875128832,3.81138599808156
427.107313487937,13.7748632381356,3.2340482909695
362.211411232542,291.823188917267,3.05429372369691
603.761053307807,103.268269956729,4.230695279775
392.765777065326,228.638957352834,4.17420137520489
575.688975837328,407.22262640371,4.72156277609618
145.782013980882,286.017612836871,4.58261489312907
198.352973116318,370.697397505186,4.03762477819009
125.308449995589,412.283615723775,3.51480884430384
627.787953100804,311.99781255111,4.53298204743208
3.96486962359556,152.84797098731,4.30078391739261
548.341846513692,206.689106392398,4.11830619512704
33.6162007508859,491.177172822364,2.97003653201203
280.253779186071,21.7296149406426,4.06547011937202
532.388372484015,391.948450686197,3.37507602792823
70.7460140847814,74.6072972245692,5.2879741577689
5.13583231367061,74.7873570933648,3.52245365666456
588.724509773655,223.548227456881,4.01332223829793
442.707951207525,457.727244927733,4.73715279683865
659.111212977706,372.172384223359,3.03230617757498
103.395957280087,490.28441778937,4.39125376214316
622.883713230219,90.23679487323,4.03434829522799
417.598892248853,257.220548075033,3.61334388497771
9.85772546346567,178.762417501199,2.93073895877148
74.4306333055339,122.227079421256,4.27805230983328
608.173357535953,206.796823320232,4.42807954759697
255.154212629897,210.600365430646,3.85210339111704
575.35477231361,432.104657872866,3.97076670032038
304.194315497891,129.844462791381,3.8389694050656
529.920433858118,460.943591917088,3.60135454539591
52.7859628532033,408.39968501145,3.8469403379516
193.961316958321,289.855231058378,3.9632397509674
543.228726756225,271.225065182835,3.62385527861754
162.728725167526,20.863041434811,4.20217634249842
492.523437328695,353.879633322029,4.60263493891022
51.7348947791961,49.8286182119095,3.68222681425108
546.066280511016,145.224109410096,4.3153578439835
NA,NA,NA
658.729775834597,333.289410878992,3.57978443223255
453.014440572746,299.603317003681,3.65994961850414
9.65832436521223,496.596041702588,3.62957194557373
558.033801888272,51.8380092381549,4.17092764276851
76.377348891606,375.186435256799,3.91040646774806
229.334956435069,414.974875128832,3.81138599808156
427.107313487937,13.7748632381356,3.2340482909695
362.211411232542,291.823188917267,3.05429372369691
603.761053307807,103.268269956729,4.230695279775
392.765777065326,228.638957352834,4.17420137520489
575.688975837328,407.22262640371,4.72156277609618
145.782013980882,286.017612836871,4.58261489312907
198.352973116318,370.697397505186,4.03762477819009
125.308449995589,412.283615723775,3.51480884430384
627.787953100804,311.99781255111,4.53298204743208
3.96486962359556,152.84797098731,4.30078391739261
548.341846513692,206.689106392398,4.11830619512704
33.6162007508859,491.177172822364,2.97003653201203
280.253779186071,21.7296149406426,4.06547011937202
532.388372484015,391.948450686197,3.37507602792823
70.7460140847814,74.6072972245692,5.2879741577689
5.13583231367061,74.7873570933648,3.52245365666456
588.724509773655,223.548227456881,4.01332223829793
442.707951207525,457.727244927733,4.73715279683865
659.111212977706,372.172384223359,3.03230617757498
103.395957280087,490.28441778937,4.39125376214316
622.883713230219,90.23679487323,4.03434829522799
417.598892248853,257.220548075033,3.61334388497771
9.85772546346567,178.762417501199,2.93073895877148
74.4306333055339,122.227079421256,4.27805230983328
608.173357535953,206.796823320232,4.42807954759697
255.154212629897,210.600365430646,3.85210339111704
575.35477231361,432.104657872866,3.97076670032038
304.194315497891,129.844462791381,3.8389694050656
529.920433858118,460.943591917088,3.60135454539591
52.7859628532033,408.39968501145,3.8469403379516
193.961316958321,289.855231058378,3.9632397509674
543.228726756225,271.225065182835,3.62385527861754
162.728725167526,20.863041434811,4.20217634249842
492.523437328695,353.879633322029,4.60263493891022
51.7348947791961,49.8286182119095,3.68222681425108
546.066280511016,145.224109410096,4.3153578439835
NA,NA,NA
658.729775834597,333.289410878992,3.57978443223255
453.014440572746,299.603317003681,3.65994961850414
9.65832436521223,496.596041702588,3.62957194557373
558.033801888272,51.8380092381549,4.17092764276851
76.377348891606,375.186435256799,3.91040646774806
229.334956435069,414.974875128832,3.81138599808156
427.107313487937,13.7748632381356,3.2340482909695
362.211411232542,291.823188917267,3.05429372369691
603.761053307807,103.268269956729,4.230695279775
392.765777065326,228.638957352834,4.17420137520489
575.688975837328,407.22262640371,4.72156277609618
145.782013980882,286.017612836871,4.58261489312907
198.352973116318,370.697397505186,4.03762477819009
125.308449995589,412.283615723775,3.51480884430384
627.787953100804,311.99781255111,4.53298204743208
3.96486962359556,152.84797098731,4.30078391739261
548.341846513692,206.689106392398,4.11830619512704
33.6162007508859,491.177172822364,2.97003653201203
280.253779186071,21.7296149406426,4.06547011937202
532.388372484015,391.948450686197,3.37507602792823
70.7460140847814,74.6072972245692,5.2879741577689
5.13583231367061,74.7873570933648,3.52245365666456
588.724509773655,223.548227456881,4.01332223829793
442.707951207525,457.727244927733,4.73715279683865
659.111212977706,372.172384223359,3.03230617757498
103.395957280087,490.28441778937,4.39125376214316
622.883713230219,90.23679487323,4.03434829522799
417.598892248853,257.220548075033,3.61334388497771
9.85772546346567,178.762417501199,2.93073895877148
74.4306333055339,122.227079421256,4.27805230983328
608.173357535953,206.796823320232,4.42807954759697
255.154212629897,210.600365430646,3.85210339111704
575.35477231361,432.104657872866,3.97076670032038
304.194315497891,129.844462791381,3.8389694050656
529.920433858118,460.943591917088,3.60135454539591
52.7859628532033,408.39968501145,3.8469403379516
193.961316958321,289.855231058378,3.9632397509674
543.228726756225,271.225065182835,3.62385527861754
162.728725167526,20.863041434811,4.20217634249842
492.523437328695,353.879633322029,4.60263493891022
51.7348947791961,49.8286182119095,3.68222681425108
546.066280511016,145.224109410096,4.3153578439835
NA,NA,NA
660.063272794583,333.816517117913,3.49362821171415
453.959969028773,297.772046976099,3.60515226319145
8.54637128208404,495.731765697288,3.56338222712158
561.358956374476,50.6269257831962,4.25413988341567
70.2306921219332,370.839707945771,4.07065897507371
231.956833613314,414.793286615498,3.96255519866419
429.293773983733,13.664861423108,3.35433493652824
359.639248940171,291.722501555066,3.11504564480323
597.494782382871,107.229753081061,4.16681557933738
391.580452149435,227.238459505384,4.25575614886677
561.172866647298,404.989140651978,4.74062935113983
144.523785325354,288.147851552381,4.56715153900467
199.213019130196,366.337882943515,3.96210350006709
126.116404280895,413.060161081873,3.42476093808736
625.593262969227,314.812890042476,4.53278623884604
2.82869174804258,148.018725137621,4.27013473680356
538.130312768138,202.409741263062,4.22722826940589
34.5087458594841,492.811952690613,2.97978805785624
282.170237735439,22.3038836851238,3.89553975724653
535.542478640619,391.130227841832,3.42703456851905
73.3180803986824,75.6132277741076,5.23979879736162
4.92198970033287,73.2865549823214,3.43316874747807
583.5437912803,225.439585230551,3.94523109360009
437.141889943365,460.268564635048,4.77274156196985
659.342444836478,374.373015425029,2.82384181887869
105.335935860574,480.056825984585,4.39630679138449
628.596688726631,90.004782573849,4.07419457830753
421.422277714558,258.560159300806,3.61133067828786
11.4495170438613,181.388180196416,3.19224362641247
69.9781109930574,117.288904582409,4.26859298750455
610.596016132008,199.917081937951,4.25973686731186
257.975004409252,218.219914909872,4.0707101419884
569.72156269323,434.101884288491,3.9405103485065
296.815773455991,140.405584613678,4.01166058877241
535.951060382807,457.679930148931,3.23494752759322
49.8315957097503,424.355246061551,3.96333295436543
209.492472311436,292.624720784562,3.87817547247327
558.009244061052,261.257948653921,3.54339577703546
174.797619990642,32.072797789697,4.00193966587905
502.305791552878,351.933023134307,4.38764695363395
52.0971862938048,52.9088850475353,3.82509808244945
525.2291156145,157.881875117229,5.0993002452316
NA,NA,NA
660.063272794583,333.816517117913,3.49362821171415
453.959969028773,297.772046976099,3.60515226319145
8.54637128208404,495.731765697288,3.56338222712158
561.358956374476,50.6269257831962,4.25413988341567
70.2306921219332,370.839707945771,4.07065897507371
231.956833613314,414.793286615498,3.96255519866419
429.293773983733,13.664861423108,3.35433493652824
359.639248940171,291.722501555066,3.11504564480323
597.494782382871,107.229753081061,4.16681557933738
391.580452149435,227.238459505384,4.25575614886677
561.172866647298,404.989140651978,4.74062935113983
144.523785325354,288.147851552381,4.56715153900467
199.213019130196,366.337882943515,3.96210350006709
126.116404280895,413.060161081873,3.42476093808736
625.593262969227,314.812890042476,4.53278623884604
2.82869174804258,148.018725137621,4.27013473680356
538.130312768138,202.409741263062,4.22722826940589
34.5087458594841,492.811952690613,2.97978805785624
282.170237735439,22.3038836851238,3.89553975724653
535.542478640619,391.130227841832,3.42703456851905
73.3180803986824,75.6132277741076,5.23979879736162
4.92198970033287,73.2865549823214,3.43316874747807
583.5437912803,225.439585230551,3.94523109360009
437.141889943365,460.268564635048,4.77274156196985
659.342444836478,374.373015425029,2.82384181887869
105.335935860574,480.056825984585,4.39630679138449
628.596688726631,90.004782573849,4.07419457830753
421.422277714558,258.560159300806,3.61133067828786
11.4495170438613,181.388180196416,3.19224362641247
69.9781109930574,117.288904582409,4.26859298750455
610.596016132008,199.917081937951,4.25973686731186
257.975004409252,218.219914909872,4.0707101419884
569.72156269323,434.101884288491,3.9405103485065
296.815773455991,140.405584613678,4.01166058877241
535.951060382807,457.679930148931,3.23494752759322
49.8315957097503,424.355246061551,3.96333295436543
209.492472311436,292.624720784562,3.87817547247327
558.009244061052,261.257948653921,3.54339577703546
174.797619990642,32.072797789697,4.00193966587905
502.305791552878,351.933023134307,4.38764695363395
52.0971862938048,52.9088850475353,3.82509808244945
525.2291156145,157.881875117229,5.0993002452316
NA,NA,NA
660.063272794583,333.816517117913,3.49362821171415
453.959969028773,297.772046976099,3.60515226319145
8.54637128208404,495.731765697288,3.56338222712158
561.358956374476,50.6269257831962,4.25413988341567
70.2306921219332,370.839707945771,4.07065897507371
231.956833613314,414.793286615498,3.96255519866419
429.293773983733,13.664861423108,3.35433493652824
359.639248940171,291.722501555066,3.11504564480323
597.494782382871,107.229753081061,4.16681557933738
391.580452149435,227.238459505384,4.25575614886677
561.172866647298,404.989140651978,4.74062935113983
144.523785325354,288.147851552381,4.56715153900467
199.213019130196,366.337882943515,3.96210350006709
126.116404280895,413.060161081873,3.42476093808736
625.593262969227,314.812890042476,4.53278623884604
2.82869174804258,148.018725137621,4.27013473680356
538.130312768138,202.409741263062,4.22722826940589
34.5087458594841,492.811952690613,2.97978805785624
282.170237735439,22.3038836851238,3.89553975724653
535.542478640619,391.130227841832,3.42703456851905
73.3180803986824,75.6132277741076,5.23979879736162
4.92198970033287,73.2865549823214,3.43316874747807
583.5437912803,225.439585230551,3.94523109360009
437.141889943365,460.268564635048,4.77274156196985
659.342444836478,374.373015425029,2.82384181887869
105.335935860574,480.056825984585,4.39630679138449
628.596688726631,90.004782573849,4.07419457830753
421.422277714558,258.560159300806,3.61133067828786
11.4495170438613,181.388180196416,3.19224362641247
69.9781109930574,117.288904582409,4.26859298750455
610.596016132008,199.917081937951,4.25973686731186
257.975004409252,218.219914909872,4.0707101419884
569.72156269323,434.101884288491,3.9405103485065
296.815773455991,140.405584613678,4.01166058877241
535.951060382807,457.679930148931,3.23494752759322
49.8315957097503,424.355246061551,3.96333295436543
209.492472311436,292.624720784562,3.87817547247327
558.009244061052,261.257948653921,3.54339577703546
174.797619990642,32.072797789697,4.00193966587905
502.305791552878,351.933023134307,4.38764695363395
52.0971862938048,52.9088850475353,3.82509808244945
525.2291156145,157.881875117229,5.0993002452316
NA,NA,NA
660.063272794583,333.816517117913,3.49362821171415
453.959969028773,297.772046976099,3.60515226319145
8.54637128208404,495.731765697288,3.56338222712158
561.358956374476,50.6269257831962,4.25413988341567
70.2306921219332,370.839707945771,4.07065897507371
231.956833613314,414.793286615498,3.96255519866419
429.293773983733,13.664861423108,3.35433493652824
359.639248940171,291.722501555066,3.11504564480323
597.494782382871,107.229753081061,4.16681557933738
391.580452149435,227.238459505384,4.25575614886677
561.172866647298,404.989140651978,4.74062935113983
144.523785325354,288.147851552381,4.56715153900467
199.213019130196,366.337882943515,3.96210350006709
126.116404280895,413.060161081873,3.42476093808736
625.593262969227,314.812890042476,4.53278623884604
2.82869174804258,148.018725137621,4.27013473680356
538.130312768138,202.409741263062,4.22722826940589
34.5087458594841,492.811952690613,2.97978805785624
282.170237735439,22.3038836851238,3.89553975724653
535.542478640619,391.130227841832,3.42703456851905
73.3180803986824,75.6132277741076,5.23979879736162
4.92198970033287,73.2865549823214,3.43316874747807
583.5437912803,225.439585230551,3.94523109360009
437.141889943365,460.268564635048,4.77274156196985
659.342444836478,374.373015425029,2.82384181887869
105.335935860574,480.056825984585,4.39630679138449
628.596688726631,90.004782573849,4.07419457830753
421.422277714558,258.560159300806,3.61133067828786
11.4495170438613,181.388180196416,3.19224362641247
69.9781109930574,117.288904582409,4.26859298750455
610.596016132008,199.917081937951,4.25973686731186
257.975004409252,218.219914909872,4.0707101419884
569.72156269323,434.101884288491,3.9405103485065
296.815773455991,140.405584613678,4.01166058877241
535.951060382807,457.679930148931,3.23494752759322
49.8315957097503,424.355246061551,3.96333295436543
209.492472311436,292.624720784562,3.87817547247327
558.009244061052,261.257948653921,3.54339577703546
174.797619990642,32.072797789697,4.00193966587905
502.305791552878,351.933023134307,4.38764695363395
52.0971862938048,52.9088850475353,3.82509808244945
525.2291156145,157.881875117229,5.0993002452316
NA,NA,NA
660.063272794583,333.816517117913,3.49362821171415
453.959969028773,297.772046976099,3.60515226319145
8.54637128208404,495.731765697288,3.56338222712158
561.358956374476,50.6269257831962,4.25413988341567
70.2306921219332,370.839707945771,4.07065897507371
231.956833613314,414.793286615498,3.96255519866419
429.293773983733,13.664861423108,3.35433493652824
359.639248940171,291.722501555066,3.11504564480323
597.494782382871,107.229753081061,4.16681557933738
391.580452149435,227.238459505384,4.25575614886677
561.172866647298,404.989140651978,4.74062935113983
144.523785325354,288.147851552381,4.56715153900467
199.213019130196,366.337882943515,3.96210350006709
126.116404280895,413.060161081873,3.42476093808736
625.593262969227,314.812890042476,4.53278623884604
2.82869174804258,148.018725137621,4.27013473680356
538.130312768138,202.409741263062,4.22722826940589
34.5087458594841,492.811952690613,2.97978805785624
282.170237735439,22.3038836851238,3.89553975724653
535.542478640619,391.130227841832,3.42703456851905
73.3180803986824,75.6132277741076,5.23979879736162
4.92198970033287,73.2865549823214,3.43316874747807
583.5437912803,225.439585230551,3.94523109360009
437.141889943365,460.268564635048,4.77274156196985
659.342444836478,374.373015425029,2.82384181887869
105.335935860574,480.056825984585,4.39630679138449
628.596688726631,90.004782573849,4.07419457830753
421.422277714558,258.560159300806,3.61133067828786
11.4495170438613,181.388180196416,3.19224362641247
69.9781109930574,117.288904582409,4.26859298750455
610.596016132008,199.917081937951,4.25973686731186
257.975004409252,218.219914909872,4.0707101419884
569.72156269323,434.101884288491,3.9405103485065
296.815773455991,140.405584613678,4.01166058877241
535.951060382807,457.679930148931,3.23494752759322
49.8315957097503,424.355246061551,3.96333295436543
209.492472311436,292.624720784562,3.87817547247327
558.009244061052,261.257948653921,3.54339577703546
174.797619990642,32.072797789697,4.00193966587905
502.305791552878,351.933023134307,4.38764695363395
52.0971862938048,52.9088850475353,3.82509808244945
525.2291156145,157.881875117229,5.0993002452316
NA,NA,NA
660.063272794583,333.816517117913,3.49362821171415
453.959969028773,297.772046976099,3.60515226319145
8.54637128208404,495.731765697288,3.56338222712158
561.358956374476,50.6269257831962,4.25413988341567
70.2306921219332,370.839707945771,4.07065897507371
231.956833613314,414.793286615498,3.96255519866419
429.293773983733,13.664861423108,3.35433493652824
359.639248940171,291.722501555066,3.11504564480323
597.494782382871,107.229753081061,4.16681557933738
391.580452149435,227.238459505384,4.25575614886677
561.172866647298,404.989140651978,4.74062935113983
144.523785325354,288.147851552381,4.56715153900467
199.213019130196,366.337882943515,3.96210350006709
126.116404280895,413.060161081873,3.42476093808736
625.593262969227,314.812890042476,4.53278623884604
2.82869174804258,148.018725137621,4.27013473680356
538.130312768138,202.409741263062,4.22722826940589
34.5087458594841,492.811952690613,2.97978805785624
282.170237735439,22.3038836851238,3.89553975724653
535.542478640619,391.130227841832,3.42703456851905
73.3180803986824,75.6132277741076,5.23979879736162
4.92198970033287,73.2865549823214,3.43316874747807
583.5437912803,225.439585230551,3.94523109360009
437.141889943365,460.268564635048,4.77274156196985
659.342444836478,374.373015425029,2.82384181887869
105.335935860574,480.056825984585,4.39630679138449
628.596688726631,90.004782573849,4.07419457830753
421.422277714558,258.560159300806,3.61133067828786
11.4495170438613,181.388180196416,3.19224362641247
69.9781109930574,117.288904582409,4.26859298750455
610.596016132008,199.917081937951,4.25973686731186
257.975004409252,218.219914909872,4.0707101419884
569.72156269323,434.101884288491,3.9405103485065
296.815773455991,140.405584613678,4.01166058877241
535.951060382807,457.679930148931,3.23494752759322
49.8315957097503,424.355246061551,3.96333295436543
209.492472311436,292.624720784562,3.87817547247327
558.009244061052,261.257948653921,3.54339577703546
174.797619990642,32.072797789697,4.00193966587905
502.305791552878,351.933023134307,4.38764695363395
52.0971862938048,52.9088850475353,3.82509808244945
525.2291156145,157.881875117229,5.0993002452316
NA,NA,NA
658.503213785872,336.42613891367,3.48586654596344
453.667975319066,298.86506299168,3.58451697664939
6.77490832070533,491.919850428113,3.66527272069579
560.234382362496,53.8175715523575,4.22279679244576
68.6373194916928,378.973055330898,3.98374244476504
226.295201412635,412.418372226009,3.97878119263135
429.71152190416,10.0281928365792,3.34670194278341
361.92740384829,291.82877805727,2.93172668499041
606.240550193013,106.098341254147,4.2040145250153
394.419408235377,231.472316760301,4.11239348868153
569.420808007722,406.59085180395,4.6687180480159
142.794572440223,281.193595401261,4.58772827336022
203.337148406582,370.30715622099,3.9467924489162
125.780516163985,408.129862185708,3.34243724975983
625.477485196974,312.849338764808,4.60659454095874
0.628103655773951,146.338062794753,4.26908146739047
544.738724524216,209.505415446627,4.26029291108436
34.2067217089227,489.363144094848,2.99109691037436
276.939632122668,22.46769593274,3.8808782281448
534.477665167925,391.599374386025,3.50995192078355
67.9401701995363,80.6065683223357,5.24748533947074
8.07039120333564,74.7357478546493,3.49214021043951
584.978425678465,228.193191306355,4.07137439747601
439.465827557709,458.246708083832,4.76658615663613
661.731362250496,370.602632085105,3.08677434299621
106.867124477498,488.145665886182,4.34583454803463
622.331953882054,90.3174501067136,4.04322398853582
420.523329594388,257.159965764532,3.60299202446247
8.69349682038601,181.281170957114,3.18586621960906
83.3176370379773,115.783224574041,4.40943095966691
609.157988007492,206.233561300671,4.50327833267137
258.123143562272,222.602108698287,4.05971380318335
582.173288710272,437.328692996624,3.85637578485641
305.444786011247,133.815348681272,3.92570138901788
529.66897890881,457.585496710952,3.58028454340817
48.4719717664494,427.550644249462,4.12091865902252
210.057321986503,280.577251159061,4.2297199987318
544.427996841476,261.265877538702,3.88298658666562
170.05412649255,36.9837526642995,4.30973480025929
509.201917938616,344.905711662779,4.46600420866928
43.872712130627,59.2517530733369,3.86629973796381
544.317011453343,156.400591694191,4.44107648887548
NA,NA,NA
658.503213785872,336.42613891367,3.48586654596344
453.667975319066,298.86506299168,3.58451697664939
6.77490832070533,491.919850428113,3.66527272069579
560.234382362496,53.8175715523575,4.22279679244576
68.6373194916928,378.973055330898,3.98374244476504
226.295201412635,412.418372226009,3.97878119263135
429.71152190416,10.0281928365792,3.34670194278341
361.92740384829,291.82877805727,2.93172668499041
606.240550193013,106.098341254147,4.2040145250153
394.419408235377,231.472316760301,4.11239348868153
569.420808007722,406.59085180395,4.6687180480159
142.794572440223,281.193595401261,4.58772827336022
203.337148406582,370.30715622099,3.9467924489162
125.780516163985,408.129862185708,3.34243724975983
625.477485196974,312.849338764808,4.60659454095874
0.628103655773951,146.338062794753,4.26908146739047
544.738724524216,209.505415446627,4.26029291108436
34.2067217089227,489.363144094848,2.99109691037436
276.939632122668,22.46769593274,3.8808782281448
534.477665167925,391.599374386025,3.50995192078355
67.9401701995363,80.6065683223357,5.24748533947074
8.07039120333564,74.7357478546493,3.49214021043951
584.978425678465,228.193191306355,4.07137439747601
439.465827557709,458.246708083832,4.76658615663613
661.731362250496,370.602632085105,3.08677434299621
106.867124477498,488.145665886182,4.34583454803463
622.331953882054,90.3174501067136,4.04322398853582
420.523329594388,257.159965764532,3.60299202446247
8.69349682038601,181.281170957114,3.18586621960906
83.3176370379773,115.783224574041,4.40943095966691
609.157988007492,206.233561300671,4.50327833267137
258.123143562272,222.602108698287,4.05971380318335
582.173288710272,437.328692996624,3.85637578485641
305.444786011247,133.815348681272,3.92570138901788
529.66897890881,457.585496710952,3.58028454340817
48.4719717664494,427.550644249462,4.12091865902252
210.057321986503,280.577251159061,4.2297199987318
544.427996841476,261.265877538702,3.88298658666562
170.05412649255,36.9837526642995,4.30973480025929
509.201917938616,344.905711662779,4.46600420866928
43.872712130627,59.2517530733369,3.86629973796381
544.317011453343,156.400591694191,4.44107648887548
NA,NA,NA
658.503213785872,336.42613891367,3.48586654596344
453.667975319066,298.86506299168,3.58451697664939
6.77490832070533,491.919850428113,3.66527272069579
560.234382362496,53.8175715523575,4.22279679244576
68.6373194916928,378.973055330898,3.98374244476504
226.295201412635,412.418372226009,3.97878119263135
429.71152190416,10.0281928365792,3.34670194278341
361.92740384829,291.82877805727,2.93172668499041
606.240550193013,106.098341254147,4.2040145250153
394.419408235377,231.472316760301,4.11239348868153
569.420808007722,406.59085180395,4.6687180480159
142.794572440223,281.193595401261,4.58772827336022
203.337148406582,370.30715622099,3.9467924489162
125.780516163985,408.129862185708,3.34243724975983
625.477485196974,312.849338764808,4.60659454095874
0.628103655773951,146.338062794753,4.26908146739047
544.738724524216,209.505415446627,4.26029291108436
34.2067217089227,489.363144094848,2.99109691037436
276.939632122668,22.46769593274,3.8808782281448
534.477665167925,391.599374386025,3.50995192078355
67.9401701995363,80.6065683223357,5.24748533947074
8.07039120333564,74.7357478546493,3.49214021043951
584.978425678465,228.193191306355,4.07137439747601
439.465827557709,458.246708083832,4.76658615663613
661.731362250496,370.602632085105,3.08677434299621
106.867124477498,488.145665886182,4.34583454803463
622.331953882054,90.3174501067136,4.04322398853582
420.523329594388,257.159965764532,3.60299202446247
8.69349682038601,181.281170957114,3.18586621960906
83.3176370379773,115.783224574041,4.40943095966691
609.157988007492,206.233561300671,4.50327833267137
258.123143562272,222.602108698287,4.05971380318335
582.173288710272,437.328692996624,3.85637578485641
305.444786011247,133.815348681272,3.92570138901788
529.66897890881,457.585496710952,3.58028454340817
48.4719717664494,427.550644249462,4.12091865902252
210.057321986503,280.577251159061,4.2297199987318
544.427996841476,261.265877538702,3.88298658666562
170.05412649255,36.9837526642995,4.30973480025929
509.201917938616,344.905711662779,4.46600420866928
43.872712130627,59.2517530733369,3.86629973796381
544.317011453343,156.400591694191,4.44107648887548
NA,NA,NA
658.503213785872,336.42613891367,3.48586654596344
453.667975319066,298.86506299168,3.58451697664939
6.77490832070533,491.919850428113,3.66527272069579
560.234382362496,53.8175715523575,4.22279679244576
68.6373194916928,378.973055330898,3.98374244476504
226.295201412635,412.418372226009,3.97878119263135
429.71152190416,10.0281928365792,3.34670194278341
361.92740384829,291.82877805727,2.93172668499041
606.240550193013,106.098341254147,4.2040145250153
394.419408235377,231.472316760301,4.11239348868153
569.420808007722,406.59085180395,4.6687180480159
142.794572440223,281.193595401261,4.58772827336022
203.337148406582,370.30715622099,3.9467924489162
125.780516163985,408.129862185708,3.34243724975983
625.477485196974,312.849338764808,4.60659454095874
0.628103655773951,146.338062794753,4.26908146739047
544.738724524216,209.505415446627,4.26029291108436
34.2067217089227,489.363144094848,2.99109691037436
276.939632122668,22.46769593274,3.8808782281448
534.477665167925,391.599374386025,3.50995192078355
67.9401701995363,80.6065683223357,5.24748533947074
8.07039120333564,74.7357478546493,3.49214021043951
584.978425678465,228.193191306355,4.07137439747601
439.465827557709,458.246708083832,4.76658615663613
661.731362250496,370.602632085105,3.08677434299621
106.867124477498,488.145665886182,4.34583454803463
622.331953882054,90.3174501067136,4.04322398853582
420.523329594388,257.159965764532,3.60299202446247
8.69349682038601,181.281170957114,3.18586621960906
83.3176370379773,115.783224574041,4.40943095966691
609.157988007492,206.233561300671,4.50327833267137
258.123143562272,222.602108698287,4.05971380318335
582.173288710272,437.328692996624,3.85637578485641
305.444786011247,133.815348681272,3.92570138901788
529.66897890881,457.585496710952,3.58028454340817
48.4719717664494,427.550644249462,4.12091865902252
210.057321986503,280.577251159061,4.2297199987318
544.427996841476,261.265877538702,3.88298658666562
170.05412649255,36.9837526642995,4.30973480025929
509.201917938616,344.905711662779,4.46600420866928
43.872712130627,59.2517530733369,3.86629973796381
544.317011453343,156.400591694191,4.44107648887548
NA,NA,NA
658.503213785872,336.42613891367,3.48586654596344
453.667975319066,298.86506299168,3.58451697664939
6.77490832070533,491.919850428113,3.66527272069579
560.234382362496,53.8175715523575,4.22279679244576
68.6373194916928,378.973055330898,3.98374244476504
226.295201412635,412.418372226009,3.97878119263135
429.71152190416,10.0281928365792,3.34670194278341
361.92740384829,291.82877805727,2.93172668499041
606.240550193013,106.098341254147,4.2040145250153
394.419408235377,231.472316760301,4.11239348868153
569.420808007722,406.59085180395,4.6687180480159
142.794572440223,281.193595401261,4.58772827336022
203.337148406582,370.30715622099,3.9467924489162
125.780516163985,408.129862185708,3.34243724975983
625.477485196974,312.849338764808,4.60659454095874
0.628103655773951,146.338062794753,4.26908146739047
544.738724524216,209.505415446627,4.26029291108436
34.2067217089227,489.363144094848,2.99109691037436
276.939632122668,22.46769593274,3.8808782281448
534.477665167925,391.599374386025,3.50995192078355
67.9401701995363,80.6065683223357,5.24748533947074
8.07039120333564,74.7357478546493,3.49214021043951
584.978425678465,228.193191306355,4.07137439747601
439.465827557709,458.246708083832,4.76658615663613
661.731362250496,370.602632085105,3.08677434299621
106.867124477498,488.145665886182,4.34583454803463
622.331953882054,90.3174501067136,4.04322398853582
420.523329594388,257.159965764532,3.60299202446247
8.69349682038601,181.281170957114,3.18586621960906
83.3176370379773,115.783224574041,4.40943095966691
609.157988007492,206.233561300671,4.50327833267137
258.123143562272,222.602108698287,4.05971380318335
582.173288710272,437.328692996624,3.85637578485641
305.444786011247,133.815348681272,3.92570138901788
529.66897890881,457.585496710952,3.58028454340817
48.4719717664494,427.550644249462,4.12091865902252
210.057321986503,280.577251159061,4.2297199987318
544.427996841476,261.265877538702,3.88298658666562
170.05412649255,36.9837526642995,4.30973480025929
509.201917938616,344.905711662779,4.46600420866928
43.872712130627,59.2517530733369,3.86629973796381
544.317011453343,156.400591694191,4.44107648887548
NA,NA,NA
658.503213785872,336.42613891367,3.48586654596344
453.667975319066,298.86506299168,3.58451697664939
6.77490832070533,491.919850428113,3.66527272069579
560.234382362496,53.8175715523575,4.22279679244576
68.6373194916928,378.973055330898,3.98374244476504
226.295201412635,412.418372226009,3.97878119263135
429.71152190416,10.0281928365792,3.34670194278341
361.92740384829,291.82877805727,2.93172668499041
606.240550193013,106.098341254147,4.2040145250153
394.419408235377,231.472316760301,4.11239348868153
569.420808007722,406.59085180395,4.6687180480159
142.794572440223,281.193595401261,4.58772827336022
203.337148406582,370.30715622099,3.9467924489162
125.780516163985,408.129862185708,3.34243724975983
625.477485196974,312.849338764808,4.60659454095874
0.628103655773951,146.338062794753,4.26908146739047
544.738724524216,209.505415446627,4.26029291108436
34.2067217089227,489.363144094848,2.99109691037436
276.939632122668,22.46769593274,3.8808782281448
534.477665167925,391.599374386025,3.50995192078355
67.9401701995363,80.6065683223357,5.24748533947074
8.07039120333564,74.7357478546493,3.49214021043951
584.978425678465,228.193191306355,4.07137439747601
439.465827557709,458.246708083832,4.76658615663613
661.731362250496,370.602632085105,3.08677434299621
106.867124477498,488.145665886182,4.34583454803463
622.331953882054,90.3174501067136,4.04322398853582
420.523329594388,257.159965764532,3.60299202446247
8.69349682038601,181.281170957114,3.18586621960906
83.3176370379773,115.783224574041,4.40943095966691
609.157988007492,206.233561300671,4.50327833267137
258.123143562272,222.602108698287,4.05971380318335
582.173288710272,437.328692996624,3.85637578485641
305.444786011247,133.815348681272,3.92570138901788
529.66897890881,457.585496710952,3.58028454340817
48.4719717664494,427.550644249462,4.12091865902252
210.057321986503,280.577251159061,4.2297199987318
544.427996841476,261.265877538702,3.88298658666562
170.05412649255,36.9837526642995,4.30973480025929
509.201917938616,344.905711662779,4.46600420866928
43.872712130627,59.2517530733369,3.86629973796381
544.317011453343,156.400591694191,4.44107648887548
NA,NA,NA
661.000971802538,333.937138848957,3.47559847388392
454.383073319544,298.596483760291,3.522712548577
9.84006338579772,494.627893546536,3.62357146795845
562.459953062111,50.957128582119,4.2258187799901
69.419484372927,374.011788351726,3.93818517251578
230.621589335498,412.948524466484,3.81308539040722
428.541219458814,12.7781779961285,3.47058431951277
364.530839540961,292.041841605026,3.10160207137769
603.733750681386,103.09941962,4.31360543438891
393.924217613572,234.320402301406,4.28841521869901
569.853270884491,407.401987918464,4.74413100337824
141.112857664597,281.380293186226,4.70942874637113
200.360564520769,370.920720394124,3.90868107084919
127.159012985701,410.428379348262,3.48213641039876
623.714632380003,313.480849561844,4.52269510868765
3.15762440744404,145.543348738176,4.26643417028259
545.229832851704,204.950300427077,4.26735236925029
33.9103082472911,492.287581202092,3.01938848802798
279.965250173982,22.2002352218736,3.98365159622605
532.898630478399,388.701874392319,3.30689832154509
68.6025309742041,74.7930135020565,5.11980249069739
4.26817091386153,77.5337730779169,3.5330278769266
588.460528274611,223.973502592551,4.00455862822901
438.104722322404,457.961463371816,4.7495626507755
658.256936989871,373.564988786217,3.05663200490354
106.118855617967,486.653746763996,4.35711459751464
625.428419619452,90.0577307976245,4.11083427830847
419.197509060144,258.550851980076,3.6740130973371
9.66137035355689,180.821960749075,3.2568986173628
54.8687213872163,125.109171440995,4.43000836368065
608.809621827362,214.687418483733,4.52628925667226
247.883378127697,221.433176927091,3.746869915121
558.86236475034,432.33689010795,3.96968630548816
301.70521478347,136.457458271309,3.69885323010281
528.63012998377,457.982283172305,3.57210616389216
49.9054605071052,429.232285644732,4.00907167932304
186.379029816996,272.256785019205,3.87957998830921
551.248835441982,266.820522467177,3.90184210410918
164.874293724932,28.7248187527545,4.1532222156468
494.701376148393,331.814850512182,4.58339669635927
43.3847565868789,51.4137108944149,3.90166651885585
537.667502651582,161.453505023548,4.33134705708934
NA,NA,NA
661.000971802538,333.937138848957,3.47559847388392
454.383073319544,298.596483760291,3.522712548577
9.84006338579772,494.627893546536,3.62357146795845
562.459953062111,50.957128582119,4.2258187799901
69.419484372927,374.011788351726,3.93818517251578
230.621589335498,412.948524466484,3.81308539040722
428.541219458814,12.7781779961285,3.47058431951277
364.530839540961,292.041841605026,3.10160207137769
603.733750681386,103.09941962,4.31360543438891
393.924217613572,234.320402301406,4.28841521869901
569.853270884491,407.401987918464,4.74413100337824
141.112857664597,281.380293186226,4.70942874637113
200.360564520769,370.920720394124,3.90868107084919
127.159012985701,410.428379348262,3.48213641039876
623.714632380003,313.480849561844,4.52269510868765
3.15762440744404,145.543348738176,4.26643417028259
545.229832851704,204.950300427077,4.26735236925029
33.9103082472911,492.287581202092,3.01938848802798
279.965250173982,22.2002352218736,3.98365159622605
532.898630478399,388.701874392319,3.30689832154509
68.6025309742041,74.7930135020565,5.11980249069739
4.26817091386153,77.5337730779169,3.5330278769266
588.460528274611,223.973502592551,4.00455862822901
438.104722322404,457.961463371816,4.7495626507755
658.256936989871,373.564988786217,3.05663200490354
106.118855617967,486.653746763996,4.35711459751464
625.428419619452,90.0577307976245,4.11083427830847
419.197509060144,258.550851980076,3.6740130973371
9.66137035355689,180.821960749075,3.2568986173628
54.8687213872163,125.109171440995,4.43000836368065
608.809621827362,214.687418483733,4.52628925667226
247.883378127697,221.433176927091,3.746869915121
558.86236475034,432.33689010795,3.96968630548816
301.70521478347,136.457458271309,3.69885323010281
528.63012998377,457.982283172305,3.57210616389216
49.9054605071052,429.232285644732,4.00907167932304
186.379029816996,272.256785019205,3.87957998830921
551.248835441982,266.820522467177,3.90184210410918
164.874293724932,28.7248187527545,4.1532222156468
494.701376148393,331.814850512182,4.58339669635927
43.3847565868789,51.4137108944149,3.90166651885585
537.667502651582,161.453505023548,4.33134705708934
NA,NA,NA
661.000971802538,333.937138848957,3.47559847388392
454.383073319544,298.596483760291,3.522712548577
9.84006338579772,494.627893546536,3.62357146795845
562.459953062111,50.957128582119,4.2258187799901
69.419484372927,374.011788351726,3.93818517251578
230.621589335498,412.948524466484,3.81308539040722
428.541219458814,12.7781779961285,3.47058431951277
364.530839540961,292.041841605026,3.10160207137769
603.733750681386,103.09941962,4.31360543438891
393.924217613572,234.320402301406,4.28841521869901
569.853270884491,407.401987918464,4.74413100337824
141.112857664597,281.380293186226,4.70942874637113
200.360564520769,370.920720394124,3.90868107084919
127.159012985701,410.428379348262,3.48213641039876
623.714632380003,313.480849561844,4.52269510868765
3.15762440744404,145.543348738176,4.26643417028259
545.229832851704,204.950300427077,4.26735236925029
33.9103082472911,492.287581202092,3.01938848802798
279.965250173982,22.2002352218736,3.98365159622605
532.898630478399,388.701874392319,3.30689832154509
68.6025309742041,74.7930135020565,5.11980249069739
4.26817091386153,77.5337730779169,3.5330278769266
588.460528274611,223.973502592551,4.00455862822901
438.104722322404,457.961463371816,4.7495626507755
658.256936989871,373.564988786217,3.05663200490354
106.118855617967,486.653746763996,4.35711459751464
625.428419619452,90.0577307976245,4.11083427830847
419.197509060144,258.550851980076,3.6740130973371
9.66137035355689,180.821960749075,3.2568986173628
54.8687213872163,125.109171440995,4.43000836368065
608.809621827362,214.687418483733,4.52628925667226
247.883378127697,221.433176927091,3.746869915121
558.86236475034,432.33689010795,3.96968630548816
301.70521478347,136.457458271309,3.69885323010281
528.63012998377,457.982283172305,3.57210616389216
49.9054605071052,429.232285644732,4.00907167932304
186.379029816996,272.256785019205,3.87957998830921
551.248835441982,266.820522467177,3.90184210410918
164.874293724932,28.7248187527545,4.1532222156468
494.701376148393,331.814850512182,4.58339669635927
43.3847565868789,51.4137108944149,3.90166651885585
537.667502651582,161.453505023548,4.33134705708934
NA,NA,NA
661.000971802538,333.937138848957,3.47559847388392
454.383073319544,298.596483760291,3.522712548577
9.84006338579772,494.627893546536,3.62357146795845
562.459953062111,50.957128582119,4.2258187799901
69.419484372927,374.011788351726,3.93818517251578
230.621589335498,412.948524466484,3.81308539040722
428.541219458814,12.7781779961285,3.47058431951277
364.530839540961,292.041841605026,3.10160207137769
603.733750681386,103.09941962,4.31360543438891
393.924217613572,234.320402301406,4.28841521869901
569.853270884491,407.401987918464,4.74413100337824
141.112857664597,281.380293186226,4.70942874637113
200.360564520769,370.920720394124,3.90868107084919
127.159012985701,410.428379348262,3.48213641039876
623.714632380003,313.480849561844,4.52269510868765
3.15762440744404,145.543348738176,4.26643417028259
545.229832851704,204.950300427077,4.26735236925029
33.9103082472911,492.287581202092,3.01938848802798
279.965250173982,22.2002352218736,3.98365159622605
532.898630478399,388.701874392319,3.30689832154509
68.6025309742041,74.7930135020565,5.11980249069739
4.26817091386153,77.5337730779169,3.5330278769266
588.460528274611,223.973502592551,4.00455862822901
438.104722322404,457.961463371816,4.7495626507755
658.256936989871,373.564988786217,3.05663200490354
106.118855617967,486.653746763996,4.35711459751464
625.428419619452,90.0577307976245,4.11083427830847
419.197509060144,258.550851980076,3.6740130973371
9.66137035355689,180.821960749075,3.2568986173628
54.8687213872163,125.109171440995,4.43000836368065
608.809621827362,214.687418483733,4.52628925667226
247.883378127697,221.433176927091,3.746869915121
558.86236475034,432.33689010795,3.96968630548816
301.70521478347,136.457458271309,3.69885323010281
528.63012998377,457.982283172305,3.57210616389216
49.9054605071052,429.232285644732,4.00907167932304
186.379029816996,272.256785019205,3.87957998830921
551.248835441982,266.820522467177,3.90184210410918
164.874293724932,28.7248187527545,4.1532222156468
494.701376148393,331.814850512182,4.58339669635927
43.3847565868789,51.4137108944149,3.90166651885585
537.667502651582,161.453505023548,4.33134705708934
NA,NA,NA
661.000971802538,333.937138848957,3.47559847388392
454.383073319544,298.596483760291,3.522712548577
9.84006338579772,494.627893546536,3.62357146795845
562.459953062111,50.957128582119,4.2258187799901
69.419484372927,374.011788351726,3.93818517251578
230.621589335498,412.948524466484,3.81308539040722
428.541219458814,12.7781779961285,3.47058431951277
364.530839540961,292.041841605026,3.10160207137769
603.733750681386,103.09941962,4.31360543438891
393.924217613572,234.320402301406,4.28841521869901
569.853270884491,407.401987918464,4.74413100337824
141.112857664597,281.380293186226,4.70942874637113
200.360564520769,370.920720394124,3.90868107084919
127.159012985701,410.428379348262,3.48213641039876
623.714632380003,313.480849561844,4.52269510868765
3.15762440744404,145.543348738176,4.26643417028259
545.229832851704,204.950300427077,4.26735236925029
33.9103082472911,492.287581202092,3.01938848802798
279.965250173982,22.2002352218736,3.98365159622605
532.898630478399,388.701874392319,3.30689832154509
68.6025309742041,74.7930135020565,5.11980249069739
4.26817091386153,77.5337730779169,3.5330278769266
588.460528274611,223.973502592551,4.00455862822901
438.104722322404,457.961463371816,4.7495626507755
658.256936989871,373.564988786217,3.05663200490354
106.118855617967,486.653746763996,4.35711459751464
625.428419619452,90.0577307976245,4.11083427830847
419.197509060144,258.550851980076,3.6740130973371
9.66137035355689,180.821960749075,3.2568986173628
54.8687213872163,125.109171440995,4.43000836368065
608.809621827362,214.687418483733,4.52628925667226
247.883378127697,221.433176927091,3.746869915121
558.86236475034,432.33689010795,3.96968630548816
301.70521478347,136.457458271309,3.69885323010281
528.63012998377,457.982283172305,3.57210616389216
49.9054605071052,429.232285644732,4.00907167932304
186.379029816996,272.256785019205,3.87957998830921
551.248835441982,266.820522467177,3.90184210410918
164.874293724932,28.7248187527545,4.1532222156468
494.701376148393,331.814850512182,4.58339669635927
43.3847565868789,51.4137108944149,3.90166651885585
537.667502651582,161.453505023548,4.33134705708934
NA,NA,NA
661.000971802538,333.937138848957,3.47559847388392
454.383073319544,298.596483760291,3.522712548577
9.84006338579772,494.627893546536,3.62357146795845
562.459953062111,50.957128582119,4.2258187799901
69.419484372927,374.011788351726,3.93818517251578
230.621589335498,412.948524466484,3.81308539040722
428.541219458814,12.7781779961285,3.47058431951277
364.530839540961,292.041841605026,3.10160207137769
603.733750681386,103.09941962,4.31360543438891
393.924217613572,234.320402301406,4.28841521869901
569.853270884491,407.401987918464,4.74413100337824
141.112857664597,281.380293186226,4.70942874637113
200.360564520769,370.920720394124,3.90868107084919
127.159012985701,410.428379348262,3.48213641039876
623.714632380003,313.480849561844,4.52269510868765
3.15762440744404,145.543348738176,4.26643417028259
545.229832851704,204.950300427077,4.26735236925029
33.9103082472911,492.287581202092,3.01938848802798
279.965250173982,22.2002352218736,3.98365159622605
532.898630478399,388.701874392319,3.30689832154509
68.6025309742041,74.7930135020565,5.11980249069739
4.26817091386153,77.5337730779169,3.5330278769266
588.460528274611,223.973502592551,4.00455862822901
438.104722322404,457.961463371816,4.7495626507755
658.256936989871,373.564988786217,3.05663200490354
106.118855617967,486.653746763996,4.35711459751464
625.428419619452,90.0577307976245,4.11083427830847
419.197509060144,258.550851980076,3.6740130973371
9.66137035355689,180.821960749075,3.2568986173628
54.8687213872163,125.109171440995,4.43000836368065
608.809621827362,214.687418483733,4.52628925667226
247.883378127697,221.433176927091,3.746869915121
558.86236475034,432.33689010795,3.96968630548816
301.70521478347,136.457458271309,3.69885323010281
528.63012998377,457.982283172305,3.57210616389216
49.9054605071052,429.232285644732,4.00907167932304
186.379029816996,272.256785019205,3.87957998830921
551.248835441982,266.820522467177,3.90184210410918
164.874293724932,28.7248187527545,4.1532222156468
494.701376148393,331.814850512182,4.58339669635927
43.3847565868789,51.4137108944149,3.90166651885585
537.667502651582,161.453505023548,4.33134705708934
NA,NA,NA
659.678405455807,339.055443331089,3.53769614762474
456.369095480068,299.977256396177,3.61386422685524
8.9122045227097,494.43350748604,3.69660212094037
561.823502819805,51.1211758358348,4.1651041558108
71.2570320239423,374.657082411613,3.99286707464688
229.177696649064,416.753151054956,3.90832300259727
427.185576754177,12.6199976352614,3.12549574144143
360.817510154375,293.092535943052,3.12672605826635
604.354891627777,105.81679181346,4.21075703270581
390.690036174487,228.736571646994,4.15178406239491
571.046210396382,402.473786115969,4.73292644631258
142.771296191936,284.163364536935,4.52736819058662
203.005358403781,371.800023750627,3.98172362421831
123.294689107486,411.550017672146,3.32336364913637
628.921795289236,313.314003825118,4.61900796059982
3.93298040217976,146.643757584956,4.31824554233863
540.691545392692,204.428451973773,4.10476593467241
32.8829050090997,495.206136677444,2.97185253932008
281.199151962169,23.1822214364328,3.79910995422419
533.871511223752,392.379873576862,3.28385817212906
82.028584882214,77.0585600156303,5.3363836022539
3.27614019232297,75.3961299878976,3.49439110899787
587.871940947317,228.995978194394,3.93946542448419
438.50885827598,461.400384933495,4.78311185104454
658.387903561568,375.882154077861,2.9728136904537
101.17752032899,489.966641729141,4.33276413935033
626.217838602222,92.0423100026959,4.10649631217147
421.881370418637,258.153518270962,3.7052129571466
12.2953936812262,181.45489255154,3.14182054033473
67.1228709169703,128.523326566611,4.40681302291222
600.224542554236,198.309316606077,4.23017912547282
256.081349043812,223.482114935021,3.74117573659219
573.508167463453,435.867512493571,3.96336201195589
302.964822224804,134.030320525052,4.00419012244106
532.796711325027,457.325009523997,3.71539394706921
39.5863608314866,422.882839644183,4.10436178421211
195.179868672302,289.253476408447,4.04914679882107
538.626976991248,267.823754023555,4.29939109871909
181.917812545953,29.3673677989647,4.43229305156727
506.363688822535,347.634747727159,4.27196695829302
45.3805768588377,51.2356834575305,4.2475064593013
531.301457386212,145.354699771194,4.99854226089877
NA,NA,NA
659.678405455807,339.055443331089,3.53769614762474
456.369095480068,299.977256396177,3.61386422685524
8.9122045227097,494.43350748604,3.69660212094037
561.823502819805,51.1211758358348,4.1651041558108
71.2570320239423,374.657082411613,3.99286707464688
229.177696649064,416.753151054956,3.90832300259727
427.185576754177,12.6199976352614,3.12549574144143
360.817510154375,293.092535943052,3.12672605826635
604.354891627777,105.81679181346,4.21075703270581
390.690036174487,228.736571646994,4.15178406239491
571.046210396382,402.473786115969,4.73292644631258
142.771296191936,284.163364536935,4.52736819058662
203.005358403781,371.800023750627,3.98172362421831
123.294689107486,411.550017672146,3.32336364913637
628.921795289236,313.314003825118,4.61900796059982
3.93298040217976,146.643757584956,4.31824554233863
540.691545392692,204.428451973773,4.10476593467241
32.8829050090997,495.206136677444,2.97185253932008
281.199151962169,23.1822214364328,3.79910995422419
533.871511223752,392.379873576862,3.28385817212906
82.028584882214,77.0585600156303,5.3363836022539
3.27614019232297,75.3961299878976,3.49439110899787
587.871940947317,228.995978194394,3.93946542448419
438.50885827598,461.400384933495,4.78311185104454
658.387903561568,375.882154077861,2.9728136904537
101.17752032899,489.966641729141,4.33276413935033
626.217838602222,92.0423100026959,4.10649631217147
421.881370418637,258.153518270962,3.7052129571466
12.2953936812262,181.45489255154,3.14182054033473
67.1228709169703,128.523326566611,4.40681302291222
600.224542554236,198.309316606077,4.23017912547282
256.081349043812,223.482114935021,3.74117573659219
573.508167463453,435.867512493571,3.96336201195589
302.964822224804,134.030320525052,4.00419012244106
532.796711325027,457.325009523997,3.71539394706921
39.5863608314866,422.882839644183,4.10436178421211
195.179868672302,289.253476408447,4.04914679882107
538.626976991248,267.823754023555,4.29939109871909
181.917812545953,29.3673677989647,4.43229305156727
506.363688822535,347.634747727159,4.27196695829302
45.3805768588377,51.2356834575305,4.2475064593013
531.301457386212,145.354699771194,4.99854226089877
NA,NA,NA
659.678405455807,339.055443331089,3.53769614762474
456.369095480068,299.977256396177,3.61386422685524
8.9122045227097,494.43350748604,3.69660212094037
561.823502819805,51.1211758358348,4.1651041558108
71.2570320239423,374.657082411613,3.99286707464688
229.177696649064,416.753151054956,3.90832300259727
427.185576754177,12.6199976352614,3.12549574144143
360.817510154375,293.092535943052,3.12672605826635
604.354891627777,105.81679181346,4.21075703270581
390.690036174487,228.736571646994,4.15178406239491
571.046210396382,402.473786115969,4.73292644631258
142.771296191936,284.163364536935,4.52736819058662
203.005358403781,371.800023750627,3.98172362421831
123.294689107486,411.550017672146,3.32336364913637
628.921795289236,313.314003825118,4.61900796059982
3.93298040217976,146.643757584956,4.31824554233863
540.691545392692,204.428451973773,4.10476593467241
32.8829050090997,495.206136677444,2.97185253932008
281.199151962169,23.1822214364328,3.79910995422419
533.871511223752,392.379873576862,3.28385817212906
82.028584882214,77.0585600156303,5.3363836022539
3.27614019232297,75.3961299878976,3.49439110899787
587.871940947317,228.995978194394,3.93946542448419
438.50885827598,461.400384933495,4.78311185104454
658.387903561568,375.882154077861,2.9728136904537
101.17752032899,489.966641729141,4.33276413935033
626.217838602222,92.0423100026959,4.10649631217147
421.881370418637,258.153518270962,3.7052129571466
12.2953936812262,181.45489255154,3.14182054033473
67.1228709169703,128.523326566611,4.40681302291222
600.224542554236,198.309316606077,4.23017912547282
256.081349043812,223.482114935021,3.74117573659219
573.508167463453,435.867512493571,3.96336201195589
302.964822224804,134.030320525052,4.00419012244106
532.796711325027,457.325009523997,3.71539394706921
39.5863608314866,422.882839644183,4.10436178421211
195.179868672302,289.253476408447,4.04914679882107
538.626976991248,267.823754023555,4.29939109871909
181.917812545953,29.3673677989647,4.43229305156727
506.363688822535,347.634747727159,4.27196695829302
45.3805768588377,51.2356834575305,4.2475064593013
531.301457386212,145.354699771194,4.99854226089877
NA,NA,NA
659.678405455807,339.055443331089,3.53769614762474
456.369095480068,299.977256396177,3.61386422685524
8.9122045227097,494.43350748604,3.69660212094037
561.823502819805,51.1211758358348,4.1651041558108
71.2570320239423,374.657082411613,3.99286707464688
229.177696649064,416.753151054956,3.90832300259727
427.185576754177,12.6199976352614,3.12549574144143
360.817510154375,293.092535943052,3.12672605826635
604.354891627777,105.81679181346,4.21075703270581
390.690036174487,228.736571646994,4.15178406239491
571.046210396382,402.473786115969,4.73292644631258
142.771296191936,284.163364536935,4.52736819058662
203.005358403781,371.800023750627,3.98172362421831
123.294689107486,411.550017672146,3.32336364913637
628.921795289236,313.314003825118,4.61900796059982
3.93298040217976,146.643757584956,4.31824554233863
540.691545392692,204.428451973773,4.10476593467241
32.8829050090997,495.206136677444,2.97185253932008
281.199151962169,23.1822214364328,3.79910995422419
533.871511223752,392.379873576862,3.28385817212906
82.028584882214,77.0585600156303,5.3363836022539
3.27614019232297,75.3961299878976,3.49439110899787
587.871940947317,228.995978194394,3.93946542448419
438.50885827598,461.400384933495,4.78311185104454
658.387903561568,375.882154077861,2.9728136904537
101.17752032899,489.966641729141,4.33276413935033
626.217838602222,92.0423100026959,4.10649631217147
421.881370418637,258.153518270962,3.7052129571466
12.2953936812262,181.45489255154,3.14182054033473
67.1228709169703,128.523326566611,4.40681302291222
600.224542554236,198.309316606077,4.23017912547282
256.081349043812,223.482114935021,3.74117573659219
573.508167463453,435.867512493571,3.96336201195589
302.964822224804,134.030320525052,4.00419012244106
532.796711325027,457.325009523997,3.71539394706921
39.5863608314866,422.882839644183,4.10436178421211
195.179868672302,289.253476408447,4.04914679882107
538.626976991248,267.823754023555,4.29939109871909
181.917812545953,29.3673677989647,4.43229305156727
506.363688822535,347.634747727159,4.27196695829302
45.3805768588377,51.2356834575305,4.2475064593013
531.301457386212,145.354699771194,4.99854226089877
NA,NA,NA
659.678405455807,339.055443331089,3.53769614762474
456.369095480068,299.977256396177,3.61386422685524
8.9122045227097,494.43350748604,3.69660212094037
561.823502819805,51.1211758358348,4.1651041558108
71.2570320239423,374.657082411613,3.99286707464688
229.177696649064,416.753151054956,3.90832300259727
427.185576754177,12.6199976352614,3.12549574144143
360.817510154375,293.092535943052,3.12672605826635
604.354891627777,105.81679181346,4.21075703270581
390.690036174487,228.736571646994,4.15178406239491
571.046210396382,402.473786115969,4.73292644631258
142.771296191936,284.163364536935,4.52736819058662
203.005358403781,371.800023750627,3.98172362421831
123.294689107486,411.550017672146,3.32336364913637
628.921795289236,313.314003825118,4.61900796059982
3.93298040217976,146.643757584956,4.31824554233863
540.691545392692,204.428451973773,4.10476593467241
32.8829050090997,495.206136677444,2.97185253932008
281.199151962169,23.1822214364328,3.79910995422419
533.871511223752,392.379873576862,3.28385817212906
82.028584882214,77.0585600156303,5.3363836022539
3.27614019232297,75.3961299878976,3.49439110899787
587.871940947317,228.995978194394,3.93946542448419
438.50885827598,461.400384933495,4.78311185104454
658.387903561568,375.882154077861,2.9728136904537
101.17752032899,489.966641729141,4.33276413935033
626.217838602222,92.0423100026959,4.10649631217147
421.881370418637,258.153518270962,3.7052129571466
12.2953936812262,181.45489255154,3.14182054033473
67.1228709169703,128.523326566611,4.40681302291222
600.224542554236,198.309316606077,4.23017912547282
256.081349043812,223.482114935021,3.74117573659219
573.508167463453,435.867512493571,3.96336201195589
302.964822224804,134.030320525052,4.00419012244106
532.796711325027,457.325009523997,3.71539394706921
39.5863608314866,422.882839644183,4.10436178421211
195.179868672302,289.253476408447,4.04914679882107
538.626976991248,267.823754023555,4.29939109871909
181.917812545953,29.3673677989647,4.43229305156727
506.363688822535,347.634747727159,4.27196695829302
45.3805768588377,51.2356834575305,4.2475064593013
531.301457386212,145.354699771194,4.99854226089877
NA,NA,NA
659.678405455807,339.055443331089,3.53769614762474
456.369095480068,299.977256396177,3.61386422685524
8.9122045227097,494.43350748604,3.69660212094037
561.823502819805,51.1211758358348,4.1651041558108
71.2570320239423,374.657082411613,3.99286707464688
229.177696649064,416.753151054956,3.90832300259727
427.185576754177,12.6199976352614,3.12549574144143
360.817510154375,293.092535943052,3.12672605826635
604.354891627777,105.81679181346,4.21075703270581
390.690036174487,228.736571646994,4.15178406239491
571.046210396382,402.473786115969,4.73292644631258
142.771296191936,284.163364536935,4.52736819058662
203.005358403781,371.800023750627,3.98172362421831
123.294689107486,411.550017672146,3.32336364913637
628.921795289236,313.314003825118,4.61900796059982
3.93298040217976,146.643757584956,4.31824554233863
540.691545392692,204.428451973773,4.10476593467241
32.8829050090997,495.206136677444,2.97185253932008
281.199151962169,23.1822214364328,3.79910995422419
533.871511223752,392.379873576862,3.28385817212906
82.028584882214,77.0585600156303,5.3363836022539
3.27614019232297,75.3961299878976,3.49439110899787
587.871940947317,228.995978194394,3.93946542448419
438.50885827598,461.400384933495,4.78311185104454
658.387903561568,375.882154077861,2.9728136904537
101.17752032899,489.966641729141,4.33276413935033
626.217838602222,92.0423100026959,4.10649631217147
421.881370418637,258.153518270962,3.7052129571466
12.2953936812262,181.45489255154,3.14182054033473
67.1228709169703,128.523326566611,4.40681302291222
600.224542554236,198.309316606077,4.23017912547282
256.081349043812,223.482114935021,3.74117573659219
573.508167463453,435.867512493571,3.96336201195589
302.964822224804,134.030320525052,4.00419012244106
532.796711325027,457.325009523997,3.71539394706921
39.5863608314866,422.882839644183,4.10436178421211
195.179868672302,289.253476408447,4.04914679882107
538.626976991248,267.823754023555,4.29939109871909
181.917812545953,29.3673677989647,4.43229305156727
506.363688822535,347.634747727159,4.27196695829302
45.3805768588377,51.2356834575305,4.2475064593013
531.301457386212,145.354699771194,4.99854226089877
NA,NA,NA
661.43513475655,336.606903385412,3.47155147027045
458.407118382817,300.955747973109,3.73927268193501
13.3187380014273,495.620016819824,3.57082950128246
560.020828366433,52.0179495674958,4.27644011159893
71.065404981191,374.421871843442,3.96656553580815
229.392385062821,409.779834559948,3.90557900096557
427.278315751547,14.6408370224786,3.25279060225921
363.696476540402,294.488782442205,3.01416052072025
605.873908182002,107.733390427381,4.2419201783087
386.457078144829,234.319980652425,4.27316129864162
571.428329418073,404.18059935294,4.70967581516556
146.517906277666,280.541210179686,4.55802603260558
196.930006441527,366.681544167313,4.05317644883584
128.011238441848,409.470287649218,3.41197752249005
624.614856964538,310.245614152921,4.61280775317967
0.107768587503716,142.122551244302,4.1768129398989
542.844556886688,199.515217082635,4.15121149622339
33.0324470737849,490.981364512495,3.13588859730739
282.669191470561,19.3147925745093,3.98699916466871
532.308834029396,394.023867219269,3.28722938636307
69.8857862089391,81.4931444989321,5.28960972389279
-2.81459758749914,77.6284732140112,3.48410498073931
588.499797966676,223.738910871686,3.99245653506122
436.382169320923,464.794874173607,4.78545080234789
657.904578162594,375.31042655092,2.9532875918614
102.822666680619,486.329208074778,4.36102106057347
622.186128845488,92.0038717350194,4.12218908435843
420.768861062631,261.450499679761,3.59103168139587
13.5099076041879,182.610006358129,3.14078966573856
48.9328773283884,107.820471163089,4.43364628133002
610.54187985565,186.228782811414,4.30436792372015
246.343040006641,221.262066941194,4.21581018752047
573.684323528277,432.474744753553,3.51563638777511
303.267610245781,138.933063472941,3.98925631577806
530.420460500206,456.022353793667,3.5810103147781
32.2061079361628,431.156279236595,3.71930470233723
206.125014469803,283.701327172411,4.3056615662987
546.335861459286,275.096075622702,3.62606021315261
175.397440896566,26.6791182656681,4.2665960664826
502.841080544316,337.160475099231,4.38236701780543
43.0637241142555,43.1888854144532,3.82391386169637
527.905721872155,146.485292086589,4.44499875882132
NA,NA,NA
661.43513475655,336.606903385412,3.47155147027045
458.407118382817,300.955747973109,3.73927268193501
13.3187380014273,495.620016819824,3.57082950128246
560.020828366433,52.0179495674958,4.27644011159893
71.065404981191,374.421871843442,3.96656553580815
229.392385062821,409.779834559948,3.90557900096557
427.278315751547,14.6408370224786,3.25279060225921
363.696476540402,294.488782442205,3.01416052072025
605.873908182002,107.733390427381,4.2419201783087
386.457078144829,234.319980652425,4.27316129864162
571.428329418073,404.18059935294,4.70967581516556
146.517906277666,280.541210179686,4.55802603260558
196.930006441527,366.681544167313,4.05317644883584
128.011238441848,409.470287649218,3.41197752249005
624.614856964538,310.245614152921,4.61280775317967
0.107768587503716,142.122551244302,4.1768129398989
542.844556886688,199.515217082635,4.15121149622339
33.0324470737849,490.981364512495,3.13588859730739
282.669191470561,19.3147925745093,3.98699916466871
532.308834029396,394.023867219269,3.28722938636307
69.8857862089391,81.4931444989321,5.28960972389279
-2.81459758749914,77.6284732140112,3.48410498073931
588.499797966676,223.738910871686,3.99245653506122
436.382169320923,464.794874173607,4.78545080234789
657.904578162594,375.31042655092,2.9532875918614
102.822666680619,486.329208074778,4.36102106057347
622.186128845488,92.0038717350194,4.12218908435843
420.768861062631,261.450499679761,3.59103168139587
13.5099076041879,182.610006358129,3.14078966573856
48.9328773283884,107.820471163089,4.43364628133002
610.54187985565,186.228782811414,4.30436792372015
246.343040006641,221.262066941194,4.21581018752047
573.684323528277,432.474744753553,3.51563638777511
303.267610245781,138.933063472941,3.98925631577806
530.420460500206,456.022353793667,3.5810103147781
32.2061079361628,431.156279236595,3.71930470233723
206.125014469803,283.701327172411,4.3056615662987
546.335861459286,275.096075622702,3.62606021315261
175.397440896566,26.6791182656681,4.2665960664826
502.841080544316,337.160475099231,4.38236701780543
43.0637241142555,43.1888854144532,3.82391386169637
527.905721872155,146.485292086589,4.44499875882132
NA,NA,NA
661.43513475655,336.606903385412,3.47155147027045
458.407118382817,300.955747973109,3.73927268193501
13.3187380014273,495.620016819824,3.57082950128246
560.020828366433,52.0179495674958,4.27644011159893
71.065404981191,374.421871843442,3.96656553580815
229.392385062821,409.779834559948,3.90557900096557
427.278315751547,14.6408370224786,3.25279060225921
363.696476540402,294.488782442205,3.01416052072025
605.873908182002,107.733390427381,4.2419201783087
386.457078144829,234.319980652425,4.27316129864162
571.428329418073,404.18059935294,4.70967581516556
146.517906277666,280.541210179686,4.55802603260558
196.930006441527,366.681544167313,4.05317644883584
128.011238441848,409.470287649218,3.41197752249005
624.614856964538,310.245614152921,4.61280775317967
0.107768587503716,142.122551244302,4.1768129398989
542.844556886688,199.515217082635,4.15121149622339
33.0324470737849,490.981364512495,3.13588859730739
282.669191470561,19.3147925745093,3.98699916466871
532.308834029396,394.023867219269,3.28722938636307
69.8857862089391,81.4931444989321,5.28960972389279
-2.81459758749914,77.6284732140112,3.48410498073931
588.499797966676,223.738910871686,3.99245653506122
436.382169320923,464.794874173607,4.78545080234789
657.904578162594,375.31042655092,2.9532875918614
102.822666680619,486.329208074778,4.36102106057347
622.186128845488,92.0038717350194,4.12218908435843
420.768861062631,261.450499679761,3.59103168139587
13.5099076041879,182.610006358129,3.14078966573856
48.9328773283884,107.820471163089,4.43364628133002
610.54187985565,186.228782811414,4.30436792372015
246.343040006641,221.262066941194,4.21581018752047
573.684323528277,432.474744753553,3.51563638777511
303.267610245781,138.933063472941,3.98925631577806
530.420460500206,456.022353793667,3.5810103147781
32.2061079361628,431.156279236595,3.71930470233723
206.125014469803,283.701327172411,4.3056615662987
546.335861459286,275.096075622702,3.62606021315261
175.397440896566,26.6791182656681,4.2665960664826
502.841080544316,337.160475099231,4.38236701780543
43.0637241142555,43.1888854144532,3.82391386169637
527.905721872155,146.485292086589,4.44499875882132
NA,NA,NA
661.43513475655,336.606903385412,3.47155147027045
458.407118382817,300.955747973109,3.73927268193501
13.3187380014273,495.620016819824,3.57082950128246
560.020828366433,52.0179495674958,4.27644011159893
71.065404981191,374.421871843442,3.96656553580815
229.392385062821,409.779834559948,3.90557900096557
427.278315751547,14.6408370224786,3.25279060225921
363.696476540402,294.488782442205,3.01416052072025
605.873908182002,107.733390427381,4.2419201783087
386.457078144829,234.319980652425,4.27316129864162
571.428329418073,404.18059935294,4.70967581516556
146.517906277666,280.541210179686,4.55802603260558
196.930006441527,366.681544167313,4.05317644883584
128.011238441848,409.470287649218,3.41197752249005
624.614856964538,310.245614152921,4.61280775317967
0.107768587503716,142.122551244302,4.1768129398989
542.844556886688,199.515217082635,4.15121149622339
33.0324470737849,490.981364512495,3.13588859730739
282.669191470561,19.3147925745093,3.98699916466871
532.308834029396,394.023867219269,3.28722938636307
69.8857862089391,81.4931444989321,5.28960972389279
-2.81459758749914,77.6284732140112,3.48410498073931
588.499797966676,223.738910871686,3.99245653506122
436.382169320923,464.794874173607,4.78545080234789
657.904578162594,375.31042655092,2.9532875918614
102.822666680619,486.329208074778,4.36102106057347
622.186128845488,92.0038717350194,4.12218908435843
420.768861062631,261.450499679761,3.59103168139587
13.5099076041879,182.610006358129,3.14078966573856
48.9328773283884,107.820471163089,4.43364628133002
610.54187985565,186.228782811414,4.30436792372015
246.343040006641,221.262066941194,4.21581018752047
573.684323528277,432.474744753553,3.51563638777511
303.267610245781,138.933063472941,3.98925631577806
530.420460500206,456.022353793667,3.5810103147781
32.2061079361628,431.156279236595,3.71930470233723
206.125014469803,283.701327172411,4.3056615662987
546.335861459286,275.096075622702,3.62606021315261
175.397440896566,26.6791182656681,4.2665960664826
502.841080544316,337.160475099231,4.38236701780543
43.0637241142555,43.1888854144532,3.82391386169637
527.905721872155,146.485292086589,4.44499875882132
NA,NA,NA
661.43513475655,336.606903385412,3.47155147027045
458.407118382817,300.955747973109,3.73927268193501
13.3187380014273,495.620016819824,3.57082950128246
560.020828366433,52.0179495674958,4.27644011159893
71.065404981191,374.421871843442,3.96656553580815
229.392385062821,409.779834559948,3.90557900096557
427.278315751547,14.6408370224786,3.25279060225921
363.696476540402,294.488782442205,3.01416052072025
605.873908182002,107.733390427381,4.2419201783087
386.457078144829,234.319980652425,4.27316129864162
571.428329418073,404.18059935294,4.70967581516556
146.517906277666,280.541210179686,4.55802603260558
196.930006441527,366.681544167313,4.05317644883584
128.011238441848,409.470287649218,3.41197752249005
624.614856964538,310.245614152921,4.61280775317967
0.107768587503716,142.122551244302,4.1768129398989
542.844556886688,199.515217082635,4.15121149622339
33.0324470737849,490.981364512495,3.13588859730739
282.669191470561,19.3147925745093,3.98699916466871
532.308834029396,394.023867219269,3.28722938636307
69.8857862089391,81.4931444989321,5.28960972389279
-2.81459758749914,77.6284732140112,3.48410498073931
588.499797966676,223.738910871686,3.99245653506122
436.382169320923,464.794874173607,4.78545080234789
657.904578162594,375.31042655092,2.9532875918614
102.822666680619,486.329208074778,4.36102106057347
622.186128845488,92.0038717350194,4.12218908435843
420.768861062631,261.450499679761,3.59103168139587
13.5099076041879,182.610006358129,3.14078966573856
48.9328773283884,107.820471163089,4.43364628133002
610.54187985565,186.228782811414,4.30436792372015
246.343040006641,221.262066941194,4.21581018752047
573.684323528277,432.474744753553,3.51563638777511
303.267610245781,138.933063472941,3.98925631577806
530.420460500206,456.022353793667,3.5810103147781
32.2061079361628,431.156279236595,3.71930470233723
206.125014469803,283.701327172411,4.3056615662987
546.335861459286,275.096075622702,3.62606021315261
175.397440896566,26.6791182656681,4.2665960664826
502.841080544316,337.160475099231,4.38236701780543
43.0637241142555,43.1888854144532,3.82391386169637
527.905721872155,146.485292086589,4.44499875882132
NA,NA,NA
661.43513475655,336.606903385412,3.47155147027045
458.407118382817,300.955747973109,3.73927268193501
13.3187380014273,495.620016819824,3.57082950128246
560.020828366433,52.0179495674958,4.27644011159893
71.065404981191,374.421871843442,3.96656553580815
229.392385062821,409.779834559948,3.90557900096557
427.278315751547,14.6408370224786,3.25279060225921
363.696476540402,294.488782442205,3.01416052072025
605.873908182002,107.733390427381,4.2419201783087
386.457078144829,234.319980652425,4.27316129864162
571.428329418073,404.18059935294,4.70967581516556
146.517906277666,280.541210179686,4.55802603260558
196.930006441527,366.681544167313,4.05317644883584
128.011238441848,409.470287649218,3.41197752249005
624.614856964538,310.245614152921,4.61280775317967
0.107768587503716,142.122551244302,4.1768129398989
542.844556886688,199.515217082635,4.15121149622339
33.0324470737849,490.981364512495,3.13588859730739
282.669191470561,19.3147925745093,3.98699916466871
532.308834029396,394.023867219269,3.28722938636307
69.8857862089391,81.4931444989321,5.28960972389279
-2.81459758749914,77.6284732140112,3.48410498073931
588.499797966676,223.738910871686,3.99245653506122
436.382169320923,464.794874173607,4.78545080234789
657.904578162594,375.31042655092,2.9532875918614
102.822666680619,486.329208074778,4.36102106057347
622.186128845488,92.0038717350194,4.12218908435843
420.768861062631,261.450499679761,3.59103168139587
13.5099076041879,182.610006358129,3.14078966573856
48.9328773283884,107.820471163089,4.43364628133002
610.54187985565,186.228782811414,4.30436792372015
246.343040006641,221.262066941194,4.21581018752047
573.684323528277,432.474744753553,3.51563638777511
303.267610245781,138.933063472941,3.98925631577806
530.420460500206,456.022353793667,3.5810103147781
32.2061079361628,431.156279236595,3.71930470233723
206.125014469803,283.701327172411,4.3056615662987
546.335861459286,275.096075622702,3.62606021315261
175.397440896566,26.6791182656681,4.2665960664826
502.841080544316,337.160475099231,4.38236701780543
43.0637241142555,43.1888854144532,3.82391386169637
527.905721872155,146.485292086589,4.44499875882132
NA,NA,NA
661.230139042424,334.069548554091,3.54052684610857
455.103927247151,298.412860492619,3.6454831881159
11.773550769718,494.857281890386,3.51863841652471
563.983936117597,54.7167603999622,4.21540149090998
71.6588735827712,382.373611007776,4.02669377427601
232.511226042618,416.343734369816,3.82249670315997
429.211010912246,14.1833286297941,3.32359652648572
364.561525731899,292.905671652147,2.98528911826168
604.260178678591,103.899773820439,4.12761846365752
390.200598580045,230.749351681336,4.13513259112653
575.968526617193,403.724957226639,4.76774272032581
144.185408585946,286.342070033511,4.51567348233268
197.602977954406,366.626104563224,4.06185999063242
124.209891877832,409.194283349561,3.36470963807018
625.063210627851,310.415769873336,4.6623002886483
4.29178347769507,147.984230809257,4.31030457627136
540.977916066495,208.209200020663,4.04202322653334
32.9621475171312,493.116806182494,2.93864485465976
281.575178995108,20.7279234724921,3.82412403706996
536.402159059617,390.623663425943,3.41094710654491
67.202070627912,80.0032749574312,5.28287712832796
1.5811288267169,78.7829558503524,3.46781479866371
587.429555054535,225.05979401834,4.06113561425919
433.158814019949,454.962685112798,4.88003449608703
658.932132620248,373.943429999838,3.1064543833701
102.651643081686,491.022527666403,4.3006306570508
626.026295930819,93.2551201020873,4.10313744491389
419.908706531113,261.065880953339,3.57374591055705
9.92109084055438,180.063455011757,3.14376595680781
57.8069513040871,124.832490958032,4.54515324518623
594.215079560989,197.602463905969,4.32260047439663
253.101486882205,216.335093135445,3.84829422298379
568.932760893602,451.2096877165,3.90235687965528
301.787454962302,133.255540580772,3.87490420611009
529.213848351805,454.861841046889,3.41289732641194
53.2441695832302,422.892875934762,3.92089114711017
192.51896706424,289.059061793937,4.04469470638902
546.200897892853,265.774120992201,3.74504338416761
174.123528849922,14.06837533522,4.40332350863784
495.246881357263,339.247769062114,4.35526030570765
37.5824785474367,44.3520327832549,3.97694465053993
519.635116174915,134.553320219374,5.06203672839889
NA,NA,NA
661.230139042424,334.069548554091,3.54052684610857
455.103927247151,298.412860492619,3.6454831881159
11.773550769718,494.857281890386,3.51863841652471
563.983936117597,54.7167603999622,4.21540149090998
71.6588735827712,382.373611007776,4.02669377427601
232.511226042618,416.343734369816,3.82249670315997
429.211010912246,14.1833286297941,3.32359652648572
364.561525731899,292.905671652147,2.98528911826168
604.260178678591,103.899773820439,4.12761846365752
390.200598580045,230.749351681336,4.13513259112653
575.968526617193,403.724957226639,4.76774272032581
144.185408585946,286.342070033511,4.51567348233268
197.602977954406,366.626104563224,4.06185999063242
124.209891877832,409.194283349561,3.36470963807018
625.063210627851,310.415769873336,4.6623002886483
4.29178347769507,147.984230809257,4.31030457627136
540.977916066495,208.209200020663,4.04202322653334
32.9621475171312,493.116806182494,2.93864485465976
281.575178995108,20.7279234724921,3.82412403706996
536.402159059617,390.623663425943,3.41094710654491
67.202070627912,80.0032749574312,5.28287712832796
1.5811288267169,78.7829558503524,3.46781479866371
587.429555054535,225.05979401834,4.06113561425919
433.158814019949,454.962685112798,4.88003449608703
658.932132620248,373.943429999838,3.1064543833701
102.651643081686,491.022527666403,4.3006306570508
626.026295930819,93.2551201020873,4.10313744491389
419.908706531113,261.065880953339,3.57374591055705
9.92109084055438,180.063455011757,3.14376595680781
57.8069513040871,124.832490958032,4.54515324518623
594.215079560989,197.602463905969,4.32260047439663
253.101486882205,216.335093135445,3.84829422298379
568.932760893602,451.2096877165,3.90235687965528
301.787454962302,133.255540580772,3.87490420611009
529.213848351805,454.861841046889,3.41289732641194
53.2441695832302,422.892875934762,3.92089114711017
192.51896706424,289.059061793937,4.04469470638902
546.200897892853,265.774120992201,3.74504338416761
174.123528849922,14.06837533522,4.40332350863784
495.246881357263,339.247769062114,4.35526030570765
37.5824785474367,44.3520327832549,3.97694465053993
519.635116174915,134.553320219374,5.06203672839889
NA,NA,NA
661.230139042424,334.069548554091,3.54052684610857
455.103927247151,298.412860492619,3.6454831881159
11.773550769718,494.857281890386,3.51863841652471
563.983936117597,54.7167603999622,4.21540149090998
71.6588735827712,382.373611007776,4.02669377427601
232.511226042618,416.343734369816,3.82249670315997
429.211010912246,14.1833286297941,3.32359652648572
364.561525731899,292.905671652147,2.98528911826168
604.260178678591,103.899773820439,4.12761846365752
390.200598580045,230.749351681336,4.13513259112653
575.968526617193,403.724957226639,4.76774272032581
144.185408585946,286.342070033511,4.51567348233268
197.602977954406,366.626104563224,4.06185999063242
124.209891877832,409.194283349561,3.36470963807018
625.063210627851,310.415769873336,4.6623002886483
4.29178347769507,147.984230809257,4.31030457627136
540.977916066495,208.209200020663,4.04202322653334
32.9621475171312,493.116806182494,2.93864485465976
281.575178995108,20.7279234724921,3.82412403706996
536.402159059617,390.623663425943,3.41094710654491
67.202070627912,80.0032749574312,5.28287712832796
1.5811288267169,78.7829558503524,3.46781479866371
587.429555054535,225.05979401834,4.06113561425919
433.158814019949,454.962685112798,4.88003449608703
658.932132620248,373.943429999838,3.1064543833701
102.651643081686,491.022527666403,4.3006306570508
626.026295930819,93.2551201020873,4.10313744491389
419.908706531113,261.065880953339,3.57374591055705
9.92109084055438,180.063455011757,3.14376595680781
57.8069513040871,124.832490958032,4.54515324518623
594.215079560989,197.602463905969,4.32260047439663
253.101486882205,216.335093135445,3.84829422298379
568.932760893602,451.2096877165,3.90235687965528
301.787454962302,133.255540580772,3.87490420611009
529.213848351805,454.861841046889,3.41289732641194
53.2441695832302,422.892875934762,3.92089114711017
192.51896706424,289.059061793937,4.04469470638902
546.200897892853,265.774120992201,3.74504338416761
174.123528849922,14.06837533522,4.40332350863784
495.246881357263,339.247769062114,4.35526030570765
37.5824785474367,44.3520327832549,3.97694465053993
519.635116174915,134.553320219374,5.06203672839889
NA,NA,NA
661.230139042424,334.069548554091,3.54052684610857
455.103927247151,298.412860492619,3.6454831881159
11.773550769718,494.857281890386,3.51863841652471
563.983936117597,54.7167603999622,4.21540149090998
71.6588735827712,382.373611007776,4.02669377427601
232.511226042618,416.343734369816,3.82249670315997
429.211010912246,14.1833286297941,3.32359652648572
364.561525731899,292.905671652147,2.98528911826168
604.260178678591,103.899773820439,4.12761846365752
390.200598580045,230.749351681336,4.13513259112653
575.968526617193,403.724957226639,4.76774272032581
144.185408585946,286.342070033511,4.51567348233268
197.602977954406,366.626104563224,4.06185999063242
124.209891877832,409.194283349561,3.36470963807018
625.063210627851,310.415769873336,4.6623002886483
4.29178347769507,147.984230809257,4.31030457627136
540.977916066495,208.209200020663,4.04202322653334
32.9621475171312,493.116806182494,2.93864485465976
281.575178995108,20.7279234724921,3.82412403706996
536.402159059617,390.623663425943,3.41094710654491
67.202070627912,80.0032749574312,5.28287712832796
1.5811288267169,78.7829558503524,3.46781479866371
587.429555054535,225.05979401834,4.06113561425919
433.158814019949,454.962685112798,4.88003449608703
658.932132620248,373.943429999838,3.1064543833701
102.651643081686,491.022527666403,4.3006306570508
626.026295930819,93.2551201020873,4.10313744491389
419.908706531113,261.065880953339,3.57374591055705
9.92109084055438,180.063455011757,3.14376595680781
57.8069513040871,124.832490958032,4.54515324518623
594.215079560989,197.602463905969,4.32260047439663
253.101486882205,216.335093135445,3.84829422298379
568.932760893602,451.2096877165,3.90235687965528
301.787454962302,133.255540580772,3.87490420611009
529.213848351805,454.861841046889,3.41289732641194
53.2441695832302,422.892875934762,3.92089114711017
192.51896706424,289.059061793937,4.04469470638902
546.200897892853,265.774120992201,3.74504338416761
174.123528849922,14.06837533522,4.40332350863784
495.246881357263,339.247769062114,4.35526030570765
37.5824785474367,44.3520327832549,3.97694465053993
519.635116174915,134.553320219374,5.06203672839889
NA,NA,NA
661.230139042424,334.069548554091,3.54052684610857
455.103927247151,298.412860492619,3.6454831881159
11.773550769718,494.857281890386,3.51863841652471
563.983936117597,54.7167603999622,4.21540149090998
71.6588735827712,382.373611007776,4.02669377427601
232.511226042618,416.343734369816,3.82249670315997
429.211010912246,14.1833286297941,3.32359652648572
364.561525731899,292.905671652147,2.98528911826168
604.260178678591,103.899773820439,4.12761846365752
390.200598580045,230.749351681336,4.13513259112653
575.968526617193,403.724957226639,4.76774272032581
144.185408585946,286.342070033511,4.51567348233268
197.602977954406,366.626104563224,4.06185999063242
124.209891877832,409.194283349561,3.36470963807018
625.063210627851,310.415769873336,4.6623002886483
4.29178347769507,147.984230809257,4.31030457627136
540.977916066495,208.209200020663,4.04202322653334
32.9621475171312,493.116806182494,2.93864485465976
281.575178995108,20.7279234724921,3.82412403706996
536.402159059617,390.623663425943,3.41094710654491
67.202070627912,80.0032749574312,5.28287712832796
1.5811288267169,78.7829558503524,3.46781479866371
587.429555054535,225.05979401834,4.06113561425919
433.158814019949,454.962685112798,4.88003449608703
658.932132620248,373.943429999838,3.1064543833701
102.651643081686,491.022527666403,4.3006306570508
626.026295930819,93.2551201020873,4.10313744491389
419.908706531113,261.065880953339,3.57374591055705
9.92109084055438,180.063455011757,3.14376595680781
57.8069513040871,124.832490958032,4.54515324518623
594.215079560989,197.602463905969,4.32260047439663
253.101486882205,216.335093135445,3.84829422298379
568.932760893602,451.2096877165,3.90235687965528
301.787454962302,133.255540580772,3.87490420611009
529.213848351805,454.861841046889,3.41289732641194
53.2441695832302,422.892875934762,3.92089114711017
192.51896706424,289.059061793937,4.04469470638902
546.200897892853,265.774120992201,3.74504338416761
174.123528849922,14.06837533522,4.40332350863784
495.246881357263,339.247769062114,4.35526030570765
37.5824785474367,44.3520327832549,3.97694465053993
519.635116174915,134.553320219374,5.06203672839889
NA,NA,NA
661.230139042424,334.069548554091,3.54052684610857
455.103927247151,298.412860492619,3.6454831881159
11.773550769718,494.857281890386,3.51863841652471
563.983936117597,54.7167603999622,4.21540149090998
71.6588735827712,382.373611007776,4.02669377427601
232.511226042618,416.343734369816,3.82249670315997
429.211010912246,14.1833286297941,3.32359652648572
364.561525731899,292.905671652147,2.98528911826168
604.260178678591,103.899773820439,4.12761846365752
390.200598580045,230.749351681336,4.13513259112653
575.968526617193,403.724957226639,4.76774272032581
144.185408585946,286.342070033511,4.51567348233268
197.602977954406,366.626104563224,4.06185999063242
124.209891877832,409.194283349561,3.36470963807018
625.063210627851,310.415769873336,4.6623002886483
4.29178347769507,147.984230809257,4.31030457627136
540.977916066495,208.209200020663,4.04202322653334
32.9621475171312,493.116806182494,2.93864485465976
281.575178995108,20.7279234724921,3.82412403706996
536.402159059617,390.623663425943,3.41094710654491
67.202070627912,80.0032749574312,5.28287712832796
1.5811288267169,78.7829558503524,3.46781479866371
587.429555054535,225.05979401834,4.06113561425919
433.158814019949,454.962685112798,4.88003449608703
658.932132620248,373.943429999838,3.1064543833701
102.651643081686,491.022527666403,4.3006306570508
626.026295930819,93.2551201020873,4.10313744491389
419.908706531113,261.065880953339,3.57374591055705
9.92109084055438,180.063455011757,3.14376595680781
57.8069513040871,124.832490958032,4.54515324518623
594.215079560989,197.602463905969,4.32260047439663
253.101486882205,216.335093135445,3.84829422298379
568.932760893602,451.2096877165,3.90235687965528
301.787454962302,133.255540580772,3.87490420611009
529.213848351805,454.861841046889,3.41289732641194
53.2441695832302,422.892875934762,3.92089114711017
192.51896706424,289.059061793937,4.04469470638902
546.200897892853,265.774120992201,3.74504338416761
174.123528849922,14.06837533522,4.40332350863784
495.246881357263,339.247769062114,4.35526030570765
37.5824785474367,44.3520327832549,3.97694465053993
519.635116174915,134.553320219374,5.06203672839889
NA,NA,NA
665.282834773899,332.249076388097,3.56521181859484
457.505354795121,297.334995757362,3.6320172363934
8.69376239991532,495.063118872631,3.79757171315576
564.514264041749,55.4123690066781,4.16603849985041
70.0091900609711,374.574432980723,4.02591585981537
230.69201271114,416.167332212009,3.91693234207742
430.406333995143,12.5901637164742,3.39233739576977
359.926544358193,292.329361717854,3.24914645689451
605.369768312862,104.18850155849,4.15767421621045
391.194094256371,230.244058221554,4.26738099675275
568.386462225759,414.509969275546,4.73286864683297
141.249135856736,276.322158608981,4.44812462785666
203.651730594516,374.921078075317,4.0689711869268
123.91971619901,412.436591725523,3.47887320068923
631.64379271772,312.607117812591,4.5753704299788
1.99641003398061,152.297659250622,4.2565907854384
543.060519610142,201.690722812422,4.21950546948639
34.0495364692768,491.828894058743,2.97660942402952
279.554992165014,23.2983955742255,3.80815623419382
531.475920890594,389.420193588921,3.4150125825771
69.7560589576642,82.3167069629764,5.18357726909043
7.1670847028361,77.7118748806996,3.50453086193114
587.219018866423,228.638378992408,4.10222016302044
441.949122249137,460.892855038559,4.70237846302998
658.227998610689,375.121123453567,3.0391272840148
105.99404215516,486.497227129631,4.30519198898295
623.0232461823,93.2771808412152,4.07382951945677
418.902838449022,257.107152948922,3.55949854279
11.3072663045887,183.996255872006,3.12094016581319
61.5868235878026,117.367394255161,4.54260489261299
607.706349054001,190.606541395566,4.09731191685194
249.639053132185,223.777833140383,4.2032441276111
574.4265603861,439.363283651626,3.80382727413139
302.038119419843,140.265633496065,3.76532573814896
533.730781463987,456.884023677512,3.80072152327473
41.9430800884581,413.287162899725,3.91344084655005
194.584494565984,286.499984808335,3.83027146746657
553.69913449252,259.078824281804,3.5586505771717
182.15964249435,23.3572612331087,4.45791470941332
494.468598010181,347.665416063728,4.27030473237002
35.877501897563,46.8210546714693,4.05394257782737
546.08373923835,136.083872216019,4.75210362977463
NA,NA,NA
665.282834773899,332.249076388097,3.56521181859484
457.505354795121,297.334995757362,3.6320172363934
8.69376239991532,495.063118872631,3.79757171315576
564.514264041749,55.4123690066781,4.16603849985041
70.0091900609711,374.574432980723,4.02591585981537
230.69201271114,416.167332212009,3.91693234207742
430.406333995143,12.5901637164742,3.39233739576977
359.926544358193,292.329361717854,3.24914645689451
605.369768312862,104.18850155849,4.15767421621045
391.194094256371,230.244058221554,4.26738099675275
568.386462225759,414.509969275546,4.73286864683297
141.249135856736,276.322158608981,4.44812462785666
203.651730594516,374.921078075317,4.0689711869268
123.91971619901,412.436591725523,3.47887320068923
631.64379271772,312.607117812591,4.5753704299788
1.99641003398061,152.297659250622,4.2565907854384
543.060519610142,201.690722812422,4.21950546948639
34.0495364692768,491.828894058743,2.97660942402952
279.554992165014,23.2983955742255,3.80815623419382
531.475920890594,389.420193588921,3.4150125825771
69.7560589576642,82.3167069629764,5.18357726909043
7.1670847028361,77.7118748806996,3.50453086193114
587.219018866423,228.638378992408,4.10222016302044
441.949122249137,460.892855038559,4.70237846302998
658.227998610689,375.121123453567,3.0391272840148
105.99404215516,486.497227129631,4.30519198898295
623.0232461823,93.2771808412152,4.07382951945677
418.902838449022,257.107152948922,3.55949854279
11.3072663045887,183.996255872006,3.12094016581319
61.5868235878026,117.367394255161,4.54260489261299
607.706349054001,190.606541395566,4.09731191685194
249.639053132185,223.777833140383,4.2032441276111
574.4265603861,439.363283651626,3.80382727413139
302.038119419843,140.265633496065,3.76532573814896
533.730781463987,456.884023677512,3.80072152327473
41.9430800884581,413.287162899725,3.91344084655005
194.584494565984,286.499984808335,3.83027146746657
553.69913449252,259.078824281804,3.5586505771717
182.15964249435,23.3572612331087,4.45791470941332
494.468598010181,347.665416063728,4.27030473237002
35.877501897563,46.8210546714693,4.05394257782737
546.08373923835,136.083872216019,4.75210362977463
NA,NA,NA
665.282834773899,332.249076388097,3.56521181859484
457.505354795121,297.334995757362,3.6320172363934
8.69376239991532,495.063118872631,3.79757171315576
564.514264041749,55.4123690066781,4.16603849985041
70.0091900609711,374.574432980723,4.02591585981537
230.69201271114,416.167332212009,3.91693234207742
430.406333995143,12.5901637164742,3.39233739576977
359.926544358193,292.329361717854,3.24914645689451
605.369768312862,104.18850155849,4.15767421621045
391.194094256371,230.244058221554,4.26738099675275
568.386462225759,414.509969275546,4.73286864683297
141.249135856736,276.322158608981,4.44812462785666
203.651730594516,374.921078075317,4.0689711869268
123.91971619901,412.436591725523,3.47887320068923
631.64379271772,312.607117812591,4.5753704299788
1.99641003398061,152.297659250622,4.2565907854384
543.060519610142,201.690722812422,4.21950546948639
34.0495364692768,491.828894058743,2.97660942402952
279.554992165014,23.2983955742255,3.80815623419382
531.475920890594,389.420193588921,3.4150125825771
69.7560589576642,82.3167069629764,5.18357726909043
7.1670847028361,77.7118748806996,3.50453086193114
587.219018866423,228.638378992408,4.10222016302044
441.949122249137,460.892855038559,4.70237846302998
658.227998610689,375.121123453567,3.0391272840148
105.99404215516,486.497227129631,4.30519198898295
623.0232461823,93.2771808412152,4.07382951945677
418.902838449022,257.107152948922,3.55949854279
11.3072663045887,183.996255872006,3.12094016581319
61.5868235878026,117.367394255161,4.54260489261299
607.706349054001,190.606541395566,4.09731191685194
249.639053132185,223.777833140383,4.2032441276111
574.4265603861,439.363283651626,3.80382727413139
302.038119419843,140.265633496065,3.76532573814896
533.730781463987,456.884023677512,3.80072152327473
41.9430800884581,413.287162899725,3.91344084655005
194.584494565984,286.499984808335,3.83027146746657
553.69913449252,259.078824281804,3.5586505771717
182.15964249435,23.3572612331087,4.45791470941332
494.468598010181,347.665416063728,4.27030473237002
35.877501897563,46.8210546714693,4.05394257782737
546.08373923835,136.083872216019,4.75210362977463
NA,NA,NA
665.282834773899,332.249076388097,3.56521181859484
457.505354795121,297.334995757362,3.6320172363934
8.69376239991532,495.063118872631,3.79757171315576
564.514264041749,55.4123690066781,4.16603849985041
70.0091900609711,374.574432980723,4.02591585981537
230.69201271114,416.167332212009,3.91693234207742
430.406333995143,12.5901637164742,3.39233739576977
359.926544358193,292.329361717854,3.24914645689451
605.369768312862,104.18850155849,4.15767421621045
391.194094256371,230.244058221554,4.26738099675275
568.386462225759,414.509969275546,4.73286864683297
141.249135856736,276.322158608981,4.44812462785666
203.651730594516,374.921078075317,4.0689711869268
123.91971619901,412.436591725523,3.47887320068923
631.64379271772,312.607117812591,4.5753704299788
1.99641003398061,152.297659250622,4.2565907854384
543.060519610142,201.690722812422,4.21950546948639
34.0495364692768,491.828894058743,2.97660942402952
279.554992165014,23.2983955742255,3.80815623419382
531.475920890594,389.420193588921,3.4150125825771
69.7560589576642,82.3167069629764,5.18357726909043
7.1670847028361,77.7118748806996,3.50453086193114
587.219018866423,228.638378992408,4.10222016302044
441.949122249137,460.892855038559,4.70237846302998
658.227998610689,375.121123453567,3.0391272840148
105.99404215516,486.497227129631,4.30519198898295
623.0232461823,93.2771808412152,4.07382951945677
418.902838449022,257.107152948922,3.55949854279
11.3072663045887,183.996255872006,3.12094016581319
61.5868235878026,117.367394255161,4.54260489261299
607.706349054001,190.606541395566,4.09731191685194
249.639053132185,223.777833140383,4.2032441276111
574.4265603861,439.363283651626,3.80382727413139
302.038119419843,140.265633496065,3.76532573814896
533.730781463987,456.884023677512,3.80072152327473
41.9430800884581,413.287162899725,3.91344084655005
194.584494565984,286.499984808335,3.83027146746657
553.69913449252,259.078824281804,3.5586505771717
182.15964249435,23.3572612331087,4.45791470941332
494.468598010181,347.665416063728,4.27030473237002
35.877501897563,46.8210546714693,4.05394257782737
546.08373923835,136.083872216019,4.75210362977463
NA,NA,NA
665.282834773899,332.249076388097,3.56521181859484
457.505354795121,297.334995757362,3.6320172363934
8.69376239991532,495.063118872631,3.79757171315576
564.514264041749,55.4123690066781,4.16603849985041
70.0091900609711,374.574432980723,4.02591585981537
230.69201271114,416.167332212009,3.91693234207742
430.406333995143,12.5901637164742,3.39233739576977
359.926544358193,292.329361717854,3.24914645689451
605.369768312862,104.18850155849,4.15767421621045
391.194094256371,230.244058221554,4.26738099675275
568.386462225759,414.509969275546,4.73286864683297
141.249135856736,276.322158608981,4.44812462785666
203.651730594516,374.921078075317,4.0689711869268
123.91971619901,412.436591725523,3.47887320068923
631.64379271772,312.607117812591,4.5753704299788
1.99641003398061,152.297659250622,4.2565907854384
543.060519610142,201.690722812422,4.21950546948639
34.0495364692768,491.828894058743,2.97660942402952
279.554992165014,23.2983955742255,3.80815623419382
531.475920890594,389.420193588921,3.4150125825771
69.7560589576642,82.3167069629764,5.18357726909043
7.1670847028361,77.7118748806996,3.50453086193114
587.219018866423,228.638378992408,4.10222016302044
441.949122249137,460.892855038559,4.70237846302998
658.227998610689,375.121123453567,3.0391272840148
105.99404215516,486.497227129631,4.30519198898295
623.0232461823,93.2771808412152,4.07382951945677
418.902838449022,257.107152948922,3.55949854279
11.3072663045887,183.996255872006,3.12094016581319
61.5868235878026,117.367394255161,4.54260489261299
607.706349054001,190.606541395566,4.09731191685194
249.639053132185,223.777833140383,4.2032441276111
574.4265603861,439.363283651626,3.80382727413139
302.038119419843,140.265633496065,3.76532573814896
533.730781463987,456.884023677512,3.80072152327473
41.9430800884581,413.287162899725,3.91344084655005
194.584494565984,286.499984808335,3.83027146746657
553.69913449252,259.078824281804,3.5586505771717
182.15964249435,23.3572612331087,4.45791470941332
494.468598010181,347.665416063728,4.27030473237002
35.877501897563,46.8210546714693,4.05394257782737
546.08373923835,136.083872216019,4.75210362977463
NA,NA,NA
665.282834773899,332.249076388097,3.56521181859484
457.505354795121,297.334995757362,3.6320172363934
8.69376239991532,495.063118872631,3.79757171315576
564.514264041749,55.4123690066781,4.16603849985041
70.0091900609711,374.574432980723,4.02591585981537
230.69201271114,416.167332212009,3.91693234207742
430.406333995143,12.5901637164742,3.39233739576977
359.926544358193,292.329361717854,3.24914645689451
605.369768312862,104.18850155849,4.15767421621045
391.194094256371,230.244058221554,4.26738099675275
568.386462225759,414.509969275546,4.73286864683297
141.249135856736,276.322158608981,4.44812462785666
203.651730594516,374.921078075317,4.0689711869268
123.91971619901,412.436591725523,3.47887320068923
631.64379271772,312.607117812591,4.5753704299788
1.99641003398061,152.297659250622,4.2565907854384
543.060519610142,201.690722812422,4.21950546948639
34.0495364692768,491.828894058743,2.97660942402952
279.554992165014,23.2983955742255,3.80815623419382
531.475920890594,389.420193588921,3.4150125825771
69.7560589576642,82.3167069629764,5.18357726909043
7.1670847028361,77.7118748806996,3.50453086193114
587.219018866423,228.638378992408,4.10222016302044
441.949122249137,460.892855038559,4.70237846302998
658.227998610689,375.121123453567,3.0391272840148
105.99404215516,486.497227129631,4.30519198898295
623.0232461823,93.2771808412152,4.07382951945677
418.902838449022,257.107152948922,3.55949854279
11.3072663045887,183.996255872006,3.12094016581319
61.5868235878026,117.367394255161,4.54260489261299
607.706349054001,190.606541395566,4.09731191685194
249.639053132185,223.777833140383,4.2032441276111
574.4265603861,439.363283651626,3.80382727413139
302.038119419843,140.265633496065,3.76532573814896
533.730781463987,456.884023677512,3.80072152327473
41.9430800884581,413.287162899725,3.91344084655005
194.584494565984,286.499984808335,3.83027146746657
553.69913449252,259.078824281804,3.5586505771717
182.15964249435,23.3572612331087,4.45791470941332
494.468598010181,347.665416063728,4.27030473237002
35.877501897563,46.8210546714693,4.05394257782737
546.08373923835,136.083872216019,4.75210362977463
NA,NA,NA
662.63369398516,333.517187790419,3.49181481139267
459.929589181788,300.481180552485,3.50628885147715
14.9165870528816,496.980112815917,3.7765960747556
559.686514940148,51.935288538547,4.14295690457174
76.3180602682153,375.481037395081,3.86526483027064
225.931824657035,414.392136788105,3.75904147545256
427.202845633146,12.6907196235759,3.26229306875582
363.229623048799,293.1716719768,2.93753860363954
603.958480569082,105.454119428056,4.16402252117525
388.871791786981,225.051865374576,4.11327356697143
567.269906074528,403.440173047505,4.71352122804461
134.026291273114,285.594391489399,4.49650030916907
198.699487592298,365.177935594832,4.00774829030138
124.954976822846,412.632303452718,3.37919337094129
623.228944003048,307.219304866134,4.57119183281569
0.877145721287623,151.378917750043,4.25099409707277
548.832177630669,202.946130394553,4.21717547005423
34.1210119957903,490.729357089722,3.02707230757812
284.713016264928,23.0149274191996,3.90503571474457
534.916446198847,393.515137849423,3.38530535099445
77.4531945295638,76.273061357954,5.2061013806123
7.92644820423426,72.1837607207196,3.40312042530876
587.920858489777,227.461167791972,3.98067214884673
433.997733468141,461.954806650807,4.76973538383158
660.397327786191,375.420438777382,2.91518162538113
101.892915740619,487.049811953246,4.40093429604903
622.879305307512,97.2761250069999,4.06756491502327
422.367571184068,259.563997238063,3.63461432039977
13.7403605094592,182.264523201317,3.09638583874737
63.9648712094953,119.663080329592,4.50718325728858
614.988056896175,216.803043518816,4.00376217526999
254.05718925247,226.017321624887,4.14411015714962
574.952661337205,432.606250562407,3.72362661162341
297.565939713108,135.112657261633,4.11636091363716
536.825568133395,458.36680643578,3.38048193308151
42.521190200346,408.724060189679,3.78168493259587
193.997036660546,290.033765596697,4.3965196902656
549.924732731552,265.21486901144,3.53219473272077
169.70330407994,35.3767962267282,4.49459578775324
504.175717717412,342.012132454044,4.47232363866607
38.2644235522188,44.3622792385914,3.57267849235168
535.731371162015,154.494453812968,4.53426198307766
NA,NA,NA
662.63369398516,333.517187790419,3.49181481139267
459.929589181788,300.481180552485,3.50628885147715
14.9165870528816,496.980112815917,3.7765960747556
559.686514940148,51.935288538547,4.14295690457174
76.3180602682153,375.481037395081,3.86526483027064
225.931824657035,414.392136788105,3.75904147545256
427.202845633146,12.6907196235759,3.26229306875582
363.229623048799,293.1716719768,2.93753860363954
603.958480569082,105.454119428056,4.16402252117525
388.871791786981,225.051865374576,4.11327356697143
567.269906074528,403.440173047505,4.71352122804461
134.026291273114,285.594391489399,4.49650030916907
198.699487592298,365.177935594832,4.00774829030138
124.954976822846,412.632303452718,3.37919337094129
623.228944003048,307.219304866134,4.57119183281569
0.877145721287623,151.378917750043,4.25099409707277
548.832177630669,202.946130394553,4.21717547005423
34.1210119957903,490.729357089722,3.02707230757812
284.713016264928,23.0149274191996,3.90503571474457
534.916446198847,393.515137849423,3.38530535099445
77.4531945295638,76.273061357954,5.2061013806123
7.92644820423426,72.1837607207196,3.40312042530876
587.920858489777,227.461167791972,3.98067214884673
433.997733468141,461.954806650807,4.76973538383158
660.397327786191,375.420438777382,2.91518162538113
101.892915740619,487.049811953246,4.40093429604903
622.879305307512,97.2761250069999,4.06756491502327
422.367571184068,259.563997238063,3.63461432039977
13.7403605094592,182.264523201317,3.09638583874737
63.9648712094953,119.663080329592,4.50718325728858
614.988056896175,216.803043518816,4.00376217526999
254.05718925247,226.017321624887,4.14411015714962
574.952661337205,432.606250562407,3.72362661162341
297.565939713108,135.112657261633,4.11636091363716
536.825568133395,458.36680643578,3.38048193308151
42.521190200346,408.724060189679,3.78168493259587
193.997036660546,290.033765596697,4.3965196902656
549.924732731552,265.21486901144,3.53219473272077
169.70330407994,35.3767962267282,4.49459578775324
504.175717717412,342.012132454044,4.47232363866607
38.2644235522188,44.3622792385914,3.57267849235168
535.731371162015,154.494453812968,4.53426198307766
NA,NA,NA
662.63369398516,333.517187790419,3.49181481139267
459.929589181788,300.481180552485,3.50628885147715
14.9165870528816,496.980112815917,3.7765960747556
559.686514940148,51.935288538547,4.14295690457174
76.3180602682153,375.481037395081,3.86526483027064
225.931824657035,414.392136788105,3.75904147545256
427.202845633146,12.6907196235759,3.26229306875582
363.229623048799,293.1716719768,2.93753860363954
603.958480569082,105.454119428056,4.16402252117525
388.871791786981,225.051865374576,4.11327356697143
567.269906074528,403.440173047505,4.71352122804461
134.026291273114,285.594391489399,4.49650030916907
198.699487592298,365.177935594832,4.00774829030138
124.954976822846,412.632303452718,3.37919337094129
623.228944003048,307.219304866134,4.57119183281569
0.877145721287623,151.378917750043,4.25099409707277
548.832177630669,202.946130394553,4.21717547005423
34.1210119957903,490.729357089722,3.02707230757812
284.713016264928,23.0149274191996,3.90503571474457
534.916446198847,393.515137849423,3.38530535099445
77.4531945295638,76.273061357954,5.2061013806123
7.92644820423426,72.1837607207196,3.40312042530876
587.920858489777,227.461167791972,3.98067214884673
433.997733468141,461.954806650807,4.76973538383158
660.397327786191,375.420438777382,2.91518162538113
101.892915740619,487.049811953246,4.40093429604903
622.879305307512,97.2761250069999,4.06756491502327
422.367571184068,259.563997238063,3.63461432039977
13.7403605094592,182.264523201317,3.09638583874737
63.9648712094953,119.663080329592,4.50718325728858
614.988056896175,216.803043518816,4.00376217526999
254.05718925247,226.017321624887,4.14411015714962
574.952661337205,432.606250562407,3.72362661162341
297.565939713108,135.112657261633,4.11636091363716
536.825568133395,458.36680643578,3.38048193308151
42.521190200346,408.724060189679,3.78168493259587
193.997036660546,290.033765596697,4.3965196902656
549.924732731552,265.21486901144,3.53219473272077
169.70330407994,35.3767962267282,4.49459578775324
504.175717717412,342.012132454044,4.47232363866607
38.2644235522188,44.3622792385914,3.57267849235168
535.731371162015,154.494453812968,4.53426198307766
NA,NA,NA
662.63369398516,333.517187790419,3.49181481139267
459.929589181788,300.481180552485,3.50628885147715
14.9165870528816,496.980112815917,3.7765960747556
559.686514940148,51.935288538547,4.14295690457174
76.3180602682153,375.481037395081,3.86526483027064
225.931824657035,414.392136788105,3.75904147545256
427.202845633146,12.6907196235759,3.26229306875582
363.229623048799,293.1716719768,2.93753860363954
603.958480569082,105.454119428056,4.16402252117525
388.871791786981,225.051865374576,4.11327356697143
567.269906074528,403.440173047505,4.71352122804461
134.026291273114,285.594391489399,4.49650030916907
198.699487592298,365.177935594832,4.00774829030138
124.954976822846,412.632303452718,3.37919337094129
623.228944003048,307.219304866134,4.57119183281569
0.877145721287623,151.378917750043,4.25099409707277
548.832177630669,202.946130394553,4.21717547005423
34.1210119957903,490.729357089722,3.02707230757812
284.713016264928,23.0149274191996,3.90503571474457
534.916446198847,393.515137849423,3.38530535099445
77.4531945295638,76.273061357954,5.2061013806123
7.92644820423426,72.1837607207196,3.40312042530876
587.920858489777,227.461167791972,3.98067214884673
433.997733468141,461.954806650807,4.76973538383158
660.397327786191,375.420438777382,2.91518162538113
101.892915740619,487.049811953246,4.40093429604903
622.879305307512,97.2761250069999,4.06756491502327
422.367571184068,259.563997238063,3.63461432039977
13.7403605094592,182.264523201317,3.09638583874737
63.9648712094953,119.663080329592,4.50718325728858
614.988056896175,216.803043518816,4.00376217526999
254.05718925247,226.017321624887,4.14411015714962
574.952661337205,432.606250562407,3.72362661162341
297.565939713108,135.112657261633,4.11636091363716
536.825568133395,458.36680643578,3.38048193308151
42.521190200346,408.724060189679,3.78168493259587
193.997036660546,290.033765596697,4.3965196902656
549.924732731552,265.21486901144,3.53219473272077
169.70330407994,35.3767962267282,4.49459578775324
504.175717717412,342.012132454044,4.47232363866607
38.2644235522188,44.3622792385914,3.57267849235168
535.731371162015,154.494453812968,4.53426198307766
NA,NA,NA
662.63369398516,333.517187790419,3.49181481139267
459.929589181788,300.481180552485,3.50628885147715
14.9165870528816,496.980112815917,3.7765960747556
559.686514940148,51.935288538547,4.14295690457174
76.3180602682153,375.481037395081,3.86526483027064
225.931824657035,414.392136788105,3.75904147545256
427.202845633146,12.6907196235759,3.26229306875582
363.229623048799,293.1716719768,2.93753860363954
603.958480569082,105.454119428056,4.16402252117525
388.871791786981,225.051865374576,4.11327356697143
567.269906074528,403.440173047505,4.71352122804461
134.026291273114,285.594391489399,4.49650030916907
198.699487592298,365.177935594832,4.00774829030138
124.954976822846,412.632303452718,3.37919337094129
623.228944003048,307.219304866134,4.57119183281569
0.877145721287623,151.378917750043,4.25099409707277
548.832177630669,202.946130394553,4.21717547005423
34.1210119957903,490.729357089722,3.02707230757812
284.713016264928,23.0149274191996,3.90503571474457
534.916446198847,393.515137849423,3.38530535099445
77.4531945295638,76.273061357954,5.2061013806123
7.92644820423426,72.1837607207196,3.40312042530876
587.920858489777,227.461167791972,3.98067214884673
433.997733468141,461.954806650807,4.76973538383158
660.397327786191,375.420438777382,2.91518162538113
101.892915740619,487.049811953246,4.40093429604903
622.879305307512,97.2761250069999,4.06756491502327
422.367571184068,259.563997238063,3.63461432039977
13.7403605094592,182.264523201317,3.09638583874737
63.9648712094953,119.663080329592,4.50718325728858
614.988056896175,216.803043518816,4.00376217526999
254.05718925247,226.017321624887,4.14411015714962
574.952661337205,432.606250562407,3.72362661162341
297.565939713108,135.112657261633,4.11636091363716
536.825568133395,458.36680643578,3.38048193308151
42.521190200346,408.724060189679,3.78168493259587
193.997036660546,290.033765596697,4.3965196902656
549.924732731552,265.21486901144,3.53219473272077
169.70330407994,35.3767962267282,4.49459578775324
504.175717717412,342.012132454044,4.47232363866607
38.2644235522188,44.3622792385914,3.57267849235168
535.731371162015,154.494453812968,4.53426198307766
NA,NA,NA
662.63369398516,333.517187790419,3.49181481139267
459.929589181788,300.481180552485,3.50628885147715
14.9165870528816,496.980112815917,3.7765960747556
559.686514940148,51.935288538547,4.14295690457174
76.3180602682153,375.481037395081,3.86526483027064
225.931824657035,414.392136788105,3.75904147545256
427.202845633146,12.6907196235759,3.26229306875582
363.229623048799,293.1716719768,2.93753860363954
603.958480569082,105.454119428056,4.16402252117525
388.871791786981,225.051865374576,4.11327356697143
567.269906074528,403.440173047505,4.71352122804461
134.026291273114,285.594391489399,4.49650030916907
198.699487592298,365.177935594832,4.00774829030138
124.954976822846,412.632303452718,3.37919337094129
623.228944003048,307.219304866134,4.57119183281569
0.877145721287623,151.378917750043,4.25099409707277
548.832177630669,202.946130394553,4.21717547005423
34.1210119957903,490.729357089722,3.02707230757812
284.713016264928,23.0149274191996,3.90503571474457
534.916446198847,393.515137849423,3.38530535099445
77.4531945295638,76.273061357954,5.2061013806123
7.92644820423426,72.1837607207196,3.40312042530876
587.920858489777,227.461167791972,3.98067214884673
433.997733468141,461.954806650807,4.76973538383158
660.397327786191,375.420438777382,2.91518162538113
101.892915740619,487.049811953246,4.40093429604903
622.879305307512,97.2761250069999,4.06756491502327
422.367571184068,259.563997238063,3.63461432039977
13.7403605094592,182.264523201317,3.09638583874737
63.9648712094953,119.663080329592,4.50718325728858
614.988056896175,216.803043518816,4.00376217526999
254.05718925247,226.017321624887,4.14411015714962
574.952661337205,432.606250562407,3.72362661162341
297.565939713108,135.112657261633,4.11636091363716
536.825568133395,458.36680643578,3.38048193308151
42.521190200346,408.724060189679,3.78168493259587
193.997036660546,290.033765596697,4.3965196902656
549.924732731552,265.21486901144,3.53219473272077
169.70330407994,35.3767962267282,4.49459578775324
504.175717717412,342.012132454044,4.47232363866607
38.2644235522188,44.3622792385914,3.57267849235168
535.731371162015,154.494453812968,4.53426198307766
NA,NA,NA
661.602751468776,334.39124741388,3.45077055881224
458.601356245178,302.209497603837,3.60320608669634
10.4425227319284,492.582803692675,3.75277472228235
558.638680621552,47.7451413967547,4.15414939787901
69.0133543869489,374.359837888323,3.912316513409
228.283722611732,413.64479958521,3.92822089164735
430.434590102298,15.2275309219513,3.54290301309679
360.509822728465,293.714030531992,2.9869424354261
610.85684717232,106.645255725946,4.26642561757135
388.294656649195,223.121819387312,4.18112391109577
570.389714685796,405.336750481195,4.76464259227156
146.207660965361,283.091642305467,4.56527369208386
200.314031989007,372.820138576713,4.0071642191219
126.819277920874,411.829194178006,3.32991930698043
631.879192893059,315.321037190206,4.74836386735391
0.287856421824547,153.021116976824,4.27761495182801
541.689939708336,204.826006686654,4.24464570055704
34.5202586932265,491.821016653983,3.00728287170644
280.546261575044,22.675520054234,3.87807596927397
534.606267430482,392.693071172114,3.22145202854537
73.0630948455055,87.3599966040696,5.28993332104037
3.14557414026239,76.6722899070142,3.48673208122834
591.081121057339,228.351320211997,4.00365686357703
437.478798503683,461.761406030374,4.65845429413926
659.298443795937,373.152014826332,2.97821263615853
106.837727140088,484.279025059943,4.23679077423754
622.267777628918,91.676534512354,4.06845619767781
419.677030149067,255.297095942741,3.59764548082619
12.1462781627225,182.125435069812,3.24516389028881
58.8532434882729,126.498084947804,4.48938957586367
600.283653240672,214.021524837356,4.16465324864577
252.852178382795,216.645796171542,3.70399705777305
569.597733005766,428.594727265805,3.64140079662742
304.63113768504,136.897426655213,3.87857253735931
524.010473209295,455.51104304389,3.50107175370399
40.4169095562726,429.077842093119,3.91360951249007
209.304642495322,289.710748716299,3.89639445771896
540.97144891087,257.825358728155,3.69695367368383
181.451139234981,29.404345993398,4.3161363358488
500.338415418363,339.155348662499,4.55031357226166
31.4355866146408,52.1354005173174,3.68688248769627
517.627879456339,144.901111431392,4.38413331661427
NA,NA,NA
661.602751468776,334.39124741388,3.45077055881224
458.601356245178,302.209497603837,3.60320608669634
10.4425227319284,492.582803692675,3.75277472228235
558.638680621552,47.7451413967547,4.15414939787901
69.0133543869489,374.359837888323,3.912316513409
228.283722611732,413.64479958521,3.92822089164735
430.434590102298,15.2275309219513,3.54290301309679
360.509822728465,293.714030531992,2.9869424354261
610.85684717232,106.645255725946,4.26642561757135
388.294656649195,223.121819387312,4.18112391109577
570.389714685796,405.336750481195,4.76464259227156
146.207660965361,283.091642305467,4.56527369208386
200.314031989007,372.820138576713,4.0071642191219
126.819277920874,411.829194178006,3.32991930698043
631.879192893059,315.321037190206,4.74836386735391
0.287856421824547,153.021116976824,4.27761495182801
541.689939708336,204.826006686654,4.24464570055704
34.5202586932265,491.821016653983,3.00728287170644
280.546261575044,22.675520054234,3.87807596927397
534.606267430482,392.693071172114,3.22145202854537
73.0630948455055,87.3599966040696,5.28993332104037
3.14557414026239,76.6722899070142,3.48673208122834
591.081121057339,228.351320211997,4.00365686357703
437.478798503683,461.761406030374,4.65845429413926
659.298443795937,373.152014826332,2.97821263615853
106.837727140088,484.279025059943,4.23679077423754
622.267777628918,91.676534512354,4.06845619767781
419.677030149067,255.297095942741,3.59764548082619
12.1462781627225,182.125435069812,3.24516389028881
58.8532434882729,126.498084947804,4.48938957586367
600.283653240672,214.021524837356,4.16465324864577
252.852178382795,216.645796171542,3.70399705777305
569.597733005766,428.594727265805,3.64140079662742
304.63113768504,136.897426655213,3.87857253735931
524.010473209295,455.51104304389,3.50107175370399
40.4169095562726,429.077842093119,3.91360951249007
209.304642495322,289.710748716299,3.89639445771896
540.97144891087,257.825358728155,3.69695367368383
181.451139234981,29.404345993398,4.3161363358488
500.338415418363,339.155348662499,4.55031357226166
31.4355866146408,52.1354005173174,3.68688248769627
517.627879456339,144.901111431392,4.38413331661427
NA,NA,NA
661.602751468776,334.39124741388,3.45077055881224
458.601356245178,302.209497603837,3.60320608669634
10.4425227319284,492.582803692675,3.75277472228235
558.638680621552,47.7451413967547,4.15414939787901
69.0133543869489,374.359837888323,3.912316513409
228.283722611732,413.64479958521,3.92822089164735
430.434590102298,15.2275309219513,3.54290301309679
360.509822728465,293.714030531992,2.9869424354261
610.85684717232,106.645255725946,4.26642561757135
388.294656649195,223.121819387312,4.18112391109577
570.389714685796,405.336750481195,4.76464259227156
146.207660965361,283.091642305467,4.56527369208386
200.314031989007,372.820138576713,4.0071642191219
126.819277920874,411.829194178006,3.32991930698043
631.879192893059,315.321037190206,4.74836386735391
0.287856421824547,153.021116976824,4.27761495182801
541.689939708336,204.826006686654,4.24464570055704
34.5202586932265,491.821016653983,3.00728287170644
280.546261575044,22.675520054234,3.87807596927397
534.606267430482,392.693071172114,3.22145202854537
73.0630948455055,87.3599966040696,5.28993332104037
3.14557414026239,76.6722899070142,3.48673208122834
591.081121057339,228.351320211997,4.00365686357703
437.478798503683,461.761406030374,4.65845429413926
659.298443795937,373.152014826332,2.97821263615853
106.837727140088,484.279025059943,4.23679077423754
622.267777628918,91.676534512354,4.06845619767781
419.677030149067,255.297095942741,3.59764548082619
12.1462781627225,182.125435069812,3.24516389028881
58.8532434882729,126.498084947804,4.48938957586367
600.283653240672,214.021524837356,4.16465324864577
252.852178382795,216.645796171542,3.70399705777305
569.597733005766,428.594727265805,3.64140079662742
304.63113768504,136.897426655213,3.87857253735931
524.010473209295,455.51104304389,3.50107175370399
40.4169095562726,429.077842093119,3.91360951249007
209.304642495322,289.710748716299,3.89639445771896
540.97144891087,257.825358728155,3.69695367368383
181.451139234981,29.404345993398,4.3161363358488
500.338415418363,339.155348662499,4.55031357226166
31.4355866146408,52.1354005173174,3.68688248769627
517.627879456339,144.901111431392,4.38413331661427
NA,NA,NA
661.602751468776,334.39124741388,3.45077055881224
458.601356245178,302.209497603837,3.60320608669634
10.4425227319284,492.582803692675,3.75277472228235
558.638680621552,47.7451413967547,4.15414939787901
69.0133543869489,374.359837888323,3.912316513409
228.283722611732,413.64479958521,3.92822089164735
430.434590102298,15.2275309219513,3.54290301309679
360.509822728465,293.714030531992,2.9869424354261
610.85684717232,106.645255725946,4.26642561757135
388.294656649195,223.121819387312,4.18112391109577
570.389714685796,405.336750481195,4.76464259227156
146.207660965361,283.091642305467,4.56527369208386
200.314031989007,372.820138576713,4.0071642191219
126.819277920874,411.829194178006,3.32991930698043
631.879192893059,315.321037190206,4.74836386735391
0.287856421824547,153.021116976824,4.27761495182801
541.689939708336,204.826006686654,4.24464570055704
34.5202586932265,491.821016653983,3.00728287170644
280.546261575044,22.675520054234,3.87807596927397
534.606267430482,392.693071172114,3.22145202854537
73.0630948455055,87.3599966040696,5.28993332104037
3.14557414026239,76.6722899070142,3.48673208122834
591.081121057339,228.351320211997,4.00365686357703
437.478798503683,461.761406030374,4.65845429413926
659.298443795937,373.152014826332,2.97821263615853
106.837727140088,484.279025059943,4.23679077423754
622.267777628918,91.676534512354,4.06845619767781
419.677030149067,255.297095942741,3.59764548082619
12.1462781627225,182.125435069812,3.24516389028881
58.8532434882729,126.498084947804,4.48938957586367
600.283653240672,214.021524837356,4.16465324864577
252.852178382795,216.645796171542,3.70399705777305
569.597733005766,428.594727265805,3.64140079662742
304.63113768504,136.897426655213,3.87857253735931
524.010473209295,455.51104304389,3.50107175370399
40.4169095562726,429.077842093119,3.91360951249007
209.304642495322,289.710748716299,3.89639445771896
540.97144891087,257.825358728155,3.69695367368383
181.451139234981,29.404345993398,4.3161363358488
500.338415418363,339.155348662499,4.55031357226166
31.4355866146408,52.1354005173174,3.68688248769627
517.627879456339,144.901111431392,4.38413331661427
NA,NA,NA
661.602751468776,334.39124741388,3.45077055881224
458.601356245178,302.209497603837,3.60320608669634
10.4425227319284,492.582803692675,3.75277472228235
558.638680621552,47.7451413967547,4.15414939787901
69.0133543869489,374.359837888323,3.912316513409
228.283722611732,413.64479958521,3.92822089164735
430.434590102298,15.2275309219513,3.54290301309679
360.509822728465,293.714030531992,2.9869424354261
610.85684717232,106.645255725946,4.26642561757135
388.294656649195,223.121819387312,4.18112391109577
570.389714685796,405.336750481195,4.76464259227156
146.207660965361,283.091642305467,4.56527369208386
200.314031989007,372.820138576713,4.0071642191219
126.819277920874,411.829194178006,3.32991930698043
631.879192893059,315.321037190206,4.74836386735391
0.287856421824547,153.021116976824,4.27761495182801
541.689939708336,204.826006686654,4.24464570055704
34.5202586932265,491.821016653983,3.00728287170644
280.546261575044,22.675520054234,3.87807596927397
534.606267430482,392.693071172114,3.22145202854537
73.0630948455055,87.3599966040696,5.28993332104037
3.14557414026239,76.6722899070142,3.48673208122834
591.081121057339,228.351320211997,4.00365686357703
437.478798503683,461.761406030374,4.65845429413926
659.298443795937,373.152014826332,2.97821263615853
106.837727140088,484.279025059943,4.23679077423754
622.267777628918,91.676534512354,4.06845619767781
419.677030149067,255.297095942741,3.59764548082619
12.1462781627225,182.125435069812,3.24516389028881
58.8532434882729,126.498084947804,4.48938957586367
600.283653240672,214.021524837356,4.16465324864577
252.852178382795,216.645796171542,3.70399705777305
569.597733005766,428.594727265805,3.64140079662742
304.63113768504,136.897426655213,3.87857253735931
524.010473209295,455.51104304389,3.50107175370399
40.4169095562726,429.077842093119,3.91360951249007
209.304642495322,289.710748716299,3.89639445771896
540.97144891087,257.825358728155,3.69695367368383
181.451139234981,29.404345993398,4.3161363358488
500.338415418363,339.155348662499,4.55031357226166
31.4355866146408,52.1354005173174,3.68688248769627
517.627879456339,144.901111431392,4.38413331661427
NA,NA,NA
661.602751468776,334.39124741388,3.45077055881224
458.601356245178,302.209497603837,3.60320608669634
10.4425227319284,492.582803692675,3.75277472228235
558.638680621552,47.7451413967547,4.15414939787901
69.0133543869489,374.359837888323,3.912316513409
228.283722611732,413.64479958521,3.92822089164735
430.434590102298,15.2275309219513,3.54290301309679
360.509822728465,293.714030531992,2.9869424354261
610.85684717232,106.645255725946,4.26642561757135
388.294656649195,223.121819387312,4.18112391109577
570.389714685796,405.336750481195,4.76464259227156
146.207660965361,283.091642305467,4.56527369208386
200.314031989007,372.820138576713,4.0071642191219
126.819277920874,411.829194178006,3.32991930698043
631.879192893059,315.321037190206,4.74836386735391
0.287856421824547,153.021116976824,4.27761495182801
541.689939708336,204.826006686654,4.24464570055704
34.5202586932265,491.821016653983,3.00728287170644
280.546261575044,22.675520054234,3.87807596927397
534.606267430482,392.693071172114,3.22145202854537
73.0630948455055,87.3599966040696,5.28993332104037
3.14557414026239,76.6722899070142,3.48673208122834
591.081121057339,228.351320211997,4.00365686357703
437.478798503683,461.761406030374,4.65845429413926
659.298443795937,373.152014826332,2.97821263615853
106.837727140088,484.279025059943,4.23679077423754
622.267777628918,91.676534512354,4.06845619767781
419.677030149067,255.297095942741,3.59764548082619
12.1462781627225,182.125435069812,3.24516389028881
58.8532434882729,126.498084947804,4.48938957586367
600.283653240672,214.021524837356,4.16465324864577
252.852178382795,216.645796171542,3.70399705777305
569.597733005766,428.594727265805,3.64140079662742
304.63113768504,136.897426655213,3.87857253735931
524.010473209295,455.51104304389,3.50107175370399
40.4169095562726,429.077842093119,3.91360951249007
209.304642495322,289.710748716299,3.89639445771896
540.97144891087,257.825358728155,3.69695367368383
181.451139234981,29.404345993398,4.3161363358488
500.338415418363,339.155348662499,4.55031357226166
31.4355866146408,52.1354005173174,3.68688248769627
517.627879456339,144.901111431392,4.38413331661427
NA,NA,NA
661.607131172085,334.988754335703,3.48371962009558
454.940656583592,296.955539136255,3.72836568298673
9.17658377921051,492.396029382471,3.60055593481981
559.85216885261,54.7712512639523,4.23292542675409
71.2793220969794,379.872565588445,3.93890716033874
230.800675360715,415.695201493662,3.86214696861267
429.846206585881,14.865899661111,3.25439645440927
361.826318926715,293.039801874134,3.1739076673663
601.896368496699,104.439472359144,4.11544397484746
393.122540597308,228.521040608015,4.18163398761794
563.987918467561,412.713609185317,4.7272753468643
132.309828894931,284.355485304077,4.61375007741666
203.612205455371,370.359570559898,3.97025851120557
124.191700399625,409.961983767866,3.24323620768602
627.913342013368,317.074860633062,4.60475467933009
1.72749955502554,153.974026255438,4.2766109777185
544.961901427198,205.23813206842,4.18097936238554
33.8228294783833,491.33642101286,2.93939663515948
282.244765317888,21.3086106782508,3.89345065931935
531.097680931604,391.416708811991,3.40170779271496
67.5192447032645,75.3208858552324,5.16875604668443
5.56357114677223,74.3601347369948,3.52349218302299
583.662025024134,225.304164576227,3.98867083612534
441.047121876573,463.515478620807,4.82455551504678
657.855275531096,373.169438123761,3.21274011768757
106.809604744394,487.648374558939,4.46773530172422
625.308572161116,90.7449419837367,4.1358411694026
419.100457751484,257.528516791496,3.61633016201852
9.28506843848967,181.644946779879,3.08543368535271
75.3025122733633,116.578595279866,4.48377034355344
618.800583957106,204.286326293244,4.36942950126683
258.634155277607,206.320798122767,3.87871335244742
580.262103766064,425.500021702544,3.67417790053238
304.761556485415,135.72040571318,3.77019107045871
538.088770140094,454.667508882936,3.70162935160093
58.6781515510524,409.857191106431,3.68212883394255
203.692296855048,293.490544386368,4.27158721621397
540.545981678657,263.771083732752,3.7291015070314
170.545073928436,32.3670681243843,4.43897068149933
504.575996511721,336.788242099436,4.29469816403123
43.0023540627207,66.3156383373969,3.34781476081265
536.169199542991,142.594543985016,4.58945117658799
NA,NA,NA
661.607131172085,334.988754335703,3.48371962009558
454.940656583592,296.955539136255,3.72836568298673
9.17658377921051,492.396029382471,3.60055593481981
559.85216885261,54.7712512639523,4.23292542675409
71.2793220969794,379.872565588445,3.93890716033874
230.800675360715,415.695201493662,3.86214696861267
429.846206585881,14.865899661111,3.25439645440927
361.826318926715,293.039801874134,3.1739076673663
601.896368496699,104.439472359144,4.11544397484746
393.122540597308,228.521040608015,4.18163398761794
563.987918467561,412.713609185317,4.7272753468643
132.309828894931,284.355485304077,4.61375007741666
203.612205455371,370.359570559898,3.97025851120557
124.191700399625,409.961983767866,3.24323620768602
627.913342013368,317.074860633062,4.60475467933009
1.72749955502554,153.974026255438,4.2766109777185
544.961901427198,205.23813206842,4.18097936238554
33.8228294783833,491.33642101286,2.93939663515948
282.244765317888,21.3086106782508,3.89345065931935
531.097680931604,391.416708811991,3.40170779271496
67.5192447032645,75.3208858552324,5.16875604668443
5.56357114677223,74.3601347369948,3.52349218302299
583.662025024134,225.304164576227,3.98867083612534
441.047121876573,463.515478620807,4.82455551504678
657.855275531096,373.169438123761,3.21274011768757
106.809604744394,487.648374558939,4.46773530172422
625.308572161116,90.7449419837367,4.1358411694026
419.100457751484,257.528516791496,3.61633016201852
9.28506843848967,181.644946779879,3.08543368535271
75.3025122733633,116.578595279866,4.48377034355344
618.800583957106,204.286326293244,4.36942950126683
258.634155277607,206.320798122767,3.87871335244742
580.262103766064,425.500021702544,3.67417790053238
304.761556485415,135.72040571318,3.77019107045871
538.088770140094,454.667508882936,3.70162935160093
58.6781515510524,409.857191106431,3.68212883394255
203.692296855048,293.490544386368,4.27158721621397
540.545981678657,263.771083732752,3.7291015070314
170.545073928436,32.3670681243843,4.43897068149933
504.575996511721,336.788242099436,4.29469816403123
43.0023540627207,66.3156383373969,3.34781476081265
536.169199542991,142.594543985016,4.58945117658799
NA,NA,NA
661.607131172085,334.988754335703,3.48371962009558
454.940656583592,296.955539136255,3.72836568298673
9.17658377921051,492.396029382471,3.60055593481981
559.85216885261,54.7712512639523,4.23292542675409
71.2793220969794,379.872565588445,3.93890716033874
230.800675360715,415.695201493662,3.86214696861267
429.846206585881,14.865899661111,3.25439645440927
361.826318926715,293.039801874134,3.1739076673663
601.896368496699,104.439472359144,4.11544397484746
393.122540597308,228.521040608015,4.18163398761794
563.987918467561,412.713609185317,4.7272753468643
132.309828894931,284.355485304077,4.61375007741666
203.612205455371,370.359570559898,3.97025851120557
124.191700399625,409.961983767866,3.24323620768602
627.913342013368,317.074860633062,4.60475467933009
1.72749955502554,153.974026255438,4.2766109777185
544.961901427198,205.23813206842,4.18097936238554
33.8228294783833,491.33642101286,2.93939663515948
282.244765317888,21.3086106782508,3.89345065931935
531.097680931604,391.416708811991,3.40170779271496
67.5192447032645,75.3208858552324,5.16875604668443
5.56357114677223,74.3601347369948,3.52349218302299
583.662025024134,225.304164576227,3.98867083612534
441.047121876573,463.515478620807,4.82455551504678
657.855275531096,373.169438123761,3.21274011768757
106.809604744394,487.648374558939,4.46773530172422
625.308572161116,90.7449419837367,4.1358411694026
419.100457751484,257.528516791496,3.61633016201852
9.28506843848967,181.644946779879,3.08543368535271
75.3025122733633,116.578595279866,4.48377034355344
618.800583957106,204.286326293244,4.36942950126683
258.634155277607,206.320798122767,3.87871335244742
580.262103766064,425.500021702544,3.67417790053238
304.761556485415,135.72040571318,3.77019107045871
538.088770140094,454.667508882936,3.70162935160093
58.6781515510524,409.857191106431,3.68212883394255
203.692296855048,293.490544386368,4.27158721621397
540.545981678657,263.771083732752,3.7291015070314
170.545073928436,32.3670681243843,4.43897068149933
504.575996511721,336.788242099436,4.29469816403123
43.0023540627207,66.3156383373969,3.34781476081265
536.169199542991,142.594543985016,4.58945117658799
NA,NA,NA
661.607131172085,334.988754335703,3.48371962009558
454.940656583592,296.955539136255,3.72836568298673
9.17658377921051,492.396029382471,3.60055593481981
559.85216885261,54.7712512639523,4.23292542675409
71.2793220969794,379.872565588445,3.93890716033874
230.800675360715,415.695201493662,3.86214696861267
429.846206585881,14.865899661111,3.25439645440927
361.826318926715,293.039801874134,3.1739076673663
601.896368496699,104.439472359144,4.11544397484746
393.122540597308,228.521040608015,4.18163398761794
563.987918467561,412.713609185317,4.7272753468643
132.309828894931,284.355485304077,4.61375007741666
203.612205455371,370.359570559898,3.97025851120557
124.191700399625,409.961983767866,3.24323620768602
627.913342013368,317.074860633062,4.60475467933009
1.72749955502554,153.974026255438,4.2766109777185
544.961901427198,205.23813206842,4.18097936238554
33.8228294783833,491.33642101286,2.93939663515948
282.244765317888,21.3086106782508,3.89345065931935
531.097680931604,391.416708811991,3.40170779271496
67.5192447032645,75.3208858552324,5.16875604668443
5.56357114677223,74.3601347369948,3.52349218302299
583.662025024134,225.304164576227,3.98867083612534
441.047121876573,463.515478620807,4.82455551504678
657.855275531096,373.169438123761,3.21274011768757
106.809604744394,487.648374558939,4.46773530172422
625.308572161116,90.7449419837367,4.1358411694026
419.100457751484,257.528516791496,3.61633016201852
9.28506843848967,181.644946779879,3.08543368535271
75.3025122733633,116.578595279866,4.48377034355344
618.800583957106,204.286326293244,4.36942950126683
258.634155277607,206.320798122767,3.87871335244742
580.262103766064,425.500021702544,3.67417790053238
304.761556485415,135.72040571318,3.77019107045871
538.088770140094,454.667508882936,3.70162935160093
58.6781515510524,409.857191106431,3.68212883394255
203.692296855048,293.490544386368,4.27158721621397
540.545981678657,263.771083732752,3.7291015070314
170.545073928436,32.3670681243843,4.43897068149933
504.575996511721,336.788242099436,4.29469816403123
43.0023540627207,66.3156383373969,3.34781476081265
536.169199542991,142.594543985016,4.58945117658799
NA,NA,NA
661.607131172085,334.988754335703,3.48371962009558
454.940656583592,296.955539136255,3.72836568298673
9.17658377921051,492.396029382471,3.60055593481981
559.85216885261,54.7712512639523,4.23292542675409
71.2793220969794,379.872565588445,3.93890716033874
230.800675360715,415.695201493662,3.86214696861267
429.846206585881,14.865899661111,3.25439645440927
361.826318926715,293.039801874134,3.1739076673663
601.896368496699,104.439472359144,4.11544397484746
393.122540597308,228.521040608015,4.18163398761794
563.987918467561,412.713609185317,4.7272753468643
132.309828894931,284.355485304077,4.61375007741666
203.612205455371,370.359570559898,3.97025851120557
124.191700399625,409.961983767866,3.24323620768602
627.913342013368,317.074860633062,4.60475467933009
1.72749955502554,153.974026255438,4.2766109777185
544.961901427198,205.23813206842,4.18097936238554
33.8228294783833,491.33642101286,2.93939663515948
282.244765317888,21.3086106782508,3.89345065931935
531.097680931604,391.416708811991,3.40170779271496
67.5192447032645,75.3208858552324,5.16875604668443
5.56357114677223,74.3601347369948,3.52349218302299
583.662025024134,225.304164576227,3.98867083612534
441.047121876573,463.515478620807,4.82455551504678
657.855275531096,373.169438123761,3.21274011768757
106.809604744394,487.648374558939,4.46773530172422
625.308572161116,90.7449419837367,4.1358411694026
419.100457751484,257.528516791496,3.61633016201852
9.28506843848967,181.644946779879,3.08543368535271
75.3025122733633,116.578595279866,4.48377034355344
618.800583957106,204.286326293244,4.36942950126683
258.634155277607,206.320798122767,3.87871335244742
580.262103766064,425.500021702544,3.67417790053238
304.761556485415,135.72040571318,3.77019107045871
538.088770140094,454.667508882936,3.70162935160093
58.6781515510524,409.857191106431,3.68212883394255
203.692296855048,293.490544386368,4.27158721621397
540.545981678657,263.771083732752,3.7291015070314
170.545073928436,32.3670681243843,4.43897068149933
504.575996511721,336.788242099436,4.29469816403123
43.0023540627207,66.3156383373969,3.34781476081265
536.169199542991,142.594543985016,4.58945117658799
NA,NA,NA
661.607131172085,334.988754335703,3.48371962009558
454.940656583592,296.955539136255,3.72836568298673
9.17658377921051,492.396029382471,3.60055593481981
559.85216885261,54.7712512639523,4.23292542675409
71.2793220969794,379.872565588445,3.93890716033874
230.800675360715,415.695201493662,3.86214696861267
429.846206585881,14.865899661111,3.25439645440927
361.826318926715,293.039801874134,3.1739076673663
601.896368496699,104.439472359144,4.11544397484746
393.122540597308,228.521040608015,4.18163398761794
563.987918467561,412.713609185317,4.7272753468643
132.309828894931,284.355485304077,4.61375007741666
203.612205455371,370.359570559898,3.97025851120557
124.191700399625,409.961983767866,3.24323620768602
627.913342013368,317.074860633062,4.60475467933009
1.72749955502554,153.974026255438,4.2766109777185
544.961901427198,205.23813206842,4.18097936238554
33.8228294783833,491.33642101286,2.93939663515948
282.244765317888,21.3086106782508,3.89345065931935
531.097680931604,391.416708811991,3.40170779271496
67.5192447032645,75.3208858552324,5.16875604668443
5.56357114677223,74.3601347369948,3.52349218302299
583.662025024134,225.304164576227,3.98867083612534
441.047121876573,463.515478620807,4.82455551504678
657.855275531096,373.169438123761,3.21274011768757
106.809604744394,487.648374558939,4.46773530172422
625.308572161116,90.7449419837367,4.1358411694026
419.100457751484,257.528516791496,3.61633016201852
9.28506843848967,181.644946779879,3.08543368535271
75.3025122733633,116.578595279866,4.48377034355344
618.800583957106,204.286326293244,4.36942950126683
258.634155277607,206.320798122767,3.87871335244742
580.262103766064,425.500021702544,3.67417790053238
304.761556485415,135.72040571318,3.77019107045871
538.088770140094,454.667508882936,3.70162935160093
58.6781515510524,409.857191106431,3.68212883394255
203.692296855048,293.490544386368,4.27158721621397
540.545981678657,263.771083732752,3.7291015070314
170.545073928436,32.3670681243843,4.43897068149933
504.575996511721,336.788242099436,4.29469816403123
43.0023540627207,66.3156383373969,3.34781476081265
536.169199542991,142.594543985016,4.58945117658799
NA,NA,NA
659.631338906258,330.400949845006,3.4127372684761
456.420022571596,296.268607907989,3.65440440806911
7.95568686179695,491.663208596032,3.67096203026104
561.029131027751,49.4302067450464,4.20446234390902
71.4485586588386,375.562813304869,4.02113921805403
220.189705482879,414.430294659966,3.9360425769583
429.937985537289,13.8755257277834,3.40900407711585
363.182264534477,290.459352346979,3.10065808760358
604.327287111097,99.1654252966476,4.1314400428206
388.844467017997,228.633445504731,4.2821279181092
563.040610904204,415.32310534618,4.78926445746929
140.097314462633,275.042843793552,4.59302055308696
202.161372158101,369.283163336594,4.13078082114924
125.575531239452,408.358266359202,3.23569566673096
629.327810280853,312.499490837493,4.45476370704912
3.71168687359764,142.99411704391,4.36849542856364
543.849623719722,204.431987896888,4.06207012847828
34.8014006959563,491.40527085157,3.0690752020703
281.274988845123,23.4109205927667,3.79066486429973
531.464789356277,394.485175273705,3.52090249706737
63.2235165246121,82.417515492084,5.11681844435057
4.75058456237151,79.1367812347086,3.57580863347025
586.985391568381,223.011710371963,3.97551768787457
448.054068762741,457.960857795901,4.82461498773487
659.077138047181,373.549715601272,3.02222051508571
107.641854873799,489.09427387019,4.4307408675682
625.719504634465,91.6525108151016,4.07296868918229
418.377468973742,260.323262578463,3.63705740229285
11.6961979618746,182.551081811422,3.20929586658777
72.135745169571,107.668610742352,4.51101263292406
597.099209188551,195.753626764169,4.36679752684375
255.22019139971,218.893327143512,3.78101111462781
571.14980417065,433.426629425924,3.89514119724215
307.465715422179,132.992780207813,3.79866322226343
529.057881834228,460.300462711395,3.46426509717442
48.5647332725109,407.388726355161,3.90945729383112
196.925860907305,296.992708558132,4.5261363882321
557.588807315411,264.867583484441,3.99345050593408
166.505994955376,48.7428536698494,4.3090359766337
492.624762725495,354.500978150657,4.65783816139243
37.718977408635,44.5184192294693,3.75317340662807
524.233645108474,154.26678327332,5.06707147855518
NA,NA,NA
659.631338906258,330.400949845006,3.4127372684761
456.420022571596,296.268607907989,3.65440440806911
7.95568686179695,491.663208596032,3.67096203026104
561.029131027751,49.4302067450464,4.20446234390902
71.4485586588386,375.562813304869,4.02113921805403
220.189705482879,414.430294659966,3.9360425769583
429.937985537289,13.8755257277834,3.40900407711585
363.182264534477,290.459352346979,3.10065808760358
604.327287111097,99.1654252966476,4.1314400428206
388.844467017997,228.633445504731,4.2821279181092
563.040610904204,415.32310534618,4.78926445746929
140.097314462633,275.042843793552,4.59302055308696
202.161372158101,369.283163336594,4.13078082114924
125.575531239452,408.358266359202,3.23569566673096
629.327810280853,312.499490837493,4.45476370704912
3.71168687359764,142.99411704391,4.36849542856364
543.849623719722,204.431987896888,4.06207012847828
34.8014006959563,491.40527085157,3.0690752020703
281.274988845123,23.4109205927667,3.79066486429973
531.464789356277,394.485175273705,3.52090249706737
63.2235165246121,82.417515492084,5.11681844435057
4.75058456237151,79.1367812347086,3.57580863347025
586.985391568381,223.011710371963,3.97551768787457
448.054068762741,457.960857795901,4.82461498773487
659.077138047181,373.549715601272,3.02222051508571
107.641854873799,489.09427387019,4.4307408675682
625.719504634465,91.6525108151016,4.07296868918229
418.377468973742,260.323262578463,3.63705740229285
11.6961979618746,182.551081811422,3.20929586658777
72.135745169571,107.668610742352,4.51101263292406
597.099209188551,195.753626764169,4.36679752684375
255.22019139971,218.893327143512,3.78101111462781
571.14980417065,433.426629425924,3.89514119724215
307.465715422179,132.992780207813,3.79866322226343
529.057881834228,460.300462711395,3.46426509717442
48.5647332725109,407.388726355161,3.90945729383112
196.925860907305,296.992708558132,4.5261363882321
557.588807315411,264.867583484441,3.99345050593408
166.505994955376,48.7428536698494,4.3090359766337
492.624762725495,354.500978150657,4.65783816139243
37.718977408635,44.5184192294693,3.75317340662807
524.233645108474,154.26678327332,5.06707147855518
NA,NA,NA
659.631338906258,330.400949845006,3.4127372684761
456.420022571596,296.268607907989,3.65440440806911
7.95568686179695,491.663208596032,3.67096203026104
561.029131027751,49.4302067450464,4.20446234390902
71.4485586588386,375.562813304869,4.02113921805403
220.189705482879,414.430294659966,3.9360425769583
429.937985537289,13.8755257277834,3.40900407711585
363.182264534477,290.459352346979,3.10065808760358
604.327287111097,99.1654252966476,4.1314400428206
388.844467017997,228.633445504731,4.2821279181092
563.040610904204,415.32310534618,4.78926445746929
140.097314462633,275.042843793552,4.59302055308696
202.161372158101,369.283163336594,4.13078082114924
125.575531239452,408.358266359202,3.23569566673096
629.327810280853,312.499490837493,4.45476370704912
3.71168687359764,142.99411704391,4.36849542856364
543.849623719722,204.431987896888,4.06207012847828
34.8014006959563,491.40527085157,3.0690752020703
281.274988845123,23.4109205927667,3.79066486429973
531.464789356277,394.485175273705,3.52090249706737
63.2235165246121,82.417515492084,5.11681844435057
4.75058456237151,79.1367812347086,3.57580863347025
586.985391568381,223.011710371963,3.97551768787457
448.054068762741,457.960857795901,4.82461498773487
659.077138047181,373.549715601272,3.02222051508571
107.641854873799,489.09427387019,4.4307408675682
625.719504634465,91.6525108151016,4.07296868918229
418.377468973742,260.323262578463,3.63705740229285
11.6961979618746,182.551081811422,3.20929586658777
72.135745169571,107.668610742352,4.51101263292406
597.099209188551,195.753626764169,4.36679752684375
255.22019139971,218.893327143512,3.78101111462781
571.14980417065,433.426629425924,3.89514119724215
307.465715422179,132.992780207813,3.79866322226343
529.057881834228,460.300462711395,3.46426509717442
48.5647332725109,407.388726355161,3.90945729383112
196.925860907305,296.992708558132,4.5261363882321
557.588807315411,264.867583484441,3.99345050593408
166.505994955376,48.7428536698494,4.3090359766337
492.624762725495,354.500978150657,4.65783816139243
37.718977408635,44.5184192294693,3.75317340662807
524.233645108474,154.26678327332,5.06707147855518
NA,NA,NA
659.631338906258,330.400949845006,3.4127372684761
456.420022571596,296.268607907989,3.65440440806911
7.95568686179695,491.663208596032,3.67096203026104
561.029131027751,49.4302067450464,4.20446234390902
71.4485586588386,375.562813304869,4.02113921805403
220.189705482879,414.430294659966,3.9360425769583
429.937985537289,13.8755257277834,3.40900407711585
363.182264534477,290.459352346979,3.10065808760358
604.327287111097,99.1654252966476,4.1314400428206
388.844467017997,228.633445504731,4.2821279181092
563.040610904204,415.32310534618,4.78926445746929
140.097314462633,275.042843793552,4.59302055308696
202.161372158101,369.283163336594,4.13078082114924
125.575531239452,408.358266359202,3.23569566673096
629.327810280853,312.499490837493,4.45476370704912
3.71168687359764,142.99411704391,4.36849542856364
543.849623719722,204.431987896888,4.06207012847828
34.8014006959563,491.40527085157,3.0690752020703
281.274988845123,23.4109205927667,3.79066486429973
531.464789356277,394.485175273705,3.52090249706737
63.2235165246121,82.417515492084,5.11681844435057
4.75058456237151,79.1367812347086,3.57580863347025
586.985391568381,223.011710371963,3.97551768787457
448.054068762741,457.960857795901,4.82461498773487
659.077138047181,373.549715601272,3.02222051508571
107.641854873799,489.09427387019,4.4307408675682
625.719504634465,91.6525108151016,4.07296868918229
418.377468973742,260.323262578463,3.63705740229285
11.6961979618746,182.551081811422,3.20929586658777
72.135745169571,107.668610742352,4.51101263292406
597.099209188551,195.753626764169,4.36679752684375
255.22019139971,218.893327143512,3.78101111462781
571.14980417065,433.426629425924,3.89514119724215
307.465715422179,132.992780207813,3.79866322226343
529.057881834228,460.300462711395,3.46426509717442
48.5647332725109,407.388726355161,3.90945729383112
196.925860907305,296.992708558132,4.5261363882321
557.588807315411,264.867583484441,3.99345050593408
166.505994955376,48.7428536698494,4.3090359766337
492.624762725495,354.500978150657,4.65783816139243
37.718977408635,44.5184192294693,3.75317340662807
524.233645108474,154.26678327332,5.06707147855518
NA,NA,NA
659.631338906258,330.400949845006,3.4127372684761
456.420022571596,296.268607907989,3.65440440806911
7.95568686179695,491.663208596032,3.67096203026104
561.029131027751,49.4302067450464,4.20446234390902
71.4485586588386,375.562813304869,4.02113921805403
220.189705482879,414.430294659966,3.9360425769583
429.937985537289,13.8755257277834,3.40900407711585
363.182264534477,290.459352346979,3.10065808760358
604.327287111097,99.1654252966476,4.1314400428206
388.844467017997,228.633445504731,4.2821279181092
563.040610904204,415.32310534618,4.78926445746929
140.097314462633,275.042843793552,4.59302055308696
202.161372158101,369.283163336594,4.13078082114924
125.575531239452,408.358266359202,3.23569566673096
629.327810280853,312.499490837493,4.45476370704912
3.71168687359764,142.99411704391,4.36849542856364
543.849623719722,204.431987896888,4.06207012847828
34.8014006959563,491.40527085157,3.0690752020703
281.274988845123,23.4109205927667,3.79066486429973
531.464789356277,394.485175273705,3.52090249706737
63.2235165246121,82.417515492084,5.11681844435057
4.75058456237151,79.1367812347086,3.57580863347025
586.985391568381,223.011710371963,3.97551768787457
448.054068762741,457.960857795901,4.82461498773487
659.077138047181,373.549715601272,3.02222051508571
107.641854873799,489.09427387019,4.4307408675682
625.719504634465,91.6525108151016,4.07296868918229
418.377468973742,260.323262578463,3.63705740229285
11.6961979618746,182.551081811422,3.20929586658777
72.135745169571,107.668610742352,4.51101263292406
597.099209188551,195.753626764169,4.36679752684375
255.22019139971,218.893327143512,3.78101111462781
571.14980417065,433.426629425924,3.89514119724215
307.465715422179,132.992780207813,3.79866322226343
529.057881834228,460.300462711395,3.46426509717442
48.5647332725109,407.388726355161,3.90945729383112
196.925860907305,296.992708558132,4.5261363882321
557.588807315411,264.867583484441,3.99345050593408
166.505994955376,48.7428536698494,4.3090359766337
492.624762725495,354.500978150657,4.65783816139243
37.718977408635,44.5184192294693,3.75317340662807
524.233645108474,154.26678327332,5.06707147855518
NA,NA,NA
659.631338906258,330.400949845006,3.4127372684761
456.420022571596,296.268607907989,3.65440440806911
7.95568686179695,491.663208596032,3.67096203026104
561.029131027751,49.4302067450464,4.20446234390902
71.4485586588386,375.562813304869,4.02113921805403
220.189705482879,414.430294659966,3.9360425769583
429.937985537289,13.8755257277834,3.40900407711585
363.182264534477,290.459352346979,3.10065808760358
604.327287111097,99.1654252966476,4.1314400428206
388.844467017997,228.633445504731,4.2821279181092
563.040610904204,415.32310534618,4.78926445746929
140.097314462633,275.042843793552,4.59302055308696
202.161372158101,369.283163336594,4.13078082114924
125.575531239452,408.358266359202,3.23569566673096
629.327810280853,312.499490837493,4.45476370704912
3.71168687359764,142.99411704391,4.36849542856364
543.849623719722,204.431987896888,4.06207012847828
34.8014006959563,491.40527085157,3.0690752020703
281.274988845123,23.4109205927667,3.79066486429973
531.464789356277,394.485175273705,3.52090249706737
63.2235165246121,82.417515492084,5.11681844435057
4.75058456237151,79.1367812347086,3.57580863347025
586.985391568381,223.011710371963,3.97551768787457
448.054068762741,457.960857795901,4.82461498773487
659.077138047181,373.549715601272,3.02222051508571
107.641854873799,489.09427387019,4.4307408675682
625.719504634465,91.6525108151016,4.07296868918229
418.377468973742,260.323262578463,3.63705740229285
11.6961979618746,182.551081811422,3.20929586658777
72.135745169571,107.668610742352,4.51101263292406
597.099209188551,195.753626764169,4.36679752684375
255.22019139971,218.893327143512,3.78101111462781
571.14980417065,433.426629425924,3.89514119724215
307.465715422179,132.992780207813,3.79866322226343
529.057881834228,460.300462711395,3.46426509717442
48.5647332725109,407.388726355161,3.90945729383112
196.925860907305,296.992708558132,4.5261363882321
557.588807315411,264.867583484441,3.99345050593408
166.505994955376,48.7428536698494,4.3090359766337
492.624762725495,354.500978150657,4.65783816139243
37.718977408635,44.5184192294693,3.75317340662807
524.233645108474,154.26678327332,5.06707147855518
NA,NA,NA
660.440821172974,335.21156032888,3.5448689035199
457.093773857652,304.714957689083,3.65307302497136
15.0234701954952,491.745922865773,3.62854423021208
562.955927797525,51.8312783697061,4.28666620099317
73.61918611864,374.630145557491,3.99605635196809
227.444968935711,414.760561728812,3.88841454895114
427.906441985296,13.2263286437236,3.35401978434808
360.913014358023,293.08031568547,3.01567269314287
602.322317936855,107.18317335647,4.30117463945698
394.428859752071,230.829403067305,4.16335248181402
565.130849816274,413.216447958301,4.67726040604331
143.941371388689,282.136749005205,4.69310567743379
198.052506368361,364.410411197017,3.96702018146745
124.557568889341,411.912197917627,3.38932345220588
632.062663625862,316.372788569358,4.67470171792909
1.49309874049162,145.319774014005,4.29773322154415
542.989066238592,202.619331776624,4.23880279724845
33.7780603236454,491.554634544772,3.07480478881269
277.408204510089,25.052988803375,3.85715366943514
536.068176499138,390.676762410414,3.33211899764892
78.029898203692,67.5474454007887,5.21946106301638
4.75170999639709,79.9829283130179,3.53961159601555
590.14698148846,224.268684680443,4.0346895911268
435.263139039539,453.801083017654,4.75726626365472
658.751486447394,374.992903235424,3.10237149279339
99.5898131276052,482.600914219197,4.35432403889001
619.847240081137,91.9590921884813,4.1031625525544
418.410299737341,261.130853115524,3.65343572782428
12.4983651334608,180.406572895059,3.24005660848318
63.7670448058067,118.579047083119,4.3946597682507
610.344914487492,205.043661236351,4.46943577824087
253.620318499743,214.754621081642,4.16254507275626
570.801074830505,423.909714968576,3.52074919368587
300.56952820148,134.533772339687,3.91464846497626
531.164535557326,459.429642795233,3.71623770646007
36.169496272115,423.911115301491,3.82736388841736
191.265326181585,296.838983846372,3.94664756040755
561.670325392683,268.217400515951,3.46585531076983
172.2933034668,32.3089908112316,4.15653007283047
497.929337383575,351.162803837873,4.60284787149616
44.9527695213078,54.6790929475712,3.91598945360283
534.65765924278,158.857661795225,4.34879177800249
NA,NA,NA
660.440821172974,335.21156032888,3.5448689035199
457.093773857652,304.714957689083,3.65307302497136
15.0234701954952,491.745922865773,3.62854423021208
562.955927797525,51.8312783697061,4.28666620099317
73.61918611864,374.630145557491,3.99605635196809
227.444968935711,414.760561728812,3.88841454895114
427.906441985296,13.2263286437236,3.35401978434808
360.913014358023,293.08031568547,3.01567269314287
602.322317936855,107.18317335647,4.30117463945698
394.428859752071,230.829403067305,4.16335248181402
565.130849816274,413.216447958301,4.67726040604331
143.941371388689,282.136749005205,4.69310567743379
198.052506368361,364.410411197017,3.96702018146745
124.557568889341,411.912197917627,3.38932345220588
632.062663625862,316.372788569358,4.67470171792909
1.49309874049162,145.319774014005,4.29773322154415
542.989066238592,202.619331776624,4.23880279724845
33.7780603236454,491.554634544772,3.07480478881269
277.408204510089,25.052988803375,3.85715366943514
536.068176499138,390.676762410414,3.33211899764892
78.029898203692,67.5474454007887,5.21946106301638
4.75170999639709,79.9829283130179,3.53961159601555
590.14698148846,224.268684680443,4.0346895911268
435.263139039539,453.801083017654,4.75726626365472
658.751486447394,374.992903235424,3.10237149279339
99.5898131276052,482.600914219197,4.35432403889001
619.847240081137,91.9590921884813,4.1031625525544
418.410299737341,261.130853115524,3.65343572782428
12.4983651334608,180.406572895059,3.24005660848318
63.7670448058067,118.579047083119,4.3946597682507
610.344914487492,205.043661236351,4.46943577824087
253.620318499743,214.754621081642,4.16254507275626
570.801074830505,423.909714968576,3.52074919368587
300.56952820148,134.533772339687,3.91464846497626
531.164535557326,459.429642795233,3.71623770646007
36.169496272115,423.911115301491,3.82736388841736
191.265326181585,296.838983846372,3.94664756040755
561.670325392683,268.217400515951,3.46585531076983
172.2933034668,32.3089908112316,4.15653007283047
497.929337383575,351.162803837873,4.60284787149616
44.9527695213078,54.6790929475712,3.91598945360283
534.65765924278,158.857661795225,4.34879177800249
NA,NA,NA
660.440821172974,335.21156032888,3.5448689035199
457.093773857652,304.714957689083,3.65307302497136
15.0234701954952,491.745922865773,3.62854423021208
562.955927797525,51.8312783697061,4.28666620099317
73.61918611864,374.630145557491,3.99605635196809
227.444968935711,414.760561728812,3.88841454895114
427.906441985296,13.2263286437236,3.35401978434808
360.913014358023,293.08031568547,3.01567269314287
602.322317936855,107.18317335647,4.30117463945698
394.428859752071,230.829403067305,4.16335248181402
565.130849816274,413.216447958301,4.67726040604331
143.941371388689,282.136749005205,4.69310567743379
198.052506368361,364.410411197017,3.96702018146745
124.557568889341,411.912197917627,3.38932345220588
632.062663625862,316.372788569358,4.67470171792909
1.49309874049162,145.319774014005,4.29773322154415
542.989066238592,202.619331776624,4.23880279724845
33.7780603236454,491.554634544772,3.07480478881269
277.408204510089,25.052988803375,3.85715366943514
536.068176499138,390.676762410414,3.33211899764892
78.029898203692,67.5474454007887,5.21946106301638
4.75170999639709,79.9829283130179,3.53961159601555
590.14698148846,224.268684680443,4.0346895911268
435.263139039539,453.801083017654,4.75726626365472
658.751486447394,374.992903235424,3.10237149279339
99.5898131276052,482.600914219197,4.35432403889001
619.847240081137,91.9590921884813,4.1031625525544
418.410299737341,261.130853115524,3.65343572782428
12.4983651334608,180.406572895059,3.24005660848318
63.7670448058067,118.579047083119,4.3946597682507
610.344914487492,205.043661236351,4.46943577824087
253.620318499743,214.754621081642,4.16254507275626
570.801074830505,423.909714968576,3.52074919368587
300.56952820148,134.533772339687,3.91464846497626
531.164535557326,459.429642795233,3.71623770646007
36.169496272115,423.911115301491,3.82736388841736
191.265326181585,296.838983846372,3.94664756040755
561.670325392683,268.217400515951,3.46585531076983
172.2933034668,32.3089908112316,4.15653007283047
497.929337383575,351.162803837873,4.60284787149616
44.9527695213078,54.6790929475712,3.91598945360283
534.65765924278,158.857661795225,4.34879177800249
NA,NA,NA
660.440821172974,335.21156032888,3.5448689035199
457.093773857652,304.714957689083,3.65307302497136
15.0234701954952,491.745922865773,3.62854423021208
562.955927797525,51.8312783697061,4.28666620099317
73.61918611864,374.630145557491,3.99605635196809
227.444968935711,414.760561728812,3.88841454895114
427.906441985296,13.2263286437236,3.35401978434808
360.913014358023,293.08031568547,3.01567269314287
602.322317936855,107.18317335647,4.30117463945698
394.428859752071,230.829403067305,4.16335248181402
565.130849816274,413.216447958301,4.67726040604331
143.941371388689,282.136749005205,4.69310567743379
198.052506368361,364.410411197017,3.96702018146745
124.557568889341,411.912197917627,3.38932345220588
632.062663625862,316.372788569358,4.67470171792909
1.49309874049162,145.319774014005,4.29773322154415
542.989066238592,202.619331776624,4.23880279724845
33.7780603236454,491.554634544772,3.07480478881269
277.408204510089,25.052988803375,3.85715366943514
536.068176499138,390.676762410414,3.33211899764892
78.029898203692,67.5474454007887,5.21946106301638
4.75170999639709,79.9829283130179,3.53961159601555
590.14698148846,224.268684680443,4.0346895911268
435.263139039539,453.801083017654,4.75726626365472
658.751486447394,374.992903235424,3.10237149279339
99.5898131276052,482.600914219197,4.35432403889001
619.847240081137,91.9590921884813,4.1031625525544
418.410299737341,261.130853115524,3.65343572782428
12.4983651334608,180.406572895059,3.24005660848318
63.7670448058067,118.579047083119,4.3946597682507
610.344914487492,205.043661236351,4.46943577824087
253.620318499743,214.754621081642,4.16254507275626
570.801074830505,423.909714968576,3.52074919368587
300.56952820148,134.533772339687,3.91464846497626
531.164535557326,459.429642795233,3.71623770646007
36.169496272115,423.911115301491,3.82736388841736
191.265326181585,296.838983846372,3.94664756040755
561.670325392683,268.217400515951,3.46585531076983
172.2933034668,32.3089908112316,4.15653007283047
497.929337383575,351.162803837873,4.60284787149616
44.9527695213078,54.6790929475712,3.91598945360283
534.65765924278,158.857661795225,4.34879177800249
NA,NA,NA
660.440821172974,335.21156032888,3.5448689035199
457.093773857652,304.714957689083,3.65307302497136
15.0234701954952,491.745922865773,3.62854423021208
562.955927797525,51.8312783697061,4.28666620099317
73.61918611864,374.630145557491,3.99605635196809
227.444968935711,414.760561728812,3.88841454895114
427.906441985296,13.2263286437236,3.35401978434808
360.913014358023,293.08031568547,3.01567269314287
602.322317936855,107.18317335647,4.30117463945698
394.428859752071,230.829403067305,4.16335248181402
565.130849816274,413.216447958301,4.67726040604331
143.941371388689,282.136749005205,4.69310567743379
198.052506368361,364.410411197017,3.96702018146745
124.557568889341,411.912197917627,3.38932345220588
632.062663625862,316.372788569358,4.67470171792909
1.49309874049162,145.319774014005,4.29773322154415
542.989066238592,202.619331776624,4.23880279724845
33.7780603236454,491.554634544772,3.07480478881269
277.408204510089,25.052988803375,3.85715366943514
536.068176499138,390.676762410414,3.33211899764892
78.029898203692,67.5474454007887,5.21946106301638
4.75170999639709,79.9829283130179,3.53961159601555
590.14698148846,224.268684680443,4.0346895911268
435.263139039539,453.801083017654,4.75726626365472
658.751486447394,374.992903235424,3.10237149279339
99.5898131276052,482.600914219197,4.35432403889001
619.847240081137,91.9590921884813,4.1031625525544
418.410299737341,261.130853115524,3.65343572782428
12.4983651334608,180.406572895059,3.24005660848318
63.7670448058067,118.579047083119,4.3946597682507
610.344914487492,205.043661236351,4.46943577824087
253.620318499743,214.754621081642,4.16254507275626
570.801074830505,423.909714968576,3.52074919368587
300.56952820148,134.533772339687,3.91464846497626
531.164535557326,459.429642795233,3.71623770646007
36.169496272115,423.911115301491,3.82736388841736
191.265326181585,296.838983846372,3.94664756040755
561.670325392683,268.217400515951,3.46585531076983
172.2933034668,32.3089908112316,4.15653007283047
497.929337383575,351.162803837873,4.60284787149616
44.9527695213078,54.6790929475712,3.91598945360283
534.65765924278,158.857661795225,4.34879177800249
NA,NA,NA
660.440821172974,335.21156032888,3.5448689035199
457.093773857652,304.714957689083,3.65307302497136
15.0234701954952,491.745922865773,3.62854423021208
562.955927797525,51.8312783697061,4.28666620099317
73.61918611864,374.630145557491,3.99605635196809
227.444968935711,414.760561728812,3.88841454895114
427.906441985296,13.2263286437236,3.35401978434808
360.913014358023,293.08031568547,3.01567269314287
602.322317936855,107.18317335647,4.30117463945698
394.428859752071,230.829403067305,4.16335248181402
565.130849816274,413.216447958301,4.67726040604331
143.941371388689,282.136749005205,4.69310567743379
198.052506368361,364.410411197017,3.96702018146745
124.557568889341,411.912197917627,3.38932345220588
632.062663625862,316.372788569358,4.67470171792909
1.49309874049162,145.319774014005,4.29773322154415
542.989066238592,202.619331776624,4.23880279724845
33.7780603236454,491.554634544772,3.07480478881269
277.408204510089,25.052988803375,3.85715366943514
536.068176499138,390.676762410414,3.33211899764892
78.029898203692,67.5474454007887,5.21946106301638
4.75170999639709,79.9829283130179,3.53961159601555
590.14698148846,224.268684680443,4.0346895911268
435.263139039539,453.801083017654,4.75726626365472
658.751486447394,374.992903235424,3.10237149279339
99.5898131276052,482.600914219197,4.35432403889001
619.847240081137,91.9590921884813,4.1031625525544
418.410299737341,261.130853115524,3.65343572782428
12.4983651334608,180.406572895059,3.24005660848318
63.7670448058067,118.579047083119,4.3946597682507
610.344914487492,205.043661236351,4.46943577824087
253.620318499743,214.754621081642,4.16254507275626
570.801074830505,423.909714968576,3.52074919368587
300.56952820148,134.533772339687,3.91464846497626
531.164535557326,459.429642795233,3.71623770646007
36.169496272115,423.911115301491,3.82736388841736
191.265326181585,296.838983846372,3.94664756040755
561.670325392683,268.217400515951,3.46585531076983
172.2933034668,32.3089908112316,4.15653007283047
497.929337383575,351.162803837873,4.60284787149616
44.9527695213078,54.6790929475712,3.91598945360283
534.65765924278,158.857661795225,4.34879177800249
NA,NA,NA
660.604449834216,335.236469645453,3.44204674524426
450.839594057561,295.734439452045,3.57630450428453
8.96156350592053,491.058775269,3.58936004285784
560.467229891564,49.3591724181839,4.28278449313567
70.2974900460801,373.271283939905,3.90242609357232
228.169716484519,416.305906609376,3.96292232099798
431.25537028282,11.6516918110368,3.25277436124701
361.093781013329,290.713921861556,3.05078365555713
603.521530298718,106.236522393847,4.12436878741887
396.725621390885,232.838915592599,4.20975658374793
571.625552198671,408.24944720606,4.70398645442151
139.559933927903,284.557030262129,4.63412557336745
195.31781637797,370.196038410651,3.96308382099409
126.984332462596,413.791552303314,3.38873321815787
625.035861487797,316.572888850103,4.48624763730861
-5.83441915557493,151.844692713962,4.24575754284956
539.432469858818,201.411133771949,4.29179359403879
33.5333252446663,492.818398428409,3.01048785262279
281.346485505767,22.5513908791791,3.9818457555896
533.147939190413,393.761417471379,3.33114864835359
72.6651211082092,70.8750264448668,5.22185601562978
1.68989303045957,77.9392597605209,3.56367562326379
591.470983020384,225.809606201908,4.03675698682282
441.517639748207,457.2515356296,4.7078552904575
659.760584541945,375.396745936021,3.11342103330627
104.099560943731,493.810548568642,4.33007951364333
625.441136895336,91.5368323504293,4.10189107647807
421.914927937946,259.007764760764,3.59683687628519
10.2127047599321,180.723506906171,3.27076514568645
65.0379067832344,120.015028279132,4.4388335827
607.442313568927,210.017655384942,4.47504512571442
249.418489365593,214.343255584331,3.56306692483493
574.424562510613,436.708262960101,3.70197284778992
305.11115180738,136.702818914594,3.91271556654796
526.01737129448,459.589885774047,3.76449515452661
52.4723731240491,419.766910041649,3.61471281987907
196.065788326671,281.445156988788,3.87729386898597
554.527417859546,264.419864836715,3.75029170714627
177.818614754176,23.9165000499339,4.16261739808917
489.282339689304,350.654256544602,4.75332186440364
35.2200735345292,52.3796983355965,3.64155434078467
527.664360473475,132.66866864027,4.59469058929959
NA,NA,NA
660.604449834216,335.236469645453,3.44204674524426
450.839594057561,295.734439452045,3.57630450428453
8.96156350592053,491.058775269,3.58936004285784
560.467229891564,49.3591724181839,4.28278449313567
70.2974900460801,373.271283939905,3.90242609357232
228.169716484519,416.305906609376,3.96292232099798
431.25537028282,11.6516918110368,3.25277436124701
361.093781013329,290.713921861556,3.05078365555713
603.521530298718,106.236522393847,4.12436878741887
396.725621390885,232.838915592599,4.20975658374793
571.625552198671,408.24944720606,4.70398645442151
139.559933927903,284.557030262129,4.63412557336745
195.31781637797,370.196038410651,3.96308382099409
126.984332462596,413.791552303314,3.38873321815787
625.035861487797,316.572888850103,4.48624763730861
-5.83441915557493,151.844692713962,4.24575754284956
539.432469858818,201.411133771949,4.29179359403879
33.5333252446663,492.818398428409,3.01048785262279
281.346485505767,22.5513908791791,3.9818457555896
533.147939190413,393.761417471379,3.33114864835359
72.6651211082092,70.8750264448668,5.22185601562978
1.68989303045957,77.9392597605209,3.56367562326379
591.470983020384,225.809606201908,4.03675698682282
441.517639748207,457.2515356296,4.7078552904575
659.760584541945,375.396745936021,3.11342103330627
104.099560943731,493.810548568642,4.33007951364333
625.441136895336,91.5368323504293,4.10189107647807
421.914927937946,259.007764760764,3.59683687628519
10.2127047599321,180.723506906171,3.27076514568645
65.0379067832344,120.015028279132,4.4388335827
607.442313568927,210.017655384942,4.47504512571442
249.418489365593,214.343255584331,3.56306692483493
574.424562510613,436.708262960101,3.70197284778992
305.11115180738,136.702818914594,3.91271556654796
526.01737129448,459.589885774047,3.76449515452661
52.4723731240491,419.766910041649,3.61471281987907
196.065788326671,281.445156988788,3.87729386898597
554.527417859546,264.419864836715,3.75029170714627
177.818614754176,23.9165000499339,4.16261739808917
489.282339689304,350.654256544602,4.75332186440364
35.2200735345292,52.3796983355965,3.64155434078467
527.664360473475,132.66866864027,4.59469058929959
NA,NA,NA
660.604449834216,335.236469645453,3.44204674524426
450.839594057561,295.734439452045,3.57630450428453
8.96156350592053,491.058775269,3.58936004285784
560.467229891564,49.3591724181839,4.28278449313567
70.2974900460801,373.271283939905,3.90242609357232
228.169716484519,416.305906609376,3.96292232099798
431.25537028282,11.6516918110368,3.25277436124701
361.093781013329,290.713921861556,3.05078365555713
603.521530298718,106.236522393847,4.12436878741887
396.725621390885,232.838915592599,4.20975658374793
571.625552198671,408.24944720606,4.70398645442151
139.559933927903,284.557030262129,4.63412557336745
195.31781637797,370.196038410651,3.96308382099409
126.984332462596,413.791552303314,3.38873321815787
625.035861487797,316.572888850103,4.48624763730861
-5.83441915557493,151.844692713962,4.24575754284956
539.432469858818,201.411133771949,4.29179359403879
33.5333252446663,492.818398428409,3.01048785262279
281.346485505767,22.5513908791791,3.9818457555896
533.147939190413,393.761417471379,3.33114864835359
72.6651211082092,70.8750264448668,5.22185601562978
1.68989303045957,77.9392597605209,3.56367562326379
591.470983020384,225.809606201908,4.03675698682282
441.517639748207,457.2515356296,4.7078552904575
659.760584541945,375.396745936021,3.11342103330627
104.099560943731,493.810548568642,4.33007951364333
625.441136895336,91.5368323504293,4.10189107647807
421.914927937946,259.007764760764,3.59683687628519
10.2127047599321,180.723506906171,3.27076514568645
65.0379067832344,120.015028279132,4.4388335827
607.442313568927,210.017655384942,4.47504512571442
249.418489365593,214.343255584331,3.56306692483493
574.424562510613,436.708262960101,3.70197284778992
305.11115180738,136.702818914594,3.91271556654796
526.01737129448,459.589885774047,3.76449515452661
52.4723731240491,419.766910041649,3.61471281987907
196.065788326671,281.445156988788,3.87729386898597
554.527417859546,264.419864836715,3.75029170714627
177.818614754176,23.9165000499339,4.16261739808917
489.282339689304,350.654256544602,4.75332186440364
35.2200735345292,52.3796983355965,3.64155434078467
527.664360473475,132.66866864027,4.59469058929959
NA,NA,NA
660.604449834216,335.236469645453,3.44204674524426
450.839594057561,295.734439452045,3.57630450428453
8.96156350592053,491.058775269,3.58936004285784
560.467229891564,49.3591724181839,4.28278449313567
70.2974900460801,373.271283939905,3.90242609357232
228.169716484519,416.305906609376,3.96292232099798
431.25537028282,11.6516918110368,3.25277436124701
361.093781013329,290.713921861556,3.05078365555713
603.521530298718,106.236522393847,4.12436878741887
396.725621390885,232.838915592599,4.20975658374793
571.625552198671,408.24944720606,4.70398645442151
139.559933927903,284.557030262129,4.63412557336745
195.31781637797,370.196038410651,3.96308382099409
126.984332462596,413.791552303314,3.38873321815787
625.035861487797,316.572888850103,4.48624763730861
-5.83441915557493,151.844692713962,4.24575754284956
539.432469858818,201.411133771949,4.29179359403879
33.5333252446663,492.818398428409,3.01048785262279
281.346485505767,22.5513908791791,3.9818457555896
533.147939190413,393.761417471379,3.33114864835359
72.6651211082092,70.8750264448668,5.22185601562978
1.68989303045957,77.9392597605209,3.56367562326379
591.470983020384,225.809606201908,4.03675698682282
441.517639748207,457.2515356296,4.7078552904575
659.760584541945,375.396745936021,3.11342103330627
104.099560943731,493.810548568642,4.33007951364333
625.441136895336,91.5368323504293,4.10189107647807
421.914927937946,259.007764760764,3.59683687628519
10.2127047599321,180.723506906171,3.27076514568645
65.0379067832344,120.015028279132,4.4388335827
607.442313568927,210.017655384942,4.47504512571442
249.418489365593,214.343255584331,3.56306692483493
574.424562510613,436.708262960101,3.70197284778992
305.11115180738,136.702818914594,3.91271556654796
526.01737129448,459.589885774047,3.76449515452661
52.4723731240491,419.766910041649,3.61471281987907
196.065788326671,281.445156988788,3.87729386898597
554.527417859546,264.419864836715,3.75029170714627
177.818614754176,23.9165000499339,4.16261739808917
489.282339689304,350.654256544602,4.75332186440364
35.2200735345292,52.3796983355965,3.64155434078467
527.664360473475,132.66866864027,4.59469058929959
NA,NA,NA
660.604449834216,335.236469645453,3.44204674524426
450.839594057561,295.734439452045,3.57630450428453
8.96156350592053,491.058775269,3.58936004285784
560.467229891564,49.3591724181839,4.28278449313567
70.2974900460801,373.271283939905,3.90242609357232
228.169716484519,416.305906609376,3.96292232099798
431.25537028282,11.6516918110368,3.25277436124701
361.093781013329,290.713921861556,3.05078365555713
603.521530298718,106.236522393847,4.12436878741887
396.725621390885,232.838915592599,4.20975658374793
571.625552198671,408.24944720606,4.70398645442151
139.559933927903,284.557030262129,4.63412557336745
195.31781637797,370.196038410651,3.96308382099409
126.984332462596,413.791552303314,3.38873321815787
625.035861487797,316.572888850103,4.48624763730861
-5.83441915557493,151.844692713962,4.24575754284956
539.432469858818,201.411133771949,4.29179359403879
33.5333252446663,492.818398428409,3.01048785262279
281.346485505767,22.5513908791791,3.9818457555896
533.147939190413,393.761417471379,3.33114864835359
72.6651211082092,70.8750264448668,5.22185601562978
1.68989303045957,77.9392597605209,3.56367562326379
591.470983020384,225.809606201908,4.03675698682282
441.517639748207,457.2515356296,4.7078552904575
659.760584541945,375.396745936021,3.11342103330627
104.099560943731,493.810548568642,4.33007951364333
625.441136895336,91.5368323504293,4.10189107647807
421.914927937946,259.007764760764,3.59683687628519
10.2127047599321,180.723506906171,3.27076514568645
65.0379067832344,120.015028279132,4.4388335827
607.442313568927,210.017655384942,4.47504512571442
249.418489365593,214.343255584331,3.56306692483493
574.424562510613,436.708262960101,3.70197284778992
305.11115180738,136.702818914594,3.91271556654796
526.01737129448,459.589885774047,3.76449515452661
52.4723731240491,419.766910041649,3.61471281987907
196.065788326671,281.445156988788,3.87729386898597
554.527417859546,264.419864836715,3.75029170714627
177.818614754176,23.9165000499339,4.16261739808917
489.282339689304,350.654256544602,4.75332186440364
35.2200735345292,52.3796983355965,3.64155434078467
527.664360473475,132.66866864027,4.59469058929959
NA,NA,NA
660.604449834216,335.236469645453,3.44204674524426
450.839594057561,295.734439452045,3.57630450428453
8.96156350592053,491.058775269,3.58936004285784
560.467229891564,49.3591724181839,4.28278449313567
70.2974900460801,373.271283939905,3.90242609357232
228.169716484519,416.305906609376,3.96292232099798
431.25537028282,11.6516918110368,3.25277436124701
361.093781013329,290.713921861556,3.05078365555713
603.521530298718,106.236522393847,4.12436878741887
396.725621390885,232.838915592599,4.20975658374793
571.625552198671,408.24944720606,4.70398645442151
139.559933927903,284.557030262129,4.63412557336745
195.31781637797,370.196038410651,3.96308382099409
126.984332462596,413.791552303314,3.38873321815787
625.035861487797,316.572888850103,4.48624763730861
-5.83441915557493,151.844692713962,4.24575754284956
539.432469858818,201.411133771949,4.29179359403879
33.5333252446663,492.818398428409,3.01048785262279
281.346485505767,22.5513908791791,3.9818457555896
533.147939190413,393.761417471379,3.33114864835359
72.6651211082092,70.8750264448668,5.22185601562978
1.68989303045957,77.9392597605209,3.56367562326379
591.470983020384,225.809606201908,4.03675698682282
441.517639748207,457.2515356296,4.7078552904575
659.760584541945,375.396745936021,3.11342103330627
104.099560943731,493.810548568642,4.33007951364333
625.441136895336,91.5368323504293,4.10189107647807
421.914927937946,259.007764760764,3.59683687628519
10.2127047599321,180.723506906171,3.27076514568645
65.0379067832344,120.015028279132,4.4388335827
607.442313568927,210.017655384942,4.47504512571442
249.418489365593,214.343255584331,3.56306692483493
574.424562510613,436.708262960101,3.70197284778992
305.11115180738,136.702818914594,3.91271556654796
526.01737129448,459.589885774047,3.76449515452661
52.4723731240491,419.766910041649,3.61471281987907
196.065788326671,281.445156988788,3.87729386898597
554.527417859546,264.419864836715,3.75029170714627
177.818614754176,23.9165000499339,4.16261739808917
489.282339689304,350.654256544602,4.75332186440364
35.2200735345292,52.3796983355965,3.64155434078467
527.664360473475,132.66866864027,4.59469058929959
NA,NA,NA
663.293658765932,335.724753427103,3.58692790098615
458.842809169199,302.166191479159,3.62859538914212
15.2079201496227,495.3793868196,3.74310618575026
559.81172431943,48.6993279679485,4.17914904136598
66.377439749692,373.523386421533,4.00994490294213
228.565135047732,411.54783373015,3.94114363329396
428.039109400841,13.479596779512,3.33071578794937
362.947675343728,289.079941569356,2.91895892647679
605.471009874478,107.01143271577,4.2684807008807
390.479779552344,227.829390588038,4.14961204989908
568.071581173174,408.031866020895,4.74356471532659
137.785863371974,283.363537694013,4.48332275930827
200.319068606513,374.454368136103,3.98433415930414
126.064321860972,410.782307529217,3.38858370756835
626.844985916353,311.088690463194,4.48684562983906
-4.50014545948692,145.702411591257,4.28613927472585
541.632059950792,202.797307933749,4.1615502899264
34.0317830671315,489.824924949523,3.06623239141755
281.163956044503,21.157595612909,3.88067305326273
532.955762132158,391.93703619372,3.17312685990933
77.1979124305894,87.820070446971,5.29207271727704
9.41329282958093,73.7146986473982,3.39341537016012
589.003240892989,230.654959067906,4.06095511786444
441.861739834219,450.375122909847,4.75118911990547
660.626096039521,376.320879282934,2.97466757592566
105.018030243774,488.639827390493,4.30504404427031
626.923630804568,89.0797846020739,4.12184260068324
421.141228096503,253.706796416645,3.62199999138011
10.8593324785865,181.263497730604,3.13524665615815
70.2400907400107,125.086609483002,4.45964765424637
605.274886323522,200.870147391839,4.39255146499488
255.251191902743,219.579276526806,4.13744124486641
566.283198534765,431.99131612937,3.79061340093287
295.543076679426,143.388810785775,3.92198001536266
534.565064298913,456.417881171532,3.52923953302101
46.0268975214204,416.07588220939,3.8437152404376
201.578240540022,295.047821091255,3.83704060376197
547.330473392061,247.322545304015,4.13165492912613
162.369091770564,17.6860402389553,4.27285424360768
498.840833259067,336.893289295754,4.57966575640249
40.8422992753756,41.9482426261499,4.17349046118976
525.901392320194,144.942039907428,5.20149645107924
NA,NA,NA
663.293658765932,335.724753427103,3.58692790098615
458.842809169199,302.166191479159,3.62859538914212
15.2079201496227,495.3793868196,3.74310618575026
559.81172431943,48.6993279679485,4.17914904136598
66.377439749692,373.523386421533,4.00994490294213
228.565135047732,411.54783373015,3.94114363329396
428.039109400841,13.479596779512,3.33071578794937
362.947675343728,289.079941569356,2.91895892647679
605.471009874478,107.01143271577,4.2684807008807
390.479779552344,227.829390588038,4.14961204989908
568.071581173174,408.031866020895,4.74356471532659
137.785863371974,283.363537694013,4.48332275930827
200.319068606513,374.454368136103,3.98433415930414
126.064321860972,410.782307529217,3.38858370756835
626.844985916353,311.088690463194,4.48684562983906
-4.50014545948692,145.702411591257,4.28613927472585
541.632059950792,202.797307933749,4.1615502899264
34.0317830671315,489.824924949523,3.06623239141755
281.163956044503,21.157595612909,3.88067305326273
532.955762132158,391.93703619372,3.17312685990933
77.1979124305894,87.820070446971,5.29207271727704
9.41329282958093,73.7146986473982,3.39341537016012
589.003240892989,230.654959067906,4.06095511786444
441.861739834219,450.375122909847,4.75118911990547
660.626096039521,376.320879282934,2.97466757592566
105.018030243774,488.639827390493,4.30504404427031
626.923630804568,89.0797846020739,4.12184260068324
421.141228096503,253.706796416645,3.62199999138011
10.8593324785865,181.263497730604,3.13524665615815
70.2400907400107,125.086609483002,4.45964765424637
605.274886323522,200.870147391839,4.39255146499488
255.251191902743,219.579276526806,4.13744124486641
566.283198534765,431.99131612937,3.79061340093287
295.543076679426,143.388810785775,3.92198001536266
534.565064298913,456.417881171532,3.52923953302101
46.0268975214204,416.07588220939,3.8437152404376
201.578240540022,295.047821091255,3.83704060376197
547.330473392061,247.322545304015,4.13165492912613
162.369091770564,17.6860402389553,4.27285424360768
498.840833259067,336.893289295754,4.57966575640249
40.8422992753756,41.9482426261499,4.17349046118976
525.901392320194,144.942039907428,5.20149645107924
NA,NA,NA
663.293658765932,335.724753427103,3.58692790098615
458.842809169199,302.166191479159,3.62859538914212
15.2079201496227,495.3793868196,3.74310618575026
559.81172431943,48.6993279679485,4.17914904136598
66.377439749692,373.523386421533,4.00994490294213
228.565135047732,411.54783373015,3.94114363329396
428.039109400841,13.479596779512,3.33071578794937
362.947675343728,289.079941569356,2.91895892647679
605.471009874478,107.01143271577,4.2684807008807
390.479779552344,227.829390588038,4.14961204989908
568.071581173174,408.031866020895,4.74356471532659
137.785863371974,283.363537694013,4.48332275930827
200.319068606513,374.454368136103,3.98433415930414
126.064321860972,410.782307529217,3.38858370756835
626.844985916353,311.088690463194,4.48684562983906
-4.50014545948692,145.702411591257,4.28613927472585
541.632059950792,202.797307933749,4.1615502899264
34.0317830671315,489.824924949523,3.06623239141755
281.163956044503,21.157595612909,3.88067305326273
532.955762132158,391.93703619372,3.17312685990933
77.1979124305894,87.820070446971,5.29207271727704
9.41329282958093,73.7146986473982,3.39341537016012
589.003240892989,230.654959067906,4.06095511786444
441.861739834219,450.375122909847,4.75118911990547
660.626096039521,376.320879282934,2.97466757592566
105.018030243774,488.639827390493,4.30504404427031
626.923630804568,89.0797846020739,4.12184260068324
421.141228096503,253.706796416645,3.62199999138011
10.8593324785865,181.263497730604,3.13524665615815
70.2400907400107,125.086609483002,4.45964765424637
605.274886323522,200.870147391839,4.39255146499488
255.251191902743,219.579276526806,4.13744124486641
566.283198534765,431.99131612937,3.79061340093287
295.543076679426,143.388810785775,3.92198001536266
534.565064298913,456.417881171532,3.52923953302101
46.0268975214204,416.07588220939,3.8437152404376
201.578240540022,295.047821091255,3.83704060376197
547.330473392061,247.322545304015,4.13165492912613
162.369091770564,17.6860402389553,4.27285424360768
498.840833259067,336.893289295754,4.57966575640249
40.8422992753756,41.9482426261499,4.17349046118976
525.901392320194,144.942039907428,5.20149645107924
NA,NA,NA
663.293658765932,335.724753427103,3.58692790098615
458.842809169199,302.166191479159,3.62859538914212
15.2079201496227,495.3793868196,3.74310618575026
559.81172431943,48.6993279679485,4.17914904136598
66.377439749692,373.523386421533,4.00994490294213
228.565135047732,411.54783373015,3.94114363329396
428.039109400841,13.479596779512,3.33071578794937
362.947675343728,289.079941569356,2.91895892647679
605.471009874478,107.01143271577,4.2684807008807
390.479779552344,227.829390588038,4.14961204989908
568.071581173174,408.031866020895,4.74356471532659
137.785863371974,283.363537694013,4.48332275930827
200.319068606513,374.454368136103,3.98433415930414
126.064321860972,410.782307529217,3.38858370756835
626.844985916353,311.088690463194,4.48684562983906
-4.50014545948692,145.702411591257,4.28613927472585
541.632059950792,202.797307933749,4.1615502899264
34.0317830671315,489.824924949523,3.06623239141755
281.163956044503,21.157595612909,3.88067305326273
532.955762132158,391.93703619372,3.17312685990933
77.1979124305894,87.820070446971,5.29207271727704
9.41329282958093,73.7146986473982,3.39341537016012
589.003240892989,230.654959067906,4.06095511786444
441.861739834219,450.375122909847,4.75118911990547
660.626096039521,376.320879282934,2.97466757592566
105.018030243774,488.639827390493,4.30504404427031
626.923630804568,89.0797846020739,4.12184260068324
421.141228096503,253.706796416645,3.62199999138011
10.8593324785865,181.263497730604,3.13524665615815
70.2400907400107,125.086609483002,4.45964765424637
605.274886323522,200.870147391839,4.39255146499488
255.251191902743,219.579276526806,4.13744124486641
566.283198534765,431.99131612937,3.79061340093287
295.543076679426,143.388810785775,3.92198001536266
534.565064298913,456.417881171532,3.52923953302101
46.0268975214204,416.07588220939,3.8437152404376
201.578240540022,295.047821091255,3.83704060376197
547.330473392061,247.322545304015,4.13165492912613
162.369091770564,17.6860402389553,4.27285424360768
498.840833259067,336.893289295754,4.57966575640249
40.8422992753756,41.9482426261499,4.17349046118976
525.901392320194,144.942039907428,5.20149645107924
NA,NA,NA
663.293658765932,335.724753427103,3.58692790098615
458.842809169199,302.166191479159,3.62859538914212
15.2079201496227,495.3793868196,3.74310618575026
559.81172431943,48.6993279679485,4.17914904136598
66.377439749692,373.523386421533,4.00994490294213
228.565135047732,411.54783373015,3.94114363329396
428.039109400841,13.479596779512,3.33071578794937
362.947675343728,289.079941569356,2.91895892647679
605.471009874478,107.01143271577,4.2684807008807
390.479779552344,227.829390588038,4.14961204989908
568.071581173174,408.031866020895,4.74356471532659
137.785863371974,283.363537694013,4.48332275930827
200.319068606513,374.454368136103,3.98433415930414
126.064321860972,410.782307529217,3.38858370756835
626.844985916353,311.088690463194,4.48684562983906
-4.50014545948692,145.702411591257,4.28613927472585
541.632059950792,202.797307933749,4.1615502899264
34.0317830671315,489.824924949523,3.06623239141755
281.163956044503,21.157595612909,3.88067305326273
532.955762132158,391.93703619372,3.17312685990933
77.1979124305894,87.820070446971,5.29207271727704
9.41329282958093,73.7146986473982,3.39341537016012
589.003240892989,230.654959067906,4.06095511786444
441.861739834219,450.375122909847,4.75118911990547
660.626096039521,376.320879282934,2.97466757592566
105.018030243774,488.639827390493,4.30504404427031
626.923630804568,89.0797846020739,4.12184260068324
421.141228096503,253.706796416645,3.62199999138011
10.8593324785865,181.263497730604,3.13524665615815
70.2400907400107,125.086609483002,4.45964765424637
605.274886323522,200.870147391839,4.39255146499488
255.251191902743,219.579276526806,4.13744124486641
566.283198534765,431.99131612937,3.79061340093287
295.543076679426,143.388810785775,3.92198001536266
534.565064298913,456.417881171532,3.52923953302101
46.0268975214204,416.07588220939,3.8437152404376
201.578240540022,295.047821091255,3.83704060376197
547.330473392061,247.322545304015,4.13165492912613
162.369091770564,17.6860402389553,4.27285424360768
498.840833259067,336.893289295754,4.57966575640249
40.8422992753756,41.9482426261499,4.17349046118976
525.901392320194,144.942039907428,5.20149645107924
NA,NA,NA
663.293658765932,335.724753427103,3.58692790098615
458.842809169199,302.166191479159,3.62859538914212
15.2079201496227,495.3793868196,3.74310618575026
559.81172431943,48.6993279679485,4.17914904136598
66.377439749692,373.523386421533,4.00994490294213
228.565135047732,411.54783373015,3.94114363329396
428.039109400841,13.479596779512,3.33071578794937
362.947675343728,289.079941569356,2.91895892647679
605.471009874478,107.01143271577,4.2684807008807
390.479779552344,227.829390588038,4.14961204989908
568.071581173174,408.031866020895,4.74356471532659
137.785863371974,283.363537694013,4.48332275930827
200.319068606513,374.454368136103,3.98433415930414
126.064321860972,410.782307529217,3.38858370756835
626.844985916353,311.088690463194,4.48684562983906
-4.50014545948692,145.702411591257,4.28613927472585
541.632059950792,202.797307933749,4.1615502899264
34.0317830671315,489.824924949523,3.06623239141755
281.163956044503,21.157595612909,3.88067305326273
532.955762132158,391.93703619372,3.17312685990933
77.1979124305894,87.820070446971,5.29207271727704
9.41329282958093,73.7146986473982,3.39341537016012
589.003240892989,230.654959067906,4.06095511786444
441.861739834219,450.375122909847,4.75118911990547
660.626096039521,376.320879282934,2.97466757592566
105.018030243774,488.639827390493,4.30504404427031
626.923630804568,89.0797846020739,4.12184260068324
421.141228096503,253.706796416645,3.62199999138011
10.8593324785865,181.263497730604,3.13524665615815
70.2400907400107,125.086609483002,4.45964765424637
605.274886323522,200.870147391839,4.39255146499488
255.251191902743,219.579276526806,4.13744124486641
566.283198534765,431.99131612937,3.79061340093287
295.543076679426,143.388810785775,3.92198001536266
534.565064298913,456.417881171532,3.52923953302101
46.0268975214204,416.07588220939,3.8437152404376
201.578240540022,295.047821091255,3.83704060376197
547.330473392061,247.322545304015,4.13165492912613
162.369091770564,17.6860402389553,4.27285424360768
498.840833259067,336.893289295754,4.57966575640249
40.8422992753756,41.9482426261499,4.17349046118976
525.901392320194,144.942039907428,5.20149645107924
NA,NA,NA
662.079009757762,330.741249107437,3.46866873259775
453.693017128044,301.961219923417,3.72150394236265
11.5791039577468,496.480431070673,3.68976328086499
562.917820682456,48.617687652553,4.13609732103471
70.803178832064,373.499490060851,3.83962663875968
229.304708452843,412.498767478571,3.8716663647293
428.114467393641,12.109998457274,3.4370621789021
362.315169485553,293.335884382912,3.16654910875211
603.587521553269,106.17161201318,4.28310166066457
394.349361474034,234.890321001198,4.18257304655533
571.444531441381,409.058470116649,4.74274799484131
135.837539262101,278.647455502251,4.43800281315168
199.175100441466,372.499846135451,3.95990577000034
126.455758168877,412.074742925637,3.36296399923141
630.400755948122,309.312998030968,4.41923486871832
-1.46166497294254,144.496291759148,4.28225768772242
540.300705686832,204.893092664495,4.08847076371844
35.0781187246184,491.674174464839,3.05069084744975
278.181121717521,24.0369600862641,3.83017731351435
535.922011705738,393.562692462255,3.3077132772378
66.4941593939926,72.625849244249,5.26532409851572
4.92759911320067,77.2167459128845,3.33420746174109
588.359208073956,228.444392753764,4.10330593532262
433.631751182864,458.944340838462,4.79373550503621
658.851857439361,371.863906426422,2.8932137021008
104.445884070213,483.248985683314,4.41236976565208
624.683675431025,88.7030301567317,4.07349340950525
422.04207225018,262.127916686294,3.68643965825675
12.3036475599482,183.509645492994,3.17134182414815
65.4991713245127,108.732288325818,4.50081210449191
613.349128419442,201.216390758897,3.8171654495835
243.467154742091,223.500958369067,3.77951555916948
585.291843493645,421.523541930831,3.73580429777346
303.996350183824,139.455793634298,3.77937072988489
529.470041840129,458.337130359734,3.56689685966982
51.2039688141523,423.685306096782,3.91252933791765
192.012668937882,282.916018743085,4.04909916204778
545.821410785901,259.145385761768,3.72185990500149
163.034147293131,18.7958232591495,4.38094621517941
512.09263290104,342.970739678821,4.40799878100725
34.4249803501014,58.4447384079372,3.77555791008156
529.333995943745,160.488558158237,4.59286833624894
NA,NA,NA
662.079009757762,330.741249107437,3.46866873259775
453.693017128044,301.961219923417,3.72150394236265
11.5791039577468,496.480431070673,3.68976328086499
562.917820682456,48.617687652553,4.13609732103471
70.803178832064,373.499490060851,3.83962663875968
229.304708452843,412.498767478571,3.8716663647293
428.114467393641,12.109998457274,3.4370621789021
362.315169485553,293.335884382912,3.16654910875211
603.587521553269,106.17161201318,4.28310166066457
394.349361474034,234.890321001198,4.18257304655533
571.444531441381,409.058470116649,4.74274799484131
135.837539262101,278.647455502251,4.43800281315168
199.175100441466,372.499846135451,3.95990577000034
126.455758168877,412.074742925637,3.36296399923141
630.400755948122,309.312998030968,4.41923486871832
-1.46166497294254,144.496291759148,4.28225768772242
540.300705686832,204.893092664495,4.08847076371844
35.0781187246184,491.674174464839,3.05069084744975
278.181121717521,24.0369600862641,3.83017731351435
535.922011705738,393.562692462255,3.3077132772378
66.4941593939926,72.625849244249,5.26532409851572
4.92759911320067,77.2167459128845,3.33420746174109
588.359208073956,228.444392753764,4.10330593532262
433.631751182864,458.944340838462,4.79373550503621
658.851857439361,371.863906426422,2.8932137021008
104.445884070213,483.248985683314,4.41236976565208
624.683675431025,88.7030301567317,4.07349340950525
422.04207225018,262.127916686294,3.68643965825675
12.3036475599482,183.509645492994,3.17134182414815
65.4991713245127,108.732288325818,4.50081210449191
613.349128419442,201.216390758897,3.8171654495835
243.467154742091,223.500958369067,3.77951555916948
585.291843493645,421.523541930831,3.73580429777346
303.996350183824,139.455793634298,3.77937072988489
529.470041840129,458.337130359734,3.56689685966982
51.2039688141523,423.685306096782,3.91252933791765
192.012668937882,282.916018743085,4.04909916204778
545.821410785901,259.145385761768,3.72185990500149
163.034147293131,18.7958232591495,4.38094621517941
512.09263290104,342.970739678821,4.40799878100725
34.4249803501014,58.4447384079372,3.77555791008156
529.333995943745,160.488558158237,4.59286833624894
NA,NA,NA
662.079009757762,330.741249107437,3.46866873259775
453.693017128044,301.961219923417,3.72150394236265
11.5791039577468,496.480431070673,3.68976328086499
562.917820682456,48.617687652553,4.13609732103471
70.803178832064,373.499490060851,3.83962663875968
229.304708452843,412.498767478571,3.8716663647293
428.114467393641,12.109998457274,3.4370621789021
362.315169485553,293.335884382912,3.16654910875211
603.587521553269,106.17161201318,4.28310166066457
394.349361474034,234.890321001198,4.18257304655533
571.444531441381,409.058470116649,4.74274799484131
135.837539262101,278.647455502251,4.43800281315168
199.175100441466,372.499846135451,3.95990577000034
126.455758168877,412.074742925637,3.36296399923141
630.400755948122,309.312998030968,4.41923486871832
-1.46166497294254,144.496291759148,4.28225768772242
540.300705686832,204.893092664495,4.08847076371844
35.0781187246184,491.674174464839,3.05069084744975
278.181121717521,24.0369600862641,3.83017731351435
535.922011705738,393.562692462255,3.3077132772378
66.4941593939926,72.625849244249,5.26532409851572
4.92759911320067,77.2167459128845,3.33420746174109
588.359208073956,228.444392753764,4.10330593532262
433.631751182864,458.944340838462,4.79373550503621
658.851857439361,371.863906426422,2.8932137021008
104.445884070213,483.248985683314,4.41236976565208
624.683675431025,88.7030301567317,4.07349340950525
422.04207225018,262.127916686294,3.68643965825675
12.3036475599482,183.509645492994,3.17134182414815
65.4991713245127,108.732288325818,4.50081210449191
613.349128419442,201.216390758897,3.8171654495835
243.467154742091,223.500958369067,3.77951555916948
585.291843493645,421.523541930831,3.73580429777346
303.996350183824,139.455793634298,3.77937072988489
529.470041840129,458.337130359734,3.56689685966982
51.2039688141523,423.685306096782,3.91252933791765
192.012668937882,282.916018743085,4.04909916204778
545.821410785901,259.145385761768,3.72185990500149
163.034147293131,18.7958232591495,4.38094621517941
512.09263290104,342.970739678821,4.40799878100725
34.4249803501014,58.4447384079372,3.77555791008156
529.333995943745,160.488558158237,4.59286833624894
NA,NA,NA
662.079009757762,330.741249107437,3.46866873259775
453.693017128044,301.961219923417,3.72150394236265
11.5791039577468,496.480431070673,3.68976328086499
562.917820682456,48.617687652553,4.13609732103471
70.803178832064,373.499490060851,3.83962663875968
229.304708452843,412.498767478571,3.8716663647293
428.114467393641,12.109998457274,3.4370621789021
362.315169485553,293.335884382912,3.16654910875211
603.587521553269,106.17161201318,4.28310166066457
394.349361474034,234.890321001198,4.18257304655533
571.444531441381,409.058470116649,4.74274799484131
135.837539262101,278.647455502251,4.43800281315168
199.175100441466,372.499846135451,3.95990577000034
126.455758168877,412.074742925637,3.36296399923141
630.400755948122,309.312998030968,4.41923486871832
-1.46166497294254,144.496291759148,4.28225768772242
540.300705686832,204.893092664495,4.08847076371844
35.0781187246184,491.674174464839,3.05069084744975
278.181121717521,24.0369600862641,3.83017731351435
535.922011705738,393.562692462255,3.3077132772378
66.4941593939926,72.625849244249,5.26532409851572
4.92759911320067,77.2167459128845,3.33420746174109
588.359208073956,228.444392753764,4.10330593532262
433.631751182864,458.944340838462,4.79373550503621
658.851857439361,371.863906426422,2.8932137021008
104.445884070213,483.248985683314,4.41236976565208
624.683675431025,88.7030301567317,4.07349340950525
422.04207225018,262.127916686294,3.68643965825675
12.3036475599482,183.509645492994,3.17134182414815
65.4991713245127,108.732288325818,4.50081210449191
613.349128419442,201.216390758897,3.8171654495835
243.467154742091,223.500958369067,3.77951555916948
585.291843493645,421.523541930831,3.73580429777346
303.996350183824,139.455793634298,3.77937072988489
529.470041840129,458.337130359734,3.56689685966982
51.2039688141523,423.685306096782,3.91252933791765
192.012668937882,282.916018743085,4.04909916204778
545.821410785901,259.145385761768,3.72185990500149
163.034147293131,18.7958232591495,4.38094621517941
512.09263290104,342.970739678821,4.40799878100725
34.4249803501014,58.4447384079372,3.77555791008156
529.333995943745,160.488558158237,4.59286833624894
NA,NA,NA
662.079009757762,330.741249107437,3.46866873259775
453.693017128044,301.961219923417,3.72150394236265
11.5791039577468,496.480431070673,3.68976328086499
562.917820682456,48.617687652553,4.13609732103471
70.803178832064,373.499490060851,3.83962663875968
229.304708452843,412.498767478571,3.8716663647293
428.114467393641,12.109998457274,3.4370621789021
362.315169485553,293.335884382912,3.16654910875211
603.587521553269,106.17161201318,4.28310166066457
394.349361474034,234.890321001198,4.18257304655533
571.444531441381,409.058470116649,4.74274799484131
135.837539262101,278.647455502251,4.43800281315168
199.175100441466,372.499846135451,3.95990577000034
126.455758168877,412.074742925637,3.36296399923141
630.400755948122,309.312998030968,4.41923486871832
-1.46166497294254,144.496291759148,4.28225768772242
540.300705686832,204.893092664495,4.08847076371844
35.0781187246184,491.674174464839,3.05069084744975
278.181121717521,24.0369600862641,3.83017731351435
535.922011705738,393.562692462255,3.3077132772378
66.4941593939926,72.625849244249,5.26532409851572
4.92759911320067,77.2167459128845,3.33420746174109
588.359208073956,228.444392753764,4.10330593532262
433.631751182864,458.944340838462,4.79373550503621
658.851857439361,371.863906426422,2.8932137021008
104.445884070213,483.248985683314,4.41236976565208
624.683675431025,88.7030301567317,4.07349340950525
422.04207225018,262.127916686294,3.68643965825675
12.3036475599482,183.509645492994,3.17134182414815
65.4991713245127,108.732288325818,4.50081210449191
613.349128419442,201.216390758897,3.8171654495835
243.467154742091,223.500958369067,3.77951555916948
585.291843493645,421.523541930831,3.73580429777346
303.996350183824,139.455793634298,3.77937072988489
529.470041840129,458.337130359734,3.56689685966982
51.2039688141523,423.685306096782,3.91252933791765
192.012668937882,282.916018743085,4.04909916204778
545.821410785901,259.145385761768,3.72185990500149
163.034147293131,18.7958232591495,4.38094621517941
512.09263290104,342.970739678821,4.40799878100725
34.4249803501014,58.4447384079372,3.77555791008156
529.333995943745,160.488558158237,4.59286833624894
NA,NA,NA
662.079009757762,330.741249107437,3.46866873259775
453.693017128044,301.961219923417,3.72150394236265
11.5791039577468,496.480431070673,3.68976328086499
562.917820682456,48.617687652553,4.13609732103471
70.803178832064,373.499490060851,3.83962663875968
229.304708452843,412.498767478571,3.8716663647293
428.114467393641,12.109998457274,3.4370621789021
362.315169485553,293.335884382912,3.16654910875211
603.587521553269,106.17161201318,4.28310166066457
394.349361474034,234.890321001198,4.18257304655533
571.444531441381,409.058470116649,4.74274799484131
135.837539262101,278.647455502251,4.43800281315168
199.175100441466,372.499846135451,3.95990577000034
126.455758168877,412.074742925637,3.36296399923141
630.400755948122,309.312998030968,4.41923486871832
-1.46166497294254,144.496291759148,4.28225768772242
540.300705686832,204.893092664495,4.08847076371844
35.0781187246184,491.674174464839,3.05069084744975
278.181121717521,24.0369600862641,3.83017731351435
535.922011705738,393.562692462255,3.3077132772378
66.4941593939926,72.625849244249,5.26532409851572
4.92759911320067,77.2167459128845,3.33420746174109
588.359208073956,228.444392753764,4.10330593532262
433.631751182864,458.944340838462,4.79373550503621
658.851857439361,371.863906426422,2.8932137021008
104.445884070213,483.248985683314,4.41236976565208
624.683675431025,88.7030301567317,4.07349340950525
422.04207225018,262.127916686294,3.68643965825675
12.3036475599482,183.509645492994,3.17134182414815
65.4991713245127,108.732288325818,4.50081210449191
613.349128419442,201.216390758897,3.8171654495835
243.467154742091,223.500958369067,3.77951555916948
585.291843493645,421.523541930831,3.73580429777346
303.996350183824,139.455793634298,3.77937072988489
529.470041840129,458.337130359734,3.56689685966982
51.2039688141523,423.685306096782,3.91252933791765
192.012668937882,282.916018743085,4.04909916204778
545.821410785901,259.145385761768,3.72185990500149
163.034147293131,18.7958232591495,4.38094621517941
512.09263290104,342.970739678821,4.40799878100725
34.4249803501014,58.4447384079372,3.77555791008156
529.333995943745,160.488558158237,4.59286833624894
NA,NA,NA
663.984323986744,333.694031637113,3.42944957745566
453.818165490157,299.239996808939,3.60201734810546
6.55939583255744,496.064142696429,3.5878439906353
560.358516330412,47.6691227863659,4.15882131875412
77.3675347128685,374.611221234482,3.911828043466
230.056938483648,418.580349827251,3.92958435730816
426.402334006713,14.015370262528,3.23511168904258
360.78976370397,291.669789934094,3.11304449430331
609.328567495376,104.769244571237,4.18144488548501
390.625708315415,229.585736487812,4.02827573650546
561.617535630773,411.890727670899,4.77642919767588
139.878288995335,280.331415876169,4.54840428972649
203.368963251044,372.689278186438,4.0393578152142
123.637678773632,411.568216349072,3.44142771620561
624.976445821436,316.218148552434,4.37659327987294
-2.84325606229375,145.035120691729,4.27836253601015
544.607437360226,203.14379812623,4.06011423370786
33.3809868349336,492.154926391895,3.00228608508589
280.307243559796,22.2625203244786,3.87648847570062
534.636475395487,389.652410788442,3.29464037790227
71.8808197361063,64.8547527159535,5.16897005499063
3.6968269458069,78.7822106102138,3.42734567629333
589.057702457494,225.862926559623,4.03371700246939
433.519056420358,454.83486699097,4.77265772073869
659.95319115934,373.428351842521,3.05220554718044
107.580387974562,494.426130601526,4.38648921091202
624.128712159265,96.7793408103311,4.03844095921442
419.966406135059,260.37901131061,3.66964762666532
11.3306092755516,181.444183204333,3.33419218045591
66.244638664039,130.609414002132,4.52826873531387
616.316338764218,208.29259672507,4.43309791376246
260.285035446519,221.578120997866,4.22206930643909
569.129966429937,440.316765907703,3.83556631250028
299.714091312502,138.125136390453,4.0681844103923
531.475436780564,461.398496289861,3.39257454642884
47.3315273054258,424.127729080186,4.07817622825463
211.312498122228,276.233144188213,4.16814177903078
541.555646059929,261.766329021271,3.778759592524
157.423437822535,25.2838436861196,4.46801190180387
505.903359076108,350.432804834621,4.68708257693987
36.542943978075,52.6535814701181,3.56199877818047
522.032318063676,146.163215967651,4.73627687997523
NA,NA,NA
663.984323986744,333.694031637113,3.42944957745566
453.818165490157,299.239996808939,3.60201734810546
6.55939583255744,496.064142696429,3.5878439906353
560.358516330412,47.6691227863659,4.15882131875412
77.3675347128685,374.611221234482,3.911828043466
230.056938483648,418.580349827251,3.92958435730816
426.402334006713,14.015370262528,3.23511168904258
360.78976370397,291.669789934094,3.11304449430331
609.328567495376,104.769244571237,4.18144488548501
390.625708315415,229.585736487812,4.02827573650546
561.617535630773,411.890727670899,4.77642919767588
139.878288995335,280.331415876169,4.54840428972649
203.368963251044,372.689278186438,4.0393578152142
123.637678773632,411.568216349072,3.44142771620561
624.976445821436,316.218148552434,4.37659327987294
-2.84325606229375,145.035120691729,4.27836253601015
544.607437360226,203.14379812623,4.06011423370786
33.3809868349336,492.154926391895,3.00228608508589
280.307243559796,22.2625203244786,3.87648847570062
534.636475395487,389.652410788442,3.29464037790227
71.8808197361063,64.8547527159535,5.16897005499063
3.6968269458069,78.7822106102138,3.42734567629333
589.057702457494,225.862926559623,4.03371700246939
433.519056420358,454.83486699097,4.77265772073869
659.95319115934,373.428351842521,3.05220554718044
107.580387974562,494.426130601526,4.38648921091202
624.128712159265,96.7793408103311,4.03844095921442
419.966406135059,260.37901131061,3.66964762666532
11.3306092755516,181.444183204333,3.33419218045591
66.244638664039,130.609414002132,4.52826873531387
616.316338764218,208.29259672507,4.43309791376246
260.285035446519,221.578120997866,4.22206930643909
569.129966429937,440.316765907703,3.83556631250028
299.714091312502,138.125136390453,4.0681844103923
531.475436780564,461.398496289861,3.39257454642884
47.3315273054258,424.127729080186,4.07817622825463
211.312498122228,276.233144188213,4.16814177903078
541.555646059929,261.766329021271,3.778759592524
157.423437822535,25.2838436861196,4.46801190180387
505.903359076108,350.432804834621,4.68708257693987
36.542943978075,52.6535814701181,3.56199877818047
522.032318063676,146.163215967651,4.73627687997523
NA,NA,NA
663.984323986744,333.694031637113,3.42944957745566
453.818165490157,299.239996808939,3.60201734810546
6.55939583255744,496.064142696429,3.5878439906353
560.358516330412,47.6691227863659,4.15882131875412
77.3675347128685,374.611221234482,3.911828043466
230.056938483648,418.580349827251,3.92958435730816
426.402334006713,14.015370262528,3.23511168904258
360.78976370397,291.669789934094,3.11304449430331
609.328567495376,104.769244571237,4.18144488548501
390.625708315415,229.585736487812,4.02827573650546
561.617535630773,411.890727670899,4.77642919767588
139.878288995335,280.331415876169,4.54840428972649
203.368963251044,372.689278186438,4.0393578152142
123.637678773632,411.568216349072,3.44142771620561
624.976445821436,316.218148552434,4.37659327987294
-2.84325606229375,145.035120691729,4.27836253601015
544.607437360226,203.14379812623,4.06011423370786
33.3809868349336,492.154926391895,3.00228608508589
280.307243559796,22.2625203244786,3.87648847570062
534.636475395487,389.652410788442,3.29464037790227
71.8808197361063,64.8547527159535,5.16897005499063
3.6968269458069,78.7822106102138,3.42734567629333
589.057702457494,225.862926559623,4.03371700246939
433.519056420358,454.83486699097,4.77265772073869
659.95319115934,373.428351842521,3.05220554718044
107.580387974562,494.426130601526,4.38648921091202
624.128712159265,96.7793408103311,4.03844095921442
419.966406135059,260.37901131061,3.66964762666532
11.3306092755516,181.444183204333,3.33419218045591
66.244638664039,130.609414002132,4.52826873531387
616.316338764218,208.29259672507,4.43309791376246
260.285035446519,221.578120997866,4.22206930643909
569.129966429937,440.316765907703,3.83556631250028
299.714091312502,138.125136390453,4.0681844103923
531.475436780564,461.398496289861,3.39257454642884
47.3315273054258,424.127729080186,4.07817622825463
211.312498122228,276.233144188213,4.16814177903078
541.555646059929,261.766329021271,3.778759592524
157.423437822535,25.2838436861196,4.46801190180387
505.903359076108,350.432804834621,4.68708257693987
36.542943978075,52.6535814701181,3.56199877818047
522.032318063676,146.163215967651,4.73627687997523
NA,NA,NA
663.984323986744,333.694031637113,3.42944957745566
453.818165490157,299.239996808939,3.60201734810546
6.55939583255744,496.064142696429,3.5878439906353
560.358516330412,47.6691227863659,4.15882131875412
77.3675347128685,374.611221234482,3.911828043466
230.056938483648,418.580349827251,3.92958435730816
426.402334006713,14.015370262528,3.23511168904258
360.78976370397,291.669789934094,3.11304449430331
609.328567495376,104.769244571237,4.18144488548501
390.625708315415,229.585736487812,4.02827573650546
561.617535630773,411.890727670899,4.77642919767588
139.878288995335,280.331415876169,4.54840428972649
203.368963251044,372.689278186438,4.0393578152142
123.637678773632,411.568216349072,3.44142771620561
624.976445821436,316.218148552434,4.37659327987294
-2.84325606229375,145.035120691729,4.27836253601015
544.607437360226,203.14379812623,4.06011423370786
33.3809868349336,492.154926391895,3.00228608508589
280.307243559796,22.2625203244786,3.87648847570062
534.636475395487,389.652410788442,3.29464037790227
71.8808197361063,64.8547527159535,5.16897005499063
3.6968269458069,78.7822106102138,3.42734567629333
589.057702457494,225.862926559623,4.03371700246939
433.519056420358,454.83486699097,4.77265772073869
659.95319115934,373.428351842521,3.05220554718044
107.580387974562,494.426130601526,4.38648921091202
624.128712159265,96.7793408103311,4.03844095921442
419.966406135059,260.37901131061,3.66964762666532
11.3306092755516,181.444183204333,3.33419218045591
66.244638664039,130.609414002132,4.52826873531387
616.316338764218,208.29259672507,4.43309791376246
260.285035446519,221.578120997866,4.22206930643909
569.129966429937,440.316765907703,3.83556631250028
299.714091312502,138.125136390453,4.0681844103923
531.475436780564,461.398496289861,3.39257454642884
47.3315273054258,424.127729080186,4.07817622825463
211.312498122228,276.233144188213,4.16814177903078
541.555646059929,261.766329021271,3.778759592524
157.423437822535,25.2838436861196,4.46801190180387
505.903359076108,350.432804834621,4.68708257693987
36.542943978075,52.6535814701181,3.56199877818047
522.032318063676,146.163215967651,4.73627687997523
NA,NA,NA
663.984323986744,333.694031637113,3.42944957745566
453.818165490157,299.239996808939,3.60201734810546
6.55939583255744,496.064142696429,3.5878439906353
560.358516330412,47.6691227863659,4.15882131875412
77.3675347128685,374.611221234482,3.911828043466
230.056938483648,418.580349827251,3.92958435730816
426.402334006713,14.015370262528,3.23511168904258
360.78976370397,291.669789934094,3.11304449430331
609.328567495376,104.769244571237,4.18144488548501
390.625708315415,229.585736487812,4.02827573650546
561.617535630773,411.890727670899,4.77642919767588
139.878288995335,280.331415876169,4.54840428972649
203.368963251044,372.689278186438,4.0393578152142
123.637678773632,411.568216349072,3.44142771620561
624.976445821436,316.218148552434,4.37659327987294
-2.84325606229375,145.035120691729,4.27836253601015
544.607437360226,203.14379812623,4.06011423370786
33.3809868349336,492.154926391895,3.00228608508589
280.307243559796,22.2625203244786,3.87648847570062
534.636475395487,389.652410788442,3.29464037790227
71.8808197361063,64.8547527159535,5.16897005499063
3.6968269458069,78.7822106102138,3.42734567629333
589.057702457494,225.862926559623,4.03371700246939
433.519056420358,454.83486699097,4.77265772073869
659.95319115934,373.428351842521,3.05220554718044
107.580387974562,494.426130601526,4.38648921091202
624.128712159265,96.7793408103311,4.03844095921442
419.966406135059,260.37901131061,3.66964762666532
11.3306092755516,181.444183204333,3.33419218045591
66.244638664039,130.609414002132,4.52826873531387
616.316338764218,208.29259672507,4.43309791376246
260.285035446519,221.578120997866,4.22206930643909
569.129966429937,440.316765907703,3.83556631250028
299.714091312502,138.125136390453,4.0681844103923
531.475436780564,461.398496289861,3.39257454642884
47.3315273054258,424.127729080186,4.07817622825463
211.312498122228,276.233144188213,4.16814177903078
541.555646059929,261.766329021271,3.778759592524
157.423437822535,25.2838436861196,4.46801190180387
505.903359076108,350.432804834621,4.68708257693987
36.542943978075,52.6535814701181,3.56199877818047
522.032318063676,146.163215967651,4.73627687997523
NA,NA,NA
663.984323986744,333.694031637113,3.42944957745566
453.818165490157,299.239996808939,3.60201734810546
6.55939583255744,496.064142696429,3.5878439906353
560.358516330412,47.6691227863659,4.15882131875412
77.3675347128685,374.611221234482,3.911828043466
230.056938483648,418.580349827251,3.92958435730816
426.402334006713,14.015370262528,3.23511168904258
360.78976370397,291.669789934094,3.11304449430331
609.328567495376,104.769244571237,4.18144488548501
390.625708315415,229.585736487812,4.02827573650546
561.617535630773,411.890727670899,4.77642919767588
139.878288995335,280.331415876169,4.54840428972649
203.368963251044,372.689278186438,4.0393578152142
123.637678773632,411.568216349072,3.44142771620561
624.976445821436,316.218148552434,4.37659327987294
-2.84325606229375,145.035120691729,4.27836253601015
544.607437360226,203.14379812623,4.06011423370786
33.3809868349336,492.154926391895,3.00228608508589
280.307243559796,22.2625203244786,3.87648847570062
534.636475395487,389.652410788442,3.29464037790227
71.8808197361063,64.8547527159535,5.16897005499063
3.6968269458069,78.7822106102138,3.42734567629333
589.057702457494,225.862926559623,4.03371700246939
433.519056420358,454.83486699097,4.77265772073869
659.95319115934,373.428351842521,3.05220554718044
107.580387974562,494.426130601526,4.38648921091202
624.128712159265,96.7793408103311,4.03844095921442
419.966406135059,260.37901131061,3.66964762666532
11.3306092755516,181.444183204333,3.33419218045591
66.244638664039,130.609414002132,4.52826873531387
616.316338764218,208.29259672507,4.43309791376246
260.285035446519,221.578120997866,4.22206930643909
569.129966429937,440.316765907703,3.83556631250028
299.714091312502,138.125136390453,4.0681844103923
531.475436780564,461.398496289861,3.39257454642884
47.3315273054258,424.127729080186,4.07817622825463
211.312498122228,276.233144188213,4.16814177903078
541.555646059929,261.766329021271,3.778759592524
157.423437822535,25.2838436861196,4.46801190180387
505.903359076108,350.432804834621,4.68708257693987
36.542943978075,52.6535814701181,3.56199877818047
522.032318063676,146.163215967651,4.73627687997523
NA,NA,NA
661.712780169812,333.113229862101,3.54226979883282
456.186621659847,297.917435700976,3.49239136700426
13.229436068073,494.070934325212,3.69777722681035
557.290164810449,48.8136672460326,4.21198758892325
68.5323667388715,370.618598748098,3.94339644817342
226.765760173554,411.980770233538,3.8289614686479
426.70750226424,13.1428428782424,3.28159249053805
363.741030053524,296.010371594449,3.11323290113069
602.255098957216,105.916821630435,4.09583673459128
391.082180636041,229.335355539648,4.19129575285531
563.533101880343,411.904049734865,4.65908049531539
142.513652614298,275.826637952151,4.56809292320523
197.430420087744,365.171743531747,4.00018622387765
123.052446586722,410.6925254305,3.41331877165113
628.584426288628,312.909303884575,4.45583703716923
5.96853923556808,145.79991450751,4.42607245156552
540.81720155337,202.931640543954,4.2828007741296
34.1796193002831,492.009062616515,2.9852037140328
286.521853413042,22.8638136058681,3.69686727582592
535.015803424716,393.257502800057,3.35231525792477
75.8871783263112,77.8315790751759,5.29198959443712
7.07464067395638,75.0742925320088,3.43609705401763
587.408069269045,227.473871865161,3.92572712276401
443.255479744126,461.860189707314,4.81688686897414
658.12352694233,374.107331632241,3.05873476954527
106.54422079436,492.162672202502,4.40919008949747
620.972470752548,89.0165345334577,4.05936692878983
419.55836313939,260.460273826336,3.6901018004563
10.6594058805103,181.678088555869,3.16095814846466
48.7555115018795,111.056331218655,4.37358642907939
600.454137281064,201.613199304267,4.17261801939978
243.20515969107,213.642273843056,3.99477482271638
566.629946580305,429.000886527312,3.69348412005331
299.517406251596,134.032247530301,3.94608167421878
528.995014626696,463.04924785704,3.43093563523999
47.5888440049,417.094570532037,4.0448008672064
217.710860939743,284.737117664656,4.09998059480366
555.753076721933,268.069158800602,3.60897601989927
172.099948315064,20.2566259732632,4.5873178630682
492.698699154218,332.159226128185,4.22696090720791
40.5860397253032,44.6680059164985,3.90020819487355
521.757924546566,160.997809364143,4.8601880170504
NA,NA,NA
661.712780169812,333.113229862101,3.54226979883282
456.186621659847,297.917435700976,3.49239136700426
13.229436068073,494.070934325212,3.69777722681035
557.290164810449,48.8136672460326,4.21198758892325
68.5323667388715,370.618598748098,3.94339644817342
226.765760173554,411.980770233538,3.8289614686479
426.70750226424,13.1428428782424,3.28159249053805
363.741030053524,296.010371594449,3.11323290113069
602.255098957216,105.916821630435,4.09583673459128
391.082180636041,229.335355539648,4.19129575285531
563.533101880343,411.904049734865,4.65908049531539
142.513652614298,275.826637952151,4.56809292320523
197.430420087744,365.171743531747,4.00018622387765
123.052446586722,410.6925254305,3.41331877165113
628.584426288628,312.909303884575,4.45583703716923
5.96853923556808,145.79991450751,4.42607245156552
540.81720155337,202.931640543954,4.2828007741296
34.1796193002831,492.009062616515,2.9852037140328
286.521853413042,22.8638136058681,3.69686727582592
535.015803424716,393.257502800057,3.35231525792477
75.8871783263112,77.8315790751759,5.29198959443712
7.07464067395638,75.0742925320088,3.43609705401763
587.408069269045,227.473871865161,3.92572712276401
443.255479744126,461.860189707314,4.81688686897414
658.12352694233,374.107331632241,3.05873476954527
106.54422079436,492.162672202502,4.40919008949747
620.972470752548,89.0165345334577,4.05936692878983
419.55836313939,260.460273826336,3.6901018004563
10.6594058805103,181.678088555869,3.16095814846466
48.7555115018795,111.056331218655,4.37358642907939
600.454137281064,201.613199304267,4.17261801939978
243.20515969107,213.642273843056,3.99477482271638
566.629946580305,429.000886527312,3.69348412005331
299.517406251596,134.032247530301,3.94608167421878
528.995014626696,463.04924785704,3.43093563523999
47.5888440049,417.094570532037,4.0448008672064
217.710860939743,284.737117664656,4.09998059480366
555.753076721933,268.069158800602,3.60897601989927
172.099948315064,20.2566259732632,4.5873178630682
492.698699154218,332.159226128185,4.22696090720791
40.5860397253032,44.6680059164985,3.90020819487355
521.757924546566,160.997809364143,4.8601880170504
NA,NA,NA
661.712780169812,333.113229862101,3.54226979883282
456.186621659847,297.917435700976,3.49239136700426
13.229436068073,494.070934325212,3.69777722681035
557.290164810449,48.8136672460326,4.21198758892325
68.5323667388715,370.618598748098,3.94339644817342
226.765760173554,411.980770233538,3.8289614686479
426.70750226424,13.1428428782424,3.28159249053805
363.741030053524,296.010371594449,3.11323290113069
602.255098957216,105.916821630435,4.09583673459128
391.082180636041,229.335355539648,4.19129575285531
563.533101880343,411.904049734865,4.65908049531539
142.513652614298,275.826637952151,4.56809292320523
197.430420087744,365.171743531747,4.00018622387765
123.052446586722,410.6925254305,3.41331877165113
628.584426288628,312.909303884575,4.45583703716923
5.96853923556808,145.79991450751,4.42607245156552
540.81720155337,202.931640543954,4.2828007741296
34.1796193002831,492.009062616515,2.9852037140328
286.521853413042,22.8638136058681,3.69686727582592
535.015803424716,393.257502800057,3.35231525792477
75.8871783263112,77.8315790751759,5.29198959443712
7.07464067395638,75.0742925320088,3.43609705401763
587.408069269045,227.473871865161,3.92572712276401
443.255479744126,461.860189707314,4.81688686897414
658.12352694233,374.107331632241,3.05873476954527
106.54422079436,492.162672202502,4.40919008949747
620.972470752548,89.0165345334577,4.05936692878983
419.55836313939,260.460273826336,3.6901018004563
10.6594058805103,181.678088555869,3.16095814846466
48.7555115018795,111.056331218655,4.37358642907939
600.454137281064,201.613199304267,4.17261801939978
243.20515969107,213.642273843056,3.99477482271638
566.629946580305,429.000886527312,3.69348412005331
299.517406251596,134.032247530301,3.94608167421878
528.995014626696,463.04924785704,3.43093563523999
47.5888440049,417.094570532037,4.0448008672064
217.710860939743,284.737117664656,4.09998059480366
555.753076721933,268.069158800602,3.60897601989927
172.099948315064,20.2566259732632,4.5873178630682
492.698699154218,332.159226128185,4.22696090720791
40.5860397253032,44.6680059164985,3.90020819487355
521.757924546566,160.997809364143,4.8601880170504
NA,NA,NA
661.712780169812,333.113229862101,3.54226979883282
456.186621659847,297.917435700976,3.49239136700426
13.229436068073,494.070934325212,3.69777722681035
557.290164810449,48.8136672460326,4.21198758892325
68.5323667388715,370.618598748098,3.94339644817342
226.765760173554,411.980770233538,3.8289614686479
426.70750226424,13.1428428782424,3.28159249053805
363.741030053524,296.010371594449,3.11323290113069
602.255098957216,105.916821630435,4.09583673459128
391.082180636041,229.335355539648,4.19129575285531
563.533101880343,411.904049734865,4.65908049531539
142.513652614298,275.826637952151,4.56809292320523
197.430420087744,365.171743531747,4.00018622387765
123.052446586722,410.6925254305,3.41331877165113
628.584426288628,312.909303884575,4.45583703716923
5.96853923556808,145.79991450751,4.42607245156552
540.81720155337,202.931640543954,4.2828007741296
34.1796193002831,492.009062616515,2.9852037140328
286.521853413042,22.8638136058681,3.69686727582592
535.015803424716,393.257502800057,3.35231525792477
75.8871783263112,77.8315790751759,5.29198959443712
7.07464067395638,75.0742925320088,3.43609705401763
587.408069269045,227.473871865161,3.92572712276401
443.255479744126,461.860189707314,4.81688686897414
658.12352694233,374.107331632241,3.05873476954527
106.54422079436,492.162672202502,4.40919008949747
620.972470752548,89.0165345334577,4.05936692878983
419.55836313939,260.460273826336,3.6901018004563
10.6594058805103,181.678088555869,3.16095814846466
48.7555115018795,111.056331218655,4.37358642907939
600.454137281064,201.613199304267,4.17261801939978
243.20515969107,213.642273843056,3.99477482271638
566.629946580305,429.000886527312,3.69348412005331
299.517406251596,134.032247530301,3.94608167421878
528.995014626696,463.04924785704,3.43093563523999
47.5888440049,417.094570532037,4.0448008672064
217.710860939743,284.737117664656,4.09998059480366
555.753076721933,268.069158800602,3.60897601989927
172.099948315064,20.2566259732632,4.5873178630682
492.698699154218,332.159226128185,4.22696090720791
40.5860397253032,44.6680059164985,3.90020819487355
521.757924546566,160.997809364143,4.8601880170504
NA,NA,NA
661.712780169812,333.113229862101,3.54226979883282
456.186621659847,297.917435700976,3.49239136700426
13.229436068073,494.070934325212,3.69777722681035
557.290164810449,48.8136672460326,4.21198758892325
68.5323667388715,370.618598748098,3.94339644817342
226.765760173554,411.980770233538,3.8289614686479
426.70750226424,13.1428428782424,3.28159249053805
363.741030053524,296.010371594449,3.11323290113069
602.255098957216,105.916821630435,4.09583673459128
391.082180636041,229.335355539648,4.19129575285531
563.533101880343,411.904049734865,4.65908049531539
142.513652614298,275.826637952151,4.56809292320523
197.430420087744,365.171743531747,4.00018622387765
123.052446586722,410.6925254305,3.41331877165113
628.584426288628,312.909303884575,4.45583703716923
5.96853923556808,145.79991450751,4.42607245156552
540.81720155337,202.931640543954,4.2828007741296
34.1796193002831,492.009062616515,2.9852037140328
286.521853413042,22.8638136058681,3.69686727582592
535.015803424716,393.257502800057,3.35231525792477
75.8871783263112,77.8315790751759,5.29198959443712
7.07464067395638,75.0742925320088,3.43609705401763
587.408069269045,227.473871865161,3.92572712276401
443.255479744126,461.860189707314,4.81688686897414
658.12352694233,374.107331632241,3.05873476954527
106.54422079436,492.162672202502,4.40919008949747
620.972470752548,89.0165345334577,4.05936692878983
419.55836313939,260.460273826336,3.6901018004563
10.6594058805103,181.678088555869,3.16095814846466
48.7555115018795,111.056331218655,4.37358642907939
600.454137281064,201.613199304267,4.17261801939978
243.20515969107,213.642273843056,3.99477482271638
566.629946580305,429.000886527312,3.69348412005331
299.517406251596,134.032247530301,3.94608167421878
528.995014626696,463.04924785704,3.43093563523999
47.5888440049,417.094570532037,4.0448008672064
217.710860939743,284.737117664656,4.09998059480366
555.753076721933,268.069158800602,3.60897601989927
172.099948315064,20.2566259732632,4.5873178630682
492.698699154218,332.159226128185,4.22696090720791
40.5860397253032,44.6680059164985,3.90020819487355
521.757924546566,160.997809364143,4.8601880170504
NA,NA,NA
661.712780169812,333.113229862101,3.54226979883282
456.186621659847,297.917435700976,3.49239136700426
13.229436068073,494.070934325212,3.69777722681035
557.290164810449,48.8136672460326,4.21198758892325
68.5323667388715,370.618598748098,3.94339644817342
226.765760173554,411.980770233538,3.8289614686479
426.70750226424,13.1428428782424,3.28159249053805
363.741030053524,296.010371594449,3.11323290113069
602.255098957216,105.916821630435,4.09583673459128
391.082180636041,229.335355539648,4.19129575285531
563.533101880343,411.904049734865,4.65908049531539
142.513652614298,275.826637952151,4.56809292320523
197.430420087744,365.171743531747,4.00018622387765
123.052446586722,410.6925254305,3.41331877165113
628.584426288628,312.909303884575,4.45583703716923
5.96853923556808,145.79991450751,4.42607245156552
540.81720155337,202.931640543954,4.2828007741296
34.1796193002831,492.009062616515,2.9852037140328
286.521853413042,22.8638136058681,3.69686727582592
535.015803424716,393.257502800057,3.35231525792477
75.8871783263112,77.8315790751759,5.29198959443712
7.07464067395638,75.0742925320088,3.43609705401763
587.408069269045,227.473871865161,3.92572712276401
443.255479744126,461.860189707314,4.81688686897414
658.12352694233,374.107331632241,3.05873476954527
106.54422079436,492.162672202502,4.40919008949747
620.972470752548,89.0165345334577,4.05936692878983
419.55836313939,260.460273826336,3.6901018004563
10.6594058805103,181.678088555869,3.16095814846466
48.7555115018795,111.056331218655,4.37358642907939
600.454137281064,201.613199304267,4.17261801939978
243.20515969107,213.642273843056,3.99477482271638
566.629946580305,429.000886527312,3.69348412005331
299.517406251596,134.032247530301,3.94608167421878
528.995014626696,463.04924785704,3.43093563523999
47.5888440049,417.094570532037,4.0448008672064
217.710860939743,284.737117664656,4.09998059480366
555.753076721933,268.069158800602,3.60897601989927
172.099948315064,20.2566259732632,4.5873178630682
492.698699154218,332.159226128185,4.22696090720791
40.5860397253032,44.6680059164985,3.90020819487355
521.757924546566,160.997809364143,4.8601880170504
NA,NA,NA
659.006562705055,330.907355371279,3.53349427651087
454.565959537362,298.844306257774,3.58885484962186
14.4338232173829,494.560251558295,3.54081372671889
562.266442770156,52.6770800668309,4.16252351878711
70.6270662966736,379.541609148832,3.91635351348754
231.02891473488,412.671753268654,3.78855741967538
425.421701726073,13.0129967224212,3.33972479019955
362.350370941684,295.941016234332,2.90520896664408
611.732588552311,102.564228593767,4.19089759391932
390.044438006615,228.063548321148,4.29476089313367
573.664415510202,408.33955585219,4.77684643740479
138.498496050228,287.63476208166,4.46578316670214
196.254365100443,370.092441768703,4.09638277224172
130.655711373324,411.018362609846,3.29985620508259
626.022180829646,314.707762577912,4.52998236689114
-2.26007180258671,147.53662166573,4.19438762325524
543.74817387204,201.51383297457,4.02485787688092
34.3518303022725,492.598154034932,2.93896768272479
283.244065841735,18.9654967271899,3.81298250117132
529.804211174811,393.209116265499,3.30862421949947
71.1877819562621,84.4724734928313,5.26532524734962
2.36048440249313,76.1590894668717,3.31095271584516
589.160037473164,231.007087923287,3.93957931146257
443.234607138139,463.739891189185,4.76277878861951
659.603568680086,371.134017005034,3.01447835134196
111.343806871345,487.9681689811,4.27047644578199
621.014564787159,90.3113061125101,4.11777397699603
418.963734677305,258.385487125295,3.6085254438543
12.1072709714545,182.332701297995,3.2365130596141
73.3114496359894,115.238248472814,4.37607018509602
604.73714827153,185.046073942702,4.03347930465184
258.280877096238,229.423914719497,3.50584872160081
578.804514911298,427.212462478606,3.77541399831521
302.024167066877,132.300444685964,3.89892597679024
520.669879833894,453.560674484228,3.48892507476117
39.4247608696564,424.693175327326,3.96625584817
190.462536084644,297.099194360119,3.86680384701072
551.018706115334,263.887299911532,3.46107939362584
165.369141643865,28.0793382620135,4.13509273822622
500.010621257013,339.567357490278,4.67261656463328
29.557131576456,46.7123077951393,3.6296568626539
528.535869606614,157.095159981259,4.47952162009046
NA,NA,NA
659.006562705055,330.907355371279,3.53349427651087
454.565959537362,298.844306257774,3.58885484962186
14.4338232173829,494.560251558295,3.54081372671889
562.266442770156,52.6770800668309,4.16252351878711
70.6270662966736,379.541609148832,3.91635351348754
231.02891473488,412.671753268654,3.78855741967538
425.421701726073,13.0129967224212,3.33972479019955
362.350370941684,295.941016234332,2.90520896664408
611.732588552311,102.564228593767,4.19089759391932
390.044438006615,228.063548321148,4.29476089313367
573.664415510202,408.33955585219,4.77684643740479
138.498496050228,287.63476208166,4.46578316670214
196.254365100443,370.092441768703,4.09638277224172
130.655711373324,411.018362609846,3.29985620508259
626.022180829646,314.707762577912,4.52998236689114
-2.26007180258671,147.53662166573,4.19438762325524
543.74817387204,201.51383297457,4.02485787688092
34.3518303022725,492.598154034932,2.93896768272479
283.244065841735,18.9654967271899,3.81298250117132
529.804211174811,393.209116265499,3.30862421949947
71.1877819562621,84.4724734928313,5.26532524734962
2.36048440249313,76.1590894668717,3.31095271584516
589.160037473164,231.007087923287,3.93957931146257
443.234607138139,463.739891189185,4.76277878861951
659.603568680086,371.134017005034,3.01447835134196
111.343806871345,487.9681689811,4.27047644578199
621.014564787159,90.3113061125101,4.11777397699603
418.963734677305,258.385487125295,3.6085254438543
12.1072709714545,182.332701297995,3.2365130596141
73.3114496359894,115.238248472814,4.37607018509602
604.73714827153,185.046073942702,4.03347930465184
258.280877096238,229.423914719497,3.50584872160081
578.804514911298,427.212462478606,3.77541399831521
302.024167066877,132.300444685964,3.89892597679024
520.669879833894,453.560674484228,3.48892507476117
39.4247608696564,424.693175327326,3.96625584817
190.462536084644,297.099194360119,3.86680384701072
551.018706115334,263.887299911532,3.46107939362584
165.369141643865,28.0793382620135,4.13509273822622
500.010621257013,339.567357490278,4.67261656463328
29.557131576456,46.7123077951393,3.6296568626539
528.535869606614,157.095159981259,4.47952162009046
NA,NA,NA
659.006562705055,330.907355371279,3.53349427651087
454.565959537362,298.844306257774,3.58885484962186
14.4338232173829,494.560251558295,3.54081372671889
562.266442770156,52.6770800668309,4.16252351878711
70.6270662966736,379.541609148832,3.91635351348754
231.02891473488,412.671753268654,3.78855741967538
425.421701726073,13.0129967224212,3.33972479019955
362.350370941684,295.941016234332,2.90520896664408
611.732588552311,102.564228593767,4.19089759391932
390.044438006615,228.063548321148,4.29476089313367
573.664415510202,408.33955585219,4.77684643740479
138.498496050228,287.63476208166,4.46578316670214
196.254365100443,370.092441768703,4.09638277224172
130.655711373324,411.018362609846,3.29985620508259
626.022180829646,314.707762577912,4.52998236689114
-2.26007180258671,147.53662166573,4.19438762325524
543.74817387204,201.51383297457,4.02485787688092
34.3518303022725,492.598154034932,2.93896768272479
283.244065841735,18.9654967271899,3.81298250117132
529.804211174811,393.209116265499,3.30862421949947
71.1877819562621,84.4724734928313,5.26532524734962
2.36048440249313,76.1590894668717,3.31095271584516
589.160037473164,231.007087923287,3.93957931146257
443.234607138139,463.739891189185,4.76277878861951
659.603568680086,371.134017005034,3.01447835134196
111.343806871345,487.9681689811,4.27047644578199
621.014564787159,90.3113061125101,4.11777397699603
418.963734677305,258.385487125295,3.6085254438543
12.1072709714545,182.332701297995,3.2365130596141
73.3114496359894,115.238248472814,4.37607018509602
604.73714827153,185.046073942702,4.03347930465184
258.280877096238,229.423914719497,3.50584872160081
578.804514911298,427.212462478606,3.77541399831521
302.024167066877,132.300444685964,3.89892597679024
520.669879833894,453.560674484228,3.48892507476117
39.4247608696564,424.693175327326,3.96625584817
190.462536084644,297.099194360119,3.86680384701072
551.018706115334,263.887299911532,3.46107939362584
165.369141643865,28.0793382620135,4.13509273822622
500.010621257013,339.567357490278,4.67261656463328
29.557131576456,46.7123077951393,3.6296568626539
528.535869606614,157.095159981259,4.47952162009046
NA,NA,NA
659.006562705055,330.907355371279,3.53349427651087
454.565959537362,298.844306257774,3.58885484962186
14.4338232173829,494.560251558295,3.54081372671889
562.266442770156,52.6770800668309,4.16252351878711
70.6270662966736,379.541609148832,3.91635351348754
231.02891473488,412.671753268654,3.78855741967538
425.421701726073,13.0129967224212,3.33972479019955
362.350370941684,295.941016234332,2.90520896664408
611.732588552311,102.564228593767,4.19089759391932
390.044438006615,228.063548321148,4.29476089313367
573.664415510202,408.33955585219,4.77684643740479
138.498496050228,287.63476208166,4.46578316670214
196.254365100443,370.092441768703,4.09638277224172
130.655711373324,411.018362609846,3.29985620508259
626.022180829646,314.707762577912,4.52998236689114
-2.26007180258671,147.53662166573,4.19438762325524
543.74817387204,201.51383297457,4.02485787688092
34.3518303022725,492.598154034932,2.93896768272479
283.244065841735,18.9654967271899,3.81298250117132
529.804211174811,393.209116265499,3.30862421949947
71.1877819562621,84.4724734928313,5.26532524734962
2.36048440249313,76.1590894668717,3.31095271584516
589.160037473164,231.007087923287,3.93957931146257
443.234607138139,463.739891189185,4.76277878861951
659.603568680086,371.134017005034,3.01447835134196
111.343806871345,487.9681689811,4.27047644578199
621.014564787159,90.3113061125101,4.11777397699603
418.963734677305,258.385487125295,3.6085254438543
12.1072709714545,182.332701297995,3.2365130596141
73.3114496359894,115.238248472814,4.37607018509602
604.73714827153,185.046073942702,4.03347930465184
258.280877096238,229.423914719497,3.50584872160081
578.804514911298,427.212462478606,3.77541399831521
302.024167066877,132.300444685964,3.89892597679024
520.669879833894,453.560674484228,3.48892507476117
39.4247608696564,424.693175327326,3.96625584817
190.462536084644,297.099194360119,3.86680384701072
551.018706115334,263.887299911532,3.46107939362584
165.369141643865,28.0793382620135,4.13509273822622
500.010621257013,339.567357490278,4.67261656463328
29.557131576456,46.7123077951393,3.6296568626539
528.535869606614,157.095159981259,4.47952162009046
NA,NA,NA
659.006562705055,330.907355371279,3.53349427651087
454.565959537362,298.844306257774,3.58885484962186
14.4338232173829,494.560251558295,3.54081372671889
562.266442770156,52.6770800668309,4.16252351878711
70.6270662966736,379.541609148832,3.91635351348754
231.02891473488,412.671753268654,3.78855741967538
425.421701726073,13.0129967224212,3.33972479019955
362.350370941684,295.941016234332,2.90520896664408
611.732588552311,102.564228593767,4.19089759391932
390.044438006615,228.063548321148,4.29476089313367
573.664415510202,408.33955585219,4.77684643740479
138.498496050228,287.63476208166,4.46578316670214
196.254365100443,370.092441768703,4.09638277224172
130.655711373324,411.018362609846,3.29985620508259
626.022180829646,314.707762577912,4.52998236689114
-2.26007180258671,147.53662166573,4.19438762325524
543.74817387204,201.51383297457,4.02485787688092
34.3518303022725,492.598154034932,2.93896768272479
283.244065841735,18.9654967271899,3.81298250117132
529.804211174811,393.209116265499,3.30862421949947
71.1877819562621,84.4724734928313,5.26532524734962
2.36048440249313,76.1590894668717,3.31095271584516
589.160037473164,231.007087923287,3.93957931146257
443.234607138139,463.739891189185,4.76277878861951
659.603568680086,371.134017005034,3.01447835134196
111.343806871345,487.9681689811,4.27047644578199
621.014564787159,90.3113061125101,4.11777397699603
418.963734677305,258.385487125295,3.6085254438543
12.1072709714545,182.332701297995,3.2365130596141
73.3114496359894,115.238248472814,4.37607018509602
604.73714827153,185.046073942702,4.03347930465184
258.280877096238,229.423914719497,3.50584872160081
578.804514911298,427.212462478606,3.77541399831521
302.024167066877,132.300444685964,3.89892597679024
520.669879833894,453.560674484228,3.48892507476117
39.4247608696564,424.693175327326,3.96625584817
190.462536084644,297.099194360119,3.86680384701072
551.018706115334,263.887299911532,3.46107939362584
165.369141643865,28.0793382620135,4.13509273822622
500.010621257013,339.567357490278,4.67261656463328
29.557131576456,46.7123077951393,3.6296568626539
528.535869606614,157.095159981259,4.47952162009046
NA,NA,NA
659.006562705055,330.907355371279,3.53349427651087
454.565959537362,298.844306257774,3.58885484962186
14.4338232173829,494.560251558295,3.54081372671889
562.266442770156,52.6770800668309,4.16252351878711
70.6270662966736,379.541609148832,3.91635351348754
231.02891473488,412.671753268654,3.78855741967538
425.421701726073,13.0129967224212,3.33972479019955
362.350370941684,295.941016234332,2.90520896664408
611.732588552311,102.564228593767,4.19089759391932
390.044438006615,228.063548321148,4.29476089313367
573.664415510202,408.33955585219,4.77684643740479
138.498496050228,287.63476208166,4.46578316670214
196.254365100443,370.092441768703,4.09638277224172
130.655711373324,411.018362609846,3.29985620508259
626.022180829646,314.707762577912,4.52998236689114
-2.26007180258671,147.53662166573,4.19438762325524
543.74817387204,201.51383297457,4.02485787688092
34.3518303022725,492.598154034932,2.93896768272479
283.244065841735,18.9654967271899,3.81298250117132
529.804211174811,393.209116265499,3.30862421949947
71.1877819562621,84.4724734928313,5.26532524734962
2.36048440249313,76.1590894668717,3.31095271584516
589.160037473164,231.007087923287,3.93957931146257
443.234607138139,463.739891189185,4.76277878861951
659.603568680086,371.134017005034,3.01447835134196
111.343806871345,487.9681689811,4.27047644578199
621.014564787159,90.3113061125101,4.11777397699603
418.963734677305,258.385487125295,3.6085254438543
12.1072709714545,182.332701297995,3.2365130596141
73.3114496359894,115.238248472814,4.37607018509602
604.73714827153,185.046073942702,4.03347930465184
258.280877096238,229.423914719497,3.50584872160081
578.804514911298,427.212462478606,3.77541399831521
302.024167066877,132.300444685964,3.89892597679024
520.669879833894,453.560674484228,3.48892507476117
39.4247608696564,424.693175327326,3.96625584817
190.462536084644,297.099194360119,3.86680384701072
551.018706115334,263.887299911532,3.46107939362584
165.369141643865,28.0793382620135,4.13509273822622
500.010621257013,339.567357490278,4.67261656463328
29.557131576456,46.7123077951393,3.6296568626539
528.535869606614,157.095159981259,4.47952162009046
NA,NA,NA
664.634852931015,331.701922606909,3.57840695595066
457.232573065464,300.786159663806,3.7296746302274
12.6206739870008,497.220581308104,3.68458372094473
562.254592214292,51.950058458472,4.28319921150064
74.6096676162536,371.551429055297,3.953944895176
227.174606562529,413.267333035713,3.91036304592654
428.565455629213,12.5960243437408,3.23270393410328
363.45208242753,294.565397306123,3.14006388393827
602.113613530773,108.2643413612,4.25003194651804
391.361906108923,226.570791226197,4.10981791343153
562.825217639273,406.046080133247,4.78344754586657
143.688173670299,272.529160185956,4.54688574849322
202.144796389674,368.476504898991,4.05223869656489
122.842068457607,412.839138031255,3.36786598061806
626.84661937572,309.903574324715,4.50301215503809
-0.972855380471183,148.545836189389,4.23592045392453
547.703970565014,203.959830109021,4.18194328748657
35.1025962861043,490.61803673018,3.03734765548741
279.266412656989,25.8670777809645,3.76193072190163
536.416345366932,393.326991974073,3.32136132936199
71.0999340092117,68.1952232726003,5.27371760642129
5.73489527618221,77.7669706983875,3.37010698560107
587.013338903535,231.748407422621,4.0610669459071
441.463695723937,460.360220362995,4.72944979105843
659.025927270622,373.893882333674,3.2071008512984
113.777624539242,486.899380654288,4.29913300617554
619.661685648003,90.7498115200329,4.09836083752838
418.511361024013,259.260627241027,3.64622513319969
12.155965282267,180.957477074731,3.08587849547275
73.145941398284,107.498227973378,4.50012472761517
627.900540151741,195.190228091703,4.49185551432554
258.601684371607,211.236213242647,4.09579926915436
574.377058928489,434.534156799065,3.87913623543202
302.028970387348,126.022282325954,3.89773053617566
536.487117871436,463.498093372844,3.71801084863807
52.3602156658322,427.918576837118,3.62156054275868
198.855210288555,298.308491139827,4.010988616748
561.494123041701,265.614082872966,3.88803450807517
176.05229322179,37.207942577142,4.36109180918543
499.382266866456,347.862545033348,4.5952868928377
42.0508083594019,40.6994779225862,3.73143948178496
530.170356394059,155.665321865964,4.14689514009963
NA,NA,NA
664.634852931015,331.701922606909,3.57840695595066
457.232573065464,300.786159663806,3.7296746302274
12.6206739870008,497.220581308104,3.68458372094473
562.254592214292,51.950058458472,4.28319921150064
74.6096676162536,371.551429055297,3.953944895176
227.174606562529,413.267333035713,3.91036304592654
428.565455629213,12.5960243437408,3.23270393410328
363.45208242753,294.565397306123,3.14006388393827
602.113613530773,108.2643413612,4.25003194651804
391.361906108923,226.570791226197,4.10981791343153
562.825217639273,406.046080133247,4.78344754586657
143.688173670299,272.529160185956,4.54688574849322
202.144796389674,368.476504898991,4.05223869656489
122.842068457607,412.839138031255,3.36786598061806
626.84661937572,309.903574324715,4.50301215503809
-0.972855380471183,148.545836189389,4.23592045392453
547.703970565014,203.959830109021,4.18194328748657
35.1025962861043,490.61803673018,3.03734765548741
279.266412656989,25.8670777809645,3.76193072190163
536.416345366932,393.326991974073,3.32136132936199
71.0999340092117,68.1952232726003,5.27371760642129
5.73489527618221,77.7669706983875,3.37010698560107
587.013338903535,231.748407422621,4.0610669459071
441.463695723937,460.360220362995,4.72944979105843
659.025927270622,373.893882333674,3.2071008512984
113.777624539242,486.899380654288,4.29913300617554
619.661685648003,90.7498115200329,4.09836083752838
418.511361024013,259.260627241027,3.64622513319969
12.155965282267,180.957477074731,3.08587849547275
73.145941398284,107.498227973378,4.50012472761517
627.900540151741,195.190228091703,4.49185551432554
258.601684371607,211.236213242647,4.09579926915436
574.377058928489,434.534156799065,3.87913623543202
302.028970387348,126.022282325954,3.89773053617566
536.487117871436,463.498093372844,3.71801084863807
52.3602156658322,427.918576837118,3.62156054275868
198.855210288555,298.308491139827,4.010988616748
561.494123041701,265.614082872966,3.88803450807517
176.05229322179,37.207942577142,4.36109180918543
499.382266866456,347.862545033348,4.5952868928377
42.0508083594019,40.6994779225862,3.73143948178496
530.170356394059,155.665321865964,4.14689514009963
NA,NA,NA
664.634852931015,331.701922606909,3.57840695595066
457.232573065464,300.786159663806,3.7296746302274
12.6206739870008,497.220581308104,3.68458372094473
562.254592214292,51.950058458472,4.28319921150064
74.6096676162536,371.551429055297,3.953944895176
227.174606562529,413.267333035713,3.91036304592654
428.565455629213,12.5960243437408,3.23270393410328
363.45208242753,294.565397306123,3.14006388393827
602.113613530773,108.2643413612,4.25003194651804
391.361906108923,226.570791226197,4.10981791343153
562.825217639273,406.046080133247,4.78344754586657
143.688173670299,272.529160185956,4.54688574849322
202.144796389674,368.476504898991,4.05223869656489
122.842068457607,412.839138031255,3.36786598061806
626.84661937572,309.903574324715,4.50301215503809
-0.972855380471183,148.545836189389,4.23592045392453
547.703970565014,203.959830109021,4.18194328748657
35.1025962861043,490.61803673018,3.03734765548741
279.266412656989,25.8670777809645,3.76193072190163
536.416345366932,393.326991974073,3.32136132936199
71.0999340092117,68.1952232726003,5.27371760642129
5.73489527618221,77.7669706983875,3.37010698560107
587.013338903535,231.748407422621,4.0610669459071
441.463695723937,460.360220362995,4.72944979105843
659.025927270622,373.893882333674,3.2071008512984
113.777624539242,486.899380654288,4.29913300617554
619.661685648003,90.7498115200329,4.09836083752838
418.511361024013,259.260627241027,3.64622513319969
12.155965282267,180.957477074731,3.08587849547275
73.145941398284,107.498227973378,4.50012472761517
627.900540151741,195.190228091703,4.49185551432554
258.601684371607,211.236213242647,4.09579926915436
574.377058928489,434.534156799065,3.87913623543202
302.028970387348,126.022282325954,3.89773053617566
536.487117871436,463.498093372844,3.71801084863807
52.3602156658322,427.918576837118,3.62156054275868
198.855210288555,298.308491139827,4.010988616748
561.494123041701,265.614082872966,3.88803450807517
176.05229322179,37.207942577142,4.36109180918543
499.382266866456,347.862545033348,4.5952868928377
42.0508083594019,40.6994779225862,3.73143948178496
530.170356394059,155.665321865964,4.14689514009963
NA,NA,NA
664.634852931015,331.701922606909,3.57840695595066
457.232573065464,300.786159663806,3.7296746302274
12.6206739870008,497.220581308104,3.68458372094473
562.254592214292,51.950058458472,4.28319921150064
74.6096676162536,371.551429055297,3.953944895176
227.174606562529,413.267333035713,3.91036304592654
428.565455629213,12.5960243437408,3.23270393410328
363.45208242753,294.565397306123,3.14006388393827
602.113613530773,108.2643413612,4.25003194651804
391.361906108923,226.570791226197,4.10981791343153
562.825217639273,406.046080133247,4.78344754586657
143.688173670299,272.529160185956,4.54688574849322
202.144796389674,368.476504898991,4.05223869656489
122.842068457607,412.839138031255,3.36786598061806
626.84661937572,309.903574324715,4.50301215503809
-0.972855380471183,148.545836189389,4.23592045392453
547.703970565014,203.959830109021,4.18194328748657
35.1025962861043,490.61803673018,3.03734765548741
279.266412656989,25.8670777809645,3.76193072190163
536.416345366932,393.326991974073,3.32136132936199
71.0999340092117,68.1952232726003,5.27371760642129
5.73489527618221,77.7669706983875,3.37010698560107
587.013338903535,231.748407422621,4.0610669459071
441.463695723937,460.360220362995,4.72944979105843
659.025927270622,373.893882333674,3.2071008512984
113.777624539242,486.899380654288,4.29913300617554
619.661685648003,90.7498115200329,4.09836083752838
418.511361024013,259.260627241027,3.64622513319969
12.155965282267,180.957477074731,3.08587849547275
73.145941398284,107.498227973378,4.50012472761517
627.900540151741,195.190228091703,4.49185551432554
258.601684371607,211.236213242647,4.09579926915436
574.377058928489,434.534156799065,3.87913623543202
302.028970387348,126.022282325954,3.89773053617566
536.487117871436,463.498093372844,3.71801084863807
52.3602156658322,427.918576837118,3.62156054275868
198.855210288555,298.308491139827,4.010988616748
561.494123041701,265.614082872966,3.88803450807517
176.05229322179,37.207942577142,4.36109180918543
499.382266866456,347.862545033348,4.5952868928377
42.0508083594019,40.6994779225862,3.73143948178496
530.170356394059,155.665321865964,4.14689514009963
NA,NA,NA
664.634852931015,331.701922606909,3.57840695595066
457.232573065464,300.786159663806,3.7296746302274
12.6206739870008,497.220581308104,3.68458372094473
562.254592214292,51.950058458472,4.28319921150064
74.6096676162536,371.551429055297,3.953944895176
227.174606562529,413.267333035713,3.91036304592654
428.565455629213,12.5960243437408,3.23270393410328
363.45208242753,294.565397306123,3.14006388393827
602.113613530773,108.2643413612,4.25003194651804
391.361906108923,226.570791226197,4.10981791343153
562.825217639273,406.046080133247,4.78344754586657
143.688173670299,272.529160185956,4.54688574849322
202.144796389674,368.476504898991,4.05223869656489
122.842068457607,412.839138031255,3.36786598061806
626.84661937572,309.903574324715,4.50301215503809
-0.972855380471183,148.545836189389,4.23592045392453
547.703970565014,203.959830109021,4.18194328748657
35.1025962861043,490.61803673018,3.03734765548741
279.266412656989,25.8670777809645,3.76193072190163
536.416345366932,393.326991974073,3.32136132936199
71.0999340092117,68.1952232726003,5.27371760642129
5.73489527618221,77.7669706983875,3.37010698560107
587.013338903535,231.748407422621,4.0610669459071
441.463695723937,460.360220362995,4.72944979105843
659.025927270622,373.893882333674,3.2071008512984
113.777624539242,486.899380654288,4.29913300617554
619.661685648003,90.7498115200329,4.09836083752838
418.511361024013,259.260627241027,3.64622513319969
12.155965282267,180.957477074731,3.08587849547275
73.145941398284,107.498227973378,4.50012472761517
627.900540151741,195.190228091703,4.49185551432554
258.601684371607,211.236213242647,4.09579926915436
574.377058928489,434.534156799065,3.87913623543202
302.028970387348,126.022282325954,3.89773053617566
536.487117871436,463.498093372844,3.71801084863807
52.3602156658322,427.918576837118,3.62156054275868
198.855210288555,298.308491139827,4.010988616748
561.494123041701,265.614082872966,3.88803450807517
176.05229322179,37.207942577142,4.36109180918543
499.382266866456,347.862545033348,4.5952868928377
42.0508083594019,40.6994779225862,3.73143948178496
530.170356394059,155.665321865964,4.14689514009963
NA,NA,NA
664.634852931015,331.701922606909,3.57840695595066
457.232573065464,300.786159663806,3.7296746302274
12.6206739870008,497.220581308104,3.68458372094473
562.254592214292,51.950058458472,4.28319921150064
74.6096676162536,371.551429055297,3.953944895176
227.174606562529,413.267333035713,3.91036304592654
428.565455629213,12.5960243437408,3.23270393410328
363.45208242753,294.565397306123,3.14006388393827
602.113613530773,108.2643413612,4.25003194651804
391.361906108923,226.570791226197,4.10981791343153
562.825217639273,406.046080133247,4.78344754586657
143.688173670299,272.529160185956,4.54688574849322
202.144796389674,368.476504898991,4.05223869656489
122.842068457607,412.839138031255,3.36786598061806
626.84661937572,309.903574324715,4.50301215503809
-0.972855380471183,148.545836189389,4.23592045392453
547.703970565014,203.959830109021,4.18194328748657
35.1025962861043,490.61803673018,3.03734765548741
279.266412656989,25.8670777809645,3.76193072190163
536.416345366932,393.326991974073,3.32136132936199
71.0999340092117,68.1952232726003,5.27371760642129
5.73489527618221,77.7669706983875,3.37010698560107
587.013338903535,231.748407422621,4.0610669459071
441.463695723937,460.360220362995,4.72944979105843
659.025927270622,373.893882333674,3.2071008512984
113.777624539242,486.899380654288,4.29913300617554
619.661685648003,90.7498115200329,4.09836083752838
418.511361024013,259.260627241027,3.64622513319969
12.155965282267,180.957477074731,3.08587849547275
73.145941398284,107.498227973378,4.50012472761517
627.900540151741,195.190228091703,4.49185551432554
258.601684371607,211.236213242647,4.09579926915436
574.377058928489,434.534156799065,3.87913623543202
302.028970387348,126.022282325954,3.89773053617566
536.487117871436,463.498093372844,3.71801084863807
52.3602156658322,427.918576837118,3.62156054275868
198.855210288555,298.308491139827,4.010988616748
561.494123041701,265.614082872966,3.88803450807517
176.05229322179,37.207942577142,4.36109180918543
499.382266866456,347.862545033348,4.5952868928377
42.0508083594019,40.6994779225862,3.73143948178496
530.170356394059,155.665321865964,4.14689514009963
NA,NA,NA
661.359780546535,330.978303724491,3.51336315497122
452.343071919583,301.545528535422,3.68517108890158
7.16272916694753,499.671907324713,3.67223607760471
561.863226777044,51.5540711176291,4.16931322516084
68.9191883130236,372.617944118694,3.93359071714717
227.890573378022,412.426553825586,3.91304264015139
429.583534847013,11.6355535466749,3.34203181287961
362.88650393336,293.263437215266,3.06907420526962
606.976798701714,107.907337732904,4.30748611681485
390.76551397146,234.085669662067,4.18697615378177
564.341462512462,411.070723836122,4.78061691238393
131.931800463117,278.982338393785,4.60423022361199
199.638379933046,369.390968930706,4.02309667271839
122.779068157896,407.448621627188,3.4200851598703
625.335145662583,310.244145095575,4.55712744031309
-0.495875772344479,149.049303917676,4.29075337068616
542.362445166905,202.357782540926,4.14749973836078
33.7273697730882,493.192363312097,3.0390926795952
278.532844261226,23.2819471433335,3.72969133755256
534.313794273428,392.372786112916,3.42654750778663
78.5419732096475,70.50057835742,5.15702334446294
3.88041098527211,74.4708711461983,3.48233927984005
592.420875474563,226.975544955446,4.02683057505585
436.629647887039,465.579963980631,4.84950981869813
658.871345216423,374.009624085727,3.06014015629419
108.706837896769,488.982985492074,4.27696913004398
623.690960098588,90.1811686036347,4.08349964300354
421.104366377612,258.237014788066,3.60229602735513
9.15780698019289,179.918625728749,3.30341770991031
62.640255056412,103.836285066827,4.5899792242144
605.290774263473,193.182784216832,3.92415545774237
250.878138561979,212.527049467376,3.90406264540828
570.259262639577,432.279796164655,3.84735025762033
304.722940595221,140.603808100622,3.7808710464849
535.041700112453,464.428736456816,3.75170811820399
42.6678248892073,420.083361447895,3.76864692666205
191.732297310477,294.519988592375,4.21007257531145
557.332394134093,265.911904298993,3.86646246457488
157.321519693903,44.5153494396862,4.14800712083922
499.869320292122,346.691467921858,4.30592244977756
43.0365249102766,56.1491585930613,3.76735994988697
525.772547453428,142.539454646802,4.50250849700666
NA,NA,NA
661.359780546535,330.978303724491,3.51336315497122
452.343071919583,301.545528535422,3.68517108890158
7.16272916694753,499.671907324713,3.67223607760471
561.863226777044,51.5540711176291,4.16931322516084
68.9191883130236,372.617944118694,3.93359071714717
227.890573378022,412.426553825586,3.91304264015139
429.583534847013,11.6355535466749,3.34203181287961
362.88650393336,293.263437215266,3.06907420526962
606.976798701714,107.907337732904,4.30748611681485
390.76551397146,234.085669662067,4.18697615378177
564.341462512462,411.070723836122,4.78061691238393
131.931800463117,278.982338393785,4.60423022361199
199.638379933046,369.390968930706,4.02309667271839
122.779068157896,407.448621627188,3.4200851598703
625.335145662583,310.244145095575,4.55712744031309
-0.495875772344479,149.049303917676,4.29075337068616
542.362445166905,202.357782540926,4.14749973836078
33.7273697730882,493.192363312097,3.0390926795952
278.532844261226,23.2819471433335,3.72969133755256
534.313794273428,392.372786112916,3.42654750778663
78.5419732096475,70.50057835742,5.15702334446294
3.88041098527211,74.4708711461983,3.48233927984005
592.420875474563,226.975544955446,4.02683057505585
436.629647887039,465.579963980631,4.84950981869813
658.871345216423,374.009624085727,3.06014015629419
108.706837896769,488.982985492074,4.27696913004398
623.690960098588,90.1811686036347,4.08349964300354
421.104366377612,258.237014788066,3.60229602735513
9.15780698019289,179.918625728749,3.30341770991031
62.640255056412,103.836285066827,4.5899792242144
605.290774263473,193.182784216832,3.92415545774237
250.878138561979,212.527049467376,3.90406264540828
570.259262639577,432.279796164655,3.84735025762033
304.722940595221,140.603808100622,3.7808710464849
535.041700112453,464.428736456816,3.75170811820399
42.6678248892073,420.083361447895,3.76864692666205
191.732297310477,294.519988592375,4.21007257531145
557.332394134093,265.911904298993,3.86646246457488
157.321519693903,44.5153494396862,4.14800712083922
499.869320292122,346.691467921858,4.30592244977756
43.0365249102766,56.1491585930613,3.76735994988697
525.772547453428,142.539454646802,4.50250849700666
NA,NA,NA
661.359780546535,330.978303724491,3.51336315497122
452.343071919583,301.545528535422,3.68517108890158
7.16272916694753,499.671907324713,3.67223607760471
561.863226777044,51.5540711176291,4.16931322516084
68.9191883130236,372.617944118694,3.93359071714717
227.890573378022,412.426553825586,3.91304264015139
429.583534847013,11.6355535466749,3.34203181287961
362.88650393336,293.263437215266,3.06907420526962
606.976798701714,107.907337732904,4.30748611681485
390.76551397146,234.085669662067,4.18697615378177
564.341462512462,411.070723836122,4.78061691238393
131.931800463117,278.982338393785,4.60423022361199
199.638379933046,369.390968930706,4.02309667271839
122.779068157896,407.448621627188,3.4200851598703
625.335145662583,310.244145095575,4.55712744031309
-0.495875772344479,149.049303917676,4.29075337068616
542.362445166905,202.357782540926,4.14749973836078
33.7273697730882,493.192363312097,3.0390926795952
278.532844261226,23.2819471433335,3.72969133755256
534.313794273428,392.372786112916,3.42654750778663
78.5419732096475,70.50057835742,5.15702334446294
3.88041098527211,74.4708711461983,3.48233927984005
592.420875474563,226.975544955446,4.02683057505585
436.629647887039,465.579963980631,4.84950981869813
658.871345216423,374.009624085727,3.06014015629419
108.706837896769,488.982985492074,4.27696913004398
623.690960098588,90.1811686036347,4.08349964300354
421.104366377612,258.237014788066,3.60229602735513
9.15780698019289,179.918625728749,3.30341770991031
62.640255056412,103.836285066827,4.5899792242144
605.290774263473,193.182784216832,3.92415545774237
250.878138561979,212.527049467376,3.90406264540828
570.259262639577,432.279796164655,3.84735025762033
304.722940595221,140.603808100622,3.7808710464849
535.041700112453,464.428736456816,3.75170811820399
42.6678248892073,420.083361447895,3.76864692666205
191.732297310477,294.519988592375,4.21007257531145
557.332394134093,265.911904298993,3.86646246457488
157.321519693903,44.5153494396862,4.14800712083922
499.869320292122,346.691467921858,4.30592244977756
43.0365249102766,56.1491585930613,3.76735994988697
525.772547453428,142.539454646802,4.50250849700666
NA,NA,NA
661.359780546535,330.978303724491,3.51336315497122
452.343071919583,301.545528535422,3.68517108890158
7.16272916694753,499.671907324713,3.67223607760471
561.863226777044,51.5540711176291,4.16931322516084
68.9191883130236,372.617944118694,3.93359071714717
227.890573378022,412.426553825586,3.91304264015139
429.583534847013,11.6355535466749,3.34203181287961
362.88650393336,293.263437215266,3.06907420526962
606.976798701714,107.907337732904,4.30748611681485
390.76551397146,234.085669662067,4.18697615378177
564.341462512462,411.070723836122,4.78061691238393
131.931800463117,278.982338393785,4.60423022361199
199.638379933046,369.390968930706,4.02309667271839
122.779068157896,407.448621627188,3.4200851598703
625.335145662583,310.244145095575,4.55712744031309
-0.495875772344479,149.049303917676,4.29075337068616
542.362445166905,202.357782540926,4.14749973836078
33.7273697730882,493.192363312097,3.0390926795952
278.532844261226,23.2819471433335,3.72969133755256
534.313794273428,392.372786112916,3.42654750778663
78.5419732096475,70.50057835742,5.15702334446294
3.88041098527211,74.4708711461983,3.48233927984005
592.420875474563,226.975544955446,4.02683057505585
436.629647887039,465.579963980631,4.84950981869813
658.871345216423,374.009624085727,3.06014015629419
108.706837896769,488.982985492074,4.27696913004398
623.690960098588,90.1811686036347,4.08349964300354
421.104366377612,258.237014788066,3.60229602735513
9.15780698019289,179.918625728749,3.30341770991031
62.640255056412,103.836285066827,4.5899792242144
605.290774263473,193.182784216832,3.92415545774237
250.878138561979,212.527049467376,3.90406264540828
570.259262639577,432.279796164655,3.84735025762033
304.722940595221,140.603808100622,3.7808710464849
535.041700112453,464.428736456816,3.75170811820399
42.6678248892073,420.083361447895,3.76864692666205
191.732297310477,294.519988592375,4.21007257531145
557.332394134093,265.911904298993,3.86646246457488
157.321519693903,44.5153494396862,4.14800712083922
499.869320292122,346.691467921858,4.30592244977756
43.0365249102766,56.1491585930613,3.76735994988697
525.772547453428,142.539454646802,4.50250849700666
NA,NA,NA
661.359780546535,330.978303724491,3.51336315497122
452.343071919583,301.545528535422,3.68517108890158
7.16272916694753,499.671907324713,3.67223607760471
561.863226777044,51.5540711176291,4.16931322516084
68.9191883130236,372.617944118694,3.93359071714717
227.890573378022,412.426553825586,3.91304264015139
429.583534847013,11.6355535466749,3.34203181287961
362.88650393336,293.263437215266,3.06907420526962
606.976798701714,107.907337732904,4.30748611681485
390.76551397146,234.085669662067,4.18697615378177
564.341462512462,411.070723836122,4.78061691238393
131.931800463117,278.982338393785,4.60423022361199
199.638379933046,369.390968930706,4.02309667271839
122.779068157896,407.448621627188,3.4200851598703
625.335145662583,310.244145095575,4.55712744031309
-0.495875772344479,149.049303917676,4.29075337068616
542.362445166905,202.357782540926,4.14749973836078
33.7273697730882,493.192363312097,3.0390926795952
278.532844261226,23.2819471433335,3.72969133755256
534.313794273428,392.372786112916,3.42654750778663
78.5419732096475,70.50057835742,5.15702334446294
3.88041098527211,74.4708711461983,3.48233927984005
592.420875474563,226.975544955446,4.02683057505585
436.629647887039,465.579963980631,4.84950981869813
658.871345216423,374.009624085727,3.06014015629419
108.706837896769,488.982985492074,4.27696913004398
623.690960098588,90.1811686036347,4.08349964300354
421.104366377612,258.237014788066,3.60229602735513
9.15780698019289,179.918625728749,3.30341770991031
62.640255056412,103.836285066827,4.5899792242144
605.290774263473,193.182784216832,3.92415545774237
250.878138561979,212.527049467376,3.90406264540828
570.259262639577,432.279796164655,3.84735025762033
304.722940595221,140.603808100622,3.7808710464849
535.041700112453,464.428736456816,3.75170811820399
42.6678248892073,420.083361447895,3.76864692666205
191.732297310477,294.519988592375,4.21007257531145
557.332394134093,265.911904298993,3.86646246457488
157.321519693903,44.5153494396862,4.14800712083922
499.869320292122,346.691467921858,4.30592244977756
43.0365249102766,56.1491585930613,3.76735994988697
525.772547453428,142.539454646802,4.50250849700666
NA,NA,NA
661.359780546535,330.978303724491,3.51336315497122
452.343071919583,301.545528535422,3.68517108890158
7.16272916694753,499.671907324713,3.67223607760471
561.863226777044,51.5540711176291,4.16931322516084
68.9191883130236,372.617944118694,3.93359071714717
227.890573378022,412.426553825586,3.91304264015139
429.583534847013,11.6355535466749,3.34203181287961
362.88650393336,293.263437215266,3.06907420526962
606.976798701714,107.907337732904,4.30748611681485
390.76551397146,234.085669662067,4.18697615378177
564.341462512462,411.070723836122,4.78061691238393
131.931800463117,278.982338393785,4.60423022361199
199.638379933046,369.390968930706,4.02309667271839
122.779068157896,407.448621627188,3.4200851598703
625.335145662583,310.244145095575,4.55712744031309
-0.495875772344479,149.049303917676,4.29075337068616
542.362445166905,202.357782540926,4.14749973836078
33.7273697730882,493.192363312097,3.0390926795952
278.532844261226,23.2819471433335,3.72969133755256
534.313794273428,392.372786112916,3.42654750778663
78.5419732096475,70.50057835742,5.15702334446294
3.88041098527211,74.4708711461983,3.48233927984005
592.420875474563,226.975544955446,4.02683057505585
436.629647887039,465.579963980631,4.84950981869813
658.871345216423,374.009624085727,3.06014015629419
108.706837896769,488.982985492074,4.27696913004398
623.690960098588,90.1811686036347,4.08349964300354
421.104366377612,258.237014788066,3.60229602735513
9.15780698019289,179.918625728749,3.30341770991031
62.640255056412,103.836285066827,4.5899792242144
605.290774263473,193.182784216832,3.92415545774237
250.878138561979,212.527049467376,3.90406264540828
570.259262639577,432.279796164655,3.84735025762033
304.722940595221,140.603808100622,3.7808710464849
535.041700112453,464.428736456816,3.75170811820399
42.6678248892073,420.083361447895,3.76864692666205
191.732297310477,294.519988592375,4.21007257531145
557.332394134093,265.911904298993,3.86646246457488
157.321519693903,44.5153494396862,4.14800712083922
499.869320292122,346.691467921858,4.30592244977756
43.0365249102766,56.1491585930613,3.76735994988697
525.772547453428,142.539454646802,4.50250849700666
NA,NA,NA
662.106983936437,332.062040547096,3.58848693913737
456.468313815647,300.178256111236,3.66535361555852
7.77551489766038,495.741685143744,3.59512315581741
561.024589536665,50.7218157493966,4.17311874968618
73.6668044866789,375.561123806164,3.88007289447815
226.286187248317,411.421069379047,3.83996328882578
428.920330130329,14.5358565597856,3.36529258048793
360.973291542827,293.822726040236,2.91658459651581
600.307342000694,106.422524261965,4.20293307858076
394.320642396004,231.418916752171,4.32714659177423
570.542165103885,409.207342164305,4.76103515986746
143.390407359137,286.511795367065,4.53506322088042
200.585815770775,365.481964068244,3.90605933897018
124.38633803959,411.542257377263,3.38192199339246
632.639902473693,311.219522042575,4.57247952237217
6.13865755553184,146.286405111741,4.25933250228042
542.55208674282,206.327617565777,4.15907294615184
33.0164415948162,490.869536184777,3.00240430309302
278.222888446699,24.7694820026883,3.8975092401561
532.289147682352,391.976506937004,3.62579406658701
70.6361021547465,68.7343602960247,5.21953262298792
5.94809182302382,75.7331506452048,3.57675089916204
586.078724594758,224.265221306313,4.05128525210862
436.755350841574,456.656826595699,4.76662438914976
658.473032425248,372.243337594268,2.88451360935311
105.644507358435,484.385926786096,4.29664444604562
624.302857938331,91.0022320352802,4.09422666005902
419.083488691301,259.838420109343,3.59375316474241
11.5967707479987,182.700604610324,3.3033118925609
61.2088762867064,119.636036004092,4.4126190029381
602.707453903822,203.801510536641,4.36875894769436
246.339343404894,220.972332808199,3.9830395107051
579.277798503885,429.593958407452,3.95939365060158
299.013009665026,139.311798915645,3.69401597551347
533.036240336465,455.509327383884,3.43652256287967
39.2668761144871,412.620605929914,3.62647329271643
199.9544994003,298.098022170964,3.86147114988845
557.968410706249,266.262667887436,3.55643567562301
172.582820434159,18.9681442298294,4.2715832458426
502.972776893317,346.827197326197,4.68514040814923
55.0531636365605,43.3084874793548,3.73439717004171
529.091111899593,157.920938726099,4.70308956696322
NA,NA,NA
662.106983936437,332.062040547096,3.58848693913737
456.468313815647,300.178256111236,3.66535361555852
7.77551489766038,495.741685143744,3.59512315581741
561.024589536665,50.7218157493966,4.17311874968618
73.6668044866789,375.561123806164,3.88007289447815
226.286187248317,411.421069379047,3.83996328882578
428.920330130329,14.5358565597856,3.36529258048793
360.973291542827,293.822726040236,2.91658459651581
600.307342000694,106.422524261965,4.20293307858076
394.320642396004,231.418916752171,4.32714659177423
570.542165103885,409.207342164305,4.76103515986746
143.390407359137,286.511795367065,4.53506322088042
200.585815770775,365.481964068244,3.90605933897018
124.38633803959,411.542257377263,3.38192199339246
632.639902473693,311.219522042575,4.57247952237217
6.13865755553184,146.286405111741,4.25933250228042
542.55208674282,206.327617565777,4.15907294615184
33.0164415948162,490.869536184777,3.00240430309302
278.222888446699,24.7694820026883,3.8975092401561
532.289147682352,391.976506937004,3.62579406658701
70.6361021547465,68.7343602960247,5.21953262298792
5.94809182302382,75.7331506452048,3.57675089916204
586.078724594758,224.265221306313,4.05128525210862
436.755350841574,456.656826595699,4.76662438914976
658.473032425248,372.243337594268,2.88451360935311
105.644507358435,484.385926786096,4.29664444604562
624.302857938331,91.0022320352802,4.09422666005902
419.083488691301,259.838420109343,3.59375316474241
11.5967707479987,182.700604610324,3.3033118925609
61.2088762867064,119.636036004092,4.4126190029381
602.707453903822,203.801510536641,4.36875894769436
246.339343404894,220.972332808199,3.9830395107051
579.277798503885,429.593958407452,3.95939365060158
299.013009665026,139.311798915645,3.69401597551347
533.036240336465,455.509327383884,3.43652256287967
39.2668761144871,412.620605929914,3.62647329271643
199.9544994003,298.098022170964,3.86147114988845
557.968410706249,266.262667887436,3.55643567562301
172.582820434159,18.9681442298294,4.2715832458426
502.972776893317,346.827197326197,4.68514040814923
55.0531636365605,43.3084874793548,3.73439717004171
529.091111899593,157.920938726099,4.70308956696322
NA,NA,NA
662.106983936437,332.062040547096,3.58848693913737
456.468313815647,300.178256111236,3.66535361555852
7.77551489766038,495.741685143744,3.59512315581741
561.024589536665,50.7218157493966,4.17311874968618
73.6668044866789,375.561123806164,3.88007289447815
226.286187248317,411.421069379047,3.83996328882578
428.920330130329,14.5358565597856,3.36529258048793
360.973291542827,293.822726040236,2.91658459651581
600.307342000694,106.422524261965,4.20293307858076
394.320642396004,231.418916752171,4.32714659177423
570.542165103885,409.207342164305,4.76103515986746
143.390407359137,286.511795367065,4.53506322088042
200.585815770775,365.481964068244,3.90605933897018
124.38633803959,411.542257377263,3.38192199339246
632.639902473693,311.219522042575,4.57247952237217
6.13865755553184,146.286405111741,4.25933250228042
542.55208674282,206.327617565777,4.15907294615184
33.0164415948162,490.869536184777,3.00240430309302
278.222888446699,24.7694820026883,3.8975092401561
532.289147682352,391.976506937004,3.62579406658701
70.6361021547465,68.7343602960247,5.21953262298792
5.94809182302382,75.7331506452048,3.57675089916204
586.078724594758,224.265221306313,4.05128525210862
436.755350841574,456.656826595699,4.76662438914976
658.473032425248,372.243337594268,2.88451360935311
105.644507358435,484.385926786096,4.29664444604562
624.302857938331,91.0022320352802,4.09422666005902
419.083488691301,259.838420109343,3.59375316474241
11.5967707479987,182.700604610324,3.3033118925609
61.2088762867064,119.636036004092,4.4126190029381
602.707453903822,203.801510536641,4.36875894769436
246.339343404894,220.972332808199,3.9830395107051
579.277798503885,429.593958407452,3.95939365060158
299.013009665026,139.311798915645,3.69401597551347
533.036240336465,455.509327383884,3.43652256287967
39.2668761144871,412.620605929914,3.62647329271643
199.9544994003,298.098022170964,3.86147114988845
557.968410706249,266.262667887436,3.55643567562301
172.582820434159,18.9681442298294,4.2715832458426
502.972776893317,346.827197326197,4.68514040814923
55.0531636365605,43.3084874793548,3.73439717004171
529.091111899593,157.920938726099,4.70308956696322
NA,NA,NA
662.106983936437,332.062040547096,3.58848693913737
456.468313815647,300.178256111236,3.66535361555852
7.77551489766038,495.741685143744,3.59512315581741
561.024589536665,50.7218157493966,4.17311874968618
73.6668044866789,375.561123806164,3.88007289447815
226.286187248317,411.421069379047,3.83996328882578
428.920330130329,14.5358565597856,3.36529258048793
360.973291542827,293.822726040236,2.91658459651581
600.307342000694,106.422524261965,4.20293307858076
394.320642396004,231.418916752171,4.32714659177423
570.542165103885,409.207342164305,4.76103515986746
143.390407359137,286.511795367065,4.53506322088042
200.585815770775,365.481964068244,3.90605933897018
124.38633803959,411.542257377263,3.38192199339246
632.639902473693,311.219522042575,4.57247952237217
6.13865755553184,146.286405111741,4.25933250228042
542.55208674282,206.327617565777,4.15907294615184
33.0164415948162,490.869536184777,3.00240430309302
278.222888446699,24.7694820026883,3.8975092401561
532.289147682352,391.976506937004,3.62579406658701
70.6361021547465,68.7343602960247,5.21953262298792
5.94809182302382,75.7331506452048,3.57675089916204
586.078724594758,224.265221306313,4.05128525210862
436.755350841574,456.656826595699,4.76662438914976
658.473032425248,372.243337594268,2.88451360935311
105.644507358435,484.385926786096,4.29664444604562
624.302857938331,91.0022320352802,4.09422666005902
419.083488691301,259.838420109343,3.59375316474241
11.5967707479987,182.700604610324,3.3033118925609
61.2088762867064,119.636036004092,4.4126190029381
602.707453903822,203.801510536641,4.36875894769436
246.339343404894,220.972332808199,3.9830395107051
579.277798503885,429.593958407452,3.95939365060158
299.013009665026,139.311798915645,3.69401597551347
533.036240336465,455.509327383884,3.43652256287967
39.2668761144871,412.620605929914,3.62647329271643
199.9544994003,298.098022170964,3.86147114988845
557.968410706249,266.262667887436,3.55643567562301
172.582820434159,18.9681442298294,4.2715832458426
502.972776893317,346.827197326197,4.68514040814923
55.0531636365605,43.3084874793548,3.73439717004171
529.091111899593,157.920938726099,4.70308956696322
NA,NA,NA
662.106983936437,332.062040547096,3.58848693913737
456.468313815647,300.178256111236,3.66535361555852
7.77551489766038,495.741685143744,3.59512315581741
561.024589536665,50.7218157493966,4.17311874968618
73.6668044866789,375.561123806164,3.88007289447815
226.286187248317,411.421069379047,3.83996328882578
428.920330130329,14.5358565597856,3.36529258048793
360.973291542827,293.822726040236,2.91658459651581
600.307342000694,106.422524261965,4.20293307858076
394.320642396004,231.418916752171,4.32714659177423
570.542165103885,409.207342164305,4.76103515986746
143.390407359137,286.511795367065,4.53506322088042
200.585815770775,365.481964068244,3.90605933897018
124.38633803959,411.542257377263,3.38192199339246
632.639902473693,311.219522042575,4.57247952237217
6.13865755553184,146.286405111741,4.25933250228042
542.55208674282,206.327617565777,4.15907294615184
33.0164415948162,490.869536184777,3.00240430309302
278.222888446699,24.7694820026883,3.8975092401561
532.289147682352,391.976506937004,3.62579406658701
70.6361021547465,68.7343602960247,5.21953262298792
5.94809182302382,75.7331506452048,3.57675089916204
586.078724594758,224.265221306313,4.05128525210862
436.755350841574,456.656826595699,4.76662438914976
658.473032425248,372.243337594268,2.88451360935311
105.644507358435,484.385926786096,4.29664444604562
624.302857938331,91.0022320352802,4.09422666005902
419.083488691301,259.838420109343,3.59375316474241
11.5967707479987,182.700604610324,3.3033118925609
61.2088762867064,119.636036004092,4.4126190029381
602.707453903822,203.801510536641,4.36875894769436
246.339343404894,220.972332808199,3.9830395107051
579.277798503885,429.593958407452,3.95939365060158
299.013009665026,139.311798915645,3.69401597551347
533.036240336465,455.509327383884,3.43652256287967
39.2668761144871,412.620605929914,3.62647329271643
199.9544994003,298.098022170964,3.86147114988845
557.968410706249,266.262667887436,3.55643567562301
172.582820434159,18.9681442298294,4.2715832458426
502.972776893317,346.827197326197,4.68514040814923
55.0531636365605,43.3084874793548,3.73439717004171
529.091111899593,157.920938726099,4.70308956696322
NA,NA,NA
662.106983936437,332.062040547096,3.58848693913737
456.468313815647,300.178256111236,3.66535361555852
7.77551489766038,495.741685143744,3.59512315581741
561.024589536665,50.7218157493966,4.17311874968618
73.6668044866789,375.561123806164,3.88007289447815
226.286187248317,411.421069379047,3.83996328882578
428.920330130329,14.5358565597856,3.36529258048793
360.973291542827,293.822726040236,2.91658459651581
600.307342000694,106.422524261965,4.20293307858076
394.320642396004,231.418916752171,4.32714659177423
570.542165103885,409.207342164305,4.76103515986746
143.390407359137,286.511795367065,4.53506322088042
200.585815770775,365.481964068244,3.90605933897018
124.38633803959,411.542257377263,3.38192199339246
632.639902473693,311.219522042575,4.57247952237217
6.13865755553184,146.286405111741,4.25933250228042
542.55208674282,206.327617565777,4.15907294615184
33.0164415948162,490.869536184777,3.00240430309302
278.222888446699,24.7694820026883,3.8975092401561
532.289147682352,391.976506937004,3.62579406658701
70.6361021547465,68.7343602960247,5.21953262298792
5.94809182302382,75.7331506452048,3.57675089916204
586.078724594758,224.265221306313,4.05128525210862
436.755350841574,456.656826595699,4.76662438914976
658.473032425248,372.243337594268,2.88451360935311
105.644507358435,484.385926786096,4.29664444604562
624.302857938331,91.0022320352802,4.09422666005902
419.083488691301,259.838420109343,3.59375316474241
11.5967707479987,182.700604610324,3.3033118925609
61.2088762867064,119.636036004092,4.4126190029381
602.707453903822,203.801510536641,4.36875894769436
246.339343404894,220.972332808199,3.9830395107051
579.277798503885,429.593958407452,3.95939365060158
299.013009665026,139.311798915645,3.69401597551347
533.036240336465,455.509327383884,3.43652256287967
39.2668761144871,412.620605929914,3.62647329271643
199.9544994003,298.098022170964,3.86147114988845
557.968410706249,266.262667887436,3.55643567562301
172.582820434159,18.9681442298294,4.2715832458426
502.972776893317,346.827197326197,4.68514040814923
55.0531636365605,43.3084874793548,3.73439717004171
529.091111899593,157.920938726099,4.70308956696322
NA,NA,NA
659.570760227152,332.729751638724,3.4182165269254
460.145877848551,300.665102776996,3.50342314395429
6.33903624631775,492.885294947733,3.61869117891603
559.160430437117,53.0705647960748,4.19885141210753
75.6495227167521,371.0055820733,3.98703084369752
228.511136080301,414.699482084105,3.85815319721297
430.152658554455,13.7589835766088,3.20936989679853
362.144676403845,294.71493309664,3.08721961627564
603.459548294248,107.106968406311,4.15633817768919
394.75722290458,229.742793008246,4.27073442181213
572.972982011358,406.353034642087,4.73642494648887
143.100086600096,283.56063309219,4.55048066696226
193.931326608194,372.883574432255,3.96915582737064
125.394414934724,410.85247645562,3.45523165009389
625.982408982221,314.256864837785,4.58141666972421
2.51165170938384,148.768262125872,4.19110584920138
540.959825230964,201.565381628016,4.28252296466672
33.620528615661,493.320061171293,2.92632520709175
278.583637948882,21.5058897430553,3.81479451504196
533.410062051452,392.826787452622,3.42450636553489
74.3133383750113,76.2939308143997,5.14161460351048
8.95166241251057,78.4581477102181,3.63350535550115
583.949522373069,228.579857783958,4.07622763111312
442.43649823081,464.619659584022,4.73436593000572
659.377731544664,372.822194729382,3.03316655004219
108.858988411643,485.510763943357,4.21810315562016
619.80078855342,90.0761477354224,4.12098245133686
422.583694478356,257.60392005875,3.71000602820377
11.5470287037116,180.840768002017,3.20388371321959
62.7500571487453,123.951215700461,4.2370139154336
626.551574320074,218.411879952151,4.44075290001402
247.138821869222,220.694687410854,4.2801285877621
582.408324065806,428.300120195883,3.93999295112595
301.98546497096,139.252335666422,3.97518596483161
526.907139775711,461.370748116817,3.71180899701462
45.9180697623258,421.714942143502,3.64153402031898
194.644574352086,280.757843005772,4.1917632328288
546.427539377353,260.92159861686,3.9625922214865
168.80795946004,37.6723730654395,4.28437379675187
498.28604215684,338.566757913785,4.45732499921457
35.6778386296394,55.5930058411567,3.6774942018949
528.723935801083,144.803528245865,4.71762148665966
NA,NA,NA
659.570760227152,332.729751638724,3.4182165269254
460.145877848551,300.665102776996,3.50342314395429
6.33903624631775,492.885294947733,3.61869117891603
559.160430437117,53.0705647960748,4.19885141210753
75.6495227167521,371.0055820733,3.98703084369752
228.511136080301,414.699482084105,3.85815319721297
430.152658554455,13.7589835766088,3.20936989679853
362.144676403845,294.71493309664,3.08721961627564
603.459548294248,107.106968406311,4.15633817768919
394.75722290458,229.742793008246,4.27073442181213
572.972982011358,406.353034642087,4.73642494648887
143.100086600096,283.56063309219,4.55048066696226
193.931326608194,372.883574432255,3.96915582737064
125.394414934724,410.85247645562,3.45523165009389
625.982408982221,314.256864837785,4.58141666972421
2.51165170938384,148.768262125872,4.19110584920138
540.959825230964,201.565381628016,4.28252296466672
33.620528615661,493.320061171293,2.92632520709175
278.583637948882,21.5058897430553,3.81479451504196
533.410062051452,392.826787452622,3.42450636553489
74.3133383750113,76.2939308143997,5.14161460351048
8.95166241251057,78.4581477102181,3.63350535550115
583.949522373069,228.579857783958,4.07622763111312
442.43649823081,464.619659584022,4.73436593000572
659.377731544664,372.822194729382,3.03316655004219
108.858988411643,485.510763943357,4.21810315562016
619.80078855342,90.0761477354224,4.12098245133686
422.583694478356,257.60392005875,3.71000602820377
11.5470287037116,180.840768002017,3.20388371321959
62.7500571487453,123.951215700461,4.2370139154336
626.551574320074,218.411879952151,4.44075290001402
247.138821869222,220.694687410854,4.2801285877621
582.408324065806,428.300120195883,3.93999295112595
301.98546497096,139.252335666422,3.97518596483161
526.907139775711,461.370748116817,3.71180899701462
45.9180697623258,421.714942143502,3.64153402031898
194.644574352086,280.757843005772,4.1917632328288
546.427539377353,260.92159861686,3.9625922214865
168.80795946004,37.6723730654395,4.28437379675187
498.28604215684,338.566757913785,4.45732499921457
35.6778386296394,55.5930058411567,3.6774942018949
528.723935801083,144.803528245865,4.71762148665966
NA,NA,NA
659.570760227152,332.729751638724,3.4182165269254
460.145877848551,300.665102776996,3.50342314395429
6.33903624631775,492.885294947733,3.61869117891603
559.160430437117,53.0705647960748,4.19885141210753
75.6495227167521,371.0055820733,3.98703084369752
228.511136080301,414.699482084105,3.85815319721297
430.152658554455,13.7589835766088,3.20936989679853
362.144676403845,294.71493309664,3.08721961627564
603.459548294248,107.106968406311,4.15633817768919
394.75722290458,229.742793008246,4.27073442181213
572.972982011358,406.353034642087,4.73642494648887
143.100086600096,283.56063309219,4.55048066696226
193.931326608194,372.883574432255,3.96915582737064
125.394414934724,410.85247645562,3.45523165009389
625.982408982221,314.256864837785,4.58141666972421
2.51165170938384,148.768262125872,4.19110584920138
540.959825230964,201.565381628016,4.28252296466672
33.620528615661,493.320061171293,2.92632520709175
278.583637948882,21.5058897430553,3.81479451504196
533.410062051452,392.826787452622,3.42450636553489
74.3133383750113,76.2939308143997,5.14161460351048
8.95166241251057,78.4581477102181,3.63350535550115
583.949522373069,228.579857783958,4.07622763111312
442.43649823081,464.619659584022,4.73436593000572
659.377731544664,372.822194729382,3.03316655004219
108.858988411643,485.510763943357,4.21810315562016
619.80078855342,90.0761477354224,4.12098245133686
422.583694478356,257.60392005875,3.71000602820377
11.5470287037116,180.840768002017,3.20388371321959
62.7500571487453,123.951215700461,4.2370139154336
626.551574320074,218.411879952151,4.44075290001402
247.138821869222,220.694687410854,4.2801285877621
582.408324065806,428.300120195883,3.93999295112595
301.98546497096,139.252335666422,3.97518596483161
526.907139775711,461.370748116817,3.71180899701462
45.9180697623258,421.714942143502,3.64153402031898
194.644574352086,280.757843005772,4.1917632328288
546.427539377353,260.92159861686,3.9625922214865
168.80795946004,37.6723730654395,4.28437379675187
498.28604215684,338.566757913785,4.45732499921457
35.6778386296394,55.5930058411567,3.6774942018949
528.723935801083,144.803528245865,4.71762148665966
NA,NA,NA
659.570760227152,332.729751638724,3.4182165269254
460.145877848551,300.665102776996,3.50342314395429
6.33903624631775,492.885294947733,3.61869117891603
559.160430437117,53.0705647960748,4.19885141210753
75.6495227167521,371.0055820733,3.98703084369752
228.511136080301,414.699482084105,3.85815319721297
430.152658554455,13.7589835766088,3.20936989679853
362.144676403845,294.71493309664,3.08721961627564
603.459548294248,107.106968406311,4.15633817768919
394.75722290458,229.742793008246,4.27073442181213
572.972982011358,406.353034642087,4.73642494648887
143.100086600096,283.56063309219,4.55048066696226
193.931326608194,372.883574432255,3.96915582737064
125.394414934724,410.85247645562,3.45523165009389
625.982408982221,314.256864837785,4.58141666972421
2.51165170938384,148.768262125872,4.19110584920138
540.959825230964,201.565381628016,4.28252296466672
33.620528615661,493.320061171293,2.92632520709175
278.583637948882,21.5058897430553,3.81479451504196
533.410062051452,392.826787452622,3.42450636553489
74.3133383750113,76.2939308143997,5.14161460351048
8.95166241251057,78.4581477102181,3.63350535550115
583.949522373069,228.579857783958,4.07622763111312
442.43649823081,464.619659584022,4.73436593000572
659.377731544664,372.822194729382,3.03316655004219
108.858988411643,485.510763943357,4.21810315562016
619.80078855342,90.0761477354224,4.12098245133686
422.583694478356,257.60392005875,3.71000602820377
11.5470287037116,180.840768002017,3.20388371321959
62.7500571487453,123.951215700461,4.2370139154336
626.551574320074,218.411879952151,4.44075290001402
247.138821869222,220.694687410854,4.2801285877621
582.408324065806,428.300120195883,3.93999295112595
301.98546497096,139.252335666422,3.97518596483161
526.907139775711,461.370748116817,3.71180899701462
45.9180697623258,421.714942143502,3.64153402031898
194.644574352086,280.757843005772,4.1917632328288
546.427539377353,260.92159861686,3.9625922214865
168.80795946004,37.6723730654395,4.28437379675187
498.28604215684,338.566757913785,4.45732499921457
35.6778386296394,55.5930058411567,3.6774942018949
528.723935801083,144.803528245865,4.71762148665966
NA,NA,NA
659.570760227152,332.729751638724,3.4182165269254
460.145877848551,300.665102776996,3.50342314395429
6.33903624631775,492.885294947733,3.61869117891603
559.160430437117,53.0705647960748,4.19885141210753
75.6495227167521,371.0055820733,3.98703084369752
228.511136080301,414.699482084105,3.85815319721297
430.152658554455,13.7589835766088,3.20936989679853
362.144676403845,294.71493309664,3.08721961627564
603.459548294248,107.106968406311,4.15633817768919
394.75722290458,229.742793008246,4.27073442181213
572.972982011358,406.353034642087,4.73642494648887
143.100086600096,283.56063309219,4.55048066696226
193.931326608194,372.883574432255,3.96915582737064
125.394414934724,410.85247645562,3.45523165009389
625.982408982221,314.256864837785,4.58141666972421
2.51165170938384,148.768262125872,4.19110584920138
540.959825230964,201.565381628016,4.28252296466672
33.620528615661,493.320061171293,2.92632520709175
278.583637948882,21.5058897430553,3.81479451504196
533.410062051452,392.826787452622,3.42450636553489
74.3133383750113,76.2939308143997,5.14161460351048
8.95166241251057,78.4581477102181,3.63350535550115
583.949522373069,228.579857783958,4.07622763111312
442.43649823081,464.619659584022,4.73436593000572
659.377731544664,372.822194729382,3.03316655004219
108.858988411643,485.510763943357,4.21810315562016
619.80078855342,90.0761477354224,4.12098245133686
422.583694478356,257.60392005875,3.71000602820377
11.5470287037116,180.840768002017,3.20388371321959
62.7500571487453,123.951215700461,4.2370139154336
626.551574320074,218.411879952151,4.44075290001402
247.138821869222,220.694687410854,4.2801285877621
582.408324065806,428.300120195883,3.93999295112595
301.98546497096,139.252335666422,3.97518596483161
526.907139775711,461.370748116817,3.71180899701462
45.9180697623258,421.714942143502,3.64153402031898
194.644574352086,280.757843005772,4.1917632328288
546.427539377353,260.92159861686,3.9625922214865
168.80795946004,37.6723730654395,4.28437379675187
498.28604215684,338.566757913785,4.45732499921457
35.6778386296394,55.5930058411567,3.6774942018949
528.723935801083,144.803528245865,4.71762148665966
NA,NA,NA
659.570760227152,332.729751638724,3.4182165269254
460.145877848551,300.665102776996,3.50342314395429
6.33903624631775,492.885294947733,3.61869117891603
559.160430437117,53.0705647960748,4.19885141210753
75.6495227167521,371.0055820733,3.98703084369752
228.511136080301,414.699482084105,3.85815319721297
430.152658554455,13.7589835766088,3.20936989679853
362.144676403845,294.71493309664,3.08721961627564
603.459548294248,107.106968406311,4.15633817768919
394.75722290458,229.742793008246,4.27073442181213
572.972982011358,406.353034642087,4.73642494648887
143.100086600096,283.56063309219,4.55048066696226
193.931326608194,372.883574432255,3.96915582737064
125.394414934724,410.85247645562,3.45523165009389
625.982408982221,314.256864837785,4.58141666972421
2.51165170938384,148.768262125872,4.19110584920138
540.959825230964,201.565381628016,4.28252296466672
33.620528615661,493.320061171293,2.92632520709175
278.583637948882,21.5058897430553,3.81479451504196
533.410062051452,392.826787452622,3.42450636553489
74.3133383750113,76.2939308143997,5.14161460351048
8.95166241251057,78.4581477102181,3.63350535550115
583.949522373069,228.579857783958,4.07622763111312
442.43649823081,464.619659584022,4.73436593000572
659.377731544664,372.822194729382,3.03316655004219
108.858988411643,485.510763943357,4.21810315562016
619.80078855342,90.0761477354224,4.12098245133686
422.583694478356,257.60392005875,3.71000602820377
11.5470287037116,180.840768002017,3.20388371321959
62.7500571487453,123.951215700461,4.2370139154336
626.551574320074,218.411879952151,4.44075290001402
247.138821869222,220.694687410854,4.2801285877621
582.408324065806,428.300120195883,3.93999295112595
301.98546497096,139.252335666422,3.97518596483161
526.907139775711,461.370748116817,3.71180899701462
45.9180697623258,421.714942143502,3.64153402031898
194.644574352086,280.757843005772,4.1917632328288
546.427539377353,260.92159861686,3.9625922214865
168.80795946004,37.6723730654395,4.28437379675187
498.28604215684,338.566757913785,4.45732499921457
35.6778386296394,55.5930058411567,3.6774942018949
528.723935801083,144.803528245865,4.71762148665966
NA,NA,NA
661.028437715132,334.490431727948,3.53037921224701
452.515365474288,296.966071220571,3.49939361348511
8.90292942354388,496.581615173435,3.70352504231546
563.373515651406,53.6312487409685,4.17777469837058
75.146637077121,379.79877533262,3.8411352870078
228.499658548132,414.46259866102,3.8799863168833
426.473770195671,13.6119709567829,3.21043668207768
362.112338656972,292.533286696625,2.96753643807425
599.957322164945,104.657925508117,4.31556855972954
391.780251937744,226.435683270031,4.20436679429378
572.578691241914,412.244908769763,4.78473208534563
141.309295360961,275.397869197511,4.68767909981248
205.59543859107,367.415105119241,3.92787558269068
127.966821152962,411.678888344238,3.41870050407243
626.259528629854,307.781457335674,4.46427741892646
2.85412443222038,154.960474909069,4.42522681888974
544.40217227912,200.7794715872,4.10273646009903
35.3647786020023,492.032318582793,3.08549814675422
280.795743245291,15.7849101690459,3.69037206104721
532.841918098057,393.434832109271,3.44916564244149
68.8023823288867,80.6662675986744,5.25961680137525
2.83698668838614,75.8211542025816,3.48366907398141
589.454069155306,226.49124338928,4.04888268975585
436.521736379166,459.293385442183,4.76173406772264
659.56922693362,374.435428053458,3.00941701405726
105.124712990318,482.387571598165,4.33631180392275
622.84600399393,90.0006667465209,4.08253011645546
417.767311695687,259.900006833351,3.57652735823361
10.8125458276673,181.759174236836,3.22471094510079
80.1778923881072,115.69639788527,4.51437466720262
611.243358847305,206.228455037302,3.90068217076918
251.279227835913,207.386953332416,4.27553813624049
567.797490158775,432.463711302344,3.79523566281218
302.398249625791,131.057487522186,3.85504455425213
532.561385479294,458.629052190682,3.46677966613467
50.7518681484683,415.695072007462,4.08323872071119
190.24921970076,295.216652723845,3.82491604571736
550.239084289203,255.083551911976,3.69775518272712
167.618711113056,31.7591201936277,4.28073922354337
499.484938049887,339.6241858611,4.22530638222652
36.5706031886148,51.0153715091852,4.05545979397488
530.18113350508,152.796584282242,4.55932297752229
NA,NA,NA
661.028437715132,334.490431727948,3.53037921224701
452.515365474288,296.966071220571,3.49939361348511
8.90292942354388,496.581615173435,3.70352504231546
563.373515651406,53.6312487409685,4.17777469837058
75.146637077121,379.79877533262,3.8411352870078
228.499658548132,414.46259866102,3.8799863168833
426.473770195671,13.6119709567829,3.21043668207768
362.112338656972,292.533286696625,2.96753643807425
599.957322164945,104.657925508117,4.31556855972954
391.780251937744,226.435683270031,4.20436679429378
572.578691241914,412.244908769763,4.78473208534563
141.309295360961,275.397869197511,4.68767909981248
205.59543859107,367.415105119241,3.92787558269068
127.966821152962,411.678888344238,3.41870050407243
626.259528629854,307.781457335674,4.46427741892646
2.85412443222038,154.960474909069,4.42522681888974
544.40217227912,200.7794715872,4.10273646009903
35.3647786020023,492.032318582793,3.08549814675422
280.795743245291,15.7849101690459,3.69037206104721
532.841918098057,393.434832109271,3.44916564244149
68.8023823288867,80.6662675986744,5.25961680137525
2.83698668838614,75.8211542025816,3.48366907398141
589.454069155306,226.49124338928,4.04888268975585
436.521736379166,459.293385442183,4.76173406772264
659.56922693362,374.435428053458,3.00941701405726
105.124712990318,482.387571598165,4.33631180392275
622.84600399393,90.0006667465209,4.08253011645546
417.767311695687,259.900006833351,3.57652735823361
10.8125458276673,181.759174236836,3.22471094510079
80.1778923881072,115.69639788527,4.51437466720262
611.243358847305,206.228455037302,3.90068217076918
251.279227835913,207.386953332416,4.27553813624049
567.797490158775,432.463711302344,3.79523566281218
302.398249625791,131.057487522186,3.85504455425213
532.561385479294,458.629052190682,3.46677966613467
50.7518681484683,415.695072007462,4.08323872071119
190.24921970076,295.216652723845,3.82491604571736
550.239084289203,255.083551911976,3.69775518272712
167.618711113056,31.7591201936277,4.28073922354337
499.484938049887,339.6241858611,4.22530638222652
36.5706031886148,51.0153715091852,4.05545979397488
530.18113350508,152.796584282242,4.55932297752229
NA,NA,NA
661.028437715132,334.490431727948,3.53037921224701
452.515365474288,296.966071220571,3.49939361348511
8.90292942354388,496.581615173435,3.70352504231546
563.373515651406,53.6312487409685,4.17777469837058
75.146637077121,379.79877533262,3.8411352870078
228.499658548132,414.46259866102,3.8799863168833
426.473770195671,13.6119709567829,3.21043668207768
362.112338656972,292.533286696625,2.96753643807425
599.957322164945,104.657925508117,4.31556855972954
391.780251937744,226.435683270031,4.20436679429378
572.578691241914,412.244908769763,4.78473208534563
141.309295360961,275.397869197511,4.68767909981248
205.59543859107,367.415105119241,3.92787558269068
127.966821152962,411.678888344238,3.41870050407243
626.259528629854,307.781457335674,4.46427741892646
2.85412443222038,154.960474909069,4.42522681888974
544.40217227912,200.7794715872,4.10273646009903
35.3647786020023,492.032318582793,3.08549814675422
280.795743245291,15.7849101690459,3.69037206104721
532.841918098057,393.434832109271,3.44916564244149
68.8023823288867,80.6662675986744,5.25961680137525
2.83698668838614,75.8211542025816,3.48366907398141
589.454069155306,226.49124338928,4.04888268975585
436.521736379166,459.293385442183,4.76173406772264
659.56922693362,374.435428053458,3.00941701405726
105.124712990318,482.387571598165,4.33631180392275
622.84600399393,90.0006667465209,4.08253011645546
417.767311695687,259.900006833351,3.57652735823361
10.8125458276673,181.759174236836,3.22471094510079
80.1778923881072,115.69639788527,4.51437466720262
611.243358847305,206.228455037302,3.90068217076918
251.279227835913,207.386953332416,4.27553813624049
567.797490158775,432.463711302344,3.79523566281218
302.398249625791,131.057487522186,3.85504455425213
532.561385479294,458.629052190682,3.46677966613467
50.7518681484683,415.695072007462,4.08323872071119
190.24921970076,295.216652723845,3.82491604571736
550.239084289203,255.083551911976,3.69775518272712
167.618711113056,31.7591201936277,4.28073922354337
499.484938049887,339.6241858611,4.22530638222652
36.5706031886148,51.0153715091852,4.05545979397488
530.18113350508,152.796584282242,4.55932297752229
NA,NA,NA
661.028437715132,334.490431727948,3.53037921224701
452.515365474288,296.966071220571,3.49939361348511
8.90292942354388,496.581615173435,3.70352504231546
563.373515651406,53.6312487409685,4.17777469837058
75.146637077121,379.79877533262,3.8411352870078
228.499658548132,414.46259866102,3.8799863168833
426.473770195671,13.6119709567829,3.21043668207768
362.112338656972,292.533286696625,2.96753643807425
599.957322164945,104.657925508117,4.31556855972954
391.780251937744,226.435683270031,4.20436679429378
572.578691241914,412.244908769763,4.78473208534563
141.309295360961,275.397869197511,4.68767909981248
205.59543859107,367.415105119241,3.92787558269068
127.966821152962,411.678888344238,3.41870050407243
626.259528629854,307.781457335674,4.46427741892646
2.85412443222038,154.960474909069,4.42522681888974
544.40217227912,200.7794715872,4.10273646009903
35.3647786020023,492.032318582793,3.08549814675422
280.795743245291,15.7849101690459,3.69037206104721
532.841918098057,393.434832109271,3.44916564244149
68.8023823288867,80.6662675986744,5.25961680137525
2.83698668838614,75.8211542025816,3.48366907398141
589.454069155306,226.49124338928,4.04888268975585
436.521736379166,459.293385442183,4.76173406772264
659.56922693362,374.435428053458,3.00941701405726
105.124712990318,482.387571598165,4.33631180392275
622.84600399393,90.0006667465209,4.08253011645546
417.767311695687,259.900006833351,3.57652735823361
10.8125458276673,181.759174236836,3.22471094510079
80.1778923881072,115.69639788527,4.51437466720262
611.243358847305,206.228455037302,3.90068217076918
251.279227835913,207.386953332416,4.27553813624049
567.797490158775,432.463711302344,3.79523566281218
302.398249625791,131.057487522186,3.85504455425213
532.561385479294,458.629052190682,3.46677966613467
50.7518681484683,415.695072007462,4.08323872071119
190.24921970076,295.216652723845,3.82491604571736
550.239084289203,255.083551911976,3.69775518272712
167.618711113056,31.7591201936277,4.28073922354337
499.484938049887,339.6241858611,4.22530638222652
36.5706031886148,51.0153715091852,4.05545979397488
530.18113350508,152.796584282242,4.55932297752229
NA,NA,NA
661.028437715132,334.490431727948,3.53037921224701
452.515365474288,296.966071220571,3.49939361348511
8.90292942354388,496.581615173435,3.70352504231546
563.373515651406,53.6312487409685,4.17777469837058
75.146637077121,379.79877533262,3.8411352870078
228.499658548132,414.46259866102,3.8799863168833
426.473770195671,13.6119709567829,3.21043668207768
362.112338656972,292.533286696625,2.96753643807425
599.957322164945,104.657925508117,4.31556855972954
391.780251937744,226.435683270031,4.20436679429378
572.578691241914,412.244908769763,4.78473208534563
141.309295360961,275.397869197511,4.68767909981248
205.59543859107,367.415105119241,3.92787558269068
127.966821152962,411.678888344238,3.41870050407243
626.259528629854,307.781457335674,4.46427741892646
2.85412443222038,154.960474909069,4.42522681888974
544.40217227912,200.7794715872,4.10273646009903
35.3647786020023,492.032318582793,3.08549814675422
280.795743245291,15.7849101690459,3.69037206104721
532.841918098057,393.434832109271,3.44916564244149
68.8023823288867,80.6662675986744,5.25961680137525
2.83698668838614,75.8211542025816,3.48366907398141
589.454069155306,226.49124338928,4.04888268975585
436.521736379166,459.293385442183,4.76173406772264
659.56922693362,374.435428053458,3.00941701405726
105.124712990318,482.387571598165,4.33631180392275
622.84600399393,90.0006667465209,4.08253011645546
417.767311695687,259.900006833351,3.57652735823361
10.8125458276673,181.759174236836,3.22471094510079
80.1778923881072,115.69639788527,4.51437466720262
611.243358847305,206.228455037302,3.90068217076918
251.279227835913,207.386953332416,4.27553813624049
567.797490158775,432.463711302344,3.79523566281218
302.398249625791,131.057487522186,3.85504455425213
532.561385479294,458.629052190682,3.46677966613467
50.7518681484683,415.695072007462,4.08323872071119
190.24921970076,295.216652723845,3.82491604571736
550.239084289203,255.083551911976,3.69775518272712
167.618711113056,31.7591201936277,4.28073922354337
499.484938049887,339.6241858611,4.22530638222652
36.5706031886148,51.0153715091852,4.05545979397488
530.18113350508,152.796584282242,4.55932297752229
NA,NA,NA
661.028437715132,334.490431727948,3.53037921224701
452.515365474288,296.966071220571,3.49939361348511
8.90292942354388,496.581615173435,3.70352504231546
563.373515651406,53.6312487409685,4.17777469837058
75.146637077121,379.79877533262,3.8411352870078
228.499658548132,414.46259866102,3.8799863168833
426.473770195671,13.6119709567829,3.21043668207768
362.112338656972,292.533286696625,2.96753643807425
599.957322164945,104.657925508117,4.31556855972954
391.780251937744,226.435683270031,4.20436679429378
572.578691241914,412.244908769763,4.78473208534563
141.309295360961,275.397869197511,4.68767909981248
205.59543859107,367.415105119241,3.92787558269068
127.966821152962,411.678888344238,3.41870050407243
626.259528629854,307.781457335674,4.46427741892646
2.85412443222038,154.960474909069,4.42522681888974
544.40217227912,200.7794715872,4.10273646009903
35.3647786020023,492.032318582793,3.08549814675422
280.795743245291,15.7849101690459,3.69037206104721
532.841918098057,393.434832109271,3.44916564244149
68.8023823288867,80.6662675986744,5.25961680137525
2.83698668838614,75.8211542025816,3.48366907398141
589.454069155306,226.49124338928,4.04888268975585
436.521736379166,459.293385442183,4.76173406772264
659.56922693362,374.435428053458,3.00941701405726
105.124712990318,482.387571598165,4.33631180392275
622.84600399393,90.0006667465209,4.08253011645546
417.767311695687,259.900006833351,3.57652735823361
10.8125458276673,181.759174236836,3.22471094510079
80.1778923881072,115.69639788527,4.51437466720262
611.243358847305,206.228455037302,3.90068217076918
251.279227835913,207.386953332416,4.27553813624049
567.797490158775,432.463711302344,3.79523566281218
302.398249625791,131.057487522186,3.85504455425213
532.561385479294,458.629052190682,3.46677966613467
50.7518681484683,415.695072007462,4.08323872071119
190.24921970076,295.216652723845,3.82491604571736
550.239084289203,255.083551911976,3.69775518272712
167.618711113056,31.7591201936277,4.28073922354337
499.484938049887,339.6241858611,4.22530638222652
36.5706031886148,51.0153715091852,4.05545979397488
530.18113350508,152.796584282242,4.55932297752229
NA,NA,NA
659.552588835586,332.489921041229,3.64285620869134
455.713141216546,297.843844242897,3.80422163054703
8.34958440884978,496.818016166052,3.66244414145056
560.787627033671,53.4181034351873,4.18536664599169
70.8675075921486,374.269807035181,4.0269216127545
228.241529317765,412.428970978978,4.03862729420627
429.388938369635,11.6172068662235,3.13377088359938
361.053248781865,291.230438432543,3.02452637943604
602.280416494666,101.817885722325,4.24035421080128
394.003746666514,225.338328496802,4.18307931067309
563.37105472874,410.523184876611,4.75573266099931
142.261130974733,279.929564819563,4.50668144641806
198.318686682799,366.928439171674,3.91377239513313
124.145409019095,408.670974613425,3.3630060009537
628.205472445999,311.662864114701,4.73985643224487
2.93935274574962,152.223090211404,4.20622934141411
542.484818943166,206.076835321264,4.32409731302262
32.9958188023366,491.759233565646,3.10180428545517
279.634906255689,21.4453437546792,3.77195092190036
533.746870329967,393.163769168039,3.53909951466702
67.76579559817,75.9505536056722,5.23912989469498
1.48891240925293,79.2762004632255,3.53034370326058
586.913090358258,223.537417226914,3.90888545888185
439.862318969039,457.94292233606,4.77812289871823
659.862263790711,373.232732971892,3.12495959364351
108.576118440082,487.763733076736,4.33394027898915
624.656128376111,92.2704917924521,4.05717427451082
422.289379931311,256.568272308683,3.65587445671648
13.2040427974925,183.615579364167,3.08850739005225
55.8874481426911,112.799205836349,4.22049939115552
601.23762702124,200.455247577535,4.47300651316845
242.924499196892,232.825385657321,4.11854526497793
568.753826506491,430.6586611542,3.80723790374582
300.892592758706,136.73385520647,3.95912580718987
530.393600130732,459.985085654613,3.96246872181898
49.5610808761468,414.879481830688,3.90696328535201
209.176733743047,296.727041852478,3.88122549225027
545.641078119395,267.046075903089,4.09166095614442
156.557351541822,15.299117763696,4.13667226406894
505.083015026948,345.972490722525,4.56928792592068
34.3574066364716,59.9797601079932,4.19027438689447
537.823476310203,152.214789043207,4.73492035045017
NA,NA,NA
659.552588835586,332.489921041229,3.64285620869134
455.713141216546,297.843844242897,3.80422163054703
8.34958440884978,496.818016166052,3.66244414145056
560.787627033671,53.4181034351873,4.18536664599169
70.8675075921486,374.269807035181,4.0269216127545
228.241529317765,412.428970978978,4.03862729420627
429.388938369635,11.6172068662235,3.13377088359938
361.053248781865,291.230438432543,3.02452637943604
602.280416494666,101.817885722325,4.24035421080128
394.003746666514,225.338328496802,4.18307931067309
563.37105472874,410.523184876611,4.75573266099931
142.261130974733,279.929564819563,4.50668144641806
198.318686682799,366.928439171674,3.91377239513313
124.145409019095,408.670974613425,3.3630060009537
628.205472445999,311.662864114701,4.73985643224487
2.93935274574962,152.223090211404,4.20622934141411
542.484818943166,206.076835321264,4.32409731302262
32.9958188023366,491.759233565646,3.10180428545517
279.634906255689,21.4453437546792,3.77195092190036
533.746870329967,393.163769168039,3.53909951466702
67.76579559817,75.9505536056722,5.23912989469498
1.48891240925293,79.2762004632255,3.53034370326058
586.913090358258,223.537417226914,3.90888545888185
439.862318969039,457.94292233606,4.77812289871823
659.862263790711,373.232732971892,3.12495959364351
108.576118440082,487.763733076736,4.33394027898915
624.656128376111,92.2704917924521,4.05717427451082
422.289379931311,256.568272308683,3.65587445671648
13.2040427974925,183.615579364167,3.08850739005225
55.8874481426911,112.799205836349,4.22049939115552
601.23762702124,200.455247577535,4.47300651316845
242.924499196892,232.825385657321,4.11854526497793
568.753826506491,430.6586611542,3.80723790374582
300.892592758706,136.73385520647,3.95912580718987
530.393600130732,459.985085654613,3.96246872181898
49.5610808761468,414.879481830688,3.90696328535201
209.176733743047,296.727041852478,3.88122549225027
545.641078119395,267.046075903089,4.09166095614442
156.557351541822,15.299117763696,4.13667226406894
505.083015026948,345.972490722525,4.56928792592068
34.3574066364716,59.9797601079932,4.19027438689447
537.823476310203,152.214789043207,4.73492035045017
NA,NA,NA
659.552588835586,332.489921041229,3.64285620869134
455.713141216546,297.843844242897,3.80422163054703
8.34958440884978,496.818016166052,3.66244414145056
560.787627033671,53.4181034351873,4.18536664599169
70.8675075921486,374.269807035181,4.0269216127545
228.241529317765,412.428970978978,4.03862729420627
429.388938369635,11.6172068662235,3.13377088359938
361.053248781865,291.230438432543,3.02452637943604
602.280416494666,101.817885722325,4.24035421080128
394.003746666514,225.338328496802,4.18307931067309
563.37105472874,410.523184876611,4.75573266099931
142.261130974733,279.929564819563,4.50668144641806
198.318686682799,366.928439171674,3.91377239513313
124.145409019095,408.670974613425,3.3630060009537
628.205472445999,311.662864114701,4.73985643224487
2.93935274574962,152.223090211404,4.20622934141411
542.484818943166,206.076835321264,4.32409731302262
32.9958188023366,491.759233565646,3.10180428545517
279.634906255689,21.4453437546792,3.77195092190036
533.746870329967,393.163769168039,3.53909951466702
67.76579559817,75.9505536056722,5.23912989469498
1.48891240925293,79.2762004632255,3.53034370326058
586.913090358258,223.537417226914,3.90888545888185
439.862318969039,457.94292233606,4.77812289871823
659.862263790711,373.232732971892,3.12495959364351
108.576118440082,487.763733076736,4.33394027898915
624.656128376111,92.2704917924521,4.05717427451082
422.289379931311,256.568272308683,3.65587445671648
13.2040427974925,183.615579364167,3.08850739005225
55.8874481426911,112.799205836349,4.22049939115552
601.23762702124,200.455247577535,4.47300651316845
242.924499196892,232.825385657321,4.11854526497793
568.753826506491,430.6586611542,3.80723790374582
300.892592758706,136.73385520647,3.95912580718987
530.393600130732,459.985085654613,3.96246872181898
49.5610808761468,414.879481830688,3.90696328535201
209.176733743047,296.727041852478,3.88122549225027
545.641078119395,267.046075903089,4.09166095614442
156.557351541822,15.299117763696,4.13667226406894
505.083015026948,345.972490722525,4.56928792592068
34.3574066364716,59.9797601079932,4.19027438689447
537.823476310203,152.214789043207,4.73492035045017
NA,NA,NA
659.552588835586,332.489921041229,3.64285620869134
455.713141216546,297.843844242897,3.80422163054703
8.34958440884978,496.818016166052,3.66244414145056
560.787627033671,53.4181034351873,4.18536664599169
70.8675075921486,374.269807035181,4.0269216127545
228.241529317765,412.428970978978,4.03862729420627
429.388938369635,11.6172068662235,3.13377088359938
361.053248781865,291.230438432543,3.02452637943604
602.280416494666,101.817885722325,4.24035421080128
394.003746666514,225.338328496802,4.18307931067309
563.37105472874,410.523184876611,4.75573266099931
142.261130974733,279.929564819563,4.50668144641806
198.318686682799,366.928439171674,3.91377239513313
124.145409019095,408.670974613425,3.3630060009537
628.205472445999,311.662864114701,4.73985643224487
2.93935274574962,152.223090211404,4.20622934141411
542.484818943166,206.076835321264,4.32409731302262
32.9958188023366,491.759233565646,3.10180428545517
279.634906255689,21.4453437546792,3.77195092190036
533.746870329967,393.163769168039,3.53909951466702
67.76579559817,75.9505536056722,5.23912989469498
1.48891240925293,79.2762004632255,3.53034370326058
586.913090358258,223.537417226914,3.90888545888185
439.862318969039,457.94292233606,4.77812289871823
659.862263790711,373.232732971892,3.12495959364351
108.576118440082,487.763733076736,4.33394027898915
624.656128376111,92.2704917924521,4.05717427451082
422.289379931311,256.568272308683,3.65587445671648
13.2040427974925,183.615579364167,3.08850739005225
55.8874481426911,112.799205836349,4.22049939115552
601.23762702124,200.455247577535,4.47300651316845
242.924499196892,232.825385657321,4.11854526497793
568.753826506491,430.6586611542,3.80723790374582
300.892592758706,136.73385520647,3.95912580718987
530.393600130732,459.985085654613,3.96246872181898
49.5610808761468,414.879481830688,3.90696328535201
209.176733743047,296.727041852478,3.88122549225027
545.641078119395,267.046075903089,4.09166095614442
156.557351541822,15.299117763696,4.13667226406894
505.083015026948,345.972490722525,4.56928792592068
34.3574066364716,59.9797601079932,4.19027438689447
537.823476310203,152.214789043207,4.73492035045017
NA,NA,NA
659.552588835586,332.489921041229,3.64285620869134
455.713141216546,297.843844242897,3.80422163054703
8.34958440884978,496.818016166052,3.66244414145056
560.787627033671,53.4181034351873,4.18536664599169
70.8675075921486,374.269807035181,4.0269216127545
228.241529317765,412.428970978978,4.03862729420627
429.388938369635,11.6172068662235,3.13377088359938
361.053248781865,291.230438432543,3.02452637943604
602.280416494666,101.817885722325,4.24035421080128
394.003746666514,225.338328496802,4.18307931067309
563.37105472874,410.523184876611,4.75573266099931
142.261130974733,279.929564819563,4.50668144641806
198.318686682799,366.928439171674,3.91377239513313
124.145409019095,408.670974613425,3.3630060009537
628.205472445999,311.662864114701,4.73985643224487
2.93935274574962,152.223090211404,4.20622934141411
542.484818943166,206.076835321264,4.32409731302262
32.9958188023366,491.759233565646,3.10180428545517
279.634906255689,21.4453437546792,3.77195092190036
533.746870329967,393.163769168039,3.53909951466702
67.76579559817,75.9505536056722,5.23912989469498
1.48891240925293,79.2762004632255,3.53034370326058
586.913090358258,223.537417226914,3.90888545888185
439.862318969039,457.94292233606,4.77812289871823
659.862263790711,373.232732971892,3.12495959364351
108.576118440082,487.763733076736,4.33394027898915
624.656128376111,92.2704917924521,4.05717427451082
422.289379931311,256.568272308683,3.65587445671648
13.2040427974925,183.615579364167,3.08850739005225
55.8874481426911,112.799205836349,4.22049939115552
601.23762702124,200.455247577535,4.47300651316845
242.924499196892,232.825385657321,4.11854526497793
568.753826506491,430.6586611542,3.80723790374582
300.892592758706,136.73385520647,3.95912580718987
530.393600130732,459.985085654613,3.96246872181898
49.5610808761468,414.879481830688,3.90696328535201
209.176733743047,296.727041852478,3.88122549225027
545.641078119395,267.046075903089,4.09166095614442
156.557351541822,15.299117763696,4.13667226406894
505.083015026948,345.972490722525,4.56928792592068
34.3574066364716,59.9797601079932,4.19027438689447
537.823476310203,152.214789043207,4.73492035045017
NA,NA,NA
659.552588835586,332.489921041229,3.64285620869134
455.713141216546,297.843844242897,3.80422163054703
8.34958440884978,496.818016166052,3.66244414145056
560.787627033671,53.4181034351873,4.18536664599169
70.8675075921486,374.269807035181,4.0269216127545
228.241529317765,412.428970978978,4.03862729420627
429.388938369635,11.6172068662235,3.13377088359938
361.053248781865,291.230438432543,3.02452637943604
602.280416494666,101.817885722325,4.24035421080128
394.003746666514,225.338328496802,4.18307931067309
563.37105472874,410.523184876611,4.75573266099931
142.261130974733,279.929564819563,4.50668144641806
198.318686682799,366.928439171674,3.91377239513313
124.145409019095,408.670974613425,3.3630060009537
628.205472445999,311.662864114701,4.73985643224487
2.93935274574962,152.223090211404,4.20622934141411
542.484818943166,206.076835321264,4.32409731302262
32.9958188023366,491.759233565646,3.10180428545517
279.634906255689,21.4453437546792,3.77195092190036
533.746870329967,393.163769168039,3.53909951466702
67.76579559817,75.9505536056722,5.23912989469498
1.48891240925293,79.2762004632255,3.53034370326058
586.913090358258,223.537417226914,3.90888545888185
439.862318969039,457.94292233606,4.77812289871823
659.862263790711,373.232732971892,3.12495959364351
108.576118440082,487.763733076736,4.33394027898915
624.656128376111,92.2704917924521,4.05717427451082
422.289379931311,256.568272308683,3.65587445671648
13.2040427974925,183.615579364167,3.08850739005225
55.8874481426911,112.799205836349,4.22049939115552
601.23762702124,200.455247577535,4.47300651316845
242.924499196892,232.825385657321,4.11854526497793
568.753826506491,430.6586611542,3.80723790374582
300.892592758706,136.73385520647,3.95912580718987
530.393600130732,459.985085654613,3.96246872181898
49.5610808761468,414.879481830688,3.90696328535201
209.176733743047,296.727041852478,3.88122549225027
545.641078119395,267.046075903089,4.09166095614442
156.557351541822,15.299117763696,4.13667226406894
505.083015026948,345.972490722525,4.56928792592068
34.3574066364716,59.9797601079932,4.19027438689447
537.823476310203,152.214789043207,4.73492035045017
NA,NA,NA
659.672523733348,334.981849203833,3.34155383989502
461.36801730053,295.57020319818,3.63779305287708
12.7673511710791,490.992168574885,3.65018580291529
557.08777500166,46.7803462267008,4.15931396087726
70.817422891662,376.507022758143,4.02924306208842
229.009775102629,416.394861670139,3.8764722699635
430.419305488619,12.6903660799073,3.1862998528577
361.806676511639,294.024926317438,3.11217798104594
605.694254238855,102.557845655791,4.34617386580615
390.393749632639,226.988997271677,4.14951711511165
565.964769653568,409.054803721508,4.72531433456261
137.836079613945,278.652362194769,4.52627067195747
196.524768976078,365.646141940623,4.05723570163847
123.259356562609,408.084451124271,3.35205810582672
625.981735184609,317.14200397513,4.64490002597203
-0.530592636972128,147.18271866864,4.25852798250657
543.741598155295,201.648761539393,3.96904208404642
34.1594065849413,492.07964328551,2.92892048508563
280.203580560611,23.7721249517349,3.87521152745936
533.717960402652,391.757480539371,3.39045265967984
68.5543692196838,75.3567550128148,5.31377053241991
9.17819474153529,77.3719988714165,3.44733463869417
585.344158043503,225.395065754934,3.94596284245676
438.108059737125,462.234858559299,4.80677126863474
657.424679820822,374.401418420288,2.92370619887216
99.499745502267,489.91846961794,4.37713091351233
623.941754446582,86.3679575620275,4.03184863548578
424.442726489467,258.765388583432,3.62318131901463
9.73113090365899,180.938913017351,3.17552112007222
76.1380954138909,116.855513940031,4.42475948296313
620.397227107178,200.741942961266,4.25864711276971
265.366801692187,219.517544868449,3.6536623063241
578.452157639724,434.840383021862,3.80949124058056
300.94436511622,143.576622216197,4.12019856068669
531.833255820894,460.733913044179,3.6975540745172
41.9534888977605,429.523511687641,4.08345143530958
191.064406955749,291.473808177963,4.31794387937477
551.547775218597,260.652522077579,3.73295615708728
175.91229035321,29.4780384894723,4.35865595944705
502.759411453728,351.697654872172,4.5091038740611
42.5468241327547,51.1113366519675,3.60572889900119
538.754958222361,155.678097729122,4.86806055458583
NA,NA,NA
659.672523733348,334.981849203833,3.34155383989502
461.36801730053,295.57020319818,3.63779305287708
12.7673511710791,490.992168574885,3.65018580291529
557.08777500166,46.7803462267008,4.15931396087726
70.817422891662,376.507022758143,4.02924306208842
229.009775102629,416.394861670139,3.8764722699635
430.419305488619,12.6903660799073,3.1862998528577
361.806676511639,294.024926317438,3.11217798104594
605.694254238855,102.557845655791,4.34617386580615
390.393749632639,226.988997271677,4.14951711511165
565.964769653568,409.054803721508,4.72531433456261
137.836079613945,278.652362194769,4.52627067195747
196.524768976078,365.646141940623,4.05723570163847
123.259356562609,408.084451124271,3.35205810582672
625.981735184609,317.14200397513,4.64490002597203
-0.530592636972128,147.18271866864,4.25852798250657
543.741598155295,201.648761539393,3.96904208404642
34.1594065849413,492.07964328551,2.92892048508563
280.203580560611,23.7721249517349,3.87521152745936
533.717960402652,391.757480539371,3.39045265967984
68.5543692196838,75.3567550128148,5.31377053241991
9.17819474153529,77.3719988714165,3.44733463869417
585.344158043503,225.395065754934,3.94596284245676
438.108059737125,462.234858559299,4.80677126863474
657.424679820822,374.401418420288,2.92370619887216
99.499745502267,489.91846961794,4.37713091351233
623.941754446582,86.3679575620275,4.03184863548578
424.442726489467,258.765388583432,3.62318131901463
9.73113090365899,180.938913017351,3.17552112007222
76.1380954138909,116.855513940031,4.42475948296313
620.397227107178,200.741942961266,4.25864711276971
265.366801692187,219.517544868449,3.6536623063241
578.452157639724,434.840383021862,3.80949124058056
300.94436511622,143.576622216197,4.12019856068669
531.833255820894,460.733913044179,3.6975540745172
41.9534888977605,429.523511687641,4.08345143530958
191.064406955749,291.473808177963,4.31794387937477
551.547775218597,260.652522077579,3.73295615708728
175.91229035321,29.4780384894723,4.35865595944705
502.759411453728,351.697654872172,4.5091038740611
42.5468241327547,51.1113366519675,3.60572889900119
538.754958222361,155.678097729122,4.86806055458583
NA,NA,NA
659.672523733348,334.981849203833,3.34155383989502
461.36801730053,295.57020319818,3.63779305287708
12.7673511710791,490.992168574885,3.65018580291529
557.08777500166,46.7803462267008,4.15931396087726
70.817422891662,376.507022758143,4.02924306208842
229.009775102629,416.394861670139,3.8764722699635
430.419305488619,12.6903660799073,3.1862998528577
361.806676511639,294.024926317438,3.11217798104594
605.694254238855,102.557845655791,4.34617386580615
390.393749632639,226.988997271677,4.14951711511165
565.964769653568,409.054803721508,4.72531433456261
137.836079613945,278.652362194769,4.52627067195747
196.524768976078,365.646141940623,4.05723570163847
123.259356562609,408.084451124271,3.35205810582672
625.981735184609,317.14200397513,4.64490002597203
-0.530592636972128,147.18271866864,4.25852798250657
543.741598155295,201.648761539393,3.96904208404642
34.1594065849413,492.07964328551,2.92892048508563
280.203580560611,23.7721249517349,3.87521152745936
533.717960402652,391.757480539371,3.39045265967984
68.5543692196838,75.3567550128148,5.31377053241991
9.17819474153529,77.3719988714165,3.44733463869417
585.344158043503,225.395065754934,3.94596284245676
438.108059737125,462.234858559299,4.80677126863474
657.424679820822,374.401418420288,2.92370619887216
99.499745502267,489.91846961794,4.37713091351233
623.941754446582,86.3679575620275,4.03184863548578
424.442726489467,258.765388583432,3.62318131901463
9.73113090365899,180.938913017351,3.17552112007222
76.1380954138909,116.855513940031,4.42475948296313
620.397227107178,200.741942961266,4.25864711276971
265.366801692187,219.517544868449,3.6536623063241
578.452157639724,434.840383021862,3.80949124058056
300.94436511622,143.576622216197,4.12019856068669
531.833255820894,460.733913044179,3.6975540745172
41.9534888977605,429.523511687641,4.08345143530958
191.064406955749,291.473808177963,4.31794387937477
551.547775218597,260.652522077579,3.73295615708728
175.91229035321,29.4780384894723,4.35865595944705
502.759411453728,351.697654872172,4.5091038740611
42.5468241327547,51.1113366519675,3.60572889900119
538.754958222361,155.678097729122,4.86806055458583
NA,NA,NA
659.672523733348,334.981849203833,3.34155383989502
461.36801730053,295.57020319818,3.63779305287708
12.7673511710791,490.992168574885,3.65018580291529
557.08777500166,46.7803462267008,4.15931396087726
70.817422891662,376.507022758143,4.02924306208842
229.009775102629,416.394861670139,3.8764722699635
430.419305488619,12.6903660799073,3.1862998528577
361.806676511639,294.024926317438,3.11217798104594
605.694254238855,102.557845655791,4.34617386580615
390.393749632639,226.988997271677,4.14951711511165
565.964769653568,409.054803721508,4.72531433456261
137.836079613945,278.652362194769,4.52627067195747
196.524768976078,365.646141940623,4.05723570163847
123.259356562609,408.084451124271,3.35205810582672
625.981735184609,317.14200397513,4.64490002597203
-0.530592636972128,147.18271866864,4.25852798250657
543.741598155295,201.648761539393,3.96904208404642
34.1594065849413,492.07964328551,2.92892048508563
280.203580560611,23.7721249517349,3.87521152745936
533.717960402652,391.757480539371,3.39045265967984
68.5543692196838,75.3567550128148,5.31377053241991
9.17819474153529,77.3719988714165,3.44733463869417
585.344158043503,225.395065754934,3.94596284245676
438.108059737125,462.234858559299,4.80677126863474
657.424679820822,374.401418420288,2.92370619887216
99.499745502267,489.91846961794,4.37713091351233
623.941754446582,86.3679575620275,4.03184863548578
424.442726489467,258.765388583432,3.62318131901463
9.73113090365899,180.938913017351,3.17552112007222
76.1380954138909,116.855513940031,4.42475948296313
620.397227107178,200.741942961266,4.25864711276971
265.366801692187,219.517544868449,3.6536623063241
578.452157639724,434.840383021862,3.80949124058056
300.94436511622,143.576622216197,4.12019856068669
531.833255820894,460.733913044179,3.6975540745172
41.9534888977605,429.523511687641,4.08345143530958
191.064406955749,291.473808177963,4.31794387937477
551.547775218597,260.652522077579,3.73295615708728
175.91229035321,29.4780384894723,4.35865595944705
502.759411453728,351.697654872172,4.5091038740611
42.5468241327547,51.1113366519675,3.60572889900119
538.754958222361,155.678097729122,4.86806055458583
NA,NA,NA
659.672523733348,334.981849203833,3.34155383989502
461.36801730053,295.57020319818,3.63779305287708
12.7673511710791,490.992168574885,3.65018580291529
557.08777500166,46.7803462267008,4.15931396087726
70.817422891662,376.507022758143,4.02924306208842
229.009775102629,416.394861670139,3.8764722699635
430.419305488619,12.6903660799073,3.1862998528577
361.806676511639,294.024926317438,3.11217798104594
605.694254238855,102.557845655791,4.34617386580615
390.393749632639,226.988997271677,4.14951711511165
565.964769653568,409.054803721508,4.72531433456261
137.836079613945,278.652362194769,4.52627067195747
196.524768976078,365.646141940623,4.05723570163847
123.259356562609,408.084451124271,3.35205810582672
625.981735184609,317.14200397513,4.64490002597203
-0.530592636972128,147.18271866864,4.25852798250657
543.741598155295,201.648761539393,3.96904208404642
34.1594065849413,492.07964328551,2.92892048508563
280.203580560611,23.7721249517349,3.87521152745936
533.717960402652,391.757480539371,3.39045265967984
68.5543692196838,75.3567550128148,5.31377053241991
9.17819474153529,77.3719988714165,3.44733463869417
585.344158043503,225.395065754934,3.94596284245676
438.108059737125,462.234858559299,4.80677126863474
657.424679820822,374.401418420288,2.92370619887216
99.499745502267,489.91846961794,4.37713091351233
623.941754446582,86.3679575620275,4.03184863548578
424.442726489467,258.765388583432,3.62318131901463
9.73113090365899,180.938913017351,3.17552112007222
76.1380954138909,116.855513940031,4.42475948296313
620.397227107178,200.741942961266,4.25864711276971
265.366801692187,219.517544868449,3.6536623063241
578.452157639724,434.840383021862,3.80949124058056
300.94436511622,143.576622216197,4.12019856068669
531.833255820894,460.733913044179,3.6975540745172
41.9534888977605,429.523511687641,4.08345143530958
191.064406955749,291.473808177963,4.31794387937477
551.547775218597,260.652522077579,3.73295615708728
175.91229035321,29.4780384894723,4.35865595944705
502.759411453728,351.697654872172,4.5091038740611
42.5468241327547,51.1113366519675,3.60572889900119
538.754958222361,155.678097729122,4.86806055458583
NA,NA,NA
659.672523733348,334.981849203833,3.34155383989502
461.36801730053,295.57020319818,3.63779305287708
12.7673511710791,490.992168574885,3.65018580291529
557.08777500166,46.7803462267008,4.15931396087726
70.817422891662,376.507022758143,4.02924306208842
229.009775102629,416.394861670139,3.8764722699635
430.419305488619,12.6903660799073,3.1862998528577
361.806676511639,294.024926317438,3.11217798104594
605.694254238855,102.557845655791,4.34617386580615
390.393749632639,226.988997271677,4.14951711511165
565.964769653568,409.054803721508,4.72531433456261
137.836079613945,278.652362194769,4.52627067195747
196.524768976078,365.646141940623,4.05723570163847
123.259356562609,408.084451124271,3.35205810582672
625.981735184609,317.14200397513,4.64490002597203
-0.530592636972128,147.18271866864,4.25852798250657
543.741598155295,201.648761539393,3.96904208404642
34.1594065849413,492.07964328551,2.92892048508563
280.203580560611,23.7721249517349,3.87521152745936
533.717960402652,391.757480539371,3.39045265967984
68.5543692196838,75.3567550128148,5.31377053241991
9.17819474153529,77.3719988714165,3.44733463869417
585.344158043503,225.395065754934,3.94596284245676
438.108059737125,462.234858559299,4.80677126863474
657.424679820822,374.401418420288,2.92370619887216
99.499745502267,489.91846961794,4.37713091351233
623.941754446582,86.3679575620275,4.03184863548578
424.442726489467,258.765388583432,3.62318131901463
9.73113090365899,180.938913017351,3.17552112007222
76.1380954138909,116.855513940031,4.42475948296313
620.397227107178,200.741942961266,4.25864711276971
265.366801692187,219.517544868449,3.6536623063241
578.452157639724,434.840383021862,3.80949124058056
300.94436511622,143.576622216197,4.12019856068669
531.833255820894,460.733913044179,3.6975540745172
41.9534888977605,429.523511687641,4.08345143530958
191.064406955749,291.473808177963,4.31794387937477
551.547775218597,260.652522077579,3.73295615708728
175.91229035321,29.4780384894723,4.35865595944705
502.759411453728,351.697654872172,4.5091038740611
42.5468241327547,51.1113366519675,3.60572889900119
538.754958222361,155.678097729122,4.86806055458583
NA,NA,NA
663.560180201985,335.345971702489,3.56754621884728
453.253652189463,299.443876563851,3.56411014588221
12.2238490208995,494.008107367157,3.78507774039681
560.900088835946,49.1896103157004,4.20753079117236
71.1497552590035,376.304858845381,3.80634519232256
224.553638940832,411.206237480564,3.90276168859816
427.403463917764,12.0729572536908,3.4637178267761
361.415159882233,291.647136044995,2.87886315122797
602.091665399782,104.13484290568,4.13885524473708
391.045053223191,231.505268176977,4.22015408289688
571.811475269444,408.71319315452,4.71776381391783
139.274233371122,279.862239699527,4.53096033661265
201.828108044099,367.422658993945,4.15507244489783
125.333192775561,410.828242087487,3.4623528166191
625.947564592813,311.21517978907,4.66054999267781
0.399758126214193,153.55448800076,4.26164195974752
543.758927746814,204.454901695891,4.24304373737239
32.9057811013748,492.206032346158,3.0294414328664
279.175331371549,19.2037274615164,3.83494118698303
536.384763648089,391.989791329662,3.4289524911147
76.8693882417692,79.1983128212177,5.22083619112185
6.79716483342489,78.860296549897,3.4996898577835
589.499643358814,227.476258188757,4.05466782339481
437.146701811473,463.422436985741,4.78181922592472
659.125126890723,372.503191537045,3.13161749562037
103.581253034589,487.433244943362,4.28651740341986
625.886283937842,94.1987920858944,4.06685463466036
421.739027315735,257.126268957971,3.55806969456716
10.3609667078241,183.148277620776,3.2982057898984
75.2040291276627,109.278988033448,4.41099787916727
619.553810006126,209.278440698134,4.64702224139753
252.735643153437,213.861633465723,4.06482721941468
577.564324464013,434.551961141547,3.5351367450392
299.380200063309,139.308024189799,3.92192095405999
522.709359373832,457.640690987739,3.65369732662053
40.8362055841643,412.300056361105,3.67630917940077
191.147981467221,284.029301103879,3.88525100791791
556.526231437132,259.570778750628,4.05509127789913
165.25686409568,26.8491697954741,4.30954950162521
511.534500192096,332.19306429755,4.45369689475824
33.4167701969751,44.0885271401357,3.90401534721419
531.984957103935,152.860930982712,4.70023324102532
NA,NA,NA
663.560180201985,335.345971702489,3.56754621884728
453.253652189463,299.443876563851,3.56411014588221
12.2238490208995,494.008107367157,3.78507774039681
560.900088835946,49.1896103157004,4.20753079117236
71.1497552590035,376.304858845381,3.80634519232256
224.553638940832,411.206237480564,3.90276168859816
427.403463917764,12.0729572536908,3.4637178267761
361.415159882233,291.647136044995,2.87886315122797
602.091665399782,104.13484290568,4.13885524473708
391.045053223191,231.505268176977,4.22015408289688
571.811475269444,408.71319315452,4.71776381391783
139.274233371122,279.862239699527,4.53096033661265
201.828108044099,367.422658993945,4.15507244489783
125.333192775561,410.828242087487,3.4623528166191
625.947564592813,311.21517978907,4.66054999267781
0.399758126214193,153.55448800076,4.26164195974752
543.758927746814,204.454901695891,4.24304373737239
32.9057811013748,492.206032346158,3.0294414328664
279.175331371549,19.2037274615164,3.83494118698303
536.384763648089,391.989791329662,3.4289524911147
76.8693882417692,79.1983128212177,5.22083619112185
6.79716483342489,78.860296549897,3.4996898577835
589.499643358814,227.476258188757,4.05466782339481
437.146701811473,463.422436985741,4.78181922592472
659.125126890723,372.503191537045,3.13161749562037
103.581253034589,487.433244943362,4.28651740341986
625.886283937842,94.1987920858944,4.06685463466036
421.739027315735,257.126268957971,3.55806969456716
10.3609667078241,183.148277620776,3.2982057898984
75.2040291276627,109.278988033448,4.41099787916727
619.553810006126,209.278440698134,4.64702224139753
252.735643153437,213.861633465723,4.06482721941468
577.564324464013,434.551961141547,3.5351367450392
299.380200063309,139.308024189799,3.92192095405999
522.709359373832,457.640690987739,3.65369732662053
40.8362055841643,412.300056361105,3.67630917940077
191.147981467221,284.029301103879,3.88525100791791
556.526231437132,259.570778750628,4.05509127789913
165.25686409568,26.8491697954741,4.30954950162521
511.534500192096,332.19306429755,4.45369689475824
33.4167701969751,44.0885271401357,3.90401534721419
531.984957103935,152.860930982712,4.70023324102532
NA,NA,NA
663.560180201985,335.345971702489,3.56754621884728
453.253652189463,299.443876563851,3.56411014588221
12.2238490208995,494.008107367157,3.78507774039681
560.900088835946,49.1896103157004,4.20753079117236
71.1497552590035,376.304858845381,3.80634519232256
224.553638940832,411.206237480564,3.90276168859816
427.403463917764,12.0729572536908,3.4637178267761
361.415159882233,291.647136044995,2.87886315122797
602.091665399782,104.13484290568,4.13885524473708
391.045053223191,231.505268176977,4.22015408289688
571.811475269444,408.71319315452,4.71776381391783
139.274233371122,279.862239699527,4.53096033661265
201.828108044099,367.422658993945,4.15507244489783
125.333192775561,410.828242087487,3.4623528166191
625.947564592813,311.21517978907,4.66054999267781
0.399758126214193,153.55448800076,4.26164195974752
543.758927746814,204.454901695891,4.24304373737239
32.9057811013748,492.206032346158,3.0294414328664
279.175331371549,19.2037274615164,3.83494118698303
536.384763648089,391.989791329662,3.4289524911147
76.8693882417692,79.1983128212177,5.22083619112185
6.79716483342489,78.860296549897,3.4996898577835
589.499643358814,227.476258188757,4.05466782339481
437.146701811473,463.422436985741,4.78181922592472
659.125126890723,372.503191537045,3.13161749562037
103.581253034589,487.433244943362,4.28651740341986
625.886283937842,94.1987920858944,4.06685463466036
421.739027315735,257.126268957971,3.55806969456716
10.3609667078241,183.148277620776,3.2982057898984
75.2040291276627,109.278988033448,4.41099787916727
619.553810006126,209.278440698134,4.64702224139753
252.735643153437,213.861633465723,4.06482721941468
577.564324464013,434.551961141547,3.5351367450392
299.380200063309,139.308024189799,3.92192095405999
522.709359373832,457.640690987739,3.65369732662053
40.8362055841643,412.300056361105,3.67630917940077
191.147981467221,284.029301103879,3.88525100791791
556.526231437132,259.570778750628,4.05509127789913
165.25686409568,26.8491697954741,4.30954950162521
511.534500192096,332.19306429755,4.45369689475824
33.4167701969751,44.0885271401357,3.90401534721419
531.984957103935,152.860930982712,4.70023324102532
NA,NA,NA
663.560180201985,335.345971702489,3.56754621884728
453.253652189463,299.443876563851,3.56411014588221
12.2238490208995,494.008107367157,3.78507774039681
560.900088835946,49.1896103157004,4.20753079117236
71.1497552590035,376.304858845381,3.80634519232256
224.553638940832,411.206237480564,3.90276168859816
427.403463917764,12.0729572536908,3.4637178267761
361.415159882233,291.647136044995,2.87886315122797
602.091665399782,104.13484290568,4.13885524473708
391.045053223191,231.505268176977,4.22015408289688
571.811475269444,408.71319315452,4.71776381391783
139.274233371122,279.862239699527,4.53096033661265
201.828108044099,367.422658993945,4.15507244489783
125.333192775561,410.828242087487,3.4623528166191
625.947564592813,311.21517978907,4.66054999267781
0.399758126214193,153.55448800076,4.26164195974752
543.758927746814,204.454901695891,4.24304373737239
32.9057811013748,492.206032346158,3.0294414328664
279.175331371549,19.2037274615164,3.83494118698303
536.384763648089,391.989791329662,3.4289524911147
76.8693882417692,79.1983128212177,5.22083619112185
6.79716483342489,78.860296549897,3.4996898577835
589.499643358814,227.476258188757,4.05466782339481
437.146701811473,463.422436985741,4.78181922592472
659.125126890723,372.503191537045,3.13161749562037
103.581253034589,487.433244943362,4.28651740341986
625.886283937842,94.1987920858944,4.06685463466036
421.739027315735,257.126268957971,3.55806969456716
10.3609667078241,183.148277620776,3.2982057898984
75.2040291276627,109.278988033448,4.41099787916727
619.553810006126,209.278440698134,4.64702224139753
252.735643153437,213.861633465723,4.06482721941468
577.564324464013,434.551961141547,3.5351367450392
299.380200063309,139.308024189799,3.92192095405999
522.709359373832,457.640690987739,3.65369732662053
40.8362055841643,412.300056361105,3.67630917940077
191.147981467221,284.029301103879,3.88525100791791
556.526231437132,259.570778750628,4.05509127789913
165.25686409568,26.8491697954741,4.30954950162521
511.534500192096,332.19306429755,4.45369689475824
33.4167701969751,44.0885271401357,3.90401534721419
531.984957103935,152.860930982712,4.70023324102532
NA,NA,NA
663.560180201985,335.345971702489,3.56754621884728
453.253652189463,299.443876563851,3.56411014588221
12.2238490208995,494.008107367157,3.78507774039681
560.900088835946,49.1896103157004,4.20753079117236
71.1497552590035,376.304858845381,3.80634519232256
224.553638940832,411.206237480564,3.90276168859816
427.403463917764,12.0729572536908,3.4637178267761
361.415159882233,291.647136044995,2.87886315122797
602.091665399782,104.13484290568,4.13885524473708
391.045053223191,231.505268176977,4.22015408289688
571.811475269444,408.71319315452,4.71776381391783
139.274233371122,279.862239699527,4.53096033661265
201.828108044099,367.422658993945,4.15507244489783
125.333192775561,410.828242087487,3.4623528166191
625.947564592813,311.21517978907,4.66054999267781
0.399758126214193,153.55448800076,4.26164195974752
543.758927746814,204.454901695891,4.24304373737239
32.9057811013748,492.206032346158,3.0294414328664
279.175331371549,19.2037274615164,3.83494118698303
536.384763648089,391.989791329662,3.4289524911147
76.8693882417692,79.1983128212177,5.22083619112185
6.79716483342489,78.860296549897,3.4996898577835
589.499643358814,227.476258188757,4.05466782339481
437.146701811473,463.422436985741,4.78181922592472
659.125126890723,372.503191537045,3.13161749562037
103.581253034589,487.433244943362,4.28651740341986
625.886283937842,94.1987920858944,4.06685463466036
421.739027315735,257.126268957971,3.55806969456716
10.3609667078241,183.148277620776,3.2982057898984
75.2040291276627,109.278988033448,4.41099787916727
619.553810006126,209.278440698134,4.64702224139753
252.735643153437,213.861633465723,4.06482721941468
577.564324464013,434.551961141547,3.5351367450392
299.380200063309,139.308024189799,3.92192095405999
522.709359373832,457.640690987739,3.65369732662053
40.8362055841643,412.300056361105,3.67630917940077
191.147981467221,284.029301103879,3.88525100791791
556.526231437132,259.570778750628,4.05509127789913
165.25686409568,26.8491697954741,4.30954950162521
511.534500192096,332.19306429755,4.45369689475824
33.4167701969751,44.0885271401357,3.90401534721419
531.984957103935,152.860930982712,4.70023324102532
NA,NA,NA
663.560180201985,335.345971702489,3.56754621884728
453.253652189463,299.443876563851,3.56411014588221
12.2238490208995,494.008107367157,3.78507774039681
560.900088835946,49.1896103157004,4.20753079117236
71.1497552590035,376.304858845381,3.80634519232256
224.553638940832,411.206237480564,3.90276168859816
427.403463917764,12.0729572536908,3.4637178267761
361.415159882233,291.647136044995,2.87886315122797
602.091665399782,104.13484290568,4.13885524473708
391.045053223191,231.505268176977,4.22015408289688
571.811475269444,408.71319315452,4.71776381391783
139.274233371122,279.862239699527,4.53096033661265
201.828108044099,367.422658993945,4.15507244489783
125.333192775561,410.828242087487,3.4623528166191
625.947564592813,311.21517978907,4.66054999267781
0.399758126214193,153.55448800076,4.26164195974752
543.758927746814,204.454901695891,4.24304373737239
32.9057811013748,492.206032346158,3.0294414328664
279.175331371549,19.2037274615164,3.83494118698303
536.384763648089,391.989791329662,3.4289524911147
76.8693882417692,79.1983128212177,5.22083619112185
6.79716483342489,78.860296549897,3.4996898577835
589.499643358814,227.476258188757,4.05466782339481
437.146701811473,463.422436985741,4.78181922592472
659.125126890723,372.503191537045,3.13161749562037
103.581253034589,487.433244943362,4.28651740341986
625.886283937842,94.1987920858944,4.06685463466036
421.739027315735,257.126268957971,3.55806969456716
10.3609667078241,183.148277620776,3.2982057898984
75.2040291276627,109.278988033448,4.41099787916727
619.553810006126,209.278440698134,4.64702224139753
252.735643153437,213.861633465723,4.06482721941468
577.564324464013,434.551961141547,3.5351367450392
299.380200063309,139.308024189799,3.92192095405999
522.709359373832,457.640690987739,3.65369732662053
40.8362055841643,412.300056361105,3.67630917940077
191.147981467221,284.029301103879,3.88525100791791
556.526231437132,259.570778750628,4.05509127789913
165.25686409568,26.8491697954741,4.30954950162521
511.534500192096,332.19306429755,4.45369689475824
33.4167701969751,44.0885271401357,3.90401534721419
531.984957103935,152.860930982712,4.70023324102532
NA,NA,NA
655.840937916823,332.043264127985,3.52382880148374
456.906896126034,295.938756969998,3.42666410708653
8.92715654801998,494.597731959162,3.50808148388926
558.071471100623,47.3209925015144,4.18484860729129
70.4220856466726,380.10705854318,3.95877553611341
225.596256955082,413.333769577435,3.92729686611219
425.219870571912,14.9161357870025,3.3884951659912
361.797083083232,293.283957901117,3.04157225825095
603.32639211503,101.93097264983,4.20029554377508
391.606195794251,224.982137043107,4.14214042439974
559.042056016873,408.735350383529,4.75089867712038
145.368542330001,280.176373501391,4.415683163906
198.491720509062,375.124251132576,4.02406090472919
124.785305890169,412.328924983947,3.26335234096971
623.828962203598,308.296371521569,4.50396357289412
-4.24798016596851,146.925672856142,4.23133284594169
542.723133855165,204.372410025326,4.14160554579287
33.7251852021478,490.297714498689,3.05638337705869
278.498367773008,24.1399244113244,3.94110359514652
534.122282188249,390.440215644625,3.22572045406174
84.7037403210871,70.7334954809725,5.19264025714059
6.92009788696132,76.6062975200231,3.60472599236147
586.681983659218,222.412134990385,3.98323415289277
447.466393253111,454.744626912309,4.77934258361101
661.825600575798,374.211438558027,2.97662227498772
104.860481076371,485.197399359858,4.40312464807961
625.349967743634,89.2569747435975,4.04820629878447
424.130752081555,256.441628751277,3.63386457306758
11.3790326025419,183.527344828403,3.21589515128987
63.8380185065901,105.203464324275,4.3883477869517
603.360487593792,199.58799751091,3.99912853926881
255.897513723704,224.378560519434,3.85237335980958
570.556921973844,430.473716990498,3.73517149168255
293.539704972371,140.942658162243,3.94843594052848
530.802861742731,455.695833392599,3.38348605334226
47.1346730815972,415.808700971048,3.79132029745688
197.708890770124,291.55236327142,3.98641181666164
552.228106608977,262.112824011253,3.9726377695458
174.08426734445,38.1733565479933,4.34799028265909
498.910989009912,342.565703242178,4.45330680273716
47.8548678677138,57.7682151539272,3.81735494626541
534.668113895905,152.918246995794,4.67646447495233
NA,NA,NA
655.840937916823,332.043264127985,3.52382880148374
456.906896126034,295.938756969998,3.42666410708653
8.92715654801998,494.597731959162,3.50808148388926
558.071471100623,47.3209925015144,4.18484860729129
70.4220856466726,380.10705854318,3.95877553611341
225.596256955082,413.333769577435,3.92729686611219
425.219870571912,14.9161357870025,3.3884951659912
361.797083083232,293.283957901117,3.04157225825095
603.32639211503,101.93097264983,4.20029554377508
391.606195794251,224.982137043107,4.14214042439974
559.042056016873,408.735350383529,4.75089867712038
145.368542330001,280.176373501391,4.415683163906
198.491720509062,375.124251132576,4.02406090472919
124.785305890169,412.328924983947,3.26335234096971
623.828962203598,308.296371521569,4.50396357289412
-4.24798016596851,146.925672856142,4.23133284594169
542.723133855165,204.372410025326,4.14160554579287
33.7251852021478,490.297714498689,3.05638337705869
278.498367773008,24.1399244113244,3.94110359514652
534.122282188249,390.440215644625,3.22572045406174
84.7037403210871,70.7334954809725,5.19264025714059
6.92009788696132,76.6062975200231,3.60472599236147
586.681983659218,222.412134990385,3.98323415289277
447.466393253111,454.744626912309,4.77934258361101
661.825600575798,374.211438558027,2.97662227498772
104.860481076371,485.197399359858,4.40312464807961
625.349967743634,89.2569747435975,4.04820629878447
424.130752081555,256.441628751277,3.63386457306758
11.3790326025419,183.527344828403,3.21589515128987
63.8380185065901,105.203464324275,4.3883477869517
603.360487593792,199.58799751091,3.99912853926881
255.897513723704,224.378560519434,3.85237335980958
570.556921973844,430.473716990498,3.73517149168255
293.539704972371,140.942658162243,3.94843594052848
530.802861742731,455.695833392599,3.38348605334226
47.1346730815972,415.808700971048,3.79132029745688
197.708890770124,291.55236327142,3.98641181666164
552.228106608977,262.112824011253,3.9726377695458
174.08426734445,38.1733565479933,4.34799028265909
498.910989009912,342.565703242178,4.45330680273716
47.8548678677138,57.7682151539272,3.81735494626541
534.668113895905,152.918246995794,4.67646447495233
NA,NA,NA
655.840937916823,332.043264127985,3.52382880148374
456.906896126034,295.938756969998,3.42666410708653
8.92715654801998,494.597731959162,3.50808148388926
558.071471100623,47.3209925015144,4.18484860729129
70.4220856466726,380.10705854318,3.95877553611341
225.596256955082,413.333769577435,3.92729686611219
425.219870571912,14.9161357870025,3.3884951659912
361.797083083232,293.283957901117,3.04157225825095
603.32639211503,101.93097264983,4.20029554377508
391.606195794251,224.982137043107,4.14214042439974
559.042056016873,408.735350383529,4.75089867712038
145.368542330001,280.176373501391,4.415683163906
198.491720509062,375.124251132576,4.02406090472919
124.785305890169,412.328924983947,3.26335234096971
623.828962203598,308.296371521569,4.50396357289412
-4.24798016596851,146.925672856142,4.23133284594169
542.723133855165,204.372410025326,4.14160554579287
33.7251852021478,490.297714498689,3.05638337705869
278.498367773008,24.1399244113244,3.94110359514652
534.122282188249,390.440215644625,3.22572045406174
84.7037403210871,70.7334954809725,5.19264025714059
6.92009788696132,76.6062975200231,3.60472599236147
586.681983659218,222.412134990385,3.98323415289277
447.466393253111,454.744626912309,4.77934258361101
661.825600575798,374.211438558027,2.97662227498772
104.860481076371,485.197399359858,4.40312464807961
625.349967743634,89.2569747435975,4.04820629878447
424.130752081555,256.441628751277,3.63386457306758
11.3790326025419,183.527344828403,3.21589515128987
63.8380185065901,105.203464324275,4.3883477869517
603.360487593792,199.58799751091,3.99912853926881
255.897513723704,224.378560519434,3.85237335980958
570.556921973844,430.473716990498,3.73517149168255
293.539704972371,140.942658162243,3.94843594052848
530.802861742731,455.695833392599,3.38348605334226
47.1346730815972,415.808700971048,3.79132029745688
197.708890770124,291.55236327142,3.98641181666164
552.228106608977,262.112824011253,3.9726377695458
174.08426734445,38.1733565479933,4.34799028265909
498.910989009912,342.565703242178,4.45330680273716
47.8548678677138,57.7682151539272,3.81735494626541
534.668113895905,152.918246995794,4.67646447495233
NA,NA,NA
655.840937916823,332.043264127985,3.52382880148374
456.906896126034,295.938756969998,3.42666410708653
8.92715654801998,494.597731959162,3.50808148388926
558.071471100623,47.3209925015144,4.18484860729129
70.4220856466726,380.10705854318,3.95877553611341
225.596256955082,413.333769577435,3.92729686611219
425.219870571912,14.9161357870025,3.3884951659912
361.797083083232,293.283957901117,3.04157225825095
603.32639211503,101.93097264983,4.20029554377508
391.606195794251,224.982137043107,4.14214042439974
559.042056016873,408.735350383529,4.75089867712038
145.368542330001,280.176373501391,4.415683163906
198.491720509062,375.124251132576,4.02406090472919
124.785305890169,412.328924983947,3.26335234096971
623.828962203598,308.296371521569,4.50396357289412
-4.24798016596851,146.925672856142,4.23133284594169
542.723133855165,204.372410025326,4.14160554579287
33.7251852021478,490.297714498689,3.05638337705869
278.498367773008,24.1399244113244,3.94110359514652
534.122282188249,390.440215644625,3.22572045406174
84.7037403210871,70.7334954809725,5.19264025714059
6.92009788696132,76.6062975200231,3.60472599236147
586.681983659218,222.412134990385,3.98323415289277
447.466393253111,454.744626912309,4.77934258361101
661.825600575798,374.211438558027,2.97662227498772
104.860481076371,485.197399359858,4.40312464807961
625.349967743634,89.2569747435975,4.04820629878447
424.130752081555,256.441628751277,3.63386457306758
11.3790326025419,183.527344828403,3.21589515128987
63.8380185065901,105.203464324275,4.3883477869517
603.360487593792,199.58799751091,3.99912853926881
255.897513723704,224.378560519434,3.85237335980958
570.556921973844,430.473716990498,3.73517149168255
293.539704972371,140.942658162243,3.94843594052848
530.802861742731,455.695833392599,3.38348605334226
47.1346730815972,415.808700971048,3.79132029745688
197.708890770124,291.55236327142,3.98641181666164
552.228106608977,262.112824011253,3.9726377695458
174.08426734445,38.1733565479933,4.34799028265909
498.910989009912,342.565703242178,4.45330680273716
47.8548678677138,57.7682151539272,3.81735494626541
534.668113895905,152.918246995794,4.67646447495233
NA,NA,NA
655.840937916823,332.043264127985,3.52382880148374
456.906896126034,295.938756969998,3.42666410708653
8.92715654801998,494.597731959162,3.50808148388926
558.071471100623,47.3209925015144,4.18484860729129
70.4220856466726,380.10705854318,3.95877553611341
225.596256955082,413.333769577435,3.92729686611219
425.219870571912,14.9161357870025,3.3884951659912
361.797083083232,293.283957901117,3.04157225825095
603.32639211503,101.93097264983,4.20029554377508
391.606195794251,224.982137043107,4.14214042439974
559.042056016873,408.735350383529,4.75089867712038
145.368542330001,280.176373501391,4.415683163906
198.491720509062,375.124251132576,4.02406090472919
124.785305890169,412.328924983947,3.26335234096971
623.828962203598,308.296371521569,4.50396357289412
-4.24798016596851,146.925672856142,4.23133284594169
542.723133855165,204.372410025326,4.14160554579287
33.7251852021478,490.297714498689,3.05638337705869
278.498367773008,24.1399244113244,3.94110359514652
534.122282188249,390.440215644625,3.22572045406174
84.7037403210871,70.7334954809725,5.19264025714059
6.92009788696132,76.6062975200231,3.60472599236147
586.681983659218,222.412134990385,3.98323415289277
447.466393253111,454.744626912309,4.77934258361101
661.825600575798,374.211438558027,2.97662227498772
104.860481076371,485.197399359858,4.40312464807961
625.349967743634,89.2569747435975,4.04820629878447
424.130752081555,256.441628751277,3.63386457306758
11.3790326025419,183.527344828403,3.21589515128987
63.8380185065901,105.203464324275,4.3883477869517
603.360487593792,199.58799751091,3.99912853926881
255.897513723704,224.378560519434,3.85237335980958
570.556921973844,430.473716990498,3.73517149168255
293.539704972371,140.942658162243,3.94843594052848
530.802861742731,455.695833392599,3.38348605334226
47.1346730815972,415.808700971048,3.79132029745688
197.708890770124,291.55236327142,3.98641181666164
552.228106608977,262.112824011253,3.9726377695458
174.08426734445,38.1733565479933,4.34799028265909
498.910989009912,342.565703242178,4.45330680273716
47.8548678677138,57.7682151539272,3.81735494626541
534.668113895905,152.918246995794,4.67646447495233
NA,NA,NA
655.840937916823,332.043264127985,3.52382880148374
456.906896126034,295.938756969998,3.42666410708653
8.92715654801998,494.597731959162,3.50808148388926
558.071471100623,47.3209925015144,4.18484860729129
70.4220856466726,380.10705854318,3.95877553611341
225.596256955082,413.333769577435,3.92729686611219
425.219870571912,14.9161357870025,3.3884951659912
361.797083083232,293.283957901117,3.04157225825095
603.32639211503,101.93097264983,4.20029554377508
391.606195794251,224.982137043107,4.14214042439974
559.042056016873,408.735350383529,4.75089867712038
145.368542330001,280.176373501391,4.415683163906
198.491720509062,375.124251132576,4.02406090472919
124.785305890169,412.328924983947,3.26335234096971
623.828962203598,308.296371521569,4.50396357289412
-4.24798016596851,146.925672856142,4.23133284594169
542.723133855165,204.372410025326,4.14160554579287
33.7251852021478,490.297714498689,3.05638337705869
278.498367773008,24.1399244113244,3.94110359514652
534.122282188249,390.440215644625,3.22572045406174
84.7037403210871,70.7334954809725,5.19264025714059
6.92009788696132,76.6062975200231,3.60472599236147
586.681983659218,222.412134990385,3.98323415289277
447.466393253111,454.744626912309,4.77934258361101
661.825600575798,374.211438558027,2.97662227498772
104.860481076371,485.197399359858,4.40312464807961
625.349967743634,89.2569747435975,4.04820629878447
424.130752081555,256.441628751277,3.63386457306758
11.3790326025419,183.527344828403,3.21589515128987
63.8380185065901,105.203464324275,4.3883477869517
603.360487593792,199.58799751091,3.99912853926881
255.897513723704,224.378560519434,3.85237335980958
570.556921973844,430.473716990498,3.73517149168255
293.539704972371,140.942658162243,3.94843594052848
530.802861742731,455.695833392599,3.38348605334226
47.1346730815972,415.808700971048,3.79132029745688
197.708890770124,291.55236327142,3.98641181666164
552.228106608977,262.112824011253,3.9726377695458
174.08426734445,38.1733565479933,4.34799028265909
498.910989009912,342.565703242178,4.45330680273716
47.8548678677138,57.7682151539272,3.81735494626541
534.668113895905,152.918246995794,4.67646447495233
NA,NA,NA
659.383244805156,334.240194348931,3.52683603211049
455.001842486767,297.700868659564,3.67741465428888
8.4967763735011,495.531440734573,3.5957373970831
560.040454728013,52.4429830099261,4.17784282847378
74.3254239907046,373.566699963348,3.84454889370944
228.251448289818,414.925001957071,3.94925226524459
428.121554313364,14.3334942132457,3.29292372940155
363.14350971637,293.989342658169,3.01374364685831
609.88087136764,106.655875347342,4.26886839549764
394.263178014906,226.871749083531,4.00837875198554
571.964168413726,403.973158353116,4.72875127335522
147.515257701469,278.147384783499,4.49216134998621
198.271434862768,368.95912133751,4.00900551153691
125.36045222224,412.871442213942,3.4539132625574
630.910517942146,307.384663965984,4.51799439712213
0.613390147735391,151.525323108907,4.22472020967542
543.764924601798,199.196458303189,4.27591944993752
33.5993004253387,491.06306338313,2.9981990818672
282.390925348751,23.3402539795676,3.94153323635189
535.230204202884,391.749946261632,3.24361384146007
68.8362979951955,85.5551521814174,5.23317852120035
1.63654684410728,75.8946889044451,3.6239264940006
589.170032243315,228.300368604387,3.98926417095456
443.394459377819,452.821811767369,4.83519786318902
660.457418887457,375.997337311009,2.85086063742639
107.475709889406,483.136484167743,4.32830095637598
622.296678758967,88.6577649952078,4.0703101106933
420.508866434182,259.591340770338,3.59449757403875
12.0334975261284,180.721621276338,3.22416896619247
84.5289995193615,103.600622987162,4.56474272092251
602.749555417808,224.169698371083,4.44084271753789
265.207078326867,215.896960957368,3.92614480456375
575.285279945234,433.080830624145,3.8582802787672
306.521878231665,139.187162670554,3.73483115683257
531.642175360882,458.436633485844,3.5991305492376
44.406163846015,415.982871598252,3.85892996388973
190.595176841753,287.317431112976,3.98941423171467
540.860017842152,271.056596969526,3.85856137420612
186.27299818387,34.7562188154503,4.44465638828491
506.391470709392,340.860304900028,4.5158383770927
32.3038305294903,53.3974879739845,3.8976999352319
537.434699749123,132.389180851455,4.57981222417121
NA,NA,NA
659.383244805156,334.240194348931,3.52683603211049
455.001842486767,297.700868659564,3.67741465428888
8.4967763735011,495.531440734573,3.5957373970831
560.040454728013,52.4429830099261,4.17784282847378
74.3254239907046,373.566699963348,3.84454889370944
228.251448289818,414.925001957071,3.94925226524459
428.121554313364,14.3334942132457,3.29292372940155
363.14350971637,293.989342658169,3.01374364685831
609.88087136764,106.655875347342,4.26886839549764
394.263178014906,226.871749083531,4.00837875198554
571.964168413726,403.973158353116,4.72875127335522
147.515257701469,278.147384783499,4.49216134998621
198.271434862768,368.95912133751,4.00900551153691
125.36045222224,412.871442213942,3.4539132625574
630.910517942146,307.384663965984,4.51799439712213
0.613390147735391,151.525323108907,4.22472020967542
543.764924601798,199.196458303189,4.27591944993752
33.5993004253387,491.06306338313,2.9981990818672
282.390925348751,23.3402539795676,3.94153323635189
535.230204202884,391.749946261632,3.24361384146007
68.8362979951955,85.5551521814174,5.23317852120035
1.63654684410728,75.8946889044451,3.6239264940006
589.170032243315,228.300368604387,3.98926417095456
443.394459377819,452.821811767369,4.83519786318902
660.457418887457,375.997337311009,2.85086063742639
107.475709889406,483.136484167743,4.32830095637598
622.296678758967,88.6577649952078,4.0703101106933
420.508866434182,259.591340770338,3.59449757403875
12.0334975261284,180.721621276338,3.22416896619247
84.5289995193615,103.600622987162,4.56474272092251
602.749555417808,224.169698371083,4.44084271753789
265.207078326867,215.896960957368,3.92614480456375
575.285279945234,433.080830624145,3.8582802787672
306.521878231665,139.187162670554,3.73483115683257
531.642175360882,458.436633485844,3.5991305492376
44.406163846015,415.982871598252,3.85892996388973
190.595176841753,287.317431112976,3.98941423171467
540.860017842152,271.056596969526,3.85856137420612
186.27299818387,34.7562188154503,4.44465638828491
506.391470709392,340.860304900028,4.5158383770927
32.3038305294903,53.3974879739845,3.8976999352319
537.434699749123,132.389180851455,4.57981222417121
NA,NA,NA
659.383244805156,334.240194348931,3.52683603211049
455.001842486767,297.700868659564,3.67741465428888
8.4967763735011,495.531440734573,3.5957373970831
560.040454728013,52.4429830099261,4.17784282847378
74.3254239907046,373.566699963348,3.84454889370944
228.251448289818,414.925001957071,3.94925226524459
428.121554313364,14.3334942132457,3.29292372940155
363.14350971637,293.989342658169,3.01374364685831
609.88087136764,106.655875347342,4.26886839549764
394.263178014906,226.871749083531,4.00837875198554
571.964168413726,403.973158353116,4.72875127335522
147.515257701469,278.147384783499,4.49216134998621
198.271434862768,368.95912133751,4.00900551153691
125.36045222224,412.871442213942,3.4539132625574
630.910517942146,307.384663965984,4.51799439712213
0.613390147735391,151.525323108907,4.22472020967542
543.764924601798,199.196458303189,4.27591944993752
33.5993004253387,491.06306338313,2.9981990818672
282.390925348751,23.3402539795676,3.94153323635189
535.230204202884,391.749946261632,3.24361384146007
68.8362979951955,85.5551521814174,5.23317852120035
1.63654684410728,75.8946889044451,3.6239264940006
589.170032243315,228.300368604387,3.98926417095456
443.394459377819,452.821811767369,4.83519786318902
660.457418887457,375.997337311009,2.85086063742639
107.475709889406,483.136484167743,4.32830095637598
622.296678758967,88.6577649952078,4.0703101106933
420.508866434182,259.591340770338,3.59449757403875
12.0334975261284,180.721621276338,3.22416896619247
84.5289995193615,103.600622987162,4.56474272092251
602.749555417808,224.169698371083,4.44084271753789
265.207078326867,215.896960957368,3.92614480456375
575.285279945234,433.080830624145,3.8582802787672
306.521878231665,139.187162670554,3.73483115683257
531.642175360882,458.436633485844,3.5991305492376
44.406163846015,415.982871598252,3.85892996388973
190.595176841753,287.317431112976,3.98941423171467
540.860017842152,271.056596969526,3.85856137420612
186.27299818387,34.7562188154503,4.44465638828491
506.391470709392,340.860304900028,4.5158383770927
32.3038305294903,53.3974879739845,3.8976999352319
537.434699749123,132.389180851455,4.57981222417121
NA,NA,NA
659.383244805156,334.240194348931,3.52683603211049
455.001842486767,297.700868659564,3.67741465428888
8.4967763735011,495.531440734573,3.5957373970831
560.040454728013,52.4429830099261,4.17784282847378
74.3254239907046,373.566699963348,3.84454889370944
228.251448289818,414.925001957071,3.94925226524459
428.121554313364,14.3334942132457,3.29292372940155
363.14350971637,293.989342658169,3.01374364685831
609.88087136764,106.655875347342,4.26886839549764
394.263178014906,226.871749083531,4.00837875198554
571.964168413726,403.973158353116,4.72875127335522
147.515257701469,278.147384783499,4.49216134998621
198.271434862768,368.95912133751,4.00900551153691
125.36045222224,412.871442213942,3.4539132625574
630.910517942146,307.384663965984,4.51799439712213
0.613390147735391,151.525323108907,4.22472020967542
543.764924601798,199.196458303189,4.27591944993752
33.5993004253387,491.06306338313,2.9981990818672
282.390925348751,23.3402539795676,3.94153323635189
535.230204202884,391.749946261632,3.24361384146007
68.8362979951955,85.5551521814174,5.23317852120035
1.63654684410728,75.8946889044451,3.6239264940006
589.170032243315,228.300368604387,3.98926417095456
443.394459377819,452.821811767369,4.83519786318902
660.457418887457,375.997337311009,2.85086063742639
107.475709889406,483.136484167743,4.32830095637598
622.296678758967,88.6577649952078,4.0703101106933
420.508866434182,259.591340770338,3.59449757403875
12.0334975261284,180.721621276338,3.22416896619247
84.5289995193615,103.600622987162,4.56474272092251
602.749555417808,224.169698371083,4.44084271753789
265.207078326867,215.896960957368,3.92614480456375
575.285279945234,433.080830624145,3.8582802787672
306.521878231665,139.187162670554,3.73483115683257
531.642175360882,458.436633485844,3.5991305492376
44.406163846015,415.982871598252,3.85892996388973
190.595176841753,287.317431112976,3.98941423171467
540.860017842152,271.056596969526,3.85856137420612
186.27299818387,34.7562188154503,4.44465638828491
506.391470709392,340.860304900028,4.5158383770927
32.3038305294903,53.3974879739845,3.8976999352319
537.434699749123,132.389180851455,4.57981222417121
NA,NA,NA
659.383244805156,334.240194348931,3.52683603211049
455.001842486767,297.700868659564,3.67741465428888
8.4967763735011,495.531440734573,3.5957373970831
560.040454728013,52.4429830099261,4.17784282847378
74.3254239907046,373.566699963348,3.84454889370944
228.251448289818,414.925001957071,3.94925226524459
428.121554313364,14.3334942132457,3.29292372940155
363.14350971637,293.989342658169,3.01374364685831
609.88087136764,106.655875347342,4.26886839549764
394.263178014906,226.871749083531,4.00837875198554
571.964168413726,403.973158353116,4.72875127335522
147.515257701469,278.147384783499,4.49216134998621
198.271434862768,368.95912133751,4.00900551153691
125.36045222224,412.871442213942,3.4539132625574
630.910517942146,307.384663965984,4.51799439712213
0.613390147735391,151.525323108907,4.22472020967542
543.764924601798,199.196458303189,4.27591944993752
33.5993004253387,491.06306338313,2.9981990818672
282.390925348751,23.3402539795676,3.94153323635189
535.230204202884,391.749946261632,3.24361384146007
68.8362979951955,85.5551521814174,5.23317852120035
1.63654684410728,75.8946889044451,3.6239264940006
589.170032243315,228.300368604387,3.98926417095456
443.394459377819,452.821811767369,4.83519786318902
660.457418887457,375.997337311009,2.85086063742639
107.475709889406,483.136484167743,4.32830095637598
622.296678758967,88.6577649952078,4.0703101106933
420.508866434182,259.591340770338,3.59449757403875
12.0334975261284,180.721621276338,3.22416896619247
84.5289995193615,103.600622987162,4.56474272092251
602.749555417808,224.169698371083,4.44084271753789
265.207078326867,215.896960957368,3.92614480456375
575.285279945234,433.080830624145,3.8582802787672
306.521878231665,139.187162670554,3.73483115683257
531.642175360882,458.436633485844,3.5991305492376
44.406163846015,415.982871598252,3.85892996388973
190.595176841753,287.317431112976,3.98941423171467
540.860017842152,271.056596969526,3.85856137420612
186.27299818387,34.7562188154503,4.44465638828491
506.391470709392,340.860304900028,4.5158383770927
32.3038305294903,53.3974879739845,3.8976999352319
537.434699749123,132.389180851455,4.57981222417121
NA,NA,NA
659.383244805156,334.240194348931,3.52683603211049
455.001842486767,297.700868659564,3.67741465428888
8.4967763735011,495.531440734573,3.5957373970831
560.040454728013,52.4429830099261,4.17784282847378
74.3254239907046,373.566699963348,3.84454889370944
228.251448289818,414.925001957071,3.94925226524459
428.121554313364,14.3334942132457,3.29292372940155
363.14350971637,293.989342658169,3.01374364685831
609.88087136764,106.655875347342,4.26886839549764
394.263178014906,226.871749083531,4.00837875198554
571.964168413726,403.973158353116,4.72875127335522
147.515257701469,278.147384783499,4.49216134998621
198.271434862768,368.95912133751,4.00900551153691
125.36045222224,412.871442213942,3.4539132625574
630.910517942146,307.384663965984,4.51799439712213
0.613390147735391,151.525323108907,4.22472020967542
543.764924601798,199.196458303189,4.27591944993752
33.5993004253387,491.06306338313,2.9981990818672
282.390925348751,23.3402539795676,3.94153323635189
535.230204202884,391.749946261632,3.24361384146007
68.8362979951955,85.5551521814174,5.23317852120035
1.63654684410728,75.8946889044451,3.6239264940006
589.170032243315,228.300368604387,3.98926417095456
443.394459377819,452.821811767369,4.83519786318902
660.457418887457,375.997337311009,2.85086063742639
107.475709889406,483.136484167743,4.32830095637598
622.296678758967,88.6577649952078,4.0703101106933
420.508866434182,259.591340770338,3.59449757403875
12.0334975261284,180.721621276338,3.22416896619247
84.5289995193615,103.600622987162,4.56474272092251
602.749555417808,224.169698371083,4.44084271753789
265.207078326867,215.896960957368,3.92614480456375
575.285279945234,433.080830624145,3.8582802787672
306.521878231665,139.187162670554,3.73483115683257
531.642175360882,458.436633485844,3.5991305492376
44.406163846015,415.982871598252,3.85892996388973
190.595176841753,287.317431112976,3.98941423171467
540.860017842152,271.056596969526,3.85856137420612
186.27299818387,34.7562188154503,4.44465638828491
506.391470709392,340.860304900028,4.5158383770927
32.3038305294903,53.3974879739845,3.8976999352319
537.434699749123,132.389180851455,4.57981222417121
NA,NA,NA
662.24482903687,334.083888721146,3.48143277338308
457.660688162489,298.140886451643,3.55379559134562
10.9985320580958,492.878501745281,3.6514439450909
564.287847846353,50.313703830328,4.18845420777986
73.7975339115547,374.621285576337,3.89744673783688
228.177858162271,409.84066111668,3.87244483692396
430.086249249188,11.4894038197262,3.40115203126456
363.669170462755,291.983150595553,3.08144783700687
605.610481858488,108.016142498832,4.25476270857719
392.047784646319,230.94581875341,4.30471608787467
568.009669845491,402.901708645764,4.69121457561957
142.477678386473,283.74245692977,4.66464296267931
199.261479721363,369.782085444045,4.05321905251625
123.410187419271,410.311152925872,3.28501961316222
628.780193524463,313.97850168872,4.65876542539818
1.86500423246511,146.320858127015,4.33363005043878
544.798914211112,200.774451154819,4.06057784799217
35.723731398596,491.864194767998,2.98678283989533
276.971417457659,21.704820334171,3.82469909639198
532.432706253971,392.334868839804,3.46496785364943
79.6870307498171,78.1380246961375,5.20831112678514
5.30879615235188,76.9545362812093,3.58914017510966
585.848593985894,223.593299650627,4.08463979836956
443.827521330273,458.539123045023,4.68363339227179
658.555015729328,374.331293756201,2.95899298559608
105.581449788672,481.415034979863,4.45134135288804
624.601002707761,91.3641220238421,4.01313907527959
419.354427010827,260.935789866274,3.60865817658394
12.1418638804211,183.43223255082,3.26656709171627
62.0707878036166,130.471057679332,4.53988635937967
610.806371221009,190.497795010502,4.67228913327878
244.765074951442,219.574400404385,3.89137376208251
571.659830524314,431.623413571579,3.90565801024028
293.952940381956,134.240143801013,3.86472027770858
525.976754806292,463.335906126799,3.50223306080148
45.8471828226582,425.395073862131,4.05767318652817
202.356171722284,297.38977919429,4.07666761544481
557.436000153595,262.305795045233,3.57259814542735
181.855779432262,27.7584168576363,4.1381327408374
493.725881772404,348.999500449604,4.50752759689891
35.6447645931466,44.6339332601861,3.75597061410272
537.958411062519,151.229306182885,4.34270879852328
NA,NA,NA
662.24482903687,334.083888721146,3.48143277338308
457.660688162489,298.140886451643,3.55379559134562
10.9985320580958,492.878501745281,3.6514439450909
564.287847846353,50.313703830328,4.18845420777986
73.7975339115547,374.621285576337,3.89744673783688
228.177858162271,409.84066111668,3.87244483692396
430.086249249188,11.4894038197262,3.40115203126456
363.669170462755,291.983150595553,3.08144783700687
605.610481858488,108.016142498832,4.25476270857719
392.047784646319,230.94581875341,4.30471608787467
568.009669845491,402.901708645764,4.69121457561957
142.477678386473,283.74245692977,4.66464296267931
199.261479721363,369.782085444045,4.05321905251625
123.410187419271,410.311152925872,3.28501961316222
628.780193524463,313.97850168872,4.65876542539818
1.86500423246511,146.320858127015,4.33363005043878
544.798914211112,200.774451154819,4.06057784799217
35.723731398596,491.864194767998,2.98678283989533
276.971417457659,21.704820334171,3.82469909639198
532.432706253971,392.334868839804,3.46496785364943
79.6870307498171,78.1380246961375,5.20831112678514
5.30879615235188,76.9545362812093,3.58914017510966
585.848593985894,223.593299650627,4.08463979836956
443.827521330273,458.539123045023,4.68363339227179
658.555015729328,374.331293756201,2.95899298559608
105.581449788672,481.415034979863,4.45134135288804
624.601002707761,91.3641220238421,4.01313907527959
419.354427010827,260.935789866274,3.60865817658394
12.1418638804211,183.43223255082,3.26656709171627
62.0707878036166,130.471057679332,4.53988635937967
610.806371221009,190.497795010502,4.67228913327878
244.765074951442,219.574400404385,3.89137376208251
571.659830524314,431.623413571579,3.90565801024028
293.952940381956,134.240143801013,3.86472027770858
525.976754806292,463.335906126799,3.50223306080148
45.8471828226582,425.395073862131,4.05767318652817
202.356171722284,297.38977919429,4.07666761544481
557.436000153595,262.305795045233,3.57259814542735
181.855779432262,27.7584168576363,4.1381327408374
493.725881772404,348.999500449604,4.50752759689891
35.6447645931466,44.6339332601861,3.75597061410272
537.958411062519,151.229306182885,4.34270879852328
NA,NA,NA
662.24482903687,334.083888721146,3.48143277338308
457.660688162489,298.140886451643,3.55379559134562
10.9985320580958,492.878501745281,3.6514439450909
564.287847846353,50.313703830328,4.18845420777986
73.7975339115547,374.621285576337,3.89744673783688
228.177858162271,409.84066111668,3.87244483692396
430.086249249188,11.4894038197262,3.40115203126456
363.669170462755,291.983150595553,3.08144783700687
605.610481858488,108.016142498832,4.25476270857719
392.047784646319,230.94581875341,4.30471608787467
568.009669845491,402.901708645764,4.69121457561957
142.477678386473,283.74245692977,4.66464296267931
199.261479721363,369.782085444045,4.05321905251625
123.410187419271,410.311152925872,3.28501961316222
628.780193524463,313.97850168872,4.65876542539818
1.86500423246511,146.320858127015,4.33363005043878
544.798914211112,200.774451154819,4.06057784799217
35.723731398596,491.864194767998,2.98678283989533
276.971417457659,21.704820334171,3.82469909639198
532.432706253971,392.334868839804,3.46496785364943
79.6870307498171,78.1380246961375,5.20831112678514
5.30879615235188,76.9545362812093,3.58914017510966
585.848593985894,223.593299650627,4.08463979836956
443.827521330273,458.539123045023,4.68363339227179
658.555015729328,374.331293756201,2.95899298559608
105.581449788672,481.415034979863,4.45134135288804
624.601002707761,91.3641220238421,4.01313907527959
419.354427010827,260.935789866274,3.60865817658394
12.1418638804211,183.43223255082,3.26656709171627
62.0707878036166,130.471057679332,4.53988635937967
610.806371221009,190.497795010502,4.67228913327878
244.765074951442,219.574400404385,3.89137376208251
571.659830524314,431.623413571579,3.90565801024028
293.952940381956,134.240143801013,3.86472027770858
525.976754806292,463.335906126799,3.50223306080148
45.8471828226582,425.395073862131,4.05767318652817
202.356171722284,297.38977919429,4.07666761544481
557.436000153595,262.305795045233,3.57259814542735
181.855779432262,27.7584168576363,4.1381327408374
493.725881772404,348.999500449604,4.50752759689891
35.6447645931466,44.6339332601861,3.75597061410272
537.958411062519,151.229306182885,4.34270879852328
NA,NA,NA
662.24482903687,334.083888721146,3.48143277338308
457.660688162489,298.140886451643,3.55379559134562
10.9985320580958,492.878501745281,3.6514439450909
564.287847846353,50.313703830328,4.18845420777986
73.7975339115547,374.621285576337,3.89744673783688
228.177858162271,409.84066111668,3.87244483692396
430.086249249188,11.4894038197262,3.40115203126456
363.669170462755,291.983150595553,3.08144783700687
605.610481858488,108.016142498832,4.25476270857719
392.047784646319,230.94581875341,4.30471608787467
568.009669845491,402.901708645764,4.69121457561957
142.477678386473,283.74245692977,4.66464296267931
199.261479721363,369.782085444045,4.05321905251625
123.410187419271,410.311152925872,3.28501961316222
628.780193524463,313.97850168872,4.65876542539818
1.86500423246511,146.320858127015,4.33363005043878
544.798914211112,200.774451154819,4.06057784799217
35.723731398596,491.864194767998,2.98678283989533
276.971417457659,21.704820334171,3.82469909639198
532.432706253971,392.334868839804,3.46496785364943
79.6870307498171,78.1380246961375,5.20831112678514
5.30879615235188,76.9545362812093,3.58914017510966
585.848593985894,223.593299650627,4.08463979836956
443.827521330273,458.539123045023,4.68363339227179
658.555015729328,374.331293756201,2.95899298559608
105.581449788672,481.415034979863,4.45134135288804
624.601002707761,91.3641220238421,4.01313907527959
419.354427010827,260.935789866274,3.60865817658394
12.1418638804211,183.43223255082,3.26656709171627
62.0707878036166,130.471057679332,4.53988635937967
610.806371221009,190.497795010502,4.67228913327878
244.765074951442,219.574400404385,3.89137376208251
571.659830524314,431.623413571579,3.90565801024028
293.952940381956,134.240143801013,3.86472027770858
525.976754806292,463.335906126799,3.50223306080148
45.8471828226582,425.395073862131,4.05767318652817
202.356171722284,297.38977919429,4.07666761544481
557.436000153595,262.305795045233,3.57259814542735
181.855779432262,27.7584168576363,4.1381327408374
493.725881772404,348.999500449604,4.50752759689891
35.6447645931466,44.6339332601861,3.75597061410272
537.958411062519,151.229306182885,4.34270879852328
NA,NA,NA
662.24482903687,334.083888721146,3.48143277338308
457.660688162489,298.140886451643,3.55379559134562
10.9985320580958,492.878501745281,3.6514439450909
564.287847846353,50.313703830328,4.18845420777986
73.7975339115547,374.621285576337,3.89744673783688
228.177858162271,409.84066111668,3.87244483692396
430.086249249188,11.4894038197262,3.40115203126456
363.669170462755,291.983150595553,3.08144783700687
605.610481858488,108.016142498832,4.25476270857719
392.047784646319,230.94581875341,4.30471608787467
568.009669845491,402.901708645764,4.69121457561957
142.477678386473,283.74245692977,4.66464296267931
199.261479721363,369.782085444045,4.05321905251625
123.410187419271,410.311152925872,3.28501961316222
628.780193524463,313.97850168872,4.65876542539818
1.86500423246511,146.320858127015,4.33363005043878
544.798914211112,200.774451154819,4.06057784799217
35.723731398596,491.864194767998,2.98678283989533
276.971417457659,21.704820334171,3.82469909639198
532.432706253971,392.334868839804,3.46496785364943
79.6870307498171,78.1380246961375,5.20831112678514
5.30879615235188,76.9545362812093,3.58914017510966
585.848593985894,223.593299650627,4.08463979836956
443.827521330273,458.539123045023,4.68363339227179
658.555015729328,374.331293756201,2.95899298559608
105.581449788672,481.415034979863,4.45134135288804
624.601002707761,91.3641220238421,4.01313907527959
419.354427010827,260.935789866274,3.60865817658394
12.1418638804211,183.43223255082,3.26656709171627
62.0707878036166,130.471057679332,4.53988635937967
610.806371221009,190.497795010502,4.67228913327878
244.765074951442,219.574400404385,3.89137376208251
571.659830524314,431.623413571579,3.90565801024028
293.952940381956,134.240143801013,3.86472027770858
525.976754806292,463.335906126799,3.50223306080148
45.8471828226582,425.395073862131,4.05767318652817
202.356171722284,297.38977919429,4.07666761544481
557.436000153595,262.305795045233,3.57259814542735
181.855779432262,27.7584168576363,4.1381327408374
493.725881772404,348.999500449604,4.50752759689891
35.6447645931466,44.6339332601861,3.75597061410272
537.958411062519,151.229306182885,4.34270879852328
NA,NA,NA
662.24482903687,334.083888721146,3.48143277338308
457.660688162489,298.140886451643,3.55379559134562
10.9985320580958,492.878501745281,3.6514439450909
564.287847846353,50.313703830328,4.18845420777986
73.7975339115547,374.621285576337,3.89744673783688
228.177858162271,409.84066111668,3.87244483692396
430.086249249188,11.4894038197262,3.40115203126456
363.669170462755,291.983150595553,3.08144783700687
605.610481858488,108.016142498832,4.25476270857719
392.047784646319,230.94581875341,4.30471608787467
568.009669845491,402.901708645764,4.69121457561957
142.477678386473,283.74245692977,4.66464296267931
199.261479721363,369.782085444045,4.05321905251625
123.410187419271,410.311152925872,3.28501961316222
628.780193524463,313.97850168872,4.65876542539818
1.86500423246511,146.320858127015,4.33363005043878
544.798914211112,200.774451154819,4.06057784799217
35.723731398596,491.864194767998,2.98678283989533
276.971417457659,21.704820334171,3.82469909639198
532.432706253971,392.334868839804,3.46496785364943
79.6870307498171,78.1380246961375,5.20831112678514
5.30879615235188,76.9545362812093,3.58914017510966
585.848593985894,223.593299650627,4.08463979836956
443.827521330273,458.539123045023,4.68363339227179
658.555015729328,374.331293756201,2.95899298559608
105.581449788672,481.415034979863,4.45134135288804
624.601002707761,91.3641220238421,4.01313907527959
419.354427010827,260.935789866274,3.60865817658394
12.1418638804211,183.43223255082,3.26656709171627
62.0707878036166,130.471057679332,4.53988635937967
610.806371221009,190.497795010502,4.67228913327878
244.765074951442,219.574400404385,3.89137376208251
571.659830524314,431.623413571579,3.90565801024028
293.952940381956,134.240143801013,3.86472027770858
525.976754806292,463.335906126799,3.50223306080148
45.8471828226582,425.395073862131,4.05767318652817
202.356171722284,297.38977919429,4.07666761544481
557.436000153595,262.305795045233,3.57259814542735
181.855779432262,27.7584168576363,4.1381327408374
493.725881772404,348.999500449604,4.50752759689891
35.6447645931466,44.6339332601861,3.75597061410272
537.958411062519,151.229306182885,4.34270879852328
NA,NA,NA
664.243431777501,332.756625507947,3.4988711849205
456.329920069136,294.682346654359,3.67618752025915
11.3736164371316,494.337434666836,3.70120204488688
560.719014707953,51.3238018462525,4.24159955112091
75.6729300588282,376.93205095705,4.03863410779993
227.499563806323,417.350308023404,3.92134747777588
426.820605677955,13.2729999473954,3.24216529536473
364.39385503975,295.304725729144,2.97951004335705
603.00813405797,103.568685199039,4.25151572965563
390.059522131474,235.352147441931,4.21819208913293
569.954221738338,406.957107887649,4.65234769835855
143.543057360367,276.023734975343,4.5951620616106
200.598146482895,375.680675662605,3.96336077962895
124.468356086798,408.050248122906,3.55341408109549
628.199237827086,310.963427753015,4.62960918169457
3.52081338057137,147.845270954081,4.33737518610634
548.71733470936,199.418463772747,4.12504208748183
33.3558490860529,492.177950290442,2.98927514571382
280.804233519136,21.815018027081,3.98333615444462
532.451262504236,391.433422195982,3.3497240620811
70.8072950582416,81.2288931556382,5.18268455447177
1.40622685370918,75.8381906403047,3.51261936856372
589.321112677325,225.953233260018,3.94688454040152
440.705348027367,462.71316505261,4.69164119252319
658.426957429981,373.680906509274,3.09996214011212
105.242198605186,486.11448541043,4.4163514851318
620.712886189168,90.9667722940711,4.05899047770072
418.040355942765,255.151158901772,3.67978774634835
8.51623834730548,180.477937268862,3.31770813666232
70.9417051926463,120.855828897448,4.52386534969753
628.901470756219,184.775590759501,4.14770161153508
260.905221357808,212.358267469608,3.80330172766501
575.687387933268,438.08014260714,3.87335825860604
297.929108675813,140.615473365246,3.99640750130793
540.775914234074,455.196262998356,3.43026361010049
44.7966810087922,423.640807076382,3.83323883090811
189.682946973261,286.683170824182,3.90745636090341
552.745781685782,265.853023588567,3.74061384348536
169.24721059604,42.239633987955,4.19283799668383
496.728362874827,348.585456336789,4.51961147937901
47.1772883585769,50.6502859782023,3.48042863703425
538.799275939229,142.968680484449,4.55250173133144
NA,NA,NA
664.243431777501,332.756625507947,3.4988711849205
456.329920069136,294.682346654359,3.67618752025915
11.3736164371316,494.337434666836,3.70120204488688
560.719014707953,51.3238018462525,4.24159955112091
75.6729300588282,376.93205095705,4.03863410779993
227.499563806323,417.350308023404,3.92134747777588
426.820605677955,13.2729999473954,3.24216529536473
364.39385503975,295.304725729144,2.97951004335705
603.00813405797,103.568685199039,4.25151572965563
390.059522131474,235.352147441931,4.21819208913293
569.954221738338,406.957107887649,4.65234769835855
143.543057360367,276.023734975343,4.5951620616106
200.598146482895,375.680675662605,3.96336077962895
124.468356086798,408.050248122906,3.55341408109549
628.199237827086,310.963427753015,4.62960918169457
3.52081338057137,147.845270954081,4.33737518610634
548.71733470936,199.418463772747,4.12504208748183
33.3558490860529,492.177950290442,2.98927514571382
280.804233519136,21.815018027081,3.98333615444462
532.451262504236,391.433422195982,3.3497240620811
70.8072950582416,81.2288931556382,5.18268455447177
1.40622685370918,75.8381906403047,3.51261936856372
589.321112677325,225.953233260018,3.94688454040152
440.705348027367,462.71316505261,4.69164119252319
658.426957429981,373.680906509274,3.09996214011212
105.242198605186,486.11448541043,4.4163514851318
620.712886189168,90.9667722940711,4.05899047770072
418.040355942765,255.151158901772,3.67978774634835
8.51623834730548,180.477937268862,3.31770813666232
70.9417051926463,120.855828897448,4.52386534969753
628.901470756219,184.775590759501,4.14770161153508
260.905221357808,212.358267469608,3.80330172766501
575.687387933268,438.08014260714,3.87335825860604
297.929108675813,140.615473365246,3.99640750130793
540.775914234074,455.196262998356,3.43026361010049
44.7966810087922,423.640807076382,3.83323883090811
189.682946973261,286.683170824182,3.90745636090341
552.745781685782,265.853023588567,3.74061384348536
169.24721059604,42.239633987955,4.19283799668383
496.728362874827,348.585456336789,4.51961147937901
47.1772883585769,50.6502859782023,3.48042863703425
538.799275939229,142.968680484449,4.55250173133144
NA,NA,NA
664.243431777501,332.756625507947,3.4988711849205
456.329920069136,294.682346654359,3.67618752025915
11.3736164371316,494.337434666836,3.70120204488688
560.719014707953,51.3238018462525,4.24159955112091
75.6729300588282,376.93205095705,4.03863410779993
227.499563806323,417.350308023404,3.92134747777588
426.820605677955,13.2729999473954,3.24216529536473
364.39385503975,295.304725729144,2.97951004335705
603.00813405797,103.568685199039,4.25151572965563
390.059522131474,235.352147441931,4.21819208913293
569.954221738338,406.957107887649,4.65234769835855
143.543057360367,276.023734975343,4.5951620616106
200.598146482895,375.680675662605,3.96336077962895
124.468356086798,408.050248122906,3.55341408109549
628.199237827086,310.963427753015,4.62960918169457
3.52081338057137,147.845270954081,4.33737518610634
548.71733470936,199.418463772747,4.12504208748183
33.3558490860529,492.177950290442,2.98927514571382
280.804233519136,21.815018027081,3.98333615444462
532.451262504236,391.433422195982,3.3497240620811
70.8072950582416,81.2288931556382,5.18268455447177
1.40622685370918,75.8381906403047,3.51261936856372
589.321112677325,225.953233260018,3.94688454040152
440.705348027367,462.71316505261,4.69164119252319
658.426957429981,373.680906509274,3.09996214011212
105.242198605186,486.11448541043,4.4163514851318
620.712886189168,90.9667722940711,4.05899047770072
418.040355942765,255.151158901772,3.67978774634835
8.51623834730548,180.477937268862,3.31770813666232
70.9417051926463,120.855828897448,4.52386534969753
628.901470756219,184.775590759501,4.14770161153508
260.905221357808,212.358267469608,3.80330172766501
575.687387933268,438.08014260714,3.87335825860604
297.929108675813,140.615473365246,3.99640750130793
540.775914234074,455.196262998356,3.43026361010049
44.7966810087922,423.640807076382,3.83323883090811
189.682946973261,286.683170824182,3.90745636090341
552.745781685782,265.853023588567,3.74061384348536
169.24721059604,42.239633987955,4.19283799668383
496.728362874827,348.585456336789,4.51961147937901
47.1772883585769,50.6502859782023,3.48042863703425
538.799275939229,142.968680484449,4.55250173133144
NA,NA,NA
664.243431777501,332.756625507947,3.4988711849205
456.329920069136,294.682346654359,3.67618752025915
11.3736164371316,494.337434666836,3.70120204488688
560.719014707953,51.3238018462525,4.24159955112091
75.6729300588282,376.93205095705,4.03863410779993
227.499563806323,417.350308023404,3.92134747777588
426.820605677955,13.2729999473954,3.24216529536473
364.39385503975,295.304725729144,2.97951004335705
603.00813405797,103.568685199039,4.25151572965563
390.059522131474,235.352147441931,4.21819208913293
569.954221738338,406.957107887649,4.65234769835855
143.543057360367,276.023734975343,4.5951620616106
200.598146482895,375.680675662605,3.96336077962895
124.468356086798,408.050248122906,3.55341408109549
628.199237827086,310.963427753015,4.62960918169457
3.52081338057137,147.845270954081,4.33737518610634
548.71733470936,199.418463772747,4.12504208748183
33.3558490860529,492.177950290442,2.98927514571382
280.804233519136,21.815018027081,3.98333615444462
532.451262504236,391.433422195982,3.3497240620811
70.8072950582416,81.2288931556382,5.18268455447177
1.40622685370918,75.8381906403047,3.51261936856372
589.321112677325,225.953233260018,3.94688454040152
440.705348027367,462.71316505261,4.69164119252319
658.426957429981,373.680906509274,3.09996214011212
105.242198605186,486.11448541043,4.4163514851318
620.712886189168,90.9667722940711,4.05899047770072
418.040355942765,255.151158901772,3.67978774634835
8.51623834730548,180.477937268862,3.31770813666232
70.9417051926463,120.855828897448,4.52386534969753
628.901470756219,184.775590759501,4.14770161153508
260.905221357808,212.358267469608,3.80330172766501
575.687387933268,438.08014260714,3.87335825860604
297.929108675813,140.615473365246,3.99640750130793
540.775914234074,455.196262998356,3.43026361010049
44.7966810087922,423.640807076382,3.83323883090811
189.682946973261,286.683170824182,3.90745636090341
552.745781685782,265.853023588567,3.74061384348536
169.24721059604,42.239633987955,4.19283799668383
496.728362874827,348.585456336789,4.51961147937901
47.1772883585769,50.6502859782023,3.48042863703425
538.799275939229,142.968680484449,4.55250173133144
NA,NA,NA
664.243431777501,332.756625507947,3.4988711849205
456.329920069136,294.682346654359,3.67618752025915
11.3736164371316,494.337434666836,3.70120204488688
560.719014707953,51.3238018462525,4.24159955112091
75.6729300588282,376.93205095705,4.03863410779993
227.499563806323,417.350308023404,3.92134747777588
426.820605677955,13.2729999473954,3.24216529536473
364.39385503975,295.304725729144,2.97951004335705
603.00813405797,103.568685199039,4.25151572965563
390.059522131474,235.352147441931,4.21819208913293
569.954221738338,406.957107887649,4.65234769835855
143.543057360367,276.023734975343,4.5951620616106
200.598146482895,375.680675662605,3.96336077962895
124.468356086798,408.050248122906,3.55341408109549
628.199237827086,310.963427753015,4.62960918169457
3.52081338057137,147.845270954081,4.33737518610634
548.71733470936,199.418463772747,4.12504208748183
33.3558490860529,492.177950290442,2.98927514571382
280.804233519136,21.815018027081,3.98333615444462
532.451262504236,391.433422195982,3.3497240620811
70.8072950582416,81.2288931556382,5.18268455447177
1.40622685370918,75.8381906403047,3.51261936856372
589.321112677325,225.953233260018,3.94688454040152
440.705348027367,462.71316505261,4.69164119252319
658.426957429981,373.680906509274,3.09996214011212
105.242198605186,486.11448541043,4.4163514851318
620.712886189168,90.9667722940711,4.05899047770072
418.040355942765,255.151158901772,3.67978774634835
8.51623834730548,180.477937268862,3.31770813666232
70.9417051926463,120.855828897448,4.52386534969753
628.901470756219,184.775590759501,4.14770161153508
260.905221357808,212.358267469608,3.80330172766501
575.687387933268,438.08014260714,3.87335825860604
297.929108675813,140.615473365246,3.99640750130793
540.775914234074,455.196262998356,3.43026361010049
44.7966810087922,423.640807076382,3.83323883090811
189.682946973261,286.683170824182,3.90745636090341
552.745781685782,265.853023588567,3.74061384348536
169.24721059604,42.239633987955,4.19283799668383
496.728362874827,348.585456336789,4.51961147937901
47.1772883585769,50.6502859782023,3.48042863703425
538.799275939229,142.968680484449,4.55250173133144
NA,NA,NA
664.243431777501,332.756625507947,3.4988711849205
456.329920069136,294.682346654359,3.67618752025915
11.3736164371316,494.337434666836,3.70120204488688
560.719014707953,51.3238018462525,4.24159955112091
75.6729300588282,376.93205095705,4.03863410779993
227.499563806323,417.350308023404,3.92134747777588
426.820605677955,13.2729999473954,3.24216529536473
364.39385503975,295.304725729144,2.97951004335705
603.00813405797,103.568685199039,4.25151572965563
390.059522131474,235.352147441931,4.21819208913293
569.954221738338,406.957107887649,4.65234769835855
143.543057360367,276.023734975343,4.5951620616106
200.598146482895,375.680675662605,3.96336077962895
124.468356086798,408.050248122906,3.55341408109549
628.199237827086,310.963427753015,4.62960918169457
3.52081338057137,147.845270954081,4.33737518610634
548.71733470936,199.418463772747,4.12504208748183
33.3558490860529,492.177950290442,2.98927514571382
280.804233519136,21.815018027081,3.98333615444462
532.451262504236,391.433422195982,3.3497240620811
70.8072950582416,81.2288931556382,5.18268455447177
1.40622685370918,75.8381906403047,3.51261936856372
589.321112677325,225.953233260018,3.94688454040152
440.705348027367,462.71316505261,4.69164119252319
658.426957429981,373.680906509274,3.09996214011212
105.242198605186,486.11448541043,4.4163514851318
620.712886189168,90.9667722940711,4.05899047770072
418.040355942765,255.151158901772,3.67978774634835
8.51623834730548,180.477937268862,3.31770813666232
70.9417051926463,120.855828897448,4.52386534969753
628.901470756219,184.775590759501,4.14770161153508
260.905221357808,212.358267469608,3.80330172766501
575.687387933268,438.08014260714,3.87335825860604
297.929108675813,140.615473365246,3.99640750130793
540.775914234074,455.196262998356,3.43026361010049
44.7966810087922,423.640807076382,3.83323883090811
189.682946973261,286.683170824182,3.90745636090341
552.745781685782,265.853023588567,3.74061384348536
169.24721059604,42.239633987955,4.19283799668383
496.728362874827,348.585456336789,4.51961147937901
47.1772883585769,50.6502859782023,3.48042863703425
538.799275939229,142.968680484449,4.55250173133144
NA,NA,NA
659.834003190744,334.64205692019,3.46449203820328
456.522300309452,297.549277011707,3.6569793425269
8.84719910506984,492.812840754294,3.63099590638602
562.491909720043,53.3581349951088,4.22407048449472
72.6264882921415,376.67699857429,3.85494753346038
226.107929753071,416.756784925377,3.90439928817853
426.66667242999,13.2875214503833,3.43319670380466
361.492625331675,291.497637751161,2.95736494153521
610.638767796854,103.170202501131,4.2215504571742
389.858129753339,231.607610700313,4.17150995440276
559.481566958954,410.218510163802,4.65541135237711
141.313614643697,281.089636621439,4.48852963967914
195.366726711425,365.338896126243,4.06914653516942
129.037313501076,406.531356900644,3.4729900387128
632.239976018582,311.278061451278,4.53352428976401
3.55961603198784,150.438669300828,4.276206191551
546.104555084077,201.292180541085,4.16410468349989
35.0154248596959,490.203579000299,2.95152398514755
279.93601375096,22.3477164104267,3.75627281094913
532.277298106442,392.204685637736,3.46201219316301
72.482852955139,73.5408123121758,5.29764420572178
2.55076367124615,77.5377166886792,3.47187820185841
587.501237362118,231.059699536227,4.02528238151358
437.452807898802,461.129671176399,4.87534932065333
657.656707522054,371.964644147302,3.10715609327114
102.572063217497,483.665928740237,4.3813127859106
624.377356795342,85.6969794961827,4.08232789463659
422.823126688172,257.57468277704,3.65575026476969
11.5175025218856,180.823639329563,3.29204498361324
62.3315526419536,128.034244245103,4.61950127439939
601.231659824509,196.744552811288,4.23133848336814
254.015111791069,213.60539396274,3.87819791495406
573.925045090072,436.355451808652,3.81096447945547
297.983039540528,133.50249544442,3.87410669550979
528.701086563603,459.459869528385,3.33868354693716
43.8724528823806,416.703420723054,3.87790171011267
187.155915615519,281.055565602781,3.97255442606588
544.683637761147,258.041235500871,3.94262783507601
183.187652320285,23.088533608023,4.13936449858989
498.342762541822,347.12337869614,4.20163631009724
37.8968573286477,53.9590983683836,3.968191278348
540.376039848499,159.762416771463,4.59687495207051
NA,NA,NA
659.834003190744,334.64205692019,3.46449203820328
456.522300309452,297.549277011707,3.6569793425269
8.84719910506984,492.812840754294,3.63099590638602
562.491909720043,53.3581349951088,4.22407048449472
72.6264882921415,376.67699857429,3.85494753346038
226.107929753071,416.756784925377,3.90439928817853
426.66667242999,13.2875214503833,3.43319670380466
361.492625331675,291.497637751161,2.95736494153521
610.638767796854,103.170202501131,4.2215504571742
389.858129753339,231.607610700313,4.17150995440276
559.481566958954,410.218510163802,4.65541135237711
141.313614643697,281.089636621439,4.48852963967914
195.366726711425,365.338896126243,4.06914653516942
129.037313501076,406.531356900644,3.4729900387128
632.239976018582,311.278061451278,4.53352428976401
3.55961603198784,150.438669300828,4.276206191551
546.104555084077,201.292180541085,4.16410468349989
35.0154248596959,490.203579000299,2.95152398514755
279.93601375096,22.3477164104267,3.75627281094913
532.277298106442,392.204685637736,3.46201219316301
72.482852955139,73.5408123121758,5.29764420572178
2.55076367124615,77.5377166886792,3.47187820185841
587.501237362118,231.059699536227,4.02528238151358
437.452807898802,461.129671176399,4.87534932065333
657.656707522054,371.964644147302,3.10715609327114
102.572063217497,483.665928740237,4.3813127859106
624.377356795342,85.6969794961827,4.08232789463659
422.823126688172,257.57468277704,3.65575026476969
11.5175025218856,180.823639329563,3.29204498361324
62.3315526419536,128.034244245103,4.61950127439939
601.231659824509,196.744552811288,4.23133848336814
254.015111791069,213.60539396274,3.87819791495406
573.925045090072,436.355451808652,3.81096447945547
297.983039540528,133.50249544442,3.87410669550979
528.701086563603,459.459869528385,3.33868354693716
43.8724528823806,416.703420723054,3.87790171011267
187.155915615519,281.055565602781,3.97255442606588
544.683637761147,258.041235500871,3.94262783507601
183.187652320285,23.088533608023,4.13936449858989
498.342762541822,347.12337869614,4.20163631009724
37.8968573286477,53.9590983683836,3.968191278348
540.376039848499,159.762416771463,4.59687495207051
NA,NA,NA
659.834003190744,334.64205692019,3.46449203820328
456.522300309452,297.549277011707,3.6569793425269
8.84719910506984,492.812840754294,3.63099590638602
562.491909720043,53.3581349951088,4.22407048449472
72.6264882921415,376.67699857429,3.85494753346038
226.107929753071,416.756784925377,3.90439928817853
426.66667242999,13.2875214503833,3.43319670380466
361.492625331675,291.497637751161,2.95736494153521
610.638767796854,103.170202501131,4.2215504571742
389.858129753339,231.607610700313,4.17150995440276
559.481566958954,410.218510163802,4.65541135237711
141.313614643697,281.089636621439,4.48852963967914
195.366726711425,365.338896126243,4.06914653516942
129.037313501076,406.531356900644,3.4729900387128
632.239976018582,311.278061451278,4.53352428976401
3.55961603198784,150.438669300828,4.276206191551
546.104555084077,201.292180541085,4.16410468349989
35.0154248596959,490.203579000299,2.95152398514755
279.93601375096,22.3477164104267,3.75627281094913
532.277298106442,392.204685637736,3.46201219316301
72.482852955139,73.5408123121758,5.29764420572178
2.55076367124615,77.5377166886792,3.47187820185841
587.501237362118,231.059699536227,4.02528238151358
437.452807898802,461.129671176399,4.87534932065333
657.656707522054,371.964644147302,3.10715609327114
102.572063217497,483.665928740237,4.3813127859106
624.377356795342,85.6969794961827,4.08232789463659
422.823126688172,257.57468277704,3.65575026476969
11.5175025218856,180.823639329563,3.29204498361324
62.3315526419536,128.034244245103,4.61950127439939
601.231659824509,196.744552811288,4.23133848336814
254.015111791069,213.60539396274,3.87819791495406
573.925045090072,436.355451808652,3.81096447945547
297.983039540528,133.50249544442,3.87410669550979
528.701086563603,459.459869528385,3.33868354693716
43.8724528823806,416.703420723054,3.87790171011267
187.155915615519,281.055565602781,3.97255442606588
544.683637761147,258.041235500871,3.94262783507601
183.187652320285,23.088533608023,4.13936449858989
498.342762541822,347.12337869614,4.20163631009724
37.8968573286477,53.9590983683836,3.968191278348
540.376039848499,159.762416771463,4.59687495207051
NA,NA,NA
659.834003190744,334.64205692019,3.46449203820328
456.522300309452,297.549277011707,3.6569793425269
8.84719910506984,492.812840754294,3.63099590638602
562.491909720043,53.3581349951088,4.22407048449472
72.6264882921415,376.67699857429,3.85494753346038
226.107929753071,416.756784925377,3.90439928817853
426.66667242999,13.2875214503833,3.43319670380466
361.492625331675,291.497637751161,2.95736494153521
610.638767796854,103.170202501131,4.2215504571742
389.858129753339,231.607610700313,4.17150995440276
559.481566958954,410.218510163802,4.65541135237711
141.313614643697,281.089636621439,4.48852963967914
195.366726711425,365.338896126243,4.06914653516942
129.037313501076,406.531356900644,3.4729900387128
632.239976018582,311.278061451278,4.53352428976401
3.55961603198784,150.438669300828,4.276206191551
546.104555084077,201.292180541085,4.16410468349989
35.0154248596959,490.203579000299,2.95152398514755
279.93601375096,22.3477164104267,3.75627281094913
532.277298106442,392.204685637736,3.46201219316301
72.482852955139,73.5408123121758,5.29764420572178
2.55076367124615,77.5377166886792,3.47187820185841
587.501237362118,231.059699536227,4.02528238151358
437.452807898802,461.129671176399,4.87534932065333
657.656707522054,371.964644147302,3.10715609327114
102.572063217497,483.665928740237,4.3813127859106
624.377356795342,85.6969794961827,4.08232789463659
422.823126688172,257.57468277704,3.65575026476969
11.5175025218856,180.823639329563,3.29204498361324
62.3315526419536,128.034244245103,4.61950127439939
601.231659824509,196.744552811288,4.23133848336814
254.015111791069,213.60539396274,3.87819791495406
573.925045090072,436.355451808652,3.81096447945547
297.983039540528,133.50249544442,3.87410669550979
528.701086563603,459.459869528385,3.33868354693716
43.8724528823806,416.703420723054,3.87790171011267
187.155915615519,281.055565602781,3.97255442606588
544.683637761147,258.041235500871,3.94262783507601
183.187652320285,23.088533608023,4.13936449858989
498.342762541822,347.12337869614,4.20163631009724
37.8968573286477,53.9590983683836,3.968191278348
540.376039848499,159.762416771463,4.59687495207051
NA,NA,NA
659.834003190744,334.64205692019,3.46449203820328
456.522300309452,297.549277011707,3.6569793425269
8.84719910506984,492.812840754294,3.63099590638602
562.491909720043,53.3581349951088,4.22407048449472
72.6264882921415,376.67699857429,3.85494753346038
226.107929753071,416.756784925377,3.90439928817853
426.66667242999,13.2875214503833,3.43319670380466
361.492625331675,291.497637751161,2.95736494153521
610.638767796854,103.170202501131,4.2215504571742
389.858129753339,231.607610700313,4.17150995440276
559.481566958954,410.218510163802,4.65541135237711
141.313614643697,281.089636621439,4.48852963967914
195.366726711425,365.338896126243,4.06914653516942
129.037313501076,406.531356900644,3.4729900387128
632.239976018582,311.278061451278,4.53352428976401
3.55961603198784,150.438669300828,4.276206191551
546.104555084077,201.292180541085,4.16410468349989
35.0154248596959,490.203579000299,2.95152398514755
279.93601375096,22.3477164104267,3.75627281094913
532.277298106442,392.204685637736,3.46201219316301
72.482852955139,73.5408123121758,5.29764420572178
2.55076367124615,77.5377166886792,3.47187820185841
587.501237362118,231.059699536227,4.02528238151358
437.452807898802,461.129671176399,4.87534932065333
657.656707522054,371.964644147302,3.10715609327114
102.572063217497,483.665928740237,4.3813127859106
624.377356795342,85.6969794961827,4.08232789463659
422.823126688172,257.57468277704,3.65575026476969
11.5175025218856,180.823639329563,3.29204498361324
62.3315526419536,128.034244245103,4.61950127439939
601.231659824509,196.744552811288,4.23133848336814
254.015111791069,213.60539396274,3.87819791495406
573.925045090072,436.355451808652,3.81096447945547
297.983039540528,133.50249544442,3.87410669550979
528.701086563603,459.459869528385,3.33868354693716
43.8724528823806,416.703420723054,3.87790171011267
187.155915615519,281.055565602781,3.97255442606588
544.683637761147,258.041235500871,3.94262783507601
183.187652320285,23.088533608023,4.13936449858989
498.342762541822,347.12337869614,4.20163631009724
37.8968573286477,53.9590983683836,3.968191278348
540.376039848499,159.762416771463,4.59687495207051
NA,NA,NA
659.834003190744,334.64205692019,3.46449203820328
456.522300309452,297.549277011707,3.6569793425269
8.84719910506984,492.812840754294,3.63099590638602
562.491909720043,53.3581349951088,4.22407048449472
72.6264882921415,376.67699857429,3.85494753346038
226.107929753071,416.756784925377,3.90439928817853
426.66667242999,13.2875214503833,3.43319670380466
361.492625331675,291.497637751161,2.95736494153521
610.638767796854,103.170202501131,4.2215504571742
389.858129753339,231.607610700313,4.17150995440276
559.481566958954,410.218510163802,4.65541135237711
141.313614643697,281.089636621439,4.48852963967914
195.366726711425,365.338896126243,4.06914653516942
129.037313501076,406.531356900644,3.4729900387128
632.239976018582,311.278061451278,4.53352428976401
3.55961603198784,150.438669300828,4.276206191551
546.104555084077,201.292180541085,4.16410468349989
35.0154248596959,490.203579000299,2.95152398514755
279.93601375096,22.3477164104267,3.75627281094913
532.277298106442,392.204685637736,3.46201219316301
72.482852955139,73.5408123121758,5.29764420572178
2.55076367124615,77.5377166886792,3.47187820185841
587.501237362118,231.059699536227,4.02528238151358
437.452807898802,461.129671176399,4.87534932065333
657.656707522054,371.964644147302,3.10715609327114
102.572063217497,483.665928740237,4.3813127859106
624.377356795342,85.6969794961827,4.08232789463659
422.823126688172,257.57468277704,3.65575026476969
11.5175025218856,180.823639329563,3.29204498361324
62.3315526419536,128.034244245103,4.61950127439939
601.231659824509,196.744552811288,4.23133848336814
254.015111791069,213.60539396274,3.87819791495406
573.925045090072,436.355451808652,3.81096447945547
297.983039540528,133.50249544442,3.87410669550979
528.701086563603,459.459869528385,3.33868354693716
43.8724528823806,416.703420723054,3.87790171011267
187.155915615519,281.055565602781,3.97255442606588
544.683637761147,258.041235500871,3.94262783507601
183.187652320285,23.088533608023,4.13936449858989
498.342762541822,347.12337869614,4.20163631009724
37.8968573286477,53.9590983683836,3.968191278348
540.376039848499,159.762416771463,4.59687495207051
NA,NA,NA
660.382700296721,334.766853329716,3.46691853116995
456.439996942928,294.714267818579,3.65045580826811
12.8074865724527,492.052404699044,3.6335020351606
566.138682585266,53.4840751507965,4.1639731627404
71.5278388034057,376.027348992457,3.99001121150107
225.71515126888,413.289097660637,3.8454534792523
429.183658354279,12.334311623045,3.37314548032336
364.392419734793,292.86471207654,3.054032672658
603.010874270976,107.469958654916,4.26727649297915
389.978154003967,230.443214253415,4.07392236946611
566.535300243155,409.151243525011,4.7871323754971
135.565298858439,280.451089223617,4.63024604926539
202.714357111415,370.875782992104,4.04482498162484
126.46269194677,413.852498002178,3.53630072935562
628.636269463578,308.919321497715,4.52761932241754
-5.49534626658957,146.786635059372,4.26089733977475
544.220002978318,204.471718023492,4.14008303690674
34.5270112092499,495.164147437345,2.98294487592525
273.258590527755,22.547626547737,3.88628689997992
532.877042319181,393.306211688003,3.33602848720693
78.3850577479335,75.4559091568595,5.38598753637622
7.00859313315937,76.7020412372767,3.44339103815742
585.316926221163,230.76286812292,3.91162838904943
439.647299694983,460.066623412284,4.85747423881363
658.306252656903,374.414182383297,2.95736795816218
107.405569910283,489.207936047362,4.37863098545406
621.081641487308,89.2206227994652,4.11623319840268
418.377157813265,262.537104513755,3.58734757749203
9.03350544222917,181.360614390906,3.15781505324539
53.5829700306571,127.895727336523,4.64464233467561
614.699794871614,197.642065933725,4.52711464041323
251.400214601629,228.596669360289,3.4464554855173
578.911228207683,432.266321138257,3.69848049014335
293.897618326237,136.197251466772,3.80538830619121
534.914803947622,459.711489095375,3.72997783919532
42.4858173116138,422.760607755229,4.16859666257955
191.308220612146,289.687702763541,4.26843093356163
549.043912683424,259.032792551043,3.78631285914906
166.236993657512,41.3478946768448,4.27077233196824
499.083505977086,341.814496790808,4.48059017725526
28.8106681733485,53.0077671976858,4.02935583487062
532.313868864701,140.481000099845,4.19148375871994
NA,NA,NA
660.382700296721,334.766853329716,3.46691853116995
456.439996942928,294.714267818579,3.65045580826811
12.8074865724527,492.052404699044,3.6335020351606
566.138682585266,53.4840751507965,4.1639731627404
71.5278388034057,376.027348992457,3.99001121150107
225.71515126888,413.289097660637,3.8454534792523
429.183658354279,12.334311623045,3.37314548032336
364.392419734793,292.86471207654,3.054032672658
603.010874270976,107.469958654916,4.26727649297915
389.978154003967,230.443214253415,4.07392236946611
566.535300243155,409.151243525011,4.7871323754971
135.565298858439,280.451089223617,4.63024604926539
202.714357111415,370.875782992104,4.04482498162484
126.46269194677,413.852498002178,3.53630072935562
628.636269463578,308.919321497715,4.52761932241754
-5.49534626658957,146.786635059372,4.26089733977475
544.220002978318,204.471718023492,4.14008303690674
34.5270112092499,495.164147437345,2.98294487592525
273.258590527755,22.547626547737,3.88628689997992
532.877042319181,393.306211688003,3.33602848720693
78.3850577479335,75.4559091568595,5.38598753637622
7.00859313315937,76.7020412372767,3.44339103815742
585.316926221163,230.76286812292,3.91162838904943
439.647299694983,460.066623412284,4.85747423881363
658.306252656903,374.414182383297,2.95736795816218
107.405569910283,489.207936047362,4.37863098545406
621.081641487308,89.2206227994652,4.11623319840268
418.377157813265,262.537104513755,3.58734757749203
9.03350544222917,181.360614390906,3.15781505324539
53.5829700306571,127.895727336523,4.64464233467561
614.699794871614,197.642065933725,4.52711464041323
251.400214601629,228.596669360289,3.4464554855173
578.911228207683,432.266321138257,3.69848049014335
293.897618326237,136.197251466772,3.80538830619121
534.914803947622,459.711489095375,3.72997783919532
42.4858173116138,422.760607755229,4.16859666257955
191.308220612146,289.687702763541,4.26843093356163
549.043912683424,259.032792551043,3.78631285914906
166.236993657512,41.3478946768448,4.27077233196824
499.083505977086,341.814496790808,4.48059017725526
28.8106681733485,53.0077671976858,4.02935583487062
532.313868864701,140.481000099845,4.19148375871994
NA,NA,NA
660.382700296721,334.766853329716,3.46691853116995
456.439996942928,294.714267818579,3.65045580826811
12.8074865724527,492.052404699044,3.6335020351606
566.138682585266,53.4840751507965,4.1639731627404
71.5278388034057,376.027348992457,3.99001121150107
225.71515126888,413.289097660637,3.8454534792523
429.183658354279,12.334311623045,3.37314548032336
364.392419734793,292.86471207654,3.054032672658
603.010874270976,107.469958654916,4.26727649297915
389.978154003967,230.443214253415,4.07392236946611
566.535300243155,409.151243525011,4.7871323754971
135.565298858439,280.451089223617,4.63024604926539
202.714357111415,370.875782992104,4.04482498162484
126.46269194677,413.852498002178,3.53630072935562
628.636269463578,308.919321497715,4.52761932241754
-5.49534626658957,146.786635059372,4.26089733977475
544.220002978318,204.471718023492,4.14008303690674
34.5270112092499,495.164147437345,2.98294487592525
273.258590527755,22.547626547737,3.88628689997992
532.877042319181,393.306211688003,3.33602848720693
78.3850577479335,75.4559091568595,5.38598753637622
7.00859313315937,76.7020412372767,3.44339103815742
585.316926221163,230.76286812292,3.91162838904943
439.647299694983,460.066623412284,4.85747423881363
658.306252656903,374.414182383297,2.95736795816218
107.405569910283,489.207936047362,4.37863098545406
621.081641487308,89.2206227994652,4.11623319840268
418.377157813265,262.537104513755,3.58734757749203
9.03350544222917,181.360614390906,3.15781505324539
53.5829700306571,127.895727336523,4.64464233467561
614.699794871614,197.642065933725,4.52711464041323
251.400214601629,228.596669360289,3.4464554855173
578.911228207683,432.266321138257,3.69848049014335
293.897618326237,136.197251466772,3.80538830619121
534.914803947622,459.711489095375,3.72997783919532
42.4858173116138,422.760607755229,4.16859666257955
191.308220612146,289.687702763541,4.26843093356163
549.043912683424,259.032792551043,3.78631285914906
166.236993657512,41.3478946768448,4.27077233196824
499.083505977086,341.814496790808,4.48059017725526
28.8106681733485,53.0077671976858,4.02935583487062
532.313868864701,140.481000099845,4.19148375871994
NA,NA,NA
660.382700296721,334.766853329716,3.46691853116995
456.439996942928,294.714267818579,3.65045580826811
12.8074865724527,492.052404699044,3.6335020351606
566.138682585266,53.4840751507965,4.1639731627404
71.5278388034057,376.027348992457,3.99001121150107
225.71515126888,413.289097660637,3.8454534792523
429.183658354279,12.334311623045,3.37314548032336
364.392419734793,292.86471207654,3.054032672658
603.010874270976,107.469958654916,4.26727649297915
389.978154003967,230.443214253415,4.07392236946611
566.535300243155,409.151243525011,4.7871323754971
135.565298858439,280.451089223617,4.63024604926539
202.714357111415,370.875782992104,4.04482498162484
126.46269194677,413.852498002178,3.53630072935562
628.636269463578,308.919321497715,4.52761932241754
-5.49534626658957,146.786635059372,4.26089733977475
544.220002978318,204.471718023492,4.14008303690674
34.5270112092499,495.164147437345,2.98294487592525
273.258590527755,22.547626547737,3.88628689997992
532.877042319181,393.306211688003,3.33602848720693
78.3850577479335,75.4559091568595,5.38598753637622
7.00859313315937,76.7020412372767,3.44339103815742
585.316926221163,230.76286812292,3.91162838904943
439.647299694983,460.066623412284,4.85747423881363
658.306252656903,374.414182383297,2.95736795816218
107.405569910283,489.207936047362,4.37863098545406
621.081641487308,89.2206227994652,4.11623319840268
418.377157813265,262.537104513755,3.58734757749203
9.03350544222917,181.360614390906,3.15781505324539
53.5829700306571,127.895727336523,4.64464233467561
614.699794871614,197.642065933725,4.52711464041323
251.400214601629,228.596669360289,3.4464554855173
578.911228207683,432.266321138257,3.69848049014335
293.897618326237,136.197251466772,3.80538830619121
534.914803947622,459.711489095375,3.72997783919532
42.4858173116138,422.760607755229,4.16859666257955
191.308220612146,289.687702763541,4.26843093356163
549.043912683424,259.032792551043,3.78631285914906
166.236993657512,41.3478946768448,4.27077233196824
499.083505977086,341.814496790808,4.48059017725526
28.8106681733485,53.0077671976858,4.02935583487062
532.313868864701,140.481000099845,4.19148375871994
NA,NA,NA
660.382700296721,334.766853329716,3.46691853116995
456.439996942928,294.714267818579,3.65045580826811
12.8074865724527,492.052404699044,3.6335020351606
566.138682585266,53.4840751507965,4.1639731627404
71.5278388034057,376.027348992457,3.99001121150107
225.71515126888,413.289097660637,3.8454534792523
429.183658354279,12.334311623045,3.37314548032336
364.392419734793,292.86471207654,3.054032672658
603.010874270976,107.469958654916,4.26727649297915
389.978154003967,230.443214253415,4.07392236946611
566.535300243155,409.151243525011,4.7871323754971
135.565298858439,280.451089223617,4.63024604926539
202.714357111415,370.875782992104,4.04482498162484
126.46269194677,413.852498002178,3.53630072935562
628.636269463578,308.919321497715,4.52761932241754
-5.49534626658957,146.786635059372,4.26089733977475
544.220002978318,204.471718023492,4.14008303690674
34.5270112092499,495.164147437345,2.98294487592525
273.258590527755,22.547626547737,3.88628689997992
532.877042319181,393.306211688003,3.33602848720693
78.3850577479335,75.4559091568595,5.38598753637622
7.00859313315937,76.7020412372767,3.44339103815742
585.316926221163,230.76286812292,3.91162838904943
439.647299694983,460.066623412284,4.85747423881363
658.306252656903,374.414182383297,2.95736795816218
107.405569910283,489.207936047362,4.37863098545406
621.081641487308,89.2206227994652,4.11623319840268
418.377157813265,262.537104513755,3.58734757749203
9.03350544222917,181.360614390906,3.15781505324539
53.5829700306571,127.895727336523,4.64464233467561
614.699794871614,197.642065933725,4.52711464041323
251.400214601629,228.596669360289,3.4464554855173
578.911228207683,432.266321138257,3.69848049014335
293.897618326237,136.197251466772,3.80538830619121
534.914803947622,459.711489095375,3.72997783919532
42.4858173116138,422.760607755229,4.16859666257955
191.308220612146,289.687702763541,4.26843093356163
549.043912683424,259.032792551043,3.78631285914906
166.236993657512,41.3478946768448,4.27077233196824
499.083505977086,341.814496790808,4.48059017725526
28.8106681733485,53.0077671976858,4.02935583487062
532.313868864701,140.481000099845,4.19148375871994
NA,NA,NA
660.382700296721,334.766853329716,3.46691853116995
456.439996942928,294.714267818579,3.65045580826811
12.8074865724527,492.052404699044,3.6335020351606
566.138682585266,53.4840751507965,4.1639731627404
71.5278388034057,376.027348992457,3.99001121150107
225.71515126888,413.289097660637,3.8454534792523
429.183658354279,12.334311623045,3.37314548032336
364.392419734793,292.86471207654,3.054032672658
603.010874270976,107.469958654916,4.26727649297915
389.978154003967,230.443214253415,4.07392236946611
566.535300243155,409.151243525011,4.7871323754971
135.565298858439,280.451089223617,4.63024604926539
202.714357111415,370.875782992104,4.04482498162484
126.46269194677,413.852498002178,3.53630072935562
628.636269463578,308.919321497715,4.52761932241754
-5.49534626658957,146.786635059372,4.26089733977475
544.220002978318,204.471718023492,4.14008303690674
34.5270112092499,495.164147437345,2.98294487592525
273.258590527755,22.547626547737,3.88628689997992
532.877042319181,393.306211688003,3.33602848720693
78.3850577479335,75.4559091568595,5.38598753637622
7.00859313315937,76.7020412372767,3.44339103815742
585.316926221163,230.76286812292,3.91162838904943
439.647299694983,460.066623412284,4.85747423881363
658.306252656903,374.414182383297,2.95736795816218
107.405569910283,489.207936047362,4.37863098545406
621.081641487308,89.2206227994652,4.11623319840268
418.377157813265,262.537104513755,3.58734757749203
9.03350544222917,181.360614390906,3.15781505324539
53.5829700306571,127.895727336523,4.64464233467561
614.699794871614,197.642065933725,4.52711464041323
251.400214601629,228.596669360289,3.4464554855173
578.911228207683,432.266321138257,3.69848049014335
293.897618326237,136.197251466772,3.80538830619121
534.914803947622,459.711489095375,3.72997783919532
42.4858173116138,422.760607755229,4.16859666257955
191.308220612146,289.687702763541,4.26843093356163
549.043912683424,259.032792551043,3.78631285914906
166.236993657512,41.3478946768448,4.27077233196824
499.083505977086,341.814496790808,4.48059017725526
28.8106681733485,53.0077671976858,4.02935583487062
532.313868864701,140.481000099845,4.19148375871994
NA,NA,NA
664.462082819139,337.090466262109,3.49624218031428
456.93472065873,296.512013047394,3.45000540668499
11.5382776863931,496.533111361674,3.63003390395638
563.462975295371,54.4266324057871,4.2245872120788
75.5318135029603,374.610098015125,4.11334950392317
230.819307818578,414.039090318171,3.93011997124332
428.506838239044,12.25140989569,3.20698930214364
358.544993532724,294.887210869258,2.917732293751
601.860043518418,105.7674133678,4.2288927362153
391.271468724676,231.989570963412,4.05033828722406
567.682701966642,411.021578813911,4.69980599397597
138.55772802054,284.733309481993,4.66150509829348
198.207128014222,368.869844218,3.90509338750567
126.476732874423,409.262608825229,3.32949691052282
628.512179222723,309.52077022776,4.62433337104169
7.06147912326812,147.941989228417,4.25829005601602
538.979040874873,200.034936818415,4.1471071820578
33.4099261115683,490.575244600318,3.17474681983067
281.182408773738,29.1540513709739,3.85389338321531
532.939067884438,394.221694797343,3.38539755664626
71.4796843431283,83.4683793140203,5.2158973554774
5.86691368462525,72.955234114097,3.53883226435659
591.476908705329,225.316017654535,3.9187778301443
435.650682922451,462.668556265833,4.7438154268856
658.786301683437,371.596537727434,3.06198389409283
110.360766168145,484.205774148511,4.31788477866724
626.670591442096,84.3429487078904,4.13207528770223
422.225248134915,258.358143863819,3.60383069842021
12.0077559070994,180.62151168951,3.26244511152009
75.2835346912299,113.072530035884,4.39952188300824
610.402003008338,188.373631133959,4.6403736309118
247.953693857215,223.144947391256,3.8303165897793
573.487892028406,436.921367915637,3.67319011331006
302.941117475965,138.05593602017,3.8788112674426
532.81895869161,460.26780267962,3.63744786891132
40.0971994354817,422.013228126964,4.0429943943087
197.073442014611,296.004281092061,3.74810367523626
553.411661929881,273.758101809751,3.72233897005902
174.869757703665,39.5974569389683,4.34669733284028
506.365511612857,350.855793488209,4.52855291353672
32.926468455514,52.4333336919392,3.57160793170163
518.690050707452,139.917252250956,4.62488001651037
NA,NA,NA
664.462082819139,337.090466262109,3.49624218031428
456.93472065873,296.512013047394,3.45000540668499
11.5382776863931,496.533111361674,3.63003390395638
563.462975295371,54.4266324057871,4.2245872120788
75.5318135029603,374.610098015125,4.11334950392317
230.819307818578,414.039090318171,3.93011997124332
428.506838239044,12.25140989569,3.20698930214364
358.544993532724,294.887210869258,2.917732293751
601.860043518418,105.7674133678,4.2288927362153
391.271468724676,231.989570963412,4.05033828722406
567.682701966642,411.021578813911,4.69980599397597
138.55772802054,284.733309481993,4.66150509829348
198.207128014222,368.869844218,3.90509338750567
126.476732874423,409.262608825229,3.32949691052282
628.512179222723,309.52077022776,4.62433337104169
7.06147912326812,147.941989228417,4.25829005601602
538.979040874873,200.034936818415,4.1471071820578
33.4099261115683,490.575244600318,3.17474681983067
281.182408773738,29.1540513709739,3.85389338321531
532.939067884438,394.221694797343,3.38539755664626
71.4796843431283,83.4683793140203,5.2158973554774
5.86691368462525,72.955234114097,3.53883226435659
591.476908705329,225.316017654535,3.9187778301443
435.650682922451,462.668556265833,4.7438154268856
658.786301683437,371.596537727434,3.06198389409283
110.360766168145,484.205774148511,4.31788477866724
626.670591442096,84.3429487078904,4.13207528770223
422.225248134915,258.358143863819,3.60383069842021
12.0077559070994,180.62151168951,3.26244511152009
75.2835346912299,113.072530035884,4.39952188300824
610.402003008338,188.373631133959,4.6403736309118
247.953693857215,223.144947391256,3.8303165897793
573.487892028406,436.921367915637,3.67319011331006
302.941117475965,138.05593602017,3.8788112674426
532.81895869161,460.26780267962,3.63744786891132
40.0971994354817,422.013228126964,4.0429943943087
197.073442014611,296.004281092061,3.74810367523626
553.411661929881,273.758101809751,3.72233897005902
174.869757703665,39.5974569389683,4.34669733284028
506.365511612857,350.855793488209,4.52855291353672
32.926468455514,52.4333336919392,3.57160793170163
518.690050707452,139.917252250956,4.62488001651037
NA,NA,NA
664.462082819139,337.090466262109,3.49624218031428
456.93472065873,296.512013047394,3.45000540668499
11.5382776863931,496.533111361674,3.63003390395638
563.462975295371,54.4266324057871,4.2245872120788
75.5318135029603,374.610098015125,4.11334950392317
230.819307818578,414.039090318171,3.93011997124332
428.506838239044,12.25140989569,3.20698930214364
358.544993532724,294.887210869258,2.917732293751
601.860043518418,105.7674133678,4.2288927362153
391.271468724676,231.989570963412,4.05033828722406
567.682701966642,411.021578813911,4.69980599397597
138.55772802054,284.733309481993,4.66150509829348
198.207128014222,368.869844218,3.90509338750567
126.476732874423,409.262608825229,3.32949691052282
628.512179222723,309.52077022776,4.62433337104169
7.06147912326812,147.941989228417,4.25829005601602
538.979040874873,200.034936818415,4.1471071820578
33.4099261115683,490.575244600318,3.17474681983067
281.182408773738,29.1540513709739,3.85389338321531
532.939067884438,394.221694797343,3.38539755664626
71.4796843431283,83.4683793140203,5.2158973554774
5.86691368462525,72.955234114097,3.53883226435659
591.476908705329,225.316017654535,3.9187778301443
435.650682922451,462.668556265833,4.7438154268856
658.786301683437,371.596537727434,3.06198389409283
110.360766168145,484.205774148511,4.31788477866724
626.670591442096,84.3429487078904,4.13207528770223
422.225248134915,258.358143863819,3.60383069842021
12.0077559070994,180.62151168951,3.26244511152009
75.2835346912299,113.072530035884,4.39952188300824
610.402003008338,188.373631133959,4.6403736309118
247.953693857215,223.144947391256,3.8303165897793
573.487892028406,436.921367915637,3.67319011331006
302.941117475965,138.05593602017,3.8788112674426
532.81895869161,460.26780267962,3.63744786891132
40.0971994354817,422.013228126964,4.0429943943087
197.073442014611,296.004281092061,3.74810367523626
553.411661929881,273.758101809751,3.72233897005902
174.869757703665,39.5974569389683,4.34669733284028
506.365511612857,350.855793488209,4.52855291353672
32.926468455514,52.4333336919392,3.57160793170163
518.690050707452,139.917252250956,4.62488001651037
NA,NA,NA
664.462082819139,337.090466262109,3.49624218031428
456.93472065873,296.512013047394,3.45000540668499
11.5382776863931,496.533111361674,3.63003390395638
563.462975295371,54.4266324057871,4.2245872120788
75.5318135029603,374.610098015125,4.11334950392317
230.819307818578,414.039090318171,3.93011997124332
428.506838239044,12.25140989569,3.20698930214364
358.544993532724,294.887210869258,2.917732293751
601.860043518418,105.7674133678,4.2288927362153
391.271468724676,231.989570963412,4.05033828722406
567.682701966642,411.021578813911,4.69980599397597
138.55772802054,284.733309481993,4.66150509829348
198.207128014222,368.869844218,3.90509338750567
126.476732874423,409.262608825229,3.32949691052282
628.512179222723,309.52077022776,4.62433337104169
7.06147912326812,147.941989228417,4.25829005601602
538.979040874873,200.034936818415,4.1471071820578
33.4099261115683,490.575244600318,3.17474681983067
281.182408773738,29.1540513709739,3.85389338321531
532.939067884438,394.221694797343,3.38539755664626
71.4796843431283,83.4683793140203,5.2158973554774
5.86691368462525,72.955234114097,3.53883226435659
591.476908705329,225.316017654535,3.9187778301443
435.650682922451,462.668556265833,4.7438154268856
658.786301683437,371.596537727434,3.06198389409283
110.360766168145,484.205774148511,4.31788477866724
626.670591442096,84.3429487078904,4.13207528770223
422.225248134915,258.358143863819,3.60383069842021
12.0077559070994,180.62151168951,3.26244511152009
75.2835346912299,113.072530035884,4.39952188300824
610.402003008338,188.373631133959,4.6403736309118
247.953693857215,223.144947391256,3.8303165897793
573.487892028406,436.921367915637,3.67319011331006
302.941117475965,138.05593602017,3.8788112674426
532.81895869161,460.26780267962,3.63744786891132
40.0971994354817,422.013228126964,4.0429943943087
197.073442014611,296.004281092061,3.74810367523626
553.411661929881,273.758101809751,3.72233897005902
174.869757703665,39.5974569389683,4.34669733284028
506.365511612857,350.855793488209,4.52855291353672
32.926468455514,52.4333336919392,3.57160793170163
518.690050707452,139.917252250956,4.62488001651037
NA,NA,NA
664.462082819139,337.090466262109,3.49624218031428
456.93472065873,296.512013047394,3.45000540668499
11.5382776863931,496.533111361674,3.63003390395638
563.462975295371,54.4266324057871,4.2245872120788
75.5318135029603,374.610098015125,4.11334950392317
230.819307818578,414.039090318171,3.93011997124332
428.506838239044,12.25140989569,3.20698930214364
358.544993532724,294.887210869258,2.917732293751
601.860043518418,105.7674133678,4.2288927362153
391.271468724676,231.989570963412,4.05033828722406
567.682701966642,411.021578813911,4.69980599397597
138.55772802054,284.733309481993,4.66150509829348
198.207128014222,368.869844218,3.90509338750567
126.476732874423,409.262608825229,3.32949691052282
628.512179222723,309.52077022776,4.62433337104169
7.06147912326812,147.941989228417,4.25829005601602
538.979040874873,200.034936818415,4.1471071820578
33.4099261115683,490.575244600318,3.17474681983067
281.182408773738,29.1540513709739,3.85389338321531
532.939067884438,394.221694797343,3.38539755664626
71.4796843431283,83.4683793140203,5.2158973554774
5.86691368462525,72.955234114097,3.53883226435659
591.476908705329,225.316017654535,3.9187778301443
435.650682922451,462.668556265833,4.7438154268856
658.786301683437,371.596537727434,3.06198389409283
110.360766168145,484.205774148511,4.31788477866724
626.670591442096,84.3429487078904,4.13207528770223
422.225248134915,258.358143863819,3.60383069842021
12.0077559070994,180.62151168951,3.26244511152009
75.2835346912299,113.072530035884,4.39952188300824
610.402003008338,188.373631133959,4.6403736309118
247.953693857215,223.144947391256,3.8303165897793
573.487892028406,436.921367915637,3.67319011331006
302.941117475965,138.05593602017,3.8788112674426
532.81895869161,460.26780267962,3.63744786891132
40.0971994354817,422.013228126964,4.0429943943087
197.073442014611,296.004281092061,3.74810367523626
553.411661929881,273.758101809751,3.72233897005902
174.869757703665,39.5974569389683,4.34669733284028
506.365511612857,350.855793488209,4.52855291353672
32.926468455514,52.4333336919392,3.57160793170163
518.690050707452,139.917252250956,4.62488001651037
NA,NA,NA
664.462082819139,337.090466262109,3.49624218031428
456.93472065873,296.512013047394,3.45000540668499
11.5382776863931,496.533111361674,3.63003390395638
563.462975295371,54.4266324057871,4.2245872120788
75.5318135029603,374.610098015125,4.11334950392317
230.819307818578,414.039090318171,3.93011997124332
428.506838239044,12.25140989569,3.20698930214364
358.544993532724,294.887210869258,2.917732293751
601.860043518418,105.7674133678,4.2288927362153
391.271468724676,231.989570963412,4.05033828722406
567.682701966642,411.021578813911,4.69980599397597
138.55772802054,284.733309481993,4.66150509829348
198.207128014222,368.869844218,3.90509338750567
126.476732874423,409.262608825229,3.32949691052282
628.512179222723,309.52077022776,4.62433337104169
7.06147912326812,147.941989228417,4.25829005601602
538.979040874873,200.034936818415,4.1471071820578
33.4099261115683,490.575244600318,3.17474681983067
281.182408773738,29.1540513709739,3.85389338321531
532.939067884438,394.221694797343,3.38539755664626
71.4796843431283,83.4683793140203,5.2158973554774
5.86691368462525,72.955234114097,3.53883226435659
591.476908705329,225.316017654535,3.9187778301443
435.650682922451,462.668556265833,4.7438154268856
658.786301683437,371.596537727434,3.06198389409283
110.360766168145,484.205774148511,4.31788477866724
626.670591442096,84.3429487078904,4.13207528770223
422.225248134915,258.358143863819,3.60383069842021
12.0077559070994,180.62151168951,3.26244511152009
75.2835346912299,113.072530035884,4.39952188300824
610.402003008338,188.373631133959,4.6403736309118
247.953693857215,223.144947391256,3.8303165897793
573.487892028406,436.921367915637,3.67319011331006
302.941117475965,138.05593602017,3.8788112674426
532.81895869161,460.26780267962,3.63744786891132
40.0971994354817,422.013228126964,4.0429943943087
197.073442014611,296.004281092061,3.74810367523626
553.411661929881,273.758101809751,3.72233897005902
174.869757703665,39.5974569389683,4.34669733284028
506.365511612857,350.855793488209,4.52855291353672
32.926468455514,52.4333336919392,3.57160793170163
518.690050707452,139.917252250956,4.62488001651037
NA,NA,NA
661.041028232397,335.857382333682,3.46877578567673
460.02305910131,299.462863733881,3.44879143029179
11.8093507752581,496.573185407274,3.53989555356877
560.203286282614,48.864275189619,4.16882956864829
68.430796115442,380.855615738171,3.91563575570375
226.679990034048,415.973150772852,3.88187971356373
426.193771307099,12.7541414538691,3.32707651210131
361.70797128559,289.902373836527,2.94083930103781
606.360979391768,103.813956563969,4.20194312003247
391.540954123642,228.69114246668,4.23592292433761
575.571954230824,407.772348050689,4.69708721980541
141.538021423144,279.639404830118,4.73812676246795
197.505406594702,367.092666308085,4.06721058775486
127.781484188677,410.030798135651,3.28873890397536
624.688422928682,311.400099365606,4.53254513025148
2.99407216608927,147.170740699247,4.33479420234546
543.800994195197,204.130016063614,4.19129878653374
33.5355555753828,490.736315833864,3.0634290229025
278.418989067689,21.4043757139807,3.98452687241108
529.525535659818,391.225926798939,3.40756225724597
77.9577613917706,75.2336023742077,5.24264411813199
2.06035419679738,73.7769405482723,3.44490581940125
583.025056291333,228.310279004,4.00480143232743
442.060271131276,462.4580564146,4.81552040808816
659.103924149273,373.249910345221,3.06846766916939
104.072274384258,487.900020510864,4.40107848140606
627.46532788895,87.3789549140472,4.06613343917594
423.503945506365,257.830691644806,3.69807305499344
12.9784666537035,184.566854428768,3.27553614762223
75.3676983957464,113.470386450954,4.57083872469126
610.740180618562,197.796879215582,3.99533316904043
254.195227622545,223.818911602812,3.88553725304851
573.562330625344,432.292302367572,3.69881437063324
305.918021778994,136.563459417847,3.73074764038811
533.564479338357,457.165764654418,3.38904444274798
45.9428510927678,415.79798429127,3.81108047863799
190.309527911044,283.485735066308,3.79143621994167
553.584294942426,266.079621593796,3.8693660730227
166.115672167742,20.8245025085348,4.16561527502312
513.525191047751,342.847944564241,4.35539560511975
36.7107632338421,58.8838129478247,3.85511584337886
525.371017087495,147.985636083396,4.85059688840845
NA,NA,NA
661.041028232397,335.857382333682,3.46877578567673
460.02305910131,299.462863733881,3.44879143029179
11.8093507752581,496.573185407274,3.53989555356877
560.203286282614,48.864275189619,4.16882956864829
68.430796115442,380.855615738171,3.91563575570375
226.679990034048,415.973150772852,3.88187971356373
426.193771307099,12.7541414538691,3.32707651210131
361.70797128559,289.902373836527,2.94083930103781
606.360979391768,103.813956563969,4.20194312003247
391.540954123642,228.69114246668,4.23592292433761
575.571954230824,407.772348050689,4.69708721980541
141.538021423144,279.639404830118,4.73812676246795
197.505406594702,367.092666308085,4.06721058775486
127.781484188677,410.030798135651,3.28873890397536
624.688422928682,311.400099365606,4.53254513025148
2.99407216608927,147.170740699247,4.33479420234546
543.800994195197,204.130016063614,4.19129878653374
33.5355555753828,490.736315833864,3.0634290229025
278.418989067689,21.4043757139807,3.98452687241108
529.525535659818,391.225926798939,3.40756225724597
77.9577613917706,75.2336023742077,5.24264411813199
2.06035419679738,73.7769405482723,3.44490581940125
583.025056291333,228.310279004,4.00480143232743
442.060271131276,462.4580564146,4.81552040808816
659.103924149273,373.249910345221,3.06846766916939
104.072274384258,487.900020510864,4.40107848140606
627.46532788895,87.3789549140472,4.06613343917594
423.503945506365,257.830691644806,3.69807305499344
12.9784666537035,184.566854428768,3.27553614762223
75.3676983957464,113.470386450954,4.57083872469126
610.740180618562,197.796879215582,3.99533316904043
254.195227622545,223.818911602812,3.88553725304851
573.562330625344,432.292302367572,3.69881437063324
305.918021778994,136.563459417847,3.73074764038811
533.564479338357,457.165764654418,3.38904444274798
45.9428510927678,415.79798429127,3.81108047863799
190.309527911044,283.485735066308,3.79143621994167
553.584294942426,266.079621593796,3.8693660730227
166.115672167742,20.8245025085348,4.16561527502312
513.525191047751,342.847944564241,4.35539560511975
36.7107632338421,58.8838129478247,3.85511584337886
525.371017087495,147.985636083396,4.85059688840845
NA,NA,NA
661.041028232397,335.857382333682,3.46877578567673
460.02305910131,299.462863733881,3.44879143029179
11.8093507752581,496.573185407274,3.53989555356877
560.203286282614,48.864275189619,4.16882956864829
68.430796115442,380.855615738171,3.91563575570375
226.679990034048,415.973150772852,3.88187971356373
426.193771307099,12.7541414538691,3.32707651210131
361.70797128559,289.902373836527,2.94083930103781
606.360979391768,103.813956563969,4.20194312003247
391.540954123642,228.69114246668,4.23592292433761
575.571954230824,407.772348050689,4.69708721980541
141.538021423144,279.639404830118,4.73812676246795
197.505406594702,367.092666308085,4.06721058775486
127.781484188677,410.030798135651,3.28873890397536
624.688422928682,311.400099365606,4.53254513025148
2.99407216608927,147.170740699247,4.33479420234546
543.800994195197,204.130016063614,4.19129878653374
33.5355555753828,490.736315833864,3.0634290229025
278.418989067689,21.4043757139807,3.98452687241108
529.525535659818,391.225926798939,3.40756225724597
77.9577613917706,75.2336023742077,5.24264411813199
2.06035419679738,73.7769405482723,3.44490581940125
583.025056291333,228.310279004,4.00480143232743
442.060271131276,462.4580564146,4.81552040808816
659.103924149273,373.249910345221,3.06846766916939
104.072274384258,487.900020510864,4.40107848140606
627.46532788895,87.3789549140472,4.06613343917594
423.503945506365,257.830691644806,3.69807305499344
12.9784666537035,184.566854428768,3.27553614762223
75.3676983957464,113.470386450954,4.57083872469126
610.740180618562,197.796879215582,3.99533316904043
254.195227622545,223.818911602812,3.88553725304851
573.562330625344,432.292302367572,3.69881437063324
305.918021778994,136.563459417847,3.73074764038811
533.564479338357,457.165764654418,3.38904444274798
45.9428510927678,415.79798429127,3.81108047863799
190.309527911044,283.485735066308,3.79143621994167
553.584294942426,266.079621593796,3.8693660730227
166.115672167742,20.8245025085348,4.16561527502312
513.525191047751,342.847944564241,4.35539560511975
36.7107632338421,58.8838129478247,3.85511584337886
525.371017087495,147.985636083396,4.85059688840845
NA,NA,NA
661.041028232397,335.857382333682,3.46877578567673
460.02305910131,299.462863733881,3.44879143029179
11.8093507752581,496.573185407274,3.53989555356877
560.203286282614,48.864275189619,4.16882956864829
68.430796115442,380.855615738171,3.91563575570375
226.679990034048,415.973150772852,3.88187971356373
426.193771307099,12.7541414538691,3.32707651210131
361.70797128559,289.902373836527,2.94083930103781
606.360979391768,103.813956563969,4.20194312003247
391.540954123642,228.69114246668,4.23592292433761
575.571954230824,407.772348050689,4.69708721980541
141.538021423144,279.639404830118,4.73812676246795
197.505406594702,367.092666308085,4.06721058775486
127.781484188677,410.030798135651,3.28873890397536
624.688422928682,311.400099365606,4.53254513025148
2.99407216608927,147.170740699247,4.33479420234546
543.800994195197,204.130016063614,4.19129878653374
33.5355555753828,490.736315833864,3.0634290229025
278.418989067689,21.4043757139807,3.98452687241108
529.525535659818,391.225926798939,3.40756225724597
77.9577613917706,75.2336023742077,5.24264411813199
2.06035419679738,73.7769405482723,3.44490581940125
583.025056291333,228.310279004,4.00480143232743
442.060271131276,462.4580564146,4.81552040808816
659.103924149273,373.249910345221,3.06846766916939
104.072274384258,487.900020510864,4.40107848140606
627.46532788895,87.3789549140472,4.06613343917594
423.503945506365,257.830691644806,3.69807305499344
12.9784666537035,184.566854428768,3.27553614762223
75.3676983957464,113.470386450954,4.57083872469126
610.740180618562,197.796879215582,3.99533316904043
254.195227622545,223.818911602812,3.88553725304851
573.562330625344,432.292302367572,3.69881437063324
305.918021778994,136.563459417847,3.73074764038811
533.564479338357,457.165764654418,3.38904444274798
45.9428510927678,415.79798429127,3.81108047863799
190.309527911044,283.485735066308,3.79143621994167
553.584294942426,266.079621593796,3.8693660730227
166.115672167742,20.8245025085348,4.16561527502312
513.525191047751,342.847944564241,4.35539560511975
36.7107632338421,58.8838129478247,3.85511584337886
525.371017087495,147.985636083396,4.85059688840845
NA,NA,NA
661.041028232397,335.857382333682,3.46877578567673
460.02305910131,299.462863733881,3.44879143029179
11.8093507752581,496.573185407274,3.53989555356877
560.203286282614,48.864275189619,4.16882956864829
68.430796115442,380.855615738171,3.91563575570375
226.679990034048,415.973150772852,3.88187971356373
426.193771307099,12.7541414538691,3.32707651210131
361.70797128559,289.902373836527,2.94083930103781
606.360979391768,103.813956563969,4.20194312003247
391.540954123642,228.69114246668,4.23592292433761
575.571954230824,407.772348050689,4.69708721980541
141.538021423144,279.639404830118,4.73812676246795
197.505406594702,367.092666308085,4.06721058775486
127.781484188677,410.030798135651,3.28873890397536
624.688422928682,311.400099365606,4.53254513025148
2.99407216608927,147.170740699247,4.33479420234546
543.800994195197,204.130016063614,4.19129878653374
33.5355555753828,490.736315833864,3.0634290229025
278.418989067689,21.4043757139807,3.98452687241108
529.525535659818,391.225926798939,3.40756225724597
77.9577613917706,75.2336023742077,5.24264411813199
2.06035419679738,73.7769405482723,3.44490581940125
583.025056291333,228.310279004,4.00480143232743
442.060271131276,462.4580564146,4.81552040808816
659.103924149273,373.249910345221,3.06846766916939
104.072274384258,487.900020510864,4.40107848140606
627.46532788895,87.3789549140472,4.06613343917594
423.503945506365,257.830691644806,3.69807305499344
12.9784666537035,184.566854428768,3.27553614762223
75.3676983957464,113.470386450954,4.57083872469126
610.740180618562,197.796879215582,3.99533316904043
254.195227622545,223.818911602812,3.88553725304851
573.562330625344,432.292302367572,3.69881437063324
305.918021778994,136.563459417847,3.73074764038811
533.564479338357,457.165764654418,3.38904444274798
45.9428510927678,415.79798429127,3.81108047863799
190.309527911044,283.485735066308,3.79143621994167
553.584294942426,266.079621593796,3.8693660730227
166.115672167742,20.8245025085348,4.16561527502312
513.525191047751,342.847944564241,4.35539560511975
36.7107632338421,58.8838129478247,3.85511584337886
525.371017087495,147.985636083396,4.85059688840845
NA,NA,NA
661.041028232397,335.857382333682,3.46877578567673
460.02305910131,299.462863733881,3.44879143029179
11.8093507752581,496.573185407274,3.53989555356877
560.203286282614,48.864275189619,4.16882956864829
68.430796115442,380.855615738171,3.91563575570375
226.679990034048,415.973150772852,3.88187971356373
426.193771307099,12.7541414538691,3.32707651210131
361.70797128559,289.902373836527,2.94083930103781
606.360979391768,103.813956563969,4.20194312003247
391.540954123642,228.69114246668,4.23592292433761
575.571954230824,407.772348050689,4.69708721980541
141.538021423144,279.639404830118,4.73812676246795
197.505406594702,367.092666308085,4.06721058775486
127.781484188677,410.030798135651,3.28873890397536
624.688422928682,311.400099365606,4.53254513025148
2.99407216608927,147.170740699247,4.33479420234546
543.800994195197,204.130016063614,4.19129878653374
33.5355555753828,490.736315833864,3.0634290229025
278.418989067689,21.4043757139807,3.98452687241108
529.525535659818,391.225926798939,3.40756225724597
77.9577613917706,75.2336023742077,5.24264411813199
2.06035419679738,73.7769405482723,3.44490581940125
583.025056291333,228.310279004,4.00480143232743
442.060271131276,462.4580564146,4.81552040808816
659.103924149273,373.249910345221,3.06846766916939
104.072274384258,487.900020510864,4.40107848140606
627.46532788895,87.3789549140472,4.06613343917594
423.503945506365,257.830691644806,3.69807305499344
12.9784666537035,184.566854428768,3.27553614762223
75.3676983957464,113.470386450954,4.57083872469126
610.740180618562,197.796879215582,3.99533316904043
254.195227622545,223.818911602812,3.88553725304851
573.562330625344,432.292302367572,3.69881437063324
305.918021778994,136.563459417847,3.73074764038811
533.564479338357,457.165764654418,3.38904444274798
45.9428510927678,415.79798429127,3.81108047863799
190.309527911044,283.485735066308,3.79143621994167
553.584294942426,266.079621593796,3.8693660730227
166.115672167742,20.8245025085348,4.16561527502312
513.525191047751,342.847944564241,4.35539560511975
36.7107632338421,58.8838129478247,3.85511584337886
525.371017087495,147.985636083396,4.85059688840845
NA,NA,NA
663.106291026641,335.256458791007,3.56845472223151
452.474773997323,293.511605961627,3.68831817528636
12.1236747975307,499.870734937869,3.61363073120148
559.591395127043,54.581972868468,4.21324352259339
68.2646164759484,377.572992702731,4.01838166267528
228.637475689086,406.629590679352,3.88494721334726
427.241151671442,12.1169545655391,3.24533151454909
360.976901415095,290.724083796935,3.05229700257483
603.587748345029,105.130957513253,4.29767043377232
395.825232201729,234.67221158737,4.29022642329159
566.366916864919,401.588242235738,4.69181790314466
143.344515079434,282.274501380558,4.52357643122607
199.216026993374,367.545141248332,3.8860095958538
128.771741845025,412.614532407531,3.46760400031995
624.296431940097,310.382631452292,4.59881282789903
2.47944570605323,150.340163045007,4.19606454018893
541.027783218702,202.546131819051,4.15000933039498
33.1848134990602,492.422262110706,2.95865759996313
279.055207029937,22.6736409158654,3.8753045688156
531.800054422269,391.963890246022,3.4507424355056
69.7225166089009,74.4426561545987,5.19699525529774
7.00016975958362,78.9547452729971,3.50615837385519
590.76980411997,224.422192194079,3.99787217547149
438.374677375864,455.278620154022,4.73126081166818
659.817378456734,374.143768361955,3.04136002024377
106.549405545069,488.10382632456,4.27974318681475
623.821936872948,91.0077554100477,4.05366811472096
421.93163142678,262.756174590388,3.62660459790446
10.8749814730004,180.752343584001,3.19635616197779
58.5796422298701,109.684134536159,4.41944506652311
606.27876051209,202.206822317124,3.89705118276399
259.294241245359,233.158855923683,3.48511924465803
576.908371432371,438.17991764758,3.81393928402696
295.920724471438,137.716483844901,3.75795729807366
529.467842335283,462.407810252603,3.68686411863084
48.1952144193964,412.466223955206,3.73575995228302
207.19192317959,302.70277022788,3.8598409980138
556.273515082874,265.144360824746,3.60640141357191
163.415800613856,32.8480576444416,4.50818723565413
504.854191696316,346.120275401096,4.72599541605229
42.8535776619318,50.9553460102465,3.80041914411537
550.144893849038,159.3800129918,4.49274090375808
NA,NA,NA
663.106291026641,335.256458791007,3.56845472223151
452.474773997323,293.511605961627,3.68831817528636
12.1236747975307,499.870734937869,3.61363073120148
559.591395127043,54.581972868468,4.21324352259339
68.2646164759484,377.572992702731,4.01838166267528
228.637475689086,406.629590679352,3.88494721334726
427.241151671442,12.1169545655391,3.24533151454909
360.976901415095,290.724083796935,3.05229700257483
603.587748345029,105.130957513253,4.29767043377232
395.825232201729,234.67221158737,4.29022642329159
566.366916864919,401.588242235738,4.69181790314466
143.344515079434,282.274501380558,4.52357643122607
199.216026993374,367.545141248332,3.8860095958538
128.771741845025,412.614532407531,3.46760400031995
624.296431940097,310.382631452292,4.59881282789903
2.47944570605323,150.340163045007,4.19606454018893
541.027783218702,202.546131819051,4.15000933039498
33.1848134990602,492.422262110706,2.95865759996313
279.055207029937,22.6736409158654,3.8753045688156
531.800054422269,391.963890246022,3.4507424355056
69.7225166089009,74.4426561545987,5.19699525529774
7.00016975958362,78.9547452729971,3.50615837385519
590.76980411997,224.422192194079,3.99787217547149
438.374677375864,455.278620154022,4.73126081166818
659.817378456734,374.143768361955,3.04136002024377
106.549405545069,488.10382632456,4.27974318681475
623.821936872948,91.0077554100477,4.05366811472096
421.93163142678,262.756174590388,3.62660459790446
10.8749814730004,180.752343584001,3.19635616197779
58.5796422298701,109.684134536159,4.41944506652311
606.27876051209,202.206822317124,3.89705118276399
259.294241245359,233.158855923683,3.48511924465803
576.908371432371,438.17991764758,3.81393928402696
295.920724471438,137.716483844901,3.75795729807366
529.467842335283,462.407810252603,3.68686411863084
48.1952144193964,412.466223955206,3.73575995228302
207.19192317959,302.70277022788,3.8598409980138
556.273515082874,265.144360824746,3.60640141357191
163.415800613856,32.8480576444416,4.50818723565413
504.854191696316,346.120275401096,4.72599541605229
42.8535776619318,50.9553460102465,3.80041914411537
550.144893849038,159.3800129918,4.49274090375808
NA,NA,NA
663.106291026641,335.256458791007,3.56845472223151
452.474773997323,293.511605961627,3.68831817528636
12.1236747975307,499.870734937869,3.61363073120148
559.591395127043,54.581972868468,4.21324352259339
68.2646164759484,377.572992702731,4.01838166267528
228.637475689086,406.629590679352,3.88494721334726
427.241151671442,12.1169545655391,3.24533151454909
360.976901415095,290.724083796935,3.05229700257483
603.587748345029,105.130957513253,4.29767043377232
395.825232201729,234.67221158737,4.29022642329159
566.366916864919,401.588242235738,4.69181790314466
143.344515079434,282.274501380558,4.52357643122607
199.216026993374,367.545141248332,3.8860095958538
128.771741845025,412.614532407531,3.46760400031995
624.296431940097,310.382631452292,4.59881282789903
2.47944570605323,150.340163045007,4.19606454018893
541.027783218702,202.546131819051,4.15000933039498
33.1848134990602,492.422262110706,2.95865759996313
279.055207029937,22.6736409158654,3.8753045688156
531.800054422269,391.963890246022,3.4507424355056
69.7225166089009,74.4426561545987,5.19699525529774
7.00016975958362,78.9547452729971,3.50615837385519
590.76980411997,224.422192194079,3.99787217547149
438.374677375864,455.278620154022,4.73126081166818
659.817378456734,374.143768361955,3.04136002024377
106.549405545069,488.10382632456,4.27974318681475
623.821936872948,91.0077554100477,4.05366811472096
421.93163142678,262.756174590388,3.62660459790446
10.8749814730004,180.752343584001,3.19635616197779
58.5796422298701,109.684134536159,4.41944506652311
606.27876051209,202.206822317124,3.89705118276399
259.294241245359,233.158855923683,3.48511924465803
576.908371432371,438.17991764758,3.81393928402696
295.920724471438,137.716483844901,3.75795729807366
529.467842335283,462.407810252603,3.68686411863084
48.1952144193964,412.466223955206,3.73575995228302
207.19192317959,302.70277022788,3.8598409980138
556.273515082874,265.144360824746,3.60640141357191
163.415800613856,32.8480576444416,4.50818723565413
504.854191696316,346.120275401096,4.72599541605229
42.8535776619318,50.9553460102465,3.80041914411537
550.144893849038,159.3800129918,4.49274090375808
NA,NA,NA
663.106291026641,335.256458791007,3.56845472223151
452.474773997323,293.511605961627,3.68831817528636
12.1236747975307,499.870734937869,3.61363073120148
559.591395127043,54.581972868468,4.21324352259339
68.2646164759484,377.572992702731,4.01838166267528
228.637475689086,406.629590679352,3.88494721334726
427.241151671442,12.1169545655391,3.24533151454909
360.976901415095,290.724083796935,3.05229700257483
603.587748345029,105.130957513253,4.29767043377232
395.825232201729,234.67221158737,4.29022642329159
566.366916864919,401.588242235738,4.69181790314466
143.344515079434,282.274501380558,4.52357643122607
199.216026993374,367.545141248332,3.8860095958538
128.771741845025,412.614532407531,3.46760400031995
624.296431940097,310.382631452292,4.59881282789903
2.47944570605323,150.340163045007,4.19606454018893
541.027783218702,202.546131819051,4.15000933039498
33.1848134990602,492.422262110706,2.95865759996313
279.055207029937,22.6736409158654,3.8753045688156
531.800054422269,391.963890246022,3.4507424355056
69.7225166089009,74.4426561545987,5.19699525529774
7.00016975958362,78.9547452729971,3.50615837385519
590.76980411997,224.422192194079,3.99787217547149
438.374677375864,455.278620154022,4.73126081166818
659.817378456734,374.143768361955,3.04136002024377
106.549405545069,488.10382632456,4.27974318681475
623.821936872948,91.0077554100477,4.05366811472096
421.93163142678,262.756174590388,3.62660459790446
10.8749814730004,180.752343584001,3.19635616197779
58.5796422298701,109.684134536159,4.41944506652311
606.27876051209,202.206822317124,3.89705118276399
259.294241245359,233.158855923683,3.48511924465803
576.908371432371,438.17991764758,3.81393928402696
295.920724471438,137.716483844901,3.75795729807366
529.467842335283,462.407810252603,3.68686411863084
48.1952144193964,412.466223955206,3.73575995228302
207.19192317959,302.70277022788,3.8598409980138
556.273515082874,265.144360824746,3.60640141357191
163.415800613856,32.8480576444416,4.50818723565413
504.854191696316,346.120275401096,4.72599541605229
42.8535776619318,50.9553460102465,3.80041914411537
550.144893849038,159.3800129918,4.49274090375808
NA,NA,NA
663.106291026641,335.256458791007,3.56845472223151
452.474773997323,293.511605961627,3.68831817528636
12.1236747975307,499.870734937869,3.61363073120148
559.591395127043,54.581972868468,4.21324352259339
68.2646164759484,377.572992702731,4.01838166267528
228.637475689086,406.629590679352,3.88494721334726
427.241151671442,12.1169545655391,3.24533151454909
360.976901415095,290.724083796935,3.05229700257483
603.587748345029,105.130957513253,4.29767043377232
395.825232201729,234.67221158737,4.29022642329159
566.366916864919,401.588242235738,4.69181790314466
143.344515079434,282.274501380558,4.52357643122607
199.216026993374,367.545141248332,3.8860095958538
128.771741845025,412.614532407531,3.46760400031995
624.296431940097,310.382631452292,4.59881282789903
2.47944570605323,150.340163045007,4.19606454018893
541.027783218702,202.546131819051,4.15000933039498
33.1848134990602,492.422262110706,2.95865759996313
279.055207029937,22.6736409158654,3.8753045688156
531.800054422269,391.963890246022,3.4507424355056
69.7225166089009,74.4426561545987,5.19699525529774
7.00016975958362,78.9547452729971,3.50615837385519
590.76980411997,224.422192194079,3.99787217547149
438.374677375864,455.278620154022,4.73126081166818
659.817378456734,374.143768361955,3.04136002024377
106.549405545069,488.10382632456,4.27974318681475
623.821936872948,91.0077554100477,4.05366811472096
421.93163142678,262.756174590388,3.62660459790446
10.8749814730004,180.752343584001,3.19635616197779
58.5796422298701,109.684134536159,4.41944506652311
606.27876051209,202.206822317124,3.89705118276399
259.294241245359,233.158855923683,3.48511924465803
576.908371432371,438.17991764758,3.81393928402696
295.920724471438,137.716483844901,3.75795729807366
529.467842335283,462.407810252603,3.68686411863084
48.1952144193964,412.466223955206,3.73575995228302
207.19192317959,302.70277022788,3.8598409980138
556.273515082874,265.144360824746,3.60640141357191
163.415800613856,32.8480576444416,4.50818723565413
504.854191696316,346.120275401096,4.72599541605229
42.8535776619318,50.9553460102465,3.80041914411537
550.144893849038,159.3800129918,4.49274090375808
NA,NA,NA
663.106291026641,335.256458791007,3.56845472223151
452.474773997323,293.511605961627,3.68831817528636
12.1236747975307,499.870734937869,3.61363073120148
559.591395127043,54.581972868468,4.21324352259339
68.2646164759484,377.572992702731,4.01838166267528
228.637475689086,406.629590679352,3.88494721334726
427.241151671442,12.1169545655391,3.24533151454909
360.976901415095,290.724083796935,3.05229700257483
603.587748345029,105.130957513253,4.29767043377232
395.825232201729,234.67221158737,4.29022642329159
566.366916864919,401.588242235738,4.69181790314466
143.344515079434,282.274501380558,4.52357643122607
199.216026993374,367.545141248332,3.8860095958538
128.771741845025,412.614532407531,3.46760400031995
624.296431940097,310.382631452292,4.59881282789903
2.47944570605323,150.340163045007,4.19606454018893
541.027783218702,202.546131819051,4.15000933039498
33.1848134990602,492.422262110706,2.95865759996313
279.055207029937,22.6736409158654,3.8753045688156
531.800054422269,391.963890246022,3.4507424355056
69.7225166089009,74.4426561545987,5.19699525529774
7.00016975958362,78.9547452729971,3.50615837385519
590.76980411997,224.422192194079,3.99787217547149
438.374677375864,455.278620154022,4.73126081166818
659.817378456734,374.143768361955,3.04136002024377
106.549405545069,488.10382632456,4.27974318681475
623.821936872948,91.0077554100477,4.05366811472096
421.93163142678,262.756174590388,3.62660459790446
10.8749814730004,180.752343584001,3.19635616197779
58.5796422298701,109.684134536159,4.41944506652311
606.27876051209,202.206822317124,3.89705118276399
259.294241245359,233.158855923683,3.48511924465803
576.908371432371,438.17991764758,3.81393928402696
295.920724471438,137.716483844901,3.75795729807366
529.467842335283,462.407810252603,3.68686411863084
48.1952144193964,412.466223955206,3.73575995228302
207.19192317959,302.70277022788,3.8598409980138
556.273515082874,265.144360824746,3.60640141357191
163.415800613856,32.8480576444416,4.50818723565413
504.854191696316,346.120275401096,4.72599541605229
42.8535776619318,50.9553460102465,3.80041914411537
550.144893849038,159.3800129918,4.49274090375808
NA,NA,NA
666.222702124974,336.11604194621,3.57753582400447
457.267322609791,301.009849550253,3.63567960033053
8.19884657879575,491.115578987459,3.60557049003502
565.726778541556,52.4233719093442,4.17037160883711
74.4489084445494,375.399965640201,4.04896629938275
226.650524885774,416.990523811012,3.93299236480071
429.260125296288,13.0496743425036,3.26345664289624
363.561896809355,294.81885507821,2.98618356172124
605.637296141877,98.9733146246195,4.15868059791381
391.098702227659,229.270307647938,4.18375296188881
560.190911041184,410.553388352131,4.77818489065817
144.775366191552,289.249868944954,4.46206593175138
198.567926466037,374.100120018605,4.02896126186592
123.002179329712,406.624616602288,3.4603880764993
625.595874924194,315.023836990225,4.60758245171657
4.56046386169992,149.312435580672,4.19957628801661
543.921503797511,204.870248463346,4.03953431690408
34.3402198430288,489.999898520995,3.00422426297919
283.417230603161,20.6808337887,3.71423103202608
533.034021506855,393.522368298994,3.50657575274826
77.1115758823842,82.425724435897,5.33714548337414
5.42190877898964,75.6555001139508,3.55782083051555
591.684000444475,225.992603014001,3.99052099044174
434.595349730152,456.75198720123,4.77704310428566
657.381201068409,375.387911662222,2.86357367807838
103.19213170937,491.82186370938,4.41767950394634
621.276700617998,95.4050129916969,4.11087744732004
420.256210311283,259.461253075478,3.58544408355788
11.8433506552961,181.188340064549,3.23268757798975
75.5762470814369,120.270070275895,4.39300472609159
617.523090184967,199.104847393318,4.22333455045462
252.57202458416,220.854051798474,3.68000204151516
570.46747895877,430.43235733473,3.88853098512205
297.885707937637,134.215089761019,3.8972787470638
525.199004419262,450.875506002033,3.61690126455661
41.5117767951193,422.127178820681,3.76117374677779
211.134235805941,289.492033083162,3.92097042449306
540.968759877504,269.716403835064,3.77355352817644
173.603649396131,22.2157361889786,4.38893224736755
500.097886953898,348.400901266061,4.3031574598442
37.7427145269146,58.2270872495794,4.09881201308243
540.255955057733,139.569594134565,4.29570501687571
NA,NA,NA
666.222702124974,336.11604194621,3.57753582400447
457.267322609791,301.009849550253,3.63567960033053
8.19884657879575,491.115578987459,3.60557049003502
565.726778541556,52.4233719093442,4.17037160883711
74.4489084445494,375.399965640201,4.04896629938275
226.650524885774,416.990523811012,3.93299236480071
429.260125296288,13.0496743425036,3.26345664289624
363.561896809355,294.81885507821,2.98618356172124
605.637296141877,98.9733146246195,4.15868059791381
391.098702227659,229.270307647938,4.18375296188881
560.190911041184,410.553388352131,4.77818489065817
144.775366191552,289.249868944954,4.46206593175138
198.567926466037,374.100120018605,4.02896126186592
123.002179329712,406.624616602288,3.4603880764993
625.595874924194,315.023836990225,4.60758245171657
4.56046386169992,149.312435580672,4.19957628801661
543.921503797511,204.870248463346,4.03953431690408
34.3402198430288,489.999898520995,3.00422426297919
283.417230603161,20.6808337887,3.71423103202608
533.034021506855,393.522368298994,3.50657575274826
77.1115758823842,82.425724435897,5.33714548337414
5.42190877898964,75.6555001139508,3.55782083051555
591.684000444475,225.992603014001,3.99052099044174
434.595349730152,456.75198720123,4.77704310428566
657.381201068409,375.387911662222,2.86357367807838
103.19213170937,491.82186370938,4.41767950394634
621.276700617998,95.4050129916969,4.11087744732004
420.256210311283,259.461253075478,3.58544408355788
11.8433506552961,181.188340064549,3.23268757798975
75.5762470814369,120.270070275895,4.39300472609159
617.523090184967,199.104847393318,4.22333455045462
252.57202458416,220.854051798474,3.68000204151516
570.46747895877,430.43235733473,3.88853098512205
297.885707937637,134.215089761019,3.8972787470638
525.199004419262,450.875506002033,3.61690126455661
41.5117767951193,422.127178820681,3.76117374677779
211.134235805941,289.492033083162,3.92097042449306
540.968759877504,269.716403835064,3.77355352817644
173.603649396131,22.2157361889786,4.38893224736755
500.097886953898,348.400901266061,4.3031574598442
37.7427145269146,58.2270872495794,4.09881201308243
540.255955057733,139.569594134565,4.29570501687571
NA,NA,NA
666.222702124974,336.11604194621,3.57753582400447
457.267322609791,301.009849550253,3.63567960033053
8.19884657879575,491.115578987459,3.60557049003502
565.726778541556,52.4233719093442,4.17037160883711
74.4489084445494,375.399965640201,4.04896629938275
226.650524885774,416.990523811012,3.93299236480071
429.260125296288,13.0496743425036,3.26345664289624
363.561896809355,294.81885507821,2.98618356172124
605.637296141877,98.9733146246195,4.15868059791381
391.098702227659,229.270307647938,4.18375296188881
560.190911041184,410.553388352131,4.77818489065817
144.775366191552,289.249868944954,4.46206593175138
198.567926466037,374.100120018605,4.02896126186592
123.002179329712,406.624616602288,3.4603880764993
625.595874924194,315.023836990225,4.60758245171657
4.56046386169992,149.312435580672,4.19957628801661
543.921503797511,204.870248463346,4.03953431690408
34.3402198430288,489.999898520995,3.00422426297919
283.417230603161,20.6808337887,3.71423103202608
533.034021506855,393.522368298994,3.50657575274826
77.1115758823842,82.425724435897,5.33714548337414
5.42190877898964,75.6555001139508,3.55782083051555
591.684000444475,225.992603014001,3.99052099044174
434.595349730152,456.75198720123,4.77704310428566
657.381201068409,375.387911662222,2.86357367807838
103.19213170937,491.82186370938,4.41767950394634
621.276700617998,95.4050129916969,4.11087744732004
420.256210311283,259.461253075478,3.58544408355788
11.8433506552961,181.188340064549,3.23268757798975
75.5762470814369,120.270070275895,4.39300472609159
617.523090184967,199.104847393318,4.22333455045462
252.57202458416,220.854051798474,3.68000204151516
570.46747895877,430.43235733473,3.88853098512205
297.885707937637,134.215089761019,3.8972787470638
525.199004419262,450.875506002033,3.61690126455661
41.5117767951193,422.127178820681,3.76117374677779
211.134235805941,289.492033083162,3.92097042449306
540.968759877504,269.716403835064,3.77355352817644
173.603649396131,22.2157361889786,4.38893224736755
500.097886953898,348.400901266061,4.3031574598442
37.7427145269146,58.2270872495794,4.09881201308243
540.255955057733,139.569594134565,4.29570501687571
NA,NA,NA
666.222702124974,336.11604194621,3.57753582400447
457.267322609791,301.009849550253,3.63567960033053
8.19884657879575,491.115578987459,3.60557049003502
565.726778541556,52.4233719093442,4.17037160883711
74.4489084445494,375.399965640201,4.04896629938275
226.650524885774,416.990523811012,3.93299236480071
429.260125296288,13.0496743425036,3.26345664289624
363.561896809355,294.81885507821,2.98618356172124
605.637296141877,98.9733146246195,4.15868059791381
391.098702227659,229.270307647938,4.18375296188881
560.190911041184,410.553388352131,4.77818489065817
144.775366191552,289.249868944954,4.46206593175138
198.567926466037,374.100120018605,4.02896126186592
123.002179329712,406.624616602288,3.4603880764993
625.595874924194,315.023836990225,4.60758245171657
4.56046386169992,149.312435580672,4.19957628801661
543.921503797511,204.870248463346,4.03953431690408
34.3402198430288,489.999898520995,3.00422426297919
283.417230603161,20.6808337887,3.71423103202608
533.034021506855,393.522368298994,3.50657575274826
77.1115758823842,82.425724435897,5.33714548337414
5.42190877898964,75.6555001139508,3.55782083051555
591.684000444475,225.992603014001,3.99052099044174
434.595349730152,456.75198720123,4.77704310428566
657.381201068409,375.387911662222,2.86357367807838
103.19213170937,491.82186370938,4.41767950394634
621.276700617998,95.4050129916969,4.11087744732004
420.256210311283,259.461253075478,3.58544408355788
11.8433506552961,181.188340064549,3.23268757798975
75.5762470814369,120.270070275895,4.39300472609159
617.523090184967,199.104847393318,4.22333455045462
252.57202458416,220.854051798474,3.68000204151516
570.46747895877,430.43235733473,3.88853098512205
297.885707937637,134.215089761019,3.8972787470638
525.199004419262,450.875506002033,3.61690126455661
41.5117767951193,422.127178820681,3.76117374677779
211.134235805941,289.492033083162,3.92097042449306
540.968759877504,269.716403835064,3.77355352817644
173.603649396131,22.2157361889786,4.38893224736755
500.097886953898,348.400901266061,4.3031574598442
37.7427145269146,58.2270872495794,4.09881201308243
540.255955057733,139.569594134565,4.29570501687571
NA,NA,NA
666.222702124974,336.11604194621,3.57753582400447
457.267322609791,301.009849550253,3.63567960033053
8.19884657879575,491.115578987459,3.60557049003502
565.726778541556,52.4233719093442,4.17037160883711
74.4489084445494,375.399965640201,4.04896629938275
226.650524885774,416.990523811012,3.93299236480071
429.260125296288,13.0496743425036,3.26345664289624
363.561896809355,294.81885507821,2.98618356172124
605.637296141877,98.9733146246195,4.15868059791381
391.098702227659,229.270307647938,4.18375296188881
560.190911041184,410.553388352131,4.77818489065817
144.775366191552,289.249868944954,4.46206593175138
198.567926466037,374.100120018605,4.02896126186592
123.002179329712,406.624616602288,3.4603880764993
625.595874924194,315.023836990225,4.60758245171657
4.56046386169992,149.312435580672,4.19957628801661
543.921503797511,204.870248463346,4.03953431690408
34.3402198430288,489.999898520995,3.00422426297919
283.417230603161,20.6808337887,3.71423103202608
533.034021506855,393.522368298994,3.50657575274826
77.1115758823842,82.425724435897,5.33714548337414
5.42190877898964,75.6555001139508,3.55782083051555
591.684000444475,225.992603014001,3.99052099044174
434.595349730152,456.75198720123,4.77704310428566
657.381201068409,375.387911662222,2.86357367807838
103.19213170937,491.82186370938,4.41767950394634
621.276700617998,95.4050129916969,4.11087744732004
420.256210311283,259.461253075478,3.58544408355788
11.8433506552961,181.188340064549,3.23268757798975
75.5762470814369,120.270070275895,4.39300472609159
617.523090184967,199.104847393318,4.22333455045462
252.57202458416,220.854051798474,3.68000204151516
570.46747895877,430.43235733473,3.88853098512205
297.885707937637,134.215089761019,3.8972787470638
525.199004419262,450.875506002033,3.61690126455661
41.5117767951193,422.127178820681,3.76117374677779
211.134235805941,289.492033083162,3.92097042449306
540.968759877504,269.716403835064,3.77355352817644
173.603649396131,22.2157361889786,4.38893224736755
500.097886953898,348.400901266061,4.3031574598442
37.7427145269146,58.2270872495794,4.09881201308243
540.255955057733,139.569594134565,4.29570501687571
NA,NA,NA
666.222702124974,336.11604194621,3.57753582400447
457.267322609791,301.009849550253,3.63567960033053
8.19884657879575,491.115578987459,3.60557049003502
565.726778541556,52.4233719093442,4.17037160883711
74.4489084445494,375.399965640201,4.04896629938275
226.650524885774,416.990523811012,3.93299236480071
429.260125296288,13.0496743425036,3.26345664289624
363.561896809355,294.81885507821,2.98618356172124
605.637296141877,98.9733146246195,4.15868059791381
391.098702227659,229.270307647938,4.18375296188881
560.190911041184,410.553388352131,4.77818489065817
144.775366191552,289.249868944954,4.46206593175138
198.567926466037,374.100120018605,4.02896126186592
123.002179329712,406.624616602288,3.4603880764993
625.595874924194,315.023836990225,4.60758245171657
4.56046386169992,149.312435580672,4.19957628801661
543.921503797511,204.870248463346,4.03953431690408
34.3402198430288,489.999898520995,3.00422426297919
283.417230603161,20.6808337887,3.71423103202608
533.034021506855,393.522368298994,3.50657575274826
77.1115758823842,82.425724435897,5.33714548337414
5.42190877898964,75.6555001139508,3.55782083051555
591.684000444475,225.992603014001,3.99052099044174
434.595349730152,456.75198720123,4.77704310428566
657.381201068409,375.387911662222,2.86357367807838
103.19213170937,491.82186370938,4.41767950394634
621.276700617998,95.4050129916969,4.11087744732004
420.256210311283,259.461253075478,3.58544408355788
11.8433506552961,181.188340064549,3.23268757798975
75.5762470814369,120.270070275895,4.39300472609159
617.523090184967,199.104847393318,4.22333455045462
252.57202458416,220.854051798474,3.68000204151516
570.46747895877,430.43235733473,3.88853098512205
297.885707937637,134.215089761019,3.8972787470638
525.199004419262,450.875506002033,3.61690126455661
41.5117767951193,422.127178820681,3.76117374677779
211.134235805941,289.492033083162,3.92097042449306
540.968759877504,269.716403835064,3.77355352817644
173.603649396131,22.2157361889786,4.38893224736755
500.097886953898,348.400901266061,4.3031574598442
37.7427145269146,58.2270872495794,4.09881201308243
540.255955057733,139.569594134565,4.29570501687571
NA,NA,NA
658.024641123676,333.999819071103,3.57044278247022
453.371927271359,300.988059379199,3.74828201971523
6.92579079485347,494.258333009947,3.58806175172945
564.892702624017,49.3270265720055,4.24843695821698
68.378924991483,377.843536761447,4.04238169192692
231.379473259975,418.213749919298,3.88402323016493
426.409423219081,13.5863715290338,3.35884726553107
359.129026931273,291.838405329061,3.07162429489581
606.002443997521,104.98759403288,4.11875765076331
394.200658847656,230.661131058023,4.21722380060305
573.848985689518,408.610497432239,4.801288415373
142.861188075101,282.620077070885,4.51741465328776
202.079898353825,372.773444107989,4.05937024942432
125.02677444213,414.328865567665,3.5141376235211
625.945523766411,312.801011904472,4.47183157012706
0.775581473597529,148.51065644283,4.15295010877993
546.460109638541,201.512666872892,4.15157113950536
31.8258001835592,490.074483974964,3.14683063000539
278.394434226725,21.684797078905,4.04595480197384
536.085561099644,392.772236177523,3.3970045408998
79.707544754299,81.1239848375521,5.36376662915297
3.76105706509725,76.2632446201012,3.59163243776739
587.838033845422,229.589219116467,4.09394699018003
441.71721865199,464.312690774996,4.80542539905349
657.55351496678,372.631578475693,3.11002310803791
108.051132556725,488.858783293345,4.27323552118394
622.380033418739,86.5737967856472,4.08929134288673
420.49052222835,259.018893217643,3.65481235510959
11.0506634606129,183.065534744221,3.24761794487428
61.2694005007634,110.211472975164,4.5061698482531
604.079670732839,203.682020310568,4.36100952400896
247.852944011826,231.992231963684,3.97853392680127
572.088187230689,435.821987674382,3.61771680668644
301.402689595924,144.20854593536,4.13085353232408
531.947396230047,458.653347267856,3.54253263001833
55.6964063792652,420.035166337571,3.95107879290728
199.055596684181,285.600561919669,4.53074284130659
553.580950930919,255.468297480981,4.05973575274102
180.538279363647,23.568623693827,4.35214303695546
501.429238317087,340.330511773562,4.54587876375213
35.4392138410392,53.4146414219328,3.99287594904127
532.019458196902,156.205650566769,4.99325532609131
NA,NA,NA
658.024641123676,333.999819071103,3.57044278247022
453.371927271359,300.988059379199,3.74828201971523
6.92579079485347,494.258333009947,3.58806175172945
564.892702624017,49.3270265720055,4.24843695821698
68.378924991483,377.843536761447,4.04238169192692
231.379473259975,418.213749919298,3.88402323016493
426.409423219081,13.5863715290338,3.35884726553107
359.129026931273,291.838405329061,3.07162429489581
606.002443997521,104.98759403288,4.11875765076331
394.200658847656,230.661131058023,4.21722380060305
573.848985689518,408.610497432239,4.801288415373
142.861188075101,282.620077070885,4.51741465328776
202.079898353825,372.773444107989,4.05937024942432
125.02677444213,414.328865567665,3.5141376235211
625.945523766411,312.801011904472,4.47183157012706
0.775581473597529,148.51065644283,4.15295010877993
546.460109638541,201.512666872892,4.15157113950536
31.8258001835592,490.074483974964,3.14683063000539
278.394434226725,21.684797078905,4.04595480197384
536.085561099644,392.772236177523,3.3970045408998
79.707544754299,81.1239848375521,5.36376662915297
3.76105706509725,76.2632446201012,3.59163243776739
587.838033845422,229.589219116467,4.09394699018003
441.71721865199,464.312690774996,4.80542539905349
657.55351496678,372.631578475693,3.11002310803791
108.051132556725,488.858783293345,4.27323552118394
622.380033418739,86.5737967856472,4.08929134288673
420.49052222835,259.018893217643,3.65481235510959
11.0506634606129,183.065534744221,3.24761794487428
61.2694005007634,110.211472975164,4.5061698482531
604.079670732839,203.682020310568,4.36100952400896
247.852944011826,231.992231963684,3.97853392680127
572.088187230689,435.821987674382,3.61771680668644
301.402689595924,144.20854593536,4.13085353232408
531.947396230047,458.653347267856,3.54253263001833
55.6964063792652,420.035166337571,3.95107879290728
199.055596684181,285.600561919669,4.53074284130659
553.580950930919,255.468297480981,4.05973575274102
180.538279363647,23.568623693827,4.35214303695546
501.429238317087,340.330511773562,4.54587876375213
35.4392138410392,53.4146414219328,3.99287594904127
532.019458196902,156.205650566769,4.99325532609131
NA,NA,NA
658.024641123676,333.999819071103,3.57044278247022
453.371927271359,300.988059379199,3.74828201971523
6.92579079485347,494.258333009947,3.58806175172945
564.892702624017,49.3270265720055,4.24843695821698
68.378924991483,377.843536761447,4.04238169192692
231.379473259975,418.213749919298,3.88402323016493
426.409423219081,13.5863715290338,3.35884726553107
359.129026931273,291.838405329061,3.07162429489581
606.002443997521,104.98759403288,4.11875765076331
394.200658847656,230.661131058023,4.21722380060305
573.848985689518,408.610497432239,4.801288415373
142.861188075101,282.620077070885,4.51741465328776
202.079898353825,372.773444107989,4.05937024942432
125.02677444213,414.328865567665,3.5141376235211
625.945523766411,312.801011904472,4.47183157012706
0.775581473597529,148.51065644283,4.15295010877993
546.460109638541,201.512666872892,4.15157113950536
31.8258001835592,490.074483974964,3.14683063000539
278.394434226725,21.684797078905,4.04595480197384
536.085561099644,392.772236177523,3.3970045408998
79.707544754299,81.1239848375521,5.36376662915297
3.76105706509725,76.2632446201012,3.59163243776739
587.838033845422,229.589219116467,4.09394699018003
441.71721865199,464.312690774996,4.80542539905349
657.55351496678,372.631578475693,3.11002310803791
108.051132556725,488.858783293345,4.27323552118394
622.380033418739,86.5737967856472,4.08929134288673
420.49052222835,259.018893217643,3.65481235510959
11.0506634606129,183.065534744221,3.24761794487428
61.2694005007634,110.211472975164,4.5061698482531
604.079670732839,203.682020310568,4.36100952400896
247.852944011826,231.992231963684,3.97853392680127
572.088187230689,435.821987674382,3.61771680668644
301.402689595924,144.20854593536,4.13085353232408
531.947396230047,458.653347267856,3.54253263001833
55.6964063792652,420.035166337571,3.95107879290728
199.055596684181,285.600561919669,4.53074284130659
553.580950930919,255.468297480981,4.05973575274102
180.538279363647,23.568623693827,4.35214303695546
501.429238317087,340.330511773562,4.54587876375213
35.4392138410392,53.4146414219328,3.99287594904127
532.019458196902,156.205650566769,4.99325532609131
NA,NA,NA
658.024641123676,333.999819071103,3.57044278247022
453.371927271359,300.988059379199,3.74828201971523
6.92579079485347,494.258333009947,3.58806175172945
564.892702624017,49.3270265720055,4.24843695821698
68.378924991483,377.843536761447,4.04238169192692
231.379473259975,418.213749919298,3.88402323016493
426.409423219081,13.5863715290338,3.35884726553107
359.129026931273,291.838405329061,3.07162429489581
606.002443997521,104.98759403288,4.11875765076331
394.200658847656,230.661131058023,4.21722380060305
573.848985689518,408.610497432239,4.801288415373
142.861188075101,282.620077070885,4.51741465328776
202.079898353825,372.773444107989,4.05937024942432
125.02677444213,414.328865567665,3.5141376235211
625.945523766411,312.801011904472,4.47183157012706
0.775581473597529,148.51065644283,4.15295010877993
546.460109638541,201.512666872892,4.15157113950536
31.8258001835592,490.074483974964,3.14683063000539
278.394434226725,21.684797078905,4.04595480197384
536.085561099644,392.772236177523,3.3970045408998
79.707544754299,81.1239848375521,5.36376662915297
3.76105706509725,76.2632446201012,3.59163243776739
587.838033845422,229.589219116467,4.09394699018003
441.71721865199,464.312690774996,4.80542539905349
657.55351496678,372.631578475693,3.11002310803791
108.051132556725,488.858783293345,4.27323552118394
622.380033418739,86.5737967856472,4.08929134288673
420.49052222835,259.018893217643,3.65481235510959
11.0506634606129,183.065534744221,3.24761794487428
61.2694005007634,110.211472975164,4.5061698482531
604.079670732839,203.682020310568,4.36100952400896
247.852944011826,231.992231963684,3.97853392680127
572.088187230689,435.821987674382,3.61771680668644
301.402689595924,144.20854593536,4.13085353232408
531.947396230047,458.653347267856,3.54253263001833
55.6964063792652,420.035166337571,3.95107879290728
199.055596684181,285.600561919669,4.53074284130659
553.580950930919,255.468297480981,4.05973575274102
180.538279363647,23.568623693827,4.35214303695546
501.429238317087,340.330511773562,4.54587876375213
35.4392138410392,53.4146414219328,3.99287594904127
532.019458196902,156.205650566769,4.99325532609131
NA,NA,NA
658.024641123676,333.999819071103,3.57044278247022
453.371927271359,300.988059379199,3.74828201971523
6.92579079485347,494.258333009947,3.58806175172945
564.892702624017,49.3270265720055,4.24843695821698
68.378924991483,377.843536761447,4.04238169192692
231.379473259975,418.213749919298,3.88402323016493
426.409423219081,13.5863715290338,3.35884726553107
359.129026931273,291.838405329061,3.07162429489581
606.002443997521,104.98759403288,4.11875765076331
394.200658847656,230.661131058023,4.21722380060305
573.848985689518,408.610497432239,4.801288415373
142.861188075101,282.620077070885,4.51741465328776
202.079898353825,372.773444107989,4.05937024942432
125.02677444213,414.328865567665,3.5141376235211
625.945523766411,312.801011904472,4.47183157012706
0.775581473597529,148.51065644283,4.15295010877993
546.460109638541,201.512666872892,4.15157113950536
31.8258001835592,490.074483974964,3.14683063000539
278.394434226725,21.684797078905,4.04595480197384
536.085561099644,392.772236177523,3.3970045408998
79.707544754299,81.1239848375521,5.36376662915297
3.76105706509725,76.2632446201012,3.59163243776739
587.838033845422,229.589219116467,4.09394699018003
441.71721865199,464.312690774996,4.80542539905349
657.55351496678,372.631578475693,3.11002310803791
108.051132556725,488.858783293345,4.27323552118394
622.380033418739,86.5737967856472,4.08929134288673
420.49052222835,259.018893217643,3.65481235510959
11.0506634606129,183.065534744221,3.24761794487428
61.2694005007634,110.211472975164,4.5061698482531
604.079670732839,203.682020310568,4.36100952400896
247.852944011826,231.992231963684,3.97853392680127
572.088187230689,435.821987674382,3.61771680668644
301.402689595924,144.20854593536,4.13085353232408
531.947396230047,458.653347267856,3.54253263001833
55.6964063792652,420.035166337571,3.95107879290728
199.055596684181,285.600561919669,4.53074284130659
553.580950930919,255.468297480981,4.05973575274102
180.538279363647,23.568623693827,4.35214303695546
501.429238317087,340.330511773562,4.54587876375213
35.4392138410392,53.4146414219328,3.99287594904127
532.019458196902,156.205650566769,4.99325532609131
NA,NA,NA
658.024641123676,333.999819071103,3.57044278247022
453.371927271359,300.988059379199,3.74828201971523
6.92579079485347,494.258333009947,3.58806175172945
564.892702624017,49.3270265720055,4.24843695821698
68.378924991483,377.843536761447,4.04238169192692
231.379473259975,418.213749919298,3.88402323016493
426.409423219081,13.5863715290338,3.35884726553107
359.129026931273,291.838405329061,3.07162429489581
606.002443997521,104.98759403288,4.11875765076331
394.200658847656,230.661131058023,4.21722380060305
573.848985689518,408.610497432239,4.801288415373
142.861188075101,282.620077070885,4.51741465328776
202.079898353825,372.773444107989,4.05937024942432
125.02677444213,414.328865567665,3.5141376235211
625.945523766411,312.801011904472,4.47183157012706
0.775581473597529,148.51065644283,4.15295010877993
546.460109638541,201.512666872892,4.15157113950536
31.8258001835592,490.074483974964,3.14683063000539
278.394434226725,21.684797078905,4.04595480197384
536.085561099644,392.772236177523,3.3970045408998
79.707544754299,81.1239848375521,5.36376662915297
3.76105706509725,76.2632446201012,3.59163243776739
587.838033845422,229.589219116467,4.09394699018003
441.71721865199,464.312690774996,4.80542539905349
657.55351496678,372.631578475693,3.11002310803791
108.051132556725,488.858783293345,4.27323552118394
622.380033418739,86.5737967856472,4.08929134288673
420.49052222835,259.018893217643,3.65481235510959
11.0506634606129,183.065534744221,3.24761794487428
61.2694005007634,110.211472975164,4.5061698482531
604.079670732839,203.682020310568,4.36100952400896
247.852944011826,231.992231963684,3.97853392680127
572.088187230689,435.821987674382,3.61771680668644
301.402689595924,144.20854593536,4.13085353232408
531.947396230047,458.653347267856,3.54253263001833
55.6964063792652,420.035166337571,3.95107879290728
199.055596684181,285.600561919669,4.53074284130659
553.580950930919,255.468297480981,4.05973575274102
180.538279363647,23.568623693827,4.35214303695546
501.429238317087,340.330511773562,4.54587876375213
35.4392138410392,53.4146414219328,3.99287594904127
532.019458196902,156.205650566769,4.99325532609131
NA,NA,NA
662.691078269125,331.064815437137,3.52023954171635
456.298608999394,302.381458865865,3.57119651500901
9.15652631014349,496.643616436913,3.56725232733656
566.258976942183,50.5802496458393,4.16629829079155
73.0187892861415,376.198060504935,4.04360629555223
224.72986886308,415.575130026596,3.8866026494985
427.668164642033,11.4610014836817,3.25684746859069
362.698360985661,291.507044095962,3.08995566870154
604.864678505971,104.866020338336,4.33327963259244
392.748360445713,227.513043380563,4.21076268824487
570.775203125812,413.711069710297,4.76003843545612
141.50086118597,287.654653789845,4.56825728440275
197.430636060882,374.309400409415,3.9467522438207
121.69873808582,412.003315261256,3.4115980807148
628.914517082186,314.207955053854,4.51829559569356
1.42227037713945,152.198251599737,4.27309752793129
544.840932736651,203.320980451508,4.23335724668468
32.8560605584234,493.801653236599,3.04447093878434
283.589680280075,25.010944298178,3.78163610715602
532.860309905067,392.513877721985,3.49937811521459
75.9176895653927,85.9843998244078,5.3336267334554
5.0275761904102,77.172987228468,3.42797783056078
590.930641273252,223.399539510119,3.97553795287052
440.368853199615,458.914469276993,4.74184710101826
658.949113636859,377.769528982796,3.13324019674922
109.269751106374,484.588695243999,4.34501135815276
621.974586415453,94.9270869699987,4.08891433840084
422.149069542477,260.080181398476,3.68743276447063
9.79428911090662,183.102776454853,3.33718439745976
62.2048600223753,122.164696694399,4.45520558170212
599.468025029318,209.781807915787,4.78094642448928
261.588625447893,216.885825668832,4.24752334357609
576.591025607973,441.066540776072,3.73999867659192
299.626484623256,135.187581189931,4.12806320491598
530.077515298267,460.041277966478,3.7534964262864
47.4137246675092,411.893942356135,3.75835008379203
201.219005663682,294.930451075917,4.02219438552363
559.222411576893,268.854036356548,3.98059882433307
180.301900937904,32.0947656660897,4.09226490314014
507.503483281626,350.443689618574,4.26479800891718
45.0673999378836,53.2664139412653,3.99727714985187
512.174782077056,152.201887950462,5.05771278493545
NA,NA,NA
662.691078269125,331.064815437137,3.52023954171635
456.298608999394,302.381458865865,3.57119651500901
9.15652631014349,496.643616436913,3.56725232733656
566.258976942183,50.5802496458393,4.16629829079155
73.0187892861415,376.198060504935,4.04360629555223
224.72986886308,415.575130026596,3.8866026494985
427.668164642033,11.4610014836817,3.25684746859069
362.698360985661,291.507044095962,3.08995566870154
604.864678505971,104.866020338336,4.33327963259244
392.748360445713,227.513043380563,4.21076268824487
570.775203125812,413.711069710297,4.76003843545612
141.50086118597,287.654653789845,4.56825728440275
197.430636060882,374.309400409415,3.9467522438207
121.69873808582,412.003315261256,3.4115980807148
628.914517082186,314.207955053854,4.51829559569356
1.42227037713945,152.198251599737,4.27309752793129
544.840932736651,203.320980451508,4.23335724668468
32.8560605584234,493.801653236599,3.04447093878434
283.589680280075,25.010944298178,3.78163610715602
532.860309905067,392.513877721985,3.49937811521459
75.9176895653927,85.9843998244078,5.3336267334554
5.0275761904102,77.172987228468,3.42797783056078
590.930641273252,223.399539510119,3.97553795287052
440.368853199615,458.914469276993,4.74184710101826
658.949113636859,377.769528982796,3.13324019674922
109.269751106374,484.588695243999,4.34501135815276
621.974586415453,94.9270869699987,4.08891433840084
422.149069542477,260.080181398476,3.68743276447063
9.79428911090662,183.102776454853,3.33718439745976
62.2048600223753,122.164696694399,4.45520558170212
599.468025029318,209.781807915787,4.78094642448928
261.588625447893,216.885825668832,4.24752334357609
576.591025607973,441.066540776072,3.73999867659192
299.626484623256,135.187581189931,4.12806320491598
530.077515298267,460.041277966478,3.7534964262864
47.4137246675092,411.893942356135,3.75835008379203
201.219005663682,294.930451075917,4.02219438552363
559.222411576893,268.854036356548,3.98059882433307
180.301900937904,32.0947656660897,4.09226490314014
507.503483281626,350.443689618574,4.26479800891718
45.0673999378836,53.2664139412653,3.99727714985187
512.174782077056,152.201887950462,5.05771278493545
NA,NA,NA
662.691078269125,331.064815437137,3.52023954171635
456.298608999394,302.381458865865,3.57119651500901
9.15652631014349,496.643616436913,3.56725232733656
566.258976942183,50.5802496458393,4.16629829079155
73.0187892861415,376.198060504935,4.04360629555223
224.72986886308,415.575130026596,3.8866026494985
427.668164642033,11.4610014836817,3.25684746859069
362.698360985661,291.507044095962,3.08995566870154
604.864678505971,104.866020338336,4.33327963259244
392.748360445713,227.513043380563,4.21076268824487
570.775203125812,413.711069710297,4.76003843545612
141.50086118597,287.654653789845,4.56825728440275
197.430636060882,374.309400409415,3.9467522438207
121.69873808582,412.003315261256,3.4115980807148
628.914517082186,314.207955053854,4.51829559569356
1.42227037713945,152.198251599737,4.27309752793129
544.840932736651,203.320980451508,4.23335724668468
32.8560605584234,493.801653236599,3.04447093878434
283.589680280075,25.010944298178,3.78163610715602
532.860309905067,392.513877721985,3.49937811521459
75.9176895653927,85.9843998244078,5.3336267334554
5.0275761904102,77.172987228468,3.42797783056078
590.930641273252,223.399539510119,3.97553795287052
440.368853199615,458.914469276993,4.74184710101826
658.949113636859,377.769528982796,3.13324019674922
109.269751106374,484.588695243999,4.34501135815276
621.974586415453,94.9270869699987,4.08891433840084
422.149069542477,260.080181398476,3.68743276447063
9.79428911090662,183.102776454853,3.33718439745976
62.2048600223753,122.164696694399,4.45520558170212
599.468025029318,209.781807915787,4.78094642448928
261.588625447893,216.885825668832,4.24752334357609
576.591025607973,441.066540776072,3.73999867659192
299.626484623256,135.187581189931,4.12806320491598
530.077515298267,460.041277966478,3.7534964262864
47.4137246675092,411.893942356135,3.75835008379203
201.219005663682,294.930451075917,4.02219438552363
559.222411576893,268.854036356548,3.98059882433307
180.301900937904,32.0947656660897,4.09226490314014
507.503483281626,350.443689618574,4.26479800891718
45.0673999378836,53.2664139412653,3.99727714985187
512.174782077056,152.201887950462,5.05771278493545
NA,NA,NA
662.691078269125,331.064815437137,3.52023954171635
456.298608999394,302.381458865865,3.57119651500901
9.15652631014349,496.643616436913,3.56725232733656
566.258976942183,50.5802496458393,4.16629829079155
73.0187892861415,376.198060504935,4.04360629555223
224.72986886308,415.575130026596,3.8866026494985
427.668164642033,11.4610014836817,3.25684746859069
362.698360985661,291.507044095962,3.08995566870154
604.864678505971,104.866020338336,4.33327963259244
392.748360445713,227.513043380563,4.21076268824487
570.775203125812,413.711069710297,4.76003843545612
141.50086118597,287.654653789845,4.56825728440275
197.430636060882,374.309400409415,3.9467522438207
121.69873808582,412.003315261256,3.4115980807148
628.914517082186,314.207955053854,4.51829559569356
1.42227037713945,152.198251599737,4.27309752793129
544.840932736651,203.320980451508,4.23335724668468
32.8560605584234,493.801653236599,3.04447093878434
283.589680280075,25.010944298178,3.78163610715602
532.860309905067,392.513877721985,3.49937811521459
75.9176895653927,85.9843998244078,5.3336267334554
5.0275761904102,77.172987228468,3.42797783056078
590.930641273252,223.399539510119,3.97553795287052
440.368853199615,458.914469276993,4.74184710101826
658.949113636859,377.769528982796,3.13324019674922
109.269751106374,484.588695243999,4.34501135815276
621.974586415453,94.9270869699987,4.08891433840084
422.149069542477,260.080181398476,3.68743276447063
9.79428911090662,183.102776454853,3.33718439745976
62.2048600223753,122.164696694399,4.45520558170212
599.468025029318,209.781807915787,4.78094642448928
261.588625447893,216.885825668832,4.24752334357609
576.591025607973,441.066540776072,3.73999867659192
299.626484623256,135.187581189931,4.12806320491598
530.077515298267,460.041277966478,3.7534964262864
47.4137246675092,411.893942356135,3.75835008379203
201.219005663682,294.930451075917,4.02219438552363
559.222411576893,268.854036356548,3.98059882433307
180.301900937904,32.0947656660897,4.09226490314014
507.503483281626,350.443689618574,4.26479800891718
45.0673999378836,53.2664139412653,3.99727714985187
512.174782077056,152.201887950462,5.05771278493545
NA,NA,NA
662.691078269125,331.064815437137,3.52023954171635
456.298608999394,302.381458865865,3.57119651500901
9.15652631014349,496.643616436913,3.56725232733656
566.258976942183,50.5802496458393,4.16629829079155
73.0187892861415,376.198060504935,4.04360629555223
224.72986886308,415.575130026596,3.8866026494985
427.668164642033,11.4610014836817,3.25684746859069
362.698360985661,291.507044095962,3.08995566870154
604.864678505971,104.866020338336,4.33327963259244
392.748360445713,227.513043380563,4.21076268824487
570.775203125812,413.711069710297,4.76003843545612
141.50086118597,287.654653789845,4.56825728440275
197.430636060882,374.309400409415,3.9467522438207
121.69873808582,412.003315261256,3.4115980807148
628.914517082186,314.207955053854,4.51829559569356
1.42227037713945,152.198251599737,4.27309752793129
544.840932736651,203.320980451508,4.23335724668468
32.8560605584234,493.801653236599,3.04447093878434
283.589680280075,25.010944298178,3.78163610715602
532.860309905067,392.513877721985,3.49937811521459
75.9176895653927,85.9843998244078,5.3336267334554
5.0275761904102,77.172987228468,3.42797783056078
590.930641273252,223.399539510119,3.97553795287052
440.368853199615,458.914469276993,4.74184710101826
658.949113636859,377.769528982796,3.13324019674922
109.269751106374,484.588695243999,4.34501135815276
621.974586415453,94.9270869699987,4.08891433840084
422.149069542477,260.080181398476,3.68743276447063
9.79428911090662,183.102776454853,3.33718439745976
62.2048600223753,122.164696694399,4.45520558170212
599.468025029318,209.781807915787,4.78094642448928
261.588625447893,216.885825668832,4.24752334357609
576.591025607973,441.066540776072,3.73999867659192
299.626484623256,135.187581189931,4.12806320491598
530.077515298267,460.041277966478,3.7534964262864
47.4137246675092,411.893942356135,3.75835008379203
201.219005663682,294.930451075917,4.02219438552363
559.222411576893,268.854036356548,3.98059882433307
180.301900937904,32.0947656660897,4.09226490314014
507.503483281626,350.443689618574,4.26479800891718
45.0673999378836,53.2664139412653,3.99727714985187
512.174782077056,152.201887950462,5.05771278493545
NA,NA,NA
662.691078269125,331.064815437137,3.52023954171635
456.298608999394,302.381458865865,3.57119651500901
9.15652631014349,496.643616436913,3.56725232733656
566.258976942183,50.5802496458393,4.16629829079155
73.0187892861415,376.198060504935,4.04360629555223
224.72986886308,415.575130026596,3.8866026494985
427.668164642033,11.4610014836817,3.25684746859069
362.698360985661,291.507044095962,3.08995566870154
604.864678505971,104.866020338336,4.33327963259244
392.748360445713,227.513043380563,4.21076268824487
570.775203125812,413.711069710297,4.76003843545612
141.50086118597,287.654653789845,4.56825728440275
197.430636060882,374.309400409415,3.9467522438207
121.69873808582,412.003315261256,3.4115980807148
628.914517082186,314.207955053854,4.51829559569356
1.42227037713945,152.198251599737,4.27309752793129
544.840932736651,203.320980451508,4.23335724668468
32.8560605584234,493.801653236599,3.04447093878434
283.589680280075,25.010944298178,3.78163610715602
532.860309905067,392.513877721985,3.49937811521459
75.9176895653927,85.9843998244078,5.3336267334554
5.0275761904102,77.172987228468,3.42797783056078
590.930641273252,223.399539510119,3.97553795287052
440.368853199615,458.914469276993,4.74184710101826
658.949113636859,377.769528982796,3.13324019674922
109.269751106374,484.588695243999,4.34501135815276
621.974586415453,94.9270869699987,4.08891433840084
422.149069542477,260.080181398476,3.68743276447063
9.79428911090662,183.102776454853,3.33718439745976
62.2048600223753,122.164696694399,4.45520558170212
599.468025029318,209.781807915787,4.78094642448928
261.588625447893,216.885825668832,4.24752334357609
576.591025607973,441.066540776072,3.73999867659192
299.626484623256,135.187581189931,4.12806320491598
530.077515298267,460.041277966478,3.7534964262864
47.4137246675092,411.893942356135,3.75835008379203
201.219005663682,294.930451075917,4.02219438552363
559.222411576893,268.854036356548,3.98059882433307
180.301900937904,32.0947656660897,4.09226490314014
507.503483281626,350.443689618574,4.26479800891718
45.0673999378836,53.2664139412653,3.99727714985187
512.174782077056,152.201887950462,5.05771278493545
NA,NA,NA
661.972563839015,333.974062214881,3.46438160746442
459.939351812841,301.648124219524,3.53702111127734
15.1470463889848,491.731298988374,3.65005078946686
557.262136894221,52.0344250205948,4.16113951955274
67.9264291421431,378.184242272458,4.03835375790297
229.511332386375,413.50028000674,3.97256862705997
429.686547426172,9.75236191318585,3.49627102016199
360.326793541393,292.678705348076,3.1071550000204
606.808089894768,106.836224112882,4.24492953400327
393.985001127435,230.695694087857,4.20693677030505
575.699876051659,412.799236834193,4.78236280643932
140.745949429972,283.207528569958,4.48297572208363
199.008549072268,369.515804700242,3.95836174273988
124.257966217369,409.401018651026,3.47407509815384
625.760771544963,318.499374303237,4.50210329675678
0.190035533272006,151.623554414499,4.22996042392105
541.406162540824,204.761907984857,4.03412353611737
33.4926106577869,492.566642353965,3.04423876303803
276.760737299869,19.2032337309639,4.13158058465324
534.292476223467,393.453181800659,3.52149413781726
68.5397269977617,86.5654969205586,5.25297901631755
5.65036160680296,74.7820301574936,3.60639789848438
589.431609923526,222.485610252283,3.90355448010865
440.076023553217,464.299232679071,4.78158527566755
658.461332075583,375.281531835442,3.20654025501852
100.216588778392,486.296034873575,4.35246387327003
627.191415588376,91.9666529134926,4.13389456260272
419.881670869622,259.470238274429,3.65310708838653
11.3972359045886,179.334081279697,3.13778000098735
50.3778538545489,109.069409460863,4.48839386512345
611.527836473479,210.065435601626,3.78150194309537
257.95439999178,227.489753617844,3.88766283322457
578.905305348101,430.932754120624,3.82526280470804
300.838421155629,140.435988782606,4.04167832157308
528.435784278964,448.818036377735,3.47554641020522
49.0489046417529,429.75890940073,4.00452465065257
195.859106951536,286.864511525566,3.53938488294865
542.642162819811,258.920695580841,3.86672567815704
163.011081091883,28.6644892439564,4.19475032483156
499.535847366968,348.925368192642,4.4289241484734
33.7211800898298,53.3854964518094,3.84036770183674
514.143716448787,142.785043064614,4.79317435429828
NA,NA,NA
661.972563839015,333.974062214881,3.46438160746442
459.939351812841,301.648124219524,3.53702111127734
15.1470463889848,491.731298988374,3.65005078946686
557.262136894221,52.0344250205948,4.16113951955274
67.9264291421431,378.184242272458,4.03835375790297
229.511332386375,413.50028000674,3.97256862705997
429.686547426172,9.75236191318585,3.49627102016199
360.326793541393,292.678705348076,3.1071550000204
606.808089894768,106.836224112882,4.24492953400327
393.985001127435,230.695694087857,4.20693677030505
575.699876051659,412.799236834193,4.78236280643932
140.745949429972,283.207528569958,4.48297572208363
199.008549072268,369.515804700242,3.95836174273988
124.257966217369,409.401018651026,3.47407509815384
625.760771544963,318.499374303237,4.50210329675678
0.190035533272006,151.623554414499,4.22996042392105
541.406162540824,204.761907984857,4.03412353611737
33.4926106577869,492.566642353965,3.04423876303803
276.760737299869,19.2032337309639,4.13158058465324
534.292476223467,393.453181800659,3.52149413781726
68.5397269977617,86.5654969205586,5.25297901631755
5.65036160680296,74.7820301574936,3.60639789848438
589.431609923526,222.485610252283,3.90355448010865
440.076023553217,464.299232679071,4.78158527566755
658.461332075583,375.281531835442,3.20654025501852
100.216588778392,486.296034873575,4.35246387327003
627.191415588376,91.9666529134926,4.13389456260272
419.881670869622,259.470238274429,3.65310708838653
11.3972359045886,179.334081279697,3.13778000098735
50.3778538545489,109.069409460863,4.48839386512345
611.527836473479,210.065435601626,3.78150194309537
257.95439999178,227.489753617844,3.88766283322457
578.905305348101,430.932754120624,3.82526280470804
300.838421155629,140.435988782606,4.04167832157308
528.435784278964,448.818036377735,3.47554641020522
49.0489046417529,429.75890940073,4.00452465065257
195.859106951536,286.864511525566,3.53938488294865
542.642162819811,258.920695580841,3.86672567815704
163.011081091883,28.6644892439564,4.19475032483156
499.535847366968,348.925368192642,4.4289241484734
33.7211800898298,53.3854964518094,3.84036770183674
514.143716448787,142.785043064614,4.79317435429828
NA,NA,NA
661.972563839015,333.974062214881,3.46438160746442
459.939351812841,301.648124219524,3.53702111127734
15.1470463889848,491.731298988374,3.65005078946686
557.262136894221,52.0344250205948,4.16113951955274
67.9264291421431,378.184242272458,4.03835375790297
229.511332386375,413.50028000674,3.97256862705997
429.686547426172,9.75236191318585,3.49627102016199
360.326793541393,292.678705348076,3.1071550000204
606.808089894768,106.836224112882,4.24492953400327
393.985001127435,230.695694087857,4.20693677030505
575.699876051659,412.799236834193,4.78236280643932
140.745949429972,283.207528569958,4.48297572208363
199.008549072268,369.515804700242,3.95836174273988
124.257966217369,409.401018651026,3.47407509815384
625.760771544963,318.499374303237,4.50210329675678
0.190035533272006,151.623554414499,4.22996042392105
541.406162540824,204.761907984857,4.03412353611737
33.4926106577869,492.566642353965,3.04423876303803
276.760737299869,19.2032337309639,4.13158058465324
534.292476223467,393.453181800659,3.52149413781726
68.5397269977617,86.5654969205586,5.25297901631755
5.65036160680296,74.7820301574936,3.60639789848438
589.431609923526,222.485610252283,3.90355448010865
440.076023553217,464.299232679071,4.78158527566755
658.461332075583,375.281531835442,3.20654025501852
100.216588778392,486.296034873575,4.35246387327003
627.191415588376,91.9666529134926,4.13389456260272
419.881670869622,259.470238274429,3.65310708838653
11.3972359045886,179.334081279697,3.13778000098735
50.3778538545489,109.069409460863,4.48839386512345
611.527836473479,210.065435601626,3.78150194309537
257.95439999178,227.489753617844,3.88766283322457
578.905305348101,430.932754120624,3.82526280470804
300.838421155629,140.435988782606,4.04167832157308
528.435784278964,448.818036377735,3.47554641020522
49.0489046417529,429.75890940073,4.00452465065257
195.859106951536,286.864511525566,3.53938488294865
542.642162819811,258.920695580841,3.86672567815704
163.011081091883,28.6644892439564,4.19475032483156
499.535847366968,348.925368192642,4.4289241484734
33.7211800898298,53.3854964518094,3.84036770183674
514.143716448787,142.785043064614,4.79317435429828
NA,NA,NA
661.972563839015,333.974062214881,3.46438160746442
459.939351812841,301.648124219524,3.53702111127734
15.1470463889848,491.731298988374,3.65005078946686
557.262136894221,52.0344250205948,4.16113951955274
67.9264291421431,378.184242272458,4.03835375790297
229.511332386375,413.50028000674,3.97256862705997
429.686547426172,9.75236191318585,3.49627102016199
360.326793541393,292.678705348076,3.1071550000204
606.808089894768,106.836224112882,4.24492953400327
393.985001127435,230.695694087857,4.20693677030505
575.699876051659,412.799236834193,4.78236280643932
140.745949429972,283.207528569958,4.48297572208363
199.008549072268,369.515804700242,3.95836174273988
124.257966217369,409.401018651026,3.47407509815384
625.760771544963,318.499374303237,4.50210329675678
0.190035533272006,151.623554414499,4.22996042392105
541.406162540824,204.761907984857,4.03412353611737
33.4926106577869,492.566642353965,3.04423876303803
276.760737299869,19.2032337309639,4.13158058465324
534.292476223467,393.453181800659,3.52149413781726
68.5397269977617,86.5654969205586,5.25297901631755
5.65036160680296,74.7820301574936,3.60639789848438
589.431609923526,222.485610252283,3.90355448010865
440.076023553217,464.299232679071,4.78158527566755
658.461332075583,375.281531835442,3.20654025501852
100.216588778392,486.296034873575,4.35246387327003
627.191415588376,91.9666529134926,4.13389456260272
419.881670869622,259.470238274429,3.65310708838653
11.3972359045886,179.334081279697,3.13778000098735
50.3778538545489,109.069409460863,4.48839386512345
611.527836473479,210.065435601626,3.78150194309537
257.95439999178,227.489753617844,3.88766283322457
578.905305348101,430.932754120624,3.82526280470804
300.838421155629,140.435988782606,4.04167832157308
528.435784278964,448.818036377735,3.47554641020522
49.0489046417529,429.75890940073,4.00452465065257
195.859106951536,286.864511525566,3.53938488294865
542.642162819811,258.920695580841,3.86672567815704
163.011081091883,28.6644892439564,4.19475032483156
499.535847366968,348.925368192642,4.4289241484734
33.7211800898298,53.3854964518094,3.84036770183674
514.143716448787,142.785043064614,4.79317435429828
NA,NA,NA
661.972563839015,333.974062214881,3.46438160746442
459.939351812841,301.648124219524,3.53702111127734
15.1470463889848,491.731298988374,3.65005078946686
557.262136894221,52.0344250205948,4.16113951955274
67.9264291421431,378.184242272458,4.03835375790297
229.511332386375,413.50028000674,3.97256862705997
429.686547426172,9.75236191318585,3.49627102016199
360.326793541393,292.678705348076,3.1071550000204
606.808089894768,106.836224112882,4.24492953400327
393.985001127435,230.695694087857,4.20693677030505
575.699876051659,412.799236834193,4.78236280643932
140.745949429972,283.207528569958,4.48297572208363
199.008549072268,369.515804700242,3.95836174273988
124.257966217369,409.401018651026,3.47407509815384
625.760771544963,318.499374303237,4.50210329675678
0.190035533272006,151.623554414499,4.22996042392105
541.406162540824,204.761907984857,4.03412353611737
33.4926106577869,492.566642353965,3.04423876303803
276.760737299869,19.2032337309639,4.13158058465324
534.292476223467,393.453181800659,3.52149413781726
68.5397269977617,86.5654969205586,5.25297901631755
5.65036160680296,74.7820301574936,3.60639789848438
589.431609923526,222.485610252283,3.90355448010865
440.076023553217,464.299232679071,4.78158527566755
658.461332075583,375.281531835442,3.20654025501852
100.216588778392,486.296034873575,4.35246387327003
627.191415588376,91.9666529134926,4.13389456260272
419.881670869622,259.470238274429,3.65310708838653
11.3972359045886,179.334081279697,3.13778000098735
50.3778538545489,109.069409460863,4.48839386512345
611.527836473479,210.065435601626,3.78150194309537
257.95439999178,227.489753617844,3.88766283322457
578.905305348101,430.932754120624,3.82526280470804
300.838421155629,140.435988782606,4.04167832157308
528.435784278964,448.818036377735,3.47554641020522
49.0489046417529,429.75890940073,4.00452465065257
195.859106951536,286.864511525566,3.53938488294865
542.642162819811,258.920695580841,3.86672567815704
163.011081091883,28.6644892439564,4.19475032483156
499.535847366968,348.925368192642,4.4289241484734
33.7211800898298,53.3854964518094,3.84036770183674
514.143716448787,142.785043064614,4.79317435429828
NA,NA,NA
661.972563839015,333.974062214881,3.46438160746442
459.939351812841,301.648124219524,3.53702111127734
15.1470463889848,491.731298988374,3.65005078946686
557.262136894221,52.0344250205948,4.16113951955274
67.9264291421431,378.184242272458,4.03835375790297
229.511332386375,413.50028000674,3.97256862705997
429.686547426172,9.75236191318585,3.49627102016199
360.326793541393,292.678705348076,3.1071550000204
606.808089894768,106.836224112882,4.24492953400327
393.985001127435,230.695694087857,4.20693677030505
575.699876051659,412.799236834193,4.78236280643932
140.745949429972,283.207528569958,4.48297572208363
199.008549072268,369.515804700242,3.95836174273988
124.257966217369,409.401018651026,3.47407509815384
625.760771544963,318.499374303237,4.50210329675678
0.190035533272006,151.623554414499,4.22996042392105
541.406162540824,204.761907984857,4.03412353611737
33.4926106577869,492.566642353965,3.04423876303803
276.760737299869,19.2032337309639,4.13158058465324
534.292476223467,393.453181800659,3.52149413781726
68.5397269977617,86.5654969205586,5.25297901631755
5.65036160680296,74.7820301574936,3.60639789848438
589.431609923526,222.485610252283,3.90355448010865
440.076023553217,464.299232679071,4.78158527566755
658.461332075583,375.281531835442,3.20654025501852
100.216588778392,486.296034873575,4.35246387327003
627.191415588376,91.9666529134926,4.13389456260272
419.881670869622,259.470238274429,3.65310708838653
11.3972359045886,179.334081279697,3.13778000098735
50.3778538545489,109.069409460863,4.48839386512345
611.527836473479,210.065435601626,3.78150194309537
257.95439999178,227.489753617844,3.88766283322457
578.905305348101,430.932754120624,3.82526280470804
300.838421155629,140.435988782606,4.04167832157308
528.435784278964,448.818036377735,3.47554641020522
49.0489046417529,429.75890940073,4.00452465065257
195.859106951536,286.864511525566,3.53938488294865
542.642162819811,258.920695580841,3.86672567815704
163.011081091883,28.6644892439564,4.19475032483156
499.535847366968,348.925368192642,4.4289241484734
33.7211800898298,53.3854964518094,3.84036770183674
514.143716448787,142.785043064614,4.79317435429828
NA,NA,NA
659.171415505861,330.844641562473,3.59995492139173
456.37383028743,299.321520751806,3.62720367230315
12.4524650657896,491.662519345995,3.55793865833161
558.134501380561,54.3608471586386,4.16592908639879
74.1070153319934,372.011392578683,3.96982665383866
226.731756939661,416.104760905907,3.91651097659027
428.832732504182,12.519714958145,3.28096305449272
360.758512469216,292.959953887393,3.04466859386293
607.013204386588,106.837750237657,4.30085394738774
387.641949008848,227.999447358234,4.20071417956938
571.270266814446,406.005710387101,4.74066407798688
141.177879941358,289.176697476486,4.43670160060476
205.139475842312,364.655867851345,4.02198646363448
122.74740745749,413.211887659581,3.49997007470661
621.772309568986,319.060698391706,4.60836504449205
7.12972523857588,150.805142532112,4.35053122292745
544.594544659517,206.757967466541,4.09416616129406
33.7240946369146,492.482270200339,2.93978360992065
280.684371945169,22.1365924306482,3.8694152171593
533.998284295718,396.751174623274,3.54876812094988
73.4763121431056,82.1981492199468,5.30848031719848
7.53183194466595,79.810307873849,3.62784860351204
585.738592519158,230.507861716382,4.00836487964826
436.906123526592,465.72959312448,4.82232015734172
659.512866502113,373.733121304338,3.2101867541924
107.991683654833,482.43079915618,4.29800079520144
620.457553381502,91.6766924648122,4.0759863508367
422.189239761175,258.743904207185,3.62015319905345
12.0438370581796,183.185713285531,3.33111071090705
53.7025640709333,117.22972713413,4.47548391552178
594.159929429874,193.624534243714,3.99424632571242
250.467115951849,218.085244202305,3.90059161099599
575.610313260907,439.930002527542,4.0168040401347
301.59172744008,137.039084945354,3.95064335619596
527.509049097698,453.38696922655,3.73680551138059
54.087385156481,422.14593167773,4.12843522518544
196.67203165494,284.254737321598,3.98263444558448
548.32189758538,275.876310252953,3.99888479921253
188.156010099131,30.215371376601,4.43773035983658
502.453826688966,344.76810236275,4.33797546424561
42.4091138056927,55.8533395841028,3.85152336823479
553.37871553766,152.149431004228,4.66853581112978
NA,NA,NA
659.171415505861,330.844641562473,3.59995492139173
456.37383028743,299.321520751806,3.62720367230315
12.4524650657896,491.662519345995,3.55793865833161
558.134501380561,54.3608471586386,4.16592908639879
74.1070153319934,372.011392578683,3.96982665383866
226.731756939661,416.104760905907,3.91651097659027
428.832732504182,12.519714958145,3.28096305449272
360.758512469216,292.959953887393,3.04466859386293
607.013204386588,106.837750237657,4.30085394738774
387.641949008848,227.999447358234,4.20071417956938
571.270266814446,406.005710387101,4.74066407798688
141.177879941358,289.176697476486,4.43670160060476
205.139475842312,364.655867851345,4.02198646363448
122.74740745749,413.211887659581,3.49997007470661
621.772309568986,319.060698391706,4.60836504449205
7.12972523857588,150.805142532112,4.35053122292745
544.594544659517,206.757967466541,4.09416616129406
33.7240946369146,492.482270200339,2.93978360992065
280.684371945169,22.1365924306482,3.8694152171593
533.998284295718,396.751174623274,3.54876812094988
73.4763121431056,82.1981492199468,5.30848031719848
7.53183194466595,79.810307873849,3.62784860351204
585.738592519158,230.507861716382,4.00836487964826
436.906123526592,465.72959312448,4.82232015734172
659.512866502113,373.733121304338,3.2101867541924
107.991683654833,482.43079915618,4.29800079520144
620.457553381502,91.6766924648122,4.0759863508367
422.189239761175,258.743904207185,3.62015319905345
12.0438370581796,183.185713285531,3.33111071090705
53.7025640709333,117.22972713413,4.47548391552178
594.159929429874,193.624534243714,3.99424632571242
250.467115951849,218.085244202305,3.90059161099599
575.610313260907,439.930002527542,4.0168040401347
301.59172744008,137.039084945354,3.95064335619596
527.509049097698,453.38696922655,3.73680551138059
54.087385156481,422.14593167773,4.12843522518544
196.67203165494,284.254737321598,3.98263444558448
548.32189758538,275.876310252953,3.99888479921253
188.156010099131,30.215371376601,4.43773035983658
502.453826688966,344.76810236275,4.33797546424561
42.4091138056927,55.8533395841028,3.85152336823479
553.37871553766,152.149431004228,4.66853581112978
NA,NA,NA
659.171415505861,330.844641562473,3.59995492139173
456.37383028743,299.321520751806,3.62720367230315
12.4524650657896,491.662519345995,3.55793865833161
558.134501380561,54.3608471586386,4.16592908639879
74.1070153319934,372.011392578683,3.96982665383866
226.731756939661,416.104760905907,3.91651097659027
428.832732504182,12.519714958145,3.28096305449272
360.758512469216,292.959953887393,3.04466859386293
607.013204386588,106.837750237657,4.30085394738774
387.641949008848,227.999447358234,4.20071417956938
571.270266814446,406.005710387101,4.74066407798688
141.177879941358,289.176697476486,4.43670160060476
205.139475842312,364.655867851345,4.02198646363448
122.74740745749,413.211887659581,3.49997007470661
621.772309568986,319.060698391706,4.60836504449205
7.12972523857588,150.805142532112,4.35053122292745
544.594544659517,206.757967466541,4.09416616129406
33.7240946369146,492.482270200339,2.93978360992065
280.684371945169,22.1365924306482,3.8694152171593
533.998284295718,396.751174623274,3.54876812094988
73.4763121431056,82.1981492199468,5.30848031719848
7.53183194466595,79.810307873849,3.62784860351204
585.738592519158,230.507861716382,4.00836487964826
436.906123526592,465.72959312448,4.82232015734172
659.512866502113,373.733121304338,3.2101867541924
107.991683654833,482.43079915618,4.29800079520144
620.457553381502,91.6766924648122,4.0759863508367
422.189239761175,258.743904207185,3.62015319905345
12.0438370581796,183.185713285531,3.33111071090705
53.7025640709333,117.22972713413,4.47548391552178
594.159929429874,193.624534243714,3.99424632571242
250.467115951849,218.085244202305,3.90059161099599
575.610313260907,439.930002527542,4.0168040401347
301.59172744008,137.039084945354,3.95064335619596
527.509049097698,453.38696922655,3.73680551138059
54.087385156481,422.14593167773,4.12843522518544
196.67203165494,284.254737321598,3.98263444558448
548.32189758538,275.876310252953,3.99888479921253
188.156010099131,30.215371376601,4.43773035983658
502.453826688966,344.76810236275,4.33797546424561
42.4091138056927,55.8533395841028,3.85152336823479
553.37871553766,152.149431004228,4.66853581112978
NA,NA,NA
659.171415505861,330.844641562473,3.59995492139173
456.37383028743,299.321520751806,3.62720367230315
12.4524650657896,491.662519345995,3.55793865833161
558.134501380561,54.3608471586386,4.16592908639879
74.1070153319934,372.011392578683,3.96982665383866
226.731756939661,416.104760905907,3.91651097659027
428.832732504182,12.519714958145,3.28096305449272
360.758512469216,292.959953887393,3.04466859386293
607.013204386588,106.837750237657,4.30085394738774
387.641949008848,227.999447358234,4.20071417956938
571.270266814446,406.005710387101,4.74066407798688
141.177879941358,289.176697476486,4.43670160060476
205.139475842312,364.655867851345,4.02198646363448
122.74740745749,413.211887659581,3.49997007470661
621.772309568986,319.060698391706,4.60836504449205
7.12972523857588,150.805142532112,4.35053122292745
544.594544659517,206.757967466541,4.09416616129406
33.7240946369146,492.482270200339,2.93978360992065
280.684371945169,22.1365924306482,3.8694152171593
533.998284295718,396.751174623274,3.54876812094988
73.4763121431056,82.1981492199468,5.30848031719848
7.53183194466595,79.810307873849,3.62784860351204
585.738592519158,230.507861716382,4.00836487964826
436.906123526592,465.72959312448,4.82232015734172
659.512866502113,373.733121304338,3.2101867541924
107.991683654833,482.43079915618,4.29800079520144
620.457553381502,91.6766924648122,4.0759863508367
422.189239761175,258.743904207185,3.62015319905345
12.0438370581796,183.185713285531,3.33111071090705
53.7025640709333,117.22972713413,4.47548391552178
594.159929429874,193.624534243714,3.99424632571242
250.467115951849,218.085244202305,3.90059161099599
575.610313260907,439.930002527542,4.0168040401347
301.59172744008,137.039084945354,3.95064335619596
527.509049097698,453.38696922655,3.73680551138059
54.087385156481,422.14593167773,4.12843522518544
196.67203165494,284.254737321598,3.98263444558448
548.32189758538,275.876310252953,3.99888479921253
188.156010099131,30.215371376601,4.43773035983658
502.453826688966,344.76810236275,4.33797546424561
42.4091138056927,55.8533395841028,3.85152336823479
553.37871553766,152.149431004228,4.66853581112978
NA,NA,NA
659.171415505861,330.844641562473,3.59995492139173
456.37383028743,299.321520751806,3.62720367230315
12.4524650657896,491.662519345995,3.55793865833161
558.134501380561,54.3608471586386,4.16592908639879
74.1070153319934,372.011392578683,3.96982665383866
226.731756939661,416.104760905907,3.91651097659027
428.832732504182,12.519714958145,3.28096305449272
360.758512469216,292.959953887393,3.04466859386293
607.013204386588,106.837750237657,4.30085394738774
387.641949008848,227.999447358234,4.20071417956938
571.270266814446,406.005710387101,4.74066407798688
141.177879941358,289.176697476486,4.43670160060476
205.139475842312,364.655867851345,4.02198646363448
122.74740745749,413.211887659581,3.49997007470661
621.772309568986,319.060698391706,4.60836504449205
7.12972523857588,150.805142532112,4.35053122292745
544.594544659517,206.757967466541,4.09416616129406
33.7240946369146,492.482270200339,2.93978360992065
280.684371945169,22.1365924306482,3.8694152171593
533.998284295718,396.751174623274,3.54876812094988
73.4763121431056,82.1981492199468,5.30848031719848
7.53183194466595,79.810307873849,3.62784860351204
585.738592519158,230.507861716382,4.00836487964826
436.906123526592,465.72959312448,4.82232015734172
659.512866502113,373.733121304338,3.2101867541924
107.991683654833,482.43079915618,4.29800079520144
620.457553381502,91.6766924648122,4.0759863508367
422.189239761175,258.743904207185,3.62015319905345
12.0438370581796,183.185713285531,3.33111071090705
53.7025640709333,117.22972713413,4.47548391552178
594.159929429874,193.624534243714,3.99424632571242
250.467115951849,218.085244202305,3.90059161099599
575.610313260907,439.930002527542,4.0168040401347
301.59172744008,137.039084945354,3.95064335619596
527.509049097698,453.38696922655,3.73680551138059
54.087385156481,422.14593167773,4.12843522518544
196.67203165494,284.254737321598,3.98263444558448
548.32189758538,275.876310252953,3.99888479921253
188.156010099131,30.215371376601,4.43773035983658
502.453826688966,344.76810236275,4.33797546424561
42.4091138056927,55.8533395841028,3.85152336823479
553.37871553766,152.149431004228,4.66853581112978
NA,NA,NA
659.171415505861,330.844641562473,3.59995492139173
456.37383028743,299.321520751806,3.62720367230315
12.4524650657896,491.662519345995,3.55793865833161
558.134501380561,54.3608471586386,4.16592908639879
74.1070153319934,372.011392578683,3.96982665383866
226.731756939661,416.104760905907,3.91651097659027
428.832732504182,12.519714958145,3.28096305449272
360.758512469216,292.959953887393,3.04466859386293
607.013204386588,106.837750237657,4.30085394738774
387.641949008848,227.999447358234,4.20071417956938
571.270266814446,406.005710387101,4.74066407798688
141.177879941358,289.176697476486,4.43670160060476
205.139475842312,364.655867851345,4.02198646363448
122.74740745749,413.211887659581,3.49997007470661
621.772309568986,319.060698391706,4.60836504449205
7.12972523857588,150.805142532112,4.35053122292745
544.594544659517,206.757967466541,4.09416616129406
33.7240946369146,492.482270200339,2.93978360992065
280.684371945169,22.1365924306482,3.8694152171593
533.998284295718,396.751174623274,3.54876812094988
73.4763121431056,82.1981492199468,5.30848031719848
7.53183194466595,79.810307873849,3.62784860351204
585.738592519158,230.507861716382,4.00836487964826
436.906123526592,465.72959312448,4.82232015734172
659.512866502113,373.733121304338,3.2101867541924
107.991683654833,482.43079915618,4.29800079520144
620.457553381502,91.6766924648122,4.0759863508367
422.189239761175,258.743904207185,3.62015319905345
12.0438370581796,183.185713285531,3.33111071090705
53.7025640709333,117.22972713413,4.47548391552178
594.159929429874,193.624534243714,3.99424632571242
250.467115951849,218.085244202305,3.90059161099599
575.610313260907,439.930002527542,4.0168040401347
301.59172744008,137.039084945354,3.95064335619596
527.509049097698,453.38696922655,3.73680551138059
54.087385156481,422.14593167773,4.12843522518544
196.67203165494,284.254737321598,3.98263444558448
548.32189758538,275.876310252953,3.99888479921253
188.156010099131,30.215371376601,4.43773035983658
502.453826688966,344.76810236275,4.33797546424561
42.4091138056927,55.8533395841028,3.85152336823479
553.37871553766,152.149431004228,4.66853581112978
NA,NA,NA
661.691895327404,334.215999395608,3.4568593133728
457.348827287635,296.61206685819,3.58228025929477
11.0278889471305,495.497499185323,3.50519705297895
561.580263478622,51.5930661723902,4.20076443431847
69.3731768822049,378.066755229932,4.02885478750191
231.045111379846,417.686238043279,3.97398495969984
427.345116292327,12.1926842656019,3.37700373747441
363.277929312881,292.316185478551,2.92658313533671
597.119796903118,104.664562723249,4.18659495572315
390.735786131328,232.404878911852,4.22818447820747
572.634482625756,411.858554201697,4.78763608252807
138.627895393776,282.673707915614,4.58195102907251
198.939082840807,370.866918072205,4.16009408929007
122.748080232218,411.812476981035,3.31308974282517
628.151208105569,317.763877150958,4.59273270672491
1.47225410623292,148.998120627889,4.2828651242426
545.115088818513,199.725399279701,4.24552045808054
34.615236152285,492.297611185174,3.00524692196524
274.18575612373,21.3138375857897,3.89027757789599
532.316635539342,391.713932811442,3.51442290685105
79.9919496802472,70.740128727001,5.17364387801958
4.99010128353815,76.5737812846749,3.33893013534488
588.340106393215,227.842155489293,3.99087372397123
431.267787533634,458.145758591352,4.83382174739304
658.967666066258,375.618704689121,3.16226932011885
110.03748024047,486.516467768153,4.26839352384503
621.957519875333,87.5611096620958,4.080146895504
420.828389859694,258.103938305677,3.59584450375197
11.8081683067187,182.875375503109,3.38564622915479
66.4606347090699,112.282165784049,4.47796139756855
615.521554494639,202.539053934723,4.06372549755187
266.269883747189,219.631285715887,3.79239905272254
574.369051646747,432.926878554469,3.95535800747117
302.838331832329,137.20370002921,3.74464531418502
538.342884514243,459.249212757728,3.48406223293522
53.4926409600477,417.808664151892,4.04968053745999
202.688411243652,289.278091571478,4.12486082620142
538.934853442534,257.55766354396,4.20639138880173
171.959110606579,29.0904511734335,4.48674353767089
500.192377546509,335.150279963277,4.63800210866432
30.2876664479361,46.6968051598802,3.31587493114791
524.470388654047,135.782734930184,4.49504501661758
NA,NA,NA
661.691895327404,334.215999395608,3.4568593133728
457.348827287635,296.61206685819,3.58228025929477
11.0278889471305,495.497499185323,3.50519705297895
561.580263478622,51.5930661723902,4.20076443431847
69.3731768822049,378.066755229932,4.02885478750191
231.045111379846,417.686238043279,3.97398495969984
427.345116292327,12.1926842656019,3.37700373747441
363.277929312881,292.316185478551,2.92658313533671
597.119796903118,104.664562723249,4.18659495572315
390.735786131328,232.404878911852,4.22818447820747
572.634482625756,411.858554201697,4.78763608252807
138.627895393776,282.673707915614,4.58195102907251
198.939082840807,370.866918072205,4.16009408929007
122.748080232218,411.812476981035,3.31308974282517
628.151208105569,317.763877150958,4.59273270672491
1.47225410623292,148.998120627889,4.2828651242426
545.115088818513,199.725399279701,4.24552045808054
34.615236152285,492.297611185174,3.00524692196524
274.18575612373,21.3138375857897,3.89027757789599
532.316635539342,391.713932811442,3.51442290685105
79.9919496802472,70.740128727001,5.17364387801958
4.99010128353815,76.5737812846749,3.33893013534488
588.340106393215,227.842155489293,3.99087372397123
431.267787533634,458.145758591352,4.83382174739304
658.967666066258,375.618704689121,3.16226932011885
110.03748024047,486.516467768153,4.26839352384503
621.957519875333,87.5611096620958,4.080146895504
420.828389859694,258.103938305677,3.59584450375197
11.8081683067187,182.875375503109,3.38564622915479
66.4606347090699,112.282165784049,4.47796139756855
615.521554494639,202.539053934723,4.06372549755187
266.269883747189,219.631285715887,3.79239905272254
574.369051646747,432.926878554469,3.95535800747117
302.838331832329,137.20370002921,3.74464531418502
538.342884514243,459.249212757728,3.48406223293522
53.4926409600477,417.808664151892,4.04968053745999
202.688411243652,289.278091571478,4.12486082620142
538.934853442534,257.55766354396,4.20639138880173
171.959110606579,29.0904511734335,4.48674353767089
500.192377546509,335.150279963277,4.63800210866432
30.2876664479361,46.6968051598802,3.31587493114791
524.470388654047,135.782734930184,4.49504501661758
NA,NA,NA
661.691895327404,334.215999395608,3.4568593133728
457.348827287635,296.61206685819,3.58228025929477
11.0278889471305,495.497499185323,3.50519705297895
561.580263478622,51.5930661723902,4.20076443431847
69.3731768822049,378.066755229932,4.02885478750191
231.045111379846,417.686238043279,3.97398495969984
427.345116292327,12.1926842656019,3.37700373747441
363.277929312881,292.316185478551,2.92658313533671
597.119796903118,104.664562723249,4.18659495572315
390.735786131328,232.404878911852,4.22818447820747
572.634482625756,411.858554201697,4.78763608252807
138.627895393776,282.673707915614,4.58195102907251
198.939082840807,370.866918072205,4.16009408929007
122.748080232218,411.812476981035,3.31308974282517
628.151208105569,317.763877150958,4.59273270672491
1.47225410623292,148.998120627889,4.2828651242426
545.115088818513,199.725399279701,4.24552045808054
34.615236152285,492.297611185174,3.00524692196524
274.18575612373,21.3138375857897,3.89027757789599
532.316635539342,391.713932811442,3.51442290685105
79.9919496802472,70.740128727001,5.17364387801958
4.99010128353815,76.5737812846749,3.33893013534488
588.340106393215,227.842155489293,3.99087372397123
431.267787533634,458.145758591352,4.83382174739304
658.967666066258,375.618704689121,3.16226932011885
110.03748024047,486.516467768153,4.26839352384503
621.957519875333,87.5611096620958,4.080146895504
420.828389859694,258.103938305677,3.59584450375197
11.8081683067187,182.875375503109,3.38564622915479
66.4606347090699,112.282165784049,4.47796139756855
615.521554494639,202.539053934723,4.06372549755187
266.269883747189,219.631285715887,3.79239905272254
574.369051646747,432.926878554469,3.95535800747117
302.838331832329,137.20370002921,3.74464531418502
538.342884514243,459.249212757728,3.48406223293522
53.4926409600477,417.808664151892,4.04968053745999
202.688411243652,289.278091571478,4.12486082620142
538.934853442534,257.55766354396,4.20639138880173
171.959110606579,29.0904511734335,4.48674353767089
500.192377546509,335.150279963277,4.63800210866432
30.2876664479361,46.6968051598802,3.31587493114791
524.470388654047,135.782734930184,4.49504501661758
NA,NA,NA
661.691895327404,334.215999395608,3.4568593133728
457.348827287635,296.61206685819,3.58228025929477
11.0278889471305,495.497499185323,3.50519705297895
561.580263478622,51.5930661723902,4.20076443431847
69.3731768822049,378.066755229932,4.02885478750191
231.045111379846,417.686238043279,3.97398495969984
427.345116292327,12.1926842656019,3.37700373747441
363.277929312881,292.316185478551,2.92658313533671
597.119796903118,104.664562723249,4.18659495572315
390.735786131328,232.404878911852,4.22818447820747
572.634482625756,411.858554201697,4.78763608252807
138.627895393776,282.673707915614,4.58195102907251
198.939082840807,370.866918072205,4.16009408929007
122.748080232218,411.812476981035,3.31308974282517
628.151208105569,317.763877150958,4.59273270672491
1.47225410623292,148.998120627889,4.2828651242426
545.115088818513,199.725399279701,4.24552045808054
34.615236152285,492.297611185174,3.00524692196524
274.18575612373,21.3138375857897,3.89027757789599
532.316635539342,391.713932811442,3.51442290685105
79.9919496802472,70.740128727001,5.17364387801958
4.99010128353815,76.5737812846749,3.33893013534488
588.340106393215,227.842155489293,3.99087372397123
431.267787533634,458.145758591352,4.83382174739304
658.967666066258,375.618704689121,3.16226932011885
110.03748024047,486.516467768153,4.26839352384503
621.957519875333,87.5611096620958,4.080146895504
420.828389859694,258.103938305677,3.59584450375197
11.8081683067187,182.875375503109,3.38564622915479
66.4606347090699,112.282165784049,4.47796139756855
615.521554494639,202.539053934723,4.06372549755187
266.269883747189,219.631285715887,3.79239905272254
574.369051646747,432.926878554469,3.95535800747117
302.838331832329,137.20370002921,3.74464531418502
538.342884514243,459.249212757728,3.48406223293522
53.4926409600477,417.808664151892,4.04968053745999
202.688411243652,289.278091571478,4.12486082620142
538.934853442534,257.55766354396,4.20639138880173
171.959110606579,29.0904511734335,4.48674353767089
500.192377546509,335.150279963277,4.63800210866432
30.2876664479361,46.6968051598802,3.31587493114791
524.470388654047,135.782734930184,4.49504501661758
NA,NA,NA
661.691895327404,334.215999395608,3.4568593133728
457.348827287635,296.61206685819,3.58228025929477
11.0278889471305,495.497499185323,3.50519705297895
561.580263478622,51.5930661723902,4.20076443431847
69.3731768822049,378.066755229932,4.02885478750191
231.045111379846,417.686238043279,3.97398495969984
427.345116292327,12.1926842656019,3.37700373747441
363.277929312881,292.316185478551,2.92658313533671
597.119796903118,104.664562723249,4.18659495572315
390.735786131328,232.404878911852,4.22818447820747
572.634482625756,411.858554201697,4.78763608252807
138.627895393776,282.673707915614,4.58195102907251
198.939082840807,370.866918072205,4.16009408929007
122.748080232218,411.812476981035,3.31308974282517
628.151208105569,317.763877150958,4.59273270672491
1.47225410623292,148.998120627889,4.2828651242426
545.115088818513,199.725399279701,4.24552045808054
34.615236152285,492.297611185174,3.00524692196524
274.18575612373,21.3138375857897,3.89027757789599
532.316635539342,391.713932811442,3.51442290685105
79.9919496802472,70.740128727001,5.17364387801958
4.99010128353815,76.5737812846749,3.33893013534488
588.340106393215,227.842155489293,3.99087372397123
431.267787533634,458.145758591352,4.83382174739304
658.967666066258,375.618704689121,3.16226932011885
110.03748024047,486.516467768153,4.26839352384503
621.957519875333,87.5611096620958,4.080146895504
420.828389859694,258.103938305677,3.59584450375197
11.8081683067187,182.875375503109,3.38564622915479
66.4606347090699,112.282165784049,4.47796139756855
615.521554494639,202.539053934723,4.06372549755187
266.269883747189,219.631285715887,3.79239905272254
574.369051646747,432.926878554469,3.95535800747117
302.838331832329,137.20370002921,3.74464531418502
538.342884514243,459.249212757728,3.48406223293522
53.4926409600477,417.808664151892,4.04968053745999
202.688411243652,289.278091571478,4.12486082620142
538.934853442534,257.55766354396,4.20639138880173
171.959110606579,29.0904511734335,4.48674353767089
500.192377546509,335.150279963277,4.63800210866432
30.2876664479361,46.6968051598802,3.31587493114791
524.470388654047,135.782734930184,4.49504501661758
NA,NA,NA
661.691895327404,334.215999395608,3.4568593133728
457.348827287635,296.61206685819,3.58228025929477
11.0278889471305,495.497499185323,3.50519705297895
561.580263478622,51.5930661723902,4.20076443431847
69.3731768822049,378.066755229932,4.02885478750191
231.045111379846,417.686238043279,3.97398495969984
427.345116292327,12.1926842656019,3.37700373747441
363.277929312881,292.316185478551,2.92658313533671
597.119796903118,104.664562723249,4.18659495572315
390.735786131328,232.404878911852,4.22818447820747
572.634482625756,411.858554201697,4.78763608252807
138.627895393776,282.673707915614,4.58195102907251
198.939082840807,370.866918072205,4.16009408929007
122.748080232218,411.812476981035,3.31308974282517
628.151208105569,317.763877150958,4.59273270672491
1.47225410623292,148.998120627889,4.2828651242426
545.115088818513,199.725399279701,4.24552045808054
34.615236152285,492.297611185174,3.00524692196524
274.18575612373,21.3138375857897,3.89027757789599
532.316635539342,391.713932811442,3.51442290685105
79.9919496802472,70.740128727001,5.17364387801958
4.99010128353815,76.5737812846749,3.33893013534488
588.340106393215,227.842155489293,3.99087372397123
431.267787533634,458.145758591352,4.83382174739304
658.967666066258,375.618704689121,3.16226932011885
110.03748024047,486.516467768153,4.26839352384503
621.957519875333,87.5611096620958,4.080146895504
420.828389859694,258.103938305677,3.59584450375197
11.8081683067187,182.875375503109,3.38564622915479
66.4606347090699,112.282165784049,4.47796139756855
615.521554494639,202.539053934723,4.06372549755187
266.269883747189,219.631285715887,3.79239905272254
574.369051646747,432.926878554469,3.95535800747117
302.838331832329,137.20370002921,3.74464531418502
538.342884514243,459.249212757728,3.48406223293522
53.4926409600477,417.808664151892,4.04968053745999
202.688411243652,289.278091571478,4.12486082620142
538.934853442534,257.55766354396,4.20639138880173
171.959110606579,29.0904511734335,4.48674353767089
500.192377546509,335.150279963277,4.63800210866432
30.2876664479361,46.6968051598802,3.31587493114791
524.470388654047,135.782734930184,4.49504501661758
NA,NA,NA
663.881928924222,330.820346059199,3.59706734421926
455.753673565636,301.16299792839,3.63086514365301
8.99711835342518,493.828053124102,3.66614602311827
560.002035783153,54.3549397910231,4.09561321397516
73.7383847731704,375.210279404371,4.11380299835285
227.02484797442,413.542044443463,3.86095927763734
430.049431878217,12.479077127707,3.39734471468523
363.934687478199,292.588874791496,3.00703714681791
609.582275648937,107.493198331767,4.07227233890307
387.363076044029,229.858084054007,4.09635105427292
568.080334547553,402.673864443388,4.75504956068889
139.289263476757,282.189646744837,4.67561813394124
200.601402811008,374.459651962208,3.89993715413892
122.67842720878,413.944823883641,3.53936080976445
623.858990531549,315.432473215179,4.53098742433551
0.373210538993776,141.005737102521,4.2998074574919
543.373471747396,204.823390550319,4.03737435205585
33.1127801268831,491.598575738922,2.91008636068248
279.348487412697,22.4423079692946,3.83143602825944
532.573678665649,392.373631555306,3.44762783630606
68.9031368635282,76.0254488716861,5.2552958490696
4.81661574251196,75.6077178337255,3.45772629289608
593.019998680107,222.773979592568,4.01565277590881
444.166217597254,467.053997284694,4.84698723992421
659.338621373197,372.776249906878,2.83944769746917
101.515904321969,488.325343022649,4.30534825085586
623.923826548702,92.8493850120783,4.08617590905356
421.288669082349,258.608427072157,3.58324864154514
11.8914841987319,180.80358948262,3.20177765966305
77.8103663566485,95.1733778831122,4.17876069585712
623.750177019646,212.594586235892,3.96620703804847
256.508557618381,207.770435986858,3.32704697392819
582.878349186898,430.413192614937,3.88295698486364
302.040820607122,138.247784929779,3.68811280805737
526.85068042252,461.03425808176,3.77709136250168
54.77705144606,421.422449622413,3.96338042978117
196.097129989427,287.29930213096,4.04251032063338
545.863457156466,268.863728090745,3.84372148497341
161.634624655474,29.8802248358962,4.3258870196195
498.256517951543,349.821516517544,4.3179120435113
28.3746704775578,49.376066542592,3.22044425101107
523.374530240855,134.070928589967,4.59628205151302
NA,NA,NA
663.881928924222,330.820346059199,3.59706734421926
455.753673565636,301.16299792839,3.63086514365301
8.99711835342518,493.828053124102,3.66614602311827
560.002035783153,54.3549397910231,4.09561321397516
73.7383847731704,375.210279404371,4.11380299835285
227.02484797442,413.542044443463,3.86095927763734
430.049431878217,12.479077127707,3.39734471468523
363.934687478199,292.588874791496,3.00703714681791
609.582275648937,107.493198331767,4.07227233890307
387.363076044029,229.858084054007,4.09635105427292
568.080334547553,402.673864443388,4.75504956068889
139.289263476757,282.189646744837,4.67561813394124
200.601402811008,374.459651962208,3.89993715413892
122.67842720878,413.944823883641,3.53936080976445
623.858990531549,315.432473215179,4.53098742433551
0.373210538993776,141.005737102521,4.2998074574919
543.373471747396,204.823390550319,4.03737435205585
33.1127801268831,491.598575738922,2.91008636068248
279.348487412697,22.4423079692946,3.83143602825944
532.573678665649,392.373631555306,3.44762783630606
68.9031368635282,76.0254488716861,5.2552958490696
4.81661574251196,75.6077178337255,3.45772629289608
593.019998680107,222.773979592568,4.01565277590881
444.166217597254,467.053997284694,4.84698723992421
659.338621373197,372.776249906878,2.83944769746917
101.515904321969,488.325343022649,4.30534825085586
623.923826548702,92.8493850120783,4.08617590905356
421.288669082349,258.608427072157,3.58324864154514
11.8914841987319,180.80358948262,3.20177765966305
77.8103663566485,95.1733778831122,4.17876069585712
623.750177019646,212.594586235892,3.96620703804847
256.508557618381,207.770435986858,3.32704697392819
582.878349186898,430.413192614937,3.88295698486364
302.040820607122,138.247784929779,3.68811280805737
526.85068042252,461.03425808176,3.77709136250168
54.77705144606,421.422449622413,3.96338042978117
196.097129989427,287.29930213096,4.04251032063338
545.863457156466,268.863728090745,3.84372148497341
161.634624655474,29.8802248358962,4.3258870196195
498.256517951543,349.821516517544,4.3179120435113
28.3746704775578,49.376066542592,3.22044425101107
523.374530240855,134.070928589967,4.59628205151302
NA,NA,NA
663.881928924222,330.820346059199,3.59706734421926
455.753673565636,301.16299792839,3.63086514365301
8.99711835342518,493.828053124102,3.66614602311827
560.002035783153,54.3549397910231,4.09561321397516
73.7383847731704,375.210279404371,4.11380299835285
227.02484797442,413.542044443463,3.86095927763734
430.049431878217,12.479077127707,3.39734471468523
363.934687478199,292.588874791496,3.00703714681791
609.582275648937,107.493198331767,4.07227233890307
387.363076044029,229.858084054007,4.09635105427292
568.080334547553,402.673864443388,4.75504956068889
139.289263476757,282.189646744837,4.67561813394124
200.601402811008,374.459651962208,3.89993715413892
122.67842720878,413.944823883641,3.53936080976445
623.858990531549,315.432473215179,4.53098742433551
0.373210538993776,141.005737102521,4.2998074574919
543.373471747396,204.823390550319,4.03737435205585
33.1127801268831,491.598575738922,2.91008636068248
279.348487412697,22.4423079692946,3.83143602825944
532.573678665649,392.373631555306,3.44762783630606
68.9031368635282,76.0254488716861,5.2552958490696
4.81661574251196,75.6077178337255,3.45772629289608
593.019998680107,222.773979592568,4.01565277590881
444.166217597254,467.053997284694,4.84698723992421
659.338621373197,372.776249906878,2.83944769746917
101.515904321969,488.325343022649,4.30534825085586
623.923826548702,92.8493850120783,4.08617590905356
421.288669082349,258.608427072157,3.58324864154514
11.8914841987319,180.80358948262,3.20177765966305
77.8103663566485,95.1733778831122,4.17876069585712
623.750177019646,212.594586235892,3.96620703804847
256.508557618381,207.770435986858,3.32704697392819
582.878349186898,430.413192614937,3.88295698486364
302.040820607122,138.247784929779,3.68811280805737
526.85068042252,461.03425808176,3.77709136250168
54.77705144606,421.422449622413,3.96338042978117
196.097129989427,287.29930213096,4.04251032063338
545.863457156466,268.863728090745,3.84372148497341
161.634624655474,29.8802248358962,4.3258870196195
498.256517951543,349.821516517544,4.3179120435113
28.3746704775578,49.376066542592,3.22044425101107
523.374530240855,134.070928589967,4.59628205151302
NA,NA,NA
663.881928924222,330.820346059199,3.59706734421926
455.753673565636,301.16299792839,3.63086514365301
8.99711835342518,493.828053124102,3.66614602311827
560.002035783153,54.3549397910231,4.09561321397516
73.7383847731704,375.210279404371,4.11380299835285
227.02484797442,413.542044443463,3.86095927763734
430.049431878217,12.479077127707,3.39734471468523
363.934687478199,292.588874791496,3.00703714681791
609.582275648937,107.493198331767,4.07227233890307
387.363076044029,229.858084054007,4.09635105427292
568.080334547553,402.673864443388,4.75504956068889
139.289263476757,282.189646744837,4.67561813394124
200.601402811008,374.459651962208,3.89993715413892
122.67842720878,413.944823883641,3.53936080976445
623.858990531549,315.432473215179,4.53098742433551
0.373210538993776,141.005737102521,4.2998074574919
543.373471747396,204.823390550319,4.03737435205585
33.1127801268831,491.598575738922,2.91008636068248
279.348487412697,22.4423079692946,3.83143602825944
532.573678665649,392.373631555306,3.44762783630606
68.9031368635282,76.0254488716861,5.2552958490696
4.81661574251196,75.6077178337255,3.45772629289608
593.019998680107,222.773979592568,4.01565277590881
444.166217597254,467.053997284694,4.84698723992421
659.338621373197,372.776249906878,2.83944769746917
101.515904321969,488.325343022649,4.30534825085586
623.923826548702,92.8493850120783,4.08617590905356
421.288669082349,258.608427072157,3.58324864154514
11.8914841987319,180.80358948262,3.20177765966305
77.8103663566485,95.1733778831122,4.17876069585712
623.750177019646,212.594586235892,3.96620703804847
256.508557618381,207.770435986858,3.32704697392819
582.878349186898,430.413192614937,3.88295698486364
302.040820607122,138.247784929779,3.68811280805737
526.85068042252,461.03425808176,3.77709136250168
54.77705144606,421.422449622413,3.96338042978117
196.097129989427,287.29930213096,4.04251032063338
545.863457156466,268.863728090745,3.84372148497341
161.634624655474,29.8802248358962,4.3258870196195
498.256517951543,349.821516517544,4.3179120435113
28.3746704775578,49.376066542592,3.22044425101107
523.374530240855,134.070928589967,4.59628205151302
NA,NA,NA
663.881928924222,330.820346059199,3.59706734421926
455.753673565636,301.16299792839,3.63086514365301
8.99711835342518,493.828053124102,3.66614602311827
560.002035783153,54.3549397910231,4.09561321397516
73.7383847731704,375.210279404371,4.11380299835285
227.02484797442,413.542044443463,3.86095927763734
430.049431878217,12.479077127707,3.39734471468523
363.934687478199,292.588874791496,3.00703714681791
609.582275648937,107.493198331767,4.07227233890307
387.363076044029,229.858084054007,4.09635105427292
568.080334547553,402.673864443388,4.75504956068889
139.289263476757,282.189646744837,4.67561813394124
200.601402811008,374.459651962208,3.89993715413892
122.67842720878,413.944823883641,3.53936080976445
623.858990531549,315.432473215179,4.53098742433551
0.373210538993776,141.005737102521,4.2998074574919
543.373471747396,204.823390550319,4.03737435205585
33.1127801268831,491.598575738922,2.91008636068248
279.348487412697,22.4423079692946,3.83143602825944
532.573678665649,392.373631555306,3.44762783630606
68.9031368635282,76.0254488716861,5.2552958490696
4.81661574251196,75.6077178337255,3.45772629289608
593.019998680107,222.773979592568,4.01565277590881
444.166217597254,467.053997284694,4.84698723992421
659.338621373197,372.776249906878,2.83944769746917
101.515904321969,488.325343022649,4.30534825085586
623.923826548702,92.8493850120783,4.08617590905356
421.288669082349,258.608427072157,3.58324864154514
11.8914841987319,180.80358948262,3.20177765966305
77.8103663566485,95.1733778831122,4.17876069585712
623.750177019646,212.594586235892,3.96620703804847
256.508557618381,207.770435986858,3.32704697392819
582.878349186898,430.413192614937,3.88295698486364
302.040820607122,138.247784929779,3.68811280805737
526.85068042252,461.03425808176,3.77709136250168
54.77705144606,421.422449622413,3.96338042978117
196.097129989427,287.29930213096,4.04251032063338
545.863457156466,268.863728090745,3.84372148497341
161.634624655474,29.8802248358962,4.3258870196195
498.256517951543,349.821516517544,4.3179120435113
28.3746704775578,49.376066542592,3.22044425101107
523.374530240855,134.070928589967,4.59628205151302
NA,NA,NA
663.881928924222,330.820346059199,3.59706734421926
455.753673565636,301.16299792839,3.63086514365301
8.99711835342518,493.828053124102,3.66614602311827
560.002035783153,54.3549397910231,4.09561321397516
73.7383847731704,375.210279404371,4.11380299835285
227.02484797442,413.542044443463,3.86095927763734
430.049431878217,12.479077127707,3.39734471468523
363.934687478199,292.588874791496,3.00703714681791
609.582275648937,107.493198331767,4.07227233890307
387.363076044029,229.858084054007,4.09635105427292
568.080334547553,402.673864443388,4.75504956068889
139.289263476757,282.189646744837,4.67561813394124
200.601402811008,374.459651962208,3.89993715413892
122.67842720878,413.944823883641,3.53936080976445
623.858990531549,315.432473215179,4.53098742433551
0.373210538993776,141.005737102521,4.2998074574919
543.373471747396,204.823390550319,4.03737435205585
33.1127801268831,491.598575738922,2.91008636068248
279.348487412697,22.4423079692946,3.83143602825944
532.573678665649,392.373631555306,3.44762783630606
68.9031368635282,76.0254488716861,5.2552958490696
4.81661574251196,75.6077178337255,3.45772629289608
593.019998680107,222.773979592568,4.01565277590881
444.166217597254,467.053997284694,4.84698723992421
659.338621373197,372.776249906878,2.83944769746917
101.515904321969,488.325343022649,4.30534825085586
623.923826548702,92.8493850120783,4.08617590905356
421.288669082349,258.608427072157,3.58324864154514
11.8914841987319,180.80358948262,3.20177765966305
77.8103663566485,95.1733778831122,4.17876069585712
623.750177019646,212.594586235892,3.96620703804847
256.508557618381,207.770435986858,3.32704697392819
582.878349186898,430.413192614937,3.88295698486364
302.040820607122,138.247784929779,3.68811280805737
526.85068042252,461.03425808176,3.77709136250168
54.77705144606,421.422449622413,3.96338042978117
196.097129989427,287.29930213096,4.04251032063338
545.863457156466,268.863728090745,3.84372148497341
161.634624655474,29.8802248358962,4.3258870196195
498.256517951543,349.821516517544,4.3179120435113
28.3746704775578,49.376066542592,3.22044425101107
523.374530240855,134.070928589967,4.59628205151302
NA,NA,NA
661.430651795451,336.280492607984,3.5041712034373
458.454572025738,298.909043462313,3.40267870489706
9.40268285010515,496.725111477049,3.55695488083324
563.536509054478,47.7766316820747,4.23854794438183
74.3350670521696,377.919328638988,3.9550784523625
231.857855723695,413.074229059058,3.87962999832518
431.15640738842,13.7326200569923,3.4735780709166
363.234086664166,296.002557777037,3.10173039096716
608.238976492089,101.406373540841,4.19867253359866
396.593830352116,227.748932809211,4.25143611131368
565.973302946406,405.096622429302,4.69004805259292
135.245794722855,282.113920316917,4.61263670525963
198.607261403332,368.460926210696,4.10118295918938
127.022732438667,414.355190841466,3.43064781540928
629.797101179654,316.698242097739,4.52872300382013
-3.57503842865469,149.91230465478,4.20210627333437
545.916251159564,207.867816428977,4.15521268369806
35.0166261254461,490.162252311681,3.11350229987788
280.650098254841,22.5078033254369,3.81929384434971
534.554242195989,394.502222048349,3.50144582834037
67.1833013290904,81.0874628997456,5.22049804498088
8.10941844931672,80.570814166449,3.56397966749259
586.816336428531,230.304473106987,4.06167358566213
446.755682564373,455.246587614425,4.75694368698588
657.90972732918,373.029806800952,3.09055765662082
105.679000024697,483.23577004614,4.38290180678521
624.257263686639,92.2002286495398,4.12832395758953
417.93308562954,255.70201412835,3.5551446146361
11.5704909377343,180.225115305878,3.25414222557036
78.0034538728344,122.413236160473,4.28443781906348
612.07037338583,209.324827648315,4.36186137983383
258.752860362629,233.352345312783,3.7409845870592
576.657161655174,425.417410834572,3.73389155844744
301.969103907557,134.296857522831,3.96062739542978
528.759091875961,452.833341783275,3.7695859794399
52.4419149279451,410.966272962272,3.75628784685923
195.825367723198,286.965996147137,4.05823041009926
548.451422372906,273.22707351959,3.60624419276519
160.432285256082,34.1468801061973,4.45130211157351
506.424185577179,354.148793530501,4.61124570919361
40.3732773020266,60.4038453651575,3.79684837420035
519.376946970852,136.447741292319,4.7193303139374
NA,NA,NA
661.430651795451,336.280492607984,3.5041712034373
458.454572025738,298.909043462313,3.40267870489706
9.40268285010515,496.725111477049,3.55695488083324
563.536509054478,47.7766316820747,4.23854794438183
74.3350670521696,377.919328638988,3.9550784523625
231.857855723695,413.074229059058,3.87962999832518
431.15640738842,13.7326200569923,3.4735780709166
363.234086664166,296.002557777037,3.10173039096716
608.238976492089,101.406373540841,4.19867253359866
396.593830352116,227.748932809211,4.25143611131368
565.973302946406,405.096622429302,4.69004805259292
135.245794722855,282.113920316917,4.61263670525963
198.607261403332,368.460926210696,4.10118295918938
127.022732438667,414.355190841466,3.43064781540928
629.797101179654,316.698242097739,4.52872300382013
-3.57503842865469,149.91230465478,4.20210627333437
545.916251159564,207.867816428977,4.15521268369806
35.0166261254461,490.162252311681,3.11350229987788
280.650098254841,22.5078033254369,3.81929384434971
534.554242195989,394.502222048349,3.50144582834037
67.1833013290904,81.0874628997456,5.22049804498088
8.10941844931672,80.570814166449,3.56397966749259
586.816336428531,230.304473106987,4.06167358566213
446.755682564373,455.246587614425,4.75694368698588
657.90972732918,373.029806800952,3.09055765662082
105.679000024697,483.23577004614,4.38290180678521
624.257263686639,92.2002286495398,4.12832395758953
417.93308562954,255.70201412835,3.5551446146361
11.5704909377343,180.225115305878,3.25414222557036
78.0034538728344,122.413236160473,4.28443781906348
612.07037338583,209.324827648315,4.36186137983383
258.752860362629,233.352345312783,3.7409845870592
576.657161655174,425.417410834572,3.73389155844744
301.969103907557,134.296857522831,3.96062739542978
528.759091875961,452.833341783275,3.7695859794399
52.4419149279451,410.966272962272,3.75628784685923
195.825367723198,286.965996147137,4.05823041009926
548.451422372906,273.22707351959,3.60624419276519
160.432285256082,34.1468801061973,4.45130211157351
506.424185577179,354.148793530501,4.61124570919361
40.3732773020266,60.4038453651575,3.79684837420035
519.376946970852,136.447741292319,4.7193303139374
NA,NA,NA
661.430651795451,336.280492607984,3.5041712034373
458.454572025738,298.909043462313,3.40267870489706
9.40268285010515,496.725111477049,3.55695488083324
563.536509054478,47.7766316820747,4.23854794438183
74.3350670521696,377.919328638988,3.9550784523625
231.857855723695,413.074229059058,3.87962999832518
431.15640738842,13.7326200569923,3.4735780709166
363.234086664166,296.002557777037,3.10173039096716
608.238976492089,101.406373540841,4.19867253359866
396.593830352116,227.748932809211,4.25143611131368
565.973302946406,405.096622429302,4.69004805259292
135.245794722855,282.113920316917,4.61263670525963
198.607261403332,368.460926210696,4.10118295918938
127.022732438667,414.355190841466,3.43064781540928
629.797101179654,316.698242097739,4.52872300382013
-3.57503842865469,149.91230465478,4.20210627333437
545.916251159564,207.867816428977,4.15521268369806
35.0166261254461,490.162252311681,3.11350229987788
280.650098254841,22.5078033254369,3.81929384434971
534.554242195989,394.502222048349,3.50144582834037
67.1833013290904,81.0874628997456,5.22049804498088
8.10941844931672,80.570814166449,3.56397966749259
586.816336428531,230.304473106987,4.06167358566213
446.755682564373,455.246587614425,4.75694368698588
657.90972732918,373.029806800952,3.09055765662082
105.679000024697,483.23577004614,4.38290180678521
624.257263686639,92.2002286495398,4.12832395758953
417.93308562954,255.70201412835,3.5551446146361
11.5704909377343,180.225115305878,3.25414222557036
78.0034538728344,122.413236160473,4.28443781906348
612.07037338583,209.324827648315,4.36186137983383
258.752860362629,233.352345312783,3.7409845870592
576.657161655174,425.417410834572,3.73389155844744
301.969103907557,134.296857522831,3.96062739542978
528.759091875961,452.833341783275,3.7695859794399
52.4419149279451,410.966272962272,3.75628784685923
195.825367723198,286.965996147137,4.05823041009926
548.451422372906,273.22707351959,3.60624419276519
160.432285256082,34.1468801061973,4.45130211157351
506.424185577179,354.148793530501,4.61124570919361
40.3732773020266,60.4038453651575,3.79684837420035
519.376946970852,136.447741292319,4.7193303139374
NA,NA,NA
661.430651795451,336.280492607984,3.5041712034373
458.454572025738,298.909043462313,3.40267870489706
9.40268285010515,496.725111477049,3.55695488083324
563.536509054478,47.7766316820747,4.23854794438183
74.3350670521696,377.919328638988,3.9550784523625
231.857855723695,413.074229059058,3.87962999832518
431.15640738842,13.7326200569923,3.4735780709166
363.234086664166,296.002557777037,3.10173039096716
608.238976492089,101.406373540841,4.19867253359866
396.593830352116,227.748932809211,4.25143611131368
565.973302946406,405.096622429302,4.69004805259292
135.245794722855,282.113920316917,4.61263670525963
198.607261403332,368.460926210696,4.10118295918938
127.022732438667,414.355190841466,3.43064781540928
629.797101179654,316.698242097739,4.52872300382013
-3.57503842865469,149.91230465478,4.20210627333437
545.916251159564,207.867816428977,4.15521268369806
35.0166261254461,490.162252311681,3.11350229987788
280.650098254841,22.5078033254369,3.81929384434971
534.554242195989,394.502222048349,3.50144582834037
67.1833013290904,81.0874628997456,5.22049804498088
8.10941844931672,80.570814166449,3.56397966749259
586.816336428531,230.304473106987,4.06167358566213
446.755682564373,455.246587614425,4.75694368698588
657.90972732918,373.029806800952,3.09055765662082
105.679000024697,483.23577004614,4.38290180678521
624.257263686639,92.2002286495398,4.12832395758953
417.93308562954,255.70201412835,3.5551446146361
11.5704909377343,180.225115305878,3.25414222557036
78.0034538728344,122.413236160473,4.28443781906348
612.07037338583,209.324827648315,4.36186137983383
258.752860362629,233.352345312783,3.7409845870592
576.657161655174,425.417410834572,3.73389155844744
301.969103907557,134.296857522831,3.96062739542978
528.759091875961,452.833341783275,3.7695859794399
52.4419149279451,410.966272962272,3.75628784685923
195.825367723198,286.965996147137,4.05823041009926
548.451422372906,273.22707351959,3.60624419276519
160.432285256082,34.1468801061973,4.45130211157351
506.424185577179,354.148793530501,4.61124570919361
40.3732773020266,60.4038453651575,3.79684837420035
519.376946970852,136.447741292319,4.7193303139374
NA,NA,NA
661.430651795451,336.280492607984,3.5041712034373
458.454572025738,298.909043462313,3.40267870489706
9.40268285010515,496.725111477049,3.55695488083324
563.536509054478,47.7766316820747,4.23854794438183
74.3350670521696,377.919328638988,3.9550784523625
231.857855723695,413.074229059058,3.87962999832518
431.15640738842,13.7326200569923,3.4735780709166
363.234086664166,296.002557777037,3.10173039096716
608.238976492089,101.406373540841,4.19867253359866
396.593830352116,227.748932809211,4.25143611131368
565.973302946406,405.096622429302,4.69004805259292
135.245794722855,282.113920316917,4.61263670525963
198.607261403332,368.460926210696,4.10118295918938
127.022732438667,414.355190841466,3.43064781540928
629.797101179654,316.698242097739,4.52872300382013
-3.57503842865469,149.91230465478,4.20210627333437
545.916251159564,207.867816428977,4.15521268369806
35.0166261254461,490.162252311681,3.11350229987788
280.650098254841,22.5078033254369,3.81929384434971
534.554242195989,394.502222048349,3.50144582834037
67.1833013290904,81.0874628997456,5.22049804498088
8.10941844931672,80.570814166449,3.56397966749259
586.816336428531,230.304473106987,4.06167358566213
446.755682564373,455.246587614425,4.75694368698588
657.90972732918,373.029806800952,3.09055765662082
105.679000024697,483.23577004614,4.38290180678521
624.257263686639,92.2002286495398,4.12832395758953
417.93308562954,255.70201412835,3.5551446146361
11.5704909377343,180.225115305878,3.25414222557036
78.0034538728344,122.413236160473,4.28443781906348
612.07037338583,209.324827648315,4.36186137983383
258.752860362629,233.352345312783,3.7409845870592
576.657161655174,425.417410834572,3.73389155844744
301.969103907557,134.296857522831,3.96062739542978
528.759091875961,452.833341783275,3.7695859794399
52.4419149279451,410.966272962272,3.75628784685923
195.825367723198,286.965996147137,4.05823041009926
548.451422372906,273.22707351959,3.60624419276519
160.432285256082,34.1468801061973,4.45130211157351
506.424185577179,354.148793530501,4.61124570919361
40.3732773020266,60.4038453651575,3.79684837420035
519.376946970852,136.447741292319,4.7193303139374
NA,NA,NA
661.430651795451,336.280492607984,3.5041712034373
458.454572025738,298.909043462313,3.40267870489706
9.40268285010515,496.725111477049,3.55695488083324
563.536509054478,47.7766316820747,4.23854794438183
74.3350670521696,377.919328638988,3.9550784523625
231.857855723695,413.074229059058,3.87962999832518
431.15640738842,13.7326200569923,3.4735780709166
363.234086664166,296.002557777037,3.10173039096716
608.238976492089,101.406373540841,4.19867253359866
396.593830352116,227.748932809211,4.25143611131368
565.973302946406,405.096622429302,4.69004805259292
135.245794722855,282.113920316917,4.61263670525963
198.607261403332,368.460926210696,4.10118295918938
127.022732438667,414.355190841466,3.43064781540928
629.797101179654,316.698242097739,4.52872300382013
-3.57503842865469,149.91230465478,4.20210627333437
545.916251159564,207.867816428977,4.15521268369806
35.0166261254461,490.162252311681,3.11350229987788
280.650098254841,22.5078033254369,3.81929384434971
534.554242195989,394.502222048349,3.50144582834037
67.1833013290904,81.0874628997456,5.22049804498088
8.10941844931672,80.570814166449,3.56397966749259
586.816336428531,230.304473106987,4.06167358566213
446.755682564373,455.246587614425,4.75694368698588
657.90972732918,373.029806800952,3.09055765662082
105.679000024697,483.23577004614,4.38290180678521
624.257263686639,92.2002286495398,4.12832395758953
417.93308562954,255.70201412835,3.5551446146361
11.5704909377343,180.225115305878,3.25414222557036
78.0034538728344,122.413236160473,4.28443781906348
612.07037338583,209.324827648315,4.36186137983383
258.752860362629,233.352345312783,3.7409845870592
576.657161655174,425.417410834572,3.73389155844744
301.969103907557,134.296857522831,3.96062739542978
528.759091875961,452.833341783275,3.7695859794399
52.4419149279451,410.966272962272,3.75628784685923
195.825367723198,286.965996147137,4.05823041009926
548.451422372906,273.22707351959,3.60624419276519
160.432285256082,34.1468801061973,4.45130211157351
506.424185577179,354.148793530501,4.61124570919361
40.3732773020266,60.4038453651575,3.79684837420035
519.376946970852,136.447741292319,4.7193303139374
NA,NA,NA
663.125891872441,334.895617654332,3.43241857291814
453.739111353185,298.617125821472,3.6343289064951
12.8463778646413,494.984006886769,3.51622589166075
559.444608885839,52.2189485099234,4.1169320474106
69.7956439500021,375.948902151523,3.93047061357788
231.433691435228,413.664272111846,3.89325382535904
427.722896097587,15.2289499803192,3.28384065442187
364.498491571745,293.035455763607,2.96062586659355
601.590703893874,107.83919972446,4.14516366742096
392.272680222446,230.866769059694,4.16945769003354
565.828656336802,405.255808427469,4.772589457479
136.714957467702,286.062926251352,4.50306775619563
196.800189636931,366.678314824336,4.0407888986963
121.676769982632,410.062687104807,3.51692168131607
625.377886441369,315.071677648779,4.51907281051821
6.37178545333581,150.091563562023,4.23097810880417
547.390546859414,198.916704449593,4.15504175405079
35.2455839561137,493.457760113275,2.94105381234651
280.089015009186,24.9995684163329,3.94101254585847
536.564275943658,394.398456660693,3.55993577606021
67.6348750732791,82.8568747837082,5.14046253062564
4.13937425181582,77.9657676117491,3.45690470085319
584.63661520237,229.248363078391,4.07645655080876
439.44570857192,460.779279342921,4.80014043169394
657.655446538672,374.433951120417,3.03573431707197
106.116681265339,486.37788496429,4.42769702744619
623.425735217756,89.3477306745779,4.10218953160565
417.54518143104,258.634202099369,3.71709648085553
10.6388950565879,179.238942993823,3.43997247074425
69.0495663583444,103.340478380108,4.41498648868694
604.713973220908,202.645130131403,4.15974342472565
251.84123671377,219.801521655685,3.71119327616231
568.149600093844,444.409541778798,3.59839510098604
299.913751392694,135.547962614019,3.9194087295027
527.894663720841,460.064599236006,3.36698134361395
52.0448318503551,407.413722963199,3.73327548417524
193.373055910684,301.058789344006,3.83639473265966
548.880881564076,257.268655686132,3.69940919790442
174.804877846528,26.7301838515394,4.46925265297281
497.538124985569,344.907296619624,4.66333963954111
40.1463255434812,50.7783838173993,3.71463944822709
542.051519510498,131.035599805186,4.50330172563509
NA,NA,NA
663.125891872441,334.895617654332,3.43241857291814
453.739111353185,298.617125821472,3.6343289064951
12.8463778646413,494.984006886769,3.51622589166075
559.444608885839,52.2189485099234,4.1169320474106
69.7956439500021,375.948902151523,3.93047061357788
231.433691435228,413.664272111846,3.89325382535904
427.722896097587,15.2289499803192,3.28384065442187
364.498491571745,293.035455763607,2.96062586659355
601.590703893874,107.83919972446,4.14516366742096
392.272680222446,230.866769059694,4.16945769003354
565.828656336802,405.255808427469,4.772589457479
136.714957467702,286.062926251352,4.50306775619563
196.800189636931,366.678314824336,4.0407888986963
121.676769982632,410.062687104807,3.51692168131607
625.377886441369,315.071677648779,4.51907281051821
6.37178545333581,150.091563562023,4.23097810880417
547.390546859414,198.916704449593,4.15504175405079
35.2455839561137,493.457760113275,2.94105381234651
280.089015009186,24.9995684163329,3.94101254585847
536.564275943658,394.398456660693,3.55993577606021
67.6348750732791,82.8568747837082,5.14046253062564
4.13937425181582,77.9657676117491,3.45690470085319
584.63661520237,229.248363078391,4.07645655080876
439.44570857192,460.779279342921,4.80014043169394
657.655446538672,374.433951120417,3.03573431707197
106.116681265339,486.37788496429,4.42769702744619
623.425735217756,89.3477306745779,4.10218953160565
417.54518143104,258.634202099369,3.71709648085553
10.6388950565879,179.238942993823,3.43997247074425
69.0495663583444,103.340478380108,4.41498648868694
604.713973220908,202.645130131403,4.15974342472565
251.84123671377,219.801521655685,3.71119327616231
568.149600093844,444.409541778798,3.59839510098604
299.913751392694,135.547962614019,3.9194087295027
527.894663720841,460.064599236006,3.36698134361395
52.0448318503551,407.413722963199,3.73327548417524
193.373055910684,301.058789344006,3.83639473265966
548.880881564076,257.268655686132,3.69940919790442
174.804877846528,26.7301838515394,4.46925265297281
497.538124985569,344.907296619624,4.66333963954111
40.1463255434812,50.7783838173993,3.71463944822709
542.051519510498,131.035599805186,4.50330172563509
NA,NA,NA
663.125891872441,334.895617654332,3.43241857291814
453.739111353185,298.617125821472,3.6343289064951
12.8463778646413,494.984006886769,3.51622589166075
559.444608885839,52.2189485099234,4.1169320474106
69.7956439500021,375.948902151523,3.93047061357788
231.433691435228,413.664272111846,3.89325382535904
427.722896097587,15.2289499803192,3.28384065442187
364.498491571745,293.035455763607,2.96062586659355
601.590703893874,107.83919972446,4.14516366742096
392.272680222446,230.866769059694,4.16945769003354
565.828656336802,405.255808427469,4.772589457479
136.714957467702,286.062926251352,4.50306775619563
196.800189636931,366.678314824336,4.0407888986963
121.676769982632,410.062687104807,3.51692168131607
625.377886441369,315.071677648779,4.51907281051821
6.37178545333581,150.091563562023,4.23097810880417
547.390546859414,198.916704449593,4.15504175405079
35.2455839561137,493.457760113275,2.94105381234651
280.089015009186,24.9995684163329,3.94101254585847
536.564275943658,394.398456660693,3.55993577606021
67.6348750732791,82.8568747837082,5.14046253062564
4.13937425181582,77.9657676117491,3.45690470085319
584.63661520237,229.248363078391,4.07645655080876
439.44570857192,460.779279342921,4.80014043169394
657.655446538672,374.433951120417,3.03573431707197
106.116681265339,486.37788496429,4.42769702744619
623.425735217756,89.3477306745779,4.10218953160565
417.54518143104,258.634202099369,3.71709648085553
10.6388950565879,179.238942993823,3.43997247074425
69.0495663583444,103.340478380108,4.41498648868694
604.713973220908,202.645130131403,4.15974342472565
251.84123671377,219.801521655685,3.71119327616231
568.149600093844,444.409541778798,3.59839510098604
299.913751392694,135.547962614019,3.9194087295027
527.894663720841,460.064599236006,3.36698134361395
52.0448318503551,407.413722963199,3.73327548417524
193.373055910684,301.058789344006,3.83639473265966
548.880881564076,257.268655686132,3.69940919790442
174.804877846528,26.7301838515394,4.46925265297281
497.538124985569,344.907296619624,4.66333963954111
40.1463255434812,50.7783838173993,3.71463944822709
542.051519510498,131.035599805186,4.50330172563509
NA,NA,NA
663.125891872441,334.895617654332,3.43241857291814
453.739111353185,298.617125821472,3.6343289064951
12.8463778646413,494.984006886769,3.51622589166075
559.444608885839,52.2189485099234,4.1169320474106
69.7956439500021,375.948902151523,3.93047061357788
231.433691435228,413.664272111846,3.89325382535904
427.722896097587,15.2289499803192,3.28384065442187
364.498491571745,293.035455763607,2.96062586659355
601.590703893874,107.83919972446,4.14516366742096
392.272680222446,230.866769059694,4.16945769003354
565.828656336802,405.255808427469,4.772589457479
136.714957467702,286.062926251352,4.50306775619563
196.800189636931,366.678314824336,4.0407888986963
121.676769982632,410.062687104807,3.51692168131607
625.377886441369,315.071677648779,4.51907281051821
6.37178545333581,150.091563562023,4.23097810880417
547.390546859414,198.916704449593,4.15504175405079
35.2455839561137,493.457760113275,2.94105381234651
280.089015009186,24.9995684163329,3.94101254585847
536.564275943658,394.398456660693,3.55993577606021
67.6348750732791,82.8568747837082,5.14046253062564
4.13937425181582,77.9657676117491,3.45690470085319
584.63661520237,229.248363078391,4.07645655080876
439.44570857192,460.779279342921,4.80014043169394
657.655446538672,374.433951120417,3.03573431707197
106.116681265339,486.37788496429,4.42769702744619
623.425735217756,89.3477306745779,4.10218953160565
417.54518143104,258.634202099369,3.71709648085553
10.6388950565879,179.238942993823,3.43997247074425
69.0495663583444,103.340478380108,4.41498648868694
604.713973220908,202.645130131403,4.15974342472565
251.84123671377,219.801521655685,3.71119327616231
568.149600093844,444.409541778798,3.59839510098604
299.913751392694,135.547962614019,3.9194087295027
527.894663720841,460.064599236006,3.36698134361395
52.0448318503551,407.413722963199,3.73327548417524
193.373055910684,301.058789344006,3.83639473265966
548.880881564076,257.268655686132,3.69940919790442
174.804877846528,26.7301838515394,4.46925265297281
497.538124985569,344.907296619624,4.66333963954111
40.1463255434812,50.7783838173993,3.71463944822709
542.051519510498,131.035599805186,4.50330172563509
NA,NA,NA
663.125891872441,334.895617654332,3.43241857291814
453.739111353185,298.617125821472,3.6343289064951
12.8463778646413,494.984006886769,3.51622589166075
559.444608885839,52.2189485099234,4.1169320474106
69.7956439500021,375.948902151523,3.93047061357788
231.433691435228,413.664272111846,3.89325382535904
427.722896097587,15.2289499803192,3.28384065442187
364.498491571745,293.035455763607,2.96062586659355
601.590703893874,107.83919972446,4.14516366742096
392.272680222446,230.866769059694,4.16945769003354
565.828656336802,405.255808427469,4.772589457479
136.714957467702,286.062926251352,4.50306775619563
196.800189636931,366.678314824336,4.0407888986963
121.676769982632,410.062687104807,3.51692168131607
625.377886441369,315.071677648779,4.51907281051821
6.37178545333581,150.091563562023,4.23097810880417
547.390546859414,198.916704449593,4.15504175405079
35.2455839561137,493.457760113275,2.94105381234651
280.089015009186,24.9995684163329,3.94101254585847
536.564275943658,394.398456660693,3.55993577606021
67.6348750732791,82.8568747837082,5.14046253062564
4.13937425181582,77.9657676117491,3.45690470085319
584.63661520237,229.248363078391,4.07645655080876
439.44570857192,460.779279342921,4.80014043169394
657.655446538672,374.433951120417,3.03573431707197
106.116681265339,486.37788496429,4.42769702744619
623.425735217756,89.3477306745779,4.10218953160565
417.54518143104,258.634202099369,3.71709648085553
10.6388950565879,179.238942993823,3.43997247074425
69.0495663583444,103.340478380108,4.41498648868694
604.713973220908,202.645130131403,4.15974342472565
251.84123671377,219.801521655685,3.71119327616231
568.149600093844,444.409541778798,3.59839510098604
299.913751392694,135.547962614019,3.9194087295027
527.894663720841,460.064599236006,3.36698134361395
52.0448318503551,407.413722963199,3.73327548417524
193.373055910684,301.058789344006,3.83639473265966
548.880881564076,257.268655686132,3.69940919790442
174.804877846528,26.7301838515394,4.46925265297281
497.538124985569,344.907296619624,4.66333963954111
40.1463255434812,50.7783838173993,3.71463944822709
542.051519510498,131.035599805186,4.50330172563509
NA,NA,NA
663.125891872441,334.895617654332,3.43241857291814
453.739111353185,298.617125821472,3.6343289064951
12.8463778646413,494.984006886769,3.51622589166075
559.444608885839,52.2189485099234,4.1169320474106
69.7956439500021,375.948902151523,3.93047061357788
231.433691435228,413.664272111846,3.89325382535904
427.722896097587,15.2289499803192,3.28384065442187
364.498491571745,293.035455763607,2.96062586659355
601.590703893874,107.83919972446,4.14516366742096
392.272680222446,230.866769059694,4.16945769003354
565.828656336802,405.255808427469,4.772589457479
136.714957467702,286.062926251352,4.50306775619563
196.800189636931,366.678314824336,4.0407888986963
121.676769982632,410.062687104807,3.51692168131607
625.377886441369,315.071677648779,4.51907281051821
6.37178545333581,150.091563562023,4.23097810880417
547.390546859414,198.916704449593,4.15504175405079
35.2455839561137,493.457760113275,2.94105381234651
280.089015009186,24.9995684163329,3.94101254585847
536.564275943658,394.398456660693,3.55993577606021
67.6348750732791,82.8568747837082,5.14046253062564
4.13937425181582,77.9657676117491,3.45690470085319
584.63661520237,229.248363078391,4.07645655080876
439.44570857192,460.779279342921,4.80014043169394
657.655446538672,374.433951120417,3.03573431707197
106.116681265339,486.37788496429,4.42769702744619
623.425735217756,89.3477306745779,4.10218953160565
417.54518143104,258.634202099369,3.71709648085553
10.6388950565879,179.238942993823,3.43997247074425
69.0495663583444,103.340478380108,4.41498648868694
604.713973220908,202.645130131403,4.15974342472565
251.84123671377,219.801521655685,3.71119327616231
568.149600093844,444.409541778798,3.59839510098604
299.913751392694,135.547962614019,3.9194087295027
527.894663720841,460.064599236006,3.36698134361395
52.0448318503551,407.413722963199,3.73327548417524
193.373055910684,301.058789344006,3.83639473265966
548.880881564076,257.268655686132,3.69940919790442
174.804877846528,26.7301838515394,4.46925265297281
497.538124985569,344.907296619624,4.66333963954111
40.1463255434812,50.7783838173993,3.71463944822709
542.051519510498,131.035599805186,4.50330172563509
NA,NA,NA
667.22545036845,333.85141494814,3.58212750877089
457.714847345162,295.090069691986,3.61725376075626
10.2709457075158,495.501001609215,3.63880948663608
559.174132191675,54.2421044097405,4.25279820380638
65.6213161940269,374.151771238245,3.98686080349738
227.116641008574,413.293128889539,3.84459546495814
425.732073044752,12.6954753256795,3.29735218393235
362.777222146279,289.7415629831,3.00269161997154
606.984558655271,110.212322984239,4.12004329943622
394.053025665484,228.425964038486,4.22307119330139
565.979379135695,412.295163687515,4.73583797239171
146.750949466456,280.722047417851,4.5775896267531
200.551236067545,369.999653298717,3.97951977392136
125.849823661443,410.970373923709,3.38587280762943
631.199443943499,310.282676196184,4.65199139739631
-4.86276392887261,148.376901040318,4.22534887451201
537.814408635914,205.224068285438,4.13322071433004
34.8562759917864,491.434224693793,2.87047342624362
279.041444976777,23.8399764237892,3.92906372705602
536.126236815147,393.473856995265,3.35286044423544
72.6777332282884,77.7539256749546,5.28140728120728
6.72282926845826,73.8758589669894,3.46846000513891
590.336548262205,227.007534936919,4.05267979379545
442.695638149065,462.267696090094,4.79389569652389
657.520542015073,373.974130197907,2.9481234064733
108.564171512045,487.577409097384,4.35863496896365
626.990658388866,87.317753755692,4.0513500175078
423.800668655867,261.262791719147,3.64841245456636
13.0759671619934,182.350687365087,3.1045674288679
73.6318338457436,124.945447626238,4.43596963023986
613.987209946033,199.281953411425,3.76767332994967
255.706011654336,214.832843009754,3.98572017829549
567.200720667882,440.302129982419,3.68663739118666
308.609172606913,133.68109525608,3.66529860689068
528.359236281997,460.587465074105,3.81934401423858
46.0433126675144,430.067638419742,3.7160272290443
193.941114934808,292.414617453172,4.1936288079346
547.402517045824,264.320450328987,3.87784816436376
169.988102140648,24.620817409363,4.14461525611392
500.82619064877,345.763144179886,4.72212348433193
43.612737697493,48.5820781318762,4.12113351474172
517.30645201894,142.388653814903,4.33060179366908
NA,NA,NA
667.22545036845,333.85141494814,3.58212750877089
457.714847345162,295.090069691986,3.61725376075626
10.2709457075158,495.501001609215,3.63880948663608
559.174132191675,54.2421044097405,4.25279820380638
65.6213161940269,374.151771238245,3.98686080349738
227.116641008574,413.293128889539,3.84459546495814
425.732073044752,12.6954753256795,3.29735218393235
362.777222146279,289.7415629831,3.00269161997154
606.984558655271,110.212322984239,4.12004329943622
394.053025665484,228.425964038486,4.22307119330139
565.979379135695,412.295163687515,4.73583797239171
146.750949466456,280.722047417851,4.5775896267531
200.551236067545,369.999653298717,3.97951977392136
125.849823661443,410.970373923709,3.38587280762943
631.199443943499,310.282676196184,4.65199139739631
-4.86276392887261,148.376901040318,4.22534887451201
537.814408635914,205.224068285438,4.13322071433004
34.8562759917864,491.434224693793,2.87047342624362
279.041444976777,23.8399764237892,3.92906372705602
536.126236815147,393.473856995265,3.35286044423544
72.6777332282884,77.7539256749546,5.28140728120728
6.72282926845826,73.8758589669894,3.46846000513891
590.336548262205,227.007534936919,4.05267979379545
442.695638149065,462.267696090094,4.79389569652389
657.520542015073,373.974130197907,2.9481234064733
108.564171512045,487.577409097384,4.35863496896365
626.990658388866,87.317753755692,4.0513500175078
423.800668655867,261.262791719147,3.64841245456636
13.0759671619934,182.350687365087,3.1045674288679
73.6318338457436,124.945447626238,4.43596963023986
613.987209946033,199.281953411425,3.76767332994967
255.706011654336,214.832843009754,3.98572017829549
567.200720667882,440.302129982419,3.68663739118666
308.609172606913,133.68109525608,3.66529860689068
528.359236281997,460.587465074105,3.81934401423858
46.0433126675144,430.067638419742,3.7160272290443
193.941114934808,292.414617453172,4.1936288079346
547.402517045824,264.320450328987,3.87784816436376
169.988102140648,24.620817409363,4.14461525611392
500.82619064877,345.763144179886,4.72212348433193
43.612737697493,48.5820781318762,4.12113351474172
517.30645201894,142.388653814903,4.33060179366908
NA,NA,NA
667.22545036845,333.85141494814,3.58212750877089
457.714847345162,295.090069691986,3.61725376075626
10.2709457075158,495.501001609215,3.63880948663608
559.174132191675,54.2421044097405,4.25279820380638
65.6213161940269,374.151771238245,3.98686080349738
227.116641008574,413.293128889539,3.84459546495814
425.732073044752,12.6954753256795,3.29735218393235
362.777222146279,289.7415629831,3.00269161997154
606.984558655271,110.212322984239,4.12004329943622
394.053025665484,228.425964038486,4.22307119330139
565.979379135695,412.295163687515,4.73583797239171
146.750949466456,280.722047417851,4.5775896267531
200.551236067545,369.999653298717,3.97951977392136
125.849823661443,410.970373923709,3.38587280762943
631.199443943499,310.282676196184,4.65199139739631
-4.86276392887261,148.376901040318,4.22534887451201
537.814408635914,205.224068285438,4.13322071433004
34.8562759917864,491.434224693793,2.87047342624362
279.041444976777,23.8399764237892,3.92906372705602
536.126236815147,393.473856995265,3.35286044423544
72.6777332282884,77.7539256749546,5.28140728120728
6.72282926845826,73.8758589669894,3.46846000513891
590.336548262205,227.007534936919,4.05267979379545
442.695638149065,462.267696090094,4.79389569652389
657.520542015073,373.974130197907,2.9481234064733
108.564171512045,487.577409097384,4.35863496896365
626.990658388866,87.317753755692,4.0513500175078
423.800668655867,261.262791719147,3.64841245456636
13.0759671619934,182.350687365087,3.1045674288679
73.6318338457436,124.945447626238,4.43596963023986
613.987209946033,199.281953411425,3.76767332994967
255.706011654336,214.832843009754,3.98572017829549
567.200720667882,440.302129982419,3.68663739118666
308.609172606913,133.68109525608,3.66529860689068
528.359236281997,460.587465074105,3.81934401423858
46.0433126675144,430.067638419742,3.7160272290443
193.941114934808,292.414617453172,4.1936288079346
547.402517045824,264.320450328987,3.87784816436376
169.988102140648,24.620817409363,4.14461525611392
500.82619064877,345.763144179886,4.72212348433193
43.612737697493,48.5820781318762,4.12113351474172
517.30645201894,142.388653814903,4.33060179366908
NA,NA,NA
667.22545036845,333.85141494814,3.58212750877089
457.714847345162,295.090069691986,3.61725376075626
10.2709457075158,495.501001609215,3.63880948663608
559.174132191675,54.2421044097405,4.25279820380638
65.6213161940269,374.151771238245,3.98686080349738
227.116641008574,413.293128889539,3.84459546495814
425.732073044752,12.6954753256795,3.29735218393235
362.777222146279,289.7415629831,3.00269161997154
606.984558655271,110.212322984239,4.12004329943622
394.053025665484,228.425964038486,4.22307119330139
565.979379135695,412.295163687515,4.73583797239171
146.750949466456,280.722047417851,4.5775896267531
200.551236067545,369.999653298717,3.97951977392136
125.849823661443,410.970373923709,3.38587280762943
631.199443943499,310.282676196184,4.65199139739631
-4.86276392887261,148.376901040318,4.22534887451201
537.814408635914,205.224068285438,4.13322071433004
34.8562759917864,491.434224693793,2.87047342624362
279.041444976777,23.8399764237892,3.92906372705602
536.126236815147,393.473856995265,3.35286044423544
72.6777332282884,77.7539256749546,5.28140728120728
6.72282926845826,73.8758589669894,3.46846000513891
590.336548262205,227.007534936919,4.05267979379545
442.695638149065,462.267696090094,4.79389569652389
657.520542015073,373.974130197907,2.9481234064733
108.564171512045,487.577409097384,4.35863496896365
626.990658388866,87.317753755692,4.0513500175078
423.800668655867,261.262791719147,3.64841245456636
13.0759671619934,182.350687365087,3.1045674288679
73.6318338457436,124.945447626238,4.43596963023986
613.987209946033,199.281953411425,3.76767332994967
255.706011654336,214.832843009754,3.98572017829549
567.200720667882,440.302129982419,3.68663739118666
308.609172606913,133.68109525608,3.66529860689068
528.359236281997,460.587465074105,3.81934401423858
46.0433126675144,430.067638419742,3.7160272290443
193.941114934808,292.414617453172,4.1936288079346
547.402517045824,264.320450328987,3.87784816436376
169.988102140648,24.620817409363,4.14461525611392
500.82619064877,345.763144179886,4.72212348433193
43.612737697493,48.5820781318762,4.12113351474172
517.30645201894,142.388653814903,4.33060179366908
NA,NA,NA
667.22545036845,333.85141494814,3.58212750877089
457.714847345162,295.090069691986,3.61725376075626
10.2709457075158,495.501001609215,3.63880948663608
559.174132191675,54.2421044097405,4.25279820380638
65.6213161940269,374.151771238245,3.98686080349738
227.116641008574,413.293128889539,3.84459546495814
425.732073044752,12.6954753256795,3.29735218393235
362.777222146279,289.7415629831,3.00269161997154
606.984558655271,110.212322984239,4.12004329943622
394.053025665484,228.425964038486,4.22307119330139
565.979379135695,412.295163687515,4.73583797239171
146.750949466456,280.722047417851,4.5775896267531
200.551236067545,369.999653298717,3.97951977392136
125.849823661443,410.970373923709,3.38587280762943
631.199443943499,310.282676196184,4.65199139739631
-4.86276392887261,148.376901040318,4.22534887451201
537.814408635914,205.224068285438,4.13322071433004
34.8562759917864,491.434224693793,2.87047342624362
279.041444976777,23.8399764237892,3.92906372705602
536.126236815147,393.473856995265,3.35286044423544
72.6777332282884,77.7539256749546,5.28140728120728
6.72282926845826,73.8758589669894,3.46846000513891
590.336548262205,227.007534936919,4.05267979379545
442.695638149065,462.267696090094,4.79389569652389
657.520542015073,373.974130197907,2.9481234064733
108.564171512045,487.577409097384,4.35863496896365
626.990658388866,87.317753755692,4.0513500175078
423.800668655867,261.262791719147,3.64841245456636
13.0759671619934,182.350687365087,3.1045674288679
73.6318338457436,124.945447626238,4.43596963023986
613.987209946033,199.281953411425,3.76767332994967
255.706011654336,214.832843009754,3.98572017829549
567.200720667882,440.302129982419,3.68663739118666
308.609172606913,133.68109525608,3.66529860689068
528.359236281997,460.587465074105,3.81934401423858
46.0433126675144,430.067638419742,3.7160272290443
193.941114934808,292.414617453172,4.1936288079346
547.402517045824,264.320450328987,3.87784816436376
169.988102140648,24.620817409363,4.14461525611392
500.82619064877,345.763144179886,4.72212348433193
43.612737697493,48.5820781318762,4.12113351474172
517.30645201894,142.388653814903,4.33060179366908
NA,NA,NA
667.22545036845,333.85141494814,3.58212750877089
457.714847345162,295.090069691986,3.61725376075626
10.2709457075158,495.501001609215,3.63880948663608
559.174132191675,54.2421044097405,4.25279820380638
65.6213161940269,374.151771238245,3.98686080349738
227.116641008574,413.293128889539,3.84459546495814
425.732073044752,12.6954753256795,3.29735218393235
362.777222146279,289.7415629831,3.00269161997154
606.984558655271,110.212322984239,4.12004329943622
394.053025665484,228.425964038486,4.22307119330139
565.979379135695,412.295163687515,4.73583797239171
146.750949466456,280.722047417851,4.5775896267531
200.551236067545,369.999653298717,3.97951977392136
125.849823661443,410.970373923709,3.38587280762943
631.199443943499,310.282676196184,4.65199139739631
-4.86276392887261,148.376901040318,4.22534887451201
537.814408635914,205.224068285438,4.13322071433004
34.8562759917864,491.434224693793,2.87047342624362
279.041444976777,23.8399764237892,3.92906372705602
536.126236815147,393.473856995265,3.35286044423544
72.6777332282884,77.7539256749546,5.28140728120728
6.72282926845826,73.8758589669894,3.46846000513891
590.336548262205,227.007534936919,4.05267979379545
442.695638149065,462.267696090094,4.79389569652389
657.520542015073,373.974130197907,2.9481234064733
108.564171512045,487.577409097384,4.35863496896365
626.990658388866,87.317753755692,4.0513500175078
423.800668655867,261.262791719147,3.64841245456636
13.0759671619934,182.350687365087,3.1045674288679
73.6318338457436,124.945447626238,4.43596963023986
613.987209946033,199.281953411425,3.76767332994967
255.706011654336,214.832843009754,3.98572017829549
567.200720667882,440.302129982419,3.68663739118666
308.609172606913,133.68109525608,3.66529860689068
528.359236281997,460.587465074105,3.81934401423858
46.0433126675144,430.067638419742,3.7160272290443
193.941114934808,292.414617453172,4.1936288079346
547.402517045824,264.320450328987,3.87784816436376
169.988102140648,24.620817409363,4.14461525611392
500.82619064877,345.763144179886,4.72212348433193
43.612737697493,48.5820781318762,4.12113351474172
517.30645201894,142.388653814903,4.33060179366908
NA,NA,NA
661.572199497451,336.870517809583,3.54261010975167
457.247787960532,297.491479070036,3.49701957154363
9.75770848155759,491.35553763463,3.43040841751195
562.193061411406,52.9920925037002,4.2837671817771
68.587197937153,374.926115565923,3.99165217775434
224.837693967794,419.348685280659,3.95194742721599
428.32970292047,11.7152801597846,3.29852574736409
359.882482699796,292.403585775264,3.00297471271458
598.890321124544,102.96500576301,4.04256368585945
391.840127648691,227.406157325863,4.22360350264351
570.63947968979,403.396365048577,4.73746628291319
134.711499596856,286.645159004858,4.50866074439309
198.736241503847,369.07137803694,4.00928382129392
128.232527757539,412.672194723269,3.37544800067996
619.968595501858,317.046814645901,4.57646855032717
2.40231017897448,146.652363624982,4.31359738575253
541.103904014497,202.17993825707,4.0765860040282
33.4717788761461,492.191936436421,2.90959133329694
281.618397469878,20.9820307487751,3.79497388261433
530.087321278368,390.871251322492,3.35437351425399
69.068595928797,71.2151790851348,5.3017881078178
6.37063590952329,75.1743467359797,3.40710586592206
588.399399650551,232.083058526644,4.05056123800727
440.239061842116,460.351143564364,4.8301072331382
656.700684800906,373.194355804029,3.06252904968143
104.081571686276,488.890288361561,4.38653773785483
625.042646907027,88.1787008975781,4.10263446069607
421.655288690002,259.226056713831,3.64884229900629
11.1361035515994,178.942261855163,3.29799271292095
56.9886118430093,116.912343346753,4.6171946564561
612.304375807412,197.276868206159,4.56879350609627
256.760806838818,213.877099906411,4.12755590598225
572.923268834313,437.394077555182,3.90318827337281
301.16116422192,137.070991171657,3.87288182996819
526.552253077286,452.350876317596,3.76960746365606
50.7720505573101,409.832775430263,3.986184046608
194.48677410092,286.12571861254,3.86180393698715
559.140124298362,265.592924131056,3.7016959113601
167.530968504285,35.1578469799746,4.23201258411532
500.262231413333,344.294907176002,4.58903456562524
36.5811099863636,56.1234637740989,3.87382713614911
510.295795668749,148.031551270059,4.87958902305444
NA,NA,NA
661.572199497451,336.870517809583,3.54261010975167
457.247787960532,297.491479070036,3.49701957154363
9.75770848155759,491.35553763463,3.43040841751195
562.193061411406,52.9920925037002,4.2837671817771
68.587197937153,374.926115565923,3.99165217775434
224.837693967794,419.348685280659,3.95194742721599
428.32970292047,11.7152801597846,3.29852574736409
359.882482699796,292.403585775264,3.00297471271458
598.890321124544,102.96500576301,4.04256368585945
391.840127648691,227.406157325863,4.22360350264351
570.63947968979,403.396365048577,4.73746628291319
134.711499596856,286.645159004858,4.50866074439309
198.736241503847,369.07137803694,4.00928382129392
128.232527757539,412.672194723269,3.37544800067996
619.968595501858,317.046814645901,4.57646855032717
2.40231017897448,146.652363624982,4.31359738575253
541.103904014497,202.17993825707,4.0765860040282
33.4717788761461,492.191936436421,2.90959133329694
281.618397469878,20.9820307487751,3.79497388261433
530.087321278368,390.871251322492,3.35437351425399
69.068595928797,71.2151790851348,5.3017881078178
6.37063590952329,75.1743467359797,3.40710586592206
588.399399650551,232.083058526644,4.05056123800727
440.239061842116,460.351143564364,4.8301072331382
656.700684800906,373.194355804029,3.06252904968143
104.081571686276,488.890288361561,4.38653773785483
625.042646907027,88.1787008975781,4.10263446069607
421.655288690002,259.226056713831,3.64884229900629
11.1361035515994,178.942261855163,3.29799271292095
56.9886118430093,116.912343346753,4.6171946564561
612.304375807412,197.276868206159,4.56879350609627
256.760806838818,213.877099906411,4.12755590598225
572.923268834313,437.394077555182,3.90318827337281
301.16116422192,137.070991171657,3.87288182996819
526.552253077286,452.350876317596,3.76960746365606
50.7720505573101,409.832775430263,3.986184046608
194.48677410092,286.12571861254,3.86180393698715
559.140124298362,265.592924131056,3.7016959113601
167.530968504285,35.1578469799746,4.23201258411532
500.262231413333,344.294907176002,4.58903456562524
36.5811099863636,56.1234637740989,3.87382713614911
510.295795668749,148.031551270059,4.87958902305444
NA,NA,NA
661.572199497451,336.870517809583,3.54261010975167
457.247787960532,297.491479070036,3.49701957154363
9.75770848155759,491.35553763463,3.43040841751195
562.193061411406,52.9920925037002,4.2837671817771
68.587197937153,374.926115565923,3.99165217775434
224.837693967794,419.348685280659,3.95194742721599
428.32970292047,11.7152801597846,3.29852574736409
359.882482699796,292.403585775264,3.00297471271458
598.890321124544,102.96500576301,4.04256368585945
391.840127648691,227.406157325863,4.22360350264351
570.63947968979,403.396365048577,4.73746628291319
134.711499596856,286.645159004858,4.50866074439309
198.736241503847,369.07137803694,4.00928382129392
128.232527757539,412.672194723269,3.37544800067996
619.968595501858,317.046814645901,4.57646855032717
2.40231017897448,146.652363624982,4.31359738575253
541.103904014497,202.17993825707,4.0765860040282
33.4717788761461,492.191936436421,2.90959133329694
281.618397469878,20.9820307487751,3.79497388261433
530.087321278368,390.871251322492,3.35437351425399
69.068595928797,71.2151790851348,5.3017881078178
6.37063590952329,75.1743467359797,3.40710586592206
588.399399650551,232.083058526644,4.05056123800727
440.239061842116,460.351143564364,4.8301072331382
656.700684800906,373.194355804029,3.06252904968143
104.081571686276,488.890288361561,4.38653773785483
625.042646907027,88.1787008975781,4.10263446069607
421.655288690002,259.226056713831,3.64884229900629
11.1361035515994,178.942261855163,3.29799271292095
56.9886118430093,116.912343346753,4.6171946564561
612.304375807412,197.276868206159,4.56879350609627
256.760806838818,213.877099906411,4.12755590598225
572.923268834313,437.394077555182,3.90318827337281
301.16116422192,137.070991171657,3.87288182996819
526.552253077286,452.350876317596,3.76960746365606
50.7720505573101,409.832775430263,3.986184046608
194.48677410092,286.12571861254,3.86180393698715
559.140124298362,265.592924131056,3.7016959113601
167.530968504285,35.1578469799746,4.23201258411532
500.262231413333,344.294907176002,4.58903456562524
36.5811099863636,56.1234637740989,3.87382713614911
510.295795668749,148.031551270059,4.87958902305444
NA,NA,NA
661.572199497451,336.870517809583,3.54261010975167
457.247787960532,297.491479070036,3.49701957154363
9.75770848155759,491.35553763463,3.43040841751195
562.193061411406,52.9920925037002,4.2837671817771
68.587197937153,374.926115565923,3.99165217775434
224.837693967794,419.348685280659,3.95194742721599
428.32970292047,11.7152801597846,3.29852574736409
359.882482699796,292.403585775264,3.00297471271458
598.890321124544,102.96500576301,4.04256368585945
391.840127648691,227.406157325863,4.22360350264351
570.63947968979,403.396365048577,4.73746628291319
134.711499596856,286.645159004858,4.50866074439309
198.736241503847,369.07137803694,4.00928382129392
128.232527757539,412.672194723269,3.37544800067996
619.968595501858,317.046814645901,4.57646855032717
2.40231017897448,146.652363624982,4.31359738575253
541.103904014497,202.17993825707,4.0765860040282
33.4717788761461,492.191936436421,2.90959133329694
281.618397469878,20.9820307487751,3.79497388261433
530.087321278368,390.871251322492,3.35437351425399
69.068595928797,71.2151790851348,5.3017881078178
6.37063590952329,75.1743467359797,3.40710586592206
588.399399650551,232.083058526644,4.05056123800727
440.239061842116,460.351143564364,4.8301072331382
656.700684800906,373.194355804029,3.06252904968143
104.081571686276,488.890288361561,4.38653773785483
625.042646907027,88.1787008975781,4.10263446069607
421.655288690002,259.226056713831,3.64884229900629
11.1361035515994,178.942261855163,3.29799271292095
56.9886118430093,116.912343346753,4.6171946564561
612.304375807412,197.276868206159,4.56879350609627
256.760806838818,213.877099906411,4.12755590598225
572.923268834313,437.394077555182,3.90318827337281
301.16116422192,137.070991171657,3.87288182996819
526.552253077286,452.350876317596,3.76960746365606
50.7720505573101,409.832775430263,3.986184046608
194.48677410092,286.12571861254,3.86180393698715
559.140124298362,265.592924131056,3.7016959113601
167.530968504285,35.1578469799746,4.23201258411532
500.262231413333,344.294907176002,4.58903456562524
36.5811099863636,56.1234637740989,3.87382713614911
510.295795668749,148.031551270059,4.87958902305444
NA,NA,NA
661.572199497451,336.870517809583,3.54261010975167
457.247787960532,297.491479070036,3.49701957154363
9.75770848155759,491.35553763463,3.43040841751195
562.193061411406,52.9920925037002,4.2837671817771
68.587197937153,374.926115565923,3.99165217775434
224.837693967794,419.348685280659,3.95194742721599
428.32970292047,11.7152801597846,3.29852574736409
359.882482699796,292.403585775264,3.00297471271458
598.890321124544,102.96500576301,4.04256368585945
391.840127648691,227.406157325863,4.22360350264351
570.63947968979,403.396365048577,4.73746628291319
134.711499596856,286.645159004858,4.50866074439309
198.736241503847,369.07137803694,4.00928382129392
128.232527757539,412.672194723269,3.37544800067996
619.968595501858,317.046814645901,4.57646855032717
2.40231017897448,146.652363624982,4.31359738575253
541.103904014497,202.17993825707,4.0765860040282
33.4717788761461,492.191936436421,2.90959133329694
281.618397469878,20.9820307487751,3.79497388261433
530.087321278368,390.871251322492,3.35437351425399
69.068595928797,71.2151790851348,5.3017881078178
6.37063590952329,75.1743467359797,3.40710586592206
588.399399650551,232.083058526644,4.05056123800727
440.239061842116,460.351143564364,4.8301072331382
656.700684800906,373.194355804029,3.06252904968143
104.081571686276,488.890288361561,4.38653773785483
625.042646907027,88.1787008975781,4.10263446069607
421.655288690002,259.226056713831,3.64884229900629
11.1361035515994,178.942261855163,3.29799271292095
56.9886118430093,116.912343346753,4.6171946564561
612.304375807412,197.276868206159,4.56879350609627
256.760806838818,213.877099906411,4.12755590598225
572.923268834313,437.394077555182,3.90318827337281
301.16116422192,137.070991171657,3.87288182996819
526.552253077286,452.350876317596,3.76960746365606
50.7720505573101,409.832775430263,3.986184046608
194.48677410092,286.12571861254,3.86180393698715
559.140124298362,265.592924131056,3.7016959113601
167.530968504285,35.1578469799746,4.23201258411532
500.262231413333,344.294907176002,4.58903456562524
36.5811099863636,56.1234637740989,3.87382713614911
510.295795668749,148.031551270059,4.87958902305444
NA,NA,NA
661.572199497451,336.870517809583,3.54261010975167
457.247787960532,297.491479070036,3.49701957154363
9.75770848155759,491.35553763463,3.43040841751195
562.193061411406,52.9920925037002,4.2837671817771
68.587197937153,374.926115565923,3.99165217775434
224.837693967794,419.348685280659,3.95194742721599
428.32970292047,11.7152801597846,3.29852574736409
359.882482699796,292.403585775264,3.00297471271458
598.890321124544,102.96500576301,4.04256368585945
391.840127648691,227.406157325863,4.22360350264351
570.63947968979,403.396365048577,4.73746628291319
134.711499596856,286.645159004858,4.50866074439309
198.736241503847,369.07137803694,4.00928382129392
128.232527757539,412.672194723269,3.37544800067996
619.968595501858,317.046814645901,4.57646855032717
2.40231017897448,146.652363624982,4.31359738575253
541.103904014497,202.17993825707,4.0765860040282
33.4717788761461,492.191936436421,2.90959133329694
281.618397469878,20.9820307487751,3.79497388261433
530.087321278368,390.871251322492,3.35437351425399
69.068595928797,71.2151790851348,5.3017881078178
6.37063590952329,75.1743467359797,3.40710586592206
588.399399650551,232.083058526644,4.05056123800727
440.239061842116,460.351143564364,4.8301072331382
656.700684800906,373.194355804029,3.06252904968143
104.081571686276,488.890288361561,4.38653773785483
625.042646907027,88.1787008975781,4.10263446069607
421.655288690002,259.226056713831,3.64884229900629
11.1361035515994,178.942261855163,3.29799271292095
56.9886118430093,116.912343346753,4.6171946564561
612.304375807412,197.276868206159,4.56879350609627
256.760806838818,213.877099906411,4.12755590598225
572.923268834313,437.394077555182,3.90318827337281
301.16116422192,137.070991171657,3.87288182996819
526.552253077286,452.350876317596,3.76960746365606
50.7720505573101,409.832775430263,3.986184046608
194.48677410092,286.12571861254,3.86180393698715
559.140124298362,265.592924131056,3.7016959113601
167.530968504285,35.1578469799746,4.23201258411532
500.262231413333,344.294907176002,4.58903456562524
36.5811099863636,56.1234637740989,3.87382713614911
510.295795668749,148.031551270059,4.87958902305444
NA,NA,NA
661.545888840263,332.028307103109,3.66119257507165
452.833922878643,298.592047205011,3.65673838981505
14.174745082062,493.504216196942,3.61715155913624
559.035280480765,52.1894366053742,4.18985719619407
69.2797044589047,372.228750735815,4.07938148308226
225.679649827336,418.563473790294,3.95662950681182
430.516711469237,13.6617014337341,3.39051714042146
361.513483856502,293.587650273689,2.99129211132555
603.151474404107,103.714341052773,4.22419018800473
391.992001314032,227.807650104349,4.16702313613665
570.532020111206,408.505137850583,4.74871537382631
140.855266441497,283.992616193836,4.62077213158966
196.597645186901,372.079183557494,3.89717861425409
124.58455603955,408.981368877322,3.48444506550544
625.401378177102,316.064585047879,4.52053338396911
1.29248464204119,150.754898943802,4.17282913195491
542.790725033489,202.720187950457,4.20009637116413
34.7015984830205,492.053033161898,3.02448761234269
277.805083057716,21.412278541696,3.85354864200752
534.825299627235,394.603791634962,3.32531531171014
77.9501434188153,77.5169657443704,5.23224530545431
3.53090122315827,80.7656135358876,3.45844375341673
588.971731966471,228.462800003619,3.9951429770824
439.612206231949,459.127176764578,4.75942217726198
657.938687494983,373.862182079803,3.02044228284904
98.1267503330908,491.036901272542,4.38409859148354
624.759182351255,92.1966489401293,4.04333685220948
421.077373232744,257.999953083308,3.64393438032079
13.4418135498504,180.808199664762,3.06982062326753
66.5611785763531,127.249737954111,4.38348402461136
601.669402146903,194.250664632373,3.29322283983871
249.422356697369,224.542673256707,4.01149584954762
570.019182716061,437.541195010774,3.87192138600208
302.45228860737,134.544048693911,3.76177455617839
527.64794789865,456.40819265652,3.54332201278622
56.576892782702,420.769580352024,3.90536397069868
199.408270959322,298.968181956573,4.08638960415865
548.976540481821,264.05397109802,3.7453369063887
162.375617781209,28.7149267866321,4.17654343469214
504.027230869951,344.746854817566,4.52398749011801
31.6623860073697,58.4819286772227,3.69122295946999
520.731523822127,142.304259555009,4.87002320544335
NA,NA,NA
661.545888840263,332.028307103109,3.66119257507165
452.833922878643,298.592047205011,3.65673838981505
14.174745082062,493.504216196942,3.61715155913624
559.035280480765,52.1894366053742,4.18985719619407
69.2797044589047,372.228750735815,4.07938148308226
225.679649827336,418.563473790294,3.95662950681182
430.516711469237,13.6617014337341,3.39051714042146
361.513483856502,293.587650273689,2.99129211132555
603.151474404107,103.714341052773,4.22419018800473
391.992001314032,227.807650104349,4.16702313613665
570.532020111206,408.505137850583,4.74871537382631
140.855266441497,283.992616193836,4.62077213158966
196.597645186901,372.079183557494,3.89717861425409
124.58455603955,408.981368877322,3.48444506550544
625.401378177102,316.064585047879,4.52053338396911
1.29248464204119,150.754898943802,4.17282913195491
542.790725033489,202.720187950457,4.20009637116413
34.7015984830205,492.053033161898,3.02448761234269
277.805083057716,21.412278541696,3.85354864200752
534.825299627235,394.603791634962,3.32531531171014
77.9501434188153,77.5169657443704,5.23224530545431
3.53090122315827,80.7656135358876,3.45844375341673
588.971731966471,228.462800003619,3.9951429770824
439.612206231949,459.127176764578,4.75942217726198
657.938687494983,373.862182079803,3.02044228284904
98.1267503330908,491.036901272542,4.38409859148354
624.759182351255,92.1966489401293,4.04333685220948
421.077373232744,257.999953083308,3.64393438032079
13.4418135498504,180.808199664762,3.06982062326753
66.5611785763531,127.249737954111,4.38348402461136
601.669402146903,194.250664632373,3.29322283983871
249.422356697369,224.542673256707,4.01149584954762
570.019182716061,437.541195010774,3.87192138600208
302.45228860737,134.544048693911,3.76177455617839
527.64794789865,456.40819265652,3.54332201278622
56.576892782702,420.769580352024,3.90536397069868
199.408270959322,298.968181956573,4.08638960415865
548.976540481821,264.05397109802,3.7453369063887
162.375617781209,28.7149267866321,4.17654343469214
504.027230869951,344.746854817566,4.52398749011801
31.6623860073697,58.4819286772227,3.69122295946999
520.731523822127,142.304259555009,4.87002320544335
NA,NA,NA
661.545888840263,332.028307103109,3.66119257507165
452.833922878643,298.592047205011,3.65673838981505
14.174745082062,493.504216196942,3.61715155913624
559.035280480765,52.1894366053742,4.18985719619407
69.2797044589047,372.228750735815,4.07938148308226
225.679649827336,418.563473790294,3.95662950681182
430.516711469237,13.6617014337341,3.39051714042146
361.513483856502,293.587650273689,2.99129211132555
603.151474404107,103.714341052773,4.22419018800473
391.992001314032,227.807650104349,4.16702313613665
570.532020111206,408.505137850583,4.74871537382631
140.855266441497,283.992616193836,4.62077213158966
196.597645186901,372.079183557494,3.89717861425409
124.58455603955,408.981368877322,3.48444506550544
625.401378177102,316.064585047879,4.52053338396911
1.29248464204119,150.754898943802,4.17282913195491
542.790725033489,202.720187950457,4.20009637116413
34.7015984830205,492.053033161898,3.02448761234269
277.805083057716,21.412278541696,3.85354864200752
534.825299627235,394.603791634962,3.32531531171014
77.9501434188153,77.5169657443704,5.23224530545431
3.53090122315827,80.7656135358876,3.45844375341673
588.971731966471,228.462800003619,3.9951429770824
439.612206231949,459.127176764578,4.75942217726198
657.938687494983,373.862182079803,3.02044228284904
98.1267503330908,491.036901272542,4.38409859148354
624.759182351255,92.1966489401293,4.04333685220948
421.077373232744,257.999953083308,3.64393438032079
13.4418135498504,180.808199664762,3.06982062326753
66.5611785763531,127.249737954111,4.38348402461136
601.669402146903,194.250664632373,3.29322283983871
249.422356697369,224.542673256707,4.01149584954762
570.019182716061,437.541195010774,3.87192138600208
302.45228860737,134.544048693911,3.76177455617839
527.64794789865,456.40819265652,3.54332201278622
56.576892782702,420.769580352024,3.90536397069868
199.408270959322,298.968181956573,4.08638960415865
548.976540481821,264.05397109802,3.7453369063887
162.375617781209,28.7149267866321,4.17654343469214
504.027230869951,344.746854817566,4.52398749011801
31.6623860073697,58.4819286772227,3.69122295946999
520.731523822127,142.304259555009,4.87002320544335
NA,NA,NA
661.545888840263,332.028307103109,3.66119257507165
452.833922878643,298.592047205011,3.65673838981505
14.174745082062,493.504216196942,3.61715155913624
559.035280480765,52.1894366053742,4.18985719619407
69.2797044589047,372.228750735815,4.07938148308226
225.679649827336,418.563473790294,3.95662950681182
430.516711469237,13.6617014337341,3.39051714042146
361.513483856502,293.587650273689,2.99129211132555
603.151474404107,103.714341052773,4.22419018800473
391.992001314032,227.807650104349,4.16702313613665
570.532020111206,408.505137850583,4.74871537382631
140.855266441497,283.992616193836,4.62077213158966
196.597645186901,372.079183557494,3.89717861425409
124.58455603955,408.981368877322,3.48444506550544
625.401378177102,316.064585047879,4.52053338396911
1.29248464204119,150.754898943802,4.17282913195491
542.790725033489,202.720187950457,4.20009637116413
34.7015984830205,492.053033161898,3.02448761234269
277.805083057716,21.412278541696,3.85354864200752
534.825299627235,394.603791634962,3.32531531171014
77.9501434188153,77.5169657443704,5.23224530545431
3.53090122315827,80.7656135358876,3.45844375341673
588.971731966471,228.462800003619,3.9951429770824
439.612206231949,459.127176764578,4.75942217726198
657.938687494983,373.862182079803,3.02044228284904
98.1267503330908,491.036901272542,4.38409859148354
624.759182351255,92.1966489401293,4.04333685220948
421.077373232744,257.999953083308,3.64393438032079
13.4418135498504,180.808199664762,3.06982062326753
66.5611785763531,127.249737954111,4.38348402461136
601.669402146903,194.250664632373,3.29322283983871
249.422356697369,224.542673256707,4.01149584954762
570.019182716061,437.541195010774,3.87192138600208
302.45228860737,134.544048693911,3.76177455617839
527.64794789865,456.40819265652,3.54332201278622
56.576892782702,420.769580352024,3.90536397069868
199.408270959322,298.968181956573,4.08638960415865
548.976540481821,264.05397109802,3.7453369063887
162.375617781209,28.7149267866321,4.17654343469214
504.027230869951,344.746854817566,4.52398749011801
31.6623860073697,58.4819286772227,3.69122295946999
520.731523822127,142.304259555009,4.87002320544335
NA,NA,NA
661.545888840263,332.028307103109,3.66119257507165
452.833922878643,298.592047205011,3.65673838981505
14.174745082062,493.504216196942,3.61715155913624
559.035280480765,52.1894366053742,4.18985719619407
69.2797044589047,372.228750735815,4.07938148308226
225.679649827336,418.563473790294,3.95662950681182
430.516711469237,13.6617014337341,3.39051714042146
361.513483856502,293.587650273689,2.99129211132555
603.151474404107,103.714341052773,4.22419018800473
391.992001314032,227.807650104349,4.16702313613665
570.532020111206,408.505137850583,4.74871537382631
140.855266441497,283.992616193836,4.62077213158966
196.597645186901,372.079183557494,3.89717861425409
124.58455603955,408.981368877322,3.48444506550544
625.401378177102,316.064585047879,4.52053338396911
1.29248464204119,150.754898943802,4.17282913195491
542.790725033489,202.720187950457,4.20009637116413
34.7015984830205,492.053033161898,3.02448761234269
277.805083057716,21.412278541696,3.85354864200752
534.825299627235,394.603791634962,3.32531531171014
77.9501434188153,77.5169657443704,5.23224530545431
3.53090122315827,80.7656135358876,3.45844375341673
588.971731966471,228.462800003619,3.9951429770824
439.612206231949,459.127176764578,4.75942217726198
657.938687494983,373.862182079803,3.02044228284904
98.1267503330908,491.036901272542,4.38409859148354
624.759182351255,92.1966489401293,4.04333685220948
421.077373232744,257.999953083308,3.64393438032079
13.4418135498504,180.808199664762,3.06982062326753
66.5611785763531,127.249737954111,4.38348402461136
601.669402146903,194.250664632373,3.29322283983871
249.422356697369,224.542673256707,4.01149584954762
570.019182716061,437.541195010774,3.87192138600208
302.45228860737,134.544048693911,3.76177455617839
527.64794789865,456.40819265652,3.54332201278622
56.576892782702,420.769580352024,3.90536397069868
199.408270959322,298.968181956573,4.08638960415865
548.976540481821,264.05397109802,3.7453369063887
162.375617781209,28.7149267866321,4.17654343469214
504.027230869951,344.746854817566,4.52398749011801
31.6623860073697,58.4819286772227,3.69122295946999
520.731523822127,142.304259555009,4.87002320544335
NA,NA,NA
661.545888840263,332.028307103109,3.66119257507165
452.833922878643,298.592047205011,3.65673838981505
14.174745082062,493.504216196942,3.61715155913624
559.035280480765,52.1894366053742,4.18985719619407
69.2797044589047,372.228750735815,4.07938148308226
225.679649827336,418.563473790294,3.95662950681182
430.516711469237,13.6617014337341,3.39051714042146
361.513483856502,293.587650273689,2.99129211132555
603.151474404107,103.714341052773,4.22419018800473
391.992001314032,227.807650104349,4.16702313613665
570.532020111206,408.505137850583,4.74871537382631
140.855266441497,283.992616193836,4.62077213158966
196.597645186901,372.079183557494,3.89717861425409
124.58455603955,408.981368877322,3.48444506550544
625.401378177102,316.064585047879,4.52053338396911
1.29248464204119,150.754898943802,4.17282913195491
542.790725033489,202.720187950457,4.20009637116413
34.7015984830205,492.053033161898,3.02448761234269
277.805083057716,21.412278541696,3.85354864200752
534.825299627235,394.603791634962,3.32531531171014
77.9501434188153,77.5169657443704,5.23224530545431
3.53090122315827,80.7656135358876,3.45844375341673
588.971731966471,228.462800003619,3.9951429770824
439.612206231949,459.127176764578,4.75942217726198
657.938687494983,373.862182079803,3.02044228284904
98.1267503330908,491.036901272542,4.38409859148354
624.759182351255,92.1966489401293,4.04333685220948
421.077373232744,257.999953083308,3.64393438032079
13.4418135498504,180.808199664762,3.06982062326753
66.5611785763531,127.249737954111,4.38348402461136
601.669402146903,194.250664632373,3.29322283983871
249.422356697369,224.542673256707,4.01149584954762
570.019182716061,437.541195010774,3.87192138600208
302.45228860737,134.544048693911,3.76177455617839
527.64794789865,456.40819265652,3.54332201278622
56.576892782702,420.769580352024,3.90536397069868
199.408270959322,298.968181956573,4.08638960415865
548.976540481821,264.05397109802,3.7453369063887
162.375617781209,28.7149267866321,4.17654343469214
504.027230869951,344.746854817566,4.52398749011801
31.6623860073697,58.4819286772227,3.69122295946999
520.731523822127,142.304259555009,4.87002320544335
NA,NA,NA
657.979524195721,336.686298414867,3.54218862115807
456.518857819101,302.171207815146,3.60069995731048
11.3340606916256,490.550207090084,3.69413444820659
556.851107185769,48.9062336808808,4.18604780690739
73.8115836419108,372.206438038087,4.07213282444597
225.882803492692,411.905929761407,3.89685981347787
427.480488923408,13.1137504923583,3.33037836425016
362.374338132048,294.273450925083,2.97290425213113
607.761008406394,105.135078137903,4.27937537479685
391.306403589474,230.465579729221,4.11624482603784
567.495888913543,410.378158101063,4.7857630540472
137.305403614799,277.66561303831,4.59399929327296
198.742728135261,370.21502863454,4.06439195637549
124.06545072517,416.827669335914,3.6034747046031
629.625071250954,317.259653339989,4.6268897134389
3.1700139276976,148.067070758709,4.33901189305494
540.268856379918,201.925030367576,4.03091683087457
34.9785991024186,491.247650339293,2.97918333077113
280.354085482544,27.1779630534734,3.7673400833879
532.504028359459,390.672920918639,3.30850318273841
71.0991427602868,78.6048445671492,5.19022061945768
11.7203512411605,75.6701911172176,3.55025528020386
588.938464728166,227.323251937628,4.07639170923887
440.743970649409,462.681296183782,4.7651632891283
660.023228997321,376.586226054087,3.05793120827894
104.905254382465,488.182565878711,4.41137000243103
630.130711651341,89.6484581891864,4.12406561727237
420.300866142147,258.872569658144,3.56085386877677
12.0967220031815,181.242801027923,3.18029542201853
72.9189573430681,117.334551375054,4.44786504794033
613.410776049001,202.553086075772,4.09508543019102
256.246229107816,216.665855882195,3.63037455522223
569.910449868312,441.366608453459,3.79707469107197
300.81048031888,144.46709028526,3.91766995176014
519.54524147834,462.795487266587,3.40579833016744
37.5149303176827,418.575044110592,3.97227288032671
194.534837297992,279.875422802912,4.24469417122565
552.721589969512,262.09836982619,3.79254915264604
180.916195347963,21.1002830819865,4.4614565461324
504.923308733085,342.351199437025,4.53141078715756
37.8916648826811,44.1030444723033,4.12945541694862
517.120872094521,132.616777729929,4.40666424863041
NA,NA,NA
657.979524195721,336.686298414867,3.54218862115807
456.518857819101,302.171207815146,3.60069995731048
11.3340606916256,490.550207090084,3.69413444820659
556.851107185769,48.9062336808808,4.18604780690739
73.8115836419108,372.206438038087,4.07213282444597
225.882803492692,411.905929761407,3.89685981347787
427.480488923408,13.1137504923583,3.33037836425016
362.374338132048,294.273450925083,2.97290425213113
607.761008406394,105.135078137903,4.27937537479685
391.306403589474,230.465579729221,4.11624482603784
567.495888913543,410.378158101063,4.7857630540472
137.305403614799,277.66561303831,4.59399929327296
198.742728135261,370.21502863454,4.06439195637549
124.06545072517,416.827669335914,3.6034747046031
629.625071250954,317.259653339989,4.6268897134389
3.1700139276976,148.067070758709,4.33901189305494
540.268856379918,201.925030367576,4.03091683087457
34.9785991024186,491.247650339293,2.97918333077113
280.354085482544,27.1779630534734,3.7673400833879
532.504028359459,390.672920918639,3.30850318273841
71.0991427602868,78.6048445671492,5.19022061945768
11.7203512411605,75.6701911172176,3.55025528020386
588.938464728166,227.323251937628,4.07639170923887
440.743970649409,462.681296183782,4.7651632891283
660.023228997321,376.586226054087,3.05793120827894
104.905254382465,488.182565878711,4.41137000243103
630.130711651341,89.6484581891864,4.12406561727237
420.300866142147,258.872569658144,3.56085386877677
12.0967220031815,181.242801027923,3.18029542201853
72.9189573430681,117.334551375054,4.44786504794033
613.410776049001,202.553086075772,4.09508543019102
256.246229107816,216.665855882195,3.63037455522223
569.910449868312,441.366608453459,3.79707469107197
300.81048031888,144.46709028526,3.91766995176014
519.54524147834,462.795487266587,3.40579833016744
37.5149303176827,418.575044110592,3.97227288032671
194.534837297992,279.875422802912,4.24469417122565
552.721589969512,262.09836982619,3.79254915264604
180.916195347963,21.1002830819865,4.4614565461324
504.923308733085,342.351199437025,4.53141078715756
37.8916648826811,44.1030444723033,4.12945541694862
517.120872094521,132.616777729929,4.40666424863041
NA,NA,NA
657.979524195721,336.686298414867,3.54218862115807
456.518857819101,302.171207815146,3.60069995731048
11.3340606916256,490.550207090084,3.69413444820659
556.851107185769,48.9062336808808,4.18604780690739
73.8115836419108,372.206438038087,4.07213282444597
225.882803492692,411.905929761407,3.89685981347787
427.480488923408,13.1137504923583,3.33037836425016
362.374338132048,294.273450925083,2.97290425213113
607.761008406394,105.135078137903,4.27937537479685
391.306403589474,230.465579729221,4.11624482603784
567.495888913543,410.378158101063,4.7857630540472
137.305403614799,277.66561303831,4.59399929327296
198.742728135261,370.21502863454,4.06439195637549
124.06545072517,416.827669335914,3.6034747046031
629.625071250954,317.259653339989,4.6268897134389
3.1700139276976,148.067070758709,4.33901189305494
540.268856379918,201.925030367576,4.03091683087457
34.9785991024186,491.247650339293,2.97918333077113
280.354085482544,27.1779630534734,3.7673400833879
532.504028359459,390.672920918639,3.30850318273841
71.0991427602868,78.6048445671492,5.19022061945768
11.7203512411605,75.6701911172176,3.55025528020386
588.938464728166,227.323251937628,4.07639170923887
440.743970649409,462.681296183782,4.7651632891283
660.023228997321,376.586226054087,3.05793120827894
104.905254382465,488.182565878711,4.41137000243103
630.130711651341,89.6484581891864,4.12406561727237
420.300866142147,258.872569658144,3.56085386877677
12.0967220031815,181.242801027923,3.18029542201853
72.9189573430681,117.334551375054,4.44786504794033
613.410776049001,202.553086075772,4.09508543019102
256.246229107816,216.665855882195,3.63037455522223
569.910449868312,441.366608453459,3.79707469107197
300.81048031888,144.46709028526,3.91766995176014
519.54524147834,462.795487266587,3.40579833016744
37.5149303176827,418.575044110592,3.97227288032671
194.534837297992,279.875422802912,4.24469417122565
552.721589969512,262.09836982619,3.79254915264604
180.916195347963,21.1002830819865,4.4614565461324
504.923308733085,342.351199437025,4.53141078715756
37.8916648826811,44.1030444723033,4.12945541694862
517.120872094521,132.616777729929,4.40666424863041
NA,NA,NA
657.979524195721,336.686298414867,3.54218862115807
456.518857819101,302.171207815146,3.60069995731048
11.3340606916256,490.550207090084,3.69413444820659
556.851107185769,48.9062336808808,4.18604780690739
73.8115836419108,372.206438038087,4.07213282444597
225.882803492692,411.905929761407,3.89685981347787
427.480488923408,13.1137504923583,3.33037836425016
362.374338132048,294.273450925083,2.97290425213113
607.761008406394,105.135078137903,4.27937537479685
391.306403589474,230.465579729221,4.11624482603784
567.495888913543,410.378158101063,4.7857630540472
137.305403614799,277.66561303831,4.59399929327296
198.742728135261,370.21502863454,4.06439195637549
124.06545072517,416.827669335914,3.6034747046031
629.625071250954,317.259653339989,4.6268897134389
3.1700139276976,148.067070758709,4.33901189305494
540.268856379918,201.925030367576,4.03091683087457
34.9785991024186,491.247650339293,2.97918333077113
280.354085482544,27.1779630534734,3.7673400833879
532.504028359459,390.672920918639,3.30850318273841
71.0991427602868,78.6048445671492,5.19022061945768
11.7203512411605,75.6701911172176,3.55025528020386
588.938464728166,227.323251937628,4.07639170923887
440.743970649409,462.681296183782,4.7651632891283
660.023228997321,376.586226054087,3.05793120827894
104.905254382465,488.182565878711,4.41137000243103
630.130711651341,89.6484581891864,4.12406561727237
420.300866142147,258.872569658144,3.56085386877677
12.0967220031815,181.242801027923,3.18029542201853
72.9189573430681,117.334551375054,4.44786504794033
613.410776049001,202.553086075772,4.09508543019102
256.246229107816,216.665855882195,3.63037455522223
569.910449868312,441.366608453459,3.79707469107197
300.81048031888,144.46709028526,3.91766995176014
519.54524147834,462.795487266587,3.40579833016744
37.5149303176827,418.575044110592,3.97227288032671
194.534837297992,279.875422802912,4.24469417122565
552.721589969512,262.09836982619,3.79254915264604
180.916195347963,21.1002830819865,4.4614565461324
504.923308733085,342.351199437025,4.53141078715756
37.8916648826811,44.1030444723033,4.12945541694862
517.120872094521,132.616777729929,4.40666424863041
NA,NA,NA
657.979524195721,336.686298414867,3.54218862115807
456.518857819101,302.171207815146,3.60069995731048
11.3340606916256,490.550207090084,3.69413444820659
556.851107185769,48.9062336808808,4.18604780690739
73.8115836419108,372.206438038087,4.07213282444597
225.882803492692,411.905929761407,3.89685981347787
427.480488923408,13.1137504923583,3.33037836425016
362.374338132048,294.273450925083,2.97290425213113
607.761008406394,105.135078137903,4.27937537479685
391.306403589474,230.465579729221,4.11624482603784
567.495888913543,410.378158101063,4.7857630540472
137.305403614799,277.66561303831,4.59399929327296
198.742728135261,370.21502863454,4.06439195637549
124.06545072517,416.827669335914,3.6034747046031
629.625071250954,317.259653339989,4.6268897134389
3.1700139276976,148.067070758709,4.33901189305494
540.268856379918,201.925030367576,4.03091683087457
34.9785991024186,491.247650339293,2.97918333077113
280.354085482544,27.1779630534734,3.7673400833879
532.504028359459,390.672920918639,3.30850318273841
71.0991427602868,78.6048445671492,5.19022061945768
11.7203512411605,75.6701911172176,3.55025528020386
588.938464728166,227.323251937628,4.07639170923887
440.743970649409,462.681296183782,4.7651632891283
660.023228997321,376.586226054087,3.05793120827894
104.905254382465,488.182565878711,4.41137000243103
630.130711651341,89.6484581891864,4.12406561727237
420.300866142147,258.872569658144,3.56085386877677
12.0967220031815,181.242801027923,3.18029542201853
72.9189573430681,117.334551375054,4.44786504794033
613.410776049001,202.553086075772,4.09508543019102
256.246229107816,216.665855882195,3.63037455522223
569.910449868312,441.366608453459,3.79707469107197
300.81048031888,144.46709028526,3.91766995176014
519.54524147834,462.795487266587,3.40579833016744
37.5149303176827,418.575044110592,3.97227288032671
194.534837297992,279.875422802912,4.24469417122565
552.721589969512,262.09836982619,3.79254915264604
180.916195347963,21.1002830819865,4.4614565461324
504.923308733085,342.351199437025,4.53141078715756
37.8916648826811,44.1030444723033,4.12945541694862
517.120872094521,132.616777729929,4.40666424863041
NA,NA,NA
657.979524195721,336.686298414867,3.54218862115807
456.518857819101,302.171207815146,3.60069995731048
11.3340606916256,490.550207090084,3.69413444820659
556.851107185769,48.9062336808808,4.18604780690739
73.8115836419108,372.206438038087,4.07213282444597
225.882803492692,411.905929761407,3.89685981347787
427.480488923408,13.1137504923583,3.33037836425016
362.374338132048,294.273450925083,2.97290425213113
607.761008406394,105.135078137903,4.27937537479685
391.306403589474,230.465579729221,4.11624482603784
567.495888913543,410.378158101063,4.7857630540472
137.305403614799,277.66561303831,4.59399929327296
198.742728135261,370.21502863454,4.06439195637549
124.06545072517,416.827669335914,3.6034747046031
629.625071250954,317.259653339989,4.6268897134389
3.1700139276976,148.067070758709,4.33901189305494
540.268856379918,201.925030367576,4.03091683087457
34.9785991024186,491.247650339293,2.97918333077113
280.354085482544,27.1779630534734,3.7673400833879
532.504028359459,390.672920918639,3.30850318273841
71.0991427602868,78.6048445671492,5.19022061945768
11.7203512411605,75.6701911172176,3.55025528020386
588.938464728166,227.323251937628,4.07639170923887
440.743970649409,462.681296183782,4.7651632891283
660.023228997321,376.586226054087,3.05793120827894
104.905254382465,488.182565878711,4.41137000243103
630.130711651341,89.6484581891864,4.12406561727237
420.300866142147,258.872569658144,3.56085386877677
12.0967220031815,181.242801027923,3.18029542201853
72.9189573430681,117.334551375054,4.44786504794033
613.410776049001,202.553086075772,4.09508543019102
256.246229107816,216.665855882195,3.63037455522223
569.910449868312,441.366608453459,3.79707469107197
300.81048031888,144.46709028526,3.91766995176014
519.54524147834,462.795487266587,3.40579833016744
37.5149303176827,418.575044110592,3.97227288032671
194.534837297992,279.875422802912,4.24469417122565
552.721589969512,262.09836982619,3.79254915264604
180.916195347963,21.1002830819865,4.4614565461324
504.923308733085,342.351199437025,4.53141078715756
37.8916648826811,44.1030444723033,4.12945541694862
517.120872094521,132.616777729929,4.40666424863041
NA,NA,NA
661.140337847518,334.37211171263,3.53825054367684
454.243988382121,293.923104584316,3.51232563373714
13.976098779387,495.9745183828,3.71856748181787
563.763293954657,48.340785389449,4.22837301902792
72.9989860025865,375.838464997408,3.96402142224776
228.79314222546,414.158117245848,3.92492731050416
425.474674614607,12.9075611045339,3.2159988328099
360.128043492189,291.16923569303,2.93285857748895
604.252227334581,101.379165186605,4.13620444630528
394.701664129987,228.853340738596,4.18337128842427
569.577046173325,408.126241554136,4.70305501342998
141.550142217262,286.741325985397,4.55860229509998
199.044735036986,370.375342136924,4.01950677605592
124.336062967458,406.797546258497,3.38556656397224
626.964154963908,323.04420286305,4.63009596582522
6.24209751399527,147.894140638062,4.25405486070751
543.362391488564,199.875644702268,4.10646093267541
31.8516172325411,490.647902289589,3.01201232005104
280.449444039416,21.7267442249748,3.84624393286213
534.634343499092,394.485039888422,3.44898368197768
82.6920086476163,79.626014856439,5.25983027530745
8.47103098738048,75.8487740402894,3.48053722352953
590.142318034251,227.585249592144,3.94407155552086
445.913792889078,460.433647571806,4.7406852968032
657.608870193697,373.690874091528,3.12926582287666
102.178811998586,481.112986505926,4.17533868849358
620.158980348063,89.5842742726517,4.03456004301723
418.10754228772,258.339626009082,3.65604908780067
10.9300140093418,180.788250038595,3.17350359744092
63.5581817782303,115.330882257208,4.23784898682619
599.788237072467,201.943559191559,4.74735434026505
257.7059500502,228.167670412601,3.78351612531906
579.008507129506,426.616870304844,3.81959097186783
302.629787316642,139.487100188314,4.02643996412191
532.865804017054,455.642348560127,3.52278756433117
46.7856627811984,418.19864804676,3.86391058695823
195.162374784181,291.767410332752,3.66014908262851
544.204779360618,260.033975873323,3.98357342550581
177.818111434798,32.3961286657141,4.36066618234348
503.333845820029,346.743709370324,4.37803854267262
34.6626647019613,60.8451162867536,3.91507018756353
541.44499204479,149.1620533499,4.72041930514181
NA,NA,NA
661.140337847518,334.37211171263,3.53825054367684
454.243988382121,293.923104584316,3.51232563373714
13.976098779387,495.9745183828,3.71856748181787
563.763293954657,48.340785389449,4.22837301902792
72.9989860025865,375.838464997408,3.96402142224776
228.79314222546,414.158117245848,3.92492731050416
425.474674614607,12.9075611045339,3.2159988328099
360.128043492189,291.16923569303,2.93285857748895
604.252227334581,101.379165186605,4.13620444630528
394.701664129987,228.853340738596,4.18337128842427
569.577046173325,408.126241554136,4.70305501342998
141.550142217262,286.741325985397,4.55860229509998
199.044735036986,370.375342136924,4.01950677605592
124.336062967458,406.797546258497,3.38556656397224
626.964154963908,323.04420286305,4.63009596582522
6.24209751399527,147.894140638062,4.25405486070751
543.362391488564,199.875644702268,4.10646093267541
31.8516172325411,490.647902289589,3.01201232005104
280.449444039416,21.7267442249748,3.84624393286213
534.634343499092,394.485039888422,3.44898368197768
82.6920086476163,79.626014856439,5.25983027530745
8.47103098738048,75.8487740402894,3.48053722352953
590.142318034251,227.585249592144,3.94407155552086
445.913792889078,460.433647571806,4.7406852968032
657.608870193697,373.690874091528,3.12926582287666
102.178811998586,481.112986505926,4.17533868849358
620.158980348063,89.5842742726517,4.03456004301723
418.10754228772,258.339626009082,3.65604908780067
10.9300140093418,180.788250038595,3.17350359744092
63.5581817782303,115.330882257208,4.23784898682619
599.788237072467,201.943559191559,4.74735434026505
257.7059500502,228.167670412601,3.78351612531906
579.008507129506,426.616870304844,3.81959097186783
302.629787316642,139.487100188314,4.02643996412191
532.865804017054,455.642348560127,3.52278756433117
46.7856627811984,418.19864804676,3.86391058695823
195.162374784181,291.767410332752,3.66014908262851
544.204779360618,260.033975873323,3.98357342550581
177.818111434798,32.3961286657141,4.36066618234348
503.333845820029,346.743709370324,4.37803854267262
34.6626647019613,60.8451162867536,3.91507018756353
541.44499204479,149.1620533499,4.72041930514181
NA,NA,NA
661.140337847518,334.37211171263,3.53825054367684
454.243988382121,293.923104584316,3.51232563373714
13.976098779387,495.9745183828,3.71856748181787
563.763293954657,48.340785389449,4.22837301902792
72.9989860025865,375.838464997408,3.96402142224776
228.79314222546,414.158117245848,3.92492731050416
425.474674614607,12.9075611045339,3.2159988328099
360.128043492189,291.16923569303,2.93285857748895
604.252227334581,101.379165186605,4.13620444630528
394.701664129987,228.853340738596,4.18337128842427
569.577046173325,408.126241554136,4.70305501342998
141.550142217262,286.741325985397,4.55860229509998
199.044735036986,370.375342136924,4.01950677605592
124.336062967458,406.797546258497,3.38556656397224
626.964154963908,323.04420286305,4.63009596582522
6.24209751399527,147.894140638062,4.25405486070751
543.362391488564,199.875644702268,4.10646093267541
31.8516172325411,490.647902289589,3.01201232005104
280.449444039416,21.7267442249748,3.84624393286213
534.634343499092,394.485039888422,3.44898368197768
82.6920086476163,79.626014856439,5.25983027530745
8.47103098738048,75.8487740402894,3.48053722352953
590.142318034251,227.585249592144,3.94407155552086
445.913792889078,460.433647571806,4.7406852968032
657.608870193697,373.690874091528,3.12926582287666
102.178811998586,481.112986505926,4.17533868849358
620.158980348063,89.5842742726517,4.03456004301723
418.10754228772,258.339626009082,3.65604908780067
10.9300140093418,180.788250038595,3.17350359744092
63.5581817782303,115.330882257208,4.23784898682619
599.788237072467,201.943559191559,4.74735434026505
257.7059500502,228.167670412601,3.78351612531906
579.008507129506,426.616870304844,3.81959097186783
302.629787316642,139.487100188314,4.02643996412191
532.865804017054,455.642348560127,3.52278756433117
46.7856627811984,418.19864804676,3.86391058695823
195.162374784181,291.767410332752,3.66014908262851
544.204779360618,260.033975873323,3.98357342550581
177.818111434798,32.3961286657141,4.36066618234348
503.333845820029,346.743709370324,4.37803854267262
34.6626647019613,60.8451162867536,3.91507018756353
541.44499204479,149.1620533499,4.72041930514181
NA,NA,NA
661.140337847518,334.37211171263,3.53825054367684
454.243988382121,293.923104584316,3.51232563373714
13.976098779387,495.9745183828,3.71856748181787
563.763293954657,48.340785389449,4.22837301902792
72.9989860025865,375.838464997408,3.96402142224776
228.79314222546,414.158117245848,3.92492731050416
425.474674614607,12.9075611045339,3.2159988328099
360.128043492189,291.16923569303,2.93285857748895
604.252227334581,101.379165186605,4.13620444630528
394.701664129987,228.853340738596,4.18337128842427
569.577046173325,408.126241554136,4.70305501342998
141.550142217262,286.741325985397,4.55860229509998
199.044735036986,370.375342136924,4.01950677605592
124.336062967458,406.797546258497,3.38556656397224
626.964154963908,323.04420286305,4.63009596582522
6.24209751399527,147.894140638062,4.25405486070751
543.362391488564,199.875644702268,4.10646093267541
31.8516172325411,490.647902289589,3.01201232005104
280.449444039416,21.7267442249748,3.84624393286213
534.634343499092,394.485039888422,3.44898368197768
82.6920086476163,79.626014856439,5.25983027530745
8.47103098738048,75.8487740402894,3.48053722352953
590.142318034251,227.585249592144,3.94407155552086
445.913792889078,460.433647571806,4.7406852968032
657.608870193697,373.690874091528,3.12926582287666
102.178811998586,481.112986505926,4.17533868849358
620.158980348063,89.5842742726517,4.03456004301723
418.10754228772,258.339626009082,3.65604908780067
10.9300140093418,180.788250038595,3.17350359744092
63.5581817782303,115.330882257208,4.23784898682619
599.788237072467,201.943559191559,4.74735434026505
257.7059500502,228.167670412601,3.78351612531906
579.008507129506,426.616870304844,3.81959097186783
302.629787316642,139.487100188314,4.02643996412191
532.865804017054,455.642348560127,3.52278756433117
46.7856627811984,418.19864804676,3.86391058695823
195.162374784181,291.767410332752,3.66014908262851
544.204779360618,260.033975873323,3.98357342550581
177.818111434798,32.3961286657141,4.36066618234348
503.333845820029,346.743709370324,4.37803854267262
34.6626647019613,60.8451162867536,3.91507018756353
541.44499204479,149.1620533499,4.72041930514181
NA,NA,NA
661.140337847518,334.37211171263,3.53825054367684
454.243988382121,293.923104584316,3.51232563373714
13.976098779387,495.9745183828,3.71856748181787
563.763293954657,48.340785389449,4.22837301902792
72.9989860025865,375.838464997408,3.96402142224776
228.79314222546,414.158117245848,3.92492731050416
425.474674614607,12.9075611045339,3.2159988328099
360.128043492189,291.16923569303,2.93285857748895
604.252227334581,101.379165186605,4.13620444630528
394.701664129987,228.853340738596,4.18337128842427
569.577046173325,408.126241554136,4.70305501342998
141.550142217262,286.741325985397,4.55860229509998
199.044735036986,370.375342136924,4.01950677605592
124.336062967458,406.797546258497,3.38556656397224
626.964154963908,323.04420286305,4.63009596582522
6.24209751399527,147.894140638062,4.25405486070751
543.362391488564,199.875644702268,4.10646093267541
31.8516172325411,490.647902289589,3.01201232005104
280.449444039416,21.7267442249748,3.84624393286213
534.634343499092,394.485039888422,3.44898368197768
82.6920086476163,79.626014856439,5.25983027530745
8.47103098738048,75.8487740402894,3.48053722352953
590.142318034251,227.585249592144,3.94407155552086
445.913792889078,460.433647571806,4.7406852968032
657.608870193697,373.690874091528,3.12926582287666
102.178811998586,481.112986505926,4.17533868849358
620.158980348063,89.5842742726517,4.03456004301723
418.10754228772,258.339626009082,3.65604908780067
10.9300140093418,180.788250038595,3.17350359744092
63.5581817782303,115.330882257208,4.23784898682619
599.788237072467,201.943559191559,4.74735434026505
257.7059500502,228.167670412601,3.78351612531906
579.008507129506,426.616870304844,3.81959097186783
302.629787316642,139.487100188314,4.02643996412191
532.865804017054,455.642348560127,3.52278756433117
46.7856627811984,418.19864804676,3.86391058695823
195.162374784181,291.767410332752,3.66014908262851
544.204779360618,260.033975873323,3.98357342550581
177.818111434798,32.3961286657141,4.36066618234348
503.333845820029,346.743709370324,4.37803854267262
34.6626647019613,60.8451162867536,3.91507018756353
541.44499204479,149.1620533499,4.72041930514181
NA,NA,NA
661.140337847518,334.37211171263,3.53825054367684
454.243988382121,293.923104584316,3.51232563373714
13.976098779387,495.9745183828,3.71856748181787
563.763293954657,48.340785389449,4.22837301902792
72.9989860025865,375.838464997408,3.96402142224776
228.79314222546,414.158117245848,3.92492731050416
425.474674614607,12.9075611045339,3.2159988328099
360.128043492189,291.16923569303,2.93285857748895
604.252227334581,101.379165186605,4.13620444630528
394.701664129987,228.853340738596,4.18337128842427
569.577046173325,408.126241554136,4.70305501342998
141.550142217262,286.741325985397,4.55860229509998
199.044735036986,370.375342136924,4.01950677605592
124.336062967458,406.797546258497,3.38556656397224
626.964154963908,323.04420286305,4.63009596582522
6.24209751399527,147.894140638062,4.25405486070751
543.362391488564,199.875644702268,4.10646093267541
31.8516172325411,490.647902289589,3.01201232005104
280.449444039416,21.7267442249748,3.84624393286213
534.634343499092,394.485039888422,3.44898368197768
82.6920086476163,79.626014856439,5.25983027530745
8.47103098738048,75.8487740402894,3.48053722352953
590.142318034251,227.585249592144,3.94407155552086
445.913792889078,460.433647571806,4.7406852968032
657.608870193697,373.690874091528,3.12926582287666
102.178811998586,481.112986505926,4.17533868849358
620.158980348063,89.5842742726517,4.03456004301723
418.10754228772,258.339626009082,3.65604908780067
10.9300140093418,180.788250038595,3.17350359744092
63.5581817782303,115.330882257208,4.23784898682619
599.788237072467,201.943559191559,4.74735434026505
257.7059500502,228.167670412601,3.78351612531906
579.008507129506,426.616870304844,3.81959097186783
302.629787316642,139.487100188314,4.02643996412191
532.865804017054,455.642348560127,3.52278756433117
46.7856627811984,418.19864804676,3.86391058695823
195.162374784181,291.767410332752,3.66014908262851
544.204779360618,260.033975873323,3.98357342550581
177.818111434798,32.3961286657141,4.36066618234348
503.333845820029,346.743709370324,4.37803854267262
34.6626647019613,60.8451162867536,3.91507018756353
541.44499204479,149.1620533499,4.72041930514181
NA,NA,NA
656.941746677742,336.349611796639,3.50097805748735
450.528546249275,295.646567630936,3.46956920604216
6.02474045917986,493.716473883362,3.75052081061165
562.6810960017,47.7062571453933,4.16207197389006
71.7994875148903,376.933436296725,4.05098504700885
227.262358229565,421.11025842819,3.91389025557788
430.0549982349,13.9020359010811,3.238108760853
357.990549406186,292.803943720205,3.11428762286178
604.040625627573,100.640680336835,4.20088295164138
390.462613279939,235.168349873186,4.1987700512313
561.277517128393,410.548330020305,4.76512919538536
135.580285902658,278.761347930165,4.59128350055186
195.707101861564,370.338550117926,4.03101487064925
121.746435248135,411.439553144969,3.36541032994439
625.084481596534,308.578418609134,4.39290399766892
-0.758577524362589,145.216602246797,4.18209586117301
544.30921444707,202.278006089561,4.15623509783686
33.7875971750212,489.081327187158,2.90136587744009
282.912970823332,25.1230265728169,3.80421373259301
532.945539174775,392.119631205713,3.51542394338318
81.462901911592,76.0670154616002,5.28230757889778
7.03610752608294,75.9029380211836,3.46067053634715
585.611836585863,228.126716994795,4.02067315837563
447.25653269148,456.142769445415,4.81709950845931
660.355906842825,376.517895125966,3.31534935649118
104.321269471407,480.313864261986,4.41163749482737
625.927664001207,92.0801725733646,4.05082085161017
419.614126271351,257.519620172258,3.63688275760561
11.6204163836533,181.241531120256,3.04560108935525
76.1285829387494,114.736561151889,4.48022394355017
619.676486170671,200.985795195777,4.70138789185354
245.137440128881,221.511546318927,3.58844853345901
567.146937357329,437.792614287579,3.70563112294195
299.372709138005,141.183854420126,3.85671178538726
531.96486272872,450.420318622471,3.6430834626187
51.8677523280662,411.934280777868,4.29528688835958
195.610578830134,296.414637822163,3.76020129300688
547.268009879159,266.967242259133,3.45740330094347
168.033984099833,18.4919285254462,4.52640754721382
493.197077315374,341.410127177732,4.34864058167341
44.3639651426183,42.0763751405452,3.90131150095408
551.020537332727,136.220301411646,4.5622056949753
NA,NA,NA
656.941746677742,336.349611796639,3.50097805748735
450.528546249275,295.646567630936,3.46956920604216
6.02474045917986,493.716473883362,3.75052081061165
562.6810960017,47.7062571453933,4.16207197389006
71.7994875148903,376.933436296725,4.05098504700885
227.262358229565,421.11025842819,3.91389025557788
430.0549982349,13.9020359010811,3.238108760853
357.990549406186,292.803943720205,3.11428762286178
604.040625627573,100.640680336835,4.20088295164138
390.462613279939,235.168349873186,4.1987700512313
561.277517128393,410.548330020305,4.76512919538536
135.580285902658,278.761347930165,4.59128350055186
195.707101861564,370.338550117926,4.03101487064925
121.746435248135,411.439553144969,3.36541032994439
625.084481596534,308.578418609134,4.39290399766892
-0.758577524362589,145.216602246797,4.18209586117301
544.30921444707,202.278006089561,4.15623509783686
33.7875971750212,489.081327187158,2.90136587744009
282.912970823332,25.1230265728169,3.80421373259301
532.945539174775,392.119631205713,3.51542394338318
81.462901911592,76.0670154616002,5.28230757889778
7.03610752608294,75.9029380211836,3.46067053634715
585.611836585863,228.126716994795,4.02067315837563
447.25653269148,456.142769445415,4.81709950845931
660.355906842825,376.517895125966,3.31534935649118
104.321269471407,480.313864261986,4.41163749482737
625.927664001207,92.0801725733646,4.05082085161017
419.614126271351,257.519620172258,3.63688275760561
11.6204163836533,181.241531120256,3.04560108935525
76.1285829387494,114.736561151889,4.48022394355017
619.676486170671,200.985795195777,4.70138789185354
245.137440128881,221.511546318927,3.58844853345901
567.146937357329,437.792614287579,3.70563112294195
299.372709138005,141.183854420126,3.85671178538726
531.96486272872,450.420318622471,3.6430834626187
51.8677523280662,411.934280777868,4.29528688835958
195.610578830134,296.414637822163,3.76020129300688
547.268009879159,266.967242259133,3.45740330094347
168.033984099833,18.4919285254462,4.52640754721382
493.197077315374,341.410127177732,4.34864058167341
44.3639651426183,42.0763751405452,3.90131150095408
551.020537332727,136.220301411646,4.5622056949753
NA,NA,NA
656.941746677742,336.349611796639,3.50097805748735
450.528546249275,295.646567630936,3.46956920604216
6.02474045917986,493.716473883362,3.75052081061165
562.6810960017,47.7062571453933,4.16207197389006
71.7994875148903,376.933436296725,4.05098504700885
227.262358229565,421.11025842819,3.91389025557788
430.0549982349,13.9020359010811,3.238108760853
357.990549406186,292.803943720205,3.11428762286178
604.040625627573,100.640680336835,4.20088295164138
390.462613279939,235.168349873186,4.1987700512313
561.277517128393,410.548330020305,4.76512919538536
135.580285902658,278.761347930165,4.59128350055186
195.707101861564,370.338550117926,4.03101487064925
121.746435248135,411.439553144969,3.36541032994439
625.084481596534,308.578418609134,4.39290399766892
-0.758577524362589,145.216602246797,4.18209586117301
544.30921444707,202.278006089561,4.15623509783686
33.7875971750212,489.081327187158,2.90136587744009
282.912970823332,25.1230265728169,3.80421373259301
532.945539174775,392.119631205713,3.51542394338318
81.462901911592,76.0670154616002,5.28230757889778
7.03610752608294,75.9029380211836,3.46067053634715
585.611836585863,228.126716994795,4.02067315837563
447.25653269148,456.142769445415,4.81709950845931
660.355906842825,376.517895125966,3.31534935649118
104.321269471407,480.313864261986,4.41163749482737
625.927664001207,92.0801725733646,4.05082085161017
419.614126271351,257.519620172258,3.63688275760561
11.6204163836533,181.241531120256,3.04560108935525
76.1285829387494,114.736561151889,4.48022394355017
619.676486170671,200.985795195777,4.70138789185354
245.137440128881,221.511546318927,3.58844853345901
567.146937357329,437.792614287579,3.70563112294195
299.372709138005,141.183854420126,3.85671178538726
531.96486272872,450.420318622471,3.6430834626187
51.8677523280662,411.934280777868,4.29528688835958
195.610578830134,296.414637822163,3.76020129300688
547.268009879159,266.967242259133,3.45740330094347
168.033984099833,18.4919285254462,4.52640754721382
493.197077315374,341.410127177732,4.34864058167341
44.3639651426183,42.0763751405452,3.90131150095408
551.020537332727,136.220301411646,4.5622056949753
NA,NA,NA
656.941746677742,336.349611796639,3.50097805748735
450.528546249275,295.646567630936,3.46956920604216
6.02474045917986,493.716473883362,3.75052081061165
562.6810960017,47.7062571453933,4.16207197389006
71.7994875148903,376.933436296725,4.05098504700885
227.262358229565,421.11025842819,3.91389025557788
430.0549982349,13.9020359010811,3.238108760853
357.990549406186,292.803943720205,3.11428762286178
604.040625627573,100.640680336835,4.20088295164138
390.462613279939,235.168349873186,4.1987700512313
561.277517128393,410.548330020305,4.76512919538536
135.580285902658,278.761347930165,4.59128350055186
195.707101861564,370.338550117926,4.03101487064925
121.746435248135,411.439553144969,3.36541032994439
625.084481596534,308.578418609134,4.39290399766892
-0.758577524362589,145.216602246797,4.18209586117301
544.30921444707,202.278006089561,4.15623509783686
33.7875971750212,489.081327187158,2.90136587744009
282.912970823332,25.1230265728169,3.80421373259301
532.945539174775,392.119631205713,3.51542394338318
81.462901911592,76.0670154616002,5.28230757889778
7.03610752608294,75.9029380211836,3.46067053634715
585.611836585863,228.126716994795,4.02067315837563
447.25653269148,456.142769445415,4.81709950845931
660.355906842825,376.517895125966,3.31534935649118
104.321269471407,480.313864261986,4.41163749482737
625.927664001207,92.0801725733646,4.05082085161017
419.614126271351,257.519620172258,3.63688275760561
11.6204163836533,181.241531120256,3.04560108935525
76.1285829387494,114.736561151889,4.48022394355017
619.676486170671,200.985795195777,4.70138789185354
245.137440128881,221.511546318927,3.58844853345901
567.146937357329,437.792614287579,3.70563112294195
299.372709138005,141.183854420126,3.85671178538726
531.96486272872,450.420318622471,3.6430834626187
51.8677523280662,411.934280777868,4.29528688835958
195.610578830134,296.414637822163,3.76020129300688
547.268009879159,266.967242259133,3.45740330094347
168.033984099833,18.4919285254462,4.52640754721382
493.197077315374,341.410127177732,4.34864058167341
44.3639651426183,42.0763751405452,3.90131150095408
551.020537332727,136.220301411646,4.5622056949753
NA,NA,NA
656.941746677742,336.349611796639,3.50097805748735
450.528546249275,295.646567630936,3.46956920604216
6.02474045917986,493.716473883362,3.75052081061165
562.6810960017,47.7062571453933,4.16207197389006
71.7994875148903,376.933436296725,4.05098504700885
227.262358229565,421.11025842819,3.91389025557788
430.0549982349,13.9020359010811,3.238108760853
357.990549406186,292.803943720205,3.11428762286178
604.040625627573,100.640680336835,4.20088295164138
390.462613279939,235.168349873186,4.1987700512313
561.277517128393,410.548330020305,4.76512919538536
135.580285902658,278.761347930165,4.59128350055186
195.707101861564,370.338550117926,4.03101487064925
121.746435248135,411.439553144969,3.36541032994439
625.084481596534,308.578418609134,4.39290399766892
-0.758577524362589,145.216602246797,4.18209586117301
544.30921444707,202.278006089561,4.15623509783686
33.7875971750212,489.081327187158,2.90136587744009
282.912970823332,25.1230265728169,3.80421373259301
532.945539174775,392.119631205713,3.51542394338318
81.462901911592,76.0670154616002,5.28230757889778
7.03610752608294,75.9029380211836,3.46067053634715
585.611836585863,228.126716994795,4.02067315837563
447.25653269148,456.142769445415,4.81709950845931
660.355906842825,376.517895125966,3.31534935649118
104.321269471407,480.313864261986,4.41163749482737
625.927664001207,92.0801725733646,4.05082085161017
419.614126271351,257.519620172258,3.63688275760561
11.6204163836533,181.241531120256,3.04560108935525
76.1285829387494,114.736561151889,4.48022394355017
619.676486170671,200.985795195777,4.70138789185354
245.137440128881,221.511546318927,3.58844853345901
567.146937357329,437.792614287579,3.70563112294195
299.372709138005,141.183854420126,3.85671178538726
531.96486272872,450.420318622471,3.6430834626187
51.8677523280662,411.934280777868,4.29528688835958
195.610578830134,296.414637822163,3.76020129300688
547.268009879159,266.967242259133,3.45740330094347
168.033984099833,18.4919285254462,4.52640754721382
493.197077315374,341.410127177732,4.34864058167341
44.3639651426183,42.0763751405452,3.90131150095408
551.020537332727,136.220301411646,4.5622056949753
NA,NA,NA
656.941746677742,336.349611796639,3.50097805748735
450.528546249275,295.646567630936,3.46956920604216
6.02474045917986,493.716473883362,3.75052081061165
562.6810960017,47.7062571453933,4.16207197389006
71.7994875148903,376.933436296725,4.05098504700885
227.262358229565,421.11025842819,3.91389025557788
430.0549982349,13.9020359010811,3.238108760853
357.990549406186,292.803943720205,3.11428762286178
604.040625627573,100.640680336835,4.20088295164138
390.462613279939,235.168349873186,4.1987700512313
561.277517128393,410.548330020305,4.76512919538536
135.580285902658,278.761347930165,4.59128350055186
195.707101861564,370.338550117926,4.03101487064925
121.746435248135,411.439553144969,3.36541032994439
625.084481596534,308.578418609134,4.39290399766892
-0.758577524362589,145.216602246797,4.18209586117301
544.30921444707,202.278006089561,4.15623509783686
33.7875971750212,489.081327187158,2.90136587744009
282.912970823332,25.1230265728169,3.80421373259301
532.945539174775,392.119631205713,3.51542394338318
81.462901911592,76.0670154616002,5.28230757889778
7.03610752608294,75.9029380211836,3.46067053634715
585.611836585863,228.126716994795,4.02067315837563
447.25653269148,456.142769445415,4.81709950845931
660.355906842825,376.517895125966,3.31534935649118
104.321269471407,480.313864261986,4.41163749482737
625.927664001207,92.0801725733646,4.05082085161017
419.614126271351,257.519620172258,3.63688275760561
11.6204163836533,181.241531120256,3.04560108935525
76.1285829387494,114.736561151889,4.48022394355017
619.676486170671,200.985795195777,4.70138789185354
245.137440128881,221.511546318927,3.58844853345901
567.146937357329,437.792614287579,3.70563112294195
299.372709138005,141.183854420126,3.85671178538726
531.96486272872,450.420318622471,3.6430834626187
51.8677523280662,411.934280777868,4.29528688835958
195.610578830134,296.414637822163,3.76020129300688
547.268009879159,266.967242259133,3.45740330094347
168.033984099833,18.4919285254462,4.52640754721382
493.197077315374,341.410127177732,4.34864058167341
44.3639651426183,42.0763751405452,3.90131150095408
551.020537332727,136.220301411646,4.5622056949753
NA,NA,NA
665.340789848147,332.871162013745,3.61387439769606
457.096466781937,299.348730393153,3.67794056865116
5.10572282152034,497.635565985114,3.67459828940279
564.280056316619,48.4775922135389,4.13146990494221
71.9444296910351,376.322404188702,4.02306393014152
225.570738419246,413.723282065476,3.85871394449011
428.138381512426,12.518749198146,3.32106568055051
362.826359786905,294.213761861626,3.03124236901612
604.047205711109,102.849434095314,4.17267991171276
399.408071741821,226.812639081362,4.22724601429909
576.723306730163,409.641391696004,4.74759742435723
138.128906789612,278.573900641056,4.60477484951896
199.21823181375,369.653741609773,3.95828489978987
125.986507561713,408.561604849568,3.27725568845345
629.679334783687,316.28911391862,4.48757544375163
-3.63593392020387,147.5390678263,4.2241658145341
542.052068853963,206.803071800277,4.19596702718409
34.4111474684765,491.839245650363,2.94733373361763
283.613299074677,22.2179448074216,3.9554841378777
534.961958883874,395.621460572228,3.35349815824215
68.9936774452338,66.3134543988705,5.15764108357848
5.59761122421664,76.1764895050379,3.56895815691831
590.848047620041,228.323595568985,4.02864381743174
436.601193731495,466.458239681627,4.77577343774081
658.365178768406,374.392078315224,3.09856082774972
99.7969546957379,487.275871815831,4.30913136130715
622.509585715058,83.8004258196337,4.04820721725691
420.628046921912,260.199071613351,3.64421616894989
12.5424363909822,181.971932483907,3.34963762138512
65.2545105065502,102.782609325296,4.49193131745612
617.550187232587,201.199468245237,4.30838275768193
252.875168015389,217.03807825753,4.10355394851282
570.340989480931,444.307809040605,3.96242999969377
299.161566697254,131.98617724615,4.06290609281367
523.947873326403,457.35391923118,3.82808008869354
47.3974646956398,423.058000772544,3.94668551454607
216.3293755859,294.917493635772,4.08031061535597
549.896053232364,253.688006176622,3.61656057389785
165.82569517261,28.5618981832838,4.29227145648083
498.862840815981,352.957623910838,4.54183702886097
40.1449846825392,48.5942231407343,3.55534564282222
519.199544143842,155.145142562249,4.41470913947129
NA,NA,NA
665.340789848147,332.871162013745,3.61387439769606
457.096466781937,299.348730393153,3.67794056865116
5.10572282152034,497.635565985114,3.67459828940279
564.280056316619,48.4775922135389,4.13146990494221
71.9444296910351,376.322404188702,4.02306393014152
225.570738419246,413.723282065476,3.85871394449011
428.138381512426,12.518749198146,3.32106568055051
362.826359786905,294.213761861626,3.03124236901612
604.047205711109,102.849434095314,4.17267991171276
399.408071741821,226.812639081362,4.22724601429909
576.723306730163,409.641391696004,4.74759742435723
138.128906789612,278.573900641056,4.60477484951896
199.21823181375,369.653741609773,3.95828489978987
125.986507561713,408.561604849568,3.27725568845345
629.679334783687,316.28911391862,4.48757544375163
-3.63593392020387,147.5390678263,4.2241658145341
542.052068853963,206.803071800277,4.19596702718409
34.4111474684765,491.839245650363,2.94733373361763
283.613299074677,22.2179448074216,3.9554841378777
534.961958883874,395.621460572228,3.35349815824215
68.9936774452338,66.3134543988705,5.15764108357848
5.59761122421664,76.1764895050379,3.56895815691831
590.848047620041,228.323595568985,4.02864381743174
436.601193731495,466.458239681627,4.77577343774081
658.365178768406,374.392078315224,3.09856082774972
99.7969546957379,487.275871815831,4.30913136130715
622.509585715058,83.8004258196337,4.04820721725691
420.628046921912,260.199071613351,3.64421616894989
12.5424363909822,181.971932483907,3.34963762138512
65.2545105065502,102.782609325296,4.49193131745612
617.550187232587,201.199468245237,4.30838275768193
252.875168015389,217.03807825753,4.10355394851282
570.340989480931,444.307809040605,3.96242999969377
299.161566697254,131.98617724615,4.06290609281367
523.947873326403,457.35391923118,3.82808008869354
47.3974646956398,423.058000772544,3.94668551454607
216.3293755859,294.917493635772,4.08031061535597
549.896053232364,253.688006176622,3.61656057389785
165.82569517261,28.5618981832838,4.29227145648083
498.862840815981,352.957623910838,4.54183702886097
40.1449846825392,48.5942231407343,3.55534564282222
519.199544143842,155.145142562249,4.41470913947129
NA,NA,NA
665.340789848147,332.871162013745,3.61387439769606
457.096466781937,299.348730393153,3.67794056865116
5.10572282152034,497.635565985114,3.67459828940279
564.280056316619,48.4775922135389,4.13146990494221
71.9444296910351,376.322404188702,4.02306393014152
225.570738419246,413.723282065476,3.85871394449011
428.138381512426,12.518749198146,3.32106568055051
362.826359786905,294.213761861626,3.03124236901612
604.047205711109,102.849434095314,4.17267991171276
399.408071741821,226.812639081362,4.22724601429909
576.723306730163,409.641391696004,4.74759742435723
138.128906789612,278.573900641056,4.60477484951896
199.21823181375,369.653741609773,3.95828489978987
125.986507561713,408.561604849568,3.27725568845345
629.679334783687,316.28911391862,4.48757544375163
-3.63593392020387,147.5390678263,4.2241658145341
542.052068853963,206.803071800277,4.19596702718409
34.4111474684765,491.839245650363,2.94733373361763
283.613299074677,22.2179448074216,3.9554841378777
534.961958883874,395.621460572228,3.35349815824215
68.9936774452338,66.3134543988705,5.15764108357848
5.59761122421664,76.1764895050379,3.56895815691831
590.848047620041,228.323595568985,4.02864381743174
436.601193731495,466.458239681627,4.77577343774081
658.365178768406,374.392078315224,3.09856082774972
99.7969546957379,487.275871815831,4.30913136130715
622.509585715058,83.8004258196337,4.04820721725691
420.628046921912,260.199071613351,3.64421616894989
12.5424363909822,181.971932483907,3.34963762138512
65.2545105065502,102.782609325296,4.49193131745612
617.550187232587,201.199468245237,4.30838275768193
252.875168015389,217.03807825753,4.10355394851282
570.340989480931,444.307809040605,3.96242999969377
299.161566697254,131.98617724615,4.06290609281367
523.947873326403,457.35391923118,3.82808008869354
47.3974646956398,423.058000772544,3.94668551454607
216.3293755859,294.917493635772,4.08031061535597
549.896053232364,253.688006176622,3.61656057389785
165.82569517261,28.5618981832838,4.29227145648083
498.862840815981,352.957623910838,4.54183702886097
40.1449846825392,48.5942231407343,3.55534564282222
519.199544143842,155.145142562249,4.41470913947129
NA,NA,NA
665.340789848147,332.871162013745,3.61387439769606
457.096466781937,299.348730393153,3.67794056865116
5.10572282152034,497.635565985114,3.67459828940279
564.280056316619,48.4775922135389,4.13146990494221
71.9444296910351,376.322404188702,4.02306393014152
225.570738419246,413.723282065476,3.85871394449011
428.138381512426,12.518749198146,3.32106568055051
362.826359786905,294.213761861626,3.03124236901612
604.047205711109,102.849434095314,4.17267991171276
399.408071741821,226.812639081362,4.22724601429909
576.723306730163,409.641391696004,4.74759742435723
138.128906789612,278.573900641056,4.60477484951896
199.21823181375,369.653741609773,3.95828489978987
125.986507561713,408.561604849568,3.27725568845345
629.679334783687,316.28911391862,4.48757544375163
-3.63593392020387,147.5390678263,4.2241658145341
542.052068853963,206.803071800277,4.19596702718409
34.4111474684765,491.839245650363,2.94733373361763
283.613299074677,22.2179448074216,3.9554841378777
534.961958883874,395.621460572228,3.35349815824215
68.9936774452338,66.3134543988705,5.15764108357848
5.59761122421664,76.1764895050379,3.56895815691831
590.848047620041,228.323595568985,4.02864381743174
436.601193731495,466.458239681627,4.77577343774081
658.365178768406,374.392078315224,3.09856082774972
99.7969546957379,487.275871815831,4.30913136130715
622.509585715058,83.8004258196337,4.04820721725691
420.628046921912,260.199071613351,3.64421616894989
12.5424363909822,181.971932483907,3.34963762138512
65.2545105065502,102.782609325296,4.49193131745612
617.550187232587,201.199468245237,4.30838275768193
252.875168015389,217.03807825753,4.10355394851282
570.340989480931,444.307809040605,3.96242999969377
299.161566697254,131.98617724615,4.06290609281367
523.947873326403,457.35391923118,3.82808008869354
47.3974646956398,423.058000772544,3.94668551454607
216.3293755859,294.917493635772,4.08031061535597
549.896053232364,253.688006176622,3.61656057389785
165.82569517261,28.5618981832838,4.29227145648083
498.862840815981,352.957623910838,4.54183702886097
40.1449846825392,48.5942231407343,3.55534564282222
519.199544143842,155.145142562249,4.41470913947129
NA,NA,NA
665.340789848147,332.871162013745,3.61387439769606
457.096466781937,299.348730393153,3.67794056865116
5.10572282152034,497.635565985114,3.67459828940279
564.280056316619,48.4775922135389,4.13146990494221
71.9444296910351,376.322404188702,4.02306393014152
225.570738419246,413.723282065476,3.85871394449011
428.138381512426,12.518749198146,3.32106568055051
362.826359786905,294.213761861626,3.03124236901612
604.047205711109,102.849434095314,4.17267991171276
399.408071741821,226.812639081362,4.22724601429909
576.723306730163,409.641391696004,4.74759742435723
138.128906789612,278.573900641056,4.60477484951896
199.21823181375,369.653741609773,3.95828489978987
125.986507561713,408.561604849568,3.27725568845345
629.679334783687,316.28911391862,4.48757544375163
-3.63593392020387,147.5390678263,4.2241658145341
542.052068853963,206.803071800277,4.19596702718409
34.4111474684765,491.839245650363,2.94733373361763
283.613299074677,22.2179448074216,3.9554841378777
534.961958883874,395.621460572228,3.35349815824215
68.9936774452338,66.3134543988705,5.15764108357848
5.59761122421664,76.1764895050379,3.56895815691831
590.848047620041,228.323595568985,4.02864381743174
436.601193731495,466.458239681627,4.77577343774081
658.365178768406,374.392078315224,3.09856082774972
99.7969546957379,487.275871815831,4.30913136130715
622.509585715058,83.8004258196337,4.04820721725691
420.628046921912,260.199071613351,3.64421616894989
12.5424363909822,181.971932483907,3.34963762138512
65.2545105065502,102.782609325296,4.49193131745612
617.550187232587,201.199468245237,4.30838275768193
252.875168015389,217.03807825753,4.10355394851282
570.340989480931,444.307809040605,3.96242999969377
299.161566697254,131.98617724615,4.06290609281367
523.947873326403,457.35391923118,3.82808008869354
47.3974646956398,423.058000772544,3.94668551454607
216.3293755859,294.917493635772,4.08031061535597
549.896053232364,253.688006176622,3.61656057389785
165.82569517261,28.5618981832838,4.29227145648083
498.862840815981,352.957623910838,4.54183702886097
40.1449846825392,48.5942231407343,3.55534564282222
519.199544143842,155.145142562249,4.41470913947129
NA,NA,NA
665.340789848147,332.871162013745,3.61387439769606
457.096466781937,299.348730393153,3.67794056865116
5.10572282152034,497.635565985114,3.67459828940279
564.280056316619,48.4775922135389,4.13146990494221
71.9444296910351,376.322404188702,4.02306393014152
225.570738419246,413.723282065476,3.85871394449011
428.138381512426,12.518749198146,3.32106568055051
362.826359786905,294.213761861626,3.03124236901612
604.047205711109,102.849434095314,4.17267991171276
399.408071741821,226.812639081362,4.22724601429909
576.723306730163,409.641391696004,4.74759742435723
138.128906789612,278.573900641056,4.60477484951896
199.21823181375,369.653741609773,3.95828489978987
125.986507561713,408.561604849568,3.27725568845345
629.679334783687,316.28911391862,4.48757544375163
-3.63593392020387,147.5390678263,4.2241658145341
542.052068853963,206.803071800277,4.19596702718409
34.4111474684765,491.839245650363,2.94733373361763
283.613299074677,22.2179448074216,3.9554841378777
534.961958883874,395.621460572228,3.35349815824215
68.9936774452338,66.3134543988705,5.15764108357848
5.59761122421664,76.1764895050379,3.56895815691831
590.848047620041,228.323595568985,4.02864381743174
436.601193731495,466.458239681627,4.77577343774081
658.365178768406,374.392078315224,3.09856082774972
99.7969546957379,487.275871815831,4.30913136130715
622.509585715058,83.8004258196337,4.04820721725691
420.628046921912,260.199071613351,3.64421616894989
12.5424363909822,181.971932483907,3.34963762138512
65.2545105065502,102.782609325296,4.49193131745612
617.550187232587,201.199468245237,4.30838275768193
252.875168015389,217.03807825753,4.10355394851282
570.340989480931,444.307809040605,3.96242999969377
299.161566697254,131.98617724615,4.06290609281367
523.947873326403,457.35391923118,3.82808008869354
47.3974646956398,423.058000772544,3.94668551454607
216.3293755859,294.917493635772,4.08031061535597
549.896053232364,253.688006176622,3.61656057389785
165.82569517261,28.5618981832838,4.29227145648083
498.862840815981,352.957623910838,4.54183702886097
40.1449846825392,48.5942231407343,3.55534564282222
519.199544143842,155.145142562249,4.41470913947129
NA,NA,NA
660.995779215806,336.09671823562,3.50771853499436
456.682376124345,301.45697204274,3.80948848836262
12.0599513160188,489.853319619189,3.54750513359128
560.838401883034,52.3189615198124,4.18114893087386
70.9980882563111,373.96830462466,4.02517723742187
226.362772457433,408.460648776249,3.88295675077353
429.332382004384,13.0972276116015,3.35256541772893
359.379775691734,294.069514650643,2.99106203623233
606.774646465993,106.511283811896,4.20580958107789
397.101204770742,229.581629444718,4.1874453257084
567.709060732709,410.43838543871,4.71798391226295
136.812742668519,280.774649281271,4.61989564219292
199.399599506796,370.385144260618,3.99132867921362
125.461782996026,409.019991125135,3.43120713943736
628.469097182911,309.577356007375,4.57191839515962
-1.67955087670225,146.043465092795,4.17707319508881
541.889117462599,201.076445769176,4.10591108346996
34.0172724248606,492.312341294907,3.04764365040869
276.126983081666,22.0571191219206,3.91577680181837
534.247985286296,391.756473845357,3.43506385433182
78.6891099115339,69.9848509065943,5.35030186678788
7.37805722810768,73.8600655806542,3.45548387698304
588.096505735904,229.709803763338,3.95701992429786
436.595974459072,459.094017280091,4.75534975111286
660.354236507198,372.377274244706,3.0663321097959
105.855676081237,487.023111181101,4.31266821176459
619.950818595827,87.0160509162963,4.12164496674955
421.050227386904,259.340125838265,3.57789090321381
11.0160754404679,182.4726038791,3.12673494815825
67.322309309234,133.092591715925,4.38343660973643
613.776304090122,201.333716546064,4.42051471861148
258.798766018844,204.676121008507,4.13523119412508
564.636295827442,433.177020865406,3.89350928848997
301.251742277443,135.454625569747,3.93338304200263
533.209434747769,461.554147044409,3.44979215756113
47.0221462091923,416.090427686426,3.82120127196507
208.294178425326,275.290429715345,3.89565975961486
541.693578239098,262.19127728073,4.0532709610108
177.852682809112,23.3234242506464,4.1959898458949
506.960174954215,336.934366253016,4.55407620426201
35.250693284978,45.7772294529285,4.05763974463339
554.339008056624,147.003621431217,4.63141392349893
NA,NA,NA
660.995779215806,336.09671823562,3.50771853499436
456.682376124345,301.45697204274,3.80948848836262
12.0599513160188,489.853319619189,3.54750513359128
560.838401883034,52.3189615198124,4.18114893087386
70.9980882563111,373.96830462466,4.02517723742187
226.362772457433,408.460648776249,3.88295675077353
429.332382004384,13.0972276116015,3.35256541772893
359.379775691734,294.069514650643,2.99106203623233
606.774646465993,106.511283811896,4.20580958107789
397.101204770742,229.581629444718,4.1874453257084
567.709060732709,410.43838543871,4.71798391226295
136.812742668519,280.774649281271,4.61989564219292
199.399599506796,370.385144260618,3.99132867921362
125.461782996026,409.019991125135,3.43120713943736
628.469097182911,309.577356007375,4.57191839515962
-1.67955087670225,146.043465092795,4.17707319508881
541.889117462599,201.076445769176,4.10591108346996
34.0172724248606,492.312341294907,3.04764365040869
276.126983081666,22.0571191219206,3.91577680181837
534.247985286296,391.756473845357,3.43506385433182
78.6891099115339,69.9848509065943,5.35030186678788
7.37805722810768,73.8600655806542,3.45548387698304
588.096505735904,229.709803763338,3.95701992429786
436.595974459072,459.094017280091,4.75534975111286
660.354236507198,372.377274244706,3.0663321097959
105.855676081237,487.023111181101,4.31266821176459
619.950818595827,87.0160509162963,4.12164496674955
421.050227386904,259.340125838265,3.57789090321381
11.0160754404679,182.4726038791,3.12673494815825
67.322309309234,133.092591715925,4.38343660973643
613.776304090122,201.333716546064,4.42051471861148
258.798766018844,204.676121008507,4.13523119412508
564.636295827442,433.177020865406,3.89350928848997
301.251742277443,135.454625569747,3.93338304200263
533.209434747769,461.554147044409,3.44979215756113
47.0221462091923,416.090427686426,3.82120127196507
208.294178425326,275.290429715345,3.89565975961486
541.693578239098,262.19127728073,4.0532709610108
177.852682809112,23.3234242506464,4.1959898458949
506.960174954215,336.934366253016,4.55407620426201
35.250693284978,45.7772294529285,4.05763974463339
554.339008056624,147.003621431217,4.63141392349893
NA,NA,NA
660.995779215806,336.09671823562,3.50771853499436
456.682376124345,301.45697204274,3.80948848836262
12.0599513160188,489.853319619189,3.54750513359128
560.838401883034,52.3189615198124,4.18114893087386
70.9980882563111,373.96830462466,4.02517723742187
226.362772457433,408.460648776249,3.88295675077353
429.332382004384,13.0972276116015,3.35256541772893
359.379775691734,294.069514650643,2.99106203623233
606.774646465993,106.511283811896,4.20580958107789
397.101204770742,229.581629444718,4.1874453257084
567.709060732709,410.43838543871,4.71798391226295
136.812742668519,280.774649281271,4.61989564219292
199.399599506796,370.385144260618,3.99132867921362
125.461782996026,409.019991125135,3.43120713943736
628.469097182911,309.577356007375,4.57191839515962
-1.67955087670225,146.043465092795,4.17707319508881
541.889117462599,201.076445769176,4.10591108346996
34.0172724248606,492.312341294907,3.04764365040869
276.126983081666,22.0571191219206,3.91577680181837
534.247985286296,391.756473845357,3.43506385433182
78.6891099115339,69.9848509065943,5.35030186678788
7.37805722810768,73.8600655806542,3.45548387698304
588.096505735904,229.709803763338,3.95701992429786
436.595974459072,459.094017280091,4.75534975111286
660.354236507198,372.377274244706,3.0663321097959
105.855676081237,487.023111181101,4.31266821176459
619.950818595827,87.0160509162963,4.12164496674955
421.050227386904,259.340125838265,3.57789090321381
11.0160754404679,182.4726038791,3.12673494815825
67.322309309234,133.092591715925,4.38343660973643
613.776304090122,201.333716546064,4.42051471861148
258.798766018844,204.676121008507,4.13523119412508
564.636295827442,433.177020865406,3.89350928848997
301.251742277443,135.454625569747,3.93338304200263
533.209434747769,461.554147044409,3.44979215756113
47.0221462091923,416.090427686426,3.82120127196507
208.294178425326,275.290429715345,3.89565975961486
541.693578239098,262.19127728073,4.0532709610108
177.852682809112,23.3234242506464,4.1959898458949
506.960174954215,336.934366253016,4.55407620426201
35.250693284978,45.7772294529285,4.05763974463339
554.339008056624,147.003621431217,4.63141392349893
NA,NA,NA
660.995779215806,336.09671823562,3.50771853499436
456.682376124345,301.45697204274,3.80948848836262
12.0599513160188,489.853319619189,3.54750513359128
560.838401883034,52.3189615198124,4.18114893087386
70.9980882563111,373.96830462466,4.02517723742187
226.362772457433,408.460648776249,3.88295675077353
429.332382004384,13.0972276116015,3.35256541772893
359.379775691734,294.069514650643,2.99106203623233
606.774646465993,106.511283811896,4.20580958107789
397.101204770742,229.581629444718,4.1874453257084
567.709060732709,410.43838543871,4.71798391226295
136.812742668519,280.774649281271,4.61989564219292
199.399599506796,370.385144260618,3.99132867921362
125.461782996026,409.019991125135,3.43120713943736
628.469097182911,309.577356007375,4.57191839515962
-1.67955087670225,146.043465092795,4.17707319508881
541.889117462599,201.076445769176,4.10591108346996
34.0172724248606,492.312341294907,3.04764365040869
276.126983081666,22.0571191219206,3.91577680181837
534.247985286296,391.756473845357,3.43506385433182
78.6891099115339,69.9848509065943,5.35030186678788
7.37805722810768,73.8600655806542,3.45548387698304
588.096505735904,229.709803763338,3.95701992429786
436.595974459072,459.094017280091,4.75534975111286
660.354236507198,372.377274244706,3.0663321097959
105.855676081237,487.023111181101,4.31266821176459
619.950818595827,87.0160509162963,4.12164496674955
421.050227386904,259.340125838265,3.57789090321381
11.0160754404679,182.4726038791,3.12673494815825
67.322309309234,133.092591715925,4.38343660973643
613.776304090122,201.333716546064,4.42051471861148
258.798766018844,204.676121008507,4.13523119412508
564.636295827442,433.177020865406,3.89350928848997
301.251742277443,135.454625569747,3.93338304200263
533.209434747769,461.554147044409,3.44979215756113
47.0221462091923,416.090427686426,3.82120127196507
208.294178425326,275.290429715345,3.89565975961486
541.693578239098,262.19127728073,4.0532709610108
177.852682809112,23.3234242506464,4.1959898458949
506.960174954215,336.934366253016,4.55407620426201
35.250693284978,45.7772294529285,4.05763974463339
554.339008056624,147.003621431217,4.63141392349893
NA,NA,NA
660.995779215806,336.09671823562,3.50771853499436
456.682376124345,301.45697204274,3.80948848836262
12.0599513160188,489.853319619189,3.54750513359128
560.838401883034,52.3189615198124,4.18114893087386
70.9980882563111,373.96830462466,4.02517723742187
226.362772457433,408.460648776249,3.88295675077353
429.332382004384,13.0972276116015,3.35256541772893
359.379775691734,294.069514650643,2.99106203623233
606.774646465993,106.511283811896,4.20580958107789
397.101204770742,229.581629444718,4.1874453257084
567.709060732709,410.43838543871,4.71798391226295
136.812742668519,280.774649281271,4.61989564219292
199.399599506796,370.385144260618,3.99132867921362
125.461782996026,409.019991125135,3.43120713943736
628.469097182911,309.577356007375,4.57191839515962
-1.67955087670225,146.043465092795,4.17707319508881
541.889117462599,201.076445769176,4.10591108346996
34.0172724248606,492.312341294907,3.04764365040869
276.126983081666,22.0571191219206,3.91577680181837
534.247985286296,391.756473845357,3.43506385433182
78.6891099115339,69.9848509065943,5.35030186678788
7.37805722810768,73.8600655806542,3.45548387698304
588.096505735904,229.709803763338,3.95701992429786
436.595974459072,459.094017280091,4.75534975111286
660.354236507198,372.377274244706,3.0663321097959
105.855676081237,487.023111181101,4.31266821176459
619.950818595827,87.0160509162963,4.12164496674955
421.050227386904,259.340125838265,3.57789090321381
11.0160754404679,182.4726038791,3.12673494815825
67.322309309234,133.092591715925,4.38343660973643
613.776304090122,201.333716546064,4.42051471861148
258.798766018844,204.676121008507,4.13523119412508
564.636295827442,433.177020865406,3.89350928848997
301.251742277443,135.454625569747,3.93338304200263
533.209434747769,461.554147044409,3.44979215756113
47.0221462091923,416.090427686426,3.82120127196507
208.294178425326,275.290429715345,3.89565975961486
541.693578239098,262.19127728073,4.0532709610108
177.852682809112,23.3234242506464,4.1959898458949
506.960174954215,336.934366253016,4.55407620426201
35.250693284978,45.7772294529285,4.05763974463339
554.339008056624,147.003621431217,4.63141392349893
NA,NA,NA
660.995779215806,336.09671823562,3.50771853499436
456.682376124345,301.45697204274,3.80948848836262
12.0599513160188,489.853319619189,3.54750513359128
560.838401883034,52.3189615198124,4.18114893087386
70.9980882563111,373.96830462466,4.02517723742187
226.362772457433,408.460648776249,3.88295675077353
429.332382004384,13.0972276116015,3.35256541772893
359.379775691734,294.069514650643,2.99106203623233
606.774646465993,106.511283811896,4.20580958107789
397.101204770742,229.581629444718,4.1874453257084
567.709060732709,410.43838543871,4.71798391226295
136.812742668519,280.774649281271,4.61989564219292
199.399599506796,370.385144260618,3.99132867921362
125.461782996026,409.019991125135,3.43120713943736
628.469097182911,309.577356007375,4.57191839515962
-1.67955087670225,146.043465092795,4.17707319508881
541.889117462599,201.076445769176,4.10591108346996
34.0172724248606,492.312341294907,3.04764365040869
276.126983081666,22.0571191219206,3.91577680181837
534.247985286296,391.756473845357,3.43506385433182
78.6891099115339,69.9848509065943,5.35030186678788
7.37805722810768,73.8600655806542,3.45548387698304
588.096505735904,229.709803763338,3.95701992429786
436.595974459072,459.094017280091,4.75534975111286
660.354236507198,372.377274244706,3.0663321097959
105.855676081237,487.023111181101,4.31266821176459
619.950818595827,87.0160509162963,4.12164496674955
421.050227386904,259.340125838265,3.57789090321381
11.0160754404679,182.4726038791,3.12673494815825
67.322309309234,133.092591715925,4.38343660973643
613.776304090122,201.333716546064,4.42051471861148
258.798766018844,204.676121008507,4.13523119412508
564.636295827442,433.177020865406,3.89350928848997
301.251742277443,135.454625569747,3.93338304200263
533.209434747769,461.554147044409,3.44979215756113
47.0221462091923,416.090427686426,3.82120127196507
208.294178425326,275.290429715345,3.89565975961486
541.693578239098,262.19127728073,4.0532709610108
177.852682809112,23.3234242506464,4.1959898458949
506.960174954215,336.934366253016,4.55407620426201
35.250693284978,45.7772294529285,4.05763974463339
554.339008056624,147.003621431217,4.63141392349893
NA,NA,NA
661.689554930656,333.567953963065,3.34847486059329
452.25836043811,300.448580755892,3.6773117856202
11.6298121840687,494.05841603215,3.56656139946045
558.925092205023,52.3504866317874,4.21609128680882
65.9411296797679,376.679178159145,3.9528586311579
226.969443514699,415.017707322676,3.85954018266277
431.191162401273,13.4899533813996,3.37135173528724
362.112010857082,291.615008720171,3.15860296059027
600.649530726166,105.15505752991,4.32943415841787
393.238722371812,230.697949249432,4.27579657399524
573.622119640984,404.598457791205,4.79642296010114
146.37236771667,286.958872145481,4.45172949312638
192.259181706699,373.187107243468,4.09504703859962
125.822753262498,414.969597440992,3.49055609848026
626.842208944843,311.536685079176,4.48389640996955
2.71208016997451,151.158312481271,4.26426271114004
543.35653521651,198.187841133586,4.11338085439137
33.9744098814528,491.250519039556,3.0112960320252
274.321805840094,25.5414927161365,3.81701452044114
532.326096490536,392.627312631595,3.51776983304021
66.9677985444917,80.4678263709579,5.20453172989499
5.73670496626071,77.0126592566484,3.4219154785171
586.116038023928,228.74103686807,4.094184411667
438.259633960715,453.596524519936,4.82481030075033
658.162773632835,373.994075276388,3.12154613302586
110.500628014103,485.51419641948,4.3366413164411
624.75052899952,89.9687946491754,4.09704523315207
421.846991476766,256.83849525115,3.65132668747264
11.4486730636825,180.159277022229,3.216622200623
64.1427357244745,127.602105960775,4.31612341583831
618.607055485563,209.537585302413,4.07021247528481
254.200696921205,207.473157883902,3.8119430209271
572.664607240561,440.29374314111,3.85113216059413
300.085529728267,136.860609873215,3.97389951395136
535.131978592513,458.129339977859,3.7026635246083
45.9272925443874,420.114652562252,3.98156691380093
195.53674860625,285.179962527814,3.47791479037737
553.91081320121,260.550801534916,3.94423343008165
168.835013113209,34.5921839293126,4.18410270967882
494.23849076659,345.921012109824,4.2676150835025
37.4486577723924,48.1568408844048,4.17796720580448
536.855298795384,143.093947938846,4.49537557847591
NA,NA,NA
661.689554930656,333.567953963065,3.34847486059329
452.25836043811,300.448580755892,3.6773117856202
11.6298121840687,494.05841603215,3.56656139946045
558.925092205023,52.3504866317874,4.21609128680882
65.9411296797679,376.679178159145,3.9528586311579
226.969443514699,415.017707322676,3.85954018266277
431.191162401273,13.4899533813996,3.37135173528724
362.112010857082,291.615008720171,3.15860296059027
600.649530726166,105.15505752991,4.32943415841787
393.238722371812,230.697949249432,4.27579657399524
573.622119640984,404.598457791205,4.79642296010114
146.37236771667,286.958872145481,4.45172949312638
192.259181706699,373.187107243468,4.09504703859962
125.822753262498,414.969597440992,3.49055609848026
626.842208944843,311.536685079176,4.48389640996955
2.71208016997451,151.158312481271,4.26426271114004
543.35653521651,198.187841133586,4.11338085439137
33.9744098814528,491.250519039556,3.0112960320252
274.321805840094,25.5414927161365,3.81701452044114
532.326096490536,392.627312631595,3.51776983304021
66.9677985444917,80.4678263709579,5.20453172989499
5.73670496626071,77.0126592566484,3.4219154785171
586.116038023928,228.74103686807,4.094184411667
438.259633960715,453.596524519936,4.82481030075033
658.162773632835,373.994075276388,3.12154613302586
110.500628014103,485.51419641948,4.3366413164411
624.75052899952,89.9687946491754,4.09704523315207
421.846991476766,256.83849525115,3.65132668747264
11.4486730636825,180.159277022229,3.216622200623
64.1427357244745,127.602105960775,4.31612341583831
618.607055485563,209.537585302413,4.07021247528481
254.200696921205,207.473157883902,3.8119430209271
572.664607240561,440.29374314111,3.85113216059413
300.085529728267,136.860609873215,3.97389951395136
535.131978592513,458.129339977859,3.7026635246083
45.9272925443874,420.114652562252,3.98156691380093
195.53674860625,285.179962527814,3.47791479037737
553.91081320121,260.550801534916,3.94423343008165
168.835013113209,34.5921839293126,4.18410270967882
494.23849076659,345.921012109824,4.2676150835025
37.4486577723924,48.1568408844048,4.17796720580448
536.855298795384,143.093947938846,4.49537557847591
NA,NA,NA
661.689554930656,333.567953963065,3.34847486059329
452.25836043811,300.448580755892,3.6773117856202
11.6298121840687,494.05841603215,3.56656139946045
558.925092205023,52.3504866317874,4.21609128680882
65.9411296797679,376.679178159145,3.9528586311579
226.969443514699,415.017707322676,3.85954018266277
431.191162401273,13.4899533813996,3.37135173528724
362.112010857082,291.615008720171,3.15860296059027
600.649530726166,105.15505752991,4.32943415841787
393.238722371812,230.697949249432,4.27579657399524
573.622119640984,404.598457791205,4.79642296010114
146.37236771667,286.958872145481,4.45172949312638
192.259181706699,373.187107243468,4.09504703859962
125.822753262498,414.969597440992,3.49055609848026
626.842208944843,311.536685079176,4.48389640996955
2.71208016997451,151.158312481271,4.26426271114004
543.35653521651,198.187841133586,4.11338085439137
33.9744098814528,491.250519039556,3.0112960320252
274.321805840094,25.5414927161365,3.81701452044114
532.326096490536,392.627312631595,3.51776983304021
66.9677985444917,80.4678263709579,5.20453172989499
5.73670496626071,77.0126592566484,3.4219154785171
586.116038023928,228.74103686807,4.094184411667
438.259633960715,453.596524519936,4.82481030075033
658.162773632835,373.994075276388,3.12154613302586
110.500628014103,485.51419641948,4.3366413164411
624.75052899952,89.9687946491754,4.09704523315207
421.846991476766,256.83849525115,3.65132668747264
11.4486730636825,180.159277022229,3.216622200623
64.1427357244745,127.602105960775,4.31612341583831
618.607055485563,209.537585302413,4.07021247528481
254.200696921205,207.473157883902,3.8119430209271
572.664607240561,440.29374314111,3.85113216059413
300.085529728267,136.860609873215,3.97389951395136
535.131978592513,458.129339977859,3.7026635246083
45.9272925443874,420.114652562252,3.98156691380093
195.53674860625,285.179962527814,3.47791479037737
553.91081320121,260.550801534916,3.94423343008165
168.835013113209,34.5921839293126,4.18410270967882
494.23849076659,345.921012109824,4.2676150835025
37.4486577723924,48.1568408844048,4.17796720580448
536.855298795384,143.093947938846,4.49537557847591
NA,NA,NA
661.689554930656,333.567953963065,3.34847486059329
452.25836043811,300.448580755892,3.6773117856202
11.6298121840687,494.05841603215,3.56656139946045
558.925092205023,52.3504866317874,4.21609128680882
65.9411296797679,376.679178159145,3.9528586311579
226.969443514699,415.017707322676,3.85954018266277
431.191162401273,13.4899533813996,3.37135173528724
362.112010857082,291.615008720171,3.15860296059027
600.649530726166,105.15505752991,4.32943415841787
393.238722371812,230.697949249432,4.27579657399524
573.622119640984,404.598457791205,4.79642296010114
146.37236771667,286.958872145481,4.45172949312638
192.259181706699,373.187107243468,4.09504703859962
125.822753262498,414.969597440992,3.49055609848026
626.842208944843,311.536685079176,4.48389640996955
2.71208016997451,151.158312481271,4.26426271114004
543.35653521651,198.187841133586,4.11338085439137
33.9744098814528,491.250519039556,3.0112960320252
274.321805840094,25.5414927161365,3.81701452044114
532.326096490536,392.627312631595,3.51776983304021
66.9677985444917,80.4678263709579,5.20453172989499
5.73670496626071,77.0126592566484,3.4219154785171
586.116038023928,228.74103686807,4.094184411667
438.259633960715,453.596524519936,4.82481030075033
658.162773632835,373.994075276388,3.12154613302586
110.500628014103,485.51419641948,4.3366413164411
624.75052899952,89.9687946491754,4.09704523315207
421.846991476766,256.83849525115,3.65132668747264
11.4486730636825,180.159277022229,3.216622200623
64.1427357244745,127.602105960775,4.31612341583831
618.607055485563,209.537585302413,4.07021247528481
254.200696921205,207.473157883902,3.8119430209271
572.664607240561,440.29374314111,3.85113216059413
300.085529728267,136.860609873215,3.97389951395136
535.131978592513,458.129339977859,3.7026635246083
45.9272925443874,420.114652562252,3.98156691380093
195.53674860625,285.179962527814,3.47791479037737
553.91081320121,260.550801534916,3.94423343008165
168.835013113209,34.5921839293126,4.18410270967882
494.23849076659,345.921012109824,4.2676150835025
37.4486577723924,48.1568408844048,4.17796720580448
536.855298795384,143.093947938846,4.49537557847591
NA,NA,NA
661.689554930656,333.567953963065,3.34847486059329
452.25836043811,300.448580755892,3.6773117856202
11.6298121840687,494.05841603215,3.56656139946045
558.925092205023,52.3504866317874,4.21609128680882
65.9411296797679,376.679178159145,3.9528586311579
226.969443514699,415.017707322676,3.85954018266277
431.191162401273,13.4899533813996,3.37135173528724
362.112010857082,291.615008720171,3.15860296059027
600.649530726166,105.15505752991,4.32943415841787
393.238722371812,230.697949249432,4.27579657399524
573.622119640984,404.598457791205,4.79642296010114
146.37236771667,286.958872145481,4.45172949312638
192.259181706699,373.187107243468,4.09504703859962
125.822753262498,414.969597440992,3.49055609848026
626.842208944843,311.536685079176,4.48389640996955
2.71208016997451,151.158312481271,4.26426271114004
543.35653521651,198.187841133586,4.11338085439137
33.9744098814528,491.250519039556,3.0112960320252
274.321805840094,25.5414927161365,3.81701452044114
532.326096490536,392.627312631595,3.51776983304021
66.9677985444917,80.4678263709579,5.20453172989499
5.73670496626071,77.0126592566484,3.4219154785171
586.116038023928,228.74103686807,4.094184411667
438.259633960715,453.596524519936,4.82481030075033
658.162773632835,373.994075276388,3.12154613302586
110.500628014103,485.51419641948,4.3366413164411
624.75052899952,89.9687946491754,4.09704523315207
421.846991476766,256.83849525115,3.65132668747264
11.4486730636825,180.159277022229,3.216622200623
64.1427357244745,127.602105960775,4.31612341583831
618.607055485563,209.537585302413,4.07021247528481
254.200696921205,207.473157883902,3.8119430209271
572.664607240561,440.29374314111,3.85113216059413
300.085529728267,136.860609873215,3.97389951395136
535.131978592513,458.129339977859,3.7026635246083
45.9272925443874,420.114652562252,3.98156691380093
195.53674860625,285.179962527814,3.47791479037737
553.91081320121,260.550801534916,3.94423343008165
168.835013113209,34.5921839293126,4.18410270967882
494.23849076659,345.921012109824,4.2676150835025
37.4486577723924,48.1568408844048,4.17796720580448
536.855298795384,143.093947938846,4.49537557847591
NA,NA,NA
661.689554930656,333.567953963065,3.34847486059329
452.25836043811,300.448580755892,3.6773117856202
11.6298121840687,494.05841603215,3.56656139946045
558.925092205023,52.3504866317874,4.21609128680882
65.9411296797679,376.679178159145,3.9528586311579
226.969443514699,415.017707322676,3.85954018266277
431.191162401273,13.4899533813996,3.37135173528724
362.112010857082,291.615008720171,3.15860296059027
600.649530726166,105.15505752991,4.32943415841787
393.238722371812,230.697949249432,4.27579657399524
573.622119640984,404.598457791205,4.79642296010114
146.37236771667,286.958872145481,4.45172949312638
192.259181706699,373.187107243468,4.09504703859962
125.822753262498,414.969597440992,3.49055609848026
626.842208944843,311.536685079176,4.48389640996955
2.71208016997451,151.158312481271,4.26426271114004
543.35653521651,198.187841133586,4.11338085439137
33.9744098814528,491.250519039556,3.0112960320252
274.321805840094,25.5414927161365,3.81701452044114
532.326096490536,392.627312631595,3.51776983304021
66.9677985444917,80.4678263709579,5.20453172989499
5.73670496626071,77.0126592566484,3.4219154785171
586.116038023928,228.74103686807,4.094184411667
438.259633960715,453.596524519936,4.82481030075033
658.162773632835,373.994075276388,3.12154613302586
110.500628014103,485.51419641948,4.3366413164411
624.75052899952,89.9687946491754,4.09704523315207
421.846991476766,256.83849525115,3.65132668747264
11.4486730636825,180.159277022229,3.216622200623
64.1427357244745,127.602105960775,4.31612341583831
618.607055485563,209.537585302413,4.07021247528481
254.200696921205,207.473157883902,3.8119430209271
572.664607240561,440.29374314111,3.85113216059413
300.085529728267,136.860609873215,3.97389951395136
535.131978592513,458.129339977859,3.7026635246083
45.9272925443874,420.114652562252,3.98156691380093
195.53674860625,285.179962527814,3.47791479037737
553.91081320121,260.550801534916,3.94423343008165
168.835013113209,34.5921839293126,4.18410270967882
494.23849076659,345.921012109824,4.2676150835025
37.4486577723924,48.1568408844048,4.17796720580448
536.855298795384,143.093947938846,4.49537557847591
NA,NA,NA
663.00719303858,330.495892247487,3.47021232361841
457.510800347627,298.22723305932,3.64426590545091
9.81538753776007,494.098115430391,3.76336696511065
563.986657189946,46.7958340794236,4.26413059847956
72.8251907815981,380.723755014649,3.90662341793989
228.046237600481,419.369736249456,3.83501899089329
426.796305456587,14.0926874732244,3.23347551409592
361.681801503844,291.841484428402,2.88770242526958
601.699994936832,103.264149809953,4.18374292859344
386.365870638823,226.521278892543,4.1352726237919
565.588348812661,406.949668383901,4.68429940716777
135.44476352964,281.959492049443,4.49584644699438
193.959696230621,373.367058639994,3.97552404867404
127.420128544441,412.856828529115,3.49488239334758
626.329082821467,314.142756175072,4.52735064569545
-2.13542151973089,150.132198257613,4.2215902448835
540.33976529865,203.258903690499,3.94145365026333
32.7392814203526,491.890706340285,2.926072046748
277.440490222924,28.3099563054928,3.90538585495494
530.721214925267,391.624522041365,3.25313135141911
69.3941454288303,75.6399005290143,5.23175102111684
4.46001749888385,76.4207421473636,3.38496815978682
586.138954558872,228.611246763132,4.05120156511224
444.491873907071,468.828554471124,4.77477658459379
660.441301484283,374.887812481877,3.09789804314988
102.490193608743,484.123080215166,4.37074194354976
626.153898178366,87.2753773373529,4.07132694504066
418.608227573216,258.040345475716,3.70194463609916
10.2440801593344,180.055789502842,3.27806883696042
66.7298845661755,121.023789444268,4.51203241277272
593.491518105249,214.658290646586,4.03764224781854
251.238945146696,209.443087509073,4.22195848117351
574.609731009031,438.950420865035,3.69032478189663
302.014253560678,134.153618766916,3.95706977644864
531.901479706369,460.294563980313,3.48476197434408
49.2883157204353,417.208724190455,3.59525211920598
199.354943366932,281.420556240551,3.95251426516156
555.903119767415,261.285845624386,4.00674833277897
167.131483848799,32.2315870603479,4.36937576307597
503.471375848598,354.146880668518,4.54793200004409
38.4230153936297,49.8477627286341,3.66712314173678
542.30111884405,149.330357081582,4.69892018850058
NA,NA,NA
663.00719303858,330.495892247487,3.47021232361841
457.510800347627,298.22723305932,3.64426590545091
9.81538753776007,494.098115430391,3.76336696511065
563.986657189946,46.7958340794236,4.26413059847956
72.8251907815981,380.723755014649,3.90662341793989
228.046237600481,419.369736249456,3.83501899089329
426.796305456587,14.0926874732244,3.23347551409592
361.681801503844,291.841484428402,2.88770242526958
601.699994936832,103.264149809953,4.18374292859344
386.365870638823,226.521278892543,4.1352726237919
565.588348812661,406.949668383901,4.68429940716777
135.44476352964,281.959492049443,4.49584644699438
193.959696230621,373.367058639994,3.97552404867404
127.420128544441,412.856828529115,3.49488239334758
626.329082821467,314.142756175072,4.52735064569545
-2.13542151973089,150.132198257613,4.2215902448835
540.33976529865,203.258903690499,3.94145365026333
32.7392814203526,491.890706340285,2.926072046748
277.440490222924,28.3099563054928,3.90538585495494
530.721214925267,391.624522041365,3.25313135141911
69.3941454288303,75.6399005290143,5.23175102111684
4.46001749888385,76.4207421473636,3.38496815978682
586.138954558872,228.611246763132,4.05120156511224
444.491873907071,468.828554471124,4.77477658459379
660.441301484283,374.887812481877,3.09789804314988
102.490193608743,484.123080215166,4.37074194354976
626.153898178366,87.2753773373529,4.07132694504066
418.608227573216,258.040345475716,3.70194463609916
10.2440801593344,180.055789502842,3.27806883696042
66.7298845661755,121.023789444268,4.51203241277272
593.491518105249,214.658290646586,4.03764224781854
251.238945146696,209.443087509073,4.22195848117351
574.609731009031,438.950420865035,3.69032478189663
302.014253560678,134.153618766916,3.95706977644864
531.901479706369,460.294563980313,3.48476197434408
49.2883157204353,417.208724190455,3.59525211920598
199.354943366932,281.420556240551,3.95251426516156
555.903119767415,261.285845624386,4.00674833277897
167.131483848799,32.2315870603479,4.36937576307597
503.471375848598,354.146880668518,4.54793200004409
38.4230153936297,49.8477627286341,3.66712314173678
542.30111884405,149.330357081582,4.69892018850058
NA,NA,NA
663.00719303858,330.495892247487,3.47021232361841
457.510800347627,298.22723305932,3.64426590545091
9.81538753776007,494.098115430391,3.76336696511065
563.986657189946,46.7958340794236,4.26413059847956
72.8251907815981,380.723755014649,3.90662341793989
228.046237600481,419.369736249456,3.83501899089329
426.796305456587,14.0926874732244,3.23347551409592
361.681801503844,291.841484428402,2.88770242526958
601.699994936832,103.264149809953,4.18374292859344
386.365870638823,226.521278892543,4.1352726237919
565.588348812661,406.949668383901,4.68429940716777
135.44476352964,281.959492049443,4.49584644699438
193.959696230621,373.367058639994,3.97552404867404
127.420128544441,412.856828529115,3.49488239334758
626.329082821467,314.142756175072,4.52735064569545
-2.13542151973089,150.132198257613,4.2215902448835
540.33976529865,203.258903690499,3.94145365026333
32.7392814203526,491.890706340285,2.926072046748
277.440490222924,28.3099563054928,3.90538585495494
530.721214925267,391.624522041365,3.25313135141911
69.3941454288303,75.6399005290143,5.23175102111684
4.46001749888385,76.4207421473636,3.38496815978682
586.138954558872,228.611246763132,4.05120156511224
444.491873907071,468.828554471124,4.77477658459379
660.441301484283,374.887812481877,3.09789804314988
102.490193608743,484.123080215166,4.37074194354976
626.153898178366,87.2753773373529,4.07132694504066
418.608227573216,258.040345475716,3.70194463609916
10.2440801593344,180.055789502842,3.27806883696042
66.7298845661755,121.023789444268,4.51203241277272
593.491518105249,214.658290646586,4.03764224781854
251.238945146696,209.443087509073,4.22195848117351
574.609731009031,438.950420865035,3.69032478189663
302.014253560678,134.153618766916,3.95706977644864
531.901479706369,460.294563980313,3.48476197434408
49.2883157204353,417.208724190455,3.59525211920598
199.354943366932,281.420556240551,3.95251426516156
555.903119767415,261.285845624386,4.00674833277897
167.131483848799,32.2315870603479,4.36937576307597
503.471375848598,354.146880668518,4.54793200004409
38.4230153936297,49.8477627286341,3.66712314173678
542.30111884405,149.330357081582,4.69892018850058
NA,NA,NA
663.00719303858,330.495892247487,3.47021232361841
457.510800347627,298.22723305932,3.64426590545091
9.81538753776007,494.098115430391,3.76336696511065
563.986657189946,46.7958340794236,4.26413059847956
72.8251907815981,380.723755014649,3.90662341793989
228.046237600481,419.369736249456,3.83501899089329
426.796305456587,14.0926874732244,3.23347551409592
361.681801503844,291.841484428402,2.88770242526958
601.699994936832,103.264149809953,4.18374292859344
386.365870638823,226.521278892543,4.1352726237919
565.588348812661,406.949668383901,4.68429940716777
135.44476352964,281.959492049443,4.49584644699438
193.959696230621,373.367058639994,3.97552404867404
127.420128544441,412.856828529115,3.49488239334758
626.329082821467,314.142756175072,4.52735064569545
-2.13542151973089,150.132198257613,4.2215902448835
540.33976529865,203.258903690499,3.94145365026333
32.7392814203526,491.890706340285,2.926072046748
277.440490222924,28.3099563054928,3.90538585495494
530.721214925267,391.624522041365,3.25313135141911
69.3941454288303,75.6399005290143,5.23175102111684
4.46001749888385,76.4207421473636,3.38496815978682
586.138954558872,228.611246763132,4.05120156511224
444.491873907071,468.828554471124,4.77477658459379
660.441301484283,374.887812481877,3.09789804314988
102.490193608743,484.123080215166,4.37074194354976
626.153898178366,87.2753773373529,4.07132694504066
418.608227573216,258.040345475716,3.70194463609916
10.2440801593344,180.055789502842,3.27806883696042
66.7298845661755,121.023789444268,4.51203241277272
593.491518105249,214.658290646586,4.03764224781854
251.238945146696,209.443087509073,4.22195848117351
574.609731009031,438.950420865035,3.69032478189663
302.014253560678,134.153618766916,3.95706977644864
531.901479706369,460.294563980313,3.48476197434408
49.2883157204353,417.208724190455,3.59525211920598
199.354943366932,281.420556240551,3.95251426516156
555.903119767415,261.285845624386,4.00674833277897
167.131483848799,32.2315870603479,4.36937576307597
503.471375848598,354.146880668518,4.54793200004409
38.4230153936297,49.8477627286341,3.66712314173678
542.30111884405,149.330357081582,4.69892018850058
NA,NA,NA
663.00719303858,330.495892247487,3.47021232361841
457.510800347627,298.22723305932,3.64426590545091
9.81538753776007,494.098115430391,3.76336696511065
563.986657189946,46.7958340794236,4.26413059847956
72.8251907815981,380.723755014649,3.90662341793989
228.046237600481,419.369736249456,3.83501899089329
426.796305456587,14.0926874732244,3.23347551409592
361.681801503844,291.841484428402,2.88770242526958
601.699994936832,103.264149809953,4.18374292859344
386.365870638823,226.521278892543,4.1352726237919
565.588348812661,406.949668383901,4.68429940716777
135.44476352964,281.959492049443,4.49584644699438
193.959696230621,373.367058639994,3.97552404867404
127.420128544441,412.856828529115,3.49488239334758
626.329082821467,314.142756175072,4.52735064569545
-2.13542151973089,150.132198257613,4.2215902448835
540.33976529865,203.258903690499,3.94145365026333
32.7392814203526,491.890706340285,2.926072046748
277.440490222924,28.3099563054928,3.90538585495494
530.721214925267,391.624522041365,3.25313135141911
69.3941454288303,75.6399005290143,5.23175102111684
4.46001749888385,76.4207421473636,3.38496815978682
586.138954558872,228.611246763132,4.05120156511224
444.491873907071,468.828554471124,4.77477658459379
660.441301484283,374.887812481877,3.09789804314988
102.490193608743,484.123080215166,4.37074194354976
626.153898178366,87.2753773373529,4.07132694504066
418.608227573216,258.040345475716,3.70194463609916
10.2440801593344,180.055789502842,3.27806883696042
66.7298845661755,121.023789444268,4.51203241277272
593.491518105249,214.658290646586,4.03764224781854
251.238945146696,209.443087509073,4.22195848117351
574.609731009031,438.950420865035,3.69032478189663
302.014253560678,134.153618766916,3.95706977644864
531.901479706369,460.294563980313,3.48476197434408
49.2883157204353,417.208724190455,3.59525211920598
199.354943366932,281.420556240551,3.95251426516156
555.903119767415,261.285845624386,4.00674833277897
167.131483848799,32.2315870603479,4.36937576307597
503.471375848598,354.146880668518,4.54793200004409
38.4230153936297,49.8477627286341,3.66712314173678
542.30111884405,149.330357081582,4.69892018850058
NA,NA,NA
663.00719303858,330.495892247487,3.47021232361841
457.510800347627,298.22723305932,3.64426590545091
9.81538753776007,494.098115430391,3.76336696511065
563.986657189946,46.7958340794236,4.26413059847956
72.8251907815981,380.723755014649,3.90662341793989
228.046237600481,419.369736249456,3.83501899089329
426.796305456587,14.0926874732244,3.23347551409592
361.681801503844,291.841484428402,2.88770242526958
601.699994936832,103.264149809953,4.18374292859344
386.365870638823,226.521278892543,4.1352726237919
565.588348812661,406.949668383901,4.68429940716777
135.44476352964,281.959492049443,4.49584644699438
193.959696230621,373.367058639994,3.97552404867404
127.420128544441,412.856828529115,3.49488239334758
626.329082821467,314.142756175072,4.52735064569545
-2.13542151973089,150.132198257613,4.2215902448835
540.33976529865,203.258903690499,3.94145365026333
32.7392814203526,491.890706340285,2.926072046748
277.440490222924,28.3099563054928,3.90538585495494
530.721214925267,391.624522041365,3.25313135141911
69.3941454288303,75.6399005290143,5.23175102111684
4.46001749888385,76.4207421473636,3.38496815978682
586.138954558872,228.611246763132,4.05120156511224
444.491873907071,468.828554471124,4.77477658459379
660.441301484283,374.887812481877,3.09789804314988
102.490193608743,484.123080215166,4.37074194354976
626.153898178366,87.2753773373529,4.07132694504066
418.608227573216,258.040345475716,3.70194463609916
10.2440801593344,180.055789502842,3.27806883696042
66.7298845661755,121.023789444268,4.51203241277272
593.491518105249,214.658290646586,4.03764224781854
251.238945146696,209.443087509073,4.22195848117351
574.609731009031,438.950420865035,3.69032478189663
302.014253560678,134.153618766916,3.95706977644864
531.901479706369,460.294563980313,3.48476197434408
49.2883157204353,417.208724190455,3.59525211920598
199.354943366932,281.420556240551,3.95251426516156
555.903119767415,261.285845624386,4.00674833277897
167.131483848799,32.2315870603479,4.36937576307597
503.471375848598,354.146880668518,4.54793200004409
38.4230153936297,49.8477627286341,3.66712314173678
542.30111884405,149.330357081582,4.69892018850058
NA,NA,NA
659.85624773719,333.186965318936,3.49483844733126
456.544065816513,294.93188975441,3.70097807347497
6.82036290664425,494.941383319441,3.61919909557906
560.483855135853,53.1170277112544,4.24778169120849
70.4679252973577,377.387927982086,3.85612721717726
230.935558606349,413.142773818142,3.89411675261813
427.656970125502,12.3592418693264,3.28239632075603
360.352811298721,292.756110812917,3.05889331479678
605.639725463061,103.36852671214,4.18786065836189
390.426476254753,222.70946112879,4.18621489126609
572.109440522256,407.091035007118,4.74008934093854
143.350997713653,285.843401239057,4.49272684284183
195.117235117822,368.118300329657,4.01785820614501
122.787955609189,405.545104058829,3.4357340671634
621.777130032857,311.346443479986,4.5400707379173
4.71277502884349,143.230936549488,4.14489299851818
540.226406863796,201.56824440037,4.21978623811223
33.3975172368831,491.874753445614,2.98216054675836
277.33288703478,21.3369321369036,3.72560970259062
532.319549845531,392.286423184689,3.3500899589384
72.3377838152819,77.4223740511009,5.12601025281062
2.81141654525258,73.494199686713,3.51460552446502
585.905885895394,226.170367048131,4.12713025995637
438.401028685589,462.037041623072,4.89703042396069
660.82593005261,373.145385873361,3.11357164998216
105.478995470894,487.840479794534,4.2955434852903
619.738892836956,87.6239867735872,4.13955232237052
418.48535830529,257.671341740653,3.59792500193597
12.1188411638141,179.990384735808,3.00429089749643
53.3876390979959,115.914031479728,4.50814662497443
605.45859709396,220.574595482754,4.26342925039189
255.182359695115,216.828920820671,4.2215458700344
568.703772614572,424.452133556,3.88740637042826
306.074848994609,141.213002264027,3.78953651795503
525.909244119783,451.111045463715,3.76442765163294
33.3460453241474,416.715598870097,3.71097238490597
190.309597878798,285.536268511884,3.63964717594656
548.850434303549,260.522773735458,3.5881362866398
152.196730844529,34.7622922217575,4.2920268299334
497.589106715723,356.959535395921,4.63198331828864
46.1033512551338,54.3632388091182,3.91224977130067
526.923965238851,142.341173599824,4.77891719658203
NA,NA,NA
659.85624773719,333.186965318936,3.49483844733126
456.544065816513,294.93188975441,3.70097807347497
6.82036290664425,494.941383319441,3.61919909557906
560.483855135853,53.1170277112544,4.24778169120849
70.4679252973577,377.387927982086,3.85612721717726
230.935558606349,413.142773818142,3.89411675261813
427.656970125502,12.3592418693264,3.28239632075603
360.352811298721,292.756110812917,3.05889331479678
605.639725463061,103.36852671214,4.18786065836189
390.426476254753,222.70946112879,4.18621489126609
572.109440522256,407.091035007118,4.74008934093854
143.350997713653,285.843401239057,4.49272684284183
195.117235117822,368.118300329657,4.01785820614501
122.787955609189,405.545104058829,3.4357340671634
621.777130032857,311.346443479986,4.5400707379173
4.71277502884349,143.230936549488,4.14489299851818
540.226406863796,201.56824440037,4.21978623811223
33.3975172368831,491.874753445614,2.98216054675836
277.33288703478,21.3369321369036,3.72560970259062
532.319549845531,392.286423184689,3.3500899589384
72.3377838152819,77.4223740511009,5.12601025281062
2.81141654525258,73.494199686713,3.51460552446502
585.905885895394,226.170367048131,4.12713025995637
438.401028685589,462.037041623072,4.89703042396069
660.82593005261,373.145385873361,3.11357164998216
105.478995470894,487.840479794534,4.2955434852903
619.738892836956,87.6239867735872,4.13955232237052
418.48535830529,257.671341740653,3.59792500193597
12.1188411638141,179.990384735808,3.00429089749643
53.3876390979959,115.914031479728,4.50814662497443
605.45859709396,220.574595482754,4.26342925039189
255.182359695115,216.828920820671,4.2215458700344
568.703772614572,424.452133556,3.88740637042826
306.074848994609,141.213002264027,3.78953651795503
525.909244119783,451.111045463715,3.76442765163294
33.3460453241474,416.715598870097,3.71097238490597
190.309597878798,285.536268511884,3.63964717594656
548.850434303549,260.522773735458,3.5881362866398
152.196730844529,34.7622922217575,4.2920268299334
497.589106715723,356.959535395921,4.63198331828864
46.1033512551338,54.3632388091182,3.91224977130067
526.923965238851,142.341173599824,4.77891719658203
NA,NA,NA
659.85624773719,333.186965318936,3.49483844733126
456.544065816513,294.93188975441,3.70097807347497
6.82036290664425,494.941383319441,3.61919909557906
560.483855135853,53.1170277112544,4.24778169120849
70.4679252973577,377.387927982086,3.85612721717726
230.935558606349,413.142773818142,3.89411675261813
427.656970125502,12.3592418693264,3.28239632075603
360.352811298721,292.756110812917,3.05889331479678
605.639725463061,103.36852671214,4.18786065836189
390.426476254753,222.70946112879,4.18621489126609
572.109440522256,407.091035007118,4.74008934093854
143.350997713653,285.843401239057,4.49272684284183
195.117235117822,368.118300329657,4.01785820614501
122.787955609189,405.545104058829,3.4357340671634
621.777130032857,311.346443479986,4.5400707379173
4.71277502884349,143.230936549488,4.14489299851818
540.226406863796,201.56824440037,4.21978623811223
33.3975172368831,491.874753445614,2.98216054675836
277.33288703478,21.3369321369036,3.72560970259062
532.319549845531,392.286423184689,3.3500899589384
72.3377838152819,77.4223740511009,5.12601025281062
2.81141654525258,73.494199686713,3.51460552446502
585.905885895394,226.170367048131,4.12713025995637
438.401028685589,462.037041623072,4.89703042396069
660.82593005261,373.145385873361,3.11357164998216
105.478995470894,487.840479794534,4.2955434852903
619.738892836956,87.6239867735872,4.13955232237052
418.48535830529,257.671341740653,3.59792500193597
12.1188411638141,179.990384735808,3.00429089749643
53.3876390979959,115.914031479728,4.50814662497443
605.45859709396,220.574595482754,4.26342925039189
255.182359695115,216.828920820671,4.2215458700344
568.703772614572,424.452133556,3.88740637042826
306.074848994609,141.213002264027,3.78953651795503
525.909244119783,451.111045463715,3.76442765163294
33.3460453241474,416.715598870097,3.71097238490597
190.309597878798,285.536268511884,3.63964717594656
548.850434303549,260.522773735458,3.5881362866398
152.196730844529,34.7622922217575,4.2920268299334
497.589106715723,356.959535395921,4.63198331828864
46.1033512551338,54.3632388091182,3.91224977130067
526.923965238851,142.341173599824,4.77891719658203
NA,NA,NA
659.85624773719,333.186965318936,3.49483844733126
456.544065816513,294.93188975441,3.70097807347497
6.82036290664425,494.941383319441,3.61919909557906
560.483855135853,53.1170277112544,4.24778169120849
70.4679252973577,377.387927982086,3.85612721717726
230.935558606349,413.142773818142,3.89411675261813
427.656970125502,12.3592418693264,3.28239632075603
360.352811298721,292.756110812917,3.05889331479678
605.639725463061,103.36852671214,4.18786065836189
390.426476254753,222.70946112879,4.18621489126609
572.109440522256,407.091035007118,4.74008934093854
143.350997713653,285.843401239057,4.49272684284183
195.117235117822,368.118300329657,4.01785820614501
122.787955609189,405.545104058829,3.4357340671634
621.777130032857,311.346443479986,4.5400707379173
4.71277502884349,143.230936549488,4.14489299851818
540.226406863796,201.56824440037,4.21978623811223
33.3975172368831,491.874753445614,2.98216054675836
277.33288703478,21.3369321369036,3.72560970259062
532.319549845531,392.286423184689,3.3500899589384
72.3377838152819,77.4223740511009,5.12601025281062
2.81141654525258,73.494199686713,3.51460552446502
585.905885895394,226.170367048131,4.12713025995637
438.401028685589,462.037041623072,4.89703042396069
660.82593005261,373.145385873361,3.11357164998216
105.478995470894,487.840479794534,4.2955434852903
619.738892836956,87.6239867735872,4.13955232237052
418.48535830529,257.671341740653,3.59792500193597
12.1188411638141,179.990384735808,3.00429089749643
53.3876390979959,115.914031479728,4.50814662497443
605.45859709396,220.574595482754,4.26342925039189
255.182359695115,216.828920820671,4.2215458700344
568.703772614572,424.452133556,3.88740637042826
306.074848994609,141.213002264027,3.78953651795503
525.909244119783,451.111045463715,3.76442765163294
33.3460453241474,416.715598870097,3.71097238490597
190.309597878798,285.536268511884,3.63964717594656
548.850434303549,260.522773735458,3.5881362866398
152.196730844529,34.7622922217575,4.2920268299334
497.589106715723,356.959535395921,4.63198331828864
46.1033512551338,54.3632388091182,3.91224977130067
526.923965238851,142.341173599824,4.77891719658203
NA,NA,NA
659.85624773719,333.186965318936,3.49483844733126
456.544065816513,294.93188975441,3.70097807347497
6.82036290664425,494.941383319441,3.61919909557906
560.483855135853,53.1170277112544,4.24778169120849
70.4679252973577,377.387927982086,3.85612721717726
230.935558606349,413.142773818142,3.89411675261813
427.656970125502,12.3592418693264,3.28239632075603
360.352811298721,292.756110812917,3.05889331479678
605.639725463061,103.36852671214,4.18786065836189
390.426476254753,222.70946112879,4.18621489126609
572.109440522256,407.091035007118,4.74008934093854
143.350997713653,285.843401239057,4.49272684284183
195.117235117822,368.118300329657,4.01785820614501
122.787955609189,405.545104058829,3.4357340671634
621.777130032857,311.346443479986,4.5400707379173
4.71277502884349,143.230936549488,4.14489299851818
540.226406863796,201.56824440037,4.21978623811223
33.3975172368831,491.874753445614,2.98216054675836
277.33288703478,21.3369321369036,3.72560970259062
532.319549845531,392.286423184689,3.3500899589384
72.3377838152819,77.4223740511009,5.12601025281062
2.81141654525258,73.494199686713,3.51460552446502
585.905885895394,226.170367048131,4.12713025995637
438.401028685589,462.037041623072,4.89703042396069
660.82593005261,373.145385873361,3.11357164998216
105.478995470894,487.840479794534,4.2955434852903
619.738892836956,87.6239867735872,4.13955232237052
418.48535830529,257.671341740653,3.59792500193597
12.1188411638141,179.990384735808,3.00429089749643
53.3876390979959,115.914031479728,4.50814662497443
605.45859709396,220.574595482754,4.26342925039189
255.182359695115,216.828920820671,4.2215458700344
568.703772614572,424.452133556,3.88740637042826
306.074848994609,141.213002264027,3.78953651795503
525.909244119783,451.111045463715,3.76442765163294
33.3460453241474,416.715598870097,3.71097238490597
190.309597878798,285.536268511884,3.63964717594656
548.850434303549,260.522773735458,3.5881362866398
152.196730844529,34.7622922217575,4.2920268299334
497.589106715723,356.959535395921,4.63198331828864
46.1033512551338,54.3632388091182,3.91224977130067
526.923965238851,142.341173599824,4.77891719658203
NA,NA,NA
659.85624773719,333.186965318936,3.49483844733126
456.544065816513,294.93188975441,3.70097807347497
6.82036290664425,494.941383319441,3.61919909557906
560.483855135853,53.1170277112544,4.24778169120849
70.4679252973577,377.387927982086,3.85612721717726
230.935558606349,413.142773818142,3.89411675261813
427.656970125502,12.3592418693264,3.28239632075603
360.352811298721,292.756110812917,3.05889331479678
605.639725463061,103.36852671214,4.18786065836189
390.426476254753,222.70946112879,4.18621489126609
572.109440522256,407.091035007118,4.74008934093854
143.350997713653,285.843401239057,4.49272684284183
195.117235117822,368.118300329657,4.01785820614501
122.787955609189,405.545104058829,3.4357340671634
621.777130032857,311.346443479986,4.5400707379173
4.71277502884349,143.230936549488,4.14489299851818
540.226406863796,201.56824440037,4.21978623811223
33.3975172368831,491.874753445614,2.98216054675836
277.33288703478,21.3369321369036,3.72560970259062
532.319549845531,392.286423184689,3.3500899589384
72.3377838152819,77.4223740511009,5.12601025281062
2.81141654525258,73.494199686713,3.51460552446502
585.905885895394,226.170367048131,4.12713025995637
438.401028685589,462.037041623072,4.89703042396069
660.82593005261,373.145385873361,3.11357164998216
105.478995470894,487.840479794534,4.2955434852903
619.738892836956,87.6239867735872,4.13955232237052
418.48535830529,257.671341740653,3.59792500193597
12.1188411638141,179.990384735808,3.00429089749643
53.3876390979959,115.914031479728,4.50814662497443
605.45859709396,220.574595482754,4.26342925039189
255.182359695115,216.828920820671,4.2215458700344
568.703772614572,424.452133556,3.88740637042826
306.074848994609,141.213002264027,3.78953651795503
525.909244119783,451.111045463715,3.76442765163294
33.3460453241474,416.715598870097,3.71097238490597
190.309597878798,285.536268511884,3.63964717594656
548.850434303549,260.522773735458,3.5881362866398
152.196730844529,34.7622922217575,4.2920268299334
497.589106715723,356.959535395921,4.63198331828864
46.1033512551338,54.3632388091182,3.91224977130067
526.923965238851,142.341173599824,4.77891719658203
NA,NA,NA
661.51177695203,330.554701766802,3.47172996299676
456.853811902662,295.779382985214,3.62644405779206
10.4870932777204,494.372862021599,3.72235363624918
555.50732546825,49.7727555628438,4.08265518876317
72.7357620723011,375.93242811448,4.12899903724445
234.66600958025,410.923298143589,3.93377649572464
430.395724322579,11.8224514404742,3.31345555748737
363.18208992548,291.486489786701,2.85639863758255
605.89565902989,103.943870771899,4.18424177704473
393.567455601051,233.463511090019,4.33473402986242
568.652955560346,411.182211374653,4.74548044363938
138.125933399395,283.917781987486,4.53843454286658
196.013548162907,369.07887760689,3.96516425730724
128.960400411427,409.809166106612,3.50593611848271
627.137092978643,309.107366292655,4.5273957292756
2.37255499797896,145.512852777595,4.29383208165241
544.301924475387,202.484791887073,4.30141984364488
36.6866252688354,491.205205512526,3.10004090289133
276.766855536852,21.1892042115888,4.01082288147289
533.294899649601,392.251858961143,3.07482487415079
66.2726534222734,84.4335605929417,5.25766719904041
6.05311526111271,76.6873187531166,3.50039232695996
586.993166313455,227.636032506809,4.04538953478287
439.011291620456,460.526515681564,4.86602680348455
657.923606871682,374.147462235707,2.93303821641286
111.634233039086,489.44647994813,4.3553921339505
624.235501587965,86.673613672284,4.0158602859972
421.116642267327,259.278595075899,3.69573885321877
12.8179800223204,181.007460904215,3.23387248804778
66.1427266075462,126.693614372625,4.53112099944657
613.982208717467,197.491835668725,4.41704482336853
247.815979949538,212.978207766991,3.61297476625301
570.983149464747,441.509210193289,3.74691543395551
301.511432717492,134.516197593251,3.90632289048369
536.975941897352,466.593392585309,3.61589106282859
41.4690314910904,421.466702496127,3.85243301391325
200.7338596784,293.987112605443,4.02146501602172
556.570336783165,261.076501895325,3.95654913560166
164.021804420559,28.0082502702836,4.19903350722717
502.254763167639,353.543331276635,4.65264830138731
34.8550902883061,52.749453789175,3.53253852385731
531.631040808426,147.686523849924,4.46225939117507
NA,NA,NA
661.51177695203,330.554701766802,3.47172996299676
456.853811902662,295.779382985214,3.62644405779206
10.4870932777204,494.372862021599,3.72235363624918
555.50732546825,49.7727555628438,4.08265518876317
72.7357620723011,375.93242811448,4.12899903724445
234.66600958025,410.923298143589,3.93377649572464
430.395724322579,11.8224514404742,3.31345555748737
363.18208992548,291.486489786701,2.85639863758255
605.89565902989,103.943870771899,4.18424177704473
393.567455601051,233.463511090019,4.33473402986242
568.652955560346,411.182211374653,4.74548044363938
138.125933399395,283.917781987486,4.53843454286658
196.013548162907,369.07887760689,3.96516425730724
128.960400411427,409.809166106612,3.50593611848271
627.137092978643,309.107366292655,4.5273957292756
2.37255499797896,145.512852777595,4.29383208165241
544.301924475387,202.484791887073,4.30141984364488
36.6866252688354,491.205205512526,3.10004090289133
276.766855536852,21.1892042115888,4.01082288147289
533.294899649601,392.251858961143,3.07482487415079
66.2726534222734,84.4335605929417,5.25766719904041
6.05311526111271,76.6873187531166,3.50039232695996
586.993166313455,227.636032506809,4.04538953478287
439.011291620456,460.526515681564,4.86602680348455
657.923606871682,374.147462235707,2.93303821641286
111.634233039086,489.44647994813,4.3553921339505
624.235501587965,86.673613672284,4.0158602859972
421.116642267327,259.278595075899,3.69573885321877
12.8179800223204,181.007460904215,3.23387248804778
66.1427266075462,126.693614372625,4.53112099944657
613.982208717467,197.491835668725,4.41704482336853
247.815979949538,212.978207766991,3.61297476625301
570.983149464747,441.509210193289,3.74691543395551
301.511432717492,134.516197593251,3.90632289048369
536.975941897352,466.593392585309,3.61589106282859
41.4690314910904,421.466702496127,3.85243301391325
200.7338596784,293.987112605443,4.02146501602172
556.570336783165,261.076501895325,3.95654913560166
164.021804420559,28.0082502702836,4.19903350722717
502.254763167639,353.543331276635,4.65264830138731
34.8550902883061,52.749453789175,3.53253852385731
531.631040808426,147.686523849924,4.46225939117507
NA,NA,NA
661.51177695203,330.554701766802,3.47172996299676
456.853811902662,295.779382985214,3.62644405779206
10.4870932777204,494.372862021599,3.72235363624918
555.50732546825,49.7727555628438,4.08265518876317
72.7357620723011,375.93242811448,4.12899903724445
234.66600958025,410.923298143589,3.93377649572464
430.395724322579,11.8224514404742,3.31345555748737
363.18208992548,291.486489786701,2.85639863758255
605.89565902989,103.943870771899,4.18424177704473
393.567455601051,233.463511090019,4.33473402986242
568.652955560346,411.182211374653,4.74548044363938
138.125933399395,283.917781987486,4.53843454286658
196.013548162907,369.07887760689,3.96516425730724
128.960400411427,409.809166106612,3.50593611848271
627.137092978643,309.107366292655,4.5273957292756
2.37255499797896,145.512852777595,4.29383208165241
544.301924475387,202.484791887073,4.30141984364488
36.6866252688354,491.205205512526,3.10004090289133
276.766855536852,21.1892042115888,4.01082288147289
533.294899649601,392.251858961143,3.07482487415079
66.2726534222734,84.4335605929417,5.25766719904041
6.05311526111271,76.6873187531166,3.50039232695996
586.993166313455,227.636032506809,4.04538953478287
439.011291620456,460.526515681564,4.86602680348455
657.923606871682,374.147462235707,2.93303821641286
111.634233039086,489.44647994813,4.3553921339505
624.235501587965,86.673613672284,4.0158602859972
421.116642267327,259.278595075899,3.69573885321877
12.8179800223204,181.007460904215,3.23387248804778
66.1427266075462,126.693614372625,4.53112099944657
613.982208717467,197.491835668725,4.41704482336853
247.815979949538,212.978207766991,3.61297476625301
570.983149464747,441.509210193289,3.74691543395551
301.511432717492,134.516197593251,3.90632289048369
536.975941897352,466.593392585309,3.61589106282859
41.4690314910904,421.466702496127,3.85243301391325
200.7338596784,293.987112605443,4.02146501602172
556.570336783165,261.076501895325,3.95654913560166
164.021804420559,28.0082502702836,4.19903350722717
502.254763167639,353.543331276635,4.65264830138731
34.8550902883061,52.749453789175,3.53253852385731
531.631040808426,147.686523849924,4.46225939117507
NA,NA,NA
661.51177695203,330.554701766802,3.47172996299676
456.853811902662,295.779382985214,3.62644405779206
10.4870932777204,494.372862021599,3.72235363624918
555.50732546825,49.7727555628438,4.08265518876317
72.7357620723011,375.93242811448,4.12899903724445
234.66600958025,410.923298143589,3.93377649572464
430.395724322579,11.8224514404742,3.31345555748737
363.18208992548,291.486489786701,2.85639863758255
605.89565902989,103.943870771899,4.18424177704473
393.567455601051,233.463511090019,4.33473402986242
568.652955560346,411.182211374653,4.74548044363938
138.125933399395,283.917781987486,4.53843454286658
196.013548162907,369.07887760689,3.96516425730724
128.960400411427,409.809166106612,3.50593611848271
627.137092978643,309.107366292655,4.5273957292756
2.37255499797896,145.512852777595,4.29383208165241
544.301924475387,202.484791887073,4.30141984364488
36.6866252688354,491.205205512526,3.10004090289133
276.766855536852,21.1892042115888,4.01082288147289
533.294899649601,392.251858961143,3.07482487415079
66.2726534222734,84.4335605929417,5.25766719904041
6.05311526111271,76.6873187531166,3.50039232695996
586.993166313455,227.636032506809,4.04538953478287
439.011291620456,460.526515681564,4.86602680348455
657.923606871682,374.147462235707,2.93303821641286
111.634233039086,489.44647994813,4.3553921339505
624.235501587965,86.673613672284,4.0158602859972
421.116642267327,259.278595075899,3.69573885321877
12.8179800223204,181.007460904215,3.23387248804778
66.1427266075462,126.693614372625,4.53112099944657
613.982208717467,197.491835668725,4.41704482336853
247.815979949538,212.978207766991,3.61297476625301
570.983149464747,441.509210193289,3.74691543395551
301.511432717492,134.516197593251,3.90632289048369
536.975941897352,466.593392585309,3.61589106282859
41.4690314910904,421.466702496127,3.85243301391325
200.7338596784,293.987112605443,4.02146501602172
556.570336783165,261.076501895325,3.95654913560166
164.021804420559,28.0082502702836,4.19903350722717
502.254763167639,353.543331276635,4.65264830138731
34.8550902883061,52.749453789175,3.53253852385731
531.631040808426,147.686523849924,4.46225939117507
NA,NA,NA
661.51177695203,330.554701766802,3.47172996299676
456.853811902662,295.779382985214,3.62644405779206
10.4870932777204,494.372862021599,3.72235363624918
555.50732546825,49.7727555628438,4.08265518876317
72.7357620723011,375.93242811448,4.12899903724445
234.66600958025,410.923298143589,3.93377649572464
430.395724322579,11.8224514404742,3.31345555748737
363.18208992548,291.486489786701,2.85639863758255
605.89565902989,103.943870771899,4.18424177704473
393.567455601051,233.463511090019,4.33473402986242
568.652955560346,411.182211374653,4.74548044363938
138.125933399395,283.917781987486,4.53843454286658
196.013548162907,369.07887760689,3.96516425730724
128.960400411427,409.809166106612,3.50593611848271
627.137092978643,309.107366292655,4.5273957292756
2.37255499797896,145.512852777595,4.29383208165241
544.301924475387,202.484791887073,4.30141984364488
36.6866252688354,491.205205512526,3.10004090289133
276.766855536852,21.1892042115888,4.01082288147289
533.294899649601,392.251858961143,3.07482487415079
66.2726534222734,84.4335605929417,5.25766719904041
6.05311526111271,76.6873187531166,3.50039232695996
586.993166313455,227.636032506809,4.04538953478287
439.011291620456,460.526515681564,4.86602680348455
657.923606871682,374.147462235707,2.93303821641286
111.634233039086,489.44647994813,4.3553921339505
624.235501587965,86.673613672284,4.0158602859972
421.116642267327,259.278595075899,3.69573885321877
12.8179800223204,181.007460904215,3.23387248804778
66.1427266075462,126.693614372625,4.53112099944657
613.982208717467,197.491835668725,4.41704482336853
247.815979949538,212.978207766991,3.61297476625301
570.983149464747,441.509210193289,3.74691543395551
301.511432717492,134.516197593251,3.90632289048369
536.975941897352,466.593392585309,3.61589106282859
41.4690314910904,421.466702496127,3.85243301391325
200.7338596784,293.987112605443,4.02146501602172
556.570336783165,261.076501895325,3.95654913560166
164.021804420559,28.0082502702836,4.19903350722717
502.254763167639,353.543331276635,4.65264830138731
34.8550902883061,52.749453789175,3.53253852385731
531.631040808426,147.686523849924,4.46225939117507
NA,NA,NA
661.51177695203,330.554701766802,3.47172996299676
456.853811902662,295.779382985214,3.62644405779206
10.4870932777204,494.372862021599,3.72235363624918
555.50732546825,49.7727555628438,4.08265518876317
72.7357620723011,375.93242811448,4.12899903724445
234.66600958025,410.923298143589,3.93377649572464
430.395724322579,11.8224514404742,3.31345555748737
363.18208992548,291.486489786701,2.85639863758255
605.89565902989,103.943870771899,4.18424177704473
393.567455601051,233.463511090019,4.33473402986242
568.652955560346,411.182211374653,4.74548044363938
138.125933399395,283.917781987486,4.53843454286658
196.013548162907,369.07887760689,3.96516425730724
128.960400411427,409.809166106612,3.50593611848271
627.137092978643,309.107366292655,4.5273957292756
2.37255499797896,145.512852777595,4.29383208165241
544.301924475387,202.484791887073,4.30141984364488
36.6866252688354,491.205205512526,3.10004090289133
276.766855536852,21.1892042115888,4.01082288147289
533.294899649601,392.251858961143,3.07482487415079
66.2726534222734,84.4335605929417,5.25766719904041
6.05311526111271,76.6873187531166,3.50039232695996
586.993166313455,227.636032506809,4.04538953478287
439.011291620456,460.526515681564,4.86602680348455
657.923606871682,374.147462235707,2.93303821641286
111.634233039086,489.44647994813,4.3553921339505
624.235501587965,86.673613672284,4.0158602859972
421.116642267327,259.278595075899,3.69573885321877
12.8179800223204,181.007460904215,3.23387248804778
66.1427266075462,126.693614372625,4.53112099944657
613.982208717467,197.491835668725,4.41704482336853
247.815979949538,212.978207766991,3.61297476625301
570.983149464747,441.509210193289,3.74691543395551
301.511432717492,134.516197593251,3.90632289048369
536.975941897352,466.593392585309,3.61589106282859
41.4690314910904,421.466702496127,3.85243301391325
200.7338596784,293.987112605443,4.02146501602172
556.570336783165,261.076501895325,3.95654913560166
164.021804420559,28.0082502702836,4.19903350722717
502.254763167639,353.543331276635,4.65264830138731
34.8550902883061,52.749453789175,3.53253852385731
531.631040808426,147.686523849924,4.46225939117507
NA,NA,NA
659.272904182509,333.850920902674,3.62978759914198
456.552644102415,297.97726882988,3.81379966145581
8.89437712411081,498.549378748446,3.57925246006928
563.417987328946,53.4371700972022,4.18739213158747
75.4631932166575,378.393136430334,3.94005573048306
232.587173642523,414.112523719263,3.89150258350587
428.385112315047,13.1431423474625,3.33321611118466
364.59330289377,291.165929459766,3.09093750356738
609.926126412625,100.366841322287,4.15336089441407
392.41056994765,228.9769602751,4.14667144812386
575.857905054738,411.05639792922,4.71923211861938
138.980045959708,289.68094930871,4.69445428925401
194.12800821901,373.140811216165,4.17389580064571
123.940060144453,411.201742211163,3.27600258529183
620.626360533189,312.778674746263,4.47116416255205
-1.68221901717089,150.306313972394,4.17943620705571
544.587110443204,201.057319506546,4.14158871087928
34.4500074525296,489.121496938274,3.04103488991296
279.981201993216,25.5019546880624,3.93539743340473
535.054827052458,389.710795913293,3.3584734498018
75.149824563321,79.3030193829227,5.28191412719838
7.19131745060279,77.8625039095507,3.49226893607009
588.567573819794,228.132270902275,4.04514903913888
429.256439425024,461.015170797486,4.80733426981308
657.231766830956,374.673542708982,3.01442736018376
105.269575934751,484.718740314327,4.44421080249482
624.420510859824,90.775837156229,4.08268332594631
422.373308873615,257.870133828532,3.64204143462831
9.55935347013075,181.793431928054,3.10564150462988
90.4016058873074,112.90596615547,4.53167220881396
614.326081653514,198.921833712765,4.48813242723853
250.083317160352,208.8467496661,3.7217604167949
578.48914349687,441.102185965188,3.94536132435188
305.671633169332,136.617366449502,3.75690136469917
527.460487155762,458.487705459341,3.66341364322787
46.1352353906025,419.995066870127,3.85375386101089
194.243476473863,288.339255667978,3.9084622290563
551.80046204648,263.736766408379,3.97200027216482
176.135348228449,28.8537563966833,4.42521320333531
497.037593823014,346.817666427055,4.55703678602509
39.0587619757163,50.9851802319519,3.43887966422462
528.649884855537,141.338291133319,4.72146355446359
NA,NA,NA
659.272904182509,333.850920902674,3.62978759914198
456.552644102415,297.97726882988,3.81379966145581
8.89437712411081,498.549378748446,3.57925246006928
563.417987328946,53.4371700972022,4.18739213158747
75.4631932166575,378.393136430334,3.94005573048306
232.587173642523,414.112523719263,3.89150258350587
428.385112315047,13.1431423474625,3.33321611118466
364.59330289377,291.165929459766,3.09093750356738
609.926126412625,100.366841322287,4.15336089441407
392.41056994765,228.9769602751,4.14667144812386
575.857905054738,411.05639792922,4.71923211861938
138.980045959708,289.68094930871,4.69445428925401
194.12800821901,373.140811216165,4.17389580064571
123.940060144453,411.201742211163,3.27600258529183
620.626360533189,312.778674746263,4.47116416255205
-1.68221901717089,150.306313972394,4.17943620705571
544.587110443204,201.057319506546,4.14158871087928
34.4500074525296,489.121496938274,3.04103488991296
279.981201993216,25.5019546880624,3.93539743340473
535.054827052458,389.710795913293,3.3584734498018
75.149824563321,79.3030193829227,5.28191412719838
7.19131745060279,77.8625039095507,3.49226893607009
588.567573819794,228.132270902275,4.04514903913888
429.256439425024,461.015170797486,4.80733426981308
657.231766830956,374.673542708982,3.01442736018376
105.269575934751,484.718740314327,4.44421080249482
624.420510859824,90.775837156229,4.08268332594631
422.373308873615,257.870133828532,3.64204143462831
9.55935347013075,181.793431928054,3.10564150462988
90.4016058873074,112.90596615547,4.53167220881396
614.326081653514,198.921833712765,4.48813242723853
250.083317160352,208.8467496661,3.7217604167949
578.48914349687,441.102185965188,3.94536132435188
305.671633169332,136.617366449502,3.75690136469917
527.460487155762,458.487705459341,3.66341364322787
46.1352353906025,419.995066870127,3.85375386101089
194.243476473863,288.339255667978,3.9084622290563
551.80046204648,263.736766408379,3.97200027216482
176.135348228449,28.8537563966833,4.42521320333531
497.037593823014,346.817666427055,4.55703678602509
39.0587619757163,50.9851802319519,3.43887966422462
528.649884855537,141.338291133319,4.72146355446359
NA,NA,NA
659.272904182509,333.850920902674,3.62978759914198
456.552644102415,297.97726882988,3.81379966145581
8.89437712411081,498.549378748446,3.57925246006928
563.417987328946,53.4371700972022,4.18739213158747
75.4631932166575,378.393136430334,3.94005573048306
232.587173642523,414.112523719263,3.89150258350587
428.385112315047,13.1431423474625,3.33321611118466
364.59330289377,291.165929459766,3.09093750356738
609.926126412625,100.366841322287,4.15336089441407
392.41056994765,228.9769602751,4.14667144812386
575.857905054738,411.05639792922,4.71923211861938
138.980045959708,289.68094930871,4.69445428925401
194.12800821901,373.140811216165,4.17389580064571
123.940060144453,411.201742211163,3.27600258529183
620.626360533189,312.778674746263,4.47116416255205
-1.68221901717089,150.306313972394,4.17943620705571
544.587110443204,201.057319506546,4.14158871087928
34.4500074525296,489.121496938274,3.04103488991296
279.981201993216,25.5019546880624,3.93539743340473
535.054827052458,389.710795913293,3.3584734498018
75.149824563321,79.3030193829227,5.28191412719838
7.19131745060279,77.8625039095507,3.49226893607009
588.567573819794,228.132270902275,4.04514903913888
429.256439425024,461.015170797486,4.80733426981308
657.231766830956,374.673542708982,3.01442736018376
105.269575934751,484.718740314327,4.44421080249482
624.420510859824,90.775837156229,4.08268332594631
422.373308873615,257.870133828532,3.64204143462831
9.55935347013075,181.793431928054,3.10564150462988
90.4016058873074,112.90596615547,4.53167220881396
614.326081653514,198.921833712765,4.48813242723853
250.083317160352,208.8467496661,3.7217604167949
578.48914349687,441.102185965188,3.94536132435188
305.671633169332,136.617366449502,3.75690136469917
527.460487155762,458.487705459341,3.66341364322787
46.1352353906025,419.995066870127,3.85375386101089
194.243476473863,288.339255667978,3.9084622290563
551.80046204648,263.736766408379,3.97200027216482
176.135348228449,28.8537563966833,4.42521320333531
497.037593823014,346.817666427055,4.55703678602509
39.0587619757163,50.9851802319519,3.43887966422462
528.649884855537,141.338291133319,4.72146355446359
NA,NA,NA
659.272904182509,333.850920902674,3.62978759914198
456.552644102415,297.97726882988,3.81379966145581
8.89437712411081,498.549378748446,3.57925246006928
563.417987328946,53.4371700972022,4.18739213158747
75.4631932166575,378.393136430334,3.94005573048306
232.587173642523,414.112523719263,3.89150258350587
428.385112315047,13.1431423474625,3.33321611118466
364.59330289377,291.165929459766,3.09093750356738
609.926126412625,100.366841322287,4.15336089441407
392.41056994765,228.9769602751,4.14667144812386
575.857905054738,411.05639792922,4.71923211861938
138.980045959708,289.68094930871,4.69445428925401
194.12800821901,373.140811216165,4.17389580064571
123.940060144453,411.201742211163,3.27600258529183
620.626360533189,312.778674746263,4.47116416255205
-1.68221901717089,150.306313972394,4.17943620705571
544.587110443204,201.057319506546,4.14158871087928
34.4500074525296,489.121496938274,3.04103488991296
279.981201993216,25.5019546880624,3.93539743340473
535.054827052458,389.710795913293,3.3584734498018
75.149824563321,79.3030193829227,5.28191412719838
7.19131745060279,77.8625039095507,3.49226893607009
588.567573819794,228.132270902275,4.04514903913888
429.256439425024,461.015170797486,4.80733426981308
657.231766830956,374.673542708982,3.01442736018376
105.269575934751,484.718740314327,4.44421080249482
624.420510859824,90.775837156229,4.08268332594631
422.373308873615,257.870133828532,3.64204143462831
9.55935347013075,181.793431928054,3.10564150462988
90.4016058873074,112.90596615547,4.53167220881396
614.326081653514,198.921833712765,4.48813242723853
250.083317160352,208.8467496661,3.7217604167949
578.48914349687,441.102185965188,3.94536132435188
305.671633169332,136.617366449502,3.75690136469917
527.460487155762,458.487705459341,3.66341364322787
46.1352353906025,419.995066870127,3.85375386101089
194.243476473863,288.339255667978,3.9084622290563
551.80046204648,263.736766408379,3.97200027216482
176.135348228449,28.8537563966833,4.42521320333531
497.037593823014,346.817666427055,4.55703678602509
39.0587619757163,50.9851802319519,3.43887966422462
528.649884855537,141.338291133319,4.72146355446359
NA,NA,NA
659.272904182509,333.850920902674,3.62978759914198
456.552644102415,297.97726882988,3.81379966145581
8.89437712411081,498.549378748446,3.57925246006928
563.417987328946,53.4371700972022,4.18739213158747
75.4631932166575,378.393136430334,3.94005573048306
232.587173642523,414.112523719263,3.89150258350587
428.385112315047,13.1431423474625,3.33321611118466
364.59330289377,291.165929459766,3.09093750356738
609.926126412625,100.366841322287,4.15336089441407
392.41056994765,228.9769602751,4.14667144812386
575.857905054738,411.05639792922,4.71923211861938
138.980045959708,289.68094930871,4.69445428925401
194.12800821901,373.140811216165,4.17389580064571
123.940060144453,411.201742211163,3.27600258529183
620.626360533189,312.778674746263,4.47116416255205
-1.68221901717089,150.306313972394,4.17943620705571
544.587110443204,201.057319506546,4.14158871087928
34.4500074525296,489.121496938274,3.04103488991296
279.981201993216,25.5019546880624,3.93539743340473
535.054827052458,389.710795913293,3.3584734498018
75.149824563321,79.3030193829227,5.28191412719838
7.19131745060279,77.8625039095507,3.49226893607009
588.567573819794,228.132270902275,4.04514903913888
429.256439425024,461.015170797486,4.80733426981308
657.231766830956,374.673542708982,3.01442736018376
105.269575934751,484.718740314327,4.44421080249482
624.420510859824,90.775837156229,4.08268332594631
422.373308873615,257.870133828532,3.64204143462831
9.55935347013075,181.793431928054,3.10564150462988
90.4016058873074,112.90596615547,4.53167220881396
614.326081653514,198.921833712765,4.48813242723853
250.083317160352,208.8467496661,3.7217604167949
578.48914349687,441.102185965188,3.94536132435188
305.671633169332,136.617366449502,3.75690136469917
527.460487155762,458.487705459341,3.66341364322787
46.1352353906025,419.995066870127,3.85375386101089
194.243476473863,288.339255667978,3.9084622290563
551.80046204648,263.736766408379,3.97200027216482
176.135348228449,28.8537563966833,4.42521320333531
497.037593823014,346.817666427055,4.55703678602509
39.0587619757163,50.9851802319519,3.43887966422462
528.649884855537,141.338291133319,4.72146355446359
NA,NA,NA
659.272904182509,333.850920902674,3.62978759914198
456.552644102415,297.97726882988,3.81379966145581
8.89437712411081,498.549378748446,3.57925246006928
563.417987328946,53.4371700972022,4.18739213158747
75.4631932166575,378.393136430334,3.94005573048306
232.587173642523,414.112523719263,3.89150258350587
428.385112315047,13.1431423474625,3.33321611118466
364.59330289377,291.165929459766,3.09093750356738
609.926126412625,100.366841322287,4.15336089441407
392.41056994765,228.9769602751,4.14667144812386
575.857905054738,411.05639792922,4.71923211861938
138.980045959708,289.68094930871,4.69445428925401
194.12800821901,373.140811216165,4.17389580064571
123.940060144453,411.201742211163,3.27600258529183
620.626360533189,312.778674746263,4.47116416255205
-1.68221901717089,150.306313972394,4.17943620705571
544.587110443204,201.057319506546,4.14158871087928
34.4500074525296,489.121496938274,3.04103488991296
279.981201993216,25.5019546880624,3.93539743340473
535.054827052458,389.710795913293,3.3584734498018
75.149824563321,79.3030193829227,5.28191412719838
7.19131745060279,77.8625039095507,3.49226893607009
588.567573819794,228.132270902275,4.04514903913888
429.256439425024,461.015170797486,4.80733426981308
657.231766830956,374.673542708982,3.01442736018376
105.269575934751,484.718740314327,4.44421080249482
624.420510859824,90.775837156229,4.08268332594631
422.373308873615,257.870133828532,3.64204143462831
9.55935347013075,181.793431928054,3.10564150462988
90.4016058873074,112.90596615547,4.53167220881396
614.326081653514,198.921833712765,4.48813242723853
250.083317160352,208.8467496661,3.7217604167949
578.48914349687,441.102185965188,3.94536132435188
305.671633169332,136.617366449502,3.75690136469917
527.460487155762,458.487705459341,3.66341364322787
46.1352353906025,419.995066870127,3.85375386101089
194.243476473863,288.339255667978,3.9084622290563
551.80046204648,263.736766408379,3.97200027216482
176.135348228449,28.8537563966833,4.42521320333531
497.037593823014,346.817666427055,4.55703678602509
39.0587619757163,50.9851802319519,3.43887966422462
528.649884855537,141.338291133319,4.72146355446359
NA,NA,NA
661.853059363675,333.238987067248,3.51116761636381
454.170742607529,300.788203799877,3.79690199358308
13.159924401375,497.633176972088,3.72186213075188
563.956687140975,52.6387934211935,4.18144757883484
75.2202334952367,379.099124599342,4.01024830687041
223.570152456094,409.867717255333,3.93432576409756
428.503602875374,13.9199617074706,3.40338692687529
361.29112966039,292.916680328063,3.20618385786622
604.744067911687,102.498059671622,4.2030922790344
396.318385921772,230.03151977567,4.22391709423025
565.689739120749,410.88142821217,4.79605999035232
146.843627194153,277.716452764445,4.52373663837746
200.826577948373,369.686574852537,4.14463137323531
121.943307201941,411.374147484324,3.39003859576851
621.565145967935,308.99982154632,4.64309125486679
7.82727406952074,152.416817295692,4.23153273326
546.038216058107,198.134222210943,4.20746566262131
34.704801372698,490.354755441397,3.01760389772239
282.754973583626,22.5755470518274,3.94242634993627
533.594695746552,387.133612467561,3.39252383028762
82.8335251289582,73.2485559516842,5.17908818042158
5.64649372469886,77.1229304704032,3.49659630238815
591.235444718004,226.597457678625,4.00443130875604
440.4032895472,461.500523691479,4.81040793510837
660.199954225706,373.147093337969,3.19193462726429
105.986017303805,486.137678606309,4.32981397423215
622.854191058477,95.0314189183904,4.07587558960008
418.689893395911,258.378020973221,3.62629340182297
9.78095304580193,183.674890330373,3.20605580142358
76.5617735667058,132.491093327885,4.38794125321299
607.374416254442,196.84806388031,3.91948332378761
244.87750158135,224.248850253278,4.07953154190058
571.286720490651,444.59814857681,3.78450996825922
305.396967973721,134.486342638867,3.79033394648664
532.677446157481,453.586944155806,3.52679411274003
51.9544319487195,414.602038389551,4.02637080186612
200.241422375401,280.490695727105,4.53739313145388
547.886319468729,252.091243409145,3.68634653947437
171.797966760049,40.1041792274251,4.50031178697376
499.335071999265,340.367003320501,4.3012531493043
46.4946188762461,49.286224971512,3.99920370362497
529.54055821936,156.890806776815,4.4810119674508
NA,NA,NA
661.853059363675,333.238987067248,3.51116761636381
454.170742607529,300.788203799877,3.79690199358308
13.159924401375,497.633176972088,3.72186213075188
563.956687140975,52.6387934211935,4.18144757883484
75.2202334952367,379.099124599342,4.01024830687041
223.570152456094,409.867717255333,3.93432576409756
428.503602875374,13.9199617074706,3.40338692687529
361.29112966039,292.916680328063,3.20618385786622
604.744067911687,102.498059671622,4.2030922790344
396.318385921772,230.03151977567,4.22391709423025
565.689739120749,410.88142821217,4.79605999035232
146.843627194153,277.716452764445,4.52373663837746
200.826577948373,369.686574852537,4.14463137323531
121.943307201941,411.374147484324,3.39003859576851
621.565145967935,308.99982154632,4.64309125486679
7.82727406952074,152.416817295692,4.23153273326
546.038216058107,198.134222210943,4.20746566262131
34.704801372698,490.354755441397,3.01760389772239
282.754973583626,22.5755470518274,3.94242634993627
533.594695746552,387.133612467561,3.39252383028762
82.8335251289582,73.2485559516842,5.17908818042158
5.64649372469886,77.1229304704032,3.49659630238815
591.235444718004,226.597457678625,4.00443130875604
440.4032895472,461.500523691479,4.81040793510837
660.199954225706,373.147093337969,3.19193462726429
105.986017303805,486.137678606309,4.32981397423215
622.854191058477,95.0314189183904,4.07587558960008
418.689893395911,258.378020973221,3.62629340182297
9.78095304580193,183.674890330373,3.20605580142358
76.5617735667058,132.491093327885,4.38794125321299
607.374416254442,196.84806388031,3.91948332378761
244.87750158135,224.248850253278,4.07953154190058
571.286720490651,444.59814857681,3.78450996825922
305.396967973721,134.486342638867,3.79033394648664
532.677446157481,453.586944155806,3.52679411274003
51.9544319487195,414.602038389551,4.02637080186612
200.241422375401,280.490695727105,4.53739313145388
547.886319468729,252.091243409145,3.68634653947437
171.797966760049,40.1041792274251,4.50031178697376
499.335071999265,340.367003320501,4.3012531493043
46.4946188762461,49.286224971512,3.99920370362497
529.54055821936,156.890806776815,4.4810119674508
NA,NA,NA
661.853059363675,333.238987067248,3.51116761636381
454.170742607529,300.788203799877,3.79690199358308
13.159924401375,497.633176972088,3.72186213075188
563.956687140975,52.6387934211935,4.18144757883484
75.2202334952367,379.099124599342,4.01024830687041
223.570152456094,409.867717255333,3.93432576409756
428.503602875374,13.9199617074706,3.40338692687529
361.29112966039,292.916680328063,3.20618385786622
604.744067911687,102.498059671622,4.2030922790344
396.318385921772,230.03151977567,4.22391709423025
565.689739120749,410.88142821217,4.79605999035232
146.843627194153,277.716452764445,4.52373663837746
200.826577948373,369.686574852537,4.14463137323531
121.943307201941,411.374147484324,3.39003859576851
621.565145967935,308.99982154632,4.64309125486679
7.82727406952074,152.416817295692,4.23153273326
546.038216058107,198.134222210943,4.20746566262131
34.704801372698,490.354755441397,3.01760389772239
282.754973583626,22.5755470518274,3.94242634993627
533.594695746552,387.133612467561,3.39252383028762
82.8335251289582,73.2485559516842,5.17908818042158
5.64649372469886,77.1229304704032,3.49659630238815
591.235444718004,226.597457678625,4.00443130875604
440.4032895472,461.500523691479,4.81040793510837
660.199954225706,373.147093337969,3.19193462726429
105.986017303805,486.137678606309,4.32981397423215
622.854191058477,95.0314189183904,4.07587558960008
418.689893395911,258.378020973221,3.62629340182297
9.78095304580193,183.674890330373,3.20605580142358
76.5617735667058,132.491093327885,4.38794125321299
607.374416254442,196.84806388031,3.91948332378761
244.87750158135,224.248850253278,4.07953154190058
571.286720490651,444.59814857681,3.78450996825922
305.396967973721,134.486342638867,3.79033394648664
532.677446157481,453.586944155806,3.52679411274003
51.9544319487195,414.602038389551,4.02637080186612
200.241422375401,280.490695727105,4.53739313145388
547.886319468729,252.091243409145,3.68634653947437
171.797966760049,40.1041792274251,4.50031178697376
499.335071999265,340.367003320501,4.3012531493043
46.4946188762461,49.286224971512,3.99920370362497
529.54055821936,156.890806776815,4.4810119674508
NA,NA,NA
661.853059363675,333.238987067248,3.51116761636381
454.170742607529,300.788203799877,3.79690199358308
13.159924401375,497.633176972088,3.72186213075188
563.956687140975,52.6387934211935,4.18144757883484
75.2202334952367,379.099124599342,4.01024830687041
223.570152456094,409.867717255333,3.93432576409756
428.503602875374,13.9199617074706,3.40338692687529
361.29112966039,292.916680328063,3.20618385786622
604.744067911687,102.498059671622,4.2030922790344
396.318385921772,230.03151977567,4.22391709423025
565.689739120749,410.88142821217,4.79605999035232
146.843627194153,277.716452764445,4.52373663837746
200.826577948373,369.686574852537,4.14463137323531
121.943307201941,411.374147484324,3.39003859576851
621.565145967935,308.99982154632,4.64309125486679
7.82727406952074,152.416817295692,4.23153273326
546.038216058107,198.134222210943,4.20746566262131
34.704801372698,490.354755441397,3.01760389772239
282.754973583626,22.5755470518274,3.94242634993627
533.594695746552,387.133612467561,3.39252383028762
82.8335251289582,73.2485559516842,5.17908818042158
5.64649372469886,77.1229304704032,3.49659630238815
591.235444718004,226.597457678625,4.00443130875604
440.4032895472,461.500523691479,4.81040793510837
660.199954225706,373.147093337969,3.19193462726429
105.986017303805,486.137678606309,4.32981397423215
622.854191058477,95.0314189183904,4.07587558960008
418.689893395911,258.378020973221,3.62629340182297
9.78095304580193,183.674890330373,3.20605580142358
76.5617735667058,132.491093327885,4.38794125321299
607.374416254442,196.84806388031,3.91948332378761
244.87750158135,224.248850253278,4.07953154190058
571.286720490651,444.59814857681,3.78450996825922
305.396967973721,134.486342638867,3.79033394648664
532.677446157481,453.586944155806,3.52679411274003
51.9544319487195,414.602038389551,4.02637080186612
200.241422375401,280.490695727105,4.53739313145388
547.886319468729,252.091243409145,3.68634653947437
171.797966760049,40.1041792274251,4.50031178697376
499.335071999265,340.367003320501,4.3012531493043
46.4946188762461,49.286224971512,3.99920370362497
529.54055821936,156.890806776815,4.4810119674508
NA,NA,NA
661.853059363675,333.238987067248,3.51116761636381
454.170742607529,300.788203799877,3.79690199358308
13.159924401375,497.633176972088,3.72186213075188
563.956687140975,52.6387934211935,4.18144757883484
75.2202334952367,379.099124599342,4.01024830687041
223.570152456094,409.867717255333,3.93432576409756
428.503602875374,13.9199617074706,3.40338692687529
361.29112966039,292.916680328063,3.20618385786622
604.744067911687,102.498059671622,4.2030922790344
396.318385921772,230.03151977567,4.22391709423025
565.689739120749,410.88142821217,4.79605999035232
146.843627194153,277.716452764445,4.52373663837746
200.826577948373,369.686574852537,4.14463137323531
121.943307201941,411.374147484324,3.39003859576851
621.565145967935,308.99982154632,4.64309125486679
7.82727406952074,152.416817295692,4.23153273326
546.038216058107,198.134222210943,4.20746566262131
34.704801372698,490.354755441397,3.01760389772239
282.754973583626,22.5755470518274,3.94242634993627
533.594695746552,387.133612467561,3.39252383028762
82.8335251289582,73.2485559516842,5.17908818042158
5.64649372469886,77.1229304704032,3.49659630238815
591.235444718004,226.597457678625,4.00443130875604
440.4032895472,461.500523691479,4.81040793510837
660.199954225706,373.147093337969,3.19193462726429
105.986017303805,486.137678606309,4.32981397423215
622.854191058477,95.0314189183904,4.07587558960008
418.689893395911,258.378020973221,3.62629340182297
9.78095304580193,183.674890330373,3.20605580142358
76.5617735667058,132.491093327885,4.38794125321299
607.374416254442,196.84806388031,3.91948332378761
244.87750158135,224.248850253278,4.07953154190058
571.286720490651,444.59814857681,3.78450996825922
305.396967973721,134.486342638867,3.79033394648664
532.677446157481,453.586944155806,3.52679411274003
51.9544319487195,414.602038389551,4.02637080186612
200.241422375401,280.490695727105,4.53739313145388
547.886319468729,252.091243409145,3.68634653947437
171.797966760049,40.1041792274251,4.50031178697376
499.335071999265,340.367003320501,4.3012531493043
46.4946188762461,49.286224971512,3.99920370362497
529.54055821936,156.890806776815,4.4810119674508
NA,NA,NA
661.853059363675,333.238987067248,3.51116761636381
454.170742607529,300.788203799877,3.79690199358308
13.159924401375,497.633176972088,3.72186213075188
563.956687140975,52.6387934211935,4.18144757883484
75.2202334952367,379.099124599342,4.01024830687041
223.570152456094,409.867717255333,3.93432576409756
428.503602875374,13.9199617074706,3.40338692687529
361.29112966039,292.916680328063,3.20618385786622
604.744067911687,102.498059671622,4.2030922790344
396.318385921772,230.03151977567,4.22391709423025
565.689739120749,410.88142821217,4.79605999035232
146.843627194153,277.716452764445,4.52373663837746
200.826577948373,369.686574852537,4.14463137323531
121.943307201941,411.374147484324,3.39003859576851
621.565145967935,308.99982154632,4.64309125486679
7.82727406952074,152.416817295692,4.23153273326
546.038216058107,198.134222210943,4.20746566262131
34.704801372698,490.354755441397,3.01760389772239
282.754973583626,22.5755470518274,3.94242634993627
533.594695746552,387.133612467561,3.39252383028762
82.8335251289582,73.2485559516842,5.17908818042158
5.64649372469886,77.1229304704032,3.49659630238815
591.235444718004,226.597457678625,4.00443130875604
440.4032895472,461.500523691479,4.81040793510837
660.199954225706,373.147093337969,3.19193462726429
105.986017303805,486.137678606309,4.32981397423215
622.854191058477,95.0314189183904,4.07587558960008
418.689893395911,258.378020973221,3.62629340182297
9.78095304580193,183.674890330373,3.20605580142358
76.5617735667058,132.491093327885,4.38794125321299
607.374416254442,196.84806388031,3.91948332378761
244.87750158135,224.248850253278,4.07953154190058
571.286720490651,444.59814857681,3.78450996825922
305.396967973721,134.486342638867,3.79033394648664
532.677446157481,453.586944155806,3.52679411274003
51.9544319487195,414.602038389551,4.02637080186612
200.241422375401,280.490695727105,4.53739313145388
547.886319468729,252.091243409145,3.68634653947437
171.797966760049,40.1041792274251,4.50031178697376
499.335071999265,340.367003320501,4.3012531493043
46.4946188762461,49.286224971512,3.99920370362497
529.54055821936,156.890806776815,4.4810119674508
NA,NA,NA
660.384482708517,332.57715779494,3.53181793392569
455.301382728546,299.657814640653,3.73405749979432
14.5899309345531,498.546578219131,3.58745736759233
557.576425845309,57.1262235324741,4.16484065273434
75.1573333489257,376.379479356662,3.93235055771517
231.188606281914,410.313235724212,3.89611433775865
430.753724313479,11.0634575741287,3.26805936337363
363.090601236761,294.985328666466,2.90361452918907
605.993083943508,104.337939506594,4.23530069602256
389.524916574702,229.994519430675,4.2118983515102
578.395637260461,412.285264446438,4.76919623932801
139.469396553377,283.859444426063,4.52887542126728
195.882955715953,373.519501598854,4.06185625415005
122.001125427523,410.409015720701,3.4309862190192
624.31017267078,309.358796350511,4.48940063892624
-4.09134591350393,146.505269160812,4.19480122380196
541.074796395405,204.839563450158,4.26080643721378
36.5810088327805,491.594741809224,3.0561987418719
274.176232238434,23.3213334797032,3.97329594044626
531.68394497659,394.032912922672,3.2884184537954
77.6482032885199,75.4374127036463,5.1704515964044
1.09650260409779,75.8277426469005,3.5930735523018
589.477298469431,225.681479874957,4.04375956190559
434.841220242107,459.596865226384,4.8010014800313
657.641530545828,375.573343563125,3.02841266842359
107.776909194558,485.499910505672,4.31726396221965
624.508393703515,90.522414607731,4.15963302747641
421.423370263901,260.057368513845,3.60907649527822
9.1636733550289,181.294303195745,3.19306369889305
62.0556465163187,108.378768419007,4.47300151077646
606.762881572898,215.917063108098,4.58349264569935
248.731676944229,214.49256826232,3.97062400994606
570.785460851559,431.281814034711,3.87538079408615
302.854224402934,137.910562527089,4.01850647386962
526.256474978778,453.610304826525,3.62757001938446
53.8535943546657,409.45045107358,3.74114476617655
193.978590541756,288.422389684205,4.10981039569016
536.520895161318,255.363020434331,3.57097073514855
167.365927068624,23.7553679885179,4.06541051959029
504.48160296634,337.926626793584,4.55189271876534
41.5055331081494,51.3023244258822,4.34932828626515
543.479254765382,162.346079639906,4.51588005565385
NA,NA,NA
660.384482708517,332.57715779494,3.53181793392569
455.301382728546,299.657814640653,3.73405749979432
14.5899309345531,498.546578219131,3.58745736759233
557.576425845309,57.1262235324741,4.16484065273434
75.1573333489257,376.379479356662,3.93235055771517
231.188606281914,410.313235724212,3.89611433775865
430.753724313479,11.0634575741287,3.26805936337363
363.090601236761,294.985328666466,2.90361452918907
605.993083943508,104.337939506594,4.23530069602256
389.524916574702,229.994519430675,4.2118983515102
578.395637260461,412.285264446438,4.76919623932801
139.469396553377,283.859444426063,4.52887542126728
195.882955715953,373.519501598854,4.06185625415005
122.001125427523,410.409015720701,3.4309862190192
624.31017267078,309.358796350511,4.48940063892624
-4.09134591350393,146.505269160812,4.19480122380196
541.074796395405,204.839563450158,4.26080643721378
36.5810088327805,491.594741809224,3.0561987418719
274.176232238434,23.3213334797032,3.97329594044626
531.68394497659,394.032912922672,3.2884184537954
77.6482032885199,75.4374127036463,5.1704515964044
1.09650260409779,75.8277426469005,3.5930735523018
589.477298469431,225.681479874957,4.04375956190559
434.841220242107,459.596865226384,4.8010014800313
657.641530545828,375.573343563125,3.02841266842359
107.776909194558,485.499910505672,4.31726396221965
624.508393703515,90.522414607731,4.15963302747641
421.423370263901,260.057368513845,3.60907649527822
9.1636733550289,181.294303195745,3.19306369889305
62.0556465163187,108.378768419007,4.47300151077646
606.762881572898,215.917063108098,4.58349264569935
248.731676944229,214.49256826232,3.97062400994606
570.785460851559,431.281814034711,3.87538079408615
302.854224402934,137.910562527089,4.01850647386962
526.256474978778,453.610304826525,3.62757001938446
53.8535943546657,409.45045107358,3.74114476617655
193.978590541756,288.422389684205,4.10981039569016
536.520895161318,255.363020434331,3.57097073514855
167.365927068624,23.7553679885179,4.06541051959029
504.48160296634,337.926626793584,4.55189271876534
41.5055331081494,51.3023244258822,4.34932828626515
543.479254765382,162.346079639906,4.51588005565385
NA,NA,NA
660.384482708517,332.57715779494,3.53181793392569
455.301382728546,299.657814640653,3.73405749979432
14.5899309345531,498.546578219131,3.58745736759233
557.576425845309,57.1262235324741,4.16484065273434
75.1573333489257,376.379479356662,3.93235055771517
231.188606281914,410.313235724212,3.89611433775865
430.753724313479,11.0634575741287,3.26805936337363
363.090601236761,294.985328666466,2.90361452918907
605.993083943508,104.337939506594,4.23530069602256
389.524916574702,229.994519430675,4.2118983515102
578.395637260461,412.285264446438,4.76919623932801
139.469396553377,283.859444426063,4.52887542126728
195.882955715953,373.519501598854,4.06185625415005
122.001125427523,410.409015720701,3.4309862190192
624.31017267078,309.358796350511,4.48940063892624
-4.09134591350393,146.505269160812,4.19480122380196
541.074796395405,204.839563450158,4.26080643721378
36.5810088327805,491.594741809224,3.0561987418719
274.176232238434,23.3213334797032,3.97329594044626
531.68394497659,394.032912922672,3.2884184537954
77.6482032885199,75.4374127036463,5.1704515964044
1.09650260409779,75.8277426469005,3.5930735523018
589.477298469431,225.681479874957,4.04375956190559
434.841220242107,459.596865226384,4.8010014800313
657.641530545828,375.573343563125,3.02841266842359
107.776909194558,485.499910505672,4.31726396221965
624.508393703515,90.522414607731,4.15963302747641
421.423370263901,260.057368513845,3.60907649527822
9.1636733550289,181.294303195745,3.19306369889305
62.0556465163187,108.378768419007,4.47300151077646
606.762881572898,215.917063108098,4.58349264569935
248.731676944229,214.49256826232,3.97062400994606
570.785460851559,431.281814034711,3.87538079408615
302.854224402934,137.910562527089,4.01850647386962
526.256474978778,453.610304826525,3.62757001938446
53.8535943546657,409.45045107358,3.74114476617655
193.978590541756,288.422389684205,4.10981039569016
536.520895161318,255.363020434331,3.57097073514855
167.365927068624,23.7553679885179,4.06541051959029
504.48160296634,337.926626793584,4.55189271876534
41.5055331081494,51.3023244258822,4.34932828626515
543.479254765382,162.346079639906,4.51588005565385
NA,NA,NA
660.384482708517,332.57715779494,3.53181793392569
455.301382728546,299.657814640653,3.73405749979432
14.5899309345531,498.546578219131,3.58745736759233
557.576425845309,57.1262235324741,4.16484065273434
75.1573333489257,376.379479356662,3.93235055771517
231.188606281914,410.313235724212,3.89611433775865
430.753724313479,11.0634575741287,3.26805936337363
363.090601236761,294.985328666466,2.90361452918907
605.993083943508,104.337939506594,4.23530069602256
389.524916574702,229.994519430675,4.2118983515102
578.395637260461,412.285264446438,4.76919623932801
139.469396553377,283.859444426063,4.52887542126728
195.882955715953,373.519501598854,4.06185625415005
122.001125427523,410.409015720701,3.4309862190192
624.31017267078,309.358796350511,4.48940063892624
-4.09134591350393,146.505269160812,4.19480122380196
541.074796395405,204.839563450158,4.26080643721378
36.5810088327805,491.594741809224,3.0561987418719
274.176232238434,23.3213334797032,3.97329594044626
531.68394497659,394.032912922672,3.2884184537954
77.6482032885199,75.4374127036463,5.1704515964044
1.09650260409779,75.8277426469005,3.5930735523018
589.477298469431,225.681479874957,4.04375956190559
434.841220242107,459.596865226384,4.8010014800313
657.641530545828,375.573343563125,3.02841266842359
107.776909194558,485.499910505672,4.31726396221965
624.508393703515,90.522414607731,4.15963302747641
421.423370263901,260.057368513845,3.60907649527822
9.1636733550289,181.294303195745,3.19306369889305
62.0556465163187,108.378768419007,4.47300151077646
606.762881572898,215.917063108098,4.58349264569935
248.731676944229,214.49256826232,3.97062400994606
570.785460851559,431.281814034711,3.87538079408615
302.854224402934,137.910562527089,4.01850647386962
526.256474978778,453.610304826525,3.62757001938446
53.8535943546657,409.45045107358,3.74114476617655
193.978590541756,288.422389684205,4.10981039569016
536.520895161318,255.363020434331,3.57097073514855
167.365927068624,23.7553679885179,4.06541051959029
504.48160296634,337.926626793584,4.55189271876534
41.5055331081494,51.3023244258822,4.34932828626515
543.479254765382,162.346079639906,4.51588005565385
NA,NA,NA
660.384482708517,332.57715779494,3.53181793392569
455.301382728546,299.657814640653,3.73405749979432
14.5899309345531,498.546578219131,3.58745736759233
557.576425845309,57.1262235324741,4.16484065273434
75.1573333489257,376.379479356662,3.93235055771517
231.188606281914,410.313235724212,3.89611433775865
430.753724313479,11.0634575741287,3.26805936337363
363.090601236761,294.985328666466,2.90361452918907
605.993083943508,104.337939506594,4.23530069602256
389.524916574702,229.994519430675,4.2118983515102
578.395637260461,412.285264446438,4.76919623932801
139.469396553377,283.859444426063,4.52887542126728
195.882955715953,373.519501598854,4.06185625415005
122.001125427523,410.409015720701,3.4309862190192
624.31017267078,309.358796350511,4.48940063892624
-4.09134591350393,146.505269160812,4.19480122380196
541.074796395405,204.839563450158,4.26080643721378
36.5810088327805,491.594741809224,3.0561987418719
274.176232238434,23.3213334797032,3.97329594044626
531.68394497659,394.032912922672,3.2884184537954
77.6482032885199,75.4374127036463,5.1704515964044
1.09650260409779,75.8277426469005,3.5930735523018
589.477298469431,225.681479874957,4.04375956190559
434.841220242107,459.596865226384,4.8010014800313
657.641530545828,375.573343563125,3.02841266842359
107.776909194558,485.499910505672,4.31726396221965
624.508393703515,90.522414607731,4.15963302747641
421.423370263901,260.057368513845,3.60907649527822
9.1636733550289,181.294303195745,3.19306369889305
62.0556465163187,108.378768419007,4.47300151077646
606.762881572898,215.917063108098,4.58349264569935
248.731676944229,214.49256826232,3.97062400994606
570.785460851559,431.281814034711,3.87538079408615
302.854224402934,137.910562527089,4.01850647386962
526.256474978778,453.610304826525,3.62757001938446
53.8535943546657,409.45045107358,3.74114476617655
193.978590541756,288.422389684205,4.10981039569016
536.520895161318,255.363020434331,3.57097073514855
167.365927068624,23.7553679885179,4.06541051959029
504.48160296634,337.926626793584,4.55189271876534
41.5055331081494,51.3023244258822,4.34932828626515
543.479254765382,162.346079639906,4.51588005565385
NA,NA,NA
660.384482708517,332.57715779494,3.53181793392569
455.301382728546,299.657814640653,3.73405749979432
14.5899309345531,498.546578219131,3.58745736759233
557.576425845309,57.1262235324741,4.16484065273434
75.1573333489257,376.379479356662,3.93235055771517
231.188606281914,410.313235724212,3.89611433775865
430.753724313479,11.0634575741287,3.26805936337363
363.090601236761,294.985328666466,2.90361452918907
605.993083943508,104.337939506594,4.23530069602256
389.524916574702,229.994519430675,4.2118983515102
578.395637260461,412.285264446438,4.76919623932801
139.469396553377,283.859444426063,4.52887542126728
195.882955715953,373.519501598854,4.06185625415005
122.001125427523,410.409015720701,3.4309862190192
624.31017267078,309.358796350511,4.48940063892624
-4.09134591350393,146.505269160812,4.19480122380196
541.074796395405,204.839563450158,4.26080643721378
36.5810088327805,491.594741809224,3.0561987418719
274.176232238434,23.3213334797032,3.97329594044626
531.68394497659,394.032912922672,3.2884184537954
77.6482032885199,75.4374127036463,5.1704515964044
1.09650260409779,75.8277426469005,3.5930735523018
589.477298469431,225.681479874957,4.04375956190559
434.841220242107,459.596865226384,4.8010014800313
657.641530545828,375.573343563125,3.02841266842359
107.776909194558,485.499910505672,4.31726396221965
624.508393703515,90.522414607731,4.15963302747641
421.423370263901,260.057368513845,3.60907649527822
9.1636733550289,181.294303195745,3.19306369889305
62.0556465163187,108.378768419007,4.47300151077646
606.762881572898,215.917063108098,4.58349264569935
248.731676944229,214.49256826232,3.97062400994606
570.785460851559,431.281814034711,3.87538079408615
302.854224402934,137.910562527089,4.01850647386962
526.256474978778,453.610304826525,3.62757001938446
53.8535943546657,409.45045107358,3.74114476617655
193.978590541756,288.422389684205,4.10981039569016
536.520895161318,255.363020434331,3.57097073514855
167.365927068624,23.7553679885179,4.06541051959029
504.48160296634,337.926626793584,4.55189271876534
41.5055331081494,51.3023244258822,4.34932828626515
543.479254765382,162.346079639906,4.51588005565385
NA,NA,NA
662.258850310021,334.233247032141,3.60981811129442
455.526035777619,294.675049194312,3.69196383211399
10.7477941650528,496.185113081915,3.70918747404246
561.826757384394,51.4157799572465,4.23819729163535
74.0371079166855,378.519119842621,3.92697260385751
228.193637330371,415.144288401621,3.88860623827909
429.858083875783,11.9973166723282,3.43974363187669
362.081765940766,294.473093362228,3.04878140060969
606.518112309611,106.052191721345,4.16649768465897
390.332132216615,232.929607987056,4.21358056661314
570.009761394943,411.693951614178,4.67473464051644
140.457967354173,280.77251661333,4.45042583580162
203.502071337146,370.984903829736,3.93970453485097
124.620308000861,410.534330536588,3.41679116885058
628.022105839021,312.052459612685,4.52262186023653
2.64948737603281,147.832666432823,4.37743282814106
542.912522206277,202.036712995911,4.25008244606259
33.9876183176719,492.00261335034,3.19794433914188
277.9851366803,24.2989619647325,3.8837648552712
534.609282187958,391.197800294916,3.42675421687571
75.4572458366257,72.8357834032392,5.21254809226069
5.14703137111999,75.8004920195205,3.3541490711844
592.150352554657,224.486399489099,3.9788234207708
436.303329925411,462.604630250124,4.70000790538055
658.937329093616,372.282008822549,2.98025119187544
105.332062781676,487.693457474139,4.34107343773151
622.281375043941,93.0061628304816,4.07580948475834
418.475485331898,257.193991098382,3.55018273507248
13.1056341675025,182.975921213928,3.29057665123856
53.2637711806305,120.655640484078,4.29172432570226
610.063684328098,201.956834188028,4.20971740621672
249.877999584283,221.372778868771,4.05126629102304
573.51479466334,433.981997774739,3.81754812076804
302.108551051565,135.504349819575,3.66468795821614
526.724532611001,459.987844577533,3.63702633305817
48.88337209628,416.00502664895,3.64140897143873
194.050236845557,297.278750220224,4.15479803347951
547.93245222977,267.238456927949,3.92547482341741
180.544800265192,25.0398058817586,4.27870358188003
500.363914284668,349.33659469088,4.77118530751442
40.0099974548828,50.2969026210348,3.82934242634985
533.637737678971,162.044280522504,4.70526150222472
NA,NA,NA
662.258850310021,334.233247032141,3.60981811129442
455.526035777619,294.675049194312,3.69196383211399
10.7477941650528,496.185113081915,3.70918747404246
561.826757384394,51.4157799572465,4.23819729163535
74.0371079166855,378.519119842621,3.92697260385751
228.193637330371,415.144288401621,3.88860623827909
429.858083875783,11.9973166723282,3.43974363187669
362.081765940766,294.473093362228,3.04878140060969
606.518112309611,106.052191721345,4.16649768465897
390.332132216615,232.929607987056,4.21358056661314
570.009761394943,411.693951614178,4.67473464051644
140.457967354173,280.77251661333,4.45042583580162
203.502071337146,370.984903829736,3.93970453485097
124.620308000861,410.534330536588,3.41679116885058
628.022105839021,312.052459612685,4.52262186023653
2.64948737603281,147.832666432823,4.37743282814106
542.912522206277,202.036712995911,4.25008244606259
33.9876183176719,492.00261335034,3.19794433914188
277.9851366803,24.2989619647325,3.8837648552712
534.609282187958,391.197800294916,3.42675421687571
75.4572458366257,72.8357834032392,5.21254809226069
5.14703137111999,75.8004920195205,3.3541490711844
592.150352554657,224.486399489099,3.9788234207708
436.303329925411,462.604630250124,4.70000790538055
658.937329093616,372.282008822549,2.98025119187544
105.332062781676,487.693457474139,4.34107343773151
622.281375043941,93.0061628304816,4.07580948475834
418.475485331898,257.193991098382,3.55018273507248
13.1056341675025,182.975921213928,3.29057665123856
53.2637711806305,120.655640484078,4.29172432570226
610.063684328098,201.956834188028,4.20971740621672
249.877999584283,221.372778868771,4.05126629102304
573.51479466334,433.981997774739,3.81754812076804
302.108551051565,135.504349819575,3.66468795821614
526.724532611001,459.987844577533,3.63702633305817
48.88337209628,416.00502664895,3.64140897143873
194.050236845557,297.278750220224,4.15479803347951
547.93245222977,267.238456927949,3.92547482341741
180.544800265192,25.0398058817586,4.27870358188003
500.363914284668,349.33659469088,4.77118530751442
40.0099974548828,50.2969026210348,3.82934242634985
533.637737678971,162.044280522504,4.70526150222472
NA,NA,NA
662.258850310021,334.233247032141,3.60981811129442
455.526035777619,294.675049194312,3.69196383211399
10.7477941650528,496.185113081915,3.70918747404246
561.826757384394,51.4157799572465,4.23819729163535
74.0371079166855,378.519119842621,3.92697260385751
228.193637330371,415.144288401621,3.88860623827909
429.858083875783,11.9973166723282,3.43974363187669
362.081765940766,294.473093362228,3.04878140060969
606.518112309611,106.052191721345,4.16649768465897
390.332132216615,232.929607987056,4.21358056661314
570.009761394943,411.693951614178,4.67473464051644
140.457967354173,280.77251661333,4.45042583580162
203.502071337146,370.984903829736,3.93970453485097
124.620308000861,410.534330536588,3.41679116885058
628.022105839021,312.052459612685,4.52262186023653
2.64948737603281,147.832666432823,4.37743282814106
542.912522206277,202.036712995911,4.25008244606259
33.9876183176719,492.00261335034,3.19794433914188
277.9851366803,24.2989619647325,3.8837648552712
534.609282187958,391.197800294916,3.42675421687571
75.4572458366257,72.8357834032392,5.21254809226069
5.14703137111999,75.8004920195205,3.3541490711844
592.150352554657,224.486399489099,3.9788234207708
436.303329925411,462.604630250124,4.70000790538055
658.937329093616,372.282008822549,2.98025119187544
105.332062781676,487.693457474139,4.34107343773151
622.281375043941,93.0061628304816,4.07580948475834
418.475485331898,257.193991098382,3.55018273507248
13.1056341675025,182.975921213928,3.29057665123856
53.2637711806305,120.655640484078,4.29172432570226
610.063684328098,201.956834188028,4.20971740621672
249.877999584283,221.372778868771,4.05126629102304
573.51479466334,433.981997774739,3.81754812076804
302.108551051565,135.504349819575,3.66468795821614
526.724532611001,459.987844577533,3.63702633305817
48.88337209628,416.00502664895,3.64140897143873
194.050236845557,297.278750220224,4.15479803347951
547.93245222977,267.238456927949,3.92547482341741
180.544800265192,25.0398058817586,4.27870358188003
500.363914284668,349.33659469088,4.77118530751442
40.0099974548828,50.2969026210348,3.82934242634985
533.637737678971,162.044280522504,4.70526150222472
NA,NA,NA
662.258850310021,334.233247032141,3.60981811129442
455.526035777619,294.675049194312,3.69196383211399
10.7477941650528,496.185113081915,3.70918747404246
561.826757384394,51.4157799572465,4.23819729163535
74.0371079166855,378.519119842621,3.92697260385751
228.193637330371,415.144288401621,3.88860623827909
429.858083875783,11.9973166723282,3.43974363187669
362.081765940766,294.473093362228,3.04878140060969
606.518112309611,106.052191721345,4.16649768465897
390.332132216615,232.929607987056,4.21358056661314
570.009761394943,411.693951614178,4.67473464051644
140.457967354173,280.77251661333,4.45042583580162
203.502071337146,370.984903829736,3.93970453485097
124.620308000861,410.534330536588,3.41679116885058
628.022105839021,312.052459612685,4.52262186023653
2.64948737603281,147.832666432823,4.37743282814106
542.912522206277,202.036712995911,4.25008244606259
33.9876183176719,492.00261335034,3.19794433914188
277.9851366803,24.2989619647325,3.8837648552712
534.609282187958,391.197800294916,3.42675421687571
75.4572458366257,72.8357834032392,5.21254809226069
5.14703137111999,75.8004920195205,3.3541490711844
592.150352554657,224.486399489099,3.9788234207708
436.303329925411,462.604630250124,4.70000790538055
658.937329093616,372.282008822549,2.98025119187544
105.332062781676,487.693457474139,4.34107343773151
622.281375043941,93.0061628304816,4.07580948475834
418.475485331898,257.193991098382,3.55018273507248
13.1056341675025,182.975921213928,3.29057665123856
53.2637711806305,120.655640484078,4.29172432570226
610.063684328098,201.956834188028,4.20971740621672
249.877999584283,221.372778868771,4.05126629102304
573.51479466334,433.981997774739,3.81754812076804
302.108551051565,135.504349819575,3.66468795821614
526.724532611001,459.987844577533,3.63702633305817
48.88337209628,416.00502664895,3.64140897143873
194.050236845557,297.278750220224,4.15479803347951
547.93245222977,267.238456927949,3.92547482341741
180.544800265192,25.0398058817586,4.27870358188003
500.363914284668,349.33659469088,4.77118530751442
40.0099974548828,50.2969026210348,3.82934242634985
533.637737678971,162.044280522504,4.70526150222472
NA,NA,NA
662.258850310021,334.233247032141,3.60981811129442
455.526035777619,294.675049194312,3.69196383211399
10.7477941650528,496.185113081915,3.70918747404246
561.826757384394,51.4157799572465,4.23819729163535
74.0371079166855,378.519119842621,3.92697260385751
228.193637330371,415.144288401621,3.88860623827909
429.858083875783,11.9973166723282,3.43974363187669
362.081765940766,294.473093362228,3.04878140060969
606.518112309611,106.052191721345,4.16649768465897
390.332132216615,232.929607987056,4.21358056661314
570.009761394943,411.693951614178,4.67473464051644
140.457967354173,280.77251661333,4.45042583580162
203.502071337146,370.984903829736,3.93970453485097
124.620308000861,410.534330536588,3.41679116885058
628.022105839021,312.052459612685,4.52262186023653
2.64948737603281,147.832666432823,4.37743282814106
542.912522206277,202.036712995911,4.25008244606259
33.9876183176719,492.00261335034,3.19794433914188
277.9851366803,24.2989619647325,3.8837648552712
534.609282187958,391.197800294916,3.42675421687571
75.4572458366257,72.8357834032392,5.21254809226069
5.14703137111999,75.8004920195205,3.3541490711844
592.150352554657,224.486399489099,3.9788234207708
436.303329925411,462.604630250124,4.70000790538055
658.937329093616,372.282008822549,2.98025119187544
105.332062781676,487.693457474139,4.34107343773151
622.281375043941,93.0061628304816,4.07580948475834
418.475485331898,257.193991098382,3.55018273507248
13.1056341675025,182.975921213928,3.29057665123856
53.2637711806305,120.655640484078,4.29172432570226
610.063684328098,201.956834188028,4.20971740621672
249.877999584283,221.372778868771,4.05126629102304
573.51479466334,433.981997774739,3.81754812076804
302.108551051565,135.504349819575,3.66468795821614
526.724532611001,459.987844577533,3.63702633305817
48.88337209628,416.00502664895,3.64140897143873
194.050236845557,297.278750220224,4.15479803347951
547.93245222977,267.238456927949,3.92547482341741
180.544800265192,25.0398058817586,4.27870358188003
500.363914284668,349.33659469088,4.77118530751442
40.0099974548828,50.2969026210348,3.82934242634985
533.637737678971,162.044280522504,4.70526150222472
NA,NA,NA
662.258850310021,334.233247032141,3.60981811129442
455.526035777619,294.675049194312,3.69196383211399
10.7477941650528,496.185113081915,3.70918747404246
561.826757384394,51.4157799572465,4.23819729163535
74.0371079166855,378.519119842621,3.92697260385751
228.193637330371,415.144288401621,3.88860623827909
429.858083875783,11.9973166723282,3.43974363187669
362.081765940766,294.473093362228,3.04878140060969
606.518112309611,106.052191721345,4.16649768465897
390.332132216615,232.929607987056,4.21358056661314
570.009761394943,411.693951614178,4.67473464051644
140.457967354173,280.77251661333,4.45042583580162
203.502071337146,370.984903829736,3.93970453485097
124.620308000861,410.534330536588,3.41679116885058
628.022105839021,312.052459612685,4.52262186023653
2.64948737603281,147.832666432823,4.37743282814106
542.912522206277,202.036712995911,4.25008244606259
33.9876183176719,492.00261335034,3.19794433914188
277.9851366803,24.2989619647325,3.8837648552712
534.609282187958,391.197800294916,3.42675421687571
75.4572458366257,72.8357834032392,5.21254809226069
5.14703137111999,75.8004920195205,3.3541490711844
592.150352554657,224.486399489099,3.9788234207708
436.303329925411,462.604630250124,4.70000790538055
658.937329093616,372.282008822549,2.98025119187544
105.332062781676,487.693457474139,4.34107343773151
622.281375043941,93.0061628304816,4.07580948475834
418.475485331898,257.193991098382,3.55018273507248
13.1056341675025,182.975921213928,3.29057665123856
53.2637711806305,120.655640484078,4.29172432570226
610.063684328098,201.956834188028,4.20971740621672
249.877999584283,221.372778868771,4.05126629102304
573.51479466334,433.981997774739,3.81754812076804
302.108551051565,135.504349819575,3.66468795821614
526.724532611001,459.987844577533,3.63702633305817
48.88337209628,416.00502664895,3.64140897143873
194.050236845557,297.278750220224,4.15479803347951
547.93245222977,267.238456927949,3.92547482341741
180.544800265192,25.0398058817586,4.27870358188003
500.363914284668,349.33659469088,4.77118530751442
40.0099974548828,50.2969026210348,3.82934242634985
533.637737678971,162.044280522504,4.70526150222472
NA,NA,NA
661.95172176505,332.221691900822,3.65525246598755
457.336665180349,302.047221685834,3.63509065322633
8.71052878083524,494.982221111904,3.74447340661403
563.150007015958,53.6563117869967,4.23595449091051
71.380547481651,382.834131488335,3.95947920491947
225.418016647267,421.984475429443,3.86830766140731
427.203527105542,13.6652371676548,3.19784165448218
358.667365267633,288.8289920128,3.07649159031605
601.508476464905,105.874239276247,4.28695735043065
394.196117146841,227.314238081583,4.2480761940667
570.041109191862,401.329143730357,4.73438832562063
132.793170937119,285.010715238632,4.68051522598874
201.47958335275,371.0409317658,3.99031867220271
127.38827518442,413.81878952357,3.47105245604222
629.061994216836,314.508033010002,4.62937361983079
2.23632408111492,147.633289859213,4.24650865418112
544.262406570843,201.366382013445,4.2138882965801
33.6870300358851,491.053597641322,2.9722224193485
281.768651447009,24.393409447608,3.82080601374341
529.409464338494,393.785046685298,3.2956866440962
71.6712521190463,69.7750937950667,5.34025322284407
2.3986202354558,77.702710681941,3.49868779980051
588.277183449615,227.064062031741,3.9487930243721
435.96150661595,464.176475391452,4.75063836288987
661.420578590988,371.835004142314,3.05646240322575
102.66342345952,495.223072128384,4.451508914138
625.446123576102,94.0875884932005,4.14039902592611
424.296639706582,256.840767308888,3.72273644419727
12.3666944553635,182.25842079955,3.21843818848244
57.6951383048816,109.460322839569,4.47493142487593
613.145398340796,213.150261781698,3.97943785700016
259.33803745993,227.032386367216,3.2226271765354
570.307799024154,440.061846553961,3.86142586914139
300.418685200592,134.76611730389,3.71007355437076
521.631886186618,455.762399326392,3.68919614303298
48.8388993582144,427.807551836796,4.17840964484324
188.83351134307,286.705523115148,3.826937446601
552.739903998269,256.741343184059,3.82976916384576
164.848028883728,33.0115080066462,4.00970620523242
503.793017499375,337.56590288067,4.64721671880073
33.1579445095748,41.5710123769836,3.71381996928569
526.640178879491,156.48928678895,4.52119936226016
NA,NA,NA
661.95172176505,332.221691900822,3.65525246598755
457.336665180349,302.047221685834,3.63509065322633
8.71052878083524,494.982221111904,3.74447340661403
563.150007015958,53.6563117869967,4.23595449091051
71.380547481651,382.834131488335,3.95947920491947
225.418016647267,421.984475429443,3.86830766140731
427.203527105542,13.6652371676548,3.19784165448218
358.667365267633,288.8289920128,3.07649159031605
601.508476464905,105.874239276247,4.28695735043065
394.196117146841,227.314238081583,4.2480761940667
570.041109191862,401.329143730357,4.73438832562063
132.793170937119,285.010715238632,4.68051522598874
201.47958335275,371.0409317658,3.99031867220271
127.38827518442,413.81878952357,3.47105245604222
629.061994216836,314.508033010002,4.62937361983079
2.23632408111492,147.633289859213,4.24650865418112
544.262406570843,201.366382013445,4.2138882965801
33.6870300358851,491.053597641322,2.9722224193485
281.768651447009,24.393409447608,3.82080601374341
529.409464338494,393.785046685298,3.2956866440962
71.6712521190463,69.7750937950667,5.34025322284407
2.3986202354558,77.702710681941,3.49868779980051
588.277183449615,227.064062031741,3.9487930243721
435.96150661595,464.176475391452,4.75063836288987
661.420578590988,371.835004142314,3.05646240322575
102.66342345952,495.223072128384,4.451508914138
625.446123576102,94.0875884932005,4.14039902592611
424.296639706582,256.840767308888,3.72273644419727
12.3666944553635,182.25842079955,3.21843818848244
57.6951383048816,109.460322839569,4.47493142487593
613.145398340796,213.150261781698,3.97943785700016
259.33803745993,227.032386367216,3.2226271765354
570.307799024154,440.061846553961,3.86142586914139
300.418685200592,134.76611730389,3.71007355437076
521.631886186618,455.762399326392,3.68919614303298
48.8388993582144,427.807551836796,4.17840964484324
188.83351134307,286.705523115148,3.826937446601
552.739903998269,256.741343184059,3.82976916384576
164.848028883728,33.0115080066462,4.00970620523242
503.793017499375,337.56590288067,4.64721671880073
33.1579445095748,41.5710123769836,3.71381996928569
526.640178879491,156.48928678895,4.52119936226016
NA,NA,NA
661.95172176505,332.221691900822,3.65525246598755
457.336665180349,302.047221685834,3.63509065322633
8.71052878083524,494.982221111904,3.74447340661403
563.150007015958,53.6563117869967,4.23595449091051
71.380547481651,382.834131488335,3.95947920491947
225.418016647267,421.984475429443,3.86830766140731
427.203527105542,13.6652371676548,3.19784165448218
358.667365267633,288.8289920128,3.07649159031605
601.508476464905,105.874239276247,4.28695735043065
394.196117146841,227.314238081583,4.2480761940667
570.041109191862,401.329143730357,4.73438832562063
132.793170937119,285.010715238632,4.68051522598874
201.47958335275,371.0409317658,3.99031867220271
127.38827518442,413.81878952357,3.47105245604222
629.061994216836,314.508033010002,4.62937361983079
2.23632408111492,147.633289859213,4.24650865418112
544.262406570843,201.366382013445,4.2138882965801
33.6870300358851,491.053597641322,2.9722224193485
281.768651447009,24.393409447608,3.82080601374341
529.409464338494,393.785046685298,3.2956866440962
71.6712521190463,69.7750937950667,5.34025322284407
2.3986202354558,77.702710681941,3.49868779980051
588.277183449615,227.064062031741,3.9487930243721
435.96150661595,464.176475391452,4.75063836288987
661.420578590988,371.835004142314,3.05646240322575
102.66342345952,495.223072128384,4.451508914138
625.446123576102,94.0875884932005,4.14039902592611
424.296639706582,256.840767308888,3.72273644419727
12.3666944553635,182.25842079955,3.21843818848244
57.6951383048816,109.460322839569,4.47493142487593
613.145398340796,213.150261781698,3.97943785700016
259.33803745993,227.032386367216,3.2226271765354
570.307799024154,440.061846553961,3.86142586914139
300.418685200592,134.76611730389,3.71007355437076
521.631886186618,455.762399326392,3.68919614303298
48.8388993582144,427.807551836796,4.17840964484324
188.83351134307,286.705523115148,3.826937446601
552.739903998269,256.741343184059,3.82976916384576
164.848028883728,33.0115080066462,4.00970620523242
503.793017499375,337.56590288067,4.64721671880073
33.1579445095748,41.5710123769836,3.71381996928569
526.640178879491,156.48928678895,4.52119936226016
NA,NA,NA
661.95172176505,332.221691900822,3.65525246598755
457.336665180349,302.047221685834,3.63509065322633
8.71052878083524,494.982221111904,3.74447340661403
563.150007015958,53.6563117869967,4.23595449091051
71.380547481651,382.834131488335,3.95947920491947
225.418016647267,421.984475429443,3.86830766140731
427.203527105542,13.6652371676548,3.19784165448218
358.667365267633,288.8289920128,3.07649159031605
601.508476464905,105.874239276247,4.28695735043065
394.196117146841,227.314238081583,4.2480761940667
570.041109191862,401.329143730357,4.73438832562063
132.793170937119,285.010715238632,4.68051522598874
201.47958335275,371.0409317658,3.99031867220271
127.38827518442,413.81878952357,3.47105245604222
629.061994216836,314.508033010002,4.62937361983079
2.23632408111492,147.633289859213,4.24650865418112
544.262406570843,201.366382013445,4.2138882965801
33.6870300358851,491.053597641322,2.9722224193485
281.768651447009,24.393409447608,3.82080601374341
529.409464338494,393.785046685298,3.2956866440962
71.6712521190463,69.7750937950667,5.34025322284407
2.3986202354558,77.702710681941,3.49868779980051
588.277183449615,227.064062031741,3.9487930243721
435.96150661595,464.176475391452,4.75063836288987
661.420578590988,371.835004142314,3.05646240322575
102.66342345952,495.223072128384,4.451508914138
625.446123576102,94.0875884932005,4.14039902592611
424.296639706582,256.840767308888,3.72273644419727
12.3666944553635,182.25842079955,3.21843818848244
57.6951383048816,109.460322839569,4.47493142487593
613.145398340796,213.150261781698,3.97943785700016
259.33803745993,227.032386367216,3.2226271765354
570.307799024154,440.061846553961,3.86142586914139
300.418685200592,134.76611730389,3.71007355437076
521.631886186618,455.762399326392,3.68919614303298
48.8388993582144,427.807551836796,4.17840964484324
188.83351134307,286.705523115148,3.826937446601
552.739903998269,256.741343184059,3.82976916384576
164.848028883728,33.0115080066462,4.00970620523242
503.793017499375,337.56590288067,4.64721671880073
33.1579445095748,41.5710123769836,3.71381996928569
526.640178879491,156.48928678895,4.52119936226016
NA,NA,NA
661.95172176505,332.221691900822,3.65525246598755
457.336665180349,302.047221685834,3.63509065322633
8.71052878083524,494.982221111904,3.74447340661403
563.150007015958,53.6563117869967,4.23595449091051
71.380547481651,382.834131488335,3.95947920491947
225.418016647267,421.984475429443,3.86830766140731
427.203527105542,13.6652371676548,3.19784165448218
358.667365267633,288.8289920128,3.07649159031605
601.508476464905,105.874239276247,4.28695735043065
394.196117146841,227.314238081583,4.2480761940667
570.041109191862,401.329143730357,4.73438832562063
132.793170937119,285.010715238632,4.68051522598874
201.47958335275,371.0409317658,3.99031867220271
127.38827518442,413.81878952357,3.47105245604222
629.061994216836,314.508033010002,4.62937361983079
2.23632408111492,147.633289859213,4.24650865418112
544.262406570843,201.366382013445,4.2138882965801
33.6870300358851,491.053597641322,2.9722224193485
281.768651447009,24.393409447608,3.82080601374341
529.409464338494,393.785046685298,3.2956866440962
71.6712521190463,69.7750937950667,5.34025322284407
2.3986202354558,77.702710681941,3.49868779980051
588.277183449615,227.064062031741,3.9487930243721
435.96150661595,464.176475391452,4.75063836288987
661.420578590988,371.835004142314,3.05646240322575
102.66342345952,495.223072128384,4.451508914138
625.446123576102,94.0875884932005,4.14039902592611
424.296639706582,256.840767308888,3.72273644419727
12.3666944553635,182.25842079955,3.21843818848244
57.6951383048816,109.460322839569,4.47493142487593
613.145398340796,213.150261781698,3.97943785700016
259.33803745993,227.032386367216,3.2226271765354
570.307799024154,440.061846553961,3.86142586914139
300.418685200592,134.76611730389,3.71007355437076
521.631886186618,455.762399326392,3.68919614303298
48.8388993582144,427.807551836796,4.17840964484324
188.83351134307,286.705523115148,3.826937446601
552.739903998269,256.741343184059,3.82976916384576
164.848028883728,33.0115080066462,4.00970620523242
503.793017499375,337.56590288067,4.64721671880073
33.1579445095748,41.5710123769836,3.71381996928569
526.640178879491,156.48928678895,4.52119936226016
NA,NA,NA
661.95172176505,332.221691900822,3.65525246598755
457.336665180349,302.047221685834,3.63509065322633
8.71052878083524,494.982221111904,3.74447340661403
563.150007015958,53.6563117869967,4.23595449091051
71.380547481651,382.834131488335,3.95947920491947
225.418016647267,421.984475429443,3.86830766140731
427.203527105542,13.6652371676548,3.19784165448218
358.667365267633,288.8289920128,3.07649159031605
601.508476464905,105.874239276247,4.28695735043065
394.196117146841,227.314238081583,4.2480761940667
570.041109191862,401.329143730357,4.73438832562063
132.793170937119,285.010715238632,4.68051522598874
201.47958335275,371.0409317658,3.99031867220271
127.38827518442,413.81878952357,3.47105245604222
629.061994216836,314.508033010002,4.62937361983079
2.23632408111492,147.633289859213,4.24650865418112
544.262406570843,201.366382013445,4.2138882965801
33.6870300358851,491.053597641322,2.9722224193485
281.768651447009,24.393409447608,3.82080601374341
529.409464338494,393.785046685298,3.2956866440962
71.6712521190463,69.7750937950667,5.34025322284407
2.3986202354558,77.702710681941,3.49868779980051
588.277183449615,227.064062031741,3.9487930243721
435.96150661595,464.176475391452,4.75063836288987
661.420578590988,371.835004142314,3.05646240322575
102.66342345952,495.223072128384,4.451508914138
625.446123576102,94.0875884932005,4.14039902592611
424.296639706582,256.840767308888,3.72273644419727
12.3666944553635,182.25842079955,3.21843818848244
57.6951383048816,109.460322839569,4.47493142487593
613.145398340796,213.150261781698,3.97943785700016
259.33803745993,227.032386367216,3.2226271765354
570.307799024154,440.061846553961,3.86142586914139
300.418685200592,134.76611730389,3.71007355437076
521.631886186618,455.762399326392,3.68919614303298
48.8388993582144,427.807551836796,4.17840964484324
188.83351134307,286.705523115148,3.826937446601
552.739903998269,256.741343184059,3.82976916384576
164.848028883728,33.0115080066462,4.00970620523242
503.793017499375,337.56590288067,4.64721671880073
33.1579445095748,41.5710123769836,3.71381996928569
526.640178879491,156.48928678895,4.52119936226016
NA,NA,NA
662.398483013269,333.636769965759,3.45356572516797
454.633505983494,299.848637854052,3.64439432619557
15.6557511266619,492.727318579553,3.57051815756341
559.341271075821,48.0110791300482,4.26751757499294
74.1505835209308,372.323004227764,3.93684866948314
226.08315570414,410.172245052734,3.86804003065118
428.072375909331,11.3967216337751,3.2781220734364
364.868467437602,293.856417593012,2.76042324616939
600.845891550912,105.50793502097,4.29638779283362
395.586284048541,228.005302817241,4.30726704453944
577.375847134851,409.391712697968,4.74954466689252
140.69251519588,283.081104168986,4.56135162514956
197.435250058999,367.913429492613,4.01045640949481
124.045957662032,411.272247790694,3.29732557564721
626.054437114953,315.106236275993,4.56937202812422
-1.43652250300756,153.508922613108,4.22272480517656
543.240106326801,202.338546792244,4.15393432637069
33.3809844196755,491.176186459019,3.06301113772112
284.584924302627,23.4801737855697,4.06680124066031
532.476596608512,390.84844495136,3.59373297894415
77.4066149394265,69.2553409681566,5.19972582595435
5.963810986272,71.261050124642,3.47541474890317
588.954439003159,225.359660424943,4.03332615299951
449.327082774259,458.995616744337,4.68062801956726
657.697696811902,372.173191254668,3.26099689145519
103.572586801938,491.217482112906,4.33922671716453
624.523243430165,92.5241225619958,4.07923446144707
415.441237227137,259.879967911256,3.6414005360035
10.5609098242383,180.918304527672,3.19545371655439
72.2713241076768,102.032224127599,4.5558215500534
593.945155957913,208.156709337958,4.12083409130068
250.609558136207,225.595389917517,3.53710314247614
576.184664921303,430.234985227686,3.79569475743901
298.822295679875,135.769676201564,3.66919983574893
531.613752494448,457.431839421421,3.41859018339209
37.5744612479155,417.631349186837,4.04838058349753
190.908711396499,280.234457606304,4.1644090754206
562.139353225968,252.630600239997,3.8790623709653
170.26439403791,17.3553604357329,4.52537314463867
506.948944553413,340.803769900258,4.37672003649294
43.2607502958535,36.1689178962775,4.3589921507122
534.912051822467,147.252117126579,4.80646800365868
NA,NA,NA
662.398483013269,333.636769965759,3.45356572516797
454.633505983494,299.848637854052,3.64439432619557
15.6557511266619,492.727318579553,3.57051815756341
559.341271075821,48.0110791300482,4.26751757499294
74.1505835209308,372.323004227764,3.93684866948314
226.08315570414,410.172245052734,3.86804003065118
428.072375909331,11.3967216337751,3.2781220734364
364.868467437602,293.856417593012,2.76042324616939
600.845891550912,105.50793502097,4.29638779283362
395.586284048541,228.005302817241,4.30726704453944
577.375847134851,409.391712697968,4.74954466689252
140.69251519588,283.081104168986,4.56135162514956
197.435250058999,367.913429492613,4.01045640949481
124.045957662032,411.272247790694,3.29732557564721
626.054437114953,315.106236275993,4.56937202812422
-1.43652250300756,153.508922613108,4.22272480517656
543.240106326801,202.338546792244,4.15393432637069
33.3809844196755,491.176186459019,3.06301113772112
284.584924302627,23.4801737855697,4.06680124066031
532.476596608512,390.84844495136,3.59373297894415
77.4066149394265,69.2553409681566,5.19972582595435
5.963810986272,71.261050124642,3.47541474890317
588.954439003159,225.359660424943,4.03332615299951
449.327082774259,458.995616744337,4.68062801956726
657.697696811902,372.173191254668,3.26099689145519
103.572586801938,491.217482112906,4.33922671716453
624.523243430165,92.5241225619958,4.07923446144707
415.441237227137,259.879967911256,3.6414005360035
10.5609098242383,180.918304527672,3.19545371655439
72.2713241076768,102.032224127599,4.5558215500534
593.945155957913,208.156709337958,4.12083409130068
250.609558136207,225.595389917517,3.53710314247614
576.184664921303,430.234985227686,3.79569475743901
298.822295679875,135.769676201564,3.66919983574893
531.613752494448,457.431839421421,3.41859018339209
37.5744612479155,417.631349186837,4.04838058349753
190.908711396499,280.234457606304,4.1644090754206
562.139353225968,252.630600239997,3.8790623709653
170.26439403791,17.3553604357329,4.52537314463867
506.948944553413,340.803769900258,4.37672003649294
43.2607502958535,36.1689178962775,4.3589921507122
534.912051822467,147.252117126579,4.80646800365868
NA,NA,NA
662.398483013269,333.636769965759,3.45356572516797
454.633505983494,299.848637854052,3.64439432619557
15.6557511266619,492.727318579553,3.57051815756341
559.341271075821,48.0110791300482,4.26751757499294
74.1505835209308,372.323004227764,3.93684866948314
226.08315570414,410.172245052734,3.86804003065118
428.072375909331,11.3967216337751,3.2781220734364
364.868467437602,293.856417593012,2.76042324616939
600.845891550912,105.50793502097,4.29638779283362
395.586284048541,228.005302817241,4.30726704453944
577.375847134851,409.391712697968,4.74954466689252
140.69251519588,283.081104168986,4.56135162514956
197.435250058999,367.913429492613,4.01045640949481
124.045957662032,411.272247790694,3.29732557564721
626.054437114953,315.106236275993,4.56937202812422
-1.43652250300756,153.508922613108,4.22272480517656
543.240106326801,202.338546792244,4.15393432637069
33.3809844196755,491.176186459019,3.06301113772112
284.584924302627,23.4801737855697,4.06680124066031
532.476596608512,390.84844495136,3.59373297894415
77.4066149394265,69.2553409681566,5.19972582595435
5.963810986272,71.261050124642,3.47541474890317
588.954439003159,225.359660424943,4.03332615299951
449.327082774259,458.995616744337,4.68062801956726
657.697696811902,372.173191254668,3.26099689145519
103.572586801938,491.217482112906,4.33922671716453
624.523243430165,92.5241225619958,4.07923446144707
415.441237227137,259.879967911256,3.6414005360035
10.5609098242383,180.918304527672,3.19545371655439
72.2713241076768,102.032224127599,4.5558215500534
593.945155957913,208.156709337958,4.12083409130068
250.609558136207,225.595389917517,3.53710314247614
576.184664921303,430.234985227686,3.79569475743901
298.822295679875,135.769676201564,3.66919983574893
531.613752494448,457.431839421421,3.41859018339209
37.5744612479155,417.631349186837,4.04838058349753
190.908711396499,280.234457606304,4.1644090754206
562.139353225968,252.630600239997,3.8790623709653
170.26439403791,17.3553604357329,4.52537314463867
506.948944553413,340.803769900258,4.37672003649294
43.2607502958535,36.1689178962775,4.3589921507122
534.912051822467,147.252117126579,4.80646800365868
NA,NA,NA
662.398483013269,333.636769965759,3.45356572516797
454.633505983494,299.848637854052,3.64439432619557
15.6557511266619,492.727318579553,3.57051815756341
559.341271075821,48.0110791300482,4.26751757499294
74.1505835209308,372.323004227764,3.93684866948314
226.08315570414,410.172245052734,3.86804003065118
428.072375909331,11.3967216337751,3.2781220734364
364.868467437602,293.856417593012,2.76042324616939
600.845891550912,105.50793502097,4.29638779283362
395.586284048541,228.005302817241,4.30726704453944
577.375847134851,409.391712697968,4.74954466689252
140.69251519588,283.081104168986,4.56135162514956
197.435250058999,367.913429492613,4.01045640949481
124.045957662032,411.272247790694,3.29732557564721
626.054437114953,315.106236275993,4.56937202812422
-1.43652250300756,153.508922613108,4.22272480517656
543.240106326801,202.338546792244,4.15393432637069
33.3809844196755,491.176186459019,3.06301113772112
284.584924302627,23.4801737855697,4.06680124066031
532.476596608512,390.84844495136,3.59373297894415
77.4066149394265,69.2553409681566,5.19972582595435
5.963810986272,71.261050124642,3.47541474890317
588.954439003159,225.359660424943,4.03332615299951
449.327082774259,458.995616744337,4.68062801956726
657.697696811902,372.173191254668,3.26099689145519
103.572586801938,491.217482112906,4.33922671716453
624.523243430165,92.5241225619958,4.07923446144707
415.441237227137,259.879967911256,3.6414005360035
10.5609098242383,180.918304527672,3.19545371655439
72.2713241076768,102.032224127599,4.5558215500534
593.945155957913,208.156709337958,4.12083409130068
250.609558136207,225.595389917517,3.53710314247614
576.184664921303,430.234985227686,3.79569475743901
298.822295679875,135.769676201564,3.66919983574893
531.613752494448,457.431839421421,3.41859018339209
37.5744612479155,417.631349186837,4.04838058349753
190.908711396499,280.234457606304,4.1644090754206
562.139353225968,252.630600239997,3.8790623709653
170.26439403791,17.3553604357329,4.52537314463867
506.948944553413,340.803769900258,4.37672003649294
43.2607502958535,36.1689178962775,4.3589921507122
534.912051822467,147.252117126579,4.80646800365868
NA,NA,NA
662.398483013269,333.636769965759,3.45356572516797
454.633505983494,299.848637854052,3.64439432619557
15.6557511266619,492.727318579553,3.57051815756341
559.341271075821,48.0110791300482,4.26751757499294
74.1505835209308,372.323004227764,3.93684866948314
226.08315570414,410.172245052734,3.86804003065118
428.072375909331,11.3967216337751,3.2781220734364
364.868467437602,293.856417593012,2.76042324616939
600.845891550912,105.50793502097,4.29638779283362
395.586284048541,228.005302817241,4.30726704453944
577.375847134851,409.391712697968,4.74954466689252
140.69251519588,283.081104168986,4.56135162514956
197.435250058999,367.913429492613,4.01045640949481
124.045957662032,411.272247790694,3.29732557564721
626.054437114953,315.106236275993,4.56937202812422
-1.43652250300756,153.508922613108,4.22272480517656
543.240106326801,202.338546792244,4.15393432637069
33.3809844196755,491.176186459019,3.06301113772112
284.584924302627,23.4801737855697,4.06680124066031
532.476596608512,390.84844495136,3.59373297894415
77.4066149394265,69.2553409681566,5.19972582595435
5.963810986272,71.261050124642,3.47541474890317
588.954439003159,225.359660424943,4.03332615299951
449.327082774259,458.995616744337,4.68062801956726
657.697696811902,372.173191254668,3.26099689145519
103.572586801938,491.217482112906,4.33922671716453
624.523243430165,92.5241225619958,4.07923446144707
415.441237227137,259.879967911256,3.6414005360035
10.5609098242383,180.918304527672,3.19545371655439
72.2713241076768,102.032224127599,4.5558215500534
593.945155957913,208.156709337958,4.12083409130068
250.609558136207,225.595389917517,3.53710314247614
576.184664921303,430.234985227686,3.79569475743901
298.822295679875,135.769676201564,3.66919983574893
531.613752494448,457.431839421421,3.41859018339209
37.5744612479155,417.631349186837,4.04838058349753
190.908711396499,280.234457606304,4.1644090754206
562.139353225968,252.630600239997,3.8790623709653
170.26439403791,17.3553604357329,4.52537314463867
506.948944553413,340.803769900258,4.37672003649294
43.2607502958535,36.1689178962775,4.3589921507122
534.912051822467,147.252117126579,4.80646800365868
NA,NA,NA
662.398483013269,333.636769965759,3.45356572516797
454.633505983494,299.848637854052,3.64439432619557
15.6557511266619,492.727318579553,3.57051815756341
559.341271075821,48.0110791300482,4.26751757499294
74.1505835209308,372.323004227764,3.93684866948314
226.08315570414,410.172245052734,3.86804003065118
428.072375909331,11.3967216337751,3.2781220734364
364.868467437602,293.856417593012,2.76042324616939
600.845891550912,105.50793502097,4.29638779283362
395.586284048541,228.005302817241,4.30726704453944
577.375847134851,409.391712697968,4.74954466689252
140.69251519588,283.081104168986,4.56135162514956
197.435250058999,367.913429492613,4.01045640949481
124.045957662032,411.272247790694,3.29732557564721
626.054437114953,315.106236275993,4.56937202812422
-1.43652250300756,153.508922613108,4.22272480517656
543.240106326801,202.338546792244,4.15393432637069
33.3809844196755,491.176186459019,3.06301113772112
284.584924302627,23.4801737855697,4.06680124066031
532.476596608512,390.84844495136,3.59373297894415
77.4066149394265,69.2553409681566,5.19972582595435
5.963810986272,71.261050124642,3.47541474890317
588.954439003159,225.359660424943,4.03332615299951
449.327082774259,458.995616744337,4.68062801956726
657.697696811902,372.173191254668,3.26099689145519
103.572586801938,491.217482112906,4.33922671716453
624.523243430165,92.5241225619958,4.07923446144707
415.441237227137,259.879967911256,3.6414005360035
10.5609098242383,180.918304527672,3.19545371655439
72.2713241076768,102.032224127599,4.5558215500534
593.945155957913,208.156709337958,4.12083409130068
250.609558136207,225.595389917517,3.53710314247614
576.184664921303,430.234985227686,3.79569475743901
298.822295679875,135.769676201564,3.66919983574893
531.613752494448,457.431839421421,3.41859018339209
37.5744612479155,417.631349186837,4.04838058349753
190.908711396499,280.234457606304,4.1644090754206
562.139353225968,252.630600239997,3.8790623709653
170.26439403791,17.3553604357329,4.52537314463867
506.948944553413,340.803769900258,4.37672003649294
43.2607502958535,36.1689178962775,4.3589921507122
534.912051822467,147.252117126579,4.80646800365868
NA,NA,NA
666.914988084448,334.183085737949,3.46452197708355
456.061753262262,298.411198952953,3.42911928398059
9.02044660409617,494.527211640628,3.77411177522805
564.169325305094,48.2105346947008,4.2854367419285
68.4837912594921,377.075565571739,3.89738041480391
227.736589550747,413.766007677084,3.94952543260976
426.003205294546,12.5295221270788,3.35104099100169
361.684723873656,292.632798671474,3.24120583780785
602.750915962467,103.446013885314,4.1054801568779
388.688332809281,227.412825000791,4.19247001169252
568.078730568427,408.649511207484,4.84455442017877
135.065336495091,282.44916248249,4.55149989611422
194.164188809537,369.906362906495,3.96335900667086
127.314666507477,409.890240760857,3.50099762105029
627.872858661227,311.038828273693,4.69291009327163
0.776739473661841,150.106862956892,4.22724489772939
542.54107664153,202.715894180053,4.20761531561876
34.4932676836854,492.500286720457,2.88110247247364
280.907798048933,27.664453956617,3.85428249733071
534.569049797957,394.465149688362,3.43517944637507
71.753084840314,83.2307775545994,5.32263465975962
3.44446132651897,78.0956695513102,3.42116420435786
589.404948562223,226.040258603025,4.0110390460632
433.301858434672,461.824458160219,4.69796835122737
659.155478941219,375.484458734642,3.01176496429853
101.392113848768,482.958491748063,4.26378945432944
622.939712526914,88.40838517611,4.02030401158548
422.313091661309,261.498562695988,3.71930382090697
13.7662621762559,182.402520936287,3.27163474507049
71.213836013588,116.292537202177,4.38058708813423
616.225697414261,204.646869529774,4.30236406447088
267.187255858646,213.624116213177,3.45136490386869
576.370676877125,435.58116026925,3.87381405293294
301.424246321815,140.248677279214,3.77457365498427
537.43627975522,458.103197579818,3.68805370094818
43.5054455455547,416.910070076875,3.81522869272928
200.346877583168,284.135873941395,3.72239848680268
554.348515213693,258.287487374079,3.59939061700173
173.382212624923,14.2770088145732,4.30655551553656
500.597292566165,336.77047704103,4.61677872466092
43.5684650406644,53.9867127891382,3.81661255291434
551.479569246611,142.968915170813,4.682637174462
NA,NA,NA
666.914988084448,334.183085737949,3.46452197708355
456.061753262262,298.411198952953,3.42911928398059
9.02044660409617,494.527211640628,3.77411177522805
564.169325305094,48.2105346947008,4.2854367419285
68.4837912594921,377.075565571739,3.89738041480391
227.736589550747,413.766007677084,3.94952543260976
426.003205294546,12.5295221270788,3.35104099100169
361.684723873656,292.632798671474,3.24120583780785
602.750915962467,103.446013885314,4.1054801568779
388.688332809281,227.412825000791,4.19247001169252
568.078730568427,408.649511207484,4.84455442017877
135.065336495091,282.44916248249,4.55149989611422
194.164188809537,369.906362906495,3.96335900667086
127.314666507477,409.890240760857,3.50099762105029
627.872858661227,311.038828273693,4.69291009327163
0.776739473661841,150.106862956892,4.22724489772939
542.54107664153,202.715894180053,4.20761531561876
34.4932676836854,492.500286720457,2.88110247247364
280.907798048933,27.664453956617,3.85428249733071
534.569049797957,394.465149688362,3.43517944637507
71.753084840314,83.2307775545994,5.32263465975962
3.44446132651897,78.0956695513102,3.42116420435786
589.404948562223,226.040258603025,4.0110390460632
433.301858434672,461.824458160219,4.69796835122737
659.155478941219,375.484458734642,3.01176496429853
101.392113848768,482.958491748063,4.26378945432944
622.939712526914,88.40838517611,4.02030401158548
422.313091661309,261.498562695988,3.71930382090697
13.7662621762559,182.402520936287,3.27163474507049
71.213836013588,116.292537202177,4.38058708813423
616.225697414261,204.646869529774,4.30236406447088
267.187255858646,213.624116213177,3.45136490386869
576.370676877125,435.58116026925,3.87381405293294
301.424246321815,140.248677279214,3.77457365498427
537.43627975522,458.103197579818,3.68805370094818
43.5054455455547,416.910070076875,3.81522869272928
200.346877583168,284.135873941395,3.72239848680268
554.348515213693,258.287487374079,3.59939061700173
173.382212624923,14.2770088145732,4.30655551553656
500.597292566165,336.77047704103,4.61677872466092
43.5684650406644,53.9867127891382,3.81661255291434
551.479569246611,142.968915170813,4.682637174462
NA,NA,NA
666.914988084448,334.183085737949,3.46452197708355
456.061753262262,298.411198952953,3.42911928398059
9.02044660409617,494.527211640628,3.77411177522805
564.169325305094,48.2105346947008,4.2854367419285
68.4837912594921,377.075565571739,3.89738041480391
227.736589550747,413.766007677084,3.94952543260976
426.003205294546,12.5295221270788,3.35104099100169
361.684723873656,292.632798671474,3.24120583780785
602.750915962467,103.446013885314,4.1054801568779
388.688332809281,227.412825000791,4.19247001169252
568.078730568427,408.649511207484,4.84455442017877
135.065336495091,282.44916248249,4.55149989611422
194.164188809537,369.906362906495,3.96335900667086
127.314666507477,409.890240760857,3.50099762105029
627.872858661227,311.038828273693,4.69291009327163
0.776739473661841,150.106862956892,4.22724489772939
542.54107664153,202.715894180053,4.20761531561876
34.4932676836854,492.500286720457,2.88110247247364
280.907798048933,27.664453956617,3.85428249733071
534.569049797957,394.465149688362,3.43517944637507
71.753084840314,83.2307775545994,5.32263465975962
3.44446132651897,78.0956695513102,3.42116420435786
589.404948562223,226.040258603025,4.0110390460632
433.301858434672,461.824458160219,4.69796835122737
659.155478941219,375.484458734642,3.01176496429853
101.392113848768,482.958491748063,4.26378945432944
622.939712526914,88.40838517611,4.02030401158548
422.313091661309,261.498562695988,3.71930382090697
13.7662621762559,182.402520936287,3.27163474507049
71.213836013588,116.292537202177,4.38058708813423
616.225697414261,204.646869529774,4.30236406447088
267.187255858646,213.624116213177,3.45136490386869
576.370676877125,435.58116026925,3.87381405293294
301.424246321815,140.248677279214,3.77457365498427
537.43627975522,458.103197579818,3.68805370094818
43.5054455455547,416.910070076875,3.81522869272928
200.346877583168,284.135873941395,3.72239848680268
554.348515213693,258.287487374079,3.59939061700173
173.382212624923,14.2770088145732,4.30655551553656
500.597292566165,336.77047704103,4.61677872466092
43.5684650406644,53.9867127891382,3.81661255291434
551.479569246611,142.968915170813,4.682637174462
NA,NA,NA
666.914988084448,334.183085737949,3.46452197708355
456.061753262262,298.411198952953,3.42911928398059
9.02044660409617,494.527211640628,3.77411177522805
564.169325305094,48.2105346947008,4.2854367419285
68.4837912594921,377.075565571739,3.89738041480391
227.736589550747,413.766007677084,3.94952543260976
426.003205294546,12.5295221270788,3.35104099100169
361.684723873656,292.632798671474,3.24120583780785
602.750915962467,103.446013885314,4.1054801568779
388.688332809281,227.412825000791,4.19247001169252
568.078730568427,408.649511207484,4.84455442017877
135.065336495091,282.44916248249,4.55149989611422
194.164188809537,369.906362906495,3.96335900667086
127.314666507477,409.890240760857,3.50099762105029
627.872858661227,311.038828273693,4.69291009327163
0.776739473661841,150.106862956892,4.22724489772939
542.54107664153,202.715894180053,4.20761531561876
34.4932676836854,492.500286720457,2.88110247247364
280.907798048933,27.664453956617,3.85428249733071
534.569049797957,394.465149688362,3.43517944637507
71.753084840314,83.2307775545994,5.32263465975962
3.44446132651897,78.0956695513102,3.42116420435786
589.404948562223,226.040258603025,4.0110390460632
433.301858434672,461.824458160219,4.69796835122737
659.155478941219,375.484458734642,3.01176496429853
101.392113848768,482.958491748063,4.26378945432944
622.939712526914,88.40838517611,4.02030401158548
422.313091661309,261.498562695988,3.71930382090697
13.7662621762559,182.402520936287,3.27163474507049
71.213836013588,116.292537202177,4.38058708813423
616.225697414261,204.646869529774,4.30236406447088
267.187255858646,213.624116213177,3.45136490386869
576.370676877125,435.58116026925,3.87381405293294
301.424246321815,140.248677279214,3.77457365498427
537.43627975522,458.103197579818,3.68805370094818
43.5054455455547,416.910070076875,3.81522869272928
200.346877583168,284.135873941395,3.72239848680268
554.348515213693,258.287487374079,3.59939061700173
173.382212624923,14.2770088145732,4.30655551553656
500.597292566165,336.77047704103,4.61677872466092
43.5684650406644,53.9867127891382,3.81661255291434
551.479569246611,142.968915170813,4.682637174462
NA,NA,NA
666.914988084448,334.183085737949,3.46452197708355
456.061753262262,298.411198952953,3.42911928398059
9.02044660409617,494.527211640628,3.77411177522805
564.169325305094,48.2105346947008,4.2854367419285
68.4837912594921,377.075565571739,3.89738041480391
227.736589550747,413.766007677084,3.94952543260976
426.003205294546,12.5295221270788,3.35104099100169
361.684723873656,292.632798671474,3.24120583780785
602.750915962467,103.446013885314,4.1054801568779
388.688332809281,227.412825000791,4.19247001169252
568.078730568427,408.649511207484,4.84455442017877
135.065336495091,282.44916248249,4.55149989611422
194.164188809537,369.906362906495,3.96335900667086
127.314666507477,409.890240760857,3.50099762105029
627.872858661227,311.038828273693,4.69291009327163
0.776739473661841,150.106862956892,4.22724489772939
542.54107664153,202.715894180053,4.20761531561876
34.4932676836854,492.500286720457,2.88110247247364
280.907798048933,27.664453956617,3.85428249733071
534.569049797957,394.465149688362,3.43517944637507
71.753084840314,83.2307775545994,5.32263465975962
3.44446132651897,78.0956695513102,3.42116420435786
589.404948562223,226.040258603025,4.0110390460632
433.301858434672,461.824458160219,4.69796835122737
659.155478941219,375.484458734642,3.01176496429853
101.392113848768,482.958491748063,4.26378945432944
622.939712526914,88.40838517611,4.02030401158548
422.313091661309,261.498562695988,3.71930382090697
13.7662621762559,182.402520936287,3.27163474507049
71.213836013588,116.292537202177,4.38058708813423
616.225697414261,204.646869529774,4.30236406447088
267.187255858646,213.624116213177,3.45136490386869
576.370676877125,435.58116026925,3.87381405293294
301.424246321815,140.248677279214,3.77457365498427
537.43627975522,458.103197579818,3.68805370094818
43.5054455455547,416.910070076875,3.81522869272928
200.346877583168,284.135873941395,3.72239848680268
554.348515213693,258.287487374079,3.59939061700173
173.382212624923,14.2770088145732,4.30655551553656
500.597292566165,336.77047704103,4.61677872466092
43.5684650406644,53.9867127891382,3.81661255291434
551.479569246611,142.968915170813,4.682637174462
NA,NA,NA
666.914988084448,334.183085737949,3.46452197708355
456.061753262262,298.411198952953,3.42911928398059
9.02044660409617,494.527211640628,3.77411177522805
564.169325305094,48.2105346947008,4.2854367419285
68.4837912594921,377.075565571739,3.89738041480391
227.736589550747,413.766007677084,3.94952543260976
426.003205294546,12.5295221270788,3.35104099100169
361.684723873656,292.632798671474,3.24120583780785
602.750915962467,103.446013885314,4.1054801568779
388.688332809281,227.412825000791,4.19247001169252
568.078730568427,408.649511207484,4.84455442017877
135.065336495091,282.44916248249,4.55149989611422
194.164188809537,369.906362906495,3.96335900667086
127.314666507477,409.890240760857,3.50099762105029
627.872858661227,311.038828273693,4.69291009327163
0.776739473661841,150.106862956892,4.22724489772939
542.54107664153,202.715894180053,4.20761531561876
34.4932676836854,492.500286720457,2.88110247247364
280.907798048933,27.664453956617,3.85428249733071
534.569049797957,394.465149688362,3.43517944637507
71.753084840314,83.2307775545994,5.32263465975962
3.44446132651897,78.0956695513102,3.42116420435786
589.404948562223,226.040258603025,4.0110390460632
433.301858434672,461.824458160219,4.69796835122737
659.155478941219,375.484458734642,3.01176496429853
101.392113848768,482.958491748063,4.26378945432944
622.939712526914,88.40838517611,4.02030401158548
422.313091661309,261.498562695988,3.71930382090697
13.7662621762559,182.402520936287,3.27163474507049
71.213836013588,116.292537202177,4.38058708813423
616.225697414261,204.646869529774,4.30236406447088
267.187255858646,213.624116213177,3.45136490386869
576.370676877125,435.58116026925,3.87381405293294
301.424246321815,140.248677279214,3.77457365498427
537.43627975522,458.103197579818,3.68805370094818
43.5054455455547,416.910070076875,3.81522869272928
200.346877583168,284.135873941395,3.72239848680268
554.348515213693,258.287487374079,3.59939061700173
173.382212624923,14.2770088145732,4.30655551553656
500.597292566165,336.77047704103,4.61677872466092
43.5684650406644,53.9867127891382,3.81661255291434
551.479569246611,142.968915170813,4.682637174462
NA,NA,NA
662.563174413322,332.515458261801,3.50478018309535
457.088863727969,299.1919947946,3.64022684527011
10.2769268218037,497.612250772428,3.58015450136916
568.544303510062,48.9750863170063,4.24215629834928
75.7969147495137,372.75948240211,3.9333674528739
229.126946507356,414.719580334871,3.9512590315231
426.243539593612,12.7323303892018,3.24077989322144
365.938459009088,291.116278790848,3.01068637892034
604.072575999913,103.894290464075,4.13986669396133
394.15440811744,230.244883540997,4.18680048173421
574.143747757423,410.678685532527,4.69602529016339
144.65264896378,287.139834740251,4.654017748768
193.691463260918,371.553954206143,3.97796377689739
124.102254453884,412.350735499519,3.38953235510511
617.255030927582,315.971080297427,4.55558257714246
-2.72900911020024,149.46603075077,4.2411471359249
546.933707781715,200.957281727017,4.15223150720388
34.2503797929364,492.121400351872,3.07933776660203
280.539122156038,25.8049732268969,3.96548322191692
535.60433659588,392.116285767759,3.28546297156162
65.9985225635593,78.0358851994372,5.30325659301149
4.14989762163208,74.5197270309482,3.54214406634298
585.98085636567,226.648245759185,4.00494563542398
438.739664335139,463.773378570802,4.85583081194058
658.634651689741,373.420781912469,3.03835547973194
105.008706619243,489.436820437797,4.37588764875912
629.731709201885,90.9886302328088,4.08259541053943
418.875041721691,259.347606710977,3.61837922439076
11.1883113810676,184.349192362961,3.10973158916339
68.757615423537,128.581064077618,4.33604612696834
610.718044823956,197.347776278752,4.58500813510683
255.166394823958,225.763196335427,3.57227743246585
570.974733481626,434.37353358512,4.2259627639709
299.964915432642,130.868019815911,3.85657610358441
531.457591074841,465.145822244856,3.62990868922703
47.9722844238471,428.249888279478,4.01368252548698
197.577678187447,278.905931302458,4.21765579125181
555.652526574832,264.613875532126,3.73207187712256
173.503155399144,39.9143667291602,4.07837349403299
496.692548729019,354.654685464972,4.23526277912858
37.9640964244024,44.8834635629861,4.14080638920093
528.674450832582,149.261803883499,4.5119819660101
NA,NA,NA
662.563174413322,332.515458261801,3.50478018309535
457.088863727969,299.1919947946,3.64022684527011
10.2769268218037,497.612250772428,3.58015450136916
568.544303510062,48.9750863170063,4.24215629834928
75.7969147495137,372.75948240211,3.9333674528739
229.126946507356,414.719580334871,3.9512590315231
426.243539593612,12.7323303892018,3.24077989322144
365.938459009088,291.116278790848,3.01068637892034
604.072575999913,103.894290464075,4.13986669396133
394.15440811744,230.244883540997,4.18680048173421
574.143747757423,410.678685532527,4.69602529016339
144.65264896378,287.139834740251,4.654017748768
193.691463260918,371.553954206143,3.97796377689739
124.102254453884,412.350735499519,3.38953235510511
617.255030927582,315.971080297427,4.55558257714246
-2.72900911020024,149.46603075077,4.2411471359249
546.933707781715,200.957281727017,4.15223150720388
34.2503797929364,492.121400351872,3.07933776660203
280.539122156038,25.8049732268969,3.96548322191692
535.60433659588,392.116285767759,3.28546297156162
65.9985225635593,78.0358851994372,5.30325659301149
4.14989762163208,74.5197270309482,3.54214406634298
585.98085636567,226.648245759185,4.00494563542398
438.739664335139,463.773378570802,4.85583081194058
658.634651689741,373.420781912469,3.03835547973194
105.008706619243,489.436820437797,4.37588764875912
629.731709201885,90.9886302328088,4.08259541053943
418.875041721691,259.347606710977,3.61837922439076
11.1883113810676,184.349192362961,3.10973158916339
68.757615423537,128.581064077618,4.33604612696834
610.718044823956,197.347776278752,4.58500813510683
255.166394823958,225.763196335427,3.57227743246585
570.974733481626,434.37353358512,4.2259627639709
299.964915432642,130.868019815911,3.85657610358441
531.457591074841,465.145822244856,3.62990868922703
47.9722844238471,428.249888279478,4.01368252548698
197.577678187447,278.905931302458,4.21765579125181
555.652526574832,264.613875532126,3.73207187712256
173.503155399144,39.9143667291602,4.07837349403299
496.692548729019,354.654685464972,4.23526277912858
37.9640964244024,44.8834635629861,4.14080638920093
528.674450832582,149.261803883499,4.5119819660101
NA,NA,NA
662.563174413322,332.515458261801,3.50478018309535
457.088863727969,299.1919947946,3.64022684527011
10.2769268218037,497.612250772428,3.58015450136916
568.544303510062,48.9750863170063,4.24215629834928
75.7969147495137,372.75948240211,3.9333674528739
229.126946507356,414.719580334871,3.9512590315231
426.243539593612,12.7323303892018,3.24077989322144
365.938459009088,291.116278790848,3.01068637892034
604.072575999913,103.894290464075,4.13986669396133
394.15440811744,230.244883540997,4.18680048173421
574.143747757423,410.678685532527,4.69602529016339
144.65264896378,287.139834740251,4.654017748768
193.691463260918,371.553954206143,3.97796377689739
124.102254453884,412.350735499519,3.38953235510511
617.255030927582,315.971080297427,4.55558257714246
-2.72900911020024,149.46603075077,4.2411471359249
546.933707781715,200.957281727017,4.15223150720388
34.2503797929364,492.121400351872,3.07933776660203
280.539122156038,25.8049732268969,3.96548322191692
535.60433659588,392.116285767759,3.28546297156162
65.9985225635593,78.0358851994372,5.30325659301149
4.14989762163208,74.5197270309482,3.54214406634298
585.98085636567,226.648245759185,4.00494563542398
438.739664335139,463.773378570802,4.85583081194058
658.634651689741,373.420781912469,3.03835547973194
105.008706619243,489.436820437797,4.37588764875912
629.731709201885,90.9886302328088,4.08259541053943
418.875041721691,259.347606710977,3.61837922439076
11.1883113810676,184.349192362961,3.10973158916339
68.757615423537,128.581064077618,4.33604612696834
610.718044823956,197.347776278752,4.58500813510683
255.166394823958,225.763196335427,3.57227743246585
570.974733481626,434.37353358512,4.2259627639709
299.964915432642,130.868019815911,3.85657610358441
531.457591074841,465.145822244856,3.62990868922703
47.9722844238471,428.249888279478,4.01368252548698
197.577678187447,278.905931302458,4.21765579125181
555.652526574832,264.613875532126,3.73207187712256
173.503155399144,39.9143667291602,4.07837349403299
496.692548729019,354.654685464972,4.23526277912858
37.9640964244024,44.8834635629861,4.14080638920093
528.674450832582,149.261803883499,4.5119819660101
NA,NA,NA
662.563174413322,332.515458261801,3.50478018309535
457.088863727969,299.1919947946,3.64022684527011
10.2769268218037,497.612250772428,3.58015450136916
568.544303510062,48.9750863170063,4.24215629834928
75.7969147495137,372.75948240211,3.9333674528739
229.126946507356,414.719580334871,3.9512590315231
426.243539593612,12.7323303892018,3.24077989322144
365.938459009088,291.116278790848,3.01068637892034
604.072575999913,103.894290464075,4.13986669396133
394.15440811744,230.244883540997,4.18680048173421
574.143747757423,410.678685532527,4.69602529016339
144.65264896378,287.139834740251,4.654017748768
193.691463260918,371.553954206143,3.97796377689739
124.102254453884,412.350735499519,3.38953235510511
617.255030927582,315.971080297427,4.55558257714246
-2.72900911020024,149.46603075077,4.2411471359249
546.933707781715,200.957281727017,4.15223150720388
34.2503797929364,492.121400351872,3.07933776660203
280.539122156038,25.8049732268969,3.96548322191692
535.60433659588,392.116285767759,3.28546297156162
65.9985225635593,78.0358851994372,5.30325659301149
4.14989762163208,74.5197270309482,3.54214406634298
585.98085636567,226.648245759185,4.00494563542398
438.739664335139,463.773378570802,4.85583081194058
658.634651689741,373.420781912469,3.03835547973194
105.008706619243,489.436820437797,4.37588764875912
629.731709201885,90.9886302328088,4.08259541053943
418.875041721691,259.347606710977,3.61837922439076
11.1883113810676,184.349192362961,3.10973158916339
68.757615423537,128.581064077618,4.33604612696834
610.718044823956,197.347776278752,4.58500813510683
255.166394823958,225.763196335427,3.57227743246585
570.974733481626,434.37353358512,4.2259627639709
299.964915432642,130.868019815911,3.85657610358441
531.457591074841,465.145822244856,3.62990868922703
47.9722844238471,428.249888279478,4.01368252548698
197.577678187447,278.905931302458,4.21765579125181
555.652526574832,264.613875532126,3.73207187712256
173.503155399144,39.9143667291602,4.07837349403299
496.692548729019,354.654685464972,4.23526277912858
37.9640964244024,44.8834635629861,4.14080638920093
528.674450832582,149.261803883499,4.5119819660101
NA,NA,NA
662.563174413322,332.515458261801,3.50478018309535
457.088863727969,299.1919947946,3.64022684527011
10.2769268218037,497.612250772428,3.58015450136916
568.544303510062,48.9750863170063,4.24215629834928
75.7969147495137,372.75948240211,3.9333674528739
229.126946507356,414.719580334871,3.9512590315231
426.243539593612,12.7323303892018,3.24077989322144
365.938459009088,291.116278790848,3.01068637892034
604.072575999913,103.894290464075,4.13986669396133
394.15440811744,230.244883540997,4.18680048173421
574.143747757423,410.678685532527,4.69602529016339
144.65264896378,287.139834740251,4.654017748768
193.691463260918,371.553954206143,3.97796377689739
124.102254453884,412.350735499519,3.38953235510511
617.255030927582,315.971080297427,4.55558257714246
-2.72900911020024,149.46603075077,4.2411471359249
546.933707781715,200.957281727017,4.15223150720388
34.2503797929364,492.121400351872,3.07933776660203
280.539122156038,25.8049732268969,3.96548322191692
535.60433659588,392.116285767759,3.28546297156162
65.9985225635593,78.0358851994372,5.30325659301149
4.14989762163208,74.5197270309482,3.54214406634298
585.98085636567,226.648245759185,4.00494563542398
438.739664335139,463.773378570802,4.85583081194058
658.634651689741,373.420781912469,3.03835547973194
105.008706619243,489.436820437797,4.37588764875912
629.731709201885,90.9886302328088,4.08259541053943
418.875041721691,259.347606710977,3.61837922439076
11.1883113810676,184.349192362961,3.10973158916339
68.757615423537,128.581064077618,4.33604612696834
610.718044823956,197.347776278752,4.58500813510683
255.166394823958,225.763196335427,3.57227743246585
570.974733481626,434.37353358512,4.2259627639709
299.964915432642,130.868019815911,3.85657610358441
531.457591074841,465.145822244856,3.62990868922703
47.9722844238471,428.249888279478,4.01368252548698
197.577678187447,278.905931302458,4.21765579125181
555.652526574832,264.613875532126,3.73207187712256
173.503155399144,39.9143667291602,4.07837349403299
496.692548729019,354.654685464972,4.23526277912858
37.9640964244024,44.8834635629861,4.14080638920093
528.674450832582,149.261803883499,4.5119819660101
NA,NA,NA
662.563174413322,332.515458261801,3.50478018309535
457.088863727969,299.1919947946,3.64022684527011
10.2769268218037,497.612250772428,3.58015450136916
568.544303510062,48.9750863170063,4.24215629834928
75.7969147495137,372.75948240211,3.9333674528739
229.126946507356,414.719580334871,3.9512590315231
426.243539593612,12.7323303892018,3.24077989322144
365.938459009088,291.116278790848,3.01068637892034
604.072575999913,103.894290464075,4.13986669396133
394.15440811744,230.244883540997,4.18680048173421
574.143747757423,410.678685532527,4.69602529016339
144.65264896378,287.139834740251,4.654017748768
193.691463260918,371.553954206143,3.97796377689739
124.102254453884,412.350735499519,3.38953235510511
617.255030927582,315.971080297427,4.55558257714246
-2.72900911020024,149.46603075077,4.2411471359249
546.933707781715,200.957281727017,4.15223150720388
34.2503797929364,492.121400351872,3.07933776660203
280.539122156038,25.8049732268969,3.96548322191692
535.60433659588,392.116285767759,3.28546297156162
65.9985225635593,78.0358851994372,5.30325659301149
4.14989762163208,74.5197270309482,3.54214406634298
585.98085636567,226.648245759185,4.00494563542398
438.739664335139,463.773378570802,4.85583081194058
658.634651689741,373.420781912469,3.03835547973194
105.008706619243,489.436820437797,4.37588764875912
629.731709201885,90.9886302328088,4.08259541053943
418.875041721691,259.347606710977,3.61837922439076
11.1883113810676,184.349192362961,3.10973158916339
68.757615423537,128.581064077618,4.33604612696834
610.718044823956,197.347776278752,4.58500813510683
255.166394823958,225.763196335427,3.57227743246585
570.974733481626,434.37353358512,4.2259627639709
299.964915432642,130.868019815911,3.85657610358441
531.457591074841,465.145822244856,3.62990868922703
47.9722844238471,428.249888279478,4.01368252548698
197.577678187447,278.905931302458,4.21765579125181
555.652526574832,264.613875532126,3.73207187712256
173.503155399144,39.9143667291602,4.07837349403299
496.692548729019,354.654685464972,4.23526277912858
37.9640964244024,44.8834635629861,4.14080638920093
528.674450832582,149.261803883499,4.5119819660101
NA,NA,NA
663.922707982859,334.631294981137,3.54563204943773
452.297998074616,299.226093710275,3.50905718811093
8.55819875289088,492.335253200828,3.59517155137909
562.292989467841,49.4096798195122,4.17275268338166
74.0706521331176,380.025209573379,3.85433051289201
226.587627664969,415.949659495104,3.95690971375312
427.229860014373,11.5217186442207,3.19384686357067
364.288183232838,293.807690514646,2.9621641196148
607.111926139717,102.453231988181,4.26825434480015
395.556861720243,233.015724965085,4.2395559160727
568.849804057261,409.44293007511,4.76725562142013
140.101618104867,283.933021845431,4.57664207330919
203.577504528077,364.023575574108,4.03908075569815
125.170191135436,409.756297001173,3.50256006405207
624.145165695608,306.358832832809,4.52563951035581
-2.01134501593121,149.295947054773,4.18331630846535
545.468941437671,205.827201012251,4.15021302348265
33.2434864453716,491.206920732932,3.05142857919044
278.561252594415,20.2960640077742,3.82228027589457
533.927784704386,393.386890849691,3.51931658223396
77.360275373758,76.8582015326749,5.2133643286516
4.63378065727411,76.9457950873797,3.45370015787793
586.778804463558,225.914623340303,4.04478690947831
442.654638935914,461.026914140414,4.86929831109951
659.186810988392,371.77631453305,3.16425415718246
101.663348641283,486.760646444389,4.40674347936695
624.764356154807,88.7150730424285,4.06602786357205
418.739495518526,256.856843755568,3.55785060924567
11.1545646967995,182.136535415969,3.37126307961591
53.2983068053974,120.536740753561,4.76921556076106
623.457234514105,189.227771735297,4.82545505584875
258.020919610248,220.56244982643,3.52633901373236
579.522989679348,441.105592027235,3.8493370827605
296.919875647579,138.321724231649,3.87351965397848
530.420582770365,452.13200475423,3.9143954802347
42.2483195578231,413.999380474453,4.00725276229664
196.534844393862,288.816651817252,4.17301467103632
541.075760170467,264.323212543947,3.71037942969017
160.727747054553,37.7606018128348,4.1529202623387
497.166246535636,340.386864249439,4.28985321545969
38.5064634922701,43.5409108545441,3.88995551510622
533.261091178174,139.595416623427,4.78174875036673
NA,NA,NA
663.922707982859,334.631294981137,3.54563204943773
452.297998074616,299.226093710275,3.50905718811093
8.55819875289088,492.335253200828,3.59517155137909
562.292989467841,49.4096798195122,4.17275268338166
74.0706521331176,380.025209573379,3.85433051289201
226.587627664969,415.949659495104,3.95690971375312
427.229860014373,11.5217186442207,3.19384686357067
364.288183232838,293.807690514646,2.9621641196148
607.111926139717,102.453231988181,4.26825434480015
395.556861720243,233.015724965085,4.2395559160727
568.849804057261,409.44293007511,4.76725562142013
140.101618104867,283.933021845431,4.57664207330919
203.577504528077,364.023575574108,4.03908075569815
125.170191135436,409.756297001173,3.50256006405207
624.145165695608,306.358832832809,4.52563951035581
-2.01134501593121,149.295947054773,4.18331630846535
545.468941437671,205.827201012251,4.15021302348265
33.2434864453716,491.206920732932,3.05142857919044
278.561252594415,20.2960640077742,3.82228027589457
533.927784704386,393.386890849691,3.51931658223396
77.360275373758,76.8582015326749,5.2133643286516
4.63378065727411,76.9457950873797,3.45370015787793
586.778804463558,225.914623340303,4.04478690947831
442.654638935914,461.026914140414,4.86929831109951
659.186810988392,371.77631453305,3.16425415718246
101.663348641283,486.760646444389,4.40674347936695
624.764356154807,88.7150730424285,4.06602786357205
418.739495518526,256.856843755568,3.55785060924567
11.1545646967995,182.136535415969,3.37126307961591
53.2983068053974,120.536740753561,4.76921556076106
623.457234514105,189.227771735297,4.82545505584875
258.020919610248,220.56244982643,3.52633901373236
579.522989679348,441.105592027235,3.8493370827605
296.919875647579,138.321724231649,3.87351965397848
530.420582770365,452.13200475423,3.9143954802347
42.2483195578231,413.999380474453,4.00725276229664
196.534844393862,288.816651817252,4.17301467103632
541.075760170467,264.323212543947,3.71037942969017
160.727747054553,37.7606018128348,4.1529202623387
497.166246535636,340.386864249439,4.28985321545969
38.5064634922701,43.5409108545441,3.88995551510622
533.261091178174,139.595416623427,4.78174875036673
NA,NA,NA
663.922707982859,334.631294981137,3.54563204943773
452.297998074616,299.226093710275,3.50905718811093
8.55819875289088,492.335253200828,3.59517155137909
562.292989467841,49.4096798195122,4.17275268338166
74.0706521331176,380.025209573379,3.85433051289201
226.587627664969,415.949659495104,3.95690971375312
427.229860014373,11.5217186442207,3.19384686357067
364.288183232838,293.807690514646,2.9621641196148
607.111926139717,102.453231988181,4.26825434480015
395.556861720243,233.015724965085,4.2395559160727
568.849804057261,409.44293007511,4.76725562142013
140.101618104867,283.933021845431,4.57664207330919
203.577504528077,364.023575574108,4.03908075569815
125.170191135436,409.756297001173,3.50256006405207
624.145165695608,306.358832832809,4.52563951035581
-2.01134501593121,149.295947054773,4.18331630846535
545.468941437671,205.827201012251,4.15021302348265
33.2434864453716,491.206920732932,3.05142857919044
278.561252594415,20.2960640077742,3.82228027589457
533.927784704386,393.386890849691,3.51931658223396
77.360275373758,76.8582015326749,5.2133643286516
4.63378065727411,76.9457950873797,3.45370015787793
586.778804463558,225.914623340303,4.04478690947831
442.654638935914,461.026914140414,4.86929831109951
659.186810988392,371.77631453305,3.16425415718246
101.663348641283,486.760646444389,4.40674347936695
624.764356154807,88.7150730424285,4.06602786357205
418.739495518526,256.856843755568,3.55785060924567
11.1545646967995,182.136535415969,3.37126307961591
53.2983068053974,120.536740753561,4.76921556076106
623.457234514105,189.227771735297,4.82545505584875
258.020919610248,220.56244982643,3.52633901373236
579.522989679348,441.105592027235,3.8493370827605
296.919875647579,138.321724231649,3.87351965397848
530.420582770365,452.13200475423,3.9143954802347
42.2483195578231,413.999380474453,4.00725276229664
196.534844393862,288.816651817252,4.17301467103632
541.075760170467,264.323212543947,3.71037942969017
160.727747054553,37.7606018128348,4.1529202623387
497.166246535636,340.386864249439,4.28985321545969
38.5064634922701,43.5409108545441,3.88995551510622
533.261091178174,139.595416623427,4.78174875036673
NA,NA,NA
663.922707982859,334.631294981137,3.54563204943773
452.297998074616,299.226093710275,3.50905718811093
8.55819875289088,492.335253200828,3.59517155137909
562.292989467841,49.4096798195122,4.17275268338166
74.0706521331176,380.025209573379,3.85433051289201
226.587627664969,415.949659495104,3.95690971375312
427.229860014373,11.5217186442207,3.19384686357067
364.288183232838,293.807690514646,2.9621641196148
607.111926139717,102.453231988181,4.26825434480015
395.556861720243,233.015724965085,4.2395559160727
568.849804057261,409.44293007511,4.76725562142013
140.101618104867,283.933021845431,4.57664207330919
203.577504528077,364.023575574108,4.03908075569815
125.170191135436,409.756297001173,3.50256006405207
624.145165695608,306.358832832809,4.52563951035581
-2.01134501593121,149.295947054773,4.18331630846535
545.468941437671,205.827201012251,4.15021302348265
33.2434864453716,491.206920732932,3.05142857919044
278.561252594415,20.2960640077742,3.82228027589457
533.927784704386,393.386890849691,3.51931658223396
77.360275373758,76.8582015326749,5.2133643286516
4.63378065727411,76.9457950873797,3.45370015787793
586.778804463558,225.914623340303,4.04478690947831
442.654638935914,461.026914140414,4.86929831109951
659.186810988392,371.77631453305,3.16425415718246
101.663348641283,486.760646444389,4.40674347936695
624.764356154807,88.7150730424285,4.06602786357205
418.739495518526,256.856843755568,3.55785060924567
11.1545646967995,182.136535415969,3.37126307961591
53.2983068053974,120.536740753561,4.76921556076106
623.457234514105,189.227771735297,4.82545505584875
258.020919610248,220.56244982643,3.52633901373236
579.522989679348,441.105592027235,3.8493370827605
296.919875647579,138.321724231649,3.87351965397848
530.420582770365,452.13200475423,3.9143954802347
42.2483195578231,413.999380474453,4.00725276229664
196.534844393862,288.816651817252,4.17301467103632
541.075760170467,264.323212543947,3.71037942969017
160.727747054553,37.7606018128348,4.1529202623387
497.166246535636,340.386864249439,4.28985321545969
38.5064634922701,43.5409108545441,3.88995551510622
533.261091178174,139.595416623427,4.78174875036673
NA,NA,NA
663.922707982859,334.631294981137,3.54563204943773
452.297998074616,299.226093710275,3.50905718811093
8.55819875289088,492.335253200828,3.59517155137909
562.292989467841,49.4096798195122,4.17275268338166
74.0706521331176,380.025209573379,3.85433051289201
226.587627664969,415.949659495104,3.95690971375312
427.229860014373,11.5217186442207,3.19384686357067
364.288183232838,293.807690514646,2.9621641196148
607.111926139717,102.453231988181,4.26825434480015
395.556861720243,233.015724965085,4.2395559160727
568.849804057261,409.44293007511,4.76725562142013
140.101618104867,283.933021845431,4.57664207330919
203.577504528077,364.023575574108,4.03908075569815
125.170191135436,409.756297001173,3.50256006405207
624.145165695608,306.358832832809,4.52563951035581
-2.01134501593121,149.295947054773,4.18331630846535
545.468941437671,205.827201012251,4.15021302348265
33.2434864453716,491.206920732932,3.05142857919044
278.561252594415,20.2960640077742,3.82228027589457
533.927784704386,393.386890849691,3.51931658223396
77.360275373758,76.8582015326749,5.2133643286516
4.63378065727411,76.9457950873797,3.45370015787793
586.778804463558,225.914623340303,4.04478690947831
442.654638935914,461.026914140414,4.86929831109951
659.186810988392,371.77631453305,3.16425415718246
101.663348641283,486.760646444389,4.40674347936695
624.764356154807,88.7150730424285,4.06602786357205
418.739495518526,256.856843755568,3.55785060924567
11.1545646967995,182.136535415969,3.37126307961591
53.2983068053974,120.536740753561,4.76921556076106
623.457234514105,189.227771735297,4.82545505584875
258.020919610248,220.56244982643,3.52633901373236
579.522989679348,441.105592027235,3.8493370827605
296.919875647579,138.321724231649,3.87351965397848
530.420582770365,452.13200475423,3.9143954802347
42.2483195578231,413.999380474453,4.00725276229664
196.534844393862,288.816651817252,4.17301467103632
541.075760170467,264.323212543947,3.71037942969017
160.727747054553,37.7606018128348,4.1529202623387
497.166246535636,340.386864249439,4.28985321545969
38.5064634922701,43.5409108545441,3.88995551510622
533.261091178174,139.595416623427,4.78174875036673
NA,NA,NA
663.922707982859,334.631294981137,3.54563204943773
452.297998074616,299.226093710275,3.50905718811093
8.55819875289088,492.335253200828,3.59517155137909
562.292989467841,49.4096798195122,4.17275268338166
74.0706521331176,380.025209573379,3.85433051289201
226.587627664969,415.949659495104,3.95690971375312
427.229860014373,11.5217186442207,3.19384686357067
364.288183232838,293.807690514646,2.9621641196148
607.111926139717,102.453231988181,4.26825434480015
395.556861720243,233.015724965085,4.2395559160727
568.849804057261,409.44293007511,4.76725562142013
140.101618104867,283.933021845431,4.57664207330919
203.577504528077,364.023575574108,4.03908075569815
125.170191135436,409.756297001173,3.50256006405207
624.145165695608,306.358832832809,4.52563951035581
-2.01134501593121,149.295947054773,4.18331630846535
545.468941437671,205.827201012251,4.15021302348265
33.2434864453716,491.206920732932,3.05142857919044
278.561252594415,20.2960640077742,3.82228027589457
533.927784704386,393.386890849691,3.51931658223396
77.360275373758,76.8582015326749,5.2133643286516
4.63378065727411,76.9457950873797,3.45370015787793
586.778804463558,225.914623340303,4.04478690947831
442.654638935914,461.026914140414,4.86929831109951
659.186810988392,371.77631453305,3.16425415718246
101.663348641283,486.760646444389,4.40674347936695
624.764356154807,88.7150730424285,4.06602786357205
418.739495518526,256.856843755568,3.55785060924567
11.1545646967995,182.136535415969,3.37126307961591
53.2983068053974,120.536740753561,4.76921556076106
623.457234514105,189.227771735297,4.82545505584875
258.020919610248,220.56244982643,3.52633901373236
579.522989679348,441.105592027235,3.8493370827605
296.919875647579,138.321724231649,3.87351965397848
530.420582770365,452.13200475423,3.9143954802347
42.2483195578231,413.999380474453,4.00725276229664
196.534844393862,288.816651817252,4.17301467103632
541.075760170467,264.323212543947,3.71037942969017
160.727747054553,37.7606018128348,4.1529202623387
497.166246535636,340.386864249439,4.28985321545969
38.5064634922701,43.5409108545441,3.88995551510622
533.261091178174,139.595416623427,4.78174875036673
NA,NA,NA
665.178657391097,334.231096658193,3.479681096714
452.16760298825,297.577599348743,3.63947348395386
10.6454863174359,494.791548205712,3.5696917474777
561.347228489068,49.77594157157,4.15094992937106
75.4266104051118,374.954036645056,3.91117135040647
225.574575916917,414.298359739632,3.91367356910902
426.994026761514,12.6180538980834,3.26619860458743
361.063067008378,293.067257153695,3.13703768425858
607.176151459717,108.830162297074,4.2535857814896
389.869007853156,223.48225834635,4.18908948507127
568.772174915215,407.270902409484,4.74449597107929
137.46553657427,284.936405395537,4.57984629701868
198.251111538414,369.109636483004,3.94163415962755
122.609496934915,412.328800534636,3.35421664592504
627.465349919857,315.588355709281,4.60705057417016
2.55107535042983,145.829863300427,4.23392252301565
544.345532993809,199.395420335106,4.31611548049692
34.318930763808,492.796568334454,3.03803925664847
283.349002301621,21.2218904451713,3.92299987884145
533.359423831566,395.902075168322,3.44020999511752
73.6957272514976,85.7643850923668,5.18703665488944
2.47318627786297,79.5750482558106,3.59156087173272
586.331055537718,224.527509295897,3.99205915440408
440.190662592616,458.714515492674,4.87233467316273
660.8349448655,372.486788175706,3.02058820202339
107.696790009451,481.795682837779,4.34394743985516
623.521263153335,87.778165415055,4.13664073804349
422.473473972468,258.184854799475,3.59035158093189
12.3050223721396,181.852986945517,3.40564493515202
59.8028693179391,105.956042097685,4.49766682220065
614.175398902317,197.687467278636,4.54658366611936
245.651298758126,226.443480617248,3.32175255977428
568.481961224861,426.930128735103,3.91970148373657
297.344581740091,127.524592494223,3.86531021324888
527.674879567722,453.731587013159,3.43576663188417
54.1435115474107,425.370702096636,3.9651862724128
193.089384693231,281.305990529619,4.03578866323751
550.126855091151,261.431169437288,3.67033478319759
174.503645221909,29.5518341898219,4.18972688740247
511.279474933193,345.073734698643,4.6070501115567
29.6746626055414,52.9546159141817,4.02401947757576
525.371459418814,133.262145723017,4.81198509797591
NA,NA,NA
665.178657391097,334.231096658193,3.479681096714
452.16760298825,297.577599348743,3.63947348395386
10.6454863174359,494.791548205712,3.5696917474777
561.347228489068,49.77594157157,4.15094992937106
75.4266104051118,374.954036645056,3.91117135040647
225.574575916917,414.298359739632,3.91367356910902
426.994026761514,12.6180538980834,3.26619860458743
361.063067008378,293.067257153695,3.13703768425858
607.176151459717,108.830162297074,4.2535857814896
389.869007853156,223.48225834635,4.18908948507127
568.772174915215,407.270902409484,4.74449597107929
137.46553657427,284.936405395537,4.57984629701868
198.251111538414,369.109636483004,3.94163415962755
122.609496934915,412.328800534636,3.35421664592504
627.465349919857,315.588355709281,4.60705057417016
2.55107535042983,145.829863300427,4.23392252301565
544.345532993809,199.395420335106,4.31611548049692
34.318930763808,492.796568334454,3.03803925664847
283.349002301621,21.2218904451713,3.92299987884145
533.359423831566,395.902075168322,3.44020999511752
73.6957272514976,85.7643850923668,5.18703665488944
2.47318627786297,79.5750482558106,3.59156087173272
586.331055537718,224.527509295897,3.99205915440408
440.190662592616,458.714515492674,4.87233467316273
660.8349448655,372.486788175706,3.02058820202339
107.696790009451,481.795682837779,4.34394743985516
623.521263153335,87.778165415055,4.13664073804349
422.473473972468,258.184854799475,3.59035158093189
12.3050223721396,181.852986945517,3.40564493515202
59.8028693179391,105.956042097685,4.49766682220065
614.175398902317,197.687467278636,4.54658366611936
245.651298758126,226.443480617248,3.32175255977428
568.481961224861,426.930128735103,3.91970148373657
297.344581740091,127.524592494223,3.86531021324888
527.674879567722,453.731587013159,3.43576663188417
54.1435115474107,425.370702096636,3.9651862724128
193.089384693231,281.305990529619,4.03578866323751
550.126855091151,261.431169437288,3.67033478319759
174.503645221909,29.5518341898219,4.18972688740247
511.279474933193,345.073734698643,4.6070501115567
29.6746626055414,52.9546159141817,4.02401947757576
525.371459418814,133.262145723017,4.81198509797591
NA,NA,NA
665.178657391097,334.231096658193,3.479681096714
452.16760298825,297.577599348743,3.63947348395386
10.6454863174359,494.791548205712,3.5696917474777
561.347228489068,49.77594157157,4.15094992937106
75.4266104051118,374.954036645056,3.91117135040647
225.574575916917,414.298359739632,3.91367356910902
426.994026761514,12.6180538980834,3.26619860458743
361.063067008378,293.067257153695,3.13703768425858
607.176151459717,108.830162297074,4.2535857814896
389.869007853156,223.48225834635,4.18908948507127
568.772174915215,407.270902409484,4.74449597107929
137.46553657427,284.936405395537,4.57984629701868
198.251111538414,369.109636483004,3.94163415962755
122.609496934915,412.328800534636,3.35421664592504
627.465349919857,315.588355709281,4.60705057417016
2.55107535042983,145.829863300427,4.23392252301565
544.345532993809,199.395420335106,4.31611548049692
34.318930763808,492.796568334454,3.03803925664847
283.349002301621,21.2218904451713,3.92299987884145
533.359423831566,395.902075168322,3.44020999511752
73.6957272514976,85.7643850923668,5.18703665488944
2.47318627786297,79.5750482558106,3.59156087173272
586.331055537718,224.527509295897,3.99205915440408
440.190662592616,458.714515492674,4.87233467316273
660.8349448655,372.486788175706,3.02058820202339
107.696790009451,481.795682837779,4.34394743985516
623.521263153335,87.778165415055,4.13664073804349
422.473473972468,258.184854799475,3.59035158093189
12.3050223721396,181.852986945517,3.40564493515202
59.8028693179391,105.956042097685,4.49766682220065
614.175398902317,197.687467278636,4.54658366611936
245.651298758126,226.443480617248,3.32175255977428
568.481961224861,426.930128735103,3.91970148373657
297.344581740091,127.524592494223,3.86531021324888
527.674879567722,453.731587013159,3.43576663188417
54.1435115474107,425.370702096636,3.9651862724128
193.089384693231,281.305990529619,4.03578866323751
550.126855091151,261.431169437288,3.67033478319759
174.503645221909,29.5518341898219,4.18972688740247
511.279474933193,345.073734698643,4.6070501115567
29.6746626055414,52.9546159141817,4.02401947757576
525.371459418814,133.262145723017,4.81198509797591
NA,NA,NA
665.178657391097,334.231096658193,3.479681096714
452.16760298825,297.577599348743,3.63947348395386
10.6454863174359,494.791548205712,3.5696917474777
561.347228489068,49.77594157157,4.15094992937106
75.4266104051118,374.954036645056,3.91117135040647
225.574575916917,414.298359739632,3.91367356910902
426.994026761514,12.6180538980834,3.26619860458743
361.063067008378,293.067257153695,3.13703768425858
607.176151459717,108.830162297074,4.2535857814896
389.869007853156,223.48225834635,4.18908948507127
568.772174915215,407.270902409484,4.74449597107929
137.46553657427,284.936405395537,4.57984629701868
198.251111538414,369.109636483004,3.94163415962755
122.609496934915,412.328800534636,3.35421664592504
627.465349919857,315.588355709281,4.60705057417016
2.55107535042983,145.829863300427,4.23392252301565
544.345532993809,199.395420335106,4.31611548049692
34.318930763808,492.796568334454,3.03803925664847
283.349002301621,21.2218904451713,3.92299987884145
533.359423831566,395.902075168322,3.44020999511752
73.6957272514976,85.7643850923668,5.18703665488944
2.47318627786297,79.5750482558106,3.59156087173272
586.331055537718,224.527509295897,3.99205915440408
440.190662592616,458.714515492674,4.87233467316273
660.8349448655,372.486788175706,3.02058820202339
107.696790009451,481.795682837779,4.34394743985516
623.521263153335,87.778165415055,4.13664073804349
422.473473972468,258.184854799475,3.59035158093189
12.3050223721396,181.852986945517,3.40564493515202
59.8028693179391,105.956042097685,4.49766682220065
614.175398902317,197.687467278636,4.54658366611936
245.651298758126,226.443480617248,3.32175255977428
568.481961224861,426.930128735103,3.91970148373657
297.344581740091,127.524592494223,3.86531021324888
527.674879567722,453.731587013159,3.43576663188417
54.1435115474107,425.370702096636,3.9651862724128
193.089384693231,281.305990529619,4.03578866323751
550.126855091151,261.431169437288,3.67033478319759
174.503645221909,29.5518341898219,4.18972688740247
511.279474933193,345.073734698643,4.6070501115567
29.6746626055414,52.9546159141817,4.02401947757576
525.371459418814,133.262145723017,4.81198509797591
NA,NA,NA
665.178657391097,334.231096658193,3.479681096714
452.16760298825,297.577599348743,3.63947348395386
10.6454863174359,494.791548205712,3.5696917474777
561.347228489068,49.77594157157,4.15094992937106
75.4266104051118,374.954036645056,3.91117135040647
225.574575916917,414.298359739632,3.91367356910902
426.994026761514,12.6180538980834,3.26619860458743
361.063067008378,293.067257153695,3.13703768425858
607.176151459717,108.830162297074,4.2535857814896
389.869007853156,223.48225834635,4.18908948507127
568.772174915215,407.270902409484,4.74449597107929
137.46553657427,284.936405395537,4.57984629701868
198.251111538414,369.109636483004,3.94163415962755
122.609496934915,412.328800534636,3.35421664592504
627.465349919857,315.588355709281,4.60705057417016
2.55107535042983,145.829863300427,4.23392252301565
544.345532993809,199.395420335106,4.31611548049692
34.318930763808,492.796568334454,3.03803925664847
283.349002301621,21.2218904451713,3.92299987884145
533.359423831566,395.902075168322,3.44020999511752
73.6957272514976,85.7643850923668,5.18703665488944
2.47318627786297,79.5750482558106,3.59156087173272
586.331055537718,224.527509295897,3.99205915440408
440.190662592616,458.714515492674,4.87233467316273
660.8349448655,372.486788175706,3.02058820202339
107.696790009451,481.795682837779,4.34394743985516
623.521263153335,87.778165415055,4.13664073804349
422.473473972468,258.184854799475,3.59035158093189
12.3050223721396,181.852986945517,3.40564493515202
59.8028693179391,105.956042097685,4.49766682220065
614.175398902317,197.687467278636,4.54658366611936
245.651298758126,226.443480617248,3.32175255977428
568.481961224861,426.930128735103,3.91970148373657
297.344581740091,127.524592494223,3.86531021324888
527.674879567722,453.731587013159,3.43576663188417
54.1435115474107,425.370702096636,3.9651862724128
193.089384693231,281.305990529619,4.03578866323751
550.126855091151,261.431169437288,3.67033478319759
174.503645221909,29.5518341898219,4.18972688740247
511.279474933193,345.073734698643,4.6070501115567
29.6746626055414,52.9546159141817,4.02401947757576
525.371459418814,133.262145723017,4.81198509797591
NA,NA,NA
665.178657391097,334.231096658193,3.479681096714
452.16760298825,297.577599348743,3.63947348395386
10.6454863174359,494.791548205712,3.5696917474777
561.347228489068,49.77594157157,4.15094992937106
75.4266104051118,374.954036645056,3.91117135040647
225.574575916917,414.298359739632,3.91367356910902
426.994026761514,12.6180538980834,3.26619860458743
361.063067008378,293.067257153695,3.13703768425858
607.176151459717,108.830162297074,4.2535857814896
389.869007853156,223.48225834635,4.18908948507127
568.772174915215,407.270902409484,4.74449597107929
137.46553657427,284.936405395537,4.57984629701868
198.251111538414,369.109636483004,3.94163415962755
122.609496934915,412.328800534636,3.35421664592504
627.465349919857,315.588355709281,4.60705057417016
2.55107535042983,145.829863300427,4.23392252301565
544.345532993809,199.395420335106,4.31611548049692
34.318930763808,492.796568334454,3.03803925664847
283.349002301621,21.2218904451713,3.92299987884145
533.359423831566,395.902075168322,3.44020999511752
73.6957272514976,85.7643850923668,5.18703665488944
2.47318627786297,79.5750482558106,3.59156087173272
586.331055537718,224.527509295897,3.99205915440408
440.190662592616,458.714515492674,4.87233467316273
660.8349448655,372.486788175706,3.02058820202339
107.696790009451,481.795682837779,4.34394743985516
623.521263153335,87.778165415055,4.13664073804349
422.473473972468,258.184854799475,3.59035158093189
12.3050223721396,181.852986945517,3.40564493515202
59.8028693179391,105.956042097685,4.49766682220065
614.175398902317,197.687467278636,4.54658366611936
245.651298758126,226.443480617248,3.32175255977428
568.481961224861,426.930128735103,3.91970148373657
297.344581740091,127.524592494223,3.86531021324888
527.674879567722,453.731587013159,3.43576663188417
54.1435115474107,425.370702096636,3.9651862724128
193.089384693231,281.305990529619,4.03578866323751
550.126855091151,261.431169437288,3.67033478319759
174.503645221909,29.5518341898219,4.18972688740247
511.279474933193,345.073734698643,4.6070501115567
29.6746626055414,52.9546159141817,4.02401947757576
525.371459418814,133.262145723017,4.81198509797591
NA,NA,NA
659.477286121423,334.161085641047,3.46628993308929
456.064967100917,297.43547521028,3.57903369353406
14.2804219092389,496.113205243101,3.62063788804186
563.99556908459,49.1199418312355,4.23840864834785
72.1989816527955,377.756682398895,3.98439694515642
230.165065249457,413.249713492044,3.87320061291195
428.006260973901,14.3168222936555,3.36479457456348
363.304997414476,294.364676613614,2.8938474329994
607.856523128127,102.900814354566,4.15718374097645
390.579945617051,229.074947310974,4.18167185417228
573.477661808698,404.447671485698,4.7179845860406
148.283454379611,283.471512687233,4.60550809810296
202.292381993408,370.223611790062,4.07395681936629
127.065043973375,412.560356463682,3.6327366089464
629.931937574337,311.16830448113,4.5211350845099
-0.945480196767005,145.36013007677,4.27710804996
543.257236721689,202.426880945695,4.10683507122063
34.4481580315726,491.079452137884,3.04202820646786
282.002704945053,21.7370283461569,3.97398392862341
532.168189023931,393.543406622477,3.62789188237039
71.8718128611781,73.7469224502508,5.3382723521418
2.51184938910252,77.3090078858623,3.60048824386062
584.524932869057,225.7189382757,4.08988896636222
433.767102877983,453.990172391047,4.83393014534674
657.574755810653,373.599298461676,3.02712725620036
105.757551673648,490.369399822087,4.43646086881486
624.640426277033,94.4415915666492,4.12281837960903
417.956023636474,256.893844717936,3.67492004399681
11.0550204529988,180.071139423648,3.10429134273344
71.5275617839675,90.0932838189713,4.60855412459339
624.788286413332,201.272813525668,4.14460636276019
266.962678512108,209.981584156414,3.81860533894571
566.721205874687,439.497618414353,4.02652934704049
300.024667965235,141.23393960984,3.82584226014315
526.804482523259,457.230667332615,3.65169223044576
46.9968668793224,415.931122727226,3.9837173254107
199.939659849475,289.070575199726,4.12714066383623
551.140551281495,256.530436569039,3.67105170887644
167.027789335077,42.8759264167455,4.51231643693148
511.054201096352,345.036830021516,4.20200829813972
31.3252706732439,47.6364420354732,3.5691948051356
539.028318981044,144.169062426782,5.04449800350211
NA,NA,NA
659.477286121423,334.161085641047,3.46628993308929
456.064967100917,297.43547521028,3.57903369353406
14.2804219092389,496.113205243101,3.62063788804186
563.99556908459,49.1199418312355,4.23840864834785
72.1989816527955,377.756682398895,3.98439694515642
230.165065249457,413.249713492044,3.87320061291195
428.006260973901,14.3168222936555,3.36479457456348
363.304997414476,294.364676613614,2.8938474329994
607.856523128127,102.900814354566,4.15718374097645
390.579945617051,229.074947310974,4.18167185417228
573.477661808698,404.447671485698,4.7179845860406
148.283454379611,283.471512687233,4.60550809810296
202.292381993408,370.223611790062,4.07395681936629
127.065043973375,412.560356463682,3.6327366089464
629.931937574337,311.16830448113,4.5211350845099
-0.945480196767005,145.36013007677,4.27710804996
543.257236721689,202.426880945695,4.10683507122063
34.4481580315726,491.079452137884,3.04202820646786
282.002704945053,21.7370283461569,3.97398392862341
532.168189023931,393.543406622477,3.62789188237039
71.8718128611781,73.7469224502508,5.3382723521418
2.51184938910252,77.3090078858623,3.60048824386062
584.524932869057,225.7189382757,4.08988896636222
433.767102877983,453.990172391047,4.83393014534674
657.574755810653,373.599298461676,3.02712725620036
105.757551673648,490.369399822087,4.43646086881486
624.640426277033,94.4415915666492,4.12281837960903
417.956023636474,256.893844717936,3.67492004399681
11.0550204529988,180.071139423648,3.10429134273344
71.5275617839675,90.0932838189713,4.60855412459339
624.788286413332,201.272813525668,4.14460636276019
266.962678512108,209.981584156414,3.81860533894571
566.721205874687,439.497618414353,4.02652934704049
300.024667965235,141.23393960984,3.82584226014315
526.804482523259,457.230667332615,3.65169223044576
46.9968668793224,415.931122727226,3.9837173254107
199.939659849475,289.070575199726,4.12714066383623
551.140551281495,256.530436569039,3.67105170887644
167.027789335077,42.8759264167455,4.51231643693148
511.054201096352,345.036830021516,4.20200829813972
31.3252706732439,47.6364420354732,3.5691948051356
539.028318981044,144.169062426782,5.04449800350211
NA,NA,NA
659.477286121423,334.161085641047,3.46628993308929
456.064967100917,297.43547521028,3.57903369353406
14.2804219092389,496.113205243101,3.62063788804186
563.99556908459,49.1199418312355,4.23840864834785
72.1989816527955,377.756682398895,3.98439694515642
230.165065249457,413.249713492044,3.87320061291195
428.006260973901,14.3168222936555,3.36479457456348
363.304997414476,294.364676613614,2.8938474329994
607.856523128127,102.900814354566,4.15718374097645
390.579945617051,229.074947310974,4.18167185417228
573.477661808698,404.447671485698,4.7179845860406
148.283454379611,283.471512687233,4.60550809810296
202.292381993408,370.223611790062,4.07395681936629
127.065043973375,412.560356463682,3.6327366089464
629.931937574337,311.16830448113,4.5211350845099
-0.945480196767005,145.36013007677,4.27710804996
543.257236721689,202.426880945695,4.10683507122063
34.4481580315726,491.079452137884,3.04202820646786
282.002704945053,21.7370283461569,3.97398392862341
532.168189023931,393.543406622477,3.62789188237039
71.8718128611781,73.7469224502508,5.3382723521418
2.51184938910252,77.3090078858623,3.60048824386062
584.524932869057,225.7189382757,4.08988896636222
433.767102877983,453.990172391047,4.83393014534674
657.574755810653,373.599298461676,3.02712725620036
105.757551673648,490.369399822087,4.43646086881486
624.640426277033,94.4415915666492,4.12281837960903
417.956023636474,256.893844717936,3.67492004399681
11.0550204529988,180.071139423648,3.10429134273344
71.5275617839675,90.0932838189713,4.60855412459339
624.788286413332,201.272813525668,4.14460636276019
266.962678512108,209.981584156414,3.81860533894571
566.721205874687,439.497618414353,4.02652934704049
300.024667965235,141.23393960984,3.82584226014315
526.804482523259,457.230667332615,3.65169223044576
46.9968668793224,415.931122727226,3.9837173254107
199.939659849475,289.070575199726,4.12714066383623
551.140551281495,256.530436569039,3.67105170887644
167.027789335077,42.8759264167455,4.51231643693148
511.054201096352,345.036830021516,4.20200829813972
31.3252706732439,47.6364420354732,3.5691948051356
539.028318981044,144.169062426782,5.04449800350211
NA,NA,NA
659.477286121423,334.161085641047,3.46628993308929
456.064967100917,297.43547521028,3.57903369353406
14.2804219092389,496.113205243101,3.62063788804186
563.99556908459,49.1199418312355,4.23840864834785
72.1989816527955,377.756682398895,3.98439694515642
230.165065249457,413.249713492044,3.87320061291195
428.006260973901,14.3168222936555,3.36479457456348
363.304997414476,294.364676613614,2.8938474329994
607.856523128127,102.900814354566,4.15718374097645
390.579945617051,229.074947310974,4.18167185417228
573.477661808698,404.447671485698,4.7179845860406
148.283454379611,283.471512687233,4.60550809810296
202.292381993408,370.223611790062,4.07395681936629
127.065043973375,412.560356463682,3.6327366089464
629.931937574337,311.16830448113,4.5211350845099
-0.945480196767005,145.36013007677,4.27710804996
543.257236721689,202.426880945695,4.10683507122063
34.4481580315726,491.079452137884,3.04202820646786
282.002704945053,21.7370283461569,3.97398392862341
532.168189023931,393.543406622477,3.62789188237039
71.8718128611781,73.7469224502508,5.3382723521418
2.51184938910252,77.3090078858623,3.60048824386062
584.524932869057,225.7189382757,4.08988896636222
433.767102877983,453.990172391047,4.83393014534674
657.574755810653,373.599298461676,3.02712725620036
105.757551673648,490.369399822087,4.43646086881486
624.640426277033,94.4415915666492,4.12281837960903
417.956023636474,256.893844717936,3.67492004399681
11.0550204529988,180.071139423648,3.10429134273344
71.5275617839675,90.0932838189713,4.60855412459339
624.788286413332,201.272813525668,4.14460636276019
266.962678512108,209.981584156414,3.81860533894571
566.721205874687,439.497618414353,4.02652934704049
300.024667965235,141.23393960984,3.82584226014315
526.804482523259,457.230667332615,3.65169223044576
46.9968668793224,415.931122727226,3.9837173254107
199.939659849475,289.070575199726,4.12714066383623
551.140551281495,256.530436569039,3.67105170887644
167.027789335077,42.8759264167455,4.51231643693148
511.054201096352,345.036830021516,4.20200829813972
31.3252706732439,47.6364420354732,3.5691948051356
539.028318981044,144.169062426782,5.04449800350211
NA,NA,NA
659.477286121423,334.161085641047,3.46628993308929
456.064967100917,297.43547521028,3.57903369353406
14.2804219092389,496.113205243101,3.62063788804186
563.99556908459,49.1199418312355,4.23840864834785
72.1989816527955,377.756682398895,3.98439694515642
230.165065249457,413.249713492044,3.87320061291195
428.006260973901,14.3168222936555,3.36479457456348
363.304997414476,294.364676613614,2.8938474329994
607.856523128127,102.900814354566,4.15718374097645
390.579945617051,229.074947310974,4.18167185417228
573.477661808698,404.447671485698,4.7179845860406
148.283454379611,283.471512687233,4.60550809810296
202.292381993408,370.223611790062,4.07395681936629
127.065043973375,412.560356463682,3.6327366089464
629.931937574337,311.16830448113,4.5211350845099
-0.945480196767005,145.36013007677,4.27710804996
543.257236721689,202.426880945695,4.10683507122063
34.4481580315726,491.079452137884,3.04202820646786
282.002704945053,21.7370283461569,3.97398392862341
532.168189023931,393.543406622477,3.62789188237039
71.8718128611781,73.7469224502508,5.3382723521418
2.51184938910252,77.3090078858623,3.60048824386062
584.524932869057,225.7189382757,4.08988896636222
433.767102877983,453.990172391047,4.83393014534674
657.574755810653,373.599298461676,3.02712725620036
105.757551673648,490.369399822087,4.43646086881486
624.640426277033,94.4415915666492,4.12281837960903
417.956023636474,256.893844717936,3.67492004399681
11.0550204529988,180.071139423648,3.10429134273344
71.5275617839675,90.0932838189713,4.60855412459339
624.788286413332,201.272813525668,4.14460636276019
266.962678512108,209.981584156414,3.81860533894571
566.721205874687,439.497618414353,4.02652934704049
300.024667965235,141.23393960984,3.82584226014315
526.804482523259,457.230667332615,3.65169223044576
46.9968668793224,415.931122727226,3.9837173254107
199.939659849475,289.070575199726,4.12714066383623
551.140551281495,256.530436569039,3.67105170887644
167.027789335077,42.8759264167455,4.51231643693148
511.054201096352,345.036830021516,4.20200829813972
31.3252706732439,47.6364420354732,3.5691948051356
539.028318981044,144.169062426782,5.04449800350211
NA,NA,NA
659.477286121423,334.161085641047,3.46628993308929
456.064967100917,297.43547521028,3.57903369353406
14.2804219092389,496.113205243101,3.62063788804186
563.99556908459,49.1199418312355,4.23840864834785
72.1989816527955,377.756682398895,3.98439694515642
230.165065249457,413.249713492044,3.87320061291195
428.006260973901,14.3168222936555,3.36479457456348
363.304997414476,294.364676613614,2.8938474329994
607.856523128127,102.900814354566,4.15718374097645
390.579945617051,229.074947310974,4.18167185417228
573.477661808698,404.447671485698,4.7179845860406
148.283454379611,283.471512687233,4.60550809810296
202.292381993408,370.223611790062,4.07395681936629
127.065043973375,412.560356463682,3.6327366089464
629.931937574337,311.16830448113,4.5211350845099
-0.945480196767005,145.36013007677,4.27710804996
543.257236721689,202.426880945695,4.10683507122063
34.4481580315726,491.079452137884,3.04202820646786
282.002704945053,21.7370283461569,3.97398392862341
532.168189023931,393.543406622477,3.62789188237039
71.8718128611781,73.7469224502508,5.3382723521418
2.51184938910252,77.3090078858623,3.60048824386062
584.524932869057,225.7189382757,4.08988896636222
433.767102877983,453.990172391047,4.83393014534674
657.574755810653,373.599298461676,3.02712725620036
105.757551673648,490.369399822087,4.43646086881486
624.640426277033,94.4415915666492,4.12281837960903
417.956023636474,256.893844717936,3.67492004399681
11.0550204529988,180.071139423648,3.10429134273344
71.5275617839675,90.0932838189713,4.60855412459339
624.788286413332,201.272813525668,4.14460636276019
266.962678512108,209.981584156414,3.81860533894571
566.721205874687,439.497618414353,4.02652934704049
300.024667965235,141.23393960984,3.82584226014315
526.804482523259,457.230667332615,3.65169223044576
46.9968668793224,415.931122727226,3.9837173254107
199.939659849475,289.070575199726,4.12714066383623
551.140551281495,256.530436569039,3.67105170887644
167.027789335077,42.8759264167455,4.51231643693148
511.054201096352,345.036830021516,4.20200829813972
31.3252706732439,47.6364420354732,3.5691948051356
539.028318981044,144.169062426782,5.04449800350211
NA,NA,NA
659.312610004688,334.698335835919,3.61796489546004
455.674298892613,302.778136593403,3.78821601640024
10.9998937788374,491.593195427302,3.62136967648142
559.819042288019,53.0512331452082,4.1951440015697
71.8269828886351,374.95613519375,3.93111910664346
224.530046245836,408.316546804817,4.01256830162586
430.352433892527,13.7448507399847,3.31039973797956
364.275015978022,292.840849878198,3.11545168430531
606.604955109107,108.418055305888,4.10360395383797
393.179488484413,225.192540491621,4.11898590532467
568.118433450164,408.97663646147,4.72318874268174
136.903716716565,282.523012813239,4.62390051167065
204.673254362873,367.447793993496,4.15828613288961
124.010110006956,408.688876717244,3.38111332238306
621.138946813938,314.461335250908,4.55127424263797
-4.16032879739446,150.674680939972,4.21431146913647
544.523693072987,202.482787149855,4.05777665043382
33.5270989157408,493.780108720703,3.00193688767002
276.49546029639,21.1080357055685,3.67863441962767
531.836915243357,394.008569391703,3.46316854226684
64.0508178227874,80.4996794716686,5.26126722564921
5.5972870655165,78.6331447520514,3.41855434118704
592.224993792211,227.387423425633,4.03019206173782
441.253040470822,462.482318390754,4.83513557349175
658.537371031224,373.598204919013,2.95832908292986
104.720108451773,483.216760894234,4.27940305362994
625.353232684772,87.961864081545,4.10603293841974
420.891421253977,258.039750562355,3.57147125333787
11.6475030365093,182.468315398835,3.18948254264544
69.5482850684231,120.794168169747,4.50454941363177
611.438064650074,191.130569602028,3.67085257287336
253.778414683334,219.807641216658,3.71953074947206
576.016565750467,437.779449894822,3.79959881095243
300.607356072099,136.511312260307,3.83316952360361
530.504902495584,463.35918977811,3.66347561614961
44.0971953765341,405.659926456901,3.9459551029684
189.906655124561,290.739276297589,3.70993479513428
549.882673945764,273.820663681666,3.77131054894906
164.679096323073,36.7590266849289,4.3651180121072
493.108263097927,342.282841493409,4.49923768547105
45.8989454571186,50.2142591262389,4.01657646739591
542.806156156125,138.811077335237,4.77163783988604
NA,NA,NA
659.312610004688,334.698335835919,3.61796489546004
455.674298892613,302.778136593403,3.78821601640024
10.9998937788374,491.593195427302,3.62136967648142
559.819042288019,53.0512331452082,4.1951440015697
71.8269828886351,374.95613519375,3.93111910664346
224.530046245836,408.316546804817,4.01256830162586
430.352433892527,13.7448507399847,3.31039973797956
364.275015978022,292.840849878198,3.11545168430531
606.604955109107,108.418055305888,4.10360395383797
393.179488484413,225.192540491621,4.11898590532467
568.118433450164,408.97663646147,4.72318874268174
136.903716716565,282.523012813239,4.62390051167065
204.673254362873,367.447793993496,4.15828613288961
124.010110006956,408.688876717244,3.38111332238306
621.138946813938,314.461335250908,4.55127424263797
-4.16032879739446,150.674680939972,4.21431146913647
544.523693072987,202.482787149855,4.05777665043382
33.5270989157408,493.780108720703,3.00193688767002
276.49546029639,21.1080357055685,3.67863441962767
531.836915243357,394.008569391703,3.46316854226684
64.0508178227874,80.4996794716686,5.26126722564921
5.5972870655165,78.6331447520514,3.41855434118704
592.224993792211,227.387423425633,4.03019206173782
441.253040470822,462.482318390754,4.83513557349175
658.537371031224,373.598204919013,2.95832908292986
104.720108451773,483.216760894234,4.27940305362994
625.353232684772,87.961864081545,4.10603293841974
420.891421253977,258.039750562355,3.57147125333787
11.6475030365093,182.468315398835,3.18948254264544
69.5482850684231,120.794168169747,4.50454941363177
611.438064650074,191.130569602028,3.67085257287336
253.778414683334,219.807641216658,3.71953074947206
576.016565750467,437.779449894822,3.79959881095243
300.607356072099,136.511312260307,3.83316952360361
530.504902495584,463.35918977811,3.66347561614961
44.0971953765341,405.659926456901,3.9459551029684
189.906655124561,290.739276297589,3.70993479513428
549.882673945764,273.820663681666,3.77131054894906
164.679096323073,36.7590266849289,4.3651180121072
493.108263097927,342.282841493409,4.49923768547105
45.8989454571186,50.2142591262389,4.01657646739591
542.806156156125,138.811077335237,4.77163783988604
NA,NA,NA
659.312610004688,334.698335835919,3.61796489546004
455.674298892613,302.778136593403,3.78821601640024
10.9998937788374,491.593195427302,3.62136967648142
559.819042288019,53.0512331452082,4.1951440015697
71.8269828886351,374.95613519375,3.93111910664346
224.530046245836,408.316546804817,4.01256830162586
430.352433892527,13.7448507399847,3.31039973797956
364.275015978022,292.840849878198,3.11545168430531
606.604955109107,108.418055305888,4.10360395383797
393.179488484413,225.192540491621,4.11898590532467
568.118433450164,408.97663646147,4.72318874268174
136.903716716565,282.523012813239,4.62390051167065
204.673254362873,367.447793993496,4.15828613288961
124.010110006956,408.688876717244,3.38111332238306
621.138946813938,314.461335250908,4.55127424263797
-4.16032879739446,150.674680939972,4.21431146913647
544.523693072987,202.482787149855,4.05777665043382
33.5270989157408,493.780108720703,3.00193688767002
276.49546029639,21.1080357055685,3.67863441962767
531.836915243357,394.008569391703,3.46316854226684
64.0508178227874,80.4996794716686,5.26126722564921
5.5972870655165,78.6331447520514,3.41855434118704
592.224993792211,227.387423425633,4.03019206173782
441.253040470822,462.482318390754,4.83513557349175
658.537371031224,373.598204919013,2.95832908292986
104.720108451773,483.216760894234,4.27940305362994
625.353232684772,87.961864081545,4.10603293841974
420.891421253977,258.039750562355,3.57147125333787
11.6475030365093,182.468315398835,3.18948254264544
69.5482850684231,120.794168169747,4.50454941363177
611.438064650074,191.130569602028,3.67085257287336
253.778414683334,219.807641216658,3.71953074947206
576.016565750467,437.779449894822,3.79959881095243
300.607356072099,136.511312260307,3.83316952360361
530.504902495584,463.35918977811,3.66347561614961
44.0971953765341,405.659926456901,3.9459551029684
189.906655124561,290.739276297589,3.70993479513428
549.882673945764,273.820663681666,3.77131054894906
164.679096323073,36.7590266849289,4.3651180121072
493.108263097927,342.282841493409,4.49923768547105
45.8989454571186,50.2142591262389,4.01657646739591
542.806156156125,138.811077335237,4.77163783988604
NA,NA,NA
659.312610004688,334.698335835919,3.61796489546004
455.674298892613,302.778136593403,3.78821601640024
10.9998937788374,491.593195427302,3.62136967648142
559.819042288019,53.0512331452082,4.1951440015697
71.8269828886351,374.95613519375,3.93111910664346
224.530046245836,408.316546804817,4.01256830162586
430.352433892527,13.7448507399847,3.31039973797956
364.275015978022,292.840849878198,3.11545168430531
606.604955109107,108.418055305888,4.10360395383797
393.179488484413,225.192540491621,4.11898590532467
568.118433450164,408.97663646147,4.72318874268174
136.903716716565,282.523012813239,4.62390051167065
204.673254362873,367.447793993496,4.15828613288961
124.010110006956,408.688876717244,3.38111332238306
621.138946813938,314.461335250908,4.55127424263797
-4.16032879739446,150.674680939972,4.21431146913647
544.523693072987,202.482787149855,4.05777665043382
33.5270989157408,493.780108720703,3.00193688767002
276.49546029639,21.1080357055685,3.67863441962767
531.836915243357,394.008569391703,3.46316854226684
64.0508178227874,80.4996794716686,5.26126722564921
5.5972870655165,78.6331447520514,3.41855434118704
592.224993792211,227.387423425633,4.03019206173782
441.253040470822,462.482318390754,4.83513557349175
658.537371031224,373.598204919013,2.95832908292986
104.720108451773,483.216760894234,4.27940305362994
625.353232684772,87.961864081545,4.10603293841974
420.891421253977,258.039750562355,3.57147125333787
11.6475030365093,182.468315398835,3.18948254264544
69.5482850684231,120.794168169747,4.50454941363177
611.438064650074,191.130569602028,3.67085257287336
253.778414683334,219.807641216658,3.71953074947206
576.016565750467,437.779449894822,3.79959881095243
300.607356072099,136.511312260307,3.83316952360361
530.504902495584,463.35918977811,3.66347561614961
44.0971953765341,405.659926456901,3.9459551029684
189.906655124561,290.739276297589,3.70993479513428
549.882673945764,273.820663681666,3.77131054894906
164.679096323073,36.7590266849289,4.3651180121072
493.108263097927,342.282841493409,4.49923768547105
45.8989454571186,50.2142591262389,4.01657646739591
542.806156156125,138.811077335237,4.77163783988604
NA,NA,NA
659.312610004688,334.698335835919,3.61796489546004
455.674298892613,302.778136593403,3.78821601640024
10.9998937788374,491.593195427302,3.62136967648142
559.819042288019,53.0512331452082,4.1951440015697
71.8269828886351,374.95613519375,3.93111910664346
224.530046245836,408.316546804817,4.01256830162586
430.352433892527,13.7448507399847,3.31039973797956
364.275015978022,292.840849878198,3.11545168430531
606.604955109107,108.418055305888,4.10360395383797
393.179488484413,225.192540491621,4.11898590532467
568.118433450164,408.97663646147,4.72318874268174
136.903716716565,282.523012813239,4.62390051167065
204.673254362873,367.447793993496,4.15828613288961
124.010110006956,408.688876717244,3.38111332238306
621.138946813938,314.461335250908,4.55127424263797
-4.16032879739446,150.674680939972,4.21431146913647
544.523693072987,202.482787149855,4.05777665043382
33.5270989157408,493.780108720703,3.00193688767002
276.49546029639,21.1080357055685,3.67863441962767
531.836915243357,394.008569391703,3.46316854226684
64.0508178227874,80.4996794716686,5.26126722564921
5.5972870655165,78.6331447520514,3.41855434118704
592.224993792211,227.387423425633,4.03019206173782
441.253040470822,462.482318390754,4.83513557349175
658.537371031224,373.598204919013,2.95832908292986
104.720108451773,483.216760894234,4.27940305362994
625.353232684772,87.961864081545,4.10603293841974
420.891421253977,258.039750562355,3.57147125333787
11.6475030365093,182.468315398835,3.18948254264544
69.5482850684231,120.794168169747,4.50454941363177
611.438064650074,191.130569602028,3.67085257287336
253.778414683334,219.807641216658,3.71953074947206
576.016565750467,437.779449894822,3.79959881095243
300.607356072099,136.511312260307,3.83316952360361
530.504902495584,463.35918977811,3.66347561614961
44.0971953765341,405.659926456901,3.9459551029684
189.906655124561,290.739276297589,3.70993479513428
549.882673945764,273.820663681666,3.77131054894906
164.679096323073,36.7590266849289,4.3651180121072
493.108263097927,342.282841493409,4.49923768547105
45.8989454571186,50.2142591262389,4.01657646739591
542.806156156125,138.811077335237,4.77163783988604
NA,NA,NA
659.312610004688,334.698335835919,3.61796489546004
455.674298892613,302.778136593403,3.78821601640024
10.9998937788374,491.593195427302,3.62136967648142
559.819042288019,53.0512331452082,4.1951440015697
71.8269828886351,374.95613519375,3.93111910664346
224.530046245836,408.316546804817,4.01256830162586
430.352433892527,13.7448507399847,3.31039973797956
364.275015978022,292.840849878198,3.11545168430531
606.604955109107,108.418055305888,4.10360395383797
393.179488484413,225.192540491621,4.11898590532467
568.118433450164,408.97663646147,4.72318874268174
136.903716716565,282.523012813239,4.62390051167065
204.673254362873,367.447793993496,4.15828613288961
124.010110006956,408.688876717244,3.38111332238306
621.138946813938,314.461335250908,4.55127424263797
-4.16032879739446,150.674680939972,4.21431146913647
544.523693072987,202.482787149855,4.05777665043382
33.5270989157408,493.780108720703,3.00193688767002
276.49546029639,21.1080357055685,3.67863441962767
531.836915243357,394.008569391703,3.46316854226684
64.0508178227874,80.4996794716686,5.26126722564921
5.5972870655165,78.6331447520514,3.41855434118704
592.224993792211,227.387423425633,4.03019206173782
441.253040470822,462.482318390754,4.83513557349175
658.537371031224,373.598204919013,2.95832908292986
104.720108451773,483.216760894234,4.27940305362994
625.353232684772,87.961864081545,4.10603293841974
420.891421253977,258.039750562355,3.57147125333787
11.6475030365093,182.468315398835,3.18948254264544
69.5482850684231,120.794168169747,4.50454941363177
611.438064650074,191.130569602028,3.67085257287336
253.778414683334,219.807641216658,3.71953074947206
576.016565750467,437.779449894822,3.79959881095243
300.607356072099,136.511312260307,3.83316952360361
530.504902495584,463.35918977811,3.66347561614961
44.0971953765341,405.659926456901,3.9459551029684
189.906655124561,290.739276297589,3.70993479513428
549.882673945764,273.820663681666,3.77131054894906
164.679096323073,36.7590266849289,4.3651180121072
493.108263097927,342.282841493409,4.49923768547105
45.8989454571186,50.2142591262389,4.01657646739591
542.806156156125,138.811077335237,4.77163783988604
NA,NA,NA
660.728433492956,336.683763242477,3.46781862985395
459.450792049315,299.98499018839,3.51362631616293
8.25976419692099,497.32989149113,3.60273149249237
561.285366509775,51.0046849937613,4.26240246379192
72.4062863027062,375.902049863744,4.02529471015928
230.017137692279,412.74890216389,3.95071430981748
429.382856828938,12.2271759988012,3.3764845753624
361.233270911989,291.309140457554,3.13193478138617
606.04529084641,106.829367748038,4.26498730482124
390.730979569609,231.153227920787,4.20143907033483
567.097447603988,412.870858174205,4.7595091602457
145.992106555053,280.123096487346,4.68903719916649
196.334015576797,370.330979426483,4.02937020592729
125.897259034433,415.414588649968,3.35806070375284
627.270753093688,308.721203617548,4.60066553408539
-2.96228748386071,155.509613821583,4.28375117581201
540.359447947444,203.443271500824,4.23305312966656
33.6143652239096,491.388158593432,2.89662240440123
278.680620844943,23.1913781118619,3.96021835526429
531.832172960634,393.067940184385,3.28916707152958
70.7013937459155,82.2793617426465,5.27054221681706
4.94125743425017,77.8280267508017,3.39589392803124
586.029103857696,225.299214667998,4.0777154519134
440.317596472101,458.861041486563,4.76100599782574
660.114089706453,373.952301425532,3.02596578715656
102.682052136138,491.073908346785,4.34749898439896
624.404824153665,90.3047199340342,4.04880419970032
421.140319273646,258.193853745171,3.53552833470784
11.6964324760767,182.033185466549,3.25829847940934
60.3638505987632,120.941023925738,4.40922278478932
603.79777041811,205.530623318442,4.2036217979574
252.393128378796,227.984668957715,3.96123182686886
576.051901415165,430.898427760141,3.96213368857423
297.719899427672,145.503741840839,3.86670967191433
529.235054057112,457.387073659591,3.77540301090565
45.5391489615148,419.865282679266,4.12634198761806
193.971831395271,288.489169498425,3.85253334802453
549.989107717251,262.326644928681,3.81859873581113
184.861189518241,27.4279111444638,4.48017774299836
501.625788537995,359.331043536515,4.63828309571343
36.1989228974594,53.1442482860031,4.00616966332912
530.631431289956,147.477216581542,4.75713067995416
NA,NA,NA
660.728433492956,336.683763242477,3.46781862985395
459.450792049315,299.98499018839,3.51362631616293
8.25976419692099,497.32989149113,3.60273149249237
561.285366509775,51.0046849937613,4.26240246379192
72.4062863027062,375.902049863744,4.02529471015928
230.017137692279,412.74890216389,3.95071430981748
429.382856828938,12.2271759988012,3.3764845753624
361.233270911989,291.309140457554,3.13193478138617
606.04529084641,106.829367748038,4.26498730482124
390.730979569609,231.153227920787,4.20143907033483
567.097447603988,412.870858174205,4.7595091602457
145.992106555053,280.123096487346,4.68903719916649
196.334015576797,370.330979426483,4.02937020592729
125.897259034433,415.414588649968,3.35806070375284
627.270753093688,308.721203617548,4.60066553408539
-2.96228748386071,155.509613821583,4.28375117581201
540.359447947444,203.443271500824,4.23305312966656
33.6143652239096,491.388158593432,2.89662240440123
278.680620844943,23.1913781118619,3.96021835526429
531.832172960634,393.067940184385,3.28916707152958
70.7013937459155,82.2793617426465,5.27054221681706
4.94125743425017,77.8280267508017,3.39589392803124
586.029103857696,225.299214667998,4.0777154519134
440.317596472101,458.861041486563,4.76100599782574
660.114089706453,373.952301425532,3.02596578715656
102.682052136138,491.073908346785,4.34749898439896
624.404824153665,90.3047199340342,4.04880419970032
421.140319273646,258.193853745171,3.53552833470784
11.6964324760767,182.033185466549,3.25829847940934
60.3638505987632,120.941023925738,4.40922278478932
603.79777041811,205.530623318442,4.2036217979574
252.393128378796,227.984668957715,3.96123182686886
576.051901415165,430.898427760141,3.96213368857423
297.719899427672,145.503741840839,3.86670967191433
529.235054057112,457.387073659591,3.77540301090565
45.5391489615148,419.865282679266,4.12634198761806
193.971831395271,288.489169498425,3.85253334802453
549.989107717251,262.326644928681,3.81859873581113
184.861189518241,27.4279111444638,4.48017774299836
501.625788537995,359.331043536515,4.63828309571343
36.1989228974594,53.1442482860031,4.00616966332912
530.631431289956,147.477216581542,4.75713067995416
NA,NA,NA
660.728433492956,336.683763242477,3.46781862985395
459.450792049315,299.98499018839,3.51362631616293
8.25976419692099,497.32989149113,3.60273149249237
561.285366509775,51.0046849937613,4.26240246379192
72.4062863027062,375.902049863744,4.02529471015928
230.017137692279,412.74890216389,3.95071430981748
429.382856828938,12.2271759988012,3.3764845753624
361.233270911989,291.309140457554,3.13193478138617
606.04529084641,106.829367748038,4.26498730482124
390.730979569609,231.153227920787,4.20143907033483
567.097447603988,412.870858174205,4.7595091602457
145.992106555053,280.123096487346,4.68903719916649
196.334015576797,370.330979426483,4.02937020592729
125.897259034433,415.414588649968,3.35806070375284
627.270753093688,308.721203617548,4.60066553408539
-2.96228748386071,155.509613821583,4.28375117581201
540.359447947444,203.443271500824,4.23305312966656
33.6143652239096,491.388158593432,2.89662240440123
278.680620844943,23.1913781118619,3.96021835526429
531.832172960634,393.067940184385,3.28916707152958
70.7013937459155,82.2793617426465,5.27054221681706
4.94125743425017,77.8280267508017,3.39589392803124
586.029103857696,225.299214667998,4.0777154519134
440.317596472101,458.861041486563,4.76100599782574
660.114089706453,373.952301425532,3.02596578715656
102.682052136138,491.073908346785,4.34749898439896
624.404824153665,90.3047199340342,4.04880419970032
421.140319273646,258.193853745171,3.53552833470784
11.6964324760767,182.033185466549,3.25829847940934
60.3638505987632,120.941023925738,4.40922278478932
603.79777041811,205.530623318442,4.2036217979574
252.393128378796,227.984668957715,3.96123182686886
576.051901415165,430.898427760141,3.96213368857423
297.719899427672,145.503741840839,3.86670967191433
529.235054057112,457.387073659591,3.77540301090565
45.5391489615148,419.865282679266,4.12634198761806
193.971831395271,288.489169498425,3.85253334802453
549.989107717251,262.326644928681,3.81859873581113
184.861189518241,27.4279111444638,4.48017774299836
501.625788537995,359.331043536515,4.63828309571343
36.1989228974594,53.1442482860031,4.00616966332912
530.631431289956,147.477216581542,4.75713067995416
NA,NA,NA
660.728433492956,336.683763242477,3.46781862985395
459.450792049315,299.98499018839,3.51362631616293
8.25976419692099,497.32989149113,3.60273149249237
561.285366509775,51.0046849937613,4.26240246379192
72.4062863027062,375.902049863744,4.02529471015928
230.017137692279,412.74890216389,3.95071430981748
429.382856828938,12.2271759988012,3.3764845753624
361.233270911989,291.309140457554,3.13193478138617
606.04529084641,106.829367748038,4.26498730482124
390.730979569609,231.153227920787,4.20143907033483
567.097447603988,412.870858174205,4.7595091602457
145.992106555053,280.123096487346,4.68903719916649
196.334015576797,370.330979426483,4.02937020592729
125.897259034433,415.414588649968,3.35806070375284
627.270753093688,308.721203617548,4.60066553408539
-2.96228748386071,155.509613821583,4.28375117581201
540.359447947444,203.443271500824,4.23305312966656
33.6143652239096,491.388158593432,2.89662240440123
278.680620844943,23.1913781118619,3.96021835526429
531.832172960634,393.067940184385,3.28916707152958
70.7013937459155,82.2793617426465,5.27054221681706
4.94125743425017,77.8280267508017,3.39589392803124
586.029103857696,225.299214667998,4.0777154519134
440.317596472101,458.861041486563,4.76100599782574
660.114089706453,373.952301425532,3.02596578715656
102.682052136138,491.073908346785,4.34749898439896
624.404824153665,90.3047199340342,4.04880419970032
421.140319273646,258.193853745171,3.53552833470784
11.6964324760767,182.033185466549,3.25829847940934
60.3638505987632,120.941023925738,4.40922278478932
603.79777041811,205.530623318442,4.2036217979574
252.393128378796,227.984668957715,3.96123182686886
576.051901415165,430.898427760141,3.96213368857423
297.719899427672,145.503741840839,3.86670967191433
529.235054057112,457.387073659591,3.77540301090565
45.5391489615148,419.865282679266,4.12634198761806
193.971831395271,288.489169498425,3.85253334802453
549.989107717251,262.326644928681,3.81859873581113
184.861189518241,27.4279111444638,4.48017774299836
501.625788537995,359.331043536515,4.63828309571343
36.1989228974594,53.1442482860031,4.00616966332912
530.631431289956,147.477216581542,4.75713067995416
NA,NA,NA
660.728433492956,336.683763242477,3.46781862985395
459.450792049315,299.98499018839,3.51362631616293
8.25976419692099,497.32989149113,3.60273149249237
561.285366509775,51.0046849937613,4.26240246379192
72.4062863027062,375.902049863744,4.02529471015928
230.017137692279,412.74890216389,3.95071430981748
429.382856828938,12.2271759988012,3.3764845753624
361.233270911989,291.309140457554,3.13193478138617
606.04529084641,106.829367748038,4.26498730482124
390.730979569609,231.153227920787,4.20143907033483
567.097447603988,412.870858174205,4.7595091602457
145.992106555053,280.123096487346,4.68903719916649
196.334015576797,370.330979426483,4.02937020592729
125.897259034433,415.414588649968,3.35806070375284
627.270753093688,308.721203617548,4.60066553408539
-2.96228748386071,155.509613821583,4.28375117581201
540.359447947444,203.443271500824,4.23305312966656
33.6143652239096,491.388158593432,2.89662240440123
278.680620844943,23.1913781118619,3.96021835526429
531.832172960634,393.067940184385,3.28916707152958
70.7013937459155,82.2793617426465,5.27054221681706
4.94125743425017,77.8280267508017,3.39589392803124
586.029103857696,225.299214667998,4.0777154519134
440.317596472101,458.861041486563,4.76100599782574
660.114089706453,373.952301425532,3.02596578715656
102.682052136138,491.073908346785,4.34749898439896
624.404824153665,90.3047199340342,4.04880419970032
421.140319273646,258.193853745171,3.53552833470784
11.6964324760767,182.033185466549,3.25829847940934
60.3638505987632,120.941023925738,4.40922278478932
603.79777041811,205.530623318442,4.2036217979574
252.393128378796,227.984668957715,3.96123182686886
576.051901415165,430.898427760141,3.96213368857423
297.719899427672,145.503741840839,3.86670967191433
529.235054057112,457.387073659591,3.77540301090565
45.5391489615148,419.865282679266,4.12634198761806
193.971831395271,288.489169498425,3.85253334802453
549.989107717251,262.326644928681,3.81859873581113
184.861189518241,27.4279111444638,4.48017774299836
501.625788537995,359.331043536515,4.63828309571343
36.1989228974594,53.1442482860031,4.00616966332912
530.631431289956,147.477216581542,4.75713067995416
NA,NA,NA
660.728433492956,336.683763242477,3.46781862985395
459.450792049315,299.98499018839,3.51362631616293
8.25976419692099,497.32989149113,3.60273149249237
561.285366509775,51.0046849937613,4.26240246379192
72.4062863027062,375.902049863744,4.02529471015928
230.017137692279,412.74890216389,3.95071430981748
429.382856828938,12.2271759988012,3.3764845753624
361.233270911989,291.309140457554,3.13193478138617
606.04529084641,106.829367748038,4.26498730482124
390.730979569609,231.153227920787,4.20143907033483
567.097447603988,412.870858174205,4.7595091602457
145.992106555053,280.123096487346,4.68903719916649
196.334015576797,370.330979426483,4.02937020592729
125.897259034433,415.414588649968,3.35806070375284
627.270753093688,308.721203617548,4.60066553408539
-2.96228748386071,155.509613821583,4.28375117581201
540.359447947444,203.443271500824,4.23305312966656
33.6143652239096,491.388158593432,2.89662240440123
278.680620844943,23.1913781118619,3.96021835526429
531.832172960634,393.067940184385,3.28916707152958
70.7013937459155,82.2793617426465,5.27054221681706
4.94125743425017,77.8280267508017,3.39589392803124
586.029103857696,225.299214667998,4.0777154519134
440.317596472101,458.861041486563,4.76100599782574
660.114089706453,373.952301425532,3.02596578715656
102.682052136138,491.073908346785,4.34749898439896
624.404824153665,90.3047199340342,4.04880419970032
421.140319273646,258.193853745171,3.53552833470784
11.6964324760767,182.033185466549,3.25829847940934
60.3638505987632,120.941023925738,4.40922278478932
603.79777041811,205.530623318442,4.2036217979574
252.393128378796,227.984668957715,3.96123182686886
576.051901415165,430.898427760141,3.96213368857423
297.719899427672,145.503741840839,3.86670967191433
529.235054057112,457.387073659591,3.77540301090565
45.5391489615148,419.865282679266,4.12634198761806
193.971831395271,288.489169498425,3.85253334802453
549.989107717251,262.326644928681,3.81859873581113
184.861189518241,27.4279111444638,4.48017774299836
501.625788537995,359.331043536515,4.63828309571343
36.1989228974594,53.1442482860031,4.00616966332912
530.631431289956,147.477216581542,4.75713067995416
NA,NA,NA
657.9933351377,335.71138053814,3.48277744282498
461.491589184192,298.001865474056,3.68000495343011
9.22810206862847,493.785580396898,3.60171906004434
562.09995017073,49.4073440483404,4.27422800955802
75.7595135662618,376.317896266777,3.89078725852134
232.698111051177,412.952660935407,3.90492318286354
425.479487510418,13.0301637280846,3.2367091170641
363.936167841842,291.578938090655,2.98499457938393
602.201826252348,105.17045852582,4.16128046674032
387.922264799357,229.948062086693,4.04754872231352
561.866311893458,407.922600697043,4.64332379440596
130.037769898169,285.596111478682,4.51819716773085
199.443587697717,366.491623819043,4.06399951220224
125.923163044469,412.393851029473,3.47498918190702
634.369808924949,314.995203890865,4.61430281080045
-1.01062328378051,144.335615891519,4.30260788796672
546.179865176507,205.031193335566,4.16700449139801
33.2830081384392,491.745486546512,2.95638185391173
278.619543431926,24.6472437057945,3.94174050422102
534.952098931699,390.730877999781,3.52784118391326
71.9594145360754,78.146671482521,5.30669356620449
6.29563311908912,78.1823747587591,3.40114339355916
592.23776718703,223.369264051137,4.02082038819062
440.23612216389,460.010204766826,4.78626716604154
658.288161198963,374.403333622165,3.07205350583242
104.282539800008,488.334344657957,4.32927677461087
622.547587922305,88.1351472951358,4.12673683605125
424.208422089508,261.593526234397,3.71008259772648
11.1818726577289,184.905084778589,3.11460792186347
65.8879381472532,120.680830347182,4.44517543184418
611.208504667504,183.610784217745,4.60894619879582
248.948237558293,218.010197241608,3.77261780316492
572.305697491107,443.370923033347,3.69326265752502
296.126063100157,136.402333568055,3.9182625469907
535.647600433364,457.493808489929,3.54617334309079
48.2617598912777,419.422698664469,4.00515102343513
191.311187738576,297.820444574875,3.78772564225263
547.195666900054,262.0124435063,3.8365844587269
169.813954170413,52.4738152803838,4.05918321406945
501.650091448702,341.520497481278,4.30031293987506
37.2514607520218,55.7081945336608,3.76374845813874
521.516989883543,158.6117264822,4.43170138992341
NA,NA,NA
657.9933351377,335.71138053814,3.48277744282498
461.491589184192,298.001865474056,3.68000495343011
9.22810206862847,493.785580396898,3.60171906004434
562.09995017073,49.4073440483404,4.27422800955802
75.7595135662618,376.317896266777,3.89078725852134
232.698111051177,412.952660935407,3.90492318286354
425.479487510418,13.0301637280846,3.2367091170641
363.936167841842,291.578938090655,2.98499457938393
602.201826252348,105.17045852582,4.16128046674032
387.922264799357,229.948062086693,4.04754872231352
561.866311893458,407.922600697043,4.64332379440596
130.037769898169,285.596111478682,4.51819716773085
199.443587697717,366.491623819043,4.06399951220224
125.923163044469,412.393851029473,3.47498918190702
634.369808924949,314.995203890865,4.61430281080045
-1.01062328378051,144.335615891519,4.30260788796672
546.179865176507,205.031193335566,4.16700449139801
33.2830081384392,491.745486546512,2.95638185391173
278.619543431926,24.6472437057945,3.94174050422102
534.952098931699,390.730877999781,3.52784118391326
71.9594145360754,78.146671482521,5.30669356620449
6.29563311908912,78.1823747587591,3.40114339355916
592.23776718703,223.369264051137,4.02082038819062
440.23612216389,460.010204766826,4.78626716604154
658.288161198963,374.403333622165,3.07205350583242
104.282539800008,488.334344657957,4.32927677461087
622.547587922305,88.1351472951358,4.12673683605125
424.208422089508,261.593526234397,3.71008259772648
11.1818726577289,184.905084778589,3.11460792186347
65.8879381472532,120.680830347182,4.44517543184418
611.208504667504,183.610784217745,4.60894619879582
248.948237558293,218.010197241608,3.77261780316492
572.305697491107,443.370923033347,3.69326265752502
296.126063100157,136.402333568055,3.9182625469907
535.647600433364,457.493808489929,3.54617334309079
48.2617598912777,419.422698664469,4.00515102343513
191.311187738576,297.820444574875,3.78772564225263
547.195666900054,262.0124435063,3.8365844587269
169.813954170413,52.4738152803838,4.05918321406945
501.650091448702,341.520497481278,4.30031293987506
37.2514607520218,55.7081945336608,3.76374845813874
521.516989883543,158.6117264822,4.43170138992341
NA,NA,NA
657.9933351377,335.71138053814,3.48277744282498
461.491589184192,298.001865474056,3.68000495343011
9.22810206862847,493.785580396898,3.60171906004434
562.09995017073,49.4073440483404,4.27422800955802
75.7595135662618,376.317896266777,3.89078725852134
232.698111051177,412.952660935407,3.90492318286354
425.479487510418,13.0301637280846,3.2367091170641
363.936167841842,291.578938090655,2.98499457938393
602.201826252348,105.17045852582,4.16128046674032
387.922264799357,229.948062086693,4.04754872231352
561.866311893458,407.922600697043,4.64332379440596
130.037769898169,285.596111478682,4.51819716773085
199.443587697717,366.491623819043,4.06399951220224
125.923163044469,412.393851029473,3.47498918190702
634.369808924949,314.995203890865,4.61430281080045
-1.01062328378051,144.335615891519,4.30260788796672
546.179865176507,205.031193335566,4.16700449139801
33.2830081384392,491.745486546512,2.95638185391173
278.619543431926,24.6472437057945,3.94174050422102
534.952098931699,390.730877999781,3.52784118391326
71.9594145360754,78.146671482521,5.30669356620449
6.29563311908912,78.1823747587591,3.40114339355916
592.23776718703,223.369264051137,4.02082038819062
440.23612216389,460.010204766826,4.78626716604154
658.288161198963,374.403333622165,3.07205350583242
104.282539800008,488.334344657957,4.32927677461087
622.547587922305,88.1351472951358,4.12673683605125
424.208422089508,261.593526234397,3.71008259772648
11.1818726577289,184.905084778589,3.11460792186347
65.8879381472532,120.680830347182,4.44517543184418
611.208504667504,183.610784217745,4.60894619879582
248.948237558293,218.010197241608,3.77261780316492
572.305697491107,443.370923033347,3.69326265752502
296.126063100157,136.402333568055,3.9182625469907
535.647600433364,457.493808489929,3.54617334309079
48.2617598912777,419.422698664469,4.00515102343513
191.311187738576,297.820444574875,3.78772564225263
547.195666900054,262.0124435063,3.8365844587269
169.813954170413,52.4738152803838,4.05918321406945
501.650091448702,341.520497481278,4.30031293987506
37.2514607520218,55.7081945336608,3.76374845813874
521.516989883543,158.6117264822,4.43170138992341
NA,NA,NA
657.9933351377,335.71138053814,3.48277744282498
461.491589184192,298.001865474056,3.68000495343011
9.22810206862847,493.785580396898,3.60171906004434
562.09995017073,49.4073440483404,4.27422800955802
75.7595135662618,376.317896266777,3.89078725852134
232.698111051177,412.952660935407,3.90492318286354
425.479487510418,13.0301637280846,3.2367091170641
363.936167841842,291.578938090655,2.98499457938393
602.201826252348,105.17045852582,4.16128046674032
387.922264799357,229.948062086693,4.04754872231352
561.866311893458,407.922600697043,4.64332379440596
130.037769898169,285.596111478682,4.51819716773085
199.443587697717,366.491623819043,4.06399951220224
125.923163044469,412.393851029473,3.47498918190702
634.369808924949,314.995203890865,4.61430281080045
-1.01062328378051,144.335615891519,4.30260788796672
546.179865176507,205.031193335566,4.16700449139801
33.2830081384392,491.745486546512,2.95638185391173
278.619543431926,24.6472437057945,3.94174050422102
534.952098931699,390.730877999781,3.52784118391326
71.9594145360754,78.146671482521,5.30669356620449
6.29563311908912,78.1823747587591,3.40114339355916
592.23776718703,223.369264051137,4.02082038819062
440.23612216389,460.010204766826,4.78626716604154
658.288161198963,374.403333622165,3.07205350583242
104.282539800008,488.334344657957,4.32927677461087
622.547587922305,88.1351472951358,4.12673683605125
424.208422089508,261.593526234397,3.71008259772648
11.1818726577289,184.905084778589,3.11460792186347
65.8879381472532,120.680830347182,4.44517543184418
611.208504667504,183.610784217745,4.60894619879582
248.948237558293,218.010197241608,3.77261780316492
572.305697491107,443.370923033347,3.69326265752502
296.126063100157,136.402333568055,3.9182625469907
535.647600433364,457.493808489929,3.54617334309079
48.2617598912777,419.422698664469,4.00515102343513
191.311187738576,297.820444574875,3.78772564225263
547.195666900054,262.0124435063,3.8365844587269
169.813954170413,52.4738152803838,4.05918321406945
501.650091448702,341.520497481278,4.30031293987506
37.2514607520218,55.7081945336608,3.76374845813874
521.516989883543,158.6117264822,4.43170138992341
NA,NA,NA
657.9933351377,335.71138053814,3.48277744282498
461.491589184192,298.001865474056,3.68000495343011
9.22810206862847,493.785580396898,3.60171906004434
562.09995017073,49.4073440483404,4.27422800955802
75.7595135662618,376.317896266777,3.89078725852134
232.698111051177,412.952660935407,3.90492318286354
425.479487510418,13.0301637280846,3.2367091170641
363.936167841842,291.578938090655,2.98499457938393
602.201826252348,105.17045852582,4.16128046674032
387.922264799357,229.948062086693,4.04754872231352
561.866311893458,407.922600697043,4.64332379440596
130.037769898169,285.596111478682,4.51819716773085
199.443587697717,366.491623819043,4.06399951220224
125.923163044469,412.393851029473,3.47498918190702
634.369808924949,314.995203890865,4.61430281080045
-1.01062328378051,144.335615891519,4.30260788796672
546.179865176507,205.031193335566,4.16700449139801
33.2830081384392,491.745486546512,2.95638185391173
278.619543431926,24.6472437057945,3.94174050422102
534.952098931699,390.730877999781,3.52784118391326
71.9594145360754,78.146671482521,5.30669356620449
6.29563311908912,78.1823747587591,3.40114339355916
592.23776718703,223.369264051137,4.02082038819062
440.23612216389,460.010204766826,4.78626716604154
658.288161198963,374.403333622165,3.07205350583242
104.282539800008,488.334344657957,4.32927677461087
622.547587922305,88.1351472951358,4.12673683605125
424.208422089508,261.593526234397,3.71008259772648
11.1818726577289,184.905084778589,3.11460792186347
65.8879381472532,120.680830347182,4.44517543184418
611.208504667504,183.610784217745,4.60894619879582
248.948237558293,218.010197241608,3.77261780316492
572.305697491107,443.370923033347,3.69326265752502
296.126063100157,136.402333568055,3.9182625469907
535.647600433364,457.493808489929,3.54617334309079
48.2617598912777,419.422698664469,4.00515102343513
191.311187738576,297.820444574875,3.78772564225263
547.195666900054,262.0124435063,3.8365844587269
169.813954170413,52.4738152803838,4.05918321406945
501.650091448702,341.520497481278,4.30031293987506
37.2514607520218,55.7081945336608,3.76374845813874
521.516989883543,158.6117264822,4.43170138992341
NA,NA,NA
657.9933351377,335.71138053814,3.48277744282498
461.491589184192,298.001865474056,3.68000495343011
9.22810206862847,493.785580396898,3.60171906004434
562.09995017073,49.4073440483404,4.27422800955802
75.7595135662618,376.317896266777,3.89078725852134
232.698111051177,412.952660935407,3.90492318286354
425.479487510418,13.0301637280846,3.2367091170641
363.936167841842,291.578938090655,2.98499457938393
602.201826252348,105.17045852582,4.16128046674032
387.922264799357,229.948062086693,4.04754872231352
561.866311893458,407.922600697043,4.64332379440596
130.037769898169,285.596111478682,4.51819716773085
199.443587697717,366.491623819043,4.06399951220224
125.923163044469,412.393851029473,3.47498918190702
634.369808924949,314.995203890865,4.61430281080045
-1.01062328378051,144.335615891519,4.30260788796672
546.179865176507,205.031193335566,4.16700449139801
33.2830081384392,491.745486546512,2.95638185391173
278.619543431926,24.6472437057945,3.94174050422102
534.952098931699,390.730877999781,3.52784118391326
71.9594145360754,78.146671482521,5.30669356620449
6.29563311908912,78.1823747587591,3.40114339355916
592.23776718703,223.369264051137,4.02082038819062
440.23612216389,460.010204766826,4.78626716604154
658.288161198963,374.403333622165,3.07205350583242
104.282539800008,488.334344657957,4.32927677461087
622.547587922305,88.1351472951358,4.12673683605125
424.208422089508,261.593526234397,3.71008259772648
11.1818726577289,184.905084778589,3.11460792186347
65.8879381472532,120.680830347182,4.44517543184418
611.208504667504,183.610784217745,4.60894619879582
248.948237558293,218.010197241608,3.77261780316492
572.305697491107,443.370923033347,3.69326265752502
296.126063100157,136.402333568055,3.9182625469907
535.647600433364,457.493808489929,3.54617334309079
48.2617598912777,419.422698664469,4.00515102343513
191.311187738576,297.820444574875,3.78772564225263
547.195666900054,262.0124435063,3.8365844587269
169.813954170413,52.4738152803838,4.05918321406945
501.650091448702,341.520497481278,4.30031293987506
37.2514607520218,55.7081945336608,3.76374845813874
521.516989883543,158.6117264822,4.43170138992341
NA,NA,NA
661.12357869339,331.80006221576,3.47807689090256
455.290158128417,302.831738076066,3.44167031777256
8.07503967212805,490.169450431838,3.61805589760967
557.587452633207,51.1359646439523,4.12061732092904
72.7070824360093,379.529975908186,3.90520655968459
228.430702201875,412.218323890423,3.92854965964274
430.296481224753,14.3074173230794,3.52658500787336
361.57075438832,292.083863150236,3.20063493409317
599.300891282976,98.6415399744102,4.32639601848232
393.563365789767,230.341430298479,4.23269662638237
569.048649097913,406.04669119876,4.6826493857017
137.472103608055,282.651583061254,4.66320653288361
197.812929596609,374.302339257605,4.04447492335543
127.342204617562,415.195535748826,3.37145916706255
637.570676888619,312.06950832151,4.67068136017246
-4.50795083858921,148.415527625883,4.28476221362313
541.423260177807,203.691660061337,4.19875221854067
34.390282712629,492.921746614671,3.0139089084249
279.071767503536,26.8394925159506,3.98506347863506
533.2826481272,391.725665761154,3.4375061121695
70.9773659169475,74.5468898362708,5.23169216245752
6.26062750667254,79.1079070278908,3.42360098017845
588.52246061273,226.342583000399,4.07808292751418
441.065904602247,454.66688703696,4.6894871469753
657.286323503103,371.529289708584,2.77990705832596
100.718461432024,485.746211882141,4.27289509179934
623.00718189784,89.9967039767865,4.13740043707279
424.126355750481,256.950946127808,3.695850006623
13.6804330051397,183.592095197712,3.19441088778701
66.4682311551131,115.125527515776,4.39102056532754
597.690921715261,206.005978746142,4.01639948430654
252.452717728755,214.553628863045,3.79890114480669
568.626475623598,441.486326766106,3.86131915341735
299.582526596504,139.124874481609,3.84186259358574
536.247542016566,454.561610203373,3.58125282420111
45.2775170404545,419.50687764706,4.01431215967971
186.234187873019,287.110506566346,4.36429449768866
555.0865915011,259.795806561549,3.84907819911556
162.433305665471,25.0546787853367,4.49674616337819
496.276898810574,350.105666397859,4.41662350955614
39.851309662125,57.9496660406205,4.00561743422858
526.226465584531,150.371452637523,4.85977295002656
NA,NA,NA
661.12357869339,331.80006221576,3.47807689090256
455.290158128417,302.831738076066,3.44167031777256
8.07503967212805,490.169450431838,3.61805589760967
557.587452633207,51.1359646439523,4.12061732092904
72.7070824360093,379.529975908186,3.90520655968459
228.430702201875,412.218323890423,3.92854965964274
430.296481224753,14.3074173230794,3.52658500787336
361.57075438832,292.083863150236,3.20063493409317
599.300891282976,98.6415399744102,4.32639601848232
393.563365789767,230.341430298479,4.23269662638237
569.048649097913,406.04669119876,4.6826493857017
137.472103608055,282.651583061254,4.66320653288361
197.812929596609,374.302339257605,4.04447492335543
127.342204617562,415.195535748826,3.37145916706255
637.570676888619,312.06950832151,4.67068136017246
-4.50795083858921,148.415527625883,4.28476221362313
541.423260177807,203.691660061337,4.19875221854067
34.390282712629,492.921746614671,3.0139089084249
279.071767503536,26.8394925159506,3.98506347863506
533.2826481272,391.725665761154,3.4375061121695
70.9773659169475,74.5468898362708,5.23169216245752
6.26062750667254,79.1079070278908,3.42360098017845
588.52246061273,226.342583000399,4.07808292751418
441.065904602247,454.66688703696,4.6894871469753
657.286323503103,371.529289708584,2.77990705832596
100.718461432024,485.746211882141,4.27289509179934
623.00718189784,89.9967039767865,4.13740043707279
424.126355750481,256.950946127808,3.695850006623
13.6804330051397,183.592095197712,3.19441088778701
66.4682311551131,115.125527515776,4.39102056532754
597.690921715261,206.005978746142,4.01639948430654
252.452717728755,214.553628863045,3.79890114480669
568.626475623598,441.486326766106,3.86131915341735
299.582526596504,139.124874481609,3.84186259358574
536.247542016566,454.561610203373,3.58125282420111
45.2775170404545,419.50687764706,4.01431215967971
186.234187873019,287.110506566346,4.36429449768866
555.0865915011,259.795806561549,3.84907819911556
162.433305665471,25.0546787853367,4.49674616337819
496.276898810574,350.105666397859,4.41662350955614
39.851309662125,57.9496660406205,4.00561743422858
526.226465584531,150.371452637523,4.85977295002656
NA,NA,NA
661.12357869339,331.80006221576,3.47807689090256
455.290158128417,302.831738076066,3.44167031777256
8.07503967212805,490.169450431838,3.61805589760967
557.587452633207,51.1359646439523,4.12061732092904
72.7070824360093,379.529975908186,3.90520655968459
228.430702201875,412.218323890423,3.92854965964274
430.296481224753,14.3074173230794,3.52658500787336
361.57075438832,292.083863150236,3.20063493409317
599.300891282976,98.6415399744102,4.32639601848232
393.563365789767,230.341430298479,4.23269662638237
569.048649097913,406.04669119876,4.6826493857017
137.472103608055,282.651583061254,4.66320653288361
197.812929596609,374.302339257605,4.04447492335543
127.342204617562,415.195535748826,3.37145916706255
637.570676888619,312.06950832151,4.67068136017246
-4.50795083858921,148.415527625883,4.28476221362313
541.423260177807,203.691660061337,4.19875221854067
34.390282712629,492.921746614671,3.0139089084249
279.071767503536,26.8394925159506,3.98506347863506
533.2826481272,391.725665761154,3.4375061121695
70.9773659169475,74.5468898362708,5.23169216245752
6.26062750667254,79.1079070278908,3.42360098017845
588.52246061273,226.342583000399,4.07808292751418
441.065904602247,454.66688703696,4.6894871469753
657.286323503103,371.529289708584,2.77990705832596
100.718461432024,485.746211882141,4.27289509179934
623.00718189784,89.9967039767865,4.13740043707279
424.126355750481,256.950946127808,3.695850006623
13.6804330051397,183.592095197712,3.19441088778701
66.4682311551131,115.125527515776,4.39102056532754
597.690921715261,206.005978746142,4.01639948430654
252.452717728755,214.553628863045,3.79890114480669
568.626475623598,441.486326766106,3.86131915341735
299.582526596504,139.124874481609,3.84186259358574
536.247542016566,454.561610203373,3.58125282420111
45.2775170404545,419.50687764706,4.01431215967971
186.234187873019,287.110506566346,4.36429449768866
555.0865915011,259.795806561549,3.84907819911556
162.433305665471,25.0546787853367,4.49674616337819
496.276898810574,350.105666397859,4.41662350955614
39.851309662125,57.9496660406205,4.00561743422858
526.226465584531,150.371452637523,4.85977295002656
NA,NA,NA
661.12357869339,331.80006221576,3.47807689090256
455.290158128417,302.831738076066,3.44167031777256
8.07503967212805,490.169450431838,3.61805589760967
557.587452633207,51.1359646439523,4.12061732092904
72.7070824360093,379.529975908186,3.90520655968459
228.430702201875,412.218323890423,3.92854965964274
430.296481224753,14.3074173230794,3.52658500787336
361.57075438832,292.083863150236,3.20063493409317
599.300891282976,98.6415399744102,4.32639601848232
393.563365789767,230.341430298479,4.23269662638237
569.048649097913,406.04669119876,4.6826493857017
137.472103608055,282.651583061254,4.66320653288361
197.812929596609,374.302339257605,4.04447492335543
127.342204617562,415.195535748826,3.37145916706255
637.570676888619,312.06950832151,4.67068136017246
-4.50795083858921,148.415527625883,4.28476221362313
541.423260177807,203.691660061337,4.19875221854067
34.390282712629,492.921746614671,3.0139089084249
279.071767503536,26.8394925159506,3.98506347863506
533.2826481272,391.725665761154,3.4375061121695
70.9773659169475,74.5468898362708,5.23169216245752
6.26062750667254,79.1079070278908,3.42360098017845
588.52246061273,226.342583000399,4.07808292751418
441.065904602247,454.66688703696,4.6894871469753
657.286323503103,371.529289708584,2.77990705832596
100.718461432024,485.746211882141,4.27289509179934
623.00718189784,89.9967039767865,4.13740043707279
424.126355750481,256.950946127808,3.695850006623
13.6804330051397,183.592095197712,3.19441088778701
66.4682311551131,115.125527515776,4.39102056532754
597.690921715261,206.005978746142,4.01639948430654
252.452717728755,214.553628863045,3.79890114480669
568.626475623598,441.486326766106,3.86131915341735
299.582526596504,139.124874481609,3.84186259358574
536.247542016566,454.561610203373,3.58125282420111
45.2775170404545,419.50687764706,4.01431215967971
186.234187873019,287.110506566346,4.36429449768866
555.0865915011,259.795806561549,3.84907819911556
162.433305665471,25.0546787853367,4.49674616337819
496.276898810574,350.105666397859,4.41662350955614
39.851309662125,57.9496660406205,4.00561743422858
526.226465584531,150.371452637523,4.85977295002656
NA,NA,NA
661.12357869339,331.80006221576,3.47807689090256
455.290158128417,302.831738076066,3.44167031777256
8.07503967212805,490.169450431838,3.61805589760967
557.587452633207,51.1359646439523,4.12061732092904
72.7070824360093,379.529975908186,3.90520655968459
228.430702201875,412.218323890423,3.92854965964274
430.296481224753,14.3074173230794,3.52658500787336
361.57075438832,292.083863150236,3.20063493409317
599.300891282976,98.6415399744102,4.32639601848232
393.563365789767,230.341430298479,4.23269662638237
569.048649097913,406.04669119876,4.6826493857017
137.472103608055,282.651583061254,4.66320653288361
197.812929596609,374.302339257605,4.04447492335543
127.342204617562,415.195535748826,3.37145916706255
637.570676888619,312.06950832151,4.67068136017246
-4.50795083858921,148.415527625883,4.28476221362313
541.423260177807,203.691660061337,4.19875221854067
34.390282712629,492.921746614671,3.0139089084249
279.071767503536,26.8394925159506,3.98506347863506
533.2826481272,391.725665761154,3.4375061121695
70.9773659169475,74.5468898362708,5.23169216245752
6.26062750667254,79.1079070278908,3.42360098017845
588.52246061273,226.342583000399,4.07808292751418
441.065904602247,454.66688703696,4.6894871469753
657.286323503103,371.529289708584,2.77990705832596
100.718461432024,485.746211882141,4.27289509179934
623.00718189784,89.9967039767865,4.13740043707279
424.126355750481,256.950946127808,3.695850006623
13.6804330051397,183.592095197712,3.19441088778701
66.4682311551131,115.125527515776,4.39102056532754
597.690921715261,206.005978746142,4.01639948430654
252.452717728755,214.553628863045,3.79890114480669
568.626475623598,441.486326766106,3.86131915341735
299.582526596504,139.124874481609,3.84186259358574
536.247542016566,454.561610203373,3.58125282420111
45.2775170404545,419.50687764706,4.01431215967971
186.234187873019,287.110506566346,4.36429449768866
555.0865915011,259.795806561549,3.84907819911556
162.433305665471,25.0546787853367,4.49674616337819
496.276898810574,350.105666397859,4.41662350955614
39.851309662125,57.9496660406205,4.00561743422858
526.226465584531,150.371452637523,4.85977295002656
NA,NA,NA
661.12357869339,331.80006221576,3.47807689090256
455.290158128417,302.831738076066,3.44167031777256
8.07503967212805,490.169450431838,3.61805589760967
557.587452633207,51.1359646439523,4.12061732092904
72.7070824360093,379.529975908186,3.90520655968459
228.430702201875,412.218323890423,3.92854965964274
430.296481224753,14.3074173230794,3.52658500787336
361.57075438832,292.083863150236,3.20063493409317
599.300891282976,98.6415399744102,4.32639601848232
393.563365789767,230.341430298479,4.23269662638237
569.048649097913,406.04669119876,4.6826493857017
137.472103608055,282.651583061254,4.66320653288361
197.812929596609,374.302339257605,4.04447492335543
127.342204617562,415.195535748826,3.37145916706255
637.570676888619,312.06950832151,4.67068136017246
-4.50795083858921,148.415527625883,4.28476221362313
541.423260177807,203.691660061337,4.19875221854067
34.390282712629,492.921746614671,3.0139089084249
279.071767503536,26.8394925159506,3.98506347863506
533.2826481272,391.725665761154,3.4375061121695
70.9773659169475,74.5468898362708,5.23169216245752
6.26062750667254,79.1079070278908,3.42360098017845
588.52246061273,226.342583000399,4.07808292751418
441.065904602247,454.66688703696,4.6894871469753
657.286323503103,371.529289708584,2.77990705832596
100.718461432024,485.746211882141,4.27289509179934
623.00718189784,89.9967039767865,4.13740043707279
424.126355750481,256.950946127808,3.695850006623
13.6804330051397,183.592095197712,3.19441088778701
66.4682311551131,115.125527515776,4.39102056532754
597.690921715261,206.005978746142,4.01639948430654
252.452717728755,214.553628863045,3.79890114480669
568.626475623598,441.486326766106,3.86131915341735
299.582526596504,139.124874481609,3.84186259358574
536.247542016566,454.561610203373,3.58125282420111
45.2775170404545,419.50687764706,4.01431215967971
186.234187873019,287.110506566346,4.36429449768866
555.0865915011,259.795806561549,3.84907819911556
162.433305665471,25.0546787853367,4.49674616337819
496.276898810574,350.105666397859,4.41662350955614
39.851309662125,57.9496660406205,4.00561743422858
526.226465584531,150.371452637523,4.85977295002656
NA,NA,NA
658.21084359804,333.52943876283,3.50538129611862
458.96960391596,298.072004532278,3.72567465246183
14.908720446347,496.27680905651,3.59153052796681
558.649872562115,52.1797412071472,4.0826240446876
71.3329959772556,376.363029395147,4.04113575334879
230.257091098187,409.711793816177,3.88410302107409
425.945678642745,13.3676230390041,3.52184774063744
363.501751102265,293.457690710797,3.14526926627589
602.368836031269,103.760669253322,4.25826732328212
392.768434717721,225.162195402553,4.05149581962524
566.021671789103,406.874228594749,4.70287306615339
137.796021037268,284.708484605141,4.52315308077107
198.059903988453,367.188726773776,3.99328037771707
126.603433076935,412.986189754725,3.43737501620817
625.862404831973,312.866367888721,4.44232669383546
2.16750496527599,155.545200779068,4.22252109050381
546.560894106785,205.069220609228,4.07900739695599
33.9324691803532,491.457868455912,2.99905864590495
283.156214205052,21.4284676360311,3.84276725361378
531.535396888826,391.534990553688,3.4004207129831
73.3988258835813,74.8187571298409,5.11381499842488
2.81325506215512,76.9966276721972,3.4960573383583
589.0950952715,228.069968330554,4.00556151150005
442.866173289227,456.295783327592,4.81007086998924
658.476859373567,373.712024166254,2.89240752207472
108.210355178815,489.031975920291,4.41515777339679
625.161719704178,89.9387229713136,4.07439954880967
425.241534797269,257.140229470427,3.5313200204233
10.5253474740954,181.021370824543,3.23749055269966
53.2704699889301,116.410586084835,4.52937985189083
613.656585240794,209.750954816478,4.06743839361434
256.65805299178,215.39537215274,4.38546341287871
569.620822171203,430.826160105356,3.85298230330148
295.414420729583,132.728944394172,3.92306225573286
527.887574798765,460.694021690621,3.44738076082104
42.3863816238418,433.927244140479,3.84654857715584
205.693172544459,284.418349590128,4.03928339354048
548.450306109499,254.331590611112,3.87049802113575
180.054175487293,28.7781203858082,4.37381314474142
504.160726442145,343.947582786337,4.6446023422055
37.3318059391667,57.1090450091308,3.78827330448263
524.329280006173,158.439375437169,4.45633525440395
NA,NA,NA
658.21084359804,333.52943876283,3.50538129611862
458.96960391596,298.072004532278,3.72567465246183
14.908720446347,496.27680905651,3.59153052796681
558.649872562115,52.1797412071472,4.0826240446876
71.3329959772556,376.363029395147,4.04113575334879
230.257091098187,409.711793816177,3.88410302107409
425.945678642745,13.3676230390041,3.52184774063744
363.501751102265,293.457690710797,3.14526926627589
602.368836031269,103.760669253322,4.25826732328212
392.768434717721,225.162195402553,4.05149581962524
566.021671789103,406.874228594749,4.70287306615339
137.796021037268,284.708484605141,4.52315308077107
198.059903988453,367.188726773776,3.99328037771707
126.603433076935,412.986189754725,3.43737501620817
625.862404831973,312.866367888721,4.44232669383546
2.16750496527599,155.545200779068,4.22252109050381
546.560894106785,205.069220609228,4.07900739695599
33.9324691803532,491.457868455912,2.99905864590495
283.156214205052,21.4284676360311,3.84276725361378
531.535396888826,391.534990553688,3.4004207129831
73.3988258835813,74.8187571298409,5.11381499842488
2.81325506215512,76.9966276721972,3.4960573383583
589.0950952715,228.069968330554,4.00556151150005
442.866173289227,456.295783327592,4.81007086998924
658.476859373567,373.712024166254,2.89240752207472
108.210355178815,489.031975920291,4.41515777339679
625.161719704178,89.9387229713136,4.07439954880967
425.241534797269,257.140229470427,3.5313200204233
10.5253474740954,181.021370824543,3.23749055269966
53.2704699889301,116.410586084835,4.52937985189083
613.656585240794,209.750954816478,4.06743839361434
256.65805299178,215.39537215274,4.38546341287871
569.620822171203,430.826160105356,3.85298230330148
295.414420729583,132.728944394172,3.92306225573286
527.887574798765,460.694021690621,3.44738076082104
42.3863816238418,433.927244140479,3.84654857715584
205.693172544459,284.418349590128,4.03928339354048
548.450306109499,254.331590611112,3.87049802113575
180.054175487293,28.7781203858082,4.37381314474142
504.160726442145,343.947582786337,4.6446023422055
37.3318059391667,57.1090450091308,3.78827330448263
524.329280006173,158.439375437169,4.45633525440395
NA,NA,NA
658.21084359804,333.52943876283,3.50538129611862
458.96960391596,298.072004532278,3.72567465246183
14.908720446347,496.27680905651,3.59153052796681
558.649872562115,52.1797412071472,4.0826240446876
71.3329959772556,376.363029395147,4.04113575334879
230.257091098187,409.711793816177,3.88410302107409
425.945678642745,13.3676230390041,3.52184774063744
363.501751102265,293.457690710797,3.14526926627589
602.368836031269,103.760669253322,4.25826732328212
392.768434717721,225.162195402553,4.05149581962524
566.021671789103,406.874228594749,4.70287306615339
137.796021037268,284.708484605141,4.52315308077107
198.059903988453,367.188726773776,3.99328037771707
126.603433076935,412.986189754725,3.43737501620817
625.862404831973,312.866367888721,4.44232669383546
2.16750496527599,155.545200779068,4.22252109050381
546.560894106785,205.069220609228,4.07900739695599
33.9324691803532,491.457868455912,2.99905864590495
283.156214205052,21.4284676360311,3.84276725361378
531.535396888826,391.534990553688,3.4004207129831
73.3988258835813,74.8187571298409,5.11381499842488
2.81325506215512,76.9966276721972,3.4960573383583
589.0950952715,228.069968330554,4.00556151150005
442.866173289227,456.295783327592,4.81007086998924
658.476859373567,373.712024166254,2.89240752207472
108.210355178815,489.031975920291,4.41515777339679
625.161719704178,89.9387229713136,4.07439954880967
425.241534797269,257.140229470427,3.5313200204233
10.5253474740954,181.021370824543,3.23749055269966
53.2704699889301,116.410586084835,4.52937985189083
613.656585240794,209.750954816478,4.06743839361434
256.65805299178,215.39537215274,4.38546341287871
569.620822171203,430.826160105356,3.85298230330148
295.414420729583,132.728944394172,3.92306225573286
527.887574798765,460.694021690621,3.44738076082104
42.3863816238418,433.927244140479,3.84654857715584
205.693172544459,284.418349590128,4.03928339354048
548.450306109499,254.331590611112,3.87049802113575
180.054175487293,28.7781203858082,4.37381314474142
504.160726442145,343.947582786337,4.6446023422055
37.3318059391667,57.1090450091308,3.78827330448263
524.329280006173,158.439375437169,4.45633525440395
NA,NA,NA
658.21084359804,333.52943876283,3.50538129611862
458.96960391596,298.072004532278,3.72567465246183
14.908720446347,496.27680905651,3.59153052796681
558.649872562115,52.1797412071472,4.0826240446876
71.3329959772556,376.363029395147,4.04113575334879
230.257091098187,409.711793816177,3.88410302107409
425.945678642745,13.3676230390041,3.52184774063744
363.501751102265,293.457690710797,3.14526926627589
602.368836031269,103.760669253322,4.25826732328212
392.768434717721,225.162195402553,4.05149581962524
566.021671789103,406.874228594749,4.70287306615339
137.796021037268,284.708484605141,4.52315308077107
198.059903988453,367.188726773776,3.99328037771707
126.603433076935,412.986189754725,3.43737501620817
625.862404831973,312.866367888721,4.44232669383546
2.16750496527599,155.545200779068,4.22252109050381
546.560894106785,205.069220609228,4.07900739695599
33.9324691803532,491.457868455912,2.99905864590495
283.156214205052,21.4284676360311,3.84276725361378
531.535396888826,391.534990553688,3.4004207129831
73.3988258835813,74.8187571298409,5.11381499842488
2.81325506215512,76.9966276721972,3.4960573383583
589.0950952715,228.069968330554,4.00556151150005
442.866173289227,456.295783327592,4.81007086998924
658.476859373567,373.712024166254,2.89240752207472
108.210355178815,489.031975920291,4.41515777339679
625.161719704178,89.9387229713136,4.07439954880967
425.241534797269,257.140229470427,3.5313200204233
10.5253474740954,181.021370824543,3.23749055269966
53.2704699889301,116.410586084835,4.52937985189083
613.656585240794,209.750954816478,4.06743839361434
256.65805299178,215.39537215274,4.38546341287871
569.620822171203,430.826160105356,3.85298230330148
295.414420729583,132.728944394172,3.92306225573286
527.887574798765,460.694021690621,3.44738076082104
42.3863816238418,433.927244140479,3.84654857715584
205.693172544459,284.418349590128,4.03928339354048
548.450306109499,254.331590611112,3.87049802113575
180.054175487293,28.7781203858082,4.37381314474142
504.160726442145,343.947582786337,4.6446023422055
37.3318059391667,57.1090450091308,3.78827330448263
524.329280006173,158.439375437169,4.45633525440395
NA,NA,NA
658.21084359804,333.52943876283,3.50538129611862
458.96960391596,298.072004532278,3.72567465246183
14.908720446347,496.27680905651,3.59153052796681
558.649872562115,52.1797412071472,4.0826240446876
71.3329959772556,376.363029395147,4.04113575334879
230.257091098187,409.711793816177,3.88410302107409
425.945678642745,13.3676230390041,3.52184774063744
363.501751102265,293.457690710797,3.14526926627589
602.368836031269,103.760669253322,4.25826732328212
392.768434717721,225.162195402553,4.05149581962524
566.021671789103,406.874228594749,4.70287306615339
137.796021037268,284.708484605141,4.52315308077107
198.059903988453,367.188726773776,3.99328037771707
126.603433076935,412.986189754725,3.43737501620817
625.862404831973,312.866367888721,4.44232669383546
2.16750496527599,155.545200779068,4.22252109050381
546.560894106785,205.069220609228,4.07900739695599
33.9324691803532,491.457868455912,2.99905864590495
283.156214205052,21.4284676360311,3.84276725361378
531.535396888826,391.534990553688,3.4004207129831
73.3988258835813,74.8187571298409,5.11381499842488
2.81325506215512,76.9966276721972,3.4960573383583
589.0950952715,228.069968330554,4.00556151150005
442.866173289227,456.295783327592,4.81007086998924
658.476859373567,373.712024166254,2.89240752207472
108.210355178815,489.031975920291,4.41515777339679
625.161719704178,89.9387229713136,4.07439954880967
425.241534797269,257.140229470427,3.5313200204233
10.5253474740954,181.021370824543,3.23749055269966
53.2704699889301,116.410586084835,4.52937985189083
613.656585240794,209.750954816478,4.06743839361434
256.65805299178,215.39537215274,4.38546341287871
569.620822171203,430.826160105356,3.85298230330148
295.414420729583,132.728944394172,3.92306225573286
527.887574798765,460.694021690621,3.44738076082104
42.3863816238418,433.927244140479,3.84654857715584
205.693172544459,284.418349590128,4.03928339354048
548.450306109499,254.331590611112,3.87049802113575
180.054175487293,28.7781203858082,4.37381314474142
504.160726442145,343.947582786337,4.6446023422055
37.3318059391667,57.1090450091308,3.78827330448263
524.329280006173,158.439375437169,4.45633525440395
NA,NA,NA
658.21084359804,333.52943876283,3.50538129611862
458.96960391596,298.072004532278,3.72567465246183
14.908720446347,496.27680905651,3.59153052796681
558.649872562115,52.1797412071472,4.0826240446876
71.3329959772556,376.363029395147,4.04113575334879
230.257091098187,409.711793816177,3.88410302107409
425.945678642745,13.3676230390041,3.52184774063744
363.501751102265,293.457690710797,3.14526926627589
602.368836031269,103.760669253322,4.25826732328212
392.768434717721,225.162195402553,4.05149581962524
566.021671789103,406.874228594749,4.70287306615339
137.796021037268,284.708484605141,4.52315308077107
198.059903988453,367.188726773776,3.99328037771707
126.603433076935,412.986189754725,3.43737501620817
625.862404831973,312.866367888721,4.44232669383546
2.16750496527599,155.545200779068,4.22252109050381
546.560894106785,205.069220609228,4.07900739695599
33.9324691803532,491.457868455912,2.99905864590495
283.156214205052,21.4284676360311,3.84276725361378
531.535396888826,391.534990553688,3.4004207129831
73.3988258835813,74.8187571298409,5.11381499842488
2.81325506215512,76.9966276721972,3.4960573383583
589.0950952715,228.069968330554,4.00556151150005
442.866173289227,456.295783327592,4.81007086998924
658.476859373567,373.712024166254,2.89240752207472
108.210355178815,489.031975920291,4.41515777339679
625.161719704178,89.9387229713136,4.07439954880967
425.241534797269,257.140229470427,3.5313200204233
10.5253474740954,181.021370824543,3.23749055269966
53.2704699889301,116.410586084835,4.52937985189083
613.656585240794,209.750954816478,4.06743839361434
256.65805299178,215.39537215274,4.38546341287871
569.620822171203,430.826160105356,3.85298230330148
295.414420729583,132.728944394172,3.92306225573286
527.887574798765,460.694021690621,3.44738076082104
42.3863816238418,433.927244140479,3.84654857715584
205.693172544459,284.418349590128,4.03928339354048
548.450306109499,254.331590611112,3.87049802113575
180.054175487293,28.7781203858082,4.37381314474142
504.160726442145,343.947582786337,4.6446023422055
37.3318059391667,57.1090450091308,3.78827330448263
524.329280006173,158.439375437169,4.45633525440395
NA,NA,NA
658.601899747841,334.552307517129,3.5148400934973
457.007901867666,297.220492178567,3.65266900515991
3.79090311496193,496.841155377337,3.59882137025165
561.836549939258,54.6220475771516,4.22557155569638
75.5753492140823,376.899923836975,3.86156739775075
226.952541017972,410.654279540981,3.982097661326
430.040472795737,13.3850942741194,3.28810574361889
364.536973304018,291.925670637637,3.10935039043172
602.226507892925,102.117317972469,4.25079966108093
393.860165599542,228.612694990292,4.23959141814032
570.519521857565,406.409363913073,4.73050869203943
144.635149253422,278.984050593713,4.48593601184231
201.907254637805,370.397116452537,4.11843630971983
123.582129266979,409.979722398059,3.42913575347855
626.131531084187,315.552839547158,4.62157954723906
-0.497985874055632,142.999638049794,4.24995154142687
537.162667938736,200.7225766922,4.0296040781987
33.8591977805139,492.728924560996,3.09891279264303
277.559669968388,25.2022988864504,4.06735686831155
530.206421776605,393.665455331382,3.52039160140177
80.2125991261677,79.197792097624,5.16061356265043
7.45676167587418,78.0017686363562,3.43917244037277
586.579224230869,226.112031363118,3.99561005101162
441.11986233632,463.182266082938,4.84555231555257
659.15718969486,372.788366426017,3.11072522880497
103.250366523887,486.462028284671,4.35400875412825
622.016294996835,91.5599322589186,4.0406188622095
420.998192420348,257.440412008729,3.51909186321513
10.7458222821249,183.403243157921,3.09484179012904
75.2954229753205,111.025026494039,4.45011785728597
604.315410125171,204.660452329386,4.11470309901244
259.547130202624,223.56097301899,3.33618860076149
567.450051708418,433.887175890505,3.91631279094618
301.735218274925,133.735826797364,3.83798088120044
533.677277845906,460.507314276256,3.09543968238249
48.3579045798828,412.283145356169,3.72726255052366
201.748863969247,287.743978119578,4.06317354153507
539.355770041095,263.94532280817,3.39907654445682
164.093433434953,26.4589027438968,4.35991383484462
500.372952787837,355.124918722723,4.57118412276674
41.3986097014283,60.8227297378025,4.14125766207265
544.006235710014,163.526120111078,4.88809997212989
NA,NA,NA
658.601899747841,334.552307517129,3.5148400934973
457.007901867666,297.220492178567,3.65266900515991
3.79090311496193,496.841155377337,3.59882137025165
561.836549939258,54.6220475771516,4.22557155569638
75.5753492140823,376.899923836975,3.86156739775075
226.952541017972,410.654279540981,3.982097661326
430.040472795737,13.3850942741194,3.28810574361889
364.536973304018,291.925670637637,3.10935039043172
602.226507892925,102.117317972469,4.25079966108093
393.860165599542,228.612694990292,4.23959141814032
570.519521857565,406.409363913073,4.73050869203943
144.635149253422,278.984050593713,4.48593601184231
201.907254637805,370.397116452537,4.11843630971983
123.582129266979,409.979722398059,3.42913575347855
626.131531084187,315.552839547158,4.62157954723906
-0.497985874055632,142.999638049794,4.24995154142687
537.162667938736,200.7225766922,4.0296040781987
33.8591977805139,492.728924560996,3.09891279264303
277.559669968388,25.2022988864504,4.06735686831155
530.206421776605,393.665455331382,3.52039160140177
80.2125991261677,79.197792097624,5.16061356265043
7.45676167587418,78.0017686363562,3.43917244037277
586.579224230869,226.112031363118,3.99561005101162
441.11986233632,463.182266082938,4.84555231555257
659.15718969486,372.788366426017,3.11072522880497
103.250366523887,486.462028284671,4.35400875412825
622.016294996835,91.5599322589186,4.0406188622095
420.998192420348,257.440412008729,3.51909186321513
10.7458222821249,183.403243157921,3.09484179012904
75.2954229753205,111.025026494039,4.45011785728597
604.315410125171,204.660452329386,4.11470309901244
259.547130202624,223.56097301899,3.33618860076149
567.450051708418,433.887175890505,3.91631279094618
301.735218274925,133.735826797364,3.83798088120044
533.677277845906,460.507314276256,3.09543968238249
48.3579045798828,412.283145356169,3.72726255052366
201.748863969247,287.743978119578,4.06317354153507
539.355770041095,263.94532280817,3.39907654445682
164.093433434953,26.4589027438968,4.35991383484462
500.372952787837,355.124918722723,4.57118412276674
41.3986097014283,60.8227297378025,4.14125766207265
544.006235710014,163.526120111078,4.88809997212989
NA,NA,NA
658.601899747841,334.552307517129,3.5148400934973
457.007901867666,297.220492178567,3.65266900515991
3.79090311496193,496.841155377337,3.59882137025165
561.836549939258,54.6220475771516,4.22557155569638
75.5753492140823,376.899923836975,3.86156739775075
226.952541017972,410.654279540981,3.982097661326
430.040472795737,13.3850942741194,3.28810574361889
364.536973304018,291.925670637637,3.10935039043172
602.226507892925,102.117317972469,4.25079966108093
393.860165599542,228.612694990292,4.23959141814032
570.519521857565,406.409363913073,4.73050869203943
144.635149253422,278.984050593713,4.48593601184231
201.907254637805,370.397116452537,4.11843630971983
123.582129266979,409.979722398059,3.42913575347855
626.131531084187,315.552839547158,4.62157954723906
-0.497985874055632,142.999638049794,4.24995154142687
537.162667938736,200.7225766922,4.0296040781987
33.8591977805139,492.728924560996,3.09891279264303
277.559669968388,25.2022988864504,4.06735686831155
530.206421776605,393.665455331382,3.52039160140177
80.2125991261677,79.197792097624,5.16061356265043
7.45676167587418,78.0017686363562,3.43917244037277
586.579224230869,226.112031363118,3.99561005101162
441.11986233632,463.182266082938,4.84555231555257
659.15718969486,372.788366426017,3.11072522880497
103.250366523887,486.462028284671,4.35400875412825
622.016294996835,91.5599322589186,4.0406188622095
420.998192420348,257.440412008729,3.51909186321513
10.7458222821249,183.403243157921,3.09484179012904
75.2954229753205,111.025026494039,4.45011785728597
604.315410125171,204.660452329386,4.11470309901244
259.547130202624,223.56097301899,3.33618860076149
567.450051708418,433.887175890505,3.91631279094618
301.735218274925,133.735826797364,3.83798088120044
533.677277845906,460.507314276256,3.09543968238249
48.3579045798828,412.283145356169,3.72726255052366
201.748863969247,287.743978119578,4.06317354153507
539.355770041095,263.94532280817,3.39907654445682
164.093433434953,26.4589027438968,4.35991383484462
500.372952787837,355.124918722723,4.57118412276674
41.3986097014283,60.8227297378025,4.14125766207265
544.006235710014,163.526120111078,4.88809997212989
NA,NA,NA
658.601899747841,334.552307517129,3.5148400934973
457.007901867666,297.220492178567,3.65266900515991
3.79090311496193,496.841155377337,3.59882137025165
561.836549939258,54.6220475771516,4.22557155569638
75.5753492140823,376.899923836975,3.86156739775075
226.952541017972,410.654279540981,3.982097661326
430.040472795737,13.3850942741194,3.28810574361889
364.536973304018,291.925670637637,3.10935039043172
602.226507892925,102.117317972469,4.25079966108093
393.860165599542,228.612694990292,4.23959141814032
570.519521857565,406.409363913073,4.73050869203943
144.635149253422,278.984050593713,4.48593601184231
201.907254637805,370.397116452537,4.11843630971983
123.582129266979,409.979722398059,3.42913575347855
626.131531084187,315.552839547158,4.62157954723906
-0.497985874055632,142.999638049794,4.24995154142687
537.162667938736,200.7225766922,4.0296040781987
33.8591977805139,492.728924560996,3.09891279264303
277.559669968388,25.2022988864504,4.06735686831155
530.206421776605,393.665455331382,3.52039160140177
80.2125991261677,79.197792097624,5.16061356265043
7.45676167587418,78.0017686363562,3.43917244037277
586.579224230869,226.112031363118,3.99561005101162
441.11986233632,463.182266082938,4.84555231555257
659.15718969486,372.788366426017,3.11072522880497
103.250366523887,486.462028284671,4.35400875412825
622.016294996835,91.5599322589186,4.0406188622095
420.998192420348,257.440412008729,3.51909186321513
10.7458222821249,183.403243157921,3.09484179012904
75.2954229753205,111.025026494039,4.45011785728597
604.315410125171,204.660452329386,4.11470309901244
259.547130202624,223.56097301899,3.33618860076149
567.450051708418,433.887175890505,3.91631279094618
301.735218274925,133.735826797364,3.83798088120044
533.677277845906,460.507314276256,3.09543968238249
48.3579045798828,412.283145356169,3.72726255052366
201.748863969247,287.743978119578,4.06317354153507
539.355770041095,263.94532280817,3.39907654445682
164.093433434953,26.4589027438968,4.35991383484462
500.372952787837,355.124918722723,4.57118412276674
41.3986097014283,60.8227297378025,4.14125766207265
544.006235710014,163.526120111078,4.88809997212989
NA,NA,NA
658.601899747841,334.552307517129,3.5148400934973
457.007901867666,297.220492178567,3.65266900515991
3.79090311496193,496.841155377337,3.59882137025165
561.836549939258,54.6220475771516,4.22557155569638
75.5753492140823,376.899923836975,3.86156739775075
226.952541017972,410.654279540981,3.982097661326
430.040472795737,13.3850942741194,3.28810574361889
364.536973304018,291.925670637637,3.10935039043172
602.226507892925,102.117317972469,4.25079966108093
393.860165599542,228.612694990292,4.23959141814032
570.519521857565,406.409363913073,4.73050869203943
144.635149253422,278.984050593713,4.48593601184231
201.907254637805,370.397116452537,4.11843630971983
123.582129266979,409.979722398059,3.42913575347855
626.131531084187,315.552839547158,4.62157954723906
-0.497985874055632,142.999638049794,4.24995154142687
537.162667938736,200.7225766922,4.0296040781987
33.8591977805139,492.728924560996,3.09891279264303
277.559669968388,25.2022988864504,4.06735686831155
530.206421776605,393.665455331382,3.52039160140177
80.2125991261677,79.197792097624,5.16061356265043
7.45676167587418,78.0017686363562,3.43917244037277
586.579224230869,226.112031363118,3.99561005101162
441.11986233632,463.182266082938,4.84555231555257
659.15718969486,372.788366426017,3.11072522880497
103.250366523887,486.462028284671,4.35400875412825
622.016294996835,91.5599322589186,4.0406188622095
420.998192420348,257.440412008729,3.51909186321513
10.7458222821249,183.403243157921,3.09484179012904
75.2954229753205,111.025026494039,4.45011785728597
604.315410125171,204.660452329386,4.11470309901244
259.547130202624,223.56097301899,3.33618860076149
567.450051708418,433.887175890505,3.91631279094618
301.735218274925,133.735826797364,3.83798088120044
533.677277845906,460.507314276256,3.09543968238249
48.3579045798828,412.283145356169,3.72726255052366
201.748863969247,287.743978119578,4.06317354153507
539.355770041095,263.94532280817,3.39907654445682
164.093433434953,26.4589027438968,4.35991383484462
500.372952787837,355.124918722723,4.57118412276674
41.3986097014283,60.8227297378025,4.14125766207265
544.006235710014,163.526120111078,4.88809997212989
NA,NA,NA
658.601899747841,334.552307517129,3.5148400934973
457.007901867666,297.220492178567,3.65266900515991
3.79090311496193,496.841155377337,3.59882137025165
561.836549939258,54.6220475771516,4.22557155569638
75.5753492140823,376.899923836975,3.86156739775075
226.952541017972,410.654279540981,3.982097661326
430.040472795737,13.3850942741194,3.28810574361889
364.536973304018,291.925670637637,3.10935039043172
602.226507892925,102.117317972469,4.25079966108093
393.860165599542,228.612694990292,4.23959141814032
570.519521857565,406.409363913073,4.73050869203943
144.635149253422,278.984050593713,4.48593601184231
201.907254637805,370.397116452537,4.11843630971983
123.582129266979,409.979722398059,3.42913575347855
626.131531084187,315.552839547158,4.62157954723906
-0.497985874055632,142.999638049794,4.24995154142687
537.162667938736,200.7225766922,4.0296040781987
33.8591977805139,492.728924560996,3.09891279264303
277.559669968388,25.2022988864504,4.06735686831155
530.206421776605,393.665455331382,3.52039160140177
80.2125991261677,79.197792097624,5.16061356265043
7.45676167587418,78.0017686363562,3.43917244037277
586.579224230869,226.112031363118,3.99561005101162
441.11986233632,463.182266082938,4.84555231555257
659.15718969486,372.788366426017,3.11072522880497
103.250366523887,486.462028284671,4.35400875412825
622.016294996835,91.5599322589186,4.0406188622095
420.998192420348,257.440412008729,3.51909186321513
10.7458222821249,183.403243157921,3.09484179012904
75.2954229753205,111.025026494039,4.45011785728597
604.315410125171,204.660452329386,4.11470309901244
259.547130202624,223.56097301899,3.33618860076149
567.450051708418,433.887175890505,3.91631279094618
301.735218274925,133.735826797364,3.83798088120044
533.677277845906,460.507314276256,3.09543968238249
48.3579045798828,412.283145356169,3.72726255052366
201.748863969247,287.743978119578,4.06317354153507
539.355770041095,263.94532280817,3.39907654445682
164.093433434953,26.4589027438968,4.35991383484462
500.372952787837,355.124918722723,4.57118412276674
41.3986097014283,60.8227297378025,4.14125766207265
544.006235710014,163.526120111078,4.88809997212989
NA,NA,NA
661.192691459257,331.191732977162,3.53985307118995
453.241728883937,296.472116924492,3.62033316207316
11.1196925883788,493.77002352216,3.72041433749175
555.31728762988,49.2784736626615,4.16461656167176
70.3036757938319,371.453464331187,4.00480774778357
229.544387524712,410.37671488213,3.87785906558745
427.335563950107,13.7344750839672,3.3701639685244
361.943514806846,292.887834333111,3.12453778576196
604.997634578239,106.654170483217,4.24539566202415
395.393866507144,228.676896624311,4.28839658619985
567.166329794434,408.759629416363,4.72234035165785
135.562340717877,284.887595351704,4.66282413620747
198.668153504124,370.768187742848,4.05475451814074
128.141625545149,407.265122209425,3.46374252571647
630.167564180104,312.3940273552,4.44007696184726
-0.342367125903756,144.291523559644,4.23891075399113
542.678756444404,199.878260800751,4.25759767816338
32.580456250202,492.193303532111,3.01510333419647
278.203943308807,22.6225893062094,3.8811409544537
534.406560882208,389.99283408172,3.34729668923618
73.0348514716124,71.4105838569768,5.18907549407633
2.14564656982299,73.5928326911779,3.50218295870957
587.690940472174,225.807201996389,3.99321263719373
437.625748540499,460.647338793661,4.81735518550407
658.956751089755,371.470871238631,2.96884271554994
102.699594778853,482.758875153993,4.36592391187476
630.490929318479,92.0625660041405,4.09261316387556
421.630841397463,260.074764100908,3.54375417439157
10.1082461560596,184.141155021163,3.31771646090832
81.347924232775,115.725903845897,4.47311791832851
617.764905836787,209.627758280554,4.04628993700136
255.244986481637,234.660337678791,3.70042630002292
572.797147488144,436.800681725519,3.78463581679992
300.245826095107,140.727858397158,3.89739165139536
525.496830318869,460.918287076734,3.83932471775278
47.7450503978702,416.125953897112,3.88348924691764
189.810014632201,288.652186159718,4.13638823963544
545.259702735914,272.71093496845,3.65385950215728
172.025080647943,29.3229629955662,4.39083889388006
493.591138728586,333.72859993542,4.30389522069096
49.2142959774107,50.9826620874796,4.1817334647363
546.894288342378,138.198176484086,4.65857845549198
NA,NA,NA
661.192691459257,331.191732977162,3.53985307118995
453.241728883937,296.472116924492,3.62033316207316
11.1196925883788,493.77002352216,3.72041433749175
555.31728762988,49.2784736626615,4.16461656167176
70.3036757938319,371.453464331187,4.00480774778357
229.544387524712,410.37671488213,3.87785906558745
427.335563950107,13.7344750839672,3.3701639685244
361.943514806846,292.887834333111,3.12453778576196
604.997634578239,106.654170483217,4.24539566202415
395.393866507144,228.676896624311,4.28839658619985
567.166329794434,408.759629416363,4.72234035165785
135.562340717877,284.887595351704,4.66282413620747
198.668153504124,370.768187742848,4.05475451814074
128.141625545149,407.265122209425,3.46374252571647
630.167564180104,312.3940273552,4.44007696184726
-0.342367125903756,144.291523559644,4.23891075399113
542.678756444404,199.878260800751,4.25759767816338
32.580456250202,492.193303532111,3.01510333419647
278.203943308807,22.6225893062094,3.8811409544537
534.406560882208,389.99283408172,3.34729668923618
73.0348514716124,71.4105838569768,5.18907549407633
2.14564656982299,73.5928326911779,3.50218295870957
587.690940472174,225.807201996389,3.99321263719373
437.625748540499,460.647338793661,4.81735518550407
658.956751089755,371.470871238631,2.96884271554994
102.699594778853,482.758875153993,4.36592391187476
630.490929318479,92.0625660041405,4.09261316387556
421.630841397463,260.074764100908,3.54375417439157
10.1082461560596,184.141155021163,3.31771646090832
81.347924232775,115.725903845897,4.47311791832851
617.764905836787,209.627758280554,4.04628993700136
255.244986481637,234.660337678791,3.70042630002292
572.797147488144,436.800681725519,3.78463581679992
300.245826095107,140.727858397158,3.89739165139536
525.496830318869,460.918287076734,3.83932471775278
47.7450503978702,416.125953897112,3.88348924691764
189.810014632201,288.652186159718,4.13638823963544
545.259702735914,272.71093496845,3.65385950215728
172.025080647943,29.3229629955662,4.39083889388006
493.591138728586,333.72859993542,4.30389522069096
49.2142959774107,50.9826620874796,4.1817334647363
546.894288342378,138.198176484086,4.65857845549198
NA,NA,NA
661.192691459257,331.191732977162,3.53985307118995
453.241728883937,296.472116924492,3.62033316207316
11.1196925883788,493.77002352216,3.72041433749175
555.31728762988,49.2784736626615,4.16461656167176
70.3036757938319,371.453464331187,4.00480774778357
229.544387524712,410.37671488213,3.87785906558745
427.335563950107,13.7344750839672,3.3701639685244
361.943514806846,292.887834333111,3.12453778576196
604.997634578239,106.654170483217,4.24539566202415
395.393866507144,228.676896624311,4.28839658619985
567.166329794434,408.759629416363,4.72234035165785
135.562340717877,284.887595351704,4.66282413620747
198.668153504124,370.768187742848,4.05475451814074
128.141625545149,407.265122209425,3.46374252571647
630.167564180104,312.3940273552,4.44007696184726
-0.342367125903756,144.291523559644,4.23891075399113
542.678756444404,199.878260800751,4.25759767816338
32.580456250202,492.193303532111,3.01510333419647
278.203943308807,22.6225893062094,3.8811409544537
534.406560882208,389.99283408172,3.34729668923618
73.0348514716124,71.4105838569768,5.18907549407633
2.14564656982299,73.5928326911779,3.50218295870957
587.690940472174,225.807201996389,3.99321263719373
437.625748540499,460.647338793661,4.81735518550407
658.956751089755,371.470871238631,2.96884271554994
102.699594778853,482.758875153993,4.36592391187476
630.490929318479,92.0625660041405,4.09261316387556
421.630841397463,260.074764100908,3.54375417439157
10.1082461560596,184.141155021163,3.31771646090832
81.347924232775,115.725903845897,4.47311791832851
617.764905836787,209.627758280554,4.04628993700136
255.244986481637,234.660337678791,3.70042630002292
572.797147488144,436.800681725519,3.78463581679992
300.245826095107,140.727858397158,3.89739165139536
525.496830318869,460.918287076734,3.83932471775278
47.7450503978702,416.125953897112,3.88348924691764
189.810014632201,288.652186159718,4.13638823963544
545.259702735914,272.71093496845,3.65385950215728
172.025080647943,29.3229629955662,4.39083889388006
493.591138728586,333.72859993542,4.30389522069096
49.2142959774107,50.9826620874796,4.1817334647363
546.894288342378,138.198176484086,4.65857845549198
NA,NA,NA
661.192691459257,331.191732977162,3.53985307118995
453.241728883937,296.472116924492,3.62033316207316
11.1196925883788,493.77002352216,3.72041433749175
555.31728762988,49.2784736626615,4.16461656167176
70.3036757938319,371.453464331187,4.00480774778357
229.544387524712,410.37671488213,3.87785906558745
427.335563950107,13.7344750839672,3.3701639685244
361.943514806846,292.887834333111,3.12453778576196
604.997634578239,106.654170483217,4.24539566202415
395.393866507144,228.676896624311,4.28839658619985
567.166329794434,408.759629416363,4.72234035165785
135.562340717877,284.887595351704,4.66282413620747
198.668153504124,370.768187742848,4.05475451814074
128.141625545149,407.265122209425,3.46374252571647
630.167564180104,312.3940273552,4.44007696184726
-0.342367125903756,144.291523559644,4.23891075399113
542.678756444404,199.878260800751,4.25759767816338
32.580456250202,492.193303532111,3.01510333419647
278.203943308807,22.6225893062094,3.8811409544537
534.406560882208,389.99283408172,3.34729668923618
73.0348514716124,71.4105838569768,5.18907549407633
2.14564656982299,73.5928326911779,3.50218295870957
587.690940472174,225.807201996389,3.99321263719373
437.625748540499,460.647338793661,4.81735518550407
658.956751089755,371.470871238631,2.96884271554994
102.699594778853,482.758875153993,4.36592391187476
630.490929318479,92.0625660041405,4.09261316387556
421.630841397463,260.074764100908,3.54375417439157
10.1082461560596,184.141155021163,3.31771646090832
81.347924232775,115.725903845897,4.47311791832851
617.764905836787,209.627758280554,4.04628993700136
255.244986481637,234.660337678791,3.70042630002292
572.797147488144,436.800681725519,3.78463581679992
300.245826095107,140.727858397158,3.89739165139536
525.496830318869,460.918287076734,3.83932471775278
47.7450503978702,416.125953897112,3.88348924691764
189.810014632201,288.652186159718,4.13638823963544
545.259702735914,272.71093496845,3.65385950215728
172.025080647943,29.3229629955662,4.39083889388006
493.591138728586,333.72859993542,4.30389522069096
49.2142959774107,50.9826620874796,4.1817334647363
546.894288342378,138.198176484086,4.65857845549198
NA,NA,NA
661.192691459257,331.191732977162,3.53985307118995
453.241728883937,296.472116924492,3.62033316207316
11.1196925883788,493.77002352216,3.72041433749175
555.31728762988,49.2784736626615,4.16461656167176
70.3036757938319,371.453464331187,4.00480774778357
229.544387524712,410.37671488213,3.87785906558745
427.335563950107,13.7344750839672,3.3701639685244
361.943514806846,292.887834333111,3.12453778576196
604.997634578239,106.654170483217,4.24539566202415
395.393866507144,228.676896624311,4.28839658619985
567.166329794434,408.759629416363,4.72234035165785
135.562340717877,284.887595351704,4.66282413620747
198.668153504124,370.768187742848,4.05475451814074
128.141625545149,407.265122209425,3.46374252571647
630.167564180104,312.3940273552,4.44007696184726
-0.342367125903756,144.291523559644,4.23891075399113
542.678756444404,199.878260800751,4.25759767816338
32.580456250202,492.193303532111,3.01510333419647
278.203943308807,22.6225893062094,3.8811409544537
534.406560882208,389.99283408172,3.34729668923618
73.0348514716124,71.4105838569768,5.18907549407633
2.14564656982299,73.5928326911779,3.50218295870957
587.690940472174,225.807201996389,3.99321263719373
437.625748540499,460.647338793661,4.81735518550407
658.956751089755,371.470871238631,2.96884271554994
102.699594778853,482.758875153993,4.36592391187476
630.490929318479,92.0625660041405,4.09261316387556
421.630841397463,260.074764100908,3.54375417439157
10.1082461560596,184.141155021163,3.31771646090832
81.347924232775,115.725903845897,4.47311791832851
617.764905836787,209.627758280554,4.04628993700136
255.244986481637,234.660337678791,3.70042630002292
572.797147488144,436.800681725519,3.78463581679992
300.245826095107,140.727858397158,3.89739165139536
525.496830318869,460.918287076734,3.83932471775278
47.7450503978702,416.125953897112,3.88348924691764
189.810014632201,288.652186159718,4.13638823963544
545.259702735914,272.71093496845,3.65385950215728
172.025080647943,29.3229629955662,4.39083889388006
493.591138728586,333.72859993542,4.30389522069096
49.2142959774107,50.9826620874796,4.1817334647363
546.894288342378,138.198176484086,4.65857845549198
NA,NA,NA
661.192691459257,331.191732977162,3.53985307118995
453.241728883937,296.472116924492,3.62033316207316
11.1196925883788,493.77002352216,3.72041433749175
555.31728762988,49.2784736626615,4.16461656167176
70.3036757938319,371.453464331187,4.00480774778357
229.544387524712,410.37671488213,3.87785906558745
427.335563950107,13.7344750839672,3.3701639685244
361.943514806846,292.887834333111,3.12453778576196
604.997634578239,106.654170483217,4.24539566202415
395.393866507144,228.676896624311,4.28839658619985
567.166329794434,408.759629416363,4.72234035165785
135.562340717877,284.887595351704,4.66282413620747
198.668153504124,370.768187742848,4.05475451814074
128.141625545149,407.265122209425,3.46374252571647
630.167564180104,312.3940273552,4.44007696184726
-0.342367125903756,144.291523559644,4.23891075399113
542.678756444404,199.878260800751,4.25759767816338
32.580456250202,492.193303532111,3.01510333419647
278.203943308807,22.6225893062094,3.8811409544537
534.406560882208,389.99283408172,3.34729668923618
73.0348514716124,71.4105838569768,5.18907549407633
2.14564656982299,73.5928326911779,3.50218295870957
587.690940472174,225.807201996389,3.99321263719373
437.625748540499,460.647338793661,4.81735518550407
658.956751089755,371.470871238631,2.96884271554994
102.699594778853,482.758875153993,4.36592391187476
630.490929318479,92.0625660041405,4.09261316387556
421.630841397463,260.074764100908,3.54375417439157
10.1082461560596,184.141155021163,3.31771646090832
81.347924232775,115.725903845897,4.47311791832851
617.764905836787,209.627758280554,4.04628993700136
255.244986481637,234.660337678791,3.70042630002292
572.797147488144,436.800681725519,3.78463581679992
300.245826095107,140.727858397158,3.89739165139536
525.496830318869,460.918287076734,3.83932471775278
47.7450503978702,416.125953897112,3.88348924691764
189.810014632201,288.652186159718,4.13638823963544
545.259702735914,272.71093496845,3.65385950215728
172.025080647943,29.3229629955662,4.39083889388006
493.591138728586,333.72859993542,4.30389522069096
49.2142959774107,50.9826620874796,4.1817334647363
546.894288342378,138.198176484086,4.65857845549198
NA,NA,NA
658.732178713291,336.613143811995,3.4691889173871
458.402206777336,297.30573728584,3.61378705467526
12.827866093421,492.732110257907,3.68881851423146
558.677703643954,49.9767760621956,4.22930766437014
71.4685082762899,374.14955226105,4.00849079348177
234.028091566118,407.803982720666,3.88673963594553
428.456393228162,13.8084616463402,3.29886929438016
362.559711232193,292.012291803757,3.07635499895627
605.221869362393,106.381345630231,4.20193002995582
398.523915114263,233.21548386043,4.26632718074836
570.000865851104,407.233495411862,4.68796878248495
140.090232399837,282.076109538828,4.50844370875204
200.932009923544,360.409575592303,3.91731684504484
127.364167810103,409.084660248285,3.3858851908586
620.53005292079,309.843096710343,4.69024077843289
3.15995261499659,148.764322898081,4.25369645892651
543.076549412731,204.008286964495,4.19060099992561
35.6707103603245,491.758686486883,2.84559685271251
285.130723688428,21.9262996331892,3.90003002913203
533.752607713492,394.408007139598,3.33736923936716
75.2981301890278,65.1688714869991,5.19064485381791
2.21801690047764,79.4771431201612,3.5704676775526
590.165342351955,222.246896394734,4.04639684166589
442.779611516943,459.430641905651,4.80216737491869
660.859334667659,374.500027573115,2.84150716867796
110.597279323729,485.036224754132,4.37269918999106
623.491991745304,88.1743892502048,4.07403272925199
419.574810658754,256.458757676229,3.58072306651915
9.16819936411686,181.268462658334,3.19801007242727
75.6635170517492,111.728785751768,4.60309917331229
611.381749055565,201.768343061439,4.34047838813345
259.889073688233,217.722497043432,3.41428476801175
569.913457998706,437.856014409756,3.72614070393575
301.672575921142,138.412154006683,4.01418348062681
534.41068927896,462.028281182464,3.7680532817268
51.9191717966341,421.561262527047,4.0323658515713
192.129949748317,285.312160890016,4.02771133868907
551.743349143446,267.173226557997,3.68691896105758
172.595686869168,25.5496262217468,4.32354166635695
505.00883063604,339.109402320028,4.4292044994342
30.9469246976884,50.812953219417,3.69848424826183
521.071088478111,153.540545178576,4.42988986564365
NA,NA,NA
658.732178713291,336.613143811995,3.4691889173871
458.402206777336,297.30573728584,3.61378705467526
12.827866093421,492.732110257907,3.68881851423146
558.677703643954,49.9767760621956,4.22930766437014
71.4685082762899,374.14955226105,4.00849079348177
234.028091566118,407.803982720666,3.88673963594553
428.456393228162,13.8084616463402,3.29886929438016
362.559711232193,292.012291803757,3.07635499895627
605.221869362393,106.381345630231,4.20193002995582
398.523915114263,233.21548386043,4.26632718074836
570.000865851104,407.233495411862,4.68796878248495
140.090232399837,282.076109538828,4.50844370875204
200.932009923544,360.409575592303,3.91731684504484
127.364167810103,409.084660248285,3.3858851908586
620.53005292079,309.843096710343,4.69024077843289
3.15995261499659,148.764322898081,4.25369645892651
543.076549412731,204.008286964495,4.19060099992561
35.6707103603245,491.758686486883,2.84559685271251
285.130723688428,21.9262996331892,3.90003002913203
533.752607713492,394.408007139598,3.33736923936716
75.2981301890278,65.1688714869991,5.19064485381791
2.21801690047764,79.4771431201612,3.5704676775526
590.165342351955,222.246896394734,4.04639684166589
442.779611516943,459.430641905651,4.80216737491869
660.859334667659,374.500027573115,2.84150716867796
110.597279323729,485.036224754132,4.37269918999106
623.491991745304,88.1743892502048,4.07403272925199
419.574810658754,256.458757676229,3.58072306651915
9.16819936411686,181.268462658334,3.19801007242727
75.6635170517492,111.728785751768,4.60309917331229
611.381749055565,201.768343061439,4.34047838813345
259.889073688233,217.722497043432,3.41428476801175
569.913457998706,437.856014409756,3.72614070393575
301.672575921142,138.412154006683,4.01418348062681
534.41068927896,462.028281182464,3.7680532817268
51.9191717966341,421.561262527047,4.0323658515713
192.129949748317,285.312160890016,4.02771133868907
551.743349143446,267.173226557997,3.68691896105758
172.595686869168,25.5496262217468,4.32354166635695
505.00883063604,339.109402320028,4.4292044994342
30.9469246976884,50.812953219417,3.69848424826183
521.071088478111,153.540545178576,4.42988986564365
NA,NA,NA
658.732178713291,336.613143811995,3.4691889173871
458.402206777336,297.30573728584,3.61378705467526
12.827866093421,492.732110257907,3.68881851423146
558.677703643954,49.9767760621956,4.22930766437014
71.4685082762899,374.14955226105,4.00849079348177
234.028091566118,407.803982720666,3.88673963594553
428.456393228162,13.8084616463402,3.29886929438016
362.559711232193,292.012291803757,3.07635499895627
605.221869362393,106.381345630231,4.20193002995582
398.523915114263,233.21548386043,4.26632718074836
570.000865851104,407.233495411862,4.68796878248495
140.090232399837,282.076109538828,4.50844370875204
200.932009923544,360.409575592303,3.91731684504484
127.364167810103,409.084660248285,3.3858851908586
620.53005292079,309.843096710343,4.69024077843289
3.15995261499659,148.764322898081,4.25369645892651
543.076549412731,204.008286964495,4.19060099992561
35.6707103603245,491.758686486883,2.84559685271251
285.130723688428,21.9262996331892,3.90003002913203
533.752607713492,394.408007139598,3.33736923936716
75.2981301890278,65.1688714869991,5.19064485381791
2.21801690047764,79.4771431201612,3.5704676775526
590.165342351955,222.246896394734,4.04639684166589
442.779611516943,459.430641905651,4.80216737491869
660.859334667659,374.500027573115,2.84150716867796
110.597279323729,485.036224754132,4.37269918999106
623.491991745304,88.1743892502048,4.07403272925199
419.574810658754,256.458757676229,3.58072306651915
9.16819936411686,181.268462658334,3.19801007242727
75.6635170517492,111.728785751768,4.60309917331229
611.381749055565,201.768343061439,4.34047838813345
259.889073688233,217.722497043432,3.41428476801175
569.913457998706,437.856014409756,3.72614070393575
301.672575921142,138.412154006683,4.01418348062681
534.41068927896,462.028281182464,3.7680532817268
51.9191717966341,421.561262527047,4.0323658515713
192.129949748317,285.312160890016,4.02771133868907
551.743349143446,267.173226557997,3.68691896105758
172.595686869168,25.5496262217468,4.32354166635695
505.00883063604,339.109402320028,4.4292044994342
30.9469246976884,50.812953219417,3.69848424826183
521.071088478111,153.540545178576,4.42988986564365
NA,NA,NA
658.732178713291,336.613143811995,3.4691889173871
458.402206777336,297.30573728584,3.61378705467526
12.827866093421,492.732110257907,3.68881851423146
558.677703643954,49.9767760621956,4.22930766437014
71.4685082762899,374.14955226105,4.00849079348177
234.028091566118,407.803982720666,3.88673963594553
428.456393228162,13.8084616463402,3.29886929438016
362.559711232193,292.012291803757,3.07635499895627
605.221869362393,106.381345630231,4.20193002995582
398.523915114263,233.21548386043,4.26632718074836
570.000865851104,407.233495411862,4.68796878248495
140.090232399837,282.076109538828,4.50844370875204
200.932009923544,360.409575592303,3.91731684504484
127.364167810103,409.084660248285,3.3858851908586
620.53005292079,309.843096710343,4.69024077843289
3.15995261499659,148.764322898081,4.25369645892651
543.076549412731,204.008286964495,4.19060099992561
35.6707103603245,491.758686486883,2.84559685271251
285.130723688428,21.9262996331892,3.90003002913203
533.752607713492,394.408007139598,3.33736923936716
75.2981301890278,65.1688714869991,5.19064485381791
2.21801690047764,79.4771431201612,3.5704676775526
590.165342351955,222.246896394734,4.04639684166589
442.779611516943,459.430641905651,4.80216737491869
660.859334667659,374.500027573115,2.84150716867796
110.597279323729,485.036224754132,4.37269918999106
623.491991745304,88.1743892502048,4.07403272925199
419.574810658754,256.458757676229,3.58072306651915
9.16819936411686,181.268462658334,3.19801007242727
75.6635170517492,111.728785751768,4.60309917331229
611.381749055565,201.768343061439,4.34047838813345
259.889073688233,217.722497043432,3.41428476801175
569.913457998706,437.856014409756,3.72614070393575
301.672575921142,138.412154006683,4.01418348062681
534.41068927896,462.028281182464,3.7680532817268
51.9191717966341,421.561262527047,4.0323658515713
192.129949748317,285.312160890016,4.02771133868907
551.743349143446,267.173226557997,3.68691896105758
172.595686869168,25.5496262217468,4.32354166635695
505.00883063604,339.109402320028,4.4292044994342
30.9469246976884,50.812953219417,3.69848424826183
521.071088478111,153.540545178576,4.42988986564365
NA,NA,NA
658.732178713291,336.613143811995,3.4691889173871
458.402206777336,297.30573728584,3.61378705467526
12.827866093421,492.732110257907,3.68881851423146
558.677703643954,49.9767760621956,4.22930766437014
71.4685082762899,374.14955226105,4.00849079348177
234.028091566118,407.803982720666,3.88673963594553
428.456393228162,13.8084616463402,3.29886929438016
362.559711232193,292.012291803757,3.07635499895627
605.221869362393,106.381345630231,4.20193002995582
398.523915114263,233.21548386043,4.26632718074836
570.000865851104,407.233495411862,4.68796878248495
140.090232399837,282.076109538828,4.50844370875204
200.932009923544,360.409575592303,3.91731684504484
127.364167810103,409.084660248285,3.3858851908586
620.53005292079,309.843096710343,4.69024077843289
3.15995261499659,148.764322898081,4.25369645892651
543.076549412731,204.008286964495,4.19060099992561
35.6707103603245,491.758686486883,2.84559685271251
285.130723688428,21.9262996331892,3.90003002913203
533.752607713492,394.408007139598,3.33736923936716
75.2981301890278,65.1688714869991,5.19064485381791
2.21801690047764,79.4771431201612,3.5704676775526
590.165342351955,222.246896394734,4.04639684166589
442.779611516943,459.430641905651,4.80216737491869
660.859334667659,374.500027573115,2.84150716867796
110.597279323729,485.036224754132,4.37269918999106
623.491991745304,88.1743892502048,4.07403272925199
419.574810658754,256.458757676229,3.58072306651915
9.16819936411686,181.268462658334,3.19801007242727
75.6635170517492,111.728785751768,4.60309917331229
611.381749055565,201.768343061439,4.34047838813345
259.889073688233,217.722497043432,3.41428476801175
569.913457998706,437.856014409756,3.72614070393575
301.672575921142,138.412154006683,4.01418348062681
534.41068927896,462.028281182464,3.7680532817268
51.9191717966341,421.561262527047,4.0323658515713
192.129949748317,285.312160890016,4.02771133868907
551.743349143446,267.173226557997,3.68691896105758
172.595686869168,25.5496262217468,4.32354166635695
505.00883063604,339.109402320028,4.4292044994342
30.9469246976884,50.812953219417,3.69848424826183
521.071088478111,153.540545178576,4.42988986564365
NA,NA,NA
658.732178713291,336.613143811995,3.4691889173871
458.402206777336,297.30573728584,3.61378705467526
12.827866093421,492.732110257907,3.68881851423146
558.677703643954,49.9767760621956,4.22930766437014
71.4685082762899,374.14955226105,4.00849079348177
234.028091566118,407.803982720666,3.88673963594553
428.456393228162,13.8084616463402,3.29886929438016
362.559711232193,292.012291803757,3.07635499895627
605.221869362393,106.381345630231,4.20193002995582
398.523915114263,233.21548386043,4.26632718074836
570.000865851104,407.233495411862,4.68796878248495
140.090232399837,282.076109538828,4.50844370875204
200.932009923544,360.409575592303,3.91731684504484
127.364167810103,409.084660248285,3.3858851908586
620.53005292079,309.843096710343,4.69024077843289
3.15995261499659,148.764322898081,4.25369645892651
543.076549412731,204.008286964495,4.19060099992561
35.6707103603245,491.758686486883,2.84559685271251
285.130723688428,21.9262996331892,3.90003002913203
533.752607713492,394.408007139598,3.33736923936716
75.2981301890278,65.1688714869991,5.19064485381791
2.21801690047764,79.4771431201612,3.5704676775526
590.165342351955,222.246896394734,4.04639684166589
442.779611516943,459.430641905651,4.80216737491869
660.859334667659,374.500027573115,2.84150716867796
110.597279323729,485.036224754132,4.37269918999106
623.491991745304,88.1743892502048,4.07403272925199
419.574810658754,256.458757676229,3.58072306651915
9.16819936411686,181.268462658334,3.19801007242727
75.6635170517492,111.728785751768,4.60309917331229
611.381749055565,201.768343061439,4.34047838813345
259.889073688233,217.722497043432,3.41428476801175
569.913457998706,437.856014409756,3.72614070393575
301.672575921142,138.412154006683,4.01418348062681
534.41068927896,462.028281182464,3.7680532817268
51.9191717966341,421.561262527047,4.0323658515713
192.129949748317,285.312160890016,4.02771133868907
551.743349143446,267.173226557997,3.68691896105758
172.595686869168,25.5496262217468,4.32354166635695
505.00883063604,339.109402320028,4.4292044994342
30.9469246976884,50.812953219417,3.69848424826183
521.071088478111,153.540545178576,4.42988986564365
NA,NA,NA
662.129827415182,333.165871339376,3.51429988004779
458.172231512765,297.531455986165,3.50488173751501
12.2135261593946,493.060423956506,3.7776395333458
559.484138479478,51.8268575023939,4.2013351762594
76.0060029576375,377.866593255849,3.91716412415381
227.858409498663,413.370386390603,3.93704930420688
428.538256646922,13.9689954574215,3.30976133784766
361.829983180764,291.099525745037,3.0398185553788
602.200707795507,110.352361568753,4.12916995691476
389.214667060801,227.050364996078,4.14466577677047
555.372208569754,408.986424237361,4.75678036913008
141.870975053875,287.163360484899,4.49956391752961
200.595978544614,373.955937060591,4.04573893653024
125.124594483259,412.170182065098,3.37193083019523
625.900715567198,314.726269668391,4.67367985948481
-1.52106231310117,143.897880962994,4.28302883078139
539.23738160211,201.548682712208,4.31039925354478
34.4149780777652,492.170759299607,2.96538015202658
279.563222275489,18.8281141982998,3.82939153393965
534.907468342229,390.606679292808,3.34133215710034
69.4925004516328,78.3161069977101,5.26623496339698
5.63729659085701,74.8501647610681,3.37583638276072
594.789180594502,226.372485198193,4.00402320837681
440.542499432194,457.811938136474,4.73615576292999
659.045857362965,371.214078372984,3.09280007784435
103.467890715547,488.528173769411,4.37710864035551
622.985578095242,90.099399890284,4.11809252072627
419.73407994779,257.035457303943,3.5564551246748
10.1070979328056,181.579353202398,3.41941275692899
66.9553524426081,111.274329895466,4.39634702813608
620.65972446563,207.674231783718,4.54076806347352
243.802393254752,228.770000183259,3.40143834634877
579.7659729273,431.912325050576,3.90523846541059
300.620519715384,139.587956245571,4.03606563553938
528.955862138644,459.159102591673,3.48863677304494
46.7882303319203,424.642371203579,3.65088770515597
197.020404245001,289.875365325052,3.94976250090735
555.927179647801,265.435593791812,3.66564124701547
170.42193126625,39.1139564210734,4.22281279884036
492.546969900541,343.960143770225,4.58289004467008
47.3348569982209,52.9035247978166,3.94868485484825
536.520685711429,152.64468148612,4.4817658908871
NA,NA,NA
662.129827415182,333.165871339376,3.51429988004779
458.172231512765,297.531455986165,3.50488173751501
12.2135261593946,493.060423956506,3.7776395333458
559.484138479478,51.8268575023939,4.2013351762594
76.0060029576375,377.866593255849,3.91716412415381
227.858409498663,413.370386390603,3.93704930420688
428.538256646922,13.9689954574215,3.30976133784766
361.829983180764,291.099525745037,3.0398185553788
602.200707795507,110.352361568753,4.12916995691476
389.214667060801,227.050364996078,4.14466577677047
555.372208569754,408.986424237361,4.75678036913008
141.870975053875,287.163360484899,4.49956391752961
200.595978544614,373.955937060591,4.04573893653024
125.124594483259,412.170182065098,3.37193083019523
625.900715567198,314.726269668391,4.67367985948481
-1.52106231310117,143.897880962994,4.28302883078139
539.23738160211,201.548682712208,4.31039925354478
34.4149780777652,492.170759299607,2.96538015202658
279.563222275489,18.8281141982998,3.82939153393965
534.907468342229,390.606679292808,3.34133215710034
69.4925004516328,78.3161069977101,5.26623496339698
5.63729659085701,74.8501647610681,3.37583638276072
594.789180594502,226.372485198193,4.00402320837681
440.542499432194,457.811938136474,4.73615576292999
659.045857362965,371.214078372984,3.09280007784435
103.467890715547,488.528173769411,4.37710864035551
622.985578095242,90.099399890284,4.11809252072627
419.73407994779,257.035457303943,3.5564551246748
10.1070979328056,181.579353202398,3.41941275692899
66.9553524426081,111.274329895466,4.39634702813608
620.65972446563,207.674231783718,4.54076806347352
243.802393254752,228.770000183259,3.40143834634877
579.7659729273,431.912325050576,3.90523846541059
300.620519715384,139.587956245571,4.03606563553938
528.955862138644,459.159102591673,3.48863677304494
46.7882303319203,424.642371203579,3.65088770515597
197.020404245001,289.875365325052,3.94976250090735
555.927179647801,265.435593791812,3.66564124701547
170.42193126625,39.1139564210734,4.22281279884036
492.546969900541,343.960143770225,4.58289004467008
47.3348569982209,52.9035247978166,3.94868485484825
536.520685711429,152.64468148612,4.4817658908871
NA,NA,NA
662.129827415182,333.165871339376,3.51429988004779
458.172231512765,297.531455986165,3.50488173751501
12.2135261593946,493.060423956506,3.7776395333458
559.484138479478,51.8268575023939,4.2013351762594
76.0060029576375,377.866593255849,3.91716412415381
227.858409498663,413.370386390603,3.93704930420688
428.538256646922,13.9689954574215,3.30976133784766
361.829983180764,291.099525745037,3.0398185553788
602.200707795507,110.352361568753,4.12916995691476
389.214667060801,227.050364996078,4.14466577677047
555.372208569754,408.986424237361,4.75678036913008
141.870975053875,287.163360484899,4.49956391752961
200.595978544614,373.955937060591,4.04573893653024
125.124594483259,412.170182065098,3.37193083019523
625.900715567198,314.726269668391,4.67367985948481
-1.52106231310117,143.897880962994,4.28302883078139
539.23738160211,201.548682712208,4.31039925354478
34.4149780777652,492.170759299607,2.96538015202658
279.563222275489,18.8281141982998,3.82939153393965
534.907468342229,390.606679292808,3.34133215710034
69.4925004516328,78.3161069977101,5.26623496339698
5.63729659085701,74.8501647610681,3.37583638276072
594.789180594502,226.372485198193,4.00402320837681
440.542499432194,457.811938136474,4.73615576292999
659.045857362965,371.214078372984,3.09280007784435
103.467890715547,488.528173769411,4.37710864035551
622.985578095242,90.099399890284,4.11809252072627
419.73407994779,257.035457303943,3.5564551246748
10.1070979328056,181.579353202398,3.41941275692899
66.9553524426081,111.274329895466,4.39634702813608
620.65972446563,207.674231783718,4.54076806347352
243.802393254752,228.770000183259,3.40143834634877
579.7659729273,431.912325050576,3.90523846541059
300.620519715384,139.587956245571,4.03606563553938
528.955862138644,459.159102591673,3.48863677304494
46.7882303319203,424.642371203579,3.65088770515597
197.020404245001,289.875365325052,3.94976250090735
555.927179647801,265.435593791812,3.66564124701547
170.42193126625,39.1139564210734,4.22281279884036
492.546969900541,343.960143770225,4.58289004467008
47.3348569982209,52.9035247978166,3.94868485484825
536.520685711429,152.64468148612,4.4817658908871
NA,NA,NA
662.129827415182,333.165871339376,3.51429988004779
458.172231512765,297.531455986165,3.50488173751501
12.2135261593946,493.060423956506,3.7776395333458
559.484138479478,51.8268575023939,4.2013351762594
76.0060029576375,377.866593255849,3.91716412415381
227.858409498663,413.370386390603,3.93704930420688
428.538256646922,13.9689954574215,3.30976133784766
361.829983180764,291.099525745037,3.0398185553788
602.200707795507,110.352361568753,4.12916995691476
389.214667060801,227.050364996078,4.14466577677047
555.372208569754,408.986424237361,4.75678036913008
141.870975053875,287.163360484899,4.49956391752961
200.595978544614,373.955937060591,4.04573893653024
125.124594483259,412.170182065098,3.37193083019523
625.900715567198,314.726269668391,4.67367985948481
-1.52106231310117,143.897880962994,4.28302883078139
539.23738160211,201.548682712208,4.31039925354478
34.4149780777652,492.170759299607,2.96538015202658
279.563222275489,18.8281141982998,3.82939153393965
534.907468342229,390.606679292808,3.34133215710034
69.4925004516328,78.3161069977101,5.26623496339698
5.63729659085701,74.8501647610681,3.37583638276072
594.789180594502,226.372485198193,4.00402320837681
440.542499432194,457.811938136474,4.73615576292999
659.045857362965,371.214078372984,3.09280007784435
103.467890715547,488.528173769411,4.37710864035551
622.985578095242,90.099399890284,4.11809252072627
419.73407994779,257.035457303943,3.5564551246748
10.1070979328056,181.579353202398,3.41941275692899
66.9553524426081,111.274329895466,4.39634702813608
620.65972446563,207.674231783718,4.54076806347352
243.802393254752,228.770000183259,3.40143834634877
579.7659729273,431.912325050576,3.90523846541059
300.620519715384,139.587956245571,4.03606563553938
528.955862138644,459.159102591673,3.48863677304494
46.7882303319203,424.642371203579,3.65088770515597
197.020404245001,289.875365325052,3.94976250090735
555.927179647801,265.435593791812,3.66564124701547
170.42193126625,39.1139564210734,4.22281279884036
492.546969900541,343.960143770225,4.58289004467008
47.3348569982209,52.9035247978166,3.94868485484825
536.520685711429,152.64468148612,4.4817658908871
NA,NA,NA
662.129827415182,333.165871339376,3.51429988004779
458.172231512765,297.531455986165,3.50488173751501
12.2135261593946,493.060423956506,3.7776395333458
559.484138479478,51.8268575023939,4.2013351762594
76.0060029576375,377.866593255849,3.91716412415381
227.858409498663,413.370386390603,3.93704930420688
428.538256646922,13.9689954574215,3.30976133784766
361.829983180764,291.099525745037,3.0398185553788
602.200707795507,110.352361568753,4.12916995691476
389.214667060801,227.050364996078,4.14466577677047
555.372208569754,408.986424237361,4.75678036913008
141.870975053875,287.163360484899,4.49956391752961
200.595978544614,373.955937060591,4.04573893653024
125.124594483259,412.170182065098,3.37193083019523
625.900715567198,314.726269668391,4.67367985948481
-1.52106231310117,143.897880962994,4.28302883078139
539.23738160211,201.548682712208,4.31039925354478
34.4149780777652,492.170759299607,2.96538015202658
279.563222275489,18.8281141982998,3.82939153393965
534.907468342229,390.606679292808,3.34133215710034
69.4925004516328,78.3161069977101,5.26623496339698
5.63729659085701,74.8501647610681,3.37583638276072
594.789180594502,226.372485198193,4.00402320837681
440.542499432194,457.811938136474,4.73615576292999
659.045857362965,371.214078372984,3.09280007784435
103.467890715547,488.528173769411,4.37710864035551
622.985578095242,90.099399890284,4.11809252072627
419.73407994779,257.035457303943,3.5564551246748
10.1070979328056,181.579353202398,3.41941275692899
66.9553524426081,111.274329895466,4.39634702813608
620.65972446563,207.674231783718,4.54076806347352
243.802393254752,228.770000183259,3.40143834634877
579.7659729273,431.912325050576,3.90523846541059
300.620519715384,139.587956245571,4.03606563553938
528.955862138644,459.159102591673,3.48863677304494
46.7882303319203,424.642371203579,3.65088770515597
197.020404245001,289.875365325052,3.94976250090735
555.927179647801,265.435593791812,3.66564124701547
170.42193126625,39.1139564210734,4.22281279884036
492.546969900541,343.960143770225,4.58289004467008
47.3348569982209,52.9035247978166,3.94868485484825
536.520685711429,152.64468148612,4.4817658908871
NA,NA,NA
662.129827415182,333.165871339376,3.51429988004779
458.172231512765,297.531455986165,3.50488173751501
12.2135261593946,493.060423956506,3.7776395333458
559.484138479478,51.8268575023939,4.2013351762594
76.0060029576375,377.866593255849,3.91716412415381
227.858409498663,413.370386390603,3.93704930420688
428.538256646922,13.9689954574215,3.30976133784766
361.829983180764,291.099525745037,3.0398185553788
602.200707795507,110.352361568753,4.12916995691476
389.214667060801,227.050364996078,4.14466577677047
555.372208569754,408.986424237361,4.75678036913008
141.870975053875,287.163360484899,4.49956391752961
200.595978544614,373.955937060591,4.04573893653024
125.124594483259,412.170182065098,3.37193083019523
625.900715567198,314.726269668391,4.67367985948481
-1.52106231310117,143.897880962994,4.28302883078139
539.23738160211,201.548682712208,4.31039925354478
34.4149780777652,492.170759299607,2.96538015202658
279.563222275489,18.8281141982998,3.82939153393965
534.907468342229,390.606679292808,3.34133215710034
69.4925004516328,78.3161069977101,5.26623496339698
5.63729659085701,74.8501647610681,3.37583638276072
594.789180594502,226.372485198193,4.00402320837681
440.542499432194,457.811938136474,4.73615576292999
659.045857362965,371.214078372984,3.09280007784435
103.467890715547,488.528173769411,4.37710864035551
622.985578095242,90.099399890284,4.11809252072627
419.73407994779,257.035457303943,3.5564551246748
10.1070979328056,181.579353202398,3.41941275692899
66.9553524426081,111.274329895466,4.39634702813608
620.65972446563,207.674231783718,4.54076806347352
243.802393254752,228.770000183259,3.40143834634877
579.7659729273,431.912325050576,3.90523846541059
300.620519715384,139.587956245571,4.03606563553938
528.955862138644,459.159102591673,3.48863677304494
46.7882303319203,424.642371203579,3.65088770515597
197.020404245001,289.875365325052,3.94976250090735
555.927179647801,265.435593791812,3.66564124701547
170.42193126625,39.1139564210734,4.22281279884036
492.546969900541,343.960143770225,4.58289004467008
47.3348569982209,52.9035247978166,3.94868485484825
536.520685711429,152.64468148612,4.4817658908871
NA,NA,NA
663.297967280245,330.855895653377,3.39902663520537
457.29654741972,297.229974789469,3.61366240482578
9.00923636334069,492.926602552301,3.68391243902342
565.211372246314,51.6581335009017,4.23784064231282
69.1607600931341,379.412893578632,4.01875500399837
227.128827808875,418.341385710681,3.87261171447049
429.971739993079,13.1321552500249,3.25750202522561
361.39829749368,291.550832127969,3.03450985882658
607.637577300692,105.12606938143,4.12011455267705
393.596294652057,226.571763349906,4.34798884592874
572.13457957414,410.829976653086,4.73666883993237
144.324797802158,283.488410610638,4.62303749581547
195.374879490629,368.888451805104,3.99167766078174
124.755715549038,409.348607666065,3.3590089035825
627.97877189006,321.574863821892,4.59496757960827
-3.07617006472916,146.867193586299,4.30939586941056
541.558939150941,203.075746782437,4.25809857141257
33.9450419146217,492.584704144378,3.01349423601171
284.205893201627,22.6997449502383,3.85945059044178
533.494581584149,393.324272130461,3.30667752190882
80.0863759869022,68.0592677257754,5.19234879179138
6.20555044334833,76.1709623978661,3.48873586993621
587.022944412481,224.431703021081,4.03454864708919
443.281145282491,454.553639624887,4.82673235848874
657.57643420204,372.931966484822,3.12369265581519
105.897653885364,483.297109365024,4.40482611262355
622.077731251057,89.6052258994797,4.09903739306386
420.611038928612,259.567972377201,3.59379256889892
11.3952706278623,181.156634292351,3.13852853743397
63.652703228219,125.872252197485,4.34660329615208
602.530788973096,211.229150039194,4.73754471650625
242.944336952019,215.438179598983,3.94027016102385
574.020425736991,437.367142752994,3.73185800519296
301.25221236223,138.293849600028,3.7467934157609
529.072797788933,455.221278031705,3.53270282704934
40.7720286911308,419.707923776616,4.06083583392698
194.899935466296,294.196667465872,4.19516578922958
551.93424002,264.951208448007,4.04304731272239
179.763846463945,30.1174285357883,4.19768838900079
503.042557287738,349.690937573774,4.66355738291016
46.7532151276455,47.8353687992437,4.01751204332905
522.051643013767,162.184722342366,4.76932888767711
NA,NA,NA
663.297967280245,330.855895653377,3.39902663520537
457.29654741972,297.229974789469,3.61366240482578
9.00923636334069,492.926602552301,3.68391243902342
565.211372246314,51.6581335009017,4.23784064231282
69.1607600931341,379.412893578632,4.01875500399837
227.128827808875,418.341385710681,3.87261171447049
429.971739993079,13.1321552500249,3.25750202522561
361.39829749368,291.550832127969,3.03450985882658
607.637577300692,105.12606938143,4.12011455267705
393.596294652057,226.571763349906,4.34798884592874
572.13457957414,410.829976653086,4.73666883993237
144.324797802158,283.488410610638,4.62303749581547
195.374879490629,368.888451805104,3.99167766078174
124.755715549038,409.348607666065,3.3590089035825
627.97877189006,321.574863821892,4.59496757960827
-3.07617006472916,146.867193586299,4.30939586941056
541.558939150941,203.075746782437,4.25809857141257
33.9450419146217,492.584704144378,3.01349423601171
284.205893201627,22.6997449502383,3.85945059044178
533.494581584149,393.324272130461,3.30667752190882
80.0863759869022,68.0592677257754,5.19234879179138
6.20555044334833,76.1709623978661,3.48873586993621
587.022944412481,224.431703021081,4.03454864708919
443.281145282491,454.553639624887,4.82673235848874
657.57643420204,372.931966484822,3.12369265581519
105.897653885364,483.297109365024,4.40482611262355
622.077731251057,89.6052258994797,4.09903739306386
420.611038928612,259.567972377201,3.59379256889892
11.3952706278623,181.156634292351,3.13852853743397
63.652703228219,125.872252197485,4.34660329615208
602.530788973096,211.229150039194,4.73754471650625
242.944336952019,215.438179598983,3.94027016102385
574.020425736991,437.367142752994,3.73185800519296
301.25221236223,138.293849600028,3.7467934157609
529.072797788933,455.221278031705,3.53270282704934
40.7720286911308,419.707923776616,4.06083583392698
194.899935466296,294.196667465872,4.19516578922958
551.93424002,264.951208448007,4.04304731272239
179.763846463945,30.1174285357883,4.19768838900079
503.042557287738,349.690937573774,4.66355738291016
46.7532151276455,47.8353687992437,4.01751204332905
522.051643013767,162.184722342366,4.76932888767711
NA,NA,NA
663.297967280245,330.855895653377,3.39902663520537
457.29654741972,297.229974789469,3.61366240482578
9.00923636334069,492.926602552301,3.68391243902342
565.211372246314,51.6581335009017,4.23784064231282
69.1607600931341,379.412893578632,4.01875500399837
227.128827808875,418.341385710681,3.87261171447049
429.971739993079,13.1321552500249,3.25750202522561
361.39829749368,291.550832127969,3.03450985882658
607.637577300692,105.12606938143,4.12011455267705
393.596294652057,226.571763349906,4.34798884592874
572.13457957414,410.829976653086,4.73666883993237
144.324797802158,283.488410610638,4.62303749581547
195.374879490629,368.888451805104,3.99167766078174
124.755715549038,409.348607666065,3.3590089035825
627.97877189006,321.574863821892,4.59496757960827
-3.07617006472916,146.867193586299,4.30939586941056
541.558939150941,203.075746782437,4.25809857141257
33.9450419146217,492.584704144378,3.01349423601171
284.205893201627,22.6997449502383,3.85945059044178
533.494581584149,393.324272130461,3.30667752190882
80.0863759869022,68.0592677257754,5.19234879179138
6.20555044334833,76.1709623978661,3.48873586993621
587.022944412481,224.431703021081,4.03454864708919
443.281145282491,454.553639624887,4.82673235848874
657.57643420204,372.931966484822,3.12369265581519
105.897653885364,483.297109365024,4.40482611262355
622.077731251057,89.6052258994797,4.09903739306386
420.611038928612,259.567972377201,3.59379256889892
11.3952706278623,181.156634292351,3.13852853743397
63.652703228219,125.872252197485,4.34660329615208
602.530788973096,211.229150039194,4.73754471650625
242.944336952019,215.438179598983,3.94027016102385
574.020425736991,437.367142752994,3.73185800519296
301.25221236223,138.293849600028,3.7467934157609
529.072797788933,455.221278031705,3.53270282704934
40.7720286911308,419.707923776616,4.06083583392698
194.899935466296,294.196667465872,4.19516578922958
551.93424002,264.951208448007,4.04304731272239
179.763846463945,30.1174285357883,4.19768838900079
503.042557287738,349.690937573774,4.66355738291016
46.7532151276455,47.8353687992437,4.01751204332905
522.051643013767,162.184722342366,4.76932888767711
NA,NA,NA
663.297967280245,330.855895653377,3.39902663520537
457.29654741972,297.229974789469,3.61366240482578
9.00923636334069,492.926602552301,3.68391243902342
565.211372246314,51.6581335009017,4.23784064231282
69.1607600931341,379.412893578632,4.01875500399837
227.128827808875,418.341385710681,3.87261171447049
429.971739993079,13.1321552500249,3.25750202522561
361.39829749368,291.550832127969,3.03450985882658
607.637577300692,105.12606938143,4.12011455267705
393.596294652057,226.571763349906,4.34798884592874
572.13457957414,410.829976653086,4.73666883993237
144.324797802158,283.488410610638,4.62303749581547
195.374879490629,368.888451805104,3.99167766078174
124.755715549038,409.348607666065,3.3590089035825
627.97877189006,321.574863821892,4.59496757960827
-3.07617006472916,146.867193586299,4.30939586941056
541.558939150941,203.075746782437,4.25809857141257
33.9450419146217,492.584704144378,3.01349423601171
284.205893201627,22.6997449502383,3.85945059044178
533.494581584149,393.324272130461,3.30667752190882
80.0863759869022,68.0592677257754,5.19234879179138
6.20555044334833,76.1709623978661,3.48873586993621
587.022944412481,224.431703021081,4.03454864708919
443.281145282491,454.553639624887,4.82673235848874
657.57643420204,372.931966484822,3.12369265581519
105.897653885364,483.297109365024,4.40482611262355
622.077731251057,89.6052258994797,4.09903739306386
420.611038928612,259.567972377201,3.59379256889892
11.3952706278623,181.156634292351,3.13852853743397
63.652703228219,125.872252197485,4.34660329615208
602.530788973096,211.229150039194,4.73754471650625
242.944336952019,215.438179598983,3.94027016102385
574.020425736991,437.367142752994,3.73185800519296
301.25221236223,138.293849600028,3.7467934157609
529.072797788933,455.221278031705,3.53270282704934
40.7720286911308,419.707923776616,4.06083583392698
194.899935466296,294.196667465872,4.19516578922958
551.93424002,264.951208448007,4.04304731272239
179.763846463945,30.1174285357883,4.19768838900079
503.042557287738,349.690937573774,4.66355738291016
46.7532151276455,47.8353687992437,4.01751204332905
522.051643013767,162.184722342366,4.76932888767711
NA,NA,NA
663.297967280245,330.855895653377,3.39902663520537
457.29654741972,297.229974789469,3.61366240482578
9.00923636334069,492.926602552301,3.68391243902342
565.211372246314,51.6581335009017,4.23784064231282
69.1607600931341,379.412893578632,4.01875500399837
227.128827808875,418.341385710681,3.87261171447049
429.971739993079,13.1321552500249,3.25750202522561
361.39829749368,291.550832127969,3.03450985882658
607.637577300692,105.12606938143,4.12011455267705
393.596294652057,226.571763349906,4.34798884592874
572.13457957414,410.829976653086,4.73666883993237
144.324797802158,283.488410610638,4.62303749581547
195.374879490629,368.888451805104,3.99167766078174
124.755715549038,409.348607666065,3.3590089035825
627.97877189006,321.574863821892,4.59496757960827
-3.07617006472916,146.867193586299,4.30939586941056
541.558939150941,203.075746782437,4.25809857141257
33.9450419146217,492.584704144378,3.01349423601171
284.205893201627,22.6997449502383,3.85945059044178
533.494581584149,393.324272130461,3.30667752190882
80.0863759869022,68.0592677257754,5.19234879179138
6.20555044334833,76.1709623978661,3.48873586993621
587.022944412481,224.431703021081,4.03454864708919
443.281145282491,454.553639624887,4.82673235848874
657.57643420204,372.931966484822,3.12369265581519
105.897653885364,483.297109365024,4.40482611262355
622.077731251057,89.6052258994797,4.09903739306386
420.611038928612,259.567972377201,3.59379256889892
11.3952706278623,181.156634292351,3.13852853743397
63.652703228219,125.872252197485,4.34660329615208
602.530788973096,211.229150039194,4.73754471650625
242.944336952019,215.438179598983,3.94027016102385
574.020425736991,437.367142752994,3.73185800519296
301.25221236223,138.293849600028,3.7467934157609
529.072797788933,455.221278031705,3.53270282704934
40.7720286911308,419.707923776616,4.06083583392698
194.899935466296,294.196667465872,4.19516578922958
551.93424002,264.951208448007,4.04304731272239
179.763846463945,30.1174285357883,4.19768838900079
503.042557287738,349.690937573774,4.66355738291016
46.7532151276455,47.8353687992437,4.01751204332905
522.051643013767,162.184722342366,4.76932888767711
NA,NA,NA
663.297967280245,330.855895653377,3.39902663520537
457.29654741972,297.229974789469,3.61366240482578
9.00923636334069,492.926602552301,3.68391243902342
565.211372246314,51.6581335009017,4.23784064231282
69.1607600931341,379.412893578632,4.01875500399837
227.128827808875,418.341385710681,3.87261171447049
429.971739993079,13.1321552500249,3.25750202522561
361.39829749368,291.550832127969,3.03450985882658
607.637577300692,105.12606938143,4.12011455267705
393.596294652057,226.571763349906,4.34798884592874
572.13457957414,410.829976653086,4.73666883993237
144.324797802158,283.488410610638,4.62303749581547
195.374879490629,368.888451805104,3.99167766078174
124.755715549038,409.348607666065,3.3590089035825
627.97877189006,321.574863821892,4.59496757960827
-3.07617006472916,146.867193586299,4.30939586941056
541.558939150941,203.075746782437,4.25809857141257
33.9450419146217,492.584704144378,3.01349423601171
284.205893201627,22.6997449502383,3.85945059044178
533.494581584149,393.324272130461,3.30667752190882
80.0863759869022,68.0592677257754,5.19234879179138
6.20555044334833,76.1709623978661,3.48873586993621
587.022944412481,224.431703021081,4.03454864708919
443.281145282491,454.553639624887,4.82673235848874
657.57643420204,372.931966484822,3.12369265581519
105.897653885364,483.297109365024,4.40482611262355
622.077731251057,89.6052258994797,4.09903739306386
420.611038928612,259.567972377201,3.59379256889892
11.3952706278623,181.156634292351,3.13852853743397
63.652703228219,125.872252197485,4.34660329615208
602.530788973096,211.229150039194,4.73754471650625
242.944336952019,215.438179598983,3.94027016102385
574.020425736991,437.367142752994,3.73185800519296
301.25221236223,138.293849600028,3.7467934157609
529.072797788933,455.221278031705,3.53270282704934
40.7720286911308,419.707923776616,4.06083583392698
194.899935466296,294.196667465872,4.19516578922958
551.93424002,264.951208448007,4.04304731272239
179.763846463945,30.1174285357883,4.19768838900079
503.042557287738,349.690937573774,4.66355738291016
46.7532151276455,47.8353687992437,4.01751204332905
522.051643013767,162.184722342366,4.76932888767711
NA,NA,NA
658.934382544738,336.807073412215,3.47160885511822
455.86583670205,297.626833211335,3.52142836887505
12.6642220477107,497.283719521245,3.59831473663975
556.739495374668,43.6644205110575,4.18844416093392
72.7934865473857,373.885097223931,3.97935787029697
224.877453932252,417.716352143376,3.88722205262483
426.650444126064,9.78880148724788,3.23200710631607
360.584314891467,294.804885221787,2.96449665481214
607.028281680193,107.193282240388,4.07073514872141
390.096129413634,229.877025679346,4.1461889786553
562.721176696764,414.549017833815,4.73826465060077
138.257168696769,288.138441146206,4.59695454702373
203.992572237534,372.087251493602,3.96173126721227
122.950338764657,411.823453848353,3.48797435738424
626.92404361629,311.2815879028,4.47143014698682
0.625060591947042,147.536892093016,4.17825921718749
545.305570881329,206.105079176234,4.25893144067103
34.3904012921202,495.619016620859,3.00897017056983
278.181432621185,26.1972169743294,3.96980207714912
532.140814512161,392.694007877854,3.36213570258099
63.2612765671143,68.4764571672399,5.1520789648827
3.49807804242571,70.9263289080122,3.36945926734792
585.764733755956,225.368502502876,3.96730616974515
442.90791437827,466.563246485608,4.83316642958597
660.26065770248,374.152518924382,3.10054283626065
104.286188629655,481.16401242191,4.34022274506177
623.455459004545,91.396428073887,4.0817929365956
420.177605670908,259.694165326443,3.66332861215117
9.72906542390274,181.420628891669,3.291868035808
59.2671436918269,119.827152032689,4.69406517443752
611.088843973124,198.975791547281,4.42850826334756
255.419767633049,229.886070137997,3.80880206570153
571.457730201996,436.08259993898,3.96760485706695
301.368294521634,137.124023646937,3.90941985899165
528.704168026967,454.524249697797,3.84004600049775
51.2425640639962,421.139213648033,4.20384494751621
195.727958451227,284.647361425807,4.21410148380617
548.668691824025,265.010871300956,3.71672093793818
165.85762310279,26.6823714434019,4.18044097284292
505.476925311619,343.262253103809,4.44481136339274
43.3780846766118,47.0362217413073,4.39347879675601
542.833317749,159.597235970397,4.52062036934324
NA,NA,NA
658.934382544738,336.807073412215,3.47160885511822
455.86583670205,297.626833211335,3.52142836887505
12.6642220477107,497.283719521245,3.59831473663975
556.739495374668,43.6644205110575,4.18844416093392
72.7934865473857,373.885097223931,3.97935787029697
224.877453932252,417.716352143376,3.88722205262483
426.650444126064,9.78880148724788,3.23200710631607
360.584314891467,294.804885221787,2.96449665481214
607.028281680193,107.193282240388,4.07073514872141
390.096129413634,229.877025679346,4.1461889786553
562.721176696764,414.549017833815,4.73826465060077
138.257168696769,288.138441146206,4.59695454702373
203.992572237534,372.087251493602,3.96173126721227
122.950338764657,411.823453848353,3.48797435738424
626.92404361629,311.2815879028,4.47143014698682
0.625060591947042,147.536892093016,4.17825921718749
545.305570881329,206.105079176234,4.25893144067103
34.3904012921202,495.619016620859,3.00897017056983
278.181432621185,26.1972169743294,3.96980207714912
532.140814512161,392.694007877854,3.36213570258099
63.2612765671143,68.4764571672399,5.1520789648827
3.49807804242571,70.9263289080122,3.36945926734792
585.764733755956,225.368502502876,3.96730616974515
442.90791437827,466.563246485608,4.83316642958597
660.26065770248,374.152518924382,3.10054283626065
104.286188629655,481.16401242191,4.34022274506177
623.455459004545,91.396428073887,4.0817929365956
420.177605670908,259.694165326443,3.66332861215117
9.72906542390274,181.420628891669,3.291868035808
59.2671436918269,119.827152032689,4.69406517443752
611.088843973124,198.975791547281,4.42850826334756
255.419767633049,229.886070137997,3.80880206570153
571.457730201996,436.08259993898,3.96760485706695
301.368294521634,137.124023646937,3.90941985899165
528.704168026967,454.524249697797,3.84004600049775
51.2425640639962,421.139213648033,4.20384494751621
195.727958451227,284.647361425807,4.21410148380617
548.668691824025,265.010871300956,3.71672093793818
165.85762310279,26.6823714434019,4.18044097284292
505.476925311619,343.262253103809,4.44481136339274
43.3780846766118,47.0362217413073,4.39347879675601
542.833317749,159.597235970397,4.52062036934324
NA,NA,NA
658.934382544738,336.807073412215,3.47160885511822
455.86583670205,297.626833211335,3.52142836887505
12.6642220477107,497.283719521245,3.59831473663975
556.739495374668,43.6644205110575,4.18844416093392
72.7934865473857,373.885097223931,3.97935787029697
224.877453932252,417.716352143376,3.88722205262483
426.650444126064,9.78880148724788,3.23200710631607
360.584314891467,294.804885221787,2.96449665481214
607.028281680193,107.193282240388,4.07073514872141
390.096129413634,229.877025679346,4.1461889786553
562.721176696764,414.549017833815,4.73826465060077
138.257168696769,288.138441146206,4.59695454702373
203.992572237534,372.087251493602,3.96173126721227
122.950338764657,411.823453848353,3.48797435738424
626.92404361629,311.2815879028,4.47143014698682
0.625060591947042,147.536892093016,4.17825921718749
545.305570881329,206.105079176234,4.25893144067103
34.3904012921202,495.619016620859,3.00897017056983
278.181432621185,26.1972169743294,3.96980207714912
532.140814512161,392.694007877854,3.36213570258099
63.2612765671143,68.4764571672399,5.1520789648827
3.49807804242571,70.9263289080122,3.36945926734792
585.764733755956,225.368502502876,3.96730616974515
442.90791437827,466.563246485608,4.83316642958597
660.26065770248,374.152518924382,3.10054283626065
104.286188629655,481.16401242191,4.34022274506177
623.455459004545,91.396428073887,4.0817929365956
420.177605670908,259.694165326443,3.66332861215117
9.72906542390274,181.420628891669,3.291868035808
59.2671436918269,119.827152032689,4.69406517443752
611.088843973124,198.975791547281,4.42850826334756
255.419767633049,229.886070137997,3.80880206570153
571.457730201996,436.08259993898,3.96760485706695
301.368294521634,137.124023646937,3.90941985899165
528.704168026967,454.524249697797,3.84004600049775
51.2425640639962,421.139213648033,4.20384494751621
195.727958451227,284.647361425807,4.21410148380617
548.668691824025,265.010871300956,3.71672093793818
165.85762310279,26.6823714434019,4.18044097284292
505.476925311619,343.262253103809,4.44481136339274
43.3780846766118,47.0362217413073,4.39347879675601
542.833317749,159.597235970397,4.52062036934324
NA,NA,NA
658.934382544738,336.807073412215,3.47160885511822
455.86583670205,297.626833211335,3.52142836887505
12.6642220477107,497.283719521245,3.59831473663975
556.739495374668,43.6644205110575,4.18844416093392
72.7934865473857,373.885097223931,3.97935787029697
224.877453932252,417.716352143376,3.88722205262483
426.650444126064,9.78880148724788,3.23200710631607
360.584314891467,294.804885221787,2.96449665481214
607.028281680193,107.193282240388,4.07073514872141
390.096129413634,229.877025679346,4.1461889786553
562.721176696764,414.549017833815,4.73826465060077
138.257168696769,288.138441146206,4.59695454702373
203.992572237534,372.087251493602,3.96173126721227
122.950338764657,411.823453848353,3.48797435738424
626.92404361629,311.2815879028,4.47143014698682
0.625060591947042,147.536892093016,4.17825921718749
545.305570881329,206.105079176234,4.25893144067103
34.3904012921202,495.619016620859,3.00897017056983
278.181432621185,26.1972169743294,3.96980207714912
532.140814512161,392.694007877854,3.36213570258099
63.2612765671143,68.4764571672399,5.1520789648827
3.49807804242571,70.9263289080122,3.36945926734792
585.764733755956,225.368502502876,3.96730616974515
442.90791437827,466.563246485608,4.83316642958597
660.26065770248,374.152518924382,3.10054283626065
104.286188629655,481.16401242191,4.34022274506177
623.455459004545,91.396428073887,4.0817929365956
420.177605670908,259.694165326443,3.66332861215117
9.72906542390274,181.420628891669,3.291868035808
59.2671436918269,119.827152032689,4.69406517443752
611.088843973124,198.975791547281,4.42850826334756
255.419767633049,229.886070137997,3.80880206570153
571.457730201996,436.08259993898,3.96760485706695
301.368294521634,137.124023646937,3.90941985899165
528.704168026967,454.524249697797,3.84004600049775
51.2425640639962,421.139213648033,4.20384494751621
195.727958451227,284.647361425807,4.21410148380617
548.668691824025,265.010871300956,3.71672093793818
165.85762310279,26.6823714434019,4.18044097284292
505.476925311619,343.262253103809,4.44481136339274
43.3780846766118,47.0362217413073,4.39347879675601
542.833317749,159.597235970397,4.52062036934324
NA,NA,NA
658.934382544738,336.807073412215,3.47160885511822
455.86583670205,297.626833211335,3.52142836887505
12.6642220477107,497.283719521245,3.59831473663975
556.739495374668,43.6644205110575,4.18844416093392
72.7934865473857,373.885097223931,3.97935787029697
224.877453932252,417.716352143376,3.88722205262483
426.650444126064,9.78880148724788,3.23200710631607
360.584314891467,294.804885221787,2.96449665481214
607.028281680193,107.193282240388,4.07073514872141
390.096129413634,229.877025679346,4.1461889786553
562.721176696764,414.549017833815,4.73826465060077
138.257168696769,288.138441146206,4.59695454702373
203.992572237534,372.087251493602,3.96173126721227
122.950338764657,411.823453848353,3.48797435738424
626.92404361629,311.2815879028,4.47143014698682
0.625060591947042,147.536892093016,4.17825921718749
545.305570881329,206.105079176234,4.25893144067103
34.3904012921202,495.619016620859,3.00897017056983
278.181432621185,26.1972169743294,3.96980207714912
532.140814512161,392.694007877854,3.36213570258099
63.2612765671143,68.4764571672399,5.1520789648827
3.49807804242571,70.9263289080122,3.36945926734792
585.764733755956,225.368502502876,3.96730616974515
442.90791437827,466.563246485608,4.83316642958597
660.26065770248,374.152518924382,3.10054283626065
104.286188629655,481.16401242191,4.34022274506177
623.455459004545,91.396428073887,4.0817929365956
420.177605670908,259.694165326443,3.66332861215117
9.72906542390274,181.420628891669,3.291868035808
59.2671436918269,119.827152032689,4.69406517443752
611.088843973124,198.975791547281,4.42850826334756
255.419767633049,229.886070137997,3.80880206570153
571.457730201996,436.08259993898,3.96760485706695
301.368294521634,137.124023646937,3.90941985899165
528.704168026967,454.524249697797,3.84004600049775
51.2425640639962,421.139213648033,4.20384494751621
195.727958451227,284.647361425807,4.21410148380617
548.668691824025,265.010871300956,3.71672093793818
165.85762310279,26.6823714434019,4.18044097284292
505.476925311619,343.262253103809,4.44481136339274
43.3780846766118,47.0362217413073,4.39347879675601
542.833317749,159.597235970397,4.52062036934324
NA,NA,NA
658.934382544738,336.807073412215,3.47160885511822
455.86583670205,297.626833211335,3.52142836887505
12.6642220477107,497.283719521245,3.59831473663975
556.739495374668,43.6644205110575,4.18844416093392
72.7934865473857,373.885097223931,3.97935787029697
224.877453932252,417.716352143376,3.88722205262483
426.650444126064,9.78880148724788,3.23200710631607
360.584314891467,294.804885221787,2.96449665481214
607.028281680193,107.193282240388,4.07073514872141
390.096129413634,229.877025679346,4.1461889786553
562.721176696764,414.549017833815,4.73826465060077
138.257168696769,288.138441146206,4.59695454702373
203.992572237534,372.087251493602,3.96173126721227
122.950338764657,411.823453848353,3.48797435738424
626.92404361629,311.2815879028,4.47143014698682
0.625060591947042,147.536892093016,4.17825921718749
545.305570881329,206.105079176234,4.25893144067103
34.3904012921202,495.619016620859,3.00897017056983
278.181432621185,26.1972169743294,3.96980207714912
532.140814512161,392.694007877854,3.36213570258099
63.2612765671143,68.4764571672399,5.1520789648827
3.49807804242571,70.9263289080122,3.36945926734792
585.764733755956,225.368502502876,3.96730616974515
442.90791437827,466.563246485608,4.83316642958597
660.26065770248,374.152518924382,3.10054283626065
104.286188629655,481.16401242191,4.34022274506177
623.455459004545,91.396428073887,4.0817929365956
420.177605670908,259.694165326443,3.66332861215117
9.72906542390274,181.420628891669,3.291868035808
59.2671436918269,119.827152032689,4.69406517443752
611.088843973124,198.975791547281,4.42850826334756
255.419767633049,229.886070137997,3.80880206570153
571.457730201996,436.08259993898,3.96760485706695
301.368294521634,137.124023646937,3.90941985899165
528.704168026967,454.524249697797,3.84004600049775
51.2425640639962,421.139213648033,4.20384494751621
195.727958451227,284.647361425807,4.21410148380617
548.668691824025,265.010871300956,3.71672093793818
165.85762310279,26.6823714434019,4.18044097284292
505.476925311619,343.262253103809,4.44481136339274
43.3780846766118,47.0362217413073,4.39347879675601
542.833317749,159.597235970397,4.52062036934324
NA,NA,NA
661.660409910981,333.377023685048,3.45472827048649
455.457577451165,304.961645784566,3.79608176060833
9.88286493296521,492.743677810478,3.69794622432458
556.628456506108,45.8877816451992,4.17365301620313
70.0853227473706,372.778760755996,4.14923848888153
227.378097965717,413.24885341924,3.94854901551815
430.040212254615,15.2084528858828,3.23408878672913
359.867776753643,291.722829025114,3.22335713405576
603.05293950422,104.395622077908,4.14304697603214
392.161636720872,227.955464777937,4.19797437383566
570.27853818032,415.590020481874,4.67745100440786
139.983384186494,288.166461376047,4.50101832134079
192.394189553918,368.245304966045,4.04906423826991
125.225100391247,410.966205040966,3.55807086626254
624.509654857082,309.668802776346,4.56656600926293
2.99860855247648,149.993734894089,4.1831936798171
542.578049815632,203.479462159413,4.21111244792432
34.003720699312,492.272354725432,3.09907092279834
276.915900128034,24.3985154902212,4.05569609146022
531.770577454011,393.077146012634,3.42830969641254
72.0737619405926,72.0090593503643,5.19751498103432
7.51321305685189,76.291015949234,3.47734685078901
590.366001766924,233.565986453995,4.09065934883762
444.658142886711,466.240459827091,4.82959358639327
659.121754968339,374.656597084187,3.14199614243853
105.723424847128,493.185293378158,4.2772034379114
620.92382068714,90.4629422289469,4.07066244788677
417.114196728703,255.512496825673,3.56068469051209
9.21403986888022,180.430066737317,3.30474946902925
54.3962926040962,105.371132058854,4.46462825467877
606.928368767787,207.170860521774,4.12273179336312
260.696560000642,212.546084360887,3.42744034758288
577.764580766773,444.231226343417,3.75130856260224
297.61957577777,131.025065896413,4.17022149218943
530.479170517792,459.531120848863,3.51499553195439
58.4583835290147,417.765302771495,3.88626069892462
206.189398139772,291.697017703881,3.93788928183861
555.159436932276,263.429551459263,3.52451765135058
179.943373723243,30.663287557926,4.1801469189078
502.110896662097,353.378216859687,4.62205106821216
40.4563310889937,50.6268486270048,3.71504416651486
538.347699454131,140.664272039137,4.8501277050275
NA,NA,NA
661.660409910981,333.377023685048,3.45472827048649
455.457577451165,304.961645784566,3.79608176060833
9.88286493296521,492.743677810478,3.69794622432458
556.628456506108,45.8877816451992,4.17365301620313
70.0853227473706,372.778760755996,4.14923848888153
227.378097965717,413.24885341924,3.94854901551815
430.040212254615,15.2084528858828,3.23408878672913
359.867776753643,291.722829025114,3.22335713405576
603.05293950422,104.395622077908,4.14304697603214
392.161636720872,227.955464777937,4.19797437383566
570.27853818032,415.590020481874,4.67745100440786
139.983384186494,288.166461376047,4.50101832134079
192.394189553918,368.245304966045,4.04906423826991
125.225100391247,410.966205040966,3.55807086626254
624.509654857082,309.668802776346,4.56656600926293
2.99860855247648,149.993734894089,4.1831936798171
542.578049815632,203.479462159413,4.21111244792432
34.003720699312,492.272354725432,3.09907092279834
276.915900128034,24.3985154902212,4.05569609146022
531.770577454011,393.077146012634,3.42830969641254
72.0737619405926,72.0090593503643,5.19751498103432
7.51321305685189,76.291015949234,3.47734685078901
590.366001766924,233.565986453995,4.09065934883762
444.658142886711,466.240459827091,4.82959358639327
659.121754968339,374.656597084187,3.14199614243853
105.723424847128,493.185293378158,4.2772034379114
620.92382068714,90.4629422289469,4.07066244788677
417.114196728703,255.512496825673,3.56068469051209
9.21403986888022,180.430066737317,3.30474946902925
54.3962926040962,105.371132058854,4.46462825467877
606.928368767787,207.170860521774,4.12273179336312
260.696560000642,212.546084360887,3.42744034758288
577.764580766773,444.231226343417,3.75130856260224
297.61957577777,131.025065896413,4.17022149218943
530.479170517792,459.531120848863,3.51499553195439
58.4583835290147,417.765302771495,3.88626069892462
206.189398139772,291.697017703881,3.93788928183861
555.159436932276,263.429551459263,3.52451765135058
179.943373723243,30.663287557926,4.1801469189078
502.110896662097,353.378216859687,4.62205106821216
40.4563310889937,50.6268486270048,3.71504416651486
538.347699454131,140.664272039137,4.8501277050275
NA,NA,NA
661.660409910981,333.377023685048,3.45472827048649
455.457577451165,304.961645784566,3.79608176060833
9.88286493296521,492.743677810478,3.69794622432458
556.628456506108,45.8877816451992,4.17365301620313
70.0853227473706,372.778760755996,4.14923848888153
227.378097965717,413.24885341924,3.94854901551815
430.040212254615,15.2084528858828,3.23408878672913
359.867776753643,291.722829025114,3.22335713405576
603.05293950422,104.395622077908,4.14304697603214
392.161636720872,227.955464777937,4.19797437383566
570.27853818032,415.590020481874,4.67745100440786
139.983384186494,288.166461376047,4.50101832134079
192.394189553918,368.245304966045,4.04906423826991
125.225100391247,410.966205040966,3.55807086626254
624.509654857082,309.668802776346,4.56656600926293
2.99860855247648,149.993734894089,4.1831936798171
542.578049815632,203.479462159413,4.21111244792432
34.003720699312,492.272354725432,3.09907092279834
276.915900128034,24.3985154902212,4.05569609146022
531.770577454011,393.077146012634,3.42830969641254
72.0737619405926,72.0090593503643,5.19751498103432
7.51321305685189,76.291015949234,3.47734685078901
590.366001766924,233.565986453995,4.09065934883762
444.658142886711,466.240459827091,4.82959358639327
659.121754968339,374.656597084187,3.14199614243853
105.723424847128,493.185293378158,4.2772034379114
620.92382068714,90.4629422289469,4.07066244788677
417.114196728703,255.512496825673,3.56068469051209
9.21403986888022,180.430066737317,3.30474946902925
54.3962926040962,105.371132058854,4.46462825467877
606.928368767787,207.170860521774,4.12273179336312
260.696560000642,212.546084360887,3.42744034758288
577.764580766773,444.231226343417,3.75130856260224
297.61957577777,131.025065896413,4.17022149218943
530.479170517792,459.531120848863,3.51499553195439
58.4583835290147,417.765302771495,3.88626069892462
206.189398139772,291.697017703881,3.93788928183861
555.159436932276,263.429551459263,3.52451765135058
179.943373723243,30.663287557926,4.1801469189078
502.110896662097,353.378216859687,4.62205106821216
40.4563310889937,50.6268486270048,3.71504416651486
538.347699454131,140.664272039137,4.8501277050275
NA,NA,NA
661.660409910981,333.377023685048,3.45472827048649
455.457577451165,304.961645784566,3.79608176060833
9.88286493296521,492.743677810478,3.69794622432458
556.628456506108,45.8877816451992,4.17365301620313
70.0853227473706,372.778760755996,4.14923848888153
227.378097965717,413.24885341924,3.94854901551815
430.040212254615,15.2084528858828,3.23408878672913
359.867776753643,291.722829025114,3.22335713405576
603.05293950422,104.395622077908,4.14304697603214
392.161636720872,227.955464777937,4.19797437383566
570.27853818032,415.590020481874,4.67745100440786
139.983384186494,288.166461376047,4.50101832134079
192.394189553918,368.245304966045,4.04906423826991
125.225100391247,410.966205040966,3.55807086626254
624.509654857082,309.668802776346,4.56656600926293
2.99860855247648,149.993734894089,4.1831936798171
542.578049815632,203.479462159413,4.21111244792432
34.003720699312,492.272354725432,3.09907092279834
276.915900128034,24.3985154902212,4.05569609146022
531.770577454011,393.077146012634,3.42830969641254
72.0737619405926,72.0090593503643,5.19751498103432
7.51321305685189,76.291015949234,3.47734685078901
590.366001766924,233.565986453995,4.09065934883762
444.658142886711,466.240459827091,4.82959358639327
659.121754968339,374.656597084187,3.14199614243853
105.723424847128,493.185293378158,4.2772034379114
620.92382068714,90.4629422289469,4.07066244788677
417.114196728703,255.512496825673,3.56068469051209
9.21403986888022,180.430066737317,3.30474946902925
54.3962926040962,105.371132058854,4.46462825467877
606.928368767787,207.170860521774,4.12273179336312
260.696560000642,212.546084360887,3.42744034758288
577.764580766773,444.231226343417,3.75130856260224
297.61957577777,131.025065896413,4.17022149218943
530.479170517792,459.531120848863,3.51499553195439
58.4583835290147,417.765302771495,3.88626069892462
206.189398139772,291.697017703881,3.93788928183861
555.159436932276,263.429551459263,3.52451765135058
179.943373723243,30.663287557926,4.1801469189078
502.110896662097,353.378216859687,4.62205106821216
40.4563310889937,50.6268486270048,3.71504416651486
538.347699454131,140.664272039137,4.8501277050275
NA,NA,NA
661.660409910981,333.377023685048,3.45472827048649
455.457577451165,304.961645784566,3.79608176060833
9.88286493296521,492.743677810478,3.69794622432458
556.628456506108,45.8877816451992,4.17365301620313
70.0853227473706,372.778760755996,4.14923848888153
227.378097965717,413.24885341924,3.94854901551815
430.040212254615,15.2084528858828,3.23408878672913
359.867776753643,291.722829025114,3.22335713405576
603.05293950422,104.395622077908,4.14304697603214
392.161636720872,227.955464777937,4.19797437383566
570.27853818032,415.590020481874,4.67745100440786
139.983384186494,288.166461376047,4.50101832134079
192.394189553918,368.245304966045,4.04906423826991
125.225100391247,410.966205040966,3.55807086626254
624.509654857082,309.668802776346,4.56656600926293
2.99860855247648,149.993734894089,4.1831936798171
542.578049815632,203.479462159413,4.21111244792432
34.003720699312,492.272354725432,3.09907092279834
276.915900128034,24.3985154902212,4.05569609146022
531.770577454011,393.077146012634,3.42830969641254
72.0737619405926,72.0090593503643,5.19751498103432
7.51321305685189,76.291015949234,3.47734685078901
590.366001766924,233.565986453995,4.09065934883762
444.658142886711,466.240459827091,4.82959358639327
659.121754968339,374.656597084187,3.14199614243853
105.723424847128,493.185293378158,4.2772034379114
620.92382068714,90.4629422289469,4.07066244788677
417.114196728703,255.512496825673,3.56068469051209
9.21403986888022,180.430066737317,3.30474946902925
54.3962926040962,105.371132058854,4.46462825467877
606.928368767787,207.170860521774,4.12273179336312
260.696560000642,212.546084360887,3.42744034758288
577.764580766773,444.231226343417,3.75130856260224
297.61957577777,131.025065896413,4.17022149218943
530.479170517792,459.531120848863,3.51499553195439
58.4583835290147,417.765302771495,3.88626069892462
206.189398139772,291.697017703881,3.93788928183861
555.159436932276,263.429551459263,3.52451765135058
179.943373723243,30.663287557926,4.1801469189078
502.110896662097,353.378216859687,4.62205106821216
40.4563310889937,50.6268486270048,3.71504416651486
538.347699454131,140.664272039137,4.8501277050275
NA,NA,NA
661.660409910981,333.377023685048,3.45472827048649
455.457577451165,304.961645784566,3.79608176060833
9.88286493296521,492.743677810478,3.69794622432458
556.628456506108,45.8877816451992,4.17365301620313
70.0853227473706,372.778760755996,4.14923848888153
227.378097965717,413.24885341924,3.94854901551815
430.040212254615,15.2084528858828,3.23408878672913
359.867776753643,291.722829025114,3.22335713405576
603.05293950422,104.395622077908,4.14304697603214
392.161636720872,227.955464777937,4.19797437383566
570.27853818032,415.590020481874,4.67745100440786
139.983384186494,288.166461376047,4.50101832134079
192.394189553918,368.245304966045,4.04906423826991
125.225100391247,410.966205040966,3.55807086626254
624.509654857082,309.668802776346,4.56656600926293
2.99860855247648,149.993734894089,4.1831936798171
542.578049815632,203.479462159413,4.21111244792432
34.003720699312,492.272354725432,3.09907092279834
276.915900128034,24.3985154902212,4.05569609146022
531.770577454011,393.077146012634,3.42830969641254
72.0737619405926,72.0090593503643,5.19751498103432
7.51321305685189,76.291015949234,3.47734685078901
590.366001766924,233.565986453995,4.09065934883762
444.658142886711,466.240459827091,4.82959358639327
659.121754968339,374.656597084187,3.14199614243853
105.723424847128,493.185293378158,4.2772034379114
620.92382068714,90.4629422289469,4.07066244788677
417.114196728703,255.512496825673,3.56068469051209
9.21403986888022,180.430066737317,3.30474946902925
54.3962926040962,105.371132058854,4.46462825467877
606.928368767787,207.170860521774,4.12273179336312
260.696560000642,212.546084360887,3.42744034758288
577.764580766773,444.231226343417,3.75130856260224
297.61957577777,131.025065896413,4.17022149218943
530.479170517792,459.531120848863,3.51499553195439
58.4583835290147,417.765302771495,3.88626069892462
206.189398139772,291.697017703881,3.93788928183861
555.159436932276,263.429551459263,3.52451765135058
179.943373723243,30.663287557926,4.1801469189078
502.110896662097,353.378216859687,4.62205106821216
40.4563310889937,50.6268486270048,3.71504416651486
538.347699454131,140.664272039137,4.8501277050275
NA,NA,NA
660.790805730703,336.231363352156,3.43941126774404
456.189940888999,299.229386408295,3.79244990529836
15.6158702789589,497.356852639588,3.63407281170838
555.954448776278,50.6416000764509,4.20168350135104
72.7325356850343,376.82552089112,3.97051744332306
229.875439884835,418.626676909343,3.83739617770256
426.587105230569,13.5166067207862,3.27368171903939
362.450256564149,293.853774082636,2.9292702171483
608.707191937773,101.69526440171,4.22444058027299
392.440044092995,229.647984445267,4.15226227548033
571.116722432991,405.785077385696,4.66164037700044
140.822222292485,278.796551651284,4.56425735172994
195.670174031211,368.799019743893,4.10003497890979
128.692365761368,411.82247522123,3.33433412168093
628.668445015415,314.941946886401,4.47777597420485
-4.95343722689128,151.542247646344,4.25085327948499
543.950899759333,204.555728409496,4.16571556881477
33.7240471097439,493.428663464968,3.02386449299136
280.067356016878,21.5544776189245,3.68470361576404
533.461857250269,393.895550770489,3.54436158518787
71.9442937049621,79.9229484160249,5.26041532818584
3.45306802514299,75.4546869719054,3.38701612283839
583.507824271539,224.748397658059,4.09030511142063
440.889610870968,463.377516792315,4.75682767195327
656.85802946033,374.676108190622,2.72976523820505
107.213911597821,485.878374761485,4.26772467296926
624.03163278283,92.0803849247653,4.01973900341119
421.272263747223,257.729401778571,3.60847669783071
9.07091151980455,180.673474748227,3.10498856126139
66.6737657521051,101.805807185785,4.62238382292515
603.947410793274,206.73766106018,3.82062797815882
236.577225025565,217.141503976705,3.94141574942398
585.768577678388,433.708190608212,3.84313726048318
295.090259394396,132.714298503352,3.94284192397634
523.758241961846,453.645603436588,3.6675986866912
49.010377183765,426.117350243287,4.01033515545752
203.480603531121,292.446899268257,3.67321454322343
549.894479701313,253.938880278086,4.1414739220923
165.961789841388,17.7822809859887,4.3318158753011
511.2310153558,347.804455069968,4.74549341966069
35.9141628429653,42.9386123366313,3.79645736164909
531.47432861436,142.166562657355,4.68948681087635
NA,NA,NA
660.790805730703,336.231363352156,3.43941126774404
456.189940888999,299.229386408295,3.79244990529836
15.6158702789589,497.356852639588,3.63407281170838
555.954448776278,50.6416000764509,4.20168350135104
72.7325356850343,376.82552089112,3.97051744332306
229.875439884835,418.626676909343,3.83739617770256
426.587105230569,13.5166067207862,3.27368171903939
362.450256564149,293.853774082636,2.9292702171483
608.707191937773,101.69526440171,4.22444058027299
392.440044092995,229.647984445267,4.15226227548033
571.116722432991,405.785077385696,4.66164037700044
140.822222292485,278.796551651284,4.56425735172994
195.670174031211,368.799019743893,4.10003497890979
128.692365761368,411.82247522123,3.33433412168093
628.668445015415,314.941946886401,4.47777597420485
-4.95343722689128,151.542247646344,4.25085327948499
543.950899759333,204.555728409496,4.16571556881477
33.7240471097439,493.428663464968,3.02386449299136
280.067356016878,21.5544776189245,3.68470361576404
533.461857250269,393.895550770489,3.54436158518787
71.9442937049621,79.9229484160249,5.26041532818584
3.45306802514299,75.4546869719054,3.38701612283839
583.507824271539,224.748397658059,4.09030511142063
440.889610870968,463.377516792315,4.75682767195327
656.85802946033,374.676108190622,2.72976523820505
107.213911597821,485.878374761485,4.26772467296926
624.03163278283,92.0803849247653,4.01973900341119
421.272263747223,257.729401778571,3.60847669783071
9.07091151980455,180.673474748227,3.10498856126139
66.6737657521051,101.805807185785,4.62238382292515
603.947410793274,206.73766106018,3.82062797815882
236.577225025565,217.141503976705,3.94141574942398
585.768577678388,433.708190608212,3.84313726048318
295.090259394396,132.714298503352,3.94284192397634
523.758241961846,453.645603436588,3.6675986866912
49.010377183765,426.117350243287,4.01033515545752
203.480603531121,292.446899268257,3.67321454322343
549.894479701313,253.938880278086,4.1414739220923
165.961789841388,17.7822809859887,4.3318158753011
511.2310153558,347.804455069968,4.74549341966069
35.9141628429653,42.9386123366313,3.79645736164909
531.47432861436,142.166562657355,4.68948681087635
NA,NA,NA
660.790805730703,336.231363352156,3.43941126774404
456.189940888999,299.229386408295,3.79244990529836
15.6158702789589,497.356852639588,3.63407281170838
555.954448776278,50.6416000764509,4.20168350135104
72.7325356850343,376.82552089112,3.97051744332306
229.875439884835,418.626676909343,3.83739617770256
426.587105230569,13.5166067207862,3.27368171903939
362.450256564149,293.853774082636,2.9292702171483
608.707191937773,101.69526440171,4.22444058027299
392.440044092995,229.647984445267,4.15226227548033
571.116722432991,405.785077385696,4.66164037700044
140.822222292485,278.796551651284,4.56425735172994
195.670174031211,368.799019743893,4.10003497890979
128.692365761368,411.82247522123,3.33433412168093
628.668445015415,314.941946886401,4.47777597420485
-4.95343722689128,151.542247646344,4.25085327948499
543.950899759333,204.555728409496,4.16571556881477
33.7240471097439,493.428663464968,3.02386449299136
280.067356016878,21.5544776189245,3.68470361576404
533.461857250269,393.895550770489,3.54436158518787
71.9442937049621,79.9229484160249,5.26041532818584
3.45306802514299,75.4546869719054,3.38701612283839
583.507824271539,224.748397658059,4.09030511142063
440.889610870968,463.377516792315,4.75682767195327
656.85802946033,374.676108190622,2.72976523820505
107.213911597821,485.878374761485,4.26772467296926
624.03163278283,92.0803849247653,4.01973900341119
421.272263747223,257.729401778571,3.60847669783071
9.07091151980455,180.673474748227,3.10498856126139
66.6737657521051,101.805807185785,4.62238382292515
603.947410793274,206.73766106018,3.82062797815882
236.577225025565,217.141503976705,3.94141574942398
585.768577678388,433.708190608212,3.84313726048318
295.090259394396,132.714298503352,3.94284192397634
523.758241961846,453.645603436588,3.6675986866912
49.010377183765,426.117350243287,4.01033515545752
203.480603531121,292.446899268257,3.67321454322343
549.894479701313,253.938880278086,4.1414739220923
165.961789841388,17.7822809859887,4.3318158753011
511.2310153558,347.804455069968,4.74549341966069
35.9141628429653,42.9386123366313,3.79645736164909
531.47432861436,142.166562657355,4.68948681087635
NA,NA,NA
660.790805730703,336.231363352156,3.43941126774404
456.189940888999,299.229386408295,3.79244990529836
15.6158702789589,497.356852639588,3.63407281170838
555.954448776278,50.6416000764509,4.20168350135104
72.7325356850343,376.82552089112,3.97051744332306
229.875439884835,418.626676909343,3.83739617770256
426.587105230569,13.5166067207862,3.27368171903939
362.450256564149,293.853774082636,2.9292702171483
608.707191937773,101.69526440171,4.22444058027299
392.440044092995,229.647984445267,4.15226227548033
571.116722432991,405.785077385696,4.66164037700044
140.822222292485,278.796551651284,4.56425735172994
195.670174031211,368.799019743893,4.10003497890979
128.692365761368,411.82247522123,3.33433412168093
628.668445015415,314.941946886401,4.47777597420485
-4.95343722689128,151.542247646344,4.25085327948499
543.950899759333,204.555728409496,4.16571556881477
33.7240471097439,493.428663464968,3.02386449299136
280.067356016878,21.5544776189245,3.68470361576404
533.461857250269,393.895550770489,3.54436158518787
71.9442937049621,79.9229484160249,5.26041532818584
3.45306802514299,75.4546869719054,3.38701612283839
583.507824271539,224.748397658059,4.09030511142063
440.889610870968,463.377516792315,4.75682767195327
656.85802946033,374.676108190622,2.72976523820505
107.213911597821,485.878374761485,4.26772467296926
624.03163278283,92.0803849247653,4.01973900341119
421.272263747223,257.729401778571,3.60847669783071
9.07091151980455,180.673474748227,3.10498856126139
66.6737657521051,101.805807185785,4.62238382292515
603.947410793274,206.73766106018,3.82062797815882
236.577225025565,217.141503976705,3.94141574942398
585.768577678388,433.708190608212,3.84313726048318
295.090259394396,132.714298503352,3.94284192397634
523.758241961846,453.645603436588,3.6675986866912
49.010377183765,426.117350243287,4.01033515545752
203.480603531121,292.446899268257,3.67321454322343
549.894479701313,253.938880278086,4.1414739220923
165.961789841388,17.7822809859887,4.3318158753011
511.2310153558,347.804455069968,4.74549341966069
35.9141628429653,42.9386123366313,3.79645736164909
531.47432861436,142.166562657355,4.68948681087635
NA,NA,NA
660.790805730703,336.231363352156,3.43941126774404
456.189940888999,299.229386408295,3.79244990529836
15.6158702789589,497.356852639588,3.63407281170838
555.954448776278,50.6416000764509,4.20168350135104
72.7325356850343,376.82552089112,3.97051744332306
229.875439884835,418.626676909343,3.83739617770256
426.587105230569,13.5166067207862,3.27368171903939
362.450256564149,293.853774082636,2.9292702171483
608.707191937773,101.69526440171,4.22444058027299
392.440044092995,229.647984445267,4.15226227548033
571.116722432991,405.785077385696,4.66164037700044
140.822222292485,278.796551651284,4.56425735172994
195.670174031211,368.799019743893,4.10003497890979
128.692365761368,411.82247522123,3.33433412168093
628.668445015415,314.941946886401,4.47777597420485
-4.95343722689128,151.542247646344,4.25085327948499
543.950899759333,204.555728409496,4.16571556881477
33.7240471097439,493.428663464968,3.02386449299136
280.067356016878,21.5544776189245,3.68470361576404
533.461857250269,393.895550770489,3.54436158518787
71.9442937049621,79.9229484160249,5.26041532818584
3.45306802514299,75.4546869719054,3.38701612283839
583.507824271539,224.748397658059,4.09030511142063
440.889610870968,463.377516792315,4.75682767195327
656.85802946033,374.676108190622,2.72976523820505
107.213911597821,485.878374761485,4.26772467296926
624.03163278283,92.0803849247653,4.01973900341119
421.272263747223,257.729401778571,3.60847669783071
9.07091151980455,180.673474748227,3.10498856126139
66.6737657521051,101.805807185785,4.62238382292515
603.947410793274,206.73766106018,3.82062797815882
236.577225025565,217.141503976705,3.94141574942398
585.768577678388,433.708190608212,3.84313726048318
295.090259394396,132.714298503352,3.94284192397634
523.758241961846,453.645603436588,3.6675986866912
49.010377183765,426.117350243287,4.01033515545752
203.480603531121,292.446899268257,3.67321454322343
549.894479701313,253.938880278086,4.1414739220923
165.961789841388,17.7822809859887,4.3318158753011
511.2310153558,347.804455069968,4.74549341966069
35.9141628429653,42.9386123366313,3.79645736164909
531.47432861436,142.166562657355,4.68948681087635
NA,NA,NA
660.790805730703,336.231363352156,3.43941126774404
456.189940888999,299.229386408295,3.79244990529836
15.6158702789589,497.356852639588,3.63407281170838
555.954448776278,50.6416000764509,4.20168350135104
72.7325356850343,376.82552089112,3.97051744332306
229.875439884835,418.626676909343,3.83739617770256
426.587105230569,13.5166067207862,3.27368171903939
362.450256564149,293.853774082636,2.9292702171483
608.707191937773,101.69526440171,4.22444058027299
392.440044092995,229.647984445267,4.15226227548033
571.116722432991,405.785077385696,4.66164037700044
140.822222292485,278.796551651284,4.56425735172994
195.670174031211,368.799019743893,4.10003497890979
128.692365761368,411.82247522123,3.33433412168093
628.668445015415,314.941946886401,4.47777597420485
-4.95343722689128,151.542247646344,4.25085327948499
543.950899759333,204.555728409496,4.16571556881477
33.7240471097439,493.428663464968,3.02386449299136
280.067356016878,21.5544776189245,3.68470361576404
533.461857250269,393.895550770489,3.54436158518787
71.9442937049621,79.9229484160249,5.26041532818584
3.45306802514299,75.4546869719054,3.38701612283839
583.507824271539,224.748397658059,4.09030511142063
440.889610870968,463.377516792315,4.75682767195327
656.85802946033,374.676108190622,2.72976523820505
107.213911597821,485.878374761485,4.26772467296926
624.03163278283,92.0803849247653,4.01973900341119
421.272263747223,257.729401778571,3.60847669783071
9.07091151980455,180.673474748227,3.10498856126139
66.6737657521051,101.805807185785,4.62238382292515
603.947410793274,206.73766106018,3.82062797815882
236.577225025565,217.141503976705,3.94141574942398
585.768577678388,433.708190608212,3.84313726048318
295.090259394396,132.714298503352,3.94284192397634
523.758241961846,453.645603436588,3.6675986866912
49.010377183765,426.117350243287,4.01033515545752
203.480603531121,292.446899268257,3.67321454322343
549.894479701313,253.938880278086,4.1414739220923
165.961789841388,17.7822809859887,4.3318158753011
511.2310153558,347.804455069968,4.74549341966069
35.9141628429653,42.9386123366313,3.79645736164909
531.47432861436,142.166562657355,4.68948681087635
NA,NA,NA
660.117229550017,336.012663840405,3.59362927177162
458.628284940055,299.457828212217,3.5309557364756
10.4915711085898,492.261025224999,3.67910009645009
560.564661056212,48.557133944323,4.14543462067422
72.6470303818479,375.378363454788,3.99413229264252
224.690987659997,419.504910396766,3.84409571590915
427.112605301677,12.0127348273858,3.34505622756279
363.387496927679,290.438960743581,3.07799608811461
603.592000246797,103.551802572789,4.2244170444731
391.949544823251,228.43808139429,4.11910748623434
573.24028766979,405.578868776599,4.7327356831148
142.117179365241,284.185679737083,4.5389229509552
201.032794068444,366.419125909526,4.03420552322426
123.455066255632,408.299804426763,3.46476592307574
629.19808502118,315.030893935237,4.61540432593651
1.74557425707787,144.961742139763,4.19829606583184
541.255230864544,199.698936414249,4.16866640887456
34.0740719026951,490.212655230199,2.99567399185168
279.114309821574,22.2658912770133,3.79620405076004
531.620380456971,392.627462722654,3.42056323862819
67.7113347360769,77.5352211801515,5.26758826109443
3.78007543207961,74.8580284583348,3.4827292845439
589.946509058305,225.231420518158,3.97185417695402
439.773302085515,458.797822308302,4.82116142775139
659.270514850131,374.417757177857,2.95800714592517
101.245933848168,488.432657972095,4.31321916580313
626.706169682447,88.0500391435244,4.08635647884649
418.834808002463,256.542682680064,3.72619912523746
9.82273167610223,182.33273153107,3.12901794181091
70.2075751754106,126.87063714129,4.46967572071178
594.82413657678,197.044861236675,4.62666188208114
255.780738410844,217.746256924285,3.52083300359409
572.48755627998,428.881736926018,3.82636490389023
299.844363056875,135.747886488146,3.81566575121223
524.567743766086,457.899009470422,3.33200560219041
52.8781899308498,424.85906032767,3.93619727793993
206.329106940961,283.37374683051,4.34534638146933
550.02576945677,265.21295193328,3.92573096462919
167.791018921844,24.4136826702549,4.20609157169406
510.411248971577,347.654152865498,4.63443373578109
32.6217723231254,51.923003906213,3.65142688179859
549.412499786302,149.80614488534,4.764251584087
NA,NA,NA
660.117229550017,336.012663840405,3.59362927177162
458.628284940055,299.457828212217,3.5309557364756
10.4915711085898,492.261025224999,3.67910009645009
560.564661056212,48.557133944323,4.14543462067422
72.6470303818479,375.378363454788,3.99413229264252
224.690987659997,419.504910396766,3.84409571590915
427.112605301677,12.0127348273858,3.34505622756279
363.387496927679,290.438960743581,3.07799608811461
603.592000246797,103.551802572789,4.2244170444731
391.949544823251,228.43808139429,4.11910748623434
573.24028766979,405.578868776599,4.7327356831148
142.117179365241,284.185679737083,4.5389229509552
201.032794068444,366.419125909526,4.03420552322426
123.455066255632,408.299804426763,3.46476592307574
629.19808502118,315.030893935237,4.61540432593651
1.74557425707787,144.961742139763,4.19829606583184
541.255230864544,199.698936414249,4.16866640887456
34.0740719026951,490.212655230199,2.99567399185168
279.114309821574,22.2658912770133,3.79620405076004
531.620380456971,392.627462722654,3.42056323862819
67.7113347360769,77.5352211801515,5.26758826109443
3.78007543207961,74.8580284583348,3.4827292845439
589.946509058305,225.231420518158,3.97185417695402
439.773302085515,458.797822308302,4.82116142775139
659.270514850131,374.417757177857,2.95800714592517
101.245933848168,488.432657972095,4.31321916580313
626.706169682447,88.0500391435244,4.08635647884649
418.834808002463,256.542682680064,3.72619912523746
9.82273167610223,182.33273153107,3.12901794181091
70.2075751754106,126.87063714129,4.46967572071178
594.82413657678,197.044861236675,4.62666188208114
255.780738410844,217.746256924285,3.52083300359409
572.48755627998,428.881736926018,3.82636490389023
299.844363056875,135.747886488146,3.81566575121223
524.567743766086,457.899009470422,3.33200560219041
52.8781899308498,424.85906032767,3.93619727793993
206.329106940961,283.37374683051,4.34534638146933
550.02576945677,265.21295193328,3.92573096462919
167.791018921844,24.4136826702549,4.20609157169406
510.411248971577,347.654152865498,4.63443373578109
32.6217723231254,51.923003906213,3.65142688179859
549.412499786302,149.80614488534,4.764251584087
NA,NA,NA
660.117229550017,336.012663840405,3.59362927177162
458.628284940055,299.457828212217,3.5309557364756
10.4915711085898,492.261025224999,3.67910009645009
560.564661056212,48.557133944323,4.14543462067422
72.6470303818479,375.378363454788,3.99413229264252
224.690987659997,419.504910396766,3.84409571590915
427.112605301677,12.0127348273858,3.34505622756279
363.387496927679,290.438960743581,3.07799608811461
603.592000246797,103.551802572789,4.2244170444731
391.949544823251,228.43808139429,4.11910748623434
573.24028766979,405.578868776599,4.7327356831148
142.117179365241,284.185679737083,4.5389229509552
201.032794068444,366.419125909526,4.03420552322426
123.455066255632,408.299804426763,3.46476592307574
629.19808502118,315.030893935237,4.61540432593651
1.74557425707787,144.961742139763,4.19829606583184
541.255230864544,199.698936414249,4.16866640887456
34.0740719026951,490.212655230199,2.99567399185168
279.114309821574,22.2658912770133,3.79620405076004
531.620380456971,392.627462722654,3.42056323862819
67.7113347360769,77.5352211801515,5.26758826109443
3.78007543207961,74.8580284583348,3.4827292845439
589.946509058305,225.231420518158,3.97185417695402
439.773302085515,458.797822308302,4.82116142775139
659.270514850131,374.417757177857,2.95800714592517
101.245933848168,488.432657972095,4.31321916580313
626.706169682447,88.0500391435244,4.08635647884649
418.834808002463,256.542682680064,3.72619912523746
9.82273167610223,182.33273153107,3.12901794181091
70.2075751754106,126.87063714129,4.46967572071178
594.82413657678,197.044861236675,4.62666188208114
255.780738410844,217.746256924285,3.52083300359409
572.48755627998,428.881736926018,3.82636490389023
299.844363056875,135.747886488146,3.81566575121223
524.567743766086,457.899009470422,3.33200560219041
52.8781899308498,424.85906032767,3.93619727793993
206.329106940961,283.37374683051,4.34534638146933
550.02576945677,265.21295193328,3.92573096462919
167.791018921844,24.4136826702549,4.20609157169406
510.411248971577,347.654152865498,4.63443373578109
32.6217723231254,51.923003906213,3.65142688179859
549.412499786302,149.80614488534,4.764251584087
NA,NA,NA
660.117229550017,336.012663840405,3.59362927177162
458.628284940055,299.457828212217,3.5309557364756
10.4915711085898,492.261025224999,3.67910009645009
560.564661056212,48.557133944323,4.14543462067422
72.6470303818479,375.378363454788,3.99413229264252
224.690987659997,419.504910396766,3.84409571590915
427.112605301677,12.0127348273858,3.34505622756279
363.387496927679,290.438960743581,3.07799608811461
603.592000246797,103.551802572789,4.2244170444731
391.949544823251,228.43808139429,4.11910748623434
573.24028766979,405.578868776599,4.7327356831148
142.117179365241,284.185679737083,4.5389229509552
201.032794068444,366.419125909526,4.03420552322426
123.455066255632,408.299804426763,3.46476592307574
629.19808502118,315.030893935237,4.61540432593651
1.74557425707787,144.961742139763,4.19829606583184
541.255230864544,199.698936414249,4.16866640887456
34.0740719026951,490.212655230199,2.99567399185168
279.114309821574,22.2658912770133,3.79620405076004
531.620380456971,392.627462722654,3.42056323862819
67.7113347360769,77.5352211801515,5.26758826109443
3.78007543207961,74.8580284583348,3.4827292845439
589.946509058305,225.231420518158,3.97185417695402
439.773302085515,458.797822308302,4.82116142775139
659.270514850131,374.417757177857,2.95800714592517
101.245933848168,488.432657972095,4.31321916580313
626.706169682447,88.0500391435244,4.08635647884649
418.834808002463,256.542682680064,3.72619912523746
9.82273167610223,182.33273153107,3.12901794181091
70.2075751754106,126.87063714129,4.46967572071178
594.82413657678,197.044861236675,4.62666188208114
255.780738410844,217.746256924285,3.52083300359409
572.48755627998,428.881736926018,3.82636490389023
299.844363056875,135.747886488146,3.81566575121223
524.567743766086,457.899009470422,3.33200560219041
52.8781899308498,424.85906032767,3.93619727793993
206.329106940961,283.37374683051,4.34534638146933
550.02576945677,265.21295193328,3.92573096462919
167.791018921844,24.4136826702549,4.20609157169406
510.411248971577,347.654152865498,4.63443373578109
32.6217723231254,51.923003906213,3.65142688179859
549.412499786302,149.80614488534,4.764251584087
NA,NA,NA
660.117229550017,336.012663840405,3.59362927177162
458.628284940055,299.457828212217,3.5309557364756
10.4915711085898,492.261025224999,3.67910009645009
560.564661056212,48.557133944323,4.14543462067422
72.6470303818479,375.378363454788,3.99413229264252
224.690987659997,419.504910396766,3.84409571590915
427.112605301677,12.0127348273858,3.34505622756279
363.387496927679,290.438960743581,3.07799608811461
603.592000246797,103.551802572789,4.2244170444731
391.949544823251,228.43808139429,4.11910748623434
573.24028766979,405.578868776599,4.7327356831148
142.117179365241,284.185679737083,4.5389229509552
201.032794068444,366.419125909526,4.03420552322426
123.455066255632,408.299804426763,3.46476592307574
629.19808502118,315.030893935237,4.61540432593651
1.74557425707787,144.961742139763,4.19829606583184
541.255230864544,199.698936414249,4.16866640887456
34.0740719026951,490.212655230199,2.99567399185168
279.114309821574,22.2658912770133,3.79620405076004
531.620380456971,392.627462722654,3.42056323862819
67.7113347360769,77.5352211801515,5.26758826109443
3.78007543207961,74.8580284583348,3.4827292845439
589.946509058305,225.231420518158,3.97185417695402
439.773302085515,458.797822308302,4.82116142775139
659.270514850131,374.417757177857,2.95800714592517
101.245933848168,488.432657972095,4.31321916580313
626.706169682447,88.0500391435244,4.08635647884649
418.834808002463,256.542682680064,3.72619912523746
9.82273167610223,182.33273153107,3.12901794181091
70.2075751754106,126.87063714129,4.46967572071178
594.82413657678,197.044861236675,4.62666188208114
255.780738410844,217.746256924285,3.52083300359409
572.48755627998,428.881736926018,3.82636490389023
299.844363056875,135.747886488146,3.81566575121223
524.567743766086,457.899009470422,3.33200560219041
52.8781899308498,424.85906032767,3.93619727793993
206.329106940961,283.37374683051,4.34534638146933
550.02576945677,265.21295193328,3.92573096462919
167.791018921844,24.4136826702549,4.20609157169406
510.411248971577,347.654152865498,4.63443373578109
32.6217723231254,51.923003906213,3.65142688179859
549.412499786302,149.80614488534,4.764251584087
NA,NA,NA
660.117229550017,336.012663840405,3.59362927177162
458.628284940055,299.457828212217,3.5309557364756
10.4915711085898,492.261025224999,3.67910009645009
560.564661056212,48.557133944323,4.14543462067422
72.6470303818479,375.378363454788,3.99413229264252
224.690987659997,419.504910396766,3.84409571590915
427.112605301677,12.0127348273858,3.34505622756279
363.387496927679,290.438960743581,3.07799608811461
603.592000246797,103.551802572789,4.2244170444731
391.949544823251,228.43808139429,4.11910748623434
573.24028766979,405.578868776599,4.7327356831148
142.117179365241,284.185679737083,4.5389229509552
201.032794068444,366.419125909526,4.03420552322426
123.455066255632,408.299804426763,3.46476592307574
629.19808502118,315.030893935237,4.61540432593651
1.74557425707787,144.961742139763,4.19829606583184
541.255230864544,199.698936414249,4.16866640887456
34.0740719026951,490.212655230199,2.99567399185168
279.114309821574,22.2658912770133,3.79620405076004
531.620380456971,392.627462722654,3.42056323862819
67.7113347360769,77.5352211801515,5.26758826109443
3.78007543207961,74.8580284583348,3.4827292845439
589.946509058305,225.231420518158,3.97185417695402
439.773302085515,458.797822308302,4.82116142775139
659.270514850131,374.417757177857,2.95800714592517
101.245933848168,488.432657972095,4.31321916580313
626.706169682447,88.0500391435244,4.08635647884649
418.834808002463,256.542682680064,3.72619912523746
9.82273167610223,182.33273153107,3.12901794181091
70.2075751754106,126.87063714129,4.46967572071178
594.82413657678,197.044861236675,4.62666188208114
255.780738410844,217.746256924285,3.52083300359409
572.48755627998,428.881736926018,3.82636490389023
299.844363056875,135.747886488146,3.81566575121223
524.567743766086,457.899009470422,3.33200560219041
52.8781899308498,424.85906032767,3.93619727793993
206.329106940961,283.37374683051,4.34534638146933
550.02576945677,265.21295193328,3.92573096462919
167.791018921844,24.4136826702549,4.20609157169406
510.411248971577,347.654152865498,4.63443373578109
32.6217723231254,51.923003906213,3.65142688179859
549.412499786302,149.80614488534,4.764251584087
NA,NA,NA
662.55394045804,333.778690900729,3.59176873923105
453.679681284757,298.310274022174,3.59605330449794
11.8060577816184,494.026024047766,3.66666565871254
561.132159368435,48.4241665618445,4.23377148412774
74.4958971253328,373.851505329054,4.08483842555479
229.406561957532,417.217204407849,3.77903633399138
429.365787096908,11.9171066382,2.99976866455014
362.462872858506,290.909642969363,2.79964988243908
602.921742707499,107.294973309641,4.1548240792924
392.218109897224,231.629843146965,4.24845547969369
569.606002179137,414.084602406129,4.73348272742381
142.752799669861,284.774087223421,4.63428673039945
199.992981597705,369.472720930156,4.01961804166972
122.139679223262,408.692479582819,3.40987222987646
629.012894888852,313.731741262266,4.60229314400151
-1.44916307782041,141.190363513732,4.29118642766741
544.474002485425,204.49520227538,4.05051571993251
34.6157711746584,493.592442215203,3.06399471234971
276.380018949721,22.9746790998544,4.1098537304285
534.817083816377,391.278958781437,3.4885281342382
81.6868413072431,77.6761791432438,5.26756225110414
1.89347842274845,76.7149031454462,3.47776874335461
587.406867097663,227.449078184685,3.97057801997682
443.275839014281,461.948711865705,4.83184914308607
658.984319747436,374.576762677942,3.00056955516966
110.101823915062,490.14045302451,4.52424651519234
624.361297534168,85.8550614557961,4.07221232639988
421.372595577322,260.689743902158,3.64331860462158
9.45020919162496,182.050251861506,3.13014724352417
64.1341779764504,104.21455634457,4.68226508458734
618.586349636632,208.53663765713,3.84219293487646
258.213023647813,222.309206626121,3.81238067970448
568.071672261897,436.921988816481,3.77205788666465
294.222760224724,138.807200569837,3.96993508095922
528.671444596193,463.625506082283,3.49695438533222
44.9620905487583,418.737184938604,3.95103325436455
205.500293978076,289.208949186597,4.11175862809779
546.003501438127,260.528684305795,3.39885406390663
180.596362032455,40.7821691517818,4.39232637919327
508.410310090079,351.602901487266,4.82734441068422
36.5670586641403,46.2642967098382,4.06064826334813
542.705446126832,121.922338288498,4.38668157805614
NA,NA,NA
662.55394045804,333.778690900729,3.59176873923105
453.679681284757,298.310274022174,3.59605330449794
11.8060577816184,494.026024047766,3.66666565871254
561.132159368435,48.4241665618445,4.23377148412774
74.4958971253328,373.851505329054,4.08483842555479
229.406561957532,417.217204407849,3.77903633399138
429.365787096908,11.9171066382,2.99976866455014
362.462872858506,290.909642969363,2.79964988243908
602.921742707499,107.294973309641,4.1548240792924
392.218109897224,231.629843146965,4.24845547969369
569.606002179137,414.084602406129,4.73348272742381
142.752799669861,284.774087223421,4.63428673039945
199.992981597705,369.472720930156,4.01961804166972
122.139679223262,408.692479582819,3.40987222987646
629.012894888852,313.731741262266,4.60229314400151
-1.44916307782041,141.190363513732,4.29118642766741
544.474002485425,204.49520227538,4.05051571993251
34.6157711746584,493.592442215203,3.06399471234971
276.380018949721,22.9746790998544,4.1098537304285
534.817083816377,391.278958781437,3.4885281342382
81.6868413072431,77.6761791432438,5.26756225110414
1.89347842274845,76.7149031454462,3.47776874335461
587.406867097663,227.449078184685,3.97057801997682
443.275839014281,461.948711865705,4.83184914308607
658.984319747436,374.576762677942,3.00056955516966
110.101823915062,490.14045302451,4.52424651519234
624.361297534168,85.8550614557961,4.07221232639988
421.372595577322,260.689743902158,3.64331860462158
9.45020919162496,182.050251861506,3.13014724352417
64.1341779764504,104.21455634457,4.68226508458734
618.586349636632,208.53663765713,3.84219293487646
258.213023647813,222.309206626121,3.81238067970448
568.071672261897,436.921988816481,3.77205788666465
294.222760224724,138.807200569837,3.96993508095922
528.671444596193,463.625506082283,3.49695438533222
44.9620905487583,418.737184938604,3.95103325436455
205.500293978076,289.208949186597,4.11175862809779
546.003501438127,260.528684305795,3.39885406390663
180.596362032455,40.7821691517818,4.39232637919327
508.410310090079,351.602901487266,4.82734441068422
36.5670586641403,46.2642967098382,4.06064826334813
542.705446126832,121.922338288498,4.38668157805614
NA,NA,NA
662.55394045804,333.778690900729,3.59176873923105
453.679681284757,298.310274022174,3.59605330449794
11.8060577816184,494.026024047766,3.66666565871254
561.132159368435,48.4241665618445,4.23377148412774
74.4958971253328,373.851505329054,4.08483842555479
229.406561957532,417.217204407849,3.77903633399138
429.365787096908,11.9171066382,2.99976866455014
362.462872858506,290.909642969363,2.79964988243908
602.921742707499,107.294973309641,4.1548240792924
392.218109897224,231.629843146965,4.24845547969369
569.606002179137,414.084602406129,4.73348272742381
142.752799669861,284.774087223421,4.63428673039945
199.992981597705,369.472720930156,4.01961804166972
122.139679223262,408.692479582819,3.40987222987646
629.012894888852,313.731741262266,4.60229314400151
-1.44916307782041,141.190363513732,4.29118642766741
544.474002485425,204.49520227538,4.05051571993251
34.6157711746584,493.592442215203,3.06399471234971
276.380018949721,22.9746790998544,4.1098537304285
534.817083816377,391.278958781437,3.4885281342382
81.6868413072431,77.6761791432438,5.26756225110414
1.89347842274845,76.7149031454462,3.47776874335461
587.406867097663,227.449078184685,3.97057801997682
443.275839014281,461.948711865705,4.83184914308607
658.984319747436,374.576762677942,3.00056955516966
110.101823915062,490.14045302451,4.52424651519234
624.361297534168,85.8550614557961,4.07221232639988
421.372595577322,260.689743902158,3.64331860462158
9.45020919162496,182.050251861506,3.13014724352417
64.1341779764504,104.21455634457,4.68226508458734
618.586349636632,208.53663765713,3.84219293487646
258.213023647813,222.309206626121,3.81238067970448
568.071672261897,436.921988816481,3.77205788666465
294.222760224724,138.807200569837,3.96993508095922
528.671444596193,463.625506082283,3.49695438533222
44.9620905487583,418.737184938604,3.95103325436455
205.500293978076,289.208949186597,4.11175862809779
546.003501438127,260.528684305795,3.39885406390663
180.596362032455,40.7821691517818,4.39232637919327
508.410310090079,351.602901487266,4.82734441068422
36.5670586641403,46.2642967098382,4.06064826334813
542.705446126832,121.922338288498,4.38668157805614
NA,NA,NA
662.55394045804,333.778690900729,3.59176873923105
453.679681284757,298.310274022174,3.59605330449794
11.8060577816184,494.026024047766,3.66666565871254
561.132159368435,48.4241665618445,4.23377148412774
74.4958971253328,373.851505329054,4.08483842555479
229.406561957532,417.217204407849,3.77903633399138
429.365787096908,11.9171066382,2.99976866455014
362.462872858506,290.909642969363,2.79964988243908
602.921742707499,107.294973309641,4.1548240792924
392.218109897224,231.629843146965,4.24845547969369
569.606002179137,414.084602406129,4.73348272742381
142.752799669861,284.774087223421,4.63428673039945
199.992981597705,369.472720930156,4.01961804166972
122.139679223262,408.692479582819,3.40987222987646
629.012894888852,313.731741262266,4.60229314400151
-1.44916307782041,141.190363513732,4.29118642766741
544.474002485425,204.49520227538,4.05051571993251
34.6157711746584,493.592442215203,3.06399471234971
276.380018949721,22.9746790998544,4.1098537304285
534.817083816377,391.278958781437,3.4885281342382
81.6868413072431,77.6761791432438,5.26756225110414
1.89347842274845,76.7149031454462,3.47776874335461
587.406867097663,227.449078184685,3.97057801997682
443.275839014281,461.948711865705,4.83184914308607
658.984319747436,374.576762677942,3.00056955516966
110.101823915062,490.14045302451,4.52424651519234
624.361297534168,85.8550614557961,4.07221232639988
421.372595577322,260.689743902158,3.64331860462158
9.45020919162496,182.050251861506,3.13014724352417
64.1341779764504,104.21455634457,4.68226508458734
618.586349636632,208.53663765713,3.84219293487646
258.213023647813,222.309206626121,3.81238067970448
568.071672261897,436.921988816481,3.77205788666465
294.222760224724,138.807200569837,3.96993508095922
528.671444596193,463.625506082283,3.49695438533222
44.9620905487583,418.737184938604,3.95103325436455
205.500293978076,289.208949186597,4.11175862809779
546.003501438127,260.528684305795,3.39885406390663
180.596362032455,40.7821691517818,4.39232637919327
508.410310090079,351.602901487266,4.82734441068422
36.5670586641403,46.2642967098382,4.06064826334813
542.705446126832,121.922338288498,4.38668157805614
NA,NA,NA
662.55394045804,333.778690900729,3.59176873923105
453.679681284757,298.310274022174,3.59605330449794
11.8060577816184,494.026024047766,3.66666565871254
561.132159368435,48.4241665618445,4.23377148412774
74.4958971253328,373.851505329054,4.08483842555479
229.406561957532,417.217204407849,3.77903633399138
429.365787096908,11.9171066382,2.99976866455014
362.462872858506,290.909642969363,2.79964988243908
602.921742707499,107.294973309641,4.1548240792924
392.218109897224,231.629843146965,4.24845547969369
569.606002179137,414.084602406129,4.73348272742381
142.752799669861,284.774087223421,4.63428673039945
199.992981597705,369.472720930156,4.01961804166972
122.139679223262,408.692479582819,3.40987222987646
629.012894888852,313.731741262266,4.60229314400151
-1.44916307782041,141.190363513732,4.29118642766741
544.474002485425,204.49520227538,4.05051571993251
34.6157711746584,493.592442215203,3.06399471234971
276.380018949721,22.9746790998544,4.1098537304285
534.817083816377,391.278958781437,3.4885281342382
81.6868413072431,77.6761791432438,5.26756225110414
1.89347842274845,76.7149031454462,3.47776874335461
587.406867097663,227.449078184685,3.97057801997682
443.275839014281,461.948711865705,4.83184914308607
658.984319747436,374.576762677942,3.00056955516966
110.101823915062,490.14045302451,4.52424651519234
624.361297534168,85.8550614557961,4.07221232639988
421.372595577322,260.689743902158,3.64331860462158
9.45020919162496,182.050251861506,3.13014724352417
64.1341779764504,104.21455634457,4.68226508458734
618.586349636632,208.53663765713,3.84219293487646
258.213023647813,222.309206626121,3.81238067970448
568.071672261897,436.921988816481,3.77205788666465
294.222760224724,138.807200569837,3.96993508095922
528.671444596193,463.625506082283,3.49695438533222
44.9620905487583,418.737184938604,3.95103325436455
205.500293978076,289.208949186597,4.11175862809779
546.003501438127,260.528684305795,3.39885406390663
180.596362032455,40.7821691517818,4.39232637919327
508.410310090079,351.602901487266,4.82734441068422
36.5670586641403,46.2642967098382,4.06064826334813
542.705446126832,121.922338288498,4.38668157805614
NA,NA,NA
662.55394045804,333.778690900729,3.59176873923105
453.679681284757,298.310274022174,3.59605330449794
11.8060577816184,494.026024047766,3.66666565871254
561.132159368435,48.4241665618445,4.23377148412774
74.4958971253328,373.851505329054,4.08483842555479
229.406561957532,417.217204407849,3.77903633399138
429.365787096908,11.9171066382,2.99976866455014
362.462872858506,290.909642969363,2.79964988243908
602.921742707499,107.294973309641,4.1548240792924
392.218109897224,231.629843146965,4.24845547969369
569.606002179137,414.084602406129,4.73348272742381
142.752799669861,284.774087223421,4.63428673039945
199.992981597705,369.472720930156,4.01961804166972
122.139679223262,408.692479582819,3.40987222987646
629.012894888852,313.731741262266,4.60229314400151
-1.44916307782041,141.190363513732,4.29118642766741
544.474002485425,204.49520227538,4.05051571993251
34.6157711746584,493.592442215203,3.06399471234971
276.380018949721,22.9746790998544,4.1098537304285
534.817083816377,391.278958781437,3.4885281342382
81.6868413072431,77.6761791432438,5.26756225110414
1.89347842274845,76.7149031454462,3.47776874335461
587.406867097663,227.449078184685,3.97057801997682
443.275839014281,461.948711865705,4.83184914308607
658.984319747436,374.576762677942,3.00056955516966
110.101823915062,490.14045302451,4.52424651519234
624.361297534168,85.8550614557961,4.07221232639988
421.372595577322,260.689743902158,3.64331860462158
9.45020919162496,182.050251861506,3.13014724352417
64.1341779764504,104.21455634457,4.68226508458734
618.586349636632,208.53663765713,3.84219293487646
258.213023647813,222.309206626121,3.81238067970448
568.071672261897,436.921988816481,3.77205788666465
294.222760224724,138.807200569837,3.96993508095922
528.671444596193,463.625506082283,3.49695438533222
44.9620905487583,418.737184938604,3.95103325436455
205.500293978076,289.208949186597,4.11175862809779
546.003501438127,260.528684305795,3.39885406390663
180.596362032455,40.7821691517818,4.39232637919327
508.410310090079,351.602901487266,4.82734441068422
36.5670586641403,46.2642967098382,4.06064826334813
542.705446126832,121.922338288498,4.38668157805614
NA,NA,NA
658.595500672713,336.342390164053,3.59501691263698
455.998950443451,298.846635737855,3.7562640256853
10.3205796149993,495.152470005926,3.54976826497057
561.991955915378,51.9832032246176,4.24034606988436
72.6161675817066,372.600738025683,4.0798153569578
229.935366133514,412.63750237497,3.95163859341928
426.319717817822,16.3542751302006,3.36388478923844
362.470331687687,291.855206991613,3.12302344629967
603.838222775739,100.062576053279,4.22161785025068
392.53611216851,224.590155148865,4.13432430328934
560.831672960402,407.894689746173,4.78320236615109
139.55908534318,282.676851398488,4.73844315285215
199.684238829048,370.816124371194,4.05822665595663
126.027663747248,409.996736141153,3.34943337771652
625.637628525558,311.052806017867,4.65708370766158
-1.05105889311315,148.838182037496,4.31717384065688
543.813380695937,208.555155448867,4.05112494321692
36.3173931628668,490.879133272979,3.09623137541928
278.138601808193,26.6939018970697,3.93507767336035
532.150321003211,390.731691752651,3.43283183895444
73.2613310254511,77.6361051302742,5.34492490459319
4.43438517356308,75.1531640385063,3.55450075125699
587.22780183555,228.418506688074,3.98202761555967
437.900246096799,454.702671461598,4.83198534529115
657.624363971971,373.729748231088,3.02360681120847
102.475469599509,482.635630203801,4.30013491015774
620.389611520296,90.4869052825488,4.05122816850368
417.341002720818,257.866496724693,3.6045230228764
11.0728077818795,181.382273139703,3.11788760793091
62.7661941807887,123.815075460021,4.66334206812327
613.380195556308,196.319098703408,4.25899981338824
253.547369116468,222.342519081102,3.94944030364376
570.468980505212,434.904388001596,3.93716788182375
302.104412354491,133.409138448812,4.02893337537013
531.528338003366,462.818069665326,3.62236981056477
57.9539721760869,414.782303041241,3.67726731251644
205.050320347133,296.067070450554,3.96718388803493
550.419747280833,261.64306580411,3.76539322540729
180.384285221503,33.6001204168033,4.44069356411634
492.760787224651,345.918715399557,4.45196308574931
40.8230589841426,49.1288609580829,4.23528426055174
517.76872596797,132.026240440172,4.91931978893786
NA,NA,NA
658.595500672713,336.342390164053,3.59501691263698
455.998950443451,298.846635737855,3.7562640256853
10.3205796149993,495.152470005926,3.54976826497057
561.991955915378,51.9832032246176,4.24034606988436
72.6161675817066,372.600738025683,4.0798153569578
229.935366133514,412.63750237497,3.95163859341928
426.319717817822,16.3542751302006,3.36388478923844
362.470331687687,291.855206991613,3.12302344629967
603.838222775739,100.062576053279,4.22161785025068
392.53611216851,224.590155148865,4.13432430328934
560.831672960402,407.894689746173,4.78320236615109
139.55908534318,282.676851398488,4.73844315285215
199.684238829048,370.816124371194,4.05822665595663
126.027663747248,409.996736141153,3.34943337771652
625.637628525558,311.052806017867,4.65708370766158
-1.05105889311315,148.838182037496,4.31717384065688
543.813380695937,208.555155448867,4.05112494321692
36.3173931628668,490.879133272979,3.09623137541928
278.138601808193,26.6939018970697,3.93507767336035
532.150321003211,390.731691752651,3.43283183895444
73.2613310254511,77.6361051302742,5.34492490459319
4.43438517356308,75.1531640385063,3.55450075125699
587.22780183555,228.418506688074,3.98202761555967
437.900246096799,454.702671461598,4.83198534529115
657.624363971971,373.729748231088,3.02360681120847
102.475469599509,482.635630203801,4.30013491015774
620.389611520296,90.4869052825488,4.05122816850368
417.341002720818,257.866496724693,3.6045230228764
11.0728077818795,181.382273139703,3.11788760793091
62.7661941807887,123.815075460021,4.66334206812327
613.380195556308,196.319098703408,4.25899981338824
253.547369116468,222.342519081102,3.94944030364376
570.468980505212,434.904388001596,3.93716788182375
302.104412354491,133.409138448812,4.02893337537013
531.528338003366,462.818069665326,3.62236981056477
57.9539721760869,414.782303041241,3.67726731251644
205.050320347133,296.067070450554,3.96718388803493
550.419747280833,261.64306580411,3.76539322540729
180.384285221503,33.6001204168033,4.44069356411634
492.760787224651,345.918715399557,4.45196308574931
40.8230589841426,49.1288609580829,4.23528426055174
517.76872596797,132.026240440172,4.91931978893786
NA,NA,NA
658.595500672713,336.342390164053,3.59501691263698
455.998950443451,298.846635737855,3.7562640256853
10.3205796149993,495.152470005926,3.54976826497057
561.991955915378,51.9832032246176,4.24034606988436
72.6161675817066,372.600738025683,4.0798153569578
229.935366133514,412.63750237497,3.95163859341928
426.319717817822,16.3542751302006,3.36388478923844
362.470331687687,291.855206991613,3.12302344629967
603.838222775739,100.062576053279,4.22161785025068
392.53611216851,224.590155148865,4.13432430328934
560.831672960402,407.894689746173,4.78320236615109
139.55908534318,282.676851398488,4.73844315285215
199.684238829048,370.816124371194,4.05822665595663
126.027663747248,409.996736141153,3.34943337771652
625.637628525558,311.052806017867,4.65708370766158
-1.05105889311315,148.838182037496,4.31717384065688
543.813380695937,208.555155448867,4.05112494321692
36.3173931628668,490.879133272979,3.09623137541928
278.138601808193,26.6939018970697,3.93507767336035
532.150321003211,390.731691752651,3.43283183895444
73.2613310254511,77.6361051302742,5.34492490459319
4.43438517356308,75.1531640385063,3.55450075125699
587.22780183555,228.418506688074,3.98202761555967
437.900246096799,454.702671461598,4.83198534529115
657.624363971971,373.729748231088,3.02360681120847
102.475469599509,482.635630203801,4.30013491015774
620.389611520296,90.4869052825488,4.05122816850368
417.341002720818,257.866496724693,3.6045230228764
11.0728077818795,181.382273139703,3.11788760793091
62.7661941807887,123.815075460021,4.66334206812327
613.380195556308,196.319098703408,4.25899981338824
253.547369116468,222.342519081102,3.94944030364376
570.468980505212,434.904388001596,3.93716788182375
302.104412354491,133.409138448812,4.02893337537013
531.528338003366,462.818069665326,3.62236981056477
57.9539721760869,414.782303041241,3.67726731251644
205.050320347133,296.067070450554,3.96718388803493
550.419747280833,261.64306580411,3.76539322540729
180.384285221503,33.6001204168033,4.44069356411634
492.760787224651,345.918715399557,4.45196308574931
40.8230589841426,49.1288609580829,4.23528426055174
517.76872596797,132.026240440172,4.91931978893786
NA,NA,NA
658.595500672713,336.342390164053,3.59501691263698
455.998950443451,298.846635737855,3.7562640256853
10.3205796149993,495.152470005926,3.54976826497057
561.991955915378,51.9832032246176,4.24034606988436
72.6161675817066,372.600738025683,4.0798153569578
229.935366133514,412.63750237497,3.95163859341928
426.319717817822,16.3542751302006,3.36388478923844
362.470331687687,291.855206991613,3.12302344629967
603.838222775739,100.062576053279,4.22161785025068
392.53611216851,224.590155148865,4.13432430328934
560.831672960402,407.894689746173,4.78320236615109
139.55908534318,282.676851398488,4.73844315285215
199.684238829048,370.816124371194,4.05822665595663
126.027663747248,409.996736141153,3.34943337771652
625.637628525558,311.052806017867,4.65708370766158
-1.05105889311315,148.838182037496,4.31717384065688
543.813380695937,208.555155448867,4.05112494321692
36.3173931628668,490.879133272979,3.09623137541928
278.138601808193,26.6939018970697,3.93507767336035
532.150321003211,390.731691752651,3.43283183895444
73.2613310254511,77.6361051302742,5.34492490459319
4.43438517356308,75.1531640385063,3.55450075125699
587.22780183555,228.418506688074,3.98202761555967
437.900246096799,454.702671461598,4.83198534529115
657.624363971971,373.729748231088,3.02360681120847
102.475469599509,482.635630203801,4.30013491015774
620.389611520296,90.4869052825488,4.05122816850368
417.341002720818,257.866496724693,3.6045230228764
11.0728077818795,181.382273139703,3.11788760793091
62.7661941807887,123.815075460021,4.66334206812327
613.380195556308,196.319098703408,4.25899981338824
253.547369116468,222.342519081102,3.94944030364376
570.468980505212,434.904388001596,3.93716788182375
302.104412354491,133.409138448812,4.02893337537013
531.528338003366,462.818069665326,3.62236981056477
57.9539721760869,414.782303041241,3.67726731251644
205.050320347133,296.067070450554,3.96718388803493
550.419747280833,261.64306580411,3.76539322540729
180.384285221503,33.6001204168033,4.44069356411634
492.760787224651,345.918715399557,4.45196308574931
40.8230589841426,49.1288609580829,4.23528426055174
517.76872596797,132.026240440172,4.91931978893786
NA,NA,NA
658.595500672713,336.342390164053,3.59501691263698
455.998950443451,298.846635737855,3.7562640256853
10.3205796149993,495.152470005926,3.54976826497057
561.991955915378,51.9832032246176,4.24034606988436
72.6161675817066,372.600738025683,4.0798153569578
229.935366133514,412.63750237497,3.95163859341928
426.319717817822,16.3542751302006,3.36388478923844
362.470331687687,291.855206991613,3.12302344629967
603.838222775739,100.062576053279,4.22161785025068
392.53611216851,224.590155148865,4.13432430328934
560.831672960402,407.894689746173,4.78320236615109
139.55908534318,282.676851398488,4.73844315285215
199.684238829048,370.816124371194,4.05822665595663
126.027663747248,409.996736141153,3.34943337771652
625.637628525558,311.052806017867,4.65708370766158
-1.05105889311315,148.838182037496,4.31717384065688
543.813380695937,208.555155448867,4.05112494321692
36.3173931628668,490.879133272979,3.09623137541928
278.138601808193,26.6939018970697,3.93507767336035
532.150321003211,390.731691752651,3.43283183895444
73.2613310254511,77.6361051302742,5.34492490459319
4.43438517356308,75.1531640385063,3.55450075125699
587.22780183555,228.418506688074,3.98202761555967
437.900246096799,454.702671461598,4.83198534529115
657.624363971971,373.729748231088,3.02360681120847
102.475469599509,482.635630203801,4.30013491015774
620.389611520296,90.4869052825488,4.05122816850368
417.341002720818,257.866496724693,3.6045230228764
11.0728077818795,181.382273139703,3.11788760793091
62.7661941807887,123.815075460021,4.66334206812327
613.380195556308,196.319098703408,4.25899981338824
253.547369116468,222.342519081102,3.94944030364376
570.468980505212,434.904388001596,3.93716788182375
302.104412354491,133.409138448812,4.02893337537013
531.528338003366,462.818069665326,3.62236981056477
57.9539721760869,414.782303041241,3.67726731251644
205.050320347133,296.067070450554,3.96718388803493
550.419747280833,261.64306580411,3.76539322540729
180.384285221503,33.6001204168033,4.44069356411634
492.760787224651,345.918715399557,4.45196308574931
40.8230589841426,49.1288609580829,4.23528426055174
517.76872596797,132.026240440172,4.91931978893786
NA,NA,NA
658.595500672713,336.342390164053,3.59501691263698
455.998950443451,298.846635737855,3.7562640256853
10.3205796149993,495.152470005926,3.54976826497057
561.991955915378,51.9832032246176,4.24034606988436
72.6161675817066,372.600738025683,4.0798153569578
229.935366133514,412.63750237497,3.95163859341928
426.319717817822,16.3542751302006,3.36388478923844
362.470331687687,291.855206991613,3.12302344629967
603.838222775739,100.062576053279,4.22161785025068
392.53611216851,224.590155148865,4.13432430328934
560.831672960402,407.894689746173,4.78320236615109
139.55908534318,282.676851398488,4.73844315285215
199.684238829048,370.816124371194,4.05822665595663
126.027663747248,409.996736141153,3.34943337771652
625.637628525558,311.052806017867,4.65708370766158
-1.05105889311315,148.838182037496,4.31717384065688
543.813380695937,208.555155448867,4.05112494321692
36.3173931628668,490.879133272979,3.09623137541928
278.138601808193,26.6939018970697,3.93507767336035
532.150321003211,390.731691752651,3.43283183895444
73.2613310254511,77.6361051302742,5.34492490459319
4.43438517356308,75.1531640385063,3.55450075125699
587.22780183555,228.418506688074,3.98202761555967
437.900246096799,454.702671461598,4.83198534529115
657.624363971971,373.729748231088,3.02360681120847
102.475469599509,482.635630203801,4.30013491015774
620.389611520296,90.4869052825488,4.05122816850368
417.341002720818,257.866496724693,3.6045230228764
11.0728077818795,181.382273139703,3.11788760793091
62.7661941807887,123.815075460021,4.66334206812327
613.380195556308,196.319098703408,4.25899981338824
253.547369116468,222.342519081102,3.94944030364376
570.468980505212,434.904388001596,3.93716788182375
302.104412354491,133.409138448812,4.02893337537013
531.528338003366,462.818069665326,3.62236981056477
57.9539721760869,414.782303041241,3.67726731251644
205.050320347133,296.067070450554,3.96718388803493
550.419747280833,261.64306580411,3.76539322540729
180.384285221503,33.6001204168033,4.44069356411634
492.760787224651,345.918715399557,4.45196308574931
40.8230589841426,49.1288609580829,4.23528426055174
517.76872596797,132.026240440172,4.91931978893786
NA,NA,NA
661.421998826222,333.836186413752,3.46708057525725
458.193560999769,300.993108126555,3.63407795317023
11.0068088885275,495.801130129973,3.66206975659016
561.726986491489,53.7431101981933,4.20559697394086
69.5945811145937,375.197064589908,3.92282304720018
227.286580806827,410.66099945547,3.84937618387207
427.495761781771,13.9809604434067,3.26358546268032
364.040615170466,295.329462872472,2.97288536976587
604.168340409762,104.035822260409,4.27439143708176
390.061411916091,227.873963314647,4.16798429848867
566.951042905547,409.470388933636,4.76445954357624
145.854352268671,279.844397263207,4.60054351503022
197.447606275711,364.342388796395,3.9454659396213
126.34734801535,411.487254217034,3.58491183996301
632.005466496353,314.43603609317,4.50430253917029
-3.52462229808644,150.191993662406,4.28698810194843
543.64999639065,204.312956369716,4.22077318624478
33.6909807925937,491.699734902708,3.0759449192104
279.45477481018,20.8561483089176,3.97606053722556
532.642851643229,391.788485024467,3.3153101819344
79.319877566684,85.8954838030935,5.39344438123694
6.76023702628798,74.9781185478093,3.54329462151498
590.187358929817,226.269505386925,3.9212879007059
441.664651011229,464.945868420167,4.68224080697149
660.204960212497,374.784216949611,2.86566319056461
106.291372257975,483.665065916049,4.31106388231085
623.604280353452,92.5232442841821,4.06948649853692
416.770049148776,258.682919339221,3.65944093507393
12.1979762481046,181.40596345542,3.27917415331885
58.7423670337262,124.314304329732,4.62640884161852
601.425015027702,195.286202037401,4.67947277976287
251.098715929595,218.62016698692,3.96461970098708
584.309172528547,433.679795517024,3.96009443625926
301.040054718609,144.130893428019,3.8963581195651
525.754790396313,460.953933201786,3.26119100487058
44.4664740582223,424.07070292735,3.90882374181435
197.55648506617,293.116126039215,3.68468604167724
545.897327390848,264.193836387893,3.99157949671817
171.919361411603,23.8933359531751,4.31579194050964
494.210094942254,338.000639857973,4.2620308507926
40.6478830860192,52.9654869104567,3.86728204225966
535.072902928134,156.67581154846,4.71142085832142
NA,NA,NA
661.421998826222,333.836186413752,3.46708057525725
458.193560999769,300.993108126555,3.63407795317023
11.0068088885275,495.801130129973,3.66206975659016
561.726986491489,53.7431101981933,4.20559697394086
69.5945811145937,375.197064589908,3.92282304720018
227.286580806827,410.66099945547,3.84937618387207
427.495761781771,13.9809604434067,3.26358546268032
364.040615170466,295.329462872472,2.97288536976587
604.168340409762,104.035822260409,4.27439143708176
390.061411916091,227.873963314647,4.16798429848867
566.951042905547,409.470388933636,4.76445954357624
145.854352268671,279.844397263207,4.60054351503022
197.447606275711,364.342388796395,3.9454659396213
126.34734801535,411.487254217034,3.58491183996301
632.005466496353,314.43603609317,4.50430253917029
-3.52462229808644,150.191993662406,4.28698810194843
543.64999639065,204.312956369716,4.22077318624478
33.6909807925937,491.699734902708,3.0759449192104
279.45477481018,20.8561483089176,3.97606053722556
532.642851643229,391.788485024467,3.3153101819344
79.319877566684,85.8954838030935,5.39344438123694
6.76023702628798,74.9781185478093,3.54329462151498
590.187358929817,226.269505386925,3.9212879007059
441.664651011229,464.945868420167,4.68224080697149
660.204960212497,374.784216949611,2.86566319056461
106.291372257975,483.665065916049,4.31106388231085
623.604280353452,92.5232442841821,4.06948649853692
416.770049148776,258.682919339221,3.65944093507393
12.1979762481046,181.40596345542,3.27917415331885
58.7423670337262,124.314304329732,4.62640884161852
601.425015027702,195.286202037401,4.67947277976287
251.098715929595,218.62016698692,3.96461970098708
584.309172528547,433.679795517024,3.96009443625926
301.040054718609,144.130893428019,3.8963581195651
525.754790396313,460.953933201786,3.26119100487058
44.4664740582223,424.07070292735,3.90882374181435
197.55648506617,293.116126039215,3.68468604167724
545.897327390848,264.193836387893,3.99157949671817
171.919361411603,23.8933359531751,4.31579194050964
494.210094942254,338.000639857973,4.2620308507926
40.6478830860192,52.9654869104567,3.86728204225966
535.072902928134,156.67581154846,4.71142085832142
NA,NA,NA
661.421998826222,333.836186413752,3.46708057525725
458.193560999769,300.993108126555,3.63407795317023
11.0068088885275,495.801130129973,3.66206975659016
561.726986491489,53.7431101981933,4.20559697394086
69.5945811145937,375.197064589908,3.92282304720018
227.286580806827,410.66099945547,3.84937618387207
427.495761781771,13.9809604434067,3.26358546268032
364.040615170466,295.329462872472,2.97288536976587
604.168340409762,104.035822260409,4.27439143708176
390.061411916091,227.873963314647,4.16798429848867
566.951042905547,409.470388933636,4.76445954357624
145.854352268671,279.844397263207,4.60054351503022
197.447606275711,364.342388796395,3.9454659396213
126.34734801535,411.487254217034,3.58491183996301
632.005466496353,314.43603609317,4.50430253917029
-3.52462229808644,150.191993662406,4.28698810194843
543.64999639065,204.312956369716,4.22077318624478
33.6909807925937,491.699734902708,3.0759449192104
279.45477481018,20.8561483089176,3.97606053722556
532.642851643229,391.788485024467,3.3153101819344
79.319877566684,85.8954838030935,5.39344438123694
6.76023702628798,74.9781185478093,3.54329462151498
590.187358929817,226.269505386925,3.9212879007059
441.664651011229,464.945868420167,4.68224080697149
660.204960212497,374.784216949611,2.86566319056461
106.291372257975,483.665065916049,4.31106388231085
623.604280353452,92.5232442841821,4.06948649853692
416.770049148776,258.682919339221,3.65944093507393
12.1979762481046,181.40596345542,3.27917415331885
58.7423670337262,124.314304329732,4.62640884161852
601.425015027702,195.286202037401,4.67947277976287
251.098715929595,218.62016698692,3.96461970098708
584.309172528547,433.679795517024,3.96009443625926
301.040054718609,144.130893428019,3.8963581195651
525.754790396313,460.953933201786,3.26119100487058
44.4664740582223,424.07070292735,3.90882374181435
197.55648506617,293.116126039215,3.68468604167724
545.897327390848,264.193836387893,3.99157949671817
171.919361411603,23.8933359531751,4.31579194050964
494.210094942254,338.000639857973,4.2620308507926
40.6478830860192,52.9654869104567,3.86728204225966
535.072902928134,156.67581154846,4.71142085832142
NA,NA,NA
661.421998826222,333.836186413752,3.46708057525725
458.193560999769,300.993108126555,3.63407795317023
11.0068088885275,495.801130129973,3.66206975659016
561.726986491489,53.7431101981933,4.20559697394086
69.5945811145937,375.197064589908,3.92282304720018
227.286580806827,410.66099945547,3.84937618387207
427.495761781771,13.9809604434067,3.26358546268032
364.040615170466,295.329462872472,2.97288536976587
604.168340409762,104.035822260409,4.27439143708176
390.061411916091,227.873963314647,4.16798429848867
566.951042905547,409.470388933636,4.76445954357624
145.854352268671,279.844397263207,4.60054351503022
197.447606275711,364.342388796395,3.9454659396213
126.34734801535,411.487254217034,3.58491183996301
632.005466496353,314.43603609317,4.50430253917029
-3.52462229808644,150.191993662406,4.28698810194843
543.64999639065,204.312956369716,4.22077318624478
33.6909807925937,491.699734902708,3.0759449192104
279.45477481018,20.8561483089176,3.97606053722556
532.642851643229,391.788485024467,3.3153101819344
79.319877566684,85.8954838030935,5.39344438123694
6.76023702628798,74.9781185478093,3.54329462151498
590.187358929817,226.269505386925,3.9212879007059
441.664651011229,464.945868420167,4.68224080697149
660.204960212497,374.784216949611,2.86566319056461
106.291372257975,483.665065916049,4.31106388231085
623.604280353452,92.5232442841821,4.06948649853692
416.770049148776,258.682919339221,3.65944093507393
12.1979762481046,181.40596345542,3.27917415331885
58.7423670337262,124.314304329732,4.62640884161852
601.425015027702,195.286202037401,4.67947277976287
251.098715929595,218.62016698692,3.96461970098708
584.309172528547,433.679795517024,3.96009443625926
301.040054718609,144.130893428019,3.8963581195651
525.754790396313,460.953933201786,3.26119100487058
44.4664740582223,424.07070292735,3.90882374181435
197.55648506617,293.116126039215,3.68468604167724
545.897327390848,264.193836387893,3.99157949671817
171.919361411603,23.8933359531751,4.31579194050964
494.210094942254,338.000639857973,4.2620308507926
40.6478830860192,52.9654869104567,3.86728204225966
535.072902928134,156.67581154846,4.71142085832142
NA,NA,NA
661.421998826222,333.836186413752,3.46708057525725
458.193560999769,300.993108126555,3.63407795317023
11.0068088885275,495.801130129973,3.66206975659016
561.726986491489,53.7431101981933,4.20559697394086
69.5945811145937,375.197064589908,3.92282304720018
227.286580806827,410.66099945547,3.84937618387207
427.495761781771,13.9809604434067,3.26358546268032
364.040615170466,295.329462872472,2.97288536976587
604.168340409762,104.035822260409,4.27439143708176
390.061411916091,227.873963314647,4.16798429848867
566.951042905547,409.470388933636,4.76445954357624
145.854352268671,279.844397263207,4.60054351503022
197.447606275711,364.342388796395,3.9454659396213
126.34734801535,411.487254217034,3.58491183996301
632.005466496353,314.43603609317,4.50430253917029
-3.52462229808644,150.191993662406,4.28698810194843
543.64999639065,204.312956369716,4.22077318624478
33.6909807925937,491.699734902708,3.0759449192104
279.45477481018,20.8561483089176,3.97606053722556
532.642851643229,391.788485024467,3.3153101819344
79.319877566684,85.8954838030935,5.39344438123694
6.76023702628798,74.9781185478093,3.54329462151498
590.187358929817,226.269505386925,3.9212879007059
441.664651011229,464.945868420167,4.68224080697149
660.204960212497,374.784216949611,2.86566319056461
106.291372257975,483.665065916049,4.31106388231085
623.604280353452,92.5232442841821,4.06948649853692
416.770049148776,258.682919339221,3.65944093507393
12.1979762481046,181.40596345542,3.27917415331885
58.7423670337262,124.314304329732,4.62640884161852
601.425015027702,195.286202037401,4.67947277976287
251.098715929595,218.62016698692,3.96461970098708
584.309172528547,433.679795517024,3.96009443625926
301.040054718609,144.130893428019,3.8963581195651
525.754790396313,460.953933201786,3.26119100487058
44.4664740582223,424.07070292735,3.90882374181435
197.55648506617,293.116126039215,3.68468604167724
545.897327390848,264.193836387893,3.99157949671817
171.919361411603,23.8933359531751,4.31579194050964
494.210094942254,338.000639857973,4.2620308507926
40.6478830860192,52.9654869104567,3.86728204225966
535.072902928134,156.67581154846,4.71142085832142
NA,NA,NA
661.421998826222,333.836186413752,3.46708057525725
458.193560999769,300.993108126555,3.63407795317023
11.0068088885275,495.801130129973,3.66206975659016
561.726986491489,53.7431101981933,4.20559697394086
69.5945811145937,375.197064589908,3.92282304720018
227.286580806827,410.66099945547,3.84937618387207
427.495761781771,13.9809604434067,3.26358546268032
364.040615170466,295.329462872472,2.97288536976587
604.168340409762,104.035822260409,4.27439143708176
390.061411916091,227.873963314647,4.16798429848867
566.951042905547,409.470388933636,4.76445954357624
145.854352268671,279.844397263207,4.60054351503022
197.447606275711,364.342388796395,3.9454659396213
126.34734801535,411.487254217034,3.58491183996301
632.005466496353,314.43603609317,4.50430253917029
-3.52462229808644,150.191993662406,4.28698810194843
543.64999639065,204.312956369716,4.22077318624478
33.6909807925937,491.699734902708,3.0759449192104
279.45477481018,20.8561483089176,3.97606053722556
532.642851643229,391.788485024467,3.3153101819344
79.319877566684,85.8954838030935,5.39344438123694
6.76023702628798,74.9781185478093,3.54329462151498
590.187358929817,226.269505386925,3.9212879007059
441.664651011229,464.945868420167,4.68224080697149
660.204960212497,374.784216949611,2.86566319056461
106.291372257975,483.665065916049,4.31106388231085
623.604280353452,92.5232442841821,4.06948649853692
416.770049148776,258.682919339221,3.65944093507393
12.1979762481046,181.40596345542,3.27917415331885
58.7423670337262,124.314304329732,4.62640884161852
601.425015027702,195.286202037401,4.67947277976287
251.098715929595,218.62016698692,3.96461970098708
584.309172528547,433.679795517024,3.96009443625926
301.040054718609,144.130893428019,3.8963581195651
525.754790396313,460.953933201786,3.26119100487058
44.4664740582223,424.07070292735,3.90882374181435
197.55648506617,293.116126039215,3.68468604167724
545.897327390848,264.193836387893,3.99157949671817
171.919361411603,23.8933359531751,4.31579194050964
494.210094942254,338.000639857973,4.2620308507926
40.6478830860192,52.9654869104567,3.86728204225966
535.072902928134,156.67581154846,4.71142085832142
NA,NA,NA
660.601229764869,332.757786558195,3.42015312750681
455.486880663697,296.468330812142,3.80788120230973
12.2990410201952,494.302541440003,3.58934748666088
561.583653215998,52.228906085338,4.14658214482936
73.3505921178113,377.337962294845,3.79826100066507
225.931093384048,411.820293696308,3.84967397399739
428.639345625892,11.2888425299862,3.51771147031351
362.997118247879,292.273418975654,3.10683270986079
605.638372496731,103.260275354857,4.26281092705706
393.861324369693,226.574204119396,4.20220167844443
565.810147440932,407.119625786612,4.78062945281852
140.578328477004,277.923161784876,4.5940400320255
203.864314030987,372.795809585257,4.0658471631205
124.976107055794,408.414964745029,3.49808180846034
626.508642914905,316.081358923675,4.64435153864654
4.78743771925795,147.720493545721,4.155567555998
539.28378823052,205.215606381317,4.16613894855716
34.6761975152399,490.52100884633,2.95686881080627
281.062047082939,23.1280590334857,3.77123789380368
536.622172197647,393.145597668789,3.43530205518219
75.2790561185574,71.3443197703155,5.37362597586096
2.75754384170395,73.1426006352929,3.41958959127286
590.572017782238,223.02625636645,4.00593950694323
446.6879551308,461.841576937618,4.85409516578781
659.812870631791,375.059717521894,3.1337715664589
106.122226577403,484.798842651658,4.29354680084811
625.443789726922,89.0417108614752,4.0691902755197
423.117704120342,264.000903555783,3.66560072419652
10.9670775364658,181.609156088305,3.33155904728353
65.9968440391349,116.983900924071,4.65414958631812
607.17796938409,207.274745684853,4.20620577856451
254.808009620761,217.404318582535,3.92639176551572
566.246075320447,431.857597481316,3.54153391238377
306.523410398988,138.414084171151,3.892875303064
526.435434398481,460.019811090474,3.55674403099756
48.8487729275642,425.366001842784,3.50692927416646
203.738153485301,286.356721295222,4.13364468810705
554.928220942143,268.509096352175,3.88408031703132
165.001028474357,31.7087498113615,4.16882573202468
510.947457515762,334.92843813112,4.24119265227585
42.0306753929141,45.5430337572078,3.98670551007335
527.509200472259,132.542262723452,4.31455064877451
NA,NA,NA
660.601229764869,332.757786558195,3.42015312750681
455.486880663697,296.468330812142,3.80788120230973
12.2990410201952,494.302541440003,3.58934748666088
561.583653215998,52.228906085338,4.14658214482936
73.3505921178113,377.337962294845,3.79826100066507
225.931093384048,411.820293696308,3.84967397399739
428.639345625892,11.2888425299862,3.51771147031351
362.997118247879,292.273418975654,3.10683270986079
605.638372496731,103.260275354857,4.26281092705706
393.861324369693,226.574204119396,4.20220167844443
565.810147440932,407.119625786612,4.78062945281852
140.578328477004,277.923161784876,4.5940400320255
203.864314030987,372.795809585257,4.0658471631205
124.976107055794,408.414964745029,3.49808180846034
626.508642914905,316.081358923675,4.64435153864654
4.78743771925795,147.720493545721,4.155567555998
539.28378823052,205.215606381317,4.16613894855716
34.6761975152399,490.52100884633,2.95686881080627
281.062047082939,23.1280590334857,3.77123789380368
536.622172197647,393.145597668789,3.43530205518219
75.2790561185574,71.3443197703155,5.37362597586096
2.75754384170395,73.1426006352929,3.41958959127286
590.572017782238,223.02625636645,4.00593950694323
446.6879551308,461.841576937618,4.85409516578781
659.812870631791,375.059717521894,3.1337715664589
106.122226577403,484.798842651658,4.29354680084811
625.443789726922,89.0417108614752,4.0691902755197
423.117704120342,264.000903555783,3.66560072419652
10.9670775364658,181.609156088305,3.33155904728353
65.9968440391349,116.983900924071,4.65414958631812
607.17796938409,207.274745684853,4.20620577856451
254.808009620761,217.404318582535,3.92639176551572
566.246075320447,431.857597481316,3.54153391238377
306.523410398988,138.414084171151,3.892875303064
526.435434398481,460.019811090474,3.55674403099756
48.8487729275642,425.366001842784,3.50692927416646
203.738153485301,286.356721295222,4.13364468810705
554.928220942143,268.509096352175,3.88408031703132
165.001028474357,31.7087498113615,4.16882573202468
510.947457515762,334.92843813112,4.24119265227585
42.0306753929141,45.5430337572078,3.98670551007335
527.509200472259,132.542262723452,4.31455064877451
NA,NA,NA
660.601229764869,332.757786558195,3.42015312750681
455.486880663697,296.468330812142,3.80788120230973
12.2990410201952,494.302541440003,3.58934748666088
561.583653215998,52.228906085338,4.14658214482936
73.3505921178113,377.337962294845,3.79826100066507
225.931093384048,411.820293696308,3.84967397399739
428.639345625892,11.2888425299862,3.51771147031351
362.997118247879,292.273418975654,3.10683270986079
605.638372496731,103.260275354857,4.26281092705706
393.861324369693,226.574204119396,4.20220167844443
565.810147440932,407.119625786612,4.78062945281852
140.578328477004,277.923161784876,4.5940400320255
203.864314030987,372.795809585257,4.0658471631205
124.976107055794,408.414964745029,3.49808180846034
626.508642914905,316.081358923675,4.64435153864654
4.78743771925795,147.720493545721,4.155567555998
539.28378823052,205.215606381317,4.16613894855716
34.6761975152399,490.52100884633,2.95686881080627
281.062047082939,23.1280590334857,3.77123789380368
536.622172197647,393.145597668789,3.43530205518219
75.2790561185574,71.3443197703155,5.37362597586096
2.75754384170395,73.1426006352929,3.41958959127286
590.572017782238,223.02625636645,4.00593950694323
446.6879551308,461.841576937618,4.85409516578781
659.812870631791,375.059717521894,3.1337715664589
106.122226577403,484.798842651658,4.29354680084811
625.443789726922,89.0417108614752,4.0691902755197
423.117704120342,264.000903555783,3.66560072419652
10.9670775364658,181.609156088305,3.33155904728353
65.9968440391349,116.983900924071,4.65414958631812
607.17796938409,207.274745684853,4.20620577856451
254.808009620761,217.404318582535,3.92639176551572
566.246075320447,431.857597481316,3.54153391238377
306.523410398988,138.414084171151,3.892875303064
526.435434398481,460.019811090474,3.55674403099756
48.8487729275642,425.366001842784,3.50692927416646
203.738153485301,286.356721295222,4.13364468810705
554.928220942143,268.509096352175,3.88408031703132
165.001028474357,31.7087498113615,4.16882573202468
510.947457515762,334.92843813112,4.24119265227585
42.0306753929141,45.5430337572078,3.98670551007335
527.509200472259,132.542262723452,4.31455064877451
NA,NA,NA
660.601229764869,332.757786558195,3.42015312750681
455.486880663697,296.468330812142,3.80788120230973
12.2990410201952,494.302541440003,3.58934748666088
561.583653215998,52.228906085338,4.14658214482936
73.3505921178113,377.337962294845,3.79826100066507
225.931093384048,411.820293696308,3.84967397399739
428.639345625892,11.2888425299862,3.51771147031351
362.997118247879,292.273418975654,3.10683270986079
605.638372496731,103.260275354857,4.26281092705706
393.861324369693,226.574204119396,4.20220167844443
565.810147440932,407.119625786612,4.78062945281852
140.578328477004,277.923161784876,4.5940400320255
203.864314030987,372.795809585257,4.0658471631205
124.976107055794,408.414964745029,3.49808180846034
626.508642914905,316.081358923675,4.64435153864654
4.78743771925795,147.720493545721,4.155567555998
539.28378823052,205.215606381317,4.16613894855716
34.6761975152399,490.52100884633,2.95686881080627
281.062047082939,23.1280590334857,3.77123789380368
536.622172197647,393.145597668789,3.43530205518219
75.2790561185574,71.3443197703155,5.37362597586096
2.75754384170395,73.1426006352929,3.41958959127286
590.572017782238,223.02625636645,4.00593950694323
446.6879551308,461.841576937618,4.85409516578781
659.812870631791,375.059717521894,3.1337715664589
106.122226577403,484.798842651658,4.29354680084811
625.443789726922,89.0417108614752,4.0691902755197
423.117704120342,264.000903555783,3.66560072419652
10.9670775364658,181.609156088305,3.33155904728353
65.9968440391349,116.983900924071,4.65414958631812
607.17796938409,207.274745684853,4.20620577856451
254.808009620761,217.404318582535,3.92639176551572
566.246075320447,431.857597481316,3.54153391238377
306.523410398988,138.414084171151,3.892875303064
526.435434398481,460.019811090474,3.55674403099756
48.8487729275642,425.366001842784,3.50692927416646
203.738153485301,286.356721295222,4.13364468810705
554.928220942143,268.509096352175,3.88408031703132
165.001028474357,31.7087498113615,4.16882573202468
510.947457515762,334.92843813112,4.24119265227585
42.0306753929141,45.5430337572078,3.98670551007335
527.509200472259,132.542262723452,4.31455064877451
NA,NA,NA
660.601229764869,332.757786558195,3.42015312750681
455.486880663697,296.468330812142,3.80788120230973
12.2990410201952,494.302541440003,3.58934748666088
561.583653215998,52.228906085338,4.14658214482936
73.3505921178113,377.337962294845,3.79826100066507
225.931093384048,411.820293696308,3.84967397399739
428.639345625892,11.2888425299862,3.51771147031351
362.997118247879,292.273418975654,3.10683270986079
605.638372496731,103.260275354857,4.26281092705706
393.861324369693,226.574204119396,4.20220167844443
565.810147440932,407.119625786612,4.78062945281852
140.578328477004,277.923161784876,4.5940400320255
203.864314030987,372.795809585257,4.0658471631205
124.976107055794,408.414964745029,3.49808180846034
626.508642914905,316.081358923675,4.64435153864654
4.78743771925795,147.720493545721,4.155567555998
539.28378823052,205.215606381317,4.16613894855716
34.6761975152399,490.52100884633,2.95686881080627
281.062047082939,23.1280590334857,3.77123789380368
536.622172197647,393.145597668789,3.43530205518219
75.2790561185574,71.3443197703155,5.37362597586096
2.75754384170395,73.1426006352929,3.41958959127286
590.572017782238,223.02625636645,4.00593950694323
446.6879551308,461.841576937618,4.85409516578781
659.812870631791,375.059717521894,3.1337715664589
106.122226577403,484.798842651658,4.29354680084811
625.443789726922,89.0417108614752,4.0691902755197
423.117704120342,264.000903555783,3.66560072419652
10.9670775364658,181.609156088305,3.33155904728353
65.9968440391349,116.983900924071,4.65414958631812
607.17796938409,207.274745684853,4.20620577856451
254.808009620761,217.404318582535,3.92639176551572
566.246075320447,431.857597481316,3.54153391238377
306.523410398988,138.414084171151,3.892875303064
526.435434398481,460.019811090474,3.55674403099756
48.8487729275642,425.366001842784,3.50692927416646
203.738153485301,286.356721295222,4.13364468810705
554.928220942143,268.509096352175,3.88408031703132
165.001028474357,31.7087498113615,4.16882573202468
510.947457515762,334.92843813112,4.24119265227585
42.0306753929141,45.5430337572078,3.98670551007335
527.509200472259,132.542262723452,4.31455064877451
NA,NA,NA
660.601229764869,332.757786558195,3.42015312750681
455.486880663697,296.468330812142,3.80788120230973
12.2990410201952,494.302541440003,3.58934748666088
561.583653215998,52.228906085338,4.14658214482936
73.3505921178113,377.337962294845,3.79826100066507
225.931093384048,411.820293696308,3.84967397399739
428.639345625892,11.2888425299862,3.51771147031351
362.997118247879,292.273418975654,3.10683270986079
605.638372496731,103.260275354857,4.26281092705706
393.861324369693,226.574204119396,4.20220167844443
565.810147440932,407.119625786612,4.78062945281852
140.578328477004,277.923161784876,4.5940400320255
203.864314030987,372.795809585257,4.0658471631205
124.976107055794,408.414964745029,3.49808180846034
626.508642914905,316.081358923675,4.64435153864654
4.78743771925795,147.720493545721,4.155567555998
539.28378823052,205.215606381317,4.16613894855716
34.6761975152399,490.52100884633,2.95686881080627
281.062047082939,23.1280590334857,3.77123789380368
536.622172197647,393.145597668789,3.43530205518219
75.2790561185574,71.3443197703155,5.37362597586096
2.75754384170395,73.1426006352929,3.41958959127286
590.572017782238,223.02625636645,4.00593950694323
446.6879551308,461.841576937618,4.85409516578781
659.812870631791,375.059717521894,3.1337715664589
106.122226577403,484.798842651658,4.29354680084811
625.443789726922,89.0417108614752,4.0691902755197
423.117704120342,264.000903555783,3.66560072419652
10.9670775364658,181.609156088305,3.33155904728353
65.9968440391349,116.983900924071,4.65414958631812
607.17796938409,207.274745684853,4.20620577856451
254.808009620761,217.404318582535,3.92639176551572
566.246075320447,431.857597481316,3.54153391238377
306.523410398988,138.414084171151,3.892875303064
526.435434398481,460.019811090474,3.55674403099756
48.8487729275642,425.366001842784,3.50692927416646
203.738153485301,286.356721295222,4.13364468810705
554.928220942143,268.509096352175,3.88408031703132
165.001028474357,31.7087498113615,4.16882573202468
510.947457515762,334.92843813112,4.24119265227585
42.0306753929141,45.5430337572078,3.98670551007335
527.509200472259,132.542262723452,4.31455064877451
NA,NA,NA
662.075103607356,335.475659322755,3.281549535135
455.950765683994,297.570798864304,3.74679972152058
9.23639494194913,494.53075649837,3.66059459690383
562.912040963519,48.2436140617805,4.21634877735279
72.9949323813949,368.069401754635,3.91960414288025
229.261419567509,414.323509185707,3.8384666812653
429.790870056359,11.9758149003621,3.25374842651749
363.219438470468,291.336073288307,2.98262824682616
604.668272520033,108.185264148866,4.18982796942234
393.393987636196,227.296519518909,4.04777122285662
572.459991751202,413.523560386718,4.67939621031778
147.494525571799,275.972039171524,4.58700026966739
204.207837294601,366.546096466079,4.04627584330874
123.239123655873,417.347033893915,3.45173741351339
629.397470046418,311.397076609304,4.56802617840705
0.452213487612238,148.449725845179,4.21262184192189
541.968568924264,200.584022291343,4.10591178726563
33.6092406425302,493.377479672212,3.05788818883169
275.295899828703,25.5069336198867,4.09419852490657
532.97388925053,392.663029915779,3.36456671632809
71.8841569886221,82.2295988169395,5.28473615997225
5.62126648568488,76.4117881037058,3.51052360841228
584.264333410528,225.595167432537,3.97586056815535
439.828229130573,458.793599124775,4.72965020736014
656.93334051659,374.48963203394,3.13832980776295
107.345985139076,491.960815243923,4.40441080703107
624.171743628597,90.4167860495739,4.14344004510533
418.214406511456,257.450721382167,3.7052313240265
10.4661513278991,182.787517282315,3.32470389074961
77.6988787600647,115.933235143166,4.38115121779263
611.495563078041,218.064854153693,4.15482530063498
248.983789643022,218.032728824463,3.50291028123764
577.648871726912,439.466016980234,3.78482644401994
299.93219947519,136.193470416901,3.82661460527318
525.20844651264,464.736680658811,3.64822825570067
50.5778868862825,405.050350570453,3.92788138456928
195.295062115577,286.68385561811,3.80629107651383
547.415510642325,266.173639835859,3.86016455149594
176.565598026659,37.0805376466696,4.14717423816486
504.067868731307,342.060780921567,4.47309508815228
36.8634745559709,56.2819841356926,3.9327316272038
525.34577185808,153.427307946336,4.77684118268482
NA,NA,NA
662.075103607356,335.475659322755,3.281549535135
455.950765683994,297.570798864304,3.74679972152058
9.23639494194913,494.53075649837,3.66059459690383
562.912040963519,48.2436140617805,4.21634877735279
72.9949323813949,368.069401754635,3.91960414288025
229.261419567509,414.323509185707,3.8384666812653
429.790870056359,11.9758149003621,3.25374842651749
363.219438470468,291.336073288307,2.98262824682616
604.668272520033,108.185264148866,4.18982796942234
393.393987636196,227.296519518909,4.04777122285662
572.459991751202,413.523560386718,4.67939621031778
147.494525571799,275.972039171524,4.58700026966739
204.207837294601,366.546096466079,4.04627584330874
123.239123655873,417.347033893915,3.45173741351339
629.397470046418,311.397076609304,4.56802617840705
0.452213487612238,148.449725845179,4.21262184192189
541.968568924264,200.584022291343,4.10591178726563
33.6092406425302,493.377479672212,3.05788818883169
275.295899828703,25.5069336198867,4.09419852490657
532.97388925053,392.663029915779,3.36456671632809
71.8841569886221,82.2295988169395,5.28473615997225
5.62126648568488,76.4117881037058,3.51052360841228
584.264333410528,225.595167432537,3.97586056815535
439.828229130573,458.793599124775,4.72965020736014
656.93334051659,374.48963203394,3.13832980776295
107.345985139076,491.960815243923,4.40441080703107
624.171743628597,90.4167860495739,4.14344004510533
418.214406511456,257.450721382167,3.7052313240265
10.4661513278991,182.787517282315,3.32470389074961
77.6988787600647,115.933235143166,4.38115121779263
611.495563078041,218.064854153693,4.15482530063498
248.983789643022,218.032728824463,3.50291028123764
577.648871726912,439.466016980234,3.78482644401994
299.93219947519,136.193470416901,3.82661460527318
525.20844651264,464.736680658811,3.64822825570067
50.5778868862825,405.050350570453,3.92788138456928
195.295062115577,286.68385561811,3.80629107651383
547.415510642325,266.173639835859,3.86016455149594
176.565598026659,37.0805376466696,4.14717423816486
504.067868731307,342.060780921567,4.47309508815228
36.8634745559709,56.2819841356926,3.9327316272038
525.34577185808,153.427307946336,4.77684118268482
NA,NA,NA
662.075103607356,335.475659322755,3.281549535135
455.950765683994,297.570798864304,3.74679972152058
9.23639494194913,494.53075649837,3.66059459690383
562.912040963519,48.2436140617805,4.21634877735279
72.9949323813949,368.069401754635,3.91960414288025
229.261419567509,414.323509185707,3.8384666812653
429.790870056359,11.9758149003621,3.25374842651749
363.219438470468,291.336073288307,2.98262824682616
604.668272520033,108.185264148866,4.18982796942234
393.393987636196,227.296519518909,4.04777122285662
572.459991751202,413.523560386718,4.67939621031778
147.494525571799,275.972039171524,4.58700026966739
204.207837294601,366.546096466079,4.04627584330874
123.239123655873,417.347033893915,3.45173741351339
629.397470046418,311.397076609304,4.56802617840705
0.452213487612238,148.449725845179,4.21262184192189
541.968568924264,200.584022291343,4.10591178726563
33.6092406425302,493.377479672212,3.05788818883169
275.295899828703,25.5069336198867,4.09419852490657
532.97388925053,392.663029915779,3.36456671632809
71.8841569886221,82.2295988169395,5.28473615997225
5.62126648568488,76.4117881037058,3.51052360841228
584.264333410528,225.595167432537,3.97586056815535
439.828229130573,458.793599124775,4.72965020736014
656.93334051659,374.48963203394,3.13832980776295
107.345985139076,491.960815243923,4.40441080703107
624.171743628597,90.4167860495739,4.14344004510533
418.214406511456,257.450721382167,3.7052313240265
10.4661513278991,182.787517282315,3.32470389074961
77.6988787600647,115.933235143166,4.38115121779263
611.495563078041,218.064854153693,4.15482530063498
248.983789643022,218.032728824463,3.50291028123764
577.648871726912,439.466016980234,3.78482644401994
299.93219947519,136.193470416901,3.82661460527318
525.20844651264,464.736680658811,3.64822825570067
50.5778868862825,405.050350570453,3.92788138456928
195.295062115577,286.68385561811,3.80629107651383
547.415510642325,266.173639835859,3.86016455149594
176.565598026659,37.0805376466696,4.14717423816486
504.067868731307,342.060780921567,4.47309508815228
36.8634745559709,56.2819841356926,3.9327316272038
525.34577185808,153.427307946336,4.77684118268482
NA,NA,NA
662.075103607356,335.475659322755,3.281549535135
455.950765683994,297.570798864304,3.74679972152058
9.23639494194913,494.53075649837,3.66059459690383
562.912040963519,48.2436140617805,4.21634877735279
72.9949323813949,368.069401754635,3.91960414288025
229.261419567509,414.323509185707,3.8384666812653
429.790870056359,11.9758149003621,3.25374842651749
363.219438470468,291.336073288307,2.98262824682616
604.668272520033,108.185264148866,4.18982796942234
393.393987636196,227.296519518909,4.04777122285662
572.459991751202,413.523560386718,4.67939621031778
147.494525571799,275.972039171524,4.58700026966739
204.207837294601,366.546096466079,4.04627584330874
123.239123655873,417.347033893915,3.45173741351339
629.397470046418,311.397076609304,4.56802617840705
0.452213487612238,148.449725845179,4.21262184192189
541.968568924264,200.584022291343,4.10591178726563
33.6092406425302,493.377479672212,3.05788818883169
275.295899828703,25.5069336198867,4.09419852490657
532.97388925053,392.663029915779,3.36456671632809
71.8841569886221,82.2295988169395,5.28473615997225
5.62126648568488,76.4117881037058,3.51052360841228
584.264333410528,225.595167432537,3.97586056815535
439.828229130573,458.793599124775,4.72965020736014
656.93334051659,374.48963203394,3.13832980776295
107.345985139076,491.960815243923,4.40441080703107
624.171743628597,90.4167860495739,4.14344004510533
418.214406511456,257.450721382167,3.7052313240265
10.4661513278991,182.787517282315,3.32470389074961
77.6988787600647,115.933235143166,4.38115121779263
611.495563078041,218.064854153693,4.15482530063498
248.983789643022,218.032728824463,3.50291028123764
577.648871726912,439.466016980234,3.78482644401994
299.93219947519,136.193470416901,3.82661460527318
525.20844651264,464.736680658811,3.64822825570067
50.5778868862825,405.050350570453,3.92788138456928
195.295062115577,286.68385561811,3.80629107651383
547.415510642325,266.173639835859,3.86016455149594
176.565598026659,37.0805376466696,4.14717423816486
504.067868731307,342.060780921567,4.47309508815228
36.8634745559709,56.2819841356926,3.9327316272038
525.34577185808,153.427307946336,4.77684118268482
NA,NA,NA
662.075103607356,335.475659322755,3.281549535135
455.950765683994,297.570798864304,3.74679972152058
9.23639494194913,494.53075649837,3.66059459690383
562.912040963519,48.2436140617805,4.21634877735279
72.9949323813949,368.069401754635,3.91960414288025
229.261419567509,414.323509185707,3.8384666812653
429.790870056359,11.9758149003621,3.25374842651749
363.219438470468,291.336073288307,2.98262824682616
604.668272520033,108.185264148866,4.18982796942234
393.393987636196,227.296519518909,4.04777122285662
572.459991751202,413.523560386718,4.67939621031778
147.494525571799,275.972039171524,4.58700026966739
204.207837294601,366.546096466079,4.04627584330874
123.239123655873,417.347033893915,3.45173741351339
629.397470046418,311.397076609304,4.56802617840705
0.452213487612238,148.449725845179,4.21262184192189
541.968568924264,200.584022291343,4.10591178726563
33.6092406425302,493.377479672212,3.05788818883169
275.295899828703,25.5069336198867,4.09419852490657
532.97388925053,392.663029915779,3.36456671632809
71.8841569886221,82.2295988169395,5.28473615997225
5.62126648568488,76.4117881037058,3.51052360841228
584.264333410528,225.595167432537,3.97586056815535
439.828229130573,458.793599124775,4.72965020736014
656.93334051659,374.48963203394,3.13832980776295
107.345985139076,491.960815243923,4.40441080703107
624.171743628597,90.4167860495739,4.14344004510533
418.214406511456,257.450721382167,3.7052313240265
10.4661513278991,182.787517282315,3.32470389074961
77.6988787600647,115.933235143166,4.38115121779263
611.495563078041,218.064854153693,4.15482530063498
248.983789643022,218.032728824463,3.50291028123764
577.648871726912,439.466016980234,3.78482644401994
299.93219947519,136.193470416901,3.82661460527318
525.20844651264,464.736680658811,3.64822825570067
50.5778868862825,405.050350570453,3.92788138456928
195.295062115577,286.68385561811,3.80629107651383
547.415510642325,266.173639835859,3.86016455149594
176.565598026659,37.0805376466696,4.14717423816486
504.067868731307,342.060780921567,4.47309508815228
36.8634745559709,56.2819841356926,3.9327316272038
525.34577185808,153.427307946336,4.77684118268482
NA,NA,NA
662.075103607356,335.475659322755,3.281549535135
455.950765683994,297.570798864304,3.74679972152058
9.23639494194913,494.53075649837,3.66059459690383
562.912040963519,48.2436140617805,4.21634877735279
72.9949323813949,368.069401754635,3.91960414288025
229.261419567509,414.323509185707,3.8384666812653
429.790870056359,11.9758149003621,3.25374842651749
363.219438470468,291.336073288307,2.98262824682616
604.668272520033,108.185264148866,4.18982796942234
393.393987636196,227.296519518909,4.04777122285662
572.459991751202,413.523560386718,4.67939621031778
147.494525571799,275.972039171524,4.58700026966739
204.207837294601,366.546096466079,4.04627584330874
123.239123655873,417.347033893915,3.45173741351339
629.397470046418,311.397076609304,4.56802617840705
0.452213487612238,148.449725845179,4.21262184192189
541.968568924264,200.584022291343,4.10591178726563
33.6092406425302,493.377479672212,3.05788818883169
275.295899828703,25.5069336198867,4.09419852490657
532.97388925053,392.663029915779,3.36456671632809
71.8841569886221,82.2295988169395,5.28473615997225
5.62126648568488,76.4117881037058,3.51052360841228
584.264333410528,225.595167432537,3.97586056815535
439.828229130573,458.793599124775,4.72965020736014
656.93334051659,374.48963203394,3.13832980776295
107.345985139076,491.960815243923,4.40441080703107
624.171743628597,90.4167860495739,4.14344004510533
418.214406511456,257.450721382167,3.7052313240265
10.4661513278991,182.787517282315,3.32470389074961
77.6988787600647,115.933235143166,4.38115121779263
611.495563078041,218.064854153693,4.15482530063498
248.983789643022,218.032728824463,3.50291028123764
577.648871726912,439.466016980234,3.78482644401994
299.93219947519,136.193470416901,3.82661460527318
525.20844651264,464.736680658811,3.64822825570067
50.5778868862825,405.050350570453,3.92788138456928
195.295062115577,286.68385561811,3.80629107651383
547.415510642325,266.173639835859,3.86016455149594
176.565598026659,37.0805376466696,4.14717423816486
504.067868731307,342.060780921567,4.47309508815228
36.8634745559709,56.2819841356926,3.9327316272038
525.34577185808,153.427307946336,4.77684118268482
NA,NA,NA
662.121691851649,333.007291308373,3.47176546926142
458.339878274113,298.568194477771,3.49191524828067
7.55566135032764,496.14252998671,3.58540001077881
561.200655861526,51.951776439933,4.17839776499026
72.8010461069797,380.848115246479,4.08901483563924
230.906939685176,411.812927943386,3.84844704260491
432.636209952359,9.76247103893578,3.46795909209424
363.34121507382,293.249885177492,3.08408011471976
605.793408555344,100.607567339825,4.28592689477891
394.78087501529,230.324677052134,4.08465764681003
565.424323881807,414.80052018843,4.67346766339851
141.118356725402,282.757594213006,4.56560290797995
198.989303263347,373.313935071578,3.98335700353482
126.432315341916,413.273792415503,3.40587578735068
630.980089146013,316.492483615328,4.66384637000255
-2.79117420360758,147.361948080494,4.26379103581516
539.244985937411,201.474933524104,4.21366878838741
34.6003708172054,491.036587267341,2.97441741030238
278.910389641393,23.7977917184066,3.73214742675294
533.609775719604,392.491966620101,3.5371916512228
68.2620773380336,73.9912644646064,5.29084689354574
3.09034154941079,76.4284817999944,3.38163998877855
590.999823239232,226.326623527463,3.92274288537226
446.07360379573,460.336376361177,4.75705396598524
656.547167687852,374.265650044578,3.2188203264216
103.414085137392,483.430219473847,4.36759963142102
624.207382556441,94.7041017751584,4.06268025656834
419.963869861723,258.7611089601,3.66243113944307
9.56067148792753,181.957167274221,3.37505833560028
74.0206812859653,125.444866505319,4.47407573870268
609.961641327816,200.413944718567,4.36846428845507
252.030081492744,211.693833153573,3.65613311819427
567.979016858297,427.652299285471,3.87631135780075
302.366775402375,140.194894272408,3.879265575128
528.161344479665,462.867119906096,3.59818921275576
44.2898428694467,425.085232937274,4.18652413770906
204.892928899252,277.74225830134,4.23162421466114
544.874916921404,250.59765560364,3.79375664084224
176.569149049361,29.5423795640433,4.252052110105
497.274212578461,345.631295361422,4.39900169662603
34.725897523763,47.9042615041784,3.90287110022907
534.038612703195,132.784725257522,4.92961540705209
NA,NA,NA
662.121691851649,333.007291308373,3.47176546926142
458.339878274113,298.568194477771,3.49191524828067
7.55566135032764,496.14252998671,3.58540001077881
561.200655861526,51.951776439933,4.17839776499026
72.8010461069797,380.848115246479,4.08901483563924
230.906939685176,411.812927943386,3.84844704260491
432.636209952359,9.76247103893578,3.46795909209424
363.34121507382,293.249885177492,3.08408011471976
605.793408555344,100.607567339825,4.28592689477891
394.78087501529,230.324677052134,4.08465764681003
565.424323881807,414.80052018843,4.67346766339851
141.118356725402,282.757594213006,4.56560290797995
198.989303263347,373.313935071578,3.98335700353482
126.432315341916,413.273792415503,3.40587578735068
630.980089146013,316.492483615328,4.66384637000255
-2.79117420360758,147.361948080494,4.26379103581516
539.244985937411,201.474933524104,4.21366878838741
34.6003708172054,491.036587267341,2.97441741030238
278.910389641393,23.7977917184066,3.73214742675294
533.609775719604,392.491966620101,3.5371916512228
68.2620773380336,73.9912644646064,5.29084689354574
3.09034154941079,76.4284817999944,3.38163998877855
590.999823239232,226.326623527463,3.92274288537226
446.07360379573,460.336376361177,4.75705396598524
656.547167687852,374.265650044578,3.2188203264216
103.414085137392,483.430219473847,4.36759963142102
624.207382556441,94.7041017751584,4.06268025656834
419.963869861723,258.7611089601,3.66243113944307
9.56067148792753,181.957167274221,3.37505833560028
74.0206812859653,125.444866505319,4.47407573870268
609.961641327816,200.413944718567,4.36846428845507
252.030081492744,211.693833153573,3.65613311819427
567.979016858297,427.652299285471,3.87631135780075
302.366775402375,140.194894272408,3.879265575128
528.161344479665,462.867119906096,3.59818921275576
44.2898428694467,425.085232937274,4.18652413770906
204.892928899252,277.74225830134,4.23162421466114
544.874916921404,250.59765560364,3.79375664084224
176.569149049361,29.5423795640433,4.252052110105
497.274212578461,345.631295361422,4.39900169662603
34.725897523763,47.9042615041784,3.90287110022907
534.038612703195,132.784725257522,4.92961540705209
NA,NA,NA
662.121691851649,333.007291308373,3.47176546926142
458.339878274113,298.568194477771,3.49191524828067
7.55566135032764,496.14252998671,3.58540001077881
561.200655861526,51.951776439933,4.17839776499026
72.8010461069797,380.848115246479,4.08901483563924
230.906939685176,411.812927943386,3.84844704260491
432.636209952359,9.76247103893578,3.46795909209424
363.34121507382,293.249885177492,3.08408011471976
605.793408555344,100.607567339825,4.28592689477891
394.78087501529,230.324677052134,4.08465764681003
565.424323881807,414.80052018843,4.67346766339851
141.118356725402,282.757594213006,4.56560290797995
198.989303263347,373.313935071578,3.98335700353482
126.432315341916,413.273792415503,3.40587578735068
630.980089146013,316.492483615328,4.66384637000255
-2.79117420360758,147.361948080494,4.26379103581516
539.244985937411,201.474933524104,4.21366878838741
34.6003708172054,491.036587267341,2.97441741030238
278.910389641393,23.7977917184066,3.73214742675294
533.609775719604,392.491966620101,3.5371916512228
68.2620773380336,73.9912644646064,5.29084689354574
3.09034154941079,76.4284817999944,3.38163998877855
590.999823239232,226.326623527463,3.92274288537226
446.07360379573,460.336376361177,4.75705396598524
656.547167687852,374.265650044578,3.2188203264216
103.414085137392,483.430219473847,4.36759963142102
624.207382556441,94.7041017751584,4.06268025656834
419.963869861723,258.7611089601,3.66243113944307
9.56067148792753,181.957167274221,3.37505833560028
74.0206812859653,125.444866505319,4.47407573870268
609.961641327816,200.413944718567,4.36846428845507
252.030081492744,211.693833153573,3.65613311819427
567.979016858297,427.652299285471,3.87631135780075
302.366775402375,140.194894272408,3.879265575128
528.161344479665,462.867119906096,3.59818921275576
44.2898428694467,425.085232937274,4.18652413770906
204.892928899252,277.74225830134,4.23162421466114
544.874916921404,250.59765560364,3.79375664084224
176.569149049361,29.5423795640433,4.252052110105
497.274212578461,345.631295361422,4.39900169662603
34.725897523763,47.9042615041784,3.90287110022907
534.038612703195,132.784725257522,4.92961540705209
NA,NA,NA
662.121691851649,333.007291308373,3.47176546926142
458.339878274113,298.568194477771,3.49191524828067
7.55566135032764,496.14252998671,3.58540001077881
561.200655861526,51.951776439933,4.17839776499026
72.8010461069797,380.848115246479,4.08901483563924
230.906939685176,411.812927943386,3.84844704260491
432.636209952359,9.76247103893578,3.46795909209424
363.34121507382,293.249885177492,3.08408011471976
605.793408555344,100.607567339825,4.28592689477891
394.78087501529,230.324677052134,4.08465764681003
565.424323881807,414.80052018843,4.67346766339851
141.118356725402,282.757594213006,4.56560290797995
198.989303263347,373.313935071578,3.98335700353482
126.432315341916,413.273792415503,3.40587578735068
630.980089146013,316.492483615328,4.66384637000255
-2.79117420360758,147.361948080494,4.26379103581516
539.244985937411,201.474933524104,4.21366878838741
34.6003708172054,491.036587267341,2.97441741030238
278.910389641393,23.7977917184066,3.73214742675294
533.609775719604,392.491966620101,3.5371916512228
68.2620773380336,73.9912644646064,5.29084689354574
3.09034154941079,76.4284817999944,3.38163998877855
590.999823239232,226.326623527463,3.92274288537226
446.07360379573,460.336376361177,4.75705396598524
656.547167687852,374.265650044578,3.2188203264216
103.414085137392,483.430219473847,4.36759963142102
624.207382556441,94.7041017751584,4.06268025656834
419.963869861723,258.7611089601,3.66243113944307
9.56067148792753,181.957167274221,3.37505833560028
74.0206812859653,125.444866505319,4.47407573870268
609.961641327816,200.413944718567,4.36846428845507
252.030081492744,211.693833153573,3.65613311819427
567.979016858297,427.652299285471,3.87631135780075
302.366775402375,140.194894272408,3.879265575128
528.161344479665,462.867119906096,3.59818921275576
44.2898428694467,425.085232937274,4.18652413770906
204.892928899252,277.74225830134,4.23162421466114
544.874916921404,250.59765560364,3.79375664084224
176.569149049361,29.5423795640433,4.252052110105
497.274212578461,345.631295361422,4.39900169662603
34.725897523763,47.9042615041784,3.90287110022907
534.038612703195,132.784725257522,4.92961540705209
NA,NA,NA
662.121691851649,333.007291308373,3.47176546926142
458.339878274113,298.568194477771,3.49191524828067
7.55566135032764,496.14252998671,3.58540001077881
561.200655861526,51.951776439933,4.17839776499026
72.8010461069797,380.848115246479,4.08901483563924
230.906939685176,411.812927943386,3.84844704260491
432.636209952359,9.76247103893578,3.46795909209424
363.34121507382,293.249885177492,3.08408011471976
605.793408555344,100.607567339825,4.28592689477891
394.78087501529,230.324677052134,4.08465764681003
565.424323881807,414.80052018843,4.67346766339851
141.118356725402,282.757594213006,4.56560290797995
198.989303263347,373.313935071578,3.98335700353482
126.432315341916,413.273792415503,3.40587578735068
630.980089146013,316.492483615328,4.66384637000255
-2.79117420360758,147.361948080494,4.26379103581516
539.244985937411,201.474933524104,4.21366878838741
34.6003708172054,491.036587267341,2.97441741030238
278.910389641393,23.7977917184066,3.73214742675294
533.609775719604,392.491966620101,3.5371916512228
68.2620773380336,73.9912644646064,5.29084689354574
3.09034154941079,76.4284817999944,3.38163998877855
590.999823239232,226.326623527463,3.92274288537226
446.07360379573,460.336376361177,4.75705396598524
656.547167687852,374.265650044578,3.2188203264216
103.414085137392,483.430219473847,4.36759963142102
624.207382556441,94.7041017751584,4.06268025656834
419.963869861723,258.7611089601,3.66243113944307
9.56067148792753,181.957167274221,3.37505833560028
74.0206812859653,125.444866505319,4.47407573870268
609.961641327816,200.413944718567,4.36846428845507
252.030081492744,211.693833153573,3.65613311819427
567.979016858297,427.652299285471,3.87631135780075
302.366775402375,140.194894272408,3.879265575128
528.161344479665,462.867119906096,3.59818921275576
44.2898428694467,425.085232937274,4.18652413770906
204.892928899252,277.74225830134,4.23162421466114
544.874916921404,250.59765560364,3.79375664084224
176.569149049361,29.5423795640433,4.252052110105
497.274212578461,345.631295361422,4.39900169662603
34.725897523763,47.9042615041784,3.90287110022907
534.038612703195,132.784725257522,4.92961540705209
NA,NA,NA
662.121691851649,333.007291308373,3.47176546926142
458.339878274113,298.568194477771,3.49191524828067
7.55566135032764,496.14252998671,3.58540001077881
561.200655861526,51.951776439933,4.17839776499026
72.8010461069797,380.848115246479,4.08901483563924
230.906939685176,411.812927943386,3.84844704260491
432.636209952359,9.76247103893578,3.46795909209424
363.34121507382,293.249885177492,3.08408011471976
605.793408555344,100.607567339825,4.28592689477891
394.78087501529,230.324677052134,4.08465764681003
565.424323881807,414.80052018843,4.67346766339851
141.118356725402,282.757594213006,4.56560290797995
198.989303263347,373.313935071578,3.98335700353482
126.432315341916,413.273792415503,3.40587578735068
630.980089146013,316.492483615328,4.66384637000255
-2.79117420360758,147.361948080494,4.26379103581516
539.244985937411,201.474933524104,4.21366878838741
34.6003708172054,491.036587267341,2.97441741030238
278.910389641393,23.7977917184066,3.73214742675294
533.609775719604,392.491966620101,3.5371916512228
68.2620773380336,73.9912644646064,5.29084689354574
3.09034154941079,76.4284817999944,3.38163998877855
590.999823239232,226.326623527463,3.92274288537226
446.07360379573,460.336376361177,4.75705396598524
656.547167687852,374.265650044578,3.2188203264216
103.414085137392,483.430219473847,4.36759963142102
624.207382556441,94.7041017751584,4.06268025656834
419.963869861723,258.7611089601,3.66243113944307
9.56067148792753,181.957167274221,3.37505833560028
74.0206812859653,125.444866505319,4.47407573870268
609.961641327816,200.413944718567,4.36846428845507
252.030081492744,211.693833153573,3.65613311819427
567.979016858297,427.652299285471,3.87631135780075
302.366775402375,140.194894272408,3.879265575128
528.161344479665,462.867119906096,3.59818921275576
44.2898428694467,425.085232937274,4.18652413770906
204.892928899252,277.74225830134,4.23162421466114
544.874916921404,250.59765560364,3.79375664084224
176.569149049361,29.5423795640433,4.252052110105
497.274212578461,345.631295361422,4.39900169662603
34.725897523763,47.9042615041784,3.90287110022907
534.038612703195,132.784725257522,4.92961540705209
NA,NA,NA
658.457558951782,336.233377908816,3.43204550478861
455.262236505087,300.237048761713,3.54194544181252
9.21662164905068,494.189315944259,3.64581703338236
560.998213846834,52.6017331906301,4.19096595339409
75.4549993537551,372.714389538217,3.99998131768899
222.061520272726,417.277550600391,3.86090257611083
428.571923188919,10.0990425466399,3.40280944569045
364.506676774251,294.573031501584,3.0840605565649
600.433334638451,104.262376816423,4.16958836031193
397.165862464741,227.357551090802,4.19600344130052
564.090920678834,405.096105971635,4.69809908115298
138.49220606116,284.612496761955,4.41003583245292
201.133188423048,374.204690366536,3.99994114966905
124.296364262903,410.92613752185,3.6108870912997
619.363350253888,312.449394663213,4.52491105512433
2.14222164059727,147.131622041142,4.2301508559499
542.630670694109,198.806416643916,4.25152965026027
34.2833156728672,490.322801459911,3.10099166860519
286.689426697302,25.49488569279,3.87889222486222
534.101906342397,391.53635807523,3.49095536467028
69.360048287241,85.9264794388044,5.22451608292564
5.94239108523115,75.0790531111412,3.37777578332438
590.409879062488,229.147982651608,4.0195318020547
436.095407231186,461.648815212106,4.72175538897954
658.038199973786,374.000840064709,3.13299002331791
104.342081301312,489.93276633612,4.37660172302004
620.634621161443,95.3157740753512,4.06368578724406
421.83524810717,257.365113739177,3.62234624609002
10.2530776530795,181.224874441364,3.3248896192712
60.5422361271607,115.070802867657,4.57240654015816
601.567839796022,198.334141661457,4.12984149491229
245.388147064178,229.135490865228,3.76728296213965
576.667847473229,427.3947500072,3.86339085500473
305.145638750513,139.025018844746,3.84463601620203
526.704469204429,458.916999318769,3.49461717856425
46.4469848028447,411.807742785313,3.94283568414355
206.548781354117,286.748354237717,3.93161137914088
545.188959601332,261.661359770975,3.26075136856609
175.690455861734,31.7388293588115,4.52525888856622
518.891347673392,334.489957104781,4.52078634464616
44.0199153181388,53.6605172009355,4.38696178905685
548.446143768205,151.516302667309,5.23697142839583
NA,NA,NA
658.457558951782,336.233377908816,3.43204550478861
455.262236505087,300.237048761713,3.54194544181252
9.21662164905068,494.189315944259,3.64581703338236
560.998213846834,52.6017331906301,4.19096595339409
75.4549993537551,372.714389538217,3.99998131768899
222.061520272726,417.277550600391,3.86090257611083
428.571923188919,10.0990425466399,3.40280944569045
364.506676774251,294.573031501584,3.0840605565649
600.433334638451,104.262376816423,4.16958836031193
397.165862464741,227.357551090802,4.19600344130052
564.090920678834,405.096105971635,4.69809908115298
138.49220606116,284.612496761955,4.41003583245292
201.133188423048,374.204690366536,3.99994114966905
124.296364262903,410.92613752185,3.6108870912997
619.363350253888,312.449394663213,4.52491105512433
2.14222164059727,147.131622041142,4.2301508559499
542.630670694109,198.806416643916,4.25152965026027
34.2833156728672,490.322801459911,3.10099166860519
286.689426697302,25.49488569279,3.87889222486222
534.101906342397,391.53635807523,3.49095536467028
69.360048287241,85.9264794388044,5.22451608292564
5.94239108523115,75.0790531111412,3.37777578332438
590.409879062488,229.147982651608,4.0195318020547
436.095407231186,461.648815212106,4.72175538897954
658.038199973786,374.000840064709,3.13299002331791
104.342081301312,489.93276633612,4.37660172302004
620.634621161443,95.3157740753512,4.06368578724406
421.83524810717,257.365113739177,3.62234624609002
10.2530776530795,181.224874441364,3.3248896192712
60.5422361271607,115.070802867657,4.57240654015816
601.567839796022,198.334141661457,4.12984149491229
245.388147064178,229.135490865228,3.76728296213965
576.667847473229,427.3947500072,3.86339085500473
305.145638750513,139.025018844746,3.84463601620203
526.704469204429,458.916999318769,3.49461717856425
46.4469848028447,411.807742785313,3.94283568414355
206.548781354117,286.748354237717,3.93161137914088
545.188959601332,261.661359770975,3.26075136856609
175.690455861734,31.7388293588115,4.52525888856622
518.891347673392,334.489957104781,4.52078634464616
44.0199153181388,53.6605172009355,4.38696178905685
548.446143768205,151.516302667309,5.23697142839583
NA,NA,NA
658.457558951782,336.233377908816,3.43204550478861
455.262236505087,300.237048761713,3.54194544181252
9.21662164905068,494.189315944259,3.64581703338236
560.998213846834,52.6017331906301,4.19096595339409
75.4549993537551,372.714389538217,3.99998131768899
222.061520272726,417.277550600391,3.86090257611083
428.571923188919,10.0990425466399,3.40280944569045
364.506676774251,294.573031501584,3.0840605565649
600.433334638451,104.262376816423,4.16958836031193
397.165862464741,227.357551090802,4.19600344130052
564.090920678834,405.096105971635,4.69809908115298
138.49220606116,284.612496761955,4.41003583245292
201.133188423048,374.204690366536,3.99994114966905
124.296364262903,410.92613752185,3.6108870912997
619.363350253888,312.449394663213,4.52491105512433
2.14222164059727,147.131622041142,4.2301508559499
542.630670694109,198.806416643916,4.25152965026027
34.2833156728672,490.322801459911,3.10099166860519
286.689426697302,25.49488569279,3.87889222486222
534.101906342397,391.53635807523,3.49095536467028
69.360048287241,85.9264794388044,5.22451608292564
5.94239108523115,75.0790531111412,3.37777578332438
590.409879062488,229.147982651608,4.0195318020547
436.095407231186,461.648815212106,4.72175538897954
658.038199973786,374.000840064709,3.13299002331791
104.342081301312,489.93276633612,4.37660172302004
620.634621161443,95.3157740753512,4.06368578724406
421.83524810717,257.365113739177,3.62234624609002
10.2530776530795,181.224874441364,3.3248896192712
60.5422361271607,115.070802867657,4.57240654015816
601.567839796022,198.334141661457,4.12984149491229
245.388147064178,229.135490865228,3.76728296213965
576.667847473229,427.3947500072,3.86339085500473
305.145638750513,139.025018844746,3.84463601620203
526.704469204429,458.916999318769,3.49461717856425
46.4469848028447,411.807742785313,3.94283568414355
206.548781354117,286.748354237717,3.93161137914088
545.188959601332,261.661359770975,3.26075136856609
175.690455861734,31.7388293588115,4.52525888856622
518.891347673392,334.489957104781,4.52078634464616
44.0199153181388,53.6605172009355,4.38696178905685
548.446143768205,151.516302667309,5.23697142839583
NA,NA,NA
658.457558951782,336.233377908816,3.43204550478861
455.262236505087,300.237048761713,3.54194544181252
9.21662164905068,494.189315944259,3.64581703338236
560.998213846834,52.6017331906301,4.19096595339409
75.4549993537551,372.714389538217,3.99998131768899
222.061520272726,417.277550600391,3.86090257611083
428.571923188919,10.0990425466399,3.40280944569045
364.506676774251,294.573031501584,3.0840605565649
600.433334638451,104.262376816423,4.16958836031193
397.165862464741,227.357551090802,4.19600344130052
564.090920678834,405.096105971635,4.69809908115298
138.49220606116,284.612496761955,4.41003583245292
201.133188423048,374.204690366536,3.99994114966905
124.296364262903,410.92613752185,3.6108870912997
619.363350253888,312.449394663213,4.52491105512433
2.14222164059727,147.131622041142,4.2301508559499
542.630670694109,198.806416643916,4.25152965026027
34.2833156728672,490.322801459911,3.10099166860519
286.689426697302,25.49488569279,3.87889222486222
534.101906342397,391.53635807523,3.49095536467028
69.360048287241,85.9264794388044,5.22451608292564
5.94239108523115,75.0790531111412,3.37777578332438
590.409879062488,229.147982651608,4.0195318020547
436.095407231186,461.648815212106,4.72175538897954
658.038199973786,374.000840064709,3.13299002331791
104.342081301312,489.93276633612,4.37660172302004
620.634621161443,95.3157740753512,4.06368578724406
421.83524810717,257.365113739177,3.62234624609002
10.2530776530795,181.224874441364,3.3248896192712
60.5422361271607,115.070802867657,4.57240654015816
601.567839796022,198.334141661457,4.12984149491229
245.388147064178,229.135490865228,3.76728296213965
576.667847473229,427.3947500072,3.86339085500473
305.145638750513,139.025018844746,3.84463601620203
526.704469204429,458.916999318769,3.49461717856425
46.4469848028447,411.807742785313,3.94283568414355
206.548781354117,286.748354237717,3.93161137914088
545.188959601332,261.661359770975,3.26075136856609
175.690455861734,31.7388293588115,4.52525888856622
518.891347673392,334.489957104781,4.52078634464616
44.0199153181388,53.6605172009355,4.38696178905685
548.446143768205,151.516302667309,5.23697142839583
NA,NA,NA
658.457558951782,336.233377908816,3.43204550478861
455.262236505087,300.237048761713,3.54194544181252
9.21662164905068,494.189315944259,3.64581703338236
560.998213846834,52.6017331906301,4.19096595339409
75.4549993537551,372.714389538217,3.99998131768899
222.061520272726,417.277550600391,3.86090257611083
428.571923188919,10.0990425466399,3.40280944569045
364.506676774251,294.573031501584,3.0840605565649
600.433334638451,104.262376816423,4.16958836031193
397.165862464741,227.357551090802,4.19600344130052
564.090920678834,405.096105971635,4.69809908115298
138.49220606116,284.612496761955,4.41003583245292
201.133188423048,374.204690366536,3.99994114966905
124.296364262903,410.92613752185,3.6108870912997
619.363350253888,312.449394663213,4.52491105512433
2.14222164059727,147.131622041142,4.2301508559499
542.630670694109,198.806416643916,4.25152965026027
34.2833156728672,490.322801459911,3.10099166860519
286.689426697302,25.49488569279,3.87889222486222
534.101906342397,391.53635807523,3.49095536467028
69.360048287241,85.9264794388044,5.22451608292564
5.94239108523115,75.0790531111412,3.37777578332438
590.409879062488,229.147982651608,4.0195318020547
436.095407231186,461.648815212106,4.72175538897954
658.038199973786,374.000840064709,3.13299002331791
104.342081301312,489.93276633612,4.37660172302004
620.634621161443,95.3157740753512,4.06368578724406
421.83524810717,257.365113739177,3.62234624609002
10.2530776530795,181.224874441364,3.3248896192712
60.5422361271607,115.070802867657,4.57240654015816
601.567839796022,198.334141661457,4.12984149491229
245.388147064178,229.135490865228,3.76728296213965
576.667847473229,427.3947500072,3.86339085500473
305.145638750513,139.025018844746,3.84463601620203
526.704469204429,458.916999318769,3.49461717856425
46.4469848028447,411.807742785313,3.94283568414355
206.548781354117,286.748354237717,3.93161137914088
545.188959601332,261.661359770975,3.26075136856609
175.690455861734,31.7388293588115,4.52525888856622
518.891347673392,334.489957104781,4.52078634464616
44.0199153181388,53.6605172009355,4.38696178905685
548.446143768205,151.516302667309,5.23697142839583
NA,NA,NA
658.457558951782,336.233377908816,3.43204550478861
455.262236505087,300.237048761713,3.54194544181252
9.21662164905068,494.189315944259,3.64581703338236
560.998213846834,52.6017331906301,4.19096595339409
75.4549993537551,372.714389538217,3.99998131768899
222.061520272726,417.277550600391,3.86090257611083
428.571923188919,10.0990425466399,3.40280944569045
364.506676774251,294.573031501584,3.0840605565649
600.433334638451,104.262376816423,4.16958836031193
397.165862464741,227.357551090802,4.19600344130052
564.090920678834,405.096105971635,4.69809908115298
138.49220606116,284.612496761955,4.41003583245292
201.133188423048,374.204690366536,3.99994114966905
124.296364262903,410.92613752185,3.6108870912997
619.363350253888,312.449394663213,4.52491105512433
2.14222164059727,147.131622041142,4.2301508559499
542.630670694109,198.806416643916,4.25152965026027
34.2833156728672,490.322801459911,3.10099166860519
286.689426697302,25.49488569279,3.87889222486222
534.101906342397,391.53635807523,3.49095536467028
69.360048287241,85.9264794388044,5.22451608292564
5.94239108523115,75.0790531111412,3.37777578332438
590.409879062488,229.147982651608,4.0195318020547
436.095407231186,461.648815212106,4.72175538897954
658.038199973786,374.000840064709,3.13299002331791
104.342081301312,489.93276633612,4.37660172302004
620.634621161443,95.3157740753512,4.06368578724406
421.83524810717,257.365113739177,3.62234624609002
10.2530776530795,181.224874441364,3.3248896192712
60.5422361271607,115.070802867657,4.57240654015816
601.567839796022,198.334141661457,4.12984149491229
245.388147064178,229.135490865228,3.76728296213965
576.667847473229,427.3947500072,3.86339085500473
305.145638750513,139.025018844746,3.84463601620203
526.704469204429,458.916999318769,3.49461717856425
46.4469848028447,411.807742785313,3.94283568414355
206.548781354117,286.748354237717,3.93161137914088
545.188959601332,261.661359770975,3.26075136856609
175.690455861734,31.7388293588115,4.52525888856622
518.891347673392,334.489957104781,4.52078634464616
44.0199153181388,53.6605172009355,4.38696178905685
548.446143768205,151.516302667309,5.23697142839583
NA,NA,NA
659.694644852121,338.923433092872,3.61831915690613
457.122534462957,296.121970935514,3.63425471259827
10.2833374259211,494.03886884767,3.7900078152198
565.201704828226,50.7359896333479,4.18647876056194
74.4108049487,374.616385564584,3.86605442477002
229.469317817175,415.068660743842,3.92057036725625
429.193696262491,12.346742787044,3.20226889288295
359.896116930887,292.019927243572,3.02912569945162
607.760580464385,101.309739817695,4.12003800992049
393.421452932083,232.512395067415,4.18658516363548
571.702071624014,407.025138333279,4.71239022250443
143.802697086755,281.9299294429,4.41769246013344
199.557711892003,366.385632120093,4.04295374276547
124.598712707205,411.635246443022,3.42823125467146
618.156241793438,311.319352295959,4.52917125984649
6.27583333361466,145.799528345853,4.27649644382765
542.441099448218,203.900631414631,4.22146882344712
33.4674503318999,493.113918724286,2.84939843975563
279.037679752868,20.8578071354948,3.9588148685642
533.968353108239,390.372918436345,3.35802700475265
75.2191647345723,77.0695072214958,5.37144224505016
4.09486375457653,80.62670684609,3.4000360416522
586.261284495559,224.547775296021,3.99886963746383
441.742387340128,456.853725961189,4.6850477597872
657.335811208939,372.82862679273,3.06710190408199
107.055838756559,487.069810963834,4.29998679622907
628.950550378675,87.1591726154973,4.07899138706822
420.834362029328,255.779146160264,3.63921396240892
12.5254757535392,181.088681114672,3.28307148358636
84.3555037730764,118.61453057615,4.57540897477297
612.698392531451,182.01471548866,4.2746852614134
250.088366434666,215.651005983646,3.68288793889632
574.370487040536,438.53388590671,3.88041925590947
301.661675303797,136.054043481013,3.75024923963984
534.228657116541,452.903778264649,3.63678651697894
46.9114605205422,422.52285128442,3.94422525261658
195.190860651438,287.896997378344,3.70134171112726
555.529342101613,261.785166278847,3.74242081996221
178.043533184646,34.9863443350854,4.31622292782518
492.345012808611,352.543952186997,4.53699346712786
34.234200430035,51.8167231982725,3.39780199082546
526.272194644568,164.808927492814,4.53510737030072
NA,NA,NA
659.694644852121,338.923433092872,3.61831915690613
457.122534462957,296.121970935514,3.63425471259827
10.2833374259211,494.03886884767,3.7900078152198
565.201704828226,50.7359896333479,4.18647876056194
74.4108049487,374.616385564584,3.86605442477002
229.469317817175,415.068660743842,3.92057036725625
429.193696262491,12.346742787044,3.20226889288295
359.896116930887,292.019927243572,3.02912569945162
607.760580464385,101.309739817695,4.12003800992049
393.421452932083,232.512395067415,4.18658516363548
571.702071624014,407.025138333279,4.71239022250443
143.802697086755,281.9299294429,4.41769246013344
199.557711892003,366.385632120093,4.04295374276547
124.598712707205,411.635246443022,3.42823125467146
618.156241793438,311.319352295959,4.52917125984649
6.27583333361466,145.799528345853,4.27649644382765
542.441099448218,203.900631414631,4.22146882344712
33.4674503318999,493.113918724286,2.84939843975563
279.037679752868,20.8578071354948,3.9588148685642
533.968353108239,390.372918436345,3.35802700475265
75.2191647345723,77.0695072214958,5.37144224505016
4.09486375457653,80.62670684609,3.4000360416522
586.261284495559,224.547775296021,3.99886963746383
441.742387340128,456.853725961189,4.6850477597872
657.335811208939,372.82862679273,3.06710190408199
107.055838756559,487.069810963834,4.29998679622907
628.950550378675,87.1591726154973,4.07899138706822
420.834362029328,255.779146160264,3.63921396240892
12.5254757535392,181.088681114672,3.28307148358636
84.3555037730764,118.61453057615,4.57540897477297
612.698392531451,182.01471548866,4.2746852614134
250.088366434666,215.651005983646,3.68288793889632
574.370487040536,438.53388590671,3.88041925590947
301.661675303797,136.054043481013,3.75024923963984
534.228657116541,452.903778264649,3.63678651697894
46.9114605205422,422.52285128442,3.94422525261658
195.190860651438,287.896997378344,3.70134171112726
555.529342101613,261.785166278847,3.74242081996221
178.043533184646,34.9863443350854,4.31622292782518
492.345012808611,352.543952186997,4.53699346712786
34.234200430035,51.8167231982725,3.39780199082546
526.272194644568,164.808927492814,4.53510737030072
NA,NA,NA
659.694644852121,338.923433092872,3.61831915690613
457.122534462957,296.121970935514,3.63425471259827
10.2833374259211,494.03886884767,3.7900078152198
565.201704828226,50.7359896333479,4.18647876056194
74.4108049487,374.616385564584,3.86605442477002
229.469317817175,415.068660743842,3.92057036725625
429.193696262491,12.346742787044,3.20226889288295
359.896116930887,292.019927243572,3.02912569945162
607.760580464385,101.309739817695,4.12003800992049
393.421452932083,232.512395067415,4.18658516363548
571.702071624014,407.025138333279,4.71239022250443
143.802697086755,281.9299294429,4.41769246013344
199.557711892003,366.385632120093,4.04295374276547
124.598712707205,411.635246443022,3.42823125467146
618.156241793438,311.319352295959,4.52917125984649
6.27583333361466,145.799528345853,4.27649644382765
542.441099448218,203.900631414631,4.22146882344712
33.4674503318999,493.113918724286,2.84939843975563
279.037679752868,20.8578071354948,3.9588148685642
533.968353108239,390.372918436345,3.35802700475265
75.2191647345723,77.0695072214958,5.37144224505016
4.09486375457653,80.62670684609,3.4000360416522
586.261284495559,224.547775296021,3.99886963746383
441.742387340128,456.853725961189,4.6850477597872
657.335811208939,372.82862679273,3.06710190408199
107.055838756559,487.069810963834,4.29998679622907
628.950550378675,87.1591726154973,4.07899138706822
420.834362029328,255.779146160264,3.63921396240892
12.5254757535392,181.088681114672,3.28307148358636
84.3555037730764,118.61453057615,4.57540897477297
612.698392531451,182.01471548866,4.2746852614134
250.088366434666,215.651005983646,3.68288793889632
574.370487040536,438.53388590671,3.88041925590947
301.661675303797,136.054043481013,3.75024923963984
534.228657116541,452.903778264649,3.63678651697894
46.9114605205422,422.52285128442,3.94422525261658
195.190860651438,287.896997378344,3.70134171112726
555.529342101613,261.785166278847,3.74242081996221
178.043533184646,34.9863443350854,4.31622292782518
492.345012808611,352.543952186997,4.53699346712786
34.234200430035,51.8167231982725,3.39780199082546
526.272194644568,164.808927492814,4.53510737030072
NA,NA,NA
659.694644852121,338.923433092872,3.61831915690613
457.122534462957,296.121970935514,3.63425471259827
10.2833374259211,494.03886884767,3.7900078152198
565.201704828226,50.7359896333479,4.18647876056194
74.4108049487,374.616385564584,3.86605442477002
229.469317817175,415.068660743842,3.92057036725625
429.193696262491,12.346742787044,3.20226889288295
359.896116930887,292.019927243572,3.02912569945162
607.760580464385,101.309739817695,4.12003800992049
393.421452932083,232.512395067415,4.18658516363548
571.702071624014,407.025138333279,4.71239022250443
143.802697086755,281.9299294429,4.41769246013344
199.557711892003,366.385632120093,4.04295374276547
124.598712707205,411.635246443022,3.42823125467146
618.156241793438,311.319352295959,4.52917125984649
6.27583333361466,145.799528345853,4.27649644382765
542.441099448218,203.900631414631,4.22146882344712
33.4674503318999,493.113918724286,2.84939843975563
279.037679752868,20.8578071354948,3.9588148685642
533.968353108239,390.372918436345,3.35802700475265
75.2191647345723,77.0695072214958,5.37144224505016
4.09486375457653,80.62670684609,3.4000360416522
586.261284495559,224.547775296021,3.99886963746383
441.742387340128,456.853725961189,4.6850477597872
657.335811208939,372.82862679273,3.06710190408199
107.055838756559,487.069810963834,4.29998679622907
628.950550378675,87.1591726154973,4.07899138706822
420.834362029328,255.779146160264,3.63921396240892
12.5254757535392,181.088681114672,3.28307148358636
84.3555037730764,118.61453057615,4.57540897477297
612.698392531451,182.01471548866,4.2746852614134
250.088366434666,215.651005983646,3.68288793889632
574.370487040536,438.53388590671,3.88041925590947
301.661675303797,136.054043481013,3.75024923963984
534.228657116541,452.903778264649,3.63678651697894
46.9114605205422,422.52285128442,3.94422525261658
195.190860651438,287.896997378344,3.70134171112726
555.529342101613,261.785166278847,3.74242081996221
178.043533184646,34.9863443350854,4.31622292782518
492.345012808611,352.543952186997,4.53699346712786
34.234200430035,51.8167231982725,3.39780199082546
526.272194644568,164.808927492814,4.53510737030072
NA,NA,NA
659.694644852121,338.923433092872,3.61831915690613
457.122534462957,296.121970935514,3.63425471259827
10.2833374259211,494.03886884767,3.7900078152198
565.201704828226,50.7359896333479,4.18647876056194
74.4108049487,374.616385564584,3.86605442477002
229.469317817175,415.068660743842,3.92057036725625
429.193696262491,12.346742787044,3.20226889288295
359.896116930887,292.019927243572,3.02912569945162
607.760580464385,101.309739817695,4.12003800992049
393.421452932083,232.512395067415,4.18658516363548
571.702071624014,407.025138333279,4.71239022250443
143.802697086755,281.9299294429,4.41769246013344
199.557711892003,366.385632120093,4.04295374276547
124.598712707205,411.635246443022,3.42823125467146
618.156241793438,311.319352295959,4.52917125984649
6.27583333361466,145.799528345853,4.27649644382765
542.441099448218,203.900631414631,4.22146882344712
33.4674503318999,493.113918724286,2.84939843975563
279.037679752868,20.8578071354948,3.9588148685642
533.968353108239,390.372918436345,3.35802700475265
75.2191647345723,77.0695072214958,5.37144224505016
4.09486375457653,80.62670684609,3.4000360416522
586.261284495559,224.547775296021,3.99886963746383
441.742387340128,456.853725961189,4.6850477597872
657.335811208939,372.82862679273,3.06710190408199
107.055838756559,487.069810963834,4.29998679622907
628.950550378675,87.1591726154973,4.07899138706822
420.834362029328,255.779146160264,3.63921396240892
12.5254757535392,181.088681114672,3.28307148358636
84.3555037730764,118.61453057615,4.57540897477297
612.698392531451,182.01471548866,4.2746852614134
250.088366434666,215.651005983646,3.68288793889632
574.370487040536,438.53388590671,3.88041925590947
301.661675303797,136.054043481013,3.75024923963984
534.228657116541,452.903778264649,3.63678651697894
46.9114605205422,422.52285128442,3.94422525261658
195.190860651438,287.896997378344,3.70134171112726
555.529342101613,261.785166278847,3.74242081996221
178.043533184646,34.9863443350854,4.31622292782518
492.345012808611,352.543952186997,4.53699346712786
34.234200430035,51.8167231982725,3.39780199082546
526.272194644568,164.808927492814,4.53510737030072
NA,NA,NA
659.694644852121,338.923433092872,3.61831915690613
457.122534462957,296.121970935514,3.63425471259827
10.2833374259211,494.03886884767,3.7900078152198
565.201704828226,50.7359896333479,4.18647876056194
74.4108049487,374.616385564584,3.86605442477002
229.469317817175,415.068660743842,3.92057036725625
429.193696262491,12.346742787044,3.20226889288295
359.896116930887,292.019927243572,3.02912569945162
607.760580464385,101.309739817695,4.12003800992049
393.421452932083,232.512395067415,4.18658516363548
571.702071624014,407.025138333279,4.71239022250443
143.802697086755,281.9299294429,4.41769246013344
199.557711892003,366.385632120093,4.04295374276547
124.598712707205,411.635246443022,3.42823125467146
618.156241793438,311.319352295959,4.52917125984649
6.27583333361466,145.799528345853,4.27649644382765
542.441099448218,203.900631414631,4.22146882344712
33.4674503318999,493.113918724286,2.84939843975563
279.037679752868,20.8578071354948,3.9588148685642
533.968353108239,390.372918436345,3.35802700475265
75.2191647345723,77.0695072214958,5.37144224505016
4.09486375457653,80.62670684609,3.4000360416522
586.261284495559,224.547775296021,3.99886963746383
441.742387340128,456.853725961189,4.6850477597872
657.335811208939,372.82862679273,3.06710190408199
107.055838756559,487.069810963834,4.29998679622907
628.950550378675,87.1591726154973,4.07899138706822
420.834362029328,255.779146160264,3.63921396240892
12.5254757535392,181.088681114672,3.28307148358636
84.3555037730764,118.61453057615,4.57540897477297
612.698392531451,182.01471548866,4.2746852614134
250.088366434666,215.651005983646,3.68288793889632
574.370487040536,438.53388590671,3.88041925590947
301.661675303797,136.054043481013,3.75024923963984
534.228657116541,452.903778264649,3.63678651697894
46.9114605205422,422.52285128442,3.94422525261658
195.190860651438,287.896997378344,3.70134171112726
555.529342101613,261.785166278847,3.74242081996221
178.043533184646,34.9863443350854,4.31622292782518
492.345012808611,352.543952186997,4.53699346712786
34.234200430035,51.8167231982725,3.39780199082546
526.272194644568,164.808927492814,4.53510737030072
NA,NA,NA
660.479197563231,335.869375056553,3.37896033189569
456.868211203555,297.679253667182,3.56800823324535
13.2855091119598,493.698999864954,3.61006535938482
563.624618506739,53.7389030705349,4.19198484452584
67.0558891960169,373.835152755146,3.96035812067394
229.224896424917,417.365518644937,3.90357267315593
428.789215989469,12.8673509366994,3.41259027216266
361.610177742168,292.595460757644,3.12853777528535
611.266422922874,103.239265944257,4.25623862298624
392.947853274262,229.786165752031,4.25409399144934
566.589026140058,406.580582725708,4.67058888715322
136.843020648386,286.135070587605,4.52304323845975
201.113198582736,365.681619423771,3.98604312738659
124.231825728695,409.270101840113,3.46163110409686
626.431492815183,314.41839406333,4.62746601120239
-1.04141745046199,143.328202172318,4.31480057532988
545.14503148841,205.785911272753,4.18817662750485
31.5896357081456,491.682186546106,3.00206727314292
281.148348720769,21.889990795882,4.03376621856316
532.016225875368,391.194984391351,3.412389305171
75.8789585416409,77.3878940420259,5.19168157005699
6.02030351868506,76.224924777826,3.7110797499787
592.145740352724,225.64236860571,3.98041949899312
446.031238533395,454.769992581378,4.79694670091132
657.326485479405,373.883349353315,3.15033660238945
105.399946008265,484.785813758799,4.35367732007277
621.00232788376,88.8082843151742,4.07228038085167
416.552209098574,258.761378186291,3.64078277478123
9.05034946960711,183.090408498304,3.16300790053267
71.4009848965977,119.354178036458,4.41012802111158
612.394875238883,206.676083873437,4.48271353853202
258.864913570192,220.667956138008,3.78684171053932
571.098258618733,437.776592392873,3.89035420207353
301.70674730271,136.994661797993,3.79573502794048
526.480044447347,459.578106994435,3.73166164056389
42.8090819414066,429.534840212295,4.18722204583013
188.839790982256,276.48148034338,4.33669514805172
549.321501800298,263.673728539443,3.50165937478549
183.991314464556,33.6421064478182,4.26127774160432
497.244397396249,354.20392710961,4.69890912930763
46.9177251754191,39.9517289396237,3.98662039727441
532.040930562565,155.045786045637,4.56495018458693
NA,NA,NA
660.479197563231,335.869375056553,3.37896033189569
456.868211203555,297.679253667182,3.56800823324535
13.2855091119598,493.698999864954,3.61006535938482
563.624618506739,53.7389030705349,4.19198484452584
67.0558891960169,373.835152755146,3.96035812067394
229.224896424917,417.365518644937,3.90357267315593
428.789215989469,12.8673509366994,3.41259027216266
361.610177742168,292.595460757644,3.12853777528535
611.266422922874,103.239265944257,4.25623862298624
392.947853274262,229.786165752031,4.25409399144934
566.589026140058,406.580582725708,4.67058888715322
136.843020648386,286.135070587605,4.52304323845975
201.113198582736,365.681619423771,3.98604312738659
124.231825728695,409.270101840113,3.46163110409686
626.431492815183,314.41839406333,4.62746601120239
-1.04141745046199,143.328202172318,4.31480057532988
545.14503148841,205.785911272753,4.18817662750485
31.5896357081456,491.682186546106,3.00206727314292
281.148348720769,21.889990795882,4.03376621856316
532.016225875368,391.194984391351,3.412389305171
75.8789585416409,77.3878940420259,5.19168157005699
6.02030351868506,76.224924777826,3.7110797499787
592.145740352724,225.64236860571,3.98041949899312
446.031238533395,454.769992581378,4.79694670091132
657.326485479405,373.883349353315,3.15033660238945
105.399946008265,484.785813758799,4.35367732007277
621.00232788376,88.8082843151742,4.07228038085167
416.552209098574,258.761378186291,3.64078277478123
9.05034946960711,183.090408498304,3.16300790053267
71.4009848965977,119.354178036458,4.41012802111158
612.394875238883,206.676083873437,4.48271353853202
258.864913570192,220.667956138008,3.78684171053932
571.098258618733,437.776592392873,3.89035420207353
301.70674730271,136.994661797993,3.79573502794048
526.480044447347,459.578106994435,3.73166164056389
42.8090819414066,429.534840212295,4.18722204583013
188.839790982256,276.48148034338,4.33669514805172
549.321501800298,263.673728539443,3.50165937478549
183.991314464556,33.6421064478182,4.26127774160432
497.244397396249,354.20392710961,4.69890912930763
46.9177251754191,39.9517289396237,3.98662039727441
532.040930562565,155.045786045637,4.56495018458693
NA,NA,NA
660.479197563231,335.869375056553,3.37896033189569
456.868211203555,297.679253667182,3.56800823324535
13.2855091119598,493.698999864954,3.61006535938482
563.624618506739,53.7389030705349,4.19198484452584
67.0558891960169,373.835152755146,3.96035812067394
229.224896424917,417.365518644937,3.90357267315593
428.789215989469,12.8673509366994,3.41259027216266
361.610177742168,292.595460757644,3.12853777528535
611.266422922874,103.239265944257,4.25623862298624
392.947853274262,229.786165752031,4.25409399144934
566.589026140058,406.580582725708,4.67058888715322
136.843020648386,286.135070587605,4.52304323845975
201.113198582736,365.681619423771,3.98604312738659
124.231825728695,409.270101840113,3.46163110409686
626.431492815183,314.41839406333,4.62746601120239
-1.04141745046199,143.328202172318,4.31480057532988
545.14503148841,205.785911272753,4.18817662750485
31.5896357081456,491.682186546106,3.00206727314292
281.148348720769,21.889990795882,4.03376621856316
532.016225875368,391.194984391351,3.412389305171
75.8789585416409,77.3878940420259,5.19168157005699
6.02030351868506,76.224924777826,3.7110797499787
592.145740352724,225.64236860571,3.98041949899312
446.031238533395,454.769992581378,4.79694670091132
657.326485479405,373.883349353315,3.15033660238945
105.399946008265,484.785813758799,4.35367732007277
621.00232788376,88.8082843151742,4.07228038085167
416.552209098574,258.761378186291,3.64078277478123
9.05034946960711,183.090408498304,3.16300790053267
71.4009848965977,119.354178036458,4.41012802111158
612.394875238883,206.676083873437,4.48271353853202
258.864913570192,220.667956138008,3.78684171053932
571.098258618733,437.776592392873,3.89035420207353
301.70674730271,136.994661797993,3.79573502794048
526.480044447347,459.578106994435,3.73166164056389
42.8090819414066,429.534840212295,4.18722204583013
188.839790982256,276.48148034338,4.33669514805172
549.321501800298,263.673728539443,3.50165937478549
183.991314464556,33.6421064478182,4.26127774160432
497.244397396249,354.20392710961,4.69890912930763
46.9177251754191,39.9517289396237,3.98662039727441
532.040930562565,155.045786045637,4.56495018458693
NA,NA,NA
660.479197563231,335.869375056553,3.37896033189569
456.868211203555,297.679253667182,3.56800823324535
13.2855091119598,493.698999864954,3.61006535938482
563.624618506739,53.7389030705349,4.19198484452584
67.0558891960169,373.835152755146,3.96035812067394
229.224896424917,417.365518644937,3.90357267315593
428.789215989469,12.8673509366994,3.41259027216266
361.610177742168,292.595460757644,3.12853777528535
611.266422922874,103.239265944257,4.25623862298624
392.947853274262,229.786165752031,4.25409399144934
566.589026140058,406.580582725708,4.67058888715322
136.843020648386,286.135070587605,4.52304323845975
201.113198582736,365.681619423771,3.98604312738659
124.231825728695,409.270101840113,3.46163110409686
626.431492815183,314.41839406333,4.62746601120239
-1.04141745046199,143.328202172318,4.31480057532988
545.14503148841,205.785911272753,4.18817662750485
31.5896357081456,491.682186546106,3.00206727314292
281.148348720769,21.889990795882,4.03376621856316
532.016225875368,391.194984391351,3.412389305171
75.8789585416409,77.3878940420259,5.19168157005699
6.02030351868506,76.224924777826,3.7110797499787
592.145740352724,225.64236860571,3.98041949899312
446.031238533395,454.769992581378,4.79694670091132
657.326485479405,373.883349353315,3.15033660238945
105.399946008265,484.785813758799,4.35367732007277
621.00232788376,88.8082843151742,4.07228038085167
416.552209098574,258.761378186291,3.64078277478123
9.05034946960711,183.090408498304,3.16300790053267
71.4009848965977,119.354178036458,4.41012802111158
612.394875238883,206.676083873437,4.48271353853202
258.864913570192,220.667956138008,3.78684171053932
571.098258618733,437.776592392873,3.89035420207353
301.70674730271,136.994661797993,3.79573502794048
526.480044447347,459.578106994435,3.73166164056389
42.8090819414066,429.534840212295,4.18722204583013
188.839790982256,276.48148034338,4.33669514805172
549.321501800298,263.673728539443,3.50165937478549
183.991314464556,33.6421064478182,4.26127774160432
497.244397396249,354.20392710961,4.69890912930763
46.9177251754191,39.9517289396237,3.98662039727441
532.040930562565,155.045786045637,4.56495018458693
NA,NA,NA
660.479197563231,335.869375056553,3.37896033189569
456.868211203555,297.679253667182,3.56800823324535
13.2855091119598,493.698999864954,3.61006535938482
563.624618506739,53.7389030705349,4.19198484452584
67.0558891960169,373.835152755146,3.96035812067394
229.224896424917,417.365518644937,3.90357267315593
428.789215989469,12.8673509366994,3.41259027216266
361.610177742168,292.595460757644,3.12853777528535
611.266422922874,103.239265944257,4.25623862298624
392.947853274262,229.786165752031,4.25409399144934
566.589026140058,406.580582725708,4.67058888715322
136.843020648386,286.135070587605,4.52304323845975
201.113198582736,365.681619423771,3.98604312738659
124.231825728695,409.270101840113,3.46163110409686
626.431492815183,314.41839406333,4.62746601120239
-1.04141745046199,143.328202172318,4.31480057532988
545.14503148841,205.785911272753,4.18817662750485
31.5896357081456,491.682186546106,3.00206727314292
281.148348720769,21.889990795882,4.03376621856316
532.016225875368,391.194984391351,3.412389305171
75.8789585416409,77.3878940420259,5.19168157005699
6.02030351868506,76.224924777826,3.7110797499787
592.145740352724,225.64236860571,3.98041949899312
446.031238533395,454.769992581378,4.79694670091132
657.326485479405,373.883349353315,3.15033660238945
105.399946008265,484.785813758799,4.35367732007277
621.00232788376,88.8082843151742,4.07228038085167
416.552209098574,258.761378186291,3.64078277478123
9.05034946960711,183.090408498304,3.16300790053267
71.4009848965977,119.354178036458,4.41012802111158
612.394875238883,206.676083873437,4.48271353853202
258.864913570192,220.667956138008,3.78684171053932
571.098258618733,437.776592392873,3.89035420207353
301.70674730271,136.994661797993,3.79573502794048
526.480044447347,459.578106994435,3.73166164056389
42.8090819414066,429.534840212295,4.18722204583013
188.839790982256,276.48148034338,4.33669514805172
549.321501800298,263.673728539443,3.50165937478549
183.991314464556,33.6421064478182,4.26127774160432
497.244397396249,354.20392710961,4.69890912930763
46.9177251754191,39.9517289396237,3.98662039727441
532.040930562565,155.045786045637,4.56495018458693
NA,NA,NA
660.479197563231,335.869375056553,3.37896033189569
456.868211203555,297.679253667182,3.56800823324535
13.2855091119598,493.698999864954,3.61006535938482
563.624618506739,53.7389030705349,4.19198484452584
67.0558891960169,373.835152755146,3.96035812067394
229.224896424917,417.365518644937,3.90357267315593
428.789215989469,12.8673509366994,3.41259027216266
361.610177742168,292.595460757644,3.12853777528535
611.266422922874,103.239265944257,4.25623862298624
392.947853274262,229.786165752031,4.25409399144934
566.589026140058,406.580582725708,4.67058888715322
136.843020648386,286.135070587605,4.52304323845975
201.113198582736,365.681619423771,3.98604312738659
124.231825728695,409.270101840113,3.46163110409686
626.431492815183,314.41839406333,4.62746601120239
-1.04141745046199,143.328202172318,4.31480057532988
545.14503148841,205.785911272753,4.18817662750485
31.5896357081456,491.682186546106,3.00206727314292
281.148348720769,21.889990795882,4.03376621856316
532.016225875368,391.194984391351,3.412389305171
75.8789585416409,77.3878940420259,5.19168157005699
6.02030351868506,76.224924777826,3.7110797499787
592.145740352724,225.64236860571,3.98041949899312
446.031238533395,454.769992581378,4.79694670091132
657.326485479405,373.883349353315,3.15033660238945
105.399946008265,484.785813758799,4.35367732007277
621.00232788376,88.8082843151742,4.07228038085167
416.552209098574,258.761378186291,3.64078277478123
9.05034946960711,183.090408498304,3.16300790053267
71.4009848965977,119.354178036458,4.41012802111158
612.394875238883,206.676083873437,4.48271353853202
258.864913570192,220.667956138008,3.78684171053932
571.098258618733,437.776592392873,3.89035420207353
301.70674730271,136.994661797993,3.79573502794048
526.480044447347,459.578106994435,3.73166164056389
42.8090819414066,429.534840212295,4.18722204583013
188.839790982256,276.48148034338,4.33669514805172
549.321501800298,263.673728539443,3.50165937478549
183.991314464556,33.6421064478182,4.26127774160432
497.244397396249,354.20392710961,4.69890912930763
46.9177251754191,39.9517289396237,3.98662039727441
532.040930562565,155.045786045637,4.56495018458693
NA,NA,NA
661.168965566631,333.774114647246,3.50772074599471
454.21756746223,298.064849561928,3.66920514672244
9.73566460921326,494.841051729557,3.6520531726385
564.14818327494,55.6762308549097,4.32345509267851
72.3474309510312,380.16194765837,3.93166038611441
229.143768476137,407.843433769822,3.84585099013502
428.813705902581,13.8672260570048,3.28685917438718
360.993302040627,291.431355908381,2.99848623104557
608.899737074956,105.082608159949,4.28595832635595
394.345140232817,233.901489202308,4.16778069720522
572.148457979146,410.918196933891,4.7590510906987
145.36454740508,287.601144951652,4.54144147914037
194.584588448308,364.793313166633,4.02192266355502
126.241159262325,409.482689103759,3.42557604719855
628.901819300327,318.091199640788,4.46451124820188
5.43594684246087,149.883743372521,4.38356644995762
541.514101503116,200.223913361528,4.20963414558759
35.6620862502629,490.465472498675,3.10952181646688
281.14755614431,23.700889110059,3.87440424030093
537.636199476039,392.989280664288,3.33634237109995
72.8265459345288,75.643372126252,5.09623032989778
1.31346219432737,73.5602420958588,3.42353470804567
588.526845363667,223.749211796543,3.85927260684467
444.581412630967,457.707653952112,4.81586510835808
657.604503259384,374.644715786356,3.13587678317725
105.483143694245,489.987121283075,4.27468676122677
621.358992624113,88.4903608921271,4.10552047188514
419.9560069217,258.047946307986,3.60605452410731
11.9073578386034,183.646815464773,3.28893413003946
73.932216393413,125.768017516426,4.31158006517779
618.298829087046,193.203223167482,4.53772946635823
263.745253527872,221.297925521262,3.68429134488426
573.656549559824,434.54683522437,4.02097938792471
303.390080761982,138.011493430408,3.93184239943438
528.470787596455,460.772413539666,3.49457011357707
45.980000695215,411.132758756405,4.34237492989287
198.320035455995,286.712996589778,4.00747505354363
548.879822750509,260.654284372898,3.12873473100917
173.826199033239,26.8327486258722,4.52878416769298
500.399471800903,352.486280351976,4.37514910270419
29.2985364896968,57.4012264764568,4.0554739493606
525.213889590186,140.651744024605,4.48616784530348
NA,NA,NA
661.168965566631,333.774114647246,3.50772074599471
454.21756746223,298.064849561928,3.66920514672244
9.73566460921326,494.841051729557,3.6520531726385
564.14818327494,55.6762308549097,4.32345509267851
72.3474309510312,380.16194765837,3.93166038611441
229.143768476137,407.843433769822,3.84585099013502
428.813705902581,13.8672260570048,3.28685917438718
360.993302040627,291.431355908381,2.99848623104557
608.899737074956,105.082608159949,4.28595832635595
394.345140232817,233.901489202308,4.16778069720522
572.148457979146,410.918196933891,4.7590510906987
145.36454740508,287.601144951652,4.54144147914037
194.584588448308,364.793313166633,4.02192266355502
126.241159262325,409.482689103759,3.42557604719855
628.901819300327,318.091199640788,4.46451124820188
5.43594684246087,149.883743372521,4.38356644995762
541.514101503116,200.223913361528,4.20963414558759
35.6620862502629,490.465472498675,3.10952181646688
281.14755614431,23.700889110059,3.87440424030093
537.636199476039,392.989280664288,3.33634237109995
72.8265459345288,75.643372126252,5.09623032989778
1.31346219432737,73.5602420958588,3.42353470804567
588.526845363667,223.749211796543,3.85927260684467
444.581412630967,457.707653952112,4.81586510835808
657.604503259384,374.644715786356,3.13587678317725
105.483143694245,489.987121283075,4.27468676122677
621.358992624113,88.4903608921271,4.10552047188514
419.9560069217,258.047946307986,3.60605452410731
11.9073578386034,183.646815464773,3.28893413003946
73.932216393413,125.768017516426,4.31158006517779
618.298829087046,193.203223167482,4.53772946635823
263.745253527872,221.297925521262,3.68429134488426
573.656549559824,434.54683522437,4.02097938792471
303.390080761982,138.011493430408,3.93184239943438
528.470787596455,460.772413539666,3.49457011357707
45.980000695215,411.132758756405,4.34237492989287
198.320035455995,286.712996589778,4.00747505354363
548.879822750509,260.654284372898,3.12873473100917
173.826199033239,26.8327486258722,4.52878416769298
500.399471800903,352.486280351976,4.37514910270419
29.2985364896968,57.4012264764568,4.0554739493606
525.213889590186,140.651744024605,4.48616784530348
NA,NA,NA
661.168965566631,333.774114647246,3.50772074599471
454.21756746223,298.064849561928,3.66920514672244
9.73566460921326,494.841051729557,3.6520531726385
564.14818327494,55.6762308549097,4.32345509267851
72.3474309510312,380.16194765837,3.93166038611441
229.143768476137,407.843433769822,3.84585099013502
428.813705902581,13.8672260570048,3.28685917438718
360.993302040627,291.431355908381,2.99848623104557
608.899737074956,105.082608159949,4.28595832635595
394.345140232817,233.901489202308,4.16778069720522
572.148457979146,410.918196933891,4.7590510906987
145.36454740508,287.601144951652,4.54144147914037
194.584588448308,364.793313166633,4.02192266355502
126.241159262325,409.482689103759,3.42557604719855
628.901819300327,318.091199640788,4.46451124820188
5.43594684246087,149.883743372521,4.38356644995762
541.514101503116,200.223913361528,4.20963414558759
35.6620862502629,490.465472498675,3.10952181646688
281.14755614431,23.700889110059,3.87440424030093
537.636199476039,392.989280664288,3.33634237109995
72.8265459345288,75.643372126252,5.09623032989778
1.31346219432737,73.5602420958588,3.42353470804567
588.526845363667,223.749211796543,3.85927260684467
444.581412630967,457.707653952112,4.81586510835808
657.604503259384,374.644715786356,3.13587678317725
105.483143694245,489.987121283075,4.27468676122677
621.358992624113,88.4903608921271,4.10552047188514
419.9560069217,258.047946307986,3.60605452410731
11.9073578386034,183.646815464773,3.28893413003946
73.932216393413,125.768017516426,4.31158006517779
618.298829087046,193.203223167482,4.53772946635823
263.745253527872,221.297925521262,3.68429134488426
573.656549559824,434.54683522437,4.02097938792471
303.390080761982,138.011493430408,3.93184239943438
528.470787596455,460.772413539666,3.49457011357707
45.980000695215,411.132758756405,4.34237492989287
198.320035455995,286.712996589778,4.00747505354363
548.879822750509,260.654284372898,3.12873473100917
173.826199033239,26.8327486258722,4.52878416769298
500.399471800903,352.486280351976,4.37514910270419
29.2985364896968,57.4012264764568,4.0554739493606
525.213889590186,140.651744024605,4.48616784530348
NA,NA,NA
661.168965566631,333.774114647246,3.50772074599471
454.21756746223,298.064849561928,3.66920514672244
9.73566460921326,494.841051729557,3.6520531726385
564.14818327494,55.6762308549097,4.32345509267851
72.3474309510312,380.16194765837,3.93166038611441
229.143768476137,407.843433769822,3.84585099013502
428.813705902581,13.8672260570048,3.28685917438718
360.993302040627,291.431355908381,2.99848623104557
608.899737074956,105.082608159949,4.28595832635595
394.345140232817,233.901489202308,4.16778069720522
572.148457979146,410.918196933891,4.7590510906987
145.36454740508,287.601144951652,4.54144147914037
194.584588448308,364.793313166633,4.02192266355502
126.241159262325,409.482689103759,3.42557604719855
628.901819300327,318.091199640788,4.46451124820188
5.43594684246087,149.883743372521,4.38356644995762
541.514101503116,200.223913361528,4.20963414558759
35.6620862502629,490.465472498675,3.10952181646688
281.14755614431,23.700889110059,3.87440424030093
537.636199476039,392.989280664288,3.33634237109995
72.8265459345288,75.643372126252,5.09623032989778
1.31346219432737,73.5602420958588,3.42353470804567
588.526845363667,223.749211796543,3.85927260684467
444.581412630967,457.707653952112,4.81586510835808
657.604503259384,374.644715786356,3.13587678317725
105.483143694245,489.987121283075,4.27468676122677
621.358992624113,88.4903608921271,4.10552047188514
419.9560069217,258.047946307986,3.60605452410731
11.9073578386034,183.646815464773,3.28893413003946
73.932216393413,125.768017516426,4.31158006517779
618.298829087046,193.203223167482,4.53772946635823
263.745253527872,221.297925521262,3.68429134488426
573.656549559824,434.54683522437,4.02097938792471
303.390080761982,138.011493430408,3.93184239943438
528.470787596455,460.772413539666,3.49457011357707
45.980000695215,411.132758756405,4.34237492989287
198.320035455995,286.712996589778,4.00747505354363
548.879822750509,260.654284372898,3.12873473100917
173.826199033239,26.8327486258722,4.52878416769298
500.399471800903,352.486280351976,4.37514910270419
29.2985364896968,57.4012264764568,4.0554739493606
525.213889590186,140.651744024605,4.48616784530348
NA,NA,NA
661.168965566631,333.774114647246,3.50772074599471
454.21756746223,298.064849561928,3.66920514672244
9.73566460921326,494.841051729557,3.6520531726385
564.14818327494,55.6762308549097,4.32345509267851
72.3474309510312,380.16194765837,3.93166038611441
229.143768476137,407.843433769822,3.84585099013502
428.813705902581,13.8672260570048,3.28685917438718
360.993302040627,291.431355908381,2.99848623104557
608.899737074956,105.082608159949,4.28595832635595
394.345140232817,233.901489202308,4.16778069720522
572.148457979146,410.918196933891,4.7590510906987
145.36454740508,287.601144951652,4.54144147914037
194.584588448308,364.793313166633,4.02192266355502
126.241159262325,409.482689103759,3.42557604719855
628.901819300327,318.091199640788,4.46451124820188
5.43594684246087,149.883743372521,4.38356644995762
541.514101503116,200.223913361528,4.20963414558759
35.6620862502629,490.465472498675,3.10952181646688
281.14755614431,23.700889110059,3.87440424030093
537.636199476039,392.989280664288,3.33634237109995
72.8265459345288,75.643372126252,5.09623032989778
1.31346219432737,73.5602420958588,3.42353470804567
588.526845363667,223.749211796543,3.85927260684467
444.581412630967,457.707653952112,4.81586510835808
657.604503259384,374.644715786356,3.13587678317725
105.483143694245,489.987121283075,4.27468676122677
621.358992624113,88.4903608921271,4.10552047188514
419.9560069217,258.047946307986,3.60605452410731
11.9073578386034,183.646815464773,3.28893413003946
73.932216393413,125.768017516426,4.31158006517779
618.298829087046,193.203223167482,4.53772946635823
263.745253527872,221.297925521262,3.68429134488426
573.656549559824,434.54683522437,4.02097938792471
303.390080761982,138.011493430408,3.93184239943438
528.470787596455,460.772413539666,3.49457011357707
45.980000695215,411.132758756405,4.34237492989287
198.320035455995,286.712996589778,4.00747505354363
548.879822750509,260.654284372898,3.12873473100917
173.826199033239,26.8327486258722,4.52878416769298
500.399471800903,352.486280351976,4.37514910270419
29.2985364896968,57.4012264764568,4.0554739493606
525.213889590186,140.651744024605,4.48616784530348
NA,NA,NA
661.168965566631,333.774114647246,3.50772074599471
454.21756746223,298.064849561928,3.66920514672244
9.73566460921326,494.841051729557,3.6520531726385
564.14818327494,55.6762308549097,4.32345509267851
72.3474309510312,380.16194765837,3.93166038611441
229.143768476137,407.843433769822,3.84585099013502
428.813705902581,13.8672260570048,3.28685917438718
360.993302040627,291.431355908381,2.99848623104557
608.899737074956,105.082608159949,4.28595832635595
394.345140232817,233.901489202308,4.16778069720522
572.148457979146,410.918196933891,4.7590510906987
145.36454740508,287.601144951652,4.54144147914037
194.584588448308,364.793313166633,4.02192266355502
126.241159262325,409.482689103759,3.42557604719855
628.901819300327,318.091199640788,4.46451124820188
5.43594684246087,149.883743372521,4.38356644995762
541.514101503116,200.223913361528,4.20963414558759
35.6620862502629,490.465472498675,3.10952181646688
281.14755614431,23.700889110059,3.87440424030093
537.636199476039,392.989280664288,3.33634237109995
72.8265459345288,75.643372126252,5.09623032989778
1.31346219432737,73.5602420958588,3.42353470804567
588.526845363667,223.749211796543,3.85927260684467
444.581412630967,457.707653952112,4.81586510835808
657.604503259384,374.644715786356,3.13587678317725
105.483143694245,489.987121283075,4.27468676122677
621.358992624113,88.4903608921271,4.10552047188514
419.9560069217,258.047946307986,3.60605452410731
11.9073578386034,183.646815464773,3.28893413003946
73.932216393413,125.768017516426,4.31158006517779
618.298829087046,193.203223167482,4.53772946635823
263.745253527872,221.297925521262,3.68429134488426
573.656549559824,434.54683522437,4.02097938792471
303.390080761982,138.011493430408,3.93184239943438
528.470787596455,460.772413539666,3.49457011357707
45.980000695215,411.132758756405,4.34237492989287
198.320035455995,286.712996589778,4.00747505354363
548.879822750509,260.654284372898,3.12873473100917
173.826199033239,26.8327486258722,4.52878416769298
500.399471800903,352.486280351976,4.37514910270419
29.2985364896968,57.4012264764568,4.0554739493606
525.213889590186,140.651744024605,4.48616784530348
NA,NA,NA
660.111667264471,335.602100076935,3.46889593069525
456.808652315381,296.509724137753,3.56208395781161
10.7447034716569,498.642757330977,3.73843819041527
559.996776098688,49.388372684066,4.24560802973186
71.5351308179422,379.681088017881,3.80030867503158
226.638501257269,413.828760416833,3.938811692878
427.631078424635,15.8525340503979,3.26569564858863
361.383596932246,294.655699969604,3.17669791229825
603.882442922128,107.05097072633,4.22463610844551
391.326744786704,228.551014413984,4.16572923899699
575.373759144294,407.830278823754,4.73788465221571
136.040490277189,288.537628748299,4.66167573781029
202.891586665497,370.841958932968,3.96382453190414
128.479183910705,413.00957892328,3.5329840542026
630.484089382166,309.156596710574,4.52864257298115
4.70534290965105,151.298156473489,4.2874522961179
545.66689481349,200.495437586573,4.2820900848458
33.8093833020935,492.950849096551,2.9000982676749
280.036358204214,24.6163544218588,3.91743791335159
529.941229341101,390.049508455903,3.42713691045423
79.014580856895,78.6053067409722,5.34844482614549
4.27158607102054,75.5170971192775,3.4739450148352
587.323535265713,225.405203269303,4.10269084957942
437.172665970363,458.771822417521,4.84551563265657
658.914106479571,375.654631327367,3.04615465810667
109.183492106895,488.056721308951,4.26258011692133
625.613266698486,88.0117552627429,4.07583353348206
420.352433515824,258.213169145058,3.61674584854042
12.7102662470314,181.182645098809,3.25163337797402
65.608525347572,124.425275452669,4.26456619207809
615.003167723526,201.858120810353,4.12579598107153
262.031358901319,224.407387825526,3.93620580528318
565.359517631868,443.332271407292,3.70231789142341
303.164109524892,141.666768611671,3.76837605389382
525.991896872644,455.906869388083,3.47410270106795
42.9570523548126,409.370600517545,3.83643048569047
203.524412290805,279.802689454981,3.98544731260953
550.830968159098,263.24112871456,3.68459558736702
174.620868175168,15.1496084176,4.23204977169527
508.242119476672,361.57620673882,4.71866248971218
44.6002616047978,50.7707102138739,3.67052067829164
514.587273691555,168.133538479091,4.65780923582756
NA,NA,NA
660.111667264471,335.602100076935,3.46889593069525
456.808652315381,296.509724137753,3.56208395781161
10.7447034716569,498.642757330977,3.73843819041527
559.996776098688,49.388372684066,4.24560802973186
71.5351308179422,379.681088017881,3.80030867503158
226.638501257269,413.828760416833,3.938811692878
427.631078424635,15.8525340503979,3.26569564858863
361.383596932246,294.655699969604,3.17669791229825
603.882442922128,107.05097072633,4.22463610844551
391.326744786704,228.551014413984,4.16572923899699
575.373759144294,407.830278823754,4.73788465221571
136.040490277189,288.537628748299,4.66167573781029
202.891586665497,370.841958932968,3.96382453190414
128.479183910705,413.00957892328,3.5329840542026
630.484089382166,309.156596710574,4.52864257298115
4.70534290965105,151.298156473489,4.2874522961179
545.66689481349,200.495437586573,4.2820900848458
33.8093833020935,492.950849096551,2.9000982676749
280.036358204214,24.6163544218588,3.91743791335159
529.941229341101,390.049508455903,3.42713691045423
79.014580856895,78.6053067409722,5.34844482614549
4.27158607102054,75.5170971192775,3.4739450148352
587.323535265713,225.405203269303,4.10269084957942
437.172665970363,458.771822417521,4.84551563265657
658.914106479571,375.654631327367,3.04615465810667
109.183492106895,488.056721308951,4.26258011692133
625.613266698486,88.0117552627429,4.07583353348206
420.352433515824,258.213169145058,3.61674584854042
12.7102662470314,181.182645098809,3.25163337797402
65.608525347572,124.425275452669,4.26456619207809
615.003167723526,201.858120810353,4.12579598107153
262.031358901319,224.407387825526,3.93620580528318
565.359517631868,443.332271407292,3.70231789142341
303.164109524892,141.666768611671,3.76837605389382
525.991896872644,455.906869388083,3.47410270106795
42.9570523548126,409.370600517545,3.83643048569047
203.524412290805,279.802689454981,3.98544731260953
550.830968159098,263.24112871456,3.68459558736702
174.620868175168,15.1496084176,4.23204977169527
508.242119476672,361.57620673882,4.71866248971218
44.6002616047978,50.7707102138739,3.67052067829164
514.587273691555,168.133538479091,4.65780923582756
NA,NA,NA
660.111667264471,335.602100076935,3.46889593069525
456.808652315381,296.509724137753,3.56208395781161
10.7447034716569,498.642757330977,3.73843819041527
559.996776098688,49.388372684066,4.24560802973186
71.5351308179422,379.681088017881,3.80030867503158
226.638501257269,413.828760416833,3.938811692878
427.631078424635,15.8525340503979,3.26569564858863
361.383596932246,294.655699969604,3.17669791229825
603.882442922128,107.05097072633,4.22463610844551
391.326744786704,228.551014413984,4.16572923899699
575.373759144294,407.830278823754,4.73788465221571
136.040490277189,288.537628748299,4.66167573781029
202.891586665497,370.841958932968,3.96382453190414
128.479183910705,413.00957892328,3.5329840542026
630.484089382166,309.156596710574,4.52864257298115
4.70534290965105,151.298156473489,4.2874522961179
545.66689481349,200.495437586573,4.2820900848458
33.8093833020935,492.950849096551,2.9000982676749
280.036358204214,24.6163544218588,3.91743791335159
529.941229341101,390.049508455903,3.42713691045423
79.014580856895,78.6053067409722,5.34844482614549
4.27158607102054,75.5170971192775,3.4739450148352
587.323535265713,225.405203269303,4.10269084957942
437.172665970363,458.771822417521,4.84551563265657
658.914106479571,375.654631327367,3.04615465810667
109.183492106895,488.056721308951,4.26258011692133
625.613266698486,88.0117552627429,4.07583353348206
420.352433515824,258.213169145058,3.61674584854042
12.7102662470314,181.182645098809,3.25163337797402
65.608525347572,124.425275452669,4.26456619207809
615.003167723526,201.858120810353,4.12579598107153
262.031358901319,224.407387825526,3.93620580528318
565.359517631868,443.332271407292,3.70231789142341
303.164109524892,141.666768611671,3.76837605389382
525.991896872644,455.906869388083,3.47410270106795
42.9570523548126,409.370600517545,3.83643048569047
203.524412290805,279.802689454981,3.98544731260953
550.830968159098,263.24112871456,3.68459558736702
174.620868175168,15.1496084176,4.23204977169527
508.242119476672,361.57620673882,4.71866248971218
44.6002616047978,50.7707102138739,3.67052067829164
514.587273691555,168.133538479091,4.65780923582756
NA,NA,NA
660.111667264471,335.602100076935,3.46889593069525
456.808652315381,296.509724137753,3.56208395781161
10.7447034716569,498.642757330977,3.73843819041527
559.996776098688,49.388372684066,4.24560802973186
71.5351308179422,379.681088017881,3.80030867503158
226.638501257269,413.828760416833,3.938811692878
427.631078424635,15.8525340503979,3.26569564858863
361.383596932246,294.655699969604,3.17669791229825
603.882442922128,107.05097072633,4.22463610844551
391.326744786704,228.551014413984,4.16572923899699
575.373759144294,407.830278823754,4.73788465221571
136.040490277189,288.537628748299,4.66167573781029
202.891586665497,370.841958932968,3.96382453190414
128.479183910705,413.00957892328,3.5329840542026
630.484089382166,309.156596710574,4.52864257298115
4.70534290965105,151.298156473489,4.2874522961179
545.66689481349,200.495437586573,4.2820900848458
33.8093833020935,492.950849096551,2.9000982676749
280.036358204214,24.6163544218588,3.91743791335159
529.941229341101,390.049508455903,3.42713691045423
79.014580856895,78.6053067409722,5.34844482614549
4.27158607102054,75.5170971192775,3.4739450148352
587.323535265713,225.405203269303,4.10269084957942
437.172665970363,458.771822417521,4.84551563265657
658.914106479571,375.654631327367,3.04615465810667
109.183492106895,488.056721308951,4.26258011692133
625.613266698486,88.0117552627429,4.07583353348206
420.352433515824,258.213169145058,3.61674584854042
12.7102662470314,181.182645098809,3.25163337797402
65.608525347572,124.425275452669,4.26456619207809
615.003167723526,201.858120810353,4.12579598107153
262.031358901319,224.407387825526,3.93620580528318
565.359517631868,443.332271407292,3.70231789142341
303.164109524892,141.666768611671,3.76837605389382
525.991896872644,455.906869388083,3.47410270106795
42.9570523548126,409.370600517545,3.83643048569047
203.524412290805,279.802689454981,3.98544731260953
550.830968159098,263.24112871456,3.68459558736702
174.620868175168,15.1496084176,4.23204977169527
508.242119476672,361.57620673882,4.71866248971218
44.6002616047978,50.7707102138739,3.67052067829164
514.587273691555,168.133538479091,4.65780923582756
NA,NA,NA
660.111667264471,335.602100076935,3.46889593069525
456.808652315381,296.509724137753,3.56208395781161
10.7447034716569,498.642757330977,3.73843819041527
559.996776098688,49.388372684066,4.24560802973186
71.5351308179422,379.681088017881,3.80030867503158
226.638501257269,413.828760416833,3.938811692878
427.631078424635,15.8525340503979,3.26569564858863
361.383596932246,294.655699969604,3.17669791229825
603.882442922128,107.05097072633,4.22463610844551
391.326744786704,228.551014413984,4.16572923899699
575.373759144294,407.830278823754,4.73788465221571
136.040490277189,288.537628748299,4.66167573781029
202.891586665497,370.841958932968,3.96382453190414
128.479183910705,413.00957892328,3.5329840542026
630.484089382166,309.156596710574,4.52864257298115
4.70534290965105,151.298156473489,4.2874522961179
545.66689481349,200.495437586573,4.2820900848458
33.8093833020935,492.950849096551,2.9000982676749
280.036358204214,24.6163544218588,3.91743791335159
529.941229341101,390.049508455903,3.42713691045423
79.014580856895,78.6053067409722,5.34844482614549
4.27158607102054,75.5170971192775,3.4739450148352
587.323535265713,225.405203269303,4.10269084957942
437.172665970363,458.771822417521,4.84551563265657
658.914106479571,375.654631327367,3.04615465810667
109.183492106895,488.056721308951,4.26258011692133
625.613266698486,88.0117552627429,4.07583353348206
420.352433515824,258.213169145058,3.61674584854042
12.7102662470314,181.182645098809,3.25163337797402
65.608525347572,124.425275452669,4.26456619207809
615.003167723526,201.858120810353,4.12579598107153
262.031358901319,224.407387825526,3.93620580528318
565.359517631868,443.332271407292,3.70231789142341
303.164109524892,141.666768611671,3.76837605389382
525.991896872644,455.906869388083,3.47410270106795
42.9570523548126,409.370600517545,3.83643048569047
203.524412290805,279.802689454981,3.98544731260953
550.830968159098,263.24112871456,3.68459558736702
174.620868175168,15.1496084176,4.23204977169527
508.242119476672,361.57620673882,4.71866248971218
44.6002616047978,50.7707102138739,3.67052067829164
514.587273691555,168.133538479091,4.65780923582756
NA,NA,NA
660.111667264471,335.602100076935,3.46889593069525
456.808652315381,296.509724137753,3.56208395781161
10.7447034716569,498.642757330977,3.73843819041527
559.996776098688,49.388372684066,4.24560802973186
71.5351308179422,379.681088017881,3.80030867503158
226.638501257269,413.828760416833,3.938811692878
427.631078424635,15.8525340503979,3.26569564858863
361.383596932246,294.655699969604,3.17669791229825
603.882442922128,107.05097072633,4.22463610844551
391.326744786704,228.551014413984,4.16572923899699
575.373759144294,407.830278823754,4.73788465221571
136.040490277189,288.537628748299,4.66167573781029
202.891586665497,370.841958932968,3.96382453190414
128.479183910705,413.00957892328,3.5329840542026
630.484089382166,309.156596710574,4.52864257298115
4.70534290965105,151.298156473489,4.2874522961179
545.66689481349,200.495437586573,4.2820900848458
33.8093833020935,492.950849096551,2.9000982676749
280.036358204214,24.6163544218588,3.91743791335159
529.941229341101,390.049508455903,3.42713691045423
79.014580856895,78.6053067409722,5.34844482614549
4.27158607102054,75.5170971192775,3.4739450148352
587.323535265713,225.405203269303,4.10269084957942
437.172665970363,458.771822417521,4.84551563265657
658.914106479571,375.654631327367,3.04615465810667
109.183492106895,488.056721308951,4.26258011692133
625.613266698486,88.0117552627429,4.07583353348206
420.352433515824,258.213169145058,3.61674584854042
12.7102662470314,181.182645098809,3.25163337797402
65.608525347572,124.425275452669,4.26456619207809
615.003167723526,201.858120810353,4.12579598107153
262.031358901319,224.407387825526,3.93620580528318
565.359517631868,443.332271407292,3.70231789142341
303.164109524892,141.666768611671,3.76837605389382
525.991896872644,455.906869388083,3.47410270106795
42.9570523548126,409.370600517545,3.83643048569047
203.524412290805,279.802689454981,3.98544731260953
550.830968159098,263.24112871456,3.68459558736702
174.620868175168,15.1496084176,4.23204977169527
508.242119476672,361.57620673882,4.71866248971218
44.6002616047978,50.7707102138739,3.67052067829164
514.587273691555,168.133538479091,4.65780923582756
NA,NA,NA
664.01894542478,337.507215741007,3.5301713296301
457.942982168787,296.697928582487,3.77138259507995
8.10446670821384,496.963109771695,3.64131175494608
561.903629465447,50.7288371945261,4.24380822218879
74.3400251408708,380.814067942221,4.00306103559399
228.060466253753,414.161250487036,3.90883224073078
426.819972117826,15.1136168336732,3.39692610955083
364.657281619481,293.563874600024,3.08657842814902
604.265927361618,106.179218228361,4.35847813160962
393.854752458683,227.148522146374,4.15034480316269
565.967932010446,404.407640633272,4.77498252133771
136.243392384588,284.176317566488,4.45341206257089
199.362180510713,370.19864144686,4.11416936289384
123.835417023918,412.791343260218,3.40667960674114
624.744085071208,313.812796795229,4.49139871039735
0.732902401817694,148.464127291516,4.28099254161067
540.366298189114,200.948842443391,4.00143886932899
33.7017159445785,491.764642377016,2.93814041764521
279.333580982423,18.8112801857091,3.79982429211535
532.50346420756,390.582010348278,3.13335758748407
70.8748026475829,80.1401183139459,5.15010294694073
6.76852867948278,77.128114260528,3.43272622546201
587.137611924375,223.93559914806,3.90057959507242
433.626682016841,458.416603308375,4.74424682889164
658.45856056949,374.681586606097,2.99985983786119
108.287619881458,489.297031045814,4.4211640117885
626.708532004873,85.7713277913308,4.09487698550387
420.27520944963,260.533485746993,3.67591201604726
10.2378520784718,184.325675209596,3.36661986962529
66.4517104845265,122.448751235819,4.23866471813612
620.100255489648,201.51729261808,4.71939663932947
260.75965051236,218.561262369021,3.88701020510301
581.296810277322,434.74766519945,3.87494825708789
301.13260676766,135.395377545505,3.92363733278765
527.969451248519,461.536465095395,3.39600381930399
49.3631161594277,409.319178052969,4.09149380373787
191.684677248802,286.288902775335,3.73191771059247
537.574795933544,252.599165267383,3.70922114519111
170.158090568932,20.1625057827746,4.3621815925633
498.322775735288,344.010952248738,4.63629207384457
44.8900039991827,52.9882860448615,3.5603860253622
522.055616793017,154.460021760124,4.80707102963618
NA,NA,NA
664.01894542478,337.507215741007,3.5301713296301
457.942982168787,296.697928582487,3.77138259507995
8.10446670821384,496.963109771695,3.64131175494608
561.903629465447,50.7288371945261,4.24380822218879
74.3400251408708,380.814067942221,4.00306103559399
228.060466253753,414.161250487036,3.90883224073078
426.819972117826,15.1136168336732,3.39692610955083
364.657281619481,293.563874600024,3.08657842814902
604.265927361618,106.179218228361,4.35847813160962
393.854752458683,227.148522146374,4.15034480316269
565.967932010446,404.407640633272,4.77498252133771
136.243392384588,284.176317566488,4.45341206257089
199.362180510713,370.19864144686,4.11416936289384
123.835417023918,412.791343260218,3.40667960674114
624.744085071208,313.812796795229,4.49139871039735
0.732902401817694,148.464127291516,4.28099254161067
540.366298189114,200.948842443391,4.00143886932899
33.7017159445785,491.764642377016,2.93814041764521
279.333580982423,18.8112801857091,3.79982429211535
532.50346420756,390.582010348278,3.13335758748407
70.8748026475829,80.1401183139459,5.15010294694073
6.76852867948278,77.128114260528,3.43272622546201
587.137611924375,223.93559914806,3.90057959507242
433.626682016841,458.416603308375,4.74424682889164
658.45856056949,374.681586606097,2.99985983786119
108.287619881458,489.297031045814,4.4211640117885
626.708532004873,85.7713277913308,4.09487698550387
420.27520944963,260.533485746993,3.67591201604726
10.2378520784718,184.325675209596,3.36661986962529
66.4517104845265,122.448751235819,4.23866471813612
620.100255489648,201.51729261808,4.71939663932947
260.75965051236,218.561262369021,3.88701020510301
581.296810277322,434.74766519945,3.87494825708789
301.13260676766,135.395377545505,3.92363733278765
527.969451248519,461.536465095395,3.39600381930399
49.3631161594277,409.319178052969,4.09149380373787
191.684677248802,286.288902775335,3.73191771059247
537.574795933544,252.599165267383,3.70922114519111
170.158090568932,20.1625057827746,4.3621815925633
498.322775735288,344.010952248738,4.63629207384457
44.8900039991827,52.9882860448615,3.5603860253622
522.055616793017,154.460021760124,4.80707102963618
NA,NA,NA
664.01894542478,337.507215741007,3.5301713296301
457.942982168787,296.697928582487,3.77138259507995
8.10446670821384,496.963109771695,3.64131175494608
561.903629465447,50.7288371945261,4.24380822218879
74.3400251408708,380.814067942221,4.00306103559399
228.060466253753,414.161250487036,3.90883224073078
426.819972117826,15.1136168336732,3.39692610955083
364.657281619481,293.563874600024,3.08657842814902
604.265927361618,106.179218228361,4.35847813160962
393.854752458683,227.148522146374,4.15034480316269
565.967932010446,404.407640633272,4.77498252133771
136.243392384588,284.176317566488,4.45341206257089
199.362180510713,370.19864144686,4.11416936289384
123.835417023918,412.791343260218,3.40667960674114
624.744085071208,313.812796795229,4.49139871039735
0.732902401817694,148.464127291516,4.28099254161067
540.366298189114,200.948842443391,4.00143886932899
33.7017159445785,491.764642377016,2.93814041764521
279.333580982423,18.8112801857091,3.79982429211535
532.50346420756,390.582010348278,3.13335758748407
70.8748026475829,80.1401183139459,5.15010294694073
6.76852867948278,77.128114260528,3.43272622546201
587.137611924375,223.93559914806,3.90057959507242
433.626682016841,458.416603308375,4.74424682889164
658.45856056949,374.681586606097,2.99985983786119
108.287619881458,489.297031045814,4.4211640117885
626.708532004873,85.7713277913308,4.09487698550387
420.27520944963,260.533485746993,3.67591201604726
10.2378520784718,184.325675209596,3.36661986962529
66.4517104845265,122.448751235819,4.23866471813612
620.100255489648,201.51729261808,4.71939663932947
260.75965051236,218.561262369021,3.88701020510301
581.296810277322,434.74766519945,3.87494825708789
301.13260676766,135.395377545505,3.92363733278765
527.969451248519,461.536465095395,3.39600381930399
49.3631161594277,409.319178052969,4.09149380373787
191.684677248802,286.288902775335,3.73191771059247
537.574795933544,252.599165267383,3.70922114519111
170.158090568932,20.1625057827746,4.3621815925633
498.322775735288,344.010952248738,4.63629207384457
44.8900039991827,52.9882860448615,3.5603860253622
522.055616793017,154.460021760124,4.80707102963618
NA,NA,NA
664.01894542478,337.507215741007,3.5301713296301
457.942982168787,296.697928582487,3.77138259507995
8.10446670821384,496.963109771695,3.64131175494608
561.903629465447,50.7288371945261,4.24380822218879
74.3400251408708,380.814067942221,4.00306103559399
228.060466253753,414.161250487036,3.90883224073078
426.819972117826,15.1136168336732,3.39692610955083
364.657281619481,293.563874600024,3.08657842814902
604.265927361618,106.179218228361,4.35847813160962
393.854752458683,227.148522146374,4.15034480316269
565.967932010446,404.407640633272,4.77498252133771
136.243392384588,284.176317566488,4.45341206257089
199.362180510713,370.19864144686,4.11416936289384
123.835417023918,412.791343260218,3.40667960674114
624.744085071208,313.812796795229,4.49139871039735
0.732902401817694,148.464127291516,4.28099254161067
540.366298189114,200.948842443391,4.00143886932899
33.7017159445785,491.764642377016,2.93814041764521
279.333580982423,18.8112801857091,3.79982429211535
532.50346420756,390.582010348278,3.13335758748407
70.8748026475829,80.1401183139459,5.15010294694073
6.76852867948278,77.128114260528,3.43272622546201
587.137611924375,223.93559914806,3.90057959507242
433.626682016841,458.416603308375,4.74424682889164
658.45856056949,374.681586606097,2.99985983786119
108.287619881458,489.297031045814,4.4211640117885
626.708532004873,85.7713277913308,4.09487698550387
420.27520944963,260.533485746993,3.67591201604726
10.2378520784718,184.325675209596,3.36661986962529
66.4517104845265,122.448751235819,4.23866471813612
620.100255489648,201.51729261808,4.71939663932947
260.75965051236,218.561262369021,3.88701020510301
581.296810277322,434.74766519945,3.87494825708789
301.13260676766,135.395377545505,3.92363733278765
527.969451248519,461.536465095395,3.39600381930399
49.3631161594277,409.319178052969,4.09149380373787
191.684677248802,286.288902775335,3.73191771059247
537.574795933544,252.599165267383,3.70922114519111
170.158090568932,20.1625057827746,4.3621815925633
498.322775735288,344.010952248738,4.63629207384457
44.8900039991827,52.9882860448615,3.5603860253622
522.055616793017,154.460021760124,4.80707102963618
NA,NA,NA
664.01894542478,337.507215741007,3.5301713296301
457.942982168787,296.697928582487,3.77138259507995
8.10446670821384,496.963109771695,3.64131175494608
561.903629465447,50.7288371945261,4.24380822218879
74.3400251408708,380.814067942221,4.00306103559399
228.060466253753,414.161250487036,3.90883224073078
426.819972117826,15.1136168336732,3.39692610955083
364.657281619481,293.563874600024,3.08657842814902
604.265927361618,106.179218228361,4.35847813160962
393.854752458683,227.148522146374,4.15034480316269
565.967932010446,404.407640633272,4.77498252133771
136.243392384588,284.176317566488,4.45341206257089
199.362180510713,370.19864144686,4.11416936289384
123.835417023918,412.791343260218,3.40667960674114
624.744085071208,313.812796795229,4.49139871039735
0.732902401817694,148.464127291516,4.28099254161067
540.366298189114,200.948842443391,4.00143886932899
33.7017159445785,491.764642377016,2.93814041764521
279.333580982423,18.8112801857091,3.79982429211535
532.50346420756,390.582010348278,3.13335758748407
70.8748026475829,80.1401183139459,5.15010294694073
6.76852867948278,77.128114260528,3.43272622546201
587.137611924375,223.93559914806,3.90057959507242
433.626682016841,458.416603308375,4.74424682889164
658.45856056949,374.681586606097,2.99985983786119
108.287619881458,489.297031045814,4.4211640117885
626.708532004873,85.7713277913308,4.09487698550387
420.27520944963,260.533485746993,3.67591201604726
10.2378520784718,184.325675209596,3.36661986962529
66.4517104845265,122.448751235819,4.23866471813612
620.100255489648,201.51729261808,4.71939663932947
260.75965051236,218.561262369021,3.88701020510301
581.296810277322,434.74766519945,3.87494825708789
301.13260676766,135.395377545505,3.92363733278765
527.969451248519,461.536465095395,3.39600381930399
49.3631161594277,409.319178052969,4.09149380373787
191.684677248802,286.288902775335,3.73191771059247
537.574795933544,252.599165267383,3.70922114519111
170.158090568932,20.1625057827746,4.3621815925633
498.322775735288,344.010952248738,4.63629207384457
44.8900039991827,52.9882860448615,3.5603860253622
522.055616793017,154.460021760124,4.80707102963618
NA,NA,NA
664.01894542478,337.507215741007,3.5301713296301
457.942982168787,296.697928582487,3.77138259507995
8.10446670821384,496.963109771695,3.64131175494608
561.903629465447,50.7288371945261,4.24380822218879
74.3400251408708,380.814067942221,4.00306103559399
228.060466253753,414.161250487036,3.90883224073078
426.819972117826,15.1136168336732,3.39692610955083
364.657281619481,293.563874600024,3.08657842814902
604.265927361618,106.179218228361,4.35847813160962
393.854752458683,227.148522146374,4.15034480316269
565.967932010446,404.407640633272,4.77498252133771
136.243392384588,284.176317566488,4.45341206257089
199.362180510713,370.19864144686,4.11416936289384
123.835417023918,412.791343260218,3.40667960674114
624.744085071208,313.812796795229,4.49139871039735
0.732902401817694,148.464127291516,4.28099254161067
540.366298189114,200.948842443391,4.00143886932899
33.7017159445785,491.764642377016,2.93814041764521
279.333580982423,18.8112801857091,3.79982429211535
532.50346420756,390.582010348278,3.13335758748407
70.8748026475829,80.1401183139459,5.15010294694073
6.76852867948278,77.128114260528,3.43272622546201
587.137611924375,223.93559914806,3.90057959507242
433.626682016841,458.416603308375,4.74424682889164
658.45856056949,374.681586606097,2.99985983786119
108.287619881458,489.297031045814,4.4211640117885
626.708532004873,85.7713277913308,4.09487698550387
420.27520944963,260.533485746993,3.67591201604726
10.2378520784718,184.325675209596,3.36661986962529
66.4517104845265,122.448751235819,4.23866471813612
620.100255489648,201.51729261808,4.71939663932947
260.75965051236,218.561262369021,3.88701020510301
581.296810277322,434.74766519945,3.87494825708789
301.13260676766,135.395377545505,3.92363733278765
527.969451248519,461.536465095395,3.39600381930399
49.3631161594277,409.319178052969,4.09149380373787
191.684677248802,286.288902775335,3.73191771059247
537.574795933544,252.599165267383,3.70922114519111
170.158090568932,20.1625057827746,4.3621815925633
498.322775735288,344.010952248738,4.63629207384457
44.8900039991827,52.9882860448615,3.5603860253622
522.055616793017,154.460021760124,4.80707102963618
NA,NA,NA
662.263186466879,335.162346596625,3.47519557197231
454.940356822923,300.827878559754,3.53451390895867
9.7481239809112,493.293575716611,3.74331145344505
558.198406144048,53.8187803064006,4.21195146673634
72.5169302402353,378.20976289282,3.87031928001915
225.494901934526,414.11857471987,3.78581375501795
430.252011573473,13.7005942794947,3.46546768165842
362.371977096992,291.895155899875,3.05516718376401
601.694111579196,102.94134314002,4.23048765978565
395.100288790397,229.874735868,4.03741087367844
561.836187538066,409.205799874094,4.68143419748373
139.448153782569,279.397803027355,4.53801698877492
195.288637561333,361.44869480753,4.08507617961835
121.776094992835,407.66288992996,3.34208800994539
622.374238047807,309.206315176541,4.67720735740201
-0.874347175040021,149.277934863349,4.30635214328575
543.25933212626,206.615225156496,4.21327347348629
33.6275878495003,490.615695696536,3.23748734248611
279.666527650616,21.2431325818903,3.82501224213375
532.353060429187,391.343158427837,3.30165888503336
76.2899647936184,74.4727394954812,5.15608592270992
6.70668330086299,78.445321018953,3.51732290284805
588.676702535322,224.174940240746,3.99728785433323
448.264711627318,460.671795550146,4.8032230682958
659.578719368706,372.1116796937,3.09731259221038
99.7938019602141,481.844569956109,4.36155283681487
623.026863243261,92.7689337607345,4.04181699194657
419.510070378386,258.931775804455,3.58932193678194
10.5734271756617,180.992602313164,3.23951281677205
76.3147634311232,127.865189571043,4.50786917803816
599.321633925675,188.316124366787,4.51728852856947
245.866241319391,228.109508560215,3.71655591439878
575.171215266302,434.841953906151,4.06914065413215
300.203848339242,138.835204224946,3.86059289976169
523.588219399066,454.539544878522,3.3318952327733
46.5971175829062,424.44973386808,3.79891513117688
197.689359602789,280.149304074159,4.12184961818231
557.173583011814,267.406026372859,3.83877678519799
169.652611298585,34.6610226938243,3.9474934529026
499.844167825902,328.396583977898,4.58299105772994
35.613954845046,59.6238034956066,3.75212563700243
527.279327089481,143.002370179626,4.56706035517067
NA,NA,NA
662.263186466879,335.162346596625,3.47519557197231
454.940356822923,300.827878559754,3.53451390895867
9.7481239809112,493.293575716611,3.74331145344505
558.198406144048,53.8187803064006,4.21195146673634
72.5169302402353,378.20976289282,3.87031928001915
225.494901934526,414.11857471987,3.78581375501795
430.252011573473,13.7005942794947,3.46546768165842
362.371977096992,291.895155899875,3.05516718376401
601.694111579196,102.94134314002,4.23048765978565
395.100288790397,229.874735868,4.03741087367844
561.836187538066,409.205799874094,4.68143419748373
139.448153782569,279.397803027355,4.53801698877492
195.288637561333,361.44869480753,4.08507617961835
121.776094992835,407.66288992996,3.34208800994539
622.374238047807,309.206315176541,4.67720735740201
-0.874347175040021,149.277934863349,4.30635214328575
543.25933212626,206.615225156496,4.21327347348629
33.6275878495003,490.615695696536,3.23748734248611
279.666527650616,21.2431325818903,3.82501224213375
532.353060429187,391.343158427837,3.30165888503336
76.2899647936184,74.4727394954812,5.15608592270992
6.70668330086299,78.445321018953,3.51732290284805
588.676702535322,224.174940240746,3.99728785433323
448.264711627318,460.671795550146,4.8032230682958
659.578719368706,372.1116796937,3.09731259221038
99.7938019602141,481.844569956109,4.36155283681487
623.026863243261,92.7689337607345,4.04181699194657
419.510070378386,258.931775804455,3.58932193678194
10.5734271756617,180.992602313164,3.23951281677205
76.3147634311232,127.865189571043,4.50786917803816
599.321633925675,188.316124366787,4.51728852856947
245.866241319391,228.109508560215,3.71655591439878
575.171215266302,434.841953906151,4.06914065413215
300.203848339242,138.835204224946,3.86059289976169
523.588219399066,454.539544878522,3.3318952327733
46.5971175829062,424.44973386808,3.79891513117688
197.689359602789,280.149304074159,4.12184961818231
557.173583011814,267.406026372859,3.83877678519799
169.652611298585,34.6610226938243,3.9474934529026
499.844167825902,328.396583977898,4.58299105772994
35.613954845046,59.6238034956066,3.75212563700243
527.279327089481,143.002370179626,4.56706035517067
NA,NA,NA
662.263186466879,335.162346596625,3.47519557197231
454.940356822923,300.827878559754,3.53451390895867
9.7481239809112,493.293575716611,3.74331145344505
558.198406144048,53.8187803064006,4.21195146673634
72.5169302402353,378.20976289282,3.87031928001915
225.494901934526,414.11857471987,3.78581375501795
430.252011573473,13.7005942794947,3.46546768165842
362.371977096992,291.895155899875,3.05516718376401
601.694111579196,102.94134314002,4.23048765978565
395.100288790397,229.874735868,4.03741087367844
561.836187538066,409.205799874094,4.68143419748373
139.448153782569,279.397803027355,4.53801698877492
195.288637561333,361.44869480753,4.08507617961835
121.776094992835,407.66288992996,3.34208800994539
622.374238047807,309.206315176541,4.67720735740201
-0.874347175040021,149.277934863349,4.30635214328575
543.25933212626,206.615225156496,4.21327347348629
33.6275878495003,490.615695696536,3.23748734248611
279.666527650616,21.2431325818903,3.82501224213375
532.353060429187,391.343158427837,3.30165888503336
76.2899647936184,74.4727394954812,5.15608592270992
6.70668330086299,78.445321018953,3.51732290284805
588.676702535322,224.174940240746,3.99728785433323
448.264711627318,460.671795550146,4.8032230682958
659.578719368706,372.1116796937,3.09731259221038
99.7938019602141,481.844569956109,4.36155283681487
623.026863243261,92.7689337607345,4.04181699194657
419.510070378386,258.931775804455,3.58932193678194
10.5734271756617,180.992602313164,3.23951281677205
76.3147634311232,127.865189571043,4.50786917803816
599.321633925675,188.316124366787,4.51728852856947
245.866241319391,228.109508560215,3.71655591439878
575.171215266302,434.841953906151,4.06914065413215
300.203848339242,138.835204224946,3.86059289976169
523.588219399066,454.539544878522,3.3318952327733
46.5971175829062,424.44973386808,3.79891513117688
197.689359602789,280.149304074159,4.12184961818231
557.173583011814,267.406026372859,3.83877678519799
169.652611298585,34.6610226938243,3.9474934529026
499.844167825902,328.396583977898,4.58299105772994
35.613954845046,59.6238034956066,3.75212563700243
527.279327089481,143.002370179626,4.56706035517067
NA,NA,NA
662.263186466879,335.162346596625,3.47519557197231
454.940356822923,300.827878559754,3.53451390895867
9.7481239809112,493.293575716611,3.74331145344505
558.198406144048,53.8187803064006,4.21195146673634
72.5169302402353,378.20976289282,3.87031928001915
225.494901934526,414.11857471987,3.78581375501795
430.252011573473,13.7005942794947,3.46546768165842
362.371977096992,291.895155899875,3.05516718376401
601.694111579196,102.94134314002,4.23048765978565
395.100288790397,229.874735868,4.03741087367844
561.836187538066,409.205799874094,4.68143419748373
139.448153782569,279.397803027355,4.53801698877492
195.288637561333,361.44869480753,4.08507617961835
121.776094992835,407.66288992996,3.34208800994539
622.374238047807,309.206315176541,4.67720735740201
-0.874347175040021,149.277934863349,4.30635214328575
543.25933212626,206.615225156496,4.21327347348629
33.6275878495003,490.615695696536,3.23748734248611
279.666527650616,21.2431325818903,3.82501224213375
532.353060429187,391.343158427837,3.30165888503336
76.2899647936184,74.4727394954812,5.15608592270992
6.70668330086299,78.445321018953,3.51732290284805
588.676702535322,224.174940240746,3.99728785433323
448.264711627318,460.671795550146,4.8032230682958
659.578719368706,372.1116796937,3.09731259221038
99.7938019602141,481.844569956109,4.36155283681487
623.026863243261,92.7689337607345,4.04181699194657
419.510070378386,258.931775804455,3.58932193678194
10.5734271756617,180.992602313164,3.23951281677205
76.3147634311232,127.865189571043,4.50786917803816
599.321633925675,188.316124366787,4.51728852856947
245.866241319391,228.109508560215,3.71655591439878
575.171215266302,434.841953906151,4.06914065413215
300.203848339242,138.835204224946,3.86059289976169
523.588219399066,454.539544878522,3.3318952327733
46.5971175829062,424.44973386808,3.79891513117688
197.689359602789,280.149304074159,4.12184961818231
557.173583011814,267.406026372859,3.83877678519799
169.652611298585,34.6610226938243,3.9474934529026
499.844167825902,328.396583977898,4.58299105772994
35.613954845046,59.6238034956066,3.75212563700243
527.279327089481,143.002370179626,4.56706035517067
NA,NA,NA
662.263186466879,335.162346596625,3.47519557197231
454.940356822923,300.827878559754,3.53451390895867
9.7481239809112,493.293575716611,3.74331145344505
558.198406144048,53.8187803064006,4.21195146673634
72.5169302402353,378.20976289282,3.87031928001915
225.494901934526,414.11857471987,3.78581375501795
430.252011573473,13.7005942794947,3.46546768165842
362.371977096992,291.895155899875,3.05516718376401
601.694111579196,102.94134314002,4.23048765978565
395.100288790397,229.874735868,4.03741087367844
561.836187538066,409.205799874094,4.68143419748373
139.448153782569,279.397803027355,4.53801698877492
195.288637561333,361.44869480753,4.08507617961835
121.776094992835,407.66288992996,3.34208800994539
622.374238047807,309.206315176541,4.67720735740201
-0.874347175040021,149.277934863349,4.30635214328575
543.25933212626,206.615225156496,4.21327347348629
33.6275878495003,490.615695696536,3.23748734248611
279.666527650616,21.2431325818903,3.82501224213375
532.353060429187,391.343158427837,3.30165888503336
76.2899647936184,74.4727394954812,5.15608592270992
6.70668330086299,78.445321018953,3.51732290284805
588.676702535322,224.174940240746,3.99728785433323
448.264711627318,460.671795550146,4.8032230682958
659.578719368706,372.1116796937,3.09731259221038
99.7938019602141,481.844569956109,4.36155283681487
623.026863243261,92.7689337607345,4.04181699194657
419.510070378386,258.931775804455,3.58932193678194
10.5734271756617,180.992602313164,3.23951281677205
76.3147634311232,127.865189571043,4.50786917803816
599.321633925675,188.316124366787,4.51728852856947
245.866241319391,228.109508560215,3.71655591439878
575.171215266302,434.841953906151,4.06914065413215
300.203848339242,138.835204224946,3.86059289976169
523.588219399066,454.539544878522,3.3318952327733
46.5971175829062,424.44973386808,3.79891513117688
197.689359602789,280.149304074159,4.12184961818231
557.173583011814,267.406026372859,3.83877678519799
169.652611298585,34.6610226938243,3.9474934529026
499.844167825902,328.396583977898,4.58299105772994
35.613954845046,59.6238034956066,3.75212563700243
527.279327089481,143.002370179626,4.56706035517067
NA,NA,NA
662.263186466879,335.162346596625,3.47519557197231
454.940356822923,300.827878559754,3.53451390895867
9.7481239809112,493.293575716611,3.74331145344505
558.198406144048,53.8187803064006,4.21195146673634
72.5169302402353,378.20976289282,3.87031928001915
225.494901934526,414.11857471987,3.78581375501795
430.252011573473,13.7005942794947,3.46546768165842
362.371977096992,291.895155899875,3.05516718376401
601.694111579196,102.94134314002,4.23048765978565
395.100288790397,229.874735868,4.03741087367844
561.836187538066,409.205799874094,4.68143419748373
139.448153782569,279.397803027355,4.53801698877492
195.288637561333,361.44869480753,4.08507617961835
121.776094992835,407.66288992996,3.34208800994539
622.374238047807,309.206315176541,4.67720735740201
-0.874347175040021,149.277934863349,4.30635214328575
543.25933212626,206.615225156496,4.21327347348629
33.6275878495003,490.615695696536,3.23748734248611
279.666527650616,21.2431325818903,3.82501224213375
532.353060429187,391.343158427837,3.30165888503336
76.2899647936184,74.4727394954812,5.15608592270992
6.70668330086299,78.445321018953,3.51732290284805
588.676702535322,224.174940240746,3.99728785433323
448.264711627318,460.671795550146,4.8032230682958
659.578719368706,372.1116796937,3.09731259221038
99.7938019602141,481.844569956109,4.36155283681487
623.026863243261,92.7689337607345,4.04181699194657
419.510070378386,258.931775804455,3.58932193678194
10.5734271756617,180.992602313164,3.23951281677205
76.3147634311232,127.865189571043,4.50786917803816
599.321633925675,188.316124366787,4.51728852856947
245.866241319391,228.109508560215,3.71655591439878
575.171215266302,434.841953906151,4.06914065413215
300.203848339242,138.835204224946,3.86059289976169
523.588219399066,454.539544878522,3.3318952327733
46.5971175829062,424.44973386808,3.79891513117688
197.689359602789,280.149304074159,4.12184961818231
557.173583011814,267.406026372859,3.83877678519799
169.652611298585,34.6610226938243,3.9474934529026
499.844167825902,328.396583977898,4.58299105772994
35.613954845046,59.6238034956066,3.75212563700243
527.279327089481,143.002370179626,4.56706035517067
NA,NA,NA
661.420960829456,334.142282732548,3.41508393330974
453.653408697376,296.389857390882,3.66076463332563
11.3467037865751,493.293817668782,3.68442186027671
560.954478649287,52.0785429890215,4.17380510125885
77.2165193281944,377.698670598339,4.10048290647486
232.722307219747,412.262830982282,3.88718929230982
426.324413595447,12.0452265420386,3.27090294831728
360.712657627341,291.529871644913,3.27900113512578
601.691057486649,105.536951503265,4.19768412135174
391.392514525821,229.359875697483,4.14175292310268
570.430789497277,406.704491976305,4.7653759105667
145.239920625594,284.951676651667,4.58559183039732
193.68863074769,366.857458722496,4.06451382215158
124.694529402375,407.161452710379,3.45055878322237
620.35076806533,313.058552622702,4.65182023238672
-5.29898939162927,143.311897272377,4.24317479568309
541.398017496063,205.701684018175,4.1350343737118
33.5925299506098,492.204775263235,3.03272516567317
279.531801725974,22.5033436734789,3.77887562960963
533.86254462384,394.036338489622,3.37856443273858
64.3683299700138,78.9573962453333,5.16361793356723
9.55686078809657,77.033791173269,3.44969348240851
580.993419164749,226.648603006365,3.97418441580289
434.211968902478,459.63931865609,4.69019197122354
660.009554312422,375.132930040432,3.22672450640382
110.295624383913,485.580700719362,4.46474973564184
625.465837504137,89.5317948470585,4.11733386308737
418.32669292418,258.258790823818,3.66732803812081
11.9165651272857,180.878638539124,3.20339496429624
68.5072712112975,116.808410129464,4.53666721327677
612.218458966871,211.929180811926,4.18966276783032
247.501566961907,225.686578519307,4.16023516257684
572.000182715844,434.614831324674,3.9244484246644
299.375927553269,131.682933725558,4.15370340594651
530.167237115228,450.484103744871,3.69949852777476
46.1615868190732,406.029624955619,3.83420574041859
189.107153110546,285.684764257322,3.8139463050019
552.856672813707,263.491827686807,3.61771288312395
158.520472460886,18.8755653587004,4.35582492473892
508.237466181151,356.377930948686,4.46953550268051
35.9572491808526,55.1710677481171,3.501693146157
539.951560137933,144.530770057226,4.73345804971406
NA,NA,NA
661.420960829456,334.142282732548,3.41508393330974
453.653408697376,296.389857390882,3.66076463332563
11.3467037865751,493.293817668782,3.68442186027671
560.954478649287,52.0785429890215,4.17380510125885
77.2165193281944,377.698670598339,4.10048290647486
232.722307219747,412.262830982282,3.88718929230982
426.324413595447,12.0452265420386,3.27090294831728
360.712657627341,291.529871644913,3.27900113512578
601.691057486649,105.536951503265,4.19768412135174
391.392514525821,229.359875697483,4.14175292310268
570.430789497277,406.704491976305,4.7653759105667
145.239920625594,284.951676651667,4.58559183039732
193.68863074769,366.857458722496,4.06451382215158
124.694529402375,407.161452710379,3.45055878322237
620.35076806533,313.058552622702,4.65182023238672
-5.29898939162927,143.311897272377,4.24317479568309
541.398017496063,205.701684018175,4.1350343737118
33.5925299506098,492.204775263235,3.03272516567317
279.531801725974,22.5033436734789,3.77887562960963
533.86254462384,394.036338489622,3.37856443273858
64.3683299700138,78.9573962453333,5.16361793356723
9.55686078809657,77.033791173269,3.44969348240851
580.993419164749,226.648603006365,3.97418441580289
434.211968902478,459.63931865609,4.69019197122354
660.009554312422,375.132930040432,3.22672450640382
110.295624383913,485.580700719362,4.46474973564184
625.465837504137,89.5317948470585,4.11733386308737
418.32669292418,258.258790823818,3.66732803812081
11.9165651272857,180.878638539124,3.20339496429624
68.5072712112975,116.808410129464,4.53666721327677
612.218458966871,211.929180811926,4.18966276783032
247.501566961907,225.686578519307,4.16023516257684
572.000182715844,434.614831324674,3.9244484246644
299.375927553269,131.682933725558,4.15370340594651
530.167237115228,450.484103744871,3.69949852777476
46.1615868190732,406.029624955619,3.83420574041859
189.107153110546,285.684764257322,3.8139463050019
552.856672813707,263.491827686807,3.61771288312395
158.520472460886,18.8755653587004,4.35582492473892
508.237466181151,356.377930948686,4.46953550268051
35.9572491808526,55.1710677481171,3.501693146157
539.951560137933,144.530770057226,4.73345804971406
NA,NA,NA
661.420960829456,334.142282732548,3.41508393330974
453.653408697376,296.389857390882,3.66076463332563
11.3467037865751,493.293817668782,3.68442186027671
560.954478649287,52.0785429890215,4.17380510125885
77.2165193281944,377.698670598339,4.10048290647486
232.722307219747,412.262830982282,3.88718929230982
426.324413595447,12.0452265420386,3.27090294831728
360.712657627341,291.529871644913,3.27900113512578
601.691057486649,105.536951503265,4.19768412135174
391.392514525821,229.359875697483,4.14175292310268
570.430789497277,406.704491976305,4.7653759105667
145.239920625594,284.951676651667,4.58559183039732
193.68863074769,366.857458722496,4.06451382215158
124.694529402375,407.161452710379,3.45055878322237
620.35076806533,313.058552622702,4.65182023238672
-5.29898939162927,143.311897272377,4.24317479568309
541.398017496063,205.701684018175,4.1350343737118
33.5925299506098,492.204775263235,3.03272516567317
279.531801725974,22.5033436734789,3.77887562960963
533.86254462384,394.036338489622,3.37856443273858
64.3683299700138,78.9573962453333,5.16361793356723
9.55686078809657,77.033791173269,3.44969348240851
580.993419164749,226.648603006365,3.97418441580289
434.211968902478,459.63931865609,4.69019197122354
660.009554312422,375.132930040432,3.22672450640382
110.295624383913,485.580700719362,4.46474973564184
625.465837504137,89.5317948470585,4.11733386308737
418.32669292418,258.258790823818,3.66732803812081
11.9165651272857,180.878638539124,3.20339496429624
68.5072712112975,116.808410129464,4.53666721327677
612.218458966871,211.929180811926,4.18966276783032
247.501566961907,225.686578519307,4.16023516257684
572.000182715844,434.614831324674,3.9244484246644
299.375927553269,131.682933725558,4.15370340594651
530.167237115228,450.484103744871,3.69949852777476
46.1615868190732,406.029624955619,3.83420574041859
189.107153110546,285.684764257322,3.8139463050019
552.856672813707,263.491827686807,3.61771288312395
158.520472460886,18.8755653587004,4.35582492473892
508.237466181151,356.377930948686,4.46953550268051
35.9572491808526,55.1710677481171,3.501693146157
539.951560137933,144.530770057226,4.73345804971406
NA,NA,NA
661.420960829456,334.142282732548,3.41508393330974
453.653408697376,296.389857390882,3.66076463332563
11.3467037865751,493.293817668782,3.68442186027671
560.954478649287,52.0785429890215,4.17380510125885
77.2165193281944,377.698670598339,4.10048290647486
232.722307219747,412.262830982282,3.88718929230982
426.324413595447,12.0452265420386,3.27090294831728
360.712657627341,291.529871644913,3.27900113512578
601.691057486649,105.536951503265,4.19768412135174
391.392514525821,229.359875697483,4.14175292310268
570.430789497277,406.704491976305,4.7653759105667
145.239920625594,284.951676651667,4.58559183039732
193.68863074769,366.857458722496,4.06451382215158
124.694529402375,407.161452710379,3.45055878322237
620.35076806533,313.058552622702,4.65182023238672
-5.29898939162927,143.311897272377,4.24317479568309
541.398017496063,205.701684018175,4.1350343737118
33.5925299506098,492.204775263235,3.03272516567317
279.531801725974,22.5033436734789,3.77887562960963
533.86254462384,394.036338489622,3.37856443273858
64.3683299700138,78.9573962453333,5.16361793356723
9.55686078809657,77.033791173269,3.44969348240851
580.993419164749,226.648603006365,3.97418441580289
434.211968902478,459.63931865609,4.69019197122354
660.009554312422,375.132930040432,3.22672450640382
110.295624383913,485.580700719362,4.46474973564184
625.465837504137,89.5317948470585,4.11733386308737
418.32669292418,258.258790823818,3.66732803812081
11.9165651272857,180.878638539124,3.20339496429624
68.5072712112975,116.808410129464,4.53666721327677
612.218458966871,211.929180811926,4.18966276783032
247.501566961907,225.686578519307,4.16023516257684
572.000182715844,434.614831324674,3.9244484246644
299.375927553269,131.682933725558,4.15370340594651
530.167237115228,450.484103744871,3.69949852777476
46.1615868190732,406.029624955619,3.83420574041859
189.107153110546,285.684764257322,3.8139463050019
552.856672813707,263.491827686807,3.61771288312395
158.520472460886,18.8755653587004,4.35582492473892
508.237466181151,356.377930948686,4.46953550268051
35.9572491808526,55.1710677481171,3.501693146157
539.951560137933,144.530770057226,4.73345804971406
NA,NA,NA
661.420960829456,334.142282732548,3.41508393330974
453.653408697376,296.389857390882,3.66076463332563
11.3467037865751,493.293817668782,3.68442186027671
560.954478649287,52.0785429890215,4.17380510125885
77.2165193281944,377.698670598339,4.10048290647486
232.722307219747,412.262830982282,3.88718929230982
426.324413595447,12.0452265420386,3.27090294831728
360.712657627341,291.529871644913,3.27900113512578
601.691057486649,105.536951503265,4.19768412135174
391.392514525821,229.359875697483,4.14175292310268
570.430789497277,406.704491976305,4.7653759105667
145.239920625594,284.951676651667,4.58559183039732
193.68863074769,366.857458722496,4.06451382215158
124.694529402375,407.161452710379,3.45055878322237
620.35076806533,313.058552622702,4.65182023238672
-5.29898939162927,143.311897272377,4.24317479568309
541.398017496063,205.701684018175,4.1350343737118
33.5925299506098,492.204775263235,3.03272516567317
279.531801725974,22.5033436734789,3.77887562960963
533.86254462384,394.036338489622,3.37856443273858
64.3683299700138,78.9573962453333,5.16361793356723
9.55686078809657,77.033791173269,3.44969348240851
580.993419164749,226.648603006365,3.97418441580289
434.211968902478,459.63931865609,4.69019197122354
660.009554312422,375.132930040432,3.22672450640382
110.295624383913,485.580700719362,4.46474973564184
625.465837504137,89.5317948470585,4.11733386308737
418.32669292418,258.258790823818,3.66732803812081
11.9165651272857,180.878638539124,3.20339496429624
68.5072712112975,116.808410129464,4.53666721327677
612.218458966871,211.929180811926,4.18966276783032
247.501566961907,225.686578519307,4.16023516257684
572.000182715844,434.614831324674,3.9244484246644
299.375927553269,131.682933725558,4.15370340594651
530.167237115228,450.484103744871,3.69949852777476
46.1615868190732,406.029624955619,3.83420574041859
189.107153110546,285.684764257322,3.8139463050019
552.856672813707,263.491827686807,3.61771288312395
158.520472460886,18.8755653587004,4.35582492473892
508.237466181151,356.377930948686,4.46953550268051
35.9572491808526,55.1710677481171,3.501693146157
539.951560137933,144.530770057226,4.73345804971406
NA,NA,NA
661.420960829456,334.142282732548,3.41508393330974
453.653408697376,296.389857390882,3.66076463332563
11.3467037865751,493.293817668782,3.68442186027671
560.954478649287,52.0785429890215,4.17380510125885
77.2165193281944,377.698670598339,4.10048290647486
232.722307219747,412.262830982282,3.88718929230982
426.324413595447,12.0452265420386,3.27090294831728
360.712657627341,291.529871644913,3.27900113512578
601.691057486649,105.536951503265,4.19768412135174
391.392514525821,229.359875697483,4.14175292310268
570.430789497277,406.704491976305,4.7653759105667
145.239920625594,284.951676651667,4.58559183039732
193.68863074769,366.857458722496,4.06451382215158
124.694529402375,407.161452710379,3.45055878322237
620.35076806533,313.058552622702,4.65182023238672
-5.29898939162927,143.311897272377,4.24317479568309
541.398017496063,205.701684018175,4.1350343737118
33.5925299506098,492.204775263235,3.03272516567317
279.531801725974,22.5033436734789,3.77887562960963
533.86254462384,394.036338489622,3.37856443273858
64.3683299700138,78.9573962453333,5.16361793356723
9.55686078809657,77.033791173269,3.44969348240851
580.993419164749,226.648603006365,3.97418441580289
434.211968902478,459.63931865609,4.69019197122354
660.009554312422,375.132930040432,3.22672450640382
110.295624383913,485.580700719362,4.46474973564184
625.465837504137,89.5317948470585,4.11733386308737
418.32669292418,258.258790823818,3.66732803812081
11.9165651272857,180.878638539124,3.20339496429624
68.5072712112975,116.808410129464,4.53666721327677
612.218458966871,211.929180811926,4.18966276783032
247.501566961907,225.686578519307,4.16023516257684
572.000182715844,434.614831324674,3.9244484246644
299.375927553269,131.682933725558,4.15370340594651
530.167237115228,450.484103744871,3.69949852777476
46.1615868190732,406.029624955619,3.83420574041859
189.107153110546,285.684764257322,3.8139463050019
552.856672813707,263.491827686807,3.61771288312395
158.520472460886,18.8755653587004,4.35582492473892
508.237466181151,356.377930948686,4.46953550268051
35.9572491808526,55.1710677481171,3.501693146157
539.951560137933,144.530770057226,4.73345804971406
NA,NA,NA
660.095027728426,333.741065694101,3.47494944509665
456.634021433309,297.846985100405,3.79562333443576
10.0396498152304,495.045092284549,3.57652182273031
557.375205326819,49.9945496104967,4.19880638892602
74.274597896869,372.689958644019,3.88060411710402
225.642299798825,414.567571111054,3.97215235488044
429.17848943309,10.1342695052201,3.31100737954707
361.783415873426,293.872876691526,3.16924404950885
602.11103441992,107.199636911874,4.16175960887506
388.451393827249,228.849345795993,4.13845165072673
565.650588950375,402.97839805776,4.65014182422406
144.162075088988,277.635324286461,4.41454575535711
201.868618380411,371.181020697137,4.04222527152173
126.037321553245,411.251822153605,3.21313084636181
628.846961837638,313.667715883199,4.60145849417101
-1.46059193848037,144.554984816911,4.3433504077276
546.442088745781,203.73281588889,4.30539437412636
33.1618688422733,488.812031771142,3.07444641903575
278.823842280818,21.1341623233068,4.13523208687722
534.091470495195,390.877819232514,3.36803063510138
79.1566745913066,81.0405647211766,5.31303048414601
7.77915537563174,73.7885987193051,3.42712140622207
588.080939789504,223.761843363472,4.05407687744775
441.472097410993,461.72087686545,4.85124734402568
659.278700900483,373.378087485938,3.02858323877923
106.904125005484,488.508087711255,4.48403730282996
624.015673571804,91.9303847079269,4.09147895203495
419.132254510358,262.407580052728,3.57795789551386
9.43194671354646,179.76208242931,3.4040134358883
53.7030723098444,115.226869466848,4.41380175334193
617.707492960371,202.016667733222,4.30565446990783
257.454304335834,221.433762555243,3.80922612763966
567.474558993033,432.476955916581,3.90224928752237
299.830419261973,136.60397521203,4.01118385791306
534.834228507105,452.651913225545,3.5542092341692
51.8992543960273,426.661479481944,4.1277940662157
193.033821406667,281.633434268632,3.7943032367831
551.65331322007,270.548093291131,3.91551375980204
168.231691922458,20.4895058294729,4.40480876770684
507.674651421836,343.848465026371,4.29818225172161
40.778734412664,57.2123192928069,3.80419111057922
519.309963858805,131.911421357203,4.24451194643085
NA,NA,NA
660.095027728426,333.741065694101,3.47494944509665
456.634021433309,297.846985100405,3.79562333443576
10.0396498152304,495.045092284549,3.57652182273031
557.375205326819,49.9945496104967,4.19880638892602
74.274597896869,372.689958644019,3.88060411710402
225.642299798825,414.567571111054,3.97215235488044
429.17848943309,10.1342695052201,3.31100737954707
361.783415873426,293.872876691526,3.16924404950885
602.11103441992,107.199636911874,4.16175960887506
388.451393827249,228.849345795993,4.13845165072673
565.650588950375,402.97839805776,4.65014182422406
144.162075088988,277.635324286461,4.41454575535711
201.868618380411,371.181020697137,4.04222527152173
126.037321553245,411.251822153605,3.21313084636181
628.846961837638,313.667715883199,4.60145849417101
-1.46059193848037,144.554984816911,4.3433504077276
546.442088745781,203.73281588889,4.30539437412636
33.1618688422733,488.812031771142,3.07444641903575
278.823842280818,21.1341623233068,4.13523208687722
534.091470495195,390.877819232514,3.36803063510138
79.1566745913066,81.0405647211766,5.31303048414601
7.77915537563174,73.7885987193051,3.42712140622207
588.080939789504,223.761843363472,4.05407687744775
441.472097410993,461.72087686545,4.85124734402568
659.278700900483,373.378087485938,3.02858323877923
106.904125005484,488.508087711255,4.48403730282996
624.015673571804,91.9303847079269,4.09147895203495
419.132254510358,262.407580052728,3.57795789551386
9.43194671354646,179.76208242931,3.4040134358883
53.7030723098444,115.226869466848,4.41380175334193
617.707492960371,202.016667733222,4.30565446990783
257.454304335834,221.433762555243,3.80922612763966
567.474558993033,432.476955916581,3.90224928752237
299.830419261973,136.60397521203,4.01118385791306
534.834228507105,452.651913225545,3.5542092341692
51.8992543960273,426.661479481944,4.1277940662157
193.033821406667,281.633434268632,3.7943032367831
551.65331322007,270.548093291131,3.91551375980204
168.231691922458,20.4895058294729,4.40480876770684
507.674651421836,343.848465026371,4.29818225172161
40.778734412664,57.2123192928069,3.80419111057922
519.309963858805,131.911421357203,4.24451194643085
NA,NA,NA
660.095027728426,333.741065694101,3.47494944509665
456.634021433309,297.846985100405,3.79562333443576
10.0396498152304,495.045092284549,3.57652182273031
557.375205326819,49.9945496104967,4.19880638892602
74.274597896869,372.689958644019,3.88060411710402
225.642299798825,414.567571111054,3.97215235488044
429.17848943309,10.1342695052201,3.31100737954707
361.783415873426,293.872876691526,3.16924404950885
602.11103441992,107.199636911874,4.16175960887506
388.451393827249,228.849345795993,4.13845165072673
565.650588950375,402.97839805776,4.65014182422406
144.162075088988,277.635324286461,4.41454575535711
201.868618380411,371.181020697137,4.04222527152173
126.037321553245,411.251822153605,3.21313084636181
628.846961837638,313.667715883199,4.60145849417101
-1.46059193848037,144.554984816911,4.3433504077276
546.442088745781,203.73281588889,4.30539437412636
33.1618688422733,488.812031771142,3.07444641903575
278.823842280818,21.1341623233068,4.13523208687722
534.091470495195,390.877819232514,3.36803063510138
79.1566745913066,81.0405647211766,5.31303048414601
7.77915537563174,73.7885987193051,3.42712140622207
588.080939789504,223.761843363472,4.05407687744775
441.472097410993,461.72087686545,4.85124734402568
659.278700900483,373.378087485938,3.02858323877923
106.904125005484,488.508087711255,4.48403730282996
624.015673571804,91.9303847079269,4.09147895203495
419.132254510358,262.407580052728,3.57795789551386
9.43194671354646,179.76208242931,3.4040134358883
53.7030723098444,115.226869466848,4.41380175334193
617.707492960371,202.016667733222,4.30565446990783
257.454304335834,221.433762555243,3.80922612763966
567.474558993033,432.476955916581,3.90224928752237
299.830419261973,136.60397521203,4.01118385791306
534.834228507105,452.651913225545,3.5542092341692
51.8992543960273,426.661479481944,4.1277940662157
193.033821406667,281.633434268632,3.7943032367831
551.65331322007,270.548093291131,3.91551375980204
168.231691922458,20.4895058294729,4.40480876770684
507.674651421836,343.848465026371,4.29818225172161
40.778734412664,57.2123192928069,3.80419111057922
519.309963858805,131.911421357203,4.24451194643085
NA,NA,NA
660.095027728426,333.741065694101,3.47494944509665
456.634021433309,297.846985100405,3.79562333443576
10.0396498152304,495.045092284549,3.57652182273031
557.375205326819,49.9945496104967,4.19880638892602
74.274597896869,372.689958644019,3.88060411710402
225.642299798825,414.567571111054,3.97215235488044
429.17848943309,10.1342695052201,3.31100737954707
361.783415873426,293.872876691526,3.16924404950885
602.11103441992,107.199636911874,4.16175960887506
388.451393827249,228.849345795993,4.13845165072673
565.650588950375,402.97839805776,4.65014182422406
144.162075088988,277.635324286461,4.41454575535711
201.868618380411,371.181020697137,4.04222527152173
126.037321553245,411.251822153605,3.21313084636181
628.846961837638,313.667715883199,4.60145849417101
-1.46059193848037,144.554984816911,4.3433504077276
546.442088745781,203.73281588889,4.30539437412636
33.1618688422733,488.812031771142,3.07444641903575
278.823842280818,21.1341623233068,4.13523208687722
534.091470495195,390.877819232514,3.36803063510138
79.1566745913066,81.0405647211766,5.31303048414601
7.77915537563174,73.7885987193051,3.42712140622207
588.080939789504,223.761843363472,4.05407687744775
441.472097410993,461.72087686545,4.85124734402568
659.278700900483,373.378087485938,3.02858323877923
106.904125005484,488.508087711255,4.48403730282996
624.015673571804,91.9303847079269,4.09147895203495
419.132254510358,262.407580052728,3.57795789551386
9.43194671354646,179.76208242931,3.4040134358883
53.7030723098444,115.226869466848,4.41380175334193
617.707492960371,202.016667733222,4.30565446990783
257.454304335834,221.433762555243,3.80922612763966
567.474558993033,432.476955916581,3.90224928752237
299.830419261973,136.60397521203,4.01118385791306
534.834228507105,452.651913225545,3.5542092341692
51.8992543960273,426.661479481944,4.1277940662157
193.033821406667,281.633434268632,3.7943032367831
551.65331322007,270.548093291131,3.91551375980204
168.231691922458,20.4895058294729,4.40480876770684
507.674651421836,343.848465026371,4.29818225172161
40.778734412664,57.2123192928069,3.80419111057922
519.309963858805,131.911421357203,4.24451194643085
NA,NA,NA
660.095027728426,333.741065694101,3.47494944509665
456.634021433309,297.846985100405,3.79562333443576
10.0396498152304,495.045092284549,3.57652182273031
557.375205326819,49.9945496104967,4.19880638892602
74.274597896869,372.689958644019,3.88060411710402
225.642299798825,414.567571111054,3.97215235488044
429.17848943309,10.1342695052201,3.31100737954707
361.783415873426,293.872876691526,3.16924404950885
602.11103441992,107.199636911874,4.16175960887506
388.451393827249,228.849345795993,4.13845165072673
565.650588950375,402.97839805776,4.65014182422406
144.162075088988,277.635324286461,4.41454575535711
201.868618380411,371.181020697137,4.04222527152173
126.037321553245,411.251822153605,3.21313084636181
628.846961837638,313.667715883199,4.60145849417101
-1.46059193848037,144.554984816911,4.3433504077276
546.442088745781,203.73281588889,4.30539437412636
33.1618688422733,488.812031771142,3.07444641903575
278.823842280818,21.1341623233068,4.13523208687722
534.091470495195,390.877819232514,3.36803063510138
79.1566745913066,81.0405647211766,5.31303048414601
7.77915537563174,73.7885987193051,3.42712140622207
588.080939789504,223.761843363472,4.05407687744775
441.472097410993,461.72087686545,4.85124734402568
659.278700900483,373.378087485938,3.02858323877923
106.904125005484,488.508087711255,4.48403730282996
624.015673571804,91.9303847079269,4.09147895203495
419.132254510358,262.407580052728,3.57795789551386
9.43194671354646,179.76208242931,3.4040134358883
53.7030723098444,115.226869466848,4.41380175334193
617.707492960371,202.016667733222,4.30565446990783
257.454304335834,221.433762555243,3.80922612763966
567.474558993033,432.476955916581,3.90224928752237
299.830419261973,136.60397521203,4.01118385791306
534.834228507105,452.651913225545,3.5542092341692
51.8992543960273,426.661479481944,4.1277940662157
193.033821406667,281.633434268632,3.7943032367831
551.65331322007,270.548093291131,3.91551375980204
168.231691922458,20.4895058294729,4.40480876770684
507.674651421836,343.848465026371,4.29818225172161
40.778734412664,57.2123192928069,3.80419111057922
519.309963858805,131.911421357203,4.24451194643085
NA,NA,NA
660.095027728426,333.741065694101,3.47494944509665
456.634021433309,297.846985100405,3.79562333443576
10.0396498152304,495.045092284549,3.57652182273031
557.375205326819,49.9945496104967,4.19880638892602
74.274597896869,372.689958644019,3.88060411710402
225.642299798825,414.567571111054,3.97215235488044
429.17848943309,10.1342695052201,3.31100737954707
361.783415873426,293.872876691526,3.16924404950885
602.11103441992,107.199636911874,4.16175960887506
388.451393827249,228.849345795993,4.13845165072673
565.650588950375,402.97839805776,4.65014182422406
144.162075088988,277.635324286461,4.41454575535711
201.868618380411,371.181020697137,4.04222527152173
126.037321553245,411.251822153605,3.21313084636181
628.846961837638,313.667715883199,4.60145849417101
-1.46059193848037,144.554984816911,4.3433504077276
546.442088745781,203.73281588889,4.30539437412636
33.1618688422733,488.812031771142,3.07444641903575
278.823842280818,21.1341623233068,4.13523208687722
534.091470495195,390.877819232514,3.36803063510138
79.1566745913066,81.0405647211766,5.31303048414601
7.77915537563174,73.7885987193051,3.42712140622207
588.080939789504,223.761843363472,4.05407687744775
441.472097410993,461.72087686545,4.85124734402568
659.278700900483,373.378087485938,3.02858323877923
106.904125005484,488.508087711255,4.48403730282996
624.015673571804,91.9303847079269,4.09147895203495
419.132254510358,262.407580052728,3.57795789551386
9.43194671354646,179.76208242931,3.4040134358883
53.7030723098444,115.226869466848,4.41380175334193
617.707492960371,202.016667733222,4.30565446990783
257.454304335834,221.433762555243,3.80922612763966
567.474558993033,432.476955916581,3.90224928752237
299.830419261973,136.60397521203,4.01118385791306
534.834228507105,452.651913225545,3.5542092341692
51.8992543960273,426.661479481944,4.1277940662157
193.033821406667,281.633434268632,3.7943032367831
551.65331322007,270.548093291131,3.91551375980204
168.231691922458,20.4895058294729,4.40480876770684
507.674651421836,343.848465026371,4.29818225172161
40.778734412664,57.2123192928069,3.80419111057922
519.309963858805,131.911421357203,4.24451194643085
NA,NA,NA
663.451288802106,332.271974019381,3.42498055925831
457.791532535388,295.257375007155,3.64697979890506
7.76892488833637,496.359601249465,3.71659199132501
556.290615806838,46.1153048209927,4.08878343296679
69.6853508991838,376.774900265931,3.92447305522347
228.088889300286,410.071152504528,3.97894321909437
427.244038315977,13.3400447761278,3.29345718448315
361.445863091483,291.997952522372,2.96085668472118
609.020622988848,105.708329665572,4.05043124690321
394.714751439319,229.449820057204,4.19405532923171
568.629889055448,403.597587023901,4.74506611852309
138.788552518106,282.470852458677,4.55240195765449
200.902430881581,375.133401961206,4.09680168522311
124.687497399465,411.872893285425,3.35641676756867
628.732386840947,316.800119611949,4.60485344209568
-2.08313680556125,147.032603812676,4.34801528946817
543.474120868192,202.93020410996,4.2464602872868
34.773015326879,493.982066501502,3.10313634263106
280.55863832896,24.4612988446747,3.83271595258675
532.864210998155,395.572958074973,3.26295053672484
74.4932762506636,68.2589547803141,5.25055374449575
7.58221096482151,79.5376501789622,3.51992248311871
590.09364227685,223.897401166302,4.09669677617414
435.685787756518,457.663218581847,4.71475861077293
659.817000152748,373.981376903145,2.99403293144662
105.158731175398,487.26452075642,4.31931403397981
626.579061132488,92.5663389118836,4.10628312163983
419.452184089097,259.085685063751,3.64192679106906
11.0967116694997,182.533621627825,3.424689747726
74.4357687152267,119.788569008461,4.69337317875181
619.589251639854,197.590456760135,3.94399602737243
255.290869124317,235.015272530138,3.1372748854588
570.770197197324,432.224493708683,3.77235657360626
300.087382827584,139.028775622719,4.07213626068698
528.155951036257,459.274577344114,3.54288495423612
44.4422649580916,418.814290030531,3.84979615896421
186.402959276431,286.882156884265,4.36879608301836
543.678496579611,271.144037791645,3.62769729376427
168.51427594358,18.3412362455144,4.27012475939201
496.955550453291,341.547378419304,4.77318869979745
44.639207582403,47.4487227328934,4.01099989080761
535.705418896723,142.667592528491,4.82126393451572
NA,NA,NA
663.451288802106,332.271974019381,3.42498055925831
457.791532535388,295.257375007155,3.64697979890506
7.76892488833637,496.359601249465,3.71659199132501
556.290615806838,46.1153048209927,4.08878343296679
69.6853508991838,376.774900265931,3.92447305522347
228.088889300286,410.071152504528,3.97894321909437
427.244038315977,13.3400447761278,3.29345718448315
361.445863091483,291.997952522372,2.96085668472118
609.020622988848,105.708329665572,4.05043124690321
394.714751439319,229.449820057204,4.19405532923171
568.629889055448,403.597587023901,4.74506611852309
138.788552518106,282.470852458677,4.55240195765449
200.902430881581,375.133401961206,4.09680168522311
124.687497399465,411.872893285425,3.35641676756867
628.732386840947,316.800119611949,4.60485344209568
-2.08313680556125,147.032603812676,4.34801528946817
543.474120868192,202.93020410996,4.2464602872868
34.773015326879,493.982066501502,3.10313634263106
280.55863832896,24.4612988446747,3.83271595258675
532.864210998155,395.572958074973,3.26295053672484
74.4932762506636,68.2589547803141,5.25055374449575
7.58221096482151,79.5376501789622,3.51992248311871
590.09364227685,223.897401166302,4.09669677617414
435.685787756518,457.663218581847,4.71475861077293
659.817000152748,373.981376903145,2.99403293144662
105.158731175398,487.26452075642,4.31931403397981
626.579061132488,92.5663389118836,4.10628312163983
419.452184089097,259.085685063751,3.64192679106906
11.0967116694997,182.533621627825,3.424689747726
74.4357687152267,119.788569008461,4.69337317875181
619.589251639854,197.590456760135,3.94399602737243
255.290869124317,235.015272530138,3.1372748854588
570.770197197324,432.224493708683,3.77235657360626
300.087382827584,139.028775622719,4.07213626068698
528.155951036257,459.274577344114,3.54288495423612
44.4422649580916,418.814290030531,3.84979615896421
186.402959276431,286.882156884265,4.36879608301836
543.678496579611,271.144037791645,3.62769729376427
168.51427594358,18.3412362455144,4.27012475939201
496.955550453291,341.547378419304,4.77318869979745
44.639207582403,47.4487227328934,4.01099989080761
535.705418896723,142.667592528491,4.82126393451572
NA,NA,NA
663.451288802106,332.271974019381,3.42498055925831
457.791532535388,295.257375007155,3.64697979890506
7.76892488833637,496.359601249465,3.71659199132501
556.290615806838,46.1153048209927,4.08878343296679
69.6853508991838,376.774900265931,3.92447305522347
228.088889300286,410.071152504528,3.97894321909437
427.244038315977,13.3400447761278,3.29345718448315
361.445863091483,291.997952522372,2.96085668472118
609.020622988848,105.708329665572,4.05043124690321
394.714751439319,229.449820057204,4.19405532923171
568.629889055448,403.597587023901,4.74506611852309
138.788552518106,282.470852458677,4.55240195765449
200.902430881581,375.133401961206,4.09680168522311
124.687497399465,411.872893285425,3.35641676756867
628.732386840947,316.800119611949,4.60485344209568
-2.08313680556125,147.032603812676,4.34801528946817
543.474120868192,202.93020410996,4.2464602872868
34.773015326879,493.982066501502,3.10313634263106
280.55863832896,24.4612988446747,3.83271595258675
532.864210998155,395.572958074973,3.26295053672484
74.4932762506636,68.2589547803141,5.25055374449575
7.58221096482151,79.5376501789622,3.51992248311871
590.09364227685,223.897401166302,4.09669677617414
435.685787756518,457.663218581847,4.71475861077293
659.817000152748,373.981376903145,2.99403293144662
105.158731175398,487.26452075642,4.31931403397981
626.579061132488,92.5663389118836,4.10628312163983
419.452184089097,259.085685063751,3.64192679106906
11.0967116694997,182.533621627825,3.424689747726
74.4357687152267,119.788569008461,4.69337317875181
619.589251639854,197.590456760135,3.94399602737243
255.290869124317,235.015272530138,3.1372748854588
570.770197197324,432.224493708683,3.77235657360626
300.087382827584,139.028775622719,4.07213626068698
528.155951036257,459.274577344114,3.54288495423612
44.4422649580916,418.814290030531,3.84979615896421
186.402959276431,286.882156884265,4.36879608301836
543.678496579611,271.144037791645,3.62769729376427
168.51427594358,18.3412362455144,4.27012475939201
496.955550453291,341.547378419304,4.77318869979745
44.639207582403,47.4487227328934,4.01099989080761
535.705418896723,142.667592528491,4.82126393451572
NA,NA,NA
663.451288802106,332.271974019381,3.42498055925831
457.791532535388,295.257375007155,3.64697979890506
7.76892488833637,496.359601249465,3.71659199132501
556.290615806838,46.1153048209927,4.08878343296679
69.6853508991838,376.774900265931,3.92447305522347
228.088889300286,410.071152504528,3.97894321909437
427.244038315977,13.3400447761278,3.29345718448315
361.445863091483,291.997952522372,2.96085668472118
609.020622988848,105.708329665572,4.05043124690321
394.714751439319,229.449820057204,4.19405532923171
568.629889055448,403.597587023901,4.74506611852309
138.788552518106,282.470852458677,4.55240195765449
200.902430881581,375.133401961206,4.09680168522311
124.687497399465,411.872893285425,3.35641676756867
628.732386840947,316.800119611949,4.60485344209568
-2.08313680556125,147.032603812676,4.34801528946817
543.474120868192,202.93020410996,4.2464602872868
34.773015326879,493.982066501502,3.10313634263106
280.55863832896,24.4612988446747,3.83271595258675
532.864210998155,395.572958074973,3.26295053672484
74.4932762506636,68.2589547803141,5.25055374449575
7.58221096482151,79.5376501789622,3.51992248311871
590.09364227685,223.897401166302,4.09669677617414
435.685787756518,457.663218581847,4.71475861077293
659.817000152748,373.981376903145,2.99403293144662
105.158731175398,487.26452075642,4.31931403397981
626.579061132488,92.5663389118836,4.10628312163983
419.452184089097,259.085685063751,3.64192679106906
11.0967116694997,182.533621627825,3.424689747726
74.4357687152267,119.788569008461,4.69337317875181
619.589251639854,197.590456760135,3.94399602737243
255.290869124317,235.015272530138,3.1372748854588
570.770197197324,432.224493708683,3.77235657360626
300.087382827584,139.028775622719,4.07213626068698
528.155951036257,459.274577344114,3.54288495423612
44.4422649580916,418.814290030531,3.84979615896421
186.402959276431,286.882156884265,4.36879608301836
543.678496579611,271.144037791645,3.62769729376427
168.51427594358,18.3412362455144,4.27012475939201
496.955550453291,341.547378419304,4.77318869979745
44.639207582403,47.4487227328934,4.01099989080761
535.705418896723,142.667592528491,4.82126393451572
NA,NA,NA
663.451288802106,332.271974019381,3.42498055925831
457.791532535388,295.257375007155,3.64697979890506
7.76892488833637,496.359601249465,3.71659199132501
556.290615806838,46.1153048209927,4.08878343296679
69.6853508991838,376.774900265931,3.92447305522347
228.088889300286,410.071152504528,3.97894321909437
427.244038315977,13.3400447761278,3.29345718448315
361.445863091483,291.997952522372,2.96085668472118
609.020622988848,105.708329665572,4.05043124690321
394.714751439319,229.449820057204,4.19405532923171
568.629889055448,403.597587023901,4.74506611852309
138.788552518106,282.470852458677,4.55240195765449
200.902430881581,375.133401961206,4.09680168522311
124.687497399465,411.872893285425,3.35641676756867
628.732386840947,316.800119611949,4.60485344209568
-2.08313680556125,147.032603812676,4.34801528946817
543.474120868192,202.93020410996,4.2464602872868
34.773015326879,493.982066501502,3.10313634263106
280.55863832896,24.4612988446747,3.83271595258675
532.864210998155,395.572958074973,3.26295053672484
74.4932762506636,68.2589547803141,5.25055374449575
7.58221096482151,79.5376501789622,3.51992248311871
590.09364227685,223.897401166302,4.09669677617414
435.685787756518,457.663218581847,4.71475861077293
659.817000152748,373.981376903145,2.99403293144662
105.158731175398,487.26452075642,4.31931403397981
626.579061132488,92.5663389118836,4.10628312163983
419.452184089097,259.085685063751,3.64192679106906
11.0967116694997,182.533621627825,3.424689747726
74.4357687152267,119.788569008461,4.69337317875181
619.589251639854,197.590456760135,3.94399602737243
255.290869124317,235.015272530138,3.1372748854588
570.770197197324,432.224493708683,3.77235657360626
300.087382827584,139.028775622719,4.07213626068698
528.155951036257,459.274577344114,3.54288495423612
44.4422649580916,418.814290030531,3.84979615896421
186.402959276431,286.882156884265,4.36879608301836
543.678496579611,271.144037791645,3.62769729376427
168.51427594358,18.3412362455144,4.27012475939201
496.955550453291,341.547378419304,4.77318869979745
44.639207582403,47.4487227328934,4.01099989080761
535.705418896723,142.667592528491,4.82126393451572
NA,NA,NA
663.451288802106,332.271974019381,3.42498055925831
457.791532535388,295.257375007155,3.64697979890506
7.76892488833637,496.359601249465,3.71659199132501
556.290615806838,46.1153048209927,4.08878343296679
69.6853508991838,376.774900265931,3.92447305522347
228.088889300286,410.071152504528,3.97894321909437
427.244038315977,13.3400447761278,3.29345718448315
361.445863091483,291.997952522372,2.96085668472118
609.020622988848,105.708329665572,4.05043124690321
394.714751439319,229.449820057204,4.19405532923171
568.629889055448,403.597587023901,4.74506611852309
138.788552518106,282.470852458677,4.55240195765449
200.902430881581,375.133401961206,4.09680168522311
124.687497399465,411.872893285425,3.35641676756867
628.732386840947,316.800119611949,4.60485344209568
-2.08313680556125,147.032603812676,4.34801528946817
543.474120868192,202.93020410996,4.2464602872868
34.773015326879,493.982066501502,3.10313634263106
280.55863832896,24.4612988446747,3.83271595258675
532.864210998155,395.572958074973,3.26295053672484
74.4932762506636,68.2589547803141,5.25055374449575
7.58221096482151,79.5376501789622,3.51992248311871
590.09364227685,223.897401166302,4.09669677617414
435.685787756518,457.663218581847,4.71475861077293
659.817000152748,373.981376903145,2.99403293144662
105.158731175398,487.26452075642,4.31931403397981
626.579061132488,92.5663389118836,4.10628312163983
419.452184089097,259.085685063751,3.64192679106906
11.0967116694997,182.533621627825,3.424689747726
74.4357687152267,119.788569008461,4.69337317875181
619.589251639854,197.590456760135,3.94399602737243
255.290869124317,235.015272530138,3.1372748854588
570.770197197324,432.224493708683,3.77235657360626
300.087382827584,139.028775622719,4.07213626068698
528.155951036257,459.274577344114,3.54288495423612
44.4422649580916,418.814290030531,3.84979615896421
186.402959276431,286.882156884265,4.36879608301836
543.678496579611,271.144037791645,3.62769729376427
168.51427594358,18.3412362455144,4.27012475939201
496.955550453291,341.547378419304,4.77318869979745
44.639207582403,47.4487227328934,4.01099989080761
535.705418896723,142.667592528491,4.82126393451572
NA,NA,NA
662.307487528928,333.915201194217,3.40233235885766
457.613997782271,296.30734996827,3.61957106185763
14.1883233387284,497.963449328261,3.61126797423022
561.617251448049,48.4118889861427,4.24214245235
71.567680136684,377.74138490124,3.93198368208079
225.259029979063,416.985795034516,3.8908454997582
427.011583643863,14.5170262768554,3.38847407743453
363.826714523837,291.101523223615,3.10337061824978
605.577959709341,105.000109300492,4.29499806751576
390.844281708637,231.266943071147,4.06164614226864
566.998307768542,411.714152185568,4.66565477948768
140.692219990279,282.466270748097,4.55691061024812
195.887049647376,366.678255591131,3.88572707694271
120.89653931744,409.345987403344,3.52296825533186
630.181599455193,307.828213081045,4.58286551654843
6.15973811984625,149.657747854563,4.33148922351262
542.456896118671,204.823640341114,4.2643345538747
35.514184923655,492.053593103857,2.96779135332928
281.218827722785,25.8383369755678,3.66970714933202
534.882005107915,392.773740904301,3.4460447942884
81.0692095572174,71.5434847725431,5.3189329367629
5.61775138498634,78.9694883032235,3.42193528901931
590.019007610778,223.002765218138,3.96471532117608
445.318907761882,456.681515130709,4.74376574289995
658.785080375462,372.691598348483,3.00056089582157
106.956090077962,486.807873744045,4.31390101459587
621.454968427592,91.4465609545757,4.07887120878389
418.53211747479,262.308473188539,3.59826579392119
8.36554163782242,182.291164833855,3.21363546905611
62.130696283532,109.825840598799,4.41205287511364
596.350078505915,203.868915819409,4.55076453296841
259.635872645914,218.351904386179,3.60463664773397
575.308655710881,430.199214275203,4.0474234756618
300.951318648539,133.87267138379,3.99633913354236
525.928967609462,460.471553879894,3.6229263837312
52.0389397427736,417.705904468189,4.00304533125187
193.49233485091,289.277101004817,4.06336832959997
550.172814485641,257.27679632324,3.80594452167488
179.068965363839,28.9135310446551,4.39392061106873
500.232520735677,346.099138921592,4.64890673348539
32.3829536559153,52.5434187085165,3.68440862352242
518.155359403044,160.247771142477,4.40760853718762
NA,NA,NA
662.307487528928,333.915201194217,3.40233235885766
457.613997782271,296.30734996827,3.61957106185763
14.1883233387284,497.963449328261,3.61126797423022
561.617251448049,48.4118889861427,4.24214245235
71.567680136684,377.74138490124,3.93198368208079
225.259029979063,416.985795034516,3.8908454997582
427.011583643863,14.5170262768554,3.38847407743453
363.826714523837,291.101523223615,3.10337061824978
605.577959709341,105.000109300492,4.29499806751576
390.844281708637,231.266943071147,4.06164614226864
566.998307768542,411.714152185568,4.66565477948768
140.692219990279,282.466270748097,4.55691061024812
195.887049647376,366.678255591131,3.88572707694271
120.89653931744,409.345987403344,3.52296825533186
630.181599455193,307.828213081045,4.58286551654843
6.15973811984625,149.657747854563,4.33148922351262
542.456896118671,204.823640341114,4.2643345538747
35.514184923655,492.053593103857,2.96779135332928
281.218827722785,25.8383369755678,3.66970714933202
534.882005107915,392.773740904301,3.4460447942884
81.0692095572174,71.5434847725431,5.3189329367629
5.61775138498634,78.9694883032235,3.42193528901931
590.019007610778,223.002765218138,3.96471532117608
445.318907761882,456.681515130709,4.74376574289995
658.785080375462,372.691598348483,3.00056089582157
106.956090077962,486.807873744045,4.31390101459587
621.454968427592,91.4465609545757,4.07887120878389
418.53211747479,262.308473188539,3.59826579392119
8.36554163782242,182.291164833855,3.21363546905611
62.130696283532,109.825840598799,4.41205287511364
596.350078505915,203.868915819409,4.55076453296841
259.635872645914,218.351904386179,3.60463664773397
575.308655710881,430.199214275203,4.0474234756618
300.951318648539,133.87267138379,3.99633913354236
525.928967609462,460.471553879894,3.6229263837312
52.0389397427736,417.705904468189,4.00304533125187
193.49233485091,289.277101004817,4.06336832959997
550.172814485641,257.27679632324,3.80594452167488
179.068965363839,28.9135310446551,4.39392061106873
500.232520735677,346.099138921592,4.64890673348539
32.3829536559153,52.5434187085165,3.68440862352242
518.155359403044,160.247771142477,4.40760853718762
NA,NA,NA
662.307487528928,333.915201194217,3.40233235885766
457.613997782271,296.30734996827,3.61957106185763
14.1883233387284,497.963449328261,3.61126797423022
561.617251448049,48.4118889861427,4.24214245235
71.567680136684,377.74138490124,3.93198368208079
225.259029979063,416.985795034516,3.8908454997582
427.011583643863,14.5170262768554,3.38847407743453
363.826714523837,291.101523223615,3.10337061824978
605.577959709341,105.000109300492,4.29499806751576
390.844281708637,231.266943071147,4.06164614226864
566.998307768542,411.714152185568,4.66565477948768
140.692219990279,282.466270748097,4.55691061024812
195.887049647376,366.678255591131,3.88572707694271
120.89653931744,409.345987403344,3.52296825533186
630.181599455193,307.828213081045,4.58286551654843
6.15973811984625,149.657747854563,4.33148922351262
542.456896118671,204.823640341114,4.2643345538747
35.514184923655,492.053593103857,2.96779135332928
281.218827722785,25.8383369755678,3.66970714933202
534.882005107915,392.773740904301,3.4460447942884
81.0692095572174,71.5434847725431,5.3189329367629
5.61775138498634,78.9694883032235,3.42193528901931
590.019007610778,223.002765218138,3.96471532117608
445.318907761882,456.681515130709,4.74376574289995
658.785080375462,372.691598348483,3.00056089582157
106.956090077962,486.807873744045,4.31390101459587
621.454968427592,91.4465609545757,4.07887120878389
418.53211747479,262.308473188539,3.59826579392119
8.36554163782242,182.291164833855,3.21363546905611
62.130696283532,109.825840598799,4.41205287511364
596.350078505915,203.868915819409,4.55076453296841
259.635872645914,218.351904386179,3.60463664773397
575.308655710881,430.199214275203,4.0474234756618
300.951318648539,133.87267138379,3.99633913354236
525.928967609462,460.471553879894,3.6229263837312
52.0389397427736,417.705904468189,4.00304533125187
193.49233485091,289.277101004817,4.06336832959997
550.172814485641,257.27679632324,3.80594452167488
179.068965363839,28.9135310446551,4.39392061106873
500.232520735677,346.099138921592,4.64890673348539
32.3829536559153,52.5434187085165,3.68440862352242
518.155359403044,160.247771142477,4.40760853718762
NA,NA,NA
662.307487528928,333.915201194217,3.40233235885766
457.613997782271,296.30734996827,3.61957106185763
14.1883233387284,497.963449328261,3.61126797423022
561.617251448049,48.4118889861427,4.24214245235
71.567680136684,377.74138490124,3.93198368208079
225.259029979063,416.985795034516,3.8908454997582
427.011583643863,14.5170262768554,3.38847407743453
363.826714523837,291.101523223615,3.10337061824978
605.577959709341,105.000109300492,4.29499806751576
390.844281708637,231.266943071147,4.06164614226864
566.998307768542,411.714152185568,4.66565477948768
140.692219990279,282.466270748097,4.55691061024812
195.887049647376,366.678255591131,3.88572707694271
120.89653931744,409.345987403344,3.52296825533186
630.181599455193,307.828213081045,4.58286551654843
6.15973811984625,149.657747854563,4.33148922351262
542.456896118671,204.823640341114,4.2643345538747
35.514184923655,492.053593103857,2.96779135332928
281.218827722785,25.8383369755678,3.66970714933202
534.882005107915,392.773740904301,3.4460447942884
81.0692095572174,71.5434847725431,5.3189329367629
5.61775138498634,78.9694883032235,3.42193528901931
590.019007610778,223.002765218138,3.96471532117608
445.318907761882,456.681515130709,4.74376574289995
658.785080375462,372.691598348483,3.00056089582157
106.956090077962,486.807873744045,4.31390101459587
621.454968427592,91.4465609545757,4.07887120878389
418.53211747479,262.308473188539,3.59826579392119
8.36554163782242,182.291164833855,3.21363546905611
62.130696283532,109.825840598799,4.41205287511364
596.350078505915,203.868915819409,4.55076453296841
259.635872645914,218.351904386179,3.60463664773397
575.308655710881,430.199214275203,4.0474234756618
300.951318648539,133.87267138379,3.99633913354236
525.928967609462,460.471553879894,3.6229263837312
52.0389397427736,417.705904468189,4.00304533125187
193.49233485091,289.277101004817,4.06336832959997
550.172814485641,257.27679632324,3.80594452167488
179.068965363839,28.9135310446551,4.39392061106873
500.232520735677,346.099138921592,4.64890673348539
32.3829536559153,52.5434187085165,3.68440862352242
518.155359403044,160.247771142477,4.40760853718762
NA,NA,NA
662.307487528928,333.915201194217,3.40233235885766
457.613997782271,296.30734996827,3.61957106185763
14.1883233387284,497.963449328261,3.61126797423022
561.617251448049,48.4118889861427,4.24214245235
71.567680136684,377.74138490124,3.93198368208079
225.259029979063,416.985795034516,3.8908454997582
427.011583643863,14.5170262768554,3.38847407743453
363.826714523837,291.101523223615,3.10337061824978
605.577959709341,105.000109300492,4.29499806751576
390.844281708637,231.266943071147,4.06164614226864
566.998307768542,411.714152185568,4.66565477948768
140.692219990279,282.466270748097,4.55691061024812
195.887049647376,366.678255591131,3.88572707694271
120.89653931744,409.345987403344,3.52296825533186
630.181599455193,307.828213081045,4.58286551654843
6.15973811984625,149.657747854563,4.33148922351262
542.456896118671,204.823640341114,4.2643345538747
35.514184923655,492.053593103857,2.96779135332928
281.218827722785,25.8383369755678,3.66970714933202
534.882005107915,392.773740904301,3.4460447942884
81.0692095572174,71.5434847725431,5.3189329367629
5.61775138498634,78.9694883032235,3.42193528901931
590.019007610778,223.002765218138,3.96471532117608
445.318907761882,456.681515130709,4.74376574289995
658.785080375462,372.691598348483,3.00056089582157
106.956090077962,486.807873744045,4.31390101459587
621.454968427592,91.4465609545757,4.07887120878389
418.53211747479,262.308473188539,3.59826579392119
8.36554163782242,182.291164833855,3.21363546905611
62.130696283532,109.825840598799,4.41205287511364
596.350078505915,203.868915819409,4.55076453296841
259.635872645914,218.351904386179,3.60463664773397
575.308655710881,430.199214275203,4.0474234756618
300.951318648539,133.87267138379,3.99633913354236
525.928967609462,460.471553879894,3.6229263837312
52.0389397427736,417.705904468189,4.00304533125187
193.49233485091,289.277101004817,4.06336832959997
550.172814485641,257.27679632324,3.80594452167488
179.068965363839,28.9135310446551,4.39392061106873
500.232520735677,346.099138921592,4.64890673348539
32.3829536559153,52.5434187085165,3.68440862352242
518.155359403044,160.247771142477,4.40760853718762
NA,NA,NA
662.307487528928,333.915201194217,3.40233235885766
457.613997782271,296.30734996827,3.61957106185763
14.1883233387284,497.963449328261,3.61126797423022
561.617251448049,48.4118889861427,4.24214245235
71.567680136684,377.74138490124,3.93198368208079
225.259029979063,416.985795034516,3.8908454997582
427.011583643863,14.5170262768554,3.38847407743453
363.826714523837,291.101523223615,3.10337061824978
605.577959709341,105.000109300492,4.29499806751576
390.844281708637,231.266943071147,4.06164614226864
566.998307768542,411.714152185568,4.66565477948768
140.692219990279,282.466270748097,4.55691061024812
195.887049647376,366.678255591131,3.88572707694271
120.89653931744,409.345987403344,3.52296825533186
630.181599455193,307.828213081045,4.58286551654843
6.15973811984625,149.657747854563,4.33148922351262
542.456896118671,204.823640341114,4.2643345538747
35.514184923655,492.053593103857,2.96779135332928
281.218827722785,25.8383369755678,3.66970714933202
534.882005107915,392.773740904301,3.4460447942884
81.0692095572174,71.5434847725431,5.3189329367629
5.61775138498634,78.9694883032235,3.42193528901931
590.019007610778,223.002765218138,3.96471532117608
445.318907761882,456.681515130709,4.74376574289995
658.785080375462,372.691598348483,3.00056089582157
106.956090077962,486.807873744045,4.31390101459587
621.454968427592,91.4465609545757,4.07887120878389
418.53211747479,262.308473188539,3.59826579392119
8.36554163782242,182.291164833855,3.21363546905611
62.130696283532,109.825840598799,4.41205287511364
596.350078505915,203.868915819409,4.55076453296841
259.635872645914,218.351904386179,3.60463664773397
575.308655710881,430.199214275203,4.0474234756618
300.951318648539,133.87267138379,3.99633913354236
525.928967609462,460.471553879894,3.6229263837312
52.0389397427736,417.705904468189,4.00304533125187
193.49233485091,289.277101004817,4.06336832959997
550.172814485641,257.27679632324,3.80594452167488
179.068965363839,28.9135310446551,4.39392061106873
500.232520735677,346.099138921592,4.64890673348539
32.3829536559153,52.5434187085165,3.68440862352242
518.155359403044,160.247771142477,4.40760853718762
NA,NA,NA
660.193355494608,337.842473917284,3.52323797567321
456.132579057104,294.23508220286,3.53614091768798
13.2318329368138,496.378525001106,3.68733766760892
561.927409760983,51.5868974093601,4.24283459193716
73.368119866032,373.180610905434,3.81951921022198
226.670123292077,412.768963123364,3.84542635653878
426.606777787389,12.8716404583714,3.21161799769014
363.56544341561,292.301446836262,3.10054447530521
603.359191243091,109.712834264824,4.13125064618988
390.23364590187,227.777692074349,4.15573334598435
573.521460529259,405.503327355763,4.74813345093372
139.664533951223,283.485152323265,4.46945480855448
199.210839452162,370.893027781756,3.93671334461271
122.999316490729,406.173912425975,3.3455194214247
625.928113707955,315.003465385054,4.59855068633992
2.82566735847261,148.36408090238,4.27689576049056
543.24520579049,200.556951215382,4.17339267428537
35.1395635423353,491.397108479758,2.99329876429787
281.207389815342,16.7918700087564,3.8992540808915
532.738327436781,391.925461787664,3.5646913343439
65.8842168572006,72.3625186096881,5.0756462117721
7.36417481993228,75.5829246760659,3.31041578313993
586.493099990914,229.986319360701,4.11927345775079
443.317450324177,471.318048136323,4.88059306717681
657.862967142331,373.072748230271,3.2855823489827
101.361925387175,486.01868376851,4.42189596669736
620.70696529482,89.7054909143163,4.02008631516289
420.277307828937,258.319787262908,3.65491938706002
10.6321386559415,180.30994791656,3.30078146328113
59.8283013268024,119.507965420748,4.34174530558942
614.309586585801,196.251469080474,3.97239758367048
252.357148532943,222.79620209551,3.83438537623066
573.014561065075,440.340916723084,3.6827076839041
303.230933101158,133.268284525174,4.11481905982428
529.092755759698,456.363071088155,3.65022839191999
44.8524639586174,417.741045305812,4.05166398455739
207.725680363964,290.69168540253,4.10648398789777
545.616312159862,264.36813242083,4.04253209024533
173.282474429336,23.1033304974262,4.17763289715946
507.040537600567,346.15483481389,4.49154372519128
44.5856880685941,50.8950183656639,3.59672640012952
518.185677769226,130.556781936024,4.64087640644254
NA,NA,NA
660.193355494608,337.842473917284,3.52323797567321
456.132579057104,294.23508220286,3.53614091768798
13.2318329368138,496.378525001106,3.68733766760892
561.927409760983,51.5868974093601,4.24283459193716
73.368119866032,373.180610905434,3.81951921022198
226.670123292077,412.768963123364,3.84542635653878
426.606777787389,12.8716404583714,3.21161799769014
363.56544341561,292.301446836262,3.10054447530521
603.359191243091,109.712834264824,4.13125064618988
390.23364590187,227.777692074349,4.15573334598435
573.521460529259,405.503327355763,4.74813345093372
139.664533951223,283.485152323265,4.46945480855448
199.210839452162,370.893027781756,3.93671334461271
122.999316490729,406.173912425975,3.3455194214247
625.928113707955,315.003465385054,4.59855068633992
2.82566735847261,148.36408090238,4.27689576049056
543.24520579049,200.556951215382,4.17339267428537
35.1395635423353,491.397108479758,2.99329876429787
281.207389815342,16.7918700087564,3.8992540808915
532.738327436781,391.925461787664,3.5646913343439
65.8842168572006,72.3625186096881,5.0756462117721
7.36417481993228,75.5829246760659,3.31041578313993
586.493099990914,229.986319360701,4.11927345775079
443.317450324177,471.318048136323,4.88059306717681
657.862967142331,373.072748230271,3.2855823489827
101.361925387175,486.01868376851,4.42189596669736
620.70696529482,89.7054909143163,4.02008631516289
420.277307828937,258.319787262908,3.65491938706002
10.6321386559415,180.30994791656,3.30078146328113
59.8283013268024,119.507965420748,4.34174530558942
614.309586585801,196.251469080474,3.97239758367048
252.357148532943,222.79620209551,3.83438537623066
573.014561065075,440.340916723084,3.6827076839041
303.230933101158,133.268284525174,4.11481905982428
529.092755759698,456.363071088155,3.65022839191999
44.8524639586174,417.741045305812,4.05166398455739
207.725680363964,290.69168540253,4.10648398789777
545.616312159862,264.36813242083,4.04253209024533
173.282474429336,23.1033304974262,4.17763289715946
507.040537600567,346.15483481389,4.49154372519128
44.5856880685941,50.8950183656639,3.59672640012952
518.185677769226,130.556781936024,4.64087640644254
NA,NA,NA
660.193355494608,337.842473917284,3.52323797567321
456.132579057104,294.23508220286,3.53614091768798
13.2318329368138,496.378525001106,3.68733766760892
561.927409760983,51.5868974093601,4.24283459193716
73.368119866032,373.180610905434,3.81951921022198
226.670123292077,412.768963123364,3.84542635653878
426.606777787389,12.8716404583714,3.21161799769014
363.56544341561,292.301446836262,3.10054447530521
603.359191243091,109.712834264824,4.13125064618988
390.23364590187,227.777692074349,4.15573334598435
573.521460529259,405.503327355763,4.74813345093372
139.664533951223,283.485152323265,4.46945480855448
199.210839452162,370.893027781756,3.93671334461271
122.999316490729,406.173912425975,3.3455194214247
625.928113707955,315.003465385054,4.59855068633992
2.82566735847261,148.36408090238,4.27689576049056
543.24520579049,200.556951215382,4.17339267428537
35.1395635423353,491.397108479758,2.99329876429787
281.207389815342,16.7918700087564,3.8992540808915
532.738327436781,391.925461787664,3.5646913343439
65.8842168572006,72.3625186096881,5.0756462117721
7.36417481993228,75.5829246760659,3.31041578313993
586.493099990914,229.986319360701,4.11927345775079
443.317450324177,471.318048136323,4.88059306717681
657.862967142331,373.072748230271,3.2855823489827
101.361925387175,486.01868376851,4.42189596669736
620.70696529482,89.7054909143163,4.02008631516289
420.277307828937,258.319787262908,3.65491938706002
10.6321386559415,180.30994791656,3.30078146328113
59.8283013268024,119.507965420748,4.34174530558942
614.309586585801,196.251469080474,3.97239758367048
252.357148532943,222.79620209551,3.83438537623066
573.014561065075,440.340916723084,3.6827076839041
303.230933101158,133.268284525174,4.11481905982428
529.092755759698,456.363071088155,3.65022839191999
44.8524639586174,417.741045305812,4.05166398455739
207.725680363964,290.69168540253,4.10648398789777
545.616312159862,264.36813242083,4.04253209024533
173.282474429336,23.1033304974262,4.17763289715946
507.040537600567,346.15483481389,4.49154372519128
44.5856880685941,50.8950183656639,3.59672640012952
518.185677769226,130.556781936024,4.64087640644254
NA,NA,NA
660.193355494608,337.842473917284,3.52323797567321
456.132579057104,294.23508220286,3.53614091768798
13.2318329368138,496.378525001106,3.68733766760892
561.927409760983,51.5868974093601,4.24283459193716
73.368119866032,373.180610905434,3.81951921022198
226.670123292077,412.768963123364,3.84542635653878
426.606777787389,12.8716404583714,3.21161799769014
363.56544341561,292.301446836262,3.10054447530521
603.359191243091,109.712834264824,4.13125064618988
390.23364590187,227.777692074349,4.15573334598435
573.521460529259,405.503327355763,4.74813345093372
139.664533951223,283.485152323265,4.46945480855448
199.210839452162,370.893027781756,3.93671334461271
122.999316490729,406.173912425975,3.3455194214247
625.928113707955,315.003465385054,4.59855068633992
2.82566735847261,148.36408090238,4.27689576049056
543.24520579049,200.556951215382,4.17339267428537
35.1395635423353,491.397108479758,2.99329876429787
281.207389815342,16.7918700087564,3.8992540808915
532.738327436781,391.925461787664,3.5646913343439
65.8842168572006,72.3625186096881,5.0756462117721
7.36417481993228,75.5829246760659,3.31041578313993
586.493099990914,229.986319360701,4.11927345775079
443.317450324177,471.318048136323,4.88059306717681
657.862967142331,373.072748230271,3.2855823489827
101.361925387175,486.01868376851,4.42189596669736
620.70696529482,89.7054909143163,4.02008631516289
420.277307828937,258.319787262908,3.65491938706002
10.6321386559415,180.30994791656,3.30078146328113
59.8283013268024,119.507965420748,4.34174530558942
614.309586585801,196.251469080474,3.97239758367048
252.357148532943,222.79620209551,3.83438537623066
573.014561065075,440.340916723084,3.6827076839041
303.230933101158,133.268284525174,4.11481905982428
529.092755759698,456.363071088155,3.65022839191999
44.8524639586174,417.741045305812,4.05166398455739
207.725680363964,290.69168540253,4.10648398789777
545.616312159862,264.36813242083,4.04253209024533
173.282474429336,23.1033304974262,4.17763289715946
507.040537600567,346.15483481389,4.49154372519128
44.5856880685941,50.8950183656639,3.59672640012952
518.185677769226,130.556781936024,4.64087640644254
NA,NA,NA
660.193355494608,337.842473917284,3.52323797567321
456.132579057104,294.23508220286,3.53614091768798
13.2318329368138,496.378525001106,3.68733766760892
561.927409760983,51.5868974093601,4.24283459193716
73.368119866032,373.180610905434,3.81951921022198
226.670123292077,412.768963123364,3.84542635653878
426.606777787389,12.8716404583714,3.21161799769014
363.56544341561,292.301446836262,3.10054447530521
603.359191243091,109.712834264824,4.13125064618988
390.23364590187,227.777692074349,4.15573334598435
573.521460529259,405.503327355763,4.74813345093372
139.664533951223,283.485152323265,4.46945480855448
199.210839452162,370.893027781756,3.93671334461271
122.999316490729,406.173912425975,3.3455194214247
625.928113707955,315.003465385054,4.59855068633992
2.82566735847261,148.36408090238,4.27689576049056
543.24520579049,200.556951215382,4.17339267428537
35.1395635423353,491.397108479758,2.99329876429787
281.207389815342,16.7918700087564,3.8992540808915
532.738327436781,391.925461787664,3.5646913343439
65.8842168572006,72.3625186096881,5.0756462117721
7.36417481993228,75.5829246760659,3.31041578313993
586.493099990914,229.986319360701,4.11927345775079
443.317450324177,471.318048136323,4.88059306717681
657.862967142331,373.072748230271,3.2855823489827
101.361925387175,486.01868376851,4.42189596669736
620.70696529482,89.7054909143163,4.02008631516289
420.277307828937,258.319787262908,3.65491938706002
10.6321386559415,180.30994791656,3.30078146328113
59.8283013268024,119.507965420748,4.34174530558942
614.309586585801,196.251469080474,3.97239758367048
252.357148532943,222.79620209551,3.83438537623066
573.014561065075,440.340916723084,3.6827076839041
303.230933101158,133.268284525174,4.11481905982428
529.092755759698,456.363071088155,3.65022839191999
44.8524639586174,417.741045305812,4.05166398455739
207.725680363964,290.69168540253,4.10648398789777
545.616312159862,264.36813242083,4.04253209024533
173.282474429336,23.1033304974262,4.17763289715946
507.040537600567,346.15483481389,4.49154372519128
44.5856880685941,50.8950183656639,3.59672640012952
518.185677769226,130.556781936024,4.64087640644254
NA,NA,NA
660.193355494608,337.842473917284,3.52323797567321
456.132579057104,294.23508220286,3.53614091768798
13.2318329368138,496.378525001106,3.68733766760892
561.927409760983,51.5868974093601,4.24283459193716
73.368119866032,373.180610905434,3.81951921022198
226.670123292077,412.768963123364,3.84542635653878
426.606777787389,12.8716404583714,3.21161799769014
363.56544341561,292.301446836262,3.10054447530521
603.359191243091,109.712834264824,4.13125064618988
390.23364590187,227.777692074349,4.15573334598435
573.521460529259,405.503327355763,4.74813345093372
139.664533951223,283.485152323265,4.46945480855448
199.210839452162,370.893027781756,3.93671334461271
122.999316490729,406.173912425975,3.3455194214247
625.928113707955,315.003465385054,4.59855068633992
2.82566735847261,148.36408090238,4.27689576049056
543.24520579049,200.556951215382,4.17339267428537
35.1395635423353,491.397108479758,2.99329876429787
281.207389815342,16.7918700087564,3.8992540808915
532.738327436781,391.925461787664,3.5646913343439
65.8842168572006,72.3625186096881,5.0756462117721
7.36417481993228,75.5829246760659,3.31041578313993
586.493099990914,229.986319360701,4.11927345775079
443.317450324177,471.318048136323,4.88059306717681
657.862967142331,373.072748230271,3.2855823489827
101.361925387175,486.01868376851,4.42189596669736
620.70696529482,89.7054909143163,4.02008631516289
420.277307828937,258.319787262908,3.65491938706002
10.6321386559415,180.30994791656,3.30078146328113
59.8283013268024,119.507965420748,4.34174530558942
614.309586585801,196.251469080474,3.97239758367048
252.357148532943,222.79620209551,3.83438537623066
573.014561065075,440.340916723084,3.6827076839041
303.230933101158,133.268284525174,4.11481905982428
529.092755759698,456.363071088155,3.65022839191999
44.8524639586174,417.741045305812,4.05166398455739
207.725680363964,290.69168540253,4.10648398789777
545.616312159862,264.36813242083,4.04253209024533
173.282474429336,23.1033304974262,4.17763289715946
507.040537600567,346.15483481389,4.49154372519128
44.5856880685941,50.8950183656639,3.59672640012952
518.185677769226,130.556781936024,4.64087640644254
NA,NA,NA
660.744722088687,333.02484108135,3.42081919996657
455.06684721101,300.561879493493,3.82009265322591
9.76365121977907,492.89626132496,3.73063440199813
557.200736904074,50.102935731401,4.15944348484906
71.2928844095568,372.499897415159,3.99549391180033
232.93800371579,414.033165133963,3.9477673707937
428.0407204678,11.5140330944032,3.41198740097467
361.058146816072,293.328961043388,2.96818554347391
597.588394292159,109.430950888379,4.16769144460213
391.585551395192,227.849532951184,4.15255608240639
572.866834678665,405.818774588108,4.68353593132572
143.02316799362,284.725795458906,4.5561336311616
203.179986653835,369.776631490232,4.08775317172131
125.953172314,411.581265782932,3.4743174871864
625.953284290278,312.079532082161,4.48683756529162
1.19336495373054,146.62152317642,4.26425893210762
541.437907756212,200.972776539012,4.04353796509934
34.4022224850636,491.674533400145,2.9200792902998
278.305448651173,19.7291506179107,3.83735141361331
533.853310672919,389.967921282736,3.2651111323184
69.6687379338414,68.5628348893045,5.1912873410954
5.02479464581751,75.01077165029,3.42300463456555
589.848645836879,225.120281305156,3.96492795358165
437.874791262769,458.039405571493,4.72643907000901
658.047280700037,375.378836518618,3.08498135902476
102.140271794925,488.537113465212,4.43425586422813
624.308512697688,89.7812927398123,4.06645865809482
421.522341904478,255.934098344787,3.64704303690317
10.8136800208594,181.294939950049,3.21101601543896
65.5190602482086,109.646166578636,4.38704204293294
617.197339293386,215.942284589361,4.15993287315393
254.96488647952,218.100680101203,3.29220436133082
573.305807969817,442.959922260232,3.91866952004559
299.169759950165,139.437505345333,4.05385477828625
530.023796656851,458.239829920557,3.45449162551295
44.4578607479861,418.709896789113,3.75135082402533
193.402691928259,278.82245778445,4.35270691988742
544.043856355499,263.707994102445,4.37515293672233
173.352302810584,12.8308607373697,4.38189016523427
497.661846600572,337.075791450238,4.41751682610378
50.6803797606028,47.6385003865142,4.01765889815591
522.420319734264,156.401686102478,5.11541579577066
NA,NA,NA
660.744722088687,333.02484108135,3.42081919996657
455.06684721101,300.561879493493,3.82009265322591
9.76365121977907,492.89626132496,3.73063440199813
557.200736904074,50.102935731401,4.15944348484906
71.2928844095568,372.499897415159,3.99549391180033
232.93800371579,414.033165133963,3.9477673707937
428.0407204678,11.5140330944032,3.41198740097467
361.058146816072,293.328961043388,2.96818554347391
597.588394292159,109.430950888379,4.16769144460213
391.585551395192,227.849532951184,4.15255608240639
572.866834678665,405.818774588108,4.68353593132572
143.02316799362,284.725795458906,4.5561336311616
203.179986653835,369.776631490232,4.08775317172131
125.953172314,411.581265782932,3.4743174871864
625.953284290278,312.079532082161,4.48683756529162
1.19336495373054,146.62152317642,4.26425893210762
541.437907756212,200.972776539012,4.04353796509934
34.4022224850636,491.674533400145,2.9200792902998
278.305448651173,19.7291506179107,3.83735141361331
533.853310672919,389.967921282736,3.2651111323184
69.6687379338414,68.5628348893045,5.1912873410954
5.02479464581751,75.01077165029,3.42300463456555
589.848645836879,225.120281305156,3.96492795358165
437.874791262769,458.039405571493,4.72643907000901
658.047280700037,375.378836518618,3.08498135902476
102.140271794925,488.537113465212,4.43425586422813
624.308512697688,89.7812927398123,4.06645865809482
421.522341904478,255.934098344787,3.64704303690317
10.8136800208594,181.294939950049,3.21101601543896
65.5190602482086,109.646166578636,4.38704204293294
617.197339293386,215.942284589361,4.15993287315393
254.96488647952,218.100680101203,3.29220436133082
573.305807969817,442.959922260232,3.91866952004559
299.169759950165,139.437505345333,4.05385477828625
530.023796656851,458.239829920557,3.45449162551295
44.4578607479861,418.709896789113,3.75135082402533
193.402691928259,278.82245778445,4.35270691988742
544.043856355499,263.707994102445,4.37515293672233
173.352302810584,12.8308607373697,4.38189016523427
497.661846600572,337.075791450238,4.41751682610378
50.6803797606028,47.6385003865142,4.01765889815591
522.420319734264,156.401686102478,5.11541579577066
NA,NA,NA
660.744722088687,333.02484108135,3.42081919996657
455.06684721101,300.561879493493,3.82009265322591
9.76365121977907,492.89626132496,3.73063440199813
557.200736904074,50.102935731401,4.15944348484906
71.2928844095568,372.499897415159,3.99549391180033
232.93800371579,414.033165133963,3.9477673707937
428.0407204678,11.5140330944032,3.41198740097467
361.058146816072,293.328961043388,2.96818554347391
597.588394292159,109.430950888379,4.16769144460213
391.585551395192,227.849532951184,4.15255608240639
572.866834678665,405.818774588108,4.68353593132572
143.02316799362,284.725795458906,4.5561336311616
203.179986653835,369.776631490232,4.08775317172131
125.953172314,411.581265782932,3.4743174871864
625.953284290278,312.079532082161,4.48683756529162
1.19336495373054,146.62152317642,4.26425893210762
541.437907756212,200.972776539012,4.04353796509934
34.4022224850636,491.674533400145,2.9200792902998
278.305448651173,19.7291506179107,3.83735141361331
533.853310672919,389.967921282736,3.2651111323184
69.6687379338414,68.5628348893045,5.1912873410954
5.02479464581751,75.01077165029,3.42300463456555
589.848645836879,225.120281305156,3.96492795358165
437.874791262769,458.039405571493,4.72643907000901
658.047280700037,375.378836518618,3.08498135902476
102.140271794925,488.537113465212,4.43425586422813
624.308512697688,89.7812927398123,4.06645865809482
421.522341904478,255.934098344787,3.64704303690317
10.8136800208594,181.294939950049,3.21101601543896
65.5190602482086,109.646166578636,4.38704204293294
617.197339293386,215.942284589361,4.15993287315393
254.96488647952,218.100680101203,3.29220436133082
573.305807969817,442.959922260232,3.91866952004559
299.169759950165,139.437505345333,4.05385477828625
530.023796656851,458.239829920557,3.45449162551295
44.4578607479861,418.709896789113,3.75135082402533
193.402691928259,278.82245778445,4.35270691988742
544.043856355499,263.707994102445,4.37515293672233
173.352302810584,12.8308607373697,4.38189016523427
497.661846600572,337.075791450238,4.41751682610378
50.6803797606028,47.6385003865142,4.01765889815591
522.420319734264,156.401686102478,5.11541579577066
NA,NA,NA
660.744722088687,333.02484108135,3.42081919996657
455.06684721101,300.561879493493,3.82009265322591
9.76365121977907,492.89626132496,3.73063440199813
557.200736904074,50.102935731401,4.15944348484906
71.2928844095568,372.499897415159,3.99549391180033
232.93800371579,414.033165133963,3.9477673707937
428.0407204678,11.5140330944032,3.41198740097467
361.058146816072,293.328961043388,2.96818554347391
597.588394292159,109.430950888379,4.16769144460213
391.585551395192,227.849532951184,4.15255608240639
572.866834678665,405.818774588108,4.68353593132572
143.02316799362,284.725795458906,4.5561336311616
203.179986653835,369.776631490232,4.08775317172131
125.953172314,411.581265782932,3.4743174871864
625.953284290278,312.079532082161,4.48683756529162
1.19336495373054,146.62152317642,4.26425893210762
541.437907756212,200.972776539012,4.04353796509934
34.4022224850636,491.674533400145,2.9200792902998
278.305448651173,19.7291506179107,3.83735141361331
533.853310672919,389.967921282736,3.2651111323184
69.6687379338414,68.5628348893045,5.1912873410954
5.02479464581751,75.01077165029,3.42300463456555
589.848645836879,225.120281305156,3.96492795358165
437.874791262769,458.039405571493,4.72643907000901
658.047280700037,375.378836518618,3.08498135902476
102.140271794925,488.537113465212,4.43425586422813
624.308512697688,89.7812927398123,4.06645865809482
421.522341904478,255.934098344787,3.64704303690317
10.8136800208594,181.294939950049,3.21101601543896
65.5190602482086,109.646166578636,4.38704204293294
617.197339293386,215.942284589361,4.15993287315393
254.96488647952,218.100680101203,3.29220436133082
573.305807969817,442.959922260232,3.91866952004559
299.169759950165,139.437505345333,4.05385477828625
530.023796656851,458.239829920557,3.45449162551295
44.4578607479861,418.709896789113,3.75135082402533
193.402691928259,278.82245778445,4.35270691988742
544.043856355499,263.707994102445,4.37515293672233
173.352302810584,12.8308607373697,4.38189016523427
497.661846600572,337.075791450238,4.41751682610378
50.6803797606028,47.6385003865142,4.01765889815591
522.420319734264,156.401686102478,5.11541579577066
NA,NA,NA
660.744722088687,333.02484108135,3.42081919996657
455.06684721101,300.561879493493,3.82009265322591
9.76365121977907,492.89626132496,3.73063440199813
557.200736904074,50.102935731401,4.15944348484906
71.2928844095568,372.499897415159,3.99549391180033
232.93800371579,414.033165133963,3.9477673707937
428.0407204678,11.5140330944032,3.41198740097467
361.058146816072,293.328961043388,2.96818554347391
597.588394292159,109.430950888379,4.16769144460213
391.585551395192,227.849532951184,4.15255608240639
572.866834678665,405.818774588108,4.68353593132572
143.02316799362,284.725795458906,4.5561336311616
203.179986653835,369.776631490232,4.08775317172131
125.953172314,411.581265782932,3.4743174871864
625.953284290278,312.079532082161,4.48683756529162
1.19336495373054,146.62152317642,4.26425893210762
541.437907756212,200.972776539012,4.04353796509934
34.4022224850636,491.674533400145,2.9200792902998
278.305448651173,19.7291506179107,3.83735141361331
533.853310672919,389.967921282736,3.2651111323184
69.6687379338414,68.5628348893045,5.1912873410954
5.02479464581751,75.01077165029,3.42300463456555
589.848645836879,225.120281305156,3.96492795358165
437.874791262769,458.039405571493,4.72643907000901
658.047280700037,375.378836518618,3.08498135902476
102.140271794925,488.537113465212,4.43425586422813
624.308512697688,89.7812927398123,4.06645865809482
421.522341904478,255.934098344787,3.64704303690317
10.8136800208594,181.294939950049,3.21101601543896
65.5190602482086,109.646166578636,4.38704204293294
617.197339293386,215.942284589361,4.15993287315393
254.96488647952,218.100680101203,3.29220436133082
573.305807969817,442.959922260232,3.91866952004559
299.169759950165,139.437505345333,4.05385477828625
530.023796656851,458.239829920557,3.45449162551295
44.4578607479861,418.709896789113,3.75135082402533
193.402691928259,278.82245778445,4.35270691988742
544.043856355499,263.707994102445,4.37515293672233
173.352302810584,12.8308607373697,4.38189016523427
497.661846600572,337.075791450238,4.41751682610378
50.6803797606028,47.6385003865142,4.01765889815591
522.420319734264,156.401686102478,5.11541579577066
NA,NA,NA
660.744722088687,333.02484108135,3.42081919996657
455.06684721101,300.561879493493,3.82009265322591
9.76365121977907,492.89626132496,3.73063440199813
557.200736904074,50.102935731401,4.15944348484906
71.2928844095568,372.499897415159,3.99549391180033
232.93800371579,414.033165133963,3.9477673707937
428.0407204678,11.5140330944032,3.41198740097467
361.058146816072,293.328961043388,2.96818554347391
597.588394292159,109.430950888379,4.16769144460213
391.585551395192,227.849532951184,4.15255608240639
572.866834678665,405.818774588108,4.68353593132572
143.02316799362,284.725795458906,4.5561336311616
203.179986653835,369.776631490232,4.08775317172131
125.953172314,411.581265782932,3.4743174871864
625.953284290278,312.079532082161,4.48683756529162
1.19336495373054,146.62152317642,4.26425893210762
541.437907756212,200.972776539012,4.04353796509934
34.4022224850636,491.674533400145,2.9200792902998
278.305448651173,19.7291506179107,3.83735141361331
533.853310672919,389.967921282736,3.2651111323184
69.6687379338414,68.5628348893045,5.1912873410954
5.02479464581751,75.01077165029,3.42300463456555
589.848645836879,225.120281305156,3.96492795358165
437.874791262769,458.039405571493,4.72643907000901
658.047280700037,375.378836518618,3.08498135902476
102.140271794925,488.537113465212,4.43425586422813
624.308512697688,89.7812927398123,4.06645865809482
421.522341904478,255.934098344787,3.64704303690317
10.8136800208594,181.294939950049,3.21101601543896
65.5190602482086,109.646166578636,4.38704204293294
617.197339293386,215.942284589361,4.15993287315393
254.96488647952,218.100680101203,3.29220436133082
573.305807969817,442.959922260232,3.91866952004559
299.169759950165,139.437505345333,4.05385477828625
530.023796656851,458.239829920557,3.45449162551295
44.4578607479861,418.709896789113,3.75135082402533
193.402691928259,278.82245778445,4.35270691988742
544.043856355499,263.707994102445,4.37515293672233
173.352302810584,12.8308607373697,4.38189016523427
497.661846600572,337.075791450238,4.41751682610378
50.6803797606028,47.6385003865142,4.01765889815591
522.420319734264,156.401686102478,5.11541579577066
NA,NA,NA
662.532751867391,336.916378460998,3.44553857545893
454.05602153851,297.091367339681,3.6771655336746
10.4008140622839,494.776977671743,3.66556116173596
562.298329243694,52.6029078791592,4.1923546427524
72.9377306586914,375.818629477908,3.96207912751737
224.369385140673,413.783811944558,3.96560069864392
427.835607555335,11.2551480600135,3.35933669821572
364.987124145389,292.209954445208,3.09301696786086
598.287972060541,104.958454806639,4.25581079324452
392.335898232421,229.060961930414,4.1783530282793
567.700931405023,408.873803519481,4.66784193508426
137.404779890058,284.51207904438,4.56110833224663
196.933126982272,374.276600425539,4.09156997036696
124.825793531387,411.949701624331,3.44928670100712
622.932525994942,319.467781730825,4.60059670043302
3.86974539323711,144.510136712048,4.19087628825685
542.848902245035,199.59694845866,4.24079879234062
34.2070604914523,492.791246993965,3.09744024302769
276.915359810095,20.4632668536294,4.06620865936652
535.273161662302,390.930689069665,3.45913371221984
73.5479215636126,74.0834006300436,5.32059667874387
1.05432464156616,77.4122487525919,3.43417303364568
587.307838097123,225.511181379846,4.08684375714955
441.441591008327,455.418611436895,4.84218579937557
659.921105812898,372.909860183891,2.94361219067231
105.728405227606,480.129644560957,4.26398525320772
623.710649720404,88.7153017812777,4.04990974457218
422.602611960644,261.542978079878,3.62710173551761
12.669643974296,180.759144694633,3.17107351763742
67.3643463639173,116.064901314703,4.36948764372936
621.031263627235,190.156247923144,4.03000089444769
252.962130243765,219.662016983676,3.9610741339233
569.801759490578,433.140148566651,3.61005499628467
305.335811816719,139.238454559518,4.02320862407592
535.262432679879,456.022130415782,3.46950265631719
43.0470821675372,420.645294915598,4.08807960353279
205.163966012892,291.489898602431,4.1275849681842
557.31595706671,262.336516463351,3.70394564914163
159.07125815918,35.5412561955731,4.25323451393876
495.787234323605,342.09679948631,4.60865952949428
32.9292205191601,55.585175815281,4.01776344876994
527.284271483062,139.287731843598,4.51488034590673
NA,NA,NA
662.532751867391,336.916378460998,3.44553857545893
454.05602153851,297.091367339681,3.6771655336746
10.4008140622839,494.776977671743,3.66556116173596
562.298329243694,52.6029078791592,4.1923546427524
72.9377306586914,375.818629477908,3.96207912751737
224.369385140673,413.783811944558,3.96560069864392
427.835607555335,11.2551480600135,3.35933669821572
364.987124145389,292.209954445208,3.09301696786086
598.287972060541,104.958454806639,4.25581079324452
392.335898232421,229.060961930414,4.1783530282793
567.700931405023,408.873803519481,4.66784193508426
137.404779890058,284.51207904438,4.56110833224663
196.933126982272,374.276600425539,4.09156997036696
124.825793531387,411.949701624331,3.44928670100712
622.932525994942,319.467781730825,4.60059670043302
3.86974539323711,144.510136712048,4.19087628825685
542.848902245035,199.59694845866,4.24079879234062
34.2070604914523,492.791246993965,3.09744024302769
276.915359810095,20.4632668536294,4.06620865936652
535.273161662302,390.930689069665,3.45913371221984
73.5479215636126,74.0834006300436,5.32059667874387
1.05432464156616,77.4122487525919,3.43417303364568
587.307838097123,225.511181379846,4.08684375714955
441.441591008327,455.418611436895,4.84218579937557
659.921105812898,372.909860183891,2.94361219067231
105.728405227606,480.129644560957,4.26398525320772
623.710649720404,88.7153017812777,4.04990974457218
422.602611960644,261.542978079878,3.62710173551761
12.669643974296,180.759144694633,3.17107351763742
67.3643463639173,116.064901314703,4.36948764372936
621.031263627235,190.156247923144,4.03000089444769
252.962130243765,219.662016983676,3.9610741339233
569.801759490578,433.140148566651,3.61005499628467
305.335811816719,139.238454559518,4.02320862407592
535.262432679879,456.022130415782,3.46950265631719
43.0470821675372,420.645294915598,4.08807960353279
205.163966012892,291.489898602431,4.1275849681842
557.31595706671,262.336516463351,3.70394564914163
159.07125815918,35.5412561955731,4.25323451393876
495.787234323605,342.09679948631,4.60865952949428
32.9292205191601,55.585175815281,4.01776344876994
527.284271483062,139.287731843598,4.51488034590673
NA,NA,NA
662.532751867391,336.916378460998,3.44553857545893
454.05602153851,297.091367339681,3.6771655336746
10.4008140622839,494.776977671743,3.66556116173596
562.298329243694,52.6029078791592,4.1923546427524
72.9377306586914,375.818629477908,3.96207912751737
224.369385140673,413.783811944558,3.96560069864392
427.835607555335,11.2551480600135,3.35933669821572
364.987124145389,292.209954445208,3.09301696786086
598.287972060541,104.958454806639,4.25581079324452
392.335898232421,229.060961930414,4.1783530282793
567.700931405023,408.873803519481,4.66784193508426
137.404779890058,284.51207904438,4.56110833224663
196.933126982272,374.276600425539,4.09156997036696
124.825793531387,411.949701624331,3.44928670100712
622.932525994942,319.467781730825,4.60059670043302
3.86974539323711,144.510136712048,4.19087628825685
542.848902245035,199.59694845866,4.24079879234062
34.2070604914523,492.791246993965,3.09744024302769
276.915359810095,20.4632668536294,4.06620865936652
535.273161662302,390.930689069665,3.45913371221984
73.5479215636126,74.0834006300436,5.32059667874387
1.05432464156616,77.4122487525919,3.43417303364568
587.307838097123,225.511181379846,4.08684375714955
441.441591008327,455.418611436895,4.84218579937557
659.921105812898,372.909860183891,2.94361219067231
105.728405227606,480.129644560957,4.26398525320772
623.710649720404,88.7153017812777,4.04990974457218
422.602611960644,261.542978079878,3.62710173551761
12.669643974296,180.759144694633,3.17107351763742
67.3643463639173,116.064901314703,4.36948764372936
621.031263627235,190.156247923144,4.03000089444769
252.962130243765,219.662016983676,3.9610741339233
569.801759490578,433.140148566651,3.61005499628467
305.335811816719,139.238454559518,4.02320862407592
535.262432679879,456.022130415782,3.46950265631719
43.0470821675372,420.645294915598,4.08807960353279
205.163966012892,291.489898602431,4.1275849681842
557.31595706671,262.336516463351,3.70394564914163
159.07125815918,35.5412561955731,4.25323451393876
495.787234323605,342.09679948631,4.60865952949428
32.9292205191601,55.585175815281,4.01776344876994
527.284271483062,139.287731843598,4.51488034590673
NA,NA,NA
662.532751867391,336.916378460998,3.44553857545893
454.05602153851,297.091367339681,3.6771655336746
10.4008140622839,494.776977671743,3.66556116173596
562.298329243694,52.6029078791592,4.1923546427524
72.9377306586914,375.818629477908,3.96207912751737
224.369385140673,413.783811944558,3.96560069864392
427.835607555335,11.2551480600135,3.35933669821572
364.987124145389,292.209954445208,3.09301696786086
598.287972060541,104.958454806639,4.25581079324452
392.335898232421,229.060961930414,4.1783530282793
567.700931405023,408.873803519481,4.66784193508426
137.404779890058,284.51207904438,4.56110833224663
196.933126982272,374.276600425539,4.09156997036696
124.825793531387,411.949701624331,3.44928670100712
622.932525994942,319.467781730825,4.60059670043302
3.86974539323711,144.510136712048,4.19087628825685
542.848902245035,199.59694845866,4.24079879234062
34.2070604914523,492.791246993965,3.09744024302769
276.915359810095,20.4632668536294,4.06620865936652
535.273161662302,390.930689069665,3.45913371221984
73.5479215636126,74.0834006300436,5.32059667874387
1.05432464156616,77.4122487525919,3.43417303364568
587.307838097123,225.511181379846,4.08684375714955
441.441591008327,455.418611436895,4.84218579937557
659.921105812898,372.909860183891,2.94361219067231
105.728405227606,480.129644560957,4.26398525320772
623.710649720404,88.7153017812777,4.04990974457218
422.602611960644,261.542978079878,3.62710173551761
12.669643974296,180.759144694633,3.17107351763742
67.3643463639173,116.064901314703,4.36948764372936
621.031263627235,190.156247923144,4.03000089444769
252.962130243765,219.662016983676,3.9610741339233
569.801759490578,433.140148566651,3.61005499628467
305.335811816719,139.238454559518,4.02320862407592
535.262432679879,456.022130415782,3.46950265631719
43.0470821675372,420.645294915598,4.08807960353279
205.163966012892,291.489898602431,4.1275849681842
557.31595706671,262.336516463351,3.70394564914163
159.07125815918,35.5412561955731,4.25323451393876
495.787234323605,342.09679948631,4.60865952949428
32.9292205191601,55.585175815281,4.01776344876994
527.284271483062,139.287731843598,4.51488034590673
NA,NA,NA
662.532751867391,336.916378460998,3.44553857545893
454.05602153851,297.091367339681,3.6771655336746
10.4008140622839,494.776977671743,3.66556116173596
562.298329243694,52.6029078791592,4.1923546427524
72.9377306586914,375.818629477908,3.96207912751737
224.369385140673,413.783811944558,3.96560069864392
427.835607555335,11.2551480600135,3.35933669821572
364.987124145389,292.209954445208,3.09301696786086
598.287972060541,104.958454806639,4.25581079324452
392.335898232421,229.060961930414,4.1783530282793
567.700931405023,408.873803519481,4.66784193508426
137.404779890058,284.51207904438,4.56110833224663
196.933126982272,374.276600425539,4.09156997036696
124.825793531387,411.949701624331,3.44928670100712
622.932525994942,319.467781730825,4.60059670043302
3.86974539323711,144.510136712048,4.19087628825685
542.848902245035,199.59694845866,4.24079879234062
34.2070604914523,492.791246993965,3.09744024302769
276.915359810095,20.4632668536294,4.06620865936652
535.273161662302,390.930689069665,3.45913371221984
73.5479215636126,74.0834006300436,5.32059667874387
1.05432464156616,77.4122487525919,3.43417303364568
587.307838097123,225.511181379846,4.08684375714955
441.441591008327,455.418611436895,4.84218579937557
659.921105812898,372.909860183891,2.94361219067231
105.728405227606,480.129644560957,4.26398525320772
623.710649720404,88.7153017812777,4.04990974457218
422.602611960644,261.542978079878,3.62710173551761
12.669643974296,180.759144694633,3.17107351763742
67.3643463639173,116.064901314703,4.36948764372936
621.031263627235,190.156247923144,4.03000089444769
252.962130243765,219.662016983676,3.9610741339233
569.801759490578,433.140148566651,3.61005499628467
305.335811816719,139.238454559518,4.02320862407592
535.262432679879,456.022130415782,3.46950265631719
43.0470821675372,420.645294915598,4.08807960353279
205.163966012892,291.489898602431,4.1275849681842
557.31595706671,262.336516463351,3.70394564914163
159.07125815918,35.5412561955731,4.25323451393876
495.787234323605,342.09679948631,4.60865952949428
32.9292205191601,55.585175815281,4.01776344876994
527.284271483062,139.287731843598,4.51488034590673
NA,NA,NA
662.532751867391,336.916378460998,3.44553857545893
454.05602153851,297.091367339681,3.6771655336746
10.4008140622839,494.776977671743,3.66556116173596
562.298329243694,52.6029078791592,4.1923546427524
72.9377306586914,375.818629477908,3.96207912751737
224.369385140673,413.783811944558,3.96560069864392
427.835607555335,11.2551480600135,3.35933669821572
364.987124145389,292.209954445208,3.09301696786086
598.287972060541,104.958454806639,4.25581079324452
392.335898232421,229.060961930414,4.1783530282793
567.700931405023,408.873803519481,4.66784193508426
137.404779890058,284.51207904438,4.56110833224663
196.933126982272,374.276600425539,4.09156997036696
124.825793531387,411.949701624331,3.44928670100712
622.932525994942,319.467781730825,4.60059670043302
3.86974539323711,144.510136712048,4.19087628825685
542.848902245035,199.59694845866,4.24079879234062
34.2070604914523,492.791246993965,3.09744024302769
276.915359810095,20.4632668536294,4.06620865936652
535.273161662302,390.930689069665,3.45913371221984
73.5479215636126,74.0834006300436,5.32059667874387
1.05432464156616,77.4122487525919,3.43417303364568
587.307838097123,225.511181379846,4.08684375714955
441.441591008327,455.418611436895,4.84218579937557
659.921105812898,372.909860183891,2.94361219067231
105.728405227606,480.129644560957,4.26398525320772
623.710649720404,88.7153017812777,4.04990974457218
422.602611960644,261.542978079878,3.62710173551761
12.669643974296,180.759144694633,3.17107351763742
67.3643463639173,116.064901314703,4.36948764372936
621.031263627235,190.156247923144,4.03000089444769
252.962130243765,219.662016983676,3.9610741339233
569.801759490578,433.140148566651,3.61005499628467
305.335811816719,139.238454559518,4.02320862407592
535.262432679879,456.022130415782,3.46950265631719
43.0470821675372,420.645294915598,4.08807960353279
205.163966012892,291.489898602431,4.1275849681842
557.31595706671,262.336516463351,3.70394564914163
159.07125815918,35.5412561955731,4.25323451393876
495.787234323605,342.09679948631,4.60865952949428
32.9292205191601,55.585175815281,4.01776344876994
527.284271483062,139.287731843598,4.51488034590673
NA,NA,NA
662.00245539637,332.257239184213,3.37729696324884
458.899569270921,300.434395373652,3.79006518285575
11.3502779229513,498.564692361621,3.55173645585646
561.770803627345,47.7608569666968,4.23548589333221
74.345303135864,372.140058347186,3.96172635353174
228.964738676942,410.638190314866,3.95421783043175
431.427507483016,12.7922761730904,3.21821571383646
363.64537564957,289.704457737649,3.16063150931216
601.86419690545,108.867428534517,4.1546108074317
393.589005024944,227.012780488493,4.2720705134255
561.627436537293,406.387442782874,4.8366280702767
140.477584202844,289.091732055549,4.63408084361849
203.506146527318,368.970129614176,4.17644778427419
123.475976703821,410.088455111386,3.48717382975057
629.853121977635,311.795666452982,4.46904693612969
3.72187710131209,145.620022699701,4.28955012838933
545.441193826418,202.314555204074,4.01886321496082
34.051117567959,491.881065365304,3.10381276517685
277.622759774851,26.4008764433711,3.80030459818195
534.815011973013,392.536986261315,3.08581747517017
71.2228300168051,77.0541938588867,5.1647789266186
2.78792456598764,75.7476363269536,3.44137851317447
586.394058823169,224.720919046373,4.02204765003294
442.196949247376,462.049125440262,4.80708826967082
660.17023253243,373.687873359348,3.02749143171061
102.255674662681,489.119087584599,4.30423184613175
621.349171326017,91.7883385559089,4.05606335120155
419.353661783313,259.777965841847,3.61113498668557
11.4485108051935,181.338570697078,3.09808751976557
60.3830252926965,120.563643084562,4.56669645823909
599.580904941228,196.733639281114,4.47273517156821
250.59961355508,211.790964300294,3.89448011158135
578.060796812794,427.695909554912,3.85744551424713
300.271118506721,134.067314658551,4.06003923432568
530.915585357302,459.356501855875,3.63371717549826
43.3665399448896,425.565599286847,3.80177572247708
199.07067576335,288.042077204267,3.94033257714261
553.751612662085,260.491193576123,3.65073541647221
180.852526434507,33.9457115825023,4.29682381008245
510.068297019989,352.581276337812,4.68574326553001
30.8104067345857,55.6687516237923,4.18826003894717
533.929952548422,158.708742109346,4.57478978038959
NA,NA,NA
662.00245539637,332.257239184213,3.37729696324884
458.899569270921,300.434395373652,3.79006518285575
11.3502779229513,498.564692361621,3.55173645585646
561.770803627345,47.7608569666968,4.23548589333221
74.345303135864,372.140058347186,3.96172635353174
228.964738676942,410.638190314866,3.95421783043175
431.427507483016,12.7922761730904,3.21821571383646
363.64537564957,289.704457737649,3.16063150931216
601.86419690545,108.867428534517,4.1546108074317
393.589005024944,227.012780488493,4.2720705134255
561.627436537293,406.387442782874,4.8366280702767
140.477584202844,289.091732055549,4.63408084361849
203.506146527318,368.970129614176,4.17644778427419
123.475976703821,410.088455111386,3.48717382975057
629.853121977635,311.795666452982,4.46904693612969
3.72187710131209,145.620022699701,4.28955012838933
545.441193826418,202.314555204074,4.01886321496082
34.051117567959,491.881065365304,3.10381276517685
277.622759774851,26.4008764433711,3.80030459818195
534.815011973013,392.536986261315,3.08581747517017
71.2228300168051,77.0541938588867,5.1647789266186
2.78792456598764,75.7476363269536,3.44137851317447
586.394058823169,224.720919046373,4.02204765003294
442.196949247376,462.049125440262,4.80708826967082
660.17023253243,373.687873359348,3.02749143171061
102.255674662681,489.119087584599,4.30423184613175
621.349171326017,91.7883385559089,4.05606335120155
419.353661783313,259.777965841847,3.61113498668557
11.4485108051935,181.338570697078,3.09808751976557
60.3830252926965,120.563643084562,4.56669645823909
599.580904941228,196.733639281114,4.47273517156821
250.59961355508,211.790964300294,3.89448011158135
578.060796812794,427.695909554912,3.85744551424713
300.271118506721,134.067314658551,4.06003923432568
530.915585357302,459.356501855875,3.63371717549826
43.3665399448896,425.565599286847,3.80177572247708
199.07067576335,288.042077204267,3.94033257714261
553.751612662085,260.491193576123,3.65073541647221
180.852526434507,33.9457115825023,4.29682381008245
510.068297019989,352.581276337812,4.68574326553001
30.8104067345857,55.6687516237923,4.18826003894717
533.929952548422,158.708742109346,4.57478978038959
NA,NA,NA
662.00245539637,332.257239184213,3.37729696324884
458.899569270921,300.434395373652,3.79006518285575
11.3502779229513,498.564692361621,3.55173645585646
561.770803627345,47.7608569666968,4.23548589333221
74.345303135864,372.140058347186,3.96172635353174
228.964738676942,410.638190314866,3.95421783043175
431.427507483016,12.7922761730904,3.21821571383646
363.64537564957,289.704457737649,3.16063150931216
601.86419690545,108.867428534517,4.1546108074317
393.589005024944,227.012780488493,4.2720705134255
561.627436537293,406.387442782874,4.8366280702767
140.477584202844,289.091732055549,4.63408084361849
203.506146527318,368.970129614176,4.17644778427419
123.475976703821,410.088455111386,3.48717382975057
629.853121977635,311.795666452982,4.46904693612969
3.72187710131209,145.620022699701,4.28955012838933
545.441193826418,202.314555204074,4.01886321496082
34.051117567959,491.881065365304,3.10381276517685
277.622759774851,26.4008764433711,3.80030459818195
534.815011973013,392.536986261315,3.08581747517017
71.2228300168051,77.0541938588867,5.1647789266186
2.78792456598764,75.7476363269536,3.44137851317447
586.394058823169,224.720919046373,4.02204765003294
442.196949247376,462.049125440262,4.80708826967082
660.17023253243,373.687873359348,3.02749143171061
102.255674662681,489.119087584599,4.30423184613175
621.349171326017,91.7883385559089,4.05606335120155
419.353661783313,259.777965841847,3.61113498668557
11.4485108051935,181.338570697078,3.09808751976557
60.3830252926965,120.563643084562,4.56669645823909
599.580904941228,196.733639281114,4.47273517156821
250.59961355508,211.790964300294,3.89448011158135
578.060796812794,427.695909554912,3.85744551424713
300.271118506721,134.067314658551,4.06003923432568
530.915585357302,459.356501855875,3.63371717549826
43.3665399448896,425.565599286847,3.80177572247708
199.07067576335,288.042077204267,3.94033257714261
553.751612662085,260.491193576123,3.65073541647221
180.852526434507,33.9457115825023,4.29682381008245
510.068297019989,352.581276337812,4.68574326553001
30.8104067345857,55.6687516237923,4.18826003894717
533.929952548422,158.708742109346,4.57478978038959
NA,NA,NA
662.00245539637,332.257239184213,3.37729696324884
458.899569270921,300.434395373652,3.79006518285575
11.3502779229513,498.564692361621,3.55173645585646
561.770803627345,47.7608569666968,4.23548589333221
74.345303135864,372.140058347186,3.96172635353174
228.964738676942,410.638190314866,3.95421783043175
431.427507483016,12.7922761730904,3.21821571383646
363.64537564957,289.704457737649,3.16063150931216
601.86419690545,108.867428534517,4.1546108074317
393.589005024944,227.012780488493,4.2720705134255
561.627436537293,406.387442782874,4.8366280702767
140.477584202844,289.091732055549,4.63408084361849
203.506146527318,368.970129614176,4.17644778427419
123.475976703821,410.088455111386,3.48717382975057
629.853121977635,311.795666452982,4.46904693612969
3.72187710131209,145.620022699701,4.28955012838933
545.441193826418,202.314555204074,4.01886321496082
34.051117567959,491.881065365304,3.10381276517685
277.622759774851,26.4008764433711,3.80030459818195
534.815011973013,392.536986261315,3.08581747517017
71.2228300168051,77.0541938588867,5.1647789266186
2.78792456598764,75.7476363269536,3.44137851317447
586.394058823169,224.720919046373,4.02204765003294
442.196949247376,462.049125440262,4.80708826967082
660.17023253243,373.687873359348,3.02749143171061
102.255674662681,489.119087584599,4.30423184613175
621.349171326017,91.7883385559089,4.05606335120155
419.353661783313,259.777965841847,3.61113498668557
11.4485108051935,181.338570697078,3.09808751976557
60.3830252926965,120.563643084562,4.56669645823909
599.580904941228,196.733639281114,4.47273517156821
250.59961355508,211.790964300294,3.89448011158135
578.060796812794,427.695909554912,3.85744551424713
300.271118506721,134.067314658551,4.06003923432568
530.915585357302,459.356501855875,3.63371717549826
43.3665399448896,425.565599286847,3.80177572247708
199.07067576335,288.042077204267,3.94033257714261
553.751612662085,260.491193576123,3.65073541647221
180.852526434507,33.9457115825023,4.29682381008245
510.068297019989,352.581276337812,4.68574326553001
30.8104067345857,55.6687516237923,4.18826003894717
533.929952548422,158.708742109346,4.57478978038959
NA,NA,NA
662.00245539637,332.257239184213,3.37729696324884
458.899569270921,300.434395373652,3.79006518285575
11.3502779229513,498.564692361621,3.55173645585646
561.770803627345,47.7608569666968,4.23548589333221
74.345303135864,372.140058347186,3.96172635353174
228.964738676942,410.638190314866,3.95421783043175
431.427507483016,12.7922761730904,3.21821571383646
363.64537564957,289.704457737649,3.16063150931216
601.86419690545,108.867428534517,4.1546108074317
393.589005024944,227.012780488493,4.2720705134255
561.627436537293,406.387442782874,4.8366280702767
140.477584202844,289.091732055549,4.63408084361849
203.506146527318,368.970129614176,4.17644778427419
123.475976703821,410.088455111386,3.48717382975057
629.853121977635,311.795666452982,4.46904693612969
3.72187710131209,145.620022699701,4.28955012838933
545.441193826418,202.314555204074,4.01886321496082
34.051117567959,491.881065365304,3.10381276517685
277.622759774851,26.4008764433711,3.80030459818195
534.815011973013,392.536986261315,3.08581747517017
71.2228300168051,77.0541938588867,5.1647789266186
2.78792456598764,75.7476363269536,3.44137851317447
586.394058823169,224.720919046373,4.02204765003294
442.196949247376,462.049125440262,4.80708826967082
660.17023253243,373.687873359348,3.02749143171061
102.255674662681,489.119087584599,4.30423184613175
621.349171326017,91.7883385559089,4.05606335120155
419.353661783313,259.777965841847,3.61113498668557
11.4485108051935,181.338570697078,3.09808751976557
60.3830252926965,120.563643084562,4.56669645823909
599.580904941228,196.733639281114,4.47273517156821
250.59961355508,211.790964300294,3.89448011158135
578.060796812794,427.695909554912,3.85744551424713
300.271118506721,134.067314658551,4.06003923432568
530.915585357302,459.356501855875,3.63371717549826
43.3665399448896,425.565599286847,3.80177572247708
199.07067576335,288.042077204267,3.94033257714261
553.751612662085,260.491193576123,3.65073541647221
180.852526434507,33.9457115825023,4.29682381008245
510.068297019989,352.581276337812,4.68574326553001
30.8104067345857,55.6687516237923,4.18826003894717
533.929952548422,158.708742109346,4.57478978038959
NA,NA,NA
662.00245539637,332.257239184213,3.37729696324884
458.899569270921,300.434395373652,3.79006518285575
11.3502779229513,498.564692361621,3.55173645585646
561.770803627345,47.7608569666968,4.23548589333221
74.345303135864,372.140058347186,3.96172635353174
228.964738676942,410.638190314866,3.95421783043175
431.427507483016,12.7922761730904,3.21821571383646
363.64537564957,289.704457737649,3.16063150931216
601.86419690545,108.867428534517,4.1546108074317
393.589005024944,227.012780488493,4.2720705134255
561.627436537293,406.387442782874,4.8366280702767
140.477584202844,289.091732055549,4.63408084361849
203.506146527318,368.970129614176,4.17644778427419
123.475976703821,410.088455111386,3.48717382975057
629.853121977635,311.795666452982,4.46904693612969
3.72187710131209,145.620022699701,4.28955012838933
545.441193826418,202.314555204074,4.01886321496082
34.051117567959,491.881065365304,3.10381276517685
277.622759774851,26.4008764433711,3.80030459818195
534.815011973013,392.536986261315,3.08581747517017
71.2228300168051,77.0541938588867,5.1647789266186
2.78792456598764,75.7476363269536,3.44137851317447
586.394058823169,224.720919046373,4.02204765003294
442.196949247376,462.049125440262,4.80708826967082
660.17023253243,373.687873359348,3.02749143171061
102.255674662681,489.119087584599,4.30423184613175
621.349171326017,91.7883385559089,4.05606335120155
419.353661783313,259.777965841847,3.61113498668557
11.4485108051935,181.338570697078,3.09808751976557
60.3830252926965,120.563643084562,4.56669645823909
599.580904941228,196.733639281114,4.47273517156821
250.59961355508,211.790964300294,3.89448011158135
578.060796812794,427.695909554912,3.85744551424713
300.271118506721,134.067314658551,4.06003923432568
530.915585357302,459.356501855875,3.63371717549826
43.3665399448896,425.565599286847,3.80177572247708
199.07067576335,288.042077204267,3.94033257714261
553.751612662085,260.491193576123,3.65073541647221
180.852526434507,33.9457115825023,4.29682381008245
510.068297019989,352.581276337812,4.68574326553001
30.8104067345857,55.6687516237923,4.18826003894717
533.929952548422,158.708742109346,4.57478978038959
NA,NA,NA
658.297492235266,336.940423208498,3.60078045417839
455.796962978503,292.577121933966,3.57522931571709
14.6518249934077,494.230158257804,3.58890970141726
558.730092280768,48.677943221282,4.13450379729338
72.5086746885704,377.726997467274,3.97424762745768
232.39028538018,414.709750883825,3.93393976269804
428.534612208855,11.4646250220864,3.3813553256471
361.839475546894,292.855570796566,2.95118555738711
605.968136800363,108.62646275807,4.23529033039912
390.854577453597,227.158310192082,4.31379567230008
563.898071482029,406.973443362425,4.77606768506734
142.308323110929,282.221897941185,4.55686234088552
203.698703264503,370.734546060367,3.97274992003629
122.090126596902,411.640933361898,3.4054030045531
622.90734736949,309.590618800726,4.6541650442006
1.18976924521174,146.363127726177,4.22935572628267
546.408061349233,204.17287945933,4.14678937553305
31.4339248931001,494.150692543582,2.94876712512064
276.579168379596,24.1740858130578,3.88972586738022
533.51772861639,394.232722184569,3.44101689794514
73.6886307774065,80.9832571908997,5.29811068577434
3.81664614702398,76.7288660703452,3.65023509311402
588.507175000275,226.725730870533,4.0898549463264
434.108293147736,463.358367938628,4.75342380947728
661.328341095912,374.926549730089,3.00939159185428
107.572359346516,489.196124516892,4.30434949076583
624.157113738486,91.004042905038,4.05976041432652
417.739845329377,257.089451245046,3.6268384040787
11.4589554994659,179.45402587416,3.17965089859426
65.3501199175333,99.8255230611,4.33848629749825
614.073600939059,212.223723900012,4.21452888662635
244.87857324829,216.903042331945,4.11580027716082
566.132893079779,431.030863946748,3.85898162617562
303.109128042887,136.622332501199,3.85081808531478
527.498375505864,462.557476682752,3.73028088726819
57.9434363436878,418.85636675288,3.89162733083504
194.880981741938,295.993976188911,4.10397578285763
563.27274480058,270.44765740697,3.75361316453526
171.004208356932,41.6428943284973,4.38804238405488
511.583637270875,335.591975032084,4.46426489192672
36.4731121205383,50.6731294026991,3.35013837628359
535.403764463896,147.510732355396,4.53690561410529
NA,NA,NA
658.297492235266,336.940423208498,3.60078045417839
455.796962978503,292.577121933966,3.57522931571709
14.6518249934077,494.230158257804,3.58890970141726
558.730092280768,48.677943221282,4.13450379729338
72.5086746885704,377.726997467274,3.97424762745768
232.39028538018,414.709750883825,3.93393976269804
428.534612208855,11.4646250220864,3.3813553256471
361.839475546894,292.855570796566,2.95118555738711
605.968136800363,108.62646275807,4.23529033039912
390.854577453597,227.158310192082,4.31379567230008
563.898071482029,406.973443362425,4.77606768506734
142.308323110929,282.221897941185,4.55686234088552
203.698703264503,370.734546060367,3.97274992003629
122.090126596902,411.640933361898,3.4054030045531
622.90734736949,309.590618800726,4.6541650442006
1.18976924521174,146.363127726177,4.22935572628267
546.408061349233,204.17287945933,4.14678937553305
31.4339248931001,494.150692543582,2.94876712512064
276.579168379596,24.1740858130578,3.88972586738022
533.51772861639,394.232722184569,3.44101689794514
73.6886307774065,80.9832571908997,5.29811068577434
3.81664614702398,76.7288660703452,3.65023509311402
588.507175000275,226.725730870533,4.0898549463264
434.108293147736,463.358367938628,4.75342380947728
661.328341095912,374.926549730089,3.00939159185428
107.572359346516,489.196124516892,4.30434949076583
624.157113738486,91.004042905038,4.05976041432652
417.739845329377,257.089451245046,3.6268384040787
11.4589554994659,179.45402587416,3.17965089859426
65.3501199175333,99.8255230611,4.33848629749825
614.073600939059,212.223723900012,4.21452888662635
244.87857324829,216.903042331945,4.11580027716082
566.132893079779,431.030863946748,3.85898162617562
303.109128042887,136.622332501199,3.85081808531478
527.498375505864,462.557476682752,3.73028088726819
57.9434363436878,418.85636675288,3.89162733083504
194.880981741938,295.993976188911,4.10397578285763
563.27274480058,270.44765740697,3.75361316453526
171.004208356932,41.6428943284973,4.38804238405488
511.583637270875,335.591975032084,4.46426489192672
36.4731121205383,50.6731294026991,3.35013837628359
535.403764463896,147.510732355396,4.53690561410529
NA,NA,NA
658.297492235266,336.940423208498,3.60078045417839
455.796962978503,292.577121933966,3.57522931571709
14.6518249934077,494.230158257804,3.58890970141726
558.730092280768,48.677943221282,4.13450379729338
72.5086746885704,377.726997467274,3.97424762745768
232.39028538018,414.709750883825,3.93393976269804
428.534612208855,11.4646250220864,3.3813553256471
361.839475546894,292.855570796566,2.95118555738711
605.968136800363,108.62646275807,4.23529033039912
390.854577453597,227.158310192082,4.31379567230008
563.898071482029,406.973443362425,4.77606768506734
142.308323110929,282.221897941185,4.55686234088552
203.698703264503,370.734546060367,3.97274992003629
122.090126596902,411.640933361898,3.4054030045531
622.90734736949,309.590618800726,4.6541650442006
1.18976924521174,146.363127726177,4.22935572628267
546.408061349233,204.17287945933,4.14678937553305
31.4339248931001,494.150692543582,2.94876712512064
276.579168379596,24.1740858130578,3.88972586738022
533.51772861639,394.232722184569,3.44101689794514
73.6886307774065,80.9832571908997,5.29811068577434
3.81664614702398,76.7288660703452,3.65023509311402
588.507175000275,226.725730870533,4.0898549463264
434.108293147736,463.358367938628,4.75342380947728
661.328341095912,374.926549730089,3.00939159185428
107.572359346516,489.196124516892,4.30434949076583
624.157113738486,91.004042905038,4.05976041432652
417.739845329377,257.089451245046,3.6268384040787
11.4589554994659,179.45402587416,3.17965089859426
65.3501199175333,99.8255230611,4.33848629749825
614.073600939059,212.223723900012,4.21452888662635
244.87857324829,216.903042331945,4.11580027716082
566.132893079779,431.030863946748,3.85898162617562
303.109128042887,136.622332501199,3.85081808531478
527.498375505864,462.557476682752,3.73028088726819
57.9434363436878,418.85636675288,3.89162733083504
194.880981741938,295.993976188911,4.10397578285763
563.27274480058,270.44765740697,3.75361316453526
171.004208356932,41.6428943284973,4.38804238405488
511.583637270875,335.591975032084,4.46426489192672
36.4731121205383,50.6731294026991,3.35013837628359
535.403764463896,147.510732355396,4.53690561410529
NA,NA,NA
658.297492235266,336.940423208498,3.60078045417839
455.796962978503,292.577121933966,3.57522931571709
14.6518249934077,494.230158257804,3.58890970141726
558.730092280768,48.677943221282,4.13450379729338
72.5086746885704,377.726997467274,3.97424762745768
232.39028538018,414.709750883825,3.93393976269804
428.534612208855,11.4646250220864,3.3813553256471
361.839475546894,292.855570796566,2.95118555738711
605.968136800363,108.62646275807,4.23529033039912
390.854577453597,227.158310192082,4.31379567230008
563.898071482029,406.973443362425,4.77606768506734
142.308323110929,282.221897941185,4.55686234088552
203.698703264503,370.734546060367,3.97274992003629
122.090126596902,411.640933361898,3.4054030045531
622.90734736949,309.590618800726,4.6541650442006
1.18976924521174,146.363127726177,4.22935572628267
546.408061349233,204.17287945933,4.14678937553305
31.4339248931001,494.150692543582,2.94876712512064
276.579168379596,24.1740858130578,3.88972586738022
533.51772861639,394.232722184569,3.44101689794514
73.6886307774065,80.9832571908997,5.29811068577434
3.81664614702398,76.7288660703452,3.65023509311402
588.507175000275,226.725730870533,4.0898549463264
434.108293147736,463.358367938628,4.75342380947728
661.328341095912,374.926549730089,3.00939159185428
107.572359346516,489.196124516892,4.30434949076583
624.157113738486,91.004042905038,4.05976041432652
417.739845329377,257.089451245046,3.6268384040787
11.4589554994659,179.45402587416,3.17965089859426
65.3501199175333,99.8255230611,4.33848629749825
614.073600939059,212.223723900012,4.21452888662635
244.87857324829,216.903042331945,4.11580027716082
566.132893079779,431.030863946748,3.85898162617562
303.109128042887,136.622332501199,3.85081808531478
527.498375505864,462.557476682752,3.73028088726819
57.9434363436878,418.85636675288,3.89162733083504
194.880981741938,295.993976188911,4.10397578285763
563.27274480058,270.44765740697,3.75361316453526
171.004208356932,41.6428943284973,4.38804238405488
511.583637270875,335.591975032084,4.46426489192672
36.4731121205383,50.6731294026991,3.35013837628359
535.403764463896,147.510732355396,4.53690561410529
NA,NA,NA
658.297492235266,336.940423208498,3.60078045417839
455.796962978503,292.577121933966,3.57522931571709
14.6518249934077,494.230158257804,3.58890970141726
558.730092280768,48.677943221282,4.13450379729338
72.5086746885704,377.726997467274,3.97424762745768
232.39028538018,414.709750883825,3.93393976269804
428.534612208855,11.4646250220864,3.3813553256471
361.839475546894,292.855570796566,2.95118555738711
605.968136800363,108.62646275807,4.23529033039912
390.854577453597,227.158310192082,4.31379567230008
563.898071482029,406.973443362425,4.77606768506734
142.308323110929,282.221897941185,4.55686234088552
203.698703264503,370.734546060367,3.97274992003629
122.090126596902,411.640933361898,3.4054030045531
622.90734736949,309.590618800726,4.6541650442006
1.18976924521174,146.363127726177,4.22935572628267
546.408061349233,204.17287945933,4.14678937553305
31.4339248931001,494.150692543582,2.94876712512064
276.579168379596,24.1740858130578,3.88972586738022
533.51772861639,394.232722184569,3.44101689794514
73.6886307774065,80.9832571908997,5.29811068577434
3.81664614702398,76.7288660703452,3.65023509311402
588.507175000275,226.725730870533,4.0898549463264
434.108293147736,463.358367938628,4.75342380947728
661.328341095912,374.926549730089,3.00939159185428
107.572359346516,489.196124516892,4.30434949076583
624.157113738486,91.004042905038,4.05976041432652
417.739845329377,257.089451245046,3.6268384040787
11.4589554994659,179.45402587416,3.17965089859426
65.3501199175333,99.8255230611,4.33848629749825
614.073600939059,212.223723900012,4.21452888662635
244.87857324829,216.903042331945,4.11580027716082
566.132893079779,431.030863946748,3.85898162617562
303.109128042887,136.622332501199,3.85081808531478
527.498375505864,462.557476682752,3.73028088726819
57.9434363436878,418.85636675288,3.89162733083504
194.880981741938,295.993976188911,4.10397578285763
563.27274480058,270.44765740697,3.75361316453526
171.004208356932,41.6428943284973,4.38804238405488
511.583637270875,335.591975032084,4.46426489192672
36.4731121205383,50.6731294026991,3.35013837628359
535.403764463896,147.510732355396,4.53690561410529
NA,NA,NA
658.297492235266,336.940423208498,3.60078045417839
455.796962978503,292.577121933966,3.57522931571709
14.6518249934077,494.230158257804,3.58890970141726
558.730092280768,48.677943221282,4.13450379729338
72.5086746885704,377.726997467274,3.97424762745768
232.39028538018,414.709750883825,3.93393976269804
428.534612208855,11.4646250220864,3.3813553256471
361.839475546894,292.855570796566,2.95118555738711
605.968136800363,108.62646275807,4.23529033039912
390.854577453597,227.158310192082,4.31379567230008
563.898071482029,406.973443362425,4.77606768506734
142.308323110929,282.221897941185,4.55686234088552
203.698703264503,370.734546060367,3.97274992003629
122.090126596902,411.640933361898,3.4054030045531
622.90734736949,309.590618800726,4.6541650442006
1.18976924521174,146.363127726177,4.22935572628267
546.408061349233,204.17287945933,4.14678937553305
31.4339248931001,494.150692543582,2.94876712512064
276.579168379596,24.1740858130578,3.88972586738022
533.51772861639,394.232722184569,3.44101689794514
73.6886307774065,80.9832571908997,5.29811068577434
3.81664614702398,76.7288660703452,3.65023509311402
588.507175000275,226.725730870533,4.0898549463264
434.108293147736,463.358367938628,4.75342380947728
661.328341095912,374.926549730089,3.00939159185428
107.572359346516,489.196124516892,4.30434949076583
624.157113738486,91.004042905038,4.05976041432652
417.739845329377,257.089451245046,3.6268384040787
11.4589554994659,179.45402587416,3.17965089859426
65.3501199175333,99.8255230611,4.33848629749825
614.073600939059,212.223723900012,4.21452888662635
244.87857324829,216.903042331945,4.11580027716082
566.132893079779,431.030863946748,3.85898162617562
303.109128042887,136.622332501199,3.85081808531478
527.498375505864,462.557476682752,3.73028088726819
57.9434363436878,418.85636675288,3.89162733083504
194.880981741938,295.993976188911,4.10397578285763
563.27274480058,270.44765740697,3.75361316453526
171.004208356932,41.6428943284973,4.38804238405488
511.583637270875,335.591975032084,4.46426489192672
36.4731121205383,50.6731294026991,3.35013837628359
535.403764463896,147.510732355396,4.53690561410529
NA,NA,NA
662.655159319586,337.792346680127,3.51584081753743
456.242412843143,296.110972195028,3.74179790774216
5.35499863612114,489.829055730581,3.67674411087164
566.039016001213,48.8721504502603,4.21868665452338
74.6916390569937,371.240653223543,4.16813412698735
222.679081820132,411.734561973272,3.9356592033506
425.729398680581,10.6463343741244,3.48773949348363
363.076897932759,291.521716988495,3.08152804379529
600.599677473064,106.029726884562,4.15792660592973
396.274225461986,231.159893625548,4.18870080574547
567.396738015846,408.763764310921,4.73202652224649
144.457553971631,284.930831043696,4.5682880720395
195.77785929499,366.45822295102,3.99903977675043
124.637902940357,411.418503239344,3.67984493293935
629.323768666411,317.525847889315,4.60128679201586
-0.0699168944062645,152.220159868928,4.32398309810696
541.585055263858,202.912218207372,4.17742472115716
32.9066225991076,490.071090602962,2.94145548909553
274.987952412133,26.2225401032688,3.9546070925902
536.076663905773,389.954126820978,3.47846588769694
78.2846642883049,84.9753621758421,5.29156231351321
4.73439014514095,71.8943358053686,3.44497505421196
590.217130577706,229.109268054707,4.02684474609652
432.706957012353,462.058497008464,4.8446775971297
659.980392107864,373.216124956928,2.94446049562673
104.285386262886,487.391980567667,4.40180711597065
621.641929116647,92.6213571204881,4.11677554414128
420.663203183927,258.635821777875,3.59339657578981
11.1325307400487,180.640847976088,3.51036497651514
64.0445325283497,112.807723418415,4.48069620213294
605.364570205039,193.301244770583,3.81859927122961
257.01363734537,220.270206049085,4.06690260961135
567.979788080677,430.545961995105,3.73812623799136
302.235726288601,136.357807231769,3.54100003531064
523.365010072686,452.872897725564,3.74470542639981
38.4825222751537,409.459017896764,4.05839570609486
200.755140528725,288.115101938212,4.12475001876453
552.218324626798,256.815399372412,3.41971561539337
169.713430853339,21.9743119301388,4.28425671731836
501.65611170653,332.078485023632,4.25785075885729
38.0412074426397,48.6987352378329,3.95746720551161
534.492635815274,157.881081848541,4.85946320519756
NA,NA,NA
662.655159319586,337.792346680127,3.51584081753743
456.242412843143,296.110972195028,3.74179790774216
5.35499863612114,489.829055730581,3.67674411087164
566.039016001213,48.8721504502603,4.21868665452338
74.6916390569937,371.240653223543,4.16813412698735
222.679081820132,411.734561973272,3.9356592033506
425.729398680581,10.6463343741244,3.48773949348363
363.076897932759,291.521716988495,3.08152804379529
600.599677473064,106.029726884562,4.15792660592973
396.274225461986,231.159893625548,4.18870080574547
567.396738015846,408.763764310921,4.73202652224649
144.457553971631,284.930831043696,4.5682880720395
195.77785929499,366.45822295102,3.99903977675043
124.637902940357,411.418503239344,3.67984493293935
629.323768666411,317.525847889315,4.60128679201586
-0.0699168944062645,152.220159868928,4.32398309810696
541.585055263858,202.912218207372,4.17742472115716
32.9066225991076,490.071090602962,2.94145548909553
274.987952412133,26.2225401032688,3.9546070925902
536.076663905773,389.954126820978,3.47846588769694
78.2846642883049,84.9753621758421,5.29156231351321
4.73439014514095,71.8943358053686,3.44497505421196
590.217130577706,229.109268054707,4.02684474609652
432.706957012353,462.058497008464,4.8446775971297
659.980392107864,373.216124956928,2.94446049562673
104.285386262886,487.391980567667,4.40180711597065
621.641929116647,92.6213571204881,4.11677554414128
420.663203183927,258.635821777875,3.59339657578981
11.1325307400487,180.640847976088,3.51036497651514
64.0445325283497,112.807723418415,4.48069620213294
605.364570205039,193.301244770583,3.81859927122961
257.01363734537,220.270206049085,4.06690260961135
567.979788080677,430.545961995105,3.73812623799136
302.235726288601,136.357807231769,3.54100003531064
523.365010072686,452.872897725564,3.74470542639981
38.4825222751537,409.459017896764,4.05839570609486
200.755140528725,288.115101938212,4.12475001876453
552.218324626798,256.815399372412,3.41971561539337
169.713430853339,21.9743119301388,4.28425671731836
501.65611170653,332.078485023632,4.25785075885729
38.0412074426397,48.6987352378329,3.95746720551161
534.492635815274,157.881081848541,4.85946320519756
NA,NA,NA
662.655159319586,337.792346680127,3.51584081753743
456.242412843143,296.110972195028,3.74179790774216
5.35499863612114,489.829055730581,3.67674411087164
566.039016001213,48.8721504502603,4.21868665452338
74.6916390569937,371.240653223543,4.16813412698735
222.679081820132,411.734561973272,3.9356592033506
425.729398680581,10.6463343741244,3.48773949348363
363.076897932759,291.521716988495,3.08152804379529
600.599677473064,106.029726884562,4.15792660592973
396.274225461986,231.159893625548,4.18870080574547
567.396738015846,408.763764310921,4.73202652224649
144.457553971631,284.930831043696,4.5682880720395
195.77785929499,366.45822295102,3.99903977675043
124.637902940357,411.418503239344,3.67984493293935
629.323768666411,317.525847889315,4.60128679201586
-0.0699168944062645,152.220159868928,4.32398309810696
541.585055263858,202.912218207372,4.17742472115716
32.9066225991076,490.071090602962,2.94145548909553
274.987952412133,26.2225401032688,3.9546070925902
536.076663905773,389.954126820978,3.47846588769694
78.2846642883049,84.9753621758421,5.29156231351321
4.73439014514095,71.8943358053686,3.44497505421196
590.217130577706,229.109268054707,4.02684474609652
432.706957012353,462.058497008464,4.8446775971297
659.980392107864,373.216124956928,2.94446049562673
104.285386262886,487.391980567667,4.40180711597065
621.641929116647,92.6213571204881,4.11677554414128
420.663203183927,258.635821777875,3.59339657578981
11.1325307400487,180.640847976088,3.51036497651514
64.0445325283497,112.807723418415,4.48069620213294
605.364570205039,193.301244770583,3.81859927122961
257.01363734537,220.270206049085,4.06690260961135
567.979788080677,430.545961995105,3.73812623799136
302.235726288601,136.357807231769,3.54100003531064
523.365010072686,452.872897725564,3.74470542639981
38.4825222751537,409.459017896764,4.05839570609486
200.755140528725,288.115101938212,4.12475001876453
552.218324626798,256.815399372412,3.41971561539337
169.713430853339,21.9743119301388,4.28425671731836
501.65611170653,332.078485023632,4.25785075885729
38.0412074426397,48.6987352378329,3.95746720551161
534.492635815274,157.881081848541,4.85946320519756
NA,NA,NA
662.655159319586,337.792346680127,3.51584081753743
456.242412843143,296.110972195028,3.74179790774216
5.35499863612114,489.829055730581,3.67674411087164
566.039016001213,48.8721504502603,4.21868665452338
74.6916390569937,371.240653223543,4.16813412698735
222.679081820132,411.734561973272,3.9356592033506
425.729398680581,10.6463343741244,3.48773949348363
363.076897932759,291.521716988495,3.08152804379529
600.599677473064,106.029726884562,4.15792660592973
396.274225461986,231.159893625548,4.18870080574547
567.396738015846,408.763764310921,4.73202652224649
144.457553971631,284.930831043696,4.5682880720395
195.77785929499,366.45822295102,3.99903977675043
124.637902940357,411.418503239344,3.67984493293935
629.323768666411,317.525847889315,4.60128679201586
-0.0699168944062645,152.220159868928,4.32398309810696
541.585055263858,202.912218207372,4.17742472115716
32.9066225991076,490.071090602962,2.94145548909553
274.987952412133,26.2225401032688,3.9546070925902
536.076663905773,389.954126820978,3.47846588769694
78.2846642883049,84.9753621758421,5.29156231351321
4.73439014514095,71.8943358053686,3.44497505421196
590.217130577706,229.109268054707,4.02684474609652
432.706957012353,462.058497008464,4.8446775971297
659.980392107864,373.216124956928,2.94446049562673
104.285386262886,487.391980567667,4.40180711597065
621.641929116647,92.6213571204881,4.11677554414128
420.663203183927,258.635821777875,3.59339657578981
11.1325307400487,180.640847976088,3.51036497651514
64.0445325283497,112.807723418415,4.48069620213294
605.364570205039,193.301244770583,3.81859927122961
257.01363734537,220.270206049085,4.06690260961135
567.979788080677,430.545961995105,3.73812623799136
302.235726288601,136.357807231769,3.54100003531064
523.365010072686,452.872897725564,3.74470542639981
38.4825222751537,409.459017896764,4.05839570609486
200.755140528725,288.115101938212,4.12475001876453
552.218324626798,256.815399372412,3.41971561539337
169.713430853339,21.9743119301388,4.28425671731836
501.65611170653,332.078485023632,4.25785075885729
38.0412074426397,48.6987352378329,3.95746720551161
534.492635815274,157.881081848541,4.85946320519756
NA,NA,NA
662.655159319586,337.792346680127,3.51584081753743
456.242412843143,296.110972195028,3.74179790774216
5.35499863612114,489.829055730581,3.67674411087164
566.039016001213,48.8721504502603,4.21868665452338
74.6916390569937,371.240653223543,4.16813412698735
222.679081820132,411.734561973272,3.9356592033506
425.729398680581,10.6463343741244,3.48773949348363
363.076897932759,291.521716988495,3.08152804379529
600.599677473064,106.029726884562,4.15792660592973
396.274225461986,231.159893625548,4.18870080574547
567.396738015846,408.763764310921,4.73202652224649
144.457553971631,284.930831043696,4.5682880720395
195.77785929499,366.45822295102,3.99903977675043
124.637902940357,411.418503239344,3.67984493293935
629.323768666411,317.525847889315,4.60128679201586
-0.0699168944062645,152.220159868928,4.32398309810696
541.585055263858,202.912218207372,4.17742472115716
32.9066225991076,490.071090602962,2.94145548909553
274.987952412133,26.2225401032688,3.9546070925902
536.076663905773,389.954126820978,3.47846588769694
78.2846642883049,84.9753621758421,5.29156231351321
4.73439014514095,71.8943358053686,3.44497505421196
590.217130577706,229.109268054707,4.02684474609652
432.706957012353,462.058497008464,4.8446775971297
659.980392107864,373.216124956928,2.94446049562673
104.285386262886,487.391980567667,4.40180711597065
621.641929116647,92.6213571204881,4.11677554414128
420.663203183927,258.635821777875,3.59339657578981
11.1325307400487,180.640847976088,3.51036497651514
64.0445325283497,112.807723418415,4.48069620213294
605.364570205039,193.301244770583,3.81859927122961
257.01363734537,220.270206049085,4.06690260961135
567.979788080677,430.545961995105,3.73812623799136
302.235726288601,136.357807231769,3.54100003531064
523.365010072686,452.872897725564,3.74470542639981
38.4825222751537,409.459017896764,4.05839570609486
200.755140528725,288.115101938212,4.12475001876453
552.218324626798,256.815399372412,3.41971561539337
169.713430853339,21.9743119301388,4.28425671731836
501.65611170653,332.078485023632,4.25785075885729
38.0412074426397,48.6987352378329,3.95746720551161
534.492635815274,157.881081848541,4.85946320519756
NA,NA,NA
662.655159319586,337.792346680127,3.51584081753743
456.242412843143,296.110972195028,3.74179790774216
5.35499863612114,489.829055730581,3.67674411087164
566.039016001213,48.8721504502603,4.21868665452338
74.6916390569937,371.240653223543,4.16813412698735
222.679081820132,411.734561973272,3.9356592033506
425.729398680581,10.6463343741244,3.48773949348363
363.076897932759,291.521716988495,3.08152804379529
600.599677473064,106.029726884562,4.15792660592973
396.274225461986,231.159893625548,4.18870080574547
567.396738015846,408.763764310921,4.73202652224649
144.457553971631,284.930831043696,4.5682880720395
195.77785929499,366.45822295102,3.99903977675043
124.637902940357,411.418503239344,3.67984493293935
629.323768666411,317.525847889315,4.60128679201586
-0.0699168944062645,152.220159868928,4.32398309810696
541.585055263858,202.912218207372,4.17742472115716
32.9066225991076,490.071090602962,2.94145548909553
274.987952412133,26.2225401032688,3.9546070925902
536.076663905773,389.954126820978,3.47846588769694
78.2846642883049,84.9753621758421,5.29156231351321
4.73439014514095,71.8943358053686,3.44497505421196
590.217130577706,229.109268054707,4.02684474609652
432.706957012353,462.058497008464,4.8446775971297
659.980392107864,373.216124956928,2.94446049562673
104.285386262886,487.391980567667,4.40180711597065
621.641929116647,92.6213571204881,4.11677554414128
420.663203183927,258.635821777875,3.59339657578981
11.1325307400487,180.640847976088,3.51036497651514
64.0445325283497,112.807723418415,4.48069620213294
605.364570205039,193.301244770583,3.81859927122961
257.01363734537,220.270206049085,4.06690260961135
567.979788080677,430.545961995105,3.73812623799136
302.235726288601,136.357807231769,3.54100003531064
523.365010072686,452.872897725564,3.74470542639981
38.4825222751537,409.459017896764,4.05839570609486
200.755140528725,288.115101938212,4.12475001876453
552.218324626798,256.815399372412,3.41971561539337
169.713430853339,21.9743119301388,4.28425671731836
501.65611170653,332.078485023632,4.25785075885729
38.0412074426397,48.6987352378329,3.95746720551161
534.492635815274,157.881081848541,4.85946320519756
NA,NA,NA
659.872145182806,332.006806568262,3.58192105560922
453.382728879109,295.146123554163,3.72550537145929
11.1085840998395,494.888593767719,3.54931430808501
565.239940753891,48.9157842266544,4.22814062136417
68.8050433842134,375.098013681754,3.85980719273682
228.916394762552,410.600345940604,3.92676922040508
429.463988664756,12.4411832355063,3.32199243877119
362.819429025711,291.200743649747,3.0635448850032
603.938068663046,106.457971228239,4.19373978969926
390.702295191647,227.550554300306,4.11673048977173
569.308658736459,404.010275284575,4.72485418191834
143.071773276123,278.937921242039,4.70959114669349
197.147476339038,368.017598846041,3.92500814259362
122.637565864822,410.387299077686,3.35095293937709
630.448573306835,314.322835018554,4.6127853920466
5.75163718826795,147.265698607014,4.27266990910873
536.505630445403,205.843213029651,4.18353085211923
32.659757158839,490.464170882743,3.06212062604612
273.253578007657,24.9787963799,3.81921184388555
533.582089610823,390.96442203877,3.40089133376515
67.3225246712556,78.961536957232,5.2971255239871
6.19213021615167,76.6105208333787,3.43477260541246
586.306471258305,226.447510765623,4.1611132147204
446.347203019638,459.096247838897,4.80211674828037
657.496032585857,372.077252907933,2.99155669273177
102.401482194018,490.955161240475,4.34391045234186
623.851313930788,90.9254356023632,4.05792601126545
419.088477553918,260.66260848937,3.68710649703734
13.0631677484711,181.717998231532,3.14372677953917
58.9606914152531,112.248957011743,4.366770451816
621.327857228989,191.499604585893,4.34081957303469
245.759066595114,221.499360594364,3.9342777925318
571.663166736128,439.782304885191,3.76751851413929
301.88764653106,137.464943080451,3.77483885667487
524.840216762159,454.379713003577,3.61401331271191
51.6631856601641,416.347224103944,4.14941817663402
195.561372665611,286.638702782922,4.15874464169984
551.187434370059,268.549576321066,3.80514216455917
178.713470058151,22.5893409723607,4.01030026850144
504.405164680274,348.891642301283,4.60812276930043
27.6543292548883,58.3717509605864,3.42686250806954
548.603609478185,146.324265782275,4.98818427332002
NA,NA,NA
659.872145182806,332.006806568262,3.58192105560922
453.382728879109,295.146123554163,3.72550537145929
11.1085840998395,494.888593767719,3.54931430808501
565.239940753891,48.9157842266544,4.22814062136417
68.8050433842134,375.098013681754,3.85980719273682
228.916394762552,410.600345940604,3.92676922040508
429.463988664756,12.4411832355063,3.32199243877119
362.819429025711,291.200743649747,3.0635448850032
603.938068663046,106.457971228239,4.19373978969926
390.702295191647,227.550554300306,4.11673048977173
569.308658736459,404.010275284575,4.72485418191834
143.071773276123,278.937921242039,4.70959114669349
197.147476339038,368.017598846041,3.92500814259362
122.637565864822,410.387299077686,3.35095293937709
630.448573306835,314.322835018554,4.6127853920466
5.75163718826795,147.265698607014,4.27266990910873
536.505630445403,205.843213029651,4.18353085211923
32.659757158839,490.464170882743,3.06212062604612
273.253578007657,24.9787963799,3.81921184388555
533.582089610823,390.96442203877,3.40089133376515
67.3225246712556,78.961536957232,5.2971255239871
6.19213021615167,76.6105208333787,3.43477260541246
586.306471258305,226.447510765623,4.1611132147204
446.347203019638,459.096247838897,4.80211674828037
657.496032585857,372.077252907933,2.99155669273177
102.401482194018,490.955161240475,4.34391045234186
623.851313930788,90.9254356023632,4.05792601126545
419.088477553918,260.66260848937,3.68710649703734
13.0631677484711,181.717998231532,3.14372677953917
58.9606914152531,112.248957011743,4.366770451816
621.327857228989,191.499604585893,4.34081957303469
245.759066595114,221.499360594364,3.9342777925318
571.663166736128,439.782304885191,3.76751851413929
301.88764653106,137.464943080451,3.77483885667487
524.840216762159,454.379713003577,3.61401331271191
51.6631856601641,416.347224103944,4.14941817663402
195.561372665611,286.638702782922,4.15874464169984
551.187434370059,268.549576321066,3.80514216455917
178.713470058151,22.5893409723607,4.01030026850144
504.405164680274,348.891642301283,4.60812276930043
27.6543292548883,58.3717509605864,3.42686250806954
548.603609478185,146.324265782275,4.98818427332002
NA,NA,NA
659.872145182806,332.006806568262,3.58192105560922
453.382728879109,295.146123554163,3.72550537145929
11.1085840998395,494.888593767719,3.54931430808501
565.239940753891,48.9157842266544,4.22814062136417
68.8050433842134,375.098013681754,3.85980719273682
228.916394762552,410.600345940604,3.92676922040508
429.463988664756,12.4411832355063,3.32199243877119
362.819429025711,291.200743649747,3.0635448850032
603.938068663046,106.457971228239,4.19373978969926
390.702295191647,227.550554300306,4.11673048977173
569.308658736459,404.010275284575,4.72485418191834
143.071773276123,278.937921242039,4.70959114669349
197.147476339038,368.017598846041,3.92500814259362
122.637565864822,410.387299077686,3.35095293937709
630.448573306835,314.322835018554,4.6127853920466
5.75163718826795,147.265698607014,4.27266990910873
536.505630445403,205.843213029651,4.18353085211923
32.659757158839,490.464170882743,3.06212062604612
273.253578007657,24.9787963799,3.81921184388555
533.582089610823,390.96442203877,3.40089133376515
67.3225246712556,78.961536957232,5.2971255239871
6.19213021615167,76.6105208333787,3.43477260541246
586.306471258305,226.447510765623,4.1611132147204
446.347203019638,459.096247838897,4.80211674828037
657.496032585857,372.077252907933,2.99155669273177
102.401482194018,490.955161240475,4.34391045234186
623.851313930788,90.9254356023632,4.05792601126545
419.088477553918,260.66260848937,3.68710649703734
13.0631677484711,181.717998231532,3.14372677953917
58.9606914152531,112.248957011743,4.366770451816
621.327857228989,191.499604585893,4.34081957303469
245.759066595114,221.499360594364,3.9342777925318
571.663166736128,439.782304885191,3.76751851413929
301.88764653106,137.464943080451,3.77483885667487
524.840216762159,454.379713003577,3.61401331271191
51.6631856601641,416.347224103944,4.14941817663402
195.561372665611,286.638702782922,4.15874464169984
551.187434370059,268.549576321066,3.80514216455917
178.713470058151,22.5893409723607,4.01030026850144
504.405164680274,348.891642301283,4.60812276930043
27.6543292548883,58.3717509605864,3.42686250806954
548.603609478185,146.324265782275,4.98818427332002
NA,NA,NA
659.872145182806,332.006806568262,3.58192105560922
453.382728879109,295.146123554163,3.72550537145929
11.1085840998395,494.888593767719,3.54931430808501
565.239940753891,48.9157842266544,4.22814062136417
68.8050433842134,375.098013681754,3.85980719273682
228.916394762552,410.600345940604,3.92676922040508
429.463988664756,12.4411832355063,3.32199243877119
362.819429025711,291.200743649747,3.0635448850032
603.938068663046,106.457971228239,4.19373978969926
390.702295191647,227.550554300306,4.11673048977173
569.308658736459,404.010275284575,4.72485418191834
143.071773276123,278.937921242039,4.70959114669349
197.147476339038,368.017598846041,3.92500814259362
122.637565864822,410.387299077686,3.35095293937709
630.448573306835,314.322835018554,4.6127853920466
5.75163718826795,147.265698607014,4.27266990910873
536.505630445403,205.843213029651,4.18353085211923
32.659757158839,490.464170882743,3.06212062604612
273.253578007657,24.9787963799,3.81921184388555
533.582089610823,390.96442203877,3.40089133376515
67.3225246712556,78.961536957232,5.2971255239871
6.19213021615167,76.6105208333787,3.43477260541246
586.306471258305,226.447510765623,4.1611132147204
446.347203019638,459.096247838897,4.80211674828037
657.496032585857,372.077252907933,2.99155669273177
102.401482194018,490.955161240475,4.34391045234186
623.851313930788,90.9254356023632,4.05792601126545
419.088477553918,260.66260848937,3.68710649703734
13.0631677484711,181.717998231532,3.14372677953917
58.9606914152531,112.248957011743,4.366770451816
621.327857228989,191.499604585893,4.34081957303469
245.759066595114,221.499360594364,3.9342777925318
571.663166736128,439.782304885191,3.76751851413929
301.88764653106,137.464943080451,3.77483885667487
524.840216762159,454.379713003577,3.61401331271191
51.6631856601641,416.347224103944,4.14941817663402
195.561372665611,286.638702782922,4.15874464169984
551.187434370059,268.549576321066,3.80514216455917
178.713470058151,22.5893409723607,4.01030026850144
504.405164680274,348.891642301283,4.60812276930043
27.6543292548883,58.3717509605864,3.42686250806954
548.603609478185,146.324265782275,4.98818427332002
NA,NA,NA
659.872145182806,332.006806568262,3.58192105560922
453.382728879109,295.146123554163,3.72550537145929
11.1085840998395,494.888593767719,3.54931430808501
565.239940753891,48.9157842266544,4.22814062136417
68.8050433842134,375.098013681754,3.85980719273682
228.916394762552,410.600345940604,3.92676922040508
429.463988664756,12.4411832355063,3.32199243877119
362.819429025711,291.200743649747,3.0635448850032
603.938068663046,106.457971228239,4.19373978969926
390.702295191647,227.550554300306,4.11673048977173
569.308658736459,404.010275284575,4.72485418191834
143.071773276123,278.937921242039,4.70959114669349
197.147476339038,368.017598846041,3.92500814259362
122.637565864822,410.387299077686,3.35095293937709
630.448573306835,314.322835018554,4.6127853920466
5.75163718826795,147.265698607014,4.27266990910873
536.505630445403,205.843213029651,4.18353085211923
32.659757158839,490.464170882743,3.06212062604612
273.253578007657,24.9787963799,3.81921184388555
533.582089610823,390.96442203877,3.40089133376515
67.3225246712556,78.961536957232,5.2971255239871
6.19213021615167,76.6105208333787,3.43477260541246
586.306471258305,226.447510765623,4.1611132147204
446.347203019638,459.096247838897,4.80211674828037
657.496032585857,372.077252907933,2.99155669273177
102.401482194018,490.955161240475,4.34391045234186
623.851313930788,90.9254356023632,4.05792601126545
419.088477553918,260.66260848937,3.68710649703734
13.0631677484711,181.717998231532,3.14372677953917
58.9606914152531,112.248957011743,4.366770451816
621.327857228989,191.499604585893,4.34081957303469
245.759066595114,221.499360594364,3.9342777925318
571.663166736128,439.782304885191,3.76751851413929
301.88764653106,137.464943080451,3.77483885667487
524.840216762159,454.379713003577,3.61401331271191
51.6631856601641,416.347224103944,4.14941817663402
195.561372665611,286.638702782922,4.15874464169984
551.187434370059,268.549576321066,3.80514216455917
178.713470058151,22.5893409723607,4.01030026850144
504.405164680274,348.891642301283,4.60812276930043
27.6543292548883,58.3717509605864,3.42686250806954
548.603609478185,146.324265782275,4.98818427332002
NA,NA,NA
659.872145182806,332.006806568262,3.58192105560922
453.382728879109,295.146123554163,3.72550537145929
11.1085840998395,494.888593767719,3.54931430808501
565.239940753891,48.9157842266544,4.22814062136417
68.8050433842134,375.098013681754,3.85980719273682
228.916394762552,410.600345940604,3.92676922040508
429.463988664756,12.4411832355063,3.32199243877119
362.819429025711,291.200743649747,3.0635448850032
603.938068663046,106.457971228239,4.19373978969926
390.702295191647,227.550554300306,4.11673048977173
569.308658736459,404.010275284575,4.72485418191834
143.071773276123,278.937921242039,4.70959114669349
197.147476339038,368.017598846041,3.92500814259362
122.637565864822,410.387299077686,3.35095293937709
630.448573306835,314.322835018554,4.6127853920466
5.75163718826795,147.265698607014,4.27266990910873
536.505630445403,205.843213029651,4.18353085211923
32.659757158839,490.464170882743,3.06212062604612
273.253578007657,24.9787963799,3.81921184388555
533.582089610823,390.96442203877,3.40089133376515
67.3225246712556,78.961536957232,5.2971255239871
6.19213021615167,76.6105208333787,3.43477260541246
586.306471258305,226.447510765623,4.1611132147204
446.347203019638,459.096247838897,4.80211674828037
657.496032585857,372.077252907933,2.99155669273177
102.401482194018,490.955161240475,4.34391045234186
623.851313930788,90.9254356023632,4.05792601126545
419.088477553918,260.66260848937,3.68710649703734
13.0631677484711,181.717998231532,3.14372677953917
58.9606914152531,112.248957011743,4.366770451816
621.327857228989,191.499604585893,4.34081957303469
245.759066595114,221.499360594364,3.9342777925318
571.663166736128,439.782304885191,3.76751851413929
301.88764653106,137.464943080451,3.77483885667487
524.840216762159,454.379713003577,3.61401331271191
51.6631856601641,416.347224103944,4.14941817663402
195.561372665611,286.638702782922,4.15874464169984
551.187434370059,268.549576321066,3.80514216455917
178.713470058151,22.5893409723607,4.01030026850144
504.405164680274,348.891642301283,4.60812276930043
27.6543292548883,58.3717509605864,3.42686250806954
548.603609478185,146.324265782275,4.98818427332002
NA,NA,NA
663.437275330888,334.599407173016,3.55857056444055
455.791219108381,300.719860837103,3.5342364802186
11.1712065922464,491.179241493867,3.70807762673464
559.192509453272,50.2837665435601,4.2000433761463
69.0913611408757,374.040346589811,4.00021432333626
229.980695543165,411.183475854046,3.83575217335433
429.936402165342,15.0666299837472,3.40315480358193
360.196488349508,293.434472782047,2.97276488239739
608.071185801065,107.146445804646,4.14414711853125
393.195592964051,227.926214197856,4.30541719712394
569.934191014941,407.334231794473,4.71848872088968
140.873343857602,283.425756871204,4.48725294272614
199.350652863499,365.43267273001,4.00553793939619
127.788783358307,410.254159653749,3.47378307853671
631.972673221568,314.358349504051,4.69058806767593
1.86838278110363,139.634018416606,4.29483433922201
545.020512575408,201.21186451097,4.16720804236915
34.450003012593,492.957817374814,3.1064540299119
274.214813983233,20.4296320810455,3.88337117629727
534.59447177356,394.123587308458,3.3846822414726
83.1662473080943,79.1995664274733,5.44548781378852
3.16912707484793,76.4174356598789,3.54590710469207
589.097463489485,222.98629987036,3.96122906576753
443.348601812744,464.486616168756,4.67495410682538
659.101030880276,373.634813407739,3.07567211899346
107.132832643567,496.924338738744,4.29270481672778
620.790877545722,86.2179117430084,4.06827416088407
414.631297191413,259.639093950767,3.70487117477413
11.8626108648048,181.085307428729,3.23613098805614
74.0955965164302,114.481166926876,4.45470461994371
618.660286363791,198.963246647417,4.35496992847291
259.110684472646,214.278559242329,3.82820987011136
579.495767327608,426.577141591416,3.67085269257588
301.934603778886,134.57397610195,3.84960547881072
539.482627956739,454.174285692607,3.88868371722976
50.2462675610366,422.391180822523,4.0186275796942
196.549497854177,287.410436730805,3.75005363332645
548.830727084272,275.008221441689,3.47448639383686
171.259132801549,12.6779151354307,3.94905564131637
499.947682513579,344.980639727996,4.88049553589177
37.9496218239486,50.886019180997,3.86626739020854
529.49945984896,136.456425281525,4.75023103141338
NA,NA,NA
663.437275330888,334.599407173016,3.55857056444055
455.791219108381,300.719860837103,3.5342364802186
11.1712065922464,491.179241493867,3.70807762673464
559.192509453272,50.2837665435601,4.2000433761463
69.0913611408757,374.040346589811,4.00021432333626
229.980695543165,411.183475854046,3.83575217335433
429.936402165342,15.0666299837472,3.40315480358193
360.196488349508,293.434472782047,2.97276488239739
608.071185801065,107.146445804646,4.14414711853125
393.195592964051,227.926214197856,4.30541719712394
569.934191014941,407.334231794473,4.71848872088968
140.873343857602,283.425756871204,4.48725294272614
199.350652863499,365.43267273001,4.00553793939619
127.788783358307,410.254159653749,3.47378307853671
631.972673221568,314.358349504051,4.69058806767593
1.86838278110363,139.634018416606,4.29483433922201
545.020512575408,201.21186451097,4.16720804236915
34.450003012593,492.957817374814,3.1064540299119
274.214813983233,20.4296320810455,3.88337117629727
534.59447177356,394.123587308458,3.3846822414726
83.1662473080943,79.1995664274733,5.44548781378852
3.16912707484793,76.4174356598789,3.54590710469207
589.097463489485,222.98629987036,3.96122906576753
443.348601812744,464.486616168756,4.67495410682538
659.101030880276,373.634813407739,3.07567211899346
107.132832643567,496.924338738744,4.29270481672778
620.790877545722,86.2179117430084,4.06827416088407
414.631297191413,259.639093950767,3.70487117477413
11.8626108648048,181.085307428729,3.23613098805614
74.0955965164302,114.481166926876,4.45470461994371
618.660286363791,198.963246647417,4.35496992847291
259.110684472646,214.278559242329,3.82820987011136
579.495767327608,426.577141591416,3.67085269257588
301.934603778886,134.57397610195,3.84960547881072
539.482627956739,454.174285692607,3.88868371722976
50.2462675610366,422.391180822523,4.0186275796942
196.549497854177,287.410436730805,3.75005363332645
548.830727084272,275.008221441689,3.47448639383686
171.259132801549,12.6779151354307,3.94905564131637
499.947682513579,344.980639727996,4.88049553589177
37.9496218239486,50.886019180997,3.86626739020854
529.49945984896,136.456425281525,4.75023103141338
NA,NA,NA
663.437275330888,334.599407173016,3.55857056444055
455.791219108381,300.719860837103,3.5342364802186
11.1712065922464,491.179241493867,3.70807762673464
559.192509453272,50.2837665435601,4.2000433761463
69.0913611408757,374.040346589811,4.00021432333626
229.980695543165,411.183475854046,3.83575217335433
429.936402165342,15.0666299837472,3.40315480358193
360.196488349508,293.434472782047,2.97276488239739
608.071185801065,107.146445804646,4.14414711853125
393.195592964051,227.926214197856,4.30541719712394
569.934191014941,407.334231794473,4.71848872088968
140.873343857602,283.425756871204,4.48725294272614
199.350652863499,365.43267273001,4.00553793939619
127.788783358307,410.254159653749,3.47378307853671
631.972673221568,314.358349504051,4.69058806767593
1.86838278110363,139.634018416606,4.29483433922201
545.020512575408,201.21186451097,4.16720804236915
34.450003012593,492.957817374814,3.1064540299119
274.214813983233,20.4296320810455,3.88337117629727
534.59447177356,394.123587308458,3.3846822414726
83.1662473080943,79.1995664274733,5.44548781378852
3.16912707484793,76.4174356598789,3.54590710469207
589.097463489485,222.98629987036,3.96122906576753
443.348601812744,464.486616168756,4.67495410682538
659.101030880276,373.634813407739,3.07567211899346
107.132832643567,496.924338738744,4.29270481672778
620.790877545722,86.2179117430084,4.06827416088407
414.631297191413,259.639093950767,3.70487117477413
11.8626108648048,181.085307428729,3.23613098805614
74.0955965164302,114.481166926876,4.45470461994371
618.660286363791,198.963246647417,4.35496992847291
259.110684472646,214.278559242329,3.82820987011136
579.495767327608,426.577141591416,3.67085269257588
301.934603778886,134.57397610195,3.84960547881072
539.482627956739,454.174285692607,3.88868371722976
50.2462675610366,422.391180822523,4.0186275796942
196.549497854177,287.410436730805,3.75005363332645
548.830727084272,275.008221441689,3.47448639383686
171.259132801549,12.6779151354307,3.94905564131637
499.947682513579,344.980639727996,4.88049553589177
37.9496218239486,50.886019180997,3.86626739020854
529.49945984896,136.456425281525,4.75023103141338
NA,NA,NA
663.437275330888,334.599407173016,3.55857056444055
455.791219108381,300.719860837103,3.5342364802186
11.1712065922464,491.179241493867,3.70807762673464
559.192509453272,50.2837665435601,4.2000433761463
69.0913611408757,374.040346589811,4.00021432333626
229.980695543165,411.183475854046,3.83575217335433
429.936402165342,15.0666299837472,3.40315480358193
360.196488349508,293.434472782047,2.97276488239739
608.071185801065,107.146445804646,4.14414711853125
393.195592964051,227.926214197856,4.30541719712394
569.934191014941,407.334231794473,4.71848872088968
140.873343857602,283.425756871204,4.48725294272614
199.350652863499,365.43267273001,4.00553793939619
127.788783358307,410.254159653749,3.47378307853671
631.972673221568,314.358349504051,4.69058806767593
1.86838278110363,139.634018416606,4.29483433922201
545.020512575408,201.21186451097,4.16720804236915
34.450003012593,492.957817374814,3.1064540299119
274.214813983233,20.4296320810455,3.88337117629727
534.59447177356,394.123587308458,3.3846822414726
83.1662473080943,79.1995664274733,5.44548781378852
3.16912707484793,76.4174356598789,3.54590710469207
589.097463489485,222.98629987036,3.96122906576753
443.348601812744,464.486616168756,4.67495410682538
659.101030880276,373.634813407739,3.07567211899346
107.132832643567,496.924338738744,4.29270481672778
620.790877545722,86.2179117430084,4.06827416088407
414.631297191413,259.639093950767,3.70487117477413
11.8626108648048,181.085307428729,3.23613098805614
74.0955965164302,114.481166926876,4.45470461994371
618.660286363791,198.963246647417,4.35496992847291
259.110684472646,214.278559242329,3.82820987011136
579.495767327608,426.577141591416,3.67085269257588
301.934603778886,134.57397610195,3.84960547881072
539.482627956739,454.174285692607,3.88868371722976
50.2462675610366,422.391180822523,4.0186275796942
196.549497854177,287.410436730805,3.75005363332645
548.830727084272,275.008221441689,3.47448639383686
171.259132801549,12.6779151354307,3.94905564131637
499.947682513579,344.980639727996,4.88049553589177
37.9496218239486,50.886019180997,3.86626739020854
529.49945984896,136.456425281525,4.75023103141338
NA,NA,NA
663.437275330888,334.599407173016,3.55857056444055
455.791219108381,300.719860837103,3.5342364802186
11.1712065922464,491.179241493867,3.70807762673464
559.192509453272,50.2837665435601,4.2000433761463
69.0913611408757,374.040346589811,4.00021432333626
229.980695543165,411.183475854046,3.83575217335433
429.936402165342,15.0666299837472,3.40315480358193
360.196488349508,293.434472782047,2.97276488239739
608.071185801065,107.146445804646,4.14414711853125
393.195592964051,227.926214197856,4.30541719712394
569.934191014941,407.334231794473,4.71848872088968
140.873343857602,283.425756871204,4.48725294272614
199.350652863499,365.43267273001,4.00553793939619
127.788783358307,410.254159653749,3.47378307853671
631.972673221568,314.358349504051,4.69058806767593
1.86838278110363,139.634018416606,4.29483433922201
545.020512575408,201.21186451097,4.16720804236915
34.450003012593,492.957817374814,3.1064540299119
274.214813983233,20.4296320810455,3.88337117629727
534.59447177356,394.123587308458,3.3846822414726
83.1662473080943,79.1995664274733,5.44548781378852
3.16912707484793,76.4174356598789,3.54590710469207
589.097463489485,222.98629987036,3.96122906576753
443.348601812744,464.486616168756,4.67495410682538
659.101030880276,373.634813407739,3.07567211899346
107.132832643567,496.924338738744,4.29270481672778
620.790877545722,86.2179117430084,4.06827416088407
414.631297191413,259.639093950767,3.70487117477413
11.8626108648048,181.085307428729,3.23613098805614
74.0955965164302,114.481166926876,4.45470461994371
618.660286363791,198.963246647417,4.35496992847291
259.110684472646,214.278559242329,3.82820987011136
579.495767327608,426.577141591416,3.67085269257588
301.934603778886,134.57397610195,3.84960547881072
539.482627956739,454.174285692607,3.88868371722976
50.2462675610366,422.391180822523,4.0186275796942
196.549497854177,287.410436730805,3.75005363332645
548.830727084272,275.008221441689,3.47448639383686
171.259132801549,12.6779151354307,3.94905564131637
499.947682513579,344.980639727996,4.88049553589177
37.9496218239486,50.886019180997,3.86626739020854
529.49945984896,136.456425281525,4.75023103141338
NA,NA,NA
663.437275330888,334.599407173016,3.55857056444055
455.791219108381,300.719860837103,3.5342364802186
11.1712065922464,491.179241493867,3.70807762673464
559.192509453272,50.2837665435601,4.2000433761463
69.0913611408757,374.040346589811,4.00021432333626
229.980695543165,411.183475854046,3.83575217335433
429.936402165342,15.0666299837472,3.40315480358193
360.196488349508,293.434472782047,2.97276488239739
608.071185801065,107.146445804646,4.14414711853125
393.195592964051,227.926214197856,4.30541719712394
569.934191014941,407.334231794473,4.71848872088968
140.873343857602,283.425756871204,4.48725294272614
199.350652863499,365.43267273001,4.00553793939619
127.788783358307,410.254159653749,3.47378307853671
631.972673221568,314.358349504051,4.69058806767593
1.86838278110363,139.634018416606,4.29483433922201
545.020512575408,201.21186451097,4.16720804236915
34.450003012593,492.957817374814,3.1064540299119
274.214813983233,20.4296320810455,3.88337117629727
534.59447177356,394.123587308458,3.3846822414726
83.1662473080943,79.1995664274733,5.44548781378852
3.16912707484793,76.4174356598789,3.54590710469207
589.097463489485,222.98629987036,3.96122906576753
443.348601812744,464.486616168756,4.67495410682538
659.101030880276,373.634813407739,3.07567211899346
107.132832643567,496.924338738744,4.29270481672778
620.790877545722,86.2179117430084,4.06827416088407
414.631297191413,259.639093950767,3.70487117477413
11.8626108648048,181.085307428729,3.23613098805614
74.0955965164302,114.481166926876,4.45470461994371
618.660286363791,198.963246647417,4.35496992847291
259.110684472646,214.278559242329,3.82820987011136
579.495767327608,426.577141591416,3.67085269257588
301.934603778886,134.57397610195,3.84960547881072
539.482627956739,454.174285692607,3.88868371722976
50.2462675610366,422.391180822523,4.0186275796942
196.549497854177,287.410436730805,3.75005363332645
548.830727084272,275.008221441689,3.47448639383686
171.259132801549,12.6779151354307,3.94905564131637
499.947682513579,344.980639727996,4.88049553589177
37.9496218239486,50.886019180997,3.86626739020854
529.49945984896,136.456425281525,4.75023103141338
NA,NA,NA
659.761368860102,328.942229488004,3.48528249760075
455.36236340217,300.276511918762,3.67438191353537
13.4834302962323,492.291475293522,3.6023553186493
558.646825367898,49.7709216252681,4.20342647791827
71.853751950652,379.585113611031,3.97940198792867
230.04109739125,413.58641002523,3.93229308561155
430.420910285191,13.5141153023931,3.16706631837484
361.79684325457,293.389213426,3.01643645742881
605.705691396157,106.001998186593,4.20529884970776
394.944010675975,228.905407477297,4.24346538143506
559.216465734395,410.231352880473,4.75945035762257
140.608916275358,281.567668612349,4.5176293652592
206.848361384541,366.665021391743,4.01918552140275
126.484331415226,413.481111774299,3.4865640952835
617.118319561856,314.889036977061,4.60561207203141
-0.0144451677452817,148.397347831182,4.22624428086145
543.811048871795,201.992039181875,4.04678351084624
31.6629056478882,491.532417682518,3.12474719089417
277.690432265261,26.0430008635473,3.95848461457093
533.67885306332,393.90579432158,3.38935157969883
68.7734854907865,73.136242951505,5.39732588518517
4.18077029223779,81.0081555175159,3.66983218979068
588.843420416531,228.302293723349,3.79870603775184
442.723396769964,450.869326239231,4.87907578834426
659.680250296499,370.915857315831,3.15977083644668
104.027295746556,485.850963679232,4.32292460757803
624.136360476394,91.2759151165998,4.06469512682822
420.65299428636,259.965679690127,3.61336942551578
9.4379361380374,182.037581365329,3.28047680764573
65.2189102892735,109.298066221066,4.53971298737561
615.509636875517,207.588092519374,3.99733292871836
255.53632022883,214.663015958934,3.45086862098804
581.019460545768,438.64373060773,3.72804569477136
298.852182246741,141.21560098673,3.87733005972344
534.599780069763,454.246320218076,3.3902339045757
44.3592032247664,424.440793344575,3.98118497356671
192.707581970119,291.240180185446,4.40625548858613
546.239567890337,254.858087990013,3.89500093052554
170.461536567793,26.5689937836042,4.10658157598193
502.015032038169,348.405412450848,4.98942921145404
42.8291262377633,58.5191974702725,4.30755991450393
534.393460344345,166.167082045745,4.76668619119569
NA,NA,NA
659.761368860102,328.942229488004,3.48528249760075
455.36236340217,300.276511918762,3.67438191353537
13.4834302962323,492.291475293522,3.6023553186493
558.646825367898,49.7709216252681,4.20342647791827
71.853751950652,379.585113611031,3.97940198792867
230.04109739125,413.58641002523,3.93229308561155
430.420910285191,13.5141153023931,3.16706631837484
361.79684325457,293.389213426,3.01643645742881
605.705691396157,106.001998186593,4.20529884970776
394.944010675975,228.905407477297,4.24346538143506
559.216465734395,410.231352880473,4.75945035762257
140.608916275358,281.567668612349,4.5176293652592
206.848361384541,366.665021391743,4.01918552140275
126.484331415226,413.481111774299,3.4865640952835
617.118319561856,314.889036977061,4.60561207203141
-0.0144451677452817,148.397347831182,4.22624428086145
543.811048871795,201.992039181875,4.04678351084624
31.6629056478882,491.532417682518,3.12474719089417
277.690432265261,26.0430008635473,3.95848461457093
533.67885306332,393.90579432158,3.38935157969883
68.7734854907865,73.136242951505,5.39732588518517
4.18077029223779,81.0081555175159,3.66983218979068
588.843420416531,228.302293723349,3.79870603775184
442.723396769964,450.869326239231,4.87907578834426
659.680250296499,370.915857315831,3.15977083644668
104.027295746556,485.850963679232,4.32292460757803
624.136360476394,91.2759151165998,4.06469512682822
420.65299428636,259.965679690127,3.61336942551578
9.4379361380374,182.037581365329,3.28047680764573
65.2189102892735,109.298066221066,4.53971298737561
615.509636875517,207.588092519374,3.99733292871836
255.53632022883,214.663015958934,3.45086862098804
581.019460545768,438.64373060773,3.72804569477136
298.852182246741,141.21560098673,3.87733005972344
534.599780069763,454.246320218076,3.3902339045757
44.3592032247664,424.440793344575,3.98118497356671
192.707581970119,291.240180185446,4.40625548858613
546.239567890337,254.858087990013,3.89500093052554
170.461536567793,26.5689937836042,4.10658157598193
502.015032038169,348.405412450848,4.98942921145404
42.8291262377633,58.5191974702725,4.30755991450393
534.393460344345,166.167082045745,4.76668619119569
NA,NA,NA
659.761368860102,328.942229488004,3.48528249760075
455.36236340217,300.276511918762,3.67438191353537
13.4834302962323,492.291475293522,3.6023553186493
558.646825367898,49.7709216252681,4.20342647791827
71.853751950652,379.585113611031,3.97940198792867
230.04109739125,413.58641002523,3.93229308561155
430.420910285191,13.5141153023931,3.16706631837484
361.79684325457,293.389213426,3.01643645742881
605.705691396157,106.001998186593,4.20529884970776
394.944010675975,228.905407477297,4.24346538143506
559.216465734395,410.231352880473,4.75945035762257
140.608916275358,281.567668612349,4.5176293652592
206.848361384541,366.665021391743,4.01918552140275
126.484331415226,413.481111774299,3.4865640952835
617.118319561856,314.889036977061,4.60561207203141
-0.0144451677452817,148.397347831182,4.22624428086145
543.811048871795,201.992039181875,4.04678351084624
31.6629056478882,491.532417682518,3.12474719089417
277.690432265261,26.0430008635473,3.95848461457093
533.67885306332,393.90579432158,3.38935157969883
68.7734854907865,73.136242951505,5.39732588518517
4.18077029223779,81.0081555175159,3.66983218979068
588.843420416531,228.302293723349,3.79870603775184
442.723396769964,450.869326239231,4.87907578834426
659.680250296499,370.915857315831,3.15977083644668
104.027295746556,485.850963679232,4.32292460757803
624.136360476394,91.2759151165998,4.06469512682822
420.65299428636,259.965679690127,3.61336942551578
9.4379361380374,182.037581365329,3.28047680764573
65.2189102892735,109.298066221066,4.53971298737561
615.509636875517,207.588092519374,3.99733292871836
255.53632022883,214.663015958934,3.45086862098804
581.019460545768,438.64373060773,3.72804569477136
298.852182246741,141.21560098673,3.87733005972344
534.599780069763,454.246320218076,3.3902339045757
44.3592032247664,424.440793344575,3.98118497356671
192.707581970119,291.240180185446,4.40625548858613
546.239567890337,254.858087990013,3.89500093052554
170.461536567793,26.5689937836042,4.10658157598193
502.015032038169,348.405412450848,4.98942921145404
42.8291262377633,58.5191974702725,4.30755991450393
534.393460344345,166.167082045745,4.76668619119569
NA,NA,NA
659.761368860102,328.942229488004,3.48528249760075
455.36236340217,300.276511918762,3.67438191353537
13.4834302962323,492.291475293522,3.6023553186493
558.646825367898,49.7709216252681,4.20342647791827
71.853751950652,379.585113611031,3.97940198792867
230.04109739125,413.58641002523,3.93229308561155
430.420910285191,13.5141153023931,3.16706631837484
361.79684325457,293.389213426,3.01643645742881
605.705691396157,106.001998186593,4.20529884970776
394.944010675975,228.905407477297,4.24346538143506
559.216465734395,410.231352880473,4.75945035762257
140.608916275358,281.567668612349,4.5176293652592
206.848361384541,366.665021391743,4.01918552140275
126.484331415226,413.481111774299,3.4865640952835
617.118319561856,314.889036977061,4.60561207203141
-0.0144451677452817,148.397347831182,4.22624428086145
543.811048871795,201.992039181875,4.04678351084624
31.6629056478882,491.532417682518,3.12474719089417
277.690432265261,26.0430008635473,3.95848461457093
533.67885306332,393.90579432158,3.38935157969883
68.7734854907865,73.136242951505,5.39732588518517
4.18077029223779,81.0081555175159,3.66983218979068
588.843420416531,228.302293723349,3.79870603775184
442.723396769964,450.869326239231,4.87907578834426
659.680250296499,370.915857315831,3.15977083644668
104.027295746556,485.850963679232,4.32292460757803
624.136360476394,91.2759151165998,4.06469512682822
420.65299428636,259.965679690127,3.61336942551578
9.4379361380374,182.037581365329,3.28047680764573
65.2189102892735,109.298066221066,4.53971298737561
615.509636875517,207.588092519374,3.99733292871836
255.53632022883,214.663015958934,3.45086862098804
581.019460545768,438.64373060773,3.72804569477136
298.852182246741,141.21560098673,3.87733005972344
534.599780069763,454.246320218076,3.3902339045757
44.3592032247664,424.440793344575,3.98118497356671
192.707581970119,291.240180185446,4.40625548858613
546.239567890337,254.858087990013,3.89500093052554
170.461536567793,26.5689937836042,4.10658157598193
502.015032038169,348.405412450848,4.98942921145404
42.8291262377633,58.5191974702725,4.30755991450393
534.393460344345,166.167082045745,4.76668619119569
NA,NA,NA
659.761368860102,328.942229488004,3.48528249760075
455.36236340217,300.276511918762,3.67438191353537
13.4834302962323,492.291475293522,3.6023553186493
558.646825367898,49.7709216252681,4.20342647791827
71.853751950652,379.585113611031,3.97940198792867
230.04109739125,413.58641002523,3.93229308561155
430.420910285191,13.5141153023931,3.16706631837484
361.79684325457,293.389213426,3.01643645742881
605.705691396157,106.001998186593,4.20529884970776
394.944010675975,228.905407477297,4.24346538143506
559.216465734395,410.231352880473,4.75945035762257
140.608916275358,281.567668612349,4.5176293652592
206.848361384541,366.665021391743,4.01918552140275
126.484331415226,413.481111774299,3.4865640952835
617.118319561856,314.889036977061,4.60561207203141
-0.0144451677452817,148.397347831182,4.22624428086145
543.811048871795,201.992039181875,4.04678351084624
31.6629056478882,491.532417682518,3.12474719089417
277.690432265261,26.0430008635473,3.95848461457093
533.67885306332,393.90579432158,3.38935157969883
68.7734854907865,73.136242951505,5.39732588518517
4.18077029223779,81.0081555175159,3.66983218979068
588.843420416531,228.302293723349,3.79870603775184
442.723396769964,450.869326239231,4.87907578834426
659.680250296499,370.915857315831,3.15977083644668
104.027295746556,485.850963679232,4.32292460757803
624.136360476394,91.2759151165998,4.06469512682822
420.65299428636,259.965679690127,3.61336942551578
9.4379361380374,182.037581365329,3.28047680764573
65.2189102892735,109.298066221066,4.53971298737561
615.509636875517,207.588092519374,3.99733292871836
255.53632022883,214.663015958934,3.45086862098804
581.019460545768,438.64373060773,3.72804569477136
298.852182246741,141.21560098673,3.87733005972344
534.599780069763,454.246320218076,3.3902339045757
44.3592032247664,424.440793344575,3.98118497356671
192.707581970119,291.240180185446,4.40625548858613
546.239567890337,254.858087990013,3.89500093052554
170.461536567793,26.5689937836042,4.10658157598193
502.015032038169,348.405412450848,4.98942921145404
42.8291262377633,58.5191974702725,4.30755991450393
534.393460344345,166.167082045745,4.76668619119569
NA,NA,NA
659.761368860102,328.942229488004,3.48528249760075
455.36236340217,300.276511918762,3.67438191353537
13.4834302962323,492.291475293522,3.6023553186493
558.646825367898,49.7709216252681,4.20342647791827
71.853751950652,379.585113611031,3.97940198792867
230.04109739125,413.58641002523,3.93229308561155
430.420910285191,13.5141153023931,3.16706631837484
361.79684325457,293.389213426,3.01643645742881
605.705691396157,106.001998186593,4.20529884970776
394.944010675975,228.905407477297,4.24346538143506
559.216465734395,410.231352880473,4.75945035762257
140.608916275358,281.567668612349,4.5176293652592
206.848361384541,366.665021391743,4.01918552140275
126.484331415226,413.481111774299,3.4865640952835
617.118319561856,314.889036977061,4.60561207203141
-0.0144451677452817,148.397347831182,4.22624428086145
543.811048871795,201.992039181875,4.04678351084624
31.6629056478882,491.532417682518,3.12474719089417
277.690432265261,26.0430008635473,3.95848461457093
533.67885306332,393.90579432158,3.38935157969883
68.7734854907865,73.136242951505,5.39732588518517
4.18077029223779,81.0081555175159,3.66983218979068
588.843420416531,228.302293723349,3.79870603775184
442.723396769964,450.869326239231,4.87907578834426
659.680250296499,370.915857315831,3.15977083644668
104.027295746556,485.850963679232,4.32292460757803
624.136360476394,91.2759151165998,4.06469512682822
420.65299428636,259.965679690127,3.61336942551578
9.4379361380374,182.037581365329,3.28047680764573
65.2189102892735,109.298066221066,4.53971298737561
615.509636875517,207.588092519374,3.99733292871836
255.53632022883,214.663015958934,3.45086862098804
581.019460545768,438.64373060773,3.72804569477136
298.852182246741,141.21560098673,3.87733005972344
534.599780069763,454.246320218076,3.3902339045757
44.3592032247664,424.440793344575,3.98118497356671
192.707581970119,291.240180185446,4.40625548858613
546.239567890337,254.858087990013,3.89500093052554
170.461536567793,26.5689937836042,4.10658157598193
502.015032038169,348.405412450848,4.98942921145404
42.8291262377633,58.5191974702725,4.30755991450393
534.393460344345,166.167082045745,4.76668619119569
NA,NA,NA
662.152207895624,335.540214325032,3.38934436099905
453.644644736463,298.423627279363,3.50905111572886
13.6670941391034,494.902561295934,3.64312956363143
561.656486118859,48.4016259317486,4.30439031650263
67.1187297439238,377.769217249468,3.85799176993211
232.007158477696,410.460554358783,3.90790129437276
426.952074214658,11.0202225463217,3.22307716474677
359.913829163384,294.067481892336,3.09311888465046
606.568843912385,102.399557107577,4.30939430245349
390.432470969382,228.984797159256,4.17593818008378
570.378114898286,407.50322128855,4.69455501555908
136.815800635422,280.553552234007,4.57439494299469
199.416281061966,376.032654773827,4.11662727347146
126.593451901846,410.392884277256,3.40411389263306
627.218399156201,312.453757418977,4.54435933390105
4.63684485765084,148.173601659557,4.34799305401796
538.530700010777,206.379742314271,4.04078455150198
33.914130288237,489.860994630665,2.92483582492889
279.951277373273,25.8242233187235,3.91276091054501
535.081772757697,390.279135089703,3.38708727779623
69.4143694574422,86.3132777773314,5.20043599249695
6.50304147250334,76.2141185433534,3.47719339600031
593.714632554463,227.216747381437,4.04988084755921
441.953806709174,454.46842050928,4.72028042394962
658.995242666039,374.107081220839,3.02827719440385
103.901271905021,492.53726143516,4.27019559192396
620.005043654943,91.702876061684,4.0989197884349
420.268814229157,258.529040525298,3.54015508686608
10.8903885072084,181.363834684089,3.27973856289632
59.878450200871,125.859978670746,4.67018083573932
601.618027644448,183.183281356747,4.12455384340167
243.959701658557,221.889447585311,3.97040760039073
581.752408084928,434.551210036343,3.81442058606145
297.987719715978,136.88015601456,3.81462951332397
525.156209061144,451.585477837141,3.35036248398094
51.6179749022064,417.954154320884,4.16147948781855
194.861895314587,293.977346171837,4.18068614776856
557.722754014007,251.835775332549,3.30191385118311
174.600903669581,24.8677859200406,4.24527778346189
505.421187678391,342.743207006341,4.82822564449281
44.8926427585493,57.6235499002279,3.39985271021957
529.867778575701,134.086116983829,4.69525504466425
NA,NA,NA
662.152207895624,335.540214325032,3.38934436099905
453.644644736463,298.423627279363,3.50905111572886
13.6670941391034,494.902561295934,3.64312956363143
561.656486118859,48.4016259317486,4.30439031650263
67.1187297439238,377.769217249468,3.85799176993211
232.007158477696,410.460554358783,3.90790129437276
426.952074214658,11.0202225463217,3.22307716474677
359.913829163384,294.067481892336,3.09311888465046
606.568843912385,102.399557107577,4.30939430245349
390.432470969382,228.984797159256,4.17593818008378
570.378114898286,407.50322128855,4.69455501555908
136.815800635422,280.553552234007,4.57439494299469
199.416281061966,376.032654773827,4.11662727347146
126.593451901846,410.392884277256,3.40411389263306
627.218399156201,312.453757418977,4.54435933390105
4.63684485765084,148.173601659557,4.34799305401796
538.530700010777,206.379742314271,4.04078455150198
33.914130288237,489.860994630665,2.92483582492889
279.951277373273,25.8242233187235,3.91276091054501
535.081772757697,390.279135089703,3.38708727779623
69.4143694574422,86.3132777773314,5.20043599249695
6.50304147250334,76.2141185433534,3.47719339600031
593.714632554463,227.216747381437,4.04988084755921
441.953806709174,454.46842050928,4.72028042394962
658.995242666039,374.107081220839,3.02827719440385
103.901271905021,492.53726143516,4.27019559192396
620.005043654943,91.702876061684,4.0989197884349
420.268814229157,258.529040525298,3.54015508686608
10.8903885072084,181.363834684089,3.27973856289632
59.878450200871,125.859978670746,4.67018083573932
601.618027644448,183.183281356747,4.12455384340167
243.959701658557,221.889447585311,3.97040760039073
581.752408084928,434.551210036343,3.81442058606145
297.987719715978,136.88015601456,3.81462951332397
525.156209061144,451.585477837141,3.35036248398094
51.6179749022064,417.954154320884,4.16147948781855
194.861895314587,293.977346171837,4.18068614776856
557.722754014007,251.835775332549,3.30191385118311
174.600903669581,24.8677859200406,4.24527778346189
505.421187678391,342.743207006341,4.82822564449281
44.8926427585493,57.6235499002279,3.39985271021957
529.867778575701,134.086116983829,4.69525504466425
NA,NA,NA
662.152207895624,335.540214325032,3.38934436099905
453.644644736463,298.423627279363,3.50905111572886
13.6670941391034,494.902561295934,3.64312956363143
561.656486118859,48.4016259317486,4.30439031650263
67.1187297439238,377.769217249468,3.85799176993211
232.007158477696,410.460554358783,3.90790129437276
426.952074214658,11.0202225463217,3.22307716474677
359.913829163384,294.067481892336,3.09311888465046
606.568843912385,102.399557107577,4.30939430245349
390.432470969382,228.984797159256,4.17593818008378
570.378114898286,407.50322128855,4.69455501555908
136.815800635422,280.553552234007,4.57439494299469
199.416281061966,376.032654773827,4.11662727347146
126.593451901846,410.392884277256,3.40411389263306
627.218399156201,312.453757418977,4.54435933390105
4.63684485765084,148.173601659557,4.34799305401796
538.530700010777,206.379742314271,4.04078455150198
33.914130288237,489.860994630665,2.92483582492889
279.951277373273,25.8242233187235,3.91276091054501
535.081772757697,390.279135089703,3.38708727779623
69.4143694574422,86.3132777773314,5.20043599249695
6.50304147250334,76.2141185433534,3.47719339600031
593.714632554463,227.216747381437,4.04988084755921
441.953806709174,454.46842050928,4.72028042394962
658.995242666039,374.107081220839,3.02827719440385
103.901271905021,492.53726143516,4.27019559192396
620.005043654943,91.702876061684,4.0989197884349
420.268814229157,258.529040525298,3.54015508686608
10.8903885072084,181.363834684089,3.27973856289632
59.878450200871,125.859978670746,4.67018083573932
601.618027644448,183.183281356747,4.12455384340167
243.959701658557,221.889447585311,3.97040760039073
581.752408084928,434.551210036343,3.81442058606145
297.987719715978,136.88015601456,3.81462951332397
525.156209061144,451.585477837141,3.35036248398094
51.6179749022064,417.954154320884,4.16147948781855
194.861895314587,293.977346171837,4.18068614776856
557.722754014007,251.835775332549,3.30191385118311
174.600903669581,24.8677859200406,4.24527778346189
505.421187678391,342.743207006341,4.82822564449281
44.8926427585493,57.6235499002279,3.39985271021957
529.867778575701,134.086116983829,4.69525504466425
NA,NA,NA
662.152207895624,335.540214325032,3.38934436099905
453.644644736463,298.423627279363,3.50905111572886
13.6670941391034,494.902561295934,3.64312956363143
561.656486118859,48.4016259317486,4.30439031650263
67.1187297439238,377.769217249468,3.85799176993211
232.007158477696,410.460554358783,3.90790129437276
426.952074214658,11.0202225463217,3.22307716474677
359.913829163384,294.067481892336,3.09311888465046
606.568843912385,102.399557107577,4.30939430245349
390.432470969382,228.984797159256,4.17593818008378
570.378114898286,407.50322128855,4.69455501555908
136.815800635422,280.553552234007,4.57439494299469
199.416281061966,376.032654773827,4.11662727347146
126.593451901846,410.392884277256,3.40411389263306
627.218399156201,312.453757418977,4.54435933390105
4.63684485765084,148.173601659557,4.34799305401796
538.530700010777,206.379742314271,4.04078455150198
33.914130288237,489.860994630665,2.92483582492889
279.951277373273,25.8242233187235,3.91276091054501
535.081772757697,390.279135089703,3.38708727779623
69.4143694574422,86.3132777773314,5.20043599249695
6.50304147250334,76.2141185433534,3.47719339600031
593.714632554463,227.216747381437,4.04988084755921
441.953806709174,454.46842050928,4.72028042394962
658.995242666039,374.107081220839,3.02827719440385
103.901271905021,492.53726143516,4.27019559192396
620.005043654943,91.702876061684,4.0989197884349
420.268814229157,258.529040525298,3.54015508686608
10.8903885072084,181.363834684089,3.27973856289632
59.878450200871,125.859978670746,4.67018083573932
601.618027644448,183.183281356747,4.12455384340167
243.959701658557,221.889447585311,3.97040760039073
581.752408084928,434.551210036343,3.81442058606145
297.987719715978,136.88015601456,3.81462951332397
525.156209061144,451.585477837141,3.35036248398094
51.6179749022064,417.954154320884,4.16147948781855
194.861895314587,293.977346171837,4.18068614776856
557.722754014007,251.835775332549,3.30191385118311
174.600903669581,24.8677859200406,4.24527778346189
505.421187678391,342.743207006341,4.82822564449281
44.8926427585493,57.6235499002279,3.39985271021957
529.867778575701,134.086116983829,4.69525504466425
NA,NA,NA
662.152207895624,335.540214325032,3.38934436099905
453.644644736463,298.423627279363,3.50905111572886
13.6670941391034,494.902561295934,3.64312956363143
561.656486118859,48.4016259317486,4.30439031650263
67.1187297439238,377.769217249468,3.85799176993211
232.007158477696,410.460554358783,3.90790129437276
426.952074214658,11.0202225463217,3.22307716474677
359.913829163384,294.067481892336,3.09311888465046
606.568843912385,102.399557107577,4.30939430245349
390.432470969382,228.984797159256,4.17593818008378
570.378114898286,407.50322128855,4.69455501555908
136.815800635422,280.553552234007,4.57439494299469
199.416281061966,376.032654773827,4.11662727347146
126.593451901846,410.392884277256,3.40411389263306
627.218399156201,312.453757418977,4.54435933390105
4.63684485765084,148.173601659557,4.34799305401796
538.530700010777,206.379742314271,4.04078455150198
33.914130288237,489.860994630665,2.92483582492889
279.951277373273,25.8242233187235,3.91276091054501
535.081772757697,390.279135089703,3.38708727779623
69.4143694574422,86.3132777773314,5.20043599249695
6.50304147250334,76.2141185433534,3.47719339600031
593.714632554463,227.216747381437,4.04988084755921
441.953806709174,454.46842050928,4.72028042394962
658.995242666039,374.107081220839,3.02827719440385
103.901271905021,492.53726143516,4.27019559192396
620.005043654943,91.702876061684,4.0989197884349
420.268814229157,258.529040525298,3.54015508686608
10.8903885072084,181.363834684089,3.27973856289632
59.878450200871,125.859978670746,4.67018083573932
601.618027644448,183.183281356747,4.12455384340167
243.959701658557,221.889447585311,3.97040760039073
581.752408084928,434.551210036343,3.81442058606145
297.987719715978,136.88015601456,3.81462951332397
525.156209061144,451.585477837141,3.35036248398094
51.6179749022064,417.954154320884,4.16147948781855
194.861895314587,293.977346171837,4.18068614776856
557.722754014007,251.835775332549,3.30191385118311
174.600903669581,24.8677859200406,4.24527778346189
505.421187678391,342.743207006341,4.82822564449281
44.8926427585493,57.6235499002279,3.39985271021957
529.867778575701,134.086116983829,4.69525504466425
NA,NA,NA
662.152207895624,335.540214325032,3.38934436099905
453.644644736463,298.423627279363,3.50905111572886
13.6670941391034,494.902561295934,3.64312956363143
561.656486118859,48.4016259317486,4.30439031650263
67.1187297439238,377.769217249468,3.85799176993211
232.007158477696,410.460554358783,3.90790129437276
426.952074214658,11.0202225463217,3.22307716474677
359.913829163384,294.067481892336,3.09311888465046
606.568843912385,102.399557107577,4.30939430245349
390.432470969382,228.984797159256,4.17593818008378
570.378114898286,407.50322128855,4.69455501555908
136.815800635422,280.553552234007,4.57439494299469
199.416281061966,376.032654773827,4.11662727347146
126.593451901846,410.392884277256,3.40411389263306
627.218399156201,312.453757418977,4.54435933390105
4.63684485765084,148.173601659557,4.34799305401796
538.530700010777,206.379742314271,4.04078455150198
33.914130288237,489.860994630665,2.92483582492889
279.951277373273,25.8242233187235,3.91276091054501
535.081772757697,390.279135089703,3.38708727779623
69.4143694574422,86.3132777773314,5.20043599249695
6.50304147250334,76.2141185433534,3.47719339600031
593.714632554463,227.216747381437,4.04988084755921
441.953806709174,454.46842050928,4.72028042394962
658.995242666039,374.107081220839,3.02827719440385
103.901271905021,492.53726143516,4.27019559192396
620.005043654943,91.702876061684,4.0989197884349
420.268814229157,258.529040525298,3.54015508686608
10.8903885072084,181.363834684089,3.27973856289632
59.878450200871,125.859978670746,4.67018083573932
601.618027644448,183.183281356747,4.12455384340167
243.959701658557,221.889447585311,3.97040760039073
581.752408084928,434.551210036343,3.81442058606145
297.987719715978,136.88015601456,3.81462951332397
525.156209061144,451.585477837141,3.35036248398094
51.6179749022064,417.954154320884,4.16147948781855
194.861895314587,293.977346171837,4.18068614776856
557.722754014007,251.835775332549,3.30191385118311
174.600903669581,24.8677859200406,4.24527778346189
505.421187678391,342.743207006341,4.82822564449281
44.8926427585493,57.6235499002279,3.39985271021957
529.867778575701,134.086116983829,4.69525504466425
NA,NA,NA
660.041497469461,334.239931343081,3.438629770546
459.153111649497,299.354842251787,3.42504474109993
7.64732068204035,496.633692527322,3.4993929847158
561.514817244233,49.3085184948987,4.26399872052068
69.2372289715073,375.050038578823,4.01048974978378
220.872136254872,415.989763145298,3.75003005362122
429.173319577704,12.8503711040965,3.36439663803412
362.733686086979,294.525025295831,3.11970140896312
603.108317160412,104.379243894784,4.28694391681884
394.861933854817,230.215341042723,4.28833787764825
564.945073536058,406.64646983775,4.67809302066151
139.374981503528,288.709292835712,4.45462829482987
202.845512982042,367.897410577392,3.9808562786231
128.979725948565,410.388440807645,3.4262652188998
623.469067756412,310.861102324616,4.58370458227779
2.03701453747146,145.478404186742,4.34296104450421
544.453281217699,203.601682257386,4.14603480608011
33.1179466654954,491.12811901684,2.98118804671911
282.216560201128,25.9139700513307,3.97887120506844
537.035866614818,391.95927827161,3.53489613698938
74.6060777201165,77.2805251118866,5.2275862456314
5.42034058060152,77.5746394102681,3.55671327091681
589.824835487235,228.712927941563,4.09588901185147
438.746573415066,457.959586614761,4.79568408013837
659.090893677837,373.153685348105,2.80447410950214
104.256435502239,486.097110206212,4.43533295868523
625.470905142551,91.7413177315948,4.09762736958787
421.27018411342,255.68871982112,3.61813883911142
8.40395940985981,182.537253643849,3.22863600497908
70.4115285264474,122.680073369715,4.53494679513413
616.902743219169,219.116997218288,4.34561088647928
250.880213735197,211.473514716453,4.25156380704314
569.932457467744,434.778993682238,3.66583975001897
301.885320688215,132.976587262534,3.77387314814178
532.189217505088,456.66165719376,3.52202321740303
43.4701258155741,419.380864775415,3.92535879879401
184.737167996606,292.308960959617,4.1629958054211
550.366715759494,266.532322067998,3.504227823487
173.837043198897,31.174995767045,4.18158663632974
512.174501743879,349.605534876075,4.6275412024813
47.2057358367634,47.1521831017699,4.51824431999123
552.672000016518,148.887068157652,4.90441072444736
NA,NA,NA
660.041497469461,334.239931343081,3.438629770546
459.153111649497,299.354842251787,3.42504474109993
7.64732068204035,496.633692527322,3.4993929847158
561.514817244233,49.3085184948987,4.26399872052068
69.2372289715073,375.050038578823,4.01048974978378
220.872136254872,415.989763145298,3.75003005362122
429.173319577704,12.8503711040965,3.36439663803412
362.733686086979,294.525025295831,3.11970140896312
603.108317160412,104.379243894784,4.28694391681884
394.861933854817,230.215341042723,4.28833787764825
564.945073536058,406.64646983775,4.67809302066151
139.374981503528,288.709292835712,4.45462829482987
202.845512982042,367.897410577392,3.9808562786231
128.979725948565,410.388440807645,3.4262652188998
623.469067756412,310.861102324616,4.58370458227779
2.03701453747146,145.478404186742,4.34296104450421
544.453281217699,203.601682257386,4.14603480608011
33.1179466654954,491.12811901684,2.98118804671911
282.216560201128,25.9139700513307,3.97887120506844
537.035866614818,391.95927827161,3.53489613698938
74.6060777201165,77.2805251118866,5.2275862456314
5.42034058060152,77.5746394102681,3.55671327091681
589.824835487235,228.712927941563,4.09588901185147
438.746573415066,457.959586614761,4.79568408013837
659.090893677837,373.153685348105,2.80447410950214
104.256435502239,486.097110206212,4.43533295868523
625.470905142551,91.7413177315948,4.09762736958787
421.27018411342,255.68871982112,3.61813883911142
8.40395940985981,182.537253643849,3.22863600497908
70.4115285264474,122.680073369715,4.53494679513413
616.902743219169,219.116997218288,4.34561088647928
250.880213735197,211.473514716453,4.25156380704314
569.932457467744,434.778993682238,3.66583975001897
301.885320688215,132.976587262534,3.77387314814178
532.189217505088,456.66165719376,3.52202321740303
43.4701258155741,419.380864775415,3.92535879879401
184.737167996606,292.308960959617,4.1629958054211
550.366715759494,266.532322067998,3.504227823487
173.837043198897,31.174995767045,4.18158663632974
512.174501743879,349.605534876075,4.6275412024813
47.2057358367634,47.1521831017699,4.51824431999123
552.672000016518,148.887068157652,4.90441072444736
NA,NA,NA
660.041497469461,334.239931343081,3.438629770546
459.153111649497,299.354842251787,3.42504474109993
7.64732068204035,496.633692527322,3.4993929847158
561.514817244233,49.3085184948987,4.26399872052068
69.2372289715073,375.050038578823,4.01048974978378
220.872136254872,415.989763145298,3.75003005362122
429.173319577704,12.8503711040965,3.36439663803412
362.733686086979,294.525025295831,3.11970140896312
603.108317160412,104.379243894784,4.28694391681884
394.861933854817,230.215341042723,4.28833787764825
564.945073536058,406.64646983775,4.67809302066151
139.374981503528,288.709292835712,4.45462829482987
202.845512982042,367.897410577392,3.9808562786231
128.979725948565,410.388440807645,3.4262652188998
623.469067756412,310.861102324616,4.58370458227779
2.03701453747146,145.478404186742,4.34296104450421
544.453281217699,203.601682257386,4.14603480608011
33.1179466654954,491.12811901684,2.98118804671911
282.216560201128,25.9139700513307,3.97887120506844
537.035866614818,391.95927827161,3.53489613698938
74.6060777201165,77.2805251118866,5.2275862456314
5.42034058060152,77.5746394102681,3.55671327091681
589.824835487235,228.712927941563,4.09588901185147
438.746573415066,457.959586614761,4.79568408013837
659.090893677837,373.153685348105,2.80447410950214
104.256435502239,486.097110206212,4.43533295868523
625.470905142551,91.7413177315948,4.09762736958787
421.27018411342,255.68871982112,3.61813883911142
8.40395940985981,182.537253643849,3.22863600497908
70.4115285264474,122.680073369715,4.53494679513413
616.902743219169,219.116997218288,4.34561088647928
250.880213735197,211.473514716453,4.25156380704314
569.932457467744,434.778993682238,3.66583975001897
301.885320688215,132.976587262534,3.77387314814178
532.189217505088,456.66165719376,3.52202321740303
43.4701258155741,419.380864775415,3.92535879879401
184.737167996606,292.308960959617,4.1629958054211
550.366715759494,266.532322067998,3.504227823487
173.837043198897,31.174995767045,4.18158663632974
512.174501743879,349.605534876075,4.6275412024813
47.2057358367634,47.1521831017699,4.51824431999123
552.672000016518,148.887068157652,4.90441072444736
NA,NA,NA
660.041497469461,334.239931343081,3.438629770546
459.153111649497,299.354842251787,3.42504474109993
7.64732068204035,496.633692527322,3.4993929847158
561.514817244233,49.3085184948987,4.26399872052068
69.2372289715073,375.050038578823,4.01048974978378
220.872136254872,415.989763145298,3.75003005362122
429.173319577704,12.8503711040965,3.36439663803412
362.733686086979,294.525025295831,3.11970140896312
603.108317160412,104.379243894784,4.28694391681884
394.861933854817,230.215341042723,4.28833787764825
564.945073536058,406.64646983775,4.67809302066151
139.374981503528,288.709292835712,4.45462829482987
202.845512982042,367.897410577392,3.9808562786231
128.979725948565,410.388440807645,3.4262652188998
623.469067756412,310.861102324616,4.58370458227779
2.03701453747146,145.478404186742,4.34296104450421
544.453281217699,203.601682257386,4.14603480608011
33.1179466654954,491.12811901684,2.98118804671911
282.216560201128,25.9139700513307,3.97887120506844
537.035866614818,391.95927827161,3.53489613698938
74.6060777201165,77.2805251118866,5.2275862456314
5.42034058060152,77.5746394102681,3.55671327091681
589.824835487235,228.712927941563,4.09588901185147
438.746573415066,457.959586614761,4.79568408013837
659.090893677837,373.153685348105,2.80447410950214
104.256435502239,486.097110206212,4.43533295868523
625.470905142551,91.7413177315948,4.09762736958787
421.27018411342,255.68871982112,3.61813883911142
8.40395940985981,182.537253643849,3.22863600497908
70.4115285264474,122.680073369715,4.53494679513413
616.902743219169,219.116997218288,4.34561088647928
250.880213735197,211.473514716453,4.25156380704314
569.932457467744,434.778993682238,3.66583975001897
301.885320688215,132.976587262534,3.77387314814178
532.189217505088,456.66165719376,3.52202321740303
43.4701258155741,419.380864775415,3.92535879879401
184.737167996606,292.308960959617,4.1629958054211
550.366715759494,266.532322067998,3.504227823487
173.837043198897,31.174995767045,4.18158663632974
512.174501743879,349.605534876075,4.6275412024813
47.2057358367634,47.1521831017699,4.51824431999123
552.672000016518,148.887068157652,4.90441072444736
NA,NA,NA
660.041497469461,334.239931343081,3.438629770546
459.153111649497,299.354842251787,3.42504474109993
7.64732068204035,496.633692527322,3.4993929847158
561.514817244233,49.3085184948987,4.26399872052068
69.2372289715073,375.050038578823,4.01048974978378
220.872136254872,415.989763145298,3.75003005362122
429.173319577704,12.8503711040965,3.36439663803412
362.733686086979,294.525025295831,3.11970140896312
603.108317160412,104.379243894784,4.28694391681884
394.861933854817,230.215341042723,4.28833787764825
564.945073536058,406.64646983775,4.67809302066151
139.374981503528,288.709292835712,4.45462829482987
202.845512982042,367.897410577392,3.9808562786231
128.979725948565,410.388440807645,3.4262652188998
623.469067756412,310.861102324616,4.58370458227779
2.03701453747146,145.478404186742,4.34296104450421
544.453281217699,203.601682257386,4.14603480608011
33.1179466654954,491.12811901684,2.98118804671911
282.216560201128,25.9139700513307,3.97887120506844
537.035866614818,391.95927827161,3.53489613698938
74.6060777201165,77.2805251118866,5.2275862456314
5.42034058060152,77.5746394102681,3.55671327091681
589.824835487235,228.712927941563,4.09588901185147
438.746573415066,457.959586614761,4.79568408013837
659.090893677837,373.153685348105,2.80447410950214
104.256435502239,486.097110206212,4.43533295868523
625.470905142551,91.7413177315948,4.09762736958787
421.27018411342,255.68871982112,3.61813883911142
8.40395940985981,182.537253643849,3.22863600497908
70.4115285264474,122.680073369715,4.53494679513413
616.902743219169,219.116997218288,4.34561088647928
250.880213735197,211.473514716453,4.25156380704314
569.932457467744,434.778993682238,3.66583975001897
301.885320688215,132.976587262534,3.77387314814178
532.189217505088,456.66165719376,3.52202321740303
43.4701258155741,419.380864775415,3.92535879879401
184.737167996606,292.308960959617,4.1629958054211
550.366715759494,266.532322067998,3.504227823487
173.837043198897,31.174995767045,4.18158663632974
512.174501743879,349.605534876075,4.6275412024813
47.2057358367634,47.1521831017699,4.51824431999123
552.672000016518,148.887068157652,4.90441072444736
NA,NA,NA
660.041497469461,334.239931343081,3.438629770546
459.153111649497,299.354842251787,3.42504474109993
7.64732068204035,496.633692527322,3.4993929847158
561.514817244233,49.3085184948987,4.26399872052068
69.2372289715073,375.050038578823,4.01048974978378
220.872136254872,415.989763145298,3.75003005362122
429.173319577704,12.8503711040965,3.36439663803412
362.733686086979,294.525025295831,3.11970140896312
603.108317160412,104.379243894784,4.28694391681884
394.861933854817,230.215341042723,4.28833787764825
564.945073536058,406.64646983775,4.67809302066151
139.374981503528,288.709292835712,4.45462829482987
202.845512982042,367.897410577392,3.9808562786231
128.979725948565,410.388440807645,3.4262652188998
623.469067756412,310.861102324616,4.58370458227779
2.03701453747146,145.478404186742,4.34296104450421
544.453281217699,203.601682257386,4.14603480608011
33.1179466654954,491.12811901684,2.98118804671911
282.216560201128,25.9139700513307,3.97887120506844
537.035866614818,391.95927827161,3.53489613698938
74.6060777201165,77.2805251118866,5.2275862456314
5.42034058060152,77.5746394102681,3.55671327091681
589.824835487235,228.712927941563,4.09588901185147
438.746573415066,457.959586614761,4.79568408013837
659.090893677837,373.153685348105,2.80447410950214
104.256435502239,486.097110206212,4.43533295868523
625.470905142551,91.7413177315948,4.09762736958787
421.27018411342,255.68871982112,3.61813883911142
8.40395940985981,182.537253643849,3.22863600497908
70.4115285264474,122.680073369715,4.53494679513413
616.902743219169,219.116997218288,4.34561088647928
250.880213735197,211.473514716453,4.25156380704314
569.932457467744,434.778993682238,3.66583975001897
301.885320688215,132.976587262534,3.77387314814178
532.189217505088,456.66165719376,3.52202321740303
43.4701258155741,419.380864775415,3.92535879879401
184.737167996606,292.308960959617,4.1629958054211
550.366715759494,266.532322067998,3.504227823487
173.837043198897,31.174995767045,4.18158663632974
512.174501743879,349.605534876075,4.6275412024813
47.2057358367634,47.1521831017699,4.51824431999123
552.672000016518,148.887068157652,4.90441072444736
NA,NA,NA
662.538203787983,332.995165266802,3.48888116266174
457.630760768646,297.968283001332,3.5721384226521
11.0734732393764,495.227171941887,3.75335836430739
553.030744026766,47.4356814414972,4.1710967258631
73.2226396578272,373.904007101902,3.95170950483255
228.910237260947,417.451241542134,3.91008263559628
429.587726647052,11.4847613702777,3.46390786858811
362.731569802563,294.893917858295,2.98226179281096
605.99893652792,104.561314205785,4.15546330220761
386.848040012984,224.732739751534,4.29166071466247
569.555509232032,409.446615231462,4.77006840909436
138.447003286637,285.8420885205,4.56863057179541
203.674377555352,366.143440026611,4.03430135684838
126.71218879732,411.901028592647,3.55789618868424
625.670621704539,307.209420850451,4.51466554825501
0.0195678606487206,153.240854978585,4.1688579851319
538.282805435143,195.590145483748,4.17487734542439
35.6623097092013,490.5387786194,3.02111101919089
279.375433594014,19.32463140593,3.88388585796963
536.022501175981,391.953015085008,3.21079218750938
82.1795430077329,84.4436505646562,5.32353555730052
5.30055577735012,76.2556973857305,3.52863837569107
591.164289576249,225.09018197059,4.08031166970214
435.531471898456,460.962722321243,4.75318582913014
659.653089157966,374.707695051873,3.18606576098324
103.338563757858,488.950688975667,4.34714382369834
619.877360201125,91.8463648696229,4.09182106253819
418.913147946355,258.119836418458,3.62864205305205
13.2387401189732,181.524165027349,3.22119899190397
67.630155290875,115.79285522831,4.44938146035328
606.687172030102,202.079144586149,4.07153874025285
256.902827175355,216.948122084836,4.16353375048605
574.337097783906,435.807852494931,3.90013036146729
302.622381835242,138.50357348972,3.80611855477218
526.296300212254,460.08520171817,3.81517760109766
42.9135515180135,420.612419720431,3.99209595866272
188.88524749279,291.72580354055,4.1350702597369
537.15441462245,255.017220344047,3.62147660960399
171.769815514748,30.2831901887598,4.28893097741778
495.322202517384,339.574037805899,4.62634640702485
33.3401998697001,48.2251262953077,4.31628332047628
545.360091414045,143.860617691692,5.01232600312832
NA,NA,NA
662.538203787983,332.995165266802,3.48888116266174
457.630760768646,297.968283001332,3.5721384226521
11.0734732393764,495.227171941887,3.75335836430739
553.030744026766,47.4356814414972,4.1710967258631
73.2226396578272,373.904007101902,3.95170950483255
228.910237260947,417.451241542134,3.91008263559628
429.587726647052,11.4847613702777,3.46390786858811
362.731569802563,294.893917858295,2.98226179281096
605.99893652792,104.561314205785,4.15546330220761
386.848040012984,224.732739751534,4.29166071466247
569.555509232032,409.446615231462,4.77006840909436
138.447003286637,285.8420885205,4.56863057179541
203.674377555352,366.143440026611,4.03430135684838
126.71218879732,411.901028592647,3.55789618868424
625.670621704539,307.209420850451,4.51466554825501
0.0195678606487206,153.240854978585,4.1688579851319
538.282805435143,195.590145483748,4.17487734542439
35.6623097092013,490.5387786194,3.02111101919089
279.375433594014,19.32463140593,3.88388585796963
536.022501175981,391.953015085008,3.21079218750938
82.1795430077329,84.4436505646562,5.32353555730052
5.30055577735012,76.2556973857305,3.52863837569107
591.164289576249,225.09018197059,4.08031166970214
435.531471898456,460.962722321243,4.75318582913014
659.653089157966,374.707695051873,3.18606576098324
103.338563757858,488.950688975667,4.34714382369834
619.877360201125,91.8463648696229,4.09182106253819
418.913147946355,258.119836418458,3.62864205305205
13.2387401189732,181.524165027349,3.22119899190397
67.630155290875,115.79285522831,4.44938146035328
606.687172030102,202.079144586149,4.07153874025285
256.902827175355,216.948122084836,4.16353375048605
574.337097783906,435.807852494931,3.90013036146729
302.622381835242,138.50357348972,3.80611855477218
526.296300212254,460.08520171817,3.81517760109766
42.9135515180135,420.612419720431,3.99209595866272
188.88524749279,291.72580354055,4.1350702597369
537.15441462245,255.017220344047,3.62147660960399
171.769815514748,30.2831901887598,4.28893097741778
495.322202517384,339.574037805899,4.62634640702485
33.3401998697001,48.2251262953077,4.31628332047628
545.360091414045,143.860617691692,5.01232600312832
NA,NA,NA
662.538203787983,332.995165266802,3.48888116266174
457.630760768646,297.968283001332,3.5721384226521
11.0734732393764,495.227171941887,3.75335836430739
553.030744026766,47.4356814414972,4.1710967258631
73.2226396578272,373.904007101902,3.95170950483255
228.910237260947,417.451241542134,3.91008263559628
429.587726647052,11.4847613702777,3.46390786858811
362.731569802563,294.893917858295,2.98226179281096
605.99893652792,104.561314205785,4.15546330220761
386.848040012984,224.732739751534,4.29166071466247
569.555509232032,409.446615231462,4.77006840909436
138.447003286637,285.8420885205,4.56863057179541
203.674377555352,366.143440026611,4.03430135684838
126.71218879732,411.901028592647,3.55789618868424
625.670621704539,307.209420850451,4.51466554825501
0.0195678606487206,153.240854978585,4.1688579851319
538.282805435143,195.590145483748,4.17487734542439
35.6623097092013,490.5387786194,3.02111101919089
279.375433594014,19.32463140593,3.88388585796963
536.022501175981,391.953015085008,3.21079218750938
82.1795430077329,84.4436505646562,5.32353555730052
5.30055577735012,76.2556973857305,3.52863837569107
591.164289576249,225.09018197059,4.08031166970214
435.531471898456,460.962722321243,4.75318582913014
659.653089157966,374.707695051873,3.18606576098324
103.338563757858,488.950688975667,4.34714382369834
619.877360201125,91.8463648696229,4.09182106253819
418.913147946355,258.119836418458,3.62864205305205
13.2387401189732,181.524165027349,3.22119899190397
67.630155290875,115.79285522831,4.44938146035328
606.687172030102,202.079144586149,4.07153874025285
256.902827175355,216.948122084836,4.16353375048605
574.337097783906,435.807852494931,3.90013036146729
302.622381835242,138.50357348972,3.80611855477218
526.296300212254,460.08520171817,3.81517760109766
42.9135515180135,420.612419720431,3.99209595866272
188.88524749279,291.72580354055,4.1350702597369
537.15441462245,255.017220344047,3.62147660960399
171.769815514748,30.2831901887598,4.28893097741778
495.322202517384,339.574037805899,4.62634640702485
33.3401998697001,48.2251262953077,4.31628332047628
545.360091414045,143.860617691692,5.01232600312832
NA,NA,NA
662.538203787983,332.995165266802,3.48888116266174
457.630760768646,297.968283001332,3.5721384226521
11.0734732393764,495.227171941887,3.75335836430739
553.030744026766,47.4356814414972,4.1710967258631
73.2226396578272,373.904007101902,3.95170950483255
228.910237260947,417.451241542134,3.91008263559628
429.587726647052,11.4847613702777,3.46390786858811
362.731569802563,294.893917858295,2.98226179281096
605.99893652792,104.561314205785,4.15546330220761
386.848040012984,224.732739751534,4.29166071466247
569.555509232032,409.446615231462,4.77006840909436
138.447003286637,285.8420885205,4.56863057179541
203.674377555352,366.143440026611,4.03430135684838
126.71218879732,411.901028592647,3.55789618868424
625.670621704539,307.209420850451,4.51466554825501
0.0195678606487206,153.240854978585,4.1688579851319
538.282805435143,195.590145483748,4.17487734542439
35.6623097092013,490.5387786194,3.02111101919089
279.375433594014,19.32463140593,3.88388585796963
536.022501175981,391.953015085008,3.21079218750938
82.1795430077329,84.4436505646562,5.32353555730052
5.30055577735012,76.2556973857305,3.52863837569107
591.164289576249,225.09018197059,4.08031166970214
435.531471898456,460.962722321243,4.75318582913014
659.653089157966,374.707695051873,3.18606576098324
103.338563757858,488.950688975667,4.34714382369834
619.877360201125,91.8463648696229,4.09182106253819
418.913147946355,258.119836418458,3.62864205305205
13.2387401189732,181.524165027349,3.22119899190397
67.630155290875,115.79285522831,4.44938146035328
606.687172030102,202.079144586149,4.07153874025285
256.902827175355,216.948122084836,4.16353375048605
574.337097783906,435.807852494931,3.90013036146729
302.622381835242,138.50357348972,3.80611855477218
526.296300212254,460.08520171817,3.81517760109766
42.9135515180135,420.612419720431,3.99209595866272
188.88524749279,291.72580354055,4.1350702597369
537.15441462245,255.017220344047,3.62147660960399
171.769815514748,30.2831901887598,4.28893097741778
495.322202517384,339.574037805899,4.62634640702485
33.3401998697001,48.2251262953077,4.31628332047628
545.360091414045,143.860617691692,5.01232600312832
NA,NA,NA
662.538203787983,332.995165266802,3.48888116266174
457.630760768646,297.968283001332,3.5721384226521
11.0734732393764,495.227171941887,3.75335836430739
553.030744026766,47.4356814414972,4.1710967258631
73.2226396578272,373.904007101902,3.95170950483255
228.910237260947,417.451241542134,3.91008263559628
429.587726647052,11.4847613702777,3.46390786858811
362.731569802563,294.893917858295,2.98226179281096
605.99893652792,104.561314205785,4.15546330220761
386.848040012984,224.732739751534,4.29166071466247
569.555509232032,409.446615231462,4.77006840909436
138.447003286637,285.8420885205,4.56863057179541
203.674377555352,366.143440026611,4.03430135684838
126.71218879732,411.901028592647,3.55789618868424
625.670621704539,307.209420850451,4.51466554825501
0.0195678606487206,153.240854978585,4.1688579851319
538.282805435143,195.590145483748,4.17487734542439
35.6623097092013,490.5387786194,3.02111101919089
279.375433594014,19.32463140593,3.88388585796963
536.022501175981,391.953015085008,3.21079218750938
82.1795430077329,84.4436505646562,5.32353555730052
5.30055577735012,76.2556973857305,3.52863837569107
591.164289576249,225.09018197059,4.08031166970214
435.531471898456,460.962722321243,4.75318582913014
659.653089157966,374.707695051873,3.18606576098324
103.338563757858,488.950688975667,4.34714382369834
619.877360201125,91.8463648696229,4.09182106253819
418.913147946355,258.119836418458,3.62864205305205
13.2387401189732,181.524165027349,3.22119899190397
67.630155290875,115.79285522831,4.44938146035328
606.687172030102,202.079144586149,4.07153874025285
256.902827175355,216.948122084836,4.16353375048605
574.337097783906,435.807852494931,3.90013036146729
302.622381835242,138.50357348972,3.80611855477218
526.296300212254,460.08520171817,3.81517760109766
42.9135515180135,420.612419720431,3.99209595866272
188.88524749279,291.72580354055,4.1350702597369
537.15441462245,255.017220344047,3.62147660960399
171.769815514748,30.2831901887598,4.28893097741778
495.322202517384,339.574037805899,4.62634640702485
33.3401998697001,48.2251262953077,4.31628332047628
545.360091414045,143.860617691692,5.01232600312832
NA,NA,NA
662.538203787983,332.995165266802,3.48888116266174
457.630760768646,297.968283001332,3.5721384226521
11.0734732393764,495.227171941887,3.75335836430739
553.030744026766,47.4356814414972,4.1710967258631
73.2226396578272,373.904007101902,3.95170950483255
228.910237260947,417.451241542134,3.91008263559628
429.587726647052,11.4847613702777,3.46390786858811
362.731569802563,294.893917858295,2.98226179281096
605.99893652792,104.561314205785,4.15546330220761
386.848040012984,224.732739751534,4.29166071466247
569.555509232032,409.446615231462,4.77006840909436
138.447003286637,285.8420885205,4.56863057179541
203.674377555352,366.143440026611,4.03430135684838
126.71218879732,411.901028592647,3.55789618868424
625.670621704539,307.209420850451,4.51466554825501
0.0195678606487206,153.240854978585,4.1688579851319
538.282805435143,195.590145483748,4.17487734542439
35.6623097092013,490.5387786194,3.02111101919089
279.375433594014,19.32463140593,3.88388585796963
536.022501175981,391.953015085008,3.21079218750938
82.1795430077329,84.4436505646562,5.32353555730052
5.30055577735012,76.2556973857305,3.52863837569107
591.164289576249,225.09018197059,4.08031166970214
435.531471898456,460.962722321243,4.75318582913014
659.653089157966,374.707695051873,3.18606576098324
103.338563757858,488.950688975667,4.34714382369834
619.877360201125,91.8463648696229,4.09182106253819
418.913147946355,258.119836418458,3.62864205305205
13.2387401189732,181.524165027349,3.22119899190397
67.630155290875,115.79285522831,4.44938146035328
606.687172030102,202.079144586149,4.07153874025285
256.902827175355,216.948122084836,4.16353375048605
574.337097783906,435.807852494931,3.90013036146729
302.622381835242,138.50357348972,3.80611855477218
526.296300212254,460.08520171817,3.81517760109766
42.9135515180135,420.612419720431,3.99209595866272
188.88524749279,291.72580354055,4.1350702597369
537.15441462245,255.017220344047,3.62147660960399
171.769815514748,30.2831901887598,4.28893097741778
495.322202517384,339.574037805899,4.62634640702485
33.3401998697001,48.2251262953077,4.31628332047628
545.360091414045,143.860617691692,5.01232600312832
NA,NA,NA
658.96789348158,333.636352331703,3.53364526380556
453.122895253249,298.98533795191,3.57696767682376
5.53704407539464,497.516660961776,3.55309900735766
560.999889597985,50.3407375354377,4.16431748918365
69.0169536803413,375.783523943969,3.97533356838999
233.328266536695,418.009491673732,3.88006757450765
426.866541865033,12.3530576588087,3.40123814330721
363.832754558777,292.326868345272,3.0213924567505
600.523811015803,103.696325105177,4.29967182022678
390.894314320732,231.190165720818,4.2161808338955
570.645004146759,414.386556026182,4.71003561209957
139.533559527596,281.507278600644,4.5447131154718
199.232939328454,369.190545950036,4.07400928292407
126.425434817991,409.814381994719,3.54712438799233
630.615244116488,314.965768836057,4.65968264890421
2.70455678747694,149.118553911825,4.34115296428001
542.09436332606,205.898228501072,4.06131971488903
33.3820372619726,491.819653561959,2.96679215669753
279.333910659707,18.6018527500424,3.64468367960757
534.404282444488,392.273138339524,3.31368827958301
67.7655999092148,78.4667094620247,5.27142272076923
3.29395339654376,74.511364792361,3.42090749601406
591.656689530205,226.979228666635,3.99871706263772
436.302269875146,458.893526881921,4.80010754093252
660.8597388145,374.151606899263,3.1947776149987
100.347834448877,489.254718166578,4.33152076613174
621.532950681021,87.0159002758986,4.09459186997725
419.871972034911,258.184060851954,3.64938267637645
11.0646528727701,179.27492357525,3.16779745794865
60.9758894612118,128.927758432507,4.2730587644407
604.18918307188,196.698939016576,4.2597917421729
257.701451354843,239.603933925714,3.27380902047503
572.388971003379,444.139919650462,3.81228498875396
303.580287101807,137.317310296237,4.02850751087829
527.603366453574,461.152643127772,3.80697840852969
50.526736325629,411.357810557631,3.72355911269385
194.31866762595,284.304246754723,3.9945084941307
555.299754272952,263.048292449936,4.15077007761653
174.171131841905,33.7849239122317,4.45647311566985
493.94189228744,347.358951667503,4.53959437361313
47.2850422519222,50.4953949129749,3.57829025821349
528.522340729658,169.570356016465,4.69337442987346
NA,NA,NA
658.96789348158,333.636352331703,3.53364526380556
453.122895253249,298.98533795191,3.57696767682376
5.53704407539464,497.516660961776,3.55309900735766
560.999889597985,50.3407375354377,4.16431748918365
69.0169536803413,375.783523943969,3.97533356838999
233.328266536695,418.009491673732,3.88006757450765
426.866541865033,12.3530576588087,3.40123814330721
363.832754558777,292.326868345272,3.0213924567505
600.523811015803,103.696325105177,4.29967182022678
390.894314320732,231.190165720818,4.2161808338955
570.645004146759,414.386556026182,4.71003561209957
139.533559527596,281.507278600644,4.5447131154718
199.232939328454,369.190545950036,4.07400928292407
126.425434817991,409.814381994719,3.54712438799233
630.615244116488,314.965768836057,4.65968264890421
2.70455678747694,149.118553911825,4.34115296428001
542.09436332606,205.898228501072,4.06131971488903
33.3820372619726,491.819653561959,2.96679215669753
279.333910659707,18.6018527500424,3.64468367960757
534.404282444488,392.273138339524,3.31368827958301
67.7655999092148,78.4667094620247,5.27142272076923
3.29395339654376,74.511364792361,3.42090749601406
591.656689530205,226.979228666635,3.99871706263772
436.302269875146,458.893526881921,4.80010754093252
660.8597388145,374.151606899263,3.1947776149987
100.347834448877,489.254718166578,4.33152076613174
621.532950681021,87.0159002758986,4.09459186997725
419.871972034911,258.184060851954,3.64938267637645
11.0646528727701,179.27492357525,3.16779745794865
60.9758894612118,128.927758432507,4.2730587644407
604.18918307188,196.698939016576,4.2597917421729
257.701451354843,239.603933925714,3.27380902047503
572.388971003379,444.139919650462,3.81228498875396
303.580287101807,137.317310296237,4.02850751087829
527.603366453574,461.152643127772,3.80697840852969
50.526736325629,411.357810557631,3.72355911269385
194.31866762595,284.304246754723,3.9945084941307
555.299754272952,263.048292449936,4.15077007761653
174.171131841905,33.7849239122317,4.45647311566985
493.94189228744,347.358951667503,4.53959437361313
47.2850422519222,50.4953949129749,3.57829025821349
528.522340729658,169.570356016465,4.69337442987346
NA,NA,NA
658.96789348158,333.636352331703,3.53364526380556
453.122895253249,298.98533795191,3.57696767682376
5.53704407539464,497.516660961776,3.55309900735766
560.999889597985,50.3407375354377,4.16431748918365
69.0169536803413,375.783523943969,3.97533356838999
233.328266536695,418.009491673732,3.88006757450765
426.866541865033,12.3530576588087,3.40123814330721
363.832754558777,292.326868345272,3.0213924567505
600.523811015803,103.696325105177,4.29967182022678
390.894314320732,231.190165720818,4.2161808338955
570.645004146759,414.386556026182,4.71003561209957
139.533559527596,281.507278600644,4.5447131154718
199.232939328454,369.190545950036,4.07400928292407
126.425434817991,409.814381994719,3.54712438799233
630.615244116488,314.965768836057,4.65968264890421
2.70455678747694,149.118553911825,4.34115296428001
542.09436332606,205.898228501072,4.06131971488903
33.3820372619726,491.819653561959,2.96679215669753
279.333910659707,18.6018527500424,3.64468367960757
534.404282444488,392.273138339524,3.31368827958301
67.7655999092148,78.4667094620247,5.27142272076923
3.29395339654376,74.511364792361,3.42090749601406
591.656689530205,226.979228666635,3.99871706263772
436.302269875146,458.893526881921,4.80010754093252
660.8597388145,374.151606899263,3.1947776149987
100.347834448877,489.254718166578,4.33152076613174
621.532950681021,87.0159002758986,4.09459186997725
419.871972034911,258.184060851954,3.64938267637645
11.0646528727701,179.27492357525,3.16779745794865
60.9758894612118,128.927758432507,4.2730587644407
604.18918307188,196.698939016576,4.2597917421729
257.701451354843,239.603933925714,3.27380902047503
572.388971003379,444.139919650462,3.81228498875396
303.580287101807,137.317310296237,4.02850751087829
527.603366453574,461.152643127772,3.80697840852969
50.526736325629,411.357810557631,3.72355911269385
194.31866762595,284.304246754723,3.9945084941307
555.299754272952,263.048292449936,4.15077007761653
174.171131841905,33.7849239122317,4.45647311566985
493.94189228744,347.358951667503,4.53959437361313
47.2850422519222,50.4953949129749,3.57829025821349
528.522340729658,169.570356016465,4.69337442987346
NA,NA,NA
658.96789348158,333.636352331703,3.53364526380556
453.122895253249,298.98533795191,3.57696767682376
5.53704407539464,497.516660961776,3.55309900735766
560.999889597985,50.3407375354377,4.16431748918365
69.0169536803413,375.783523943969,3.97533356838999
233.328266536695,418.009491673732,3.88006757450765
426.866541865033,12.3530576588087,3.40123814330721
363.832754558777,292.326868345272,3.0213924567505
600.523811015803,103.696325105177,4.29967182022678
390.894314320732,231.190165720818,4.2161808338955
570.645004146759,414.386556026182,4.71003561209957
139.533559527596,281.507278600644,4.5447131154718
199.232939328454,369.190545950036,4.07400928292407
126.425434817991,409.814381994719,3.54712438799233
630.615244116488,314.965768836057,4.65968264890421
2.70455678747694,149.118553911825,4.34115296428001
542.09436332606,205.898228501072,4.06131971488903
33.3820372619726,491.819653561959,2.96679215669753
279.333910659707,18.6018527500424,3.64468367960757
534.404282444488,392.273138339524,3.31368827958301
67.7655999092148,78.4667094620247,5.27142272076923
3.29395339654376,74.511364792361,3.42090749601406
591.656689530205,226.979228666635,3.99871706263772
436.302269875146,458.893526881921,4.80010754093252
660.8597388145,374.151606899263,3.1947776149987
100.347834448877,489.254718166578,4.33152076613174
621.532950681021,87.0159002758986,4.09459186997725
419.871972034911,258.184060851954,3.64938267637645
11.0646528727701,179.27492357525,3.16779745794865
60.9758894612118,128.927758432507,4.2730587644407
604.18918307188,196.698939016576,4.2597917421729
257.701451354843,239.603933925714,3.27380902047503
572.388971003379,444.139919650462,3.81228498875396
303.580287101807,137.317310296237,4.02850751087829
527.603366453574,461.152643127772,3.80697840852969
50.526736325629,411.357810557631,3.72355911269385
194.31866762595,284.304246754723,3.9945084941307
555.299754272952,263.048292449936,4.15077007761653
174.171131841905,33.7849239122317,4.45647311566985
493.94189228744,347.358951667503,4.53959437361313
47.2850422519222,50.4953949129749,3.57829025821349
528.522340729658,169.570356016465,4.69337442987346
NA,NA,NA
658.96789348158,333.636352331703,3.53364526380556
453.122895253249,298.98533795191,3.57696767682376
5.53704407539464,497.516660961776,3.55309900735766
560.999889597985,50.3407375354377,4.16431748918365
69.0169536803413,375.783523943969,3.97533356838999
233.328266536695,418.009491673732,3.88006757450765
426.866541865033,12.3530576588087,3.40123814330721
363.832754558777,292.326868345272,3.0213924567505
600.523811015803,103.696325105177,4.29967182022678
390.894314320732,231.190165720818,4.2161808338955
570.645004146759,414.386556026182,4.71003561209957
139.533559527596,281.507278600644,4.5447131154718
199.232939328454,369.190545950036,4.07400928292407
126.425434817991,409.814381994719,3.54712438799233
630.615244116488,314.965768836057,4.65968264890421
2.70455678747694,149.118553911825,4.34115296428001
542.09436332606,205.898228501072,4.06131971488903
33.3820372619726,491.819653561959,2.96679215669753
279.333910659707,18.6018527500424,3.64468367960757
534.404282444488,392.273138339524,3.31368827958301
67.7655999092148,78.4667094620247,5.27142272076923
3.29395339654376,74.511364792361,3.42090749601406
591.656689530205,226.979228666635,3.99871706263772
436.302269875146,458.893526881921,4.80010754093252
660.8597388145,374.151606899263,3.1947776149987
100.347834448877,489.254718166578,4.33152076613174
621.532950681021,87.0159002758986,4.09459186997725
419.871972034911,258.184060851954,3.64938267637645
11.0646528727701,179.27492357525,3.16779745794865
60.9758894612118,128.927758432507,4.2730587644407
604.18918307188,196.698939016576,4.2597917421729
257.701451354843,239.603933925714,3.27380902047503
572.388971003379,444.139919650462,3.81228498875396
303.580287101807,137.317310296237,4.02850751087829
527.603366453574,461.152643127772,3.80697840852969
50.526736325629,411.357810557631,3.72355911269385
194.31866762595,284.304246754723,3.9945084941307
555.299754272952,263.048292449936,4.15077007761653
174.171131841905,33.7849239122317,4.45647311566985
493.94189228744,347.358951667503,4.53959437361313
47.2850422519222,50.4953949129749,3.57829025821349
528.522340729658,169.570356016465,4.69337442987346
NA,NA,NA
658.96789348158,333.636352331703,3.53364526380556
453.122895253249,298.98533795191,3.57696767682376
5.53704407539464,497.516660961776,3.55309900735766
560.999889597985,50.3407375354377,4.16431748918365
69.0169536803413,375.783523943969,3.97533356838999
233.328266536695,418.009491673732,3.88006757450765
426.866541865033,12.3530576588087,3.40123814330721
363.832754558777,292.326868345272,3.0213924567505
600.523811015803,103.696325105177,4.29967182022678
390.894314320732,231.190165720818,4.2161808338955
570.645004146759,414.386556026182,4.71003561209957
139.533559527596,281.507278600644,4.5447131154718
199.232939328454,369.190545950036,4.07400928292407
126.425434817991,409.814381994719,3.54712438799233
630.615244116488,314.965768836057,4.65968264890421
2.70455678747694,149.118553911825,4.34115296428001
542.09436332606,205.898228501072,4.06131971488903
33.3820372619726,491.819653561959,2.96679215669753
279.333910659707,18.6018527500424,3.64468367960757
534.404282444488,392.273138339524,3.31368827958301
67.7655999092148,78.4667094620247,5.27142272076923
3.29395339654376,74.511364792361,3.42090749601406
591.656689530205,226.979228666635,3.99871706263772
436.302269875146,458.893526881921,4.80010754093252
660.8597388145,374.151606899263,3.1947776149987
100.347834448877,489.254718166578,4.33152076613174
621.532950681021,87.0159002758986,4.09459186997725
419.871972034911,258.184060851954,3.64938267637645
11.0646528727701,179.27492357525,3.16779745794865
60.9758894612118,128.927758432507,4.2730587644407
604.18918307188,196.698939016576,4.2597917421729
257.701451354843,239.603933925714,3.27380902047503
572.388971003379,444.139919650462,3.81228498875396
303.580287101807,137.317310296237,4.02850751087829
527.603366453574,461.152643127772,3.80697840852969
50.526736325629,411.357810557631,3.72355911269385
194.31866762595,284.304246754723,3.9945084941307
555.299754272952,263.048292449936,4.15077007761653
174.171131841905,33.7849239122317,4.45647311566985
493.94189228744,347.358951667503,4.53959437361313
47.2850422519222,50.4953949129749,3.57829025821349
528.522340729658,169.570356016465,4.69337442987346
NA,NA,NA
664.087556128349,335.753547828351,3.55478715153339
458.593586046692,298.555668955897,3.56650686896134
12.4512147821631,493.535092230655,3.50118412258775
563.0236679083,51.31510800816,4.11768267883466
71.1261318950728,379.349394180656,3.93189178002823
232.511887907142,417.507451325631,3.92066659023325
427.844761788022,11.9634624763357,3.08645680945723
362.043047631628,292.281391602137,3.07821049964968
603.253547944754,107.787488588235,4.17190144036539
388.321589153345,227.364468812442,4.15918542765897
571.361274986175,401.684258353266,4.71784393409213
142.156207610177,285.601042517544,4.68437217241289
199.334562924996,368.634894394904,4.04543123179445
127.267970404849,408.915926049203,3.29160561571575
634.32222839892,309.647735890195,4.64136024283292
1.41375104731977,150.066253548142,4.34437726373904
543.092307243939,202.250399105488,4.19989461829716
34.8874728666625,493.397384729724,3.02111856347009
280.690363573937,26.6430483357012,4.0261879896181
533.082474361318,394.135215931785,3.1924260784157
70.5864004363564,81.3412312535574,5.29646780882994
5.13638124365521,75.7962745179822,3.65180360544649
591.30314976279,231.362404018206,3.96258176494179
438.547775848615,456.383278599721,4.73178086965804
661.628794240455,375.471985086929,3.0594473534611
108.491279358093,489.605189855171,4.48358450649605
621.435954377023,85.3220935571816,4.05168023915579
421.083770205458,258.111856331994,3.61236646065574
9.5640814529826,181.256507915269,3.27494334711571
66.2463618729339,129.387014814747,4.58299193603729
604.20044006159,200.354859215461,3.91754677426351
246.147767138934,221.188202041739,3.38385262663648
554.936826821898,431.623681533905,3.94021547570466
301.718910105737,142.07221190799,3.90930175591861
525.174329435372,460.804986656394,3.6051474901601
46.1984482654744,414.342976940154,3.52442231147767
188.012763757024,275.252997411345,4.14551392833009
551.322783950447,255.929199740424,3.7756989062888
173.911238031218,42.549063202135,4.54626207150742
488.298587079852,342.91596786327,4.94122025399863
35.2751210370709,46.6461960357925,3.61600350002703
545.909699489929,144.787087759975,4.51949770744278
NA,NA,NA
664.087556128349,335.753547828351,3.55478715153339
458.593586046692,298.555668955897,3.56650686896134
12.4512147821631,493.535092230655,3.50118412258775
563.0236679083,51.31510800816,4.11768267883466
71.1261318950728,379.349394180656,3.93189178002823
232.511887907142,417.507451325631,3.92066659023325
427.844761788022,11.9634624763357,3.08645680945723
362.043047631628,292.281391602137,3.07821049964968
603.253547944754,107.787488588235,4.17190144036539
388.321589153345,227.364468812442,4.15918542765897
571.361274986175,401.684258353266,4.71784393409213
142.156207610177,285.601042517544,4.68437217241289
199.334562924996,368.634894394904,4.04543123179445
127.267970404849,408.915926049203,3.29160561571575
634.32222839892,309.647735890195,4.64136024283292
1.41375104731977,150.066253548142,4.34437726373904
543.092307243939,202.250399105488,4.19989461829716
34.8874728666625,493.397384729724,3.02111856347009
280.690363573937,26.6430483357012,4.0261879896181
533.082474361318,394.135215931785,3.1924260784157
70.5864004363564,81.3412312535574,5.29646780882994
5.13638124365521,75.7962745179822,3.65180360544649
591.30314976279,231.362404018206,3.96258176494179
438.547775848615,456.383278599721,4.73178086965804
661.628794240455,375.471985086929,3.0594473534611
108.491279358093,489.605189855171,4.48358450649605
621.435954377023,85.3220935571816,4.05168023915579
421.083770205458,258.111856331994,3.61236646065574
9.5640814529826,181.256507915269,3.27494334711571
66.2463618729339,129.387014814747,4.58299193603729
604.20044006159,200.354859215461,3.91754677426351
246.147767138934,221.188202041739,3.38385262663648
554.936826821898,431.623681533905,3.94021547570466
301.718910105737,142.07221190799,3.90930175591861
525.174329435372,460.804986656394,3.6051474901601
46.1984482654744,414.342976940154,3.52442231147767
188.012763757024,275.252997411345,4.14551392833009
551.322783950447,255.929199740424,3.7756989062888
173.911238031218,42.549063202135,4.54626207150742
488.298587079852,342.91596786327,4.94122025399863
35.2751210370709,46.6461960357925,3.61600350002703
545.909699489929,144.787087759975,4.51949770744278
NA,NA,NA
664.087556128349,335.753547828351,3.55478715153339
458.593586046692,298.555668955897,3.56650686896134
12.4512147821631,493.535092230655,3.50118412258775
563.0236679083,51.31510800816,4.11768267883466
71.1261318950728,379.349394180656,3.93189178002823
232.511887907142,417.507451325631,3.92066659023325
427.844761788022,11.9634624763357,3.08645680945723
362.043047631628,292.281391602137,3.07821049964968
603.253547944754,107.787488588235,4.17190144036539
388.321589153345,227.364468812442,4.15918542765897
571.361274986175,401.684258353266,4.71784393409213
142.156207610177,285.601042517544,4.68437217241289
199.334562924996,368.634894394904,4.04543123179445
127.267970404849,408.915926049203,3.29160561571575
634.32222839892,309.647735890195,4.64136024283292
1.41375104731977,150.066253548142,4.34437726373904
543.092307243939,202.250399105488,4.19989461829716
34.8874728666625,493.397384729724,3.02111856347009
280.690363573937,26.6430483357012,4.0261879896181
533.082474361318,394.135215931785,3.1924260784157
70.5864004363564,81.3412312535574,5.29646780882994
5.13638124365521,75.7962745179822,3.65180360544649
591.30314976279,231.362404018206,3.96258176494179
438.547775848615,456.383278599721,4.73178086965804
661.628794240455,375.471985086929,3.0594473534611
108.491279358093,489.605189855171,4.48358450649605
621.435954377023,85.3220935571816,4.05168023915579
421.083770205458,258.111856331994,3.61236646065574
9.5640814529826,181.256507915269,3.27494334711571
66.2463618729339,129.387014814747,4.58299193603729
604.20044006159,200.354859215461,3.91754677426351
246.147767138934,221.188202041739,3.38385262663648
554.936826821898,431.623681533905,3.94021547570466
301.718910105737,142.07221190799,3.90930175591861
525.174329435372,460.804986656394,3.6051474901601
46.1984482654744,414.342976940154,3.52442231147767
188.012763757024,275.252997411345,4.14551392833009
551.322783950447,255.929199740424,3.7756989062888
173.911238031218,42.549063202135,4.54626207150742
488.298587079852,342.91596786327,4.94122025399863
35.2751210370709,46.6461960357925,3.61600350002703
545.909699489929,144.787087759975,4.51949770744278
NA,NA,NA
664.087556128349,335.753547828351,3.55478715153339
458.593586046692,298.555668955897,3.56650686896134
12.4512147821631,493.535092230655,3.50118412258775
563.0236679083,51.31510800816,4.11768267883466
71.1261318950728,379.349394180656,3.93189178002823
232.511887907142,417.507451325631,3.92066659023325
427.844761788022,11.9634624763357,3.08645680945723
362.043047631628,292.281391602137,3.07821049964968
603.253547944754,107.787488588235,4.17190144036539
388.321589153345,227.364468812442,4.15918542765897
571.361274986175,401.684258353266,4.71784393409213
142.156207610177,285.601042517544,4.68437217241289
199.334562924996,368.634894394904,4.04543123179445
127.267970404849,408.915926049203,3.29160561571575
634.32222839892,309.647735890195,4.64136024283292
1.41375104731977,150.066253548142,4.34437726373904
543.092307243939,202.250399105488,4.19989461829716
34.8874728666625,493.397384729724,3.02111856347009
280.690363573937,26.6430483357012,4.0261879896181
533.082474361318,394.135215931785,3.1924260784157
70.5864004363564,81.3412312535574,5.29646780882994
5.13638124365521,75.7962745179822,3.65180360544649
591.30314976279,231.362404018206,3.96258176494179
438.547775848615,456.383278599721,4.73178086965804
661.628794240455,375.471985086929,3.0594473534611
108.491279358093,489.605189855171,4.48358450649605
621.435954377023,85.3220935571816,4.05168023915579
421.083770205458,258.111856331994,3.61236646065574
9.5640814529826,181.256507915269,3.27494334711571
66.2463618729339,129.387014814747,4.58299193603729
604.20044006159,200.354859215461,3.91754677426351
246.147767138934,221.188202041739,3.38385262663648
554.936826821898,431.623681533905,3.94021547570466
301.718910105737,142.07221190799,3.90930175591861
525.174329435372,460.804986656394,3.6051474901601
46.1984482654744,414.342976940154,3.52442231147767
188.012763757024,275.252997411345,4.14551392833009
551.322783950447,255.929199740424,3.7756989062888
173.911238031218,42.549063202135,4.54626207150742
488.298587079852,342.91596786327,4.94122025399863
35.2751210370709,46.6461960357925,3.61600350002703
545.909699489929,144.787087759975,4.51949770744278
NA,NA,NA
664.087556128349,335.753547828351,3.55478715153339
458.593586046692,298.555668955897,3.56650686896134
12.4512147821631,493.535092230655,3.50118412258775
563.0236679083,51.31510800816,4.11768267883466
71.1261318950728,379.349394180656,3.93189178002823
232.511887907142,417.507451325631,3.92066659023325
427.844761788022,11.9634624763357,3.08645680945723
362.043047631628,292.281391602137,3.07821049964968
603.253547944754,107.787488588235,4.17190144036539
388.321589153345,227.364468812442,4.15918542765897
571.361274986175,401.684258353266,4.71784393409213
142.156207610177,285.601042517544,4.68437217241289
199.334562924996,368.634894394904,4.04543123179445
127.267970404849,408.915926049203,3.29160561571575
634.32222839892,309.647735890195,4.64136024283292
1.41375104731977,150.066253548142,4.34437726373904
543.092307243939,202.250399105488,4.19989461829716
34.8874728666625,493.397384729724,3.02111856347009
280.690363573937,26.6430483357012,4.0261879896181
533.082474361318,394.135215931785,3.1924260784157
70.5864004363564,81.3412312535574,5.29646780882994
5.13638124365521,75.7962745179822,3.65180360544649
591.30314976279,231.362404018206,3.96258176494179
438.547775848615,456.383278599721,4.73178086965804
661.628794240455,375.471985086929,3.0594473534611
108.491279358093,489.605189855171,4.48358450649605
621.435954377023,85.3220935571816,4.05168023915579
421.083770205458,258.111856331994,3.61236646065574
9.5640814529826,181.256507915269,3.27494334711571
66.2463618729339,129.387014814747,4.58299193603729
604.20044006159,200.354859215461,3.91754677426351
246.147767138934,221.188202041739,3.38385262663648
554.936826821898,431.623681533905,3.94021547570466
301.718910105737,142.07221190799,3.90930175591861
525.174329435372,460.804986656394,3.6051474901601
46.1984482654744,414.342976940154,3.52442231147767
188.012763757024,275.252997411345,4.14551392833009
551.322783950447,255.929199740424,3.7756989062888
173.911238031218,42.549063202135,4.54626207150742
488.298587079852,342.91596786327,4.94122025399863
35.2751210370709,46.6461960357925,3.61600350002703
545.909699489929,144.787087759975,4.51949770744278
NA,NA,NA
664.087556128349,335.753547828351,3.55478715153339
458.593586046692,298.555668955897,3.56650686896134
12.4512147821631,493.535092230655,3.50118412258775
563.0236679083,51.31510800816,4.11768267883466
71.1261318950728,379.349394180656,3.93189178002823
232.511887907142,417.507451325631,3.92066659023325
427.844761788022,11.9634624763357,3.08645680945723
362.043047631628,292.281391602137,3.07821049964968
603.253547944754,107.787488588235,4.17190144036539
388.321589153345,227.364468812442,4.15918542765897
571.361274986175,401.684258353266,4.71784393409213
142.156207610177,285.601042517544,4.68437217241289
199.334562924996,368.634894394904,4.04543123179445
127.267970404849,408.915926049203,3.29160561571575
634.32222839892,309.647735890195,4.64136024283292
1.41375104731977,150.066253548142,4.34437726373904
543.092307243939,202.250399105488,4.19989461829716
34.8874728666625,493.397384729724,3.02111856347009
280.690363573937,26.6430483357012,4.0261879896181
533.082474361318,394.135215931785,3.1924260784157
70.5864004363564,81.3412312535574,5.29646780882994
5.13638124365521,75.7962745179822,3.65180360544649
591.30314976279,231.362404018206,3.96258176494179
438.547775848615,456.383278599721,4.73178086965804
661.628794240455,375.471985086929,3.0594473534611
108.491279358093,489.605189855171,4.48358450649605
621.435954377023,85.3220935571816,4.05168023915579
421.083770205458,258.111856331994,3.61236646065574
9.5640814529826,181.256507915269,3.27494334711571
66.2463618729339,129.387014814747,4.58299193603729
604.20044006159,200.354859215461,3.91754677426351
246.147767138934,221.188202041739,3.38385262663648
554.936826821898,431.623681533905,3.94021547570466
301.718910105737,142.07221190799,3.90930175591861
525.174329435372,460.804986656394,3.6051474901601
46.1984482654744,414.342976940154,3.52442231147767
188.012763757024,275.252997411345,4.14551392833009
551.322783950447,255.929199740424,3.7756989062888
173.911238031218,42.549063202135,4.54626207150742
488.298587079852,342.91596786327,4.94122025399863
35.2751210370709,46.6461960357925,3.61600350002703
545.909699489929,144.787087759975,4.51949770744278
NA,NA,NA
663.363080142776,336.373802801588,3.34681862470999
456.648041917059,298.838674886557,3.43091417292612
11.1131882975436,496.744596233759,3.70125980235532
556.894717944936,54.5545579025511,4.19716785778919
70.6404438902198,372.989088856308,3.77191982824562
229.59029390668,413.402363842867,3.86892388036165
429.657703153766,15.0075085365019,3.27044933537652
364.026132545705,293.101893003517,3.1606190122068
604.742744468831,111.252397443711,4.03443129278378
395.439381643268,229.908712550395,4.18388750242142
575.543746106221,407.758740298851,4.68345241475455
144.17345662798,290.883870573924,4.63224220538339
195.304901827099,365.168881036734,3.9612567100518
128.349087584359,409.293638526568,3.41179207799662
623.587923198255,308.996932745377,4.44883192761796
-2.70676990143656,148.239005356269,4.26651066486006
542.884264701167,205.951958377869,4.16468345570891
34.2463772504766,491.737721138738,2.99434329588659
278.891513876225,22.3369544256954,3.82970462324847
534.461724990884,390.851127690342,3.26671327514067
76.4645206531799,74.1891909599032,5.27466876905156
7.75091633763109,75.5335173878023,3.41416601176509
588.060927219218,227.36362960391,4.0202842485194
433.899706946731,459.933573898454,4.69162640018426
658.055200162984,374.57835030457,3.11370036799383
105.623520303659,483.031522136361,4.49588886307272
620.993402288145,93.0627740130809,4.0231526436363
419.860745785191,254.467045992292,3.60042545185187
12.2579118261586,182.800625470815,3.07720734465644
82.1031457235755,98.9450694953238,4.25250926894883
632.476185790308,185.273311301369,4.07634274111944
255.728602488806,223.022667065706,3.74266373341454
578.060207423099,436.057515283243,3.75057304076591
301.34557456402,133.942176016414,4.01255110665022
528.910548963127,448.21874032703,3.91755173928817
48.149318305968,419.711608259196,3.54124106657367
199.47751548873,287.627172949776,4.27189421641646
552.785080131594,259.971254308548,4.01620353598114
163.239101110372,32.8994561058295,4.270481754904
500.11721396175,347.239560003494,4.46603127073614
39.9987940346234,53.5791559028481,3.76024450516721
537.185713916351,163.355366522091,4.58525184981567
NA,NA,NA
663.363080142776,336.373802801588,3.34681862470999
456.648041917059,298.838674886557,3.43091417292612
11.1131882975436,496.744596233759,3.70125980235532
556.894717944936,54.5545579025511,4.19716785778919
70.6404438902198,372.989088856308,3.77191982824562
229.59029390668,413.402363842867,3.86892388036165
429.657703153766,15.0075085365019,3.27044933537652
364.026132545705,293.101893003517,3.1606190122068
604.742744468831,111.252397443711,4.03443129278378
395.439381643268,229.908712550395,4.18388750242142
575.543746106221,407.758740298851,4.68345241475455
144.17345662798,290.883870573924,4.63224220538339
195.304901827099,365.168881036734,3.9612567100518
128.349087584359,409.293638526568,3.41179207799662
623.587923198255,308.996932745377,4.44883192761796
-2.70676990143656,148.239005356269,4.26651066486006
542.884264701167,205.951958377869,4.16468345570891
34.2463772504766,491.737721138738,2.99434329588659
278.891513876225,22.3369544256954,3.82970462324847
534.461724990884,390.851127690342,3.26671327514067
76.4645206531799,74.1891909599032,5.27466876905156
7.75091633763109,75.5335173878023,3.41416601176509
588.060927219218,227.36362960391,4.0202842485194
433.899706946731,459.933573898454,4.69162640018426
658.055200162984,374.57835030457,3.11370036799383
105.623520303659,483.031522136361,4.49588886307272
620.993402288145,93.0627740130809,4.0231526436363
419.860745785191,254.467045992292,3.60042545185187
12.2579118261586,182.800625470815,3.07720734465644
82.1031457235755,98.9450694953238,4.25250926894883
632.476185790308,185.273311301369,4.07634274111944
255.728602488806,223.022667065706,3.74266373341454
578.060207423099,436.057515283243,3.75057304076591
301.34557456402,133.942176016414,4.01255110665022
528.910548963127,448.21874032703,3.91755173928817
48.149318305968,419.711608259196,3.54124106657367
199.47751548873,287.627172949776,4.27189421641646
552.785080131594,259.971254308548,4.01620353598114
163.239101110372,32.8994561058295,4.270481754904
500.11721396175,347.239560003494,4.46603127073614
39.9987940346234,53.5791559028481,3.76024450516721
537.185713916351,163.355366522091,4.58525184981567
NA,NA,NA
663.363080142776,336.373802801588,3.34681862470999
456.648041917059,298.838674886557,3.43091417292612
11.1131882975436,496.744596233759,3.70125980235532
556.894717944936,54.5545579025511,4.19716785778919
70.6404438902198,372.989088856308,3.77191982824562
229.59029390668,413.402363842867,3.86892388036165
429.657703153766,15.0075085365019,3.27044933537652
364.026132545705,293.101893003517,3.1606190122068
604.742744468831,111.252397443711,4.03443129278378
395.439381643268,229.908712550395,4.18388750242142
575.543746106221,407.758740298851,4.68345241475455
144.17345662798,290.883870573924,4.63224220538339
195.304901827099,365.168881036734,3.9612567100518
128.349087584359,409.293638526568,3.41179207799662
623.587923198255,308.996932745377,4.44883192761796
-2.70676990143656,148.239005356269,4.26651066486006
542.884264701167,205.951958377869,4.16468345570891
34.2463772504766,491.737721138738,2.99434329588659
278.891513876225,22.3369544256954,3.82970462324847
534.461724990884,390.851127690342,3.26671327514067
76.4645206531799,74.1891909599032,5.27466876905156
7.75091633763109,75.5335173878023,3.41416601176509
588.060927219218,227.36362960391,4.0202842485194
433.899706946731,459.933573898454,4.69162640018426
658.055200162984,374.57835030457,3.11370036799383
105.623520303659,483.031522136361,4.49588886307272
620.993402288145,93.0627740130809,4.0231526436363
419.860745785191,254.467045992292,3.60042545185187
12.2579118261586,182.800625470815,3.07720734465644
82.1031457235755,98.9450694953238,4.25250926894883
632.476185790308,185.273311301369,4.07634274111944
255.728602488806,223.022667065706,3.74266373341454
578.060207423099,436.057515283243,3.75057304076591
301.34557456402,133.942176016414,4.01255110665022
528.910548963127,448.21874032703,3.91755173928817
48.149318305968,419.711608259196,3.54124106657367
199.47751548873,287.627172949776,4.27189421641646
552.785080131594,259.971254308548,4.01620353598114
163.239101110372,32.8994561058295,4.270481754904
500.11721396175,347.239560003494,4.46603127073614
39.9987940346234,53.5791559028481,3.76024450516721
537.185713916351,163.355366522091,4.58525184981567
NA,NA,NA
663.363080142776,336.373802801588,3.34681862470999
456.648041917059,298.838674886557,3.43091417292612
11.1131882975436,496.744596233759,3.70125980235532
556.894717944936,54.5545579025511,4.19716785778919
70.6404438902198,372.989088856308,3.77191982824562
229.59029390668,413.402363842867,3.86892388036165
429.657703153766,15.0075085365019,3.27044933537652
364.026132545705,293.101893003517,3.1606190122068
604.742744468831,111.252397443711,4.03443129278378
395.439381643268,229.908712550395,4.18388750242142
575.543746106221,407.758740298851,4.68345241475455
144.17345662798,290.883870573924,4.63224220538339
195.304901827099,365.168881036734,3.9612567100518
128.349087584359,409.293638526568,3.41179207799662
623.587923198255,308.996932745377,4.44883192761796
-2.70676990143656,148.239005356269,4.26651066486006
542.884264701167,205.951958377869,4.16468345570891
34.2463772504766,491.737721138738,2.99434329588659
278.891513876225,22.3369544256954,3.82970462324847
534.461724990884,390.851127690342,3.26671327514067
76.4645206531799,74.1891909599032,5.27466876905156
7.75091633763109,75.5335173878023,3.41416601176509
588.060927219218,227.36362960391,4.0202842485194
433.899706946731,459.933573898454,4.69162640018426
658.055200162984,374.57835030457,3.11370036799383
105.623520303659,483.031522136361,4.49588886307272
620.993402288145,93.0627740130809,4.0231526436363
419.860745785191,254.467045992292,3.60042545185187
12.2579118261586,182.800625470815,3.07720734465644
82.1031457235755,98.9450694953238,4.25250926894883
632.476185790308,185.273311301369,4.07634274111944
255.728602488806,223.022667065706,3.74266373341454
578.060207423099,436.057515283243,3.75057304076591
301.34557456402,133.942176016414,4.01255110665022
528.910548963127,448.21874032703,3.91755173928817
48.149318305968,419.711608259196,3.54124106657367
199.47751548873,287.627172949776,4.27189421641646
552.785080131594,259.971254308548,4.01620353598114
163.239101110372,32.8994561058295,4.270481754904
500.11721396175,347.239560003494,4.46603127073614
39.9987940346234,53.5791559028481,3.76024450516721
537.185713916351,163.355366522091,4.58525184981567
NA,NA,NA
663.363080142776,336.373802801588,3.34681862470999
456.648041917059,298.838674886557,3.43091417292612
11.1131882975436,496.744596233759,3.70125980235532
556.894717944936,54.5545579025511,4.19716785778919
70.6404438902198,372.989088856308,3.77191982824562
229.59029390668,413.402363842867,3.86892388036165
429.657703153766,15.0075085365019,3.27044933537652
364.026132545705,293.101893003517,3.1606190122068
604.742744468831,111.252397443711,4.03443129278378
395.439381643268,229.908712550395,4.18388750242142
575.543746106221,407.758740298851,4.68345241475455
144.17345662798,290.883870573924,4.63224220538339
195.304901827099,365.168881036734,3.9612567100518
128.349087584359,409.293638526568,3.41179207799662
623.587923198255,308.996932745377,4.44883192761796
-2.70676990143656,148.239005356269,4.26651066486006
542.884264701167,205.951958377869,4.16468345570891
34.2463772504766,491.737721138738,2.99434329588659
278.891513876225,22.3369544256954,3.82970462324847
534.461724990884,390.851127690342,3.26671327514067
76.4645206531799,74.1891909599032,5.27466876905156
7.75091633763109,75.5335173878023,3.41416601176509
588.060927219218,227.36362960391,4.0202842485194
433.899706946731,459.933573898454,4.69162640018426
658.055200162984,374.57835030457,3.11370036799383
105.623520303659,483.031522136361,4.49588886307272
620.993402288145,93.0627740130809,4.0231526436363
419.860745785191,254.467045992292,3.60042545185187
12.2579118261586,182.800625470815,3.07720734465644
82.1031457235755,98.9450694953238,4.25250926894883
632.476185790308,185.273311301369,4.07634274111944
255.728602488806,223.022667065706,3.74266373341454
578.060207423099,436.057515283243,3.75057304076591
301.34557456402,133.942176016414,4.01255110665022
528.910548963127,448.21874032703,3.91755173928817
48.149318305968,419.711608259196,3.54124106657367
199.47751548873,287.627172949776,4.27189421641646
552.785080131594,259.971254308548,4.01620353598114
163.239101110372,32.8994561058295,4.270481754904
500.11721396175,347.239560003494,4.46603127073614
39.9987940346234,53.5791559028481,3.76024450516721
537.185713916351,163.355366522091,4.58525184981567
NA,NA,NA
663.363080142776,336.373802801588,3.34681862470999
456.648041917059,298.838674886557,3.43091417292612
11.1131882975436,496.744596233759,3.70125980235532
556.894717944936,54.5545579025511,4.19716785778919
70.6404438902198,372.989088856308,3.77191982824562
229.59029390668,413.402363842867,3.86892388036165
429.657703153766,15.0075085365019,3.27044933537652
364.026132545705,293.101893003517,3.1606190122068
604.742744468831,111.252397443711,4.03443129278378
395.439381643268,229.908712550395,4.18388750242142
575.543746106221,407.758740298851,4.68345241475455
144.17345662798,290.883870573924,4.63224220538339
195.304901827099,365.168881036734,3.9612567100518
128.349087584359,409.293638526568,3.41179207799662
623.587923198255,308.996932745377,4.44883192761796
-2.70676990143656,148.239005356269,4.26651066486006
542.884264701167,205.951958377869,4.16468345570891
34.2463772504766,491.737721138738,2.99434329588659
278.891513876225,22.3369544256954,3.82970462324847
534.461724990884,390.851127690342,3.26671327514067
76.4645206531799,74.1891909599032,5.27466876905156
7.75091633763109,75.5335173878023,3.41416601176509
588.060927219218,227.36362960391,4.0202842485194
433.899706946731,459.933573898454,4.69162640018426
658.055200162984,374.57835030457,3.11370036799383
105.623520303659,483.031522136361,4.49588886307272
620.993402288145,93.0627740130809,4.0231526436363
419.860745785191,254.467045992292,3.60042545185187
12.2579118261586,182.800625470815,3.07720734465644
82.1031457235755,98.9450694953238,4.25250926894883
632.476185790308,185.273311301369,4.07634274111944
255.728602488806,223.022667065706,3.74266373341454
578.060207423099,436.057515283243,3.75057304076591
301.34557456402,133.942176016414,4.01255110665022
528.910548963127,448.21874032703,3.91755173928817
48.149318305968,419.711608259196,3.54124106657367
199.47751548873,287.627172949776,4.27189421641646
552.785080131594,259.971254308548,4.01620353598114
163.239101110372,32.8994561058295,4.270481754904
500.11721396175,347.239560003494,4.46603127073614
39.9987940346234,53.5791559028481,3.76024450516721
537.185713916351,163.355366522091,4.58525184981567
NA,NA,NA
658.879102309789,332.713567314251,3.53652644738244
455.510895584369,299.941909677034,3.68109509949173
9.88987182973225,496.005862226875,3.60898098899532
563.628200839264,49.3790179333061,4.20558369442526
76.7462720788109,376.57461251354,3.93752686432413
232.256280102157,410.780119474752,3.93247980428459
426.990667861653,13.3050277427532,3.21787572154819
361.017470268104,290.992535764877,3.05046091806847
599.600072164464,100.690491946468,4.03608359770829
389.848834749601,229.246461900833,4.16919197444659
574.805613603792,405.731557718581,4.74445631003154
140.735637961683,277.855981683603,4.49610363947036
197.659665042891,370.59882895502,3.90475856658703
126.80471529764,413.740257508132,3.49079093078971
625.670432507244,311.448115528698,4.57841268446579
-1.54756444291693,144.700193959626,4.27746047590765
541.163429426336,202.262001606779,4.18317149069822
32.0411055585274,490.811341179007,2.9442327565137
279.732403864617,18.129985948881,3.92946305264673
533.932237604693,390.951473986504,3.30541038181839
79.2479869490883,76.0049283728729,5.32522056408014
10.3869480124696,76.5580039537455,3.28430291691557
593.040437476554,223.935923324765,3.98395814983191
439.860303479717,456.553613003218,4.77589196907852
658.792551753866,372.545241904447,2.99235584517805
108.359694136469,487.699080822788,4.34065442745164
624.775255134005,92.2677158714717,4.10934938256546
419.734739167841,259.912472049839,3.61265640892782
10.8109905206887,183.213580976908,3.10816878031086
82.1166381506098,106.342042505821,4.64649902768384
605.06392321123,197.281060585353,4.44733897664095
249.069454122373,219.869381153024,3.86992435802495
565.092925983372,430.88231654981,3.69844620078755
303.677584917923,139.163084477217,4.07762479922427
532.07336361391,464.512117760006,3.65912224462721
48.0579888501924,411.800283575815,3.81964050932334
197.567705260965,283.049677551607,3.87845482275375
552.885575890667,261.360768726547,3.80665368928594
180.588145079773,35.023726710598,4.22012986031339
501.883305182536,350.351747865714,4.49091920458753
40.7801262658934,48.6600665043899,3.44956563147358
536.647981804127,149.552334063212,4.6254610301935
NA,NA,NA
658.879102309789,332.713567314251,3.53652644738244
455.510895584369,299.941909677034,3.68109509949173
9.88987182973225,496.005862226875,3.60898098899532
563.628200839264,49.3790179333061,4.20558369442526
76.7462720788109,376.57461251354,3.93752686432413
232.256280102157,410.780119474752,3.93247980428459
426.990667861653,13.3050277427532,3.21787572154819
361.017470268104,290.992535764877,3.05046091806847
599.600072164464,100.690491946468,4.03608359770829
389.848834749601,229.246461900833,4.16919197444659
574.805613603792,405.731557718581,4.74445631003154
140.735637961683,277.855981683603,4.49610363947036
197.659665042891,370.59882895502,3.90475856658703
126.80471529764,413.740257508132,3.49079093078971
625.670432507244,311.448115528698,4.57841268446579
-1.54756444291693,144.700193959626,4.27746047590765
541.163429426336,202.262001606779,4.18317149069822
32.0411055585274,490.811341179007,2.9442327565137
279.732403864617,18.129985948881,3.92946305264673
533.932237604693,390.951473986504,3.30541038181839
79.2479869490883,76.0049283728729,5.32522056408014
10.3869480124696,76.5580039537455,3.28430291691557
593.040437476554,223.935923324765,3.98395814983191
439.860303479717,456.553613003218,4.77589196907852
658.792551753866,372.545241904447,2.99235584517805
108.359694136469,487.699080822788,4.34065442745164
624.775255134005,92.2677158714717,4.10934938256546
419.734739167841,259.912472049839,3.61265640892782
10.8109905206887,183.213580976908,3.10816878031086
82.1166381506098,106.342042505821,4.64649902768384
605.06392321123,197.281060585353,4.44733897664095
249.069454122373,219.869381153024,3.86992435802495
565.092925983372,430.88231654981,3.69844620078755
303.677584917923,139.163084477217,4.07762479922427
532.07336361391,464.512117760006,3.65912224462721
48.0579888501924,411.800283575815,3.81964050932334
197.567705260965,283.049677551607,3.87845482275375
552.885575890667,261.360768726547,3.80665368928594
180.588145079773,35.023726710598,4.22012986031339
501.883305182536,350.351747865714,4.49091920458753
40.7801262658934,48.6600665043899,3.44956563147358
536.647981804127,149.552334063212,4.6254610301935
NA,NA,NA
658.879102309789,332.713567314251,3.53652644738244
455.510895584369,299.941909677034,3.68109509949173
9.88987182973225,496.005862226875,3.60898098899532
563.628200839264,49.3790179333061,4.20558369442526
76.7462720788109,376.57461251354,3.93752686432413
232.256280102157,410.780119474752,3.93247980428459
426.990667861653,13.3050277427532,3.21787572154819
361.017470268104,290.992535764877,3.05046091806847
599.600072164464,100.690491946468,4.03608359770829
389.848834749601,229.246461900833,4.16919197444659
574.805613603792,405.731557718581,4.74445631003154
140.735637961683,277.855981683603,4.49610363947036
197.659665042891,370.59882895502,3.90475856658703
126.80471529764,413.740257508132,3.49079093078971
625.670432507244,311.448115528698,4.57841268446579
-1.54756444291693,144.700193959626,4.27746047590765
541.163429426336,202.262001606779,4.18317149069822
32.0411055585274,490.811341179007,2.9442327565137
279.732403864617,18.129985948881,3.92946305264673
533.932237604693,390.951473986504,3.30541038181839
79.2479869490883,76.0049283728729,5.32522056408014
10.3869480124696,76.5580039537455,3.28430291691557
593.040437476554,223.935923324765,3.98395814983191
439.860303479717,456.553613003218,4.77589196907852
658.792551753866,372.545241904447,2.99235584517805
108.359694136469,487.699080822788,4.34065442745164
624.775255134005,92.2677158714717,4.10934938256546
419.734739167841,259.912472049839,3.61265640892782
10.8109905206887,183.213580976908,3.10816878031086
82.1166381506098,106.342042505821,4.64649902768384
605.06392321123,197.281060585353,4.44733897664095
249.069454122373,219.869381153024,3.86992435802495
565.092925983372,430.88231654981,3.69844620078755
303.677584917923,139.163084477217,4.07762479922427
532.07336361391,464.512117760006,3.65912224462721
48.0579888501924,411.800283575815,3.81964050932334
197.567705260965,283.049677551607,3.87845482275375
552.885575890667,261.360768726547,3.80665368928594
180.588145079773,35.023726710598,4.22012986031339
501.883305182536,350.351747865714,4.49091920458753
40.7801262658934,48.6600665043899,3.44956563147358
536.647981804127,149.552334063212,4.6254610301935
NA,NA,NA
658.879102309789,332.713567314251,3.53652644738244
455.510895584369,299.941909677034,3.68109509949173
9.88987182973225,496.005862226875,3.60898098899532
563.628200839264,49.3790179333061,4.20558369442526
76.7462720788109,376.57461251354,3.93752686432413
232.256280102157,410.780119474752,3.93247980428459
426.990667861653,13.3050277427532,3.21787572154819
361.017470268104,290.992535764877,3.05046091806847
599.600072164464,100.690491946468,4.03608359770829
389.848834749601,229.246461900833,4.16919197444659
574.805613603792,405.731557718581,4.74445631003154
140.735637961683,277.855981683603,4.49610363947036
197.659665042891,370.59882895502,3.90475856658703
126.80471529764,413.740257508132,3.49079093078971
625.670432507244,311.448115528698,4.57841268446579
-1.54756444291693,144.700193959626,4.27746047590765
541.163429426336,202.262001606779,4.18317149069822
32.0411055585274,490.811341179007,2.9442327565137
279.732403864617,18.129985948881,3.92946305264673
533.932237604693,390.951473986504,3.30541038181839
79.2479869490883,76.0049283728729,5.32522056408014
10.3869480124696,76.5580039537455,3.28430291691557
593.040437476554,223.935923324765,3.98395814983191
439.860303479717,456.553613003218,4.77589196907852
658.792551753866,372.545241904447,2.99235584517805
108.359694136469,487.699080822788,4.34065442745164
624.775255134005,92.2677158714717,4.10934938256546
419.734739167841,259.912472049839,3.61265640892782
10.8109905206887,183.213580976908,3.10816878031086
82.1166381506098,106.342042505821,4.64649902768384
605.06392321123,197.281060585353,4.44733897664095
249.069454122373,219.869381153024,3.86992435802495
565.092925983372,430.88231654981,3.69844620078755
303.677584917923,139.163084477217,4.07762479922427
532.07336361391,464.512117760006,3.65912224462721
48.0579888501924,411.800283575815,3.81964050932334
197.567705260965,283.049677551607,3.87845482275375
552.885575890667,261.360768726547,3.80665368928594
180.588145079773,35.023726710598,4.22012986031339
501.883305182536,350.351747865714,4.49091920458753
40.7801262658934,48.6600665043899,3.44956563147358
536.647981804127,149.552334063212,4.6254610301935
NA,NA,NA
658.879102309789,332.713567314251,3.53652644738244
455.510895584369,299.941909677034,3.68109509949173
9.88987182973225,496.005862226875,3.60898098899532
563.628200839264,49.3790179333061,4.20558369442526
76.7462720788109,376.57461251354,3.93752686432413
232.256280102157,410.780119474752,3.93247980428459
426.990667861653,13.3050277427532,3.21787572154819
361.017470268104,290.992535764877,3.05046091806847
599.600072164464,100.690491946468,4.03608359770829
389.848834749601,229.246461900833,4.16919197444659
574.805613603792,405.731557718581,4.74445631003154
140.735637961683,277.855981683603,4.49610363947036
197.659665042891,370.59882895502,3.90475856658703
126.80471529764,413.740257508132,3.49079093078971
625.670432507244,311.448115528698,4.57841268446579
-1.54756444291693,144.700193959626,4.27746047590765
541.163429426336,202.262001606779,4.18317149069822
32.0411055585274,490.811341179007,2.9442327565137
279.732403864617,18.129985948881,3.92946305264673
533.932237604693,390.951473986504,3.30541038181839
79.2479869490883,76.0049283728729,5.32522056408014
10.3869480124696,76.5580039537455,3.28430291691557
593.040437476554,223.935923324765,3.98395814983191
439.860303479717,456.553613003218,4.77589196907852
658.792551753866,372.545241904447,2.99235584517805
108.359694136469,487.699080822788,4.34065442745164
624.775255134005,92.2677158714717,4.10934938256546
419.734739167841,259.912472049839,3.61265640892782
10.8109905206887,183.213580976908,3.10816878031086
82.1166381506098,106.342042505821,4.64649902768384
605.06392321123,197.281060585353,4.44733897664095
249.069454122373,219.869381153024,3.86992435802495
565.092925983372,430.88231654981,3.69844620078755
303.677584917923,139.163084477217,4.07762479922427
532.07336361391,464.512117760006,3.65912224462721
48.0579888501924,411.800283575815,3.81964050932334
197.567705260965,283.049677551607,3.87845482275375
552.885575890667,261.360768726547,3.80665368928594
180.588145079773,35.023726710598,4.22012986031339
501.883305182536,350.351747865714,4.49091920458753
40.7801262658934,48.6600665043899,3.44956563147358
536.647981804127,149.552334063212,4.6254610301935
NA,NA,NA
658.879102309789,332.713567314251,3.53652644738244
455.510895584369,299.941909677034,3.68109509949173
9.88987182973225,496.005862226875,3.60898098899532
563.628200839264,49.3790179333061,4.20558369442526
76.7462720788109,376.57461251354,3.93752686432413
232.256280102157,410.780119474752,3.93247980428459
426.990667861653,13.3050277427532,3.21787572154819
361.017470268104,290.992535764877,3.05046091806847
599.600072164464,100.690491946468,4.03608359770829
389.848834749601,229.246461900833,4.16919197444659
574.805613603792,405.731557718581,4.74445631003154
140.735637961683,277.855981683603,4.49610363947036
197.659665042891,370.59882895502,3.90475856658703
126.80471529764,413.740257508132,3.49079093078971
625.670432507244,311.448115528698,4.57841268446579
-1.54756444291693,144.700193959626,4.27746047590765
541.163429426336,202.262001606779,4.18317149069822
32.0411055585274,490.811341179007,2.9442327565137
279.732403864617,18.129985948881,3.92946305264673
533.932237604693,390.951473986504,3.30541038181839
79.2479869490883,76.0049283728729,5.32522056408014
10.3869480124696,76.5580039537455,3.28430291691557
593.040437476554,223.935923324765,3.98395814983191
439.860303479717,456.553613003218,4.77589196907852
658.792551753866,372.545241904447,2.99235584517805
108.359694136469,487.699080822788,4.34065442745164
624.775255134005,92.2677158714717,4.10934938256546
419.734739167841,259.912472049839,3.61265640892782
10.8109905206887,183.213580976908,3.10816878031086
82.1166381506098,106.342042505821,4.64649902768384
605.06392321123,197.281060585353,4.44733897664095
249.069454122373,219.869381153024,3.86992435802495
565.092925983372,430.88231654981,3.69844620078755
303.677584917923,139.163084477217,4.07762479922427
532.07336361391,464.512117760006,3.65912224462721
48.0579888501924,411.800283575815,3.81964050932334
197.567705260965,283.049677551607,3.87845482275375
552.885575890667,261.360768726547,3.80665368928594
180.588145079773,35.023726710598,4.22012986031339
501.883305182536,350.351747865714,4.49091920458753
40.7801262658934,48.6600665043899,3.44956563147358
536.647981804127,149.552334063212,4.6254610301935
NA,NA,NA
665.695404140003,337.561115780951,3.5215704098049
455.081866354575,298.36439706138,3.84170381013881
11.6807425463749,492.006222331556,3.69589233514157
561.524098782653,50.9091720552873,4.28675062419419
69.881643778992,374.67505138192,3.88286283702842
226.79553984853,416.161312610431,3.85877989692509
430.240230200341,12.5967734999669,3.20394961646271
362.045078939748,293.069098600774,3.11767139561254
604.72463327384,99.1257625613712,4.15782244423701
394.563094620667,231.117655961398,4.31567343212641
562.393260356913,401.984347305738,4.73108609108711
142.363842844936,279.010935833219,4.60473888713043
199.299086331795,372.189344070115,3.99886047352496
122.867154120881,411.068468162067,3.46465313612228
625.717839596818,319.657150025581,4.61720439534288
5.74094897544434,148.131356166212,4.39989420855152
541.022357492426,201.710864993767,4.10453959468808
34.5202908533374,492.019218197073,3.13123103413015
278.202349743656,21.5319349396578,3.85018941036845
534.916179314312,392.755624849013,3.47974072228985
71.0409027565564,74.614465729652,5.27944440233183
6.71022953551531,78.4976851349128,3.55104188403168
587.877573649165,224.470301286833,3.94035041904246
440.198076933621,454.56220951489,4.856375924912
657.34254938916,372.488234344574,3.02648975000582
105.278605644119,491.422214726974,4.27623032284615
623.338488882254,86.5446667699508,4.09714922444923
421.487977219041,259.709632414136,3.68322778828142
12.3374302878332,182.807285860163,3.04873140856037
67.7294938570549,111.461898553264,4.24945539459835
606.46466397851,193.823982635293,4.3609130388023
255.232397745341,222.613496562226,3.26496567592906
573.539005768536,433.719082487515,3.89314395933301
298.103313506577,131.791765509083,3.81528622776697
532.7153247383,457.504837525339,3.79197978693389
45.3512014701719,414.16225922107,3.74949628423585
184.004275398381,285.307190242945,4.13228806151181
555.095203773767,268.849714401727,3.80569012570158
167.402273355032,28.1876724797285,4.19126248900143
494.310089734961,345.219607229736,4.4397776832634
43.660315640342,45.3659805279015,4.0141478960095
523.995778269729,135.701499297662,4.55801606364091
NA,NA,NA
665.695404140003,337.561115780951,3.5215704098049
455.081866354575,298.36439706138,3.84170381013881
11.6807425463749,492.006222331556,3.69589233514157
561.524098782653,50.9091720552873,4.28675062419419
69.881643778992,374.67505138192,3.88286283702842
226.79553984853,416.161312610431,3.85877989692509
430.240230200341,12.5967734999669,3.20394961646271
362.045078939748,293.069098600774,3.11767139561254
604.72463327384,99.1257625613712,4.15782244423701
394.563094620667,231.117655961398,4.31567343212641
562.393260356913,401.984347305738,4.73108609108711
142.363842844936,279.010935833219,4.60473888713043
199.299086331795,372.189344070115,3.99886047352496
122.867154120881,411.068468162067,3.46465313612228
625.717839596818,319.657150025581,4.61720439534288
5.74094897544434,148.131356166212,4.39989420855152
541.022357492426,201.710864993767,4.10453959468808
34.5202908533374,492.019218197073,3.13123103413015
278.202349743656,21.5319349396578,3.85018941036845
534.916179314312,392.755624849013,3.47974072228985
71.0409027565564,74.614465729652,5.27944440233183
6.71022953551531,78.4976851349128,3.55104188403168
587.877573649165,224.470301286833,3.94035041904246
440.198076933621,454.56220951489,4.856375924912
657.34254938916,372.488234344574,3.02648975000582
105.278605644119,491.422214726974,4.27623032284615
623.338488882254,86.5446667699508,4.09714922444923
421.487977219041,259.709632414136,3.68322778828142
12.3374302878332,182.807285860163,3.04873140856037
67.7294938570549,111.461898553264,4.24945539459835
606.46466397851,193.823982635293,4.3609130388023
255.232397745341,222.613496562226,3.26496567592906
573.539005768536,433.719082487515,3.89314395933301
298.103313506577,131.791765509083,3.81528622776697
532.7153247383,457.504837525339,3.79197978693389
45.3512014701719,414.16225922107,3.74949628423585
184.004275398381,285.307190242945,4.13228806151181
555.095203773767,268.849714401727,3.80569012570158
167.402273355032,28.1876724797285,4.19126248900143
494.310089734961,345.219607229736,4.4397776832634
43.660315640342,45.3659805279015,4.0141478960095
523.995778269729,135.701499297662,4.55801606364091
NA,NA,NA
665.695404140003,337.561115780951,3.5215704098049
455.081866354575,298.36439706138,3.84170381013881
11.6807425463749,492.006222331556,3.69589233514157
561.524098782653,50.9091720552873,4.28675062419419
69.881643778992,374.67505138192,3.88286283702842
226.79553984853,416.161312610431,3.85877989692509
430.240230200341,12.5967734999669,3.20394961646271
362.045078939748,293.069098600774,3.11767139561254
604.72463327384,99.1257625613712,4.15782244423701
394.563094620667,231.117655961398,4.31567343212641
562.393260356913,401.984347305738,4.73108609108711
142.363842844936,279.010935833219,4.60473888713043
199.299086331795,372.189344070115,3.99886047352496
122.867154120881,411.068468162067,3.46465313612228
625.717839596818,319.657150025581,4.61720439534288
5.74094897544434,148.131356166212,4.39989420855152
541.022357492426,201.710864993767,4.10453959468808
34.5202908533374,492.019218197073,3.13123103413015
278.202349743656,21.5319349396578,3.85018941036845
534.916179314312,392.755624849013,3.47974072228985
71.0409027565564,74.614465729652,5.27944440233183
6.71022953551531,78.4976851349128,3.55104188403168
587.877573649165,224.470301286833,3.94035041904246
440.198076933621,454.56220951489,4.856375924912
657.34254938916,372.488234344574,3.02648975000582
105.278605644119,491.422214726974,4.27623032284615
623.338488882254,86.5446667699508,4.09714922444923
421.487977219041,259.709632414136,3.68322778828142
12.3374302878332,182.807285860163,3.04873140856037
67.7294938570549,111.461898553264,4.24945539459835
606.46466397851,193.823982635293,4.3609130388023
255.232397745341,222.613496562226,3.26496567592906
573.539005768536,433.719082487515,3.89314395933301
298.103313506577,131.791765509083,3.81528622776697
532.7153247383,457.504837525339,3.79197978693389
45.3512014701719,414.16225922107,3.74949628423585
184.004275398381,285.307190242945,4.13228806151181
555.095203773767,268.849714401727,3.80569012570158
167.402273355032,28.1876724797285,4.19126248900143
494.310089734961,345.219607229736,4.4397776832634
43.660315640342,45.3659805279015,4.0141478960095
523.995778269729,135.701499297662,4.55801606364091
NA,NA,NA
665.695404140003,337.561115780951,3.5215704098049
455.081866354575,298.36439706138,3.84170381013881
11.6807425463749,492.006222331556,3.69589233514157
561.524098782653,50.9091720552873,4.28675062419419
69.881643778992,374.67505138192,3.88286283702842
226.79553984853,416.161312610431,3.85877989692509
430.240230200341,12.5967734999669,3.20394961646271
362.045078939748,293.069098600774,3.11767139561254
604.72463327384,99.1257625613712,4.15782244423701
394.563094620667,231.117655961398,4.31567343212641
562.393260356913,401.984347305738,4.73108609108711
142.363842844936,279.010935833219,4.60473888713043
199.299086331795,372.189344070115,3.99886047352496
122.867154120881,411.068468162067,3.46465313612228
625.717839596818,319.657150025581,4.61720439534288
5.74094897544434,148.131356166212,4.39989420855152
541.022357492426,201.710864993767,4.10453959468808
34.5202908533374,492.019218197073,3.13123103413015
278.202349743656,21.5319349396578,3.85018941036845
534.916179314312,392.755624849013,3.47974072228985
71.0409027565564,74.614465729652,5.27944440233183
6.71022953551531,78.4976851349128,3.55104188403168
587.877573649165,224.470301286833,3.94035041904246
440.198076933621,454.56220951489,4.856375924912
657.34254938916,372.488234344574,3.02648975000582
105.278605644119,491.422214726974,4.27623032284615
623.338488882254,86.5446667699508,4.09714922444923
421.487977219041,259.709632414136,3.68322778828142
12.3374302878332,182.807285860163,3.04873140856037
67.7294938570549,111.461898553264,4.24945539459835
606.46466397851,193.823982635293,4.3609130388023
255.232397745341,222.613496562226,3.26496567592906
573.539005768536,433.719082487515,3.89314395933301
298.103313506577,131.791765509083,3.81528622776697
532.7153247383,457.504837525339,3.79197978693389
45.3512014701719,414.16225922107,3.74949628423585
184.004275398381,285.307190242945,4.13228806151181
555.095203773767,268.849714401727,3.80569012570158
167.402273355032,28.1876724797285,4.19126248900143
494.310089734961,345.219607229736,4.4397776832634
43.660315640342,45.3659805279015,4.0141478960095
523.995778269729,135.701499297662,4.55801606364091
NA,NA,NA
665.695404140003,337.561115780951,3.5215704098049
455.081866354575,298.36439706138,3.84170381013881
11.6807425463749,492.006222331556,3.69589233514157
561.524098782653,50.9091720552873,4.28675062419419
69.881643778992,374.67505138192,3.88286283702842
226.79553984853,416.161312610431,3.85877989692509
430.240230200341,12.5967734999669,3.20394961646271
362.045078939748,293.069098600774,3.11767139561254
604.72463327384,99.1257625613712,4.15782244423701
394.563094620667,231.117655961398,4.31567343212641
562.393260356913,401.984347305738,4.73108609108711
142.363842844936,279.010935833219,4.60473888713043
199.299086331795,372.189344070115,3.99886047352496
122.867154120881,411.068468162067,3.46465313612228
625.717839596818,319.657150025581,4.61720439534288
5.74094897544434,148.131356166212,4.39989420855152
541.022357492426,201.710864993767,4.10453959468808
34.5202908533374,492.019218197073,3.13123103413015
278.202349743656,21.5319349396578,3.85018941036845
534.916179314312,392.755624849013,3.47974072228985
71.0409027565564,74.614465729652,5.27944440233183
6.71022953551531,78.4976851349128,3.55104188403168
587.877573649165,224.470301286833,3.94035041904246
440.198076933621,454.56220951489,4.856375924912
657.34254938916,372.488234344574,3.02648975000582
105.278605644119,491.422214726974,4.27623032284615
623.338488882254,86.5446667699508,4.09714922444923
421.487977219041,259.709632414136,3.68322778828142
12.3374302878332,182.807285860163,3.04873140856037
67.7294938570549,111.461898553264,4.24945539459835
606.46466397851,193.823982635293,4.3609130388023
255.232397745341,222.613496562226,3.26496567592906
573.539005768536,433.719082487515,3.89314395933301
298.103313506577,131.791765509083,3.81528622776697
532.7153247383,457.504837525339,3.79197978693389
45.3512014701719,414.16225922107,3.74949628423585
184.004275398381,285.307190242945,4.13228806151181
555.095203773767,268.849714401727,3.80569012570158
167.402273355032,28.1876724797285,4.19126248900143
494.310089734961,345.219607229736,4.4397776832634
43.660315640342,45.3659805279015,4.0141478960095
523.995778269729,135.701499297662,4.55801606364091
NA,NA,NA
665.695404140003,337.561115780951,3.5215704098049
455.081866354575,298.36439706138,3.84170381013881
11.6807425463749,492.006222331556,3.69589233514157
561.524098782653,50.9091720552873,4.28675062419419
69.881643778992,374.67505138192,3.88286283702842
226.79553984853,416.161312610431,3.85877989692509
430.240230200341,12.5967734999669,3.20394961646271
362.045078939748,293.069098600774,3.11767139561254
604.72463327384,99.1257625613712,4.15782244423701
394.563094620667,231.117655961398,4.31567343212641
562.393260356913,401.984347305738,4.73108609108711
142.363842844936,279.010935833219,4.60473888713043
199.299086331795,372.189344070115,3.99886047352496
122.867154120881,411.068468162067,3.46465313612228
625.717839596818,319.657150025581,4.61720439534288
5.74094897544434,148.131356166212,4.39989420855152
541.022357492426,201.710864993767,4.10453959468808
34.5202908533374,492.019218197073,3.13123103413015
278.202349743656,21.5319349396578,3.85018941036845
534.916179314312,392.755624849013,3.47974072228985
71.0409027565564,74.614465729652,5.27944440233183
6.71022953551531,78.4976851349128,3.55104188403168
587.877573649165,224.470301286833,3.94035041904246
440.198076933621,454.56220951489,4.856375924912
657.34254938916,372.488234344574,3.02648975000582
105.278605644119,491.422214726974,4.27623032284615
623.338488882254,86.5446667699508,4.09714922444923
421.487977219041,259.709632414136,3.68322778828142
12.3374302878332,182.807285860163,3.04873140856037
67.7294938570549,111.461898553264,4.24945539459835
606.46466397851,193.823982635293,4.3609130388023
255.232397745341,222.613496562226,3.26496567592906
573.539005768536,433.719082487515,3.89314395933301
298.103313506577,131.791765509083,3.81528622776697
532.7153247383,457.504837525339,3.79197978693389
45.3512014701719,414.16225922107,3.74949628423585
184.004275398381,285.307190242945,4.13228806151181
555.095203773767,268.849714401727,3.80569012570158
167.402273355032,28.1876724797285,4.19126248900143
494.310089734961,345.219607229736,4.4397776832634
43.660315640342,45.3659805279015,4.0141478960095
523.995778269729,135.701499297662,4.55801606364091
NA,NA,NA
660.279888212114,334.970329785412,3.4604239843285
452.630076436054,299.545899590432,3.66161118756864
9.83240232992093,495.763957030606,3.4812337268468
562.428775428758,51.479471927541,4.18949887558211
69.1890065239024,371.573218705749,3.97983105644215
226.015023867719,414.557169037592,3.88694072086391
428.470515156353,11.3761601513937,3.40390953773846
364.023105222296,292.895407159493,2.97175067635927
606.343974583866,107.770345970569,4.34263808058225
396.325533018812,224.980536845962,4.23615393831305
569.470842337412,412.168715927316,4.64151235202949
140.952358519869,283.785008576765,4.73271707538132
203.375700388075,369.506270505792,4.05224181594593
128.530816509812,410.184578595949,3.45257186073431
629.307173373575,314.89319304179,4.57481063939251
7.30562030745031,143.776928921542,4.241319567074
542.525632430322,201.655298844449,4.20771594557125
35.4468297218247,490.738778248407,3.0036746131317
287.239882794091,20.4357172405695,3.9197166514611
534.889281309442,390.193017731029,3.50256292496427
69.2705125559827,72.1914187471407,5.19457906817624
0.842172203247454,76.9064969948878,3.58483340399277
585.804876194835,226.567958685609,4.00699762426381
433.08867700429,462.188036689914,4.7801742046707
659.008496417346,373.096812105126,3.05502241236994
101.773465774829,482.624391383297,4.31378697921679
621.685430210874,84.9979956631822,4.04348675620252
422.036786010893,259.410327153246,3.68585027008267
12.8285048851748,184.929745848603,3.16223357597487
70.7509521838717,128.731441617546,4.53527637071375
610.999989628178,199.938129148381,4.23238379337522
262.247760260698,216.995337474605,3.95914122861807
578.488673173623,431.950564750101,4.05628270379917
294.304502019134,134.341124625018,4.05235752514172
532.308447315594,456.943712128798,3.81817237980639
47.7933039535031,417.759072485383,4.05669107949652
187.979291502497,291.29092407555,3.57268152624315
550.120209440147,267.822835417632,3.63524429721926
174.27478150018,28.4760406288114,4.25813196170869
501.268465276025,349.906379997439,4.05790059803295
42.604489728875,55.5811861571966,3.8741167318231
545.479999121952,143.801774421902,4.48101465298003
NA,NA,NA
660.279888212114,334.970329785412,3.4604239843285
452.630076436054,299.545899590432,3.66161118756864
9.83240232992093,495.763957030606,3.4812337268468
562.428775428758,51.479471927541,4.18949887558211
69.1890065239024,371.573218705749,3.97983105644215
226.015023867719,414.557169037592,3.88694072086391
428.470515156353,11.3761601513937,3.40390953773846
364.023105222296,292.895407159493,2.97175067635927
606.343974583866,107.770345970569,4.34263808058225
396.325533018812,224.980536845962,4.23615393831305
569.470842337412,412.168715927316,4.64151235202949
140.952358519869,283.785008576765,4.73271707538132
203.375700388075,369.506270505792,4.05224181594593
128.530816509812,410.184578595949,3.45257186073431
629.307173373575,314.89319304179,4.57481063939251
7.30562030745031,143.776928921542,4.241319567074
542.525632430322,201.655298844449,4.20771594557125
35.4468297218247,490.738778248407,3.0036746131317
287.239882794091,20.4357172405695,3.9197166514611
534.889281309442,390.193017731029,3.50256292496427
69.2705125559827,72.1914187471407,5.19457906817624
0.842172203247454,76.9064969948878,3.58483340399277
585.804876194835,226.567958685609,4.00699762426381
433.08867700429,462.188036689914,4.7801742046707
659.008496417346,373.096812105126,3.05502241236994
101.773465774829,482.624391383297,4.31378697921679
621.685430210874,84.9979956631822,4.04348675620252
422.036786010893,259.410327153246,3.68585027008267
12.8285048851748,184.929745848603,3.16223357597487
70.7509521838717,128.731441617546,4.53527637071375
610.999989628178,199.938129148381,4.23238379337522
262.247760260698,216.995337474605,3.95914122861807
578.488673173623,431.950564750101,4.05628270379917
294.304502019134,134.341124625018,4.05235752514172
532.308447315594,456.943712128798,3.81817237980639
47.7933039535031,417.759072485383,4.05669107949652
187.979291502497,291.29092407555,3.57268152624315
550.120209440147,267.822835417632,3.63524429721926
174.27478150018,28.4760406288114,4.25813196170869
501.268465276025,349.906379997439,4.05790059803295
42.604489728875,55.5811861571966,3.8741167318231
545.479999121952,143.801774421902,4.48101465298003
NA,NA,NA
660.279888212114,334.970329785412,3.4604239843285
452.630076436054,299.545899590432,3.66161118756864
9.83240232992093,495.763957030606,3.4812337268468
562.428775428758,51.479471927541,4.18949887558211
69.1890065239024,371.573218705749,3.97983105644215
226.015023867719,414.557169037592,3.88694072086391
428.470515156353,11.3761601513937,3.40390953773846
364.023105222296,292.895407159493,2.97175067635927
606.343974583866,107.770345970569,4.34263808058225
396.325533018812,224.980536845962,4.23615393831305
569.470842337412,412.168715927316,4.64151235202949
140.952358519869,283.785008576765,4.73271707538132
203.375700388075,369.506270505792,4.05224181594593
128.530816509812,410.184578595949,3.45257186073431
629.307173373575,314.89319304179,4.57481063939251
7.30562030745031,143.776928921542,4.241319567074
542.525632430322,201.655298844449,4.20771594557125
35.4468297218247,490.738778248407,3.0036746131317
287.239882794091,20.4357172405695,3.9197166514611
534.889281309442,390.193017731029,3.50256292496427
69.2705125559827,72.1914187471407,5.19457906817624
0.842172203247454,76.9064969948878,3.58483340399277
585.804876194835,226.567958685609,4.00699762426381
433.08867700429,462.188036689914,4.7801742046707
659.008496417346,373.096812105126,3.05502241236994
101.773465774829,482.624391383297,4.31378697921679
621.685430210874,84.9979956631822,4.04348675620252
422.036786010893,259.410327153246,3.68585027008267
12.8285048851748,184.929745848603,3.16223357597487
70.7509521838717,128.731441617546,4.53527637071375
610.999989628178,199.938129148381,4.23238379337522
262.247760260698,216.995337474605,3.95914122861807
578.488673173623,431.950564750101,4.05628270379917
294.304502019134,134.341124625018,4.05235752514172
532.308447315594,456.943712128798,3.81817237980639
47.7933039535031,417.759072485383,4.05669107949652
187.979291502497,291.29092407555,3.57268152624315
550.120209440147,267.822835417632,3.63524429721926
174.27478150018,28.4760406288114,4.25813196170869
501.268465276025,349.906379997439,4.05790059803295
42.604489728875,55.5811861571966,3.8741167318231
545.479999121952,143.801774421902,4.48101465298003
NA,NA,NA
660.279888212114,334.970329785412,3.4604239843285
452.630076436054,299.545899590432,3.66161118756864
9.83240232992093,495.763957030606,3.4812337268468
562.428775428758,51.479471927541,4.18949887558211
69.1890065239024,371.573218705749,3.97983105644215
226.015023867719,414.557169037592,3.88694072086391
428.470515156353,11.3761601513937,3.40390953773846
364.023105222296,292.895407159493,2.97175067635927
606.343974583866,107.770345970569,4.34263808058225
396.325533018812,224.980536845962,4.23615393831305
569.470842337412,412.168715927316,4.64151235202949
140.952358519869,283.785008576765,4.73271707538132
203.375700388075,369.506270505792,4.05224181594593
128.530816509812,410.184578595949,3.45257186073431
629.307173373575,314.89319304179,4.57481063939251
7.30562030745031,143.776928921542,4.241319567074
542.525632430322,201.655298844449,4.20771594557125
35.4468297218247,490.738778248407,3.0036746131317
287.239882794091,20.4357172405695,3.9197166514611
534.889281309442,390.193017731029,3.50256292496427
69.2705125559827,72.1914187471407,5.19457906817624
0.842172203247454,76.9064969948878,3.58483340399277
585.804876194835,226.567958685609,4.00699762426381
433.08867700429,462.188036689914,4.7801742046707
659.008496417346,373.096812105126,3.05502241236994
101.773465774829,482.624391383297,4.31378697921679
621.685430210874,84.9979956631822,4.04348675620252
422.036786010893,259.410327153246,3.68585027008267
12.8285048851748,184.929745848603,3.16223357597487
70.7509521838717,128.731441617546,4.53527637071375
610.999989628178,199.938129148381,4.23238379337522
262.247760260698,216.995337474605,3.95914122861807
578.488673173623,431.950564750101,4.05628270379917
294.304502019134,134.341124625018,4.05235752514172
532.308447315594,456.943712128798,3.81817237980639
47.7933039535031,417.759072485383,4.05669107949652
187.979291502497,291.29092407555,3.57268152624315
550.120209440147,267.822835417632,3.63524429721926
174.27478150018,28.4760406288114,4.25813196170869
501.268465276025,349.906379997439,4.05790059803295
42.604489728875,55.5811861571966,3.8741167318231
545.479999121952,143.801774421902,4.48101465298003
NA,NA,NA
660.279888212114,334.970329785412,3.4604239843285
452.630076436054,299.545899590432,3.66161118756864
9.83240232992093,495.763957030606,3.4812337268468
562.428775428758,51.479471927541,4.18949887558211
69.1890065239024,371.573218705749,3.97983105644215
226.015023867719,414.557169037592,3.88694072086391
428.470515156353,11.3761601513937,3.40390953773846
364.023105222296,292.895407159493,2.97175067635927
606.343974583866,107.770345970569,4.34263808058225
396.325533018812,224.980536845962,4.23615393831305
569.470842337412,412.168715927316,4.64151235202949
140.952358519869,283.785008576765,4.73271707538132
203.375700388075,369.506270505792,4.05224181594593
128.530816509812,410.184578595949,3.45257186073431
629.307173373575,314.89319304179,4.57481063939251
7.30562030745031,143.776928921542,4.241319567074
542.525632430322,201.655298844449,4.20771594557125
35.4468297218247,490.738778248407,3.0036746131317
287.239882794091,20.4357172405695,3.9197166514611
534.889281309442,390.193017731029,3.50256292496427
69.2705125559827,72.1914187471407,5.19457906817624
0.842172203247454,76.9064969948878,3.58483340399277
585.804876194835,226.567958685609,4.00699762426381
433.08867700429,462.188036689914,4.7801742046707
659.008496417346,373.096812105126,3.05502241236994
101.773465774829,482.624391383297,4.31378697921679
621.685430210874,84.9979956631822,4.04348675620252
422.036786010893,259.410327153246,3.68585027008267
12.8285048851748,184.929745848603,3.16223357597487
70.7509521838717,128.731441617546,4.53527637071375
610.999989628178,199.938129148381,4.23238379337522
262.247760260698,216.995337474605,3.95914122861807
578.488673173623,431.950564750101,4.05628270379917
294.304502019134,134.341124625018,4.05235752514172
532.308447315594,456.943712128798,3.81817237980639
47.7933039535031,417.759072485383,4.05669107949652
187.979291502497,291.29092407555,3.57268152624315
550.120209440147,267.822835417632,3.63524429721926
174.27478150018,28.4760406288114,4.25813196170869
501.268465276025,349.906379997439,4.05790059803295
42.604489728875,55.5811861571966,3.8741167318231
545.479999121952,143.801774421902,4.48101465298003
NA,NA,NA
660.279888212114,334.970329785412,3.4604239843285
452.630076436054,299.545899590432,3.66161118756864
9.83240232992093,495.763957030606,3.4812337268468
562.428775428758,51.479471927541,4.18949887558211
69.1890065239024,371.573218705749,3.97983105644215
226.015023867719,414.557169037592,3.88694072086391
428.470515156353,11.3761601513937,3.40390953773846
364.023105222296,292.895407159493,2.97175067635927
606.343974583866,107.770345970569,4.34263808058225
396.325533018812,224.980536845962,4.23615393831305
569.470842337412,412.168715927316,4.64151235202949
140.952358519869,283.785008576765,4.73271707538132
203.375700388075,369.506270505792,4.05224181594593
128.530816509812,410.184578595949,3.45257186073431
629.307173373575,314.89319304179,4.57481063939251
7.30562030745031,143.776928921542,4.241319567074
542.525632430322,201.655298844449,4.20771594557125
35.4468297218247,490.738778248407,3.0036746131317
287.239882794091,20.4357172405695,3.9197166514611
534.889281309442,390.193017731029,3.50256292496427
69.2705125559827,72.1914187471407,5.19457906817624
0.842172203247454,76.9064969948878,3.58483340399277
585.804876194835,226.567958685609,4.00699762426381
433.08867700429,462.188036689914,4.7801742046707
659.008496417346,373.096812105126,3.05502241236994
101.773465774829,482.624391383297,4.31378697921679
621.685430210874,84.9979956631822,4.04348675620252
422.036786010893,259.410327153246,3.68585027008267
12.8285048851748,184.929745848603,3.16223357597487
70.7509521838717,128.731441617546,4.53527637071375
610.999989628178,199.938129148381,4.23238379337522
262.247760260698,216.995337474605,3.95914122861807
578.488673173623,431.950564750101,4.05628270379917
294.304502019134,134.341124625018,4.05235752514172
532.308447315594,456.943712128798,3.81817237980639
47.7933039535031,417.759072485383,4.05669107949652
187.979291502497,291.29092407555,3.57268152624315
550.120209440147,267.822835417632,3.63524429721926
174.27478150018,28.4760406288114,4.25813196170869
501.268465276025,349.906379997439,4.05790059803295
42.604489728875,55.5811861571966,3.8741167318231
545.479999121952,143.801774421902,4.48101465298003
NA,NA,NA
662.764713786247,332.501723302869,3.5614083120889
454.590061688859,299.155644799776,3.79791198623789
11.5404987324627,494.153946854153,3.56076652405562
561.963659869861,47.8402658501652,4.24698444895464
67.3631851459306,375.760901025119,3.94266303401061
228.722278036183,408.802975591654,3.9352646114827
429.554796271122,14.9249450488411,3.23164950734209
364.624469754306,292.407589940082,3.07724434478299
600.816579408991,109.984398604371,4.15180562559306
395.633114271025,229.466197519558,4.14021783850145
559.195850087967,415.041922516517,4.73743283584634
139.867696753779,281.341568926048,4.63215766604423
198.760614927407,375.861371125616,4.17688095975676
125.151145784027,415.40798668812,3.53052773368404
624.72511783296,313.540008238918,4.49063229481383
-3.0894796583317,151.907310780137,4.30175482322474
545.964267457489,206.371203792982,4.22646477479013
35.9041688362396,492.245043848011,2.96209943068246
281.012847890956,27.4692875941387,3.83945057645444
536.058925514372,392.364027069672,3.54469081235414
76.2120391305849,85.4257738586022,5.22503128941853
4.94334845756639,77.2764726887061,3.63365714883085
586.581018616428,230.508568966776,4.02763238733652
429.408966431538,463.764693236479,4.73570093234014
659.285253092192,374.927300855736,3.06168476002841
102.617235475063,491.388137378926,4.3941613165215
626.081818326894,85.533249861728,4.06888752044587
418.212189915264,258.318736689511,3.58923697957971
9.65662774433375,183.345320908565,3.25622151053194
57.4547892731523,113.231718338153,4.45732072551383
611.092435052984,202.621733539881,4.4505129038953
250.922178693453,232.282345112148,3.78332667372694
575.650917882764,430.32870806997,3.92494297480161
302.37595805012,132.592479553957,3.88562649453208
522.929906598666,456.411947501191,3.81263166828657
48.1573267045778,423.01910723027,3.76835439324077
194.799024267172,279.267892965085,4.0056703695226
553.238499686372,274.06101659198,3.68225956835311
176.112281530276,28.4096985021859,4.4613702547596
506.221168351117,346.523247335947,4.23862557968753
36.0803268145052,63.7080091387692,3.51446243418733
520.924125458162,143.141599799969,4.39970087880461
NA,NA,NA
662.764713786247,332.501723302869,3.5614083120889
454.590061688859,299.155644799776,3.79791198623789
11.5404987324627,494.153946854153,3.56076652405562
561.963659869861,47.8402658501652,4.24698444895464
67.3631851459306,375.760901025119,3.94266303401061
228.722278036183,408.802975591654,3.9352646114827
429.554796271122,14.9249450488411,3.23164950734209
364.624469754306,292.407589940082,3.07724434478299
600.816579408991,109.984398604371,4.15180562559306
395.633114271025,229.466197519558,4.14021783850145
559.195850087967,415.041922516517,4.73743283584634
139.867696753779,281.341568926048,4.63215766604423
198.760614927407,375.861371125616,4.17688095975676
125.151145784027,415.40798668812,3.53052773368404
624.72511783296,313.540008238918,4.49063229481383
-3.0894796583317,151.907310780137,4.30175482322474
545.964267457489,206.371203792982,4.22646477479013
35.9041688362396,492.245043848011,2.96209943068246
281.012847890956,27.4692875941387,3.83945057645444
536.058925514372,392.364027069672,3.54469081235414
76.2120391305849,85.4257738586022,5.22503128941853
4.94334845756639,77.2764726887061,3.63365714883085
586.581018616428,230.508568966776,4.02763238733652
429.408966431538,463.764693236479,4.73570093234014
659.285253092192,374.927300855736,3.06168476002841
102.617235475063,491.388137378926,4.3941613165215
626.081818326894,85.533249861728,4.06888752044587
418.212189915264,258.318736689511,3.58923697957971
9.65662774433375,183.345320908565,3.25622151053194
57.4547892731523,113.231718338153,4.45732072551383
611.092435052984,202.621733539881,4.4505129038953
250.922178693453,232.282345112148,3.78332667372694
575.650917882764,430.32870806997,3.92494297480161
302.37595805012,132.592479553957,3.88562649453208
522.929906598666,456.411947501191,3.81263166828657
48.1573267045778,423.01910723027,3.76835439324077
194.799024267172,279.267892965085,4.0056703695226
553.238499686372,274.06101659198,3.68225956835311
176.112281530276,28.4096985021859,4.4613702547596
506.221168351117,346.523247335947,4.23862557968753
36.0803268145052,63.7080091387692,3.51446243418733
520.924125458162,143.141599799969,4.39970087880461
NA,NA,NA
662.764713786247,332.501723302869,3.5614083120889
454.590061688859,299.155644799776,3.79791198623789
11.5404987324627,494.153946854153,3.56076652405562
561.963659869861,47.8402658501652,4.24698444895464
67.3631851459306,375.760901025119,3.94266303401061
228.722278036183,408.802975591654,3.9352646114827
429.554796271122,14.9249450488411,3.23164950734209
364.624469754306,292.407589940082,3.07724434478299
600.816579408991,109.984398604371,4.15180562559306
395.633114271025,229.466197519558,4.14021783850145
559.195850087967,415.041922516517,4.73743283584634
139.867696753779,281.341568926048,4.63215766604423
198.760614927407,375.861371125616,4.17688095975676
125.151145784027,415.40798668812,3.53052773368404
624.72511783296,313.540008238918,4.49063229481383
-3.0894796583317,151.907310780137,4.30175482322474
545.964267457489,206.371203792982,4.22646477479013
35.9041688362396,492.245043848011,2.96209943068246
281.012847890956,27.4692875941387,3.83945057645444
536.058925514372,392.364027069672,3.54469081235414
76.2120391305849,85.4257738586022,5.22503128941853
4.94334845756639,77.2764726887061,3.63365714883085
586.581018616428,230.508568966776,4.02763238733652
429.408966431538,463.764693236479,4.73570093234014
659.285253092192,374.927300855736,3.06168476002841
102.617235475063,491.388137378926,4.3941613165215
626.081818326894,85.533249861728,4.06888752044587
418.212189915264,258.318736689511,3.58923697957971
9.65662774433375,183.345320908565,3.25622151053194
57.4547892731523,113.231718338153,4.45732072551383
611.092435052984,202.621733539881,4.4505129038953
250.922178693453,232.282345112148,3.78332667372694
575.650917882764,430.32870806997,3.92494297480161
302.37595805012,132.592479553957,3.88562649453208
522.929906598666,456.411947501191,3.81263166828657
48.1573267045778,423.01910723027,3.76835439324077
194.799024267172,279.267892965085,4.0056703695226
553.238499686372,274.06101659198,3.68225956835311
176.112281530276,28.4096985021859,4.4613702547596
506.221168351117,346.523247335947,4.23862557968753
36.0803268145052,63.7080091387692,3.51446243418733
520.924125458162,143.141599799969,4.39970087880461
NA,NA,NA
662.764713786247,332.501723302869,3.5614083120889
454.590061688859,299.155644799776,3.79791198623789
11.5404987324627,494.153946854153,3.56076652405562
561.963659869861,47.8402658501652,4.24698444895464
67.3631851459306,375.760901025119,3.94266303401061
228.722278036183,408.802975591654,3.9352646114827
429.554796271122,14.9249450488411,3.23164950734209
364.624469754306,292.407589940082,3.07724434478299
600.816579408991,109.984398604371,4.15180562559306
395.633114271025,229.466197519558,4.14021783850145
559.195850087967,415.041922516517,4.73743283584634
139.867696753779,281.341568926048,4.63215766604423
198.760614927407,375.861371125616,4.17688095975676
125.151145784027,415.40798668812,3.53052773368404
624.72511783296,313.540008238918,4.49063229481383
-3.0894796583317,151.907310780137,4.30175482322474
545.964267457489,206.371203792982,4.22646477479013
35.9041688362396,492.245043848011,2.96209943068246
281.012847890956,27.4692875941387,3.83945057645444
536.058925514372,392.364027069672,3.54469081235414
76.2120391305849,85.4257738586022,5.22503128941853
4.94334845756639,77.2764726887061,3.63365714883085
586.581018616428,230.508568966776,4.02763238733652
429.408966431538,463.764693236479,4.73570093234014
659.285253092192,374.927300855736,3.06168476002841
102.617235475063,491.388137378926,4.3941613165215
626.081818326894,85.533249861728,4.06888752044587
418.212189915264,258.318736689511,3.58923697957971
9.65662774433375,183.345320908565,3.25622151053194
57.4547892731523,113.231718338153,4.45732072551383
611.092435052984,202.621733539881,4.4505129038953
250.922178693453,232.282345112148,3.78332667372694
575.650917882764,430.32870806997,3.92494297480161
302.37595805012,132.592479553957,3.88562649453208
522.929906598666,456.411947501191,3.81263166828657
48.1573267045778,423.01910723027,3.76835439324077
194.799024267172,279.267892965085,4.0056703695226
553.238499686372,274.06101659198,3.68225956835311
176.112281530276,28.4096985021859,4.4613702547596
506.221168351117,346.523247335947,4.23862557968753
36.0803268145052,63.7080091387692,3.51446243418733
520.924125458162,143.141599799969,4.39970087880461
NA,NA,NA
662.764713786247,332.501723302869,3.5614083120889
454.590061688859,299.155644799776,3.79791198623789
11.5404987324627,494.153946854153,3.56076652405562
561.963659869861,47.8402658501652,4.24698444895464
67.3631851459306,375.760901025119,3.94266303401061
228.722278036183,408.802975591654,3.9352646114827
429.554796271122,14.9249450488411,3.23164950734209
364.624469754306,292.407589940082,3.07724434478299
600.816579408991,109.984398604371,4.15180562559306
395.633114271025,229.466197519558,4.14021783850145
559.195850087967,415.041922516517,4.73743283584634
139.867696753779,281.341568926048,4.63215766604423
198.760614927407,375.861371125616,4.17688095975676
125.151145784027,415.40798668812,3.53052773368404
624.72511783296,313.540008238918,4.49063229481383
-3.0894796583317,151.907310780137,4.30175482322474
545.964267457489,206.371203792982,4.22646477479013
35.9041688362396,492.245043848011,2.96209943068246
281.012847890956,27.4692875941387,3.83945057645444
536.058925514372,392.364027069672,3.54469081235414
76.2120391305849,85.4257738586022,5.22503128941853
4.94334845756639,77.2764726887061,3.63365714883085
586.581018616428,230.508568966776,4.02763238733652
429.408966431538,463.764693236479,4.73570093234014
659.285253092192,374.927300855736,3.06168476002841
102.617235475063,491.388137378926,4.3941613165215
626.081818326894,85.533249861728,4.06888752044587
418.212189915264,258.318736689511,3.58923697957971
9.65662774433375,183.345320908565,3.25622151053194
57.4547892731523,113.231718338153,4.45732072551383
611.092435052984,202.621733539881,4.4505129038953
250.922178693453,232.282345112148,3.78332667372694
575.650917882764,430.32870806997,3.92494297480161
302.37595805012,132.592479553957,3.88562649453208
522.929906598666,456.411947501191,3.81263166828657
48.1573267045778,423.01910723027,3.76835439324077
194.799024267172,279.267892965085,4.0056703695226
553.238499686372,274.06101659198,3.68225956835311
176.112281530276,28.4096985021859,4.4613702547596
506.221168351117,346.523247335947,4.23862557968753
36.0803268145052,63.7080091387692,3.51446243418733
520.924125458162,143.141599799969,4.39970087880461
NA,NA,NA
662.764713786247,332.501723302869,3.5614083120889
454.590061688859,299.155644799776,3.79791198623789
11.5404987324627,494.153946854153,3.56076652405562
561.963659869861,47.8402658501652,4.24698444895464
67.3631851459306,375.760901025119,3.94266303401061
228.722278036183,408.802975591654,3.9352646114827
429.554796271122,14.9249450488411,3.23164950734209
364.624469754306,292.407589940082,3.07724434478299
600.816579408991,109.984398604371,4.15180562559306
395.633114271025,229.466197519558,4.14021783850145
559.195850087967,415.041922516517,4.73743283584634
139.867696753779,281.341568926048,4.63215766604423
198.760614927407,375.861371125616,4.17688095975676
125.151145784027,415.40798668812,3.53052773368404
624.72511783296,313.540008238918,4.49063229481383
-3.0894796583317,151.907310780137,4.30175482322474
545.964267457489,206.371203792982,4.22646477479013
35.9041688362396,492.245043848011,2.96209943068246
281.012847890956,27.4692875941387,3.83945057645444
536.058925514372,392.364027069672,3.54469081235414
76.2120391305849,85.4257738586022,5.22503128941853
4.94334845756639,77.2764726887061,3.63365714883085
586.581018616428,230.508568966776,4.02763238733652
429.408966431538,463.764693236479,4.73570093234014
659.285253092192,374.927300855736,3.06168476002841
102.617235475063,491.388137378926,4.3941613165215
626.081818326894,85.533249861728,4.06888752044587
418.212189915264,258.318736689511,3.58923697957971
9.65662774433375,183.345320908565,3.25622151053194
57.4547892731523,113.231718338153,4.45732072551383
611.092435052984,202.621733539881,4.4505129038953
250.922178693453,232.282345112148,3.78332667372694
575.650917882764,430.32870806997,3.92494297480161
302.37595805012,132.592479553957,3.88562649453208
522.929906598666,456.411947501191,3.81263166828657
48.1573267045778,423.01910723027,3.76835439324077
194.799024267172,279.267892965085,4.0056703695226
553.238499686372,274.06101659198,3.68225956835311
176.112281530276,28.4096985021859,4.4613702547596
506.221168351117,346.523247335947,4.23862557968753
36.0803268145052,63.7080091387692,3.51446243418733
520.924125458162,143.141599799969,4.39970087880461
NA,NA,NA
660.33251779266,336.248301386607,3.45212175113951
455.608724093136,300.595357419033,3.75173397769682
16.193447751366,494.17684194431,3.60202899872994
559.484297295301,52.1255896156855,4.1664118983851
71.414985579401,378.037332664323,3.99307224497373
228.212134872098,415.849100732855,3.90026667196407
429.330258077489,12.7993456222687,3.25275670268239
363.956406839487,295.351013226197,2.89112465735586
606.882239731905,104.144985611962,4.24064893130071
393.043606554363,226.659649716951,4.26063727246738
568.833037095562,409.829334695675,4.70640712149676
139.284503854155,281.600810683287,4.58326766652786
202.169435604906,368.055652363831,3.94379371229902
124.964100572794,411.325233509544,3.34381810533605
624.903497225951,314.718403203249,4.5103027558869
-0.140501100889403,151.768352544758,4.30169630906146
543.101830866455,203.671886453278,4.08524397912
31.8988763451447,492.548022548297,2.90196258229045
277.308035423704,21.4275413631192,3.97277328083135
533.563261751456,391.862178271243,3.4474877267567
77.6769581901719,80.3190507014543,5.26137487958663
3.93084981781002,70.5767449422932,3.44368211851684
588.516286898405,225.432827642679,3.96190826319238
447.823392492808,459.498390591685,4.93128054249629
661.425887892812,374.182261121871,2.67483005618879
96.622394220884,490.801363244544,4.30175818883742
624.840454819987,90.4529647704823,4.09396221503201
421.057302703687,256.742404059452,3.63028096284143
10.5019971081579,184.179621711991,3.1291850590249
58.9368798958792,115.246952571976,4.47255551546227
606.580033707781,198.084871701913,4.36251266983432
254.038410107587,228.122236041014,3.42374426980862
580.301950974544,429.477298206182,3.82908954413819
301.247472888125,146.296018681929,3.85453665413176
527.219091454678,456.197056861621,3.57763180453904
43.6148797322675,408.631343461947,4.01164162067964
200.011663922384,285.138067824381,3.84593096094819
545.231541013111,265.678617922246,3.8325408872859
177.384607529166,32.7277971238967,4.43823207845834
498.493831138313,342.845424274152,4.62956441888846
32.9627272102287,51.1131275311416,3.72783305409307
544.829876498025,151.89147332287,4.50148805612516
NA,NA,NA
660.33251779266,336.248301386607,3.45212175113951
455.608724093136,300.595357419033,3.75173397769682
16.193447751366,494.17684194431,3.60202899872994
559.484297295301,52.1255896156855,4.1664118983851
71.414985579401,378.037332664323,3.99307224497373
228.212134872098,415.849100732855,3.90026667196407
429.330258077489,12.7993456222687,3.25275670268239
363.956406839487,295.351013226197,2.89112465735586
606.882239731905,104.144985611962,4.24064893130071
393.043606554363,226.659649716951,4.26063727246738
568.833037095562,409.829334695675,4.70640712149676
139.284503854155,281.600810683287,4.58326766652786
202.169435604906,368.055652363831,3.94379371229902
124.964100572794,411.325233509544,3.34381810533605
624.903497225951,314.718403203249,4.5103027558869
-0.140501100889403,151.768352544758,4.30169630906146
543.101830866455,203.671886453278,4.08524397912
31.8988763451447,492.548022548297,2.90196258229045
277.308035423704,21.4275413631192,3.97277328083135
533.563261751456,391.862178271243,3.4474877267567
77.6769581901719,80.3190507014543,5.26137487958663
3.93084981781002,70.5767449422932,3.44368211851684
588.516286898405,225.432827642679,3.96190826319238
447.823392492808,459.498390591685,4.93128054249629
661.425887892812,374.182261121871,2.67483005618879
96.622394220884,490.801363244544,4.30175818883742
624.840454819987,90.4529647704823,4.09396221503201
421.057302703687,256.742404059452,3.63028096284143
10.5019971081579,184.179621711991,3.1291850590249
58.9368798958792,115.246952571976,4.47255551546227
606.580033707781,198.084871701913,4.36251266983432
254.038410107587,228.122236041014,3.42374426980862
580.301950974544,429.477298206182,3.82908954413819
301.247472888125,146.296018681929,3.85453665413176
527.219091454678,456.197056861621,3.57763180453904
43.6148797322675,408.631343461947,4.01164162067964
200.011663922384,285.138067824381,3.84593096094819
545.231541013111,265.678617922246,3.8325408872859
177.384607529166,32.7277971238967,4.43823207845834
498.493831138313,342.845424274152,4.62956441888846
32.9627272102287,51.1131275311416,3.72783305409307
544.829876498025,151.89147332287,4.50148805612516
NA,NA,NA
660.33251779266,336.248301386607,3.45212175113951
455.608724093136,300.595357419033,3.75173397769682
16.193447751366,494.17684194431,3.60202899872994
559.484297295301,52.1255896156855,4.1664118983851
71.414985579401,378.037332664323,3.99307224497373
228.212134872098,415.849100732855,3.90026667196407
429.330258077489,12.7993456222687,3.25275670268239
363.956406839487,295.351013226197,2.89112465735586
606.882239731905,104.144985611962,4.24064893130071
393.043606554363,226.659649716951,4.26063727246738
568.833037095562,409.829334695675,4.70640712149676
139.284503854155,281.600810683287,4.58326766652786
202.169435604906,368.055652363831,3.94379371229902
124.964100572794,411.325233509544,3.34381810533605
624.903497225951,314.718403203249,4.5103027558869
-0.140501100889403,151.768352544758,4.30169630906146
543.101830866455,203.671886453278,4.08524397912
31.8988763451447,492.548022548297,2.90196258229045
277.308035423704,21.4275413631192,3.97277328083135
533.563261751456,391.862178271243,3.4474877267567
77.6769581901719,80.3190507014543,5.26137487958663
3.93084981781002,70.5767449422932,3.44368211851684
588.516286898405,225.432827642679,3.96190826319238
447.823392492808,459.498390591685,4.93128054249629
661.425887892812,374.182261121871,2.67483005618879
96.622394220884,490.801363244544,4.30175818883742
624.840454819987,90.4529647704823,4.09396221503201
421.057302703687,256.742404059452,3.63028096284143
10.5019971081579,184.179621711991,3.1291850590249
58.9368798958792,115.246952571976,4.47255551546227
606.580033707781,198.084871701913,4.36251266983432
254.038410107587,228.122236041014,3.42374426980862
580.301950974544,429.477298206182,3.82908954413819
301.247472888125,146.296018681929,3.85453665413176
527.219091454678,456.197056861621,3.57763180453904
43.6148797322675,408.631343461947,4.01164162067964
200.011663922384,285.138067824381,3.84593096094819
545.231541013111,265.678617922246,3.8325408872859
177.384607529166,32.7277971238967,4.43823207845834
498.493831138313,342.845424274152,4.62956441888846
32.9627272102287,51.1131275311416,3.72783305409307
544.829876498025,151.89147332287,4.50148805612516
NA,NA,NA
660.33251779266,336.248301386607,3.45212175113951
455.608724093136,300.595357419033,3.75173397769682
16.193447751366,494.17684194431,3.60202899872994
559.484297295301,52.1255896156855,4.1664118983851
71.414985579401,378.037332664323,3.99307224497373
228.212134872098,415.849100732855,3.90026667196407
429.330258077489,12.7993456222687,3.25275670268239
363.956406839487,295.351013226197,2.89112465735586
606.882239731905,104.144985611962,4.24064893130071
393.043606554363,226.659649716951,4.26063727246738
568.833037095562,409.829334695675,4.70640712149676
139.284503854155,281.600810683287,4.58326766652786
202.169435604906,368.055652363831,3.94379371229902
124.964100572794,411.325233509544,3.34381810533605
624.903497225951,314.718403203249,4.5103027558869
-0.140501100889403,151.768352544758,4.30169630906146
543.101830866455,203.671886453278,4.08524397912
31.8988763451447,492.548022548297,2.90196258229045
277.308035423704,21.4275413631192,3.97277328083135
533.563261751456,391.862178271243,3.4474877267567
77.6769581901719,80.3190507014543,5.26137487958663
3.93084981781002,70.5767449422932,3.44368211851684
588.516286898405,225.432827642679,3.96190826319238
447.823392492808,459.498390591685,4.93128054249629
661.425887892812,374.182261121871,2.67483005618879
96.622394220884,490.801363244544,4.30175818883742
624.840454819987,90.4529647704823,4.09396221503201
421.057302703687,256.742404059452,3.63028096284143
10.5019971081579,184.179621711991,3.1291850590249
58.9368798958792,115.246952571976,4.47255551546227
606.580033707781,198.084871701913,4.36251266983432
254.038410107587,228.122236041014,3.42374426980862
580.301950974544,429.477298206182,3.82908954413819
301.247472888125,146.296018681929,3.85453665413176
527.219091454678,456.197056861621,3.57763180453904
43.6148797322675,408.631343461947,4.01164162067964
200.011663922384,285.138067824381,3.84593096094819
545.231541013111,265.678617922246,3.8325408872859
177.384607529166,32.7277971238967,4.43823207845834
498.493831138313,342.845424274152,4.62956441888846
32.9627272102287,51.1131275311416,3.72783305409307
544.829876498025,151.89147332287,4.50148805612516
NA,NA,NA
660.33251779266,336.248301386607,3.45212175113951
455.608724093136,300.595357419033,3.75173397769682
16.193447751366,494.17684194431,3.60202899872994
559.484297295301,52.1255896156855,4.1664118983851
71.414985579401,378.037332664323,3.99307224497373
228.212134872098,415.849100732855,3.90026667196407
429.330258077489,12.7993456222687,3.25275670268239
363.956406839487,295.351013226197,2.89112465735586
606.882239731905,104.144985611962,4.24064893130071
393.043606554363,226.659649716951,4.26063727246738
568.833037095562,409.829334695675,4.70640712149676
139.284503854155,281.600810683287,4.58326766652786
202.169435604906,368.055652363831,3.94379371229902
124.964100572794,411.325233509544,3.34381810533605
624.903497225951,314.718403203249,4.5103027558869
-0.140501100889403,151.768352544758,4.30169630906146
543.101830866455,203.671886453278,4.08524397912
31.8988763451447,492.548022548297,2.90196258229045
277.308035423704,21.4275413631192,3.97277328083135
533.563261751456,391.862178271243,3.4474877267567
77.6769581901719,80.3190507014543,5.26137487958663
3.93084981781002,70.5767449422932,3.44368211851684
588.516286898405,225.432827642679,3.96190826319238
447.823392492808,459.498390591685,4.93128054249629
661.425887892812,374.182261121871,2.67483005618879
96.622394220884,490.801363244544,4.30175818883742
624.840454819987,90.4529647704823,4.09396221503201
421.057302703687,256.742404059452,3.63028096284143
10.5019971081579,184.179621711991,3.1291850590249
58.9368798958792,115.246952571976,4.47255551546227
606.580033707781,198.084871701913,4.36251266983432
254.038410107587,228.122236041014,3.42374426980862
580.301950974544,429.477298206182,3.82908954413819
301.247472888125,146.296018681929,3.85453665413176
527.219091454678,456.197056861621,3.57763180453904
43.6148797322675,408.631343461947,4.01164162067964
200.011663922384,285.138067824381,3.84593096094819
545.231541013111,265.678617922246,3.8325408872859
177.384607529166,32.7277971238967,4.43823207845834
498.493831138313,342.845424274152,4.62956441888846
32.9627272102287,51.1131275311416,3.72783305409307
544.829876498025,151.89147332287,4.50148805612516
NA,NA,NA
660.33251779266,336.248301386607,3.45212175113951
455.608724093136,300.595357419033,3.75173397769682
16.193447751366,494.17684194431,3.60202899872994
559.484297295301,52.1255896156855,4.1664118983851
71.414985579401,378.037332664323,3.99307224497373
228.212134872098,415.849100732855,3.90026667196407
429.330258077489,12.7993456222687,3.25275670268239
363.956406839487,295.351013226197,2.89112465735586
606.882239731905,104.144985611962,4.24064893130071
393.043606554363,226.659649716951,4.26063727246738
568.833037095562,409.829334695675,4.70640712149676
139.284503854155,281.600810683287,4.58326766652786
202.169435604906,368.055652363831,3.94379371229902
124.964100572794,411.325233509544,3.34381810533605
624.903497225951,314.718403203249,4.5103027558869
-0.140501100889403,151.768352544758,4.30169630906146
543.101830866455,203.671886453278,4.08524397912
31.8988763451447,492.548022548297,2.90196258229045
277.308035423704,21.4275413631192,3.97277328083135
533.563261751456,391.862178271243,3.4474877267567
77.6769581901719,80.3190507014543,5.26137487958663
3.93084981781002,70.5767449422932,3.44368211851684
588.516286898405,225.432827642679,3.96190826319238
447.823392492808,459.498390591685,4.93128054249629
661.425887892812,374.182261121871,2.67483005618879
96.622394220884,490.801363244544,4.30175818883742
624.840454819987,90.4529647704823,4.09396221503201
421.057302703687,256.742404059452,3.63028096284143
10.5019971081579,184.179621711991,3.1291850590249
58.9368798958792,115.246952571976,4.47255551546227
606.580033707781,198.084871701913,4.36251266983432
254.038410107587,228.122236041014,3.42374426980862
580.301950974544,429.477298206182,3.82908954413819
301.247472888125,146.296018681929,3.85453665413176
527.219091454678,456.197056861621,3.57763180453904
43.6148797322675,408.631343461947,4.01164162067964
200.011663922384,285.138067824381,3.84593096094819
545.231541013111,265.678617922246,3.8325408872859
177.384607529166,32.7277971238967,4.43823207845834
498.493831138313,342.845424274152,4.62956441888846
32.9627272102287,51.1131275311416,3.72783305409307
544.829876498025,151.89147332287,4.50148805612516
NA,NA,NA
664.41360931642,332.95811447889,3.52289549426843
455.352460362406,298.727122929713,3.77176777233842
12.9657510255366,494.6606977763,3.68047456923988
558.142333081843,49.2830990599434,4.18881083785652
75.8321794208413,377.493679113058,3.95222952572261
228.741017736513,408.898314277854,3.96750745394373
426.614197850819,11.721606765459,3.17274346315657
362.590452107363,293.564497440095,2.95987314074683
602.643520567902,101.576183913623,4.18918201689385
392.391843629105,234.053609547039,4.32614062970767
568.689858374454,410.28060011168,4.79151911850783
146.448973057192,281.433268337921,4.5650401434764
204.644258549353,369.159420202596,4.1084775944955
125.553940114414,410.785183198132,3.33175662944545
624.860563024698,312.719397672405,4.56626349880402
-1.70966832139759,152.779346546667,4.28388722895087
542.950261571957,199.647986911895,4.21163846773494
34.3018687988054,492.522306367941,2.91027251674876
282.929112159307,22.4824873699689,3.83536057491866
535.766100330957,390.930349049706,3.41506700846323
73.8359622418236,74.5812539789992,5.26638098863804
0.411073596921533,75.9196694055251,3.53048458398035
589.98734114531,227.204541654394,4.06918363769326
442.008449470963,459.2162257825,4.74668270057577
658.625525992831,374.862075859696,3.08041082117718
108.447004892695,483.584152411906,4.32031798486647
624.161727900381,86.161535618459,4.09918128562451
420.389308088549,258.221925986621,3.59668405636168
9.73164062892236,181.705150033786,3.28646070645248
74.2659158021279,119.448568047287,4.48222163328261
624.196252308476,207.171034642948,4.43222156687008
250.051552360573,217.078222874365,4.26260731499656
575.08380274481,414.880353701727,3.77119821449598
304.309082055429,132.998290100085,3.65871430703824
524.524605641463,460.215948575749,3.45520945274115
44.2165706715834,416.487324899311,3.94523281391043
203.241646655658,284.118610278128,4.0366078143916
549.926738015034,265.611081543006,3.90909761184451
175.955133022361,30.5284382783865,4.34722571686747
501.267345236023,333.074806386814,4.55495949675695
37.3026619831871,41.8871659153088,4.05523347030713
528.031158044447,146.968220500892,4.46476331156792
NA,NA,NA
664.41360931642,332.95811447889,3.52289549426843
455.352460362406,298.727122929713,3.77176777233842
12.9657510255366,494.6606977763,3.68047456923988
558.142333081843,49.2830990599434,4.18881083785652
75.8321794208413,377.493679113058,3.95222952572261
228.741017736513,408.898314277854,3.96750745394373
426.614197850819,11.721606765459,3.17274346315657
362.590452107363,293.564497440095,2.95987314074683
602.643520567902,101.576183913623,4.18918201689385
392.391843629105,234.053609547039,4.32614062970767
568.689858374454,410.28060011168,4.79151911850783
146.448973057192,281.433268337921,4.5650401434764
204.644258549353,369.159420202596,4.1084775944955
125.553940114414,410.785183198132,3.33175662944545
624.860563024698,312.719397672405,4.56626349880402
-1.70966832139759,152.779346546667,4.28388722895087
542.950261571957,199.647986911895,4.21163846773494
34.3018687988054,492.522306367941,2.91027251674876
282.929112159307,22.4824873699689,3.83536057491866
535.766100330957,390.930349049706,3.41506700846323
73.8359622418236,74.5812539789992,5.26638098863804
0.411073596921533,75.9196694055251,3.53048458398035
589.98734114531,227.204541654394,4.06918363769326
442.008449470963,459.2162257825,4.74668270057577
658.625525992831,374.862075859696,3.08041082117718
108.447004892695,483.584152411906,4.32031798486647
624.161727900381,86.161535618459,4.09918128562451
420.389308088549,258.221925986621,3.59668405636168
9.73164062892236,181.705150033786,3.28646070645248
74.2659158021279,119.448568047287,4.48222163328261
624.196252308476,207.171034642948,4.43222156687008
250.051552360573,217.078222874365,4.26260731499656
575.08380274481,414.880353701727,3.77119821449598
304.309082055429,132.998290100085,3.65871430703824
524.524605641463,460.215948575749,3.45520945274115
44.2165706715834,416.487324899311,3.94523281391043
203.241646655658,284.118610278128,4.0366078143916
549.926738015034,265.611081543006,3.90909761184451
175.955133022361,30.5284382783865,4.34722571686747
501.267345236023,333.074806386814,4.55495949675695
37.3026619831871,41.8871659153088,4.05523347030713
528.031158044447,146.968220500892,4.46476331156792
NA,NA,NA
664.41360931642,332.95811447889,3.52289549426843
455.352460362406,298.727122929713,3.77176777233842
12.9657510255366,494.6606977763,3.68047456923988
558.142333081843,49.2830990599434,4.18881083785652
75.8321794208413,377.493679113058,3.95222952572261
228.741017736513,408.898314277854,3.96750745394373
426.614197850819,11.721606765459,3.17274346315657
362.590452107363,293.564497440095,2.95987314074683
602.643520567902,101.576183913623,4.18918201689385
392.391843629105,234.053609547039,4.32614062970767
568.689858374454,410.28060011168,4.79151911850783
146.448973057192,281.433268337921,4.5650401434764
204.644258549353,369.159420202596,4.1084775944955
125.553940114414,410.785183198132,3.33175662944545
624.860563024698,312.719397672405,4.56626349880402
-1.70966832139759,152.779346546667,4.28388722895087
542.950261571957,199.647986911895,4.21163846773494
34.3018687988054,492.522306367941,2.91027251674876
282.929112159307,22.4824873699689,3.83536057491866
535.766100330957,390.930349049706,3.41506700846323
73.8359622418236,74.5812539789992,5.26638098863804
0.411073596921533,75.9196694055251,3.53048458398035
589.98734114531,227.204541654394,4.06918363769326
442.008449470963,459.2162257825,4.74668270057577
658.625525992831,374.862075859696,3.08041082117718
108.447004892695,483.584152411906,4.32031798486647
624.161727900381,86.161535618459,4.09918128562451
420.389308088549,258.221925986621,3.59668405636168
9.73164062892236,181.705150033786,3.28646070645248
74.2659158021279,119.448568047287,4.48222163328261
624.196252308476,207.171034642948,4.43222156687008
250.051552360573,217.078222874365,4.26260731499656
575.08380274481,414.880353701727,3.77119821449598
304.309082055429,132.998290100085,3.65871430703824
524.524605641463,460.215948575749,3.45520945274115
44.2165706715834,416.487324899311,3.94523281391043
203.241646655658,284.118610278128,4.0366078143916
549.926738015034,265.611081543006,3.90909761184451
175.955133022361,30.5284382783865,4.34722571686747
501.267345236023,333.074806386814,4.55495949675695
37.3026619831871,41.8871659153088,4.05523347030713
528.031158044447,146.968220500892,4.46476331156792
NA,NA,NA
664.41360931642,332.95811447889,3.52289549426843
455.352460362406,298.727122929713,3.77176777233842
12.9657510255366,494.6606977763,3.68047456923988
558.142333081843,49.2830990599434,4.18881083785652
75.8321794208413,377.493679113058,3.95222952572261
228.741017736513,408.898314277854,3.96750745394373
426.614197850819,11.721606765459,3.17274346315657
362.590452107363,293.564497440095,2.95987314074683
602.643520567902,101.576183913623,4.18918201689385
392.391843629105,234.053609547039,4.32614062970767
568.689858374454,410.28060011168,4.79151911850783
146.448973057192,281.433268337921,4.5650401434764
204.644258549353,369.159420202596,4.1084775944955
125.553940114414,410.785183198132,3.33175662944545
624.860563024698,312.719397672405,4.56626349880402
-1.70966832139759,152.779346546667,4.28388722895087
542.950261571957,199.647986911895,4.21163846773494
34.3018687988054,492.522306367941,2.91027251674876
282.929112159307,22.4824873699689,3.83536057491866
535.766100330957,390.930349049706,3.41506700846323
73.8359622418236,74.5812539789992,5.26638098863804
0.411073596921533,75.9196694055251,3.53048458398035
589.98734114531,227.204541654394,4.06918363769326
442.008449470963,459.2162257825,4.74668270057577
658.625525992831,374.862075859696,3.08041082117718
108.447004892695,483.584152411906,4.32031798486647
624.161727900381,86.161535618459,4.09918128562451
420.389308088549,258.221925986621,3.59668405636168
9.73164062892236,181.705150033786,3.28646070645248
74.2659158021279,119.448568047287,4.48222163328261
624.196252308476,207.171034642948,4.43222156687008
250.051552360573,217.078222874365,4.26260731499656
575.08380274481,414.880353701727,3.77119821449598
304.309082055429,132.998290100085,3.65871430703824
524.524605641463,460.215948575749,3.45520945274115
44.2165706715834,416.487324899311,3.94523281391043
203.241646655658,284.118610278128,4.0366078143916
549.926738015034,265.611081543006,3.90909761184451
175.955133022361,30.5284382783865,4.34722571686747
501.267345236023,333.074806386814,4.55495949675695
37.3026619831871,41.8871659153088,4.05523347030713
528.031158044447,146.968220500892,4.46476331156792
NA,NA,NA
664.41360931642,332.95811447889,3.52289549426843
455.352460362406,298.727122929713,3.77176777233842
12.9657510255366,494.6606977763,3.68047456923988
558.142333081843,49.2830990599434,4.18881083785652
75.8321794208413,377.493679113058,3.95222952572261
228.741017736513,408.898314277854,3.96750745394373
426.614197850819,11.721606765459,3.17274346315657
362.590452107363,293.564497440095,2.95987314074683
602.643520567902,101.576183913623,4.18918201689385
392.391843629105,234.053609547039,4.32614062970767
568.689858374454,410.28060011168,4.79151911850783
146.448973057192,281.433268337921,4.5650401434764
204.644258549353,369.159420202596,4.1084775944955
125.553940114414,410.785183198132,3.33175662944545
624.860563024698,312.719397672405,4.56626349880402
-1.70966832139759,152.779346546667,4.28388722895087
542.950261571957,199.647986911895,4.21163846773494
34.3018687988054,492.522306367941,2.91027251674876
282.929112159307,22.4824873699689,3.83536057491866
535.766100330957,390.930349049706,3.41506700846323
73.8359622418236,74.5812539789992,5.26638098863804
0.411073596921533,75.9196694055251,3.53048458398035
589.98734114531,227.204541654394,4.06918363769326
442.008449470963,459.2162257825,4.74668270057577
658.625525992831,374.862075859696,3.08041082117718
108.447004892695,483.584152411906,4.32031798486647
624.161727900381,86.161535618459,4.09918128562451
420.389308088549,258.221925986621,3.59668405636168
9.73164062892236,181.705150033786,3.28646070645248
74.2659158021279,119.448568047287,4.48222163328261
624.196252308476,207.171034642948,4.43222156687008
250.051552360573,217.078222874365,4.26260731499656
575.08380274481,414.880353701727,3.77119821449598
304.309082055429,132.998290100085,3.65871430703824
524.524605641463,460.215948575749,3.45520945274115
44.2165706715834,416.487324899311,3.94523281391043
203.241646655658,284.118610278128,4.0366078143916
549.926738015034,265.611081543006,3.90909761184451
175.955133022361,30.5284382783865,4.34722571686747
501.267345236023,333.074806386814,4.55495949675695
37.3026619831871,41.8871659153088,4.05523347030713
528.031158044447,146.968220500892,4.46476331156792
NA,NA,NA
664.41360931642,332.95811447889,3.52289549426843
455.352460362406,298.727122929713,3.77176777233842
12.9657510255366,494.6606977763,3.68047456923988
558.142333081843,49.2830990599434,4.18881083785652
75.8321794208413,377.493679113058,3.95222952572261
228.741017736513,408.898314277854,3.96750745394373
426.614197850819,11.721606765459,3.17274346315657
362.590452107363,293.564497440095,2.95987314074683
602.643520567902,101.576183913623,4.18918201689385
392.391843629105,234.053609547039,4.32614062970767
568.689858374454,410.28060011168,4.79151911850783
146.448973057192,281.433268337921,4.5650401434764
204.644258549353,369.159420202596,4.1084775944955
125.553940114414,410.785183198132,3.33175662944545
624.860563024698,312.719397672405,4.56626349880402
-1.70966832139759,152.779346546667,4.28388722895087
542.950261571957,199.647986911895,4.21163846773494
34.3018687988054,492.522306367941,2.91027251674876
282.929112159307,22.4824873699689,3.83536057491866
535.766100330957,390.930349049706,3.41506700846323
73.8359622418236,74.5812539789992,5.26638098863804
0.411073596921533,75.9196694055251,3.53048458398035
589.98734114531,227.204541654394,4.06918363769326
442.008449470963,459.2162257825,4.74668270057577
658.625525992831,374.862075859696,3.08041082117718
108.447004892695,483.584152411906,4.32031798486647
624.161727900381,86.161535618459,4.09918128562451
420.389308088549,258.221925986621,3.59668405636168
9.73164062892236,181.705150033786,3.28646070645248
74.2659158021279,119.448568047287,4.48222163328261
624.196252308476,207.171034642948,4.43222156687008
250.051552360573,217.078222874365,4.26260731499656
575.08380274481,414.880353701727,3.77119821449598
304.309082055429,132.998290100085,3.65871430703824
524.524605641463,460.215948575749,3.45520945274115
44.2165706715834,416.487324899311,3.94523281391043
203.241646655658,284.118610278128,4.0366078143916
549.926738015034,265.611081543006,3.90909761184451
175.955133022361,30.5284382783865,4.34722571686747
501.267345236023,333.074806386814,4.55495949675695
37.3026619831871,41.8871659153088,4.05523347030713
528.031158044447,146.968220500892,4.46476331156792
NA,NA,NA
655.25541787862,333.428111651416,3.48964242589
456.808817901102,300.198499353678,3.67405633568477
6.66315424054495,495.33495423874,3.73848233084926
557.601961603004,50.1552399743157,4.21682303734652
71.6732604932564,372.593051284369,3.92197576917346
230.997468070184,412.647343087042,3.88402340492713
428.115731860651,16.3276035513675,3.43674753926591
362.517551789693,293.58284562872,3.24342875556629
605.178801121906,101.475643049829,4.21168127221667
390.925310953278,229.409684168965,4.26835224588624
562.59514899335,410.569139838164,4.72704743108112
148.175499543524,283.849554866884,4.4866151095467
191.596859753048,366.455504776444,4.05262868184464
129.080461692184,413.238139545547,3.38501668165537
625.528653544559,308.913019801986,4.59129304311978
-3.48119416066772,150.60009225214,4.26136519896634
543.6108715667,205.464809540486,4.23622174002485
36.6950743044829,492.191433571566,3.0658965555879
279.104431657685,22.6201454187626,3.97401822386205
533.829463018085,395.559452761873,3.45440421497538
78.5560993058948,84.9643756242327,5.26776565913834
6.78775954537046,74.4755998606173,3.35757528832757
589.798085467781,230.475226848184,4.05080045495334
434.499551784808,458.147208743533,4.76220211164139
661.35028119251,373.921651163562,3.20252670575448
110.372215699825,488.432570114187,4.43092643346685
624.997220795646,87.9905547597722,4.09767966715771
421.406275835557,256.144576366388,3.63563107493501
11.32920770107,179.51916524255,3.02355245098835
66.4899046370142,119.981882579293,4.48341477195272
613.820016778302,197.491789378142,4.3041960643007
248.254440596465,214.849427475677,3.91994923540791
569.229727007697,430.295944949856,3.71489615521297
297.619121431962,135.501757933645,3.95747956549104
525.622925213155,450.611857885326,3.39876156297507
44.3034694700999,421.56806804839,3.81405556847598
206.64619014388,284.043399172352,3.93447280344102
551.955386554962,265.449200130608,3.77769466585411
187.157974729837,30.8929731800415,4.46380100969513
504.383835357851,340.498303079914,4.6049474187203
48.6903539960823,51.8929927257409,3.9699678545159
511.696147616403,140.898785297251,4.51348987787517
NA,NA,NA
655.25541787862,333.428111651416,3.48964242589
456.808817901102,300.198499353678,3.67405633568477
6.66315424054495,495.33495423874,3.73848233084926
557.601961603004,50.1552399743157,4.21682303734652
71.6732604932564,372.593051284369,3.92197576917346
230.997468070184,412.647343087042,3.88402340492713
428.115731860651,16.3276035513675,3.43674753926591
362.517551789693,293.58284562872,3.24342875556629
605.178801121906,101.475643049829,4.21168127221667
390.925310953278,229.409684168965,4.26835224588624
562.59514899335,410.569139838164,4.72704743108112
148.175499543524,283.849554866884,4.4866151095467
191.596859753048,366.455504776444,4.05262868184464
129.080461692184,413.238139545547,3.38501668165537
625.528653544559,308.913019801986,4.59129304311978
-3.48119416066772,150.60009225214,4.26136519896634
543.6108715667,205.464809540486,4.23622174002485
36.6950743044829,492.191433571566,3.0658965555879
279.104431657685,22.6201454187626,3.97401822386205
533.829463018085,395.559452761873,3.45440421497538
78.5560993058948,84.9643756242327,5.26776565913834
6.78775954537046,74.4755998606173,3.35757528832757
589.798085467781,230.475226848184,4.05080045495334
434.499551784808,458.147208743533,4.76220211164139
661.35028119251,373.921651163562,3.20252670575448
110.372215699825,488.432570114187,4.43092643346685
624.997220795646,87.9905547597722,4.09767966715771
421.406275835557,256.144576366388,3.63563107493501
11.32920770107,179.51916524255,3.02355245098835
66.4899046370142,119.981882579293,4.48341477195272
613.820016778302,197.491789378142,4.3041960643007
248.254440596465,214.849427475677,3.91994923540791
569.229727007697,430.295944949856,3.71489615521297
297.619121431962,135.501757933645,3.95747956549104
525.622925213155,450.611857885326,3.39876156297507
44.3034694700999,421.56806804839,3.81405556847598
206.64619014388,284.043399172352,3.93447280344102
551.955386554962,265.449200130608,3.77769466585411
187.157974729837,30.8929731800415,4.46380100969513
504.383835357851,340.498303079914,4.6049474187203
48.6903539960823,51.8929927257409,3.9699678545159
511.696147616403,140.898785297251,4.51348987787517
NA,NA,NA
655.25541787862,333.428111651416,3.48964242589
456.808817901102,300.198499353678,3.67405633568477
6.66315424054495,495.33495423874,3.73848233084926
557.601961603004,50.1552399743157,4.21682303734652
71.6732604932564,372.593051284369,3.92197576917346
230.997468070184,412.647343087042,3.88402340492713
428.115731860651,16.3276035513675,3.43674753926591
362.517551789693,293.58284562872,3.24342875556629
605.178801121906,101.475643049829,4.21168127221667
390.925310953278,229.409684168965,4.26835224588624
562.59514899335,410.569139838164,4.72704743108112
148.175499543524,283.849554866884,4.4866151095467
191.596859753048,366.455504776444,4.05262868184464
129.080461692184,413.238139545547,3.38501668165537
625.528653544559,308.913019801986,4.59129304311978
-3.48119416066772,150.60009225214,4.26136519896634
543.6108715667,205.464809540486,4.23622174002485
36.6950743044829,492.191433571566,3.0658965555879
279.104431657685,22.6201454187626,3.97401822386205
533.829463018085,395.559452761873,3.45440421497538
78.5560993058948,84.9643756242327,5.26776565913834
6.78775954537046,74.4755998606173,3.35757528832757
589.798085467781,230.475226848184,4.05080045495334
434.499551784808,458.147208743533,4.76220211164139
661.35028119251,373.921651163562,3.20252670575448
110.372215699825,488.432570114187,4.43092643346685
624.997220795646,87.9905547597722,4.09767966715771
421.406275835557,256.144576366388,3.63563107493501
11.32920770107,179.51916524255,3.02355245098835
66.4899046370142,119.981882579293,4.48341477195272
613.820016778302,197.491789378142,4.3041960643007
248.254440596465,214.849427475677,3.91994923540791
569.229727007697,430.295944949856,3.71489615521297
297.619121431962,135.501757933645,3.95747956549104
525.622925213155,450.611857885326,3.39876156297507
44.3034694700999,421.56806804839,3.81405556847598
206.64619014388,284.043399172352,3.93447280344102
551.955386554962,265.449200130608,3.77769466585411
187.157974729837,30.8929731800415,4.46380100969513
504.383835357851,340.498303079914,4.6049474187203
48.6903539960823,51.8929927257409,3.9699678545159
511.696147616403,140.898785297251,4.51348987787517
NA,NA,NA
655.25541787862,333.428111651416,3.48964242589
456.808817901102,300.198499353678,3.67405633568477
6.66315424054495,495.33495423874,3.73848233084926
557.601961603004,50.1552399743157,4.21682303734652
71.6732604932564,372.593051284369,3.92197576917346
230.997468070184,412.647343087042,3.88402340492713
428.115731860651,16.3276035513675,3.43674753926591
362.517551789693,293.58284562872,3.24342875556629
605.178801121906,101.475643049829,4.21168127221667
390.925310953278,229.409684168965,4.26835224588624
562.59514899335,410.569139838164,4.72704743108112
148.175499543524,283.849554866884,4.4866151095467
191.596859753048,366.455504776444,4.05262868184464
129.080461692184,413.238139545547,3.38501668165537
625.528653544559,308.913019801986,4.59129304311978
-3.48119416066772,150.60009225214,4.26136519896634
543.6108715667,205.464809540486,4.23622174002485
36.6950743044829,492.191433571566,3.0658965555879
279.104431657685,22.6201454187626,3.97401822386205
533.829463018085,395.559452761873,3.45440421497538
78.5560993058948,84.9643756242327,5.26776565913834
6.78775954537046,74.4755998606173,3.35757528832757
589.798085467781,230.475226848184,4.05080045495334
434.499551784808,458.147208743533,4.76220211164139
661.35028119251,373.921651163562,3.20252670575448
110.372215699825,488.432570114187,4.43092643346685
624.997220795646,87.9905547597722,4.09767966715771
421.406275835557,256.144576366388,3.63563107493501
11.32920770107,179.51916524255,3.02355245098835
66.4899046370142,119.981882579293,4.48341477195272
613.820016778302,197.491789378142,4.3041960643007
248.254440596465,214.849427475677,3.91994923540791
569.229727007697,430.295944949856,3.71489615521297
297.619121431962,135.501757933645,3.95747956549104
525.622925213155,450.611857885326,3.39876156297507
44.3034694700999,421.56806804839,3.81405556847598
206.64619014388,284.043399172352,3.93447280344102
551.955386554962,265.449200130608,3.77769466585411
187.157974729837,30.8929731800415,4.46380100969513
504.383835357851,340.498303079914,4.6049474187203
48.6903539960823,51.8929927257409,3.9699678545159
511.696147616403,140.898785297251,4.51348987787517
NA,NA,NA
655.25541787862,333.428111651416,3.48964242589
456.808817901102,300.198499353678,3.67405633568477
6.66315424054495,495.33495423874,3.73848233084926
557.601961603004,50.1552399743157,4.21682303734652
71.6732604932564,372.593051284369,3.92197576917346
230.997468070184,412.647343087042,3.88402340492713
428.115731860651,16.3276035513675,3.43674753926591
362.517551789693,293.58284562872,3.24342875556629
605.178801121906,101.475643049829,4.21168127221667
390.925310953278,229.409684168965,4.26835224588624
562.59514899335,410.569139838164,4.72704743108112
148.175499543524,283.849554866884,4.4866151095467
191.596859753048,366.455504776444,4.05262868184464
129.080461692184,413.238139545547,3.38501668165537
625.528653544559,308.913019801986,4.59129304311978
-3.48119416066772,150.60009225214,4.26136519896634
543.6108715667,205.464809540486,4.23622174002485
36.6950743044829,492.191433571566,3.0658965555879
279.104431657685,22.6201454187626,3.97401822386205
533.829463018085,395.559452761873,3.45440421497538
78.5560993058948,84.9643756242327,5.26776565913834
6.78775954537046,74.4755998606173,3.35757528832757
589.798085467781,230.475226848184,4.05080045495334
434.499551784808,458.147208743533,4.76220211164139
661.35028119251,373.921651163562,3.20252670575448
110.372215699825,488.432570114187,4.43092643346685
624.997220795646,87.9905547597722,4.09767966715771
421.406275835557,256.144576366388,3.63563107493501
11.32920770107,179.51916524255,3.02355245098835
66.4899046370142,119.981882579293,4.48341477195272
613.820016778302,197.491789378142,4.3041960643007
248.254440596465,214.849427475677,3.91994923540791
569.229727007697,430.295944949856,3.71489615521297
297.619121431962,135.501757933645,3.95747956549104
525.622925213155,450.611857885326,3.39876156297507
44.3034694700999,421.56806804839,3.81405556847598
206.64619014388,284.043399172352,3.93447280344102
551.955386554962,265.449200130608,3.77769466585411
187.157974729837,30.8929731800415,4.46380100969513
504.383835357851,340.498303079914,4.6049474187203
48.6903539960823,51.8929927257409,3.9699678545159
511.696147616403,140.898785297251,4.51348987787517
NA,NA,NA
655.25541787862,333.428111651416,3.48964242589
456.808817901102,300.198499353678,3.67405633568477
6.66315424054495,495.33495423874,3.73848233084926
557.601961603004,50.1552399743157,4.21682303734652
71.6732604932564,372.593051284369,3.92197576917346
230.997468070184,412.647343087042,3.88402340492713
428.115731860651,16.3276035513675,3.43674753926591
362.517551789693,293.58284562872,3.24342875556629
605.178801121906,101.475643049829,4.21168127221667
390.925310953278,229.409684168965,4.26835224588624
562.59514899335,410.569139838164,4.72704743108112
148.175499543524,283.849554866884,4.4866151095467
191.596859753048,366.455504776444,4.05262868184464
129.080461692184,413.238139545547,3.38501668165537
625.528653544559,308.913019801986,4.59129304311978
-3.48119416066772,150.60009225214,4.26136519896634
543.6108715667,205.464809540486,4.23622174002485
36.6950743044829,492.191433571566,3.0658965555879
279.104431657685,22.6201454187626,3.97401822386205
533.829463018085,395.559452761873,3.45440421497538
78.5560993058948,84.9643756242327,5.26776565913834
6.78775954537046,74.4755998606173,3.35757528832757
589.798085467781,230.475226848184,4.05080045495334
434.499551784808,458.147208743533,4.76220211164139
661.35028119251,373.921651163562,3.20252670575448
110.372215699825,488.432570114187,4.43092643346685
624.997220795646,87.9905547597722,4.09767966715771
421.406275835557,256.144576366388,3.63563107493501
11.32920770107,179.51916524255,3.02355245098835
66.4899046370142,119.981882579293,4.48341477195272
613.820016778302,197.491789378142,4.3041960643007
248.254440596465,214.849427475677,3.91994923540791
569.229727007697,430.295944949856,3.71489615521297
297.619121431962,135.501757933645,3.95747956549104
525.622925213155,450.611857885326,3.39876156297507
44.3034694700999,421.56806804839,3.81405556847598
206.64619014388,284.043399172352,3.93447280344102
551.955386554962,265.449200130608,3.77769466585411
187.157974729837,30.8929731800415,4.46380100969513
504.383835357851,340.498303079914,4.6049474187203
48.6903539960823,51.8929927257409,3.9699678545159
511.696147616403,140.898785297251,4.51348987787517
NA,NA,NA
663.220731602164,330.467018374518,3.53780196849687
454.130976867135,298.581252798556,3.7618834179579
14.3326810360052,495.043502891253,3.60216399747056
565.957928446403,48.3182142724672,4.20282181382799
65.5690699509894,380.185949013347,3.97011151828886
225.809027926617,413.091686392414,3.83662554597354
427.331557385874,11.2136194962835,3.21937685527071
360.917154240444,291.254110299221,3.13643919637607
603.825053948565,102.008222791049,4.23061632966761
394.568473805671,230.794489113878,4.15310345642698
568.560269252773,407.670843634911,4.7738525097712
136.47801885957,283.112128114923,4.49536506248304
197.860349356596,373.311778022582,3.98883580936068
128.162683465883,414.728384508412,3.4837012775343
628.137085057994,308.067299561505,4.53831226677563
2.2268616502516,148.10592216564,4.3383421042793
538.457615574932,210.685983596301,4.17816170374188
34.0700017495499,491.062333613718,2.9303418292805
279.425174222657,25.0312052490351,3.85381867503232
529.411713443875,392.292179178923,3.29039654797797
73.1292450287241,76.7165328514536,5.23710614933748
4.85654664953299,75.7534902244204,3.44849224058258
591.239177756334,223.644210557007,4.03849716329014
439.854766146867,458.846360393706,4.78602433255049
659.908189004226,372.235028290459,2.96540247621077
108.245665787211,488.687196226905,4.35594435240743
620.508010885216,85.9478333900128,4.06399146427568
417.84346643316,259.336418473995,3.65348101883778
12.0752215604944,183.981286980858,3.17693661923524
66.2057785804957,122.323384186644,4.61063551307269
612.212762320522,191.682684486737,4.09462049271078
257.743600262144,223.785034289261,4.17506798204174
571.611525031757,435.7288138911,3.91381397468323
300.369251890128,133.57820219854,3.94913805633891
529.823392385808,454.16906471038,3.60677880604928
47.7243919509629,416.677429168347,3.92798389469431
207.33645913856,291.01578089078,3.93200707963703
546.172378830991,262.593005481663,3.3166411587356
168.637249900493,27.1438326025611,4.2588566948866
503.560690402849,353.493913588806,4.58060873132879
35.8975171706746,51.4601817455602,3.51640818407169
531.943106509702,146.835785743,4.55728687799473
NA,NA,NA
663.220731602164,330.467018374518,3.53780196849687
454.130976867135,298.581252798556,3.7618834179579
14.3326810360052,495.043502891253,3.60216399747056
565.957928446403,48.3182142724672,4.20282181382799
65.5690699509894,380.185949013347,3.97011151828886
225.809027926617,413.091686392414,3.83662554597354
427.331557385874,11.2136194962835,3.21937685527071
360.917154240444,291.254110299221,3.13643919637607
603.825053948565,102.008222791049,4.23061632966761
394.568473805671,230.794489113878,4.15310345642698
568.560269252773,407.670843634911,4.7738525097712
136.47801885957,283.112128114923,4.49536506248304
197.860349356596,373.311778022582,3.98883580936068
128.162683465883,414.728384508412,3.4837012775343
628.137085057994,308.067299561505,4.53831226677563
2.2268616502516,148.10592216564,4.3383421042793
538.457615574932,210.685983596301,4.17816170374188
34.0700017495499,491.062333613718,2.9303418292805
279.425174222657,25.0312052490351,3.85381867503232
529.411713443875,392.292179178923,3.29039654797797
73.1292450287241,76.7165328514536,5.23710614933748
4.85654664953299,75.7534902244204,3.44849224058258
591.239177756334,223.644210557007,4.03849716329014
439.854766146867,458.846360393706,4.78602433255049
659.908189004226,372.235028290459,2.96540247621077
108.245665787211,488.687196226905,4.35594435240743
620.508010885216,85.9478333900128,4.06399146427568
417.84346643316,259.336418473995,3.65348101883778
12.0752215604944,183.981286980858,3.17693661923524
66.2057785804957,122.323384186644,4.61063551307269
612.212762320522,191.682684486737,4.09462049271078
257.743600262144,223.785034289261,4.17506798204174
571.611525031757,435.7288138911,3.91381397468323
300.369251890128,133.57820219854,3.94913805633891
529.823392385808,454.16906471038,3.60677880604928
47.7243919509629,416.677429168347,3.92798389469431
207.33645913856,291.01578089078,3.93200707963703
546.172378830991,262.593005481663,3.3166411587356
168.637249900493,27.1438326025611,4.2588566948866
503.560690402849,353.493913588806,4.58060873132879
35.8975171706746,51.4601817455602,3.51640818407169
531.943106509702,146.835785743,4.55728687799473
NA,NA,NA
663.220731602164,330.467018374518,3.53780196849687
454.130976867135,298.581252798556,3.7618834179579
14.3326810360052,495.043502891253,3.60216399747056
565.957928446403,48.3182142724672,4.20282181382799
65.5690699509894,380.185949013347,3.97011151828886
225.809027926617,413.091686392414,3.83662554597354
427.331557385874,11.2136194962835,3.21937685527071
360.917154240444,291.254110299221,3.13643919637607
603.825053948565,102.008222791049,4.23061632966761
394.568473805671,230.794489113878,4.15310345642698
568.560269252773,407.670843634911,4.7738525097712
136.47801885957,283.112128114923,4.49536506248304
197.860349356596,373.311778022582,3.98883580936068
128.162683465883,414.728384508412,3.4837012775343
628.137085057994,308.067299561505,4.53831226677563
2.2268616502516,148.10592216564,4.3383421042793
538.457615574932,210.685983596301,4.17816170374188
34.0700017495499,491.062333613718,2.9303418292805
279.425174222657,25.0312052490351,3.85381867503232
529.411713443875,392.292179178923,3.29039654797797
73.1292450287241,76.7165328514536,5.23710614933748
4.85654664953299,75.7534902244204,3.44849224058258
591.239177756334,223.644210557007,4.03849716329014
439.854766146867,458.846360393706,4.78602433255049
659.908189004226,372.235028290459,2.96540247621077
108.245665787211,488.687196226905,4.35594435240743
620.508010885216,85.9478333900128,4.06399146427568
417.84346643316,259.336418473995,3.65348101883778
12.0752215604944,183.981286980858,3.17693661923524
66.2057785804957,122.323384186644,4.61063551307269
612.212762320522,191.682684486737,4.09462049271078
257.743600262144,223.785034289261,4.17506798204174
571.611525031757,435.7288138911,3.91381397468323
300.369251890128,133.57820219854,3.94913805633891
529.823392385808,454.16906471038,3.60677880604928
47.7243919509629,416.677429168347,3.92798389469431
207.33645913856,291.01578089078,3.93200707963703
546.172378830991,262.593005481663,3.3166411587356
168.637249900493,27.1438326025611,4.2588566948866
503.560690402849,353.493913588806,4.58060873132879
35.8975171706746,51.4601817455602,3.51640818407169
531.943106509702,146.835785743,4.55728687799473
NA,NA,NA
663.220731602164,330.467018374518,3.53780196849687
454.130976867135,298.581252798556,3.7618834179579
14.3326810360052,495.043502891253,3.60216399747056
565.957928446403,48.3182142724672,4.20282181382799
65.5690699509894,380.185949013347,3.97011151828886
225.809027926617,413.091686392414,3.83662554597354
427.331557385874,11.2136194962835,3.21937685527071
360.917154240444,291.254110299221,3.13643919637607
603.825053948565,102.008222791049,4.23061632966761
394.568473805671,230.794489113878,4.15310345642698
568.560269252773,407.670843634911,4.7738525097712
136.47801885957,283.112128114923,4.49536506248304
197.860349356596,373.311778022582,3.98883580936068
128.162683465883,414.728384508412,3.4837012775343
628.137085057994,308.067299561505,4.53831226677563
2.2268616502516,148.10592216564,4.3383421042793
538.457615574932,210.685983596301,4.17816170374188
34.0700017495499,491.062333613718,2.9303418292805
279.425174222657,25.0312052490351,3.85381867503232
529.411713443875,392.292179178923,3.29039654797797
73.1292450287241,76.7165328514536,5.23710614933748
4.85654664953299,75.7534902244204,3.44849224058258
591.239177756334,223.644210557007,4.03849716329014
439.854766146867,458.846360393706,4.78602433255049
659.908189004226,372.235028290459,2.96540247621077
108.245665787211,488.687196226905,4.35594435240743
620.508010885216,85.9478333900128,4.06399146427568
417.84346643316,259.336418473995,3.65348101883778
12.0752215604944,183.981286980858,3.17693661923524
66.2057785804957,122.323384186644,4.61063551307269
612.212762320522,191.682684486737,4.09462049271078
257.743600262144,223.785034289261,4.17506798204174
571.611525031757,435.7288138911,3.91381397468323
300.369251890128,133.57820219854,3.94913805633891
529.823392385808,454.16906471038,3.60677880604928
47.7243919509629,416.677429168347,3.92798389469431
207.33645913856,291.01578089078,3.93200707963703
546.172378830991,262.593005481663,3.3166411587356
168.637249900493,27.1438326025611,4.2588566948866
503.560690402849,353.493913588806,4.58060873132879
35.8975171706746,51.4601817455602,3.51640818407169
531.943106509702,146.835785743,4.55728687799473
NA,NA,NA
663.220731602164,330.467018374518,3.53780196849687
454.130976867135,298.581252798556,3.7618834179579
14.3326810360052,495.043502891253,3.60216399747056
565.957928446403,48.3182142724672,4.20282181382799
65.5690699509894,380.185949013347,3.97011151828886
225.809027926617,413.091686392414,3.83662554597354
427.331557385874,11.2136194962835,3.21937685527071
360.917154240444,291.254110299221,3.13643919637607
603.825053948565,102.008222791049,4.23061632966761
394.568473805671,230.794489113878,4.15310345642698
568.560269252773,407.670843634911,4.7738525097712
136.47801885957,283.112128114923,4.49536506248304
197.860349356596,373.311778022582,3.98883580936068
128.162683465883,414.728384508412,3.4837012775343
628.137085057994,308.067299561505,4.53831226677563
2.2268616502516,148.10592216564,4.3383421042793
538.457615574932,210.685983596301,4.17816170374188
34.0700017495499,491.062333613718,2.9303418292805
279.425174222657,25.0312052490351,3.85381867503232
529.411713443875,392.292179178923,3.29039654797797
73.1292450287241,76.7165328514536,5.23710614933748
4.85654664953299,75.7534902244204,3.44849224058258
591.239177756334,223.644210557007,4.03849716329014
439.854766146867,458.846360393706,4.78602433255049
659.908189004226,372.235028290459,2.96540247621077
108.245665787211,488.687196226905,4.35594435240743
620.508010885216,85.9478333900128,4.06399146427568
417.84346643316,259.336418473995,3.65348101883778
12.0752215604944,183.981286980858,3.17693661923524
66.2057785804957,122.323384186644,4.61063551307269
612.212762320522,191.682684486737,4.09462049271078
257.743600262144,223.785034289261,4.17506798204174
571.611525031757,435.7288138911,3.91381397468323
300.369251890128,133.57820219854,3.94913805633891
529.823392385808,454.16906471038,3.60677880604928
47.7243919509629,416.677429168347,3.92798389469431
207.33645913856,291.01578089078,3.93200707963703
546.172378830991,262.593005481663,3.3166411587356
168.637249900493,27.1438326025611,4.2588566948866
503.560690402849,353.493913588806,4.58060873132879
35.8975171706746,51.4601817455602,3.51640818407169
531.943106509702,146.835785743,4.55728687799473
NA,NA,NA
663.220731602164,330.467018374518,3.53780196849687
454.130976867135,298.581252798556,3.7618834179579
14.3326810360052,495.043502891253,3.60216399747056
565.957928446403,48.3182142724672,4.20282181382799
65.5690699509894,380.185949013347,3.97011151828886
225.809027926617,413.091686392414,3.83662554597354
427.331557385874,11.2136194962835,3.21937685527071
360.917154240444,291.254110299221,3.13643919637607
603.825053948565,102.008222791049,4.23061632966761
394.568473805671,230.794489113878,4.15310345642698
568.560269252773,407.670843634911,4.7738525097712
136.47801885957,283.112128114923,4.49536506248304
197.860349356596,373.311778022582,3.98883580936068
128.162683465883,414.728384508412,3.4837012775343
628.137085057994,308.067299561505,4.53831226677563
2.2268616502516,148.10592216564,4.3383421042793
538.457615574932,210.685983596301,4.17816170374188
34.0700017495499,491.062333613718,2.9303418292805
279.425174222657,25.0312052490351,3.85381867503232
529.411713443875,392.292179178923,3.29039654797797
73.1292450287241,76.7165328514536,5.23710614933748
4.85654664953299,75.7534902244204,3.44849224058258
591.239177756334,223.644210557007,4.03849716329014
439.854766146867,458.846360393706,4.78602433255049
659.908189004226,372.235028290459,2.96540247621077
108.245665787211,488.687196226905,4.35594435240743
620.508010885216,85.9478333900128,4.06399146427568
417.84346643316,259.336418473995,3.65348101883778
12.0752215604944,183.981286980858,3.17693661923524
66.2057785804957,122.323384186644,4.61063551307269
612.212762320522,191.682684486737,4.09462049271078
257.743600262144,223.785034289261,4.17506798204174
571.611525031757,435.7288138911,3.91381397468323
300.369251890128,133.57820219854,3.94913805633891
529.823392385808,454.16906471038,3.60677880604928
47.7243919509629,416.677429168347,3.92798389469431
207.33645913856,291.01578089078,3.93200707963703
546.172378830991,262.593005481663,3.3166411587356
168.637249900493,27.1438326025611,4.2588566948866
503.560690402849,353.493913588806,4.58060873132879
35.8975171706746,51.4601817455602,3.51640818407169
531.943106509702,146.835785743,4.55728687799473
NA,NA,NA
657.731081513661,334.854113462191,3.51696946127703
459.558342635955,299.035991659332,3.62949202521016
9.64152619307677,495.696826076575,3.48250573273494
563.256279399417,52.2733061495728,4.2182029189227
71.8228321376058,378.223418531498,3.96098019939954
227.579335793412,413.097231553874,3.83830485189866
429.4319231913,12.0050334432242,3.39946978819007
361.678219655116,294.640970636378,3.16020270318111
608.361668802619,103.853980537122,4.22120334667884
394.876629504442,224.166689446227,4.18086345028759
563.235911221864,411.237386567848,4.80786550227001
141.35111017586,283.900449589585,4.55417440131649
197.826917099779,372.475727953545,4.07886743072983
128.413932880444,413.74432071855,3.62623869508973
629.591866817857,308.548264686557,4.48191489171744
3.70763943963085,147.426503096467,4.30578322686247
546.810783999356,198.626150026956,4.09455710461853
33.9474134396075,492.712663041635,3.08924512105197
279.63165074093,25.9948589114462,3.82232777519077
534.249255311669,390.221363714396,3.32174878503149
75.4244406898459,82.9683131007653,5.20682894086473
7.20255241289667,74.9540575354255,3.49554963937485
588.138158294711,224.346110697614,4.0256731021477
440.393597666454,459.916270525765,4.80962172014338
659.366399887389,373.68053999389,3.18338506166953
105.085677098659,489.864365104367,4.38851056148474
625.338497913517,91.1881797266261,4.09107417905916
419.197697154535,256.788063730293,3.6397401831227
13.4145744862745,180.410636637646,3.1267823247571
63.0616222010153,121.892073623582,4.30812119193853
619.71523024349,205.955546966313,4.33587606182842
242.550909468703,217.197748993472,4.08140408096981
567.712876865125,433.176485030218,3.70002427713534
300.911586119892,135.646760610459,3.81879745099218
527.138744658183,454.984032171365,3.52310374960415
42.7503172848185,417.045168056734,3.89274751593708
201.88681930766,285.883892254275,3.7898894660241
544.2587699388,265.352540475925,3.57447350441101
171.801124918804,12.4018505173359,4.12415445346898
506.688800044599,343.18711673571,4.57147680092795
40.9520075542759,59.8006709943789,3.63344379896752
555.704874008153,153.658862534823,4.39244837245185
NA,NA,NA
657.731081513661,334.854113462191,3.51696946127703
459.558342635955,299.035991659332,3.62949202521016
9.64152619307677,495.696826076575,3.48250573273494
563.256279399417,52.2733061495728,4.2182029189227
71.8228321376058,378.223418531498,3.96098019939954
227.579335793412,413.097231553874,3.83830485189866
429.4319231913,12.0050334432242,3.39946978819007
361.678219655116,294.640970636378,3.16020270318111
608.361668802619,103.853980537122,4.22120334667884
394.876629504442,224.166689446227,4.18086345028759
563.235911221864,411.237386567848,4.80786550227001
141.35111017586,283.900449589585,4.55417440131649
197.826917099779,372.475727953545,4.07886743072983
128.413932880444,413.74432071855,3.62623869508973
629.591866817857,308.548264686557,4.48191489171744
3.70763943963085,147.426503096467,4.30578322686247
546.810783999356,198.626150026956,4.09455710461853
33.9474134396075,492.712663041635,3.08924512105197
279.63165074093,25.9948589114462,3.82232777519077
534.249255311669,390.221363714396,3.32174878503149
75.4244406898459,82.9683131007653,5.20682894086473
7.20255241289667,74.9540575354255,3.49554963937485
588.138158294711,224.346110697614,4.0256731021477
440.393597666454,459.916270525765,4.80962172014338
659.366399887389,373.68053999389,3.18338506166953
105.085677098659,489.864365104367,4.38851056148474
625.338497913517,91.1881797266261,4.09107417905916
419.197697154535,256.788063730293,3.6397401831227
13.4145744862745,180.410636637646,3.1267823247571
63.0616222010153,121.892073623582,4.30812119193853
619.71523024349,205.955546966313,4.33587606182842
242.550909468703,217.197748993472,4.08140408096981
567.712876865125,433.176485030218,3.70002427713534
300.911586119892,135.646760610459,3.81879745099218
527.138744658183,454.984032171365,3.52310374960415
42.7503172848185,417.045168056734,3.89274751593708
201.88681930766,285.883892254275,3.7898894660241
544.2587699388,265.352540475925,3.57447350441101
171.801124918804,12.4018505173359,4.12415445346898
506.688800044599,343.18711673571,4.57147680092795
40.9520075542759,59.8006709943789,3.63344379896752
555.704874008153,153.658862534823,4.39244837245185
NA,NA,NA
657.731081513661,334.854113462191,3.51696946127703
459.558342635955,299.035991659332,3.62949202521016
9.64152619307677,495.696826076575,3.48250573273494
563.256279399417,52.2733061495728,4.2182029189227
71.8228321376058,378.223418531498,3.96098019939954
227.579335793412,413.097231553874,3.83830485189866
429.4319231913,12.0050334432242,3.39946978819007
361.678219655116,294.640970636378,3.16020270318111
608.361668802619,103.853980537122,4.22120334667884
394.876629504442,224.166689446227,4.18086345028759
563.235911221864,411.237386567848,4.80786550227001
141.35111017586,283.900449589585,4.55417440131649
197.826917099779,372.475727953545,4.07886743072983
128.413932880444,413.74432071855,3.62623869508973
629.591866817857,308.548264686557,4.48191489171744
3.70763943963085,147.426503096467,4.30578322686247
546.810783999356,198.626150026956,4.09455710461853
33.9474134396075,492.712663041635,3.08924512105197
279.63165074093,25.9948589114462,3.82232777519077
534.249255311669,390.221363714396,3.32174878503149
75.4244406898459,82.9683131007653,5.20682894086473
7.20255241289667,74.9540575354255,3.49554963937485
588.138158294711,224.346110697614,4.0256731021477
440.393597666454,459.916270525765,4.80962172014338
659.366399887389,373.68053999389,3.18338506166953
105.085677098659,489.864365104367,4.38851056148474
625.338497913517,91.1881797266261,4.09107417905916
419.197697154535,256.788063730293,3.6397401831227
13.4145744862745,180.410636637646,3.1267823247571
63.0616222010153,121.892073623582,4.30812119193853
619.71523024349,205.955546966313,4.33587606182842
242.550909468703,217.197748993472,4.08140408096981
567.712876865125,433.176485030218,3.70002427713534
300.911586119892,135.646760610459,3.81879745099218
527.138744658183,454.984032171365,3.52310374960415
42.7503172848185,417.045168056734,3.89274751593708
201.88681930766,285.883892254275,3.7898894660241
544.2587699388,265.352540475925,3.57447350441101
171.801124918804,12.4018505173359,4.12415445346898
506.688800044599,343.18711673571,4.57147680092795
40.9520075542759,59.8006709943789,3.63344379896752
555.704874008153,153.658862534823,4.39244837245185
NA,NA,NA
657.731081513661,334.854113462191,3.51696946127703
459.558342635955,299.035991659332,3.62949202521016
9.64152619307677,495.696826076575,3.48250573273494
563.256279399417,52.2733061495728,4.2182029189227
71.8228321376058,378.223418531498,3.96098019939954
227.579335793412,413.097231553874,3.83830485189866
429.4319231913,12.0050334432242,3.39946978819007
361.678219655116,294.640970636378,3.16020270318111
608.361668802619,103.853980537122,4.22120334667884
394.876629504442,224.166689446227,4.18086345028759
563.235911221864,411.237386567848,4.80786550227001
141.35111017586,283.900449589585,4.55417440131649
197.826917099779,372.475727953545,4.07886743072983
128.413932880444,413.74432071855,3.62623869508973
629.591866817857,308.548264686557,4.48191489171744
3.70763943963085,147.426503096467,4.30578322686247
546.810783999356,198.626150026956,4.09455710461853
33.9474134396075,492.712663041635,3.08924512105197
279.63165074093,25.9948589114462,3.82232777519077
534.249255311669,390.221363714396,3.32174878503149
75.4244406898459,82.9683131007653,5.20682894086473
7.20255241289667,74.9540575354255,3.49554963937485
588.138158294711,224.346110697614,4.0256731021477
440.393597666454,459.916270525765,4.80962172014338
659.366399887389,373.68053999389,3.18338506166953
105.085677098659,489.864365104367,4.38851056148474
625.338497913517,91.1881797266261,4.09107417905916
419.197697154535,256.788063730293,3.6397401831227
13.4145744862745,180.410636637646,3.1267823247571
63.0616222010153,121.892073623582,4.30812119193853
619.71523024349,205.955546966313,4.33587606182842
242.550909468703,217.197748993472,4.08140408096981
567.712876865125,433.176485030218,3.70002427713534
300.911586119892,135.646760610459,3.81879745099218
527.138744658183,454.984032171365,3.52310374960415
42.7503172848185,417.045168056734,3.89274751593708
201.88681930766,285.883892254275,3.7898894660241
544.2587699388,265.352540475925,3.57447350441101
171.801124918804,12.4018505173359,4.12415445346898
506.688800044599,343.18711673571,4.57147680092795
40.9520075542759,59.8006709943789,3.63344379896752
555.704874008153,153.658862534823,4.39244837245185
NA,NA,NA
657.731081513661,334.854113462191,3.51696946127703
459.558342635955,299.035991659332,3.62949202521016
9.64152619307677,495.696826076575,3.48250573273494
563.256279399417,52.2733061495728,4.2182029189227
71.8228321376058,378.223418531498,3.96098019939954
227.579335793412,413.097231553874,3.83830485189866
429.4319231913,12.0050334432242,3.39946978819007
361.678219655116,294.640970636378,3.16020270318111
608.361668802619,103.853980537122,4.22120334667884
394.876629504442,224.166689446227,4.18086345028759
563.235911221864,411.237386567848,4.80786550227001
141.35111017586,283.900449589585,4.55417440131649
197.826917099779,372.475727953545,4.07886743072983
128.413932880444,413.74432071855,3.62623869508973
629.591866817857,308.548264686557,4.48191489171744
3.70763943963085,147.426503096467,4.30578322686247
546.810783999356,198.626150026956,4.09455710461853
33.9474134396075,492.712663041635,3.08924512105197
279.63165074093,25.9948589114462,3.82232777519077
534.249255311669,390.221363714396,3.32174878503149
75.4244406898459,82.9683131007653,5.20682894086473
7.20255241289667,74.9540575354255,3.49554963937485
588.138158294711,224.346110697614,4.0256731021477
440.393597666454,459.916270525765,4.80962172014338
659.366399887389,373.68053999389,3.18338506166953
105.085677098659,489.864365104367,4.38851056148474
625.338497913517,91.1881797266261,4.09107417905916
419.197697154535,256.788063730293,3.6397401831227
13.4145744862745,180.410636637646,3.1267823247571
63.0616222010153,121.892073623582,4.30812119193853
619.71523024349,205.955546966313,4.33587606182842
242.550909468703,217.197748993472,4.08140408096981
567.712876865125,433.176485030218,3.70002427713534
300.911586119892,135.646760610459,3.81879745099218
527.138744658183,454.984032171365,3.52310374960415
42.7503172848185,417.045168056734,3.89274751593708
201.88681930766,285.883892254275,3.7898894660241
544.2587699388,265.352540475925,3.57447350441101
171.801124918804,12.4018505173359,4.12415445346898
506.688800044599,343.18711673571,4.57147680092795
40.9520075542759,59.8006709943789,3.63344379896752
555.704874008153,153.658862534823,4.39244837245185
NA,NA,NA
657.731081513661,334.854113462191,3.51696946127703
459.558342635955,299.035991659332,3.62949202521016
9.64152619307677,495.696826076575,3.48250573273494
563.256279399417,52.2733061495728,4.2182029189227
71.8228321376058,378.223418531498,3.96098019939954
227.579335793412,413.097231553874,3.83830485189866
429.4319231913,12.0050334432242,3.39946978819007
361.678219655116,294.640970636378,3.16020270318111
608.361668802619,103.853980537122,4.22120334667884
394.876629504442,224.166689446227,4.18086345028759
563.235911221864,411.237386567848,4.80786550227001
141.35111017586,283.900449589585,4.55417440131649
197.826917099779,372.475727953545,4.07886743072983
128.413932880444,413.74432071855,3.62623869508973
629.591866817857,308.548264686557,4.48191489171744
3.70763943963085,147.426503096467,4.30578322686247
546.810783999356,198.626150026956,4.09455710461853
33.9474134396075,492.712663041635,3.08924512105197
279.63165074093,25.9948589114462,3.82232777519077
534.249255311669,390.221363714396,3.32174878503149
75.4244406898459,82.9683131007653,5.20682894086473
7.20255241289667,74.9540575354255,3.49554963937485
588.138158294711,224.346110697614,4.0256731021477
440.393597666454,459.916270525765,4.80962172014338
659.366399887389,373.68053999389,3.18338506166953
105.085677098659,489.864365104367,4.38851056148474
625.338497913517,91.1881797266261,4.09107417905916
419.197697154535,256.788063730293,3.6397401831227
13.4145744862745,180.410636637646,3.1267823247571
63.0616222010153,121.892073623582,4.30812119193853
619.71523024349,205.955546966313,4.33587606182842
242.550909468703,217.197748993472,4.08140408096981
567.712876865125,433.176485030218,3.70002427713534
300.911586119892,135.646760610459,3.81879745099218
527.138744658183,454.984032171365,3.52310374960415
42.7503172848185,417.045168056734,3.89274751593708
201.88681930766,285.883892254275,3.7898894660241
544.2587699388,265.352540475925,3.57447350441101
171.801124918804,12.4018505173359,4.12415445346898
506.688800044599,343.18711673571,4.57147680092795
40.9520075542759,59.8006709943789,3.63344379896752
555.704874008153,153.658862534823,4.39244837245185
NA,NA,NA
661.792890815964,334.000864455791,3.51714941545112
455.643543240351,301.783391517958,3.45448983051748
13.5328530214638,493.728314395208,3.67776909581799
560.919786176884,47.4240019655712,4.20660870048763
73.3163702863366,375.79205209081,3.98787527783253
228.954339291132,417.526502316205,3.83186759769787
427.980903591614,13.432390476189,3.32691924658401
360.168968151588,292.699095147365,2.90229323579436
605.322615319,106.739556075954,4.22491177499368
392.665365311451,229.428540915361,4.14636348859708
570.289898470422,409.653852106367,4.76427899814608
139.964796402461,280.720545824358,4.49648593721856
200.010779023471,366.068478867229,3.99046061425417
126.166102593319,411.073591372811,3.42245274672314
625.740478011943,313.996831801625,4.53060150511813
1.00555627328119,149.233038761508,4.21244492241771
546.381657987425,203.426754705248,4.19753015387945
33.9516499010318,491.24123131225,2.93463343251006
279.161735067515,17.5357903318305,3.8433374047163
535.794840136552,395.773275708699,3.41552580208787
71.3303015644565,78.1731802098004,5.21220727619843
7.56622787583953,81.232652369329,3.34583405670618
589.779183982171,226.389500631521,4.02478774519932
436.402906423461,463.385985011643,4.74277870917953
659.395219008184,375.948320940409,3.15544637924718
104.509458029907,482.198519366709,4.32999610831765
623.807739277038,91.5906431350176,4.03128982486351
416.146838917725,258.314227369396,3.73686195983847
13.5113227277657,180.283857835347,2.99245227827608
67.990186346305,118.330853066817,4.43862977203408
608.010113483193,212.97825950457,4.4469890186087
257.427033875085,224.295848706188,3.60692684126875
566.175418420301,441.609840147151,3.85400434840945
306.628389225046,138.11496793145,3.69692310214235
531.57565195054,456.988332275474,3.68596434846887
48.3356949884583,427.339765157574,4.01993580632084
204.39861719336,284.365865312676,4.26990217657966
549.508599639516,267.706210253412,3.95299133958683
179.338239429658,40.2351832173065,4.1992155508723
498.063296201207,330.426011921248,4.33745447588091
28.4121900232467,57.9892793586909,3.86074576733631
526.095557551214,145.685509836241,4.79159623941692
NA,NA,NA
661.792890815964,334.000864455791,3.51714941545112
455.643543240351,301.783391517958,3.45448983051748
13.5328530214638,493.728314395208,3.67776909581799
560.919786176884,47.4240019655712,4.20660870048763
73.3163702863366,375.79205209081,3.98787527783253
228.954339291132,417.526502316205,3.83186759769787
427.980903591614,13.432390476189,3.32691924658401
360.168968151588,292.699095147365,2.90229323579436
605.322615319,106.739556075954,4.22491177499368
392.665365311451,229.428540915361,4.14636348859708
570.289898470422,409.653852106367,4.76427899814608
139.964796402461,280.720545824358,4.49648593721856
200.010779023471,366.068478867229,3.99046061425417
126.166102593319,411.073591372811,3.42245274672314
625.740478011943,313.996831801625,4.53060150511813
1.00555627328119,149.233038761508,4.21244492241771
546.381657987425,203.426754705248,4.19753015387945
33.9516499010318,491.24123131225,2.93463343251006
279.161735067515,17.5357903318305,3.8433374047163
535.794840136552,395.773275708699,3.41552580208787
71.3303015644565,78.1731802098004,5.21220727619843
7.56622787583953,81.232652369329,3.34583405670618
589.779183982171,226.389500631521,4.02478774519932
436.402906423461,463.385985011643,4.74277870917953
659.395219008184,375.948320940409,3.15544637924718
104.509458029907,482.198519366709,4.32999610831765
623.807739277038,91.5906431350176,4.03128982486351
416.146838917725,258.314227369396,3.73686195983847
13.5113227277657,180.283857835347,2.99245227827608
67.990186346305,118.330853066817,4.43862977203408
608.010113483193,212.97825950457,4.4469890186087
257.427033875085,224.295848706188,3.60692684126875
566.175418420301,441.609840147151,3.85400434840945
306.628389225046,138.11496793145,3.69692310214235
531.57565195054,456.988332275474,3.68596434846887
48.3356949884583,427.339765157574,4.01993580632084
204.39861719336,284.365865312676,4.26990217657966
549.508599639516,267.706210253412,3.95299133958683
179.338239429658,40.2351832173065,4.1992155508723
498.063296201207,330.426011921248,4.33745447588091
28.4121900232467,57.9892793586909,3.86074576733631
526.095557551214,145.685509836241,4.79159623941692
NA,NA,NA
661.792890815964,334.000864455791,3.51714941545112
455.643543240351,301.783391517958,3.45448983051748
13.5328530214638,493.728314395208,3.67776909581799
560.919786176884,47.4240019655712,4.20660870048763
73.3163702863366,375.79205209081,3.98787527783253
228.954339291132,417.526502316205,3.83186759769787
427.980903591614,13.432390476189,3.32691924658401
360.168968151588,292.699095147365,2.90229323579436
605.322615319,106.739556075954,4.22491177499368
392.665365311451,229.428540915361,4.14636348859708
570.289898470422,409.653852106367,4.76427899814608
139.964796402461,280.720545824358,4.49648593721856
200.010779023471,366.068478867229,3.99046061425417
126.166102593319,411.073591372811,3.42245274672314
625.740478011943,313.996831801625,4.53060150511813
1.00555627328119,149.233038761508,4.21244492241771
546.381657987425,203.426754705248,4.19753015387945
33.9516499010318,491.24123131225,2.93463343251006
279.161735067515,17.5357903318305,3.8433374047163
535.794840136552,395.773275708699,3.41552580208787
71.3303015644565,78.1731802098004,5.21220727619843
7.56622787583953,81.232652369329,3.34583405670618
589.779183982171,226.389500631521,4.02478774519932
436.402906423461,463.385985011643,4.74277870917953
659.395219008184,375.948320940409,3.15544637924718
104.509458029907,482.198519366709,4.32999610831765
623.807739277038,91.5906431350176,4.03128982486351
416.146838917725,258.314227369396,3.73686195983847
13.5113227277657,180.283857835347,2.99245227827608
67.990186346305,118.330853066817,4.43862977203408
608.010113483193,212.97825950457,4.4469890186087
257.427033875085,224.295848706188,3.60692684126875
566.175418420301,441.609840147151,3.85400434840945
306.628389225046,138.11496793145,3.69692310214235
531.57565195054,456.988332275474,3.68596434846887
48.3356949884583,427.339765157574,4.01993580632084
204.39861719336,284.365865312676,4.26990217657966
549.508599639516,267.706210253412,3.95299133958683
179.338239429658,40.2351832173065,4.1992155508723
498.063296201207,330.426011921248,4.33745447588091
28.4121900232467,57.9892793586909,3.86074576733631
526.095557551214,145.685509836241,4.79159623941692
NA,NA,NA
661.792890815964,334.000864455791,3.51714941545112
455.643543240351,301.783391517958,3.45448983051748
13.5328530214638,493.728314395208,3.67776909581799
560.919786176884,47.4240019655712,4.20660870048763
73.3163702863366,375.79205209081,3.98787527783253
228.954339291132,417.526502316205,3.83186759769787
427.980903591614,13.432390476189,3.32691924658401
360.168968151588,292.699095147365,2.90229323579436
605.322615319,106.739556075954,4.22491177499368
392.665365311451,229.428540915361,4.14636348859708
570.289898470422,409.653852106367,4.76427899814608
139.964796402461,280.720545824358,4.49648593721856
200.010779023471,366.068478867229,3.99046061425417
126.166102593319,411.073591372811,3.42245274672314
625.740478011943,313.996831801625,4.53060150511813
1.00555627328119,149.233038761508,4.21244492241771
546.381657987425,203.426754705248,4.19753015387945
33.9516499010318,491.24123131225,2.93463343251006
279.161735067515,17.5357903318305,3.8433374047163
535.794840136552,395.773275708699,3.41552580208787
71.3303015644565,78.1731802098004,5.21220727619843
7.56622787583953,81.232652369329,3.34583405670618
589.779183982171,226.389500631521,4.02478774519932
436.402906423461,463.385985011643,4.74277870917953
659.395219008184,375.948320940409,3.15544637924718
104.509458029907,482.198519366709,4.32999610831765
623.807739277038,91.5906431350176,4.03128982486351
416.146838917725,258.314227369396,3.73686195983847
13.5113227277657,180.283857835347,2.99245227827608
67.990186346305,118.330853066817,4.43862977203408
608.010113483193,212.97825950457,4.4469890186087
257.427033875085,224.295848706188,3.60692684126875
566.175418420301,441.609840147151,3.85400434840945
306.628389225046,138.11496793145,3.69692310214235
531.57565195054,456.988332275474,3.68596434846887
48.3356949884583,427.339765157574,4.01993580632084
204.39861719336,284.365865312676,4.26990217657966
549.508599639516,267.706210253412,3.95299133958683
179.338239429658,40.2351832173065,4.1992155508723
498.063296201207,330.426011921248,4.33745447588091
28.4121900232467,57.9892793586909,3.86074576733631
526.095557551214,145.685509836241,4.79159623941692
NA,NA,NA
661.792890815964,334.000864455791,3.51714941545112
455.643543240351,301.783391517958,3.45448983051748
13.5328530214638,493.728314395208,3.67776909581799
560.919786176884,47.4240019655712,4.20660870048763
73.3163702863366,375.79205209081,3.98787527783253
228.954339291132,417.526502316205,3.83186759769787
427.980903591614,13.432390476189,3.32691924658401
360.168968151588,292.699095147365,2.90229323579436
605.322615319,106.739556075954,4.22491177499368
392.665365311451,229.428540915361,4.14636348859708
570.289898470422,409.653852106367,4.76427899814608
139.964796402461,280.720545824358,4.49648593721856
200.010779023471,366.068478867229,3.99046061425417
126.166102593319,411.073591372811,3.42245274672314
625.740478011943,313.996831801625,4.53060150511813
1.00555627328119,149.233038761508,4.21244492241771
546.381657987425,203.426754705248,4.19753015387945
33.9516499010318,491.24123131225,2.93463343251006
279.161735067515,17.5357903318305,3.8433374047163
535.794840136552,395.773275708699,3.41552580208787
71.3303015644565,78.1731802098004,5.21220727619843
7.56622787583953,81.232652369329,3.34583405670618
589.779183982171,226.389500631521,4.02478774519932
436.402906423461,463.385985011643,4.74277870917953
659.395219008184,375.948320940409,3.15544637924718
104.509458029907,482.198519366709,4.32999610831765
623.807739277038,91.5906431350176,4.03128982486351
416.146838917725,258.314227369396,3.73686195983847
13.5113227277657,180.283857835347,2.99245227827608
67.990186346305,118.330853066817,4.43862977203408
608.010113483193,212.97825950457,4.4469890186087
257.427033875085,224.295848706188,3.60692684126875
566.175418420301,441.609840147151,3.85400434840945
306.628389225046,138.11496793145,3.69692310214235
531.57565195054,456.988332275474,3.68596434846887
48.3356949884583,427.339765157574,4.01993580632084
204.39861719336,284.365865312676,4.26990217657966
549.508599639516,267.706210253412,3.95299133958683
179.338239429658,40.2351832173065,4.1992155508723
498.063296201207,330.426011921248,4.33745447588091
28.4121900232467,57.9892793586909,3.86074576733631
526.095557551214,145.685509836241,4.79159623941692
NA,NA,NA
661.792890815964,334.000864455791,3.51714941545112
455.643543240351,301.783391517958,3.45448983051748
13.5328530214638,493.728314395208,3.67776909581799
560.919786176884,47.4240019655712,4.20660870048763
73.3163702863366,375.79205209081,3.98787527783253
228.954339291132,417.526502316205,3.83186759769787
427.980903591614,13.432390476189,3.32691924658401
360.168968151588,292.699095147365,2.90229323579436
605.322615319,106.739556075954,4.22491177499368
392.665365311451,229.428540915361,4.14636348859708
570.289898470422,409.653852106367,4.76427899814608
139.964796402461,280.720545824358,4.49648593721856
200.010779023471,366.068478867229,3.99046061425417
126.166102593319,411.073591372811,3.42245274672314
625.740478011943,313.996831801625,4.53060150511813
1.00555627328119,149.233038761508,4.21244492241771
546.381657987425,203.426754705248,4.19753015387945
33.9516499010318,491.24123131225,2.93463343251006
279.161735067515,17.5357903318305,3.8433374047163
535.794840136552,395.773275708699,3.41552580208787
71.3303015644565,78.1731802098004,5.21220727619843
7.56622787583953,81.232652369329,3.34583405670618
589.779183982171,226.389500631521,4.02478774519932
436.402906423461,463.385985011643,4.74277870917953
659.395219008184,375.948320940409,3.15544637924718
104.509458029907,482.198519366709,4.32999610831765
623.807739277038,91.5906431350176,4.03128982486351
416.146838917725,258.314227369396,3.73686195983847
13.5113227277657,180.283857835347,2.99245227827608
67.990186346305,118.330853066817,4.43862977203408
608.010113483193,212.97825950457,4.4469890186087
257.427033875085,224.295848706188,3.60692684126875
566.175418420301,441.609840147151,3.85400434840945
306.628389225046,138.11496793145,3.69692310214235
531.57565195054,456.988332275474,3.68596434846887
48.3356949884583,427.339765157574,4.01993580632084
204.39861719336,284.365865312676,4.26990217657966
549.508599639516,267.706210253412,3.95299133958683
179.338239429658,40.2351832173065,4.1992155508723
498.063296201207,330.426011921248,4.33745447588091
28.4121900232467,57.9892793586909,3.86074576733631
526.095557551214,145.685509836241,4.79159623941692
NA,NA,NA
657.956368992106,334.716600377873,3.45580140274886
459.505671178404,296.95785510143,3.64929935126668
7.15145773488001,492.924324242982,3.56460582513084
560.817090647551,54.3126971124743,4.18868495911351
69.0538561254069,376.751999793154,3.90090388391547
230.386669890209,414.998623645351,3.96123608938486
426.242442026565,10.9546507063569,3.20783130034848
362.136390422308,295.537142991013,2.95835709770068
604.513719647593,109.681027959385,4.19279521842947
394.719917644433,231.598124310986,4.29846806686861
568.605962853685,402.022058832134,4.70378757839673
139.030962912412,285.758861241484,4.49943785308504
197.746014270101,370.372304682984,4.08007199758096
125.821932599907,410.052809400162,3.48163807798843
627.827925332857,311.148004254317,4.58529285691536
2.07292004289527,147.179287505238,4.1914699498955
540.91794370828,205.260548017299,4.09298838566883
36.5673951595978,492.965925383829,3.01596271976471
282.876936055154,19.393078688069,3.86984259019454
535.874336689887,393.358558663151,3.40116554251573
73.70750273673,75.5401027786894,5.17568012091758
4.04276577190634,75.8930469667774,3.43213206729732
589.115937009516,223.736842140751,4.04127234169371
442.870005198487,469.124491707563,4.70148016900418
658.988855474843,374.441500505038,3.11613459633466
110.866682742258,496.74934741897,4.35447274487192
627.89600354645,87.8291195785732,4.12636421764683
418.539308426561,255.878359159738,3.67341278616863
10.8864993572978,183.834820434121,3.18269862623601
88.5244432058763,108.270491643158,4.40339000371255
608.997094127838,197.093488838016,4.07866523278796
246.272701424592,219.048529224074,3.93311175090394
563.400123607849,439.336057270332,3.7797240374275
299.705902826038,133.148065535172,3.53591431023309
529.632241681181,459.9984258116,3.49816526648335
51.7155895709242,404.814899894328,4.01546560847204
202.958434959012,280.544380347234,3.65433785109431
557.181847363357,260.112637651522,3.84354891118653
186.375855375091,39.8301557762823,4.51383784828718
495.570509057802,349.694771775355,4.46584089010685
43.3463664323738,45.624539910557,3.84917219879592
531.586270531587,145.084362947251,4.32308056960878
NA,NA,NA
657.956368992106,334.716600377873,3.45580140274886
459.505671178404,296.95785510143,3.64929935126668
7.15145773488001,492.924324242982,3.56460582513084
560.817090647551,54.3126971124743,4.18868495911351
69.0538561254069,376.751999793154,3.90090388391547
230.386669890209,414.998623645351,3.96123608938486
426.242442026565,10.9546507063569,3.20783130034848
362.136390422308,295.537142991013,2.95835709770068
604.513719647593,109.681027959385,4.19279521842947
394.719917644433,231.598124310986,4.29846806686861
568.605962853685,402.022058832134,4.70378757839673
139.030962912412,285.758861241484,4.49943785308504
197.746014270101,370.372304682984,4.08007199758096
125.821932599907,410.052809400162,3.48163807798843
627.827925332857,311.148004254317,4.58529285691536
2.07292004289527,147.179287505238,4.1914699498955
540.91794370828,205.260548017299,4.09298838566883
36.5673951595978,492.965925383829,3.01596271976471
282.876936055154,19.393078688069,3.86984259019454
535.874336689887,393.358558663151,3.40116554251573
73.70750273673,75.5401027786894,5.17568012091758
4.04276577190634,75.8930469667774,3.43213206729732
589.115937009516,223.736842140751,4.04127234169371
442.870005198487,469.124491707563,4.70148016900418
658.988855474843,374.441500505038,3.11613459633466
110.866682742258,496.74934741897,4.35447274487192
627.89600354645,87.8291195785732,4.12636421764683
418.539308426561,255.878359159738,3.67341278616863
10.8864993572978,183.834820434121,3.18269862623601
88.5244432058763,108.270491643158,4.40339000371255
608.997094127838,197.093488838016,4.07866523278796
246.272701424592,219.048529224074,3.93311175090394
563.400123607849,439.336057270332,3.7797240374275
299.705902826038,133.148065535172,3.53591431023309
529.632241681181,459.9984258116,3.49816526648335
51.7155895709242,404.814899894328,4.01546560847204
202.958434959012,280.544380347234,3.65433785109431
557.181847363357,260.112637651522,3.84354891118653
186.375855375091,39.8301557762823,4.51383784828718
495.570509057802,349.694771775355,4.46584089010685
43.3463664323738,45.624539910557,3.84917219879592
531.586270531587,145.084362947251,4.32308056960878
NA,NA,NA
657.956368992106,334.716600377873,3.45580140274886
459.505671178404,296.95785510143,3.64929935126668
7.15145773488001,492.924324242982,3.56460582513084
560.817090647551,54.3126971124743,4.18868495911351
69.0538561254069,376.751999793154,3.90090388391547
230.386669890209,414.998623645351,3.96123608938486
426.242442026565,10.9546507063569,3.20783130034848
362.136390422308,295.537142991013,2.95835709770068
604.513719647593,109.681027959385,4.19279521842947
394.719917644433,231.598124310986,4.29846806686861
568.605962853685,402.022058832134,4.70378757839673
139.030962912412,285.758861241484,4.49943785308504
197.746014270101,370.372304682984,4.08007199758096
125.821932599907,410.052809400162,3.48163807798843
627.827925332857,311.148004254317,4.58529285691536
2.07292004289527,147.179287505238,4.1914699498955
540.91794370828,205.260548017299,4.09298838566883
36.5673951595978,492.965925383829,3.01596271976471
282.876936055154,19.393078688069,3.86984259019454
535.874336689887,393.358558663151,3.40116554251573
73.70750273673,75.5401027786894,5.17568012091758
4.04276577190634,75.8930469667774,3.43213206729732
589.115937009516,223.736842140751,4.04127234169371
442.870005198487,469.124491707563,4.70148016900418
658.988855474843,374.441500505038,3.11613459633466
110.866682742258,496.74934741897,4.35447274487192
627.89600354645,87.8291195785732,4.12636421764683
418.539308426561,255.878359159738,3.67341278616863
10.8864993572978,183.834820434121,3.18269862623601
88.5244432058763,108.270491643158,4.40339000371255
608.997094127838,197.093488838016,4.07866523278796
246.272701424592,219.048529224074,3.93311175090394
563.400123607849,439.336057270332,3.7797240374275
299.705902826038,133.148065535172,3.53591431023309
529.632241681181,459.9984258116,3.49816526648335
51.7155895709242,404.814899894328,4.01546560847204
202.958434959012,280.544380347234,3.65433785109431
557.181847363357,260.112637651522,3.84354891118653
186.375855375091,39.8301557762823,4.51383784828718
495.570509057802,349.694771775355,4.46584089010685
43.3463664323738,45.624539910557,3.84917219879592
531.586270531587,145.084362947251,4.32308056960878
NA,NA,NA
657.956368992106,334.716600377873,3.45580140274886
459.505671178404,296.95785510143,3.64929935126668
7.15145773488001,492.924324242982,3.56460582513084
560.817090647551,54.3126971124743,4.18868495911351
69.0538561254069,376.751999793154,3.90090388391547
230.386669890209,414.998623645351,3.96123608938486
426.242442026565,10.9546507063569,3.20783130034848
362.136390422308,295.537142991013,2.95835709770068
604.513719647593,109.681027959385,4.19279521842947
394.719917644433,231.598124310986,4.29846806686861
568.605962853685,402.022058832134,4.70378757839673
139.030962912412,285.758861241484,4.49943785308504
197.746014270101,370.372304682984,4.08007199758096
125.821932599907,410.052809400162,3.48163807798843
627.827925332857,311.148004254317,4.58529285691536
2.07292004289527,147.179287505238,4.1914699498955
540.91794370828,205.260548017299,4.09298838566883
36.5673951595978,492.965925383829,3.01596271976471
282.876936055154,19.393078688069,3.86984259019454
535.874336689887,393.358558663151,3.40116554251573
73.70750273673,75.5401027786894,5.17568012091758
4.04276577190634,75.8930469667774,3.43213206729732
589.115937009516,223.736842140751,4.04127234169371
442.870005198487,469.124491707563,4.70148016900418
658.988855474843,374.441500505038,3.11613459633466
110.866682742258,496.74934741897,4.35447274487192
627.89600354645,87.8291195785732,4.12636421764683
418.539308426561,255.878359159738,3.67341278616863
10.8864993572978,183.834820434121,3.18269862623601
88.5244432058763,108.270491643158,4.40339000371255
608.997094127838,197.093488838016,4.07866523278796
246.272701424592,219.048529224074,3.93311175090394
563.400123607849,439.336057270332,3.7797240374275
299.705902826038,133.148065535172,3.53591431023309
529.632241681181,459.9984258116,3.49816526648335
51.7155895709242,404.814899894328,4.01546560847204
202.958434959012,280.544380347234,3.65433785109431
557.181847363357,260.112637651522,3.84354891118653
186.375855375091,39.8301557762823,4.51383784828718
495.570509057802,349.694771775355,4.46584089010685
43.3463664323738,45.624539910557,3.84917219879592
531.586270531587,145.084362947251,4.32308056960878
NA,NA,NA
657.956368992106,334.716600377873,3.45580140274886
459.505671178404,296.95785510143,3.64929935126668
7.15145773488001,492.924324242982,3.56460582513084
560.817090647551,54.3126971124743,4.18868495911351
69.0538561254069,376.751999793154,3.90090388391547
230.386669890209,414.998623645351,3.96123608938486
426.242442026565,10.9546507063569,3.20783130034848
362.136390422308,295.537142991013,2.95835709770068
604.513719647593,109.681027959385,4.19279521842947
394.719917644433,231.598124310986,4.29846806686861
568.605962853685,402.022058832134,4.70378757839673
139.030962912412,285.758861241484,4.49943785308504
197.746014270101,370.372304682984,4.08007199758096
125.821932599907,410.052809400162,3.48163807798843
627.827925332857,311.148004254317,4.58529285691536
2.07292004289527,147.179287505238,4.1914699498955
540.91794370828,205.260548017299,4.09298838566883
36.5673951595978,492.965925383829,3.01596271976471
282.876936055154,19.393078688069,3.86984259019454
535.874336689887,393.358558663151,3.40116554251573
73.70750273673,75.5401027786894,5.17568012091758
4.04276577190634,75.8930469667774,3.43213206729732
589.115937009516,223.736842140751,4.04127234169371
442.870005198487,469.124491707563,4.70148016900418
658.988855474843,374.441500505038,3.11613459633466
110.866682742258,496.74934741897,4.35447274487192
627.89600354645,87.8291195785732,4.12636421764683
418.539308426561,255.878359159738,3.67341278616863
10.8864993572978,183.834820434121,3.18269862623601
88.5244432058763,108.270491643158,4.40339000371255
608.997094127838,197.093488838016,4.07866523278796
246.272701424592,219.048529224074,3.93311175090394
563.400123607849,439.336057270332,3.7797240374275
299.705902826038,133.148065535172,3.53591431023309
529.632241681181,459.9984258116,3.49816526648335
51.7155895709242,404.814899894328,4.01546560847204
202.958434959012,280.544380347234,3.65433785109431
557.181847363357,260.112637651522,3.84354891118653
186.375855375091,39.8301557762823,4.51383784828718
495.570509057802,349.694771775355,4.46584089010685
43.3463664323738,45.624539910557,3.84917219879592
531.586270531587,145.084362947251,4.32308056960878
NA,NA,NA
657.956368992106,334.716600377873,3.45580140274886
459.505671178404,296.95785510143,3.64929935126668
7.15145773488001,492.924324242982,3.56460582513084
560.817090647551,54.3126971124743,4.18868495911351
69.0538561254069,376.751999793154,3.90090388391547
230.386669890209,414.998623645351,3.96123608938486
426.242442026565,10.9546507063569,3.20783130034848
362.136390422308,295.537142991013,2.95835709770068
604.513719647593,109.681027959385,4.19279521842947
394.719917644433,231.598124310986,4.29846806686861
568.605962853685,402.022058832134,4.70378757839673
139.030962912412,285.758861241484,4.49943785308504
197.746014270101,370.372304682984,4.08007199758096
125.821932599907,410.052809400162,3.48163807798843
627.827925332857,311.148004254317,4.58529285691536
2.07292004289527,147.179287505238,4.1914699498955
540.91794370828,205.260548017299,4.09298838566883
36.5673951595978,492.965925383829,3.01596271976471
282.876936055154,19.393078688069,3.86984259019454
535.874336689887,393.358558663151,3.40116554251573
73.70750273673,75.5401027786894,5.17568012091758
4.04276577190634,75.8930469667774,3.43213206729732
589.115937009516,223.736842140751,4.04127234169371
442.870005198487,469.124491707563,4.70148016900418
658.988855474843,374.441500505038,3.11613459633466
110.866682742258,496.74934741897,4.35447274487192
627.89600354645,87.8291195785732,4.12636421764683
418.539308426561,255.878359159738,3.67341278616863
10.8864993572978,183.834820434121,3.18269862623601
88.5244432058763,108.270491643158,4.40339000371255
608.997094127838,197.093488838016,4.07866523278796
246.272701424592,219.048529224074,3.93311175090394
563.400123607849,439.336057270332,3.7797240374275
299.705902826038,133.148065535172,3.53591431023309
529.632241681181,459.9984258116,3.49816526648335
51.7155895709242,404.814899894328,4.01546560847204
202.958434959012,280.544380347234,3.65433785109431
557.181847363357,260.112637651522,3.84354891118653
186.375855375091,39.8301557762823,4.51383784828718
495.570509057802,349.694771775355,4.46584089010685
43.3463664323738,45.624539910557,3.84917219879592
531.586270531587,145.084362947251,4.32308056960878
NA,NA,NA
660.449315230721,330.365570482676,3.50482408559863
455.441163680344,299.568629994013,3.57449261260541
9.11529932555224,494.461375209939,3.53497841551615
566.512957573024,48.8529173599524,4.21856733150934
68.009726165563,373.240863689294,4.01958903520768
226.714846963645,408.801122139107,3.80409810754949
427.359161027999,12.3170354889909,3.35426124109546
361.299845809155,293.589752896757,2.91600592701475
604.068331380467,106.560425560795,4.25703394196604
391.773579843087,229.155575373911,4.29105135553338
574.002091656852,407.760470859315,4.71242535723238
138.170853679899,280.088561545579,4.46403597625784
194.194253737772,370.263127450467,3.96819382405341
121.432355100816,410.411520103065,3.44246007697613
624.375729143184,313.064023800245,4.56626845957181
-2.96374025051317,146.787813559568,4.25100844203784
542.785225559691,201.950592769101,4.17438374789224
31.8611009100018,491.35449696062,3.09678219429191
275.925660328856,25.5719016104606,3.94461315039979
535.093383670423,391.070989227268,3.54191123854795
82.8700558511444,76.5182359050904,5.28008440315405
5.63508325753345,79.1188415040711,3.42135548260651
591.643075942803,224.574477681293,3.91472628962685
437.288928524811,463.697021069228,4.82092962524542
658.107211293758,373.075367135539,2.94407004573145
106.557745764839,487.454667193467,4.46942180884715
623.773407527842,88.1408412811667,4.11007170493942
420.422539321429,257.807695588743,3.67410830899485
11.1781697882331,178.721107825004,3.31444015250355
55.6295836417282,126.369661819957,4.40494929535491
600.223537126353,198.695264791571,4.55368827094394
259.263905565269,217.51792986985,3.78025238990607
577.515430797141,433.793778617518,3.89856082280958
300.914281024153,142.214364046975,3.97719003535753
531.848877187366,459.408739917419,3.76346170878456
55.1892754875472,413.066927510392,3.94635235854355
183.437200593015,289.527190161468,4.09845749982462
548.327715282438,263.542004009773,3.95677236679499
165.873808192141,25.4776308265487,4.30091445929331
500.061727224291,353.658002272002,4.42087958513862
35.9590275296708,43.7619444967239,3.82136140139507
503.893520970789,139.90987910574,4.85684904615967
NA,NA,NA
660.449315230721,330.365570482676,3.50482408559863
455.441163680344,299.568629994013,3.57449261260541
9.11529932555224,494.461375209939,3.53497841551615
566.512957573024,48.8529173599524,4.21856733150934
68.009726165563,373.240863689294,4.01958903520768
226.714846963645,408.801122139107,3.80409810754949
427.359161027999,12.3170354889909,3.35426124109546
361.299845809155,293.589752896757,2.91600592701475
604.068331380467,106.560425560795,4.25703394196604
391.773579843087,229.155575373911,4.29105135553338
574.002091656852,407.760470859315,4.71242535723238
138.170853679899,280.088561545579,4.46403597625784
194.194253737772,370.263127450467,3.96819382405341
121.432355100816,410.411520103065,3.44246007697613
624.375729143184,313.064023800245,4.56626845957181
-2.96374025051317,146.787813559568,4.25100844203784
542.785225559691,201.950592769101,4.17438374789224
31.8611009100018,491.35449696062,3.09678219429191
275.925660328856,25.5719016104606,3.94461315039979
535.093383670423,391.070989227268,3.54191123854795
82.8700558511444,76.5182359050904,5.28008440315405
5.63508325753345,79.1188415040711,3.42135548260651
591.643075942803,224.574477681293,3.91472628962685
437.288928524811,463.697021069228,4.82092962524542
658.107211293758,373.075367135539,2.94407004573145
106.557745764839,487.454667193467,4.46942180884715
623.773407527842,88.1408412811667,4.11007170493942
420.422539321429,257.807695588743,3.67410830899485
11.1781697882331,178.721107825004,3.31444015250355
55.6295836417282,126.369661819957,4.40494929535491
600.223537126353,198.695264791571,4.55368827094394
259.263905565269,217.51792986985,3.78025238990607
577.515430797141,433.793778617518,3.89856082280958
300.914281024153,142.214364046975,3.97719003535753
531.848877187366,459.408739917419,3.76346170878456
55.1892754875472,413.066927510392,3.94635235854355
183.437200593015,289.527190161468,4.09845749982462
548.327715282438,263.542004009773,3.95677236679499
165.873808192141,25.4776308265487,4.30091445929331
500.061727224291,353.658002272002,4.42087958513862
35.9590275296708,43.7619444967239,3.82136140139507
503.893520970789,139.90987910574,4.85684904615967
NA,NA,NA
660.449315230721,330.365570482676,3.50482408559863
455.441163680344,299.568629994013,3.57449261260541
9.11529932555224,494.461375209939,3.53497841551615
566.512957573024,48.8529173599524,4.21856733150934
68.009726165563,373.240863689294,4.01958903520768
226.714846963645,408.801122139107,3.80409810754949
427.359161027999,12.3170354889909,3.35426124109546
361.299845809155,293.589752896757,2.91600592701475
604.068331380467,106.560425560795,4.25703394196604
391.773579843087,229.155575373911,4.29105135553338
574.002091656852,407.760470859315,4.71242535723238
138.170853679899,280.088561545579,4.46403597625784
194.194253737772,370.263127450467,3.96819382405341
121.432355100816,410.411520103065,3.44246007697613
624.375729143184,313.064023800245,4.56626845957181
-2.96374025051317,146.787813559568,4.25100844203784
542.785225559691,201.950592769101,4.17438374789224
31.8611009100018,491.35449696062,3.09678219429191
275.925660328856,25.5719016104606,3.94461315039979
535.093383670423,391.070989227268,3.54191123854795
82.8700558511444,76.5182359050904,5.28008440315405
5.63508325753345,79.1188415040711,3.42135548260651
591.643075942803,224.574477681293,3.91472628962685
437.288928524811,463.697021069228,4.82092962524542
658.107211293758,373.075367135539,2.94407004573145
106.557745764839,487.454667193467,4.46942180884715
623.773407527842,88.1408412811667,4.11007170493942
420.422539321429,257.807695588743,3.67410830899485
11.1781697882331,178.721107825004,3.31444015250355
55.6295836417282,126.369661819957,4.40494929535491
600.223537126353,198.695264791571,4.55368827094394
259.263905565269,217.51792986985,3.78025238990607
577.515430797141,433.793778617518,3.89856082280958
300.914281024153,142.214364046975,3.97719003535753
531.848877187366,459.408739917419,3.76346170878456
55.1892754875472,413.066927510392,3.94635235854355
183.437200593015,289.527190161468,4.09845749982462
548.327715282438,263.542004009773,3.95677236679499
165.873808192141,25.4776308265487,4.30091445929331
500.061727224291,353.658002272002,4.42087958513862
35.9590275296708,43.7619444967239,3.82136140139507
503.893520970789,139.90987910574,4.85684904615967
NA,NA,NA
660.449315230721,330.365570482676,3.50482408559863
455.441163680344,299.568629994013,3.57449261260541
9.11529932555224,494.461375209939,3.53497841551615
566.512957573024,48.8529173599524,4.21856733150934
68.009726165563,373.240863689294,4.01958903520768
226.714846963645,408.801122139107,3.80409810754949
427.359161027999,12.3170354889909,3.35426124109546
361.299845809155,293.589752896757,2.91600592701475
604.068331380467,106.560425560795,4.25703394196604
391.773579843087,229.155575373911,4.29105135553338
574.002091656852,407.760470859315,4.71242535723238
138.170853679899,280.088561545579,4.46403597625784
194.194253737772,370.263127450467,3.96819382405341
121.432355100816,410.411520103065,3.44246007697613
624.375729143184,313.064023800245,4.56626845957181
-2.96374025051317,146.787813559568,4.25100844203784
542.785225559691,201.950592769101,4.17438374789224
31.8611009100018,491.35449696062,3.09678219429191
275.925660328856,25.5719016104606,3.94461315039979
535.093383670423,391.070989227268,3.54191123854795
82.8700558511444,76.5182359050904,5.28008440315405
5.63508325753345,79.1188415040711,3.42135548260651
591.643075942803,224.574477681293,3.91472628962685
437.288928524811,463.697021069228,4.82092962524542
658.107211293758,373.075367135539,2.94407004573145
106.557745764839,487.454667193467,4.46942180884715
623.773407527842,88.1408412811667,4.11007170493942
420.422539321429,257.807695588743,3.67410830899485
11.1781697882331,178.721107825004,3.31444015250355
55.6295836417282,126.369661819957,4.40494929535491
600.223537126353,198.695264791571,4.55368827094394
259.263905565269,217.51792986985,3.78025238990607
577.515430797141,433.793778617518,3.89856082280958
300.914281024153,142.214364046975,3.97719003535753
531.848877187366,459.408739917419,3.76346170878456
55.1892754875472,413.066927510392,3.94635235854355
183.437200593015,289.527190161468,4.09845749982462
548.327715282438,263.542004009773,3.95677236679499
165.873808192141,25.4776308265487,4.30091445929331
500.061727224291,353.658002272002,4.42087958513862
35.9590275296708,43.7619444967239,3.82136140139507
503.893520970789,139.90987910574,4.85684904615967
NA,NA,NA
660.449315230721,330.365570482676,3.50482408559863
455.441163680344,299.568629994013,3.57449261260541
9.11529932555224,494.461375209939,3.53497841551615
566.512957573024,48.8529173599524,4.21856733150934
68.009726165563,373.240863689294,4.01958903520768
226.714846963645,408.801122139107,3.80409810754949
427.359161027999,12.3170354889909,3.35426124109546
361.299845809155,293.589752896757,2.91600592701475
604.068331380467,106.560425560795,4.25703394196604
391.773579843087,229.155575373911,4.29105135553338
574.002091656852,407.760470859315,4.71242535723238
138.170853679899,280.088561545579,4.46403597625784
194.194253737772,370.263127450467,3.96819382405341
121.432355100816,410.411520103065,3.44246007697613
624.375729143184,313.064023800245,4.56626845957181
-2.96374025051317,146.787813559568,4.25100844203784
542.785225559691,201.950592769101,4.17438374789224
31.8611009100018,491.35449696062,3.09678219429191
275.925660328856,25.5719016104606,3.94461315039979
535.093383670423,391.070989227268,3.54191123854795
82.8700558511444,76.5182359050904,5.28008440315405
5.63508325753345,79.1188415040711,3.42135548260651
591.643075942803,224.574477681293,3.91472628962685
437.288928524811,463.697021069228,4.82092962524542
658.107211293758,373.075367135539,2.94407004573145
106.557745764839,487.454667193467,4.46942180884715
623.773407527842,88.1408412811667,4.11007170493942
420.422539321429,257.807695588743,3.67410830899485
11.1781697882331,178.721107825004,3.31444015250355
55.6295836417282,126.369661819957,4.40494929535491
600.223537126353,198.695264791571,4.55368827094394
259.263905565269,217.51792986985,3.78025238990607
577.515430797141,433.793778617518,3.89856082280958
300.914281024153,142.214364046975,3.97719003535753
531.848877187366,459.408739917419,3.76346170878456
55.1892754875472,413.066927510392,3.94635235854355
183.437200593015,289.527190161468,4.09845749982462
548.327715282438,263.542004009773,3.95677236679499
165.873808192141,25.4776308265487,4.30091445929331
500.061727224291,353.658002272002,4.42087958513862
35.9590275296708,43.7619444967239,3.82136140139507
503.893520970789,139.90987910574,4.85684904615967
NA,NA,NA
660.449315230721,330.365570482676,3.50482408559863
455.441163680344,299.568629994013,3.57449261260541
9.11529932555224,494.461375209939,3.53497841551615
566.512957573024,48.8529173599524,4.21856733150934
68.009726165563,373.240863689294,4.01958903520768
226.714846963645,408.801122139107,3.80409810754949
427.359161027999,12.3170354889909,3.35426124109546
361.299845809155,293.589752896757,2.91600592701475
604.068331380467,106.560425560795,4.25703394196604
391.773579843087,229.155575373911,4.29105135553338
574.002091656852,407.760470859315,4.71242535723238
138.170853679899,280.088561545579,4.46403597625784
194.194253737772,370.263127450467,3.96819382405341
121.432355100816,410.411520103065,3.44246007697613
624.375729143184,313.064023800245,4.56626845957181
-2.96374025051317,146.787813559568,4.25100844203784
542.785225559691,201.950592769101,4.17438374789224
31.8611009100018,491.35449696062,3.09678219429191
275.925660328856,25.5719016104606,3.94461315039979
535.093383670423,391.070989227268,3.54191123854795
82.8700558511444,76.5182359050904,5.28008440315405
5.63508325753345,79.1188415040711,3.42135548260651
591.643075942803,224.574477681293,3.91472628962685
437.288928524811,463.697021069228,4.82092962524542
658.107211293758,373.075367135539,2.94407004573145
106.557745764839,487.454667193467,4.46942180884715
623.773407527842,88.1408412811667,4.11007170493942
420.422539321429,257.807695588743,3.67410830899485
11.1781697882331,178.721107825004,3.31444015250355
55.6295836417282,126.369661819957,4.40494929535491
600.223537126353,198.695264791571,4.55368827094394
259.263905565269,217.51792986985,3.78025238990607
577.515430797141,433.793778617518,3.89856082280958
300.914281024153,142.214364046975,3.97719003535753
531.848877187366,459.408739917419,3.76346170878456
55.1892754875472,413.066927510392,3.94635235854355
183.437200593015,289.527190161468,4.09845749982462
548.327715282438,263.542004009773,3.95677236679499
165.873808192141,25.4776308265487,4.30091445929331
500.061727224291,353.658002272002,4.42087958513862
35.9590275296708,43.7619444967239,3.82136140139507
503.893520970789,139.90987910574,4.85684904615967
NA,NA,NA
663.283305584075,335.775200530561,3.62660179434543
452.666730102493,299.150809069468,3.72610288944419
7.93918022981089,493.165602149614,3.5473192235837
559.78379888228,53.6469922517992,4.16975902390693
70.6633155343771,376.743458340979,4.05589730526418
233.665893883557,416.697949465878,3.86455813644653
429.058154360731,11.5426190739003,3.35145974376843
360.400864753139,296.062982543106,3.02208585188151
603.838301883362,105.965883049186,4.14251906173431
393.697404618028,228.899356632843,4.32750335145807
573.644940501862,408.459236142173,4.75830209941583
143.370207901237,279.097739705214,4.6505660517655
199.180706267215,370.309541090341,4.1213589600987
123.756112432498,411.432473094125,3.242409147136
630.117404207068,308.200451737148,4.62536838655848
-1.01157788518441,148.119957395867,4.13888184942661
540.841581902471,204.725275426642,4.20220196035894
35.0735616821751,491.633790145639,2.9974452515632
278.812639334262,21.9249273545713,3.70613293663005
534.033433156843,395.981188429873,3.53174519380747
72.0600921154459,73.0630331389436,5.26392171124213
5.08137592557474,74.2575975889237,3.43231015715914
587.601071385946,226.2597757585,3.99578253419876
444.479116527153,457.824830355807,4.81184248595822
659.031391363171,373.02238902871,2.93199684741027
105.293903972409,483.731280021829,4.28614202834281
622.782358001062,91.1509071215022,4.08526040159416
419.358713866027,260.431839194226,3.60048022612161
12.1596068213879,180.894982720255,3.20338614852579
66.9044257567013,117.642320019122,4.50911881086264
615.712996435756,197.505947331162,4.01841992120765
254.255528197631,221.168113451577,3.75880252377224
566.083263150905,434.691392022896,3.70117527727267
302.816874499123,137.43724806228,3.84618993490003
525.345113117608,459.774542068402,3.60904931700823
43.5252126172436,417.008998689518,4.0270479167603
198.206054947834,304.916384173696,4.26165800833012
547.750085249176,257.602463854072,3.66826060087358
169.822548986239,31.9204694534129,4.48649052259748
508.828440698139,343.457965554022,4.48706746815692
39.9967390033927,54.0598425412491,3.76617678770392
540.643538111438,148.466622286291,4.63360929116673
NA,NA,NA
663.283305584075,335.775200530561,3.62660179434543
452.666730102493,299.150809069468,3.72610288944419
7.93918022981089,493.165602149614,3.5473192235837
559.78379888228,53.6469922517992,4.16975902390693
70.6633155343771,376.743458340979,4.05589730526418
233.665893883557,416.697949465878,3.86455813644653
429.058154360731,11.5426190739003,3.35145974376843
360.400864753139,296.062982543106,3.02208585188151
603.838301883362,105.965883049186,4.14251906173431
393.697404618028,228.899356632843,4.32750335145807
573.644940501862,408.459236142173,4.75830209941583
143.370207901237,279.097739705214,4.6505660517655
199.180706267215,370.309541090341,4.1213589600987
123.756112432498,411.432473094125,3.242409147136
630.117404207068,308.200451737148,4.62536838655848
-1.01157788518441,148.119957395867,4.13888184942661
540.841581902471,204.725275426642,4.20220196035894
35.0735616821751,491.633790145639,2.9974452515632
278.812639334262,21.9249273545713,3.70613293663005
534.033433156843,395.981188429873,3.53174519380747
72.0600921154459,73.0630331389436,5.26392171124213
5.08137592557474,74.2575975889237,3.43231015715914
587.601071385946,226.2597757585,3.99578253419876
444.479116527153,457.824830355807,4.81184248595822
659.031391363171,373.02238902871,2.93199684741027
105.293903972409,483.731280021829,4.28614202834281
622.782358001062,91.1509071215022,4.08526040159416
419.358713866027,260.431839194226,3.60048022612161
12.1596068213879,180.894982720255,3.20338614852579
66.9044257567013,117.642320019122,4.50911881086264
615.712996435756,197.505947331162,4.01841992120765
254.255528197631,221.168113451577,3.75880252377224
566.083263150905,434.691392022896,3.70117527727267
302.816874499123,137.43724806228,3.84618993490003
525.345113117608,459.774542068402,3.60904931700823
43.5252126172436,417.008998689518,4.0270479167603
198.206054947834,304.916384173696,4.26165800833012
547.750085249176,257.602463854072,3.66826060087358
169.822548986239,31.9204694534129,4.48649052259748
508.828440698139,343.457965554022,4.48706746815692
39.9967390033927,54.0598425412491,3.76617678770392
540.643538111438,148.466622286291,4.63360929116673
NA,NA,NA
663.283305584075,335.775200530561,3.62660179434543
452.666730102493,299.150809069468,3.72610288944419
7.93918022981089,493.165602149614,3.5473192235837
559.78379888228,53.6469922517992,4.16975902390693
70.6633155343771,376.743458340979,4.05589730526418
233.665893883557,416.697949465878,3.86455813644653
429.058154360731,11.5426190739003,3.35145974376843
360.400864753139,296.062982543106,3.02208585188151
603.838301883362,105.965883049186,4.14251906173431
393.697404618028,228.899356632843,4.32750335145807
573.644940501862,408.459236142173,4.75830209941583
143.370207901237,279.097739705214,4.6505660517655
199.180706267215,370.309541090341,4.1213589600987
123.756112432498,411.432473094125,3.242409147136
630.117404207068,308.200451737148,4.62536838655848
-1.01157788518441,148.119957395867,4.13888184942661
540.841581902471,204.725275426642,4.20220196035894
35.0735616821751,491.633790145639,2.9974452515632
278.812639334262,21.9249273545713,3.70613293663005
534.033433156843,395.981188429873,3.53174519380747
72.0600921154459,73.0630331389436,5.26392171124213
5.08137592557474,74.2575975889237,3.43231015715914
587.601071385946,226.2597757585,3.99578253419876
444.479116527153,457.824830355807,4.81184248595822
659.031391363171,373.02238902871,2.93199684741027
105.293903972409,483.731280021829,4.28614202834281
622.782358001062,91.1509071215022,4.08526040159416
419.358713866027,260.431839194226,3.60048022612161
12.1596068213879,180.894982720255,3.20338614852579
66.9044257567013,117.642320019122,4.50911881086264
615.712996435756,197.505947331162,4.01841992120765
254.255528197631,221.168113451577,3.75880252377224
566.083263150905,434.691392022896,3.70117527727267
302.816874499123,137.43724806228,3.84618993490003
525.345113117608,459.774542068402,3.60904931700823
43.5252126172436,417.008998689518,4.0270479167603
198.206054947834,304.916384173696,4.26165800833012
547.750085249176,257.602463854072,3.66826060087358
169.822548986239,31.9204694534129,4.48649052259748
508.828440698139,343.457965554022,4.48706746815692
39.9967390033927,54.0598425412491,3.76617678770392
540.643538111438,148.466622286291,4.63360929116673
NA,NA,NA
663.283305584075,335.775200530561,3.62660179434543
452.666730102493,299.150809069468,3.72610288944419
7.93918022981089,493.165602149614,3.5473192235837
559.78379888228,53.6469922517992,4.16975902390693
70.6633155343771,376.743458340979,4.05589730526418
233.665893883557,416.697949465878,3.86455813644653
429.058154360731,11.5426190739003,3.35145974376843
360.400864753139,296.062982543106,3.02208585188151
603.838301883362,105.965883049186,4.14251906173431
393.697404618028,228.899356632843,4.32750335145807
573.644940501862,408.459236142173,4.75830209941583
143.370207901237,279.097739705214,4.6505660517655
199.180706267215,370.309541090341,4.1213589600987
123.756112432498,411.432473094125,3.242409147136
630.117404207068,308.200451737148,4.62536838655848
-1.01157788518441,148.119957395867,4.13888184942661
540.841581902471,204.725275426642,4.20220196035894
35.0735616821751,491.633790145639,2.9974452515632
278.812639334262,21.9249273545713,3.70613293663005
534.033433156843,395.981188429873,3.53174519380747
72.0600921154459,73.0630331389436,5.26392171124213
5.08137592557474,74.2575975889237,3.43231015715914
587.601071385946,226.2597757585,3.99578253419876
444.479116527153,457.824830355807,4.81184248595822
659.031391363171,373.02238902871,2.93199684741027
105.293903972409,483.731280021829,4.28614202834281
622.782358001062,91.1509071215022,4.08526040159416
419.358713866027,260.431839194226,3.60048022612161
12.1596068213879,180.894982720255,3.20338614852579
66.9044257567013,117.642320019122,4.50911881086264
615.712996435756,197.505947331162,4.01841992120765
254.255528197631,221.168113451577,3.75880252377224
566.083263150905,434.691392022896,3.70117527727267
302.816874499123,137.43724806228,3.84618993490003
525.345113117608,459.774542068402,3.60904931700823
43.5252126172436,417.008998689518,4.0270479167603
198.206054947834,304.916384173696,4.26165800833012
547.750085249176,257.602463854072,3.66826060087358
169.822548986239,31.9204694534129,4.48649052259748
508.828440698139,343.457965554022,4.48706746815692
39.9967390033927,54.0598425412491,3.76617678770392
540.643538111438,148.466622286291,4.63360929116673
NA,NA,NA
663.283305584075,335.775200530561,3.62660179434543
452.666730102493,299.150809069468,3.72610288944419
7.93918022981089,493.165602149614,3.5473192235837
559.78379888228,53.6469922517992,4.16975902390693
70.6633155343771,376.743458340979,4.05589730526418
233.665893883557,416.697949465878,3.86455813644653
429.058154360731,11.5426190739003,3.35145974376843
360.400864753139,296.062982543106,3.02208585188151
603.838301883362,105.965883049186,4.14251906173431
393.697404618028,228.899356632843,4.32750335145807
573.644940501862,408.459236142173,4.75830209941583
143.370207901237,279.097739705214,4.6505660517655
199.180706267215,370.309541090341,4.1213589600987
123.756112432498,411.432473094125,3.242409147136
630.117404207068,308.200451737148,4.62536838655848
-1.01157788518441,148.119957395867,4.13888184942661
540.841581902471,204.725275426642,4.20220196035894
35.0735616821751,491.633790145639,2.9974452515632
278.812639334262,21.9249273545713,3.70613293663005
534.033433156843,395.981188429873,3.53174519380747
72.0600921154459,73.0630331389436,5.26392171124213
5.08137592557474,74.2575975889237,3.43231015715914
587.601071385946,226.2597757585,3.99578253419876
444.479116527153,457.824830355807,4.81184248595822
659.031391363171,373.02238902871,2.93199684741027
105.293903972409,483.731280021829,4.28614202834281
622.782358001062,91.1509071215022,4.08526040159416
419.358713866027,260.431839194226,3.60048022612161
12.1596068213879,180.894982720255,3.20338614852579
66.9044257567013,117.642320019122,4.50911881086264
615.712996435756,197.505947331162,4.01841992120765
254.255528197631,221.168113451577,3.75880252377224
566.083263150905,434.691392022896,3.70117527727267
302.816874499123,137.43724806228,3.84618993490003
525.345113117608,459.774542068402,3.60904931700823
43.5252126172436,417.008998689518,4.0270479167603
198.206054947834,304.916384173696,4.26165800833012
547.750085249176,257.602463854072,3.66826060087358
169.822548986239,31.9204694534129,4.48649052259748
508.828440698139,343.457965554022,4.48706746815692
39.9967390033927,54.0598425412491,3.76617678770392
540.643538111438,148.466622286291,4.63360929116673
NA,NA,NA
